gene_id,total_unsp,total_sp,total
WBGene00000001.,16,775,791
WBGene00000002.,33,743,776
WBGene00000003.,4,479,483
WBGene00000004.,171,1506,1677
WBGene00000005.,3,7,10
WBGene00000006.,258,2290,2548
WBGene00000007.,8,42,50
WBGene00000008.,22,7,29
WBGene00000009.,12,17,29
WBGene00000010.,29,324,353
WBGene00000012.,16,26,42
WBGene00000013.,0,142,142
WBGene00000014.,3,2,5
WBGene00000015.,1,47,48
WBGene00000016.,9,604,613
WBGene00000017.,10,3145,3155
WBGene00000018.,285,1226,1511
WBGene00000019.,16,7,23
WBGene00000020.,140,404,544
WBGene00000021.,8,1,9
WBGene00000022.,7,119,126
WBGene00000023.,8,23,31
WBGene00000024.,0,7,7
WBGene00000025.,0,7,7
WBGene00000026.,0,0,0
WBGene00000027.,0,0,0
WBGene00000028.,0,0,0
WBGene00000029.,0,2,2
WBGene00000030.,0,31,31
WBGene00000031.,1,199,200
WBGene00000032.,0,0,0
WBGene00000033.,1,16,17
WBGene00000034.,3,42,45
WBGene00000035.,267,884,1151
WBGene00000036.,82,406,488
WBGene00000037.,64,1280,1344
WBGene00000038.,50,84,134
WBGene00000039.,22,1055,1077
WBGene00000040.,42,4481,4523
WBGene00000041.,483,16516,16999
WBGene00000042.,50,202,252
WBGene00000043.,26,108,134
WBGene00000044.,42,117,159
WBGene00000045.,6,24,30
WBGene00000046.,53,90,143
WBGene00000047.,138,895,1033
WBGene00000048.,20,74,94
WBGene00000049.,3,8,11
WBGene00000050.,5,30,35
WBGene00000051.,43,221,264
WBGene00000053.,19,31,50
WBGene00000054.,47,371,418
WBGene00000055.,11,262,273
WBGene00000056.,22,89,111
WBGene00000057.,74,145,219
WBGene00000058.,110,235,345
WBGene00000059.,20,74,94
WBGene00000060.,70,157,227
WBGene00000061.,15,37,52
WBGene00000062.,57,81,138
WBGene00000063.,3,137231,137234
WBGene00000064.,286,15013,15299
WBGene00000065.,487,142153,142640
WBGene00000066.,1357,190569,191926
WBGene00000067.,88,2266,2354
WBGene00000068.,1493,1440,2933
WBGene00000069.,28,164,192
WBGene00000070.,293,1496,1789
WBGene00000071.,31,157,188
WBGene00000072.,98,851,949
WBGene00000073.,55,496,551
WBGene00000074.,138,681,819
WBGene00000075.,19,173,192
WBGene00000079.,234,1616,1850
WBGene00000080.,32,1013,1045
WBGene00000081.,48,329,377
WBGene00000082.,54,74,128
WBGene00000083.,243,2680,2923
WBGene00000084.,37,37,74
WBGene00000085.,44,423,467
WBGene00000086.,85,808,893
WBGene00000088.,58,151,209
WBGene00000089.,98,2137,2235
WBGene00000090.,84,869,953
WBGene00000092.,268,2502,2770
WBGene00000093.,58,739,797
WBGene00000094.,88,898,986
WBGene00000095.,157,2180,2337
WBGene00000096.,324,896,1220
WBGene00000097.,113,1807,1920
WBGene00000098.,31,1202,1233
WBGene00000099.,68,1145,1213
WBGene00000100.,358,3758,4116
WBGene00000101.,127,1768,1895
WBGene00000102.,428,5051,5479
WBGene00000103.,115,1623,1738
WBGene00000105.,51,2989,3040
WBGene00000106.,81,1481,1562
WBGene00000107.,599,6595,7194
WBGene00000108.,7,6,13
WBGene00000109.,17,852,869
WBGene00000110.,94,2254,2348
WBGene00000111.,91,462,553
WBGene00000112.,259,4016,4275
WBGene00000113.,42,521,563
WBGene00000114.,302,50143,50445
WBGene00000115.,49,1766,1815
WBGene00000116.,114,701,815
WBGene00000117.,253,528,781
WBGene00000118.,18,9114,9132
WBGene00000120.,6,3054,3060
WBGene00000121.,43,2505,2548
WBGene00000122.,73,8685,8758
WBGene00000123.,247,4969,5216
WBGene00000133.,2,20,22
WBGene00000134.,61,143,204
WBGene00000135.,15,139,154
WBGene00000136.,14,73,87
WBGene00000137.,85,472,557
WBGene00000138.,36,331,367
WBGene00000139.,56,48,104
WBGene00000140.,776,40376,41152
WBGene00000142.,46,1008,1054
WBGene00000143.,137,710,847
WBGene00000144.,55,451,506
WBGene00000145.,1,510,511
WBGene00000146.,274,2488,2762
WBGene00000147.,9,580,589
WBGene00000148.,110,1086,1196
WBGene00000149.,383,10071,10454
WBGene00000150.,94,972,1066
WBGene00000151.,22,834,856
WBGene00000155.,20,900,920
WBGene00000156.,65,955,1020
WBGene00000157.,98,2648,2746
WBGene00000158.,447,2219,2666
WBGene00000159.,38,3140,3178
WBGene00000160.,536,1703,2239
WBGene00000161.,32,2263,2295
WBGene00000162.,413,1994,2407
WBGene00000163.,93,2158,2251
WBGene00000164.,145,1091,1236
WBGene00000165.,40,1255,1295
WBGene00000166.,30,281,311
WBGene00000168.,393,264,657
WBGene00000169.,12,264,276
WBGene00000170.,813,24962,25775
WBGene00000171.,10,1,11
WBGene00000172.,42,153,195
WBGene00000173.,9,70,79
WBGene00000174.,7,59,66
WBGene00000175.,2067,31855,33922
WBGene00000176.,22,1768,1790
WBGene00000177.,253,1567,1820
WBGene00000178.,208,2005,2213
WBGene00000179.,339,1960,2299
WBGene00000180.,53,769,822
WBGene00000181.,861,5346,6207
WBGene00000182.,196,13805,14001
WBGene00000183.,259,15149,15408
WBGene00000184.,152,1384,1536
WBGene00000185.,5,23,28
WBGene00000186.,524,4314,4838
WBGene00000187.,6,1384,1390
WBGene00000188.,0,190,190
WBGene00000189.,13,466,479
WBGene00000190.,5,39,44
WBGene00000191.,11,91,102
WBGene00000192.,24,2277,2301
WBGene00000193.,12,156,168
WBGene00000195.,80,1249,1329
WBGene00000196.,154,1454,1608
WBGene00000197.,54,3880,3934
WBGene00000198.,170,1980,2150
WBGene00000199.,268,3409,3677
WBGene00000200.,94,2517,2611
WBGene00000201.,533,4186,4719
WBGene00000202.,7,662,669
WBGene00000203.,17,2315,2332
WBGene00000204.,78,2597,2675
WBGene00000205.,13,1798,1811
WBGene00000206.,112,2270,2382
WBGene00000207.,1379,41686,43065
WBGene00000208.,390,846,1236
WBGene00000209.,1317,15668,16985
WBGene00000210.,4182,43276,47458
WBGene00000211.,162,555,717
WBGene00000212.,18,67,85
WBGene00000213.,15,42,57
WBGene00000214.,0,6416,6416
WBGene00000215.,50,722,772
WBGene00000216.,14,2192,2206
WBGene00000217.,1714,18266,19980
WBGene00000218.,28,1797,1825
WBGene00000219.,3,1864,1867
WBGene00000220.,48,827,875
WBGene00000221.,0,1986,1986
WBGene00000222.,105,1262,1367
WBGene00000223.,671,5128,5799
WBGene00000224.,294,3954,4248
WBGene00000225.,223,2279,2502
WBGene00000226.,185,1632,1817
WBGene00000227.,207,1047,1254
WBGene00000228.,630,13967,14597
WBGene00000229.,2658,98800,101458
WBGene00000230.,294,38900,39194
WBGene00000231.,218,2308,2526
WBGene00000232.,170,1260,1430
WBGene00000233.,139,523,662
WBGene00000235.,7,8096,8103
WBGene00000236.,246,1824,2070
WBGene00000237.,102,577,679
WBGene00000238.,66,629,695
WBGene00000239.,98,508,606
WBGene00000240.,407,2162,2569
WBGene00000241.,25,107,132
WBGene00000242.,38,284,322
WBGene00000244.,51,288,339
WBGene00000245.,278,5555,5833
WBGene00000246.,36,81,117
WBGene00000247.,64,1434,1498
WBGene00000248.,376,3923,4299
WBGene00000249.,30,2120,2150
WBGene00000250.,11,191,202
WBGene00000251.,1,6,7
WBGene00000252.,0,4,4
WBGene00000253.,60,376,436
WBGene00000254.,377,1932,2309
WBGene00000255.,6,14,20
WBGene00000256.,0,26,26
WBGene00000257.,83,1497,1580
WBGene00000259.,90,882,972
WBGene00000262.,16,698,714
WBGene00000263.,5183,48334,53517
WBGene00000264.,206,539,745
WBGene00000265.,117,503,620
WBGene00000266.,285,3791,4076
WBGene00000267.,36,168,204
WBGene00000268.,467,1019,1486
WBGene00000269.,130,748,878
WBGene00000270.,24,363,387
WBGene00000271.,35,752,787
WBGene00000272.,23,250,273
WBGene00000273.,119,3538,3657
WBGene00000274.,227,912,1139
WBGene00000275.,36,1356,1392
WBGene00000276.,181,4639,4820
WBGene00000277.,1686,16964,18650
WBGene00000279.,14,206,220
WBGene00000280.,62,417,479
WBGene00000281.,52,3365,3417
WBGene00000282.,276,3533,3809
WBGene00000283.,109,2456,2565
WBGene00000284.,23,1003,1026
WBGene00000285.,287,4592,4879
WBGene00000286.,887,9416,10303
WBGene00000287.,37,114,151
WBGene00000288.,180,2096,2276
WBGene00000289.,333,2073,2406
WBGene00000292.,378,6195,6573
WBGene00000293.,331,8485,8816
WBGene00000294.,197,4861,5058
WBGene00000295.,60,470,530
WBGene00000296.,33,181,214
WBGene00000298.,11,708,719
WBGene00000301.,9,11472,11481
WBGene00000302.,8,59,67
WBGene00000308.,4,1,5
WBGene00000310.,0,0,0
WBGene00000311.,0,0,0
WBGene00000366.,233,4797,5030
WBGene00000367.,402,1463,1865
WBGene00000368.,293,3244,3537
WBGene00000369.,5,2129,2134
WBGene00000370.,3880,16145,20025
WBGene00000371.,3830,59056,62886
WBGene00000372.,3,20,23
WBGene00000373.,67,575,642
WBGene00000374.,147,1154,1301
WBGene00000375.,32,232,264
WBGene00000376.,403,1454,1857
WBGene00000377.,130,14674,14804
WBGene00000378.,34,12802,12836
WBGene00000379.,1060,15948,17008
WBGene00000380.,848,27447,28295
WBGene00000381.,121,11910,12031
WBGene00000382.,21,785,806
WBGene00000383.,97,3115,3212
WBGene00000386.,19,297,316
WBGene00000387.,827,748,1575
WBGene00000388.,2,14,16
WBGene00000389.,0,1,1
WBGene00000390.,151,5696,5847
WBGene00000391.,97,599,696
WBGene00000392.,0,54,54
WBGene00000393.,75,702,777
WBGene00000395.,55,434,489
WBGene00000396.,97,2903,3000
WBGene00000397.,5,43,48
WBGene00000399.,37,577,614
WBGene00000401.,20,65,85
WBGene00000402.,169,496,665
WBGene00000403.,673,9957,10630
WBGene00000405.,82,3710,3792
WBGene00000406.,35,385,420
WBGene00000407.,201,823,1024
WBGene00000408.,390,1384,1774
WBGene00000409.,116,1163,1279
WBGene00000410.,191,1337,1528
WBGene00000411.,33,2806,2839
WBGene00000412.,21,179,200
WBGene00000413.,65,667,732
WBGene00000414.,258,7176,7434
WBGene00000415.,1196,1796,2992
WBGene00000416.,31,1106,1137
WBGene00000417.,96,106,202
WBGene00000418.,25,438,463
WBGene00000419.,241,1570,1811
WBGene00000420.,65,865,930
WBGene00000421.,278,1731,2009
WBGene00000422.,17,83,100
WBGene00000423.,58,733,791
WBGene00000424.,103,1419,1522
WBGene00000425.,11,198,209
WBGene00000426.,274,1023,1297
WBGene00000427.,5,11,16
WBGene00000428.,1,29,30
WBGene00000429.,53,245,298
WBGene00000430.,22,245,267
WBGene00000431.,28,699,727
WBGene00000432.,2,2,4
WBGene00000433.,86,577,663
WBGene00000434.,14,122,136
WBGene00000435.,8,124,132
WBGene00000436.,18,149,167
WBGene00000437.,112,2061,2173
WBGene00000438.,30,90,120
WBGene00000439.,65,356,421
WBGene00000440.,4,98,102
WBGene00000441.,518,1286,1804
WBGene00000442.,14,189,203
WBGene00000443.,181,4655,4836
WBGene00000444.,19,244,263
WBGene00000445.,16,149,165
WBGene00000446.,21,539,560
WBGene00000447.,48,205,253
WBGene00000448.,136,1775,1911
WBGene00000449.,164,684,848
WBGene00000450.,5,13,18
WBGene00000451.,5,187,192
WBGene00000452.,9,781,790
WBGene00000453.,58,1039,1097
WBGene00000454.,19,420,439
WBGene00000455.,97,1639,1736
WBGene00000457.,5,52,57
WBGene00000458.,80,752,832
WBGene00000459.,103,1637,1740
WBGene00000460.,10,204,214
WBGene00000461.,8,35,43
WBGene00000462.,10,342,352
WBGene00000463.,82,825,907
WBGene00000464.,0,74,74
WBGene00000465.,2,79,81
WBGene00000466.,304,1951,2255
WBGene00000467.,36,405,441
WBGene00000468.,34,244,278
WBGene00000469.,16,58,74
WBGene00000472.,116,39959,40075
WBGene00000473.,8,830,838
WBGene00000474.,6,853,859
WBGene00000475.,110,28983,29093
WBGene00000476.,114,998,1112
WBGene00000477.,43,193,236
WBGene00000478.,62,483,545
WBGene00000479.,43,2747,2790
WBGene00000480.,135,1255,1390
WBGene00000481.,50,530,580
WBGene00000482.,182,4545,4727
WBGene00000483.,13,10,23
WBGene00000484.,92,181,273
WBGene00000485.,106,906,1012
WBGene00000487.,35,41,76
WBGene00000488.,111,244,355
WBGene00000490.,37,326,363
WBGene00000491.,159,645,804
WBGene00000492.,243,475,718
WBGene00000493.,50,270,320
WBGene00000496.,39,155,194
WBGene00000497.,29,81,110
WBGene00000498.,5,710,715
WBGene00000499.,45,93,138
WBGene00000500.,65,1287,1352
WBGene00000501.,57,568,625
WBGene00000502.,79,2336,2415
WBGene00000503.,0,8,8
WBGene00000506.,228,1091,1319
WBGene00000507.,107,740,847
WBGene00000508.,34,1322,1356
WBGene00000509.,211,1639,1850
WBGene00000510.,226,1963,2189
WBGene00000511.,95,389,484
WBGene00000512.,56,427,483
WBGene00000513.,14,210,224
WBGene00000514.,91,550,641
WBGene00000515.,16,243,259
WBGene00000516.,0,3883,3883
WBGene00000517.,80,424,504
WBGene00000518.,1163,1194,2357
WBGene00000519.,422,559,981
WBGene00000520.,74,650,724
WBGene00000521.,4,49,53
WBGene00000522.,52,171,223
WBGene00000523.,61,464,525
WBGene00000524.,58,846,904
WBGene00000525.,12,7,19
WBGene00000526.,12,472,484
WBGene00000527.,267,1215,1482
WBGene00000528.,209,834,1043
WBGene00000529.,231,351,582
WBGene00000530.,29,71,100
WBGene00000531.,38,69,107
WBGene00000532.,33,1337,1370
WBGene00000533.,12,279,291
WBGene00000534.,49,12402,12451
WBGene00000535.,261,6224,6485
WBGene00000536.,74,562,636
WBGene00000537.,14,363,377
WBGene00000539.,12,40,52
WBGene00000540.,63,283,346
WBGene00000541.,49,49,98
WBGene00000542.,460,4766,5226
WBGene00000543.,110,574,684
WBGene00000544.,43,6,49
WBGene00000545.,677,2398,3075
WBGene00000546.,8,10,18
WBGene00000547.,195,1087,1282
WBGene00000548.,151,2626,2777
WBGene00000549.,25,1888,1913
WBGene00000550.,84,9807,9891
WBGene00000551.,0,0,0
WBGene00000552.,1783,33536,35319
WBGene00000553.,1118,1677,2795
WBGene00000554.,674,7717,8391
WBGene00000555.,0,0,0
WBGene00000556.,66,599,665
WBGene00000557.,194,5110,5304
WBGene00000558.,244,3940,4184
WBGene00000559.,0,1,1
WBGene00000560.,3,2,5
WBGene00000561.,8,760,768
WBGene00000562.,59,261,320
WBGene00000563.,19,11,30
WBGene00000564.,169,952,1121
WBGene00000565.,415,453,868
WBGene00000566.,549,1640,2189
WBGene00000567.,205,4996,5201
WBGene00000583.,316,3383,3699
WBGene00000584.,13,283,296
WBGene00000585.,125,1609,1734
WBGene00000591.,206,1246,1452
WBGene00000592.,16,199,215
WBGene00000593.,0,14,14
WBGene00000594.,0,5447,5447
WBGene00000596.,0,0,0
WBGene00000597.,8,74,82
WBGene00000598.,0,13,13
WBGene00000599.,39,3522,3561
WBGene00000601.,0,135,135
WBGene00000602.,0,78,78
WBGene00000603.,1,400,401
WBGene00000606.,267,1802,2069
WBGene00000608.,0,1,1
WBGene00000609.,0,3,3
WBGene00000610.,16,215,231
WBGene00000611.,112,1107,1219
WBGene00000612.,0,5,5
WBGene00000613.,0,17,17
WBGene00000614.,4,9,13
WBGene00000615.,0,10,10
WBGene00000616.,0,691,691
WBGene00000617.,0,3,3
WBGene00000618.,1,458,459
WBGene00000620.,4,4,8
WBGene00000621.,0,10,10
WBGene00000622.,3,44,47
WBGene00000623.,35,229,264
WBGene00000624.,24,78,102
WBGene00000625.,25,156,181
WBGene00000626.,0,1,1
WBGene00000627.,0,2,2
WBGene00000628.,0,9,9
WBGene00000629.,18,3,21
WBGene00000630.,30,152,182
WBGene00000631.,0,127,127
WBGene00000632.,3,210,213
WBGene00000633.,17,95,112
WBGene00000634.,3,83,86
WBGene00000636.,8,12,20
WBGene00000637.,5,296,301
WBGene00000638.,0,3,3
WBGene00000639.,1,123,124
WBGene00000640.,9,38,47
WBGene00000641.,10,1522,1532
WBGene00000642.,1,7,8
WBGene00000644.,1,47,48
WBGene00000645.,36,270,306
WBGene00000646.,3,8,11
WBGene00000647.,1,118,119
WBGene00000648.,45,5,50
WBGene00000649.,56,454,510
WBGene00000650.,0,9,9
WBGene00000651.,8,60,68
WBGene00000652.,14,110,124
WBGene00000653.,0,121,121
WBGene00000654.,9,11,20
WBGene00000655.,1,117,118
WBGene00000656.,13,2350,2363
WBGene00000657.,9,21,30
WBGene00000658.,3,8,11
WBGene00000659.,4,7,11
WBGene00000660.,3,2,5
WBGene00000661.,3,12,15
WBGene00000662.,11,22,33
WBGene00000663.,0,24,24
WBGene00000664.,0,446,446
WBGene00000665.,144,1280,1424
WBGene00000666.,1,139,140
WBGene00000667.,0,122,122
WBGene00000668.,0,579,579
WBGene00000669.,9,2639,2648
WBGene00000670.,0,31,31
WBGene00000671.,0,21,21
WBGene00000672.,1,263,264
WBGene00000673.,10,16606,16616
WBGene00000674.,74,380,454
WBGene00000675.,0,62,62
WBGene00000676.,0,8,8
WBGene00000677.,27,15473,15500
WBGene00000678.,1,154,155
WBGene00000679.,7,96,103
WBGene00000680.,0,3,3
WBGene00000681.,4,8670,8674
WBGene00000682.,0,38,38
WBGene00000683.,22,234,256
WBGene00000684.,12,42,54
WBGene00000685.,7,254,261
WBGene00000687.,11,155,166
WBGene00000688.,2,167,169
WBGene00000689.,28,108,136
WBGene00000690.,0,1,1
WBGene00000691.,0,4906,4906
WBGene00000692.,226,2369,2595
WBGene00000693.,0,3,3
WBGene00000694.,0,20,20
WBGene00000695.,1,6,7
WBGene00000696.,0,2,2
WBGene00000697.,4,9,13
WBGene00000698.,0,60,60
WBGene00000699.,2,1681,1683
WBGene00000700.,0,1,1
WBGene00000701.,0,5,5
WBGene00000702.,20,145,165
WBGene00000703.,7,238,245
WBGene00000704.,0,472,472
WBGene00000705.,6,51,57
WBGene00000706.,1,26,27
WBGene00000707.,0,14,14
WBGene00000708.,2,16,18
WBGene00000709.,2,1,3
WBGene00000710.,1,6,7
WBGene00000711.,0,1,1
WBGene00000712.,0,4,4
WBGene00000713.,1,28,29
WBGene00000714.,4,31,35
WBGene00000715.,3,32,35
WBGene00000716.,0,2,2
WBGene00000717.,15,1615,1630
WBGene00000718.,0,28,28
WBGene00000719.,0,52,52
WBGene00000720.,6,15928,15934
WBGene00000721.,1,36,37
WBGene00000722.,35,5008,5043
WBGene00000723.,0,76,76
WBGene00000724.,5,35,40
WBGene00000725.,0,23,23
WBGene00000726.,64,166,230
WBGene00000727.,0,826,826
WBGene00000728.,2,921,923
WBGene00000729.,0,28,28
WBGene00000730.,0,38,38
WBGene00000731.,7,136,143
WBGene00000732.,7,69,76
WBGene00000733.,4,30,34
WBGene00000734.,0,54,54
WBGene00000735.,1,16,17
WBGene00000736.,0,4,4
WBGene00000737.,1,51,52
WBGene00000738.,0,4,4
WBGene00000739.,0,18388,18388
WBGene00000740.,0,5176,5176
WBGene00000741.,0,4803,4803
WBGene00000742.,0,941,941
WBGene00000743.,0,286,286
WBGene00000744.,0,0,0
WBGene00000745.,5,116,121
WBGene00000746.,13,80,93
WBGene00000747.,0,129,129
WBGene00000748.,0,59,59
WBGene00000749.,0,217,217
WBGene00000750.,8,102,110
WBGene00000751.,0,14,14
WBGene00000752.,0,1,1
WBGene00000753.,0,111,111
WBGene00000754.,0,23,23
WBGene00000755.,0,41,41
WBGene00000756.,0,7,7
WBGene00000757.,0,4,4
WBGene00000758.,0,0,0
WBGene00000759.,36,178,214
WBGene00000760.,11,28,39
WBGene00000761.,76,1476,1552
WBGene00000762.,139,845,984
WBGene00000763.,221,1666,1887
WBGene00000764.,31,376,407
WBGene00000765.,9,2772,2781
WBGene00000766.,37,1408,1445
WBGene00000767.,225,3305,3530
WBGene00000768.,362,4079,4441
WBGene00000770.,2,22,24
WBGene00000771.,1,8,9
WBGene00000772.,4,171,175
WBGene00000773.,125,1658,1783
WBGene00000774.,51,1897,1948
WBGene00000775.,115,300,415
WBGene00000776.,377,13397,13774
WBGene00000777.,41,3017,3058
WBGene00000778.,15,432,447
WBGene00000779.,7225,98508,105733
WBGene00000780.,59,621,680
WBGene00000781.,4,672,676
WBGene00000782.,0,1,1
WBGene00000783.,9,147,156
WBGene00000784.,2,524,526
WBGene00000785.,12,2066,2078
WBGene00000786.,47,513,560
WBGene00000787.,22,1458,1480
WBGene00000788.,50,4318,4368
WBGene00000789.,13,575,588
WBGene00000792.,55,201,256
WBGene00000793.,3210,2327,5537
WBGene00000794.,52,1591,1643
WBGene00000795.,28,746,774
WBGene00000796.,254,2365,2619
WBGene00000797.,3,48,51
WBGene00000798.,9,1256,1265
WBGene00000799.,8,57,65
WBGene00000800.,186,3561,3747
WBGene00000801.,122,997,1119
WBGene00000802.,1384,99739,101123
WBGene00000803.,13,126,139
WBGene00000804.,9,1150,1159
WBGene00000812.,278,1057,1335
WBGene00000813.,143,1515,1658
WBGene00000814.,178,2178,2356
WBGene00000815.,284,1378,1662
WBGene00000816.,221,1170,1391
WBGene00000817.,29,1045,1074
WBGene00000818.,76,1043,1119
WBGene00000819.,12,16,28
WBGene00000820.,77,310,387
WBGene00000821.,3,1,4
WBGene00000822.,2400,31440,33840
WBGene00000829.,0,141461,141461
WBGene00000830.,0,1,1
WBGene00000831.,0,191,191
WBGene00000832.,568,3206,3774
WBGene00000833.,153,38163,38316
WBGene00000834.,1018,1731,2749
WBGene00000835.,179,3418,3597
WBGene00000836.,81,1290,1371
WBGene00000837.,174,1567,1741
WBGene00000838.,98,869,967
WBGene00000839.,70,1534,1604
WBGene00000840.,179,2005,2184
WBGene00000841.,19,76,95
WBGene00000843.,57,3806,3863
WBGene00000845.,864,9351,10215
WBGene00000846.,130,540,670
WBGene00000851.,4,24,28
WBGene00000853.,9,3,12
WBGene00000854.,314,2101,2415
WBGene00000857.,30,1379,1409
WBGene00000858.,133,2241,2374
WBGene00000859.,4,39,43
WBGene00000860.,17,186,203
WBGene00000861.,6,19,25
WBGene00000862.,72,110,182
WBGene00000863.,37,1224,1261
WBGene00000864.,0,5,5
WBGene00000865.,8,720,728
WBGene00000866.,0,24,24
WBGene00000867.,0,14,14
WBGene00000868.,30,2728,2758
WBGene00000869.,266,13808,14074
WBGene00000870.,84,1337,1421
WBGene00000871.,45,438,483
WBGene00000872.,60,1269,1329
WBGene00000874.,79,1750,1829
WBGene00000875.,36,1476,1512
WBGene00000876.,250,2714,2964
WBGene00000877.,50,15493,15543
WBGene00000878.,21,103,124
WBGene00000879.,1746,44230,45976
WBGene00000880.,75,1579,1654
WBGene00000881.,14,21775,21789
WBGene00000882.,2,2751,2753
WBGene00000883.,5398,126171,131569
WBGene00000884.,89,2645,2734
WBGene00000885.,327,475,802
WBGene00000886.,84,1394,1478
WBGene00000887.,249,1969,2218
WBGene00000888.,91,1605,1696
WBGene00000889.,140,1610,1750
WBGene00000890.,90,731,821
WBGene00000891.,182,1755,1937
WBGene00000892.,140,869,1009
WBGene00000893.,29,71,100
WBGene00000894.,312,2649,2961
WBGene00000895.,53,94,147
WBGene00000896.,461,9979,10440
WBGene00000897.,163,796,959
WBGene00000898.,1567,2044,3611
WBGene00000899.,152,1646,1798
WBGene00000900.,383,2011,2394
WBGene00000901.,1231,4163,5394
WBGene00000902.,13,160,173
WBGene00000903.,14,1122,1136
WBGene00000904.,47,243,290
WBGene00000905.,49,873,922
WBGene00000906.,178,382,560
WBGene00000907.,34,202,236
WBGene00000908.,680,1385,2065
WBGene00000910.,519,3040,3559
WBGene00000911.,330,2717,3047
WBGene00000912.,901,2913,3814
WBGene00000913.,66,968,1034
WBGene00000914.,596,1311,1907
WBGene00000915.,926,91653,92579
WBGene00000917.,319,3577,3896
WBGene00000920.,25,2189,2214
WBGene00000923.,52,3842,3894
WBGene00000928.,46,3203,3249
WBGene00000929.,139,1342,1481
WBGene00000930.,0,28,28
WBGene00000931.,256,11627,11883
WBGene00000932.,6,93,99
WBGene00000933.,349,2526,2875
WBGene00000934.,19,254,273
WBGene00000935.,7,522,529
WBGene00000936.,17,930,947
WBGene00000937.,18,613,631
WBGene00000938.,461,7234,7695
WBGene00000939.,257,2165,2422
WBGene00000940.,276,1902,2178
WBGene00000941.,1137,11037,12174
WBGene00000942.,337,9501,9838
WBGene00000950.,118,135,253
WBGene00000951.,6,96,102
WBGene00000952.,65,49,114
WBGene00000953.,52,202,254
WBGene00000955.,7,126,133
WBGene00000958.,140,905,1045
WBGene00000959.,265,1980,2245
WBGene00000960.,36,109,145
WBGene00000961.,43,1454,1497
WBGene00000962.,301,9748,10049
WBGene00000963.,189,1632,1821
WBGene00000964.,117,4685,4802
WBGene00000965.,54,1253,1307
WBGene00000966.,35,248,283
WBGene00000967.,123,303,426
WBGene00000968.,46,336,382
WBGene00000969.,11,1021,1032
WBGene00000970.,71,1946,2017
WBGene00000971.,1,13,14
WBGene00000972.,51,495,546
WBGene00000973.,69,1058,1127
WBGene00000974.,9,144,153
WBGene00000975.,549,2531,3080
WBGene00000976.,182,939,1121
WBGene00000977.,8,42,50
WBGene00000978.,41,3311,3352
WBGene00000979.,4,172,176
WBGene00000980.,290,1164,1454
WBGene00000981.,2,216,218
WBGene00000982.,606,6430,7036
WBGene00000983.,20,213,233
WBGene00000984.,101,1176,1277
WBGene00000985.,37,1488,1525
WBGene00000986.,0,73,73
WBGene00000987.,216,983,1199
WBGene00000988.,694,13954,14648
WBGene00000989.,9,42,51
WBGene00000990.,154,1054,1208
WBGene00000991.,144,1007,1151
WBGene00000992.,255,1433,1688
WBGene00000993.,263,1541,1804
WBGene00000994.,49,484,533
WBGene00000995.,32,947,979
WBGene00000996.,115,3000,3115
WBGene00000998.,1881,47852,49733
WBGene00001000.,2202,28285,30487
WBGene00001001.,295,2593,2888
WBGene00001002.,59,1422,1481
WBGene00001005.,58,31986,32044
WBGene00001006.,145,1747,1892
WBGene00001007.,435,5949,6384
WBGene00001008.,452,2715,3167
WBGene00001016.,22,310,332
WBGene00001017.,285,3865,4150
WBGene00001018.,301,3360,3661
WBGene00001019.,441,2422,2863
WBGene00001020.,56,1313,1369
WBGene00001021.,71,336,407
WBGene00001022.,34,311,345
WBGene00001023.,226,3844,4070
WBGene00001025.,197,2453,2650
WBGene00001026.,65,2217,2282
WBGene00001027.,240,1671,1911
WBGene00001028.,255,3406,3661
WBGene00001029.,543,5890,6433
WBGene00001030.,137,7587,7724
WBGene00001031.,47,4196,4243
WBGene00001032.,37,998,1035
WBGene00001033.,105,732,837
WBGene00001034.,81,1916,1997
WBGene00001035.,95,1622,1717
WBGene00001036.,27,745,772
WBGene00001037.,85,9218,9303
WBGene00001038.,395,6374,6769
WBGene00001039.,237,1136,1373
WBGene00001040.,34,905,939
WBGene00001041.,34,2158,2192
WBGene00001042.,747,2173,2920
WBGene00001043.,309,937,1246
WBGene00001044.,2,91,93
WBGene00001045.,118,1135,1253
WBGene00001046.,30,282,312
WBGene00001047.,418,5246,5664
WBGene00001048.,197,1230,1427
WBGene00001049.,48,653,701
WBGene00001050.,10,191,201
WBGene00001051.,3,3242,3245
WBGene00001052.,218,812,1030
WBGene00001053.,95,439,534
WBGene00001054.,125,726,851
WBGene00001055.,142,877,1019
WBGene00001056.,195,2428,2623
WBGene00001057.,28,1546,1574
WBGene00001058.,102,1224,1326
WBGene00001059.,13,436,449
WBGene00001060.,22,880,902
WBGene00001061.,63,1256,1319
WBGene00001062.,2,2,4
WBGene00001063.,13,26,39
WBGene00001064.,39,1782,1821
WBGene00001065.,2,2507,2509
WBGene00001066.,261,2947,3208
WBGene00001067.,0,2328,2328
WBGene00001068.,177,3895,4072
WBGene00001069.,15,1671,1686
WBGene00001070.,209,1300,1509
WBGene00001071.,94,1648,1742
WBGene00001072.,3,1053,1056
WBGene00001073.,288,4609,4897
WBGene00001074.,257,2978,3235
WBGene00001075.,17,40,57
WBGene00001076.,1,176,177
WBGene00001077.,132,3508,3640
WBGene00001078.,153,824,977
WBGene00001079.,18,267,285
WBGene00001080.,803,3004,3807
WBGene00001081.,173,4883,5056
WBGene00001082.,230,2412,2642
WBGene00001085.,153,2342,2495
WBGene00001086.,122,2955,3077
WBGene00001087.,1459,1331,2790
WBGene00001088.,592,12676,13268
WBGene00001089.,244,1614,1858
WBGene00001090.,50,690,740
WBGene00001091.,229,1262,1491
WBGene00001092.,0,69,69
WBGene00001093.,37,2407,2444
WBGene00001094.,52,7526,7578
WBGene00001095.,66,502,568
WBGene00001096.,8,159,167
WBGene00001099.,6,147,153
WBGene00001101.,492,3378,3870
WBGene00001102.,43,985,1028
WBGene00001103.,1,5,6
WBGene00001104.,3,6,9
WBGene00001105.,9,7,16
WBGene00001106.,9,27,36
WBGene00001107.,52,391,443
WBGene00001108.,2,13,15
WBGene00001109.,0,66,66
WBGene00001110.,5,222,227
WBGene00001111.,60,8,68
WBGene00001112.,88,934,1022
WBGene00001113.,1595,13360,14955
WBGene00001115.,452,1634,2086
WBGene00001116.,288,1975,2263
WBGene00001117.,47,425,472
WBGene00001118.,93,238,331
WBGene00001119.,52,286,338
WBGene00001121.,87,294,381
WBGene00001122.,52,1048,1100
WBGene00001123.,15,236,251
WBGene00001127.,67,378,445
WBGene00001129.,16,133,149
WBGene00001130.,106,1174,1280
WBGene00001131.,1219,9889,11108
WBGene00001132.,374,5148,5522
WBGene00001133.,6,8,14
WBGene00001134.,198,3805,4003
WBGene00001135.,93,937,1030
WBGene00001136.,30,34,64
WBGene00001137.,282,18615,18897
WBGene00001145.,1663,9714,11377
WBGene00001147.,0,2,2
WBGene00001148.,1609,418,2027
WBGene00001149.,184,13965,14149
WBGene00001150.,0,19,19
WBGene00001151.,79,1553,1632
WBGene00001152.,5,544,549
WBGene00001153.,11,1636,1647
WBGene00001154.,61,2235,2296
WBGene00001155.,3812,33609,37421
WBGene00001156.,75,498,573
WBGene00001157.,25,85,110
WBGene00001158.,3,5,8
WBGene00001159.,19,333,352
WBGene00001160.,61,2575,2636
WBGene00001161.,215,972,1187
WBGene00001162.,417,486,903
WBGene00001163.,156,2705,2861
WBGene00001164.,4,7,11
WBGene00001165.,63,294,357
WBGene00001166.,55,6195,6250
WBGene00001167.,6964,159092,166056
WBGene00001168.,10902,459446,470348
WBGene00001169.,182,88017,88199
WBGene00001170.,34,781,815
WBGene00001171.,161,339,500
WBGene00001172.,346,8912,9258
WBGene00001173.,2101,5799,7900
WBGene00001174.,21,289,310
WBGene00001175.,16,131,147
WBGene00001177.,1879,4173,6052
WBGene00001178.,350,1943,2293
WBGene00001179.,381,1712,2093
WBGene00001182.,211,1899,2110
WBGene00001184.,105,1232,1337
WBGene00001185.,6,289,295
WBGene00001186.,437,1818,2255
WBGene00001187.,290,3422,3712
WBGene00001188.,102,575,677
WBGene00001189.,999,13871,14870
WBGene00001190.,172,299,471
WBGene00001193.,3,326,329
WBGene00001194.,514,6306,6820
WBGene00001196.,772,17905,18677
WBGene00001202.,117,190,307
WBGene00001204.,49,236,285
WBGene00001207.,50,155,205
WBGene00001208.,427,1993,2420
WBGene00001209.,151,11191,11342
WBGene00001210.,51,3336,3387
WBGene00001211.,50,181,231
WBGene00001214.,22,511,533
WBGene00001215.,374,2093,2467
WBGene00001223.,4,8,12
WBGene00001224.,26,2120,2146
WBGene00001225.,38,6805,6843
WBGene00001226.,400,15753,16153
WBGene00001227.,1222,11300,12522
WBGene00001228.,34,3072,3106
WBGene00001229.,72,3935,4007
WBGene00001230.,67,7010,7077
WBGene00001231.,57,4171,4228
WBGene00001232.,244,3800,4044
WBGene00001233.,560,5697,6257
WBGene00001234.,12,6920,6932
WBGene00001235.,108,2908,3016
WBGene00001236.,69,1522,1591
WBGene00001237.,27,222,249
WBGene00001239.,217,6993,7210
WBGene00001240.,92,2249,2341
WBGene00001241.,281,4393,4674
WBGene00001242.,3,147,150
WBGene00001243.,46,830,876
WBGene00001244.,265,2359,2624
WBGene00001245.,1,2,3
WBGene00001246.,2,20,22
WBGene00001247.,57,222,279
WBGene00001248.,181,565,746
WBGene00001249.,26,950,976
WBGene00001250.,6,43,49
WBGene00001251.,59,1135,1194
WBGene00001252.,0,14,14
WBGene00001253.,133,1037,1170
WBGene00001258.,738,4612,5350
WBGene00001259.,125,4949,5074
WBGene00001262.,74,1628,1702
WBGene00001263.,1090,36602,37692
WBGene00001281.,60,1048,1108
WBGene00001284.,189,1578,1767
WBGene00001303.,385,35527,35912
WBGene00001309.,136,3347,3483
WBGene00001310.,16,3,19
WBGene00001311.,3,3,6
WBGene00001320.,13,1931,1944
WBGene00001324.,54,980,1034
WBGene00001325.,243,1212,1455
WBGene00001328.,215,13361,13576
WBGene00001329.,104,3373,3477
WBGene00001330.,374,1563,1937
WBGene00001331.,109,5529,5638
WBGene00001332.,84,573,657
WBGene00001333.,233,2551,2784
WBGene00001334.,393,2496,2889
WBGene00001335.,210,2004,2214
WBGene00001336.,366,5079,5445
WBGene00001337.,1042,8975,10017
WBGene00001338.,57,1482,1539
WBGene00001340.,439,3831,4270
WBGene00001345.,1008,1363,2371
WBGene00001352.,342,2913,3255
WBGene00001358.,48,393,441
WBGene00001362.,21,123,144
WBGene00001365.,249,1981,2230
WBGene00001366.,437,1915,2352
WBGene00001368.,232,1861,2093
WBGene00001371.,52,828,880
WBGene00001372.,85,470,555
WBGene00001373.,130,139,269
WBGene00001374.,454,1015,1469
WBGene00001377.,174,480,654
WBGene00001385.,65256,814886,880142
WBGene00001386.,1881,52402,54283
WBGene00001387.,9,69,78
WBGene00001388.,0,13,13
WBGene00001389.,43,706,749
WBGene00001390.,33,987,1020
WBGene00001391.,43,1415,1458
WBGene00001392.,245,16848,17093
WBGene00001393.,104,8246,8350
WBGene00001394.,61,6218,6279
WBGene00001395.,648,5694,6342
WBGene00001396.,93,3108,3201
WBGene00001397.,1,63,64
WBGene00001398.,69,1529,1598
WBGene00001399.,2,7,9
WBGene00001400.,17,241,258
WBGene00001401.,3,173,176
WBGene00001402.,4,196,200
WBGene00001403.,148,1246,1394
WBGene00001404.,1071,14882,15953
WBGene00001405.,18,1685,1703
WBGene00001406.,256,663,919
WBGene00001410.,149,424,573
WBGene00001411.,45,1141,1186
WBGene00001412.,26,811,837
WBGene00001413.,11,165,176
WBGene00001414.,6,30,36
WBGene00001423.,452,40153,40605
WBGene00001424.,1,3,4
WBGene00001425.,275,1943,2218
WBGene00001426.,277,9395,9672
WBGene00001427.,1809,82884,84693
WBGene00001428.,5,1833,1838
WBGene00001429.,24,754,778
WBGene00001430.,229,6032,6261
WBGene00001431.,116,6636,6752
WBGene00001432.,82,505,587
WBGene00001433.,118,1046,1164
WBGene00001434.,4,169,173
WBGene00001435.,2,1,3
WBGene00001436.,1,0,1
WBGene00001437.,1,84,85
WBGene00001438.,12,70,82
WBGene00001439.,1569,2544,4113
WBGene00001440.,28,359,387
WBGene00001441.,178,2307,2485
WBGene00001442.,6,119,125
WBGene00001443.,496,2614,3110
WBGene00001444.,14950,102314,117264
WBGene00001445.,100,1323,1423
WBGene00001446.,2,166,168
WBGene00001447.,110,1530,1640
WBGene00001448.,626,10918,11544
WBGene00001449.,470,3691,4161
WBGene00001450.,27,1270,1297
WBGene00001451.,327,3839,4166
WBGene00001452.,159,10489,10648
WBGene00001453.,6,1361,1367
WBGene00001454.,0,1321,1321
WBGene00001455.,147,3679,3826
WBGene00001456.,7,792,799
WBGene00001457.,2701,17161,19862
WBGene00001458.,260,3216,3476
WBGene00001459.,87,5231,5318
WBGene00001460.,38,1036,1074
WBGene00001461.,814,4541,5355
WBGene00001462.,113,8152,8265
WBGene00001463.,46,1746,1792
WBGene00001464.,254,5011,5265
WBGene00001465.,2,23,25
WBGene00001466.,4,452,456
WBGene00001468.,14,31,45
WBGene00001470.,117,2230,2347
WBGene00001475.,324,3691,4015
WBGene00001476.,25,65,90
WBGene00001477.,17,348,365
WBGene00001478.,20,164,184
WBGene00001479.,22,463,485
WBGene00001480.,1059,6330,7389
WBGene00001481.,28,270,298
WBGene00001482.,1,194,195
WBGene00001483.,3,128,131
WBGene00001484.,690,1367,2057
WBGene00001485.,362,663,1025
WBGene00001486.,40,585,625
WBGene00001487.,5,2,7
WBGene00001488.,847,27299,28146
WBGene00001489.,230,1240,1470
WBGene00001490.,193,1462,1655
WBGene00001491.,670,3805,4475
WBGene00001492.,89,41,130
WBGene00001493.,97,1387,1484
WBGene00001494.,510,1231,1741
WBGene00001495.,0,1,1
WBGene00001496.,836,2900,3736
WBGene00001497.,138,5237,5375
WBGene00001498.,465,4907,5372
WBGene00001499.,19,661,680
WBGene00001500.,15,82,97
WBGene00001501.,486,3594,4080
WBGene00001502.,820,48198,49018
WBGene00001503.,166,9972,10138
WBGene00001505.,32,286,318
WBGene00001506.,4,13,17
WBGene00001507.,20,119,139
WBGene00001508.,221,849,1070
WBGene00001509.,103,2182,2285
WBGene00001510.,184,1471,1655
WBGene00001511.,36,1086,1122
WBGene00001512.,82,254,336
WBGene00001513.,10,1241,1251
WBGene00001514.,21,296,317
WBGene00001515.,61,274,335
WBGene00001516.,598,2159,2757
WBGene00001517.,75,468,543
WBGene00001518.,298,1531,1829
WBGene00001519.,357,1629,1986
WBGene00001520.,189,8143,8332
WBGene00001522.,60,176,236
WBGene00001523.,102,1279,1381
WBGene00001526.,76,852,928
WBGene00001527.,30,1143,1173
WBGene00001528.,2,8,10
WBGene00001529.,5,8,13
WBGene00001530.,4,112,116
WBGene00001531.,8,21,29
WBGene00001532.,12,25,37
WBGene00001533.,25,30,55
WBGene00001534.,34,108,142
WBGene00001535.,20,136,156
WBGene00001536.,22,66,88
WBGene00001537.,427,740,1167
WBGene00001538.,67,677,744
WBGene00001539.,25,18,43
WBGene00001540.,8,24,32
WBGene00001541.,5,127,132
WBGene00001542.,23,82,105
WBGene00001543.,22,175,197
WBGene00001544.,48,142,190
WBGene00001545.,1,15,16
WBGene00001546.,13,58,71
WBGene00001547.,53,278,331
WBGene00001548.,18,109,127
WBGene00001549.,73,212,285
WBGene00001550.,8,40,48
WBGene00001551.,90,97,187
WBGene00001552.,136,878,1014
WBGene00001553.,240,1394,1634
WBGene00001554.,78,490,568
WBGene00001555.,392,1188,1580
WBGene00001556.,283,1513,1796
WBGene00001557.,206,1130,1336
WBGene00001558.,56,9003,9059
WBGene00001559.,198,961,1159
WBGene00001560.,29,157,186
WBGene00001561.,1020,6821,7841
WBGene00001562.,72,1883,1955
WBGene00001563.,103,2175,2278
WBGene00001564.,1117,42894,44011
WBGene00001565.,154,1664,1818
WBGene00001566.,86,1626,1712
WBGene00001568.,61,972,1033
WBGene00001569.,1,50,51
WBGene00001570.,144,2486,2630
WBGene00001571.,11,248,259
WBGene00001572.,630,4466,5096
WBGene00001574.,274,1986,2260
WBGene00001575.,32,188,220
WBGene00001577.,40,257,297
WBGene00001578.,26,109,135
WBGene00001579.,106,1452,1558
WBGene00001580.,63,1174,1237
WBGene00001581.,0,208,208
WBGene00001582.,327,1942,2269
WBGene00001583.,25,435,460
WBGene00001584.,259,893,1152
WBGene00001585.,62,1260,1322
WBGene00001586.,127,260,387
WBGene00001587.,164,393,557
WBGene00001588.,38,367,405
WBGene00001589.,295,1089,1384
WBGene00001590.,23,689,712
WBGene00001591.,0,27,27
WBGene00001592.,61,414,475
WBGene00001593.,38,167,205
WBGene00001594.,131,1128,1259
WBGene00001595.,4,186,190
WBGene00001596.,141,2263,2404
WBGene00001597.,8,166,174
WBGene00001598.,67,2310,2377
WBGene00001599.,6,205,211
WBGene00001600.,3,204,207
WBGene00001601.,6,429,435
WBGene00001602.,45,1155,1200
WBGene00001603.,0,9,9
WBGene00001604.,132,13160,13292
WBGene00001605.,0,5,5
WBGene00001606.,15,285,300
WBGene00001607.,10,160,170
WBGene00001608.,14,59,73
WBGene00001609.,20,342,362
WBGene00001612.,29,135,164
WBGene00001613.,150,387,537
WBGene00001614.,62,208,270
WBGene00001615.,197,565,762
WBGene00001616.,67,649,716
WBGene00001617.,239,642,881
WBGene00001618.,27,34,61
WBGene00001619.,24,119,143
WBGene00001620.,181,4319,4500
WBGene00001621.,28,178,206
WBGene00001622.,36,627,663
WBGene00001623.,8,205,213
WBGene00001624.,15,62,77
WBGene00001625.,15,42,57
WBGene00001626.,4,12,16
WBGene00001627.,51,396,447
WBGene00001628.,48,1002,1050
WBGene00001629.,346,1139,1485
WBGene00001630.,747,1252,1999
WBGene00001631.,242,1496,1738
WBGene00001632.,57,1633,1690
WBGene00001633.,122,868,990
WBGene00001635.,74,1481,1555
WBGene00001636.,166,575,741
WBGene00001637.,89,814,903
WBGene00001638.,41,430,471
WBGene00001639.,22,56,78
WBGene00001640.,18,1,19
WBGene00001641.,0,2,2
WBGene00001642.,1,0,1
WBGene00001643.,19,149,168
WBGene00001644.,2,49,51
WBGene00001645.,83,1008,1091
WBGene00001646.,0,1012,1012
WBGene00001647.,3,679,682
WBGene00001648.,477,9779,10256
WBGene00001649.,151,2058,2209
WBGene00001650.,425,2143,2568
WBGene00001651.,331,1196,1527
WBGene00001653.,163,1221,1384
WBGene00001660.,41,542,583
WBGene00001661.,124,1406,1530
WBGene00001662.,104,2734,2838
WBGene00001663.,62,385,447
WBGene00001664.,30,362,392
WBGene00001665.,19,262,281
WBGene00001666.,12,259,271
WBGene00001667.,8,22,30
WBGene00001668.,9,50,59
WBGene00001669.,335,1713,2048
WBGene00001670.,23,113,136
WBGene00001671.,80,1106,1186
WBGene00001672.,12,88,100
WBGene00001673.,37,74,111
WBGene00001674.,41,297,338
WBGene00001675.,9,26,35
WBGene00001676.,107,315,422
WBGene00001677.,29,223,252
WBGene00001678.,224,479,703
WBGene00001679.,531,13264,13795
WBGene00001680.,85,2463,2548
WBGene00001681.,16,759,775
WBGene00001682.,657,26878,27535
WBGene00001683.,41,505,546
WBGene00001684.,48,33374,33422
WBGene00001685.,34,41851,41885
WBGene00001686.,61,886,947
WBGene00001687.,8,46,54
WBGene00001688.,16,606,622
WBGene00001689.,16,587,603
WBGene00001690.,20,87,107
WBGene00001691.,1,7,8
WBGene00001692.,256,7874,8130
WBGene00001693.,2,12,14
WBGene00001694.,16,1752,1768
WBGene00001695.,17,99,116
WBGene00001696.,14,47,61
WBGene00001697.,5,6,11
WBGene00001698.,14,37,51
WBGene00001699.,221,24133,24354
WBGene00001700.,11,5,16
WBGene00001701.,5,91,96
WBGene00001702.,1341,10266,11607
WBGene00001703.,36,415,451
WBGene00001704.,8,73,81
WBGene00001705.,13,127,140
WBGene00001706.,7,184,191
WBGene00001707.,123,494,617
WBGene00001708.,405,2167,2572
WBGene00001709.,107,803,910
WBGene00001710.,21,193,214
WBGene00001711.,0,41,41
WBGene00001712.,2,11,13
WBGene00001713.,13,2078,2091
WBGene00001714.,14,522,536
WBGene00001715.,0,10,10
WBGene00001716.,49,394,443
WBGene00001717.,10,201,211
WBGene00001718.,3,85,88
WBGene00001719.,21,354,375
WBGene00001720.,6,3,9
WBGene00001721.,13,95,108
WBGene00001722.,5,8,13
WBGene00001723.,16,47,63
WBGene00001724.,73,652,725
WBGene00001725.,14,1256,1270
WBGene00001726.,1,4,5
WBGene00001727.,7,50,57
WBGene00001728.,0,3,3
WBGene00001729.,11,68,79
WBGene00001730.,0,121,121
WBGene00001731.,9,222,231
WBGene00001732.,3,14,17
WBGene00001733.,1,9,10
WBGene00001734.,0,2,2
WBGene00001735.,1,4,5
WBGene00001736.,3,9,12
WBGene00001737.,0,0,0
WBGene00001738.,0,0,0
WBGene00001739.,1,0,1
WBGene00001740.,117,448,565
WBGene00001743.,64,761,825
WBGene00001744.,213,4740,4953
WBGene00001745.,706,3131,3837
WBGene00001746.,313,3412,3725
WBGene00001747.,157,6015,6172
WBGene00001748.,484,7214,7698
WBGene00001749.,3,3044,3047
WBGene00001750.,130,907,1037
WBGene00001751.,101,1625,1726
WBGene00001752.,6,336,342
WBGene00001753.,287,12776,13063
WBGene00001754.,2,198,200
WBGene00001755.,154,15316,15470
WBGene00001756.,0,63,63
WBGene00001757.,29,119,148
WBGene00001758.,8,2059,2067
WBGene00001759.,37,636,673
WBGene00001760.,7,888,895
WBGene00001761.,24,376,400
WBGene00001762.,3,75,78
WBGene00001763.,3,135,138
WBGene00001764.,1,302,303
WBGene00001765.,1,0,1
WBGene00001766.,0,0,0
WBGene00001767.,2,194,196
WBGene00001768.,19,5488,5507
WBGene00001769.,21,451,472
WBGene00001770.,0,194,194
WBGene00001771.,2,152,154
WBGene00001772.,6,2864,2870
WBGene00001773.,8,184,192
WBGene00001774.,1,326,327
WBGene00001775.,4,827,831
WBGene00001776.,11,586,597
WBGene00001777.,2,11,13
WBGene00001778.,0,132,132
WBGene00001779.,0,100,100
WBGene00001780.,2,125,127
WBGene00001781.,30,810,840
WBGene00001782.,59,287,346
WBGene00001783.,43,244,287
WBGene00001784.,131,1388,1519
WBGene00001785.,0,4,4
WBGene00001786.,0,26,26
WBGene00001787.,0,1754,1754
WBGene00001788.,80,613,693
WBGene00001789.,5,1158,1163
WBGene00001790.,61,1178,1239
WBGene00001791.,172,1220,1392
WBGene00001792.,7,157,164
WBGene00001793.,814,3832,4646
WBGene00001794.,2881,26849,29730
WBGene00001795.,36,116,152
WBGene00001796.,79,244,323
WBGene00001803.,26,275,301
WBGene00001804.,34,66,100
WBGene00001805.,34,285,319
WBGene00001806.,29,88,117
WBGene00001808.,443,2714,3157
WBGene00001811.,30,212,242
WBGene00001812.,50,784,834
WBGene00001813.,141,1238,1379
WBGene00001814.,19,274,293
WBGene00001815.,63,504,567
WBGene00001816.,239,637,876
WBGene00001817.,25,541,566
WBGene00001818.,11,3,14
WBGene00001819.,28,250,278
WBGene00001820.,31,983,1014
WBGene00001821.,82,685,767
WBGene00001823.,89,1185,1274
WBGene00001824.,91,2344,2435
WBGene00001827.,83,1797,1880
WBGene00001828.,2,1,3
WBGene00001829.,26,1000,1026
WBGene00001830.,19,934,953
WBGene00001831.,12,1314,1326
WBGene00001832.,131,1330,1461
WBGene00001833.,136,2141,2277
WBGene00001834.,8,2480,2488
WBGene00001835.,1,646,647
WBGene00001836.,97,1080,1177
WBGene00001837.,889,1322,2211
WBGene00001838.,76,287,363
WBGene00001839.,36,58,94
WBGene00001840.,738,14562,15300
WBGene00001841.,23,542,565
WBGene00001842.,10,58,68
WBGene00001843.,362,2357,2719
WBGene00001844.,66,1266,1332
WBGene00001851.,382,8903,9285
WBGene00001852.,69,284,353
WBGene00001853.,225,40751,40976
WBGene00001854.,144,22614,22758
WBGene00001855.,7,4984,4991
WBGene00001856.,7,5201,5208
WBGene00001857.,0,110,110
WBGene00001858.,923,11529,12452
WBGene00001859.,13,14,27
WBGene00001860.,137,3112,3249
WBGene00001862.,0,150,150
WBGene00001863.,1014,10507,11521
WBGene00001864.,131,778,909
WBGene00001865.,37,301,338
WBGene00001867.,41,447,488
WBGene00001869.,15,1045,1060
WBGene00001872.,24,64,88
WBGene00001874.,27,954,981
WBGene00001875.,0,2500,2500
WBGene00001876.,0,1236,1236
WBGene00001877.,0,2487,2487
WBGene00001878.,0,1967,1967
WBGene00001879.,0,1631,1631
WBGene00001880.,0,1743,1743
WBGene00001881.,0,1837,1837
WBGene00001882.,0,473,473
WBGene00001883.,0,38,38
WBGene00001884.,0,0,0
WBGene00001885.,0,47,47
WBGene00001886.,0,0,0
WBGene00001887.,0,0,0
WBGene00001888.,0,0,0
WBGene00001889.,0,0,0
WBGene00001890.,0,124,124
WBGene00001891.,0,199,199
WBGene00001892.,0,1650,1650
WBGene00001893.,0,0,0
WBGene00001894.,0,0,0
WBGene00001895.,0,0,0
WBGene00001896.,0,0,0
WBGene00001898.,76,72378,72454
WBGene00001899.,0,50,50
WBGene00001900.,0,380,380
WBGene00001901.,0,0,0
WBGene00001902.,0,0,0
WBGene00001903.,0,2,2
WBGene00001904.,0,3,3
WBGene00001905.,0,655,655
WBGene00001906.,0,5786,5786
WBGene00001907.,0,0,0
WBGene00001908.,0,0,0
WBGene00001909.,1044,29628,30672
WBGene00001910.,431,15948,16379
WBGene00001911.,1137,51864,53001
WBGene00001912.,0,111,111
WBGene00001913.,0,9,9
WBGene00001914.,0,114,114
WBGene00001915.,831,36773,37604
WBGene00001916.,0,98,98
WBGene00001917.,0,0,0
WBGene00001918.,0,0,0
WBGene00001919.,0,17,17
WBGene00001920.,0,0,0
WBGene00001921.,0,10,10
WBGene00001922.,0,1415,1415
WBGene00001923.,0,0,0
WBGene00001924.,0,0,0
WBGene00001925.,0,0,0
WBGene00001926.,0,0,0
WBGene00001927.,0,0,0
WBGene00001928.,0,0,0
WBGene00001929.,0,7,7
WBGene00001930.,0,0,0
WBGene00001931.,67,2092,2159
WBGene00001932.,0,24,24
WBGene00001933.,0,4321,4321
WBGene00001934.,0,9043,9043
WBGene00001935.,0,1676,1676
WBGene00001936.,0,4044,4044
WBGene00001937.,0,1247,1247
WBGene00001938.,0,3802,3802
WBGene00001939.,0,18,18
WBGene00001940.,0,49,49
WBGene00001941.,0,708,708
WBGene00001942.,0,2103,2103
WBGene00001943.,0,22,22
WBGene00001944.,0,70,70
WBGene00001945.,117,8140,8257
WBGene00001946.,912,46846,47758
WBGene00001947.,0,0,0
WBGene00001948.,378,2087,2465
WBGene00001949.,19,1586,1605
WBGene00001950.,7,1042,1049
WBGene00001951.,21,264,285
WBGene00001952.,26,397,423
WBGene00001953.,40,294,334
WBGene00001954.,11,119,130
WBGene00001955.,211,4502,4713
WBGene00001956.,0,6,6
WBGene00001957.,111,621,732
WBGene00001958.,10,622,632
WBGene00001959.,6,124,130
WBGene00001960.,14,157,171
WBGene00001961.,30,188,218
WBGene00001962.,1,5,6
WBGene00001963.,7,41,48
WBGene00001964.,0,2,2
WBGene00001965.,0,2,2
WBGene00001966.,0,2,2
WBGene00001967.,0,0,0
WBGene00001968.,0,0,0
WBGene00001971.,180,46264,46444
WBGene00001972.,470,10110,10580
WBGene00001973.,5,499,504
WBGene00001974.,66,4040,4106
WBGene00001975.,72,1598,1670
WBGene00001976.,0,29,29
WBGene00001977.,4,1603,1607
WBGene00001978.,225,2474,2699
WBGene00001979.,41,1088,1129
WBGene00001980.,1711,2586,4297
WBGene00001981.,0,19,19
WBGene00001983.,81,932,1013
WBGene00001984.,98,391,489
WBGene00001985.,6,70,76
WBGene00001986.,109,934,1043
WBGene00001987.,541,453,994
WBGene00001988.,66,1090,1156
WBGene00001989.,117,795,912
WBGene00001990.,128,2314,2442
WBGene00001991.,17,239,256
WBGene00001992.,28,281,309
WBGene00001993.,25,2492,2517
WBGene00001994.,224,4399,4623
WBGene00001995.,51,1075,1126
WBGene00001996.,398,1355,1753
WBGene00001997.,155,310,465
WBGene00001998.,29,185,214
WBGene00001999.,102,19630,19732
WBGene00002000.,336,11223,11559
WBGene00002001.,274,3543,3817
WBGene00002002.,88,3360,3448
WBGene00002003.,58,421,479
WBGene00002004.,372,1142,1514
WBGene00002005.,449,69446,69895
WBGene00002006.,0,0,0
WBGene00002007.,614,28668,29282
WBGene00002008.,220,2580,2800
WBGene00002010.,57,8234,8291
WBGene00002011.,166,2987,3153
WBGene00002012.,9,423,432
WBGene00002013.,14,65,79
WBGene00002015.,0,0,0
WBGene00002016.,12,3391,3403
WBGene00002017.,0,862,862
WBGene00002018.,18,3660,3678
WBGene00002019.,0,6,6
WBGene00002020.,0,0,0
WBGene00002021.,75,771,846
WBGene00002023.,617,14506,15123
WBGene00002024.,44,724,768
WBGene00002025.,919,34004,34923
WBGene00002026.,3,153,156
WBGene00002027.,211,6333,6544
WBGene00002028.,20,446,466
WBGene00002029.,21,252,273
WBGene00002030.,44,194,238
WBGene00002031.,48,460,508
WBGene00002032.,14,239,253
WBGene00002033.,7,72,79
WBGene00002034.,4,257,261
WBGene00002035.,197,1300,1497
WBGene00002036.,201,1514,1715
WBGene00002037.,115,671,786
WBGene00002038.,255,1379,1634
WBGene00002039.,128,828,956
WBGene00002040.,225,1488,1713
WBGene00002041.,39,107,146
WBGene00002042.,30,332,362
WBGene00002043.,90,386,476
WBGene00002044.,36,1168,1204
WBGene00002045.,8147,96695,104842
WBGene00002046.,158,2029,2187
WBGene00002047.,70,1726,1796
WBGene00002048.,906,5288,6194
WBGene00002050.,174,1230,1404
WBGene00002051.,0,32,32
WBGene00002052.,40,595,635
WBGene00002053.,246,5887,6133
WBGene00002054.,18,669,687
WBGene00002055.,5,252,257
WBGene00002056.,181,713,894
WBGene00002057.,13,75,88
WBGene00002058.,4,92,96
WBGene00002059.,129,3346,3475
WBGene00002060.,66,6005,6071
WBGene00002061.,19,1708,1727
WBGene00002062.,60,1150,1210
WBGene00002063.,104,267,371
WBGene00002064.,1233,8498,9731
WBGene00002065.,828,113105,113933
WBGene00002066.,458,10566,11024
WBGene00002067.,28,184,212
WBGene00002068.,15,788,803
WBGene00002069.,370,2657,3027
WBGene00002070.,103,2564,2667
WBGene00002071.,53,3060,3113
WBGene00002072.,26,581,607
WBGene00002073.,11,1776,1787
WBGene00002074.,96,5068,5164
WBGene00002075.,162,1380,1542
WBGene00002076.,393,1229,1622
WBGene00002077.,299,12022,12321
WBGene00002078.,275,3926,4201
WBGene00002079.,28,871,899
WBGene00002080.,184,1508,1692
WBGene00002081.,44,1044,1088
WBGene00002083.,118,19916,20034
WBGene00002084.,28,1279,1307
WBGene00002085.,0,14,14
WBGene00002086.,24,741,765
WBGene00002087.,2,18,20
WBGene00002088.,2,194,196
WBGene00002089.,9,107,116
WBGene00002090.,0,2,2
WBGene00002091.,5,2,7
WBGene00002092.,5,50,55
WBGene00002093.,10,121,131
WBGene00002094.,11,56,67
WBGene00002095.,13,27,40
WBGene00002096.,3,15,18
WBGene00002097.,23,315,338
WBGene00002098.,0,31,31
WBGene00002099.,2,9,11
WBGene00002100.,77,4686,4763
WBGene00002101.,190,1281,1471
WBGene00002102.,2,7,9
WBGene00002103.,0,10,10
WBGene00002104.,1,9,10
WBGene00002105.,11,277,288
WBGene00002106.,0,1,1
WBGene00002107.,20,142,162
WBGene00002108.,24,84,108
WBGene00002109.,70,724,794
WBGene00002110.,833,5340,6173
WBGene00002111.,62,821,883
WBGene00002112.,25,377,402
WBGene00002113.,69,2060,2129
WBGene00002114.,3,21,24
WBGene00002115.,0,6,6
WBGene00002116.,44,317,361
WBGene00002117.,2,21,23
WBGene00002118.,7,143,150
WBGene00002119.,30,40,70
WBGene00002120.,0,175,175
WBGene00002121.,0,0,0
WBGene00002123.,724,2308,3032
WBGene00002124.,3,39,42
WBGene00002125.,2,479,481
WBGene00002127.,39,2765,2804
WBGene00002128.,25,243,268
WBGene00002129.,42,1021,1063
WBGene00002130.,3,52,55
WBGene00002131.,4,43,47
WBGene00002132.,24,586,610
WBGene00002133.,98,306,404
WBGene00002134.,220,6312,6532
WBGene00002135.,152,6065,6217
WBGene00002136.,32,201,233
WBGene00002137.,4,70,74
WBGene00002138.,6,23,29
WBGene00002139.,3,33,36
WBGene00002140.,201,876,1077
WBGene00002141.,110,90,200
WBGene00002142.,10,56,66
WBGene00002143.,41,105,146
WBGene00002144.,6,36,42
WBGene00002146.,83,875,958
WBGene00002147.,272,778,1050
WBGene00002148.,104,1346,1450
WBGene00002149.,111,172,283
WBGene00002150.,183,170,353
WBGene00002151.,207,571,778
WBGene00002152.,511,6039,6550
WBGene00002153.,51,1077,1128
WBGene00002162.,2522,32439,34961
WBGene00002163.,284,1181,1465
WBGene00002169.,350,2582,2932
WBGene00002173.,223,1006,1229
WBGene00002174.,45,232,277
WBGene00002175.,552,1284,1836
WBGene00002176.,647,1220,1867
WBGene00002177.,54,224,278
WBGene00002178.,120,1471,1591
WBGene00002179.,402,4815,5217
WBGene00002180.,6,631,637
WBGene00002181.,144,658,802
WBGene00002182.,109,417,526
WBGene00002183.,684,11461,12145
WBGene00002184.,299,702,1001
WBGene00002185.,744,1360,2104
WBGene00002186.,0,3,3
WBGene00002187.,278,2130,2408
WBGene00002188.,7,4,11
WBGene00002189.,2664,8092,10756
WBGene00002190.,776,10348,11124
WBGene00002191.,1203,10718,11921
WBGene00002192.,295,1365,1660
WBGene00002193.,1,1,2
WBGene00002194.,42,149,191
WBGene00002195.,41,224,265
WBGene00002196.,96,5391,5487
WBGene00002198.,147,361,508
WBGene00002199.,56,359,415
WBGene00002200.,45,348,393
WBGene00002201.,70,1457,1527
WBGene00002202.,308,11739,12047
WBGene00002203.,360,2217,2577
WBGene00002204.,0,0,0
WBGene00002205.,13,62,75
WBGene00002206.,3,2,5
WBGene00002207.,89,657,746
WBGene00002208.,1,2,3
WBGene00002210.,504,1962,2466
WBGene00002211.,9,85,94
WBGene00002212.,5,2,7
WBGene00002213.,70,728,798
WBGene00002214.,42,901,943
WBGene00002215.,648,5548,6196
WBGene00002216.,174,2189,2363
WBGene00002217.,157,2066,2223
WBGene00002218.,24,73,97
WBGene00002219.,65,1122,1187
WBGene00002220.,108,913,1021
WBGene00002221.,9,181,190
WBGene00002222.,5,18,23
WBGene00002223.,1256,3324,4580
WBGene00002224.,147,174,321
WBGene00002225.,1,423,424
WBGene00002226.,3,985,988
WBGene00002227.,9,9,18
WBGene00002228.,9,673,682
WBGene00002229.,48,1300,1348
WBGene00002230.,253,519,772
WBGene00002231.,38,1362,1400
WBGene00002232.,187,1864,2051
WBGene00002233.,52,195,247
WBGene00002234.,5,22,27
WBGene00002235.,116,77,193
WBGene00002238.,29,10770,10799
WBGene00002239.,108,664,772
WBGene00002240.,296,477,773
WBGene00002241.,653,2012,2665
WBGene00002242.,185,305,490
WBGene00002243.,119,343,462
WBGene00002244.,293,5274,5567
WBGene00002245.,204,913,1117
WBGene00002246.,3,713,716
WBGene00002247.,296,6757,7053
WBGene00002248.,20,61,81
WBGene00002249.,44,1739,1783
WBGene00002250.,24,3199,3223
WBGene00002251.,207,976,1183
WBGene00002252.,54,123,177
WBGene00002253.,2201,9181,11382
WBGene00002254.,11169,92940,104109
WBGene00002255.,2384,17537,19921
WBGene00002256.,86,3214,3300
WBGene00002257.,283,3516,3799
WBGene00002258.,358,9403,9761
WBGene00002259.,11,437,448
WBGene00002260.,5,102,107
WBGene00002261.,457,2873,3330
WBGene00002262.,1501,22546,24047
WBGene00002263.,412,3998,4410
WBGene00002264.,313,11818,12131
WBGene00002265.,731,10657,11388
WBGene00002266.,483,7409,7892
WBGene00002267.,383,8857,9240
WBGene00002268.,1591,15834,17425
WBGene00002269.,379,6419,6798
WBGene00002270.,5,156,161
WBGene00002271.,46,2039,2085
WBGene00002272.,163,2579,2742
WBGene00002273.,25,4756,4781
WBGene00002274.,10,215,225
WBGene00002275.,8,841,849
WBGene00002276.,13,565,578
WBGene00002278.,227,954,1181
WBGene00002280.,2862,51552,54414
WBGene00002282.,41,696,737
WBGene00002285.,0,7902,7902
WBGene00002295.,263,6835,7098
WBGene00002297.,108,605,713
WBGene00002299.,97,640,737
WBGene00002324.,28,769,797
WBGene00002335.,144,5280,5424
WBGene00002344.,434,25485,25919
WBGene00002348.,15,658,673
WBGene00002363.,42,6622,6664
WBGene00002368.,9,217,226
WBGene00002393.,20,850,870
WBGene00002497.,549,2753,3302
WBGene00002583.,372,3111,3483
WBGene00002601.,289,1437,1726
WBGene00002632.,84,1058,1142
WBGene00002637.,231,10588,10819
WBGene00002694.,45,1566,1611
WBGene00002696.,153,3181,3334
WBGene00002717.,796,5842,6638
WBGene00002783.,983,4499,5482
WBGene00002804.,35,3854,3889
WBGene00002827.,107,1624,1731
WBGene00002845.,165,3204,3369
WBGene00002850.,351,7423,7774
WBGene00002855.,100,6234,6334
WBGene00002879.,352,7316,7668
WBGene00002881.,472,3684,4156
WBGene00002889.,271,2347,2618
WBGene00002891.,50,2886,2936
WBGene00002915.,176,4246,4422
WBGene00002957.,179,3297,3476
WBGene00002974.,215,950,1165
WBGene00002975.,25,218,243
WBGene00002976.,205,975,1180
WBGene00002977.,94,22,116
WBGene00002978.,1787,149888,151675
WBGene00002979.,234,981,1215
WBGene00002980.,184,36090,36274
WBGene00002981.,273,9000,9273
WBGene00002982.,71,774,845
WBGene00002983.,72,189,261
WBGene00002985.,90,1506,1596
WBGene00002986.,84,756,840
WBGene00002987.,51,172,223
WBGene00002988.,42,576,618
WBGene00002989.,365,1134,1499
WBGene00002990.,569,1303,1872
WBGene00002991.,342,1488,1830
WBGene00002992.,62,111,173
WBGene00002993.,0,0,0
WBGene00002994.,51,3078,3129
WBGene00002996.,74,650,724
WBGene00002997.,70,595,665
WBGene00002998.,80,1295,1375
WBGene00002999.,651,3137,3788
WBGene00003000.,54,509,563
WBGene00003001.,81,476,557
WBGene00003002.,397,4795,5192
WBGene00003003.,1067,3661,4728
WBGene00003006.,281,540,821
WBGene00003007.,150,883,1033
WBGene00003008.,34,95,129
WBGene00003009.,103,1699,1802
WBGene00003010.,445,2748,3193
WBGene00003011.,197,1764,1961
WBGene00003012.,46,1613,1659
WBGene00003014.,325,4440,4765
WBGene00003015.,78,92,170
WBGene00003017.,24,229,253
WBGene00003018.,34,990,1024
WBGene00003019.,244,3382,3626
WBGene00003020.,255,1363,1618
WBGene00003021.,149,1896,2045
WBGene00003022.,110,603,713
WBGene00003024.,329,3162,3491
WBGene00003025.,383,6006,6389
WBGene00003026.,119,2266,2385
WBGene00003029.,9,298,307
WBGene00003030.,218,1408,1626
WBGene00003031.,21,368,389
WBGene00003033.,6,108,114
WBGene00003034.,157,1546,1703
WBGene00003035.,75,842,917
WBGene00003036.,11,5569,5580
WBGene00003037.,28,755,783
WBGene00003038.,10,608,618
WBGene00003039.,0,4,4
WBGene00003040.,361,3058,3419
WBGene00003041.,160,1359,1519
WBGene00003043.,78,1281,1359
WBGene00003044.,261,1969,2230
WBGene00003045.,213,1169,1382
WBGene00003046.,34,253,287
WBGene00003047.,257,2326,2583
WBGene00003048.,2180,3619,5799
WBGene00003052.,143,11630,11773
WBGene00003053.,24,4180,4204
WBGene00003055.,102,3069,3171
WBGene00003056.,142,581,723
WBGene00003057.,128,1704,1832
WBGene00003058.,1,6,7
WBGene00003059.,113,1070,1183
WBGene00003060.,841,2975,3816
WBGene00003061.,572,13665,14237
WBGene00003062.,52,4693,4745
WBGene00003063.,110,9541,9651
WBGene00003064.,12,1091,1103
WBGene00003065.,195,8264,8459
WBGene00003066.,46,2143,2189
WBGene00003067.,5,129,134
WBGene00003068.,177,1435,1612
WBGene00003071.,253,4675,4928
WBGene00003072.,357,4837,5194
WBGene00003073.,182,7360,7542
WBGene00003074.,77,1228,1305
WBGene00003075.,26,68,94
WBGene00003076.,168,2472,2640
WBGene00003077.,188,1609,1797
WBGene00003078.,50,3795,3845
WBGene00003079.,0,5677,5677
WBGene00003080.,185,3185,3370
WBGene00003081.,470,3611,4081
WBGene00003082.,155,1683,1838
WBGene00003083.,23,458,481
WBGene00003084.,117,1308,1425
WBGene00003085.,312,8371,8683
WBGene00003086.,476,1553,2029
WBGene00003087.,65,1831,1896
WBGene00003088.,0,1,1
WBGene00003089.,96,1517,1613
WBGene00003090.,3,999,1002
WBGene00003091.,1,412,413
WBGene00003092.,1,76,77
WBGene00003093.,0,185,185
WBGene00003094.,2,11,13
WBGene00003095.,0,7,7
WBGene00003096.,2,144,146
WBGene00003097.,7,1781,1788
WBGene00003098.,2,6,8
WBGene00003099.,0,11,11
WBGene00003100.,17,25,42
WBGene00003102.,217,1080,1297
WBGene00003104.,28,105,133
WBGene00003106.,46,213,259
WBGene00003107.,45,79,124
WBGene00003111.,162,2201,2363
WBGene00003112.,138,1085,1223
WBGene00003114.,125,226,351
WBGene00003119.,251,1583,1834
WBGene00003123.,43,9968,10011
WBGene00003124.,242,2036,2278
WBGene00003129.,144,1376,1520
WBGene00003130.,264,3273,3537
WBGene00003132.,65,1581,1646
WBGene00003133.,202,1509,1711
WBGene00003134.,74,758,832
WBGene00003136.,90,658,748
WBGene00003142.,116,1067,1183
WBGene00003143.,450,2816,3266
WBGene00003144.,441,2278,2719
WBGene00003148.,36,8920,8956
WBGene00003149.,269,1810,2079
WBGene00003150.,806,6131,6937
WBGene00003151.,94,1055,1149
WBGene00003153.,3703,13782,17485
WBGene00003154.,53,1561,1614
WBGene00003155.,46,1707,1753
WBGene00003156.,17,2320,2337
WBGene00003157.,27,2232,2259
WBGene00003158.,44,1962,2006
WBGene00003159.,14,1861,1875
WBGene00003160.,126,2274,2400
WBGene00003161.,72,1503,1575
WBGene00003162.,106,23722,23828
WBGene00003163.,121,6082,6203
WBGene00003164.,22,341,363
WBGene00003165.,46,475,521
WBGene00003166.,512,1264,1776
WBGene00003167.,49,386,435
WBGene00003168.,57,215,272
WBGene00003169.,639,6438,7077
WBGene00003170.,108,534,642
WBGene00003171.,410,6979,7389
WBGene00003172.,52,2380,2432
WBGene00003173.,52,309,361
WBGene00003174.,21,146,167
WBGene00003175.,264,5962,6226
WBGene00003176.,7,45,52
WBGene00003177.,83,700,783
WBGene00003178.,56,4286,4342
WBGene00003179.,42,532,574
WBGene00003180.,0,9,9
WBGene00003181.,0,56,56
WBGene00003182.,475,2788,3263
WBGene00003183.,8,891,899
WBGene00003184.,7,190,197
WBGene00003185.,3,1730,1733
WBGene00003186.,161,1913,2074
WBGene00003196.,301,1509,1810
WBGene00003209.,319,1443,1762
WBGene00003210.,169,2240,2409
WBGene00003214.,155,2516,2671
WBGene00003216.,1,178,179
WBGene00003218.,90,3980,4070
WBGene00003219.,3,31,34
WBGene00003220.,102,587,689
WBGene00003221.,243,1158,1401
WBGene00003222.,90,1085,1175
WBGene00003224.,19,163,182
WBGene00003225.,730,14292,15022
WBGene00003228.,12,70,82
WBGene00003229.,169,1980,2149
WBGene00003230.,2,86,88
WBGene00003231.,0,44,44
WBGene00003232.,52,181,233
WBGene00003233.,87,406,493
WBGene00003234.,355,2684,3039
WBGene00003235.,529,3586,4115
WBGene00003236.,0,413,413
WBGene00003237.,181,1144,1325
WBGene00003238.,267,1629,1896
WBGene00003239.,72,3020,3092
WBGene00003241.,109,1275,1384
WBGene00003242.,1083,27873,28956
WBGene00003243.,633,3141,3774
WBGene00003245.,15,448,463
WBGene00003246.,237,592,829
WBGene00003247.,413,5031,5444
WBGene00003248.,135,605,740
WBGene00003249.,298,4836,5134
WBGene00003252.,5,122,127
WBGene00003253.,32,1831,1863
WBGene00003254.,42,526,568
WBGene00003258.,655,393,1048
WBGene00003260.,0,14,14
WBGene00003261.,0,0,0
WBGene00003262.,0,7,7
WBGene00003263.,0,0,0
WBGene00003264.,0,1,1
WBGene00003265.,0,0,0
WBGene00003266.,0,0,0
WBGene00003267.,0,0,0
WBGene00003268.,0,0,0
WBGene00003269.,0,2,2
WBGene00003270.,0,0,0
WBGene00003271.,0,0,0
WBGene00003272.,0,2,2
WBGene00003273.,0,2,2
WBGene00003274.,0,4,4
WBGene00003275.,0,9,9
WBGene00003277.,0,0,0
WBGene00003278.,0,0,0
WBGene00003279.,0,14,14
WBGene00003280.,0,49,49
WBGene00003281.,0,47,47
WBGene00003282.,0,0,0
WBGene00003283.,0,1,1
WBGene00003284.,0,0,0
WBGene00003285.,0,0,0
WBGene00003286.,0,0,0
WBGene00003287.,0,1,1
WBGene00003288.,0,2,2
WBGene00003289.,0,1,1
WBGene00003290.,0,0,0
WBGene00003291.,0,27,27
WBGene00003292.,0,0,0
WBGene00003293.,0,0,0
WBGene00003294.,0,0,0
WBGene00003295.,0,0,0
WBGene00003296.,0,0,0
WBGene00003297.,0,18,18
WBGene00003298.,0,0,0
WBGene00003299.,0,0,0
WBGene00003300.,0,2,2
WBGene00003301.,0,0,0
WBGene00003302.,0,0,0
WBGene00003303.,0,1,1
WBGene00003304.,0,3,3
WBGene00003305.,0,1,1
WBGene00003306.,0,0,0
WBGene00003307.,0,13,13
WBGene00003308.,0,42,42
WBGene00003309.,0,0,0
WBGene00003310.,0,0,0
WBGene00003311.,0,3,3
WBGene00003312.,0,0,0
WBGene00003313.,0,0,0
WBGene00003314.,0,0,0
WBGene00003315.,0,0,0
WBGene00003316.,0,0,0
WBGene00003317.,0,0,0
WBGene00003318.,0,0,0
WBGene00003319.,0,0,0
WBGene00003321.,0,2,2
WBGene00003322.,0,0,0
WBGene00003323.,0,5,5
WBGene00003324.,0,12,12
WBGene00003325.,0,1,1
WBGene00003326.,0,0,0
WBGene00003327.,0,0,0
WBGene00003328.,0,7,7
WBGene00003329.,0,1,1
WBGene00003330.,0,3,3
WBGene00003331.,0,28,28
WBGene00003332.,0,5,5
WBGene00003333.,0,8,8
WBGene00003334.,0,1,1
WBGene00003335.,0,13,13
WBGene00003336.,0,4,4
WBGene00003337.,0,0,0
WBGene00003338.,0,33,33
WBGene00003339.,0,2,2
WBGene00003340.,0,2,2
WBGene00003341.,0,0,0
WBGene00003342.,0,1,1
WBGene00003343.,0,5,5
WBGene00003344.,0,0,0
WBGene00003345.,0,0,0
WBGene00003346.,0,0,0
WBGene00003347.,0,0,0
WBGene00003348.,0,0,0
WBGene00003349.,0,138,138
WBGene00003350.,0,1,1
WBGene00003351.,0,0,0
WBGene00003352.,0,0,0
WBGene00003353.,0,1,1
WBGene00003354.,0,1,1
WBGene00003355.,0,0,0
WBGene00003356.,0,0,0
WBGene00003357.,0,24,24
WBGene00003358.,0,0,0
WBGene00003359.,0,6,6
WBGene00003360.,0,0,0
WBGene00003361.,0,0,0
WBGene00003362.,0,0,0
WBGene00003363.,0,0,0
WBGene00003364.,0,1,1
WBGene00003365.,0,3,3
WBGene00003366.,0,0,0
WBGene00003367.,775,7399,8174
WBGene00003368.,54,986,1040
WBGene00003369.,374,51108,51482
WBGene00003370.,26831,158027,184858
WBGene00003371.,11135,270695,281830
WBGene00003372.,589,6560,7149
WBGene00003373.,38,299,337
WBGene00003374.,274,739,1013
WBGene00003375.,284,10826,11110
WBGene00003376.,38,278,316
WBGene00003377.,23,452,475
WBGene00003378.,446,2637,3083
WBGene00003380.,56,530,586
WBGene00003384.,15,300,315
WBGene00003385.,161,1131,1292
WBGene00003386.,84,745,829
WBGene00003387.,108,111,219
WBGene00003388.,19,261,280
WBGene00003389.,64,2474,2538
WBGene00003390.,20,1630,1650
WBGene00003391.,753,4310,5063
WBGene00003392.,92,1796,1888
WBGene00003393.,187,3268,3455
WBGene00003394.,7,95,102
WBGene00003395.,3,116,119
WBGene00003396.,181,811,992
WBGene00003397.,98,872,970
WBGene00003400.,299,807,1106
WBGene00003401.,323,2560,2883
WBGene00003402.,60,283,343
WBGene00003403.,31,151,182
WBGene00003404.,1412,4777,6189
WBGene00003405.,45,954,999
WBGene00003406.,58,3087,3145
WBGene00003407.,658,3336,3994
WBGene00003408.,214,991,1205
WBGene00003409.,36,227,263
WBGene00003410.,2,40,42
WBGene00003411.,70,712,782
WBGene00003412.,94,760,854
WBGene00003413.,554,406,960
WBGene00003414.,142,142,284
WBGene00003415.,218,9525,9743
WBGene00003417.,71,521,592
WBGene00003418.,35,560,595
WBGene00003420.,6,15,21
WBGene00003421.,56,322,378
WBGene00003422.,121,1378,1499
WBGene00003423.,1041,1537,2578
WBGene00003424.,0,0,0
WBGene00003425.,0,1,1
WBGene00003426.,0,0,0
WBGene00003429.,0,0,0
WBGene00003430.,0,0,0
WBGene00003431.,0,7,7
WBGene00003432.,0,0,0
WBGene00003433.,0,0,0
WBGene00003434.,0,0,0
WBGene00003435.,0,1,1
WBGene00003437.,0,0,0
WBGene00003438.,0,0,0
WBGene00003442.,0,43,43
WBGene00003443.,0,111,111
WBGene00003444.,0,1,1
WBGene00003445.,0,59,59
WBGene00003446.,0,0,0
WBGene00003448.,0,7,7
WBGene00003449.,0,4,4
WBGene00003450.,0,2,2
WBGene00003451.,0,1,1
WBGene00003452.,0,2,2
WBGene00003456.,0,0,0
WBGene00003457.,0,0,0
WBGene00003458.,0,4,4
WBGene00003460.,0,4,4
WBGene00003462.,0,10,10
WBGene00003463.,0,15,15
WBGene00003464.,0,0,0
WBGene00003465.,0,0,0
WBGene00003466.,0,0,0
WBGene00003467.,0,0,0
WBGene00003468.,0,0,0
WBGene00003469.,0,0,0
WBGene00003470.,0,0,0
WBGene00003471.,46,468,514
WBGene00003472.,282,1740,2022
WBGene00003473.,0,40,40
WBGene00003474.,4,139,143
WBGene00003475.,213,966,1179
WBGene00003476.,1139,4104,5243
WBGene00003477.,49,617,666
WBGene00003478.,360,841,1201
WBGene00003479.,205,997,1202
WBGene00003480.,27,256,283
WBGene00003482.,361,3516,3877
WBGene00003485.,409,4162,4571
WBGene00003495.,860,92595,93455
WBGene00003497.,110,2517,2627
WBGene00003499.,2,125,127
WBGene00003504.,9,647,656
WBGene00003507.,0,197,197
WBGene00003508.,83,1215,1298
WBGene00003509.,35,574,609
WBGene00003510.,183,1428,1611
WBGene00003511.,57,5654,5711
WBGene00003514.,37,959,996
WBGene00003515.,209,13116,13325
WBGene00003516.,170,2211,2381
WBGene00003517.,43,610,653
WBGene00003518.,27,90,117
WBGene00003519.,253,4170,4423
WBGene00003520.,28,101,129
WBGene00003521.,0,0,0
WBGene00003522.,39,650,689
WBGene00003523.,68,309,377
WBGene00003524.,37,199,236
WBGene00003525.,36,70,106
WBGene00003526.,27,146,173
WBGene00003527.,34,231,265
WBGene00003528.,10,174,184
WBGene00003529.,4,20,24
WBGene00003530.,67,553,620
WBGene00003531.,18,55,73
WBGene00003532.,7,37,44
WBGene00003533.,10,55,65
WBGene00003534.,3,67,70
WBGene00003535.,0,0,0
WBGene00003536.,1,3,4
WBGene00003537.,2,0,2
WBGene00003538.,0,0,0
WBGene00003539.,1,17,18
WBGene00003540.,0,7,7
WBGene00003541.,2,1,3
WBGene00003542.,6,59,65
WBGene00003543.,10,8,18
WBGene00003544.,22,101,123
WBGene00003545.,13,5,18
WBGene00003546.,8,122,130
WBGene00003547.,8,77,85
WBGene00003548.,84,315,399
WBGene00003549.,62,1076,1138
WBGene00003550.,394,1599,1993
WBGene00003551.,14,53,67
WBGene00003552.,228,456,684
WBGene00003553.,118,437,555
WBGene00003554.,24,66,90
WBGene00003555.,128,462,590
WBGene00003556.,18,0,18
WBGene00003558.,190,255,445
WBGene00003559.,1348,5596,6944
WBGene00003561.,274,501,775
WBGene00003562.,26,239,265
WBGene00003563.,33,249,282
WBGene00003564.,79,5817,5896
WBGene00003565.,256,2306,2562
WBGene00003566.,419,3390,3809
WBGene00003567.,534,6573,7107
WBGene00003568.,151,1816,1967
WBGene00003569.,76,1147,1223
WBGene00003570.,1,64,65
WBGene00003571.,10,11,21
WBGene00003572.,17,56,73
WBGene00003573.,8,68,76
WBGene00003574.,4,18,22
WBGene00003575.,2,12,14
WBGene00003576.,174,1636,1810
WBGene00003577.,31,171,202
WBGene00003578.,376,2517,2893
WBGene00003579.,2,400,402
WBGene00003580.,47,461,508
WBGene00003581.,109,1420,1529
WBGene00003582.,391,1191,1582
WBGene00003583.,42,695,737
WBGene00003584.,86,750,836
WBGene00003585.,269,104,373
WBGene00003586.,19,465,484
WBGene00003587.,216,7172,7388
WBGene00003588.,4,5255,5259
WBGene00003589.,114,1341,1455
WBGene00003590.,81,450,531
WBGene00003591.,92,1461,1553
WBGene00003592.,297,2096,2393
WBGene00003593.,168,1209,1377
WBGene00003594.,156,838,994
WBGene00003595.,2,12,14
WBGene00003596.,474,7421,7895
WBGene00003597.,493,1678,2171
WBGene00003598.,87,3172,3259
WBGene00003599.,255,1255,1510
WBGene00003600.,1733,4226,5959
WBGene00003601.,7,79,86
WBGene00003602.,36,905,941
WBGene00003603.,90,1047,1137
WBGene00003604.,56,277,333
WBGene00003605.,147,1576,1723
WBGene00003606.,233,887,1120
WBGene00003607.,12,77,89
WBGene00003608.,1,43,44
WBGene00003609.,242,1598,1840
WBGene00003610.,75,318,393
WBGene00003611.,114,823,937
WBGene00003612.,93,255,348
WBGene00003613.,21,548,569
WBGene00003614.,502,476,978
WBGene00003615.,6,55,61
WBGene00003616.,230,754,984
WBGene00003617.,4,155,159
WBGene00003618.,610,3420,4030
WBGene00003619.,179,1781,1960
WBGene00003620.,418,1539,1957
WBGene00003621.,82,409,491
WBGene00003622.,186,597,783
WBGene00003623.,58,766,824
WBGene00003624.,78,738,816
WBGene00003625.,166,1890,2056
WBGene00003626.,255,1109,1364
WBGene00003627.,656,1594,2250
WBGene00003628.,221,836,1057
WBGene00003629.,5,4,9
WBGene00003630.,1352,3110,4462
WBGene00003632.,91,1044,1135
WBGene00003633.,33,581,614
WBGene00003634.,91,580,671
WBGene00003635.,33,672,705
WBGene00003636.,585,1656,2241
WBGene00003637.,239,1627,1866
WBGene00003638.,126,1023,1149
WBGene00003639.,228,2704,2932
WBGene00003640.,61,958,1019
WBGene00003641.,0,18,18
WBGene00003642.,6,25,31
WBGene00003643.,10,31,41
WBGene00003644.,21,158,179
WBGene00003645.,34,200,234
WBGene00003646.,45,583,628
WBGene00003647.,79,318,397
WBGene00003648.,22,524,546
WBGene00003649.,38,355,393
WBGene00003650.,13,91,104
WBGene00003651.,104,680,784
WBGene00003652.,84,358,442
WBGene00003653.,44,636,680
WBGene00003654.,158,422,580
WBGene00003655.,40,315,355
WBGene00003656.,110,1490,1600
WBGene00003657.,18,353,371
WBGene00003658.,185,2101,2286
WBGene00003659.,24,357,381
WBGene00003660.,93,867,960
WBGene00003661.,101,849,950
WBGene00003662.,1,5,6
WBGene00003663.,0,166,166
WBGene00003664.,196,40,236
WBGene00003665.,1,3,4
WBGene00003667.,1,8,9
WBGene00003668.,349,760,1109
WBGene00003669.,16,70,86
WBGene00003670.,24,189,213
WBGene00003671.,1,2,3
WBGene00003672.,0,3,3
WBGene00003673.,7,65,72
WBGene00003674.,47,891,938
WBGene00003675.,258,716,974
WBGene00003676.,232,748,980
WBGene00003677.,153,767,920
WBGene00003678.,394,1973,2367
WBGene00003679.,0,2,2
WBGene00003680.,23,171,194
WBGene00003681.,186,1538,1724
WBGene00003682.,17,13,30
WBGene00003683.,9,63,72
WBGene00003684.,27,224,251
WBGene00003685.,92,702,794
WBGene00003686.,0,97,97
WBGene00003687.,113,5718,5831
WBGene00003688.,79,484,563
WBGene00003689.,7,42,49
WBGene00003690.,174,1558,1732
WBGene00003691.,440,1733,2173
WBGene00003692.,34,196,230
WBGene00003693.,7,123,130
WBGene00003694.,66,566,632
WBGene00003695.,624,3534,4158
WBGene00003696.,2,5,7
WBGene00003697.,59,339,398
WBGene00003698.,1,21,22
WBGene00003699.,5,149,154
WBGene00003700.,2,36,38
WBGene00003701.,0,1,1
WBGene00003702.,23,529,552
WBGene00003703.,34,152,186
WBGene00003704.,286,1337,1623
WBGene00003705.,17,78,95
WBGene00003706.,17,160,177
WBGene00003707.,53,454,507
WBGene00003708.,0,0,0
WBGene00003709.,50,203,253
WBGene00003710.,72,383,455
WBGene00003711.,9,17,26
WBGene00003712.,50,282,332
WBGene00003713.,10,109,119
WBGene00003714.,28,48,76
WBGene00003715.,159,256,415
WBGene00003716.,8,107,115
WBGene00003717.,10,83,93
WBGene00003718.,13,125,138
WBGene00003719.,20,279,299
WBGene00003720.,17,108,125
WBGene00003721.,20,270,290
WBGene00003722.,52,416,468
WBGene00003723.,5,444,449
WBGene00003724.,16,389,405
WBGene00003725.,70,391,461
WBGene00003726.,75,949,1024
WBGene00003727.,263,416,679
WBGene00003728.,402,2063,2465
WBGene00003729.,25,170,195
WBGene00003730.,8,80,88
WBGene00003731.,46,152,198
WBGene00003732.,51,389,440
WBGene00003733.,59,366,425
WBGene00003734.,0,1,1
WBGene00003735.,208,438,646
WBGene00003736.,32,170,202
WBGene00003738.,65,1070,1135
WBGene00003739.,96,1194,1290
WBGene00003740.,9,497,506
WBGene00003741.,3,3615,3618
WBGene00003742.,0,89,89
WBGene00003743.,154,601,755
WBGene00003744.,211,3914,4125
WBGene00003745.,120,2446,2566
WBGene00003746.,23,2415,2438
WBGene00003747.,37,1342,1379
WBGene00003748.,220,5567,5787
WBGene00003749.,269,5807,6076
WBGene00003750.,200,2059,2259
WBGene00003751.,27,4097,4124
WBGene00003752.,36,2954,2990
WBGene00003753.,863,4945,5808
WBGene00003754.,81,1846,1927
WBGene00003755.,99,4892,4991
WBGene00003756.,721,23130,23851
WBGene00003757.,43,1238,1281
WBGene00003758.,176,2536,2712
WBGene00003759.,829,5088,5917
WBGene00003760.,11,5,16
WBGene00003761.,0,105,105
WBGene00003762.,612,6370,6982
WBGene00003763.,36,194,230
WBGene00003764.,77,1239,1316
WBGene00003765.,233,2822,3055
WBGene00003766.,32,567,599
WBGene00003767.,276,5816,6092
WBGene00003768.,58,1080,1138
WBGene00003769.,225,3893,4118
WBGene00003770.,9,42,51
WBGene00003771.,2443,14307,16750
WBGene00003772.,39,586,625
WBGene00003773.,108,820,928
WBGene00003774.,10,58,68
WBGene00003775.,55,154,209
WBGene00003776.,507,6231,6738
WBGene00003777.,220,5988,6208
WBGene00003778.,27,44,71
WBGene00003779.,10,306,316
WBGene00003783.,6,93,99
WBGene00003784.,0,6,6
WBGene00003785.,92,1604,1696
WBGene00003786.,137,1356,1493
WBGene00003787.,22,1276,1298
WBGene00003788.,257,1974,2231
WBGene00003789.,164,1583,1747
WBGene00003790.,65,1117,1182
WBGene00003791.,13,1287,1300
WBGene00003792.,160,1985,2145
WBGene00003793.,54,2172,2226
WBGene00003794.,452,1766,2218
WBGene00003795.,39,3258,3297
WBGene00003796.,85,2918,3003
WBGene00003797.,113,1655,1768
WBGene00003798.,50,2658,2708
WBGene00003799.,532,2354,2886
WBGene00003800.,32,2145,2177
WBGene00003801.,32,1284,1316
WBGene00003802.,25,3210,3235
WBGene00003803.,76,1998,2074
WBGene00003804.,64,1613,1677
WBGene00003805.,54,1238,1292
WBGene00003806.,288,2894,3182
WBGene00003807.,47,287,334
WBGene00003808.,183,1007,1190
WBGene00003812.,58,2126,2184
WBGene00003813.,35,212,247
WBGene00003815.,316,5206,5522
WBGene00003816.,8,211,219
WBGene00003818.,208,2965,3173
WBGene00003821.,445,6989,7434
WBGene00003822.,89,1795,1884
WBGene00003825.,217,6688,6905
WBGene00003826.,633,2057,2690
WBGene00003827.,292,2480,2772
WBGene00003828.,27,225,252
WBGene00003829.,15,2559,2574
WBGene00003830.,147,1258,1405
WBGene00003831.,1901,15819,17720
WBGene00003834.,95,2067,2162
WBGene00003835.,4,281,285
WBGene00003836.,542,4026,4568
WBGene00003837.,430,1882,2312
WBGene00003838.,17,99,116
WBGene00003839.,29,125,154
WBGene00003840.,28,67,95
WBGene00003841.,3,21,24
WBGene00003842.,45,214,259
WBGene00003843.,44,653,697
WBGene00003844.,3,926,929
WBGene00003845.,1,11,12
WBGene00003846.,0,106,106
WBGene00003847.,154,1361,1515
WBGene00003848.,23,61,84
WBGene00003849.,275,927,1202
WBGene00003850.,31,469,500
WBGene00003851.,133,1828,1961
WBGene00003854.,7,39,46
WBGene00003856.,49,317,366
WBGene00003858.,704,4767,5471
WBGene00003859.,83,859,942
WBGene00003860.,365,3751,4116
WBGene00003861.,24,444,468
WBGene00003862.,24,249,273
WBGene00003863.,2,2,4
WBGene00003864.,1,44,45
WBGene00003865.,0,80,80
WBGene00003868.,107,1187,1294
WBGene00003870.,21,1014,1035
WBGene00003876.,30,276,306
WBGene00003877.,24,226,250
WBGene00003878.,35,417,452
WBGene00003879.,8,148,156
WBGene00003882.,40,558,598
WBGene00003883.,82,390,472
WBGene00003884.,47,249,296
WBGene00003885.,152,634,786
WBGene00003886.,83,381,464
WBGene00003887.,78,571,649
WBGene00003888.,1,29,30
WBGene00003889.,17,38,55
WBGene00003890.,20,151,171
WBGene00003891.,16,3059,3075
WBGene00003892.,94,255,349
WBGene00003893.,17353,175415,192768
WBGene00003898.,114,714,828
WBGene00003901.,112,7481,7593
WBGene00003902.,1345,101243,102588
WBGene00003903.,122,10596,10718
WBGene00003904.,51,5375,5426
WBGene00003905.,550,1611,2161
WBGene00003906.,2,9,11
WBGene00003907.,245,1184,1429
WBGene00003909.,34,738,772
WBGene00003911.,112,1550,1662
WBGene00003912.,7,142,149
WBGene00003914.,330,3143,3473
WBGene00003915.,704,7777,8481
WBGene00003916.,1800,4393,6193
WBGene00003917.,204,265,469
WBGene00003918.,151,1237,1388
WBGene00003919.,117,261,378
WBGene00003920.,421,45812,46233
WBGene00003921.,82,685,767
WBGene00003922.,29,3551,3580
WBGene00003923.,34,8271,8305
WBGene00003924.,17,9725,9742
WBGene00003925.,383,6999,7382
WBGene00003926.,329,10634,10963
WBGene00003927.,66,7616,7682
WBGene00003928.,58,5120,5178
WBGene00003929.,352,7139,7491
WBGene00003930.,181,6082,6263
WBGene00003931.,196,4806,5002
WBGene00003932.,447,5758,6205
WBGene00003933.,66,1817,1883
WBGene00003934.,17033,420262,437295
WBGene00003936.,480,3553,4033
WBGene00003937.,3,9,12
WBGene00003938.,22,37,59
WBGene00003939.,47,356,403
WBGene00003941.,105,559,664
WBGene00003943.,7,52,59
WBGene00003947.,66,6476,6542
WBGene00003948.,8,6874,6882
WBGene00003949.,62,6315,6377
WBGene00003950.,333,8540,8873
WBGene00003951.,184,4600,4784
WBGene00003952.,501,5407,5908
WBGene00003953.,70,8981,9051
WBGene00003954.,335,2090,2425
WBGene00003955.,14,5892,5906
WBGene00003956.,9,245,254
WBGene00003957.,1,61,62
WBGene00003958.,4,191,195
WBGene00003959.,14,95,109
WBGene00003960.,114,1220,1334
WBGene00003961.,516,3849,4365
WBGene00003962.,414,11677,12091
WBGene00003963.,209,39053,39262
WBGene00003964.,1233,30587,31820
WBGene00003965.,75,535,610
WBGene00003966.,956,3811,4767
WBGene00003967.,139,1154,1293
WBGene00003968.,87,540,627
WBGene00003969.,332,973,1305
WBGene00003970.,91,949,1040
WBGene00003975.,156,1099,1255
WBGene00003976.,6,145,151
WBGene00003977.,0,0,0
WBGene00003978.,370,1076,1446
WBGene00003979.,4,333,337
WBGene00003980.,78,593,671
WBGene00003981.,8,16,24
WBGene00003982.,14,1930,1944
WBGene00003983.,0,258,258
WBGene00003986.,73,800,873
WBGene00003987.,4,8,12
WBGene00003989.,33,9182,9215
WBGene00003990.,69,3517,3586
WBGene00003991.,565,6933,7498
WBGene00003992.,11,1560,1571
WBGene00003993.,49,336,385
WBGene00003994.,8,307,315
WBGene00003995.,26,173,199
WBGene00003996.,140,491,631
WBGene00003997.,22,258,280
WBGene00003998.,75,231,306
WBGene00003999.,6,25,31
WBGene00004000.,21,81,102
WBGene00004001.,1,1,2
WBGene00004002.,6,26,32
WBGene00004003.,55,160,215
WBGene00004004.,135,1022,1157
WBGene00004005.,28,71,99
WBGene00004006.,16,87,103
WBGene00004007.,5,9,14
WBGene00004008.,0,122,122
WBGene00004009.,0,3,3
WBGene00004010.,86,648,734
WBGene00004011.,8,71,79
WBGene00004013.,235,728,963
WBGene00004014.,67,24299,24366
WBGene00004015.,82,21434,21516
WBGene00004016.,172,667,839
WBGene00004017.,3,133,136
WBGene00004020.,28,208,236
WBGene00004023.,109,701,810
WBGene00004024.,16,216,232
WBGene00004025.,184,2108,2292
WBGene00004026.,23,20,43
WBGene00004027.,9,115,124
WBGene00004028.,148,282,430
WBGene00004029.,202,396,598
WBGene00004030.,54,216,270
WBGene00004031.,49,876,925
WBGene00004032.,736,4370,5106
WBGene00004033.,365,1443,1808
WBGene00004034.,217,896,1113
WBGene00004035.,164,1555,1719
WBGene00004036.,343,1399,1742
WBGene00004037.,36,232,268
WBGene00004038.,40,430,470
WBGene00004039.,178,3156,3334
WBGene00004040.,213,2546,2759
WBGene00004041.,1,668,669
WBGene00004042.,17,1709,1726
WBGene00004043.,6,228,234
WBGene00004044.,8,206,214
WBGene00004045.,331,792,1123
WBGene00004046.,232,15229,15461
WBGene00004047.,544,1012,1556
WBGene00004048.,37,606,643
WBGene00004049.,273,615,888
WBGene00004050.,8,796,804
WBGene00004051.,162,1241,1403
WBGene00004052.,3,17,20
WBGene00004053.,119,2473,2592
WBGene00004054.,27,2,29
WBGene00004055.,114,1090,1204
WBGene00004056.,127,856,983
WBGene00004057.,93,898,991
WBGene00004058.,15,111,126
WBGene00004059.,87,419,506
WBGene00004060.,348,1485,1833
WBGene00004061.,5,64,69
WBGene00004062.,23,249,272
WBGene00004063.,107,1171,1278
WBGene00004064.,118,950,1068
WBGene00004068.,57,791,848
WBGene00004075.,52,1291,1343
WBGene00004076.,410,3146,3556
WBGene00004077.,549,3071,3620
WBGene00004078.,0,38,38
WBGene00004083.,52,1264,1316
WBGene00004084.,1,3,4
WBGene00004085.,140,2281,2421
WBGene00004086.,80,316,396
WBGene00004087.,301,2277,2578
WBGene00004088.,307,2584,2891
WBGene00004089.,33,507,540
WBGene00004090.,194,1104,1298
WBGene00004091.,151,2369,2520
WBGene00004092.,37,747,784
WBGene00004093.,11,558,569
WBGene00004094.,30,1245,1275
WBGene00004095.,278,4224,4502
WBGene00004096.,14,280,294
WBGene00004098.,1,5,6
WBGene00004099.,0,110,110
WBGene00004100.,106,717,823
WBGene00004101.,213,1796,2009
WBGene00004102.,10,58,68
WBGene00004103.,6,4,10
WBGene00004104.,13,83,96
WBGene00004105.,114,1295,1409
WBGene00004106.,88,1850,1938
WBGene00004107.,1,9,10
WBGene00004108.,377,1438,1815
WBGene00004109.,323,1704,2027
WBGene00004110.,240,1730,1970
WBGene00004111.,156,1466,1622
WBGene00004112.,463,8660,9123
WBGene00004113.,450,10564,11014
WBGene00004114.,9,495,504
WBGene00004115.,21,58,79
WBGene00004116.,294,1669,1963
WBGene00004117.,374,2901,3275
WBGene00004118.,43,405,448
WBGene00004119.,35,212,247
WBGene00004120.,4,317,321
WBGene00004121.,247,1469,1716
WBGene00004122.,224,1872,2096
WBGene00004123.,26,109,135
WBGene00004124.,58,561,619
WBGene00004125.,105,798,903
WBGene00004126.,219,1497,1716
WBGene00004127.,23,138,161
WBGene00004128.,1603,6175,7778
WBGene00004129.,30,768,798
WBGene00004130.,749,15322,16071
WBGene00004131.,3860,15247,19107
WBGene00004132.,328,3255,3583
WBGene00004133.,46,561,607
WBGene00004134.,1188,7083,8271
WBGene00004135.,1259,12327,13586
WBGene00004136.,478,4883,5361
WBGene00004138.,377,3942,4319
WBGene00004139.,3,43,46
WBGene00004140.,83,2073,2156
WBGene00004141.,0,2,2
WBGene00004143.,367,14635,15002
WBGene00004144.,37,1983,2020
WBGene00004145.,261,2592,2853
WBGene00004146.,1,112,113
WBGene00004147.,454,2642,3096
WBGene00004148.,271,2105,2376
WBGene00004149.,16,3,19
WBGene00004150.,4,10,14
WBGene00004151.,306,1461,1767
WBGene00004152.,307,5784,6091
WBGene00004153.,0,48,48
WBGene00004154.,43,43,86
WBGene00004155.,10,28,38
WBGene00004156.,11,137,148
WBGene00004157.,53,2530,2583
WBGene00004158.,0,1,1
WBGene00004159.,0,1,1
WBGene00004160.,0,0,0
WBGene00004161.,484,2145,2629
WBGene00004163.,19,40,59
WBGene00004164.,313,2497,2810
WBGene00004165.,14,41,55
WBGene00004166.,358,2569,2927
WBGene00004167.,1262,7547,8809
WBGene00004168.,27,1243,1270
WBGene00004169.,83,348,431
WBGene00004170.,0,0,0
WBGene00004171.,1,1,2
WBGene00004172.,60,644,704
WBGene00004173.,55,768,823
WBGene00004174.,4,658,662
WBGene00004175.,8,523,531
WBGene00004176.,0,26,26
WBGene00004177.,0,29,29
WBGene00004178.,48,1888,1936
WBGene00004179.,20,1108,1128
WBGene00004180.,74,857,931
WBGene00004181.,127,854,981
WBGene00004182.,443,1825,2268
WBGene00004183.,44,94,138
WBGene00004184.,82,3069,3151
WBGene00004185.,79,4635,4714
WBGene00004186.,610,2396,3006
WBGene00004187.,307,9503,9810
WBGene00004188.,133,1937,2070
WBGene00004189.,143,8563,8706
WBGene00004190.,36,356,392
WBGene00004191.,70,95,165
WBGene00004192.,698,1016,1714
WBGene00004193.,28,143,171
WBGene00004194.,36,259,295
WBGene00004195.,27,81,108
WBGene00004196.,0,0,0
WBGene00004197.,22,186,208
WBGene00004198.,20,269,289
WBGene00004199.,9,349,358
WBGene00004201.,43,4688,4731
WBGene00004202.,227,1545,1772
WBGene00004203.,241,2802,3043
WBGene00004204.,642,10627,11269
WBGene00004205.,17,580,597
WBGene00004206.,159,765,924
WBGene00004207.,369,1831,2200
WBGene00004208.,406,6465,6871
WBGene00004209.,1,4,5
WBGene00004210.,144,1178,1322
WBGene00004211.,10,31,41
WBGene00004212.,92,2342,2434
WBGene00004213.,536,1674,2210
WBGene00004214.,66,1520,1586
WBGene00004215.,1164,2579,3743
WBGene00004216.,66,346,412
WBGene00004217.,37,189,226
WBGene00004218.,28,89,117
WBGene00004219.,105,1124,1229
WBGene00004220.,95,842,937
WBGene00004221.,16,269,285
WBGene00004222.,42,874,916
WBGene00004223.,14,94,108
WBGene00004224.,94,444,538
WBGene00004225.,84,241,325
WBGene00004226.,117,1383,1500
WBGene00004227.,43,242,285
WBGene00004228.,88,707,795
WBGene00004229.,20,170,190
WBGene00004230.,67,101,168
WBGene00004231.,59,128,187
WBGene00004232.,61,294,355
WBGene00004233.,17,10,27
WBGene00004234.,6,63,69
WBGene00004235.,45,468,513
WBGene00004236.,77,8,85
WBGene00004237.,65,637,702
WBGene00004238.,295,1212,1507
WBGene00004239.,0,68,68
WBGene00004240.,24,3,27
WBGene00004241.,1,62,63
WBGene00004242.,6,40,46
WBGene00004243.,3,22,25
WBGene00004244.,32,425,457
WBGene00004245.,259,3351,3610
WBGene00004246.,3,26,29
WBGene00004248.,25,1795,1820
WBGene00004249.,407,3500,3907
WBGene00004254.,299,1505,1804
WBGene00004255.,33,124,157
WBGene00004256.,155,951,1106
WBGene00004257.,76,459,535
WBGene00004258.,451,8159,8610
WBGene00004259.,30,1373,1403
WBGene00004264.,22,994,1016
WBGene00004265.,270,560,830
WBGene00004266.,119,12498,12617
WBGene00004267.,169,3943,4112
WBGene00004268.,196,6116,6312
WBGene00004269.,81,1499,1580
WBGene00004270.,68,3688,3756
WBGene00004271.,194,1898,2092
WBGene00004272.,39,3524,3563
WBGene00004273.,69,5323,5392
WBGene00004274.,113,15050,15163
WBGene00004275.,19,70,89
WBGene00004276.,123,2514,2637
WBGene00004277.,174,1840,2014
WBGene00004278.,312,4116,4428
WBGene00004279.,20,358,378
WBGene00004281.,64,499,563
WBGene00004282.,198,833,1031
WBGene00004283.,57,330,387
WBGene00004284.,69,1102,1171
WBGene00004285.,105,458,563
WBGene00004286.,33,1576,1609
WBGene00004287.,0,1,1
WBGene00004296.,173,2492,2665
WBGene00004297.,62,623,685
WBGene00004298.,67,133,200
WBGene00004300.,2,9101,9103
WBGene00004301.,22,64,86
WBGene00004302.,983,33304,34287
WBGene00004303.,63,1675,1738
WBGene00004304.,252,3080,3332
WBGene00004305.,98,6825,6923
WBGene00004306.,179,1953,2132
WBGene00004307.,138,3249,3387
WBGene00004308.,67,1685,1752
WBGene00004309.,18,30,48
WBGene00004310.,404,3402,3806
WBGene00004311.,384,2062,2446
WBGene00004312.,236,1443,1679
WBGene00004313.,156,2360,2516
WBGene00004314.,696,1211,1907
WBGene00004315.,105,4616,4721
WBGene00004316.,1047,1460,2507
WBGene00004317.,104,994,1098
WBGene00004318.,259,1643,1902
WBGene00004319.,136,3295,3431
WBGene00004320.,285,4939,5224
WBGene00004321.,32,2850,2882
WBGene00004322.,111,1177,1288
WBGene00004323.,225,1823,2048
WBGene00004324.,86,544,630
WBGene00004326.,46,3120,3166
WBGene00004328.,8,148,156
WBGene00004332.,23,230,253
WBGene00004333.,56,351,407
WBGene00004334.,2,85,87
WBGene00004335.,106,869,975
WBGene00004336.,1129,14828,15957
WBGene00004337.,279,2714,2993
WBGene00004338.,137,804,941
WBGene00004339.,91,681,772
WBGene00004340.,201,1749,1950
WBGene00004341.,92,830,922
WBGene00004342.,19,51,70
WBGene00004343.,185,1635,1820
WBGene00004344.,72,1081,1153
WBGene00004345.,499,1029,1528
WBGene00004346.,41,460,501
WBGene00004347.,1626,744,2370
WBGene00004348.,45,830,875
WBGene00004349.,427,1147,1574
WBGene00004350.,167,1055,1222
WBGene00004351.,0,0,0
WBGene00004352.,4,6,10
WBGene00004353.,3,16,19
WBGene00004354.,5,30,35
WBGene00004355.,67,1697,1764
WBGene00004356.,13,1465,1478
WBGene00004357.,1365,11178,12543
WBGene00004358.,285,2626,2911
WBGene00004359.,43,211,254
WBGene00004360.,95,536,631
WBGene00004361.,32,307,339
WBGene00004363.,99,3760,3859
WBGene00004364.,427,8236,8663
WBGene00004367.,243,1257,1500
WBGene00004368.,165,955,1120
WBGene00004369.,91,1020,1111
WBGene00004370.,43,727,770
WBGene00004371.,145,1717,1862
WBGene00004372.,37,112,149
WBGene00004373.,354,3965,4319
WBGene00004374.,18,102,120
WBGene00004375.,159,775,934
WBGene00004377.,79,558,637
WBGene00004378.,208,2227,2435
WBGene00004380.,29,311,340
WBGene00004381.,87,1110,1197
WBGene00004382.,472,3334,3806
WBGene00004383.,39,889,928
WBGene00004384.,591,1206,1797
WBGene00004385.,173,2630,2803
WBGene00004386.,134,2074,2208
WBGene00004387.,174,9926,10100
WBGene00004388.,204,3350,3554
WBGene00004389.,299,3044,3343
WBGene00004390.,761,5152,5913
WBGene00004391.,68,4061,4129
WBGene00004392.,74,4420,4494
WBGene00004393.,378,691,1069
WBGene00004394.,1,2,3
WBGene00004395.,50,672,722
WBGene00004397.,76,871,947
WBGene00004398.,242,3938,4180
WBGene00004400.,3,253,256
WBGene00004401.,107,437,544
WBGene00004402.,6,3,9
WBGene00004403.,329,802,1131
WBGene00004404.,93,508,601
WBGene00004405.,15,1760,1775
WBGene00004408.,231,337417,337648
WBGene00004409.,11450,153530,164980
WBGene00004410.,33037,170649,203686
WBGene00004411.,129,2095,2224
WBGene00004412.,33857,275342,309199
WBGene00004413.,428,199375,199803
WBGene00004414.,10443,299280,309723
WBGene00004415.,326,139707,140033
WBGene00004416.,17391,302635,320026
WBGene00004417.,17027,261358,278385
WBGene00004418.,37296,312333,349629
WBGene00004419.,35620,363150,398770
WBGene00004420.,26457,258685,285142
WBGene00004421.,11709,345266,356975
WBGene00004422.,1147,19089,20236
WBGene00004423.,29148,308772,337920
WBGene00004424.,52581,452713,505294
WBGene00004425.,16627,311285,327912
WBGene00004426.,21318,256634,277952
WBGene00004427.,2168,286488,288656
WBGene00004428.,20312,296023,316335
WBGene00004429.,50143,258280,308423
WBGene00004430.,30859,286307,317166
WBGene00004431.,19082,324526,343608
WBGene00004432.,1260,253057,254317
WBGene00004433.,12844,298642,311486
WBGene00004434.,16342,239758,256100
WBGene00004435.,15780,267973,283753
WBGene00004436.,31198,326024,357222
WBGene00004437.,948,16028,16976
WBGene00004438.,5222,46060,51282
WBGene00004439.,11583,99052,110635
WBGene00004440.,5882,232847,238729
WBGene00004441.,32817,137496,170313
WBGene00004442.,16749,180645,197394
WBGene00004443.,84111,54466,138577
WBGene00004444.,15748,156811,172559
WBGene00004445.,9100,220322,229422
WBGene00004446.,45491,357024,402515
WBGene00004447.,33494,248501,281995
WBGene00004448.,10246,202635,212881
WBGene00004449.,24149,280073,304222
WBGene00004450.,10508,263288,273796
WBGene00004451.,0,78,78
WBGene00004452.,10409,231396,241805
WBGene00004453.,4346,159112,163458
WBGene00004454.,20231,216879,237110
WBGene00004455.,4,9,13
WBGene00004456.,0,220086,220086
WBGene00004457.,24,823,847
WBGene00004458.,137,4230,4367
WBGene00004459.,28,3590,3618
WBGene00004460.,54,6932,6986
WBGene00004461.,65,4481,4546
WBGene00004462.,142,3828,3970
WBGene00004463.,149,5855,6004
WBGene00004464.,464,6140,6604
WBGene00004465.,225,4056,4281
WBGene00004466.,57,3440,3497
WBGene00004467.,32,5305,5337
WBGene00004468.,306,3697,4003
WBGene00004469.,2390,243144,245534
WBGene00004470.,10611,313663,324274
WBGene00004471.,117,216555,216672
WBGene00004472.,22400,293070,315470
WBGene00004473.,19900,268077,287977
WBGene00004474.,31218,330321,361539
WBGene00004475.,6933,151356,158289
WBGene00004476.,34403,279526,313929
WBGene00004477.,29437,344645,374082
WBGene00004478.,25166,383659,408825
WBGene00004479.,20205,281924,302129
WBGene00004480.,43695,319076,362771
WBGene00004481.,4923,267195,272118
WBGene00004482.,20231,244190,264421
WBGene00004483.,33599,375225,408824
WBGene00004484.,23886,281786,305672
WBGene00004485.,3454,111570,115024
WBGene00004486.,13430,197549,210979
WBGene00004487.,33525,302691,336216
WBGene00004488.,24397,283287,307684
WBGene00004489.,23493,256963,280456
WBGene00004490.,48617,121189,169806
WBGene00004491.,2023,189057,191080
WBGene00004492.,27330,362794,390124
WBGene00004493.,16138,267791,283929
WBGene00004494.,44400,430392,474792
WBGene00004495.,12484,292092,304576
WBGene00004496.,21489,202446,223935
WBGene00004497.,5720,148249,153969
WBGene00004498.,90800,103062,193862
WBGene00004499.,27504,248469,275973
WBGene00004501.,59,2854,2913
WBGene00004502.,81,5470,5551
WBGene00004503.,6,3509,3515
WBGene00004504.,709,6048,6757
WBGene00004505.,31,3511,3542
WBGene00004506.,40,5886,5926
WBGene00004507.,61,1409,1470
WBGene00004508.,92,1283,1375
WBGene00004509.,40,218,258
WBGene00004510.,32,705,737
WBGene00004512.,0,0,0
WBGene00004513.,0,0,0
WBGene00004567.,0,552301,552301
WBGene00004622.,0,10116250,10116250
WBGene00004677.,0,129801,129801
WBGene00004679.,339,3923,4262
WBGene00004680.,94,527,621
WBGene00004681.,563,1495,2058
WBGene00004682.,90,1321,1411
WBGene00004684.,76,1365,1441
WBGene00004698.,17,9435,9452
WBGene00004699.,133,5465,5598
WBGene00004700.,567,15187,15754
WBGene00004701.,11,4912,4923
WBGene00004702.,32,5177,5209
WBGene00004703.,341,15002,15343
WBGene00004704.,135,5731,5866
WBGene00004705.,300,5357,5657
WBGene00004706.,187,2331,2518
WBGene00004708.,0,0,0
WBGene00004716.,0,1,1
WBGene00004717.,0,0,0
WBGene00004719.,308,1128,1436
WBGene00004721.,58,599,657
WBGene00004723.,87,1919,2006
WBGene00004726.,49,804,853
WBGene00004727.,124,1049,1173
WBGene00004728.,353,2264,2617
WBGene00004729.,264,2026,2290
WBGene00004732.,800,4875,5675
WBGene00004735.,124,378,502
WBGene00004736.,2018,52785,54803
WBGene00004737.,3,850,853
WBGene00004738.,41,2709,2750
WBGene00004739.,1375,6463,7838
WBGene00004740.,209,1139,1348
WBGene00004742.,11,43,54
WBGene00004743.,502,2096,2598
WBGene00004744.,63,910,973
WBGene00004745.,58,539,597
WBGene00004746.,33,1670,1703
WBGene00004747.,54,685,739
WBGene00004748.,89,884,973
WBGene00004749.,146,4328,4474
WBGene00004750.,0,3,3
WBGene00004751.,1075,3183,4258
WBGene00004752.,96,1082,1178
WBGene00004753.,137,774,911
WBGene00004754.,734,3165,3899
WBGene00004755.,70,3688,3758
WBGene00004756.,44,1326,1370
WBGene00004758.,105,1614,1719
WBGene00004759.,94,2132,2226
WBGene00004760.,491,3025,3516
WBGene00004762.,200,1281,1481
WBGene00004764.,54,438,492
WBGene00004765.,379,563,942
WBGene00004766.,256,7764,8020
WBGene00004767.,50,1358,1408
WBGene00004768.,17,1333,1350
WBGene00004769.,24,572,596
WBGene00004771.,103,804,907
WBGene00004773.,699,3622,4321
WBGene00004774.,50,1734,1784
WBGene00004775.,28,348,376
WBGene00004776.,92,98,190
WBGene00004777.,259,735,994
WBGene00004778.,67,854,921
WBGene00004779.,303,1282,1585
WBGene00004780.,76,193,269
WBGene00004781.,25,1776,1801
WBGene00004782.,122,1535,1657
WBGene00004783.,854,3831,4685
WBGene00004786.,38,277,315
WBGene00004787.,129,580,709
WBGene00004788.,81,5326,5407
WBGene00004789.,28,146,174
WBGene00004790.,547,3570,4117
WBGene00004793.,184,265,449
WBGene00004795.,28,348,376
WBGene00004796.,12,84,96
WBGene00004798.,229,3643,3872
WBGene00004800.,98,2039,2137
WBGene00004801.,175,1928,2103
WBGene00004802.,21,60,81
WBGene00004803.,57,265,322
WBGene00004804.,515,3060,3575
WBGene00004806.,305,2014,2319
WBGene00004807.,78,16792,16870
WBGene00004808.,21,1649,1670
WBGene00004809.,229,2291,2520
WBGene00004810.,1,40,41
WBGene00004811.,0,7,7
WBGene00004812.,0,0,0
WBGene00004813.,0,3,3
WBGene00004814.,0,1,1
WBGene00004815.,0,0,0
WBGene00004816.,0,350,350
WBGene00004817.,0,2,2
WBGene00004818.,0,8,8
WBGene00004819.,0,2,2
WBGene00004820.,0,1,1
WBGene00004821.,0,2,2
WBGene00004822.,0,1093,1093
WBGene00004823.,0,329,329
WBGene00004824.,138,816,954
WBGene00004825.,0,296,296
WBGene00004826.,0,1001,1001
WBGene00004827.,0,379,379
WBGene00004829.,277,1813,2090
WBGene00004830.,256,2189,2445
WBGene00004831.,334,1099,1433
WBGene00004833.,0,335,335
WBGene00004834.,0,34,34
WBGene00004835.,0,25,25
WBGene00004836.,0,1196,1196
WBGene00004837.,0,0,0
WBGene00004838.,0,0,0
WBGene00004839.,0,43,43
WBGene00004840.,0,65,65
WBGene00004841.,0,42,42
WBGene00004842.,0,7,7
WBGene00004843.,0,0,0
WBGene00004844.,0,8,8
WBGene00004845.,0,19,19
WBGene00004846.,0,9,9
WBGene00004847.,0,0,0
WBGene00004848.,0,5,5
WBGene00004849.,0,87,87
WBGene00004850.,0,0,0
WBGene00004851.,0,2,2
WBGene00004854.,193,1771,1964
WBGene00004855.,402,6171,6573
WBGene00004856.,249,632,881
WBGene00004857.,99,556,655
WBGene00004858.,99,432,531
WBGene00004859.,75,386,461
WBGene00004860.,71,739,810
WBGene00004862.,720,3825,4545
WBGene00004873.,636,3979,4615
WBGene00004874.,141,3503,3644
WBGene00004875.,2,106,108
WBGene00004876.,9,128,137
WBGene00004877.,0,3,3
WBGene00004878.,11,10,21
WBGene00004879.,287,2062,2349
WBGene00004880.,127,2247,2374
WBGene00004881.,195,1421,1616
WBGene00004882.,60,1438,1498
WBGene00004883.,2,419,421
WBGene00004884.,318,2403,2721
WBGene00004885.,17,478,495
WBGene00004886.,69,476,545
WBGene00004887.,130,2788,2918
WBGene00004888.,1297,23980,25277
WBGene00004889.,186,1727,1913
WBGene00004890.,72,311,383
WBGene00004891.,116,3201,3317
WBGene00004892.,571,2783,3354
WBGene00004893.,72,1003,1075
WBGene00004894.,636,846,1482
WBGene00004895.,2986,1674,4660
WBGene00004896.,734,3223,3957
WBGene00004897.,20,12947,12967
WBGene00004898.,12,301,313
WBGene00004899.,16,2,18
WBGene00004900.,65,1572,1637
WBGene00004901.,2,3,5
WBGene00004902.,115,2653,2768
WBGene00004903.,0,2,2
WBGene00004904.,11,4,15
WBGene00004905.,163,364,527
WBGene00004906.,14,4,18
WBGene00004907.,43,102,145
WBGene00004908.,7,3,10
WBGene00004909.,0,3,3
WBGene00004910.,81,2547,2628
WBGene00004911.,13,160,173
WBGene00004912.,46,1128,1174
WBGene00004913.,144,962,1106
WBGene00004914.,190,12469,12659
WBGene00004915.,13,12902,12915
WBGene00004916.,290,11670,11960
WBGene00004917.,169,10765,10934
WBGene00004918.,1166,9811,10977
WBGene00004919.,268,9251,9519
WBGene00004920.,1011,12479,13490
WBGene00004921.,399,4027,4426
WBGene00004922.,279,668,947
WBGene00004923.,783,1973,2756
WBGene00004924.,323,5865,6188
WBGene00004925.,253,523,776
WBGene00004926.,30,764,794
WBGene00004927.,123,1872,1995
WBGene00004928.,80,461,541
WBGene00004929.,863,2692,3555
WBGene00004930.,518,11495,12013
WBGene00004931.,553,5356,5909
WBGene00004932.,8,4,12
WBGene00004933.,107,516,623
WBGene00004944.,193,701,894
WBGene00004945.,68,1392,1460
WBGene00004946.,324,1881,2205
WBGene00004947.,1577,3458,5035
WBGene00004949.,237,1000,1237
WBGene00004950.,1,337,338
WBGene00004951.,256,12149,12405
WBGene00004952.,7,954,961
WBGene00004953.,65,1118,1183
WBGene00004954.,29,225,254
WBGene00004955.,255,3179,3434
WBGene00004958.,21,80,101
WBGene00004959.,7,137,144
WBGene00004960.,13,70,83
WBGene00004962.,7,2,9
WBGene00004963.,22,13,35
WBGene00004964.,0,6,6
WBGene00004965.,2,2,4
WBGene00004966.,3,4,7
WBGene00004969.,126,364,490
WBGene00004971.,3,10,13
WBGene00004972.,7,53,60
WBGene00004973.,0,2,2
WBGene00004974.,15,42,57
WBGene00004975.,13,467,480
WBGene00004976.,5,12,17
WBGene00004978.,588,4948,5536
WBGene00004979.,113,759,872
WBGene00004980.,394,9732,10126
WBGene00004981.,51,955,1006
WBGene00004984.,5,247,252
WBGene00004985.,19,216,235
WBGene00004986.,27,391,418
WBGene00004987.,40,449,489
WBGene00004988.,69,801,870
WBGene00004989.,10,80,90
WBGene00004990.,188,2358,2546
WBGene00004991.,0,0,0
WBGene00004992.,5,13,18
WBGene00004993.,32,277,309
WBGene00004994.,1,4,5
WBGene00004995.,2495,12901,15396
WBGene00004996.,2,1,3
WBGene00004997.,2,25,27
WBGene00004998.,36,226,262
WBGene00004999.,163,2986,3149
WBGene00005000.,947,13355,14302
WBGene00005001.,21,176,197
WBGene00005002.,135,2619,2754
WBGene00005003.,38,435,473
WBGene00005004.,78,895,973
WBGene00005005.,0,0,0
WBGene00005006.,70,731,801
WBGene00005007.,58,2747,2805
WBGene00005008.,5,251,256
WBGene00005009.,35,2069,2104
WBGene00005010.,310,1273,1583
WBGene00005011.,52,528,580
WBGene00005012.,3,2,5
WBGene00005013.,0,25,25
WBGene00005014.,21,1093,1114
WBGene00005015.,117,2924,3041
WBGene00005016.,4,4600,4604
WBGene00005017.,175,1952,2127
WBGene00005018.,95,4032,4127
WBGene00005019.,37,997,1034
WBGene00005020.,181,296,477
WBGene00005021.,19,365,384
WBGene00005022.,38,2130,2168
WBGene00005023.,113,1306,1419
WBGene00005024.,245,537,782
WBGene00005025.,50,597,647
WBGene00005026.,134,950,1084
WBGene00005027.,0,2,2
WBGene00005028.,0,1,1
WBGene00005029.,1,10,11
WBGene00005030.,2,20,22
WBGene00005031.,1,4,5
WBGene00005032.,0,9,9
WBGene00005033.,3,17,20
WBGene00005034.,2,2,4
WBGene00005035.,2,4,6
WBGene00005036.,8,60,68
WBGene00005037.,1,21,22
WBGene00005038.,5,16,21
WBGene00005039.,3,10,13
WBGene00005040.,9,26,35
WBGene00005041.,0,10,10
WBGene00005042.,2,0,2
WBGene00005043.,1,6,7
WBGene00005044.,1,1,2
WBGene00005045.,0,1,1
WBGene00005046.,1,4,5
WBGene00005047.,1,29,30
WBGene00005048.,0,5,5
WBGene00005049.,0,2,2
WBGene00005050.,0,3,3
WBGene00005051.,6,11,17
WBGene00005052.,1,6,7
WBGene00005053.,3,5,8
WBGene00005054.,3,4,7
WBGene00005055.,2,2,4
WBGene00005056.,27,4,31
WBGene00005057.,2,5,7
WBGene00005058.,3,6,9
WBGene00005059.,3,19,22
WBGene00005060.,2,7,9
WBGene00005061.,11,2,13
WBGene00005062.,0,11,11
WBGene00005063.,8,84,92
WBGene00005064.,1,4,5
WBGene00005065.,7,6,13
WBGene00005066.,0,0,0
WBGene00005067.,3,16,19
WBGene00005068.,3,10,13
WBGene00005069.,1,2,3
WBGene00005070.,0,7,7
WBGene00005071.,8,11,19
WBGene00005072.,2,3,5
WBGene00005073.,0,1,1
WBGene00005074.,0,1,1
WBGene00005075.,2,3,5
WBGene00005076.,4,0,4
WBGene00005077.,203,1125,1328
WBGene00005078.,82,447,529
WBGene00005079.,4,5,9
WBGene00005080.,1,2,3
WBGene00005081.,12,18,30
WBGene00005082.,0,1,1
WBGene00005083.,2,6,8
WBGene00005084.,5,5,10
WBGene00005085.,1,5,6
WBGene00005086.,2,8,10
WBGene00005087.,0,6,6
WBGene00005088.,4,5,9
WBGene00005089.,8,13,21
WBGene00005090.,2,2,4
WBGene00005091.,0,0,0
WBGene00005092.,53,91,144
WBGene00005093.,1,17,18
WBGene00005094.,3,2,5
WBGene00005095.,1,11,12
WBGene00005096.,1,19,20
WBGene00005097.,0,8,8
WBGene00005098.,0,9,9
WBGene00005099.,0,1,1
WBGene00005100.,1,2,3
WBGene00005101.,20,166,186
WBGene00005102.,0,2,2
WBGene00005103.,1,5,6
WBGene00005104.,0,1,1
WBGene00005105.,0,12,12
WBGene00005106.,0,1,1
WBGene00005107.,4,72,76
WBGene00005108.,3,100,103
WBGene00005109.,1,5,6
WBGene00005110.,129,210,339
WBGene00005111.,15,179,194
WBGene00005112.,0,6,6
WBGene00005113.,26,100,126
WBGene00005114.,2,3,5
WBGene00005115.,0,6,6
WBGene00005116.,15,4,19
WBGene00005117.,2,1,3
WBGene00005118.,1,8,9
WBGene00005119.,2,7,9
WBGene00005120.,4,7,11
WBGene00005121.,4,4,8
WBGene00005122.,6,4,10
WBGene00005123.,1,8,9
WBGene00005124.,3,19,22
WBGene00005125.,2,3,5
WBGene00005126.,2,21,23
WBGene00005127.,29,154,183
WBGene00005128.,45,14,59
WBGene00005129.,64,139,203
WBGene00005130.,2,2,4
WBGene00005131.,23,64,87
WBGene00005132.,5,16,21
WBGene00005133.,10,11,21
WBGene00005134.,0,0,0
WBGene00005135.,0,3,3
WBGene00005136.,1,1,2
WBGene00005137.,1,0,1
WBGene00005138.,0,0,0
WBGene00005139.,0,0,0
WBGene00005140.,0,2,2
WBGene00005141.,3,4,7
WBGene00005142.,4,5,9
WBGene00005143.,7,1,8
WBGene00005144.,5,27,32
WBGene00005145.,2,1,3
WBGene00005146.,7,3,10
WBGene00005147.,14,105,119
WBGene00005148.,0,0,0
WBGene00005149.,18,39,57
WBGene00005150.,40,99,139
WBGene00005153.,112,413,525
WBGene00005159.,1,0,1
WBGene00005160.,1,7,8
WBGene00005161.,1,0,1
WBGene00005162.,20,62,82
WBGene00005163.,2,40,42
WBGene00005164.,3,2,5
WBGene00005165.,4,6,10
WBGene00005166.,1,6,7
WBGene00005167.,1,3,4
WBGene00005168.,5,19,24
WBGene00005169.,6,29,35
WBGene00005170.,11,21,32
WBGene00005171.,8,18,26
WBGene00005172.,8,27,35
WBGene00005173.,0,0,0
WBGene00005174.,52,185,237
WBGene00005175.,4,14,18
WBGene00005176.,4,6,10
WBGene00005177.,5,9,14
WBGene00005178.,6,4,10
WBGene00005179.,1,0,1
WBGene00005180.,1,2,3
WBGene00005181.,4,2,6
WBGene00005182.,12,43,55
WBGene00005183.,6,14,20
WBGene00005184.,4,7,11
WBGene00005185.,5,4,9
WBGene00005186.,6,25,31
WBGene00005187.,12,21,33
WBGene00005188.,1,2,3
WBGene00005189.,3,7,10
WBGene00005190.,3,2,5
WBGene00005191.,21,15,36
WBGene00005192.,2,4,6
WBGene00005193.,29,0,29
WBGene00005194.,0,1,1
WBGene00005195.,10,6,16
WBGene00005196.,1,4,5
WBGene00005197.,0,32,32
WBGene00005198.,1,17,18
WBGene00005199.,2,9,11
WBGene00005200.,4,1,5
WBGene00005201.,1,1,2
WBGene00005202.,10,8,18
WBGene00005203.,1,3,4
WBGene00005204.,3,7,10
WBGene00005205.,0,13,13
WBGene00005206.,2,19,21
WBGene00005207.,0,21,21
WBGene00005208.,17,66,83
WBGene00005210.,1,22,23
WBGene00005211.,4,6,10
WBGene00005212.,4,9,13
WBGene00005213.,2,11,13
WBGene00005214.,5,1,6
WBGene00005215.,2,1,3
WBGene00005216.,1,0,1
WBGene00005217.,0,0,0
WBGene00005218.,1,0,1
WBGene00005219.,5,15,20
WBGene00005220.,2,0,2
WBGene00005221.,11,2,13
WBGene00005222.,5,8,13
WBGene00005223.,3,1,4
WBGene00005224.,3,3,6
WBGene00005225.,2,1,3
WBGene00005226.,11,23,34
WBGene00005227.,1,6,7
WBGene00005228.,766,151,917
WBGene00005229.,7,4,11
WBGene00005230.,0,3,3
WBGene00005231.,2,6,8
WBGene00005232.,0,0,0
WBGene00005233.,0,3,3
WBGene00005234.,2,3,5
WBGene00005235.,0,2,2
WBGene00005236.,0,33,33
WBGene00005237.,0,8,8
WBGene00005238.,0,0,0
WBGene00005239.,2,2,4
WBGene00005240.,4,14,18
WBGene00005241.,5,15,20
WBGene00005242.,5,9,14
WBGene00005243.,3,45,48
WBGene00005244.,6,2,8
WBGene00005245.,0,9,9
WBGene00005246.,0,14,14
WBGene00005247.,0,1,1
WBGene00005248.,0,0,0
WBGene00005249.,1,2,3
WBGene00005250.,0,1,1
WBGene00005251.,13,42,55
WBGene00005252.,4,9,13
WBGene00005253.,26,164,190
WBGene00005254.,2,5,7
WBGene00005255.,2,2,4
WBGene00005256.,2,5,7
WBGene00005257.,1,15,16
WBGene00005258.,4,33,37
WBGene00005259.,0,1,1
WBGene00005260.,2,7,9
WBGene00005261.,10,5,15
WBGene00005262.,3,14,17
WBGene00005263.,1,6,7
WBGene00005264.,1,3,4
WBGene00005265.,0,7,7
WBGene00005266.,0,12,12
WBGene00005267.,10,10,20
WBGene00005268.,1,4,5
WBGene00005269.,0,16,16
WBGene00005270.,4,7,11
WBGene00005271.,19,5,24
WBGene00005272.,2,8,10
WBGene00005273.,1,5,6
WBGene00005274.,2,4,6
WBGene00005275.,1,2,3
WBGene00005276.,0,1,1
WBGene00005277.,0,0,0
WBGene00005278.,1,1,2
WBGene00005279.,0,11,11
WBGene00005280.,0,0,0
WBGene00005281.,0,2,2
WBGene00005282.,1,1,2
WBGene00005283.,2,23,25
WBGene00005284.,2,2,4
WBGene00005285.,0,1,1
WBGene00005286.,0,1,1
WBGene00005287.,1,3,4
WBGene00005288.,0,10,10
WBGene00005289.,2,45,47
WBGene00005290.,1,32,33
WBGene00005291.,1,5,6
WBGene00005292.,2,28,30
WBGene00005293.,0,22,22
WBGene00005294.,1,1,2
WBGene00005295.,1,2,3
WBGene00005296.,6,9,15
WBGene00005297.,1,18,19
WBGene00005298.,13,6,19
WBGene00005299.,17,37,54
WBGene00005300.,1,5,6
WBGene00005301.,6,1,7
WBGene00005302.,2,7,9
WBGene00005303.,2,3,5
WBGene00005304.,1,2,3
WBGene00005305.,3,3,6
WBGene00005306.,3,0,3
WBGene00005307.,7,6,13
WBGene00005308.,3,4,7
WBGene00005309.,0,1,1
WBGene00005310.,1,8,9
WBGene00005311.,31,39,70
WBGene00005312.,3,2,5
WBGene00005313.,1,1,2
WBGene00005314.,0,0,0
WBGene00005315.,2,0,2
WBGene00005316.,7,0,7
WBGene00005317.,0,1,1
WBGene00005318.,4,6,10
WBGene00005319.,2,10,12
WBGene00005320.,0,2,2
WBGene00005321.,5,0,5
WBGene00005322.,0,0,0
WBGene00005323.,0,0,0
WBGene00005324.,53,11,64
WBGene00005325.,0,2,2
WBGene00005326.,0,1,1
WBGene00005327.,0,3,3
WBGene00005328.,0,2,2
WBGene00005329.,0,0,0
WBGene00005330.,0,1,1
WBGene00005331.,0,1,1
WBGene00005332.,0,13,13
WBGene00005333.,1,4,5
WBGene00005334.,2,4,6
WBGene00005335.,3,2,5
WBGene00005336.,0,1,1
WBGene00005337.,1,2,3
WBGene00005338.,0,4,4
WBGene00005339.,1,3,4
WBGene00005340.,0,1,1
WBGene00005341.,2,4,6
WBGene00005342.,0,17,17
WBGene00005343.,10,30,40
WBGene00005344.,14,19,33
WBGene00005345.,4,10,14
WBGene00005346.,3,19,22
WBGene00005347.,2,10,12
WBGene00005348.,0,0,0
WBGene00005349.,0,0,0
WBGene00005350.,2,12,14
WBGene00005351.,9,3,12
WBGene00005352.,1,1,2
WBGene00005353.,4,36,40
WBGene00005354.,0,0,0
WBGene00005355.,0,0,0
WBGene00005356.,2,6,8
WBGene00005357.,0,2,2
WBGene00005358.,2,1,3
WBGene00005359.,0,9,9
WBGene00005360.,0,1,1
WBGene00005361.,1,2,3
WBGene00005362.,0,2,2
WBGene00005363.,0,1,1
WBGene00005364.,4,2,6
WBGene00005365.,1,0,1
WBGene00005366.,0,1,1
WBGene00005367.,1,0,1
WBGene00005368.,0,1,1
WBGene00005369.,0,3,3
WBGene00005370.,0,2,2
WBGene00005371.,2,7,9
WBGene00005372.,1,1,2
WBGene00005373.,0,1,1
WBGene00005374.,0,2,2
WBGene00005375.,0,1,1
WBGene00005376.,0,3,3
WBGene00005377.,1,2,3
WBGene00005378.,5,1,6
WBGene00005379.,0,6,6
WBGene00005380.,3,3,6
WBGene00005381.,5,12,17
WBGene00005382.,0,0,0
WBGene00005383.,1,3,4
WBGene00005384.,0,15,15
WBGene00005385.,4,6,10
WBGene00005386.,6,5,11
WBGene00005387.,17,15,32
WBGene00005388.,10,6,16
WBGene00005389.,1,0,1
WBGene00005390.,0,3,3
WBGene00005391.,0,0,0
WBGene00005392.,1,0,1
WBGene00005393.,2,7,9
WBGene00005394.,0,1,1
WBGene00005395.,2,3,5
WBGene00005396.,4,1,5
WBGene00005397.,3,8,11
WBGene00005398.,12,6,18
WBGene00005399.,0,4,4
WBGene00005400.,0,4,4
WBGene00005401.,0,3,3
WBGene00005402.,0,5,5
WBGene00005403.,6,86,92
WBGene00005404.,0,3,3
WBGene00005405.,13,8,21
WBGene00005406.,0,2,2
WBGene00005407.,3,2,5
WBGene00005408.,1,6,7
WBGene00005409.,0,9,9
WBGene00005410.,3,6,9
WBGene00005411.,0,19,19
WBGene00005412.,1,3,4
WBGene00005413.,3,2,5
WBGene00005414.,1,1,2
WBGene00005415.,3,3,6
WBGene00005416.,1,1,2
WBGene00005417.,0,3,3
WBGene00005418.,1,11,12
WBGene00005419.,1,2,3
WBGene00005420.,5,25,30
WBGene00005421.,5,5,10
WBGene00005422.,4,15,19
WBGene00005423.,3,7,10
WBGene00005424.,5,4,9
WBGene00005425.,2,1,3
WBGene00005426.,2,4,6
WBGene00005427.,1,10,11
WBGene00005428.,0,2,2
WBGene00005429.,3,2,5
WBGene00005430.,0,3,3
WBGene00005431.,1,5,6
WBGene00005432.,1,0,1
WBGene00005433.,1,3,4
WBGene00005434.,10,7,17
WBGene00005435.,0,0,0
WBGene00005436.,0,0,0
WBGene00005437.,3,6,9
WBGene00005438.,2,16,18
WBGene00005439.,2,1,3
WBGene00005440.,0,3,3
WBGene00005441.,2,4,6
WBGene00005442.,3,0,3
WBGene00005443.,0,1,1
WBGene00005444.,1,13,14
WBGene00005445.,19,0,19
WBGene00005446.,0,1,1
WBGene00005447.,2,2,4
WBGene00005448.,1,3,4
WBGene00005449.,0,1,1
WBGene00005450.,1,2,3
WBGene00005451.,0,2,2
WBGene00005452.,1,1,2
WBGene00005453.,0,1,1
WBGene00005454.,0,2,2
WBGene00005455.,1,2,3
WBGene00005456.,1,1,2
WBGene00005457.,1,4,5
WBGene00005458.,1,4,5
WBGene00005459.,0,2,2
WBGene00005460.,3,1,4
WBGene00005461.,1,1,2
WBGene00005462.,0,0,0
WBGene00005463.,23,0,23
WBGene00005464.,0,0,0
WBGene00005465.,0,1,1
WBGene00005466.,0,0,0
WBGene00005467.,3,0,3
WBGene00005468.,3,2,5
WBGene00005469.,7,2,9
WBGene00005470.,0,4,4
WBGene00005471.,0,2,2
WBGene00005472.,1,4,5
WBGene00005473.,1,3,4
WBGene00005474.,5,4,9
WBGene00005475.,15,10,25
WBGene00005476.,0,4,4
WBGene00005477.,4,58,62
WBGene00005478.,0,1,1
WBGene00005479.,2,0,2
WBGene00005480.,1,4,5
WBGene00005481.,1,29,30
WBGene00005482.,1,20,21
WBGene00005483.,0,1,1
WBGene00005484.,0,7,7
WBGene00005485.,1,3,4
WBGene00005486.,0,2,2
WBGene00005487.,0,7,7
WBGene00005488.,3,5,8
WBGene00005489.,6,0,6
WBGene00005490.,4,2,6
WBGene00005491.,0,2,2
WBGene00005492.,0,0,0
WBGene00005493.,1,1,2
WBGene00005494.,3,5,8
WBGene00005495.,2,0,2
WBGene00005496.,0,3,3
WBGene00005497.,3,0,3
WBGene00005498.,0,1,1
WBGene00005499.,0,0,0
WBGene00005500.,10,12,22
WBGene00005501.,2,3,5
WBGene00005502.,1,1,2
WBGene00005503.,1,2,3
WBGene00005504.,1,3,4
WBGene00005505.,8,1,9
WBGene00005506.,4,3,7
WBGene00005507.,3,5,8
WBGene00005508.,0,1,1
WBGene00005509.,0,0,0
WBGene00005510.,0,0,0
WBGene00005511.,4,3,7
WBGene00005512.,1,2,3
WBGene00005513.,1,11,12
WBGene00005514.,7,36,43
WBGene00005515.,2,6,8
WBGene00005516.,3,9,12
WBGene00005517.,2,19,21
WBGene00005518.,18,30,48
WBGene00005519.,1,2,3
WBGene00005520.,0,6,6
WBGene00005521.,1,0,1
WBGene00005522.,3,7,10
WBGene00005523.,21,1097,1118
WBGene00005524.,4,5,9
WBGene00005525.,0,0,0
WBGene00005526.,0,1,1
WBGene00005527.,7,1,8
WBGene00005528.,3,24,27
WBGene00005529.,24,17,41
WBGene00005530.,38,31,69
WBGene00005531.,55,76,131
WBGene00005532.,10,20,30
WBGene00005533.,0,1,1
WBGene00005534.,5,16,21
WBGene00005535.,7,2,9
WBGene00005536.,1,5,6
WBGene00005537.,5,3,8
WBGene00005538.,2,3,5
WBGene00005539.,1,2,3
WBGene00005540.,0,8,8
WBGene00005541.,0,1,1
WBGene00005542.,6,4,10
WBGene00005543.,0,2,2
WBGene00005544.,0,1,1
WBGene00005545.,7,1,8
WBGene00005546.,3,2,5
WBGene00005547.,0,8,8
WBGene00005548.,1,1,2
WBGene00005549.,4,5,9
WBGene00005550.,0,6,6
WBGene00005551.,0,2,2
WBGene00005552.,43,56,99
WBGene00005553.,0,3,3
WBGene00005554.,7,0,7
WBGene00005555.,0,0,0
WBGene00005556.,5,4,9
WBGene00005557.,10,10,20
WBGene00005558.,0,3,3
WBGene00005559.,13,49,62
WBGene00005560.,30,117,147
WBGene00005561.,0,2,2
WBGene00005562.,2,0,2
WBGene00005563.,4,13,17
WBGene00005564.,0,0,0
WBGene00005565.,0,0,0
WBGene00005566.,4,3,7
WBGene00005567.,0,0,0
WBGene00005568.,15,19,34
WBGene00005569.,3,5,8
WBGene00005570.,1,3,4
WBGene00005571.,0,0,0
WBGene00005572.,1,2,3
WBGene00005573.,1,0,1
WBGene00005574.,2,7,9
WBGene00005575.,3,19,22
WBGene00005576.,0,2,2
WBGene00005577.,0,0,0
WBGene00005578.,2,1,3
WBGene00005579.,11,1,12
WBGene00005580.,3,1,4
WBGene00005581.,0,6,6
WBGene00005582.,1,1,2
WBGene00005583.,0,3,3
WBGene00005584.,1,7,8
WBGene00005585.,2,4,6
WBGene00005586.,1,4,5
WBGene00005587.,1,0,1
WBGene00005588.,0,2,2
WBGene00005589.,3,3,6
WBGene00005590.,0,2,2
WBGene00005591.,25,13,38
WBGene00005592.,0,13,13
WBGene00005593.,1,1,2
WBGene00005594.,1,1,2
WBGene00005595.,6,3,9
WBGene00005596.,4,1,5
WBGene00005597.,2,2,4
WBGene00005598.,0,4,4
WBGene00005599.,0,2,2
WBGene00005600.,4,3,7
WBGene00005601.,0,1,1
WBGene00005602.,23,380,403
WBGene00005603.,4,18,22
WBGene00005604.,5,5,10
WBGene00005605.,6,7,13
WBGene00005606.,6,32,38
WBGene00005607.,5,8,13
WBGene00005608.,1,6,7
WBGene00005609.,0,32,32
WBGene00005610.,3,0,3
WBGene00005611.,21,53,74
WBGene00005612.,29,8,37
WBGene00005613.,27,7,34
WBGene00005614.,1,2,3
WBGene00005615.,2,1,3
WBGene00005616.,1,3,4
WBGene00005617.,1,0,1
WBGene00005618.,6,0,6
WBGene00005619.,0,4,4
WBGene00005620.,32,14,46
WBGene00005621.,1,0,1
WBGene00005622.,3,2,5
WBGene00005623.,2,1,3
WBGene00005624.,4,2,6
WBGene00005625.,2,0,2
WBGene00005626.,0,0,0
WBGene00005627.,0,1,1
WBGene00005628.,1,1,2
WBGene00005629.,5,0,5
WBGene00005630.,4,2,6
WBGene00005631.,2,1,3
WBGene00005632.,1,1,2
WBGene00005633.,1,0,1
WBGene00005634.,1,0,1
WBGene00005635.,0,2,2
WBGene00005638.,2,26,28
WBGene00005639.,0,1,1
WBGene00005640.,2,10,12
WBGene00005641.,48,113,161
WBGene00005642.,14,116,130
WBGene00005643.,4,64,68
WBGene00005644.,343,1356,1699
WBGene00005646.,0,14,14
WBGene00005647.,60,672,732
WBGene00005648.,373,2279,2652
WBGene00005649.,21,20,41
WBGene00005650.,0,0,0
WBGene00005651.,0,6,6
WBGene00005652.,57,551,608
WBGene00005653.,2,31,33
WBGene00005654.,24,401,425
WBGene00005655.,74,1229,1303
WBGene00005656.,27,106,133
WBGene00005657.,11,165,176
WBGene00005658.,2,3,5
WBGene00005659.,6,5,11
WBGene00005660.,3,31,34
WBGene00005661.,1,53,54
WBGene00005662.,159,1398,1557
WBGene00005663.,1190,9571,10761
WBGene00005664.,2,17,19
WBGene00005665.,3,15,18
WBGene00005666.,2,5,7
WBGene00005667.,1,1,2
WBGene00005668.,2,15,17
WBGene00005669.,1,5,6
WBGene00005670.,12,29,41
WBGene00005671.,7,20,27
WBGene00005672.,2,0,2
WBGene00005673.,1,0,1
WBGene00005674.,4,4,8
WBGene00005675.,2,4,6
WBGene00005676.,2,19,21
WBGene00005677.,7,22,29
WBGene00005678.,2,15,17
WBGene00005679.,4,4,8
WBGene00005680.,2,1,3
WBGene00005681.,1,0,1
WBGene00005682.,2,1,3
WBGene00005683.,0,4,4
WBGene00005684.,11,3,14
WBGene00005685.,3,6,9
WBGene00005686.,3,12,15
WBGene00005687.,7,27,34
WBGene00005688.,1,5,6
WBGene00005689.,9,24,33
WBGene00005690.,6,25,31
WBGene00005691.,4,10,14
WBGene00005692.,2,13,15
WBGene00005693.,1,1,2
WBGene00005694.,2,2,4
WBGene00005695.,0,2,2
WBGene00005696.,1,6,7
WBGene00005697.,0,12,12
WBGene00005698.,0,3,3
WBGene00005699.,6,12,18
WBGene00005700.,0,18,18
WBGene00005701.,0,3,3
WBGene00005702.,0,31,31
WBGene00005703.,4,18,22
WBGene00005704.,1,6,7
WBGene00005705.,1,4,5
WBGene00005706.,0,10,10
WBGene00005707.,1,2,3
WBGene00005708.,1,3,4
WBGene00005709.,11,3,14
WBGene00005710.,23,61,84
WBGene00005711.,0,22,22
WBGene00005712.,21,72,93
WBGene00005713.,4,27,31
WBGene00005714.,4,7,11
WBGene00005715.,32,13,45
WBGene00005716.,11,54,65
WBGene00005717.,17,62,79
WBGene00005718.,27,101,128
WBGene00005719.,15,41,56
WBGene00005720.,4,6,10
WBGene00005721.,16,21,37
WBGene00005722.,19,2,21
WBGene00005723.,7,2,9
WBGene00005724.,17,26,43
WBGene00005725.,12,44,56
WBGene00005726.,21,17,38
WBGene00005727.,12,19,31
WBGene00005728.,1,0,1
WBGene00005729.,2,1,3
WBGene00005730.,0,0,0
WBGene00005731.,2,0,2
WBGene00005732.,1,1,2
WBGene00005733.,1,3,4
WBGene00005734.,0,0,0
WBGene00005735.,17,28,45
WBGene00005736.,4,14,18
WBGene00005737.,11,10,21
WBGene00005738.,8,32,40
WBGene00005739.,9,34,43
WBGene00005740.,1,2,3
WBGene00005741.,5,2,7
WBGene00005742.,4,8,12
WBGene00005743.,4,35,39
WBGene00005744.,1,2,3
WBGene00005745.,6,15,21
WBGene00005746.,0,1,1
WBGene00005747.,18,5,23
WBGene00005748.,6,24,30
WBGene00005749.,0,0,0
WBGene00005750.,2,0,2
WBGene00005751.,1,1,2
WBGene00005752.,9,118,127
WBGene00005753.,7,8,15
WBGene00005754.,3,21,24
WBGene00005755.,6,33,39
WBGene00005756.,1,6,7
WBGene00005757.,7,59,66
WBGene00005758.,1,21,22
WBGene00005759.,1,312,313
WBGene00005760.,0,2,2
WBGene00005761.,1,3,4
WBGene00005762.,2,1,3
WBGene00005763.,0,4,4
WBGene00005764.,3,9,12
WBGene00005765.,0,1,1
WBGene00005766.,2,16,18
WBGene00005767.,1,1,2
WBGene00005768.,0,1,1
WBGene00005769.,0,0,0
WBGene00005770.,2,3,5
WBGene00005771.,0,11,11
WBGene00005772.,8,3,11
WBGene00005773.,1,4,5
WBGene00005774.,0,1,1
WBGene00005775.,0,4,4
WBGene00005776.,2,1,3
WBGene00005777.,0,3,3
WBGene00005778.,2,0,2
WBGene00005779.,1,0,1
WBGene00005780.,2,1,3
WBGene00005781.,1,1,2
WBGene00005782.,1,0,1
WBGene00005783.,3,1,4
WBGene00005784.,0,1,1
WBGene00005785.,1,0,1
WBGene00005786.,7,2,9
WBGene00005787.,1,2,3
WBGene00005788.,3,1,4
WBGene00005789.,0,4,4
WBGene00005790.,0,4,4
WBGene00005791.,2,11,13
WBGene00005792.,80,0,80
WBGene00005793.,0,0,0
WBGene00005794.,1,2,3
WBGene00005795.,0,0,0
WBGene00005796.,2,0,2
WBGene00005797.,0,1,1
WBGene00005798.,0,1,1
WBGene00005799.,0,1,1
WBGene00005800.,0,15,15
WBGene00005801.,0,2,2
WBGene00005802.,2,2,4
WBGene00005803.,0,3,3
WBGene00005804.,0,3,3
WBGene00005805.,0,3,3
WBGene00005806.,0,0,0
WBGene00005807.,2,6,8
WBGene00005808.,2,4,6
WBGene00005809.,1,2,3
WBGene00005810.,3,9,12
WBGene00005811.,9,21,30
WBGene00005812.,1,4,5
WBGene00005813.,3,1,4
WBGene00005814.,0,2,2
WBGene00005815.,170,702,872
WBGene00005816.,145,217,362
WBGene00005817.,0,5,5
WBGene00005818.,106,637,743
WBGene00005819.,1,1,2
WBGene00005820.,6,11,17
WBGene00005821.,0,1,1
WBGene00005822.,1,1,2
WBGene00005823.,3,0,3
WBGene00005824.,1,1,2
WBGene00005825.,15,38,53
WBGene00005826.,0,4,4
WBGene00005827.,1,37,38
WBGene00005828.,8,27,35
WBGene00005829.,1,1,2
WBGene00005830.,4,3,7
WBGene00005831.,2,0,2
WBGene00005832.,82,1032,1114
WBGene00005833.,0,12,12
WBGene00005834.,2,37,39
WBGene00005835.,2,13,15
WBGene00005836.,2,8,10
WBGene00005837.,2,21,23
WBGene00005838.,9,14,23
WBGene00005839.,0,2,2
WBGene00005840.,4,24,28
WBGene00005841.,7,1,8
WBGene00005842.,1,4,5
WBGene00005843.,2,8,10
WBGene00005844.,1,3,4
WBGene00005845.,1,11,12
WBGene00005846.,1,6,7
WBGene00005847.,10,7,17
WBGene00005848.,8,4,12
WBGene00005849.,1,1,2
WBGene00005850.,3,3,6
WBGene00005851.,1,2,3
WBGene00005852.,2,6,8
WBGene00005853.,2,1,3
WBGene00005854.,6,1,7
WBGene00005855.,1,2,3
WBGene00005856.,1,6,7
WBGene00005857.,0,1,1
WBGene00005858.,11,0,11
WBGene00005859.,0,4,4
WBGene00005860.,1,1,2
WBGene00005861.,0,0,0
WBGene00005862.,3,2,5
WBGene00005863.,3,2,5
WBGene00005864.,0,1,1
WBGene00005865.,0,1,1
WBGene00005866.,1,2,3
WBGene00005867.,0,1,1
WBGene00005868.,0,1,1
WBGene00005869.,2,2,4
WBGene00005870.,1,3,4
WBGene00005871.,0,0,0
WBGene00005872.,0,0,0
WBGene00005873.,1,1,2
WBGene00005874.,4,1,5
WBGene00005875.,0,6,6
WBGene00005876.,4,3,7
WBGene00005877.,3,2,5
WBGene00005878.,0,7,7
WBGene00005879.,0,1,1
WBGene00005880.,0,0,0
WBGene00005881.,2,1,3
WBGene00005882.,0,1,1
WBGene00005883.,1,0,1
WBGene00005884.,0,1,1
WBGene00005885.,0,2,2
WBGene00005886.,3,3,6
WBGene00005887.,7,13,20
WBGene00005888.,0,2,2
WBGene00005889.,0,1,1
WBGene00005890.,0,1,1
WBGene00005891.,1,2,3
WBGene00005892.,1,3,4
WBGene00005893.,37,192,229
WBGene00005894.,2,1,3
WBGene00005895.,5,7,12
WBGene00005896.,1,2,3
WBGene00005897.,3,1,4
WBGene00005898.,13,28,41
WBGene00005899.,1,7,8
WBGene00005900.,3,1,4
WBGene00005901.,4,5,9
WBGene00005902.,2,1,3
WBGene00005903.,16,32,48
WBGene00005904.,16,5,21
WBGene00005905.,7,10,17
WBGene00005906.,7,44,51
WBGene00005907.,2,8,10
WBGene00005908.,6,18,24
WBGene00005909.,10,30,40
WBGene00005910.,23,121,144
WBGene00005911.,0,3,3
WBGene00005912.,1,4,5
WBGene00005913.,2,0,2
WBGene00005914.,1,3,4
WBGene00005915.,3,1,4
WBGene00005916.,5,0,5
WBGene00005917.,0,0,0
WBGene00005918.,1,1,2
WBGene00005919.,1,1,2
WBGene00005920.,0,2,2
WBGene00005921.,3,0,3
WBGene00005922.,0,0,0
WBGene00005923.,0,0,0
WBGene00005924.,2,2,4
WBGene00005925.,1,11,12
WBGene00005926.,8,17,25
WBGene00005927.,2,3,5
WBGene00005928.,3,7,10
WBGene00005929.,3,6,9
WBGene00005930.,0,2,2
WBGene00005931.,1,0,1
WBGene00005932.,12,11,23
WBGene00005933.,4,5,9
WBGene00005934.,1,14,15
WBGene00005935.,4,18,22
WBGene00005936.,49,363,412
WBGene00005937.,5,37,42
WBGene00005938.,39,98,137
WBGene00005939.,4,6,10
WBGene00005940.,6,8,14
WBGene00005941.,3,3,6
WBGene00005942.,2,1,3
WBGene00005943.,0,1,1
WBGene00005944.,0,1,1
WBGene00005945.,10,1,11
WBGene00005946.,0,1,1
WBGene00005947.,11,87,98
WBGene00005948.,1,3,4
WBGene00005949.,6,51,57
WBGene00005950.,3,3,6
WBGene00005951.,4,1,5
WBGene00005952.,0,6,6
WBGene00005953.,1,5,6
WBGene00005954.,3,0,3
WBGene00005955.,1,12,13
WBGene00005956.,0,0,0
WBGene00005957.,2,3,5
WBGene00005958.,4,7,11
WBGene00005959.,18,114,132
WBGene00005960.,0,1,1
WBGene00005961.,1,1,2
WBGene00005962.,27,42,69
WBGene00005963.,8,16,24
WBGene00005964.,1,5,6
WBGene00005965.,51,10,61
WBGene00005966.,6,7,13
WBGene00005967.,39,101,140
WBGene00005968.,0,7,7
WBGene00005969.,3,2,5
WBGene00005970.,0,3,3
WBGene00005971.,0,19,19
WBGene00005972.,6,21,27
WBGene00005973.,12,3,15
WBGene00005974.,1,6,7
WBGene00005975.,17,60,77
WBGene00005976.,6,22,28
WBGene00005977.,4,31,35
WBGene00005978.,0,0,0
WBGene00005979.,4,2,6
WBGene00005980.,1,7,8
WBGene00005981.,10,7,17
WBGene00005982.,56,33,89
WBGene00005983.,3,3,6
WBGene00005984.,3,0,3
WBGene00005985.,1,1,2
WBGene00005986.,9,9,18
WBGene00005987.,4,1,5
WBGene00005988.,4,1,5
WBGene00005989.,4,1,5
WBGene00005990.,1,2,3
WBGene00005991.,4,3,7
WBGene00005992.,3,2,5
WBGene00005993.,0,1,1
WBGene00005994.,69,0,69
WBGene00005995.,9,8,17
WBGene00005996.,1,1,2
WBGene00005997.,2,1,3
WBGene00005998.,4,13,17
WBGene00005999.,1,11,12
WBGene00006000.,4,12,16
WBGene00006001.,2,6,8
WBGene00006002.,1,2,3
WBGene00006003.,3,8,11
WBGene00006004.,6,5,11
WBGene00006005.,5,29,34
WBGene00006006.,7,33,40
WBGene00006007.,3,4,7
WBGene00006008.,2,10,12
WBGene00006009.,2,6,8
WBGene00006010.,5,11,16
WBGene00006011.,1,2,3
WBGene00006012.,5,8,13
WBGene00006013.,3,1,4
WBGene00006014.,15,17,32
WBGene00006015.,22,12,34
WBGene00006016.,7,5,12
WBGene00006017.,0,9,9
WBGene00006018.,2,5,7
WBGene00006019.,1,21,22
WBGene00006020.,4,8,12
WBGene00006021.,3,3,6
WBGene00006022.,4,1,5
WBGene00006023.,0,15,15
WBGene00006024.,1,1,2
WBGene00006025.,0,7,7
WBGene00006026.,6,22,28
WBGene00006027.,2,3,5
WBGene00006028.,3,16,19
WBGene00006029.,2,0,2
WBGene00006038.,0,2,2
WBGene00006039.,0,6,6
WBGene00006040.,0,1,1
WBGene00006044.,0,7,7
WBGene00006047.,0,0,0
WBGene00006048.,0,0,0
WBGene00006049.,1,3,4
WBGene00006050.,80,935,1015
WBGene00006051.,8,28,36
WBGene00006052.,0,2,2
WBGene00006053.,2,3,5
WBGene00006055.,149,855,1004
WBGene00006056.,1,3,4
WBGene00006057.,0,3,3
WBGene00006058.,1,5,6
WBGene00006059.,218,2233,2451
WBGene00006060.,0,1,1
WBGene00006061.,57,2575,2632
WBGene00006062.,549,2411,2960
WBGene00006063.,19,538,557
WBGene00006064.,212,479,691
WBGene00006065.,6,15,21
WBGene00006066.,110,2531,2641
WBGene00006067.,499,2581,3080
WBGene00006068.,53,326,379
WBGene00006069.,7,20,27
WBGene00006070.,0,1,1
WBGene00006071.,10,17,27
WBGene00006072.,2,4,6
WBGene00006073.,0,0,0
WBGene00006074.,0,0,0
WBGene00006075.,22,138,160
WBGene00006076.,3,3,6
WBGene00006077.,3,14,17
WBGene00006078.,0,4,4
WBGene00006079.,1,1,2
WBGene00006080.,3,11,14
WBGene00006081.,1,1,2
WBGene00006082.,2,0,2
WBGene00006083.,2,1,3
WBGene00006084.,6,3,9
WBGene00006085.,3,23,26
WBGene00006086.,2,34,36
WBGene00006087.,4,7,11
WBGene00006088.,0,1,1
WBGene00006089.,0,0,0
WBGene00006090.,6,4,10
WBGene00006091.,0,2,2
WBGene00006092.,2,1,3
WBGene00006093.,2,8,10
WBGene00006094.,0,0,0
WBGene00006095.,2,4,6
WBGene00006096.,4,17,21
WBGene00006097.,0,6,6
WBGene00006098.,1,4,5
WBGene00006099.,4,2,6
WBGene00006100.,0,1,1
WBGene00006101.,1,1,2
WBGene00006102.,2,7,9
WBGene00006103.,1,20,21
WBGene00006104.,2,0,2
WBGene00006105.,1,3,4
WBGene00006106.,0,2,2
WBGene00006107.,2,2,4
WBGene00006108.,1,1,2
WBGene00006109.,4,23,27
WBGene00006110.,7,25,32
WBGene00006111.,0,5,5
WBGene00006112.,2,3,5
WBGene00006113.,2,53,55
WBGene00006114.,108,216,324
WBGene00006115.,70,1,71
WBGene00006116.,1,4,5
WBGene00006117.,0,3,3
WBGene00006118.,0,3,3
WBGene00006119.,0,0,0
WBGene00006120.,0,0,0
WBGene00006121.,1,2,3
WBGene00006122.,1,3,4
WBGene00006123.,1,4,5
WBGene00006124.,0,3,3
WBGene00006125.,1,2,3
WBGene00006126.,1,5,6
WBGene00006127.,1,3,4
WBGene00006128.,1,9,10
WBGene00006129.,4,0,4
WBGene00006130.,1,17,18
WBGene00006131.,0,1,1
WBGene00006132.,2,6,8
WBGene00006133.,1,1,2
WBGene00006134.,5,1,6
WBGene00006135.,4,21,25
WBGene00006136.,0,0,0
WBGene00006137.,0,0,0
WBGene00006138.,4,7,11
WBGene00006139.,8,38,46
WBGene00006140.,78,12,90
WBGene00006141.,3,2,5
WBGene00006142.,4,3,7
WBGene00006143.,2,5,7
WBGene00006144.,2,1,3
WBGene00006145.,1,0,1
WBGene00006146.,1,3,4
WBGene00006147.,2,3,5
WBGene00006148.,1,7,8
WBGene00006149.,3,6,9
WBGene00006150.,0,6,6
WBGene00006151.,2,7,9
WBGene00006152.,2,15,17
WBGene00006153.,3,8,11
WBGene00006154.,3,12,15
WBGene00006155.,1,6,7
WBGene00006156.,0,4,4
WBGene00006157.,2,2,4
WBGene00006158.,0,4,4
WBGene00006159.,4,6,10
WBGene00006160.,0,0,0
WBGene00006161.,0,4,4
WBGene00006162.,0,11,11
WBGene00006163.,37,54,91
WBGene00006164.,5,17,22
WBGene00006165.,1,7,8
WBGene00006166.,1,1,2
WBGene00006167.,2,9,11
WBGene00006168.,1,1,2
WBGene00006169.,25,2,27
WBGene00006170.,0,0,0
WBGene00006171.,0,0,0
WBGene00006172.,16,13,29
WBGene00006173.,2,1,3
WBGene00006174.,1,0,1
WBGene00006175.,0,0,0
WBGene00006176.,2,6,8
WBGene00006177.,2,1,3
WBGene00006178.,0,3,3
WBGene00006179.,1,6,7
WBGene00006180.,1,7,8
WBGene00006181.,0,4,4
WBGene00006182.,9,18,27
WBGene00006183.,5,7,12
WBGene00006184.,1,2,3
WBGene00006185.,0,0,0
WBGene00006186.,2,1,3
WBGene00006187.,2,0,2
WBGene00006188.,4,4,8
WBGene00006189.,4,10,14
WBGene00006190.,3,2,5
WBGene00006191.,5,21,26
WBGene00006192.,2,3,5
WBGene00006193.,5,18,23
WBGene00006194.,4,4,8
WBGene00006195.,7,34,41
WBGene00006196.,0,0,0
WBGene00006197.,2,3,5
WBGene00006198.,12,132,144
WBGene00006199.,6,5,11
WBGene00006200.,0,0,0
WBGene00006201.,2,9,11
WBGene00006202.,0,0,0
WBGene00006203.,3,5,8
WBGene00006204.,0,2,2
WBGene00006205.,2,6,8
WBGene00006206.,2,0,2
WBGene00006207.,12,50,62
WBGene00006208.,14,24,38
WBGene00006209.,13,32,45
WBGene00006210.,7,9,16
WBGene00006211.,22,75,97
WBGene00006212.,5,12,17
WBGene00006213.,3,22,25
WBGene00006214.,18,3,21
WBGene00006215.,1,7,8
WBGene00006216.,2,2,4
WBGene00006217.,0,2,2
WBGene00006218.,5,29,34
WBGene00006219.,1,3,4
WBGene00006220.,38,192,230
WBGene00006221.,0,4,4
WBGene00006222.,1,6,7
WBGene00006223.,1,2,3
WBGene00006224.,2,4,6
WBGene00006225.,1,1,2
WBGene00006226.,0,29,29
WBGene00006227.,0,4,4
WBGene00006228.,0,8,8
WBGene00006229.,2,11,13
WBGene00006230.,1,2,3
WBGene00006231.,4,5,9
WBGene00006232.,1,0,1
WBGene00006233.,2,0,2
WBGene00006234.,2,1,3
WBGene00006235.,0,0,0
WBGene00006236.,0,2,2
WBGene00006237.,3,20,23
WBGene00006238.,0,1,1
WBGene00006239.,6,19,25
WBGene00006240.,0,0,0
WBGene00006241.,1,1,2
WBGene00006242.,2,2,4
WBGene00006243.,5,7,12
WBGene00006244.,2,4,6
WBGene00006245.,0,3,3
WBGene00006246.,0,1,1
WBGene00006247.,3,4,7
WBGene00006248.,3,2,5
WBGene00006249.,1,2,3
WBGene00006250.,1,0,1
WBGene00006251.,3,4,7
WBGene00006252.,1,5,6
WBGene00006253.,11,4,15
WBGene00006254.,0,1,1
WBGene00006255.,15,19,34
WBGene00006256.,0,9,9
WBGene00006257.,1,0,1
WBGene00006258.,1,10,11
WBGene00006259.,2,0,2
WBGene00006260.,2,3,5
WBGene00006261.,3,0,3
WBGene00006262.,2,12,14
WBGene00006263.,3,1,4
WBGene00006264.,4,1,5
WBGene00006265.,3,2,5
WBGene00006266.,67,1,68
WBGene00006267.,0,2,2
WBGene00006268.,0,8,8
WBGene00006269.,0,0,0
WBGene00006270.,3,2,5
WBGene00006271.,0,3,3
WBGene00006272.,1,9,10
WBGene00006273.,1,2,3
WBGene00006274.,0,0,0
WBGene00006275.,1,3,4
WBGene00006276.,0,3,3
WBGene00006277.,0,2,2
WBGene00006278.,7,15,22
WBGene00006279.,9,14,23
WBGene00006280.,0,3,3
WBGene00006281.,10,1,11
WBGene00006282.,0,2,2
WBGene00006283.,0,0,0
WBGene00006284.,0,0,0
WBGene00006285.,20,50,70
WBGene00006286.,7,12,19
WBGene00006287.,9,29,38
WBGene00006288.,13,14,27
WBGene00006289.,0,2,2
WBGene00006306.,464,2126,2590
WBGene00006307.,125,2309,2434
WBGene00006308.,29,192,221
WBGene00006309.,123,2441,2564
WBGene00006310.,76,140,216
WBGene00006311.,3,163,166
WBGene00006314.,0,0,0
WBGene00006315.,0,0,0
WBGene00006316.,0,0,0
WBGene00006318.,128,1123,1251
WBGene00006319.,46,724,770
WBGene00006321.,171,5269,5440
WBGene00006324.,36,1124,1160
WBGene00006327.,0,0,0
WBGene00006330.,0,0,0
WBGene00006331.,285,9738,10023
WBGene00006333.,0,0,0
WBGene00006334.,0,0,0
WBGene00006338.,0,0,0
WBGene00006342.,270,3578,3848
WBGene00006344.,0,0,0
WBGene00006349.,260,1121,1381
WBGene00006351.,61,1370,1431
WBGene00006352.,119,2834,2953
WBGene00006353.,31,487,518
WBGene00006359.,87,1795,1882
WBGene00006363.,164,394,558
WBGene00006364.,439,1880,2319
WBGene00006365.,97,943,1040
WBGene00006366.,206,5555,5761
WBGene00006367.,0,0,0
WBGene00006368.,111,512,623
WBGene00006369.,37,977,1014
WBGene00006371.,81,656,737
WBGene00006372.,51,840,891
WBGene00006373.,164,2401,2565
WBGene00006374.,21,107,128
WBGene00006375.,7,235,242
WBGene00006376.,12,260,272
WBGene00006377.,60,732,792
WBGene00006379.,61,812,873
WBGene00006380.,46,671,717
WBGene00006381.,84,3510,3594
WBGene00006382.,546,2573,3119
WBGene00006383.,75,422,497
WBGene00006384.,193,1121,1314
WBGene00006385.,657,1312,1969
WBGene00006386.,190,874,1064
WBGene00006387.,34,305,339
WBGene00006388.,41,233,274
WBGene00006389.,29,584,613
WBGene00006390.,61,556,617
WBGene00006391.,56,449,505
WBGene00006392.,201,1935,2136
WBGene00006393.,25,638,663
WBGene00006394.,19,261,280
WBGene00006395.,22,222,244
WBGene00006396.,392,1461,1853
WBGene00006397.,28,794,822
WBGene00006399.,30,25,55
WBGene00006402.,77,764,841
WBGene00006404.,64,464,528
WBGene00006405.,369,2479,2848
WBGene00006406.,210,2875,3085
WBGene00006407.,1046,5026,6072
WBGene00006408.,2223,20618,22841
WBGene00006409.,2,2,4
WBGene00006410.,113,1907,2020
WBGene00006411.,14,74,88
WBGene00006412.,246,1852,2098
WBGene00006414.,5,1124,1129
WBGene00006415.,257,1742,1999
WBGene00006416.,0,10,10
WBGene00006418.,3,112,115
WBGene00006419.,11,7,18
WBGene00006423.,827,9814,10641
WBGene00006424.,322,1174,1496
WBGene00006428.,69,119,188
WBGene00006429.,4,2,6
WBGene00006430.,57,308,365
WBGene00006431.,39,495,534
WBGene00006432.,118,1312,1430
WBGene00006433.,685,12183,12868
WBGene00006434.,398,27094,27492
WBGene00006435.,5,10,15
WBGene00006436.,3094,85487,88581
WBGene00006437.,211,4705,4916
WBGene00006438.,298,2524,2822
WBGene00006439.,739,371952,372691
WBGene00006440.,70,330,400
WBGene00006441.,33,285,318
WBGene00006442.,251,1749,2000
WBGene00006443.,28,559,587
WBGene00006444.,40,1052,1092
WBGene00006445.,58,606,664
WBGene00006446.,13,337,350
WBGene00006447.,27,1301,1328
WBGene00006448.,35,535,570
WBGene00006449.,3,3,6
WBGene00006450.,326,1362,1688
WBGene00006452.,2573,20298,22871
WBGene00006454.,3,18,21
WBGene00006459.,48,708,756
WBGene00006460.,218,5234,5452
WBGene00006461.,17,250,267
WBGene00006462.,279,1476,1755
WBGene00006463.,33,433,466
WBGene00006464.,1,9,10
WBGene00006465.,45,2074,2119
WBGene00006466.,83,391,474
WBGene00006467.,201,1192,1393
WBGene00006468.,83,431,514
WBGene00006470.,22,1133,1155
WBGene00006471.,0,2,2
WBGene00006472.,52,1886,1938
WBGene00006473.,11,802,813
WBGene00006474.,32,1575,1607
WBGene00006475.,71,373,444
WBGene00006476.,417,1387,1804
WBGene00006477.,72,179,251
WBGene00006478.,185,1700,1885
WBGene00006479.,185,2017,2202
WBGene00006481.,441,2313,2754
WBGene00006483.,367,2139,2506
WBGene00006484.,5,1,6
WBGene00006486.,33,169,202
WBGene00006487.,10,34,44
WBGene00006488.,0,2,2
WBGene00006489.,51,1872,1923
WBGene00006490.,219,968,1187
WBGene00006491.,7,717,724
WBGene00006492.,102,435,537
WBGene00006493.,146,1292,1438
WBGene00006494.,30,2840,2870
WBGene00006495.,463,4022,4485
WBGene00006496.,446,944,1390
WBGene00006497.,204,3445,3649
WBGene00006498.,302,1854,2156
WBGene00006499.,72,1002,1074
WBGene00006503.,79,1677,1756
WBGene00006504.,110,1291,1401
WBGene00006505.,140,410,550
WBGene00006508.,1179,4290,5469
WBGene00006509.,0,8,8
WBGene00006510.,357,2183,2540
WBGene00006512.,204,6178,6382
WBGene00006513.,452,1437,1889
WBGene00006514.,26,1597,1623
WBGene00006515.,88,4591,4679
WBGene00006516.,29,604,633
WBGene00006517.,211,2689,2900
WBGene00006518.,17,4044,4061
WBGene00006519.,4510,38289,42799
WBGene00006520.,0,449,449
WBGene00006522.,40,163,203
WBGene00006523.,108,1906,2014
WBGene00006524.,87,1231,1318
WBGene00006525.,34,226,260
WBGene00006526.,14,151,165
WBGene00006527.,802,7350,8152
WBGene00006528.,162,34783,34945
WBGene00006529.,2802,31824,34626
WBGene00006530.,30,279,309
WBGene00006531.,21,175,196
WBGene00006532.,14,43,57
WBGene00006533.,23,60,83
WBGene00006534.,626,3807,4433
WBGene00006535.,219,1140,1359
WBGene00006536.,16,17696,17712
WBGene00006537.,673,46385,47058
WBGene00006538.,31,533,564
WBGene00006539.,0,5,5
WBGene00006540.,31,886,917
WBGene00006541.,64,511,575
WBGene00006542.,14,653,667
WBGene00006543.,93,1458,1551
WBGene00006544.,12,4,16
WBGene00006545.,2,9,11
WBGene00006546.,2,1,3
WBGene00006547.,0,3,3
WBGene00006549.,0,1,1
WBGene00006550.,3,2,5
WBGene00006551.,0,4,4
WBGene00006552.,3,12,15
WBGene00006553.,3,0,3
WBGene00006554.,0,1,1
WBGene00006555.,10,69,79
WBGene00006556.,1,5,6
WBGene00006557.,7,6,13
WBGene00006558.,0,4,4
WBGene00006559.,0,1,1
WBGene00006560.,3,2,5
WBGene00006561.,145,1567,1712
WBGene00006562.,134,816,950
WBGene00006563.,351,915,1266
WBGene00006565.,92,4996,5088
WBGene00006566.,72,1077,1149
WBGene00006567.,16,949,965
WBGene00006568.,26,663,689
WBGene00006570.,77,1177,1254
WBGene00006571.,137,997,1134
WBGene00006572.,485,7150,7635
WBGene00006573.,220,2328,2548
WBGene00006574.,243,11486,11729
WBGene00006575.,503,1349,1852
WBGene00006576.,54,282,336
WBGene00006577.,209,1776,1985
WBGene00006578.,143,1389,1532
WBGene00006579.,380,3573,3953
WBGene00006580.,99,918,1017
WBGene00006582.,255,1839,2094
WBGene00006583.,79,2381,2460
WBGene00006584.,3037,39545,42582
WBGene00006585.,266,10979,11245
WBGene00006586.,52,1465,1517
WBGene00006587.,1494,28100,29594
WBGene00006588.,656,8434,9090
WBGene00006589.,83,1166,1249
WBGene00006590.,85,1301,1386
WBGene00006591.,135,245,380
WBGene00006592.,93,681,774
WBGene00006593.,874,2091,2965
WBGene00006594.,639,2488,3127
WBGene00006595.,240,8714,8954
WBGene00006596.,131,266,397
WBGene00006597.,8,408,416
WBGene00006598.,0,50,50
WBGene00006599.,622,1468,2090
WBGene00006600.,7,118,125
WBGene00006601.,143,19108,19251
WBGene00006602.,247,1963,2210
WBGene00006603.,1325,6043,7368
WBGene00006604.,369,1785,2154
WBGene00006605.,138,759,897
WBGene00006606.,59,519,578
WBGene00006607.,229,2128,2357
WBGene00006608.,98,1065,1163
WBGene00006609.,37,338,375
WBGene00006610.,17,60,77
WBGene00006611.,2,194,196
WBGene00006612.,5,7,12
WBGene00006613.,143,3359,3502
WBGene00006614.,143,450,593
WBGene00006615.,301,401,702
WBGene00006616.,45,102,147
WBGene00006617.,222,6968,7190
WBGene00006618.,150,356,506
WBGene00006619.,2,21,23
WBGene00006620.,68,177,245
WBGene00006621.,31,19,50
WBGene00006622.,3,15,18
WBGene00006623.,78,200,278
WBGene00006624.,222,583,805
WBGene00006625.,3,6,9
WBGene00006626.,48,8508,8556
WBGene00006627.,9,140,149
WBGene00006628.,3,56,59
WBGene00006629.,19,149,168
WBGene00006630.,5,27,32
WBGene00006631.,0,5,5
WBGene00006632.,84,150,234
WBGene00006633.,259,1685,1944
WBGene00006634.,1316,12590,13906
WBGene00006635.,11,418,429
WBGene00006636.,13,46,59
WBGene00006637.,26,558,584
WBGene00006638.,18,767,785
WBGene00006639.,16,32,48
WBGene00006640.,133,913,1046
WBGene00006641.,21,281,302
WBGene00006642.,18,194,212
WBGene00006643.,60,990,1050
WBGene00006644.,1,14,15
WBGene00006645.,45,61,106
WBGene00006646.,12,286,298
WBGene00006647.,144,906,1050
WBGene00006648.,439,1302,1741
WBGene00006649.,139,2761,2900
WBGene00006650.,0,14390,14390
WBGene00006651.,16,4120,4136
WBGene00006652.,120,420,540
WBGene00006654.,20,148,168
WBGene00006655.,27,274,301
WBGene00006656.,32,144,176
WBGene00006657.,205,322,527
WBGene00006658.,29,173,202
WBGene00006659.,17,8,25
WBGene00006660.,21,244,265
WBGene00006661.,2,5,7
WBGene00006662.,152,717,869
WBGene00006663.,806,5848,6654
WBGene00006664.,37,219,256
WBGene00006665.,34,50,84
WBGene00006666.,18,76,94
WBGene00006667.,153,810,963
WBGene00006668.,522,923,1445
WBGene00006669.,69,182,251
WBGene00006670.,16,44,60
WBGene00006671.,108,631,739
WBGene00006672.,220,8474,8694
WBGene00006673.,14,96,110
WBGene00006674.,10,22,32
WBGene00006675.,4,60,64
WBGene00006676.,15,80,95
WBGene00006677.,50,634,684
WBGene00006678.,29,198,227
WBGene00006679.,25,44,69
WBGene00006680.,65,417,482
WBGene00006681.,85,642,727
WBGene00006682.,87,264,351
WBGene00006683.,564,1660,2224
WBGene00006684.,145,100,245
WBGene00006685.,18,129,147
WBGene00006686.,11,54,65
WBGene00006687.,13,42,55
WBGene00006688.,8,7,15
WBGene00006689.,1,7,8
WBGene00006690.,32,73,105
WBGene00006691.,125,217,342
WBGene00006692.,137,1027,1164
WBGene00006693.,795,2898,3693
WBGene00006694.,11,46,57
WBGene00006695.,214,89,303
WBGene00006696.,57,251,308
WBGene00006697.,556,3407,3963
WBGene00006698.,128,5713,5841
WBGene00006699.,110,5975,6085
WBGene00006700.,323,1344,1667
WBGene00006701.,374,1463,1837
WBGene00006702.,211,4785,4996
WBGene00006703.,56,1867,1923
WBGene00006704.,142,5326,5468
WBGene00006705.,45,556,601
WBGene00006706.,66,3251,3317
WBGene00006707.,1,2889,2890
WBGene00006708.,174,4862,5036
WBGene00006709.,314,2784,3098
WBGene00006710.,220,220,440
WBGene00006711.,40,665,705
WBGene00006712.,103,609,712
WBGene00006713.,95,3650,3745
WBGene00006714.,146,701,847
WBGene00006715.,42,4971,5013
WBGene00006716.,23,11,34
WBGene00006717.,24,344,368
WBGene00006718.,5,44,49
WBGene00006719.,0,1,1
WBGene00006720.,62,3331,3393
WBGene00006721.,80,965,1045
WBGene00006722.,51,463,514
WBGene00006723.,113,907,1020
WBGene00006724.,180,5471,5651
WBGene00006725.,19590,230425,250015
WBGene00006726.,278,3353,3631
WBGene00006727.,275,14774,15049
WBGene00006728.,16990,205531,222521
WBGene00006729.,71,610,681
WBGene00006730.,19,7641,7660
WBGene00006731.,5,138,143
WBGene00006732.,165,770,935
WBGene00006733.,228,1796,2024
WBGene00006734.,60,1701,1761
WBGene00006735.,19,666,685
WBGene00006736.,98,1264,1362
WBGene00006737.,28,762,790
WBGene00006738.,7,638,645
WBGene00006739.,201,3971,4172
WBGene00006740.,25,184,209
WBGene00006741.,238,4810,5048
WBGene00006742.,856,1950,2806
WBGene00006743.,62,477,539
WBGene00006744.,40,261,301
WBGene00006745.,459,1088,1547
WBGene00006746.,71,883,954
WBGene00006747.,851,1125,1976
WBGene00006748.,12,88,100
WBGene00006749.,397,1549,1946
WBGene00006750.,173,1138,1311
WBGene00006751.,427,1717,2144
WBGene00006752.,1013,4353,5366
WBGene00006753.,527,6464,6991
WBGene00006754.,4580,115054,119634
WBGene00006755.,445,4340,4785
WBGene00006756.,3,3,6
WBGene00006757.,154,1903,2057
WBGene00006759.,2004,26764,28768
WBGene00006760.,336,4356,4692
WBGene00006761.,175,1014,1189
WBGene00006762.,671,3804,4475
WBGene00006763.,249,1483,1732
WBGene00006764.,5958,75153,81111
WBGene00006765.,298,699,997
WBGene00006766.,79,630,709
WBGene00006767.,417,889,1306
WBGene00006768.,445,5696,6141
WBGene00006769.,608,1910,2518
WBGene00006770.,660,2930,3590
WBGene00006771.,833,10280,11113
WBGene00006772.,306,2440,2746
WBGene00006773.,132,1999,2131
WBGene00006774.,95,569,664
WBGene00006775.,9,64,73
WBGene00006776.,500,3352,3852
WBGene00006777.,191,2329,2520
WBGene00006778.,59,715,774
WBGene00006779.,2347,10090,12437
WBGene00006780.,3465,39647,43112
WBGene00006781.,239,6921,7160
WBGene00006782.,12,249,261
WBGene00006783.,42,325,367
WBGene00006784.,654,3498,4152
WBGene00006785.,31,614,645
WBGene00006786.,252,2993,3245
WBGene00006787.,807,7192,7999
WBGene00006788.,391,1757,2148
WBGene00006789.,1504,97972,99476
WBGene00006790.,51,219,270
WBGene00006791.,233,2278,2511
WBGene00006792.,355,796,1151
WBGene00006793.,70,1779,1849
WBGene00006794.,452,24523,24975
WBGene00006795.,56,1475,1531
WBGene00006796.,604,6176,6780
WBGene00006797.,300,386,686
WBGene00006798.,1218,4590,5808
WBGene00006801.,2225,22632,24857
WBGene00006802.,50,5485,5535
WBGene00006803.,628,9577,10205
WBGene00006804.,88,771,859
WBGene00006805.,2118,7627,9745
WBGene00006807.,261,626,887
WBGene00006808.,421,3391,3812
WBGene00006809.,448,1013,1461
WBGene00006810.,194,2715,2909
WBGene00006811.,341,1075,1416
WBGene00006812.,444,3677,4121
WBGene00006814.,1365,4325,5690
WBGene00006815.,616,9028,9644
WBGene00006816.,50,1422,1472
WBGene00006817.,205,2910,3115
WBGene00006818.,190,2815,3005
WBGene00006819.,1817,55425,57242
WBGene00006820.,3322,30430,33752
WBGene00006822.,121,751,872
WBGene00006823.,930,7459,8389
WBGene00006824.,222,9232,9454
WBGene00006825.,375,4440,4815
WBGene00006826.,433,10407,10840
WBGene00006827.,2611,4470,7081
WBGene00006829.,68,1041,1109
WBGene00006830.,2154,1997,4151
WBGene00006831.,832,4464,5296
WBGene00006832.,121,824,945
WBGene00006833.,654,14973,15627
WBGene00006836.,132,7044,7176
WBGene00006839.,533,6316,6849
WBGene00006840.,263,8327,8590
WBGene00006843.,210,1917,2127
WBGene00006844.,203,3282,3485
WBGene00006845.,724,4514,5238
WBGene00006852.,66,2664,2730
WBGene00006853.,15,445,460
WBGene00006856.,44,2131,2175
WBGene00006861.,767,6405,7172
WBGene00006862.,22,263,285
WBGene00006863.,189,16477,16666
WBGene00006864.,298,766,1064
WBGene00006865.,18,224,242
WBGene00006868.,542,1653,2195
WBGene00006869.,45,473,518
WBGene00006870.,373,1258,1631
WBGene00006873.,50,221,271
WBGene00006874.,366,5194,5560
WBGene00006875.,30,1583,1613
WBGene00006876.,4029,7176,11205
WBGene00006881.,17,233,250
WBGene00006882.,85,736,821
WBGene00006886.,1039,10819,11858
WBGene00006887.,214,824,1038
WBGene00006888.,57,3389,3446
WBGene00006889.,82,9545,9627
WBGene00006890.,215,4074,4289
WBGene00006893.,156,1951,2107
WBGene00006894.,5,4,9
WBGene00006895.,1,1,2
WBGene00006896.,41,473,514
WBGene00006897.,7,18,25
WBGene00006902.,0,0,0
WBGene00006910.,0,11025,11025
WBGene00006911.,111,13569,13680
WBGene00006912.,0,4626,4626
WBGene00006913.,58,5891,5949
WBGene00006914.,34,3333,3367
WBGene00006915.,6,397,403
WBGene00006916.,115,827,942
WBGene00006917.,121,10900,11021
WBGene00006918.,421,7782,8203
WBGene00006919.,238,12448,12686
WBGene00006920.,464,6008,6472
WBGene00006921.,25,5997,6022
WBGene00006922.,14,560,574
WBGene00006923.,1502,3563,5065
WBGene00006924.,327,38475,38802
WBGene00006925.,0,3,3
WBGene00006926.,1,4,5
WBGene00006927.,0,17,17
WBGene00006928.,1,17,18
WBGene00006929.,0,0,0
WBGene00006930.,3,11,14
WBGene00006931.,81,1785,1866
WBGene00006932.,252,2117,2369
WBGene00006933.,85,1808,1893
WBGene00006934.,221,1012,1233
WBGene00006935.,52,1768,1820
WBGene00006936.,350,5349,5699
WBGene00006937.,373,5847,6220
WBGene00006938.,5,43,48
WBGene00006939.,1,6,7
WBGene00006940.,8,374,382
WBGene00006941.,332,2984,3316
WBGene00006942.,149,5045,5194
WBGene00006943.,79,912,991
WBGene00006944.,24,573,597
WBGene00006945.,132,2297,2429
WBGene00006946.,62,661,723
WBGene00006947.,8,223,231
WBGene00006948.,15,511,526
WBGene00006949.,44,423,467
WBGene00006950.,11,56,67
WBGene00006951.,115,1163,1278
WBGene00006952.,8,297,305
WBGene00006953.,3,1,4
WBGene00006954.,2,24,26
WBGene00006955.,63,200,263
WBGene00006956.,135,3303,3438
WBGene00006957.,208,1367,1575
WBGene00006958.,64,386,450
WBGene00006959.,1654,65886,67540
WBGene00006960.,28,101,129
WBGene00006961.,519,6941,7460
WBGene00006962.,2,15,17
WBGene00006963.,42,1039,1081
WBGene00006964.,317,2717,3034
WBGene00006965.,0,71,71
WBGene00006966.,5,91,96
WBGene00006967.,0,58,58
WBGene00006968.,96,1489,1585
WBGene00006970.,34,1609,1643
WBGene00006971.,75,746,821
WBGene00006974.,27,1296,1323
WBGene00006975.,760,6321,7081
WBGene00006976.,687,295,982
WBGene00006977.,14,142,156
WBGene00006978.,154,5802,5956
WBGene00006979.,2,185,187
WBGene00006980.,4,219,223
WBGene00006981.,10,478,488
WBGene00006982.,122,1601,1723
WBGene00006983.,102,666,768
WBGene00006984.,1257,5703,6960
WBGene00006985.,236,759,995
WBGene00006986.,228,1053,1281
WBGene00006987.,88,202,290
WBGene00006988.,59,549,608
WBGene00006993.,201,670,871
WBGene00006994.,124,2384,2508
WBGene00006996.,23,989,1012
WBGene00006997.,9,593,602
WBGene00006999.,1748,19588,21336
WBGene00007000.,317,14615,14932
WBGene00007001.,30,2887,2917
WBGene00007006.,131,672,803
WBGene00007007.,154,1645,1799
WBGene00007008.,112,3061,3173
WBGene00007009.,156,2532,2688
WBGene00007010.,172,2512,2684
WBGene00007011.,33,308,341
WBGene00007012.,58,578,636
WBGene00007013.,222,720,942
WBGene00007014.,59,334,393
WBGene00007015.,6,636,642
WBGene00007016.,424,5289,5713
WBGene00007017.,590,706,1296
WBGene00007018.,80,1205,1285
WBGene00007019.,107,2890,2997
WBGene00007020.,154,720,874
WBGene00007021.,61,1548,1609
WBGene00007022.,347,2693,3040
WBGene00007023.,88,1339,1427
WBGene00007024.,1824,8639,10463
WBGene00007025.,176,1840,2016
WBGene00007026.,59,635,694
WBGene00007027.,1062,4828,5890
WBGene00007028.,96,2824,2920
WBGene00007029.,172,1108,1280
WBGene00007030.,1256,10778,12034
WBGene00007036.,4,21,25
WBGene00007041.,96,339,435
WBGene00007042.,186,6633,6819
WBGene00007043.,9,448,457
WBGene00007044.,276,3481,3757
WBGene00007045.,3,462,465
WBGene00007047.,103,517,620
WBGene00007048.,96,3526,3622
WBGene00007049.,10,49,59
WBGene00007050.,581,6052,6633
WBGene00007053.,206,6027,6233
WBGene00007054.,776,1833,2609
WBGene00007055.,103,3233,3336
WBGene00007056.,93,538,631
WBGene00007057.,0,22,22
WBGene00007058.,193,3910,4103
WBGene00007059.,28,512,540
WBGene00007060.,3,3,6
WBGene00007062.,2,0,2
WBGene00007063.,104,417,521
WBGene00007064.,113,693,806
WBGene00007065.,25,227,252
WBGene00007066.,4,3,7
WBGene00007067.,109,679,788
WBGene00007068.,144,995,1139
WBGene00007070.,37,726,763
WBGene00007071.,125,1511,1636
WBGene00007072.,4,23,27
WBGene00007073.,22,272,294
WBGene00007074.,0,4,4
WBGene00007075.,0,0,0
WBGene00007076.,0,0,0
WBGene00007077.,11,0,11
WBGene00007078.,0,1,1
WBGene00007079.,0,0,0
WBGene00007080.,6,4,10
WBGene00007081.,3,3,6
WBGene00007082.,2,30,32
WBGene00007083.,0,7,7
WBGene00007085.,0,177,177
WBGene00007087.,49,935,984
WBGene00007088.,85,1658,1743
WBGene00007089.,85,1151,1236
WBGene00007090.,35,567,602
WBGene00007091.,474,4311,4785
WBGene00007092.,26,205,231
WBGene00007093.,8,574,582
WBGene00007094.,106,432,538
WBGene00007096.,58,528,586
WBGene00007097.,19,48,67
WBGene00007099.,295,4404,4699
WBGene00007100.,15,712,727
WBGene00007101.,43,2555,2598
WBGene00007102.,24,157,181
WBGene00007103.,100,662,762
WBGene00007104.,83,758,841
WBGene00007105.,99,2982,3081
WBGene00007106.,92,1864,1956
WBGene00007107.,770,9149,9919
WBGene00007108.,168,2088,2256
WBGene00007109.,3,147,150
WBGene00007110.,119,1863,1982
WBGene00007111.,81,1889,1970
WBGene00007112.,35,188,223
WBGene00007113.,115,2075,2190
WBGene00007114.,23,151,174
WBGene00007115.,71,168,239
WBGene00007116.,75,275,350
WBGene00007117.,4,42,46
WBGene00007118.,69,747,816
WBGene00007119.,144,1068,1212
WBGene00007120.,3,45,48
WBGene00007121.,68,183,251
WBGene00007122.,168,8213,8381
WBGene00007123.,1,5,6
WBGene00007124.,25,117,142
WBGene00007125.,0,5,5
WBGene00007126.,126,804,930
WBGene00007127.,2,7,9
WBGene00007128.,69,521,590
WBGene00007129.,48,5491,5539
WBGene00007130.,41,238,279
WBGene00007131.,24,56,80
WBGene00007132.,3,34,37
WBGene00007133.,27,404,431
WBGene00007134.,13,14,27
WBGene00007135.,300,1418,1718
WBGene00007136.,168,1557,1725
WBGene00007137.,136,1682,1818
WBGene00007138.,63,264,327
WBGene00007139.,270,3093,3363
WBGene00007140.,9,36,45
WBGene00007141.,3,28,31
WBGene00007142.,435,5624,6059
WBGene00007143.,49,1306,1355
WBGene00007144.,32,1209,1241
WBGene00007145.,13,750,763
WBGene00007146.,8,111,119
WBGene00007147.,3,7,10
WBGene00007148.,8,6,14
WBGene00007149.,5,58,63
WBGene00007150.,13,1148,1161
WBGene00007151.,8,7,15
WBGene00007152.,1,13,14
WBGene00007153.,1,113,114
WBGene00007154.,41,383,424
WBGene00007155.,495,10477,10972
WBGene00007156.,1,1,2
WBGene00007158.,0,7,7
WBGene00007159.,1,10,11
WBGene00007160.,4,0,4
WBGene00007161.,0,0,0
WBGene00007162.,80,270,350
WBGene00007163.,2,8,10
WBGene00007164.,0,21,21
WBGene00007165.,125,141,266
WBGene00007166.,9,519,528
WBGene00007167.,158,1158,1316
WBGene00007168.,10,778,788
WBGene00007169.,12,18,30
WBGene00007170.,41,286,327
WBGene00007171.,8,97,105
WBGene00007172.,16,147,163
WBGene00007173.,0,0,0
WBGene00007174.,29,344,373
WBGene00007175.,69,1469,1538
WBGene00007176.,1009,934,1943
WBGene00007177.,23,101,124
WBGene00007178.,5,500,505
WBGene00007179.,2,6,8
WBGene00007180.,74,938,1012
WBGene00007181.,18,4,22
WBGene00007182.,1,1,2
WBGene00007183.,9,123,132
WBGene00007184.,219,4879,5098
WBGene00007185.,104,848,952
WBGene00007186.,57,1209,1266
WBGene00007187.,51,299,350
WBGene00007188.,110,709,819
WBGene00007189.,38,558,596
WBGene00007190.,7,32,39
WBGene00007191.,40,163,203
WBGene00007192.,678,10078,10756
WBGene00007193.,114,1093,1207
WBGene00007194.,17,1050,1067
WBGene00007195.,160,1208,1368
WBGene00007196.,148,350,498
WBGene00007197.,774,6333,7107
WBGene00007198.,10,8,18
WBGene00007199.,5,8,13
WBGene00007200.,168,1301,1469
WBGene00007201.,0,169,169
WBGene00007202.,25,320,345
WBGene00007203.,5,382,387
WBGene00007204.,10,9,19
WBGene00007206.,0,133,133
WBGene00007207.,116,1234,1350
WBGene00007208.,0,0,0
WBGene00007209.,6,0,6
WBGene00007210.,49,197,246
WBGene00007211.,2,2,4
WBGene00007212.,13,58,71
WBGene00007213.,31,413,444
WBGene00007214.,195,1067,1262
WBGene00007215.,86,1927,2013
WBGene00007216.,256,1058,1314
WBGene00007217.,154,3890,4044
WBGene00007218.,83,6,89
WBGene00007219.,60,2403,2463
WBGene00007220.,8,24,32
WBGene00007221.,72,566,638
WBGene00007222.,14,68,82
WBGene00007223.,301,6396,6697
WBGene00007224.,20,58,78
WBGene00007225.,1,45,46
WBGene00007226.,128,1143,1271
WBGene00007227.,317,7121,7438
WBGene00007228.,23,193,216
WBGene00007229.,27,67,94
WBGene00007230.,3,13,16
WBGene00007231.,43,69,112
WBGene00007232.,46,155,201
WBGene00007233.,19,586,605
WBGene00007234.,1,567,568
WBGene00007235.,498,11259,11757
WBGene00007236.,2,398,400
WBGene00007237.,77,433,510
WBGene00007238.,0,4,4
WBGene00007239.,0,1,1
WBGene00007240.,95,811,906
WBGene00007241.,64,490,554
WBGene00007242.,35,558,593
WBGene00007243.,0,20,20
WBGene00007244.,0,7,7
WBGene00007245.,0,2,2
WBGene00007246.,0,28,28
WBGene00007247.,32,200,232
WBGene00007248.,0,12,12
WBGene00007249.,2,3,5
WBGene00007250.,0,25,25
WBGene00007251.,0,12,12
WBGene00007252.,60,230,290
WBGene00007253.,42,320,362
WBGene00007254.,23,81,104
WBGene00007255.,13,82,95
WBGene00007256.,1398,3896,5294
WBGene00007257.,509,2017,2526
WBGene00007258.,77,639,716
WBGene00007259.,7,3,10
WBGene00007260.,481,992,1473
WBGene00007261.,213,3395,3608
WBGene00007262.,25,161,186
WBGene00007264.,19,79,98
WBGene00007265.,0,8,8
WBGene00007266.,72,938,1010
WBGene00007267.,39,396,435
WBGene00007268.,23,120,143
WBGene00007269.,6,9,15
WBGene00007270.,34,978,1012
WBGene00007271.,67,235,302
WBGene00007273.,28,21,49
WBGene00007274.,11,30,41
WBGene00007275.,61,175,236
WBGene00007277.,19,69,88
WBGene00007278.,4,26,30
WBGene00007279.,1,0,1
WBGene00007281.,5,86,91
WBGene00007282.,8,21,29
WBGene00007283.,1,0,1
WBGene00007284.,192,599,791
WBGene00007285.,16,175,191
WBGene00007286.,28,299,327
WBGene00007287.,22,531,553
WBGene00007288.,3,33,36
WBGene00007289.,0,0,0
WBGene00007290.,0,0,0
WBGene00007291.,1,1,2
WBGene00007292.,2,13,15
WBGene00007293.,0,2,2
WBGene00007294.,1,1,2
WBGene00007295.,11,216,227
WBGene00007296.,84,2039,2123
WBGene00007297.,49,288,337
WBGene00007299.,14,437,451
WBGene00007300.,0,0,0
WBGene00007301.,1741236,81,1741317
WBGene00007302.,52,1262,1314
WBGene00007303.,15,106,121
WBGene00007304.,101,486,587
WBGene00007305.,3,13,16
WBGene00007306.,0,3,3
WBGene00007307.,0,2,2
WBGene00007308.,0,5,5
WBGene00007309.,6,9,15
WBGene00007310.,6,21,27
WBGene00007311.,5,4,9
WBGene00007312.,24,1168,1192
WBGene00007313.,3,5,8
WBGene00007314.,23,47,70
WBGene00007315.,0,0,0
WBGene00007316.,304,1911,2215
WBGene00007317.,53,2904,2957
WBGene00007319.,4,4,8
WBGene00007320.,0,1,1
WBGene00007321.,38,418,456
WBGene00007322.,4,18,22
WBGene00007323.,8,18,26
WBGene00007324.,384,3021,3405
WBGene00007325.,4,51,55
WBGene00007326.,28,61,89
WBGene00007327.,15,91,106
WBGene00007328.,1,8,9
WBGene00007329.,110,819,929
WBGene00007330.,308,16297,16605
WBGene00007331.,134,606,740
WBGene00007332.,0,307,307
WBGene00007333.,152,1314,1466
WBGene00007334.,58,369,427
WBGene00007335.,0,2,2
WBGene00007336.,12,168,180
WBGene00007337.,3,17,20
WBGene00007338.,24,137,161
WBGene00007339.,11,109,120
WBGene00007340.,13,54,67
WBGene00007341.,0,0,0
WBGene00007342.,0,1,1
WBGene00007343.,29,259,288
WBGene00007344.,4,61,65
WBGene00007345.,38,420,458
WBGene00007346.,14,84,98
WBGene00007347.,49,155,204
WBGene00007348.,62,373,435
WBGene00007349.,73,745,818
WBGene00007350.,764,17040,17804
WBGene00007351.,39,95,134
WBGene00007352.,235,6266,6501
WBGene00007353.,472,4609,5081
WBGene00007354.,7,56,63
WBGene00007355.,0,8259,8259
WBGene00007356.,0,7,7
WBGene00007357.,188,1177,1365
WBGene00007358.,3,21,24
WBGene00007359.,3,1,4
WBGene00007360.,6,9,15
WBGene00007361.,12,9,21
WBGene00007362.,25,128,153
WBGene00007363.,51,1637,1688
WBGene00007364.,1,18,19
WBGene00007365.,547,11815,12362
WBGene00007366.,207,495,702
WBGene00007367.,16,287,303
WBGene00007368.,4,16,20
WBGene00007369.,0,7,7
WBGene00007370.,2,3,5
WBGene00007372.,12,80,92
WBGene00007373.,0,0,0
WBGene00007374.,6,39,45
WBGene00007375.,48,229,277
WBGene00007376.,1,1,2
WBGene00007377.,2,1,3
WBGene00007378.,19,25,44
WBGene00007379.,3,2,5
WBGene00007380.,2,4,6
WBGene00007381.,0,6,6
WBGene00007382.,1,21,22
WBGene00007383.,3,2,5
WBGene00007384.,7,280,287
WBGene00007385.,4684,58327,63011
WBGene00007386.,94,1550,1644
WBGene00007387.,132,609,741
WBGene00007388.,66,601,667
WBGene00007389.,52,427,479
WBGene00007390.,20,2790,2810
WBGene00007391.,0,34,34
WBGene00007392.,0,10,10
WBGene00007393.,3,15,18
WBGene00007394.,18,55,73
WBGene00007395.,61,449,510
WBGene00007396.,67,668,735
WBGene00007397.,9,69,78
WBGene00007398.,1,22,23
WBGene00007399.,12,15,27
WBGene00007400.,74,2447,2521
WBGene00007401.,0,0,0
WBGene00007402.,70,812,882
WBGene00007403.,57,682,739
WBGene00007404.,11,15,26
WBGene00007405.,219,3397,3616
WBGene00007406.,0,5,5
WBGene00007407.,2,13,15
WBGene00007408.,15,207,222
WBGene00007409.,52,214,266
WBGene00007410.,18,27,45
WBGene00007411.,21,469,490
WBGene00007412.,36,962,998
WBGene00007413.,300,2886,3186
WBGene00007414.,50,352,402
WBGene00007415.,2,19,21
WBGene00007416.,60,190,250
WBGene00007417.,60,898,958
WBGene00007418.,6,27,33
WBGene00007419.,218,1931,2149
WBGene00007420.,1,138,139
WBGene00007421.,57,552,609
WBGene00007422.,3,115,118
WBGene00007423.,0,5,5
WBGene00007424.,4,51,55
WBGene00007425.,4,180,184
WBGene00007426.,0,17,17
WBGene00007427.,7,0,7
WBGene00007428.,159,1954,2113
WBGene00007429.,152,2631,2783
WBGene00007430.,6,424,430
WBGene00007431.,2,28,30
WBGene00007432.,0,2,2
WBGene00007433.,173,3540,3713
WBGene00007434.,6,533,539
WBGene00007435.,12,461,473
WBGene00007436.,4,655,659
WBGene00007437.,4,10,14
WBGene00007438.,2,2,4
WBGene00007439.,7,84,91
WBGene00007440.,10,60,70
WBGene00007441.,0,0,0
WBGene00007442.,0,15,15
WBGene00007443.,917,11492,12409
WBGene00007444.,50,1128,1178
WBGene00007445.,21,272,293
WBGene00007446.,1,3,4
WBGene00007447.,0,5,5
WBGene00007448.,1,17,18
WBGene00007449.,431,7196,7627
WBGene00007450.,802,6134,6936
WBGene00007451.,0,1,1
WBGene00007452.,6,5,11
WBGene00007453.,0,9,9
WBGene00007454.,1,22,23
WBGene00007455.,20,400,420
WBGene00007456.,0,1,1
WBGene00007457.,1,1,2
WBGene00007458.,1,1,2
WBGene00007459.,1,0,1
WBGene00007460.,7,422,429
WBGene00007461.,5,0,5
WBGene00007462.,9,105,114
WBGene00007463.,154,14273,14427
WBGene00007464.,25,248,273
WBGene00007465.,3,51,54
WBGene00007466.,0,14,14
WBGene00007467.,0,36,36
WBGene00007468.,6,1,7
WBGene00007469.,4,17,21
WBGene00007470.,0,31,31
WBGene00007471.,1,22,23
WBGene00007472.,2,5,7
WBGene00007473.,0,2,2
WBGene00007474.,53,643,696
WBGene00007475.,0,0,0
WBGene00007476.,5,1384,1389
WBGene00007478.,10,2,12
WBGene00007479.,42,1542,1584
WBGene00007480.,58,182,240
WBGene00007481.,0,0,0
WBGene00007482.,16,93,109
WBGene00007483.,7,46,53
WBGene00007484.,4,102,106
WBGene00007485.,4,16,20
WBGene00007486.,330,542,872
WBGene00007487.,111,1438,1549
WBGene00007488.,100,1088,1188
WBGene00007489.,3,12,15
WBGene00007490.,87,621,708
WBGene00007492.,358,3587,3945
WBGene00007493.,17,877,894
WBGene00007494.,6,19,25
WBGene00007495.,55,301,356
WBGene00007496.,2,5,7
WBGene00007497.,1,1,2
WBGene00007499.,206,436,642
WBGene00007500.,164,1956,2120
WBGene00007502.,69,331,400
WBGene00007503.,10,31,41
WBGene00007504.,14,386,400
WBGene00007505.,429,2500,2929
WBGene00007506.,14,31,45
WBGene00007507.,8,67,75
WBGene00007508.,2,14,16
WBGene00007509.,8,85,93
WBGene00007511.,110,1531,1641
WBGene00007512.,3,5,8
WBGene00007513.,25,146,171
WBGene00007514.,97,3567,3664
WBGene00007515.,5,106,111
WBGene00007516.,45,678,723
WBGene00007517.,10,133,143
WBGene00007518.,11,81,92
WBGene00007520.,106,1132,1238
WBGene00007521.,9,13,22
WBGene00007522.,143,230,373
WBGene00007523.,0,0,0
WBGene00007525.,4,162,166
WBGene00007528.,25,248,273
WBGene00007529.,47,596,643
WBGene00007530.,17,89,106
WBGene00007531.,76,951,1027
WBGene00007533.,67,454,521
WBGene00007534.,83,6481,6564
WBGene00007535.,0,5,5
WBGene00007536.,9,114,123
WBGene00007537.,7,446,453
WBGene00007538.,1,27,28
WBGene00007539.,0,0,0
WBGene00007540.,1,10,11
WBGene00007541.,3,603,606
WBGene00007542.,11,85,96
WBGene00007543.,2,80,82
WBGene00007544.,3,279,282
WBGene00007545.,103,329,432
WBGene00007546.,78,519,597
WBGene00007547.,87,866,953
WBGene00007548.,47,367,414
WBGene00007549.,27,235,262
WBGene00007550.,26,195,221
WBGene00007551.,89,1426,1515
WBGene00007552.,17,283,300
WBGene00007553.,2,1204,1206
WBGene00007554.,195,3121,3316
WBGene00007555.,8,6151,6159
WBGene00007556.,49,810,859
WBGene00007557.,16,116,132
WBGene00007558.,13,54,67
WBGene00007559.,1,4,5
WBGene00007560.,7,81,88
WBGene00007561.,11,801,812
WBGene00007562.,147,481,628
WBGene00007563.,3,47,50
WBGene00007564.,17,3239,3256
WBGene00007565.,3,10,13
WBGene00007567.,0,2,2
WBGene00007569.,1,0,1
WBGene00007570.,2,0,2
WBGene00007571.,2,0,2
WBGene00007572.,0,4,4
WBGene00007573.,17,865,882
WBGene00007574.,38,1338,1376
WBGene00007576.,50,1031,1081
WBGene00007577.,124,615,739
WBGene00007578.,1,201,202
WBGene00007579.,78,1131,1209
WBGene00007580.,17,149,166
WBGene00007581.,41,585,626
WBGene00007583.,271,1319,1590
WBGene00007584.,4,28,32
WBGene00007585.,33,266,299
WBGene00007586.,31,3710,3741
WBGene00007587.,93,2826,2919
WBGene00007588.,51,3587,3638
WBGene00007589.,7,339,346
WBGene00007590.,241,2581,2822
WBGene00007591.,131,1566,1697
WBGene00007592.,366,2522,2888
WBGene00007593.,243,1468,1711
WBGene00007594.,92,1683,1775
WBGene00007595.,15,143,158
WBGene00007597.,192,269,461
WBGene00007598.,0,8,8
WBGene00007599.,172,873,1045
WBGene00007600.,9,486,495
WBGene00007601.,3,15,18
WBGene00007602.,474,1249,1723
WBGene00007603.,44,250,294
WBGene00007604.,1,163,164
WBGene00007605.,17,564,581
WBGene00007606.,28,790,818
WBGene00007607.,7,172,179
WBGene00007608.,19,156,175
WBGene00007609.,7,796,803
WBGene00007610.,1,1,2
WBGene00007611.,6,17,23
WBGene00007613.,0,17,17
WBGene00007614.,184,823,1007
WBGene00007615.,100,966,1066
WBGene00007616.,219,2568,2787
WBGene00007617.,322,9134,9456
WBGene00007618.,11,24,35
WBGene00007619.,68,186,254
WBGene00007620.,1682,1996,3678
WBGene00007621.,319,2633,2952
WBGene00007622.,94,281,375
WBGene00007623.,136,1902,2038
WBGene00007624.,3,436,439
WBGene00007625.,165,3213,3378
WBGene00007626.,54,1990,2044
WBGene00007627.,33,1097,1130
WBGene00007628.,171,1794,1965
WBGene00007629.,40,353,393
WBGene00007630.,25,23392,23417
WBGene00007631.,19,11,30
WBGene00007632.,2,26,28
WBGene00007633.,50,40,90
WBGene00007635.,206,546,752
WBGene00007637.,170,774,944
WBGene00007638.,0,0,0
WBGene00007639.,4,15,19
WBGene00007640.,146,743,889
WBGene00007641.,0,3,3
WBGene00007642.,0,1,1
WBGene00007643.,7,48,55
WBGene00007644.,4,55,59
WBGene00007645.,406,2219,2625
WBGene00007646.,344,5639,5983
WBGene00007647.,482,3403,3885
WBGene00007648.,1,11,12
WBGene00007649.,1,2,3
WBGene00007650.,19,99,118
WBGene00007651.,85,848,933
WBGene00007652.,96,1216,1312
WBGene00007653.,180,4335,4515
WBGene00007654.,7,14,21
WBGene00007655.,82,1,83
WBGene00007656.,2,2,4
WBGene00007657.,7,2,9
WBGene00007658.,4,4,8
WBGene00007659.,0,7,7
WBGene00007660.,0,1,1
WBGene00007661.,4,1,5
WBGene00007662.,8,12,20
WBGene00007664.,116,1488,1604
WBGene00007666.,161,1404,1565
WBGene00007667.,27,315,342
WBGene00007668.,87,1220,1307
WBGene00007669.,6,34,40
WBGene00007670.,40,136,176
WBGene00007672.,5,28,33
WBGene00007673.,0,0,0
WBGene00007674.,0,1,1
WBGene00007675.,47,293,340
WBGene00007676.,1,2,3
WBGene00007677.,0,2,2
WBGene00007678.,4,2,6
WBGene00007679.,60,2234,2294
WBGene00007680.,35,80,115
WBGene00007681.,637,4050,4687
WBGene00007682.,9,44,53
WBGene00007683.,902,10673,11575
WBGene00007684.,1358,16948,18306
WBGene00007685.,25,143,168
WBGene00007686.,72,7532,7604
WBGene00007687.,7,69,76
WBGene00007688.,0,3,3
WBGene00007689.,36,993,1029
WBGene00007690.,430,673,1103
WBGene00007691.,4,12,16
WBGene00007692.,4,31,35
WBGene00007693.,2,3,5
WBGene00007694.,6,65,71
WBGene00007695.,10,28,38
WBGene00007696.,76,7070,7146
WBGene00007697.,115,675,790
WBGene00007698.,82,1002,1084
WBGene00007699.,0,0,0
WBGene00007700.,0,0,0
WBGene00007701.,4,3,7
WBGene00007702.,145,542,687
WBGene00007703.,840,2900,3740
WBGene00007704.,18,221,239
WBGene00007705.,20,1039,1059
WBGene00007707.,11,703,714
WBGene00007708.,0,0,0
WBGene00007709.,0,192,192
WBGene00007710.,28,836,864
WBGene00007711.,20,1059,1079
WBGene00007712.,15,4375,4390
WBGene00007713.,0,30,30
WBGene00007714.,0,3,3
WBGene00007715.,0,0,0
WBGene00007716.,0,3,3
WBGene00007717.,5,44,49
WBGene00007718.,0,1971,1971
WBGene00007719.,0,5,5
WBGene00007720.,3,651,654
WBGene00007721.,0,1,1
WBGene00007722.,33,229,262
WBGene00007723.,25,36,61
WBGene00007724.,27,10,37
WBGene00007725.,7,25,32
WBGene00007726.,5,22,27
WBGene00007727.,0,3,3
WBGene00007728.,1,21,22
WBGene00007729.,30,311,341
WBGene00007730.,25,1216,1241
WBGene00007731.,7,999,1006
WBGene00007732.,1,31,32
WBGene00007733.,0,8,8
WBGene00007734.,2,2,4
WBGene00007735.,3,3,6
WBGene00007736.,50,979,1029
WBGene00007739.,62,37,99
WBGene00007740.,0,3,3
WBGene00007741.,46,317,363
WBGene00007742.,15,13,28
WBGene00007743.,19,131,150
WBGene00007744.,386,566,952
WBGene00007745.,83,456,539
WBGene00007746.,38,450,488
WBGene00007747.,5,11,16
WBGene00007748.,12,31,43
WBGene00007749.,36,661,697
WBGene00007750.,56,928,984
WBGene00007751.,23,42,65
WBGene00007752.,343,1962,2305
WBGene00007753.,64,476,540
WBGene00007754.,10,48,58
WBGene00007755.,57,219,276
WBGene00007756.,165,898,1063
WBGene00007757.,44,70,114
WBGene00007758.,233,1512,1745
WBGene00007759.,0,4,4
WBGene00007760.,26,648,674
WBGene00007761.,270,1854,2124
WBGene00007762.,12,549,561
WBGene00007763.,48,146,194
WBGene00007764.,286,1507,1793
WBGene00007765.,14,61,75
WBGene00007766.,5,227,232
WBGene00007767.,0,0,0
WBGene00007768.,5,3,8
WBGene00007769.,2,2,4
WBGene00007770.,0,1,1
WBGene00007771.,2,175,177
WBGene00007772.,80,979,1059
WBGene00007773.,2,1,3
WBGene00007774.,95,950,1045
WBGene00007775.,87,139,226
WBGene00007776.,20,209,229
WBGene00007777.,3,1,4
WBGene00007778.,7,13,20
WBGene00007779.,16,192,208
WBGene00007780.,13,195,208
WBGene00007784.,92,4340,4432
WBGene00007785.,12,1009,1021
WBGene00007786.,183,6979,7162
WBGene00007787.,20,2273,2293
WBGene00007788.,11,79,90
WBGene00007789.,18,105,123
WBGene00007791.,16,29,45
WBGene00007792.,1,4,5
WBGene00007793.,1,6,7
WBGene00007794.,0,0,0
WBGene00007795.,1,1,2
WBGene00007796.,27,150,177
WBGene00007797.,26,160,186
WBGene00007798.,4,4,8
WBGene00007799.,310,841,1151
WBGene00007800.,28,60,88
WBGene00007801.,244,824,1068
WBGene00007802.,38,48,86
WBGene00007804.,0,35,35
WBGene00007805.,1,0,1
WBGene00007806.,1,34,35
WBGene00007807.,12,143,155
WBGene00007808.,11,29,40
WBGene00007809.,4,13,17
WBGene00007810.,11,70,81
WBGene00007811.,26,297,323
WBGene00007812.,276,2622,2898
WBGene00007813.,11,7,18
WBGene00007816.,165,136,301
WBGene00007817.,112,226,338
WBGene00007818.,47,103,150
WBGene00007819.,6,225,231
WBGene00007820.,163,1357,1520
WBGene00007821.,33,156,189
WBGene00007822.,8,9,17
WBGene00007823.,31,77,108
WBGene00007824.,1449,4511,5960
WBGene00007825.,18,482,500
WBGene00007826.,25,1505,1530
WBGene00007827.,184,1994,2178
WBGene00007829.,7,1,8
WBGene00007831.,1,9,10
WBGene00007832.,2,10,12
WBGene00007833.,6,9,15
WBGene00007834.,1,1,2
WBGene00007835.,4,38,42
WBGene00007836.,7,1492,1499
WBGene00007837.,37,402,439
WBGene00007838.,1,27,28
WBGene00007840.,109,10,119
WBGene00007841.,50,919,969
WBGene00007842.,0,138,138
WBGene00007844.,12,20,32
WBGene00007846.,30,549,579
WBGene00007847.,31,429,460
WBGene00007848.,438,6329,6767
WBGene00007849.,101,332,433
WBGene00007850.,3,3,6
WBGene00007851.,9,30,39
WBGene00007852.,0,1,1
WBGene00007853.,1,6,7
WBGene00007854.,96,328,424
WBGene00007855.,0,1414,1414
WBGene00007856.,14,473,487
WBGene00007857.,8,61,69
WBGene00007858.,10,77,87
WBGene00007859.,76,2380,2456
WBGene00007860.,573,2293,2866
WBGene00007861.,17,56,73
WBGene00007862.,127,426,553
WBGene00007863.,5,7,12
WBGene00007864.,9,8,17
WBGene00007865.,4,1,5
WBGene00007866.,3,8,11
WBGene00007867.,3,11,14
WBGene00007868.,5,535,540
WBGene00007869.,0,127,127
WBGene00007870.,6,60,66
WBGene00007871.,0,0,0
WBGene00007872.,0,0,0
WBGene00007873.,0,0,0
WBGene00007874.,0,3,3
WBGene00007875.,1,33,34
WBGene00007876.,0,0,0
WBGene00007877.,517,4355,4872
WBGene00007878.,158,414,572
WBGene00007880.,2144,13211,15355
WBGene00007881.,113,3574,3687
WBGene00007882.,137,3695,3832
WBGene00007883.,197,5088,5285
WBGene00007885.,56,382,438
WBGene00007886.,105,443,548
WBGene00007887.,2,5,7
WBGene00007888.,20,47,67
WBGene00007889.,0,0,0
WBGene00007890.,39,271,310
WBGene00007891.,3,32,35
WBGene00007892.,95,1789,1884
WBGene00007893.,3,7,10
WBGene00007894.,4,13,17
WBGene00007895.,3,2,5
WBGene00007896.,13,30,43
WBGene00007897.,7,27,34
WBGene00007898.,8,236,244
WBGene00007899.,86,541,627
WBGene00007900.,132,852,984
WBGene00007901.,8,448,456
WBGene00007902.,0,77,77
WBGene00007903.,14,129,143
WBGene00007904.,17,33,50
WBGene00007905.,5,5,10
WBGene00007906.,33,500,533
WBGene00007907.,1070,5523,6593
WBGene00007908.,236,645,881
WBGene00007909.,93,74,167
WBGene00007910.,0,8,8
WBGene00007911.,7,35,42
WBGene00007912.,61,863,924
WBGene00007913.,142,676,818
WBGene00007914.,76,893,969
WBGene00007916.,15,426,441
WBGene00007917.,99,1116,1215
WBGene00007918.,39,745,784
WBGene00007919.,190,964,1154
WBGene00007920.,0,0,0
WBGene00007921.,148,1601,1749
WBGene00007922.,188,981,1169
WBGene00007923.,284,2192,2476
WBGene00007924.,293,8320,8613
WBGene00007925.,47,857,904
WBGene00007926.,41,85,126
WBGene00007927.,389,4995,5384
WBGene00007928.,6,27,33
WBGene00007929.,90,568,658
WBGene00007931.,46,521,567
WBGene00007932.,81,462,543
WBGene00007933.,42,436,478
WBGene00007934.,83,1899,1982
WBGene00007935.,61,92,153
WBGene00007937.,5,17,22
WBGene00007938.,7,304,311
WBGene00007939.,27,192,219
WBGene00007941.,48,226,274
WBGene00007942.,60,2144,2204
WBGene00007943.,40,925,965
WBGene00007944.,228,1627,1855
WBGene00007945.,13,55,68
WBGene00007946.,8,67,75
WBGene00007947.,110,826,936
WBGene00007948.,4,4,8
WBGene00007949.,4,93,97
WBGene00007950.,381,1988,2369
WBGene00007951.,131,450,581
WBGene00007952.,83,2572,2655
WBGene00007953.,114,368,482
WBGene00007954.,5,3,8
WBGene00007955.,118,4740,4858
WBGene00007956.,59,553,612
WBGene00007957.,5,104,109
WBGene00007958.,179,990,1169
WBGene00007959.,76,603,679
WBGene00007960.,0,1,1
WBGene00007961.,0,6,6
WBGene00007962.,1,0,1
WBGene00007963.,2,8,10
WBGene00007964.,5,142,147
WBGene00007965.,22,377,399
WBGene00007966.,8,144,152
WBGene00007967.,25,252,277
WBGene00007969.,36,3169,3205
WBGene00007970.,28,274,302
WBGene00007971.,191,3241,3432
WBGene00007972.,124,914,1038
WBGene00007973.,2,12,14
WBGene00007974.,84,1472,1556
WBGene00007975.,72,1012,1084
WBGene00007976.,47,616,663
WBGene00007977.,4,17,21
WBGene00007978.,53,447,500
WBGene00007979.,41,908,949
WBGene00007980.,173,4655,4828
WBGene00007981.,124,2443,2567
WBGene00007982.,147,1161,1308
WBGene00007983.,115,657,772
WBGene00007984.,110,1111,1221
WBGene00007985.,77,155,232
WBGene00007986.,1,2,3
WBGene00007987.,0,1,1
WBGene00007988.,27,135,162
WBGene00007989.,7,100,107
WBGene00007990.,1,38,39
WBGene00007991.,27,282,309
WBGene00007992.,3,87,90
WBGene00007993.,126,4834,4960
WBGene00007994.,80,391,471
WBGene00007995.,3,0,3
WBGene00007996.,4,26,30
WBGene00007997.,39,45,84
WBGene00007998.,0,4,4
WBGene00007999.,11,261,272
WBGene00008000.,43,1571,1614
WBGene00008001.,1,1,2
WBGene00008002.,67,454,521
WBGene00008003.,5,252,257
WBGene00008005.,30,323,353
WBGene00008006.,124,986,1110
WBGene00008007.,6,49,55
WBGene00008008.,103,358,461
WBGene00008009.,3,2,5
WBGene00008010.,8,22,30
WBGene00008012.,0,2,2
WBGene00008013.,0,1,1
WBGene00008014.,0,1,1
WBGene00008015.,4,0,4
WBGene00008016.,2,1,3
WBGene00008017.,0,0,0
WBGene00008018.,191,679,870
WBGene00008019.,51,977,1028
WBGene00008020.,5,112,117
WBGene00008021.,14,242,256
WBGene00008022.,75,370,445
WBGene00008023.,5,212,217
WBGene00008024.,5,8,13
WBGene00008025.,25,445,470
WBGene00008026.,6,6,12
WBGene00008027.,10,150,160
WBGene00008028.,5,81,86
WBGene00008029.,0,3,3
WBGene00008030.,0,10,10
WBGene00008031.,16,52,68
WBGene00008032.,275,2970,3245
WBGene00008033.,27,168,195
WBGene00008034.,268,3572,3840
WBGene00008035.,39,1400,1439
WBGene00008036.,1,7,8
WBGene00008037.,9,10,19
WBGene00008038.,6,5,11
WBGene00008039.,21,425,446
WBGene00008040.,315,4529,4844
WBGene00008041.,333,5085,5418
WBGene00008042.,6,22,28
WBGene00008043.,26,190,216
WBGene00008044.,3,5,8
WBGene00008045.,158,276,434
WBGene00008047.,19,45,64
WBGene00008048.,0,2,2
WBGene00008050.,33,715,748
WBGene00008051.,87,374,461
WBGene00008052.,60,800,860
WBGene00008053.,88,3235,3323
WBGene00008054.,21,15,36
WBGene00008055.,0,3,3
WBGene00008056.,1,5,6
WBGene00008057.,3,6,9
WBGene00008058.,0,0,0
WBGene00008059.,0,0,0
WBGene00008060.,0,0,0
WBGene00008061.,6,130,136
WBGene00008062.,15,143,158
WBGene00008063.,3,29,32
WBGene00008064.,549,155,704
WBGene00008065.,78,341,419
WBGene00008066.,0,55,55
WBGene00008067.,0,1,1
WBGene00008068.,1,1,2
WBGene00008069.,0,0,0
WBGene00008070.,0,54,54
WBGene00008071.,7,0,7
WBGene00008072.,2,21,23
WBGene00008073.,3,149,152
WBGene00008074.,4,7,11
WBGene00008075.,30,255,285
WBGene00008076.,38,678,716
WBGene00008077.,3,28,31
WBGene00008078.,37,465,502
WBGene00008079.,3,22,25
WBGene00008080.,1,49,50
WBGene00008081.,171,800,971
WBGene00008082.,55,214,269
WBGene00008083.,5,19,24
WBGene00008084.,8,23,31
WBGene00008085.,34,461,495
WBGene00008086.,3,37,40
WBGene00008087.,3,2,5
WBGene00008088.,0,2,2
WBGene00008089.,67,903,970
WBGene00008090.,0,0,0
WBGene00008091.,6,27,33
WBGene00008092.,0,30,30
WBGene00008093.,20,23,43
WBGene00008094.,338,602,940
WBGene00008095.,13,92,105
WBGene00008096.,11,269,280
WBGene00008097.,0,22,22
WBGene00008098.,8,20,28
WBGene00008099.,6,49,55
WBGene00008100.,77,510,587
WBGene00008101.,3,27,30
WBGene00008102.,2,13,15
WBGene00008104.,0,0,0
WBGene00008105.,3,5,8
WBGene00008106.,4,15,19
WBGene00008107.,31,1091,1122
WBGene00008110.,268,5350,5618
WBGene00008111.,7,37,44
WBGene00008112.,11,16,27
WBGene00008113.,8,21,29
WBGene00008114.,5,116,121
WBGene00008117.,36,3291,3327
WBGene00008118.,192,850,1042
WBGene00008119.,409,1779,2188
WBGene00008120.,356,1384,1740
WBGene00008121.,118,2639,2757
WBGene00008122.,0,2,2
WBGene00008123.,7,44,51
WBGene00008124.,5,8,13
WBGene00008125.,0,0,0
WBGene00008126.,3,3,6
WBGene00008127.,30,47,77
WBGene00008128.,14,203,217
WBGene00008129.,6,21,27
WBGene00008130.,12,139,151
WBGene00008131.,58,1180,1238
WBGene00008132.,3287,1252,4539
WBGene00008133.,84,101,185
WBGene00008134.,124,1158,1282
WBGene00008135.,0,0,0
WBGene00008136.,81,1286,1367
WBGene00008137.,3,18,21
WBGene00008138.,5,17,22
WBGene00008139.,5,129,134
WBGene00008140.,615,456,1071
WBGene00008141.,0,10,10
WBGene00008142.,43,321,364
WBGene00008143.,115,1298,1413
WBGene00008144.,56,648,704
WBGene00008145.,90,334,424
WBGene00008146.,9,16,25
WBGene00008147.,183,2296,2479
WBGene00008148.,27,445,472
WBGene00008149.,326,18053,18379
WBGene00008150.,26,51,77
WBGene00008151.,172,4407,4579
WBGene00008152.,36,535,571
WBGene00008153.,3,9,12
WBGene00008154.,0,2,2
WBGene00008155.,7,24,31
WBGene00008156.,2,5,7
WBGene00008157.,1,2,3
WBGene00008158.,3,2,5
WBGene00008159.,3,1,4
WBGene00008160.,1,3,4
WBGene00008161.,3,5,8
WBGene00008162.,8,1,9
WBGene00008163.,0,1,1
WBGene00008164.,41,2372,2413
WBGene00008165.,40,986,1026
WBGene00008166.,45,903,948
WBGene00008167.,19,95,114
WBGene00008168.,89,1101,1190
WBGene00008169.,13,147,160
WBGene00008170.,25,328,353
WBGene00008171.,1,86,87
WBGene00008172.,8,134,142
WBGene00008173.,9,459,468
WBGene00008174.,30,190,220
WBGene00008175.,0,14,14
WBGene00008176.,1,21,22
WBGene00008177.,36,343,379
WBGene00008178.,112,47,159
WBGene00008179.,0,0,0
WBGene00008180.,9,47,56
WBGene00008183.,1257,1527,2784
WBGene00008184.,3,20,23
WBGene00008185.,22,2,24
WBGene00008186.,7,10,17
WBGene00008187.,37,16,53
WBGene00008188.,4,3,7
WBGene00008190.,26,22,48
WBGene00008191.,273,10682,10955
WBGene00008192.,0,3,3
WBGene00008193.,7,50,57
WBGene00008194.,37,192,229
WBGene00008195.,119,721,840
WBGene00008196.,0,48,48
WBGene00008197.,45,472,517
WBGene00008198.,37,1410,1447
WBGene00008199.,7,82,89
WBGene00008200.,0,12,12
WBGene00008201.,0,5,5
WBGene00008202.,0,17,17
WBGene00008203.,83,512,595
WBGene00008204.,28,482,510
WBGene00008205.,1103,32449,33552
WBGene00008206.,98,866,964
WBGene00008207.,1,31,32
WBGene00008208.,8,62,70
WBGene00008209.,1,21,22
WBGene00008210.,24,165,189
WBGene00008211.,50,1364,1414
WBGene00008212.,21,196,217
WBGene00008213.,30,328,358
WBGene00008214.,115,670,785
WBGene00008215.,15,2372,2387
WBGene00008216.,13,71,84
WBGene00008217.,0,0,0
WBGene00008218.,21,2100,2121
WBGene00008219.,19,955,974
WBGene00008220.,3,42,45
WBGene00008221.,47,842,889
WBGene00008222.,17,130,147
WBGene00008223.,6,9,15
WBGene00008224.,161,2641,2802
WBGene00008225.,35,1288,1323
WBGene00008226.,34,371,405
WBGene00008227.,61,297,358
WBGene00008228.,1,154,155
WBGene00008229.,13,233,246
WBGene00008230.,32,105,137
WBGene00008231.,1,13,14
WBGene00008232.,20,455,475
WBGene00008233.,23,798,821
WBGene00008234.,1,48,49
WBGene00008235.,7,61,68
WBGene00008236.,18,265,283
WBGene00008237.,119,1318,1437
WBGene00008238.,29,766,795
WBGene00008239.,11,61,72
WBGene00008240.,1,11,12
WBGene00008241.,0,1,1
WBGene00008242.,11,67,78
WBGene00008243.,1,2,3
WBGene00008244.,1,1,2
WBGene00008245.,0,6,6
WBGene00008246.,0,13,13
WBGene00008247.,156,64,220
WBGene00008248.,11,110,121
WBGene00008249.,25,71,96
WBGene00008250.,6,27,33
WBGene00008251.,3,34,37
WBGene00008252.,13,138,151
WBGene00008253.,1,36,37
WBGene00008254.,181,975,1156
WBGene00008255.,46,346,392
WBGene00008256.,35,244,279
WBGene00008257.,2,9,11
WBGene00008258.,44,1121,1165
WBGene00008259.,4,10,14
WBGene00008260.,36,426,462
WBGene00008261.,10,30,40
WBGene00008262.,1095,56346,57441
WBGene00008263.,160,277,437
WBGene00008265.,132,294,426
WBGene00008266.,46,863,909
WBGene00008267.,7,60,67
WBGene00008268.,1,6,7
WBGene00008269.,1,70,71
WBGene00008270.,130,447,577
WBGene00008271.,8,5,13
WBGene00008272.,42,45,87
WBGene00008273.,108,470,578
WBGene00008274.,410,2910,3320
WBGene00008275.,40,592,632
WBGene00008277.,22,24,46
WBGene00008278.,207,282,489
WBGene00008279.,30,4,34
WBGene00008280.,43,207,250
WBGene00008281.,37,593,630
WBGene00008282.,3,8,11
WBGene00008283.,79,770,849
WBGene00008284.,159,1362,1521
WBGene00008285.,27,23,50
WBGene00008286.,13,20,33
WBGene00008287.,152,1214,1366
WBGene00008288.,82,1081,1163
WBGene00008289.,0,0,0
WBGene00008290.,2,31,33
WBGene00008291.,0,4,4
WBGene00008292.,27,403,430
WBGene00008293.,3,0,3
WBGene00008294.,2,10,12
WBGene00008295.,0,1,1
WBGene00008296.,44,293,337
WBGene00008297.,2,19,21
WBGene00008298.,99,1564,1663
WBGene00008299.,4,3,7
WBGene00008300.,5,311,316
WBGene00008301.,9,13,22
WBGene00008302.,4,21,25
WBGene00008303.,35,118,153
WBGene00008304.,6,71,77
WBGene00008306.,0,5,5
WBGene00008307.,159,380,539
WBGene00008308.,0,3,3
WBGene00008309.,10,44,54
WBGene00008310.,124,1216,1340
WBGene00008311.,100,1402,1502
WBGene00008312.,3,6,9
WBGene00008313.,3,9,12
WBGene00008314.,57,164,221
WBGene00008315.,297,1797,2094
WBGene00008316.,66,528,594
WBGene00008317.,60,597,657
WBGene00008318.,15,461,476
WBGene00008319.,0,0,0
WBGene00008320.,30,219,249
WBGene00008321.,3,2,5
WBGene00008322.,0,1,1
WBGene00008323.,10,330,340
WBGene00008324.,1,34,35
WBGene00008325.,2,12,14
WBGene00008326.,0,3,3
WBGene00008327.,0,3,3
WBGene00008328.,4,0,4
WBGene00008330.,16,1104,1120
WBGene00008331.,199,2237,2436
WBGene00008332.,49,447,496
WBGene00008333.,21,506,527
WBGene00008334.,100,748,848
WBGene00008335.,35,518,553
WBGene00008336.,11,129,140
WBGene00008337.,0,1,1
WBGene00008338.,260,2681,2941
WBGene00008339.,52,988,1040
WBGene00008340.,2,12,14
WBGene00008341.,11,300,311
WBGene00008342.,67,277,344
WBGene00008343.,14,590,604
WBGene00008344.,142,1280,1422
WBGene00008345.,82,1893,1975
WBGene00008346.,21,67,88
WBGene00008348.,127,466,593
WBGene00008349.,5,33,38
WBGene00008350.,5,18,23
WBGene00008351.,0,1,1
WBGene00008352.,2,25,27
WBGene00008353.,9,530,539
WBGene00008354.,32,500,532
WBGene00008355.,19,71,90
WBGene00008356.,29,48091,48120
WBGene00008357.,16,6152,6168
WBGene00008358.,42,8146,8188
WBGene00008359.,95,17698,17793
WBGene00008360.,4,9138,9142
WBGene00008361.,30,387,417
WBGene00008362.,76,1957,2033
WBGene00008363.,11,357,368
WBGene00008364.,20,583,603
WBGene00008365.,10,51,61
WBGene00008366.,278,1226,1504
WBGene00008367.,0,3,3
WBGene00008368.,89,356,445
WBGene00008369.,78,320,398
WBGene00008370.,211,1632,1843
WBGene00008371.,160,1351,1511
WBGene00008372.,4,12,16
WBGene00008373.,3,13,16
WBGene00008374.,1,5,6
WBGene00008375.,8,941,949
WBGene00008376.,47,354,401
WBGene00008377.,0,1,1
WBGene00008378.,0,2,2
WBGene00008379.,7,216,223
WBGene00008380.,92,1468,1560
WBGene00008381.,4,6,10
WBGene00008382.,44,419,463
WBGene00008383.,9,42,51
WBGene00008384.,4,107,111
WBGene00008385.,18,437,455
WBGene00008386.,346,4277,4623
WBGene00008387.,24,114,138
WBGene00008388.,32,166,198
WBGene00008389.,61,1558,1619
WBGene00008390.,76,539,615
WBGene00008392.,1507,10474,11981
WBGene00008393.,1,13,14
WBGene00008394.,0,2,2
WBGene00008395.,573,6508,7081
WBGene00008396.,0,23,23
WBGene00008397.,0,0,0
WBGene00008398.,414,4279,4693
WBGene00008399.,47,310,357
WBGene00008400.,122,1253,1375
WBGene00008401.,33,82,115
WBGene00008402.,56,914,970
WBGene00008403.,30,154,184
WBGene00008404.,47,1331,1378
WBGene00008405.,39,1947,1986
WBGene00008407.,464,1889,2353
WBGene00008408.,41,1035,1076
WBGene00008409.,87,3058,3145
WBGene00008410.,54,1056,1110
WBGene00008411.,66,1211,1277
WBGene00008412.,142,1067,1209
WBGene00008413.,45,1095,1140
WBGene00008414.,490,13718,14208
WBGene00008415.,245,9382,9627
WBGene00008417.,24,374,398
WBGene00008418.,41,292,333
WBGene00008419.,561,3174,3735
WBGene00008420.,281,1802,2083
WBGene00008421.,77,326,403
WBGene00008422.,35,1530,1565
WBGene00008423.,5,34,39
WBGene00008424.,15,179,194
WBGene00008425.,6,46,52
WBGene00008426.,75,433,508
WBGene00008427.,11,59,70
WBGene00008428.,47,1237,1284
WBGene00008429.,100,898,998
WBGene00008430.,229,1766,1995
WBGene00008431.,207,668,875
WBGene00008432.,117,1081,1198
WBGene00008433.,2,4,6
WBGene00008434.,65,1798,1863
WBGene00008435.,55,287,342
WBGene00008436.,264,2986,3250
WBGene00008438.,855,2570,3425
WBGene00008439.,141,827,968
WBGene00008440.,9,191,200
WBGene00008441.,177,605,782
WBGene00008442.,200,819,1019
WBGene00008443.,2129,1383,3512
WBGene00008444.,525,1229,1754
WBGene00008446.,557,6671,7228
WBGene00008447.,53,640,693
WBGene00008448.,1,31,32
WBGene00008449.,5,68,73
WBGene00008450.,25,1705,1730
WBGene00008451.,17,78,95
WBGene00008452.,162,3464,3626
WBGene00008453.,270,2333,2603
WBGene00008454.,22,1020,1042
WBGene00008455.,141,2267,2408
WBGene00008456.,9,530,539
WBGene00008457.,64,407,471
WBGene00008458.,122,1388,1510
WBGene00008459.,138,1601,1739
WBGene00008460.,84,80,164
WBGene00008462.,5,28,33
WBGene00008463.,0,16,16
WBGene00008464.,1,3,4
WBGene00008465.,42,5,47
WBGene00008468.,4,8,12
WBGene00008470.,1,2,3
WBGene00008471.,0,0,0
WBGene00008472.,5,6,11
WBGene00008473.,1,0,1
WBGene00008474.,0,1,1
WBGene00008475.,6,15,21
WBGene00008476.,29,147,176
WBGene00008477.,0,36,36
WBGene00008478.,1,3,4
WBGene00008479.,0,0,0
WBGene00008480.,134,5424,5558
WBGene00008481.,25,211,236
WBGene00008482.,6,16,22
WBGene00008483.,4,24,28
WBGene00008484.,35,4406,4441
WBGene00008485.,4,11,15
WBGene00008486.,4,351,355
WBGene00008487.,25,124,149
WBGene00008488.,45,457,502
WBGene00008489.,24,40,64
WBGene00008490.,26,500,526
WBGene00008491.,121,159,280
WBGene00008492.,7,134,141
WBGene00008493.,0,5,5
WBGene00008494.,4,63,67
WBGene00008495.,12,256,268
WBGene00008496.,24,273,297
WBGene00008497.,3,3,6
WBGene00008498.,14,43,57
WBGene00008499.,34,86,120
WBGene00008500.,70,158,228
WBGene00008501.,0,1,1
WBGene00008502.,154,1521,1675
WBGene00008503.,14,339,353
WBGene00008504.,34,1007,1041
WBGene00008505.,410,44934,45344
WBGene00008506.,63,5387,5450
WBGene00008507.,0,1,1
WBGene00008508.,1,4,5
WBGene00008509.,0,12,12
WBGene00008510.,360,3167,3527
WBGene00008511.,12,96,108
WBGene00008512.,18,90,108
WBGene00008513.,72,232,304
WBGene00008514.,53,2967,3020
WBGene00008515.,108,421,529
WBGene00008516.,17,270,287
WBGene00008517.,21,164,185
WBGene00008518.,15,64,79
WBGene00008519.,146,367,513
WBGene00008520.,39,88,127
WBGene00008521.,152,2081,2233
WBGene00008522.,5,1086,1091
WBGene00008523.,4,0,4
WBGene00008524.,7,5,12
WBGene00008526.,3,11,14
WBGene00008527.,1,2,3
WBGene00008528.,184,1556,1740
WBGene00008529.,21,60,81
WBGene00008530.,209,4256,4465
WBGene00008531.,150,713,863
WBGene00008532.,150,2913,3063
WBGene00008533.,202,934,1136
WBGene00008534.,1,0,1
WBGene00008535.,7,9,16
WBGene00008536.,3,6,9
WBGene00008537.,21,7,28
WBGene00008538.,673,4900,5573
WBGene00008539.,1,0,1
WBGene00008540.,4,9,13
WBGene00008541.,2,5,7
WBGene00008542.,21,62,83
WBGene00008543.,50,752,802
WBGene00008545.,24,32,56
WBGene00008546.,105,1135,1240
WBGene00008547.,202,916,1118
WBGene00008548.,40,210,250
WBGene00008549.,628,7993,8621
WBGene00008550.,4,12,16
WBGene00008551.,1,11,12
WBGene00008552.,1,3,4
WBGene00008553.,0,89,89
WBGene00008554.,343,7001,7344
WBGene00008555.,1169,2576,3745
WBGene00008556.,16,15,31
WBGene00008557.,86,439,525
WBGene00008558.,9,140,149
WBGene00008559.,8,26,34
WBGene00008560.,5,28,33
WBGene00008561.,12,78,90
WBGene00008563.,3,1506,1509
WBGene00008564.,37,461,498
WBGene00008565.,31,348,379
WBGene00008566.,3,8,11
WBGene00008567.,6,33,39
WBGene00008568.,17,62,79
WBGene00008569.,12,358,370
WBGene00008570.,538,1146,1684
WBGene00008571.,183,494,677
WBGene00008572.,494,11676,12170
WBGene00008574.,0,2,2
WBGene00008575.,18,291,309
WBGene00008576.,0,1537,1537
WBGene00008577.,0,1454,1454
WBGene00008578.,60,387,447
WBGene00008579.,90,548,638
WBGene00008580.,6,69,75
WBGene00008581.,1,2,3
WBGene00008582.,199,4465,4664
WBGene00008583.,119,234,353
WBGene00008584.,48,378,426
WBGene00008585.,69,642,711
WBGene00008586.,181,2983,3164
WBGene00008587.,28,324,352
WBGene00008588.,20,176,196
WBGene00008589.,126,757,883
WBGene00008590.,0,14,14
WBGene00008591.,6,182,188
WBGene00008592.,1,335,336
WBGene00008593.,2,11,13
WBGene00008594.,14,58,72
WBGene00008595.,11,54,65
WBGene00008596.,5,17,22
WBGene00008597.,8,4,12
WBGene00008598.,4,17,21
WBGene00008599.,7,33,40
WBGene00008600.,200,79,279
WBGene00008601.,1731,3216,4947
WBGene00008602.,54,233,287
WBGene00008603.,684,8028,8712
WBGene00008604.,130,928,1058
WBGene00008605.,93,710,803
WBGene00008606.,42,620,662
WBGene00008607.,76,634,710
WBGene00008609.,8,12,20
WBGene00008610.,95,2485,2580
WBGene00008611.,0,5,5
WBGene00008612.,27,6,33
WBGene00008613.,3,85,88
WBGene00008615.,4,4,8
WBGene00008616.,1,26,27
WBGene00008617.,1,3,4
WBGene00008618.,2,6,8
WBGene00008619.,1,2,3
WBGene00008620.,1,4,5
WBGene00008621.,28,85,113
WBGene00008622.,216,2577,2793
WBGene00008623.,99,13,112
WBGene00008624.,236,1938,2174
WBGene00008625.,6,44,50
WBGene00008626.,38,400,438
WBGene00008627.,2,8,10
WBGene00008628.,42,3672,3714
WBGene00008629.,17,200,217
WBGene00008630.,3,48,51
WBGene00008631.,1,4,5
WBGene00008632.,3,27,30
WBGene00008633.,0,37,37
WBGene00008634.,1,22,23
WBGene00008635.,4,3,7
WBGene00008636.,0,3,3
WBGene00008637.,0,3,3
WBGene00008638.,0,0,0
WBGene00008639.,51,545,596
WBGene00008640.,3,36,39
WBGene00008641.,14,327,341
WBGene00008642.,4,1119,1123
WBGene00008643.,4,130,134
WBGene00008644.,26,76,102
WBGene00008645.,31,894,925
WBGene00008646.,33,583,616
WBGene00008647.,12,179,191
WBGene00008648.,127,921,1048
WBGene00008649.,1,8,9
WBGene00008650.,9,38,47
WBGene00008651.,2,10,12
WBGene00008652.,13,282,295
WBGene00008654.,46,28,74
WBGene00008655.,68,363,431
WBGene00008656.,16,216,232
WBGene00008657.,3,2,5
WBGene00008658.,1,1,2
WBGene00008659.,0,2,2
WBGene00008660.,0,7,7
WBGene00008661.,4,7,11
WBGene00008662.,58,397,455
WBGene00008663.,42,1169,1211
WBGene00008664.,10,2153,2163
WBGene00008665.,5795,908,6703
WBGene00008666.,100,837,937
WBGene00008667.,101,451,552
WBGene00008669.,69,549,618
WBGene00008670.,211,1151,1362
WBGene00008671.,0,10,10
WBGene00008672.,0,1,1
WBGene00008673.,2,4,6
WBGene00008675.,0,0,0
WBGene00008676.,3,2,5
WBGene00008677.,3,30,33
WBGene00008678.,0,8,8
WBGene00008679.,0,1,1
WBGene00008680.,3,10,13
WBGene00008681.,36,360,396
WBGene00008682.,112,2403,2515
WBGene00008683.,201,1504,1705
WBGene00008684.,38,374,412
WBGene00008685.,106,783,889
WBGene00008686.,105,587,692
WBGene00008687.,28,904,932
WBGene00008688.,248,3389,3637
WBGene00008690.,310,1925,2235
WBGene00008691.,25,747,772
WBGene00008692.,31,71,102
WBGene00008693.,2,57,59
WBGene00008694.,945,5409,6354
WBGene00008695.,39,126,165
WBGene00008696.,0,3,3
WBGene00008698.,6,2,8
WBGene00008699.,0,0,0
WBGene00008700.,0,0,0
WBGene00008701.,3,3,6
WBGene00008702.,0,0,0
WBGene00008703.,0,0,0
WBGene00008706.,2265,7281,9546
WBGene00008707.,27,2280,2307
WBGene00008708.,23,97,120
WBGene00008709.,17,14,31
WBGene00008710.,25,1104,1129
WBGene00008711.,77,245,322
WBGene00008712.,25,136,161
WBGene00008713.,45,295,340
WBGene00008714.,25,69,94
WBGene00008716.,0,1,1
WBGene00008717.,0,2,2
WBGene00008719.,22,52,74
WBGene00008720.,222,2635,2857
WBGene00008722.,40,873,913
WBGene00008723.,5,7,12
WBGene00008724.,2,6,8
WBGene00008725.,2,0,2
WBGene00008726.,30,201,231
WBGene00008727.,6,42,48
WBGene00008728.,6,31,37
WBGene00008729.,215,4001,4216
WBGene00008730.,16,35,51
WBGene00008731.,11,32,43
WBGene00008732.,17,139,156
WBGene00008733.,51,570,621
WBGene00008734.,3,7,10
WBGene00008735.,440,1682,2122
WBGene00008736.,36,215,251
WBGene00008737.,18,75,93
WBGene00008739.,18,63,81
WBGene00008740.,5,373,378
WBGene00008741.,67,851,918
WBGene00008742.,38,438,476
WBGene00008743.,8,165,173
WBGene00008744.,146,2552,2698
WBGene00008745.,89,6452,6541
WBGene00008746.,108,359,467
WBGene00008747.,11,117,128
WBGene00008748.,42,1137,1179
WBGene00008749.,38,732,770
WBGene00008750.,301,654,955
WBGene00008751.,0,0,0
WBGene00008752.,0,0,0
WBGene00008753.,0,0,0
WBGene00008754.,3,54,57
WBGene00008755.,1,33,34
WBGene00008757.,0,88,88
WBGene00008758.,5,15,20
WBGene00008759.,1,1,2
WBGene00008760.,23,887,910
WBGene00008761.,53,802,855
WBGene00008762.,2,362,364
WBGene00008763.,52,238,290
WBGene00008764.,37,2330,2367
WBGene00008765.,118,7338,7456
WBGene00008766.,97,874,971
WBGene00008767.,32,1533,1565
WBGene00008768.,761,7440,8201
WBGene00008769.,41,2360,2401
WBGene00008770.,68,1567,1635
WBGene00008772.,1,2,3
WBGene00008773.,18,214,232
WBGene00008774.,29,368,397
WBGene00008775.,100,1047,1147
WBGene00008776.,18,138,156
WBGene00008777.,707,2957,3664
WBGene00008778.,0,14,14
WBGene00008779.,78,237,315
WBGene00008780.,246,1426,1672
WBGene00008781.,138,2257,2395
WBGene00008782.,1,5,6
WBGene00008783.,181,1024,1205
WBGene00008784.,0,5,5
WBGene00008785.,2,6,8
WBGene00008786.,3,3,6
WBGene00008787.,8,24,32
WBGene00008788.,2,2,4
WBGene00008789.,2,16,18
WBGene00008790.,1,3,4
WBGene00008791.,17,171,188
WBGene00008792.,0,23,23
WBGene00008793.,17,44,61
WBGene00008794.,1,15,16
WBGene00008795.,15,74,89
WBGene00008796.,1,8,9
WBGene00008797.,1,26,27
WBGene00008798.,1,70,71
WBGene00008799.,2,38,40
WBGene00008800.,158,3065,3223
WBGene00008801.,12,21,33
WBGene00008802.,11,70,81
WBGene00008803.,640,3849,4489
WBGene00008804.,36,124,160
WBGene00008805.,79,1007,1086
WBGene00008806.,16,429,445
WBGene00008807.,16,223,239
WBGene00008808.,21,41,62
WBGene00008809.,7,11,18
WBGene00008810.,44,141,185
WBGene00008811.,1,3,4
WBGene00008812.,7,1,8
WBGene00008813.,1,1,2
WBGene00008814.,1,0,1
WBGene00008815.,0,4,4
WBGene00008816.,0,0,0
WBGene00008817.,0,0,0
WBGene00008818.,3,6,9
WBGene00008819.,484,1121,1605
WBGene00008820.,35,3941,3976
WBGene00008821.,0,1,1
WBGene00008822.,1,2,3
WBGene00008823.,1,3,4
WBGene00008824.,0,2,2
WBGene00008825.,1,3,4
WBGene00008826.,3,10,13
WBGene00008827.,0,4,4
WBGene00008828.,0,3,3
WBGene00008829.,10,4,14
WBGene00008830.,1,19,20
WBGene00008831.,3,12,15
WBGene00008832.,98,1009,1107
WBGene00008833.,19,1726,1745
WBGene00008834.,14,1990,2004
WBGene00008835.,12,369,381
WBGene00008837.,2,0,2
WBGene00008838.,9,39,48
WBGene00008839.,1,1,2
WBGene00008840.,3,87,90
WBGene00008841.,1572,15276,16848
WBGene00008842.,1,13,14
WBGene00008843.,1,1,2
WBGene00008844.,1,5,6
WBGene00008847.,1,5,6
WBGene00008848.,11,327,338
WBGene00008849.,37,10,47
WBGene00008850.,3,28,31
WBGene00008851.,134,683,817
WBGene00008852.,493,4911,5404
WBGene00008853.,3,1,4
WBGene00008854.,15,2,17
WBGene00008855.,2,5,7
WBGene00008856.,370,1863,2233
WBGene00008857.,23,12856,12879
WBGene00008858.,5,21,26
WBGene00008859.,2,468,470
WBGene00008860.,1045,10739,11784
WBGene00008861.,28,927,955
WBGene00008862.,18,76,94
WBGene00008863.,0,4,4
WBGene00008865.,121,3327,3448
WBGene00008866.,22,8,30
WBGene00008868.,275,572,847
WBGene00008869.,13,43,56
WBGene00008870.,2,12,14
WBGene00008871.,1,3,4
WBGene00008872.,2,0,2
WBGene00008873.,1,0,1
WBGene00008874.,5,22,27
WBGene00008875.,5,267,272
WBGene00008876.,166,763,929
WBGene00008877.,102,692,794
WBGene00008878.,1196,2708,3904
WBGene00008879.,86,205,291
WBGene00008880.,65,507,572
WBGene00008881.,2,19,21
WBGene00008882.,81,1332,1413
WBGene00008883.,10,86,96
WBGene00008884.,3,18,21
WBGene00008885.,51,535,586
WBGene00008886.,42,63,105
WBGene00008887.,50,789,839
WBGene00008889.,4,8,12
WBGene00008890.,47,152,199
WBGene00008891.,1,82,83
WBGene00008892.,7,77,84
WBGene00008893.,10,0,10
WBGene00008894.,13,19,32
WBGene00008897.,10,64,74
WBGene00008898.,3,0,3
WBGene00008899.,4,2,6
WBGene00008900.,3,32,35
WBGene00008901.,838,15,853
WBGene00008902.,2,2,4
WBGene00008903.,5,2,7
WBGene00008904.,0,28,28
WBGene00008905.,4,31,35
WBGene00008906.,0,1,1
WBGene00008907.,1,1,2
WBGene00008908.,5,5,10
WBGene00008909.,1,5,6
WBGene00008910.,136,1900,2036
WBGene00008911.,0,0,0
WBGene00008912.,2,63,65
WBGene00008914.,31,7638,7669
WBGene00008915.,150,9083,9233
WBGene00008916.,77,64,141
WBGene00008917.,8,33,41
WBGene00008918.,8,595,603
WBGene00008919.,234,2819,3053
WBGene00008920.,18174,175250,193424
WBGene00008921.,103,1202,1305
WBGene00008922.,199,4202,4401
WBGene00008923.,51,116,167
WBGene00008924.,55,617,672
WBGene00008925.,124,3429,3553
WBGene00008926.,72,620,692
WBGene00008927.,287,1254,1541
WBGene00008928.,2,11,13
WBGene00008929.,48,1371,1419
WBGene00008930.,622,3384,4006
WBGene00008932.,428,943,1371
WBGene00008933.,5,48,53
WBGene00008934.,272,1752,2024
WBGene00008935.,3,22,25
WBGene00008936.,5,111,116
WBGene00008937.,3,7,10
WBGene00008939.,175,1196,1371
WBGene00008940.,128,907,1035
WBGene00008941.,58,5,63
WBGene00008942.,1,0,1
WBGene00008943.,0,2,2
WBGene00008944.,20,274,294
WBGene00008945.,5,19,24
WBGene00008946.,8,0,8
WBGene00008947.,4,4,8
WBGene00008948.,112,2924,3036
WBGene00008949.,1,24,25
WBGene00008950.,0,5,5
WBGene00008951.,239,1507,1746
WBGene00008952.,39,286,325
WBGene00008953.,120,495,615
WBGene00008954.,7,20,27
WBGene00008955.,12,37,49
WBGene00008956.,77,347,424
WBGene00008957.,68,1237,1305
WBGene00008958.,0,3,3
WBGene00008959.,0,0,0
WBGene00008960.,4,2,6
WBGene00008961.,23,1772,1795
WBGene00008963.,92,2425,2517
WBGene00008964.,334,899,1233
WBGene00008965.,36,37,73
WBGene00008966.,0,0,0
WBGene00008967.,2,185,187
WBGene00008968.,8,96,104
WBGene00008969.,76,335,411
WBGene00008970.,0,196,196
WBGene00008971.,41,1064,1105
WBGene00008972.,2,7,9
WBGene00008973.,23,2870,2893
WBGene00008974.,148,1051,1199
WBGene00008975.,46,2237,2283
WBGene00008976.,3,63,66
WBGene00008977.,26,123,149
WBGene00008978.,35,390,425
WBGene00008979.,44,1009,1053
WBGene00008980.,102,2227,2329
WBGene00008981.,0,0,0
WBGene00008982.,0,0,0
WBGene00008983.,2,1,3
WBGene00008984.,0,1,1
WBGene00008985.,14,82,96
WBGene00008986.,137,1183,1320
WBGene00008987.,169,1340,1509
WBGene00008988.,14,46,60
WBGene00008989.,35,397,432
WBGene00008990.,124,2012,2136
WBGene00008991.,36,50,86
WBGene00008992.,0,94,94
WBGene00008993.,53,293,346
WBGene00008994.,4,47,51
WBGene00008995.,66,232,298
WBGene00008996.,39,341,380
WBGene00008997.,113,280,393
WBGene00008998.,319,2439,2758
WBGene00008999.,912,4346,5258
WBGene00009000.,19,49,68
WBGene00009001.,5,4,9
WBGene00009002.,189,2737,2926
WBGene00009004.,509,12592,13101
WBGene00009005.,12,25,37
WBGene00009006.,19,450,469
WBGene00009007.,37,1333,1370
WBGene00009008.,56,354,410
WBGene00009009.,11,303,314
WBGene00009010.,48,855,903
WBGene00009011.,39,1242,1281
WBGene00009012.,136,4011,4147
WBGene00009013.,102,3146,3248
WBGene00009014.,21,132,153
WBGene00009015.,13,22,35
WBGene00009016.,4,0,4
WBGene00009017.,0,2,2
WBGene00009018.,33,224,257
WBGene00009019.,0,9,9
WBGene00009020.,3,87,90
WBGene00009021.,1,2,3
WBGene00009023.,16,159,175
WBGene00009024.,14,57,71
WBGene00009025.,67,462,529
WBGene00009026.,25,273,298
WBGene00009027.,92,573,665
WBGene00009028.,6,3,9
WBGene00009029.,12,56,68
WBGene00009030.,11,86,97
WBGene00009031.,1,12,13
WBGene00009032.,1,5,6
WBGene00009033.,1,3,4
WBGene00009035.,12,98,110
WBGene00009036.,1,0,1
WBGene00009038.,12,1,13
WBGene00009039.,8,9,17
WBGene00009041.,3,68,71
WBGene00009042.,15,614,629
WBGene00009043.,1,10,11
WBGene00009044.,10,8,18
WBGene00009045.,27,2015,2042
WBGene00009046.,1,0,1
WBGene00009047.,0,2,2
WBGene00009048.,26,2416,2442
WBGene00009049.,153,3596,3749
WBGene00009050.,510,14741,15251
WBGene00009051.,677,11668,12345
WBGene00009052.,129,1661,1790
WBGene00009054.,63,397,460
WBGene00009055.,99,423,522
WBGene00009056.,401,4829,5230
WBGene00009057.,63,393,456
WBGene00009058.,73,3611,3684
WBGene00009059.,31,557,588
WBGene00009060.,151,297,448
WBGene00009061.,4,6,10
WBGene00009063.,1,5,6
WBGene00009064.,61,704,765
WBGene00009065.,312,1604,1916
WBGene00009067.,0,4,4
WBGene00009068.,27,238,265
WBGene00009069.,0,2890,2890
WBGene00009070.,1709,43,1752
WBGene00009071.,1,10,11
WBGene00009073.,25,62,87
WBGene00009075.,6,5,11
WBGene00009076.,0,2,2
WBGene00009077.,3,5,8
WBGene00009078.,860,4044,4904
WBGene00009079.,0,7,7
WBGene00009081.,69,1149,1218
WBGene00009082.,51,8193,8244
WBGene00009084.,129,3606,3735
WBGene00009085.,8,30,38
WBGene00009086.,4,7,11
WBGene00009087.,9,348,357
WBGene00009088.,0,1,1
WBGene00009089.,30,366,396
WBGene00009090.,6,174,180
WBGene00009091.,177,4542,4719
WBGene00009092.,208,10850,11058
WBGene00009093.,80,387,467
WBGene00009094.,68,1055,1123
WBGene00009095.,54,362,416
WBGene00009096.,38,3488,3526
WBGene00009097.,20,2596,2616
WBGene00009098.,493,2207,2700
WBGene00009099.,4,34,38
WBGene00009100.,136,1085,1221
WBGene00009101.,9,127,136
WBGene00009102.,6,262,268
WBGene00009103.,161,3948,4109
WBGene00009104.,0,4,4
WBGene00009106.,46,819,865
WBGene00009107.,112,178,290
WBGene00009108.,11,79,90
WBGene00009109.,61,253,314
WBGene00009110.,5,807,812
WBGene00009112.,87,1685,1772
WBGene00009113.,4,62,66
WBGene00009114.,6,2,8
WBGene00009115.,25,20,45
WBGene00009116.,81,1095,1176
WBGene00009117.,16,38,54
WBGene00009118.,74,2808,2882
WBGene00009119.,1129,262918,264047
WBGene00009120.,168,1377,1545
WBGene00009121.,20,414,434
WBGene00009122.,3,153,156
WBGene00009123.,87,4415,4502
WBGene00009124.,124,501,625
WBGene00009125.,38,114,152
WBGene00009126.,288,9802,10090
WBGene00009127.,88,1271,1359
WBGene00009128.,0,1537,1537
WBGene00009129.,3,14,17
WBGene00009130.,8,4,12
WBGene00009131.,100,995,1095
WBGene00009132.,39,2050,2089
WBGene00009133.,100,1583,1683
WBGene00009134.,2,7,9
WBGene00009135.,11,180,191
WBGene00009136.,7,6,13
WBGene00009137.,23,513,536
WBGene00009138.,18,1214,1232
WBGene00009139.,95,1505,1600
WBGene00009140.,116,859,975
WBGene00009141.,801,5996,6797
WBGene00009142.,51,4723,4774
WBGene00009143.,8,15,23
WBGene00009144.,8,63,71
WBGene00009145.,214,939,1153
WBGene00009146.,22,169,191
WBGene00009147.,22,10,32
WBGene00009148.,8,57,65
WBGene00009149.,0,9,9
WBGene00009150.,0,1,1
WBGene00009151.,0,0,0
WBGene00009152.,0,2,2
WBGene00009153.,10,89,99
WBGene00009154.,0,4,4
WBGene00009155.,61,273,334
WBGene00009156.,72,185,257
WBGene00009157.,116,665,781
WBGene00009158.,310,2319,2629
WBGene00009159.,53,1090,1143
WBGene00009160.,12,3,15
WBGene00009161.,1365,48598,49963
WBGene00009162.,65,120,185
WBGene00009163.,87,363,450
WBGene00009164.,43,2021,2064
WBGene00009165.,14,1070,1084
WBGene00009166.,15,57,72
WBGene00009167.,0,0,0
WBGene00009168.,3,24,27
WBGene00009169.,11,38,49
WBGene00009170.,1,5,6
WBGene00009171.,4,1,5
WBGene00009172.,186,456,642
WBGene00009173.,3,58,61
WBGene00009174.,347,1580,1927
WBGene00009176.,14,846,860
WBGene00009177.,66,689,755
WBGene00009178.,25,44,69
WBGene00009179.,159,1179,1338
WBGene00009180.,1677,24676,26353
WBGene00009182.,11,66,77
WBGene00009183.,8,98,106
WBGene00009184.,0,23,23
WBGene00009185.,1,4,5
WBGene00009186.,0,25,25
WBGene00009187.,1034,7525,8559
WBGene00009188.,582,2475,3057
WBGene00009189.,775,9926,10701
WBGene00009190.,141,720,861
WBGene00009191.,0,942,942
WBGene00009192.,21,66,87
WBGene00009193.,9,11,20
WBGene00009194.,18,50,68
WBGene00009195.,0,0,0
WBGene00009196.,9,2,11
WBGene00009197.,2,8,10
WBGene00009200.,135,1948,2083
WBGene00009201.,79,1274,1353
WBGene00009202.,3,52,55
WBGene00009203.,3,98,101
WBGene00009204.,64,208,272
WBGene00009205.,9,117,126
WBGene00009206.,0,0,0
WBGene00009207.,55,1730,1785
WBGene00009208.,5,20,25
WBGene00009209.,0,8,8
WBGene00009210.,0,4,4
WBGene00009211.,18,3159,3177
WBGene00009212.,1,55,56
WBGene00009213.,0,11,11
WBGene00009214.,0,4,4
WBGene00009215.,0,12,12
WBGene00009216.,0,683,683
WBGene00009217.,78,107,185
WBGene00009218.,52,542,594
WBGene00009219.,149,2291,2440
WBGene00009220.,295,494,789
WBGene00009221.,156,5356,5512
WBGene00009222.,36,282,318
WBGene00009223.,24,539,563
WBGene00009224.,77,198,275
WBGene00009225.,10,51,61
WBGene00009226.,2,3,5
WBGene00009227.,2,25,27
WBGene00009228.,3,3,6
WBGene00009229.,11,49,60
WBGene00009230.,4,1,5
WBGene00009231.,33,231,264
WBGene00009232.,4,34,38
WBGene00009233.,88,515,603
WBGene00009234.,80,420,500
WBGene00009235.,0,2,2
WBGene00009236.,3,34,37
WBGene00009237.,5,441,446
WBGene00009238.,3,5,8
WBGene00009239.,7,49,56
WBGene00009240.,13,58,71
WBGene00009241.,12,398,410
WBGene00009242.,4,61,65
WBGene00009243.,29,764,793
WBGene00009245.,127,601,728
WBGene00009246.,121,7070,7191
WBGene00009247.,5,28,33
WBGene00009248.,0,10,10
WBGene00009249.,0,2,2
WBGene00009250.,6,151,157
WBGene00009251.,8,11,19
WBGene00009252.,11,6,17
WBGene00009254.,87,2075,2162
WBGene00009255.,12,22,34
WBGene00009256.,153,1554,1707
WBGene00009257.,25,82,107
WBGene00009258.,49,284,333
WBGene00009259.,16,340,356
WBGene00009260.,93,1504,1597
WBGene00009261.,5,57,62
WBGene00009262.,63,1508,1571
WBGene00009263.,78,248,326
WBGene00009264.,241,2403,2644
WBGene00009266.,135,4986,5121
WBGene00009267.,152,1881,2033
WBGene00009268.,1,43,44
WBGene00009269.,3,6,9
WBGene00009270.,8,298,306
WBGene00009271.,116,428,544
WBGene00009272.,11,288,299
WBGene00009274.,84,830,914
WBGene00009276.,43,1076,1119
WBGene00009277.,240,597,837
WBGene00009278.,22,131,153
WBGene00009279.,2,6,8
WBGene00009280.,0,69,69
WBGene00009281.,2,2,4
WBGene00009283.,13,153,166
WBGene00009284.,183,1025,1208
WBGene00009285.,82,1284,1366
WBGene00009286.,36,306,342
WBGene00009287.,77,557,634
WBGene00009288.,77,392,469
WBGene00009289.,40,1329,1369
WBGene00009290.,105,2620,2725
WBGene00009291.,106,477,583
WBGene00009292.,27,150,177
WBGene00009293.,11,300,311
WBGene00009294.,774,11199,11973
WBGene00009295.,0,3,3
WBGene00009296.,0,3,3
WBGene00009297.,0,4,4
WBGene00009298.,0,3,3
WBGene00009299.,6,72,78
WBGene00009300.,0,1,1
WBGene00009301.,2,4,6
WBGene00009302.,0,0,0
WBGene00009303.,6,2,8
WBGene00009304.,404,1816,2220
WBGene00009305.,105,1239,1344
WBGene00009306.,28,2335,2363
WBGene00009307.,54,5398,5452
WBGene00009308.,2,6,8
WBGene00009309.,0,10,10
WBGene00009310.,1,1,2
WBGene00009311.,8,31,39
WBGene00009312.,934,24,958
WBGene00009313.,1,4,5
WBGene00009314.,350,1196,1546
WBGene00009315.,256,1287,1543
WBGene00009316.,1,5,6
WBGene00009318.,3,49,52
WBGene00009319.,115,3467,3582
WBGene00009320.,169,716,885
WBGene00009321.,3,0,3
WBGene00009322.,125,1844,1969
WBGene00009323.,14,923,937
WBGene00009324.,11,13,24
WBGene00009325.,105,522,627
WBGene00009326.,15,111,126
WBGene00009327.,6,11,17
WBGene00009328.,0,35,35
WBGene00009329.,76,627,703
WBGene00009330.,42,2778,2820
WBGene00009331.,5,115,120
WBGene00009332.,5,68,73
WBGene00009333.,39,1046,1085
WBGene00009334.,311,3393,3704
WBGene00009335.,43,142,185
WBGene00009336.,92,2418,2510
WBGene00009337.,714,3759,4473
WBGene00009338.,10,3,13
WBGene00009339.,1,24,25
WBGene00009340.,536,5610,6146
WBGene00009341.,11,683,694
WBGene00009342.,564,12650,13214
WBGene00009343.,48,566,614
WBGene00009344.,0,0,0
WBGene00009345.,10,13,23
WBGene00009346.,29,181,210
WBGene00009347.,22,105,127
WBGene00009349.,0,205,205
WBGene00009350.,54,292,346
WBGene00009352.,51,1576,1627
WBGene00009353.,216,12646,12862
WBGene00009354.,137,464,601
WBGene00009355.,17,460,477
WBGene00009356.,10,90,100
WBGene00009357.,21,132,153
WBGene00009358.,192,2708,2900
WBGene00009359.,4,3,7
WBGene00009360.,7,3,10
WBGene00009361.,45,431,476
WBGene00009362.,3,10,13
WBGene00009363.,0,2,2
WBGene00009364.,13,906,919
WBGene00009365.,140,1086,1226
WBGene00009366.,62,601,663
WBGene00009367.,435,9850,10285
WBGene00009368.,118,1136,1254
WBGene00009369.,121,1087,1208
WBGene00009370.,117,331,448
WBGene00009371.,86,534,620
WBGene00009372.,177,1075,1252
WBGene00009373.,73,689,762
WBGene00009374.,222,3215,3437
WBGene00009375.,265,1514,1779
WBGene00009377.,0,0,0
WBGene00009378.,0,0,0
WBGene00009380.,35,1114,1149
WBGene00009381.,4,23,27
WBGene00009382.,4,18,22
WBGene00009383.,182,1599,1781
WBGene00009384.,1,76,77
WBGene00009385.,42,1020,1062
WBGene00009386.,7,348,355
WBGene00009387.,26,140,166
WBGene00009388.,885,13478,14363
WBGene00009389.,138,720,858
WBGene00009390.,17,79,96
WBGene00009391.,0,0,0
WBGene00009392.,0,0,0
WBGene00009393.,2,33,35
WBGene00009394.,86,1210,1296
WBGene00009395.,4,9,13
WBGene00009396.,11,89,100
WBGene00009397.,5,47,52
WBGene00009398.,1,10,11
WBGene00009399.,15,55,70
WBGene00009400.,20,116,136
WBGene00009401.,4,50,54
WBGene00009402.,2,18,20
WBGene00009403.,4,126,130
WBGene00009404.,5,256,261
WBGene00009405.,42,1232,1274
WBGene00009406.,126,1181,1307
WBGene00009408.,0,255,255
WBGene00009409.,2,2,4
WBGene00009410.,2,1,3
WBGene00009411.,0,2,2
WBGene00009412.,5,18,23
WBGene00009413.,6,11,17
WBGene00009414.,1,3,4
WBGene00009415.,1,0,1
WBGene00009416.,6,105,111
WBGene00009417.,0,2,2
WBGene00009418.,0,2,2
WBGene00009419.,0,0,0
WBGene00009420.,0,0,0
WBGene00009421.,2,0,2
WBGene00009422.,0,0,0
WBGene00009423.,0,1033,1033
WBGene00009424.,5,80,85
WBGene00009425.,5,3,8
WBGene00009426.,3,0,3
WBGene00009427.,0,7,7
WBGene00009428.,5,16,21
WBGene00009429.,1,13,14
WBGene00009430.,33,500,533
WBGene00009431.,16,148,164
WBGene00009432.,12,208,220
WBGene00009433.,26,122,148
WBGene00009434.,71,776,847
WBGene00009435.,52,373,425
WBGene00009436.,5,2722,2727
WBGene00009437.,7,18,25
WBGene00009438.,18,101,119
WBGene00009439.,328,2428,2756
WBGene00009440.,190,6458,6648
WBGene00009441.,51,589,640
WBGene00009442.,19,124,143
WBGene00009443.,95,1750,1845
WBGene00009444.,38,1161,1199
WBGene00009445.,36,1531,1567
WBGene00009446.,0,1,1
WBGene00009447.,7,119,126
WBGene00009448.,17,632,649
WBGene00009449.,3,13,16
WBGene00009450.,29,1559,1588
WBGene00009451.,175,2523,2698
WBGene00009452.,153,963,1116
WBGene00009453.,210,1220,1430
WBGene00009454.,3157,38772,41929
WBGene00009455.,241,2871,3112
WBGene00009456.,137,920,1057
WBGene00009457.,1,6,7
WBGene00009458.,1,9,10
WBGene00009459.,4,19,23
WBGene00009460.,282,3823,4105
WBGene00009461.,101,570,671
WBGene00009462.,104,94,198
WBGene00009463.,1,0,1
WBGene00009464.,9,4,13
WBGene00009465.,2,17,19
WBGene00009466.,84,897,981
WBGene00009467.,5,35,40
WBGene00009468.,43,183,226
WBGene00009469.,46,484,530
WBGene00009470.,0,1,1
WBGene00009471.,5,17,22
WBGene00009472.,2,5,7
WBGene00009473.,1,1,2
WBGene00009474.,0,0,0
WBGene00009475.,469,3688,4157
WBGene00009476.,53,462,515
WBGene00009477.,657,3441,4098
WBGene00009478.,75,2204,2279
WBGene00009479.,70,1076,1146
WBGene00009480.,9,31,40
WBGene00009481.,5,144,149
WBGene00009482.,272,2227,2499
WBGene00009483.,7,381,388
WBGene00009484.,76,319,395
WBGene00009485.,5,46,51
WBGene00009486.,5,4,9
WBGene00009487.,0,15,15
WBGene00009488.,4,6,10
WBGene00009489.,0,6,6
WBGene00009490.,0,13,13
WBGene00009491.,3,2,5
WBGene00009492.,7,21,28
WBGene00009493.,6,128,134
WBGene00009494.,1,52,53
WBGene00009495.,10,437,447
WBGene00009496.,39,433,472
WBGene00009497.,3,2,5
WBGene00009498.,345,1666,2011
WBGene00009499.,167,942,1109
WBGene00009500.,74,1383,1457
WBGene00009501.,0,2,2
WBGene00009502.,5,3,8
WBGene00009503.,119,1976,2095
WBGene00009504.,7,462,469
WBGene00009505.,14,789,803
WBGene00009507.,140,668,808
WBGene00009508.,132,1216,1348
WBGene00009509.,4,35,39
WBGene00009510.,7,55,62
WBGene00009511.,34,104,138
WBGene00009512.,24,2003,2027
WBGene00009513.,9,9,18
WBGene00009514.,2544,24221,26765
WBGene00009515.,7,20,27
WBGene00009517.,5,7,12
WBGene00009518.,10,39,49
WBGene00009519.,0,2,2
WBGene00009520.,0,1,1
WBGene00009521.,492,3203,3695
WBGene00009522.,2,6,8
WBGene00009523.,2,0,2
WBGene00009524.,0,0,0
WBGene00009525.,0,1,1
WBGene00009526.,3,16,19
WBGene00009527.,26,18,44
WBGene00009528.,48,143,191
WBGene00009529.,15,391,406
WBGene00009530.,224,420,644
WBGene00009531.,1363,13572,14935
WBGene00009532.,611,1808,2419
WBGene00009533.,15,325,340
WBGene00009534.,128,2260,2388
WBGene00009535.,33,4,37
WBGene00009536.,224,637,861
WBGene00009537.,1,41,42
WBGene00009538.,2,1,3
WBGene00009539.,0,1,1
WBGene00009540.,9,14,23
WBGene00009541.,110,132,242
WBGene00009542.,78,3448,3526
WBGene00009543.,41,224,265
WBGene00009544.,84,500,584
WBGene00009546.,0,3,3
WBGene00009547.,24,180,204
WBGene00009548.,4,8,12
WBGene00009549.,3,12,15
WBGene00009550.,0,3,3
WBGene00009551.,11,226,237
WBGene00009552.,89,784,873
WBGene00009553.,27,916,943
WBGene00009554.,23,1456,1479
WBGene00009555.,0,0,0
WBGene00009556.,32,532,564
WBGene00009557.,48,215,263
WBGene00009558.,225,1107,1332
WBGene00009559.,23,2254,2277
WBGene00009560.,23,36,59
WBGene00009561.,9,35,44
WBGene00009562.,531,10720,11251
WBGene00009563.,121,2689,2810
WBGene00009565.,152,1573,1725
WBGene00009566.,0,1,1
WBGene00009567.,2,5,7
WBGene00009568.,1,0,1
WBGene00009569.,1,1,2
WBGene00009570.,2,4,6
WBGene00009571.,1,2,3
WBGene00009572.,1,22,23
WBGene00009573.,8,149,157
WBGene00009574.,359,2686,3045
WBGene00009575.,24,4909,4933
WBGene00009576.,6,110,116
WBGene00009577.,1010,12924,13934
WBGene00009578.,405,12205,12610
WBGene00009579.,118,365,483
WBGene00009580.,150,4229,4379
WBGene00009581.,23,110,133
WBGene00009582.,47,289,336
WBGene00009583.,237,5277,5514
WBGene00009584.,978,10574,11552
WBGene00009585.,28,17,45
WBGene00009586.,64,1642,1706
WBGene00009587.,270,2831,3101
WBGene00009588.,5376,2246,7622
WBGene00009589.,3762,1485,5247
WBGene00009590.,0,0,0
WBGene00009592.,1,1,2
WBGene00009593.,14,45,59
WBGene00009594.,640,1847,2487
WBGene00009595.,25,58,83
WBGene00009596.,9,8,17
WBGene00009597.,2,21,23
WBGene00009598.,3,10,13
WBGene00009599.,0,1,1
WBGene00009600.,2,35,37
WBGene00009601.,37,377,414
WBGene00009602.,109,30,139
WBGene00009603.,0,0,0
WBGene00009604.,0,9,9
WBGene00009605.,1,3,4
WBGene00009606.,1,2,3
WBGene00009607.,1,1,2
WBGene00009608.,15,135,150
WBGene00009609.,2,0,2
WBGene00009610.,0,0,0
WBGene00009611.,22,72,94
WBGene00009612.,0,8,8
WBGene00009613.,1,1,2
WBGene00009614.,5,23,28
WBGene00009615.,0,0,0
WBGene00009616.,4,7,11
WBGene00009617.,32,251,283
WBGene00009618.,16,91,107
WBGene00009619.,36,390,426
WBGene00009620.,851,2986,3837
WBGene00009621.,0,10128,10128
WBGene00009622.,21,24,45
WBGene00009623.,523,261,784
WBGene00009624.,1283,3276,4559
WBGene00009625.,7,31,38
WBGene00009626.,63,1518,1581
WBGene00009627.,16,369,385
WBGene00009628.,27,1589,1616
WBGene00009629.,79,311,390
WBGene00009630.,7,14,21
WBGene00009631.,0,3,3
WBGene00009632.,192,1709,1901
WBGene00009633.,2,13,15
WBGene00009634.,25,1626,1651
WBGene00009635.,23,322,345
WBGene00009636.,32,300,332
WBGene00009637.,6,609,615
WBGene00009638.,118,13955,14073
WBGene00009639.,5,1385,1390
WBGene00009640.,8,520,528
WBGene00009641.,1,3,4
WBGene00009642.,14,67,81
WBGene00009643.,0,2,2
WBGene00009644.,0,4,4
WBGene00009645.,81,722,803
WBGene00009646.,1,2,3
WBGene00009647.,65,139,204
WBGene00009648.,5,536,541
WBGene00009649.,56,82,138
WBGene00009650.,53,1596,1649
WBGene00009651.,4,3,7
WBGene00009652.,2,16,18
WBGene00009653.,48,329,377
WBGene00009654.,250,972,1222
WBGene00009656.,2,99,101
WBGene00009657.,105,911,1016
WBGene00009658.,0,11,11
WBGene00009659.,1,4,5
WBGene00009660.,461,3253,3714
WBGene00009661.,128,3646,3774
WBGene00009662.,1,2,3
WBGene00009663.,0,14,14
WBGene00009664.,222,11857,12079
WBGene00009665.,17,815,832
WBGene00009666.,67,1987,2054
WBGene00009667.,401,314,715
WBGene00009668.,63,1900,1963
WBGene00009670.,0,9,9
WBGene00009671.,166,3647,3813
WBGene00009672.,178,1822,2000
WBGene00009673.,54,413,467
WBGene00009674.,239,3418,3657
WBGene00009675.,12,65,77
WBGene00009676.,132,1052,1184
WBGene00009677.,8,148,156
WBGene00009678.,125,915,1040
WBGene00009679.,55,315,370
WBGene00009680.,0,1,1
WBGene00009681.,0,11,11
WBGene00009682.,0,0,0
WBGene00009683.,3,26,29
WBGene00009684.,0,0,0
WBGene00009685.,3,0,3
WBGene00009686.,17,47,64
WBGene00009687.,0,0,0
WBGene00009688.,2152,20501,22653
WBGene00009689.,1,2,3
WBGene00009690.,4,4,8
WBGene00009691.,0,15094,15094
WBGene00009692.,0,5606,5606
WBGene00009693.,2,0,2
WBGene00009695.,3,6,9
WBGene00009696.,6,64,70
WBGene00009697.,0,31,31
WBGene00009698.,1,8,9
WBGene00009700.,78,531,609
WBGene00009701.,0,85,85
WBGene00009702.,9,87,96
WBGene00009704.,0,0,0
WBGene00009705.,1,3,4
WBGene00009706.,12,68,80
WBGene00009707.,2,5,7
WBGene00009708.,3,4,7
WBGene00009709.,15,19,34
WBGene00009710.,11,61,72
WBGene00009711.,224,2197,2421
WBGene00009712.,6,7868,7874
WBGene00009713.,530,2831,3361
WBGene00009714.,1,42,43
WBGene00009715.,51,1625,1676
WBGene00009716.,9,98,107
WBGene00009717.,259,1894,2153
WBGene00009720.,0,15,15
WBGene00009721.,21,17,38
WBGene00009722.,54,2398,2452
WBGene00009723.,47,4898,4945
WBGene00009724.,36,3683,3719
WBGene00009725.,0,7,7
WBGene00009726.,72,385,457
WBGene00009727.,29,162,191
WBGene00009728.,5,41,46
WBGene00009729.,25,107,132
WBGene00009730.,317,2933,3250
WBGene00009731.,38,500,538
WBGene00009732.,390,7379,7769
WBGene00009733.,7,316,323
WBGene00009734.,123,2149,2272
WBGene00009735.,20,273,293
WBGene00009736.,209,1161,1370
WBGene00009738.,128,233,361
WBGene00009739.,2189,8410,10599
WBGene00009740.,522,13952,14474
WBGene00009741.,23,120,143
WBGene00009742.,6,313,319
WBGene00009743.,27,204,231
WBGene00009744.,58,726,784
WBGene00009745.,38,768,806
WBGene00009746.,0,1,1
WBGene00009747.,0,3,3
WBGene00009748.,0,4,4
WBGene00009749.,3,2,5
WBGene00009750.,0,1,1
WBGene00009751.,0,6,6
WBGene00009752.,0,12,12
WBGene00009753.,2,9,11
WBGene00009754.,0,7,7
WBGene00009755.,2,2,4
WBGene00009756.,0,0,0
WBGene00009757.,3,14,17
WBGene00009758.,8,0,8
WBGene00009759.,0,1,1
WBGene00009760.,1,8,9
WBGene00009761.,0,2,2
WBGene00009762.,1,0,1
WBGene00009763.,5,2,7
WBGene00009764.,0,4,4
WBGene00009765.,1,0,1
WBGene00009766.,5,0,5
WBGene00009767.,0,0,0
WBGene00009768.,8,32,40
WBGene00009769.,19,525,544
WBGene00009770.,120,1003,1123
WBGene00009771.,101,1835,1936
WBGene00009772.,230,17322,17552
WBGene00009773.,5,195,200
WBGene00009774.,2,450,452
WBGene00009775.,0,7,7
WBGene00009776.,57,796,853
WBGene00009777.,9,25,34
WBGene00009778.,0,38,38
WBGene00009779.,174,1715,1889
WBGene00009780.,43,171,214
WBGene00009781.,318,1982,2300
WBGene00009782.,30,309,339
WBGene00009783.,85,3762,3847
WBGene00009784.,68,2156,2224
WBGene00009785.,36,408,444
WBGene00009786.,1,18,19
WBGene00009787.,577,65237,65814
WBGene00009788.,2,3,5
WBGene00009789.,157,346,503
WBGene00009790.,31,408,439
WBGene00009791.,6,31,37
WBGene00009793.,31,2038,2069
WBGene00009796.,32,529,561
WBGene00009797.,335,2946,3281
WBGene00009798.,14,16,30
WBGene00009799.,94,684,778
WBGene00009800.,164,1485,1649
WBGene00009801.,83,743,826
WBGene00009802.,0,2,2
WBGene00009803.,121,1686,1807
WBGene00009804.,171,2835,3006
WBGene00009805.,0,1,1
WBGene00009806.,17,165,182
WBGene00009807.,2,21,23
WBGene00009808.,0,13,13
WBGene00009809.,24,417,441
WBGene00009810.,6,88,94
WBGene00009811.,1,16,17
WBGene00009812.,100,9587,9687
WBGene00009813.,93,1149,1242
WBGene00009814.,1,27,28
WBGene00009815.,0,9,9
WBGene00009816.,10,49,59
WBGene00009817.,0,11,11
WBGene00009818.,209,1638,1847
WBGene00009819.,45,407,452
WBGene00009820.,10,47,57
WBGene00009822.,24,36,60
WBGene00009823.,21,237,258
WBGene00009824.,7,148,155
WBGene00009825.,100,502,602
WBGene00009826.,10,71,81
WBGene00009827.,9,9,18
WBGene00009828.,5,3,8
WBGene00009829.,76,6472,6548
WBGene00009830.,3,29,32
WBGene00009831.,23,615,638
WBGene00009833.,6,17,23
WBGene00009834.,3,8,11
WBGene00009835.,21,7,28
WBGene00009836.,11,3,14
WBGene00009837.,3,5,8
WBGene00009838.,3,2,5
WBGene00009839.,3,15,18
WBGene00009840.,8,22,30
WBGene00009841.,2,0,2
WBGene00009842.,16,197,213
WBGene00009843.,63,1049,1112
WBGene00009844.,26,32,58
WBGene00009846.,77,87,164
WBGene00009848.,266,2087,2353
WBGene00009849.,9,18,27
WBGene00009850.,47,974,1021
WBGene00009851.,41,2464,2505
WBGene00009852.,1,2,3
WBGene00009853.,0,6,6
WBGene00009854.,2,0,2
WBGene00009855.,0,3,3
WBGene00009856.,4,1,5
WBGene00009857.,0,3,3
WBGene00009858.,0,1,1
WBGene00009859.,3,3,6
WBGene00009860.,2,0,2
WBGene00009861.,0,8,8
WBGene00009862.,0,26,26
WBGene00009863.,0,3,3
WBGene00009864.,3,5,8
WBGene00009865.,53,171,224
WBGene00009866.,0,1,1
WBGene00009867.,16,47,63
WBGene00009868.,0,0,0
WBGene00009869.,0,3,3
WBGene00009871.,1,4,5
WBGene00009872.,1,14,15
WBGene00009873.,4,4,8
WBGene00009874.,0,1,1
WBGene00009875.,6,9,15
WBGene00009876.,20,126,146
WBGene00009877.,25,166,191
WBGene00009878.,14,1369,1383
WBGene00009879.,28,87,115
WBGene00009880.,458,6468,6926
WBGene00009881.,259,7075,7334
WBGene00009882.,73,7712,7785
WBGene00009883.,11,37,48
WBGene00009884.,3,11,14
WBGene00009885.,32,191,223
WBGene00009886.,44,273,317
WBGene00009887.,45,924,969
WBGene00009888.,3466,32578,36044
WBGene00009889.,72,283,355
WBGene00009890.,12,23,35
WBGene00009891.,20,78,98
WBGene00009892.,0,2,2
WBGene00009893.,3,1,4
WBGene00009894.,1,1,2
WBGene00009895.,13,122,135
WBGene00009896.,266,4609,4875
WBGene00009897.,9,21,30
WBGene00009898.,1,15,16
WBGene00009899.,117,1191,1308
WBGene00009900.,0,129,129
WBGene00009901.,70,741,811
WBGene00009902.,4,47,51
WBGene00009903.,11,75,86
WBGene00009904.,4,80,84
WBGene00009905.,6,0,6
WBGene00009906.,4,1,5
WBGene00009907.,4,0,4
WBGene00009908.,9,13,22
WBGene00009909.,0,1,1
WBGene00009910.,0,1,1
WBGene00009911.,0,1,1
WBGene00009912.,5,3,8
WBGene00009913.,0,0,0
WBGene00009914.,0,0,0
WBGene00009915.,51,6955,7006
WBGene00009916.,44,192,236
WBGene00009917.,228,1535,1763
WBGene00009918.,53,3843,3896
WBGene00009919.,151,2428,2579
WBGene00009920.,994,7562,8556
WBGene00009921.,11,216,227
WBGene00009922.,64,856,920
WBGene00009923.,32,334,366
WBGene00009924.,96,1378,1474
WBGene00009925.,16,2859,2875
WBGene00009926.,118,3323,3441
WBGene00009927.,68,359,427
WBGene00009929.,30,63,93
WBGene00009930.,15,718,733
WBGene00009931.,16,240,256
WBGene00009933.,1,9,10
WBGene00009935.,32,405,437
WBGene00009936.,0,0,0
WBGene00009937.,101,982,1083
WBGene00009938.,2,5,7
WBGene00009939.,73,874,947
WBGene00009940.,166,4652,4818
WBGene00009941.,1,2,3
WBGene00009942.,7,72,79
WBGene00009943.,82,180,262
WBGene00009944.,57,1395,1452
WBGene00009945.,248,3261,3509
WBGene00009946.,19,104,123
WBGene00009947.,84,979,1063
WBGene00009948.,2,80,82
WBGene00009949.,38,164,202
WBGene00009950.,5,6,11
WBGene00009951.,52,428,480
WBGene00009952.,518,11515,12033
WBGene00009953.,66,497,563
WBGene00009954.,2,1,3
WBGene00009955.,2,1302,1304
WBGene00009956.,4,1,5
WBGene00009957.,59,807,866
WBGene00009958.,156,1516,1672
WBGene00009959.,1,7,8
WBGene00009960.,0,0,0
WBGene00009961.,1,3,4
WBGene00009962.,19,7,26
WBGene00009963.,11,12,23
WBGene00009964.,20,170,190
WBGene00009965.,44,411,455
WBGene00009966.,63,2440,2503
WBGene00009967.,11,76,87
WBGene00009968.,361,3567,3928
WBGene00009969.,58,696,754
WBGene00009971.,17,76,93
WBGene00009972.,63,65,128
WBGene00009973.,622,10478,11100
WBGene00009974.,249,3993,4242
WBGene00009975.,964,2305,3269
WBGene00009976.,80,1303,1383
WBGene00009977.,153,1135,1288
WBGene00009978.,1312,2258,3570
WBGene00009979.,86,10,96
WBGene00009980.,126,3443,3569
WBGene00009981.,36,309,345
WBGene00009982.,110,42255,42365
WBGene00009983.,3,7942,7945
WBGene00009984.,101,286,387
WBGene00009985.,15,290,305
WBGene00009986.,42,433,475
WBGene00009987.,119,2249,2368
WBGene00009988.,52,42,94
WBGene00009990.,0,7,7
WBGene00009991.,8,25,33
WBGene00009992.,628,17373,18001
WBGene00009993.,15,7980,7995
WBGene00009994.,17,744,761
WBGene00009995.,17655,123826,141481
WBGene00009996.,80,1849,1929
WBGene00009997.,2,9,11
WBGene00009998.,5,21,26
WBGene00009999.,5,20,25
WBGene00010000.,4,16,20
WBGene00010001.,38,1642,1680
WBGene00010002.,62,799,861
WBGene00010003.,177,410,587
WBGene00010004.,36,40,76
WBGene00010005.,6,5,11
WBGene00010006.,1369,976,2345
WBGene00010007.,2,3,5
WBGene00010008.,17,135,152
WBGene00010009.,16,198,214
WBGene00010010.,53,349,402
WBGene00010011.,26,135,161
WBGene00010012.,1231,6287,7518
WBGene00010013.,172,3350,3522
WBGene00010014.,1,13,14
WBGene00010015.,66,6615,6681
WBGene00010016.,0,1,1
WBGene00010017.,0,0,0
WBGene00010018.,3,68,71
WBGene00010019.,46,243,289
WBGene00010020.,0,3,3
WBGene00010021.,2,5,7
WBGene00010022.,1,3,4
WBGene00010023.,1,32,33
WBGene00010024.,1,2,3
WBGene00010025.,1,11,12
WBGene00010026.,0,3,3
WBGene00010027.,26,106,132
WBGene00010028.,37,993,1030
WBGene00010030.,1,20,21
WBGene00010031.,11,391,402
WBGene00010032.,53,1009,1062
WBGene00010033.,62,1019,1081
WBGene00010034.,3,6,9
WBGene00010035.,9,31,40
WBGene00010036.,0,28,28
WBGene00010037.,290,6566,6856
WBGene00010038.,92,1408,1500
WBGene00010039.,108,395,503
WBGene00010040.,41,1246,1287
WBGene00010041.,0,220,220
WBGene00010042.,55,1217,1272
WBGene00010043.,64,488,552
WBGene00010044.,378,4321,4699
WBGene00010045.,318,2020,2338
WBGene00010046.,3,41,44
WBGene00010047.,24,303,327
WBGene00010048.,38,407,445
WBGene00010049.,74,481,555
WBGene00010050.,40,206,246
WBGene00010051.,118,1210,1328
WBGene00010052.,36,2890,2926
WBGene00010053.,0,9,9
WBGene00010054.,0,603,603
WBGene00010055.,1011,10556,11567
WBGene00010056.,12,1596,1608
WBGene00010057.,31,115,146
WBGene00010058.,9,9,18
WBGene00010059.,80,2251,2331
WBGene00010060.,27,99,126
WBGene00010061.,44,896,940
WBGene00010062.,8,26,34
WBGene00010063.,34,164,198
WBGene00010064.,8,517,525
WBGene00010065.,0,9,9
WBGene00010066.,0,4,4
WBGene00010067.,0,0,0
WBGene00010068.,4,69,73
WBGene00010069.,42,116,158
WBGene00010070.,168,712,880
WBGene00010071.,318,50,368
WBGene00010072.,39,122,161
WBGene00010073.,191,402,593
WBGene00010074.,68,172,240
WBGene00010075.,27,4096,4123
WBGene00010077.,83,241,324
WBGene00010079.,248,695,943
WBGene00010080.,46,637,683
WBGene00010081.,2,128,130
WBGene00010082.,5,215,220
WBGene00010083.,73,292,365
WBGene00010084.,2,1,3
WBGene00010085.,0,0,0
WBGene00010086.,621,150,771
WBGene00010087.,1,2,3
WBGene00010088.,11,77,88
WBGene00010089.,68,606,674
WBGene00010091.,0,1,1
WBGene00010092.,0,1,1
WBGene00010093.,11,790,801
WBGene00010094.,76,5038,5114
WBGene00010095.,13,39,52
WBGene00010096.,217,1392,1609
WBGene00010097.,134,3529,3663
WBGene00010098.,3,9,12
WBGene00010099.,1,0,1
WBGene00010100.,6,46,52
WBGene00010101.,1,10,11
WBGene00010102.,3,21,24
WBGene00010103.,2,2,4
WBGene00010104.,0,1,1
WBGene00010105.,0,2,2
WBGene00010106.,1,51,52
WBGene00010107.,0,3,3
WBGene00010108.,1,7,8
WBGene00010109.,41,1518,1559
WBGene00010110.,85,899,984
WBGene00010111.,95,852,947
WBGene00010112.,2,5,7
WBGene00010113.,98,587,685
WBGene00010114.,5,3,8
WBGene00010115.,110,887,997
WBGene00010116.,35,105,140
WBGene00010117.,265,2856,3121
WBGene00010118.,5,41,46
WBGene00010119.,15,62,77
WBGene00010120.,6,11,17
WBGene00010121.,6,7,13
WBGene00010122.,1,23,24
WBGene00010123.,10,58,68
WBGene00010124.,4,29,33
WBGene00010125.,3,3,6
WBGene00010126.,1,2,3
WBGene00010127.,1,3,4
WBGene00010128.,1,27,28
WBGene00010129.,0,0,0
WBGene00010130.,121,6724,6845
WBGene00010131.,22,976,998
WBGene00010132.,167,556,723
WBGene00010133.,1178,559,1737
WBGene00010134.,17,49,66
WBGene00010135.,3,1168,1171
WBGene00010136.,4,8,12
WBGene00010137.,125,224,349
WBGene00010138.,35,52,87
WBGene00010139.,262,5661,5923
WBGene00010140.,35,311,346
WBGene00010141.,69,501,570
WBGene00010142.,23,213,236
WBGene00010143.,24,199,223
WBGene00010144.,14,64,78
WBGene00010145.,11,3,14
WBGene00010146.,469,1366,1835
WBGene00010147.,0,4,4
WBGene00010148.,15,124,139
WBGene00010149.,0,0,0
WBGene00010150.,119,107,226
WBGene00010152.,0,3,3
WBGene00010153.,0,20,20
WBGene00010155.,7,40,47
WBGene00010157.,3,12,15
WBGene00010158.,0,2,2
WBGene00010159.,330,1103,1433
WBGene00010160.,193,660,853
WBGene00010161.,239,676,915
WBGene00010162.,1,3,4
WBGene00010163.,47,237,284
WBGene00010165.,23,24,47
WBGene00010166.,2,14,16
WBGene00010167.,11,7,18
WBGene00010168.,15,24,39
WBGene00010169.,0,6,6
WBGene00010170.,0,0,0
WBGene00010171.,0,1,1
WBGene00010172.,6,3,9
WBGene00010173.,3,3,6
WBGene00010174.,669,8916,9585
WBGene00010175.,153,828,981
WBGene00010176.,5,11,16
WBGene00010177.,734,4053,4787
WBGene00010178.,149,1993,2142
WBGene00010179.,84,617,701
WBGene00010180.,1,2,3
WBGene00010181.,4,4,8
WBGene00010182.,1,6,7
WBGene00010183.,1,21,22
WBGene00010184.,2,11,13
WBGene00010185.,4,32,36
WBGene00010186.,0,33,33
WBGene00010187.,6,13,19
WBGene00010188.,18,347,365
WBGene00010189.,2,19,21
WBGene00010191.,54,1665,1719
WBGene00010192.,41,861,902
WBGene00010193.,7,183,190
WBGene00010194.,3,36,39
WBGene00010195.,8,116,124
WBGene00010196.,10,20,30
WBGene00010197.,48,1318,1366
WBGene00010198.,77,352,429
WBGene00010199.,109,3241,3350
WBGene00010200.,138,162,300
WBGene00010202.,5,392,397
WBGene00010203.,2,21,23
WBGene00010204.,9,1299,1308
WBGene00010205.,14,184,198
WBGene00010206.,0,2,2
WBGene00010209.,1,2,3
WBGene00010212.,200,23,223
WBGene00010214.,46,150,196
WBGene00010215.,3,10,13
WBGene00010216.,1,6,7
WBGene00010217.,4,8,12
WBGene00010218.,2,12,14
WBGene00010219.,0,2,2
WBGene00010220.,6,2,8
WBGene00010221.,86,6029,6115
WBGene00010222.,36,142,178
WBGene00010223.,15,73,88
WBGene00010224.,121,581,702
WBGene00010225.,111,1913,2024
WBGene00010226.,0,14,14
WBGene00010227.,27,386,413
WBGene00010228.,24,17,41
WBGene00010229.,93,637,730
WBGene00010230.,103,3570,3673
WBGene00010231.,262,3929,4191
WBGene00010232.,118,4070,4188
WBGene00010233.,54,591,645
WBGene00010234.,1,662,663
WBGene00010235.,65,1104,1169
WBGene00010236.,67,1807,1874
WBGene00010237.,0,9,9
WBGene00010238.,17,150,167
WBGene00010239.,29,785,814
WBGene00010240.,9,6,15
WBGene00010241.,4,30,34
WBGene00010242.,59,256,315
WBGene00010243.,22,112,134
WBGene00010244.,368,7452,7820
WBGene00010245.,0,7,7
WBGene00010246.,3,19,22
WBGene00010247.,3,1,4
WBGene00010248.,32,133,165
WBGene00010249.,15,0,15
WBGene00010250.,29,57,86
WBGene00010251.,174,619,793
WBGene00010253.,2,7,9
WBGene00010254.,0,9,9
WBGene00010255.,0,7,7
WBGene00010256.,1,37,38
WBGene00010257.,2,16,18
WBGene00010258.,32,327,359
WBGene00010259.,792,2151,2943
WBGene00010260.,203,14144,14347
WBGene00010261.,3,4,7
WBGene00010262.,157,3805,3962
WBGene00010263.,4,144,148
WBGene00010264.,77,263,340
WBGene00010265.,0,2,2
WBGene00010266.,93,1459,1552
WBGene00010267.,12,106,118
WBGene00010268.,18,497,515
WBGene00010269.,36,1284,1320
WBGene00010270.,1,1,2
WBGene00010271.,2,1,3
WBGene00010272.,229,1955,2184
WBGene00010273.,4,19,23
WBGene00010274.,8,71,79
WBGene00010275.,85,310,395
WBGene00010276.,0,0,0
WBGene00010277.,3,32,35
WBGene00010278.,3,25,28
WBGene00010279.,90,2767,2857
WBGene00010280.,99,2107,2206
WBGene00010281.,5,219,224
WBGene00010282.,16,42,58
WBGene00010283.,33,464,497
WBGene00010284.,174,3412,3586
WBGene00010285.,16,172,188
WBGene00010286.,35,563,598
WBGene00010288.,75,1005,1080
WBGene00010289.,3,3,6
WBGene00010290.,80,4980,5060
WBGene00010291.,105,783,888
WBGene00010292.,0,1,1
WBGene00010293.,7,124,131
WBGene00010294.,6,70,76
WBGene00010295.,17,148,165
WBGene00010296.,0,84,84
WBGene00010297.,2,6,8
WBGene00010298.,3,5,8
WBGene00010299.,6,3,9
WBGene00010300.,0,1,1
WBGene00010301.,1,1,2
WBGene00010303.,315,28209,28524
WBGene00010304.,164,813,977
WBGene00010305.,135,1903,2038
WBGene00010306.,1005,3302,4307
WBGene00010307.,11,399,410
WBGene00010308.,47,342,389
WBGene00010309.,30,174,204
WBGene00010310.,22,438,460
WBGene00010311.,7,163,170
WBGene00010313.,41,81,122
WBGene00010314.,1,4,5
WBGene00010315.,50,307,357
WBGene00010316.,214,800,1014
WBGene00010317.,318,15582,15900
WBGene00010318.,32,201,233
WBGene00010319.,47,454,501
WBGene00010320.,69,673,742
WBGene00010321.,70,879,949
WBGene00010322.,23,8,31
WBGene00010323.,4,6,10
WBGene00010324.,0,1,1
WBGene00010325.,16,1267,1283
WBGene00010326.,1140,9219,10359
WBGene00010327.,175,404,579
WBGene00010328.,4,76,80
WBGene00010329.,81,900,981
WBGene00010330.,459209,153,459362
WBGene00010331.,81,469,550
WBGene00010332.,11,351,362
WBGene00010333.,322,5752,6074
WBGene00010334.,21,57,78
WBGene00010335.,401,1356,1757
WBGene00010336.,28,118,146
WBGene00010337.,1283,11281,12564
WBGene00010338.,73,862,935
WBGene00010339.,18,853,871
WBGene00010340.,16,51,67
WBGene00010341.,10,29,39
WBGene00010342.,33,48,81
WBGene00010343.,3,3,6
WBGene00010344.,43,269,312
WBGene00010345.,63,296,359
WBGene00010348.,28,1409,1437
WBGene00010349.,29,212,241
WBGene00010350.,301,882,1183
WBGene00010351.,5,203,208
WBGene00010352.,11,24,35
WBGene00010353.,0,64,64
WBGene00010354.,25,96,121
WBGene00010355.,0,6,6
WBGene00010356.,55,790,845
WBGene00010357.,65,597,662
WBGene00010358.,1,4,5
WBGene00010359.,3,3,6
WBGene00010360.,0,5,5
WBGene00010361.,0,10,10
WBGene00010362.,1,246,247
WBGene00010363.,10,110,120
WBGene00010364.,0,47,47
WBGene00010365.,10,7,17
WBGene00010366.,10,2,12
WBGene00010367.,28,262,290
WBGene00010368.,10,25,35
WBGene00010369.,186,3265,3451
WBGene00010370.,547,3835,4382
WBGene00010371.,0,34,34
WBGene00010372.,25,35,60
WBGene00010373.,9,25,34
WBGene00010374.,406,1434,1840
WBGene00010375.,12,330,342
WBGene00010376.,0,0,0
WBGene00010377.,0,0,0
WBGene00010378.,0,77,77
WBGene00010379.,0,0,0
WBGene00010380.,0,1,1
WBGene00010381.,1,1,2
WBGene00010382.,0,105,105
WBGene00010383.,36,363,399
WBGene00010385.,255,467,722
WBGene00010386.,153,147,300
WBGene00010387.,0,10,10
WBGene00010388.,2,3,5
WBGene00010389.,9,6,15
WBGene00010390.,0,0,0
WBGene00010391.,7,5,12
WBGene00010392.,7,1,8
WBGene00010394.,8,3,11
WBGene00010395.,0,0,0
WBGene00010396.,24,166,190
WBGene00010397.,13,543,556
WBGene00010399.,0,0,0
WBGene00010400.,0,0,0
WBGene00010401.,0,2,2
WBGene00010402.,13,69,82
WBGene00010403.,8,19,27
WBGene00010404.,0,0,0
WBGene00010405.,166,5078,5244
WBGene00010406.,58,3378,3436
WBGene00010407.,72,1713,1785
WBGene00010408.,109,1591,1700
WBGene00010409.,83,565,648
WBGene00010410.,0,1,1
WBGene00010411.,2,6,8
WBGene00010412.,0,1,1
WBGene00010413.,1,1,2
WBGene00010414.,1,2,3
WBGene00010415.,0,6,6
WBGene00010416.,266,2196,2462
WBGene00010417.,0,0,0
WBGene00010418.,19,713,732
WBGene00010419.,3681,95376,99057
WBGene00010420.,95,843,938
WBGene00010421.,26,155,181
WBGene00010422.,57,723,780
WBGene00010423.,54,70,124
WBGene00010424.,14,216,230
WBGene00010425.,195,8498,8693
WBGene00010426.,8,15,23
WBGene00010427.,671,1163,1834
WBGene00010428.,149,1982,2131
WBGene00010430.,0,0,0
WBGene00010431.,0,0,0
WBGene00010432.,4,23,27
WBGene00010433.,80,986,1066
WBGene00010434.,42,65,107
WBGene00010435.,279,4070,4349
WBGene00010436.,0,262,262
WBGene00010437.,95,797,892
WBGene00010439.,28,609,637
WBGene00010440.,884,16032,16916
WBGene00010442.,95,699,794
WBGene00010444.,352,1588,1940
WBGene00010446.,5,60,65
WBGene00010447.,4,9,13
WBGene00010448.,53,238,291
WBGene00010449.,36,495,531
WBGene00010450.,130,1500,1630
WBGene00010451.,50,11,61
WBGene00010453.,78,522,600
WBGene00010454.,41,384,425
WBGene00010455.,23,144,167
WBGene00010456.,59,876,935
WBGene00010457.,7,111,118
WBGene00010458.,38,1812,1850
WBGene00010459.,5,612,617
WBGene00010460.,8,18,26
WBGene00010461.,1,6,7
WBGene00010463.,12,3,15
WBGene00010464.,4,10,14
WBGene00010465.,100,823,923
WBGene00010466.,0,9,9
WBGene00010467.,0,27,27
WBGene00010468.,10,367,377
WBGene00010469.,0,12,12
WBGene00010470.,106,617,723
WBGene00010471.,304,3244,3548
WBGene00010472.,7,911,918
WBGene00010473.,24,156,180
WBGene00010474.,0,0,0
WBGene00010475.,511,1010,1521
WBGene00010476.,37,1489,1526
WBGene00010477.,5,180,185
WBGene00010478.,138,19222,19360
WBGene00010479.,208,1692,1900
WBGene00010480.,799,4458,5257
WBGene00010481.,12,853,865
WBGene00010483.,0,10,10
WBGene00010484.,101,1806,1907
WBGene00010485.,0,31,31
WBGene00010486.,0,1,1
WBGene00010487.,17,10,27
WBGene00010488.,609,4067,4676
WBGene00010491.,5,1327,1332
WBGene00010492.,1,1,2
WBGene00010493.,4,3,7
WBGene00010494.,2,2,4
WBGene00010495.,1,16,17
WBGene00010496.,110,1279,1389
WBGene00010497.,47,199,246
WBGene00010498.,86,452,538
WBGene00010499.,2,5,7
WBGene00010500.,355,3111,3466
WBGene00010501.,53,579,632
WBGene00010502.,55,1050,1105
WBGene00010503.,60,458,518
WBGene00010504.,26,596,622
WBGene00010505.,39,332,371
WBGene00010506.,23,60,83
WBGene00010507.,124,3173,3297
WBGene00010508.,5,9,14
WBGene00010509.,3,17,20
WBGene00010510.,3,0,3
WBGene00010511.,8,5,13
WBGene00010512.,319,3957,4276
WBGene00010513.,373,3268,3641
WBGene00010514.,444,4364,4808
WBGene00010515.,279,4486,4765
WBGene00010516.,58,621,679
WBGene00010517.,1,0,1
WBGene00010518.,0,0,0
WBGene00010519.,5,20,25
WBGene00010520.,90,457,547
WBGene00010521.,35,102,137
WBGene00010522.,19,175,194
WBGene00010523.,1,0,1
WBGene00010524.,4,171,175
WBGene00010525.,32,371,403
WBGene00010526.,0,1,1
WBGene00010527.,1,1,2
WBGene00010528.,0,1,1
WBGene00010529.,0,0,0
WBGene00010530.,4,2,6
WBGene00010531.,0,0,0
WBGene00010534.,0,1,1
WBGene00010535.,0,0,0
WBGene00010536.,0,0,0
WBGene00010537.,207,464,671
WBGene00010538.,11,53,64
WBGene00010539.,275,3095,3370
WBGene00010540.,24,240,264
WBGene00010541.,862,7387,8249
WBGene00010542.,3,537,540
WBGene00010543.,1,5,6
WBGene00010544.,2,5,7
WBGene00010545.,0,42,42
WBGene00010546.,1,158,159
WBGene00010547.,1,2,3
WBGene00010550.,115,1357,1472
WBGene00010551.,118,954,1072
WBGene00010552.,37,438,475
WBGene00010553.,20,390,410
WBGene00010554.,20,83,103
WBGene00010555.,0,1,1
WBGene00010556.,2393,241105,243498
WBGene00010557.,32,1139,1171
WBGene00010558.,120,390,510
WBGene00010559.,5,28,33
WBGene00010560.,356,12168,12524
WBGene00010562.,80,1154,1234
WBGene00010563.,18,40,58
WBGene00010564.,207,2338,2545
WBGene00010565.,12,331,343
WBGene00010566.,47,177,224
WBGene00010567.,100,1196,1296
WBGene00010568.,0,18,18
WBGene00010569.,34,354,388
WBGene00010570.,0,3,3
WBGene00010571.,10,14,24
WBGene00010572.,32,337,369
WBGene00010573.,22,255,277
WBGene00010574.,0,14,14
WBGene00010575.,28,425,453
WBGene00010576.,1,3,4
WBGene00010577.,3,3,6
WBGene00010578.,3,2,5
WBGene00010579.,39,6060,6099
WBGene00010580.,28,29,57
WBGene00010581.,2,36,38
WBGene00010582.,220,2128,2348
WBGene00010583.,2,1349,1351
WBGene00010584.,0,24,24
WBGene00010585.,177,520,697
WBGene00010586.,7,13,20
WBGene00010587.,182,221,403
WBGene00010588.,0,0,0
WBGene00010589.,0,33,33
WBGene00010590.,0,1,1
WBGene00010591.,1,3,4
WBGene00010592.,21,177,198
WBGene00010593.,733,8731,9464
WBGene00010594.,34,215,249
WBGene00010595.,268,1640,1908
WBGene00010596.,0,17,17
WBGene00010597.,202,222,424
WBGene00010598.,1,8,9
WBGene00010599.,11,31,42
WBGene00010600.,0,9,9
WBGene00010601.,2,0,2
WBGene00010602.,1,11,12
WBGene00010603.,9,42,51
WBGene00010604.,2,72,74
WBGene00010605.,69,333,402
WBGene00010606.,7,24,31
WBGene00010607.,18,20,38
WBGene00010608.,33,340,373
WBGene00010609.,190,1458,1648
WBGene00010610.,204,1488,1692
WBGene00010611.,0,2,2
WBGene00010612.,0,5,5
WBGene00010613.,8,11,19
WBGene00010614.,9,28,37
WBGene00010615.,103,1447,1550
WBGene00010616.,170,5886,6056
WBGene00010617.,8,67,75
WBGene00010618.,0,3,3
WBGene00010619.,187,990,1177
WBGene00010620.,137,1578,1715
WBGene00010621.,4,341,345
WBGene00010622.,48,714,762
WBGene00010623.,29,83,112
WBGene00010624.,280,3415,3695
WBGene00010625.,99,1301,1400
WBGene00010626.,413,2252,2665
WBGene00010627.,1425,21056,22481
WBGene00010628.,17,157,174
WBGene00010629.,115,2671,2786
WBGene00010630.,20,205,225
WBGene00010631.,261,3041,3302
WBGene00010632.,338,2516,2854
WBGene00010633.,0,1,1
WBGene00010634.,0,0,0
WBGene00010635.,0,3,3
WBGene00010636.,23,146,169
WBGene00010637.,16,142,158
WBGene00010638.,225,1851,2076
WBGene00010639.,311,5310,5621
WBGene00010640.,3,528,531
WBGene00010641.,65,1499,1564
WBGene00010642.,67,719,786
WBGene00010643.,6,52,58
WBGene00010644.,7,28,35
WBGene00010645.,162,2156,2318
WBGene00010646.,23,115,138
WBGene00010647.,2,907,909
WBGene00010648.,181,1372,1553
WBGene00010649.,190,1231,1421
WBGene00010650.,2,1,3
WBGene00010651.,1,2,3
WBGene00010652.,3,30,33
WBGene00010653.,0,2,2
WBGene00010654.,3,23,26
WBGene00010655.,5,6,11
WBGene00010656.,0,0,0
WBGene00010657.,8,70,78
WBGene00010658.,4,102,106
WBGene00010659.,3,37,40
WBGene00010660.,45,348,393
WBGene00010661.,10,278,288
WBGene00010662.,1,20,21
WBGene00010663.,58,167,225
WBGene00010664.,48,1315,1363
WBGene00010665.,291,4976,5267
WBGene00010666.,6,362,368
WBGene00010667.,65,682,747
WBGene00010669.,45,62,107
WBGene00010670.,25,3963,3988
WBGene00010671.,27,1104,1131
WBGene00010672.,0,2,2
WBGene00010673.,13,53,66
WBGene00010674.,42,905,947
WBGene00010675.,188,1488,1676
WBGene00010676.,85,1142,1227
WBGene00010677.,154,9567,9721
WBGene00010678.,22,303,325
WBGene00010679.,6,16,22
WBGene00010680.,10,67,77
WBGene00010681.,405,13943,14348
WBGene00010682.,7,95,102
WBGene00010683.,0,99,99
WBGene00010684.,22,6,28
WBGene00010685.,134,1493,1627
WBGene00010686.,2,8,10
WBGene00010687.,52,1205,1257
WBGene00010688.,0,0,0
WBGene00010689.,3,6,9
WBGene00010690.,0,1,1
WBGene00010691.,2,33,35
WBGene00010692.,1,8,9
WBGene00010693.,18,63,81
WBGene00010694.,21,7,28
WBGene00010697.,72,1303,1375
WBGene00010698.,2,15,17
WBGene00010699.,285,2104,2389
WBGene00010700.,169,2128,2297
WBGene00010701.,89,2963,3052
WBGene00010702.,69,418,487
WBGene00010703.,867,6777,7644
WBGene00010704.,12,377,389
WBGene00010705.,21,151,172
WBGene00010706.,0,7,7
WBGene00010707.,1,9,10
WBGene00010708.,23,199,222
WBGene00010709.,115,451,566
WBGene00010711.,0,246,246
WBGene00010712.,6,6,12
WBGene00010713.,314,1212,1526
WBGene00010714.,44,55,99
WBGene00010715.,0,0,0
WBGene00010716.,40,167,207
WBGene00010717.,7,64,71
WBGene00010718.,2,24,26
WBGene00010719.,5,1,6
WBGene00010720.,32,990,1022
WBGene00010721.,79,1084,1163
WBGene00010722.,59,301,360
WBGene00010723.,11,1618,1629
WBGene00010724.,170,677,847
WBGene00010725.,95,892,987
WBGene00010726.,7,1252,1259
WBGene00010727.,191,5262,5453
WBGene00010728.,0,3,3
WBGene00010730.,32,3273,3305
WBGene00010731.,308,2435,2743
WBGene00010732.,265,1718,1983
WBGene00010733.,0,0,0
WBGene00010734.,38,152,190
WBGene00010735.,86,169,255
WBGene00010736.,275,3899,4174
WBGene00010737.,27,349,376
WBGene00010738.,31,1067,1098
WBGene00010740.,0,865,865
WBGene00010741.,5,214,219
WBGene00010742.,55,3197,3252
WBGene00010743.,3,6,9
WBGene00010744.,121,1103,1224
WBGene00010745.,6,23,29
WBGene00010746.,16,4,20
WBGene00010747.,11,12,23
WBGene00010748.,0,1,1
WBGene00010749.,3,29,32
WBGene00010750.,2,16,18
WBGene00010752.,2,15,17
WBGene00010753.,1,2,3
WBGene00010754.,1,1,2
WBGene00010755.,6,168,174
WBGene00010756.,115,961,1076
WBGene00010757.,7,331,338
WBGene00010758.,115,721,836
WBGene00010759.,137,1690,1827
WBGene00010760.,0,17,17
WBGene00010761.,6,1,7
WBGene00010762.,1,7,8
WBGene00010763.,0,2,2
WBGene00010764.,4,7,11
WBGene00010765.,12,56,68
WBGene00010766.,72,2248,2320
WBGene00010767.,9,343,352
WBGene00010768.,35,62,97
WBGene00010769.,22,309,331
WBGene00010770.,115,241,356
WBGene00010771.,40,522,562
WBGene00010772.,988,2285,3273
WBGene00010773.,154,2270,2424
WBGene00010774.,6,41,47
WBGene00010775.,7,24,31
WBGene00010776.,147,715,862
WBGene00010777.,0,0,0
WBGene00010778.,333,5447,5780
WBGene00010779.,0,7,7
WBGene00010780.,95,1942,2037
WBGene00010781.,2,65,67
WBGene00010782.,2,76,78
WBGene00010783.,237,2842,3079
WBGene00010784.,74,250,324
WBGene00010785.,96,3786,3882
WBGene00010786.,22,14,36
WBGene00010787.,5,91,96
WBGene00010788.,34,133,167
WBGene00010789.,35,23,58
WBGene00010790.,186,19291,19477
WBGene00010791.,7,85,92
WBGene00010792.,29,152,181
WBGene00010793.,99,540,639
WBGene00010794.,427,10877,11304
WBGene00010795.,21,278,299
WBGene00010796.,471,3184,3655
WBGene00010797.,1,7,8
WBGene00010798.,0,0,0
WBGene00010799.,38,169,207
WBGene00010800.,0,3,3
WBGene00010801.,2,2,4
WBGene00010802.,5,0,5
WBGene00010803.,11,443,454
WBGene00010804.,4,5,9
WBGene00010805.,26,322,348
WBGene00010806.,180,1886,2066
WBGene00010807.,12,870,882
WBGene00010808.,1,2,3
WBGene00010809.,29,4226,4255
WBGene00010810.,154,1182,1336
WBGene00010811.,53,737,790
WBGene00010812.,379,5657,6036
WBGene00010813.,299,854,1153
WBGene00010814.,54,221,275
WBGene00010815.,106,403,509
WBGene00010817.,0,3,3
WBGene00010818.,7,2,9
WBGene00010819.,1,3,4
WBGene00010820.,0,0,0
WBGene00010821.,2,4,6
WBGene00010822.,19,71,90
WBGene00010823.,0,1,1
WBGene00010824.,0,1,1
WBGene00010825.,0,11,11
WBGene00010827.,50,808,858
WBGene00010828.,653,2454,3107
WBGene00010829.,4,5,9
WBGene00010830.,12,60,72
WBGene00010831.,7,17,24
WBGene00010832.,2,14,16
WBGene00010833.,82,721,803
WBGene00010834.,41,2201,2242
WBGene00010835.,46,321,367
WBGene00010836.,16,136,152
WBGene00010837.,42,1264,1306
WBGene00010838.,153,1003,1156
WBGene00010839.,53,314,367
WBGene00010840.,489,1685,2174
WBGene00010842.,298,2058,2356
WBGene00010843.,20,98,118
WBGene00010844.,105,1926,2031
WBGene00010845.,231,3694,3925
WBGene00010846.,31,190,221
WBGene00010847.,110,1239,1349
WBGene00010848.,2,279,281
WBGene00010849.,382,348,730
WBGene00010850.,30,35,65
WBGene00010851.,2,26,28
WBGene00010854.,0,7,7
WBGene00010855.,61,6,67
WBGene00010856.,362,1439,1801
WBGene00010857.,30,55,85
WBGene00010858.,34,386,420
WBGene00010859.,11,79,90
WBGene00010862.,1,9,10
WBGene00010863.,7,16,23
WBGene00010864.,29,401,430
WBGene00010865.,50,187,237
WBGene00010866.,1,0,1
WBGene00010867.,99,987,1086
WBGene00010868.,139,5779,5918
WBGene00010869.,0,11,11
WBGene00010870.,15,175,190
WBGene00010871.,36,168,204
WBGene00010872.,40,3096,3136
WBGene00010873.,56,533,589
WBGene00010874.,33,137,170
WBGene00010875.,81,1171,1252
WBGene00010876.,14,18,32
WBGene00010877.,168,1294,1462
WBGene00010878.,101,2725,2826
WBGene00010879.,206,6801,7007
WBGene00010880.,48,50,98
WBGene00010881.,43,318,361
WBGene00010882.,48,1437,1485
WBGene00010883.,7,12,19
WBGene00010884.,77,359,436
WBGene00010885.,0,0,0
WBGene00010886.,0,4,4
WBGene00010887.,302,2745,3047
WBGene00010888.,1464,11516,12980
WBGene00010889.,11,258,269
WBGene00010890.,133,1973,2106
WBGene00010891.,6,663,669
WBGene00010892.,13,557,570
WBGene00010893.,41,555,596
WBGene00010894.,2,2,4
WBGene00010895.,2,0,2
WBGene00010896.,452,43273,43725
WBGene00010897.,171,561,732
WBGene00010898.,122,653,775
WBGene00010899.,16,57,73
WBGene00010900.,1,0,1
WBGene00010901.,1,53,54
WBGene00010902.,102,744,846
WBGene00010904.,11,103,114
WBGene00010905.,139,3831,3970
WBGene00010906.,5,7,12
WBGene00010907.,10,180,190
WBGene00010908.,211,2969,3180
WBGene00010909.,196,2851,3047
WBGene00010910.,215,554,769
WBGene00010911.,152,1294,1446
WBGene00010912.,189,2657,2846
WBGene00010913.,84,1147,1231
WBGene00010915.,3,2,5
WBGene00010916.,10,50,60
WBGene00010917.,10,84,94
WBGene00010918.,286,1440,1726
WBGene00010919.,142,71,213
WBGene00010920.,4,29,33
WBGene00010921.,4,27,31
WBGene00010922.,1,991,992
WBGene00010923.,236,1126,1362
WBGene00010924.,105,29,134
WBGene00010925.,4,4,8
WBGene00010926.,1,4,5
WBGene00010927.,0,4,4
WBGene00010928.,1,29,30
WBGene00010929.,0,3,3
WBGene00010930.,6,0,6
WBGene00010931.,5,132,137
WBGene00010932.,1,3,4
WBGene00010933.,0,1,1
WBGene00010934.,0,30,30
WBGene00010935.,0,437,437
WBGene00010936.,71,613,684
WBGene00010937.,9,26,35
WBGene00010938.,6,3,9
WBGene00010939.,2,4,6
WBGene00010940.,9,1180,1189
WBGene00010941.,119,1061,1180
WBGene00010942.,651,8411,9062
WBGene00010943.,32,368,400
WBGene00010944.,58,1596,1654
WBGene00010945.,2,102,104
WBGene00010946.,14,9,23
WBGene00010947.,3,424,427
WBGene00010948.,7,14,21
WBGene00010949.,3,2,5
WBGene00010950.,10,2,12
WBGene00010951.,78,448,526
WBGene00010952.,2,2,4
WBGene00010953.,3,2,5
WBGene00010954.,1,1,2
WBGene00010955.,1,0,1
WBGene00010956.,0,2,2
WBGene00010957.,0,1208237,1208237
WBGene00010958.,0,218462,218462
WBGene00010959.,0,221185,221185
WBGene00010960.,0,1054046,1054046
WBGene00010961.,0,77777,77777
WBGene00010962.,0,882276,882276
WBGene00010963.,0,84064,84064
WBGene00010964.,0,506797,506797
WBGene00010965.,0,783964,783964
WBGene00010966.,0,36531,36531
WBGene00010967.,0,80484,80484
WBGene00010968.,13,151,164
WBGene00010969.,0,9,9
WBGene00010970.,146,942,1088
WBGene00010971.,14,148,162
WBGene00010972.,7,199,206
WBGene00010973.,13,61,74
WBGene00010974.,111,455,566
WBGene00010975.,84,544,628
WBGene00010976.,8,878,886
WBGene00010977.,16,186,202
WBGene00010978.,0,42,42
WBGene00010979.,68,129,197
WBGene00010980.,2,5,7
WBGene00010981.,73,1012,1085
WBGene00010982.,265,3514,3779
WBGene00010983.,25,72,97
WBGene00010984.,19,1651,1670
WBGene00010985.,33,102,135
WBGene00010986.,51,384,435
WBGene00010987.,8,23,31
WBGene00010988.,130,1948,2078
WBGene00010989.,2,80,82
WBGene00010990.,392,1803,2195
WBGene00010991.,6,33,39
WBGene00010992.,1,4,5
WBGene00010993.,91,5287,5378
WBGene00010994.,533,4513,5046
WBGene00010995.,5,6,11
WBGene00010996.,6,4,10
WBGene00010998.,5,10,15
WBGene00010999.,4,5,9
WBGene00011000.,10,9,19
WBGene00011001.,2,6,8
WBGene00011002.,33,163,196
WBGene00011003.,115,932,1047
WBGene00011004.,200,930,1130
WBGene00011005.,0,2,2
WBGene00011006.,2,55,57
WBGene00011007.,0,0,0
WBGene00011008.,0,4,4
WBGene00011009.,5,23,28
WBGene00011010.,0,6,6
WBGene00011011.,0,2,2
WBGene00011012.,0,2,2
WBGene00011013.,2,37,39
WBGene00011014.,27,150,177
WBGene00011015.,4938,64869,69807
WBGene00011016.,23,1468,1491
WBGene00011017.,15,2388,2403
WBGene00011018.,85,1476,1561
WBGene00011019.,486,10072,10558
WBGene00011020.,139,2432,2571
WBGene00011021.,256,2164,2420
WBGene00011022.,8,5,13
WBGene00011023.,6,43,49
WBGene00011024.,4,1,5
WBGene00011025.,2,1,3
WBGene00011026.,1779,5438,7217
WBGene00011027.,35,105,140
WBGene00011028.,667,1337,2004
WBGene00011029.,176,1431,1607
WBGene00011030.,51,271,322
WBGene00011032.,86,2114,2200
WBGene00011033.,43,1312,1355
WBGene00011034.,74,1060,1134
WBGene00011035.,180,1824,2004
WBGene00011036.,58,694,752
WBGene00011037.,51,678,729
WBGene00011038.,237,7266,7503
WBGene00011039.,4,125,129
WBGene00011040.,30,390,420
WBGene00011041.,0,4,4
WBGene00011042.,3,104,107
WBGene00011043.,737,2271,3008
WBGene00011044.,136,192,328
WBGene00011045.,271,1582,1853
WBGene00011046.,1,10,11
WBGene00011047.,13,561,574
WBGene00011049.,1,12,13
WBGene00011050.,250,1697,1947
WBGene00011051.,41,1959,2000
WBGene00011052.,3,1,4
WBGene00011053.,8,4,12
WBGene00011054.,57,1122,1179
WBGene00011055.,107,1206,1313
WBGene00011056.,5,5,10
WBGene00011058.,360,1078,1438
WBGene00011059.,6067,90296,96363
WBGene00011060.,125,1578,1703
WBGene00011061.,48,856,904
WBGene00011062.,0,65,65
WBGene00011063.,15,150,165
WBGene00011064.,110,1774,1884
WBGene00011065.,10,131,141
WBGene00011066.,14,180,194
WBGene00011067.,84,852,936
WBGene00011068.,35,770,805
WBGene00011069.,32,288,320
WBGene00011070.,269,7021,7290
WBGene00011071.,117,1034,1151
WBGene00011072.,2402,23068,25470
WBGene00011073.,12,256,268
WBGene00011074.,24,181,205
WBGene00011075.,57,323,380
WBGene00011076.,19,43,62
WBGene00011077.,3,58,61
WBGene00011078.,7,16,23
WBGene00011079.,0,0,0
WBGene00011081.,2,87,89
WBGene00011082.,11,127,138
WBGene00011083.,23,30,53
WBGene00011084.,0,0,0
WBGene00011087.,17,298,315
WBGene00011088.,1,100,101
WBGene00011089.,17,685,702
WBGene00011090.,44,271,315
WBGene00011092.,47,315,362
WBGene00011093.,54,314,368
WBGene00011094.,12,121,133
WBGene00011095.,48,2106,2154
WBGene00011096.,3,9,12
WBGene00011097.,110,430,540
WBGene00011098.,9,98,107
WBGene00011099.,23,162,185
WBGene00011100.,48,193,241
WBGene00011101.,75,111,186
WBGene00011102.,21,484,505
WBGene00011103.,12,539,551
WBGene00011104.,22,19,41
WBGene00011105.,128,980,1108
WBGene00011106.,76,1494,1570
WBGene00011107.,20,331,351
WBGene00011108.,113,551,664
WBGene00011109.,59,1287,1346
WBGene00011110.,882,5755,6637
WBGene00011111.,55,3421,3476
WBGene00011112.,14,854,868
WBGene00011113.,16,17,33
WBGene00011114.,5,24,29
WBGene00011115.,50,1658,1708
WBGene00011116.,112,2791,2903
WBGene00011117.,7,206,213
WBGene00011119.,1010,10125,11135
WBGene00011120.,0,22,22
WBGene00011121.,34,399,433
WBGene00011122.,435,2904,3339
WBGene00011123.,243,819,1062
WBGene00011124.,26,184,210
WBGene00011127.,0,1,1
WBGene00011128.,75,6173,6248
WBGene00011129.,5,17,22
WBGene00011130.,2585,5,2590
WBGene00011131.,90,330,420
WBGene00011132.,0,4,4
WBGene00011133.,2,9,11
WBGene00011134.,0,2,2
WBGene00011135.,1,6,7
WBGene00011136.,7,85,92
WBGene00011137.,10,541,551
WBGene00011139.,86,1050,1136
WBGene00011140.,17,46,63
WBGene00011141.,75,541,616
WBGene00011142.,102,1353,1455
WBGene00011143.,75,834,909
WBGene00011144.,15,2476,2491
WBGene00011145.,73,998,1071
WBGene00011146.,359,2107,2466
WBGene00011147.,33,166,199
WBGene00011149.,0,0,0
WBGene00011150.,1,1,2
WBGene00011151.,5,1,6
WBGene00011152.,1,3,4
WBGene00011153.,4,3,7
WBGene00011154.,63,985,1048
WBGene00011155.,790,11913,12703
WBGene00011156.,9282,140261,149543
WBGene00011157.,0,6,6
WBGene00011158.,1,2,3
WBGene00011159.,0,1,1
WBGene00011160.,1,4,5
WBGene00011161.,0,2,2
WBGene00011162.,0,4,4
WBGene00011163.,0,4,4
WBGene00011164.,1,1,2
WBGene00011165.,0,1,1
WBGene00011166.,4,20,24
WBGene00011167.,1,5,6
WBGene00011168.,5,4,9
WBGene00011169.,2,2,4
WBGene00011170.,0,1,1
WBGene00011171.,24,109,133
WBGene00011172.,1,16,17
WBGene00011173.,2,2,4
WBGene00011174.,0,0,0
WBGene00011175.,2,4,6
WBGene00011176.,0,8,8
WBGene00011177.,0,2,2
WBGene00011178.,2,5,7
WBGene00011179.,25,357,382
WBGene00011180.,13,55,68
WBGene00011181.,13,372,385
WBGene00011182.,115,495,610
WBGene00011183.,2,0,2
WBGene00011184.,5,182,187
WBGene00011185.,4,249,253
WBGene00011186.,6,4,10
WBGene00011187.,1,12,13
WBGene00011188.,5,103,108
WBGene00011189.,23,155,178
WBGene00011190.,12,93,105
WBGene00011191.,0,16,16
WBGene00011192.,11,14,25
WBGene00011193.,48,1092,1140
WBGene00011194.,103,590,693
WBGene00011195.,19,1666,1685
WBGene00011196.,0,0,0
WBGene00011197.,17,24,41
WBGene00011198.,71,2493,2564
WBGene00011200.,2,9,11
WBGene00011201.,13,121,134
WBGene00011202.,0,10,10
WBGene00011203.,6,45,51
WBGene00011205.,148,2252,2400
WBGene00011206.,60,650,710
WBGene00011207.,15,7,22
WBGene00011208.,1,0,1
WBGene00011209.,1,5,6
WBGene00011210.,1,4,5
WBGene00011211.,6,2,8
WBGene00011212.,5,17,22
WBGene00011213.,6,6,12
WBGene00011214.,4,114,118
WBGene00011215.,42,124,166
WBGene00011216.,121,1171,1292
WBGene00011217.,84,524,608
WBGene00011218.,69,418,487
WBGene00011219.,2,18,20
WBGene00011220.,4,98,102
WBGene00011221.,275,1902,2177
WBGene00011222.,31,375,406
WBGene00011223.,29,445,474
WBGene00011224.,68,358,426
WBGene00011225.,29,294,323
WBGene00011226.,78,449,527
WBGene00011227.,6,380,386
WBGene00011228.,3,25,28
WBGene00011229.,0,2,2
WBGene00011230.,99,3347,3446
WBGene00011231.,33,2247,2280
WBGene00011232.,1513,35897,37410
WBGene00011234.,0,17,17
WBGene00011235.,58,438,496
WBGene00011236.,11,328,339
WBGene00011237.,73,1569,1642
WBGene00011238.,25,101,126
WBGene00011239.,215,3438,3653
WBGene00011240.,302,3919,4221
WBGene00011241.,12,77,89
WBGene00011242.,58,474,532
WBGene00011243.,6,28,34
WBGene00011244.,10,1331,1341
WBGene00011245.,1,0,1
WBGene00011246.,3,6,9
WBGene00011247.,324,4578,4902
WBGene00011248.,59,854,913
WBGene00011249.,4,5,9
WBGene00011250.,66,1283,1349
WBGene00011251.,67,237,304
WBGene00011252.,1,19,20
WBGene00011253.,40,1284,1324
WBGene00011254.,48,2485,2533
WBGene00011255.,14,36,50
WBGene00011257.,6,5,11
WBGene00011258.,15,86,101
WBGene00011259.,421,2260,2681
WBGene00011260.,12,41,53
WBGene00011261.,365,513,878
WBGene00011262.,13,144,157
WBGene00011263.,7,1414,1421
WBGene00011264.,9,32,41
WBGene00011265.,12,399,411
WBGene00011266.,10,912,922
WBGene00011267.,0,108,108
WBGene00011268.,164,821,985
WBGene00011269.,51,127,178
WBGene00011270.,333,4925,5258
WBGene00011271.,84,708,792
WBGene00011272.,75,2161,2236
WBGene00011273.,1902,76167,78069
WBGene00011274.,98,844,942
WBGene00011275.,32,384,416
WBGene00011276.,95,1439,1534
WBGene00011277.,1,13,14
WBGene00011278.,2,227,229
WBGene00011279.,429,3516,3945
WBGene00011280.,78,911,989
WBGene00011281.,172,1804,1976
WBGene00011282.,271,2450,2721
WBGene00011283.,568,4433,5001
WBGene00011284.,35,2797,2832
WBGene00011285.,89,1219,1308
WBGene00011286.,29,267,296
WBGene00011287.,69,639,708
WBGene00011288.,1,259,260
WBGene00011289.,8,10130,10138
WBGene00011290.,1,4,5
WBGene00011291.,35,239,274
WBGene00011292.,213,2217,2430
WBGene00011293.,26,18,44
WBGene00011294.,4,2,6
WBGene00011295.,0,0,0
WBGene00011296.,9,48,57
WBGene00011297.,2,3,5
WBGene00011298.,110,710,820
WBGene00011299.,197,1366,1563
WBGene00011300.,135,6461,6596
WBGene00011302.,435,1708,2143
WBGene00011303.,360,2200,2560
WBGene00011304.,3001,8139,11140
WBGene00011305.,17,497,514
WBGene00011306.,81,1308,1389
WBGene00011307.,138,704,842
WBGene00011308.,268,3646,3914
WBGene00011309.,741,3231,3972
WBGene00011310.,15,241,256
WBGene00011311.,231,3246,3477
WBGene00011312.,13,889,902
WBGene00011313.,21,1034,1055
WBGene00011314.,80,473,553
WBGene00011315.,17,347,364
WBGene00011317.,46,936,982
WBGene00011318.,19,462,481
WBGene00011319.,73,749,822
WBGene00011320.,2,22,24
WBGene00011321.,0,53,53
WBGene00011322.,1,1,2
WBGene00011323.,94,1260,1354
WBGene00011324.,8,368,376
WBGene00011325.,7,58,65
WBGene00011326.,164,1932,2096
WBGene00011327.,1,35,36
WBGene00011328.,93,689,782
WBGene00011329.,45,1049,1094
WBGene00011330.,14,176,190
WBGene00011331.,51,2585,2636
WBGene00011333.,174,2430,2604
WBGene00011334.,122,2897,3019
WBGene00011335.,29,54,83
WBGene00011336.,2,2,4
WBGene00011337.,130,5973,6103
WBGene00011338.,148,1441,1589
WBGene00011339.,39,155,194
WBGene00011340.,10,56,66
WBGene00011341.,0,20,20
WBGene00011342.,4,6,10
WBGene00011344.,449,1649,2098
WBGene00011345.,2,660,662
WBGene00011346.,0,0,0
WBGene00011348.,129,651,780
WBGene00011349.,127,1552,1679
WBGene00011350.,1,38,39
WBGene00011351.,25,125,150
WBGene00011352.,267,2852,3119
WBGene00011353.,94,537,631
WBGene00011354.,4,30,34
WBGene00011355.,2,94,96
WBGene00011356.,1,9,10
WBGene00011357.,0,1,1
WBGene00011358.,3,7,10
WBGene00011359.,18,14,32
WBGene00011360.,9,16,25
WBGene00011361.,23,131,154
WBGene00011362.,3,11,14
WBGene00011363.,0,45,45
WBGene00011364.,9,50,59
WBGene00011365.,7,47,54
WBGene00011366.,14,226,240
WBGene00011367.,52,811,863
WBGene00011368.,61,552,613
WBGene00011369.,3,19,22
WBGene00011371.,22,177,199
WBGene00011372.,396,405,801
WBGene00011373.,0,0,0
WBGene00011374.,1779,11761,13540
WBGene00011375.,172,954,1126
WBGene00011376.,19,315,334
WBGene00011378.,6,11,17
WBGene00011379.,2,3,5
WBGene00011380.,53,427,480
WBGene00011381.,25,321,346
WBGene00011382.,78,727,805
WBGene00011383.,181,6367,6548
WBGene00011386.,0,1,1
WBGene00011387.,1,0,1
WBGene00011388.,0,8,8
WBGene00011389.,0,0,0
WBGene00011390.,0,0,0
WBGene00011391.,536,3291,3827
WBGene00011392.,230,22670,22900
WBGene00011393.,51,797,848
WBGene00011394.,4,16,20
WBGene00011395.,3,0,3
WBGene00011396.,5,19,24
WBGene00011397.,4,17,21
WBGene00011398.,418,5113,5531
WBGene00011399.,3,500,503
WBGene00011400.,47,190,237
WBGene00011401.,4,15,19
WBGene00011402.,6,29,35
WBGene00011403.,5,5,10
WBGene00011404.,29,172,201
WBGene00011405.,4,116,120
WBGene00011407.,58,501,559
WBGene00011408.,264,4286,4550
WBGene00011409.,26,2644,2670
WBGene00011410.,7,1076,1083
WBGene00011411.,2,487,489
WBGene00011412.,151,4168,4319
WBGene00011414.,12,7,19
WBGene00011415.,39,345,384
WBGene00011416.,0,0,0
WBGene00011417.,0,0,0
WBGene00011418.,0,0,0
WBGene00011419.,0,2,2
WBGene00011420.,0,0,0
WBGene00011421.,1,1,2
WBGene00011422.,171,1100,1271
WBGene00011423.,224,1270,1494
WBGene00011424.,4,35,39
WBGene00011425.,30,55,85
WBGene00011426.,29,45,74
WBGene00011427.,5,25,30
WBGene00011428.,662,14607,15269
WBGene00011429.,3,47,50
WBGene00011430.,27,179,206
WBGene00011431.,6,47,53
WBGene00011432.,0,1,1
WBGene00011433.,308,1540,1848
WBGene00011434.,23,762,785
WBGene00011435.,4,34,38
WBGene00011436.,145,2795,2940
WBGene00011437.,20,214,234
WBGene00011438.,3,1,4
WBGene00011439.,12,87,99
WBGene00011440.,45,735,780
WBGene00011441.,123,971,1094
WBGene00011442.,53,375,428
WBGene00011443.,22,385,407
WBGene00011444.,96,686,782
WBGene00011445.,11,100,111
WBGene00011446.,48,2477,2525
WBGene00011447.,35,166,201
WBGene00011448.,11,95,106
WBGene00011449.,69,2081,2150
WBGene00011450.,22,701,723
WBGene00011451.,38,316,354
WBGene00011452.,22,192,214
WBGene00011453.,13,129,142
WBGene00011454.,58,243,301
WBGene00011456.,86,321,407
WBGene00011458.,13,16,29
WBGene00011459.,3,0,3
WBGene00011460.,57,112,169
WBGene00011462.,21,33,54
WBGene00011463.,37,312,349
WBGene00011464.,31,518,549
WBGene00011465.,15,339,354
WBGene00011466.,3,16,19
WBGene00011467.,1,5,6
WBGene00011468.,9,16,25
WBGene00011469.,0,1,1
WBGene00011470.,0,0,0
WBGene00011471.,21,163,184
WBGene00011472.,1,0,1
WBGene00011473.,15,275,290
WBGene00011474.,59,47110,47169
WBGene00011475.,7,104,111
WBGene00011476.,26,165,191
WBGene00011478.,1,8,9
WBGene00011479.,77,1164,1241
WBGene00011480.,911,15654,16565
WBGene00011481.,33,10503,10536
WBGene00011482.,20,148,168
WBGene00011483.,1,5,6
WBGene00011484.,11,1188,1199
WBGene00011485.,0,1,1
WBGene00011486.,2,2,4
WBGene00011487.,12,89,101
WBGene00011488.,280,2377,2657
WBGene00011489.,27,279,306
WBGene00011490.,73,1322,1395
WBGene00011491.,4,2,6
WBGene00011492.,14,12,26
WBGene00011493.,0,7,7
WBGene00011494.,1,2,3
WBGene00011495.,12,149,161
WBGene00011497.,57,640,697
WBGene00011498.,1052,10519,11571
WBGene00011499.,8,4,12
WBGene00011500.,55,994,1049
WBGene00011501.,3,126,129
WBGene00011502.,23,697,720
WBGene00011503.,290,1282,1572
WBGene00011505.,0,2,2
WBGene00011506.,0,2,2
WBGene00011507.,103,3471,3574
WBGene00011508.,3,11,14
WBGene00011509.,1,132,133
WBGene00011510.,378,6775,7153
WBGene00011511.,445,2031,2476
WBGene00011512.,22,127,149
WBGene00011513.,1,112,113
WBGene00011514.,5,57,62
WBGene00011515.,5,2,7
WBGene00011516.,0,5,5
WBGene00011517.,29,158,187
WBGene00011518.,3,1,4
WBGene00011519.,2,8,10
WBGene00011520.,31,214,245
WBGene00011521.,0,11,11
WBGene00011522.,196,3589,3785
WBGene00011523.,13,15,28
WBGene00011524.,47,95,142
WBGene00011526.,157,2328,2485
WBGene00011527.,31,3401,3432
WBGene00011528.,89,1385,1474
WBGene00011529.,100,2194,2294
WBGene00011530.,31,151,182
WBGene00011531.,303,8256,8559
WBGene00011532.,266,2103,2369
WBGene00011533.,0,5,5
WBGene00011534.,11,130,141
WBGene00011535.,7,174,181
WBGene00011536.,19,245,264
WBGene00011537.,0,803,803
WBGene00011538.,56,2592,2648
WBGene00011539.,0,5,5
WBGene00011540.,8,27,35
WBGene00011541.,4,1,5
WBGene00011542.,0,0,0
WBGene00011543.,82,830,912
WBGene00011544.,8,13,21
WBGene00011545.,20,350,370
WBGene00011546.,26,255,281
WBGene00011547.,1,4,5
WBGene00011548.,54,725,779
WBGene00011549.,0,4,4
WBGene00011550.,3,24,27
WBGene00011551.,37,408,445
WBGene00011554.,64,109,173
WBGene00011556.,21,46,67
WBGene00011557.,9,20,29
WBGene00011558.,0,4037,4037
WBGene00011559.,97,1116,1213
WBGene00011560.,12,475,487
WBGene00011561.,262,8101,8363
WBGene00011562.,113,834,947
WBGene00011563.,9,20,29
WBGene00011564.,1125,6810,7935
WBGene00011565.,4,24,28
WBGene00011566.,8,55,63
WBGene00011567.,0,4,4
WBGene00011568.,2,44,46
WBGene00011570.,3,2,5
WBGene00011571.,150,3971,4121
WBGene00011572.,27,171,198
WBGene00011573.,64,4153,4217
WBGene00011574.,1,11,12
WBGene00011575.,18,312,330
WBGene00011576.,39,264,303
WBGene00011577.,0,0,0
WBGene00011578.,6,53,59
WBGene00011579.,250,2099,2349
WBGene00011580.,71,1278,1349
WBGene00011581.,6,44,50
WBGene00011582.,61,52,113
WBGene00011583.,2,6,8
WBGene00011584.,0,0,0
WBGene00011585.,0,0,0
WBGene00011586.,74,3016,3090
WBGene00011587.,14,157,171
WBGene00011589.,27,941,968
WBGene00011590.,161,402,563
WBGene00011591.,6,90,96
WBGene00011592.,95,156,251
WBGene00011593.,6,273,279
WBGene00011594.,10,95,105
WBGene00011595.,0,2,2
WBGene00011596.,11,113,124
WBGene00011597.,65,88,153
WBGene00011599.,0,476,476
WBGene00011600.,5,115,120
WBGene00011601.,23,127,150
WBGene00011604.,313,1520,1833
WBGene00011605.,198,4500,4698
WBGene00011606.,13,78,91
WBGene00011607.,34,55,89
WBGene00011608.,0,86,86
WBGene00011609.,0,1,1
WBGene00011610.,6,19,25
WBGene00011611.,8,33,41
WBGene00011612.,38,26,64
WBGene00011613.,20,143,163
WBGene00011614.,6,223,229
WBGene00011615.,13,241,254
WBGene00011616.,1,8,9
WBGene00011617.,4,0,4
WBGene00011618.,2,4,6
WBGene00011619.,1,3,4
WBGene00011620.,2,11,13
WBGene00011621.,2,2,4
WBGene00011622.,7,4,11
WBGene00011623.,13,116,129
WBGene00011624.,182,1202,1384
WBGene00011625.,33,757,790
WBGene00011626.,0,0,0
WBGene00011627.,0,0,0
WBGene00011628.,0,0,0
WBGene00011629.,478,11568,12046
WBGene00011630.,23,72,95
WBGene00011631.,388,2753,3141
WBGene00011633.,25,147,172
WBGene00011634.,161,2191,2352
WBGene00011635.,45,1120,1165
WBGene00011636.,261,1909,2170
WBGene00011637.,112,1198,1310
WBGene00011638.,57,7417,7474
WBGene00011639.,322,1799,2121
WBGene00011640.,10,297,307
WBGene00011641.,0,2153,2153
WBGene00011642.,0,49,49
WBGene00011643.,7,29,36
WBGene00011644.,8,70,78
WBGene00011645.,28,548,576
WBGene00011646.,7,26,33
WBGene00011647.,867,5017,5884
WBGene00011648.,102,1187,1289
WBGene00011649.,7,3,10
WBGene00011650.,0,0,0
WBGene00011651.,3,1,4
WBGene00011652.,0,1,1
WBGene00011653.,3,2,5
WBGene00011654.,1,1,2
WBGene00011655.,1,8,9
WBGene00011656.,1,1,2
WBGene00011657.,1,0,1
WBGene00011658.,0,0,0
WBGene00011659.,1,0,1
WBGene00011660.,5,8,13
WBGene00011661.,89,1991,2080
WBGene00011662.,95,1701,1796
WBGene00011663.,176,476,652
WBGene00011664.,30,429,459
WBGene00011665.,17,143,160
WBGene00011666.,0,2,2
WBGene00011668.,1,5,6
WBGene00011669.,3,4,7
WBGene00011670.,0,13,13
WBGene00011671.,3,5,8
WBGene00011672.,69,632,701
WBGene00011673.,4,79,83
WBGene00011674.,4,9,13
WBGene00011675.,10,8,18
WBGene00011676.,40,774,814
WBGene00011677.,11,45,56
WBGene00011678.,39,614,653
WBGene00011679.,115,6406,6521
WBGene00011680.,33,526,559
WBGene00011681.,122,2887,3009
WBGene00011682.,101,655,756
WBGene00011683.,647,5469,6116
WBGene00011684.,13,90,103
WBGene00011685.,2,5,7
WBGene00011686.,1,0,1
WBGene00011687.,24,3241,3265
WBGene00011688.,36,569,605
WBGene00011689.,5,13,18
WBGene00011690.,2,3,5
WBGene00011691.,3,7,10
WBGene00011692.,2022,11598,13620
WBGene00011693.,9,41,50
WBGene00011694.,346,2313,2659
WBGene00011695.,37,62,99
WBGene00011696.,387,2957,3344
WBGene00011697.,5,17,22
WBGene00011698.,5,41,46
WBGene00011699.,6,17,23
WBGene00011701.,2,20,22
WBGene00011702.,1,13,14
WBGene00011703.,7,7,14
WBGene00011704.,0,7,7
WBGene00011705.,11,172,183
WBGene00011706.,15,230,245
WBGene00011707.,8,141,149
WBGene00011708.,1139,12521,13660
WBGene00011709.,30,82,112
WBGene00011710.,0,0,0
WBGene00011712.,1,24,25
WBGene00011713.,4,328,332
WBGene00011714.,0,2,2
WBGene00011715.,0,5,5
WBGene00011716.,8,27,35
WBGene00011717.,49,784,833
WBGene00011718.,28,254,282
WBGene00011719.,46,482,528
WBGene00011720.,241,1590,1831
WBGene00011721.,3,4,7
WBGene00011722.,145,2545,2690
WBGene00011723.,266,2437,2703
WBGene00011724.,2,3,5
WBGene00011725.,49,180,229
WBGene00011726.,207,867,1074
WBGene00011727.,69,787,856
WBGene00011728.,11,54,65
WBGene00011729.,203,2796,2999
WBGene00011730.,82,7596,7678
WBGene00011731.,21,526,547
WBGene00011732.,713,4114,4827
WBGene00011733.,6,377,383
WBGene00011734.,260,7464,7724
WBGene00011735.,731,6244,6975
WBGene00011736.,324,11553,11877
WBGene00011737.,133,4034,4167
WBGene00011738.,63,597,660
WBGene00011739.,9,376,385
WBGene00011740.,320,3387,3707
WBGene00011741.,7,37,44
WBGene00011742.,53,1240,1293
WBGene00011743.,358,4712,5070
WBGene00011744.,16,139,155
WBGene00011745.,83,310,393
WBGene00011746.,17,196,213
WBGene00011747.,75,1369,1444
WBGene00011748.,2,7,9
WBGene00011749.,0,6,6
WBGene00011750.,1,5,6
WBGene00011751.,0,8,8
WBGene00011752.,13,93,106
WBGene00011753.,1,25,26
WBGene00011754.,8,25,33
WBGene00011755.,898,3489,4387
WBGene00011756.,23,530,553
WBGene00011757.,9,66,75
WBGene00011758.,128,3180,3308
WBGene00011759.,25,4626,4651
WBGene00011760.,28,993,1021
WBGene00011761.,25,892,917
WBGene00011762.,18,235,253
WBGene00011763.,212,7407,7619
WBGene00011765.,120,732,852
WBGene00011767.,786,3260,4046
WBGene00011768.,34,918,952
WBGene00011770.,3,29,32
WBGene00011771.,652,5795,6447
WBGene00011772.,28,237,265
WBGene00011773.,7,798,805
WBGene00011774.,95,948,1043
WBGene00011775.,355,4316,4671
WBGene00011776.,18,621,639
WBGene00011777.,0,154,154
WBGene00011778.,2,1,3
WBGene00011779.,1,4,5
WBGene00011780.,2,0,2
WBGene00011781.,0,3,3
WBGene00011782.,0,0,0
WBGene00011783.,2,0,2
WBGene00011784.,3,1,4
WBGene00011785.,3,2,5
WBGene00011786.,1,6,7
WBGene00011788.,19,169,188
WBGene00011789.,14,55,69
WBGene00011790.,3,12,15
WBGene00011791.,0,15,15
WBGene00011793.,33,206,239
WBGene00011794.,148,1059,1207
WBGene00011795.,7,51,58
WBGene00011796.,12,183,195
WBGene00011797.,5,9,14
WBGene00011798.,11,67,78
WBGene00011799.,4,15,19
WBGene00011800.,10,72,82
WBGene00011801.,7,106,113
WBGene00011802.,50,1415,1465
WBGene00011803.,26,225,251
WBGene00011804.,8,25,33
WBGene00011805.,0,40,40
WBGene00011806.,52,984,1036
WBGene00011807.,118,845,963
WBGene00011808.,0,0,0
WBGene00011809.,0,0,0
WBGene00011810.,7,2,9
WBGene00011811.,4,37,41
WBGene00011812.,4,40,44
WBGene00011813.,38,591,629
WBGene00011814.,50,257,307
WBGene00011815.,253,2236,2489
WBGene00011816.,0,2,2
WBGene00011817.,86,392,478
WBGene00011818.,4,1,5
WBGene00011819.,25,307,332
WBGene00011820.,19,894,913
WBGene00011821.,5,68,73
WBGene00011822.,14,184,198
WBGene00011823.,3,287,290
WBGene00011824.,153,803,956
WBGene00011826.,157,212,369
WBGene00011827.,772,1616,2388
WBGene00011828.,13,880,893
WBGene00011829.,25,79,104
WBGene00011830.,93,1731,1824
WBGene00011831.,31,1340,1371
WBGene00011832.,73,1232,1305
WBGene00011833.,39,702,741
WBGene00011834.,22,398,420
WBGene00011835.,11,494,505
WBGene00011836.,4,99,103
WBGene00011837.,4,19,23
WBGene00011838.,13,598,611
WBGene00011839.,15,514,529
WBGene00011840.,0,0,0
WBGene00011841.,2,58,60
WBGene00011842.,0,0,0
WBGene00011844.,4,15,19
WBGene00011846.,2,15,17
WBGene00011847.,1,3,4
WBGene00011848.,1,10,11
WBGene00011849.,15,3053,3068
WBGene00011850.,58,232,290
WBGene00011851.,1,2,3
WBGene00011852.,4,3,7
WBGene00011853.,4,1,5
WBGene00011854.,896,1483,2379
WBGene00011855.,1,20,21
WBGene00011856.,59,743,802
WBGene00011857.,192,3782,3974
WBGene00011858.,23,1219,1242
WBGene00011859.,57,1414,1471
WBGene00011860.,6,383,389
WBGene00011864.,222,4354,4576
WBGene00011867.,139,6597,6736
WBGene00011868.,58,318,376
WBGene00011869.,85,101034,101119
WBGene00011870.,23,5857,5880
WBGene00011871.,76,890,966
WBGene00011872.,64,549,613
WBGene00011873.,84,171,255
WBGene00011874.,2,16,18
WBGene00011875.,24,161,185
WBGene00011876.,2,14,16
WBGene00011877.,4,12,16
WBGene00011878.,51,358,409
WBGene00011879.,157,1317,1474
WBGene00011880.,1419,30485,31904
WBGene00011882.,9,31,40
WBGene00011883.,278,3065,3343
WBGene00011884.,253,50921,51174
WBGene00011885.,523,1649,2172
WBGene00011886.,7,255,262
WBGene00011887.,551,742,1293
WBGene00011888.,211,649,860
WBGene00011890.,29,822,851
WBGene00011891.,80,2919,2999
WBGene00011892.,143,2158,2301
WBGene00011893.,5,48,53
WBGene00011894.,27,244,271
WBGene00011895.,5,14,19
WBGene00011896.,3,200,203
WBGene00011897.,214,4784,4998
WBGene00011898.,1,37,38
WBGene00011899.,24,624,648
WBGene00011900.,30,4,34
WBGene00011902.,1,32,33
WBGene00011903.,0,2,2
WBGene00011904.,424,2374,2798
WBGene00011906.,37,1464,1501
WBGene00011908.,77,440,517
WBGene00011909.,6,13,19
WBGene00011910.,3,8,11
WBGene00011911.,0,3,3
WBGene00011912.,113,2005,2118
WBGene00011913.,175,1093,1268
WBGene00011914.,17,412,429
WBGene00011915.,110,999,1109
WBGene00011916.,59,473,532
WBGene00011917.,314,6528,6842
WBGene00011918.,1,8,9
WBGene00011919.,3,18,21
WBGene00011920.,40,390,430
WBGene00011921.,3,1,4
WBGene00011922.,2,3,5
WBGene00011923.,13,84,97
WBGene00011924.,40,479,519
WBGene00011925.,7,127,134
WBGene00011926.,16,117,133
WBGene00011927.,9,105,114
WBGene00011928.,46,145,191
WBGene00011929.,1,2,3
WBGene00011930.,56,503,559
WBGene00011931.,13,541,554
WBGene00011932.,93,1151,1244
WBGene00011933.,0,1,1
WBGene00011934.,0,0,0
WBGene00011935.,17,1085,1102
WBGene00011936.,9,145,154
WBGene00011937.,0,8,8
WBGene00011938.,12,135,147
WBGene00011939.,95,1342,1437
WBGene00011940.,232,906,1138
WBGene00011941.,83,397,480
WBGene00011942.,0,1,1
WBGene00011943.,0,1,1
WBGene00011944.,373,3561,3934
WBGene00011945.,34,180,214
WBGene00011947.,0,2,2
WBGene00011948.,1,8,9
WBGene00011949.,1,19,20
WBGene00011950.,0,0,0
WBGene00011951.,5,5,10
WBGene00011952.,16,73,89
WBGene00011953.,438,4497,4935
WBGene00011954.,0,20,20
WBGene00011955.,130,2002,2132
WBGene00011956.,17,595,612
WBGene00011957.,65,438,503
WBGene00011958.,7,90,97
WBGene00011959.,1,195,196
WBGene00011960.,14,160,174
WBGene00011961.,3,0,3
WBGene00011962.,133,1619,1752
WBGene00011963.,77,512,589
WBGene00011964.,66,763,829
WBGene00011965.,73,640,713
WBGene00011966.,349,5729,6078
WBGene00011967.,116,1900,2016
WBGene00011968.,0,76,76
WBGene00011969.,12,863,875
WBGene00011970.,229,693,922
WBGene00011971.,299,2993,3292
WBGene00011972.,54,1340,1394
WBGene00011973.,3,9,12
WBGene00011974.,24,183,207
WBGene00011975.,174,2324,2498
WBGene00011976.,235,838,1073
WBGene00011977.,460,37899,38359
WBGene00011978.,343,3389,3732
WBGene00011979.,3,15,18
WBGene00011980.,283,2635,2918
WBGene00011981.,0,12,12
WBGene00011982.,2,1,3
WBGene00011983.,1,15,16
WBGene00011984.,23,68,91
WBGene00011985.,60,806,866
WBGene00011986.,2,32,34
WBGene00011988.,17,112,129
WBGene00011989.,0,0,0
WBGene00011990.,17,448,465
WBGene00011991.,9,3,12
WBGene00011992.,0,1,1
WBGene00011993.,0,0,0
WBGene00011994.,10,572,582
WBGene00011995.,228,1404,1632
WBGene00011996.,17,205,222
WBGene00011997.,16,920,936
WBGene00011999.,18,203,221
WBGene00012000.,56,1886,1942
WBGene00012002.,87,1149,1236
WBGene00012003.,37,6,43
WBGene00012004.,151,1787,1938
WBGene00012005.,2027,996,3023
WBGene00012007.,32,1734,1766
WBGene00012008.,0,10,10
WBGene00012009.,47,244,291
WBGene00012010.,1,4,5
WBGene00012011.,1,1,2
WBGene00012012.,2,11,13
WBGene00012013.,8,33,41
WBGene00012014.,72,720,792
WBGene00012015.,203,5090,5293
WBGene00012016.,112,650,762
WBGene00012017.,24,19,43
WBGene00012018.,123,706,829
WBGene00012019.,3775,2494,6269
WBGene00012020.,0,52,52
WBGene00012021.,6,0,6
WBGene00012022.,6,1,7
WBGene00012023.,5,6,11
WBGene00012024.,0,0,0
WBGene00012025.,0,4,4
WBGene00012026.,0,3,3
WBGene00012027.,1,1,2
WBGene00012028.,0,1,1
WBGene00012029.,94,925,1019
WBGene00012030.,152,5056,5208
WBGene00012031.,106,3666,3772
WBGene00012032.,31,211,242
WBGene00012033.,173,1465,1638
WBGene00012034.,10,159,169
WBGene00012035.,42,1023,1065
WBGene00012036.,0,9,9
WBGene00012037.,699,6322,7021
WBGene00012038.,0,8,8
WBGene00012039.,0,2,2
WBGene00012040.,2,8,10
WBGene00012041.,0,2,2
WBGene00012042.,6,255,261
WBGene00012043.,3,2,5
WBGene00012044.,1,11,12
WBGene00012045.,13,56,69
WBGene00012046.,9,23,32
WBGene00012047.,1,3,4
WBGene00012048.,1,1,2
WBGene00012049.,0,1,1
WBGene00012050.,1,1,2
WBGene00012051.,10,9,19
WBGene00012052.,0,3,3
WBGene00012053.,0,0,0
WBGene00012054.,7,1,8
WBGene00012055.,1,3,4
WBGene00012056.,0,7,7
WBGene00012057.,0,0,0
WBGene00012058.,6,13,19
WBGene00012059.,205,2790,2995
WBGene00012060.,0,0,0
WBGene00012061.,0,4,4
WBGene00012062.,32,274,306
WBGene00012063.,0,2,2
WBGene00012064.,0,0,0
WBGene00012065.,0,1,1
WBGene00012066.,5,2,7
WBGene00012067.,0,0,0
WBGene00012068.,6,7,13
WBGene00012069.,0,2,2
WBGene00012070.,24,2,26
WBGene00012072.,4,8,12
WBGene00012073.,63,655,718
WBGene00012074.,7,10,17
WBGene00012075.,0,0,0
WBGene00012077.,8,8,16
WBGene00012078.,0,1,1
WBGene00012079.,0,0,0
WBGene00012080.,0,3,3
WBGene00012081.,4,0,4
WBGene00012083.,1,2,3
WBGene00012084.,233,570,803
WBGene00012085.,88,2142,2230
WBGene00012086.,17,30,47
WBGene00012087.,1,0,1
WBGene00012088.,1,8,9
WBGene00012089.,0,3,3
WBGene00012090.,1,2,3
WBGene00012091.,3,1,4
WBGene00012093.,5,0,5
WBGene00012094.,0,29439,29439
WBGene00012095.,108,352,460
WBGene00012096.,0,12,12
WBGene00012097.,228,15775,16003
WBGene00012098.,0,2,2
WBGene00012099.,152,192,344
WBGene00012100.,325,2716,3041
WBGene00012101.,0,300,300
WBGene00012102.,1,8,9
WBGene00012103.,1,69,70
WBGene00012104.,31,736,767
WBGene00012105.,47,460,507
WBGene00012106.,50,755,805
WBGene00012107.,20,236,256
WBGene00012108.,5,2,7
WBGene00012109.,15,120,135
WBGene00012110.,24,171,195
WBGene00012111.,27,212,239
WBGene00012112.,38,288,326
WBGene00012113.,31,14418,14449
WBGene00012114.,13,76,89
WBGene00012115.,9,35,44
WBGene00012116.,26,74,100
WBGene00012117.,396,4463,4859
WBGene00012118.,64,878,942
WBGene00012119.,2,28,30
WBGene00012120.,4,18,22
WBGene00012121.,431,5260,5691
WBGene00012122.,11,575,586
WBGene00012123.,416,4993,5409
WBGene00012124.,30,752,782
WBGene00012125.,99,1020,1119
WBGene00012126.,1286,3958,5244
WBGene00012127.,13,322,335
WBGene00012128.,557,9228,9785
WBGene00012130.,69,398,467
WBGene00012131.,27,313,340
WBGene00012132.,71,583,654
WBGene00012133.,1,0,1
WBGene00012134.,12,59,71
WBGene00012135.,63,286,349
WBGene00012136.,1024,2984,4008
WBGene00012137.,66,152,218
WBGene00012138.,17,45,62
WBGene00012139.,511,623,1134
WBGene00012140.,319,22080,22399
WBGene00012142.,48,288,336
WBGene00012143.,75,507,582
WBGene00012144.,24,118,142
WBGene00012145.,51,1271,1322
WBGene00012146.,0,0,0
WBGene00012147.,8,15,23
WBGene00012148.,310,61221,61531
WBGene00012149.,296,1435,1731
WBGene00012150.,62,476,538
WBGene00012151.,0,31,31
WBGene00012152.,123,1740,1863
WBGene00012155.,37,406,443
WBGene00012156.,6,1238,1244
WBGene00012157.,160,736,896
WBGene00012158.,1329,11920,13249
WBGene00012159.,7,10,17
WBGene00012162.,5,55,60
WBGene00012163.,9,48,57
WBGene00012164.,78,138,216
WBGene00012165.,112,239,351
WBGene00012166.,20,14935,14955
WBGene00012167.,12,622,634
WBGene00012168.,55,114,169
WBGene00012169.,3,0,3
WBGene00012170.,5,35,40
WBGene00012171.,0,8,8
WBGene00012172.,14,26,40
WBGene00012173.,4,3,7
WBGene00012174.,3,4,7
WBGene00012175.,6,58,64
WBGene00012176.,14,51,65
WBGene00012177.,0,1,1
WBGene00012178.,81,360,441
WBGene00012179.,2789,173482,176271
WBGene00012180.,152,54,206
WBGene00012181.,11,14,25
WBGene00012182.,14,863,877
WBGene00012183.,0,51,51
WBGene00012184.,20,308,328
WBGene00012185.,9,132,141
WBGene00012186.,96,3532,3628
WBGene00012187.,74,2353,2427
WBGene00012188.,141,935,1076
WBGene00012189.,4,42,46
WBGene00012190.,51,58,109
WBGene00012191.,20,21,41
WBGene00012192.,140,767,907
WBGene00012193.,898,7807,8705
WBGene00012194.,55,1787,1842
WBGene00012195.,43,58,101
WBGene00012196.,9,55,64
WBGene00012197.,89,3690,3779
WBGene00012198.,20,619,639
WBGene00012199.,25,85,110
WBGene00012200.,7,9,16
WBGene00012201.,20,85,105
WBGene00012202.,10,13,23
WBGene00012203.,95,2134,2229
WBGene00012204.,22,1682,1704
WBGene00012205.,39,1611,1650
WBGene00012206.,29,1356,1385
WBGene00012207.,1,3,4
WBGene00012208.,99,1216,1315
WBGene00012209.,13,318,331
WBGene00012210.,0,107,107
WBGene00012211.,3,8,11
WBGene00012212.,0,1,1
WBGene00012213.,0,4,4
WBGene00012214.,0,0,0
WBGene00012215.,3,10,13
WBGene00012216.,38,2477,2515
WBGene00012217.,24,67,91
WBGene00012218.,1,3,4
WBGene00012219.,12,16,28
WBGene00012220.,55,278,333
WBGene00012221.,152,3205,3357
WBGene00012222.,57,409,466
WBGene00012223.,0,0,0
WBGene00012224.,9,26,35
WBGene00012225.,158,530,688
WBGene00012226.,237,2075,2312
WBGene00012227.,3,22,25
WBGene00012228.,14,81,95
WBGene00012230.,419,1715,2134
WBGene00012231.,2,3,5
WBGene00012232.,0,0,0
WBGene00012233.,0,1,1
WBGene00012234.,335,1483,1818
WBGene00012235.,62,871,933
WBGene00012236.,56,465,521
WBGene00012237.,2,109,111
WBGene00012238.,5,4,9
WBGene00012239.,106,3618,3724
WBGene00012240.,1,4,5
WBGene00012241.,97,386,483
WBGene00012242.,3,45,48
WBGene00012243.,39,966,1005
WBGene00012244.,27,2389,2416
WBGene00012245.,443,3988,4431
WBGene00012246.,1,7,8
WBGene00012247.,0,0,0
WBGene00012248.,0,0,0
WBGene00012249.,2,1,3
WBGene00012250.,3,1,4
WBGene00012251.,4,21,25
WBGene00012252.,184,868,1052
WBGene00012253.,18,785,803
WBGene00012254.,10,9,19
WBGene00012255.,64,2656,2720
WBGene00012256.,10,1362,1372
WBGene00012257.,42,1772,1814
WBGene00012258.,35,1461,1496
WBGene00012259.,151,499,650
WBGene00012260.,0,27,27
WBGene00012261.,52,3246,3298
WBGene00012264.,1,10,11
WBGene00012265.,17,109,126
WBGene00012266.,2,7,9
WBGene00012267.,2,3,5
WBGene00012268.,10,145,155
WBGene00012269.,2,4,6
WBGene00012270.,20,56,76
WBGene00012271.,15,59,74
WBGene00012272.,93,66,159
WBGene00012274.,916,5288,6204
WBGene00012275.,169,274,443
WBGene00012276.,95,2177,2272
WBGene00012277.,61,543,604
WBGene00012278.,0,4,4
WBGene00012279.,10,804,814
WBGene00012280.,4,86,90
WBGene00012281.,89,469,558
WBGene00012282.,50,561,611
WBGene00012283.,5,0,5
WBGene00012284.,0,2,2
WBGene00012285.,4,4,8
WBGene00012286.,0,0,0
WBGene00012287.,0,1,1
WBGene00012288.,4,5,9
WBGene00012289.,610,4337,4947
WBGene00012290.,19,60,79
WBGene00012291.,955,5604,6559
WBGene00012292.,0,0,0
WBGene00012293.,83,49,132
WBGene00012294.,0,0,0
WBGene00012295.,41,78,119
WBGene00012296.,14,21,35
WBGene00012297.,3,13,16
WBGene00012298.,68,1518,1586
WBGene00012299.,3,36,39
WBGene00012300.,0,1,1
WBGene00012301.,0,0,0
WBGene00012302.,0,0,0
WBGene00012303.,3,4,7
WBGene00012304.,50,16,66
WBGene00012305.,0,1,1
WBGene00012306.,76,296,372
WBGene00012307.,9,37,46
WBGene00012308.,0,2,2
WBGene00012309.,1,3,4
WBGene00012310.,12,1,13
WBGene00012311.,0,0,0
WBGene00012312.,1,1,2
WBGene00012313.,0,0,0
WBGene00012314.,0,0,0
WBGene00012315.,44,502,546
WBGene00012316.,154,1837,1991
WBGene00012317.,152,2596,2748
WBGene00012318.,2,1,3
WBGene00012319.,182,784,966
WBGene00012320.,1,0,1
WBGene00012321.,0,3,3
WBGene00012322.,139,1327,1466
WBGene00012323.,3,24,27
WBGene00012324.,2,109,111
WBGene00012325.,33,161,194
WBGene00012326.,305,1914,2219
WBGene00012328.,27,158,185
WBGene00012329.,6,2,8
WBGene00012330.,46,463,509
WBGene00012332.,14,151,165
WBGene00012333.,12,26,38
WBGene00012334.,18,6,24
WBGene00012335.,11,37,48
WBGene00012336.,33,113,146
WBGene00012337.,285,4337,4622
WBGene00012339.,52,518,570
WBGene00012340.,31,257,288
WBGene00012341.,146,1562,1708
WBGene00012342.,279,2953,3232
WBGene00012343.,249,3113,3362
WBGene00012344.,424,9211,9635
WBGene00012345.,5,13,18
WBGene00012346.,7,88,95
WBGene00012347.,534,435,969
WBGene00012348.,1180,4850,6030
WBGene00012349.,7,3,10
WBGene00012350.,0,0,0
WBGene00012351.,1262,10605,11867
WBGene00012352.,162,570,732
WBGene00012353.,113,1714,1827
WBGene00012354.,521,43566,44087
WBGene00012355.,78,0,78
WBGene00012356.,8,125,133
WBGene00012357.,0,1,1
WBGene00012358.,327,3004,3331
WBGene00012359.,86,1314,1400
WBGene00012360.,100,555,655
WBGene00012361.,159,9098,9257
WBGene00012362.,808,1919,2727
WBGene00012363.,119,564,683
WBGene00012364.,68,286,354
WBGene00012365.,122,2158,2280
WBGene00012366.,127,1325,1452
WBGene00012368.,3,63,66
WBGene00012369.,142,1181,1323
WBGene00012370.,165,491,656
WBGene00012371.,738,1457,2195
WBGene00012372.,26,109,135
WBGene00012373.,0,0,0
WBGene00012374.,50,76,126
WBGene00012375.,70,3087,3157
WBGene00012376.,420,14681,15101
WBGene00012377.,0,0,0
WBGene00012378.,1,3,4
WBGene00012379.,1,11,12
WBGene00012381.,75,597,672
WBGene00012382.,8417,143115,151532
WBGene00012383.,1424,20365,21789
WBGene00012384.,56,437,493
WBGene00012385.,69,508,577
WBGene00012386.,244563,2135,246698
WBGene00012387.,91,321,412
WBGene00012388.,4,7,11
WBGene00012389.,243,1021,1264
WBGene00012390.,163,639,802
WBGene00012391.,31,292,323
WBGene00012393.,145,775,920
WBGene00012394.,15,86,101
WBGene00012395.,1,449,450
WBGene00012396.,64,1013,1077
WBGene00012397.,0,0,0
WBGene00012398.,17,71,88
WBGene00012399.,34,61,95
WBGene00012400.,1,9,10
WBGene00012401.,0,12,12
WBGene00012402.,1,0,1
WBGene00012403.,4,12,16
WBGene00012404.,0,18,18
WBGene00012405.,0,0,0
WBGene00012406.,2,1,3
WBGene00012407.,27,293,320
WBGene00012408.,51,330,381
WBGene00012409.,1,2,3
WBGene00012411.,1,4,5
WBGene00012412.,0,40,40
WBGene00012413.,10,40,50
WBGene00012414.,3,21,24
WBGene00012415.,3,15,18
WBGene00012416.,32,219,251
WBGene00012418.,24,32,56
WBGene00012419.,0,0,0
WBGene00012420.,17,3317,3334
WBGene00012421.,53,1056,1109
WBGene00012423.,236,2261,2497
WBGene00012424.,399,2206,2605
WBGene00012425.,49,187,236
WBGene00012426.,9,20,29
WBGene00012428.,19,119,138
WBGene00012429.,2,80,82
WBGene00012431.,4,242,246
WBGene00012432.,8,36,44
WBGene00012433.,18,275,293
WBGene00012434.,252,5797,6049
WBGene00012435.,3,197,200
WBGene00012436.,2,199,201
WBGene00012437.,657,5847,6504
WBGene00012439.,27,885,912
WBGene00012440.,7,1198,1205
WBGene00012441.,38,315,353
WBGene00012442.,19,52,71
WBGene00012443.,335,2725,3060
WBGene00012444.,207,2941,3148
WBGene00012445.,32,356,388
WBGene00012446.,48,213,261
WBGene00012448.,20,15,35
WBGene00012449.,12,50,62
WBGene00012450.,19,52,71
WBGene00012451.,29,24,53
WBGene00012452.,0,6339,6339
WBGene00012453.,2,3,5
WBGene00012454.,0,2,2
WBGene00012455.,17,62,79
WBGene00012456.,10,83,93
WBGene00012457.,61,190,251
WBGene00012458.,335,1986,2321
WBGene00012459.,49,939,988
WBGene00012460.,52,441,493
WBGene00012461.,259,385,644
WBGene00012462.,180,171,351
WBGene00012463.,191,697,888
WBGene00012464.,5,42,47
WBGene00012465.,128,1922,2050
WBGene00012466.,128,336,464
WBGene00012467.,6,16,22
WBGene00012468.,286,2872,3158
WBGene00012469.,57,680,737
WBGene00012470.,5,2,7
WBGene00012471.,143,7442,7585
WBGene00012472.,233,1648,1881
WBGene00012473.,60,97,157
WBGene00012474.,284,1849,2133
WBGene00012475.,11,9,20
WBGene00012476.,3,201,204
WBGene00012477.,45,76,121
WBGene00012478.,814,4727,5541
WBGene00012479.,133,1064,1197
WBGene00012480.,9,23,32
WBGene00012481.,15,202,217
WBGene00012482.,0,11,11
WBGene00012483.,0,2915,2915
WBGene00012484.,36,4460,4496
WBGene00012485.,0,39,39
WBGene00012486.,3,4,7
WBGene00012487.,3,37,40
WBGene00012488.,4,0,4
WBGene00012489.,0,0,0
WBGene00012490.,0,2,2
WBGene00012491.,46,7,53
WBGene00012492.,0,1,1
WBGene00012493.,0,1,1
WBGene00012494.,41,81,122
WBGene00012496.,87,960,1047
WBGene00012497.,69,3008,3077
WBGene00012498.,0,56,56
WBGene00012499.,0,8,8
WBGene00012500.,1,10,11
WBGene00012501.,2,2,4
WBGene00012502.,0,1,1
WBGene00012503.,7,83,90
WBGene00012504.,0,3,3
WBGene00012505.,1,1,2
WBGene00012509.,0,0,0
WBGene00012512.,7,158,165
WBGene00012513.,40,425,465
WBGene00012514.,20,221,241
WBGene00012515.,2,3,5
WBGene00012516.,0,2,2
WBGene00012517.,0,3,3
WBGene00012518.,1,20,21
WBGene00012519.,2,4,6
WBGene00012520.,3,0,3
WBGene00012521.,2,6,8
WBGene00012522.,413,1616,2029
WBGene00012523.,0,4,4
WBGene00012524.,50,392,442
WBGene00012525.,2,4,6
WBGene00012526.,0,7,7
WBGene00012527.,19,152,171
WBGene00012528.,94,3159,3253
WBGene00012529.,31,138,169
WBGene00012530.,399,733,1132
WBGene00012531.,46,99,145
WBGene00012532.,128,556,684
WBGene00012533.,1,12,13
WBGene00012535.,13,21,34
WBGene00012536.,57,313,370
WBGene00012537.,1,22,23
WBGene00012538.,26,143,169
WBGene00012540.,22,268,290
WBGene00012541.,5,9,14
WBGene00012542.,16,14,30
WBGene00012543.,368,1534,1902
WBGene00012544.,1395,18313,19708
WBGene00012545.,144,837,981
WBGene00012546.,13,636,649
WBGene00012547.,0,11,11
WBGene00012548.,226,1125,1351
WBGene00012549.,5,1,6
WBGene00012550.,29,6706,6735
WBGene00012551.,8,632,640
WBGene00012552.,4,200,204
WBGene00012553.,5362,56373,61735
WBGene00012554.,48,1135,1183
WBGene00012555.,20,1004,1024
WBGene00012556.,238,3079,3317
WBGene00012557.,3,0,3
WBGene00012558.,150,1936,2086
WBGene00012559.,148,966,1114
WBGene00012560.,602,1381,1983
WBGene00012561.,2,54,56
WBGene00012562.,152,1121,1273
WBGene00012564.,12,173,185
WBGene00012565.,12,176,188
WBGene00012566.,3,50,53
WBGene00012567.,5,12,17
WBGene00012568.,4,73,77
WBGene00012569.,1,58,59
WBGene00012570.,1,4,5
WBGene00012571.,2,0,2
WBGene00012572.,1,8,9
WBGene00012573.,11,5,16
WBGene00012574.,0,0,0
WBGene00012575.,0,0,0
WBGene00012576.,75,353,428
WBGene00012577.,5,4,9
WBGene00012578.,272,987,1259
WBGene00012579.,0,0,0
WBGene00012580.,0,1,1
WBGene00012581.,0,0,0
WBGene00012582.,2,7,9
WBGene00012583.,4,18,22
WBGene00012584.,917,2722,3639
WBGene00012585.,46,280,326
WBGene00012586.,4,28,32
WBGene00012587.,4,10,14
WBGene00012588.,23,187,210
WBGene00012589.,3,28,31
WBGene00012590.,0,1,1
WBGene00012591.,0,444,444
WBGene00012592.,6,262,268
WBGene00012593.,0,19,19
WBGene00012594.,3,46,49
WBGene00012595.,1,87,88
WBGene00012596.,4,27,31
WBGene00012597.,24,348,372
WBGene00012600.,86,760,846
WBGene00012602.,553,9272,9825
WBGene00012603.,1,9,10
WBGene00012604.,0,61,61
WBGene00012605.,11,119,130
WBGene00012606.,94,511,605
WBGene00012607.,20,81,101
WBGene00012608.,1543,16482,18025
WBGene00012609.,1,5,6
WBGene00012610.,14,240,254
WBGene00012612.,0,6,6
WBGene00012614.,11,27,38
WBGene00012615.,134,2455,2589
WBGene00012616.,1,84,85
WBGene00012617.,0,3,3
WBGene00012618.,2,21,23
WBGene00012620.,0,13,13
WBGene00012621.,4,136,140
WBGene00012622.,29,55,84
WBGene00012623.,15,103,118
WBGene00012624.,39,289,328
WBGene00012625.,4,18,22
WBGene00012626.,41,123,164
WBGene00012627.,8,45,53
WBGene00012628.,123,1385,1508
WBGene00012629.,15,66,81
WBGene00012630.,0,6,6
WBGene00012631.,1,8,9
WBGene00012632.,6,56,62
WBGene00012633.,12,9,21
WBGene00012634.,0,7,7
WBGene00012635.,26,193,219
WBGene00012636.,6,1,7
WBGene00012637.,1,19,20
WBGene00012638.,1,1,2
WBGene00012639.,31,78,109
WBGene00012640.,2,94,96
WBGene00012641.,319,1852,2171
WBGene00012642.,21,53,74
WBGene00012643.,19,1610,1629
WBGene00012644.,400,554,954
WBGene00012645.,239,2373,2612
WBGene00012646.,121,1919,2040
WBGene00012647.,68,580,648
WBGene00012648.,208,5533,5741
WBGene00012649.,0,11,11
WBGene00012650.,20,780,800
WBGene00012651.,82,414,496
WBGene00012652.,19,1764,1783
WBGene00012653.,0,1,1
WBGene00012654.,43,55,98
WBGene00012655.,0,7,7
WBGene00012656.,8,8,16
WBGene00012657.,144,607,751
WBGene00012658.,294,2144,2438
WBGene00012659.,40,10,50
WBGene00012660.,0,67,67
WBGene00012661.,3,2,5
WBGene00012662.,99,1383,1482
WBGene00012663.,124,613,737
WBGene00012664.,0,114,114
WBGene00012665.,117,1369,1486
WBGene00012666.,221,2421,2642
WBGene00012668.,852,5065,5917
WBGene00012669.,10,48,58
WBGene00012670.,17,47,64
WBGene00012671.,3,24,27
WBGene00012672.,2,3,5
WBGene00012673.,10,85,95
WBGene00012674.,233,1041,1274
WBGene00012675.,179,1065,1244
WBGene00012676.,488,2308,2796
WBGene00012678.,30,181,211
WBGene00012679.,2,15,17
WBGene00012680.,0,26,26
WBGene00012681.,1,0,1
WBGene00012682.,10,1,11
WBGene00012683.,0,3,3
WBGene00012684.,1,4,5
WBGene00012686.,4,51,55
WBGene00012688.,0,10,10
WBGene00012689.,0,8,8
WBGene00012690.,4,2,6
WBGene00012692.,464,4055,4519
WBGene00012693.,150,1572,1722
WBGene00012694.,106,1386,1492
WBGene00012695.,15,873,888
WBGene00012696.,16,212,228
WBGene00012697.,74,2753,2827
WBGene00012698.,12,294,306
WBGene00012699.,6,4,10
WBGene00012700.,6,117,123
WBGene00012701.,133,474,607
WBGene00012702.,11,30,41
WBGene00012703.,48,220,268
WBGene00012704.,54,265,319
WBGene00012705.,8,84,92
WBGene00012706.,1,0,1
WBGene00012707.,1,5,6
WBGene00012708.,1,9,10
WBGene00012709.,22,98,120
WBGene00012710.,11,591,602
WBGene00012711.,12,49,61
WBGene00012712.,115,326,441
WBGene00012713.,190,5107,5297
WBGene00012714.,117,3051,3168
WBGene00012715.,37,790,827
WBGene00012716.,3,187,190
WBGene00012717.,657,5873,6530
WBGene00012718.,361,209,570
WBGene00012719.,132,397,529
WBGene00012720.,4,7,11
WBGene00012721.,22,26,48
WBGene00012722.,166,2332,2498
WBGene00012723.,20,510,530
WBGene00012724.,1,3,4
WBGene00012725.,0,2,2
WBGene00012726.,5,6,11
WBGene00012727.,0,1,1
WBGene00012728.,11,217,228
WBGene00012729.,2,5,7
WBGene00012730.,645,1725,2370
WBGene00012731.,3,26,29
WBGene00012732.,311,691,1002
WBGene00012734.,366,761,1127
WBGene00012735.,688,1623,2311
WBGene00012738.,107,7380,7487
WBGene00012739.,1078,4749,5827
WBGene00012740.,97,1546,1643
WBGene00012741.,10,15,25
WBGene00012742.,0,2,2
WBGene00012743.,4,9,13
WBGene00012744.,144,209,353
WBGene00012745.,5,4,9
WBGene00012746.,0,0,0
WBGene00012747.,9,16,25
WBGene00012748.,1,21,22
WBGene00012749.,31,55,86
WBGene00012750.,167,245,412
WBGene00012752.,0,0,0
WBGene00012753.,33,797,830
WBGene00012754.,15,85,100
WBGene00012755.,36,415,451
WBGene00012756.,180,673,853
WBGene00012757.,22,452,474
WBGene00012758.,26,156,182
WBGene00012759.,169,3912,4081
WBGene00012760.,9175,1886,11061
WBGene00012761.,0,1,1
WBGene00012762.,130,3032,3162
WBGene00012763.,162,477,639
WBGene00012764.,0,259,259
WBGene00012765.,251,2565,2816
WBGene00012766.,63,3269,3332
WBGene00012767.,313,860,1173
WBGene00012768.,40,53532,53572
WBGene00012769.,398,3265,3663
WBGene00012770.,250,16,266
WBGene00012771.,0,2,2
WBGene00012772.,11,0,11
WBGene00012773.,7,0,7
WBGene00012775.,19,4,23
WBGene00012776.,67,229,296
WBGene00012777.,3,91,94
WBGene00012778.,28,366,394
WBGene00012779.,123,519,642
WBGene00012780.,14,56,70
WBGene00012781.,0,10,10
WBGene00012782.,20,238,258
WBGene00012783.,6,484,490
WBGene00012784.,6,5,11
WBGene00012785.,0,2,2
WBGene00012786.,1,33,34
WBGene00012787.,4,28,32
WBGene00012788.,37,5,42
WBGene00012789.,0,0,0
WBGene00012790.,0,0,0
WBGene00012791.,31,50,81
WBGene00012792.,2,4,6
WBGene00012793.,0,0,0
WBGene00012794.,72,1788,1860
WBGene00012795.,1,44,45
WBGene00012796.,53,350,403
WBGene00012798.,7,28,35
WBGene00012799.,2,38,40
WBGene00012802.,113,566,679
WBGene00012803.,42,3357,3399
WBGene00012804.,109,1162,1271
WBGene00012806.,34,463,497
WBGene00012807.,126,1544,1670
WBGene00012808.,1,43,44
WBGene00012809.,2,2,4
WBGene00012810.,0,3,3
WBGene00012811.,51,391,442
WBGene00012812.,379,9099,9478
WBGene00012813.,1892,13666,15558
WBGene00012814.,56,104,160
WBGene00012815.,17,161,178
WBGene00012816.,0,3,3
WBGene00012817.,5,12,17
WBGene00012818.,1,1,2
WBGene00012819.,24,239,263
WBGene00012820.,74,4,78
WBGene00012821.,70,870,940
WBGene00012822.,2,3,5
WBGene00012823.,3,5,8
WBGene00012824.,3,4,7
WBGene00012825.,138,769,907
WBGene00012826.,99,439,538
WBGene00012827.,1,4,5
WBGene00012828.,456,252,708
WBGene00012829.,373,2746,3119
WBGene00012830.,51,2280,2331
WBGene00012831.,3,9,12
WBGene00012832.,265,8,273
WBGene00012833.,37,562,599
WBGene00012834.,22,104,126
WBGene00012835.,41,234,275
WBGene00012836.,0,0,0
WBGene00012837.,0,6,6
WBGene00012838.,1,6,7
WBGene00012839.,0,1,1
WBGene00012840.,159,1028,1187
WBGene00012841.,0,1,1
WBGene00012844.,0,0,0
WBGene00012845.,103,164,267
WBGene00012846.,0,3,3
WBGene00012847.,5,6,11
WBGene00012848.,5,3,8
WBGene00012849.,3,4,7
WBGene00012850.,1345,8130,9475
WBGene00012851.,2,77,79
WBGene00012852.,769,149,918
WBGene00012853.,160,21683,21843
WBGene00012854.,204,2696,2900
WBGene00012855.,10,14,24
WBGene00012856.,27,79,106
WBGene00012857.,210,979,1189
WBGene00012858.,75,1012,1087
WBGene00012859.,27,109,136
WBGene00012860.,63,661,724
WBGene00012861.,45,1170,1215
WBGene00012862.,1,0,1
WBGene00012863.,30,209,239
WBGene00012864.,34,90,124
WBGene00012866.,31,104,135
WBGene00012867.,52,426,478
WBGene00012868.,616,1257,1873
WBGene00012869.,66,748,814
WBGene00012870.,0,4,4
WBGene00012871.,0,0,0
WBGene00012872.,0,4,4
WBGene00012873.,0,4,4
WBGene00012874.,0,0,0
WBGene00012875.,1251,14505,15756
WBGene00012876.,2,3,5
WBGene00012877.,1,0,1
WBGene00012878.,1,1,2
WBGene00012879.,4,149,153
WBGene00012880.,6,8,14
WBGene00012883.,19,281,300
WBGene00012885.,302,4070,4372
WBGene00012886.,9,63,72
WBGene00012887.,245,2147,2392
WBGene00012888.,41,725,766
WBGene00012889.,132,414,546
WBGene00012890.,71,395,466
WBGene00012891.,543,4165,4708
WBGene00012892.,8,16,24
WBGene00012893.,7,23,30
WBGene00012894.,1015,1404,2419
WBGene00012895.,231,891,1122
WBGene00012896.,112,4496,4608
WBGene00012897.,10,1455,1465
WBGene00012898.,3,31,34
WBGene00012899.,10,113,123
WBGene00012900.,0,92,92
WBGene00012901.,30,79,109
WBGene00012903.,259,3322,3581
WBGene00012904.,55,944,999
WBGene00012905.,3,8,11
WBGene00012906.,52,422,474
WBGene00012907.,2684,6088,8772
WBGene00012908.,271,1251,1522
WBGene00012909.,244,348,592
WBGene00012910.,4,16,20
WBGene00012911.,30,254,284
WBGene00012912.,2,5,7
WBGene00012913.,0,0,0
WBGene00012914.,3,19,22
WBGene00012915.,24,130,154
WBGene00012916.,0,2,2
WBGene00012917.,16,21,37
WBGene00012919.,10,17,27
WBGene00012920.,179,331,510
WBGene00012921.,0,150,150
WBGene00012922.,5,156,161
WBGene00012923.,22,202,224
WBGene00012924.,6,10,16
WBGene00012925.,0,0,0
WBGene00012926.,0,4,4
WBGene00012927.,46,417,463
WBGene00012928.,20,1528,1548
WBGene00012929.,534,3061,3595
WBGene00012930.,157,587,744
WBGene00012931.,121,1051,1172
WBGene00012932.,151,2750,2901
WBGene00012933.,0,96,96
WBGene00012934.,217,842,1059
WBGene00012935.,226,441,667
WBGene00012936.,233,1881,2114
WBGene00012937.,0,1,1
WBGene00012938.,149,229,378
WBGene00012939.,101,612,713
WBGene00012940.,16,18,34
WBGene00012941.,24,193,217
WBGene00012942.,3,592,595
WBGene00012943.,146,877,1023
WBGene00012945.,0,59,59
WBGene00012946.,9,2,11
WBGene00012947.,3,4,7
WBGene00012948.,205,322,527
WBGene00012950.,52,1095,1147
WBGene00012951.,204,1451,1655
WBGene00012952.,1,11,12
WBGene00012953.,10,217,227
WBGene00012954.,10,65,75
WBGene00012955.,0,4,4
WBGene00012956.,89,61,150
WBGene00012958.,2,5,7
WBGene00012959.,2,17,19
WBGene00012960.,325,2135,2460
WBGene00012961.,10,230,240
WBGene00012962.,22,138,160
WBGene00012964.,244,15690,15934
WBGene00012965.,0,16,16
WBGene00012966.,22,1173,1195
WBGene00012967.,88,135,223
WBGene00012968.,29,230,259
WBGene00012969.,0,12,12
WBGene00012970.,13,50,63
WBGene00012972.,129,1094,1223
WBGene00012973.,921,4577,5498
WBGene00012974.,62,25,87
WBGene00012975.,1330,322,1652
WBGene00012976.,68,310,378
WBGene00012977.,227,623,850
WBGene00012978.,367,3732,4099
WBGene00012979.,11,59,70
WBGene00012980.,1526,2482,4008
WBGene00012981.,2,12,14
WBGene00012982.,224,1219,1443
WBGene00012983.,309,3936,4245
WBGene00012984.,83,772,855
WBGene00012985.,14,7,21
WBGene00012987.,196,1364,1560
WBGene00012988.,308,1232,1540
WBGene00012989.,1150,1012,2162
WBGene00012990.,624,1982,2606
WBGene00012992.,198,2799,2997
WBGene00012993.,228,480,708
WBGene00012994.,166,728,894
WBGene00012995.,471,967,1438
WBGene00012996.,251,1382,1633
WBGene00012997.,24,718,742
WBGene00012998.,206,975,1181
WBGene00012999.,481,2948,3429
WBGene00013000.,785,380,1165
WBGene00013001.,397,915,1312
WBGene00013002.,600,1014,1614
WBGene00013004.,511,3611,4122
WBGene00013006.,313,576,889
WBGene00013007.,39,267,306
WBGene00013008.,69,734,803
WBGene00013009.,11,89,100
WBGene00013010.,0,0,0
WBGene00013011.,53,447,500
WBGene00013013.,65,952,1017
WBGene00013014.,198,900,1098
WBGene00013015.,147,600,747
WBGene00013017.,65,1899,1964
WBGene00013018.,30,1550,1580
WBGene00013019.,168,521,689
WBGene00013020.,210,2333,2543
WBGene00013021.,136,717,853
WBGene00013023.,44,183,227
WBGene00013024.,25,522,547
WBGene00013025.,20,8319,8339
WBGene00013026.,1,700,701
WBGene00013027.,23,546,569
WBGene00013028.,24,125,149
WBGene00013029.,115,2332,2447
WBGene00013030.,41,340,381
WBGene00013031.,0,16,16
WBGene00013032.,8,5,13
WBGene00013033.,8,2,10
WBGene00013034.,823,1405,2228
WBGene00013035.,32,128,160
WBGene00013036.,7,3,10
WBGene00013037.,28,137,165
WBGene00013038.,196,2136,2332
WBGene00013039.,297,1582,1879
WBGene00013040.,483,731,1214
WBGene00013041.,7,73,80
WBGene00013042.,214,1053,1267
WBGene00013043.,52,76,128
WBGene00013044.,12,2,14
WBGene00013045.,2,4,6
WBGene00013046.,22,345,367
WBGene00013047.,0,0,0
WBGene00013048.,11,411,422
WBGene00013049.,1,2,3
WBGene00013050.,6,1,7
WBGene00013051.,0,0,0
WBGene00013052.,3,12,15
WBGene00013053.,8,17,25
WBGene00013054.,2,17,19
WBGene00013055.,30,150,180
WBGene00013056.,4,11,15
WBGene00013058.,9,0,9
WBGene00013059.,0,0,0
WBGene00013060.,0,5,5
WBGene00013061.,0,1,1
WBGene00013062.,0,2,2
WBGene00013063.,0,0,0
WBGene00013064.,0,0,0
WBGene00013066.,6,7,13
WBGene00013067.,2,1,3
WBGene00013068.,3,12,15
WBGene00013069.,0,0,0
WBGene00013070.,0,4,4
WBGene00013071.,0,30,30
WBGene00013072.,14,19,33
WBGene00013073.,37,81,118
WBGene00013074.,24,879,903
WBGene00013075.,175,554,729
WBGene00013076.,9,11,20
WBGene00013077.,2568,29902,32470
WBGene00013078.,963,12690,13653
WBGene00013079.,1131,6569,7700
WBGene00013080.,163,519,682
WBGene00013081.,1459,36498,37957
WBGene00013082.,171,978,1149
WBGene00013083.,78,478,556
WBGene00013085.,0,40,40
WBGene00013086.,0,1,1
WBGene00013087.,0,12,12
WBGene00013088.,6,23,29
WBGene00013089.,0,0,0
WBGene00013090.,0,1,1
WBGene00013091.,2,2,4
WBGene00013093.,840,570,1410
WBGene00013094.,604,18701,19305
WBGene00013095.,250,864,1114
WBGene00013096.,464,1019,1483
WBGene00013098.,158,631,789
WBGene00013100.,3,10,13
WBGene00013101.,11,24,35
WBGene00013102.,0,1,1
WBGene00013103.,36,456,492
WBGene00013104.,151,2682,2833
WBGene00013105.,0,4,4
WBGene00013106.,92,1460,1552
WBGene00013107.,4,12,16
WBGene00013109.,36,3611,3647
WBGene00013111.,180,2024,2204
WBGene00013112.,0,0,0
WBGene00013113.,1,0,1
WBGene00013114.,8,0,8
WBGene00013116.,17,18,35
WBGene00013117.,0,0,0
WBGene00013118.,21,45,66
WBGene00013119.,59,66,125
WBGene00013120.,0,6,6
WBGene00013121.,3,1,4
WBGene00013122.,56,444,500
WBGene00013123.,288,675,963
WBGene00013124.,1672,1508,3180
WBGene00013125.,11,56,67
WBGene00013126.,13,2,15
WBGene00013127.,27,169,196
WBGene00013128.,153,1184,1337
WBGene00013129.,338,1782,2120
WBGene00013130.,0,12,12
WBGene00013131.,175,483,658
WBGene00013132.,94,717,811
WBGene00013134.,5,18,23
WBGene00013135.,63,827,890
WBGene00013136.,61,1174,1235
WBGene00013137.,67,648,715
WBGene00013138.,4,1,5
WBGene00013139.,77,809,886
WBGene00013140.,36,1121,1157
WBGene00013141.,16,55,71
WBGene00013142.,2,5,7
WBGene00013143.,16,1299,1315
WBGene00013144.,634,4088,4722
WBGene00013145.,6,56,62
WBGene00013146.,48,219,267
WBGene00013147.,0,50,50
WBGene00013148.,2,4,6
WBGene00013149.,41,27,68
WBGene00013150.,28,1459,1487
WBGene00013151.,91,1092,1183
WBGene00013152.,3,15,18
WBGene00013153.,1,45,46
WBGene00013154.,0,6,6
WBGene00013155.,2,6,8
WBGene00013156.,16,687,703
WBGene00013157.,0,8,8
WBGene00013158.,5,15,20
WBGene00013159.,79,221,300
WBGene00013160.,652,1200,1852
WBGene00013161.,483,1547,2030
WBGene00013162.,0,5,5
WBGene00013163.,50,9,59
WBGene00013164.,82,200,282
WBGene00013165.,8,18,26
WBGene00013166.,21,166,187
WBGene00013167.,422,414,836
WBGene00013168.,125,3458,3583
WBGene00013169.,21,292,313
WBGene00013170.,2,0,2
WBGene00013171.,77,61,138
WBGene00013172.,0,1,1
WBGene00013173.,35,166,201
WBGene00013175.,10,13,23
WBGene00013176.,74,1582,1656
WBGene00013177.,213,2299,2512
WBGene00013178.,97,926,1023
WBGene00013179.,7,7,14
WBGene00013180.,91,1023,1114
WBGene00013181.,2265,16680,18945
WBGene00013182.,3,1,4
WBGene00013184.,0,0,0
WBGene00013186.,3,6,9
WBGene00013187.,41,276,317
WBGene00013188.,45,283,328
WBGene00013189.,355,1003,1358
WBGene00013190.,5,22,27
WBGene00013192.,0,14,14
WBGene00013193.,61,584,645
WBGene00013194.,2,8,10
WBGene00013195.,24,190,214
WBGene00013196.,20,203,223
WBGene00013197.,29,208,237
WBGene00013198.,25,85,110
WBGene00013200.,450,6711,7161
WBGene00013201.,334,951,1285
WBGene00013202.,91,1064,1155
WBGene00013203.,74,745,819
WBGene00013204.,35,706,741
WBGene00013207.,7,12,19
WBGene00013208.,16,135,151
WBGene00013209.,82,1628,1710
WBGene00013210.,0,6358,6358
WBGene00013211.,63,661,724
WBGene00013212.,84,142,226
WBGene00013213.,177,2166,2343
WBGene00013214.,58,364,422
WBGene00013215.,12,183,195
WBGene00013216.,28,574,602
WBGene00013217.,146,1296,1442
WBGene00013218.,34,170,204
WBGene00013219.,62,3728,3790
WBGene00013220.,1,0,1
WBGene00013221.,13,49,62
WBGene00013222.,199,752,951
WBGene00013223.,337,2333,2670
WBGene00013224.,71,801,872
WBGene00013225.,226,1132,1358
WBGene00013226.,6,2,8
WBGene00013227.,15,60,75
WBGene00013228.,2316,3663,5979
WBGene00013230.,0,0,0
WBGene00013231.,30,433,463
WBGene00013232.,216,532,748
WBGene00013233.,0,10,10
WBGene00013234.,2,16,18
WBGene00013235.,7,189,196
WBGene00013236.,29,3059,3088
WBGene00013237.,133,9796,9929
WBGene00013238.,820,15499,16319
WBGene00013239.,182,1665,1847
WBGene00013240.,217,684,901
WBGene00013241.,76,680,756
WBGene00013242.,60,238,298
WBGene00013243.,124,460,584
WBGene00013244.,28,231,259
WBGene00013246.,36,108,144
WBGene00013247.,7,55,62
WBGene00013248.,23,103,126
WBGene00013249.,17,52,69
WBGene00013250.,3,57,60
WBGene00013251.,7,62,69
WBGene00013252.,7,64,71
WBGene00013253.,99,208,307
WBGene00013254.,2,6,8
WBGene00013255.,247,2794,3041
WBGene00013256.,99,1399,1498
WBGene00013257.,4,37,41
WBGene00013258.,587,339,926
WBGene00013259.,133,800,933
WBGene00013260.,22,1174,1196
WBGene00013261.,162,212,374
WBGene00013263.,30,4335,4365
WBGene00013264.,21,23,44
WBGene00013265.,156,585,741
WBGene00013266.,98,2088,2186
WBGene00013267.,189,1567,1756
WBGene00013268.,38,541,579
WBGene00013269.,8,2236,2244
WBGene00013270.,112,382,494
WBGene00013272.,50,147,197
WBGene00013273.,401,1286,1687
WBGene00013275.,67,2296,2363
WBGene00013276.,2,14,16
WBGene00013277.,3,4,7
WBGene00013278.,2,26,28
WBGene00013279.,0,2,2
WBGene00013280.,0,0,0
WBGene00013281.,5,20,25
WBGene00013282.,0,2,2
WBGene00013283.,1,7,8
WBGene00013284.,4,640,644
WBGene00013285.,9,44,53
WBGene00013286.,8,54,62
WBGene00013287.,223,258,481
WBGene00013288.,0,10,10
WBGene00013289.,975,3649,4624
WBGene00013290.,0,2,2
WBGene00013292.,177,1223,1400
WBGene00013293.,28,330,358
WBGene00013294.,5,16,21
WBGene00013295.,1,146,147
WBGene00013296.,0,3,3
WBGene00013297.,4,1,5
WBGene00013298.,3,51,54
WBGene00013299.,0,2,2
WBGene00013300.,6,6,12
WBGene00013301.,28,3238,3266
WBGene00013302.,29,675,704
WBGene00013303.,101,235,336
WBGene00013304.,21,48,69
WBGene00013305.,0,1,1
WBGene00013306.,2,27,29
WBGene00013307.,56,4040,4096
WBGene00013308.,0,1188,1188
WBGene00013310.,85,137,222
WBGene00013311.,112,21919,22031
WBGene00013312.,8,220,228
WBGene00013313.,5,13,18
WBGene00013315.,0,0,0
WBGene00013316.,0,0,0
WBGene00013317.,700,2408,3108
WBGene00013318.,8,3,11
WBGene00013319.,0,5,5
WBGene00013320.,0,1,1
WBGene00013321.,205,2023,2228
WBGene00013322.,37,190,227
WBGene00013323.,16,1474,1490
WBGene00013324.,269,4262,4531
WBGene00013325.,53,500,553
WBGene00013326.,345,798,1143
WBGene00013327.,341,2463,2804
WBGene00013328.,8,7,15
WBGene00013329.,5,100,105
WBGene00013330.,5,202,207
WBGene00013331.,33,67,100
WBGene00013332.,28,1005,1033
WBGene00013333.,16,70,86
WBGene00013334.,246,1761,2007
WBGene00013335.,67,349,416
WBGene00013336.,15,83,98
WBGene00013337.,1,2,3
WBGene00013338.,4,4,8
WBGene00013339.,212,815,1027
WBGene00013340.,368,5204,5572
WBGene00013341.,0,1,1
WBGene00013343.,727,3916,4643
WBGene00013344.,37,1536,1573
WBGene00013345.,68,187,255
WBGene00013347.,928,4642,5570
WBGene00013348.,11,126,137
WBGene00013349.,1,120,121
WBGene00013350.,278,576,854
WBGene00013351.,0,1,1
WBGene00013352.,279,2123,2402
WBGene00013353.,96,181,277
WBGene00013354.,612,2728,3340
WBGene00013355.,294,1828,2122
WBGene00013356.,0,4,4
WBGene00013357.,9,3,12
WBGene00013358.,67,475,542
WBGene00013359.,28,465,493
WBGene00013360.,391,6467,6858
WBGene00013361.,444,1474,1918
WBGene00013362.,74,198,272
WBGene00013363.,4,14,18
WBGene00013364.,6,16,22
WBGene00013365.,175,1935,2110
WBGene00013366.,763,2681,3444
WBGene00013367.,6,14,20
WBGene00013368.,15,31,46
WBGene00013369.,0,1,1
WBGene00013370.,0,3,3
WBGene00013371.,0,0,0
WBGene00013372.,0,1,1
WBGene00013373.,9,19,28
WBGene00013374.,0,0,0
WBGene00013375.,29,73,102
WBGene00013376.,99,803,902
WBGene00013378.,30,2446,2476
WBGene00013379.,500,2891,3391
WBGene00013380.,1,87,88
WBGene00013381.,10,53,63
WBGene00013382.,38,563,601
WBGene00013383.,20,85,105
WBGene00013385.,34,408,442
WBGene00013386.,0,5,5
WBGene00013387.,192,1275,1467
WBGene00013388.,1,7,8
WBGene00013389.,2,0,2
WBGene00013390.,0,1,1
WBGene00013391.,0,1,1
WBGene00013392.,0,5,5
WBGene00013393.,1,1,2
WBGene00013394.,0,1,1
WBGene00013395.,0,2,2
WBGene00013396.,6,0,6
WBGene00013397.,8,4,12
WBGene00013398.,3,10,13
WBGene00013399.,8,5,13
WBGene00013400.,4,4,8
WBGene00013401.,4,24,28
WBGene00013402.,15,134,149
WBGene00013403.,17,69,86
WBGene00013404.,5,176,181
WBGene00013405.,44,255,299
WBGene00013406.,666,11071,11737
WBGene00013407.,58,426,484
WBGene00013408.,1,19,20
WBGene00013409.,1,2,3
WBGene00013410.,2,30,32
WBGene00013411.,4,0,4
WBGene00013412.,1,14,15
WBGene00013415.,241,1291,1532
WBGene00013416.,242,771,1013
WBGene00013417.,49,66,115
WBGene00013418.,188,1781,1969
WBGene00013419.,24,50,74
WBGene00013421.,1,21,22
WBGene00013422.,143,899,1042
WBGene00013424.,6,16,22
WBGene00013425.,68,276,344
WBGene00013426.,25,397,422
WBGene00013427.,58,0,58
WBGene00013429.,5,6,11
WBGene00013431.,108,164,272
WBGene00013432.,8,79,87
WBGene00013433.,3,384,387
WBGene00013434.,128,1056,1184
WBGene00013435.,224,3343,3567
WBGene00013436.,137,1603,1740
WBGene00013437.,9,21,30
WBGene00013438.,5,553,558
WBGene00013439.,14,26,40
WBGene00013440.,18,98,116
WBGene00013441.,147,938,1085
WBGene00013442.,16,203,219
WBGene00013443.,105,243,348
WBGene00013445.,24,300,324
WBGene00013446.,343,953,1296
WBGene00013447.,219,778,997
WBGene00013448.,142,977,1119
WBGene00013449.,4,10,14
WBGene00013450.,4,15,19
WBGene00013451.,4,5,9
WBGene00013452.,2,4,6
WBGene00013453.,35,683,718
WBGene00013454.,0,1,1
WBGene00013455.,169,780,949
WBGene00013456.,65,495,560
WBGene00013457.,41,156,197
WBGene00013458.,99,1062,1161
WBGene00013459.,745,5427,6172
WBGene00013460.,446,1009,1455
WBGene00013461.,250,1603,1853
WBGene00013462.,186,2304,2490
WBGene00013463.,0,14180,14180
WBGene00013464.,102,598,700
WBGene00013465.,82,725,807
WBGene00013466.,1,3,4
WBGene00013467.,2,1,3
WBGene00013468.,2,1,3
WBGene00013469.,1,0,1
WBGene00013470.,4,4,8
WBGene00013471.,1,2,3
WBGene00013472.,0,1,1
WBGene00013473.,1,2,3
WBGene00013474.,0,12,12
WBGene00013475.,2,5,7
WBGene00013476.,0,3,3
WBGene00013477.,140,5181,5321
WBGene00013478.,2,3,5
WBGene00013479.,52,241,293
WBGene00013480.,31,6,37
WBGene00013481.,812,8248,9060
WBGene00013482.,80,825,905
WBGene00013483.,0,0,0
WBGene00013484.,29,10,39
WBGene00013485.,113,334,447
WBGene00013486.,35,31,66
WBGene00013487.,7,2,9
WBGene00013489.,43,10798,10841
WBGene00013490.,6,51,57
WBGene00013491.,0,0,0
WBGene00013492.,1,3,4
WBGene00013493.,0,6,6
WBGene00013494.,2,2,4
WBGene00013495.,8,0,8
WBGene00013496.,21,163,184
WBGene00013497.,45,236,281
WBGene00013498.,4,6,10
WBGene00013499.,117,529,646
WBGene00013500.,0,2,2
WBGene00013501.,0,14,14
WBGene00013502.,2,0,2
WBGene00013503.,17,0,17
WBGene00013505.,11,11,22
WBGene00013506.,190,321,511
WBGene00013507.,9,40,49
WBGene00013508.,0,8,8
WBGene00013509.,6,241,247
WBGene00013510.,106,72,178
WBGene00013511.,0,7,7
WBGene00013512.,22,28,50
WBGene00013513.,4,14,18
WBGene00013514.,2181,27964,30145
WBGene00013515.,465,5076,5541
WBGene00013516.,202,1757,1959
WBGene00013517.,33,43,76
WBGene00013518.,223,1004,1227
WBGene00013519.,1,3,4
WBGene00013520.,15,13,28
WBGene00013521.,0,0,0
WBGene00013522.,122,757,879
WBGene00013523.,0,0,0
WBGene00013524.,1,2,3
WBGene00013525.,4,8,12
WBGene00013526.,6,4,10
WBGene00013527.,4,1,5
WBGene00013528.,0,0,0
WBGene00013529.,214,895,1109
WBGene00013530.,279,1338,1617
WBGene00013531.,264,1744,2008
WBGene00013532.,12,1753,1765
WBGene00013534.,92,141,233
WBGene00013535.,5,91,96
WBGene00013536.,154,41,195
WBGene00013537.,11,9,20
WBGene00013538.,195,1000,1195
WBGene00013539.,27,109,136
WBGene00013540.,7,80,87
WBGene00013541.,21,65,86
WBGene00013542.,34,592,626
WBGene00013543.,141,541,682
WBGene00013544.,333,3694,4027
WBGene00013545.,368,1224,1592
WBGene00013547.,10,104,114
WBGene00013548.,47,428,475
WBGene00013549.,141,843,984
WBGene00013550.,57,2042,2099
WBGene00013551.,44,293,337
WBGene00013552.,10,311,321
WBGene00013553.,170,1688,1858
WBGene00013554.,81,328,409
WBGene00013555.,4,7,11
WBGene00013556.,118,785,903
WBGene00013557.,509,1691,2200
WBGene00013558.,91,898,989
WBGene00013559.,25,33,58
WBGene00013560.,62,297,359
WBGene00013561.,153,934,1087
WBGene00013562.,5,23,28
WBGene00013563.,62,41,103
WBGene00013564.,9,3,12
WBGene00013565.,0,0,0
WBGene00013566.,0,2,2
WBGene00013567.,2,103,105
WBGene00013568.,70,801,871
WBGene00013569.,9,393,402
WBGene00013570.,0,0,0
WBGene00013571.,0,0,0
WBGene00013572.,0,0,0
WBGene00013573.,62,58,120
WBGene00013574.,58,39,97
WBGene00013575.,46,771,817
WBGene00013576.,21,289,310
WBGene00013577.,1583,14165,15748
WBGene00013578.,48,221,269
WBGene00013579.,14,5,19
WBGene00013580.,926,1396,2322
WBGene00013581.,0,4,4
WBGene00013583.,2,3,5
WBGene00013584.,54,219,273
WBGene00013585.,29,399,428
WBGene00013586.,3,2,5
WBGene00013587.,40,106,146
WBGene00013588.,897,12855,13752
WBGene00013589.,0,14,14
WBGene00013590.,0,9,9
WBGene00013591.,50,913,963
WBGene00013592.,15,35,50
WBGene00013593.,135,963,1098
WBGene00013594.,126,204,330
WBGene00013595.,90,819,909
WBGene00013596.,49,899,948
WBGene00013597.,562,5755,6317
WBGene00013598.,102,1966,2068
WBGene00013599.,302,636,938
WBGene00013601.,91,707,798
WBGene00013602.,22,429,451
WBGene00013603.,373,3258,3631
WBGene00013604.,81,1188,1269
WBGene00013605.,149,1757,1906
WBGene00013606.,254,1658,1912
WBGene00013607.,1,4,5
WBGene00013608.,2,0,2
WBGene00013609.,1,16,17
WBGene00013610.,8,153,161
WBGene00013611.,4,84,88
WBGene00013612.,2,56,58
WBGene00013613.,1,7,8
WBGene00013614.,0,1,1
WBGene00013615.,1,1,2
WBGene00013616.,0,0,0
WBGene00013617.,0,0,0
WBGene00013618.,0,0,0
WBGene00013619.,0,0,0
WBGene00013620.,1,3,4
WBGene00013621.,2,2,4
WBGene00013622.,0,1,1
WBGene00013623.,31,314,345
WBGene00013624.,0,7,7
WBGene00013625.,0,3,3
WBGene00013626.,0,2,2
WBGene00013627.,1,0,1
WBGene00013628.,2,3,5
WBGene00013629.,4,3,7
WBGene00013631.,7,4,11
WBGene00013632.,220,401,621
WBGene00013633.,44,149,193
WBGene00013634.,14,34,48
WBGene00013635.,0,0,0
WBGene00013636.,0,0,0
WBGene00013637.,7,36,43
WBGene00013638.,228,1890,2118
WBGene00013639.,1182,646,1828
WBGene00013640.,111,19,130
WBGene00013642.,140,554,694
WBGene00013643.,10,19,29
WBGene00013644.,3,33,36
WBGene00013645.,3,3,6
WBGene00013646.,4,1,5
WBGene00013647.,257,2777,3034
WBGene00013648.,11,3,14
WBGene00013649.,11,10,21
WBGene00013650.,4,168,172
WBGene00013651.,13,9,22
WBGene00013652.,0,13,13
WBGene00013653.,1,16,17
WBGene00013654.,5,35,40
WBGene00013655.,10,12,22
WBGene00013656.,4,1,5
WBGene00013657.,0,0,0
WBGene00013658.,21,296,317
WBGene00013659.,1,41,42
WBGene00013661.,3,5,8
WBGene00013662.,23,153,176
WBGene00013665.,144,991,1135
WBGene00013666.,128,767,895
WBGene00013667.,157,965,1122
WBGene00013668.,127,1260,1387
WBGene00013669.,23,211,234
WBGene00013670.,321,1568,1889
WBGene00013671.,78,1482,1560
WBGene00013672.,62,132,194
WBGene00013673.,88,288,376
WBGene00013674.,79,673,752
WBGene00013676.,213,1722,1935
WBGene00013677.,395,2164,2559
WBGene00013678.,357,1581,1938
WBGene00013679.,179,1223,1402
WBGene00013680.,339,1016,1355
WBGene00013682.,1447,2017,3464
WBGene00013683.,234,2876,3110
WBGene00013684.,0,3,3
WBGene00013685.,16,61,77
WBGene00013687.,175,1122,1297
WBGene00013688.,335,3857,4192
WBGene00013689.,18,971,989
WBGene00013690.,56,1017,1073
WBGene00013691.,41,488,529
WBGene00013692.,136,1282,1418
WBGene00013693.,61,123,184
WBGene00013694.,60,853,913
WBGene00013695.,240,1601,1841
WBGene00013696.,0,4,4
WBGene00013697.,12,609,621
WBGene00013698.,22,393,415
WBGene00013699.,0,3,3
WBGene00013700.,4,39,43
WBGene00013701.,1,102,103
WBGene00013702.,114,574,688
WBGene00013703.,327,1287,1614
WBGene00013704.,42,250,292
WBGene00013705.,0,3,3
WBGene00013706.,0,15,15
WBGene00013707.,1,2,3
WBGene00013708.,9,360,369
WBGene00013709.,356,3001,3357
WBGene00013710.,1,44,45
WBGene00013711.,423,1245,1668
WBGene00013712.,0,2,2
WBGene00013713.,0,5,5
WBGene00013716.,5,86,91
WBGene00013717.,16,413,429
WBGene00013718.,46,1341,1387
WBGene00013719.,22,620,642
WBGene00013720.,4,713,717
WBGene00013721.,0,1,1
WBGene00013722.,0,0,0
WBGene00013723.,0,62,62
WBGene00013724.,56,443,499
WBGene00013725.,79,1066,1145
WBGene00013726.,84,722,806
WBGene00013727.,18,178,196
WBGene00013728.,42,596,638
WBGene00013729.,7,322,329
WBGene00013730.,747,2683,3430
WBGene00013732.,2154,1472,3626
WBGene00013734.,9,3882,3891
WBGene00013735.,1729,3376,5105
WBGene00013736.,56,1151,1207
WBGene00013737.,482,1192,1674
WBGene00013738.,208,1125,1333
WBGene00013739.,146,95,241
WBGene00013740.,29,1382,1411
WBGene00013741.,9,45,54
WBGene00013742.,86,163,249
WBGene00013744.,0,3,3
WBGene00013746.,195,402,597
WBGene00013747.,12,2,14
WBGene00013748.,89,712,801
WBGene00013749.,22,51,73
WBGene00013750.,2,10,12
WBGene00013751.,14,297,311
WBGene00013752.,447,660,1107
WBGene00013753.,60,670,730
WBGene00013754.,0,4,4
WBGene00013755.,1,31,32
WBGene00013756.,17,228,245
WBGene00013757.,0,10,10
WBGene00013758.,8,243,251
WBGene00013759.,1,0,1
WBGene00013760.,1,1,2
WBGene00013761.,7,159,166
WBGene00013762.,4,16,20
WBGene00013763.,4,36,40
WBGene00013764.,20,24,44
WBGene00013765.,125,1746,1871
WBGene00013766.,132,23128,23260
WBGene00013768.,163,551,714
WBGene00013770.,0,2,2
WBGene00013771.,6,7,13
WBGene00013772.,4,0,4
WBGene00013773.,0,12,12
WBGene00013774.,58,71,129
WBGene00013775.,1,13,14
WBGene00013776.,2,98,100
WBGene00013777.,2,2,4
WBGene00013778.,13,28,41
WBGene00013779.,3,35,38
WBGene00013781.,40,225,265
WBGene00013782.,66,243,309
WBGene00013783.,3,0,3
WBGene00013784.,2315,15878,18193
WBGene00013785.,6,2,8
WBGene00013786.,4,6,10
WBGene00013788.,0,1,1
WBGene00013789.,121,567,688
WBGene00013790.,101,758,859
WBGene00013791.,2,0,2
WBGene00013792.,147,245,392
WBGene00013794.,0,4,4
WBGene00013795.,0,0,0
WBGene00013796.,0,0,0
WBGene00013797.,0,0,0
WBGene00013798.,1,0,1
WBGene00013799.,4,20,24
WBGene00013800.,3,6,9
WBGene00013801.,3,14,17
WBGene00013802.,74,156,230
WBGene00013803.,322,2328,2650
WBGene00013804.,363,2801,3164
WBGene00013805.,555,4308,4863
WBGene00013806.,50,379,429
WBGene00013807.,395,889,1284
WBGene00013808.,306,1810,2116
WBGene00013809.,26,14,40
WBGene00013810.,0,1,1
WBGene00013811.,1,5,6
WBGene00013812.,37,125,162
WBGene00013814.,39,23,62
WBGene00013815.,0,7,7
WBGene00013816.,4,11,15
WBGene00013817.,20,77,97
WBGene00013819.,249,2180,2429
WBGene00013820.,8,13,21
WBGene00013821.,21,1,22
WBGene00013822.,3,7,10
WBGene00013823.,21,5,26
WBGene00013824.,2,9,11
WBGene00013825.,50,87,137
WBGene00013826.,3,24,27
WBGene00013827.,0,1,1
WBGene00013828.,26,1,27
WBGene00013829.,0,7,7
WBGene00013830.,3,20,23
WBGene00013831.,10,2,12
WBGene00013832.,2,13,15
WBGene00013833.,6,32,38
WBGene00013834.,2,5,7
WBGene00013835.,31,133,164
WBGene00013836.,2,34,36
WBGene00013837.,0,5,5
WBGene00013838.,6,188,194
WBGene00013839.,1,4,5
WBGene00013840.,0,3,3
WBGene00013841.,6,49,55
WBGene00013842.,15,84,99
WBGene00013843.,2,12,14
WBGene00013844.,6,5,11
WBGene00013845.,16,263,279
WBGene00013846.,9,17,26
WBGene00013847.,217,1227,1444
WBGene00013848.,157,520,677
WBGene00013849.,19,15,34
WBGene00013850.,96,125,221
WBGene00013852.,61,377,438
WBGene00013853.,3,1283,1286
WBGene00013854.,2,1,3
WBGene00013855.,92,894,986
WBGene00013856.,1,42,43
WBGene00013857.,111,457,568
WBGene00013858.,0,1,1
WBGene00013859.,624,10505,11129
WBGene00013860.,192,2091,2283
WBGene00013862.,4,353,357
WBGene00013863.,10,5,15
WBGene00013865.,3,25,28
WBGene00013866.,323,2976,3299
WBGene00013867.,72,206,278
WBGene00013868.,3,48,51
WBGene00013869.,206,1258,1464
WBGene00013870.,11,319,330
WBGene00013871.,7,21,28
WBGene00013872.,163,748,911
WBGene00013873.,15,16,31
WBGene00013874.,2,34,36
WBGene00013875.,5,17,22
WBGene00013876.,17,251,268
WBGene00013877.,93,850,943
WBGene00013878.,349,1923,2272
WBGene00013879.,8,32,40
WBGene00013880.,31,1605,1636
WBGene00013881.,38,486,524
WBGene00013882.,1146,9175,10321
WBGene00013883.,39,71,110
WBGene00013884.,2782,20709,23491
WBGene00013886.,8,22,30
WBGene00013887.,0,0,0
WBGene00013888.,0,0,0
WBGene00013889.,0,0,0
WBGene00013890.,0,0,0
WBGene00013891.,1,66,67
WBGene00013892.,115,2002,2117
WBGene00013893.,19,1255,1274
WBGene00013894.,70,643,713
WBGene00013895.,35,336,371
WBGene00013896.,100,655,755
WBGene00013897.,39,1305,1344
WBGene00013898.,201,3006,3207
WBGene00013899.,40,963,1003
WBGene00013900.,4,46,50
WBGene00013901.,8,223,231
WBGene00013902.,24,47,71
WBGene00013903.,0,13,13
WBGene00013904.,10,18,28
WBGene00013905.,0,15,15
WBGene00013906.,7,89,96
WBGene00013907.,3,29,32
WBGene00013908.,2,5,7
WBGene00013909.,1,8,9
WBGene00013910.,0,2,2
WBGene00013911.,10,28,38
WBGene00013912.,6,9,15
WBGene00013913.,7,6,13
WBGene00013914.,50,121,171
WBGene00013915.,6,1,7
WBGene00013916.,7,5,12
WBGene00013917.,38,541,579
WBGene00013918.,0,0,0
WBGene00013919.,257,1546,1803
WBGene00013920.,64,2224,2288
WBGene00013921.,139,757,896
WBGene00013923.,11,144,155
WBGene00013924.,176,3860,4036
WBGene00013925.,55,991,1046
WBGene00013926.,3,213,216
WBGene00013927.,0,3,3
WBGene00013928.,5,1,6
WBGene00013929.,6,22,28
WBGene00013930.,1,0,1
WBGene00013931.,5,0,5
WBGene00013932.,0,1,1
WBGene00013933.,5,13,18
WBGene00013934.,556,2383,2939
WBGene00013935.,0,1,1
WBGene00013937.,0,4,4
WBGene00013938.,35,589,624
WBGene00013939.,1,66,67
WBGene00013940.,1,1,2
WBGene00013941.,1,3,4
WBGene00013942.,1,3,4
WBGene00013943.,0,5,5
WBGene00013944.,0,3,3
WBGene00013946.,93,268,361
WBGene00013947.,26,294,320
WBGene00013948.,0,0,0
WBGene00013949.,56,373,429
WBGene00013950.,86,442,528
WBGene00013951.,2,5,7
WBGene00013953.,4,0,4
WBGene00013954.,0,5,5
WBGene00013955.,135,37,172
WBGene00013956.,0,5,5
WBGene00013957.,205,413,618
WBGene00013958.,204,3831,4035
WBGene00013959.,137,1051,1188
WBGene00013960.,51,248,299
WBGene00013961.,0,3,3
WBGene00013962.,212,2252,2464
WBGene00013963.,7,256,263
WBGene00013964.,11,916,927
WBGene00013965.,12,36,48
WBGene00013966.,25,561,586
WBGene00013967.,49,452,501
WBGene00013968.,4,17,21
WBGene00013969.,220,2635,2855
WBGene00013970.,128,621,749
WBGene00013971.,0,0,0
WBGene00013972.,1,0,1
WBGene00013973.,0,0,0
WBGene00013974.,33,44,77
WBGene00013975.,13,108,121
WBGene00013976.,15,23,38
WBGene00013978.,0,0,0
WBGene00013979.,1,3,4
WBGene00013980.,37,193,230
WBGene00013982.,20,209,229
WBGene00013983.,49,2829,2878
WBGene00013984.,880,2949,3829
WBGene00013985.,76,1236,1312
WBGene00013986.,1,10,11
WBGene00013987.,5,19,24
WBGene00013988.,2,4,6
WBGene00013989.,51,720,771
WBGene00013993.,0,0,0
WBGene00013994.,91,735,826
WBGene00013995.,5,7,12
WBGene00013996.,9,31,40
WBGene00013997.,316,2772,3088
WBGene00013998.,23,510,533
WBGene00013999.,4,4,8
WBGene00014000.,15,276,291
WBGene00014001.,113,2445,2558
WBGene00014002.,16,102,118
WBGene00014003.,29,4752,4781
WBGene00014004.,192,1437,1629
WBGene00014005.,3,10,13
WBGene00014006.,9,2589,2598
WBGene00014007.,1,12,13
WBGene00014008.,15,318,333
WBGene00014009.,9,344,353
WBGene00014011.,24,1616,1640
WBGene00014012.,51,1887,1938
WBGene00014013.,96,2796,2892
WBGene00014014.,79,437,516
WBGene00014015.,93,1707,1800
WBGene00014016.,1042,15231,16273
WBGene00014017.,151,2967,3118
WBGene00014018.,205,1247,1452
WBGene00014019.,122,1139,1261
WBGene00014020.,43,866,909
WBGene00014021.,263,1076,1339
WBGene00014022.,395,5762,6157
WBGene00014023.,163,518,681
WBGene00014024.,61,277,338
WBGene00014025.,124,2537,2661
WBGene00014026.,0,0,0
WBGene00014027.,29,179,208
WBGene00014028.,48,384,432
WBGene00014029.,2,8,10
WBGene00014030.,51,6050,6101
WBGene00014031.,42,1869,1911
WBGene00014032.,1,3,4
WBGene00014033.,119,619,738
WBGene00014034.,4,382,386
WBGene00014035.,93,536,629
WBGene00014036.,747,2848,3595
WBGene00014037.,1630,1,1631
WBGene00014039.,31,376,407
WBGene00014040.,0,3,3
WBGene00014041.,0,0,0
WBGene00014042.,0,2,2
WBGene00014043.,1,7,8
WBGene00014044.,0,3,3
WBGene00014045.,0,1,1
WBGene00014046.,0,2,2
WBGene00014047.,8,6,14
WBGene00014048.,5,8,13
WBGene00014049.,1,2,3
WBGene00014050.,0,3,3
WBGene00014051.,410,1647,2057
WBGene00014052.,7,75,82
WBGene00014053.,5,30,35
WBGene00014054.,153,6040,6193
WBGene00014055.,145,1338,1483
WBGene00014057.,28,298,326
WBGene00014058.,144,1581,1725
WBGene00014060.,23,147,170
WBGene00014061.,0,0,0
WBGene00014062.,1,3,4
WBGene00014063.,3,11,14
WBGene00014064.,0,2,2
WBGene00014065.,102,93,195
WBGene00014066.,55,566,621
WBGene00014067.,1,112,113
WBGene00014068.,4,15,19
WBGene00014069.,0,9,9
WBGene00014070.,33,1,34
WBGene00014073.,12,87,99
WBGene00014074.,87,542,629
WBGene00014075.,160,1571,1731
WBGene00014076.,124,546,670
WBGene00014077.,30,122,152
WBGene00014078.,256,2976,3232
WBGene00014079.,42,478,520
WBGene00014080.,54,454,508
WBGene00014081.,67,528,595
WBGene00014082.,9,13,22
WBGene00014083.,148,2512,2660
WBGene00014084.,0,1,1
WBGene00014085.,11,70,81
WBGene00014086.,1625,15533,17158
WBGene00014087.,65,1389,1454
WBGene00014088.,873,32976,33849
WBGene00014089.,15,42,57
WBGene00014090.,37,1328,1365
WBGene00014091.,1100,26945,28045
WBGene00014092.,627,6180,6807
WBGene00014093.,66,183,249
WBGene00014094.,22,146,168
WBGene00014095.,161,39188,39349
WBGene00014096.,20,3836,3856
WBGene00014097.,3,45,48
WBGene00014098.,222,2694,2916
WBGene00014099.,23,262,285
WBGene00014100.,15,46,61
WBGene00014101.,209,692,901
WBGene00014102.,0,7,7
WBGene00014103.,24,45,69
WBGene00014104.,1,0,1
WBGene00014105.,12,33,45
WBGene00014106.,127,607,734
WBGene00014107.,63,843,906
WBGene00014108.,534,18827,19361
WBGene00014109.,75,3123,3198
WBGene00014111.,29,786,815
WBGene00014112.,77,1694,1771
WBGene00014113.,7,230,237
WBGene00014114.,61,749,810
WBGene00014115.,148,2074,2222
WBGene00014116.,9,16,25
WBGene00014117.,1,45,46
WBGene00014118.,103,643,746
WBGene00014119.,210,1127,1337
WBGene00014120.,0,432,432
WBGene00014121.,21,35,56
WBGene00014122.,57,160,217
WBGene00014123.,16,1096,1112
WBGene00014124.,32,945,977
WBGene00014125.,20,855,875
WBGene00014126.,0,0,0
WBGene00014127.,2,3,5
WBGene00014128.,0,1,1
WBGene00014129.,0,0,0
WBGene00014130.,0,3,3
WBGene00014131.,0,29,29
WBGene00014132.,4,7,11
WBGene00014134.,2,13,15
WBGene00014135.,3,11,14
WBGene00014136.,10,53,63
WBGene00014137.,10,167,177
WBGene00014138.,27,93,120
WBGene00014139.,210,362,572
WBGene00014140.,576,501,1077
WBGene00014141.,11,124,135
WBGene00014142.,7,18,25
WBGene00014143.,0,1,1
WBGene00014144.,0,2,2
WBGene00014145.,24,152,176
WBGene00014147.,0,0,0
WBGene00014148.,169,2592,2761
WBGene00014149.,2,12,14
WBGene00014150.,71,507,578
WBGene00014151.,109,1010,1119
WBGene00014152.,12,34,46
WBGene00014153.,52,1321,1373
WBGene00014154.,1,16,17
WBGene00014155.,13,42,55
WBGene00014156.,93,1454,1547
WBGene00014157.,0,1,1
WBGene00014158.,1,2,3
WBGene00014159.,5,660,665
WBGene00014160.,5,59,64
WBGene00014161.,4,35,39
WBGene00014162.,0,6,6
WBGene00014163.,0,136,136
WBGene00014164.,26,303,329
WBGene00014165.,455,10458,10913
WBGene00014166.,15,96,111
WBGene00014168.,1,0,1
WBGene00014169.,0,10,10
WBGene00014170.,0,22,22
WBGene00014171.,1435,4327,5762
WBGene00014172.,150,1039,1189
WBGene00014173.,24,295,319
WBGene00014174.,0,6,6
WBGene00014175.,109,915,1024
WBGene00014176.,85,1003,1088
WBGene00014177.,73,1575,1648
WBGene00014178.,20,103,123
WBGene00014179.,4,1,5
WBGene00014180.,4,2,6
WBGene00014181.,16,124,140
WBGene00014182.,0,0,0
WBGene00014183.,36,4494,4530
WBGene00014184.,8,40,48
WBGene00014185.,0,3,3
WBGene00014186.,0,1,1
WBGene00014188.,0,0,0
WBGene00014189.,3,40,43
WBGene00014190.,0,0,0
WBGene00014191.,6,2,8
WBGene00014192.,2,2,4
WBGene00014193.,1,6,7
WBGene00014194.,0,1,1
WBGene00014195.,10,26,36
WBGene00014196.,4,36,40
WBGene00014197.,2,4,6
WBGene00014198.,4,146,150
WBGene00014199.,3,11,14
WBGene00014200.,2,79,81
WBGene00014201.,0,0,0
WBGene00014202.,216,4522,4738
WBGene00014203.,19,223,242
WBGene00014204.,60,5570,5630
WBGene00014205.,29,548,577
WBGene00014206.,15,419,434
WBGene00014207.,303,5368,5671
WBGene00014208.,72,1030,1102
WBGene00014209.,85,1010,1095
WBGene00014210.,16,162,178
WBGene00014213.,249,4379,4628
WBGene00014214.,565,1423,1988
WBGene00014215.,208,823,1031
WBGene00014216.,2,0,2
WBGene00014217.,2,3,5
WBGene00014218.,178,3862,4040
WBGene00014219.,57,887,944
WBGene00014220.,45,388,433
WBGene00014221.,62,1396,1458
WBGene00014222.,124,820,944
WBGene00014223.,89,104,193
WBGene00014224.,215,3880,4095
WBGene00014225.,6,24,30
WBGene00014226.,0,87,87
WBGene00014227.,122,1050,1172
WBGene00014228.,5,496,501
WBGene00014229.,5,5,10
WBGene00014230.,27,561,588
WBGene00014232.,177,2067,2244
WBGene00014233.,36,742,778
WBGene00014234.,12,1241,1253
WBGene00014235.,7,59,66
WBGene00014236.,0,5,5
WBGene00014238.,2,1,3
WBGene00014239.,1,2,3
WBGene00014240.,0,0,0
WBGene00014241.,0,2,2
WBGene00014242.,0,0,0
WBGene00014243.,149,2134,2283
WBGene00014244.,22,690,712
WBGene00014245.,2,15,17
WBGene00014246.,0,3,3
WBGene00014247.,0,2,2
WBGene00014248.,123,595,718
WBGene00014249.,84,3869,3953
WBGene00014250.,18,727,745
WBGene00014251.,60,849,909
WBGene00014252.,32,290,322
WBGene00014253.,32,291,323
WBGene00014254.,19,251,270
WBGene00014255.,0,156,156
WBGene00014256.,15,298,313
WBGene00014258.,231,4131,4362
WBGene00014259.,160,2344,2504
WBGene00014260.,39,43,82
WBGene00014261.,795,1743,2538
WBGene00014262.,826,10796,11622
WBGene00014263.,0,0,0
WBGene00014264.,0,0,0
WBGene00014265.,0,0,0
WBGene00014266.,0,0,0
WBGene00014267.,0,0,0
WBGene00014268.,0,0,0
WBGene00014269.,0,0,0
WBGene00014270.,0,0,0
WBGene00014271.,0,0,0
WBGene00014272.,0,1,1
WBGene00014273.,0,0,0
WBGene00014274.,0,0,0
WBGene00014275.,0,0,0
WBGene00014276.,0,0,0
WBGene00014277.,0,0,0
WBGene00014278.,0,0,0
WBGene00014279.,0,1,1
WBGene00014280.,0,0,0
WBGene00014281.,0,0,0
WBGene00014282.,0,0,0
WBGene00014283.,0,0,0
WBGene00014284.,0,0,0
WBGene00014285.,0,0,0
WBGene00014286.,0,0,0
WBGene00014287.,0,0,0
WBGene00014288.,0,0,0
WBGene00014289.,0,1,1
WBGene00014290.,0,0,0
WBGene00014291.,0,48,48
WBGene00014292.,0,0,0
WBGene00014293.,0,0,0
WBGene00014294.,1612,6773,8385
WBGene00014295.,0,0,0
WBGene00014296.,0,2,2
WBGene00014297.,0,1,1
WBGene00014298.,0,0,0
WBGene00014299.,0,0,0
WBGene00014300.,72,283,355
WBGene00014301.,0,0,0
WBGene00014302.,0,0,0
WBGene00014303.,0,0,0
WBGene00014304.,0,0,0
WBGene00014305.,0,0,0
WBGene00014306.,0,0,0
WBGene00014307.,4238,59998,64236
WBGene00014308.,45,11996,12041
WBGene00014309.,6086,70525,76611
WBGene00014310.,0,0,0
WBGene00014311.,0,0,0
WBGene00014312.,0,0,0
WBGene00014313.,0,0,0
WBGene00014314.,0,0,0
WBGene00014315.,0,0,0
WBGene00014316.,0,0,0
WBGene00014317.,0,38,38
WBGene00014318.,0,0,0
WBGene00014319.,0,0,0
WBGene00014320.,0,6,6
WBGene00014321.,0,0,0
WBGene00014322.,0,4,4
WBGene00014323.,0,0,0
WBGene00014324.,0,0,0
WBGene00014325.,0,0,0
WBGene00014326.,0,0,0
WBGene00014327.,0,3,3
WBGene00014328.,0,3,3
WBGene00014329.,0,8,8
WBGene00014330.,0,0,0
WBGene00014331.,0,0,0
WBGene00014332.,0,1,1
WBGene00014333.,0,0,0
WBGene00014334.,0,0,0
WBGene00014335.,0,0,0
WBGene00014336.,0,0,0
WBGene00014337.,0,1,1
WBGene00014338.,0,0,0
WBGene00014339.,0,0,0
WBGene00014340.,0,1,1
WBGene00014341.,0,0,0
WBGene00014342.,0,0,0
WBGene00014343.,0,0,0
WBGene00014344.,0,0,0
WBGene00014345.,0,0,0
WBGene00014346.,0,1,1
WBGene00014347.,0,1,1
WBGene00014348.,0,1,1
WBGene00014349.,0,6,6
WBGene00014350.,0,4,4
WBGene00014351.,0,0,0
WBGene00014352.,0,0,0
WBGene00014353.,0,0,0
WBGene00014354.,0,0,0
WBGene00014355.,0,0,0
WBGene00014356.,0,0,0
WBGene00014357.,0,0,0
WBGene00014358.,0,0,0
WBGene00014359.,0,0,0
WBGene00014360.,0,0,0
WBGene00014361.,0,0,0
WBGene00014362.,0,0,0
WBGene00014363.,0,0,0
WBGene00014364.,0,0,0
WBGene00014365.,0,0,0
WBGene00014366.,0,0,0
WBGene00014367.,0,0,0
WBGene00014368.,0,0,0
WBGene00014369.,0,0,0
WBGene00014370.,0,2,2
WBGene00014371.,0,25,25
WBGene00014372.,0,1,1
WBGene00014373.,0,0,0
WBGene00014374.,0,0,0
WBGene00014375.,5,2,7
WBGene00014376.,0,0,0
WBGene00014377.,0,0,0
WBGene00014378.,0,0,0
WBGene00014379.,0,0,0
WBGene00014380.,0,0,0
WBGene00014381.,0,0,0
WBGene00014382.,0,2,2
WBGene00014384.,0,0,0
WBGene00014385.,0,8,8
WBGene00014386.,0,0,0
WBGene00014387.,0,0,0
WBGene00014388.,0,0,0
WBGene00014389.,0,0,0
WBGene00014390.,0,0,0
WBGene00014391.,0,0,0
WBGene00014392.,0,0,0
WBGene00014393.,0,0,0
WBGene00014394.,0,15,15
WBGene00014395.,0,2,2
WBGene00014396.,0,0,0
WBGene00014397.,0,0,0
WBGene00014398.,0,0,0
WBGene00014399.,0,0,0
WBGene00014400.,0,1,1
WBGene00014401.,0,0,0
WBGene00014402.,0,1,1
WBGene00014403.,0,0,0
WBGene00014404.,0,0,0
WBGene00014405.,0,8,8
WBGene00014406.,0,0,0
WBGene00014407.,0,0,0
WBGene00014408.,0,0,0
WBGene00014409.,0,1,1
WBGene00014410.,0,0,0
WBGene00014411.,0,0,0
WBGene00014413.,0,0,0
WBGene00014414.,0,0,0
WBGene00014415.,0,0,0
WBGene00014416.,0,0,0
WBGene00014417.,0,10,10
WBGene00014418.,0,0,0
WBGene00014419.,0,0,0
WBGene00014420.,0,2,2
WBGene00014421.,0,3,3
WBGene00014422.,0,0,0
WBGene00014423.,0,0,0
WBGene00014424.,0,0,0
WBGene00014425.,0,0,0
WBGene00014426.,0,0,0
WBGene00014427.,0,0,0
WBGene00014428.,0,16,16
WBGene00014429.,0,0,0
WBGene00014430.,0,0,0
WBGene00014431.,0,0,0
WBGene00014432.,0,0,0
WBGene00014433.,0,0,0
WBGene00014434.,0,0,0
WBGene00014435.,0,0,0
WBGene00014436.,0,0,0
WBGene00014437.,0,0,0
WBGene00014438.,0,0,0
WBGene00014439.,0,11,11
WBGene00014440.,0,0,0
WBGene00014441.,0,0,0
WBGene00014442.,0,0,0
WBGene00014443.,0,0,0
WBGene00014444.,0,0,0
WBGene00014445.,0,0,0
WBGene00014446.,0,0,0
WBGene00014447.,0,0,0
WBGene00014448.,0,0,0
WBGene00014449.,0,0,0
WBGene00014450.,0,63,63
WBGene00014451.,0,70,70
WBGene00014452.,0,174,174
WBGene00014453.,0,47,47
WBGene00014454.,0,464808,464808
WBGene00014455.,0,33,33
WBGene00014456.,0,64,64
WBGene00014457.,0,952,952
WBGene00014458.,0,13,13
WBGene00014459.,0,310,310
WBGene00014460.,0,90,90
WBGene00014461.,0,46,46
WBGene00014462.,0,618,618
WBGene00014463.,0,42,42
WBGene00014464.,0,7,7
WBGene00014465.,0,26,26
WBGene00014466.,0,831,831
WBGene00014467.,0,158,158
WBGene00014468.,0,40,40
WBGene00014469.,0,28,28
WBGene00014470.,0,240,240
WBGene00014471.,0,50,50
WBGene00014472.,0,195947,195947
WBGene00014473.,0,5620,5620
WBGene00014474.,0,0,0
WBGene00014475.,0,0,0
WBGene00014476.,0,9,9
WBGene00014477.,0,1,1
WBGene00014478.,0,0,0
WBGene00014479.,0,0,0
WBGene00014480.,0,0,0
WBGene00014481.,0,0,0
WBGene00014482.,0,0,0
WBGene00014483.,0,0,0
WBGene00014484.,0,0,0
WBGene00014485.,0,0,0
WBGene00014486.,2,2,4
WBGene00014487.,0,0,0
WBGene00014488.,0,0,0
WBGene00014489.,0,0,0
WBGene00014490.,0,0,0
WBGene00014491.,0,0,0
WBGene00014493.,0,0,0
WBGene00014494.,0,0,0
WBGene00014495.,0,0,0
WBGene00014496.,0,0,0
WBGene00014497.,0,0,0
WBGene00014498.,0,0,0
WBGene00014499.,0,0,0
WBGene00014500.,0,10,10
WBGene00014501.,0,0,0
WBGene00014502.,0,0,0
WBGene00014503.,0,0,0
WBGene00014504.,0,0,0
WBGene00014505.,0,44102,44102
WBGene00014506.,0,0,0
WBGene00014507.,0,0,0
WBGene00014508.,0,0,0
WBGene00014509.,0,0,0
WBGene00014510.,0,0,0
WBGene00014511.,0,4,4
WBGene00014512.,0,0,0
WBGene00014513.,0,0,0
WBGene00014514.,0,0,0
WBGene00014515.,0,0,0
WBGene00014516.,0,0,0
WBGene00014517.,0,0,0
WBGene00014518.,0,0,0
WBGene00014519.,0,1,1
WBGene00014520.,0,1,1
WBGene00014521.,0,0,0
WBGene00014522.,0,0,0
WBGene00014523.,0,0,0
WBGene00014524.,0,0,0
WBGene00014525.,0,0,0
WBGene00014526.,0,0,0
WBGene00014527.,0,0,0
WBGene00014528.,0,0,0
WBGene00014529.,0,0,0
WBGene00014530.,0,0,0
WBGene00014531.,0,0,0
WBGene00014532.,0,0,0
WBGene00014533.,0,4,4
WBGene00014534.,0,6,6
WBGene00014535.,0,1,1
WBGene00014536.,0,1,1
WBGene00014537.,0,1,1
WBGene00014538.,0,1,1
WBGene00014539.,0,0,0
WBGene00014540.,0,1,1
WBGene00014541.,0,0,0
WBGene00014542.,0,113,113
WBGene00014543.,0,0,0
WBGene00014544.,0,0,0
WBGene00014545.,0,0,0
WBGene00014546.,0,0,0
WBGene00014547.,0,0,0
WBGene00014548.,0,0,0
WBGene00014549.,0,0,0
WBGene00014550.,0,0,0
WBGene00014551.,0,0,0
WBGene00014552.,0,0,0
WBGene00014553.,0,0,0
WBGene00014554.,0,41,41
WBGene00014555.,0,0,0
WBGene00014556.,0,0,0
WBGene00014557.,0,0,0
WBGene00014558.,0,0,0
WBGene00014559.,0,0,0
WBGene00014560.,0,0,0
WBGene00014561.,0,0,0
WBGene00014562.,30,352,382
WBGene00014563.,0,0,0
WBGene00014564.,0,0,0
WBGene00014565.,0,0,0
WBGene00014566.,0,0,0
WBGene00014567.,0,0,0
WBGene00014568.,0,0,0
WBGene00014569.,318,1083,1401
WBGene00014570.,0,0,0
WBGene00014571.,0,0,0
WBGene00014572.,0,1,1
WBGene00014573.,0,0,0
WBGene00014574.,0,0,0
WBGene00014575.,0,0,0
WBGene00014576.,6,125,131
WBGene00014577.,0,16,16
WBGene00014578.,0,0,0
WBGene00014579.,0,0,0
WBGene00014580.,0,0,0
WBGene00014581.,0,0,0
WBGene00014582.,0,2,2
WBGene00014583.,0,0,0
WBGene00014584.,0,0,0
WBGene00014585.,0,0,0
WBGene00014586.,0,0,0
WBGene00014587.,0,0,0
WBGene00014588.,0,0,0
WBGene00014589.,0,11,11
WBGene00014590.,0,0,0
WBGene00014591.,0,0,0
WBGene00014592.,0,0,0
WBGene00014593.,0,0,0
WBGene00014594.,0,0,0
WBGene00014595.,0,0,0
WBGene00014596.,0,7,7
WBGene00014597.,0,0,0
WBGene00014598.,0,0,0
WBGene00014599.,0,3,3
WBGene00014600.,0,0,0
WBGene00014601.,0,0,0
WBGene00014602.,0,0,0
WBGene00014603.,0,0,0
WBGene00014604.,0,0,0
WBGene00014605.,0,8,8
WBGene00014606.,0,0,0
WBGene00014607.,0,0,0
WBGene00014608.,0,0,0
WBGene00014609.,0,0,0
WBGene00014610.,0,0,0
WBGene00014611.,0,0,0
WBGene00014612.,0,0,0
WBGene00014613.,171,809,980
WBGene00014614.,0,1,1
WBGene00014615.,4,3,7
WBGene00014616.,0,0,0
WBGene00014617.,0,0,0
WBGene00014618.,0,0,0
WBGene00014619.,0,0,0
WBGene00014620.,0,0,0
WBGene00014621.,0,0,0
WBGene00014622.,0,5,5
WBGene00014623.,0,0,0
WBGene00014624.,0,0,0
WBGene00014625.,0,0,0
WBGene00014626.,0,0,0
WBGene00014627.,0,0,0
WBGene00014628.,0,0,0
WBGene00014629.,0,0,0
WBGene00014630.,3,0,3
WBGene00014631.,0,0,0
WBGene00014632.,0,0,0
WBGene00014633.,0,0,0
WBGene00014634.,0,0,0
WBGene00014635.,0,0,0
WBGene00014636.,0,0,0
WBGene00014637.,0,0,0
WBGene00014638.,0,0,0
WBGene00014639.,0,0,0
WBGene00014640.,0,0,0
WBGene00014641.,1,5,6
WBGene00014643.,0,50,50
WBGene00014644.,0,0,0
WBGene00014645.,0,0,0
WBGene00014646.,0,0,0
WBGene00014647.,0,0,0
WBGene00014648.,0,0,0
WBGene00014649.,0,1,1
WBGene00014650.,0,0,0
WBGene00014651.,0,0,0
WBGene00014652.,0,0,0
WBGene00014653.,0,0,0
WBGene00014654.,0,0,0
WBGene00014655.,0,0,0
WBGene00014656.,0,0,0
WBGene00014657.,0,4,4
WBGene00014658.,0,0,0
WBGene00014659.,0,1,1
WBGene00014660.,0,1,1
WBGene00014663.,0,90,90
WBGene00014664.,0,1,1
WBGene00014665.,0,0,0
WBGene00014666.,13,64,77
WBGene00014667.,5,14,19
WBGene00014668.,3,9,12
WBGene00014669.,8,132,140
WBGene00014670.,0,0,0
WBGene00014671.,0,1,1
WBGene00014672.,0,32,32
WBGene00014673.,0,0,0
WBGene00014674.,0,14,14
WBGene00014675.,0,0,0
WBGene00014676.,0,0,0
WBGene00014677.,0,0,0
WBGene00014678.,1,2,3
WBGene00014679.,0,1,1
WBGene00014681.,0,1,1
WBGene00014682.,0,0,0
WBGene00014683.,0,0,0
WBGene00014684.,0,0,0
WBGene00014685.,0,0,0
WBGene00014686.,0,3,3
WBGene00014689.,0,2,2
WBGene00014691.,0,0,0
WBGene00014692.,0,0,0
WBGene00014693.,0,2,2
WBGene00014694.,0,14,14
WBGene00014695.,0,0,0
WBGene00014696.,0,0,0
WBGene00014697.,189,1782,1971
WBGene00014698.,12,200,212
WBGene00014699.,0,0,0
WBGene00014700.,0,2,2
WBGene00014701.,0,14,14
WBGene00014702.,0,15,15
WBGene00014703.,0,1,1
WBGene00014704.,0,1,1
WBGene00014705.,0,3,3
WBGene00014706.,0,1,1
WBGene00014707.,0,6,6
WBGene00014708.,0,0,0
WBGene00014710.,1,9,10
WBGene00014711.,0,3,3
WBGene00014714.,0,6,6
WBGene00014715.,0,0,0
WBGene00014716.,0,0,0
WBGene00014717.,0,0,0
WBGene00014718.,0,0,0
WBGene00014719.,0,0,0
WBGene00014720.,0,0,0
WBGene00014721.,0,0,0
WBGene00014722.,2,2,4
WBGene00014723.,2,2,4
WBGene00014724.,0,0,0
WBGene00014727.,0,0,0
WBGene00014728.,0,7,7
WBGene00014729.,0,11,11
WBGene00014730.,0,3,3
WBGene00014731.,0,22,22
WBGene00014732.,10,59,69
WBGene00014733.,0,1,1
WBGene00014734.,4,7,11
WBGene00014735.,0,1,1
WBGene00014738.,0,0,0
WBGene00014740.,0,6,6
WBGene00014741.,0,20,20
WBGene00014744.,0,12,12
WBGene00014745.,0,4,4
WBGene00014746.,1,130,131
WBGene00014748.,0,0,0
WBGene00014751.,26,118,144
WBGene00014752.,0,0,0
WBGene00014753.,0,6,6
WBGene00014754.,0,1,1
WBGene00014755.,0,0,0
WBGene00014757.,0,0,0
WBGene00014758.,0,4,4
WBGene00014759.,9,3,12
WBGene00014760.,0,4,4
WBGene00014761.,25,54,79
WBGene00014763.,0,0,0
WBGene00014764.,2,0,2
WBGene00014766.,0,0,0
WBGene00014767.,0,0,0
WBGene00014768.,0,0,0
WBGene00014769.,2,5,7
WBGene00014770.,0,4,4
WBGene00014771.,0,5,5
WBGene00014772.,966,3443,4409
WBGene00014773.,0,7,7
WBGene00014775.,0,0,0
WBGene00014776.,0,0,0
WBGene00014777.,2,2,4
WBGene00014778.,0,15,15
WBGene00014779.,0,0,0
WBGene00014781.,0,0,0
WBGene00014782.,0,0,0
WBGene00014783.,0,0,0
WBGene00014784.,0,0,0
WBGene00014785.,0,0,0
WBGene00014786.,0,0,0
WBGene00014787.,0,0,0
WBGene00014788.,0,0,0
WBGene00014789.,1,3,4
WBGene00014790.,2,5,7
WBGene00014793.,0,583,583
WBGene00014794.,7,5,12
WBGene00014796.,3,2,5
WBGene00014798.,6,37,43
WBGene00014799.,0,22,22
WBGene00014800.,4,4,8
WBGene00014801.,41,599,640
WBGene00014803.,0,0,0
WBGene00014805.,1,1,2
WBGene00014806.,0,6,6
WBGene00014807.,3,6,9
WBGene00014809.,4,5,9
WBGene00014811.,6,86,92
WBGene00014813.,1,3,4
WBGene00014814.,0,25,25
WBGene00014817.,0,4,4
WBGene00014818.,0,0,0
WBGene00014819.,0,0,0
WBGene00014820.,33,74,107
WBGene00014821.,21,21,42
WBGene00014822.,26,7,33
WBGene00014824.,0,0,0
WBGene00014825.,0,11,11
WBGene00014826.,1004,11841,12845
WBGene00014827.,1,3,4
WBGene00014828.,0,0,0
WBGene00014829.,0,2,2
WBGene00014832.,0,2,2
WBGene00014833.,2,0,2
WBGene00014834.,16,1,17
WBGene00014835.,1,58,59
WBGene00014836.,3,84,87
WBGene00014837.,2,7,9
WBGene00014838.,6,7,13
WBGene00014839.,0,1,1
WBGene00014841.,22,22,44
WBGene00014842.,0,3,3
WBGene00014843.,0,10,10
WBGene00014844.,1,1,2
WBGene00014845.,0,0,0
WBGene00014846.,0,2,2
WBGene00014848.,99,2083,2182
WBGene00014849.,0,0,0
WBGene00014850.,0,0,0
WBGene00014851.,0,5,5
WBGene00014852.,0,87,87
WBGene00014853.,0,0,0
WBGene00014854.,0,4,4
WBGene00014855.,0,0,0
WBGene00014856.,0,0,0
WBGene00014857.,0,1,1
WBGene00014858.,0,3,3
WBGene00014861.,0,11,11
WBGene00014862.,1,2,3
WBGene00014863.,5,6,11
WBGene00014864.,4,7,11
WBGene00014865.,0,2,2
WBGene00014866.,0,0,0
WBGene00014867.,0,0,0
WBGene00014868.,0,0,0
WBGene00014869.,0,0,0
WBGene00014870.,5,29,34
WBGene00014871.,0,37,37
WBGene00014872.,0,0,0
WBGene00014873.,0,0,0
WBGene00014874.,4,1,5
WBGene00014875.,0,2,2
WBGene00014876.,0,1,1
WBGene00014877.,0,2,2
WBGene00014878.,0,1,1
WBGene00014879.,0,3,3
WBGene00014880.,0,0,0
WBGene00014881.,0,2,2
WBGene00014882.,0,1,1
WBGene00014883.,0,6,6
WBGene00014884.,5,51,56
WBGene00014885.,0,1,1
WBGene00014886.,0,70,70
WBGene00014887.,0,1,1
WBGene00014888.,0,18,18
WBGene00014889.,0,0,0
WBGene00014890.,0,0,0
WBGene00014891.,0,0,0
WBGene00014892.,0,0,0
WBGene00014893.,0,5,5
WBGene00014894.,0,1,1
WBGene00014895.,0,1,1
WBGene00014896.,0,0,0
WBGene00014897.,0,0,0
WBGene00014898.,0,4,4
WBGene00014902.,0,0,0
WBGene00014903.,0,1,1
WBGene00014904.,9,19,28
WBGene00014905.,1,0,1
WBGene00014906.,0,3,3
WBGene00014907.,0,16,16
WBGene00014908.,0,0,0
WBGene00014909.,0,1,1
WBGene00014910.,0,0,0
WBGene00014911.,0,0,0
WBGene00014912.,0,0,0
WBGene00014914.,7,16,23
WBGene00014915.,20,221,241
WBGene00014916.,3,130,133
WBGene00014917.,2,22,24
WBGene00014918.,1,95,96
WBGene00014920.,1,15,16
WBGene00014921.,0,4,4
WBGene00014922.,0,2,2
WBGene00014923.,2,3,5
WBGene00014924.,3,1,4
WBGene00014925.,0,3,3
WBGene00014926.,8,1,9
WBGene00014927.,1,4,5
WBGene00014928.,0,0,0
WBGene00014929.,0,0,0
WBGene00014930.,0,0,0
WBGene00014931.,0,0,0
WBGene00014932.,0,0,0
WBGene00014933.,0,2,2
WBGene00014934.,0,2,2
WBGene00014935.,0,5,5
WBGene00014936.,0,3,3
WBGene00014937.,1,2,3
WBGene00014938.,216,3565,3781
WBGene00014939.,0,17,17
WBGene00014941.,11,99,110
WBGene00014943.,0,2,2
WBGene00014944.,0,16,16
WBGene00014945.,0,4,4
WBGene00014946.,0,31,31
WBGene00014947.,7,113,120
WBGene00014948.,5,4,9
WBGene00014949.,0,0,0
WBGene00014950.,0,0,0
WBGene00014951.,0,0,0
WBGene00014952.,0,1,1
WBGene00014953.,1,2,3
WBGene00014954.,1,5,6
WBGene00014955.,0,127,127
WBGene00014956.,0,8,8
WBGene00014957.,0,1,1
WBGene00014958.,0,3,3
WBGene00014961.,0,3,3
WBGene00014962.,0,0,0
WBGene00014963.,0,2,2
WBGene00014964.,0,7,7
WBGene00014965.,35,885,920
WBGene00014966.,0,1,1
WBGene00014967.,0,10,10
WBGene00014969.,0,2,2
WBGene00014970.,0,4,4
WBGene00014971.,0,0,0
WBGene00014972.,0,1,1
WBGene00014973.,0,5,5
WBGene00014974.,0,0,0
WBGene00014975.,14,263,277
WBGene00014976.,0,14,14
WBGene00014977.,2,22,24
WBGene00014978.,5,31,36
WBGene00014979.,0,12,12
WBGene00014980.,2,2,4
WBGene00014981.,0,2,2
WBGene00014983.,0,2,2
WBGene00014984.,0,0,0
WBGene00014987.,0,105,105
WBGene00014989.,417,2028,2445
WBGene00014990.,0,0,0
WBGene00014991.,0,32,32
WBGene00014992.,0,13,13
WBGene00014993.,0,2,2
WBGene00014994.,26,27,53
WBGene00014996.,3,1,4
WBGene00014997.,2,8,10
WBGene00014998.,30,110,140
WBGene00014999.,37,523,560
WBGene00015000.,16,86,102
WBGene00015001.,100,684,784
WBGene00015002.,24,162,186
WBGene00015003.,6,12,18
WBGene00015004.,2,12,14
WBGene00015005.,21,164,185
WBGene00015006.,5,18,23
WBGene00015007.,619,4655,5274
WBGene00015008.,35,551,586
WBGene00015009.,54,876,930
WBGene00015010.,90,740,830
WBGene00015011.,27,1661,1688
WBGene00015012.,5,30,35
WBGene00015013.,3,41,44
WBGene00015014.,8,109,117
WBGene00015015.,2,31,33
WBGene00015016.,5,61,66
WBGene00015017.,104,601,705
WBGene00015018.,2,13,15
WBGene00015019.,27,99,126
WBGene00015020.,0,16,16
WBGene00015021.,251,2334,2585
WBGene00015022.,576,3534,4110
WBGene00015023.,48,347,395
WBGene00015024.,3,9,12
WBGene00015025.,405,3982,4387
WBGene00015026.,2,3,5
WBGene00015027.,109,304,413
WBGene00015028.,12,30,42
WBGene00015029.,20,669,689
WBGene00015030.,1,6,7
WBGene00015032.,4,23,27
WBGene00015033.,98,154,252
WBGene00015034.,2,6,8
WBGene00015035.,30,55,85
WBGene00015036.,0,29,29
WBGene00015037.,34,149,183
WBGene00015038.,19,151,170
WBGene00015040.,3,18,21
WBGene00015041.,14,42,56
WBGene00015042.,1,12,13
WBGene00015043.,21,201,222
WBGene00015044.,2,80,82
WBGene00015045.,5,30,35
WBGene00015046.,63,439,502
WBGene00015047.,59,811,870
WBGene00015048.,11,484,495
WBGene00015049.,2,35,37
WBGene00015050.,18,88,106
WBGene00015051.,1,18,19
WBGene00015052.,1,4,5
WBGene00015053.,1,260,261
WBGene00015054.,9,16,25
WBGene00015055.,85,220,305
WBGene00015056.,28,176,204
WBGene00015057.,16,232,248
WBGene00015058.,0,24,24
WBGene00015059.,7,1185,1192
WBGene00015061.,2499,22260,24759
WBGene00015062.,16,135,151
WBGene00015063.,13,684,697
WBGene00015064.,208,2145,2353
WBGene00015065.,3,8,11
WBGene00015066.,4,31,35
WBGene00015067.,43,408,451
WBGene00015068.,0,3,3
WBGene00015069.,0,7,7
WBGene00015070.,1,9,10
WBGene00015071.,1,3,4
WBGene00015072.,15,20,35
WBGene00015073.,8,135,143
WBGene00015074.,80,3615,3695
WBGene00015075.,186,4461,4647
WBGene00015076.,16,1257,1273
WBGene00015077.,2,11,13
WBGene00015078.,0,0,0
WBGene00015079.,178,58,236
WBGene00015080.,5,7,12
WBGene00015081.,6,4,10
WBGene00015082.,7,7,14
WBGene00015083.,4,99,103
WBGene00015084.,1,3,4
WBGene00015085.,5,26,31
WBGene00015087.,7,30,37
WBGene00015088.,62,589,651
WBGene00015089.,3,8,11
WBGene00015091.,113,1348,1461
WBGene00015092.,221,4895,5116
WBGene00015093.,0,2,2
WBGene00015094.,1,19,20
WBGene00015095.,44,517,561
WBGene00015096.,297,1906,2203
WBGene00015097.,7,49,56
WBGene00015098.,6,76,82
WBGene00015099.,171,1787,1958
WBGene00015100.,2,7,9
WBGene00015101.,15,1228,1243
WBGene00015102.,1,83,84
WBGene00015103.,16,677,693
WBGene00015104.,29,1842,1871
WBGene00015105.,255,445,700
WBGene00015106.,5,12,17
WBGene00015107.,4,29,33
WBGene00015108.,1,2,3
WBGene00015110.,3,22,25
WBGene00015111.,2,7,9
WBGene00015112.,8,35,43
WBGene00015113.,2,33,35
WBGene00015114.,2,1,3
WBGene00015115.,383,2162,2545
WBGene00015116.,34,391,425
WBGene00015117.,26,1359,1385
WBGene00015118.,0,2,2
WBGene00015119.,1,25,26
WBGene00015121.,1,1,2
WBGene00015122.,2,240,242
WBGene00015124.,327,2307,2634
WBGene00015125.,108,4301,4409
WBGene00015126.,186,1676,1862
WBGene00015128.,59,1027,1086
WBGene00015129.,0,13,13
WBGene00015130.,39,612,651
WBGene00015131.,34,189,223
WBGene00015132.,17,210,227
WBGene00015133.,166,6568,6734
WBGene00015134.,27,221,248
WBGene00015135.,99,377,476
WBGene00015136.,14,116,130
WBGene00015137.,179,4867,5046
WBGene00015138.,29,206,235
WBGene00015139.,120,257,377
WBGene00015141.,60,639,699
WBGene00015142.,1,21,22
WBGene00015143.,29,1542,1571
WBGene00015145.,84,1027,1111
WBGene00015146.,70,1035,1105
WBGene00015147.,24,438,462
WBGene00015148.,118,7278,7396
WBGene00015149.,0,18,18
WBGene00015150.,10,294,304
WBGene00015151.,6,28,34
WBGene00015152.,181,295,476
WBGene00015153.,5,18,23
WBGene00015155.,274,1114,1388
WBGene00015156.,674,2055,2729
WBGene00015157.,40,1298,1338
WBGene00015158.,59,575,634
WBGene00015159.,321,1511,1832
WBGene00015160.,30,1498,1528
WBGene00015161.,30,414,444
WBGene00015162.,198,1546,1744
WBGene00015163.,12,1993,2005
WBGene00015164.,87,1515,1602
WBGene00015165.,5,38,43
WBGene00015167.,3,80,83
WBGene00015168.,163,18559,18722
WBGene00015169.,14,129,143
WBGene00015170.,0,4,4
WBGene00015171.,39,440,479
WBGene00015172.,5,701,706
WBGene00015173.,573,1091,1664
WBGene00015175.,0,4,4
WBGene00015176.,149,1640,1789
WBGene00015177.,255,2214,2469
WBGene00015178.,0,0,0
WBGene00015179.,13,150,163
WBGene00015180.,3,10,13
WBGene00015181.,31,2678,2709
WBGene00015182.,5,44,49
WBGene00015183.,6,31,37
WBGene00015184.,95,1253,1348
WBGene00015185.,306,2445,2751
WBGene00015186.,103,2276,2379
WBGene00015188.,51,204,255
WBGene00015189.,30,134,164
WBGene00015190.,3,129,132
WBGene00015191.,55,377,432
WBGene00015192.,1,8,9
WBGene00015193.,0,0,0
WBGene00015194.,68,327,395
WBGene00015196.,15,85,100
WBGene00015197.,7,144,151
WBGene00015198.,2,3,5
WBGene00015199.,7,5,12
WBGene00015200.,38,400,438
WBGene00015202.,79,1337,1416
WBGene00015203.,155,2461,2616
WBGene00015204.,24,746,770
WBGene00015205.,255,2889,3144
WBGene00015206.,90,1894,1984
WBGene00015207.,335,1383,1718
WBGene00015208.,241,3454,3695
WBGene00015210.,18,118,136
WBGene00015211.,6,36,42
WBGene00015214.,6,34,40
WBGene00015215.,2,23,25
WBGene00015216.,63,355,418
WBGene00015217.,36,915,951
WBGene00015218.,55,615,670
WBGene00015219.,172,2049,2221
WBGene00015220.,3,81,84
WBGene00015221.,2,1,3
WBGene00015222.,4,0,4
WBGene00015223.,12,6,18
WBGene00015224.,1,0,1
WBGene00015225.,5,5,10
WBGene00015226.,4,8,12
WBGene00015227.,2,11,13
WBGene00015228.,4,6,10
WBGene00015229.,1,10,11
WBGene00015230.,0,5,5
WBGene00015231.,12,202,214
WBGene00015232.,744,7225,7969
WBGene00015233.,11,896,907
WBGene00015235.,1,463,464
WBGene00015236.,48,88,136
WBGene00015237.,233,1590,1823
WBGene00015238.,43,342,385
WBGene00015241.,6,1,7
WBGene00015242.,0,1,1
WBGene00015243.,23,36,59
WBGene00015244.,7,3,10
WBGene00015245.,89,1027,1116
WBGene00015246.,45,23,68
WBGene00015247.,0,29,29
WBGene00015248.,4198,39138,43336
WBGene00015249.,392,827,1219
WBGene00015250.,223,423,646
WBGene00015251.,212,2066,2278
WBGene00015252.,5,17,22
WBGene00015253.,1,3,4
WBGene00015254.,0,0,0
WBGene00015255.,0,4,4
WBGene00015257.,7,1,8
WBGene00015258.,2,27,29
WBGene00015259.,0,3,3
WBGene00015260.,6,12,18
WBGene00015261.,0,16,16
WBGene00015262.,34,73,107
WBGene00015263.,209,705,914
WBGene00015264.,63,235,298
WBGene00015265.,2,30,32
WBGene00015266.,109,731,840
WBGene00015267.,73,753,826
WBGene00015268.,137,423,560
WBGene00015269.,0,0,0
WBGene00015270.,0,0,0
WBGene00015271.,0,0,0
WBGene00015272.,0,0,0
WBGene00015273.,148,2,150
WBGene00015277.,0,0,0
WBGene00015278.,49,291,340
WBGene00015279.,4,20,24
WBGene00015280.,28,180,208
WBGene00015281.,47,470,517
WBGene00015282.,171,1969,2140
WBGene00015283.,70,1002,1072
WBGene00015284.,6,23,29
WBGene00015285.,257,1887,2144
WBGene00015286.,24,126,150
WBGene00015287.,3,38,41
WBGene00015288.,9,31,40
WBGene00015291.,66,555,621
WBGene00015292.,4,18,22
WBGene00015293.,371,2832,3203
WBGene00015294.,31,365,396
WBGene00015295.,66,556,622
WBGene00015296.,175,2521,2696
WBGene00015297.,135,2294,2429
WBGene00015298.,28,1768,1796
WBGene00015299.,31,204,235
WBGene00015300.,6,59,65
WBGene00015301.,272,945,1217
WBGene00015303.,368,758,1126
WBGene00015305.,6,4,10
WBGene00015306.,1,2,3
WBGene00015307.,38,297,335
WBGene00015308.,51,1132,1183
WBGene00015309.,36,93,129
WBGene00015310.,33,447,480
WBGene00015311.,3,42,45
WBGene00015312.,5,94,99
WBGene00015313.,6,495,501
WBGene00015315.,2,1,3
WBGene00015316.,8,0,8
WBGene00015317.,2,5,7
WBGene00015318.,0,1,1
WBGene00015320.,5,45,50
WBGene00015321.,0,2,2
WBGene00015322.,18,977,995
WBGene00015323.,14,68,82
WBGene00015324.,18,362,380
WBGene00015325.,0,1,1
WBGene00015326.,39,4301,4340
WBGene00015327.,22,612,634
WBGene00015328.,548,2060,2608
WBGene00015329.,106,3578,3684
WBGene00015330.,104,1510,1614
WBGene00015331.,0,1,1
WBGene00015332.,43,462,505
WBGene00015333.,3,23,26
WBGene00015334.,71,310,381
WBGene00015335.,20,155,175
WBGene00015336.,20,1221,1241
WBGene00015337.,0,23,23
WBGene00015338.,0,5,5
WBGene00015339.,187,2639,2826
WBGene00015340.,48,429,477
WBGene00015341.,2,2,4
WBGene00015342.,0,1,1
WBGene00015344.,101,2952,3053
WBGene00015345.,6,9,15
WBGene00015346.,86,3115,3201
WBGene00015347.,87,682,769
WBGene00015348.,3,10,13
WBGene00015349.,167,603,770
WBGene00015350.,43,2223,2266
WBGene00015351.,6,49,55
WBGene00015352.,138,1734,1872
WBGene00015353.,3,257,260
WBGene00015354.,462,21555,22017
WBGene00015355.,32,158,190
WBGene00015356.,602,7512,8114
WBGene00015357.,10,211,221
WBGene00015359.,5,96,101
WBGene00015360.,3,4,7
WBGene00015361.,19,15,34
WBGene00015362.,19,147,166
WBGene00015364.,34,78,112
WBGene00015366.,2,1,3
WBGene00015367.,3,12,15
WBGene00015368.,22,28,50
WBGene00015369.,3,38,41
WBGene00015371.,15,5,20
WBGene00015372.,0,3,3
WBGene00015373.,11,95,106
WBGene00015374.,1,9,10
WBGene00015375.,2,49,51
WBGene00015376.,4,34,38
WBGene00015377.,9,64,73
WBGene00015378.,11,141,152
WBGene00015379.,0,9,9
WBGene00015380.,0,11,11
WBGene00015381.,5,24,29
WBGene00015382.,5,34,39
WBGene00015385.,0,31,31
WBGene00015386.,146,38,184
WBGene00015387.,53,111,164
WBGene00015388.,3,3,6
WBGene00015389.,14,96,110
WBGene00015390.,40,415,455
WBGene00015391.,202,6295,6497
WBGene00015392.,0,455,455
WBGene00015393.,459,6808,7267
WBGene00015394.,0,5,5
WBGene00015395.,6,47,53
WBGene00015396.,10,161,171
WBGene00015397.,5,28,33
WBGene00015398.,0,1234,1234
WBGene00015399.,7,2,9
WBGene00015400.,17,94,111
WBGene00015401.,9,27,36
WBGene00015402.,155,895,1050
WBGene00015403.,2,98,100
WBGene00015404.,82,1637,1719
WBGene00015405.,139,1988,2127
WBGene00015406.,2,11,13
WBGene00015407.,24,1124,1148
WBGene00015408.,16,277,293
WBGene00015409.,2,28,30
WBGene00015410.,110,570,680
WBGene00015411.,2,7,9
WBGene00015412.,7,25,32
WBGene00015413.,260,7336,7596
WBGene00015414.,0,11,11
WBGene00015416.,8,48,56
WBGene00015417.,0,3,3
WBGene00015418.,994,4582,5576
WBGene00015419.,2,3,5
WBGene00015421.,1,4,5
WBGene00015422.,6,16,22
WBGene00015423.,19,661,680
WBGene00015424.,69,1197,1266
WBGene00015425.,163,1411,1574
WBGene00015426.,5,56,61
WBGene00015427.,67,1019,1086
WBGene00015428.,5,8,13
WBGene00015429.,67,809,876
WBGene00015430.,214,994,1208
WBGene00015432.,3,4,7
WBGene00015433.,12,139,151
WBGene00015434.,93,494,587
WBGene00015435.,3,8,11
WBGene00015436.,2,3,5
WBGene00015437.,7,41,48
WBGene00015438.,10,1,11
WBGene00015439.,2,4,6
WBGene00015440.,11,108,119
WBGene00015441.,2,78,80
WBGene00015442.,41,225,266
WBGene00015444.,18,15,33
WBGene00015446.,5,6,11
WBGene00015447.,3,7,10
WBGene00015448.,2,18,20
WBGene00015449.,4,103,107
WBGene00015450.,11,886,897
WBGene00015451.,58,433,491
WBGene00015453.,4,9,13
WBGene00015454.,22,649,671
WBGene00015455.,369,431,800
WBGene00015456.,0,35,35
WBGene00015457.,17,738,755
WBGene00015458.,4,160,164
WBGene00015459.,0,0,0
WBGene00015460.,15,547,562
WBGene00015461.,170,3505,3675
WBGene00015462.,11,357,368
WBGene00015463.,4,497,501
WBGene00015464.,82,2220,2302
WBGene00015465.,13,31,44
WBGene00015466.,12,825,837
WBGene00015467.,7,10,17
WBGene00015468.,78,618,696
WBGene00015469.,12,119,131
WBGene00015470.,26,1257,1283
WBGene00015471.,28,101,129
WBGene00015472.,108,1289,1397
WBGene00015473.,131,250,381
WBGene00015474.,66,1835,1901
WBGene00015476.,56,279,335
WBGene00015477.,255,4937,5192
WBGene00015478.,67,558,625
WBGene00015479.,14,46,60
WBGene00015480.,115,442,557
WBGene00015481.,96,4072,4168
WBGene00015483.,95,1234,1329
WBGene00015484.,55,2149,2204
WBGene00015485.,60,720,780
WBGene00015486.,83,735,818
WBGene00015487.,27,5027,5054
WBGene00015488.,317,945,1262
WBGene00015489.,11,25,36
WBGene00015491.,2,1,3
WBGene00015492.,12,832,844
WBGene00015493.,7,7,14
WBGene00015494.,76,644,720
WBGene00015495.,4,238,242
WBGene00015496.,8,30,38
WBGene00015497.,22,46,68
WBGene00015499.,146,1045,1191
WBGene00015500.,10,66,76
WBGene00015501.,265,2607,2872
WBGene00015504.,109,517,626
WBGene00015505.,29,117,146
WBGene00015507.,214,1353,1567
WBGene00015508.,79,1182,1261
WBGene00015509.,152,768,920
WBGene00015510.,69,2234,2303
WBGene00015511.,12,77,89
WBGene00015512.,276,2841,3117
WBGene00015513.,48,857,905
WBGene00015514.,1837,37562,39399
WBGene00015515.,49,964,1013
WBGene00015516.,5,42,47
WBGene00015517.,188,1478,1666
WBGene00015518.,0,69,69
WBGene00015519.,8,180,188
WBGene00015520.,0,13,13
WBGene00015521.,0,0,0
WBGene00015522.,5,36,41
WBGene00015523.,28,473,501
WBGene00015524.,32,574,606
WBGene00015525.,142,1804,1946
WBGene00015526.,5,39,44
WBGene00015527.,16,337,353
WBGene00015528.,10,8,18
WBGene00015529.,21,181,202
WBGene00015530.,0,2,2
WBGene00015531.,54,691,745
WBGene00015532.,5,37,42
WBGene00015533.,0,1,1
WBGene00015534.,3,3,6
WBGene00015535.,2,22,24
WBGene00015536.,26,367,393
WBGene00015537.,7,25,32
WBGene00015538.,1,3156,3157
WBGene00015539.,53,767,820
WBGene00015540.,9,1956,1965
WBGene00015541.,77,576,653
WBGene00015544.,19,50,69
WBGene00015545.,31,367,398
WBGene00015546.,0,57,57
WBGene00015547.,104,3553,3657
WBGene00015549.,16,152,168
WBGene00015550.,4,54,58
WBGene00015551.,683,5736,6419
WBGene00015552.,39,1975,2014
WBGene00015553.,368,3606,3974
WBGene00015554.,37,536,573
WBGene00015555.,319,1976,2295
WBGene00015557.,34,327,361
WBGene00015558.,9,27,36
WBGene00015559.,142,564,706
WBGene00015560.,23,849,872
WBGene00015561.,224,1796,2020
WBGene00015562.,3,31,34
WBGene00015564.,0,2,2
WBGene00015565.,259,3368,3627
WBGene00015566.,34,344,378
WBGene00015567.,63,866,929
WBGene00015568.,13,120,133
WBGene00015569.,27,484,511
WBGene00015570.,11,75,86
WBGene00015572.,5,2,7
WBGene00015573.,1,2,3
WBGene00015574.,4,10,14
WBGene00015575.,1,4,5
WBGene00015576.,19,281,300
WBGene00015577.,40,350,390
WBGene00015578.,5,2055,2060
WBGene00015579.,0,2237,2237
WBGene00015580.,317,1191,1508
WBGene00015581.,319,3382,3701
WBGene00015582.,4,89,93
WBGene00015583.,3,5,8
WBGene00015586.,6,153,159
WBGene00015587.,0,4,4
WBGene00015588.,1,7,8
WBGene00015589.,0,20,20
WBGene00015590.,12,296,308
WBGene00015591.,26,524,550
WBGene00015592.,54,78,132
WBGene00015593.,1,30,31
WBGene00015594.,1,1,2
WBGene00015595.,1,1,2
WBGene00015596.,0,3,3
WBGene00015597.,0,0,0
WBGene00015598.,0,5,5
WBGene00015599.,0,2,2
WBGene00015600.,2,2,4
WBGene00015601.,6,3,9
WBGene00015602.,0,3,3
WBGene00015603.,0,1,1
WBGene00015604.,0,0,0
WBGene00015605.,10,139,149
WBGene00015606.,1,2,3
WBGene00015607.,0,3,3
WBGene00015608.,5,12,17
WBGene00015609.,3,30,33
WBGene00015610.,0,3,3
WBGene00015611.,0,291,291
WBGene00015613.,0,16,16
WBGene00015614.,2,16,18
WBGene00015615.,0,71,71
WBGene00015616.,11,8,19
WBGene00015618.,27,88,115
WBGene00015619.,575,5029,5604
WBGene00015620.,21,131,152
WBGene00015621.,60,834,894
WBGene00015622.,4,18,22
WBGene00015623.,289,6831,7120
WBGene00015624.,13,149,162
WBGene00015625.,16,106,122
WBGene00015626.,13,99,112
WBGene00015627.,4,2,6
WBGene00015628.,1,1,2
WBGene00015629.,2,3,5
WBGene00015630.,11,10,21
WBGene00015631.,4,74,78
WBGene00015632.,191,1755,1946
WBGene00015633.,259,1698,1957
WBGene00015634.,0,16,16
WBGene00015635.,61,668,729
WBGene00015636.,0,6,6
WBGene00015637.,0,11,11
WBGene00015638.,33,367,400
WBGene00015639.,10,10,20
WBGene00015640.,73,248,321
WBGene00015641.,82,757,839
WBGene00015642.,63,372,435
WBGene00015644.,69,699,768
WBGene00015645.,2,219,221
WBGene00015646.,37,237,274
WBGene00015647.,77,871,948
WBGene00015648.,248,768,1016
WBGene00015649.,12,57,69
WBGene00015650.,415,1797,2212
WBGene00015651.,284,93,377
WBGene00015652.,1,1,2
WBGene00015653.,1,1,2
WBGene00015654.,0,0,0
WBGene00015655.,0,0,0
WBGene00015656.,5,1,6
WBGene00015658.,354,892,1246
WBGene00015660.,7,145,152
WBGene00015661.,0,0,0
WBGene00015662.,3,10,13
WBGene00015663.,3,2,5
WBGene00015664.,9,208,217
WBGene00015665.,5,22,27
WBGene00015666.,35,161,196
WBGene00015667.,0,15,15
WBGene00015668.,1,17,18
WBGene00015670.,15,82,97
WBGene00015671.,13,315,328
WBGene00015672.,8,32,40
WBGene00015673.,71,485,556
WBGene00015675.,88,319,407
WBGene00015676.,21,1462,1483
WBGene00015677.,29,176,205
WBGene00015678.,490,1593,2083
WBGene00015679.,11,83,94
WBGene00015680.,134,2589,2723
WBGene00015681.,7,3,10
WBGene00015682.,8,2,10
WBGene00015683.,0,4,4
WBGene00015684.,214,3379,3593
WBGene00015685.,5,2,7
WBGene00015686.,99,158,257
WBGene00015687.,199,14353,14552
WBGene00015688.,1,5,6
WBGene00015689.,0,5,5
WBGene00015690.,3,1,4
WBGene00015691.,120,820,940
WBGene00015692.,45,354,399
WBGene00015693.,24,240,264
WBGene00015694.,11,14,25
WBGene00015695.,62,669,731
WBGene00015696.,4,21,25
WBGene00015697.,21,212,233
WBGene00015698.,0,66,66
WBGene00015700.,13,41,54
WBGene00015701.,19,53,72
WBGene00015702.,11,535,546
WBGene00015703.,12,2276,2288
WBGene00015704.,164,312,476
WBGene00015705.,11,53,64
WBGene00015706.,6,221,227
WBGene00015707.,0,97,97
WBGene00015708.,55,403,458
WBGene00015709.,21,249,270
WBGene00015710.,48,1781,1829
WBGene00015711.,7,292,299
WBGene00015712.,12,7,19
WBGene00015713.,15,131,146
WBGene00015714.,10,86,96
WBGene00015716.,14,203,217
WBGene00015718.,2,2,4
WBGene00015719.,0,0,0
WBGene00015720.,17,49,66
WBGene00015721.,1,2,3
WBGene00015722.,8,4,12
WBGene00015723.,2,5,7
WBGene00015724.,1,4,5
WBGene00015725.,1,0,1
WBGene00015726.,2,4,6
WBGene00015727.,0,2,2
WBGene00015728.,6,25,31
WBGene00015729.,22,1304,1326
WBGene00015730.,0,0,0
WBGene00015731.,0,0,0
WBGene00015733.,15,79,94
WBGene00015734.,59,4103,4162
WBGene00015735.,759,2237,2996
WBGene00015736.,1,19,20
WBGene00015737.,0,1,1
WBGene00015738.,0,4,4
WBGene00015739.,20,40,60
WBGene00015740.,112,1379,1491
WBGene00015741.,464,3633,4097
WBGene00015742.,99,586,685
WBGene00015743.,130,1255,1385
WBGene00015744.,113,374,487
WBGene00015745.,14,242,256
WBGene00015746.,50,1391,1441
WBGene00015747.,61,258,319
WBGene00015748.,18,298,316
WBGene00015750.,18,182,200
WBGene00015751.,29,150,179
WBGene00015752.,52,2087,2139
WBGene00015753.,27,239,266
WBGene00015754.,134,1790,1924
WBGene00015755.,1557,27810,29367
WBGene00015756.,13,128,141
WBGene00015757.,6,9,15
WBGene00015758.,6,21,27
WBGene00015759.,101,1208,1309
WBGene00015760.,6,4,10
WBGene00015761.,2,0,2
WBGene00015762.,3,2,5
WBGene00015763.,14,107,121
WBGene00015764.,11,4,15
WBGene00015765.,1,8,9
WBGene00015766.,4,76,80
WBGene00015767.,89,754,843
WBGene00015768.,6,38,44
WBGene00015769.,12,742,754
WBGene00015770.,0,1,1
WBGene00015771.,1,5,6
WBGene00015772.,2,4,6
WBGene00015773.,4,2,6
WBGene00015774.,2,10,12
WBGene00015775.,16,5,21
WBGene00015776.,107,2774,2881
WBGene00015777.,69,1563,1632
WBGene00015778.,18,16949,16967
WBGene00015779.,275,1393,1668
WBGene00015780.,5,19,24
WBGene00015781.,295,3256,3551
WBGene00015782.,12,210,222
WBGene00015783.,10,85,95
WBGene00015784.,4,20,24
WBGene00015785.,0,2,2
WBGene00015786.,242,1866,2108
WBGene00015787.,38,300,338
WBGene00015788.,13,193,206
WBGene00015789.,10,373,383
WBGene00015790.,376,3447,3823
WBGene00015791.,45,3015,3060
WBGene00015792.,9,28,37
WBGene00015793.,15,213,228
WBGene00015794.,19,149,168
WBGene00015795.,80,920,1000
WBGene00015796.,346,1293,1639
WBGene00015797.,33,100,133
WBGene00015798.,15,91,106
WBGene00015799.,19,132,151
WBGene00015800.,493,1066,1559
WBGene00015801.,173,1444,1617
WBGene00015802.,181,1151,1332
WBGene00015803.,1994,15705,17699
WBGene00015805.,7,128,135
WBGene00015806.,27,652,679
WBGene00015807.,11,304,315
WBGene00015809.,249,4413,4662
WBGene00015810.,10,7597,7607
WBGene00015811.,95,6852,6947
WBGene00015813.,337,4495,4832
WBGene00015814.,200,4711,4911
WBGene00015815.,124,550,674
WBGene00015816.,25,140,165
WBGene00015817.,184,1561,1745
WBGene00015818.,9,134,143
WBGene00015819.,1,129,130
WBGene00015820.,4,9,13
WBGene00015821.,11,9,20
WBGene00015822.,58,78,136
WBGene00015823.,0,3058,3058
WBGene00015824.,8,208,216
WBGene00015825.,0,3,3
WBGene00015826.,1,1,2
WBGene00015827.,1,1,2
WBGene00015828.,0,1,1
WBGene00015829.,3,5,8
WBGene00015830.,0,1,1
WBGene00015832.,0,1,1
WBGene00015833.,0,4,4
WBGene00015834.,1,1,2
WBGene00015835.,3,1,4
WBGene00015836.,1,4,5
WBGene00015837.,1,2,3
WBGene00015838.,0,1,1
WBGene00015839.,1,5,6
WBGene00015840.,0,0,0
WBGene00015841.,41,85,126
WBGene00015842.,8,100,108
WBGene00015843.,50,164,214
WBGene00015845.,0,0,0
WBGene00015846.,1,1,2
WBGene00015847.,0,1,1
WBGene00015848.,0,0,0
WBGene00015849.,14,171,185
WBGene00015850.,5,67,72
WBGene00015851.,22,17,39
WBGene00015852.,0,71,71
WBGene00015853.,32,316,348
WBGene00015854.,3,2,5
WBGene00015855.,3,11,14
WBGene00015856.,0,1,1
WBGene00015857.,106,1248,1354
WBGene00015858.,2,3,5
WBGene00015859.,4,27,31
WBGene00015860.,15,57,72
WBGene00015861.,49,339,388
WBGene00015862.,21,80,101
WBGene00015863.,6,3,9
WBGene00015864.,11,224,235
WBGene00015865.,81,1296,1377
WBGene00015866.,22,473,495
WBGene00015867.,40,169,209
WBGene00015868.,846,2474,3320
WBGene00015869.,2,3,5
WBGene00015870.,1,0,1
WBGene00015871.,1,1,2
WBGene00015872.,1,5,6
WBGene00015873.,1,3,4
WBGene00015874.,0,4,4
WBGene00015875.,0,1,1
WBGene00015876.,8,39,47
WBGene00015877.,2,3,5
WBGene00015878.,2,10,12
WBGene00015879.,7,6,13
WBGene00015882.,2,5,7
WBGene00015883.,1,4,5
WBGene00015884.,3,16,19
WBGene00015885.,9,617,626
WBGene00015886.,0,34,34
WBGene00015887.,32,1441,1473
WBGene00015888.,0,9,9
WBGene00015889.,0,14,14
WBGene00015890.,1,36,37
WBGene00015891.,2,17,19
WBGene00015892.,1,1,2
WBGene00015893.,1,4,5
WBGene00015894.,215,5513,5728
WBGene00015895.,0,0,0
WBGene00015896.,0,98,98
WBGene00015897.,67,317,384
WBGene00015898.,12,5,17
WBGene00015899.,2,1,3
WBGene00015900.,16,78,94
WBGene00015901.,79,271,350
WBGene00015902.,12,31,43
WBGene00015903.,1,2,3
WBGene00015904.,0,1,1
WBGene00015905.,0,4,4
WBGene00015906.,4,8,12
WBGene00015907.,0,1,1
WBGene00015908.,7,34,41
WBGene00015909.,1,1,2
WBGene00015910.,1,15,16
WBGene00015911.,1,3,4
WBGene00015912.,2,31,33
WBGene00015913.,182,1516,1698
WBGene00015914.,26,48,74
WBGene00015915.,62,775,837
WBGene00015916.,141,1911,2052
WBGene00015917.,5,9,14
WBGene00015918.,30,130,160
WBGene00015919.,11,405,416
WBGene00015920.,97,6250,6347
WBGene00015921.,118,313,431
WBGene00015922.,44,426,470
WBGene00015924.,1,2,3
WBGene00015925.,77,99,176
WBGene00015926.,365,1398,1763
WBGene00015927.,333,2516,2849
WBGene00015928.,221,674,895
WBGene00015929.,5,12,17
WBGene00015930.,18,141,159
WBGene00015931.,7,12,19
WBGene00015932.,1,2,3
WBGene00015933.,20,160,180
WBGene00015934.,71,1034,1105
WBGene00015935.,205,665,870
WBGene00015936.,68,184,252
WBGene00015937.,14,20,34
WBGene00015938.,242,1546,1788
WBGene00015939.,7,114,121
WBGene00015940.,16,566,582
WBGene00015941.,389,3516,3905
WBGene00015942.,90,1251,1341
WBGene00015943.,87,4897,4984
WBGene00015944.,5,56,61
WBGene00015945.,386,568,954
WBGene00015946.,4,63,67
WBGene00015947.,216,2317,2533
WBGene00015948.,94,1085,1179
WBGene00015949.,16,68,84
WBGene00015950.,19,66,85
WBGene00015952.,26,645,671
WBGene00015953.,53,211,264
WBGene00015954.,1902,15851,17753
WBGene00015955.,32,2275,2307
WBGene00015956.,38,267,305
WBGene00015957.,20,118,138
WBGene00015958.,1,2,3
WBGene00015959.,1,1,2
WBGene00015960.,4,2,6
WBGene00015961.,0,2,2
WBGene00015962.,3,3,6
WBGene00015963.,17,159,176
WBGene00015964.,79,71,150
WBGene00015965.,8,189,197
WBGene00015968.,365,1381,1746
WBGene00015969.,54,390,444
WBGene00015970.,5,32,37
WBGene00015971.,246,1493,1739
WBGene00015972.,126,879,1005
WBGene00015974.,281,210,491
WBGene00015975.,7,771,778
WBGene00015976.,96,742,838
WBGene00015977.,7,29,36
WBGene00015978.,25,1560,1585
WBGene00015979.,0,0,0
WBGene00015980.,185,1331,1516
WBGene00015981.,50,37,87
WBGene00015982.,5,0,5
WBGene00015984.,21,31,52
WBGene00015985.,5,14,19
WBGene00015986.,8,5,13
WBGene00015987.,0,0,0
WBGene00015988.,4,19,23
WBGene00015989.,5,369,374
WBGene00015990.,2,5,7
WBGene00015991.,6,6,12
WBGene00015992.,4,6,10
WBGene00015993.,45,119,164
WBGene00015994.,10,3,13
WBGene00015996.,1,32,33
WBGene00015997.,0,1,1
WBGene00015998.,7,13,20
WBGene00015999.,16,180,196
WBGene00016000.,7,18,25
WBGene00016002.,276,2573,2849
WBGene00016003.,21,17,38
WBGene00016004.,4,147,151
WBGene00016005.,47,537,584
WBGene00016006.,698,7269,7967
WBGene00016008.,14,39,53
WBGene00016009.,45,1923,1968
WBGene00016010.,57,30,87
WBGene00016011.,860,6011,6871
WBGene00016012.,22,337,359
WBGene00016013.,6,114,120
WBGene00016014.,38,1249,1287
WBGene00016015.,126,2585,2711
WBGene00016016.,5,27,32
WBGene00016017.,0,29,29
WBGene00016018.,140,1147,1287
WBGene00016019.,22,721,743
WBGene00016020.,144,1307,1451
WBGene00016021.,82,882,964
WBGene00016022.,16,503,519
WBGene00016023.,12,84,96
WBGene00016024.,73,830,903
WBGene00016025.,26,216,242
WBGene00016027.,30,284,314
WBGene00016028.,46,2912,2958
WBGene00016029.,171,107,278
WBGene00016030.,18,440,458
WBGene00016032.,89,29,118
WBGene00016033.,33,16806,16839
WBGene00016034.,11,112,123
WBGene00016037.,74,27,101
WBGene00016038.,3,350,353
WBGene00016039.,1,59,60
WBGene00016040.,0,18,18
WBGene00016044.,249,616,865
WBGene00016045.,83,1092,1175
WBGene00016046.,3,102,105
WBGene00016047.,1,4,5
WBGene00016048.,14,238,252
WBGene00016049.,4,8,12
WBGene00016050.,1,5,6
WBGene00016051.,1,3,4
WBGene00016052.,19,307,326
WBGene00016053.,11,38,49
WBGene00016054.,2,4,6
WBGene00016055.,106,1179,1285
WBGene00016056.,4,30,34
WBGene00016057.,146,4097,4243
WBGene00016058.,0,3,3
WBGene00016059.,204,1032,1236
WBGene00016060.,202,986,1188
WBGene00016061.,18,189,207
WBGene00016062.,14,4370,4384
WBGene00016063.,4,11,15
WBGene00016064.,22,59,81
WBGene00016066.,30,88,118
WBGene00016067.,68,611,679
WBGene00016068.,63,559,622
WBGene00016069.,9,309,318
WBGene00016070.,1,14,15
WBGene00016071.,5,53,58
WBGene00016072.,12,75,87
WBGene00016073.,179,4561,4740
WBGene00016074.,35,389,424
WBGene00016075.,5,2,7
WBGene00016076.,0,0,0
WBGene00016077.,5,3,8
WBGene00016078.,1,0,1
WBGene00016080.,1,9,10
WBGene00016081.,75,567,642
WBGene00016082.,0,2,2
WBGene00016083.,4,1,5
WBGene00016084.,6,7,13
WBGene00016085.,2,16,18
WBGene00016087.,11,217,228
WBGene00016088.,6,34,40
WBGene00016089.,9,39,48
WBGene00016090.,105,182,287
WBGene00016091.,6,36,42
WBGene00016092.,8,7,15
WBGene00016093.,65,634,699
WBGene00016094.,39,306,345
WBGene00016095.,52,623,675
WBGene00016096.,4,171,175
WBGene00016097.,14,1147,1161
WBGene00016099.,45,378,423
WBGene00016100.,6,245,251
WBGene00016101.,15,532,547
WBGene00016102.,12,495,507
WBGene00016103.,267,3987,4254
WBGene00016104.,56,414,470
WBGene00016105.,1,10,11
WBGene00016106.,11,307,318
WBGene00016107.,12,56,68
WBGene00016108.,17,19,36
WBGene00016109.,39,294,333
WBGene00016110.,11,146,157
WBGene00016111.,18,873,891
WBGene00016112.,14,302,316
WBGene00016113.,43,1602,1645
WBGene00016114.,131,3115,3246
WBGene00016115.,1121,15082,16203
WBGene00016116.,109,1611,1720
WBGene00016118.,937,16306,17243
WBGene00016119.,172,3180,3352
WBGene00016120.,232,1829,2061
WBGene00016121.,127,1489,1616
WBGene00016123.,65,475,540
WBGene00016124.,81,1021,1102
WBGene00016125.,1,46,47
WBGene00016126.,21,123,144
WBGene00016128.,8,898,906
WBGene00016129.,119,3042,3161
WBGene00016130.,1,9,10
WBGene00016131.,71,345,416
WBGene00016132.,1,6,7
WBGene00016133.,41,837,878
WBGene00016134.,31,171,202
WBGene00016135.,36,309,345
WBGene00016136.,8,25,33
WBGene00016137.,1,13,14
WBGene00016138.,95,1652,1747
WBGene00016139.,50,550,600
WBGene00016140.,70,2589,2659
WBGene00016142.,69,3588,3657
WBGene00016143.,154,1592,1746
WBGene00016144.,162,1498,1660
WBGene00016145.,63,1655,1718
WBGene00016146.,12,95,107
WBGene00016147.,7,84,91
WBGene00016148.,125,979,1104
WBGene00016149.,39,346,385
WBGene00016150.,131,1317,1448
WBGene00016151.,109,1338,1447
WBGene00016152.,45,415,460
WBGene00016153.,9,753,762
WBGene00016154.,123,996,1119
WBGene00016155.,3,33,36
WBGene00016156.,10,374,384
WBGene00016157.,161,940,1101
WBGene00016158.,93,1360,1453
WBGene00016159.,72,405,477
WBGene00016160.,11,12,23
WBGene00016161.,3,2,5
WBGene00016162.,348,3248,3596
WBGene00016163.,3,59,62
WBGene00016164.,0,4,4
WBGene00016165.,105,255,360
WBGene00016166.,86,2160,2246
WBGene00016167.,52,1206,1258
WBGene00016168.,2,0,2
WBGene00016169.,35,27,62
WBGene00016170.,131,2063,2194
WBGene00016171.,127,1018,1145
WBGene00016172.,299,1105,1404
WBGene00016173.,597,8044,8641
WBGene00016174.,26,167,193
WBGene00016175.,52,237,289
WBGene00016177.,7,32,39
WBGene00016178.,11,144,155
WBGene00016179.,0,19,19
WBGene00016180.,2,1011,1013
WBGene00016181.,14,146,160
WBGene00016182.,29,504,533
WBGene00016183.,5,2,7
WBGene00016184.,126,698,824
WBGene00016185.,5,3,8
WBGene00016187.,9,224,233
WBGene00016188.,152,1342,1494
WBGene00016189.,3,41,44
WBGene00016190.,4,198,202
WBGene00016191.,9,30,39
WBGene00016192.,6,1665,1671
WBGene00016193.,26,23,49
WBGene00016194.,118,8457,8575
WBGene00016195.,13,4334,4347
WBGene00016196.,14,31,45
WBGene00016197.,1014,3890,4904
WBGene00016198.,4,9,13
WBGene00016199.,6,22,28
WBGene00016200.,93,1705,1798
WBGene00016201.,35,2152,2187
WBGene00016202.,45,1207,1252
WBGene00016203.,179,880,1059
WBGene00016204.,12,89,101
WBGene00016206.,14,34,48
WBGene00016207.,94,884,978
WBGene00016208.,4,724,728
WBGene00016209.,280,5517,5797
WBGene00016210.,462,10808,11270
WBGene00016211.,93,490,583
WBGene00016212.,10,304,314
WBGene00016213.,2,1,3
WBGene00016215.,13,1110,1123
WBGene00016216.,62,669,731
WBGene00016217.,5,49,54
WBGene00016218.,12,24,36
WBGene00016219.,12,24,36
WBGene00016220.,0,2,2
WBGene00016221.,64,564,628
WBGene00016222.,0,0,0
WBGene00016223.,3,0,3
WBGene00016224.,2,5,7
WBGene00016225.,0,0,0
WBGene00016226.,0,4,4
WBGene00016227.,0,6,6
WBGene00016230.,1,2,3
WBGene00016231.,1,5,6
WBGene00016232.,1,10,11
WBGene00016233.,1,9,10
WBGene00016234.,60,392,452
WBGene00016235.,7,2581,2588
WBGene00016236.,14,116,130
WBGene00016237.,48,1240,1288
WBGene00016238.,20,1742,1762
WBGene00016239.,7,192,199
WBGene00016242.,18,117,135
WBGene00016244.,269,2754,3023
WBGene00016245.,43,1379,1422
WBGene00016246.,71,374,445
WBGene00016247.,11,61,72
WBGene00016248.,19,233,252
WBGene00016249.,336,3701,4037
WBGene00016250.,90,9728,9818
WBGene00016253.,12,60,72
WBGene00016254.,1,43,44
WBGene00016255.,10,13,23
WBGene00016257.,3,12,15
WBGene00016258.,154,6956,7110
WBGene00016259.,17,90,107
WBGene00016260.,38,286,324
WBGene00016261.,59,729,788
WBGene00016262.,17,203,220
WBGene00016263.,3,54,57
WBGene00016264.,457,3568,4025
WBGene00016265.,6,93,99
WBGene00016266.,864,6463,7327
WBGene00016268.,8,31,39
WBGene00016269.,575,3331,3906
WBGene00016271.,21622,12,21634
WBGene00016273.,2,22,24
WBGene00016274.,1,52,53
WBGene00016276.,17,348,365
WBGene00016277.,25,164,189
WBGene00016278.,182,1410,1592
WBGene00016279.,0,2,2
WBGene00016280.,5,2,7
WBGene00016281.,6,2,8
WBGene00016282.,25,328,353
WBGene00016283.,26,226,252
WBGene00016284.,4,1,5
WBGene00016285.,5,0,5
WBGene00016286.,4,13,17
WBGene00016287.,1,8,9
WBGene00016288.,10,29,39
WBGene00016289.,3717,11889,15606
WBGene00016291.,14,82,96
WBGene00016292.,249,1189,1438
WBGene00016293.,69,585,654
WBGene00016294.,35,125,160
WBGene00016295.,28,194,222
WBGene00016296.,0,1,1
WBGene00016297.,1,2,3
WBGene00016298.,1,2,3
WBGene00016299.,5,1,6
WBGene00016300.,11,6,17
WBGene00016301.,4,35,39
WBGene00016302.,1,10,11
WBGene00016303.,2,28,30
WBGene00016304.,21,135,156
WBGene00016305.,8,108,116
WBGene00016306.,3,1,4
WBGene00016307.,1,2,3
WBGene00016308.,2,19,21
WBGene00016309.,2,4,6
WBGene00016310.,46,609,655
WBGene00016311.,55,1415,1470
WBGene00016312.,4,16,20
WBGene00016313.,24,853,877
WBGene00016314.,9,151,160
WBGene00016315.,40,670,710
WBGene00016316.,268,7731,7999
WBGene00016317.,21,589,610
WBGene00016318.,79,1291,1370
WBGene00016319.,35,706,741
WBGene00016320.,0,5,5
WBGene00016321.,557,4274,4831
WBGene00016322.,0,1,1
WBGene00016323.,216,1534,1750
WBGene00016324.,30,129,159
WBGene00016325.,175,2501,2676
WBGene00016326.,196,2180,2376
WBGene00016327.,1,3,4
WBGene00016328.,42,167,209
WBGene00016329.,6,27,33
WBGene00016330.,235,1535,1770
WBGene00016331.,153,1630,1783
WBGene00016332.,17,208,225
WBGene00016333.,508,5417,5925
WBGene00016334.,0,3,3
WBGene00016335.,14,28,42
WBGene00016336.,0,2,2
WBGene00016337.,0,0,0
WBGene00016338.,3,4,7
WBGene00016339.,0,0,0
WBGene00016340.,23,41,64
WBGene00016341.,19,967,986
WBGene00016343.,158,671,829
WBGene00016344.,37,219,256
WBGene00016345.,0,170,170
WBGene00016346.,0,21,21
WBGene00016347.,17,1,18
WBGene00016349.,2,46,48
WBGene00016350.,0,5,5
WBGene00016351.,0,1,1
WBGene00016352.,35,386,421
WBGene00016353.,1,75,76
WBGene00016354.,622,1181,1803
WBGene00016355.,54,765,819
WBGene00016356.,5,9,14
WBGene00016357.,0,1,1
WBGene00016358.,0,1,1
WBGene00016359.,4,502,506
WBGene00016360.,37,294,331
WBGene00016361.,8,19,27
WBGene00016362.,215,24954,25169
WBGene00016363.,18,83,101
WBGene00016364.,62,400,462
WBGene00016365.,12,104,116
WBGene00016366.,6,94,100
WBGene00016367.,18,92,110
WBGene00016368.,21,137,158
WBGene00016369.,0,3,3
WBGene00016370.,0,2,2
WBGene00016371.,5,3,8
WBGene00016373.,10,129,139
WBGene00016374.,77,1413,1490
WBGene00016375.,7,600,607
WBGene00016376.,17,734,751
WBGene00016378.,145,1349,1494
WBGene00016379.,15,517,532
WBGene00016380.,40,755,795
WBGene00016381.,41,461,502
WBGene00016382.,1,3,4
WBGene00016383.,61,830,891
WBGene00016384.,195,2481,2676
WBGene00016386.,43,36,79
WBGene00016387.,44,718,762
WBGene00016388.,1,0,1
WBGene00016389.,1,2,3
WBGene00016390.,26,804,830
WBGene00016391.,208,2666,2874
WBGene00016392.,21,490,511
WBGene00016393.,442,17949,18391
WBGene00016394.,101,131,232
WBGene00016395.,996,7996,8992
WBGene00016396.,273,621,894
WBGene00016397.,46,324,370
WBGene00016398.,0,6,6
WBGene00016399.,3,3,6
WBGene00016400.,104,1482,1586
WBGene00016402.,7,47,54
WBGene00016403.,171,660,831
WBGene00016404.,85,579,664
WBGene00016405.,210,5377,5587
WBGene00016406.,79,1019,1098
WBGene00016407.,744,1567,2311
WBGene00016408.,111,1394,1505
WBGene00016409.,107,1006,1113
WBGene00016410.,9,22,31
WBGene00016411.,60,2422,2482
WBGene00016412.,33,2242,2275
WBGene00016413.,1,4,5
WBGene00016414.,0,2,2
WBGene00016415.,469,4068,4537
WBGene00016416.,12,72,84
WBGene00016417.,84,706,790
WBGene00016418.,206,503,709
WBGene00016419.,40,700,740
WBGene00016420.,0,8,8
WBGene00016421.,21,211,232
WBGene00016422.,39,4208,4247
WBGene00016423.,98,899,997
WBGene00016424.,11,76,87
WBGene00016425.,0,17,17
WBGene00016427.,110,209,319
WBGene00016428.,67,646,713
WBGene00016429.,10,143,153
WBGene00016430.,0,0,0
WBGene00016431.,19,56,75
WBGene00016432.,1294,2364,3658
WBGene00016433.,0,0,0
WBGene00016434.,0,8,8
WBGene00016435.,271,4660,4931
WBGene00016436.,7,230,237
WBGene00016437.,10,1,11
WBGene00016438.,54,525,579
WBGene00016439.,81,1693,1774
WBGene00016440.,0,40,40
WBGene00016441.,5,20,25
WBGene00016442.,28,1596,1624
WBGene00016443.,95,784,879
WBGene00016444.,94,620,714
WBGene00016445.,25,116,141
WBGene00016446.,38,1496,1534
WBGene00016447.,0,0,0
WBGene00016448.,51,577,628
WBGene00016449.,22,2540,2562
WBGene00016450.,0,34,34
WBGene00016451.,1,9,10
WBGene00016452.,112,1358,1470
WBGene00016453.,6,149,155
WBGene00016454.,46,628,674
WBGene00016455.,5,24,29
WBGene00016456.,15,1410,1425
WBGene00016457.,4,98,102
WBGene00016458.,92,1753,1845
WBGene00016459.,2,20,22
WBGene00016460.,9,70,79
WBGene00016461.,11,44,55
WBGene00016462.,4,48,52
WBGene00016463.,19,1038,1057
WBGene00016464.,7,21,28
WBGene00016465.,1,11,12
WBGene00016466.,15,98,113
WBGene00016467.,17,314,331
WBGene00016468.,18,44,62
WBGene00016469.,67,1155,1222
WBGene00016470.,2,0,2
WBGene00016471.,7,12,19
WBGene00016472.,0,6,6
WBGene00016473.,0,1,1
WBGene00016474.,2,1,3
WBGene00016475.,0,5,5
WBGene00016476.,5,10,15
WBGene00016477.,0,2,2
WBGene00016478.,1,14,15
WBGene00016479.,1,2,3
WBGene00016480.,3,2,5
WBGene00016481.,1,3,4
WBGene00016483.,0,12,12
WBGene00016484.,0,2,2
WBGene00016485.,1,3,4
WBGene00016486.,2,7,9
WBGene00016487.,2,1,3
WBGene00016488.,35,65,100
WBGene00016489.,205,1728,1933
WBGene00016490.,84,1038,1122
WBGene00016491.,9,27,36
WBGene00016492.,43,276,319
WBGene00016493.,30840,212052,242892
WBGene00016494.,316,3586,3902
WBGene00016495.,12,657,669
WBGene00016496.,203,9872,10075
WBGene00016497.,4,24,28
WBGene00016499.,84,414,498
WBGene00016500.,14,1251,1265
WBGene00016501.,17,1480,1497
WBGene00016502.,1,80,81
WBGene00016503.,12,371,383
WBGene00016504.,6,824,830
WBGene00016505.,11,1224,1235
WBGene00016506.,29,170,199
WBGene00016507.,103,760,863
WBGene00016508.,352,3619,3971
WBGene00016509.,195,10263,10458
WBGene00016511.,313,4557,4870
WBGene00016512.,16,22,38
WBGene00016513.,43,1647,1690
WBGene00016514.,31,175,206
WBGene00016516.,4,7,11
WBGene00016517.,2,35,37
WBGene00016518.,34,51,85
WBGene00016519.,4,0,4
WBGene00016520.,17,63,80
WBGene00016521.,1,8,9
WBGene00016522.,15,229,244
WBGene00016523.,3,22,25
WBGene00016524.,106,500,606
WBGene00016525.,6,12,18
WBGene00016526.,0,2,2
WBGene00016527.,2,3,5
WBGene00016528.,0,2,2
WBGene00016529.,0,6,6
WBGene00016530.,74,875,949
WBGene00016531.,200,1393,1593
WBGene00016532.,33,441,474
WBGene00016533.,117,1182,1299
WBGene00016534.,8,28,36
WBGene00016535.,11,1324,1335
WBGene00016537.,0,10,10
WBGene00016538.,54,339,393
WBGene00016539.,397,1462,1859
WBGene00016540.,98,358,456
WBGene00016541.,3,8,11
WBGene00016542.,30,115,145
WBGene00016543.,2,32,34
WBGene00016544.,2,12,14
WBGene00016545.,8,103,111
WBGene00016546.,21,103,124
WBGene00016547.,13,262,275
WBGene00016548.,3,8,11
WBGene00016549.,9,177,186
WBGene00016550.,5,1,6
WBGene00016551.,0,7,7
WBGene00016553.,36,425,461
WBGene00016554.,0,0,0
WBGene00016555.,0,26,26
WBGene00016556.,2,0,2
WBGene00016557.,0,0,0
WBGene00016558.,28,176,204
WBGene00016559.,53,423,476
WBGene00016561.,406,956,1362
WBGene00016562.,1576,4729,6305
WBGene00016564.,34,515,549
WBGene00016565.,0,8,8
WBGene00016566.,84,659,743
WBGene00016567.,3,196,199
WBGene00016568.,107,834,941
WBGene00016570.,70,549,619
WBGene00016572.,6,10,16
WBGene00016573.,6,272,278
WBGene00016574.,7,584,591
WBGene00016575.,16,272,288
WBGene00016576.,4,665,669
WBGene00016577.,1,1,2
WBGene00016578.,0,0,0
WBGene00016579.,54,302,356
WBGene00016580.,66,309,375
WBGene00016581.,3,6,9
WBGene00016582.,36,682,718
WBGene00016583.,25,1964,1989
WBGene00016585.,20,63,83
WBGene00016586.,0,105,105
WBGene00016587.,9,16,25
WBGene00016588.,0,82,82
WBGene00016589.,1,783,784
WBGene00016590.,79,751,830
WBGene00016591.,23,901,924
WBGene00016592.,39,268,307
WBGene00016594.,53,2768,2821
WBGene00016595.,5,29,34
WBGene00016596.,5,377,382
WBGene00016597.,2,3,5
WBGene00016598.,0,8,8
WBGene00016599.,20,26,46
WBGene00016600.,129,114,243
WBGene00016601.,325,4115,4440
WBGene00016602.,15,482,497
WBGene00016603.,407,3589,3996
WBGene00016605.,2,45,47
WBGene00016606.,147,1126,1273
WBGene00016607.,251,3341,3592
WBGene00016608.,60,687,747
WBGene00016609.,142,277,419
WBGene00016610.,117,1067,1184
WBGene00016611.,528,5138,5666
WBGene00016612.,9,48,57
WBGene00016613.,43,213,256
WBGene00016614.,68,685,753
WBGene00016616.,18,957,975
WBGene00016617.,54,603,657
WBGene00016619.,31,283,314
WBGene00016620.,75,743,818
WBGene00016621.,69,452,521
WBGene00016622.,46,1271,1317
WBGene00016623.,39,551,590
WBGene00016624.,405,1899,2304
WBGene00016625.,27,178,205
WBGene00016626.,93,1559,1652
WBGene00016627.,3,6,9
WBGene00016628.,144,734,878
WBGene00016629.,67,863,930
WBGene00016630.,418,27789,28207
WBGene00016631.,76,405,481
WBGene00016632.,39,138,177
WBGene00016633.,22,423,445
WBGene00016634.,145,854,999
WBGene00016635.,0,4830,4830
WBGene00016636.,2,5,7
WBGene00016637.,29,168,197
WBGene00016638.,1,5,6
WBGene00016639.,23,50,73
WBGene00016641.,48,2180,2228
WBGene00016642.,45,522,567
WBGene00016643.,112,1047,1159
WBGene00016644.,6,486,492
WBGene00016645.,61,1790,1851
WBGene00016646.,0,0,0
WBGene00016647.,0,0,0
WBGene00016648.,0,0,0
WBGene00016649.,0,0,0
WBGene00016650.,663,7839,8502
WBGene00016652.,54,444,498
WBGene00016653.,87,12840,12927
WBGene00016654.,184,463,647
WBGene00016655.,259,4139,4398
WBGene00016657.,24,259,283
WBGene00016658.,0,1,1
WBGene00016659.,45,1048,1093
WBGene00016660.,0,7,7
WBGene00016661.,159,956,1115
WBGene00016662.,2,81,83
WBGene00016663.,83,834,917
WBGene00016664.,20,206,226
WBGene00016665.,1,7,8
WBGene00016666.,3,30,33
WBGene00016667.,31,320,351
WBGene00016668.,0,0,0
WBGene00016669.,0,3,3
WBGene00016670.,5,6,11
WBGene00016671.,17,357,374
WBGene00016673.,8,4,12
WBGene00016674.,26,649,675
WBGene00016675.,0,4,4
WBGene00016676.,28,770,798
WBGene00016677.,40,570,610
WBGene00016678.,169,947,1116
WBGene00016679.,5,102,107
WBGene00016680.,0,1,1
WBGene00016681.,2,10,12
WBGene00016682.,27,92,119
WBGene00016683.,52,117,169
WBGene00016684.,47,2830,2877
WBGene00016685.,2,0,2
WBGene00016686.,2,0,2
WBGene00016687.,2,1,3
WBGene00016688.,5,6,11
WBGene00016689.,2,1,3
WBGene00016690.,1,1,2
WBGene00016691.,3,1,4
WBGene00016692.,1,3,4
WBGene00016693.,5,4,9
WBGene00016694.,0,2,2
WBGene00016695.,0,4,4
WBGene00016696.,7,25,32
WBGene00016697.,4,20,24
WBGene00016698.,2,1,3
WBGene00016699.,3,6,9
WBGene00016700.,12,30,42
WBGene00016701.,4,78,82
WBGene00016702.,73,645,718
WBGene00016703.,80,584,664
WBGene00016704.,70,633,703
WBGene00016705.,34,99,133
WBGene00016706.,256,4000,4256
WBGene00016707.,1,1,2
WBGene00016708.,0,2,2
WBGene00016709.,1,0,1
WBGene00016710.,11,570,581
WBGene00016711.,1,73,74
WBGene00016712.,0,2,2
WBGene00016713.,0,1,1
WBGene00016714.,7,42,49
WBGene00016716.,1488,7829,9317
WBGene00016717.,3,8,11
WBGene00016718.,2,2,4
WBGene00016719.,2,5,7
WBGene00016720.,0,0,0
WBGene00016721.,32,340,372
WBGene00016722.,5387,14256,19643
WBGene00016724.,8,31,39
WBGene00016725.,119,281,400
WBGene00016727.,13,11,24
WBGene00016728.,7,76,83
WBGene00016729.,0,5,5
WBGene00016730.,26,125,151
WBGene00016731.,1,17,18
WBGene00016732.,2,31,33
WBGene00016733.,64,1045,1109
WBGene00016734.,65,1236,1301
WBGene00016735.,87,965,1052
WBGene00016737.,1,0,1
WBGene00016738.,2,442,444
WBGene00016739.,117,5559,5676
WBGene00016740.,29,1045,1074
WBGene00016741.,49,734,783
WBGene00016742.,18,12,30
WBGene00016743.,11,11,22
WBGene00016744.,65,454,519
WBGene00016745.,16,221,237
WBGene00016746.,516,10338,10854
WBGene00016747.,26,197,223
WBGene00016748.,29,199,228
WBGene00016749.,166,3960,4126
WBGene00016750.,59,1144,1203
WBGene00016751.,217,1201,1418
WBGene00016752.,0,32,32
WBGene00016753.,3,1,4
WBGene00016754.,265,2441,2706
WBGene00016755.,2,3,5
WBGene00016756.,3,10,13
WBGene00016757.,18,40,58
WBGene00016758.,10,47,57
WBGene00016759.,9,46,55
WBGene00016760.,6,55,61
WBGene00016761.,19,107,126
WBGene00016762.,20,226,246
WBGene00016763.,33,623,656
WBGene00016764.,94,837,931
WBGene00016765.,3,5,8
WBGene00016766.,6,482,488
WBGene00016767.,4,200,204
WBGene00016768.,56,287,343
WBGene00016769.,27,106,133
WBGene00016770.,1,7,8
WBGene00016772.,0,14,14
WBGene00016773.,2,2,4
WBGene00016775.,0,0,0
WBGene00016776.,0,0,0
WBGene00016777.,0,1,1
WBGene00016778.,10,2,12
WBGene00016779.,2,4,6
WBGene00016781.,62,41707,41769
WBGene00016782.,0,252,252
WBGene00016783.,27,123,150
WBGene00016785.,5,44,49
WBGene00016786.,1,5,6
WBGene00016788.,231,1062,1293
WBGene00016789.,4,43,47
WBGene00016790.,623,11133,11756
WBGene00016791.,53,526,579
WBGene00016792.,207,1718,1925
WBGene00016793.,80,1677,1757
WBGene00016794.,130,1011,1141
WBGene00016795.,3,22,25
WBGene00016796.,75,232,307
WBGene00016797.,80,66,146
WBGene00016798.,0,5,5
WBGene00016799.,15,112,127
WBGene00016800.,8,49,57
WBGene00016801.,25,998,1023
WBGene00016803.,18,1570,1588
WBGene00016804.,0,10,10
WBGene00016805.,8,43,51
WBGene00016806.,4,324,328
WBGene00016807.,3,1,4
WBGene00016808.,105,5387,5492
WBGene00016809.,78,618,696
WBGene00016810.,30,685,715
WBGene00016811.,76,605,681
WBGene00016812.,93,745,838
WBGene00016813.,2,1,3
WBGene00016815.,4,1,5
WBGene00016816.,102,526,628
WBGene00016817.,30,320,350
WBGene00016818.,2,12,14
WBGene00016820.,2,17,19
WBGene00016821.,1,1,2
WBGene00016822.,2,0,2
WBGene00016823.,1,3,4
WBGene00016824.,0,1,1
WBGene00016825.,1,0,1
WBGene00016826.,7,1,8
WBGene00016827.,4,0,4
WBGene00016828.,12,8,20
WBGene00016829.,3,2,5
WBGene00016830.,2,0,2
WBGene00016831.,1,1,2
WBGene00016832.,4,16,20
WBGene00016833.,4,1,5
WBGene00016834.,4,4,8
WBGene00016835.,48,212,260
WBGene00016836.,184,887,1071
WBGene00016837.,104,2513,2617
WBGene00016838.,300,3073,3373
WBGene00016839.,2,8,10
WBGene00016840.,88,667,755
WBGene00016841.,139,1423,1562
WBGene00016842.,6,172,178
WBGene00016843.,1,4,5
WBGene00016844.,92,2595,2687
WBGene00016845.,0,197,197
WBGene00016846.,199,1529,1728
WBGene00016847.,5,10,15
WBGene00016848.,49,295,344
WBGene00016849.,17,179,196
WBGene00016850.,0,84,84
WBGene00016851.,1,7,8
WBGene00016852.,0,21,21
WBGene00016853.,1,1,2
WBGene00016854.,2,9,11
WBGene00016855.,0,234,234
WBGene00016856.,2,8,10
WBGene00016857.,2,2,4
WBGene00016858.,7,24,31
WBGene00016859.,1,9,10
WBGene00016860.,50,366,416
WBGene00016861.,3,31,34
WBGene00016862.,91,481,572
WBGene00016863.,5,13,18
WBGene00016864.,1,4,5
WBGene00016865.,2,47,49
WBGene00016866.,71,288,359
WBGene00016867.,58,1123,1181
WBGene00016868.,71,259,330
WBGene00016869.,3,115,118
WBGene00016870.,1,1,2
WBGene00016871.,344,1433,1777
WBGene00016872.,13,134,147
WBGene00016873.,10,84,94
WBGene00016874.,10,23,33
WBGene00016877.,35,31,66
WBGene00016879.,126,934,1060
WBGene00016880.,0,7,7
WBGene00016881.,0,1,1
WBGene00016882.,0,0,0
WBGene00016883.,3,11,14
WBGene00016884.,0,1,1
WBGene00016885.,0,0,0
WBGene00016886.,0,1,1
WBGene00016888.,404,3796,4200
WBGene00016889.,226,2765,2991
WBGene00016890.,32,218,250
WBGene00016891.,0,1,1
WBGene00016892.,28,1368,1396
WBGene00016893.,0,16,16
WBGene00016894.,5,727,732
WBGene00016895.,0,0,0
WBGene00016896.,64,202,266
WBGene00016898.,86,1312,1398
WBGene00016899.,13,63,76
WBGene00016900.,47,108,155
WBGene00016901.,0,5,5
WBGene00016902.,549,1139,1688
WBGene00016903.,118,917,1035
WBGene00016905.,139,841,980
WBGene00016906.,42,238,280
WBGene00016907.,21,5375,5396
WBGene00016909.,43,163,206
WBGene00016911.,62,1354,1416
WBGene00016912.,1,74,75
WBGene00016913.,186,6151,6337
WBGene00016914.,18,195,213
WBGene00016915.,5,14,19
WBGene00016916.,29,993,1022
WBGene00016917.,9,61,70
WBGene00016918.,1821,11484,13305
WBGene00016919.,182,461,643
WBGene00016920.,65,463,528
WBGene00016921.,11,104,115
WBGene00016922.,5,10,15
WBGene00016923.,87,1586,1673
WBGene00016924.,0,0,0
WBGene00016925.,8,24,32
WBGene00016926.,1,28,29
WBGene00016927.,2,22,24
WBGene00016928.,6,21,27
WBGene00016929.,2,18,20
WBGene00016930.,34,161,195
WBGene00016931.,12,22,34
WBGene00016932.,47,85,132
WBGene00016933.,9,65,74
WBGene00016934.,68,2678,2746
WBGene00016935.,63,388,451
WBGene00016937.,38,839,877
WBGene00016938.,23,79,102
WBGene00016939.,1,19,20
WBGene00016940.,0,1,1
WBGene00016941.,5,37,42
WBGene00016942.,7,68,75
WBGene00016943.,217,12178,12395
WBGene00016944.,36,871,907
WBGene00016945.,27,157,184
WBGene00016946.,1,6,7
WBGene00016947.,19,170,189
WBGene00016948.,2,6,8
WBGene00016949.,8,0,8
WBGene00016950.,3,1,4
WBGene00016951.,21,66,87
WBGene00016953.,12,22,34
WBGene00016954.,1,4,5
WBGene00016955.,138,693,831
WBGene00016956.,9,14,23
WBGene00016957.,212,417,629
WBGene00016958.,90,815,905
WBGene00016959.,0,3,3
WBGene00016960.,41,422,463
WBGene00016961.,259,6297,6556
WBGene00016962.,4,278,282
WBGene00016963.,4,15,19
WBGene00016964.,95,851,946
WBGene00016965.,58,467,525
WBGene00016966.,56,744,800
WBGene00016968.,153,817,970
WBGene00016970.,5,110,115
WBGene00016971.,46,690,736
WBGene00016972.,3,23,26
WBGene00016973.,23,143,166
WBGene00016974.,11,345,356
WBGene00016975.,161,805,966
WBGene00016976.,78,136,214
WBGene00016977.,1813,12414,14227
WBGene00016978.,64,897,961
WBGene00016979.,23,407,430
WBGene00016980.,4,19,23
WBGene00016981.,51,3630,3681
WBGene00016982.,18,149,167
WBGene00016983.,40,529,569
WBGene00016984.,188,299,487
WBGene00016985.,0,4,4
WBGene00016987.,40,2818,2858
WBGene00016988.,258,3161,3419
WBGene00016989.,118,1478,1596
WBGene00016990.,44,1815,1859
WBGene00016992.,19,366,385
WBGene00016993.,46,285,331
WBGene00016995.,48,1254,1302
WBGene00016996.,113,794,907
WBGene00016997.,48,2130,2178
WBGene00016998.,22,279,301
WBGene00016999.,13,56,69
WBGene00017000.,19,140,159
WBGene00017001.,7,39,46
WBGene00017002.,1,355,356
WBGene00017003.,22,582,604
WBGene00017004.,95,1829,1924
WBGene00017005.,4,213,217
WBGene00017007.,79,322,401
WBGene00017009.,11,108,119
WBGene00017010.,39,359,398
WBGene00017011.,9,1061,1070
WBGene00017012.,44,154,198
WBGene00017013.,61,292,353
WBGene00017014.,36,385,421
WBGene00017015.,3,161,164
WBGene00017016.,400,4408,4808
WBGene00017017.,320,572,892
WBGene00017018.,53,935,988
WBGene00017019.,2,6,8
WBGene00017020.,5,15,20
WBGene00017021.,0,3,3
WBGene00017022.,10,149,159
WBGene00017023.,25,1176,1201
WBGene00017024.,2,19,21
WBGene00017025.,121,1358,1479
WBGene00017026.,7,1,8
WBGene00017027.,7,31,38
WBGene00017028.,63,424,487
WBGene00017029.,0,2,2
WBGene00017031.,74,675,749
WBGene00017032.,13,231,244
WBGene00017033.,9,117,126
WBGene00017034.,5,16,21
WBGene00017035.,8,8,16
WBGene00017036.,52,856,908
WBGene00017037.,191,1377,1568
WBGene00017038.,234,291,525
WBGene00017039.,82,144,226
WBGene00017040.,46,325,371
WBGene00017041.,63,260,323
WBGene00017042.,70,691,761
WBGene00017044.,100,3607,3707
WBGene00017045.,209,1934,2143
WBGene00017046.,67,628,695
WBGene00017048.,50,131,181
WBGene00017050.,37,44,81
WBGene00017051.,20,112,132
WBGene00017052.,1,34,35
WBGene00017053.,45,1145,1190
WBGene00017054.,177,2602,2779
WBGene00017055.,1,0,1
WBGene00017056.,0,2,2
WBGene00017057.,1,0,1
WBGene00017058.,0,3,3
WBGene00017059.,0,0,0
WBGene00017060.,245,23088,23333
WBGene00017061.,17,26,43
WBGene00017062.,128,1240,1368
WBGene00017063.,59,239,298
WBGene00017064.,64,1538,1602
WBGene00017065.,836,17328,18164
WBGene00017066.,440,2313,2753
WBGene00017068.,80,1703,1783
WBGene00017069.,48,320,368
WBGene00017070.,71,2869,2940
WBGene00017071.,29,56,85
WBGene00017072.,42,112,154
WBGene00017073.,19,152,171
WBGene00017074.,26,576,602
WBGene00017075.,183,38249,38432
WBGene00017076.,178,1434,1612
WBGene00017077.,18,90,108
WBGene00017078.,7,81,88
WBGene00017079.,30,418,448
WBGene00017080.,356,546,902
WBGene00017082.,82,2391,2473
WBGene00017083.,27,66,93
WBGene00017084.,613,1357,1970
WBGene00017085.,200,3701,3901
WBGene00017087.,58,441,499
WBGene00017088.,85,3582,3667
WBGene00017089.,4,70,74
WBGene00017090.,3,2,5
WBGene00017091.,7,6,13
WBGene00017092.,4,6,10
WBGene00017093.,1,9,10
WBGene00017094.,4,3,7
WBGene00017095.,1,3,4
WBGene00017096.,1,12,13
WBGene00017097.,27,4,31
WBGene00017098.,266,6855,7121
WBGene00017099.,2,0,2
WBGene00017100.,0,16,16
WBGene00017101.,58,232,290
WBGene00017102.,0,1,1
WBGene00017103.,0,13,13
WBGene00017104.,0,0,0
WBGene00017105.,0,0,0
WBGene00017106.,0,12,12
WBGene00017107.,1,57,58
WBGene00017108.,16,113,129
WBGene00017109.,3,0,3
WBGene00017110.,3,3,6
WBGene00017111.,8,3,11
WBGene00017112.,1,8,9
WBGene00017113.,14,34,48
WBGene00017114.,1,1,2
WBGene00017115.,2,4,6
WBGene00017116.,1,8,9
WBGene00017117.,5,29,34
WBGene00017118.,1,2,3
WBGene00017119.,179,8263,8442
WBGene00017120.,57,273,330
WBGene00017121.,3304,99804,103108
WBGene00017122.,7,35,42
WBGene00017123.,22,416,438
WBGene00017124.,36,199,235
WBGene00017125.,140,1380,1520
WBGene00017126.,64,838,902
WBGene00017127.,664,5584,6248
WBGene00017128.,301,3806,4107
WBGene00017129.,17,234,251
WBGene00017131.,3,13,16
WBGene00017132.,247,2227,2474
WBGene00017133.,11,112,123
WBGene00017134.,2,66,68
WBGene00017135.,1,87,88
WBGene00017136.,10,33,43
WBGene00017137.,15,746,761
WBGene00017138.,136,1956,2092
WBGene00017139.,2,5,7
WBGene00017140.,0,63,63
WBGene00017141.,0,21,21
WBGene00017142.,10,262,272
WBGene00017143.,2,103,105
WBGene00017144.,51,844,895
WBGene00017146.,29,59,88
WBGene00017147.,35,446,481
WBGene00017148.,0,31,31
WBGene00017149.,684,25280,25964
WBGene00017150.,7,539,546
WBGene00017151.,21,60,81
WBGene00017152.,2,0,2
WBGene00017153.,0,50,50
WBGene00017154.,27,696,723
WBGene00017156.,280,368,648
WBGene00017157.,222,609,831
WBGene00017158.,87,1386,1473
WBGene00017159.,329,3143,3472
WBGene00017160.,179,2213,2392
WBGene00017161.,150,1302,1452
WBGene00017162.,170,2444,2614
WBGene00017163.,136,1996,2132
WBGene00017164.,33,223,256
WBGene00017165.,268,742,1010
WBGene00017166.,502,14622,15124
WBGene00017168.,0,7,7
WBGene00017169.,16,739,755
WBGene00017170.,69,83,152
WBGene00017172.,0,0,0
WBGene00017173.,4,3,7
WBGene00017174.,1,17,18
WBGene00017175.,2,0,2
WBGene00017176.,9,191,200
WBGene00017177.,2,1,3
WBGene00017178.,35,540,575
WBGene00017179.,1,7,8
WBGene00017180.,125,665,790
WBGene00017181.,3,5,8
WBGene00017182.,1,2,3
WBGene00017183.,1,0,1
WBGene00017184.,113,827,940
WBGene00017185.,0,0,0
WBGene00017186.,0,0,0
WBGene00017188.,0,0,0
WBGene00017189.,0,0,0
WBGene00017190.,0,75,75
WBGene00017191.,0,0,0
WBGene00017192.,0,0,0
WBGene00017193.,165,2660,2825
WBGene00017194.,28,96,124
WBGene00017195.,65,783,848
WBGene00017197.,20,355,375
WBGene00017198.,19,147,166
WBGene00017199.,0,6,6
WBGene00017200.,2,24,26
WBGene00017201.,154,4661,4815
WBGene00017202.,0,11,11
WBGene00017203.,0,2,2
WBGene00017204.,1,4,5
WBGene00017205.,1,3,4
WBGene00017207.,0,2,2
WBGene00017208.,0,8,8
WBGene00017209.,34,0,34
WBGene00017210.,396,4496,4892
WBGene00017211.,0,5,5
WBGene00017212.,0,8,8
WBGene00017213.,4,2,6
WBGene00017214.,3,3,6
WBGene00017215.,7,7,14
WBGene00017216.,12,105,117
WBGene00017217.,157,610,767
WBGene00017218.,6,38,44
WBGene00017219.,27,412,439
WBGene00017220.,141,3257,3398
WBGene00017221.,15,2,17
WBGene00017222.,1,1,2
WBGene00017223.,0,1,1
WBGene00017224.,2,2,4
WBGene00017225.,14,13,27
WBGene00017226.,2,10,12
WBGene00017227.,1,1,2
WBGene00017228.,6,24,30
WBGene00017229.,0,1,1
WBGene00017230.,8,1,9
WBGene00017231.,5,6,11
WBGene00017232.,2,2,4
WBGene00017233.,4,19,23
WBGene00017235.,120,182,302
WBGene00017236.,14,183,197
WBGene00017237.,63,661,724
WBGene00017238.,111,4808,4919
WBGene00017239.,138,789,927
WBGene00017240.,88,1370,1458
WBGene00017241.,220,1912,2132
WBGene00017243.,4,11,15
WBGene00017244.,235,1906,2141
WBGene00017245.,255,2834,3089
WBGene00017246.,28,124,152
WBGene00017247.,9,59,68
WBGene00017248.,0,0,0
WBGene00017249.,1,2,3
WBGene00017250.,29,386,415
WBGene00017251.,0,2,2
WBGene00017252.,0,3,3
WBGene00017253.,1,3,4
WBGene00017254.,0,3,3
WBGene00017255.,16,73,89
WBGene00017257.,5,54,59
WBGene00017258.,20,118,138
WBGene00017259.,3,9,12
WBGene00017260.,28,209,237
WBGene00017261.,71,836,907
WBGene00017262.,381,3246,3627
WBGene00017263.,1,7,8
WBGene00017264.,0,5,5
WBGene00017265.,8,130,138
WBGene00017266.,186,1527,1713
WBGene00017267.,0,5,5
WBGene00017268.,92,1550,1642
WBGene00017269.,169,484,653
WBGene00017270.,0,0,0
WBGene00017271.,9,15,24
WBGene00017272.,50,784,834
WBGene00017273.,124,778,902
WBGene00017274.,427,2456,2883
WBGene00017275.,193,1333,1526
WBGene00017277.,8,6,14
WBGene00017278.,8,19,27
WBGene00017279.,1,6,7
WBGene00017280.,528,1384,1912
WBGene00017281.,12,21,33
WBGene00017282.,13,510,523
WBGene00017283.,156,2314,2470
WBGene00017284.,200,1148,1348
WBGene00017285.,26,1170,1196
WBGene00017286.,378,2609,2987
WBGene00017287.,10,138,148
WBGene00017288.,2,185,187
WBGene00017289.,7,1449,1456
WBGene00017290.,25,147,172
WBGene00017291.,38,701,739
WBGene00017292.,83,1871,1954
WBGene00017293.,11,721,732
WBGene00017294.,30,182,212
WBGene00017295.,70,14,84
WBGene00017296.,28,65,93
WBGene00017297.,98,4290,4388
WBGene00017298.,274,1858,2132
WBGene00017299.,200,1371,1571
WBGene00017300.,476,4193,4669
WBGene00017301.,189,11501,11690
WBGene00017302.,64,207,271
WBGene00017303.,359,4802,5161
WBGene00017304.,56,2354,2410
WBGene00017305.,1,57,58
WBGene00017306.,47,200,247
WBGene00017307.,21,274,295
WBGene00017308.,11,43,54
WBGene00017309.,64,78,142
WBGene00017310.,30,427,457
WBGene00017311.,34,3380,3414
WBGene00017312.,1,25,26
WBGene00017313.,176,1744,1920
WBGene00017314.,122,1068,1190
WBGene00017315.,1,1,2
WBGene00017316.,102,435,537
WBGene00017317.,1554,13671,15225
WBGene00017319.,364,3683,4047
WBGene00017320.,28,218,246
WBGene00017321.,26,1858,1884
WBGene00017322.,3,37,40
WBGene00017323.,21,74,95
WBGene00017324.,0,1,1
WBGene00017325.,0,0,0
WBGene00017326.,17,228,245
WBGene00017327.,0,29,29
WBGene00017328.,22,816,838
WBGene00017329.,16,151,167
WBGene00017330.,5,10,15
WBGene00017331.,81,532,613
WBGene00017332.,418,712,1130
WBGene00017333.,0,8,8
WBGene00017334.,6,36,42
WBGene00017335.,39,311,350
WBGene00017336.,81,279,360
WBGene00017338.,42,200,242
WBGene00017339.,86,518,604
WBGene00017340.,10,105,115
WBGene00017341.,5,4,9
WBGene00017342.,114,961,1075
WBGene00017343.,5,3,8
WBGene00017344.,45,1223,1268
WBGene00017345.,1,3,4
WBGene00017347.,49,7957,8006
WBGene00017348.,3,1168,1171
WBGene00017349.,118,2689,2807
WBGene00017350.,181,1844,2025
WBGene00017351.,2,17,19
WBGene00017352.,89,113,202
WBGene00017353.,45,474,519
WBGene00017354.,6,18,24
WBGene00017355.,25,711,736
WBGene00017356.,299,2354,2653
WBGene00017357.,98,1337,1435
WBGene00017358.,9,419,428
WBGene00017359.,15,89,104
WBGene00017360.,209,2206,2415
WBGene00017361.,2,55,57
WBGene00017362.,366,6502,6868
WBGene00017363.,119,2638,2757
WBGene00017364.,0,16,16
WBGene00017365.,0,1,1
WBGene00017366.,3,32,35
WBGene00017367.,7,145,152
WBGene00017369.,33,762,795
WBGene00017370.,6,4,10
WBGene00017371.,11,52,63
WBGene00017372.,396,1831,2227
WBGene00017373.,193,1675,1868
WBGene00017374.,600,7739,8339
WBGene00017375.,43,253,296
WBGene00017376.,1133,20035,21168
WBGene00017378.,2,46,48
WBGene00017379.,489,8783,9272
WBGene00017380.,259,1196,1455
WBGene00017381.,50,701,751
WBGene00017382.,0,0,0
WBGene00017383.,5,0,5
WBGene00017384.,4,4,8
WBGene00017385.,12,1423,1435
WBGene00017386.,0,137,137
WBGene00017387.,0,1,1
WBGene00017388.,2,4,6
WBGene00017389.,398,590,988
WBGene00017390.,55,264,319
WBGene00017391.,1,1,2
WBGene00017392.,1,3,4
WBGene00017393.,1,3,4
WBGene00017394.,112,665,777
WBGene00017395.,0,2,2
WBGene00017396.,6,9,15
WBGene00017397.,81,468,549
WBGene00017398.,6,20,26
WBGene00017399.,12,5,17
WBGene00017400.,31,299,330
WBGene00017401.,0,0,0
WBGene00017402.,0,0,0
WBGene00017403.,2,0,2
WBGene00017404.,0,0,0
WBGene00017405.,1,4,5
WBGene00017406.,0,2,2
WBGene00017407.,2,4,6
WBGene00017408.,0,2,2
WBGene00017410.,5,9,14
WBGene00017411.,8,139,147
WBGene00017412.,4,3,7
WBGene00017413.,1,2,3
WBGene00017414.,0,0,0
WBGene00017415.,2,4,6
WBGene00017416.,1,97,98
WBGene00017417.,9,101,110
WBGene00017418.,115,1372,1487
WBGene00017419.,153,3491,3644
WBGene00017420.,29,163,192
WBGene00017421.,119,372,491
WBGene00017422.,8,324,332
WBGene00017423.,425,7532,7957
WBGene00017424.,15,22,37
WBGene00017426.,32,215,247
WBGene00017427.,24,63,87
WBGene00017428.,409,4584,4993
WBGene00017429.,103,525,628
WBGene00017430.,146,1862,2008
WBGene00017431.,149,805,954
WBGene00017432.,41,85,126
WBGene00017433.,37,204,241
WBGene00017434.,8,135,143
WBGene00017435.,148,2324,2472
WBGene00017436.,3,69,72
WBGene00017437.,17,159,176
WBGene00017438.,4,117,121
WBGene00017439.,14,171,185
WBGene00017440.,1186,26168,27354
WBGene00017441.,17,65,82
WBGene00017442.,12,237,249
WBGene00017443.,4,37,41
WBGene00017444.,2,2,4
WBGene00017445.,146,1386,1532
WBGene00017446.,4,51,55
WBGene00017447.,24,158,182
WBGene00017448.,53,419,472
WBGene00017449.,31,80,111
WBGene00017450.,11,72,83
WBGene00017451.,0,1,1
WBGene00017452.,85,51,136
WBGene00017453.,5,25,30
WBGene00017454.,5,3,8
WBGene00017455.,1,6,7
WBGene00017456.,21,21,42
WBGene00017459.,13,112,125
WBGene00017460.,4,104,108
WBGene00017461.,0,119,119
WBGene00017462.,5,122,127
WBGene00017463.,77,368,445
WBGene00017464.,31,214,245
WBGene00017465.,1,4,5
WBGene00017466.,6,17,23
WBGene00017467.,13,200,213
WBGene00017468.,21,81,102
WBGene00017469.,3,18,21
WBGene00017470.,6,4,10
WBGene00017471.,7,117,124
WBGene00017472.,157,1932,2089
WBGene00017473.,1,83,84
WBGene00017474.,1,4,5
WBGene00017475.,3,4,7
WBGene00017476.,5,8,13
WBGene00017478.,86,729,815
WBGene00017480.,180,1491,1671
WBGene00017481.,0,75,75
WBGene00017482.,16,399,415
WBGene00017483.,1,134,135
WBGene00017484.,34,1237,1271
WBGene00017485.,16,263,279
WBGene00017486.,0,76,76
WBGene00017487.,46,228,274
WBGene00017488.,16,177,193
WBGene00017489.,26,30,56
WBGene00017490.,0,0,0
WBGene00017491.,0,0,0
WBGene00017492.,7,0,7
WBGene00017493.,5,4,9
WBGene00017494.,2,3,5
WBGene00017496.,0,0,0
WBGene00017497.,0,0,0
WBGene00017498.,4,126,130
WBGene00017499.,0,0,0
WBGene00017500.,0,0,0
WBGene00017501.,0,258,258
WBGene00017502.,0,128,128
WBGene00017503.,37,237,274
WBGene00017504.,27,89,116
WBGene00017505.,0,5,5
WBGene00017506.,118,2903,3021
WBGene00017507.,50,300,350
WBGene00017508.,15,150,165
WBGene00017509.,27,158,185
WBGene00017510.,14,50,64
WBGene00017511.,14,39,53
WBGene00017512.,5,54,59
WBGene00017513.,78,550,628
WBGene00017514.,165,2729,2894
WBGene00017515.,13,171,184
WBGene00017516.,2,1,3
WBGene00017517.,1,1,2
WBGene00017518.,10,1,11
WBGene00017519.,2,2,4
WBGene00017520.,0,0,0
WBGene00017521.,0,1,1
WBGene00017522.,0,0,0
WBGene00017523.,1,2,3
WBGene00017524.,1,7,8
WBGene00017525.,0,0,0
WBGene00017526.,2,0,2
WBGene00017527.,0,1,1
WBGene00017528.,0,0,0
WBGene00017529.,3,9,12
WBGene00017530.,73,516,589
WBGene00017532.,2,8,10
WBGene00017533.,2,2,4
WBGene00017534.,132,1508,1640
WBGene00017535.,50,610,660
WBGene00017536.,27,704,731
WBGene00017537.,39,344,383
WBGene00017538.,12,112,124
WBGene00017539.,0,0,0
WBGene00017540.,1,0,1
WBGene00017541.,8,4,12
WBGene00017542.,0,0,0
WBGene00017543.,10,20,30
WBGene00017544.,6,42,48
WBGene00017545.,23,96,119
WBGene00017546.,181,3115,3296
WBGene00017547.,60,547,607
WBGene00017548.,31,201,232
WBGene00017549.,70,405,475
WBGene00017550.,2,0,2
WBGene00017551.,0,2,2
WBGene00017552.,3,0,3
WBGene00017553.,2,1,3
WBGene00017554.,5,4,9
WBGene00017555.,4,5,9
WBGene00017556.,2,7,9
WBGene00017557.,42,989,1031
WBGene00017559.,2,2,4
WBGene00017560.,3,26,29
WBGene00017562.,3,5,8
WBGene00017563.,134,417,551
WBGene00017564.,1,7,8
WBGene00017565.,2638,4205,6843
WBGene00017566.,3,3,6
WBGene00017567.,0,977,977
WBGene00017568.,69,1010,1079
WBGene00017569.,57,672,729
WBGene00017570.,41,196,237
WBGene00017571.,60,1681,1741
WBGene00017573.,2,2,4
WBGene00017574.,16,210,226
WBGene00017576.,98,134,232
WBGene00017577.,16,240,256
WBGene00017578.,12,25,37
WBGene00017579.,6,121,127
WBGene00017580.,83,215,298
WBGene00017581.,3,13,16
WBGene00017582.,27,517,544
WBGene00017583.,58,804,862
WBGene00017584.,0,4,4
WBGene00017585.,0,1,1
WBGene00017586.,14,42,56
WBGene00017587.,1,5,6
WBGene00017588.,0,0,0
WBGene00017589.,7,104,111
WBGene00017590.,0,1,1
WBGene00017591.,45,738,783
WBGene00017592.,0,4,4
WBGene00017593.,2,15,17
WBGene00017594.,0,11,11
WBGene00017597.,411,694,1105
WBGene00017598.,0,2,2
WBGene00017599.,0,469,469
WBGene00017600.,73,938,1011
WBGene00017601.,3,2,5
WBGene00017602.,0,0,0
WBGene00017603.,15,0,15
WBGene00017605.,877,8572,9449
WBGene00017606.,24,543,567
WBGene00017607.,57,613,670
WBGene00017608.,182,959,1141
WBGene00017609.,0,1,1
WBGene00017610.,2,4,6
WBGene00017611.,8,36,44
WBGene00017612.,0,0,0
WBGene00017613.,1423,58053,59476
WBGene00017614.,8,36,44
WBGene00017615.,2,17,19
WBGene00017616.,30,183,213
WBGene00017618.,436,448,884
WBGene00017619.,5,25,30
WBGene00017620.,112,986,1098
WBGene00017621.,154,5620,5774
WBGene00017625.,14,8,22
WBGene00017627.,1,2,3
WBGene00017628.,140,227,367
WBGene00017629.,1,1,2
WBGene00017630.,0,0,0
WBGene00017631.,0,6,6
WBGene00017632.,34,44,78
WBGene00017633.,20,35,55
WBGene00017634.,9,5,14
WBGene00017635.,77,67,144
WBGene00017636.,3,0,3
WBGene00017637.,51,570,621
WBGene00017638.,0,11,11
WBGene00017639.,327,1455,1782
WBGene00017640.,140,1074,1214
WBGene00017641.,1,49,50
WBGene00017642.,205,2323,2528
WBGene00017643.,93,1491,1584
WBGene00017644.,452,2782,3234
WBGene00017645.,13,49,62
WBGene00017646.,109,514,623
WBGene00017647.,51,100,151
WBGene00017648.,5,60,65
WBGene00017650.,9,116,125
WBGene00017651.,36,116,152
WBGene00017652.,1,4,5
WBGene00017653.,274,2712,2986
WBGene00017654.,4,30,34
WBGene00017655.,0,8,8
WBGene00017656.,12,105,117
WBGene00017657.,624,7437,8061
WBGene00017658.,9,254,263
WBGene00017659.,47,2111,2158
WBGene00017660.,13,64,77
WBGene00017661.,9,227,236
WBGene00017662.,3,9,12
WBGene00017663.,301,3077,3378
WBGene00017664.,25,37,62
WBGene00017666.,10,70,80
WBGene00017667.,10,38,48
WBGene00017668.,0,4,4
WBGene00017670.,17,1,18
WBGene00017671.,368,17357,17725
WBGene00017672.,1,1,2
WBGene00017673.,3,65,68
WBGene00017674.,6,97,103
WBGene00017675.,218,5048,5266
WBGene00017676.,132,1426,1558
WBGene00017677.,0,1,1
WBGene00017678.,4,63,67
WBGene00017679.,0,1,1
WBGene00017680.,0,1,1
WBGene00017681.,10,91,101
WBGene00017683.,53,913,966
WBGene00017684.,0,3,3
WBGene00017685.,0,5,5
WBGene00017686.,161,1677,1838
WBGene00017687.,8,231,239
WBGene00017688.,68,1350,1418
WBGene00017690.,68,110,178
WBGene00017691.,174,2552,2726
WBGene00017692.,32,163,195
WBGene00017693.,1,1,2
WBGene00017694.,1,2,3
WBGene00017695.,4,3,7
WBGene00017696.,18,929,947
WBGene00017698.,104,1171,1275
WBGene00017699.,1388,3588,4976
WBGene00017700.,57,148,205
WBGene00017701.,0,6,6
WBGene00017702.,87,765,852
WBGene00017703.,10,26,36
WBGene00017704.,0,1,1
WBGene00017705.,3,9,12
WBGene00017706.,2,28,30
WBGene00017707.,0,0,0
WBGene00017708.,19,216,235
WBGene00017709.,0,5,5
WBGene00017710.,7,62,69
WBGene00017711.,14,288,302
WBGene00017712.,1,21,22
WBGene00017713.,0,4,4
WBGene00017714.,3,86,89
WBGene00017715.,17,372,389
WBGene00017716.,23,148,171
WBGene00017717.,7,312,319
WBGene00017718.,1,12,13
WBGene00017719.,327,2955,3282
WBGene00017720.,74,135,209
WBGene00017721.,12,46,58
WBGene00017722.,1,3,4
WBGene00017723.,24,16,40
WBGene00017724.,254,1235,1489
WBGene00017725.,1,6,7
WBGene00017726.,0,690,690
WBGene00017727.,0,3521,3521
WBGene00017729.,3,3,6
WBGene00017730.,3,142,145
WBGene00017731.,3,66,69
WBGene00017732.,87,645,732
WBGene00017733.,149,1164,1313
WBGene00017734.,109,13701,13810
WBGene00017735.,271,5238,5509
WBGene00017736.,7,39,46
WBGene00017737.,4,11,15
WBGene00017738.,84,779,863
WBGene00017739.,2,20,22
WBGene00017741.,170,885,1055
WBGene00017742.,134,971,1105
WBGene00017743.,1,7,8
WBGene00017744.,79,688,767
WBGene00017745.,156,1670,1826
WBGene00017746.,285,987,1272
WBGene00017747.,20,247,267
WBGene00017748.,169,2368,2537
WBGene00017749.,91,1417,1508
WBGene00017750.,49,315,364
WBGene00017751.,24,35,59
WBGene00017752.,1,4,5
WBGene00017754.,11,58,69
WBGene00017755.,74,4557,4631
WBGene00017756.,134,1959,2093
WBGene00017757.,43,2201,2244
WBGene00017758.,104,588,692
WBGene00017759.,5,2453,2458
WBGene00017760.,99,1795,1894
WBGene00017761.,262,187,449
WBGene00017762.,327,446,773
WBGene00017763.,203,1595,1798
WBGene00017764.,1,5,6
WBGene00017765.,129,2619,2748
WBGene00017766.,159,859,1018
WBGene00017767.,60,650,710
WBGene00017768.,127,1457,1584
WBGene00017769.,74,1512,1586
WBGene00017770.,117,1436,1553
WBGene00017771.,43,321,364
WBGene00017772.,520,8428,8948
WBGene00017773.,155,2283,2438
WBGene00017774.,38,571,609
WBGene00017775.,186,3037,3223
WBGene00017776.,59,1074,1133
WBGene00017777.,25,2508,2533
WBGene00017778.,363,2727,3090
WBGene00017779.,71,328,399
WBGene00017780.,54,203,257
WBGene00017781.,301,1396,1697
WBGene00017782.,37,573,610
WBGene00017783.,8,136,144
WBGene00017784.,0,7,7
WBGene00017785.,1,66,67
WBGene00017786.,27,139,166
WBGene00017787.,10,122,132
WBGene00017788.,0,26,26
WBGene00017789.,107,1957,2064
WBGene00017790.,3,43,46
WBGene00017791.,0,0,0
WBGene00017792.,23,285,308
WBGene00017794.,46,309,355
WBGene00017795.,210,775,985
WBGene00017796.,0,134,134
WBGene00017797.,322,2055,2377
WBGene00017798.,17,96,113
WBGene00017799.,23,1689,1712
WBGene00017800.,53,922,975
WBGene00017801.,122,973,1095
WBGene00017802.,1,20,21
WBGene00017803.,5,36,41
WBGene00017805.,52,108,160
WBGene00017806.,12,279,291
WBGene00017807.,12,21,33
WBGene00017808.,0,18,18
WBGene00017809.,4,0,4
WBGene00017810.,2,5,7
WBGene00017811.,132,1375,1507
WBGene00017813.,10,778,788
WBGene00017814.,110,384,494
WBGene00017815.,243,995,1238
WBGene00017816.,50,2173,2223
WBGene00017817.,0,2,2
WBGene00017818.,224,494,718
WBGene00017819.,4,4,8
WBGene00017821.,8,33,41
WBGene00017822.,3,15,18
WBGene00017823.,15,234,249
WBGene00017824.,4,5,9
WBGene00017825.,32,1050,1082
WBGene00017826.,102,912,1014
WBGene00017827.,44,352,396
WBGene00017828.,35,820,855
WBGene00017829.,293,1027,1320
WBGene00017830.,30,4483,4513
WBGene00017831.,101,577,678
WBGene00017832.,29,713,742
WBGene00017833.,53,196,249
WBGene00017834.,379,6020,6399
WBGene00017835.,2,118,120
WBGene00017836.,34,309,343
WBGene00017837.,54,684,738
WBGene00017838.,191,1382,1573
WBGene00017839.,0,1,1
WBGene00017840.,50,206,256
WBGene00017841.,6,282,288
WBGene00017842.,50,353,403
WBGene00017843.,2,5,7
WBGene00017845.,3,6,9
WBGene00017848.,0,26,26
WBGene00017849.,39,234,273
WBGene00017850.,171,1525,1696
WBGene00017851.,0,2,2
WBGene00017852.,108,4534,4642
WBGene00017853.,1,1,2
WBGene00017854.,0,159,159
WBGene00017855.,448,3219,3667
WBGene00017858.,55,144,199
WBGene00017860.,23,12,35
WBGene00017861.,22,176,198
WBGene00017864.,354,15466,15820
WBGene00017865.,20,33,53
WBGene00017866.,575,2296,2871
WBGene00017867.,2,14,16
WBGene00017868.,10,49,59
WBGene00017869.,1,0,1
WBGene00017870.,2,2,4
WBGene00017871.,1,3,4
WBGene00017872.,2,1,3
WBGene00017873.,0,21,21
WBGene00017874.,392,6676,7068
WBGene00017875.,1,27,28
WBGene00017876.,0,0,0
WBGene00017877.,0,1,1
WBGene00017878.,0,4,4
WBGene00017879.,11,50,61
WBGene00017880.,9,169,178
WBGene00017881.,12,70,82
WBGene00017885.,544,2453,2997
WBGene00017886.,32,218,250
WBGene00017887.,38,1769,1807
WBGene00017888.,68,628,696
WBGene00017889.,98,2201,2299
WBGene00017890.,3,12,15
WBGene00017891.,207,719,926
WBGene00017892.,76,678,754
WBGene00017893.,15,66,81
WBGene00017894.,215,1015,1230
WBGene00017895.,39,1234,1273
WBGene00017896.,0,3,3
WBGene00017898.,114,406,520
WBGene00017899.,4,7,11
WBGene00017900.,422,2800,3222
WBGene00017901.,48,437,485
WBGene00017902.,0,4,4
WBGene00017904.,403,1000,1403
WBGene00017905.,9,107,116
WBGene00017906.,73,222,295
WBGene00017907.,200,855,1055
WBGene00017908.,0,70,70
WBGene00017909.,48,38,86
WBGene00017910.,8,13,21
WBGene00017911.,0,3,3
WBGene00017912.,6,3,9
WBGene00017913.,1,3,4
WBGene00017914.,48,790,838
WBGene00017916.,185,1152,1337
WBGene00017917.,1,2,3
WBGene00017918.,0,2,2
WBGene00017919.,39,502,541
WBGene00017920.,230,3628,3858
WBGene00017921.,80,1777,1857
WBGene00017922.,4,15,19
WBGene00017923.,40,2258,2298
WBGene00017924.,81,1441,1522
WBGene00017925.,2210,33265,35475
WBGene00017926.,1482,44156,45638
WBGene00017927.,0,8,8
WBGene00017928.,71,1094,1165
WBGene00017929.,1244,1419,2663
WBGene00017930.,0,19,19
WBGene00017931.,135,638,773
WBGene00017933.,2,21,23
WBGene00017934.,79,675,754
WBGene00017935.,0,0,0
WBGene00017936.,25,406,431
WBGene00017937.,5,218,223
WBGene00017938.,7,392,399
WBGene00017939.,61,232,293
WBGene00017941.,47,183,230
WBGene00017942.,0,1,1
WBGene00017944.,5,9,14
WBGene00017945.,27,319,346
WBGene00017947.,15,33,48
WBGene00017948.,18,72,90
WBGene00017949.,8,55,63
WBGene00017950.,31,259,290
WBGene00017951.,58,721,779
WBGene00017952.,339,1153,1492
WBGene00017954.,23,782,805
WBGene00017955.,2,19,21
WBGene00017956.,0,17,17
WBGene00017957.,2,13,15
WBGene00017959.,7,64,71
WBGene00017960.,14,117,131
WBGene00017961.,11,122,133
WBGene00017962.,11,83,94
WBGene00017963.,10,26,36
WBGene00017964.,9,545,554
WBGene00017965.,7,56,63
WBGene00017967.,125,1978,2103
WBGene00017968.,85,841,926
WBGene00017969.,8,282,290
WBGene00017970.,65,3157,3222
WBGene00017971.,62,43,105
WBGene00017973.,267,859,1126
WBGene00017974.,21,289,310
WBGene00017975.,2,11,13
WBGene00017976.,80,529,609
WBGene00017977.,2,133,135
WBGene00017978.,0,65,65
WBGene00017979.,166,4882,5048
WBGene00017980.,294,2651,2945
WBGene00017981.,49,779,828
WBGene00017982.,1621,13630,15251
WBGene00017983.,298,427,725
WBGene00017984.,62,21772,21834
WBGene00017985.,23,897,920
WBGene00017986.,7,122,129
WBGene00017987.,3,10,13
WBGene00017988.,20,2730,2750
WBGene00017989.,66,1561,1627
WBGene00017990.,75,1714,1789
WBGene00017991.,60,578,638
WBGene00017992.,46,415,461
WBGene00017993.,226,9651,9877
WBGene00017995.,910,6087,6997
WBGene00017996.,86,1280,1366
WBGene00017997.,428,3109,3537
WBGene00017998.,17,335,352
WBGene00017999.,30,21,51
WBGene00018000.,1,6,7
WBGene00018001.,2,2,4
WBGene00018002.,96,347,443
WBGene00018003.,0,4,4
WBGene00018004.,4,2,6
WBGene00018005.,58,527,585
WBGene00018006.,44,656,700
WBGene00018007.,28,1582,1610
WBGene00018008.,88,3458,3546
WBGene00018009.,72,926,998
WBGene00018010.,21,91,112
WBGene00018011.,39,458,497
WBGene00018013.,159,951,1110
WBGene00018014.,70,332,402
WBGene00018015.,33,433,466
WBGene00018016.,28,240,268
WBGene00018017.,42,2094,2136
WBGene00018018.,85,2330,2415
WBGene00018019.,0,0,0
WBGene00018021.,0,10,10
WBGene00018022.,16,34,50
WBGene00018023.,27,119,146
WBGene00018024.,260,8391,8651
WBGene00018025.,42,1161,1203
WBGene00018026.,20,19,39
WBGene00018027.,5,41,46
WBGene00018030.,14,6,20
WBGene00018031.,1,170,171
WBGene00018033.,1084,3458,4542
WBGene00018034.,5,4,9
WBGene00018035.,4,14,18
WBGene00018036.,6,56,62
WBGene00018037.,43,139,182
WBGene00018038.,10,0,10
WBGene00018039.,6,6,12
WBGene00018040.,0,23,23
WBGene00018041.,12,164,176
WBGene00018042.,25,260,285
WBGene00018043.,14,153,167
WBGene00018044.,13,245,258
WBGene00018045.,2,1406,1408
WBGene00018046.,139,4527,4666
WBGene00018047.,4,10,14
WBGene00018048.,3,19,22
WBGene00018049.,1,2,3
WBGene00018050.,28,164,192
WBGene00018051.,205,1148,1353
WBGene00018052.,32,282,314
WBGene00018053.,1,4,5
WBGene00018054.,10,20,30
WBGene00018055.,1,10,11
WBGene00018056.,5,18,23
WBGene00018057.,3,11,14
WBGene00018058.,4,5,9
WBGene00018059.,7,6,13
WBGene00018060.,57,918,975
WBGene00018061.,70,525,595
WBGene00018062.,1,0,1
WBGene00018063.,0,2,2
WBGene00018064.,236,1955,2191
WBGene00018065.,5,25,30
WBGene00018066.,0,43,43
WBGene00018067.,18,399,417
WBGene00018068.,4,1253,1257
WBGene00018069.,83,681,764
WBGene00018070.,14,211,225
WBGene00018071.,14,604,618
WBGene00018072.,76,505,581
WBGene00018073.,59,1464,1523
WBGene00018074.,108,655,763
WBGene00018075.,318,1417,1735
WBGene00018076.,58,406,464
WBGene00018077.,6,217,223
WBGene00018078.,12,870,882
WBGene00018080.,0,2,2
WBGene00018081.,0,5,5
WBGene00018082.,4,5,9
WBGene00018083.,4,10,14
WBGene00018084.,22,16,38
WBGene00018085.,3,181,184
WBGene00018087.,17,70,87
WBGene00018088.,112,645,757
WBGene00018089.,161,343,504
WBGene00018090.,116,2130,2246
WBGene00018091.,0,7,7
WBGene00018092.,4,15,19
WBGene00018093.,3,4,7
WBGene00018094.,12,3,15
WBGene00018096.,1,1,2
WBGene00018097.,0,0,0
WBGene00018098.,0,0,0
WBGene00018099.,15,112,127
WBGene00018100.,2,11,13
WBGene00018101.,0,5,5
WBGene00018102.,2,0,2
WBGene00018103.,0,2,2
WBGene00018104.,0,12,12
WBGene00018105.,1,2,3
WBGene00018106.,0,0,0
WBGene00018107.,0,2,2
WBGene00018108.,0,0,0
WBGene00018109.,0,0,0
WBGene00018110.,6,0,6
WBGene00018111.,6,7,13
WBGene00018112.,43,404,447
WBGene00018113.,12,113,125
WBGene00018114.,12,13,25
WBGene00018115.,27,346,373
WBGene00018117.,51,2119,2170
WBGene00018118.,2,63,65
WBGene00018119.,5,11,16
WBGene00018120.,0,0,0
WBGene00018121.,3,37,40
WBGene00018122.,0,3,3
WBGene00018123.,0,0,0
WBGene00018124.,1,0,1
WBGene00018125.,0,1,1
WBGene00018127.,2,1,3
WBGene00018130.,10,8,18
WBGene00018131.,143,1406,1549
WBGene00018132.,124,2366,2490
WBGene00018133.,27,378,405
WBGene00018134.,4,15,19
WBGene00018135.,0,7,7
WBGene00018136.,8,148,156
WBGene00018137.,13,314,327
WBGene00018138.,35,490,525
WBGene00018139.,1,0,1
WBGene00018140.,38,409,447
WBGene00018141.,4,1,5
WBGene00018142.,7,23,30
WBGene00018143.,3,8,11
WBGene00018144.,134,890,1024
WBGene00018145.,336,5381,5717
WBGene00018146.,10,87,97
WBGene00018148.,14,4,18
WBGene00018149.,218,1276,1494
WBGene00018150.,51,614,665
WBGene00018151.,758,6204,6962
WBGene00018152.,48,3079,3127
WBGene00018153.,4,30,34
WBGene00018154.,101,1319,1420
WBGene00018155.,4,27,31
WBGene00018156.,207,2504,2711
WBGene00018157.,12,42,54
WBGene00018158.,2,28,30
WBGene00018159.,616,3913,4529
WBGene00018160.,37,1164,1201
WBGene00018161.,77,2185,2262
WBGene00018162.,0,0,0
WBGene00018163.,1,1,2
WBGene00018164.,0,2623,2623
WBGene00018165.,2,7,9
WBGene00018166.,23,164,187
WBGene00018167.,2,58,60
WBGene00018168.,15,3,18
WBGene00018169.,0,1,1
WBGene00018170.,0,105,105
WBGene00018172.,14,25,39
WBGene00018173.,36,181,217
WBGene00018174.,7,38,45
WBGene00018175.,190,682,872
WBGene00018176.,6,10,16
WBGene00018178.,2,0,2
WBGene00018179.,9,17,26
WBGene00018180.,51,38,89
WBGene00018181.,39,1747,1786
WBGene00018182.,0,1,1
WBGene00018184.,4,195,199
WBGene00018186.,0,15,15
WBGene00018187.,2529,6342,8871
WBGene00018188.,150,1245,1395
WBGene00018189.,13,15,28
WBGene00018190.,1,2,3
WBGene00018191.,192,225,417
WBGene00018192.,0,0,0
WBGene00018193.,117,3023,3140
WBGene00018194.,1,95,96
WBGene00018195.,0,18,18
WBGene00018196.,9,4,13
WBGene00018198.,139,98,237
WBGene00018199.,38,927,965
WBGene00018200.,2,19,21
WBGene00018201.,2,245,247
WBGene00018202.,0,2,2
WBGene00018203.,1,23,24
WBGene00018204.,50,426,476
WBGene00018205.,0,1,1
WBGene00018206.,27,461,488
WBGene00018207.,10,51,61
WBGene00018208.,26,1510,1536
WBGene00018209.,10,1,11
WBGene00018210.,0,80,80
WBGene00018211.,17,16,33
WBGene00018212.,44,460,504
WBGene00018213.,15,109,124
WBGene00018214.,266,4252,4518
WBGene00018215.,53,402,455
WBGene00018216.,227,581,808
WBGene00018217.,1147,2799,3946
WBGene00018218.,38,4898,4936
WBGene00018219.,45,511,556
WBGene00018221.,941,10723,11664
WBGene00018222.,30,217,247
WBGene00018223.,8,43,51
WBGene00018224.,15,13,28
WBGene00018225.,4,5,9
WBGene00018226.,49,450,499
WBGene00018227.,5,13,18
WBGene00018228.,0,4,4
WBGene00018229.,0,6,6
WBGene00018230.,10,1289,1299
WBGene00018231.,0,3,3
WBGene00018232.,183,84,267
WBGene00018233.,0,15,15
WBGene00018234.,2,11,13
WBGene00018235.,2,2,4
WBGene00018236.,0,9,9
WBGene00018237.,95,823,918
WBGene00018238.,70,1941,2011
WBGene00018239.,36,614,650
WBGene00018240.,174,1412,1586
WBGene00018241.,11,38,49
WBGene00018242.,2,7,9
WBGene00018243.,0,0,0
WBGene00018244.,0,0,0
WBGene00018245.,0,0,0
WBGene00018246.,0,0,0
WBGene00018247.,2,0,2
WBGene00018248.,6,7,13
WBGene00018249.,201,2817,3018
WBGene00018250.,71,977,1048
WBGene00018251.,43,261,304
WBGene00018252.,8,177,185
WBGene00018253.,9,30,39
WBGene00018254.,4,7,11
WBGene00018255.,25,27,52
WBGene00018256.,13,89,102
WBGene00018257.,148,3850,3998
WBGene00018258.,122,972,1094
WBGene00018259.,194,1666,1860
WBGene00018260.,16,151,167
WBGene00018261.,24,115,139
WBGene00018262.,12,71,83
WBGene00018264.,0,15,15
WBGene00018265.,94,557,651
WBGene00018266.,27,571,598
WBGene00018267.,1,4,5
WBGene00018268.,7,309,316
WBGene00018269.,97,694,791
WBGene00018270.,42,1760,1802
WBGene00018271.,416,130737,131153
WBGene00018273.,358,560,918
WBGene00018274.,83,412,495
WBGene00018275.,91,413,504
WBGene00018278.,1,2,3
WBGene00018279.,0,12,12
WBGene00018280.,4,15,19
WBGene00018281.,65,604,669
WBGene00018282.,42,781,823
WBGene00018283.,12,42,54
WBGene00018284.,5,1,6
WBGene00018285.,844,6135,6979
WBGene00018286.,25,158,183
WBGene00018288.,8,198,206
WBGene00018289.,10,9,19
WBGene00018290.,165,6049,6214
WBGene00018291.,4,11,15
WBGene00018292.,2,659,661
WBGene00018293.,84,600,684
WBGene00018294.,51,2583,2634
WBGene00018295.,12,39,51
WBGene00018296.,0,1,1
WBGene00018297.,0,8143,8143
WBGene00018298.,329,7603,7932
WBGene00018300.,7,30,37
WBGene00018301.,6,10,16
WBGene00018302.,19,367,386
WBGene00018303.,619,9214,9833
WBGene00018304.,151,687,838
WBGene00018305.,233,2229,2462
WBGene00018307.,36,196,232
WBGene00018309.,6,57,63
WBGene00018310.,6,189,195
WBGene00018311.,56,1106,1162
WBGene00018312.,6,5,11
WBGene00018313.,8,34,42
WBGene00018314.,1,24,25
WBGene00018315.,8,15,23
WBGene00018316.,49,1232,1281
WBGene00018317.,84,1748,1832
WBGene00018318.,4,257,261
WBGene00018319.,358,1446,1804
WBGene00018321.,3,368,371
WBGene00018322.,0,1,1
WBGene00018323.,8,1,9
WBGene00018324.,0,6,6
WBGene00018325.,11,7,18
WBGene00018326.,1,25,26
WBGene00018327.,1,4,5
WBGene00018328.,176,638,814
WBGene00018329.,7,7,14
WBGene00018330.,69,868,937
WBGene00018332.,2,7,9
WBGene00018333.,2,26,28
WBGene00018334.,29,187,216
WBGene00018335.,167,1228,1395
WBGene00018336.,0,0,0
WBGene00018337.,66,559,625
WBGene00018338.,1,171,172
WBGene00018339.,60,4613,4673
WBGene00018340.,62,2629,2691
WBGene00018341.,366,5528,5894
WBGene00018342.,31,306,337
WBGene00018343.,1,130,131
WBGene00018344.,70,362,432
WBGene00018345.,26,35,61
WBGene00018346.,40,258,298
WBGene00018347.,5,29,34
WBGene00018348.,38,189,227
WBGene00018349.,131,4953,5084
WBGene00018350.,21,169,190
WBGene00018351.,8,14,22
WBGene00018352.,5,35,40
WBGene00018353.,6,13,19
WBGene00018354.,0,1,1
WBGene00018355.,18,71,89
WBGene00018356.,153,2043,2196
WBGene00018357.,50,1017,1067
WBGene00018358.,5,22,27
WBGene00018359.,7,3,10
WBGene00018360.,6,5,11
WBGene00018361.,1724,14786,16510
WBGene00018362.,23,6535,6558
WBGene00018363.,52,662,714
WBGene00018364.,122,262,384
WBGene00018365.,8,56,64
WBGene00018366.,60,740,800
WBGene00018367.,200,1856,2056
WBGene00018369.,120,990,1110
WBGene00018370.,136,1447,1583
WBGene00018371.,27,622,649
WBGene00018373.,308,2041,2349
WBGene00018374.,37,103,140
WBGene00018375.,12,26,38
WBGene00018376.,592,5832,6424
WBGene00018377.,10,6,16
WBGene00018378.,3,2,5
WBGene00018379.,0,3,3
WBGene00018380.,2,62,64
WBGene00018381.,16,2,18
WBGene00018382.,3,1,4
WBGene00018383.,1,152,153
WBGene00018384.,4,6,10
WBGene00018385.,2,5,7
WBGene00018386.,32,341,373
WBGene00018387.,9,7,16
WBGene00018388.,121,1,122
WBGene00018389.,3,2,5
WBGene00018390.,21,468,489
WBGene00018391.,51,3185,3236
WBGene00018392.,163,1059,1222
WBGene00018393.,10,3016,3026
WBGene00018394.,6,53,59
WBGene00018395.,141,13259,13400
WBGene00018397.,6,19,25
WBGene00018398.,46,255,301
WBGene00018399.,26,388,414
WBGene00018400.,106,1162,1268
WBGene00018402.,21,256,277
WBGene00018403.,40,232,272
WBGene00018404.,2,17,19
WBGene00018405.,416,2089,2505
WBGene00018406.,2,10,12
WBGene00018407.,844,5942,6786
WBGene00018408.,206,920,1126
WBGene00018409.,34,1504,1538
WBGene00018410.,4,20,24
WBGene00018411.,23,105,128
WBGene00018412.,10,20,30
WBGene00018413.,16,187,203
WBGene00018414.,3,21,24
WBGene00018415.,5,249,254
WBGene00018417.,258,1788,2046
WBGene00018418.,15,1287,1302
WBGene00018419.,128,1024,1152
WBGene00018420.,276,1624,1900
WBGene00018421.,17,1318,1335
WBGene00018422.,33,2504,2537
WBGene00018423.,68,367,435
WBGene00018424.,55,1066,1121
WBGene00018425.,4,19,23
WBGene00018426.,76,4293,4369
WBGene00018427.,14,1246,1260
WBGene00018428.,2,6,8
WBGene00018429.,6,34,40
WBGene00018430.,40,178,218
WBGene00018431.,23,2524,2547
WBGene00018432.,2,10,12
WBGene00018433.,0,5,5
WBGene00018434.,1,1,2
WBGene00018435.,2,11,13
WBGene00018436.,0,0,0
WBGene00018437.,1,1,2
WBGene00018438.,0,2,2
WBGene00018439.,0,2,2
WBGene00018440.,2,5,7
WBGene00018441.,0,0,0
WBGene00018442.,12,4,16
WBGene00018443.,0,1,1
WBGene00018444.,2,4,6
WBGene00018445.,0,8,8
WBGene00018446.,12,23,35
WBGene00018447.,2,7,9
WBGene00018448.,4,146,150
WBGene00018449.,1,0,1
WBGene00018450.,0,0,0
WBGene00018451.,0,0,0
WBGene00018452.,0,1,1
WBGene00018454.,0,3,3
WBGene00018455.,1,7,8
WBGene00018456.,6,14,20
WBGene00018457.,0,0,0
WBGene00018458.,0,2,2
WBGene00018459.,0,4,4
WBGene00018460.,0,0,0
WBGene00018461.,0,0,0
WBGene00018462.,29,883,912
WBGene00018463.,0,0,0
WBGene00018465.,20,218,238
WBGene00018466.,20,234,254
WBGene00018467.,140,656,796
WBGene00018468.,947,6366,7313
WBGene00018470.,157,550,707
WBGene00018471.,11,56,67
WBGene00018472.,27,52,79
WBGene00018473.,29,227,256
WBGene00018474.,51,759,810
WBGene00018475.,389,8692,9081
WBGene00018476.,32,371,403
WBGene00018477.,1,2,3
WBGene00018478.,10,92,102
WBGene00018479.,1,9,10
WBGene00018480.,2,95,97
WBGene00018481.,171,1457,1628
WBGene00018482.,196,3073,3269
WBGene00018483.,20,288,308
WBGene00018484.,17,49,66
WBGene00018485.,916,2539,3455
WBGene00018486.,13,158,171
WBGene00018487.,22,235,257
WBGene00018488.,93,900,993
WBGene00018489.,0,2,2
WBGene00018490.,0,2,2
WBGene00018491.,332,31625,31957
WBGene00018492.,73,618,691
WBGene00018493.,0,0,0
WBGene00018494.,1,4,5
WBGene00018495.,0,0,0
WBGene00018496.,0,1,1
WBGene00018497.,0,1,1
WBGene00018498.,1,1,2
WBGene00018499.,0,11,11
WBGene00018500.,0,1,1
WBGene00018501.,1,1,2
WBGene00018502.,3,1,4
WBGene00018503.,2,0,2
WBGene00018504.,1,0,1
WBGene00018505.,3,2,5
WBGene00018506.,2,0,2
WBGene00018507.,0,8,8
WBGene00018508.,592,3529,4121
WBGene00018509.,128,1792,1920
WBGene00018510.,31,152,183
WBGene00018511.,64,418,482
WBGene00018512.,147,1286,1433
WBGene00018513.,5,246,251
WBGene00018514.,28,317,345
WBGene00018515.,12,84,96
WBGene00018516.,25,822,847
WBGene00018517.,337,2240,2577
WBGene00018518.,20,1114,1134
WBGene00018519.,1195,177343,178538
WBGene00018520.,174,1436,1610
WBGene00018521.,6,166,172
WBGene00018522.,249,2947,3196
WBGene00018523.,79,316,395
WBGene00018525.,0,0,0
WBGene00018526.,0,0,0
WBGene00018527.,0,0,0
WBGene00018528.,0,5,5
WBGene00018529.,1,2,3
WBGene00018530.,0,2,2
WBGene00018531.,2,3,5
WBGene00018532.,1894,29933,31827
WBGene00018533.,271,1719,1990
WBGene00018534.,4,5,9
WBGene00018535.,4,10,14
WBGene00018536.,0,1,1
WBGene00018537.,0,4,4
WBGene00018538.,66,677,743
WBGene00018539.,23,22,45
WBGene00018540.,1,13,14
WBGene00018541.,3,67,70
WBGene00018542.,5,84,89
WBGene00018543.,9,44,53
WBGene00018544.,4,31,35
WBGene00018545.,4,11,15
WBGene00018547.,86,56,142
WBGene00018548.,0,17,17
WBGene00018549.,1,2,3
WBGene00018550.,5,18,23
WBGene00018551.,6,15,21
WBGene00018552.,1,29,30
WBGene00018553.,1,2,3
WBGene00018554.,2,0,2
WBGene00018555.,8,0,8
WBGene00018556.,4,4,8
WBGene00018557.,2,1,3
WBGene00018558.,8,24,32
WBGene00018559.,0,2,2
WBGene00018560.,89,1045,1134
WBGene00018561.,20,114,134
WBGene00018562.,121,1011,1132
WBGene00018563.,5,17,22
WBGene00018564.,527,2278,2805
WBGene00018565.,20,424,444
WBGene00018566.,17,102,119
WBGene00018567.,0,3,3
WBGene00018568.,3,55,58
WBGene00018569.,137,469,606
WBGene00018571.,15,20,35
WBGene00018572.,817,2839,3656
WBGene00018573.,6,6,12
WBGene00018575.,2,4,6
WBGene00018576.,26,278,304
WBGene00018577.,15,99,114
WBGene00018578.,12,238,250
WBGene00018579.,456,2839,3295
WBGene00018580.,12,5,17
WBGene00018582.,660,666,1326
WBGene00018585.,57,410,467
WBGene00018586.,87,1055,1142
WBGene00018587.,40,99,139
WBGene00018589.,344,40,384
WBGene00018590.,14,3554,3568
WBGene00018591.,3,19,22
WBGene00018593.,27,833,860
WBGene00018594.,33,425,458
WBGene00018595.,6,134,140
WBGene00018596.,9,8,17
WBGene00018598.,13,156,169
WBGene00018599.,54,2048,2102
WBGene00018600.,14,14,28
WBGene00018601.,2,0,2
WBGene00018602.,43,1751,1794
WBGene00018603.,20,84,104
WBGene00018604.,120,3071,3191
WBGene00018605.,9,12,21
WBGene00018606.,2,93,95
WBGene00018607.,288,1204,1492
WBGene00018608.,259,594,853
WBGene00018609.,161,1861,2022
WBGene00018610.,25,1092,1117
WBGene00018611.,140,626,766
WBGene00018612.,37,961,998
WBGene00018613.,8,383,391
WBGene00018614.,2,69,71
WBGene00018615.,26,245,271
WBGene00018616.,0,7,7
WBGene00018617.,6,1,7
WBGene00018618.,0,1,1
WBGene00018619.,0,13,13
WBGene00018620.,5,11,16
WBGene00018621.,0,127,127
WBGene00018622.,34,251,285
WBGene00018623.,9,12,21
WBGene00018624.,1,4,5
WBGene00018625.,37,1607,1644
WBGene00018626.,2,43,45
WBGene00018627.,1,5,6
WBGene00018628.,12,0,12
WBGene00018630.,11,24,35
WBGene00018631.,0,0,0
WBGene00018632.,18,579,597
WBGene00018634.,182,1141,1323
WBGene00018635.,34,569,603
WBGene00018636.,83,550,633
WBGene00018637.,19,744,763
WBGene00018638.,14,677,691
WBGene00018639.,127,524,651
WBGene00018640.,12,124,136
WBGene00018641.,16,192,208
WBGene00018643.,1,0,1
WBGene00018644.,0,2,2
WBGene00018645.,2,25,27
WBGene00018646.,2,23,25
WBGene00018647.,2,6,8
WBGene00018648.,11,24,35
WBGene00018649.,0,1,1
WBGene00018650.,1,8,9
WBGene00018651.,0,0,0
WBGene00018652.,1,0,1
WBGene00018653.,9,33,42
WBGene00018654.,51,652,703
WBGene00018655.,53,695,748
WBGene00018656.,307,4424,4731
WBGene00018657.,206,1687,1893
WBGene00018658.,6,45,51
WBGene00018659.,3,159,162
WBGene00018660.,0,30,30
WBGene00018661.,0,20,20
WBGene00018662.,0,0,0
WBGene00018663.,0,150,150
WBGene00018664.,4,41,45
WBGene00018665.,3,77,80
WBGene00018666.,7,37,44
WBGene00018667.,7,147,154
WBGene00018668.,9,125,134
WBGene00018669.,6,78,84
WBGene00018670.,0,5,5
WBGene00018671.,3,4,7
WBGene00018672.,156,667,823
WBGene00018674.,231,1719,1950
WBGene00018675.,44,160,204
WBGene00018678.,60,553,613
WBGene00018679.,302,1552,1854
WBGene00018680.,63,149,212
WBGene00018681.,426,1267,1693
WBGene00018682.,53,1071,1124
WBGene00018683.,31,116,147
WBGene00018684.,0,2,2
WBGene00018687.,6,60,66
WBGene00018688.,0,20,20
WBGene00018689.,14,133,147
WBGene00018690.,10,21,31
WBGene00018691.,3,8,11
WBGene00018692.,99,4839,4938
WBGene00018693.,13,7,20
WBGene00018694.,5,23,28
WBGene00018696.,87,590,677
WBGene00018697.,41,546,587
WBGene00018698.,12,115,127
WBGene00018699.,0,0,0
WBGene00018700.,996,3733,4729
WBGene00018701.,330,22655,22985
WBGene00018702.,3,1192,1195
WBGene00018703.,35,643,678
WBGene00018704.,18,598,616
WBGene00018706.,6,86,92
WBGene00018707.,8,26,34
WBGene00018708.,7,15,22
WBGene00018709.,2,13,15
WBGene00018710.,665,5790,6455
WBGene00018711.,65,125,190
WBGene00018712.,55,100,155
WBGene00018713.,13,38,51
WBGene00018714.,43,849,892
WBGene00018715.,28,218,246
WBGene00018716.,124,371,495
WBGene00018717.,22,406,428
WBGene00018718.,20,92,112
WBGene00018719.,116,961,1077
WBGene00018720.,331,2487,2818
WBGene00018721.,69,371,440
WBGene00018723.,81,412,493
WBGene00018724.,0,407,407
WBGene00018725.,0,330,330
WBGene00018726.,8,40,48
WBGene00018727.,127,572,699
WBGene00018728.,56,136,192
WBGene00018729.,0,795,795
WBGene00018730.,0,1779,1779
WBGene00018731.,0,1204,1204
WBGene00018732.,0,778,778
WBGene00018734.,962,1991,2953
WBGene00018735.,21,276,297
WBGene00018736.,10,175,185
WBGene00018738.,28,208,236
WBGene00018739.,157,1006,1163
WBGene00018740.,165,936,1101
WBGene00018741.,42,66,108
WBGene00018742.,9,69,78
WBGene00018743.,128,1447,1575
WBGene00018744.,8,1752,1760
WBGene00018745.,7,16,23
WBGene00018746.,7,41,48
WBGene00018747.,51,417,468
WBGene00018748.,38,612,650
WBGene00018749.,0,0,0
WBGene00018750.,271,1690,1961
WBGene00018751.,2,5,7
WBGene00018752.,20,49,69
WBGene00018754.,4,37,41
WBGene00018755.,28,166,194
WBGene00018756.,499,3181,3680
WBGene00018757.,120,1272,1392
WBGene00018758.,88,1047,1135
WBGene00018759.,0,1,1
WBGene00018760.,21,71,92
WBGene00018761.,299,44,343
WBGene00018762.,189,3146,3335
WBGene00018763.,68,2754,2822
WBGene00018764.,6,7302,7308
WBGene00018765.,1137,5418,6555
WBGene00018766.,65,189,254
WBGene00018767.,0,7,7
WBGene00018768.,6,1,7
WBGene00018769.,104,2807,2911
WBGene00018771.,8,40,48
WBGene00018772.,86,223,309
WBGene00018773.,7,26,33
WBGene00018774.,26,99,125
WBGene00018776.,339,3769,4108
WBGene00018777.,152,549,701
WBGene00018778.,606,5264,5870
WBGene00018779.,10,75,85
WBGene00018781.,165,714,879
WBGene00018782.,639,6949,7588
WBGene00018783.,10,42,52
WBGene00018784.,257,6585,6842
WBGene00018785.,157,868,1025
WBGene00018786.,14,315,329
WBGene00018787.,60,683,743
WBGene00018788.,118,376,494
WBGene00018789.,57,378,435
WBGene00018791.,67,266,333
WBGene00018792.,2,4,6
WBGene00018793.,494,2962,3456
WBGene00018794.,211,444,655
WBGene00018795.,51,723,774
WBGene00018797.,215,1196,1411
WBGene00018798.,56,220,276
WBGene00018802.,87,2657,2744
WBGene00018803.,50,2228,2278
WBGene00018804.,28,475,503
WBGene00018805.,5,9,14
WBGene00018806.,0,153,153
WBGene00018807.,9,135,144
WBGene00018808.,0,4,4
WBGene00018809.,1,25,26
WBGene00018810.,0,1,1
WBGene00018811.,1175,12513,13688
WBGene00018812.,174,1316,1490
WBGene00018813.,0,25,25
WBGene00018814.,41,854,895
WBGene00018815.,5,3,8
WBGene00018816.,1,8,9
WBGene00018819.,295,2733,3028
WBGene00018820.,5,17,22
WBGene00018821.,2,7,9
WBGene00018822.,1,3,4
WBGene00018823.,2,332,334
WBGene00018824.,0,1,1
WBGene00018825.,4,7,11
WBGene00018826.,0,2,2
WBGene00018827.,34,788,822
WBGene00018828.,3,197,200
WBGene00018829.,10,14,24
WBGene00018830.,37,751,788
WBGene00018831.,49,880,929
WBGene00018833.,248,729,977
WBGene00018834.,0,4,4
WBGene00018835.,59,417,476
WBGene00018836.,62,602,664
WBGene00018837.,1209,1690,2899
WBGene00018838.,0,0,0
WBGene00018839.,3,159,162
WBGene00018840.,1,2,3
WBGene00018841.,0,2,2
WBGene00018842.,0,27,27
WBGene00018844.,0,7,7
WBGene00018845.,15,115,130
WBGene00018846.,19414,181326,200740
WBGene00018847.,158,1444,1602
WBGene00018848.,79,528,607
WBGene00018849.,60,4841,4901
WBGene00018850.,54,72,126
WBGene00018851.,6,62,68
WBGene00018852.,9,112,121
WBGene00018853.,97,1737,1834
WBGene00018854.,71,2107,2178
WBGene00018855.,10,192,202
WBGene00018856.,15,19,34
WBGene00018857.,172,1965,2137
WBGene00018859.,19,129,148
WBGene00018860.,103,363,466
WBGene00018861.,56,259,315
WBGene00018862.,22,370,392
WBGene00018863.,3,502,505
WBGene00018864.,167,1108,1275
WBGene00018865.,5,5,10
WBGene00018866.,157,2259,2416
WBGene00018867.,39,130,169
WBGene00018868.,53,47,100
WBGene00018869.,259,4702,4961
WBGene00018870.,1,20,21
WBGene00018871.,4,687,691
WBGene00018872.,301,2607,2908
WBGene00018873.,5,58,63
WBGene00018874.,16,10,26
WBGene00018875.,0,8,8
WBGene00018877.,314,3215,3529
WBGene00018878.,5,528,533
WBGene00018879.,72,435,507
WBGene00018880.,20,36,56
WBGene00018881.,0,14,14
WBGene00018882.,0,4,4
WBGene00018883.,0,15,15
WBGene00018884.,9,2,11
WBGene00018885.,2,33,35
WBGene00018886.,0,291,291
WBGene00018888.,0,4,4
WBGene00018890.,201,2275,2476
WBGene00018891.,172,2547,2719
WBGene00018892.,59,2749,2808
WBGene00018893.,342,3635,3977
WBGene00018894.,7,900,907
WBGene00018895.,1,4,5
WBGene00018896.,15,56,71
WBGene00018897.,46,535,581
WBGene00018898.,383,6452,6835
WBGene00018899.,5,44,49
WBGene00018900.,48,1399,1447
WBGene00018901.,1,29,30
WBGene00018902.,5,188,193
WBGene00018903.,9,156,165
WBGene00018904.,16,1082,1098
WBGene00018906.,12,22,34
WBGene00018907.,36,77,113
WBGene00018908.,40,212,252
WBGene00018909.,71,373,444
WBGene00018910.,0,0,0
WBGene00018911.,0,0,0
WBGene00018912.,0,0,0
WBGene00018913.,0,0,0
WBGene00018914.,0,0,0
WBGene00018915.,0,0,0
WBGene00018917.,0,0,0
WBGene00018918.,0,0,0
WBGene00018919.,0,0,0
WBGene00018920.,0,0,0
WBGene00018921.,0,23,23
WBGene00018923.,140,447,587
WBGene00018924.,21,80,101
WBGene00018925.,6,627,633
WBGene00018926.,1,1,2
WBGene00018928.,82,408,490
WBGene00018929.,4,10,14
WBGene00018930.,2,3,5
WBGene00018931.,12,6,18
WBGene00018932.,114,3119,3233
WBGene00018933.,0,3,3
WBGene00018934.,23,3626,3649
WBGene00018935.,13,1151,1164
WBGene00018937.,18,147,165
WBGene00018938.,0,1,1
WBGene00018939.,3,25,28
WBGene00018940.,0,2,2
WBGene00018941.,0,9,9
WBGene00018942.,4,0,4
WBGene00018943.,0,0,0
WBGene00018944.,0,0,0
WBGene00018945.,4,73,77
WBGene00018946.,8,28,36
WBGene00018948.,7,117,124
WBGene00018949.,6,9,15
WBGene00018950.,45,342,387
WBGene00018951.,20,417,437
WBGene00018952.,16,116,132
WBGene00018953.,495,4777,5272
WBGene00018954.,77,465,542
WBGene00018955.,36,755,791
WBGene00018957.,46,701,747
WBGene00018958.,101,510,611
WBGene00018959.,26,588,614
WBGene00018960.,22,771,793
WBGene00018961.,217,2537,2754
WBGene00018963.,930,15058,15988
WBGene00018964.,26,260,286
WBGene00018965.,25,267,292
WBGene00018966.,13,153,166
WBGene00018967.,77,1861,1938
WBGene00018968.,3,35,38
WBGene00018969.,49,1498,1547
WBGene00018970.,1,0,1
WBGene00018971.,13,69,82
WBGene00018972.,1,5,6
WBGene00018973.,2,6,8
WBGene00018974.,218,1093,1311
WBGene00018975.,396,1456,1852
WBGene00018976.,274,295,569
WBGene00018978.,0,3,3
WBGene00018979.,2,1,3
WBGene00018980.,3,2,5
WBGene00018981.,4,4,8
WBGene00018982.,0,0,0
WBGene00018984.,26,142,168
WBGene00018985.,110,1075,1185
WBGene00018986.,57,1008,1065
WBGene00018987.,105,752,857
WBGene00018988.,27,339,366
WBGene00018989.,35,549,584
WBGene00018990.,49,256,305
WBGene00018991.,41,192,233
WBGene00018992.,11,18,29
WBGene00018993.,2,0,2
WBGene00018994.,6,6,12
WBGene00018995.,93,655,748
WBGene00018996.,43,1489,1532
WBGene00018997.,4,23,27
WBGene00018998.,170,1815,1985
WBGene00018999.,12,19,31
WBGene00019001.,510,12540,13050
WBGene00019002.,53,355,408
WBGene00019003.,82,4792,4874
WBGene00019004.,59,910,969
WBGene00019005.,203,1673,1876
WBGene00019006.,160,1472,1632
WBGene00019007.,2649,6882,9531
WBGene00019008.,22,615,637
WBGene00019009.,37,239,276
WBGene00019010.,126,20,146
WBGene00019011.,131,1055,1186
WBGene00019012.,48,297,345
WBGene00019013.,13,210,223
WBGene00019014.,15,157,172
WBGene00019015.,2,8,10
WBGene00019016.,0,5,5
WBGene00019017.,12,1129,1141
WBGene00019018.,749,2321,3070
WBGene00019019.,181,63,244
WBGene00019020.,0,165,165
WBGene00019021.,4,168,172
WBGene00019022.,32,105,137
WBGene00019023.,31,157,188
WBGene00019024.,0,5,5
WBGene00019025.,15,98,113
WBGene00019026.,0,0,0
WBGene00019027.,0,5,5
WBGene00019028.,4,4,8
WBGene00019029.,13,22,35
WBGene00019030.,103,297,400
WBGene00019032.,13,108,121
WBGene00019034.,0,2,2
WBGene00019035.,1,4,5
WBGene00019036.,6,2,8
WBGene00019037.,1,0,1
WBGene00019038.,2,3,5
WBGene00019039.,0,1,1
WBGene00019040.,0,0,0
WBGene00019041.,2,4,6
WBGene00019042.,0,0,0
WBGene00019043.,0,0,0
WBGene00019044.,2,1,3
WBGene00019045.,0,0,0
WBGene00019046.,4,4,8
WBGene00019047.,3,166,169
WBGene00019048.,23,278,301
WBGene00019049.,16,79,95
WBGene00019050.,0,0,0
WBGene00019051.,0,1,1
WBGene00019053.,1,1,2
WBGene00019054.,2,6,8
WBGene00019055.,51,786,837
WBGene00019057.,1,23,24
WBGene00019058.,3,6,9
WBGene00019059.,5,1,6
WBGene00019060.,34,185,219
WBGene00019061.,3986,47333,51319
WBGene00019062.,0,1,1
WBGene00019063.,0,12,12
WBGene00019064.,18,403,421
WBGene00019065.,0,0,0
WBGene00019066.,0,0,0
WBGene00019067.,11,61,72
WBGene00019068.,9,47,56
WBGene00019069.,156,398,554
WBGene00019070.,0,37,37
WBGene00019072.,0,0,0
WBGene00019073.,0,0,0
WBGene00019074.,180,1228,1408
WBGene00019075.,26,435,461
WBGene00019076.,96,1625,1721
WBGene00019077.,27,1318,1345
WBGene00019079.,94,1487,1581
WBGene00019080.,16,37,53
WBGene00019081.,16,6,22
WBGene00019082.,11,133,144
WBGene00019084.,3,21,24
WBGene00019085.,1,7,8
WBGene00019086.,5,2,7
WBGene00019087.,19,1262,1281
WBGene00019089.,6,10,16
WBGene00019090.,542,5688,6230
WBGene00019091.,6,14,20
WBGene00019092.,788,9519,10307
WBGene00019094.,1,7,8
WBGene00019095.,10,128,138
WBGene00019096.,5,2,7
WBGene00019097.,26,597,623
WBGene00019098.,1,4,5
WBGene00019099.,5,2,7
WBGene00019100.,37,180,217
WBGene00019101.,5,48,53
WBGene00019102.,407,2558,2965
WBGene00019103.,36,62,98
WBGene00019104.,0,2,2
WBGene00019105.,6,72,78
WBGene00019106.,7,19,26
WBGene00019107.,1,9,10
WBGene00019108.,10,318,328
WBGene00019109.,152,564,716
WBGene00019111.,62,613,675
WBGene00019112.,7,4,11
WBGene00019113.,15,330,345
WBGene00019114.,22,184,206
WBGene00019115.,17,106,123
WBGene00019116.,15,307,322
WBGene00019117.,30,218,248
WBGene00019118.,11,1143,1154
WBGene00019119.,1,2,3
WBGene00019120.,36,1295,1331
WBGene00019121.,25,1434,1459
WBGene00019122.,157,9,166
WBGene00019123.,7,0,7
WBGene00019124.,170,2498,2668
WBGene00019125.,46,303,349
WBGene00019126.,4,52,56
WBGene00019127.,102,778,880
WBGene00019128.,144,329,473
WBGene00019129.,62,406,468
WBGene00019130.,71,339,410
WBGene00019131.,8,52,60
WBGene00019132.,18,39,57
WBGene00019133.,3,8,11
WBGene00019134.,6,74,80
WBGene00019135.,0,3,3
WBGene00019137.,1,0,1
WBGene00019138.,56,7,63
WBGene00019139.,12,67,79
WBGene00019140.,6,73,79
WBGene00019141.,32,246,278
WBGene00019142.,13,370,383
WBGene00019143.,59,870,929
WBGene00019144.,18,55,73
WBGene00019145.,1,0,1
WBGene00019146.,0,0,0
WBGene00019148.,48,638,686
WBGene00019149.,51,172,223
WBGene00019150.,0,5,5
WBGene00019151.,4,5,9
WBGene00019152.,6,39,45
WBGene00019153.,6,289,295
WBGene00019154.,23,583,606
WBGene00019155.,9,3,12
WBGene00019156.,77,1063,1140
WBGene00019157.,395,1716,2111
WBGene00019158.,41,1850,1891
WBGene00019159.,1,7,8
WBGene00019160.,750,85980,86730
WBGene00019162.,104,17632,17736
WBGene00019163.,4,1297,1301
WBGene00019164.,20,172,192
WBGene00019165.,4,6,10
WBGene00019166.,307,468,775
WBGene00019167.,178,1294,1472
WBGene00019168.,1264,11635,12899
WBGene00019169.,2,9,11
WBGene00019170.,284,3058,3342
WBGene00019171.,11,9,20
WBGene00019174.,13,140,153
WBGene00019176.,59,97,156
WBGene00019177.,10,353,363
WBGene00019178.,1,3,4
WBGene00019179.,1,0,1
WBGene00019180.,466,921,1387
WBGene00019181.,14,48,62
WBGene00019182.,17,139,156
WBGene00019183.,798,33,831
WBGene00019184.,50,493,543
WBGene00019185.,36,1068,1104
WBGene00019186.,3,1,4
WBGene00019187.,49,210,259
WBGene00019188.,162,1581,1743
WBGene00019189.,4,16,20
WBGene00019190.,39,4,43
WBGene00019192.,1,2,3
WBGene00019193.,0,2,2
WBGene00019194.,9,21,30
WBGene00019196.,20,1548,1568
WBGene00019197.,7,27,34
WBGene00019198.,85,339,424
WBGene00019199.,127,1031,1158
WBGene00019200.,82,607,689
WBGene00019202.,16,11,27
WBGene00019203.,495,6809,7304
WBGene00019204.,145,1018,1163
WBGene00019205.,1705,3585,5290
WBGene00019207.,278,4244,4522
WBGene00019208.,6,7,13
WBGene00019209.,260,2771,3031
WBGene00019211.,405,1189,1594
WBGene00019212.,87,979,1066
WBGene00019213.,23,116,139
WBGene00019214.,1,3,4
WBGene00019215.,3,12,15
WBGene00019216.,0,4,4
WBGene00019217.,302,1783,2085
WBGene00019218.,103,362,465
WBGene00019219.,100,924,1024
WBGene00019220.,90,3237,3327
WBGene00019221.,30,372,402
WBGene00019222.,11,9,20
WBGene00019224.,26,221,247
WBGene00019225.,8,33,41
WBGene00019226.,9,40,49
WBGene00019227.,170,2015,2185
WBGene00019228.,9,270,279
WBGene00019229.,3,12,15
WBGene00019230.,63,127,190
WBGene00019231.,37,99,136
WBGene00019232.,264,574,838
WBGene00019233.,16,25,41
WBGene00019234.,36,393,429
WBGene00019235.,13,32,45
WBGene00019236.,31,192,223
WBGene00019237.,305,1762,2067
WBGene00019239.,32,15,47
WBGene00019240.,162,2910,3072
WBGene00019241.,256,1088,1344
WBGene00019242.,49,34,83
WBGene00019243.,2,334,336
WBGene00019244.,33,267,300
WBGene00019245.,167,1204,1371
WBGene00019246.,493,3658,4151
WBGene00019247.,9,160,169
WBGene00019248.,250,308,558
WBGene00019249.,349,7526,7875
WBGene00019250.,599,3188,3787
WBGene00019251.,27,8,35
WBGene00019253.,1,18,19
WBGene00019254.,0,39,39
WBGene00019255.,5,17,22
WBGene00019257.,3,0,3
WBGene00019259.,77,1634,1711
WBGene00019260.,0,0,0
WBGene00019261.,5,200,205
WBGene00019262.,6,5,11
WBGene00019263.,123,1084,1207
WBGene00019264.,110,924,1034
WBGene00019265.,9,537,546
WBGene00019266.,3,45,48
WBGene00019267.,0,8,8
WBGene00019268.,28,257,285
WBGene00019269.,5,7,12
WBGene00019270.,111,214,325
WBGene00019272.,97,442,539
WBGene00019273.,1,42,43
WBGene00019274.,148,475,623
WBGene00019275.,194,1142,1336
WBGene00019276.,126,1311,1437
WBGene00019277.,182,2193,2375
WBGene00019278.,132,646,778
WBGene00019279.,1044,1287,2331
WBGene00019280.,71,882,953
WBGene00019281.,0,7,7
WBGene00019282.,737,9572,10309
WBGene00019283.,0,0,0
WBGene00019284.,65,1636,1701
WBGene00019285.,84,668,752
WBGene00019286.,239,221,460
WBGene00019287.,16,98,114
WBGene00019288.,1,2,3
WBGene00019289.,143,1035,1178
WBGene00019290.,6,178,184
WBGene00019292.,0,0,0
WBGene00019293.,13,537,550
WBGene00019294.,464,3049,3513
WBGene00019295.,237,2026,2263
WBGene00019296.,29,2138,2167
WBGene00019297.,7,20,27
WBGene00019298.,70,1082,1152
WBGene00019299.,71,747,818
WBGene00019300.,56,715,771
WBGene00019301.,392,5452,5844
WBGene00019302.,0,7,7
WBGene00019303.,82,45,127
WBGene00019304.,10,375,385
WBGene00019305.,66,2182,2248
WBGene00019306.,2,131,133
WBGene00019309.,3,7,10
WBGene00019310.,3,85,88
WBGene00019311.,86,1920,2006
WBGene00019312.,1,18,19
WBGene00019313.,0,5,5
WBGene00019314.,1,12,13
WBGene00019315.,210,2148,2358
WBGene00019316.,0,91,91
WBGene00019317.,72,508,580
WBGene00019318.,87,167,254
WBGene00019319.,35,342,377
WBGene00019320.,18,59,77
WBGene00019321.,51,330,381
WBGene00019322.,178,38483,38661
WBGene00019323.,757,3282,4039
WBGene00019324.,511,14621,15132
WBGene00019326.,139,2219,2358
WBGene00019327.,952,13424,14376
WBGene00019328.,264,2932,3196
WBGene00019329.,192,619,811
WBGene00019331.,66,102,168
WBGene00019332.,1234,11311,12545
WBGene00019333.,327,3388,3715
WBGene00019334.,19,1205,1224
WBGene00019335.,0,49,49
WBGene00019337.,4,10,14
WBGene00019338.,6,3,9
WBGene00019339.,0,94,94
WBGene00019340.,2,2,4
WBGene00019341.,26,7,33
WBGene00019342.,0,58,58
WBGene00019343.,30,71,101
WBGene00019344.,52,466,518
WBGene00019345.,49,265,314
WBGene00019346.,12,228,240
WBGene00019347.,656,1342,1998
WBGene00019348.,1,14,15
WBGene00019349.,0,1,1
WBGene00019350.,2,5,7
WBGene00019351.,46,1000,1046
WBGene00019352.,105,717,822
WBGene00019353.,46,1041,1087
WBGene00019354.,42,1261,1303
WBGene00019355.,218,2149,2367
WBGene00019356.,0,1,1
WBGene00019357.,177,9837,10014
WBGene00019360.,36,112,148
WBGene00019361.,94,1630,1724
WBGene00019362.,105,406,511
WBGene00019364.,19,389,408
WBGene00019365.,163,2053,2216
WBGene00019367.,4,24,28
WBGene00019368.,34,144,178
WBGene00019369.,13,24,37
WBGene00019370.,84,256,340
WBGene00019371.,1,3,4
WBGene00019372.,3,42,45
WBGene00019373.,74,551,625
WBGene00019374.,10,351,361
WBGene00019376.,0,7,7
WBGene00019379.,1,20,21
WBGene00019380.,412,3583,3995
WBGene00019381.,55,9117,9172
WBGene00019382.,9,30,39
WBGene00019383.,3,0,3
WBGene00019384.,0,0,0
WBGene00019385.,7,3,10
WBGene00019386.,1,9,10
WBGene00019387.,1,1,2
WBGene00019388.,8,56,64
WBGene00019389.,2,8,10
WBGene00019390.,3,3,6
WBGene00019391.,13,51,64
WBGene00019392.,1,11,12
WBGene00019393.,19,29,48
WBGene00019394.,101,341,442
WBGene00019395.,51,186,237
WBGene00019396.,66,1000,1066
WBGene00019399.,36,1890,1926
WBGene00019400.,187,1567,1754
WBGene00019401.,134,8017,8151
WBGene00019402.,102,3519,3621
WBGene00019403.,136,788,924
WBGene00019404.,7,25,32
WBGene00019405.,11,31,42
WBGene00019406.,8,21,29
WBGene00019407.,174,999,1173
WBGene00019408.,57,918,975
WBGene00019409.,0,3,3
WBGene00019410.,5,3,8
WBGene00019411.,5,325,330
WBGene00019412.,0,1,1
WBGene00019413.,1,2,3
WBGene00019414.,0,6,6
WBGene00019415.,0,7,7
WBGene00019416.,2,14,16
WBGene00019417.,1,2,3
WBGene00019418.,0,0,0
WBGene00019419.,0,0,0
WBGene00019420.,0,3,3
WBGene00019421.,1,1,2
WBGene00019422.,0,14,14
WBGene00019423.,42,7,49
WBGene00019424.,32,284,316
WBGene00019425.,0,10,10
WBGene00019426.,5,183,188
WBGene00019427.,41,1042,1083
WBGene00019428.,405,1164,1569
WBGene00019429.,35,692,727
WBGene00019430.,3,11,14
WBGene00019431.,13,25,38
WBGene00019432.,116,3423,3539
WBGene00019433.,104,6574,6678
WBGene00019434.,411,720,1131
WBGene00019435.,19,114,133
WBGene00019436.,62,498,560
WBGene00019437.,134,1748,1882
WBGene00019438.,0,5,5
WBGene00019439.,115,6,121
WBGene00019441.,39,83,122
WBGene00019442.,0,0,0
WBGene00019444.,26,48,74
WBGene00019445.,43,135,178
WBGene00019448.,30,419,449
WBGene00019449.,2,0,2
WBGene00019450.,0,5,5
WBGene00019451.,3,2,5
WBGene00019452.,3,0,3
WBGene00019453.,8,2,10
WBGene00019454.,2,0,2
WBGene00019455.,19,90,109
WBGene00019456.,85,461,546
WBGene00019457.,181,1486,1667
WBGene00019458.,27,330,357
WBGene00019459.,5,10,15
WBGene00019460.,56,761,817
WBGene00019461.,34,31,65
WBGene00019462.,316,177,493
WBGene00019464.,11,431,442
WBGene00019465.,394,3273,3667
WBGene00019466.,1140,31917,33057
WBGene00019467.,11,1696,1707
WBGene00019469.,1,6,7
WBGene00019470.,2,2,4
WBGene00019471.,0,3,3
WBGene00019472.,1,3,4
WBGene00019473.,2,27,29
WBGene00019476.,30,522,552
WBGene00019477.,13,101,114
WBGene00019478.,848,6140,6988
WBGene00019479.,273,3279,3552
WBGene00019480.,85,1265,1350
WBGene00019481.,83,2976,3059
WBGene00019482.,52,800,852
WBGene00019483.,5,6,11
WBGene00019484.,6,546,552
WBGene00019485.,157,485,642
WBGene00019486.,6,10,16
WBGene00019487.,50,362,412
WBGene00019488.,204,4209,4413
WBGene00019489.,37,1069,1106
WBGene00019490.,44,1436,1480
WBGene00019491.,32,629,661
WBGene00019492.,874,3658,4532
WBGene00019493.,27,208,235
WBGene00019494.,8,74,82
WBGene00019495.,26,387,413
WBGene00019496.,29,196,225
WBGene00019497.,36,888,924
WBGene00019498.,78,687,765
WBGene00019501.,1,10,11
WBGene00019502.,0,2,2
WBGene00019503.,54,453,507
WBGene00019504.,10,1483,1493
WBGene00019506.,8,20,28
WBGene00019507.,2,2,4
WBGene00019508.,12,50,62
WBGene00019509.,2,80,82
WBGene00019510.,844,34470,35314
WBGene00019511.,131,2293,2424
WBGene00019512.,10,16,26
WBGene00019513.,43,825,868
WBGene00019514.,2,2,4
WBGene00019515.,15,95,110
WBGene00019516.,15,102,117
WBGene00019517.,7,11,18
WBGene00019518.,13,63,76
WBGene00019519.,72,325,397
WBGene00019520.,2,211,213
WBGene00019521.,132,2366,2498
WBGene00019522.,114,613,727
WBGene00019524.,1,5,6
WBGene00019525.,131,1492,1623
WBGene00019526.,5,0,5
WBGene00019527.,3,10,13
WBGene00019529.,0,0,0
WBGene00019530.,4,1,5
WBGene00019531.,2,0,2
WBGene00019532.,9,0,9
WBGene00019533.,1,2,3
WBGene00019534.,0,1,1
WBGene00019535.,19,213,232
WBGene00019536.,125,179,304
WBGene00019537.,25,44004,44029
WBGene00019538.,35,449,484
WBGene00019540.,111,6484,6595
WBGene00019541.,5,162,167
WBGene00019543.,462,4716,5178
WBGene00019544.,46,1330,1376
WBGene00019545.,65,408,473
WBGene00019546.,58,477,535
WBGene00019547.,6,7,13
WBGene00019548.,2,1,3
WBGene00019549.,2,1,3
WBGene00019550.,14,21,35
WBGene00019552.,7,207,214
WBGene00019553.,2,75,77
WBGene00019554.,32,482,514
WBGene00019556.,9,18,27
WBGene00019557.,4,3,7
WBGene00019558.,1,0,1
WBGene00019559.,1,0,1
WBGene00019560.,0,2,2
WBGene00019561.,1,0,1
WBGene00019562.,1,1,2
WBGene00019563.,2,16,18
WBGene00019564.,84,702,786
WBGene00019565.,2,18,20
WBGene00019566.,0,6,6
WBGene00019567.,1,5,6
WBGene00019568.,8,4,12
WBGene00019569.,2,5,7
WBGene00019570.,15,64,79
WBGene00019571.,60,43,103
WBGene00019572.,0,51,51
WBGene00019574.,0,2,2
WBGene00019575.,9,16,25
WBGene00019576.,0,25,25
WBGene00019577.,14,101,115
WBGene00019578.,1,6,7
WBGene00019579.,5,22,27
WBGene00019580.,7,16,23
WBGene00019582.,4,7,11
WBGene00019583.,0,6,6
WBGene00019584.,6,7,13
WBGene00019586.,9,24,33
WBGene00019587.,0,1,1
WBGene00019588.,0,13,13
WBGene00019589.,23,51,74
WBGene00019590.,4,5,9
WBGene00019591.,0,18,18
WBGene00019592.,0,252,252
WBGene00019593.,12,572,584
WBGene00019594.,6,3,9
WBGene00019595.,11,397,408
WBGene00019597.,44,502,546
WBGene00019598.,128,104,232
WBGene00019599.,41,239,280
WBGene00019600.,4,132,136
WBGene00019601.,1,29,30
WBGene00019603.,24,530,554
WBGene00019604.,0,0,0
WBGene00019605.,25,214,239
WBGene00019606.,0,42,42
WBGene00019607.,707,5444,6151
WBGene00019608.,20,387,407
WBGene00019609.,215,1395,1610
WBGene00019611.,12,511,523
WBGene00019612.,199,1339,1538
WBGene00019613.,9,8,17
WBGene00019614.,1,3,4
WBGene00019615.,104,435,539
WBGene00019616.,18,125,143
WBGene00019617.,37,881,918
WBGene00019618.,19,30,49
WBGene00019619.,21,186,207
WBGene00019620.,52,3065,3117
WBGene00019621.,0,0,0
WBGene00019622.,0,0,0
WBGene00019623.,87,848,935
WBGene00019624.,441,2775,3216
WBGene00019625.,18,8,26
WBGene00019626.,6,4,10
WBGene00019627.,87,903,990
WBGene00019628.,31,1419,1450
WBGene00019629.,33,1031,1064
WBGene00019630.,35,324,359
WBGene00019631.,69,1354,1423
WBGene00019633.,134,556,690
WBGene00019636.,13,163,176
WBGene00019638.,1,2,3
WBGene00019639.,0,8,8
WBGene00019640.,16,37,53
WBGene00019641.,83,455,538
WBGene00019642.,15,66,81
WBGene00019643.,8,509,517
WBGene00019644.,15,57,72
WBGene00019645.,122,1576,1698
WBGene00019646.,0,3,3
WBGene00019647.,83,1608,1691
WBGene00019648.,3,32,35
WBGene00019649.,16,142,158
WBGene00019650.,142,1090,1232
WBGene00019651.,128,640,768
WBGene00019652.,19,311,330
WBGene00019653.,1,5,6
WBGene00019654.,7,39,46
WBGene00019655.,18,173,191
WBGene00019656.,56,1660,1716
WBGene00019657.,60,839,899
WBGene00019658.,128,1717,1845
WBGene00019659.,1,12,13
WBGene00019660.,2,93,95
WBGene00019661.,3,38,41
WBGene00019662.,8,8,16
WBGene00019663.,32,1338,1370
WBGene00019664.,289,2974,3263
WBGene00019665.,26,291,317
WBGene00019666.,25,474,499
WBGene00019667.,5,6,11
WBGene00019668.,3,5,8
WBGene00019669.,16,106,122
WBGene00019672.,1,1,2
WBGene00019673.,56,807,863
WBGene00019674.,2,18,20
WBGene00019675.,1,3,4
WBGene00019676.,2,4,6
WBGene00019677.,53,334,387
WBGene00019678.,334,2534,2868
WBGene00019679.,255,3270,3525
WBGene00019680.,0,16264,16264
WBGene00019681.,0,0,0
WBGene00019682.,77,719,796
WBGene00019683.,364,60,424
WBGene00019684.,4,16,20
WBGene00019685.,1,4,5
WBGene00019686.,220,1795,2015
WBGene00019687.,4,2,6
WBGene00019688.,3,2,5
WBGene00019689.,2,11,13
WBGene00019690.,2,4,6
WBGene00019691.,16,71,87
WBGene00019692.,33,240,273
WBGene00019693.,52,4172,4224
WBGene00019697.,436,1380,1816
WBGene00019698.,363,4259,4622
WBGene00019699.,5,13,18
WBGene00019700.,0,3,3
WBGene00019702.,0,0,0
WBGene00019703.,3,4,7
WBGene00019704.,0,2,2
WBGene00019705.,0,11,11
WBGene00019706.,5,3,8
WBGene00019709.,1,1,2
WBGene00019710.,7,391,398
WBGene00019711.,100,2046,2146
WBGene00019712.,16,246,262
WBGene00019713.,70,510,580
WBGene00019714.,2,8,10
WBGene00019715.,116,790,906
WBGene00019716.,210,1445,1655
WBGene00019717.,37,106,143
WBGene00019718.,1,28,29
WBGene00019719.,2124,12215,14339
WBGene00019720.,84,705,789
WBGene00019721.,15,7,22
WBGene00019722.,4,22,26
WBGene00019723.,3,111,114
WBGene00019724.,82,453,535
WBGene00019725.,23,372,395
WBGene00019726.,407,765,1172
WBGene00019727.,570,22296,22866
WBGene00019728.,2,5,7
WBGene00019729.,59,521,580
WBGene00019730.,48,827,875
WBGene00019731.,31,36,67
WBGene00019732.,3,1019,1022
WBGene00019733.,428,1647,2075
WBGene00019734.,320,3502,3822
WBGene00019735.,8,13,21
WBGene00019736.,7,21,28
WBGene00019738.,21,166,187
WBGene00019739.,4,19,23
WBGene00019740.,0,1,1
WBGene00019741.,20,431,451
WBGene00019742.,48,144,192
WBGene00019743.,41,256,297
WBGene00019744.,57,796,853
WBGene00019745.,1,13,14
WBGene00019746.,66,178,244
WBGene00019747.,412,1605,2017
WBGene00019748.,231,2799,3030
WBGene00019749.,75,532,607
WBGene00019750.,1388,1140,2528
WBGene00019751.,93,1155,1248
WBGene00019753.,73,453,526
WBGene00019754.,11,481,492
WBGene00019755.,3,2,5
WBGene00019756.,11,6,17
WBGene00019757.,132,586,718
WBGene00019758.,0,7,7
WBGene00019759.,134,627,761
WBGene00019760.,126,25501,25627
WBGene00019761.,13,38,51
WBGene00019762.,228,3198,3426
WBGene00019763.,22,116,138
WBGene00019764.,33,351,384
WBGene00019765.,21,605,626
WBGene00019766.,110,424,534
WBGene00019767.,16,9267,9283
WBGene00019768.,22,538,560
WBGene00019769.,4,86,90
WBGene00019770.,558,4814,5372
WBGene00019771.,526,1714,2240
WBGene00019772.,346,4084,4430
WBGene00019773.,3,9,12
WBGene00019774.,258,418,676
WBGene00019776.,25,150,175
WBGene00019777.,28,183,211
WBGene00019778.,42,654,696
WBGene00019779.,27,178,205
WBGene00019780.,187,15668,15855
WBGene00019781.,130,845,975
WBGene00019782.,0,18,18
WBGene00019783.,2,0,2
WBGene00019784.,1,4,5
WBGene00019785.,4,12,16
WBGene00019786.,112,525,637
WBGene00019787.,108,467,575
WBGene00019788.,0,9,9
WBGene00019789.,0,547,547
WBGene00019791.,0,0,0
WBGene00019792.,16,189,205
WBGene00019793.,3,1,4
WBGene00019794.,3,4,7
WBGene00019795.,0,1,1
WBGene00019796.,2,2,4
WBGene00019797.,0,0,0
WBGene00019798.,1,1,2
WBGene00019799.,2,16,18
WBGene00019800.,15,4729,4744
WBGene00019801.,131,992,1123
WBGene00019803.,3,49,52
WBGene00019804.,0,2,2
WBGene00019805.,22,232,254
WBGene00019806.,7,252,259
WBGene00019807.,59,482,541
WBGene00019808.,83,1941,2024
WBGene00019809.,0,0,0
WBGene00019810.,1,22,23
WBGene00019811.,2,55,57
WBGene00019812.,89,165,254
WBGene00019813.,39,1702,1741
WBGene00019814.,11,41,52
WBGene00019815.,3,1,4
WBGene00019816.,59,388,447
WBGene00019817.,15,85,100
WBGene00019818.,101,790,891
WBGene00019819.,150,4216,4366
WBGene00019820.,71,1234,1305
WBGene00019821.,100,1311,1411
WBGene00019822.,76,870,946
WBGene00019823.,115,2077,2192
WBGene00019824.,79,640,719
WBGene00019825.,54,331,385
WBGene00019826.,4,14,18
WBGene00019827.,127,1153,1280
WBGene00019828.,10,115,125
WBGene00019829.,27,614,641
WBGene00019830.,26,631,657
WBGene00019831.,236,15780,16016
WBGene00019832.,150,372,522
WBGene00019833.,2,53,55
WBGene00019834.,0,13,13
WBGene00019835.,0,1,1
WBGene00019836.,95,1302,1397
WBGene00019837.,37,176,213
WBGene00019838.,312,3552,3864
WBGene00019839.,1,547,548
WBGene00019840.,18,379,397
WBGene00019841.,79,1556,1635
WBGene00019842.,690,752,1442
WBGene00019843.,66,739,805
WBGene00019844.,174,539,713
WBGene00019845.,22,66,88
WBGene00019846.,3,46,49
WBGene00019847.,649,1217,1866
WBGene00019849.,9,36,45
WBGene00019850.,1,0,1
WBGene00019851.,4,3,7
WBGene00019853.,12,112,124
WBGene00019854.,47,292,339
WBGene00019855.,254,1505,1759
WBGene00019856.,2,2,4
WBGene00019857.,6,1,7
WBGene00019858.,7,148,155
WBGene00019859.,2,54,56
WBGene00019861.,5,12,17
WBGene00019862.,21,804,825
WBGene00019863.,233,570,803
WBGene00019864.,56,538,594
WBGene00019865.,19,97,116
WBGene00019866.,15,94,109
WBGene00019867.,97,654,751
WBGene00019868.,57,714,771
WBGene00019869.,10,41,51
WBGene00019870.,17,522,539
WBGene00019871.,25,1034,1059
WBGene00019872.,199,325,524
WBGene00019873.,64,594,658
WBGene00019874.,8,43,51
WBGene00019875.,127,2251,2378
WBGene00019877.,29,1421,1450
WBGene00019878.,15,120,135
WBGene00019879.,0,0,0
WBGene00019880.,0,0,0
WBGene00019881.,102,980,1082
WBGene00019882.,272,1443,1715
WBGene00019883.,93,1727,1820
WBGene00019884.,74,906,980
WBGene00019885.,45,389,434
WBGene00019886.,0,15,15
WBGene00019887.,11,9,20
WBGene00019888.,180,2772,2952
WBGene00019890.,30,4647,4677
WBGene00019891.,19,22,41
WBGene00019892.,43,827,870
WBGene00019893.,86,9671,9757
WBGene00019894.,23,107,130
WBGene00019895.,160,1194,1354
WBGene00019896.,88,218,306
WBGene00019898.,112,1114,1226
WBGene00019899.,159,452,611
WBGene00019900.,590,50408,50998
WBGene00019901.,8,574,582
WBGene00019902.,305,977,1282
WBGene00019903.,1,3,4
WBGene00019904.,112,1607,1719
WBGene00019905.,1,5,6
WBGene00019906.,8,229,237
WBGene00019907.,19,272,291
WBGene00019908.,348,1826,2174
WBGene00019909.,77,73,150
WBGene00019911.,76,816,892
WBGene00019912.,8,5,13
WBGene00019913.,11,18,29
WBGene00019914.,38,118,156
WBGene00019915.,90,801,891
WBGene00019916.,0,0,0
WBGene00019917.,1,19,20
WBGene00019918.,14,147,161
WBGene00019919.,0,3,3
WBGene00019920.,5,1,6
WBGene00019921.,3,11,14
WBGene00019922.,2,33,35
WBGene00019923.,1,8,9
WBGene00019924.,37,325,362
WBGene00019925.,3,3,6
WBGene00019926.,4,2,6
WBGene00019927.,6,18,24
WBGene00019928.,6,20,26
WBGene00019929.,2,3,5
WBGene00019930.,0,4,4
WBGene00019931.,0,0,0
WBGene00019932.,2,9,11
WBGene00019933.,5,5,10
WBGene00019934.,1,0,1
WBGene00019935.,80,211,291
WBGene00019937.,0,7695,7695
WBGene00019938.,95,563,658
WBGene00019939.,10,51,61
WBGene00019940.,291,5013,5304
WBGene00019941.,130,4151,4281
WBGene00019943.,70,773,843
WBGene00019944.,62,1940,2002
WBGene00019945.,0,0,0
WBGene00019946.,100,2427,2527
WBGene00019947.,26,21370,21396
WBGene00019948.,5,69,74
WBGene00019949.,0,5,5
WBGene00019950.,7,7,14
WBGene00019951.,4,25,29
WBGene00019952.,2,258,260
WBGene00019953.,191,2855,3046
WBGene00019954.,0,0,0
WBGene00019955.,242,739,981
WBGene00019956.,0,30,30
WBGene00019957.,17,200,217
WBGene00019959.,45,518,563
WBGene00019960.,103,531,634
WBGene00019961.,2,31,33
WBGene00019962.,62,672,734
WBGene00019963.,17,770,787
WBGene00019964.,8,56,64
WBGene00019965.,39,137,176
WBGene00019966.,6,14,20
WBGene00019967.,39,839,878
WBGene00019968.,10,540,550
WBGene00019969.,1,2,3
WBGene00019970.,0,28,28
WBGene00019971.,94,1575,1669
WBGene00019972.,10,18,28
WBGene00019973.,9,47,56
WBGene00019975.,144,1409,1553
WBGene00019976.,0,10,10
WBGene00019977.,8,18,26
WBGene00019978.,16,113,129
WBGene00019979.,29,146,175
WBGene00019980.,1,3,4
WBGene00019981.,14,1,15
WBGene00019982.,18,10,28
WBGene00019983.,61,4796,4857
WBGene00019986.,11,123,134
WBGene00019987.,12,447,459
WBGene00019988.,17,1632,1649
WBGene00019989.,0,11,11
WBGene00019991.,4,4,8
WBGene00019992.,0,0,0
WBGene00019993.,26,1549,1575
WBGene00019994.,180,473,653
WBGene00019995.,62,297,359
WBGene00019996.,1,0,1
WBGene00019997.,11,31,42
WBGene00019998.,427,3270,3697
WBGene00019999.,53,232,285
WBGene00020003.,18,14,32
WBGene00020004.,4,4,8
WBGene00020006.,183,702,885
WBGene00020007.,78,3892,3970
WBGene00020008.,55,395,450
WBGene00020010.,12,55,67
WBGene00020011.,91,599,690
WBGene00020012.,154,3474,3628
WBGene00020013.,0,0,0
WBGene00020014.,6,61,67
WBGene00020015.,1,19,20
WBGene00020016.,10,1,11
WBGene00020017.,9,80,89
WBGene00020018.,81,531,612
WBGene00020019.,15,25,40
WBGene00020020.,0,25,25
WBGene00020021.,4,5,9
WBGene00020022.,41,853,894
WBGene00020023.,43,395,438
WBGene00020025.,71,4474,4545
WBGene00020026.,164,1627,1791
WBGene00020027.,128,2334,2462
WBGene00020028.,35,446,481
WBGene00020029.,146,2004,2150
WBGene00020030.,24,447,471
WBGene00020031.,120,1409,1529
WBGene00020032.,5,4,9
WBGene00020033.,48,1576,1624
WBGene00020034.,23,127,150
WBGene00020035.,6,48,54
WBGene00020036.,174,2703,2877
WBGene00020037.,35,3414,3449
WBGene00020038.,229,3345,3574
WBGene00020039.,45,1080,1125
WBGene00020040.,95,616,711
WBGene00020041.,1,10,11
WBGene00020042.,1,2,3
WBGene00020043.,41,634,675
WBGene00020045.,109,970,1079
WBGene00020046.,8,40,48
WBGene00020047.,30,377,407
WBGene00020048.,9,179,188
WBGene00020049.,23,1136,1159
WBGene00020050.,11,151,162
WBGene00020051.,136,1769,1905
WBGene00020052.,17,779,796
WBGene00020053.,0,6,6
WBGene00020054.,104,6069,6173
WBGene00020055.,0,2,2
WBGene00020056.,0,5,5
WBGene00020057.,3,4,7
WBGene00020058.,217,1576,1793
WBGene00020059.,8,5,13
WBGene00020060.,8,15,23
WBGene00020062.,10,457,467
WBGene00020063.,0,1,1
WBGene00020064.,125,734,859
WBGene00020065.,2,2,4
WBGene00020066.,0,4,4
WBGene00020067.,0,8,8
WBGene00020068.,364,4856,5220
WBGene00020069.,138,744,882
WBGene00020070.,1,0,1
WBGene00020071.,0,0,0
WBGene00020072.,0,0,0
WBGene00020073.,1,1,2
WBGene00020075.,2,10,12
WBGene00020076.,0,0,0
WBGene00020077.,0,0,0
WBGene00020078.,6,6,12
WBGene00020080.,11,4,15
WBGene00020081.,8,1,9
WBGene00020082.,290,1552,1842
WBGene00020083.,62,531,593
WBGene00020084.,0,6,6
WBGene00020086.,56,104,160
WBGene00020087.,44,98,142
WBGene00020088.,35,134,169
WBGene00020089.,511,1736,2247
WBGene00020090.,126,446,572
WBGene00020091.,12,215,227
WBGene00020092.,338,2295,2633
WBGene00020093.,62,309,371
WBGene00020094.,34,773,807
WBGene00020095.,22,605,627
WBGene00020096.,4,609,613
WBGene00020097.,789,11257,12046
WBGene00020098.,14,292,306
WBGene00020099.,125,776,901
WBGene00020100.,62,295,357
WBGene00020101.,114,804,918
WBGene00020102.,200,1579,1779
WBGene00020103.,5,151,156
WBGene00020104.,44,702,746
WBGene00020105.,75,227,302
WBGene00020106.,285,1864,2149
WBGene00020107.,77,3675,3752
WBGene00020109.,22,940,962
WBGene00020110.,290,3133,3423
WBGene00020111.,50,765,815
WBGene00020112.,860,8766,9626
WBGene00020113.,0,806,806
WBGene00020114.,3339,10208,13547
WBGene00020115.,576,4683,5259
WBGene00020116.,6,11,17
WBGene00020117.,1,8,9
WBGene00020118.,0,1,1
WBGene00020119.,1,1,2
WBGene00020120.,0,2,2
WBGene00020121.,1,4,5
WBGene00020122.,9,5,14
WBGene00020123.,0,2,2
WBGene00020125.,14,259,273
WBGene00020126.,137,2776,2913
WBGene00020127.,0,4,4
WBGene00020128.,168,114,282
WBGene00020129.,1,6,7
WBGene00020130.,62,153,215
WBGene00020131.,997,3546,4543
WBGene00020134.,666,522,1188
WBGene00020135.,77,1066,1143
WBGene00020136.,0,10,10
WBGene00020137.,37,405,442
WBGene00020138.,12,73,85
WBGene00020139.,45,862,907
WBGene00020140.,0,2,2
WBGene00020141.,35,415,450
WBGene00020142.,244,1899,2143
WBGene00020143.,749,8957,9706
WBGene00020144.,15,83,98
WBGene00020145.,17,3,20
WBGene00020146.,112,8424,8536
WBGene00020148.,12,265,277
WBGene00020149.,58,2141,2199
WBGene00020150.,6,7,13
WBGene00020151.,5,69,74
WBGene00020152.,16,29,45
WBGene00020153.,13,93,106
WBGene00020154.,3,29,32
WBGene00020155.,19,30646,30665
WBGene00020156.,100,21572,21672
WBGene00020157.,29,57,86
WBGene00020158.,33,386,419
WBGene00020160.,209,1513,1722
WBGene00020163.,116,480,596
WBGene00020164.,8,176,184
WBGene00020166.,125,2093,2218
WBGene00020167.,1,8,9
WBGene00020168.,9,143,152
WBGene00020169.,39,1283,1322
WBGene00020170.,47,37,84
WBGene00020171.,472,1902,2374
WBGene00020172.,98,535,633
WBGene00020173.,0,7,7
WBGene00020174.,3,0,3
WBGene00020175.,5,35,40
WBGene00020176.,0,1,1
WBGene00020177.,0,0,0
WBGene00020178.,0,2,2
WBGene00020179.,2,13,15
WBGene00020180.,1,0,1
WBGene00020181.,4593,40874,45467
WBGene00020182.,7,19,26
WBGene00020183.,19,245,264
WBGene00020184.,30,1241,1271
WBGene00020185.,43,10354,10397
WBGene00020187.,21,154,175
WBGene00020188.,1,90,91
WBGene00020189.,152,417,569
WBGene00020190.,496,4492,4988
WBGene00020191.,7,61,68
WBGene00020192.,22,2642,2664
WBGene00020193.,44,606,650
WBGene00020194.,182,2237,2419
WBGene00020195.,72,5566,5638
WBGene00020196.,116,248,364
WBGene00020197.,60,1250,1310
WBGene00020199.,12,468,480
WBGene00020200.,347,4519,4866
WBGene00020201.,0,6,6
WBGene00020202.,4,3,7
WBGene00020203.,15,4,19
WBGene00020204.,1,2,3
WBGene00020205.,2,17,19
WBGene00020207.,183,1061,1244
WBGene00020208.,507,1766,2273
WBGene00020209.,1117,4745,5862
WBGene00020210.,0,4,4
WBGene00020211.,0,5,5
WBGene00020212.,31,72,103
WBGene00020214.,51,446,497
WBGene00020215.,141,1934,2075
WBGene00020216.,81,11016,11097
WBGene00020217.,7,2,9
WBGene00020218.,4,59,63
WBGene00020219.,41,397,438
WBGene00020220.,29,527,556
WBGene00020221.,0,0,0
WBGene00020222.,24,431,455
WBGene00020223.,6,52,58
WBGene00020224.,48,269,317
WBGene00020225.,10,19,29
WBGene00020227.,1,12,13
WBGene00020228.,2,6,8
WBGene00020229.,147,7745,7892
WBGene00020230.,476,2121,2597
WBGene00020231.,36,131,167
WBGene00020232.,2,3,5
WBGene00020233.,13,121,134
WBGene00020234.,425,2072,2497
WBGene00020235.,159,1068,1227
WBGene00020236.,37,65,102
WBGene00020237.,2,2042,2044
WBGene00020238.,2,4,6
WBGene00020239.,0,0,0
WBGene00020240.,0,4,4
WBGene00020241.,0,7,7
WBGene00020242.,0,446,446
WBGene00020243.,2,17,19
WBGene00020244.,0,16,16
WBGene00020245.,31,415,446
WBGene00020246.,195,7653,7848
WBGene00020247.,9,11,20
WBGene00020248.,25,593,618
WBGene00020249.,252,1132,1384
WBGene00020250.,10,297,307
WBGene00020251.,709,3566,4275
WBGene00020252.,5,28,33
WBGene00020254.,14,25,39
WBGene00020256.,8,67,75
WBGene00020258.,24,110,134
WBGene00020259.,69,698,767
WBGene00020260.,246,2149,2395
WBGene00020261.,1,3,4
WBGene00020262.,44,86,130
WBGene00020263.,229,984,1213
WBGene00020264.,32,380,412
WBGene00020265.,1,2,3
WBGene00020266.,9,16,25
WBGene00020267.,21,114,135
WBGene00020268.,244,1920,2164
WBGene00020269.,705,8572,9277
WBGene00020270.,4,24,28
WBGene00020271.,5,3,8
WBGene00020273.,339,1210,1549
WBGene00020274.,84,1597,1681
WBGene00020275.,4349,42645,46994
WBGene00020276.,1,137,138
WBGene00020277.,3,37,40
WBGene00020279.,370,686,1056
WBGene00020280.,8,32,40
WBGene00020281.,9,46,55
WBGene00020282.,1,0,1
WBGene00020283.,41,227,268
WBGene00020284.,369,1895,2264
WBGene00020285.,2,12,14
WBGene00020286.,13,1226,1239
WBGene00020287.,70,2554,2624
WBGene00020288.,3,2,5
WBGene00020289.,4,11,15
WBGene00020290.,0,2,2
WBGene00020291.,2,3,5
WBGene00020292.,0,5,5
WBGene00020293.,1,2,3
WBGene00020294.,568,1529,2097
WBGene00020295.,35,362,397
WBGene00020296.,117,1567,1684
WBGene00020297.,1436,16097,17533
WBGene00020298.,193,1816,2009
WBGene00020299.,217,1187,1404
WBGene00020300.,21,475,496
WBGene00020301.,262,947,1209
WBGene00020302.,0,189,189
WBGene00020304.,7,2,9
WBGene00020305.,0,2,2
WBGene00020306.,16,2,18
WBGene00020307.,42,180,222
WBGene00020308.,7,14,21
WBGene00020309.,11,0,11
WBGene00020311.,18,540,558
WBGene00020313.,11,51,62
WBGene00020314.,41,500,541
WBGene00020315.,69,4480,4549
WBGene00020316.,259,1048,1307
WBGene00020317.,341,18288,18629
WBGene00020318.,6,31,37
WBGene00020319.,5,61,66
WBGene00020320.,10,329,339
WBGene00020321.,18,646,664
WBGene00020322.,6,692,698
WBGene00020323.,15,48,63
WBGene00020324.,188,1617,1805
WBGene00020325.,2,21,23
WBGene00020326.,0,1,1
WBGene00020327.,0,4,4
WBGene00020328.,1,7,8
WBGene00020329.,2,17,19
WBGene00020330.,51,590,641
WBGene00020333.,3,9,12
WBGene00020334.,259,1884,2143
WBGene00020335.,19,160,179
WBGene00020338.,1,5,6
WBGene00020339.,7,315,322
WBGene00020340.,12,64,76
WBGene00020341.,68,587,655
WBGene00020342.,1,4,5
WBGene00020343.,30,374,404
WBGene00020345.,12,41,53
WBGene00020346.,429,2171,2600
WBGene00020347.,663,5257,5920
WBGene00020348.,26,2013,2039
WBGene00020349.,17,97,114
WBGene00020350.,0,3,3
WBGene00020351.,0,0,0
WBGene00020352.,1,2,3
WBGene00020353.,1,3,4
WBGene00020354.,0,1,1
WBGene00020356.,2,4,6
WBGene00020357.,10,0,10
WBGene00020358.,0,8,8
WBGene00020359.,4,6,10
WBGene00020360.,34,124,158
WBGene00020361.,18,13,31
WBGene00020362.,0,2,2
WBGene00020363.,22,310,332
WBGene00020364.,0,3,3
WBGene00020365.,33,64,97
WBGene00020366.,420,6051,6471
WBGene00020368.,64,1773,1837
WBGene00020369.,82,781,863
WBGene00020370.,3,24,27
WBGene00020371.,1,0,1
WBGene00020372.,7,26,33
WBGene00020373.,12,927,939
WBGene00020374.,1178,1701,2879
WBGene00020375.,7,230,237
WBGene00020376.,41,431,472
WBGene00020377.,34,322,356
WBGene00020378.,43,441,484
WBGene00020379.,53,2918,2971
WBGene00020380.,15,14,29
WBGene00020381.,12,44,56
WBGene00020382.,1249,21536,22785
WBGene00020383.,549,2838,3387
WBGene00020384.,5,6,11
WBGene00020385.,176,187,363
WBGene00020386.,2,13,15
WBGene00020388.,12,32,44
WBGene00020389.,228,3824,4052
WBGene00020390.,142,2349,2491
WBGene00020391.,58,16298,16356
WBGene00020392.,63,1166,1229
WBGene00020393.,5,100,105
WBGene00020394.,35,330,365
WBGene00020396.,42,260,302
WBGene00020397.,449,5107,5556
WBGene00020398.,165,1715,1880
WBGene00020399.,192,2359,2551
WBGene00020400.,0,2,2
WBGene00020401.,27,64,91
WBGene00020402.,118,1505,1623
WBGene00020403.,196,1507,1703
WBGene00020404.,35,536,571
WBGene00020406.,0,0,0
WBGene00020407.,15,334,349
WBGene00020408.,116,515,631
WBGene00020409.,0,1,1
WBGene00020410.,1,2,3
WBGene00020411.,28,351,379
WBGene00020412.,65,606,671
WBGene00020413.,107,1177,1284
WBGene00020414.,0,4,4
WBGene00020415.,56,607,663
WBGene00020416.,0,2,2
WBGene00020417.,56,10608,10664
WBGene00020418.,25,151,176
WBGene00020419.,19,53,72
WBGene00020420.,4,50,54
WBGene00020421.,9,28,37
WBGene00020422.,31,642,673
WBGene00020423.,29,3864,3893
WBGene00020424.,10,100,110
WBGene00020425.,69,751,820
WBGene00020426.,12,631,643
WBGene00020427.,70,719,789
WBGene00020428.,1,0,1
WBGene00020430.,10,1,11
WBGene00020431.,1,1,2
WBGene00020432.,8,1,9
WBGene00020433.,1,0,1
WBGene00020434.,0,0,0
WBGene00020435.,8,4,12
WBGene00020436.,90,81,171
WBGene00020437.,50,4397,4447
WBGene00020438.,0,2,2
WBGene00020439.,3,4,7
WBGene00020440.,0,3,3
WBGene00020441.,163,1276,1439
WBGene00020442.,60,1252,1312
WBGene00020443.,299,1281,1580
WBGene00020444.,33,77,110
WBGene00020445.,39,422,461
WBGene00020446.,30,1303,1333
WBGene00020447.,189,2264,2453
WBGene00020448.,2,6,8
WBGene00020449.,2,15,17
WBGene00020450.,7,279,286
WBGene00020451.,26,343,369
WBGene00020452.,0,5,5
WBGene00020453.,2,42,44
WBGene00020454.,0,8,8
WBGene00020455.,8,75,83
WBGene00020456.,5,38,43
WBGene00020457.,24,719,743
WBGene00020458.,0,12,12
WBGene00020459.,0,0,0
WBGene00020460.,2,27,29
WBGene00020461.,15,70,85
WBGene00020462.,133,773,906
WBGene00020463.,25,562,587
WBGene00020464.,4,428,432
WBGene00020465.,29,50,79
WBGene00020466.,14,446,460
WBGene00020467.,8,47,55
WBGene00020468.,3,13,16
WBGene00020469.,0,0,0
WBGene00020471.,345,2443,2788
WBGene00020472.,3,31,34
WBGene00020473.,8,4,12
WBGene00020474.,8,24,32
WBGene00020475.,128,2013,2141
WBGene00020476.,3,4,7
WBGene00020478.,131,414,545
WBGene00020479.,269,2615,2884
WBGene00020480.,87,854,941
WBGene00020481.,134,1868,2002
WBGene00020482.,26,136,162
WBGene00020483.,2,33,35
WBGene00020484.,3,74,77
WBGene00020485.,13,39,52
WBGene00020486.,111,680,791
WBGene00020487.,4,125,129
WBGene00020488.,2,53,55
WBGene00020489.,96,535,631
WBGene00020490.,298,1427,1725
WBGene00020491.,35,404,439
WBGene00020492.,3,1,4
WBGene00020494.,10,13,23
WBGene00020496.,356,2872,3228
WBGene00020497.,4,1650,1654
WBGene00020498.,143,1323,1466
WBGene00020499.,246,1476,1722
WBGene00020500.,93,932,1025
WBGene00020501.,113,1138,1251
WBGene00020502.,163,895,1058
WBGene00020503.,12,47,59
WBGene00020504.,413,1270,1683
WBGene00020505.,13,29,42
WBGene00020506.,119,392,511
WBGene00020507.,78,3121,3199
WBGene00020508.,14,467,481
WBGene00020509.,140,1803,1943
WBGene00020510.,32,957,989
WBGene00020511.,173,4217,4390
WBGene00020515.,0,0,0
WBGene00020516.,20,35,55
WBGene00020517.,55,2705,2760
WBGene00020520.,7,1,8
WBGene00020522.,15,3,18
WBGene00020523.,5,10,15
WBGene00020524.,10,17,27
WBGene00020525.,1,2,3
WBGene00020526.,2,1,3
WBGene00020527.,25,89,114
WBGene00020528.,58,80,138
WBGene00020530.,273,2683,2956
WBGene00020531.,16,25,41
WBGene00020532.,6,7,13
WBGene00020533.,2,4,6
WBGene00020534.,0,4,4
WBGene00020535.,0,2,2
WBGene00020536.,0,3,3
WBGene00020537.,0,22,22
WBGene00020539.,0,3,3
WBGene00020540.,52,482,534
WBGene00020541.,0,1,1
WBGene00020542.,0,4,4
WBGene00020543.,1,1,2
WBGene00020544.,0,3,3
WBGene00020545.,1,3,4
WBGene00020546.,2,0,2
WBGene00020547.,1,0,1
WBGene00020548.,0,0,0
WBGene00020549.,4,3868,3872
WBGene00020550.,1,77,78
WBGene00020551.,18,171,189
WBGene00020553.,61,2079,2140
WBGene00020554.,49,543,592
WBGene00020555.,4,62,66
WBGene00020556.,84,386,470
WBGene00020557.,228,2023,2251
WBGene00020558.,53,502,555
WBGene00020559.,60,280,340
WBGene00020560.,45,124,169
WBGene00020561.,661,6382,7043
WBGene00020562.,139,2500,2639
WBGene00020563.,223,2201,2424
WBGene00020564.,46,516,562
WBGene00020565.,31,1295,1326
WBGene00020566.,44,594,638
WBGene00020567.,15,59,74
WBGene00020568.,257,2456,2713
WBGene00020569.,76,465,541
WBGene00020571.,19,84,103
WBGene00020572.,115,741,856
WBGene00020573.,47,393,440
WBGene00020574.,12,31,43
WBGene00020575.,35,120,155
WBGene00020576.,2,129,131
WBGene00020577.,3,89,92
WBGene00020578.,0,2,2
WBGene00020579.,60,364,424
WBGene00020580.,2,6,8
WBGene00020581.,513,2409,2922
WBGene00020582.,7,345,352
WBGene00020583.,4,74,78
WBGene00020584.,5,11,16
WBGene00020585.,583,11769,12352
WBGene00020586.,67,295,362
WBGene00020587.,87,947,1034
WBGene00020588.,124,1817,1941
WBGene00020589.,761,8556,9317
WBGene00020590.,9,21,30
WBGene00020591.,8,29,37
WBGene00020592.,104,968,1072
WBGene00020593.,18,324,342
WBGene00020594.,5,14,19
WBGene00020595.,31,323,354
WBGene00020596.,64,837,901
WBGene00020598.,3,12,15
WBGene00020599.,76,510,586
WBGene00020600.,136,1488,1624
WBGene00020601.,56,2332,2388
WBGene00020602.,10,22,32
WBGene00020603.,0,1,1
WBGene00020604.,48,3583,3631
WBGene00020605.,81,928,1009
WBGene00020607.,2,3,5
WBGene00020608.,3,9,12
WBGene00020609.,6,1,7
WBGene00020611.,9,2,11
WBGene00020612.,17,222,239
WBGene00020613.,0,0,0
WBGene00020614.,5,1,6
WBGene00020615.,6,9,15
WBGene00020616.,2,10,12
WBGene00020617.,0,43,43
WBGene00020618.,2,7,9
WBGene00020619.,3,4,7
WBGene00020620.,1,21,22
WBGene00020622.,2,5,7
WBGene00020623.,2,6,8
WBGene00020624.,1,0,1
WBGene00020625.,36,1095,1131
WBGene00020626.,26,146,172
WBGene00020627.,48,66,114
WBGene00020628.,124,1025,1149
WBGene00020629.,62,1056,1118
WBGene00020630.,80,711,791
WBGene00020631.,0,3,3
WBGene00020632.,85,486,571
WBGene00020633.,43,1090,1133
WBGene00020634.,9,27,36
WBGene00020635.,7,9,16
WBGene00020636.,56,13290,13346
WBGene00020637.,2,0,2
WBGene00020638.,4,7,11
WBGene00020639.,1,2,3
WBGene00020640.,0,1,1
WBGene00020641.,0,3,3
WBGene00020642.,2,19,21
WBGene00020645.,1,2,3
WBGene00020646.,4,28,32
WBGene00020647.,72,1457,1529
WBGene00020648.,4,15,19
WBGene00020649.,65,229,294
WBGene00020650.,2,9,11
WBGene00020651.,63,672,735
WBGene00020652.,3,63,66
WBGene00020653.,3,16,19
WBGene00020655.,3,7,10
WBGene00020656.,1,3,4
WBGene00020657.,90,178,268
WBGene00020658.,36,1012,1048
WBGene00020659.,6,8,14
WBGene00020660.,0,1,1
WBGene00020661.,0,12,12
WBGene00020662.,123,1278,1401
WBGene00020663.,57,168,225
WBGene00020664.,61,19,80
WBGene00020665.,1,6,7
WBGene00020666.,8,6,14
WBGene00020667.,2,3,5
WBGene00020669.,8,3,11
WBGene00020670.,2,14,16
WBGene00020672.,388,32,420
WBGene00020673.,50,715,765
WBGene00020674.,6,31,37
WBGene00020675.,10,18,28
WBGene00020678.,105,510,615
WBGene00020679.,274,10365,10639
WBGene00020680.,2,8,10
WBGene00020682.,264,3121,3385
WBGene00020683.,108,8150,8258
WBGene00020684.,9,108,117
WBGene00020686.,77,19,96
WBGene00020687.,92,2710,2802
WBGene00020688.,3,16,19
WBGene00020689.,171,673,844
WBGene00020690.,151,622,773
WBGene00020691.,63,89,152
WBGene00020692.,25,150,175
WBGene00020693.,135,1053,1188
WBGene00020694.,44,167,211
WBGene00020695.,62,1178,1240
WBGene00020696.,304,12578,12882
WBGene00020697.,34,174,208
WBGene00020698.,8,18,26
WBGene00020699.,49,286,335
WBGene00020700.,2,128,130
WBGene00020701.,39,326,365
WBGene00020702.,28,18,46
WBGene00020703.,257,5489,5746
WBGene00020705.,261,1221,1482
WBGene00020706.,297,686,983
WBGene00020707.,1,12,13
WBGene00020708.,8,137,145
WBGene00020709.,17,1011,1028
WBGene00020710.,39,2911,2950
WBGene00020711.,0,0,0
WBGene00020712.,64,217,281
WBGene00020713.,5,11,16
WBGene00020714.,10,197,207
WBGene00020715.,0,18,18
WBGene00020716.,33,348,381
WBGene00020717.,228,1889,2117
WBGene00020718.,30,1485,1515
WBGene00020719.,53,1963,2016
WBGene00020720.,3,41,44
WBGene00020721.,38,369,407
WBGene00020722.,94,1388,1482
WBGene00020725.,8,184,192
WBGene00020726.,46,697,743
WBGene00020727.,20,178,198
WBGene00020728.,12,18,30
WBGene00020729.,65,90,155
WBGene00020730.,4,61,65
WBGene00020732.,505,6378,6883
WBGene00020735.,372,2202,2574
WBGene00020736.,955,2286,3241
WBGene00020737.,55,204,259
WBGene00020738.,111,3119,3230
WBGene00020739.,6,2,8
WBGene00020740.,14,415,429
WBGene00020741.,4,179,183
WBGene00020742.,157,1058,1215
WBGene00020743.,38,405,443
WBGene00020744.,0,61,61
WBGene00020746.,3,26,29
WBGene00020747.,0,28,28
WBGene00020748.,2,12,14
WBGene00020749.,6,33,39
WBGene00020750.,6,21,27
WBGene00020751.,0,3,3
WBGene00020752.,1,0,1
WBGene00020753.,0,1,1
WBGene00020754.,0,3,3
WBGene00020755.,2,2,4
WBGene00020756.,104,1348,1452
WBGene00020757.,27,480,507
WBGene00020758.,42,214,256
WBGene00020759.,6,94,100
WBGene00020760.,20,161,181
WBGene00020761.,79,514,593
WBGene00020762.,176,2527,2703
WBGene00020763.,38,665,703
WBGene00020764.,2,6,8
WBGene00020765.,42,214,256
WBGene00020766.,4,75,79
WBGene00020767.,73,1625,1698
WBGene00020769.,4,3,7
WBGene00020770.,298,356,654
WBGene00020771.,0,8,8
WBGene00020772.,1,5,6
WBGene00020773.,2,10,12
WBGene00020774.,4,21,25
WBGene00020775.,10,17,27
WBGene00020777.,72,270,342
WBGene00020778.,3,37,40
WBGene00020779.,455,2809,3264
WBGene00020781.,197,3795,3992
WBGene00020782.,82,847,929
WBGene00020783.,59,210,269
WBGene00020784.,14,96,110
WBGene00020785.,2,8,10
WBGene00020786.,23,127,150
WBGene00020787.,12,22,34
WBGene00020788.,19,206,225
WBGene00020789.,2,20,22
WBGene00020790.,66,588,654
WBGene00020791.,2,3,5
WBGene00020792.,4,25,29
WBGene00020793.,21,18,39
WBGene00020794.,7,7,14
WBGene00020795.,55,27,82
WBGene00020796.,45,3261,3306
WBGene00020797.,8,17,25
WBGene00020798.,50,373,423
WBGene00020799.,7,225,232
WBGene00020800.,22,314,336
WBGene00020801.,16,572,588
WBGene00020802.,3,23,26
WBGene00020803.,77,974,1051
WBGene00020804.,4,12,16
WBGene00020805.,0,25,25
WBGene00020806.,29,221,250
WBGene00020807.,25,49,74
WBGene00020808.,16697,191444,208141
WBGene00020809.,2,10,12
WBGene00020811.,120,775,895
WBGene00020812.,549,10411,10960
WBGene00020813.,19,23,42
WBGene00020817.,0,155,155
WBGene00020819.,21,224,245
WBGene00020820.,19,505,524
WBGene00020821.,115,2570,2685
WBGene00020822.,92,671,763
WBGene00020823.,106,501,607
WBGene00020824.,227,1741,1968
WBGene00020825.,83,608,691
WBGene00020826.,46,90,136
WBGene00020827.,391,3625,4016
WBGene00020829.,10,4,14
WBGene00020830.,118,464,582
WBGene00020831.,55,1541,1596
WBGene00020832.,6,5,11
WBGene00020833.,20,274,294
WBGene00020834.,41,47,88
WBGene00020835.,76,13,89
WBGene00020836.,153,4040,4193
WBGene00020837.,7,140,147
WBGene00020838.,225,5619,5844
WBGene00020839.,106,1639,1745
WBGene00020840.,0,25,25
WBGene00020841.,1,3,4
WBGene00020842.,22,312,334
WBGene00020843.,9,247,256
WBGene00020844.,0,740,740
WBGene00020845.,1,11,12
WBGene00020846.,74,564,638
WBGene00020847.,41,203,244
WBGene00020849.,12,76,88
WBGene00020850.,5,34,39
WBGene00020851.,6,16,22
WBGene00020852.,140,936,1076
WBGene00020853.,12,146,158
WBGene00020854.,440,16783,17223
WBGene00020855.,111,417,528
WBGene00020856.,8,25,33
WBGene00020857.,23,25,48
WBGene00020858.,54,56,110
WBGene00020859.,4,9,13
WBGene00020860.,0,58,58
WBGene00020861.,166,628,794
WBGene00020862.,105,1334,1439
WBGene00020863.,10,22,32
WBGene00020864.,26,29,55
WBGene00020865.,54,708,762
WBGene00020866.,261,636,897
WBGene00020867.,329,2340,2669
WBGene00020868.,1518,16760,18278
WBGene00020869.,24,563,587
WBGene00020870.,1,3,4
WBGene00020871.,0,0,0
WBGene00020872.,2,3,5
WBGene00020873.,0,3,3
WBGene00020874.,0,1,1
WBGene00020875.,1,3,4
WBGene00020877.,2,15,17
WBGene00020878.,19,277,296
WBGene00020879.,2,2,4
WBGene00020880.,4,2,6
WBGene00020881.,2,6,8
WBGene00020882.,4,5,9
WBGene00020883.,16,610,626
WBGene00020884.,287,2689,2976
WBGene00020885.,22,6,28
WBGene00020886.,83,7510,7593
WBGene00020887.,62,383,445
WBGene00020888.,3,9,12
WBGene00020889.,20,189,209
WBGene00020890.,0,4,4
WBGene00020891.,233,1749,1982
WBGene00020892.,4,5,9
WBGene00020893.,13,42,55
WBGene00020894.,1532,48530,50062
WBGene00020895.,808,4838,5646
WBGene00020896.,3,270,273
WBGene00020897.,337,1941,2278
WBGene00020898.,15,246,261
WBGene00020899.,0,11,11
WBGene00020900.,7,6,13
WBGene00020901.,91,740,831
WBGene00020902.,610,3330,3940
WBGene00020903.,32,37,69
WBGene00020904.,35,99,134
WBGene00020905.,0,2,2
WBGene00020906.,21,122,143
WBGene00020908.,43,448,491
WBGene00020909.,80,529,609
WBGene00020910.,14,224,238
WBGene00020911.,26,187,213
WBGene00020912.,84,2611,2695
WBGene00020913.,2,14,16
WBGene00020914.,4,10,14
WBGene00020915.,214,23419,23633
WBGene00020917.,257,2789,3046
WBGene00020918.,3,5,8
WBGene00020919.,46,779,825
WBGene00020920.,165,853,1018
WBGene00020921.,54,1636,1690
WBGene00020922.,0,10,10
WBGene00020923.,0,17,17
WBGene00020924.,21,267,288
WBGene00020927.,85,1,86
WBGene00020929.,143,1737,1880
WBGene00020930.,2527,8187,10714
WBGene00020931.,19,3539,3558
WBGene00020932.,192,2405,2597
WBGene00020933.,36,1277,1313
WBGene00020935.,183,1258,1441
WBGene00020936.,73,1805,1878
WBGene00020937.,16,673,689
WBGene00020938.,4,26,30
WBGene00020939.,47,1317,1364
WBGene00020940.,2,4,6
WBGene00020941.,10,23,33
WBGene00020942.,278,1984,2262
WBGene00020943.,2,12,14
WBGene00020944.,6,6,12
WBGene00020945.,53,4,57
WBGene00020946.,10,9,19
WBGene00020947.,31,216,247
WBGene00020948.,1,25,26
WBGene00020949.,17,405,422
WBGene00020950.,279,13905,14184
WBGene00020951.,209,2470,2679
WBGene00020952.,146,224,370
WBGene00020953.,0,19,19
WBGene00020954.,48,424,472
WBGene00020955.,226,180,406
WBGene00020957.,101,365,466
WBGene00020961.,15,5,20
WBGene00020962.,23,148,171
WBGene00020964.,111,513,624
WBGene00020966.,11,11,22
WBGene00020967.,8,29,37
WBGene00020970.,163,1077,1240
WBGene00020971.,0,0,0
WBGene00020972.,5,11,16
WBGene00020973.,0,7,7
WBGene00020974.,0,3,3
WBGene00020976.,8,12,20
WBGene00020977.,11,34,45
WBGene00020978.,4,0,4
WBGene00020979.,0,1,1
WBGene00020981.,3,13,16
WBGene00020982.,1,0,1
WBGene00020983.,6,12,18
WBGene00020984.,3,3,6
WBGene00020985.,2,73,75
WBGene00020986.,17,21,38
WBGene00020987.,3,8,11
WBGene00020988.,0,5,5
WBGene00020989.,3,18,21
WBGene00020990.,0,9,9
WBGene00020991.,1,1,2
WBGene00020992.,4,1,5
WBGene00020993.,40,1643,1683
WBGene00020994.,29,2381,2410
WBGene00020995.,13,67,80
WBGene00020997.,56,310,366
WBGene00020999.,54,875,929
WBGene00021000.,11,541,552
WBGene00021001.,3,12,15
WBGene00021002.,87,1216,1303
WBGene00021003.,1,9,10
WBGene00021004.,272,4326,4598
WBGene00021005.,7,24,31
WBGene00021006.,4,7,11
WBGene00021007.,4,8,12
WBGene00021008.,12,33,45
WBGene00021009.,1709,3778,5487
WBGene00021010.,5,2,7
WBGene00021011.,0,81,81
WBGene00021012.,62,626,688
WBGene00021013.,0,72,72
WBGene00021014.,4,145,149
WBGene00021015.,1,159,160
WBGene00021016.,4,12,16
WBGene00021017.,15,91,106
WBGene00021018.,0,13,13
WBGene00021019.,8,11,19
WBGene00021020.,98,160,258
WBGene00021021.,474,2216,2690
WBGene00021022.,212,974,1186
WBGene00021023.,0,3,3
WBGene00021024.,358,5081,5439
WBGene00021025.,20,29,49
WBGene00021026.,320,5228,5548
WBGene00021027.,58,245,303
WBGene00021028.,12,14,26
WBGene00021029.,0,48,48
WBGene00021030.,1,16,17
WBGene00021031.,8,63,71
WBGene00021032.,8,3,11
WBGene00021033.,0,0,0
WBGene00021034.,1,31,32
WBGene00021035.,7,74,81
WBGene00021036.,954,6087,7041
WBGene00021037.,17,115,132
WBGene00021038.,53,269,322
WBGene00021039.,30,502,532
WBGene00021040.,6,53,59
WBGene00021041.,6,16,22
WBGene00021042.,4,22,26
WBGene00021043.,601,26305,26906
WBGene00021044.,158,1888,2046
WBGene00021045.,2,18,20
WBGene00021046.,158,1089,1247
WBGene00021047.,418,2440,2858
WBGene00021048.,69,387,456
WBGene00021049.,64,711,775
WBGene00021050.,0,49473,49473
WBGene00021051.,29,672,701
WBGene00021052.,17,231,248
WBGene00021053.,2,77,79
WBGene00021054.,0,6,6
WBGene00021055.,33,165,198
WBGene00021056.,4,62,66
WBGene00021057.,35,824,859
WBGene00021058.,176,701,877
WBGene00021059.,242,1065,1307
WBGene00021060.,14,80,94
WBGene00021061.,75,671,746
WBGene00021063.,46,859,905
WBGene00021066.,4,298,302
WBGene00021067.,3,12,15
WBGene00021068.,330,1288,1618
WBGene00021070.,13,50,63
WBGene00021072.,11,11,22
WBGene00021073.,326,5203,5529
WBGene00021074.,66,2673,2739
WBGene00021075.,10181,132,10313
WBGene00021076.,26,288,314
WBGene00021078.,621,2995,3616
WBGene00021079.,780,7278,8058
WBGene00021080.,277,2074,2351
WBGene00021081.,25,22,47
WBGene00021082.,5,466,471
WBGene00021083.,0,14,14
WBGene00021084.,5,35,40
WBGene00021085.,0,0,0
WBGene00021086.,0,0,0
WBGene00021087.,9,27,36
WBGene00021088.,180,16595,16775
WBGene00021089.,7,206,213
WBGene00021090.,12,3,15
WBGene00021091.,1,11,12
WBGene00021092.,1,1,2
WBGene00021093.,36,2953,2989
WBGene00021094.,19,38,57
WBGene00021095.,63,2378,2441
WBGene00021096.,11,2,13
WBGene00021097.,152,2715,2867
WBGene00021098.,0,0,0
WBGene00021099.,1,5,6
WBGene00021100.,3,47,50
WBGene00021101.,1,6,7
WBGene00021103.,192,886,1078
WBGene00021104.,178,849,1027
WBGene00021106.,0,0,0
WBGene00021107.,0,0,0
WBGene00021108.,0,0,0
WBGene00021109.,0,4,4
WBGene00021110.,5,7,12
WBGene00021111.,24,330,354
WBGene00021112.,5,1033,1038
WBGene00021113.,0,0,0
WBGene00021114.,0,2,2
WBGene00021115.,1,7,8
WBGene00021116.,76,737,813
WBGene00021117.,2,19,21
WBGene00021118.,0,4,4
WBGene00021120.,2,15,17
WBGene00021121.,6,57,63
WBGene00021122.,0,1,1
WBGene00021123.,26,326,352
WBGene00021124.,77,156,233
WBGene00021125.,22,94,116
WBGene00021127.,9,149,158
WBGene00021128.,467,5891,6358
WBGene00021129.,11,17,28
WBGene00021130.,31,24,55
WBGene00021131.,89,625,714
WBGene00021132.,170,992,1162
WBGene00021133.,213,4750,4963
WBGene00021134.,3,19,22
WBGene00021135.,3,4,7
WBGene00021136.,6,32,38
WBGene00021137.,2,1,3
WBGene00021138.,0,1,1
WBGene00021139.,0,0,0
WBGene00021140.,1,2,3
WBGene00021141.,1,1,2
WBGene00021142.,0,0,0
WBGene00021143.,0,0,0
WBGene00021144.,2,2,4
WBGene00021145.,2,1,3
WBGene00021146.,87,596,683
WBGene00021148.,6,53,59
WBGene00021149.,220,2136,2356
WBGene00021150.,0,1,1
WBGene00021151.,2,1,3
WBGene00021152.,59,245,304
WBGene00021153.,9,2,11
WBGene00021154.,0,0,0
WBGene00021155.,11,578,589
WBGene00021156.,50,304,354
WBGene00021157.,24,116,140
WBGene00021158.,1,56,57
WBGene00021159.,50,209,259
WBGene00021160.,56,147,203
WBGene00021161.,1001,10042,11043
WBGene00021162.,0,1,1
WBGene00021163.,12,178,190
WBGene00021164.,3,1,4
WBGene00021165.,0,2,2
WBGene00021166.,1,1,2
WBGene00021167.,7,22,29
WBGene00021168.,2,25,27
WBGene00021169.,0,3,3
WBGene00021170.,24,1963,1987
WBGene00021171.,70,570,640
WBGene00021173.,1,2,3
WBGene00021174.,0,0,0
WBGene00021175.,6,5,11
WBGene00021176.,76,344,420
WBGene00021177.,0,1,1
WBGene00021178.,2,32,34
WBGene00021179.,3,2,5
WBGene00021180.,10,18,28
WBGene00021181.,4,3,7
WBGene00021182.,8,11,19
WBGene00021183.,5,37,42
WBGene00021184.,2,3,5
WBGene00021185.,61,431,492
WBGene00021186.,42,122,164
WBGene00021187.,4,1371,1375
WBGene00021188.,0,1,1
WBGene00021190.,3,36,39
WBGene00021191.,170,1733,1903
WBGene00021192.,20,257,277
WBGene00021193.,0,0,0
WBGene00021195.,13,132,145
WBGene00021196.,9,73,82
WBGene00021197.,2,0,2
WBGene00021198.,3,4,7
WBGene00021199.,12,34,46
WBGene00021200.,29,101,130
WBGene00021201.,8,246,254
WBGene00021202.,92,1266,1358
WBGene00021204.,15,140,155
WBGene00021205.,27,1001,1028
WBGene00021207.,5,2,7
WBGene00021208.,95,1016,1111
WBGene00021209.,233,979,1212
WBGene00021210.,81,1057,1138
WBGene00021212.,12,23,35
WBGene00021213.,25,115,140
WBGene00021214.,8,24,32
WBGene00021215.,47,65,112
WBGene00021216.,0,0,0
WBGene00021217.,0,0,0
WBGene00021218.,0,0,0
WBGene00021219.,0,0,0
WBGene00021220.,0,21,21
WBGene00021221.,0,0,0
WBGene00021222.,0,1,1
WBGene00021223.,0,0,0
WBGene00021224.,0,0,0
WBGene00021225.,0,0,0
WBGene00021226.,0,0,0
WBGene00021227.,0,0,0
WBGene00021228.,0,0,0
WBGene00021230.,1,0,1
WBGene00021232.,4,11,15
WBGene00021233.,5,11,16
WBGene00021234.,9,1,10
WBGene00021235.,0,4,4
WBGene00021236.,0,54,54
WBGene00021237.,226,639,865
WBGene00021238.,306,210,516
WBGene00021239.,320,665,985
WBGene00021241.,0,2,2
WBGene00021243.,0,4,4
WBGene00021244.,64,52,116
WBGene00021245.,50,423,473
WBGene00021246.,59,309,368
WBGene00021247.,132,375,507
WBGene00021248.,2617,61433,64050
WBGene00021249.,9,29,38
WBGene00021252.,2,10,12
WBGene00021253.,7,169,176
WBGene00021254.,50,112,162
WBGene00021256.,16,8,24
WBGene00021257.,14,55,69
WBGene00021259.,19,18,37
WBGene00021260.,119,864,983
WBGene00021261.,6,3,9
WBGene00021262.,3,8,11
WBGene00021263.,13,13,26
WBGene00021264.,34,423,457
WBGene00021265.,26,186,212
WBGene00021266.,1,0,1
WBGene00021267.,17,92,109
WBGene00021268.,27,1128,1155
WBGene00021269.,84,385,469
WBGene00021270.,9,2171,2180
WBGene00021271.,46,205,251
WBGene00021272.,73,1458,1531
WBGene00021273.,1,1,2
WBGene00021274.,98,965,1063
WBGene00021275.,149,303,452
WBGene00021276.,402,1508,1910
WBGene00021277.,85,2537,2622
WBGene00021278.,19,29,48
WBGene00021279.,5,33,38
WBGene00021280.,0,6,6
WBGene00021281.,1067,4111,5178
WBGene00021282.,22,149,171
WBGene00021284.,7,8,15
WBGene00021285.,0,10,10
WBGene00021286.,237,2570,2807
WBGene00021287.,2,15,17
WBGene00021288.,6,16,22
WBGene00021289.,1,10,11
WBGene00021290.,0,1,1
WBGene00021291.,5,1,6
WBGene00021292.,277,3892,4169
WBGene00021293.,0,6,6
WBGene00021294.,331,825,1156
WBGene00021295.,193,1138,1331
WBGene00021296.,21,1079,1100
WBGene00021297.,6,66,72
WBGene00021298.,5,0,5
WBGene00021299.,0,4,4
WBGene00021300.,0,0,0
WBGene00021301.,13,23,36
WBGene00021302.,5,6,11
WBGene00021303.,0,7,7
WBGene00021304.,97,397,494
WBGene00021305.,416,842,1258
WBGene00021309.,24,309,333
WBGene00021310.,6,15,21
WBGene00021311.,75,1011,1086
WBGene00021312.,75,3048,3123
WBGene00021313.,118,892,1010
WBGene00021314.,53,772,825
WBGene00021315.,40,905,945
WBGene00021316.,235,2972,3207
WBGene00021317.,4,0,4
WBGene00021319.,127,666,793
WBGene00021320.,138,554,692
WBGene00021321.,8,22,30
WBGene00021322.,98,739,837
WBGene00021323.,97,1351,1448
WBGene00021324.,93,514,607
WBGene00021325.,41,315,356
WBGene00021326.,16,119,135
WBGene00021327.,1312,4569,5881
WBGene00021328.,40,332,372
WBGene00021329.,132,1036,1168
WBGene00021331.,130,5065,5195
WBGene00021332.,248,419,667
WBGene00021333.,153,359,512
WBGene00021334.,671,1156,1827
WBGene00021335.,0,153,153
WBGene00021336.,3,5,8
WBGene00021337.,6,26,32
WBGene00021338.,9,28,37
WBGene00021339.,3,2,5
WBGene00021340.,52,353,405
WBGene00021342.,60,25,85
WBGene00021343.,100,212,312
WBGene00021344.,132,113,245
WBGene00021345.,0,17,17
WBGene00021346.,319,1641,1960
WBGene00021347.,271,4386,4657
WBGene00021348.,326,4108,4434
WBGene00021349.,45,422,467
WBGene00021350.,45479,358352,403831
WBGene00021351.,152,3940,4092
WBGene00021352.,166,1766,1932
WBGene00021353.,78,277,355
WBGene00021354.,15,50,65
WBGene00021355.,613,4276,4889
WBGene00021357.,53,150,203
WBGene00021358.,3,13,16
WBGene00021359.,119,1195,1314
WBGene00021360.,0,4,4
WBGene00021362.,79,300,379
WBGene00021363.,160,361,521
WBGene00021364.,0,21,21
WBGene00021365.,166,1019,1185
WBGene00021366.,111,917,1028
WBGene00021367.,30,793,823
WBGene00021368.,4,2,6
WBGene00021369.,80,680,760
WBGene00021370.,177,1353,1530
WBGene00021371.,33,392,425
WBGene00021372.,23,991,1014
WBGene00021373.,2,3,5
WBGene00021374.,163,585,748
WBGene00021375.,52,1107,1159
WBGene00021376.,88,501,589
WBGene00021377.,43,1062,1105
WBGene00021378.,93,966,1059
WBGene00021379.,14,182,196
WBGene00021380.,0,1,1
WBGene00021381.,7,3,10
WBGene00021382.,3271,3619,6890
WBGene00021383.,34,26,60
WBGene00021384.,13,52,65
WBGene00021385.,0,52,52
WBGene00021386.,11,42,53
WBGene00021387.,51,343,394
WBGene00021388.,117,749,866
WBGene00021389.,52,212,264
WBGene00021390.,0,4,4
WBGene00021391.,12,377,389
WBGene00021392.,36,1378,1414
WBGene00021394.,167,895,1062
WBGene00021395.,154,1282,1436
WBGene00021396.,46,260,306
WBGene00021397.,2,19,21
WBGene00021398.,0,7,7
WBGene00021400.,84,696,780
WBGene00021401.,29,948,977
WBGene00021402.,37,491,528
WBGene00021403.,0,0,0
WBGene00021404.,1,0,1
WBGene00021405.,0,0,0
WBGene00021406.,0,1,1
WBGene00021407.,0,0,0
WBGene00021408.,0,0,0
WBGene00021409.,0,0,0
WBGene00021410.,15,20,35
WBGene00021412.,29,54,83
WBGene00021413.,20,4,24
WBGene00021414.,0,1,1
WBGene00021415.,206,1502,1708
WBGene00021416.,85,721,806
WBGene00021417.,15,48,63
WBGene00021418.,7,48,55
WBGene00021419.,28,207,235
WBGene00021420.,68,17651,17719
WBGene00021421.,97,1584,1681
WBGene00021423.,702,1376,2078
WBGene00021425.,205,1548,1753
WBGene00021427.,482,25311,25793
WBGene00021428.,21,7,28
WBGene00021430.,63,152,215
WBGene00021433.,0,0,0
WBGene00021434.,0,3,3
WBGene00021435.,4,5,9
WBGene00021436.,33,47,80
WBGene00021437.,82,67,149
WBGene00021438.,49,36,85
WBGene00021439.,337,833,1170
WBGene00021440.,90,472,562
WBGene00021441.,210,1877,2087
WBGene00021442.,52,513,565
WBGene00021443.,283,1022,1305
WBGene00021444.,254,585,839
WBGene00021446.,146,369,515
WBGene00021448.,2,15,17
WBGene00021449.,10,17,27
WBGene00021450.,10,14,24
WBGene00021451.,15,5,20
WBGene00021452.,40,422,462
WBGene00021453.,0,0,0
WBGene00021454.,0,1,1
WBGene00021456.,150,609,759
WBGene00021457.,5,16,21
WBGene00021458.,3,15,18
WBGene00021460.,63,876,939
WBGene00021461.,97,91,188
WBGene00021463.,11,16,27
WBGene00021464.,6,78,84
WBGene00021465.,6,157,163
WBGene00021466.,392,8987,9379
WBGene00021467.,42,1197,1239
WBGene00021468.,31,2284,2315
WBGene00021469.,25,3285,3310
WBGene00021470.,75,664,739
WBGene00021471.,6,22,28
WBGene00021472.,1,5,6
WBGene00021473.,211,121,332
WBGene00021474.,889,3436,4325
WBGene00021475.,494,4836,5330
WBGene00021476.,24,717,741
WBGene00021477.,25,11,36
WBGene00021478.,33,309,342
WBGene00021479.,19,9,28
WBGene00021482.,109,790,899
WBGene00021483.,4,10,14
WBGene00021484.,1,1,2
WBGene00021485.,7,4,11
WBGene00021486.,434,13666,14100
WBGene00021487.,91,426,517
WBGene00021488.,0,0,0
WBGene00021489.,14,0,14
WBGene00021490.,12,48,60
WBGene00021491.,2,14,16
WBGene00021492.,27,249,276
WBGene00021493.,44,342,386
WBGene00021494.,6,36,42
WBGene00021495.,1,43,44
WBGene00021496.,21,20,41
WBGene00021497.,143,376,519
WBGene00021500.,0,10,10
WBGene00021502.,41,362,403
WBGene00021503.,7,138,145
WBGene00021504.,20,85,105
WBGene00021505.,10,34,44
WBGene00021506.,134,2370,2504
WBGene00021507.,797,2163,2960
WBGene00021508.,53,885,938
WBGene00021509.,611,1234,1845
WBGene00021510.,145,461,606
WBGene00021511.,36,91,127
WBGene00021512.,257,502,759
WBGene00021513.,86,27,113
WBGene00021514.,71,2020,2091
WBGene00021515.,41,338,379
WBGene00021516.,14,16,30
WBGene00021517.,4,10,14
WBGene00021518.,1,92,93
WBGene00021519.,0,19,19
WBGene00021520.,2,47,49
WBGene00021521.,4,48,52
WBGene00021522.,757,1326,2083
WBGene00021524.,41,93,134
WBGene00021525.,7,15,22
WBGene00021526.,37,94,131
WBGene00021527.,125,405,530
WBGene00021528.,183,693,876
WBGene00021529.,37,914,951
WBGene00021530.,6,6,12
WBGene00021531.,66,21,87
WBGene00021532.,170,6300,6470
WBGene00021533.,13,785,798
WBGene00021534.,1022,8961,9983
WBGene00021535.,905,173,1078
WBGene00021536.,57,1880,1937
WBGene00021537.,9,23,32
WBGene00021538.,57,509,566
WBGene00021539.,186,2054,2240
WBGene00021540.,27,164,191
WBGene00021541.,4,161,165
WBGene00021542.,21,5,26
WBGene00021543.,61,2444,2505
WBGene00021544.,95,656,751
WBGene00021545.,421,1195,1616
WBGene00021546.,89,625,714
WBGene00021547.,74,788,862
WBGene00021548.,54,1834,1888
WBGene00021549.,414,736,1150
WBGene00021551.,255,2159,2414
WBGene00021552.,186,1276,1462
WBGene00021553.,6,10,16
WBGene00021554.,64,1672,1736
WBGene00021555.,7,92,99
WBGene00021556.,63,424,487
WBGene00021557.,0,102,102
WBGene00021558.,147,1419,1566
WBGene00021559.,80,1166,1246
WBGene00021560.,28,53,81
WBGene00021561.,350,829,1179
WBGene00021562.,393,4858,5251
WBGene00021563.,89,1576,1665
WBGene00021564.,402,1009,1411
WBGene00021565.,7,22,29
WBGene00021566.,0,0,0
WBGene00021567.,0,0,0
WBGene00021568.,0,0,0
WBGene00021569.,0,0,0
WBGene00021570.,0,0,0
WBGene00021571.,0,0,0
WBGene00021572.,0,0,0
WBGene00021573.,0,0,0
WBGene00021574.,0,0,0
WBGene00021576.,4,29,33
WBGene00021578.,1,2,3
WBGene00021579.,0,1,1
WBGene00021580.,0,4,4
WBGene00021581.,2,3,5
WBGene00021582.,0,1,1
WBGene00021583.,29,100,129
WBGene00021585.,3,0,3
WBGene00021586.,4,0,4
WBGene00021587.,4,18,22
WBGene00021589.,6,1117,1123
WBGene00021590.,5,5,10
WBGene00021591.,1,2,3
WBGene00021592.,0,1,1
WBGene00021593.,20,1,21
WBGene00021594.,20,27,47
WBGene00021595.,194,2549,2743
WBGene00021596.,82,269,351
WBGene00021597.,2803,2189,4992
WBGene00021599.,14,63,77
WBGene00021600.,22,319,341
WBGene00021601.,5,12,17
WBGene00021602.,6,10,16
WBGene00021603.,2,8,10
WBGene00021604.,1,1,2
WBGene00021605.,10,142,152
WBGene00021606.,13,23,36
WBGene00021607.,0,274,274
WBGene00021608.,0,0,0
WBGene00021609.,16,15,31
WBGene00021610.,26,238,264
WBGene00021611.,68,325,393
WBGene00021612.,0,3,3
WBGene00021613.,175,1022,1197
WBGene00021614.,358,4405,4763
WBGene00021615.,3,0,3
WBGene00021616.,1,1,2
WBGene00021617.,1,0,1
WBGene00021619.,0,2,2
WBGene00021620.,1,3,4
WBGene00021621.,4,6,10
WBGene00021622.,0,0,0
WBGene00021623.,1,1,2
WBGene00021624.,5,71,76
WBGene00021625.,0,1826,1826
WBGene00021626.,109,481,590
WBGene00021627.,1,8,9
WBGene00021628.,223,1420,1643
WBGene00021629.,351,2247,2598
WBGene00021630.,1,2,3
WBGene00021631.,1,2,3
WBGene00021632.,3,1,4
WBGene00021633.,5,22,27
WBGene00021634.,184,597,781
WBGene00021635.,6,42,48
WBGene00021636.,74,753,827
WBGene00021637.,85,577,662
WBGene00021638.,183,1597,1780
WBGene00021639.,13,74,87
WBGene00021640.,110,198,308
WBGene00021641.,26,44,70
WBGene00021643.,108,877,985
WBGene00021644.,85,1917,2002
WBGene00021645.,141,802,943
WBGene00021646.,152,1047,1199
WBGene00021647.,243,3048,3291
WBGene00021648.,11,972,983
WBGene00021649.,14,226,240
WBGene00021650.,0,6,6
WBGene00021651.,7,8,15
WBGene00021653.,0,9,9
WBGene00021654.,0,115,115
WBGene00021655.,25,637,662
WBGene00021656.,8,13,21
WBGene00021657.,57,310,367
WBGene00021658.,9,156,165
WBGene00021660.,383,2400,2783
WBGene00021661.,55,139,194
WBGene00021662.,0,16,16
WBGene00021664.,1,4,5
WBGene00021666.,70,717,787
WBGene00021667.,7,45,52
WBGene00021668.,8,24,32
WBGene00021671.,1,47,48
WBGene00021672.,33,14,47
WBGene00021673.,20,11,31
WBGene00021675.,36,155,191
WBGene00021676.,15,337,352
WBGene00021677.,27,481,508
WBGene00021678.,18,4,22
WBGene00021679.,34,387,421
WBGene00021681.,709,1523,2232
WBGene00021682.,328,900,1228
WBGene00021683.,124,390,514
WBGene00021685.,959,839,1798
WBGene00021686.,791,2399,3190
WBGene00021687.,76,610,686
WBGene00021689.,193,450,643
WBGene00021690.,138,2064,2202
WBGene00021691.,75,1929,2004
WBGene00021692.,22,257,279
WBGene00021693.,59,225,284
WBGene00021694.,17,63,80
WBGene00021697.,1441,5466,6907
WBGene00021698.,502,1618,2120
WBGene00021700.,0,7,7
WBGene00021701.,40,7,47
WBGene00021702.,160,872,1032
WBGene00021703.,6,1,7
WBGene00021704.,56,104,160
WBGene00021706.,10,39,49
WBGene00021707.,5,58,63
WBGene00021708.,2,14,16
WBGene00021709.,7,152,159
WBGene00021710.,5,31,36
WBGene00021711.,2,7,9
WBGene00021713.,0,2,2
WBGene00021714.,62,397,459
WBGene00021715.,206,3038,3244
WBGene00021716.,3,1,4
WBGene00021717.,0,5,5
WBGene00021718.,0,0,0
WBGene00021719.,0,0,0
WBGene00021720.,5,2,7
WBGene00021721.,18,80,98
WBGene00021722.,2,2,4
WBGene00021723.,1,0,1
WBGene00021724.,0,3,3
WBGene00021725.,20,169,189
WBGene00021726.,7,32,39
WBGene00021727.,2,1,3
WBGene00021728.,15,50,65
WBGene00021729.,0,0,0
WBGene00021730.,0,10,10
WBGene00021731.,7,52,59
WBGene00021732.,87,211,298
WBGene00021733.,431,1095,1526
WBGene00021734.,30,100,130
WBGene00021735.,217,1023,1240
WBGene00021736.,73,1220,1293
WBGene00021737.,1,2,3
WBGene00021738.,148,461,609
WBGene00021739.,27,1121,1148
WBGene00021740.,210,719,929
WBGene00021741.,22,152,174
WBGene00021743.,140,479,619
WBGene00021744.,3,1,4
WBGene00021745.,48,212,260
WBGene00021746.,4,6,10
WBGene00021747.,13,15,28
WBGene00021748.,77,543,620
WBGene00021749.,100,765,865
WBGene00021750.,34,254,288
WBGene00021751.,859,205,1064
WBGene00021752.,584,488,1072
WBGene00021753.,301,1139,1440
WBGene00021754.,766,5652,6418
WBGene00021755.,53,111,164
WBGene00021756.,312,646,958
WBGene00021757.,339,1763,2102
WBGene00021758.,146,893,1039
WBGene00021763.,89,391,480
WBGene00021764.,53,275,328
WBGene00021765.,337,670,1007
WBGene00021766.,73,502,575
WBGene00021768.,37,1022,1059
WBGene00021771.,304,1195,1499
WBGene00021772.,12,8,20
WBGene00021773.,0,7,7
WBGene00021774.,0,4,4
WBGene00021776.,130,624,754
WBGene00021778.,22,183,205
WBGene00021779.,1,3,4
WBGene00021780.,0,3,3
WBGene00021781.,57,513,570
WBGene00021783.,267,1849,2116
WBGene00021784.,95,1370,1465
WBGene00021785.,95,1951,2046
WBGene00021786.,0,5,5
WBGene00021787.,2,1,3
WBGene00021788.,188,47,235
WBGene00021789.,303,1244,1547
WBGene00021790.,13,3,16
WBGene00021791.,1,4,5
WBGene00021792.,2,4,6
WBGene00021793.,0,1,1
WBGene00021794.,2,9,11
WBGene00021795.,5,81,86
WBGene00021796.,53,932,985
WBGene00021797.,2,8,10
WBGene00021798.,4,3,7
WBGene00021799.,16,101,117
WBGene00021800.,440,10977,11417
WBGene00021801.,1,1,2
WBGene00021804.,2,23,25
WBGene00021805.,3,6,9
WBGene00021806.,0,3,3
WBGene00021807.,33,36,69
WBGene00021808.,339,1453,1792
WBGene00021809.,1,17,18
WBGene00021810.,560,1263,1823
WBGene00021811.,448,4446,4894
WBGene00021812.,16,390,406
WBGene00021813.,104,2002,2106
WBGene00021814.,11,55,66
WBGene00021815.,79,1466,1545
WBGene00021816.,101,1911,2012
WBGene00021817.,36,317,353
WBGene00021818.,476,5143,5619
WBGene00021819.,12,20,32
WBGene00021820.,387,595,982
WBGene00021821.,0,4,4
WBGene00021826.,209,3282,3491
WBGene00021827.,53,579,632
WBGene00021828.,219,1127,1346
WBGene00021829.,36,4441,4477
WBGene00021830.,102,4197,4299
WBGene00021831.,402,1601,2003
WBGene00021832.,59,172,231
WBGene00021833.,12,2,14
WBGene00021834.,26,799,825
WBGene00021835.,55,870,925
WBGene00021838.,231,1834,2065
WBGene00021839.,391,5038,5429
WBGene00021840.,232,474,706
WBGene00021841.,25,287,312
WBGene00021842.,299,931,1230
WBGene00021843.,626,4796,5422
WBGene00021844.,100,2994,3094
WBGene00021845.,30,3725,3755
WBGene00021846.,136,543,679
WBGene00021847.,142,1313,1455
WBGene00021848.,47,150,197
WBGene00021849.,738,14137,14875
WBGene00021850.,27,92,119
WBGene00021852.,47,455,502
WBGene00021853.,0,73,73
WBGene00021854.,228,1619,1847
WBGene00021855.,106,587,693
WBGene00021856.,296,1003,1299
WBGene00021857.,1041,6210,7251
WBGene00021858.,16,11,27
WBGene00021859.,4,2,6
WBGene00021860.,5,10,15
WBGene00021861.,2,7,9
WBGene00021862.,11,3,14
WBGene00021863.,112,488,600
WBGene00021864.,44,364,408
WBGene00021865.,10,10,20
WBGene00021866.,74,776,850
WBGene00021867.,116,1207,1323
WBGene00021868.,196,2244,2440
WBGene00021869.,6,64,70
WBGene00021870.,77,822,899
WBGene00021871.,49,183,232
WBGene00021872.,11,134,145
WBGene00021873.,1,1,2
WBGene00021875.,483,4635,5118
WBGene00021876.,306,1587,1893
WBGene00021877.,56,99,155
WBGene00021878.,10,6,16
WBGene00021879.,2,50,52
WBGene00021880.,0,0,0
WBGene00021881.,94,216,310
WBGene00021882.,735,1176,1911
WBGene00021883.,143,5516,5659
WBGene00021884.,0,317,317
WBGene00021885.,5,6,11
WBGene00021886.,470,218,688
WBGene00021887.,26,100,126
WBGene00021888.,210,5957,6167
WBGene00021889.,0,3,3
WBGene00021890.,709,5696,6405
WBGene00021892.,12,5,17
WBGene00021893.,1808,3859,5667
WBGene00021894.,1039,7729,8768
WBGene00021895.,9,7,16
WBGene00021897.,146,391,537
WBGene00021898.,0,136,136
WBGene00021899.,349,6471,6820
WBGene00021900.,107,2928,3035
WBGene00021901.,24,1951,1975
WBGene00021902.,90,468,558
WBGene00021904.,31,613,644
WBGene00021905.,76,521,597
WBGene00021906.,254,834,1088
WBGene00021907.,4,1,5
WBGene00021908.,1,9,10
WBGene00021909.,50,1215,1265
WBGene00021910.,282,952,1234
WBGene00021911.,7,34,41
WBGene00021912.,81,436,517
WBGene00021913.,56,1059,1115
WBGene00021914.,162,450,612
WBGene00021915.,224,1045,1269
WBGene00021917.,8,238,246
WBGene00021918.,29,1729,1758
WBGene00021919.,19,133,152
WBGene00021920.,363,3676,4039
WBGene00021921.,489,3756,4245
WBGene00021922.,48,1881,1929
WBGene00021923.,130,406,536
WBGene00021925.,133,559,692
WBGene00021926.,196,1871,2067
WBGene00021927.,23,370,393
WBGene00021928.,53,369,422
WBGene00021929.,32,1518,1550
WBGene00021930.,353,7331,7684
WBGene00021931.,115,283,398
WBGene00021932.,72,743,815
WBGene00021933.,27,403,430
WBGene00021934.,184,4351,4535
WBGene00021935.,116,580,696
WBGene00021936.,623,1896,2519
WBGene00021938.,83,1659,1742
WBGene00021939.,59,38,97
WBGene00021941.,49,188,237
WBGene00021942.,27,271,298
WBGene00021943.,181,2291,2472
WBGene00021945.,81,349,430
WBGene00021947.,6,41,47
WBGene00021948.,494,1509,2003
WBGene00021949.,3,8,11
WBGene00021950.,38,417,455
WBGene00021951.,14,30,44
WBGene00021952.,303,5345,5648
WBGene00021953.,12,26,38
WBGene00021956.,68,2042,2110
WBGene00021957.,1,1,2
WBGene00021958.,7,47,54
WBGene00021959.,435,6558,6993
WBGene00021960.,205,4885,5090
WBGene00021961.,0,0,0
WBGene00021963.,40,220,260
WBGene00021964.,2,0,2
WBGene00021965.,48,401,449
WBGene00021966.,4,5,9
WBGene00021967.,2,5,7
WBGene00021968.,28,32,60
WBGene00021969.,0,2,2
WBGene00021970.,14,8,22
WBGene00021971.,0,0,0
WBGene00021972.,84,552,636
WBGene00021973.,237,1801,2038
WBGene00021974.,121,1555,1676
WBGene00021975.,42,477,519
WBGene00021976.,30,358,388
WBGene00021977.,12,162,174
WBGene00021978.,1,55,56
WBGene00021979.,1,1198,1199
WBGene00021980.,221,743,964
WBGene00021981.,72,3940,4012
WBGene00021983.,91,1408,1499
WBGene00021984.,80,518,598
WBGene00021985.,250,1501,1751
WBGene00021986.,125,1079,1204
WBGene00021987.,0,2,2
WBGene00021988.,0,0,0
WBGene00021990.,39,36,75
WBGene00021992.,3,0,3
WBGene00021993.,0,16,16
WBGene00021994.,10,73,83
WBGene00021995.,0,5,5
WBGene00021996.,3,2,5
WBGene00021997.,0,0,0
WBGene00021998.,0,0,0
WBGene00021999.,0,0,0
WBGene00022000.,0,0,0
WBGene00022001.,13,0,13
WBGene00022002.,0,0,0
WBGene00022003.,0,0,0
WBGene00022004.,21,271,292
WBGene00022005.,0,4,4
WBGene00022006.,0,1,1
WBGene00022007.,0,0,0
WBGene00022008.,0,0,0
WBGene00022010.,185,1589,1774
WBGene00022011.,1,5,6
WBGene00022012.,1,16,17
WBGene00022013.,0,124,124
WBGene00022014.,264,401,665
WBGene00022015.,466,1905,2371
WBGene00022016.,5,20,25
WBGene00022017.,0,26,26
WBGene00022018.,13,303,316
WBGene00022019.,439,2392,2831
WBGene00022020.,0,6,6
WBGene00022021.,355,3681,4036
WBGene00022022.,29,951,980
WBGene00022023.,0,1,1
WBGene00022024.,3,141,144
WBGene00022025.,116,1880,1996
WBGene00022026.,289,1843,2132
WBGene00022027.,304,4572,4876
WBGene00022028.,6,10,16
WBGene00022029.,114,2188,2302
WBGene00022030.,3,8,11
WBGene00022031.,97,747,844
WBGene00022032.,7,4,11
WBGene00022033.,49,234,283
WBGene00022034.,42,570,612
WBGene00022035.,49,46,95
WBGene00022036.,42,138,180
WBGene00022037.,127,1089,1216
WBGene00022038.,98,1273,1371
WBGene00022039.,5,35,40
WBGene00022040.,6,15,21
WBGene00022042.,12390,104359,116749
WBGene00022043.,21,804,825
WBGene00022044.,28,1393,1421
WBGene00022045.,472,3610,4082
WBGene00022046.,9,19653,19662
WBGene00022047.,3,133,136
WBGene00022048.,1344,16214,17558
WBGene00022051.,184,625,809
WBGene00022052.,74,553,627
WBGene00022053.,832,11978,12810
WBGene00022054.,54,464,518
WBGene00022055.,24,378,402
WBGene00022056.,100,247,347
WBGene00022057.,61,1418,1479
WBGene00022059.,1450,1788,3238
WBGene00022060.,9,730,739
WBGene00022061.,24,49,73
WBGene00022062.,33,78,111
WBGene00022063.,116,1329,1445
WBGene00022064.,3,2,5
WBGene00022066.,0,9,9
WBGene00022067.,161,625,786
WBGene00022069.,330,7573,7903
WBGene00022070.,1,16,17
WBGene00022071.,21,78,99
WBGene00022072.,1662,23607,25269
WBGene00022073.,84,596,680
WBGene00022074.,271,1259,1530
WBGene00022075.,399,7449,7848
WBGene00022076.,8,12,20
WBGene00022077.,140,1272,1412
WBGene00022078.,850,2297,3147
WBGene00022079.,13,5,18
WBGene00022082.,3,5,8
WBGene00022083.,3,3,6
WBGene00022085.,14,7,21
WBGene00022086.,44,56,100
WBGene00022087.,775,1171,1946
WBGene00022089.,1327,50768,52095
WBGene00022090.,4,10,14
WBGene00022092.,248,2840,3088
WBGene00022093.,838,13227,14065
WBGene00022094.,4,0,4
WBGene00022095.,0,2,2
WBGene00022096.,0,5,5
WBGene00022097.,1,0,1
WBGene00022099.,299,4318,4617
WBGene00022100.,577,1281,1858
WBGene00022101.,51,200,251
WBGene00022102.,9,38,47
WBGene00022103.,191,553,744
WBGene00022104.,276,378,654
WBGene00022106.,160,372,532
WBGene00022107.,53,1085,1138
WBGene00022108.,7,16,23
WBGene00022110.,5,147,152
WBGene00022111.,0,175,175
WBGene00022112.,0,13,13
WBGene00022113.,49,155,204
WBGene00022114.,165,14034,14199
WBGene00022115.,181,1686,1867
WBGene00022117.,307,542,849
WBGene00022118.,132,772,904
WBGene00022119.,32,3906,3938
WBGene00022121.,195,690,885
WBGene00022122.,121,15944,16065
WBGene00022123.,68,336,404
WBGene00022124.,192,404,596
WBGene00022125.,78,665,743
WBGene00022126.,96,473,569
WBGene00022127.,18,11332,11350
WBGene00022128.,105,866,971
WBGene00022129.,53,499,552
WBGene00022130.,18,67,85
WBGene00022131.,114,644,758
WBGene00022133.,4,0,4
WBGene00022134.,664,3261,3925
WBGene00022138.,366,700,1066
WBGene00022139.,311,1137,1448
WBGene00022140.,25,16,41
WBGene00022141.,17,1003,1020
WBGene00022142.,18,22,40
WBGene00022143.,0,8,8
WBGene00022144.,80,11409,11489
WBGene00022145.,9,16,25
WBGene00022146.,55,2098,2153
WBGene00022148.,1017,2624,3641
WBGene00022149.,241,11485,11726
WBGene00022150.,27,2481,2508
WBGene00022152.,251,1016,1267
WBGene00022153.,290,922,1212
WBGene00022154.,20,290,310
WBGene00022155.,60,617,677
WBGene00022156.,4,31,35
WBGene00022157.,5,2,7
WBGene00022158.,62,614,676
WBGene00022159.,254,2772,3026
WBGene00022160.,19,470,489
WBGene00022161.,16,396,412
WBGene00022162.,0,0,0
WBGene00022163.,16,11,27
WBGene00022165.,103,488,591
WBGene00022166.,114,370,484
WBGene00022167.,103,742,845
WBGene00022168.,360,1224,1584
WBGene00022169.,307,3612,3919
WBGene00022170.,4656,51894,56550
WBGene00022171.,0,123,123
WBGene00022172.,0,89,89
WBGene00022173.,0,589,589
WBGene00022174.,145,514,659
WBGene00022175.,95,483,578
WBGene00022176.,299,1434,1733
WBGene00022177.,7,13,20
WBGene00022178.,12,86,98
WBGene00022179.,28,16,44
WBGene00022180.,150,2713,2863
WBGene00022181.,18,83,101
WBGene00022182.,332,1846,2178
WBGene00022185.,139,1373,1512
WBGene00022188.,106,1302,1408
WBGene00022189.,0,3,3
WBGene00022190.,16,340,356
WBGene00022191.,40,243,283
WBGene00022192.,104,1376,1480
WBGene00022193.,44,673,717
WBGene00022194.,330,9299,9629
WBGene00022195.,149,559,708
WBGene00022196.,18,345,363
WBGene00022197.,50,332,382
WBGene00022198.,56,253,309
WBGene00022199.,80,6515,6595
WBGene00022200.,12,106,118
WBGene00022201.,70,1343,1413
WBGene00022202.,175,2916,3091
WBGene00022203.,18,430,448
WBGene00022204.,6,31,37
WBGene00022205.,35,127,162
WBGene00022206.,44,123,167
WBGene00022207.,1,15,16
WBGene00022209.,2,0,2
WBGene00022210.,3,1,4
WBGene00022211.,94,491,585
WBGene00022213.,8,35,43
WBGene00022214.,3,38,41
WBGene00022215.,0,8,8
WBGene00022216.,3,7,10
WBGene00022217.,1,2,3
WBGene00022218.,1,1,2
WBGene00022219.,86,420,506
WBGene00022221.,174,439,613
WBGene00022222.,19,22,41
WBGene00022223.,5,2,7
WBGene00022224.,0,4,4
WBGene00022225.,0,17,17
WBGene00022227.,34,314,348
WBGene00022228.,46,123,169
WBGene00022229.,31,30,61
WBGene00022230.,948,8972,9920
WBGene00022231.,67,535,602
WBGene00022232.,110,763,873
WBGene00022233.,173,3068,3241
WBGene00022235.,1110,38048,39158
WBGene00022236.,0,32,32
WBGene00022237.,2,9,11
WBGene00022240.,117,1100,1217
WBGene00022242.,194,2616,2810
WBGene00022243.,0,43,43
WBGene00022244.,0,124,124
WBGene00022245.,852,8923,9775
WBGene00022246.,20,166,186
WBGene00022247.,103,174,277
WBGene00022248.,206,3845,4051
WBGene00022249.,0,0,0
WBGene00022250.,44,431,475
WBGene00022251.,96,1194,1290
WBGene00022252.,33,240,273
WBGene00022253.,128,2614,2742
WBGene00022254.,18,350,368
WBGene00022255.,27,224,251
WBGene00022256.,4,1,5
WBGene00022257.,1,50,51
WBGene00022258.,89,778,867
WBGene00022259.,60,678,738
WBGene00022260.,121,858,979
WBGene00022261.,17,101,118
WBGene00022262.,0,2,2
WBGene00022263.,12,74,86
WBGene00022264.,0,2,2
WBGene00022265.,1,5,6
WBGene00022266.,0,1,1
WBGene00022267.,21,115,136
WBGene00022268.,259,2573,2832
WBGene00022269.,283,2480,2763
WBGene00022270.,148,422,570
WBGene00022271.,53,3728,3781
WBGene00022272.,2,31,33
WBGene00022273.,24,488,512
WBGene00022274.,34,225,259
WBGene00022275.,3,54,57
WBGene00022276.,237,4056,4293
WBGene00022277.,211,1842,2053
WBGene00022278.,301,988,1289
WBGene00022279.,125,1825,1950
WBGene00022280.,98,1314,1412
WBGene00022281.,309,1182,1491
WBGene00022282.,0,2,2
WBGene00022283.,46,347,393
WBGene00022284.,94,495,589
WBGene00022285.,811,657,1468
WBGene00022286.,129,732,861
WBGene00022287.,112,2172,2284
WBGene00022288.,22,137,159
WBGene00022289.,4,13,17
WBGene00022290.,0,0,0
WBGene00022291.,0,0,0
WBGene00022292.,0,3,3
WBGene00022295.,16,103,119
WBGene00022296.,498,1524,2022
WBGene00022297.,167,3989,4156
WBGene00022298.,0,14,14
WBGene00022300.,239,780,1019
WBGene00022301.,561,1690,2251
WBGene00022302.,121,1843,1964
WBGene00022303.,2,149,151
WBGene00022306.,853,2414,3267
WBGene00022307.,14,1126,1140
WBGene00022308.,2,3,5
WBGene00022309.,141,736,877
WBGene00022310.,309,1186,1495
WBGene00022311.,5,5,10
WBGene00022312.,2,2,4
WBGene00022313.,100,129,229
WBGene00022314.,66,318,384
WBGene00022315.,1,7,8
WBGene00022316.,0,2,2
WBGene00022317.,14,105,119
WBGene00022318.,1,4,5
WBGene00022319.,0,0,0
WBGene00022320.,7,1,8
WBGene00022321.,1,1,2
WBGene00022322.,0,3,3
WBGene00022323.,0,2,2
WBGene00022324.,0,7,7
WBGene00022325.,5,92,97
WBGene00022326.,3,49,52
WBGene00022327.,7,17,24
WBGene00022328.,3,1,4
WBGene00022329.,5,50,55
WBGene00022330.,0,13,13
WBGene00022331.,8,20,28
WBGene00022332.,3,2,5
WBGene00022333.,2,19,21
WBGene00022334.,26,34,60
WBGene00022335.,27,139,166
WBGene00022336.,376,274949,275325
WBGene00022337.,0,9,9
WBGene00022338.,19,17,36
WBGene00022339.,586,5985,6571
WBGene00022340.,1,9,10
WBGene00022341.,0,2,2
WBGene00022342.,3,2,5
WBGene00022343.,1,5,6
WBGene00022344.,3,7,10
WBGene00022345.,3,6,9
WBGene00022346.,0,19,19
WBGene00022347.,214,2003,2217
WBGene00022348.,73,1940,2013
WBGene00022349.,27,99,126
WBGene00022350.,233,1002,1235
WBGene00022351.,94,228,322
WBGene00022352.,0,38,38
WBGene00022353.,0,18,18
WBGene00022354.,332,682,1014
WBGene00022356.,18,1341,1359
WBGene00022357.,78,739,817
WBGene00022358.,264,909,1173
WBGene00022360.,266,1335,1601
WBGene00022361.,374,986,1360
WBGene00022363.,189,573,762
WBGene00022365.,12,113,125
WBGene00022366.,331,749,1080
WBGene00022367.,127,142,269
WBGene00022368.,118,1404,1522
WBGene00022369.,162,998,1160
WBGene00022370.,160,242,402
WBGene00022371.,239,835,1074
WBGene00022372.,131,343,474
WBGene00022373.,308,5137,5445
WBGene00022374.,29,226,255
WBGene00022375.,1,4,5
WBGene00022376.,180,1932,2112
WBGene00022377.,9,66,75
WBGene00022378.,780,3804,4584
WBGene00022379.,22,138,160
WBGene00022380.,610,5735,6345
WBGene00022381.,133,1762,1895
WBGene00022382.,0,977,977
WBGene00022385.,21,15,36
WBGene00022386.,262,993,1255
WBGene00022388.,375,898,1273
WBGene00022389.,288,1353,1641
WBGene00022390.,59,179,238
WBGene00022391.,345,1017,1362
WBGene00022392.,24,88,112
WBGene00022393.,112,1297,1409
WBGene00022394.,45,3400,3445
WBGene00022395.,10,69,79
WBGene00022396.,40,732,772
WBGene00022397.,191,1401,1592
WBGene00022398.,48,611,659
WBGene00022399.,25,275,300
WBGene00022400.,36,1868,1904
WBGene00022401.,82,3447,3529
WBGene00022402.,28,1399,1427
WBGene00022403.,10,8,18
WBGene00022404.,0,11,11
WBGene00022405.,0,43,43
WBGene00022406.,2,8,10
WBGene00022407.,2,7,9
WBGene00022408.,2,12,14
WBGene00022409.,6,54,60
WBGene00022410.,22,9591,9613
WBGene00022411.,6,27,33
WBGene00022412.,40,173,213
WBGene00022413.,12,63,75
WBGene00022415.,23,549,572
WBGene00022416.,69,329,398
WBGene00022417.,31,618,649
WBGene00022418.,92,663,755
WBGene00022419.,64,438,502
WBGene00022420.,41,935,976
WBGene00022421.,1,4,5
WBGene00022423.,127,177,304
WBGene00022425.,219,1123,1342
WBGene00022426.,121,664,785
WBGene00022427.,188,902,1090
WBGene00022428.,47,374,421
WBGene00022429.,1,1,2
WBGene00022431.,40,8,48
WBGene00022432.,1,31,32
WBGene00022433.,0,0,0
WBGene00022434.,443,939,1382
WBGene00022435.,140,235,375
WBGene00022438.,0,0,0
WBGene00022439.,4,5,9
WBGene00022440.,6,17,23
WBGene00022441.,96,913,1009
WBGene00022442.,0,0,0
WBGene00022443.,0,1,1
WBGene00022444.,0,0,0
WBGene00022445.,3,7,10
WBGene00022446.,1,6,7
WBGene00022447.,226,322,548
WBGene00022448.,122,628,750
WBGene00022450.,54,528,582
WBGene00022452.,1,164,165
WBGene00022453.,141,2387,2528
WBGene00022454.,44,35,79
WBGene00022455.,28,1620,1648
WBGene00022456.,140,2219,2359
WBGene00022457.,77,627,704
WBGene00022458.,11,2521,2532
WBGene00022459.,61,602,663
WBGene00022460.,94,902,996
WBGene00022462.,15,217,232
WBGene00022463.,198,1883,2081
WBGene00022465.,60,727,787
WBGene00022466.,61,977,1038
WBGene00022467.,0,8,8
WBGene00022469.,13,152,165
WBGene00022470.,475,3661,4136
WBGene00022471.,53,317,370
WBGene00022472.,457,5680,6137
WBGene00022473.,1847,4111,5958
WBGene00022474.,10,49,59
WBGene00022475.,66,1366,1432
WBGene00022476.,1,1,2
WBGene00022477.,1,37,38
WBGene00022478.,3,12,15
WBGene00022479.,0,5,5
WBGene00022481.,0,0,0
WBGene00022482.,0,10,10
WBGene00022483.,0,0,0
WBGene00022484.,3,21,24
WBGene00022485.,60,220,280
WBGene00022486.,4,15,19
WBGene00022487.,1,27,28
WBGene00022488.,106,648,754
WBGene00022489.,387,3268,3655
WBGene00022490.,9,56,65
WBGene00022491.,99,143,242
WBGene00022492.,94,3219,3313
WBGene00022493.,161,972,1133
WBGene00022494.,0,1,1
WBGene00022495.,1,3,4
WBGene00022496.,0,79,79
WBGene00022497.,0,1287,1287
WBGene00022498.,6,31,37
WBGene00022499.,199,5972,6171
WBGene00022500.,580,6295,6875
WBGene00022501.,585,917,1502
WBGene00022502.,63,586,649
WBGene00022503.,9,105,114
WBGene00022504.,47,132,179
WBGene00022505.,20,381,401
WBGene00022506.,9,47,56
WBGene00022507.,25,8,33
WBGene00022508.,0,8,8
WBGene00022509.,0,6,6
WBGene00022511.,3,9,12
WBGene00022512.,1,1,2
WBGene00022515.,52,806,858
WBGene00022516.,50,2085,2135
WBGene00022517.,80,230,310
WBGene00022518.,388,770,1158
WBGene00022519.,283,1804,2087
WBGene00022521.,50,44,94
WBGene00022522.,25,174,199
WBGene00022526.,14,16,30
WBGene00022527.,32,42,74
WBGene00022528.,4,17,21
WBGene00022529.,4,2,6
WBGene00022530.,12,129,141
WBGene00022531.,39,885,924
WBGene00022532.,8,126,134
WBGene00022533.,20,161,181
WBGene00022534.,158,1544,1702
WBGene00022536.,9,9,18
WBGene00022537.,12,47,59
WBGene00022538.,133,2611,2744
WBGene00022539.,13,27,40
WBGene00022540.,40,42,82
WBGene00022541.,0,1,1
WBGene00022542.,1,4,5
WBGene00022544.,18,16,34
WBGene00022545.,2,3,5
WBGene00022546.,11,9,20
WBGene00022547.,2,20,22
WBGene00022548.,2,1,3
WBGene00022549.,12,26,38
WBGene00022550.,4,12,16
WBGene00022551.,0,9,9
WBGene00022552.,1,15,16
WBGene00022553.,1,5,6
WBGene00022554.,26,476,502
WBGene00022555.,0,0,0
WBGene00022556.,0,0,0
WBGene00022557.,1,7,8
WBGene00022558.,0,0,0
WBGene00022559.,0,2,2
WBGene00022560.,0,4,4
WBGene00022561.,0,0,0
WBGene00022562.,45,248,293
WBGene00022563.,1,0,1
WBGene00022564.,50,276,326
WBGene00022565.,3,14,17
WBGene00022566.,2,57,59
WBGene00022567.,23,83,106
WBGene00022568.,11,304,315
WBGene00022569.,15,592,607
WBGene00022570.,0,10,10
WBGene00022571.,0,1,1
WBGene00022572.,0,0,0
WBGene00022573.,2,10,12
WBGene00022574.,0,18,18
WBGene00022575.,0,0,0
WBGene00022576.,23,166,189
WBGene00022577.,39,282,321
WBGene00022578.,0,0,0
WBGene00022579.,304,3133,3437
WBGene00022580.,146,1706,1852
WBGene00022581.,3,5,8
WBGene00022582.,0,1,1
WBGene00022583.,230,3878,4108
WBGene00022584.,81,300,381
WBGene00022586.,1,38,39
WBGene00022587.,0,8,8
WBGene00022588.,30,334,364
WBGene00022589.,10,1,11
WBGene00022590.,4,42,46
WBGene00022591.,136,1264,1400
WBGene00022592.,292,1001,1293
WBGene00022593.,103,314,417
WBGene00022594.,3,7,10
WBGene00022596.,2,1,3
WBGene00022597.,59,806,865
WBGene00022598.,73,1220,1293
WBGene00022599.,1472,31752,33224
WBGene00022600.,2,0,2
WBGene00022601.,31,225,256
WBGene00022603.,107,1539,1646
WBGene00022604.,0,5,5
WBGene00022605.,0,8,8
WBGene00022606.,12,41,53
WBGene00022608.,137,746,883
WBGene00022609.,50,301,351
WBGene00022610.,25,102,127
WBGene00022611.,29,111,140
WBGene00022612.,18,137,155
WBGene00022613.,56,439,495
WBGene00022614.,198,1662,1860
WBGene00022615.,14,808,822
WBGene00022616.,3,2,5
WBGene00022617.,0,0,0
WBGene00022618.,180,3181,3361
WBGene00022619.,0,20,20
WBGene00022620.,81,1144,1225
WBGene00022621.,0,1,1
WBGene00022622.,0,0,0
WBGene00022623.,7,383,390
WBGene00022624.,41,80,121
WBGene00022627.,9,23,32
WBGene00022628.,3,17,20
WBGene00022629.,27,582,609
WBGene00022630.,0,2,2
WBGene00022631.,15,181,196
WBGene00022632.,6,8,14
WBGene00022633.,42,301,343
WBGene00022634.,7,7,14
WBGene00022635.,103,538,641
WBGene00022636.,2,4,6
WBGene00022637.,1,6,7
WBGene00022638.,1,2,3
WBGene00022639.,0,5,5
WBGene00022640.,3,3,6
WBGene00022641.,4,42,46
WBGene00022642.,17,237,254
WBGene00022643.,5,34,39
WBGene00022644.,21,298,319
WBGene00022645.,28,252,280
WBGene00022646.,9,923,932
WBGene00022647.,94,611,705
WBGene00022648.,149,534,683
WBGene00022649.,20,222,242
WBGene00022650.,224,293,517
WBGene00022651.,0,4,4
WBGene00022652.,0,1,1
WBGene00022653.,9,69,78
WBGene00022654.,4,3,7
WBGene00022655.,9,24,33
WBGene00022656.,4,112,116
WBGene00022657.,14,910,924
WBGene00022658.,1,9,10
WBGene00022660.,0,28,28
WBGene00022661.,36,134,170
WBGene00022662.,10,38,48
WBGene00022663.,68,1057,1125
WBGene00022664.,40,846,886
WBGene00022665.,77,798,875
WBGene00022666.,82,1072,1154
WBGene00022667.,248,2106,2354
WBGene00022668.,341,1804,2145
WBGene00022669.,0,4,4
WBGene00022670.,1,0,1
WBGene00022671.,5,24,29
WBGene00022672.,156,769,925
WBGene00022673.,59,478,537
WBGene00022674.,0,1,1
WBGene00022675.,592,1565,2157
WBGene00022677.,44,556,600
WBGene00022678.,159,6097,6256
WBGene00022679.,2,1243,1245
WBGene00022680.,22,197,219
WBGene00022681.,33,130,163
WBGene00022682.,40,128,168
WBGene00022683.,60,576,636
WBGene00022685.,2,2,4
WBGene00022688.,1,0,1
WBGene00022689.,1,1,2
WBGene00022690.,6,10,16
WBGene00022691.,2,4,6
WBGene00022694.,58,850,908
WBGene00022695.,55,388,443
WBGene00022696.,39,192,231
WBGene00022697.,168,1597,1765
WBGene00022698.,20,134,154
WBGene00022699.,2,19,21
WBGene00022700.,15,148,163
WBGene00022702.,3,475,478
WBGene00022703.,192,1866,2058
WBGene00022704.,57,718,775
WBGene00022705.,5,41,46
WBGene00022706.,9,105,114
WBGene00022707.,3,9,12
WBGene00022708.,0,15,15
WBGene00022709.,11,115,126
WBGene00022710.,2,30,32
WBGene00022711.,9,11,20
WBGene00022712.,23,225,248
WBGene00022713.,0,3,3
WBGene00022714.,2,3,5
WBGene00022715.,9,36,45
WBGene00022716.,2,1,3
WBGene00022717.,59,970,1029
WBGene00022718.,181,1925,2106
WBGene00022719.,168,2186,2354
WBGene00022720.,39,336,375
WBGene00022721.,39,575,614
WBGene00022722.,159,2602,2761
WBGene00022723.,15,14,29
WBGene00022724.,0,9,9
WBGene00022725.,13,93,106
WBGene00022726.,2,0,2
WBGene00022727.,79,961,1040
WBGene00022728.,3,2,5
WBGene00022729.,0,1,1
WBGene00022730.,25,229,254
WBGene00022731.,14,15,29
WBGene00022732.,9,44,53
WBGene00022733.,189,169,358
WBGene00022734.,91,3582,3673
WBGene00022735.,16,69,85
WBGene00022736.,22,295,317
WBGene00022737.,4,267,271
WBGene00022738.,351,5510,5861
WBGene00022739.,217,2253,2470
WBGene00022741.,16,9,25
WBGene00022742.,125,2225,2350
WBGene00022743.,103,769,872
WBGene00022744.,28,146,174
WBGene00022745.,1269,7163,8432
WBGene00022746.,0,11,11
WBGene00022747.,3,35,38
WBGene00022748.,224,23757,23981
WBGene00022749.,58,2275,2333
WBGene00022750.,798,3003,3801
WBGene00022751.,0,1,1
WBGene00022752.,11,233,244
WBGene00022753.,4,6,10
WBGene00022754.,0,5,5
WBGene00022755.,2,12,14
WBGene00022756.,2,58,60
WBGene00022757.,3,5,8
WBGene00022758.,1,0,1
WBGene00022759.,49,2042,2091
WBGene00022760.,0,61,61
WBGene00022761.,1,9,10
WBGene00022762.,69,405,474
WBGene00022763.,0,8,8
WBGene00022765.,613,6291,6904
WBGene00022766.,133,2093,2226
WBGene00022767.,19,399,418
WBGene00022769.,39,737,776
WBGene00022770.,34,678,712
WBGene00022771.,114,744,858
WBGene00022772.,22,81,103
WBGene00022773.,116,476,592
WBGene00022774.,71,2301,2372
WBGene00022775.,1,103,104
WBGene00022776.,23,3180,3203
WBGene00022778.,1,1,2
WBGene00022780.,1,1,2
WBGene00022781.,72,3464,3536
WBGene00022782.,21,514,535
WBGene00022783.,388,2978,3366
WBGene00022785.,132,1509,1641
WBGene00022786.,14,696,710
WBGene00022787.,53,818,871
WBGene00022788.,23,869,892
WBGene00022789.,10,65,75
WBGene00022790.,35,408,443
WBGene00022791.,431,3485,3916
WBGene00022792.,69,1251,1320
WBGene00022793.,35,4335,4370
WBGene00022794.,239,4028,4267
WBGene00022795.,12,84,96
WBGene00022796.,70,423,493
WBGene00022797.,31,440,471
WBGene00022798.,217,2285,2502
WBGene00022799.,0,6,6
WBGene00022800.,121,1527,1648
WBGene00022801.,118,4264,4382
WBGene00022802.,43,501,544
WBGene00022803.,41,673,714
WBGene00022804.,2,8,10
WBGene00022805.,167,848,1015
WBGene00022806.,0,2,2
WBGene00022807.,7,13,20
WBGene00022808.,4,25,29
WBGene00022809.,0,1,1
WBGene00022810.,24,353,377
WBGene00022811.,53,56,109
WBGene00022812.,107,1636,1743
WBGene00022813.,52,378,430
WBGene00022814.,41,411,452
WBGene00022815.,15,97,112
WBGene00022816.,249,2124,2373
WBGene00022817.,256,4159,4415
WBGene00022818.,3,3,6
WBGene00022820.,1,3,4
WBGene00022821.,0,0,0
WBGene00022822.,0,0,0
WBGene00022823.,40,1929,1969
WBGene00022824.,26,259,285
WBGene00022825.,116,351,467
WBGene00022826.,1,4,5
WBGene00022827.,15,16,31
WBGene00022829.,81,222,303
WBGene00022830.,29,691,720
WBGene00022831.,136,1546,1682
WBGene00022832.,78,1619,1697
WBGene00022833.,1,2,3
WBGene00022834.,5,165,170
WBGene00022835.,48,671,719
WBGene00022836.,115,2121,2236
WBGene00022837.,43,447,490
WBGene00022838.,19,38,57
WBGene00022840.,8,14,22
WBGene00022842.,24,264,288
WBGene00022843.,56,74,130
WBGene00022845.,0,102,102
WBGene00022846.,40,1,41
WBGene00022847.,32,103,135
WBGene00022848.,15,343,358
WBGene00022849.,15,51,66
WBGene00022850.,292,908,1200
WBGene00022851.,78,2109,2187
WBGene00022852.,2,1735,1737
WBGene00022853.,0,2036,2036
WBGene00022854.,9,115,124
WBGene00022855.,71,3999,4070
WBGene00022856.,34,7279,7313
WBGene00022857.,15,309,324
WBGene00022858.,46,65,111
WBGene00022861.,3156,617,3773
WBGene00022862.,20,648,668
WBGene00022864.,104,3806,3910
WBGene00022865.,111,1893,2004
WBGene00022866.,0,7,7
WBGene00022867.,4,33,37
WBGene00022868.,11,133,144
WBGene00022869.,1,1,2
WBGene00022870.,1,5,6
WBGene00022871.,2,63,65
WBGene00022872.,11,25,36
WBGene00022873.,0,12,12
WBGene00022874.,43,122,165
WBGene00022875.,0,1,1
WBGene00022876.,1,5,6
WBGene00022877.,1,2,3
WBGene00022880.,64,644,708
WBGene00022881.,24,549,573
WBGene00022882.,44,384,428
WBGene00022883.,21,407,428
WBGene00022884.,0,22,22
WBGene00022885.,42,693,735
WBGene00022886.,1,4,5
WBGene00022887.,18,547,565
WBGene00022888.,6,0,6
WBGene00022889.,2,0,2
WBGene00022890.,1,3,4
WBGene00022891.,3,27,30
WBGene00022892.,0,0,0
WBGene00022893.,14,45,59
WBGene00022894.,0,0,0
WBGene00022895.,0,0,0
WBGene00022896.,0,0,0
WBGene00022897.,0,0,0
WBGene00022898.,0,0,0
WBGene00022899.,0,0,0
WBGene00022900.,0,0,0
WBGene00022901.,0,0,0
WBGene00022902.,0,0,0
WBGene00022903.,0,0,0
WBGene00022904.,0,0,0
WBGene00022905.,0,0,0
WBGene00022906.,0,0,0
WBGene00022907.,0,0,0
WBGene00022908.,0,0,0
WBGene00022909.,0,0,0
WBGene00022910.,0,0,0
WBGene00022911.,0,0,0
WBGene00022912.,0,0,0
WBGene00022913.,0,0,0
WBGene00022914.,0,0,0
WBGene00022915.,0,0,0
WBGene00022916.,0,3,3
WBGene00022917.,0,13,13
WBGene00022918.,0,2,2
WBGene00022919.,0,12,12
WBGene00022920.,0,0,0
WBGene00022921.,0,0,0
WBGene00022922.,0,21,21
WBGene00022923.,0,0,0
WBGene00022924.,0,0,0
WBGene00022925.,0,0,0
WBGene00022926.,0,12,12
WBGene00022927.,0,0,0
WBGene00022928.,0,0,0
WBGene00022929.,0,5,5
WBGene00022930.,0,0,0
WBGene00022931.,0,0,0
WBGene00022932.,0,37,37
WBGene00022933.,0,0,0
WBGene00022934.,0,0,0
WBGene00022935.,0,0,0
WBGene00022936.,0,2,2
WBGene00022937.,0,0,0
WBGene00022938.,0,2,2
WBGene00022939.,0,0,0
WBGene00022940.,0,0,0
WBGene00022941.,0,0,0
WBGene00022942.,0,2,2
WBGene00022943.,0,3,3
WBGene00022944.,0,0,0
WBGene00022945.,0,0,0
WBGene00022946.,0,0,0
WBGene00022947.,0,0,0
WBGene00022948.,0,1,1
WBGene00022949.,0,0,0
WBGene00022950.,0,15,15
WBGene00022951.,0,129864,129864
WBGene00022952.,0,2,2
WBGene00022953.,0,0,0
WBGene00022954.,0,0,0
WBGene00022955.,0,0,0
WBGene00022956.,0,59,59
WBGene00022957.,0,0,0
WBGene00022958.,0,0,0
WBGene00022959.,0,0,0
WBGene00022960.,0,0,0
WBGene00022961.,0,0,0
WBGene00022962.,0,12,12
WBGene00022963.,0,0,0
WBGene00022964.,0,0,0
WBGene00022965.,0,0,0
WBGene00022966.,0,0,0
WBGene00022967.,0,0,0
WBGene00022968.,0,0,0
WBGene00022969.,0,0,0
WBGene00022970.,0,210,210
WBGene00022971.,0,2,2
WBGene00022972.,0,0,0
WBGene00022973.,0,0,0
WBGene00022974.,0,0,0
WBGene00022975.,0,0,0
WBGene00022976.,0,0,0
WBGene00022977.,0,0,0
WBGene00022978.,0,0,0
WBGene00022979.,0,0,0
WBGene00022980.,0,0,0
WBGene00022981.,0,0,0
WBGene00022982.,0,17,17
WBGene00022983.,0,41,41
WBGene00022984.,0,0,0
WBGene00022985.,0,1,1
WBGene00022986.,0,0,0
WBGene00022987.,0,0,0
WBGene00022988.,0,0,0
WBGene00022989.,0,0,0
WBGene00022990.,0,0,0
WBGene00022991.,0,0,0
WBGene00022992.,0,0,0
WBGene00022993.,0,0,0
WBGene00022994.,0,0,0
WBGene00022995.,0,0,0
WBGene00022996.,0,0,0
WBGene00022997.,0,0,0
WBGene00022998.,0,0,0
WBGene00022999.,0,3,3
WBGene00023000.,0,0,0
WBGene00023001.,0,0,0
WBGene00023002.,0,3,3
WBGene00023003.,0,3,3
WBGene00023004.,0,1,1
WBGene00023005.,0,0,0
WBGene00023006.,0,3,3
WBGene00023007.,0,0,0
WBGene00023008.,0,0,0
WBGene00023009.,0,0,0
WBGene00023010.,0,0,0
WBGene00023011.,0,0,0
WBGene00023012.,0,0,0
WBGene00023013.,0,0,0
WBGene00023014.,0,0,0
WBGene00023015.,0,0,0
WBGene00023016.,0,0,0
WBGene00023017.,0,1,1
WBGene00023018.,0,0,0
WBGene00023019.,0,0,0
WBGene00023020.,0,94,94
WBGene00023021.,0,773,773
WBGene00023022.,0,0,0
WBGene00023023.,0,0,0
WBGene00023024.,0,0,0
WBGene00023025.,0,0,0
WBGene00023026.,0,0,0
WBGene00023027.,0,0,0
WBGene00023028.,0,0,0
WBGene00023029.,0,0,0
WBGene00023030.,0,0,0
WBGene00023031.,0,0,0
WBGene00023032.,0,0,0
WBGene00023033.,0,0,0
WBGene00023034.,0,0,0
WBGene00023035.,0,0,0
WBGene00023036.,268,1945,2213
WBGene00023037.,0,0,0
WBGene00023038.,0,0,0
WBGene00023039.,4,22,26
WBGene00023040.,0,0,0
WBGene00023041.,0,3,3
WBGene00023042.,0,0,0
WBGene00023043.,0,0,0
WBGene00023044.,0,0,0
WBGene00023045.,0,1,1
WBGene00023046.,0,0,0
WBGene00023047.,0,0,0
WBGene00023048.,0,0,0
WBGene00023049.,0,4,4
WBGene00023050.,0,0,0
WBGene00023051.,0,0,0
WBGene00023052.,0,0,0
WBGene00023053.,0,1,1
WBGene00023054.,0,1,1
WBGene00023055.,0,0,0
WBGene00023056.,0,2,2
WBGene00023057.,0,0,0
WBGene00023058.,0,0,0
WBGene00023059.,0,0,0
WBGene00023060.,0,3,3
WBGene00023061.,0,0,0
WBGene00023062.,0,0,0
WBGene00023063.,0,0,0
WBGene00023064.,0,0,0
WBGene00023065.,0,0,0
WBGene00023066.,0,92,92
WBGene00023067.,7717,16019,23736
WBGene00023068.,171922,291693,463615
WBGene00023069.,1,152,153
WBGene00023070.,0,1,1
WBGene00023071.,0,0,0
WBGene00023072.,0,0,0
WBGene00023073.,0,0,0
WBGene00023074.,0,0,0
WBGene00023075.,0,0,0
WBGene00023076.,0,0,0
WBGene00023077.,0,0,0
WBGene00023078.,0,0,0
WBGene00023079.,0,0,0
WBGene00023080.,0,0,0
WBGene00023081.,0,0,0
WBGene00023082.,0,0,0
WBGene00023083.,0,23,23
WBGene00023084.,0,3,3
WBGene00023085.,0,0,0
WBGene00023086.,0,0,0
WBGene00023087.,0,0,0
WBGene00023088.,0,0,0
WBGene00023089.,0,0,0
WBGene00023090.,0,0,0
WBGene00023091.,0,0,0
WBGene00023092.,0,0,0
WBGene00023093.,0,0,0
WBGene00023094.,0,0,0
WBGene00023095.,0,0,0
WBGene00023096.,0,0,0
WBGene00023097.,0,0,0
WBGene00023098.,0,0,0
WBGene00023099.,0,0,0
WBGene00023100.,0,3,3
WBGene00023101.,0,0,0
WBGene00023102.,0,0,0
WBGene00023103.,0,0,0
WBGene00023104.,2,3,5
WBGene00023105.,0,0,0
WBGene00023106.,0,0,0
WBGene00023107.,0,0,0
WBGene00023108.,0,0,0
WBGene00023109.,0,1,1
WBGene00023110.,0,0,0
WBGene00023111.,0,0,0
WBGene00023112.,0,0,0
WBGene00023113.,0,0,0
WBGene00023115.,0,0,0
WBGene00023116.,0,3,3
WBGene00023117.,0,0,0
WBGene00023118.,0,0,0
WBGene00023119.,0,0,0
WBGene00023120.,0,0,0
WBGene00023121.,0,0,0
WBGene00023122.,0,0,0
WBGene00023123.,0,0,0
WBGene00023124.,0,0,0
WBGene00023125.,0,3,3
WBGene00023126.,0,0,0
WBGene00023127.,1,0,1
WBGene00023128.,0,0,0
WBGene00023129.,0,0,0
WBGene00023130.,0,0,0
WBGene00023131.,0,4,4
WBGene00023132.,0,0,0
WBGene00023133.,0,1,1
WBGene00023134.,0,0,0
WBGene00023135.,0,2,2
WBGene00023136.,0,0,0
WBGene00023137.,0,0,0
WBGene00023138.,0,0,0
WBGene00023139.,0,0,0
WBGene00023140.,0,0,0
WBGene00023141.,0,0,0
WBGene00023142.,0,13,13
WBGene00023143.,0,0,0
WBGene00023144.,0,0,0
WBGene00023145.,0,0,0
WBGene00023146.,0,0,0
WBGene00023147.,3,3,6
WBGene00023148.,0,1,1
WBGene00023149.,0,0,0
WBGene00023150.,0,14,14
WBGene00023151.,0,0,0
WBGene00023152.,0,0,0
WBGene00023153.,0,1,1
WBGene00023154.,0,0,0
WBGene00023155.,0,0,0
WBGene00023156.,0,0,0
WBGene00023157.,0,0,0
WBGene00023158.,0,0,0
WBGene00023159.,0,0,0
WBGene00023160.,0,0,0
WBGene00023161.,0,0,0
WBGene00023162.,0,5,5
WBGene00023163.,0,0,0
WBGene00023164.,0,0,0
WBGene00023165.,0,0,0
WBGene00023166.,0,0,0
WBGene00023167.,0,0,0
WBGene00023168.,0,0,0
WBGene00023169.,0,0,0
WBGene00023170.,0,0,0
WBGene00023171.,0,0,0
WBGene00023172.,26,73,99
WBGene00023173.,0,0,0
WBGene00023174.,0,0,0
WBGene00023175.,0,0,0
WBGene00023176.,0,0,0
WBGene00023177.,0,0,0
WBGene00023178.,0,0,0
WBGene00023179.,0,0,0
WBGene00023180.,0,0,0
WBGene00023181.,0,0,0
WBGene00023182.,0,0,0
WBGene00023183.,0,17,17
WBGene00023184.,0,0,0
WBGene00023185.,0,0,0
WBGene00023186.,0,0,0
WBGene00023187.,0,0,0
WBGene00023188.,0,0,0
WBGene00023189.,0,0,0
WBGene00023190.,0,0,0
WBGene00023191.,12,17,29
WBGene00023192.,0,0,0
WBGene00023193.,0,65,65
WBGene00023194.,0,0,0
WBGene00023195.,0,0,0
WBGene00023196.,0,0,0
WBGene00023197.,0,0,0
WBGene00023198.,0,0,0
WBGene00023199.,0,0,0
WBGene00023200.,0,0,0
WBGene00023201.,0,0,0
WBGene00023202.,0,0,0
WBGene00023203.,0,5,5
WBGene00023204.,0,1,1
WBGene00023205.,0,46,46
WBGene00023206.,0,0,0
WBGene00023207.,0,0,0
WBGene00023208.,0,0,0
WBGene00023209.,133,39435,39568
WBGene00023210.,0,0,0
WBGene00023211.,0,0,0
WBGene00023212.,0,0,0
WBGene00023213.,0,0,0
WBGene00023214.,0,0,0
WBGene00023215.,0,0,0
WBGene00023216.,0,0,0
WBGene00023217.,0,0,0
WBGene00023218.,0,0,0
WBGene00023219.,0,0,0
WBGene00023220.,0,0,0
WBGene00023221.,0,0,0
WBGene00023222.,0,0,0
WBGene00023223.,32,70,102
WBGene00023224.,0,2,2
WBGene00023225.,0,3,3
WBGene00023226.,1,6,7
WBGene00023227.,0,0,0
WBGene00023228.,0,0,0
WBGene00023229.,0,0,0
WBGene00023230.,0,0,0
WBGene00023231.,0,0,0
WBGene00023232.,0,0,0
WBGene00023233.,0,2,2
WBGene00023234.,0,0,0
WBGene00023235.,1,7,8
WBGene00023236.,1,0,1
WBGene00023237.,0,1,1
WBGene00023238.,0,2,2
WBGene00023239.,4,9,13
WBGene00023240.,0,0,0
WBGene00023241.,0,4,4
WBGene00023242.,0,0,0
WBGene00023243.,1,0,1
WBGene00023244.,6,4,10
WBGene00023245.,3,160,163
WBGene00023246.,0,19,19
WBGene00023247.,0,2,2
WBGene00023248.,1,1,2
WBGene00023249.,0,8,8
WBGene00023250.,0,0,0
WBGene00023251.,0,0,0
WBGene00023252.,0,57,57
WBGene00023253.,0,0,0
WBGene00023254.,0,0,0
WBGene00023255.,0,0,0
WBGene00023256.,0,0,0
WBGene00023257.,0,0,0
WBGene00023259.,0,2,2
WBGene00023260.,0,0,0
WBGene00023262.,0,5,5
WBGene00023263.,0,13226,13226
WBGene00023264.,18,6,24
WBGene00023265.,0,0,0
WBGene00023266.,0,0,0
WBGene00023267.,0,0,0
WBGene00023268.,0,1,1
WBGene00023269.,0,0,0
WBGene00023270.,0,7,7
WBGene00023271.,0,26,26
WBGene00023272.,3,2,5
WBGene00023273.,3,13,16
WBGene00023274.,3,0,3
WBGene00023275.,0,1,1
WBGene00023276.,0,12,12
WBGene00023277.,0,15,15
WBGene00023278.,0,0,0
WBGene00023279.,0,18,18
WBGene00023281.,3,4,7
WBGene00023282.,0,9,9
WBGene00023283.,0,0,0
WBGene00023284.,4,168,172
WBGene00023285.,0,1,1
WBGene00023287.,0,2,2
WBGene00023288.,0,2,2
WBGene00023289.,0,0,0
WBGene00023290.,0,0,0
WBGene00023291.,0,0,0
WBGene00023293.,0,38,38
WBGene00023294.,0,1,1
WBGene00023295.,0,0,0
WBGene00023296.,0,0,0
WBGene00023297.,0,0,0
WBGene00023298.,0,0,0
WBGene00023299.,0,0,0
WBGene00023300.,0,0,0
WBGene00023301.,2,3,5
WBGene00023302.,2,128,130
WBGene00023303.,1,3,4
WBGene00023304.,0,0,0
WBGene00023305.,0,0,0
WBGene00023306.,0,6,6
WBGene00023307.,0,0,0
WBGene00023308.,67,19,86
WBGene00023309.,0,0,0
WBGene00023310.,0,1,1
WBGene00023311.,0,2,2
WBGene00023312.,0,2,2
WBGene00023313.,0,7,7
WBGene00023314.,0,18,18
WBGene00023315.,0,0,0
WBGene00023316.,0,4,4
WBGene00023317.,0,0,0
WBGene00023318.,9,109,118
WBGene00023319.,0,5,5
WBGene00023320.,0,4,4
WBGene00023321.,0,3,3
WBGene00023322.,0,0,0
WBGene00023323.,15,166,181
WBGene00023324.,0,0,0
WBGene00023325.,0,3,3
WBGene00023326.,1,10,11
WBGene00023327.,0,0,0
WBGene00023328.,0,1,1
WBGene00023329.,0,2,2
WBGene00023330.,4,18,22
WBGene00023331.,0,3,3
WBGene00023332.,0,0,0
WBGene00023333.,0,0,0
WBGene00023334.,0,0,0
WBGene00023335.,0,0,0
WBGene00023336.,2,4,6
WBGene00023337.,1,3,4
WBGene00023338.,3,2,5
WBGene00023339.,0,1,1
WBGene00023340.,0,0,0
WBGene00023341.,0,0,0
WBGene00023342.,0,0,0
WBGene00023343.,0,0,0
WBGene00023344.,0,0,0
WBGene00023345.,0,0,0
WBGene00023346.,0,0,0
WBGene00023348.,0,6,6
WBGene00023349.,0,32,32
WBGene00023351.,0,9,9
WBGene00023352.,0,0,0
WBGene00023353.,0,0,0
WBGene00023354.,0,0,0
WBGene00023355.,84,16,100
WBGene00023356.,0,2,2
WBGene00023357.,0,0,0
WBGene00023358.,0,3,3
WBGene00023359.,0,0,0
WBGene00023360.,0,0,0
WBGene00023361.,0,0,0
WBGene00023362.,0,0,0
WBGene00023363.,0,0,0
WBGene00023364.,0,38,38
WBGene00023365.,0,0,0
WBGene00023366.,0,0,0
WBGene00023367.,0,0,0
WBGene00023368.,0,0,0
WBGene00023369.,0,0,0
WBGene00023370.,0,0,0
WBGene00023371.,0,0,0
WBGene00023372.,0,0,0
WBGene00023373.,0,12,12
WBGene00023375.,0,0,0
WBGene00023376.,0,2,2
WBGene00023377.,0,2,2
WBGene00023378.,0,0,0
WBGene00023379.,0,0,0
WBGene00023380.,0,0,0
WBGene00023381.,0,5,5
WBGene00023382.,0,1,1
WBGene00023383.,0,0,0
WBGene00023384.,0,0,0
WBGene00023385.,0,0,0
WBGene00023386.,0,0,0
WBGene00023387.,0,0,0
WBGene00023388.,0,0,0
WBGene00023389.,0,0,0
WBGene00023390.,0,8,8
WBGene00023391.,0,0,0
WBGene00023392.,0,0,0
WBGene00023393.,0,0,0
WBGene00023394.,0,0,0
WBGene00023395.,5,38,43
WBGene00023396.,0,10,10
WBGene00023397.,0,1,1
WBGene00023398.,0,0,0
WBGene00023399.,0,2,2
WBGene00023400.,0,3,3
WBGene00023401.,0,3629,3629
WBGene00023402.,1,0,1
WBGene00023404.,55,311,366
WBGene00023405.,208,2654,2862
WBGene00023407.,26,937,963
WBGene00023408.,221,9315,9536
WBGene00023409.,97,1220,1317
WBGene00023410.,2,3,5
WBGene00023411.,5,10,15
WBGene00023413.,8,25,33
WBGene00023414.,212,653,865
WBGene00023415.,8,125,133
WBGene00023416.,32,513,545
WBGene00023417.,12,1002,1014
WBGene00023418.,5,607,612
WBGene00023419.,92,1463,1555
WBGene00023420.,0,16,16
WBGene00023421.,71,467,538
WBGene00023422.,172,1642,1814
WBGene00023423.,30,36,66
WBGene00023424.,3,7,10
WBGene00023425.,4,5,9
WBGene00023427.,15,34,49
WBGene00023428.,0,0,0
WBGene00023429.,0,0,0
WBGene00023430.,0,0,0
WBGene00023431.,417,942,1359
WBGene00023432.,19,116,135
WBGene00023450.,115,541,656
WBGene00023451.,12,58,70
WBGene00023452.,0,0,0
WBGene00023453.,0,3,3
WBGene00023454.,0,0,0
WBGene00023455.,0,0,0
WBGene00023456.,0,0,0
WBGene00023457.,0,0,0
WBGene00023458.,22,1133,1155
WBGene00023459.,0,1,1
WBGene00023460.,24,167,191
WBGene00023461.,0,0,0
WBGene00023462.,3,6,9
WBGene00023463.,0,2,2
WBGene00023464.,1,0,1
WBGene00023465.,3,5,8
WBGene00023466.,0,0,0
WBGene00023467.,0,0,0
WBGene00023468.,0,0,0
WBGene00023469.,0,0,0
WBGene00023470.,0,1,1
WBGene00023471.,9,8,17
WBGene00023472.,22,325,347
WBGene00023474.,1,19,20
WBGene00023475.,3,3,6
WBGene00023476.,0,3,3
WBGene00023477.,3,363,366
WBGene00023478.,2,0,2
WBGene00023479.,1,0,1
WBGene00023480.,5,2,7
WBGene00023481.,3,3,6
WBGene00023482.,0,0,0
WBGene00023483.,2,5,7
WBGene00023484.,10,1,11
WBGene00023485.,0,34,34
WBGene00023486.,12,311,323
WBGene00023487.,159,4583,4742
WBGene00023488.,9,3,12
WBGene00023489.,314,55,369
WBGene00023490.,7,23,30
WBGene00023491.,146,689,835
WBGene00023492.,3,30,33
WBGene00023493.,7,26,33
WBGene00023497.,90,1131,1221
WBGene00023498.,20,648,668
WBGene00023499.,3,4,7
WBGene00023500.,114,1166,1280
WBGene00023501.,8,43,51
WBGene00023502.,164,709,873
WBGene00023503.,9,40,49
WBGene00023504.,87,538,625
WBGene00023505.,2,1,3
WBGene00023506.,1,5,6
WBGene00023507.,0,5,5
WBGene00023508.,0,0,0
WBGene00023509.,0,0,0
WBGene00023510.,1,1,2
WBGene00023511.,0,0,0
WBGene00023512.,0,0,0
WBGene00023513.,0,5,5
WBGene00023514.,2,4,6
WBGene00023515.,115,111,226
WBGene00023516.,0,0,0
WBGene00023517.,3,5,8
WBGene00023518.,0,0,0
WBGene00023519.,11,30,41
WBGene00023520.,48,344,392
WBGene00043049.,13,58,71
WBGene00043050.,253,2134,2387
WBGene00043051.,80,452,532
WBGene00043052.,2,0,2
WBGene00043053.,142,9,151
WBGene00043054.,25,314,339
WBGene00043055.,0,0,0
WBGene00043056.,110,213,323
WBGene00043057.,67,525,592
WBGene00043058.,0,2,2
WBGene00043059.,7,5,12
WBGene00043060.,310,1880,2190
WBGene00043061.,22,16,38
WBGene00043062.,8,47,55
WBGene00043064.,27,4055,4082
WBGene00043065.,14,67,81
WBGene00043066.,12,32,44
WBGene00043067.,6,97,103
WBGene00043068.,24,214,238
WBGene00043069.,14,18,32
WBGene00043097.,95,2265,2360
WBGene00043120.,18,95,113
WBGene00043147.,0,9,9
WBGene00043156.,48,160,208
WBGene00043187.,0,8,8
WBGene00043239.,13,0,13
WBGene00043279.,48,336,384
WBGene00043283.,2,0,2
WBGene00043297.,83,1211,1294
WBGene00043302.,126,1966,2092
WBGene00043308.,15,243,258
WBGene00043327.,0,0,0
WBGene00043328.,0,0,0
WBGene00043466.,4,7,11
WBGene00043469.,0,1,1
WBGene00043534.,53,95,148
WBGene00043666.,0,15,15
WBGene00043702.,0,21,21
WBGene00043705.,30,65,95
WBGene00043743.,0,2,2
WBGene00043948.,0,0,0
WBGene00043952.,28,21,49
WBGene00043980.,1,1,2
WBGene00043981.,11,20,31
WBGene00043982.,118,1438,1556
WBGene00043983.,15,281,296
WBGene00043984.,0,3,3
WBGene00043985.,33,403,436
WBGene00043986.,1,3,4
WBGene00043987.,0,0,0
WBGene00043988.,50,40,90
WBGene00043989.,0,0,0
WBGene00043990.,0,0,0
WBGene00043991.,0,0,0
WBGene00043992.,73,355,428
WBGene00043993.,0,35,35
WBGene00043994.,29,655,684
WBGene00043995.,40,227,267
WBGene00043996.,77,33,110
WBGene00043997.,35,157,192
WBGene00043998.,8,64,72
WBGene00044000.,8,10,18
WBGene00044001.,46,1819,1865
WBGene00044002.,0,1,1
WBGene00044003.,5,0,5
WBGene00044004.,0,3,3
WBGene00044005.,2,7,9
WBGene00044006.,138,1522,1660
WBGene00044007.,146,1041,1187
WBGene00044008.,101,943,1044
WBGene00044009.,24,127,151
WBGene00044011.,3,910,913
WBGene00044012.,1,3,4
WBGene00044013.,0,2,2
WBGene00044014.,1,0,1
WBGene00044015.,1,86,87
WBGene00044016.,1,54,55
WBGene00044018.,2,1,3
WBGene00044019.,46,517,563
WBGene00044020.,2,52,54
WBGene00044021.,27,238,265
WBGene00044022.,1,1,2
WBGene00044024.,3,33,36
WBGene00044025.,71,1063,1134
WBGene00044026.,67,4115,4182
WBGene00044027.,2,9,11
WBGene00044028.,10,161,171
WBGene00044029.,70,1076,1146
WBGene00044030.,8,5,13
WBGene00044031.,0,1,1
WBGene00044032.,8,72,80
WBGene00044034.,0,16,16
WBGene00044035.,14,124,138
WBGene00044036.,0,3,3
WBGene00044037.,0,2,2
WBGene00044038.,40,13,53
WBGene00044040.,0,0,0
WBGene00044041.,8,5,13
WBGene00044042.,0,0,0
WBGene00044043.,0,11,11
WBGene00044044.,3,3,6
WBGene00044045.,27,155,182
WBGene00044046.,0,0,0
WBGene00044047.,0,15,15
WBGene00044048.,12,27,39
WBGene00044049.,785,4558,5343
WBGene00044051.,0,8,8
WBGene00044052.,0,2,2
WBGene00044053.,9,137,146
WBGene00044054.,13,0,13
WBGene00044056.,1,1,2
WBGene00044057.,0,3,3
WBGene00044058.,17,132,149
WBGene00044059.,8,21,29
WBGene00044061.,137,947,1084
WBGene00044062.,1,1,2
WBGene00044063.,34,1798,1832
WBGene00044065.,120,265,385
WBGene00044066.,1,23,24
WBGene00044067.,4,140,144
WBGene00044068.,653,7149,7802
WBGene00044069.,45,1008,1053
WBGene00044070.,363,5469,5832
WBGene00044071.,74,738,812
WBGene00044072.,233,1661,1894
WBGene00044073.,8,39,47
WBGene00044074.,10,12,22
WBGene00044077.,176,2214,2390
WBGene00044078.,533,3701,4234
WBGene00044079.,733,5797,6530
WBGene00044080.,2,3,5
WBGene00044081.,3,8,11
WBGene00044082.,40,1184,1224
WBGene00044083.,1,0,1
WBGene00044084.,3,5,8
WBGene00044085.,1,4,5
WBGene00044086.,0,5,5
WBGene00044087.,0,1,1
WBGene00044088.,3,5,8
WBGene00044089.,0,1,1
WBGene00044090.,2,6,8
WBGene00044091.,15,17,32
WBGene00044092.,5,14,19
WBGene00044093.,2,11,13
WBGene00044094.,62,1366,1428
WBGene00044095.,1,2,3
WBGene00044096.,1,1,2
WBGene00044097.,0,2,2
WBGene00044099.,0,0,0
WBGene00044100.,1,0,1
WBGene00044101.,3,4,7
WBGene00044102.,0,0,0
WBGene00044103.,0,8,8
WBGene00044104.,13,8,21
WBGene00044105.,0,1,1
WBGene00044106.,2,4,6
WBGene00044107.,2,173,175
WBGene00044109.,0,122,122
WBGene00044112.,2,0,2
WBGene00044113.,0,4,4
WBGene00044114.,3,3,6
WBGene00044115.,6,11,17
WBGene00044116.,5,4,9
WBGene00044117.,2,24,26
WBGene00044119.,1,2,3
WBGene00044120.,5,17,22
WBGene00044121.,1,6,7
WBGene00044122.,22,46,68
WBGene00044124.,2,0,2
WBGene00044125.,22,17,39
WBGene00044126.,3,1,4
WBGene00044127.,2,5,7
WBGene00044128.,0,2,2
WBGene00044129.,0,0,0
WBGene00044130.,2,8,10
WBGene00044131.,0,0,0
WBGene00044132.,30,327,357
WBGene00044133.,1,2,3
WBGene00044134.,56,451,507
WBGene00044135.,13,186,199
WBGene00044136.,1,0,1
WBGene00044137.,1,34,35
WBGene00044138.,43,204,247
WBGene00044139.,15,152,167
WBGene00044140.,1,2,3
WBGene00044141.,0,18,18
WBGene00044142.,12,38,50
WBGene00044143.,195,1100,1295
WBGene00044144.,13,373,386
WBGene00044145.,0,7,7
WBGene00044146.,0,1,1
WBGene00044147.,2,17,19
WBGene00044148.,1,4,5
WBGene00044149.,1,2,3
WBGene00044150.,4,17,21
WBGene00044151.,70,587,657
WBGene00044152.,14,149,163
WBGene00044153.,27,23,50
WBGene00044154.,7,19,26
WBGene00044155.,47,41,88
WBGene00044156.,13,107,120
WBGene00044157.,3,1,4
WBGene00044158.,4,1,5
WBGene00044159.,0,0,0
WBGene00044160.,7,2,9
WBGene00044161.,1,17,18
WBGene00044162.,3,1,4
WBGene00044163.,47,129,176
WBGene00044164.,2,6,8
WBGene00044166.,2,72,74
WBGene00044167.,45,624,669
WBGene00044168.,38,624,662
WBGene00044169.,5,56,61
WBGene00044170.,2,42,44
WBGene00044171.,0,3,3
WBGene00044174.,1,43,44
WBGene00044175.,2,86,88
WBGene00044176.,99,2389,2488
WBGene00044177.,5,3,8
WBGene00044178.,0,0,0
WBGene00044179.,2,0,2
WBGene00044180.,30,70,100
WBGene00044181.,7,10,17
WBGene00044182.,3,19,22
WBGene00044183.,0,1,1
WBGene00044184.,0,16,16
WBGene00044185.,0,3,3
WBGene00044187.,2035,21,2056
WBGene00044188.,50,405,455
WBGene00044189.,0,6,6
WBGene00044191.,45,251,296
WBGene00044192.,0,2,2
WBGene00044193.,0,9,9
WBGene00044194.,0,2,2
WBGene00044195.,2,12,14
WBGene00044196.,0,1,1
WBGene00044197.,2,30,32
WBGene00044198.,1,17,18
WBGene00044199.,1,3,4
WBGene00044200.,61,316,377
WBGene00044201.,0,1,1
WBGene00044202.,2,1,3
WBGene00044203.,2,10,12
WBGene00044204.,23,569,592
WBGene00044205.,3,65,68
WBGene00044206.,3,6,9
WBGene00044207.,0,2,2
WBGene00044208.,1,1,2
WBGene00044209.,6,58,64
WBGene00044210.,55,535,590
WBGene00044211.,3,12,15
WBGene00044212.,2,1,3
WBGene00044213.,4,57,61
WBGene00044215.,1,0,1
WBGene00044216.,0,4,4
WBGene00044217.,0,34,34
WBGene00044218.,2,49,51
WBGene00044219.,0,0,0
WBGene00044220.,1,12,13
WBGene00044221.,2,52,54
WBGene00044222.,0,4,4
WBGene00044224.,23,50,73
WBGene00044225.,0,9,9
WBGene00044226.,0,22,22
WBGene00044227.,2,3,5
WBGene00044228.,4,23,27
WBGene00044229.,19,13,32
WBGene00044230.,3,6,9
WBGene00044232.,23,2,25
WBGene00044233.,94,440,534
WBGene00044235.,1,54,55
WBGene00044236.,5,628,633
WBGene00044237.,2,4,6
WBGene00044238.,20,58,78
WBGene00044239.,13,231,244
WBGene00044240.,26,51,77
WBGene00044241.,8,101,109
WBGene00044242.,0,0,0
WBGene00044243.,2,8,10
WBGene00044244.,0,2,2
WBGene00044245.,0,21,21
WBGene00044246.,0,0,0
WBGene00044247.,0,6,6
WBGene00044249.,5,12,17
WBGene00044250.,4,4,8
WBGene00044251.,29,124,153
WBGene00044253.,17,224,241
WBGene00044256.,1,9,10
WBGene00044257.,0,10,10
WBGene00044258.,33,109,142
WBGene00044259.,0,11,11
WBGene00044260.,35,1322,1357
WBGene00044261.,7,11,18
WBGene00044262.,7,34,41
WBGene00044263.,0,0,0
WBGene00044264.,3,9,12
WBGene00044265.,13,36,49
WBGene00044266.,0,6,6
WBGene00044267.,1,0,1
WBGene00044268.,1,26,27
WBGene00044270.,1,2,3
WBGene00044271.,0,0,0
WBGene00044272.,0,0,0
WBGene00044273.,0,0,0
WBGene00044274.,0,0,0
WBGene00044275.,0,3,3
WBGene00044276.,0,1,1
WBGene00044277.,0,2,2
WBGene00044278.,1,0,1
WBGene00044279.,0,4,4
WBGene00044280.,183,207,390
WBGene00044281.,3,9,12
WBGene00044282.,1,5,6
WBGene00044283.,827,2288,3115
WBGene00044284.,0,3,3
WBGene00044285.,2,5,7
WBGene00044286.,1,3,4
WBGene00044287.,3,4,7
WBGene00044288.,4,76,80
WBGene00044289.,9,254,263
WBGene00044290.,79,121,200
WBGene00044291.,7,37,44
WBGene00044292.,15,66,81
WBGene00044293.,0,1,1
WBGene00044294.,347,1956,2303
WBGene00044295.,8,119,127
WBGene00044296.,9,119,128
WBGene00044297.,27,214,241
WBGene00044298.,1,3,4
WBGene00044299.,4,51,55
WBGene00044300.,13,20,33
WBGene00044301.,248,3646,3894
WBGene00044302.,1,4,5
WBGene00044303.,22,182,204
WBGene00044304.,141,442,583
WBGene00044305.,77,1624,1701
WBGene00044306.,0,0,0
WBGene00044307.,0,2,2
WBGene00044308.,14,90,104
WBGene00044309.,2,8,10
WBGene00044310.,64,473,537
WBGene00044311.,14,172,186
WBGene00044312.,10,25,35
WBGene00044313.,5,118,123
WBGene00044314.,3,1,4
WBGene00044315.,1,14,15
WBGene00044316.,41,396,437
WBGene00044317.,1,23,24
WBGene00044318.,65,2654,2719
WBGene00044319.,8,420,428
WBGene00044321.,456,3273,3729
WBGene00044322.,16,870,886
WBGene00044323.,74,1210,1284
WBGene00044324.,22,7348,7370
WBGene00044325.,50,952,1002
WBGene00044326.,177,1519,1696
WBGene00044329.,70,1000,1070
WBGene00044330.,25,547,572
WBGene00044331.,0,0,0
WBGene00044332.,1,4,5
WBGene00044333.,2,3,5
WBGene00044337.,0,5,5
WBGene00044338.,33,3034,3067
WBGene00044339.,3,372,375
WBGene00044340.,0,41,41
WBGene00044341.,98,739,837
WBGene00044342.,121,328,449
WBGene00044343.,6,51,57
WBGene00044344.,48,2335,2383
WBGene00044345.,49,723,772
WBGene00044346.,0,0,0
WBGene00044347.,10,20,30
WBGene00044348.,207,152,359
WBGene00044349.,8,6,14
WBGene00044350.,88,521,609
WBGene00044352.,0,6,6
WBGene00044353.,8,178,186
WBGene00044354.,8,154,162
WBGene00044355.,6,200,206
WBGene00044356.,0,0,0
WBGene00044357.,0,0,0
WBGene00044358.,10,8,18
WBGene00044359.,0,2,2
WBGene00044360.,0,16,16
WBGene00044361.,0,0,0
WBGene00044362.,0,2,2
WBGene00044363.,5,70,75
WBGene00044364.,0,1,1
WBGene00044365.,0,1,1
WBGene00044366.,0,7,7
WBGene00044367.,13,188,201
WBGene00044368.,629,85,714
WBGene00044369.,0,0,0
WBGene00044370.,0,0,0
WBGene00044371.,0,5,5
WBGene00044372.,0,2,2
WBGene00044373.,4,182,186
WBGene00044374.,0,2,2
WBGene00044375.,0,160,160
WBGene00044376.,0,34,34
WBGene00044377.,0,0,0
WBGene00044378.,0,0,0
WBGene00044379.,1,7,8
WBGene00044380.,1,18,19
WBGene00044381.,3,2,5
WBGene00044382.,2,17,19
WBGene00044383.,0,15,15
WBGene00044384.,7,1,8
WBGene00044385.,7,7,14
WBGene00044386.,9,38,47
WBGene00044387.,175,3512,3687
WBGene00044388.,0,1,1
WBGene00044389.,633,10724,11357
WBGene00044390.,6,56,62
WBGene00044391.,99,116,215
WBGene00044392.,13,84,97
WBGene00044393.,0,1,1
WBGene00044394.,6,104,110
WBGene00044395.,33,94,127
WBGene00044396.,15,484,499
WBGene00044397.,0,9,9
WBGene00044398.,0,0,0
WBGene00044399.,0,0,0
WBGene00044401.,126,1673,1799
WBGene00044402.,3,4,7
WBGene00044403.,16,24,40
WBGene00044405.,2,1,3
WBGene00044406.,20,256,276
WBGene00044409.,10,47,57
WBGene00044410.,54,405,459
WBGene00044411.,152,1497,1649
WBGene00044412.,9,273,282
WBGene00044413.,1120,400,1520
WBGene00044414.,18,88,106
WBGene00044415.,0,1,1
WBGene00044416.,0,1,1
WBGene00044417.,0,24,24
WBGene00044418.,296,1809,2105
WBGene00044419.,9,2,11
WBGene00044420.,10,332,342
WBGene00044421.,31,213,244
WBGene00044423.,20,38,58
WBGene00044424.,2,6,8
WBGene00044425.,0,0,0
WBGene00044427.,5,35,40
WBGene00044428.,28,12,40
WBGene00044429.,3,2,5
WBGene00044430.,2,0,2
WBGene00044431.,165,1136,1301
WBGene00044432.,3,11,14
WBGene00044433.,73,412,485
WBGene00044434.,4,3,7
WBGene00044435.,0,42,42
WBGene00044436.,10,294,304
WBGene00044437.,68,90,158
WBGene00044438.,98,554,652
WBGene00044439.,0,3,3
WBGene00044440.,69,155,224
WBGene00044441.,0,6,6
WBGene00044442.,5,218,223
WBGene00044443.,284,6608,6892
WBGene00044444.,6,12,18
WBGene00044445.,60,261,321
WBGene00044446.,2,40,42
WBGene00044447.,1,0,1
WBGene00044448.,2,8,10
WBGene00044449.,0,0,0
WBGene00044450.,0,0,0
WBGene00044451.,0,0,0
WBGene00044452.,165,1941,2106
WBGene00044453.,7,47,54
WBGene00044454.,0,1,1
WBGene00044455.,4,15,19
WBGene00044457.,2,32,34
WBGene00044458.,0,2,2
WBGene00044459.,39,111,150
WBGene00044460.,0,9,9
WBGene00044461.,25,34,59
WBGene00044462.,65,369,434
WBGene00044463.,34,341,375
WBGene00044464.,60,150,210
WBGene00044466.,19,785,804
WBGene00044467.,280,1497,1777
WBGene00044468.,14,95,109
WBGene00044469.,0,7,7
WBGene00044470.,4,6,10
WBGene00044471.,14,148,162
WBGene00044472.,23,93,116
WBGene00044473.,0,1,1
WBGene00044474.,0,0,0
WBGene00044475.,0,0,0
WBGene00044476.,0,2,2
WBGene00044477.,11,93,104
WBGene00044478.,16,182,198
WBGene00044479.,2,14,16
WBGene00044480.,5,15,20
WBGene00044481.,9,17,26
WBGene00044482.,67,238,305
WBGene00044483.,10,752,762
WBGene00044484.,94,860,954
WBGene00044485.,51,313,364
WBGene00044486.,2,10,12
WBGene00044487.,18,89,107
WBGene00044488.,14,23,37
WBGene00044489.,0,8,8
WBGene00044490.,0,0,0
WBGene00044491.,3,5,8
WBGene00044492.,9,6,15
WBGene00044493.,31,474,505
WBGene00044495.,33,62,95
WBGene00044498.,0,2,2
WBGene00044499.,0,5,5
WBGene00044500.,121,1054,1175
WBGene00044501.,31,7,38
WBGene00044502.,3,94,97
WBGene00044503.,0,7,7
WBGene00044504.,11,64,75
WBGene00044505.,56,8,64
WBGene00044508.,158,1191,1349
WBGene00044509.,10,769,779
WBGene00044510.,14,67,81
WBGene00044511.,7,96,103
WBGene00044512.,6,167,173
WBGene00044513.,122,1043,1165
WBGene00044514.,160,4870,5030
WBGene00044515.,6,80,86
WBGene00044516.,3,1,4
WBGene00044517.,46,74,120
WBGene00044518.,0,1,1
WBGene00044519.,0,0,0
WBGene00044520.,0,16,16
WBGene00044521.,1,9,10
WBGene00044523.,1,3,4
WBGene00044524.,0,1,1
WBGene00044525.,17,111,128
WBGene00044526.,2,41,43
WBGene00044527.,12,88,100
WBGene00044528.,21,45,66
WBGene00044529.,11,15,26
WBGene00044530.,0,39,39
WBGene00044531.,16,0,16
WBGene00044533.,4,51,55
WBGene00044534.,17,72,89
WBGene00044535.,0,7,7
WBGene00044536.,19,341,360
WBGene00044537.,0,0,0
WBGene00044538.,1,1,2
WBGene00044539.,1,47,48
WBGene00044541.,1,11,12
WBGene00044542.,69,45,114
WBGene00044543.,0,2,2
WBGene00044544.,575,830,1405
WBGene00044545.,5,16,21
WBGene00044546.,0,4,4
WBGene00044547.,0,55,55
WBGene00044548.,0,8,8
WBGene00044549.,3,1,4
WBGene00044550.,8,1,9
WBGene00044551.,6,22,28
WBGene00044552.,1,17,18
WBGene00044553.,19,2064,2083
WBGene00044554.,13,37,50
WBGene00044556.,10,296,306
WBGene00044557.,113,354,467
WBGene00044558.,0,2,2
WBGene00044559.,9,90,99
WBGene00044560.,5,5,10
WBGene00044561.,0,0,0
WBGene00044562.,0,68,68
WBGene00044563.,7,0,7
WBGene00044564.,8,8,16
WBGene00044565.,0,0,0
WBGene00044567.,1,15,16
WBGene00044568.,222,1764,1986
WBGene00044569.,4,23,27
WBGene00044570.,641,19,660
WBGene00044571.,50,15,65
WBGene00044573.,1,5,6
WBGene00044574.,15,9,24
WBGene00044575.,3,1,4
WBGene00044577.,0,0,0
WBGene00044578.,1,57,58
WBGene00044579.,2,1,3
WBGene00044580.,2,8,10
WBGene00044581.,0,1,1
WBGene00044582.,57,625,682
WBGene00044583.,0,3,3
WBGene00044584.,116,874,990
WBGene00044585.,0,5,5
WBGene00044586.,1,31,32
WBGene00044587.,2,2,4
WBGene00044588.,40,173,213
WBGene00044589.,1,5,6
WBGene00044602.,1,2,3
WBGene00044603.,68,337,405
WBGene00044604.,27,495,522
WBGene00044605.,428,2873,3301
WBGene00044606.,0,0,0
WBGene00044607.,4,32,36
WBGene00044608.,33,867,900
WBGene00044609.,241,434,675
WBGene00044610.,1,14,15
WBGene00044611.,12,37,49
WBGene00044612.,34,336,370
WBGene00044614.,55,451,506
WBGene00044615.,63,623,686
WBGene00044616.,0,6,6
WBGene00044617.,10,137,147
WBGene00044618.,7,186,193
WBGene00044620.,24,324,348
WBGene00044621.,7,274,281
WBGene00044623.,35,1533,1568
WBGene00044630.,65,888,953
WBGene00044631.,32,259,291
WBGene00044632.,5,17,22
WBGene00044633.,2,33,35
WBGene00044634.,2,1,3
WBGene00044636.,132,2498,2630
WBGene00044637.,44,122,166
WBGene00044638.,0,791,791
WBGene00044639.,3,2,5
WBGene00044640.,242,1980,2222
WBGene00044641.,101,135,236
WBGene00044642.,3,3,6
WBGene00044643.,5,604,609
WBGene00044644.,64,424,488
WBGene00044645.,5,30,35
WBGene00044646.,23,63,86
WBGene00044648.,40,530,570
WBGene00044649.,36,21,57
WBGene00044650.,1011,1870,2881
WBGene00044651.,311,477,788
WBGene00044653.,0,11,11
WBGene00044654.,2,22,24
WBGene00044655.,0,2,2
WBGene00044657.,0,0,0
WBGene00044658.,2,26,28
WBGene00044659.,1,5,6
WBGene00044660.,0,5,5
WBGene00044661.,3,41,44
WBGene00044662.,6,28,34
WBGene00044663.,1,14,15
WBGene00044664.,2,7,9
WBGene00044665.,2,1,3
WBGene00044666.,113,1747,1860
WBGene00044667.,4,26,30
WBGene00044668.,2,6,8
WBGene00044670.,52,1,53
WBGene00044672.,2,55,57
WBGene00044673.,1,0,1
WBGene00044674.,1,1,2
WBGene00044675.,13,195,208
WBGene00044676.,1,77,78
WBGene00044677.,791,1687,2478
WBGene00044678.,2,47,49
WBGene00044679.,87,1110,1197
WBGene00044680.,0,1,1
WBGene00044681.,77,628,705
WBGene00044683.,4,5,9
WBGene00044684.,1,13,14
WBGene00044686.,112,5954,6066
WBGene00044687.,0,4,4
WBGene00044689.,198,1011,1209
WBGene00044690.,30,339,369
WBGene00044691.,0,0,0
WBGene00044692.,2,1,3
WBGene00044693.,0,1,1
WBGene00044694.,0,4,4
WBGene00044695.,0,0,0
WBGene00044696.,19,205,224
WBGene00044697.,11,71,82
WBGene00044698.,56,2147,2203
WBGene00044699.,7,107,114
WBGene00044700.,14,56,70
WBGene00044701.,136,754,890
WBGene00044702.,3,3,6
WBGene00044703.,1,0,1
WBGene00044704.,0,11,11
WBGene00044705.,25,83,108
WBGene00044706.,4,3,7
WBGene00044707.,3,3,6
WBGene00044708.,4,1,5
WBGene00044709.,0,0,0
WBGene00044710.,0,1,1
WBGene00044711.,0,2,2
WBGene00044712.,5,2,7
WBGene00044713.,1,2,3
WBGene00044714.,1,1,2
WBGene00044716.,0,7,7
WBGene00044718.,0,11,11
WBGene00044719.,0,15,15
WBGene00044720.,0,27,27
WBGene00044722.,2,1,3
WBGene00044723.,1,9,10
WBGene00044724.,68,1388,1456
WBGene00044725.,27,280,307
WBGene00044726.,14,10,24
WBGene00044727.,0,1,1
WBGene00044728.,0,7376,7376
WBGene00044729.,0,8,8
WBGene00044732.,4,150,154
WBGene00044733.,2,4,6
WBGene00044734.,0,0,0
WBGene00044735.,0,0,0
WBGene00044736.,43,301,344
WBGene00044737.,1102,8772,9874
WBGene00044738.,4,1,5
WBGene00044739.,0,5,5
WBGene00044741.,1,13,14
WBGene00044742.,0,75,75
WBGene00044743.,76,1054,1130
WBGene00044744.,1,13,14
WBGene00044745.,79,300,379
WBGene00044746.,0,2828,2828
WBGene00044747.,0,0,0
WBGene00044748.,0,0,0
WBGene00044749.,0,0,0
WBGene00044750.,0,0,0
WBGene00044751.,0,0,0
WBGene00044752.,0,3,3
WBGene00044753.,12,7,19
WBGene00044754.,4,4,8
WBGene00044755.,0,5,5
WBGene00044756.,35,202,237
WBGene00044757.,1,92,93
WBGene00044758.,8,56,64
WBGene00044759.,0,2,2
WBGene00044760.,8,59,67
WBGene00044761.,2,14,16
WBGene00044762.,57,999,1056
WBGene00044763.,6,9,15
WBGene00044764.,29,107,136
WBGene00044767.,6,447,453
WBGene00044768.,7,9,16
WBGene00044769.,0,3,3
WBGene00044770.,29,237,266
WBGene00044771.,35,313,348
WBGene00044772.,59,277,336
WBGene00044773.,1,3,4
WBGene00044774.,201,1055,1256
WBGene00044775.,0,3,3
WBGene00044776.,9,36,45
WBGene00044777.,0,0,0
WBGene00044778.,0,2,2
WBGene00044779.,15,80,95
WBGene00044780.,11,27,38
WBGene00044781.,0,0,0
WBGene00044782.,0,1,1
WBGene00044783.,0,2,2
WBGene00044784.,25,2667,2692
WBGene00044786.,1,0,1
WBGene00044787.,0,1,1
WBGene00044788.,5,29,34
WBGene00044789.,34,1905,1939
WBGene00044790.,65,713,778
WBGene00044791.,3,109,112
WBGene00044792.,8,39,47
WBGene00044794.,0,0,0
WBGene00044795.,9,220,229
WBGene00044796.,4,5,9
WBGene00044797.,2,147,149
WBGene00044798.,4,0,4
WBGene00044799.,0,96,96
WBGene00044800.,0,0,0
WBGene00044801.,0,0,0
WBGene00044802.,0,0,0
WBGene00044803.,44,88,132
WBGene00044804.,1,10,11
WBGene00044805.,0,2,2
WBGene00044806.,2,2,4
WBGene00044807.,1,2,3
WBGene00044808.,0,5,5
WBGene00044809.,0,1,1
WBGene00044810.,0,0,0
WBGene00044811.,35,416,451
WBGene00044889.,2,0,2
WBGene00044891.,97,862,959
WBGene00044892.,0,1,1
WBGene00044894.,34,326,360
WBGene00044895.,7,10,17
WBGene00044896.,7,4,11
WBGene00044897.,3,70,73
WBGene00044898.,21,20,41
WBGene00044900.,9,52,61
WBGene00044901.,1,267,268
WBGene00044902.,0,0,0
WBGene00044903.,90,365,455
WBGene00044905.,0,2,2
WBGene00044906.,7,207,214
WBGene00044907.,31,46,77
WBGene00044908.,1,5,6
WBGene00044909.,6,20,26
WBGene00044911.,5,4,9
WBGene00044912.,3,2,5
WBGene00044914.,0,3,3
WBGene00044916.,118,1724,1842
WBGene00044917.,2,42,44
WBGene00044920.,11,177,188
WBGene00044921.,392,7637,8029
WBGene00044922.,55,1257,1312
WBGene00044923.,0,16,16
WBGene00044924.,95,413,508
WBGene00044925.,0,0,0
WBGene00044926.,0,5,5
WBGene00044927.,0,79,79
WBGene00044928.,0,0,0
WBGene00044929.,0,0,0
WBGene00044930.,0,0,0
WBGene00044931.,0,0,0
WBGene00044932.,0,0,0
WBGene00044933.,0,34,34
WBGene00044934.,0,51,51
WBGene00044935.,0,0,0
WBGene00044936.,0,0,0
WBGene00044937.,0,0,0
WBGene00044938.,0,2,2
WBGene00044939.,0,0,0
WBGene00044940.,0,0,0
WBGene00044941.,0,0,0
WBGene00044942.,0,0,0
WBGene00044943.,0,0,0
WBGene00044944.,0,0,0
WBGene00044945.,0,0,0
WBGene00044946.,0,0,0
WBGene00044947.,0,1,1
WBGene00044948.,0,0,0
WBGene00044949.,72,952,1024
WBGene00044951.,0,0,0
WBGene00044952.,0,0,0
WBGene00044953.,3,3,6
WBGene00044954.,0,0,0
WBGene00044955.,0,0,0
WBGene00044956.,0,0,0
WBGene00044957.,0,0,0
WBGene00044958.,0,0,0
WBGene00044960.,0,2,2
WBGene00044961.,0,2,2
WBGene00044962.,0,0,0
WBGene00044963.,0,0,0
WBGene00044964.,0,0,0
WBGene00044965.,0,0,0
WBGene00044966.,0,0,0
WBGene00044967.,0,6,6
WBGene00044968.,0,0,0
WBGene00044969.,0,0,0
WBGene00044970.,0,0,0
WBGene00044971.,0,0,0
WBGene00044972.,0,0,0
WBGene00044973.,0,8,8
WBGene00044974.,0,0,0
WBGene00044975.,0,28,28
WBGene00044976.,0,6,6
WBGene00044977.,140,2550,2690
WBGene00044978.,0,5,5
WBGene00044979.,7,17,24
WBGene00044980.,0,0,0
WBGene00044981.,0,0,0
WBGene00044982.,0,0,0
WBGene00044983.,0,0,0
WBGene00044984.,0,0,0
WBGene00044985.,0,0,0
WBGene00044986.,0,0,0
WBGene00044987.,59,245,304
WBGene00044988.,0,8,8
WBGene00044989.,397,2511,2908
WBGene00044990.,139,1808,1947
WBGene00044991.,13,339,352
WBGene00044995.,0,0,0
WBGene00044997.,0,34,34
WBGene00044998.,0,0,0
WBGene00045000.,0,4,4
WBGene00045002.,0,0,0
WBGene00045003.,0,0,0
WBGene00045006.,0,0,0
WBGene00045007.,0,0,0
WBGene00045009.,0,2,2
WBGene00045011.,0,0,0
WBGene00045012.,0,2,2
WBGene00045013.,0,52,52
WBGene00045016.,0,1,1
WBGene00045017.,0,79,79
WBGene00045018.,0,1,1
WBGene00045019.,0,1,1
WBGene00045022.,0,0,0
WBGene00045024.,7,108,115
WBGene00045025.,2,3,5
WBGene00045026.,3,1,4
WBGene00045027.,0,1,1
WBGene00045028.,3,3,6
WBGene00045029.,0,0,0
WBGene00045036.,2,18,20
WBGene00045037.,0,1,1
WBGene00045038.,0,1,1
WBGene00045040.,0,0,0
WBGene00045043.,94,12,106
WBGene00045045.,7,14,21
WBGene00045046.,0,0,0
WBGene00045048.,0,94,94
WBGene00045050.,12,124,136
WBGene00045051.,0,0,0
WBGene00045052.,7,26,33
WBGene00045053.,10,20,30
WBGene00045055.,0,0,0
WBGene00045056.,68,1063,1131
WBGene00045057.,0,0,0
WBGene00045058.,4,40,44
WBGene00045059.,3,4,7
WBGene00045060.,1,1,2
WBGene00045061.,0,2,2
WBGene00045062.,0,36,36
WBGene00045063.,175,404,579
WBGene00045065.,0,0,0
WBGene00045066.,12,1,13
WBGene00045067.,1,20,21
WBGene00045068.,0,0,0
WBGene00045069.,0,1,1
WBGene00045071.,0,0,0
WBGene00045072.,0,0,0
WBGene00045074.,0,0,0
WBGene00045075.,2,7,9
WBGene00045076.,3,14,17
WBGene00045077.,20,169,189
WBGene00045078.,130,1364,1494
WBGene00045082.,0,0,0
WBGene00045083.,0,7,7
WBGene00045084.,0,0,0
WBGene00045085.,0,0,0
WBGene00045086.,0,0,0
WBGene00045087.,0,0,0
WBGene00045088.,0,0,0
WBGene00045089.,0,9,9
WBGene00045090.,0,0,0
WBGene00045091.,0,12,12
WBGene00045092.,0,0,0
WBGene00045093.,0,169,169
WBGene00045094.,0,0,0
WBGene00045095.,0,146,146
WBGene00045096.,0,413,413
WBGene00045097.,1,1,2
WBGene00045098.,0,0,0
WBGene00045099.,0,1,1
WBGene00045100.,0,0,0
WBGene00045101.,0,2,2
WBGene00045102.,0,3,3
WBGene00045103.,0,0,0
WBGene00045104.,0,8,8
WBGene00045105.,0,0,0
WBGene00045106.,0,2,2
WBGene00045107.,0,0,0
WBGene00045108.,8,8,16
WBGene00045109.,0,0,0
WBGene00045110.,0,0,0
WBGene00045111.,0,0,0
WBGene00045112.,0,0,0
WBGene00045113.,0,0,0
WBGene00045114.,0,17,17
WBGene00045115.,0,3,3
WBGene00045116.,0,0,0
WBGene00045117.,0,5,5
WBGene00045118.,0,124,124
WBGene00045119.,0,13,13
WBGene00045120.,0,0,0
WBGene00045121.,0,55,55
WBGene00045122.,2,0,2
WBGene00045123.,0,18,18
WBGene00045124.,0,42,42
WBGene00045125.,0,0,0
WBGene00045126.,0,0,0
WBGene00045127.,0,1,1
WBGene00045128.,1,0,1
WBGene00045129.,0,161,161
WBGene00045130.,0,0,0
WBGene00045131.,0,1,1
WBGene00045132.,0,2378,2378
WBGene00045133.,0,3,3
WBGene00045134.,0,0,0
WBGene00045136.,0,0,0
WBGene00045137.,0,3,3
WBGene00045138.,0,0,0
WBGene00045139.,0,0,0
WBGene00045140.,0,11,11
WBGene00045141.,0,15,15
WBGene00045142.,0,105,105
WBGene00045143.,0,0,0
WBGene00045144.,5,2,7
WBGene00045145.,0,0,0
WBGene00045146.,22,113,135
WBGene00045147.,0,95,95
WBGene00045148.,0,0,0
WBGene00045149.,0,2,2
WBGene00045150.,0,5,5
WBGene00045151.,0,0,0
WBGene00045152.,0,0,0
WBGene00045153.,0,0,0
WBGene00045154.,0,0,0
WBGene00045155.,0,0,0
WBGene00045156.,0,6,6
WBGene00045157.,0,100,100
WBGene00045158.,0,0,0
WBGene00045159.,0,42,42
WBGene00045160.,0,0,0
WBGene00045161.,0,0,0
WBGene00045162.,0,60,60
WBGene00045163.,0,60,60
WBGene00045164.,0,19,19
WBGene00045165.,0,0,0
WBGene00045167.,0,10,10
WBGene00045168.,0,0,0
WBGene00045169.,0,0,0
WBGene00045170.,0,0,0
WBGene00045171.,0,444,444
WBGene00045172.,0,0,0
WBGene00045174.,0,0,0
WBGene00045175.,0,267,267
WBGene00045176.,0,23,23
WBGene00045177.,7,16,23
WBGene00045178.,5,137,142
WBGene00045179.,0,1,1
WBGene00045180.,1,2,3
WBGene00045182.,0,0,0
WBGene00045183.,5,110,115
WBGene00045184.,1,1,2
WBGene00045185.,0,3,3
WBGene00045188.,0,9,9
WBGene00045189.,0,66,66
WBGene00045190.,67,456,523
WBGene00045192.,1,945,946
WBGene00045193.,13,55,68
WBGene00045194.,0,0,0
WBGene00045195.,176,142,318
WBGene00045197.,0,4,4
WBGene00045198.,2,2,4
WBGene00045199.,0,0,0
WBGene00045200.,0,0,0
WBGene00045201.,0,9,9
WBGene00045202.,0,2,2
WBGene00045203.,0,3,3
WBGene00045204.,0,0,0
WBGene00045205.,0,1,1
WBGene00045207.,2,5,7
WBGene00045208.,0,5742,5742
WBGene00045209.,0,8,8
WBGene00045210.,18,76,94
WBGene00045211.,3,8,11
WBGene00045212.,10,53,63
WBGene00045215.,12,137,149
WBGene00045218.,12,52,64
WBGene00045234.,0,3,3
WBGene00045235.,0,5,5
WBGene00045236.,3,6,9
WBGene00045237.,16,213,229
WBGene00045238.,0,683,683
WBGene00045239.,3,12,15
WBGene00045242.,0,10,10
WBGene00045245.,3,11,14
WBGene00045246.,67,730,797
WBGene00045247.,9,23,32
WBGene00045248.,81,283,364
WBGene00045249.,198,3402,3600
WBGene00045250.,53,104,157
WBGene00045251.,0,0,0
WBGene00045252.,23,147,170
WBGene00045253.,70,414,484
WBGene00045254.,1,0,1
WBGene00045255.,198,612,810
WBGene00045261.,0,6,6
WBGene00045265.,1,9,10
WBGene00045268.,0,2,2
WBGene00045269.,2,14,16
WBGene00045270.,16,1,17
WBGene00045271.,4,16,20
WBGene00045272.,0,17369,17369
WBGene00045273.,1,6,7
WBGene00045275.,0,381,381
WBGene00045276.,0,2268,2268
WBGene00045277.,200,975,1175
WBGene00045278.,0,0,0
WBGene00045279.,0,1,1
WBGene00045280.,1,3,4
WBGene00045281.,0,0,0
WBGene00045282.,3,6,9
WBGene00045283.,0,13,13
WBGene00045285.,0,0,0
WBGene00045286.,0,0,0
WBGene00045287.,0,1,1
WBGene00045289.,19,25,44
WBGene00045290.,0,0,0
WBGene00045291.,4,5,9
WBGene00045292.,2,12,14
WBGene00045293.,17,19,36
WBGene00045294.,0,0,0
WBGene00045295.,39,265,304
WBGene00045297.,0,66,66
WBGene00045298.,0,1,1
WBGene00045299.,0,0,0
WBGene00045300.,0,0,0
WBGene00045301.,0,0,0
WBGene00045302.,2,0,2
WBGene00045303.,0,0,0
WBGene00045304.,0,0,0
WBGene00045305.,1,261,262
WBGene00045306.,2,1,3
WBGene00045308.,3,2,5
WBGene00045309.,4,13,17
WBGene00045311.,0,2,2
WBGene00045313.,0,2,2
WBGene00045314.,3,95,98
WBGene00045315.,0,4,4
WBGene00045316.,33,31,64
WBGene00045319.,0,1,1
WBGene00045321.,0,13,13
WBGene00045322.,0,4,4
WBGene00045323.,0,0,0
WBGene00045324.,0,2,2
WBGene00045325.,0,0,0
WBGene00045326.,0,0,0
WBGene00045327.,0,4,4
WBGene00045328.,0,0,0
WBGene00045329.,0,6,6
WBGene00045330.,0,0,0
WBGene00045331.,7,88,95
WBGene00045332.,0,1,1
WBGene00045336.,63,715,778
WBGene00045337.,0,14,14
WBGene00045338.,2,3,5
WBGene00045339.,1,54,55
WBGene00045340.,80,372,452
WBGene00045341.,0,2,2
WBGene00045342.,0,2,2
WBGene00045343.,0,1,1
WBGene00045344.,0,1,1
WBGene00045345.,2,2,4
WBGene00045346.,0,1,1
WBGene00045347.,0,0,0
WBGene00045348.,0,6,6
WBGene00045350.,0,6,6
WBGene00045351.,0,2,2
WBGene00045352.,0,7,7
WBGene00045353.,0,1,1
WBGene00045354.,0,0,0
WBGene00045355.,10,6,16
WBGene00045356.,6,14,20
WBGene00045357.,22,44,66
WBGene00045358.,0,0,0
WBGene00045359.,0,5,5
WBGene00045360.,0,0,0
WBGene00045361.,1,2,3
WBGene00045362.,0,0,0
WBGene00045363.,0,4,4
WBGene00045364.,6,1,7
WBGene00045365.,2,18,20
WBGene00045366.,770,2830,3600
WBGene00045367.,0,0,0
WBGene00045368.,0,0,0
WBGene00045369.,0,0,0
WBGene00045370.,0,0,0
WBGene00045371.,0,0,0
WBGene00045372.,0,0,0
WBGene00045373.,0,0,0
WBGene00045374.,0,0,0
WBGene00045375.,0,39,39
WBGene00045376.,0,0,0
WBGene00045377.,0,0,0
WBGene00045378.,0,1,1
WBGene00045379.,6,281,287
WBGene00045380.,0,3,3
WBGene00045381.,0,1,1
WBGene00045382.,0,21,21
WBGene00045383.,70,2352,2422
WBGene00045385.,6,50,56
WBGene00045386.,45,412,457
WBGene00045387.,36,428,464
WBGene00045388.,0,0,0
WBGene00045389.,0,0,0
WBGene00045390.,127,2141,2268
WBGene00045391.,0,6,6
WBGene00045392.,88,670,758
WBGene00045393.,10,20,30
WBGene00045394.,0,1,1
WBGene00045395.,31,122,153
WBGene00045396.,308,233,541
WBGene00045397.,23,103,126
WBGene00045398.,1,0,1
WBGene00045399.,0,29,29
WBGene00045400.,5,30,35
WBGene00045401.,2,11,13
WBGene00045402.,0,0,0
WBGene00045403.,10,103,113
WBGene00045404.,0,12,12
WBGene00045405.,3,19,22
WBGene00045406.,0,4,4
WBGene00045407.,77,788,865
WBGene00045408.,0,2,2
WBGene00045410.,123,1019,1142
WBGene00045411.,0,92,92
WBGene00045412.,0,16,16
WBGene00045413.,0,3,3
WBGene00045414.,1,1,2
WBGene00045415.,2,11,13
WBGene00045416.,0,4,4
WBGene00045417.,0,1,1
WBGene00045418.,79,2482,2561
WBGene00045419.,356,2621,2977
WBGene00045433.,96,1214,1310
WBGene00045434.,76,348,424
WBGene00045455.,4,94,98
WBGene00045456.,5,2,7
WBGene00045457.,0,41,41
WBGene00045458.,0,8,8
WBGene00045459.,0,6,6
WBGene00045460.,3,29,32
WBGene00045461.,8,51,59
WBGene00045468.,1,7,8
WBGene00045473.,2,11,13
WBGene00045474.,2,27,29
WBGene00045475.,10,9,19
WBGene00045480.,9,12,21
WBGene00045481.,15,9,24
WBGene00045482.,124,455,579
WBGene00045483.,495,6507,7002
WBGene00045484.,16,46,62
WBGene00045486.,2,1,3
WBGene00045487.,3,7,10
WBGene00045488.,2,24,26
WBGene00045490.,0,1,1
WBGene00045491.,0,1,1
WBGene00045492.,1,2,3
WBGene00045493.,8,8,16
WBGene00045494.,7,17,24
WBGene00045495.,88,906,994
WBGene00045496.,2,0,2
WBGene00045497.,7,36,43
WBGene00045498.,0,5,5
WBGene00045500.,3,7,10
WBGene00045501.,1,1,2
WBGene00045502.,0,0,0
WBGene00045506.,1,1,2
WBGene00045507.,2,852,854
WBGene00045508.,4,1,5
WBGene00045509.,11,31,42
WBGene00045510.,18,149,167
WBGene00045511.,2,13,15
WBGene00045513.,4,2,6
WBGene00045514.,0,6,6
WBGene00045515.,1,1,2
WBGene00045516.,0,41,41
WBGene00045517.,200,1382,1582
WBGene00045518.,0,6,6
WBGene00045519.,0,0,0
WBGene00045520.,0,0,0
WBGene00045521.,0,0,0
WBGene00045522.,0,0,0
WBGene00045523.,0,0,0
WBGene00045524.,0,0,0
WBGene00045525.,0,0,0
WBGene00045526.,0,0,0
WBGene00045527.,0,0,0
WBGene00045528.,0,0,0
WBGene00045529.,0,0,0
WBGene00045530.,0,0,0
WBGene00045531.,0,0,0
WBGene00045532.,0,0,0
WBGene00045533.,0,0,0
WBGene00045534.,0,1,1
WBGene00045535.,0,0,0
WBGene00045536.,0,0,0
WBGene00045537.,0,4,4
WBGene00045538.,0,1,1
WBGene00045539.,0,0,0
WBGene00045540.,0,6,6
WBGene00045541.,0,1,1
WBGene00045542.,0,0,0
WBGene00045543.,0,0,0
WBGene00045544.,0,0,0
WBGene00045545.,0,0,0
WBGene00045546.,0,2,2
WBGene00045547.,0,2,2
WBGene00045548.,0,0,0
WBGene00045549.,0,2,2
WBGene00045550.,0,0,0
WBGene00045551.,0,0,0
WBGene00045552.,0,0,0
WBGene00045553.,0,0,0
WBGene00045554.,0,0,0
WBGene00045555.,0,0,0
WBGene00045556.,0,0,0
WBGene00045557.,0,0,0
WBGene00045558.,0,1,1
WBGene00045559.,0,1,1
WBGene00045560.,0,0,0
WBGene00045561.,0,0,0
WBGene00045562.,0,0,0
WBGene00045563.,0,0,0
WBGene00045564.,0,0,0
WBGene00045565.,0,1,1
WBGene00045566.,0,0,0
WBGene00045567.,0,0,0
WBGene00045568.,0,0,0
WBGene00045569.,0,0,0
WBGene00045570.,0,0,0
WBGene00045571.,0,0,0
WBGene00045572.,0,6,6
WBGene00045573.,0,1,1
WBGene00045574.,0,0,0
WBGene00045575.,0,0,0
WBGene00045576.,0,0,0
WBGene00045577.,0,0,0
WBGene00045578.,0,1,1
WBGene00045579.,0,0,0
WBGene00045580.,0,0,0
WBGene00045581.,0,0,0
WBGene00045582.,0,0,0
WBGene00045583.,0,0,0
WBGene00045584.,0,0,0
WBGene00045585.,0,0,0
WBGene00045586.,0,0,0
WBGene00045587.,0,0,0
WBGene00045588.,0,0,0
WBGene00045589.,0,0,0
WBGene00045590.,0,0,0
WBGene00045591.,0,0,0
WBGene00045592.,0,0,0
WBGene00045593.,0,1,1
WBGene00045594.,0,0,0
WBGene00045595.,0,0,0
WBGene00045596.,0,0,0
WBGene00045597.,0,0,0
WBGene00045598.,0,0,0
WBGene00045599.,0,0,0
WBGene00045600.,0,0,0
WBGene00045601.,0,0,0
WBGene00045602.,0,1,1
WBGene00045603.,0,0,0
WBGene00045604.,0,0,0
WBGene00045605.,0,0,0
WBGene00045606.,0,2,2
WBGene00045607.,0,0,0
WBGene00045608.,0,0,0
WBGene00045609.,0,0,0
WBGene00045610.,0,0,0
WBGene00045611.,0,0,0
WBGene00045612.,0,0,0
WBGene00045613.,0,1,1
WBGene00045614.,0,1,1
WBGene00045615.,0,0,0
WBGene00045616.,0,0,0
WBGene00045617.,0,0,0
WBGene00045618.,0,0,0
WBGene00045619.,0,0,0
WBGene00045620.,0,0,0
WBGene00045621.,0,0,0
WBGene00045622.,0,0,0
WBGene00045623.,0,0,0
WBGene00045624.,0,0,0
WBGene00045625.,0,0,0
WBGene00045626.,0,0,0
WBGene00045627.,0,0,0
WBGene00045628.,0,0,0
WBGene00045629.,0,0,0
WBGene00045630.,0,1,1
WBGene00045631.,0,0,0
WBGene00045632.,0,1,1
WBGene00045633.,0,0,0
WBGene00045634.,0,0,0
WBGene00045635.,0,0,0
WBGene00045636.,0,0,0
WBGene00045637.,0,7,7
WBGene00045638.,0,0,0
WBGene00045639.,0,0,0
WBGene00045640.,0,3,3
WBGene00045641.,0,0,0
WBGene00045642.,0,0,0
WBGene00045643.,0,0,0
WBGene00045644.,0,0,0
WBGene00045645.,0,0,0
WBGene00045646.,0,0,0
WBGene00045647.,0,0,0
WBGene00045648.,0,0,0
WBGene00045649.,0,0,0
WBGene00045650.,0,0,0
WBGene00045651.,0,0,0
WBGene00045652.,0,0,0
WBGene00045653.,0,1,1
WBGene00045654.,0,0,0
WBGene00045655.,0,0,0
WBGene00045656.,0,0,0
WBGene00045657.,0,2,2
WBGene00045658.,0,0,0
WBGene00045659.,0,0,0
WBGene00045660.,0,0,0
WBGene00045661.,0,0,0
WBGene00045662.,0,1,1
WBGene00045663.,0,0,0
WBGene00045664.,0,0,0
WBGene00045665.,0,0,0
WBGene00045666.,0,0,0
WBGene00045667.,0,0,0
WBGene00045668.,0,46,46
WBGene00045669.,0,0,0
WBGene00045670.,0,0,0
WBGene00045671.,0,0,0
WBGene00045672.,0,0,0
WBGene00045673.,0,0,0
WBGene00045674.,0,0,0
WBGene00045675.,0,0,0
WBGene00045676.,0,1,1
WBGene00045677.,0,0,0
WBGene00045678.,0,0,0
WBGene00045679.,0,0,0
WBGene00045680.,0,0,0
WBGene00045681.,0,0,0
WBGene00045682.,0,0,0
WBGene00045683.,0,1,1
WBGene00045684.,0,0,0
WBGene00045685.,0,0,0
WBGene00045686.,0,0,0
WBGene00045687.,0,0,0
WBGene00045688.,0,0,0
WBGene00045689.,0,0,0
WBGene00045690.,0,0,0
WBGene00045691.,0,0,0
WBGene00045692.,0,0,0
WBGene00045693.,0,0,0
WBGene00045694.,0,7,7
WBGene00045695.,0,0,0
WBGene00045696.,0,2,2
WBGene00045697.,0,0,0
WBGene00045698.,0,0,0
WBGene00045699.,0,0,0
WBGene00045700.,0,0,0
WBGene00045701.,0,0,0
WBGene00045702.,0,0,0
WBGene00045703.,0,0,0
WBGene00045704.,0,0,0
WBGene00045705.,0,0,0
WBGene00045706.,0,0,0
WBGene00045707.,0,1,1
WBGene00045708.,0,0,0
WBGene00045709.,0,0,0
WBGene00045710.,0,0,0
WBGene00045711.,0,0,0
WBGene00045712.,0,0,0
WBGene00045713.,0,0,0
WBGene00045714.,0,0,0
WBGene00045715.,0,0,0
WBGene00045716.,0,0,0
WBGene00045717.,0,0,0
WBGene00045718.,0,2,2
WBGene00045719.,0,0,0
WBGene00045720.,0,0,0
WBGene00045721.,0,0,0
WBGene00045722.,0,1,1
WBGene00045723.,0,1,1
WBGene00045724.,0,1,1
WBGene00045725.,0,0,0
WBGene00045726.,0,0,0
WBGene00045727.,0,0,0
WBGene00045728.,0,23,23
WBGene00045729.,0,2,2
WBGene00045730.,0,0,0
WBGene00045731.,0,0,0
WBGene00045732.,0,0,0
WBGene00045733.,0,0,0
WBGene00045734.,0,0,0
WBGene00045735.,0,0,0
WBGene00045736.,0,0,0
WBGene00045737.,0,0,0
WBGene00045738.,0,0,0
WBGene00045739.,0,0,0
WBGene00045740.,0,0,0
WBGene00045741.,0,0,0
WBGene00045743.,0,0,0
WBGene00045744.,0,0,0
WBGene00045745.,0,0,0
WBGene00045746.,0,0,0
WBGene00045747.,0,0,0
WBGene00045748.,0,0,0
WBGene00045749.,0,0,0
WBGene00045750.,0,0,0
WBGene00045751.,0,0,0
WBGene00045752.,0,0,0
WBGene00045753.,0,0,0
WBGene00045754.,0,0,0
WBGene00045755.,0,0,0
WBGene00045756.,0,0,0
WBGene00045757.,0,0,0
WBGene00045758.,0,0,0
WBGene00045759.,0,0,0
WBGene00045760.,0,0,0
WBGene00045761.,0,0,0
WBGene00045762.,0,1,1
WBGene00045763.,0,0,0
WBGene00045764.,0,0,0
WBGene00045765.,0,0,0
WBGene00045766.,0,0,0
WBGene00045767.,0,0,0
WBGene00045768.,0,0,0
WBGene00045769.,0,0,0
WBGene00045770.,0,0,0
WBGene00045771.,0,0,0
WBGene00045772.,0,0,0
WBGene00045773.,0,0,0
WBGene00045774.,0,0,0
WBGene00045775.,0,0,0
WBGene00045776.,0,0,0
WBGene00045777.,0,1,1
WBGene00045778.,0,0,0
WBGene00045779.,0,0,0
WBGene00045780.,0,0,0
WBGene00045781.,0,1,1
WBGene00045782.,0,0,0
WBGene00045783.,0,0,0
WBGene00045784.,0,0,0
WBGene00045785.,0,0,0
WBGene00045786.,0,0,0
WBGene00045787.,0,2,2
WBGene00045788.,0,5,5
WBGene00045789.,0,0,0
WBGene00045790.,0,1,1
WBGene00045791.,0,0,0
WBGene00045792.,0,1,1
WBGene00045793.,0,0,0
WBGene00045794.,0,0,0
WBGene00045795.,0,0,0
WBGene00045796.,0,7,7
WBGene00045797.,0,0,0
WBGene00045798.,0,0,0
WBGene00045799.,0,0,0
WBGene00045800.,0,0,0
WBGene00045801.,0,0,0
WBGene00045802.,0,0,0
WBGene00045803.,0,1,1
WBGene00045804.,0,0,0
WBGene00045805.,0,0,0
WBGene00045806.,0,1,1
WBGene00045807.,0,0,0
WBGene00045808.,0,0,0
WBGene00045809.,0,0,0
WBGene00045810.,0,0,0
WBGene00045811.,0,0,0
WBGene00045812.,0,0,0
WBGene00045813.,0,0,0
WBGene00045814.,0,0,0
WBGene00045815.,0,0,0
WBGene00045816.,0,0,0
WBGene00045817.,0,0,0
WBGene00045818.,0,0,0
WBGene00045819.,0,0,0
WBGene00045820.,0,4,4
WBGene00045821.,0,0,0
WBGene00045822.,0,3,3
WBGene00045823.,0,0,0
WBGene00045824.,0,2,2
WBGene00045825.,0,0,0
WBGene00045826.,0,0,0
WBGene00045827.,0,0,0
WBGene00045828.,0,0,0
WBGene00045829.,0,0,0
WBGene00045830.,0,0,0
WBGene00045831.,0,0,0
WBGene00045832.,0,0,0
WBGene00045833.,0,0,0
WBGene00045834.,0,0,0
WBGene00045835.,0,0,0
WBGene00045836.,0,0,0
WBGene00045837.,0,0,0
WBGene00045838.,0,0,0
WBGene00045839.,0,0,0
WBGene00045840.,0,1,1
WBGene00045841.,0,2,2
WBGene00045842.,0,0,0
WBGene00045843.,0,5,5
WBGene00045844.,0,0,0
WBGene00045845.,0,0,0
WBGene00045846.,0,0,0
WBGene00045847.,0,0,0
WBGene00045848.,0,0,0
WBGene00045849.,0,0,0
WBGene00045850.,0,0,0
WBGene00045851.,0,0,0
WBGene00045852.,0,0,0
WBGene00045853.,0,0,0
WBGene00045854.,0,0,0
WBGene00045855.,0,0,0
WBGene00045856.,0,1,1
WBGene00045857.,0,0,0
WBGene00045858.,0,0,0
WBGene00045859.,0,0,0
WBGene00045860.,0,0,0
WBGene00045861.,0,0,0
WBGene00045862.,0,0,0
WBGene00045863.,0,0,0
WBGene00045864.,0,4,4
WBGene00045865.,0,0,0
WBGene00045866.,0,0,0
WBGene00045867.,0,0,0
WBGene00045868.,0,0,0
WBGene00045869.,0,1,1
WBGene00045870.,0,1,1
WBGene00045871.,0,5,5
WBGene00045872.,0,0,0
WBGene00045873.,0,0,0
WBGene00045874.,0,0,0
WBGene00045875.,0,0,0
WBGene00045876.,0,0,0
WBGene00045877.,0,0,0
WBGene00045878.,0,0,0
WBGene00045879.,0,0,0
WBGene00045880.,0,0,0
WBGene00045881.,0,1,1
WBGene00045882.,0,0,0
WBGene00045883.,0,0,0
WBGene00045884.,0,1,1
WBGene00045885.,0,0,0
WBGene00045886.,0,0,0
WBGene00045887.,0,0,0
WBGene00045888.,0,1,1
WBGene00045889.,0,0,0
WBGene00045890.,0,0,0
WBGene00045891.,0,0,0
WBGene00045892.,0,0,0
WBGene00045893.,0,0,0
WBGene00045894.,0,1,1
WBGene00045895.,0,0,0
WBGene00045896.,0,2,2
WBGene00045897.,0,0,0
WBGene00045898.,0,0,0
WBGene00045899.,0,0,0
WBGene00045900.,0,0,0
WBGene00045901.,0,0,0
WBGene00045902.,0,0,0
WBGene00045903.,0,0,0
WBGene00045904.,0,0,0
WBGene00045905.,0,1,1
WBGene00045906.,0,0,0
WBGene00045907.,0,0,0
WBGene00045908.,0,0,0
WBGene00045909.,0,0,0
WBGene00045910.,0,0,0
WBGene00045911.,0,0,0
WBGene00045912.,0,0,0
WBGene00045913.,0,0,0
WBGene00045914.,0,0,0
WBGene00045915.,0,0,0
WBGene00045916.,0,0,0
WBGene00045917.,0,0,0
WBGene00045918.,0,0,0
WBGene00045919.,0,0,0
WBGene00045920.,0,0,0
WBGene00045921.,0,0,0
WBGene00045922.,0,0,0
WBGene00045923.,0,0,0
WBGene00045924.,0,0,0
WBGene00045925.,0,0,0
WBGene00045926.,0,0,0
WBGene00045927.,0,0,0
WBGene00045928.,0,7,7
WBGene00045929.,0,0,0
WBGene00045930.,0,0,0
WBGene00045931.,0,0,0
WBGene00045932.,0,0,0
WBGene00045933.,0,0,0
WBGene00045934.,0,0,0
WBGene00045935.,0,0,0
WBGene00045936.,0,0,0
WBGene00045937.,0,0,0
WBGene00045938.,0,0,0
WBGene00045939.,0,1,1
WBGene00045940.,0,0,0
WBGene00045941.,0,0,0
WBGene00045942.,0,1,1
WBGene00045943.,0,0,0
WBGene00045944.,0,1,1
WBGene00045945.,0,0,0
WBGene00045946.,0,0,0
WBGene00045947.,0,0,0
WBGene00045948.,0,0,0
WBGene00045949.,0,2,2
WBGene00045950.,0,0,0
WBGene00045951.,0,0,0
WBGene00045952.,0,0,0
WBGene00045953.,0,0,0
WBGene00045954.,0,4,4
WBGene00045955.,0,0,0
WBGene00045956.,0,0,0
WBGene00045957.,0,0,0
WBGene00045958.,0,0,0
WBGene00045959.,0,0,0
WBGene00045960.,0,0,0
WBGene00045961.,0,1,1
WBGene00045962.,0,0,0
WBGene00045963.,0,0,0
WBGene00045964.,0,0,0
WBGene00045965.,0,0,0
WBGene00045966.,0,0,0
WBGene00045967.,0,0,0
WBGene00045968.,0,0,0
WBGene00045969.,0,2,2
WBGene00045970.,0,0,0
WBGene00045971.,0,0,0
WBGene00045972.,0,0,0
WBGene00045973.,0,0,0
WBGene00045974.,0,0,0
WBGene00045975.,0,0,0
WBGene00045976.,0,2,2
WBGene00045977.,0,1,1
WBGene00045978.,0,0,0
WBGene00045979.,0,0,0
WBGene00045980.,0,0,0
WBGene00045981.,0,1,1
WBGene00045982.,0,1,1
WBGene00045983.,0,0,0
WBGene00045984.,0,0,0
WBGene00045985.,0,0,0
WBGene00045986.,0,0,0
WBGene00045987.,0,0,0
WBGene00045988.,0,0,0
WBGene00045989.,0,1,1
WBGene00045990.,0,0,0
WBGene00045991.,0,0,0
WBGene00045992.,0,0,0
WBGene00045993.,0,0,0
WBGene00045994.,0,0,0
WBGene00045995.,0,1,1
WBGene00045996.,0,0,0
WBGene00045997.,0,0,0
WBGene00045998.,0,0,0
WBGene00045999.,0,0,0
WBGene00046000.,0,0,0
WBGene00046001.,0,0,0
WBGene00046002.,0,0,0
WBGene00046003.,0,0,0
WBGene00046004.,0,0,0
WBGene00046005.,0,6,6
WBGene00046006.,0,0,0
WBGene00046007.,0,0,0
WBGene00046008.,0,0,0
WBGene00046009.,0,0,0
WBGene00046010.,0,0,0
WBGene00046011.,0,4,4
WBGene00046012.,0,0,0
WBGene00046013.,0,0,0
WBGene00046014.,0,0,0
WBGene00046015.,0,0,0
WBGene00046016.,0,0,0
WBGene00046017.,0,0,0
WBGene00046018.,0,0,0
WBGene00046019.,0,0,0
WBGene00046020.,0,0,0
WBGene00046021.,0,0,0
WBGene00046022.,0,1,1
WBGene00046023.,0,0,0
WBGene00046024.,0,0,0
WBGene00046025.,0,0,0
WBGene00046026.,0,0,0
WBGene00046027.,0,3,3
WBGene00046028.,0,0,0
WBGene00046029.,0,0,0
WBGene00046030.,0,0,0
WBGene00046031.,0,1,1
WBGene00046032.,0,0,0
WBGene00046033.,0,0,0
WBGene00046034.,0,0,0
WBGene00046035.,0,0,0
WBGene00046036.,0,3,3
WBGene00046037.,0,0,0
WBGene00046038.,0,0,0
WBGene00046039.,0,0,0
WBGene00046040.,0,0,0
WBGene00046041.,0,1,1
WBGene00046042.,0,0,0
WBGene00046043.,0,1,1
WBGene00046044.,0,0,0
WBGene00046045.,0,0,0
WBGene00046046.,0,0,0
WBGene00046047.,0,1,1
WBGene00046048.,0,0,0
WBGene00046049.,0,1,1
WBGene00046050.,0,0,0
WBGene00046051.,0,0,0
WBGene00046052.,0,0,0
WBGene00046053.,0,0,0
WBGene00046054.,0,0,0
WBGene00046055.,0,0,0
WBGene00046056.,0,0,0
WBGene00046057.,0,0,0
WBGene00046058.,0,1,1
WBGene00046059.,0,5,5
WBGene00046060.,0,2,2
WBGene00046061.,0,0,0
WBGene00046062.,0,2,2
WBGene00046063.,0,0,0
WBGene00046064.,0,0,0
WBGene00046065.,0,0,0
WBGene00046066.,0,0,0
WBGene00046067.,0,1,1
WBGene00046068.,0,0,0
WBGene00046069.,0,0,0
WBGene00046070.,0,0,0
WBGene00046071.,0,0,0
WBGene00046072.,0,1,1
WBGene00046073.,0,1,1
WBGene00046074.,0,0,0
WBGene00046075.,0,0,0
WBGene00046076.,0,0,0
WBGene00046077.,0,0,0
WBGene00046078.,0,2,2
WBGene00046079.,0,2,2
WBGene00046080.,0,0,0
WBGene00046081.,0,0,0
WBGene00046082.,0,0,0
WBGene00046083.,0,0,0
WBGene00046084.,0,0,0
WBGene00046085.,0,0,0
WBGene00046086.,0,0,0
WBGene00046087.,0,0,0
WBGene00046088.,0,0,0
WBGene00046089.,0,0,0
WBGene00046090.,0,0,0
WBGene00046091.,0,0,0
WBGene00046092.,0,0,0
WBGene00046093.,0,0,0
WBGene00046094.,0,0,0
WBGene00046095.,0,0,0
WBGene00046096.,0,0,0
WBGene00046097.,0,0,0
WBGene00046098.,0,0,0
WBGene00046099.,0,0,0
WBGene00046100.,0,0,0
WBGene00046101.,0,0,0
WBGene00046102.,0,3,3
WBGene00046103.,0,1,1
WBGene00046104.,0,0,0
WBGene00046105.,0,0,0
WBGene00046106.,0,0,0
WBGene00046107.,0,0,0
WBGene00046108.,0,1,1
WBGene00046109.,0,6,6
WBGene00046110.,0,0,0
WBGene00046111.,0,0,0
WBGene00046112.,0,0,0
WBGene00046113.,0,0,0
WBGene00046114.,0,9,9
WBGene00046115.,0,3,3
WBGene00046116.,0,0,0
WBGene00046117.,0,0,0
WBGene00046118.,0,0,0
WBGene00046119.,0,0,0
WBGene00046120.,0,0,0
WBGene00046121.,0,0,0
WBGene00046122.,0,0,0
WBGene00046123.,0,3,3
WBGene00046124.,0,0,0
WBGene00046125.,0,0,0
WBGene00046126.,0,0,0
WBGene00046127.,0,0,0
WBGene00046128.,0,0,0
WBGene00046129.,0,0,0
WBGene00046130.,0,0,0
WBGene00046131.,0,0,0
WBGene00046132.,0,0,0
WBGene00046133.,0,0,0
WBGene00046134.,0,0,0
WBGene00046135.,0,1,1
WBGene00046136.,0,0,0
WBGene00046137.,0,1,1
WBGene00046138.,0,0,0
WBGene00046139.,0,0,0
WBGene00046140.,0,2,2
WBGene00046141.,0,0,0
WBGene00046142.,0,1,1
WBGene00046143.,0,4,4
WBGene00046144.,0,0,0
WBGene00046145.,0,0,0
WBGene00046146.,0,0,0
WBGene00046147.,0,0,0
WBGene00046148.,0,1,1
WBGene00046149.,0,1,1
WBGene00046150.,0,0,0
WBGene00046151.,0,0,0
WBGene00046152.,0,0,0
WBGene00046153.,0,0,0
WBGene00046154.,0,1,1
WBGene00046155.,0,0,0
WBGene00046156.,0,1,1
WBGene00046157.,0,0,0
WBGene00046158.,0,0,0
WBGene00046159.,0,0,0
WBGene00046160.,0,2,2
WBGene00046161.,0,0,0
WBGene00046162.,0,0,0
WBGene00046163.,0,0,0
WBGene00046164.,0,0,0
WBGene00046165.,0,0,0
WBGene00046166.,0,0,0
WBGene00046167.,0,3,3
WBGene00046168.,0,0,0
WBGene00046169.,0,0,0
WBGene00046170.,0,0,0
WBGene00046171.,0,0,0
WBGene00046172.,0,0,0
WBGene00046173.,0,0,0
WBGene00046174.,0,0,0
WBGene00046175.,0,0,0
WBGene00046176.,0,36,36
WBGene00046177.,0,0,0
WBGene00046178.,0,0,0
WBGene00046179.,0,0,0
WBGene00046180.,0,1,1
WBGene00046181.,0,0,0
WBGene00046182.,0,0,0
WBGene00046183.,0,6,6
WBGene00046184.,0,0,0
WBGene00046185.,0,0,0
WBGene00046186.,0,0,0
WBGene00046187.,0,0,0
WBGene00046188.,0,0,0
WBGene00046189.,0,0,0
WBGene00046190.,0,1,1
WBGene00046191.,0,0,0
WBGene00046192.,0,4,4
WBGene00046193.,0,0,0
WBGene00046194.,0,0,0
WBGene00046195.,0,0,0
WBGene00046196.,0,0,0
WBGene00046197.,0,0,0
WBGene00046198.,0,0,0
WBGene00046199.,0,0,0
WBGene00046200.,0,0,0
WBGene00046201.,0,0,0
WBGene00046202.,0,0,0
WBGene00046203.,0,0,0
WBGene00046204.,0,0,0
WBGene00046205.,0,0,0
WBGene00046206.,0,0,0
WBGene00046207.,0,0,0
WBGene00046208.,0,0,0
WBGene00046209.,0,11,11
WBGene00046210.,0,0,0
WBGene00046211.,0,0,0
WBGene00046212.,0,0,0
WBGene00046213.,0,0,0
WBGene00046214.,0,0,0
WBGene00046215.,0,0,0
WBGene00046216.,0,0,0
WBGene00046217.,0,1,1
WBGene00046218.,0,0,0
WBGene00046219.,0,1,1
WBGene00046220.,0,1,1
WBGene00046221.,0,1,1
WBGene00046222.,0,0,0
WBGene00046223.,0,0,0
WBGene00046224.,0,0,0
WBGene00046225.,0,0,0
WBGene00046226.,0,1,1
WBGene00046227.,0,0,0
WBGene00046228.,0,1,1
WBGene00046229.,0,0,0
WBGene00046230.,0,0,0
WBGene00046231.,0,0,0
WBGene00046232.,0,1,1
WBGene00046233.,0,0,0
WBGene00046234.,0,0,0
WBGene00046235.,0,0,0
WBGene00046236.,0,0,0
WBGene00046237.,0,0,0
WBGene00046238.,0,0,0
WBGene00046239.,0,0,0
WBGene00046240.,0,0,0
WBGene00046241.,0,0,0
WBGene00046242.,0,0,0
WBGene00046243.,0,0,0
WBGene00046244.,0,0,0
WBGene00046245.,0,0,0
WBGene00046246.,0,0,0
WBGene00046247.,0,0,0
WBGene00046248.,0,1,1
WBGene00046249.,0,0,0
WBGene00046250.,0,0,0
WBGene00046251.,0,1,1
WBGene00046252.,0,0,0
WBGene00046253.,0,0,0
WBGene00046254.,0,1,1
WBGene00046255.,0,0,0
WBGene00046256.,0,1,1
WBGene00046257.,0,1,1
WBGene00046258.,0,0,0
WBGene00046259.,0,0,0
WBGene00046260.,0,0,0
WBGene00046261.,0,0,0
WBGene00046262.,0,0,0
WBGene00046263.,0,0,0
WBGene00046264.,0,12,12
WBGene00046265.,0,0,0
WBGene00046266.,0,0,0
WBGene00046267.,0,2,2
WBGene00046268.,0,0,0
WBGene00046269.,0,1,1
WBGene00046270.,0,0,0
WBGene00046271.,0,0,0
WBGene00046272.,0,0,0
WBGene00046273.,0,0,0
WBGene00046274.,0,0,0
WBGene00046275.,0,0,0
WBGene00046276.,0,0,0
WBGene00046277.,0,1,1
WBGene00046278.,0,0,0
WBGene00046279.,0,0,0
WBGene00046280.,0,0,0
WBGene00046281.,0,0,0
WBGene00046282.,0,0,0
WBGene00046283.,0,3,3
WBGene00046284.,0,0,0
WBGene00046285.,0,0,0
WBGene00046286.,0,0,0
WBGene00046287.,0,2,2
WBGene00046288.,0,3,3
WBGene00046289.,0,11,11
WBGene00046290.,0,0,0
WBGene00046291.,0,0,0
WBGene00046292.,0,1,1
WBGene00046293.,0,0,0
WBGene00046294.,0,0,0
WBGene00046295.,0,0,0
WBGene00046296.,0,0,0
WBGene00046297.,0,0,0
WBGene00046298.,0,0,0
WBGene00046299.,0,0,0
WBGene00046300.,0,0,0
WBGene00046301.,0,0,0
WBGene00046302.,0,0,0
WBGene00046303.,0,0,0
WBGene00046304.,0,0,0
WBGene00046305.,0,1,1
WBGene00046306.,0,0,0
WBGene00046307.,0,0,0
WBGene00046308.,0,1,1
WBGene00046309.,0,0,0
WBGene00046310.,0,0,0
WBGene00046311.,0,0,0
WBGene00046312.,0,0,0
WBGene00046313.,0,3,3
WBGene00046314.,0,0,0
WBGene00046315.,0,0,0
WBGene00046316.,0,0,0
WBGene00046317.,0,3,3
WBGene00046318.,0,0,0
WBGene00046319.,0,0,0
WBGene00046320.,0,0,0
WBGene00046321.,0,0,0
WBGene00046322.,0,0,0
WBGene00046323.,0,0,0
WBGene00046324.,0,0,0
WBGene00046325.,0,4,4
WBGene00046326.,0,0,0
WBGene00046327.,0,0,0
WBGene00046328.,0,0,0
WBGene00046329.,0,0,0
WBGene00046330.,0,0,0
WBGene00046331.,0,0,0
WBGene00046332.,0,0,0
WBGene00046333.,0,0,0
WBGene00046334.,0,3,3
WBGene00046335.,0,4,4
WBGene00046336.,0,0,0
WBGene00046337.,0,6,6
WBGene00046338.,0,0,0
WBGene00046339.,0,0,0
WBGene00046340.,0,0,0
WBGene00046341.,0,0,0
WBGene00046342.,0,2,2
WBGene00046343.,0,1,1
WBGene00046344.,0,2,2
WBGene00046345.,0,6,6
WBGene00046346.,0,0,0
WBGene00046347.,0,1,1
WBGene00046348.,0,4,4
WBGene00046349.,0,1,1
WBGene00046350.,0,0,0
WBGene00046351.,0,0,0
WBGene00046352.,0,1,1
WBGene00046353.,0,4,4
WBGene00046354.,0,0,0
WBGene00046355.,0,0,0
WBGene00046356.,0,3,3
WBGene00046357.,0,0,0
WBGene00046358.,0,1,1
WBGene00046359.,0,0,0
WBGene00046360.,0,0,0
WBGene00046361.,0,0,0
WBGene00046362.,0,0,0
WBGene00046363.,0,1,1
WBGene00046364.,0,0,0
WBGene00046365.,0,0,0
WBGene00046366.,0,3,3
WBGene00046367.,0,0,0
WBGene00046368.,0,0,0
WBGene00046369.,0,0,0
WBGene00046370.,0,0,0
WBGene00046371.,0,0,0
WBGene00046372.,0,0,0
WBGene00046373.,0,1,1
WBGene00046374.,0,1,1
WBGene00046375.,0,4,4
WBGene00046376.,0,0,0
WBGene00046377.,0,0,0
WBGene00046378.,0,0,0
WBGene00046379.,0,0,0
WBGene00046380.,0,0,0
WBGene00046381.,0,0,0
WBGene00046382.,0,0,0
WBGene00046383.,0,0,0
WBGene00046384.,0,0,0
WBGene00046385.,0,0,0
WBGene00046386.,0,0,0
WBGene00046387.,0,0,0
WBGene00046388.,0,0,0
WBGene00046389.,0,0,0
WBGene00046390.,0,0,0
WBGene00046391.,0,0,0
WBGene00046392.,0,0,0
WBGene00046393.,0,0,0
WBGene00046394.,0,0,0
WBGene00046395.,0,0,0
WBGene00046396.,0,0,0
WBGene00046397.,0,0,0
WBGene00046398.,0,0,0
WBGene00046399.,0,7,7
WBGene00046400.,0,0,0
WBGene00046401.,0,0,0
WBGene00046402.,0,0,0
WBGene00046403.,0,1,1
WBGene00046404.,0,0,0
WBGene00046405.,0,0,0
WBGene00046406.,0,2,2
WBGene00046407.,0,4,4
WBGene00046408.,0,1,1
WBGene00046409.,0,1,1
WBGene00046410.,0,0,0
WBGene00046411.,0,0,0
WBGene00046412.,0,0,0
WBGene00046413.,0,0,0
WBGene00046414.,0,0,0
WBGene00046415.,0,0,0
WBGene00046416.,0,0,0
WBGene00046417.,0,0,0
WBGene00046418.,0,0,0
WBGene00046419.,0,0,0
WBGene00046420.,0,0,0
WBGene00046421.,0,9,9
WBGene00046422.,0,0,0
WBGene00046423.,0,2,2
WBGene00046424.,0,0,0
WBGene00046425.,0,1,1
WBGene00046426.,0,0,0
WBGene00046427.,0,1,1
WBGene00046428.,0,0,0
WBGene00046429.,0,3,3
WBGene00046430.,0,0,0
WBGene00046431.,0,10,10
WBGene00046432.,0,0,0
WBGene00046433.,0,0,0
WBGene00046434.,0,0,0
WBGene00046435.,0,1,1
WBGene00046436.,0,0,0
WBGene00046437.,0,0,0
WBGene00046438.,0,3,3
WBGene00046439.,0,0,0
WBGene00046440.,0,0,0
WBGene00046441.,0,0,0
WBGene00046442.,0,0,0
WBGene00046443.,0,1,1
WBGene00046444.,0,0,0
WBGene00046445.,0,0,0
WBGene00046446.,0,0,0
WBGene00046447.,0,0,0
WBGene00046448.,0,0,0
WBGene00046449.,0,0,0
WBGene00046450.,0,0,0
WBGene00046451.,0,0,0
WBGene00046452.,0,1,1
WBGene00046453.,0,1,1
WBGene00046454.,0,0,0
WBGene00046455.,0,0,0
WBGene00046456.,0,0,0
WBGene00046457.,0,0,0
WBGene00046458.,0,1,1
WBGene00046459.,0,0,0
WBGene00046460.,0,0,0
WBGene00046461.,0,1,1
WBGene00046462.,0,0,0
WBGene00046463.,0,0,0
WBGene00046464.,0,0,0
WBGene00046465.,0,0,0
WBGene00046466.,0,0,0
WBGene00046467.,0,0,0
WBGene00046468.,0,0,0
WBGene00046469.,0,0,0
WBGene00046470.,0,0,0
WBGene00046471.,0,0,0
WBGene00046472.,0,0,0
WBGene00046473.,0,0,0
WBGene00046474.,0,1,1
WBGene00046475.,0,1,1
WBGene00046476.,0,0,0
WBGene00046477.,0,0,0
WBGene00046478.,0,0,0
WBGene00046479.,0,0,0
WBGene00046480.,0,0,0
WBGene00046481.,0,0,0
WBGene00046482.,0,9,9
WBGene00046483.,0,1,1
WBGene00046484.,0,0,0
WBGene00046485.,0,0,0
WBGene00046486.,0,0,0
WBGene00046487.,0,1,1
WBGene00046488.,0,0,0
WBGene00046489.,0,0,0
WBGene00046490.,0,1,1
WBGene00046491.,0,5,5
WBGene00046492.,0,0,0
WBGene00046493.,0,1,1
WBGene00046494.,0,0,0
WBGene00046495.,0,3,3
WBGene00046496.,0,0,0
WBGene00046497.,0,0,0
WBGene00046498.,0,1,1
WBGene00046499.,0,3,3
WBGene00046500.,0,0,0
WBGene00046501.,0,0,0
WBGene00046502.,0,0,0
WBGene00046503.,0,0,0
WBGene00046504.,0,0,0
WBGene00046505.,0,0,0
WBGene00046506.,0,0,0
WBGene00046507.,0,0,0
WBGene00046508.,0,1,1
WBGene00046509.,0,14,14
WBGene00046510.,0,0,0
WBGene00046511.,0,0,0
WBGene00046512.,0,0,0
WBGene00046513.,0,0,0
WBGene00046514.,0,4,4
WBGene00046515.,0,0,0
WBGene00046516.,0,0,0
WBGene00046517.,0,0,0
WBGene00046518.,0,0,0
WBGene00046519.,0,0,0
WBGene00046520.,0,0,0
WBGene00046521.,0,0,0
WBGene00046522.,0,0,0
WBGene00046523.,0,1,1
WBGene00046524.,0,0,0
WBGene00046525.,0,0,0
WBGene00046526.,0,0,0
WBGene00046527.,0,0,0
WBGene00046528.,0,0,0
WBGene00046529.,0,3,3
WBGene00046530.,0,0,0
WBGene00046531.,0,3,3
WBGene00046532.,0,0,0
WBGene00046533.,0,0,0
WBGene00046534.,0,0,0
WBGene00046535.,0,0,0
WBGene00046536.,0,0,0
WBGene00046537.,0,1,1
WBGene00046538.,0,0,0
WBGene00046539.,0,0,0
WBGene00046540.,0,0,0
WBGene00046541.,0,0,0
WBGene00046542.,0,0,0
WBGene00046543.,0,0,0
WBGene00046544.,0,1,1
WBGene00046545.,0,2,2
WBGene00046546.,0,0,0
WBGene00046547.,0,8,8
WBGene00046548.,0,0,0
WBGene00046549.,0,0,0
WBGene00046550.,0,1,1
WBGene00046551.,0,0,0
WBGene00046552.,0,0,0
WBGene00046553.,0,0,0
WBGene00046554.,0,0,0
WBGene00046555.,0,0,0
WBGene00046556.,0,0,0
WBGene00046557.,0,0,0
WBGene00046558.,0,1,1
WBGene00046559.,0,0,0
WBGene00046560.,0,2,2
WBGene00046561.,0,0,0
WBGene00046562.,0,5,5
WBGene00046563.,0,0,0
WBGene00046564.,0,0,0
WBGene00046565.,0,0,0
WBGene00046566.,0,1,1
WBGene00046567.,0,1,1
WBGene00046568.,0,0,0
WBGene00046569.,0,0,0
WBGene00046570.,0,0,0
WBGene00046571.,0,0,0
WBGene00046572.,0,4,4
WBGene00046573.,0,3,3
WBGene00046574.,0,0,0
WBGene00046575.,0,0,0
WBGene00046576.,0,0,0
WBGene00046577.,0,2,2
WBGene00046578.,0,0,0
WBGene00046579.,0,0,0
WBGene00046580.,0,1,1
WBGene00046581.,0,0,0
WBGene00046582.,0,0,0
WBGene00046583.,0,0,0
WBGene00046584.,0,0,0
WBGene00046585.,0,0,0
WBGene00046586.,0,0,0
WBGene00046587.,0,0,0
WBGene00046588.,0,0,0
WBGene00046589.,0,0,0
WBGene00046590.,0,0,0
WBGene00046591.,0,0,0
WBGene00046592.,0,0,0
WBGene00046593.,0,0,0
WBGene00046594.,0,1,1
WBGene00046595.,0,0,0
WBGene00046596.,0,0,0
WBGene00046597.,0,0,0
WBGene00046598.,0,0,0
WBGene00046599.,0,0,0
WBGene00046600.,0,0,0
WBGene00046601.,0,0,0
WBGene00046602.,0,0,0
WBGene00046603.,0,4,4
WBGene00046604.,0,0,0
WBGene00046605.,0,7,7
WBGene00046606.,0,0,0
WBGene00046607.,0,0,0
WBGene00046608.,0,7,7
WBGene00046609.,0,0,0
WBGene00046610.,0,0,0
WBGene00046611.,0,0,0
WBGene00046612.,0,0,0
WBGene00046613.,0,0,0
WBGene00046614.,0,0,0
WBGene00046615.,0,0,0
WBGene00046616.,0,0,0
WBGene00046617.,0,0,0
WBGene00046618.,0,2,2
WBGene00046619.,0,0,0
WBGene00046620.,0,0,0
WBGene00046621.,0,0,0
WBGene00046622.,0,0,0
WBGene00046623.,0,2,2
WBGene00046624.,0,1,1
WBGene00046625.,0,0,0
WBGene00046626.,0,0,0
WBGene00046627.,0,0,0
WBGene00046628.,0,0,0
WBGene00046629.,0,0,0
WBGene00046630.,0,0,0
WBGene00046631.,0,0,0
WBGene00046632.,0,0,0
WBGene00046633.,0,0,0
WBGene00046634.,0,0,0
WBGene00046635.,0,0,0
WBGene00046636.,0,0,0
WBGene00046637.,0,0,0
WBGene00046638.,0,0,0
WBGene00046639.,0,0,0
WBGene00046640.,0,2,2
WBGene00046641.,0,1,1
WBGene00046642.,0,0,0
WBGene00046643.,0,1,1
WBGene00046644.,0,1,1
WBGene00046645.,0,0,0
WBGene00046646.,0,0,0
WBGene00046647.,0,0,0
WBGene00046648.,0,1,1
WBGene00046649.,0,0,0
WBGene00046650.,0,0,0
WBGene00046651.,0,0,0
WBGene00046652.,0,5,5
WBGene00046653.,0,0,0
WBGene00046654.,0,0,0
WBGene00046655.,0,1,1
WBGene00046656.,0,1,1
WBGene00046657.,0,0,0
WBGene00046658.,0,0,0
WBGene00046659.,0,0,0
WBGene00046660.,0,0,0
WBGene00046661.,0,0,0
WBGene00046662.,0,0,0
WBGene00046663.,0,12,12
WBGene00046664.,0,1,1
WBGene00046665.,0,0,0
WBGene00046666.,0,6,6
WBGene00046667.,0,0,0
WBGene00046668.,0,0,0
WBGene00046669.,0,0,0
WBGene00046670.,0,0,0
WBGene00046671.,0,0,0
WBGene00046672.,0,1,1
WBGene00046673.,0,0,0
WBGene00046674.,0,2,2
WBGene00046675.,0,0,0
WBGene00046676.,0,0,0
WBGene00046677.,0,0,0
WBGene00046678.,0,0,0
WBGene00046679.,0,0,0
WBGene00046680.,0,1,1
WBGene00046681.,0,0,0
WBGene00046682.,0,0,0
WBGene00046683.,0,1,1
WBGene00046684.,0,1,1
WBGene00046685.,0,0,0
WBGene00046686.,0,0,0
WBGene00046687.,0,1,1
WBGene00046688.,0,0,0
WBGene00046689.,0,0,0
WBGene00046690.,0,0,0
WBGene00046691.,0,6,6
WBGene00046692.,0,0,0
WBGene00046693.,0,0,0
WBGene00046694.,0,0,0
WBGene00046695.,0,0,0
WBGene00046696.,0,0,0
WBGene00046697.,0,4,4
WBGene00046698.,0,8733,8733
WBGene00046699.,0,0,0
WBGene00046700.,0,0,0
WBGene00046701.,0,0,0
WBGene00046702.,0,0,0
WBGene00046703.,0,3,3
WBGene00046704.,0,0,0
WBGene00046705.,0,0,0
WBGene00046706.,0,0,0
WBGene00046707.,0,0,0
WBGene00046708.,0,0,0
WBGene00046709.,0,0,0
WBGene00046710.,0,0,0
WBGene00046711.,0,0,0
WBGene00046712.,0,13,13
WBGene00046713.,0,0,0
WBGene00046714.,0,0,0
WBGene00046715.,0,0,0
WBGene00046716.,0,0,0
WBGene00046717.,0,1,1
WBGene00046718.,0,0,0
WBGene00046719.,0,0,0
WBGene00046720.,0,0,0
WBGene00046721.,0,0,0
WBGene00046722.,0,0,0
WBGene00046723.,0,0,0
WBGene00046724.,0,0,0
WBGene00046725.,0,0,0
WBGene00046726.,0,0,0
WBGene00046727.,0,0,0
WBGene00046728.,0,0,0
WBGene00046729.,0,1,1
WBGene00046730.,0,0,0
WBGene00046731.,0,1,1
WBGene00046732.,0,0,0
WBGene00046733.,0,0,0
WBGene00046734.,0,0,0
WBGene00046735.,0,0,0
WBGene00046736.,0,0,0
WBGene00046737.,0,0,0
WBGene00046738.,0,3,3
WBGene00046739.,0,6,6
WBGene00046740.,0,0,0
WBGene00046741.,0,19,19
WBGene00046742.,0,0,0
WBGene00046743.,0,1,1
WBGene00046744.,0,0,0
WBGene00046745.,0,0,0
WBGene00046746.,0,0,0
WBGene00046747.,0,0,0
WBGene00046748.,0,8,8
WBGene00046749.,0,0,0
WBGene00046750.,0,0,0
WBGene00046751.,0,0,0
WBGene00046752.,0,0,0
WBGene00046753.,0,0,0
WBGene00046754.,0,0,0
WBGene00046755.,0,0,0
WBGene00046756.,0,0,0
WBGene00046757.,0,0,0
WBGene00046758.,0,0,0
WBGene00046759.,0,0,0
WBGene00046760.,0,0,0
WBGene00046761.,0,55,55
WBGene00046762.,0,0,0
WBGene00046763.,0,0,0
WBGene00046764.,0,1,1
WBGene00046765.,0,0,0
WBGene00046766.,0,0,0
WBGene00046767.,0,0,0
WBGene00046768.,0,0,0
WBGene00046769.,0,0,0
WBGene00046770.,0,0,0
WBGene00046771.,0,0,0
WBGene00046772.,0,0,0
WBGene00046773.,0,0,0
WBGene00046774.,0,0,0
WBGene00046775.,0,1,1
WBGene00046776.,0,0,0
WBGene00046777.,0,2,2
WBGene00046778.,0,0,0
WBGene00046779.,0,0,0
WBGene00046780.,0,0,0
WBGene00046781.,0,0,0
WBGene00046782.,0,0,0
WBGene00046783.,0,0,0
WBGene00046784.,0,2,2
WBGene00046785.,0,4,4
WBGene00046786.,0,0,0
WBGene00046787.,0,0,0
WBGene00046788.,0,0,0
WBGene00046789.,0,2,2
WBGene00046790.,0,0,0
WBGene00046791.,0,0,0
WBGene00046792.,0,0,0
WBGene00046793.,0,0,0
WBGene00046794.,0,0,0
WBGene00046795.,0,0,0
WBGene00046796.,0,3,3
WBGene00046797.,0,0,0
WBGene00046798.,0,0,0
WBGene00046799.,0,0,0
WBGene00046800.,0,0,0
WBGene00046801.,0,0,0
WBGene00046802.,0,0,0
WBGene00046803.,0,1,1
WBGene00046804.,0,0,0
WBGene00046805.,0,0,0
WBGene00046806.,0,0,0
WBGene00046807.,0,0,0
WBGene00046808.,0,6,6
WBGene00046809.,0,0,0
WBGene00046810.,0,0,0
WBGene00046811.,0,0,0
WBGene00046812.,0,0,0
WBGene00046813.,0,0,0
WBGene00046814.,0,0,0
WBGene00046815.,0,0,0
WBGene00046816.,0,0,0
WBGene00046817.,0,1,1
WBGene00046818.,0,3,3
WBGene00046819.,0,1,1
WBGene00046820.,0,0,0
WBGene00046821.,0,2,2
WBGene00046822.,0,0,0
WBGene00046823.,0,0,0
WBGene00046824.,0,2,2
WBGene00046825.,0,0,0
WBGene00046826.,0,4,4
WBGene00046827.,0,0,0
WBGene00046828.,0,1,1
WBGene00046829.,0,0,0
WBGene00046830.,0,0,0
WBGene00046831.,0,0,0
WBGene00046832.,0,0,0
WBGene00046833.,0,0,0
WBGene00046834.,0,0,0
WBGene00046835.,0,0,0
WBGene00046836.,0,0,0
WBGene00046837.,0,1,1
WBGene00046838.,0,1,1
WBGene00046839.,0,5,5
WBGene00046840.,0,0,0
WBGene00046841.,0,0,0
WBGene00046842.,0,0,0
WBGene00046843.,0,0,0
WBGene00046844.,0,0,0
WBGene00046845.,0,0,0
WBGene00046846.,0,1,1
WBGene00046847.,0,0,0
WBGene00046848.,0,0,0
WBGene00046849.,0,0,0
WBGene00046850.,0,0,0
WBGene00046851.,0,0,0
WBGene00046852.,0,0,0
WBGene00046853.,0,0,0
WBGene00046854.,0,4,4
WBGene00046855.,0,0,0
WBGene00046856.,0,0,0
WBGene00046857.,0,0,0
WBGene00046858.,0,0,0
WBGene00046859.,0,25,25
WBGene00046860.,0,0,0
WBGene00046861.,0,0,0
WBGene00046862.,0,0,0
WBGene00046863.,0,2,2
WBGene00046864.,0,0,0
WBGene00046865.,0,0,0
WBGene00046866.,0,0,0
WBGene00046867.,0,0,0
WBGene00046868.,0,0,0
WBGene00046869.,0,6,6
WBGene00046870.,0,0,0
WBGene00046871.,0,0,0
WBGene00046872.,0,1,1
WBGene00046873.,0,0,0
WBGene00046874.,0,0,0
WBGene00046875.,0,0,0
WBGene00046876.,0,0,0
WBGene00046877.,0,0,0
WBGene00046878.,0,0,0
WBGene00046879.,0,0,0
WBGene00046880.,0,0,0
WBGene00046881.,0,3,3
WBGene00046882.,0,0,0
WBGene00046883.,0,0,0
WBGene00046884.,0,0,0
WBGene00046885.,0,0,0
WBGene00046886.,0,0,0
WBGene00046887.,0,0,0
WBGene00046888.,0,0,0
WBGene00046889.,0,0,0
WBGene00046890.,0,0,0
WBGene00046891.,0,0,0
WBGene00046892.,0,0,0
WBGene00046893.,0,0,0
WBGene00046894.,0,1,1
WBGene00046895.,0,0,0
WBGene00046896.,0,3,3
WBGene00046897.,0,0,0
WBGene00046898.,0,0,0
WBGene00046899.,0,0,0
WBGene00046900.,0,0,0
WBGene00046901.,0,0,0
WBGene00046902.,0,2,2
WBGene00046903.,0,0,0
WBGene00046904.,0,0,0
WBGene00046905.,0,0,0
WBGene00046906.,0,4,4
WBGene00046907.,0,1,1
WBGene00046908.,0,0,0
WBGene00046909.,0,0,0
WBGene00046910.,0,0,0
WBGene00046911.,0,0,0
WBGene00046912.,0,0,0
WBGene00046913.,0,0,0
WBGene00046914.,0,0,0
WBGene00046915.,0,0,0
WBGene00046916.,0,0,0
WBGene00046917.,0,0,0
WBGene00046918.,0,1,1
WBGene00046919.,0,0,0
WBGene00046920.,0,0,0
WBGene00046921.,0,0,0
WBGene00046922.,0,0,0
WBGene00046923.,0,0,0
WBGene00046924.,0,0,0
WBGene00046925.,0,0,0
WBGene00046926.,0,0,0
WBGene00046927.,0,0,0
WBGene00046928.,0,0,0
WBGene00046929.,0,0,0
WBGene00046930.,0,0,0
WBGene00046931.,0,1,1
WBGene00046932.,0,0,0
WBGene00046933.,0,0,0
WBGene00046934.,0,1,1
WBGene00046935.,0,0,0
WBGene00046936.,0,0,0
WBGene00046937.,0,5,5
WBGene00046938.,0,0,0
WBGene00046939.,0,1,1
WBGene00046940.,0,0,0
WBGene00046941.,0,0,0
WBGene00046942.,0,0,0
WBGene00046943.,0,0,0
WBGene00046944.,0,0,0
WBGene00046945.,0,0,0
WBGene00046946.,0,0,0
WBGene00046947.,0,0,0
WBGene00046948.,0,2,2
WBGene00046949.,0,0,0
WBGene00046950.,0,0,0
WBGene00046951.,0,5,5
WBGene00046952.,0,0,0
WBGene00046953.,0,0,0
WBGene00046954.,0,0,0
WBGene00046955.,0,0,0
WBGene00046956.,0,0,0
WBGene00046957.,0,0,0
WBGene00046958.,0,1,1
WBGene00046959.,0,0,0
WBGene00046960.,0,0,0
WBGene00046961.,0,0,0
WBGene00046962.,0,0,0
WBGene00046963.,0,0,0
WBGene00046964.,0,1,1
WBGene00046965.,0,7,7
WBGene00046966.,0,0,0
WBGene00046967.,0,0,0
WBGene00046968.,0,0,0
WBGene00046969.,0,0,0
WBGene00046970.,0,0,0
WBGene00046971.,0,1,1
WBGene00046972.,0,0,0
WBGene00046973.,0,0,0
WBGene00046974.,0,0,0
WBGene00046975.,0,0,0
WBGene00046976.,0,0,0
WBGene00046977.,0,0,0
WBGene00046978.,0,0,0
WBGene00046979.,0,0,0
WBGene00046980.,0,0,0
WBGene00046981.,0,0,0
WBGene00046982.,0,0,0
WBGene00046983.,0,0,0
WBGene00046984.,0,0,0
WBGene00046985.,0,0,0
WBGene00046986.,0,1,1
WBGene00046987.,0,0,0
WBGene00046988.,0,0,0
WBGene00046989.,0,0,0
WBGene00046990.,0,1,1
WBGene00046991.,0,0,0
WBGene00046992.,0,0,0
WBGene00046993.,0,0,0
WBGene00046994.,0,0,0
WBGene00046995.,0,0,0
WBGene00046996.,0,0,0
WBGene00046997.,0,0,0
WBGene00046998.,0,0,0
WBGene00046999.,0,2,2
WBGene00047000.,0,0,0
WBGene00047001.,0,0,0
WBGene00047002.,0,0,0
WBGene00047003.,0,1,1
WBGene00047004.,0,0,0
WBGene00047005.,0,0,0
WBGene00047006.,0,0,0
WBGene00047007.,0,9,9
WBGene00047008.,0,2,2
WBGene00047009.,0,0,0
WBGene00047010.,0,1,1
WBGene00047011.,0,0,0
WBGene00047012.,0,0,0
WBGene00047013.,0,0,0
WBGene00047014.,0,0,0
WBGene00047015.,0,0,0
WBGene00047016.,0,0,0
WBGene00047017.,0,2,2
WBGene00047018.,0,0,0
WBGene00047019.,0,0,0
WBGene00047020.,0,0,0
WBGene00047021.,0,0,0
WBGene00047022.,0,0,0
WBGene00047023.,0,0,0
WBGene00047024.,0,0,0
WBGene00047025.,0,0,0
WBGene00047026.,0,0,0
WBGene00047027.,0,0,0
WBGene00047028.,0,0,0
WBGene00047029.,0,0,0
WBGene00047030.,0,0,0
WBGene00047031.,0,2,2
WBGene00047032.,0,0,0
WBGene00047033.,0,0,0
WBGene00047034.,0,0,0
WBGene00047035.,0,0,0
WBGene00047036.,0,0,0
WBGene00047037.,0,0,0
WBGene00047038.,0,0,0
WBGene00047039.,0,1,1
WBGene00047040.,0,0,0
WBGene00047041.,0,0,0
WBGene00047042.,0,0,0
WBGene00047043.,0,0,0
WBGene00047044.,0,36,36
WBGene00047045.,0,0,0
WBGene00047046.,0,0,0
WBGene00047047.,0,0,0
WBGene00047048.,0,0,0
WBGene00047049.,0,0,0
WBGene00047050.,0,0,0
WBGene00047051.,0,0,0
WBGene00047052.,0,0,0
WBGene00047053.,0,11,11
WBGene00047054.,0,1,1
WBGene00047055.,0,0,0
WBGene00047056.,0,0,0
WBGene00047057.,0,0,0
WBGene00047058.,0,0,0
WBGene00047059.,0,0,0
WBGene00047060.,0,0,0
WBGene00047061.,0,0,0
WBGene00047062.,0,0,0
WBGene00047063.,0,0,0
WBGene00047064.,0,0,0
WBGene00047065.,0,0,0
WBGene00047066.,0,0,0
WBGene00047067.,0,6,6
WBGene00047068.,0,1,1
WBGene00047069.,0,2,2
WBGene00047070.,0,0,0
WBGene00047071.,0,1,1
WBGene00047072.,0,0,0
WBGene00047073.,0,0,0
WBGene00047074.,0,0,0
WBGene00047075.,0,0,0
WBGene00047076.,0,0,0
WBGene00047077.,0,0,0
WBGene00047078.,0,0,0
WBGene00047079.,0,0,0
WBGene00047080.,0,0,0
WBGene00047081.,0,0,0
WBGene00047082.,0,0,0
WBGene00047083.,0,0,0
WBGene00047084.,0,32,32
WBGene00047085.,0,0,0
WBGene00047086.,0,0,0
WBGene00047087.,0,12,12
WBGene00047088.,0,0,0
WBGene00047089.,0,0,0
WBGene00047090.,0,0,0
WBGene00047091.,0,1,1
WBGene00047092.,0,1,1
WBGene00047093.,0,0,0
WBGene00047094.,0,0,0
WBGene00047095.,0,0,0
WBGene00047096.,0,0,0
WBGene00047097.,0,0,0
WBGene00047098.,0,0,0
WBGene00047099.,0,0,0
WBGene00047100.,0,1,1
WBGene00047101.,0,0,0
WBGene00047102.,0,0,0
WBGene00047103.,0,0,0
WBGene00047104.,0,0,0
WBGene00047105.,0,1,1
WBGene00047106.,0,0,0
WBGene00047107.,0,0,0
WBGene00047108.,0,0,0
WBGene00047109.,0,0,0
WBGene00047110.,0,1,1
WBGene00047111.,0,0,0
WBGene00047112.,0,0,0
WBGene00047113.,0,0,0
WBGene00047114.,0,1,1
WBGene00047115.,0,1,1
WBGene00047116.,0,0,0
WBGene00047117.,0,0,0
WBGene00047118.,0,23,23
WBGene00047119.,0,1,1
WBGene00047120.,0,0,0
WBGene00047121.,0,0,0
WBGene00047122.,0,0,0
WBGene00047123.,0,0,0
WBGene00047124.,0,2,2
WBGene00047125.,0,0,0
WBGene00047126.,0,0,0
WBGene00047127.,0,0,0
WBGene00047128.,0,0,0
WBGene00047129.,0,0,0
WBGene00047130.,0,0,0
WBGene00047131.,0,0,0
WBGene00047132.,0,0,0
WBGene00047133.,0,0,0
WBGene00047134.,0,0,0
WBGene00047135.,0,0,0
WBGene00047136.,0,0,0
WBGene00047137.,0,0,0
WBGene00047138.,0,0,0
WBGene00047139.,0,0,0
WBGene00047140.,0,0,0
WBGene00047141.,0,17,17
WBGene00047142.,0,0,0
WBGene00047143.,0,0,0
WBGene00047144.,0,0,0
WBGene00047145.,0,0,0
WBGene00047146.,0,0,0
WBGene00047147.,0,0,0
WBGene00047148.,0,0,0
WBGene00047149.,0,0,0
WBGene00047150.,0,1,1
WBGene00047151.,0,0,0
WBGene00047152.,0,0,0
WBGene00047153.,0,0,0
WBGene00047154.,0,0,0
WBGene00047155.,0,0,0
WBGene00047156.,0,0,0
WBGene00047157.,0,0,0
WBGene00047158.,0,0,0
WBGene00047159.,0,0,0
WBGene00047160.,0,2,2
WBGene00047161.,0,0,0
WBGene00047162.,0,0,0
WBGene00047163.,0,0,0
WBGene00047164.,0,0,0
WBGene00047165.,0,0,0
WBGene00047166.,0,0,0
WBGene00047167.,0,0,0
WBGene00047168.,0,0,0
WBGene00047169.,0,0,0
WBGene00047170.,0,4,4
WBGene00047171.,0,1,1
WBGene00047172.,0,0,0
WBGene00047173.,0,0,0
WBGene00047174.,0,0,0
WBGene00047175.,0,0,0
WBGene00047176.,0,0,0
WBGene00047177.,0,0,0
WBGene00047178.,0,0,0
WBGene00047179.,0,0,0
WBGene00047180.,0,0,0
WBGene00047181.,0,0,0
WBGene00047182.,0,0,0
WBGene00047183.,0,1,1
WBGene00047184.,0,0,0
WBGene00047185.,0,0,0
WBGene00047186.,0,0,0
WBGene00047187.,0,0,0
WBGene00047188.,0,0,0
WBGene00047189.,0,0,0
WBGene00047190.,0,0,0
WBGene00047191.,0,0,0
WBGene00047192.,0,0,0
WBGene00047193.,0,0,0
WBGene00047194.,0,1,1
WBGene00047195.,0,0,0
WBGene00047196.,0,0,0
WBGene00047197.,0,0,0
WBGene00047198.,0,0,0
WBGene00047199.,0,0,0
WBGene00047200.,0,0,0
WBGene00047201.,0,0,0
WBGene00047202.,0,0,0
WBGene00047203.,0,0,0
WBGene00047204.,0,0,0
WBGene00047205.,0,0,0
WBGene00047206.,0,0,0
WBGene00047207.,0,0,0
WBGene00047208.,0,0,0
WBGene00047209.,0,0,0
WBGene00047210.,0,0,0
WBGene00047211.,0,0,0
WBGene00047212.,0,0,0
WBGene00047213.,0,0,0
WBGene00047214.,0,1,1
WBGene00047215.,0,0,0
WBGene00047216.,0,0,0
WBGene00047217.,0,1,1
WBGene00047218.,0,0,0
WBGene00047219.,0,0,0
WBGene00047220.,0,0,0
WBGene00047221.,0,6,6
WBGene00047222.,0,0,0
WBGene00047223.,0,0,0
WBGene00047224.,0,2,2
WBGene00047225.,0,1,1
WBGene00047226.,0,2,2
WBGene00047227.,0,0,0
WBGene00047228.,0,0,0
WBGene00047229.,0,0,0
WBGene00047230.,0,1,1
WBGene00047231.,0,0,0
WBGene00047232.,0,0,0
WBGene00047233.,0,0,0
WBGene00047234.,0,0,0
WBGene00047235.,0,0,0
WBGene00047236.,0,0,0
WBGene00047237.,0,0,0
WBGene00047238.,0,0,0
WBGene00047239.,0,0,0
WBGene00047240.,0,0,0
WBGene00047241.,0,0,0
WBGene00047242.,0,0,0
WBGene00047243.,0,0,0
WBGene00047244.,0,0,0
WBGene00047245.,0,0,0
WBGene00047246.,0,0,0
WBGene00047247.,0,0,0
WBGene00047248.,0,0,0
WBGene00047249.,0,0,0
WBGene00047250.,0,1,1
WBGene00047251.,0,0,0
WBGene00047252.,0,0,0
WBGene00047253.,0,0,0
WBGene00047254.,0,0,0
WBGene00047255.,0,0,0
WBGene00047256.,0,10,10
WBGene00047257.,0,0,0
WBGene00047258.,0,0,0
WBGene00047259.,0,4,4
WBGene00047260.,0,0,0
WBGene00047261.,0,0,0
WBGene00047262.,0,0,0
WBGene00047263.,0,0,0
WBGene00047264.,0,0,0
WBGene00047265.,0,0,0
WBGene00047266.,0,0,0
WBGene00047267.,0,0,0
WBGene00047268.,0,0,0
WBGene00047269.,0,0,0
WBGene00047270.,0,0,0
WBGene00047271.,0,0,0
WBGene00047272.,0,0,0
WBGene00047273.,0,0,0
WBGene00047274.,0,0,0
WBGene00047275.,0,0,0
WBGene00047276.,0,0,0
WBGene00047277.,0,0,0
WBGene00047278.,0,0,0
WBGene00047279.,0,2,2
WBGene00047280.,0,1,1
WBGene00047281.,0,0,0
WBGene00047282.,0,0,0
WBGene00047283.,0,2,2
WBGene00047284.,0,0,0
WBGene00047285.,0,0,0
WBGene00047286.,0,2,2
WBGene00047287.,0,0,0
WBGene00047288.,0,0,0
WBGene00047289.,0,4,4
WBGene00047290.,0,1,1
WBGene00047291.,0,0,0
WBGene00047292.,0,1,1
WBGene00047293.,0,0,0
WBGene00047294.,0,0,0
WBGene00047295.,0,0,0
WBGene00047296.,0,0,0
WBGene00047297.,0,6,6
WBGene00047298.,0,0,0
WBGene00047299.,0,0,0
WBGene00047300.,0,0,0
WBGene00047301.,0,0,0
WBGene00047302.,0,2,2
WBGene00047303.,0,1,1
WBGene00047304.,0,1,1
WBGene00047305.,0,0,0
WBGene00047306.,0,0,0
WBGene00047307.,0,0,0
WBGene00047308.,0,0,0
WBGene00047309.,0,0,0
WBGene00047310.,0,0,0
WBGene00047311.,0,1,1
WBGene00047312.,0,3,3
WBGene00047313.,0,0,0
WBGene00047314.,0,0,0
WBGene00047315.,0,1,1
WBGene00047316.,0,0,0
WBGene00047317.,0,0,0
WBGene00047318.,0,0,0
WBGene00047319.,0,0,0
WBGene00047320.,0,0,0
WBGene00047321.,0,0,0
WBGene00047322.,0,0,0
WBGene00047323.,0,0,0
WBGene00047324.,0,0,0
WBGene00047325.,0,0,0
WBGene00047326.,0,0,0
WBGene00047327.,0,1,1
WBGene00047328.,0,0,0
WBGene00047329.,0,0,0
WBGene00047330.,0,0,0
WBGene00047331.,0,0,0
WBGene00047332.,0,0,0
WBGene00047333.,0,0,0
WBGene00047334.,0,8,8
WBGene00047335.,0,0,0
WBGene00047336.,0,0,0
WBGene00047337.,0,0,0
WBGene00047338.,0,0,0
WBGene00047339.,0,12,12
WBGene00047340.,0,0,0
WBGene00047341.,0,2,2
WBGene00047342.,0,0,0
WBGene00047343.,0,0,0
WBGene00047344.,0,0,0
WBGene00047345.,0,1,1
WBGene00047346.,0,0,0
WBGene00047347.,0,0,0
WBGene00047348.,0,0,0
WBGene00047349.,0,1,1
WBGene00047350.,0,0,0
WBGene00047351.,0,0,0
WBGene00047352.,0,0,0
WBGene00047353.,0,0,0
WBGene00047354.,0,0,0
WBGene00047355.,0,0,0
WBGene00047356.,0,1,1
WBGene00047357.,0,0,0
WBGene00047358.,0,0,0
WBGene00047359.,0,0,0
WBGene00047360.,0,0,0
WBGene00047361.,0,0,0
WBGene00047362.,0,0,0
WBGene00047363.,0,0,0
WBGene00047364.,0,0,0
WBGene00047365.,0,0,0
WBGene00047366.,0,0,0
WBGene00047367.,0,0,0
WBGene00047368.,0,0,0
WBGene00047369.,0,0,0
WBGene00047370.,0,0,0
WBGene00047371.,0,0,0
WBGene00047372.,0,0,0
WBGene00047373.,0,0,0
WBGene00047374.,0,0,0
WBGene00047375.,0,0,0
WBGene00047376.,0,0,0
WBGene00047377.,0,0,0
WBGene00047378.,0,6,6
WBGene00047379.,0,0,0
WBGene00047380.,0,0,0
WBGene00047381.,0,0,0
WBGene00047382.,0,2,2
WBGene00047383.,0,1,1
WBGene00047384.,0,0,0
WBGene00047385.,0,0,0
WBGene00047386.,0,0,0
WBGene00047387.,0,0,0
WBGene00047388.,0,0,0
WBGene00047389.,0,0,0
WBGene00047390.,0,0,0
WBGene00047391.,0,6,6
WBGene00047392.,0,0,0
WBGene00047393.,0,0,0
WBGene00047394.,0,1,1
WBGene00047395.,0,0,0
WBGene00047396.,0,0,0
WBGene00047397.,0,0,0
WBGene00047398.,0,0,0
WBGene00047399.,0,0,0
WBGene00047400.,0,1,1
WBGene00047401.,0,0,0
WBGene00047402.,0,0,0
WBGene00047403.,0,4,4
WBGene00047404.,0,0,0
WBGene00047405.,0,0,0
WBGene00047406.,0,0,0
WBGene00047407.,0,4,4
WBGene00047408.,0,0,0
WBGene00047409.,0,0,0
WBGene00047410.,0,0,0
WBGene00047411.,0,6,6
WBGene00047412.,0,0,0
WBGene00047413.,0,0,0
WBGene00047414.,0,0,0
WBGene00047415.,0,0,0
WBGene00047416.,0,0,0
WBGene00047417.,0,0,0
WBGene00047418.,0,0,0
WBGene00047419.,0,2,2
WBGene00047420.,0,2,2
WBGene00047421.,0,0,0
WBGene00047422.,0,1,1
WBGene00047423.,0,3,3
WBGene00047424.,0,0,0
WBGene00047425.,0,0,0
WBGene00047426.,0,0,0
WBGene00047427.,0,1,1
WBGene00047428.,0,0,0
WBGene00047429.,0,0,0
WBGene00047430.,0,0,0
WBGene00047431.,0,0,0
WBGene00047432.,0,0,0
WBGene00047433.,0,0,0
WBGene00047434.,0,0,0
WBGene00047435.,0,0,0
WBGene00047436.,0,0,0
WBGene00047437.,0,0,0
WBGene00047438.,0,0,0
WBGene00047439.,0,2,2
WBGene00047440.,0,0,0
WBGene00047441.,0,0,0
WBGene00047442.,0,0,0
WBGene00047443.,0,0,0
WBGene00047444.,0,1,1
WBGene00047445.,0,1,1
WBGene00047446.,0,0,0
WBGene00047447.,0,5,5
WBGene00047448.,0,0,0
WBGene00047449.,0,0,0
WBGene00047450.,0,3,3
WBGene00047451.,0,0,0
WBGene00047452.,0,0,0
WBGene00047453.,0,0,0
WBGene00047454.,0,0,0
WBGene00047455.,0,0,0
WBGene00047456.,0,1,1
WBGene00047457.,0,0,0
WBGene00047458.,0,0,0
WBGene00047459.,0,0,0
WBGene00047460.,0,0,0
WBGene00047461.,0,0,0
WBGene00047462.,0,0,0
WBGene00047463.,0,0,0
WBGene00047464.,0,0,0
WBGene00047465.,0,0,0
WBGene00047466.,0,0,0
WBGene00047467.,0,0,0
WBGene00047468.,0,0,0
WBGene00047469.,0,0,0
WBGene00047470.,0,0,0
WBGene00047471.,0,0,0
WBGene00047472.,0,0,0
WBGene00047473.,0,0,0
WBGene00047474.,0,0,0
WBGene00047475.,0,0,0
WBGene00047476.,0,0,0
WBGene00047477.,0,0,0
WBGene00047478.,0,1,1
WBGene00047479.,0,0,0
WBGene00047480.,0,0,0
WBGene00047481.,0,0,0
WBGene00047482.,0,0,0
WBGene00047483.,0,0,0
WBGene00047484.,0,1,1
WBGene00047485.,0,0,0
WBGene00047486.,0,0,0
WBGene00047487.,0,0,0
WBGene00047488.,0,0,0
WBGene00047489.,0,0,0
WBGene00047490.,0,0,0
WBGene00047491.,0,0,0
WBGene00047492.,0,0,0
WBGene00047493.,0,0,0
WBGene00047494.,0,0,0
WBGene00047495.,0,0,0
WBGene00047496.,0,2,2
WBGene00047497.,0,0,0
WBGene00047498.,0,0,0
WBGene00047499.,0,0,0
WBGene00047500.,0,0,0
WBGene00047501.,0,0,0
WBGene00047502.,0,0,0
WBGene00047503.,0,2,2
WBGene00047504.,0,2,2
WBGene00047505.,0,0,0
WBGene00047506.,0,0,0
WBGene00047507.,0,1,1
WBGene00047508.,0,0,0
WBGene00047509.,0,0,0
WBGene00047510.,0,2,2
WBGene00047511.,0,0,0
WBGene00047512.,0,0,0
WBGene00047513.,0,0,0
WBGene00047514.,0,3,3
WBGene00047515.,0,0,0
WBGene00047516.,0,1,1
WBGene00047517.,0,2,2
WBGene00047518.,0,0,0
WBGene00047519.,0,0,0
WBGene00047520.,0,0,0
WBGene00047521.,0,2,2
WBGene00047522.,0,1,1
WBGene00047523.,0,0,0
WBGene00047524.,0,0,0
WBGene00047525.,0,0,0
WBGene00047526.,0,0,0
WBGene00047527.,0,0,0
WBGene00047528.,0,0,0
WBGene00047529.,0,1,1
WBGene00047530.,0,0,0
WBGene00047531.,0,0,0
WBGene00047532.,0,0,0
WBGene00047533.,0,3,3
WBGene00047534.,0,0,0
WBGene00047535.,0,0,0
WBGene00047536.,0,0,0
WBGene00047537.,0,0,0
WBGene00047538.,0,0,0
WBGene00047539.,0,1,1
WBGene00047540.,0,6,6
WBGene00047541.,0,0,0
WBGene00047542.,0,0,0
WBGene00047543.,0,0,0
WBGene00047544.,0,0,0
WBGene00047545.,0,0,0
WBGene00047546.,0,0,0
WBGene00047547.,0,0,0
WBGene00047548.,0,0,0
WBGene00047549.,0,0,0
WBGene00047550.,0,0,0
WBGene00047551.,0,0,0
WBGene00047552.,0,8,8
WBGene00047553.,0,0,0
WBGene00047554.,0,0,0
WBGene00047555.,0,0,0
WBGene00047556.,0,2,2
WBGene00047557.,0,0,0
WBGene00047558.,0,0,0
WBGene00047559.,0,0,0
WBGene00047560.,0,1,1
WBGene00047561.,0,0,0
WBGene00047562.,0,0,0
WBGene00047563.,0,1,1
WBGene00047564.,0,0,0
WBGene00047565.,0,0,0
WBGene00047566.,0,0,0
WBGene00047567.,0,0,0
WBGene00047568.,0,3,3
WBGene00047569.,0,0,0
WBGene00047570.,0,0,0
WBGene00047571.,0,0,0
WBGene00047572.,0,0,0
WBGene00047573.,0,0,0
WBGene00047574.,0,0,0
WBGene00047575.,0,0,0
WBGene00047576.,0,0,0
WBGene00047577.,0,0,0
WBGene00047578.,0,0,0
WBGene00047579.,0,0,0
WBGene00047580.,0,0,0
WBGene00047581.,0,0,0
WBGene00047582.,0,0,0
WBGene00047583.,0,0,0
WBGene00047584.,0,0,0
WBGene00047585.,0,0,0
WBGene00047586.,0,0,0
WBGene00047587.,0,2,2
WBGene00047588.,0,0,0
WBGene00047589.,0,0,0
WBGene00047590.,0,0,0
WBGene00047591.,0,0,0
WBGene00047592.,0,0,0
WBGene00047593.,0,0,0
WBGene00047594.,0,1,1
WBGene00047595.,0,0,0
WBGene00047596.,0,0,0
WBGene00047597.,0,0,0
WBGene00047598.,0,0,0
WBGene00047599.,0,0,0
WBGene00047600.,0,0,0
WBGene00047601.,0,0,0
WBGene00047602.,0,0,0
WBGene00047603.,0,0,0
WBGene00047604.,0,0,0
WBGene00047605.,0,1,1
WBGene00047606.,0,3,3
WBGene00047607.,0,0,0
WBGene00047608.,0,0,0
WBGene00047609.,0,29,29
WBGene00047610.,0,0,0
WBGene00047611.,0,0,0
WBGene00047612.,0,0,0
WBGene00047613.,0,4,4
WBGene00047614.,0,0,0
WBGene00047615.,0,1,1
WBGene00047616.,0,0,0
WBGene00047617.,0,0,0
WBGene00047618.,0,0,0
WBGene00047619.,0,0,0
WBGene00047620.,0,0,0
WBGene00047621.,0,0,0
WBGene00047622.,0,0,0
WBGene00047623.,0,1,1
WBGene00047624.,0,0,0
WBGene00047625.,0,0,0
WBGene00047626.,0,0,0
WBGene00047627.,0,0,0
WBGene00047628.,0,0,0
WBGene00047629.,0,0,0
WBGene00047630.,0,1,1
WBGene00047631.,0,0,0
WBGene00047632.,0,0,0
WBGene00047633.,0,0,0
WBGene00047634.,0,0,0
WBGene00047635.,0,1,1
WBGene00047636.,0,0,0
WBGene00047637.,0,0,0
WBGene00047638.,0,0,0
WBGene00047639.,0,0,0
WBGene00047640.,0,0,0
WBGene00047641.,0,0,0
WBGene00047642.,0,0,0
WBGene00047643.,0,0,0
WBGene00047644.,0,0,0
WBGene00047645.,0,0,0
WBGene00047646.,0,1,1
WBGene00047647.,0,0,0
WBGene00047648.,0,0,0
WBGene00047649.,0,0,0
WBGene00047650.,0,0,0
WBGene00047651.,0,0,0
WBGene00047652.,0,0,0
WBGene00047653.,0,0,0
WBGene00047654.,0,0,0
WBGene00047655.,0,0,0
WBGene00047656.,0,0,0
WBGene00047657.,0,0,0
WBGene00047658.,0,0,0
WBGene00047659.,0,1,1
WBGene00047660.,0,0,0
WBGene00047661.,0,0,0
WBGene00047662.,0,2,2
WBGene00047663.,0,0,0
WBGene00047664.,0,0,0
WBGene00047665.,0,2,2
WBGene00047666.,0,0,0
WBGene00047667.,0,0,0
WBGene00047668.,0,0,0
WBGene00047669.,0,0,0
WBGene00047670.,0,0,0
WBGene00047671.,0,0,0
WBGene00047672.,0,1,1
WBGene00047673.,0,0,0
WBGene00047674.,0,0,0
WBGene00047675.,0,0,0
WBGene00047676.,0,0,0
WBGene00047677.,0,0,0
WBGene00047678.,0,1,1
WBGene00047679.,0,0,0
WBGene00047680.,0,0,0
WBGene00047681.,0,0,0
WBGene00047682.,0,0,0
WBGene00047683.,0,0,0
WBGene00047684.,0,2,2
WBGene00047685.,0,4,4
WBGene00047686.,0,0,0
WBGene00047687.,0,0,0
WBGene00047688.,0,4,4
WBGene00047689.,0,0,0
WBGene00047690.,0,43,43
WBGene00047691.,0,7,7
WBGene00047692.,0,0,0
WBGene00047693.,0,0,0
WBGene00047694.,0,0,0
WBGene00047695.,0,11,11
WBGene00047696.,0,0,0
WBGene00047697.,0,8,8
WBGene00047698.,0,4,4
WBGene00047699.,0,3,3
WBGene00047700.,0,0,0
WBGene00047701.,0,0,0
WBGene00047702.,0,0,0
WBGene00047703.,0,1,1
WBGene00047704.,0,0,0
WBGene00047705.,0,0,0
WBGene00047706.,0,0,0
WBGene00047707.,0,0,0
WBGene00047708.,0,0,0
WBGene00047709.,0,0,0
WBGene00047710.,0,0,0
WBGene00047711.,0,0,0
WBGene00047712.,0,0,0
WBGene00047713.,0,0,0
WBGene00047714.,0,0,0
WBGene00047715.,0,0,0
WBGene00047716.,0,0,0
WBGene00047717.,0,0,0
WBGene00047718.,0,0,0
WBGene00047719.,0,0,0
WBGene00047720.,0,0,0
WBGene00047721.,0,0,0
WBGene00047722.,0,0,0
WBGene00047723.,0,1,1
WBGene00047724.,0,0,0
WBGene00047725.,0,0,0
WBGene00047726.,0,0,0
WBGene00047727.,0,0,0
WBGene00047728.,0,0,0
WBGene00047729.,0,0,0
WBGene00047730.,0,0,0
WBGene00047731.,0,0,0
WBGene00047732.,0,0,0
WBGene00047733.,0,2,2
WBGene00047734.,0,0,0
WBGene00047735.,0,2,2
WBGene00047736.,0,0,0
WBGene00047737.,0,0,0
WBGene00047738.,0,0,0
WBGene00047739.,0,6,6
WBGene00047740.,0,0,0
WBGene00047741.,0,0,0
WBGene00047742.,0,1,1
WBGene00047743.,0,0,0
WBGene00047744.,0,0,0
WBGene00047745.,0,0,0
WBGene00047746.,0,4,4
WBGene00047747.,0,1,1
WBGene00047748.,0,0,0
WBGene00047749.,0,0,0
WBGene00047750.,0,4,4
WBGene00047751.,0,0,0
WBGene00047752.,0,0,0
WBGene00047753.,0,0,0
WBGene00047754.,0,0,0
WBGene00047755.,0,0,0
WBGene00047756.,0,81,81
WBGene00047757.,0,0,0
WBGene00047758.,0,2,2
WBGene00047759.,0,3,3
WBGene00047760.,0,0,0
WBGene00047761.,0,0,0
WBGene00047762.,0,0,0
WBGene00047763.,0,6,6
WBGene00047764.,0,0,0
WBGene00047765.,0,0,0
WBGene00047766.,0,0,0
WBGene00047767.,0,0,0
WBGene00047768.,0,4,4
WBGene00047769.,0,0,0
WBGene00047770.,0,0,0
WBGene00047771.,0,0,0
WBGene00047772.,0,0,0
WBGene00047773.,0,0,0
WBGene00047774.,0,1,1
WBGene00047775.,0,0,0
WBGene00047776.,0,0,0
WBGene00047777.,0,0,0
WBGene00047778.,0,0,0
WBGene00047779.,0,0,0
WBGene00047780.,0,0,0
WBGene00047781.,0,0,0
WBGene00047782.,0,0,0
WBGene00047783.,0,0,0
WBGene00047784.,0,0,0
WBGene00047785.,0,0,0
WBGene00047786.,0,0,0
WBGene00047787.,0,0,0
WBGene00047788.,0,0,0
WBGene00047789.,0,0,0
WBGene00047790.,0,0,0
WBGene00047791.,0,0,0
WBGene00047792.,0,0,0
WBGene00047793.,0,0,0
WBGene00047794.,0,0,0
WBGene00047795.,0,0,0
WBGene00047796.,0,2,2
WBGene00047797.,0,0,0
WBGene00047798.,0,0,0
WBGene00047799.,0,0,0
WBGene00047800.,0,0,0
WBGene00047801.,0,0,0
WBGene00047802.,0,0,0
WBGene00047803.,0,5,5
WBGene00047804.,0,0,0
WBGene00047805.,0,13,13
WBGene00047806.,0,0,0
WBGene00047807.,0,0,0
WBGene00047808.,0,35,35
WBGene00047809.,0,0,0
WBGene00047810.,0,0,0
WBGene00047811.,0,0,0
WBGene00047812.,0,0,0
WBGene00047813.,0,2,2
WBGene00047814.,0,0,0
WBGene00047815.,0,1,1
WBGene00047816.,0,0,0
WBGene00047817.,0,1,1
WBGene00047818.,0,0,0
WBGene00047819.,0,1,1
WBGene00047820.,0,2,2
WBGene00047821.,0,0,0
WBGene00047822.,0,1,1
WBGene00047823.,0,1,1
WBGene00047824.,0,0,0
WBGene00047825.,0,0,0
WBGene00047826.,0,0,0
WBGene00047827.,0,0,0
WBGene00047828.,0,0,0
WBGene00047829.,0,0,0
WBGene00047830.,0,0,0
WBGene00047831.,0,0,0
WBGene00047832.,0,0,0
WBGene00047833.,0,0,0
WBGene00047834.,0,0,0
WBGene00047835.,0,0,0
WBGene00047836.,0,0,0
WBGene00047837.,0,0,0
WBGene00047838.,0,0,0
WBGene00047839.,0,0,0
WBGene00047840.,0,0,0
WBGene00047841.,0,0,0
WBGene00047842.,0,0,0
WBGene00047843.,0,7,7
WBGene00047844.,0,0,0
WBGene00047845.,0,0,0
WBGene00047846.,0,5,5
WBGene00047847.,0,0,0
WBGene00047848.,0,1,1
WBGene00047849.,0,0,0
WBGene00047850.,0,0,0
WBGene00047851.,0,0,0
WBGene00047852.,0,1,1
WBGene00047853.,0,1,1
WBGene00047854.,0,0,0
WBGene00047855.,0,0,0
WBGene00047856.,0,0,0
WBGene00047857.,0,1,1
WBGene00047858.,0,2,2
WBGene00047859.,0,0,0
WBGene00047860.,0,0,0
WBGene00047861.,0,0,0
WBGene00047862.,0,0,0
WBGene00047863.,0,0,0
WBGene00047864.,0,0,0
WBGene00047865.,0,0,0
WBGene00047866.,0,0,0
WBGene00047867.,0,0,0
WBGene00047868.,0,0,0
WBGene00047869.,0,0,0
WBGene00047870.,0,0,0
WBGene00047871.,0,0,0
WBGene00047872.,0,1,1
WBGene00047873.,0,0,0
WBGene00047874.,0,0,0
WBGene00047875.,0,0,0
WBGene00047876.,0,0,0
WBGene00047877.,0,0,0
WBGene00047878.,0,0,0
WBGene00047879.,0,0,0
WBGene00047880.,0,0,0
WBGene00047881.,0,0,0
WBGene00047882.,0,1,1
WBGene00047883.,0,0,0
WBGene00047884.,0,0,0
WBGene00047885.,0,0,0
WBGene00047886.,0,0,0
WBGene00047887.,0,0,0
WBGene00047888.,0,0,0
WBGene00047889.,0,0,0
WBGene00047890.,0,0,0
WBGene00047891.,0,0,0
WBGene00047892.,0,1,1
WBGene00047893.,0,0,0
WBGene00047894.,0,1,1
WBGene00047895.,0,0,0
WBGene00047896.,0,0,0
WBGene00047897.,0,0,0
WBGene00047898.,0,0,0
WBGene00047899.,0,0,0
WBGene00047900.,0,0,0
WBGene00047901.,0,0,0
WBGene00047902.,0,0,0
WBGene00047903.,0,0,0
WBGene00047905.,0,0,0
WBGene00047906.,0,0,0
WBGene00047907.,0,1,1
WBGene00047908.,0,0,0
WBGene00047909.,0,0,0
WBGene00047910.,0,0,0
WBGene00047911.,0,0,0
WBGene00047912.,0,0,0
WBGene00047913.,0,0,0
WBGene00047914.,0,0,0
WBGene00047915.,0,0,0
WBGene00047916.,0,11,11
WBGene00047917.,0,0,0
WBGene00047918.,0,0,0
WBGene00047919.,0,0,0
WBGene00047920.,0,1,1
WBGene00047921.,0,0,0
WBGene00047922.,0,0,0
WBGene00047923.,0,0,0
WBGene00047924.,0,0,0
WBGene00047925.,0,0,0
WBGene00047926.,0,0,0
WBGene00047927.,0,0,0
WBGene00047928.,0,0,0
WBGene00047929.,0,0,0
WBGene00047930.,0,0,0
WBGene00047931.,0,0,0
WBGene00047932.,0,0,0
WBGene00047933.,0,0,0
WBGene00047934.,0,0,0
WBGene00047935.,0,0,0
WBGene00047936.,0,0,0
WBGene00047937.,0,0,0
WBGene00047938.,0,3,3
WBGene00047939.,0,0,0
WBGene00047940.,0,0,0
WBGene00047941.,0,1,1
WBGene00047942.,0,0,0
WBGene00047943.,0,0,0
WBGene00047944.,0,0,0
WBGene00047945.,0,0,0
WBGene00047946.,0,2,2
WBGene00047947.,0,0,0
WBGene00047948.,0,0,0
WBGene00047949.,0,0,0
WBGene00047950.,0,0,0
WBGene00047951.,0,0,0
WBGene00047952.,0,1,1
WBGene00047953.,0,1,1
WBGene00047954.,0,3,3
WBGene00047955.,0,0,0
WBGene00047956.,0,2,2
WBGene00047957.,0,0,0
WBGene00047958.,0,0,0
WBGene00047959.,0,0,0
WBGene00047960.,0,0,0
WBGene00047961.,0,0,0
WBGene00047962.,0,0,0
WBGene00047963.,0,0,0
WBGene00047964.,0,1,1
WBGene00047965.,0,0,0
WBGene00047966.,0,0,0
WBGene00047967.,0,2,2
WBGene00047968.,0,0,0
WBGene00047969.,0,0,0
WBGene00047970.,0,0,0
WBGene00047971.,0,0,0
WBGene00047972.,0,0,0
WBGene00047973.,0,0,0
WBGene00047974.,0,0,0
WBGene00047975.,0,5,5
WBGene00047976.,0,0,0
WBGene00047977.,0,0,0
WBGene00047978.,0,0,0
WBGene00047979.,0,0,0
WBGene00047980.,0,0,0
WBGene00047981.,0,0,0
WBGene00047982.,0,0,0
WBGene00047983.,0,0,0
WBGene00047984.,0,0,0
WBGene00047985.,0,0,0
WBGene00047986.,0,0,0
WBGene00047987.,0,0,0
WBGene00047988.,0,2,2
WBGene00047989.,0,0,0
WBGene00047990.,0,1,1
WBGene00047991.,0,0,0
WBGene00047992.,0,0,0
WBGene00047993.,0,0,0
WBGene00047994.,0,1,1
WBGene00047995.,0,2,2
WBGene00047996.,0,0,0
WBGene00047997.,0,0,0
WBGene00047998.,0,0,0
WBGene00047999.,0,0,0
WBGene00048000.,0,0,0
WBGene00048001.,0,0,0
WBGene00048002.,0,0,0
WBGene00048003.,0,0,0
WBGene00048004.,0,0,0
WBGene00048005.,0,0,0
WBGene00048006.,0,0,0
WBGene00048007.,0,1,1
WBGene00048008.,0,0,0
WBGene00048009.,0,0,0
WBGene00048010.,0,0,0
WBGene00048011.,0,0,0
WBGene00048012.,0,0,0
WBGene00048013.,0,0,0
WBGene00048014.,0,0,0
WBGene00048015.,0,0,0
WBGene00048016.,0,7,7
WBGene00048017.,0,0,0
WBGene00048018.,0,0,0
WBGene00048019.,0,0,0
WBGene00048020.,0,0,0
WBGene00048021.,0,0,0
WBGene00048022.,0,0,0
WBGene00048023.,0,0,0
WBGene00048024.,0,0,0
WBGene00048025.,0,0,0
WBGene00048026.,0,0,0
WBGene00048027.,0,0,0
WBGene00048028.,0,0,0
WBGene00048029.,0,0,0
WBGene00048030.,0,0,0
WBGene00048031.,0,0,0
WBGene00048032.,0,1,1
WBGene00048033.,0,0,0
WBGene00048034.,0,0,0
WBGene00048035.,0,0,0
WBGene00048036.,0,0,0
WBGene00048037.,0,0,0
WBGene00048038.,0,0,0
WBGene00048039.,0,1,1
WBGene00048040.,0,0,0
WBGene00048041.,0,0,0
WBGene00048042.,0,0,0
WBGene00048043.,0,0,0
WBGene00048044.,0,3,3
WBGene00048045.,0,0,0
WBGene00048046.,0,0,0
WBGene00048047.,0,0,0
WBGene00048048.,0,0,0
WBGene00048049.,0,0,0
WBGene00048050.,0,3,3
WBGene00048051.,0,0,0
WBGene00048052.,0,0,0
WBGene00048053.,0,0,0
WBGene00048054.,0,0,0
WBGene00048055.,0,0,0
WBGene00048056.,0,0,0
WBGene00048057.,0,0,0
WBGene00048058.,0,0,0
WBGene00048059.,0,0,0
WBGene00048060.,0,0,0
WBGene00048061.,0,0,0
WBGene00048062.,0,0,0
WBGene00048063.,0,3,3
WBGene00048064.,0,0,0
WBGene00048065.,0,0,0
WBGene00048066.,0,0,0
WBGene00048067.,0,0,0
WBGene00048068.,0,1,1
WBGene00048069.,0,2,2
WBGene00048070.,0,0,0
WBGene00048071.,0,0,0
WBGene00048072.,0,0,0
WBGene00048073.,0,0,0
WBGene00048074.,0,0,0
WBGene00048075.,0,2,2
WBGene00048076.,0,0,0
WBGene00048077.,0,0,0
WBGene00048078.,0,0,0
WBGene00048079.,0,0,0
WBGene00048080.,0,0,0
WBGene00048081.,0,0,0
WBGene00048082.,0,0,0
WBGene00048083.,0,0,0
WBGene00048084.,0,0,0
WBGene00048085.,0,0,0
WBGene00048086.,0,0,0
WBGene00048087.,0,0,0
WBGene00048088.,0,0,0
WBGene00048089.,0,0,0
WBGene00048090.,0,0,0
WBGene00048091.,0,0,0
WBGene00048092.,0,5,5
WBGene00048093.,0,0,0
WBGene00048094.,0,0,0
WBGene00048095.,0,0,0
WBGene00048096.,0,0,0
WBGene00048097.,0,0,0
WBGene00048098.,0,3,3
WBGene00048099.,0,0,0
WBGene00048100.,0,0,0
WBGene00048101.,0,0,0
WBGene00048102.,0,0,0
WBGene00048103.,0,0,0
WBGene00048104.,0,0,0
WBGene00048105.,0,2,2
WBGene00048106.,0,0,0
WBGene00048107.,0,0,0
WBGene00048108.,0,0,0
WBGene00048109.,0,0,0
WBGene00048110.,0,2,2
WBGene00048111.,0,0,0
WBGene00048112.,0,0,0
WBGene00048113.,0,0,0
WBGene00048114.,0,0,0
WBGene00048115.,0,0,0
WBGene00048116.,0,0,0
WBGene00048117.,0,0,0
WBGene00048118.,0,4,4
WBGene00048119.,0,0,0
WBGene00048120.,0,0,0
WBGene00048121.,0,0,0
WBGene00048122.,0,0,0
WBGene00048123.,0,0,0
WBGene00048124.,0,0,0
WBGene00048125.,0,0,0
WBGene00048126.,0,0,0
WBGene00048127.,0,0,0
WBGene00048128.,0,3,3
WBGene00048129.,0,0,0
WBGene00048130.,0,0,0
WBGene00048131.,0,0,0
WBGene00048132.,0,0,0
WBGene00048133.,0,0,0
WBGene00048134.,0,0,0
WBGene00048135.,0,0,0
WBGene00048136.,0,0,0
WBGene00048137.,0,0,0
WBGene00048138.,0,0,0
WBGene00048139.,0,2,2
WBGene00048140.,0,0,0
WBGene00048141.,0,1,1
WBGene00048142.,0,0,0
WBGene00048143.,0,0,0
WBGene00048144.,0,0,0
WBGene00048145.,0,0,0
WBGene00048146.,0,0,0
WBGene00048147.,0,19,19
WBGene00048148.,0,0,0
WBGene00048149.,0,0,0
WBGene00048150.,0,0,0
WBGene00048151.,0,0,0
WBGene00048152.,0,0,0
WBGene00048153.,0,0,0
WBGene00048154.,0,1,1
WBGene00048155.,0,1,1
WBGene00048156.,0,0,0
WBGene00048157.,0,0,0
WBGene00048158.,0,0,0
WBGene00048159.,0,0,0
WBGene00048160.,0,0,0
WBGene00048161.,0,0,0
WBGene00048162.,0,2,2
WBGene00048163.,0,0,0
WBGene00048164.,0,0,0
WBGene00048165.,0,0,0
WBGene00048166.,0,0,0
WBGene00048167.,0,0,0
WBGene00048168.,0,0,0
WBGene00048169.,0,13,13
WBGene00048170.,0,0,0
WBGene00048171.,0,0,0
WBGene00048172.,0,0,0
WBGene00048173.,0,0,0
WBGene00048174.,0,0,0
WBGene00048175.,0,0,0
WBGene00048176.,0,0,0
WBGene00048177.,0,0,0
WBGene00048178.,0,0,0
WBGene00048179.,0,0,0
WBGene00048180.,0,0,0
WBGene00048181.,0,0,0
WBGene00048182.,0,0,0
WBGene00048183.,0,0,0
WBGene00048184.,0,0,0
WBGene00048185.,0,0,0
WBGene00048186.,0,0,0
WBGene00048187.,0,0,0
WBGene00048188.,0,0,0
WBGene00048189.,0,0,0
WBGene00048190.,0,2,2
WBGene00048191.,0,0,0
WBGene00048192.,0,0,0
WBGene00048193.,0,0,0
WBGene00048194.,0,0,0
WBGene00048195.,0,4,4
WBGene00048196.,0,1,1
WBGene00048197.,0,0,0
WBGene00048198.,0,0,0
WBGene00048199.,0,0,0
WBGene00048200.,0,0,0
WBGene00048201.,0,0,0
WBGene00048202.,0,1,1
WBGene00048203.,0,0,0
WBGene00048204.,0,0,0
WBGene00048205.,0,0,0
WBGene00048206.,0,0,0
WBGene00048207.,0,0,0
WBGene00048208.,0,0,0
WBGene00048209.,0,1,1
WBGene00048210.,0,1,1
WBGene00048211.,0,0,0
WBGene00048212.,0,0,0
WBGene00048213.,0,0,0
WBGene00048214.,0,0,0
WBGene00048215.,0,0,0
WBGene00048216.,0,2,2
WBGene00048217.,0,0,0
WBGene00048218.,0,1,1
WBGene00048219.,0,0,0
WBGene00048220.,0,0,0
WBGene00048221.,0,9,9
WBGene00048222.,0,0,0
WBGene00048223.,0,0,0
WBGene00048224.,0,4,4
WBGene00048225.,0,0,0
WBGene00048226.,0,0,0
WBGene00048227.,0,0,0
WBGene00048228.,0,1,1
WBGene00048229.,0,0,0
WBGene00048230.,0,0,0
WBGene00048231.,0,0,0
WBGene00048232.,0,0,0
WBGene00048233.,0,0,0
WBGene00048234.,0,0,0
WBGene00048235.,0,0,0
WBGene00048236.,0,0,0
WBGene00048237.,0,0,0
WBGene00048238.,0,0,0
WBGene00048239.,0,0,0
WBGene00048240.,0,0,0
WBGene00048241.,0,0,0
WBGene00048242.,0,0,0
WBGene00048243.,0,0,0
WBGene00048244.,0,0,0
WBGene00048245.,0,0,0
WBGene00048246.,0,1,1
WBGene00048247.,0,0,0
WBGene00048248.,0,4,4
WBGene00048249.,0,0,0
WBGene00048250.,0,0,0
WBGene00048251.,0,0,0
WBGene00048252.,0,0,0
WBGene00048253.,0,3,3
WBGene00048254.,0,0,0
WBGene00048255.,0,0,0
WBGene00048256.,0,0,0
WBGene00048257.,0,1,1
WBGene00048258.,0,0,0
WBGene00048259.,0,0,0
WBGene00048260.,0,0,0
WBGene00048261.,0,0,0
WBGene00048262.,0,0,0
WBGene00048263.,0,0,0
WBGene00048264.,0,0,0
WBGene00048265.,0,0,0
WBGene00048266.,0,1,1
WBGene00048267.,0,0,0
WBGene00048268.,0,3,3
WBGene00048269.,0,0,0
WBGene00048270.,0,0,0
WBGene00048271.,0,0,0
WBGene00048272.,0,0,0
WBGene00048273.,0,0,0
WBGene00048274.,0,0,0
WBGene00048275.,0,0,0
WBGene00048276.,0,0,0
WBGene00048277.,0,0,0
WBGene00048278.,0,0,0
WBGene00048279.,0,0,0
WBGene00048280.,0,0,0
WBGene00048281.,0,2,2
WBGene00048282.,0,0,0
WBGene00048283.,0,0,0
WBGene00048284.,0,0,0
WBGene00048285.,0,0,0
WBGene00048286.,0,0,0
WBGene00048287.,0,0,0
WBGene00048288.,0,7,7
WBGene00048289.,0,0,0
WBGene00048290.,0,0,0
WBGene00048291.,0,0,0
WBGene00048292.,0,0,0
WBGene00048293.,0,2,2
WBGene00048294.,0,7,7
WBGene00048295.,0,2,2
WBGene00048296.,0,0,0
WBGene00048297.,0,0,0
WBGene00048298.,0,0,0
WBGene00048299.,0,2,2
WBGene00048300.,0,0,0
WBGene00048301.,0,0,0
WBGene00048302.,0,0,0
WBGene00048303.,0,0,0
WBGene00048304.,0,1,1
WBGene00048305.,0,0,0
WBGene00048306.,0,0,0
WBGene00048307.,0,0,0
WBGene00048308.,0,0,0
WBGene00048309.,0,0,0
WBGene00048310.,0,0,0
WBGene00048311.,0,0,0
WBGene00048312.,0,1,1
WBGene00048313.,0,0,0
WBGene00048314.,0,0,0
WBGene00048315.,0,0,0
WBGene00048316.,0,0,0
WBGene00048317.,0,1,1
WBGene00048318.,0,0,0
WBGene00048319.,0,0,0
WBGene00048320.,0,0,0
WBGene00048321.,0,0,0
WBGene00048322.,0,0,0
WBGene00048323.,0,0,0
WBGene00048324.,0,1,1
WBGene00048325.,0,0,0
WBGene00048326.,0,0,0
WBGene00048327.,0,1,1
WBGene00048328.,0,4,4
WBGene00048329.,0,0,0
WBGene00048330.,0,0,0
WBGene00048331.,0,0,0
WBGene00048332.,0,0,0
WBGene00048333.,0,0,0
WBGene00048334.,0,4,4
WBGene00048335.,0,0,0
WBGene00048336.,0,0,0
WBGene00048337.,0,0,0
WBGene00048338.,0,1,1
WBGene00048339.,0,0,0
WBGene00048340.,0,1,1
WBGene00048341.,0,1,1
WBGene00048342.,0,0,0
WBGene00048343.,0,0,0
WBGene00048344.,0,0,0
WBGene00048345.,0,3,3
WBGene00048346.,0,0,0
WBGene00048347.,0,0,0
WBGene00048348.,0,1,1
WBGene00048349.,0,0,0
WBGene00048350.,0,0,0
WBGene00048351.,0,0,0
WBGene00048352.,0,0,0
WBGene00048353.,0,0,0
WBGene00048354.,0,0,0
WBGene00048355.,0,1,1
WBGene00048356.,0,0,0
WBGene00048357.,0,0,0
WBGene00048358.,0,0,0
WBGene00048359.,0,0,0
WBGene00048360.,0,0,0
WBGene00048361.,0,0,0
WBGene00048362.,0,0,0
WBGene00048363.,0,1,1
WBGene00048364.,0,0,0
WBGene00048365.,0,0,0
WBGene00048366.,0,0,0
WBGene00048367.,0,0,0
WBGene00048368.,0,0,0
WBGene00048369.,0,0,0
WBGene00048370.,0,0,0
WBGene00048371.,0,0,0
WBGene00048372.,0,0,0
WBGene00048373.,0,0,0
WBGene00048374.,0,8,8
WBGene00048375.,0,28,28
WBGene00048376.,0,0,0
WBGene00048377.,0,0,0
WBGene00048378.,0,0,0
WBGene00048379.,0,0,0
WBGene00048380.,0,0,0
WBGene00048381.,0,0,0
WBGene00048382.,0,1,1
WBGene00048383.,0,0,0
WBGene00048384.,0,0,0
WBGene00048385.,0,4,4
WBGene00048386.,0,2,2
WBGene00048387.,0,0,0
WBGene00048388.,0,0,0
WBGene00048389.,0,0,0
WBGene00048390.,0,0,0
WBGene00048391.,0,0,0
WBGene00048392.,0,0,0
WBGene00048393.,0,0,0
WBGene00048394.,0,0,0
WBGene00048395.,0,0,0
WBGene00048396.,0,0,0
WBGene00048397.,0,0,0
WBGene00048398.,0,0,0
WBGene00048399.,0,0,0
WBGene00048400.,0,0,0
WBGene00048401.,0,0,0
WBGene00048402.,0,0,0
WBGene00048403.,0,0,0
WBGene00048404.,0,0,0
WBGene00048405.,0,2,2
WBGene00048406.,0,1,1
WBGene00048407.,0,0,0
WBGene00048408.,0,0,0
WBGene00048409.,0,0,0
WBGene00048410.,0,0,0
WBGene00048411.,0,0,0
WBGene00048412.,0,0,0
WBGene00048413.,0,0,0
WBGene00048414.,0,1,1
WBGene00048415.,0,0,0
WBGene00048416.,0,0,0
WBGene00048417.,0,0,0
WBGene00048418.,0,2,2
WBGene00048419.,0,0,0
WBGene00048420.,0,0,0
WBGene00048421.,0,0,0
WBGene00048422.,0,0,0
WBGene00048423.,0,0,0
WBGene00048424.,0,0,0
WBGene00048425.,0,0,0
WBGene00048426.,0,2,2
WBGene00048427.,0,0,0
WBGene00048428.,0,0,0
WBGene00048429.,0,0,0
WBGene00048430.,0,0,0
WBGene00048431.,0,0,0
WBGene00048432.,0,0,0
WBGene00048433.,0,0,0
WBGene00048434.,0,0,0
WBGene00048435.,0,0,0
WBGene00048436.,0,1,1
WBGene00048437.,0,0,0
WBGene00048438.,0,0,0
WBGene00048439.,0,0,0
WBGene00048440.,0,1,1
WBGene00048441.,0,0,0
WBGene00048442.,0,0,0
WBGene00048443.,0,0,0
WBGene00048444.,0,0,0
WBGene00048445.,0,0,0
WBGene00048446.,0,0,0
WBGene00048447.,0,2,2
WBGene00048448.,0,0,0
WBGene00048449.,0,2,2
WBGene00048450.,0,0,0
WBGene00048451.,0,0,0
WBGene00048452.,0,0,0
WBGene00048453.,0,1,1
WBGene00048454.,0,0,0
WBGene00048455.,0,0,0
WBGene00048456.,0,0,0
WBGene00048457.,0,0,0
WBGene00048458.,0,0,0
WBGene00048459.,0,0,0
WBGene00048460.,0,0,0
WBGene00048461.,0,2,2
WBGene00048462.,0,0,0
WBGene00048463.,0,4,4
WBGene00048464.,0,0,0
WBGene00048465.,0,0,0
WBGene00048466.,0,0,0
WBGene00048467.,0,0,0
WBGene00048468.,0,0,0
WBGene00048469.,0,0,0
WBGene00048470.,0,2,2
WBGene00048471.,0,0,0
WBGene00048472.,0,0,0
WBGene00048473.,0,0,0
WBGene00048474.,0,0,0
WBGene00048475.,0,0,0
WBGene00048476.,0,0,0
WBGene00048477.,0,0,0
WBGene00048478.,0,0,0
WBGene00048479.,0,1,1
WBGene00048480.,0,0,0
WBGene00048481.,0,1,1
WBGene00048482.,0,0,0
WBGene00048483.,0,0,0
WBGene00048484.,0,0,0
WBGene00048485.,0,0,0
WBGene00048486.,0,1,1
WBGene00048487.,0,0,0
WBGene00048488.,0,0,0
WBGene00048489.,0,2,2
WBGene00048490.,0,0,0
WBGene00048491.,0,0,0
WBGene00048492.,0,0,0
WBGene00048493.,0,0,0
WBGene00048494.,0,1,1
WBGene00048495.,0,1,1
WBGene00048496.,0,0,0
WBGene00048497.,0,0,0
WBGene00048498.,0,0,0
WBGene00048499.,0,0,0
WBGene00048500.,0,0,0
WBGene00048501.,0,0,0
WBGene00048502.,0,0,0
WBGene00048503.,0,0,0
WBGene00048504.,0,0,0
WBGene00048505.,0,0,0
WBGene00048506.,0,0,0
WBGene00048507.,0,0,0
WBGene00048508.,0,0,0
WBGene00048509.,0,1,1
WBGene00048510.,0,0,0
WBGene00048511.,0,1,1
WBGene00048512.,0,0,0
WBGene00048513.,0,0,0
WBGene00048514.,0,0,0
WBGene00048515.,0,0,0
WBGene00048516.,0,0,0
WBGene00048517.,0,0,0
WBGene00048518.,0,7,7
WBGene00048519.,0,0,0
WBGene00048520.,0,0,0
WBGene00048521.,0,0,0
WBGene00048522.,0,0,0
WBGene00048523.,0,0,0
WBGene00048524.,0,0,0
WBGene00048525.,0,0,0
WBGene00048526.,0,0,0
WBGene00048527.,0,2,2
WBGene00048528.,0,0,0
WBGene00048529.,0,0,0
WBGene00048530.,0,11,11
WBGene00048531.,0,0,0
WBGene00048532.,0,0,0
WBGene00048533.,0,0,0
WBGene00048534.,0,0,0
WBGene00048535.,0,0,0
WBGene00048536.,0,0,0
WBGene00048537.,0,0,0
WBGene00048538.,0,2,2
WBGene00048539.,0,1,1
WBGene00048540.,0,0,0
WBGene00048541.,0,0,0
WBGene00048542.,0,0,0
WBGene00048543.,0,0,0
WBGene00048544.,0,2,2
WBGene00048545.,0,0,0
WBGene00048546.,0,0,0
WBGene00048547.,0,0,0
WBGene00048548.,0,0,0
WBGene00048549.,0,0,0
WBGene00048550.,0,0,0
WBGene00048551.,0,0,0
WBGene00048552.,0,1,1
WBGene00048553.,0,0,0
WBGene00048554.,0,0,0
WBGene00048555.,0,0,0
WBGene00048556.,0,0,0
WBGene00048557.,0,0,0
WBGene00048558.,0,0,0
WBGene00048559.,0,0,0
WBGene00048560.,0,0,0
WBGene00048561.,0,9,9
WBGene00048562.,0,0,0
WBGene00048563.,0,0,0
WBGene00048564.,0,2,2
WBGene00048565.,0,0,0
WBGene00048566.,0,0,0
WBGene00048567.,0,0,0
WBGene00048568.,0,0,0
WBGene00048569.,0,0,0
WBGene00048570.,0,6,6
WBGene00048571.,0,0,0
WBGene00048572.,0,0,0
WBGene00048573.,0,0,0
WBGene00048574.,0,0,0
WBGene00048575.,0,0,0
WBGene00048576.,0,0,0
WBGene00048577.,0,0,0
WBGene00048578.,0,0,0
WBGene00048579.,0,0,0
WBGene00048580.,0,0,0
WBGene00048581.,0,0,0
WBGene00048582.,0,0,0
WBGene00048583.,0,4,4
WBGene00048584.,0,0,0
WBGene00048585.,0,0,0
WBGene00048586.,0,0,0
WBGene00048587.,0,0,0
WBGene00048588.,0,1,1
WBGene00048589.,0,0,0
WBGene00048590.,0,0,0
WBGene00048591.,0,0,0
WBGene00048592.,0,0,0
WBGene00048593.,0,2,2
WBGene00048594.,0,1,1
WBGene00048595.,0,0,0
WBGene00048596.,0,1,1
WBGene00048597.,0,0,0
WBGene00048598.,0,1,1
WBGene00048599.,0,0,0
WBGene00048600.,0,0,0
WBGene00048601.,0,0,0
WBGene00048602.,0,1,1
WBGene00048603.,0,6,6
WBGene00048604.,0,0,0
WBGene00048605.,0,7,7
WBGene00048606.,0,0,0
WBGene00048607.,0,1,1
WBGene00048608.,0,0,0
WBGene00048609.,0,0,0
WBGene00048610.,0,0,0
WBGene00048611.,0,0,0
WBGene00048612.,0,2,2
WBGene00048613.,0,4,4
WBGene00048614.,0,1,1
WBGene00048615.,0,0,0
WBGene00048616.,0,0,0
WBGene00048617.,0,0,0
WBGene00048618.,0,0,0
WBGene00048619.,0,0,0
WBGene00048620.,0,0,0
WBGene00048621.,0,0,0
WBGene00048622.,0,1,1
WBGene00048623.,0,1,1
WBGene00048624.,0,0,0
WBGene00048625.,0,0,0
WBGene00048626.,0,2,2
WBGene00048627.,0,0,0
WBGene00048628.,0,0,0
WBGene00048629.,0,0,0
WBGene00048630.,0,0,0
WBGene00048631.,0,2,2
WBGene00048632.,0,0,0
WBGene00048633.,0,0,0
WBGene00048634.,0,11,11
WBGene00048635.,0,1,1
WBGene00048636.,0,0,0
WBGene00048637.,0,1,1
WBGene00048638.,0,0,0
WBGene00048639.,0,0,0
WBGene00048640.,0,0,0
WBGene00048641.,0,0,0
WBGene00048642.,0,0,0
WBGene00048643.,0,0,0
WBGene00048644.,0,3,3
WBGene00048645.,0,2,2
WBGene00048646.,0,0,0
WBGene00048647.,0,3,3
WBGene00048648.,0,0,0
WBGene00048649.,0,0,0
WBGene00048650.,0,0,0
WBGene00048651.,0,9,9
WBGene00048652.,0,0,0
WBGene00048653.,0,0,0
WBGene00048654.,0,0,0
WBGene00048655.,0,0,0
WBGene00048656.,0,2,2
WBGene00048657.,0,0,0
WBGene00048658.,0,0,0
WBGene00048659.,0,0,0
WBGene00048660.,0,1,1
WBGene00048661.,0,0,0
WBGene00048662.,0,0,0
WBGene00048663.,0,0,0
WBGene00048664.,0,0,0
WBGene00048665.,0,0,0
WBGene00048666.,0,1,1
WBGene00048667.,0,0,0
WBGene00048668.,0,1,1
WBGene00048669.,0,0,0
WBGene00048670.,0,1,1
WBGene00048671.,0,0,0
WBGene00048672.,0,0,0
WBGene00048673.,0,0,0
WBGene00048674.,0,0,0
WBGene00048675.,0,0,0
WBGene00048676.,0,0,0
WBGene00048677.,0,0,0
WBGene00048678.,0,0,0
WBGene00048679.,0,1,1
WBGene00048680.,0,0,0
WBGene00048681.,0,0,0
WBGene00048682.,0,0,0
WBGene00048683.,0,0,0
WBGene00048684.,0,1,1
WBGene00048685.,0,0,0
WBGene00048686.,0,0,0
WBGene00048687.,0,0,0
WBGene00048688.,0,0,0
WBGene00048689.,0,2,2
WBGene00048690.,0,1,1
WBGene00048691.,0,0,0
WBGene00048692.,0,0,0
WBGene00048693.,0,0,0
WBGene00048694.,0,2,2
WBGene00048695.,0,0,0
WBGene00048696.,0,0,0
WBGene00048697.,0,0,0
WBGene00048698.,0,0,0
WBGene00048699.,0,0,0
WBGene00048700.,0,0,0
WBGene00048701.,0,0,0
WBGene00048702.,0,0,0
WBGene00048703.,0,0,0
WBGene00048704.,0,0,0
WBGene00048705.,0,0,0
WBGene00048706.,0,0,0
WBGene00048707.,0,0,0
WBGene00048708.,0,0,0
WBGene00048709.,0,2,2
WBGene00048710.,0,0,0
WBGene00048711.,0,0,0
WBGene00048712.,0,0,0
WBGene00048713.,0,0,0
WBGene00048714.,0,0,0
WBGene00048715.,0,0,0
WBGene00048716.,0,0,0
WBGene00048717.,0,0,0
WBGene00048718.,0,0,0
WBGene00048719.,0,5,5
WBGene00048720.,0,4,4
WBGene00048721.,0,0,0
WBGene00048722.,0,3,3
WBGene00048723.,0,0,0
WBGene00048724.,0,0,0
WBGene00048725.,0,4,4
WBGene00048726.,0,0,0
WBGene00048727.,0,11,11
WBGene00048728.,0,0,0
WBGene00048729.,0,0,0
WBGene00048730.,0,0,0
WBGene00048731.,0,0,0
WBGene00048732.,0,0,0
WBGene00048733.,0,0,0
WBGene00048734.,0,0,0
WBGene00048735.,0,0,0
WBGene00048736.,0,0,0
WBGene00048737.,0,0,0
WBGene00048738.,0,0,0
WBGene00048739.,0,1,1
WBGene00048740.,0,1,1
WBGene00048741.,0,0,0
WBGene00048742.,0,0,0
WBGene00048743.,0,1,1
WBGene00048744.,0,0,0
WBGene00048745.,0,0,0
WBGene00048746.,0,0,0
WBGene00048747.,0,0,0
WBGene00048748.,0,3,3
WBGene00048749.,0,0,0
WBGene00048750.,0,0,0
WBGene00048751.,0,0,0
WBGene00048752.,0,0,0
WBGene00048753.,0,0,0
WBGene00048754.,0,0,0
WBGene00048755.,0,0,0
WBGene00048756.,0,2,2
WBGene00048757.,0,0,0
WBGene00048758.,0,0,0
WBGene00048759.,0,0,0
WBGene00048760.,0,0,0
WBGene00048761.,0,0,0
WBGene00048762.,0,0,0
WBGene00048763.,0,0,0
WBGene00048764.,0,0,0
WBGene00048765.,0,0,0
WBGene00048766.,0,0,0
WBGene00048767.,0,0,0
WBGene00048768.,0,0,0
WBGene00048769.,0,2,2
WBGene00048770.,0,0,0
WBGene00048771.,0,1,1
WBGene00048772.,0,0,0
WBGene00048773.,0,0,0
WBGene00048774.,0,1,1
WBGene00048775.,0,0,0
WBGene00048776.,0,0,0
WBGene00048777.,0,0,0
WBGene00048778.,0,0,0
WBGene00048779.,0,0,0
WBGene00048780.,0,0,0
WBGene00048781.,0,0,0
WBGene00048782.,0,0,0
WBGene00048783.,0,1,1
WBGene00048784.,0,0,0
WBGene00048785.,0,0,0
WBGene00048786.,0,0,0
WBGene00048787.,0,0,0
WBGene00048788.,0,0,0
WBGene00048789.,0,0,0
WBGene00048790.,0,0,0
WBGene00048791.,0,0,0
WBGene00048792.,0,0,0
WBGene00048793.,0,0,0
WBGene00048794.,0,0,0
WBGene00048795.,0,0,0
WBGene00048796.,0,0,0
WBGene00048797.,0,0,0
WBGene00048798.,0,0,0
WBGene00048799.,0,0,0
WBGene00048800.,0,0,0
WBGene00048801.,0,0,0
WBGene00048802.,0,1,1
WBGene00048803.,0,0,0
WBGene00048804.,0,0,0
WBGene00048805.,0,0,0
WBGene00048806.,0,0,0
WBGene00048807.,0,0,0
WBGene00048808.,0,0,0
WBGene00048809.,0,0,0
WBGene00048810.,0,0,0
WBGene00048811.,0,0,0
WBGene00048812.,0,0,0
WBGene00048813.,0,0,0
WBGene00048814.,0,0,0
WBGene00048815.,0,0,0
WBGene00048816.,0,0,0
WBGene00048817.,0,0,0
WBGene00048819.,0,0,0
WBGene00048820.,0,17,17
WBGene00048821.,0,0,0
WBGene00048822.,0,0,0
WBGene00048823.,0,7,7
WBGene00048824.,0,0,0
WBGene00048825.,0,0,0
WBGene00048826.,0,0,0
WBGene00048827.,0,1,1
WBGene00048828.,0,0,0
WBGene00048829.,0,0,0
WBGene00048830.,0,0,0
WBGene00048831.,0,0,0
WBGene00048832.,0,0,0
WBGene00048833.,0,1,1
WBGene00048834.,0,0,0
WBGene00048835.,0,1,1
WBGene00048836.,0,1,1
WBGene00048837.,0,0,0
WBGene00048838.,0,0,0
WBGene00048839.,0,2,2
WBGene00048840.,0,0,0
WBGene00048841.,0,0,0
WBGene00048842.,0,0,0
WBGene00048843.,0,0,0
WBGene00048844.,0,0,0
WBGene00048845.,0,0,0
WBGene00048846.,0,0,0
WBGene00048847.,0,3,3
WBGene00048848.,0,0,0
WBGene00048849.,0,0,0
WBGene00048850.,0,0,0
WBGene00048851.,0,0,0
WBGene00048852.,0,0,0
WBGene00048853.,0,0,0
WBGene00048854.,0,0,0
WBGene00048855.,0,0,0
WBGene00048856.,0,0,0
WBGene00048857.,0,0,0
WBGene00048858.,0,0,0
WBGene00048859.,0,0,0
WBGene00048860.,0,0,0
WBGene00048861.,0,0,0
WBGene00048862.,0,0,0
WBGene00048863.,0,0,0
WBGene00048864.,0,0,0
WBGene00048865.,0,0,0
WBGene00048866.,0,0,0
WBGene00048867.,0,0,0
WBGene00048868.,0,0,0
WBGene00048869.,0,0,0
WBGene00048870.,0,2,2
WBGene00048871.,0,0,0
WBGene00048872.,0,0,0
WBGene00048873.,0,0,0
WBGene00048874.,0,1,1
WBGene00048875.,0,0,0
WBGene00048876.,0,0,0
WBGene00048877.,0,0,0
WBGene00048878.,0,0,0
WBGene00048879.,0,0,0
WBGene00048880.,0,0,0
WBGene00048881.,0,1,1
WBGene00048882.,0,0,0
WBGene00048883.,0,0,0
WBGene00048884.,0,0,0
WBGene00048885.,0,10,10
WBGene00048886.,0,0,0
WBGene00048887.,0,2,2
WBGene00048888.,0,0,0
WBGene00048889.,0,4,4
WBGene00048890.,0,0,0
WBGene00048891.,0,0,0
WBGene00048892.,0,0,0
WBGene00048893.,0,0,0
WBGene00048894.,0,0,0
WBGene00048895.,0,0,0
WBGene00048896.,0,0,0
WBGene00048897.,0,5,5
WBGene00048898.,0,0,0
WBGene00048899.,0,0,0
WBGene00048900.,0,0,0
WBGene00048901.,0,0,0
WBGene00048902.,0,0,0
WBGene00048903.,0,0,0
WBGene00048904.,0,2,2
WBGene00048905.,0,0,0
WBGene00048906.,0,0,0
WBGene00048907.,0,0,0
WBGene00048908.,0,0,0
WBGene00048909.,0,1,1
WBGene00048910.,0,0,0
WBGene00048911.,0,2,2
WBGene00048912.,0,0,0
WBGene00048913.,0,1,1
WBGene00048914.,0,0,0
WBGene00048915.,0,1,1
WBGene00048916.,0,0,0
WBGene00048917.,0,0,0
WBGene00048918.,0,0,0
WBGene00048919.,0,0,0
WBGene00048920.,0,1,1
WBGene00048921.,0,0,0
WBGene00048922.,0,1,1
WBGene00048923.,0,0,0
WBGene00048924.,0,8,8
WBGene00048925.,0,0,0
WBGene00048926.,0,0,0
WBGene00048927.,0,0,0
WBGene00048928.,0,0,0
WBGene00048929.,0,0,0
WBGene00048930.,0,0,0
WBGene00048931.,0,0,0
WBGene00048932.,0,0,0
WBGene00048933.,0,0,0
WBGene00048934.,0,0,0
WBGene00048935.,0,0,0
WBGene00048936.,0,0,0
WBGene00048937.,0,0,0
WBGene00048938.,0,10,10
WBGene00048939.,0,0,0
WBGene00048940.,0,0,0
WBGene00048941.,0,1,1
WBGene00048942.,0,0,0
WBGene00048943.,0,0,0
WBGene00048944.,0,0,0
WBGene00048945.,0,0,0
WBGene00048946.,0,0,0
WBGene00048947.,0,0,0
WBGene00048948.,0,0,0
WBGene00048949.,0,0,0
WBGene00048950.,0,1,1
WBGene00048951.,0,0,0
WBGene00048952.,0,0,0
WBGene00048953.,0,0,0
WBGene00048954.,0,2,2
WBGene00048955.,0,0,0
WBGene00048956.,0,0,0
WBGene00048957.,0,0,0
WBGene00048958.,0,1,1
WBGene00048959.,0,0,0
WBGene00048960.,0,0,0
WBGene00048961.,0,0,0
WBGene00048962.,0,0,0
WBGene00048963.,0,0,0
WBGene00048964.,0,0,0
WBGene00048965.,0,0,0
WBGene00048966.,0,0,0
WBGene00048967.,0,0,0
WBGene00048968.,0,0,0
WBGene00048969.,0,0,0
WBGene00048970.,0,5,5
WBGene00048971.,0,1,1
WBGene00048972.,0,0,0
WBGene00048973.,0,0,0
WBGene00048974.,0,0,0
WBGene00048975.,0,2,2
WBGene00048976.,0,1,1
WBGene00048977.,0,3,3
WBGene00048978.,0,0,0
WBGene00048979.,0,0,0
WBGene00048980.,0,0,0
WBGene00048981.,0,0,0
WBGene00048982.,0,0,0
WBGene00048983.,0,3,3
WBGene00048984.,0,0,0
WBGene00048985.,0,0,0
WBGene00048986.,0,1,1
WBGene00048987.,0,0,0
WBGene00048988.,0,1,1
WBGene00048989.,0,1,1
WBGene00048990.,0,2,2
WBGene00048991.,0,0,0
WBGene00048992.,0,0,0
WBGene00048993.,0,0,0
WBGene00048994.,0,0,0
WBGene00048995.,0,0,0
WBGene00048996.,0,0,0
WBGene00048997.,0,0,0
WBGene00048998.,0,0,0
WBGene00048999.,0,5,5
WBGene00049000.,0,0,0
WBGene00049001.,0,0,0
WBGene00049002.,0,0,0
WBGene00049003.,0,0,0
WBGene00049004.,0,1,1
WBGene00049005.,0,0,0
WBGene00049006.,0,0,0
WBGene00049007.,0,0,0
WBGene00049008.,0,0,0
WBGene00049009.,0,0,0
WBGene00049010.,0,0,0
WBGene00049011.,0,1,1
WBGene00049012.,0,0,0
WBGene00049013.,0,0,0
WBGene00049014.,0,0,0
WBGene00049015.,0,2,2
WBGene00049016.,0,0,0
WBGene00049017.,0,0,0
WBGene00049018.,0,0,0
WBGene00049019.,0,0,0
WBGene00049020.,0,0,0
WBGene00049021.,0,0,0
WBGene00049022.,0,0,0
WBGene00049023.,0,0,0
WBGene00049024.,0,0,0
WBGene00049025.,0,0,0
WBGene00049026.,0,0,0
WBGene00049027.,0,0,0
WBGene00049028.,0,0,0
WBGene00049029.,0,0,0
WBGene00049030.,0,0,0
WBGene00049031.,0,1,1
WBGene00049032.,0,0,0
WBGene00049033.,0,3,3
WBGene00049034.,0,0,0
WBGene00049035.,0,2,2
WBGene00049036.,0,0,0
WBGene00049037.,0,0,0
WBGene00049038.,0,0,0
WBGene00049039.,0,0,0
WBGene00049040.,0,2,2
WBGene00049041.,0,0,0
WBGene00049042.,0,0,0
WBGene00049043.,0,0,0
WBGene00049044.,0,0,0
WBGene00049045.,0,0,0
WBGene00049046.,0,3,3
WBGene00049047.,0,0,0
WBGene00049048.,0,0,0
WBGene00049049.,0,0,0
WBGene00049050.,0,0,0
WBGene00049051.,0,0,0
WBGene00049052.,0,0,0
WBGene00049053.,0,0,0
WBGene00049054.,0,0,0
WBGene00049055.,0,3,3
WBGene00049056.,0,0,0
WBGene00049057.,0,1,1
WBGene00049058.,0,0,0
WBGene00049059.,0,0,0
WBGene00049060.,0,0,0
WBGene00049061.,0,0,0
WBGene00049062.,0,0,0
WBGene00049063.,0,1,1
WBGene00049064.,0,0,0
WBGene00049065.,0,0,0
WBGene00049066.,0,1,1
WBGene00049067.,0,0,0
WBGene00049068.,0,1,1
WBGene00049069.,0,0,0
WBGene00049070.,0,0,0
WBGene00049071.,0,0,0
WBGene00049072.,0,0,0
WBGene00049073.,0,0,0
WBGene00049074.,0,10,10
WBGene00049075.,0,0,0
WBGene00049076.,0,0,0
WBGene00049077.,0,0,0
WBGene00049078.,0,0,0
WBGene00049079.,0,0,0
WBGene00049080.,0,0,0
WBGene00049081.,0,2,2
WBGene00049082.,0,0,0
WBGene00049083.,0,0,0
WBGene00049084.,0,0,0
WBGene00049085.,0,1,1
WBGene00049086.,0,3,3
WBGene00049087.,0,0,0
WBGene00049088.,0,3,3
WBGene00049089.,0,0,0
WBGene00049090.,0,4,4
WBGene00049091.,0,0,0
WBGene00049092.,0,0,0
WBGene00049093.,0,0,0
WBGene00049094.,0,2,2
WBGene00049095.,0,0,0
WBGene00049096.,0,0,0
WBGene00049097.,0,0,0
WBGene00049098.,0,0,0
WBGene00049099.,0,0,0
WBGene00049100.,0,0,0
WBGene00049101.,0,0,0
WBGene00049102.,0,2,2
WBGene00049103.,0,0,0
WBGene00049104.,0,1,1
WBGene00049105.,0,0,0
WBGene00049106.,0,0,0
WBGene00049107.,0,1,1
WBGene00049108.,0,0,0
WBGene00049109.,0,0,0
WBGene00049110.,0,5,5
WBGene00049111.,0,0,0
WBGene00049112.,0,0,0
WBGene00049113.,0,2,2
WBGene00049114.,0,0,0
WBGene00049115.,0,0,0
WBGene00049116.,0,0,0
WBGene00049117.,0,0,0
WBGene00049118.,0,1,1
WBGene00049119.,0,4,4
WBGene00049120.,0,0,0
WBGene00049121.,0,1,1
WBGene00049122.,0,0,0
WBGene00049123.,0,3,3
WBGene00049124.,0,0,0
WBGene00049125.,0,0,0
WBGene00049126.,0,0,0
WBGene00049127.,0,0,0
WBGene00049128.,0,0,0
WBGene00049129.,0,0,0
WBGene00049130.,0,0,0
WBGene00049131.,0,0,0
WBGene00049132.,0,3,3
WBGene00049133.,0,2,2
WBGene00049134.,0,0,0
WBGene00049135.,0,4,4
WBGene00049136.,0,5,5
WBGene00049137.,0,0,0
WBGene00049138.,0,0,0
WBGene00049139.,0,0,0
WBGene00049140.,0,0,0
WBGene00049141.,0,0,0
WBGene00049142.,0,0,0
WBGene00049143.,0,2,2
WBGene00049144.,0,0,0
WBGene00049145.,0,0,0
WBGene00049146.,0,0,0
WBGene00049147.,0,0,0
WBGene00049148.,0,0,0
WBGene00049149.,0,0,0
WBGene00049150.,0,0,0
WBGene00049151.,0,1,1
WBGene00049152.,0,0,0
WBGene00049153.,0,0,0
WBGene00049154.,0,2,2
WBGene00049155.,0,0,0
WBGene00049156.,0,0,0
WBGene00049157.,0,0,0
WBGene00049158.,0,0,0
WBGene00049159.,0,0,0
WBGene00049160.,0,0,0
WBGene00049161.,0,0,0
WBGene00049162.,0,0,0
WBGene00049163.,0,0,0
WBGene00049164.,0,0,0
WBGene00049165.,0,4,4
WBGene00049166.,0,2,2
WBGene00049167.,0,0,0
WBGene00049168.,0,0,0
WBGene00049169.,0,0,0
WBGene00049170.,0,0,0
WBGene00049171.,0,0,0
WBGene00049172.,0,0,0
WBGene00049173.,0,0,0
WBGene00049174.,0,1,1
WBGene00049175.,0,0,0
WBGene00049176.,0,0,0
WBGene00049177.,0,0,0
WBGene00049178.,0,0,0
WBGene00049179.,0,0,0
WBGene00049180.,0,0,0
WBGene00049181.,0,0,0
WBGene00049182.,0,0,0
WBGene00049183.,0,0,0
WBGene00049184.,0,0,0
WBGene00049185.,0,0,0
WBGene00049186.,0,2,2
WBGene00049187.,0,0,0
WBGene00049188.,0,0,0
WBGene00049189.,0,0,0
WBGene00049190.,0,0,0
WBGene00049191.,0,0,0
WBGene00049192.,0,0,0
WBGene00049193.,0,0,0
WBGene00049194.,0,0,0
WBGene00049195.,0,0,0
WBGene00049196.,0,0,0
WBGene00049197.,0,0,0
WBGene00049198.,0,0,0
WBGene00049199.,0,0,0
WBGene00049200.,0,1,1
WBGene00049201.,0,0,0
WBGene00049202.,0,25,25
WBGene00049203.,0,0,0
WBGene00049204.,0,0,0
WBGene00049205.,0,0,0
WBGene00049206.,0,0,0
WBGene00049207.,0,0,0
WBGene00049208.,0,0,0
WBGene00049209.,0,0,0
WBGene00049210.,0,0,0
WBGene00049211.,0,1,1
WBGene00049212.,0,0,0
WBGene00049213.,0,0,0
WBGene00049214.,0,0,0
WBGene00049215.,0,0,0
WBGene00049216.,0,0,0
WBGene00049217.,0,0,0
WBGene00049218.,0,2,2
WBGene00049219.,0,4,4
WBGene00049220.,0,0,0
WBGene00049221.,0,1,1
WBGene00049222.,0,0,0
WBGene00049223.,0,0,0
WBGene00049224.,0,0,0
WBGene00049225.,0,0,0
WBGene00049226.,0,2,2
WBGene00049227.,0,0,0
WBGene00049228.,0,0,0
WBGene00049229.,0,0,0
WBGene00049230.,0,0,0
WBGene00049231.,0,0,0
WBGene00049232.,0,0,0
WBGene00049233.,0,0,0
WBGene00049234.,0,0,0
WBGene00049235.,0,0,0
WBGene00049236.,0,0,0
WBGene00049237.,0,0,0
WBGene00049238.,0,0,0
WBGene00049239.,0,0,0
WBGene00049240.,0,1,1
WBGene00049241.,0,0,0
WBGene00049242.,0,0,0
WBGene00049243.,0,1,1
WBGene00049244.,0,0,0
WBGene00049245.,0,0,0
WBGene00049246.,0,0,0
WBGene00049247.,0,0,0
WBGene00049248.,0,1,1
WBGene00049249.,0,0,0
WBGene00049250.,0,0,0
WBGene00049251.,0,0,0
WBGene00049252.,0,0,0
WBGene00049253.,0,0,0
WBGene00049254.,0,0,0
WBGene00049255.,0,0,0
WBGene00049256.,0,0,0
WBGene00049257.,0,0,0
WBGene00049258.,0,0,0
WBGene00049259.,0,0,0
WBGene00049260.,0,0,0
WBGene00049261.,0,2,2
WBGene00049262.,0,2,2
WBGene00049263.,0,0,0
WBGene00049264.,0,0,0
WBGene00049265.,0,0,0
WBGene00049266.,0,0,0
WBGene00049267.,0,0,0
WBGene00049268.,0,0,0
WBGene00049269.,0,0,0
WBGene00049270.,0,7,7
WBGene00049271.,0,2,2
WBGene00049272.,0,0,0
WBGene00049273.,0,1,1
WBGene00049274.,0,6,6
WBGene00049275.,0,0,0
WBGene00049276.,0,0,0
WBGene00049277.,0,0,0
WBGene00049278.,0,0,0
WBGene00049279.,0,0,0
WBGene00049280.,0,3,3
WBGene00049281.,0,0,0
WBGene00049282.,0,0,0
WBGene00049283.,0,0,0
WBGene00049284.,0,0,0
WBGene00049285.,0,0,0
WBGene00049286.,0,0,0
WBGene00049287.,0,0,0
WBGene00049288.,0,0,0
WBGene00049289.,0,0,0
WBGene00049290.,0,1,1
WBGene00049291.,0,0,0
WBGene00049292.,0,0,0
WBGene00049293.,0,5,5
WBGene00049294.,0,0,0
WBGene00049295.,0,3,3
WBGene00049296.,0,0,0
WBGene00049297.,0,0,0
WBGene00049298.,0,0,0
WBGene00049299.,0,0,0
WBGene00049300.,0,1,1
WBGene00049301.,0,2,2
WBGene00049302.,0,5,5
WBGene00049303.,0,0,0
WBGene00049304.,0,0,0
WBGene00049305.,0,1,1
WBGene00049306.,0,0,0
WBGene00049307.,0,0,0
WBGene00049308.,0,0,0
WBGene00049309.,0,0,0
WBGene00049310.,0,0,0
WBGene00049311.,0,0,0
WBGene00049312.,0,0,0
WBGene00049313.,0,0,0
WBGene00049314.,0,1,1
WBGene00049315.,0,0,0
WBGene00049316.,0,0,0
WBGene00049317.,0,0,0
WBGene00049318.,0,0,0
WBGene00049319.,0,2,2
WBGene00049320.,0,0,0
WBGene00049321.,0,0,0
WBGene00049322.,0,0,0
WBGene00049323.,0,0,0
WBGene00049324.,0,0,0
WBGene00049325.,0,1,1
WBGene00049326.,0,0,0
WBGene00049327.,0,1,1
WBGene00049328.,0,0,0
WBGene00049329.,0,0,0
WBGene00049330.,0,0,0
WBGene00049331.,0,0,0
WBGene00049332.,0,0,0
WBGene00049333.,0,2,2
WBGene00049334.,0,0,0
WBGene00049335.,0,1,1
WBGene00049336.,0,0,0
WBGene00049337.,0,0,0
WBGene00049338.,0,0,0
WBGene00049339.,0,1,1
WBGene00049340.,0,10,10
WBGene00049341.,0,0,0
WBGene00049342.,0,0,0
WBGene00049343.,0,0,0
WBGene00049344.,0,1,1
WBGene00049345.,0,0,0
WBGene00049346.,0,1,1
WBGene00049347.,0,0,0
WBGene00049348.,0,0,0
WBGene00049349.,0,0,0
WBGene00049350.,0,0,0
WBGene00049351.,0,0,0
WBGene00049352.,0,0,0
WBGene00049353.,0,0,0
WBGene00049354.,0,0,0
WBGene00049355.,0,0,0
WBGene00049356.,0,0,0
WBGene00049357.,0,0,0
WBGene00049358.,0,0,0
WBGene00049359.,0,0,0
WBGene00049360.,0,0,0
WBGene00049361.,0,0,0
WBGene00049362.,0,1,1
WBGene00049363.,0,0,0
WBGene00049364.,0,0,0
WBGene00049365.,0,0,0
WBGene00049366.,0,1,1
WBGene00049367.,0,0,0
WBGene00049368.,0,0,0
WBGene00049369.,0,0,0
WBGene00049370.,0,4,4
WBGene00049371.,0,0,0
WBGene00049372.,0,0,0
WBGene00049373.,0,0,0
WBGene00049374.,0,0,0
WBGene00049375.,0,0,0
WBGene00049376.,0,0,0
WBGene00049377.,0,0,0
WBGene00049378.,0,0,0
WBGene00049379.,0,0,0
WBGene00049380.,0,0,0
WBGene00049381.,0,0,0
WBGene00049382.,0,0,0
WBGene00049383.,0,0,0
WBGene00049384.,0,0,0
WBGene00049385.,0,1,1
WBGene00049386.,0,0,0
WBGene00049387.,0,2,2
WBGene00049388.,0,0,0
WBGene00049389.,0,0,0
WBGene00049390.,0,0,0
WBGene00049391.,0,1,1
WBGene00049392.,0,0,0
WBGene00049393.,0,0,0
WBGene00049394.,0,0,0
WBGene00049395.,0,1,1
WBGene00049396.,0,2,2
WBGene00049397.,0,0,0
WBGene00049398.,0,1,1
WBGene00049399.,0,0,0
WBGene00049400.,0,101,101
WBGene00049401.,0,0,0
WBGene00049402.,0,1,1
WBGene00049403.,0,0,0
WBGene00049404.,0,0,0
WBGene00049405.,0,1,1
WBGene00049406.,0,0,0
WBGene00049407.,0,0,0
WBGene00049408.,0,1,1
WBGene00049409.,0,0,0
WBGene00049410.,0,0,0
WBGene00049411.,0,0,0
WBGene00049412.,0,0,0
WBGene00049413.,0,0,0
WBGene00049414.,0,0,0
WBGene00049415.,0,0,0
WBGene00049416.,0,0,0
WBGene00049417.,0,0,0
WBGene00049418.,0,1,1
WBGene00049419.,0,0,0
WBGene00049420.,0,0,0
WBGene00049421.,0,0,0
WBGene00049422.,0,0,0
WBGene00049423.,0,0,0
WBGene00049424.,0,0,0
WBGene00049425.,0,0,0
WBGene00049426.,0,1,1
WBGene00049427.,0,0,0
WBGene00049428.,0,0,0
WBGene00049429.,0,0,0
WBGene00049430.,0,0,0
WBGene00049431.,0,0,0
WBGene00049432.,0,0,0
WBGene00049433.,0,0,0
WBGene00049434.,0,0,0
WBGene00049435.,0,0,0
WBGene00049436.,0,0,0
WBGene00049437.,0,0,0
WBGene00049438.,0,0,0
WBGene00049439.,0,0,0
WBGene00049440.,0,0,0
WBGene00049441.,0,0,0
WBGene00049443.,0,0,0
WBGene00049444.,0,0,0
WBGene00049445.,0,0,0
WBGene00049446.,0,1,1
WBGene00049447.,0,2,2
WBGene00049448.,0,0,0
WBGene00049449.,0,3,3
WBGene00049450.,0,0,0
WBGene00049451.,0,0,0
WBGene00049452.,0,0,0
WBGene00049453.,0,0,0
WBGene00049454.,0,0,0
WBGene00049455.,0,0,0
WBGene00049456.,0,0,0
WBGene00049457.,0,0,0
WBGene00049458.,0,0,0
WBGene00049459.,0,0,0
WBGene00049460.,0,0,0
WBGene00049461.,0,2,2
WBGene00049462.,0,0,0
WBGene00049463.,0,0,0
WBGene00049464.,0,0,0
WBGene00049465.,0,0,0
WBGene00049466.,0,7,7
WBGene00049467.,0,0,0
WBGene00049468.,0,2,2
WBGene00049469.,0,0,0
WBGene00049470.,0,27,27
WBGene00049471.,0,0,0
WBGene00049472.,0,0,0
WBGene00049473.,0,3,3
WBGene00049474.,0,0,0
WBGene00049475.,0,0,0
WBGene00049476.,0,0,0
WBGene00049477.,0,0,0
WBGene00049478.,0,0,0
WBGene00049479.,0,0,0
WBGene00049480.,0,0,0
WBGene00049481.,0,0,0
WBGene00049482.,0,0,0
WBGene00049483.,0,0,0
WBGene00049484.,0,0,0
WBGene00049485.,0,4,4
WBGene00049486.,0,0,0
WBGene00049487.,0,1,1
WBGene00049488.,0,0,0
WBGene00049489.,0,0,0
WBGene00049490.,0,3,3
WBGene00049491.,0,0,0
WBGene00049492.,0,0,0
WBGene00049493.,0,0,0
WBGene00049494.,0,0,0
WBGene00049495.,0,2,2
WBGene00049496.,0,0,0
WBGene00049497.,0,0,0
WBGene00049498.,0,2,2
WBGene00049499.,0,0,0
WBGene00049500.,0,3,3
WBGene00049501.,0,0,0
WBGene00049502.,0,0,0
WBGene00049503.,0,2,2
WBGene00049504.,0,1,1
WBGene00049505.,0,0,0
WBGene00049506.,0,0,0
WBGene00049507.,0,0,0
WBGene00049508.,0,1,1
WBGene00049509.,0,0,0
WBGene00049510.,0,0,0
WBGene00049511.,0,0,0
WBGene00049512.,0,1,1
WBGene00049513.,0,0,0
WBGene00049514.,0,0,0
WBGene00049515.,0,0,0
WBGene00049516.,0,0,0
WBGene00049517.,0,1,1
WBGene00049518.,0,0,0
WBGene00049519.,0,0,0
WBGene00049520.,0,0,0
WBGene00049521.,0,1,1
WBGene00049522.,0,0,0
WBGene00049523.,0,0,0
WBGene00049524.,0,0,0
WBGene00049525.,0,3,3
WBGene00049526.,0,0,0
WBGene00049527.,0,0,0
WBGene00049528.,0,0,0
WBGene00049529.,0,2,2
WBGene00049530.,0,0,0
WBGene00049531.,0,1,1
WBGene00049532.,0,0,0
WBGene00049533.,0,0,0
WBGene00049534.,0,0,0
WBGene00049535.,0,0,0
WBGene00049536.,0,0,0
WBGene00049537.,0,0,0
WBGene00049538.,0,4,4
WBGene00049539.,0,2,2
WBGene00049540.,0,0,0
WBGene00049541.,0,0,0
WBGene00049542.,0,0,0
WBGene00049543.,0,1,1
WBGene00049544.,0,1,1
WBGene00049545.,0,0,0
WBGene00049546.,0,0,0
WBGene00049547.,0,0,0
WBGene00049548.,0,0,0
WBGene00049549.,0,0,0
WBGene00049550.,0,0,0
WBGene00049551.,0,0,0
WBGene00049552.,0,0,0
WBGene00049553.,0,2,2
WBGene00049554.,0,0,0
WBGene00049555.,0,0,0
WBGene00049556.,0,0,0
WBGene00049557.,0,1,1
WBGene00049558.,0,0,0
WBGene00049559.,0,0,0
WBGene00049560.,0,0,0
WBGene00049561.,0,0,0
WBGene00049562.,0,3,3
WBGene00049563.,0,0,0
WBGene00049564.,0,1,1
WBGene00049565.,0,0,0
WBGene00049566.,0,0,0
WBGene00049567.,0,0,0
WBGene00049568.,0,0,0
WBGene00049569.,0,0,0
WBGene00049570.,0,0,0
WBGene00049571.,0,0,0
WBGene00049572.,0,0,0
WBGene00049573.,0,0,0
WBGene00049574.,0,0,0
WBGene00049575.,0,0,0
WBGene00049576.,0,0,0
WBGene00049577.,0,1,1
WBGene00049578.,0,1,1
WBGene00049579.,0,1,1
WBGene00049580.,0,0,0
WBGene00049581.,0,2,2
WBGene00049582.,0,0,0
WBGene00049583.,0,0,0
WBGene00049584.,0,0,0
WBGene00049585.,0,0,0
WBGene00049586.,0,2,2
WBGene00049587.,0,2,2
WBGene00049588.,0,1,1
WBGene00049589.,0,0,0
WBGene00049590.,0,0,0
WBGene00049591.,0,1,1
WBGene00049592.,0,0,0
WBGene00049593.,0,0,0
WBGene00049594.,0,0,0
WBGene00049595.,0,0,0
WBGene00049596.,0,0,0
WBGene00049597.,0,0,0
WBGene00049598.,0,0,0
WBGene00049599.,0,0,0
WBGene00049600.,0,0,0
WBGene00049601.,0,9,9
WBGene00049602.,0,2,2
WBGene00049603.,0,0,0
WBGene00049604.,0,14,14
WBGene00049605.,0,0,0
WBGene00049606.,0,2,2
WBGene00049607.,0,1,1
WBGene00049608.,0,0,0
WBGene00049609.,0,0,0
WBGene00049610.,0,0,0
WBGene00049611.,0,0,0
WBGene00049612.,0,0,0
WBGene00049613.,0,0,0
WBGene00049614.,0,0,0
WBGene00049615.,0,2,2
WBGene00049616.,0,0,0
WBGene00049617.,0,0,0
WBGene00049618.,0,0,0
WBGene00049619.,0,0,0
WBGene00049620.,0,0,0
WBGene00049621.,0,0,0
WBGene00049622.,0,0,0
WBGene00049623.,0,0,0
WBGene00049624.,0,0,0
WBGene00049625.,0,0,0
WBGene00049626.,0,0,0
WBGene00049627.,0,0,0
WBGene00049628.,0,0,0
WBGene00049629.,0,0,0
WBGene00049630.,0,6,6
WBGene00049631.,0,0,0
WBGene00049632.,0,0,0
WBGene00049633.,0,0,0
WBGene00049634.,0,0,0
WBGene00049635.,0,6,6
WBGene00049636.,0,0,0
WBGene00049637.,0,0,0
WBGene00049638.,0,0,0
WBGene00049639.,0,0,0
WBGene00049640.,0,0,0
WBGene00049641.,0,1,1
WBGene00049642.,0,0,0
WBGene00049643.,0,0,0
WBGene00049644.,0,0,0
WBGene00049645.,0,0,0
WBGene00049646.,0,0,0
WBGene00049647.,0,0,0
WBGene00049648.,0,0,0
WBGene00049649.,0,1,1
WBGene00049650.,0,0,0
WBGene00049651.,0,0,0
WBGene00049652.,0,0,0
WBGene00049653.,0,0,0
WBGene00049654.,0,0,0
WBGene00049655.,0,0,0
WBGene00049656.,0,1,1
WBGene00049657.,0,0,0
WBGene00049658.,0,0,0
WBGene00049659.,0,0,0
WBGene00049660.,0,0,0
WBGene00049661.,0,1,1
WBGene00049662.,0,0,0
WBGene00049663.,0,0,0
WBGene00049664.,0,0,0
WBGene00049665.,0,0,0
WBGene00049666.,0,0,0
WBGene00049667.,0,6,6
WBGene00049668.,0,0,0
WBGene00049669.,0,0,0
WBGene00049670.,0,0,0
WBGene00049671.,0,1,1
WBGene00049672.,0,0,0
WBGene00049673.,0,0,0
WBGene00049674.,0,0,0
WBGene00049675.,0,0,0
WBGene00049676.,0,1,1
WBGene00049677.,0,0,0
WBGene00049678.,0,1,1
WBGene00049679.,0,0,0
WBGene00049680.,0,43,43
WBGene00049681.,0,1,1
WBGene00049682.,0,0,0
WBGene00049683.,0,0,0
WBGene00049684.,0,0,0
WBGene00049685.,0,0,0
WBGene00049686.,0,0,0
WBGene00049687.,0,0,0
WBGene00049688.,0,0,0
WBGene00049689.,0,0,0
WBGene00049690.,0,0,0
WBGene00049691.,0,0,0
WBGene00049692.,0,0,0
WBGene00049693.,0,0,0
WBGene00049694.,0,6,6
WBGene00049695.,0,1,1
WBGene00049696.,0,1,1
WBGene00049697.,0,0,0
WBGene00049698.,0,2,2
WBGene00049699.,0,0,0
WBGene00049700.,0,1,1
WBGene00049701.,0,0,0
WBGene00049702.,0,0,0
WBGene00049703.,0,1,1
WBGene00049704.,0,1,1
WBGene00049705.,0,0,0
WBGene00049706.,0,1,1
WBGene00049707.,0,0,0
WBGene00049708.,0,1,1
WBGene00049709.,0,0,0
WBGene00049710.,0,0,0
WBGene00049711.,0,0,0
WBGene00049712.,0,0,0
WBGene00049713.,0,0,0
WBGene00049714.,0,1,1
WBGene00049715.,0,0,0
WBGene00049716.,0,0,0
WBGene00049717.,0,0,0
WBGene00049718.,0,0,0
WBGene00049719.,0,0,0
WBGene00049720.,0,0,0
WBGene00049721.,0,0,0
WBGene00049722.,0,0,0
WBGene00049723.,0,0,0
WBGene00049724.,0,0,0
WBGene00049725.,0,0,0
WBGene00049726.,0,0,0
WBGene00049727.,0,1,1
WBGene00049728.,0,0,0
WBGene00049729.,0,0,0
WBGene00049730.,0,2,2
WBGene00049731.,0,0,0
WBGene00049732.,0,3,3
WBGene00049733.,0,0,0
WBGene00049734.,0,0,0
WBGene00049735.,0,0,0
WBGene00049736.,0,0,0
WBGene00049737.,0,7,7
WBGene00049738.,0,0,0
WBGene00049739.,0,0,0
WBGene00049740.,0,1,1
WBGene00049741.,0,0,0
WBGene00049742.,0,0,0
WBGene00049743.,0,0,0
WBGene00049744.,0,0,0
WBGene00049745.,0,0,0
WBGene00049746.,0,1,1
WBGene00049747.,0,0,0
WBGene00049748.,0,0,0
WBGene00049749.,0,0,0
WBGene00049750.,0,0,0
WBGene00049751.,0,1,1
WBGene00049752.,0,0,0
WBGene00049753.,0,0,0
WBGene00049754.,0,0,0
WBGene00049755.,0,0,0
WBGene00049756.,0,0,0
WBGene00049757.,0,0,0
WBGene00049758.,0,2,2
WBGene00049759.,0,0,0
WBGene00049760.,0,0,0
WBGene00049761.,0,0,0
WBGene00049762.,0,0,0
WBGene00049763.,0,0,0
WBGene00049764.,0,0,0
WBGene00049765.,0,0,0
WBGene00049766.,0,1,1
WBGene00049767.,0,0,0
WBGene00049768.,0,0,0
WBGene00049769.,0,0,0
WBGene00049770.,0,0,0
WBGene00049771.,0,0,0
WBGene00049772.,0,0,0
WBGene00049773.,0,1,1
WBGene00049774.,0,0,0
WBGene00049775.,0,0,0
WBGene00049776.,0,0,0
WBGene00049777.,0,0,0
WBGene00049778.,0,0,0
WBGene00049779.,0,0,0
WBGene00049780.,0,0,0
WBGene00049781.,0,0,0
WBGene00049782.,0,0,0
WBGene00049783.,0,0,0
WBGene00049784.,0,0,0
WBGene00049785.,0,0,0
WBGene00049786.,0,0,0
WBGene00049787.,0,0,0
WBGene00049788.,0,2,2
WBGene00049789.,0,1,1
WBGene00049790.,0,0,0
WBGene00049791.,0,0,0
WBGene00049792.,0,0,0
WBGene00049793.,0,0,0
WBGene00049794.,0,0,0
WBGene00049795.,0,0,0
WBGene00049796.,0,1,1
WBGene00049797.,0,1,1
WBGene00049798.,0,0,0
WBGene00049799.,0,0,0
WBGene00049800.,0,0,0
WBGene00049801.,0,0,0
WBGene00049802.,0,0,0
WBGene00049803.,0,0,0
WBGene00049804.,0,0,0
WBGene00049805.,0,0,0
WBGene00049806.,0,0,0
WBGene00049807.,0,1,1
WBGene00049808.,0,0,0
WBGene00049809.,0,0,0
WBGene00049810.,0,0,0
WBGene00049811.,0,0,0
WBGene00049812.,0,0,0
WBGene00049813.,0,1,1
WBGene00049814.,0,2,2
WBGene00049815.,0,0,0
WBGene00049816.,0,2,2
WBGene00049817.,0,0,0
WBGene00049818.,0,0,0
WBGene00049819.,0,0,0
WBGene00049820.,0,0,0
WBGene00049821.,0,0,0
WBGene00049822.,0,1,1
WBGene00049823.,0,0,0
WBGene00049824.,0,0,0
WBGene00049825.,0,0,0
WBGene00049826.,0,0,0
WBGene00049827.,0,0,0
WBGene00049828.,0,0,0
WBGene00049829.,0,1,1
WBGene00049830.,0,0,0
WBGene00049831.,0,1,1
WBGene00049832.,0,0,0
WBGene00049833.,0,4,4
WBGene00049834.,0,0,0
WBGene00049835.,0,0,0
WBGene00049836.,0,0,0
WBGene00049837.,0,0,0
WBGene00049838.,0,0,0
WBGene00049839.,0,2,2
WBGene00049840.,0,0,0
WBGene00049841.,0,0,0
WBGene00049842.,0,0,0
WBGene00049843.,0,0,0
WBGene00049844.,0,0,0
WBGene00049845.,0,0,0
WBGene00049846.,0,0,0
WBGene00049847.,0,0,0
WBGene00049848.,0,0,0
WBGene00049849.,0,2,2
WBGene00049850.,0,2,2
WBGene00049851.,0,0,0
WBGene00049852.,0,0,0
WBGene00049853.,0,2,2
WBGene00049854.,0,1,1
WBGene00049855.,0,0,0
WBGene00049856.,0,0,0
WBGene00049857.,0,0,0
WBGene00049858.,0,0,0
WBGene00049859.,0,0,0
WBGene00049860.,0,0,0
WBGene00049861.,0,0,0
WBGene00049862.,0,0,0
WBGene00049863.,0,0,0
WBGene00049864.,0,0,0
WBGene00049865.,0,0,0
WBGene00049866.,0,0,0
WBGene00049867.,0,1,1
WBGene00049868.,0,0,0
WBGene00049869.,0,0,0
WBGene00049870.,0,0,0
WBGene00049871.,0,0,0
WBGene00049872.,0,0,0
WBGene00049873.,0,2,2
WBGene00049874.,0,0,0
WBGene00049875.,0,2,2
WBGene00049876.,0,0,0
WBGene00049877.,0,0,0
WBGene00049878.,0,0,0
WBGene00049879.,0,0,0
WBGene00049880.,0,0,0
WBGene00049881.,0,0,0
WBGene00049882.,0,0,0
WBGene00049883.,0,0,0
WBGene00049884.,0,0,0
WBGene00049885.,0,0,0
WBGene00049886.,0,1,1
WBGene00049887.,0,0,0
WBGene00049888.,0,0,0
WBGene00049889.,0,0,0
WBGene00049890.,0,0,0
WBGene00049891.,0,0,0
WBGene00049892.,0,0,0
WBGene00049893.,0,0,0
WBGene00049894.,0,0,0
WBGene00049895.,0,6,6
WBGene00049896.,0,0,0
WBGene00049897.,0,0,0
WBGene00049898.,0,3,3
WBGene00049899.,0,0,0
WBGene00049900.,0,0,0
WBGene00049901.,0,0,0
WBGene00049902.,0,0,0
WBGene00049903.,0,0,0
WBGene00049904.,0,0,0
WBGene00049905.,0,0,0
WBGene00049906.,0,0,0
WBGene00049907.,0,0,0
WBGene00049908.,0,0,0
WBGene00049909.,0,0,0
WBGene00049910.,0,0,0
WBGene00049911.,0,1,1
WBGene00049912.,0,0,0
WBGene00049913.,0,0,0
WBGene00049914.,0,0,0
WBGene00049915.,0,0,0
WBGene00049916.,0,0,0
WBGene00049917.,0,2,2
WBGene00049918.,0,0,0
WBGene00049919.,0,1,1
WBGene00049920.,0,0,0
WBGene00049921.,0,0,0
WBGene00049922.,0,0,0
WBGene00049923.,0,0,0
WBGene00049924.,0,0,0
WBGene00049925.,0,0,0
WBGene00049926.,0,1,1
WBGene00049927.,0,0,0
WBGene00049928.,0,0,0
WBGene00049929.,0,0,0
WBGene00049930.,0,0,0
WBGene00049931.,0,0,0
WBGene00049932.,0,0,0
WBGene00049933.,0,14,14
WBGene00049934.,0,2,2
WBGene00049935.,0,0,0
WBGene00049936.,0,0,0
WBGene00049937.,0,0,0
WBGene00049938.,0,0,0
WBGene00049939.,0,0,0
WBGene00049940.,0,0,0
WBGene00049941.,0,0,0
WBGene00049942.,0,1,1
WBGene00049943.,0,0,0
WBGene00049944.,0,1,1
WBGene00049945.,0,0,0
WBGene00049946.,0,6,6
WBGene00049947.,0,2,2
WBGene00049948.,0,0,0
WBGene00049949.,0,0,0
WBGene00049950.,0,0,0
WBGene00049951.,0,0,0
WBGene00049952.,0,0,0
WBGene00049953.,0,3,3
WBGene00049954.,0,0,0
WBGene00049955.,0,0,0
WBGene00049956.,0,0,0
WBGene00049957.,0,0,0
WBGene00049958.,0,4,4
WBGene00049959.,0,0,0
WBGene00049960.,0,2,2
WBGene00049961.,0,0,0
WBGene00049962.,0,0,0
WBGene00049963.,0,0,0
WBGene00049964.,0,0,0
WBGene00049965.,0,0,0
WBGene00049966.,0,0,0
WBGene00049967.,0,0,0
WBGene00049968.,0,2,2
WBGene00049969.,0,0,0
WBGene00049970.,0,0,0
WBGene00049971.,0,0,0
WBGene00049972.,0,0,0
WBGene00049973.,0,4,4
WBGene00049974.,0,0,0
WBGene00049975.,0,0,0
WBGene00049976.,0,0,0
WBGene00049977.,0,4,4
WBGene00049978.,0,0,0
WBGene00049979.,0,0,0
WBGene00049980.,0,0,0
WBGene00049981.,0,0,0
WBGene00049982.,0,0,0
WBGene00049983.,0,0,0
WBGene00049984.,0,0,0
WBGene00049985.,0,7,7
WBGene00049986.,0,0,0
WBGene00049987.,0,0,0
WBGene00049988.,0,0,0
WBGene00049989.,0,0,0
WBGene00049990.,0,0,0
WBGene00049991.,0,0,0
WBGene00049992.,0,0,0
WBGene00049993.,0,4,4
WBGene00049994.,0,0,0
WBGene00049995.,0,0,0
WBGene00049996.,0,0,0
WBGene00049997.,0,0,0
WBGene00049998.,0,0,0
WBGene00049999.,0,0,0
WBGene00050000.,0,0,0
WBGene00050001.,0,2,2
WBGene00050002.,0,0,0
WBGene00050003.,0,0,0
WBGene00050004.,0,0,0
WBGene00050005.,0,1,1
WBGene00050006.,0,1,1
WBGene00050007.,0,0,0
WBGene00050008.,0,0,0
WBGene00050009.,0,5,5
WBGene00050010.,0,0,0
WBGene00050011.,0,0,0
WBGene00050012.,0,0,0
WBGene00050013.,0,0,0
WBGene00050014.,0,0,0
WBGene00050015.,0,1,1
WBGene00050016.,0,0,0
WBGene00050017.,0,0,0
WBGene00050018.,0,0,0
WBGene00050019.,0,0,0
WBGene00050020.,0,0,0
WBGene00050021.,0,0,0
WBGene00050022.,0,3,3
WBGene00050023.,0,1,1
WBGene00050024.,0,0,0
WBGene00050025.,0,2,2
WBGene00050026.,0,0,0
WBGene00050027.,0,0,0
WBGene00050028.,0,1,1
WBGene00050029.,0,0,0
WBGene00050030.,0,5,5
WBGene00050031.,0,0,0
WBGene00050032.,0,0,0
WBGene00050033.,0,0,0
WBGene00050034.,0,0,0
WBGene00050035.,0,0,0
WBGene00050036.,0,0,0
WBGene00050037.,0,0,0
WBGene00050038.,0,0,0
WBGene00050039.,0,0,0
WBGene00050040.,0,0,0
WBGene00050041.,0,0,0
WBGene00050042.,0,0,0
WBGene00050043.,0,0,0
WBGene00050044.,0,0,0
WBGene00050045.,0,0,0
WBGene00050046.,0,0,0
WBGene00050047.,0,0,0
WBGene00050048.,0,0,0
WBGene00050049.,0,0,0
WBGene00050050.,0,1,1
WBGene00050051.,0,0,0
WBGene00050052.,0,0,0
WBGene00050053.,0,0,0
WBGene00050054.,0,0,0
WBGene00050055.,0,0,0
WBGene00050056.,0,0,0
WBGene00050057.,0,0,0
WBGene00050058.,0,0,0
WBGene00050059.,0,0,0
WBGene00050060.,0,0,0
WBGene00050061.,0,0,0
WBGene00050062.,0,0,0
WBGene00050063.,0,0,0
WBGene00050064.,0,0,0
WBGene00050065.,0,0,0
WBGene00050066.,0,0,0
WBGene00050067.,0,0,0
WBGene00050068.,0,0,0
WBGene00050069.,0,0,0
WBGene00050070.,0,2,2
WBGene00050071.,0,0,0
WBGene00050072.,0,0,0
WBGene00050073.,0,1,1
WBGene00050074.,0,0,0
WBGene00050075.,0,0,0
WBGene00050076.,0,0,0
WBGene00050077.,0,5,5
WBGene00050078.,0,0,0
WBGene00050079.,0,0,0
WBGene00050080.,0,0,0
WBGene00050081.,0,0,0
WBGene00050082.,0,0,0
WBGene00050083.,0,0,0
WBGene00050084.,0,1,1
WBGene00050085.,0,0,0
WBGene00050086.,0,0,0
WBGene00050087.,0,0,0
WBGene00050088.,0,0,0
WBGene00050089.,0,0,0
WBGene00050090.,0,0,0
WBGene00050091.,0,4,4
WBGene00050092.,0,0,0
WBGene00050093.,0,0,0
WBGene00050094.,0,0,0
WBGene00050095.,0,0,0
WBGene00050096.,0,0,0
WBGene00050097.,0,6,6
WBGene00050098.,0,0,0
WBGene00050099.,0,1,1
WBGene00050100.,0,1,1
WBGene00050101.,0,0,0
WBGene00050102.,0,0,0
WBGene00050103.,0,2,2
WBGene00050104.,0,0,0
WBGene00050105.,0,0,0
WBGene00050106.,0,0,0
WBGene00050107.,0,0,0
WBGene00050108.,0,0,0
WBGene00050109.,0,1,1
WBGene00050110.,0,0,0
WBGene00050111.,0,0,0
WBGene00050112.,0,0,0
WBGene00050113.,0,0,0
WBGene00050114.,0,0,0
WBGene00050115.,0,0,0
WBGene00050116.,0,1,1
WBGene00050117.,0,0,0
WBGene00050118.,0,0,0
WBGene00050119.,0,0,0
WBGene00050120.,0,8,8
WBGene00050121.,0,0,0
WBGene00050122.,0,0,0
WBGene00050123.,0,0,0
WBGene00050124.,0,0,0
WBGene00050125.,0,0,0
WBGene00050126.,0,0,0
WBGene00050127.,0,0,0
WBGene00050128.,0,0,0
WBGene00050129.,0,0,0
WBGene00050130.,0,0,0
WBGene00050131.,0,0,0
WBGene00050132.,0,0,0
WBGene00050133.,0,0,0
WBGene00050134.,0,0,0
WBGene00050135.,0,0,0
WBGene00050136.,0,6,6
WBGene00050137.,0,0,0
WBGene00050138.,0,0,0
WBGene00050139.,0,0,0
WBGene00050140.,0,0,0
WBGene00050141.,0,0,0
WBGene00050142.,0,0,0
WBGene00050143.,0,0,0
WBGene00050144.,0,0,0
WBGene00050145.,0,0,0
WBGene00050146.,0,0,0
WBGene00050147.,0,3,3
WBGene00050148.,0,0,0
WBGene00050149.,0,1,1
WBGene00050150.,0,0,0
WBGene00050151.,0,0,0
WBGene00050152.,0,0,0
WBGene00050153.,0,1,1
WBGene00050154.,0,0,0
WBGene00050155.,0,0,0
WBGene00050156.,0,1,1
WBGene00050157.,0,0,0
WBGene00050158.,0,0,0
WBGene00050159.,0,0,0
WBGene00050160.,0,0,0
WBGene00050161.,0,0,0
WBGene00050162.,0,0,0
WBGene00050163.,0,0,0
WBGene00050164.,0,0,0
WBGene00050165.,0,0,0
WBGene00050166.,0,0,0
WBGene00050167.,0,0,0
WBGene00050168.,0,0,0
WBGene00050169.,0,0,0
WBGene00050170.,0,0,0
WBGene00050171.,0,0,0
WBGene00050172.,0,0,0
WBGene00050173.,0,0,0
WBGene00050174.,0,0,0
WBGene00050175.,0,0,0
WBGene00050176.,0,1,1
WBGene00050177.,0,3,3
WBGene00050178.,0,0,0
WBGene00050179.,0,2,2
WBGene00050180.,0,0,0
WBGene00050181.,0,1,1
WBGene00050182.,0,0,0
WBGene00050183.,0,0,0
WBGene00050184.,0,0,0
WBGene00050185.,0,1,1
WBGene00050186.,0,0,0
WBGene00050187.,0,0,0
WBGene00050188.,0,0,0
WBGene00050189.,0,0,0
WBGene00050190.,0,0,0
WBGene00050191.,0,2,2
WBGene00050192.,0,0,0
WBGene00050193.,0,0,0
WBGene00050194.,0,3,3
WBGene00050195.,0,1,1
WBGene00050196.,0,0,0
WBGene00050197.,0,1,1
WBGene00050198.,0,1,1
WBGene00050199.,0,0,0
WBGene00050200.,0,0,0
WBGene00050201.,0,0,0
WBGene00050202.,0,0,0
WBGene00050203.,0,0,0
WBGene00050204.,0,0,0
WBGene00050205.,0,0,0
WBGene00050206.,0,0,0
WBGene00050207.,0,0,0
WBGene00050208.,0,0,0
WBGene00050209.,0,0,0
WBGene00050210.,0,0,0
WBGene00050211.,0,1,1
WBGene00050212.,0,0,0
WBGene00050213.,0,0,0
WBGene00050214.,0,0,0
WBGene00050215.,0,0,0
WBGene00050216.,0,0,0
WBGene00050217.,0,0,0
WBGene00050218.,0,0,0
WBGene00050219.,0,0,0
WBGene00050220.,0,0,0
WBGene00050221.,0,0,0
WBGene00050222.,0,0,0
WBGene00050223.,0,0,0
WBGene00050224.,0,2,2
WBGene00050225.,0,0,0
WBGene00050226.,0,0,0
WBGene00050227.,0,0,0
WBGene00050228.,0,0,0
WBGene00050229.,0,0,0
WBGene00050230.,0,5,5
WBGene00050231.,0,0,0
WBGene00050232.,0,0,0
WBGene00050233.,0,0,0
WBGene00050234.,0,2,2
WBGene00050235.,0,1,1
WBGene00050236.,0,0,0
WBGene00050237.,0,2,2
WBGene00050238.,0,0,0
WBGene00050239.,0,0,0
WBGene00050240.,0,0,0
WBGene00050241.,0,3,3
WBGene00050242.,0,0,0
WBGene00050243.,0,3,3
WBGene00050244.,0,0,0
WBGene00050245.,0,0,0
WBGene00050246.,0,0,0
WBGene00050247.,0,0,0
WBGene00050248.,0,3,3
WBGene00050249.,0,2,2
WBGene00050250.,0,0,0
WBGene00050251.,0,3,3
WBGene00050252.,0,2,2
WBGene00050253.,0,0,0
WBGene00050254.,0,0,0
WBGene00050255.,0,0,0
WBGene00050256.,0,0,0
WBGene00050257.,0,0,0
WBGene00050258.,0,0,0
WBGene00050259.,0,0,0
WBGene00050260.,0,1,1
WBGene00050261.,0,0,0
WBGene00050262.,0,0,0
WBGene00050263.,0,0,0
WBGene00050264.,0,0,0
WBGene00050265.,0,1,1
WBGene00050266.,0,0,0
WBGene00050267.,0,0,0
WBGene00050268.,0,0,0
WBGene00050269.,0,0,0
WBGene00050270.,0,1,1
WBGene00050271.,0,0,0
WBGene00050272.,0,0,0
WBGene00050273.,0,0,0
WBGene00050274.,0,0,0
WBGene00050275.,0,2,2
WBGene00050276.,0,0,0
WBGene00050277.,0,4,4
WBGene00050278.,0,5,5
WBGene00050279.,0,0,0
WBGene00050280.,0,0,0
WBGene00050281.,0,1,1
WBGene00050282.,0,0,0
WBGene00050283.,0,0,0
WBGene00050284.,0,0,0
WBGene00050285.,0,0,0
WBGene00050286.,0,0,0
WBGene00050287.,0,6,6
WBGene00050288.,0,16,16
WBGene00050289.,0,0,0
WBGene00050290.,0,0,0
WBGene00050291.,0,0,0
WBGene00050292.,0,0,0
WBGene00050293.,0,0,0
WBGene00050294.,0,0,0
WBGene00050295.,0,0,0
WBGene00050296.,0,0,0
WBGene00050297.,0,1,1
WBGene00050298.,0,3,3
WBGene00050299.,0,1,1
WBGene00050300.,0,0,0
WBGene00050301.,0,0,0
WBGene00050302.,0,12,12
WBGene00050303.,0,0,0
WBGene00050304.,0,0,0
WBGene00050305.,0,0,0
WBGene00050306.,0,0,0
WBGene00050307.,0,0,0
WBGene00050308.,0,1,1
WBGene00050309.,0,1,1
WBGene00050310.,0,0,0
WBGene00050311.,0,0,0
WBGene00050312.,0,1,1
WBGene00050313.,0,0,0
WBGene00050314.,0,0,0
WBGene00050315.,0,0,0
WBGene00050316.,0,0,0
WBGene00050317.,0,0,0
WBGene00050318.,0,0,0
WBGene00050319.,0,0,0
WBGene00050320.,0,2,2
WBGene00050321.,0,0,0
WBGene00050322.,0,1,1
WBGene00050323.,0,0,0
WBGene00050324.,0,0,0
WBGene00050325.,0,0,0
WBGene00050326.,0,0,0
WBGene00050327.,0,0,0
WBGene00050328.,0,0,0
WBGene00050329.,0,0,0
WBGene00050330.,0,0,0
WBGene00050331.,0,0,0
WBGene00050332.,0,0,0
WBGene00050333.,0,0,0
WBGene00050334.,0,0,0
WBGene00050335.,0,0,0
WBGene00050336.,0,0,0
WBGene00050337.,0,0,0
WBGene00050338.,0,0,0
WBGene00050339.,0,0,0
WBGene00050340.,0,0,0
WBGene00050341.,0,0,0
WBGene00050342.,0,0,0
WBGene00050343.,0,0,0
WBGene00050344.,0,0,0
WBGene00050345.,0,0,0
WBGene00050346.,0,0,0
WBGene00050347.,0,0,0
WBGene00050348.,0,0,0
WBGene00050349.,0,0,0
WBGene00050350.,0,1,1
WBGene00050351.,0,0,0
WBGene00050352.,0,0,0
WBGene00050353.,0,0,0
WBGene00050354.,0,0,0
WBGene00050355.,0,0,0
WBGene00050356.,0,3,3
WBGene00050357.,0,0,0
WBGene00050358.,0,2,2
WBGene00050359.,0,1,1
WBGene00050360.,0,0,0
WBGene00050361.,0,1,1
WBGene00050362.,0,0,0
WBGene00050363.,0,0,0
WBGene00050364.,0,0,0
WBGene00050365.,0,0,0
WBGene00050366.,0,0,0
WBGene00050367.,0,0,0
WBGene00050368.,0,1,1
WBGene00050369.,0,0,0
WBGene00050370.,0,0,0
WBGene00050371.,0,0,0
WBGene00050372.,0,0,0
WBGene00050373.,0,0,0
WBGene00050374.,0,0,0
WBGene00050375.,0,0,0
WBGene00050376.,0,0,0
WBGene00050377.,0,0,0
WBGene00050378.,0,0,0
WBGene00050379.,0,0,0
WBGene00050380.,0,0,0
WBGene00050381.,0,0,0
WBGene00050382.,0,0,0
WBGene00050383.,0,0,0
WBGene00050384.,0,0,0
WBGene00050385.,0,0,0
WBGene00050386.,0,0,0
WBGene00050387.,0,3,3
WBGene00050388.,0,0,0
WBGene00050389.,0,0,0
WBGene00050390.,0,0,0
WBGene00050391.,0,0,0
WBGene00050392.,0,0,0
WBGene00050393.,0,0,0
WBGene00050394.,0,0,0
WBGene00050395.,0,0,0
WBGene00050396.,0,0,0
WBGene00050397.,0,0,0
WBGene00050398.,0,2,2
WBGene00050399.,0,0,0
WBGene00050400.,0,0,0
WBGene00050401.,0,0,0
WBGene00050402.,0,0,0
WBGene00050403.,0,0,0
WBGene00050404.,0,0,0
WBGene00050405.,0,0,0
WBGene00050406.,0,0,0
WBGene00050407.,0,0,0
WBGene00050408.,0,0,0
WBGene00050409.,0,0,0
WBGene00050410.,0,2,2
WBGene00050411.,0,0,0
WBGene00050412.,0,0,0
WBGene00050413.,0,1,1
WBGene00050414.,0,2,2
WBGene00050415.,0,0,0
WBGene00050416.,0,3,3
WBGene00050417.,0,0,0
WBGene00050418.,0,0,0
WBGene00050419.,0,0,0
WBGene00050420.,0,0,0
WBGene00050421.,0,0,0
WBGene00050422.,0,0,0
WBGene00050423.,0,3,3
WBGene00050424.,0,0,0
WBGene00050425.,0,0,0
WBGene00050426.,0,0,0
WBGene00050427.,0,0,0
WBGene00050428.,0,0,0
WBGene00050429.,0,0,0
WBGene00050430.,0,0,0
WBGene00050431.,0,1,1
WBGene00050432.,0,0,0
WBGene00050433.,0,0,0
WBGene00050434.,0,1,1
WBGene00050435.,0,0,0
WBGene00050436.,0,0,0
WBGene00050437.,0,0,0
WBGene00050438.,0,0,0
WBGene00050439.,0,0,0
WBGene00050440.,0,1,1
WBGene00050441.,0,0,0
WBGene00050442.,0,0,0
WBGene00050443.,0,1,1
WBGene00050444.,0,0,0
WBGene00050445.,0,0,0
WBGene00050446.,0,0,0
WBGene00050447.,0,0,0
WBGene00050448.,0,0,0
WBGene00050449.,0,0,0
WBGene00050450.,0,0,0
WBGene00050451.,0,21,21
WBGene00050452.,0,0,0
WBGene00050453.,0,0,0
WBGene00050454.,0,0,0
WBGene00050455.,0,0,0
WBGene00050456.,0,3,3
WBGene00050457.,0,0,0
WBGene00050458.,0,0,0
WBGene00050459.,0,1,1
WBGene00050460.,0,0,0
WBGene00050461.,0,21,21
WBGene00050462.,0,0,0
WBGene00050463.,0,0,0
WBGene00050464.,0,0,0
WBGene00050465.,0,0,0
WBGene00050466.,0,0,0
WBGene00050467.,0,9,9
WBGene00050468.,0,0,0
WBGene00050469.,0,0,0
WBGene00050470.,0,4,4
WBGene00050471.,0,0,0
WBGene00050472.,0,18,18
WBGene00050473.,0,0,0
WBGene00050474.,0,1,1
WBGene00050475.,0,0,0
WBGene00050476.,0,0,0
WBGene00050477.,0,0,0
WBGene00050478.,0,0,0
WBGene00050479.,0,0,0
WBGene00050480.,0,1,1
WBGene00050481.,0,0,0
WBGene00050482.,0,0,0
WBGene00050483.,0,0,0
WBGene00050484.,0,0,0
WBGene00050485.,0,0,0
WBGene00050486.,0,0,0
WBGene00050487.,0,0,0
WBGene00050488.,0,0,0
WBGene00050489.,0,0,0
WBGene00050490.,0,0,0
WBGene00050491.,0,0,0
WBGene00050492.,0,0,0
WBGene00050493.,0,0,0
WBGene00050494.,0,0,0
WBGene00050495.,0,0,0
WBGene00050496.,0,0,0
WBGene00050497.,0,1,1
WBGene00050498.,0,3,3
WBGene00050499.,0,0,0
WBGene00050500.,0,0,0
WBGene00050501.,0,0,0
WBGene00050502.,0,0,0
WBGene00050503.,0,0,0
WBGene00050504.,0,0,0
WBGene00050505.,0,0,0
WBGene00050506.,0,3,3
WBGene00050507.,0,5,5
WBGene00050508.,0,0,0
WBGene00050509.,0,0,0
WBGene00050510.,0,0,0
WBGene00050511.,0,1,1
WBGene00050512.,0,0,0
WBGene00050513.,0,0,0
WBGene00050514.,0,0,0
WBGene00050515.,0,0,0
WBGene00050516.,0,6,6
WBGene00050517.,0,0,0
WBGene00050518.,0,0,0
WBGene00050519.,0,1,1
WBGene00050520.,0,0,0
WBGene00050521.,0,2,2
WBGene00050522.,0,0,0
WBGene00050523.,0,0,0
WBGene00050524.,0,0,0
WBGene00050525.,0,0,0
WBGene00050526.,0,0,0
WBGene00050527.,0,5,5
WBGene00050528.,0,0,0
WBGene00050529.,0,0,0
WBGene00050530.,0,0,0
WBGene00050531.,0,0,0
WBGene00050532.,0,0,0
WBGene00050533.,0,0,0
WBGene00050534.,0,0,0
WBGene00050535.,0,0,0
WBGene00050536.,0,0,0
WBGene00050537.,0,0,0
WBGene00050538.,0,0,0
WBGene00050539.,0,0,0
WBGene00050540.,0,0,0
WBGene00050541.,0,0,0
WBGene00050542.,0,11,11
WBGene00050543.,0,0,0
WBGene00050544.,0,0,0
WBGene00050545.,0,0,0
WBGene00050546.,0,0,0
WBGene00050547.,0,0,0
WBGene00050548.,0,0,0
WBGene00050549.,0,0,0
WBGene00050550.,0,0,0
WBGene00050551.,0,1,1
WBGene00050552.,0,0,0
WBGene00050553.,0,0,0
WBGene00050554.,0,0,0
WBGene00050555.,0,0,0
WBGene00050556.,0,0,0
WBGene00050557.,0,2,2
WBGene00050558.,0,0,0
WBGene00050559.,0,0,0
WBGene00050560.,0,2,2
WBGene00050561.,0,0,0
WBGene00050562.,0,1,1
WBGene00050563.,0,0,0
WBGene00050564.,0,0,0
WBGene00050565.,0,0,0
WBGene00050566.,0,0,0
WBGene00050567.,0,0,0
WBGene00050568.,0,0,0
WBGene00050569.,0,0,0
WBGene00050570.,0,0,0
WBGene00050571.,0,4,4
WBGene00050572.,0,0,0
WBGene00050573.,0,0,0
WBGene00050574.,0,0,0
WBGene00050575.,0,0,0
WBGene00050576.,0,0,0
WBGene00050577.,0,0,0
WBGene00050578.,0,1,1
WBGene00050579.,0,0,0
WBGene00050580.,0,6,6
WBGene00050581.,0,1,1
WBGene00050582.,0,3,3
WBGene00050583.,0,1,1
WBGene00050584.,0,0,0
WBGene00050585.,0,1,1
WBGene00050586.,0,0,0
WBGene00050587.,0,0,0
WBGene00050588.,0,0,0
WBGene00050589.,0,0,0
WBGene00050590.,0,0,0
WBGene00050591.,0,1,1
WBGene00050592.,0,0,0
WBGene00050593.,0,0,0
WBGene00050594.,0,0,0
WBGene00050595.,0,0,0
WBGene00050596.,0,0,0
WBGene00050597.,0,0,0
WBGene00050598.,0,0,0
WBGene00050599.,0,0,0
WBGene00050600.,0,0,0
WBGene00050601.,0,0,0
WBGene00050602.,0,0,0
WBGene00050603.,0,0,0
WBGene00050604.,0,1,1
WBGene00050605.,0,0,0
WBGene00050606.,0,0,0
WBGene00050607.,0,0,0
WBGene00050608.,0,0,0
WBGene00050609.,0,0,0
WBGene00050610.,0,0,0
WBGene00050611.,0,0,0
WBGene00050612.,0,0,0
WBGene00050613.,0,0,0
WBGene00050614.,0,0,0
WBGene00050615.,0,0,0
WBGene00050616.,0,0,0
WBGene00050617.,0,1,1
WBGene00050618.,0,0,0
WBGene00050619.,0,0,0
WBGene00050620.,0,0,0
WBGene00050621.,0,0,0
WBGene00050622.,0,0,0
WBGene00050623.,0,1,1
WBGene00050624.,0,0,0
WBGene00050625.,0,0,0
WBGene00050626.,0,0,0
WBGene00050627.,0,0,0
WBGene00050628.,0,0,0
WBGene00050629.,0,0,0
WBGene00050630.,0,0,0
WBGene00050631.,0,0,0
WBGene00050632.,0,2,2
WBGene00050633.,0,0,0
WBGene00050634.,0,1,1
WBGene00050635.,0,0,0
WBGene00050636.,0,0,0
WBGene00050637.,0,0,0
WBGene00050638.,0,0,0
WBGene00050639.,0,0,0
WBGene00050640.,0,0,0
WBGene00050641.,0,0,0
WBGene00050642.,0,0,0
WBGene00050643.,0,0,0
WBGene00050644.,0,0,0
WBGene00050645.,0,0,0
WBGene00050646.,0,6,6
WBGene00050647.,0,3,3
WBGene00050648.,0,0,0
WBGene00050649.,0,0,0
WBGene00050650.,0,0,0
WBGene00050651.,0,0,0
WBGene00050652.,0,0,0
WBGene00050653.,0,4,4
WBGene00050654.,0,0,0
WBGene00050655.,0,0,0
WBGene00050656.,0,0,0
WBGene00050657.,0,0,0
WBGene00050658.,0,0,0
WBGene00050659.,0,0,0
WBGene00050660.,0,0,0
WBGene00050661.,0,2,2
WBGene00050662.,0,0,0
WBGene00050663.,0,0,0
WBGene00050664.,0,8,8
WBGene00050665.,0,0,0
WBGene00050666.,0,0,0
WBGene00050667.,0,1,1
WBGene00050668.,0,0,0
WBGene00050669.,0,0,0
WBGene00050670.,0,0,0
WBGene00050671.,0,0,0
WBGene00050672.,0,0,0
WBGene00050673.,0,0,0
WBGene00050674.,0,0,0
WBGene00050675.,0,0,0
WBGene00050676.,0,0,0
WBGene00050677.,0,0,0
WBGene00050678.,0,0,0
WBGene00050679.,0,0,0
WBGene00050680.,0,0,0
WBGene00050681.,0,1,1
WBGene00050682.,0,0,0
WBGene00050683.,0,1,1
WBGene00050684.,0,0,0
WBGene00050685.,0,1,1
WBGene00050686.,0,2,2
WBGene00050687.,0,1,1
WBGene00050688.,0,0,0
WBGene00050689.,0,0,0
WBGene00050690.,0,0,0
WBGene00050691.,0,1,1
WBGene00050692.,0,0,0
WBGene00050693.,0,0,0
WBGene00050694.,0,0,0
WBGene00050695.,0,1,1
WBGene00050696.,0,0,0
WBGene00050697.,0,1,1
WBGene00050698.,0,0,0
WBGene00050699.,0,0,0
WBGene00050700.,0,0,0
WBGene00050701.,0,1,1
WBGene00050702.,0,0,0
WBGene00050703.,0,0,0
WBGene00050704.,0,0,0
WBGene00050705.,0,1,1
WBGene00050706.,0,0,0
WBGene00050707.,0,0,0
WBGene00050708.,0,0,0
WBGene00050709.,0,0,0
WBGene00050710.,0,0,0
WBGene00050711.,0,0,0
WBGene00050712.,0,1,1
WBGene00050713.,0,1,1
WBGene00050714.,0,0,0
WBGene00050715.,0,0,0
WBGene00050716.,0,0,0
WBGene00050717.,0,0,0
WBGene00050718.,0,0,0
WBGene00050719.,0,2,2
WBGene00050720.,0,0,0
WBGene00050721.,0,0,0
WBGene00050722.,0,0,0
WBGene00050723.,0,0,0
WBGene00050724.,0,0,0
WBGene00050725.,0,0,0
WBGene00050726.,0,0,0
WBGene00050727.,0,0,0
WBGene00050728.,0,0,0
WBGene00050729.,0,2,2
WBGene00050730.,0,0,0
WBGene00050731.,0,0,0
WBGene00050732.,0,2,2
WBGene00050733.,0,5,5
WBGene00050734.,0,0,0
WBGene00050735.,0,0,0
WBGene00050736.,0,0,0
WBGene00050737.,0,1,1
WBGene00050738.,0,0,0
WBGene00050739.,0,0,0
WBGene00050740.,0,0,0
WBGene00050741.,0,0,0
WBGene00050742.,0,0,0
WBGene00050743.,0,0,0
WBGene00050744.,0,0,0
WBGene00050745.,0,0,0
WBGene00050746.,0,0,0
WBGene00050747.,0,0,0
WBGene00050748.,0,0,0
WBGene00050749.,0,0,0
WBGene00050750.,0,0,0
WBGene00050751.,0,4,4
WBGene00050752.,0,0,0
WBGene00050753.,0,0,0
WBGene00050754.,0,0,0
WBGene00050755.,0,0,0
WBGene00050756.,0,0,0
WBGene00050757.,0,0,0
WBGene00050758.,0,0,0
WBGene00050759.,0,0,0
WBGene00050760.,0,0,0
WBGene00050761.,0,1,1
WBGene00050762.,0,0,0
WBGene00050763.,0,0,0
WBGene00050764.,0,4,4
WBGene00050765.,0,0,0
WBGene00050766.,0,0,0
WBGene00050767.,0,2,2
WBGene00050768.,0,0,0
WBGene00050769.,0,0,0
WBGene00050770.,0,0,0
WBGene00050771.,0,0,0
WBGene00050772.,0,0,0
WBGene00050773.,0,0,0
WBGene00050774.,0,0,0
WBGene00050775.,0,0,0
WBGene00050776.,0,0,0
WBGene00050777.,0,0,0
WBGene00050778.,0,5,5
WBGene00050779.,0,0,0
WBGene00050780.,0,0,0
WBGene00050781.,0,0,0
WBGene00050782.,0,0,0
WBGene00050783.,0,1,1
WBGene00050784.,0,0,0
WBGene00050785.,0,0,0
WBGene00050786.,0,0,0
WBGene00050787.,0,1,1
WBGene00050788.,0,0,0
WBGene00050789.,0,3,3
WBGene00050790.,0,0,0
WBGene00050791.,0,0,0
WBGene00050792.,0,0,0
WBGene00050793.,0,0,0
WBGene00050794.,0,0,0
WBGene00050795.,0,0,0
WBGene00050796.,0,0,0
WBGene00050797.,0,0,0
WBGene00050798.,0,0,0
WBGene00050799.,0,1,1
WBGene00050800.,0,1,1
WBGene00050801.,0,0,0
WBGene00050802.,0,0,0
WBGene00050803.,0,0,0
WBGene00050804.,0,2,2
WBGene00050805.,0,1,1
WBGene00050806.,0,0,0
WBGene00050807.,0,0,0
WBGene00050808.,0,0,0
WBGene00050809.,0,0,0
WBGene00050810.,0,0,0
WBGene00050811.,0,0,0
WBGene00050812.,0,0,0
WBGene00050813.,0,1,1
WBGene00050814.,0,2,2
WBGene00050815.,0,0,0
WBGene00050816.,0,5,5
WBGene00050817.,0,0,0
WBGene00050818.,0,0,0
WBGene00050819.,0,0,0
WBGene00050820.,0,0,0
WBGene00050821.,0,0,0
WBGene00050822.,0,0,0
WBGene00050823.,0,0,0
WBGene00050824.,0,0,0
WBGene00050825.,0,55,55
WBGene00050826.,0,1,1
WBGene00050827.,0,0,0
WBGene00050828.,0,0,0
WBGene00050829.,0,1,1
WBGene00050830.,0,0,0
WBGene00050831.,0,0,0
WBGene00050832.,0,0,0
WBGene00050833.,0,1,1
WBGene00050834.,0,0,0
WBGene00050835.,0,0,0
WBGene00050836.,0,0,0
WBGene00050837.,0,8,8
WBGene00050838.,0,0,0
WBGene00050839.,0,0,0
WBGene00050840.,0,3,3
WBGene00050841.,0,0,0
WBGene00050842.,0,0,0
WBGene00050843.,0,0,0
WBGene00050844.,0,2,2
WBGene00050845.,0,0,0
WBGene00050846.,0,0,0
WBGene00050847.,0,0,0
WBGene00050848.,0,0,0
WBGene00050849.,0,0,0
WBGene00050850.,0,0,0
WBGene00050851.,0,0,0
WBGene00050852.,0,4,4
WBGene00050853.,0,1,1
WBGene00050854.,0,0,0
WBGene00050855.,0,0,0
WBGene00050856.,0,3,3
WBGene00050857.,0,0,0
WBGene00050858.,0,0,0
WBGene00050859.,0,0,0
WBGene00050860.,0,3,3
WBGene00050861.,0,0,0
WBGene00050862.,0,0,0
WBGene00050863.,0,0,0
WBGene00050864.,0,0,0
WBGene00050865.,0,1,1
WBGene00050866.,0,0,0
WBGene00050867.,0,0,0
WBGene00050868.,0,0,0
WBGene00050869.,0,0,0
WBGene00050870.,0,0,0
WBGene00050871.,0,0,0
WBGene00050873.,0,73,73
WBGene00050874.,0,4,4
WBGene00050875.,10,289,299
WBGene00050878.,4,3,7
WBGene00050879.,0,4,4
WBGene00050880.,10,3,13
WBGene00050881.,0,0,0
WBGene00050883.,0,1,1
WBGene00050884.,118,730,848
WBGene00050885.,91,607,698
WBGene00050889.,63,481,544
WBGene00050890.,0,53,53
WBGene00050891.,0,24,24
WBGene00050892.,1,2,3
WBGene00050893.,0,1,1
WBGene00050894.,0,0,0
WBGene00050896.,1,1,2
WBGene00050897.,0,0,0
WBGene00050898.,0,0,0
WBGene00050899.,4,61,65
WBGene00050900.,0,0,0
WBGene00050902.,1,0,1
WBGene00050903.,222,1790,2012
WBGene00050904.,5,21,26
WBGene00050906.,0,2,2
WBGene00050907.,0,0,0
WBGene00050910.,3,3,6
WBGene00050911.,0,6,6
WBGene00050912.,0,0,0
WBGene00050913.,1,1,2
WBGene00050914.,0,0,0
WBGene00050915.,2,28,30
WBGene00050916.,3,22,25
WBGene00050917.,9,46,55
WBGene00050919.,6,4,10
WBGene00050920.,15,178,193
WBGene00050921.,0,0,0
WBGene00050922.,0,0,0
WBGene00050923.,0,2,2
WBGene00050924.,0,0,0
WBGene00050926.,0,3,3
WBGene00050927.,107,215,322
WBGene00050928.,0,2,2
WBGene00050929.,0,0,0
WBGene00050930.,0,11,11
WBGene00050931.,3,13,16
WBGene00050932.,0,0,0
WBGene00050933.,0,1,1
WBGene00050934.,7,51,58
WBGene00050935.,317,9,326
WBGene00050936.,0,445,445
WBGene00050937.,21,453,474
WBGene00050938.,0,3,3
WBGene00050939.,0,0,0
WBGene00050940.,0,4,4
WBGene00050941.,8,733,741
WBGene00050943.,34,325,359
WBGene00050944.,98,1577,1675
WBGene00050945.,6,128,134
WBGene00050946.,11,31,42
WBGene00050947.,5,405,410
WBGene00050948.,15,41,56
WBGene00050949.,0,0,0
WBGene00050950.,0,0,0
WBGene00050951.,0,0,0
WBGene00050954.,0,0,0
WBGene00050955.,0,0,0
WBGene00050956.,2,0,2
WBGene00050957.,8,9,17
WBGene00050958.,0,7,7
WBGene00050959.,0,0,0
WBGene00050960.,0,1,1
WBGene00050961.,0,0,0
WBGene00050962.,0,0,0
WBGene00050963.,0,1,1
WBGene00050964.,0,22,22
WBGene00050965.,0,0,0
WBGene00050967.,4,8,12
WBGene00050968.,0,0,0
WBGene00050970.,0,5,5
WBGene00050971.,1,0,1
WBGene00050972.,0,1,1
WBGene00050973.,0,0,0
WBGene00050974.,0,0,0
WBGene00050976.,0,1,1
WBGene00050977.,0,17,17
WBGene00077434.,68,0,68
WBGene00077436.,9,5,14
WBGene00077437.,697,4612,5309
WBGene00077438.,4,5,9
WBGene00077439.,1,72,73
WBGene00077440.,3,4,7
WBGene00077441.,0,0,0
WBGene00077442.,1,0,1
WBGene00077443.,0,41,41
WBGene00077444.,0,0,0
WBGene00077445.,0,1,1
WBGene00077446.,0,0,0
WBGene00077447.,0,1,1
WBGene00077448.,12,2,14
WBGene00077449.,0,10,10
WBGene00077450.,0,2,2
WBGene00077451.,0,2,2
WBGene00077452.,0,0,0
WBGene00077453.,16,673,689
WBGene00077454.,0,6,6
WBGene00077455.,12,38,50
WBGene00077456.,0,1,1
WBGene00077457.,8,104,112
WBGene00077459.,1,0,1
WBGene00077460.,0,0,0
WBGene00077461.,0,11,11
WBGene00077462.,0,0,0
WBGene00077463.,0,0,0
WBGene00077464.,1,0,1
WBGene00077465.,0,9,9
WBGene00077466.,0,55,55
WBGene00077467.,0,3,3
WBGene00077468.,0,0,0
WBGene00077469.,0,5,5
WBGene00077470.,0,3,3
WBGene00077471.,0,0,0
WBGene00077472.,0,0,0
WBGene00077473.,0,0,0
WBGene00077474.,0,0,0
WBGene00077475.,0,0,0
WBGene00077476.,0,0,0
WBGene00077477.,0,0,0
WBGene00077478.,0,0,0
WBGene00077479.,0,0,0
WBGene00077480.,0,97,97
WBGene00077481.,0,0,0
WBGene00077482.,0,3,3
WBGene00077483.,0,0,0
WBGene00077484.,0,0,0
WBGene00077485.,0,0,0
WBGene00077486.,0,29,29
WBGene00077487.,0,0,0
WBGene00077488.,0,29,29
WBGene00077489.,2,15,17
WBGene00077490.,17,230,247
WBGene00077491.,3,111,114
WBGene00077492.,0,0,0
WBGene00077493.,4,6,10
WBGene00077494.,1,0,1
WBGene00077495.,0,2,2
WBGene00077496.,0,1,1
WBGene00077497.,214,282,496
WBGene00077498.,0,0,0
WBGene00077499.,0,0,0
WBGene00077500.,27,226,253
WBGene00077501.,0,5,5
WBGene00077502.,0,0,0
WBGene00077503.,0,2,2
WBGene00077504.,0,4,4
WBGene00077506.,0,0,0
WBGene00077508.,23,9,32
WBGene00077510.,0,0,0
WBGene00077514.,1,5,6
WBGene00077515.,0,0,0
WBGene00077516.,0,0,0
WBGene00077517.,0,0,0
WBGene00077519.,0,6,6
WBGene00077520.,114,654,768
WBGene00077521.,0,226,226
WBGene00077522.,7,34,41
WBGene00077523.,0,6,6
WBGene00077524.,0,3,3
WBGene00077525.,1,25,26
WBGene00077526.,1952,18551,20503
WBGene00077527.,0,1,1
WBGene00077531.,0,22,22
WBGene00077534.,0,0,0
WBGene00077535.,3,3,6
WBGene00077536.,8,75,83
WBGene00077537.,0,49,49
WBGene00077538.,12,28,40
WBGene00077539.,116,69,185
WBGene00077543.,6,29,35
WBGene00077546.,3,8,11
WBGene00077548.,0,2,2
WBGene00077549.,0,6,6
WBGene00077551.,0,16,16
WBGene00077552.,100,11,111
WBGene00077553.,53,58,111
WBGene00077555.,0,0,0
WBGene00077556.,3,57,60
WBGene00077557.,18,56,74
WBGene00077558.,18,33,51
WBGene00077559.,11,62,73
WBGene00077561.,0,3,3
WBGene00077562.,6,1,7
WBGene00077563.,18,25,43
WBGene00077564.,2,4,6
WBGene00077565.,1,8,9
WBGene00077566.,0,1,1
WBGene00077567.,0,0,0
WBGene00077568.,0,59,59
WBGene00077569.,6,20,26
WBGene00077570.,6,98,104
WBGene00077571.,0,0,0
WBGene00077572.,72,374,446
WBGene00077573.,21,375,396
WBGene00077574.,1,24,25
WBGene00077575.,0,0,0
WBGene00077576.,1,6,7
WBGene00077577.,3,2,5
WBGene00077579.,2,1,3
WBGene00077580.,0,2,2
WBGene00077581.,0,2,2
WBGene00077582.,3,10,13
WBGene00077583.,0,0,0
WBGene00077584.,0,1,1
WBGene00077585.,11,46,57
WBGene00077586.,0,3,3
WBGene00077588.,1,20,21
WBGene00077589.,0,2,2
WBGene00077590.,0,6,6
WBGene00077592.,2,7,9
WBGene00077593.,4,46,50
WBGene00077594.,187,258,445
WBGene00077595.,0,0,0
WBGene00077596.,1,2,3
WBGene00077597.,0,0,0
WBGene00077598.,0,0,0
WBGene00077599.,56,403,459
WBGene00077600.,3,2,5
WBGene00077601.,0,2,2
WBGene00077602.,0,0,0
WBGene00077603.,0,3,3
WBGene00077604.,0,1,1
WBGene00077605.,0,1,1
WBGene00077606.,0,0,0
WBGene00077607.,0,0,0
WBGene00077608.,0,0,0
WBGene00077609.,0,1,1
WBGene00077610.,0,4,4
WBGene00077611.,0,2,2
WBGene00077612.,0,4,4
WBGene00077613.,0,3,3
WBGene00077614.,0,0,0
WBGene00077615.,11,12,23
WBGene00077616.,3,25,28
WBGene00077617.,0,2,2
WBGene00077618.,0,1,1
WBGene00077619.,0,0,0
WBGene00077620.,0,0,0
WBGene00077621.,1,1,2
WBGene00077622.,0,2,2
WBGene00077624.,0,0,0
WBGene00077625.,0,0,0
WBGene00077626.,0,0,0
WBGene00077627.,0,0,0
WBGene00077629.,0,1,1
WBGene00077630.,0,0,0
WBGene00077631.,0,2,2
WBGene00077632.,0,1,1
WBGene00077633.,0,1,1
WBGene00077634.,0,0,0
WBGene00077635.,0,0,0
WBGene00077636.,29,85,114
WBGene00077637.,0,2,2
WBGene00077638.,0,0,0
WBGene00077640.,0,2,2
WBGene00077641.,0,1,1
WBGene00077642.,0,0,0
WBGene00077643.,40,660,700
WBGene00077644.,0,0,0
WBGene00077646.,0,2,2
WBGene00077647.,0,4,4
WBGene00077648.,0,3,3
WBGene00077649.,2,0,2
WBGene00077650.,0,0,0
WBGene00077651.,0,0,0
WBGene00077652.,3,3,6
WBGene00077653.,1,0,1
WBGene00077654.,0,0,0
WBGene00077655.,0,2,2
WBGene00077656.,0,0,0
WBGene00077657.,0,5,5
WBGene00077658.,56,749,805
WBGene00077659.,1,2,3
WBGene00077660.,0,0,0
WBGene00077662.,0,0,0
WBGene00077663.,0,5,5
WBGene00077664.,0,5,5
WBGene00077666.,0,1,1
WBGene00077667.,0,2,2
WBGene00077669.,150,556,706
WBGene00077670.,0,0,0
WBGene00077671.,0,0,0
WBGene00077673.,0,0,0
WBGene00077674.,1,6,7
WBGene00077679.,4,21,25
WBGene00077680.,0,7,7
WBGene00077681.,22,85,107
WBGene00077682.,1,5,6
WBGene00077684.,0,2,2
WBGene00077685.,0,1,1
WBGene00077686.,0,2,2
WBGene00077687.,0,7,7
WBGene00077688.,3,1,4
WBGene00077689.,3,23,26
WBGene00077690.,13,811,824
WBGene00077691.,0,691,691
WBGene00077692.,33,183,216
WBGene00077693.,190,3931,4121
WBGene00077694.,0,1,1
WBGene00077695.,0,0,0
WBGene00077696.,27,27,54
WBGene00077697.,71,104,175
WBGene00077698.,41,172,213
WBGene00077699.,7,56,63
WBGene00077701.,24,376,400
WBGene00077703.,19,34,53
WBGene00077704.,2,32,34
WBGene00077705.,0,0,0
WBGene00077706.,0,0,0
WBGene00077707.,0,0,0
WBGene00077708.,0,5,5
WBGene00077709.,0,0,0
WBGene00077712.,15,169,184
WBGene00077714.,6,13,19
WBGene00077715.,0,0,0
WBGene00077716.,0,0,0
WBGene00077717.,0,1,1
WBGene00077718.,0,0,0
WBGene00077719.,0,0,0
WBGene00077720.,0,0,0
WBGene00077721.,0,3,3
WBGene00077722.,0,0,0
WBGene00077723.,0,0,0
WBGene00077724.,0,0,0
WBGene00077725.,0,0,0
WBGene00077726.,0,2,2
WBGene00077727.,0,0,0
WBGene00077728.,0,179,179
WBGene00077732.,6,120,126
WBGene00077750.,0,2,2
WBGene00077751.,1,5,6
WBGene00077752.,8,65,73
WBGene00077753.,12,18,30
WBGene00077754.,1,5,6
WBGene00077755.,0,3,3
WBGene00077756.,0,29,29
WBGene00077757.,8,45,53
WBGene00077758.,1,12,13
WBGene00077759.,8,7,15
WBGene00077761.,42,1985,2027
WBGene00077762.,0,20,20
WBGene00077763.,13,76,89
WBGene00077764.,0,292,292
WBGene00077765.,0,25,25
WBGene00077766.,0,1,1
WBGene00077767.,0,1,1
WBGene00077768.,5,25,30
WBGene00077769.,0,28,28
WBGene00077770.,3,13,16
WBGene00077771.,884,12896,13780
WBGene00077772.,1,51,52
WBGene00077773.,0,235,235
WBGene00077775.,69,428,497
WBGene00077781.,5,64,69
WBGene00077782.,12,7,19
WBGene00077783.,0,25,25
WBGene00077784.,1,16,17
WBGene00077785.,11,13,24
WBGene00077786.,236,788,1024
WBGene00077787.,3,20,23
WBGene00077788.,4,19,23
WBGene00077789.,1,0,1
WBGene00086546.,47,286,333
WBGene00086551.,8,231,239
WBGene00086552.,0,1,1
WBGene00086553.,116,1179,1295
WBGene00086554.,0,7,7
WBGene00086555.,3,3,6
WBGene00086556.,5,9,14
WBGene00086557.,38,378,416
WBGene00086558.,9,125,134
WBGene00086559.,30,306,336
WBGene00086560.,3,21,24
WBGene00086561.,0,11,11
WBGene00086562.,2,1,3
WBGene00086563.,0,5,5
WBGene00086564.,2,5,7
WBGene00086565.,0,0,0
WBGene00086566.,58,506,564
WBGene00086567.,0,0,0
WBGene00086568.,10,32,42
WBGene00086569.,119,860,979
WBGene00119201.,7,2,9
WBGene00119203.,14,461,475
WBGene00119204.,0,4,4
WBGene00138711.,1,92,93
WBGene00138714.,0,1,1
WBGene00138715.,0,3,3
WBGene00138716.,1,2,3
WBGene00138717.,253,1216,1469
WBGene00138719.,4,5,9
WBGene00138720.,27,378,405
WBGene00138721.,9,4,13
WBGene00138724.,0,102,102
WBGene00164968.,22,126,148
WBGene00164969.,1,7,8
WBGene00164971.,0,0,0
WBGene00164972.,1,3,4
WBGene00164973.,1,64,65
WBGene00164974.,0,1,1
WBGene00164983.,8,31,39
WBGene00164985.,19,142,161
WBGene00164986.,10,7,17
WBGene00164991.,0,0,0
WBGene00164992.,0,0,0
WBGene00164993.,0,0,0
WBGene00164994.,0,0,0
WBGene00164995.,0,0,0
WBGene00164996.,0,0,0
WBGene00164997.,0,0,0
WBGene00164998.,0,0,0
WBGene00164999.,0,0,0
WBGene00165000.,0,0,0
WBGene00165001.,0,0,0
WBGene00165002.,0,0,0
WBGene00165003.,0,0,0
WBGene00165004.,0,0,0
WBGene00165005.,0,0,0
WBGene00165006.,0,0,0
WBGene00165007.,0,0,0
WBGene00165009.,0,0,0
WBGene00165010.,0,0,0
WBGene00165011.,0,0,0
WBGene00165012.,0,0,0
WBGene00165013.,0,0,0
WBGene00165014.,0,0,0
WBGene00165015.,0,0,0
WBGene00165016.,0,0,0
WBGene00165017.,0,2,2
WBGene00165018.,0,0,0
WBGene00165019.,0,0,0
WBGene00165020.,0,0,0
WBGene00165021.,0,0,0
WBGene00165022.,0,0,0
WBGene00165023.,0,0,0
WBGene00165024.,0,2,2
WBGene00165025.,0,0,0
WBGene00165026.,0,0,0
WBGene00165027.,0,7,7
WBGene00165028.,0,0,0
WBGene00165029.,0,0,0
WBGene00165030.,0,0,0
WBGene00165031.,0,1,1
WBGene00165032.,0,0,0
WBGene00165033.,0,0,0
WBGene00165034.,0,1,1
WBGene00165035.,0,0,0
WBGene00165036.,0,0,0
WBGene00165037.,0,0,0
WBGene00165038.,0,0,0
WBGene00165039.,0,0,0
WBGene00165040.,0,0,0
WBGene00165041.,0,0,0
WBGene00165042.,0,0,0
WBGene00165043.,0,0,0
WBGene00165044.,0,0,0
WBGene00165045.,0,0,0
WBGene00165046.,0,6,6
WBGene00165047.,0,1,1
WBGene00165048.,0,0,0
WBGene00165049.,0,0,0
WBGene00165050.,0,0,0
WBGene00165051.,0,0,0
WBGene00165052.,0,0,0
WBGene00165053.,0,0,0
WBGene00165054.,0,35,35
WBGene00165055.,0,0,0
WBGene00165056.,0,7,7
WBGene00165057.,0,0,0
WBGene00165058.,0,0,0
WBGene00165059.,0,0,0
WBGene00165060.,0,0,0
WBGene00165061.,0,0,0
WBGene00165062.,0,0,0
WBGene00165063.,0,0,0
WBGene00165064.,0,0,0
WBGene00165065.,0,0,0
WBGene00165066.,0,0,0
WBGene00165067.,0,7,7
WBGene00165068.,0,0,0
WBGene00165069.,0,0,0
WBGene00165070.,0,0,0
WBGene00165071.,0,0,0
WBGene00165072.,0,0,0
WBGene00165073.,0,0,0
WBGene00165074.,0,0,0
WBGene00165075.,0,4,4
WBGene00165076.,0,0,0
WBGene00165077.,0,1,1
WBGene00165078.,0,0,0
WBGene00165079.,0,0,0
WBGene00165080.,0,2,2
WBGene00165081.,0,2,2
WBGene00165082.,0,1,1
WBGene00165083.,0,0,0
WBGene00165084.,0,0,0
WBGene00165085.,0,0,0
WBGene00165086.,0,0,0
WBGene00165087.,0,0,0
WBGene00165088.,0,0,0
WBGene00165089.,0,0,0
WBGene00165090.,0,0,0
WBGene00165091.,0,0,0
WBGene00165092.,0,0,0
WBGene00165093.,0,4,4
WBGene00165094.,0,1,1
WBGene00165095.,0,0,0
WBGene00165096.,0,0,0
WBGene00165097.,0,0,0
WBGene00165098.,0,0,0
WBGene00165099.,0,0,0
WBGene00165100.,0,0,0
WBGene00165101.,0,0,0
WBGene00165102.,0,7,7
WBGene00165103.,0,0,0
WBGene00165104.,0,0,0
WBGene00165105.,0,0,0
WBGene00165106.,0,0,0
WBGene00165107.,0,0,0
WBGene00165108.,0,0,0
WBGene00165109.,0,0,0
WBGene00165110.,0,0,0
WBGene00165111.,0,1,1
WBGene00165112.,0,0,0
WBGene00165113.,0,0,0
WBGene00165114.,0,1,1
WBGene00165115.,0,0,0
WBGene00165116.,0,0,0
WBGene00165117.,0,0,0
WBGene00165118.,0,0,0
WBGene00165119.,0,0,0
WBGene00165120.,0,1,1
WBGene00165121.,0,0,0
WBGene00165122.,0,2,2
WBGene00165123.,0,0,0
WBGene00165124.,0,0,0
WBGene00165125.,0,0,0
WBGene00165126.,0,0,0
WBGene00165127.,0,2,2
WBGene00165128.,0,0,0
WBGene00165129.,0,0,0
WBGene00165130.,0,0,0
WBGene00165131.,0,0,0
WBGene00165132.,0,0,0
WBGene00165133.,0,0,0
WBGene00165134.,0,0,0
WBGene00165135.,0,0,0
WBGene00165136.,0,0,0
WBGene00165137.,0,2,2
WBGene00165138.,0,0,0
WBGene00165139.,0,0,0
WBGene00165140.,0,0,0
WBGene00165141.,0,0,0
WBGene00165142.,0,0,0
WBGene00165143.,0,0,0
WBGene00165144.,0,0,0
WBGene00165146.,0,0,0
WBGene00165147.,0,52,52
WBGene00165148.,0,0,0
WBGene00165149.,0,0,0
WBGene00165150.,0,0,0
WBGene00165151.,0,0,0
WBGene00165152.,0,0,0
WBGene00165153.,0,0,0
WBGene00165154.,0,0,0
WBGene00165155.,0,0,0
WBGene00165156.,0,0,0
WBGene00165157.,0,0,0
WBGene00165158.,0,0,0
WBGene00165159.,0,1,1
WBGene00165160.,0,0,0
WBGene00165161.,0,0,0
WBGene00165162.,0,0,0
WBGene00165163.,0,0,0
WBGene00165164.,0,0,0
WBGene00165165.,0,0,0
WBGene00165166.,0,0,0
WBGene00165167.,0,0,0
WBGene00165168.,0,0,0
WBGene00165169.,0,1,1
WBGene00165170.,0,0,0
WBGene00165171.,0,0,0
WBGene00165172.,0,0,0
WBGene00165173.,0,0,0
WBGene00165174.,0,0,0
WBGene00165175.,0,0,0
WBGene00165176.,0,1,1
WBGene00165177.,0,1,1
WBGene00165178.,0,0,0
WBGene00165179.,0,0,0
WBGene00165180.,0,0,0
WBGene00165181.,0,0,0
WBGene00165182.,0,0,0
WBGene00165183.,0,3,3
WBGene00165184.,0,0,0
WBGene00165185.,0,0,0
WBGene00165186.,0,0,0
WBGene00165187.,0,1,1
WBGene00165188.,0,0,0
WBGene00165189.,0,0,0
WBGene00165190.,0,0,0
WBGene00165191.,0,0,0
WBGene00165192.,0,0,0
WBGene00165193.,0,0,0
WBGene00165194.,0,0,0
WBGene00165195.,0,0,0
WBGene00165196.,0,0,0
WBGene00165197.,0,0,0
WBGene00165198.,0,0,0
WBGene00165199.,0,0,0
WBGene00165200.,0,0,0
WBGene00165201.,0,0,0
WBGene00165202.,0,9,9
WBGene00165203.,0,0,0
WBGene00165204.,0,0,0
WBGene00165205.,0,0,0
WBGene00165206.,0,0,0
WBGene00165207.,0,0,0
WBGene00165208.,0,9,9
WBGene00165209.,0,0,0
WBGene00165210.,0,0,0
WBGene00165211.,0,0,0
WBGene00165212.,0,0,0
WBGene00165213.,0,0,0
WBGene00165214.,0,0,0
WBGene00165215.,0,0,0
WBGene00165217.,0,2,2
WBGene00165218.,0,3,3
WBGene00165219.,0,0,0
WBGene00165220.,0,0,0
WBGene00165221.,0,0,0
WBGene00165222.,0,0,0
WBGene00165223.,0,0,0
WBGene00165224.,0,0,0
WBGene00165225.,0,0,0
WBGene00165226.,0,0,0
WBGene00165227.,0,0,0
WBGene00165228.,0,2,2
WBGene00165229.,0,0,0
WBGene00165230.,0,0,0
WBGene00165231.,0,0,0
WBGene00165232.,0,0,0
WBGene00165233.,0,0,0
WBGene00165234.,0,0,0
WBGene00165235.,0,5,5
WBGene00165236.,0,0,0
WBGene00165237.,0,0,0
WBGene00165238.,0,0,0
WBGene00165239.,0,0,0
WBGene00165240.,0,20,20
WBGene00165241.,0,0,0
WBGene00165242.,0,0,0
WBGene00165243.,0,0,0
WBGene00165244.,0,1,1
WBGene00165245.,0,0,0
WBGene00165246.,0,0,0
WBGene00165247.,0,1,1
WBGene00165248.,0,0,0
WBGene00165249.,0,0,0
WBGene00165250.,0,0,0
WBGene00165251.,0,0,0
WBGene00165252.,0,0,0
WBGene00165253.,0,0,0
WBGene00165254.,0,0,0
WBGene00165255.,0,0,0
WBGene00165256.,0,5,5
WBGene00165257.,0,2,2
WBGene00165258.,0,0,0
WBGene00165259.,0,0,0
WBGene00165260.,0,0,0
WBGene00165261.,0,0,0
WBGene00165262.,0,0,0
WBGene00165263.,0,0,0
WBGene00165264.,0,0,0
WBGene00165265.,0,0,0
WBGene00165266.,0,1,1
WBGene00165267.,0,0,0
WBGene00165268.,0,0,0
WBGene00165269.,0,3,3
WBGene00165270.,0,0,0
WBGene00165271.,0,0,0
WBGene00165272.,0,1,1
WBGene00165273.,0,0,0
WBGene00165274.,0,0,0
WBGene00165275.,0,0,0
WBGene00165276.,0,0,0
WBGene00165277.,0,0,0
WBGene00165278.,0,0,0
WBGene00165279.,0,0,0
WBGene00165280.,0,0,0
WBGene00165281.,0,0,0
WBGene00165282.,0,0,0
WBGene00165283.,0,0,0
WBGene00165284.,0,0,0
WBGene00165285.,0,0,0
WBGene00165286.,0,0,0
WBGene00165287.,0,0,0
WBGene00165288.,0,0,0
WBGene00165289.,0,0,0
WBGene00165290.,0,1,1
WBGene00165291.,0,0,0
WBGene00165292.,0,0,0
WBGene00165293.,0,0,0
WBGene00165294.,0,0,0
WBGene00165295.,0,0,0
WBGene00165296.,0,3,3
WBGene00165297.,0,0,0
WBGene00165298.,0,3,3
WBGene00165299.,0,0,0
WBGene00165300.,0,0,0
WBGene00165301.,0,0,0
WBGene00165302.,0,3,3
WBGene00165303.,0,3,3
WBGene00165304.,0,0,0
WBGene00165305.,0,1,1
WBGene00165306.,0,0,0
WBGene00165307.,0,0,0
WBGene00165308.,0,0,0
WBGene00165309.,0,0,0
WBGene00165310.,0,0,0
WBGene00165311.,0,0,0
WBGene00165312.,0,0,0
WBGene00165313.,0,1,1
WBGene00165314.,0,1,1
WBGene00165315.,0,0,0
WBGene00165316.,0,0,0
WBGene00165317.,0,0,0
WBGene00165318.,0,0,0
WBGene00165319.,0,0,0
WBGene00165320.,0,0,0
WBGene00165321.,0,1,1
WBGene00165322.,0,0,0
WBGene00165323.,0,2,2
WBGene00165324.,0,3,3
WBGene00165325.,0,3,3
WBGene00165326.,0,0,0
WBGene00165327.,0,0,0
WBGene00165328.,0,0,0
WBGene00165329.,0,0,0
WBGene00165330.,0,0,0
WBGene00165331.,0,0,0
WBGene00165332.,0,0,0
WBGene00165333.,0,0,0
WBGene00165334.,0,0,0
WBGene00165335.,0,0,0
WBGene00165336.,0,0,0
WBGene00165337.,0,0,0
WBGene00165338.,0,0,0
WBGene00165339.,0,0,0
WBGene00165340.,0,0,0
WBGene00165341.,0,0,0
WBGene00165342.,0,0,0
WBGene00165343.,0,0,0
WBGene00165344.,0,6,6
WBGene00165345.,0,0,0
WBGene00165346.,0,0,0
WBGene00165347.,0,0,0
WBGene00165348.,0,3,3
WBGene00165349.,0,0,0
WBGene00165350.,0,4,4
WBGene00165351.,0,0,0
WBGene00165352.,0,0,0
WBGene00165353.,0,0,0
WBGene00165354.,0,3,3
WBGene00165355.,0,0,0
WBGene00165356.,0,0,0
WBGene00165357.,0,0,0
WBGene00165358.,0,0,0
WBGene00165359.,0,0,0
WBGene00165360.,0,0,0
WBGene00165361.,0,0,0
WBGene00165362.,0,0,0
WBGene00165363.,0,0,0
WBGene00165364.,0,0,0
WBGene00165365.,0,0,0
WBGene00165366.,0,0,0
WBGene00165367.,0,0,0
WBGene00165368.,0,0,0
WBGene00165369.,0,0,0
WBGene00165370.,0,0,0
WBGene00165371.,0,0,0
WBGene00165372.,0,0,0
WBGene00165373.,0,684,684
WBGene00165374.,0,0,0
WBGene00165375.,0,1,1
WBGene00165376.,0,3,3
WBGene00165377.,0,0,0
WBGene00165378.,0,0,0
WBGene00165379.,0,6,6
WBGene00165380.,0,1,1
WBGene00165381.,0,0,0
WBGene00165382.,0,0,0
WBGene00165383.,0,0,0
WBGene00165384.,0,1,1
WBGene00165385.,0,0,0
WBGene00165386.,0,0,0
WBGene00165387.,0,0,0
WBGene00165388.,0,2,2
WBGene00165389.,0,1,1
WBGene00165390.,0,0,0
WBGene00165391.,0,0,0
WBGene00165392.,0,0,0
WBGene00165393.,0,0,0
WBGene00165394.,0,0,0
WBGene00165395.,0,1,1
WBGene00165396.,0,0,0
WBGene00165397.,0,0,0
WBGene00165398.,0,1,1
WBGene00165399.,0,4,4
WBGene00165400.,0,1,1
WBGene00165401.,0,0,0
WBGene00165402.,0,0,0
WBGene00165403.,0,0,0
WBGene00165404.,0,0,0
WBGene00165405.,0,0,0
WBGene00165406.,0,2,2
WBGene00165407.,0,0,0
WBGene00165408.,0,0,0
WBGene00165409.,0,0,0
WBGene00165410.,0,0,0
WBGene00165411.,0,0,0
WBGene00165412.,0,0,0
WBGene00165413.,0,0,0
WBGene00165414.,0,0,0
WBGene00165415.,0,0,0
WBGene00165416.,0,2,2
WBGene00165417.,0,0,0
WBGene00165418.,0,0,0
WBGene00165419.,0,0,0
WBGene00165420.,0,0,0
WBGene00165421.,0,1,1
WBGene00165422.,0,0,0
WBGene00165423.,0,0,0
WBGene00165424.,0,0,0
WBGene00165425.,0,0,0
WBGene00165426.,0,1,1
WBGene00165427.,0,1,1
WBGene00165428.,0,0,0
WBGene00165429.,0,0,0
WBGene00165430.,0,0,0
WBGene00165431.,0,0,0
WBGene00165432.,0,0,0
WBGene00165433.,0,0,0
WBGene00165434.,0,0,0
WBGene00165435.,0,0,0
WBGene00165436.,0,0,0
WBGene00165438.,0,0,0
WBGene00165439.,0,0,0
WBGene00165440.,0,1,1
WBGene00165441.,0,0,0
WBGene00165442.,0,0,0
WBGene00165443.,0,0,0
WBGene00165444.,0,0,0
WBGene00165445.,0,0,0
WBGene00165446.,0,0,0
WBGene00165447.,0,1,1
WBGene00165448.,0,0,0
WBGene00165449.,0,1,1
WBGene00165450.,0,0,0
WBGene00165451.,0,0,0
WBGene00165452.,0,0,0
WBGene00165453.,0,2,2
WBGene00165454.,0,0,0
WBGene00165455.,0,0,0
WBGene00165456.,0,0,0
WBGene00165457.,0,0,0
WBGene00165458.,0,0,0
WBGene00165459.,0,0,0
WBGene00165460.,0,0,0
WBGene00165461.,0,0,0
WBGene00165462.,0,3,3
WBGene00165463.,0,0,0
WBGene00165464.,0,3,3
WBGene00165465.,0,0,0
WBGene00165466.,0,0,0
WBGene00165467.,0,0,0
WBGene00165468.,0,0,0
WBGene00165469.,0,0,0
WBGene00165470.,0,0,0
WBGene00165471.,0,0,0
WBGene00165472.,0,0,0
WBGene00165473.,0,0,0
WBGene00165474.,0,0,0
WBGene00165475.,0,0,0
WBGene00165476.,0,0,0
WBGene00165477.,0,1,1
WBGene00165478.,0,0,0
WBGene00165479.,0,0,0
WBGene00165480.,0,0,0
WBGene00165481.,0,0,0
WBGene00165482.,0,0,0
WBGene00165483.,0,1,1
WBGene00165484.,0,0,0
WBGene00165485.,0,0,0
WBGene00165486.,0,6,6
WBGene00165487.,0,0,0
WBGene00165488.,0,1,1
WBGene00165489.,0,0,0
WBGene00165490.,0,1,1
WBGene00165491.,0,0,0
WBGene00165492.,0,0,0
WBGene00165493.,0,0,0
WBGene00165494.,0,0,0
WBGene00165495.,0,0,0
WBGene00165496.,0,0,0
WBGene00165497.,0,0,0
WBGene00165498.,0,0,0
WBGene00165499.,0,4,4
WBGene00165500.,0,0,0
WBGene00165501.,0,0,0
WBGene00165502.,0,0,0
WBGene00165503.,0,0,0
WBGene00165504.,0,0,0
WBGene00165505.,0,0,0
WBGene00165506.,0,1,1
WBGene00165507.,0,0,0
WBGene00165508.,0,0,0
WBGene00165509.,0,0,0
WBGene00165510.,0,0,0
WBGene00165511.,0,0,0
WBGene00165512.,0,0,0
WBGene00165513.,0,10,10
WBGene00165514.,0,0,0
WBGene00165515.,0,0,0
WBGene00165516.,0,0,0
WBGene00165517.,0,0,0
WBGene00165518.,0,0,0
WBGene00165519.,0,9,9
WBGene00165520.,0,0,0
WBGene00165521.,0,0,0
WBGene00165522.,0,0,0
WBGene00165523.,0,1,1
WBGene00165524.,0,0,0
WBGene00165525.,0,0,0
WBGene00165526.,0,1,1
WBGene00165527.,0,0,0
WBGene00165528.,0,0,0
WBGene00165529.,0,0,0
WBGene00165530.,0,0,0
WBGene00165531.,0,0,0
WBGene00165532.,0,0,0
WBGene00165533.,0,0,0
WBGene00165534.,0,0,0
WBGene00165535.,0,0,0
WBGene00165536.,0,0,0
WBGene00165537.,0,0,0
WBGene00165538.,0,1,1
WBGene00165539.,0,0,0
WBGene00165540.,0,0,0
WBGene00165541.,0,3,3
WBGene00165542.,0,1,1
WBGene00165543.,0,0,0
WBGene00165544.,0,3,3
WBGene00165545.,0,2,2
WBGene00165546.,0,0,0
WBGene00165547.,0,0,0
WBGene00165548.,0,0,0
WBGene00165549.,0,0,0
WBGene00165550.,0,0,0
WBGene00165551.,0,0,0
WBGene00165552.,0,0,0
WBGene00165553.,0,0,0
WBGene00165554.,0,0,0
WBGene00165555.,0,0,0
WBGene00165556.,0,0,0
WBGene00165557.,0,0,0
WBGene00165558.,0,160,160
WBGene00165559.,0,0,0
WBGene00165560.,0,0,0
WBGene00165561.,0,0,0
WBGene00165562.,0,0,0
WBGene00165563.,0,0,0
WBGene00165564.,0,0,0
WBGene00165565.,0,0,0
WBGene00165566.,0,3,3
WBGene00165567.,0,0,0
WBGene00165568.,0,1,1
WBGene00165569.,0,1,1
WBGene00165570.,0,0,0
WBGene00165571.,0,0,0
WBGene00165572.,0,0,0
WBGene00165573.,0,0,0
WBGene00165574.,0,0,0
WBGene00165575.,0,0,0
WBGene00165576.,0,0,0
WBGene00165577.,0,0,0
WBGene00165578.,0,0,0
WBGene00165579.,0,0,0
WBGene00165580.,0,0,0
WBGene00165581.,0,0,0
WBGene00165582.,0,4,4
WBGene00165583.,0,2,2
WBGene00165584.,0,0,0
WBGene00165585.,0,0,0
WBGene00165586.,0,0,0
WBGene00165587.,0,0,0
WBGene00165588.,0,0,0
WBGene00165589.,0,0,0
WBGene00165590.,0,0,0
WBGene00165591.,0,0,0
WBGene00165592.,0,0,0
WBGene00165593.,0,0,0
WBGene00165594.,0,0,0
WBGene00165595.,0,0,0
WBGene00165596.,0,3,3
WBGene00165597.,0,0,0
WBGene00165598.,0,0,0
WBGene00165599.,0,0,0
WBGene00165600.,0,1,1
WBGene00165601.,0,0,0
WBGene00165602.,0,0,0
WBGene00165603.,0,8,8
WBGene00165604.,0,0,0
WBGene00165605.,0,0,0
WBGene00165606.,0,0,0
WBGene00165607.,0,0,0
WBGene00165608.,0,0,0
WBGene00165609.,0,5,5
WBGene00165610.,0,0,0
WBGene00165611.,0,0,0
WBGene00165612.,0,0,0
WBGene00165613.,0,0,0
WBGene00165614.,0,0,0
WBGene00165615.,0,0,0
WBGene00165616.,0,0,0
WBGene00165617.,0,0,0
WBGene00165618.,0,0,0
WBGene00165619.,0,0,0
WBGene00165620.,0,0,0
WBGene00165621.,0,0,0
WBGene00165622.,0,0,0
WBGene00165623.,0,0,0
WBGene00165624.,0,0,0
WBGene00165625.,0,0,0
WBGene00165626.,0,0,0
WBGene00165627.,0,0,0
WBGene00165628.,0,0,0
WBGene00165629.,0,2,2
WBGene00165630.,0,0,0
WBGene00165631.,0,0,0
WBGene00165632.,0,0,0
WBGene00165633.,0,0,0
WBGene00165634.,0,0,0
WBGene00165635.,0,0,0
WBGene00165636.,0,2,2
WBGene00165637.,0,0,0
WBGene00165638.,0,0,0
WBGene00165639.,0,0,0
WBGene00165640.,0,0,0
WBGene00165641.,0,0,0
WBGene00165642.,0,0,0
WBGene00165643.,0,0,0
WBGene00165644.,0,0,0
WBGene00165645.,0,2,2
WBGene00165646.,0,1,1
WBGene00165647.,0,0,0
WBGene00165648.,0,0,0
WBGene00165649.,0,9,9
WBGene00165650.,0,2,2
WBGene00165651.,0,0,0
WBGene00165652.,0,2,2
WBGene00165653.,0,0,0
WBGene00165654.,0,1,1
WBGene00165655.,0,0,0
WBGene00165656.,0,0,0
WBGene00165657.,0,0,0
WBGene00165658.,0,0,0
WBGene00165659.,0,0,0
WBGene00165660.,0,0,0
WBGene00165661.,0,0,0
WBGene00165662.,0,0,0
WBGene00165663.,0,3,3
WBGene00165664.,0,0,0
WBGene00165665.,0,10,10
WBGene00165666.,0,7,7
WBGene00165667.,0,0,0
WBGene00165668.,0,0,0
WBGene00165669.,0,0,0
WBGene00165670.,0,0,0
WBGene00165671.,0,0,0
WBGene00165672.,0,0,0
WBGene00165673.,0,2,2
WBGene00165674.,0,0,0
WBGene00165675.,0,0,0
WBGene00165676.,0,0,0
WBGene00165677.,0,0,0
WBGene00165678.,0,0,0
WBGene00165679.,0,0,0
WBGene00165680.,0,0,0
WBGene00165681.,0,0,0
WBGene00165682.,0,0,0
WBGene00165683.,0,0,0
WBGene00165684.,0,0,0
WBGene00165685.,0,0,0
WBGene00165686.,0,0,0
WBGene00165687.,0,10,10
WBGene00165688.,0,0,0
WBGene00165689.,0,0,0
WBGene00165690.,0,2,2
WBGene00165691.,0,0,0
WBGene00165692.,0,0,0
WBGene00165693.,0,0,0
WBGene00165694.,0,0,0
WBGene00165695.,0,0,0
WBGene00165696.,0,0,0
WBGene00165697.,0,0,0
WBGene00165698.,0,0,0
WBGene00165699.,0,0,0
WBGene00165700.,0,0,0
WBGene00165701.,0,0,0
WBGene00165702.,0,0,0
WBGene00165703.,0,0,0
WBGene00165704.,0,0,0
WBGene00165705.,0,6,6
WBGene00165706.,0,0,0
WBGene00165707.,0,0,0
WBGene00165708.,0,0,0
WBGene00165709.,0,0,0
WBGene00165710.,0,0,0
WBGene00165711.,0,0,0
WBGene00165712.,0,0,0
WBGene00165713.,0,0,0
WBGene00165714.,0,0,0
WBGene00165715.,0,0,0
WBGene00165716.,0,0,0
WBGene00165717.,0,0,0
WBGene00165718.,0,2,2
WBGene00165719.,0,0,0
WBGene00165720.,0,1,1
WBGene00165721.,0,0,0
WBGene00165722.,0,6,6
WBGene00165723.,0,6,6
WBGene00165724.,0,0,0
WBGene00165725.,0,0,0
WBGene00165726.,0,2,2
WBGene00165727.,0,0,0
WBGene00165728.,0,0,0
WBGene00165729.,0,3,3
WBGene00165730.,0,0,0
WBGene00165731.,0,0,0
WBGene00165732.,0,0,0
WBGene00165733.,0,1,1
WBGene00165734.,0,25,25
WBGene00165735.,0,0,0
WBGene00165736.,0,0,0
WBGene00165737.,0,0,0
WBGene00165738.,0,0,0
WBGene00165739.,0,0,0
WBGene00165740.,0,0,0
WBGene00165741.,0,0,0
WBGene00165742.,0,0,0
WBGene00165743.,0,0,0
WBGene00165744.,0,0,0
WBGene00165745.,0,0,0
WBGene00165746.,0,0,0
WBGene00165747.,0,1,1
WBGene00165748.,0,2,2
WBGene00165749.,0,0,0
WBGene00165750.,0,0,0
WBGene00165751.,0,0,0
WBGene00165752.,0,8,8
WBGene00165753.,0,5,5
WBGene00165754.,0,0,0
WBGene00165755.,0,0,0
WBGene00165756.,0,0,0
WBGene00165757.,0,0,0
WBGene00165758.,0,0,0
WBGene00165759.,0,0,0
WBGene00165760.,0,0,0
WBGene00165761.,0,0,0
WBGene00165762.,0,0,0
WBGene00165763.,0,0,0
WBGene00165764.,0,2,2
WBGene00165765.,0,0,0
WBGene00165766.,0,0,0
WBGene00165767.,0,7,7
WBGene00165768.,0,0,0
WBGene00165769.,0,0,0
WBGene00165770.,0,0,0
WBGene00165771.,0,0,0
WBGene00165772.,0,0,0
WBGene00165773.,0,4,4
WBGene00165774.,0,0,0
WBGene00165775.,0,0,0
WBGene00165776.,0,0,0
WBGene00165777.,0,0,0
WBGene00165778.,0,0,0
WBGene00165779.,0,3,3
WBGene00165780.,0,0,0
WBGene00165781.,0,0,0
WBGene00165782.,0,0,0
WBGene00165783.,0,0,0
WBGene00165784.,0,0,0
WBGene00165785.,0,1,1
WBGene00165786.,0,1,1
WBGene00165787.,0,0,0
WBGene00165788.,0,0,0
WBGene00165789.,0,0,0
WBGene00165790.,0,1,1
WBGene00165791.,0,0,0
WBGene00165792.,0,0,0
WBGene00165793.,0,0,0
WBGene00165794.,0,1,1
WBGene00165795.,0,0,0
WBGene00165796.,0,0,0
WBGene00165797.,0,0,0
WBGene00165798.,0,0,0
WBGene00165799.,0,0,0
WBGene00165800.,0,0,0
WBGene00165801.,0,0,0
WBGene00165802.,0,0,0
WBGene00165803.,0,0,0
WBGene00165804.,0,0,0
WBGene00165805.,0,2,2
WBGene00165806.,0,0,0
WBGene00165807.,0,0,0
WBGene00165808.,0,0,0
WBGene00165809.,0,0,0
WBGene00165810.,0,3,3
WBGene00165811.,0,0,0
WBGene00165812.,0,0,0
WBGene00165813.,0,0,0
WBGene00165814.,0,0,0
WBGene00165815.,0,0,0
WBGene00165816.,0,0,0
WBGene00165817.,0,0,0
WBGene00165818.,0,0,0
WBGene00165819.,0,0,0
WBGene00165820.,0,0,0
WBGene00165821.,0,0,0
WBGene00165822.,0,0,0
WBGene00165823.,0,0,0
WBGene00165824.,0,0,0
WBGene00165825.,0,0,0
WBGene00165826.,0,7,7
WBGene00165827.,0,0,0
WBGene00165828.,0,0,0
WBGene00165829.,0,0,0
WBGene00165830.,0,2,2
WBGene00165831.,0,0,0
WBGene00165832.,0,0,0
WBGene00165833.,0,0,0
WBGene00165834.,0,0,0
WBGene00165835.,0,5,5
WBGene00165836.,0,0,0
WBGene00165837.,0,0,0
WBGene00165838.,0,0,0
WBGene00165839.,0,2,2
WBGene00165840.,0,0,0
WBGene00165841.,0,0,0
WBGene00165842.,0,1,1
WBGene00165843.,0,0,0
WBGene00165844.,0,0,0
WBGene00165845.,0,0,0
WBGene00165846.,0,0,0
WBGene00165847.,0,0,0
WBGene00165848.,0,0,0
WBGene00165849.,0,0,0
WBGene00165850.,0,0,0
WBGene00165851.,0,0,0
WBGene00165852.,0,0,0
WBGene00165853.,0,0,0
WBGene00165854.,0,2,2
WBGene00165855.,0,0,0
WBGene00165856.,0,0,0
WBGene00165857.,0,1,1
WBGene00165858.,0,0,0
WBGene00165859.,0,0,0
WBGene00165860.,0,0,0
WBGene00165861.,0,0,0
WBGene00165862.,0,0,0
WBGene00165863.,0,0,0
WBGene00165864.,0,0,0
WBGene00165865.,0,0,0
WBGene00165866.,0,0,0
WBGene00165867.,0,2,2
WBGene00165868.,0,0,0
WBGene00165869.,0,0,0
WBGene00165870.,0,0,0
WBGene00165871.,0,0,0
WBGene00165872.,0,0,0
WBGene00165873.,0,0,0
WBGene00165874.,0,0,0
WBGene00165875.,0,0,0
WBGene00165876.,0,0,0
WBGene00165877.,0,2,2
WBGene00165878.,0,0,0
WBGene00165879.,0,0,0
WBGene00165880.,0,0,0
WBGene00165881.,0,3,3
WBGene00165882.,0,0,0
WBGene00165883.,0,0,0
WBGene00165884.,0,1,1
WBGene00165885.,0,0,0
WBGene00165886.,0,0,0
WBGene00165887.,0,0,0
WBGene00165888.,0,0,0
WBGene00165889.,0,0,0
WBGene00165890.,0,0,0
WBGene00165891.,0,0,0
WBGene00165892.,0,2,2
WBGene00165893.,0,9,9
WBGene00165894.,0,0,0
WBGene00165895.,0,0,0
WBGene00165896.,0,0,0
WBGene00165897.,0,0,0
WBGene00165898.,0,0,0
WBGene00165899.,0,0,0
WBGene00165900.,0,0,0
WBGene00165901.,0,0,0
WBGene00165902.,0,0,0
WBGene00165903.,0,0,0
WBGene00165904.,0,0,0
WBGene00165905.,0,0,0
WBGene00165906.,0,0,0
WBGene00165907.,0,0,0
WBGene00165908.,0,0,0
WBGene00165909.,0,0,0
WBGene00165910.,0,1,1
WBGene00165911.,0,0,0
WBGene00165912.,0,0,0
WBGene00165913.,0,1,1
WBGene00165914.,0,0,0
WBGene00165915.,0,0,0
WBGene00165916.,0,0,0
WBGene00165917.,0,0,0
WBGene00165918.,0,0,0
WBGene00165919.,0,0,0
WBGene00165920.,0,0,0
WBGene00165921.,0,1,1
WBGene00165922.,0,0,0
WBGene00165923.,0,0,0
WBGene00165924.,0,2,2
WBGene00165925.,0,0,0
WBGene00165926.,0,6,6
WBGene00165927.,0,0,0
WBGene00165928.,0,0,0
WBGene00165929.,0,0,0
WBGene00165930.,0,0,0
WBGene00165931.,0,0,0
WBGene00165932.,0,5,5
WBGene00165933.,0,0,0
WBGene00165934.,0,1,1
WBGene00165935.,0,0,0
WBGene00165936.,0,1,1
WBGene00165937.,0,0,0
WBGene00165938.,0,0,0
WBGene00165939.,0,1,1
WBGene00165940.,0,0,0
WBGene00165941.,0,0,0
WBGene00165942.,0,0,0
WBGene00165943.,0,0,0
WBGene00165944.,0,0,0
WBGene00165945.,0,0,0
WBGene00165946.,0,0,0
WBGene00165947.,0,13,13
WBGene00165948.,0,0,0
WBGene00165949.,0,13,13
WBGene00165950.,0,0,0
WBGene00165951.,0,0,0
WBGene00165952.,0,0,0
WBGene00165953.,0,0,0
WBGene00165954.,0,4,4
WBGene00165955.,0,0,0
WBGene00165956.,0,8,8
WBGene00165957.,0,0,0
WBGene00165958.,0,1,1
WBGene00165959.,0,0,0
WBGene00165960.,0,0,0
WBGene00165961.,0,0,0
WBGene00165962.,0,0,0
WBGene00165963.,0,0,0
WBGene00165964.,0,4,4
WBGene00165965.,0,0,0
WBGene00165966.,0,2,2
WBGene00165967.,0,0,0
WBGene00165968.,0,0,0
WBGene00165969.,0,0,0
WBGene00165970.,0,0,0
WBGene00165971.,0,0,0
WBGene00165972.,0,1,1
WBGene00165973.,0,0,0
WBGene00165974.,0,0,0
WBGene00165975.,0,1,1
WBGene00165976.,0,0,0
WBGene00165977.,0,0,0
WBGene00165978.,0,0,0
WBGene00165979.,0,0,0
WBGene00165980.,0,4,4
WBGene00165981.,0,0,0
WBGene00165982.,0,0,0
WBGene00165983.,0,0,0
WBGene00165984.,0,0,0
WBGene00165985.,0,0,0
WBGene00165986.,0,0,0
WBGene00165987.,0,1,1
WBGene00165988.,0,0,0
WBGene00165989.,0,0,0
WBGene00165990.,0,23,23
WBGene00165991.,0,0,0
WBGene00165992.,0,0,0
WBGene00165993.,0,3,3
WBGene00165994.,0,0,0
WBGene00165995.,0,0,0
WBGene00165996.,0,0,0
WBGene00165997.,0,0,0
WBGene00165998.,0,0,0
WBGene00165999.,0,0,0
WBGene00166000.,0,0,0
WBGene00166001.,0,0,0
WBGene00166002.,0,5,5
WBGene00166003.,0,1,1
WBGene00166004.,0,0,0
WBGene00166005.,0,0,0
WBGene00166006.,0,0,0
WBGene00166007.,0,0,0
WBGene00166008.,0,4,4
WBGene00166009.,0,1,1
WBGene00166010.,0,1,1
WBGene00166011.,0,0,0
WBGene00166012.,0,0,0
WBGene00166013.,0,0,0
WBGene00166014.,0,0,0
WBGene00166015.,0,0,0
WBGene00166016.,0,0,0
WBGene00166017.,0,0,0
WBGene00166018.,0,0,0
WBGene00166019.,0,0,0
WBGene00166020.,0,0,0
WBGene00166021.,0,1,1
WBGene00166022.,0,0,0
WBGene00166023.,0,0,0
WBGene00166024.,0,1,1
WBGene00166025.,0,0,0
WBGene00166026.,0,0,0
WBGene00166027.,0,0,0
WBGene00166028.,0,0,0
WBGene00166029.,0,0,0
WBGene00166030.,0,0,0
WBGene00166031.,0,0,0
WBGene00166032.,0,3,3
WBGene00166033.,0,0,0
WBGene00166034.,0,0,0
WBGene00166035.,0,0,0
WBGene00166036.,0,0,0
WBGene00166037.,0,0,0
WBGene00166038.,0,0,0
WBGene00166039.,0,1,1
WBGene00166040.,0,0,0
WBGene00166041.,0,17,17
WBGene00166042.,0,0,0
WBGene00166043.,0,1,1
WBGene00166044.,0,0,0
WBGene00166045.,0,0,0
WBGene00166046.,0,0,0
WBGene00166047.,0,7,7
WBGene00166048.,0,0,0
WBGene00166049.,0,1,1
WBGene00166050.,0,0,0
WBGene00166051.,0,1,1
WBGene00166052.,0,0,0
WBGene00166053.,0,0,0
WBGene00166054.,0,0,0
WBGene00166055.,0,0,0
WBGene00166057.,0,0,0
WBGene00166058.,0,1,1
WBGene00166059.,0,0,0
WBGene00166060.,0,0,0
WBGene00166062.,0,0,0
WBGene00166063.,0,0,0
WBGene00166064.,0,0,0
WBGene00166065.,0,3,3
WBGene00166066.,0,0,0
WBGene00166067.,0,1,1
WBGene00166068.,0,0,0
WBGene00166069.,0,0,0
WBGene00166070.,0,0,0
WBGene00166071.,0,0,0
WBGene00166072.,0,0,0
WBGene00166073.,0,0,0
WBGene00166074.,0,0,0
WBGene00166075.,0,0,0
WBGene00166076.,0,0,0
WBGene00166077.,0,0,0
WBGene00166078.,0,0,0
WBGene00166079.,0,0,0
WBGene00166080.,0,0,0
WBGene00166081.,0,1,1
WBGene00166082.,0,4,4
WBGene00166083.,0,0,0
WBGene00166084.,0,0,0
WBGene00166085.,0,0,0
WBGene00166086.,0,0,0
WBGene00166087.,0,0,0
WBGene00166088.,0,1,1
WBGene00166089.,0,0,0
WBGene00166090.,0,0,0
WBGene00166091.,0,0,0
WBGene00166092.,0,0,0
WBGene00166093.,0,12,12
WBGene00166094.,0,0,0
WBGene00166095.,0,0,0
WBGene00166096.,0,5,5
WBGene00166097.,0,8,8
WBGene00166098.,0,0,0
WBGene00166099.,0,1,1
WBGene00166100.,0,3,3
WBGene00166101.,0,0,0
WBGene00166102.,0,0,0
WBGene00166103.,0,0,0
WBGene00166104.,0,0,0
WBGene00166105.,0,3,3
WBGene00166106.,0,0,0
WBGene00166107.,0,0,0
WBGene00166108.,0,0,0
WBGene00166109.,0,0,0
WBGene00166110.,0,0,0
WBGene00166111.,0,0,0
WBGene00166112.,0,0,0
WBGene00166113.,0,0,0
WBGene00166114.,0,0,0
WBGene00166115.,0,0,0
WBGene00166116.,0,0,0
WBGene00166117.,0,0,0
WBGene00166118.,0,0,0
WBGene00166119.,0,0,0
WBGene00166120.,0,0,0
WBGene00166121.,0,0,0
WBGene00166122.,0,0,0
WBGene00166123.,0,0,0
WBGene00166124.,0,0,0
WBGene00166125.,0,0,0
WBGene00166126.,0,0,0
WBGene00166127.,0,0,0
WBGene00166128.,0,0,0
WBGene00166129.,0,0,0
WBGene00166130.,0,0,0
WBGene00166131.,0,0,0
WBGene00166132.,0,0,0
WBGene00166133.,0,0,0
WBGene00166134.,0,0,0
WBGene00166135.,0,0,0
WBGene00166136.,0,0,0
WBGene00166137.,0,0,0
WBGene00166138.,0,0,0
WBGene00166139.,0,0,0
WBGene00166140.,0,0,0
WBGene00166141.,1,1,2
WBGene00166142.,0,0,0
WBGene00166143.,0,0,0
WBGene00166144.,0,0,0
WBGene00166145.,0,0,0
WBGene00166146.,0,0,0
WBGene00166147.,0,0,0
WBGene00166148.,0,0,0
WBGene00166149.,0,0,0
WBGene00166150.,0,0,0
WBGene00166151.,0,0,0
WBGene00166152.,0,0,0
WBGene00166153.,0,0,0
WBGene00166154.,0,0,0
WBGene00166155.,0,1,1
WBGene00166156.,0,0,0
WBGene00166157.,0,0,0
WBGene00166158.,0,0,0
WBGene00166159.,0,0,0
WBGene00166160.,0,7,7
WBGene00166161.,0,0,0
WBGene00166162.,0,0,0
WBGene00166163.,0,0,0
WBGene00166164.,0,2,2
WBGene00166165.,0,1,1
WBGene00166166.,0,0,0
WBGene00166167.,0,0,0
WBGene00166168.,0,0,0
WBGene00166169.,0,0,0
WBGene00166170.,0,0,0
WBGene00166171.,0,0,0
WBGene00166172.,0,0,0
WBGene00166173.,0,0,0
WBGene00166174.,0,0,0
WBGene00166175.,0,2,2
WBGene00166176.,0,4,4
WBGene00166177.,0,0,0
WBGene00166178.,0,0,0
WBGene00166179.,0,0,0
WBGene00166180.,0,0,0
WBGene00166181.,0,0,0
WBGene00166182.,0,0,0
WBGene00166183.,0,4,4
WBGene00166184.,0,0,0
WBGene00166185.,0,0,0
WBGene00166186.,0,0,0
WBGene00166187.,0,0,0
WBGene00166188.,0,0,0
WBGene00166189.,0,0,0
WBGene00166190.,0,0,0
WBGene00166191.,0,0,0
WBGene00166192.,0,1,1
WBGene00166193.,0,1,1
WBGene00166194.,0,0,0
WBGene00166195.,0,0,0
WBGene00166196.,0,0,0
WBGene00166197.,0,0,0
WBGene00166198.,0,0,0
WBGene00166199.,0,0,0
WBGene00166200.,0,0,0
WBGene00166201.,0,2,2
WBGene00166202.,0,0,0
WBGene00166203.,0,2,2
WBGene00166204.,0,0,0
WBGene00166205.,0,1,1
WBGene00166206.,0,0,0
WBGene00166207.,0,0,0
WBGene00166208.,0,0,0
WBGene00166209.,0,0,0
WBGene00166210.,0,0,0
WBGene00166211.,0,0,0
WBGene00166212.,0,0,0
WBGene00166213.,0,0,0
WBGene00166214.,0,0,0
WBGene00166215.,0,0,0
WBGene00166216.,0,0,0
WBGene00166217.,0,0,0
WBGene00166218.,0,0,0
WBGene00166219.,0,0,0
WBGene00166220.,0,0,0
WBGene00166221.,0,2,2
WBGene00166222.,0,0,0
WBGene00166223.,0,1,1
WBGene00166224.,0,1,1
WBGene00166225.,0,0,0
WBGene00166226.,0,0,0
WBGene00166227.,0,0,0
WBGene00166228.,0,0,0
WBGene00166229.,0,0,0
WBGene00166230.,0,0,0
WBGene00166231.,0,0,0
WBGene00166232.,0,0,0
WBGene00166233.,0,0,0
WBGene00166234.,0,0,0
WBGene00166235.,0,0,0
WBGene00166236.,0,0,0
WBGene00166237.,0,3,3
WBGene00166238.,0,0,0
WBGene00166239.,0,0,0
WBGene00166240.,0,0,0
WBGene00166241.,0,0,0
WBGene00166242.,0,2,2
WBGene00166243.,0,0,0
WBGene00166244.,0,0,0
WBGene00166245.,0,0,0
WBGene00166246.,0,0,0
WBGene00166247.,0,0,0
WBGene00166248.,0,1,1
WBGene00166249.,0,0,0
WBGene00166250.,0,0,0
WBGene00166251.,0,1,1
WBGene00166252.,0,0,0
WBGene00166253.,0,0,0
WBGene00166254.,0,0,0
WBGene00166255.,0,0,0
WBGene00166256.,0,0,0
WBGene00166257.,0,0,0
WBGene00166258.,0,0,0
WBGene00166259.,0,3,3
WBGene00166260.,0,0,0
WBGene00166261.,0,0,0
WBGene00166262.,0,1,1
WBGene00166263.,0,1,1
WBGene00166264.,0,0,0
WBGene00166265.,0,0,0
WBGene00166266.,0,0,0
WBGene00166267.,0,0,0
WBGene00166268.,0,0,0
WBGene00166269.,0,0,0
WBGene00166270.,0,0,0
WBGene00166271.,0,0,0
WBGene00166272.,0,0,0
WBGene00166273.,0,0,0
WBGene00166274.,0,0,0
WBGene00166275.,0,1,1
WBGene00166276.,0,0,0
WBGene00166277.,0,0,0
WBGene00166278.,0,0,0
WBGene00166279.,0,0,0
WBGene00166280.,0,0,0
WBGene00166281.,0,1,1
WBGene00166282.,0,0,0
WBGene00166283.,0,2,2
WBGene00166284.,0,0,0
WBGene00166285.,0,0,0
WBGene00166286.,0,0,0
WBGene00166287.,0,0,0
WBGene00166288.,0,0,0
WBGene00166289.,0,59,59
WBGene00166290.,0,0,0
WBGene00166291.,0,0,0
WBGene00166292.,0,0,0
WBGene00166293.,0,0,0
WBGene00166294.,0,0,0
WBGene00166295.,0,0,0
WBGene00166296.,0,7,7
WBGene00166297.,0,0,0
WBGene00166298.,0,2,2
WBGene00166299.,0,0,0
WBGene00166300.,0,1,1
WBGene00166301.,0,0,0
WBGene00166302.,0,0,0
WBGene00166303.,0,0,0
WBGene00166304.,0,0,0
WBGene00166305.,0,2,2
WBGene00166306.,0,0,0
WBGene00166307.,0,0,0
WBGene00166308.,0,0,0
WBGene00166309.,0,0,0
WBGene00166310.,0,0,0
WBGene00166311.,0,0,0
WBGene00166312.,0,0,0
WBGene00166313.,0,0,0
WBGene00166314.,0,0,0
WBGene00166315.,0,0,0
WBGene00166316.,0,0,0
WBGene00166317.,0,0,0
WBGene00166318.,0,0,0
WBGene00166319.,0,0,0
WBGene00166320.,0,0,0
WBGene00166321.,0,0,0
WBGene00166322.,0,0,0
WBGene00166323.,0,0,0
WBGene00166324.,0,0,0
WBGene00166325.,0,0,0
WBGene00166326.,0,0,0
WBGene00166327.,0,0,0
WBGene00166328.,0,0,0
WBGene00166329.,0,0,0
WBGene00166330.,0,0,0
WBGene00166331.,0,0,0
WBGene00166332.,0,0,0
WBGene00166333.,0,0,0
WBGene00166334.,0,0,0
WBGene00166335.,0,0,0
WBGene00166336.,0,1,1
WBGene00166337.,0,0,0
WBGene00166338.,0,0,0
WBGene00166339.,0,1,1
WBGene00166340.,0,0,0
WBGene00166341.,0,0,0
WBGene00166342.,0,0,0
WBGene00166343.,0,0,0
WBGene00166344.,0,0,0
WBGene00166345.,0,0,0
WBGene00166346.,0,0,0
WBGene00166347.,0,0,0
WBGene00166348.,0,0,0
WBGene00166349.,0,0,0
WBGene00166350.,0,0,0
WBGene00166351.,0,0,0
WBGene00166352.,0,0,0
WBGene00166353.,0,0,0
WBGene00166354.,0,1,1
WBGene00166355.,0,0,0
WBGene00166356.,0,0,0
WBGene00166357.,0,0,0
WBGene00166358.,0,1,1
WBGene00166359.,0,0,0
WBGene00166360.,0,0,0
WBGene00166361.,0,0,0
WBGene00166362.,0,0,0
WBGene00166363.,0,0,0
WBGene00166364.,0,0,0
WBGene00166365.,0,2,2
WBGene00166366.,0,0,0
WBGene00166367.,0,0,0
WBGene00166368.,0,0,0
WBGene00166369.,0,0,0
WBGene00166370.,0,0,0
WBGene00166371.,0,1,1
WBGene00166372.,0,0,0
WBGene00166373.,0,0,0
WBGene00166374.,0,4,4
WBGene00166375.,0,0,0
WBGene00166376.,0,0,0
WBGene00166377.,0,8,8
WBGene00166378.,0,1,1
WBGene00166379.,0,0,0
WBGene00166380.,0,0,0
WBGene00166381.,0,0,0
WBGene00166382.,0,0,0
WBGene00166383.,0,0,0
WBGene00166384.,0,0,0
WBGene00166385.,0,0,0
WBGene00166386.,0,0,0
WBGene00166387.,0,0,0
WBGene00166388.,0,0,0
WBGene00166389.,0,1,1
WBGene00166390.,0,0,0
WBGene00166391.,0,0,0
WBGene00166392.,0,0,0
WBGene00166393.,0,0,0
WBGene00166394.,0,0,0
WBGene00166395.,0,0,0
WBGene00166396.,0,0,0
WBGene00166397.,0,7,7
WBGene00166398.,0,0,0
WBGene00166399.,0,1,1
WBGene00166400.,0,0,0
WBGene00166401.,0,3,3
WBGene00166402.,0,0,0
WBGene00166403.,0,0,0
WBGene00166404.,0,0,0
WBGene00166405.,0,2,2
WBGene00166406.,0,0,0
WBGene00166407.,0,0,0
WBGene00166408.,0,0,0
WBGene00166409.,0,0,0
WBGene00166410.,0,1,1
WBGene00166411.,0,0,0
WBGene00166412.,0,14,14
WBGene00166413.,0,0,0
WBGene00166414.,0,0,0
WBGene00166415.,0,0,0
WBGene00166416.,0,0,0
WBGene00166417.,0,1,1
WBGene00166418.,0,0,0
WBGene00166419.,0,0,0
WBGene00166420.,0,1,1
WBGene00166421.,0,0,0
WBGene00166422.,0,0,0
WBGene00166423.,0,0,0
WBGene00166424.,0,0,0
WBGene00166425.,0,0,0
WBGene00166426.,0,0,0
WBGene00166427.,0,0,0
WBGene00166428.,0,0,0
WBGene00166429.,0,1,1
WBGene00166430.,0,0,0
WBGene00166431.,0,0,0
WBGene00166432.,0,0,0
WBGene00166433.,0,0,0
WBGene00166434.,0,0,0
WBGene00166435.,0,0,0
WBGene00166436.,0,0,0
WBGene00166437.,0,1,1
WBGene00166438.,0,3,3
WBGene00166439.,0,0,0
WBGene00166440.,0,0,0
WBGene00166441.,0,0,0
WBGene00166442.,0,2,2
WBGene00166443.,0,0,0
WBGene00166444.,0,0,0
WBGene00166445.,0,0,0
WBGene00166446.,0,1,1
WBGene00166447.,0,0,0
WBGene00166448.,0,0,0
WBGene00166449.,0,6,6
WBGene00166450.,0,1,1
WBGene00166451.,0,0,0
WBGene00166452.,0,0,0
WBGene00166453.,0,0,0
WBGene00166454.,0,0,0
WBGene00166455.,0,1,1
WBGene00166456.,0,0,0
WBGene00166457.,0,0,0
WBGene00166458.,0,0,0
WBGene00166459.,0,0,0
WBGene00166460.,0,0,0
WBGene00166461.,0,0,0
WBGene00166462.,0,1,1
WBGene00166463.,0,0,0
WBGene00166464.,0,0,0
WBGene00166465.,0,4,4
WBGene00166466.,0,0,0
WBGene00166467.,0,0,0
WBGene00166468.,0,0,0
WBGene00166469.,0,0,0
WBGene00166470.,0,0,0
WBGene00166471.,0,0,0
WBGene00166472.,0,0,0
WBGene00166473.,0,0,0
WBGene00166474.,0,0,0
WBGene00166475.,0,0,0
WBGene00166476.,0,0,0
WBGene00166477.,0,2,2
WBGene00166478.,0,0,0
WBGene00166479.,0,0,0
WBGene00166480.,0,5,5
WBGene00166481.,0,0,0
WBGene00166482.,0,0,0
WBGene00166483.,0,0,0
WBGene00166484.,0,0,0
WBGene00166485.,0,0,0
WBGene00166486.,0,0,0
WBGene00166487.,0,0,0
WBGene00166488.,0,4,4
WBGene00166489.,0,2,2
WBGene00166490.,0,0,0
WBGene00166491.,0,0,0
WBGene00166492.,0,0,0
WBGene00166493.,0,1,1
WBGene00166494.,0,0,0
WBGene00166495.,0,0,0
WBGene00166496.,0,1,1
WBGene00166497.,0,0,0
WBGene00166498.,0,0,0
WBGene00166499.,0,0,0
WBGene00166500.,0,0,0
WBGene00166501.,0,0,0
WBGene00166502.,0,0,0
WBGene00166503.,0,0,0
WBGene00166504.,0,0,0
WBGene00166505.,0,0,0
WBGene00166506.,0,0,0
WBGene00166507.,0,0,0
WBGene00166508.,0,0,0
WBGene00166509.,0,0,0
WBGene00166510.,0,0,0
WBGene00166511.,0,0,0
WBGene00166512.,0,0,0
WBGene00166513.,0,0,0
WBGene00166514.,0,0,0
WBGene00166515.,0,0,0
WBGene00166516.,0,0,0
WBGene00166517.,0,0,0
WBGene00166518.,0,0,0
WBGene00166519.,0,0,0
WBGene00166520.,0,0,0
WBGene00166521.,0,0,0
WBGene00166522.,0,0,0
WBGene00166523.,0,0,0
WBGene00166524.,0,0,0
WBGene00166525.,0,0,0
WBGene00166526.,0,0,0
WBGene00166527.,0,0,0
WBGene00166528.,0,0,0
WBGene00166529.,0,0,0
WBGene00166530.,0,1,1
WBGene00166531.,0,0,0
WBGene00166532.,0,1,1
WBGene00166533.,0,0,0
WBGene00166534.,0,3,3
WBGene00166535.,0,0,0
WBGene00166536.,0,0,0
WBGene00166537.,0,0,0
WBGene00166538.,0,0,0
WBGene00166539.,0,21,21
WBGene00166540.,0,0,0
WBGene00166541.,0,0,0
WBGene00166542.,0,0,0
WBGene00166543.,0,4,4
WBGene00166544.,0,0,0
WBGene00166545.,0,0,0
WBGene00166546.,0,0,0
WBGene00166547.,0,1,1
WBGene00166548.,0,0,0
WBGene00166549.,0,0,0
WBGene00166550.,0,0,0
WBGene00166551.,0,0,0
WBGene00166552.,0,0,0
WBGene00166553.,0,0,0
WBGene00166554.,0,0,0
WBGene00166555.,0,0,0
WBGene00166556.,0,0,0
WBGene00166557.,0,0,0
WBGene00166558.,0,0,0
WBGene00166559.,0,0,0
WBGene00166560.,0,0,0
WBGene00166561.,0,1,1
WBGene00166562.,0,2,2
WBGene00166563.,0,0,0
WBGene00166564.,0,4,4
WBGene00166565.,0,0,0
WBGene00166566.,0,0,0
WBGene00166567.,0,0,0
WBGene00166568.,0,0,0
WBGene00166569.,0,0,0
WBGene00166570.,0,0,0
WBGene00166571.,0,0,0
WBGene00166572.,0,0,0
WBGene00166573.,0,0,0
WBGene00166574.,0,0,0
WBGene00166575.,0,0,0
WBGene00166576.,0,0,0
WBGene00166577.,0,0,0
WBGene00166578.,0,0,0
WBGene00166579.,0,0,0
WBGene00166580.,0,0,0
WBGene00166581.,0,2,2
WBGene00166582.,0,0,0
WBGene00166583.,0,0,0
WBGene00166584.,0,0,0
WBGene00166585.,0,0,0
WBGene00166586.,0,1,1
WBGene00166587.,0,0,0
WBGene00166588.,0,0,0
WBGene00166589.,0,0,0
WBGene00166590.,0,0,0
WBGene00166591.,0,3,3
WBGene00166592.,0,0,0
WBGene00166593.,0,1,1
WBGene00166594.,0,0,0
WBGene00166595.,0,0,0
WBGene00166596.,0,0,0
WBGene00166597.,0,0,0
WBGene00166598.,0,0,0
WBGene00166599.,0,0,0
WBGene00166600.,0,0,0
WBGene00166601.,0,0,0
WBGene00166602.,0,0,0
WBGene00166603.,0,0,0
WBGene00166604.,0,0,0
WBGene00166605.,0,0,0
WBGene00166606.,0,0,0
WBGene00166607.,0,0,0
WBGene00166608.,0,0,0
WBGene00166609.,0,3,3
WBGene00166610.,0,0,0
WBGene00166611.,0,0,0
WBGene00166612.,0,1,1
WBGene00166613.,0,0,0
WBGene00166614.,0,0,0
WBGene00166615.,0,0,0
WBGene00166616.,0,0,0
WBGene00166617.,0,0,0
WBGene00166618.,0,0,0
WBGene00166619.,0,0,0
WBGene00166620.,0,0,0
WBGene00166621.,0,0,0
WBGene00166622.,0,0,0
WBGene00166623.,0,0,0
WBGene00166624.,0,0,0
WBGene00166625.,0,0,0
WBGene00166626.,0,0,0
WBGene00166627.,0,0,0
WBGene00166628.,0,0,0
WBGene00166629.,0,0,0
WBGene00166630.,0,0,0
WBGene00166631.,0,0,0
WBGene00166632.,0,0,0
WBGene00166633.,0,0,0
WBGene00166634.,0,0,0
WBGene00166635.,0,0,0
WBGene00166636.,0,1,1
WBGene00166637.,0,0,0
WBGene00166638.,0,0,0
WBGene00166639.,0,0,0
WBGene00166640.,0,0,0
WBGene00166641.,0,0,0
WBGene00166642.,0,0,0
WBGene00166643.,0,0,0
WBGene00166644.,0,0,0
WBGene00166645.,0,0,0
WBGene00166646.,0,0,0
WBGene00166647.,0,0,0
WBGene00166648.,0,0,0
WBGene00166649.,0,0,0
WBGene00166650.,0,0,0
WBGene00166651.,0,2,2
WBGene00166652.,0,0,0
WBGene00166653.,0,0,0
WBGene00166654.,0,0,0
WBGene00166655.,0,0,0
WBGene00166656.,0,2,2
WBGene00166657.,0,0,0
WBGene00166658.,0,1,1
WBGene00166659.,0,0,0
WBGene00166660.,0,0,0
WBGene00166661.,0,0,0
WBGene00166662.,0,3,3
WBGene00166663.,0,0,0
WBGene00166664.,0,0,0
WBGene00166665.,0,0,0
WBGene00166666.,0,0,0
WBGene00166667.,0,0,0
WBGene00166668.,0,0,0
WBGene00166669.,0,0,0
WBGene00166670.,0,0,0
WBGene00166671.,0,2,2
WBGene00166672.,0,0,0
WBGene00166673.,0,0,0
WBGene00166674.,0,0,0
WBGene00166675.,0,0,0
WBGene00166676.,0,0,0
WBGene00166677.,0,0,0
WBGene00166678.,0,0,0
WBGene00166679.,0,0,0
WBGene00166680.,0,0,0
WBGene00166681.,0,0,0
WBGene00166682.,0,2,2
WBGene00166683.,0,0,0
WBGene00166684.,0,0,0
WBGene00166685.,0,0,0
WBGene00166686.,0,0,0
WBGene00166687.,0,0,0
WBGene00166688.,0,0,0
WBGene00166689.,0,0,0
WBGene00166690.,0,0,0
WBGene00166691.,0,0,0
WBGene00166692.,0,0,0
WBGene00166693.,0,61,61
WBGene00166694.,0,0,0
WBGene00166695.,0,0,0
WBGene00166696.,0,3,3
WBGene00166697.,0,0,0
WBGene00166698.,0,0,0
WBGene00166699.,0,0,0
WBGene00166700.,0,0,0
WBGene00166701.,0,1,1
WBGene00166702.,0,0,0
WBGene00166703.,0,0,0
WBGene00166704.,0,0,0
WBGene00166705.,0,0,0
WBGene00166706.,0,0,0
WBGene00166707.,0,1,1
WBGene00166708.,0,0,0
WBGene00166709.,0,0,0
WBGene00166710.,0,0,0
WBGene00166711.,0,1,1
WBGene00166712.,0,3,3
WBGene00166713.,0,0,0
WBGene00166714.,0,0,0
WBGene00166715.,0,1,1
WBGene00166716.,0,7,7
WBGene00166717.,0,0,0
WBGene00166718.,0,0,0
WBGene00166719.,0,0,0
WBGene00166720.,0,0,0
WBGene00166721.,0,3,3
WBGene00166722.,0,1,1
WBGene00166723.,0,0,0
WBGene00166724.,0,0,0
WBGene00166725.,0,0,0
WBGene00166726.,0,0,0
WBGene00166727.,0,0,0
WBGene00166728.,0,0,0
WBGene00166729.,0,0,0
WBGene00166730.,0,1,1
WBGene00166731.,0,0,0
WBGene00166732.,0,0,0
WBGene00166733.,0,0,0
WBGene00166734.,0,0,0
WBGene00166735.,0,4,4
WBGene00166736.,0,1,1
WBGene00166737.,0,0,0
WBGene00166738.,0,0,0
WBGene00166739.,0,0,0
WBGene00166740.,0,0,0
WBGene00166741.,0,1,1
WBGene00166742.,0,0,0
WBGene00166743.,0,0,0
WBGene00166744.,0,0,0
WBGene00166745.,0,0,0
WBGene00166746.,0,0,0
WBGene00166747.,0,1,1
WBGene00166748.,0,0,0
WBGene00166749.,0,0,0
WBGene00166750.,0,0,0
WBGene00166751.,0,0,0
WBGene00166752.,0,0,0
WBGene00166753.,0,0,0
WBGene00166754.,0,0,0
WBGene00166755.,0,0,0
WBGene00166756.,0,0,0
WBGene00166757.,0,0,0
WBGene00166758.,0,0,0
WBGene00166759.,0,0,0
WBGene00166760.,0,10,10
WBGene00166761.,0,0,0
WBGene00166762.,0,0,0
WBGene00166763.,0,0,0
WBGene00166764.,0,0,0
WBGene00166765.,0,0,0
WBGene00166766.,0,0,0
WBGene00166767.,0,0,0
WBGene00166768.,0,0,0
WBGene00166769.,0,0,0
WBGene00166770.,0,0,0
WBGene00166771.,0,3,3
WBGene00166772.,0,0,0
WBGene00166773.,0,0,0
WBGene00166774.,0,0,0
WBGene00166775.,0,1,1
WBGene00166776.,0,0,0
WBGene00166777.,0,0,0
WBGene00166778.,0,0,0
WBGene00166779.,0,0,0
WBGene00166780.,0,1,1
WBGene00166781.,0,0,0
WBGene00166782.,0,0,0
WBGene00166783.,0,0,0
WBGene00166784.,0,0,0
WBGene00166785.,0,2,2
WBGene00166786.,0,0,0
WBGene00166787.,0,0,0
WBGene00166788.,0,0,0
WBGene00166789.,0,0,0
WBGene00166790.,0,0,0
WBGene00166791.,0,0,0
WBGene00166792.,0,0,0
WBGene00166793.,0,0,0
WBGene00166794.,0,1,1
WBGene00166795.,0,0,0
WBGene00166796.,0,0,0
WBGene00166797.,0,0,0
WBGene00166798.,0,0,0
WBGene00166799.,0,0,0
WBGene00166800.,0,0,0
WBGene00166801.,0,0,0
WBGene00166802.,0,0,0
WBGene00166803.,0,0,0
WBGene00166804.,0,0,0
WBGene00166805.,0,0,0
WBGene00166806.,0,0,0
WBGene00166807.,0,0,0
WBGene00166808.,0,0,0
WBGene00166809.,0,0,0
WBGene00166810.,0,0,0
WBGene00166811.,0,67,67
WBGene00166812.,0,0,0
WBGene00166813.,0,0,0
WBGene00166814.,0,0,0
WBGene00166815.,0,0,0
WBGene00166816.,0,0,0
WBGene00166817.,0,0,0
WBGene00166819.,0,0,0
WBGene00166820.,0,0,0
WBGene00166821.,0,0,0
WBGene00166822.,0,0,0
WBGene00166823.,0,0,0
WBGene00166824.,0,0,0
WBGene00166825.,0,0,0
WBGene00166826.,0,0,0
WBGene00166827.,0,0,0
WBGene00166828.,0,0,0
WBGene00166829.,0,0,0
WBGene00166830.,0,0,0
WBGene00166831.,0,3,3
WBGene00166832.,0,3,3
WBGene00166833.,0,0,0
WBGene00166834.,0,0,0
WBGene00166835.,0,0,0
WBGene00166836.,0,0,0
WBGene00166837.,0,3,3
WBGene00166838.,0,0,0
WBGene00166839.,0,0,0
WBGene00166840.,0,0,0
WBGene00166841.,0,6,6
WBGene00166842.,0,1,1
WBGene00166843.,0,3,3
WBGene00166844.,0,0,0
WBGene00166845.,0,0,0
WBGene00166846.,0,0,0
WBGene00166847.,0,0,0
WBGene00166848.,0,0,0
WBGene00166849.,0,0,0
WBGene00166850.,0,0,0
WBGene00166851.,0,0,0
WBGene00166852.,0,0,0
WBGene00166853.,0,0,0
WBGene00166854.,0,0,0
WBGene00166855.,0,1,1
WBGene00166856.,0,3,3
WBGene00166857.,0,0,0
WBGene00166858.,0,0,0
WBGene00166859.,0,0,0
WBGene00166860.,0,0,0
WBGene00166861.,0,0,0
WBGene00166862.,0,0,0
WBGene00166863.,0,0,0
WBGene00166864.,0,0,0
WBGene00166865.,0,0,0
WBGene00166866.,0,0,0
WBGene00166867.,0,0,0
WBGene00166868.,0,0,0
WBGene00166869.,0,0,0
WBGene00166870.,0,0,0
WBGene00166871.,0,0,0
WBGene00166872.,0,0,0
WBGene00166873.,0,0,0
WBGene00166874.,0,0,0
WBGene00166875.,0,0,0
WBGene00166876.,0,0,0
WBGene00166877.,0,0,0
WBGene00166878.,0,0,0
WBGene00166879.,0,0,0
WBGene00166880.,0,0,0
WBGene00166881.,0,0,0
WBGene00166882.,0,0,0
WBGene00166883.,0,0,0
WBGene00166884.,0,0,0
WBGene00166885.,0,14,14
WBGene00166886.,0,0,0
WBGene00166887.,0,0,0
WBGene00166888.,0,0,0
WBGene00166889.,0,0,0
WBGene00166890.,0,2,2
WBGene00166891.,0,0,0
WBGene00166892.,0,0,0
WBGene00166893.,0,0,0
WBGene00166894.,0,5,5
WBGene00166895.,0,0,0
WBGene00166896.,0,6,6
WBGene00166897.,0,0,0
WBGene00166898.,0,0,0
WBGene00166899.,0,0,0
WBGene00166900.,0,1,1
WBGene00166901.,0,0,0
WBGene00166902.,0,0,0
WBGene00166903.,0,1,1
WBGene00166904.,0,1,1
WBGene00166905.,0,0,0
WBGene00166906.,0,0,0
WBGene00166907.,0,0,0
WBGene00166908.,0,0,0
WBGene00166909.,0,1,1
WBGene00166910.,0,0,0
WBGene00166911.,0,0,0
WBGene00166912.,0,0,0
WBGene00166913.,0,0,0
WBGene00166914.,0,0,0
WBGene00166915.,0,0,0
WBGene00166916.,0,0,0
WBGene00166917.,0,0,0
WBGene00166918.,0,0,0
WBGene00166919.,0,0,0
WBGene00166920.,0,0,0
WBGene00166921.,0,4,4
WBGene00166922.,0,0,0
WBGene00166923.,0,0,0
WBGene00166924.,0,0,0
WBGene00166925.,0,0,0
WBGene00166926.,0,0,0
WBGene00166927.,0,0,0
WBGene00166928.,0,0,0
WBGene00166929.,0,5,5
WBGene00166930.,0,0,0
WBGene00166931.,0,0,0
WBGene00166932.,0,0,0
WBGene00166933.,0,4,4
WBGene00166934.,0,4,4
WBGene00166935.,0,0,0
WBGene00166936.,0,0,0
WBGene00166937.,0,1,1
WBGene00166938.,0,41,41
WBGene00166939.,0,0,0
WBGene00166940.,0,0,0
WBGene00166941.,0,0,0
WBGene00166942.,0,0,0
WBGene00166943.,0,0,0
WBGene00166944.,0,0,0
WBGene00166945.,0,3,3
WBGene00166946.,0,0,0
WBGene00166947.,0,0,0
WBGene00166948.,0,0,0
WBGene00166949.,0,0,0
WBGene00166950.,0,0,0
WBGene00166951.,0,0,0
WBGene00166952.,0,0,0
WBGene00166953.,0,1,1
WBGene00166954.,0,0,0
WBGene00166955.,0,0,0
WBGene00166956.,0,0,0
WBGene00166957.,0,0,0
WBGene00166958.,0,0,0
WBGene00166959.,0,0,0
WBGene00166960.,0,2,2
WBGene00166961.,0,0,0
WBGene00166962.,0,1,1
WBGene00166963.,0,0,0
WBGene00166964.,0,0,0
WBGene00166965.,0,0,0
WBGene00166966.,0,0,0
WBGene00166967.,0,0,0
WBGene00166968.,0,0,0
WBGene00166969.,0,0,0
WBGene00166970.,0,0,0
WBGene00166971.,0,0,0
WBGene00166972.,0,1,1
WBGene00166973.,0,0,0
WBGene00166974.,0,0,0
WBGene00166975.,0,3,3
WBGene00166976.,0,0,0
WBGene00166977.,0,0,0
WBGene00166978.,0,0,0
WBGene00166979.,0,0,0
WBGene00166980.,0,0,0
WBGene00166981.,0,1,1
WBGene00166982.,0,0,0
WBGene00166983.,0,0,0
WBGene00166984.,0,0,0
WBGene00166985.,0,0,0
WBGene00166986.,0,0,0
WBGene00166987.,0,0,0
WBGene00166988.,0,0,0
WBGene00166989.,0,0,0
WBGene00166990.,0,0,0
WBGene00166991.,0,0,0
WBGene00166992.,0,0,0
WBGene00166993.,0,0,0
WBGene00166994.,0,0,0
WBGene00166995.,0,0,0
WBGene00166996.,0,0,0
WBGene00166997.,0,0,0
WBGene00166998.,0,0,0
WBGene00166999.,0,0,0
WBGene00167000.,0,0,0
WBGene00167001.,0,0,0
WBGene00167002.,0,0,0
WBGene00167003.,0,0,0
WBGene00167004.,0,1,1
WBGene00167005.,0,0,0
WBGene00167006.,0,5,5
WBGene00167007.,0,0,0
WBGene00167008.,0,0,0
WBGene00167009.,0,0,0
WBGene00167010.,0,0,0
WBGene00167011.,0,1,1
WBGene00167012.,0,0,0
WBGene00167013.,0,0,0
WBGene00167014.,0,0,0
WBGene00167015.,0,0,0
WBGene00167016.,0,0,0
WBGene00167017.,0,0,0
WBGene00167018.,0,0,0
WBGene00167019.,0,0,0
WBGene00167020.,0,0,0
WBGene00167021.,0,0,0
WBGene00167022.,0,0,0
WBGene00167023.,0,0,0
WBGene00167024.,0,0,0
WBGene00167025.,0,8,8
WBGene00167026.,0,0,0
WBGene00167027.,0,0,0
WBGene00167028.,0,1,1
WBGene00167029.,0,0,0
WBGene00167030.,0,2,2
WBGene00167031.,0,0,0
WBGene00167032.,0,0,0
WBGene00167033.,0,0,0
WBGene00167034.,0,0,0
WBGene00167035.,0,0,0
WBGene00167036.,0,0,0
WBGene00167037.,0,0,0
WBGene00167038.,0,0,0
WBGene00167039.,0,4,4
WBGene00167040.,0,0,0
WBGene00167041.,0,0,0
WBGene00167042.,0,0,0
WBGene00167043.,0,0,0
WBGene00167044.,0,0,0
WBGene00167045.,0,0,0
WBGene00167046.,0,0,0
WBGene00167047.,0,0,0
WBGene00167048.,0,0,0
WBGene00167049.,0,0,0
WBGene00167050.,0,0,0
WBGene00167051.,0,0,0
WBGene00167052.,0,0,0
WBGene00167053.,0,2,2
WBGene00167054.,0,0,0
WBGene00167055.,0,0,0
WBGene00167056.,0,0,0
WBGene00167057.,0,0,0
WBGene00167058.,0,0,0
WBGene00167059.,0,0,0
WBGene00167060.,0,0,0
WBGene00167061.,0,1,1
WBGene00167062.,0,0,0
WBGene00167063.,0,0,0
WBGene00167064.,0,0,0
WBGene00167065.,0,0,0
WBGene00167066.,0,0,0
WBGene00167067.,0,0,0
WBGene00167068.,0,0,0
WBGene00167069.,0,1,1
WBGene00167070.,0,0,0
WBGene00167071.,0,0,0
WBGene00167072.,0,0,0
WBGene00167073.,0,0,0
WBGene00167074.,0,2,2
WBGene00167075.,0,0,0
WBGene00167076.,0,0,0
WBGene00167077.,0,0,0
WBGene00167078.,0,0,0
WBGene00167079.,0,0,0
WBGene00167080.,0,0,0
WBGene00167081.,0,0,0
WBGene00167082.,0,0,0
WBGene00167083.,0,0,0
WBGene00167084.,0,0,0
WBGene00167085.,0,0,0
WBGene00167086.,0,0,0
WBGene00167087.,0,1,1
WBGene00167088.,0,0,0
WBGene00167089.,0,0,0
WBGene00167090.,0,0,0
WBGene00167091.,0,0,0
WBGene00167092.,0,0,0
WBGene00167093.,0,0,0
WBGene00167094.,0,0,0
WBGene00167095.,0,0,0
WBGene00167096.,0,0,0
WBGene00167097.,0,0,0
WBGene00167098.,0,0,0
WBGene00167099.,0,0,0
WBGene00167100.,0,0,0
WBGene00167101.,0,0,0
WBGene00167102.,0,0,0
WBGene00167103.,0,4,4
WBGene00167104.,0,0,0
WBGene00167105.,0,0,0
WBGene00167106.,0,0,0
WBGene00167107.,0,0,0
WBGene00167108.,0,0,0
WBGene00167109.,0,0,0
WBGene00167110.,0,0,0
WBGene00167111.,0,0,0
WBGene00167112.,0,0,0
WBGene00167113.,0,0,0
WBGene00167114.,0,0,0
WBGene00167115.,0,0,0
WBGene00167116.,0,0,0
WBGene00167117.,0,0,0
WBGene00167118.,0,0,0
WBGene00167119.,0,0,0
WBGene00167120.,0,0,0
WBGene00167121.,0,0,0
WBGene00167122.,0,0,0
WBGene00167123.,0,0,0
WBGene00167124.,0,0,0
WBGene00167125.,0,0,0
WBGene00167126.,0,0,0
WBGene00167127.,0,0,0
WBGene00167128.,0,0,0
WBGene00167129.,0,0,0
WBGene00167130.,0,0,0
WBGene00167131.,0,1,1
WBGene00167132.,0,0,0
WBGene00167133.,0,0,0
WBGene00167134.,0,0,0
WBGene00167135.,0,0,0
WBGene00167136.,0,0,0
WBGene00167137.,0,0,0
WBGene00167138.,0,0,0
WBGene00167139.,0,0,0
WBGene00167140.,0,0,0
WBGene00167141.,0,0,0
WBGene00167142.,0,0,0
WBGene00167143.,0,0,0
WBGene00167144.,0,0,0
WBGene00167145.,0,0,0
WBGene00167146.,0,0,0
WBGene00167147.,0,0,0
WBGene00167148.,0,0,0
WBGene00167149.,0,0,0
WBGene00167150.,0,0,0
WBGene00167151.,0,0,0
WBGene00167152.,0,0,0
WBGene00167153.,0,3,3
WBGene00167154.,0,0,0
WBGene00167155.,0,0,0
WBGene00167156.,0,19,19
WBGene00167157.,0,4,4
WBGene00167158.,0,0,0
WBGene00167159.,0,0,0
WBGene00167160.,0,0,0
WBGene00167161.,0,0,0
WBGene00167162.,0,0,0
WBGene00167163.,0,1,1
WBGene00167164.,0,0,0
WBGene00167165.,0,0,0
WBGene00167166.,0,0,0
WBGene00167167.,0,0,0
WBGene00167168.,0,0,0
WBGene00167169.,0,0,0
WBGene00167170.,0,0,0
WBGene00167171.,0,1,1
WBGene00167172.,0,0,0
WBGene00167173.,0,0,0
WBGene00167174.,0,0,0
WBGene00167175.,0,0,0
WBGene00167176.,0,7,7
WBGene00167177.,0,0,0
WBGene00167178.,0,0,0
WBGene00167179.,0,0,0
WBGene00167180.,0,0,0
WBGene00167181.,0,0,0
WBGene00167182.,0,0,0
WBGene00167183.,0,0,0
WBGene00167184.,0,1,1
WBGene00167185.,0,0,0
WBGene00167186.,0,0,0
WBGene00167187.,0,0,0
WBGene00167188.,0,0,0
WBGene00167189.,0,0,0
WBGene00167190.,0,0,0
WBGene00167191.,0,0,0
WBGene00167192.,0,0,0
WBGene00167193.,0,0,0
WBGene00167194.,0,0,0
WBGene00167195.,0,0,0
WBGene00167196.,0,1,1
WBGene00167197.,0,0,0
WBGene00167198.,0,5,5
WBGene00167199.,0,0,0
WBGene00167200.,0,0,0
WBGene00167201.,0,0,0
WBGene00167202.,0,0,0
WBGene00167203.,0,0,0
WBGene00167204.,0,1,1
WBGene00167205.,0,0,0
WBGene00167206.,0,0,0
WBGene00167207.,0,3,3
WBGene00167208.,0,0,0
WBGene00167209.,0,0,0
WBGene00167210.,0,0,0
WBGene00167211.,0,0,0
WBGene00167212.,0,0,0
WBGene00167213.,0,0,0
WBGene00167214.,0,0,0
WBGene00167215.,0,0,0
WBGene00167216.,0,0,0
WBGene00167217.,0,0,0
WBGene00167218.,0,0,0
WBGene00167219.,0,0,0
WBGene00167220.,0,0,0
WBGene00167221.,0,0,0
WBGene00167222.,0,0,0
WBGene00167223.,0,0,0
WBGene00167224.,0,0,0
WBGene00167225.,0,13,13
WBGene00167226.,0,0,0
WBGene00167227.,0,0,0
WBGene00167228.,0,0,0
WBGene00167229.,0,0,0
WBGene00167230.,0,0,0
WBGene00167231.,0,0,0
WBGene00167232.,0,0,0
WBGene00167233.,0,0,0
WBGene00167234.,0,0,0
WBGene00167235.,0,0,0
WBGene00167236.,0,0,0
WBGene00167237.,0,0,0
WBGene00167238.,0,0,0
WBGene00167239.,0,0,0
WBGene00167240.,0,0,0
WBGene00167241.,0,0,0
WBGene00167242.,0,0,0
WBGene00167243.,0,0,0
WBGene00167244.,0,0,0
WBGene00167245.,0,0,0
WBGene00167246.,0,0,0
WBGene00167247.,0,0,0
WBGene00167248.,0,0,0
WBGene00167249.,0,0,0
WBGene00167250.,0,0,0
WBGene00167251.,0,0,0
WBGene00167252.,0,0,0
WBGene00167253.,0,0,0
WBGene00167254.,0,1,1
WBGene00167255.,0,0,0
WBGene00167256.,0,0,0
WBGene00167257.,0,0,0
WBGene00167258.,0,0,0
WBGene00167259.,0,0,0
WBGene00167260.,0,0,0
WBGene00167261.,0,4,4
WBGene00167262.,0,0,0
WBGene00167263.,0,0,0
WBGene00167264.,0,0,0
WBGene00167265.,0,0,0
WBGene00167266.,0,0,0
WBGene00167267.,0,0,0
WBGene00167268.,0,0,0
WBGene00167269.,0,3,3
WBGene00167270.,0,0,0
WBGene00167271.,0,0,0
WBGene00167272.,0,0,0
WBGene00167273.,0,0,0
WBGene00167274.,0,0,0
WBGene00167275.,0,0,0
WBGene00167276.,0,0,0
WBGene00167277.,0,0,0
WBGene00167278.,0,0,0
WBGene00167279.,0,18,18
WBGene00167280.,0,2,2
WBGene00167281.,0,1,1
WBGene00167282.,0,0,0
WBGene00167283.,0,0,0
WBGene00167284.,0,0,0
WBGene00167285.,0,0,0
WBGene00167286.,0,4,4
WBGene00167287.,0,0,0
WBGene00167288.,0,0,0
WBGene00167289.,0,0,0
WBGene00167290.,0,0,0
WBGene00167291.,0,0,0
WBGene00167292.,0,11,11
WBGene00167293.,0,2,2
WBGene00167294.,0,0,0
WBGene00167295.,0,0,0
WBGene00167296.,0,0,0
WBGene00167297.,0,1,1
WBGene00167298.,0,0,0
WBGene00167299.,0,2,2
WBGene00167300.,0,0,0
WBGene00167301.,0,2,2
WBGene00167302.,0,0,0
WBGene00167303.,0,3,3
WBGene00167304.,0,0,0
WBGene00167305.,0,0,0
WBGene00167306.,0,0,0
WBGene00167307.,0,0,0
WBGene00167308.,0,0,0
WBGene00167309.,0,0,0
WBGene00167310.,0,0,0
WBGene00167311.,0,0,0
WBGene00167312.,0,3,3
WBGene00167313.,0,0,0
WBGene00167314.,0,0,0
WBGene00167315.,0,0,0
WBGene00167316.,0,0,0
WBGene00167317.,0,0,0
WBGene00167318.,0,0,0
WBGene00167319.,0,0,0
WBGene00167320.,0,2,2
WBGene00167321.,0,0,0
WBGene00167322.,0,0,0
WBGene00167323.,0,1,1
WBGene00167324.,0,0,0
WBGene00167325.,0,0,0
WBGene00167326.,0,0,0
WBGene00167327.,0,0,0
WBGene00167328.,0,0,0
WBGene00167329.,0,0,0
WBGene00167330.,0,0,0
WBGene00167331.,0,0,0
WBGene00167332.,0,1,1
WBGene00167333.,0,0,0
WBGene00167334.,0,0,0
WBGene00167335.,0,0,0
WBGene00167336.,0,0,0
WBGene00167337.,0,2,2
WBGene00167338.,0,2,2
WBGene00167339.,0,0,0
WBGene00167340.,0,0,0
WBGene00167341.,0,0,0
WBGene00167342.,0,0,0
WBGene00167343.,0,0,0
WBGene00167344.,0,0,0
WBGene00167345.,0,2,2
WBGene00167346.,0,0,0
WBGene00167347.,0,0,0
WBGene00167348.,0,0,0
WBGene00167349.,0,2,2
WBGene00167350.,0,0,0
WBGene00167351.,0,0,0
WBGene00167352.,0,0,0
WBGene00167353.,0,2,2
WBGene00167354.,0,0,0
WBGene00167355.,0,0,0
WBGene00167356.,0,0,0
WBGene00167357.,0,0,0
WBGene00167358.,0,0,0
WBGene00167359.,0,0,0
WBGene00167360.,0,0,0
WBGene00167361.,0,0,0
WBGene00167362.,0,0,0
WBGene00167363.,0,1,1
WBGene00167364.,0,0,0
WBGene00167365.,0,0,0
WBGene00167366.,0,0,0
WBGene00167367.,0,0,0
WBGene00167368.,0,0,0
WBGene00167369.,0,0,0
WBGene00167370.,0,0,0
WBGene00167371.,0,0,0
WBGene00167372.,0,0,0
WBGene00167373.,0,0,0
WBGene00167374.,0,0,0
WBGene00167375.,0,0,0
WBGene00167376.,0,0,0
WBGene00167377.,0,12,12
WBGene00167378.,0,0,0
WBGene00167379.,0,0,0
WBGene00167380.,0,2,2
WBGene00167381.,0,0,0
WBGene00167382.,0,8,8
WBGene00167383.,0,0,0
WBGene00167384.,0,0,0
WBGene00167385.,0,0,0
WBGene00167386.,0,0,0
WBGene00167387.,0,0,0
WBGene00167388.,0,1,1
WBGene00167389.,0,0,0
WBGene00167390.,0,1,1
WBGene00167391.,0,0,0
WBGene00167392.,0,0,0
WBGene00167393.,0,0,0
WBGene00167394.,0,8,8
WBGene00167395.,0,1,1
WBGene00167396.,0,0,0
WBGene00167397.,0,1,1
WBGene00167398.,0,0,0
WBGene00167399.,0,0,0
WBGene00167400.,0,0,0
WBGene00167401.,0,0,0
WBGene00167402.,0,1,1
WBGene00167403.,0,0,0
WBGene00167404.,0,0,0
WBGene00167405.,0,0,0
WBGene00167406.,0,3,3
WBGene00167407.,0,0,0
WBGene00167408.,0,0,0
WBGene00167409.,0,0,0
WBGene00167410.,0,0,0
WBGene00167411.,0,0,0
WBGene00167412.,0,1,1
WBGene00167413.,0,0,0
WBGene00167414.,0,0,0
WBGene00167415.,0,0,0
WBGene00167416.,0,0,0
WBGene00167417.,0,0,0
WBGene00167418.,0,0,0
WBGene00167419.,0,0,0
WBGene00167420.,0,0,0
WBGene00167421.,0,0,0
WBGene00167422.,0,0,0
WBGene00167423.,0,0,0
WBGene00167424.,0,0,0
WBGene00167425.,0,0,0
WBGene00167426.,0,0,0
WBGene00167427.,0,0,0
WBGene00167428.,0,0,0
WBGene00167429.,0,0,0
WBGene00167430.,0,0,0
WBGene00167431.,0,0,0
WBGene00167432.,0,0,0
WBGene00167433.,0,0,0
WBGene00167434.,0,0,0
WBGene00167435.,0,0,0
WBGene00167436.,0,0,0
WBGene00167437.,0,0,0
WBGene00167438.,0,0,0
WBGene00167439.,0,0,0
WBGene00167440.,0,0,0
WBGene00167441.,0,0,0
WBGene00167442.,0,0,0
WBGene00167443.,0,0,0
WBGene00167444.,0,0,0
WBGene00167445.,0,0,0
WBGene00167446.,0,0,0
WBGene00167447.,0,3,3
WBGene00167448.,0,0,0
WBGene00167449.,0,0,0
WBGene00167450.,0,0,0
WBGene00167451.,0,0,0
WBGene00167452.,0,0,0
WBGene00167453.,0,0,0
WBGene00167454.,0,0,0
WBGene00167455.,0,2,2
WBGene00167456.,0,0,0
WBGene00167457.,0,0,0
WBGene00167458.,0,0,0
WBGene00167459.,0,0,0
WBGene00167460.,0,0,0
WBGene00167461.,0,0,0
WBGene00167462.,0,1,1
WBGene00167463.,0,8,8
WBGene00167464.,0,1,1
WBGene00167465.,0,0,0
WBGene00167466.,0,0,0
WBGene00167467.,0,0,0
WBGene00167468.,0,0,0
WBGene00167469.,0,0,0
WBGene00167470.,0,0,0
WBGene00167471.,0,0,0
WBGene00167472.,0,0,0
WBGene00167473.,0,11,11
WBGene00167474.,0,0,0
WBGene00167475.,0,0,0
WBGene00167476.,0,0,0
WBGene00167477.,0,3,3
WBGene00167478.,0,0,0
WBGene00167479.,0,0,0
WBGene00167480.,0,0,0
WBGene00167481.,0,0,0
WBGene00167482.,0,0,0
WBGene00167483.,0,0,0
WBGene00167484.,0,0,0
WBGene00167485.,0,0,0
WBGene00167487.,0,0,0
WBGene00167488.,0,1,1
WBGene00167489.,0,0,0
WBGene00167490.,0,0,0
WBGene00167491.,0,0,0
WBGene00167492.,0,0,0
WBGene00167493.,0,0,0
WBGene00167494.,0,0,0
WBGene00167495.,0,1,1
WBGene00167496.,0,0,0
WBGene00167497.,0,0,0
WBGene00167498.,0,0,0
WBGene00167499.,0,0,0
WBGene00167500.,0,0,0
WBGene00167501.,0,0,0
WBGene00167502.,0,0,0
WBGene00167503.,0,0,0
WBGene00167504.,0,0,0
WBGene00167505.,0,0,0
WBGene00167506.,0,0,0
WBGene00167507.,0,4,4
WBGene00167508.,0,0,0
WBGene00167509.,0,0,0
WBGene00167510.,0,0,0
WBGene00167511.,0,2,2
WBGene00167512.,0,0,0
WBGene00167513.,0,0,0
WBGene00167514.,0,0,0
WBGene00167515.,0,0,0
WBGene00167516.,0,0,0
WBGene00167517.,0,0,0
WBGene00167518.,0,0,0
WBGene00167519.,0,0,0
WBGene00167520.,0,0,0
WBGene00167521.,0,0,0
WBGene00167522.,0,0,0
WBGene00167523.,0,0,0
WBGene00167524.,0,2,2
WBGene00167525.,0,0,0
WBGene00167526.,0,0,0
WBGene00167527.,0,0,0
WBGene00167528.,0,0,0
WBGene00167529.,0,0,0
WBGene00167530.,0,0,0
WBGene00167531.,0,0,0
WBGene00167532.,0,0,0
WBGene00167533.,0,0,0
WBGene00167534.,0,1,1
WBGene00167535.,0,0,0
WBGene00167536.,0,3,3
WBGene00167537.,0,4,4
WBGene00167538.,0,0,0
WBGene00167539.,0,0,0
WBGene00167540.,0,0,0
WBGene00167541.,0,0,0
WBGene00167542.,0,0,0
WBGene00167543.,0,0,0
WBGene00167544.,0,7,7
WBGene00167545.,0,2,2
WBGene00167546.,0,0,0
WBGene00167547.,0,0,0
WBGene00167548.,0,0,0
WBGene00167549.,0,0,0
WBGene00167550.,0,3,3
WBGene00167551.,0,0,0
WBGene00167552.,0,0,0
WBGene00167553.,0,0,0
WBGene00167554.,0,0,0
WBGene00167555.,0,0,0
WBGene00167556.,0,0,0
WBGene00167557.,0,0,0
WBGene00167558.,0,0,0
WBGene00167559.,0,0,0
WBGene00167560.,0,0,0
WBGene00167561.,0,8,8
WBGene00167562.,0,0,0
WBGene00167563.,0,0,0
WBGene00167564.,0,0,0
WBGene00167565.,0,0,0
WBGene00167566.,0,3,3
WBGene00167567.,0,0,0
WBGene00167568.,0,0,0
WBGene00167569.,0,0,0
WBGene00167570.,0,0,0
WBGene00167571.,0,0,0
WBGene00167572.,0,0,0
WBGene00167573.,0,0,0
WBGene00167574.,0,0,0
WBGene00167575.,0,0,0
WBGene00167576.,0,0,0
WBGene00167577.,0,0,0
WBGene00167578.,0,1,1
WBGene00167579.,0,0,0
WBGene00167580.,0,0,0
WBGene00167581.,0,0,0
WBGene00167582.,0,0,0
WBGene00167583.,0,0,0
WBGene00167584.,0,0,0
WBGene00167585.,0,0,0
WBGene00167586.,0,0,0
WBGene00167587.,0,0,0
WBGene00167588.,0,0,0
WBGene00167589.,0,0,0
WBGene00167590.,0,0,0
WBGene00167591.,0,0,0
WBGene00167592.,0,0,0
WBGene00167593.,0,0,0
WBGene00167594.,0,0,0
WBGene00167595.,0,0,0
WBGene00167596.,0,0,0
WBGene00167597.,0,0,0
WBGene00167598.,0,0,0
WBGene00167599.,0,0,0
WBGene00167600.,0,0,0
WBGene00167601.,0,9,9
WBGene00167602.,0,0,0
WBGene00167603.,0,0,0
WBGene00167604.,0,0,0
WBGene00167605.,0,0,0
WBGene00167606.,0,0,0
WBGene00167607.,0,0,0
WBGene00167608.,0,0,0
WBGene00167609.,0,0,0
WBGene00167610.,0,3,3
WBGene00167611.,0,0,0
WBGene00167612.,0,0,0
WBGene00167613.,0,0,0
WBGene00167614.,0,0,0
WBGene00167615.,0,0,0
WBGene00167616.,0,0,0
WBGene00167617.,0,0,0
WBGene00167618.,0,1,1
WBGene00167619.,0,0,0
WBGene00167620.,0,0,0
WBGene00167621.,0,0,0
WBGene00167622.,0,0,0
WBGene00167623.,0,0,0
WBGene00167624.,0,0,0
WBGene00167625.,0,6,6
WBGene00167626.,0,0,0
WBGene00167627.,0,0,0
WBGene00167628.,0,0,0
WBGene00167629.,0,0,0
WBGene00167630.,0,0,0
WBGene00167631.,0,0,0
WBGene00167632.,0,1,1
WBGene00167633.,0,1,1
WBGene00167634.,0,0,0
WBGene00167635.,0,0,0
WBGene00167636.,0,0,0
WBGene00167637.,0,0,0
WBGene00167638.,0,1,1
WBGene00167639.,0,0,0
WBGene00167640.,0,0,0
WBGene00167641.,0,0,0
WBGene00167642.,0,5,5
WBGene00167643.,0,0,0
WBGene00167644.,0,0,0
WBGene00167645.,0,1,1
WBGene00167646.,0,0,0
WBGene00167647.,0,0,0
WBGene00167648.,0,0,0
WBGene00167649.,0,0,0
WBGene00167650.,0,0,0
WBGene00167651.,0,0,0
WBGene00167652.,0,1,1
WBGene00167653.,0,0,0
WBGene00167654.,0,0,0
WBGene00167655.,0,0,0
WBGene00167656.,0,0,0
WBGene00167657.,0,0,0
WBGene00167658.,0,0,0
WBGene00167659.,0,0,0
WBGene00167660.,0,0,0
WBGene00167661.,0,2,2
WBGene00167662.,0,3,3
WBGene00167663.,0,0,0
WBGene00167664.,0,4,4
WBGene00167665.,0,1,1
WBGene00167666.,0,0,0
WBGene00167667.,0,0,0
WBGene00167668.,0,0,0
WBGene00167669.,0,0,0
WBGene00167670.,0,0,0
WBGene00167671.,0,0,0
WBGene00167672.,0,0,0
WBGene00167673.,0,0,0
WBGene00167674.,0,0,0
WBGene00167675.,0,0,0
WBGene00167676.,0,0,0
WBGene00167677.,0,9,9
WBGene00167678.,0,0,0
WBGene00167679.,0,0,0
WBGene00167680.,0,0,0
WBGene00167681.,0,0,0
WBGene00167682.,0,2,2
WBGene00167683.,0,0,0
WBGene00167684.,0,0,0
WBGene00167685.,0,0,0
WBGene00167686.,0,0,0
WBGene00167687.,0,0,0
WBGene00167688.,0,0,0
WBGene00167689.,0,0,0
WBGene00167690.,0,0,0
WBGene00167691.,0,0,0
WBGene00167692.,0,0,0
WBGene00167693.,0,0,0
WBGene00167694.,0,0,0
WBGene00167695.,0,0,0
WBGene00167696.,0,0,0
WBGene00167697.,0,0,0
WBGene00167698.,0,0,0
WBGene00167699.,0,0,0
WBGene00167700.,0,1,1
WBGene00167701.,0,0,0
WBGene00167702.,0,2,2
WBGene00167703.,0,0,0
WBGene00167704.,0,0,0
WBGene00167705.,0,0,0
WBGene00167706.,0,1,1
WBGene00167707.,0,0,0
WBGene00167708.,0,0,0
WBGene00167709.,0,0,0
WBGene00167710.,0,4,4
WBGene00167711.,0,0,0
WBGene00167712.,0,0,0
WBGene00167713.,0,0,0
WBGene00167714.,0,0,0
WBGene00167715.,0,0,0
WBGene00167716.,0,0,0
WBGene00167717.,0,0,0
WBGene00167718.,0,0,0
WBGene00167719.,0,0,0
WBGene00167720.,0,0,0
WBGene00167721.,0,0,0
WBGene00167722.,0,0,0
WBGene00167723.,0,0,0
WBGene00167724.,0,0,0
WBGene00167725.,0,0,0
WBGene00167726.,0,0,0
WBGene00167727.,0,0,0
WBGene00167728.,0,0,0
WBGene00167729.,0,0,0
WBGene00167730.,0,3,3
WBGene00167731.,0,0,0
WBGene00167732.,0,0,0
WBGene00167733.,0,0,0
WBGene00167734.,0,0,0
WBGene00167735.,0,0,0
WBGene00167736.,0,0,0
WBGene00167737.,0,0,0
WBGene00167738.,0,0,0
WBGene00167739.,0,0,0
WBGene00167740.,0,0,0
WBGene00167741.,0,0,0
WBGene00167742.,0,0,0
WBGene00167743.,0,0,0
WBGene00167744.,0,0,0
WBGene00167745.,0,2,2
WBGene00167746.,0,2,2
WBGene00167747.,0,0,0
WBGene00167748.,0,0,0
WBGene00167749.,0,0,0
WBGene00167750.,0,1,1
WBGene00167751.,0,0,0
WBGene00167752.,0,0,0
WBGene00167753.,0,0,0
WBGene00167754.,0,0,0
WBGene00167755.,0,0,0
WBGene00167756.,0,0,0
WBGene00167757.,0,0,0
WBGene00167758.,0,0,0
WBGene00167759.,0,12,12
WBGene00167760.,0,0,0
WBGene00167761.,0,0,0
WBGene00167762.,0,0,0
WBGene00167763.,0,1,1
WBGene00167764.,0,0,0
WBGene00167765.,0,0,0
WBGene00167766.,0,0,0
WBGene00167767.,0,0,0
WBGene00167768.,0,2,2
WBGene00167769.,0,2,2
WBGene00167770.,0,0,0
WBGene00167771.,0,0,0
WBGene00167772.,0,6,6
WBGene00167773.,0,0,0
WBGene00167774.,0,0,0
WBGene00167775.,0,0,0
WBGene00167776.,0,0,0
WBGene00167777.,0,0,0
WBGene00167778.,0,0,0
WBGene00167779.,0,1,1
WBGene00167780.,0,0,0
WBGene00167781.,0,0,0
WBGene00167782.,0,0,0
WBGene00167783.,0,1,1
WBGene00167784.,0,0,0
WBGene00167785.,0,0,0
WBGene00167786.,0,0,0
WBGene00167787.,0,0,0
WBGene00167788.,0,0,0
WBGene00167789.,0,0,0
WBGene00167790.,0,0,0
WBGene00167791.,0,0,0
WBGene00167792.,0,0,0
WBGene00167793.,0,9,9
WBGene00167794.,0,0,0
WBGene00167795.,0,0,0
WBGene00167796.,0,0,0
WBGene00167797.,0,0,0
WBGene00167799.,0,0,0
WBGene00167800.,0,0,0
WBGene00167801.,0,0,0
WBGene00167802.,0,6,6
WBGene00167803.,0,2,2
WBGene00167804.,0,2,2
WBGene00167805.,0,1,1
WBGene00167806.,0,0,0
WBGene00167807.,0,0,0
WBGene00167808.,0,0,0
WBGene00167809.,0,0,0
WBGene00167810.,0,0,0
WBGene00167811.,0,0,0
WBGene00167812.,0,0,0
WBGene00167813.,0,0,0
WBGene00167814.,0,0,0
WBGene00167815.,0,0,0
WBGene00167816.,0,0,0
WBGene00167817.,0,0,0
WBGene00167818.,0,0,0
WBGene00167819.,0,0,0
WBGene00167820.,0,0,0
WBGene00167821.,0,0,0
WBGene00167822.,0,0,0
WBGene00167823.,0,0,0
WBGene00167824.,0,0,0
WBGene00167825.,0,0,0
WBGene00167826.,0,0,0
WBGene00167827.,0,0,0
WBGene00167828.,0,0,0
WBGene00167829.,0,0,0
WBGene00167830.,0,0,0
WBGene00167831.,0,0,0
WBGene00167832.,0,2,2
WBGene00167833.,0,0,0
WBGene00167834.,0,0,0
WBGene00167835.,0,0,0
WBGene00167836.,0,0,0
WBGene00167837.,0,0,0
WBGene00167838.,0,1,1
WBGene00167839.,0,0,0
WBGene00167840.,0,1,1
WBGene00167841.,0,0,0
WBGene00167842.,0,0,0
WBGene00167843.,0,0,0
WBGene00167845.,0,0,0
WBGene00167846.,0,0,0
WBGene00167847.,0,0,0
WBGene00167848.,0,0,0
WBGene00167849.,0,0,0
WBGene00167850.,0,0,0
WBGene00167851.,0,0,0
WBGene00167852.,0,0,0
WBGene00167853.,0,1,1
WBGene00167854.,0,8,8
WBGene00167855.,0,0,0
WBGene00167856.,0,0,0
WBGene00167857.,0,0,0
WBGene00167858.,0,0,0
WBGene00167859.,0,0,0
WBGene00167860.,0,0,0
WBGene00167861.,0,2,2
WBGene00167862.,0,0,0
WBGene00167863.,0,0,0
WBGene00167864.,0,0,0
WBGene00167865.,0,0,0
WBGene00167866.,0,0,0
WBGene00167867.,0,2,2
WBGene00167868.,0,0,0
WBGene00167869.,0,0,0
WBGene00167870.,0,0,0
WBGene00167871.,0,0,0
WBGene00167872.,0,7,7
WBGene00167873.,0,0,0
WBGene00167874.,0,1,1
WBGene00167875.,0,0,0
WBGene00167876.,0,0,0
WBGene00167877.,0,1,1
WBGene00167878.,0,0,0
WBGene00167879.,0,0,0
WBGene00167880.,0,1,1
WBGene00167881.,0,0,0
WBGene00167882.,0,1,1
WBGene00167883.,0,1,1
WBGene00167884.,0,0,0
WBGene00167885.,0,0,0
WBGene00167886.,0,0,0
WBGene00167887.,0,2,2
WBGene00167888.,0,2,2
WBGene00167889.,0,0,0
WBGene00167890.,0,0,0
WBGene00167891.,0,1,1
WBGene00167892.,0,0,0
WBGene00167893.,0,0,0
WBGene00167894.,0,0,0
WBGene00167895.,0,1,1
WBGene00167896.,0,0,0
WBGene00167897.,0,0,0
WBGene00167898.,0,0,0
WBGene00167899.,0,0,0
WBGene00167900.,0,0,0
WBGene00167901.,0,0,0
WBGene00167902.,0,0,0
WBGene00167903.,0,0,0
WBGene00167904.,0,0,0
WBGene00167905.,0,0,0
WBGene00167906.,0,0,0
WBGene00167907.,0,0,0
WBGene00167908.,0,0,0
WBGene00167909.,0,0,0
WBGene00167910.,0,0,0
WBGene00167911.,0,0,0
WBGene00167912.,0,0,0
WBGene00167913.,0,2,2
WBGene00167914.,0,0,0
WBGene00167915.,0,0,0
WBGene00167916.,0,0,0
WBGene00167917.,0,0,0
WBGene00167918.,0,0,0
WBGene00167919.,0,0,0
WBGene00167920.,0,0,0
WBGene00167921.,0,0,0
WBGene00167922.,0,1,1
WBGene00167923.,0,0,0
WBGene00167924.,0,0,0
WBGene00167925.,0,0,0
WBGene00167926.,0,0,0
WBGene00167927.,0,0,0
WBGene00167928.,0,0,0
WBGene00167929.,0,0,0
WBGene00167930.,0,0,0
WBGene00167931.,0,0,0
WBGene00167932.,0,0,0
WBGene00167933.,0,0,0
WBGene00167934.,0,0,0
WBGene00167935.,0,0,0
WBGene00167936.,0,0,0
WBGene00167937.,0,0,0
WBGene00167938.,0,0,0
WBGene00167939.,0,0,0
WBGene00167940.,0,0,0
WBGene00167941.,0,0,0
WBGene00167942.,0,0,0
WBGene00167943.,0,0,0
WBGene00167944.,0,0,0
WBGene00167945.,0,0,0
WBGene00167946.,0,0,0
WBGene00167947.,0,0,0
WBGene00167948.,0,3,3
WBGene00167949.,0,0,0
WBGene00167950.,0,0,0
WBGene00167951.,0,0,0
WBGene00167952.,0,0,0
WBGene00167953.,0,1,1
WBGene00167954.,0,0,0
WBGene00167955.,0,0,0
WBGene00167956.,0,0,0
WBGene00167957.,0,3,3
WBGene00167958.,0,0,0
WBGene00167959.,0,0,0
WBGene00167960.,0,0,0
WBGene00167961.,0,0,0
WBGene00167962.,0,0,0
WBGene00167963.,0,0,0
WBGene00167964.,0,0,0
WBGene00167965.,0,0,0
WBGene00167966.,0,0,0
WBGene00167967.,0,0,0
WBGene00167968.,0,0,0
WBGene00167969.,0,0,0
WBGene00167970.,0,0,0
WBGene00167971.,0,2,2
WBGene00167972.,0,0,0
WBGene00167973.,0,0,0
WBGene00167974.,0,0,0
WBGene00167975.,0,0,0
WBGene00167976.,0,0,0
WBGene00167977.,0,0,0
WBGene00167978.,0,0,0
WBGene00167979.,0,0,0
WBGene00167980.,0,0,0
WBGene00167981.,0,0,0
WBGene00167982.,0,0,0
WBGene00167983.,0,0,0
WBGene00167984.,0,1,1
WBGene00167985.,0,0,0
WBGene00167986.,0,0,0
WBGene00167987.,0,1,1
WBGene00167988.,0,0,0
WBGene00167989.,0,0,0
WBGene00167990.,0,0,0
WBGene00167991.,0,0,0
WBGene00167992.,0,0,0
WBGene00167993.,0,0,0
WBGene00167994.,0,0,0
WBGene00167995.,0,0,0
WBGene00167996.,0,2,2
WBGene00167997.,0,0,0
WBGene00167998.,0,0,0
WBGene00167999.,0,2,2
WBGene00168000.,0,0,0
WBGene00168001.,0,0,0
WBGene00168002.,0,0,0
WBGene00168003.,0,0,0
WBGene00168004.,0,0,0
WBGene00168005.,0,0,0
WBGene00168006.,0,0,0
WBGene00168007.,0,0,0
WBGene00168008.,0,0,0
WBGene00168009.,0,0,0
WBGene00168010.,0,0,0
WBGene00168011.,0,0,0
WBGene00168012.,0,3,3
WBGene00168013.,0,0,0
WBGene00168014.,0,0,0
WBGene00168015.,0,15,15
WBGene00168016.,0,0,0
WBGene00168017.,0,0,0
WBGene00168018.,0,0,0
WBGene00168019.,0,0,0
WBGene00168020.,0,6,6
WBGene00168021.,0,0,0
WBGene00168022.,0,2,2
WBGene00168023.,0,1,1
WBGene00168024.,0,7,7
WBGene00168025.,0,0,0
WBGene00168026.,0,0,0
WBGene00168027.,0,2,2
WBGene00168028.,0,1,1
WBGene00168029.,0,0,0
WBGene00168030.,0,0,0
WBGene00168031.,0,0,0
WBGene00168032.,0,0,0
WBGene00168033.,0,3,3
WBGene00168034.,0,0,0
WBGene00168035.,0,0,0
WBGene00168036.,0,0,0
WBGene00168037.,0,0,0
WBGene00168038.,0,0,0
WBGene00168039.,0,0,0
WBGene00168040.,0,0,0
WBGene00168041.,0,0,0
WBGene00168042.,0,0,0
WBGene00168043.,0,0,0
WBGene00168044.,0,0,0
WBGene00168045.,0,0,0
WBGene00168046.,0,1,1
WBGene00168047.,0,0,0
WBGene00168048.,0,0,0
WBGene00168049.,0,0,0
WBGene00168050.,0,0,0
WBGene00168051.,0,0,0
WBGene00168052.,0,0,0
WBGene00168053.,0,0,0
WBGene00168054.,0,0,0
WBGene00168055.,0,0,0
WBGene00168056.,0,0,0
WBGene00168057.,0,0,0
WBGene00168058.,0,0,0
WBGene00168059.,0,0,0
WBGene00168060.,0,0,0
WBGene00168061.,0,0,0
WBGene00168062.,0,0,0
WBGene00168063.,0,0,0
WBGene00168064.,0,0,0
WBGene00168065.,0,0,0
WBGene00168066.,0,0,0
WBGene00168067.,0,0,0
WBGene00168068.,0,0,0
WBGene00168069.,0,0,0
WBGene00168070.,0,0,0
WBGene00168071.,0,0,0
WBGene00168072.,0,1,1
WBGene00168073.,0,0,0
WBGene00168074.,0,0,0
WBGene00168075.,0,0,0
WBGene00168076.,0,0,0
WBGene00168077.,0,0,0
WBGene00168078.,0,0,0
WBGene00168079.,0,0,0
WBGene00168080.,0,0,0
WBGene00168081.,0,0,0
WBGene00168082.,0,0,0
WBGene00168083.,0,6,6
WBGene00168084.,0,0,0
WBGene00168085.,0,0,0
WBGene00168086.,0,0,0
WBGene00168087.,0,1,1
WBGene00168088.,0,0,0
WBGene00168089.,0,0,0
WBGene00168090.,0,4,4
WBGene00168091.,0,0,0
WBGene00168092.,0,23,23
WBGene00168093.,0,0,0
WBGene00168094.,0,0,0
WBGene00168095.,0,2,2
WBGene00168096.,0,0,0
WBGene00168097.,0,0,0
WBGene00168098.,0,0,0
WBGene00168099.,0,0,0
WBGene00168100.,0,0,0
WBGene00168101.,0,1,1
WBGene00168102.,0,0,0
WBGene00168103.,0,0,0
WBGene00168104.,0,0,0
WBGene00168105.,0,0,0
WBGene00168106.,0,0,0
WBGene00168107.,0,0,0
WBGene00168108.,0,0,0
WBGene00168109.,0,0,0
WBGene00168110.,0,0,0
WBGene00168111.,0,2,2
WBGene00168112.,0,0,0
WBGene00168113.,0,0,0
WBGene00168114.,0,0,0
WBGene00168115.,0,0,0
WBGene00168116.,0,3,3
WBGene00168117.,0,3,3
WBGene00168118.,0,0,0
WBGene00168119.,0,0,0
WBGene00168120.,0,2,2
WBGene00168121.,0,0,0
WBGene00168122.,0,0,0
WBGene00168123.,0,0,0
WBGene00168124.,0,1,1
WBGene00168125.,0,0,0
WBGene00168126.,0,0,0
WBGene00168127.,0,0,0
WBGene00168128.,0,0,0
WBGene00168129.,0,1,1
WBGene00168130.,0,21,21
WBGene00168131.,0,3,3
WBGene00168132.,0,0,0
WBGene00168133.,0,0,0
WBGene00168134.,0,0,0
WBGene00168135.,0,0,0
WBGene00168136.,0,0,0
WBGene00168137.,0,0,0
WBGene00168138.,0,0,0
WBGene00168139.,0,0,0
WBGene00168140.,0,0,0
WBGene00168141.,0,0,0
WBGene00168142.,0,2,2
WBGene00168143.,0,0,0
WBGene00168144.,0,0,0
WBGene00168145.,0,0,0
WBGene00168146.,0,0,0
WBGene00168147.,0,4,4
WBGene00168148.,0,0,0
WBGene00168149.,0,1,1
WBGene00168150.,0,0,0
WBGene00168151.,0,0,0
WBGene00168152.,0,0,0
WBGene00168153.,0,0,0
WBGene00168154.,0,0,0
WBGene00168155.,0,0,0
WBGene00168156.,0,0,0
WBGene00168157.,0,0,0
WBGene00168158.,0,0,0
WBGene00168159.,0,0,0
WBGene00168160.,0,0,0
WBGene00168161.,0,0,0
WBGene00168162.,0,0,0
WBGene00168163.,0,1,1
WBGene00168164.,0,0,0
WBGene00168165.,0,1,1
WBGene00168166.,0,0,0
WBGene00168167.,0,0,0
WBGene00168168.,0,0,0
WBGene00168169.,0,0,0
WBGene00168170.,0,0,0
WBGene00168171.,0,0,0
WBGene00168172.,0,0,0
WBGene00168173.,0,0,0
WBGene00168174.,0,0,0
WBGene00168175.,0,5,5
WBGene00168176.,0,1,1
WBGene00168177.,0,0,0
WBGene00168178.,0,0,0
WBGene00168179.,0,1,1
WBGene00168180.,0,0,0
WBGene00168181.,0,0,0
WBGene00168182.,0,0,0
WBGene00168183.,0,0,0
WBGene00168184.,0,0,0
WBGene00168185.,0,4,4
WBGene00168186.,0,0,0
WBGene00168187.,0,0,0
WBGene00168188.,0,15,15
WBGene00168189.,0,0,0
WBGene00168190.,0,0,0
WBGene00168191.,0,0,0
WBGene00168192.,0,0,0
WBGene00168193.,0,0,0
WBGene00168194.,0,0,0
WBGene00168195.,0,0,0
WBGene00168196.,0,0,0
WBGene00168197.,0,0,0
WBGene00168198.,0,0,0
WBGene00168199.,0,0,0
WBGene00168200.,0,0,0
WBGene00168201.,0,0,0
WBGene00168202.,0,0,0
WBGene00168203.,0,0,0
WBGene00168204.,0,0,0
WBGene00168205.,0,0,0
WBGene00168206.,0,0,0
WBGene00168207.,0,0,0
WBGene00168208.,0,0,0
WBGene00168209.,0,0,0
WBGene00168210.,0,3,3
WBGene00168211.,0,1,1
WBGene00168212.,0,0,0
WBGene00168213.,0,0,0
WBGene00168214.,0,0,0
WBGene00168215.,0,0,0
WBGene00168216.,0,0,0
WBGene00168217.,0,0,0
WBGene00168218.,0,0,0
WBGene00168219.,0,1,1
WBGene00168220.,0,0,0
WBGene00168221.,0,0,0
WBGene00168222.,0,0,0
WBGene00168223.,0,0,0
WBGene00168224.,0,0,0
WBGene00168225.,0,0,0
WBGene00168226.,0,0,0
WBGene00168227.,0,1,1
WBGene00168228.,0,0,0
WBGene00168229.,0,0,0
WBGene00168230.,0,2,2
WBGene00168231.,0,0,0
WBGene00168232.,0,0,0
WBGene00168233.,0,0,0
WBGene00168234.,0,0,0
WBGene00168235.,0,0,0
WBGene00168236.,0,1,1
WBGene00168237.,0,0,0
WBGene00168238.,0,0,0
WBGene00168239.,0,0,0
WBGene00168240.,0,0,0
WBGene00168241.,0,0,0
WBGene00168242.,0,0,0
WBGene00168243.,0,0,0
WBGene00168244.,0,0,0
WBGene00168245.,0,0,0
WBGene00168246.,0,0,0
WBGene00168247.,0,0,0
WBGene00168248.,0,0,0
WBGene00168249.,0,0,0
WBGene00168250.,0,0,0
WBGene00168251.,0,0,0
WBGene00168252.,0,0,0
WBGene00168253.,0,0,0
WBGene00168254.,0,2,2
WBGene00168255.,0,0,0
WBGene00168256.,0,0,0
WBGene00168257.,0,0,0
WBGene00168258.,0,0,0
WBGene00168259.,0,0,0
WBGene00168260.,0,0,0
WBGene00168261.,0,1,1
WBGene00168262.,0,8,8
WBGene00168263.,0,0,0
WBGene00168264.,0,0,0
WBGene00168265.,0,0,0
WBGene00168266.,0,0,0
WBGene00168267.,0,1,1
WBGene00168268.,0,0,0
WBGene00168269.,0,0,0
WBGene00168270.,0,0,0
WBGene00168271.,0,0,0
WBGene00168272.,0,0,0
WBGene00168273.,0,0,0
WBGene00168274.,0,0,0
WBGene00168275.,0,0,0
WBGene00168276.,0,0,0
WBGene00168277.,0,2,2
WBGene00168278.,0,0,0
WBGene00168279.,0,0,0
WBGene00168280.,0,0,0
WBGene00168281.,0,0,0
WBGene00168282.,0,1,1
WBGene00168283.,0,0,0
WBGene00168284.,0,0,0
WBGene00168285.,0,0,0
WBGene00168286.,0,0,0
WBGene00168287.,0,0,0
WBGene00168288.,0,0,0
WBGene00168289.,0,0,0
WBGene00168290.,0,0,0
WBGene00168291.,0,0,0
WBGene00168292.,0,0,0
WBGene00168293.,0,0,0
WBGene00168294.,0,0,0
WBGene00168295.,0,5,5
WBGene00168296.,0,0,0
WBGene00168297.,0,0,0
WBGene00168298.,0,3,3
WBGene00168299.,0,0,0
WBGene00168300.,0,1,1
WBGene00168301.,0,0,0
WBGene00168302.,0,0,0
WBGene00168303.,0,15,15
WBGene00168304.,0,0,0
WBGene00168305.,0,0,0
WBGene00168306.,0,10,10
WBGene00168307.,0,4,4
WBGene00168308.,0,1,1
WBGene00168309.,0,1,1
WBGene00168310.,0,0,0
WBGene00168311.,0,0,0
WBGene00168312.,0,4,4
WBGene00168313.,0,0,0
WBGene00168314.,0,1,1
WBGene00168315.,0,0,0
WBGene00168316.,0,0,0
WBGene00168317.,0,0,0
WBGene00168318.,0,0,0
WBGene00168319.,0,0,0
WBGene00168320.,0,0,0
WBGene00168321.,0,0,0
WBGene00168322.,0,0,0
WBGene00168323.,0,0,0
WBGene00168324.,0,3,3
WBGene00168325.,0,0,0
WBGene00168326.,0,0,0
WBGene00168327.,0,0,0
WBGene00168328.,0,0,0
WBGene00168329.,0,0,0
WBGene00168330.,0,0,0
WBGene00168331.,0,0,0
WBGene00168332.,0,0,0
WBGene00168333.,0,1,1
WBGene00168334.,0,0,0
WBGene00168335.,0,0,0
WBGene00168336.,0,0,0
WBGene00168337.,0,0,0
WBGene00168338.,0,0,0
WBGene00168339.,0,0,0
WBGene00168340.,0,0,0
WBGene00168341.,0,0,0
WBGene00168342.,0,0,0
WBGene00168343.,0,0,0
WBGene00168344.,0,0,0
WBGene00168345.,0,0,0
WBGene00168346.,0,0,0
WBGene00168347.,0,0,0
WBGene00168348.,0,0,0
WBGene00168349.,0,4,4
WBGene00168350.,0,0,0
WBGene00168351.,0,0,0
WBGene00168352.,0,0,0
WBGene00168353.,0,0,0
WBGene00168354.,0,0,0
WBGene00168355.,0,0,0
WBGene00168356.,0,0,0
WBGene00168357.,0,0,0
WBGene00168358.,0,0,0
WBGene00168359.,0,0,0
WBGene00168360.,0,0,0
WBGene00168361.,0,0,0
WBGene00168362.,0,0,0
WBGene00168363.,0,1,1
WBGene00168364.,0,0,0
WBGene00168365.,0,0,0
WBGene00168366.,0,0,0
WBGene00168367.,0,6,6
WBGene00168368.,0,0,0
WBGene00168369.,0,10,10
WBGene00168370.,0,0,0
WBGene00168371.,0,0,0
WBGene00168372.,0,0,0
WBGene00168373.,0,0,0
WBGene00168374.,0,0,0
WBGene00168375.,0,1,1
WBGene00168376.,0,0,0
WBGene00168377.,0,2,2
WBGene00168378.,0,0,0
WBGene00168379.,0,0,0
WBGene00168380.,0,0,0
WBGene00168381.,0,0,0
WBGene00168382.,0,0,0
WBGene00168383.,0,0,0
WBGene00168384.,0,0,0
WBGene00168385.,0,0,0
WBGene00168386.,0,0,0
WBGene00168387.,0,0,0
WBGene00168388.,0,32,32
WBGene00168389.,0,0,0
WBGene00168390.,0,0,0
WBGene00168391.,0,1,1
WBGene00168392.,0,0,0
WBGene00168393.,0,0,0
WBGene00168394.,0,0,0
WBGene00168395.,0,0,0
WBGene00168396.,0,2,2
WBGene00168397.,0,0,0
WBGene00168398.,0,0,0
WBGene00168399.,0,0,0
WBGene00168400.,0,0,0
WBGene00168401.,0,0,0
WBGene00168402.,0,0,0
WBGene00168403.,0,0,0
WBGene00168404.,0,0,0
WBGene00168405.,0,0,0
WBGene00168406.,0,0,0
WBGene00168407.,0,0,0
WBGene00168408.,0,0,0
WBGene00168409.,0,0,0
WBGene00168410.,0,0,0
WBGene00168411.,0,0,0
WBGene00168412.,0,0,0
WBGene00168413.,0,0,0
WBGene00168414.,0,0,0
WBGene00168415.,0,0,0
WBGene00168416.,0,0,0
WBGene00168417.,0,0,0
WBGene00168418.,0,0,0
WBGene00168419.,0,0,0
WBGene00168420.,0,1,1
WBGene00168421.,0,1,1
WBGene00168422.,0,0,0
WBGene00168423.,0,0,0
WBGene00168424.,0,0,0
WBGene00168425.,0,0,0
WBGene00168426.,0,0,0
WBGene00168427.,0,0,0
WBGene00168428.,0,0,0
WBGene00168429.,0,0,0
WBGene00168430.,0,0,0
WBGene00168431.,0,2,2
WBGene00168432.,0,2,2
WBGene00168433.,0,2,2
WBGene00168434.,0,0,0
WBGene00168435.,0,2,2
WBGene00168436.,0,0,0
WBGene00168437.,0,0,0
WBGene00168438.,0,0,0
WBGene00168439.,0,0,0
WBGene00168440.,0,0,0
WBGene00168441.,0,0,0
WBGene00168442.,0,2,2
WBGene00168443.,0,0,0
WBGene00168444.,0,0,0
WBGene00168445.,0,2,2
WBGene00168446.,0,1,1
WBGene00168447.,0,0,0
WBGene00168448.,0,0,0
WBGene00168449.,0,0,0
WBGene00168450.,0,0,0
WBGene00168451.,0,0,0
WBGene00168452.,0,0,0
WBGene00168453.,0,0,0
WBGene00168454.,0,0,0
WBGene00168455.,0,0,0
WBGene00168456.,0,2,2
WBGene00168457.,0,18,18
WBGene00168458.,0,0,0
WBGene00168459.,0,1,1
WBGene00168460.,0,1,1
WBGene00168461.,0,0,0
WBGene00168462.,0,0,0
WBGene00168463.,0,0,0
WBGene00168464.,0,0,0
WBGene00168465.,0,0,0
WBGene00168466.,0,8,8
WBGene00168467.,0,0,0
WBGene00168468.,0,0,0
WBGene00168469.,0,0,0
WBGene00168470.,0,0,0
WBGene00168472.,0,0,0
WBGene00168473.,0,0,0
WBGene00168474.,0,0,0
WBGene00168475.,0,0,0
WBGene00168476.,0,0,0
WBGene00168477.,0,1,1
WBGene00168478.,0,0,0
WBGene00168479.,0,0,0
WBGene00168480.,0,0,0
WBGene00168481.,0,0,0
WBGene00168482.,0,0,0
WBGene00168483.,0,0,0
WBGene00168484.,0,0,0
WBGene00168485.,0,0,0
WBGene00168486.,0,0,0
WBGene00168487.,0,0,0
WBGene00168488.,0,4,4
WBGene00168489.,0,0,0
WBGene00168490.,0,0,0
WBGene00168491.,0,0,0
WBGene00168492.,0,0,0
WBGene00168493.,0,0,0
WBGene00168494.,0,0,0
WBGene00168495.,0,0,0
WBGene00168496.,0,0,0
WBGene00168497.,0,0,0
WBGene00168498.,0,0,0
WBGene00168499.,0,0,0
WBGene00168500.,0,1,1
WBGene00168501.,0,1,1
WBGene00168502.,0,1,1
WBGene00168503.,0,2,2
WBGene00168504.,0,0,0
WBGene00168505.,0,0,0
WBGene00168506.,0,0,0
WBGene00168507.,0,0,0
WBGene00168508.,0,0,0
WBGene00168509.,0,0,0
WBGene00168510.,0,8,8
WBGene00168511.,0,0,0
WBGene00168512.,0,0,0
WBGene00168513.,0,0,0
WBGene00168514.,0,0,0
WBGene00168515.,0,0,0
WBGene00168516.,0,1,1
WBGene00168517.,0,0,0
WBGene00168518.,0,0,0
WBGene00168519.,0,0,0
WBGene00168520.,0,0,0
WBGene00168521.,0,0,0
WBGene00168522.,0,0,0
WBGene00168523.,0,0,0
WBGene00168524.,0,1,1
WBGene00168525.,0,0,0
WBGene00168526.,0,3,3
WBGene00168527.,0,0,0
WBGene00168528.,0,0,0
WBGene00168529.,0,0,0
WBGene00168530.,0,0,0
WBGene00168531.,0,0,0
WBGene00168532.,0,0,0
WBGene00168533.,0,2,2
WBGene00168534.,0,1,1
WBGene00168535.,0,0,0
WBGene00168536.,0,0,0
WBGene00168537.,0,1,1
WBGene00168538.,0,0,0
WBGene00168539.,0,0,0
WBGene00168540.,0,0,0
WBGene00168541.,0,0,0
WBGene00168542.,0,0,0
WBGene00168543.,0,0,0
WBGene00168544.,0,0,0
WBGene00168545.,0,0,0
WBGene00168546.,0,0,0
WBGene00168547.,0,0,0
WBGene00168548.,0,18,18
WBGene00168549.,0,0,0
WBGene00168550.,0,0,0
WBGene00168551.,0,0,0
WBGene00168552.,0,0,0
WBGene00168553.,0,0,0
WBGene00168554.,0,0,0
WBGene00168555.,0,25,25
WBGene00168556.,0,0,0
WBGene00168557.,0,0,0
WBGene00168558.,0,0,0
WBGene00168559.,0,0,0
WBGene00168560.,0,0,0
WBGene00168561.,0,0,0
WBGene00168562.,0,0,0
WBGene00168563.,0,0,0
WBGene00168564.,0,0,0
WBGene00168565.,0,0,0
WBGene00168566.,0,0,0
WBGene00168567.,0,0,0
WBGene00168568.,0,0,0
WBGene00168569.,0,0,0
WBGene00168570.,0,0,0
WBGene00168571.,0,0,0
WBGene00168572.,0,0,0
WBGene00168573.,0,2,2
WBGene00168574.,0,0,0
WBGene00168575.,0,0,0
WBGene00168576.,0,0,0
WBGene00168577.,0,0,0
WBGene00168578.,0,0,0
WBGene00168579.,0,0,0
WBGene00168580.,0,0,0
WBGene00168581.,0,0,0
WBGene00168582.,0,0,0
WBGene00168583.,0,0,0
WBGene00168584.,0,0,0
WBGene00168585.,0,0,0
WBGene00168586.,0,0,0
WBGene00168587.,0,0,0
WBGene00168588.,0,0,0
WBGene00168589.,0,0,0
WBGene00168590.,0,0,0
WBGene00168591.,0,0,0
WBGene00168592.,0,1,1
WBGene00168593.,0,2,2
WBGene00168594.,0,0,0
WBGene00168595.,0,0,0
WBGene00168596.,0,0,0
WBGene00168597.,0,0,0
WBGene00168598.,0,0,0
WBGene00168599.,0,0,0
WBGene00168600.,0,0,0
WBGene00168601.,0,1,1
WBGene00168602.,0,0,0
WBGene00168603.,0,0,0
WBGene00168604.,0,0,0
WBGene00168605.,0,3,3
WBGene00168606.,0,0,0
WBGene00168607.,0,0,0
WBGene00168608.,0,0,0
WBGene00168609.,0,0,0
WBGene00168610.,0,1,1
WBGene00168611.,0,0,0
WBGene00168612.,0,0,0
WBGene00168613.,0,0,0
WBGene00168614.,0,0,0
WBGene00168615.,0,0,0
WBGene00168616.,0,1,1
WBGene00168617.,0,0,0
WBGene00168618.,0,0,0
WBGene00168619.,0,0,0
WBGene00168620.,0,0,0
WBGene00168621.,0,0,0
WBGene00168622.,0,3,3
WBGene00168623.,0,0,0
WBGene00168624.,0,0,0
WBGene00168625.,0,0,0
WBGene00168626.,0,1,1
WBGene00168627.,0,0,0
WBGene00168628.,0,0,0
WBGene00168629.,0,2,2
WBGene00168630.,0,8,8
WBGene00168631.,0,0,0
WBGene00168632.,0,0,0
WBGene00168633.,0,0,0
WBGene00168634.,0,0,0
WBGene00168635.,0,1,1
WBGene00168636.,0,0,0
WBGene00168637.,0,0,0
WBGene00168638.,0,0,0
WBGene00168639.,0,0,0
WBGene00168640.,0,1,1
WBGene00168641.,0,0,0
WBGene00168642.,0,1,1
WBGene00168643.,0,0,0
WBGene00168644.,0,3,3
WBGene00168645.,0,0,0
WBGene00168646.,0,0,0
WBGene00168647.,0,0,0
WBGene00168648.,0,0,0
WBGene00168649.,0,0,0
WBGene00168650.,0,0,0
WBGene00168651.,0,0,0
WBGene00168652.,0,0,0
WBGene00168653.,0,0,0
WBGene00168654.,0,4,4
WBGene00168655.,0,0,0
WBGene00168656.,0,0,0
WBGene00168657.,0,0,0
WBGene00168658.,0,6,6
WBGene00168659.,0,0,0
WBGene00168660.,0,0,0
WBGene00168661.,0,2,2
WBGene00168662.,0,5,5
WBGene00168663.,0,0,0
WBGene00168664.,0,0,0
WBGene00168665.,0,0,0
WBGene00168666.,0,0,0
WBGene00168667.,0,0,0
WBGene00168668.,0,0,0
WBGene00168669.,0,0,0
WBGene00168670.,0,0,0
WBGene00168671.,0,0,0
WBGene00168672.,0,0,0
WBGene00168673.,0,0,0
WBGene00168674.,0,0,0
WBGene00168675.,0,0,0
WBGene00168676.,0,6,6
WBGene00168677.,0,0,0
WBGene00168678.,0,0,0
WBGene00168679.,0,0,0
WBGene00168680.,0,0,0
WBGene00168681.,0,0,0
WBGene00168682.,0,0,0
WBGene00168683.,0,0,0
WBGene00168684.,0,0,0
WBGene00168685.,0,0,0
WBGene00168686.,0,0,0
WBGene00168687.,0,1,1
WBGene00168688.,0,1,1
WBGene00168689.,0,0,0
WBGene00168690.,0,10,10
WBGene00168691.,0,0,0
WBGene00168692.,0,0,0
WBGene00168693.,0,1,1
WBGene00168694.,0,0,0
WBGene00168695.,0,0,0
WBGene00168696.,0,0,0
WBGene00168697.,0,0,0
WBGene00168698.,0,0,0
WBGene00168699.,0,0,0
WBGene00168700.,0,0,0
WBGene00168701.,0,1,1
WBGene00168702.,0,0,0
WBGene00168703.,0,0,0
WBGene00168704.,0,0,0
WBGene00168705.,0,0,0
WBGene00168706.,0,0,0
WBGene00168707.,0,0,0
WBGene00168708.,0,0,0
WBGene00168709.,0,0,0
WBGene00168710.,0,0,0
WBGene00168711.,0,0,0
WBGene00168712.,0,2,2
WBGene00168713.,0,0,0
WBGene00168714.,0,0,0
WBGene00168715.,0,1,1
WBGene00168716.,0,0,0
WBGene00168717.,0,1,1
WBGene00168718.,0,0,0
WBGene00168719.,0,0,0
WBGene00168720.,0,2,2
WBGene00168721.,0,0,0
WBGene00168722.,0,0,0
WBGene00168723.,0,0,0
WBGene00168724.,0,0,0
WBGene00168725.,0,0,0
WBGene00168726.,0,0,0
WBGene00168727.,0,1,1
WBGene00168728.,0,0,0
WBGene00168729.,0,1,1
WBGene00168730.,0,2,2
WBGene00168731.,0,0,0
WBGene00168732.,0,32,32
WBGene00168733.,0,0,0
WBGene00168734.,0,0,0
WBGene00168735.,0,0,0
WBGene00168736.,0,1,1
WBGene00168737.,0,0,0
WBGene00168738.,0,0,0
WBGene00168739.,0,0,0
WBGene00168740.,0,0,0
WBGene00168741.,0,0,0
WBGene00168742.,0,0,0
WBGene00168743.,0,0,0
WBGene00168744.,0,0,0
WBGene00168745.,0,0,0
WBGene00168746.,0,0,0
WBGene00168747.,0,0,0
WBGene00168748.,0,0,0
WBGene00168749.,0,1,1
WBGene00168750.,0,0,0
WBGene00168751.,0,0,0
WBGene00168752.,0,0,0
WBGene00168753.,0,0,0
WBGene00168754.,0,0,0
WBGene00168755.,0,0,0
WBGene00168756.,0,0,0
WBGene00168757.,0,0,0
WBGene00168758.,0,0,0
WBGene00168759.,0,0,0
WBGene00168760.,0,0,0
WBGene00168761.,0,0,0
WBGene00168762.,0,0,0
WBGene00168763.,0,0,0
WBGene00168764.,0,0,0
WBGene00168765.,0,0,0
WBGene00168766.,0,0,0
WBGene00168767.,0,0,0
WBGene00168768.,0,0,0
WBGene00168769.,0,0,0
WBGene00168770.,0,0,0
WBGene00168771.,0,1,1
WBGene00168772.,0,4,4
WBGene00168773.,0,0,0
WBGene00168774.,0,0,0
WBGene00168775.,0,3,3
WBGene00168776.,0,0,0
WBGene00168777.,0,0,0
WBGene00168778.,0,0,0
WBGene00168779.,0,4,4
WBGene00168780.,0,0,0
WBGene00168781.,0,0,0
WBGene00168782.,0,0,0
WBGene00168783.,0,0,0
WBGene00168784.,0,0,0
WBGene00168785.,0,0,0
WBGene00168786.,0,0,0
WBGene00168787.,0,0,0
WBGene00168788.,0,0,0
WBGene00168789.,0,1,1
WBGene00168790.,0,1,1
WBGene00168791.,0,2,2
WBGene00168792.,0,0,0
WBGene00168793.,0,0,0
WBGene00168794.,0,0,0
WBGene00168795.,0,0,0
WBGene00168796.,0,0,0
WBGene00168797.,0,0,0
WBGene00168798.,0,0,0
WBGene00168799.,0,0,0
WBGene00168800.,0,0,0
WBGene00168801.,0,1,1
WBGene00168802.,0,0,0
WBGene00168803.,0,0,0
WBGene00168804.,0,0,0
WBGene00168805.,0,0,0
WBGene00168806.,0,1,1
WBGene00168807.,0,1,1
WBGene00168808.,0,0,0
WBGene00168809.,0,0,0
WBGene00168810.,0,0,0
WBGene00168811.,0,0,0
WBGene00168812.,0,0,0
WBGene00168813.,0,0,0
WBGene00168814.,0,0,0
WBGene00168815.,0,19,19
WBGene00168816.,0,1,1
WBGene00168817.,0,0,0
WBGene00168818.,0,0,0
WBGene00168819.,0,0,0
WBGene00168820.,0,0,0
WBGene00168821.,0,0,0
WBGene00168822.,0,0,0
WBGene00168823.,0,3,3
WBGene00168824.,0,0,0
WBGene00168825.,0,0,0
WBGene00168826.,0,0,0
WBGene00168827.,0,0,0
WBGene00168828.,0,0,0
WBGene00168829.,0,0,0
WBGene00168830.,0,0,0
WBGene00168831.,0,0,0
WBGene00168832.,0,0,0
WBGene00168833.,0,0,0
WBGene00168834.,0,1,1
WBGene00168835.,0,0,0
WBGene00168836.,0,0,0
WBGene00168837.,0,0,0
WBGene00168838.,0,0,0
WBGene00168839.,0,0,0
WBGene00168840.,0,0,0
WBGene00168841.,0,0,0
WBGene00168842.,0,0,0
WBGene00168843.,0,0,0
WBGene00168844.,0,0,0
WBGene00168845.,0,0,0
WBGene00168846.,0,1,1
WBGene00168847.,0,0,0
WBGene00168848.,0,0,0
WBGene00168849.,0,0,0
WBGene00168850.,0,0,0
WBGene00168851.,0,0,0
WBGene00168852.,0,0,0
WBGene00168853.,0,0,0
WBGene00168854.,0,0,0
WBGene00168855.,0,0,0
WBGene00168856.,0,0,0
WBGene00168857.,0,0,0
WBGene00168858.,0,0,0
WBGene00168859.,0,0,0
WBGene00168860.,0,0,0
WBGene00168861.,0,0,0
WBGene00168862.,0,1,1
WBGene00168863.,0,4,4
WBGene00168864.,0,8,8
WBGene00168865.,0,0,0
WBGene00168866.,0,3,3
WBGene00168867.,0,0,0
WBGene00168868.,0,0,0
WBGene00168869.,0,1,1
WBGene00168870.,0,0,0
WBGene00168871.,0,0,0
WBGene00168872.,0,0,0
WBGene00168873.,0,0,0
WBGene00168874.,0,0,0
WBGene00168875.,0,0,0
WBGene00168876.,0,16,16
WBGene00168877.,0,0,0
WBGene00168878.,0,0,0
WBGene00168879.,0,0,0
WBGene00168880.,0,0,0
WBGene00168881.,0,0,0
WBGene00168882.,0,1,1
WBGene00168883.,0,0,0
WBGene00168884.,0,0,0
WBGene00168885.,0,0,0
WBGene00168886.,0,0,0
WBGene00168887.,0,0,0
WBGene00168888.,0,0,0
WBGene00168889.,0,0,0
WBGene00168890.,0,1,1
WBGene00168891.,0,0,0
WBGene00168892.,0,4,4
WBGene00168893.,0,6,6
WBGene00168894.,0,0,0
WBGene00168895.,0,0,0
WBGene00168896.,0,0,0
WBGene00168897.,0,0,0
WBGene00168898.,0,0,0
WBGene00168899.,0,0,0
WBGene00168900.,0,0,0
WBGene00168901.,0,0,0
WBGene00168902.,0,0,0
WBGene00168903.,0,1,1
WBGene00168904.,0,0,0
WBGene00168905.,0,0,0
WBGene00168906.,0,0,0
WBGene00168907.,0,0,0
WBGene00168908.,0,0,0
WBGene00168909.,0,0,0
WBGene00168910.,0,0,0
WBGene00168911.,0,0,0
WBGene00168912.,0,0,0
WBGene00168913.,0,1,1
WBGene00168914.,0,9,9
WBGene00168915.,0,0,0
WBGene00168916.,0,1,1
WBGene00168917.,0,0,0
WBGene00168918.,0,0,0
WBGene00168919.,0,0,0
WBGene00168920.,0,0,0
WBGene00168921.,0,0,0
WBGene00168922.,0,0,0
WBGene00168923.,0,0,0
WBGene00168924.,0,0,0
WBGene00168925.,0,0,0
WBGene00168926.,0,0,0
WBGene00168927.,0,0,0
WBGene00168928.,0,0,0
WBGene00168929.,0,0,0
WBGene00168930.,0,0,0
WBGene00168931.,0,0,0
WBGene00168932.,0,0,0
WBGene00168933.,0,0,0
WBGene00168934.,0,0,0
WBGene00168935.,0,0,0
WBGene00168936.,0,0,0
WBGene00168937.,0,0,0
WBGene00168938.,0,3,3
WBGene00168939.,0,0,0
WBGene00168940.,0,0,0
WBGene00168941.,0,0,0
WBGene00168942.,0,0,0
WBGene00168943.,0,0,0
WBGene00168944.,0,0,0
WBGene00168945.,0,0,0
WBGene00168946.,0,0,0
WBGene00168947.,0,0,0
WBGene00168948.,0,0,0
WBGene00168949.,0,0,0
WBGene00168950.,0,0,0
WBGene00168951.,0,0,0
WBGene00168952.,0,0,0
WBGene00168953.,0,0,0
WBGene00168954.,0,2,2
WBGene00168955.,0,0,0
WBGene00168956.,0,0,0
WBGene00168957.,0,0,0
WBGene00168958.,0,0,0
WBGene00168959.,0,1,1
WBGene00168960.,0,0,0
WBGene00168961.,0,0,0
WBGene00168962.,0,0,0
WBGene00168963.,0,0,0
WBGene00168964.,0,0,0
WBGene00168965.,0,0,0
WBGene00168966.,0,3,3
WBGene00168967.,0,0,0
WBGene00168968.,0,0,0
WBGene00168969.,0,0,0
WBGene00168970.,0,6,6
WBGene00168971.,0,0,0
WBGene00168972.,0,0,0
WBGene00168973.,0,0,0
WBGene00168974.,0,0,0
WBGene00168975.,0,0,0
WBGene00168976.,0,2,2
WBGene00168977.,0,0,0
WBGene00168978.,0,0,0
WBGene00168979.,0,0,0
WBGene00168980.,0,0,0
WBGene00168981.,0,0,0
WBGene00168982.,0,0,0
WBGene00168983.,0,0,0
WBGene00168984.,0,0,0
WBGene00168985.,0,12,12
WBGene00168986.,0,0,0
WBGene00168987.,0,0,0
WBGene00168988.,0,0,0
WBGene00168989.,0,0,0
WBGene00168990.,0,5,5
WBGene00168991.,0,0,0
WBGene00168992.,0,0,0
WBGene00168993.,0,0,0
WBGene00168994.,0,0,0
WBGene00168995.,0,3,3
WBGene00168996.,0,3,3
WBGene00168997.,0,0,0
WBGene00168998.,0,2,2
WBGene00168999.,0,0,0
WBGene00169000.,0,0,0
WBGene00169001.,0,3,3
WBGene00169002.,0,0,0
WBGene00169003.,0,0,0
WBGene00169004.,0,0,0
WBGene00169005.,0,0,0
WBGene00169006.,0,14,14
WBGene00169007.,0,0,0
WBGene00169008.,0,0,0
WBGene00169009.,0,0,0
WBGene00169010.,0,0,0
WBGene00169011.,0,0,0
WBGene00169012.,0,0,0
WBGene00169013.,0,0,0
WBGene00169014.,0,0,0
WBGene00169015.,0,0,0
WBGene00169016.,0,2,2
WBGene00169017.,0,0,0
WBGene00169018.,0,0,0
WBGene00169019.,0,0,0
WBGene00169020.,0,0,0
WBGene00169021.,0,0,0
WBGene00169022.,0,0,0
WBGene00169023.,0,0,0
WBGene00169024.,0,0,0
WBGene00169025.,0,0,0
WBGene00169026.,0,0,0
WBGene00169027.,0,0,0
WBGene00169028.,0,0,0
WBGene00169029.,0,0,0
WBGene00169030.,0,0,0
WBGene00169031.,0,0,0
WBGene00169032.,0,0,0
WBGene00169033.,0,0,0
WBGene00169034.,0,0,0
WBGene00169035.,0,0,0
WBGene00169036.,0,1,1
WBGene00169037.,0,0,0
WBGene00169038.,0,0,0
WBGene00169039.,0,0,0
WBGene00169040.,0,0,0
WBGene00169041.,0,0,0
WBGene00169042.,0,0,0
WBGene00169043.,0,0,0
WBGene00169044.,0,0,0
WBGene00169045.,0,0,0
WBGene00169046.,0,1,1
WBGene00169047.,0,0,0
WBGene00169048.,0,0,0
WBGene00169049.,0,0,0
WBGene00169050.,0,0,0
WBGene00169051.,0,2,2
WBGene00169052.,0,0,0
WBGene00169053.,0,0,0
WBGene00169054.,0,3,3
WBGene00169055.,0,0,0
WBGene00169056.,0,2,2
WBGene00169057.,0,0,0
WBGene00169058.,0,0,0
WBGene00169059.,0,0,0
WBGene00169060.,0,0,0
WBGene00169061.,0,0,0
WBGene00169062.,0,0,0
WBGene00169063.,0,0,0
WBGene00169064.,0,1,1
WBGene00169065.,0,0,0
WBGene00169066.,0,0,0
WBGene00169067.,0,0,0
WBGene00169068.,0,0,0
WBGene00169069.,0,1,1
WBGene00169070.,0,0,0
WBGene00169071.,0,4,4
WBGene00169072.,0,0,0
WBGene00169073.,0,1,1
WBGene00169074.,0,0,0
WBGene00169075.,0,0,0
WBGene00169076.,0,0,0
WBGene00169077.,0,0,0
WBGene00169078.,0,1,1
WBGene00169079.,0,0,0
WBGene00169080.,0,0,0
WBGene00169081.,0,0,0
WBGene00169082.,0,0,0
WBGene00169083.,0,0,0
WBGene00169084.,0,0,0
WBGene00169085.,0,0,0
WBGene00169086.,0,0,0
WBGene00169087.,0,0,0
WBGene00169088.,0,0,0
WBGene00169089.,0,0,0
WBGene00169090.,0,0,0
WBGene00169091.,0,0,0
WBGene00169092.,0,6,6
WBGene00169093.,0,0,0
WBGene00169094.,0,0,0
WBGene00169095.,0,0,0
WBGene00169096.,0,0,0
WBGene00169097.,0,0,0
WBGene00169098.,0,0,0
WBGene00169099.,0,0,0
WBGene00169100.,0,4,4
WBGene00169101.,0,0,0
WBGene00169102.,0,0,0
WBGene00169103.,0,2,2
WBGene00169104.,0,0,0
WBGene00169105.,0,0,0
WBGene00169106.,0,0,0
WBGene00169107.,0,1,1
WBGene00169108.,0,0,0
WBGene00169109.,0,2,2
WBGene00169110.,0,0,0
WBGene00169111.,0,0,0
WBGene00169112.,0,0,0
WBGene00169113.,0,0,0
WBGene00169114.,0,3,3
WBGene00169115.,0,0,0
WBGene00169116.,0,0,0
WBGene00169117.,0,0,0
WBGene00169118.,0,0,0
WBGene00169119.,0,0,0
WBGene00169120.,0,0,0
WBGene00169121.,0,0,0
WBGene00169122.,0,0,0
WBGene00169123.,0,0,0
WBGene00169124.,0,0,0
WBGene00169125.,0,0,0
WBGene00169126.,0,0,0
WBGene00169127.,0,1,1
WBGene00169128.,0,0,0
WBGene00169129.,0,0,0
WBGene00169130.,0,0,0
WBGene00169131.,0,0,0
WBGene00169132.,0,0,0
WBGene00169133.,0,0,0
WBGene00169134.,0,2,2
WBGene00169135.,0,0,0
WBGene00169136.,0,0,0
WBGene00169137.,0,0,0
WBGene00169138.,0,0,0
WBGene00169139.,0,0,0
WBGene00169140.,0,0,0
WBGene00169141.,0,0,0
WBGene00169142.,0,0,0
WBGene00169143.,0,0,0
WBGene00169144.,0,0,0
WBGene00169145.,0,1,1
WBGene00169146.,0,0,0
WBGene00169147.,0,0,0
WBGene00169148.,0,0,0
WBGene00169149.,0,0,0
WBGene00169150.,0,4,4
WBGene00169151.,0,0,0
WBGene00169152.,0,1,1
WBGene00169153.,0,2,2
WBGene00169154.,0,0,0
WBGene00169155.,0,0,0
WBGene00169156.,0,0,0
WBGene00169157.,0,0,0
WBGene00169158.,0,0,0
WBGene00169159.,0,2,2
WBGene00169160.,0,0,0
WBGene00169161.,0,0,0
WBGene00169162.,0,2,2
WBGene00169163.,0,8,8
WBGene00169164.,0,0,0
WBGene00169165.,0,0,0
WBGene00169166.,0,0,0
WBGene00169167.,0,0,0
WBGene00169168.,0,0,0
WBGene00169169.,0,0,0
WBGene00169170.,0,0,0
WBGene00169171.,0,29,29
WBGene00169172.,0,0,0
WBGene00169173.,0,0,0
WBGene00169174.,0,0,0
WBGene00169175.,0,7,7
WBGene00169176.,0,0,0
WBGene00169177.,0,0,0
WBGene00169178.,0,0,0
WBGene00169179.,0,0,0
WBGene00169180.,0,0,0
WBGene00169181.,0,0,0
WBGene00169182.,0,0,0
WBGene00169183.,0,0,0
WBGene00169184.,0,0,0
WBGene00169185.,0,0,0
WBGene00169186.,0,1,1
WBGene00169187.,0,0,0
WBGene00169188.,0,0,0
WBGene00169189.,0,0,0
WBGene00169190.,0,0,0
WBGene00169191.,0,2,2
WBGene00169192.,0,0,0
WBGene00169193.,0,0,0
WBGene00169194.,0,0,0
WBGene00169195.,0,0,0
WBGene00169196.,0,0,0
WBGene00169197.,0,0,0
WBGene00169198.,0,0,0
WBGene00169199.,0,0,0
WBGene00169200.,0,0,0
WBGene00169201.,0,6,6
WBGene00169202.,0,0,0
WBGene00169203.,0,0,0
WBGene00169204.,0,2,2
WBGene00169205.,0,0,0
WBGene00169206.,0,0,0
WBGene00169207.,0,0,0
WBGene00169208.,0,0,0
WBGene00169209.,0,1,1
WBGene00169210.,0,2,2
WBGene00169211.,0,0,0
WBGene00169212.,0,2,2
WBGene00169213.,0,0,0
WBGene00169214.,0,3,3
WBGene00169215.,0,5,5
WBGene00169216.,0,0,0
WBGene00169217.,0,0,0
WBGene00169218.,0,0,0
WBGene00169219.,0,0,0
WBGene00169220.,0,0,0
WBGene00169221.,0,0,0
WBGene00169222.,0,1,1
WBGene00169223.,0,0,0
WBGene00169224.,0,0,0
WBGene00169225.,0,0,0
WBGene00169226.,0,0,0
WBGene00169227.,0,0,0
WBGene00169228.,0,0,0
WBGene00169229.,0,0,0
WBGene00169230.,0,0,0
WBGene00169231.,0,0,0
WBGene00169232.,0,1,1
WBGene00169233.,0,0,0
WBGene00169234.,0,0,0
WBGene00169235.,0,0,0
WBGene00169236.,0,0,0
WBGene00169237.,0,0,0
WBGene00169238.,0,0,0
WBGene00169239.,0,0,0
WBGene00169240.,0,6,6
WBGene00169242.,0,0,0
WBGene00169243.,0,0,0
WBGene00169244.,0,0,0
WBGene00169245.,0,0,0
WBGene00169246.,0,0,0
WBGene00169247.,0,0,0
WBGene00169248.,0,0,0
WBGene00169249.,0,0,0
WBGene00169250.,0,0,0
WBGene00169251.,0,0,0
WBGene00169252.,0,0,0
WBGene00169253.,0,0,0
WBGene00169254.,0,0,0
WBGene00169255.,0,0,0
WBGene00169256.,0,0,0
WBGene00169257.,0,0,0
WBGene00169258.,0,0,0
WBGene00169259.,0,0,0
WBGene00169260.,0,0,0
WBGene00169261.,0,0,0
WBGene00169262.,0,0,0
WBGene00169263.,0,0,0
WBGene00169264.,0,0,0
WBGene00169265.,0,0,0
WBGene00169266.,0,0,0
WBGene00169267.,0,0,0
WBGene00169268.,0,0,0
WBGene00169269.,0,6,6
WBGene00169270.,0,0,0
WBGene00169271.,0,0,0
WBGene00169272.,0,1,1
WBGene00169273.,0,0,0
WBGene00169274.,0,0,0
WBGene00169275.,0,2,2
WBGene00169276.,0,0,0
WBGene00169277.,0,0,0
WBGene00169278.,0,0,0
WBGene00169279.,0,0,0
WBGene00169280.,0,0,0
WBGene00169281.,0,0,0
WBGene00169282.,0,0,0
WBGene00169283.,0,0,0
WBGene00169284.,0,0,0
WBGene00169285.,0,0,0
WBGene00169286.,0,0,0
WBGene00169287.,0,2,2
WBGene00169288.,0,0,0
WBGene00169289.,0,0,0
WBGene00169290.,0,0,0
WBGene00169291.,0,0,0
WBGene00169292.,0,0,0
WBGene00169293.,0,1,1
WBGene00169294.,0,0,0
WBGene00169295.,0,0,0
WBGene00169296.,0,0,0
WBGene00169297.,0,0,0
WBGene00169298.,0,2,2
WBGene00169299.,0,0,0
WBGene00169300.,0,0,0
WBGene00169301.,0,1,1
WBGene00169302.,0,0,0
WBGene00169303.,0,1,1
WBGene00169304.,0,0,0
WBGene00169305.,0,0,0
WBGene00169306.,0,0,0
WBGene00169307.,0,0,0
WBGene00169308.,0,0,0
WBGene00169309.,0,1,1
WBGene00169310.,0,0,0
WBGene00169311.,0,0,0
WBGene00169312.,0,0,0
WBGene00169313.,0,0,0
WBGene00169314.,0,0,0
WBGene00169315.,0,0,0
WBGene00169316.,0,0,0
WBGene00169317.,0,0,0
WBGene00169318.,0,0,0
WBGene00169319.,0,0,0
WBGene00169320.,0,0,0
WBGene00169321.,0,0,0
WBGene00169322.,0,1,1
WBGene00169323.,0,0,0
WBGene00169324.,0,0,0
WBGene00169325.,0,0,0
WBGene00169326.,0,0,0
WBGene00169327.,0,2,2
WBGene00169328.,0,0,0
WBGene00169329.,0,0,0
WBGene00169330.,0,3,3
WBGene00169331.,0,0,0
WBGene00169332.,0,0,0
WBGene00169333.,0,0,0
WBGene00169334.,0,0,0
WBGene00169335.,0,1,1
WBGene00169336.,0,0,0
WBGene00169337.,0,0,0
WBGene00169338.,0,0,0
WBGene00169339.,0,0,0
WBGene00169340.,0,0,0
WBGene00169341.,0,0,0
WBGene00169342.,0,2,2
WBGene00169343.,0,0,0
WBGene00169344.,0,0,0
WBGene00169345.,0,0,0
WBGene00169346.,0,2,2
WBGene00169347.,0,0,0
WBGene00169348.,0,0,0
WBGene00169349.,0,0,0
WBGene00169350.,0,0,0
WBGene00169351.,0,0,0
WBGene00169352.,0,0,0
WBGene00169353.,0,0,0
WBGene00169354.,0,12,12
WBGene00169355.,0,0,0
WBGene00169356.,0,0,0
WBGene00169357.,0,4,4
WBGene00169358.,0,3,3
WBGene00169359.,0,1,1
WBGene00169360.,0,3,3
WBGene00169361.,0,0,0
WBGene00169362.,0,0,0
WBGene00169363.,0,0,0
WBGene00169364.,0,0,0
WBGene00169365.,0,0,0
WBGene00169366.,0,1,1
WBGene00169367.,0,0,0
WBGene00169368.,0,0,0
WBGene00169369.,0,0,0
WBGene00169370.,0,0,0
WBGene00169371.,0,0,0
WBGene00169372.,0,0,0
WBGene00169373.,0,0,0
WBGene00169374.,0,0,0
WBGene00169375.,0,0,0
WBGene00169376.,0,0,0
WBGene00169377.,0,0,0
WBGene00169378.,0,1,1
WBGene00169379.,0,0,0
WBGene00169380.,0,0,0
WBGene00169381.,0,0,0
WBGene00169382.,0,0,0
WBGene00169383.,0,0,0
WBGene00169384.,0,1,1
WBGene00169385.,0,0,0
WBGene00169386.,0,0,0
WBGene00169387.,0,0,0
WBGene00169388.,0,0,0
WBGene00169389.,0,1,1
WBGene00169390.,0,0,0
WBGene00169391.,0,0,0
WBGene00169392.,0,6,6
WBGene00169393.,0,0,0
WBGene00169394.,0,0,0
WBGene00169395.,0,0,0
WBGene00169396.,0,0,0
WBGene00169397.,0,0,0
WBGene00169398.,0,0,0
WBGene00169399.,0,0,0
WBGene00169401.,0,0,0
WBGene00169402.,0,6,6
WBGene00169403.,0,2,2
WBGene00169404.,0,0,0
WBGene00169405.,0,0,0
WBGene00169406.,0,0,0
WBGene00169407.,0,0,0
WBGene00169408.,0,0,0
WBGene00169409.,0,1,1
WBGene00169410.,0,0,0
WBGene00169411.,0,0,0
WBGene00169412.,0,0,0
WBGene00169413.,0,0,0
WBGene00169414.,0,0,0
WBGene00169415.,0,0,0
WBGene00169416.,0,0,0
WBGene00169417.,0,0,0
WBGene00169418.,0,0,0
WBGene00169419.,0,0,0
WBGene00169420.,0,0,0
WBGene00169421.,0,0,0
WBGene00169422.,0,0,0
WBGene00169423.,0,0,0
WBGene00169424.,0,0,0
WBGene00169425.,0,0,0
WBGene00169426.,0,0,0
WBGene00169427.,0,0,0
WBGene00169428.,0,0,0
WBGene00169429.,0,0,0
WBGene00169430.,0,0,0
WBGene00169431.,0,8,8
WBGene00169432.,0,0,0
WBGene00169433.,0,0,0
WBGene00169434.,0,0,0
WBGene00169435.,0,0,0
WBGene00169436.,0,0,0
WBGene00169437.,0,0,0
WBGene00169438.,0,1,1
WBGene00169439.,0,0,0
WBGene00169440.,0,0,0
WBGene00169441.,0,0,0
WBGene00169442.,0,0,0
WBGene00169443.,0,1,1
WBGene00169444.,0,0,0
WBGene00169445.,0,0,0
WBGene00169446.,0,0,0
WBGene00169447.,0,0,0
WBGene00169448.,0,0,0
WBGene00169449.,0,0,0
WBGene00169450.,0,0,0
WBGene00169451.,0,2,2
WBGene00169452.,0,0,0
WBGene00169453.,0,0,0
WBGene00169454.,0,0,0
WBGene00169455.,0,0,0
WBGene00169456.,0,0,0
WBGene00169457.,0,0,0
WBGene00169458.,0,0,0
WBGene00169459.,0,0,0
WBGene00169460.,0,0,0
WBGene00169461.,0,0,0
WBGene00169462.,0,3,3
WBGene00169463.,0,0,0
WBGene00169464.,0,1,1
WBGene00169465.,0,0,0
WBGene00169466.,0,4,4
WBGene00169467.,0,0,0
WBGene00169468.,0,0,0
WBGene00169469.,0,0,0
WBGene00169470.,0,0,0
WBGene00169471.,0,0,0
WBGene00169472.,0,0,0
WBGene00169473.,0,0,0
WBGene00169474.,0,1,1
WBGene00169475.,0,0,0
WBGene00169476.,0,0,0
WBGene00169477.,0,0,0
WBGene00169478.,0,0,0
WBGene00169479.,0,0,0
WBGene00169480.,0,0,0
WBGene00169481.,0,0,0
WBGene00169482.,0,0,0
WBGene00169483.,0,0,0
WBGene00169484.,0,0,0
WBGene00169485.,0,0,0
WBGene00169486.,0,7,7
WBGene00169487.,0,0,0
WBGene00169488.,0,0,0
WBGene00169489.,0,0,0
WBGene00169490.,0,0,0
WBGene00169491.,0,0,0
WBGene00169492.,0,0,0
WBGene00169493.,0,0,0
WBGene00169494.,0,0,0
WBGene00169495.,0,0,0
WBGene00169496.,0,0,0
WBGene00169497.,0,0,0
WBGene00169498.,0,0,0
WBGene00169499.,0,0,0
WBGene00169500.,0,0,0
WBGene00169501.,0,0,0
WBGene00169502.,0,0,0
WBGene00169503.,0,0,0
WBGene00169504.,0,0,0
WBGene00169505.,0,0,0
WBGene00169506.,0,0,0
WBGene00169507.,0,0,0
WBGene00169508.,0,2,2
WBGene00169509.,0,0,0
WBGene00169510.,0,0,0
WBGene00169511.,0,0,0
WBGene00169512.,0,0,0
WBGene00169513.,0,0,0
WBGene00169514.,0,0,0
WBGene00169515.,0,2,2
WBGene00169516.,0,0,0
WBGene00169517.,0,0,0
WBGene00169518.,0,0,0
WBGene00169519.,0,0,0
WBGene00169520.,0,0,0
WBGene00169521.,0,0,0
WBGene00169522.,0,2,2
WBGene00169523.,0,0,0
WBGene00169524.,0,0,0
WBGene00169525.,0,2,2
WBGene00169526.,0,0,0
WBGene00169527.,0,0,0
WBGene00169528.,0,1,1
WBGene00169529.,0,0,0
WBGene00169530.,0,0,0
WBGene00169531.,0,1,1
WBGene00169532.,0,0,0
WBGene00169533.,0,0,0
WBGene00169534.,0,0,0
WBGene00169535.,0,2,2
WBGene00169536.,0,0,0
WBGene00169537.,0,0,0
WBGene00169538.,0,0,0
WBGene00169539.,0,0,0
WBGene00169540.,0,0,0
WBGene00169541.,0,0,0
WBGene00169542.,0,0,0
WBGene00169543.,0,0,0
WBGene00169544.,0,0,0
WBGene00169545.,0,0,0
WBGene00169546.,0,0,0
WBGene00169547.,0,0,0
WBGene00169548.,0,0,0
WBGene00169549.,0,0,0
WBGene00169550.,0,0,0
WBGene00169551.,0,0,0
WBGene00169552.,0,3,3
WBGene00169553.,0,1,1
WBGene00169554.,0,31,31
WBGene00169555.,0,3,3
WBGene00169556.,0,0,0
WBGene00169557.,0,0,0
WBGene00169558.,0,2,2
WBGene00169559.,0,0,0
WBGene00169560.,0,0,0
WBGene00169561.,0,0,0
WBGene00169562.,0,0,0
WBGene00169563.,0,0,0
WBGene00169564.,0,2,2
WBGene00169565.,0,0,0
WBGene00169566.,0,2,2
WBGene00169567.,0,0,0
WBGene00169568.,0,0,0
WBGene00169569.,0,0,0
WBGene00169570.,0,0,0
WBGene00169571.,0,0,0
WBGene00169572.,0,0,0
WBGene00169573.,0,0,0
WBGene00169574.,0,1,1
WBGene00169575.,0,0,0
WBGene00169576.,0,0,0
WBGene00169577.,0,0,0
WBGene00169578.,0,0,0
WBGene00169579.,0,0,0
WBGene00169580.,0,0,0
WBGene00169581.,0,0,0
WBGene00169582.,0,0,0
WBGene00169583.,0,0,0
WBGene00169584.,0,0,0
WBGene00169585.,0,1,1
WBGene00169586.,0,0,0
WBGene00169587.,0,0,0
WBGene00169588.,0,0,0
WBGene00169589.,0,0,0
WBGene00169590.,0,0,0
WBGene00169591.,0,1,1
WBGene00169592.,0,0,0
WBGene00169593.,0,0,0
WBGene00169594.,0,0,0
WBGene00169595.,0,4,4
WBGene00169596.,0,0,0
WBGene00169597.,0,0,0
WBGene00169598.,0,0,0
WBGene00169599.,0,2,2
WBGene00169600.,0,0,0
WBGene00169601.,0,0,0
WBGene00169602.,0,0,0
WBGene00169603.,0,0,0
WBGene00169604.,0,0,0
WBGene00169605.,0,0,0
WBGene00169606.,0,0,0
WBGene00169607.,0,0,0
WBGene00169608.,0,0,0
WBGene00169609.,0,1,1
WBGene00169610.,0,0,0
WBGene00169611.,0,0,0
WBGene00169612.,0,0,0
WBGene00169613.,0,0,0
WBGene00169614.,0,1,1
WBGene00169615.,0,0,0
WBGene00169617.,0,0,0
WBGene00169618.,0,0,0
WBGene00169619.,0,0,0
WBGene00169620.,0,0,0
WBGene00169621.,0,0,0
WBGene00169622.,0,0,0
WBGene00169623.,0,0,0
WBGene00169624.,0,0,0
WBGene00169625.,0,0,0
WBGene00169626.,0,0,0
WBGene00169627.,0,0,0
WBGene00169628.,0,0,0
WBGene00169629.,0,0,0
WBGene00169630.,0,0,0
WBGene00169631.,0,0,0
WBGene00169632.,0,0,0
WBGene00169633.,0,0,0
WBGene00169634.,0,0,0
WBGene00169635.,0,0,0
WBGene00169636.,0,0,0
WBGene00169637.,0,0,0
WBGene00169638.,0,1,1
WBGene00169639.,0,0,0
WBGene00169640.,0,0,0
WBGene00169641.,0,0,0
WBGene00169642.,0,0,0
WBGene00169643.,0,0,0
WBGene00169644.,0,0,0
WBGene00169645.,0,5,5
WBGene00169646.,0,0,0
WBGene00169647.,0,0,0
WBGene00169648.,0,2,2
WBGene00169649.,0,0,0
WBGene00169650.,0,11,11
WBGene00169651.,0,0,0
WBGene00169652.,0,0,0
WBGene00169653.,0,0,0
WBGene00169654.,0,0,0
WBGene00169655.,0,0,0
WBGene00169656.,0,0,0
WBGene00169657.,0,0,0
WBGene00169658.,0,0,0
WBGene00169659.,0,0,0
WBGene00169660.,0,0,0
WBGene00169661.,0,0,0
WBGene00169662.,0,1,1
WBGene00169663.,0,0,0
WBGene00169664.,0,0,0
WBGene00169665.,0,0,0
WBGene00169666.,0,0,0
WBGene00169667.,0,0,0
WBGene00169668.,0,0,0
WBGene00169669.,0,0,0
WBGene00169670.,0,0,0
WBGene00169671.,0,0,0
WBGene00169672.,0,0,0
WBGene00169673.,0,0,0
WBGene00169674.,0,0,0
WBGene00169675.,0,0,0
WBGene00169676.,0,0,0
WBGene00169677.,0,3,3
WBGene00169678.,0,2,2
WBGene00169679.,0,0,0
WBGene00169680.,0,0,0
WBGene00169681.,0,6,6
WBGene00169682.,0,0,0
WBGene00169683.,0,0,0
WBGene00169684.,0,0,0
WBGene00169685.,0,0,0
WBGene00169686.,0,0,0
WBGene00169687.,0,0,0
WBGene00169688.,0,0,0
WBGene00169689.,0,1,1
WBGene00169690.,0,0,0
WBGene00169691.,0,6,6
WBGene00169692.,0,1,1
WBGene00169693.,0,0,0
WBGene00169694.,0,1,1
WBGene00169695.,0,6,6
WBGene00169696.,0,0,0
WBGene00169697.,0,0,0
WBGene00169698.,0,5,5
WBGene00169699.,0,13,13
WBGene00169700.,0,1,1
WBGene00169701.,0,0,0
WBGene00169702.,0,0,0
WBGene00169703.,0,0,0
WBGene00169704.,0,0,0
WBGene00169705.,0,0,0
WBGene00169706.,0,0,0
WBGene00169707.,0,1,1
WBGene00169708.,0,0,0
WBGene00169709.,0,0,0
WBGene00169710.,0,0,0
WBGene00169711.,0,1,1
WBGene00169712.,0,0,0
WBGene00169713.,0,0,0
WBGene00169714.,0,0,0
WBGene00169715.,0,0,0
WBGene00169716.,0,0,0
WBGene00169717.,0,1,1
WBGene00169718.,0,0,0
WBGene00169719.,0,0,0
WBGene00169720.,0,0,0
WBGene00169721.,0,0,0
WBGene00169722.,0,0,0
WBGene00169723.,0,0,0
WBGene00169724.,0,0,0
WBGene00169725.,0,1,1
WBGene00169726.,0,0,0
WBGene00169727.,0,0,0
WBGene00169728.,0,2,2
WBGene00169729.,0,1,1
WBGene00169730.,0,0,0
WBGene00169731.,0,0,0
WBGene00169732.,0,0,0
WBGene00169733.,0,0,0
WBGene00169734.,0,0,0
WBGene00169735.,0,0,0
WBGene00169736.,0,0,0
WBGene00169737.,0,0,0
WBGene00169738.,0,0,0
WBGene00169739.,0,0,0
WBGene00169740.,0,1,1
WBGene00169741.,0,0,0
WBGene00169742.,0,0,0
WBGene00169743.,0,0,0
WBGene00169744.,0,0,0
WBGene00169745.,0,0,0
WBGene00169746.,0,0,0
WBGene00169747.,0,0,0
WBGene00169748.,0,0,0
WBGene00169749.,0,0,0
WBGene00169750.,0,0,0
WBGene00169751.,0,0,0
WBGene00169752.,0,0,0
WBGene00169753.,0,0,0
WBGene00169754.,0,2,2
WBGene00169755.,0,0,0
WBGene00169756.,0,0,0
WBGene00169757.,0,0,0
WBGene00169758.,0,0,0
WBGene00169759.,0,0,0
WBGene00169760.,0,0,0
WBGene00169761.,0,0,0
WBGene00169762.,0,0,0
WBGene00169763.,0,0,0
WBGene00169764.,0,0,0
WBGene00169765.,0,0,0
WBGene00169766.,0,0,0
WBGene00169767.,0,0,0
WBGene00169768.,0,0,0
WBGene00169769.,0,0,0
WBGene00169770.,0,0,0
WBGene00169771.,0,0,0
WBGene00169772.,0,0,0
WBGene00169773.,0,1,1
WBGene00169774.,0,0,0
WBGene00169775.,0,0,0
WBGene00169776.,0,0,0
WBGene00169777.,0,0,0
WBGene00169778.,0,0,0
WBGene00169779.,0,0,0
WBGene00169780.,0,0,0
WBGene00169781.,0,0,0
WBGene00169782.,0,0,0
WBGene00169783.,0,0,0
WBGene00169784.,0,0,0
WBGene00169785.,0,1,1
WBGene00169786.,0,0,0
WBGene00169787.,0,0,0
WBGene00169788.,0,0,0
WBGene00169789.,0,0,0
WBGene00169790.,0,0,0
WBGene00169791.,0,0,0
WBGene00169792.,0,0,0
WBGene00169793.,0,0,0
WBGene00169794.,0,0,0
WBGene00169795.,0,0,0
WBGene00169796.,0,0,0
WBGene00169797.,0,1,1
WBGene00169798.,0,0,0
WBGene00169799.,0,22,22
WBGene00169800.,0,0,0
WBGene00169801.,0,0,0
WBGene00169802.,0,2,2
WBGene00169803.,0,0,0
WBGene00169804.,0,0,0
WBGene00169805.,0,0,0
WBGene00169806.,0,0,0
WBGene00169807.,0,0,0
WBGene00169808.,0,0,0
WBGene00169809.,0,0,0
WBGene00169810.,0,0,0
WBGene00169811.,0,0,0
WBGene00169812.,0,0,0
WBGene00169813.,0,0,0
WBGene00169814.,0,0,0
WBGene00169815.,0,0,0
WBGene00169816.,0,0,0
WBGene00169817.,0,0,0
WBGene00169818.,0,0,0
WBGene00169819.,0,10,10
WBGene00169820.,0,1,1
WBGene00169821.,0,0,0
WBGene00169822.,0,0,0
WBGene00169823.,0,0,0
WBGene00169824.,0,0,0
WBGene00169825.,0,2,2
WBGene00169826.,0,0,0
WBGene00169827.,0,0,0
WBGene00169828.,0,0,0
WBGene00169829.,0,0,0
WBGene00169830.,0,7,7
WBGene00169831.,0,0,0
WBGene00169832.,0,0,0
WBGene00169833.,0,0,0
WBGene00169834.,0,0,0
WBGene00169835.,0,0,0
WBGene00169836.,0,0,0
WBGene00169837.,0,0,0
WBGene00169838.,0,32,32
WBGene00169839.,0,0,0
WBGene00169840.,0,0,0
WBGene00169841.,0,1,1
WBGene00169842.,0,0,0
WBGene00169843.,0,0,0
WBGene00169844.,0,0,0
WBGene00169845.,0,0,0
WBGene00169846.,0,0,0
WBGene00169847.,0,0,0
WBGene00169848.,0,0,0
WBGene00169849.,0,0,0
WBGene00169850.,0,0,0
WBGene00169851.,0,0,0
WBGene00169852.,0,0,0
WBGene00169853.,0,0,0
WBGene00169854.,0,0,0
WBGene00169855.,0,0,0
WBGene00169856.,0,0,0
WBGene00169857.,0,0,0
WBGene00169858.,0,0,0
WBGene00169859.,0,0,0
WBGene00169860.,0,0,0
WBGene00169861.,0,0,0
WBGene00169862.,0,0,0
WBGene00169863.,0,0,0
WBGene00169864.,0,0,0
WBGene00169865.,0,0,0
WBGene00169866.,0,0,0
WBGene00169867.,0,0,0
WBGene00169868.,0,0,0
WBGene00169869.,0,0,0
WBGene00169870.,0,0,0
WBGene00169871.,0,0,0
WBGene00169872.,0,0,0
WBGene00169873.,0,0,0
WBGene00169874.,0,0,0
WBGene00169875.,0,0,0
WBGene00169876.,0,0,0
WBGene00169877.,0,0,0
WBGene00169878.,0,0,0
WBGene00169879.,0,0,0
WBGene00169880.,0,8,8
WBGene00169881.,0,1,1
WBGene00169882.,0,0,0
WBGene00169883.,0,0,0
WBGene00169884.,0,0,0
WBGene00169885.,0,0,0
WBGene00169886.,0,0,0
WBGene00169887.,0,0,0
WBGene00169888.,0,0,0
WBGene00169889.,0,0,0
WBGene00169890.,0,0,0
WBGene00169891.,0,0,0
WBGene00169892.,0,0,0
WBGene00169893.,0,0,0
WBGene00169894.,0,14,14
WBGene00169895.,0,0,0
WBGene00169896.,0,0,0
WBGene00169897.,0,2,2
WBGene00169898.,0,0,0
WBGene00169899.,0,0,0
WBGene00169900.,0,0,0
WBGene00169901.,0,0,0
WBGene00169902.,0,0,0
WBGene00169903.,0,0,0
WBGene00169904.,0,0,0
WBGene00169905.,0,0,0
WBGene00169906.,0,3,3
WBGene00169907.,0,0,0
WBGene00169908.,0,0,0
WBGene00169909.,0,0,0
WBGene00169910.,0,0,0
WBGene00169911.,0,0,0
WBGene00169912.,0,0,0
WBGene00169913.,0,3,3
WBGene00169914.,0,0,0
WBGene00169915.,0,0,0
WBGene00169916.,0,0,0
WBGene00169917.,0,0,0
WBGene00169918.,0,0,0
WBGene00169919.,0,0,0
WBGene00169920.,0,0,0
WBGene00169921.,0,0,0
WBGene00169922.,0,0,0
WBGene00169923.,0,0,0
WBGene00169924.,0,0,0
WBGene00169925.,0,0,0
WBGene00169926.,0,0,0
WBGene00169927.,0,0,0
WBGene00169928.,0,8,8
WBGene00169929.,0,2,2
WBGene00169930.,0,0,0
WBGene00169931.,0,0,0
WBGene00169932.,0,0,0
WBGene00169933.,0,0,0
WBGene00169934.,0,0,0
WBGene00169935.,0,0,0
WBGene00169936.,0,0,0
WBGene00169937.,0,0,0
WBGene00169938.,0,1,1
WBGene00169939.,0,0,0
WBGene00169940.,0,0,0
WBGene00169941.,0,0,0
WBGene00169942.,0,4,4
WBGene00169943.,0,0,0
WBGene00169944.,0,0,0
WBGene00169946.,0,0,0
WBGene00169947.,0,0,0
WBGene00169948.,0,0,0
WBGene00169949.,0,0,0
WBGene00169950.,0,0,0
WBGene00169951.,0,3,3
WBGene00169952.,0,0,0
WBGene00169953.,0,0,0
WBGene00169954.,0,1,1
WBGene00169955.,0,0,0
WBGene00169956.,0,0,0
WBGene00169957.,0,2,2
WBGene00169958.,0,0,0
WBGene00169959.,0,0,0
WBGene00169960.,0,0,0
WBGene00169961.,0,0,0
WBGene00169962.,0,0,0
WBGene00169963.,0,0,0
WBGene00169964.,0,0,0
WBGene00169965.,0,0,0
WBGene00169966.,0,0,0
WBGene00169967.,0,0,0
WBGene00169968.,0,0,0
WBGene00169969.,0,0,0
WBGene00169970.,0,0,0
WBGene00169971.,0,0,0
WBGene00169972.,0,2,2
WBGene00169973.,0,0,0
WBGene00169974.,0,0,0
WBGene00169975.,0,0,0
WBGene00169976.,0,0,0
WBGene00169977.,0,2,2
WBGene00169978.,0,0,0
WBGene00169979.,0,111,111
WBGene00169980.,0,0,0
WBGene00169981.,0,0,0
WBGene00169982.,0,0,0
WBGene00169983.,0,1,1
WBGene00169984.,0,0,0
WBGene00169985.,0,0,0
WBGene00169986.,0,0,0
WBGene00169987.,0,0,0
WBGene00169988.,0,0,0
WBGene00169989.,0,0,0
WBGene00169990.,0,2,2
WBGene00169991.,0,0,0
WBGene00169992.,0,0,0
WBGene00169993.,0,4,4
WBGene00169994.,0,4,4
WBGene00169995.,0,0,0
WBGene00169996.,0,0,0
WBGene00169997.,0,0,0
WBGene00169998.,0,2,2
WBGene00169999.,0,0,0
WBGene00170000.,0,0,0
WBGene00170001.,0,0,0
WBGene00170002.,0,2,2
WBGene00170003.,0,0,0
WBGene00170004.,0,0,0
WBGene00170005.,0,0,0
WBGene00170006.,0,0,0
WBGene00170007.,0,1,1
WBGene00170008.,0,0,0
WBGene00170009.,0,4,4
WBGene00170010.,0,0,0
WBGene00170011.,0,0,0
WBGene00170012.,0,0,0
WBGene00170013.,0,0,0
WBGene00170014.,0,1,1
WBGene00170015.,0,0,0
WBGene00170016.,0,0,0
WBGene00170017.,0,0,0
WBGene00170018.,0,0,0
WBGene00170019.,0,0,0
WBGene00170020.,0,1,1
WBGene00170021.,0,0,0
WBGene00170022.,0,3,3
WBGene00170023.,0,0,0
WBGene00170024.,0,0,0
WBGene00170025.,0,0,0
WBGene00170026.,0,2,2
WBGene00170027.,0,1,1
WBGene00170028.,0,0,0
WBGene00170029.,0,1,1
WBGene00170030.,0,0,0
WBGene00170031.,0,0,0
WBGene00170032.,0,0,0
WBGene00170033.,0,0,0
WBGene00170034.,0,33,33
WBGene00170035.,0,0,0
WBGene00170036.,0,1,1
WBGene00170037.,0,5,5
WBGene00170038.,0,0,0
WBGene00170039.,0,0,0
WBGene00170040.,0,0,0
WBGene00170041.,0,4,4
WBGene00170042.,0,0,0
WBGene00170043.,0,0,0
WBGene00170044.,0,0,0
WBGene00170045.,0,2,2
WBGene00170046.,0,0,0
WBGene00170047.,0,2,2
WBGene00170048.,0,0,0
WBGene00170049.,0,1,1
WBGene00170050.,0,3,3
WBGene00170051.,0,0,0
WBGene00170052.,0,0,0
WBGene00170053.,0,0,0
WBGene00170054.,0,0,0
WBGene00170055.,0,0,0
WBGene00170056.,0,1,1
WBGene00170057.,0,0,0
WBGene00170058.,0,0,0
WBGene00170059.,0,0,0
WBGene00170060.,0,0,0
WBGene00170061.,0,0,0
WBGene00170062.,0,0,0
WBGene00170063.,0,0,0
WBGene00170064.,0,0,0
WBGene00170065.,0,0,0
WBGene00170066.,0,0,0
WBGene00170067.,0,2,2
WBGene00170068.,0,0,0
WBGene00170069.,0,0,0
WBGene00170070.,0,0,0
WBGene00170071.,0,0,0
WBGene00170072.,0,0,0
WBGene00170073.,0,4,4
WBGene00170074.,0,0,0
WBGene00170075.,0,0,0
WBGene00170076.,0,0,0
WBGene00170077.,0,0,0
WBGene00170078.,0,2,2
WBGene00170079.,0,0,0
WBGene00170080.,0,0,0
WBGene00170081.,0,0,0
WBGene00170082.,0,0,0
WBGene00170083.,0,0,0
WBGene00170084.,0,0,0
WBGene00170085.,0,0,0
WBGene00170086.,0,0,0
WBGene00170087.,0,0,0
WBGene00170088.,0,0,0
WBGene00170089.,0,0,0
WBGene00170090.,0,2,2
WBGene00170091.,0,0,0
WBGene00170092.,0,0,0
WBGene00170093.,0,0,0
WBGene00170094.,0,0,0
WBGene00170095.,0,2,2
WBGene00170096.,0,2,2
WBGene00170097.,0,0,0
WBGene00170098.,0,0,0
WBGene00170099.,0,0,0
WBGene00170100.,0,1,1
WBGene00170101.,0,0,0
WBGene00170102.,0,0,0
WBGene00170103.,0,3,3
WBGene00170104.,0,0,0
WBGene00170105.,0,3,3
WBGene00170106.,0,0,0
WBGene00170107.,0,0,0
WBGene00170108.,0,0,0
WBGene00170109.,0,0,0
WBGene00170110.,0,0,0
WBGene00170111.,0,0,0
WBGene00170112.,0,1,1
WBGene00170113.,0,1,1
WBGene00170114.,0,0,0
WBGene00170115.,0,0,0
WBGene00170116.,0,0,0
WBGene00170117.,0,0,0
WBGene00170118.,0,0,0
WBGene00170119.,0,0,0
WBGene00170120.,0,10,10
WBGene00170121.,0,0,0
WBGene00170122.,0,0,0
WBGene00170123.,0,0,0
WBGene00170124.,0,0,0
WBGene00170125.,0,0,0
WBGene00170126.,0,0,0
WBGene00170127.,0,0,0
WBGene00170128.,0,0,0
WBGene00170129.,0,0,0
WBGene00170130.,0,0,0
WBGene00170131.,0,0,0
WBGene00170132.,0,4,4
WBGene00170133.,0,0,0
WBGene00170134.,0,0,0
WBGene00170135.,0,0,0
WBGene00170136.,0,0,0
WBGene00170137.,0,0,0
WBGene00170138.,0,0,0
WBGene00170139.,0,0,0
WBGene00170140.,0,0,0
WBGene00170141.,0,0,0
WBGene00170142.,0,1,1
WBGene00170143.,0,0,0
WBGene00170144.,0,1,1
WBGene00170145.,0,1,1
WBGene00170146.,0,0,0
WBGene00170147.,0,0,0
WBGene00170148.,0,0,0
WBGene00170149.,0,0,0
WBGene00170150.,0,0,0
WBGene00170151.,0,0,0
WBGene00170152.,0,0,0
WBGene00170153.,0,0,0
WBGene00170154.,0,0,0
WBGene00170155.,0,0,0
WBGene00170156.,0,0,0
WBGene00170157.,0,0,0
WBGene00170158.,0,2,2
WBGene00170159.,0,0,0
WBGene00170160.,0,1,1
WBGene00170161.,0,0,0
WBGene00170162.,0,0,0
WBGene00170163.,0,0,0
WBGene00170164.,0,1,1
WBGene00170165.,0,0,0
WBGene00170166.,0,0,0
WBGene00170167.,0,0,0
WBGene00170168.,0,0,0
WBGene00170169.,0,0,0
WBGene00170170.,0,0,0
WBGene00170171.,0,0,0
WBGene00170172.,0,1,1
WBGene00170173.,0,0,0
WBGene00170174.,0,0,0
WBGene00170175.,0,0,0
WBGene00170176.,0,0,0
WBGene00170177.,0,0,0
WBGene00170178.,0,3,3
WBGene00170179.,0,0,0
WBGene00170180.,0,0,0
WBGene00170181.,0,0,0
WBGene00170182.,0,0,0
WBGene00170183.,0,0,0
WBGene00170184.,0,0,0
WBGene00170185.,0,0,0
WBGene00170186.,0,0,0
WBGene00170187.,0,0,0
WBGene00170188.,0,0,0
WBGene00170189.,0,0,0
WBGene00170190.,0,0,0
WBGene00170191.,0,0,0
WBGene00170192.,0,0,0
WBGene00170193.,0,0,0
WBGene00170194.,0,1,1
WBGene00170195.,0,0,0
WBGene00170196.,0,0,0
WBGene00170197.,0,0,0
WBGene00170198.,0,0,0
WBGene00170199.,0,0,0
WBGene00170200.,0,0,0
WBGene00170201.,0,2,2
WBGene00170202.,0,0,0
WBGene00170203.,0,0,0
WBGene00170204.,0,0,0
WBGene00170205.,0,0,0
WBGene00170206.,0,0,0
WBGene00170207.,0,1,1
WBGene00170208.,0,0,0
WBGene00170209.,0,0,0
WBGene00170210.,0,0,0
WBGene00170211.,0,0,0
WBGene00170212.,0,1,1
WBGene00170213.,0,0,0
WBGene00170214.,0,0,0
WBGene00170215.,0,0,0
WBGene00170216.,0,0,0
WBGene00170217.,0,0,0
WBGene00170218.,0,0,0
WBGene00170219.,0,0,0
WBGene00170220.,0,1,1
WBGene00170221.,0,0,0
WBGene00170222.,0,0,0
WBGene00170223.,0,0,0
WBGene00170224.,0,9,9
WBGene00170225.,0,0,0
WBGene00170226.,0,0,0
WBGene00170227.,0,1,1
WBGene00170228.,0,0,0
WBGene00170229.,0,0,0
WBGene00170230.,0,0,0
WBGene00170231.,0,0,0
WBGene00170232.,0,0,0
WBGene00170233.,0,0,0
WBGene00170234.,0,0,0
WBGene00170235.,0,2,2
WBGene00170236.,0,1,1
WBGene00170237.,0,2,2
WBGene00170238.,0,0,0
WBGene00170239.,0,0,0
WBGene00170240.,0,0,0
WBGene00170241.,0,0,0
WBGene00170242.,0,0,0
WBGene00170243.,0,0,0
WBGene00170244.,0,0,0
WBGene00170245.,0,0,0
WBGene00170246.,0,0,0
WBGene00170247.,0,0,0
WBGene00170248.,0,0,0
WBGene00170249.,0,0,0
WBGene00170250.,0,0,0
WBGene00170251.,0,0,0
WBGene00170252.,0,0,0
WBGene00170253.,0,0,0
WBGene00170254.,0,2,2
WBGene00170255.,0,0,0
WBGene00170256.,0,0,0
WBGene00170257.,0,0,0
WBGene00170258.,0,0,0
WBGene00170259.,0,0,0
WBGene00170260.,0,0,0
WBGene00170261.,0,0,0
WBGene00170262.,0,0,0
WBGene00170263.,0,0,0
WBGene00170264.,0,0,0
WBGene00170265.,0,0,0
WBGene00170266.,0,0,0
WBGene00170267.,0,0,0
WBGene00170268.,0,0,0
WBGene00170269.,0,2,2
WBGene00170270.,0,0,0
WBGene00170271.,0,0,0
WBGene00170272.,0,0,0
WBGene00170273.,0,0,0
WBGene00170274.,0,1,1
WBGene00170275.,0,5,5
WBGene00170276.,0,0,0
WBGene00170277.,0,0,0
WBGene00170278.,0,0,0
WBGene00170279.,0,2,2
WBGene00170280.,0,0,0
WBGene00170281.,0,0,0
WBGene00170282.,0,3,3
WBGene00170283.,0,0,0
WBGene00170284.,0,0,0
WBGene00170285.,0,0,0
WBGene00170286.,0,1,1
WBGene00170287.,0,0,0
WBGene00170288.,0,0,0
WBGene00170289.,0,0,0
WBGene00170290.,0,0,0
WBGene00170291.,0,1,1
WBGene00170292.,0,0,0
WBGene00170293.,0,0,0
WBGene00170294.,0,1,1
WBGene00170295.,0,4,4
WBGene00170296.,0,0,0
WBGene00170297.,0,0,0
WBGene00170298.,0,0,0
WBGene00170299.,0,0,0
WBGene00170300.,0,0,0
WBGene00170301.,0,0,0
WBGene00170302.,0,0,0
WBGene00170303.,0,0,0
WBGene00170304.,0,0,0
WBGene00170305.,0,0,0
WBGene00170306.,0,0,0
WBGene00170307.,0,0,0
WBGene00170308.,0,0,0
WBGene00170309.,0,0,0
WBGene00170310.,0,0,0
WBGene00170311.,0,0,0
WBGene00170312.,0,0,0
WBGene00170313.,0,0,0
WBGene00170314.,0,0,0
WBGene00170315.,0,0,0
WBGene00170316.,0,0,0
WBGene00170317.,0,0,0
WBGene00170318.,0,0,0
WBGene00170319.,0,0,0
WBGene00170320.,0,0,0
WBGene00170321.,0,1,1
WBGene00170322.,0,0,0
WBGene00170323.,0,0,0
WBGene00170324.,0,0,0
WBGene00170325.,0,0,0
WBGene00170326.,0,0,0
WBGene00170327.,0,0,0
WBGene00170328.,0,0,0
WBGene00170329.,0,0,0
WBGene00170330.,0,0,0
WBGene00170331.,0,0,0
WBGene00170332.,0,0,0
WBGene00170333.,0,0,0
WBGene00170334.,0,0,0
WBGene00170335.,0,0,0
WBGene00170336.,0,0,0
WBGene00170337.,0,0,0
WBGene00170338.,0,0,0
WBGene00170339.,0,0,0
WBGene00170340.,0,0,0
WBGene00170341.,0,0,0
WBGene00170342.,0,0,0
WBGene00170343.,0,0,0
WBGene00170344.,0,0,0
WBGene00170345.,0,0,0
WBGene00170346.,0,6,6
WBGene00170347.,0,0,0
WBGene00170348.,0,0,0
WBGene00170349.,0,0,0
WBGene00170350.,0,2,2
WBGene00170351.,0,0,0
WBGene00170352.,0,0,0
WBGene00170353.,0,0,0
WBGene00170354.,0,0,0
WBGene00170355.,0,0,0
WBGene00170356.,0,0,0
WBGene00170357.,0,0,0
WBGene00170358.,0,0,0
WBGene00170359.,0,0,0
WBGene00170360.,0,0,0
WBGene00170361.,0,0,0
WBGene00170362.,0,0,0
WBGene00170363.,0,0,0
WBGene00170364.,0,0,0
WBGene00170365.,0,1,1
WBGene00170366.,0,0,0
WBGene00170367.,0,0,0
WBGene00170368.,0,2,2
WBGene00170369.,0,0,0
WBGene00170370.,0,0,0
WBGene00170371.,0,0,0
WBGene00170372.,0,0,0
WBGene00170373.,0,0,0
WBGene00170374.,0,0,0
WBGene00170375.,0,0,0
WBGene00170376.,0,0,0
WBGene00170377.,0,0,0
WBGene00170378.,0,0,0
WBGene00170379.,0,0,0
WBGene00170380.,0,1,1
WBGene00170381.,0,1,1
WBGene00170382.,0,0,0
WBGene00170383.,0,0,0
WBGene00170384.,0,0,0
WBGene00170385.,0,0,0
WBGene00170386.,0,0,0
WBGene00170387.,0,0,0
WBGene00170388.,0,0,0
WBGene00170389.,0,1,1
WBGene00170390.,0,0,0
WBGene00170391.,0,0,0
WBGene00170392.,0,1,1
WBGene00170393.,0,1,1
WBGene00170394.,0,0,0
WBGene00170395.,0,0,0
WBGene00170396.,0,0,0
WBGene00170397.,0,0,0
WBGene00170398.,0,0,0
WBGene00170399.,0,0,0
WBGene00170400.,0,0,0
WBGene00170401.,0,0,0
WBGene00170402.,0,0,0
WBGene00170403.,0,0,0
WBGene00170404.,0,0,0
WBGene00170405.,0,0,0
WBGene00170406.,0,0,0
WBGene00170407.,0,0,0
WBGene00170408.,0,0,0
WBGene00170409.,0,0,0
WBGene00170410.,0,0,0
WBGene00170411.,0,0,0
WBGene00170412.,0,0,0
WBGene00170413.,0,0,0
WBGene00170414.,0,0,0
WBGene00170415.,0,0,0
WBGene00170416.,0,0,0
WBGene00170417.,0,3,3
WBGene00170418.,0,0,0
WBGene00170419.,0,0,0
WBGene00170420.,0,0,0
WBGene00170421.,0,1,1
WBGene00170422.,0,0,0
WBGene00170423.,0,0,0
WBGene00170424.,0,0,0
WBGene00170425.,0,0,0
WBGene00170426.,0,0,0
WBGene00170427.,0,0,0
WBGene00170428.,0,0,0
WBGene00170429.,0,3,3
WBGene00170430.,0,0,0
WBGene00170431.,0,0,0
WBGene00170432.,0,0,0
WBGene00170433.,0,0,0
WBGene00170434.,0,0,0
WBGene00170435.,0,0,0
WBGene00170436.,0,0,0
WBGene00170437.,0,0,0
WBGene00170438.,0,1,1
WBGene00170439.,0,0,0
WBGene00170440.,0,0,0
WBGene00170441.,0,0,0
WBGene00170442.,0,6,6
WBGene00170443.,0,0,0
WBGene00170444.,0,0,0
WBGene00170445.,0,1,1
WBGene00170446.,0,0,0
WBGene00170447.,0,0,0
WBGene00170448.,0,14,14
WBGene00170449.,0,0,0
WBGene00170450.,0,0,0
WBGene00170451.,0,0,0
WBGene00170452.,0,0,0
WBGene00170453.,0,0,0
WBGene00170454.,0,0,0
WBGene00170455.,0,0,0
WBGene00170456.,0,0,0
WBGene00170457.,0,0,0
WBGene00170458.,0,0,0
WBGene00170459.,0,0,0
WBGene00170460.,0,2,2
WBGene00170461.,0,0,0
WBGene00170462.,0,0,0
WBGene00170463.,0,1,1
WBGene00170464.,0,0,0
WBGene00170465.,0,0,0
WBGene00170466.,0,0,0
WBGene00170467.,0,0,0
WBGene00170468.,0,0,0
WBGene00170469.,0,0,0
WBGene00170470.,0,0,0
WBGene00170471.,0,0,0
WBGene00170472.,0,0,0
WBGene00170473.,0,0,0
WBGene00170474.,0,0,0
WBGene00170475.,0,0,0
WBGene00170476.,0,0,0
WBGene00170477.,0,0,0
WBGene00170478.,0,0,0
WBGene00170479.,0,1,1
WBGene00170480.,0,0,0
WBGene00170481.,0,0,0
WBGene00170482.,0,0,0
WBGene00170483.,0,0,0
WBGene00170484.,0,0,0
WBGene00170485.,0,1,1
WBGene00170486.,0,0,0
WBGene00170487.,0,1,1
WBGene00170488.,0,6,6
WBGene00170489.,0,0,0
WBGene00170490.,0,1,1
WBGene00170491.,0,0,0
WBGene00170492.,0,0,0
WBGene00170493.,0,9,9
WBGene00170494.,0,0,0
WBGene00170495.,0,0,0
WBGene00170496.,0,0,0
WBGene00170497.,0,0,0
WBGene00170498.,0,0,0
WBGene00170499.,0,0,0
WBGene00170500.,0,0,0
WBGene00170501.,0,0,0
WBGene00170502.,0,1,1
WBGene00170503.,0,0,0
WBGene00170504.,0,0,0
WBGene00170505.,0,0,0
WBGene00170506.,0,0,0
WBGene00170507.,0,0,0
WBGene00170508.,0,0,0
WBGene00170509.,0,0,0
WBGene00170510.,0,0,0
WBGene00170511.,0,6,6
WBGene00170512.,0,0,0
WBGene00170513.,0,0,0
WBGene00170514.,0,0,0
WBGene00170515.,0,5,5
WBGene00170516.,0,5,5
WBGene00170517.,0,0,0
WBGene00170518.,0,0,0
WBGene00170519.,0,0,0
WBGene00170520.,0,0,0
WBGene00170521.,0,0,0
WBGene00170522.,0,0,0
WBGene00170523.,0,0,0
WBGene00170524.,0,0,0
WBGene00170525.,0,0,0
WBGene00170526.,0,0,0
WBGene00170527.,0,0,0
WBGene00170528.,0,0,0
WBGene00170529.,0,0,0
WBGene00170530.,0,0,0
WBGene00170531.,0,0,0
WBGene00170532.,0,0,0
WBGene00170533.,0,0,0
WBGene00170534.,0,0,0
WBGene00170535.,0,0,0
WBGene00170536.,0,0,0
WBGene00170537.,0,0,0
WBGene00170538.,0,0,0
WBGene00170539.,0,0,0
WBGene00170540.,0,1,1
WBGene00170541.,0,0,0
WBGene00170542.,0,0,0
WBGene00170543.,0,0,0
WBGene00170544.,0,0,0
WBGene00170545.,0,1,1
WBGene00170546.,0,0,0
WBGene00170547.,0,0,0
WBGene00170548.,0,0,0
WBGene00170549.,0,0,0
WBGene00170550.,0,0,0
WBGene00170551.,0,0,0
WBGene00170552.,0,0,0
WBGene00170553.,0,2,2
WBGene00170554.,0,1,1
WBGene00170555.,0,0,0
WBGene00170556.,0,0,0
WBGene00170557.,0,0,0
WBGene00170558.,0,0,0
WBGene00170559.,0,0,0
WBGene00170560.,0,0,0
WBGene00170561.,0,0,0
WBGene00170562.,0,0,0
WBGene00170563.,0,1,1
WBGene00170564.,0,0,0
WBGene00170565.,0,0,0
WBGene00170566.,0,0,0
WBGene00170567.,0,0,0
WBGene00170568.,0,0,0
WBGene00170569.,0,0,0
WBGene00170570.,0,0,0
WBGene00170571.,0,0,0
WBGene00170572.,0,0,0
WBGene00170573.,0,0,0
WBGene00170574.,0,0,0
WBGene00170575.,0,0,0
WBGene00170576.,0,0,0
WBGene00170577.,0,0,0
WBGene00170578.,0,0,0
WBGene00170579.,0,2,2
WBGene00170580.,0,0,0
WBGene00170581.,0,0,0
WBGene00170582.,0,2,2
WBGene00170583.,0,0,0
WBGene00170584.,0,0,0
WBGene00170585.,0,0,0
WBGene00170586.,0,0,0
WBGene00170587.,0,2,2
WBGene00170588.,0,0,0
WBGene00170589.,0,0,0
WBGene00170590.,0,0,0
WBGene00170591.,0,1,1
WBGene00170592.,0,1,1
WBGene00170593.,0,0,0
WBGene00170594.,0,0,0
WBGene00170595.,0,0,0
WBGene00170596.,0,0,0
WBGene00170597.,0,0,0
WBGene00170598.,0,1,1
WBGene00170599.,0,0,0
WBGene00170600.,0,2,2
WBGene00170601.,0,0,0
WBGene00170602.,0,0,0
WBGene00170603.,0,0,0
WBGene00170604.,0,1,1
WBGene00170605.,0,0,0
WBGene00170606.,0,0,0
WBGene00170607.,0,0,0
WBGene00170608.,0,0,0
WBGene00170609.,0,0,0
WBGene00170610.,0,0,0
WBGene00170611.,0,3,3
WBGene00170612.,0,0,0
WBGene00170613.,0,0,0
WBGene00170614.,0,0,0
WBGene00170615.,0,0,0
WBGene00170616.,0,0,0
WBGene00170617.,0,0,0
WBGene00170618.,0,0,0
WBGene00170619.,0,0,0
WBGene00170620.,0,0,0
WBGene00170621.,0,1,1
WBGene00170622.,0,1,1
WBGene00170623.,0,0,0
WBGene00170624.,0,0,0
WBGene00170625.,0,0,0
WBGene00170626.,0,0,0
WBGene00170627.,0,0,0
WBGene00170628.,0,0,0
WBGene00170629.,0,0,0
WBGene00170630.,0,0,0
WBGene00170631.,0,0,0
WBGene00170632.,0,0,0
WBGene00170633.,0,99,99
WBGene00170634.,0,0,0
WBGene00170635.,0,0,0
WBGene00170636.,0,0,0
WBGene00170637.,0,0,0
WBGene00170638.,0,3,3
WBGene00170639.,0,0,0
WBGene00170640.,0,0,0
WBGene00170641.,0,0,0
WBGene00170642.,0,1,1
WBGene00170643.,0,1,1
WBGene00170644.,0,0,0
WBGene00170645.,0,0,0
WBGene00170646.,0,0,0
WBGene00170647.,0,5,5
WBGene00170648.,0,0,0
WBGene00170649.,0,0,0
WBGene00170650.,0,0,0
WBGene00170651.,0,0,0
WBGene00170652.,0,0,0
WBGene00170653.,0,0,0
WBGene00170654.,0,0,0
WBGene00170655.,0,0,0
WBGene00170656.,0,0,0
WBGene00170657.,0,0,0
WBGene00170658.,0,0,0
WBGene00170659.,0,0,0
WBGene00170660.,0,0,0
WBGene00170661.,0,0,0
WBGene00170662.,0,0,0
WBGene00170663.,0,0,0
WBGene00170664.,0,2,2
WBGene00170665.,0,0,0
WBGene00170666.,0,0,0
WBGene00170667.,0,0,0
WBGene00170668.,0,0,0
WBGene00170669.,0,0,0
WBGene00170670.,0,0,0
WBGene00170671.,0,2,2
WBGene00170672.,0,0,0
WBGene00170673.,0,0,0
WBGene00170674.,0,1,1
WBGene00170675.,0,0,0
WBGene00170676.,0,0,0
WBGene00170677.,0,0,0
WBGene00170678.,0,0,0
WBGene00170679.,0,0,0
WBGene00170680.,0,1,1
WBGene00170681.,0,0,0
WBGene00170682.,0,0,0
WBGene00170683.,0,0,0
WBGene00170684.,0,0,0
WBGene00170685.,0,0,0
WBGene00170686.,0,1,1
WBGene00170687.,0,1,1
WBGene00170688.,0,5,5
WBGene00170689.,0,0,0
WBGene00170690.,0,0,0
WBGene00170691.,0,2,2
WBGene00170692.,0,0,0
WBGene00170693.,0,0,0
WBGene00170694.,0,0,0
WBGene00170695.,0,0,0
WBGene00170697.,0,1,1
WBGene00170698.,0,0,0
WBGene00170699.,0,0,0
WBGene00170700.,0,0,0
WBGene00170701.,0,0,0
WBGene00170702.,0,0,0
WBGene00170703.,0,0,0
WBGene00170704.,0,0,0
WBGene00170705.,0,0,0
WBGene00170706.,0,3,3
WBGene00170707.,0,0,0
WBGene00170708.,0,1,1
WBGene00170709.,0,0,0
WBGene00170710.,0,0,0
WBGene00170711.,0,1,1
WBGene00170712.,0,5,5
WBGene00170713.,0,0,0
WBGene00170714.,0,0,0
WBGene00170715.,0,0,0
WBGene00170716.,0,0,0
WBGene00170717.,0,0,0
WBGene00170718.,0,0,0
WBGene00170719.,0,0,0
WBGene00170720.,0,0,0
WBGene00170721.,0,0,0
WBGene00170722.,0,0,0
WBGene00170723.,0,2,2
WBGene00170724.,0,0,0
WBGene00170725.,0,1,1
WBGene00170726.,0,0,0
WBGene00170727.,0,0,0
WBGene00170728.,0,0,0
WBGene00170729.,0,0,0
WBGene00170730.,0,0,0
WBGene00170731.,0,0,0
WBGene00170732.,0,1,1
WBGene00170733.,0,0,0
WBGene00170734.,0,0,0
WBGene00170735.,0,0,0
WBGene00170736.,0,0,0
WBGene00170737.,0,2,2
WBGene00170738.,0,0,0
WBGene00170739.,0,0,0
WBGene00170740.,0,0,0
WBGene00170741.,0,0,0
WBGene00170742.,0,0,0
WBGene00170743.,0,2,2
WBGene00170744.,0,0,0
WBGene00170745.,0,0,0
WBGene00170746.,0,0,0
WBGene00170747.,0,0,0
WBGene00170748.,0,0,0
WBGene00170749.,0,0,0
WBGene00170750.,0,5,5
WBGene00170751.,0,0,0
WBGene00170752.,0,0,0
WBGene00170753.,0,0,0
WBGene00170754.,0,1,1
WBGene00170755.,0,0,0
WBGene00170756.,0,0,0
WBGene00170757.,0,0,0
WBGene00170758.,0,0,0
WBGene00170759.,0,0,0
WBGene00170760.,0,0,0
WBGene00170761.,0,0,0
WBGene00170762.,0,2,2
WBGene00170763.,0,0,0
WBGene00170764.,0,0,0
WBGene00170765.,0,2,2
WBGene00170766.,0,0,0
WBGene00170767.,0,0,0
WBGene00170768.,0,0,0
WBGene00170769.,0,0,0
WBGene00170770.,0,0,0
WBGene00170771.,0,0,0
WBGene00170772.,0,0,0
WBGene00170773.,0,0,0
WBGene00170774.,0,1,1
WBGene00170775.,0,1,1
WBGene00170776.,0,0,0
WBGene00170777.,0,0,0
WBGene00170778.,0,0,0
WBGene00170779.,0,0,0
WBGene00170780.,0,0,0
WBGene00170781.,0,0,0
WBGene00170782.,0,0,0
WBGene00170783.,0,0,0
WBGene00170784.,0,0,0
WBGene00170785.,0,0,0
WBGene00170786.,0,0,0
WBGene00170787.,0,0,0
WBGene00170788.,0,0,0
WBGene00170789.,0,0,0
WBGene00170790.,0,0,0
WBGene00170791.,0,0,0
WBGene00170792.,0,0,0
WBGene00170793.,0,0,0
WBGene00170794.,0,0,0
WBGene00170795.,0,2,2
WBGene00170796.,0,1,1
WBGene00170797.,0,0,0
WBGene00170798.,0,0,0
WBGene00170799.,0,0,0
WBGene00170800.,0,0,0
WBGene00170801.,0,2,2
WBGene00170802.,0,3,3
WBGene00170803.,0,0,0
WBGene00170804.,0,1,1
WBGene00170805.,0,0,0
WBGene00170806.,0,0,0
WBGene00170807.,0,0,0
WBGene00170808.,0,0,0
WBGene00170809.,0,0,0
WBGene00170810.,0,0,0
WBGene00170811.,0,1,1
WBGene00170812.,0,0,0
WBGene00170813.,0,0,0
WBGene00170814.,0,0,0
WBGene00170815.,0,0,0
WBGene00170816.,0,0,0
WBGene00170817.,0,0,0
WBGene00170818.,0,0,0
WBGene00170819.,0,0,0
WBGene00170820.,0,0,0
WBGene00170821.,0,0,0
WBGene00170822.,0,0,0
WBGene00170823.,0,0,0
WBGene00170824.,0,4,4
WBGene00170825.,0,0,0
WBGene00170826.,0,0,0
WBGene00170827.,0,0,0
WBGene00170828.,0,0,0
WBGene00170829.,0,0,0
WBGene00170830.,0,0,0
WBGene00170831.,0,0,0
WBGene00170832.,0,0,0
WBGene00170833.,0,3,3
WBGene00170834.,0,0,0
WBGene00170835.,0,9,9
WBGene00170836.,0,0,0
WBGene00170837.,0,0,0
WBGene00170838.,0,0,0
WBGene00170839.,0,0,0
WBGene00170840.,0,0,0
WBGene00170841.,0,0,0
WBGene00170842.,0,5,5
WBGene00170843.,0,0,0
WBGene00170844.,0,2,2
WBGene00170845.,0,0,0
WBGene00170846.,0,0,0
WBGene00170847.,0,0,0
WBGene00170848.,0,0,0
WBGene00170849.,0,0,0
WBGene00170850.,0,0,0
WBGene00170851.,0,0,0
WBGene00170852.,0,0,0
WBGene00170853.,0,0,0
WBGene00170854.,0,1,1
WBGene00170855.,0,0,0
WBGene00170856.,0,0,0
WBGene00170857.,0,0,0
WBGene00170858.,0,0,0
WBGene00170859.,0,0,0
WBGene00170860.,0,0,0
WBGene00170861.,0,0,0
WBGene00170862.,0,0,0
WBGene00170863.,0,0,0
WBGene00170864.,0,0,0
WBGene00170865.,0,0,0
WBGene00170866.,0,0,0
WBGene00170867.,0,1,1
WBGene00170868.,0,0,0
WBGene00170869.,0,0,0
WBGene00170870.,0,0,0
WBGene00170871.,0,0,0
WBGene00170872.,0,0,0
WBGene00170873.,0,0,0
WBGene00170874.,0,0,0
WBGene00170875.,0,0,0
WBGene00170876.,0,1,1
WBGene00170877.,0,0,0
WBGene00170878.,0,0,0
WBGene00170879.,0,0,0
WBGene00170880.,0,0,0
WBGene00170881.,0,0,0
WBGene00170882.,0,1,1
WBGene00170883.,0,0,0
WBGene00170884.,0,0,0
WBGene00170885.,0,0,0
WBGene00170886.,0,0,0
WBGene00170887.,0,2,2
WBGene00170888.,0,0,0
WBGene00170889.,0,0,0
WBGene00170890.,0,2,2
WBGene00170891.,0,0,0
WBGene00170892.,0,2,2
WBGene00170893.,0,0,0
WBGene00170894.,0,0,0
WBGene00170895.,0,0,0
WBGene00170896.,0,0,0
WBGene00170897.,0,0,0
WBGene00170898.,0,0,0
WBGene00170899.,0,0,0
WBGene00170900.,0,0,0
WBGene00170901.,0,0,0
WBGene00170902.,0,0,0
WBGene00170903.,0,1,1
WBGene00170904.,0,5,5
WBGene00170905.,0,0,0
WBGene00170906.,0,0,0
WBGene00170907.,0,0,0
WBGene00170908.,0,0,0
WBGene00170909.,0,0,0
WBGene00170910.,0,0,0
WBGene00170911.,0,0,0
WBGene00170912.,0,0,0
WBGene00170913.,0,0,0
WBGene00170914.,0,1,1
WBGene00170915.,0,1,1
WBGene00170916.,0,0,0
WBGene00170917.,0,0,0
WBGene00170918.,0,0,0
WBGene00170919.,0,0,0
WBGene00170920.,0,0,0
WBGene00170921.,0,0,0
WBGene00170922.,0,0,0
WBGene00170923.,0,0,0
WBGene00170924.,0,1,1
WBGene00170925.,0,0,0
WBGene00170926.,0,4,4
WBGene00170927.,0,0,0
WBGene00170928.,0,0,0
WBGene00170929.,0,0,0
WBGene00170930.,0,0,0
WBGene00170931.,0,0,0
WBGene00170932.,0,0,0
WBGene00170933.,0,0,0
WBGene00170934.,0,0,0
WBGene00170935.,0,0,0
WBGene00170936.,0,0,0
WBGene00170937.,0,0,0
WBGene00170938.,0,0,0
WBGene00170939.,0,0,0
WBGene00170940.,0,0,0
WBGene00170941.,0,0,0
WBGene00170942.,0,0,0
WBGene00170943.,0,0,0
WBGene00170944.,0,0,0
WBGene00170945.,0,0,0
WBGene00170946.,0,1,1
WBGene00170947.,0,1,1
WBGene00170948.,0,0,0
WBGene00170949.,0,0,0
WBGene00170950.,0,0,0
WBGene00170951.,0,23,23
WBGene00170952.,0,2,2
WBGene00170953.,0,0,0
WBGene00170954.,0,16,16
WBGene00170955.,0,0,0
WBGene00170956.,0,0,0
WBGene00170957.,0,0,0
WBGene00170958.,0,0,0
WBGene00170959.,0,2,2
WBGene00170960.,0,0,0
WBGene00170961.,0,0,0
WBGene00170962.,0,0,0
WBGene00170963.,0,2,2
WBGene00170964.,0,2,2
WBGene00170965.,0,3,3
WBGene00170966.,0,0,0
WBGene00170967.,0,0,0
WBGene00170968.,0,0,0
WBGene00170969.,0,0,0
WBGene00170970.,0,0,0
WBGene00170971.,0,0,0
WBGene00170972.,0,0,0
WBGene00170973.,0,0,0
WBGene00170974.,0,14,14
WBGene00170975.,0,6,6
WBGene00170976.,0,0,0
WBGene00170977.,0,1,1
WBGene00170978.,0,4,4
WBGene00170979.,0,0,0
WBGene00170980.,0,7,7
WBGene00170981.,0,0,0
WBGene00170982.,0,0,0
WBGene00170983.,0,3,3
WBGene00170984.,0,0,0
WBGene00170985.,0,0,0
WBGene00170986.,0,0,0
WBGene00170987.,0,0,0
WBGene00170988.,0,3,3
WBGene00170989.,0,0,0
WBGene00170990.,0,0,0
WBGene00170991.,0,4,4
WBGene00170992.,0,0,0
WBGene00170993.,0,0,0
WBGene00170994.,0,0,0
WBGene00170995.,0,0,0
WBGene00170996.,0,8,8
WBGene00170997.,0,0,0
WBGene00170998.,0,6,6
WBGene00170999.,0,0,0
WBGene00171000.,0,0,0
WBGene00171001.,0,2,2
WBGene00171002.,0,0,0
WBGene00171003.,0,0,0
WBGene00171004.,0,0,0
WBGene00171005.,0,1,1
WBGene00171006.,0,0,0
WBGene00171007.,0,0,0
WBGene00171008.,0,0,0
WBGene00171009.,0,7,7
WBGene00171010.,0,0,0
WBGene00171011.,0,0,0
WBGene00171012.,0,0,0
WBGene00171013.,0,0,0
WBGene00171014.,0,4,4
WBGene00171015.,0,0,0
WBGene00171016.,0,0,0
WBGene00171017.,0,0,0
WBGene00171018.,0,0,0
WBGene00171019.,0,0,0
WBGene00171020.,0,0,0
WBGene00171021.,0,1,1
WBGene00171022.,0,0,0
WBGene00171023.,0,0,0
WBGene00171024.,0,0,0
WBGene00171025.,0,0,0
WBGene00171026.,0,3,3
WBGene00171027.,0,0,0
WBGene00171028.,0,0,0
WBGene00171029.,0,24,24
WBGene00171030.,0,0,0
WBGene00171031.,0,0,0
WBGene00171032.,0,0,0
WBGene00171033.,0,0,0
WBGene00171034.,0,0,0
WBGene00171035.,0,0,0
WBGene00171036.,0,0,0
WBGene00171037.,0,0,0
WBGene00171038.,0,0,0
WBGene00171039.,0,0,0
WBGene00171040.,0,0,0
WBGene00171041.,0,15,15
WBGene00171042.,0,0,0
WBGene00171043.,0,0,0
WBGene00171044.,0,0,0
WBGene00171045.,0,0,0
WBGene00171046.,0,0,0
WBGene00171047.,0,0,0
WBGene00171048.,0,0,0
WBGene00171049.,0,0,0
WBGene00171050.,0,0,0
WBGene00171051.,0,0,0
WBGene00171052.,0,0,0
WBGene00171053.,0,0,0
WBGene00171054.,0,0,0
WBGene00171055.,0,0,0
WBGene00171056.,0,0,0
WBGene00171057.,0,0,0
WBGene00171058.,0,0,0
WBGene00171059.,0,0,0
WBGene00171060.,0,0,0
WBGene00171061.,0,8,8
WBGene00171062.,0,0,0
WBGene00171063.,0,0,0
WBGene00171064.,0,0,0
WBGene00171065.,0,0,0
WBGene00171066.,0,0,0
WBGene00171067.,0,0,0
WBGene00171068.,0,0,0
WBGene00171069.,0,6,6
WBGene00171070.,0,0,0
WBGene00171071.,0,0,0
WBGene00171072.,0,0,0
WBGene00171073.,0,0,0
WBGene00171074.,0,0,0
WBGene00171075.,0,0,0
WBGene00171076.,0,0,0
WBGene00171077.,0,0,0
WBGene00171078.,0,0,0
WBGene00171079.,0,0,0
WBGene00171080.,0,1,1
WBGene00171081.,0,0,0
WBGene00171082.,0,0,0
WBGene00171083.,0,1,1
WBGene00171084.,0,0,0
WBGene00171085.,0,0,0
WBGene00171086.,0,0,0
WBGene00171087.,0,1,1
WBGene00171088.,0,0,0
WBGene00171089.,0,0,0
WBGene00171090.,0,0,0
WBGene00171091.,0,0,0
WBGene00171092.,0,0,0
WBGene00171093.,0,0,0
WBGene00171094.,0,0,0
WBGene00171095.,0,0,0
WBGene00171096.,0,0,0
WBGene00171097.,0,0,0
WBGene00171098.,0,0,0
WBGene00171099.,0,0,0
WBGene00171100.,0,0,0
WBGene00171101.,0,0,0
WBGene00171102.,0,0,0
WBGene00171103.,0,0,0
WBGene00171104.,0,0,0
WBGene00171105.,0,0,0
WBGene00171106.,0,0,0
WBGene00171107.,0,1,1
WBGene00171108.,0,0,0
WBGene00171109.,0,0,0
WBGene00171110.,0,0,0
WBGene00171111.,0,0,0
WBGene00171112.,0,0,0
WBGene00171113.,0,11,11
WBGene00171114.,0,0,0
WBGene00171115.,0,0,0
WBGene00171116.,0,1,1
WBGene00171117.,0,1,1
WBGene00171118.,0,3,3
WBGene00171119.,0,0,0
WBGene00171120.,0,0,0
WBGene00171121.,0,0,0
WBGene00171122.,0,0,0
WBGene00171123.,0,0,0
WBGene00171124.,0,0,0
WBGene00171125.,0,1,1
WBGene00171126.,0,0,0
WBGene00171127.,0,1,1
WBGene00171128.,0,0,0
WBGene00171129.,0,0,0
WBGene00171130.,0,0,0
WBGene00171131.,0,0,0
WBGene00171132.,0,0,0
WBGene00171133.,0,0,0
WBGene00171134.,0,0,0
WBGene00171135.,0,0,0
WBGene00171136.,0,0,0
WBGene00171137.,0,0,0
WBGene00171138.,0,0,0
WBGene00171139.,0,0,0
WBGene00171140.,0,0,0
WBGene00171141.,0,1,1
WBGene00171142.,0,0,0
WBGene00171143.,0,0,0
WBGene00171144.,0,0,0
WBGene00171145.,0,0,0
WBGene00171146.,0,0,0
WBGene00171147.,0,0,0
WBGene00171148.,0,0,0
WBGene00171149.,0,0,0
WBGene00171150.,0,0,0
WBGene00171151.,0,0,0
WBGene00171152.,0,15,15
WBGene00171153.,0,1,1
WBGene00171154.,0,0,0
WBGene00171155.,0,1,1
WBGene00171156.,0,0,0
WBGene00171157.,0,0,0
WBGene00171158.,0,0,0
WBGene00171159.,0,0,0
WBGene00171160.,0,0,0
WBGene00171161.,0,0,0
WBGene00171162.,0,0,0
WBGene00171163.,0,0,0
WBGene00171164.,0,0,0
WBGene00171165.,0,0,0
WBGene00171166.,0,0,0
WBGene00171167.,0,1,1
WBGene00171168.,0,0,0
WBGene00171169.,0,6,6
WBGene00171170.,0,0,0
WBGene00171171.,0,0,0
WBGene00171172.,0,0,0
WBGene00171173.,0,0,0
WBGene00171174.,0,0,0
WBGene00171175.,0,0,0
WBGene00171176.,0,0,0
WBGene00171177.,0,0,0
WBGene00171178.,0,0,0
WBGene00171179.,0,0,0
WBGene00171180.,0,0,0
WBGene00171181.,0,0,0
WBGene00171182.,0,0,0
WBGene00171183.,0,0,0
WBGene00171184.,0,0,0
WBGene00171185.,0,0,0
WBGene00171186.,0,0,0
WBGene00171187.,0,0,0
WBGene00171188.,0,0,0
WBGene00171189.,0,0,0
WBGene00171190.,0,0,0
WBGene00171191.,0,0,0
WBGene00171192.,0,0,0
WBGene00171193.,0,1,1
WBGene00171194.,0,6,6
WBGene00171195.,0,0,0
WBGene00171196.,0,0,0
WBGene00171197.,0,0,0
WBGene00171198.,0,0,0
WBGene00171199.,0,0,0
WBGene00171200.,0,0,0
WBGene00171201.,0,0,0
WBGene00171202.,0,0,0
WBGene00171203.,0,0,0
WBGene00171204.,0,0,0
WBGene00171205.,0,0,0
WBGene00171206.,0,0,0
WBGene00171207.,0,0,0
WBGene00171208.,0,0,0
WBGene00171209.,0,0,0
WBGene00171210.,0,0,0
WBGene00171211.,0,2,2
WBGene00171212.,0,0,0
WBGene00171213.,0,0,0
WBGene00171214.,0,1,1
WBGene00171215.,0,0,0
WBGene00171216.,0,1,1
WBGene00171217.,0,0,0
WBGene00171218.,0,0,0
WBGene00171219.,0,0,0
WBGene00171220.,0,3,3
WBGene00171221.,0,7,7
WBGene00171222.,0,0,0
WBGene00171223.,0,0,0
WBGene00171224.,0,0,0
WBGene00171225.,0,0,0
WBGene00171226.,0,0,0
WBGene00171227.,0,0,0
WBGene00171228.,0,0,0
WBGene00171229.,0,0,0
WBGene00171230.,0,0,0
WBGene00171231.,0,0,0
WBGene00171232.,0,0,0
WBGene00171233.,0,0,0
WBGene00171234.,0,0,0
WBGene00171235.,0,0,0
WBGene00171236.,0,0,0
WBGene00171237.,0,0,0
WBGene00171238.,0,0,0
WBGene00171239.,0,0,0
WBGene00171240.,0,0,0
WBGene00171241.,0,0,0
WBGene00171242.,0,0,0
WBGene00171243.,0,0,0
WBGene00171244.,0,1,1
WBGene00171245.,0,0,0
WBGene00171246.,0,0,0
WBGene00171247.,0,0,0
WBGene00171248.,0,0,0
WBGene00171249.,0,0,0
WBGene00171250.,0,0,0
WBGene00171251.,0,0,0
WBGene00171252.,0,1,1
WBGene00171253.,0,0,0
WBGene00171254.,0,0,0
WBGene00171255.,0,0,0
WBGene00171256.,0,0,0
WBGene00171257.,0,0,0
WBGene00171258.,0,0,0
WBGene00171259.,0,0,0
WBGene00171260.,0,0,0
WBGene00171261.,0,0,0
WBGene00171262.,0,0,0
WBGene00171263.,0,0,0
WBGene00171264.,0,0,0
WBGene00171265.,0,9,9
WBGene00171266.,0,0,0
WBGene00171267.,0,0,0
WBGene00171268.,0,1,1
WBGene00171269.,0,1,1
WBGene00171270.,0,0,0
WBGene00171271.,0,0,0
WBGene00171272.,0,1,1
WBGene00171273.,0,0,0
WBGene00171274.,0,0,0
WBGene00171275.,0,0,0
WBGene00171276.,0,0,0
WBGene00171277.,0,0,0
WBGene00171278.,0,0,0
WBGene00171279.,0,5,5
WBGene00171280.,0,2,2
WBGene00171281.,0,1,1
WBGene00171282.,0,0,0
WBGene00171283.,0,0,0
WBGene00171284.,0,6,6
WBGene00171285.,0,0,0
WBGene00171286.,0,43,43
WBGene00171287.,0,0,0
WBGene00171288.,0,0,0
WBGene00171289.,0,3,3
WBGene00171290.,0,10,10
WBGene00171291.,0,0,0
WBGene00171292.,0,0,0
WBGene00171293.,0,0,0
WBGene00171294.,0,4,4
WBGene00171295.,0,0,0
WBGene00171296.,0,0,0
WBGene00171297.,0,0,0
WBGene00171298.,0,0,0
WBGene00171299.,0,0,0
WBGene00171300.,0,0,0
WBGene00171301.,0,0,0
WBGene00171302.,0,0,0
WBGene00171303.,0,0,0
WBGene00171304.,0,0,0
WBGene00171305.,0,0,0
WBGene00171306.,0,0,0
WBGene00171307.,0,0,0
WBGene00171308.,0,0,0
WBGene00171309.,0,2,2
WBGene00171310.,0,0,0
WBGene00171311.,0,10,10
WBGene00171312.,0,0,0
WBGene00171313.,0,0,0
WBGene00171314.,0,0,0
WBGene00171315.,0,0,0
WBGene00171316.,0,0,0
WBGene00171317.,0,1,1
WBGene00171318.,0,0,0
WBGene00171319.,0,0,0
WBGene00171320.,0,0,0
WBGene00171321.,0,0,0
WBGene00171322.,0,2,2
WBGene00171323.,0,7,7
WBGene00171324.,0,0,0
WBGene00171325.,0,0,0
WBGene00171326.,0,0,0
WBGene00171327.,0,0,0
WBGene00171328.,0,0,0
WBGene00171329.,0,3,3
WBGene00171330.,0,0,0
WBGene00171331.,0,0,0
WBGene00171332.,0,0,0
WBGene00171333.,0,2,2
WBGene00171334.,0,0,0
WBGene00171335.,0,1,1
WBGene00171336.,0,0,0
WBGene00171337.,0,0,0
WBGene00171338.,0,0,0
WBGene00171339.,0,0,0
WBGene00171340.,0,0,0
WBGene00171341.,0,0,0
WBGene00171342.,0,0,0
WBGene00171343.,0,0,0
WBGene00171344.,0,0,0
WBGene00171345.,0,0,0
WBGene00171346.,0,3,3
WBGene00171347.,0,29,29
WBGene00171348.,0,0,0
WBGene00171349.,0,0,0
WBGene00171350.,0,0,0
WBGene00171351.,0,0,0
WBGene00171352.,0,0,0
WBGene00171353.,0,0,0
WBGene00171354.,0,0,0
WBGene00171355.,0,0,0
WBGene00171356.,0,0,0
WBGene00171357.,0,0,0
WBGene00171358.,0,1,1
WBGene00171359.,0,6,6
WBGene00171360.,0,0,0
WBGene00171361.,0,2,2
WBGene00171362.,0,0,0
WBGene00171363.,0,0,0
WBGene00171364.,0,6,6
WBGene00171365.,0,0,0
WBGene00171366.,0,0,0
WBGene00171367.,0,0,0
WBGene00171368.,0,0,0
WBGene00171369.,0,0,0
WBGene00171370.,0,0,0
WBGene00171371.,0,0,0
WBGene00171372.,0,0,0
WBGene00171373.,0,0,0
WBGene00171374.,0,0,0
WBGene00171375.,0,1,1
WBGene00171376.,0,0,0
WBGene00171377.,0,0,0
WBGene00171378.,0,0,0
WBGene00171379.,0,0,0
WBGene00171380.,0,0,0
WBGene00171381.,0,0,0
WBGene00171382.,0,0,0
WBGene00171383.,0,0,0
WBGene00171384.,0,0,0
WBGene00171385.,0,0,0
WBGene00171386.,0,0,0
WBGene00171387.,0,0,0
WBGene00171388.,0,0,0
WBGene00171389.,0,0,0
WBGene00171390.,0,0,0
WBGene00171391.,0,0,0
WBGene00171392.,0,0,0
WBGene00171393.,0,0,0
WBGene00171394.,0,1,1
WBGene00171395.,0,0,0
WBGene00171396.,0,0,0
WBGene00171397.,0,0,0
WBGene00171398.,0,0,0
WBGene00171399.,0,0,0
WBGene00171400.,0,0,0
WBGene00171401.,0,0,0
WBGene00171402.,0,0,0
WBGene00171403.,0,0,0
WBGene00171404.,0,0,0
WBGene00171405.,0,1,1
WBGene00171406.,0,0,0
WBGene00171407.,0,1,1
WBGene00171408.,0,0,0
WBGene00171409.,0,0,0
WBGene00171410.,0,0,0
WBGene00171411.,0,10,10
WBGene00171412.,0,4,4
WBGene00171413.,0,0,0
WBGene00171414.,0,1,1
WBGene00171415.,0,0,0
WBGene00171416.,0,0,0
WBGene00171417.,0,3,3
WBGene00171418.,0,0,0
WBGene00171419.,0,0,0
WBGene00171420.,0,0,0
WBGene00171421.,0,2,2
WBGene00171422.,0,0,0
WBGene00171423.,0,11,11
WBGene00171424.,0,0,0
WBGene00171425.,0,0,0
WBGene00171426.,0,0,0
WBGene00171427.,0,0,0
WBGene00171428.,0,4,4
WBGene00171429.,0,0,0
WBGene00171430.,0,0,0
WBGene00171431.,0,0,0
WBGene00171432.,0,0,0
WBGene00171433.,0,0,0
WBGene00171434.,0,0,0
WBGene00171435.,0,0,0
WBGene00171436.,0,0,0
WBGene00171437.,0,0,0
WBGene00171438.,0,0,0
WBGene00171439.,0,0,0
WBGene00171440.,0,0,0
WBGene00171441.,0,0,0
WBGene00171442.,0,0,0
WBGene00171443.,0,0,0
WBGene00171444.,0,0,0
WBGene00171445.,0,0,0
WBGene00171446.,0,0,0
WBGene00171447.,0,0,0
WBGene00171448.,0,0,0
WBGene00171449.,0,0,0
WBGene00171450.,0,0,0
WBGene00171451.,0,3,3
WBGene00171452.,0,0,0
WBGene00171453.,0,0,0
WBGene00171454.,0,0,0
WBGene00171455.,0,2,2
WBGene00171456.,0,2,2
WBGene00171457.,0,2,2
WBGene00171458.,0,0,0
WBGene00171459.,0,0,0
WBGene00171460.,0,0,0
WBGene00171461.,0,2,2
WBGene00171462.,0,0,0
WBGene00171463.,0,0,0
WBGene00171464.,0,1,1
WBGene00171465.,0,0,0
WBGene00171466.,0,1,1
WBGene00171467.,0,0,0
WBGene00171468.,0,0,0
WBGene00171469.,0,0,0
WBGene00171470.,0,39,39
WBGene00171471.,0,0,0
WBGene00171472.,0,0,0
WBGene00171473.,0,10,10
WBGene00171474.,0,1,1
WBGene00171475.,0,0,0
WBGene00171476.,0,0,0
WBGene00171477.,0,0,0
WBGene00171478.,0,2,2
WBGene00171479.,0,0,0
WBGene00171480.,0,0,0
WBGene00171481.,0,0,0
WBGene00171482.,0,0,0
WBGene00171483.,0,0,0
WBGene00171484.,0,0,0
WBGene00171485.,0,0,0
WBGene00171486.,0,0,0
WBGene00171487.,0,0,0
WBGene00171488.,0,0,0
WBGene00171489.,0,0,0
WBGene00171490.,0,0,0
WBGene00171491.,0,0,0
WBGene00171492.,0,0,0
WBGene00171493.,0,0,0
WBGene00171494.,0,0,0
WBGene00171495.,0,0,0
WBGene00171496.,0,0,0
WBGene00171497.,0,0,0
WBGene00171498.,0,0,0
WBGene00171499.,0,0,0
WBGene00171500.,0,1,1
WBGene00171501.,0,0,0
WBGene00171502.,0,0,0
WBGene00171503.,0,0,0
WBGene00171504.,0,0,0
WBGene00171505.,0,2,2
WBGene00171506.,0,0,0
WBGene00171507.,0,0,0
WBGene00171508.,0,0,0
WBGene00171509.,0,0,0
WBGene00171510.,0,0,0
WBGene00171511.,0,0,0
WBGene00171512.,0,0,0
WBGene00171513.,0,1,1
WBGene00171514.,0,0,0
WBGene00171515.,0,2,2
WBGene00171516.,0,0,0
WBGene00171517.,0,2,2
WBGene00171518.,0,0,0
WBGene00171519.,0,2,2
WBGene00171520.,0,0,0
WBGene00171521.,0,0,0
WBGene00171522.,0,0,0
WBGene00171523.,0,0,0
WBGene00171524.,0,0,0
WBGene00171525.,0,4,4
WBGene00171526.,0,10,10
WBGene00171527.,0,0,0
WBGene00171528.,0,0,0
WBGene00171529.,0,3,3
WBGene00171530.,0,0,0
WBGene00171531.,0,0,0
WBGene00171532.,0,0,0
WBGene00171533.,0,0,0
WBGene00171534.,0,0,0
WBGene00171535.,0,0,0
WBGene00171536.,0,0,0
WBGene00171537.,0,0,0
WBGene00171538.,0,0,0
WBGene00171539.,0,0,0
WBGene00171540.,0,0,0
WBGene00171541.,0,0,0
WBGene00171542.,0,0,0
WBGene00171543.,0,0,0
WBGene00171544.,0,0,0
WBGene00171545.,0,0,0
WBGene00171546.,0,0,0
WBGene00171547.,0,1,1
WBGene00171548.,0,0,0
WBGene00171549.,0,0,0
WBGene00171550.,0,0,0
WBGene00171551.,0,0,0
WBGene00171552.,0,0,0
WBGene00171553.,0,0,0
WBGene00171554.,0,1,1
WBGene00171555.,0,0,0
WBGene00171556.,0,0,0
WBGene00171557.,0,0,0
WBGene00171558.,0,0,0
WBGene00171559.,0,6,6
WBGene00171560.,0,0,0
WBGene00171561.,0,0,0
WBGene00171562.,0,0,0
WBGene00171563.,0,0,0
WBGene00171564.,0,0,0
WBGene00171565.,0,0,0
WBGene00171566.,0,0,0
WBGene00171567.,0,1,1
WBGene00171568.,0,23,23
WBGene00171569.,0,0,0
WBGene00171570.,0,0,0
WBGene00171571.,0,0,0
WBGene00171572.,0,0,0
WBGene00171573.,0,0,0
WBGene00171574.,0,0,0
WBGene00171575.,0,0,0
WBGene00171576.,0,3,3
WBGene00171577.,0,0,0
WBGene00171578.,0,0,0
WBGene00171579.,0,0,0
WBGene00171580.,0,0,0
WBGene00171581.,0,0,0
WBGene00171582.,0,0,0
WBGene00171583.,0,0,0
WBGene00171584.,0,0,0
WBGene00171585.,0,0,0
WBGene00171586.,0,0,0
WBGene00171587.,0,3,3
WBGene00171588.,0,2,2
WBGene00171589.,0,3,3
WBGene00171590.,0,0,0
WBGene00171591.,0,0,0
WBGene00171592.,0,2,2
WBGene00171593.,0,0,0
WBGene00171594.,0,0,0
WBGene00171595.,0,0,0
WBGene00171596.,0,3,3
WBGene00171597.,0,1,1
WBGene00171598.,0,0,0
WBGene00171599.,0,0,0
WBGene00171600.,0,0,0
WBGene00171601.,0,2,2
WBGene00171602.,0,0,0
WBGene00171603.,0,0,0
WBGene00171604.,0,0,0
WBGene00171605.,0,0,0
WBGene00171606.,0,0,0
WBGene00171607.,0,0,0
WBGene00171608.,0,0,0
WBGene00171609.,0,1,1
WBGene00171610.,0,0,0
WBGene00171611.,0,0,0
WBGene00171612.,0,0,0
WBGene00171613.,0,0,0
WBGene00171614.,0,0,0
WBGene00171615.,0,0,0
WBGene00171616.,0,1,1
WBGene00171617.,0,0,0
WBGene00171618.,0,0,0
WBGene00171619.,0,0,0
WBGene00171620.,0,1,1
WBGene00171621.,0,0,0
WBGene00171622.,0,2,2
WBGene00171623.,0,0,0
WBGene00171624.,0,0,0
WBGene00171625.,0,0,0
WBGene00171626.,0,0,0
WBGene00171627.,0,0,0
WBGene00171628.,0,0,0
WBGene00171629.,0,0,0
WBGene00171630.,0,0,0
WBGene00171631.,0,0,0
WBGene00171632.,0,0,0
WBGene00171633.,0,0,0
WBGene00171634.,0,0,0
WBGene00171635.,0,0,0
WBGene00171636.,0,0,0
WBGene00171637.,0,0,0
WBGene00171638.,0,0,0
WBGene00171639.,0,0,0
WBGene00171640.,0,0,0
WBGene00171641.,0,0,0
WBGene00171642.,0,1,1
WBGene00171643.,0,0,0
WBGene00171644.,0,0,0
WBGene00171645.,0,0,0
WBGene00171646.,0,0,0
WBGene00171647.,0,0,0
WBGene00171648.,0,0,0
WBGene00171649.,0,0,0
WBGene00171650.,0,0,0
WBGene00171651.,0,0,0
WBGene00171652.,0,0,0
WBGene00171653.,0,3,3
WBGene00171654.,0,0,0
WBGene00171655.,0,1,1
WBGene00171656.,0,0,0
WBGene00171657.,0,0,0
WBGene00171658.,0,0,0
WBGene00171659.,0,0,0
WBGene00171660.,0,0,0
WBGene00171661.,0,0,0
WBGene00171662.,0,1,1
WBGene00171663.,0,1,1
WBGene00171664.,0,0,0
WBGene00171665.,0,0,0
WBGene00171666.,0,0,0
WBGene00171667.,0,1,1
WBGene00171668.,0,0,0
WBGene00171669.,0,0,0
WBGene00171670.,0,0,0
WBGene00171671.,0,0,0
WBGene00171672.,0,0,0
WBGene00171673.,0,0,0
WBGene00171674.,0,0,0
WBGene00171675.,0,0,0
WBGene00171676.,0,2,2
WBGene00171677.,0,0,0
WBGene00171678.,0,0,0
WBGene00171679.,0,0,0
WBGene00171680.,0,0,0
WBGene00171681.,0,0,0
WBGene00171682.,0,0,0
WBGene00171683.,0,0,0
WBGene00171684.,0,0,0
WBGene00171685.,0,0,0
WBGene00171686.,0,3,3
WBGene00171687.,0,0,0
WBGene00171688.,0,1,1
WBGene00171689.,0,0,0
WBGene00171690.,0,0,0
WBGene00171691.,0,2,2
WBGene00171692.,0,0,0
WBGene00171693.,0,0,0
WBGene00171694.,0,2,2
WBGene00171695.,0,0,0
WBGene00171696.,0,0,0
WBGene00171697.,0,0,0
WBGene00171698.,0,0,0
WBGene00171699.,0,2,2
WBGene00171700.,0,0,0
WBGene00171701.,0,0,0
WBGene00171702.,0,0,0
WBGene00171703.,0,2,2
WBGene00171704.,0,0,0
WBGene00171705.,0,0,0
WBGene00171706.,0,0,0
WBGene00171707.,0,0,0
WBGene00171708.,0,0,0
WBGene00171709.,0,0,0
WBGene00171710.,0,0,0
WBGene00171712.,0,0,0
WBGene00171713.,0,0,0
WBGene00171714.,0,0,0
WBGene00171715.,0,0,0
WBGene00171716.,0,0,0
WBGene00171717.,0,1,1
WBGene00171718.,0,1,1
WBGene00171719.,0,0,0
WBGene00171720.,0,0,0
WBGene00171721.,0,0,0
WBGene00171722.,0,0,0
WBGene00171723.,0,0,0
WBGene00171724.,0,0,0
WBGene00171725.,0,0,0
WBGene00171726.,0,0,0
WBGene00171727.,0,0,0
WBGene00171728.,0,0,0
WBGene00171729.,0,0,0
WBGene00171730.,0,0,0
WBGene00171731.,0,0,0
WBGene00171732.,0,0,0
WBGene00171733.,0,2,2
WBGene00171734.,0,0,0
WBGene00171735.,0,0,0
WBGene00171736.,0,1,1
WBGene00171737.,0,0,0
WBGene00171738.,0,2,2
WBGene00171739.,0,0,0
WBGene00171740.,0,3,3
WBGene00171741.,0,0,0
WBGene00171742.,0,0,0
WBGene00171743.,0,0,0
WBGene00171744.,0,0,0
WBGene00171745.,0,0,0
WBGene00171746.,0,0,0
WBGene00171747.,0,1,1
WBGene00171748.,0,0,0
WBGene00171749.,0,0,0
WBGene00171750.,0,0,0
WBGene00171751.,0,1,1
WBGene00171752.,0,0,0
WBGene00171753.,0,0,0
WBGene00171754.,0,29,29
WBGene00171755.,0,0,0
WBGene00171756.,0,0,0
WBGene00171757.,0,0,0
WBGene00171758.,0,0,0
WBGene00171759.,0,0,0
WBGene00171760.,0,0,0
WBGene00171761.,0,0,0
WBGene00171762.,0,0,0
WBGene00171763.,0,0,0
WBGene00171764.,0,0,0
WBGene00171765.,0,11,11
WBGene00171766.,0,0,0
WBGene00171767.,0,0,0
WBGene00171768.,0,0,0
WBGene00171769.,0,0,0
WBGene00171770.,0,0,0
WBGene00171771.,0,0,0
WBGene00171772.,0,0,0
WBGene00171773.,0,0,0
WBGene00171774.,0,1,1
WBGene00171775.,0,0,0
WBGene00171776.,0,0,0
WBGene00171777.,0,0,0
WBGene00171778.,0,0,0
WBGene00171779.,0,3,3
WBGene00171780.,0,0,0
WBGene00171781.,0,0,0
WBGene00171782.,0,0,0
WBGene00171783.,0,0,0
WBGene00171784.,0,0,0
WBGene00171785.,0,0,0
WBGene00171786.,0,8,8
WBGene00171787.,0,0,0
WBGene00171788.,0,0,0
WBGene00171789.,0,0,0
WBGene00171790.,0,0,0
WBGene00171791.,0,0,0
WBGene00171792.,0,1,1
WBGene00171793.,0,0,0
WBGene00171794.,0,0,0
WBGene00171795.,0,0,0
WBGene00171796.,0,0,0
WBGene00171797.,0,0,0
WBGene00171798.,0,1,1
WBGene00171799.,0,6,6
WBGene00171800.,0,1,1
WBGene00171801.,0,0,0
WBGene00171802.,0,0,0
WBGene00171803.,0,0,0
WBGene00171804.,0,0,0
WBGene00171805.,0,0,0
WBGene00171806.,0,0,0
WBGene00171807.,0,0,0
WBGene00171809.,0,0,0
WBGene00171810.,0,0,0
WBGene00171811.,0,0,0
WBGene00171812.,0,3,3
WBGene00171813.,0,0,0
WBGene00171814.,0,0,0
WBGene00171815.,0,0,0
WBGene00171816.,0,0,0
WBGene00171817.,0,0,0
WBGene00171818.,0,2,2
WBGene00171819.,0,0,0
WBGene00171820.,0,0,0
WBGene00171821.,0,0,0
WBGene00171822.,0,0,0
WBGene00171823.,0,0,0
WBGene00171824.,0,0,0
WBGene00171825.,0,0,0
WBGene00171826.,0,0,0
WBGene00171827.,0,0,0
WBGene00171828.,0,0,0
WBGene00171829.,0,0,0
WBGene00171830.,0,0,0
WBGene00171831.,0,0,0
WBGene00171832.,0,0,0
WBGene00171833.,0,0,0
WBGene00171834.,0,0,0
WBGene00171835.,0,0,0
WBGene00171836.,0,0,0
WBGene00171837.,0,0,0
WBGene00171838.,0,5,5
WBGene00171839.,0,0,0
WBGene00171840.,0,0,0
WBGene00171841.,0,0,0
WBGene00171842.,0,0,0
WBGene00171843.,0,0,0
WBGene00171844.,0,0,0
WBGene00171845.,0,0,0
WBGene00171846.,0,0,0
WBGene00171847.,0,3,3
WBGene00171848.,0,0,0
WBGene00171849.,0,0,0
WBGene00171850.,0,0,0
WBGene00171851.,0,0,0
WBGene00171852.,0,0,0
WBGene00171853.,0,0,0
WBGene00171854.,0,0,0
WBGene00171855.,0,0,0
WBGene00171856.,0,0,0
WBGene00171857.,0,0,0
WBGene00171858.,0,0,0
WBGene00171859.,0,0,0
WBGene00171860.,0,0,0
WBGene00171861.,0,0,0
WBGene00171862.,0,0,0
WBGene00171863.,0,0,0
WBGene00171864.,0,0,0
WBGene00171865.,0,0,0
WBGene00171866.,0,0,0
WBGene00171867.,0,0,0
WBGene00171868.,0,0,0
WBGene00171869.,0,3,3
WBGene00171870.,0,5,5
WBGene00171871.,0,0,0
WBGene00171872.,0,0,0
WBGene00171873.,0,0,0
WBGene00171875.,0,1,1
WBGene00171876.,0,0,0
WBGene00171877.,0,0,0
WBGene00171878.,0,0,0
WBGene00171879.,0,0,0
WBGene00171880.,0,0,0
WBGene00171881.,0,0,0
WBGene00171882.,0,0,0
WBGene00171883.,0,2,2
WBGene00171884.,0,0,0
WBGene00171885.,0,0,0
WBGene00171886.,0,0,0
WBGene00171887.,0,0,0
WBGene00171888.,0,2,2
WBGene00171889.,0,0,0
WBGene00171890.,0,0,0
WBGene00171891.,0,0,0
WBGene00171892.,0,4,4
WBGene00171893.,0,0,0
WBGene00171894.,0,0,0
WBGene00171895.,0,2,2
WBGene00171896.,0,0,0
WBGene00171897.,0,0,0
WBGene00171898.,0,0,0
WBGene00171899.,0,0,0
WBGene00171900.,0,0,0
WBGene00171901.,0,0,0
WBGene00171902.,0,0,0
WBGene00171903.,0,0,0
WBGene00171904.,0,0,0
WBGene00171905.,0,8,8
WBGene00171906.,0,0,0
WBGene00171907.,0,7,7
WBGene00171908.,0,0,0
WBGene00171909.,0,0,0
WBGene00171910.,0,0,0
WBGene00171911.,0,0,0
WBGene00171912.,0,0,0
WBGene00171913.,0,0,0
WBGene00171914.,0,0,0
WBGene00171915.,0,0,0
WBGene00171916.,0,0,0
WBGene00171917.,0,0,0
WBGene00171918.,0,0,0
WBGene00171919.,0,0,0
WBGene00171920.,0,0,0
WBGene00171921.,0,0,0
WBGene00171922.,0,0,0
WBGene00171923.,0,3,3
WBGene00171924.,0,7,7
WBGene00171925.,0,0,0
WBGene00171926.,0,0,0
WBGene00171927.,0,0,0
WBGene00171928.,0,0,0
WBGene00171929.,0,0,0
WBGene00171930.,0,0,0
WBGene00171931.,0,0,0
WBGene00171932.,0,1,1
WBGene00171933.,0,0,0
WBGene00171934.,0,0,0
WBGene00171935.,0,0,0
WBGene00171936.,0,0,0
WBGene00171937.,0,0,0
WBGene00171938.,0,0,0
WBGene00171939.,0,0,0
WBGene00171940.,0,2,2
WBGene00171941.,0,0,0
WBGene00171942.,0,0,0
WBGene00171943.,0,0,0
WBGene00171944.,0,0,0
WBGene00171945.,0,0,0
WBGene00171946.,0,5,5
WBGene00171947.,0,0,0
WBGene00171948.,0,0,0
WBGene00171949.,0,3,3
WBGene00171950.,0,0,0
WBGene00171951.,0,0,0
WBGene00171952.,0,0,0
WBGene00171953.,0,0,0
WBGene00171954.,0,0,0
WBGene00171955.,0,0,0
WBGene00171956.,0,0,0
WBGene00171957.,0,0,0
WBGene00171958.,0,0,0
WBGene00171959.,0,0,0
WBGene00171960.,0,0,0
WBGene00171961.,0,0,0
WBGene00171962.,0,0,0
WBGene00171963.,0,0,0
WBGene00171964.,0,0,0
WBGene00171965.,0,1,1
WBGene00171966.,0,0,0
WBGene00171967.,0,0,0
WBGene00171968.,0,0,0
WBGene00171969.,0,0,0
WBGene00171970.,0,0,0
WBGene00171971.,0,0,0
WBGene00171972.,0,0,0
WBGene00171973.,0,0,0
WBGene00171974.,0,0,0
WBGene00171975.,0,0,0
WBGene00171976.,0,0,0
WBGene00171977.,0,3,3
WBGene00171978.,0,1,1
WBGene00171979.,0,0,0
WBGene00171980.,0,0,0
WBGene00171981.,0,0,0
WBGene00171982.,0,0,0
WBGene00171983.,0,0,0
WBGene00171984.,0,0,0
WBGene00171985.,0,0,0
WBGene00171986.,0,0,0
WBGene00171987.,0,0,0
WBGene00171988.,0,0,0
WBGene00171989.,0,0,0
WBGene00171990.,0,0,0
WBGene00171991.,0,0,0
WBGene00171992.,0,0,0
WBGene00171993.,0,0,0
WBGene00171994.,0,0,0
WBGene00171995.,0,0,0
WBGene00171996.,0,4,4
WBGene00171997.,0,0,0
WBGene00171998.,0,0,0
WBGene00171999.,0,0,0
WBGene00172000.,0,0,0
WBGene00172001.,0,0,0
WBGene00172002.,0,0,0
WBGene00172003.,0,0,0
WBGene00172004.,0,0,0
WBGene00172006.,0,0,0
WBGene00172007.,0,0,0
WBGene00172008.,0,1,1
WBGene00172009.,0,0,0
WBGene00172010.,0,0,0
WBGene00172011.,0,1,1
WBGene00172012.,0,0,0
WBGene00172013.,0,1,1
WBGene00172014.,0,0,0
WBGene00172015.,0,0,0
WBGene00172016.,0,23,23
WBGene00172017.,0,0,0
WBGene00172018.,0,0,0
WBGene00172019.,0,3,3
WBGene00172020.,0,0,0
WBGene00172021.,0,2,2
WBGene00172022.,0,0,0
WBGene00172023.,0,1,1
WBGene00172024.,0,0,0
WBGene00172025.,0,0,0
WBGene00172026.,0,0,0
WBGene00172027.,0,0,0
WBGene00172028.,0,4,4
WBGene00172029.,0,0,0
WBGene00172030.,0,0,0
WBGene00172031.,0,0,0
WBGene00172032.,0,0,0
WBGene00172033.,0,0,0
WBGene00172034.,0,0,0
WBGene00172035.,0,0,0
WBGene00172036.,0,0,0
WBGene00172037.,0,0,0
WBGene00172038.,0,0,0
WBGene00172039.,0,3,3
WBGene00172040.,0,0,0
WBGene00172041.,0,0,0
WBGene00172042.,0,0,0
WBGene00172043.,0,0,0
WBGene00172044.,0,0,0
WBGene00172045.,0,3,3
WBGene00172046.,0,0,0
WBGene00172047.,0,0,0
WBGene00172048.,0,0,0
WBGene00172049.,0,0,0
WBGene00172050.,0,0,0
WBGene00172051.,0,0,0
WBGene00172052.,0,0,0
WBGene00172053.,0,0,0
WBGene00172054.,0,2,2
WBGene00172055.,0,0,0
WBGene00172056.,0,4,4
WBGene00172057.,0,0,0
WBGene00172058.,0,0,0
WBGene00172059.,0,0,0
WBGene00172060.,0,0,0
WBGene00172061.,0,2,2
WBGene00172062.,0,0,0
WBGene00172063.,0,0,0
WBGene00172064.,0,0,0
WBGene00172065.,0,0,0
WBGene00172066.,0,0,0
WBGene00172067.,0,0,0
WBGene00172068.,0,0,0
WBGene00172069.,0,0,0
WBGene00172070.,0,0,0
WBGene00172071.,0,0,0
WBGene00172072.,0,8,8
WBGene00172073.,0,3,3
WBGene00172074.,0,0,0
WBGene00172075.,0,0,0
WBGene00172076.,0,0,0
WBGene00172077.,0,0,0
WBGene00172078.,0,0,0
WBGene00172079.,0,0,0
WBGene00172080.,0,0,0
WBGene00172081.,0,1,1
WBGene00172082.,0,0,0
WBGene00172083.,0,0,0
WBGene00172084.,0,0,0
WBGene00172085.,0,0,0
WBGene00172086.,0,0,0
WBGene00172087.,0,0,0
WBGene00172088.,0,0,0
WBGene00172089.,0,0,0
WBGene00172090.,0,0,0
WBGene00172091.,0,0,0
WBGene00172092.,0,0,0
WBGene00172093.,0,0,0
WBGene00172094.,0,1,1
WBGene00172095.,0,0,0
WBGene00172096.,0,0,0
WBGene00172097.,0,1,1
WBGene00172098.,0,0,0
WBGene00172099.,0,0,0
WBGene00172100.,0,0,0
WBGene00172101.,0,0,0
WBGene00172102.,0,1,1
WBGene00172103.,0,0,0
WBGene00172104.,0,0,0
WBGene00172105.,0,0,0
WBGene00172106.,0,0,0
WBGene00172107.,0,2,2
WBGene00172108.,0,3,3
WBGene00172109.,0,0,0
WBGene00172110.,0,0,0
WBGene00172111.,0,2,2
WBGene00172112.,0,0,0
WBGene00172113.,0,0,0
WBGene00172114.,0,0,0
WBGene00172115.,0,0,0
WBGene00172116.,0,0,0
WBGene00172117.,0,0,0
WBGene00172118.,0,0,0
WBGene00172119.,0,0,0
WBGene00172120.,0,0,0
WBGene00172121.,0,1,1
WBGene00172122.,0,1,1
WBGene00172123.,0,0,0
WBGene00172124.,0,0,0
WBGene00172125.,0,0,0
WBGene00172126.,0,1,1
WBGene00172127.,0,0,0
WBGene00172128.,0,0,0
WBGene00172129.,0,0,0
WBGene00172130.,0,2,2
WBGene00172131.,0,0,0
WBGene00172132.,0,0,0
WBGene00172133.,0,0,0
WBGene00172134.,0,0,0
WBGene00172135.,0,0,0
WBGene00172136.,0,0,0
WBGene00172137.,0,0,0
WBGene00172138.,0,0,0
WBGene00172139.,0,0,0
WBGene00172140.,0,1,1
WBGene00172141.,0,0,0
WBGene00172142.,0,0,0
WBGene00172143.,0,0,0
WBGene00172144.,0,0,0
WBGene00172145.,0,0,0
WBGene00172146.,0,0,0
WBGene00172147.,0,0,0
WBGene00172148.,0,0,0
WBGene00172149.,0,2,2
WBGene00172150.,0,0,0
WBGene00172151.,0,1,1
WBGene00172152.,0,0,0
WBGene00172153.,0,0,0
WBGene00172154.,0,46,46
WBGene00172155.,0,0,0
WBGene00172156.,0,0,0
WBGene00172157.,0,0,0
WBGene00172158.,0,0,0
WBGene00172159.,0,0,0
WBGene00172160.,0,0,0
WBGene00172161.,0,5,5
WBGene00172162.,0,0,0
WBGene00172163.,0,0,0
WBGene00172164.,0,0,0
WBGene00172165.,0,0,0
WBGene00172166.,0,0,0
WBGene00172167.,0,0,0
WBGene00172168.,0,0,0
WBGene00172169.,0,5,5
WBGene00172170.,0,0,0
WBGene00172171.,0,0,0
WBGene00172172.,0,0,0
WBGene00172173.,0,0,0
WBGene00172174.,0,14,14
WBGene00172175.,0,0,0
WBGene00172176.,0,0,0
WBGene00172177.,0,0,0
WBGene00172178.,0,0,0
WBGene00172179.,0,0,0
WBGene00172180.,0,0,0
WBGene00172181.,0,0,0
WBGene00172182.,0,0,0
WBGene00172183.,0,0,0
WBGene00172184.,0,0,0
WBGene00172185.,0,8,8
WBGene00172186.,0,2,2
WBGene00172187.,0,9,9
WBGene00172188.,0,0,0
WBGene00172189.,0,0,0
WBGene00172190.,0,0,0
WBGene00172191.,0,0,0
WBGene00172192.,0,1,1
WBGene00172193.,0,0,0
WBGene00172194.,0,2,2
WBGene00172195.,0,0,0
WBGene00172196.,0,0,0
WBGene00172197.,0,1,1
WBGene00172198.,0,0,0
WBGene00172199.,0,1,1
WBGene00172200.,0,0,0
WBGene00172201.,0,0,0
WBGene00172202.,0,0,0
WBGene00172203.,0,0,0
WBGene00172204.,0,1,1
WBGene00172205.,0,0,0
WBGene00172206.,0,0,0
WBGene00172207.,0,0,0
WBGene00172208.,0,0,0
WBGene00172209.,0,0,0
WBGene00172210.,0,0,0
WBGene00172211.,0,0,0
WBGene00172212.,0,0,0
WBGene00172213.,0,0,0
WBGene00172214.,0,1,1
WBGene00172215.,0,0,0
WBGene00172216.,0,0,0
WBGene00172217.,0,7,7
WBGene00172218.,0,0,0
WBGene00172219.,0,0,0
WBGene00172220.,0,0,0
WBGene00172221.,0,0,0
WBGene00172222.,0,0,0
WBGene00172223.,0,0,0
WBGene00172224.,0,0,0
WBGene00172225.,0,0,0
WBGene00172226.,0,0,0
WBGene00172227.,0,0,0
WBGene00172228.,0,0,0
WBGene00172229.,0,0,0
WBGene00172230.,0,8,8
WBGene00172231.,0,0,0
WBGene00172232.,0,0,0
WBGene00172233.,0,0,0
WBGene00172234.,0,0,0
WBGene00172235.,0,0,0
WBGene00172236.,0,0,0
WBGene00172237.,0,0,0
WBGene00172238.,0,0,0
WBGene00172239.,0,0,0
WBGene00172240.,0,0,0
WBGene00172241.,0,0,0
WBGene00172242.,0,0,0
WBGene00172243.,0,0,0
WBGene00172244.,0,0,0
WBGene00172245.,0,0,0
WBGene00172246.,0,0,0
WBGene00172247.,0,0,0
WBGene00172248.,0,0,0
WBGene00172249.,0,0,0
WBGene00172250.,0,0,0
WBGene00172251.,0,0,0
WBGene00172252.,0,0,0
WBGene00172253.,0,0,0
WBGene00172254.,0,0,0
WBGene00172255.,0,0,0
WBGene00172256.,0,0,0
WBGene00172257.,0,0,0
WBGene00172258.,0,0,0
WBGene00172259.,0,0,0
WBGene00172260.,0,0,0
WBGene00172261.,0,0,0
WBGene00172262.,0,0,0
WBGene00172263.,0,0,0
WBGene00172264.,0,0,0
WBGene00172265.,0,0,0
WBGene00172266.,0,0,0
WBGene00172267.,0,0,0
WBGene00172268.,0,0,0
WBGene00172269.,0,0,0
WBGene00172270.,0,0,0
WBGene00172271.,0,29,29
WBGene00172272.,0,0,0
WBGene00172273.,0,1,1
WBGene00172274.,0,0,0
WBGene00172275.,0,0,0
WBGene00172276.,0,0,0
WBGene00172277.,0,0,0
WBGene00172278.,0,0,0
WBGene00172279.,0,0,0
WBGene00172280.,0,0,0
WBGene00172281.,0,0,0
WBGene00172282.,0,0,0
WBGene00172283.,0,0,0
WBGene00172284.,0,0,0
WBGene00172285.,0,0,0
WBGene00172286.,0,0,0
WBGene00172287.,0,2,2
WBGene00172288.,0,0,0
WBGene00172289.,0,0,0
WBGene00172290.,0,0,0
WBGene00172291.,0,1,1
WBGene00172292.,0,0,0
WBGene00172293.,0,0,0
WBGene00172294.,0,2,2
WBGene00172295.,0,0,0
WBGene00172296.,0,0,0
WBGene00172297.,0,0,0
WBGene00172298.,0,0,0
WBGene00172299.,0,0,0
WBGene00172300.,0,0,0
WBGene00172301.,0,0,0
WBGene00172302.,0,0,0
WBGene00172303.,0,0,0
WBGene00172304.,0,0,0
WBGene00172305.,0,0,0
WBGene00172306.,0,0,0
WBGene00172307.,0,0,0
WBGene00172308.,0,0,0
WBGene00172309.,0,11,11
WBGene00172310.,0,0,0
WBGene00172311.,0,1,1
WBGene00172312.,0,0,0
WBGene00172313.,0,0,0
WBGene00172314.,0,0,0
WBGene00172315.,0,1,1
WBGene00172316.,0,0,0
WBGene00172317.,0,0,0
WBGene00172318.,0,0,0
WBGene00172319.,0,0,0
WBGene00172320.,0,0,0
WBGene00172321.,0,0,0
WBGene00172322.,0,0,0
WBGene00172323.,0,0,0
WBGene00172324.,0,0,0
WBGene00172325.,0,0,0
WBGene00172326.,0,0,0
WBGene00172327.,0,0,0
WBGene00172328.,0,0,0
WBGene00172329.,0,0,0
WBGene00172330.,0,3,3
WBGene00172331.,0,0,0
WBGene00172332.,0,0,0
WBGene00172333.,0,0,0
WBGene00172334.,0,0,0
WBGene00172335.,0,0,0
WBGene00172336.,0,0,0
WBGene00172337.,0,0,0
WBGene00172338.,0,0,0
WBGene00172339.,0,0,0
WBGene00172340.,0,5,5
WBGene00172341.,0,0,0
WBGene00172342.,0,1,1
WBGene00172343.,0,0,0
WBGene00172344.,0,0,0
WBGene00172345.,0,0,0
WBGene00172346.,0,5,5
WBGene00172347.,0,0,0
WBGene00172348.,0,0,0
WBGene00172349.,0,0,0
WBGene00172350.,0,0,0
WBGene00172351.,0,0,0
WBGene00172352.,0,0,0
WBGene00172353.,0,0,0
WBGene00172354.,0,0,0
WBGene00172355.,0,0,0
WBGene00172356.,0,2,2
WBGene00172357.,0,0,0
WBGene00172358.,0,0,0
WBGene00172359.,0,2,2
WBGene00172360.,0,1,1
WBGene00172361.,0,1,1
WBGene00172362.,0,0,0
WBGene00172363.,0,0,0
WBGene00172364.,0,0,0
WBGene00172365.,0,0,0
WBGene00172366.,0,0,0
WBGene00172367.,0,0,0
WBGene00172368.,0,0,0
WBGene00172369.,0,2,2
WBGene00172370.,0,0,0
WBGene00172371.,0,0,0
WBGene00172372.,0,3,3
WBGene00172373.,0,0,0
WBGene00172374.,0,1,1
WBGene00172375.,0,0,0
WBGene00172376.,0,0,0
WBGene00172377.,0,0,0
WBGene00172378.,0,0,0
WBGene00172379.,0,2,2
WBGene00172380.,0,0,0
WBGene00172381.,0,0,0
WBGene00172382.,0,0,0
WBGene00172383.,0,0,0
WBGene00172384.,0,0,0
WBGene00172385.,0,0,0
WBGene00172386.,0,0,0
WBGene00172387.,0,0,0
WBGene00172388.,0,0,0
WBGene00172389.,0,0,0
WBGene00172390.,0,1,1
WBGene00172391.,0,3,3
WBGene00172392.,0,0,0
WBGene00172393.,0,1,1
WBGene00172394.,0,0,0
WBGene00172395.,0,0,0
WBGene00172396.,0,0,0
WBGene00172397.,0,0,0
WBGene00172398.,0,0,0
WBGene00172399.,0,0,0
WBGene00172400.,0,0,0
WBGene00172401.,0,0,0
WBGene00172402.,0,0,0
WBGene00172403.,0,0,0
WBGene00172404.,0,0,0
WBGene00172405.,0,3,3
WBGene00172406.,0,0,0
WBGene00172407.,0,1,1
WBGene00172408.,0,0,0
WBGene00172409.,0,5,5
WBGene00172410.,0,1,1
WBGene00172411.,0,1,1
WBGene00172412.,0,2,2
WBGene00172413.,0,2,2
WBGene00172414.,0,0,0
WBGene00172415.,0,0,0
WBGene00172416.,0,0,0
WBGene00172417.,0,0,0
WBGene00172418.,0,0,0
WBGene00172419.,0,11,11
WBGene00172420.,0,0,0
WBGene00172421.,0,0,0
WBGene00172422.,0,0,0
WBGene00172423.,0,0,0
WBGene00172424.,0,0,0
WBGene00172425.,0,0,0
WBGene00172426.,0,1,1
WBGene00172427.,0,5,5
WBGene00172428.,0,0,0
WBGene00172429.,0,1,1
WBGene00172430.,0,0,0
WBGene00172431.,0,0,0
WBGene00172432.,0,0,0
WBGene00172433.,0,1,1
WBGene00172434.,0,0,0
WBGene00172435.,0,0,0
WBGene00172436.,0,0,0
WBGene00172437.,0,3,3
WBGene00172438.,0,0,0
WBGene00172439.,0,0,0
WBGene00172440.,0,0,0
WBGene00172441.,0,0,0
WBGene00172442.,0,1,1
WBGene00172443.,0,0,0
WBGene00172444.,0,0,0
WBGene00172445.,0,1,1
WBGene00172446.,0,0,0
WBGene00172447.,0,2,2
WBGene00172448.,0,0,0
WBGene00172449.,0,0,0
WBGene00172450.,0,0,0
WBGene00172451.,0,0,0
WBGene00172452.,0,0,0
WBGene00172453.,0,0,0
WBGene00172454.,0,1,1
WBGene00172455.,0,0,0
WBGene00172456.,0,0,0
WBGene00172457.,0,0,0
WBGene00172458.,0,0,0
WBGene00172459.,0,0,0
WBGene00172460.,0,0,0
WBGene00172462.,0,0,0
WBGene00172463.,0,0,0
WBGene00172464.,0,0,0
WBGene00172465.,0,0,0
WBGene00172466.,0,0,0
WBGene00172467.,0,0,0
WBGene00172468.,0,0,0
WBGene00172469.,0,0,0
WBGene00172470.,0,0,0
WBGene00172471.,0,0,0
WBGene00172472.,0,4,4
WBGene00172473.,0,1,1
WBGene00172474.,0,3,3
WBGene00172475.,0,0,0
WBGene00172476.,0,0,0
WBGene00172477.,0,2,2
WBGene00172478.,0,0,0
WBGene00172479.,0,0,0
WBGene00172480.,0,0,0
WBGene00172481.,0,0,0
WBGene00172482.,0,0,0
WBGene00172483.,0,0,0
WBGene00172484.,0,0,0
WBGene00172485.,0,0,0
WBGene00172486.,0,0,0
WBGene00172487.,0,0,0
WBGene00172488.,0,0,0
WBGene00172489.,0,0,0
WBGene00172490.,0,0,0
WBGene00172491.,0,0,0
WBGene00172492.,0,1,1
WBGene00172493.,0,2,2
WBGene00172494.,0,0,0
WBGene00172495.,0,0,0
WBGene00172496.,0,0,0
WBGene00172497.,0,0,0
WBGene00172498.,0,0,0
WBGene00172499.,0,0,0
WBGene00172500.,0,0,0
WBGene00172501.,0,0,0
WBGene00172502.,0,1,1
WBGene00172503.,0,0,0
WBGene00172504.,0,0,0
WBGene00172505.,0,0,0
WBGene00172506.,0,0,0
WBGene00172507.,0,1,1
WBGene00172508.,0,1,1
WBGene00172509.,0,0,0
WBGene00172510.,0,0,0
WBGene00172511.,0,0,0
WBGene00172512.,0,0,0
WBGene00172513.,0,0,0
WBGene00172514.,0,0,0
WBGene00172515.,0,2,2
WBGene00172516.,0,4,4
WBGene00172517.,0,0,0
WBGene00172518.,0,0,0
WBGene00172519.,0,0,0
WBGene00172520.,0,0,0
WBGene00172521.,0,5,5
WBGene00172522.,0,1,1
WBGene00172523.,0,0,0
WBGene00172524.,0,0,0
WBGene00172525.,0,0,0
WBGene00172526.,0,0,0
WBGene00172527.,0,0,0
WBGene00172528.,0,0,0
WBGene00172529.,0,1,1
WBGene00172530.,0,0,0
WBGene00172531.,0,0,0
WBGene00172532.,0,4,4
WBGene00172533.,0,0,0
WBGene00172534.,0,1,1
WBGene00172535.,0,0,0
WBGene00172536.,0,0,0
WBGene00172537.,0,0,0
WBGene00172538.,0,1,1
WBGene00172539.,0,0,0
WBGene00172540.,0,0,0
WBGene00172541.,0,0,0
WBGene00172542.,0,1,1
WBGene00172543.,0,0,0
WBGene00172544.,0,0,0
WBGene00172545.,0,7,7
WBGene00172546.,0,0,0
WBGene00172547.,0,0,0
WBGene00172548.,0,0,0
WBGene00172549.,0,1,1
WBGene00172550.,0,0,0
WBGene00172551.,0,0,0
WBGene00172552.,0,0,0
WBGene00172553.,0,0,0
WBGene00172554.,0,0,0
WBGene00172555.,0,0,0
WBGene00172556.,0,0,0
WBGene00172557.,0,0,0
WBGene00172558.,0,0,0
WBGene00172559.,0,0,0
WBGene00172560.,0,0,0
WBGene00172561.,0,0,0
WBGene00172562.,0,1,1
WBGene00172563.,0,0,0
WBGene00172564.,0,0,0
WBGene00172565.,0,0,0
WBGene00172566.,0,0,0
WBGene00172567.,0,0,0
WBGene00172568.,0,0,0
WBGene00172569.,0,4,4
WBGene00172570.,0,0,0
WBGene00172571.,0,10,10
WBGene00172572.,0,0,0
WBGene00172573.,0,0,0
WBGene00172574.,0,0,0
WBGene00172575.,0,0,0
WBGene00172576.,0,0,0
WBGene00172577.,0,0,0
WBGene00172578.,0,0,0
WBGene00172579.,0,0,0
WBGene00172580.,0,0,0
WBGene00172581.,0,0,0
WBGene00172582.,0,0,0
WBGene00172583.,0,0,0
WBGene00172584.,0,1,1
WBGene00172585.,0,0,0
WBGene00172586.,0,0,0
WBGene00172587.,0,0,0
WBGene00172588.,0,0,0
WBGene00172589.,0,0,0
WBGene00172590.,0,0,0
WBGene00172591.,0,0,0
WBGene00172592.,0,0,0
WBGene00172593.,0,0,0
WBGene00172594.,0,4,4
WBGene00172595.,0,0,0
WBGene00172596.,0,0,0
WBGene00172597.,0,0,0
WBGene00172598.,0,3,3
WBGene00172599.,0,0,0
WBGene00172600.,0,0,0
WBGene00172601.,0,0,0
WBGene00172602.,0,0,0
WBGene00172603.,0,0,0
WBGene00172604.,0,1,1
WBGene00172605.,0,0,0
WBGene00172606.,0,0,0
WBGene00172607.,0,46,46
WBGene00172608.,0,0,0
WBGene00172609.,0,0,0
WBGene00172610.,0,1,1
WBGene00172611.,0,0,0
WBGene00172612.,0,0,0
WBGene00172613.,0,0,0
WBGene00172614.,0,0,0
WBGene00172615.,0,0,0
WBGene00172616.,0,0,0
WBGene00172617.,0,1,1
WBGene00172618.,0,0,0
WBGene00172619.,0,11,11
WBGene00172620.,0,1,1
WBGene00172621.,0,8,8
WBGene00172622.,0,0,0
WBGene00172623.,0,0,0
WBGene00172624.,0,0,0
WBGene00172625.,0,0,0
WBGene00172626.,0,0,0
WBGene00172627.,0,0,0
WBGene00172628.,0,0,0
WBGene00172629.,0,2,2
WBGene00172630.,0,3,3
WBGene00172631.,0,0,0
WBGene00172632.,0,3,3
WBGene00172633.,0,1,1
WBGene00172634.,0,0,0
WBGene00172635.,0,0,0
WBGene00172636.,0,0,0
WBGene00172637.,0,0,0
WBGene00172638.,0,0,0
WBGene00172639.,0,0,0
WBGene00172640.,0,0,0
WBGene00172641.,0,0,0
WBGene00172642.,0,0,0
WBGene00172643.,0,0,0
WBGene00172644.,0,0,0
WBGene00172645.,0,0,0
WBGene00172646.,0,0,0
WBGene00172647.,0,0,0
WBGene00172648.,0,0,0
WBGene00172649.,0,0,0
WBGene00172650.,0,0,0
WBGene00172651.,0,0,0
WBGene00172652.,0,0,0
WBGene00172653.,0,0,0
WBGene00172654.,0,0,0
WBGene00172655.,0,0,0
WBGene00172656.,0,0,0
WBGene00172657.,0,0,0
WBGene00172658.,0,1,1
WBGene00172659.,0,0,0
WBGene00172660.,0,1,1
WBGene00172661.,0,0,0
WBGene00172662.,0,0,0
WBGene00172663.,0,3,3
WBGene00172664.,0,0,0
WBGene00172665.,0,0,0
WBGene00172666.,0,2,2
WBGene00172667.,0,0,0
WBGene00172668.,0,0,0
WBGene00172669.,0,0,0
WBGene00172670.,0,0,0
WBGene00172671.,0,0,0
WBGene00172672.,0,0,0
WBGene00172673.,0,0,0
WBGene00172674.,0,0,0
WBGene00172675.,0,2,2
WBGene00172676.,0,0,0
WBGene00172677.,0,1,1
WBGene00172678.,0,0,0
WBGene00172679.,0,0,0
WBGene00172680.,0,0,0
WBGene00172681.,0,0,0
WBGene00172682.,0,0,0
WBGene00172683.,0,0,0
WBGene00172684.,0,0,0
WBGene00172685.,0,1,1
WBGene00172686.,0,0,0
WBGene00172687.,0,0,0
WBGene00172688.,0,0,0
WBGene00172689.,0,0,0
WBGene00172690.,0,0,0
WBGene00172691.,0,0,0
WBGene00172692.,0,6,6
WBGene00172693.,0,0,0
WBGene00172694.,0,0,0
WBGene00172695.,0,0,0
WBGene00172696.,0,0,0
WBGene00172697.,0,0,0
WBGene00172698.,0,0,0
WBGene00172699.,0,0,0
WBGene00172700.,0,0,0
WBGene00172701.,0,0,0
WBGene00172702.,0,0,0
WBGene00172703.,0,0,0
WBGene00172704.,0,0,0
WBGene00172705.,0,0,0
WBGene00172706.,0,0,0
WBGene00172707.,0,0,0
WBGene00172708.,0,0,0
WBGene00172709.,0,0,0
WBGene00172710.,0,0,0
WBGene00172711.,0,0,0
WBGene00172712.,0,0,0
WBGene00172713.,0,0,0
WBGene00172714.,0,0,0
WBGene00172715.,0,0,0
WBGene00172716.,0,0,0
WBGene00172717.,0,0,0
WBGene00172718.,0,0,0
WBGene00172719.,0,0,0
WBGene00172720.,0,0,0
WBGene00172721.,0,0,0
WBGene00172722.,0,0,0
WBGene00172723.,0,0,0
WBGene00172724.,0,0,0
WBGene00172725.,0,0,0
WBGene00172726.,0,0,0
WBGene00172727.,0,1,1
WBGene00172728.,0,1,1
WBGene00172729.,0,0,0
WBGene00172730.,0,1,1
WBGene00172731.,0,0,0
WBGene00172732.,0,0,0
WBGene00172733.,0,0,0
WBGene00172734.,0,0,0
WBGene00172735.,0,0,0
WBGene00172736.,0,0,0
WBGene00172737.,0,0,0
WBGene00172738.,0,0,0
WBGene00172739.,0,0,0
WBGene00172740.,0,0,0
WBGene00172741.,0,0,0
WBGene00172742.,0,18,18
WBGene00172743.,0,1,1
WBGene00172744.,0,0,0
WBGene00172745.,0,1,1
WBGene00172746.,0,0,0
WBGene00172747.,0,0,0
WBGene00172748.,0,1,1
WBGene00172749.,0,0,0
WBGene00172750.,0,0,0
WBGene00172751.,0,0,0
WBGene00172752.,0,1,1
WBGene00172753.,0,0,0
WBGene00172754.,0,1,1
WBGene00172755.,0,7,7
WBGene00172756.,0,0,0
WBGene00172757.,0,0,0
WBGene00172758.,0,2,2
WBGene00172759.,0,0,0
WBGene00172760.,0,0,0
WBGene00172761.,0,0,0
WBGene00172762.,0,0,0
WBGene00172763.,0,2,2
WBGene00172764.,0,3,3
WBGene00172765.,0,0,0
WBGene00172766.,0,0,0
WBGene00172767.,0,0,0
WBGene00172768.,0,0,0
WBGene00172769.,0,0,0
WBGene00172770.,0,1,1
WBGene00172771.,0,0,0
WBGene00172772.,0,0,0
WBGene00172773.,0,0,0
WBGene00172774.,0,0,0
WBGene00172775.,0,2,2
WBGene00172776.,0,0,0
WBGene00172777.,0,1,1
WBGene00172778.,0,5,5
WBGene00172779.,0,0,0
WBGene00172780.,0,0,0
WBGene00172781.,0,0,0
WBGene00172782.,0,0,0
WBGene00172783.,0,2,2
WBGene00172784.,0,6,6
WBGene00172785.,0,0,0
WBGene00172786.,0,0,0
WBGene00172787.,0,0,0
WBGene00172788.,0,0,0
WBGene00172789.,0,0,0
WBGene00172790.,0,0,0
WBGene00172791.,0,0,0
WBGene00172792.,0,0,0
WBGene00172793.,0,0,0
WBGene00172794.,0,0,0
WBGene00172795.,0,0,0
WBGene00172796.,0,0,0
WBGene00172797.,0,0,0
WBGene00172798.,0,0,0
WBGene00172799.,0,0,0
WBGene00172800.,0,0,0
WBGene00172801.,0,0,0
WBGene00172802.,0,2,2
WBGene00172803.,0,0,0
WBGene00172804.,0,0,0
WBGene00172805.,0,0,0
WBGene00172806.,0,0,0
WBGene00172807.,0,0,0
WBGene00172808.,0,0,0
WBGene00172809.,0,0,0
WBGene00172810.,0,0,0
WBGene00172811.,0,0,0
WBGene00172812.,0,5,5
WBGene00172813.,0,0,0
WBGene00172814.,0,0,0
WBGene00172815.,0,0,0
WBGene00172816.,0,0,0
WBGene00172817.,0,0,0
WBGene00172818.,0,0,0
WBGene00172819.,0,0,0
WBGene00172820.,0,0,0
WBGene00172821.,0,0,0
WBGene00172822.,0,0,0
WBGene00172823.,0,0,0
WBGene00172824.,0,0,0
WBGene00172825.,0,0,0
WBGene00172826.,0,0,0
WBGene00172827.,0,19,19
WBGene00172828.,0,0,0
WBGene00172829.,0,0,0
WBGene00172830.,0,0,0
WBGene00172831.,0,0,0
WBGene00172832.,0,1,1
WBGene00172833.,0,0,0
WBGene00172834.,0,0,0
WBGene00172835.,0,0,0
WBGene00172836.,0,2,2
WBGene00172837.,0,0,0
WBGene00172838.,0,0,0
WBGene00172839.,0,0,0
WBGene00172840.,0,6,6
WBGene00172841.,0,0,0
WBGene00172842.,0,0,0
WBGene00172843.,0,0,0
WBGene00172844.,0,0,0
WBGene00172845.,0,0,0
WBGene00172846.,0,0,0
WBGene00172847.,0,0,0
WBGene00172848.,0,0,0
WBGene00172849.,0,0,0
WBGene00172850.,0,0,0
WBGene00172851.,0,0,0
WBGene00172852.,0,0,0
WBGene00172853.,0,0,0
WBGene00172854.,0,0,0
WBGene00172855.,0,0,0
WBGene00172856.,0,0,0
WBGene00172857.,0,0,0
WBGene00172858.,0,0,0
WBGene00172859.,0,0,0
WBGene00172860.,0,0,0
WBGene00172861.,0,7,7
WBGene00172862.,0,10,10
WBGene00172863.,0,0,0
WBGene00172864.,0,4,4
WBGene00172865.,0,0,0
WBGene00172866.,0,3,3
WBGene00172867.,0,1,1
WBGene00172868.,0,0,0
WBGene00172869.,0,0,0
WBGene00172870.,0,0,0
WBGene00172871.,0,0,0
WBGene00172872.,0,0,0
WBGene00172873.,0,0,0
WBGene00172874.,0,0,0
WBGene00172875.,0,0,0
WBGene00172876.,0,0,0
WBGene00172877.,0,0,0
WBGene00172878.,0,0,0
WBGene00172879.,0,0,0
WBGene00172880.,0,0,0
WBGene00172881.,0,0,0
WBGene00172882.,0,0,0
WBGene00172883.,0,0,0
WBGene00172884.,0,0,0
WBGene00172885.,0,4,4
WBGene00172886.,0,0,0
WBGene00172887.,0,0,0
WBGene00172888.,0,0,0
WBGene00172889.,0,0,0
WBGene00172890.,0,0,0
WBGene00172891.,0,3,3
WBGene00172892.,0,0,0
WBGene00172893.,0,0,0
WBGene00172894.,0,0,0
WBGene00172895.,0,0,0
WBGene00172896.,0,1,1
WBGene00172897.,0,2,2
WBGene00172898.,0,0,0
WBGene00172899.,0,0,0
WBGene00172900.,0,0,0
WBGene00172901.,0,0,0
WBGene00172902.,0,0,0
WBGene00172903.,0,0,0
WBGene00172904.,0,1,1
WBGene00172905.,0,0,0
WBGene00172906.,0,1,1
WBGene00172907.,0,0,0
WBGene00172908.,0,0,0
WBGene00172909.,0,4,4
WBGene00172910.,0,0,0
WBGene00172911.,0,0,0
WBGene00172912.,0,0,0
WBGene00172913.,0,0,0
WBGene00172914.,0,0,0
WBGene00172915.,0,0,0
WBGene00172916.,0,0,0
WBGene00172917.,0,0,0
WBGene00172918.,0,3,3
WBGene00172919.,0,0,0
WBGene00172920.,0,0,0
WBGene00172921.,0,0,0
WBGene00172922.,0,0,0
WBGene00172923.,0,0,0
WBGene00172924.,0,0,0
WBGene00172925.,0,1,1
WBGene00172926.,0,0,0
WBGene00172927.,0,0,0
WBGene00172928.,0,0,0
WBGene00172929.,0,0,0
WBGene00172930.,0,1,1
WBGene00172931.,0,0,0
WBGene00172932.,0,0,0
WBGene00172933.,0,1,1
WBGene00172934.,0,0,0
WBGene00172935.,0,0,0
WBGene00172936.,0,0,0
WBGene00172937.,0,0,0
WBGene00172938.,0,0,0
WBGene00172939.,0,1,1
WBGene00172940.,0,0,0
WBGene00172941.,0,0,0
WBGene00172942.,0,0,0
WBGene00172943.,0,0,0
WBGene00172944.,0,0,0
WBGene00172945.,0,0,0
WBGene00172946.,0,0,0
WBGene00172947.,0,0,0
WBGene00172948.,0,0,0
WBGene00172949.,0,0,0
WBGene00172950.,0,0,0
WBGene00172951.,0,3,3
WBGene00172952.,0,0,0
WBGene00172953.,0,0,0
WBGene00172954.,0,0,0
WBGene00172955.,0,0,0
WBGene00172956.,0,0,0
WBGene00172957.,0,0,0
WBGene00172958.,0,0,0
WBGene00172959.,0,0,0
WBGene00172960.,0,0,0
WBGene00172961.,0,0,0
WBGene00172962.,0,0,0
WBGene00172963.,0,0,0
WBGene00172964.,0,0,0
WBGene00172965.,0,0,0
WBGene00172966.,0,0,0
WBGene00172967.,0,0,0
WBGene00172968.,0,0,0
WBGene00172969.,0,0,0
WBGene00172970.,0,1,1
WBGene00172971.,0,0,0
WBGene00172972.,0,0,0
WBGene00172973.,0,0,0
WBGene00172974.,0,6,6
WBGene00172975.,0,1,1
WBGene00172976.,0,0,0
WBGene00172977.,0,0,0
WBGene00172978.,0,0,0
WBGene00172979.,0,0,0
WBGene00172980.,0,0,0
WBGene00172981.,0,0,0
WBGene00172982.,0,0,0
WBGene00172983.,0,0,0
WBGene00172984.,0,0,0
WBGene00172985.,0,1,1
WBGene00172986.,0,0,0
WBGene00172987.,0,0,0
WBGene00172988.,0,0,0
WBGene00172989.,0,0,0
WBGene00172990.,0,0,0
WBGene00172991.,0,0,0
WBGene00172992.,0,0,0
WBGene00172993.,0,0,0
WBGene00172994.,0,0,0
WBGene00172995.,0,0,0
WBGene00172996.,0,0,0
WBGene00172997.,0,0,0
WBGene00172998.,0,0,0
WBGene00172999.,0,0,0
WBGene00173000.,0,2,2
WBGene00173001.,0,0,0
WBGene00173002.,0,0,0
WBGene00173003.,0,0,0
WBGene00173004.,0,0,0
WBGene00173005.,0,0,0
WBGene00173006.,0,0,0
WBGene00173007.,0,0,0
WBGene00173008.,0,0,0
WBGene00173009.,0,0,0
WBGene00173010.,0,0,0
WBGene00173011.,0,0,0
WBGene00173012.,0,0,0
WBGene00173013.,0,0,0
WBGene00173014.,0,0,0
WBGene00173015.,0,0,0
WBGene00173016.,0,0,0
WBGene00173017.,0,0,0
WBGene00173018.,0,2,2
WBGene00173019.,0,2,2
WBGene00173020.,0,0,0
WBGene00173021.,0,0,0
WBGene00173022.,0,0,0
WBGene00173023.,0,0,0
WBGene00173024.,0,0,0
WBGene00173025.,0,0,0
WBGene00173026.,0,0,0
WBGene00173027.,0,0,0
WBGene00173028.,0,0,0
WBGene00173029.,0,0,0
WBGene00173030.,0,0,0
WBGene00173031.,0,0,0
WBGene00173032.,0,4,4
WBGene00173033.,0,0,0
WBGene00173034.,0,0,0
WBGene00173035.,0,0,0
WBGene00173036.,0,3,3
WBGene00173037.,0,0,0
WBGene00173038.,0,0,0
WBGene00173039.,0,6,6
WBGene00173040.,0,0,0
WBGene00173041.,0,5,5
WBGene00173042.,0,0,0
WBGene00173043.,0,0,0
WBGene00173044.,0,0,0
WBGene00173045.,0,1,1
WBGene00173046.,0,0,0
WBGene00173047.,0,0,0
WBGene00173048.,0,0,0
WBGene00173049.,0,0,0
WBGene00173050.,0,0,0
WBGene00173051.,0,1,1
WBGene00173052.,0,0,0
WBGene00173053.,0,11,11
WBGene00173054.,0,0,0
WBGene00173055.,0,0,0
WBGene00173056.,0,0,0
WBGene00173057.,0,0,0
WBGene00173058.,0,0,0
WBGene00173059.,0,0,0
WBGene00173060.,0,0,0
WBGene00173061.,0,1,1
WBGene00173062.,0,0,0
WBGene00173063.,0,0,0
WBGene00173064.,0,0,0
WBGene00173065.,0,0,0
WBGene00173066.,0,0,0
WBGene00173067.,0,8,8
WBGene00173068.,0,0,0
WBGene00173069.,0,0,0
WBGene00173070.,0,2,2
WBGene00173071.,0,0,0
WBGene00173072.,0,0,0
WBGene00173073.,0,0,0
WBGene00173074.,0,0,0
WBGene00173075.,0,0,0
WBGene00173076.,0,0,0
WBGene00173077.,0,0,0
WBGene00173078.,0,0,0
WBGene00173079.,0,0,0
WBGene00173080.,0,0,0
WBGene00173081.,0,0,0
WBGene00173082.,0,0,0
WBGene00173083.,0,0,0
WBGene00173084.,0,0,0
WBGene00173085.,0,0,0
WBGene00173086.,0,0,0
WBGene00173087.,0,0,0
WBGene00173088.,0,0,0
WBGene00173089.,0,0,0
WBGene00173090.,0,0,0
WBGene00173091.,0,0,0
WBGene00173092.,0,0,0
WBGene00173093.,0,0,0
WBGene00173094.,0,0,0
WBGene00173095.,0,0,0
WBGene00173096.,0,0,0
WBGene00173097.,0,0,0
WBGene00173098.,0,0,0
WBGene00173099.,0,0,0
WBGene00173100.,0,0,0
WBGene00173101.,0,0,0
WBGene00173102.,0,0,0
WBGene00173103.,0,0,0
WBGene00173104.,0,3,3
WBGene00173105.,0,0,0
WBGene00173106.,0,2,2
WBGene00173107.,0,0,0
WBGene00173108.,0,0,0
WBGene00173109.,0,0,0
WBGene00173110.,0,0,0
WBGene00173111.,0,0,0
WBGene00173112.,0,0,0
WBGene00173113.,0,0,0
WBGene00173114.,0,0,0
WBGene00173115.,0,0,0
WBGene00173116.,0,0,0
WBGene00173117.,0,0,0
WBGene00173118.,0,0,0
WBGene00173119.,0,2,2
WBGene00173120.,0,0,0
WBGene00173121.,0,0,0
WBGene00173122.,0,0,0
WBGene00173123.,0,0,0
WBGene00173124.,0,0,0
WBGene00173125.,0,0,0
WBGene00173126.,0,0,0
WBGene00173127.,0,0,0
WBGene00173128.,0,0,0
WBGene00173129.,0,0,0
WBGene00173130.,0,0,0
WBGene00173131.,0,0,0
WBGene00173132.,0,0,0
WBGene00173133.,0,0,0
WBGene00173134.,0,0,0
WBGene00173135.,0,0,0
WBGene00173136.,0,0,0
WBGene00173137.,0,0,0
WBGene00173138.,0,0,0
WBGene00173139.,0,0,0
WBGene00173140.,0,0,0
WBGene00173141.,0,0,0
WBGene00173142.,0,0,0
WBGene00173143.,0,0,0
WBGene00173144.,0,0,0
WBGene00173145.,0,0,0
WBGene00173146.,0,0,0
WBGene00173147.,0,4,4
WBGene00173148.,0,0,0
WBGene00173149.,0,4,4
WBGene00173150.,0,1,1
WBGene00173151.,0,0,0
WBGene00173152.,0,0,0
WBGene00173153.,0,0,0
WBGene00173154.,0,0,0
WBGene00173155.,0,0,0
WBGene00173156.,0,0,0
WBGene00173157.,0,0,0
WBGene00173158.,0,1,1
WBGene00173159.,0,0,0
WBGene00173160.,0,0,0
WBGene00173161.,0,0,0
WBGene00173162.,0,0,0
WBGene00173163.,0,0,0
WBGene00173164.,0,0,0
WBGene00173165.,0,0,0
WBGene00173166.,0,0,0
WBGene00173167.,0,0,0
WBGene00173168.,0,0,0
WBGene00173169.,0,3,3
WBGene00173170.,0,0,0
WBGene00173171.,0,0,0
WBGene00173172.,0,0,0
WBGene00173173.,0,0,0
WBGene00173174.,0,0,0
WBGene00173175.,0,0,0
WBGene00173176.,0,0,0
WBGene00173177.,0,0,0
WBGene00173178.,0,0,0
WBGene00173179.,0,1,1
WBGene00173180.,0,0,0
WBGene00173181.,0,0,0
WBGene00173182.,0,2,2
WBGene00173183.,0,0,0
WBGene00173184.,0,2,2
WBGene00173185.,0,0,0
WBGene00173186.,0,0,0
WBGene00173187.,0,0,0
WBGene00173188.,0,16,16
WBGene00173189.,0,0,0
WBGene00173190.,0,0,0
WBGene00173191.,0,0,0
WBGene00173192.,0,0,0
WBGene00173193.,0,0,0
WBGene00173194.,0,0,0
WBGene00173195.,0,0,0
WBGene00173196.,0,0,0
WBGene00173197.,0,0,0
WBGene00173198.,0,0,0
WBGene00173199.,0,0,0
WBGene00173200.,0,0,0
WBGene00173201.,0,0,0
WBGene00173202.,0,0,0
WBGene00173203.,0,0,0
WBGene00173204.,0,0,0
WBGene00173205.,0,0,0
WBGene00173206.,0,0,0
WBGene00173207.,0,0,0
WBGene00173208.,0,0,0
WBGene00173209.,0,1,1
WBGene00173210.,0,4,4
WBGene00173211.,0,0,0
WBGene00173212.,0,0,0
WBGene00173213.,0,0,0
WBGene00173214.,0,1,1
WBGene00173215.,0,1,1
WBGene00173216.,0,4,4
WBGene00173217.,0,0,0
WBGene00173218.,0,0,0
WBGene00173219.,0,0,0
WBGene00173220.,0,0,0
WBGene00173221.,0,0,0
WBGene00173222.,0,2,2
WBGene00173223.,0,6,6
WBGene00173224.,0,0,0
WBGene00173225.,0,0,0
WBGene00173226.,0,0,0
WBGene00173227.,0,0,0
WBGene00173228.,0,0,0
WBGene00173229.,0,0,0
WBGene00173230.,0,0,0
WBGene00173231.,0,0,0
WBGene00173232.,0,3,3
WBGene00173233.,0,0,0
WBGene00173234.,0,0,0
WBGene00173235.,0,0,0
WBGene00173236.,0,0,0
WBGene00173237.,0,0,0
WBGene00173238.,0,6,6
WBGene00173239.,0,0,0
WBGene00173240.,0,1,1
WBGene00173241.,0,1,1
WBGene00173242.,0,0,0
WBGene00173243.,0,4,4
WBGene00173244.,0,0,0
WBGene00173245.,0,0,0
WBGene00173246.,0,0,0
WBGene00173247.,0,0,0
WBGene00173248.,0,1,1
WBGene00173249.,0,0,0
WBGene00173250.,0,0,0
WBGene00173251.,0,0,0
WBGene00173252.,0,1,1
WBGene00173253.,0,0,0
WBGene00173254.,0,0,0
WBGene00173255.,0,0,0
WBGene00173256.,0,0,0
WBGene00173257.,0,0,0
WBGene00173258.,0,0,0
WBGene00173259.,0,0,0
WBGene00173260.,0,0,0
WBGene00173261.,0,0,0
WBGene00173262.,0,0,0
WBGene00173263.,0,0,0
WBGene00173264.,0,1,1
WBGene00173265.,0,186,186
WBGene00173266.,0,0,0
WBGene00173267.,0,0,0
WBGene00173268.,0,0,0
WBGene00173269.,0,0,0
WBGene00173270.,0,0,0
WBGene00173271.,0,0,0
WBGene00173272.,0,0,0
WBGene00173273.,0,0,0
WBGene00173274.,0,0,0
WBGene00173275.,0,0,0
WBGene00173276.,0,0,0
WBGene00173277.,0,0,0
WBGene00173278.,0,0,0
WBGene00173279.,0,1,1
WBGene00173280.,0,0,0
WBGene00173281.,0,0,0
WBGene00173282.,0,0,0
WBGene00173283.,0,1,1
WBGene00173284.,0,2,2
WBGene00173285.,0,2,2
WBGene00173286.,0,0,0
WBGene00173287.,0,1,1
WBGene00173288.,0,0,0
WBGene00173289.,0,0,0
WBGene00173290.,0,0,0
WBGene00173291.,0,1,1
WBGene00173292.,0,0,0
WBGene00173293.,0,0,0
WBGene00173294.,0,0,0
WBGene00173295.,0,0,0
WBGene00173296.,0,0,0
WBGene00173297.,0,0,0
WBGene00173298.,0,5,5
WBGene00173299.,0,0,0
WBGene00173300.,0,0,0
WBGene00173301.,0,0,0
WBGene00173302.,0,0,0
WBGene00173303.,0,2,2
WBGene00173304.,0,0,0
WBGene00173305.,0,0,0
WBGene00173306.,0,0,0
WBGene00173307.,0,0,0
WBGene00173308.,0,0,0
WBGene00173309.,0,0,0
WBGene00173310.,0,0,0
WBGene00173311.,0,0,0
WBGene00173312.,0,2,2
WBGene00173313.,0,0,0
WBGene00173314.,0,0,0
WBGene00173315.,0,0,0
WBGene00173316.,0,0,0
WBGene00173317.,0,2,2
WBGene00173318.,0,0,0
WBGene00173319.,0,1,1
WBGene00173320.,0,0,0
WBGene00173321.,0,0,0
WBGene00173322.,0,0,0
WBGene00173323.,0,4,4
WBGene00173324.,0,0,0
WBGene00173325.,0,0,0
WBGene00173326.,0,2,2
WBGene00173327.,0,0,0
WBGene00173328.,0,0,0
WBGene00173329.,0,0,0
WBGene00173330.,0,0,0
WBGene00173331.,0,0,0
WBGene00173332.,0,1,1
WBGene00173333.,0,0,0
WBGene00173334.,0,1,1
WBGene00173335.,0,0,0
WBGene00173336.,0,0,0
WBGene00173337.,0,3,3
WBGene00173338.,0,2,2
WBGene00173339.,0,0,0
WBGene00173340.,0,0,0
WBGene00173341.,0,0,0
WBGene00173342.,0,1,1
WBGene00173343.,0,0,0
WBGene00173344.,0,0,0
WBGene00173345.,0,0,0
WBGene00173346.,0,0,0
WBGene00173347.,0,0,0
WBGene00173348.,0,0,0
WBGene00173349.,0,0,0
WBGene00173350.,0,0,0
WBGene00173351.,0,0,0
WBGene00173352.,0,0,0
WBGene00173353.,0,0,0
WBGene00173354.,0,1,1
WBGene00173355.,0,0,0
WBGene00173356.,0,0,0
WBGene00173357.,0,0,0
WBGene00173358.,0,0,0
WBGene00173359.,0,0,0
WBGene00173360.,0,17,17
WBGene00173361.,0,0,0
WBGene00173362.,0,0,0
WBGene00173363.,0,0,0
WBGene00173364.,0,1,1
WBGene00173365.,0,0,0
WBGene00173366.,0,0,0
WBGene00173367.,0,0,0
WBGene00173368.,0,3,3
WBGene00173369.,0,0,0
WBGene00173370.,0,4,4
WBGene00173371.,0,0,0
WBGene00173372.,0,0,0
WBGene00173373.,0,0,0
WBGene00173374.,0,0,0
WBGene00173375.,0,0,0
WBGene00173376.,0,1,1
WBGene00173377.,0,0,0
WBGene00173378.,0,0,0
WBGene00173379.,0,0,0
WBGene00173380.,0,0,0
WBGene00173381.,0,1,1
WBGene00173382.,0,0,0
WBGene00173383.,0,0,0
WBGene00173384.,0,0,0
WBGene00173385.,0,0,0
WBGene00173386.,0,0,0
WBGene00173387.,0,0,0
WBGene00173388.,0,0,0
WBGene00173389.,0,0,0
WBGene00173390.,0,1,1
WBGene00173391.,0,0,0
WBGene00173392.,0,0,0
WBGene00173393.,0,0,0
WBGene00173394.,0,0,0
WBGene00173395.,0,0,0
WBGene00173396.,0,1,1
WBGene00173397.,0,0,0
WBGene00173398.,0,0,0
WBGene00173399.,0,0,0
WBGene00173400.,0,0,0
WBGene00173401.,0,0,0
WBGene00173402.,0,0,0
WBGene00173403.,0,0,0
WBGene00173404.,0,0,0
WBGene00173405.,0,0,0
WBGene00173406.,0,0,0
WBGene00173407.,0,0,0
WBGene00173408.,0,0,0
WBGene00173409.,0,0,0
WBGene00173410.,0,0,0
WBGene00173411.,0,1,1
WBGene00173412.,0,0,0
WBGene00173413.,0,4,4
WBGene00173414.,0,0,0
WBGene00173415.,0,0,0
WBGene00173416.,0,2,2
WBGene00173417.,0,0,0
WBGene00173418.,0,0,0
WBGene00173419.,0,0,0
WBGene00173420.,0,7,7
WBGene00173421.,0,0,0
WBGene00173422.,0,0,0
WBGene00173423.,0,0,0
WBGene00173424.,0,0,0
WBGene00173425.,0,0,0
WBGene00173426.,0,0,0
WBGene00173427.,0,0,0
WBGene00173428.,0,0,0
WBGene00173429.,0,0,0
WBGene00173430.,0,0,0
WBGene00173431.,0,0,0
WBGene00173432.,0,0,0
WBGene00173433.,0,0,0
WBGene00173434.,0,1,1
WBGene00173435.,0,0,0
WBGene00173436.,0,0,0
WBGene00173437.,0,5,5
WBGene00173438.,0,0,0
WBGene00173439.,0,0,0
WBGene00173440.,0,0,0
WBGene00173441.,0,0,0
WBGene00173442.,0,1,1
WBGene00173443.,0,0,0
WBGene00173444.,0,7,7
WBGene00173445.,0,1,1
WBGene00173446.,0,0,0
WBGene00173447.,0,2,2
WBGene00173448.,0,0,0
WBGene00173449.,0,1,1
WBGene00173450.,0,0,0
WBGene00173451.,0,0,0
WBGene00173452.,0,0,0
WBGene00173453.,0,0,0
WBGene00173454.,0,0,0
WBGene00173455.,0,0,0
WBGene00173456.,0,0,0
WBGene00173457.,0,0,0
WBGene00173458.,0,0,0
WBGene00173459.,0,0,0
WBGene00173460.,0,1,1
WBGene00173461.,0,0,0
WBGene00173462.,0,0,0
WBGene00173463.,0,0,0
WBGene00173464.,0,0,0
WBGene00173465.,0,0,0
WBGene00173466.,0,0,0
WBGene00173467.,0,0,0
WBGene00173468.,0,1,1
WBGene00173469.,0,0,0
WBGene00173470.,0,0,0
WBGene00173471.,0,0,0
WBGene00173472.,0,0,0
WBGene00173473.,0,0,0
WBGene00173474.,0,0,0
WBGene00173475.,0,0,0
WBGene00173476.,0,0,0
WBGene00173477.,0,0,0
WBGene00173478.,0,0,0
WBGene00173480.,0,0,0
WBGene00173481.,0,0,0
WBGene00173482.,0,0,0
WBGene00173483.,0,0,0
WBGene00173484.,0,0,0
WBGene00173485.,0,0,0
WBGene00173486.,0,0,0
WBGene00173487.,0,0,0
WBGene00173488.,0,0,0
WBGene00173489.,0,0,0
WBGene00173490.,0,3,3
WBGene00173491.,0,0,0
WBGene00173492.,0,0,0
WBGene00173493.,0,0,0
WBGene00173494.,0,0,0
WBGene00173495.,0,0,0
WBGene00173496.,0,1,1
WBGene00173497.,0,0,0
WBGene00173498.,0,1,1
WBGene00173499.,0,0,0
WBGene00173500.,0,0,0
WBGene00173501.,0,7,7
WBGene00173502.,0,0,0
WBGene00173503.,0,0,0
WBGene00173504.,0,0,0
WBGene00173505.,0,0,0
WBGene00173506.,0,0,0
WBGene00173507.,0,0,0
WBGene00173508.,0,0,0
WBGene00173509.,0,2,2
WBGene00173510.,0,0,0
WBGene00173511.,0,0,0
WBGene00173512.,0,0,0
WBGene00173513.,0,0,0
WBGene00173514.,0,0,0
WBGene00173515.,0,0,0
WBGene00173516.,0,37,37
WBGene00173517.,0,0,0
WBGene00173518.,0,0,0
WBGene00173519.,0,0,0
WBGene00173520.,0,0,0
WBGene00173521.,0,1,1
WBGene00173522.,0,0,0
WBGene00173523.,0,0,0
WBGene00173524.,0,0,0
WBGene00173525.,0,0,0
WBGene00173526.,0,0,0
WBGene00173527.,0,0,0
WBGene00173528.,0,0,0
WBGene00173529.,0,0,0
WBGene00173530.,0,0,0
WBGene00173531.,0,0,0
WBGene00173532.,0,0,0
WBGene00173533.,0,0,0
WBGene00173534.,0,0,0
WBGene00173535.,0,0,0
WBGene00173536.,0,0,0
WBGene00173537.,0,0,0
WBGene00173538.,0,4,4
WBGene00173539.,0,0,0
WBGene00173540.,0,0,0
WBGene00173541.,0,0,0
WBGene00173542.,0,0,0
WBGene00173543.,0,0,0
WBGene00173544.,0,0,0
WBGene00173545.,0,0,0
WBGene00173546.,0,0,0
WBGene00173547.,0,0,0
WBGene00173548.,0,0,0
WBGene00173550.,0,0,0
WBGene00173551.,0,0,0
WBGene00173552.,0,0,0
WBGene00173553.,0,0,0
WBGene00173554.,0,0,0
WBGene00173555.,0,0,0
WBGene00173556.,0,1,1
WBGene00173557.,0,0,0
WBGene00173558.,0,0,0
WBGene00173559.,0,0,0
WBGene00173560.,0,0,0
WBGene00173561.,0,0,0
WBGene00173562.,0,0,0
WBGene00173563.,0,0,0
WBGene00173564.,0,0,0
WBGene00173565.,0,0,0
WBGene00173566.,0,1,1
WBGene00173567.,0,0,0
WBGene00173568.,0,0,0
WBGene00173569.,0,0,0
WBGene00173570.,0,0,0
WBGene00173571.,0,0,0
WBGene00173572.,0,0,0
WBGene00173573.,0,0,0
WBGene00173574.,0,0,0
WBGene00173575.,0,0,0
WBGene00173576.,0,0,0
WBGene00173577.,0,4,4
WBGene00173578.,0,0,0
WBGene00173579.,0,0,0
WBGene00173580.,0,0,0
WBGene00173581.,0,0,0
WBGene00173582.,0,0,0
WBGene00173583.,0,0,0
WBGene00173584.,0,0,0
WBGene00173585.,0,0,0
WBGene00173586.,0,0,0
WBGene00173587.,0,0,0
WBGene00173588.,0,0,0
WBGene00173589.,0,3,3
WBGene00173590.,0,0,0
WBGene00173591.,0,0,0
WBGene00173592.,0,1,1
WBGene00173593.,0,0,0
WBGene00173594.,0,0,0
WBGene00173595.,0,0,0
WBGene00173596.,0,0,0
WBGene00173597.,0,3,3
WBGene00173598.,0,0,0
WBGene00173599.,0,0,0
WBGene00173600.,0,2,2
WBGene00173601.,0,0,0
WBGene00173602.,0,0,0
WBGene00173603.,0,7,7
WBGene00173604.,0,0,0
WBGene00173605.,0,2,2
WBGene00173606.,0,1,1
WBGene00173607.,0,129,129
WBGene00173608.,0,0,0
WBGene00173609.,0,1,1
WBGene00173610.,0,0,0
WBGene00173611.,0,0,0
WBGene00173612.,0,0,0
WBGene00173613.,0,2,2
WBGene00173614.,0,0,0
WBGene00173615.,0,45,45
WBGene00173616.,0,0,0
WBGene00173617.,0,2,2
WBGene00173618.,0,0,0
WBGene00173619.,0,0,0
WBGene00173620.,0,1,1
WBGene00173621.,0,7,7
WBGene00173622.,0,0,0
WBGene00173623.,0,5,5
WBGene00173624.,0,0,0
WBGene00173625.,0,1,1
WBGene00173626.,0,0,0
WBGene00173627.,0,0,0
WBGene00173628.,0,0,0
WBGene00173629.,0,5,5
WBGene00173630.,0,0,0
WBGene00173631.,0,0,0
WBGene00173632.,0,3,3
WBGene00173633.,0,1,1
WBGene00173634.,0,1,1
WBGene00173635.,0,0,0
WBGene00173636.,0,0,0
WBGene00173637.,0,0,0
WBGene00173638.,0,0,0
WBGene00173639.,0,0,0
WBGene00173640.,0,8,8
WBGene00173641.,0,0,0
WBGene00173642.,0,0,0
WBGene00173643.,0,0,0
WBGene00173644.,0,0,0
WBGene00173645.,0,0,0
WBGene00173646.,0,0,0
WBGene00173647.,0,0,0
WBGene00173648.,0,0,0
WBGene00173649.,0,0,0
WBGene00173650.,0,0,0
WBGene00173651.,0,0,0
WBGene00173652.,0,0,0
WBGene00173653.,0,1,1
WBGene00173654.,0,0,0
WBGene00173655.,0,0,0
WBGene00173656.,0,0,0
WBGene00173657.,0,0,0
WBGene00173658.,0,8,8
WBGene00173659.,0,0,0
WBGene00173660.,0,0,0
WBGene00173661.,0,0,0
WBGene00173662.,0,0,0
WBGene00173663.,0,0,0
WBGene00173664.,0,0,0
WBGene00173665.,0,0,0
WBGene00173666.,0,2,2
WBGene00173667.,0,0,0
WBGene00173668.,0,2,2
WBGene00173669.,0,0,0
WBGene00173670.,0,0,0
WBGene00173671.,0,0,0
WBGene00173672.,0,0,0
WBGene00173673.,0,1,1
WBGene00173674.,0,0,0
WBGene00173675.,0,2,2
WBGene00173676.,0,1,1
WBGene00173677.,0,0,0
WBGene00173678.,0,0,0
WBGene00173679.,0,1,1
WBGene00173680.,0,4,4
WBGene00173681.,0,0,0
WBGene00173682.,0,1,1
WBGene00173683.,0,0,0
WBGene00173684.,0,0,0
WBGene00173685.,0,0,0
WBGene00173686.,0,0,0
WBGene00173687.,0,0,0
WBGene00173688.,0,0,0
WBGene00173689.,0,0,0
WBGene00173690.,0,0,0
WBGene00173691.,0,0,0
WBGene00173692.,0,0,0
WBGene00173693.,0,0,0
WBGene00173694.,0,0,0
WBGene00173695.,0,0,0
WBGene00173696.,0,0,0
WBGene00173697.,0,0,0
WBGene00173698.,0,1,1
WBGene00173699.,0,0,0
WBGene00173700.,0,0,0
WBGene00173701.,0,1,1
WBGene00173702.,0,0,0
WBGene00173703.,0,0,0
WBGene00173704.,0,0,0
WBGene00173705.,0,0,0
WBGene00173706.,0,0,0
WBGene00173707.,0,0,0
WBGene00173708.,0,0,0
WBGene00173709.,0,0,0
WBGene00173710.,0,0,0
WBGene00173711.,0,0,0
WBGene00173712.,0,0,0
WBGene00173713.,0,3,3
WBGene00173714.,0,0,0
WBGene00173715.,0,1,1
WBGene00173716.,0,0,0
WBGene00173717.,0,0,0
WBGene00173718.,0,0,0
WBGene00173719.,0,0,0
WBGene00173720.,0,0,0
WBGene00173721.,0,0,0
WBGene00173722.,0,0,0
WBGene00173723.,0,0,0
WBGene00173724.,0,0,0
WBGene00173725.,0,0,0
WBGene00173726.,0,0,0
WBGene00173727.,0,2,2
WBGene00173728.,0,3,3
WBGene00173729.,0,3,3
WBGene00173730.,0,5,5
WBGene00173731.,0,0,0
WBGene00173732.,0,0,0
WBGene00173733.,0,1,1
WBGene00173734.,0,0,0
WBGene00173735.,0,0,0
WBGene00173736.,0,0,0
WBGene00173737.,0,0,0
WBGene00173738.,0,0,0
WBGene00173739.,0,0,0
WBGene00173740.,0,0,0
WBGene00173741.,0,0,0
WBGene00173742.,0,0,0
WBGene00173743.,0,0,0
WBGene00173744.,0,0,0
WBGene00173745.,0,1,1
WBGene00173746.,0,0,0
WBGene00173747.,0,1,1
WBGene00173748.,0,0,0
WBGene00173749.,0,0,0
WBGene00173750.,0,0,0
WBGene00173751.,0,1,1
WBGene00173752.,0,0,0
WBGene00173753.,0,1,1
WBGene00173754.,0,0,0
WBGene00173755.,0,0,0
WBGene00173756.,0,0,0
WBGene00173757.,0,0,0
WBGene00173758.,0,8,8
WBGene00173759.,0,0,0
WBGene00173760.,0,0,0
WBGene00173761.,0,0,0
WBGene00173762.,0,0,0
WBGene00173763.,0,0,0
WBGene00173764.,0,0,0
WBGene00173765.,0,0,0
WBGene00173766.,0,0,0
WBGene00173767.,0,0,0
WBGene00173768.,0,2,2
WBGene00173769.,0,0,0
WBGene00173770.,0,0,0
WBGene00173771.,0,0,0
WBGene00173772.,0,0,0
WBGene00173773.,0,0,0
WBGene00173774.,0,0,0
WBGene00173775.,0,0,0
WBGene00173776.,0,0,0
WBGene00173777.,0,0,0
WBGene00173778.,0,2,2
WBGene00173779.,0,0,0
WBGene00173780.,0,0,0
WBGene00173781.,0,0,0
WBGene00173782.,0,0,0
WBGene00173783.,0,0,0
WBGene00173784.,0,1,1
WBGene00173785.,0,0,0
WBGene00173786.,0,0,0
WBGene00173787.,0,0,0
WBGene00173788.,0,0,0
WBGene00173789.,0,0,0
WBGene00173790.,0,0,0
WBGene00173791.,0,0,0
WBGene00173792.,0,0,0
WBGene00173793.,0,0,0
WBGene00173794.,0,2,2
WBGene00173795.,0,1,1
WBGene00173796.,0,0,0
WBGene00173797.,0,0,0
WBGene00173798.,0,0,0
WBGene00173799.,0,0,0
WBGene00173800.,0,0,0
WBGene00173801.,0,0,0
WBGene00173802.,0,0,0
WBGene00173803.,0,3,3
WBGene00173804.,0,1,1
WBGene00173805.,0,0,0
WBGene00173806.,0,0,0
WBGene00173807.,0,0,0
WBGene00173808.,0,0,0
WBGene00173809.,0,2,2
WBGene00173810.,0,0,0
WBGene00173811.,0,0,0
WBGene00173812.,0,0,0
WBGene00173813.,0,0,0
WBGene00173814.,0,1,1
WBGene00173815.,0,1,1
WBGene00173816.,0,0,0
WBGene00173817.,0,0,0
WBGene00173818.,0,0,0
WBGene00173819.,0,0,0
WBGene00173820.,0,0,0
WBGene00173821.,0,0,0
WBGene00173822.,0,0,0
WBGene00173823.,0,0,0
WBGene00173824.,0,0,0
WBGene00173825.,0,0,0
WBGene00173826.,0,0,0
WBGene00173827.,0,0,0
WBGene00173828.,0,0,0
WBGene00173829.,0,0,0
WBGene00173830.,0,2,2
WBGene00173831.,0,3,3
WBGene00173832.,0,1,1
WBGene00173833.,0,0,0
WBGene00173834.,0,0,0
WBGene00173835.,0,0,0
WBGene00173836.,0,0,0
WBGene00173837.,0,0,0
WBGene00173838.,0,0,0
WBGene00173839.,0,0,0
WBGene00173840.,0,2,2
WBGene00173841.,0,0,0
WBGene00173842.,0,0,0
WBGene00173843.,0,0,0
WBGene00173844.,0,0,0
WBGene00173845.,0,0,0
WBGene00173846.,0,1,1
WBGene00173847.,0,0,0
WBGene00173848.,0,0,0
WBGene00173849.,0,0,0
WBGene00173850.,0,0,0
WBGene00173851.,0,0,0
WBGene00173852.,0,1,1
WBGene00173853.,0,0,0
WBGene00173854.,0,0,0
WBGene00173855.,0,0,0
WBGene00173856.,0,0,0
WBGene00173857.,0,0,0
WBGene00173858.,0,53,53
WBGene00173859.,0,0,0
WBGene00173860.,0,0,0
WBGene00173861.,0,0,0
WBGene00173862.,0,4,4
WBGene00173863.,0,0,0
WBGene00173864.,0,0,0
WBGene00173865.,0,0,0
WBGene00173866.,0,0,0
WBGene00173867.,0,0,0
WBGene00173868.,0,0,0
WBGene00173869.,0,0,0
WBGene00173870.,0,0,0
WBGene00173871.,0,0,0
WBGene00173872.,0,0,0
WBGene00173873.,0,0,0
WBGene00173874.,0,0,0
WBGene00173875.,0,0,0
WBGene00173876.,0,0,0
WBGene00173877.,0,0,0
WBGene00173878.,0,0,0
WBGene00173879.,0,0,0
WBGene00173880.,0,0,0
WBGene00173881.,0,0,0
WBGene00173882.,0,0,0
WBGene00173883.,0,0,0
WBGene00173884.,0,0,0
WBGene00173885.,0,3,3
WBGene00173886.,0,1,1
WBGene00173887.,0,3,3
WBGene00173888.,0,0,0
WBGene00173889.,0,0,0
WBGene00173890.,0,0,0
WBGene00173891.,0,5,5
WBGene00173892.,0,0,0
WBGene00173893.,0,0,0
WBGene00173894.,0,0,0
WBGene00173895.,0,0,0
WBGene00173896.,0,0,0
WBGene00173897.,0,0,0
WBGene00173898.,0,0,0
WBGene00173899.,0,0,0
WBGene00173900.,0,0,0
WBGene00173901.,0,2,2
WBGene00173902.,0,0,0
WBGene00173903.,0,0,0
WBGene00173904.,0,1,1
WBGene00173905.,0,4,4
WBGene00173906.,0,0,0
WBGene00173907.,0,0,0
WBGene00173908.,0,0,0
WBGene00173909.,0,0,0
WBGene00173910.,0,0,0
WBGene00173911.,0,0,0
WBGene00173912.,0,0,0
WBGene00173913.,0,0,0
WBGene00173914.,0,0,0
WBGene00173915.,0,0,0
WBGene00173916.,0,1,1
WBGene00173917.,0,0,0
WBGene00173918.,0,0,0
WBGene00173919.,0,0,0
WBGene00173920.,0,0,0
WBGene00173921.,0,0,0
WBGene00173922.,0,0,0
WBGene00173923.,0,0,0
WBGene00173924.,0,0,0
WBGene00173925.,0,0,0
WBGene00173926.,0,0,0
WBGene00173927.,0,0,0
WBGene00173928.,0,0,0
WBGene00173929.,0,0,0
WBGene00173930.,0,0,0
WBGene00173931.,0,0,0
WBGene00173932.,0,0,0
WBGene00173933.,0,0,0
WBGene00173934.,0,0,0
WBGene00173935.,0,4,4
WBGene00173936.,0,0,0
WBGene00173937.,0,0,0
WBGene00173938.,0,0,0
WBGene00173939.,0,0,0
WBGene00173940.,0,0,0
WBGene00173941.,0,0,0
WBGene00173942.,0,0,0
WBGene00173943.,0,0,0
WBGene00173944.,0,1,1
WBGene00173945.,0,0,0
WBGene00173946.,0,0,0
WBGene00173947.,0,2,2
WBGene00173948.,0,0,0
WBGene00173949.,0,0,0
WBGene00173950.,0,19,19
WBGene00173951.,0,0,0
WBGene00173952.,0,1,1
WBGene00173953.,0,0,0
WBGene00173954.,0,0,0
WBGene00173955.,0,0,0
WBGene00173956.,0,0,0
WBGene00173957.,0,0,0
WBGene00173958.,0,0,0
WBGene00173959.,0,4,4
WBGene00173960.,0,5,5
WBGene00173961.,0,0,0
WBGene00173962.,0,0,0
WBGene00173963.,0,0,0
WBGene00173964.,0,0,0
WBGene00173965.,0,0,0
WBGene00173966.,0,0,0
WBGene00173967.,0,0,0
WBGene00173968.,0,0,0
WBGene00173969.,0,0,0
WBGene00173970.,0,0,0
WBGene00173971.,0,0,0
WBGene00173972.,0,0,0
WBGene00173973.,0,0,0
WBGene00173974.,0,0,0
WBGene00173975.,0,0,0
WBGene00173976.,0,0,0
WBGene00173977.,0,0,0
WBGene00173978.,0,0,0
WBGene00173979.,0,0,0
WBGene00173980.,0,7,7
WBGene00173981.,0,0,0
WBGene00173982.,0,0,0
WBGene00173983.,0,0,0
WBGene00173984.,0,0,0
WBGene00173985.,0,0,0
WBGene00173986.,0,0,0
WBGene00173987.,0,0,0
WBGene00173988.,0,0,0
WBGene00173989.,0,0,0
WBGene00173990.,0,0,0
WBGene00173991.,0,0,0
WBGene00173992.,0,0,0
WBGene00173993.,0,0,0
WBGene00173994.,0,0,0
WBGene00173995.,0,0,0
WBGene00173996.,0,0,0
WBGene00173997.,0,2,2
WBGene00173998.,0,0,0
WBGene00173999.,0,0,0
WBGene00174000.,0,0,0
WBGene00174001.,0,1,1
WBGene00174002.,0,0,0
WBGene00174003.,0,1,1
WBGene00174004.,0,0,0
WBGene00174005.,0,0,0
WBGene00174006.,0,0,0
WBGene00174007.,0,1,1
WBGene00174008.,0,0,0
WBGene00174009.,0,0,0
WBGene00174010.,0,0,0
WBGene00174011.,0,0,0
WBGene00174012.,0,0,0
WBGene00174013.,0,0,0
WBGene00174014.,0,6,6
WBGene00174015.,0,0,0
WBGene00174016.,0,0,0
WBGene00174017.,0,0,0
WBGene00174018.,0,0,0
WBGene00174019.,0,3,3
WBGene00174020.,0,0,0
WBGene00174021.,0,0,0
WBGene00174022.,0,0,0
WBGene00174023.,0,0,0
WBGene00174024.,0,0,0
WBGene00174025.,0,0,0
WBGene00174026.,0,5,5
WBGene00174027.,0,1,1
WBGene00174028.,0,3,3
WBGene00174029.,0,0,0
WBGene00174030.,0,0,0
WBGene00174031.,0,0,0
WBGene00174032.,0,0,0
WBGene00174033.,0,0,0
WBGene00174034.,0,0,0
WBGene00174035.,0,0,0
WBGene00174036.,0,0,0
WBGene00174037.,0,0,0
WBGene00174038.,0,0,0
WBGene00174039.,0,0,0
WBGene00174040.,0,0,0
WBGene00174041.,0,0,0
WBGene00174042.,0,0,0
WBGene00174043.,0,0,0
WBGene00174044.,0,9,9
WBGene00174045.,0,0,0
WBGene00174046.,0,0,0
WBGene00174047.,0,0,0
WBGene00174048.,0,0,0
WBGene00174049.,0,1,1
WBGene00174050.,0,0,0
WBGene00174051.,0,0,0
WBGene00174052.,0,0,0
WBGene00174053.,0,0,0
WBGene00174054.,0,0,0
WBGene00174055.,0,0,0
WBGene00174056.,0,0,0
WBGene00174057.,0,0,0
WBGene00174058.,0,0,0
WBGene00174059.,0,0,0
WBGene00174060.,0,0,0
WBGene00174061.,0,0,0
WBGene00174062.,0,0,0
WBGene00174063.,0,0,0
WBGene00174064.,0,0,0
WBGene00174065.,0,0,0
WBGene00174066.,0,0,0
WBGene00174067.,0,0,0
WBGene00174068.,0,0,0
WBGene00174069.,0,1,1
WBGene00174070.,0,1,1
WBGene00174071.,0,0,0
WBGene00174072.,0,1,1
WBGene00174073.,0,0,0
WBGene00174074.,0,0,0
WBGene00174075.,0,0,0
WBGene00174076.,0,0,0
WBGene00174077.,0,0,0
WBGene00174078.,0,0,0
WBGene00174079.,0,0,0
WBGene00174080.,0,0,0
WBGene00174081.,0,1,1
WBGene00174082.,0,0,0
WBGene00174083.,0,0,0
WBGene00174084.,0,3,3
WBGene00174085.,0,0,0
WBGene00174086.,0,0,0
WBGene00174087.,0,1,1
WBGene00174088.,0,0,0
WBGene00174089.,0,0,0
WBGene00174090.,0,0,0
WBGene00174091.,0,0,0
WBGene00174092.,0,0,0
WBGene00174093.,0,0,0
WBGene00174094.,0,0,0
WBGene00174095.,0,0,0
WBGene00174096.,0,0,0
WBGene00174097.,0,0,0
WBGene00174098.,0,0,0
WBGene00174099.,0,0,0
WBGene00174100.,0,0,0
WBGene00174101.,0,0,0
WBGene00174102.,0,0,0
WBGene00174103.,0,0,0
WBGene00174104.,0,8,8
WBGene00174105.,0,0,0
WBGene00174106.,0,0,0
WBGene00174107.,0,0,0
WBGene00174108.,0,0,0
WBGene00174109.,0,0,0
WBGene00174110.,0,0,0
WBGene00174111.,0,0,0
WBGene00174112.,0,0,0
WBGene00174113.,0,0,0
WBGene00174114.,0,0,0
WBGene00174115.,0,1,1
WBGene00174116.,0,1,1
WBGene00174117.,0,0,0
WBGene00174118.,0,0,0
WBGene00174119.,0,8,8
WBGene00174120.,0,0,0
WBGene00174121.,0,0,0
WBGene00174122.,0,1,1
WBGene00174123.,0,0,0
WBGene00174124.,0,0,0
WBGene00174125.,0,0,0
WBGene00174126.,0,0,0
WBGene00174127.,0,2,2
WBGene00174128.,0,14,14
WBGene00174129.,0,0,0
WBGene00174130.,0,0,0
WBGene00174131.,0,1,1
WBGene00174132.,0,0,0
WBGene00174133.,0,0,0
WBGene00174134.,0,3,3
WBGene00174135.,0,0,0
WBGene00174136.,0,0,0
WBGene00174137.,0,0,0
WBGene00174138.,0,0,0
WBGene00174139.,0,0,0
WBGene00174140.,0,0,0
WBGene00174141.,0,0,0
WBGene00174142.,0,0,0
WBGene00174143.,0,0,0
WBGene00174144.,0,1,1
WBGene00174145.,0,0,0
WBGene00174146.,0,0,0
WBGene00174147.,0,0,0
WBGene00174148.,0,0,0
WBGene00174149.,0,0,0
WBGene00174150.,0,0,0
WBGene00174151.,0,0,0
WBGene00174152.,0,2,2
WBGene00174153.,0,0,0
WBGene00174154.,0,0,0
WBGene00174155.,0,0,0
WBGene00174156.,0,0,0
WBGene00174157.,0,0,0
WBGene00174158.,0,1,1
WBGene00174159.,0,0,0
WBGene00174160.,0,0,0
WBGene00174161.,0,1,1
WBGene00174162.,0,0,0
WBGene00174163.,0,0,0
WBGene00174164.,0,0,0
WBGene00174165.,0,0,0
WBGene00174166.,0,0,0
WBGene00174167.,0,0,0
WBGene00174168.,0,3,3
WBGene00174169.,0,0,0
WBGene00174170.,0,1,1
WBGene00174171.,0,0,0
WBGene00174172.,0,0,0
WBGene00174173.,0,0,0
WBGene00174174.,0,0,0
WBGene00174175.,0,0,0
WBGene00174176.,0,0,0
WBGene00174177.,0,0,0
WBGene00174178.,0,1,1
WBGene00174179.,0,0,0
WBGene00174180.,0,0,0
WBGene00174181.,0,0,0
WBGene00174182.,0,0,0
WBGene00174183.,0,0,0
WBGene00174184.,0,3,3
WBGene00174185.,0,2,2
WBGene00174186.,0,4,4
WBGene00174187.,0,0,0
WBGene00174188.,0,0,0
WBGene00174189.,0,0,0
WBGene00174190.,0,3,3
WBGene00174191.,0,0,0
WBGene00174192.,0,0,0
WBGene00174193.,0,1,1
WBGene00174194.,0,0,0
WBGene00174195.,0,0,0
WBGene00174196.,0,0,0
WBGene00174197.,0,0,0
WBGene00174198.,0,0,0
WBGene00174199.,0,0,0
WBGene00174200.,0,0,0
WBGene00174201.,0,0,0
WBGene00174202.,0,7,7
WBGene00174203.,0,0,0
WBGene00174204.,0,0,0
WBGene00174205.,0,0,0
WBGene00174206.,0,0,0
WBGene00174207.,0,0,0
WBGene00174208.,0,0,0
WBGene00174209.,0,0,0
WBGene00174210.,0,0,0
WBGene00174211.,0,0,0
WBGene00174212.,0,6,6
WBGene00174213.,0,0,0
WBGene00174214.,0,0,0
WBGene00174215.,0,0,0
WBGene00174216.,0,2,2
WBGene00174217.,0,0,0
WBGene00174218.,0,0,0
WBGene00174219.,0,0,0
WBGene00174220.,0,0,0
WBGene00174221.,0,0,0
WBGene00174222.,0,3,3
WBGene00174223.,0,0,0
WBGene00174224.,0,0,0
WBGene00174225.,0,0,0
WBGene00174226.,0,0,0
WBGene00174227.,0,0,0
WBGene00174228.,0,0,0
WBGene00174229.,0,0,0
WBGene00174230.,0,2,2
WBGene00174231.,0,0,0
WBGene00174232.,0,0,0
WBGene00174233.,0,0,0
WBGene00174234.,0,1,1
WBGene00174235.,0,0,0
WBGene00174236.,0,0,0
WBGene00174237.,0,1,1
WBGene00174238.,0,0,0
WBGene00174239.,0,0,0
WBGene00174240.,0,0,0
WBGene00174241.,0,0,0
WBGene00174242.,0,2,2
WBGene00174243.,0,0,0
WBGene00174244.,0,2,2
WBGene00174245.,0,0,0
WBGene00174246.,0,0,0
WBGene00174247.,0,0,0
WBGene00174248.,0,6,6
WBGene00174249.,0,0,0
WBGene00174250.,0,0,0
WBGene00174251.,0,0,0
WBGene00174252.,0,0,0
WBGene00174253.,0,0,0
WBGene00174254.,0,1,1
WBGene00174255.,0,0,0
WBGene00174256.,0,0,0
WBGene00174257.,0,0,0
WBGene00174258.,0,0,0
WBGene00174259.,0,0,0
WBGene00174260.,0,0,0
WBGene00174261.,0,0,0
WBGene00174262.,0,0,0
WBGene00174263.,0,0,0
WBGene00174264.,0,0,0
WBGene00174265.,0,23,23
WBGene00174266.,0,0,0
WBGene00174267.,0,0,0
WBGene00174268.,0,0,0
WBGene00174269.,0,0,0
WBGene00174270.,0,0,0
WBGene00174271.,0,0,0
WBGene00174272.,0,0,0
WBGene00174273.,0,0,0
WBGene00174274.,0,1,1
WBGene00174275.,0,0,0
WBGene00174276.,0,0,0
WBGene00174277.,0,0,0
WBGene00174278.,0,0,0
WBGene00174279.,0,0,0
WBGene00174280.,0,0,0
WBGene00174281.,0,2,2
WBGene00174282.,0,0,0
WBGene00174283.,0,3,3
WBGene00174284.,0,0,0
WBGene00174285.,0,0,0
WBGene00174286.,0,0,0
WBGene00174287.,0,0,0
WBGene00174288.,0,0,0
WBGene00174289.,0,0,0
WBGene00174290.,0,0,0
WBGene00174291.,0,0,0
WBGene00174292.,0,0,0
WBGene00174293.,0,12,12
WBGene00174294.,0,0,0
WBGene00174295.,0,0,0
WBGene00174296.,0,0,0
WBGene00174297.,0,4,4
WBGene00174298.,0,0,0
WBGene00174299.,0,0,0
WBGene00174300.,0,1,1
WBGene00174301.,0,0,0
WBGene00174302.,0,0,0
WBGene00174303.,0,0,0
WBGene00174304.,0,0,0
WBGene00174305.,0,0,0
WBGene00174306.,0,0,0
WBGene00174307.,0,0,0
WBGene00174308.,0,0,0
WBGene00174309.,0,1,1
WBGene00174310.,0,0,0
WBGene00174311.,0,7,7
WBGene00174312.,0,1,1
WBGene00174313.,0,1,1
WBGene00174314.,0,1,1
WBGene00174315.,0,0,0
WBGene00174316.,0,0,0
WBGene00174317.,0,3,3
WBGene00174318.,0,9,9
WBGene00174319.,0,0,0
WBGene00174320.,0,0,0
WBGene00174321.,0,0,0
WBGene00174322.,0,1,1
WBGene00174323.,0,0,0
WBGene00174324.,0,0,0
WBGene00174325.,0,2,2
WBGene00174326.,0,0,0
WBGene00174327.,0,0,0
WBGene00174328.,0,0,0
WBGene00174329.,0,0,0
WBGene00174330.,0,2,2
WBGene00174331.,0,0,0
WBGene00174332.,0,0,0
WBGene00174333.,0,1,1
WBGene00174334.,0,0,0
WBGene00174335.,0,0,0
WBGene00174336.,0,0,0
WBGene00174337.,0,0,0
WBGene00174338.,0,0,0
WBGene00174339.,0,0,0
WBGene00174340.,0,0,0
WBGene00174341.,0,1,1
WBGene00174342.,0,0,0
WBGene00174343.,0,0,0
WBGene00174344.,0,0,0
WBGene00174345.,0,0,0
WBGene00174346.,0,0,0
WBGene00174347.,0,0,0
WBGene00174348.,0,1,1
WBGene00174349.,0,0,0
WBGene00174350.,0,0,0
WBGene00174351.,0,1,1
WBGene00174352.,0,6,6
WBGene00174353.,0,0,0
WBGene00174354.,0,2,2
WBGene00174355.,0,0,0
WBGene00174356.,0,0,0
WBGene00174357.,0,0,0
WBGene00174358.,0,0,0
WBGene00174359.,0,0,0
WBGene00174360.,0,12,12
WBGene00174361.,0,0,0
WBGene00174362.,0,1,1
WBGene00174363.,0,0,0
WBGene00174364.,0,0,0
WBGene00174365.,0,0,0
WBGene00174366.,0,0,0
WBGene00174367.,0,0,0
WBGene00174368.,0,0,0
WBGene00174369.,0,0,0
WBGene00174370.,0,0,0
WBGene00174371.,0,0,0
WBGene00174372.,0,0,0
WBGene00174373.,0,0,0
WBGene00174374.,0,0,0
WBGene00174375.,0,0,0
WBGene00174376.,0,1,1
WBGene00174377.,0,3,3
WBGene00174378.,0,1,1
WBGene00174379.,0,0,0
WBGene00174380.,0,1,1
WBGene00174381.,0,0,0
WBGene00174382.,0,1,1
WBGene00174383.,0,0,0
WBGene00174384.,0,1,1
WBGene00174385.,0,0,0
WBGene00174386.,0,0,0
WBGene00174387.,0,0,0
WBGene00174388.,0,0,0
WBGene00174389.,0,0,0
WBGene00174390.,0,0,0
WBGene00174391.,0,1,1
WBGene00174392.,0,0,0
WBGene00174393.,0,0,0
WBGene00174394.,0,0,0
WBGene00174395.,0,0,0
WBGene00174396.,0,0,0
WBGene00174397.,0,1,1
WBGene00174398.,0,0,0
WBGene00174399.,0,0,0
WBGene00174400.,0,0,0
WBGene00174401.,0,0,0
WBGene00174402.,0,0,0
WBGene00174403.,0,0,0
WBGene00174404.,0,0,0
WBGene00174405.,0,0,0
WBGene00174406.,0,44,44
WBGene00174407.,0,0,0
WBGene00174408.,0,0,0
WBGene00174409.,0,10,10
WBGene00174410.,0,2,2
WBGene00174411.,0,1,1
WBGene00174412.,0,2,2
WBGene00174413.,0,0,0
WBGene00174414.,0,0,0
WBGene00174415.,0,0,0
WBGene00174416.,0,0,0
WBGene00174417.,0,0,0
WBGene00174418.,0,0,0
WBGene00174419.,0,0,0
WBGene00174420.,0,0,0
WBGene00174421.,0,0,0
WBGene00174422.,0,0,0
WBGene00174423.,0,0,0
WBGene00174424.,0,0,0
WBGene00174425.,0,0,0
WBGene00174426.,0,2,2
WBGene00174427.,0,0,0
WBGene00174428.,0,0,0
WBGene00174429.,0,3,3
WBGene00174430.,0,0,0
WBGene00174431.,0,0,0
WBGene00174432.,0,0,0
WBGene00174433.,0,0,0
WBGene00174434.,0,0,0
WBGene00174435.,0,2,2
WBGene00174436.,0,0,0
WBGene00174437.,0,1,1
WBGene00174438.,0,0,0
WBGene00174439.,0,0,0
WBGene00174440.,0,17,17
WBGene00174441.,0,0,0
WBGene00174442.,0,0,0
WBGene00174443.,0,0,0
WBGene00174444.,0,0,0
WBGene00174445.,0,0,0
WBGene00174446.,0,0,0
WBGene00174447.,0,0,0
WBGene00174448.,0,0,0
WBGene00174449.,0,0,0
WBGene00174450.,0,0,0
WBGene00174451.,0,0,0
WBGene00174452.,0,0,0
WBGene00174453.,0,16,16
WBGene00174454.,0,0,0
WBGene00174455.,0,0,0
WBGene00174456.,0,0,0
WBGene00174457.,0,0,0
WBGene00174458.,0,0,0
WBGene00174459.,0,0,0
WBGene00174460.,0,0,0
WBGene00174461.,0,0,0
WBGene00174462.,0,0,0
WBGene00174463.,0,1,1
WBGene00174464.,0,0,0
WBGene00174465.,0,0,0
WBGene00174466.,0,0,0
WBGene00174467.,0,0,0
WBGene00174468.,0,0,0
WBGene00174469.,0,0,0
WBGene00174470.,0,0,0
WBGene00174471.,0,0,0
WBGene00174472.,0,0,0
WBGene00174473.,0,0,0
WBGene00174474.,0,0,0
WBGene00174475.,0,3,3
WBGene00174476.,0,0,0
WBGene00174477.,0,0,0
WBGene00174478.,0,1,1
WBGene00174479.,0,0,0
WBGene00174480.,0,0,0
WBGene00174481.,0,0,0
WBGene00174482.,0,0,0
WBGene00174483.,0,0,0
WBGene00174484.,0,0,0
WBGene00174485.,0,5,5
WBGene00174486.,0,0,0
WBGene00174487.,0,1,1
WBGene00174488.,0,0,0
WBGene00174489.,0,0,0
WBGene00174490.,0,0,0
WBGene00174491.,0,0,0
WBGene00174492.,0,0,0
WBGene00174493.,0,0,0
WBGene00174494.,0,0,0
WBGene00174495.,0,0,0
WBGene00174496.,0,4,4
WBGene00174497.,0,4,4
WBGene00174498.,0,0,0
WBGene00174499.,0,1,1
WBGene00174500.,0,1,1
WBGene00174501.,0,0,0
WBGene00174502.,0,0,0
WBGene00174503.,0,0,0
WBGene00174504.,0,0,0
WBGene00174505.,0,1,1
WBGene00174506.,0,0,0
WBGene00174507.,0,0,0
WBGene00174508.,0,0,0
WBGene00174509.,0,0,0
WBGene00174510.,0,0,0
WBGene00174511.,0,0,0
WBGene00174512.,0,8,8
WBGene00174513.,0,1,1
WBGene00174514.,0,1,1
WBGene00174515.,0,0,0
WBGene00174516.,0,0,0
WBGene00174517.,0,0,0
WBGene00174518.,0,0,0
WBGene00174519.,0,1,1
WBGene00174520.,0,0,0
WBGene00174521.,0,0,0
WBGene00174522.,0,0,0
WBGene00174523.,0,1,1
WBGene00174524.,0,0,0
WBGene00174525.,0,0,0
WBGene00174526.,0,0,0
WBGene00174527.,0,1,1
WBGene00174528.,0,0,0
WBGene00174529.,0,3,3
WBGene00174530.,0,0,0
WBGene00174531.,0,1,1
WBGene00174532.,0,0,0
WBGene00174533.,0,0,0
WBGene00174534.,0,0,0
WBGene00174535.,0,0,0
WBGene00174536.,0,0,0
WBGene00174537.,0,1,1
WBGene00174538.,0,0,0
WBGene00174539.,0,0,0
WBGene00174540.,0,0,0
WBGene00174541.,0,0,0
WBGene00174542.,0,0,0
WBGene00174543.,0,0,0
WBGene00174544.,0,1,1
WBGene00174545.,0,0,0
WBGene00174546.,0,0,0
WBGene00174547.,0,0,0
WBGene00174548.,0,0,0
WBGene00174549.,0,0,0
WBGene00174550.,0,0,0
WBGene00174551.,0,1,1
WBGene00174552.,0,1,1
WBGene00174553.,0,0,0
WBGene00174554.,0,0,0
WBGene00174555.,0,0,0
WBGene00174556.,0,1,1
WBGene00174557.,0,2,2
WBGene00174558.,0,0,0
WBGene00174559.,0,7,7
WBGene00174560.,0,4,4
WBGene00174561.,0,0,0
WBGene00174562.,0,0,0
WBGene00174563.,0,0,0
WBGene00174564.,0,0,0
WBGene00174565.,0,1,1
WBGene00174566.,0,0,0
WBGene00174567.,0,0,0
WBGene00174568.,0,0,0
WBGene00174569.,0,0,0
WBGene00174570.,0,0,0
WBGene00174571.,0,0,0
WBGene00174572.,0,0,0
WBGene00174573.,0,0,0
WBGene00174574.,0,0,0
WBGene00174575.,0,0,0
WBGene00174576.,0,0,0
WBGene00174577.,0,2,2
WBGene00174578.,0,0,0
WBGene00174579.,0,1,1
WBGene00174580.,0,0,0
WBGene00174581.,0,0,0
WBGene00174582.,0,0,0
WBGene00174583.,0,0,0
WBGene00174584.,0,0,0
WBGene00174585.,0,0,0
WBGene00174586.,0,0,0
WBGene00174587.,0,0,0
WBGene00174588.,0,0,0
WBGene00174589.,0,0,0
WBGene00174590.,0,0,0
WBGene00174591.,0,0,0
WBGene00174592.,0,0,0
WBGene00174593.,0,0,0
WBGene00174594.,0,0,0
WBGene00174595.,0,1,1
WBGene00174596.,0,0,0
WBGene00174597.,0,0,0
WBGene00174598.,0,0,0
WBGene00174599.,0,0,0
WBGene00174600.,0,0,0
WBGene00174601.,0,0,0
WBGene00174602.,0,5,5
WBGene00174603.,0,0,0
WBGene00174604.,0,1,1
WBGene00174605.,0,0,0
WBGene00174606.,0,0,0
WBGene00174607.,0,4,4
WBGene00174608.,0,0,0
WBGene00174609.,0,0,0
WBGene00174610.,0,0,0
WBGene00174611.,0,0,0
WBGene00174612.,0,0,0
WBGene00174613.,0,0,0
WBGene00174614.,0,0,0
WBGene00174615.,0,1,1
WBGene00174616.,0,0,0
WBGene00174617.,0,0,0
WBGene00174618.,0,0,0
WBGene00174619.,0,0,0
WBGene00174620.,0,0,0
WBGene00174621.,0,0,0
WBGene00174622.,0,0,0
WBGene00174623.,0,0,0
WBGene00174624.,0,0,0
WBGene00174625.,0,0,0
WBGene00174626.,0,0,0
WBGene00174627.,0,0,0
WBGene00174628.,0,0,0
WBGene00174629.,0,0,0
WBGene00174630.,0,1,1
WBGene00174631.,0,6,6
WBGene00174632.,0,0,0
WBGene00174633.,0,0,0
WBGene00174634.,0,2,2
WBGene00174635.,0,0,0
WBGene00174636.,0,0,0
WBGene00174637.,0,0,0
WBGene00174638.,0,1,1
WBGene00174639.,0,0,0
WBGene00174640.,0,0,0
WBGene00174641.,0,0,0
WBGene00174642.,0,0,0
WBGene00174643.,0,0,0
WBGene00174644.,0,0,0
WBGene00174645.,0,0,0
WBGene00174646.,0,0,0
WBGene00174647.,0,0,0
WBGene00174648.,0,0,0
WBGene00174649.,0,0,0
WBGene00174650.,0,0,0
WBGene00174651.,0,0,0
WBGene00174652.,0,0,0
WBGene00174653.,0,11,11
WBGene00174654.,0,0,0
WBGene00174655.,0,1,1
WBGene00174656.,0,0,0
WBGene00174657.,0,0,0
WBGene00174658.,0,0,0
WBGene00174659.,0,0,0
WBGene00174660.,0,0,0
WBGene00174661.,0,0,0
WBGene00174662.,0,0,0
WBGene00174663.,0,0,0
WBGene00174664.,0,0,0
WBGene00174665.,0,0,0
WBGene00174666.,0,0,0
WBGene00174667.,0,0,0
WBGene00174668.,0,0,0
WBGene00174669.,0,0,0
WBGene00174670.,0,0,0
WBGene00174671.,0,0,0
WBGene00174672.,0,0,0
WBGene00174673.,0,39,39
WBGene00174674.,0,0,0
WBGene00174675.,0,0,0
WBGene00174676.,0,6,6
WBGene00174677.,0,2,2
WBGene00174678.,0,0,0
WBGene00174679.,0,1,1
WBGene00174680.,0,1,1
WBGene00174681.,0,0,0
WBGene00174682.,0,0,0
WBGene00174683.,0,0,0
WBGene00174684.,0,0,0
WBGene00174685.,0,0,0
WBGene00174686.,0,0,0
WBGene00174687.,0,0,0
WBGene00174688.,0,0,0
WBGene00174689.,0,0,0
WBGene00174690.,0,0,0
WBGene00174691.,0,0,0
WBGene00174692.,0,10,10
WBGene00174693.,0,0,0
WBGene00174694.,0,0,0
WBGene00174695.,0,3,3
WBGene00174696.,0,0,0
WBGene00174697.,0,1,1
WBGene00174698.,0,0,0
WBGene00174699.,0,0,0
WBGene00174700.,0,0,0
WBGene00174701.,0,1,1
WBGene00174702.,0,0,0
WBGene00174703.,0,0,0
WBGene00174704.,0,0,0
WBGene00174705.,0,0,0
WBGene00174706.,0,0,0
WBGene00174707.,0,2,2
WBGene00174708.,0,0,0
WBGene00174709.,0,0,0
WBGene00174710.,0,15,15
WBGene00174711.,0,0,0
WBGene00174712.,0,2,2
WBGene00174713.,0,0,0
WBGene00174714.,0,0,0
WBGene00174715.,0,1,1
WBGene00174716.,0,0,0
WBGene00174717.,0,0,0
WBGene00174718.,0,0,0
WBGene00174719.,0,1,1
WBGene00174720.,0,0,0
WBGene00174721.,0,6,6
WBGene00174722.,0,0,0
WBGene00174723.,0,0,0
WBGene00174724.,0,0,0
WBGene00174725.,0,0,0
WBGene00174726.,0,3,3
WBGene00174727.,0,0,0
WBGene00174728.,0,0,0
WBGene00174729.,0,0,0
WBGene00174730.,0,0,0
WBGene00174731.,0,1,1
WBGene00174732.,0,0,0
WBGene00174733.,0,0,0
WBGene00174734.,0,0,0
WBGene00174735.,0,1,1
WBGene00174736.,0,0,0
WBGene00174737.,0,0,0
WBGene00174738.,0,0,0
WBGene00174739.,0,2,2
WBGene00174740.,0,0,0
WBGene00174741.,0,16,16
WBGene00174742.,0,1,1
WBGene00174743.,0,0,0
WBGene00174744.,0,0,0
WBGene00174745.,0,0,0
WBGene00174746.,0,1,1
WBGene00174747.,0,0,0
WBGene00174748.,0,0,0
WBGene00174749.,0,0,0
WBGene00174750.,0,0,0
WBGene00174751.,0,0,0
WBGene00174752.,0,0,0
WBGene00174753.,0,0,0
WBGene00174754.,0,0,0
WBGene00174755.,0,0,0
WBGene00174756.,0,0,0
WBGene00174757.,0,0,0
WBGene00174758.,0,1,1
WBGene00174759.,0,0,0
WBGene00174760.,0,0,0
WBGene00174761.,0,0,0
WBGene00174762.,0,0,0
WBGene00174763.,0,0,0
WBGene00174764.,0,0,0
WBGene00174765.,0,0,0
WBGene00174766.,0,0,0
WBGene00174767.,0,0,0
WBGene00174768.,0,5,5
WBGene00174769.,0,0,0
WBGene00174770.,0,0,0
WBGene00174771.,0,0,0
WBGene00174772.,0,0,0
WBGene00174773.,0,0,0
WBGene00174774.,0,0,0
WBGene00174775.,0,0,0
WBGene00174776.,0,0,0
WBGene00174777.,0,0,0
WBGene00174778.,0,0,0
WBGene00174779.,0,1,1
WBGene00174780.,0,0,0
WBGene00174781.,0,0,0
WBGene00174782.,0,0,0
WBGene00174783.,0,0,0
WBGene00174784.,0,1,1
WBGene00174785.,0,0,0
WBGene00174786.,0,1,1
WBGene00174787.,0,0,0
WBGene00174788.,0,0,0
WBGene00174789.,0,0,0
WBGene00174790.,0,0,0
WBGene00174791.,0,0,0
WBGene00174792.,0,0,0
WBGene00174793.,0,0,0
WBGene00174794.,0,0,0
WBGene00174795.,0,0,0
WBGene00174796.,0,0,0
WBGene00174797.,0,0,0
WBGene00174798.,0,1,1
WBGene00174799.,0,0,0
WBGene00174800.,0,0,0
WBGene00174801.,0,0,0
WBGene00174802.,0,0,0
WBGene00174803.,0,0,0
WBGene00174804.,0,0,0
WBGene00174805.,0,0,0
WBGene00174806.,0,0,0
WBGene00174807.,0,0,0
WBGene00174808.,0,3,3
WBGene00174809.,0,0,0
WBGene00174810.,0,1,1
WBGene00174811.,0,1,1
WBGene00174812.,0,0,0
WBGene00174813.,0,1,1
WBGene00174814.,0,0,0
WBGene00174815.,0,0,0
WBGene00174816.,0,0,0
WBGene00174817.,0,1,1
WBGene00174818.,0,0,0
WBGene00174819.,0,0,0
WBGene00174820.,0,0,0
WBGene00174821.,0,5,5
WBGene00174822.,0,0,0
WBGene00174823.,0,1,1
WBGene00174824.,0,0,0
WBGene00174825.,0,0,0
WBGene00174826.,0,0,0
WBGene00174827.,0,0,0
WBGene00174828.,0,0,0
WBGene00174829.,0,0,0
WBGene00174830.,0,0,0
WBGene00174831.,0,0,0
WBGene00174832.,0,0,0
WBGene00174833.,0,14,14
WBGene00174834.,0,0,0
WBGene00174835.,0,0,0
WBGene00174836.,0,0,0
WBGene00174837.,0,0,0
WBGene00174838.,0,2,2
WBGene00174839.,0,0,0
WBGene00174840.,0,0,0
WBGene00174841.,0,0,0
WBGene00174842.,0,0,0
WBGene00174843.,0,0,0
WBGene00174844.,0,0,0
WBGene00174845.,0,0,0
WBGene00174846.,0,0,0
WBGene00174847.,0,0,0
WBGene00174848.,0,0,0
WBGene00174849.,0,0,0
WBGene00174850.,0,1,1
WBGene00174851.,0,0,0
WBGene00174852.,0,0,0
WBGene00174853.,0,0,0
WBGene00174854.,0,0,0
WBGene00174855.,0,0,0
WBGene00174856.,0,0,0
WBGene00174857.,0,2,2
WBGene00174858.,0,0,0
WBGene00174859.,0,0,0
WBGene00174860.,0,0,0
WBGene00174861.,0,0,0
WBGene00174862.,0,0,0
WBGene00174863.,0,0,0
WBGene00174864.,0,0,0
WBGene00174865.,0,0,0
WBGene00174866.,0,0,0
WBGene00174867.,0,0,0
WBGene00174868.,0,0,0
WBGene00174869.,0,0,0
WBGene00174870.,0,0,0
WBGene00174871.,0,0,0
WBGene00174872.,0,4,4
WBGene00174873.,0,0,0
WBGene00174874.,0,3,3
WBGene00174875.,0,0,0
WBGene00174876.,0,0,0
WBGene00174877.,0,0,0
WBGene00174878.,0,0,0
WBGene00174879.,0,0,0
WBGene00174880.,0,1,1
WBGene00174881.,0,0,0
WBGene00174882.,0,0,0
WBGene00174883.,0,1,1
WBGene00174884.,0,2,2
WBGene00174885.,0,0,0
WBGene00174886.,0,3,3
WBGene00174887.,0,0,0
WBGene00174888.,0,0,0
WBGene00174889.,0,0,0
WBGene00174890.,0,0,0
WBGene00174891.,0,6,6
WBGene00174892.,0,0,0
WBGene00174893.,0,0,0
WBGene00174894.,0,0,0
WBGene00174895.,0,4,4
WBGene00174896.,0,0,0
WBGene00174897.,0,0,0
WBGene00174898.,0,1,1
WBGene00174899.,0,0,0
WBGene00174900.,0,8,8
WBGene00174901.,0,1,1
WBGene00174902.,0,1,1
WBGene00174903.,0,0,0
WBGene00174904.,0,1,1
WBGene00174905.,0,0,0
WBGene00174906.,0,0,0
WBGene00174907.,0,0,0
WBGene00174908.,0,0,0
WBGene00174909.,0,0,0
WBGene00174910.,0,1,1
WBGene00174911.,0,0,0
WBGene00174912.,0,1,1
WBGene00174913.,0,0,0
WBGene00174914.,0,0,0
WBGene00174915.,0,0,0
WBGene00174916.,0,0,0
WBGene00174917.,0,0,0
WBGene00174918.,0,0,0
WBGene00174919.,0,0,0
WBGene00174920.,0,0,0
WBGene00174921.,0,1,1
WBGene00174922.,0,0,0
WBGene00174923.,0,0,0
WBGene00174924.,0,0,0
WBGene00174925.,0,0,0
WBGene00174926.,0,0,0
WBGene00174927.,0,0,0
WBGene00174928.,0,0,0
WBGene00174929.,0,0,0
WBGene00174930.,0,0,0
WBGene00174931.,0,7,7
WBGene00174932.,0,0,0
WBGene00174933.,0,0,0
WBGene00174934.,0,0,0
WBGene00174935.,0,0,0
WBGene00174936.,0,0,0
WBGene00174937.,0,6,6
WBGene00174938.,0,8,8
WBGene00174939.,0,0,0
WBGene00174940.,0,0,0
WBGene00174941.,0,0,0
WBGene00174942.,0,0,0
WBGene00174943.,0,0,0
WBGene00174944.,0,0,0
WBGene00174945.,0,0,0
WBGene00174946.,0,0,0
WBGene00174947.,0,0,0
WBGene00174948.,0,0,0
WBGene00174949.,0,0,0
WBGene00174950.,0,0,0
WBGene00174951.,0,0,0
WBGene00174952.,0,0,0
WBGene00174953.,0,1,1
WBGene00174954.,0,0,0
WBGene00174955.,0,6,6
WBGene00174956.,0,0,0
WBGene00174957.,0,0,0
WBGene00174958.,0,0,0
WBGene00174959.,0,0,0
WBGene00174960.,0,0,0
WBGene00174961.,0,0,0
WBGene00174962.,0,0,0
WBGene00174963.,0,0,0
WBGene00174964.,0,1,1
WBGene00174965.,0,0,0
WBGene00174966.,0,0,0
WBGene00174967.,0,0,0
WBGene00174968.,0,0,0
WBGene00174969.,0,0,0
WBGene00174970.,0,0,0
WBGene00174971.,0,16,16
WBGene00174972.,0,2,2
WBGene00174973.,0,0,0
WBGene00174974.,0,0,0
WBGene00174975.,0,0,0
WBGene00174976.,0,0,0
WBGene00174977.,0,0,0
WBGene00174978.,0,0,0
WBGene00174979.,0,0,0
WBGene00174980.,0,1,1
WBGene00174981.,0,0,0
WBGene00174982.,0,2,2
WBGene00174983.,0,0,0
WBGene00174984.,0,0,0
WBGene00174985.,0,0,0
WBGene00174986.,0,0,0
WBGene00174987.,0,0,0
WBGene00174988.,0,6,6
WBGene00174989.,0,0,0
WBGene00174990.,0,0,0
WBGene00174991.,0,0,0
WBGene00174992.,0,0,0
WBGene00174993.,0,0,0
WBGene00174994.,0,0,0
WBGene00174995.,0,0,0
WBGene00174996.,0,0,0
WBGene00174997.,0,2,2
WBGene00174998.,0,0,0
WBGene00174999.,0,0,0
WBGene00175000.,0,1,1
WBGene00175001.,0,0,0
WBGene00175002.,0,1,1
WBGene00175003.,0,0,0
WBGene00175004.,0,0,0
WBGene00175005.,0,8,8
WBGene00175006.,0,3,3
WBGene00175007.,0,0,0
WBGene00175008.,0,0,0
WBGene00175009.,0,0,0
WBGene00175010.,0,1,1
WBGene00175011.,0,0,0
WBGene00175012.,0,0,0
WBGene00175013.,0,0,0
WBGene00175014.,0,0,0
WBGene00175015.,0,0,0
WBGene00175016.,0,0,0
WBGene00175017.,0,0,0
WBGene00175018.,0,0,0
WBGene00175019.,0,0,0
WBGene00175020.,0,0,0
WBGene00175021.,0,0,0
WBGene00175022.,0,0,0
WBGene00175023.,0,1,1
WBGene00175024.,0,0,0
WBGene00175025.,0,1,1
WBGene00175027.,59,167,226
WBGene00175028.,2,5,7
WBGene00175029.,71,332,403
WBGene00175030.,13,680,693
WBGene00175031.,2,1,3
WBGene00175034.,26,352,378
WBGene00175035.,66,397,463
WBGene00175036.,0,14,14
WBGene00184956.,6,5,11
WBGene00184990.,8,131,139
WBGene00185001.,95,752,847
WBGene00185002.,36,120,156
WBGene00185005.,4,345,349
WBGene00185006.,2,2,4
WBGene00185014.,69,321,390
WBGene00185048.,100,1295,1395
WBGene00185055.,2,10,12
WBGene00185067.,0,2,2
WBGene00185076.,127,588,715
WBGene00185077.,2,42,44
WBGene00185078.,535,185,720
WBGene00185079.,73,852,925
WBGene00185086.,7,98,105
WBGene00185088.,5,235,240
WBGene00185089.,2,50,52
WBGene00185092.,3,12,15
WBGene00185093.,0,1,1
WBGene00185095.,2,20,22
WBGene00185096.,0,2,2
WBGene00185097.,2,1,3
WBGene00185098.,36,308,344
WBGene00185100.,3,2,5
WBGene00185101.,5,9,14
WBGene00185102.,37,507,544
WBGene00185116.,0,1,1
WBGene00185117.,19,91,110
WBGene00185118.,599,1651,2250
WBGene00185119.,2,1,3
WBGene00189930.,0,0,0
WBGene00189931.,0,0,0
WBGene00189932.,0,0,0
WBGene00189933.,9,29,38
WBGene00189937.,0,4,4
WBGene00189943.,3,0,3
WBGene00189944.,20,39,59
WBGene00189946.,0,0,0
WBGene00189947.,4,2,6
WBGene00189948.,0,22,22
WBGene00189949.,12,13,25
WBGene00189950.,7,4,11
WBGene00189951.,42,205,247
WBGene00189952.,13,67,80
WBGene00189953.,0,0,0
WBGene00189954.,2,1,3
WBGene00189955.,0,0,0
WBGene00189956.,15,13,28
WBGene00189957.,9,18,27
WBGene00189958.,22,952,974
WBGene00189961.,7,9,16
WBGene00189964.,0,0,0
WBGene00189966.,0,1,1
WBGene00189967.,0,0,0
WBGene00189968.,0,0,0
WBGene00189969.,0,0,0
WBGene00189970.,0,0,0
WBGene00189971.,0,0,0
WBGene00189972.,0,0,0
WBGene00189973.,0,0,0
WBGene00189974.,0,0,0
WBGene00189975.,0,0,0
WBGene00189976.,0,0,0
WBGene00189977.,0,0,0
WBGene00189978.,0,0,0
WBGene00189979.,0,0,0
WBGene00189980.,0,0,0
WBGene00189981.,0,0,0
WBGene00189982.,0,0,0
WBGene00189983.,0,0,0
WBGene00189984.,0,0,0
WBGene00189985.,0,0,0
WBGene00189986.,0,1,1
WBGene00189987.,8,5,13
WBGene00189993.,0,2,2
WBGene00189995.,1,0,1
WBGene00194641.,252,1374,1626
WBGene00194642.,95,542,637
WBGene00194643.,24,23,47
WBGene00194644.,34,76,110
WBGene00194645.,2,2,4
WBGene00194646.,0,1,1
WBGene00194647.,1,1,2
WBGene00194649.,1,49,50
WBGene00194650.,9,14,23
WBGene00194651.,81,849,930
WBGene00194652.,5,7,12
WBGene00194653.,4,2,6
WBGene00194654.,2,5,7
WBGene00194656.,0,2,2
WBGene00194657.,38,280,318
WBGene00194658.,43,716,759
WBGene00194659.,10,45,55
WBGene00194660.,0,21,21
WBGene00194661.,3,6,9
WBGene00194663.,0,15,15
WBGene00194664.,8,103,111
WBGene00194665.,24,14,38
WBGene00194666.,1,3,4
WBGene00194667.,28,112,140
WBGene00194668.,0,0,0
WBGene00194669.,14,15,29
WBGene00194670.,0,2,2
WBGene00194672.,0,21,21
WBGene00194673.,0,1,1
WBGene00194674.,3,46,49
WBGene00194675.,2,4,6
WBGene00194676.,1,3,4
WBGene00194677.,6,13,19
WBGene00194678.,0,1,1
WBGene00194679.,11,169,180
WBGene00194680.,32,685,717
WBGene00194681.,122,1582,1704
WBGene00194682.,6,38,44
WBGene00194683.,65,456,521
WBGene00194684.,2,0,2
WBGene00194686.,1,2,3
WBGene00194687.,0,1,1
WBGene00194689.,31,344,375
WBGene00194690.,14,13,27
WBGene00194691.,11,5,16
WBGene00194692.,352,4685,5037
WBGene00194695.,0,1,1
WBGene00194696.,0,0,0
WBGene00194697.,11,52,63
WBGene00194698.,0,0,0
WBGene00194699.,0,5,5
WBGene00194700.,1,6,7
WBGene00194701.,3,5,8
WBGene00194702.,2,2,4
WBGene00194703.,0,7,7
WBGene00194704.,1,1,2
WBGene00194706.,38,324,362
WBGene00194707.,19,739,758
WBGene00194708.,0,9,9
WBGene00194710.,130,685,815
WBGene00194711.,5,0,5
WBGene00194712.,69,121,190
WBGene00194713.,0,213,213
WBGene00194714.,0,1,1
WBGene00194715.,0,0,0
WBGene00194716.,0,46,46
WBGene00194717.,1,1,2
WBGene00194725.,0,17,17
WBGene00194726.,7,30,37
WBGene00194727.,7,8,15
WBGene00194729.,14,66,80
WBGene00194730.,1,1,2
WBGene00194731.,23,71,94
WBGene00194733.,0,2,2
WBGene00194734.,0,2,2
WBGene00194735.,6,5,11
WBGene00194737.,14,1,15
WBGene00194738.,4,2,6
WBGene00194742.,12,78,90
WBGene00194744.,0,5,5
WBGene00194746.,2,0,2
WBGene00194747.,111,1471,1582
WBGene00194748.,0,348,348
WBGene00194759.,0,0,0
WBGene00194768.,0,1,1
WBGene00194769.,14,8,22
WBGene00194771.,0,2,2
WBGene00194780.,1,5,6
WBGene00194783.,0,2,2
WBGene00194784.,0,4,4
WBGene00194785.,1,0,1
WBGene00194786.,20,0,20
WBGene00194787.,0,0,0
WBGene00194788.,0,1,1
WBGene00194792.,5,8,13
WBGene00194793.,5,10,15
WBGene00194794.,0,20,20
WBGene00194795.,1,14,15
WBGene00194799.,0,0,0
WBGene00194800.,1,8,9
WBGene00194801.,1,0,1
WBGene00194802.,0,0,0
WBGene00194803.,0,6,6
WBGene00194804.,0,11,11
WBGene00194805.,0,0,0
WBGene00194806.,0,20,20
WBGene00194807.,0,6,6
WBGene00194808.,0,0,0
WBGene00194809.,0,0,0
WBGene00194810.,0,11,11
WBGene00194811.,0,1,1
WBGene00194812.,0,68,68
WBGene00194814.,20,197,217
WBGene00194815.,13,18,31
WBGene00194816.,6,19,25
WBGene00194821.,4,10,14
WBGene00194822.,0,2,2
WBGene00194823.,0,0,0
WBGene00194824.,0,0,0
WBGene00194825.,0,3,3
WBGene00194826.,0,0,0
WBGene00194827.,0,12,12
WBGene00194828.,0,0,0
WBGene00194829.,0,0,0
WBGene00194830.,0,0,0
WBGene00194831.,0,0,0
WBGene00194832.,0,44,44
WBGene00194833.,0,3,3
WBGene00194834.,0,0,0
WBGene00194835.,4,54,58
WBGene00194836.,566,178,744
WBGene00194839.,0,3,3
WBGene00194840.,0,0,0
WBGene00194841.,0,1,1
WBGene00194842.,22,4,26
WBGene00194843.,5,6,11
WBGene00194844.,2,9,11
WBGene00194847.,3,7,10
WBGene00194848.,4,8,12
WBGene00194849.,14,47,61
WBGene00194850.,0,12,12
WBGene00194851.,0,0,0
WBGene00194852.,6,36,42
WBGene00194853.,5,0,5
WBGene00194854.,5,0,5
WBGene00194855.,7,49,56
WBGene00194856.,306,119,425
WBGene00194861.,3,24,27
WBGene00194864.,2,1,3
WBGene00194865.,8,1,9
WBGene00194866.,54,88,142
WBGene00194867.,1,2,3
WBGene00194868.,28,11,39
WBGene00194869.,0,967,967
WBGene00194870.,33,73,106
WBGene00194871.,3,0,3
WBGene00194883.,52,1004,1056
WBGene00194884.,3,2,5
WBGene00194885.,0,0,0
WBGene00194886.,1,25,26
WBGene00194888.,1,1,2
WBGene00194890.,32,0,32
WBGene00194891.,0,5,5
WBGene00194892.,17,119,136
WBGene00194894.,0,0,0
WBGene00194895.,3,170,173
WBGene00194896.,116,1,117
WBGene00194898.,0,0,0
WBGene00194902.,3,1,4
WBGene00194905.,66,342,408
WBGene00194906.,6,12,18
WBGene00194907.,1,5,6
WBGene00194908.,69,317,386
WBGene00194909.,46,371,417
WBGene00194910.,57,138,195
WBGene00194912.,0,10,10
WBGene00194913.,147,186,333
WBGene00194914.,0,1,1
WBGene00194915.,20,188,208
WBGene00194916.,5,40,45
WBGene00194917.,8,25,33
WBGene00194918.,2,6,8
WBGene00194919.,6,11,17
WBGene00194920.,1,12,13
WBGene00194921.,69,685,754
WBGene00194922.,0,11,11
WBGene00194923.,0,3,3
WBGene00194924.,0,0,0
WBGene00194925.,0,0,0
WBGene00194926.,41,299,340
WBGene00194927.,0,0,0
WBGene00194928.,23,185,208
WBGene00194929.,0,3,3
WBGene00194930.,0,0,0
WBGene00194931.,0,2,2
WBGene00194932.,1,3,4
WBGene00194933.,0,3,3
WBGene00194934.,9,158,167
WBGene00194935.,0,0,0
WBGene00194939.,1,1,2
WBGene00194940.,0,25,25
WBGene00194945.,0,0,0
WBGene00194951.,0,0,0
WBGene00194952.,0,15,15
WBGene00194955.,96,62,158
WBGene00194957.,1,16,17
WBGene00194981.,4,7,11
WBGene00194982.,46,421,467
WBGene00194983.,1,0,1
WBGene00194984.,0,0,0
WBGene00194985.,0,0,0
WBGene00194986.,0,0,0
WBGene00194987.,0,1,1
WBGene00194988.,0,0,0
WBGene00194989.,0,0,0
WBGene00194990.,0,0,0
WBGene00194991.,0,0,0
WBGene00194992.,0,30,30
WBGene00194993.,0,25,25
WBGene00194994.,0,0,0
WBGene00194995.,0,0,0
WBGene00194996.,0,0,0
WBGene00194997.,0,1,1
WBGene00194998.,3,90,93
WBGene00194999.,0,0,0
WBGene00195000.,0,39,39
WBGene00195001.,0,2,2
WBGene00195002.,0,0,0
WBGene00195003.,2,14,16
WBGene00195004.,17,43,60
WBGene00195005.,0,191,191
WBGene00195006.,4,5,9
WBGene00195007.,0,0,0
WBGene00195008.,0,0,0
WBGene00195009.,0,0,0
WBGene00195010.,2,4,6
WBGene00195011.,21,80,101
WBGene00195012.,13,6,19
WBGene00195016.,0,26,26
WBGene00195017.,0,29,29
WBGene00195018.,0,0,0
WBGene00195019.,0,0,0
WBGene00195020.,0,0,0
WBGene00195021.,0,2,2
WBGene00195022.,0,0,0
WBGene00195023.,0,0,0
WBGene00195024.,0,2,2
WBGene00195025.,0,0,0
WBGene00195026.,0,0,0
WBGene00195027.,0,0,0
WBGene00195028.,0,0,0
WBGene00195029.,0,0,0
WBGene00195030.,0,0,0
WBGene00195031.,0,0,0
WBGene00195032.,0,0,0
WBGene00195033.,0,0,0
WBGene00195034.,0,0,0
WBGene00195035.,0,0,0
WBGene00195036.,0,0,0
WBGene00195037.,0,0,0
WBGene00195038.,0,0,0
WBGene00195039.,0,0,0
WBGene00195040.,0,21,21
WBGene00195043.,0,389,389
WBGene00195045.,1,11,12
WBGene00195046.,13,12,25
WBGene00195048.,1,4,5
WBGene00195049.,14,11,25
WBGene00195050.,9,98,107
WBGene00195051.,0,434,434
WBGene00195056.,72,844,916
WBGene00195057.,0,2,2
WBGene00195058.,18,2,20
WBGene00195060.,78,1251,1329
WBGene00195061.,2,3,5
WBGene00195063.,67,1089,1156
WBGene00195064.,5,2,7
WBGene00195065.,0,3,3
WBGene00195067.,8,29,37
WBGene00195068.,33,301,334
WBGene00195069.,0,24,24
WBGene00195070.,0,5,5
WBGene00195071.,0,5,5
WBGene00195072.,2,1,3
WBGene00195073.,264,1153,1417
WBGene00195077.,1,3,4
WBGene00195081.,2,24,26
WBGene00195084.,95,430,525
WBGene00195086.,13,399,412
WBGene00195093.,67,1207,1274
WBGene00195117.,0,2,2
WBGene00195142.,0,490,490
WBGene00195143.,166,337,503
WBGene00195144.,3,26,29
WBGene00195145.,63,108,171
WBGene00195146.,0,259,259
WBGene00195147.,25,28,53
WBGene00195148.,14,13,27
WBGene00195149.,3,5,8
WBGene00195150.,0,3,3
WBGene00195151.,0,0,0
WBGene00195154.,1,8,9
WBGene00195155.,2,12,14
WBGene00195157.,8,14,22
WBGene00195158.,0,2,2
WBGene00195159.,0,42,42
WBGene00195160.,0,0,0
WBGene00195164.,0,23,23
WBGene00195165.,2,5,7
WBGene00195166.,29,1324,1353
WBGene00195168.,0,1,1
WBGene00195169.,18,50,68
WBGene00195170.,4,29,33
WBGene00195171.,5,2,7
WBGene00195172.,4,0,4
WBGene00195174.,5,4,9
WBGene00195175.,0,524,524
WBGene00195176.,1,6,7
WBGene00195177.,0,3,3
WBGene00195178.,4,11,15
WBGene00195179.,6,12,18
WBGene00195180.,16,124,140
WBGene00195181.,0,0,0
WBGene00195182.,3,10,13
WBGene00195183.,5,32,37
WBGene00195184.,5,39,44
WBGene00195185.,594,757,1351
WBGene00195186.,32,252,284
WBGene00195188.,1,4,5
WBGene00195189.,17,102,119
WBGene00195192.,22,81,103
WBGene00195208.,11,79,90
WBGene00195209.,0,79,79
WBGene00195210.,13,47,60
WBGene00195211.,6,16,22
WBGene00195212.,37,99,136
WBGene00195213.,1,1,2
WBGene00195214.,0,1,1
WBGene00195215.,1,0,1
WBGene00195226.,3,21,24
WBGene00195227.,0,3,3
WBGene00195228.,2,1,3
WBGene00195229.,0,1,1
WBGene00195230.,0,2,2
WBGene00195231.,0,0,0
WBGene00195232.,12,8,20
WBGene00195233.,140,1943,2083
WBGene00195234.,0,3,3
WBGene00195235.,0,0,0
WBGene00195236.,0,0,0
WBGene00195237.,0,0,0
WBGene00195238.,0,1,1
WBGene00195239.,70,684,754
WBGene00195240.,0,2,2
WBGene00195241.,0,0,0
WBGene00195242.,0,1,1
WBGene00195243.,1,9,10
WBGene00195244.,3,29,32
WBGene00195245.,0,59,59
WBGene00195246.,11,40,51
WBGene00195247.,0,0,0
WBGene00195248.,10,42,52
WBGene00195250.,0,2,2
WBGene00195252.,21,8,29
WBGene00195253.,21,211,232
WBGene00195254.,2,2,4
WBGene00195255.,19,50,69
WBGene00195256.,2,7,9
WBGene00195257.,96,123,219
WBGene00195258.,0,0,0
WBGene00195259.,0,0,0
WBGene00195260.,0,0,0
WBGene00195261.,0,4,4
WBGene00195262.,0,2,2
WBGene00195263.,0,2,2
WBGene00195264.,0,0,0
WBGene00195265.,0,4,4
WBGene00195266.,0,2,2
WBGene00195267.,0,0,0
WBGene00195268.,0,8,8
WBGene00195269.,0,2,2
WBGene00195270.,0,0,0
WBGene00195271.,0,0,0
WBGene00195272.,0,0,0
WBGene00195273.,0,0,0
WBGene00195274.,0,0,0
WBGene00195275.,0,3,3
WBGene00195276.,0,3,3
WBGene00195277.,0,0,0
WBGene00195278.,0,0,0
WBGene00195279.,0,5,5
WBGene00195280.,0,0,0
WBGene00195281.,0,0,0
WBGene00195282.,0,0,0
WBGene00195283.,0,3,3
WBGene00195284.,0,0,0
WBGene00195285.,0,0,0
WBGene00195286.,0,7,7
WBGene00195287.,0,2,2
WBGene00195288.,0,0,0
WBGene00195289.,0,1,1
WBGene00195290.,0,0,0
WBGene00195291.,0,2,2
WBGene00195292.,0,0,0
WBGene00195293.,0,0,0
WBGene00195294.,0,2,2
WBGene00195295.,0,6,6
WBGene00195296.,0,0,0
WBGene00195297.,0,0,0
WBGene00195298.,0,0,0
WBGene00195299.,0,2,2
WBGene00195300.,0,0,0
WBGene00195301.,0,0,0
WBGene00195302.,0,0,0
WBGene00195303.,0,0,0
WBGene00195304.,0,0,0
WBGene00195305.,0,5,5
WBGene00195306.,0,0,0
WBGene00195307.,0,0,0
WBGene00195308.,0,13,13
WBGene00195309.,0,0,0
WBGene00195310.,0,0,0
WBGene00195311.,0,0,0
WBGene00195312.,0,0,0
WBGene00195313.,0,0,0
WBGene00195314.,0,0,0
WBGene00195315.,0,0,0
WBGene00195316.,0,0,0
WBGene00195317.,0,0,0
WBGene00195318.,0,0,0
WBGene00195319.,0,5,5
WBGene00195320.,0,0,0
WBGene00195321.,0,0,0
WBGene00195322.,0,1,1
WBGene00195323.,0,0,0
WBGene00195324.,0,0,0
WBGene00195325.,0,13,13
WBGene00195326.,0,0,0
WBGene00195327.,0,3,3
WBGene00195328.,0,6,6
WBGene00195329.,0,2,2
WBGene00195330.,0,49,49
WBGene00195331.,0,8,8
WBGene00195332.,0,1,1
WBGene00195333.,0,6,6
WBGene00195334.,0,0,0
WBGene00195335.,0,0,0
WBGene00195336.,0,3,3
WBGene00195337.,0,6,6
WBGene00195338.,0,0,0
WBGene00195339.,0,0,0
WBGene00195340.,0,6,6
WBGene00195341.,0,0,0
WBGene00195342.,0,0,0
WBGene00195343.,0,1,1
WBGene00195344.,0,0,0
WBGene00195345.,0,0,0
WBGene00195346.,0,0,0
WBGene00195347.,0,9,9
WBGene00195348.,0,0,0
WBGene00195349.,0,0,0
WBGene00195350.,0,0,0
WBGene00195351.,0,5,5
WBGene00195352.,0,0,0
WBGene00195353.,0,0,0
WBGene00195354.,0,16,16
WBGene00195355.,0,0,0
WBGene00195356.,0,50,50
WBGene00195357.,0,2,2
WBGene00195358.,0,0,0
WBGene00195359.,0,7,7
WBGene00195360.,0,1,1
WBGene00195361.,0,0,0
WBGene00195362.,0,0,0
WBGene00195363.,0,62,62
WBGene00195364.,0,2,2
WBGene00195365.,0,3,3
WBGene00195366.,0,23,23
WBGene00195367.,0,0,0
WBGene00195368.,0,0,0
WBGene00195369.,0,0,0
WBGene00195370.,0,7,7
WBGene00195371.,0,5,5
WBGene00195372.,0,10,10
WBGene00195373.,0,1,1
WBGene00195374.,0,2,2
WBGene00195375.,0,0,0
WBGene00195376.,0,2,2
WBGene00195377.,0,0,0
WBGene00195378.,0,6,6
WBGene00195379.,0,0,0
WBGene00195380.,0,0,0
WBGene00195381.,0,1,1
WBGene00195382.,0,6,6
WBGene00195383.,0,0,0
WBGene00195384.,0,1,1
WBGene00195385.,0,0,0
WBGene00195386.,0,4,4
WBGene00195387.,0,0,0
WBGene00195388.,0,2,2
WBGene00195389.,0,5,5
WBGene00195390.,0,1,1
WBGene00195391.,0,5,5
WBGene00195392.,0,2,2
WBGene00195393.,0,0,0
WBGene00195394.,0,1,1
WBGene00195395.,0,0,0
WBGene00195396.,0,2,2
WBGene00195397.,0,8,8
WBGene00195398.,0,4,4
WBGene00195399.,0,0,0
WBGene00195400.,0,4,4
WBGene00195401.,0,4,4
WBGene00195402.,0,1,1
WBGene00195403.,0,7,7
WBGene00195404.,0,0,0
WBGene00195405.,0,18,18
WBGene00195406.,0,15,15
WBGene00195407.,0,0,0
WBGene00195408.,0,1,1
WBGene00195409.,0,0,0
WBGene00195410.,0,0,0
WBGene00195411.,0,0,0
WBGene00195412.,0,0,0
WBGene00195413.,0,4,4
WBGene00195414.,0,7,7
WBGene00195415.,0,0,0
WBGene00195416.,0,5,5
WBGene00195417.,0,4,4
WBGene00195418.,0,1,1
WBGene00195419.,0,1,1
WBGene00195420.,0,0,0
WBGene00195421.,0,8,8
WBGene00195422.,0,0,0
WBGene00195423.,0,9,9
WBGene00195424.,0,2,2
WBGene00195425.,0,0,0
WBGene00195426.,0,17,17
WBGene00195427.,0,2,2
WBGene00195428.,0,2,2
WBGene00195429.,0,1,1
WBGene00195430.,0,0,0
WBGene00195431.,0,0,0
WBGene00195432.,0,0,0
WBGene00195433.,0,0,0
WBGene00195434.,0,0,0
WBGene00195435.,0,0,0
WBGene00195436.,0,32,32
WBGene00195437.,0,0,0
WBGene00195438.,0,7,7
WBGene00195439.,0,0,0
WBGene00195440.,0,1,1
WBGene00195441.,0,8,8
WBGene00195442.,0,1,1
WBGene00195443.,0,0,0
WBGene00195444.,0,2,2
WBGene00195445.,0,0,0
WBGene00195446.,0,0,0
WBGene00195447.,0,4,4
WBGene00195448.,0,6,6
WBGene00195449.,0,0,0
WBGene00195450.,0,1,1
WBGene00195451.,0,1,1
WBGene00195452.,0,0,0
WBGene00195453.,0,43,43
WBGene00195454.,0,54,54
WBGene00195455.,0,0,0
WBGene00195456.,0,6,6
WBGene00195457.,0,0,0
WBGene00195458.,0,0,0
WBGene00195459.,0,0,0
WBGene00195460.,0,0,0
WBGene00195461.,0,0,0
WBGene00195462.,0,0,0
WBGene00195463.,0,0,0
WBGene00195464.,0,0,0
WBGene00195465.,0,0,0
WBGene00195466.,0,2,2
WBGene00195467.,0,2,2
WBGene00195468.,0,2,2
WBGene00195469.,0,0,0
WBGene00195470.,0,1,1
WBGene00195471.,0,5,5
WBGene00195472.,0,6,6
WBGene00195473.,0,1,1
WBGene00195474.,0,5,5
WBGene00195475.,0,0,0
WBGene00195476.,0,0,0
WBGene00195477.,0,0,0
WBGene00195478.,0,0,0
WBGene00195479.,0,2,2
WBGene00195480.,0,5,5
WBGene00195481.,0,0,0
WBGene00195482.,0,0,0
WBGene00195483.,0,2,2
WBGene00195484.,0,9,9
WBGene00195485.,0,4,4
WBGene00195486.,0,7,7
WBGene00195487.,0,5,5
WBGene00195488.,0,0,0
WBGene00195489.,0,0,0
WBGene00195490.,0,1,1
WBGene00195491.,0,3,3
WBGene00195492.,0,0,0
WBGene00195493.,0,4,4
WBGene00195494.,0,6,6
WBGene00195495.,0,46,46
WBGene00195496.,0,0,0
WBGene00195497.,0,2,2
WBGene00195498.,0,0,0
WBGene00195499.,0,1,1
WBGene00195500.,0,6,6
WBGene00195501.,0,8,8
WBGene00195502.,0,0,0
WBGene00195503.,0,0,0
WBGene00195504.,0,2,2
WBGene00195505.,0,0,0
WBGene00195506.,0,0,0
WBGene00195507.,0,0,0
WBGene00195508.,0,0,0
WBGene00195509.,0,1,1
WBGene00195510.,0,1,1
WBGene00195511.,0,3,3
WBGene00195512.,0,11,11
WBGene00195513.,0,1,1
WBGene00195514.,0,1,1
WBGene00195515.,0,0,0
WBGene00195516.,0,0,0
WBGene00195517.,0,1,1
WBGene00195518.,0,2,2
WBGene00195519.,0,0,0
WBGene00195520.,0,23,23
WBGene00195521.,0,9,9
WBGene00195522.,0,1,1
WBGene00195523.,0,0,0
WBGene00195524.,0,2,2
WBGene00195525.,0,1,1
WBGene00195526.,0,0,0
WBGene00195527.,0,0,0
WBGene00195528.,0,2,2
WBGene00195529.,0,1,1
WBGene00195530.,0,2,2
WBGene00195531.,0,9,9
WBGene00195532.,0,5,5
WBGene00195533.,0,0,0
WBGene00195534.,0,1,1
WBGene00195535.,0,0,0
WBGene00195536.,0,5,5
WBGene00195537.,0,0,0
WBGene00195538.,0,1,1
WBGene00195539.,0,0,0
WBGene00195540.,0,0,0
WBGene00195541.,0,0,0
WBGene00195542.,0,57,57
WBGene00195543.,0,18,18
WBGene00195544.,0,0,0
WBGene00195545.,0,1,1
WBGene00195546.,0,0,0
WBGene00195547.,0,2,2
WBGene00195548.,0,3,3
WBGene00195549.,0,1,1
WBGene00195550.,0,5,5
WBGene00195551.,0,0,0
WBGene00195552.,0,11,11
WBGene00195553.,0,0,0
WBGene00195554.,0,0,0
WBGene00195555.,0,6,6
WBGene00195556.,0,0,0
WBGene00195557.,0,0,0
WBGene00195558.,0,0,0
WBGene00195559.,0,4,4
WBGene00195560.,0,1,1
WBGene00195561.,0,21,21
WBGene00195562.,0,8,8
WBGene00195563.,0,3,3
WBGene00195564.,0,7,7
WBGene00195565.,0,0,0
WBGene00195566.,0,1,1
WBGene00195567.,0,0,0
WBGene00195568.,0,5,5
WBGene00195569.,0,0,0
WBGene00195570.,0,20,20
WBGene00195571.,0,0,0
WBGene00195572.,0,4,4
WBGene00195573.,0,0,0
WBGene00195574.,0,13,13
WBGene00195575.,0,6,6
WBGene00195576.,0,1,1
WBGene00195577.,0,1,1
WBGene00195578.,0,5,5
WBGene00195579.,0,0,0
WBGene00195580.,0,0,0
WBGene00195581.,0,0,0
WBGene00195582.,0,0,0
WBGene00195583.,0,0,0
WBGene00195584.,0,0,0
WBGene00195585.,0,0,0
WBGene00195586.,0,24,24
WBGene00195587.,0,0,0
WBGene00195588.,0,69,69
WBGene00195589.,0,0,0
WBGene00195590.,0,23,23
WBGene00195591.,0,11,11
WBGene00195592.,0,0,0
WBGene00195593.,0,2,2
WBGene00195594.,0,2,2
WBGene00195595.,0,0,0
WBGene00195596.,0,7,7
WBGene00195597.,0,0,0
WBGene00195598.,0,1,1
WBGene00195599.,0,0,0
WBGene00195600.,0,0,0
WBGene00195601.,0,7,7
WBGene00195602.,0,0,0
WBGene00195603.,0,0,0
WBGene00195604.,0,0,0
WBGene00195605.,0,0,0
WBGene00195606.,0,2,2
WBGene00195607.,0,0,0
WBGene00195608.,0,0,0
WBGene00195609.,0,0,0
WBGene00195610.,0,0,0
WBGene00195611.,0,0,0
WBGene00195612.,0,0,0
WBGene00195613.,0,4,4
WBGene00195614.,0,1,1
WBGene00195615.,0,10,10
WBGene00195616.,0,3,3
WBGene00195617.,0,0,0
WBGene00195618.,0,0,0
WBGene00195619.,0,0,0
WBGene00195620.,0,0,0
WBGene00195621.,0,1,1
WBGene00195622.,0,1,1
WBGene00195623.,0,15,15
WBGene00195624.,0,0,0
WBGene00195625.,0,0,0
WBGene00195626.,0,0,0
WBGene00195627.,0,0,0
WBGene00195628.,0,2,2
WBGene00195629.,0,0,0
WBGene00195630.,0,15,15
WBGene00195631.,0,0,0
WBGene00195632.,0,0,0
WBGene00195633.,0,1,1
WBGene00195634.,0,0,0
WBGene00195635.,0,1,1
WBGene00195636.,0,6,6
WBGene00195637.,0,0,0
WBGene00195638.,0,0,0
WBGene00195639.,0,7,7
WBGene00195640.,0,0,0
WBGene00195641.,0,0,0
WBGene00195642.,0,1,1
WBGene00195643.,0,0,0
WBGene00195644.,0,0,0
WBGene00195645.,0,1,1
WBGene00195646.,0,1,1
WBGene00195647.,0,18,18
WBGene00195648.,0,44,44
WBGene00195649.,0,0,0
WBGene00195650.,0,13,13
WBGene00195651.,0,16,16
WBGene00195652.,0,0,0
WBGene00195653.,0,0,0
WBGene00195654.,0,1,1
WBGene00195655.,0,0,0
WBGene00195656.,0,15,15
WBGene00195657.,0,2,2
WBGene00195658.,0,0,0
WBGene00195659.,0,9,9
WBGene00195660.,0,1,1
WBGene00195661.,0,5,5
WBGene00195662.,0,1,1
WBGene00195663.,0,1,1
WBGene00195664.,0,2,2
WBGene00195665.,0,0,0
WBGene00195666.,0,5,5
WBGene00195667.,0,0,0
WBGene00195668.,0,0,0
WBGene00195669.,0,0,0
WBGene00195670.,0,4,4
WBGene00195671.,0,0,0
WBGene00195672.,0,0,0
WBGene00195673.,0,0,0
WBGene00195674.,0,0,0
WBGene00195675.,0,0,0
WBGene00195676.,0,0,0
WBGene00195677.,0,1,1
WBGene00195678.,0,0,0
WBGene00195679.,0,0,0
WBGene00195680.,0,0,0
WBGene00195681.,0,0,0
WBGene00195682.,0,0,0
WBGene00195683.,0,0,0
WBGene00195684.,0,0,0
WBGene00195685.,0,7,7
WBGene00195686.,0,0,0
WBGene00195687.,0,14,14
WBGene00195688.,0,0,0
WBGene00195689.,0,8,8
WBGene00195690.,0,0,0
WBGene00195691.,0,9,9
WBGene00195692.,0,2,2
WBGene00195693.,0,15,15
WBGene00195694.,0,4,4
WBGene00195695.,0,0,0
WBGene00195696.,0,0,0
WBGene00195697.,0,0,0
WBGene00195698.,0,0,0
WBGene00195699.,0,3,3
WBGene00195700.,0,1,1
WBGene00195701.,0,0,0
WBGene00195702.,0,0,0
WBGene00195703.,0,1,1
WBGene00195704.,0,0,0
WBGene00195705.,0,23,23
WBGene00195706.,0,0,0
WBGene00195707.,0,0,0
WBGene00195708.,0,4,4
WBGene00195709.,0,1,1
WBGene00195710.,0,0,0
WBGene00195711.,0,0,0
WBGene00195712.,0,7,7
WBGene00195713.,0,15,15
WBGene00195714.,0,0,0
WBGene00195715.,0,3,3
WBGene00195716.,0,4,4
WBGene00195717.,0,1,1
WBGene00195718.,0,4,4
WBGene00195719.,0,0,0
WBGene00195720.,0,4,4
WBGene00195721.,0,2,2
WBGene00195722.,0,7,7
WBGene00195723.,0,18,18
WBGene00195724.,0,0,0
WBGene00195725.,0,6,6
WBGene00195726.,0,1,1
WBGene00195727.,0,0,0
WBGene00195728.,0,197,197
WBGene00195729.,0,0,0
WBGene00195730.,0,0,0
WBGene00195731.,0,13,13
WBGene00195732.,0,2,2
WBGene00195733.,0,0,0
WBGene00195734.,0,1,1
WBGene00195735.,0,3,3
WBGene00195736.,0,0,0
WBGene00195737.,0,3,3
WBGene00195738.,0,0,0
WBGene00195739.,0,3,3
WBGene00195740.,0,6,6
WBGene00195741.,0,0,0
WBGene00195742.,0,0,0
WBGene00195743.,0,0,0
WBGene00195744.,0,4,4
WBGene00195745.,0,0,0
WBGene00195746.,0,0,0
WBGene00195747.,0,6,6
WBGene00195748.,0,0,0
WBGene00195749.,0,0,0
WBGene00195750.,0,0,0
WBGene00195751.,0,0,0
WBGene00195752.,0,6,6
WBGene00195753.,0,0,0
WBGene00195754.,0,6,6
WBGene00195755.,0,1,1
WBGene00195756.,0,0,0
WBGene00195757.,0,0,0
WBGene00195758.,0,1,1
WBGene00195759.,0,5,5
WBGene00195760.,0,1,1
WBGene00195761.,0,7,7
WBGene00195762.,0,4,4
WBGene00195763.,0,0,0
WBGene00195764.,0,0,0
WBGene00195765.,0,1,1
WBGene00195766.,0,1,1
WBGene00195767.,0,2,2
WBGene00195768.,0,0,0
WBGene00195769.,0,25,25
WBGene00195770.,0,6,6
WBGene00195771.,0,0,0
WBGene00195772.,0,0,0
WBGene00195773.,0,2,2
WBGene00195774.,0,1,1
WBGene00195775.,0,26,26
WBGene00195776.,0,14,14
WBGene00195777.,0,2,2
WBGene00195778.,0,0,0
WBGene00195779.,0,0,0
WBGene00195780.,0,2,2
WBGene00195781.,0,0,0
WBGene00195782.,0,41,41
WBGene00195783.,0,11,11
WBGene00195784.,0,27,27
WBGene00195785.,0,43,43
WBGene00195786.,0,8,8
WBGene00195787.,0,3,3
WBGene00195788.,0,0,0
WBGene00195789.,0,1,1
WBGene00195790.,0,4,4
WBGene00195791.,0,7,7
WBGene00195792.,0,2,2
WBGene00195793.,0,1,1
WBGene00195794.,0,0,0
WBGene00195795.,0,2,2
WBGene00195796.,0,0,0
WBGene00195797.,0,0,0
WBGene00195798.,0,0,0
WBGene00195799.,0,0,0
WBGene00195800.,0,0,0
WBGene00195801.,0,5,5
WBGene00195802.,0,1,1
WBGene00195803.,0,2,2
WBGene00195804.,0,4,4
WBGene00195805.,0,2,2
WBGene00195806.,0,0,0
WBGene00195807.,0,3,3
WBGene00195808.,0,2,2
WBGene00195809.,0,0,0
WBGene00195810.,0,11,11
WBGene00195811.,0,2,2
WBGene00195812.,0,0,0
WBGene00195813.,0,0,0
WBGene00195814.,0,19,19
WBGene00195815.,0,0,0
WBGene00195816.,0,0,0
WBGene00195817.,0,0,0
WBGene00195818.,0,0,0
WBGene00195819.,0,9,9
WBGene00195820.,0,27,27
WBGene00195821.,0,0,0
WBGene00195822.,0,3,3
WBGene00195823.,0,12,12
WBGene00195824.,0,7,7
WBGene00195825.,0,1,1
WBGene00195826.,0,46,46
WBGene00195827.,0,0,0
WBGene00195828.,0,0,0
WBGene00195829.,0,0,0
WBGene00195830.,0,0,0
WBGene00195831.,0,1,1
WBGene00195832.,0,0,0
WBGene00195833.,0,25,25
WBGene00195834.,0,6,6
WBGene00195835.,0,0,0
WBGene00195836.,0,1,1
WBGene00195837.,0,6,6
WBGene00195838.,0,5,5
WBGene00195839.,0,1,1
WBGene00195840.,0,13,13
WBGene00195841.,0,1,1
WBGene00195842.,0,2,2
WBGene00195843.,0,7,7
WBGene00195844.,0,0,0
WBGene00195845.,0,2,2
WBGene00195846.,0,3,3
WBGene00195847.,0,0,0
WBGene00195848.,0,4,4
WBGene00195849.,0,0,0
WBGene00195850.,0,6,6
WBGene00195851.,0,4,4
WBGene00195852.,0,1,1
WBGene00195853.,0,7,7
WBGene00195854.,0,0,0
WBGene00195855.,0,3,3
WBGene00195856.,0,1,1
WBGene00195857.,0,0,0
WBGene00195858.,0,0,0
WBGene00195859.,0,10,10
WBGene00195860.,0,0,0
WBGene00195861.,0,1,1
WBGene00195862.,0,1,1
WBGene00195863.,0,0,0
WBGene00195864.,0,6,6
WBGene00195865.,0,5,5
WBGene00195866.,0,1,1
WBGene00195867.,0,0,0
WBGene00195868.,0,5,5
WBGene00195869.,0,0,0
WBGene00195870.,0,0,0
WBGene00195871.,0,10,10
WBGene00195872.,0,0,0
WBGene00195873.,0,3,3
WBGene00195874.,0,0,0
WBGene00195875.,0,0,0
WBGene00195876.,0,1,1
WBGene00195877.,0,2,2
WBGene00195878.,0,1,1
WBGene00195879.,0,5,5
WBGene00195880.,0,0,0
WBGene00195881.,0,0,0
WBGene00195882.,0,71,71
WBGene00195883.,0,2,2
WBGene00195884.,0,1,1
WBGene00195885.,0,2,2
WBGene00195886.,0,0,0
WBGene00195887.,0,63,63
WBGene00195888.,0,0,0
WBGene00195889.,0,43,43
WBGene00195890.,0,1,1
WBGene00195891.,0,1,1
WBGene00195892.,0,0,0
WBGene00195893.,0,2,2
WBGene00195894.,0,0,0
WBGene00195895.,0,0,0
WBGene00195896.,0,1,1
WBGene00195897.,0,9,9
WBGene00195898.,0,3,3
WBGene00195899.,0,7,7
WBGene00195900.,0,4,4
WBGene00195901.,0,1,1
WBGene00195902.,0,0,0
WBGene00195903.,0,0,0
WBGene00195904.,0,0,0
WBGene00195905.,0,0,0
WBGene00195906.,0,3,3
WBGene00195907.,0,7,7
WBGene00195908.,0,0,0
WBGene00195909.,0,7,7
WBGene00195910.,0,20,20
WBGene00195911.,0,2,2
WBGene00195912.,0,3,3
WBGene00195913.,0,1,1
WBGene00195914.,0,78,78
WBGene00195915.,0,8,8
WBGene00195916.,0,0,0
WBGene00195917.,0,0,0
WBGene00195918.,0,1,1
WBGene00195919.,0,5,5
WBGene00195920.,0,0,0
WBGene00195921.,0,98,98
WBGene00195922.,0,0,0
WBGene00195923.,0,2,2
WBGene00195924.,0,0,0
WBGene00195925.,0,0,0
WBGene00195926.,0,1,1
WBGene00195927.,0,5,5
WBGene00195928.,0,0,0
WBGene00195929.,0,0,0
WBGene00195930.,0,5,5
WBGene00195931.,0,0,0
WBGene00195932.,0,3,3
WBGene00195933.,0,0,0
WBGene00195934.,0,1,1
WBGene00195935.,0,22,22
WBGene00195936.,0,0,0
WBGene00195937.,0,0,0
WBGene00195938.,0,0,0
WBGene00195939.,0,3,3
WBGene00195940.,0,2,2
WBGene00195941.,0,4,4
WBGene00195942.,0,0,0
WBGene00195943.,0,0,0
WBGene00195944.,0,0,0
WBGene00195945.,0,0,0
WBGene00195946.,0,1,1
WBGene00195947.,0,35,35
WBGene00195948.,0,0,0
WBGene00195949.,0,2,2
WBGene00195950.,0,0,0
WBGene00195951.,0,0,0
WBGene00195952.,0,5,5
WBGene00195953.,0,0,0
WBGene00195954.,0,5,5
WBGene00195955.,0,0,0
WBGene00195956.,0,2,2
WBGene00195957.,0,0,0
WBGene00195958.,0,0,0
WBGene00195959.,0,2,2
WBGene00195960.,0,0,0
WBGene00195961.,0,10,10
WBGene00195962.,0,0,0
WBGene00195963.,0,0,0
WBGene00195964.,0,0,0
WBGene00195965.,0,0,0
WBGene00195966.,0,10,10
WBGene00195967.,0,0,0
WBGene00195968.,0,1,1
WBGene00195969.,0,0,0
WBGene00195970.,0,2,2
WBGene00195971.,0,2,2
WBGene00195972.,0,1,1
WBGene00195973.,0,16,16
WBGene00195974.,0,1,1
WBGene00195975.,0,0,0
WBGene00195976.,0,2,2
WBGene00195977.,0,0,0
WBGene00195978.,0,3,3
WBGene00195979.,0,62,62
WBGene00195980.,0,0,0
WBGene00195981.,0,3,3
WBGene00195982.,0,0,0
WBGene00195983.,0,2,2
WBGene00195984.,0,3,3
WBGene00195985.,0,0,0
WBGene00195986.,0,1,1
WBGene00195987.,0,0,0
WBGene00195988.,0,7,7
WBGene00195989.,0,3,3
WBGene00195990.,0,7,7
WBGene00195991.,0,0,0
WBGene00195992.,0,19,19
WBGene00195993.,0,0,0
WBGene00195994.,0,0,0
WBGene00195995.,0,0,0
WBGene00195996.,0,0,0
WBGene00195997.,0,0,0
WBGene00195998.,0,0,0
WBGene00195999.,0,0,0
WBGene00196000.,0,0,0
WBGene00196001.,0,2,2
WBGene00196002.,0,7,7
WBGene00196003.,0,1,1
WBGene00196004.,0,1,1
WBGene00196005.,0,63,63
WBGene00196006.,0,0,0
WBGene00196007.,0,0,0
WBGene00196008.,0,6,6
WBGene00196009.,0,0,0
WBGene00196010.,0,1,1
WBGene00196011.,0,0,0
WBGene00196012.,0,0,0
WBGene00196013.,0,16,16
WBGene00196014.,0,0,0
WBGene00196015.,0,0,0
WBGene00196016.,0,0,0
WBGene00196017.,0,0,0
WBGene00196018.,0,1,1
WBGene00196019.,0,0,0
WBGene00196020.,0,0,0
WBGene00196021.,0,8,8
WBGene00196022.,0,0,0
WBGene00196023.,0,3,3
WBGene00196024.,0,2,2
WBGene00196025.,0,10,10
WBGene00196026.,0,7,7
WBGene00196027.,0,0,0
WBGene00196028.,0,0,0
WBGene00196029.,0,0,0
WBGene00196030.,0,0,0
WBGene00196031.,0,3,3
WBGene00196032.,0,1,1
WBGene00196033.,0,0,0
WBGene00196034.,0,2,2
WBGene00196035.,0,0,0
WBGene00196036.,0,1,1
WBGene00196037.,0,0,0
WBGene00196038.,0,0,0
WBGene00196039.,0,0,0
WBGene00196040.,0,0,0
WBGene00196041.,0,0,0
WBGene00196042.,0,0,0
WBGene00196043.,0,0,0
WBGene00196044.,0,1,1
WBGene00196045.,0,10,10
WBGene00196046.,0,4,4
WBGene00196047.,0,0,0
WBGene00196048.,0,1,1
WBGene00196049.,0,3,3
WBGene00196050.,0,0,0
WBGene00196051.,0,1,1
WBGene00196052.,0,25,25
WBGene00196053.,0,7,7
WBGene00196054.,0,0,0
WBGene00196055.,0,2,2
WBGene00196056.,0,0,0
WBGene00196057.,0,1,1
WBGene00196058.,0,0,0
WBGene00196059.,0,0,0
WBGene00196060.,0,0,0
WBGene00196061.,0,3,3
WBGene00196062.,0,0,0
WBGene00196063.,0,0,0
WBGene00196064.,0,3,3
WBGene00196065.,0,3,3
WBGene00196066.,0,0,0
WBGene00196067.,0,20,20
WBGene00196068.,0,0,0
WBGene00196069.,0,5,5
WBGene00196070.,0,3,3
WBGene00196071.,0,11,11
WBGene00196072.,0,59,59
WBGene00196073.,0,0,0
WBGene00196074.,0,0,0
WBGene00196075.,0,0,0
WBGene00196076.,0,1,1
WBGene00196077.,0,22,22
WBGene00196078.,0,5,5
WBGene00196079.,0,0,0
WBGene00196080.,0,1,1
WBGene00196081.,0,0,0
WBGene00196082.,0,0,0
WBGene00196083.,0,1,1
WBGene00196084.,0,0,0
WBGene00196085.,0,0,0
WBGene00196086.,0,0,0
WBGene00196087.,0,0,0
WBGene00196088.,0,21,21
WBGene00196089.,0,0,0
WBGene00196090.,0,9,9
WBGene00196091.,0,14,14
WBGene00196092.,0,3,3
WBGene00196093.,0,2,2
WBGene00196094.,0,0,0
WBGene00196095.,0,0,0
WBGene00196096.,0,17,17
WBGene00196097.,0,1,1
WBGene00196098.,0,1,1
WBGene00196099.,0,2,2
WBGene00196100.,0,3,3
WBGene00196101.,0,0,0
WBGene00196102.,0,0,0
WBGene00196103.,0,5,5
WBGene00196104.,0,2,2
WBGene00196105.,0,1,1
WBGene00196106.,0,7,7
WBGene00196107.,0,0,0
WBGene00196108.,0,2,2
WBGene00196109.,0,5,5
WBGene00196110.,0,2,2
WBGene00196111.,0,0,0
WBGene00196112.,0,0,0
WBGene00196113.,0,9,9
WBGene00196114.,0,1,1
WBGene00196115.,0,1,1
WBGene00196116.,0,0,0
WBGene00196117.,0,2,2
WBGene00196118.,0,3,3
WBGene00196119.,0,4,4
WBGene00196120.,0,0,0
WBGene00196121.,0,1,1
WBGene00196122.,0,3,3
WBGene00196123.,0,8,8
WBGene00196124.,0,2,2
WBGene00196125.,0,6,6
WBGene00196126.,0,0,0
WBGene00196127.,0,0,0
WBGene00196128.,0,0,0
WBGene00196129.,0,2,2
WBGene00196130.,0,0,0
WBGene00196131.,0,0,0
WBGene00196132.,0,2,2
WBGene00196133.,0,0,0
WBGene00196134.,0,0,0
WBGene00196135.,0,0,0
WBGene00196136.,0,0,0
WBGene00196137.,0,3,3
WBGene00196138.,0,14,14
WBGene00196139.,0,5,5
WBGene00196140.,0,0,0
WBGene00196141.,0,6,6
WBGene00196142.,0,1,1
WBGene00196143.,0,0,0
WBGene00196144.,0,0,0
WBGene00196145.,0,0,0
WBGene00196146.,0,2,2
WBGene00196147.,0,13,13
WBGene00196148.,0,3,3
WBGene00196149.,0,30,30
WBGene00196150.,0,16,16
WBGene00196151.,0,0,0
WBGene00196152.,0,1,1
WBGene00196153.,0,0,0
WBGene00196154.,0,0,0
WBGene00196155.,0,4,4
WBGene00196156.,0,0,0
WBGene00196157.,0,0,0
WBGene00196158.,0,0,0
WBGene00196159.,0,7,7
WBGene00196160.,0,1,1
WBGene00196161.,0,0,0
WBGene00196162.,0,0,0
WBGene00196163.,0,0,0
WBGene00196164.,0,1,1
WBGene00196165.,0,0,0
WBGene00196166.,0,1,1
WBGene00196167.,0,0,0
WBGene00196168.,0,0,0
WBGene00196169.,0,0,0
WBGene00196170.,0,5,5
WBGene00196171.,0,1,1
WBGene00196172.,0,0,0
WBGene00196173.,0,4,4
WBGene00196174.,0,0,0
WBGene00196175.,0,0,0
WBGene00196176.,0,0,0
WBGene00196177.,0,0,0
WBGene00196178.,0,3,3
WBGene00196179.,0,0,0
WBGene00196180.,0,13,13
WBGene00196181.,0,2,2
WBGene00196182.,0,0,0
WBGene00196183.,0,0,0
WBGene00196184.,0,12,12
WBGene00196185.,0,1,1
WBGene00196186.,0,0,0
WBGene00196187.,0,0,0
WBGene00196188.,0,1,1
WBGene00196189.,0,5,5
WBGene00196190.,0,1,1
WBGene00196191.,0,0,0
WBGene00196192.,0,2,2
WBGene00196193.,0,6,6
WBGene00196194.,0,1,1
WBGene00196195.,0,2,2
WBGene00196196.,0,0,0
WBGene00196197.,0,0,0
WBGene00196198.,0,4,4
WBGene00196199.,0,3,3
WBGene00196200.,0,0,0
WBGene00196201.,0,1,1
WBGene00196202.,0,13,13
WBGene00196203.,0,0,0
WBGene00196204.,0,6,6
WBGene00196205.,0,0,0
WBGene00196206.,0,1,1
WBGene00196207.,0,0,0
WBGene00196208.,0,0,0
WBGene00196209.,0,0,0
WBGene00196210.,0,1,1
WBGene00196211.,0,0,0
WBGene00196212.,0,0,0
WBGene00196213.,0,0,0
WBGene00196214.,0,0,0
WBGene00196215.,0,0,0
WBGene00196216.,0,0,0
WBGene00196217.,0,0,0
WBGene00196218.,0,0,0
WBGene00196219.,0,4,4
WBGene00196220.,0,0,0
WBGene00196221.,0,0,0
WBGene00196222.,0,0,0
WBGene00196223.,0,19,19
WBGene00196224.,0,1,1
WBGene00196225.,0,2,2
WBGene00196226.,0,1,1
WBGene00196227.,0,0,0
WBGene00196228.,0,0,0
WBGene00196229.,0,0,0
WBGene00196230.,0,1,1
WBGene00196231.,0,0,0
WBGene00196232.,0,0,0
WBGene00196233.,0,0,0
WBGene00196234.,0,0,0
WBGene00196235.,0,20,20
WBGene00196236.,0,1,1
WBGene00196237.,0,12,12
WBGene00196238.,0,1,1
WBGene00196239.,0,0,0
WBGene00196240.,0,18,18
WBGene00196241.,0,0,0
WBGene00196242.,0,0,0
WBGene00196243.,0,0,0
WBGene00196244.,0,1,1
WBGene00196245.,0,0,0
WBGene00196246.,0,8,8
WBGene00196247.,0,0,0
WBGene00196248.,0,0,0
WBGene00196249.,0,0,0
WBGene00196250.,0,1,1
WBGene00196251.,0,0,0
WBGene00196252.,0,7,7
WBGene00196253.,0,0,0
WBGene00196254.,0,14,14
WBGene00196255.,0,2,2
WBGene00196256.,0,0,0
WBGene00196257.,0,68,68
WBGene00196258.,0,0,0
WBGene00196259.,0,0,0
WBGene00196260.,0,0,0
WBGene00196261.,0,0,0
WBGene00196262.,0,0,0
WBGene00196263.,0,0,0
WBGene00196264.,0,16,16
WBGene00196265.,0,3,3
WBGene00196266.,0,1,1
WBGene00196267.,0,3,3
WBGene00196268.,0,0,0
WBGene00196269.,0,0,0
WBGene00196270.,0,6,6
WBGene00196271.,0,0,0
WBGene00196272.,0,0,0
WBGene00196273.,0,0,0
WBGene00196274.,0,0,0
WBGene00196275.,0,3,3
WBGene00196276.,0,0,0
WBGene00196277.,0,1,1
WBGene00196278.,0,0,0
WBGene00196279.,0,1,1
WBGene00196280.,0,3,3
WBGene00196281.,0,0,0
WBGene00196282.,0,4,4
WBGene00196283.,0,0,0
WBGene00196284.,0,0,0
WBGene00196285.,0,13,13
WBGene00196286.,0,7,7
WBGene00196287.,0,1,1
WBGene00196288.,0,9,9
WBGene00196289.,0,13,13
WBGene00196290.,0,18,18
WBGene00196291.,0,0,0
WBGene00196292.,0,0,0
WBGene00196293.,0,0,0
WBGene00196294.,0,14,14
WBGene00196295.,0,0,0
WBGene00196296.,0,0,0
WBGene00196297.,0,0,0
WBGene00196298.,0,0,0
WBGene00196299.,0,0,0
WBGene00196300.,0,22,22
WBGene00196301.,0,2,2
WBGene00196302.,0,0,0
WBGene00196303.,0,7,7
WBGene00196304.,0,0,0
WBGene00196305.,0,3,3
WBGene00196306.,0,5,5
WBGene00196307.,0,33,33
WBGene00196308.,0,5,5
WBGene00196309.,0,2,2
WBGene00196310.,0,0,0
WBGene00196311.,0,0,0
WBGene00196312.,0,0,0
WBGene00196313.,0,0,0
WBGene00196314.,0,0,0
WBGene00196315.,0,11,11
WBGene00196316.,0,26,26
WBGene00196317.,0,0,0
WBGene00196318.,0,2,2
WBGene00196319.,0,1,1
WBGene00196320.,0,3,3
WBGene00196321.,0,0,0
WBGene00196322.,0,10,10
WBGene00196323.,0,0,0
WBGene00196324.,0,0,0
WBGene00196325.,0,0,0
WBGene00196326.,0,0,0
WBGene00196327.,0,7,7
WBGene00196328.,0,0,0
WBGene00196329.,0,2,2
WBGene00196330.,0,1,1
WBGene00196331.,0,7,7
WBGene00196332.,0,0,0
WBGene00196333.,0,0,0
WBGene00196334.,0,27,27
WBGene00196335.,0,1,1
WBGene00196336.,0,2,2
WBGene00196337.,0,0,0
WBGene00196338.,0,3,3
WBGene00196339.,0,0,0
WBGene00196340.,0,21,21
WBGene00196341.,0,0,0
WBGene00196342.,0,0,0
WBGene00196343.,0,0,0
WBGene00196344.,0,4,4
WBGene00196345.,0,0,0
WBGene00196346.,0,10,10
WBGene00196347.,0,0,0
WBGene00196348.,0,0,0
WBGene00196349.,0,0,0
WBGene00196350.,0,0,0
WBGene00196351.,0,0,0
WBGene00196352.,0,2,2
WBGene00196353.,0,0,0
WBGene00196354.,0,3,3
WBGene00196355.,0,4,4
WBGene00196356.,0,0,0
WBGene00196357.,0,0,0
WBGene00196358.,0,0,0
WBGene00196359.,0,0,0
WBGene00196360.,0,0,0
WBGene00196361.,0,0,0
WBGene00196362.,0,0,0
WBGene00196363.,0,1,1
WBGene00196364.,0,0,0
WBGene00196365.,0,0,0
WBGene00196366.,0,3,3
WBGene00196367.,0,3,3
WBGene00196368.,0,1,1
WBGene00196369.,0,0,0
WBGene00196370.,0,0,0
WBGene00196371.,0,1,1
WBGene00196372.,0,0,0
WBGene00196373.,0,7,7
WBGene00196374.,0,4,4
WBGene00196375.,0,0,0
WBGene00196376.,0,1,1
WBGene00196377.,0,0,0
WBGene00196378.,0,0,0
WBGene00196379.,0,2,2
WBGene00196380.,0,0,0
WBGene00196381.,0,0,0
WBGene00196382.,0,2,2
WBGene00196383.,0,0,0
WBGene00196384.,0,0,0
WBGene00196385.,0,0,0
WBGene00196386.,0,0,0
WBGene00196387.,0,0,0
WBGene00196388.,0,0,0
WBGene00196389.,0,0,0
WBGene00196390.,0,0,0
WBGene00196391.,0,0,0
WBGene00196392.,0,2,2
WBGene00196393.,0,9,9
WBGene00196394.,0,0,0
WBGene00196395.,0,0,0
WBGene00196396.,0,11605,11605
WBGene00196397.,0,0,0
WBGene00196398.,0,3,3
WBGene00196399.,0,0,0
WBGene00196400.,0,0,0
WBGene00196401.,0,1,1
WBGene00196402.,0,2,2
WBGene00196403.,0,8,8
WBGene00196404.,0,0,0
WBGene00196405.,0,0,0
WBGene00196406.,0,6,6
WBGene00196407.,0,9,9
WBGene00196408.,0,0,0
WBGene00196409.,0,10,10
WBGene00196410.,0,0,0
WBGene00196411.,0,0,0
WBGene00196412.,0,0,0
WBGene00196413.,0,0,0
WBGene00196414.,0,1,1
WBGene00196415.,0,3,3
WBGene00196416.,0,0,0
WBGene00196417.,0,7,7
WBGene00196418.,0,9,9
WBGene00196419.,0,1,1
WBGene00196420.,0,1,1
WBGene00196421.,0,9,9
WBGene00196422.,0,3,3
WBGene00196423.,0,3,3
WBGene00196424.,0,0,0
WBGene00196425.,0,2,2
WBGene00196426.,0,0,0
WBGene00196427.,0,4,4
WBGene00196428.,0,0,0
WBGene00196429.,0,1,1
WBGene00196430.,0,2,2
WBGene00196431.,0,0,0
WBGene00196432.,0,2,2
WBGene00196433.,0,1,1
WBGene00196434.,0,0,0
WBGene00196435.,0,0,0
WBGene00196436.,0,1,1
WBGene00196437.,0,11,11
WBGene00196438.,0,0,0
WBGene00196439.,0,0,0
WBGene00196440.,0,1,1
WBGene00196441.,0,2,2
WBGene00196442.,0,0,0
WBGene00196443.,0,43,43
WBGene00196444.,0,1,1
WBGene00196445.,0,1,1
WBGene00196446.,0,2,2
WBGene00196447.,0,3,3
WBGene00196448.,0,0,0
WBGene00196449.,0,2,2
WBGene00196450.,0,0,0
WBGene00196451.,0,0,0
WBGene00196452.,0,1,1
WBGene00196453.,0,6,6
WBGene00196454.,0,0,0
WBGene00196455.,0,0,0
WBGene00196456.,0,0,0
WBGene00196457.,0,0,0
WBGene00196458.,0,1,1
WBGene00196459.,0,0,0
WBGene00196460.,0,1,1
WBGene00196461.,0,1,1
WBGene00196462.,0,0,0
WBGene00196463.,0,0,0
WBGene00196464.,0,2,2
WBGene00196465.,0,5,5
WBGene00196466.,0,1,1
WBGene00196467.,0,1,1
WBGene00196468.,0,0,0
WBGene00196469.,0,0,0
WBGene00196470.,0,1,1
WBGene00196471.,0,1,1
WBGene00196472.,0,3,3
WBGene00196473.,0,0,0
WBGene00196474.,0,0,0
WBGene00196475.,0,3,3
WBGene00196476.,0,0,0
WBGene00196477.,0,0,0
WBGene00196478.,0,2,2
WBGene00196479.,0,0,0
WBGene00196480.,0,0,0
WBGene00196481.,0,0,0
WBGene00196482.,0,76,76
WBGene00196483.,0,1,1
WBGene00196484.,0,0,0
WBGene00196485.,0,0,0
WBGene00196486.,0,4,4
WBGene00196487.,0,0,0
WBGene00196488.,0,0,0
WBGene00196489.,0,0,0
WBGene00196490.,0,5,5
WBGene00196491.,0,3,3
WBGene00196492.,0,0,0
WBGene00196493.,0,0,0
WBGene00196494.,0,7,7
WBGene00196495.,0,0,0
WBGene00196496.,0,1,1
WBGene00196497.,0,3,3
WBGene00196498.,0,0,0
WBGene00196499.,0,6,6
WBGene00196500.,0,0,0
WBGene00196501.,0,0,0
WBGene00196502.,0,0,0
WBGene00196503.,0,0,0
WBGene00196504.,0,1,1
WBGene00196505.,0,3,3
WBGene00196506.,0,23,23
WBGene00196507.,0,13,13
WBGene00196508.,0,1,1
WBGene00196509.,0,7,7
WBGene00196510.,0,0,0
WBGene00196511.,0,4,4
WBGene00196512.,0,0,0
WBGene00196513.,0,0,0
WBGene00196514.,0,0,0
WBGene00196515.,0,0,0
WBGene00196516.,0,1,1
WBGene00196517.,0,4,4
WBGene00196518.,0,1,1
WBGene00196519.,0,0,0
WBGene00196520.,0,0,0
WBGene00196521.,0,5,5
WBGene00196522.,0,0,0
WBGene00196523.,0,16,16
WBGene00196524.,0,0,0
WBGene00196525.,0,0,0
WBGene00196526.,0,1,1
WBGene00196527.,0,1,1
WBGene00196528.,0,0,0
WBGene00196529.,0,1,1
WBGene00196530.,0,0,0
WBGene00196531.,0,2,2
WBGene00196532.,0,2,2
WBGene00196533.,0,0,0
WBGene00196534.,0,9,9
WBGene00196535.,0,0,0
WBGene00196536.,0,10,10
WBGene00196537.,0,62,62
WBGene00196538.,0,1,1
WBGene00196539.,0,0,0
WBGene00196540.,0,1,1
WBGene00196541.,0,0,0
WBGene00196542.,0,14,14
WBGene00196543.,0,0,0
WBGene00196544.,0,0,0
WBGene00196545.,0,2,2
WBGene00196546.,0,15,15
WBGene00196547.,0,6,6
WBGene00196548.,0,1,1
WBGene00196549.,0,0,0
WBGene00196550.,0,4,4
WBGene00196551.,0,0,0
WBGene00196552.,0,2,2
WBGene00196553.,0,0,0
WBGene00196554.,0,6,6
WBGene00196555.,0,0,0
WBGene00196556.,0,0,0
WBGene00196557.,0,0,0
WBGene00196558.,0,5,5
WBGene00196559.,0,0,0
WBGene00196560.,0,4,4
WBGene00196561.,0,1,1
WBGene00196562.,0,0,0
WBGene00196563.,0,16,16
WBGene00196564.,0,0,0
WBGene00196565.,0,6,6
WBGene00196566.,0,0,0
WBGene00196567.,0,4,4
WBGene00196568.,0,0,0
WBGene00196569.,0,5,5
WBGene00196570.,0,0,0
WBGene00196571.,0,0,0
WBGene00196572.,0,0,0
WBGene00196573.,0,1,1
WBGene00196574.,0,1,1
WBGene00196575.,0,2,2
WBGene00196576.,0,2,2
WBGene00196577.,0,6,6
WBGene00196578.,0,5,5
WBGene00196579.,0,1,1
WBGene00196580.,0,0,0
WBGene00196581.,0,0,0
WBGene00196582.,0,3,3
WBGene00196583.,0,0,0
WBGene00196584.,0,3,3
WBGene00196585.,0,3,3
WBGene00196586.,0,16,16
WBGene00196587.,0,0,0
WBGene00196588.,0,55,55
WBGene00196589.,0,0,0
WBGene00196590.,0,53,53
WBGene00196591.,0,6,6
WBGene00196592.,0,58,58
WBGene00196593.,0,2,2
WBGene00196594.,0,2,2
WBGene00196595.,0,0,0
WBGene00196596.,0,0,0
WBGene00196597.,0,0,0
WBGene00196598.,0,4,4
WBGene00196599.,0,9,9
WBGene00196600.,0,0,0
WBGene00196601.,0,0,0
WBGene00196602.,0,0,0
WBGene00196603.,0,0,0
WBGene00196604.,0,63,63
WBGene00196605.,0,2,2
WBGene00196606.,0,2,2
WBGene00196607.,0,1,1
WBGene00196608.,0,1,1
WBGene00196609.,0,0,0
WBGene00196610.,0,1,1
WBGene00196611.,0,0,0
WBGene00196612.,0,0,0
WBGene00196613.,0,0,0
WBGene00196614.,0,4,4
WBGene00196615.,0,0,0
WBGene00196616.,0,3,3
WBGene00196617.,0,1,1
WBGene00196618.,0,9,9
WBGene00196619.,0,4,4
WBGene00196620.,0,0,0
WBGene00196621.,0,0,0
WBGene00196622.,0,9,9
WBGene00196623.,0,7,7
WBGene00196624.,0,1,1
WBGene00196625.,0,9,9
WBGene00196626.,0,0,0
WBGene00196627.,0,0,0
WBGene00196628.,0,0,0
WBGene00196629.,0,6,6
WBGene00196630.,0,1,1
WBGene00196631.,0,10,10
WBGene00196632.,0,1,1
WBGene00196633.,0,1,1
WBGene00196634.,0,12,12
WBGene00196635.,0,39,39
WBGene00196636.,0,0,0
WBGene00196637.,0,2,2
WBGene00196638.,0,0,0
WBGene00196639.,0,1,1
WBGene00196640.,0,0,0
WBGene00196641.,0,1,1
WBGene00196642.,0,2,2
WBGene00196643.,0,7,7
WBGene00196644.,0,0,0
WBGene00196645.,0,0,0
WBGene00196646.,0,2,2
WBGene00196647.,0,0,0
WBGene00196648.,0,1,1
WBGene00196649.,0,1,1
WBGene00196650.,0,2,2
WBGene00196651.,0,2,2
WBGene00196652.,0,0,0
WBGene00196653.,0,9,9
WBGene00196654.,0,2,2
WBGene00196655.,0,0,0
WBGene00196656.,0,3,3
WBGene00196657.,0,0,0
WBGene00196658.,0,0,0
WBGene00196659.,0,0,0
WBGene00196660.,0,0,0
WBGene00196661.,0,0,0
WBGene00196662.,0,0,0
WBGene00196663.,0,0,0
WBGene00196664.,0,0,0
WBGene00196665.,0,0,0
WBGene00196666.,0,0,0
WBGene00196667.,0,0,0
WBGene00196668.,0,0,0
WBGene00196669.,0,0,0
WBGene00196670.,0,0,0
WBGene00196671.,0,0,0
WBGene00196672.,0,0,0
WBGene00196673.,0,0,0
WBGene00196674.,0,2,2
WBGene00196675.,0,0,0
WBGene00196676.,0,6,6
WBGene00196677.,0,1,1
WBGene00196678.,0,0,0
WBGene00196679.,0,1,1
WBGene00196680.,0,4,4
WBGene00196681.,0,0,0
WBGene00196682.,0,8,8
WBGene00196683.,0,5,5
WBGene00196684.,0,0,0
WBGene00196685.,0,1,1
WBGene00196686.,0,3,3
WBGene00196687.,0,2,2
WBGene00196688.,0,0,0
WBGene00196689.,0,0,0
WBGene00196690.,0,0,0
WBGene00196691.,0,0,0
WBGene00196692.,0,0,0
WBGene00196693.,0,17,17
WBGene00196694.,0,0,0
WBGene00196695.,0,12,12
WBGene00196696.,0,1,1
WBGene00196697.,0,1,1
WBGene00196698.,0,5,5
WBGene00196699.,0,1,1
WBGene00196700.,0,6,6
WBGene00196701.,0,0,0
WBGene00196702.,0,7,7
WBGene00196703.,0,0,0
WBGene00196704.,0,0,0
WBGene00196705.,0,3,3
WBGene00196706.,0,0,0
WBGene00196707.,0,8,8
WBGene00196708.,0,0,0
WBGene00196709.,0,9,9
WBGene00196710.,0,3,3
WBGene00196711.,0,1,1
WBGene00196712.,0,0,0
WBGene00196713.,0,0,0
WBGene00196714.,0,0,0
WBGene00196715.,0,0,0
WBGene00196716.,0,1,1
WBGene00196717.,0,0,0
WBGene00196718.,0,0,0
WBGene00196719.,0,0,0
WBGene00196720.,0,0,0
WBGene00196721.,0,9,9
WBGene00196722.,0,5,5
WBGene00196723.,0,5,5
WBGene00196724.,0,21,21
WBGene00196725.,0,2,2
WBGene00196726.,0,0,0
WBGene00196727.,0,5,5
WBGene00196728.,0,6,6
WBGene00196729.,0,34,34
WBGene00196730.,0,0,0
WBGene00196731.,0,1,1
WBGene00196732.,0,0,0
WBGene00196733.,0,1,1
WBGene00196734.,0,7,7
WBGene00196735.,0,8,8
WBGene00196736.,0,0,0
WBGene00196737.,0,0,0
WBGene00196738.,0,0,0
WBGene00196739.,0,1,1
WBGene00196740.,0,0,0
WBGene00196741.,0,3,3
WBGene00196742.,0,21,21
WBGene00196743.,0,0,0
WBGene00196744.,0,0,0
WBGene00196745.,0,0,0
WBGene00196746.,0,3,3
WBGene00196747.,0,5,5
WBGene00196748.,0,4,4
WBGene00196749.,0,0,0
WBGene00196750.,0,2,2
WBGene00196751.,0,0,0
WBGene00196752.,0,2,2
WBGene00196753.,0,68,68
WBGene00196754.,0,0,0
WBGene00196755.,0,1,1
WBGene00196756.,0,1,1
WBGene00196757.,0,0,0
WBGene00196758.,0,3,3
WBGene00196759.,0,6,6
WBGene00196760.,0,0,0
WBGene00196761.,0,10,10
WBGene00196762.,0,0,0
WBGene00196763.,0,6,6
WBGene00196764.,0,0,0
WBGene00196765.,0,0,0
WBGene00196766.,0,0,0
WBGene00196767.,0,6,6
WBGene00196768.,0,0,0
WBGene00196769.,0,2,2
WBGene00196770.,0,3,3
WBGene00196771.,0,0,0
WBGene00196772.,0,0,0
WBGene00196773.,0,0,0
WBGene00196774.,0,0,0
WBGene00196775.,0,24,24
WBGene00196776.,0,0,0
WBGene00196777.,0,9,9
WBGene00196778.,0,0,0
WBGene00196779.,0,5,5
WBGene00196780.,0,3,3
WBGene00196781.,0,0,0
WBGene00196782.,0,2,2
WBGene00196783.,0,0,0
WBGene00196784.,0,0,0
WBGene00196785.,0,13,13
WBGene00196786.,0,2,2
WBGene00196787.,0,3,3
WBGene00196788.,0,0,0
WBGene00196789.,0,3,3
WBGene00196790.,0,0,0
WBGene00196791.,0,0,0
WBGene00196792.,0,1,1
WBGene00196793.,0,13,13
WBGene00196794.,0,0,0
WBGene00196795.,0,0,0
WBGene00196796.,0,2,2
WBGene00196797.,0,20,20
WBGene00196798.,0,0,0
WBGene00196799.,0,1,1
WBGene00196800.,0,0,0
WBGene00196801.,0,1,1
WBGene00196802.,0,12,12
WBGene00196803.,0,0,0
WBGene00196804.,0,0,0
WBGene00196805.,0,7,7
WBGene00196806.,0,1,1
WBGene00196807.,0,9,9
WBGene00196808.,0,0,0
WBGene00196809.,0,2,2
WBGene00196810.,0,20,20
WBGene00196811.,0,4,4
WBGene00196812.,0,0,0
WBGene00196813.,0,0,0
WBGene00196814.,0,0,0
WBGene00196815.,0,10,10
WBGene00196816.,0,5,5
WBGene00196817.,0,6,6
WBGene00196818.,0,0,0
WBGene00196819.,0,2,2
WBGene00196820.,0,1,1
WBGene00196821.,0,12,12
WBGene00196822.,0,0,0
WBGene00196823.,0,3,3
WBGene00196824.,0,8,8
WBGene00196825.,0,17,17
WBGene00196826.,0,1,1
WBGene00196827.,0,33,33
WBGene00196828.,0,1,1
WBGene00196829.,0,0,0
WBGene00196830.,0,0,0
WBGene00196831.,0,43,43
WBGene00196832.,0,3,3
WBGene00196833.,0,0,0
WBGene00196834.,0,1,1
WBGene00196835.,0,2,2
WBGene00196836.,0,0,0
WBGene00196837.,0,0,0
WBGene00196838.,0,9,9
WBGene00196839.,0,0,0
WBGene00196840.,0,0,0
WBGene00196841.,0,4,4
WBGene00196842.,0,0,0
WBGene00196843.,0,0,0
WBGene00196844.,0,10,10
WBGene00196845.,0,3,3
WBGene00196846.,0,20,20
WBGene00196847.,0,0,0
WBGene00196848.,0,0,0
WBGene00196849.,0,0,0
WBGene00196850.,0,1,1
WBGene00196851.,0,0,0
WBGene00196852.,0,60,60
WBGene00196853.,0,0,0
WBGene00196854.,0,10,10
WBGene00196855.,0,0,0
WBGene00196856.,0,58,58
WBGene00196857.,0,0,0
WBGene00196858.,0,4,4
WBGene00196859.,0,2,2
WBGene00196860.,0,0,0
WBGene00196861.,0,2,2
WBGene00196862.,0,7,7
WBGene00196863.,0,0,0
WBGene00196864.,0,0,0
WBGene00196865.,0,0,0
WBGene00196866.,0,0,0
WBGene00196867.,0,17,17
WBGene00196868.,0,14,14
WBGene00196869.,0,0,0
WBGene00196870.,0,0,0
WBGene00196871.,0,178,178
WBGene00196872.,0,19,19
WBGene00196873.,0,0,0
WBGene00196874.,0,2,2
WBGene00196875.,0,0,0
WBGene00196876.,0,0,0
WBGene00196877.,0,8,8
WBGene00196878.,0,1,1
WBGene00196879.,0,26,26
WBGene00196880.,0,0,0
WBGene00196881.,0,2,2
WBGene00196882.,0,0,0
WBGene00196883.,0,0,0
WBGene00196884.,0,5,5
WBGene00196885.,0,5,5
WBGene00196886.,0,0,0
WBGene00196887.,0,2,2
WBGene00196888.,0,0,0
WBGene00196889.,0,3,3
WBGene00196890.,0,0,0
WBGene00196891.,0,3,3
WBGene00196892.,0,0,0
WBGene00196893.,0,17,17
WBGene00196894.,0,1,1
WBGene00196895.,0,1,1
WBGene00196896.,0,0,0
WBGene00196897.,0,1,1
WBGene00196898.,0,0,0
WBGene00196899.,0,0,0
WBGene00196900.,0,3,3
WBGene00196901.,0,0,0
WBGene00196902.,0,0,0
WBGene00196903.,0,0,0
WBGene00196904.,0,8,8
WBGene00196905.,0,0,0
WBGene00196906.,0,8,8
WBGene00196907.,0,0,0
WBGene00196908.,0,2,2
WBGene00196909.,0,1,1
WBGene00196910.,0,0,0
WBGene00196911.,0,3,3
WBGene00196912.,0,4,4
WBGene00196913.,0,7,7
WBGene00196914.,0,0,0
WBGene00196915.,0,3,3
WBGene00196916.,0,4,4
WBGene00196917.,0,3,3
WBGene00196918.,0,4,4
WBGene00196919.,0,0,0
WBGene00196920.,0,0,0
WBGene00196921.,0,2,2
WBGene00196922.,0,32,32
WBGene00196923.,0,0,0
WBGene00196924.,0,2,2
WBGene00196925.,0,1,1
WBGene00196926.,0,0,0
WBGene00196927.,0,0,0
WBGene00196928.,0,1,1
WBGene00196929.,0,1,1
WBGene00196930.,0,9,9
WBGene00196931.,0,7,7
WBGene00196932.,0,0,0
WBGene00196933.,0,4,4
WBGene00196934.,0,0,0
WBGene00196935.,0,13,13
WBGene00196936.,0,0,0
WBGene00196937.,0,4,4
WBGene00196938.,0,0,0
WBGene00196939.,0,4,4
WBGene00196940.,0,0,0
WBGene00196941.,0,6,6
WBGene00196942.,0,2,2
WBGene00196943.,0,2,2
WBGene00196944.,0,1,1
WBGene00196945.,0,0,0
WBGene00196946.,0,7,7
WBGene00196947.,0,6,6
WBGene00196948.,0,0,0
WBGene00196949.,0,4,4
WBGene00196950.,0,2,2
WBGene00196951.,0,0,0
WBGene00196952.,0,0,0
WBGene00196953.,0,0,0
WBGene00196954.,0,3,3
WBGene00196955.,0,0,0
WBGene00196956.,0,0,0
WBGene00196957.,0,0,0
WBGene00196958.,0,0,0
WBGene00196959.,0,1,1
WBGene00196960.,0,0,0
WBGene00196961.,0,13,13
WBGene00196962.,0,1,1
WBGene00196963.,0,3,3
WBGene00196964.,0,4,4
WBGene00196965.,0,3,3
WBGene00196966.,0,0,0
WBGene00196967.,0,1,1
WBGene00196968.,0,3,3
WBGene00196969.,0,15,15
WBGene00196970.,0,1,1
WBGene00196971.,0,2,2
WBGene00196972.,0,0,0
WBGene00196973.,0,3,3
WBGene00196974.,0,0,0
WBGene00196975.,0,0,0
WBGene00196976.,0,0,0
WBGene00196977.,0,0,0
WBGene00196978.,0,0,0
WBGene00196979.,0,1,1
WBGene00196980.,0,1,1
WBGene00196981.,0,4,4
WBGene00196982.,0,24,24
WBGene00196983.,0,0,0
WBGene00196984.,0,0,0
WBGene00196985.,0,9,9
WBGene00196986.,0,19,19
WBGene00196987.,0,3,3
WBGene00196988.,0,0,0
WBGene00196989.,0,2,2
WBGene00196990.,0,0,0
WBGene00196991.,0,0,0
WBGene00196992.,0,3,3
WBGene00196993.,0,5,5
WBGene00196994.,0,21,21
WBGene00196995.,0,0,0
WBGene00196996.,0,0,0
WBGene00196997.,0,0,0
WBGene00196998.,0,0,0
WBGene00196999.,0,0,0
WBGene00197000.,0,0,0
WBGene00197001.,0,3,3
WBGene00197002.,0,0,0
WBGene00197003.,0,0,0
WBGene00197004.,0,0,0
WBGene00197005.,0,1,1
WBGene00197006.,0,0,0
WBGene00197007.,0,4,4
WBGene00197008.,0,0,0
WBGene00197009.,0,0,0
WBGene00197010.,0,0,0
WBGene00197011.,0,1,1
WBGene00197012.,0,0,0
WBGene00197013.,0,2,2
WBGene00197014.,0,0,0
WBGene00197015.,0,9,9
WBGene00197016.,0,0,0
WBGene00197017.,0,0,0
WBGene00197018.,0,0,0
WBGene00197019.,0,3,3
WBGene00197020.,0,0,0
WBGene00197021.,0,0,0
WBGene00197022.,0,1,1
WBGene00197023.,0,0,0
WBGene00197024.,0,1,1
WBGene00197025.,0,3,3
WBGene00197026.,0,0,0
WBGene00197027.,0,12,12
WBGene00197028.,0,9,9
WBGene00197029.,0,0,0
WBGene00197030.,0,4,4
WBGene00197031.,0,2,2
WBGene00197032.,0,2,2
WBGene00197033.,0,34,34
WBGene00197034.,0,0,0
WBGene00197035.,0,1,1
WBGene00197036.,0,0,0
WBGene00197037.,0,0,0
WBGene00197038.,0,0,0
WBGene00197039.,1,11,12
WBGene00197040.,0,4,4
WBGene00197041.,0,0,0
WBGene00197042.,0,0,0
WBGene00197043.,0,1,1
WBGene00197044.,0,0,0
WBGene00197045.,0,7,7
WBGene00197046.,0,4,4
WBGene00197047.,0,1,1
WBGene00197048.,0,16,16
WBGene00197049.,0,1,1
WBGene00197050.,0,2,2
WBGene00197051.,0,0,0
WBGene00197052.,0,5,5
WBGene00197053.,0,8,8
WBGene00197054.,0,1,1
WBGene00197055.,0,2,2
WBGene00197056.,0,1,1
WBGene00197057.,0,1,1
WBGene00197058.,0,0,0
WBGene00197059.,0,0,0
WBGene00197060.,0,24,24
WBGene00197061.,0,8,8
WBGene00197062.,0,0,0
WBGene00197063.,0,2,2
WBGene00197064.,0,0,0
WBGene00197065.,0,6,6
WBGene00197066.,0,16,16
WBGene00197067.,0,13,13
WBGene00197068.,0,7,7
WBGene00197069.,0,24,24
WBGene00197070.,0,0,0
WBGene00197071.,0,0,0
WBGene00197072.,0,1,1
WBGene00197073.,0,3,3
WBGene00197074.,0,31,31
WBGene00197075.,0,0,0
WBGene00197076.,0,1,1
WBGene00197077.,0,0,0
WBGene00197078.,0,0,0
WBGene00197079.,0,0,0
WBGene00197080.,0,2,2
WBGene00197081.,0,3,3
WBGene00197082.,0,1,1
WBGene00197083.,0,7,7
WBGene00197084.,0,0,0
WBGene00197085.,0,3,3
WBGene00197086.,0,7,7
WBGene00197087.,0,0,0
WBGene00197088.,0,0,0
WBGene00197089.,0,5,5
WBGene00197090.,0,24,24
WBGene00197091.,0,2,2
WBGene00197092.,0,1,1
WBGene00197093.,0,1,1
WBGene00197094.,0,6,6
WBGene00197095.,0,1,1
WBGene00197096.,0,8,8
WBGene00197097.,0,79,79
WBGene00197098.,0,0,0
WBGene00197099.,0,1,1
WBGene00197100.,0,6,6
WBGene00197101.,0,0,0
WBGene00197102.,0,0,0
WBGene00197103.,0,1,1
WBGene00197104.,0,7,7
WBGene00197105.,0,0,0
WBGene00197106.,0,0,0
WBGene00197107.,0,0,0
WBGene00197108.,0,1,1
WBGene00197109.,0,0,0
WBGene00197110.,0,4,4
WBGene00197111.,0,0,0
WBGene00197112.,0,0,0
WBGene00197113.,0,0,0
WBGene00197114.,0,2,2
WBGene00197115.,0,1,1
WBGene00197116.,0,0,0
WBGene00197117.,0,1,1
WBGene00197118.,0,1,1
WBGene00197119.,0,1,1
WBGene00197120.,0,0,0
WBGene00197121.,0,11,11
WBGene00197122.,0,0,0
WBGene00197123.,0,0,0
WBGene00197124.,0,0,0
WBGene00197125.,0,0,0
WBGene00197126.,0,6,6
WBGene00197127.,0,24,24
WBGene00197128.,0,0,0
WBGene00197129.,0,1,1
WBGene00197130.,0,6,6
WBGene00197131.,0,3,3
WBGene00197132.,0,1,1
WBGene00197133.,0,0,0
WBGene00197134.,0,0,0
WBGene00197135.,0,0,0
WBGene00197136.,0,0,0
WBGene00197137.,0,0,0
WBGene00197138.,0,0,0
WBGene00197139.,0,1,1
WBGene00197140.,0,23,23
WBGene00197141.,0,5,5
WBGene00197142.,0,0,0
WBGene00197143.,0,0,0
WBGene00197144.,0,0,0
WBGene00197145.,0,0,0
WBGene00197146.,0,0,0
WBGene00197147.,0,1,1
WBGene00197148.,0,1,1
WBGene00197149.,0,3,3
WBGene00197150.,0,0,0
WBGene00197151.,0,0,0
WBGene00197152.,0,1,1
WBGene00197153.,0,0,0
WBGene00197154.,0,0,0
WBGene00197155.,0,4,4
WBGene00197156.,0,0,0
WBGene00197157.,0,1,1
WBGene00197158.,0,0,0
WBGene00197159.,0,0,0
WBGene00197160.,0,0,0
WBGene00197161.,0,0,0
WBGene00197162.,0,0,0
WBGene00197163.,0,0,0
WBGene00197164.,0,0,0
WBGene00197165.,0,0,0
WBGene00197166.,0,0,0
WBGene00197167.,0,0,0
WBGene00197168.,0,18,18
WBGene00197169.,0,0,0
WBGene00197170.,0,0,0
WBGene00197171.,0,502,502
WBGene00197172.,0,14,14
WBGene00197173.,0,0,0
WBGene00197174.,0,12,12
WBGene00197175.,0,1,1
WBGene00197176.,0,5,5
WBGene00197177.,0,1,1
WBGene00197178.,0,0,0
WBGene00197179.,0,0,0
WBGene00197180.,0,1,1
WBGene00197181.,0,0,0
WBGene00197182.,0,0,0
WBGene00197183.,0,7,7
WBGene00197184.,0,6,6
WBGene00197185.,0,4,4
WBGene00197186.,0,2,2
WBGene00197187.,0,1,1
WBGene00197188.,0,18,18
WBGene00197189.,0,4,4
WBGene00197190.,0,0,0
WBGene00197191.,0,1,1
WBGene00197192.,0,0,0
WBGene00197193.,0,0,0
WBGene00197194.,0,0,0
WBGene00197195.,0,11,11
WBGene00197196.,0,9,9
WBGene00197197.,0,0,0
WBGene00197198.,0,0,0
WBGene00197199.,0,2,2
WBGene00197200.,0,0,0
WBGene00197201.,0,0,0
WBGene00197202.,0,5,5
WBGene00197203.,0,3,3
WBGene00197204.,0,15,15
WBGene00197205.,0,6,6
WBGene00197206.,0,0,0
WBGene00197207.,0,1,1
WBGene00197208.,0,4,4
WBGene00197209.,0,28,28
WBGene00197210.,0,2,2
WBGene00197211.,0,3,3
WBGene00197212.,0,0,0
WBGene00197213.,0,1,1
WBGene00197214.,0,10,10
WBGene00197215.,0,895,895
WBGene00197216.,0,1,1
WBGene00197217.,0,3,3
WBGene00197218.,0,0,0
WBGene00197219.,0,0,0
WBGene00197220.,0,3,3
WBGene00197221.,0,0,0
WBGene00197222.,0,8,8
WBGene00197223.,0,1,1
WBGene00197224.,0,0,0
WBGene00197225.,0,1,1
WBGene00197226.,0,0,0
WBGene00197227.,0,3,3
WBGene00197228.,0,10,10
WBGene00197229.,0,0,0
WBGene00197230.,0,0,0
WBGene00197231.,0,14,14
WBGene00197232.,0,3,3
WBGene00197233.,0,0,0
WBGene00197234.,0,16,16
WBGene00197235.,0,0,0
WBGene00197236.,0,2,2
WBGene00197237.,0,0,0
WBGene00197238.,0,0,0
WBGene00197239.,0,1,1
WBGene00197240.,0,0,0
WBGene00197241.,0,0,0
WBGene00197242.,0,3,3
WBGene00197243.,0,8,8
WBGene00197244.,0,5,5
WBGene00197245.,0,0,0
WBGene00197246.,0,3,3
WBGene00197247.,0,0,0
WBGene00197248.,0,0,0
WBGene00197249.,0,2,2
WBGene00197250.,0,114,114
WBGene00197251.,0,0,0
WBGene00197252.,0,0,0
WBGene00197253.,0,3,3
WBGene00197254.,0,4,4
WBGene00197255.,0,5,5
WBGene00197256.,0,0,0
WBGene00197257.,0,13,13
WBGene00197258.,0,6,6
WBGene00197259.,0,27,27
WBGene00197260.,0,0,0
WBGene00197261.,0,0,0
WBGene00197262.,0,0,0
WBGene00197263.,0,0,0
WBGene00197264.,0,0,0
WBGene00197265.,0,2,2
WBGene00197266.,0,1,1
WBGene00197267.,0,1,1
WBGene00197268.,0,0,0
WBGene00197269.,0,5,5
WBGene00197270.,0,3,3
WBGene00197271.,0,0,0
WBGene00197272.,0,0,0
WBGene00197273.,0,3,3
WBGene00197274.,0,13,13
WBGene00197275.,0,0,0
WBGene00197276.,0,1,1
WBGene00197277.,0,0,0
WBGene00197278.,0,3,3
WBGene00197279.,0,14,14
WBGene00197280.,0,2,2
WBGene00197281.,0,2,2
WBGene00197282.,0,0,0
WBGene00197283.,0,4,4
WBGene00197284.,0,0,0
WBGene00197285.,0,4,4
WBGene00197286.,0,2,2
WBGene00197287.,0,0,0
WBGene00197288.,0,0,0
WBGene00197289.,0,3,3
WBGene00197290.,0,0,0
WBGene00197291.,0,0,0
WBGene00197292.,0,0,0
WBGene00197293.,0,3,3
WBGene00197294.,0,0,0
WBGene00197295.,0,0,0
WBGene00197296.,0,0,0
WBGene00197297.,0,7,7
WBGene00197298.,0,1,1
WBGene00197299.,0,2,2
WBGene00197300.,0,0,0
WBGene00197301.,0,0,0
WBGene00197302.,0,1,1
WBGene00197303.,0,0,0
WBGene00197304.,0,0,0
WBGene00197305.,0,0,0
WBGene00197306.,0,0,0
WBGene00197307.,0,2,2
WBGene00197308.,0,5,5
WBGene00197309.,0,2,2
WBGene00197310.,0,2,2
WBGene00197311.,0,0,0
WBGene00197312.,0,0,0
WBGene00197313.,0,1,1
WBGene00197314.,0,4,4
WBGene00197315.,0,0,0
WBGene00197316.,0,1,1
WBGene00197317.,0,0,0
WBGene00197318.,0,0,0
WBGene00197319.,0,3,3
WBGene00197320.,0,0,0
WBGene00197321.,0,8,8
WBGene00197322.,0,4,4
WBGene00197323.,0,3,3
WBGene00197324.,0,2,2
WBGene00197325.,0,0,0
WBGene00197326.,0,42,42
WBGene00197327.,0,5,5
WBGene00197328.,0,5,5
WBGene00197329.,0,0,0
WBGene00197330.,0,0,0
WBGene00197331.,0,0,0
WBGene00197332.,0,1,1
WBGene00197333.,0,2,2
WBGene00197334.,0,7,7
WBGene00197335.,0,11,11
WBGene00197336.,0,0,0
WBGene00197337.,0,2,2
WBGene00197338.,0,1,1
WBGene00197339.,0,843,843
WBGene00197340.,0,1,1
WBGene00197341.,0,0,0
WBGene00197342.,0,6,6
WBGene00197343.,0,3,3
WBGene00197344.,0,2,2
WBGene00197345.,0,0,0
WBGene00197346.,0,0,0
WBGene00197347.,0,2,2
WBGene00197348.,0,0,0
WBGene00197349.,0,0,0
WBGene00197350.,0,0,0
WBGene00197351.,0,3,3
WBGene00197352.,0,0,0
WBGene00197353.,0,0,0
WBGene00197354.,0,3,3
WBGene00197355.,0,0,0
WBGene00197356.,0,5,5
WBGene00197357.,0,1,1
WBGene00197358.,0,0,0
WBGene00197359.,0,1,1
WBGene00197360.,0,1,1
WBGene00197361.,0,0,0
WBGene00197362.,0,6,6
WBGene00197363.,0,1,1
WBGene00197364.,0,0,0
WBGene00197365.,0,0,0
WBGene00197366.,0,2,2
WBGene00197367.,0,0,0
WBGene00197368.,0,0,0
WBGene00197369.,0,0,0
WBGene00197370.,0,9,9
WBGene00197371.,0,0,0
WBGene00197372.,0,0,0
WBGene00197373.,0,14,14
WBGene00197374.,0,0,0
WBGene00197375.,0,12,12
WBGene00197376.,0,2,2
WBGene00197377.,0,0,0
WBGene00197378.,0,0,0
WBGene00197379.,0,0,0
WBGene00197380.,0,0,0
WBGene00197381.,0,2,2
WBGene00197382.,0,8,8
WBGene00197383.,0,3,3
WBGene00197384.,0,0,0
WBGene00197385.,0,0,0
WBGene00197386.,0,0,0
WBGene00197387.,0,0,0
WBGene00197388.,0,1,1
WBGene00197389.,0,0,0
WBGene00197390.,0,0,0
WBGene00197391.,0,0,0
WBGene00197392.,0,0,0
WBGene00197393.,0,0,0
WBGene00197394.,0,0,0
WBGene00197395.,0,15,15
WBGene00197396.,0,19,19
WBGene00197397.,0,0,0
WBGene00197398.,0,2,2
WBGene00197399.,0,29,29
WBGene00197400.,0,6,6
WBGene00197401.,0,0,0
WBGene00197402.,0,0,0
WBGene00197403.,0,0,0
WBGene00197404.,0,89,89
WBGene00197405.,0,0,0
WBGene00197406.,0,109,109
WBGene00197407.,0,1,1
WBGene00197408.,0,1,1
WBGene00197409.,0,4,4
WBGene00197410.,0,4,4
WBGene00197411.,0,11,11
WBGene00197412.,0,1,1
WBGene00197413.,0,2,2
WBGene00197414.,0,0,0
WBGene00197415.,0,0,0
WBGene00197416.,0,10,10
WBGene00197417.,0,0,0
WBGene00197418.,0,0,0
WBGene00197419.,0,1,1
WBGene00197420.,0,2,2
WBGene00197421.,0,0,0
WBGene00197422.,0,0,0
WBGene00197423.,0,0,0
WBGene00197424.,0,19,19
WBGene00197425.,0,0,0
WBGene00197426.,0,1,1
WBGene00197427.,0,0,0
WBGene00197428.,0,0,0
WBGene00197429.,0,2,2
WBGene00197430.,0,0,0
WBGene00197431.,0,2,2
WBGene00197432.,0,0,0
WBGene00197433.,0,0,0
WBGene00197434.,0,1,1
WBGene00197435.,0,0,0
WBGene00197436.,0,1,1
WBGene00197437.,0,1,1
WBGene00197438.,0,5,5
WBGene00197439.,0,0,0
WBGene00197440.,0,6,6
WBGene00197441.,0,1,1
WBGene00197442.,0,0,0
WBGene00197443.,0,0,0
WBGene00197444.,0,26,26
WBGene00197445.,0,0,0
WBGene00197446.,0,4,4
WBGene00197447.,0,0,0
WBGene00197448.,0,1,1
WBGene00197449.,0,0,0
WBGene00197450.,0,4,4
WBGene00197451.,0,1,1
WBGene00197452.,0,28,28
WBGene00197453.,0,0,0
WBGene00197454.,0,22,22
WBGene00197455.,0,8,8
WBGene00197456.,0,0,0
WBGene00197457.,0,0,0
WBGene00197458.,0,1,1
WBGene00197459.,0,0,0
WBGene00197460.,0,0,0
WBGene00197461.,0,2,2
WBGene00197462.,0,3,3
WBGene00197463.,0,1,1
WBGene00197464.,0,21,21
WBGene00197465.,0,2,2
WBGene00197466.,0,0,0
WBGene00197467.,0,6,6
WBGene00197468.,0,1,1
WBGene00197469.,0,0,0
WBGene00197470.,0,0,0
WBGene00197471.,0,5,5
WBGene00197472.,0,0,0
WBGene00197473.,0,1,1
WBGene00197474.,0,0,0
WBGene00197475.,0,0,0
WBGene00197476.,0,1,1
WBGene00197477.,0,16,16
WBGene00197478.,0,0,0
WBGene00197479.,0,1,1
WBGene00197480.,0,0,0
WBGene00197481.,0,14,14
WBGene00197482.,0,35,35
WBGene00197483.,0,3,3
WBGene00197484.,0,4,4
WBGene00197485.,0,7,7
WBGene00197486.,0,16,16
WBGene00197487.,0,1,1
WBGene00197488.,0,0,0
WBGene00197489.,0,2,2
WBGene00197490.,0,0,0
WBGene00197491.,0,3,3
WBGene00197492.,0,0,0
WBGene00197493.,0,0,0
WBGene00197494.,0,0,0
WBGene00197495.,0,2,2
WBGene00197496.,0,1,1
WBGene00197497.,0,1,1
WBGene00197498.,0,6,6
WBGene00197499.,0,0,0
WBGene00197500.,0,7,7
WBGene00197501.,0,1,1
WBGene00197502.,0,0,0
WBGene00197503.,0,0,0
WBGene00197504.,0,0,0
WBGene00197505.,0,0,0
WBGene00197506.,0,0,0
WBGene00197507.,0,2,2
WBGene00197508.,0,0,0
WBGene00197509.,0,4,4
WBGene00197510.,0,4,4
WBGene00197511.,0,71,71
WBGene00197512.,0,0,0
WBGene00197513.,0,1,1
WBGene00197514.,0,0,0
WBGene00197515.,0,58,58
WBGene00197516.,0,25,25
WBGene00197517.,0,24,24
WBGene00197518.,0,7,7
WBGene00197519.,0,0,0
WBGene00197520.,0,0,0
WBGene00197521.,0,2,2
WBGene00197522.,0,0,0
WBGene00197523.,0,2,2
WBGene00197524.,0,0,0
WBGene00197525.,0,7,7
WBGene00197526.,0,0,0
WBGene00197527.,0,5,5
WBGene00197528.,0,0,0
WBGene00197529.,0,8,8
WBGene00197530.,0,0,0
WBGene00197531.,0,1,1
WBGene00197532.,0,6,6
WBGene00197533.,0,0,0
WBGene00197534.,0,22,22
WBGene00197535.,0,2,2
WBGene00197536.,0,0,0
WBGene00197537.,0,1,1
WBGene00197538.,0,0,0
WBGene00197539.,0,0,0
WBGene00197540.,0,0,0
WBGene00197541.,0,15,15
WBGene00197542.,0,1,1
WBGene00197543.,0,2,2
WBGene00197544.,0,1,1
WBGene00197545.,0,0,0
WBGene00197546.,0,3,3
WBGene00197547.,0,0,0
WBGene00197548.,0,3,3
WBGene00197549.,0,0,0
WBGene00197550.,0,5,5
WBGene00197551.,0,0,0
WBGene00197552.,0,0,0
WBGene00197553.,0,3,3
WBGene00197554.,0,0,0
WBGene00197555.,0,3,3
WBGene00197556.,0,2,2
WBGene00197557.,0,1,1
WBGene00197558.,0,13,13
WBGene00197559.,0,1,1
WBGene00197560.,0,0,0
WBGene00197561.,0,0,0
WBGene00197562.,0,0,0
WBGene00197563.,0,1,1
WBGene00197564.,0,0,0
WBGene00197565.,0,0,0
WBGene00197566.,0,0,0
WBGene00197567.,0,0,0
WBGene00197568.,0,0,0
WBGene00197569.,0,0,0
WBGene00197570.,0,0,0
WBGene00197571.,0,2,2
WBGene00197572.,0,0,0
WBGene00197573.,0,1,1
WBGene00197574.,0,10,10
WBGene00197575.,0,0,0
WBGene00197576.,0,4,4
WBGene00197577.,0,6,6
WBGene00197578.,0,25,25
WBGene00197579.,0,13,13
WBGene00197580.,0,24,24
WBGene00197581.,0,9,9
WBGene00197582.,0,3,3
WBGene00197583.,0,26,26
WBGene00197584.,0,0,0
WBGene00197585.,0,13,13
WBGene00197586.,0,6,6
WBGene00197587.,0,5,5
WBGene00197588.,0,1,1
WBGene00197589.,0,0,0
WBGene00197590.,0,0,0
WBGene00197591.,0,21,21
WBGene00197592.,0,1,1
WBGene00197593.,0,0,0
WBGene00197594.,0,0,0
WBGene00197595.,0,4,4
WBGene00197596.,0,0,0
WBGene00197597.,0,6,6
WBGene00197598.,0,0,0
WBGene00197599.,0,1,1
WBGene00197600.,0,9,9
WBGene00197601.,0,15,15
WBGene00197602.,0,0,0
WBGene00197603.,0,0,0
WBGene00197604.,0,9,9
WBGene00197605.,0,0,0
WBGene00197606.,0,0,0
WBGene00197607.,0,0,0
WBGene00197608.,0,0,0
WBGene00197609.,0,15,15
WBGene00197610.,0,0,0
WBGene00197611.,0,3,3
WBGene00197612.,0,2,2
WBGene00197613.,0,0,0
WBGene00197614.,0,0,0
WBGene00197615.,0,10,10
WBGene00197616.,0,7,7
WBGene00197617.,0,0,0
WBGene00197618.,0,2,2
WBGene00197619.,0,1,1
WBGene00197620.,0,10,10
WBGene00197621.,0,168,168
WBGene00197622.,0,0,0
WBGene00197623.,0,0,0
WBGene00197624.,0,6,6
WBGene00197625.,0,12,12
WBGene00197626.,0,1,1
WBGene00197627.,0,6,6
WBGene00197628.,0,0,0
WBGene00197629.,0,0,0
WBGene00197630.,0,0,0
WBGene00197631.,0,0,0
WBGene00197632.,0,10,10
WBGene00197633.,0,26,26
WBGene00197634.,0,12,12
WBGene00197635.,0,1,1
WBGene00197636.,0,30,30
WBGene00197637.,0,0,0
WBGene00197638.,0,1,1
WBGene00197639.,0,0,0
WBGene00197640.,0,0,0
WBGene00197641.,0,1,1
WBGene00197642.,0,15,15
WBGene00197643.,0,0,0
WBGene00197644.,0,1,1
WBGene00197645.,0,1,1
WBGene00197646.,0,0,0
WBGene00197647.,0,7,7
WBGene00197648.,0,10,10
WBGene00197649.,0,2,2
WBGene00197650.,0,4,4
WBGene00197651.,0,0,0
WBGene00197652.,0,6,6
WBGene00197653.,0,0,0
WBGene00197654.,0,0,0
WBGene00197655.,0,0,0
WBGene00197656.,0,1,1
WBGene00197657.,0,4,4
WBGene00197658.,0,2,2
WBGene00197659.,0,2,2
WBGene00197660.,0,1,1
WBGene00197661.,0,0,0
WBGene00197662.,0,0,0
WBGene00197663.,0,0,0
WBGene00197664.,0,2,2
WBGene00197665.,0,2,2
WBGene00197666.,0,0,0
WBGene00197667.,0,19,19
WBGene00197668.,0,0,0
WBGene00197669.,0,2,2
WBGene00197670.,0,9,9
WBGene00197671.,0,1,1
WBGene00197672.,0,1,1
WBGene00197673.,0,0,0
WBGene00197674.,0,0,0
WBGene00197675.,0,1,1
WBGene00197676.,0,0,0
WBGene00197677.,0,0,0
WBGene00197678.,0,0,0
WBGene00197679.,0,16,16
WBGene00197680.,0,0,0
WBGene00197681.,0,0,0
WBGene00197682.,0,1,1
WBGene00197683.,0,0,0
WBGene00197684.,0,2,2
WBGene00197685.,0,2,2
WBGene00197686.,0,38,38
WBGene00197687.,0,1,1
WBGene00197688.,0,1,1
WBGene00197689.,0,0,0
WBGene00197690.,0,0,0
WBGene00197691.,0,8,8
WBGene00197692.,0,0,0
WBGene00197693.,0,0,0
WBGene00197694.,0,11,11
WBGene00197695.,0,0,0
WBGene00197696.,0,0,0
WBGene00197697.,0,0,0
WBGene00197698.,0,16,16
WBGene00197699.,0,3,3
WBGene00197700.,0,0,0
WBGene00197701.,0,2,2
WBGene00197702.,0,3,3
WBGene00197703.,0,1,1
WBGene00197704.,0,6,6
WBGene00197705.,0,1,1
WBGene00197706.,0,1,1
WBGene00197707.,0,2,2
WBGene00197708.,0,3,3
WBGene00197709.,0,5,5
WBGene00197710.,0,11,11
WBGene00197711.,0,0,0
WBGene00197712.,0,5,5
WBGene00197713.,0,4,4
WBGene00197714.,0,0,0
WBGene00197715.,0,4,4
WBGene00197716.,0,5,5
WBGene00197717.,0,1,1
WBGene00197718.,0,2,2
WBGene00197719.,0,0,0
WBGene00197720.,0,1,1
WBGene00197721.,0,4,4
WBGene00197722.,0,0,0
WBGene00197723.,0,1,1
WBGene00197724.,0,12,12
WBGene00197725.,0,0,0
WBGene00197726.,0,2,2
WBGene00197727.,0,3,3
WBGene00197728.,0,5,5
WBGene00197729.,0,0,0
WBGene00197730.,0,0,0
WBGene00197731.,0,1,1
WBGene00197732.,0,23,23
WBGene00197733.,0,0,0
WBGene00197734.,0,1,1
WBGene00197735.,0,0,0
WBGene00197736.,0,0,0
WBGene00197737.,0,1,1
WBGene00197738.,0,0,0
WBGene00197739.,0,6,6
WBGene00197740.,0,0,0
WBGene00197741.,0,2,2
WBGene00197742.,0,0,0
WBGene00197743.,0,1,1
WBGene00197744.,0,0,0
WBGene00197745.,0,1,1
WBGene00197746.,0,0,0
WBGene00197747.,0,0,0
WBGene00197748.,0,0,0
WBGene00197749.,0,4,4
WBGene00197750.,0,2,2
WBGene00197751.,0,0,0
WBGene00197752.,0,3,3
WBGene00197753.,0,6,6
WBGene00197754.,0,0,0
WBGene00197755.,0,2,2
WBGene00197756.,0,0,0
WBGene00197757.,0,11,11
WBGene00197758.,0,2,2
WBGene00197759.,0,2,2
WBGene00197760.,0,0,0
WBGene00197761.,0,0,0
WBGene00197762.,0,0,0
WBGene00197763.,0,11,11
WBGene00197764.,0,2,2
WBGene00197765.,0,0,0
WBGene00197766.,0,3,3
WBGene00197767.,0,2,2
WBGene00197768.,0,0,0
WBGene00197769.,0,4,4
WBGene00197770.,0,0,0
WBGene00197771.,0,0,0
WBGene00197772.,0,0,0
WBGene00197773.,0,0,0
WBGene00197774.,0,1,1
WBGene00197775.,0,14,14
WBGene00197776.,0,0,0
WBGene00197777.,0,0,0
WBGene00197778.,0,0,0
WBGene00197779.,0,6,6
WBGene00197780.,0,0,0
WBGene00197781.,0,3,3
WBGene00197782.,0,2,2
WBGene00197783.,0,5,5
WBGene00197784.,0,0,0
WBGene00197785.,0,0,0
WBGene00197786.,0,4,4
WBGene00197787.,0,0,0
WBGene00197788.,0,0,0
WBGene00197789.,0,0,0
WBGene00197790.,0,1,1
WBGene00197791.,0,7,7
WBGene00197792.,0,0,0
WBGene00197793.,0,4,4
WBGene00197794.,0,1,1
WBGene00197795.,0,13,13
WBGene00197796.,0,1,1
WBGene00197797.,0,1,1
WBGene00197798.,0,2,2
WBGene00197799.,0,0,0
WBGene00197800.,0,3,3
WBGene00197801.,0,1,1
WBGene00197802.,0,15,15
WBGene00197803.,0,74,74
WBGene00197804.,0,0,0
WBGene00197805.,0,10,10
WBGene00197806.,0,0,0
WBGene00197807.,0,0,0
WBGene00197808.,0,0,0
WBGene00197809.,0,0,0
WBGene00197810.,0,0,0
WBGene00197811.,0,0,0
WBGene00197812.,0,1,1
WBGene00197813.,0,1,1
WBGene00197814.,0,0,0
WBGene00197815.,0,0,0
WBGene00197816.,0,0,0
WBGene00197817.,0,1,1
WBGene00197818.,0,2,2
WBGene00197819.,0,2,2
WBGene00197820.,0,0,0
WBGene00197821.,0,5,5
WBGene00197822.,0,6,6
WBGene00197823.,0,0,0
WBGene00197824.,0,0,0
WBGene00197825.,0,10,10
WBGene00197826.,0,0,0
WBGene00197827.,0,0,0
WBGene00197828.,0,0,0
WBGene00197829.,0,5,5
WBGene00197830.,0,0,0
WBGene00197831.,0,0,0
WBGene00197832.,0,0,0
WBGene00197833.,0,1,1
WBGene00197834.,0,0,0
WBGene00197835.,0,0,0
WBGene00197836.,0,6,6
WBGene00197837.,0,0,0
WBGene00197838.,0,0,0
WBGene00197839.,0,0,0
WBGene00197840.,0,0,0
WBGene00197841.,0,0,0
WBGene00197842.,0,0,0
WBGene00197843.,0,0,0
WBGene00197844.,0,0,0
WBGene00197845.,0,2,2
WBGene00197846.,0,6,6
WBGene00197847.,0,52,52
WBGene00197848.,0,2,2
WBGene00197849.,0,1,1
WBGene00197850.,0,4,4
WBGene00197851.,0,0,0
WBGene00197852.,0,3,3
WBGene00197853.,0,18,18
WBGene00197854.,0,15,15
WBGene00197855.,0,2,2
WBGene00197856.,0,0,0
WBGene00197857.,0,23,23
WBGene00197858.,0,3,3
WBGene00197859.,0,0,0
WBGene00197860.,0,31,31
WBGene00197861.,0,0,0
WBGene00197862.,0,2,2
WBGene00197863.,0,2,2
WBGene00197864.,0,0,0
WBGene00197865.,0,5,5
WBGene00197866.,0,0,0
WBGene00197867.,0,3,3
WBGene00197868.,0,4,4
WBGene00197869.,0,2,2
WBGene00197870.,0,0,0
WBGene00197871.,0,1,1
WBGene00197872.,0,0,0
WBGene00197873.,0,17,17
WBGene00197874.,0,5,5
WBGene00197875.,0,3,3
WBGene00197876.,0,1,1
WBGene00197877.,0,0,0
WBGene00197878.,0,0,0
WBGene00197879.,0,17,17
WBGene00197880.,0,4,4
WBGene00197881.,0,0,0
WBGene00197882.,0,0,0
WBGene00197883.,0,24,24
WBGene00197884.,0,10,10
WBGene00197885.,0,2,2
WBGene00197886.,0,0,0
WBGene00197887.,0,9,9
WBGene00197888.,0,0,0
WBGene00197889.,0,7,7
WBGene00197890.,0,0,0
WBGene00197891.,0,0,0
WBGene00197892.,0,0,0
WBGene00197893.,0,0,0
WBGene00197894.,0,0,0
WBGene00197895.,0,0,0
WBGene00197896.,0,23,23
WBGene00197897.,0,0,0
WBGene00197898.,0,2,2
WBGene00197899.,0,6,6
WBGene00197900.,0,0,0
WBGene00197901.,0,0,0
WBGene00197902.,0,0,0
WBGene00197903.,0,17,17
WBGene00197904.,0,0,0
WBGene00197905.,0,0,0
WBGene00197906.,0,65,65
WBGene00197907.,0,0,0
WBGene00197908.,0,0,0
WBGene00197909.,0,10,10
WBGene00197910.,0,0,0
WBGene00197911.,0,0,0
WBGene00197912.,0,2,2
WBGene00197913.,0,6,6
WBGene00197914.,0,1,1
WBGene00197915.,0,0,0
WBGene00197916.,0,0,0
WBGene00197917.,0,0,0
WBGene00197918.,0,0,0
WBGene00197919.,0,0,0
WBGene00197920.,0,1,1
WBGene00197921.,0,272,272
WBGene00197922.,0,2,2
WBGene00197923.,0,59,59
WBGene00197924.,0,3,3
WBGene00197925.,0,3,3
WBGene00197926.,0,0,0
WBGene00197927.,0,1,1
WBGene00197928.,0,1,1
WBGene00197929.,0,0,0
WBGene00197930.,0,0,0
WBGene00197931.,0,3,3
WBGene00197932.,0,1,1
WBGene00197933.,0,0,0
WBGene00197934.,0,30,30
WBGene00197935.,0,0,0
WBGene00197936.,0,0,0
WBGene00197937.,0,1,1
WBGene00197938.,0,1,1
WBGene00197939.,0,0,0
WBGene00197940.,0,0,0
WBGene00197941.,0,12,12
WBGene00197942.,0,1,1
WBGene00197943.,0,0,0
WBGene00197944.,0,18,18
WBGene00197945.,0,4,4
WBGene00197946.,0,1,1
WBGene00197947.,0,0,0
WBGene00197948.,0,0,0
WBGene00197949.,0,9,9
WBGene00197950.,0,0,0
WBGene00197951.,0,1,1
WBGene00197952.,0,2,2
WBGene00197953.,0,0,0
WBGene00197954.,0,1,1
WBGene00197955.,0,2,2
WBGene00197956.,0,0,0
WBGene00197957.,0,1,1
WBGene00197958.,0,10,10
WBGene00197959.,0,10,10
WBGene00197960.,0,4,4
WBGene00197961.,0,1,1
WBGene00197962.,0,0,0
WBGene00197963.,0,0,0
WBGene00197964.,0,0,0
WBGene00197965.,0,4,4
WBGene00197966.,0,0,0
WBGene00197967.,0,0,0
WBGene00197968.,0,0,0
WBGene00197969.,0,9,9
WBGene00197970.,0,4,4
WBGene00197971.,0,30,30
WBGene00197972.,0,3,3
WBGene00197973.,0,15,15
WBGene00197974.,0,0,0
WBGene00197975.,0,3,3
WBGene00197976.,0,8,8
WBGene00197977.,0,0,0
WBGene00197978.,0,0,0
WBGene00197979.,0,2,2
WBGene00197980.,0,0,0
WBGene00197981.,0,0,0
WBGene00197982.,0,0,0
WBGene00197983.,0,7,7
WBGene00197984.,0,4,4
WBGene00197985.,0,1,1
WBGene00197986.,0,1,1
WBGene00197987.,0,0,0
WBGene00197988.,0,0,0
WBGene00197989.,0,0,0
WBGene00197990.,0,0,0
WBGene00197991.,0,5,5
WBGene00197992.,0,5,5
WBGene00197993.,0,0,0
WBGene00197994.,0,1,1
WBGene00197995.,0,11,11
WBGene00197996.,0,0,0
WBGene00197997.,0,1,1
WBGene00197998.,0,0,0
WBGene00197999.,0,0,0
WBGene00198000.,0,5,5
WBGene00198001.,0,0,0
WBGene00198002.,0,0,0
WBGene00198003.,0,1,1
WBGene00198004.,0,2,2
WBGene00198005.,0,0,0
WBGene00198006.,0,0,0
WBGene00198007.,0,0,0
WBGene00198008.,0,1,1
WBGene00198009.,0,1,1
WBGene00198010.,0,0,0
WBGene00198011.,0,0,0
WBGene00198012.,0,0,0
WBGene00198013.,0,3,3
WBGene00198014.,0,13,13
WBGene00198015.,0,0,0
WBGene00198016.,0,0,0
WBGene00198017.,0,4,4
WBGene00198018.,0,1,1
WBGene00198019.,0,7,7
WBGene00198020.,0,3,3
WBGene00198021.,0,30,30
WBGene00198022.,0,2,2
WBGene00198023.,0,1,1
WBGene00198024.,0,0,0
WBGene00198025.,0,2,2
WBGene00198026.,0,0,0
WBGene00198027.,0,1,1
WBGene00198028.,0,0,0
WBGene00198029.,0,3,3
WBGene00198030.,0,0,0
WBGene00198031.,0,0,0
WBGene00198032.,0,0,0
WBGene00198033.,0,0,0
WBGene00198034.,0,0,0
WBGene00198035.,0,0,0
WBGene00198036.,0,1,1
WBGene00198037.,0,0,0
WBGene00198038.,0,0,0
WBGene00198039.,0,0,0
WBGene00198040.,0,0,0
WBGene00198041.,0,0,0
WBGene00198042.,0,3,3
WBGene00198043.,0,0,0
WBGene00198044.,0,0,0
WBGene00198045.,0,0,0
WBGene00198046.,0,1,1
WBGene00198047.,0,16,16
WBGene00198048.,0,3,3
WBGene00198049.,0,0,0
WBGene00198050.,0,0,0
WBGene00198051.,0,2,2
WBGene00198052.,0,2,2
WBGene00198053.,0,4,4
WBGene00198054.,0,0,0
WBGene00198055.,0,0,0
WBGene00198056.,0,6,6
WBGene00198057.,0,5,5
WBGene00198058.,0,1,1
WBGene00198059.,0,0,0
WBGene00198060.,0,0,0
WBGene00198061.,0,2,2
WBGene00198062.,0,0,0
WBGene00198063.,0,0,0
WBGene00198064.,0,11,11
WBGene00198065.,0,2,2
WBGene00198066.,0,1,1
WBGene00198067.,0,0,0
WBGene00198068.,0,0,0
WBGene00198069.,0,1,1
WBGene00198070.,0,0,0
WBGene00198071.,0,0,0
WBGene00198072.,0,0,0
WBGene00198073.,0,0,0
WBGene00198074.,0,0,0
WBGene00198075.,0,45,45
WBGene00198076.,0,2,2
WBGene00198077.,0,0,0
WBGene00198078.,0,1,1
WBGene00198079.,0,0,0
WBGene00198080.,0,1,1
WBGene00198081.,0,1,1
WBGene00198082.,0,0,0
WBGene00198083.,0,3,3
WBGene00198084.,0,0,0
WBGene00198085.,0,2,2
WBGene00198086.,0,0,0
WBGene00198087.,0,0,0
WBGene00198088.,0,35,35
WBGene00198089.,0,0,0
WBGene00198090.,0,1,1
WBGene00198091.,0,11,11
WBGene00198092.,0,1,1
WBGene00198093.,0,10,10
WBGene00198094.,0,13,13
WBGene00198095.,0,1,1
WBGene00198096.,0,4,4
WBGene00198097.,0,0,0
WBGene00198098.,0,0,0
WBGene00198099.,0,0,0
WBGene00198100.,0,0,0
WBGene00198101.,0,1,1
WBGene00198102.,0,0,0
WBGene00198103.,0,0,0
WBGene00198104.,0,12,12
WBGene00198105.,0,1,1
WBGene00198106.,0,1,1
WBGene00198107.,0,0,0
WBGene00198108.,0,24,24
WBGene00198109.,0,0,0
WBGene00198110.,0,2,2
WBGene00198111.,0,3,3
WBGene00198112.,0,2,2
WBGene00198113.,0,0,0
WBGene00198114.,0,0,0
WBGene00198115.,0,14,14
WBGene00198116.,0,1,1
WBGene00198117.,0,1,1
WBGene00198118.,0,0,0
WBGene00198119.,0,34,34
WBGene00198120.,0,11,11
WBGene00198121.,0,2,2
WBGene00198122.,0,9,9
WBGene00198123.,0,0,0
WBGene00198124.,0,31,31
WBGene00198125.,0,0,0
WBGene00198126.,0,3,3
WBGene00198127.,0,13,13
WBGene00198128.,0,0,0
WBGene00198129.,0,0,0
WBGene00198130.,0,1,1
WBGene00198131.,0,2,2
WBGene00198132.,0,1,1
WBGene00198133.,0,3,3
WBGene00198134.,0,10,10
WBGene00198135.,0,3,3
WBGene00198136.,0,3,3
WBGene00198137.,0,0,0
WBGene00198138.,0,7,7
WBGene00198139.,0,0,0
WBGene00198140.,0,1,1
WBGene00198141.,0,2,2
WBGene00198142.,0,16,16
WBGene00198143.,0,2,2
WBGene00198144.,0,1,1
WBGene00198145.,0,1,1
WBGene00198146.,0,0,0
WBGene00198147.,0,0,0
WBGene00198148.,0,2,2
WBGene00198149.,0,1,1
WBGene00198150.,0,0,0
WBGene00198151.,0,3,3
WBGene00198152.,0,2,2
WBGene00198153.,0,9,9
WBGene00198154.,0,8,8
WBGene00198155.,0,0,0
WBGene00198156.,0,1,1
WBGene00198157.,0,1,1
WBGene00198158.,0,2,2
WBGene00198159.,0,1,1
WBGene00198160.,0,0,0
WBGene00198161.,0,0,0
WBGene00198162.,0,29,29
WBGene00198163.,0,0,0
WBGene00198164.,0,0,0
WBGene00198165.,0,0,0
WBGene00198166.,0,1,1
WBGene00198167.,0,5,5
WBGene00198168.,0,2,2
WBGene00198169.,0,12,12
WBGene00198170.,0,0,0
WBGene00198171.,0,17,17
WBGene00198172.,0,0,0
WBGene00198173.,0,1,1
WBGene00198174.,0,21,21
WBGene00198175.,0,2,2
WBGene00198176.,0,1,1
WBGene00198177.,0,7,7
WBGene00198178.,0,29,29
WBGene00198179.,0,0,0
WBGene00198180.,0,0,0
WBGene00198181.,0,1,1
WBGene00198182.,0,21,21
WBGene00198183.,0,10,10
WBGene00198184.,0,4,4
WBGene00198185.,0,2,2
WBGene00198186.,0,1,1
WBGene00198187.,0,2,2
WBGene00198188.,0,3,3
WBGene00198189.,0,0,0
WBGene00198190.,0,1,1
WBGene00198191.,0,1,1
WBGene00198192.,0,3,3
WBGene00198193.,0,5,5
WBGene00198194.,0,2,2
WBGene00198195.,0,0,0
WBGene00198196.,0,0,0
WBGene00198197.,0,0,0
WBGene00198198.,0,0,0
WBGene00198199.,0,0,0
WBGene00198200.,0,10,10
WBGene00198201.,0,0,0
WBGene00198202.,0,0,0
WBGene00198203.,0,1,1
WBGene00198204.,0,0,0
WBGene00198205.,0,0,0
WBGene00198206.,0,1,1
WBGene00198207.,0,1,1
WBGene00198208.,0,0,0
WBGene00198209.,0,3,3
WBGene00198210.,0,5,5
WBGene00198211.,0,0,0
WBGene00198212.,0,0,0
WBGene00198213.,0,11,11
WBGene00198214.,0,12,12
WBGene00198215.,0,9,9
WBGene00198216.,0,24,24
WBGene00198217.,0,1,1
WBGene00198218.,0,2,2
WBGene00198219.,0,0,0
WBGene00198220.,0,0,0
WBGene00198221.,0,1,1
WBGene00198222.,0,0,0
WBGene00198223.,0,0,0
WBGene00198224.,0,17,17
WBGene00198225.,0,17,17
WBGene00198226.,0,5,5
WBGene00198227.,0,0,0
WBGene00198228.,0,0,0
WBGene00198229.,0,5,5
WBGene00198230.,0,0,0
WBGene00198231.,0,1,1
WBGene00198232.,0,0,0
WBGene00198233.,0,2,2
WBGene00198234.,0,19,19
WBGene00198235.,0,0,0
WBGene00198236.,0,2,2
WBGene00198237.,0,5,5
WBGene00198238.,0,0,0
WBGene00198239.,0,0,0
WBGene00198240.,0,8,8
WBGene00198241.,0,2,2
WBGene00198242.,0,45,45
WBGene00198243.,0,0,0
WBGene00198244.,0,4,4
WBGene00198245.,0,0,0
WBGene00198246.,0,5,5
WBGene00198247.,0,7,7
WBGene00198248.,0,0,0
WBGene00198249.,0,0,0
WBGene00198250.,0,2,2
WBGene00198251.,0,2,2
WBGene00198252.,0,0,0
WBGene00198253.,0,0,0
WBGene00198254.,0,0,0
WBGene00198255.,0,0,0
WBGene00198256.,0,0,0
WBGene00198257.,0,20,20
WBGene00198258.,0,17,17
WBGene00198259.,0,4,4
WBGene00198260.,0,11,11
WBGene00198261.,0,0,0
WBGene00198262.,0,6,6
WBGene00198263.,0,3,3
WBGene00198264.,0,0,0
WBGene00198265.,0,0,0
WBGene00198266.,0,2,2
WBGene00198267.,0,0,0
WBGene00198268.,0,3,3
WBGene00198269.,0,0,0
WBGene00198270.,0,31,31
WBGene00198271.,0,0,0
WBGene00198272.,0,0,0
WBGene00198273.,0,2,2
WBGene00198274.,0,0,0
WBGene00198275.,0,0,0
WBGene00198276.,0,0,0
WBGene00198277.,0,27,27
WBGene00198278.,0,4,4
WBGene00198279.,0,3,3
WBGene00198280.,0,2,2
WBGene00198281.,0,0,0
WBGene00198282.,0,3,3
WBGene00198283.,0,0,0
WBGene00198284.,0,1,1
WBGene00198285.,0,0,0
WBGene00198286.,0,1,1
WBGene00198287.,0,14,14
WBGene00198288.,0,0,0
WBGene00198289.,0,2,2
WBGene00198290.,0,2,2
WBGene00198291.,0,0,0
WBGene00198292.,0,1,1
WBGene00198293.,0,0,0
WBGene00198294.,0,0,0
WBGene00198295.,0,2,2
WBGene00198296.,0,0,0
WBGene00198297.,0,0,0
WBGene00198298.,0,13,13
WBGene00198299.,0,0,0
WBGene00198300.,0,181,181
WBGene00198301.,0,1,1
WBGene00198302.,0,0,0
WBGene00198303.,0,2,2
WBGene00198304.,0,4,4
WBGene00198305.,0,0,0
WBGene00198306.,0,2,2
WBGene00198307.,0,61,61
WBGene00198308.,0,0,0
WBGene00198309.,0,1,1
WBGene00198310.,0,7,7
WBGene00198311.,0,5,5
WBGene00198312.,0,13,13
WBGene00198313.,0,0,0
WBGene00198314.,0,4,4
WBGene00198315.,0,23,23
WBGene00198316.,0,3,3
WBGene00198317.,0,0,0
WBGene00198318.,0,0,0
WBGene00198319.,0,0,0
WBGene00198320.,0,13,13
WBGene00198321.,0,0,0
WBGene00198322.,0,0,0
WBGene00198323.,0,1,1
WBGene00198324.,0,0,0
WBGene00198325.,0,1,1
WBGene00198326.,0,42,42
WBGene00198327.,0,2,2
WBGene00198328.,0,0,0
WBGene00198329.,0,0,0
WBGene00198330.,0,0,0
WBGene00198331.,0,2,2
WBGene00198332.,0,1,1
WBGene00198333.,0,0,0
WBGene00198334.,0,1,1
WBGene00198335.,0,0,0
WBGene00198336.,0,3,3
WBGene00198337.,0,1,1
WBGene00198338.,0,0,0
WBGene00198339.,0,2,2
WBGene00198340.,0,2,2
WBGene00198341.,0,3,3
WBGene00198342.,0,0,0
WBGene00198343.,0,0,0
WBGene00198344.,0,7,7
WBGene00198345.,0,0,0
WBGene00198346.,0,1,1
WBGene00198347.,0,2,2
WBGene00198348.,0,4,4
WBGene00198349.,0,0,0
WBGene00198350.,0,1,1
WBGene00198351.,0,0,0
WBGene00198352.,0,0,0
WBGene00198353.,0,1,1
WBGene00198354.,0,1,1
WBGene00198355.,0,3,3
WBGene00198356.,0,1,1
WBGene00198357.,0,0,0
WBGene00198358.,0,0,0
WBGene00198359.,0,1,1
WBGene00198360.,0,1,1
WBGene00198361.,0,1,1
WBGene00198362.,0,1,1
WBGene00198363.,0,0,0
WBGene00198364.,0,38,38
WBGene00198365.,0,57,57
WBGene00198366.,0,4,4
WBGene00198367.,0,5,5
WBGene00198368.,0,33,33
WBGene00198369.,0,0,0
WBGene00198370.,0,15,15
WBGene00198371.,0,0,0
WBGene00198372.,0,3,3
WBGene00198373.,0,2,2
WBGene00198374.,0,0,0
WBGene00198375.,0,0,0
WBGene00198376.,0,0,0
WBGene00198377.,0,2,2
WBGene00198378.,0,0,0
WBGene00198379.,0,3,3
WBGene00198380.,0,0,0
WBGene00198381.,0,6,6
WBGene00198382.,0,0,0
WBGene00198383.,0,7,7
WBGene00198384.,0,0,0
WBGene00198385.,0,6,6
WBGene00198386.,0,5,5
WBGene00198387.,0,0,0
WBGene00198388.,0,0,0
WBGene00198389.,0,0,0
WBGene00198390.,0,0,0
WBGene00198391.,0,0,0
WBGene00198392.,0,0,0
WBGene00198393.,0,43,43
WBGene00198394.,0,1,1
WBGene00198395.,0,1,1
WBGene00198396.,0,3,3
WBGene00198397.,0,5,5
WBGene00198398.,0,0,0
WBGene00198399.,0,15,15
WBGene00198400.,0,0,0
WBGene00198401.,0,6,6
WBGene00198402.,0,7,7
WBGene00198403.,0,6,6
WBGene00198404.,0,8,8
WBGene00198405.,0,0,0
WBGene00198406.,0,11,11
WBGene00198407.,0,0,0
WBGene00198408.,0,0,0
WBGene00198409.,0,2,2
WBGene00198410.,0,0,0
WBGene00198411.,0,0,0
WBGene00198412.,0,0,0
WBGene00198413.,0,1,1
WBGene00198414.,0,2,2
WBGene00198415.,0,0,0
WBGene00198416.,0,0,0
WBGene00198417.,0,0,0
WBGene00198418.,0,0,0
WBGene00198419.,0,5,5
WBGene00198420.,0,0,0
WBGene00198421.,0,0,0
WBGene00198422.,0,0,0
WBGene00198423.,0,2,2
WBGene00198424.,0,0,0
WBGene00198425.,0,0,0
WBGene00198426.,0,10,10
WBGene00198427.,0,0,0
WBGene00198428.,0,0,0
WBGene00198429.,0,73,73
WBGene00198430.,0,1,1
WBGene00198431.,0,0,0
WBGene00198432.,0,0,0
WBGene00198433.,0,1,1
WBGene00198434.,0,0,0
WBGene00198435.,0,0,0
WBGene00198436.,0,4,4
WBGene00198437.,0,4,4
WBGene00198438.,0,1,1
WBGene00198439.,0,0,0
WBGene00198440.,0,4,4
WBGene00198441.,0,3,3
WBGene00198442.,0,0,0
WBGene00198443.,0,0,0
WBGene00198444.,0,3,3
WBGene00198445.,0,0,0
WBGene00198446.,0,0,0
WBGene00198447.,0,0,0
WBGene00198448.,0,0,0
WBGene00198449.,0,0,0
WBGene00198450.,0,5,5
WBGene00198451.,0,0,0
WBGene00198452.,0,0,0
WBGene00198453.,0,1,1
WBGene00198454.,0,0,0
WBGene00198455.,0,3,3
WBGene00198456.,0,4,4
WBGene00198457.,0,0,0
WBGene00198458.,0,0,0
WBGene00198459.,0,0,0
WBGene00198460.,0,2,2
WBGene00198461.,0,0,0
WBGene00198462.,0,0,0
WBGene00198463.,0,1,1
WBGene00198464.,0,2,2
WBGene00198465.,0,1,1
WBGene00198466.,0,14,14
WBGene00198467.,0,0,0
WBGene00198468.,0,27,27
WBGene00198469.,0,3,3
WBGene00198470.,0,6,6
WBGene00198471.,0,0,0
WBGene00198472.,0,2,2
WBGene00198473.,0,0,0
WBGene00198474.,0,3,3
WBGene00198475.,0,1,1
WBGene00198476.,0,2,2
WBGene00198477.,0,1,1
WBGene00198478.,0,0,0
WBGene00198479.,0,6,6
WBGene00198480.,0,0,0
WBGene00198481.,0,0,0
WBGene00198482.,0,3,3
WBGene00198483.,0,0,0
WBGene00198484.,0,0,0
WBGene00198485.,0,13,13
WBGene00198486.,0,0,0
WBGene00198487.,0,0,0
WBGene00198488.,0,1,1
WBGene00198489.,0,0,0
WBGene00198490.,0,3,3
WBGene00198491.,0,3,3
WBGene00198492.,0,2,2
WBGene00198493.,0,1,1
WBGene00198494.,0,0,0
WBGene00198495.,0,0,0
WBGene00198496.,0,3,3
WBGene00198497.,0,2,2
WBGene00198498.,0,0,0
WBGene00198499.,0,1,1
WBGene00198500.,0,1,1
WBGene00198501.,0,1,1
WBGene00198502.,0,0,0
WBGene00198503.,0,0,0
WBGene00198504.,0,0,0
WBGene00198505.,0,0,0
WBGene00198506.,0,27,27
WBGene00198507.,0,2,2
WBGene00198508.,0,0,0
WBGene00198509.,0,0,0
WBGene00198510.,0,0,0
WBGene00198511.,0,2,2
WBGene00198512.,0,12,12
WBGene00198513.,0,0,0
WBGene00198514.,0,0,0
WBGene00198515.,0,21,21
WBGene00198516.,0,0,0
WBGene00198517.,0,1,1
WBGene00198518.,0,0,0
WBGene00198519.,0,4,4
WBGene00198520.,0,7,7
WBGene00198521.,0,0,0
WBGene00198522.,0,1,1
WBGene00198523.,0,26,26
WBGene00198524.,0,1,1
WBGene00198525.,0,2,2
WBGene00198526.,0,6,6
WBGene00198527.,0,2,2
WBGene00198528.,0,0,0
WBGene00198529.,0,2,2
WBGene00198530.,0,19,19
WBGene00198531.,0,0,0
WBGene00198532.,0,3,3
WBGene00198533.,0,0,0
WBGene00198534.,0,8,8
WBGene00198535.,0,6,6
WBGene00198536.,0,8,8
WBGene00198537.,0,1,1
WBGene00198538.,0,0,0
WBGene00198539.,0,0,0
WBGene00198540.,0,3,3
WBGene00198541.,0,1,1
WBGene00198542.,0,10,10
WBGene00198543.,0,0,0
WBGene00198544.,0,0,0
WBGene00198545.,0,0,0
WBGene00198546.,0,0,0
WBGene00198547.,0,0,0
WBGene00198548.,0,0,0
WBGene00198549.,0,2,2
WBGene00198550.,0,14,14
WBGene00198551.,0,9,9
WBGene00198552.,0,1,1
WBGene00198553.,0,1,1
WBGene00198554.,0,5,5
WBGene00198555.,0,2,2
WBGene00198556.,0,0,0
WBGene00198557.,0,1,1
WBGene00198558.,0,34,34
WBGene00198559.,0,0,0
WBGene00198560.,0,1,1
WBGene00198561.,0,0,0
WBGene00198562.,0,3,3
WBGene00198563.,0,31,31
WBGene00198564.,0,1,1
WBGene00198565.,0,4,4
WBGene00198566.,0,0,0
WBGene00198567.,0,0,0
WBGene00198568.,0,13,13
WBGene00198569.,0,2,2
WBGene00198570.,0,0,0
WBGene00198571.,0,0,0
WBGene00198572.,0,0,0
WBGene00198573.,0,0,0
WBGene00198574.,0,1,1
WBGene00198575.,0,19,19
WBGene00198576.,0,3,3
WBGene00198577.,0,1,1
WBGene00198578.,0,0,0
WBGene00198579.,0,2,2
WBGene00198580.,0,1,1
WBGene00198581.,0,0,0
WBGene00198582.,0,6,6
WBGene00198583.,0,0,0
WBGene00198584.,0,0,0
WBGene00198585.,0,16,16
WBGene00198586.,0,0,0
WBGene00198587.,0,4,4
WBGene00198588.,0,0,0
WBGene00198589.,0,1,1
WBGene00198590.,0,0,0
WBGene00198591.,0,4,4
WBGene00198592.,0,0,0
WBGene00198593.,0,12,12
WBGene00198594.,0,5,5
WBGene00198595.,0,0,0
WBGene00198596.,0,53,53
WBGene00198597.,0,0,0
WBGene00198598.,0,9,9
WBGene00198599.,0,10,10
WBGene00198600.,0,2,2
WBGene00198601.,0,8,8
WBGene00198602.,0,1,1
WBGene00198603.,0,0,0
WBGene00198604.,0,5,5
WBGene00198605.,0,0,0
WBGene00198606.,0,0,0
WBGene00198607.,0,0,0
WBGene00198608.,0,15,15
WBGene00198609.,0,0,0
WBGene00198610.,0,0,0
WBGene00198611.,0,1,1
WBGene00198612.,0,0,0
WBGene00198613.,0,0,0
WBGene00198614.,0,0,0
WBGene00198615.,0,0,0
WBGene00198616.,0,0,0
WBGene00198617.,0,2,2
WBGene00198618.,0,4,4
WBGene00198619.,0,0,0
WBGene00198620.,0,0,0
WBGene00198621.,0,70,70
WBGene00198622.,0,0,0
WBGene00198623.,0,0,0
WBGene00198624.,0,0,0
WBGene00198625.,0,0,0
WBGene00198626.,0,0,0
WBGene00198627.,0,3,3
WBGene00198628.,0,0,0
WBGene00198629.,0,1,1
WBGene00198630.,0,2,2
WBGene00198631.,0,11,11
WBGene00198632.,0,6,6
WBGene00198633.,0,5,5
WBGene00198634.,0,13,13
WBGene00198635.,0,3,3
WBGene00198636.,0,1,1
WBGene00198637.,0,27,27
WBGene00198638.,0,1,1
WBGene00198639.,0,1,1
WBGene00198640.,0,1,1
WBGene00198641.,0,17,17
WBGene00198642.,0,152,152
WBGene00198643.,0,3,3
WBGene00198644.,0,0,0
WBGene00198645.,0,8,8
WBGene00198646.,0,1,1
WBGene00198647.,0,0,0
WBGene00198648.,0,2,2
WBGene00198649.,0,0,0
WBGene00198650.,0,2,2
WBGene00198651.,0,0,0
WBGene00198652.,0,0,0
WBGene00198653.,0,0,0
WBGene00198654.,0,0,0
WBGene00198655.,0,3,3
WBGene00198656.,0,0,0
WBGene00198657.,0,0,0
WBGene00198658.,0,12,12
WBGene00198659.,0,1,1
WBGene00198660.,0,2,2
WBGene00198661.,0,0,0
WBGene00198662.,0,14,14
WBGene00198663.,0,3,3
WBGene00198664.,0,2,2
WBGene00198665.,0,2,2
WBGene00198666.,0,0,0
WBGene00198667.,0,0,0
WBGene00198668.,0,8,8
WBGene00198669.,0,0,0
WBGene00198670.,0,1,1
WBGene00198671.,0,2,2
WBGene00198672.,0,0,0
WBGene00198673.,0,0,0
WBGene00198674.,0,1,1
WBGene00198675.,0,0,0
WBGene00198676.,0,0,0
WBGene00198677.,0,1,1
WBGene00198678.,0,0,0
WBGene00198679.,0,7,7
WBGene00198680.,0,2,2
WBGene00198681.,0,0,0
WBGene00198682.,0,2,2
WBGene00198683.,0,19,19
WBGene00198684.,0,0,0
WBGene00198685.,0,0,0
WBGene00198686.,0,3,3
WBGene00198687.,0,0,0
WBGene00198688.,0,0,0
WBGene00198689.,0,0,0
WBGene00198690.,0,2,2
WBGene00198691.,0,0,0
WBGene00198692.,0,6,6
WBGene00198693.,0,0,0
WBGene00198694.,0,0,0
WBGene00198695.,0,0,0
WBGene00198696.,0,1,1
WBGene00198697.,0,12,12
WBGene00198698.,0,0,0
WBGene00198699.,0,1,1
WBGene00198700.,0,0,0
WBGene00198701.,0,13,13
WBGene00198702.,0,1,1
WBGene00198703.,0,5,5
WBGene00198704.,0,2,2
WBGene00198705.,0,0,0
WBGene00198706.,0,9,9
WBGene00198707.,0,3,3
WBGene00198708.,0,0,0
WBGene00198709.,0,6,6
WBGene00198710.,0,2,2
WBGene00198711.,0,0,0
WBGene00198712.,0,0,0
WBGene00198713.,0,9,9
WBGene00198714.,0,2,2
WBGene00198715.,0,0,0
WBGene00198716.,0,6,6
WBGene00198717.,0,1,1
WBGene00198718.,0,1,1
WBGene00198719.,0,0,0
WBGene00198720.,0,0,0
WBGene00198721.,0,30,30
WBGene00198722.,0,4,4
WBGene00198723.,0,0,0
WBGene00198724.,0,1,1
WBGene00198725.,0,0,0
WBGene00198726.,0,3,3
WBGene00198727.,0,0,0
WBGene00198728.,0,2,2
WBGene00198729.,0,1,1
WBGene00198730.,0,0,0
WBGene00198731.,0,9,9
WBGene00198732.,0,1,1
WBGene00198733.,0,2,2
WBGene00198734.,0,1,1
WBGene00198735.,0,0,0
WBGene00198736.,0,0,0
WBGene00198737.,0,9,9
WBGene00198738.,0,0,0
WBGene00198739.,0,2,2
WBGene00198740.,0,7,7
WBGene00198741.,0,0,0
WBGene00198742.,0,1,1
WBGene00198743.,0,1,1
WBGene00198744.,0,2,2
WBGene00198745.,0,2,2
WBGene00198746.,0,10,10
WBGene00198747.,0,2,2
WBGene00198748.,0,10,10
WBGene00198749.,0,8,8
WBGene00198750.,0,0,0
WBGene00198751.,0,0,0
WBGene00198752.,0,0,0
WBGene00198753.,0,3,3
WBGene00198754.,0,0,0
WBGene00198755.,0,0,0
WBGene00198756.,0,38,38
WBGene00198757.,0,0,0
WBGene00198758.,0,0,0
WBGene00198759.,0,8,8
WBGene00198760.,0,0,0
WBGene00198761.,0,1,1
WBGene00198762.,0,0,0
WBGene00198763.,0,0,0
WBGene00198764.,0,1,1
WBGene00198765.,0,0,0
WBGene00198766.,0,0,0
WBGene00198767.,0,2,2
WBGene00198768.,0,2,2
WBGene00198769.,0,0,0
WBGene00198770.,0,1,1
WBGene00198771.,0,5,5
WBGene00198772.,0,0,0
WBGene00198773.,0,0,0
WBGene00198774.,0,5,5
WBGene00198775.,0,2,2
WBGene00198776.,0,0,0
WBGene00198777.,0,4,4
WBGene00198778.,0,0,0
WBGene00198779.,0,0,0
WBGene00198780.,0,0,0
WBGene00198781.,0,0,0
WBGene00198782.,0,18,18
WBGene00198783.,0,0,0
WBGene00198784.,0,0,0
WBGene00198785.,0,0,0
WBGene00198786.,0,7,7
WBGene00198787.,0,2,2
WBGene00198788.,0,0,0
WBGene00198789.,0,1,1
WBGene00198790.,0,3,3
WBGene00198791.,0,0,0
WBGene00198792.,0,0,0
WBGene00198793.,0,0,0
WBGene00198794.,0,0,0
WBGene00198795.,0,0,0
WBGene00198796.,0,0,0
WBGene00198797.,0,2,2
WBGene00198798.,0,12,12
WBGene00198799.,0,3,3
WBGene00198800.,0,0,0
WBGene00198801.,0,1,1
WBGene00198802.,0,0,0
WBGene00198803.,0,3,3
WBGene00198804.,0,15,15
WBGene00198805.,0,0,0
WBGene00198806.,0,0,0
WBGene00198807.,0,0,0
WBGene00198808.,0,0,0
WBGene00198809.,0,4,4
WBGene00198810.,0,31,31
WBGene00198811.,0,0,0
WBGene00198812.,0,0,0
WBGene00198813.,0,0,0
WBGene00198814.,0,39670,39670
WBGene00198815.,0,0,0
WBGene00198816.,0,0,0
WBGene00198817.,0,0,0
WBGene00198818.,0,0,0
WBGene00198819.,0,1,1
WBGene00198820.,0,1,1
WBGene00198821.,0,0,0
WBGene00198822.,0,2,2
WBGene00198823.,0,0,0
WBGene00198824.,0,0,0
WBGene00198825.,0,0,0
WBGene00198826.,0,7,7
WBGene00198827.,0,7,7
WBGene00198828.,0,0,0
WBGene00198829.,0,0,0
WBGene00198830.,0,3,3
WBGene00198831.,0,4,4
WBGene00198832.,0,0,0
WBGene00198833.,0,0,0
WBGene00198834.,0,0,0
WBGene00198835.,0,0,0
WBGene00198836.,0,0,0
WBGene00198837.,0,0,0
WBGene00198838.,0,0,0
WBGene00198839.,0,2,2
WBGene00198840.,0,2,2
WBGene00198841.,0,0,0
WBGene00198842.,0,0,0
WBGene00198843.,0,0,0
WBGene00198844.,0,0,0
WBGene00198845.,0,0,0
WBGene00198846.,0,0,0
WBGene00198847.,0,1,1
WBGene00198848.,0,0,0
WBGene00198849.,0,3,3
WBGene00198850.,0,0,0
WBGene00198851.,0,2,2
WBGene00198852.,0,10,10
WBGene00198853.,0,17,17
WBGene00198854.,0,1,1
WBGene00198855.,0,7,7
WBGene00198856.,0,6,6
WBGene00198857.,0,0,0
WBGene00198858.,0,2,2
WBGene00198859.,0,1,1
WBGene00198860.,0,0,0
WBGene00198861.,0,0,0
WBGene00198862.,0,2,2
WBGene00198863.,0,2,2
WBGene00198864.,0,5,5
WBGene00198865.,0,0,0
WBGene00198866.,0,0,0
WBGene00198867.,0,0,0
WBGene00198868.,0,1,1
WBGene00198869.,0,0,0
WBGene00198870.,0,1,1
WBGene00198871.,0,0,0
WBGene00198872.,0,2,2
WBGene00198873.,0,1,1
WBGene00198874.,0,0,0
WBGene00198875.,0,0,0
WBGene00198876.,0,0,0
WBGene00198877.,0,0,0
WBGene00198878.,0,2,2
WBGene00198879.,0,0,0
WBGene00198880.,0,0,0
WBGene00198881.,0,1,1
WBGene00198882.,0,7,7
WBGene00198883.,0,0,0
WBGene00198884.,0,0,0
WBGene00198885.,0,4,4
WBGene00198886.,0,0,0
WBGene00198887.,0,11,11
WBGene00198888.,0,1,1
WBGene00198889.,0,0,0
WBGene00198890.,0,58,58
WBGene00198891.,0,0,0
WBGene00198892.,0,0,0
WBGene00198893.,0,0,0
WBGene00198894.,0,0,0
WBGene00198895.,0,1,1
WBGene00198896.,0,9,9
WBGene00198897.,0,3,3
WBGene00198898.,0,5,5
WBGene00198899.,0,0,0
WBGene00198900.,0,1,1
WBGene00198901.,0,2,2
WBGene00198902.,0,0,0
WBGene00198903.,0,0,0
WBGene00198904.,0,8,8
WBGene00198905.,0,21,21
WBGene00198906.,0,0,0
WBGene00198907.,0,3,3
WBGene00198908.,0,2,2
WBGene00198909.,0,0,0
WBGene00198910.,0,1,1
WBGene00198911.,0,0,0
WBGene00198912.,0,2,2
WBGene00198913.,0,0,0
WBGene00198914.,0,10,10
WBGene00198915.,0,0,0
WBGene00198916.,0,8,8
WBGene00198917.,0,1,1
WBGene00198918.,0,1,1
WBGene00198919.,0,0,0
WBGene00198920.,0,2,2
WBGene00198921.,0,0,0
WBGene00198922.,0,1,1
WBGene00198923.,0,0,0
WBGene00198924.,0,0,0
WBGene00198925.,0,0,0
WBGene00198926.,0,1,1
WBGene00198927.,0,21,21
WBGene00198928.,0,3,3
WBGene00198929.,0,22,22
WBGene00198930.,0,0,0
WBGene00198931.,0,6,6
WBGene00198932.,0,0,0
WBGene00198933.,0,2,2
WBGene00198934.,0,5,5
WBGene00198935.,0,7,7
WBGene00198936.,0,2,2
WBGene00198937.,0,0,0
WBGene00198938.,0,3,3
WBGene00198939.,0,0,0
WBGene00198940.,0,0,0
WBGene00198941.,0,3,3
WBGene00198942.,0,0,0
WBGene00198943.,0,1,1
WBGene00198944.,0,1,1
WBGene00198945.,0,1,1
WBGene00198946.,0,2,2
WBGene00198947.,0,0,0
WBGene00198948.,0,0,0
WBGene00198949.,0,0,0
WBGene00198950.,0,4,4
WBGene00198951.,0,0,0
WBGene00198952.,0,0,0
WBGene00198953.,0,0,0
WBGene00198954.,0,9,9
WBGene00198955.,0,24,24
WBGene00198956.,0,0,0
WBGene00198957.,0,0,0
WBGene00198958.,0,1,1
WBGene00198959.,0,9,9
WBGene00198960.,0,0,0
WBGene00198961.,0,8,8
WBGene00198962.,0,1,1
WBGene00198963.,0,2,2
WBGene00198964.,0,3,3
WBGene00198965.,0,7,7
WBGene00198966.,0,0,0
WBGene00198967.,0,0,0
WBGene00198968.,0,0,0
WBGene00198969.,0,0,0
WBGene00198970.,0,0,0
WBGene00198971.,0,0,0
WBGene00198972.,0,1,1
WBGene00198973.,0,1,1
WBGene00198974.,0,0,0
WBGene00198975.,0,11,11
WBGene00198976.,0,1,1
WBGene00198977.,0,5,5
WBGene00198978.,0,0,0
WBGene00198979.,0,0,0
WBGene00198980.,0,2,2
WBGene00198981.,0,0,0
WBGene00198982.,0,2,2
WBGene00198983.,0,0,0
WBGene00198984.,0,7,7
WBGene00198985.,0,0,0
WBGene00198986.,0,2,2
WBGene00198987.,0,7,7
WBGene00198988.,0,0,0
WBGene00198989.,0,28,28
WBGene00198990.,0,1,1
WBGene00198991.,0,9,9
WBGene00198992.,0,3,3
WBGene00198993.,0,0,0
WBGene00198994.,0,3,3
WBGene00198995.,0,0,0
WBGene00198996.,0,1,1
WBGene00198997.,0,1,1
WBGene00198998.,0,0,0
WBGene00198999.,0,0,0
WBGene00199000.,0,1,1
WBGene00199001.,0,0,0
WBGene00199002.,0,2,2
WBGene00199003.,0,0,0
WBGene00199004.,0,0,0
WBGene00199005.,0,13,13
WBGene00199006.,0,0,0
WBGene00199007.,0,1,1
WBGene00199008.,0,4,4
WBGene00199009.,0,0,0
WBGene00199010.,0,0,0
WBGene00199011.,0,4,4
WBGene00199012.,0,1,1
WBGene00199013.,0,0,0
WBGene00199014.,0,0,0
WBGene00199015.,0,5,5
WBGene00199016.,0,63,63
WBGene00199017.,0,0,0
WBGene00199018.,0,0,0
WBGene00199019.,0,2,2
WBGene00199020.,0,1,1
WBGene00199021.,0,1,1
WBGene00199022.,0,3,3
WBGene00199023.,0,0,0
WBGene00199024.,0,30,30
WBGene00199025.,0,0,0
WBGene00199026.,0,0,0
WBGene00199027.,0,0,0
WBGene00199028.,0,0,0
WBGene00199029.,0,0,0
WBGene00199030.,0,0,0
WBGene00199031.,0,18,18
WBGene00199032.,0,2,2
WBGene00199033.,0,1,1
WBGene00199034.,0,1,1
WBGene00199035.,0,1,1
WBGene00199036.,0,6,6
WBGene00199037.,0,0,0
WBGene00199038.,0,0,0
WBGene00199039.,0,1,1
WBGene00199040.,0,3,3
WBGene00199041.,0,7,7
WBGene00199042.,0,0,0
WBGene00199043.,0,13,13
WBGene00199044.,0,0,0
WBGene00199045.,0,0,0
WBGene00199046.,0,1,1
WBGene00199047.,0,0,0
WBGene00199048.,0,1,1
WBGene00199049.,0,0,0
WBGene00199050.,0,0,0
WBGene00199051.,0,32,32
WBGene00199052.,0,0,0
WBGene00199053.,0,9,9
WBGene00199054.,0,0,0
WBGene00199055.,0,0,0
WBGene00199056.,0,0,0
WBGene00199057.,0,0,0
WBGene00199058.,0,1,1
WBGene00199059.,0,3,3
WBGene00199060.,0,9,9
WBGene00199061.,0,0,0
WBGene00199062.,0,5,5
WBGene00199063.,0,5,5
WBGene00199064.,0,0,0
WBGene00199065.,0,0,0
WBGene00199066.,0,0,0
WBGene00199067.,0,0,0
WBGene00199068.,0,1,1
WBGene00199069.,0,0,0
WBGene00199070.,0,2,2
WBGene00199071.,0,0,0
WBGene00199072.,0,0,0
WBGene00199073.,0,0,0
WBGene00199074.,0,0,0
WBGene00199075.,0,1,1
WBGene00199076.,0,0,0
WBGene00199077.,0,6,6
WBGene00199078.,0,0,0
WBGene00199079.,0,1,1
WBGene00199080.,0,2,2
WBGene00199081.,0,0,0
WBGene00199082.,0,0,0
WBGene00199083.,0,8,8
WBGene00199084.,0,0,0
WBGene00199085.,0,1,1
WBGene00199086.,0,0,0
WBGene00199087.,0,6,6
WBGene00199088.,0,4,4
WBGene00199089.,0,0,0
WBGene00199090.,0,0,0
WBGene00199091.,0,7,7
WBGene00199092.,0,0,0
WBGene00199093.,0,7,7
WBGene00199094.,0,1,1
WBGene00199095.,0,3,3
WBGene00199096.,0,16,16
WBGene00199097.,0,0,0
WBGene00199098.,0,0,0
WBGene00199099.,0,0,0
WBGene00199100.,0,10,10
WBGene00199101.,0,0,0
WBGene00199102.,0,10,10
WBGene00199103.,0,0,0
WBGene00199104.,0,6,6
WBGene00199105.,0,0,0
WBGene00199106.,0,3,3
WBGene00199107.,0,0,0
WBGene00199108.,0,3,3
WBGene00199109.,0,0,0
WBGene00199110.,0,27,27
WBGene00199111.,0,0,0
WBGene00199112.,0,56,56
WBGene00199113.,0,0,0
WBGene00199114.,0,5,5
WBGene00199115.,0,36,36
WBGene00199116.,0,8,8
WBGene00199117.,0,7,7
WBGene00199118.,0,0,0
WBGene00199119.,0,0,0
WBGene00199120.,0,0,0
WBGene00199121.,0,2,2
WBGene00199122.,0,3,3
WBGene00199123.,0,7,7
WBGene00199124.,0,0,0
WBGene00199125.,0,1,1
WBGene00199126.,0,12,12
WBGene00199127.,0,8,8
WBGene00199128.,0,9,9
WBGene00199129.,0,0,0
WBGene00199130.,0,0,0
WBGene00199131.,0,0,0
WBGene00199132.,0,11,11
WBGene00199133.,0,2,2
WBGene00199134.,0,0,0
WBGene00199135.,0,4,4
WBGene00199136.,0,0,0
WBGene00199137.,0,3,3
WBGene00199138.,0,0,0
WBGene00199139.,0,3,3
WBGene00199140.,0,0,0
WBGene00199141.,0,2,2
WBGene00199142.,0,1,1
WBGene00199143.,0,0,0
WBGene00199144.,0,0,0
WBGene00199145.,0,0,0
WBGene00199146.,0,0,0
WBGene00199147.,0,0,0
WBGene00199148.,0,1,1
WBGene00199149.,0,1,1
WBGene00199150.,0,4,4
WBGene00199151.,0,0,0
WBGene00199152.,0,0,0
WBGene00199153.,0,0,0
WBGene00199154.,0,0,0
WBGene00199155.,0,3,3
WBGene00199156.,0,1,1
WBGene00199157.,0,1,1
WBGene00199158.,0,3,3
WBGene00199159.,0,1,1
WBGene00199160.,0,0,0
WBGene00199161.,0,1,1
WBGene00199162.,0,0,0
WBGene00199163.,0,0,0
WBGene00199164.,0,0,0
WBGene00199165.,0,0,0
WBGene00199166.,0,18,18
WBGene00199167.,0,0,0
WBGene00199168.,0,0,0
WBGene00199169.,0,0,0
WBGene00199170.,0,0,0
WBGene00199171.,0,0,0
WBGene00199172.,0,0,0
WBGene00199173.,0,4,4
WBGene00199174.,0,3,3
WBGene00199175.,0,0,0
WBGene00199176.,0,0,0
WBGene00199177.,0,44,44
WBGene00199178.,0,1,1
WBGene00199179.,0,0,0
WBGene00199180.,0,10,10
WBGene00199181.,0,5,5
WBGene00199182.,0,0,0
WBGene00199183.,0,0,0
WBGene00199184.,0,1,1
WBGene00199185.,0,1,1
WBGene00199186.,0,3,3
WBGene00199187.,0,0,0
WBGene00199188.,0,0,0
WBGene00199189.,0,0,0
WBGene00199190.,0,1,1
WBGene00199191.,0,0,0
WBGene00199192.,0,0,0
WBGene00199193.,0,4,4
WBGene00199194.,0,15,15
WBGene00199195.,0,0,0
WBGene00199196.,0,2,2
WBGene00199197.,0,1,1
WBGene00199198.,0,1,1
WBGene00199199.,0,2,2
WBGene00199200.,0,5,5
WBGene00199201.,0,0,0
WBGene00199202.,0,0,0
WBGene00199203.,0,2,2
WBGene00199204.,0,1,1
WBGene00199205.,0,0,0
WBGene00199206.,0,4,4
WBGene00199207.,0,0,0
WBGene00199208.,0,0,0
WBGene00199209.,0,13,13
WBGene00199210.,0,0,0
WBGene00199211.,0,1,1
WBGene00199212.,0,0,0
WBGene00199213.,0,1,1
WBGene00199214.,0,0,0
WBGene00199215.,0,0,0
WBGene00199216.,0,0,0
WBGene00199217.,0,4,4
WBGene00199218.,0,2,2
WBGene00199219.,0,1,1
WBGene00199220.,0,1,1
WBGene00199221.,0,0,0
WBGene00199222.,0,13,13
WBGene00199223.,0,0,0
WBGene00199224.,0,0,0
WBGene00199225.,0,86,86
WBGene00199226.,0,0,0
WBGene00199227.,0,11,11
WBGene00199228.,0,0,0
WBGene00199229.,0,52,52
WBGene00199230.,0,3,3
WBGene00199231.,0,0,0
WBGene00199232.,0,0,0
WBGene00199233.,0,1,1
WBGene00199234.,0,0,0
WBGene00199235.,0,3,3
WBGene00199236.,0,1,1
WBGene00199237.,0,1,1
WBGene00199238.,0,9,9
WBGene00199239.,0,187,187
WBGene00199240.,0,0,0
WBGene00199241.,0,3,3
WBGene00199242.,0,14,14
WBGene00199243.,0,0,0
WBGene00199244.,0,0,0
WBGene00199245.,0,6,6
WBGene00199246.,0,2,2
WBGene00199247.,0,12,12
WBGene00199248.,0,2,2
WBGene00199249.,0,56,56
WBGene00199250.,0,0,0
WBGene00199251.,0,0,0
WBGene00199252.,0,7,7
WBGene00199253.,0,0,0
WBGene00199254.,0,0,0
WBGene00199255.,0,7,7
WBGene00199256.,0,0,0
WBGene00199257.,0,0,0
WBGene00199258.,0,5,5
WBGene00199259.,0,0,0
WBGene00199260.,0,3,3
WBGene00199261.,0,3,3
WBGene00199262.,0,3,3
WBGene00199263.,0,0,0
WBGene00199264.,0,0,0
WBGene00199265.,0,6,6
WBGene00199266.,0,1,1
WBGene00199267.,0,3,3
WBGene00199268.,0,2,2
WBGene00199269.,0,5,5
WBGene00199270.,0,1,1
WBGene00199271.,0,17,17
WBGene00199272.,0,1,1
WBGene00199273.,0,1,1
WBGene00199274.,0,50,50
WBGene00199275.,0,0,0
WBGene00199276.,0,0,0
WBGene00199277.,0,10,10
WBGene00199278.,0,25,25
WBGene00199279.,0,0,0
WBGene00199280.,0,1,1
WBGene00199281.,0,0,0
WBGene00199282.,0,1,1
WBGene00199283.,0,0,0
WBGene00199284.,0,0,0
WBGene00199285.,0,6,6
WBGene00199286.,0,0,0
WBGene00199287.,0,0,0
WBGene00199288.,0,0,0
WBGene00199289.,0,0,0
WBGene00199290.,0,0,0
WBGene00199291.,0,8,8
WBGene00199292.,0,3,3
WBGene00199293.,0,0,0
WBGene00199294.,0,0,0
WBGene00199295.,0,1,1
WBGene00199296.,0,2,2
WBGene00199297.,0,0,0
WBGene00199298.,0,0,0
WBGene00199299.,0,6,6
WBGene00199300.,0,0,0
WBGene00199301.,0,0,0
WBGene00199302.,0,1,1
WBGene00199303.,0,0,0
WBGene00199304.,0,2,2
WBGene00199305.,2,0,2
WBGene00199306.,0,8,8
WBGene00199307.,0,3,3
WBGene00199308.,0,8,8
WBGene00199309.,0,0,0
WBGene00199310.,0,2,2
WBGene00199311.,1,12,13
WBGene00199312.,0,21,21
WBGene00199313.,0,4,4
WBGene00199314.,0,5,5
WBGene00199315.,0,0,0
WBGene00199316.,0,0,0
WBGene00199317.,0,1,1
WBGene00199318.,0,7,7
WBGene00199319.,0,1,1
WBGene00199320.,0,2,2
WBGene00199321.,0,26,26
WBGene00199322.,0,0,0
WBGene00199323.,0,0,0
WBGene00199324.,0,0,0
WBGene00199325.,0,0,0
WBGene00199326.,0,0,0
WBGene00199327.,0,4,4
WBGene00199328.,0,3,3
WBGene00199329.,0,0,0
WBGene00199330.,0,0,0
WBGene00199331.,0,0,0
WBGene00199332.,0,1,1
WBGene00199333.,0,0,0
WBGene00199334.,0,1,1
WBGene00199335.,0,0,0
WBGene00199336.,0,86,86
WBGene00199337.,0,0,0
WBGene00199338.,0,0,0
WBGene00199339.,0,136,136
WBGene00199340.,0,0,0
WBGene00199341.,0,0,0
WBGene00199342.,0,3,3
WBGene00199343.,0,0,0
WBGene00199344.,0,2,2
WBGene00199345.,0,3,3
WBGene00199346.,0,0,0
WBGene00199347.,0,0,0
WBGene00199348.,0,0,0
WBGene00199349.,0,0,0
WBGene00199350.,0,6,6
WBGene00199351.,0,0,0
WBGene00199352.,0,1,1
WBGene00199353.,0,19,19
WBGene00199354.,0,1,1
WBGene00199355.,0,0,0
WBGene00199356.,0,1,1
WBGene00199357.,0,0,0
WBGene00199358.,0,0,0
WBGene00199359.,0,1,1
WBGene00199360.,0,14,14
WBGene00199361.,0,6,6
WBGene00199362.,0,2,2
WBGene00199363.,0,17,17
WBGene00199364.,0,3,3
WBGene00199365.,0,0,0
WBGene00199366.,0,0,0
WBGene00199367.,0,0,0
WBGene00199368.,0,3,3
WBGene00199369.,0,0,0
WBGene00199370.,0,9,9
WBGene00199371.,0,0,0
WBGene00199372.,0,29,29
WBGene00199373.,0,0,0
WBGene00199374.,0,6,6
WBGene00199375.,0,0,0
WBGene00199376.,0,1,1
WBGene00199377.,0,0,0
WBGene00199378.,0,0,0
WBGene00199379.,0,0,0
WBGene00199380.,0,1,1
WBGene00199381.,0,0,0
WBGene00199382.,0,0,0
WBGene00199383.,0,3,3
WBGene00199384.,0,0,0
WBGene00199385.,0,0,0
WBGene00199386.,0,1,1
WBGene00199387.,0,0,0
WBGene00199388.,0,0,0
WBGene00199389.,0,1,1
WBGene00199390.,0,0,0
WBGene00199391.,0,0,0
WBGene00199392.,0,6,6
WBGene00199393.,0,0,0
WBGene00199394.,0,0,0
WBGene00199395.,0,46,46
WBGene00199396.,0,8,8
WBGene00199397.,0,9,9
WBGene00199398.,0,6,6
WBGene00199399.,0,0,0
WBGene00199400.,0,0,0
WBGene00199401.,0,9,9
WBGene00199402.,0,4,4
WBGene00199403.,0,0,0
WBGene00199404.,0,55,55
WBGene00199405.,0,2,2
WBGene00199406.,0,0,0
WBGene00199407.,0,0,0
WBGene00199408.,0,1,1
WBGene00199409.,0,0,0
WBGene00199410.,0,18,18
WBGene00199411.,0,1,1
WBGene00199412.,0,0,0
WBGene00199413.,0,1,1
WBGene00199414.,0,5,5
WBGene00199415.,0,3,3
WBGene00199416.,0,18,18
WBGene00199417.,0,0,0
WBGene00199418.,0,0,0
WBGene00199419.,0,0,0
WBGene00199420.,0,4,4
WBGene00199421.,0,33,33
WBGene00199422.,0,1,1
WBGene00199423.,0,0,0
WBGene00199424.,0,0,0
WBGene00199425.,0,0,0
WBGene00199426.,0,0,0
WBGene00199427.,0,0,0
WBGene00199428.,0,0,0
WBGene00199429.,0,0,0
WBGene00199430.,0,1,1
WBGene00199431.,0,0,0
WBGene00199432.,0,0,0
WBGene00199433.,0,0,0
WBGene00199434.,0,78,78
WBGene00199435.,0,0,0
WBGene00199436.,0,0,0
WBGene00199437.,0,1,1
WBGene00199438.,0,0,0
WBGene00199439.,0,0,0
WBGene00199440.,0,9,9
WBGene00199441.,0,8,8
WBGene00199442.,0,1,1
WBGene00199443.,0,5,5
WBGene00199444.,0,0,0
WBGene00199445.,0,8,8
WBGene00199446.,0,0,0
WBGene00199447.,0,0,0
WBGene00199448.,0,3,3
WBGene00199449.,0,0,0
WBGene00199450.,0,1,1
WBGene00199451.,0,22,22
WBGene00199452.,0,0,0
WBGene00199453.,0,0,0
WBGene00199454.,0,0,0
WBGene00199455.,0,0,0
WBGene00199456.,0,2,2
WBGene00199457.,0,0,0
WBGene00199458.,0,8,8
WBGene00199459.,0,0,0
WBGene00199460.,0,1,1
WBGene00199461.,0,2,2
WBGene00199462.,0,41,41
WBGene00199463.,0,1,1
WBGene00199464.,0,3,3
WBGene00199465.,0,11,11
WBGene00199466.,0,2,2
WBGene00199467.,0,0,0
WBGene00199468.,0,5,5
WBGene00199469.,0,1,1
WBGene00199470.,0,0,0
WBGene00199471.,0,21,21
WBGene00199472.,0,3,3
WBGene00199473.,0,1,1
WBGene00199474.,0,1,1
WBGene00199475.,0,27,27
WBGene00199476.,0,3,3
WBGene00199477.,0,8,8
WBGene00199478.,0,6,6
WBGene00199479.,0,7,7
WBGene00199480.,0,6,6
WBGene00199481.,0,1,1
WBGene00199482.,0,0,0
WBGene00199483.,0,2,2
WBGene00199484.,0,1,1
WBGene00199485.,0,56,56
WBGene00199486.,0,14,14
WBGene00199487.,0,0,0
WBGene00199488.,0,2,2
WBGene00199489.,0,4,4
WBGene00199490.,0,0,0
WBGene00199491.,0,3,3
WBGene00199492.,0,0,0
WBGene00199493.,0,3,3
WBGene00199494.,0,5,5
WBGene00199495.,0,0,0
WBGene00199496.,0,0,0
WBGene00199497.,0,0,0
WBGene00199498.,0,1,1
WBGene00199499.,0,11,11
WBGene00199500.,0,5,5
WBGene00199501.,0,1,1
WBGene00199502.,0,3,3
WBGene00199503.,0,0,0
WBGene00199504.,0,0,0
WBGene00199505.,0,2,2
WBGene00199506.,0,19,19
WBGene00199507.,0,7,7
WBGene00199508.,0,0,0
WBGene00199509.,0,0,0
WBGene00199510.,0,1,1
WBGene00199511.,0,0,0
WBGene00199512.,0,2,2
WBGene00199513.,0,34,34
WBGene00199514.,0,1,1
WBGene00199515.,0,0,0
WBGene00199516.,0,2,2
WBGene00199517.,0,6,6
WBGene00199518.,0,0,0
WBGene00199519.,0,0,0
WBGene00199520.,0,0,0
WBGene00199521.,0,0,0
WBGene00199522.,0,0,0
WBGene00199523.,0,27,27
WBGene00199524.,0,2,2
WBGene00199525.,0,3,3
WBGene00199526.,0,0,0
WBGene00199527.,0,0,0
WBGene00199528.,0,3,3
WBGene00199529.,0,0,0
WBGene00199530.,0,0,0
WBGene00199531.,0,0,0
WBGene00199532.,0,1,1
WBGene00199533.,0,3,3
WBGene00199534.,0,5,5
WBGene00199535.,0,0,0
WBGene00199536.,0,0,0
WBGene00199537.,0,1,1
WBGene00199538.,0,2,2
WBGene00199539.,0,1,1
WBGene00199540.,0,1,1
WBGene00199541.,1,33,34
WBGene00199542.,0,0,0
WBGene00199543.,0,0,0
WBGene00199544.,0,0,0
WBGene00199545.,0,0,0
WBGene00199546.,0,0,0
WBGene00199547.,0,0,0
WBGene00199548.,0,1,1
WBGene00199549.,0,9,9
WBGene00199550.,0,0,0
WBGene00199551.,0,0,0
WBGene00199552.,0,0,0
WBGene00199553.,0,1,1
WBGene00199554.,0,2,2
WBGene00199555.,0,0,0
WBGene00199556.,0,0,0
WBGene00199557.,0,2,2
WBGene00199558.,0,3,3
WBGene00199559.,0,0,0
WBGene00199560.,0,0,0
WBGene00199561.,0,0,0
WBGene00199562.,0,2,2
WBGene00199563.,0,7,7
WBGene00199564.,0,0,0
WBGene00199565.,0,6,6
WBGene00199566.,0,3,3
WBGene00199567.,0,15,15
WBGene00199568.,0,5,5
WBGene00199569.,0,0,0
WBGene00199570.,0,18,18
WBGene00199571.,0,3,3
WBGene00199572.,0,0,0
WBGene00199573.,0,0,0
WBGene00199574.,0,0,0
WBGene00199575.,0,2,2
WBGene00199576.,0,1,1
WBGene00199577.,0,0,0
WBGene00199578.,0,0,0
WBGene00199579.,0,0,0
WBGene00199580.,0,1,1
WBGene00199581.,0,0,0
WBGene00199582.,0,0,0
WBGene00199583.,0,1,1
WBGene00199584.,0,6,6
WBGene00199585.,0,1,1
WBGene00199586.,0,7,7
WBGene00199587.,0,2,2
WBGene00199588.,0,0,0
WBGene00199589.,0,5,5
WBGene00199590.,0,0,0
WBGene00199591.,0,1,1
WBGene00199592.,0,0,0
WBGene00199593.,0,1,1
WBGene00199594.,0,0,0
WBGene00199595.,0,2,2
WBGene00199596.,0,4,4
WBGene00199597.,0,0,0
WBGene00199598.,0,0,0
WBGene00199599.,0,0,0
WBGene00199600.,0,3,3
WBGene00199601.,0,40,40
WBGene00199602.,0,0,0
WBGene00199603.,0,0,0
WBGene00199604.,0,0,0
WBGene00199605.,0,6,6
WBGene00199606.,0,4,4
WBGene00199607.,0,0,0
WBGene00199608.,0,10,10
WBGene00199609.,0,0,0
WBGene00199610.,0,1,1
WBGene00199611.,0,0,0
WBGene00199612.,0,10,10
WBGene00199613.,0,0,0
WBGene00199614.,0,7,7
WBGene00199615.,0,2,2
WBGene00199616.,0,0,0
WBGene00199617.,0,0,0
WBGene00199618.,0,0,0
WBGene00199619.,0,0,0
WBGene00199620.,0,8,8
WBGene00199621.,0,0,0
WBGene00199622.,0,25,25
WBGene00199623.,0,0,0
WBGene00199624.,0,4,4
WBGene00199625.,0,1,1
WBGene00199626.,0,3,3
WBGene00199627.,0,5,5
WBGene00199628.,0,2,2
WBGene00199629.,0,3,3
WBGene00199630.,0,1,1
WBGene00199631.,0,0,0
WBGene00199632.,0,5,5
WBGene00199633.,0,8,8
WBGene00199634.,0,0,0
WBGene00199635.,0,0,0
WBGene00199636.,0,5,5
WBGene00199637.,0,0,0
WBGene00199638.,0,9,9
WBGene00199639.,0,4,4
WBGene00199640.,0,0,0
WBGene00199641.,0,2,2
WBGene00199642.,0,0,0
WBGene00199643.,0,1,1
WBGene00199644.,0,3,3
WBGene00199645.,0,7,7
WBGene00199646.,0,0,0
WBGene00199647.,0,1,1
WBGene00199648.,0,2,2
WBGene00199649.,0,0,0
WBGene00199650.,0,0,0
WBGene00199651.,0,11,11
WBGene00199652.,0,2,2
WBGene00199653.,0,0,0
WBGene00199654.,0,2,2
WBGene00199655.,0,0,0
WBGene00199656.,0,0,0
WBGene00199657.,0,25,25
WBGene00199658.,0,2,2
WBGene00199659.,0,0,0
WBGene00199660.,0,1,1
WBGene00199661.,0,5,5
WBGene00199662.,0,0,0
WBGene00199663.,0,7,7
WBGene00199664.,0,0,0
WBGene00199665.,0,0,0
WBGene00199666.,0,5,5
WBGene00199667.,0,12,12
WBGene00199668.,0,0,0
WBGene00199669.,0,0,0
WBGene00199670.,0,1,1
WBGene00199671.,0,0,0
WBGene00199672.,0,17,17
WBGene00199673.,0,0,0
WBGene00199674.,0,4,4
WBGene00199675.,0,0,0
WBGene00199676.,0,0,0
WBGene00199677.,0,4,4
WBGene00199678.,0,1,1
WBGene00199679.,0,2,2
WBGene00199680.,0,0,0
WBGene00199681.,0,4,4
WBGene00199682.,0,0,0
WBGene00199683.,0,0,0
WBGene00199684.,0,0,0
WBGene00199685.,0,7,7
WBGene00199686.,0,11,11
WBGene00199687.,0,0,0
WBGene00199688.,0,0,0
WBGene00199689.,0,0,0
WBGene00199690.,0,0,0
WBGene00199691.,0,3,3
WBGene00199692.,0,2,2
WBGene00199693.,0,1,1
WBGene00199694.,0,0,0
WBGene00199695.,0,0,0
WBGene00199696.,0,0,0
WBGene00199697.,0,4,4
WBGene00199698.,0,0,0
WBGene00199699.,0,2,2
WBGene00199700.,0,2,2
WBGene00199701.,0,1,1
WBGene00199702.,0,3,3
WBGene00199703.,0,1,1
WBGene00199704.,0,1,1
WBGene00199705.,0,0,0
WBGene00199706.,0,0,0
WBGene00199707.,0,0,0
WBGene00199708.,0,4,4
WBGene00199709.,0,2,2
WBGene00199710.,0,27,27
WBGene00199711.,0,10,10
WBGene00199712.,0,2,2
WBGene00199713.,0,3,3
WBGene00199714.,0,0,0
WBGene00199715.,0,1,1
WBGene00199716.,0,8,8
WBGene00199717.,0,0,0
WBGene00199718.,0,0,0
WBGene00199719.,0,6,6
WBGene00199720.,0,0,0
WBGene00199721.,0,0,0
WBGene00199722.,0,0,0
WBGene00199723.,0,0,0
WBGene00199724.,0,3,3
WBGene00199725.,0,0,0
WBGene00199726.,0,0,0
WBGene00199727.,0,5,5
WBGene00199728.,0,0,0
WBGene00199729.,0,0,0
WBGene00199730.,0,0,0
WBGene00199731.,0,9,9
WBGene00199732.,0,6,6
WBGene00199733.,0,1,1
WBGene00199734.,0,0,0
WBGene00199735.,0,1,1
WBGene00199736.,0,0,0
WBGene00199737.,0,1,1
WBGene00199738.,0,0,0
WBGene00199739.,0,0,0
WBGene00199740.,0,10,10
WBGene00199741.,0,3,3
WBGene00199742.,0,11,11
WBGene00199743.,0,19,19
WBGene00199744.,0,0,0
WBGene00199745.,0,8,8
WBGene00199746.,0,3,3
WBGene00199747.,0,0,0
WBGene00199748.,0,2,2
WBGene00199749.,0,2,2
WBGene00199750.,0,0,0
WBGene00199751.,0,49,49
WBGene00199752.,0,1,1
WBGene00199753.,0,698,698
WBGene00199754.,0,0,0
WBGene00199755.,0,0,0
WBGene00199756.,0,0,0
WBGene00199757.,0,0,0
WBGene00199758.,0,5,5
WBGene00199759.,0,3,3
WBGene00199760.,0,1,1
WBGene00199761.,0,5,5
WBGene00199762.,0,1,1
WBGene00199763.,0,0,0
WBGene00199764.,0,1,1
WBGene00199765.,0,2,2
WBGene00199766.,0,0,0
WBGene00199767.,0,1,1
WBGene00199768.,0,6,6
WBGene00199769.,0,1,1
WBGene00199770.,0,3,3
WBGene00199771.,0,0,0
WBGene00199772.,0,3,3
WBGene00199773.,0,3,3
WBGene00199774.,0,0,0
WBGene00199775.,0,4,4
WBGene00199776.,0,1,1
WBGene00199777.,0,4,4
WBGene00199778.,0,0,0
WBGene00199779.,0,9,9
WBGene00199780.,0,3,3
WBGene00199781.,0,0,0
WBGene00199782.,0,5,5
WBGene00199783.,0,6,6
WBGene00199784.,0,0,0
WBGene00199785.,0,0,0
WBGene00199786.,0,1,1
WBGene00199787.,0,1,1
WBGene00199788.,0,3,3
WBGene00199789.,0,1,1
WBGene00199790.,0,0,0
WBGene00199791.,0,0,0
WBGene00199792.,0,1,1
WBGene00199793.,0,0,0
WBGene00199794.,0,8,8
WBGene00199795.,0,0,0
WBGene00199796.,0,0,0
WBGene00199797.,0,0,0
WBGene00199798.,0,1,1
WBGene00199799.,0,0,0
WBGene00199800.,0,1,1
WBGene00199801.,0,0,0
WBGene00199802.,0,0,0
WBGene00199803.,0,1,1
WBGene00199804.,0,0,0
WBGene00199805.,0,0,0
WBGene00199806.,0,1,1
WBGene00199807.,0,0,0
WBGene00199808.,0,0,0
WBGene00199809.,0,7,7
WBGene00199810.,0,3,3
WBGene00199811.,0,1,1
WBGene00199812.,0,0,0
WBGene00199813.,0,0,0
WBGene00199814.,0,4,4
WBGene00199815.,0,0,0
WBGene00199816.,0,1,1
WBGene00199817.,0,3,3
WBGene00199818.,0,0,0
WBGene00199819.,0,42,42
WBGene00199820.,0,24,24
WBGene00199821.,0,0,0
WBGene00199822.,0,0,0
WBGene00199823.,0,6,6
WBGene00199824.,0,37,37
WBGene00199825.,0,3,3
WBGene00199826.,0,0,0
WBGene00199827.,0,0,0
WBGene00199828.,0,0,0
WBGene00199829.,0,5,5
WBGene00199830.,0,0,0
WBGene00199831.,0,2,2
WBGene00199832.,0,0,0
WBGene00199833.,0,0,0
WBGene00199834.,0,0,0
WBGene00199835.,0,0,0
WBGene00199836.,0,0,0
WBGene00199837.,0,1,1
WBGene00199838.,0,5,5
WBGene00199839.,0,1,1
WBGene00199840.,0,4,4
WBGene00199841.,0,0,0
WBGene00199842.,0,6,6
WBGene00199843.,0,5,5
WBGene00199844.,0,0,0
WBGene00199845.,0,0,0
WBGene00199846.,0,0,0
WBGene00199847.,0,0,0
WBGene00199848.,0,0,0
WBGene00199849.,0,4,4
WBGene00199850.,0,11,11
WBGene00199851.,0,3,3
WBGene00199852.,0,0,0
WBGene00199853.,0,2,2
WBGene00199854.,0,29,29
WBGene00199855.,0,1,1
WBGene00199856.,0,2,2
WBGene00199857.,0,3,3
WBGene00199858.,0,11,11
WBGene00199859.,0,1,1
WBGene00199860.,0,0,0
WBGene00199861.,0,3,3
WBGene00199862.,0,0,0
WBGene00199863.,0,3,3
WBGene00199864.,0,0,0
WBGene00199865.,0,0,0
WBGene00199866.,0,11,11
WBGene00199867.,0,5,5
WBGene00199868.,0,0,0
WBGene00199869.,0,0,0
WBGene00199870.,0,0,0
WBGene00199871.,0,25,25
WBGene00199872.,0,0,0
WBGene00199873.,0,0,0
WBGene00199874.,0,4,4
WBGene00199875.,0,4,4
WBGene00199876.,0,0,0
WBGene00199877.,0,1,1
WBGene00199878.,0,0,0
WBGene00199879.,0,8,8
WBGene00199880.,0,2,2
WBGene00199881.,0,0,0
WBGene00199882.,0,0,0
WBGene00199883.,0,1,1
WBGene00199884.,0,0,0
WBGene00199885.,0,0,0
WBGene00199886.,0,1,1
WBGene00199887.,0,0,0
WBGene00199888.,0,0,0
WBGene00199889.,0,0,0
WBGene00199890.,0,2,2
WBGene00199891.,0,0,0
WBGene00199892.,0,3,3
WBGene00199893.,0,6,6
WBGene00199894.,0,11,11
WBGene00199895.,0,1,1
WBGene00199896.,0,0,0
WBGene00199897.,0,93,93
WBGene00199898.,0,84,84
WBGene00199899.,0,66,66
WBGene00199900.,0,6,6
WBGene00199901.,0,0,0
WBGene00199902.,0,0,0
WBGene00199903.,0,0,0
WBGene00199904.,0,2,2
WBGene00199905.,0,2,2
WBGene00199906.,0,0,0
WBGene00199907.,0,1,1
WBGene00199908.,0,4,4
WBGene00199909.,0,23,23
WBGene00199910.,0,0,0
WBGene00199911.,0,2,2
WBGene00199912.,0,0,0
WBGene00199913.,0,0,0
WBGene00199914.,0,0,0
WBGene00199915.,0,0,0
WBGene00199916.,0,0,0
WBGene00199917.,0,8,8
WBGene00199918.,0,0,0
WBGene00199919.,0,1,1
WBGene00199920.,0,0,0
WBGene00199921.,0,0,0
WBGene00199922.,0,2,2
WBGene00199923.,0,1,1
WBGene00199924.,0,7,7
WBGene00199925.,0,2,2
WBGene00199926.,0,2,2
WBGene00199927.,0,0,0
WBGene00199928.,0,1,1
WBGene00199929.,0,1,1
WBGene00199930.,0,0,0
WBGene00199931.,0,9,9
WBGene00199932.,0,0,0
WBGene00199933.,0,1,1
WBGene00199934.,0,1,1
WBGene00199935.,0,11,11
WBGene00199936.,0,0,0
WBGene00199937.,0,0,0
WBGene00199938.,0,0,0
WBGene00199939.,0,0,0
WBGene00199940.,0,34,34
WBGene00199941.,0,0,0
WBGene00199942.,0,0,0
WBGene00199943.,0,0,0
WBGene00199944.,0,2,2
WBGene00199945.,0,0,0
WBGene00199946.,0,145,145
WBGene00199947.,0,5,5
WBGene00199948.,0,1,1
WBGene00199949.,0,6,6
WBGene00199950.,0,0,0
WBGene00199951.,0,2,2
WBGene00199952.,0,0,0
WBGene00199953.,0,1,1
WBGene00199954.,0,0,0
WBGene00199955.,0,1,1
WBGene00199956.,0,0,0
WBGene00199957.,0,24,24
WBGene00199958.,0,0,0
WBGene00199959.,0,2,2
WBGene00199960.,0,0,0
WBGene00199961.,0,2,2
WBGene00199962.,0,1,1
WBGene00199963.,0,0,0
WBGene00199964.,0,0,0
WBGene00199965.,0,0,0
WBGene00199966.,0,0,0
WBGene00199967.,0,0,0
WBGene00199968.,0,0,0
WBGene00199969.,0,0,0
WBGene00199970.,0,2,2
WBGene00199971.,0,0,0
WBGene00199972.,0,2,2
WBGene00199973.,0,0,0
WBGene00199974.,0,0,0
WBGene00199975.,0,0,0
WBGene00199976.,0,2,2
WBGene00199977.,0,5,5
WBGene00199978.,0,5,5
WBGene00199979.,0,0,0
WBGene00199980.,0,0,0
WBGene00199981.,0,2,2
WBGene00199982.,0,3,3
WBGene00199983.,0,0,0
WBGene00199984.,0,0,0
WBGene00199985.,0,0,0
WBGene00199986.,0,9,9
WBGene00199987.,0,0,0
WBGene00199988.,0,1,1
WBGene00199989.,0,4,4
WBGene00199990.,0,32,32
WBGene00199991.,0,0,0
WBGene00199992.,0,0,0
WBGene00199993.,0,0,0
WBGene00199994.,0,0,0
WBGene00199995.,0,2,2
WBGene00199996.,0,0,0
WBGene00199997.,0,6,6
WBGene00199998.,0,1,1
WBGene00199999.,0,0,0
WBGene00200000.,0,2,2
WBGene00200001.,0,4,4
WBGene00200002.,0,4,4
WBGene00200003.,0,14,14
WBGene00200004.,0,0,0
WBGene00200005.,0,0,0
WBGene00200006.,0,0,0
WBGene00200007.,0,0,0
WBGene00200008.,0,16,16
WBGene00200009.,0,35,35
WBGene00200010.,0,5,5
WBGene00200011.,0,0,0
WBGene00200012.,0,0,0
WBGene00200013.,0,0,0
WBGene00200014.,0,10,10
WBGene00200015.,0,1,1
WBGene00200016.,0,0,0
WBGene00200017.,0,0,0
WBGene00200018.,0,0,0
WBGene00200019.,0,1,1
WBGene00200020.,0,4,4
WBGene00200021.,0,0,0
WBGene00200022.,0,0,0
WBGene00200023.,0,0,0
WBGene00200024.,0,0,0
WBGene00200025.,0,136,136
WBGene00200026.,0,2,2
WBGene00200027.,0,0,0
WBGene00200028.,0,24,24
WBGene00200029.,0,2,2
WBGene00200030.,0,1,1
WBGene00200031.,0,4,4
WBGene00200032.,0,11,11
WBGene00200033.,0,0,0
WBGene00200034.,0,20,20
WBGene00200035.,0,0,0
WBGene00200036.,0,5,5
WBGene00200037.,0,0,0
WBGene00200038.,0,0,0
WBGene00200039.,0,4,4
WBGene00200040.,0,0,0
WBGene00200041.,0,0,0
WBGene00200042.,0,1,1
WBGene00200043.,0,7,7
WBGene00200044.,0,5,5
WBGene00200045.,0,7,7
WBGene00200046.,0,0,0
WBGene00200047.,0,16,16
WBGene00200048.,0,0,0
WBGene00200049.,0,1,1
WBGene00200050.,0,4,4
WBGene00200051.,0,3,3
WBGene00200052.,0,0,0
WBGene00200053.,0,9,9
WBGene00200054.,0,0,0
WBGene00200055.,0,0,0
WBGene00200056.,0,10,10
WBGene00200057.,0,11,11
WBGene00200058.,0,6,6
WBGene00200059.,0,3,3
WBGene00200060.,0,0,0
WBGene00200061.,0,14,14
WBGene00200062.,0,5,5
WBGene00200063.,0,0,0
WBGene00200064.,0,0,0
WBGene00200065.,0,1,1
WBGene00200066.,0,2,2
WBGene00200067.,0,8,8
WBGene00200068.,0,3,3
WBGene00200069.,0,0,0
WBGene00200070.,0,10,10
WBGene00200071.,0,0,0
WBGene00200072.,0,0,0
WBGene00200073.,0,0,0
WBGene00200074.,0,3,3
WBGene00200075.,0,8,8
WBGene00200076.,0,0,0
WBGene00200077.,0,0,0
WBGene00200078.,0,0,0
WBGene00200079.,0,6,6
WBGene00200080.,0,15,15
WBGene00200081.,0,2,2
WBGene00200082.,0,0,0
WBGene00200083.,0,0,0
WBGene00200084.,0,0,0
WBGene00200085.,0,1,1
WBGene00200086.,0,0,0
WBGene00200087.,0,0,0
WBGene00200088.,0,8,8
WBGene00200089.,0,1,1
WBGene00200090.,0,0,0
WBGene00200091.,0,0,0
WBGene00200092.,0,2,2
WBGene00200093.,0,0,0
WBGene00200094.,0,0,0
WBGene00200095.,0,0,0
WBGene00200096.,0,0,0
WBGene00200097.,0,0,0
WBGene00200098.,0,8,8
WBGene00200099.,0,4,4
WBGene00200100.,0,17,17
WBGene00200101.,0,0,0
WBGene00200102.,0,0,0
WBGene00200103.,0,1,1
WBGene00200104.,0,0,0
WBGene00200105.,0,3,3
WBGene00200106.,0,0,0
WBGene00200107.,0,26,26
WBGene00200108.,0,0,0
WBGene00200109.,0,4,4
WBGene00200110.,0,0,0
WBGene00200111.,0,1,1
WBGene00200112.,0,1,1
WBGene00200113.,0,13,13
WBGene00200114.,0,0,0
WBGene00200115.,0,0,0
WBGene00200116.,0,14,14
WBGene00200117.,0,0,0
WBGene00200118.,0,1,1
WBGene00200119.,0,0,0
WBGene00200120.,0,0,0
WBGene00200121.,0,7,7
WBGene00200122.,0,0,0
WBGene00200123.,0,0,0
WBGene00200124.,0,0,0
WBGene00200125.,0,1,1
WBGene00200126.,0,3,3
WBGene00200127.,0,0,0
WBGene00200128.,0,8,8
WBGene00200129.,0,0,0
WBGene00200130.,0,0,0
WBGene00200131.,0,3,3
WBGene00200132.,0,0,0
WBGene00200133.,0,28,28
WBGene00200134.,0,6,6
WBGene00200135.,0,1,1
WBGene00200136.,0,0,0
WBGene00200137.,0,18,18
WBGene00200138.,0,0,0
WBGene00200139.,0,0,0
WBGene00200140.,0,0,0
WBGene00200141.,0,0,0
WBGene00200142.,0,0,0
WBGene00200143.,0,4,4
WBGene00200144.,0,0,0
WBGene00200145.,0,0,0
WBGene00200146.,0,0,0
WBGene00200147.,0,8,8
WBGene00200148.,0,3,3
WBGene00200149.,0,0,0
WBGene00200150.,0,9,9
WBGene00200151.,0,0,0
WBGene00200152.,0,0,0
WBGene00200153.,0,21,21
WBGene00200154.,0,6,6
WBGene00200155.,0,2,2
WBGene00200156.,0,0,0
WBGene00200157.,0,0,0
WBGene00200158.,0,0,0
WBGene00200159.,0,3,3
WBGene00200160.,0,0,0
WBGene00200161.,0,0,0
WBGene00200162.,0,0,0
WBGene00200163.,0,2,2
WBGene00200164.,0,43,43
WBGene00200165.,0,0,0
WBGene00200166.,0,6,6
WBGene00200167.,0,1,1
WBGene00200168.,0,16,16
WBGene00200169.,0,10,10
WBGene00200170.,0,2,2
WBGene00200171.,0,0,0
WBGene00200172.,0,0,0
WBGene00200173.,0,0,0
WBGene00200174.,0,1,1
WBGene00200175.,0,6,6
WBGene00200176.,0,0,0
WBGene00200177.,0,10,10
WBGene00200178.,0,0,0
WBGene00200179.,0,0,0
WBGene00200180.,0,0,0
WBGene00200181.,0,4,4
WBGene00200182.,0,4,4
WBGene00200183.,0,0,0
WBGene00200184.,0,2,2
WBGene00200185.,0,5,5
WBGene00200186.,0,1,1
WBGene00200187.,0,40,40
WBGene00200188.,0,9,9
WBGene00200189.,0,1,1
WBGene00200190.,0,0,0
WBGene00200191.,0,0,0
WBGene00200192.,0,23,23
WBGene00200193.,0,1,1
WBGene00200194.,0,7,7
WBGene00200195.,0,11,11
WBGene00200196.,0,0,0
WBGene00200197.,0,1,1
WBGene00200198.,0,0,0
WBGene00200199.,0,2,2
WBGene00200200.,0,0,0
WBGene00200201.,0,0,0
WBGene00200202.,0,2,2
WBGene00200203.,0,40,40
WBGene00200204.,0,0,0
WBGene00200205.,0,0,0
WBGene00200206.,0,0,0
WBGene00200207.,0,0,0
WBGene00200208.,0,0,0
WBGene00200209.,0,0,0
WBGene00200210.,0,6,6
WBGene00200211.,0,7,7
WBGene00200212.,0,1,1
WBGene00200213.,0,0,0
WBGene00200214.,0,17,17
WBGene00200215.,0,67,67
WBGene00200216.,0,1,1
WBGene00200217.,0,2,2
WBGene00200218.,0,0,0
WBGene00200219.,0,0,0
WBGene00200220.,0,1,1
WBGene00200221.,0,0,0
WBGene00200222.,0,0,0
WBGene00200223.,0,0,0
WBGene00200224.,0,0,0
WBGene00200225.,0,9,9
WBGene00200226.,0,0,0
WBGene00200227.,0,3,3
WBGene00200228.,0,8,8
WBGene00200229.,0,0,0
WBGene00200230.,0,0,0
WBGene00200231.,0,13,13
WBGene00200232.,0,0,0
WBGene00200233.,0,1,1
WBGene00200234.,0,0,0
WBGene00200235.,0,0,0
WBGene00200236.,0,0,0
WBGene00200237.,0,0,0
WBGene00200238.,0,0,0
WBGene00200239.,0,1,1
WBGene00200240.,0,0,0
WBGene00200241.,0,0,0
WBGene00200242.,0,3,3
WBGene00200243.,0,14,14
WBGene00200244.,0,5,5
WBGene00200245.,0,5,5
WBGene00200246.,0,0,0
WBGene00200247.,0,9,9
WBGene00200248.,0,1,1
WBGene00200249.,0,0,0
WBGene00200250.,0,8,8
WBGene00200251.,0,1,1
WBGene00200252.,0,0,0
WBGene00200253.,0,1,1
WBGene00200254.,0,0,0
WBGene00200255.,0,5,5
WBGene00200256.,0,0,0
WBGene00200257.,0,3,3
WBGene00200258.,0,0,0
WBGene00200259.,0,13,13
WBGene00200260.,0,0,0
WBGene00200261.,0,69,69
WBGene00200262.,0,0,0
WBGene00200263.,0,25,25
WBGene00200264.,0,2,2
WBGene00200265.,0,0,0
WBGene00200266.,0,2,2
WBGene00200267.,0,0,0
WBGene00200268.,0,0,0
WBGene00200269.,0,0,0
WBGene00200270.,0,0,0
WBGene00200271.,0,3,3
WBGene00200272.,0,0,0
WBGene00200273.,0,16,16
WBGene00200274.,0,0,0
WBGene00200275.,0,0,0
WBGene00200276.,0,0,0
WBGene00200277.,0,5,5
WBGene00200278.,0,12,12
WBGene00200279.,0,1,1
WBGene00200280.,0,2,2
WBGene00200281.,0,1,1
WBGene00200282.,0,8,8
WBGene00200283.,0,1,1
WBGene00200284.,0,0,0
WBGene00200285.,0,0,0
WBGene00200286.,0,0,0
WBGene00200287.,0,0,0
WBGene00200288.,0,0,0
WBGene00200289.,0,10,10
WBGene00200290.,0,0,0
WBGene00200291.,0,1,1
WBGene00200292.,0,0,0
WBGene00200293.,0,6,6
WBGene00200294.,0,69,69
WBGene00200295.,0,0,0
WBGene00200296.,0,3,3
WBGene00200297.,0,1,1
WBGene00200298.,0,0,0
WBGene00200299.,0,0,0
WBGene00200300.,0,7,7
WBGene00200301.,0,1,1
WBGene00200302.,0,14,14
WBGene00200303.,0,0,0
WBGene00200304.,0,0,0
WBGene00200305.,0,4,4
WBGene00200306.,0,1,1
WBGene00200307.,0,0,0
WBGene00200308.,0,34,34
WBGene00200309.,0,1,1
WBGene00200310.,0,7,7
WBGene00200311.,0,1,1
WBGene00200312.,0,0,0
WBGene00200313.,0,5,5
WBGene00200314.,0,0,0
WBGene00200315.,0,0,0
WBGene00200316.,0,0,0
WBGene00200317.,0,0,0
WBGene00200318.,0,6,6
WBGene00200319.,0,13,13
WBGene00200320.,0,0,0
WBGene00200321.,0,1,1
WBGene00200322.,0,0,0
WBGene00200323.,0,0,0
WBGene00200324.,0,5,5
WBGene00200325.,0,12,12
WBGene00200326.,0,0,0
WBGene00200327.,0,2,2
WBGene00200328.,0,1,1
WBGene00200329.,0,0,0
WBGene00200330.,0,1,1
WBGene00200331.,0,0,0
WBGene00200332.,0,0,0
WBGene00200333.,0,5,5
WBGene00200334.,0,0,0
WBGene00200335.,0,7,7
WBGene00200336.,0,0,0
WBGene00200337.,0,15,15
WBGene00200338.,0,3,3
WBGene00200339.,0,0,0
WBGene00200340.,0,0,0
WBGene00200341.,0,1,1
WBGene00200342.,0,0,0
WBGene00200343.,0,0,0
WBGene00200344.,0,16,16
WBGene00200345.,0,0,0
WBGene00200346.,0,2,2
WBGene00200347.,0,47,47
WBGene00200348.,0,0,0
WBGene00200349.,0,0,0
WBGene00200350.,0,1,1
WBGene00200351.,0,0,0
WBGene00200352.,0,0,0
WBGene00200353.,0,2,2
WBGene00200354.,0,0,0
WBGene00200355.,0,0,0
WBGene00200356.,0,0,0
WBGene00200357.,0,1,1
WBGene00200358.,0,28,28
WBGene00200359.,0,0,0
WBGene00200360.,0,1,1
WBGene00200361.,0,0,0
WBGene00200362.,0,0,0
WBGene00200363.,0,0,0
WBGene00200364.,0,0,0
WBGene00200365.,0,5,5
WBGene00200366.,0,1,1
WBGene00200367.,0,0,0
WBGene00200368.,0,0,0
WBGene00200369.,0,0,0
WBGene00200370.,0,5,5
WBGene00200371.,0,1,1
WBGene00200372.,0,2,2
WBGene00200373.,0,1,1
WBGene00200374.,0,1,1
WBGene00200375.,0,28,28
WBGene00200376.,0,0,0
WBGene00200377.,0,3,3
WBGene00200378.,0,0,0
WBGene00200379.,0,3,3
WBGene00200380.,0,0,0
WBGene00200381.,0,0,0
WBGene00200382.,0,2,2
WBGene00200383.,0,0,0
WBGene00200384.,0,35,35
WBGene00200385.,0,20,20
WBGene00200386.,0,4,4
WBGene00200387.,0,0,0
WBGene00200388.,0,0,0
WBGene00200389.,0,0,0
WBGene00200390.,0,2,2
WBGene00200391.,0,21,21
WBGene00200392.,0,0,0
WBGene00200393.,0,1,1
WBGene00200394.,0,4,4
WBGene00200395.,0,4,4
WBGene00200396.,0,0,0
WBGene00200397.,0,15,15
WBGene00200398.,0,0,0
WBGene00200399.,0,5,5
WBGene00200400.,0,20,20
WBGene00200401.,0,5,5
WBGene00200402.,0,0,0
WBGene00200403.,0,11,11
WBGene00200404.,0,0,0
WBGene00200405.,0,0,0
WBGene00200406.,0,0,0
WBGene00200407.,0,9,9
WBGene00200408.,0,6,6
WBGene00200409.,0,1,1
WBGene00200410.,0,1,1
WBGene00200411.,0,0,0
WBGene00200412.,0,0,0
WBGene00200413.,0,0,0
WBGene00200414.,0,0,0
WBGene00200415.,0,9,9
WBGene00200416.,0,4,4
WBGene00200417.,0,0,0
WBGene00200418.,0,0,0
WBGene00200419.,0,0,0
WBGene00200420.,0,4,4
WBGene00200421.,0,2,2
WBGene00200422.,0,0,0
WBGene00200423.,0,14,14
WBGene00200424.,0,6,6
WBGene00200425.,0,4,4
WBGene00200426.,0,2,2
WBGene00200427.,0,0,0
WBGene00200428.,0,5,5
WBGene00200429.,0,1,1
WBGene00200430.,0,0,0
WBGene00200431.,0,14,14
WBGene00200432.,0,1,1
WBGene00200433.,0,1,1
WBGene00200434.,0,0,0
WBGene00200435.,0,0,0
WBGene00200436.,0,4,4
WBGene00200437.,0,0,0
WBGene00200438.,0,0,0
WBGene00200439.,0,0,0
WBGene00200440.,0,5,5
WBGene00200441.,0,2,2
WBGene00200442.,0,2,2
WBGene00200443.,0,0,0
WBGene00200444.,0,0,0
WBGene00200445.,0,0,0
WBGene00200446.,0,0,0
WBGene00200447.,0,0,0
WBGene00200448.,0,1,1
WBGene00200449.,0,0,0
WBGene00200450.,0,1,1
WBGene00200451.,0,1,1
WBGene00200452.,0,4,4
WBGene00200453.,0,1,1
WBGene00200454.,0,0,0
WBGene00200455.,0,21,21
WBGene00200456.,0,31,31
WBGene00200457.,0,0,0
WBGene00200458.,0,1,1
WBGene00200459.,0,301,301
WBGene00200460.,0,0,0
WBGene00200461.,0,5,5
WBGene00200462.,0,4,4
WBGene00200463.,0,0,0
WBGene00200464.,0,0,0
WBGene00200465.,0,1,1
WBGene00200466.,0,0,0
WBGene00200467.,0,0,0
WBGene00200468.,0,3,3
WBGene00200469.,0,16,16
WBGene00200470.,0,5,5
WBGene00200471.,0,0,0
WBGene00200472.,0,5,5
WBGene00200473.,0,3,3
WBGene00200474.,0,1,1
WBGene00200475.,0,7,7
WBGene00200476.,0,8,8
WBGene00200477.,0,1,1
WBGene00200478.,0,5,5
WBGene00200479.,0,0,0
WBGene00200480.,0,0,0
WBGene00200481.,0,5,5
WBGene00200482.,0,0,0
WBGene00200483.,0,36,36
WBGene00200484.,0,0,0
WBGene00200485.,0,26,26
WBGene00200486.,0,0,0
WBGene00200487.,0,9,9
WBGene00200488.,0,7,7
WBGene00200489.,0,3,3
WBGene00200490.,0,0,0
WBGene00200491.,0,0,0
WBGene00200492.,0,2,2
WBGene00200493.,0,5,5
WBGene00200494.,0,0,0
WBGene00200495.,0,5,5
WBGene00200496.,0,4,4
WBGene00200497.,0,0,0
WBGene00200498.,0,6,6
WBGene00200499.,0,0,0
WBGene00200500.,0,12,12
WBGene00200501.,0,0,0
WBGene00200502.,0,21,21
WBGene00200503.,0,0,0
WBGene00200504.,0,0,0
WBGene00200505.,0,2,2
WBGene00200506.,0,0,0
WBGene00200507.,0,10,10
WBGene00200508.,0,0,0
WBGene00200509.,0,3,3
WBGene00200510.,0,0,0
WBGene00200511.,0,0,0
WBGene00200512.,0,0,0
WBGene00200513.,0,5,5
WBGene00200514.,0,1,1
WBGene00200515.,0,0,0
WBGene00200516.,0,1,1
WBGene00200517.,0,0,0
WBGene00200518.,0,1,1
WBGene00200519.,0,3,3
WBGene00200520.,0,1,1
WBGene00200521.,0,2,2
WBGene00200522.,0,0,0
WBGene00200523.,0,7,7
WBGene00200524.,0,0,0
WBGene00200525.,0,1,1
WBGene00200526.,0,7,7
WBGene00200527.,0,174,174
WBGene00200528.,0,1,1
WBGene00200529.,0,0,0
WBGene00200530.,0,0,0
WBGene00200531.,0,0,0
WBGene00200532.,0,0,0
WBGene00200533.,0,0,0
WBGene00200534.,0,4,4
WBGene00200535.,0,4,4
WBGene00200536.,0,4,4
WBGene00200537.,0,0,0
WBGene00200538.,0,27,27
WBGene00200539.,0,0,0
WBGene00200540.,0,1,1
WBGene00200541.,0,0,0
WBGene00200542.,0,3,3
WBGene00200543.,0,0,0
WBGene00200544.,0,0,0
WBGene00200545.,0,5,5
WBGene00200546.,0,4,4
WBGene00200547.,0,1,1
WBGene00200548.,0,1,1
WBGene00200549.,0,0,0
WBGene00200550.,0,1,1
WBGene00200551.,0,0,0
WBGene00200552.,0,0,0
WBGene00200553.,0,0,0
WBGene00200554.,0,0,0
WBGene00200555.,0,1,1
WBGene00200556.,0,0,0
WBGene00200557.,0,0,0
WBGene00200558.,0,38,38
WBGene00200559.,0,1,1
WBGene00200560.,0,0,0
WBGene00200561.,0,1,1
WBGene00200562.,0,0,0
WBGene00200563.,0,3,3
WBGene00200564.,0,0,0
WBGene00200565.,0,6,6
WBGene00200566.,0,11,11
WBGene00200567.,0,0,0
WBGene00200568.,0,0,0
WBGene00200569.,0,0,0
WBGene00200570.,0,16,16
WBGene00200571.,0,0,0
WBGene00200572.,0,17,17
WBGene00200573.,0,0,0
WBGene00200574.,0,5,5
WBGene00200575.,0,1,1
WBGene00200576.,0,2,2
WBGene00200577.,0,5,5
WBGene00200578.,0,1,1
WBGene00200579.,0,59,59
WBGene00200580.,0,1,1
WBGene00200581.,0,0,0
WBGene00200582.,0,9,9
WBGene00200583.,0,2,2
WBGene00200584.,0,1,1
WBGene00200585.,0,9,9
WBGene00200586.,0,2,2
WBGene00200587.,0,17,17
WBGene00200588.,0,0,0
WBGene00200589.,0,1,1
WBGene00200590.,0,0,0
WBGene00200591.,0,0,0
WBGene00200592.,0,0,0
WBGene00200593.,0,0,0
WBGene00200594.,0,5,5
WBGene00200595.,0,1,1
WBGene00200596.,0,21,21
WBGene00200597.,0,3,3
WBGene00200598.,0,6,6
WBGene00200599.,0,0,0
WBGene00200600.,0,1,1
WBGene00200601.,0,8,8
WBGene00200602.,0,0,0
WBGene00200603.,0,0,0
WBGene00200604.,0,0,0
WBGene00200605.,0,4,4
WBGene00200606.,0,0,0
WBGene00200607.,0,1,1
WBGene00200608.,0,0,0
WBGene00200609.,0,0,0
WBGene00200610.,0,1,1
WBGene00200611.,0,2,2
WBGene00200612.,0,0,0
WBGene00200613.,0,2,2
WBGene00200614.,0,0,0
WBGene00200615.,0,0,0
WBGene00200616.,0,0,0
WBGene00200617.,0,5,5
WBGene00200618.,0,4,4
WBGene00200619.,0,0,0
WBGene00200620.,0,3,3
WBGene00200621.,0,3,3
WBGene00200622.,0,0,0
WBGene00200623.,0,0,0
WBGene00200624.,0,0,0
WBGene00200625.,0,2,2
WBGene00200626.,0,12,12
WBGene00200627.,0,4,4
WBGene00200628.,0,3,3
WBGene00200629.,0,0,0
WBGene00200630.,0,42,42
WBGene00200631.,0,1,1
WBGene00200632.,0,1,1
WBGene00200633.,0,0,0
WBGene00200634.,0,0,0
WBGene00200635.,0,0,0
WBGene00200636.,0,0,0
WBGene00200637.,0,1,1
WBGene00200638.,0,0,0
WBGene00200639.,0,0,0
WBGene00200640.,0,0,0
WBGene00200641.,0,5,5
WBGene00200642.,0,0,0
WBGene00200643.,0,0,0
WBGene00200644.,0,2,2
WBGene00200645.,0,199,199
WBGene00200646.,0,5,5
WBGene00200647.,0,1,1
WBGene00200648.,0,0,0
WBGene00200649.,0,0,0
WBGene00200650.,0,4,4
WBGene00200651.,0,1,1
WBGene00200652.,0,8,8
WBGene00200653.,0,1,1
WBGene00200654.,0,1,1
WBGene00200655.,0,0,0
WBGene00200656.,0,0,0
WBGene00200657.,0,0,0
WBGene00200658.,0,9,9
WBGene00200659.,0,4,4
WBGene00200660.,0,1,1
WBGene00200661.,0,7,7
WBGene00200662.,0,0,0
WBGene00200663.,0,0,0
WBGene00200664.,0,6,6
WBGene00200665.,0,4,4
WBGene00200666.,0,3,3
WBGene00200667.,0,0,0
WBGene00200668.,0,0,0
WBGene00200669.,0,0,0
WBGene00200670.,0,1,1
WBGene00200671.,0,1,1
WBGene00200672.,0,0,0
WBGene00200673.,0,0,0
WBGene00200674.,0,2,2
WBGene00200675.,0,3,3
WBGene00200676.,0,0,0
WBGene00200677.,0,0,0
WBGene00200678.,0,1,1
WBGene00200679.,0,0,0
WBGene00200680.,0,0,0
WBGene00200681.,0,0,0
WBGene00200682.,0,0,0
WBGene00200683.,0,0,0
WBGene00200684.,0,1,1
WBGene00200685.,0,0,0
WBGene00200686.,0,1,1
WBGene00200687.,0,0,0
WBGene00200688.,0,2,2
WBGene00200689.,0,6,6
WBGene00200690.,0,1,1
WBGene00200691.,0,0,0
WBGene00200692.,0,12,12
WBGene00200693.,0,0,0
WBGene00200694.,0,1,1
WBGene00200695.,0,6,6
WBGene00200696.,0,0,0
WBGene00200697.,0,7,7
WBGene00200698.,0,0,0
WBGene00200699.,0,0,0
WBGene00200700.,0,29,29
WBGene00200701.,0,0,0
WBGene00200702.,0,127,127
WBGene00200703.,0,0,0
WBGene00200704.,0,1,1
WBGene00200705.,0,1,1
WBGene00200706.,0,8,8
WBGene00200707.,0,2,2
WBGene00200708.,0,0,0
WBGene00200709.,0,0,0
WBGene00200710.,0,1,1
WBGene00200711.,0,1,1
WBGene00200712.,0,0,0
WBGene00200713.,0,1,1
WBGene00200714.,0,0,0
WBGene00200715.,0,1,1
WBGene00200716.,0,8,8
WBGene00200717.,0,1,1
WBGene00200718.,0,1,1
WBGene00200719.,0,27,27
WBGene00200720.,0,0,0
WBGene00200721.,0,0,0
WBGene00200722.,0,0,0
WBGene00200723.,0,60,60
WBGene00200724.,0,0,0
WBGene00200725.,0,0,0
WBGene00200726.,0,6,6
WBGene00200727.,0,1,1
WBGene00200728.,0,0,0
WBGene00200729.,0,0,0
WBGene00200730.,0,0,0
WBGene00200731.,0,1,1
WBGene00200732.,0,0,0
WBGene00200733.,0,4,4
WBGene00200734.,0,0,0
WBGene00200735.,0,0,0
WBGene00200736.,0,2,2
WBGene00200737.,0,0,0
WBGene00200738.,0,3,3
WBGene00200739.,0,1,1
WBGene00200740.,0,0,0
WBGene00200741.,0,0,0
WBGene00200742.,0,0,0
WBGene00200743.,0,14,14
WBGene00200744.,0,62,62
WBGene00200745.,0,0,0
WBGene00200746.,0,8,8
WBGene00200747.,0,0,0
WBGene00200748.,0,0,0
WBGene00200749.,0,5,5
WBGene00200750.,0,1,1
WBGene00200751.,0,9,9
WBGene00200752.,0,38,38
WBGene00200753.,0,0,0
WBGene00200754.,0,5,5
WBGene00200755.,0,1,1
WBGene00200756.,0,12,12
WBGene00200757.,0,4,4
WBGene00200758.,0,8,8
WBGene00200759.,0,0,0
WBGene00200760.,0,0,0
WBGene00200761.,0,0,0
WBGene00200762.,0,58,58
WBGene00200763.,0,1,1
WBGene00200764.,0,1,1
WBGene00200765.,0,0,0
WBGene00200766.,0,19,19
WBGene00200767.,0,8,8
WBGene00200768.,0,8,8
WBGene00200769.,0,1,1
WBGene00200770.,0,4,4
WBGene00200771.,0,0,0
WBGene00200772.,0,1,1
WBGene00200773.,0,0,0
WBGene00200774.,0,0,0
WBGene00200775.,0,1,1
WBGene00200776.,0,2,2
WBGene00200777.,0,1,1
WBGene00200778.,0,0,0
WBGene00200779.,0,2,2
WBGene00200780.,0,2,2
WBGene00200781.,0,5,5
WBGene00200782.,0,0,0
WBGene00200783.,0,0,0
WBGene00200784.,0,0,0
WBGene00200785.,0,0,0
WBGene00200786.,0,9,9
WBGene00200787.,0,25,25
WBGene00200788.,0,0,0
WBGene00200789.,0,2,2
WBGene00200790.,0,0,0
WBGene00200791.,0,2,2
WBGene00200792.,0,0,0
WBGene00200793.,0,0,0
WBGene00200794.,0,0,0
WBGene00200795.,0,6,6
WBGene00200796.,0,1,1
WBGene00200797.,0,0,0
WBGene00200798.,0,0,0
WBGene00200799.,0,0,0
WBGene00200800.,0,11,11
WBGene00200801.,0,5,5
WBGene00200802.,0,14,14
WBGene00200803.,0,0,0
WBGene00200804.,0,0,0
WBGene00200805.,0,4,4
WBGene00200806.,0,0,0
WBGene00200807.,0,3,3
WBGene00200808.,0,56,56
WBGene00200809.,0,27,27
WBGene00200810.,0,0,0
WBGene00200811.,0,0,0
WBGene00200812.,0,8,8
WBGene00200813.,0,4,4
WBGene00200814.,0,1,1
WBGene00200815.,0,0,0
WBGene00200816.,0,0,0
WBGene00200817.,0,0,0
WBGene00200818.,0,9,9
WBGene00200819.,0,2,2
WBGene00200820.,0,0,0
WBGene00200821.,0,5,5
WBGene00200822.,0,3,3
WBGene00200823.,0,9,9
WBGene00200824.,0,3,3
WBGene00200825.,0,0,0
WBGene00200826.,0,24,24
WBGene00200827.,0,1,1
WBGene00200828.,0,14,14
WBGene00200829.,0,0,0
WBGene00200830.,0,0,0
WBGene00200831.,0,0,0
WBGene00200832.,0,0,0
WBGene00200833.,0,0,0
WBGene00200834.,0,0,0
WBGene00200835.,0,0,0
WBGene00200836.,0,0,0
WBGene00200837.,0,5,5
WBGene00200838.,0,0,0
WBGene00200839.,0,0,0
WBGene00200840.,0,0,0
WBGene00200841.,0,1,1
WBGene00200842.,0,9,9
WBGene00200843.,0,3,3
WBGene00200844.,0,5,5
WBGene00200845.,0,5,5
WBGene00200846.,0,12,12
WBGene00200847.,0,0,0
WBGene00200848.,0,1,1
WBGene00200849.,0,1,1
WBGene00200850.,0,0,0
WBGene00200851.,0,0,0
WBGene00200852.,0,1,1
WBGene00200853.,0,0,0
WBGene00200854.,0,5,5
WBGene00200855.,0,194,194
WBGene00200856.,0,15,15
WBGene00200857.,0,2,2
WBGene00200858.,0,1,1
WBGene00200859.,0,1,1
WBGene00200860.,0,0,0
WBGene00200861.,0,4,4
WBGene00200862.,0,1,1
WBGene00200863.,0,40,40
WBGene00200864.,0,0,0
WBGene00200865.,0,3,3
WBGene00200866.,0,0,0
WBGene00200867.,0,1,1
WBGene00200868.,0,6,6
WBGene00200869.,0,0,0
WBGene00200870.,0,0,0
WBGene00200871.,0,1,1
WBGene00200872.,0,0,0
WBGene00200873.,0,0,0
WBGene00200874.,0,2,2
WBGene00200875.,0,0,0
WBGene00200876.,0,1,1
WBGene00200877.,0,0,0
WBGene00200878.,0,0,0
WBGene00200879.,0,10,10
WBGene00200880.,0,0,0
WBGene00200881.,0,0,0
WBGene00200882.,0,1,1
WBGene00200883.,0,1,1
WBGene00200884.,0,1,1
WBGene00200885.,0,0,0
WBGene00200886.,0,0,0
WBGene00200887.,0,0,0
WBGene00200888.,0,1,1
WBGene00200889.,0,10,10
WBGene00200890.,0,2,2
WBGene00200891.,0,0,0
WBGene00200892.,0,2,2
WBGene00200893.,0,35,35
WBGene00200894.,0,0,0
WBGene00200895.,0,8,8
WBGene00200896.,0,10,10
WBGene00200897.,0,4,4
WBGene00200898.,0,0,0
WBGene00200899.,0,0,0
WBGene00200900.,0,0,0
WBGene00200901.,0,0,0
WBGene00200902.,0,5,5
WBGene00200903.,0,0,0
WBGene00200904.,0,4,4
WBGene00200905.,0,8,8
WBGene00200906.,0,0,0
WBGene00200907.,0,5,5
WBGene00200908.,0,28,28
WBGene00200909.,0,0,0
WBGene00200910.,0,0,0
WBGene00200911.,0,0,0
WBGene00200912.,0,3,3
WBGene00200913.,0,1,1
WBGene00200914.,0,0,0
WBGene00200915.,0,16,16
WBGene00200916.,0,5,5
WBGene00200917.,0,0,0
WBGene00200918.,0,0,0
WBGene00200919.,0,4,4
WBGene00200920.,0,12,12
WBGene00200921.,0,4,4
WBGene00200922.,0,0,0
WBGene00200923.,0,6,6
WBGene00200924.,0,0,0
WBGene00200925.,0,2,2
WBGene00200926.,0,0,0
WBGene00200927.,0,0,0
WBGene00200928.,0,0,0
WBGene00200929.,0,4,4
WBGene00200930.,0,1,1
WBGene00200931.,0,4,4
WBGene00200932.,0,1,1
WBGene00200933.,0,0,0
WBGene00200934.,0,35,35
WBGene00200935.,0,4,4
WBGene00200936.,0,0,0
WBGene00200937.,0,0,0
WBGene00200938.,0,3,3
WBGene00200939.,0,0,0
WBGene00200940.,0,24,24
WBGene00200941.,0,15,15
WBGene00200942.,0,1,1
WBGene00200943.,0,0,0
WBGene00200944.,0,0,0
WBGene00200945.,0,0,0
WBGene00200946.,0,7,7
WBGene00200947.,0,0,0
WBGene00200948.,0,5,5
WBGene00200949.,0,0,0
WBGene00200950.,0,0,0
WBGene00200951.,0,0,0
WBGene00200952.,0,1,1
WBGene00200953.,0,32,32
WBGene00200954.,0,0,0
WBGene00200955.,0,0,0
WBGene00200956.,0,4,4
WBGene00200957.,0,1,1
WBGene00200958.,0,1,1
WBGene00200959.,0,2,2
WBGene00200960.,0,192,192
WBGene00200961.,0,0,0
WBGene00200962.,0,0,0
WBGene00200963.,0,1,1
WBGene00200964.,0,0,0
WBGene00200965.,0,6,6
WBGene00200966.,0,0,0
WBGene00200967.,0,3,3
WBGene00200968.,0,10,10
WBGene00200969.,0,0,0
WBGene00200970.,0,0,0
WBGene00200971.,0,12,12
WBGene00200972.,0,0,0
WBGene00200973.,0,2,2
WBGene00200974.,0,0,0
WBGene00200975.,0,3,3
WBGene00200976.,0,1,1
WBGene00200977.,0,8,8
WBGene00200978.,0,0,0
WBGene00200979.,0,0,0
WBGene00200980.,0,0,0
WBGene00200981.,0,0,0
WBGene00200982.,0,2,2
WBGene00200983.,0,2,2
WBGene00200984.,0,0,0
WBGene00200985.,0,0,0
WBGene00200986.,0,0,0
WBGene00200987.,0,2,2
WBGene00200988.,0,0,0
WBGene00200989.,0,0,0
WBGene00200990.,0,0,0
WBGene00200991.,0,3,3
WBGene00200992.,0,0,0
WBGene00200993.,0,2,2
WBGene00200994.,0,2,2
WBGene00200995.,0,41,41
WBGene00200996.,0,196,196
WBGene00200997.,0,3,3
WBGene00200998.,0,0,0
WBGene00200999.,0,1,1
WBGene00201000.,0,0,0
WBGene00201001.,0,9,9
WBGene00201002.,0,1,1
WBGene00201003.,0,0,0
WBGene00201004.,0,8,8
WBGene00201005.,0,48,48
WBGene00201006.,0,3,3
WBGene00201007.,0,0,0
WBGene00201008.,0,13,13
WBGene00201009.,0,0,0
WBGene00201010.,0,0,0
WBGene00201011.,0,0,0
WBGene00201012.,0,3,3
WBGene00201013.,0,0,0
WBGene00201014.,0,2,2
WBGene00201015.,0,0,0
WBGene00201016.,0,0,0
WBGene00201017.,0,0,0
WBGene00201018.,0,3,3
WBGene00201019.,0,6,6
WBGene00201020.,0,0,0
WBGene00201021.,0,3,3
WBGene00201022.,0,0,0
WBGene00201023.,0,0,0
WBGene00201024.,0,0,0
WBGene00201025.,0,0,0
WBGene00201026.,0,0,0
WBGene00201027.,0,0,0
WBGene00201028.,0,21,21
WBGene00201029.,0,0,0
WBGene00201030.,0,2,2
WBGene00201031.,0,84,84
WBGene00201032.,0,0,0
WBGene00201033.,0,3,3
WBGene00201034.,0,18,18
WBGene00201035.,0,1,1
WBGene00201036.,0,0,0
WBGene00201037.,0,1,1
WBGene00201038.,0,1,1
WBGene00201039.,0,0,0
WBGene00201040.,0,0,0
WBGene00201041.,0,8,8
WBGene00201042.,0,1,1
WBGene00201043.,0,3,3
WBGene00201044.,0,1,1
WBGene00201045.,0,89,89
WBGene00201046.,0,0,0
WBGene00201047.,0,0,0
WBGene00201048.,0,1,1
WBGene00201049.,0,0,0
WBGene00201050.,0,3,3
WBGene00201051.,0,0,0
WBGene00201052.,0,0,0
WBGene00201053.,0,1,1
WBGene00201054.,0,2,2
WBGene00201055.,0,0,0
WBGene00201056.,0,0,0
WBGene00201057.,0,7,7
WBGene00201058.,0,5,5
WBGene00201059.,0,0,0
WBGene00201060.,0,0,0
WBGene00201061.,0,0,0
WBGene00201062.,0,0,0
WBGene00201063.,0,0,0
WBGene00201064.,0,2,2
WBGene00201065.,0,0,0
WBGene00201066.,0,4,4
WBGene00201067.,0,0,0
WBGene00201068.,0,0,0
WBGene00201069.,0,2,2
WBGene00201070.,0,0,0
WBGene00201071.,0,1,1
WBGene00201072.,0,5,5
WBGene00201073.,0,0,0
WBGene00201074.,0,1,1
WBGene00201075.,0,125,125
WBGene00201076.,0,7,7
WBGene00201077.,0,0,0
WBGene00201078.,0,8,8
WBGene00201079.,0,8,8
WBGene00201080.,0,37,37
WBGene00201081.,0,3,3
WBGene00201082.,0,39,39
WBGene00201083.,0,0,0
WBGene00201084.,0,4,4
WBGene00201085.,0,0,0
WBGene00201086.,0,0,0
WBGene00201087.,0,3,3
WBGene00201088.,0,0,0
WBGene00201089.,0,0,0
WBGene00201090.,0,6,6
WBGene00201091.,0,1,1
WBGene00201092.,0,3,3
WBGene00201093.,0,7,7
WBGene00201094.,0,0,0
WBGene00201095.,0,4,4
WBGene00201096.,0,0,0
WBGene00201097.,0,0,0
WBGene00201098.,0,5,5
WBGene00201099.,0,0,0
WBGene00201100.,0,5,5
WBGene00201101.,0,0,0
WBGene00201102.,0,2,2
WBGene00201103.,0,0,0
WBGene00201104.,0,0,0
WBGene00201105.,0,0,0
WBGene00201106.,0,0,0
WBGene00201107.,0,0,0
WBGene00201108.,0,1,1
WBGene00201109.,0,2,2
WBGene00201110.,0,10,10
WBGene00201111.,0,43,43
WBGene00201112.,0,1,1
WBGene00201113.,0,0,0
WBGene00201114.,0,0,0
WBGene00201115.,0,0,0
WBGene00201116.,0,10,10
WBGene00201117.,0,0,0
WBGene00201118.,0,5,5
WBGene00201119.,0,1,1
WBGene00201120.,0,1,1
WBGene00201121.,0,2,2
WBGene00201122.,0,0,0
WBGene00201123.,0,0,0
WBGene00201124.,0,19,19
WBGene00201125.,0,2,2
WBGene00201126.,0,4,4
WBGene00201127.,0,0,0
WBGene00201128.,0,0,0
WBGene00201129.,0,23,23
WBGene00201130.,0,1,1
WBGene00201131.,0,7,7
WBGene00201132.,0,0,0
WBGene00201133.,0,1,1
WBGene00201134.,0,0,0
WBGene00201135.,0,0,0
WBGene00201136.,0,0,0
WBGene00201137.,0,0,0
WBGene00201138.,0,0,0
WBGene00201139.,0,3,3
WBGene00201140.,0,0,0
WBGene00201141.,0,14,14
WBGene00201142.,0,0,0
WBGene00201143.,0,6,6
WBGene00201145.,0,1,1
WBGene00201146.,0,6,6
WBGene00201147.,0,0,0
WBGene00201148.,0,0,0
WBGene00201149.,0,2,2
WBGene00201150.,0,3,3
WBGene00201151.,0,1,1
WBGene00201152.,0,0,0
WBGene00201153.,0,0,0
WBGene00201154.,0,0,0
WBGene00201155.,0,1,1
WBGene00201156.,0,5,5
WBGene00201157.,0,0,0
WBGene00201158.,0,0,0
WBGene00201159.,0,18,18
WBGene00201160.,0,1,1
WBGene00201161.,0,4,4
WBGene00201162.,0,0,0
WBGene00201163.,0,0,0
WBGene00201164.,0,0,0
WBGene00201165.,0,1,1
WBGene00201166.,0,0,0
WBGene00201167.,0,3,3
WBGene00201168.,0,2,2
WBGene00201169.,0,0,0
WBGene00201170.,0,0,0
WBGene00201171.,0,1,1
WBGene00201172.,0,0,0
WBGene00201173.,0,1,1
WBGene00201174.,0,4,4
WBGene00201175.,0,6,6
WBGene00201176.,0,0,0
WBGene00201177.,0,0,0
WBGene00201178.,0,1,1
WBGene00201179.,0,6,6
WBGene00201180.,0,0,0
WBGene00201181.,0,41,41
WBGene00201182.,0,1,1
WBGene00201183.,0,0,0
WBGene00201184.,0,0,0
WBGene00201185.,0,1,1
WBGene00201186.,0,0,0
WBGene00201187.,0,2,2
WBGene00201188.,0,19,19
WBGene00201189.,0,0,0
WBGene00201190.,0,0,0
WBGene00201191.,0,0,0
WBGene00201192.,0,0,0
WBGene00201193.,0,0,0
WBGene00201194.,0,0,0
WBGene00201195.,0,0,0
WBGene00201196.,0,0,0
WBGene00201197.,0,0,0
WBGene00201198.,0,24,24
WBGene00201199.,0,7,7
WBGene00201200.,0,0,0
WBGene00201201.,0,2,2
WBGene00201202.,0,8,8
WBGene00201203.,0,2,2
WBGene00201204.,0,4,4
WBGene00201205.,0,3,3
WBGene00201206.,0,0,0
WBGene00201207.,0,21,21
WBGene00201208.,0,4,4
WBGene00201209.,0,0,0
WBGene00201210.,0,9,9
WBGene00201211.,0,21,21
WBGene00201212.,0,3,3
WBGene00201213.,0,0,0
WBGene00201214.,0,3,3
WBGene00201215.,0,0,0
WBGene00201216.,0,0,0
WBGene00201217.,0,0,0
WBGene00201218.,0,3,3
WBGene00201219.,0,15,15
WBGene00201220.,0,1,1
WBGene00201221.,0,4,4
WBGene00201222.,0,0,0
WBGene00201223.,0,0,0
WBGene00201224.,0,6,6
WBGene00201225.,0,0,0
WBGene00201226.,0,1,1
WBGene00201227.,0,0,0
WBGene00201228.,0,2,2
WBGene00201229.,0,2,2
WBGene00201230.,0,0,0
WBGene00201231.,0,0,0
WBGene00201232.,0,0,0
WBGene00201233.,0,2,2
WBGene00201234.,0,2,2
WBGene00201235.,0,0,0
WBGene00201236.,0,2,2
WBGene00201237.,0,0,0
WBGene00201238.,0,0,0
WBGene00201239.,0,10,10
WBGene00201240.,0,0,0
WBGene00201241.,0,0,0
WBGene00201242.,0,1,1
WBGene00201243.,0,5,5
WBGene00201244.,0,0,0
WBGene00201245.,0,8,8
WBGene00201246.,0,2,2
WBGene00201247.,0,1,1
WBGene00201248.,0,2,2
WBGene00201249.,0,2,2
WBGene00201250.,0,1,1
WBGene00201251.,0,0,0
WBGene00201252.,0,2,2
WBGene00201253.,0,2,2
WBGene00201254.,0,1,1
WBGene00201255.,0,0,0
WBGene00201256.,0,1,1
WBGene00201257.,0,4,4
WBGene00201258.,0,5,5
WBGene00201259.,0,1,1
WBGene00201260.,0,0,0
WBGene00201261.,0,0,0
WBGene00201262.,0,6,6
WBGene00201263.,0,0,0
WBGene00201264.,0,0,0
WBGene00201265.,0,0,0
WBGene00201266.,0,0,0
WBGene00201267.,0,2,2
WBGene00201268.,0,2,2
WBGene00201269.,0,6,6
WBGene00201270.,0,0,0
WBGene00201271.,0,2,2
WBGene00201272.,0,8,8
WBGene00201273.,0,36,36
WBGene00201274.,0,2,2
WBGene00201275.,0,1,1
WBGene00201276.,0,0,0
WBGene00201277.,0,4,4
WBGene00201278.,0,0,0
WBGene00201279.,0,0,0
WBGene00201280.,0,1,1
WBGene00201281.,0,5,5
WBGene00201282.,0,25,25
WBGene00201283.,0,0,0
WBGene00201284.,0,0,0
WBGene00201285.,0,1,1
WBGene00201286.,0,10,10
WBGene00201287.,0,2,2
WBGene00201288.,0,0,0
WBGene00201289.,0,2,2
WBGene00201290.,0,1,1
WBGene00201291.,0,10,10
WBGene00201292.,0,2,2
WBGene00201293.,0,1,1
WBGene00201294.,0,0,0
WBGene00201295.,0,0,0
WBGene00201296.,0,3,3
WBGene00201297.,0,0,0
WBGene00201298.,0,0,0
WBGene00201299.,0,0,0
WBGene00201300.,0,0,0
WBGene00201301.,0,3,3
WBGene00201302.,0,1,1
WBGene00201303.,0,29,29
WBGene00201304.,0,1,1
WBGene00201305.,0,2,2
WBGene00201306.,0,1,1
WBGene00201307.,0,0,0
WBGene00201308.,0,2,2
WBGene00201309.,0,0,0
WBGene00201310.,0,0,0
WBGene00201311.,0,1,1
WBGene00201312.,0,0,0
WBGene00201313.,0,1,1
WBGene00201314.,0,1,1
WBGene00201315.,0,1,1
WBGene00201316.,0,0,0
WBGene00201317.,0,3,3
WBGene00201318.,0,1,1
WBGene00201319.,0,3,3
WBGene00201320.,0,6,6
WBGene00201321.,0,0,0
WBGene00201322.,0,23,23
WBGene00201323.,0,5,5
WBGene00201324.,0,0,0
WBGene00201325.,0,0,0
WBGene00201326.,0,7,7
WBGene00201327.,0,3,3
WBGene00201328.,0,0,0
WBGene00201329.,0,12,12
WBGene00201330.,0,0,0
WBGene00201331.,0,10,10
WBGene00201332.,0,0,0
WBGene00201333.,0,1,1
WBGene00201334.,0,1,1
WBGene00201335.,0,0,0
WBGene00201336.,0,1,1
WBGene00201337.,0,0,0
WBGene00201338.,0,1,1
WBGene00201339.,0,0,0
WBGene00201340.,0,0,0
WBGene00201341.,0,0,0
WBGene00201342.,0,1,1
WBGene00201343.,0,3,3
WBGene00201344.,0,0,0
WBGene00201345.,0,1,1
WBGene00201346.,0,2,2
WBGene00201347.,0,0,0
WBGene00201348.,0,2,2
WBGene00201349.,0,5,5
WBGene00201350.,0,0,0
WBGene00201351.,0,9,9
WBGene00201352.,0,4,4
WBGene00201353.,0,2,2
WBGene00201354.,0,5,5
WBGene00201355.,0,0,0
WBGene00201356.,0,0,0
WBGene00201357.,0,0,0
WBGene00201358.,0,1,1
WBGene00201359.,0,1,1
WBGene00201360.,0,2,2
WBGene00201361.,0,0,0
WBGene00201362.,0,1,1
WBGene00201363.,0,0,0
WBGene00201364.,0,0,0
WBGene00201365.,0,1,1
WBGene00201366.,0,0,0
WBGene00201367.,0,0,0
WBGene00201368.,0,0,0
WBGene00201369.,0,0,0
WBGene00201370.,0,2,2
WBGene00201371.,0,1,1
WBGene00201372.,0,39,39
WBGene00201373.,0,0,0
WBGene00201374.,0,14,14
WBGene00201375.,0,0,0
WBGene00201376.,0,0,0
WBGene00201377.,0,0,0
WBGene00201378.,0,26,26
WBGene00201379.,0,0,0
WBGene00201380.,0,1,1
WBGene00201381.,0,12,12
WBGene00201382.,0,0,0
WBGene00201383.,0,4,4
WBGene00201384.,0,0,0
WBGene00201385.,0,0,0
WBGene00201386.,0,4,4
WBGene00201387.,0,2,2
WBGene00201388.,0,2,2
WBGene00201389.,0,0,0
WBGene00201390.,0,25,25
WBGene00201391.,0,0,0
WBGene00201392.,0,1,1
WBGene00201393.,0,0,0
WBGene00201394.,0,0,0
WBGene00201395.,0,0,0
WBGene00201396.,0,0,0
WBGene00201397.,0,0,0
WBGene00201398.,0,0,0
WBGene00201399.,0,3,3
WBGene00201400.,0,0,0
WBGene00201401.,0,0,0
WBGene00201402.,0,0,0
WBGene00201403.,0,2,2
WBGene00201404.,0,1,1
WBGene00201405.,0,0,0
WBGene00201406.,0,4,4
WBGene00201407.,0,1,1
WBGene00201408.,0,2,2
WBGene00201409.,0,1,1
WBGene00201410.,0,2,2
WBGene00201411.,0,0,0
WBGene00201412.,0,0,0
WBGene00201413.,0,8,8
WBGene00201414.,0,0,0
WBGene00201415.,0,8,8
WBGene00201416.,0,0,0
WBGene00201417.,0,2,2
WBGene00201418.,0,1,1
WBGene00201419.,0,6,6
WBGene00201420.,0,10,10
WBGene00201421.,0,0,0
WBGene00201422.,0,4,4
WBGene00201423.,0,18,18
WBGene00201424.,0,0,0
WBGene00201425.,0,0,0
WBGene00201426.,0,1,1
WBGene00201427.,0,0,0
WBGene00201428.,0,0,0
WBGene00201429.,0,0,0
WBGene00201430.,0,23,23
WBGene00201431.,0,0,0
WBGene00201432.,0,1,1
WBGene00201433.,0,2,2
WBGene00201434.,0,0,0
WBGene00201435.,0,2,2
WBGene00201436.,0,0,0
WBGene00201437.,0,1,1
WBGene00201438.,0,1,1
WBGene00201439.,0,0,0
WBGene00201440.,0,0,0
WBGene00201441.,0,302,302
WBGene00201442.,0,0,0
WBGene00201443.,0,0,0
WBGene00201444.,0,0,0
WBGene00201445.,0,0,0
WBGene00201446.,0,0,0
WBGene00201447.,0,24,24
WBGene00201448.,0,2,2
WBGene00201449.,0,1,1
WBGene00201450.,0,0,0
WBGene00201451.,0,2,2
WBGene00201452.,0,0,0
WBGene00201453.,0,0,0
WBGene00201454.,0,0,0
WBGene00201455.,0,0,0
WBGene00201456.,0,8,8
WBGene00201457.,0,0,0
WBGene00201458.,0,1556,1556
WBGene00201459.,0,0,0
WBGene00201460.,0,0,0
WBGene00201461.,0,0,0
WBGene00201462.,0,0,0
WBGene00201463.,0,1,1
WBGene00201464.,0,0,0
WBGene00201465.,0,14,14
WBGene00201466.,0,13,13
WBGene00201467.,0,0,0
WBGene00201468.,0,0,0
WBGene00201469.,0,0,0
WBGene00201470.,0,0,0
WBGene00201471.,0,0,0
WBGene00201472.,0,0,0
WBGene00201473.,0,4,4
WBGene00201474.,0,6,6
WBGene00201475.,0,0,0
WBGene00201476.,0,0,0
WBGene00201477.,0,0,0
WBGene00201478.,0,0,0
WBGene00201479.,0,3,3
WBGene00201480.,0,1,1
WBGene00201481.,0,9,9
WBGene00201482.,0,0,0
WBGene00201483.,0,0,0
WBGene00201484.,0,0,0
WBGene00201485.,0,4,4
WBGene00201486.,0,0,0
WBGene00201487.,0,2,2
WBGene00201488.,0,1,1
WBGene00201489.,0,1,1
WBGene00201490.,0,0,0
WBGene00201491.,0,1,1
WBGene00201492.,0,3,3
WBGene00201493.,0,0,0
WBGene00201494.,0,5,5
WBGene00201495.,0,0,0
WBGene00201496.,0,4,4
WBGene00201497.,0,0,0
WBGene00201498.,0,9,9
WBGene00201499.,0,11,11
WBGene00201500.,0,2,2
WBGene00201501.,0,14,14
WBGene00201502.,0,0,0
WBGene00201503.,0,0,0
WBGene00201504.,0,0,0
WBGene00201505.,0,0,0
WBGene00201506.,0,2,2
WBGene00201507.,0,0,0
WBGene00201508.,0,7,7
WBGene00201509.,0,6,6
WBGene00201510.,0,8,8
WBGene00201511.,0,0,0
WBGene00201512.,0,0,0
WBGene00201513.,0,5,5
WBGene00201514.,0,1,1
WBGene00201515.,0,0,0
WBGene00201516.,0,1,1
WBGene00201517.,0,8,8
WBGene00201518.,0,1,1
WBGene00201519.,0,8,8
WBGene00201520.,0,0,0
WBGene00201521.,0,0,0
WBGene00201522.,0,6,6
WBGene00201523.,0,4,4
WBGene00201524.,0,0,0
WBGene00201525.,0,0,0
WBGene00201526.,0,0,0
WBGene00201527.,0,10,10
WBGene00201528.,0,1,1
WBGene00201529.,0,0,0
WBGene00201530.,0,11,11
WBGene00201531.,0,2,2
WBGene00201532.,0,12,12
WBGene00201533.,0,2,2
WBGene00201534.,0,1,1
WBGene00201535.,0,2,2
WBGene00201536.,0,0,0
WBGene00201537.,0,0,0
WBGene00201538.,0,6,6
WBGene00201539.,0,0,0
WBGene00201540.,0,10,10
WBGene00201541.,0,2,2
WBGene00201542.,0,0,0
WBGene00201543.,0,3,3
WBGene00201544.,0,0,0
WBGene00201545.,0,0,0
WBGene00201546.,0,0,0
WBGene00201547.,0,9,9
WBGene00201548.,0,0,0
WBGene00201549.,0,0,0
WBGene00201550.,0,2,2
WBGene00201551.,0,2,2
WBGene00201552.,0,0,0
WBGene00201553.,0,2,2
WBGene00201554.,0,0,0
WBGene00201555.,0,0,0
WBGene00201556.,0,3,3
WBGene00201557.,0,9,9
WBGene00201558.,0,1,1
WBGene00201559.,0,0,0
WBGene00201560.,0,0,0
WBGene00201561.,0,65,65
WBGene00201562.,0,0,0
WBGene00201563.,0,0,0
WBGene00201564.,0,5,5
WBGene00201565.,0,10,10
WBGene00201566.,0,0,0
WBGene00201567.,0,7,7
WBGene00201568.,0,0,0
WBGene00201569.,0,0,0
WBGene00201570.,0,3,3
WBGene00201571.,0,1,1
WBGene00201572.,0,1,1
WBGene00201573.,0,2,2
WBGene00201574.,0,0,0
WBGene00201575.,0,1,1
WBGene00201576.,0,1,1
WBGene00201577.,0,0,0
WBGene00201578.,0,14,14
WBGene00201579.,0,3,3
WBGene00201580.,0,12,12
WBGene00201581.,0,4,4
WBGene00201582.,0,14,14
WBGene00201583.,0,0,0
WBGene00201584.,0,1,1
WBGene00201585.,0,0,0
WBGene00201586.,0,47,47
WBGene00201587.,0,3,3
WBGene00201588.,0,1,1
WBGene00201589.,0,1,1
WBGene00201590.,0,0,0
WBGene00201591.,0,4,4
WBGene00201592.,0,0,0
WBGene00201593.,0,1,1
WBGene00201594.,0,1,1
WBGene00201595.,0,1,1
WBGene00201596.,0,2,2
WBGene00201597.,0,0,0
WBGene00201598.,0,1,1
WBGene00201599.,0,17,17
WBGene00201600.,0,0,0
WBGene00201601.,0,7,7
WBGene00201602.,0,19,19
WBGene00201603.,0,6,6
WBGene00201604.,0,7,7
WBGene00201605.,0,0,0
WBGene00201606.,0,6,6
WBGene00201607.,0,0,0
WBGene00201608.,0,0,0
WBGene00201609.,0,26,26
WBGene00201610.,0,6,6
WBGene00201611.,0,3,3
WBGene00201612.,0,0,0
WBGene00201613.,0,0,0
WBGene00201614.,0,0,0
WBGene00201615.,0,0,0
WBGene00201616.,0,0,0
WBGene00201617.,0,0,0
WBGene00201618.,0,0,0
WBGene00201619.,0,5,5
WBGene00201620.,0,0,0
WBGene00201621.,0,1,1
WBGene00201622.,0,0,0
WBGene00201623.,0,8,8
WBGene00201624.,0,4,4
WBGene00201625.,0,7,7
WBGene00201626.,0,32,32
WBGene00201627.,0,0,0
WBGene00201628.,0,0,0
WBGene00201629.,0,0,0
WBGene00201630.,0,0,0
WBGene00201631.,0,0,0
WBGene00201632.,0,3,3
WBGene00201633.,0,35,35
WBGene00201634.,0,3,3
WBGene00201636.,0,0,0
WBGene00201637.,0,0,0
WBGene00201638.,0,1,1
WBGene00201639.,0,0,0
WBGene00201640.,0,0,0
WBGene00201641.,0,1,1
WBGene00201642.,0,14,14
WBGene00201643.,0,1,1
WBGene00201644.,0,7,7
WBGene00201645.,0,4,4
WBGene00201646.,0,31,31
WBGene00201647.,0,0,0
WBGene00201648.,0,1,1
WBGene00201649.,0,2,2
WBGene00201650.,0,47,47
WBGene00201651.,0,31,31
WBGene00201652.,0,2,2
WBGene00201653.,0,1,1
WBGene00201654.,0,10,10
WBGene00201655.,0,0,0
WBGene00201656.,0,0,0
WBGene00201657.,0,0,0
WBGene00201658.,0,1,1
WBGene00201659.,0,0,0
WBGene00201660.,0,4,4
WBGene00201661.,0,0,0
WBGene00201662.,0,0,0
WBGene00201663.,0,0,0
WBGene00201664.,0,5,5
WBGene00201665.,0,0,0
WBGene00201666.,0,1,1
WBGene00201667.,0,4,4
WBGene00201668.,0,0,0
WBGene00201669.,0,110,110
WBGene00201670.,0,26,26
WBGene00201671.,0,0,0
WBGene00201672.,0,0,0
WBGene00201673.,0,2,2
WBGene00201674.,0,4,4
WBGene00201675.,0,4,4
WBGene00201676.,0,10,10
WBGene00201677.,0,1,1
WBGene00201678.,0,2,2
WBGene00201679.,0,3,3
WBGene00201680.,0,0,0
WBGene00201681.,0,1,1
WBGene00201682.,0,0,0
WBGene00201683.,0,1,1
WBGene00201684.,0,2,2
WBGene00201685.,0,3,3
WBGene00201686.,0,0,0
WBGene00201687.,0,0,0
WBGene00201688.,0,0,0
WBGene00201689.,0,1,1
WBGene00201690.,0,2,2
WBGene00201691.,0,0,0
WBGene00201692.,0,2,2
WBGene00201693.,0,0,0
WBGene00201694.,0,5,5
WBGene00201695.,0,0,0
WBGene00201696.,0,1,1
WBGene00201697.,0,0,0
WBGene00201698.,0,3,3
WBGene00201699.,0,0,0
WBGene00201700.,0,0,0
WBGene00201701.,0,0,0
WBGene00201702.,0,5,5
WBGene00201703.,0,0,0
WBGene00201704.,0,0,0
WBGene00201705.,0,2,2
WBGene00201706.,0,5,5
WBGene00201707.,0,0,0
WBGene00201708.,0,0,0
WBGene00201709.,0,0,0
WBGene00201710.,0,0,0
WBGene00201711.,0,8,8
WBGene00201712.,0,1,1
WBGene00201713.,0,0,0
WBGene00201714.,0,2,2
WBGene00201715.,0,7,7
WBGene00201716.,0,1,1
WBGene00201717.,0,0,0
WBGene00201718.,0,3,3
WBGene00201719.,0,0,0
WBGene00201720.,0,0,0
WBGene00201721.,0,12,12
WBGene00201722.,0,0,0
WBGene00201723.,0,0,0
WBGene00201724.,0,0,0
WBGene00201725.,0,1,1
WBGene00201726.,0,0,0
WBGene00201727.,0,0,0
WBGene00201728.,0,0,0
WBGene00201729.,0,6,6
WBGene00201730.,0,20,20
WBGene00201731.,0,1,1
WBGene00201732.,0,1,1
WBGene00201733.,0,4,4
WBGene00201734.,0,0,0
WBGene00201735.,0,2,2
WBGene00201736.,0,2,2
WBGene00201737.,0,0,0
WBGene00201738.,0,1,1
WBGene00201739.,0,21,21
WBGene00201740.,0,7,7
WBGene00201741.,0,9,9
WBGene00201742.,0,0,0
WBGene00201743.,0,0,0
WBGene00201744.,0,8,8
WBGene00201745.,0,107,107
WBGene00201746.,0,0,0
WBGene00201747.,0,2,2
WBGene00201748.,0,0,0
WBGene00201749.,0,2,2
WBGene00201750.,0,1,1
WBGene00201751.,0,0,0
WBGene00201752.,0,17,17
WBGene00201753.,0,2,2
WBGene00201754.,0,2,2
WBGene00201755.,0,14,14
WBGene00201756.,0,0,0
WBGene00201757.,0,1,1
WBGene00201758.,0,0,0
WBGene00201759.,0,0,0
WBGene00201760.,0,0,0
WBGene00201761.,0,2,2
WBGene00201762.,0,2,2
WBGene00201763.,0,2,2
WBGene00201764.,0,0,0
WBGene00201765.,0,0,0
WBGene00201766.,0,0,0
WBGene00201767.,0,0,0
WBGene00201768.,0,2,2
WBGene00201769.,0,8,8
WBGene00201770.,0,28,28
WBGene00201771.,0,6,6
WBGene00201772.,0,0,0
WBGene00201773.,0,6,6
WBGene00201774.,0,0,0
WBGene00201775.,0,0,0
WBGene00201776.,0,0,0
WBGene00201777.,0,0,0
WBGene00201778.,0,6,6
WBGene00201779.,0,0,0
WBGene00201780.,0,0,0
WBGene00201781.,0,0,0
WBGene00201782.,0,0,0
WBGene00201783.,0,11,11
WBGene00201784.,0,2,2
WBGene00201785.,0,3,3
WBGene00201786.,0,0,0
WBGene00201787.,0,0,0
WBGene00201788.,0,0,0
WBGene00201789.,0,3,3
WBGene00201790.,0,4,4
WBGene00201791.,0,3,3
WBGene00201792.,0,0,0
WBGene00201793.,0,0,0
WBGene00201794.,0,0,0
WBGene00201795.,0,0,0
WBGene00201796.,0,0,0
WBGene00201797.,0,15,15
WBGene00201798.,0,0,0
WBGene00201799.,0,2,2
WBGene00201800.,0,0,0
WBGene00201801.,0,6,6
WBGene00201802.,0,0,0
WBGene00201803.,0,0,0
WBGene00201804.,0,0,0
WBGene00201805.,0,0,0
WBGene00201806.,0,8,8
WBGene00201807.,0,5,5
WBGene00201808.,0,5,5
WBGene00201809.,0,2,2
WBGene00201810.,0,0,0
WBGene00201811.,0,5,5
WBGene00201812.,0,0,0
WBGene00201813.,0,0,0
WBGene00201814.,0,0,0
WBGene00201815.,0,1,1
WBGene00201816.,0,0,0
WBGene00201817.,0,4,4
WBGene00201818.,0,0,0
WBGene00201819.,0,0,0
WBGene00201820.,0,0,0
WBGene00201821.,0,4,4
WBGene00201822.,0,1,1
WBGene00201823.,0,0,0
WBGene00201824.,0,0,0
WBGene00201825.,0,45,45
WBGene00201826.,0,0,0
WBGene00201827.,0,4,4
WBGene00201828.,0,1,1
WBGene00201829.,0,0,0
WBGene00201830.,0,0,0
WBGene00201831.,0,8,8
WBGene00201832.,0,0,0
WBGene00201833.,0,0,0
WBGene00201834.,0,0,0
WBGene00201835.,0,0,0
WBGene00201836.,0,8,8
WBGene00201837.,0,0,0
WBGene00201838.,0,9,9
WBGene00201839.,0,0,0
WBGene00201840.,0,3,3
WBGene00201841.,0,0,0
WBGene00201842.,0,2,2
WBGene00201843.,0,1,1
WBGene00201844.,0,1,1
WBGene00201845.,0,2,2
WBGene00201846.,0,13,13
WBGene00201847.,0,1,1
WBGene00201848.,0,13,13
WBGene00201849.,0,0,0
WBGene00201850.,0,0,0
WBGene00201851.,0,0,0
WBGene00201852.,0,0,0
WBGene00201853.,0,4,4
WBGene00201854.,0,0,0
WBGene00201855.,0,21,21
WBGene00201856.,0,0,0
WBGene00201857.,0,0,0
WBGene00201858.,0,0,0
WBGene00201859.,0,0,0
WBGene00201860.,0,2,2
WBGene00201861.,0,4,4
WBGene00201862.,0,0,0
WBGene00201863.,0,0,0
WBGene00201864.,0,3,3
WBGene00201865.,0,0,0
WBGene00201866.,0,0,0
WBGene00201867.,0,1,1
WBGene00201868.,0,1,1
WBGene00201869.,0,5,5
WBGene00201870.,0,0,0
WBGene00201871.,0,205,205
WBGene00201872.,0,0,0
WBGene00201873.,0,0,0
WBGene00201874.,0,0,0
WBGene00201875.,0,0,0
WBGene00201876.,0,1,1
WBGene00201877.,0,0,0
WBGene00201878.,0,0,0
WBGene00201879.,0,9,9
WBGene00201880.,0,1,1
WBGene00201881.,0,0,0
WBGene00201882.,0,0,0
WBGene00201883.,0,0,0
WBGene00201884.,0,1,1
WBGene00201885.,0,3,3
WBGene00201886.,0,0,0
WBGene00201887.,0,1,1
WBGene00201888.,0,0,0
WBGene00201889.,0,20,20
WBGene00201890.,0,0,0
WBGene00201891.,0,0,0
WBGene00201892.,0,0,0
WBGene00201893.,0,3,3
WBGene00201894.,0,9,9
WBGene00201895.,0,1,1
WBGene00201896.,0,0,0
WBGene00201897.,0,1,1
WBGene00201898.,0,3,3
WBGene00201899.,0,0,0
WBGene00201900.,0,5,5
WBGene00201901.,0,3,3
WBGene00201902.,0,1,1
WBGene00201903.,0,1,1
WBGene00201904.,0,0,0
WBGene00201905.,0,0,0
WBGene00201906.,0,1,1
WBGene00201907.,0,13,13
WBGene00201908.,0,7,7
WBGene00201909.,0,4,4
WBGene00201910.,0,0,0
WBGene00201911.,0,0,0
WBGene00201912.,0,1,1
WBGene00201913.,0,0,0
WBGene00201914.,0,1,1
WBGene00201915.,0,7,7
WBGene00201916.,0,16,16
WBGene00201917.,0,37,37
WBGene00201918.,0,0,0
WBGene00201919.,0,7,7
WBGene00201920.,0,0,0
WBGene00201921.,0,1,1
WBGene00201922.,0,1,1
WBGene00201923.,0,1,1
WBGene00201924.,0,0,0
WBGene00201925.,0,0,0
WBGene00201926.,0,1,1
WBGene00201927.,0,0,0
WBGene00201928.,0,5,5
WBGene00201929.,0,1,1
WBGene00201930.,0,4,4
WBGene00201931.,0,0,0
WBGene00201932.,0,4,4
WBGene00201933.,0,18,18
WBGene00201934.,0,0,0
WBGene00201935.,0,0,0
WBGene00201936.,0,0,0
WBGene00201937.,0,0,0
WBGene00201938.,0,0,0
WBGene00201939.,0,0,0
WBGene00201940.,0,0,0
WBGene00201941.,0,1,1
WBGene00201942.,0,18,18
WBGene00201943.,0,0,0
WBGene00201944.,0,7,7
WBGene00201945.,0,3,3
WBGene00201946.,0,0,0
WBGene00201947.,0,0,0
WBGene00201948.,0,0,0
WBGene00201949.,0,19,19
WBGene00201950.,0,0,0
WBGene00201951.,0,0,0
WBGene00201952.,0,5,5
WBGene00201953.,0,93,93
WBGene00201954.,0,5,5
WBGene00201955.,0,0,0
WBGene00201956.,0,2,2
WBGene00201957.,0,0,0
WBGene00201958.,0,0,0
WBGene00201959.,0,2,2
WBGene00201960.,0,0,0
WBGene00201961.,0,1,1
WBGene00201962.,0,0,0
WBGene00201963.,0,1,1
WBGene00201964.,0,268,268
WBGene00201965.,0,3,3
WBGene00201966.,0,25,25
WBGene00201967.,0,9,9
WBGene00201968.,0,0,0
WBGene00201969.,0,8,8
WBGene00201970.,0,3,3
WBGene00201971.,0,0,0
WBGene00201972.,0,0,0
WBGene00201973.,0,0,0
WBGene00201974.,0,0,0
WBGene00201975.,0,0,0
WBGene00201976.,0,0,0
WBGene00201977.,0,0,0
WBGene00201978.,0,0,0
WBGene00201979.,0,0,0
WBGene00201980.,0,1,1
WBGene00201981.,0,0,0
WBGene00201982.,0,21,21
WBGene00201983.,0,1,1
WBGene00201984.,0,4,4
WBGene00201985.,0,1,1
WBGene00201986.,0,9,9
WBGene00201987.,0,7,7
WBGene00201988.,0,1,1
WBGene00201989.,0,10,10
WBGene00201990.,0,0,0
WBGene00201991.,0,3,3
WBGene00201992.,0,2,2
WBGene00201993.,0,3,3
WBGene00201994.,0,6,6
WBGene00201995.,0,3,3
WBGene00201996.,0,0,0
WBGene00201997.,0,0,0
WBGene00201998.,0,20,20
WBGene00201999.,0,0,0
WBGene00202000.,0,3,3
WBGene00202001.,0,11,11
WBGene00202002.,0,3,3
WBGene00202003.,0,0,0
WBGene00202004.,0,0,0
WBGene00202005.,0,4,4
WBGene00202006.,0,0,0
WBGene00202007.,0,0,0
WBGene00202008.,0,15,15
WBGene00202009.,0,2,2
WBGene00202010.,0,4,4
WBGene00202011.,0,14,14
WBGene00202012.,0,10,10
WBGene00202013.,0,0,0
WBGene00202014.,0,0,0
WBGene00202015.,0,0,0
WBGene00202016.,0,26,26
WBGene00202017.,0,1,1
WBGene00202018.,0,0,0
WBGene00202019.,0,0,0
WBGene00202020.,0,5,5
WBGene00202021.,0,6,6
WBGene00202022.,0,0,0
WBGene00202023.,0,2,2
WBGene00202024.,0,0,0
WBGene00202025.,0,0,0
WBGene00202026.,0,4,4
WBGene00202027.,0,0,0
WBGene00202028.,0,28,28
WBGene00202029.,0,27,27
WBGene00202030.,0,17,17
WBGene00202031.,0,0,0
WBGene00202032.,0,2,2
WBGene00202033.,0,8,8
WBGene00202034.,0,4,4
WBGene00202035.,0,4,4
WBGene00202036.,0,4,4
WBGene00202037.,0,0,0
WBGene00202038.,0,2,2
WBGene00202039.,0,1,1
WBGene00202040.,0,0,0
WBGene00202041.,0,0,0
WBGene00202042.,0,0,0
WBGene00202043.,0,0,0
WBGene00202044.,0,7,7
WBGene00202045.,0,1,1
WBGene00202046.,0,0,0
WBGene00202047.,0,2,2
WBGene00202048.,0,4,4
WBGene00202049.,0,0,0
WBGene00202050.,0,3,3
WBGene00202051.,0,2,2
WBGene00202052.,0,3,3
WBGene00202053.,0,4,4
WBGene00202054.,0,1,1
WBGene00202055.,0,0,0
WBGene00202056.,0,1,1
WBGene00202057.,0,0,0
WBGene00202058.,0,0,0
WBGene00202059.,0,3,3
WBGene00202060.,0,16,16
WBGene00202061.,0,4,4
WBGene00202062.,0,0,0
WBGene00202063.,0,5,5
WBGene00202064.,0,1,1
WBGene00202065.,0,7,7
WBGene00202066.,0,4,4
WBGene00202067.,0,0,0
WBGene00202068.,0,0,0
WBGene00202069.,0,0,0
WBGene00202070.,0,1,1
WBGene00202071.,0,1,1
WBGene00202072.,0,0,0
WBGene00202073.,0,0,0
WBGene00202074.,0,11,11
WBGene00202075.,0,1,1
WBGene00202076.,0,0,0
WBGene00202077.,0,4,4
WBGene00202078.,0,2,2
WBGene00202079.,0,20,20
WBGene00202080.,0,15,15
WBGene00202081.,0,2,2
WBGene00202082.,0,7,7
WBGene00202083.,0,0,0
WBGene00202084.,0,12,12
WBGene00202085.,0,16,16
WBGene00202086.,0,3,3
WBGene00202087.,0,16,16
WBGene00202088.,0,6,6
WBGene00202089.,0,1,1
WBGene00202090.,0,1,1
WBGene00202091.,0,4,4
WBGene00202092.,0,0,0
WBGene00202093.,0,0,0
WBGene00202094.,0,10,10
WBGene00202095.,0,2,2
WBGene00202096.,0,10,10
WBGene00202097.,0,2,2
WBGene00202098.,0,3,3
WBGene00202099.,0,0,0
WBGene00202100.,0,1,1
WBGene00202101.,0,1,1
WBGene00202102.,0,10,10
WBGene00202103.,0,0,0
WBGene00202104.,0,4,4
WBGene00202105.,0,39,39
WBGene00202106.,0,0,0
WBGene00202107.,0,12,12
WBGene00202108.,0,4,4
WBGene00202109.,0,0,0
WBGene00202110.,0,0,0
WBGene00202111.,0,0,0
WBGene00202112.,0,3,3
WBGene00202113.,0,2,2
WBGene00202114.,0,1,1
WBGene00202115.,0,1,1
WBGene00202116.,0,0,0
WBGene00202117.,0,0,0
WBGene00202118.,0,0,0
WBGene00202119.,0,1,1
WBGene00202120.,0,0,0
WBGene00202121.,0,1,1
WBGene00202122.,0,1,1
WBGene00202123.,0,0,0
WBGene00202124.,0,0,0
WBGene00202125.,0,0,0
WBGene00202126.,0,3,3
WBGene00202127.,0,2,2
WBGene00202128.,0,0,0
WBGene00202129.,0,1,1
WBGene00202130.,0,4,4
WBGene00202131.,0,0,0
WBGene00202132.,0,1,1
WBGene00202133.,0,45,45
WBGene00202134.,0,2,2
WBGene00202135.,0,0,0
WBGene00202136.,0,153,153
WBGene00202137.,0,2,2
WBGene00202138.,0,0,0
WBGene00202139.,0,0,0
WBGene00202140.,0,8,8
WBGene00202141.,0,0,0
WBGene00202142.,0,0,0
WBGene00202143.,0,22,22
WBGene00202144.,0,0,0
WBGene00202145.,0,12,12
WBGene00202146.,0,0,0
WBGene00202147.,0,1,1
WBGene00202148.,0,0,0
WBGene00202149.,0,0,0
WBGene00202150.,0,28,28
WBGene00202151.,0,1,1
WBGene00202152.,0,4,4
WBGene00202153.,0,0,0
WBGene00202154.,0,0,0
WBGene00202155.,0,0,0
WBGene00202156.,0,5,5
WBGene00202157.,0,2,2
WBGene00202158.,0,9,9
WBGene00202159.,0,0,0
WBGene00202160.,0,0,0
WBGene00202161.,0,2,2
WBGene00202162.,0,0,0
WBGene00202163.,0,2,2
WBGene00202164.,0,0,0
WBGene00202165.,0,2,2
WBGene00202166.,0,15,15
WBGene00202167.,0,5,5
WBGene00202168.,0,0,0
WBGene00202169.,0,0,0
WBGene00202170.,0,1,1
WBGene00202171.,0,1,1
WBGene00202172.,0,0,0
WBGene00202173.,0,0,0
WBGene00202174.,0,2,2
WBGene00202175.,0,1,1
WBGene00202176.,0,0,0
WBGene00202177.,0,2,2
WBGene00202178.,0,0,0
WBGene00202179.,0,0,0
WBGene00202180.,0,0,0
WBGene00202181.,0,0,0
WBGene00202182.,0,0,0
WBGene00202183.,0,8,8
WBGene00202184.,0,2,2
WBGene00202185.,0,0,0
WBGene00202186.,0,8,8
WBGene00202187.,0,2,2
WBGene00202188.,0,0,0
WBGene00202189.,0,0,0
WBGene00202190.,0,3,3
WBGene00202191.,0,5,5
WBGene00202192.,0,4,4
WBGene00202193.,0,0,0
WBGene00202194.,0,4,4
WBGene00202195.,0,10,10
WBGene00202196.,0,0,0
WBGene00202197.,0,2,2
WBGene00202198.,0,5,5
WBGene00202199.,0,0,0
WBGene00202200.,0,0,0
WBGene00202201.,0,0,0
WBGene00202202.,0,0,0
WBGene00202203.,0,0,0
WBGene00202204.,0,0,0
WBGene00202205.,0,0,0
WBGene00202206.,0,0,0
WBGene00202207.,0,0,0
WBGene00202208.,0,0,0
WBGene00202209.,0,0,0
WBGene00202210.,0,0,0
WBGene00202211.,0,2,2
WBGene00202212.,0,1,1
WBGene00202213.,0,0,0
WBGene00202214.,0,1,1
WBGene00202215.,0,2,2
WBGene00202216.,0,1,1
WBGene00202217.,0,0,0
WBGene00202218.,0,0,0
WBGene00202219.,0,0,0
WBGene00202220.,0,0,0
WBGene00202221.,0,0,0
WBGene00202222.,0,0,0
WBGene00202223.,0,3,3
WBGene00202224.,0,1,1
WBGene00202225.,0,1,1
WBGene00202226.,0,1,1
WBGene00202227.,0,0,0
WBGene00202228.,0,0,0
WBGene00202229.,0,0,0
WBGene00202230.,0,0,0
WBGene00202231.,0,1,1
WBGene00202232.,0,4,4
WBGene00202233.,0,0,0
WBGene00202234.,0,1,1
WBGene00202235.,0,6,6
WBGene00202236.,0,0,0
WBGene00202237.,0,1,1
WBGene00202238.,0,0,0
WBGene00202239.,0,0,0
WBGene00202240.,0,1,1
WBGene00202241.,0,0,0
WBGene00202242.,0,1,1
WBGene00202243.,0,1,1
WBGene00202244.,0,3,3
WBGene00202245.,0,2,2
WBGene00202246.,0,0,0
WBGene00202247.,0,0,0
WBGene00202248.,0,0,0
WBGene00202249.,0,0,0
WBGene00202250.,0,0,0
WBGene00202251.,0,0,0
WBGene00202252.,0,0,0
WBGene00202253.,0,0,0
WBGene00202254.,0,2,2
WBGene00202255.,0,2,2
WBGene00202256.,0,3,3
WBGene00202257.,0,0,0
WBGene00202258.,0,0,0
WBGene00202259.,0,0,0
WBGene00202260.,0,1,1
WBGene00202261.,0,0,0
WBGene00202262.,0,1,1
WBGene00202263.,0,18,18
WBGene00202264.,0,2,2
WBGene00202265.,0,9,9
WBGene00202266.,0,0,0
WBGene00202267.,0,14,14
WBGene00202268.,0,16,16
WBGene00202269.,0,1,1
WBGene00202270.,0,2,2
WBGene00202271.,0,0,0
WBGene00202272.,0,2,2
WBGene00202273.,0,3,3
WBGene00202274.,0,0,0
WBGene00202275.,0,1,1
WBGene00202276.,0,0,0
WBGene00202277.,0,0,0
WBGene00202278.,0,0,0
WBGene00202279.,0,3,3
WBGene00202280.,0,0,0
WBGene00202281.,0,0,0
WBGene00202282.,0,0,0
WBGene00202283.,0,0,0
WBGene00202284.,0,0,0
WBGene00202285.,0,0,0
WBGene00202286.,0,3,3
WBGene00202287.,0,1,1
WBGene00202288.,0,0,0
WBGene00202289.,0,5,5
WBGene00202290.,0,1,1
WBGene00202291.,0,3,3
WBGene00202292.,0,1,1
WBGene00202293.,0,13,13
WBGene00202294.,0,4,4
WBGene00202295.,0,2,2
WBGene00202296.,0,0,0
WBGene00202297.,0,1,1
WBGene00202298.,0,0,0
WBGene00202299.,0,0,0
WBGene00202300.,0,12,12
WBGene00202301.,0,3,3
WBGene00202302.,0,0,0
WBGene00202303.,0,0,0
WBGene00202304.,0,1,1
WBGene00202305.,0,7,7
WBGene00202306.,0,9,9
WBGene00202307.,0,0,0
WBGene00202308.,0,0,0
WBGene00202309.,0,0,0
WBGene00202310.,0,0,0
WBGene00202311.,0,13,13
WBGene00202312.,0,2,2
WBGene00202313.,0,7,7
WBGene00202314.,0,2,2
WBGene00202315.,0,2,2
WBGene00202316.,0,12,12
WBGene00202317.,0,11,11
WBGene00202318.,0,0,0
WBGene00202319.,0,0,0
WBGene00202320.,0,1,1
WBGene00202321.,0,9,9
WBGene00202322.,0,0,0
WBGene00202323.,0,40,40
WBGene00202324.,0,0,0
WBGene00202325.,0,3,3
WBGene00202326.,0,0,0
WBGene00202327.,0,0,0
WBGene00202328.,0,0,0
WBGene00202329.,0,1,1
WBGene00202330.,0,14,14
WBGene00202331.,0,0,0
WBGene00202332.,0,2,2
WBGene00202333.,0,3,3
WBGene00202334.,0,0,0
WBGene00202335.,0,0,0
WBGene00202336.,0,2,2
WBGene00202337.,0,0,0
WBGene00202338.,0,0,0
WBGene00202339.,0,0,0
WBGene00202340.,0,12,12
WBGene00202341.,0,0,0
WBGene00202342.,0,0,0
WBGene00202343.,0,0,0
WBGene00202344.,0,0,0
WBGene00202345.,0,0,0
WBGene00202346.,0,0,0
WBGene00202347.,0,0,0
WBGene00202348.,0,0,0
WBGene00202349.,0,4,4
WBGene00202350.,0,0,0
WBGene00202351.,0,0,0
WBGene00202352.,0,0,0
WBGene00202353.,0,0,0
WBGene00202354.,0,0,0
WBGene00202355.,0,9,9
WBGene00202356.,0,0,0
WBGene00202357.,0,0,0
WBGene00202358.,0,0,0
WBGene00202359.,0,1,1
WBGene00202360.,0,2,2
WBGene00202361.,0,0,0
WBGene00202362.,0,0,0
WBGene00202363.,0,0,0
WBGene00202364.,0,0,0
WBGene00202365.,0,4,4
WBGene00202366.,0,0,0
WBGene00202367.,0,0,0
WBGene00202368.,0,4,4
WBGene00202369.,0,0,0
WBGene00202370.,0,5,5
WBGene00202371.,0,0,0
WBGene00202372.,0,2,2
WBGene00202373.,0,2,2
WBGene00202374.,0,0,0
WBGene00202375.,0,0,0
WBGene00202376.,0,4,4
WBGene00202377.,0,3,3
WBGene00202378.,0,0,0
WBGene00202379.,0,0,0
WBGene00202380.,0,0,0
WBGene00202381.,0,0,0
WBGene00202382.,0,1,1
WBGene00202383.,0,2,2
WBGene00202384.,0,0,0
WBGene00202385.,0,2,2
WBGene00202386.,0,0,0
WBGene00202387.,0,2,2
WBGene00202388.,0,4,4
WBGene00202389.,0,5,5
WBGene00202390.,0,0,0
WBGene00202391.,0,1,1
WBGene00202392.,0,4,4
WBGene00202393.,0,0,0
WBGene00202394.,0,0,0
WBGene00202395.,0,3,3
WBGene00202396.,0,0,0
WBGene00202397.,0,0,0
WBGene00202398.,0,0,0
WBGene00202399.,0,0,0
WBGene00202400.,0,47,47
WBGene00202401.,0,0,0
WBGene00202402.,0,0,0
WBGene00202403.,0,0,0
WBGene00202404.,0,2,2
WBGene00202405.,0,1,1
WBGene00202406.,0,0,0
WBGene00202407.,0,0,0
WBGene00202408.,0,0,0
WBGene00202409.,0,0,0
WBGene00202410.,0,173,173
WBGene00202411.,0,0,0
WBGene00202412.,0,7,7
WBGene00202413.,0,0,0
WBGene00202414.,0,0,0
WBGene00202415.,0,0,0
WBGene00202416.,0,12,12
WBGene00202417.,0,0,0
WBGene00202418.,0,1,1
WBGene00202419.,0,0,0
WBGene00202420.,0,0,0
WBGene00202421.,0,0,0
WBGene00202422.,0,2,2
WBGene00202423.,0,0,0
WBGene00202424.,0,29,29
WBGene00202425.,0,22,22
WBGene00202426.,0,0,0
WBGene00202427.,0,0,0
WBGene00202428.,0,0,0
WBGene00202429.,0,9,9
WBGene00202430.,0,0,0
WBGene00202431.,0,0,0
WBGene00202432.,0,0,0
WBGene00202433.,0,0,0
WBGene00202434.,0,4,4
WBGene00202435.,0,0,0
WBGene00202436.,0,5,5
WBGene00202437.,0,0,0
WBGene00202438.,0,10,10
WBGene00202439.,0,12,12
WBGene00202440.,0,0,0
WBGene00202441.,0,11,11
WBGene00202442.,0,0,0
WBGene00202443.,0,1,1
WBGene00202444.,0,0,0
WBGene00202445.,0,0,0
WBGene00202446.,0,1,1
WBGene00202447.,0,6,6
WBGene00202448.,0,3,3
WBGene00202449.,0,28,28
WBGene00202450.,0,0,0
WBGene00202451.,0,5,5
WBGene00202452.,0,0,0
WBGene00202453.,0,18,18
WBGene00202454.,0,1,1
WBGene00202455.,0,0,0
WBGene00202456.,0,0,0
WBGene00202457.,0,0,0
WBGene00202458.,0,0,0
WBGene00202459.,0,1,1
WBGene00202460.,0,3,3
WBGene00202461.,0,1,1
WBGene00202462.,0,0,0
WBGene00202463.,0,7,7
WBGene00202464.,0,1,1
WBGene00202465.,0,1,1
WBGene00202466.,0,1,1
WBGene00202467.,0,3,3
WBGene00202468.,0,0,0
WBGene00202469.,0,9,9
WBGene00202470.,0,1,1
WBGene00202471.,0,3,3
WBGene00202472.,0,10,10
WBGene00202473.,0,0,0
WBGene00202474.,0,0,0
WBGene00202475.,0,2,2
WBGene00202476.,0,5,5
WBGene00202477.,0,3,3
WBGene00202478.,0,0,0
WBGene00202479.,0,1,1
WBGene00202480.,0,4,4
WBGene00202481.,0,0,0
WBGene00202482.,0,1,1
WBGene00202483.,0,2,2
WBGene00202484.,0,2,2
WBGene00202485.,0,0,0
WBGene00202486.,0,0,0
WBGene00202487.,0,2,2
WBGene00202488.,0,0,0
WBGene00202489.,0,0,0
WBGene00202490.,0,2,2
WBGene00202491.,0,0,0
WBGene00202492.,0,3,3
WBGene00202493.,0,2,2
WBGene00202494.,0,0,0
WBGene00202495.,0,0,0
WBGene00202496.,3,17,20
WBGene00202497.,1,3,4
WBGene00202498.,9,30,39
WBGene00202499.,1,5,6
WBGene00202500.,6,2,8
WBGene00202501.,0,4,4
WBGene00202502.,1,1,2
WBGene00202504.,0,5,5
WBGene00202511.,1,3,4
WBGene00202512.,36,156,192
WBGene00202513.,6,157,163
WBGene00202514.,3,12,15
WBGene00206354.,3,36,39
WBGene00206355.,1,28,29
WBGene00206356.,37,641,678
WBGene00206357.,5,5,10
WBGene00206358.,3,0,3
WBGene00206359.,12,9,21
WBGene00206360.,0,2,2
WBGene00206361.,4,146,150
WBGene00206362.,87,446,533
WBGene00206363.,0,2,2
WBGene00206364.,3,49,52
WBGene00206365.,0,3,3
WBGene00206366.,3,25,28
WBGene00206368.,0,0,0
WBGene00206369.,0,0,0
WBGene00206370.,2,27,29
WBGene00206371.,5,165,170
WBGene00206372.,5,1,6
WBGene00206373.,32,241,273
WBGene00206374.,55,108,163
WBGene00206375.,0,3,3
WBGene00206377.,3,62,65
WBGene00206378.,20,31,51
WBGene00206379.,0,2,2
WBGene00206380.,116,1791,1907
WBGene00206381.,1,25,26
WBGene00206382.,71,1033,1104
WBGene00206383.,4,4,8
WBGene00206384.,21,22,43
WBGene00206385.,0,2,2
WBGene00206386.,1,34,35
WBGene00206388.,0,1,1
WBGene00206389.,0,0,0
WBGene00206390.,0,2,2
WBGene00206391.,0,0,0
WBGene00206392.,21,43,64
WBGene00206393.,2,8,10
WBGene00206394.,0,1,1
WBGene00206395.,1,3,4
WBGene00206411.,1,32,33
WBGene00206412.,1,23,24
WBGene00206413.,2,6,8
WBGene00206414.,1,19,20
WBGene00206415.,11,7,18
WBGene00206416.,13,42,55
WBGene00206417.,41,524,565
WBGene00206418.,1,27,28
WBGene00206420.,2,91,93
WBGene00206421.,0,0,0
WBGene00206422.,0,11,11
WBGene00206423.,0,1332,1332
WBGene00206459.,50,337,387
WBGene00206460.,12,47,59
WBGene00206461.,4,38,42
WBGene00206462.,0,9,9
WBGene00206464.,0,1145,1145
WBGene00206466.,4,144,148
WBGene00206468.,0,0,0
WBGene00206469.,18,54,72
WBGene00206470.,0,2,2
WBGene00206471.,4,6,10
WBGene00206473.,1,14,15
WBGene00206474.,28,76,104
WBGene00206475.,6,4,10
WBGene00206477.,1,1,2
WBGene00206478.,0,3,3
WBGene00206479.,9,8,17
WBGene00206481.,1,2,3
WBGene00206482.,1,17,18
WBGene00206483.,2,3,5
WBGene00206484.,22,117,139
WBGene00206485.,0,0,0
WBGene00206486.,11,5,16
WBGene00206487.,19,552,571
WBGene00206488.,82,86,168
WBGene00206489.,9,9,18
WBGene00206490.,0,0,0
WBGene00206491.,6,73,79
WBGene00206492.,0,0,0
WBGene00206493.,0,5,5
WBGene00206494.,2,4,6
WBGene00206495.,0,0,0
WBGene00206496.,1,0,1
WBGene00206497.,2,6,8
WBGene00206498.,1,2,3
WBGene00206499.,2,2,4
WBGene00206500.,0,0,0
WBGene00206501.,0,0,0
WBGene00206502.,3,44,47
WBGene00206503.,0,2,2
WBGene00206504.,0,0,0
WBGene00206505.,17,204,221
WBGene00206506.,0,0,0
WBGene00206507.,0,1,1
WBGene00206508.,0,0,0
WBGene00206509.,1,1,2
WBGene00206510.,0,4,4
WBGene00206511.,3,1,4
WBGene00206512.,2,18,20
WBGene00206513.,3,4,7
WBGene00206514.,2,2,4
WBGene00206515.,1,3,4
WBGene00206516.,261,0,261
WBGene00206517.,3,82,85
WBGene00206518.,4,2,6
WBGene00206519.,2,6,8
WBGene00206520.,0,3,3
WBGene00206521.,0,0,0
WBGene00206522.,45,1658,1703
WBGene00206523.,0,1,1
WBGene00206524.,3,14,17
WBGene00206525.,64,640,704
WBGene00206526.,2,3,5
WBGene00206527.,4,20,24
WBGene00206528.,0,50,50
WBGene00206529.,45,285,330
WBGene00206530.,28,29,57
WBGene00206531.,0,0,0
WBGene00206532.,406,287,693
WBGene00206533.,163,131,294
WBGene00206534.,0,0,0
WBGene00206535.,5,1,6
WBGene00206536.,10,9,19
WBGene00206537.,4,8,12
WBGene00206538.,18,252,270
WBGene00215616.,49,153,202
WBGene00219205.,0,11,11
WBGene00219206.,6,171,177
WBGene00219207.,0,1087,1087
WBGene00219208.,55,830,885
WBGene00219209.,16,44,60
WBGene00219210.,6,27,33
WBGene00219212.,0,0,0
WBGene00219214.,0,1,1
WBGene00219215.,0,5,5
WBGene00219216.,4,4,8
WBGene00219217.,1,3,4
WBGene00219218.,2,19,21
WBGene00219219.,0,0,0
WBGene00219220.,0,18,18
WBGene00219221.,0,9,9
WBGene00219222.,0,0,0
WBGene00219223.,0,0,0
WBGene00219224.,0,0,0
WBGene00219225.,0,0,0
WBGene00219226.,0,0,0
WBGene00219227.,0,1,1
WBGene00219228.,0,0,0
WBGene00219229.,0,13,13
WBGene00219230.,0,0,0
WBGene00219231.,0,0,0
WBGene00219232.,0,2,2
WBGene00219233.,0,0,0
WBGene00219234.,5,0,5
WBGene00219235.,0,47,47
WBGene00219236.,18,612,630
WBGene00219238.,0,2,2
WBGene00219239.,0,1,1
WBGene00219241.,4,8,12
WBGene00219242.,2,0,2
WBGene00219243.,27,57,84
WBGene00219244.,1,4,5
WBGene00219245.,0,1,1
WBGene00219246.,0,0,0
WBGene00219247.,0,0,0
WBGene00219248.,0,0,0
WBGene00219249.,0,0,0
WBGene00219250.,0,0,0
WBGene00219251.,0,1,1
WBGene00219252.,0,0,0
WBGene00219253.,0,0,0
WBGene00219254.,0,0,0
WBGene00219255.,0,0,0
WBGene00219256.,0,0,0
WBGene00219257.,0,0,0
WBGene00219258.,0,0,0
WBGene00219259.,0,0,0
WBGene00219260.,0,0,0
WBGene00219261.,0,0,0
WBGene00219262.,0,1,1
WBGene00219263.,0,0,0
WBGene00219264.,0,2,2
WBGene00219265.,0,13,13
WBGene00219266.,0,0,0
WBGene00219267.,0,42,42
WBGene00219269.,0,0,0
WBGene00219270.,0,0,0
WBGene00219271.,0,1,1
WBGene00219272.,5,1,6
WBGene00219274.,14,101,115
WBGene00219275.,252,2352,2604
WBGene00219278.,1,6,7
WBGene00219279.,1,2,3
WBGene00219280.,3,58,61
WBGene00219281.,31,10,41
WBGene00219282.,1,15,16
WBGene00219283.,243,53,296
WBGene00219284.,4,1,5
WBGene00219285.,10,21,31
WBGene00219286.,0,41,41
WBGene00219287.,91,1929,2020
WBGene00219288.,63,220,283
WBGene00219289.,444,342,786
WBGene00219290.,0,0,0
WBGene00219291.,0,1,1
WBGene00219292.,6,44,50
WBGene00219293.,0,1,1
WBGene00219294.,7,28,35
WBGene00219295.,19,8,27
WBGene00219296.,1,6,7
WBGene00219297.,4,14,18
WBGene00219298.,9,14,23
WBGene00219299.,2,9,11
WBGene00219300.,5,44,49
WBGene00219301.,2,0,2
WBGene00219302.,0,44,44
WBGene00219303.,23,140,163
WBGene00219304.,138,3688,3826
WBGene00219306.,9,272,281
WBGene00219307.,238,3559,3797
WBGene00219308.,0,5,5
WBGene00219309.,3,56,59
WBGene00219310.,0,6,6
WBGene00219311.,0,0,0
WBGene00219312.,0,0,0
WBGene00219313.,44,1832,1876
WBGene00219314.,4,3,7
WBGene00219315.,1,2,3
WBGene00219316.,3,32,35
WBGene00219317.,9,29,38
WBGene00219318.,0,0,0
WBGene00219319.,20,43,63
WBGene00219321.,4,4,8
WBGene00219322.,0,1,1
WBGene00219323.,0,2,2
WBGene00219324.,0,5,5
WBGene00219325.,28,18,46
WBGene00219326.,1,15,16
WBGene00219327.,0,3,3
WBGene00219329.,141,124,265
WBGene00219330.,2,2,4
WBGene00219331.,0,0,0
WBGene00219332.,19,0,19
WBGene00219337.,122,54,176
WBGene00219342.,1,0,1
WBGene00219343.,0,173,173
WBGene00219351.,5,8,13
WBGene00219352.,4,38,42
WBGene00219362.,167,323,490
WBGene00219368.,0,5,5
WBGene00219369.,0,3,3
WBGene00219370.,0,1,1
WBGene00219371.,4,73,77
WBGene00219373.,11,926,937
WBGene00219374.,10,33,43
WBGene00219375.,27,145,172
WBGene00219376.,4,26,30
WBGene00219377.,7,46,53
WBGene00219378.,0,0,0
WBGene00219381.,2,1,3
WBGene00219383.,0,2,2
WBGene00219394.,0,0,0
WBGene00219395.,5,2,7
WBGene00219399.,18,29,47
WBGene00219410.,37,20,57
WBGene00219411.,2,3,5
WBGene00219412.,0,178,178
WBGene00219413.,2,63,65
WBGene00219414.,0,3,3
WBGene00219415.,20,105,125
WBGene00219416.,1,4,5
WBGene00219417.,7,17,24
WBGene00219418.,0,2,2
WBGene00219420.,0,126,126
WBGene00219421.,0,10,10
WBGene00219422.,4,21,25
WBGene00219423.,4,8,12
WBGene00219424.,3,38,41
WBGene00219425.,95,128,223
WBGene00219434.,0,1,1
WBGene00219436.,18,82,100
WBGene00219437.,4,7,11
WBGene00219442.,0,6,6
WBGene00219443.,0,1,1
WBGene00219444.,46,24,70
WBGene00219445.,0,0,0
WBGene00219446.,0,0,0
WBGene00219447.,0,0,0
WBGene00219448.,6,15,21
WBGene00219449.,7,19,26
WBGene00219450.,18,83,101
WBGene00219451.,4,98,102
WBGene00219452.,2,6,8
WBGene00219453.,0,2,2
WBGene00219454.,0,0,0
WBGene00219455.,0,2,2
WBGene00219456.,0,2,2
WBGene00219458.,4,1,5
WBGene00219460.,12,3,15
WBGene00219476.,7,25,32
WBGene00219477.,0,0,0
WBGene00219478.,1,3,4
WBGene00219483.,4,0,4
WBGene00219489.,0,2,2
WBGene00219490.,0,2,2
WBGene00219491.,0,1,1
WBGene00219492.,1,2,3
WBGene00219493.,0,17,17
WBGene00219497.,1,2,3
WBGene00219498.,1,13,14
WBGene00219544.,0,0,0
WBGene00219545.,0,3,3
WBGene00219546.,1,15,16
WBGene00219547.,0,0,0
WBGene00219548.,0,102,102
WBGene00219549.,0,0,0
WBGene00219550.,0,0,0
WBGene00219551.,0,14,14
WBGene00219552.,28,0,28
WBGene00219553.,0,0,0
WBGene00219554.,0,0,0
WBGene00219555.,0,1,1
WBGene00219556.,0,0,0
WBGene00219557.,22,47,69
WBGene00219558.,0,0,0
WBGene00219559.,0,348,348
WBGene00219560.,0,0,0
WBGene00219561.,0,0,0
WBGene00219562.,8,14,22
WBGene00219563.,61,11,72
WBGene00219564.,0,0,0
WBGene00219565.,3,22,25
WBGene00219566.,0,22,22
WBGene00219567.,13,55,68
WBGene00219568.,0,3,3
WBGene00219569.,0,68,68
WBGene00219570.,53,51,104
WBGene00219571.,47,383,430
WBGene00219572.,238,30,268
WBGene00219573.,0,3,3
WBGene00219574.,0,8,8
WBGene00219575.,56,277,333
WBGene00219576.,0,0,0
WBGene00219577.,0,3,3
WBGene00219578.,0,11,11
WBGene00219579.,0,0,0
WBGene00219580.,2,1,3
WBGene00219581.,0,486,486
WBGene00219582.,0,12,12
WBGene00219583.,4,23,27
WBGene00219584.,0,1,1
WBGene00219585.,1,0,1
WBGene00219586.,82,48,130
WBGene00219587.,2,7,9
WBGene00219588.,2,8,10
WBGene00219589.,33,247,280
WBGene00219590.,0,200,200
WBGene00219591.,0,38,38
WBGene00219592.,0,170,170
WBGene00219593.,0,1,1
WBGene00219594.,0,0,0
WBGene00219596.,8,7,15
WBGene00219597.,0,2,2
WBGene00219598.,3,41,44
WBGene00219599.,1,0,1
WBGene00219600.,305,102,407
WBGene00219601.,102,75,177
WBGene00219602.,0,188,188
WBGene00219603.,0,5,5
WBGene00219604.,0,5,5
WBGene00219605.,189,147,336
WBGene00219606.,8,71,79
WBGene00219607.,0,8,8
WBGene00219608.,0,54,54
WBGene00219609.,0,10149,10149
WBGene00219610.,0,8,8
WBGene00219611.,0,0,0
WBGene00219612.,1,112,113
WBGene00219613.,78,2,80
WBGene00219614.,19,21,40
WBGene00219615.,42,95,137
WBGene00219616.,0,0,0
WBGene00219617.,32,238,270
WBGene00219618.,0,71,71
WBGene00219619.,13,69,82
WBGene00219620.,10,20,30
WBGene00219621.,0,0,0
WBGene00219622.,0,0,0
WBGene00219623.,1,0,1
WBGene00219624.,0,1,1
WBGene00219625.,33,54,87
WBGene00219626.,10,33,43
WBGene00219627.,47,25,72
WBGene00219628.,0,4,4
WBGene00219629.,14,44,58
WBGene00219630.,87,6,93
WBGene00219631.,0,0,0
WBGene00219632.,0,4,4
WBGene00219633.,0,22,22
WBGene00219634.,0,0,0
WBGene00219635.,0,0,0
WBGene00219636.,71,228,299
WBGene00219637.,0,17,17
WBGene00219638.,0,25,25
WBGene00219639.,3,18,21
WBGene00219640.,2,0,2
WBGene00219641.,23,211,234
WBGene00219642.,34,9,43
WBGene00219643.,0,0,0
WBGene00219644.,7,6,13
WBGene00219645.,22,21,43
WBGene00219646.,0,1,1
WBGene00219647.,662,1416,2078
WBGene00219648.,0,0,0
WBGene00219649.,0,187,187
WBGene00219650.,0,198,198
WBGene00219651.,0,40,40
WBGene00219652.,1,0,1
WBGene00219653.,0,4,4
WBGene00219654.,15,53,68
WBGene00219655.,0,5,5
WBGene00219656.,6,0,6
WBGene00219657.,0,4,4
WBGene00219658.,0,8,8
WBGene00219659.,0,36,36
WBGene00219660.,5,21,26
WBGene00219661.,15,127,142
WBGene00219662.,0,1,1
WBGene00219663.,0,0,0
WBGene00219664.,0,131,131
WBGene00219665.,1,22,23
WBGene00219666.,82,21,103
WBGene00219667.,0,5,5
WBGene00219668.,0,0,0
WBGene00219669.,0,14,14
WBGene00219670.,0,0,0
WBGene00219671.,0,3,3
WBGene00219672.,102,154,256
WBGene00219673.,9,59,68
WBGene00219674.,0,3,3
WBGene00219675.,0,575,575
WBGene00219676.,0,31,31
WBGene00219677.,0,1,1
WBGene00219678.,43,304,347
WBGene00219679.,5,3,8
WBGene00219680.,0,189,189
WBGene00219681.,2,40,42
WBGene00219682.,0,51,51
WBGene00219683.,32,33,65
WBGene00219684.,0,3,3
WBGene00219685.,0,4,4
WBGene00219686.,2,45,47
WBGene00219687.,64,279,343
WBGene00219688.,8,44,52
WBGene00219689.,0,7,7
WBGene00219690.,0,0,0
WBGene00219691.,1,6,7
WBGene00219692.,0,0,0
WBGene00219693.,0,0,0
WBGene00219694.,5,21,26
WBGene00219695.,86,114,200
WBGene00219696.,0,3,3
WBGene00219697.,0,132,132
WBGene00219698.,0,0,0
WBGene00219699.,103,926,1029
WBGene00219700.,0,111,111
WBGene00219701.,15,74,89
WBGene00219702.,0,2,2
WBGene00219703.,0,1,1
WBGene00219704.,1,3,4
WBGene00219705.,0,0,0
WBGene00219706.,0,2,2
WBGene00219707.,400,2577,2977
WBGene00219708.,28,415,443
WBGene00219709.,0,1,1
WBGene00219710.,0,27,27
WBGene00219711.,96,218,314
WBGene00219712.,14,14,28
WBGene00219713.,0,37,37
WBGene00219714.,1,0,1
WBGene00219715.,1,22,23
WBGene00219716.,0,11,11
WBGene00219717.,0,2,2
WBGene00219718.,32,164,196
WBGene00219719.,149,109,258
WBGene00219720.,0,797,797
WBGene00219721.,3,80,83
WBGene00219722.,0,87,87
WBGene00219723.,7,4,11
WBGene00219724.,0,0,0
WBGene00219725.,0,4,4
WBGene00219726.,3,4,7
WBGene00219727.,1,41,42
WBGene00219728.,0,45,45
WBGene00219729.,0,28,28
WBGene00219730.,0,26,26
WBGene00219731.,0,4,4
WBGene00219732.,1,6,7
WBGene00219733.,3,2,5
WBGene00219734.,0,203,203
WBGene00219735.,0,5,5
WBGene00219736.,18,112,130
WBGene00219737.,8,4,12
WBGene00219738.,0,33,33
WBGene00219739.,69,91,160
WBGene00219740.,1,11,12
WBGene00219741.,0,3,3
WBGene00219742.,0,19,19
WBGene00219743.,33,155,188
WBGene00219744.,0,0,0
WBGene00219745.,27,18,45
WBGene00219746.,0,435,435
WBGene00219747.,0,0,0
WBGene00219748.,7,88,95
WBGene00219749.,0,49,49
WBGene00219750.,4,2,6
WBGene00219751.,0,15,15
WBGene00219752.,0,7,7
WBGene00219753.,4,96,100
WBGene00219754.,15,9,24
WBGene00219755.,40,617,657
WBGene00219756.,45,455,500
WBGene00219757.,0,0,0
WBGene00219758.,18,1461,1479
WBGene00219759.,0,1,1
WBGene00219760.,0,0,0
WBGene00219761.,0,0,0
WBGene00219762.,5,2,7
WBGene00219763.,5,80,85
WBGene00219764.,0,5,5
WBGene00219765.,154,29,183
WBGene00219766.,0,10,10
WBGene00219767.,23,1,24
WBGene00219768.,0,7,7
WBGene00219769.,2,14,16
WBGene00219770.,1,9,10
WBGene00219771.,99,852,951
WBGene00219772.,0,0,0
WBGene00219773.,3,7,10
WBGene00219774.,1,5,6
WBGene00219775.,10,13,23
WBGene00219776.,0,0,0
WBGene00219777.,0,0,0
WBGene00219778.,0,0,0
WBGene00219779.,0,0,0
WBGene00219780.,0,0,0
WBGene00219781.,0,4,4
WBGene00219782.,0,0,0
WBGene00219783.,0,0,0
WBGene00219784.,0,0,0
WBGene00219785.,0,0,0
WBGene00219786.,0,18,18
WBGene00219787.,0,0,0
WBGene00219788.,0,25,25
WBGene00219789.,0,0,0
WBGene00219790.,0,0,0
WBGene00219791.,0,4,4
WBGene00219792.,0,4,4
WBGene00219793.,0,0,0
WBGene00219794.,0,0,0
WBGene00219795.,0,0,0
WBGene00219796.,0,44,44
WBGene00219797.,0,0,0
WBGene00219798.,0,22,22
WBGene00219799.,0,15,15
WBGene00219800.,0,325,325
WBGene00219801.,0,88,88
WBGene00219803.,0,62,62
WBGene00219804.,0,3,3
WBGene00219805.,0,2,2
WBGene00219806.,0,0,0
WBGene00219807.,0,0,0
WBGene00219808.,0,0,0
WBGene00219809.,0,6,6
WBGene00219810.,0,7,7
WBGene00219811.,0,8,8
WBGene00219812.,0,1,1
WBGene00219813.,0,0,0
WBGene00219814.,0,0,0
WBGene00219815.,0,0,0
WBGene00219816.,0,634,634
WBGene00219817.,0,0,0
WBGene00219818.,0,0,0
WBGene00219819.,0,0,0
WBGene00219820.,0,0,0
WBGene00219821.,0,43,43
WBGene00219822.,0,53,53
WBGene00219823.,0,54,54
WBGene00219824.,0,10,10
WBGene00219825.,0,2,2
WBGene00219826.,0,0,0
WBGene00219827.,0,90,90
WBGene00219828.,0,0,0
WBGene00219829.,0,4,4
WBGene00219830.,0,0,0
WBGene00219831.,0,0,0
WBGene00219832.,0,2,2
WBGene00219833.,0,10,10
WBGene00219834.,0,100,100
WBGene00219835.,0,9,9
WBGene00219836.,0,11,11
WBGene00219837.,0,0,0
WBGene00219838.,66,377,443
WBGene00219839.,0,12,12
WBGene00219840.,0,0,0
WBGene00219841.,0,12,12
WBGene00219842.,0,0,0
WBGene00219843.,0,0,0
WBGene00219844.,0,2,2
WBGene00219845.,0,2,2
WBGene00219846.,0,3,3
WBGene00219847.,0,4,4
WBGene00219848.,0,0,0
WBGene00219849.,0,62511,62511
WBGene00219850.,0,26,26
WBGene00219851.,0,27,27
WBGene00219852.,0,0,0
WBGene00219853.,0,0,0
WBGene00219854.,0,0,0
WBGene00219855.,0,0,0
WBGene00219856.,0,0,0
WBGene00219857.,0,0,0
WBGene00219858.,0,0,0
WBGene00219859.,0,11,11
WBGene00219860.,0,0,0
WBGene00219861.,0,1,1
WBGene00219862.,0,0,0
WBGene00219863.,0,15,15
WBGene00219864.,0,0,0
WBGene00219865.,0,0,0
WBGene00219866.,0,0,0
WBGene00219867.,0,0,0
WBGene00219868.,0,44,44
WBGene00219869.,0,3,3
WBGene00219870.,0,0,0
WBGene00219871.,0,0,0
WBGene00219872.,0,0,0
WBGene00219873.,0,0,0
WBGene00219874.,0,7,7
WBGene00219875.,0,0,0
WBGene00219876.,0,0,0
WBGene00219877.,0,0,0
WBGene00219878.,0,0,0
WBGene00219879.,0,0,0
WBGene00219880.,0,0,0
WBGene00219881.,0,0,0
WBGene00219882.,0,18,18
WBGene00219883.,0,1,1
WBGene00219884.,0,0,0
WBGene00219885.,0,18,18
WBGene00219886.,0,22043,22043
WBGene00219887.,0,25,25
WBGene00219888.,0,24,24
WBGene00219889.,0,0,0
WBGene00219890.,0,0,0
WBGene00219891.,0,0,0
WBGene00219892.,0,0,0
WBGene00219893.,0,1,1
WBGene00219894.,0,0,0
WBGene00219895.,0,30,30
WBGene00219896.,0,0,0
WBGene00219897.,0,0,0
WBGene00219898.,0,2,2
WBGene00219899.,0,70,70
WBGene00219900.,0,0,0
WBGene00219901.,0,0,0
WBGene00219902.,0,0,0
WBGene00219903.,0,0,0
WBGene00219904.,0,0,0
WBGene00219905.,0,0,0
WBGene00219906.,0,12,12
WBGene00219907.,0,0,0
WBGene00219908.,0,0,0
WBGene00219909.,0,16,16
WBGene00219910.,0,1,1
WBGene00219911.,0,7,7
WBGene00219912.,0,72,72
WBGene00219913.,0,0,0
WBGene00219914.,0,0,0
WBGene00219915.,0,0,0
WBGene00219916.,0,12,12
WBGene00219917.,0,0,0
WBGene00219918.,0,0,0
WBGene00219919.,0,0,0
WBGene00219920.,0,2,2
WBGene00219921.,0,2,2
WBGene00219922.,0,1,1
WBGene00219923.,0,2,2
WBGene00219924.,0,0,0
WBGene00219925.,0,0,0
WBGene00219926.,0,65,65
WBGene00219927.,0,0,0
WBGene00219928.,0,0,0
WBGene00219929.,0,0,0
WBGene00219930.,0,8,8
WBGene00219931.,0,0,0
WBGene00219932.,0,0,0
WBGene00219933.,0,8,8
WBGene00219934.,0,0,0
WBGene00219935.,0,48,48
WBGene00219936.,0,125,125
WBGene00219937.,0,10,10
WBGene00219938.,0,0,0
WBGene00219939.,0,0,0
WBGene00219940.,0,0,0
WBGene00219941.,0,0,0
WBGene00219942.,0,0,0
WBGene00219943.,0,7,7
WBGene00219944.,0,0,0
WBGene00219945.,0,2,2
WBGene00219946.,0,0,0
WBGene00219947.,0,2,2
WBGene00219948.,0,0,0
WBGene00219949.,0,14,14
WBGene00219950.,0,727,727
WBGene00219951.,0,0,0
WBGene00219952.,0,15,15
WBGene00219953.,0,28,28
WBGene00219954.,0,0,0
WBGene00219955.,0,0,0
WBGene00219956.,0,0,0
WBGene00219957.,0,20,20
WBGene00219958.,0,49,49
WBGene00219959.,0,640,640
WBGene00219960.,0,0,0
WBGene00219961.,0,0,0
WBGene00219962.,0,0,0
WBGene00219963.,0,3,3
WBGene00219964.,0,0,0
WBGene00219965.,0,0,0
WBGene00219966.,0,0,0
WBGene00219967.,0,10,10
WBGene00219968.,0,11,11
WBGene00219969.,0,0,0
WBGene00219970.,0,6,6
WBGene00219971.,0,0,0
WBGene00219972.,0,33,33
WBGene00219973.,0,0,0
WBGene00219974.,0,0,0
WBGene00219975.,0,0,0
WBGene00219976.,0,101,101
WBGene00219977.,0,3,3
WBGene00219978.,0,0,0
WBGene00219979.,0,6,6
WBGene00219980.,0,0,0
WBGene00219981.,0,0,0
WBGene00219982.,0,13,13
WBGene00219983.,0,0,0
WBGene00219984.,0,0,0
WBGene00219985.,0,0,0
WBGene00219986.,0,0,0
WBGene00219987.,0,83,83
WBGene00219988.,0,0,0
WBGene00219989.,0,0,0
WBGene00219990.,0,0,0
WBGene00219991.,0,0,0
WBGene00219992.,0,0,0
WBGene00219994.,0,0,0
WBGene00219995.,0,22,22
WBGene00219996.,0,4,4
WBGene00219997.,0,0,0
WBGene00219998.,0,4,4
WBGene00219999.,0,0,0
WBGene00220000.,0,170,170
WBGene00220001.,0,0,0
WBGene00220002.,0,11,11
WBGene00220003.,0,0,0
WBGene00220004.,0,0,0
WBGene00220005.,0,0,0
WBGene00220006.,0,0,0
WBGene00220007.,0,0,0
WBGene00220008.,0,0,0
WBGene00220009.,0,2,2
WBGene00220010.,0,0,0
WBGene00220011.,0,40,40
WBGene00220012.,0,12,12
WBGene00220013.,0,0,0
WBGene00220014.,0,0,0
WBGene00220015.,0,0,0
WBGene00220016.,0,0,0
WBGene00220017.,0,59,59
WBGene00220018.,0,3,3
WBGene00220019.,0,0,0
WBGene00220020.,0,1,1
WBGene00220021.,0,0,0
WBGene00220022.,0,0,0
WBGene00220023.,0,0,0
WBGene00220024.,0,1,1
WBGene00220025.,0,0,0
WBGene00220026.,0,0,0
WBGene00220027.,0,0,0
WBGene00220028.,0,0,0
WBGene00220029.,0,30,30
WBGene00220030.,0,12,12
WBGene00220031.,0,0,0
WBGene00220032.,0,970,970
WBGene00220033.,0,14,14
WBGene00220034.,0,0,0
WBGene00220035.,0,0,0
WBGene00220036.,0,0,0
WBGene00220037.,0,10,10
WBGene00220038.,0,0,0
WBGene00220039.,0,1,1
WBGene00220040.,0,0,0
WBGene00220041.,0,24,24
WBGene00220042.,0,5,5
WBGene00220043.,0,7,7
WBGene00220044.,0,150,150
WBGene00220045.,0,16,16
WBGene00220046.,0,0,0
WBGene00220047.,0,13,13
WBGene00220048.,0,0,0
WBGene00220049.,0,0,0
WBGene00220050.,0,0,0
WBGene00220051.,0,11,11
WBGene00220052.,0,62,62
WBGene00220053.,0,14,14
WBGene00220054.,0,1,1
WBGene00220055.,0,66,66
WBGene00220056.,0,0,0
WBGene00220057.,0,0,0
WBGene00220058.,0,6,6
WBGene00220059.,0,0,0
WBGene00220060.,0,0,0
WBGene00220061.,0,58,58
WBGene00220062.,0,0,0
WBGene00220063.,0,0,0
WBGene00220064.,0,26,26
WBGene00220065.,0,0,0
WBGene00220066.,0,0,0
WBGene00220067.,0,0,0
WBGene00220068.,0,33,33
WBGene00220069.,0,0,0
WBGene00220070.,0,0,0
WBGene00220071.,0,0,0
WBGene00220072.,0,751,751
WBGene00220073.,0,15,15
WBGene00220074.,0,0,0
WBGene00220075.,0,0,0
WBGene00220076.,0,0,0
WBGene00220077.,0,0,0
WBGene00220078.,0,7,7
WBGene00220079.,0,0,0
WBGene00220080.,0,2,2
WBGene00220081.,0,0,0
WBGene00220082.,0,2,2
WBGene00220083.,0,0,0
WBGene00220084.,0,16,16
WBGene00220085.,0,0,0
WBGene00220086.,0,0,0
WBGene00220087.,0,0,0
WBGene00220088.,0,19,19
WBGene00220089.,0,753,753
WBGene00220090.,0,0,0
WBGene00220091.,0,28,28
WBGene00220092.,0,18,18
WBGene00220093.,0,0,0
WBGene00220094.,0,0,0
WBGene00220095.,0,0,0
WBGene00220096.,0,1,1
WBGene00220097.,0,14,14
WBGene00220098.,0,1,1
WBGene00220099.,0,0,0
WBGene00220100.,0,5,5
WBGene00220101.,0,14,14
WBGene00220102.,0,0,0
WBGene00220104.,0,0,0
WBGene00220105.,0,0,0
WBGene00220106.,0,327,327
WBGene00220107.,0,0,0
WBGene00220108.,0,10,10
WBGene00220109.,0,0,0
WBGene00220110.,0,0,0
WBGene00220111.,0,179,179
WBGene00220112.,0,0,0
WBGene00220113.,0,1,1
WBGene00220114.,0,0,0
WBGene00220115.,0,0,0
WBGene00220116.,0,0,0
WBGene00220117.,0,121,121
WBGene00220118.,0,0,0
WBGene00220119.,0,0,0
WBGene00220120.,0,0,0
WBGene00220121.,0,0,0
WBGene00220122.,0,2,2
WBGene00220123.,0,0,0
WBGene00220124.,0,0,0
WBGene00220125.,0,2,2
WBGene00220126.,0,0,0
WBGene00220127.,0,0,0
WBGene00220128.,0,0,0
WBGene00220129.,0,0,0
WBGene00220130.,0,2,2
WBGene00220131.,0,0,0
WBGene00220132.,0,0,0
WBGene00220133.,9,17,26
WBGene00220134.,0,55,55
WBGene00220135.,0,0,0
WBGene00220136.,0,0,0
WBGene00220137.,0,0,0
WBGene00220138.,0,0,0
WBGene00220139.,0,0,0
WBGene00220140.,0,0,0
WBGene00220141.,0,414,414
WBGene00220142.,0,1,1
WBGene00220143.,0,0,0
WBGene00220144.,0,0,0
WBGene00220145.,0,0,0
WBGene00220146.,0,15,15
WBGene00220147.,0,4,4
WBGene00220148.,0,0,0
WBGene00220149.,0,1,1
WBGene00220150.,0,0,0
WBGene00220151.,0,0,0
WBGene00220152.,0,0,0
WBGene00220153.,0,0,0
WBGene00220154.,0,39,39
WBGene00220155.,0,0,0
WBGene00220156.,0,0,0
WBGene00220157.,0,1,1
WBGene00220158.,0,0,0
WBGene00220159.,0,257,257
WBGene00220160.,0,179,179
WBGene00220161.,0,0,0
WBGene00220162.,0,0,0
WBGene00220163.,0,0,0
WBGene00220164.,0,3,3
WBGene00220165.,0,198,198
WBGene00220166.,0,0,0
WBGene00220167.,0,0,0
WBGene00220168.,0,0,0
WBGene00220169.,0,0,0
WBGene00220170.,0,3,3
WBGene00220171.,0,0,0
WBGene00220172.,0,0,0
WBGene00220173.,0,0,0
WBGene00220174.,0,0,0
WBGene00220175.,0,23,23
WBGene00220176.,0,3,3
WBGene00220177.,0,0,0
WBGene00220178.,0,0,0
WBGene00220179.,0,0,0
WBGene00220180.,0,0,0
WBGene00220181.,0,0,0
WBGene00220182.,0,0,0
WBGene00220183.,0,140,140
WBGene00220184.,0,0,0
WBGene00220185.,0,0,0
WBGene00220186.,0,5,5
WBGene00220187.,0,0,0
WBGene00220188.,0,0,0
WBGene00220189.,0,0,0
WBGene00220190.,0,0,0
WBGene00220191.,0,0,0
WBGene00220192.,0,0,0
WBGene00220193.,0,0,0
WBGene00220194.,0,5,5
WBGene00220195.,0,0,0
WBGene00220196.,0,0,0
WBGene00220197.,0,0,0
WBGene00220198.,0,5,5
WBGene00220199.,0,0,0
WBGene00220200.,0,0,0
WBGene00220201.,0,7,7
WBGene00220202.,0,0,0
WBGene00220203.,0,0,0
WBGene00220204.,0,27,27
WBGene00220205.,0,0,0
WBGene00220206.,0,12,12
WBGene00220207.,0,0,0
WBGene00220208.,0,0,0
WBGene00220209.,0,5,5
WBGene00220210.,0,0,0
WBGene00220211.,0,0,0
WBGene00220212.,0,2,2
WBGene00220213.,0,0,0
WBGene00220214.,0,26,26
WBGene00220215.,0,0,0
WBGene00220216.,0,0,0
WBGene00220217.,0,0,0
WBGene00220218.,0,3,3
WBGene00220219.,0,13,13
WBGene00220220.,0,9,9
WBGene00220221.,0,10,10
WBGene00220222.,0,19,19
WBGene00220223.,0,8,8
WBGene00220224.,0,0,0
WBGene00220225.,0,0,0
WBGene00220226.,0,0,0
WBGene00220227.,0,0,0
WBGene00220228.,0,8,8
WBGene00220229.,0,0,0
WBGene00220230.,0,0,0
WBGene00220231.,0,0,0
WBGene00220232.,0,62,62
WBGene00220233.,0,36,36
WBGene00220234.,0,42,42
WBGene00220235.,0,64,64
WBGene00220236.,0,163,163
WBGene00220237.,0,7,7
WBGene00220238.,0,117,117
WBGene00220239.,0,758,758
WBGene00220240.,0,0,0
WBGene00220241.,0,1,1
WBGene00220242.,0,0,0
WBGene00220243.,0,16,16
WBGene00220244.,0,0,0
WBGene00220245.,0,4,4
WBGene00220246.,0,0,0
WBGene00220247.,0,0,0
WBGene00220248.,0,11,11
WBGene00220249.,0,7,7
WBGene00220250.,12,6,18
WBGene00220251.,46,38,84
WBGene00220252.,74,92,166
WBGene00220253.,0,10,10
WBGene00220254.,0,0,0
WBGene00220255.,0,0,0
WBGene00220256.,6,0,6
WBGene00220257.,1,27,28
WBGene00220258.,0,16,16
WBGene00220259.,6,29,35
WBGene00220260.,82,4,86
WBGene00220261.,8,25,33
WBGene00235003.,4,0,4
WBGene00235080.,0,0,0
WBGene00235081.,0,0,0
WBGene00235084.,0,0,0
WBGene00235085.,0,0,0
WBGene00235086.,0,0,0
WBGene00235087.,0,0,0
WBGene00235088.,0,0,0
WBGene00235089.,0,0,0
WBGene00235090.,0,1,1
WBGene00235091.,0,0,0
WBGene00235092.,2,4,6
WBGene00235093.,1,5,6
WBGene00235094.,0,2,2
WBGene00235095.,4,13,17
WBGene00235102.,27,4259,4286
WBGene00235106.,0,13,13
WBGene00235107.,0,1,1
WBGene00235108.,2,0,2
WBGene00235109.,9,14,23
WBGene00235110.,2,7,9
WBGene00235111.,0,2,2
WBGene00235112.,0,3,3
WBGene00235113.,0,43,43
WBGene00235114.,28,653,681
WBGene00235115.,0,1,1
WBGene00235116.,6,7,13
WBGene00235117.,0,1,1
WBGene00235118.,1,10,11
WBGene00235119.,2,0,2
WBGene00235120.,1,1,2
WBGene00235121.,1,1,2
WBGene00235128.,0,1,1
WBGene00235129.,1,4,5
WBGene00235132.,20,18,38
WBGene00235133.,0,2,2
WBGene00235134.,3,2,5
WBGene00235152.,1,18,19
WBGene00235153.,4,13,17
WBGene00235157.,0,4,4
WBGene00235158.,7,355,362
WBGene00235159.,0,0,0
WBGene00235160.,0,0,0
WBGene00235161.,0,0,0
WBGene00235162.,0,3,3
WBGene00235163.,0,0,0
WBGene00235164.,87,1395,1482
WBGene00235165.,0,1,1
WBGene00235166.,0,1,1
WBGene00235167.,0,1754,1754
WBGene00235175.,0,0,0
WBGene00235179.,0,1,1
WBGene00235180.,0,4,4
WBGene00235181.,0,0,0
WBGene00235183.,0,2,2
WBGene00235188.,0,0,0
WBGene00235190.,0,0,0
WBGene00235197.,0,1,1
WBGene00235198.,0,0,0
WBGene00235200.,0,28,28
WBGene00235201.,0,0,0
WBGene00235206.,0,0,0
WBGene00235209.,0,0,0
WBGene00235235.,0,4,4
WBGene00235237.,0,0,0
WBGene00235247.,0,0,0
WBGene00235250.,0,0,0
WBGene00235251.,0,10,10
WBGene00235252.,0,0,0
WBGene00235254.,0,4,4
WBGene00235255.,0,0,0
WBGene00235256.,0,28,28
WBGene00235257.,14,111,125
WBGene00235258.,4,10,14
WBGene00235259.,2,6,8
WBGene00235260.,31,6,37
WBGene00235261.,0,32,32
WBGene00235262.,0,1,1
WBGene00235263.,32,24,56
WBGene00235264.,1,2,3
WBGene00235265.,0,5,5
WBGene00235266.,2,0,2
WBGene00235267.,1,2,3
WBGene00235268.,67,638,705
WBGene00235269.,0,691,691
WBGene00235270.,0,7,7
WBGene00235271.,0,1,1
WBGene00235272.,0,3,3
WBGene00235273.,113,521,634
WBGene00235274.,15,276,291
WBGene00235275.,20,6,26
WBGene00235276.,0,0,0
WBGene00235277.,187,171,358
WBGene00235278.,2,4,6
WBGene00235279.,98,50,148
WBGene00235280.,4,1,5
WBGene00235281.,0,0,0
WBGene00235282.,0,0,0
WBGene00235283.,10,13,23
WBGene00235284.,0,1,1
WBGene00235285.,0,0,0
WBGene00235286.,2,9,11
WBGene00235287.,10,109,119
WBGene00235288.,1,0,1
WBGene00235289.,2,0,2
WBGene00235290.,1,3,4
WBGene00235291.,175,1108,1283
WBGene00235292.,6,3,9
WBGene00235293.,0,0,0
WBGene00235294.,0,18,18
WBGene00235295.,0,3,3
WBGene00235296.,0,22,22
WBGene00235297.,0,0,0
WBGene00235298.,0,0,0
WBGene00235299.,3,2,5
WBGene00235300.,0,19,19
WBGene00235301.,0,15,15
WBGene00235302.,0,2,2
WBGene00235303.,0,26,26
WBGene00235304.,0,15,15
WBGene00235305.,0,3,3
WBGene00235307.,3,2,5
WBGene00235308.,8,35,43
WBGene00235309.,0,0,0
WBGene00235310.,62,217,279
WBGene00235311.,0,0,0
WBGene00235312.,2,56,58
WBGene00235313.,12,38,50
WBGene00235314.,18,12,30
WBGene00235315.,22,290,312
WBGene00235316.,16,63,79
WBGene00235317.,0,0,0
WBGene00235318.,0,6,6
WBGene00235319.,1,14,15
WBGene00235320.,2,12,14
WBGene00235321.,20,0,20
WBGene00235322.,0,0,0
WBGene00235323.,0,4,4
WBGene00235324.,3,0,3
WBGene00235325.,52,413,465
WBGene00235326.,0,0,0
WBGene00235327.,2,2,4
WBGene00235328.,0,39,39
WBGene00235329.,5,13,18
WBGene00235330.,6,18,24
WBGene00235331.,0,52,52
WBGene00235332.,0,2,2
WBGene00235333.,2,2,4
WBGene00235334.,5,3,8
WBGene00235335.,0,22,22
WBGene00235336.,0,1,1
WBGene00235338.,10,5,15
WBGene00235339.,0,0,0
WBGene00235340.,0,4,4
WBGene00235341.,0,3,3
WBGene00235342.,1,1,2
WBGene00235343.,0,0,0
WBGene00235346.,0,273,273
WBGene00235348.,0,26,26
WBGene00235350.,53,21,74
WBGene00235351.,4,0,4
WBGene00235352.,2,5,7
WBGene00235353.,0,18,18
WBGene00235354.,0,0,0
WBGene00235355.,0,4,4
WBGene00235356.,0,0,0
WBGene00235357.,17,5,22
WBGene00235358.,0,5,5
WBGene00235359.,0,0,0
WBGene00235361.,0,0,0
WBGene00235362.,0,0,0
WBGene00235363.,0,2,2
WBGene00235364.,0,0,0
WBGene00235365.,0,2,2
WBGene00235366.,0,2,2
WBGene00235367.,0,3,3
WBGene00235368.,0,2,2
WBGene00235369.,0,0,0
WBGene00235370.,0,9,9
WBGene00235371.,0,0,0
WBGene00235372.,0,3,3
WBGene00235373.,0,1,1
WBGene00235374.,2,2,4
WBGene00235375.,2,15,17
WBGene00235376.,16,2,18
WBGene00235377.,0,0,0
WBGene00235378.,0,0,0
WBGene00235379.,0,4,4
WBGene00235380.,0,67,67
WBGene00235381.,0,0,0
WBGene00235382.,0,0,0
WBGene00235383.,0,1,1
WBGene00235385.,7,134,141
WBGene00235386.,1,1,2
WBGene00235387.,110,692,802
WBGene00235388.,1,2,3
WBGene00235389.,0,6,6
WBGene00235390.,0,5,5
WBGene00235391.,0,10,10
WBGene00236785.,0,445,445
WBGene00236786.,4,79,83
WBGene00236787.,0,35,35
WBGene00236788.,0,0,0
WBGene00236789.,6,53,59
WBGene00236797.,0,14,14
WBGene00236798.,0,16,16
WBGene00236799.,0,4,4
WBGene00236800.,0,30,30
WBGene00236806.,41,3,44
WBGene00236807.,0,1,1
WBGene00236808.,14,5,19
WBGene00236809.,3,5,8
WBGene00249808.,0,118,118
WBGene00249812.,0,0,0
WBGene00249813.,0,1,1
WBGene00249814.,0,0,0
WBGene00249815.,1554,601,2155
WBGene00249816.,0,3,3
WBGene00249817.,37,697,734
WBGene00249825.,0,1,1
WBGene00249826.,0,313,313
WBGene00255375.,0,0,0
WBGene00255420.,14,1,15
WBGene00255426.,0,20,20
WBGene00255435.,15,2,17
WBGene00255441.,0,3,3
WBGene00255457.,136,57,193
WBGene00255469.,3,11,14
WBGene00255522.,0,0,0
WBGene00255543.,0,1,1
WBGene00255545.,0,0,0
WBGene00255546.,2,2,4
WBGene00255549.,4,4,8
WBGene00255550.,0,0,0
WBGene00255553.,1,3,4
WBGene00255560.,0,2,2
WBGene00255561.,0,0,0
WBGene00255562.,0,0,0
WBGene00255563.,0,0,0
WBGene00255564.,0,1,1
WBGene00255565.,0,0,0
WBGene00255566.,0,0,0
WBGene00255567.,0,0,0
WBGene00255568.,0,0,0
WBGene00255569.,0,0,0
WBGene00255570.,0,0,0
WBGene00255571.,0,0,0
WBGene00255572.,0,1,1
WBGene00255573.,0,0,0
WBGene00255574.,0,0,0
WBGene00255575.,0,1,1
WBGene00255576.,0,0,0
WBGene00255577.,0,0,0
WBGene00255578.,0,0,0
WBGene00255579.,0,12,12
WBGene00255580.,0,0,0
WBGene00255581.,0,0,0
WBGene00255582.,0,0,0
WBGene00255583.,0,0,0
WBGene00255584.,0,0,0
WBGene00255586.,0,0,0
WBGene00255587.,0,1,1
WBGene00255588.,0,0,0
WBGene00255594.,9,33,42
WBGene00255595.,0,0,0
WBGene00255596.,0,7,7
WBGene00255597.,2,22,24
WBGene00255598.,19,35,54
WBGene00255600.,5,19,24
WBGene00255605.,0,26,26
WBGene00255606.,4,68,72
WBGene00255607.,1,14,15
WBGene00255611.,0,3,3
WBGene00255702.,14,85,99
WBGene00255703.,2,4,6
WBGene00255704.,0,255,255
WBGene00255709.,0,2,2
WBGene00255714.,1,104,105
WBGene00255728.,1,8,9
WBGene00255729.,7,18,25
WBGene00255730.,2,6,8
WBGene00255731.,3,13,16
WBGene00255732.,0,1,1
WBGene00255733.,2,10,12
WBGene00255736.,0,45,45
WBGene00268189.,4,7,11
WBGene00268190.,6,2,8
WBGene00268191.,0,1,1
WBGene00268192.,2,9,11
WBGene00268193.,0,0,0
WBGene00268194.,3,0,3
WBGene00268196.,38,101,139
WBGene00268197.,0,1,1
WBGene00268198.,0,1,1
WBGene00268199.,0,1,1
WBGene00268202.,4,3,7
WBGene00268203.,0,4,4
WBGene00268204.,0,4,4
WBGene00268205.,0,1,1
WBGene00268206.,1,9,10
WBGene00268207.,0,0,0
WBGene00268208.,249,14,263
WBGene00268209.,1,17,18
WBGene00268210.,2,1,3
WBGene00268211.,1,0,1
WBGene00268212.,17,2,19
WBGene00268213.,2,22,24
WBGene00268214.,3,6,9
WBGene00268215.,9,37,46
WBGene00268216.,3,2,5
WBGene00269331.,2,3,5
WBGene00269332.,0,0,0
WBGene00269333.,0,1,1
WBGene00269336.,0,0,0
WBGene00269337.,0,6,6
WBGene00269338.,0,1,1
WBGene00269346.,0,3,3
WBGene00269352.,0,0,0
WBGene00269355.,13,81,94
WBGene00269373.,0,23,23
WBGene00269376.,0,118,118
WBGene00269378.,50,325,375
WBGene00269379.,4,9,13
WBGene00269381.,2,4,6
WBGene00269382.,5,34,39
WBGene00269383.,40,145,185
WBGene00269384.,0,16,16
WBGene00269385.,0,0,0
WBGene00269386.,0,71,71
WBGene00269387.,7,227,234
WBGene00269388.,0,2,2
WBGene00269389.,0,1,1
WBGene00269390.,0,13,13
WBGene00269391.,0,29,29
WBGene00269392.,3,5,8
WBGene00269393.,0,1,1
WBGene00269394.,0,4,4
WBGene00269419.,0,2,2
WBGene00269420.,0,1,1
WBGene00269421.,488,2409,2897
WBGene00269422.,0,8,8
WBGene00269423.,8,5,13
WBGene00269424.,0,7,7
WBGene00269425.,4,0,4
WBGene00269426.,1,4,5
WBGene00269427.,0,79,79
WBGene00269428.,4,17,21
WBGene00269429.,0,78,78
WBGene00269430.,0,1,1
WBGene00269431.,0,63,63
WBGene00269432.,44,413,457
WBGene00269433.,40,205,245
WBGene00269434.,0,13,13
WBGene00269435.,1,4,5
WBGene00269436.,5,18,23
WBGene00269437.,0,4,4
WBGene00269438.,2,13,15
WBGene00270290.,0,2,2
WBGene00270291.,0,2,2
WBGene00270292.,0,0,0
WBGene00270293.,0,0,0
WBGene00270303.,1,22,23
WBGene00270309.,23,62,85
WBGene00270318.,13,68,81
WBGene00270319.,0,166,166
WBGene00270320.,5,19,24
WBGene00270321.,11,17,28
WBGene00270322.,12,593,605
WBGene00271414.,69,1415,1484
WBGene00271415.,9,5,14
WBGene00271437.,7,42,49
WBGene00271444.,1,34,35
WBGene00271567.,3,8,11
WBGene00271577.,3,3,6
WBGene00271598.,6,47,53
WBGene00271605.,17,38,55
WBGene00271606.,13,153,166
WBGene00271632.,0,106,106
WBGene00271633.,0,111,111
WBGene00271634.,0,10,10
WBGene00271635.,0,8,8
WBGene00271636.,30,403,433
WBGene00271637.,33,27,60
WBGene00271638.,0,18,18
WBGene00271639.,0,9,9
WBGene00271640.,2,17,19
WBGene00271641.,0,2,2
WBGene00271642.,41,6075,6116
WBGene00271643.,0,1,1
WBGene00271644.,0,7,7
WBGene00271645.,0,11,11
WBGene00271646.,0,22,22
WBGene00271647.,6,76,82
WBGene00271648.,0,3,3
WBGene00271649.,4,18,22
WBGene00271650.,0,33,33
WBGene00271651.,0,7,7
WBGene00271652.,5,4,9
WBGene00271653.,0,1,1
WBGene00271654.,0,15,15
WBGene00271655.,0,20,20
WBGene00271656.,0,9,9
WBGene00271657.,0,1,1
WBGene00271694.,7,208,215
WBGene00271701.,2,20,22
WBGene00271703.,3,0,3
WBGene00271706.,6,297,303
WBGene00271707.,0,14,14
WBGene00271715.,8,1,9
WBGene00271716.,229,803,1032
WBGene00271744.,19,69,88
WBGene00271774.,1,23,24
WBGene00271775.,132,3681,3813
WBGene00271776.,9,0,9
WBGene00271777.,166,10,176
WBGene00271778.,0,12,12
WBGene00271779.,0,2,2
WBGene00271780.,0,3,3
WBGene00271781.,0,7,7
WBGene00271786.,4,1,5
WBGene00271788.,2,78,80
WBGene00271789.,0,5,5
WBGene00271790.,0,0,0
WBGene00271791.,0,15,15
WBGene00271792.,0,2,2
WBGene00271795.,1,33,34
WBGene00271796.,40,881,921
WBGene00271797.,0,2,2
WBGene00271798.,19,16,35
WBGene00271799.,0,0,0
WBGene00271800.,0,0,0
WBGene00271801.,4,2,6
WBGene00271802.,16,257,273
WBGene00271803.,0,0,0
WBGene00271804.,0,0,0
WBGene00271805.,0,51,51
WBGene00271806.,0,0,0
WBGene00271807.,2,2,4
WBGene00271808.,108,262,370
WBGene00271809.,7,22,29
WBGene00271810.,0,0,0
WBGene00271811.,0,0,0
WBGene00271813.,0,0,0
WBGene00271815.,0,0,0
WBGene00271816.,0,2,2
WBGene00271817.,0,33,33
WBGene00271818.,79,623,702
WBGene00271819.,0,0,0
WBGene00271820.,20,2,22
WBGene00271821.,21,3,24
WBGene00271822.,0,4,4
WBGene00271823.,0,1,1
WBGene00271824.,5,23,28
WBGene00271827.,13,114,127
WBGene00271830.,418,2577,2995
WBGene00271831.,0,0,0
WBGene00271832.,14,65,79
WBGene00271837.,0,0,0
WBGene00284844.,0,818,818
WBGene00284845.,0,8,8
WBGene00284846.,315,3554,3869
WBGene00284847.,0,32,32
WBGene00284848.,10,11,21
WBGene00284849.,0,29,29
WBGene00284850.,0,0,0
WBGene00284851.,107,108,215
WBGene00284852.,44,770,814
WBGene00284853.,2,2,4
WBGene00284854.,10,17,27
WBGene00284855.,0,22,22
WBGene00284856.,0,354,354
WBGene00284857.,0,53,53
WBGene00284858.,0,0,0
WBGene00284859.,0,589,589
WBGene00284861.,0,45,45
WBGene00284867.,0,140,140
WBGene00302964.,0,50,50
WBGene00302968.,0,472,472
WBGene00302971.,14,140,154
WBGene00302974.,2,1413,1415
WBGene00302976.,1,7,8
WBGene00302978.,110,583,693
WBGene00302980.,0,184,184
WBGene00302982.,2,121,123
WBGene00302984.,11,40,51
WBGene00302986.,43,9,52
WBGene00302988.,24,24,48
WBGene00302991.,26,106,132
WBGene00302993.,47,0,47
WBGene00302995.,167,403,570
WBGene00302998.,163,584,747
WBGene00303000.,308,1347,1655
WBGene00303002.,0,87,87
WBGene00303005.,0,0,0
WBGene00303007.,0,31,31
WBGene00303009.,43,593,636
WBGene00303011.,27,75,102
WBGene00303013.,7,6,13
WBGene00303015.,26,2130,2156
WBGene00303019.,0,2718,2718
WBGene00303021.,0,379,379
WBGene00303023.,0,0,0
WBGene00303024.,0,0,0
WBGene00303026.,58,649,707
WBGene00303028.,0,0,0
WBGene00303030.,5,58,63
WBGene00303031.,0,14,14
WBGene00303032.,0,0,0
WBGene00303033.,0,0,0
WBGene00303034.,0,0,0
WBGene00303035.,0,0,0
WBGene00303036.,0,0,0
WBGene00303037.,0,0,0
WBGene00303038.,0,0,0
WBGene00303039.,0,0,0
WBGene00303040.,0,0,0
WBGene00303041.,0,0,0
WBGene00303042.,0,0,0
WBGene00303043.,0,0,0
WBGene00303044.,0,0,0
WBGene00303045.,0,3,3
WBGene00303046.,0,13,13
WBGene00303047.,0,0,0
WBGene00303048.,0,0,0
WBGene00303049.,0,0,0
WBGene00303050.,0,0,0
WBGene00303051.,0,0,0
WBGene00303052.,0,0,0
WBGene00303053.,0,2,2
WBGene00303054.,0,0,0
WBGene00303055.,0,0,0
WBGene00303056.,0,0,0
WBGene00303057.,0,0,0
WBGene00303058.,0,0,0
WBGene00303059.,0,0,0
WBGene00303060.,0,0,0
WBGene00303061.,0,0,0
WBGene00303062.,0,0,0
WBGene00303063.,0,0,0
WBGene00303064.,0,0,0
WBGene00303065.,0,0,0
WBGene00303066.,0,0,0
WBGene00303067.,0,0,0
WBGene00303068.,0,0,0
WBGene00303069.,0,0,0
WBGene00303070.,0,0,0
WBGene00303071.,0,0,0
WBGene00303072.,0,0,0
WBGene00303073.,0,0,0
WBGene00303074.,0,0,0
WBGene00303075.,0,580,580
WBGene00303076.,0,0,0
WBGene00303077.,0,0,0
WBGene00303078.,0,0,0
WBGene00303079.,0,0,0
WBGene00303080.,0,0,0
WBGene00303081.,2,100,102
WBGene00303082.,0,0,0
WBGene00303083.,0,0,0
WBGene00303085.,0,0,0
WBGene00303086.,0,0,0
WBGene00303087.,0,0,0
WBGene00303088.,0,0,0
WBGene00303089.,0,6,6
WBGene00303090.,0,0,0
WBGene00303091.,0,49,49
WBGene00303092.,0,0,0
WBGene00303093.,0,0,0
WBGene00303094.,0,0,0
WBGene00303095.,0,0,0
WBGene00303096.,0,0,0
WBGene00303097.,0,0,0
WBGene00303098.,0,0,0
WBGene00303099.,0,0,0
WBGene00303100.,0,0,0
WBGene00303101.,0,0,0
WBGene00303102.,0,0,0
WBGene00303103.,0,0,0
WBGene00303104.,0,0,0
WBGene00303105.,0,0,0
WBGene00303113.,0,0,0
WBGene00303114.,0,0,0
WBGene00303115.,0,6,6
WBGene00303208.,67,907,974
WBGene00303231.,0,22,22
WBGene00303233.,72,244,316
WBGene00303359.,1,0,1
WBGene00303360.,0,0,0
WBGene00303362.,1,0,1
WBGene00303363.,0,5,5
WBGene00303364.,9,22,31
WBGene00303365.,0,1,1
WBGene00303366.,0,5,5
WBGene00303367.,0,1,1
WBGene00303368.,13,0,13
WBGene00303369.,0,1,1
WBGene00303370.,0,0,0
WBGene00303371.,4,4,8
WBGene00303378.,0,4,4
WBGene00303398.,11,12,23
WBGene00303421.,3,15,18
WBGene00303423.,94,529,623
WBGene00303425.,16,130,146
WBGene00304173.,0,6,6
WBGene00304175.,1,6,7
WBGene00304181.,15,0,15
WBGene00304182.,0,1,1
WBGene00304183.,0,10,10
WBGene00304189.,37,632,669
WBGene00304194.,1,16,17
WBGene00304195.,0,2,2
WBGene00304201.,3,10,13
WBGene00304202.,5,15,20
WBGene00304203.,20,17,37
WBGene00304215.,3,5,8
WBGene00304219.,0,117,117
WBGene00304220.,3,5,8
WBGene00304237.,17,164,181
WBGene00304238.,0,2,2
WBGene00304775.,1,6,7
WBGene00304776.,10,44,54
WBGene00304782.,0,34,34
WBGene00304783.,0,218,218
WBGene00304785.,0,0,0
WBGene00304786.,0,1,1
WBGene00304787.,7,20,27
WBGene00304788.,8,28,36
WBGene00304789.,0,5,5
WBGene00304790.,4,319,323
WBGene00304791.,25,143,168
WBGene00304792.,0,30,30
WBGene00304793.,3,8,11
WBGene00304794.,14,3,17
WBGene00304797.,0,0,0
WBGene00304798.,0,4,4
WBGene00304806.,0,35,35
WBGene00304808.,67,175,242
WBGene00304811.,64,400,464
WBGene00304812.,0,722,722
WBGene00304813.,0,658,658
WBGene00304814.,0,2,2
WBGene00304815.,0,29324,29324
WBGene00304816.,0,5,5
WBGene00304817.,6,9,15
WBGene00304818.,0,3,3
WBGene00304819.,1,5,6
WBGene00304820.,5,33,38
WBGene00304822.,6,118,124
WBGene00304823.,2,1,3
WBGene00304824.,2,7,9
WBGene00304825.,20,7,27
WBGene00304826.,0,2,2
WBGene00304827.,1,9,10
WBGene00304828.,0,2,2
WBGene00304895.,2,9,11
WBGene00304901.,2,1,3
WBGene00304906.,0,79,79
WBGene00304907.,5,0,5
WBGene00304908.,3,4,7
WBGene00304930.,0,1,1
WBGene00304981.,2,3,5
WBGene00304985.,1,19,20
WBGene00304992.,199,5402,5601
WBGene00304996.,15,29,44
WBGene00305018.,0,4,4
WBGene00305047.,0,0,0
WBGene00305048.,0,0,0
WBGene00305049.,0,3,3
WBGene00305050.,71,75,146
WBGene00305065.,4,9,13
WBGene00305066.,1,29,30
WBGene00305067.,34,638,672
WBGene00305069.,1,3,4
WBGene00305086.,8,8,16
WBGene00305090.,23,32,55
WBGene00305091.,1,2,3
WBGene00305092.,0,3,3
WBGene00305093.,0,0,0
WBGene00305095.,0,6,6
WBGene00305102.,0,1,1
WBGene00305103.,11,122,133
WBGene00305104.,0,3,3
WBGene00305109.,0,7,7
WBGene00305110.,0,0,0
WBGene00305111.,0,1,1
WBGene00305112.,1,4,5
WBGene00305113.,1,16,17
WBGene00305114.,1,2,3
WBGene00305130.,1,0,1
WBGene00305131.,0,406,406
WBGene00305132.,0,0,0
WBGene00305157.,0,91,91
WBGene00305158.,4,3,7
WBGene00305159.,2,2,4
WBGene00305173.,117,847,964
WBGene00305970.,0,6,6
WBGene00305979.,0,11,11
WBGene00305980.,5,21,26
WBGene00305981.,37,299,336
WBGene00305991.,7,26,33
WBGene00305992.,6,25,31
WBGene00305993.,0,14,14
WBGene00305994.,3,13,16
WBGene00305995.,4,70,74
WBGene00305996.,1,0,1
WBGene00305997.,0,2,2
WBGene00305998.,13,68,81
WBGene00305999.,4,11,15
WBGene00306000.,1,11,12
WBGene00306001.,0,6,6
WBGene00306002.,3,37,40
WBGene00306003.,30,1211,1241
WBGene00306004.,2,0,2
WBGene00306005.,42,45,87
WBGene00306012.,12,37,49
WBGene00306013.,17,127,144
WBGene00306014.,0,3,3
WBGene00306062.,0,0,0
WBGene00306066.,3,11,14
WBGene00306069.,0,86,86
WBGene00306070.,1,0,1
WBGene00306076.,0,0,0
WBGene00306078.,0,11,11
WBGene00306080.,0,0,0
WBGene00306081.,1,8,9
WBGene00306121.,8,26,34
WBGene00306122.,0,2,2
WBGene00306123.,21,62,83
WBGene00306124.,39,5,44
WBGene00306125.,0,0,0
WBGene00306126.,57,643,700
WBGene00306131.,0,1792,1792
WBGene00306132.,0,8,8
