gene_id,total_unsp,total_sp,total
WBGene00000001,16,776,792
WBGene00000002,33,752,785
WBGene00000003,4,473,477
WBGene00000004,172,1502,1674
WBGene00000005,3,7,10
WBGene00000006,258,2278,2536
WBGene00000007,8,42,50
WBGene00000008,22,6,28
WBGene00000009,12,34,46
WBGene00000010,29,325,354
WBGene00000012,16,31,47
WBGene00000013,0,191,191
WBGene00000014,3,2,5
WBGene00000015,1,45,46
WBGene00000016,9,623,632
WBGene00000017,10,3146,3156
WBGene00000018,290,1229,1519
WBGene00000019,18,8,26
WBGene00000020,150,404,554
WBGene00000022,7,119,126
WBGene00000023,8,21,29
WBGene00000024,0,11,11
WBGene00000025,0,3,3
WBGene00000027,0,2,2
WBGene00000028,0,0,0
WBGene00000029,0,2,2
WBGene00000030,0,0,0
WBGene00000031,46,186,232
WBGene00000032,0,0,0
WBGene00000033,1,16,17
WBGene00000034,3,41,44
WBGene00000035,809,870,1679
WBGene00000036,82,320,402
WBGene00000037,64,1277,1341
WBGene00000038,50,85,135
WBGene00000039,22,1078,1100
WBGene00000040,42,4481,4523
WBGene00000041,499,16475,16974
WBGene00000042,51,208,259
WBGene00000043,26,108,134
WBGene00000044,46,125,171
WBGene00000045,6,22,28
WBGene00000046,53,88,141
WBGene00000047,190,847,1037
WBGene00000048,20,71,91
WBGene00000049,4,5,9
WBGene00000050,5,28,33
WBGene00000051,43,218,261
WBGene00000053,20,35,55
WBGene00000054,47,372,419
WBGene00000055,11,264,275
WBGene00000056,22,91,113
WBGene00000057,78,132,210
WBGene00000058,111,226,337
WBGene00000059,20,74,94
WBGene00000060,13,53,66
WBGene00000061,15,35,50
WBGene00000062,63,79,142
WBGene00000063,450,136978,137428
WBGene00000064,286,15030,15316
WBGene00000065,483,142208,142691
WBGene00000066,1056,190530,191586
WBGene00000067,88,2261,2349
WBGene00000068,1535,1436,2971
WBGene00000069,28,164,192
WBGene00000070,301,1490,1791
WBGene00000071,31,158,189
WBGene00000072,96,855,951
WBGene00000073,67,498,565
WBGene00000074,138,669,807
WBGene00000075,19,156,175
WBGene00000079,220,3900,4120
WBGene00000080,5,259,264
WBGene00000081,49,330,379
WBGene00000082,54,106,160
WBGene00000083,370,2693,3063
WBGene00000084,37,35,72
WBGene00000085,44,423,467
WBGene00000086,90,806,896
WBGene00000088,58,159,217
WBGene00000089,98,2126,2224
WBGene00000090,84,870,954
WBGene00000092,268,2499,2767
WBGene00000093,46,743,789
WBGene00000094,88,892,980
WBGene00000095,157,2181,2338
WBGene00000096,321,877,1198
WBGene00000097,113,1802,1915
WBGene00000098,68,1200,1268
WBGene00000099,67,1121,1188
WBGene00000100,402,3754,4156
WBGene00000101,140,1757,1897
WBGene00000102,419,5062,5481
WBGene00000103,116,1621,1737
WBGene00000105,108,2945,3053
WBGene00000106,82,1469,1551
WBGene00000107,610,6591,7201
WBGene00000108,9,3,12
WBGene00000109,17,850,867
WBGene00000110,111,2243,2354
WBGene00000111,91,459,550
WBGene00000112,346,3948,4294
WBGene00000113,227,520,747
WBGene00000114,271,50529,50800
WBGene00000115,49,1765,1814
WBGene00000116,114,703,817
WBGene00000117,271,529,800
WBGene00000118,18,9120,9138
WBGene00000120,6,3054,3060
WBGene00000121,43,2503,2546
WBGene00000122,73,8686,8759
WBGene00000123,248,4900,5148
WBGene00000133,2,20,22
WBGene00000134,61,142,203
WBGene00000135,15,138,153
WBGene00000136,14,71,85
WBGene00000137,85,467,552
WBGene00000138,59,312,371
WBGene00000139,58,45,103
WBGene00000140,689,40487,41176
WBGene00000142,46,1009,1055
WBGene00000143,115,774,889
WBGene00000144,56,449,505
WBGene00000145,1,527,528
WBGene00000146,274,2488,2762
WBGene00000147,9,578,587
WBGene00000148,109,1086,1195
WBGene00000149,384,10037,10421
WBGene00000150,94,972,1066
WBGene00000151,23,842,865
WBGene00000155,20,892,912
WBGene00000156,65,959,1024
WBGene00000157,98,2623,2721
WBGene00000158,447,2205,2652
WBGene00000159,38,3134,3172
WBGene00000160,538,2292,2830
WBGene00000161,134,2239,2373
WBGene00000162,420,1992,2412
WBGene00000163,93,2159,2252
WBGene00000164,147,1091,1238
WBGene00000165,40,1255,1295
WBGene00000166,30,273,303
WBGene00000168,396,263,659
WBGene00000169,12,259,271
WBGene00000170,1926,24271,26197
WBGene00000171,10,1,11
WBGene00000172,41,153,194
WBGene00000173,9,70,79
WBGene00000174,8,58,66
WBGene00000175,2042,31866,33908
WBGene00000176,20,1606,1626
WBGene00000177,253,1524,1777
WBGene00000178,209,2011,2220
WBGene00000179,339,1962,2301
WBGene00000180,53,770,823
WBGene00000181,860,5338,6198
WBGene00000182,196,13798,13994
WBGene00000183,259,16076,16335
WBGene00000184,153,1484,1637
WBGene00000185,5,23,28
WBGene00000186,524,4312,4836
WBGene00000187,6,1384,1390
WBGene00000188,0,190,190
WBGene00000189,13,468,481
WBGene00000190,32,124,156
WBGene00000192,24,2271,2295
WBGene00000193,13,99,112
WBGene00000195,80,1242,1322
WBGene00000196,154,1341,1495
WBGene00000197,53,3880,3933
WBGene00000198,170,1985,2155
WBGene00000199,267,3383,3650
WBGene00000200,94,2432,2526
WBGene00000201,832,4070,4902
WBGene00000202,7,359,366
WBGene00000203,17,2315,2332
WBGene00000204,78,2590,2668
WBGene00000205,13,1798,1811
WBGene00000206,112,2268,2380
WBGene00000207,1380,41666,43046
WBGene00000208,390,842,1232
WBGene00000209,1317,15679,16996
WBGene00000210,4184,43157,47341
WBGene00000211,162,564,726
WBGene00000212,18,67,85
WBGene00000213,15,40,55
WBGene00000214,0,6418,6418
WBGene00000215,75,720,795
WBGene00000216,14,2194,2208
WBGene00000217,1715,18529,20244
WBGene00000218,28,1797,1825
WBGene00000219,3,1865,1868
WBGene00000220,48,822,870
WBGene00000221,1112,9738,10850
WBGene00000222,105,1258,1363
WBGene00000223,667,5129,5796
WBGene00000224,293,3956,4249
WBGene00000225,4614,2741,7355
WBGene00000226,183,1637,1820
WBGene00000227,208,1047,1255
WBGene00000228,630,13975,14605
WBGene00000229,2663,98816,101479
WBGene00000230,266,38953,39219
WBGene00000231,277,2246,2523
WBGene00000232,182,1252,1434
WBGene00000233,144,512,656
WBGene00000235,7,8081,8088
WBGene00000236,246,1826,2072
WBGene00000237,102,560,662
WBGene00000238,68,631,699
WBGene00000239,98,510,608
WBGene00000240,408,2158,2566
WBGene00000241,25,105,130
WBGene00000242,38,282,320
WBGene00000244,51,288,339
WBGene00000245,278,5545,5823
WBGene00000246,36,82,118
WBGene00000247,64,1412,1476
WBGene00000248,377,3906,4283
WBGene00000249,7,2114,2121
WBGene00000250,11,189,200
WBGene00000251,1,6,7
WBGene00000252,0,4,4
WBGene00000253,60,348,408
WBGene00000254,506,1798,2304
WBGene00000255,46,26,72
WBGene00000256,0,25,25
WBGene00000257,83,1497,1580
WBGene00000259,89,897,986
WBGene00000262,16,695,711
WBGene00000263,5188,48360,53548
WBGene00000264,220,527,747
WBGene00000265,121,501,622
WBGene00000266,277,3811,4088
WBGene00000267,33,155,188
WBGene00000268,476,1014,1490
WBGene00000269,130,747,877
WBGene00000270,24,361,385
WBGene00000271,35,742,777
WBGene00000272,23,249,272
WBGene00000273,119,3540,3659
WBGene00000274,228,907,1135
WBGene00000275,36,1352,1388
WBGene00000276,181,4632,4813
WBGene00000277,1683,16951,18634
WBGene00000279,15,273,288
WBGene00000280,62,419,481
WBGene00000281,52,3339,3391
WBGene00000282,274,3533,3807
WBGene00000283,109,2450,2559
WBGene00000284,11,1003,1014
WBGene00000285,280,4551,4831
WBGene00000286,888,9474,10362
WBGene00000287,39,96,135
WBGene00000288,163,2101,2264
WBGene00000289,334,2074,2408
WBGene00000292,378,6190,6568
WBGene00000293,333,8492,8825
WBGene00000294,217,4843,5060
WBGene00000295,59,472,531
WBGene00000296,68,151,219
WBGene00000298,11,706,717
WBGene00000301,9,11458,11467
WBGene00000302,8,57,65
WBGene00000366,235,4802,5037
WBGene00000367,408,1463,1871
WBGene00000368,294,3132,3426
WBGene00000369,5,2128,2133
WBGene00000370,3882,16054,19936
WBGene00000371,3832,59114,62946
WBGene00000372,3,20,23
WBGene00000373,67,576,643
WBGene00000375,32,243,275
WBGene00000376,405,1448,1853
WBGene00000377,130,14678,14808
WBGene00000378,34,12801,12835
WBGene00000379,1060,15939,16999
WBGene00000380,849,27437,28286
WBGene00000381,121,11911,12032
WBGene00000382,21,786,807
WBGene00000383,160,3167,3327
WBGene00000386,19,299,318
WBGene00000387,802,777,1579
WBGene00000388,2,14,16
WBGene00000389,0,0,0
WBGene00000390,152,5701,5853
WBGene00000391,97,597,694
WBGene00000392,0,54,54
WBGene00000393,50,683,733
WBGene00000395,55,420,475
WBGene00000396,101,2903,3004
WBGene00000397,5,41,46
WBGene00000399,37,586,623
WBGene00000401,25,65,90
WBGene00000402,153,498,651
WBGene00000403,675,9944,10619
WBGene00000405,82,3738,3820
WBGene00000406,35,381,416
WBGene00000407,204,841,1045
WBGene00000408,392,1362,1754
WBGene00000409,118,1160,1278
WBGene00000410,191,1339,1530
WBGene00000411,33,2809,2842
WBGene00000412,21,179,200
WBGene00000413,65,669,734
WBGene00000414,259,7175,7434
WBGene00000415,1303,1694,2997
WBGene00000416,33,1105,1138
WBGene00000417,96,99,195
WBGene00000418,25,436,461
WBGene00000419,241,1592,1833
WBGene00000420,65,882,947
WBGene00000421,275,1732,2007
WBGene00000422,17,84,101
WBGene00000423,57,731,788
WBGene00000424,104,1404,1508
WBGene00000425,12,196,208
WBGene00000426,275,1030,1305
WBGene00000427,5,10,15
WBGene00000428,1,24,25
WBGene00000429,53,244,297
WBGene00000430,22,242,264
WBGene00000431,28,693,721
WBGene00000432,2,2,4
WBGene00000433,85,531,616
WBGene00000434,14,120,134
WBGene00000435,8,120,128
WBGene00000436,30,145,175
WBGene00000437,112,2053,2165
WBGene00000438,30,46,76
WBGene00000439,32,362,394
WBGene00000440,4,98,102
WBGene00000441,522,1281,1803
WBGene00000442,14,186,200
WBGene00000443,181,4647,4828
WBGene00000444,7,251,258
WBGene00000445,19,142,161
WBGene00000446,21,541,562
WBGene00000447,45,197,242
WBGene00000448,136,1766,1902
WBGene00000449,173,599,772
WBGene00000450,5,11,16
WBGene00000451,5,186,191
WBGene00000452,9,780,789
WBGene00000453,58,1043,1101
WBGene00000454,19,413,432
WBGene00000455,98,1595,1693
WBGene00000457,2,49,51
WBGene00000458,83,753,836
WBGene00000459,103,1638,1741
WBGene00000460,9,206,215
WBGene00000461,10,33,43
WBGene00000462,10,343,353
WBGene00000463,83,820,903
WBGene00000464,1108,3131,4239
WBGene00000465,2,78,80
WBGene00000466,305,1955,2260
WBGene00000467,54,397,451
WBGene00000468,136,167,303
WBGene00000469,16,57,73
WBGene00000472,116,39994,40110
WBGene00000473,8,823,831
WBGene00000474,6,851,857
WBGene00000475,111,29030,29141
WBGene00000476,119,774,893
WBGene00000477,43,191,234
WBGene00000478,62,485,547
WBGene00000479,45,2746,2791
WBGene00000480,135,1285,1420
WBGene00000481,50,509,559
WBGene00000482,183,4542,4725
WBGene00000483,13,9,22
WBGene00000484,92,193,285
WBGene00000485,106,907,1013
WBGene00000487,38,22,60
WBGene00000488,111,233,344
WBGene00000490,37,322,359
WBGene00000491,172,622,794
WBGene00000492,242,417,659
WBGene00000493,50,268,318
WBGene00000496,39,155,194
WBGene00000497,28,78,106
WBGene00000498,5,721,726
WBGene00000499,45,54,99
WBGene00000500,62,1289,1351
WBGene00000501,57,564,621
WBGene00000502,58,2383,2441
WBGene00000503,0,8,8
WBGene00000506,228,1091,1319
WBGene00000507,107,729,836
WBGene00000508,50,1310,1360
WBGene00000509,212,1637,1849
WBGene00000510,232,1948,2180
WBGene00000511,95,392,487
WBGene00000512,350,422,772
WBGene00000513,14,198,212
WBGene00000514,91,550,641
WBGene00000515,45,216,261
WBGene00000516,0,3876,3876
WBGene00000517,80,419,499
WBGene00000518,1163,1190,2353
WBGene00000519,423,561,984
WBGene00000520,70,651,721
WBGene00000521,4,49,53
WBGene00000522,52,170,222
WBGene00000523,61,464,525
WBGene00000524,58,848,906
WBGene00000525,12,255,267
WBGene00000526,12,469,481
WBGene00000527,268,1209,1477
WBGene00000528,169,852,1021
WBGene00000529,148,347,495
WBGene00000530,28,70,98
WBGene00000531,38,69,107
WBGene00000532,33,1308,1341
WBGene00000533,12,278,290
WBGene00000534,49,12417,12466
WBGene00000535,262,6197,6459
WBGene00000536,74,555,629
WBGene00000537,14,354,368
WBGene00000539,12,34,46
WBGene00000540,64,281,345
WBGene00000541,47,53,100
WBGene00000542,390,4782,5172
WBGene00000543,110,579,689
WBGene00000544,53,6,59
WBGene00000545,678,2400,3078
WBGene00000546,9,7,16
WBGene00000547,201,1092,1293
WBGene00000548,151,2619,2770
WBGene00000549,385,1607,1992
WBGene00000550,84,9800,9884
WBGene00000551,0,0,0
WBGene00000552,1824,33711,35535
WBGene00000553,1118,1630,2748
WBGene00000554,674,7705,8379
WBGene00000555,0,0,0
WBGene00000556,66,594,660
WBGene00000557,195,5108,5303
WBGene00000558,244,3945,4189
WBGene00000559,0,0,0
WBGene00000560,3,1,4
WBGene00000561,8,746,754
WBGene00000562,59,249,308
WBGene00000563,19,11,30
WBGene00000564,259,943,1202
WBGene00000565,416,457,873
WBGene00000566,531,1652,2183
WBGene00000567,207,5000,5207
WBGene00000583,316,3118,3434
WBGene00000584,13,284,297
WBGene00000585,125,1600,1725
WBGene00000591,207,1236,1443
WBGene00000592,16,196,212
WBGene00000593,0,14,14
WBGene00000594,0,4981,4981
WBGene00000596,0,0,0
WBGene00000597,8,75,83
WBGene00000598,0,10,10
WBGene00000599,39,3506,3545
WBGene00000601,0,135,135
WBGene00000602,0,76,76
WBGene00000603,1,394,395
WBGene00000606,267,1796,2063
WBGene00000608,0,4,4
WBGene00000609,0,3,3
WBGene00000610,16,210,226
WBGene00000611,112,1101,1213
WBGene00000612,0,5,5
WBGene00000613,0,16,16
WBGene00000614,4,9,13
WBGene00000615,0,10,10
WBGene00000616,0,694,694
WBGene00000617,0,2,2
WBGene00000618,1,455,456
WBGene00000620,4,4,8
WBGene00000621,0,10,10
WBGene00000622,3,41,44
WBGene00000623,36,218,254
WBGene00000624,24,79,103
WBGene00000625,25,150,175
WBGene00000626,0,1,1
WBGene00000627,0,1,1
WBGene00000628,0,9,9
WBGene00000629,2,1,3
WBGene00000630,30,153,183
WBGene00000631,5,127,132
WBGene00000632,7,213,220
WBGene00000633,17,88,105
WBGene00000634,3,83,86
WBGene00000636,8,10,18
WBGene00000637,5,290,295
WBGene00000638,0,3,3
WBGene00000639,1,112,113
WBGene00000640,9,33,42
WBGene00000641,10,1534,1544
WBGene00000644,1,47,48
WBGene00000645,35,244,279
WBGene00000646,3,6,9
WBGene00000647,1,115,116
WBGene00000648,80,5,85
WBGene00000649,57,455,512
WBGene00000650,0,7,7
WBGene00000651,8,55,63
WBGene00000652,14,111,125
WBGene00000653,0,121,121
WBGene00000654,9,10,19
WBGene00000655,1,119,120
WBGene00000656,13,2342,2355
WBGene00000657,8,310,318
WBGene00000658,4,6,10
WBGene00000659,4,7,11
WBGene00000660,3,2,5
WBGene00000661,5,6,11
WBGene00000662,11,12,23
WBGene00000663,0,23,23
WBGene00000664,0,442,442
WBGene00000665,144,1285,1429
WBGene00000666,1,139,140
WBGene00000667,0,122,122
WBGene00000668,0,580,580
WBGene00000669,9,2731,2740
WBGene00000670,0,32,32
WBGene00000671,0,20,20
WBGene00000672,1,263,264
WBGene00000673,10,16603,16613
WBGene00000674,73,296,369
WBGene00000675,0,60,60
WBGene00000676,0,6,6
WBGene00000677,27,15484,15511
WBGene00000678,1,143,144
WBGene00000679,9,89,98
WBGene00000680,0,3,3
WBGene00000681,4,8683,8687
WBGene00000682,0,32,32
WBGene00000683,22,233,255
WBGene00000684,12,42,54
WBGene00000685,7,266,273
WBGene00000687,11,155,166
WBGene00000688,2,161,163
WBGene00000689,28,109,137
WBGene00000690,0,1,1
WBGene00000691,0,5028,5028
WBGene00000692,226,2365,2591
WBGene00000693,0,4,4
WBGene00000694,0,17,17
WBGene00000695,1,5,6
WBGene00000696,0,2,2
WBGene00000697,4,9,13
WBGene00000698,0,60,60
WBGene00000699,2,1653,1655
WBGene00000700,0,0,0
WBGene00000701,0,8,8
WBGene00000702,20,137,157
WBGene00000703,7,228,235
WBGene00000704,0,465,465
WBGene00000705,9,51,60
WBGene00000706,1,26,27
WBGene00000707,0,14,14
WBGene00000708,2,16,18
WBGene00000710,1,6,7
WBGene00000711,0,1,1
WBGene00000712,0,3,3
WBGene00000713,1,28,29
WBGene00000714,4,30,34
WBGene00000715,3,32,35
WBGene00000716,0,2,2
WBGene00000717,15,1609,1624
WBGene00000718,0,28,28
WBGene00000719,0,52,52
WBGene00000720,6,15895,15901
WBGene00000721,1,35,36
WBGene00000722,35,5021,5056
WBGene00000723,0,74,74
WBGene00000724,6,36,42
WBGene00000725,0,15,15
WBGene00000726,64,165,229
WBGene00000727,0,826,826
WBGene00000728,2,918,920
WBGene00000729,0,28,28
WBGene00000730,0,34,34
WBGene00000731,7,137,144
WBGene00000732,0,68,68
WBGene00000733,3,8725,8728
WBGene00000734,0,54,54
WBGene00000735,1,15,16
WBGene00000736,0,4,4
WBGene00000737,1,51,52
WBGene00000738,0,3,3
WBGene00000739,25,18405,18430
WBGene00000740,8,5180,5188
WBGene00000741,0,4815,4815
WBGene00000742,0,933,933
WBGene00000743,0,283,283
WBGene00000744,0,0,0
WBGene00000745,5,115,120
WBGene00000746,13,80,93
WBGene00000747,0,129,129
WBGene00000748,0,56,56
WBGene00000749,0,208,208
WBGene00000750,8,97,105
WBGene00000751,0,14,14
WBGene00000752,0,1,1
WBGene00000753,0,111,111
WBGene00000754,0,23,23
WBGene00000755,1,37,38
WBGene00000756,0,5,5
WBGene00000757,0,2,2
WBGene00000758,0,0,0
WBGene00000759,36,167,203
WBGene00000760,11,23,34
WBGene00000761,78,1468,1546
WBGene00000762,139,844,983
WBGene00000763,221,1643,1864
WBGene00000764,31,377,408
WBGene00000765,9,2769,2778
WBGene00000766,37,1410,1447
WBGene00000767,225,3296,3521
WBGene00000768,363,4068,4431
WBGene00000770,2,22,24
WBGene00000771,1,8,9
WBGene00000772,4,171,175
WBGene00000773,102,1709,1811
WBGene00000774,52,1902,1954
WBGene00000775,64,305,369
WBGene00000776,377,13339,13716
WBGene00000777,39,3093,3132
WBGene00000778,15,428,443
WBGene00000779,7222,98354,105576
WBGene00000780,59,621,680
WBGene00000781,4,672,676
WBGene00000782,0,1,1
WBGene00000783,9,147,156
WBGene00000784,2,523,525
WBGene00000785,12,2067,2079
WBGene00000786,47,513,560
WBGene00000787,22,1481,1503
WBGene00000788,50,4307,4357
WBGene00000789,13,576,589
WBGene00000792,55,196,251
WBGene00000793,3363,2191,5554
WBGene00000794,52,1592,1644
WBGene00000795,28,747,775
WBGene00000796,254,2358,2612
WBGene00000797,3,44,47
WBGene00000798,9,1256,1265
WBGene00000799,8,57,65
WBGene00000800,191,3737,3928
WBGene00000802,1386,98984,100370
WBGene00000803,13,127,140
WBGene00000804,9,1149,1158
WBGene00000812,278,1051,1329
WBGene00000813,176,1510,1686
WBGene00000814,179,2169,2348
WBGene00000815,284,1370,1654
WBGene00000816,223,1170,1393
WBGene00000817,29,1092,1121
WBGene00000818,96,1035,1131
WBGene00000819,17,19,36
WBGene00000820,81,303,384
WBGene00000821,3,1,4
WBGene00000822,2401,31434,33835
WBGene00000829,0,141519,141519
WBGene00000830,0,97,97
WBGene00000831,0,194,194
WBGene00000832,579,3197,3776
WBGene00000833,153,38195,38348
WBGene00000834,1157,1726,2883
WBGene00000835,180,3409,3589
WBGene00000836,81,1290,1371
WBGene00000837,178,1566,1744
WBGene00000838,96,834,930
WBGene00000839,70,1534,1604
WBGene00000840,179,2008,2187
WBGene00000841,19,74,93
WBGene00000843,57,3919,3976
WBGene00000845,864,9321,10185
WBGene00000846,131,539,670
WBGene00000851,4,24,28
WBGene00000853,9,3,12
WBGene00000854,315,2100,2415
WBGene00000857,30,1376,1406
WBGene00000858,133,2245,2378
WBGene00000859,4,39,43
WBGene00000860,17,180,197
WBGene00000861,6,18,24
WBGene00000862,72,112,184
WBGene00000863,37,1221,1258
WBGene00000864,6,24,30
WBGene00000865,8,714,722
WBGene00000866,0,24,24
WBGene00000867,1,13,14
WBGene00000868,30,2692,2722
WBGene00000869,266,13813,14079
WBGene00000870,84,1330,1414
WBGene00000871,46,436,482
WBGene00000872,61,1271,1332
WBGene00000874,79,1754,1833
WBGene00000875,36,1475,1511
WBGene00000876,250,2722,2972
WBGene00000877,50,15500,15550
WBGene00000878,21,100,121
WBGene00000879,1747,44250,45997
WBGene00000880,76,1583,1659
WBGene00000881,14,22066,22080
WBGene00000882,2,2752,2754
WBGene00000883,5397,126158,131555
WBGene00000884,87,2643,2730
WBGene00000885,326,461,787
WBGene00000886,133,1357,1490
WBGene00000887,249,1966,2215
WBGene00000888,89,1603,1692
WBGene00000889,136,1609,1745
WBGene00000890,90,730,820
WBGene00000891,187,1752,1939
WBGene00000892,140,786,926
WBGene00000893,30,71,101
WBGene00000894,31,2628,2659
WBGene00000895,53,91,144
WBGene00000896,461,9961,10422
WBGene00000897,164,796,960
WBGene00000898,1621,1371,2992
WBGene00000899,155,1644,1799
WBGene00000900,644,1928,2572
WBGene00000901,525,4141,4666
WBGene00000902,13,157,170
WBGene00000903,14,1113,1127
WBGene00000904,47,258,305
WBGene00000905,49,859,908
WBGene00000906,189,377,566
WBGene00000907,49,182,231
WBGene00000908,471,1387,1858
WBGene00000910,519,3001,3520
WBGene00000911,328,2717,3045
WBGene00000912,804,2948,3752
WBGene00000913,66,969,1035
WBGene00000914,595,1295,1890
WBGene00000915,405,92211,92616
WBGene00000917,324,3568,3892
WBGene00000920,25,2187,2212
WBGene00000923,52,3837,3889
WBGene00000928,46,3193,3239
WBGene00000929,139,1332,1471
WBGene00000930,0,24,24
WBGene00000931,256,11679,11935
WBGene00000932,4,91,95
WBGene00000933,350,2523,2873
WBGene00000934,20,251,271
WBGene00000935,7,522,529
WBGene00000936,17,934,951
WBGene00000937,18,615,633
WBGene00000938,1649,6063,7712
WBGene00000939,258,2164,2422
WBGene00000940,270,1897,2167
WBGene00000941,1139,11042,12181
WBGene00000942,334,9595,9929
WBGene00000950,69,141,210
WBGene00000951,14,89,103
WBGene00000952,51,46,97
WBGene00000953,54,189,243
WBGene00000955,22,97,119
WBGene00000958,141,674,815
WBGene00000959,308,1935,2243
WBGene00000960,36,111,147
WBGene00000961,43,1459,1502
WBGene00000962,299,9742,10041
WBGene00000963,164,1655,1819
WBGene00000964,117,4619,4736
WBGene00000965,54,1248,1302
WBGene00000966,35,249,284
WBGene00000967,135,295,430
WBGene00000968,46,336,382
WBGene00000969,11,1024,1035
WBGene00000970,73,1944,2017
WBGene00000971,1,13,14
WBGene00000972,51,494,545
WBGene00000973,71,1034,1105
WBGene00000974,9,136,145
WBGene00000975,265,2520,2785
WBGene00000976,182,918,1100
WBGene00000977,7,37,44
WBGene00000978,41,3239,3280
WBGene00000979,4,162,166
WBGene00000980,290,1165,1455
WBGene00000981,2,219,221
WBGene00000982,306,6397,6703
WBGene00000983,20,213,233
WBGene00000984,101,1148,1249
WBGene00000985,37,1519,1556
WBGene00000986,6,68,74
WBGene00000987,259,968,1227
WBGene00000988,683,13993,14676
WBGene00000989,9,43,52
WBGene00000990,154,1040,1194
WBGene00000991,144,1006,1150
WBGene00000992,0,779,779
WBGene00000993,265,1531,1796
WBGene00000994,49,472,521
WBGene00000995,86,945,1031
WBGene00000996,119,3002,3121
WBGene00000998,1730,47969,49699
WBGene00001000,2203,28304,30507
WBGene00001001,294,2590,2884
WBGene00001002,60,1441,1501
WBGene00001005,58,31966,32024
WBGene00001006,131,1757,1888
WBGene00001007,437,5961,6398
WBGene00001008,425,2741,3166
WBGene00001016,22,305,327
WBGene00001017,287,3809,4096
WBGene00001018,303,3363,3666
WBGene00001019,434,2418,2852
WBGene00001020,56,1364,1420
WBGene00001021,71,329,400
WBGene00001022,36,309,345
WBGene00001023,244,3833,4077
WBGene00001025,197,2450,2647
WBGene00001026,63,2215,2278
WBGene00001027,242,1673,1915
WBGene00001028,255,3411,3666
WBGene00001029,544,5899,6443
WBGene00001030,137,7754,7891
WBGene00001031,47,4433,4480
WBGene00001032,40,979,1019
WBGene00001033,105,731,836
WBGene00001034,79,1914,1993
WBGene00001035,95,1625,1720
WBGene00001036,27,753,780
WBGene00001037,85,9233,9318
WBGene00001038,411,6366,6777
WBGene00001039,237,1128,1365
WBGene00001040,34,887,921
WBGene00001041,34,2135,2169
WBGene00001042,543,2153,2696
WBGene00001043,312,933,1245
WBGene00001044,3,89,92
WBGene00001045,119,1128,1247
WBGene00001046,30,282,312
WBGene00001047,419,5268,5687
WBGene00001048,198,1216,1414
WBGene00001049,48,638,686
WBGene00001050,65,417,482
WBGene00001051,3,3238,3241
WBGene00001052,210,781,991
WBGene00001053,96,440,536
WBGene00001054,125,710,835
WBGene00001055,143,855,998
WBGene00001056,195,2411,2606
WBGene00001057,28,1539,1567
WBGene00001058,106,1224,1330
WBGene00001059,12,433,445
WBGene00001060,24,858,882
WBGene00001061,63,1259,1322
WBGene00001062,2,2,4
WBGene00001063,15,26,41
WBGene00001064,40,1780,1820
WBGene00001065,2,2496,2498
WBGene00001066,261,2949,3210
WBGene00001067,0,2322,2322
WBGene00001068,177,3897,4074
WBGene00001069,15,1673,1688
WBGene00001070,209,1301,1510
WBGene00001071,94,1643,1737
WBGene00001072,64,1128,1192
WBGene00001073,288,4614,4902
WBGene00001074,257,2974,3231
WBGene00001075,21,39,60
WBGene00001076,1,174,175
WBGene00001077,133,3507,3640
WBGene00001078,153,822,975
WBGene00001079,18,246,264
WBGene00001080,804,2963,3767
WBGene00001081,174,4891,5065
WBGene00001082,268,2342,2610
WBGene00001085,148,2344,2492
WBGene00001086,122,2825,2947
WBGene00001087,1461,1445,2906
WBGene00001088,25,12938,12963
WBGene00001089,244,1616,1860
WBGene00001090,156,721,877
WBGene00001092,0,135,135
WBGene00001093,66,2388,2454
WBGene00001094,52,7530,7582
WBGene00001095,67,499,566
WBGene00001096,7,159,166
WBGene00001099,6,146,152
WBGene00001101,656,3264,3920
WBGene00001102,43,979,1022
WBGene00001103,1,4,5
WBGene00001104,3,3,6
WBGene00001105,9,7,16
WBGene00001106,75,24,99
WBGene00001107,52,354,406
WBGene00001108,2,13,15
WBGene00001109,0,62,62
WBGene00001110,5,221,226
WBGene00001112,86,932,1018
WBGene00001113,1493,13292,14785
WBGene00001115,454,1660,2114
WBGene00001116,293,1977,2270
WBGene00001117,84,393,477
WBGene00001118,95,236,331
WBGene00001119,33,279,312
WBGene00001121,88,284,372
WBGene00001122,60,1156,1216
WBGene00001123,15,232,247
WBGene00001127,68,372,440
WBGene00001129,16,131,147
WBGene00001130,106,2944,3050
WBGene00001131,1225,9835,11060
WBGene00001132,323,5172,5495
WBGene00001133,6,8,14
WBGene00001134,199,3803,4002
WBGene00001135,93,926,1019
WBGene00001136,30,34,64
WBGene00001137,283,18589,18872
WBGene00001145,1664,9816,11480
WBGene00001147,0,2,2
WBGene00001148,33,421,454
WBGene00001149,184,13935,14119
WBGene00001150,0,19,19
WBGene00001151,78,1561,1639
WBGene00001152,5,541,546
WBGene00001153,11,1655,1666
WBGene00001154,61,2261,2322
WBGene00001155,3814,33604,37418
WBGene00001156,75,500,575
WBGene00001157,26,85,111
WBGene00001158,3,5,8
WBGene00001159,19,333,352
WBGene00001160,61,2575,2636
WBGene00001161,215,947,1162
WBGene00001162,214,651,865
WBGene00001163,156,2698,2854
WBGene00001164,4,7,11
WBGene00001165,49,275,324
WBGene00001166,55,6199,6254
WBGene00001167,6245,159463,165708
WBGene00001168,11939,459019,470958
WBGene00001169,182,88036,88218
WBGene00001170,34,772,806
WBGene00001171,163,568,731
WBGene00001172,330,8879,9209
WBGene00001173,2092,5873,7965
WBGene00001174,21,288,309
WBGene00001175,18,130,148
WBGene00001177,1889,4173,6062
WBGene00001178,366,1951,2317
WBGene00001179,380,1225,1605
WBGene00001182,214,1883,2097
WBGene00001184,108,1234,1342
WBGene00001185,14,289,303
WBGene00001186,457,1811,2268
WBGene00001187,290,3432,3722
WBGene00001188,108,546,654
WBGene00001189,999,13671,14670
WBGene00001190,171,292,463
WBGene00001193,3,325,328
WBGene00001194,535,6297,6832
WBGene00001196,1345,17458,18803
WBGene00001202,117,190,307
WBGene00001204,47,46,93
WBGene00001207,52,105,157
WBGene00001208,316,1992,2308
WBGene00001209,151,11193,11344
WBGene00001210,51,3246,3297
WBGene00001211,50,189,239
WBGene00001214,23,512,535
WBGene00001215,374,1910,2284
WBGene00001223,4,8,12
WBGene00001224,26,2122,2148
WBGene00001225,38,6789,6827
WBGene00001226,400,15765,16165
WBGene00001227,1223,11312,12535
WBGene00001228,34,3062,3096
WBGene00001229,72,3882,3954
WBGene00001230,69,6767,6836
WBGene00001231,57,4179,4236
WBGene00001232,244,3798,4042
WBGene00001233,561,5698,6259
WBGene00001234,12,6929,6941
WBGene00001235,108,2906,3014
WBGene00001236,323,537,860
WBGene00001237,27,204,231
WBGene00001239,213,6965,7178
WBGene00001240,92,2249,2341
WBGene00001241,282,4383,4665
WBGene00001242,3,147,150
WBGene00001243,50,834,884
WBGene00001244,265,2357,2622
WBGene00001245,1,2,3
WBGene00001246,2,11,13
WBGene00001247,57,220,277
WBGene00001248,181,558,739
WBGene00001249,26,951,977
WBGene00001250,6,42,48
WBGene00001251,53,1134,1187
WBGene00001252,0,14,14
WBGene00001253,133,1044,1177
WBGene00001258,718,4611,5329
WBGene00001259,126,4951,5077
WBGene00001262,75,1692,1767
WBGene00001263,1091,36586,37677
WBGene00001281,60,1049,1109
WBGene00001284,189,1661,1850
WBGene00001303,385,35478,35863
WBGene00001309,136,3346,3482
WBGene00001310,16,3,19
WBGene00001311,3,3,6
WBGene00001320,13,1930,1943
WBGene00001324,54,996,1050
WBGene00001325,245,1210,1455
WBGene00001328,218,13375,13593
WBGene00001329,104,3347,3451
WBGene00001330,418,1531,1949
WBGene00001331,272,5695,5967
WBGene00001332,107,574,681
WBGene00001333,234,2548,2782
WBGene00001334,507,2495,3002
WBGene00001335,194,1983,2177
WBGene00001336,368,5075,5443
WBGene00001337,1004,8998,10002
WBGene00001338,57,1484,1541
WBGene00001340,642,3681,4323
WBGene00001345,1161,2828,3989
WBGene00001352,342,2903,3245
WBGene00001358,48,393,441
WBGene00001365,249,1973,2222
WBGene00001366,437,1896,2333
WBGene00001368,247,1826,2073
WBGene00001371,52,828,880
WBGene00001372,85,471,556
WBGene00001373,131,140,271
WBGene00001374,218,700,918
WBGene00001377,177,466,643
WBGene00001385,64875,814816,879691
WBGene00001386,1883,52384,54267
WBGene00001387,9,69,78
WBGene00001388,0,11,11
WBGene00001389,43,707,750
WBGene00001390,33,993,1026
WBGene00001391,111,1374,1485
WBGene00001392,245,16834,17079
WBGene00001393,104,8239,8343
WBGene00001394,59,6210,6269
WBGene00001395,636,5684,6320
WBGene00001396,163,3045,3208
WBGene00001397,1,63,64
WBGene00001398,26,1581,1607
WBGene00001399,2,6,8
WBGene00001400,17,235,252
WBGene00001401,3,173,176
WBGene00001402,4,193,197
WBGene00001403,149,1247,1396
WBGene00001404,1073,14853,15926
WBGene00001405,18,1682,1700
WBGene00001406,256,665,921
WBGene00001410,148,426,574
WBGene00001411,48,1139,1187
WBGene00001412,26,812,838
WBGene00001413,11,166,177
WBGene00001414,6,35,41
WBGene00001423,454,40191,40645
WBGene00001424,1,0,1
WBGene00001425,286,1943,2229
WBGene00001426,278,10367,10645
WBGene00001427,1810,82782,84592
WBGene00001428,5,1827,1832
WBGene00001429,24,754,778
WBGene00001430,127,6106,6233
WBGene00001431,116,6641,6757
WBGene00001432,82,505,587
WBGene00001433,89,1057,1146
WBGene00001434,4,168,172
WBGene00001435,2,1,3
WBGene00001436,1,0,1
WBGene00001437,1,84,85
WBGene00001438,12,66,78
WBGene00001439,1568,2546,4114
WBGene00001440,28,356,384
WBGene00001441,254,2237,2491
WBGene00001442,6,119,125
WBGene00001443,498,2643,3141
WBGene00001444,15695,101755,117450
WBGene00001445,100,1323,1423
WBGene00001446,2,164,166
WBGene00001447,71,1523,1594
WBGene00001448,627,10878,11505
WBGene00001449,470,3679,4149
WBGene00001450,27,1265,1292
WBGene00001451,327,3837,4164
WBGene00001452,159,10456,10615
WBGene00001453,6,1357,1363
WBGene00001454,0,1322,1322
WBGene00001455,146,3672,3818
WBGene00001456,7,792,799
WBGene00001457,2706,17168,19874
WBGene00001458,260,3217,3477
WBGene00001459,87,5236,5323
WBGene00001460,38,1043,1081
WBGene00001461,816,4524,5340
WBGene00001462,113,8158,8271
WBGene00001463,46,1742,1788
WBGene00001464,254,4983,5237
WBGene00001465,2,23,25
WBGene00001466,4,446,450
WBGene00001468,14,31,45
WBGene00001470,117,2224,2341
WBGene00001475,325,3672,3997
WBGene00001476,25,61,86
WBGene00001477,17,349,366
WBGene00001478,20,164,184
WBGene00001479,22,461,483
WBGene00001480,1060,6321,7381
WBGene00001481,31,279,310
WBGene00001482,1,193,194
WBGene00001483,3,128,131
WBGene00001484,545,1189,1734
WBGene00001485,368,663,1031
WBGene00001486,41,585,626
WBGene00001487,5,3,8
WBGene00001488,848,27303,28151
WBGene00001489,235,1235,1470
WBGene00001490,193,1461,1654
WBGene00001491,468,3753,4221
WBGene00001492,90,902,992
WBGene00001493,103,1384,1487
WBGene00001494,516,1208,1724
WBGene00001495,150,596,746
WBGene00001496,796,2938,3734
WBGene00001497,221,5176,5397
WBGene00001498,466,4909,5375
WBGene00001499,19,662,681
WBGene00001500,17,82,99
WBGene00001501,486,3588,4074
WBGene00001502,791,48236,49027
WBGene00001503,160,9889,10049
WBGene00001505,25,266,291
WBGene00001506,5,9,14
WBGene00001507,21,113,134
WBGene00001508,118,926,1044
WBGene00001509,103,2178,2281
WBGene00001510,184,1475,1659
WBGene00001511,32,1079,1111
WBGene00001512,82,248,330
WBGene00001513,10,1172,1182
WBGene00001514,21,292,313
WBGene00001515,62,249,311
WBGene00001516,600,2143,2743
WBGene00001517,76,461,537
WBGene00001518,300,1527,1827
WBGene00001519,357,1627,1984
WBGene00001520,189,8152,8341
WBGene00001522,61,173,234
WBGene00001523,102,1292,1394
WBGene00001526,86,842,928
WBGene00001527,30,1145,1175
WBGene00001528,2,6,8
WBGene00001529,7,5,12
WBGene00001530,4,112,116
WBGene00001531,8,24,32
WBGene00001532,12,24,36
WBGene00001533,30,24,54
WBGene00001534,27,164,191
WBGene00001535,20,135,155
WBGene00001536,22,68,90
WBGene00001537,432,765,1197
WBGene00001538,67,678,745
WBGene00001539,25,17,42
WBGene00001540,8,23,31
WBGene00001541,5,124,129
WBGene00001542,25,81,106
WBGene00001543,22,167,189
WBGene00001544,48,139,187
WBGene00001545,1,14,15
WBGene00001546,44,72,116
WBGene00001547,53,216,269
WBGene00001548,21,107,128
WBGene00001549,73,207,280
WBGene00001550,8,34,42
WBGene00001551,90,96,186
WBGene00001552,108,845,953
WBGene00001553,240,1358,1598
WBGene00001554,79,490,569
WBGene00001555,392,1181,1573
WBGene00001556,285,1513,1798
WBGene00001557,206,1130,1336
WBGene00001558,56,9013,9069
WBGene00001559,199,951,1150
WBGene00001560,34,160,194
WBGene00001561,1604,6733,8337
WBGene00001562,72,1889,1961
WBGene00001563,103,2175,2278
WBGene00001564,1119,42924,44043
WBGene00001565,298,1644,1942
WBGene00001566,86,1683,1769
WBGene00001568,61,975,1036
WBGene00001569,1,50,51
WBGene00001570,143,2484,2627
WBGene00001571,11,248,259
WBGene00001572,631,4467,5098
WBGene00001574,274,1957,2231
WBGene00001575,32,188,220
WBGene00001577,41,251,292
WBGene00001578,26,109,135
WBGene00001579,102,1425,1527
WBGene00001580,63,1193,1256
WBGene00001581,0,191,191
WBGene00001582,369,1925,2294
WBGene00001583,25,423,448
WBGene00001584,232,862,1094
WBGene00001585,62,1254,1316
WBGene00001586,127,250,377
WBGene00001587,245,377,622
WBGene00001588,40,347,387
WBGene00001589,295,1078,1373
WBGene00001590,23,689,712
WBGene00001591,0,26,26
WBGene00001592,62,401,463
WBGene00001593,38,166,204
WBGene00001594,131,1124,1255
WBGene00001595,4,183,187
WBGene00001596,132,2251,2383
WBGene00001597,8,166,174
WBGene00001598,67,2302,2369
WBGene00001599,6,205,211
WBGene00001600,3,203,206
WBGene00001601,51,591,642
WBGene00001602,45,1153,1198
WBGene00001603,0,15,15
WBGene00001604,91,13233,13324
WBGene00001606,15,285,300
WBGene00001607,10,161,171
WBGene00001608,14,56,70
WBGene00001609,20,342,362
WBGene00001612,29,133,162
WBGene00001613,240,375,615
WBGene00001614,62,205,267
WBGene00001615,198,562,760
WBGene00001616,67,663,730
WBGene00001617,273,569,842
WBGene00001618,28,35,63
WBGene00001619,20,115,135
WBGene00001620,181,4323,4504
WBGene00001621,28,171,199
WBGene00001622,42,101,143
WBGene00001623,8,170,178
WBGene00001624,15,62,77
WBGene00001625,15,40,55
WBGene00001626,4,9,13
WBGene00001627,52,400,452
WBGene00001628,48,995,1043
WBGene00001629,348,1140,1488
WBGene00001630,750,1251,2001
WBGene00001631,241,1499,1740
WBGene00001632,58,1632,1690
WBGene00001633,151,837,988
WBGene00001635,75,1488,1563
WBGene00001636,168,575,743
WBGene00001637,87,817,904
WBGene00001638,42,430,472
WBGene00001639,22,56,78
WBGene00001640,19,1,20
WBGene00001641,0,2,2
WBGene00001642,1,0,1
WBGene00001643,19,148,167
WBGene00001644,2,48,50
WBGene00001645,83,1010,1093
WBGene00001646,0,1013,1013
WBGene00001647,3,269,272
WBGene00001648,479,9694,10173
WBGene00001649,156,2050,2206
WBGene00001650,427,1988,2415
WBGene00001651,332,1198,1530
WBGene00001653,163,1218,1381
WBGene00001660,41,543,584
WBGene00001661,124,1402,1526
WBGene00001662,104,2732,2836
WBGene00001663,453,379,832
WBGene00001664,30,362,392
WBGene00001665,19,262,281
WBGene00001666,12,256,268
WBGene00001667,8,17,25
WBGene00001668,9,50,59
WBGene00001669,335,1681,2016
WBGene00001670,23,113,136
WBGene00001671,80,1075,1155
WBGene00001672,12,86,98
WBGene00001673,21,83,104
WBGene00001674,14,298,312
WBGene00001675,7,26,33
WBGene00001676,145,235,380
WBGene00001677,29,219,248
WBGene00001678,224,348,572
WBGene00001679,535,13254,13789
WBGene00001680,84,2466,2550
WBGene00001681,7,762,769
WBGene00001682,659,26897,27556
WBGene00001683,41,502,543
WBGene00001684,48,33322,33370
WBGene00001685,34,41850,41884
WBGene00001686,61,876,937
WBGene00001687,9,46,55
WBGene00001688,16,604,620
WBGene00001689,16,584,600
WBGene00001690,19,87,106
WBGene00001691,1,7,8
WBGene00001692,256,7868,8124
WBGene00001693,2,11,13
WBGene00001694,16,1751,1767
WBGene00001695,24,95,119
WBGene00001696,33,60,93
WBGene00001697,5,11,16
WBGene00001698,14,37,51
WBGene00001699,222,24093,24315
WBGene00001700,11,4,15
WBGene00001701,5,93,98
WBGene00001702,1343,10246,11589
WBGene00001703,36,420,456
WBGene00001704,8,74,82
WBGene00001705,13,116,129
WBGene00001707,123,225,348
WBGene00001708,406,2133,2539
WBGene00001709,108,803,911
WBGene00001710,21,194,215
WBGene00001711,0,41,41
WBGene00001712,3,9,12
WBGene00001713,13,2066,2079
WBGene00001714,14,520,534
WBGene00001715,0,10,10
WBGene00001716,50,393,443
WBGene00001717,10,201,211
WBGene00001718,3,80,83
WBGene00001719,21,355,376
WBGene00001720,6,3,9
WBGene00001721,13,94,107
WBGene00001722,5,7,12
WBGene00001723,16,47,63
WBGene00001724,73,651,724
WBGene00001725,14,1248,1262
WBGene00001726,1,4,5
WBGene00001727,7,44,51
WBGene00001728,0,11,11
WBGene00001729,11,68,79
WBGene00001730,0,121,121
WBGene00001731,9,221,230
WBGene00001732,3,13,16
WBGene00001733,1,5,6
WBGene00001734,0,0,0
WBGene00001735,3,2,5
WBGene00001736,6,39,45
WBGene00001737,0,0,0
WBGene00001738,0,0,0
WBGene00001739,1,0,1
WBGene00001740,117,452,569
WBGene00001743,64,760,824
WBGene00001744,213,4745,4958
WBGene00001745,694,4438,5132
WBGene00001746,318,3350,3668
WBGene00001747,151,5996,6147
WBGene00001748,491,7208,7699
WBGene00001749,3,2980,2983
WBGene00001750,125,885,1010
WBGene00001751,102,1609,1711
WBGene00001752,61,3711,3772
WBGene00001753,282,12777,13059
WBGene00001754,2,197,199
WBGene00001755,154,15231,15385
WBGene00001756,0,59,59
WBGene00001757,30,118,148
WBGene00001758,8,2060,2068
WBGene00001759,37,634,671
WBGene00001760,7,884,891
WBGene00001761,24,375,399
WBGene00001762,3,70,73
WBGene00001763,3,124,127
WBGene00001764,1,303,304
WBGene00001765,0,0,0
WBGene00001766,10,0,10
WBGene00001767,2,192,194
WBGene00001768,19,5489,5508
WBGene00001769,21,437,458
WBGene00001770,0,195,195
WBGene00001771,2,151,153
WBGene00001772,6,2863,2869
WBGene00001773,8,179,187
WBGene00001774,1,327,328
WBGene00001775,4,827,831
WBGene00001776,9,551,560
WBGene00001777,2,11,13
WBGene00001778,0,132,132
WBGene00001779,0,99,99
WBGene00001780,2,125,127
WBGene00001781,30,808,838
WBGene00001782,62,279,341
WBGene00001783,43,244,287
WBGene00001784,132,1391,1523
WBGene00001785,0,1,1
WBGene00001786,0,24,24
WBGene00001787,0,1751,1751
WBGene00001788,80,582,662
WBGene00001789,5,1157,1162
WBGene00001790,61,1175,1236
WBGene00001791,172,1219,1391
WBGene00001792,7,156,163
WBGene00001793,814,3837,4651
WBGene00001794,2870,27022,29892
WBGene00001795,36,112,148
WBGene00001796,79,225,304
WBGene00001803,26,276,302
WBGene00001804,34,66,100
WBGene00001805,51,282,333
WBGene00001806,30,87,117
WBGene00001808,444,2714,3158
WBGene00001811,30,215,245
WBGene00001812,50,783,833
WBGene00001813,141,1242,1383
WBGene00001814,20,274,294
WBGene00001815,111,507,618
WBGene00001816,240,637,877
WBGene00001817,25,541,566
WBGene00001818,11,3,14
WBGene00001819,28,250,278
WBGene00001820,31,983,1014
WBGene00001821,91,681,772
WBGene00001823,89,1186,1275
WBGene00001824,90,2342,2432
WBGene00001827,83,1768,1851
WBGene00001828,2,1,3
WBGene00001829,26,1004,1030
WBGene00001830,19,936,955
WBGene00001831,12,1314,1326
WBGene00001832,131,1334,1465
WBGene00001833,136,2154,2290
WBGene00001834,8,2476,2484
WBGene00001835,1,647,648
WBGene00001836,97,1082,1179
WBGene00001837,893,1226,2119
WBGene00001838,80,283,363
WBGene00001839,36,56,92
WBGene00001840,738,14569,15307
WBGene00001841,23,539,562
WBGene00001842,10,55,65
WBGene00001843,364,2356,2720
WBGene00001844,54,1272,1326
WBGene00001851,385,8884,9269
WBGene00001852,74,284,358
WBGene00001853,226,40743,40969
WBGene00001854,144,22552,22696
WBGene00001855,7,4979,4986
WBGene00001856,7,5207,5214
WBGene00001857,0,98,98
WBGene00001858,0,11784,11784
WBGene00001859,13,14,27
WBGene00001860,137,3113,3250
WBGene00001862,4,147,151
WBGene00001863,1126,10421,11547
WBGene00001864,132,682,814
WBGene00001865,39,301,340
WBGene00001867,41,444,485
WBGene00001869,15,1044,1059
WBGene00001872,39,83,122
WBGene00001874,27,951,978
WBGene00001875,0,2702,2702
WBGene00001876,0,1226,1226
WBGene00001877,0,4340,4340
WBGene00001878,0,1969,1969
WBGene00001879,0,2342,2342
WBGene00001880,0,1804,1804
WBGene00001881,0,1848,1848
WBGene00001882,0,693,693
WBGene00001883,0,217,217
WBGene00001884,0,0,0
WBGene00001885,0,1913,1913
WBGene00001886,0,0,0
WBGene00001887,0,0,0
WBGene00001888,0,0,0
WBGene00001889,0,0,0
WBGene00001890,0,167,167
WBGene00001891,0,258,258
WBGene00001892,0,3246,3246
WBGene00001893,0,0,0
WBGene00001894,0,0,0
WBGene00001895,0,0,0
WBGene00001896,0,0,0
WBGene00001898,76,72365,72441
WBGene00001899,0,516,516
WBGene00001900,0,0,0
WBGene00001901,0,0,0
WBGene00001902,0,0,0
WBGene00001903,0,1,1
WBGene00001904,0,3,3
WBGene00001905,0,727,727
WBGene00001906,0,5776,5776
WBGene00001907,0,0,0
WBGene00001908,0,1,1
WBGene00001909,1043,29521,30564
WBGene00001910,431,15901,16332
WBGene00001911,1137,51940,53077
WBGene00001912,0,136,136
WBGene00001913,0,6,6
WBGene00001914,0,138,138
WBGene00001915,831,36824,37655
WBGene00001916,0,72,72
WBGene00001917,0,0,0
WBGene00001918,0,0,0
WBGene00001919,0,17,17
WBGene00001920,0,0,0
WBGene00001921,0,25,25
WBGene00001922,0,1417,1417
WBGene00001923,0,0,0
WBGene00001924,0,0,0
WBGene00001925,0,0,0
WBGene00001926,0,0,0
WBGene00001927,0,0,0
WBGene00001928,0,377,377
WBGene00001929,0,19,19
WBGene00001930,0,0,0
WBGene00001931,19,107,126
WBGene00001932,0,24,24
WBGene00001933,0,5259,5259
WBGene00001934,0,9579,9579
WBGene00001935,0,2081,2081
WBGene00001936,0,3984,3984
WBGene00001937,0,1367,1367
WBGene00001938,0,6413,6413
WBGene00001939,0,48,48
WBGene00001940,0,59,59
WBGene00001941,0,984,984
WBGene00001942,0,2127,2127
WBGene00001943,0,21,21
WBGene00001944,0,64,64
WBGene00001945,118,8124,8242
WBGene00001946,922,46826,47748
WBGene00001947,0,101,101
WBGene00001948,390,2056,2446
WBGene00001949,19,1580,1599
WBGene00001950,7,1030,1037
WBGene00001951,20,258,278
WBGene00001952,26,393,419
WBGene00001953,37,296,333
WBGene00001954,11,120,131
WBGene00001955,211,4508,4719
WBGene00001956,0,6,6
WBGene00001957,111,611,722
WBGene00001958,10,618,628
WBGene00001959,6,124,130
WBGene00001960,14,158,172
WBGene00001961,30,188,218
WBGene00001962,1,5,6
WBGene00001964,0,1,1
WBGene00001965,0,2,2
WBGene00001966,0,2,2
WBGene00001967,0,0,0
WBGene00001968,0,2,2
WBGene00001971,181,46230,46411
WBGene00001972,472,10114,10586
WBGene00001973,5,499,504
WBGene00001974,66,4045,4111
WBGene00001975,72,1586,1658
WBGene00001976,52,20077,20129
WBGene00001977,4,1604,1608
WBGene00001978,308,2393,2701
WBGene00001979,36,1093,1129
WBGene00001980,1744,3690,5434
WBGene00001981,0,19,19
WBGene00001983,78,934,1012
WBGene00001984,98,392,490
WBGene00001985,6,70,76
WBGene00001986,109,930,1039
WBGene00001987,540,447,987
WBGene00001988,66,1091,1157
WBGene00001989,86,796,882
WBGene00001990,128,2290,2418
WBGene00001991,21,232,253
WBGene00001992,28,272,300
WBGene00001993,25,2491,2516
WBGene00001994,234,4391,4625
WBGene00001995,51,1066,1117
WBGene00001996,405,1356,1761
WBGene00001997,157,311,468
WBGene00001998,30,184,214
WBGene00001999,67,19666,19733
WBGene00002000,336,11210,11546
WBGene00002001,274,3542,3816
WBGene00002002,88,3344,3432
WBGene00002003,67,415,482
WBGene00002004,362,1106,1468
WBGene00002005,466,69474,69940
WBGene00002007,576,28547,29123
WBGene00002008,220,2574,2794
WBGene00002010,57,8166,8223
WBGene00002011,167,2987,3154
WBGene00002012,9,423,432
WBGene00002013,13,48,61
WBGene00002015,0,0,0
WBGene00002016,12,3374,3386
WBGene00002017,0,861,861
WBGene00002018,18,3595,3613
WBGene00002019,0,26830,26830
WBGene00002020,0,0,0
WBGene00002021,75,773,848
WBGene00002023,625,14535,15160
WBGene00002024,44,721,765
WBGene00002025,901,33871,34772
WBGene00002026,3,153,156
WBGene00002027,211,6312,6523
WBGene00002028,20,437,457
WBGene00002029,21,248,269
WBGene00002030,45,177,222
WBGene00002031,63,454,517
WBGene00002032,14,239,253
WBGene00002033,7,72,79
WBGene00002034,4,255,259
WBGene00002035,197,1297,1494
WBGene00002036,203,1519,1722
WBGene00002037,117,668,785
WBGene00002038,257,1378,1635
WBGene00002039,128,834,962
WBGene00002040,245,1488,1733
WBGene00002041,39,107,146
WBGene00002042,30,331,361
WBGene00002043,84,391,475
WBGene00002044,36,1168,1204
WBGene00002045,7828,97026,104854
WBGene00002046,158,2026,2184
WBGene00002047,70,1727,1797
WBGene00002048,908,5284,6192
WBGene00002050,171,1237,1408
WBGene00002051,0,32,32
WBGene00002052,40,596,636
WBGene00002053,247,5904,6151
WBGene00002054,19,669,688
WBGene00002055,5,250,255
WBGene00002056,203,702,905
WBGene00002057,11,75,86
WBGene00002058,4,85,89
WBGene00002059,166,3345,3511
WBGene00002060,66,6010,6076
WBGene00002061,19,1695,1714
WBGene00002062,60,1146,1206
WBGene00002063,100,270,370
WBGene00002064,1216,8511,9727
WBGene00002065,834,113172,114006
WBGene00002066,457,10594,11051
WBGene00002067,28,183,211
WBGene00002068,15,807,822
WBGene00002069,370,2658,3028
WBGene00002070,104,2755,2859
WBGene00002071,53,3062,3115
WBGene00002072,26,581,607
WBGene00002073,11,1766,1777
WBGene00002074,96,5075,5171
WBGene00002075,106,1408,1514
WBGene00002076,394,1206,1600
WBGene00002077,301,11259,11560
WBGene00002078,303,3916,4219
WBGene00002079,28,838,866
WBGene00002080,186,1547,1733
WBGene00002081,44,1053,1097
WBGene00002083,117,19969,20086
WBGene00002084,28,1276,1304
WBGene00002085,0,14,14
WBGene00002086,24,739,763
WBGene00002087,2,18,20
WBGene00002088,2,194,196
WBGene00002089,9,107,116
WBGene00002090,0,2,2
WBGene00002091,5,1,6
WBGene00002092,6,45,51
WBGene00002093,10,117,127
WBGene00002094,11,48,59
WBGene00002095,13,26,39
WBGene00002096,90,11,101
WBGene00002097,23,297,320
WBGene00002098,0,37,37
WBGene00002099,2,9,11
WBGene00002100,77,5017,5094
WBGene00002101,191,1261,1452
WBGene00002102,2,6,8
WBGene00002103,0,10,10
WBGene00002104,4,5,9
WBGene00002105,11,275,286
WBGene00002106,0,0,0
WBGene00002107,20,139,159
WBGene00002108,51,23,74
WBGene00002109,70,723,793
WBGene00002110,833,5315,6148
WBGene00002111,72,809,881
WBGene00002112,26,345,371
WBGene00002113,69,2042,2111
WBGene00002114,3,21,24
WBGene00002115,0,5,5
WBGene00002116,57,316,373
WBGene00002117,2,21,23
WBGene00002118,7,143,150
WBGene00002119,36,31,67
WBGene00002120,0,94,94
WBGene00002121,1,0,1
WBGene00002123,748,2297,3045
WBGene00002124,3,38,41
WBGene00002125,2,479,481
WBGene00002127,39,2768,2807
WBGene00002128,25,240,265
WBGene00002129,42,1023,1065
WBGene00002130,3,52,55
WBGene00002131,4,43,47
WBGene00002132,45,535,580
WBGene00002133,119,306,425
WBGene00002134,221,6289,6510
WBGene00002135,152,6066,6218
WBGene00002136,32,201,233
WBGene00002137,4,70,74
WBGene00002138,7,23,30
WBGene00002139,3,32,35
WBGene00002140,222,858,1080
WBGene00002141,110,90,200
WBGene00002142,10,54,64
WBGene00002143,41,104,145
WBGene00002144,8,36,44
WBGene00002146,83,877,960
WBGene00002147,272,776,1048
WBGene00002148,104,1335,1439
WBGene00002149,54,172,226
WBGene00002150,169,211,380
WBGene00002151,210,563,773
WBGene00002152,264,6204,6468
WBGene00002153,59,1084,1143
WBGene00002162,2522,32443,34965
WBGene00002163,310,1147,1457
WBGene00002169,350,2582,2932
WBGene00002173,225,1006,1231
WBGene00002174,45,227,272
WBGene00002175,553,1274,1827
WBGene00002176,667,1216,1883
WBGene00002177,54,212,266
WBGene00002178,120,1472,1592
WBGene00002179,404,4800,5204
WBGene00002180,6,628,634
WBGene00002181,144,508,652
WBGene00002182,104,396,500
WBGene00002183,703,11547,12250
WBGene00002184,324,661,985
WBGene00002185,749,1348,2097
WBGene00002186,0,3,3
WBGene00002187,322,2124,2446
WBGene00002188,7,4,11
WBGene00002189,2537,7846,10383
WBGene00002190,777,10236,11013
WBGene00002191,1205,10699,11904
WBGene00002192,296,1356,1652
WBGene00002193,1,0,1
WBGene00002194,45,144,189
WBGene00002195,40,227,267
WBGene00002196,90,5366,5456
WBGene00002198,147,348,495
WBGene00002199,56,359,415
WBGene00002200,45,348,393
WBGene00002201,71,1457,1528
WBGene00002202,308,11740,12048
WBGene00002203,544,2131,2675
WBGene00002204,0,0,0
WBGene00002205,15,47,62
WBGene00002206,3,2,5
WBGene00002207,89,658,747
WBGene00002208,1,2,3
WBGene00002210,492,1995,2487
WBGene00002211,9,82,91
WBGene00002213,72,716,788
WBGene00002214,43,902,945
WBGene00002215,945,5418,6363
WBGene00002216,123,2214,2337
WBGene00002217,164,2066,2230
WBGene00002218,23,56,79
WBGene00002219,65,1118,1183
WBGene00002220,108,909,1017
WBGene00002222,598,2871,3469
WBGene00002223,1250,3334,4584
WBGene00002224,148,170,318
WBGene00002225,1,423,424
WBGene00002226,3,985,988
WBGene00002227,9,9,18
WBGene00002228,29,722,751
WBGene00002229,69,1301,1370
WBGene00002230,253,519,772
WBGene00002231,38,1390,1428
WBGene00002232,187,1865,2052
WBGene00002233,52,196,248
WBGene00002234,5,22,27
WBGene00002235,60,82,142
WBGene00002238,23,10767,10790
WBGene00002239,108,667,775
WBGene00002240,298,442,740
WBGene00002241,667,2012,2679
WBGene00002242,184,284,468
WBGene00002243,136,318,454
WBGene00002244,298,5446,5744
WBGene00002245,232,876,1108
WBGene00002246,3,672,675
WBGene00002247,296,6790,7086
WBGene00002248,20,61,81
WBGene00002249,44,1729,1773
WBGene00002250,24,3195,3219
WBGene00002251,207,965,1172
WBGene00002252,55,128,183
WBGene00002253,2201,9172,11373
WBGene00002254,11168,92955,104123
WBGene00002255,2386,17590,19976
WBGene00002256,86,3208,3294
WBGene00002257,283,3507,3790
WBGene00002258,358,9492,9850
WBGene00002259,11,433,444
WBGene00002260,5,101,106
WBGene00002261,459,2874,3333
WBGene00002262,1501,22529,24030
WBGene00002263,407,4046,4453
WBGene00002264,312,11829,12141
WBGene00002265,733,10545,11278
WBGene00002266,488,7412,7900
WBGene00002267,361,8865,9226
WBGene00002268,1592,15823,17415
WBGene00002269,379,6382,6761
WBGene00002270,5,139,144
WBGene00002271,46,2036,2082
WBGene00002272,164,2576,2740
WBGene00002273,25,4750,4775
WBGene00002274,11,217,228
WBGene00002275,8,694,702
WBGene00002276,13,563,576
WBGene00002278,376,1200,1576
WBGene00002280,3238,51581,54819
WBGene00002282,41,693,734
WBGene00002295,263,6846,7109
WBGene00002297,108,600,708
WBGene00002299,119,637,756
WBGene00002324,28,766,794
WBGene00002335,144,5270,5414
WBGene00002344,435,25535,25970
WBGene00002348,15,658,673
WBGene00002363,163,6562,6725
WBGene00002368,13,243,256
WBGene00002393,21,845,866
WBGene00002497,565,2738,3303
WBGene00002583,381,3078,3459
WBGene00002601,289,1437,1726
WBGene00002632,58,1082,1140
WBGene00002637,232,10606,10838
WBGene00002694,46,1566,1612
WBGene00002696,152,3210,3362
WBGene00002717,793,5848,6641
WBGene00002783,983,4507,5490
WBGene00002804,37,2293,2330
WBGene00002827,107,1626,1733
WBGene00002845,164,3206,3370
WBGene00002850,351,7371,7722
WBGene00002855,100,6223,6323
WBGene00002879,341,7204,7545
WBGene00002881,474,3683,4157
WBGene00002889,272,2252,2524
WBGene00002891,32,2949,2981
WBGene00002915,181,4249,4430
WBGene00002957,179,3294,3473
WBGene00002974,215,950,1165
WBGene00002975,25,219,244
WBGene00002976,211,969,1180
WBGene00002977,274,1268,1542
WBGene00002978,1644,150041,151685
WBGene00002979,272,979,1251
WBGene00002980,184,35959,36143
WBGene00002981,267,9021,9288
WBGene00002982,71,774,845
WBGene00002983,73,184,257
WBGene00002985,90,1506,1596
WBGene00002986,81,940,1021
WBGene00002987,51,169,220
WBGene00002988,55,566,621
WBGene00002989,365,1125,1490
WBGene00002990,579,1298,1877
WBGene00002991,330,1493,1823
WBGene00002992,62,198,260
WBGene00002994,51,3081,3132
WBGene00002996,63,640,703
WBGene00002997,70,593,663
WBGene00002998,93,1289,1382
WBGene00002999,651,3131,3782
WBGene00003000,54,505,559
WBGene00003001,91,475,566
WBGene00003002,571,4813,5384
WBGene00003003,1094,1385,2479
WBGene00003006,285,540,825
WBGene00003007,150,908,1058
WBGene00003008,35,61,96
WBGene00003009,103,1638,1741
WBGene00003010,444,2750,3194
WBGene00003011,191,1862,2053
WBGene00003012,128,1609,1737
WBGene00003014,325,4439,4764
WBGene00003015,91,92,183
WBGene00003017,24,228,252
WBGene00003018,34,987,1021
WBGene00003019,237,3393,3630
WBGene00003020,255,1364,1619
WBGene00003021,149,1890,2039
WBGene00003022,110,617,727
WBGene00003024,330,3143,3473
WBGene00003025,396,5998,6394
WBGene00003026,120,2265,2385
WBGene00003029,9,297,306
WBGene00003030,220,1395,1615
WBGene00003031,21,365,386
WBGene00003033,5,106,111
WBGene00003034,157,1544,1701
WBGene00003035,75,856,931
WBGene00003036,11,5568,5579
WBGene00003037,28,755,783
WBGene00003038,10,480,490
WBGene00003040,361,4226,4587
WBGene00003041,111,1387,1498
WBGene00003043,81,1291,1372
WBGene00003044,273,2009,2282
WBGene00003045,213,1152,1365
WBGene00003046,34,253,287
WBGene00003047,257,2316,2573
WBGene00003048,2102,3695,5797
WBGene00003052,143,11630,11773
WBGene00003053,24,4168,4192
WBGene00003055,103,3060,3163
WBGene00003056,142,575,717
WBGene00003057,128,1706,1834
WBGene00003058,1,5,6
WBGene00003059,115,1068,1183
WBGene00003060,834,2949,3783
WBGene00003061,572,13664,14236
WBGene00003062,52,4728,4780
WBGene00003063,110,9542,9652
WBGene00003064,12,1090,1102
WBGene00003065,195,8249,8444
WBGene00003066,152,2879,3031
WBGene00003068,156,1429,1585
WBGene00003071,254,4681,4935
WBGene00003072,358,4831,5189
WBGene00003073,182,7362,7544
WBGene00003074,77,1224,1301
WBGene00003075,26,67,93
WBGene00003076,168,2467,2635
WBGene00003077,49,1685,1734
WBGene00003078,54,3794,3848
WBGene00003079,0,5824,5824
WBGene00003080,185,3183,3368
WBGene00003081,470,3613,4083
WBGene00003082,155,1661,1816
WBGene00003083,28,462,490
WBGene00003084,118,1304,1422
WBGene00003085,304,8362,8666
WBGene00003086,471,1572,2043
WBGene00003087,65,1835,1900
WBGene00003089,96,1516,1612
WBGene00003090,3,999,1002
WBGene00003091,1,412,413
WBGene00003092,1,66,67
WBGene00003093,0,185,185
WBGene00003094,2,7,9
WBGene00003095,0,6,6
WBGene00003096,2,143,145
WBGene00003097,7,1782,1789
WBGene00003098,2,5,7
WBGene00003099,0,11,11
WBGene00003100,17,25,42
WBGene00003102,217,1041,1258
WBGene00003104,29,101,130
WBGene00003106,46,212,258
WBGene00003107,46,79,125
WBGene00003111,181,2185,2366
WBGene00003112,138,1121,1259
WBGene00003114,125,228,353
WBGene00003119,498,1574,2072
WBGene00003123,44,10000,10044
WBGene00003124,242,2009,2251
WBGene00003129,222,1300,1522
WBGene00003130,496,3149,3645
WBGene00003132,65,1570,1635
WBGene00003133,136,1397,1533
WBGene00003134,75,747,822
WBGene00003136,91,634,725
WBGene00003142,118,1002,1120
WBGene00003143,336,2829,3165
WBGene00003144,447,2273,2720
WBGene00003148,36,8914,8950
WBGene00003149,269,1811,2080
WBGene00003150,864,6060,6924
WBGene00003151,95,1056,1151
WBGene00003153,3887,13761,17648
WBGene00003154,53,1565,1618
WBGene00003155,47,1709,1756
WBGene00003156,16,2324,2340
WBGene00003157,27,2227,2254
WBGene00003158,46,1945,1991
WBGene00003159,14,1862,1876
WBGene00003160,126,2285,2411
WBGene00003161,214,1368,1582
WBGene00003162,107,23750,23857
WBGene00003163,121,6075,6196
WBGene00003164,22,342,364
WBGene00003165,47,476,523
WBGene00003166,667,932,1599
WBGene00003167,49,371,420
WBGene00003168,57,209,266
WBGene00003169,640,6437,7077
WBGene00003170,121,518,639
WBGene00003171,410,6860,7270
WBGene00003172,270,2336,2606
WBGene00003173,52,309,361
WBGene00003174,21,144,165
WBGene00003175,265,5975,6240
WBGene00003176,7,47,54
WBGene00003177,83,699,782
WBGene00003178,56,4277,4333
WBGene00003179,43,537,580
WBGene00003180,10,9,19
WBGene00003181,0,40,40
WBGene00003182,476,2797,3273
WBGene00003183,8,891,899
WBGene00003184,7,189,196
WBGene00003185,3,1729,1732
WBGene00003186,164,1914,2078
WBGene00003196,300,1509,1809
WBGene00003209,319,1442,1761
WBGene00003210,169,2237,2406
WBGene00003214,155,2515,2670
WBGene00003216,1,173,174
WBGene00003218,90,3970,4060
WBGene00003219,3,31,34
WBGene00003220,102,586,688
WBGene00003221,245,1155,1400
WBGene00003222,90,1087,1177
WBGene00003224,21,170,191
WBGene00003225,727,14306,15033
WBGene00003228,12,70,82
WBGene00003229,169,1978,2147
WBGene00003230,2,86,88
WBGene00003231,0,44,44
WBGene00003232,56,181,237
WBGene00003233,104,401,505
WBGene00003234,356,2705,3061
WBGene00003235,530,3603,4133
WBGene00003236,0,411,411
WBGene00003237,181,1135,1316
WBGene00003238,267,1619,1886
WBGene00003239,72,2962,3034
WBGene00003241,109,1284,1393
WBGene00003242,2926,26340,29266
WBGene00003243,638,3140,3778
WBGene00003245,15,440,455
WBGene00003246,237,591,828
WBGene00003247,413,5030,5443
WBGene00003248,134,612,746
WBGene00003249,298,4838,5136
WBGene00003252,18,83,101
WBGene00003253,32,1829,1861
WBGene00003254,42,522,564
WBGene00003258,657,391,1048
WBGene00003367,784,7399,8183
WBGene00003368,55,979,1034
WBGene00003369,504,51184,51688
WBGene00003370,26839,160150,186989
WBGene00003371,523,272278,272801
WBGene00003372,591,6565,7156
WBGene00003373,39,302,341
WBGene00003374,271,740,1011
WBGene00003375,694,10642,11336
WBGene00003376,38,278,316
WBGene00003377,23,450,473
WBGene00003378,456,2610,3066
WBGene00003380,56,530,586
WBGene00003384,15,298,313
WBGene00003385,161,1118,1279
WBGene00003386,84,736,820
WBGene00003387,174,112,286
WBGene00003388,20,258,278
WBGene00003389,64,2480,2544
WBGene00003390,20,1623,1643
WBGene00003391,754,4310,5064
WBGene00003392,93,1796,1889
WBGene00003393,188,3272,3460
WBGene00003394,7,93,100
WBGene00003395,3,117,120
WBGene00003396,181,820,1001
WBGene00003397,100,879,979
WBGene00003400,298,778,1076
WBGene00003401,323,2564,2887
WBGene00003402,62,280,342
WBGene00003403,31,156,187
WBGene00003404,1354,4780,6134
WBGene00003405,36,959,995
WBGene00003406,58,3071,3129
WBGene00003407,629,3360,3989
WBGene00003408,214,991,1205
WBGene00003409,37,227,264
WBGene00003410,2,40,42
WBGene00003411,70,708,778
WBGene00003412,94,736,830
WBGene00003413,567,404,971
WBGene00003414,185,139,324
WBGene00003415,214,9522,9736
WBGene00003417,67,509,576
WBGene00003418,35,547,582
WBGene00003421,56,322,378
WBGene00003422,121,1380,1501
WBGene00003423,1041,1523,2564
WBGene00003424,0,0,0
WBGene00003425,0,1,1
WBGene00003426,0,0,0
WBGene00003429,0,0,0
WBGene00003430,0,1,1
WBGene00003431,0,9,9
WBGene00003432,0,0,0
WBGene00003434,0,1,1
WBGene00003435,0,18,18
WBGene00003438,0,0,0
WBGene00003442,0,33,33
WBGene00003443,0,114,114
WBGene00003444,0,22,22
WBGene00003446,0,0,0
WBGene00003448,0,7,7
WBGene00003449,0,4,4
WBGene00003450,0,1,1
WBGene00003451,0,0,0
WBGene00003452,0,0,0
WBGene00003456,0,0,0
WBGene00003457,0,0,0
WBGene00003458,0,4,4
WBGene00003462,0,8,8
WBGene00003463,0,15,15
WBGene00003464,0,2,2
WBGene00003465,0,0,0
WBGene00003466,0,0,0
WBGene00003467,0,0,0
WBGene00003468,0,0,0
WBGene00003469,0,0,0
WBGene00003470,0,0,0
WBGene00003471,46,467,513
WBGene00003472,216,1742,1958
WBGene00003473,0,40,40
WBGene00003474,4,137,141
WBGene00003475,213,967,1180
WBGene00003476,1148,4098,5246
WBGene00003477,49,616,665
WBGene00003478,400,866,1266
WBGene00003479,205,1000,1205
WBGene00003480,22,255,277
WBGene00003482,364,3514,3878
WBGene00003485,409,4162,4571
WBGene00003495,863,92671,93534
WBGene00003497,124,2511,2635
WBGene00003499,3,124,127
WBGene00003504,9,641,650
WBGene00003507,0,200,200
WBGene00003508,83,828,911
WBGene00003509,35,575,610
WBGene00003510,183,1430,1613
WBGene00003511,57,5648,5705
WBGene00003514,37,953,990
WBGene00003515,222,13098,13320
WBGene00003516,181,2156,2337
WBGene00003517,43,612,655
WBGene00003518,27,90,117
WBGene00003519,251,4151,4402
WBGene00003520,28,98,126
WBGene00003521,0,0,0
WBGene00003522,39,650,689
WBGene00003523,54,294,348
WBGene00003524,37,186,223
WBGene00003525,36,66,102
WBGene00003526,27,146,173
WBGene00003527,34,231,265
WBGene00003528,10,176,186
WBGene00003529,17,20,37
WBGene00003530,67,559,626
WBGene00003531,18,50,68
WBGene00003532,7,37,44
WBGene00003533,10,56,66
WBGene00003534,3,61,64
WBGene00003535,0,0,0
WBGene00003536,1,2,3
WBGene00003537,2,0,2
WBGene00003538,0,0,0
WBGene00003539,0,17,17
WBGene00003540,0,6,6
WBGene00003541,9,1,10
WBGene00003542,6,58,64
WBGene00003543,10,8,18
WBGene00003544,22,101,123
WBGene00003545,14,4,18
WBGene00003546,8,105,113
WBGene00003547,8,78,86
WBGene00003548,18,42,60
WBGene00003549,62,1072,1134
WBGene00003550,397,1595,1992
WBGene00003551,14,52,66
WBGene00003552,228,451,679
WBGene00003553,116,448,564
WBGene00003554,29,62,91
WBGene00003555,235,375,610
WBGene00003558,190,505,695
WBGene00003559,1320,5708,7028
WBGene00003561,274,498,772
WBGene00003562,26,236,262
WBGene00003563,34,240,274
WBGene00003564,79,5830,5909
WBGene00003565,256,2297,2553
WBGene00003566,419,3404,3823
WBGene00003567,530,6565,7095
WBGene00003568,151,1807,1958
WBGene00003569,76,1148,1224
WBGene00003570,1,62,63
WBGene00003571,10,10,20
WBGene00003572,17,58,75
WBGene00003573,8,68,76
WBGene00003574,4,15,19
WBGene00003575,2,17,19
WBGene00003576,174,1636,1810
WBGene00003577,31,164,195
WBGene00003578,376,2518,2894
WBGene00003579,2,400,402
WBGene00003580,47,461,508
WBGene00003581,109,1384,1493
WBGene00003582,383,1199,1582
WBGene00003583,41,702,743
WBGene00003584,87,750,837
WBGene00003585,49,97,146
WBGene00003586,21,475,496
WBGene00003587,217,7158,7375
WBGene00003588,5,5258,5263
WBGene00003589,113,1373,1486
WBGene00003590,81,450,531
WBGene00003591,95,1437,1532
WBGene00003592,317,2059,2376
WBGene00003593,169,1179,1348
WBGene00003594,158,890,1048
WBGene00003595,2,10,12
WBGene00003596,475,7418,7893
WBGene00003597,493,1680,2173
WBGene00003598,89,1648,1737
WBGene00003599,252,1253,1505
WBGene00003600,1473,4241,5714
WBGene00003601,7,79,86
WBGene00003602,36,906,942
WBGene00003603,90,1069,1159
WBGene00003604,56,269,325
WBGene00003605,148,1575,1723
WBGene00003606,233,878,1111
WBGene00003607,16,77,93
WBGene00003608,1,43,44
WBGene00003609,243,1594,1837
WBGene00003610,75,317,392
WBGene00003611,114,803,917
WBGene00003612,93,250,343
WBGene00003613,21,549,570
WBGene00003614,44,438,482
WBGene00003615,6,55,61
WBGene00003616,231,777,1008
WBGene00003617,4,155,159
WBGene00003618,611,3401,4012
WBGene00003619,180,1785,1965
WBGene00003620,584,1374,1958
WBGene00003621,82,427,509
WBGene00003622,186,995,1181
WBGene00003623,58,759,817
WBGene00003624,80,735,815
WBGene00003625,168,1893,2061
WBGene00003626,257,1099,1356
WBGene00003627,664,1593,2257
WBGene00003628,224,832,1056
WBGene00003629,5,4,9
WBGene00003630,1351,3099,4450
WBGene00003632,91,1036,1127
WBGene00003633,33,570,603
WBGene00003634,91,566,657
WBGene00003635,33,668,701
WBGene00003636,520,1689,2209
WBGene00003637,239,1631,1870
WBGene00003638,120,1014,1134
WBGene00003639,221,2727,2948
WBGene00003640,197,828,1025
WBGene00003641,0,16,16
WBGene00003642,6,21,27
WBGene00003643,10,31,41
WBGene00003644,21,158,179
WBGene00003645,34,199,233
WBGene00003646,48,561,609
WBGene00003647,81,306,387
WBGene00003648,22,514,536
WBGene00003649,38,355,393
WBGene00003650,12,90,102
WBGene00003651,244,667,911
WBGene00003652,85,357,442
WBGene00003653,44,632,676
WBGene00003654,239,415,654
WBGene00003655,40,312,352
WBGene00003656,202,1381,1583
WBGene00003657,18,349,367
WBGene00003658,182,2095,2277
WBGene00003659,24,360,384
WBGene00003660,94,867,961
WBGene00003661,101,822,923
WBGene00003662,2,5,7
WBGene00003663,0,165,165
WBGene00003664,223,652,875
WBGene00003667,1,5,6
WBGene00003668,351,762,1113
WBGene00003669,18,69,87
WBGene00003670,24,187,211
WBGene00003671,1,0,1
WBGene00003672,0,2,2
WBGene00003674,47,887,934
WBGene00003675,256,732,988
WBGene00003676,234,749,983
WBGene00003677,157,721,878
WBGene00003678,381,1998,2379
WBGene00003679,0,2,2
WBGene00003680,23,169,192
WBGene00003681,197,1535,1732
WBGene00003682,16,12,28
WBGene00003683,11,58,69
WBGene00003684,28,216,244
WBGene00003685,94,688,782
WBGene00003686,0,96,96
WBGene00003687,273,5575,5848
WBGene00003688,79,455,534
WBGene00003689,7,42,49
WBGene00003690,175,1555,1730
WBGene00003691,437,1843,2280
WBGene00003692,34,195,229
WBGene00003693,7,123,130
WBGene00003694,161,512,673
WBGene00003695,624,3558,4182
WBGene00003696,2,5,7
WBGene00003697,59,341,400
WBGene00003698,1,21,22
WBGene00003699,13,136,149
WBGene00003700,2,35,37
WBGene00003701,3,2,5
WBGene00003702,23,527,550
WBGene00003703,61,438,499
WBGene00003704,286,1390,1676
WBGene00003705,25,78,103
WBGene00003706,16,160,176
WBGene00003707,53,454,507
WBGene00003708,0,0,0
WBGene00003709,52,114,166
WBGene00003710,72,379,451
WBGene00003711,11,17,28
WBGene00003712,50,280,330
WBGene00003713,10,108,118
WBGene00003714,25,49,74
WBGene00003715,206,258,464
WBGene00003716,8,75,83
WBGene00003717,8,80,88
WBGene00003718,30,110,140
WBGene00003719,21,278,299
WBGene00003720,17,109,126
WBGene00003721,20,268,288
WBGene00003722,52,408,460
WBGene00003723,5,443,448
WBGene00003724,16,421,437
WBGene00003725,70,391,461
WBGene00003726,77,988,1065
WBGene00003727,264,415,679
WBGene00003728,501,2058,2559
WBGene00003729,28,169,197
WBGene00003730,8,78,86
WBGene00003731,42,148,190
WBGene00003732,51,390,441
WBGene00003733,62,366,428
WBGene00003734,0,1,1
WBGene00003735,208,416,624
WBGene00003736,34,169,203
WBGene00003738,65,1070,1135
WBGene00003739,96,1194,1290
WBGene00003740,9,497,506
WBGene00003741,3,3606,3609
WBGene00003742,0,89,89
WBGene00003743,153,598,751
WBGene00003744,161,3945,4106
WBGene00003745,120,2449,2569
WBGene00003746,23,2407,2430
WBGene00003747,37,1325,1362
WBGene00003748,219,5557,5776
WBGene00003749,269,5791,6060
WBGene00003750,200,2023,2223
WBGene00003751,28,4083,4111
WBGene00003752,36,2945,2981
WBGene00003753,864,4906,5770
WBGene00003754,81,1778,1859
WBGene00003755,100,4873,4973
WBGene00003756,720,23110,23830
WBGene00003757,44,1157,1201
WBGene00003758,177,2537,2714
WBGene00003759,813,5093,5906
WBGene00003760,11,8,19
WBGene00003761,0,89,89
WBGene00003762,614,6376,6990
WBGene00003763,36,173,209
WBGene00003764,77,1242,1319
WBGene00003765,234,2807,3041
WBGene00003766,32,510,542
WBGene00003767,276,5804,6080
WBGene00003768,58,1074,1132
WBGene00003769,226,3879,4105
WBGene00003770,9,37,46
WBGene00003771,2444,14267,16711
WBGene00003772,123,504,627
WBGene00003773,109,821,930
WBGene00003774,14,59,73
WBGene00003775,69,136,205
WBGene00003776,554,6212,6766
WBGene00003777,221,5986,6207
WBGene00003778,27,41,68
WBGene00003779,12,306,318
WBGene00003783,6,93,99
WBGene00003784,0,20,20
WBGene00003785,93,1580,1673
WBGene00003786,159,1345,1504
WBGene00003787,71,1236,1307
WBGene00003788,258,1943,2201
WBGene00003789,164,2146,2310
WBGene00003790,63,1112,1175
WBGene00003791,13,1285,1298
WBGene00003792,131,2004,2135
WBGene00003793,54,2200,2254
WBGene00003794,456,1756,2212
WBGene00003795,39,3268,3307
WBGene00003796,86,2927,3013
WBGene00003797,113,1655,1768
WBGene00003798,74,2703,2777
WBGene00003799,551,2317,2868
WBGene00003800,32,2145,2177
WBGene00003801,32,1276,1308
WBGene00003802,25,3222,3247
WBGene00003803,77,2000,2077
WBGene00003804,64,1613,1677
WBGene00003805,55,1235,1290
WBGene00003806,290,2897,3187
WBGene00003807,47,282,329
WBGene00003808,183,993,1176
WBGene00003812,59,2125,2184
WBGene00003813,35,212,247
WBGene00003815,316,5200,5516
WBGene00003816,8,210,218
WBGene00003818,209,2957,3166
WBGene00003821,446,7001,7447
WBGene00003822,89,1770,1859
WBGene00003825,249,6665,6914
WBGene00003826,644,2047,2691
WBGene00003827,292,2471,2763
WBGene00003828,27,221,248
WBGene00003829,16,2556,2572
WBGene00003830,156,1235,1391
WBGene00003831,1901,15836,17737
WBGene00003834,157,1197,1354
WBGene00003835,4,281,285
WBGene00003836,542,4032,4574
WBGene00003837,445,1880,2325
WBGene00003838,17,94,111
WBGene00003839,32,122,154
WBGene00003840,28,67,95
WBGene00003841,3,21,24
WBGene00003842,42,218,260
WBGene00003843,44,650,694
WBGene00003844,3,924,927
WBGene00003845,1,7,8
WBGene00003846,0,106,106
WBGene00003847,154,1311,1465
WBGene00003848,22,55,77
WBGene00003849,281,907,1188
WBGene00003850,30,445,475
WBGene00003851,139,1817,1956
WBGene00003854,7,36,43
WBGene00003856,49,267,316
WBGene00003858,722,4757,5479
WBGene00003859,83,856,939
WBGene00003860,365,3731,4096
WBGene00003861,24,447,471
WBGene00003862,24,211,235
WBGene00003863,2,2,4
WBGene00003864,1,44,45
WBGene00003865,0,78,78
WBGene00003868,119,1193,1312
WBGene00003870,21,1005,1026
WBGene00003876,28,279,307
WBGene00003877,30,223,253
WBGene00003878,35,417,452
WBGene00003879,8,147,155
WBGene00003882,40,559,599
WBGene00003883,82,386,468
WBGene00003884,51,222,273
WBGene00003885,160,610,770
WBGene00003886,80,376,456
WBGene00003887,78,570,648
WBGene00003888,1,30,31
WBGene00003889,18,53,71
WBGene00003890,20,148,168
WBGene00003891,16,3066,3082
WBGene00003892,111,223,334
WBGene00003893,17349,175322,192671
WBGene00003898,114,719,833
WBGene00003901,161,7442,7603
WBGene00003902,1306,101384,102690
WBGene00003903,152,10679,10831
WBGene00003904,51,5323,5374
WBGene00003905,552,1609,2161
WBGene00003906,5,8,13
WBGene00003907,251,1184,1435
WBGene00003909,35,724,759
WBGene00003911,112,1530,1642
WBGene00003912,7,142,149
WBGene00003914,331,3136,3467
WBGene00003915,704,7786,8490
WBGene00003916,1685,4230,5915
WBGene00003917,118,648,766
WBGene00003918,152,1235,1387
WBGene00003919,115,378,493
WBGene00003920,411,45826,46237
WBGene00003921,81,688,769
WBGene00003922,29,3538,3567
WBGene00003923,33,8267,8300
WBGene00003924,17,9733,9750
WBGene00003925,382,6966,7348
WBGene00003926,330,10623,10953
WBGene00003927,66,7622,7688
WBGene00003928,58,5129,5187
WBGene00003929,355,7162,7517
WBGene00003930,182,6057,6239
WBGene00003931,201,4800,5001
WBGene00003932,448,5752,6200
WBGene00003933,163,1789,1952
WBGene00003934,26040,418325,444365
WBGene00003936,459,3570,4029
WBGene00003937,3,8,11
WBGene00003938,22,37,59
WBGene00003939,47,345,392
WBGene00003941,107,555,662
WBGene00003943,7,51,58
WBGene00003947,66,6471,6537
WBGene00003948,8,6865,6873
WBGene00003949,62,6319,6381
WBGene00003950,335,8546,8881
WBGene00003951,184,4605,4789
WBGene00003952,503,5401,5904
WBGene00003953,71,9151,9222
WBGene00003954,335,2058,2393
WBGene00003955,14,5883,5897
WBGene00003956,7,247,254
WBGene00003957,1,60,61
WBGene00003958,10,189,199
WBGene00003959,14,95,109
WBGene00003960,113,1188,1301
WBGene00003961,516,3851,4367
WBGene00003962,415,11673,12088
WBGene00003963,210,39070,39280
WBGene00003964,2963,30437,33400
WBGene00003965,75,534,609
WBGene00003966,956,3814,4770
WBGene00003967,252,1446,1698
WBGene00003968,29,566,595
WBGene00003969,350,871,1221
WBGene00003970,91,937,1028
WBGene00003975,155,1105,1260
WBGene00003976,7,142,149
WBGene00003977,0,0,0
WBGene00003978,220,1028,1248
WBGene00003979,4,332,336
WBGene00003980,78,592,670
WBGene00003981,19,4,23
WBGene00003982,14,1927,1941
WBGene00003983,0,0,0
WBGene00003986,75,800,875
WBGene00003987,4,8,12
WBGene00003989,33,9157,9190
WBGene00003990,70,3517,3587
WBGene00003991,564,6926,7490
WBGene00003992,11,1562,1573
WBGene00003993,47,329,376
WBGene00003994,8,306,314
WBGene00003995,26,173,199
WBGene00003996,151,480,631
WBGene00003997,22,259,281
WBGene00003998,75,231,306
WBGene00003999,6,23,29
WBGene00004000,22,81,103
WBGene00004001,1,4,5
WBGene00004002,6,25,31
WBGene00004003,57,158,215
WBGene00004004,136,1022,1158
WBGene00004005,24,66,90
WBGene00004006,16,85,101
WBGene00004007,5,6,11
WBGene00004008,0,122,122
WBGene00004010,86,648,734
WBGene00004011,8,67,75
WBGene00004013,419,745,1164
WBGene00004014,67,24300,24367
WBGene00004015,82,21598,21680
WBGene00004016,174,625,799
WBGene00004017,3,133,136
WBGene00004020,28,208,236
WBGene00004023,109,705,814
WBGene00004024,16,213,229
WBGene00004025,184,2106,2290
WBGene00004026,23,19,42
WBGene00004027,9,115,124
WBGene00004028,162,284,446
WBGene00004029,202,382,584
WBGene00004030,49,205,254
WBGene00004031,50,879,929
WBGene00004032,743,4363,5106
WBGene00004033,462,1369,1831
WBGene00004034,217,889,1106
WBGene00004035,166,1533,1699
WBGene00004036,193,919,1112
WBGene00004037,37,229,266
WBGene00004038,40,427,467
WBGene00004039,178,3190,3368
WBGene00004040,213,2530,2743
WBGene00004042,11,1710,1721
WBGene00004043,6,224,230
WBGene00004044,8,209,217
WBGene00004045,323,782,1105
WBGene00004046,231,15241,15472
WBGene00004047,545,1020,1565
WBGene00004048,45,566,611
WBGene00004049,286,726,1012
WBGene00004050,8,793,801
WBGene00004051,133,1269,1402
WBGene00004052,3,15,18
WBGene00004053,128,2469,2597
WBGene00004055,116,1014,1130
WBGene00004056,127,857,984
WBGene00004057,97,879,976
WBGene00004058,15,108,123
WBGene00004059,87,419,506
WBGene00004060,348,1478,1826
WBGene00004061,5,62,67
WBGene00004062,20,249,269
WBGene00004063,109,1170,1279
WBGene00004064,1070,992,2062
WBGene00004068,57,791,848
WBGene00004075,62,1276,1338
WBGene00004076,429,3147,3576
WBGene00004077,554,2384,2938
WBGene00004078,0,36,36
WBGene00004083,52,1255,1307
WBGene00004084,3,3,6
WBGene00004085,141,2294,2435
WBGene00004086,80,315,395
WBGene00004087,340,2241,2581
WBGene00004088,307,2584,2891
WBGene00004089,35,505,540
WBGene00004090,194,1095,1289
WBGene00004091,151,2372,2523
WBGene00004092,37,743,780
WBGene00004093,7,566,573
WBGene00004094,30,1248,1278
WBGene00004095,286,4221,4507
WBGene00004096,14,300,314
WBGene00004097,3,0,3
WBGene00004098,1,5,6
WBGene00004099,0,110,110
WBGene00004100,106,713,819
WBGene00004101,226,1777,2003
WBGene00004102,59,16,75
WBGene00004103,9,1,10
WBGene00004104,13,83,96
WBGene00004105,114,1345,1459
WBGene00004106,280,310,590
WBGene00004107,1,7,8
WBGene00004108,377,1369,1746
WBGene00004109,316,1703,2019
WBGene00004110,242,1144,1386
WBGene00004111,157,1460,1617
WBGene00004112,463,8662,9125
WBGene00004113,450,10553,11003
WBGene00004114,9,488,497
WBGene00004115,21,58,79
WBGene00004116,295,1663,1958
WBGene00004117,0,1326,1326
WBGene00004118,44,404,448
WBGene00004119,35,209,244
WBGene00004120,4,317,321
WBGene00004121,247,1470,1717
WBGene00004122,224,1874,2098
WBGene00004123,26,109,135
WBGene00004124,58,562,620
WBGene00004125,106,795,901
WBGene00004126,219,1499,1718
WBGene00004127,24,138,162
WBGene00004128,1798,6162,7960
WBGene00004129,30,769,799
WBGene00004130,612,15425,16037
WBGene00004131,3747,15361,19108
WBGene00004132,328,3247,3575
WBGene00004133,46,553,599
WBGene00004134,1189,6837,8026
WBGene00004135,1259,12347,13606
WBGene00004136,251,5103,5354
WBGene00004138,377,3948,4325
WBGene00004139,4,43,47
WBGene00004140,83,2076,2159
WBGene00004141,3,0,3
WBGene00004143,370,14652,15022
WBGene00004144,37,1968,2005
WBGene00004145,260,2579,2839
WBGene00004146,1,103,104
WBGene00004147,487,2362,2849
WBGene00004148,318,2090,2408
WBGene00004149,15,1,16
WBGene00004150,4,10,14
WBGene00004151,306,1454,1760
WBGene00004152,307,5789,6096
WBGene00004153,0,48,48
WBGene00004154,51,45,96
WBGene00004155,7,32,39
WBGene00004156,11,137,148
WBGene00004157,54,2531,2585
WBGene00004158,0,0,0
WBGene00004159,0,0,0
WBGene00004160,0,0,0
WBGene00004161,639,2026,2665
WBGene00004163,19,51,70
WBGene00004164,313,2497,2810
WBGene00004165,19,10,29
WBGene00004166,317,2549,2866
WBGene00004167,1269,7504,8773
WBGene00004168,27,1235,1262
WBGene00004169,83,347,430
WBGene00004170,0,0,0
WBGene00004171,1,0,1
WBGene00004172,60,644,704
WBGene00004173,55,792,847
WBGene00004174,4,658,662
WBGene00004175,8,524,532
WBGene00004176,0,26,26
WBGene00004177,0,29,29
WBGene00004178,48,1890,1938
WBGene00004179,20,1111,1131
WBGene00004180,74,857,931
WBGene00004181,126,856,982
WBGene00004182,450,1826,2276
WBGene00004183,45,86,131
WBGene00004184,82,3072,3154
WBGene00004185,79,4621,4700
WBGene00004186,221,2657,2878
WBGene00004187,322,9505,9827
WBGene00004188,135,1929,2064
WBGene00004189,1170,7677,8847
WBGene00004190,57,977,1034
WBGene00004191,72,94,166
WBGene00004192,699,1023,1722
WBGene00004193,28,137,165
WBGene00004194,36,259,295
WBGene00004195,27,79,106
WBGene00004196,0,286,286
WBGene00004197,22,186,208
WBGene00004198,20,269,289
WBGene00004199,9,347,356
WBGene00004201,43,4667,4710
WBGene00004202,234,1507,1741
WBGene00004203,300,2713,3013
WBGene00004204,642,10620,11262
WBGene00004205,17,571,588
WBGene00004206,151,769,920
WBGene00004207,369,1816,2185
WBGene00004208,426,6463,6889
WBGene00004209,1,4,5
WBGene00004210,145,1172,1317
WBGene00004211,10,28,38
WBGene00004212,384,2249,2633
WBGene00004213,536,1547,2083
WBGene00004214,66,1516,1582
WBGene00004215,1268,2522,3790
WBGene00004216,66,347,413
WBGene00004217,37,188,225
WBGene00004218,28,88,116
WBGene00004219,105,1120,1225
WBGene00004220,95,776,871
WBGene00004221,16,269,285
WBGene00004222,42,896,938
WBGene00004223,14,92,106
WBGene00004224,94,445,539
WBGene00004225,68,226,294
WBGene00004226,117,1365,1482
WBGene00004227,43,238,281
WBGene00004228,88,706,794
WBGene00004229,20,175,195
WBGene00004230,67,98,165
WBGene00004231,63,130,193
WBGene00004232,63,294,357
WBGene00004233,18,17,35
WBGene00004234,6,63,69
WBGene00004235,47,424,471
WBGene00004236,82,8,90
WBGene00004237,39,646,685
WBGene00004238,294,1189,1483
WBGene00004239,0,68,68
WBGene00004241,1,29,30
WBGene00004242,10,49,59
WBGene00004243,8,72,80
WBGene00004244,32,421,453
WBGene00004245,263,3330,3593
WBGene00004248,25,1807,1832
WBGene00004249,407,3489,3896
WBGene00004254,353,1470,1823
WBGene00004255,33,123,156
WBGene00004256,310,933,1243
WBGene00004257,76,459,535
WBGene00004258,446,11810,12256
WBGene00004259,30,1371,1401
WBGene00004264,22,994,1016
WBGene00004265,271,558,829
WBGene00004266,120,12505,12625
WBGene00004267,167,3930,4097
WBGene00004268,197,6095,6292
WBGene00004269,81,1502,1583
WBGene00004270,68,3564,3632
WBGene00004271,194,2442,2636
WBGene00004272,40,3520,3560
WBGene00004273,69,5321,5390
WBGene00004274,110,15047,15157
WBGene00004275,72,68,140
WBGene00004276,123,2481,2604
WBGene00004277,174,1813,1987
WBGene00004278,331,4130,4461
WBGene00004279,20,357,377
WBGene00004281,64,489,553
WBGene00004282,79,850,929
WBGene00004283,57,335,392
WBGene00004284,69,1095,1164
WBGene00004285,109,432,541
WBGene00004286,33,1566,1599
WBGene00004287,2,7,9
WBGene00004296,185,2495,2680
WBGene00004297,62,622,684
WBGene00004298,67,133,200
WBGene00004300,2,9092,9094
WBGene00004301,22,67,89
WBGene00004302,984,33348,34332
WBGene00004303,63,1677,1740
WBGene00004304,252,3070,3322
WBGene00004305,98,6832,6930
WBGene00004306,182,1948,2130
WBGene00004307,138,3250,3388
WBGene00004308,67,1686,1753
WBGene00004309,18,29,47
WBGene00004310,405,3382,3787
WBGene00004311,385,2057,2442
WBGene00004312,237,1315,1552
WBGene00004313,171,2318,2489
WBGene00004314,709,1038,1747
WBGene00004315,106,4616,4722
WBGene00004316,1044,1395,2439
WBGene00004317,104,994,1098
WBGene00004318,270,1646,1916
WBGene00004319,138,3295,3433
WBGene00004320,285,4938,5223
WBGene00004321,32,2848,2880
WBGene00004322,164,1335,1499
WBGene00004323,225,1820,2045
WBGene00004324,86,537,623
WBGene00004326,46,3095,3141
WBGene00004328,8,149,157
WBGene00004332,20,228,248
WBGene00004333,56,352,408
WBGene00004334,2,86,88
WBGene00004335,107,869,976
WBGene00004336,1117,14844,15961
WBGene00004337,279,2713,2992
WBGene00004338,138,804,942
WBGene00004339,91,687,778
WBGene00004340,200,1746,1946
WBGene00004341,92,832,924
WBGene00004342,6,52,58
WBGene00004343,183,1586,1769
WBGene00004344,83,1058,1141
WBGene00004345,565,966,1531
WBGene00004346,62,428,490
WBGene00004347,768,212,980
WBGene00004348,45,830,875
WBGene00004349,284,1128,1412
WBGene00004350,170,1037,1207
WBGene00004351,0,0,0
WBGene00004352,4,6,10
WBGene00004353,3,15,18
WBGene00004354,5,30,35
WBGene00004355,68,1699,1767
WBGene00004356,21,1461,1482
WBGene00004357,1366,11095,12461
WBGene00004358,285,2623,2908
WBGene00004359,43,207,250
WBGene00004360,93,551,644
WBGene00004361,32,309,341
WBGene00004363,99,3752,3851
WBGene00004364,429,8232,8661
WBGene00004367,245,1259,1504
WBGene00004368,165,956,1121
WBGene00004369,164,943,1107
WBGene00004370,43,691,734
WBGene00004371,154,1718,1872
WBGene00004372,37,112,149
WBGene00004373,367,3969,4336
WBGene00004374,17,101,118
WBGene00004375,109,770,879
WBGene00004377,79,558,637
WBGene00004378,209,2191,2400
WBGene00004380,29,311,340
WBGene00004381,87,1106,1193
WBGene00004382,483,3325,3808
WBGene00004383,39,889,928
WBGene00004384,580,1244,1824
WBGene00004385,173,2623,2796
WBGene00004386,135,2078,2213
WBGene00004387,178,9811,9989
WBGene00004388,204,3343,3547
WBGene00004389,317,3035,3352
WBGene00004390,761,5155,5916
WBGene00004391,71,4022,4093
WBGene00004392,74,4423,4497
WBGene00004393,388,690,1078
WBGene00004394,1,1,2
WBGene00004395,51,648,699
WBGene00004397,76,867,943
WBGene00004398,243,3935,4178
WBGene00004400,3,251,254
WBGene00004401,183,391,574
WBGene00004402,6,3,9
WBGene00004403,355,803,1158
WBGene00004404,99,501,600
WBGene00004405,15,1759,1774
WBGene00004408,231,337286,337517
WBGene00004409,11453,153623,165076
WBGene00004410,33038,170718,203756
WBGene00004411,129,2098,2227
WBGene00004412,33814,275269,309083
WBGene00004413,750,276280,277030
WBGene00004414,10445,299451,309896
WBGene00004415,328,139822,140150
WBGene00004416,17416,302792,320208
WBGene00004417,17076,261351,278427
WBGene00004418,28487,315824,344311
WBGene00004419,35888,362556,398444
WBGene00004420,26459,258661,285120
WBGene00004421,11714,345105,356819
WBGene00004422,718,19111,19829
WBGene00004423,29162,308890,338052
WBGene00004424,34715,455617,490332
WBGene00004425,16635,311231,327866
WBGene00004426,21320,256773,278093
WBGene00004427,2201,286650,288851
WBGene00004428,20313,296044,316357
WBGene00004429,50152,258263,308415
WBGene00004430,30876,286351,317227
WBGene00004431,19070,324909,343979
WBGene00004432,1261,252944,254205
WBGene00004433,12844,298656,311500
WBGene00004434,16342,238190,254532
WBGene00004435,15780,268092,283872
WBGene00004436,31324,326042,357366
WBGene00004437,949,16038,16987
WBGene00004438,5228,45996,51224
WBGene00004439,11905,98864,110769
WBGene00004440,16295,229970,246265
WBGene00004441,32816,137484,170300
WBGene00004442,16765,180023,196788
WBGene00004443,84088,54356,138444
WBGene00004444,15823,156857,172680
WBGene00004445,3999,221300,225299
WBGene00004446,44890,357291,402181
WBGene00004447,33527,248710,282237
WBGene00004448,10249,203124,213373
WBGene00004449,24152,280230,304382
WBGene00004450,10506,263212,273718
WBGene00004451,44196,2207,46403
WBGene00004452,10413,231508,241921
WBGene00004453,4353,159195,163548
WBGene00004454,20240,216953,237193
WBGene00004455,4,7,11
WBGene00004456,0,229697,229697
WBGene00004457,25,824,849
WBGene00004458,137,4252,4389
WBGene00004459,39,3590,3629
WBGene00004460,54,6928,6982
WBGene00004461,65,4491,4556
WBGene00004462,142,3799,3941
WBGene00004463,148,5863,6011
WBGene00004464,466,6146,6612
WBGene00004465,225,4060,4285
WBGene00004466,57,3419,3476
WBGene00004467,30,5307,5337
WBGene00004468,307,3702,4009
WBGene00004469,2390,243143,245533
WBGene00004470,10613,312573,323186
WBGene00004471,118,216674,216792
WBGene00004472,22405,293098,315503
WBGene00004473,19907,268221,288128
WBGene00004474,31225,330475,361700
WBGene00004475,6914,151165,158079
WBGene00004476,34414,279691,314105
WBGene00004477,29295,344641,373936
WBGene00004478,25167,383874,409041
WBGene00004479,20199,282019,302218
WBGene00004480,43711,318874,362585
WBGene00004481,5133,267267,272400
WBGene00004482,20258,244371,264629
WBGene00004483,33605,375041,408646
WBGene00004484,23891,281781,305672
WBGene00004485,3454,111591,115045
WBGene00004486,13439,197490,210929
WBGene00004487,33514,303118,336632
WBGene00004488,26237,282611,308848
WBGene00004489,23143,267111,290254
WBGene00004490,48623,121120,169743
WBGene00004491,1506,189236,190742
WBGene00004492,29314,361515,390829
WBGene00004493,16154,267859,284013
WBGene00004494,44410,430326,474736
WBGene00004495,12523,292711,305234
WBGene00004496,21493,202378,223871
WBGene00004497,5736,148072,153808
WBGene00004498,91216,103111,194327
WBGene00004499,27528,248335,275863
WBGene00004501,58,2858,2916
WBGene00004502,81,5536,5617
WBGene00004503,6,3510,3516
WBGene00004504,712,6052,6764
WBGene00004505,31,3516,3547
WBGene00004506,40,6025,6065
WBGene00004507,61,1404,1465
WBGene00004508,92,1284,1376
WBGene00004509,40,218,258
WBGene00004510,32,705,737
WBGene00004679,375,3888,4263
WBGene00004680,95,525,620
WBGene00004681,541,1498,2039
WBGene00004682,91,1316,1407
WBGene00004684,76,1368,1444
WBGene00004698,13,9429,9442
WBGene00004699,133,5466,5599
WBGene00004700,25,15390,15415
WBGene00004701,34,4904,4938
WBGene00004702,341,5055,5396
WBGene00004703,341,14972,15313
WBGene00004704,135,5737,5872
WBGene00004705,297,5369,5666
WBGene00004706,205,2320,2525
WBGene00004719,310,1128,1438
WBGene00004721,58,602,660
WBGene00004723,87,1910,1997
WBGene00004726,0,37,37
WBGene00004727,124,1039,1163
WBGene00004728,353,2266,2619
WBGene00004729,264,1982,2246
WBGene00004732,805,4880,5685
WBGene00004735,125,378,503
WBGene00004736,1674,52956,54630
WBGene00004737,3,851,854
WBGene00004738,42,2700,2742
WBGene00004739,746,6425,7171
WBGene00004740,209,1121,1330
WBGene00004742,11,37,48
WBGene00004743,503,2097,2600
WBGene00004744,66,910,976
WBGene00004745,58,538,596
WBGene00004746,33,1670,1703
WBGene00004747,61,1189,1250
WBGene00004748,89,883,972
WBGene00004749,147,4328,4475
WBGene00004750,0,1,1
WBGene00004751,1076,3195,4271
WBGene00004752,96,1078,1174
WBGene00004753,137,771,908
WBGene00004754,735,3166,3901
WBGene00004755,70,3664,3734
WBGene00004756,45,1328,1373
WBGene00004758,151,1606,1757
WBGene00004759,94,2125,2219
WBGene00004760,499,3017,3516
WBGene00004762,200,1295,1495
WBGene00004764,54,430,484
WBGene00004765,381,548,929
WBGene00004766,256,7765,8021
WBGene00004767,74,1334,1408
WBGene00004768,17,1332,1349
WBGene00004769,24,573,597
WBGene00004771,85,798,883
WBGene00004773,700,3598,4298
WBGene00004774,50,1727,1777
WBGene00004775,49,350,399
WBGene00004776,92,118,210
WBGene00004777,303,678,981
WBGene00004778,67,842,909
WBGene00004779,299,1245,1544
WBGene00004780,64,199,263
WBGene00004781,28,1768,1796
WBGene00004782,122,1534,1656
WBGene00004783,815,3860,4675
WBGene00004786,38,277,315
WBGene00004787,130,565,695
WBGene00004788,81,5333,5414
WBGene00004789,29,143,172
WBGene00004790,547,3571,4118
WBGene00004793,62,264,326
WBGene00004795,28,346,374
WBGene00004796,12,84,96
WBGene00004798,228,3634,3862
WBGene00004800,119,2055,2174
WBGene00004801,175,1927,2102
WBGene00004802,13,59,72
WBGene00004803,74,256,330
WBGene00004804,508,3059,3567
WBGene00004806,305,2016,2321
WBGene00004807,78,16963,17041
WBGene00004808,25,1603,1628
WBGene00004809,91,2285,2376
WBGene00004810,1,39,40
WBGene00004811,0,7,7
WBGene00004812,0,0,0
WBGene00004813,0,3,3
WBGene00004814,0,0,0
WBGene00004815,0,0,0
WBGene00004816,0,350,350
WBGene00004818,0,9,9
WBGene00004819,0,2,2
WBGene00004820,0,1,1
WBGene00004821,0,3,3
WBGene00004822,0,1045,1045
WBGene00004823,2,328,330
WBGene00004824,139,799,938
WBGene00004825,0,1097,1097
WBGene00004826,0,1002,1002
WBGene00004827,0,383,383
WBGene00004829,278,1790,2068
WBGene00004830,255,2188,2443
WBGene00004831,331,1103,1434
WBGene00004854,198,1772,1970
WBGene00004855,393,6182,6575
WBGene00004856,249,614,863
WBGene00004857,99,557,656
WBGene00004858,99,431,530
WBGene00004859,75,373,448
WBGene00004860,71,738,809
WBGene00004862,695,3846,4541
WBGene00004873,636,3934,4570
WBGene00004874,141,3507,3648
WBGene00004875,19,96,115
WBGene00004876,9,123,132
WBGene00004877,0,3,3
WBGene00004878,10,10,20
WBGene00004879,288,2061,2349
WBGene00004880,133,2315,2448
WBGene00004881,333,1315,1648
WBGene00004882,60,1440,1500
WBGene00004883,2,419,421
WBGene00004884,320,2404,2724
WBGene00004885,17,475,492
WBGene00004886,65,455,520
WBGene00004887,130,2788,2918
WBGene00004888,1298,23961,25259
WBGene00004889,192,1726,1918
WBGene00004890,72,300,372
WBGene00004891,116,3197,3313
WBGene00004892,595,2780,3375
WBGene00004893,72,1001,1073
WBGene00004894,636,821,1457
WBGene00004895,3128,1678,4806
WBGene00004896,735,3219,3954
WBGene00004897,20,12929,12949
WBGene00004898,12,300,312
WBGene00004899,14,0,14
WBGene00004900,65,1573,1638
WBGene00004901,2,3,5
WBGene00004902,115,2652,2767
WBGene00004904,11,4,15
WBGene00004905,169,334,503
WBGene00004906,3,4,7
WBGene00004908,7,1,8
WBGene00004909,0,2,2
WBGene00004910,81,2541,2622
WBGene00004911,13,158,171
WBGene00004912,46,1126,1172
WBGene00004913,155,950,1105
WBGene00004914,190,12470,12660
WBGene00004915,13,12891,12904
WBGene00004916,290,11678,11968
WBGene00004917,169,10773,10942
WBGene00004918,1166,9814,10980
WBGene00004919,268,9260,9528
WBGene00004920,1011,12474,13485
WBGene00004921,399,4026,4425
WBGene00004922,279,669,948
WBGene00004923,462,1973,2435
WBGene00004924,316,5860,6176
WBGene00004925,262,532,794
WBGene00004926,30,760,790
WBGene00004927,246,1803,2049
WBGene00004928,80,459,539
WBGene00004929,824,2708,3532
WBGene00004930,518,11506,12024
WBGene00004931,735,5383,6118
WBGene00004932,8,4,12
WBGene00004933,106,508,614
WBGene00004944,195,698,893
WBGene00004945,68,1394,1462
WBGene00004946,326,1881,2207
WBGene00004947,1593,2330,3923
WBGene00004949,216,1016,1232
WBGene00004950,84,269,353
WBGene00004951,257,12151,12408
WBGene00004952,7,948,955
WBGene00004953,65,1178,1243
WBGene00004954,34,223,257
WBGene00004955,385,3178,3563
WBGene00004958,21,70,91
WBGene00004959,7,135,142
WBGene00004960,19,68,87
WBGene00004962,8,2,10
WBGene00004963,33,11,44
WBGene00004964,0,5,5
WBGene00004965,2,2,4
WBGene00004966,3,4,7
WBGene00004969,128,361,489
WBGene00004971,5,10,15
WBGene00004972,7,56,63
WBGene00004973,0,0,0
WBGene00004974,20,36,56
WBGene00004975,13,466,479
WBGene00004976,5,11,16
WBGene00004978,592,4938,5530
WBGene00004979,112,764,876
WBGene00004980,464,9686,10150
WBGene00004981,52,951,1003
WBGene00004984,5,247,252
WBGene00004985,19,294,313
WBGene00004986,30,390,420
WBGene00004987,40,448,488
WBGene00004988,69,793,862
WBGene00004989,10,80,90
WBGene00004990,188,2355,2543
WBGene00004991,0,0,0
WBGene00004992,5,13,18
WBGene00004993,32,277,309
WBGene00004994,1,8,9
WBGene00004995,2292,13028,15320
WBGene00004996,2,1,3
WBGene00004997,2,24,26
WBGene00004998,36,223,259
WBGene00004999,163,2980,3143
WBGene00005000,947,13362,14309
WBGene00005001,21,173,194
WBGene00005002,135,2612,2747
WBGene00005003,38,435,473
WBGene00005004,79,893,972
WBGene00005005,0,0,0
WBGene00005006,70,732,802
WBGene00005007,58,2753,2811
WBGene00005008,5,249,254
WBGene00005009,36,2072,2108
WBGene00005010,311,1274,1585
WBGene00005011,52,526,578
WBGene00005012,3,6,9
WBGene00005013,2,20,22
WBGene00005014,21,1081,1102
WBGene00005015,117,2941,3058
WBGene00005016,4,4596,4600
WBGene00005017,175,1950,2125
WBGene00005018,95,4011,4106
WBGene00005019,36,1068,1104
WBGene00005020,181,293,474
WBGene00005021,19,366,385
WBGene00005022,38,2131,2169
WBGene00005023,113,1308,1421
WBGene00005024,246,378,624
WBGene00005025,49,596,645
WBGene00005026,13,991,1004
WBGene00005027,0,2,2
WBGene00005028,0,1,1
WBGene00005029,1,9,10
WBGene00005030,2,16,18
WBGene00005032,0,7,7
WBGene00005033,3,17,20
WBGene00005034,2,2,4
WBGene00005035,2,3,5
WBGene00005036,8,57,65
WBGene00005037,1,20,21
WBGene00005038,5,16,21
WBGene00005039,3,9,12
WBGene00005040,6,26,32
WBGene00005043,1,5,6
WBGene00005044,1,1,2
WBGene00005046,1,3,4
WBGene00005047,1,27,28
WBGene00005048,0,0,0
WBGene00005049,0,2,2
WBGene00005050,0,2,2
WBGene00005051,6,11,17
WBGene00005052,1,6,7
WBGene00005053,3,5,8
WBGene00005054,6,4,10
WBGene00005055,2,2,4
WBGene00005056,50,4,54
WBGene00005057,2,5,7
WBGene00005058,4,5,9
WBGene00005059,4,19,23
WBGene00005060,2,7,9
WBGene00005061,11,2,13
WBGene00005062,0,13,13
WBGene00005063,8,84,92
WBGene00005064,3,5,8
WBGene00005065,2,7,9
WBGene00005066,0,0,0
WBGene00005067,3,14,17
WBGene00005068,3,7,10
WBGene00005070,0,7,7
WBGene00005071,8,9,17
WBGene00005072,2,80,82
WBGene00005073,11,8,19
WBGene00005076,4,0,4
WBGene00005077,225,1125,1350
WBGene00005078,150,444,594
WBGene00005079,4,40,44
WBGene00005080,1,2,3
WBGene00005081,13,14,27
WBGene00005082,0,1,1
WBGene00005083,2,4,6
WBGene00005085,1,5,6
WBGene00005086,6,5,11
WBGene00005087,0,6,6
WBGene00005088,4,5,9
WBGene00005089,8,11,19
WBGene00005090,2,2,4
WBGene00005091,2,32,34
WBGene00005093,1,16,17
WBGene00005094,3,2,5
WBGene00005095,1,10,11
WBGene00005096,1,18,19
WBGene00005097,0,7,7
WBGene00005098,1,9,10
WBGene00005099,0,0,0
WBGene00005101,20,157,177
WBGene00005103,1,5,6
WBGene00005104,0,0,0
WBGene00005105,0,13,13
WBGene00005106,0,1,1
WBGene00005107,4,71,75
WBGene00005108,3,35,38
WBGene00005109,1,5,6
WBGene00005110,131,207,338
WBGene00005111,15,176,191
WBGene00005112,0,5,5
WBGene00005113,24,103,127
WBGene00005114,2,3,5
WBGene00005116,16,4,20
WBGene00005117,2,1,3
WBGene00005118,1,8,9
WBGene00005119,2,7,9
WBGene00005120,4,7,11
WBGene00005121,4,4,8
WBGene00005122,6,4,10
WBGene00005123,1,8,9
WBGene00005124,3,18,21
WBGene00005125,2,3,5
WBGene00005126,2,21,23
WBGene00005127,29,133,162
WBGene00005128,45,14,59
WBGene00005129,64,119,183
WBGene00005131,23,57,80
WBGene00005132,5,14,19
WBGene00005133,10,34,44
WBGene00005134,0,0,0
WBGene00005135,0,0,0
WBGene00005136,1,1,2
WBGene00005137,1,0,1
WBGene00005138,0,0,0
WBGene00005140,0,2,2
WBGene00005141,3,3,6
WBGene00005142,4,5,9
WBGene00005143,7,0,7
WBGene00005144,6,22,28
WBGene00005145,6,0,6
WBGene00005146,8,0,8
WBGene00005147,14,89,103
WBGene00005148,0,0,0
WBGene00005149,18,34,52
WBGene00005150,40,98,138
WBGene00005153,112,409,521
WBGene00005159,1,0,1
WBGene00005160,1,23,24
WBGene00005161,1,0,1
WBGene00005162,20,61,81
WBGene00005163,0,40,40
WBGene00005164,3,3,6
WBGene00005165,4,18,22
WBGene00005166,1,6,7
WBGene00005167,1,3,4
WBGene00005168,5,9,14
WBGene00005169,6,23,29
WBGene00005170,11,20,31
WBGene00005171,8,17,25
WBGene00005172,8,28,36
WBGene00005173,0,0,0
WBGene00005174,52,167,219
WBGene00005177,5,7,12
WBGene00005178,6,3,9
WBGene00005179,1,0,1
WBGene00005180,4,2,6
WBGene00005181,5,2,7
WBGene00005182,11,36,47
WBGene00005183,6,14,20
WBGene00005184,2,5,7
WBGene00005185,5,4,9
WBGene00005186,6,21,27
WBGene00005187,14,19,33
WBGene00005188,4,11,15
WBGene00005189,4,3,7
WBGene00005190,3,1,4
WBGene00005191,21,9,30
WBGene00005193,2,0,2
WBGene00005194,7,26,33
WBGene00005195,10,5,15
WBGene00005196,1,26,27
WBGene00005197,0,23,23
WBGene00005198,2,5,7
WBGene00005199,6,10,16
WBGene00005201,1,1,2
WBGene00005202,10,8,18
WBGene00005203,1,3,4
WBGene00005204,3,7,10
WBGene00005205,6,32,38
WBGene00005207,0,17,17
WBGene00005208,17,60,77
WBGene00005210,1,21,22
WBGene00005211,4,2,6
WBGene00005212,4,9,13
WBGene00005213,2,10,12
WBGene00005214,4,1,5
WBGene00005215,2,1,3
WBGene00005216,1,0,1
WBGene00005217,0,0,0
WBGene00005218,0,1,1
WBGene00005219,11,15,26
WBGene00005221,14,1,15
WBGene00005222,5,5,10
WBGene00005223,4,1,5
WBGene00005224,3,3,6
WBGene00005225,2,1,3
WBGene00005226,11,22,33
WBGene00005227,1,6,7
WBGene00005228,784,139,923
WBGene00005229,7,3,10
WBGene00005230,0,3,3
WBGene00005231,2,4,6
WBGene00005233,0,3,3
WBGene00005234,2,2,4
WBGene00005236,0,33,33
WBGene00005237,0,6,6
WBGene00005240,4,14,18
WBGene00005241,7,13,20
WBGene00005242,5,7,12
WBGene00005243,3,45,48
WBGene00005244,6,1,7
WBGene00005245,0,9,9
WBGene00005246,0,14,14
WBGene00005247,0,0,0
WBGene00005248,0,0,0
WBGene00005249,1,2,3
WBGene00005250,0,1,1
WBGene00005251,15,38,53
WBGene00005253,26,139,165
WBGene00005254,2,4,6
WBGene00005255,2,1,3
WBGene00005256,2,1,3
WBGene00005257,1,12,13
WBGene00005258,4,32,36
WBGene00005259,0,1,1
WBGene00005260,2,7,9
WBGene00005261,10,5,15
WBGene00005262,3,22,25
WBGene00005263,1,6,7
WBGene00005264,1,5,6
WBGene00005265,0,8,8
WBGene00005267,10,9,19
WBGene00005268,1,5,6
WBGene00005269,0,14,14
WBGene00005270,4,5,9
WBGene00005271,19,5,24
WBGene00005272,1,8,9
WBGene00005273,1,5,6
WBGene00005274,2,4,6
WBGene00005275,1,2,3
WBGene00005278,1,1,2
WBGene00005279,0,10,10
WBGene00005280,0,0,0
WBGene00005281,2,3,5
WBGene00005282,1,1,2
WBGene00005283,2,23,25
WBGene00005284,2,2,4
WBGene00005285,0,1,1
WBGene00005288,0,6,6
WBGene00005289,2,42,44
WBGene00005290,1,31,32
WBGene00005291,1,3,4
WBGene00005292,2,38,40
WBGene00005293,0,22,22
WBGene00005294,1,0,1
WBGene00005295,1,2,3
WBGene00005296,6,9,15
WBGene00005297,1,15,16
WBGene00005299,17,32,49
WBGene00005300,1,3,4
WBGene00005301,9,1,10
WBGene00005303,2,2,4
WBGene00005304,1,2,3
WBGene00005306,4,0,4
WBGene00005308,3,4,7
WBGene00005309,0,1,1
WBGene00005310,1,6,7
WBGene00005313,1,0,1
WBGene00005315,2,0,2
WBGene00005316,7,1,8
WBGene00005317,0,3,3
WBGene00005318,4,5,9
WBGene00005319,2,10,12
WBGene00005321,5,0,5
WBGene00005323,0,0,0
WBGene00005324,21,11,32
WBGene00005328,0,2,2
WBGene00005330,0,0,0
WBGene00005331,0,0,0
WBGene00005332,0,14,14
WBGene00005334,2,3,5
WBGene00005335,3,2,5
WBGene00005337,1,2,3
WBGene00005338,0,4,4
WBGene00005339,1,8,9
WBGene00005340,0,1,1
WBGene00005341,2,0,2
WBGene00005342,0,16,16
WBGene00005344,17,13,30
WBGene00005345,4,8,12
WBGene00005346,3,17,20
WBGene00005347,2,7,9
WBGene00005348,0,0,0
WBGene00005349,0,5,5
WBGene00005350,2,13,15
WBGene00005351,9,3,12
WBGene00005352,1,3,4
WBGene00005353,4,35,39
WBGene00005354,0,0,0
WBGene00005355,0,0,0
WBGene00005356,2,0,2
WBGene00005357,0,2,2
WBGene00005358,4,1,5
WBGene00005359,0,7,7
WBGene00005361,1,2,3
WBGene00005362,0,2,2
WBGene00005363,0,1,1
WBGene00005364,4,2,6
WBGene00005365,1,0,1
WBGene00005370,2,6,8
WBGene00005375,1,2,3
WBGene00005382,0,0,0
WBGene00005383,1,3,4
WBGene00005385,4,5,9
WBGene00005386,6,5,11
WBGene00005387,17,15,32
WBGene00005388,10,5,15
WBGene00005389,1,0,1
WBGene00005390,0,3,3
WBGene00005392,1,0,1
WBGene00005393,2,9,11
WBGene00005394,0,2,2
WBGene00005395,2,3,5
WBGene00005396,5,1,6
WBGene00005397,3,8,11
WBGene00005398,20,6,26
WBGene00005399,0,2,2
WBGene00005400,0,2,2
WBGene00005401,0,3,3
WBGene00005402,0,4,4
WBGene00005404,0,3,3
WBGene00005405,13,7,20
WBGene00005406,0,2,2
WBGene00005407,3,1,4
WBGene00005408,1,5,6
WBGene00005410,6,5,11
WBGene00005411,0,18,18
WBGene00005412,1,2,3
WBGene00005414,1,2,3
WBGene00005415,3,3,6
WBGene00005416,1,3,4
WBGene00005417,0,3,3
WBGene00005418,1,1,2
WBGene00005419,1,1,2
WBGene00005421,3,4,7
WBGene00005422,4,13,17
WBGene00005423,3,2,5
WBGene00005424,5,4,9
WBGene00005425,2,1,3
WBGene00005426,2,4,6
WBGene00005427,1,10,11
WBGene00005428,0,3,3
WBGene00005429,2,2,4
WBGene00005430,0,2,2
WBGene00005432,1,0,1
WBGene00005433,1,3,4
WBGene00005435,0,0,0
WBGene00005436,0,0,0
WBGene00005437,3,6,9
WBGene00005439,2,1,3
WBGene00005440,0,1,1
WBGene00005441,2,4,6
WBGene00005442,3,0,3
WBGene00005443,0,0,0
WBGene00005444,1,13,14
WBGene00005446,0,0,0
WBGene00005447,2,2,4
WBGene00005448,1,2,3
WBGene00005449,0,1,1
WBGene00005450,1,1,2
WBGene00005451,0,2,2
WBGene00005452,1,0,1
WBGene00005453,0,1,1
WBGene00005454,0,2,2
WBGene00005456,1,1,2
WBGene00005457,1,3,4
WBGene00005458,1,4,5
WBGene00005461,1,1,2
WBGene00005463,22,0,22
WBGene00005464,0,0,0
WBGene00005470,0,3,3
WBGene00005471,2,2,4
WBGene00005472,1,4,5
WBGene00005474,5,7,12
WBGene00005475,17,10,27
WBGene00005476,0,4,4
WBGene00005477,4,36,40
WBGene00005478,0,1,1
WBGene00005479,2,2,4
WBGene00005480,1,4,5
WBGene00005481,1,29,30
WBGene00005482,1,19,20
WBGene00005484,0,5,5
WBGene00005486,0,2,2
WBGene00005487,0,7,7
WBGene00005488,3,3,6
WBGene00005489,11,0,11
WBGene00005490,7,2,9
WBGene00005491,0,2,2
WBGene00005492,0,0,0
WBGene00005493,1,1,2
WBGene00005494,4,5,9
WBGene00005495,2,0,2
WBGene00005496,0,1,1
WBGene00005497,3,0,3
WBGene00005499,0,0,0
WBGene00005500,11,10,21
WBGene00005501,2,3,5
WBGene00005502,1,1,2
WBGene00005503,1,2,3
WBGene00005504,1,3,4
WBGene00005505,11,1,12
WBGene00005507,3,5,8
WBGene00005508,0,0,0
WBGene00005509,0,0,0
WBGene00005512,1,2,3
WBGene00005513,1,8,9
WBGene00005514,7,30,37
WBGene00005516,3,9,12
WBGene00005517,10,19,29
WBGene00005518,18,28,46
WBGene00005519,1,1,2
WBGene00005521,2,0,2
WBGene00005522,3,7,10
WBGene00005523,4,44,48
WBGene00005524,4,2,6
WBGene00005525,0,0,0
WBGene00005526,0,0,0
WBGene00005527,7,1,8
WBGene00005528,4,22,26
WBGene00005529,24,18,42
WBGene00005530,38,26,64
WBGene00005531,55,78,133
WBGene00005532,10,19,29
WBGene00005533,0,1,1
WBGene00005536,1,3,4
WBGene00005537,5,2,7
WBGene00005538,2,3,5
WBGene00005539,1,2,3
WBGene00005540,0,1,1
WBGene00005541,0,1,1
WBGene00005542,6,4,10
WBGene00005543,0,2,2
WBGene00005544,0,1,1
WBGene00005545,7,1,8
WBGene00005546,3,2,5
WBGene00005548,1,0,1
WBGene00005549,4,3,7
WBGene00005550,0,5,5
WBGene00005551,1,1,2
WBGene00005552,43,56,99
WBGene00005554,6,0,6
WBGene00005555,0,0,0
WBGene00005557,11,10,21
WBGene00005558,0,3,3
WBGene00005559,15,44,59
WBGene00005560,30,116,146
WBGene00005562,2,1,3
WBGene00005563,4,11,15
WBGene00005565,0,0,0
WBGene00005566,4,4,8
WBGene00005569,3,1,4
WBGene00005572,1,0,1
WBGene00005573,1,0,1
WBGene00005574,2,6,8
WBGene00005575,3,34,37
WBGene00005577,0,0,0
WBGene00005578,2,1,3
WBGene00005579,20,3,23
WBGene00005581,0,3,3
WBGene00005582,1,1,2
WBGene00005583,0,1,1
WBGene00005584,1,7,8
WBGene00005585,2,4,6
WBGene00005586,2,3,5
WBGene00005589,3,4,7
WBGene00005590,1,0,1
WBGene00005591,33,22,55
WBGene00005592,0,13,13
WBGene00005593,1,1,2
WBGene00005594,1,2,3
WBGene00005595,6,2,8
WBGene00005596,4,0,4
WBGene00005597,2,1,3
WBGene00005598,0,4,4
WBGene00005599,0,2,2
WBGene00005601,0,1,1
WBGene00005602,21,381,402
WBGene00005603,4,12,16
WBGene00005604,6,3,9
WBGene00005606,6,35,41
WBGene00005607,5,8,13
WBGene00005608,1,6,7
WBGene00005609,5,29,34
WBGene00005610,3,0,3
WBGene00005611,21,42,63
WBGene00005612,29,4,33
WBGene00005613,27,7,34
WBGene00005614,1,2,3
WBGene00005615,2,0,2
WBGene00005616,1,2,3
WBGene00005617,1,0,1
WBGene00005618,6,0,6
WBGene00005621,1,0,1
WBGene00005622,3,2,5
WBGene00005623,2,1,3
WBGene00005624,4,2,6
WBGene00005625,2,0,2
WBGene00005626,1,1,2
WBGene00005627,0,0,0
WBGene00005628,1,0,1
WBGene00005629,5,0,5
WBGene00005631,2,1,3
WBGene00005632,1,0,1
WBGene00005633,1,0,1
WBGene00005634,2,0,2
WBGene00005635,0,2,2
WBGene00005638,2,23,25
WBGene00005639,0,1,1
WBGene00005640,2,10,12
WBGene00005641,30,103,133
WBGene00005642,14,110,124
WBGene00005643,4,64,68
WBGene00005644,343,1354,1697
WBGene00005647,72,720,792
WBGene00005648,363,2271,2634
WBGene00005649,21,20,41
WBGene00005652,57,569,626
WBGene00005653,2,27,29
WBGene00005654,24,395,419
WBGene00005655,75,1222,1297
WBGene00005657,11,161,172
WBGene00005658,2,2,4
WBGene00005659,6,5,11
WBGene00005660,3,31,34
WBGene00005661,1,45,46
WBGene00005662,159,1399,1558
WBGene00005663,1190,9705,10895
WBGene00005664,2,17,19
WBGene00005665,3,12,15
WBGene00005666,2,5,7
WBGene00005667,1,0,1
WBGene00005669,1,2,3
WBGene00005670,12,29,41
WBGene00005671,7,108,115
WBGene00005672,3,0,3
WBGene00005674,6,3,9
WBGene00005675,2,3,5
WBGene00005676,2,19,21
WBGene00005678,2,13,15
WBGene00005679,4,4,8
WBGene00005680,2,1,3
WBGene00005681,1,0,1
WBGene00005682,2,1,3
WBGene00005683,0,4,4
WBGene00005684,12,4,16
WBGene00005685,3,6,9
WBGene00005686,3,12,15
WBGene00005687,10,26,36
WBGene00005688,1,5,6
WBGene00005689,9,23,32
WBGene00005690,6,24,30
WBGene00005691,4,10,14
WBGene00005692,2,12,14
WBGene00005693,1,1,2
WBGene00005694,2,2,4
WBGene00005696,2,2,4
WBGene00005698,0,5,5
WBGene00005699,6,11,17
WBGene00005700,0,17,17
WBGene00005701,0,3,3
WBGene00005702,0,28,28
WBGene00005703,5,15,20
WBGene00005705,1,20,21
WBGene00005707,1,2,3
WBGene00005708,1,3,4
WBGene00005710,24,48,72
WBGene00005711,0,19,19
WBGene00005712,10,72,82
WBGene00005713,4,27,31
WBGene00005714,2,7,9
WBGene00005715,29,7,36
WBGene00005716,11,54,65
WBGene00005717,17,59,76
WBGene00005718,16,95,111
WBGene00005719,15,36,51
WBGene00005720,5,5,10
WBGene00005721,18,16,34
WBGene00005722,19,2,21
WBGene00005723,7,2,9
WBGene00005724,17,26,43
WBGene00005725,12,44,56
WBGene00005726,21,17,38
WBGene00005727,13,19,32
WBGene00005728,1,0,1
WBGene00005730,0,0,0
WBGene00005732,1,1,2
WBGene00005733,1,1,2
WBGene00005735,17,27,44
WBGene00005736,10,7,17
WBGene00005737,11,6,17
WBGene00005738,8,29,37
WBGene00005739,9,46,55
WBGene00005740,1,2,3
WBGene00005741,6,1,7
WBGene00005742,4,8,12
WBGene00005743,4,35,39
WBGene00005744,1,2,3
WBGene00005745,6,16,22
WBGene00005748,3,19,22
WBGene00005749,0,0,0
WBGene00005750,2,0,2
WBGene00005751,2,0,2
WBGene00005753,7,7,14
WBGene00005754,3,20,23
WBGene00005755,6,33,39
WBGene00005756,1,6,7
WBGene00005757,7,58,65
WBGene00005758,1,20,21
WBGene00005759,1,317,318
WBGene00005760,0,2,2
WBGene00005761,1,3,4
WBGene00005762,2,1,3
WBGene00005763,0,4,4
WBGene00005764,3,9,12
WBGene00005766,2,13,15
WBGene00005767,1,1,2
WBGene00005768,0,1,1
WBGene00005769,0,0,0
WBGene00005770,2,7,9
WBGene00005771,0,11,11
WBGene00005773,1,3,4
WBGene00005776,2,1,3
WBGene00005777,0,1,1
WBGene00005778,2,0,2
WBGene00005779,1,0,1
WBGene00005780,2,1,3
WBGene00005781,1,1,2
WBGene00005782,3,1,4
WBGene00005783,6,0,6
WBGene00005785,1,0,1
WBGene00005786,11,2,13
WBGene00005787,1,2,3
WBGene00005788,3,1,4
WBGene00005789,0,3,3
WBGene00005790,0,1,1
WBGene00005791,2,11,13
WBGene00005795,0,0,0
WBGene00005798,0,1,1
WBGene00005800,0,0,0
WBGene00005801,0,1,1
WBGene00005802,2,2,4
WBGene00005803,0,2,2
WBGene00005804,0,1,1
WBGene00005806,0,0,0
WBGene00005807,2,5,7
WBGene00005808,2,1,3
WBGene00005809,1,2,3
WBGene00005810,3,18,21
WBGene00005812,1,1,2
WBGene00005813,3,1,4
WBGene00005814,0,2,2
WBGene00005815,170,706,876
WBGene00005816,146,200,346
WBGene00005818,106,444,550
WBGene00005819,1,1,2
WBGene00005820,6,3,9
WBGene00005822,1,1,2
WBGene00005823,4,0,4
WBGene00005824,1,1,2
WBGene00005826,0,3,3
WBGene00005829,1,0,1
WBGene00005830,5,2,7
WBGene00005831,2,0,2
WBGene00005832,117,986,1103
WBGene00005833,0,11,11
WBGene00005834,2,36,38
WBGene00005835,2,13,15
WBGene00005836,2,6,8
WBGene00005837,2,21,23
WBGene00005838,8,13,21
WBGene00005841,7,1,8
WBGene00005842,1,5,6
WBGene00005844,1,3,4
WBGene00005845,1,9,10
WBGene00005846,1,6,7
WBGene00005847,11,6,17
WBGene00005848,9,3,12
WBGene00005849,1,1,2
WBGene00005850,3,3,6
WBGene00005854,6,1,7
WBGene00005855,1,2,3
WBGene00005856,3,6,9
WBGene00005858,5,0,5
WBGene00005859,0,4,4
WBGene00005860,1,1,2
WBGene00005862,3,2,5
WBGene00005864,0,0,0
WBGene00005865,0,0,0
WBGene00005866,1,0,1
WBGene00005867,0,1,1
WBGene00005868,0,1,1
WBGene00005869,2,2,4
WBGene00005870,1,3,4
WBGene00005871,0,0,0
WBGene00005874,4,1,5
WBGene00005876,5,5,10
WBGene00005877,7,1,8
WBGene00005880,0,0,0
WBGene00005881,2,0,2
WBGene00005882,0,1,1
WBGene00005883,1,0,1
WBGene00005884,0,1,1
WBGene00005885,0,2,2
WBGene00005886,3,3,6
WBGene00005887,7,10,17
WBGene00005888,0,2,2
WBGene00005889,0,0,0
WBGene00005890,0,1,1
WBGene00005891,1,2,3
WBGene00005892,1,3,4
WBGene00005893,37,182,219
WBGene00005894,2,1,3
WBGene00005895,5,7,12
WBGene00005896,1,1,2
WBGene00005897,3,1,4
WBGene00005898,13,23,36
WBGene00005899,1,1,2
WBGene00005900,3,0,3
WBGene00005901,4,4,8
WBGene00005903,17,32,49
WBGene00005904,10,2,12
WBGene00005905,21,9,30
WBGene00005907,2,5,7
WBGene00005908,3,20,23
WBGene00005909,12,30,42
WBGene00005910,23,120,143
WBGene00005911,0,0,0
WBGene00005912,1,4,5
WBGene00005913,2,0,2
WBGene00005914,1,3,4
WBGene00005915,3,1,4
WBGene00005917,1,0,1
WBGene00005919,2,0,2
WBGene00005920,1,0,1
WBGene00005922,0,0,0
WBGene00005923,0,0,0
WBGene00005924,2,1,3
WBGene00005925,1,9,10
WBGene00005926,7,18,25
WBGene00005927,5,3,8
WBGene00005929,3,5,8
WBGene00005930,0,0,0
WBGene00005931,1,94,95
WBGene00005932,12,13,25
WBGene00005933,4,4,8
WBGene00005934,1,13,14
WBGene00005935,5,16,21
WBGene00005936,49,364,413
WBGene00005937,5,37,42
WBGene00005938,39,81,120
WBGene00005939,5,4,9
WBGene00005941,3,3,6
WBGene00005942,2,1,3
WBGene00005944,2,1,3
WBGene00005945,10,1,11
WBGene00005946,0,1,1
WBGene00005947,11,72,83
WBGene00005949,6,51,57
WBGene00005950,3,3,6
WBGene00005951,4,1,5
WBGene00005953,1,4,5
WBGene00005954,3,0,3
WBGene00005955,1,9,10
WBGene00005956,0,0,0
WBGene00005957,2,0,2
WBGene00005958,3,7,10
WBGene00005959,18,113,131
WBGene00005964,1,4,5
WBGene00005965,129,7,136
WBGene00005967,39,78,117
WBGene00005968,0,7,7
WBGene00005969,3,1,4
WBGene00005971,0,19,19
WBGene00005973,12,1,13
WBGene00005975,17,57,74
WBGene00005976,6,26,32
WBGene00005977,4,32,36
WBGene00005978,0,0,0
WBGene00005979,4,2,6
WBGene00005980,1,2,3
WBGene00005981,10,5,15
WBGene00005983,3,3,6
WBGene00005984,3,0,3
WBGene00005986,9,7,16
WBGene00005987,4,8,12
WBGene00005988,2,0,2
WBGene00005989,4,3,7
WBGene00005992,3,2,5
WBGene00005993,0,3,3
WBGene00005995,9,7,16
WBGene00005996,1,1,2
WBGene00005999,2,7,9
WBGene00006001,2,6,8
WBGene00006002,1,2,3
WBGene00006003,3,7,10
WBGene00006004,6,3,9
WBGene00006005,4,29,33
WBGene00006006,7,17,24
WBGene00006007,3,4,7
WBGene00006008,2,10,12
WBGene00006009,3,6,9
WBGene00006010,5,8,13
WBGene00006011,1,2,3
WBGene00006012,5,8,13
WBGene00006013,3,1,4
WBGene00006016,7,91,98
WBGene00006019,1,17,18
WBGene00006020,4,7,11
WBGene00006021,3,3,6
WBGene00006022,5,2,7
WBGene00006024,1,1,2
WBGene00006025,0,2,2
WBGene00006026,6,17,23
WBGene00006027,2,3,5
WBGene00006028,3,11,14
WBGene00006038,0,2,2
WBGene00006039,0,5,5
WBGene00006040,0,0,0
WBGene00006044,0,7,7
WBGene00006047,0,0,0
WBGene00006048,0,0,0
WBGene00006049,1,0,1
WBGene00006050,80,934,1014
WBGene00006051,8,27,35
WBGene00006052,0,1,1
WBGene00006053,2,1,3
WBGene00006055,137,862,999
WBGene00006056,3,9,12
WBGene00006058,1,3,4
WBGene00006059,218,2222,2440
WBGene00006060,0,1,1
WBGene00006061,57,2498,2555
WBGene00006062,581,2405,2986
WBGene00006063,19,535,554
WBGene00006064,228,458,686
WBGene00006065,6,15,21
WBGene00006066,111,2537,2648
WBGene00006067,368,2461,2829
WBGene00006068,53,313,366
WBGene00006069,7,19,26
WBGene00006070,0,1,1
WBGene00006071,12,10,22
WBGene00006072,2,4,6
WBGene00006073,0,0,0
WBGene00006074,0,0,0
WBGene00006075,24,134,158
WBGene00006076,3,3,6
WBGene00006077,3,13,16
WBGene00006078,0,3,3
WBGene00006080,3,11,14
WBGene00006081,1,1,2
WBGene00006082,2,0,2
WBGene00006083,2,1,3
WBGene00006084,6,1,7
WBGene00006085,3,24,27
WBGene00006086,2,33,35
WBGene00006087,4,7,11
WBGene00006090,6,7,13
WBGene00006092,2,1,3
WBGene00006093,2,8,10
WBGene00006094,0,3,3
WBGene00006096,4,24,28
WBGene00006097,0,6,6
WBGene00006098,1,3,4
WBGene00006099,4,1,5
WBGene00006101,31,2,33
WBGene00006102,2,7,9
WBGene00006103,2,15,17
WBGene00006104,2,0,2
WBGene00006105,1,3,4
WBGene00006106,0,2,2
WBGene00006108,1,1,2
WBGene00006109,4,15,19
WBGene00006110,7,25,32
WBGene00006111,0,3,3
WBGene00006112,2,3,5
WBGene00006113,13,33,46
WBGene00006117,0,2,2
WBGene00006120,0,0,0
WBGene00006121,1,2,3
WBGene00006122,1,3,4
WBGene00006124,0,3,3
WBGene00006125,1,0,1
WBGene00006126,1,5,6
WBGene00006127,1,3,4
WBGene00006128,1,9,10
WBGene00006129,4,1,5
WBGene00006130,7,13,20
WBGene00006131,0,1,1
WBGene00006133,1,0,1
WBGene00006134,5,1,6
WBGene00006135,4,16,20
WBGene00006136,0,0,0
WBGene00006137,0,0,0
WBGene00006138,4,7,11
WBGene00006139,8,36,44
WBGene00006140,108,16,124
WBGene00006141,3,2,5
WBGene00006142,4,3,7
WBGene00006143,3,4,7
WBGene00006144,2,1,3
WBGene00006145,1,0,1
WBGene00006146,1,1,2
WBGene00006147,3,2,5
WBGene00006148,1,10,11
WBGene00006149,3,5,8
WBGene00006150,0,5,5
WBGene00006151,2,7,9
WBGene00006152,4,16,20
WBGene00006153,3,8,11
WBGene00006154,5,10,15
WBGene00006155,1,6,7
WBGene00006156,0,2,2
WBGene00006157,2,2,4
WBGene00006158,2,2,4
WBGene00006159,4,5,9
WBGene00006160,0,0,0
WBGene00006161,0,4,4
WBGene00006162,1,9,10
WBGene00006163,37,51,88
WBGene00006164,6,11,17
WBGene00006165,1,7,8
WBGene00006166,1,1,2
WBGene00006167,2,8,10
WBGene00006169,22,11,33
WBGene00006170,0,0,0
WBGene00006171,0,0,0
WBGene00006172,17,9,26
WBGene00006173,1,2,3
WBGene00006174,1,0,1
WBGene00006175,0,0,0
WBGene00006176,2,5,7
WBGene00006178,0,2,2
WBGene00006179,1,6,7
WBGene00006180,1,7,8
WBGene00006182,9,18,27
WBGene00006183,5,5,10
WBGene00006184,1,2,3
WBGene00006186,2,1,3
WBGene00006187,2,0,2
WBGene00006188,4,4,8
WBGene00006189,4,10,14
WBGene00006190,3,2,5
WBGene00006191,5,19,24
WBGene00006192,2,2,4
WBGene00006193,5,16,21
WBGene00006195,7,33,40
WBGene00006196,0,0,0
WBGene00006197,2,0,2
WBGene00006198,12,131,143
WBGene00006199,7,4,11
WBGene00006200,0,0,0
WBGene00006201,8,4,12
WBGene00006202,0,0,0
WBGene00006203,4,2,6
WBGene00006204,0,1,1
WBGene00006205,3,2,5
WBGene00006206,2,0,2
WBGene00006207,28,37,65
WBGene00006208,25,20,45
WBGene00006209,13,36,49
WBGene00006210,7,6,13
WBGene00006211,21,72,93
WBGene00006212,5,10,15
WBGene00006213,4,18,22
WBGene00006214,21,3,24
WBGene00006215,1,7,8
WBGene00006216,4,1,5
WBGene00006217,0,2,2
WBGene00006218,6,21,27
WBGene00006219,5,2,7
WBGene00006220,38,192,230
WBGene00006221,0,3,3
WBGene00006222,1,6,7
WBGene00006224,2,4,6
WBGene00006225,1,1,2
WBGene00006226,0,43,43
WBGene00006228,0,8,8
WBGene00006229,2,10,12
WBGene00006230,1,2,3
WBGene00006231,4,5,9
WBGene00006232,1,0,1
WBGene00006233,2,0,2
WBGene00006234,2,1,3
WBGene00006235,0,0,0
WBGene00006236,0,1,1
WBGene00006237,3,20,23
WBGene00006238,0,1,1
WBGene00006239,6,2,8
WBGene00006240,0,0,0
WBGene00006241,1,17,18
WBGene00006242,3,2,5
WBGene00006244,2,4,6
WBGene00006247,3,4,7
WBGene00006249,1,3,4
WBGene00006251,3,3,6
WBGene00006252,1,4,5
WBGene00006253,11,4,15
WBGene00006255,15,19,34
WBGene00006256,0,9,9
WBGene00006257,1,0,1
WBGene00006258,1,6,7
WBGene00006259,2,0,2
WBGene00006260,2,2,4
WBGene00006261,3,0,3
WBGene00006262,2,2,4
WBGene00006263,3,0,3
WBGene00006264,4,1,5
WBGene00006265,3,1,4
WBGene00006266,67,1,68
WBGene00006268,0,8,8
WBGene00006270,3,2,5
WBGene00006271,0,0,0
WBGene00006272,1,14,15
WBGene00006273,1,2,3
WBGene00006274,0,0,0
WBGene00006275,1,3,4
WBGene00006276,0,3,3
WBGene00006277,0,2,2
WBGene00006278,7,15,22
WBGene00006279,9,13,22
WBGene00006280,0,3,3
WBGene00006281,10,0,10
WBGene00006282,0,1,1
WBGene00006283,0,0,0
WBGene00006284,0,0,0
WBGene00006286,7,11,18
WBGene00006287,9,25,34
WBGene00006288,11,18,29
WBGene00006289,0,2,2
WBGene00006306,464,2102,2566
WBGene00006307,125,2309,2434
WBGene00006308,29,192,221
WBGene00006309,123,2433,2556
WBGene00006310,76,143,219
WBGene00006311,3,162,165
WBGene00006318,128,1104,1232
WBGene00006319,46,724,770
WBGene00006321,282,5137,5419
WBGene00006324,48,1113,1161
WBGene00006331,313,9355,9668
WBGene00006342,723,3077,3800
WBGene00006349,260,1125,1385
WBGene00006351,61,1370,1431
WBGene00006352,119,2828,2947
WBGene00006353,34,476,510
WBGene00006359,93,1784,1877
WBGene00006363,165,390,555
WBGene00006364,442,1847,2289
WBGene00006365,116,937,1053
WBGene00006366,206,5559,5765
WBGene00006367,167,2442,2609
WBGene00006368,59,511,570
WBGene00006369,38,991,1029
WBGene00006371,76,691,767
WBGene00006372,51,847,898
WBGene00006373,164,2401,2565
WBGene00006374,21,108,129
WBGene00006375,7,236,243
WBGene00006376,12,241,253
WBGene00006377,36,724,760
WBGene00006379,56,827,883
WBGene00006380,46,667,713
WBGene00006381,84,3508,3592
WBGene00006382,698,2505,3203
WBGene00006383,76,413,489
WBGene00006384,195,1120,1315
WBGene00006385,627,1376,2003
WBGene00006386,183,881,1064
WBGene00006387,35,305,340
WBGene00006388,41,233,274
WBGene00006389,29,541,570
WBGene00006390,61,555,616
WBGene00006391,57,452,509
WBGene00006392,202,1935,2137
WBGene00006393,25,641,666
WBGene00006394,19,259,278
WBGene00006395,22,222,244
WBGene00006396,394,1457,1851
WBGene00006397,28,793,821
WBGene00006399,15,9,24
WBGene00006402,77,758,835
WBGene00006404,66,457,523
WBGene00006405,369,2481,2850
WBGene00006406,235,2837,3072
WBGene00006407,1022,5002,6024
WBGene00006408,2223,20622,22845
WBGene00006409,2,2,4
WBGene00006410,113,1901,2014
WBGene00006411,14,74,88
WBGene00006412,261,1826,2087
WBGene00006414,5,1123,1128
WBGene00006415,158,1737,1895
WBGene00006416,0,10,10
WBGene00006418,3,108,111
WBGene00006419,11,6,17
WBGene00006423,905,9623,10528
WBGene00006424,322,1152,1474
WBGene00006428,71,117,188
WBGene00006429,4,2,6
WBGene00006430,61,308,369
WBGene00006431,39,496,535
WBGene00006432,159,1294,1453
WBGene00006433,684,12200,12884
WBGene00006434,295,27202,27497
WBGene00006435,5,9,14
WBGene00006436,3139,85730,88869
WBGene00006437,214,4698,4912
WBGene00006438,298,2522,2820
WBGene00006439,402,372023,372425
WBGene00006440,70,327,397
WBGene00006441,33,293,326
WBGene00006442,251,1759,2010
WBGene00006443,29,559,588
WBGene00006444,40,1029,1069
WBGene00006445,59,601,660
WBGene00006446,18,332,350
WBGene00006447,27,1302,1329
WBGene00006448,35,532,567
WBGene00006449,3,3,6
WBGene00006450,326,1360,1686
WBGene00006452,2574,20280,22854
WBGene00006454,3,18,21
WBGene00006459,48,708,756
WBGene00006460,218,5241,5459
WBGene00006461,40,247,287
WBGene00006462,283,1436,1719
WBGene00006463,33,436,469
WBGene00006464,1,9,10
WBGene00006465,45,2068,2113
WBGene00006466,91,343,434
WBGene00006467,40,942,982
WBGene00006468,83,431,514
WBGene00006470,21,1180,1201
WBGene00006471,1,2,3
WBGene00006472,53,1887,1940
WBGene00006473,11,802,813
WBGene00006474,32,1576,1608
WBGene00006475,72,358,430
WBGene00006476,421,1386,1807
WBGene00006477,72,167,239
WBGene00006478,185,1700,1885
WBGene00006479,185,2007,2192
WBGene00006481,427,2324,2751
WBGene00006483,369,2138,2507
WBGene00006484,6,1,7
WBGene00006486,36,154,190
WBGene00006487,7,31,38
WBGene00006488,0,1,1
WBGene00006489,51,1870,1921
WBGene00006490,221,959,1180
WBGene00006491,7,716,723
WBGene00006492,102,433,535
WBGene00006493,151,1294,1445
WBGene00006494,31,2834,2865
WBGene00006495,465,4021,4486
WBGene00006496,454,936,1390
WBGene00006497,204,3449,3653
WBGene00006498,302,1823,2125
WBGene00006499,71,1000,1071
WBGene00006503,79,1658,1737
WBGene00006504,105,1309,1414
WBGene00006505,143,405,548
WBGene00006508,1318,4149,5467
WBGene00006509,0,9,9
WBGene00006510,357,2196,2553
WBGene00006512,204,6180,6384
WBGene00006513,413,1431,1844
WBGene00006514,26,1551,1577
WBGene00006515,88,4593,4681
WBGene00006516,29,604,633
WBGene00006517,279,2177,2456
WBGene00006518,17,4044,4061
WBGene00006519,4513,38308,42821
WBGene00006520,0,449,449
WBGene00006522,41,159,200
WBGene00006523,108,1903,2011
WBGene00006524,87,1230,1317
WBGene00006525,34,223,257
WBGene00006526,14,149,163
WBGene00006527,811,7424,8235
WBGene00006528,162,34808,34970
WBGene00006529,2732,31907,34639
WBGene00006530,30,341,371
WBGene00006531,27,169,196
WBGene00006532,14,40,54
WBGene00006533,30,57,87
WBGene00006534,626,3807,4433
WBGene00006535,217,1101,1318
WBGene00006536,16,17687,17703
WBGene00006537,673,46408,47081
WBGene00006538,31,533,564
WBGene00006539,0,5,5
WBGene00006540,31,886,917
WBGene00006541,64,511,575
WBGene00006542,14,650,664
WBGene00006543,93,1458,1551
WBGene00006544,12,2,14
WBGene00006545,2,8,10
WBGene00006546,2,0,2
WBGene00006547,0,3,3
WBGene00006549,0,0,0
WBGene00006550,3,3,6
WBGene00006551,0,92989,92989
WBGene00006552,3,12,15
WBGene00006553,3,0,3
WBGene00006554,0,1,1
WBGene00006555,10,62,72
WBGene00006556,1,4,5
WBGene00006557,20,6,26
WBGene00006558,0,4,4
WBGene00006559,0,1,1
WBGene00006560,3,2,5
WBGene00006561,144,1588,1732
WBGene00006562,134,808,942
WBGene00006563,206,1015,1221
WBGene00006565,95,4882,4977
WBGene00006566,72,1077,1149
WBGene00006567,16,948,964
WBGene00006568,26,663,689
WBGene00006570,81,1167,1248
WBGene00006571,141,997,1138
WBGene00006572,777,6970,7747
WBGene00006573,220,2324,2544
WBGene00006574,243,11360,11603
WBGene00006575,532,1326,1858
WBGene00006576,57,289,346
WBGene00006577,210,1739,1949
WBGene00006578,144,1386,1530
WBGene00006579,380,3611,3991
WBGene00006580,99,905,1004
WBGene00006582,184,1867,2051
WBGene00006583,79,2380,2459
WBGene00006584,3042,39535,42577
WBGene00006585,418,10998,11416
WBGene00006586,52,1466,1518
WBGene00006587,1372,28149,29521
WBGene00006588,679,8411,9090
WBGene00006589,84,1168,1252
WBGene00006590,58,1320,1378
WBGene00006591,135,243,378
WBGene00006592,72,683,755
WBGene00006593,875,2065,2940
WBGene00006594,642,2471,3113
WBGene00006595,241,8726,8967
WBGene00006596,139,265,404
WBGene00006597,152,319,471
WBGene00006598,0,63,63
WBGene00006599,637,1438,2075
WBGene00006600,7,117,124
WBGene00006601,143,19069,19212
WBGene00006602,247,1961,2208
WBGene00006603,1328,5987,7315
WBGene00006604,460,1825,2285
WBGene00006605,139,764,903
WBGene00006606,59,524,583
WBGene00006607,230,2131,2361
WBGene00006608,98,1062,1160
WBGene00006609,35,338,373
WBGene00006610,21,60,81
WBGene00006611,2,191,193
WBGene00006612,6,7,13
WBGene00006613,371,3237,3608
WBGene00006614,161,449,610
WBGene00006615,301,384,685
WBGene00006616,52,98,150
WBGene00006617,221,6919,7140
WBGene00006618,81,362,443
WBGene00006619,2,21,23
WBGene00006620,68,177,245
WBGene00006621,33,19,52
WBGene00006622,3,8,11
WBGene00006623,115,196,311
WBGene00006624,222,558,780
WBGene00006625,3,6,9
WBGene00006626,48,8512,8560
WBGene00006627,9,140,149
WBGene00006628,3,56,59
WBGene00006629,19,149,168
WBGene00006630,5,26,31
WBGene00006631,0,5,5
WBGene00006632,87,150,237
WBGene00006633,259,1652,1911
WBGene00006634,1317,12601,13918
WBGene00006635,11,419,430
WBGene00006636,17,44,61
WBGene00006637,29,543,572
WBGene00006638,18,768,786
WBGene00006639,16,28,44
WBGene00006640,106,914,1020
WBGene00006641,19,283,302
WBGene00006642,18,187,205
WBGene00006643,60,991,1051
WBGene00006644,1,14,15
WBGene00006645,43,60,103
WBGene00006646,12,281,293
WBGene00006647,142,881,1023
WBGene00006648,499,1250,1749
WBGene00006649,161,2756,2917
WBGene00006652,120,416,536
WBGene00006654,20,148,168
WBGene00006655,27,274,301
WBGene00006656,32,144,176
WBGene00006657,207,332,539
WBGene00006658,29,163,192
WBGene00006659,7,7,14
WBGene00006660,21,239,260
WBGene00006661,2,4,6
WBGene00006662,154,713,867
WBGene00006663,807,5806,6613
WBGene00006664,37,219,256
WBGene00006665,35,49,84
WBGene00006666,13,76,89
WBGene00006667,154,802,956
WBGene00006668,528,873,1401
WBGene00006669,71,176,247
WBGene00006670,16,41,57
WBGene00006671,103,639,742
WBGene00006672,220,8424,8644
WBGene00006673,14,101,115
WBGene00006674,12,19,31
WBGene00006675,3,60,63
WBGene00006676,15,75,90
WBGene00006677,50,622,672
WBGene00006678,29,198,227
WBGene00006679,25,43,68
WBGene00006680,65,363,428
WBGene00006681,102,624,726
WBGene00006682,87,256,343
WBGene00006683,566,1658,2224
WBGene00006684,145,177,322
WBGene00006685,18,128,146
WBGene00006686,11,52,63
WBGene00006687,13,42,55
WBGene00006688,8,7,15
WBGene00006689,2,7,9
WBGene00006690,33,73,106
WBGene00006691,126,213,339
WBGene00006692,114,1016,1130
WBGene00006693,795,2875,3670
WBGene00006694,14,46,60
WBGene00006695,220,84,304
WBGene00006696,58,251,309
WBGene00006697,523,3434,3957
WBGene00006698,120,5726,5846
WBGene00006699,110,5983,6093
WBGene00006700,324,1328,1652
WBGene00006701,376,1317,1693
WBGene00006702,211,4790,5001
WBGene00006703,56,1878,1934
WBGene00006704,142,5293,5435
WBGene00006705,163,758,921
WBGene00006706,66,3277,3343
WBGene00006707,1,2890,2891
WBGene00006708,174,4864,5038
WBGene00006709,318,2756,3074
WBGene00006710,223,202,425
WBGene00006711,44,662,706
WBGene00006712,103,599,702
WBGene00006713,95,3645,3740
WBGene00006714,146,704,850
WBGene00006715,42,4976,5018
WBGene00006716,23,10,33
WBGene00006717,24,335,359
WBGene00006718,5,42,47
WBGene00006719,0,1,1
WBGene00006720,62,3327,3389
WBGene00006721,81,963,1044
WBGene00006722,246,345,591
WBGene00006723,113,901,1014
WBGene00006724,181,5470,5651
WBGene00006725,19606,230489,250095
WBGene00006726,277,3330,3607
WBGene00006727,275,14786,15061
WBGene00006728,16993,205580,222573
WBGene00006729,58,608,666
WBGene00006730,19,7640,7659
WBGene00006731,5,135,140
WBGene00006732,156,782,938
WBGene00006733,228,1800,2028
WBGene00006734,60,1674,1734
WBGene00006735,19,661,680
WBGene00006736,99,1249,1348
WBGene00006737,28,760,788
WBGene00006738,19,632,651
WBGene00006739,221,3989,4210
WBGene00006740,25,178,203
WBGene00006741,237,4796,5033
WBGene00006742,731,1933,2664
WBGene00006743,63,476,539
WBGene00006744,40,261,301
WBGene00006745,435,1105,1540
WBGene00006746,71,882,953
WBGene00006747,915,1052,1967
WBGene00006748,12,85,97
WBGene00006749,199,1531,1730
WBGene00006750,180,1137,1317
WBGene00006751,425,1704,2129
WBGene00006752,1017,4340,5357
WBGene00006753,528,6456,6984
WBGene00006754,4583,115122,119705
WBGene00006755,523,4257,4780
WBGene00006756,0,3,3
WBGene00006757,43,1851,1894
WBGene00006759,2015,26812,28827
WBGene00006760,336,4268,4604
WBGene00006761,74,1075,1149
WBGene00006762,679,3800,4479
WBGene00006763,243,1491,1734
WBGene00006764,5970,74914,80884
WBGene00006765,298,672,970
WBGene00006766,80,622,702
WBGene00006767,421,591,1012
WBGene00006768,446,5679,6125
WBGene00006769,612,1912,2524
WBGene00006770,485,2190,2675
WBGene00006771,936,10066,11002
WBGene00006772,303,2443,2746
WBGene00006773,123,2051,2174
WBGene00006774,95,571,666
WBGene00006775,9,54,63
WBGene00006776,503,3356,3859
WBGene00006777,326,2332,2658
WBGene00006778,59,639,698
WBGene00006779,2471,9979,12450
WBGene00006780,4013,39553,43566
WBGene00006781,239,1809,2048
WBGene00006782,12,233,245
WBGene00006783,42,320,362
WBGene00006784,555,3553,4108
WBGene00006785,32,614,646
WBGene00006786,252,2989,3241
WBGene00006787,750,7246,7996
WBGene00006788,392,1762,2154
WBGene00006789,1503,98618,100121
WBGene00006790,51,164,215
WBGene00006791,234,2271,2505
WBGene00006792,295,760,1055
WBGene00006793,70,1772,1842
WBGene00006794,858,32170,33028
WBGene00006795,56,1472,1528
WBGene00006796,755,6035,6790
WBGene00006797,698,383,1081
WBGene00006798,2522,3363,5885
WBGene00006801,2287,22571,24858
WBGene00006802,311,5350,5661
WBGene00006803,630,9714,10344
WBGene00006804,88,769,857
WBGene00006805,2473,7293,9766
WBGene00006807,262,601,863
WBGene00006808,419,3402,3821
WBGene00006809,444,1016,1460
WBGene00006810,194,2717,2911
WBGene00006811,312,1049,1361
WBGene00006812,448,3516,3964
WBGene00006814,1373,4321,5694
WBGene00006815,632,9012,9644
WBGene00006816,28,1435,1463
WBGene00006817,205,2913,3118
WBGene00006818,191,2814,3005
WBGene00006819,1815,55402,57217
WBGene00006820,3460,30322,33782
WBGene00006822,121,751,872
WBGene00006823,1046,7351,8397
WBGene00006824,223,9231,9454
WBGene00006825,376,4438,4814
WBGene00006826,433,10379,10812
WBGene00006827,2818,4588,7406
WBGene00006829,68,1041,1109
WBGene00006830,2183,2044,4227
WBGene00006831,840,4463,5303
WBGene00006832,109,810,919
WBGene00006833,146,15002,15148
WBGene00006836,132,7242,7374
WBGene00006839,537,6309,6846
WBGene00006840,265,7228,7493
WBGene00006843,213,1921,2134
WBGene00006844,203,3273,3476
WBGene00006845,725,4445,5170
WBGene00006852,66,2665,2731
WBGene00006853,15,436,451
WBGene00006856,44,2067,2111
WBGene00006861,834,6549,7383
WBGene00006862,22,264,286
WBGene00006863,189,16486,16675
WBGene00006864,95,725,820
WBGene00006865,18,224,242
WBGene00006868,542,1682,2224
WBGene00006869,45,475,520
WBGene00006870,339,1245,1584
WBGene00006873,45,276,321
WBGene00006874,373,5171,5544
WBGene00006875,30,1580,1610
WBGene00006876,795,9740,10535
WBGene00006881,17,234,251
WBGene00006882,85,730,815
WBGene00006886,1040,10814,11854
WBGene00006887,218,824,1042
WBGene00006888,279,3569,3848
WBGene00006889,82,9485,9567
WBGene00006890,312,4049,4361
WBGene00006893,157,1952,2109
WBGene00006894,5,4,9
WBGene00006896,41,474,515
WBGene00006897,7,18,25
WBGene00006902,0,0,0
WBGene00006910,0,11030,11030
WBGene00006911,112,16934,17046
WBGene00006912,0,7293,7293
WBGene00006913,58,5784,5842
WBGene00006914,34,3264,3298
WBGene00006915,6,396,402
WBGene00006916,115,826,941
WBGene00006917,121,10916,11037
WBGene00006918,420,7762,8182
WBGene00006919,238,12449,12687
WBGene00006920,466,6009,6475
WBGene00006921,25,5984,6009
WBGene00006922,14,558,572
WBGene00006923,1779,3306,5085
WBGene00006924,329,38285,38614
WBGene00006925,0,3,3
WBGene00006926,1,4,5
WBGene00006927,0,16,16
WBGene00006928,1,17,18
WBGene00006929,0,0,0
WBGene00006930,3,11,14
WBGene00006931,81,1785,1866
WBGene00006932,236,2124,2360
WBGene00006933,85,1811,1896
WBGene00006934,222,1035,1257
WBGene00006935,52,1768,1820
WBGene00006936,359,5337,5696
WBGene00006937,367,5770,6137
WBGene00006938,5,44,49
WBGene00006940,9,366,375
WBGene00006941,332,2978,3310
WBGene00006942,166,5038,5204
WBGene00006943,80,815,895
WBGene00006944,24,408,432
WBGene00006945,132,2281,2413
WBGene00006946,109,620,729
WBGene00006947,8,223,231
WBGene00006948,15,512,527
WBGene00006949,43,384,427
WBGene00006950,11,56,67
WBGene00006951,114,1158,1272
WBGene00006952,8,296,304
WBGene00006953,3,0,3
WBGene00006954,2,23,25
WBGene00006955,108,199,307
WBGene00006956,135,3300,3435
WBGene00006957,209,1366,1575
WBGene00006958,82,375,457
WBGene00006959,1656,65798,67454
WBGene00006960,28,92,120
WBGene00006961,519,6944,7463
WBGene00006962,4,10,14
WBGene00006963,42,1039,1081
WBGene00006964,317,2970,3287
WBGene00006965,0,71,71
WBGene00006966,5,90,95
WBGene00006968,103,1484,1587
WBGene00006970,34,1604,1638
WBGene00006971,65,749,814
WBGene00006974,27,1297,1324
WBGene00006975,808,6163,6971
WBGene00006976,688,292,980
WBGene00006977,14,142,156
WBGene00006978,154,5805,5959
WBGene00006979,2,185,187
WBGene00006980,4,216,220
WBGene00006981,10,475,485
WBGene00006982,122,1509,1631
WBGene00006983,102,664,766
WBGene00006984,1259,5711,6970
WBGene00006985,241,773,1014
WBGene00006986,252,1025,1277
WBGene00006987,91,203,294
WBGene00006988,78,548,626
WBGene00006993,327,666,993
WBGene00006994,139,2376,2515
WBGene00006996,22,991,1013
WBGene00006997,11,592,603
WBGene00006999,1750,19628,21378
WBGene00007000,317,14882,15199
WBGene00007001,30,2880,2910
WBGene00007006,131,666,797
WBGene00007007,154,1645,1799
WBGene00007008,112,2875,2987
WBGene00007009,166,2456,2622
WBGene00007010,173,2538,2711
WBGene00007011,33,304,337
WBGene00007012,70,577,647
WBGene00007013,231,723,954
WBGene00007014,59,335,394
WBGene00007015,6,627,633
WBGene00007016,660,4824,5484
WBGene00007017,759,590,1349
WBGene00007018,88,1192,1280
WBGene00007019,354,2731,3085
WBGene00007020,151,721,872
WBGene00007021,61,1545,1606
WBGene00007022,347,2778,3125
WBGene00007023,88,1339,1427
WBGene00007024,258,9579,9837
WBGene00007025,186,1853,2039
WBGene00007026,60,635,695
WBGene00007027,1066,3702,4768
WBGene00007028,101,2829,2930
WBGene00007029,172,1117,1289
WBGene00007030,1257,11789,13046
WBGene00007036,4,18,22
WBGene00007041,99,334,433
WBGene00007042,199,6637,6836
WBGene00007043,9,448,457
WBGene00007044,280,3425,3705
WBGene00007045,3,461,464
WBGene00007047,103,524,627
WBGene00007048,96,3527,3623
WBGene00007049,7,48,55
WBGene00007050,645,6001,6646
WBGene00007053,206,6014,6220
WBGene00007054,776,3048,3824
WBGene00007055,103,3240,3343
WBGene00007056,93,535,628
WBGene00007057,0,22,22
WBGene00007058,184,3904,4088
WBGene00007059,28,514,542
WBGene00007060,3,2,5
WBGene00007062,2,0,2
WBGene00007063,104,383,487
WBGene00007064,371,462,833
WBGene00007065,25,221,246
WBGene00007067,109,678,787
WBGene00007068,144,990,1134
WBGene00007069,13,7,20
WBGene00007070,40,764,804
WBGene00007071,158,1520,1678
WBGene00007072,4,23,27
WBGene00007073,22,277,299
WBGene00007075,0,0,0
WBGene00007076,0,0,0
WBGene00007079,0,0,0
WBGene00007080,6,4,10
WBGene00007081,3,3,6
WBGene00007082,2,23,25
WBGene00007083,0,7,7
WBGene00007084,32,218,250
WBGene00007085,0,92,92
WBGene00007087,49,930,979
WBGene00007088,92,1712,1804
WBGene00007089,87,1149,1236
WBGene00007090,35,568,603
WBGene00007091,474,4317,4791
WBGene00007092,26,203,229
WBGene00007093,30,547,577
WBGene00007094,106,428,534
WBGene00007096,58,527,585
WBGene00007097,19,48,67
WBGene00007099,295,4439,4734
WBGene00007100,14,714,728
WBGene00007101,43,2558,2601
WBGene00007102,24,157,181
WBGene00007103,101,663,764
WBGene00007104,82,758,840
WBGene00007105,99,2982,3081
WBGene00007106,64,1903,1967
WBGene00007107,766,9171,9937
WBGene00007108,168,2088,2256
WBGene00007109,3,147,150
WBGene00007110,120,1873,1993
WBGene00007111,81,1889,1970
WBGene00007112,35,189,224
WBGene00007113,114,2151,2265
WBGene00007114,23,151,174
WBGene00007115,22,198,220
WBGene00007116,80,255,335
WBGene00007117,4,42,46
WBGene00007118,69,744,813
WBGene00007119,144,1067,1211
WBGene00007122,169,8200,8369
WBGene00007123,1,1,2
WBGene00007124,24,169,193
WBGene00007125,0,5,5
WBGene00007126,206,1043,1249
WBGene00007127,2,7,9
WBGene00007128,69,521,590
WBGene00007129,48,5456,5504
WBGene00007130,42,229,271
WBGene00007131,20,62,82
WBGene00007132,3,32,35
WBGene00007133,63,362,425
WBGene00007134,13,13,26
WBGene00007135,305,1187,1492
WBGene00007136,169,1558,1727
WBGene00007137,136,1681,1817
WBGene00007138,55,249,304
WBGene00007139,274,3056,3330
WBGene00007140,9,33,42
WBGene00007141,3,27,30
WBGene00007142,435,5620,6055
WBGene00007143,50,1313,1363
WBGene00007144,32,1208,1240
WBGene00007145,100,753,853
WBGene00007146,8,106,114
WBGene00007148,9,11,20
WBGene00007149,5,58,63
WBGene00007150,15,1174,1189
WBGene00007152,1,13,14
WBGene00007153,1,113,114
WBGene00007154,45,377,422
WBGene00007155,505,10469,10974
WBGene00007156,3,3,6
WBGene00007158,4,8,12
WBGene00007159,1,9,10
WBGene00007161,2,0,2
WBGene00007162,124,269,393
WBGene00007163,2,8,10
WBGene00007164,0,10,10
WBGene00007166,9,501,510
WBGene00007167,158,1159,1317
WBGene00007168,24,783,807
WBGene00007169,12,18,30
WBGene00007170,44,284,328
WBGene00007171,8,97,105
WBGene00007172,16,136,152
WBGene00007173,0,0,0
WBGene00007174,29,331,360
WBGene00007175,83,1012,1095
WBGene00007176,1301,937,2238
WBGene00007177,23,100,123
WBGene00007178,8,499,507
WBGene00007179,2,6,8
WBGene00007180,74,937,1011
WBGene00007182,1,1,2
WBGene00007183,9,123,132
WBGene00007184,217,4877,5094
WBGene00007185,105,850,955
WBGene00007186,57,1211,1268
WBGene00007187,51,300,351
WBGene00007188,110,709,819
WBGene00007189,37,500,537
WBGene00007190,7,28,35
WBGene00007191,40,145,185
WBGene00007192,679,9971,10650
WBGene00007193,114,1089,1203
WBGene00007194,17,1048,1065
WBGene00007195,129,1230,1359
WBGene00007196,148,348,496
WBGene00007197,764,6323,7087
WBGene00007200,191,1354,1545
WBGene00007201,170,4479,4649
WBGene00007202,25,318,343
WBGene00007203,5,381,386
WBGene00007204,10,10,20
WBGene00007206,0,0,0
WBGene00007207,117,1232,1349
WBGene00007208,0,0,0
WBGene00007209,6,0,6
WBGene00007210,45,196,241
WBGene00007211,2,2,4
WBGene00007212,14,59,73
WBGene00007213,48,352,400
WBGene00007214,195,1055,1250
WBGene00007215,86,1922,2008
WBGene00007216,255,1056,1311
WBGene00007217,154,3857,4011
WBGene00007218,87,6,93
WBGene00007219,64,2396,2460
WBGene00007220,8,26,34
WBGene00007221,72,564,636
WBGene00007222,32,72,104
WBGene00007223,304,6388,6692
WBGene00007224,21,48,69
WBGene00007225,1,45,46
WBGene00007226,128,1144,1272
WBGene00007227,317,7046,7363
WBGene00007228,23,194,217
WBGene00007229,27,61,88
WBGene00007230,3,13,16
WBGene00007231,43,64,107
WBGene00007232,46,153,199
WBGene00007233,19,581,600
WBGene00007234,1,577,578
WBGene00007235,517,11247,11764
WBGene00007236,2,393,395
WBGene00007237,77,439,516
WBGene00007239,0,1,1
WBGene00007240,58,821,879
WBGene00007241,72,468,540
WBGene00007242,35,558,593
WBGene00007243,0,13,13
WBGene00007244,0,7,7
WBGene00007245,0,1,1
WBGene00007246,0,27,27
WBGene00007247,32,199,231
WBGene00007248,0,11,11
WBGene00007249,2,3,5
WBGene00007250,0,24,24
WBGene00007251,0,12,12
WBGene00007252,60,228,288
WBGene00007253,43,319,362
WBGene00007254,22,80,102
WBGene00007255,15,80,95
WBGene00007256,213,4982,5195
WBGene00007257,512,2013,2525
WBGene00007258,77,641,718
WBGene00007259,22,1,23
WBGene00007260,482,1006,1488
WBGene00007261,94,3382,3476
WBGene00007262,25,137,162
WBGene00007264,19,77,96
WBGene00007265,0,12,12
WBGene00007266,72,889,961
WBGene00007267,39,393,432
WBGene00007268,22,114,136
WBGene00007269,6,9,15
WBGene00007270,34,979,1013
WBGene00007271,19,5,24
WBGene00007273,28,21,49
WBGene00007274,11,31,42
WBGene00007275,61,169,230
WBGene00007277,19,68,87
WBGene00007278,4,25,29
WBGene00007279,1,0,1
WBGene00007281,8,84,92
WBGene00007282,8,21,29
WBGene00007283,1,0,1
WBGene00007284,197,602,799
WBGene00007285,15,173,188
WBGene00007286,28,288,316
WBGene00007287,29,658,687
WBGene00007288,4,33,37
WBGene00007289,0,0,0
WBGene00007290,0,0,0
WBGene00007291,1,0,1
WBGene00007292,2,12,14
WBGene00007293,0,2,2
WBGene00007294,1,0,1
WBGene00007295,11,212,223
WBGene00007296,85,2034,2119
WBGene00007297,49,277,326
WBGene00007299,14,437,451
WBGene00007301,1781610,80,1781690
WBGene00007302,52,1261,1313
WBGene00007303,14,93,107
WBGene00007304,101,486,587
WBGene00007305,3,11,14
WBGene00007306,0,2,2
WBGene00007307,5,2,7
WBGene00007308,0,5,5
WBGene00007309,6,10,16
WBGene00007310,8,13,21
WBGene00007311,5,4,9
WBGene00007312,24,1100,1124
WBGene00007313,3,5,8
WBGene00007314,26,42,68
WBGene00007315,0,0,0
WBGene00007316,304,1911,2215
WBGene00007317,53,2814,2867
WBGene00007319,4,2,6
WBGene00007320,0,0,0
WBGene00007321,38,418,456
WBGene00007322,4,21,25
WBGene00007323,8,18,26
WBGene00007324,383,3011,3394
WBGene00007325,4,50,54
WBGene00007326,28,56,84
WBGene00007327,22,89,111
WBGene00007328,1,8,9
WBGene00007329,119,809,928
WBGene00007330,309,16240,16549
WBGene00007331,134,606,740
WBGene00007332,0,298,298
WBGene00007333,150,1309,1459
WBGene00007334,58,368,426
WBGene00007335,0,2,2
WBGene00007336,12,168,180
WBGene00007337,3,17,20
WBGene00007338,4,139,143
WBGene00007339,11,110,121
WBGene00007340,12,46,58
WBGene00007341,0,10,10
WBGene00007342,0,1,1
WBGene00007343,34,256,290
WBGene00007344,4,61,65
WBGene00007345,37,407,444
WBGene00007346,15,83,98
WBGene00007347,50,155,205
WBGene00007348,63,357,420
WBGene00007349,73,742,815
WBGene00007350,764,17110,17874
WBGene00007351,40,88,128
WBGene00007352,290,6258,6548
WBGene00007353,717,4506,5223
WBGene00007354,6,51,57
WBGene00007355,0,8268,8268
WBGene00007356,0,7,7
WBGene00007357,188,1179,1367
WBGene00007358,3,25,28
WBGene00007359,3,1,4
WBGene00007360,6,9,15
WBGene00007361,15,7,22
WBGene00007362,26,128,154
WBGene00007363,51,1664,1715
WBGene00007364,1,14,15
WBGene00007365,550,12119,12669
WBGene00007366,207,470,677
WBGene00007367,27,277,304
WBGene00007368,1,17,18
WBGene00007369,0,7,7
WBGene00007370,2,2,4
WBGene00007372,13,79,92
WBGene00007373,0,0,0
WBGene00007374,6,39,45
WBGene00007375,48,227,275
WBGene00007377,2,35,37
WBGene00007378,16,23,39
WBGene00007379,4,0,4
WBGene00007380,2,2,4
WBGene00007381,0,6,6
WBGene00007382,1,21,22
WBGene00007383,3,2,5
WBGene00007384,7,279,286
WBGene00007385,4684,58273,62957
WBGene00007386,94,1545,1639
WBGene00007387,340,477,817
WBGene00007388,67,595,662
WBGene00007389,52,420,472
WBGene00007390,3,2790,2793
WBGene00007391,0,27,27
WBGene00007392,0,10,10
WBGene00007393,4,15,19
WBGene00007394,18,54,72
WBGene00007395,61,448,509
WBGene00007396,67,659,726
WBGene00007397,9,69,78
WBGene00007398,1,18,19
WBGene00007399,12,13,25
WBGene00007400,74,2444,2518
WBGene00007401,0,0,0
WBGene00007402,70,775,845
WBGene00007403,57,675,732
WBGene00007404,11,14,25
WBGene00007405,219,3392,3611
WBGene00007406,1,2,3
WBGene00007407,2,147,149
WBGene00007408,15,208,223
WBGene00007409,65,203,268
WBGene00007410,18,26,44
WBGene00007411,24,434,458
WBGene00007412,37,966,1003
WBGene00007413,299,2894,3193
WBGene00007414,50,352,402
WBGene00007415,4,18,22
WBGene00007416,27,121,148
WBGene00007417,60,898,958
WBGene00007418,6,149,155
WBGene00007419,218,1879,2097
WBGene00007420,1,138,139
WBGene00007421,57,546,603
WBGene00007422,3,115,118
WBGene00007423,0,8,8
WBGene00007424,4,51,55
WBGene00007425,11,208,219
WBGene00007426,0,17,17
WBGene00007427,7,0,7
WBGene00007428,166,1948,2114
WBGene00007429,140,2623,2763
WBGene00007430,6,429,435
WBGene00007431,3,25,28
WBGene00007432,0,1,1
WBGene00007433,284,3462,3746
WBGene00007434,6,533,539
WBGene00007435,10,458,468
WBGene00007436,4,655,659
WBGene00007437,4,10,14
WBGene00007438,1,2,3
WBGene00007439,29,56,85
WBGene00007440,10,60,70
WBGene00007441,0,0,0
WBGene00007442,8,9,17
WBGene00007443,0,7814,7814
WBGene00007444,1285,1114,2399
WBGene00007445,21,272,293
WBGene00007446,1,2,3
WBGene00007447,0,4,4
WBGene00007448,2,13,15
WBGene00007449,431,7199,7630
WBGene00007450,802,6132,6934
WBGene00007452,6,4,10
WBGene00007453,0,9,9
WBGene00007454,1,14,15
WBGene00007455,21,404,425
WBGene00007456,0,1,1
WBGene00007457,1,1,2
WBGene00007458,1,0,1
WBGene00007459,1,0,1
WBGene00007460,22,413,435
WBGene00007462,15,112,127
WBGene00007463,154,14258,14412
WBGene00007464,25,246,271
WBGene00007465,41,56,97
WBGene00007466,0,14,14
WBGene00007467,0,36,36
WBGene00007469,2,14,16
WBGene00007470,0,28,28
WBGene00007471,2,22,24
WBGene00007472,2,5,7
WBGene00007473,0,2,2
WBGene00007474,53,636,689
WBGene00007476,139,1155,1294
WBGene00007478,1,2,3
WBGene00007479,52,1599,1651
WBGene00007480,124,321,445
WBGene00007482,16,94,110
WBGene00007483,7,47,54
WBGene00007484,5,98,103
WBGene00007485,8,19,27
WBGene00007486,109,539,648
WBGene00007487,123,1428,1551
WBGene00007488,100,1098,1198
WBGene00007489,3,11,14
WBGene00007490,110,605,715
WBGene00007492,357,3587,3944
WBGene00007493,18,873,891
WBGene00007494,8,17,25
WBGene00007495,55,299,354
WBGene00007496,2,3,5
WBGene00007497,1,0,1
WBGene00007499,199,443,642
WBGene00007500,164,1955,2119
WBGene00007501,12,40,52
WBGene00007502,69,339,408
WBGene00007503,10,31,41
WBGene00007504,23,382,405
WBGene00007505,420,2511,2931
WBGene00007506,14,31,45
WBGene00007507,8,67,75
WBGene00007508,2,13,15
WBGene00007509,8,78,86
WBGene00007511,110,1529,1639
WBGene00007512,3,5,8
WBGene00007513,25,147,172
WBGene00007514,117,3575,3692
WBGene00007515,5,103,108
WBGene00007516,45,677,722
WBGene00007517,10,133,143
WBGene00007518,11,81,92
WBGene00007520,106,1131,1237
WBGene00007521,9,8,17
WBGene00007522,12,68,80
WBGene00007523,0,0,0
WBGene00007525,5,160,165
WBGene00007528,25,242,267
WBGene00007529,47,594,641
WBGene00007530,17,87,104
WBGene00007531,76,950,1026
WBGene00007532,17,375,392
WBGene00007533,67,449,516
WBGene00007534,83,6475,6558
WBGene00007535,0,5,5
WBGene00007536,9,114,123
WBGene00007537,7,491,498
WBGene00007538,1,27,28
WBGene00007540,1,8,9
WBGene00007541,3,602,605
WBGene00007542,11,84,95
WBGene00007543,3,79,82
WBGene00007544,3,279,282
WBGene00007545,107,327,434
WBGene00007546,76,485,561
WBGene00007547,88,807,895
WBGene00007548,32,349,381
WBGene00007549,27,234,261
WBGene00007550,26,195,221
WBGene00007551,90,1169,1259
WBGene00007552,19,271,290
WBGene00007553,2,1202,1204
WBGene00007554,71,2884,2955
WBGene00007555,8,6145,6153
WBGene00007556,49,785,834
WBGene00007557,16,116,132
WBGene00007558,13,53,66
WBGene00007559,1,1,2
WBGene00007560,7,78,85
WBGene00007561,11,800,811
WBGene00007562,147,481,628
WBGene00007563,3,45,48
WBGene00007564,17,3226,3243
WBGene00007565,3,10,13
WBGene00007567,0,0,0
WBGene00007569,1,0,1
WBGene00007570,2,0,2
WBGene00007571,3,0,3
WBGene00007572,0,0,0
WBGene00007573,17,798,815
WBGene00007574,38,1338,1376
WBGene00007576,50,1028,1078
WBGene00007577,126,599,725
WBGene00007579,71,1149,1220
WBGene00007580,17,149,166
WBGene00007581,41,540,581
WBGene00007583,158,1284,1442
WBGene00007584,4,28,32
WBGene00007585,33,266,299
WBGene00007586,31,3718,3749
WBGene00007587,94,2824,2918
WBGene00007588,51,3586,3637
WBGene00007589,7,341,348
WBGene00007590,241,2581,2822
WBGene00007591,131,1564,1695
WBGene00007592,403,2509,2912
WBGene00007593,238,1467,1705
WBGene00007594,93,1677,1770
WBGene00007595,15,143,158
WBGene00007597,259,209,468
WBGene00007598,0,7,7
WBGene00007599,172,871,1043
WBGene00007600,10,479,489
WBGene00007601,3,13,16
WBGene00007602,474,1234,1708
WBGene00007603,43,249,292
WBGene00007604,1,162,163
WBGene00007605,16,566,582
WBGene00007606,28,789,817
WBGene00007607,7,176,183
WBGene00007608,19,146,165
WBGene00007609,7,761,768
WBGene00007610,1,1,2
WBGene00007611,5,16,21
WBGene00007613,0,17,17
WBGene00007614,184,799,983
WBGene00007615,100,944,1044
WBGene00007616,219,2569,2788
WBGene00007617,323,9132,9455
WBGene00007618,1,5,6
WBGene00007619,68,179,247
WBGene00007620,1686,1982,3668
WBGene00007621,319,2637,2956
WBGene00007622,97,278,375
WBGene00007623,136,1909,2045
WBGene00007624,3,437,440
WBGene00007625,165,3214,3379
WBGene00007626,54,1991,2045
WBGene00007627,33,1096,1129
WBGene00007628,171,1790,1961
WBGene00007629,89,314,403
WBGene00007630,25,23396,23421
WBGene00007631,19,10,29
WBGene00007632,2,20,22
WBGene00007633,88,214,302
WBGene00007634,0,47,47
WBGene00007635,207,529,736
WBGene00007636,12,14,26
WBGene00007637,170,1000,1170
WBGene00007638,0,0,0
WBGene00007639,6,13,19
WBGene00007640,147,698,845
WBGene00007641,0,3,3
WBGene00007642,0,1,1
WBGene00007643,7,48,55
WBGene00007644,4,55,59
WBGene00007645,407,2204,2611
WBGene00007646,346,5637,5983
WBGene00007647,489,3447,3936
WBGene00007648,1,11,12
WBGene00007649,1,2,3
WBGene00007650,19,99,118
WBGene00007651,112,830,942
WBGene00007652,77,1217,1294
WBGene00007653,180,4330,4510
WBGene00007655,120,1,121
WBGene00007656,2,2,4
WBGene00007657,5,5,10
WBGene00007658,4,4,8
WBGene00007659,0,5,5
WBGene00007660,0,1,1
WBGene00007661,4,1,5
WBGene00007662,8,11,19
WBGene00007663,5,16,21
WBGene00007664,117,1444,1561
WBGene00007666,162,1406,1568
WBGene00007668,87,1217,1304
WBGene00007669,6,34,40
WBGene00007670,40,125,165
WBGene00007672,5,27,32
WBGene00007673,0,0,0
WBGene00007674,0,0,0
WBGene00007675,41,296,337
WBGene00007678,2,3,5
WBGene00007679,42,2253,2295
WBGene00007680,35,80,115
WBGene00007681,652,4038,4690
WBGene00007682,9,42,51
WBGene00007683,905,10683,11588
WBGene00007684,1359,16892,18251
WBGene00007685,25,143,168
WBGene00007686,72,7537,7609
WBGene00007687,11,67,78
WBGene00007688,0,3,3
WBGene00007689,36,990,1026
WBGene00007690,436,658,1094
WBGene00007691,6,10,16
WBGene00007692,4,31,35
WBGene00007693,2,3,5
WBGene00007694,6,64,70
WBGene00007695,10,28,38
WBGene00007696,76,7082,7158
WBGene00007697,115,689,804
WBGene00007698,78,1005,1083
WBGene00007699,1,0,1
WBGene00007700,0,0,0
WBGene00007701,4,3,7
WBGene00007702,147,542,689
WBGene00007703,841,2809,3650
WBGene00007704,19,218,237
WBGene00007705,20,1039,1059
WBGene00007706,70,2355,2425
WBGene00007707,11,701,712
WBGene00007708,0,0,0
WBGene00007709,0,193,193
WBGene00007710,28,831,859
WBGene00007711,19,1055,1074
WBGene00007712,15,4380,4395
WBGene00007713,0,26,26
WBGene00007714,0,2,2
WBGene00007716,0,2,2
WBGene00007717,5,39,44
WBGene00007718,0,1970,1970
WBGene00007719,0,6,6
WBGene00007720,3,647,650
WBGene00007722,33,215,248
WBGene00007723,25,33,58
WBGene00007724,1,9,10
WBGene00007725,8,25,33
WBGene00007726,5,22,27
WBGene00007727,0,3,3
WBGene00007728,1,21,22
WBGene00007729,30,309,339
WBGene00007730,25,1200,1225
WBGene00007731,7,998,1005
WBGene00007732,1,31,32
WBGene00007733,0,8,8
WBGene00007734,2,0,2
WBGene00007735,3,2,5
WBGene00007736,50,563,613
WBGene00007739,60,39,99
WBGene00007740,0,2,2
WBGene00007741,70,279,349
WBGene00007742,18,8,26
WBGene00007743,19,113,132
WBGene00007744,386,560,946
WBGene00007745,87,457,544
WBGene00007746,38,451,489
WBGene00007747,5,8,13
WBGene00007748,12,26,38
WBGene00007749,36,662,698
WBGene00007750,56,924,980
WBGene00007751,23,39,62
WBGene00007752,344,1958,2302
WBGene00007753,74,475,549
WBGene00007755,57,219,276
WBGene00007756,154,933,1087
WBGene00007757,43,71,114
WBGene00007758,232,1690,1922
WBGene00007759,0,4,4
WBGene00007760,26,597,623
WBGene00007761,288,1851,2139
WBGene00007762,12,550,562
WBGene00007763,48,140,188
WBGene00007764,285,1502,1787
WBGene00007765,14,62,76
WBGene00007766,5,228,233
WBGene00007768,5,3,8
WBGene00007769,2,2,4
WBGene00007770,0,0,0
WBGene00007771,2,175,177
WBGene00007772,81,976,1057
WBGene00007773,2,2,4
WBGene00007774,95,918,1013
WBGene00007775,87,130,217
WBGene00007776,23,200,223
WBGene00007777,3,1,4
WBGene00007778,7,7,14
WBGene00007779,16,192,208
WBGene00007780,13,196,209
WBGene00007784,92,4344,4436
WBGene00007785,12,996,1008
WBGene00007786,134,7024,7158
WBGene00007787,20,2267,2287
WBGene00007788,11,78,89
WBGene00007789,17,104,121
WBGene00007791,16,27,43
WBGene00007792,1,3,4
WBGene00007793,1,2,3
WBGene00007794,0,0,0
WBGene00007795,1,0,1
WBGene00007796,27,130,157
WBGene00007797,26,160,186
WBGene00007799,294,854,1148
WBGene00007800,27,54,81
WBGene00007801,253,822,1075
WBGene00007802,38,23,61
WBGene00007804,0,35,35
WBGene00007805,1,0,1
WBGene00007806,1,32,33
WBGene00007807,12,143,155
WBGene00007808,11,31,42
WBGene00007809,4,12,16
WBGene00007810,9,60,69
WBGene00007811,26,296,322
WBGene00007812,276,2621,2897
WBGene00007813,11,6,17
WBGene00007816,173,136,309
WBGene00007817,113,212,325
WBGene00007818,13,99,112
WBGene00007819,11,222,233
WBGene00007820,163,1357,1520
WBGene00007822,8,11,19
WBGene00007823,31,76,107
WBGene00007824,1450,4508,5958
WBGene00007825,18,479,497
WBGene00007826,25,1507,1532
WBGene00007827,184,1992,2176
WBGene00007829,9,2,11
WBGene00007831,1,8,9
WBGene00007832,2,10,12
WBGene00007833,6,9,15
WBGene00007834,1,0,1
WBGene00007835,4,35,39
WBGene00007836,7,1492,1499
WBGene00007837,37,398,435
WBGene00007840,137,10,147
WBGene00007841,50,917,967
WBGene00007842,2,137,139
WBGene00007844,3,8,11
WBGene00007845,3,10,13
WBGene00007846,30,541,571
WBGene00007847,31,430,461
WBGene00007848,439,6332,6771
WBGene00007849,98,336,434
WBGene00007850,3,2,5
WBGene00007851,11,28,39
WBGene00007852,0,0,0
WBGene00007853,1,6,7
WBGene00007854,123,381,504
WBGene00007855,0,1506,1506
WBGene00007856,14,475,489
WBGene00007857,8,61,69
WBGene00007858,15,75,90
WBGene00007859,79,2134,2213
WBGene00007860,575,2291,2866
WBGene00007861,17,51,68
WBGene00007862,130,411,541
WBGene00007863,5,5,10
WBGene00007864,8,9,17
WBGene00007865,4,0,4
WBGene00007866,3,8,11
WBGene00007867,3,11,14
WBGene00007868,5,535,540
WBGene00007869,0,128,128
WBGene00007870,17,78,95
WBGene00007871,0,0,0
WBGene00007872,0,0,0
WBGene00007873,0,0,0
WBGene00007874,0,4,4
WBGene00007875,1,33,34
WBGene00007876,0,0,0
WBGene00007877,518,4342,4860
WBGene00007878,167,414,581
WBGene00007880,2147,13184,15331
WBGene00007881,113,3578,3691
WBGene00007882,93,3706,3799
WBGene00007883,197,5053,5250
WBGene00007885,56,383,439
WBGene00007886,106,441,547
WBGene00007887,2,5,7
WBGene00007888,20,37,57
WBGene00007890,39,264,303
WBGene00007891,3,30,33
WBGene00007892,9,1803,1812
WBGene00007893,3,8,11
WBGene00007894,4,13,17
WBGene00007895,3,2,5
WBGene00007896,13,27,40
WBGene00007897,7,23,30
WBGene00007898,8,239,247
WBGene00007900,64,1074,1138
WBGene00007901,8,428,436
WBGene00007903,13,128,141
WBGene00007904,18,33,51
WBGene00007905,5,6,11
WBGene00007906,33,492,525
WBGene00007907,1074,1743,2817
WBGene00007908,238,635,873
WBGene00007909,93,205,298
WBGene00007910,0,8,8
WBGene00007911,7,32,39
WBGene00007912,61,865,926
WBGene00007913,142,635,777
WBGene00007914,76,872,948
WBGene00007916,20,422,442
WBGene00007917,99,1109,1208
WBGene00007918,45,743,788
WBGene00007919,190,965,1155
WBGene00007920,0,7,7
WBGene00007921,149,1586,1735
WBGene00007922,182,987,1169
WBGene00007923,282,2199,2481
WBGene00007924,293,8189,8482
WBGene00007925,47,867,914
WBGene00007926,41,84,125
WBGene00007927,390,4990,5380
WBGene00007928,6,41,47
WBGene00007929,21,572,593
WBGene00007930,0,1,1
WBGene00007931,46,521,567
WBGene00007932,69,468,537
WBGene00007933,40,454,494
WBGene00007934,83,1898,1981
WBGene00007935,64,90,154
WBGene00007937,6,17,23
WBGene00007938,7,304,311
WBGene00007939,27,194,221
WBGene00007941,48,225,273
WBGene00007942,142,2139,2281
WBGene00007943,42,919,961
WBGene00007944,186,1611,1797
WBGene00007945,13,60,73
WBGene00007946,8,66,74
WBGene00007947,110,827,937
WBGene00007948,4,3,7
WBGene00007949,4,83,87
WBGene00007950,381,1998,2379
WBGene00007951,131,450,581
WBGene00007952,83,2546,2629
WBGene00007953,113,352,465
WBGene00007954,5,3,8
WBGene00007955,118,4721,4839
WBGene00007956,59,549,608
WBGene00007957,5,104,109
WBGene00007958,226,967,1193
WBGene00007959,115,600,715
WBGene00007960,0,0,0
WBGene00007961,0,6,6
WBGene00007963,2,6,8
WBGene00007964,5,143,148
WBGene00007965,30,442,472
WBGene00007966,10,216,226
WBGene00007967,38,352,390
WBGene00007969,55,3164,3219
WBGene00007970,27,201,228
WBGene00007971,191,3233,3424
WBGene00007972,124,914,1038
WBGene00007973,2,12,14
WBGene00007974,84,1468,1552
WBGene00007975,72,986,1058
WBGene00007976,47,560,607
WBGene00007977,4,17,21
WBGene00007978,53,446,499
WBGene00007979,41,908,949
WBGene00007980,173,4678,4851
WBGene00007981,146,2375,2521
WBGene00007982,147,1155,1302
WBGene00007983,115,647,762
WBGene00007984,110,1814,1924
WBGene00007985,77,154,231
WBGene00007986,3,2,5
WBGene00007987,0,1,1
WBGene00007988,28,135,163
WBGene00007989,7,100,107
WBGene00007990,1,38,39
WBGene00007991,27,276,303
WBGene00007992,3,121,124
WBGene00007993,126,4794,4920
WBGene00007994,80,388,468
WBGene00007995,9,0,9
WBGene00007996,4,26,30
WBGene00007997,5513,48,5561
WBGene00007998,0,1,1
WBGene00007999,11,260,271
WBGene00008000,43,1571,1614
WBGene00008001,2,1,3
WBGene00008002,67,436,503
WBGene00008003,7,257,264
WBGene00008005,30,322,352
WBGene00008006,123,982,1105
WBGene00008007,6,48,54
WBGene00008008,103,366,469
WBGene00008009,3,2,5
WBGene00008010,12,6,18
WBGene00008012,0,2,2
WBGene00008014,0,1,1
WBGene00008015,4,0,4
WBGene00008016,2,0,2
WBGene00008017,0,0,0
WBGene00008018,191,677,868
WBGene00008019,51,976,1027
WBGene00008020,5,112,117
WBGene00008021,14,228,242
WBGene00008022,75,362,437
WBGene00008023,5,186,191
WBGene00008024,5,8,13
WBGene00008025,25,444,469
WBGene00008027,10,147,157
WBGene00008028,14,77,91
WBGene00008029,0,3,3
WBGene00008030,0,10,10
WBGene00008031,16,52,68
WBGene00008032,116,3043,3159
WBGene00008033,27,165,192
WBGene00008034,266,3641,3907
WBGene00008035,39,1397,1436
WBGene00008036,2,3,5
WBGene00008037,3,14,17
WBGene00008038,6,4,10
WBGene00008039,21,522,543
WBGene00008040,315,4524,4839
WBGene00008041,333,5085,5418
WBGene00008042,6,22,28
WBGene00008043,35,182,217
WBGene00008044,3,4,7
WBGene00008045,19,255,274
WBGene00008047,19,45,64
WBGene00008049,6,10,16
WBGene00008050,33,667,700
WBGene00008051,89,374,463
WBGene00008052,60,801,861
WBGene00008053,106,3281,3387
WBGene00008054,21,15,36
WBGene00008056,1,5,6
WBGene00008057,3,6,9
WBGene00008058,0,4,4
WBGene00008059,0,0,0
WBGene00008060,0,0,0
WBGene00008061,6,126,132
WBGene00008062,15,128,143
WBGene00008063,3,30,33
WBGene00008064,619,78,697
WBGene00008065,71,343,414
WBGene00008066,0,49,49
WBGene00008067,0,1,1
WBGene00008068,1,0,1
WBGene00008069,0,0,0
WBGene00008070,1,53,54
WBGene00008071,7,8,15
WBGene00008072,2,20,22
WBGene00008073,3,149,152
WBGene00008074,4,7,11
WBGene00008075,65,193,258
WBGene00008076,38,677,715
WBGene00008077,3,28,31
WBGene00008078,37,456,493
WBGene00008079,3,23,26
WBGene00008080,1,48,49
WBGene00008081,169,793,962
WBGene00008082,55,212,267
WBGene00008084,8,23,31
WBGene00008085,34,461,495
WBGene00008086,3,32,35
WBGene00008087,3,2,5
WBGene00008088,0,2,2
WBGene00008089,127,872,999
WBGene00008090,0,0,0
WBGene00008091,6,27,33
WBGene00008092,0,5,5
WBGene00008093,21,19,40
WBGene00008094,348,580,928
WBGene00008095,13,80,93
WBGene00008096,11,256,267
WBGene00008097,0,18,18
WBGene00008099,6,48,54
WBGene00008100,79,475,554
WBGene00008101,4,27,31
WBGene00008102,2,13,15
WBGene00008105,3,4,7
WBGene00008106,4,15,19
WBGene00008107,31,1082,1113
WBGene00008110,402,5259,5661
WBGene00008111,7,41,48
WBGene00008113,8,10,18
WBGene00008114,5,117,122
WBGene00008116,21,125,146
WBGene00008117,35,3296,3331
WBGene00008118,192,850,1042
WBGene00008119,408,1779,2187
WBGene00008120,356,1384,1740
WBGene00008121,119,2642,2761
WBGene00008122,0,4,4
WBGene00008123,7,44,51
WBGene00008124,5,8,13
WBGene00008125,0,0,0
WBGene00008126,3,3,6
WBGene00008127,31,45,76
WBGene00008128,16,189,205
WBGene00008129,6,19,25
WBGene00008130,12,135,147
WBGene00008131,58,1174,1232
WBGene00008132,178,1262,1440
WBGene00008133,160,385,545
WBGene00008134,93,1162,1255
WBGene00008136,81,1286,1367
WBGene00008137,3,18,21
WBGene00008138,5,16,21
WBGene00008139,4,129,133
WBGene00008140,615,444,1059
WBGene00008141,0,7,7
WBGene00008142,43,322,365
WBGene00008143,115,1372,1487
WBGene00008144,75,555,630
WBGene00008145,90,333,423
WBGene00008146,9,13,22
WBGene00008147,185,2278,2463
WBGene00008148,29,447,476
WBGene00008149,309,18065,18374
WBGene00008150,27,51,78
WBGene00008151,172,4441,4613
WBGene00008152,36,538,574
WBGene00008153,3,9,12
WBGene00008154,0,1,1
WBGene00008155,9,21,30
WBGene00008156,3,2,5
WBGene00008157,1,2,3
WBGene00008158,3,2,5
WBGene00008159,3,1,4
WBGene00008160,1,0,1
WBGene00008161,3,5,8
WBGene00008162,8,1,9
WBGene00008163,0,1,1
WBGene00008164,41,2372,2413
WBGene00008165,40,985,1025
WBGene00008166,45,903,948
WBGene00008167,19,95,114
WBGene00008168,90,1048,1138
WBGene00008169,13,147,160
WBGene00008170,25,327,352
WBGene00008171,1,86,87
WBGene00008172,8,135,143
WBGene00008173,9,458,467
WBGene00008174,30,190,220
WBGene00008175,0,14,14
WBGene00008176,1,21,22
WBGene00008177,36,343,379
WBGene00008178,152,47,199
WBGene00008180,9,47,56
WBGene00008183,1260,1535,2795
WBGene00008184,3,18,21
WBGene00008185,21,2,23
WBGene00008186,7,9,16
WBGene00008187,37,8,45
WBGene00008188,4,2,6
WBGene00008190,26,20,46
WBGene00008191,273,10592,10865
WBGene00008194,37,192,229
WBGene00008195,119,698,817
WBGene00008196,70,792,862
WBGene00008197,51,401,452
WBGene00008198,37,1409,1446
WBGene00008199,7,81,88
WBGene00008200,0,12,12
WBGene00008201,0,5,5
WBGene00008202,0,16,16
WBGene00008203,83,512,595
WBGene00008204,28,486,514
WBGene00008205,656,32319,32975
WBGene00008206,90,852,942
WBGene00008207,1,24,25
WBGene00008208,8,57,65
WBGene00008209,0,11,11
WBGene00008210,0,41,41
WBGene00008211,0,196,196
WBGene00008212,21,199,220
WBGene00008213,337,52,389
WBGene00008214,115,627,742
WBGene00008215,15,2314,2329
WBGene00008216,13,71,84
WBGene00008217,0,1,1
WBGene00008218,21,2089,2110
WBGene00008219,19,956,975
WBGene00008220,3,42,45
WBGene00008221,46,833,879
WBGene00008222,17,131,148
WBGene00008223,6,9,15
WBGene00008224,161,2651,2812
WBGene00008225,35,1279,1314
WBGene00008226,34,370,404
WBGene00008227,61,295,356
WBGene00008228,1,152,153
WBGene00008229,13,230,243
WBGene00008230,32,104,136
WBGene00008231,1,10,11
WBGene00008232,20,456,476
WBGene00008233,23,799,822
WBGene00008234,1,47,48
WBGene00008235,7,83,90
WBGene00008236,34,235,269
WBGene00008237,119,1323,1442
WBGene00008238,29,763,792
WBGene00008239,11,61,72
WBGene00008240,3,9,12
WBGene00008241,0,1,1
WBGene00008242,11,67,78
WBGene00008243,0,3,3
WBGene00008244,1,1,2
WBGene00008245,0,6,6
WBGene00008246,0,13,13
WBGene00008247,0,3,3
WBGene00008248,15,116,131
WBGene00008249,26,65,91
WBGene00008250,6,25,31
WBGene00008251,3,35,38
WBGene00008252,13,136,149
WBGene00008254,285,5234,5519
WBGene00008255,46,337,383
WBGene00008256,35,234,269
WBGene00008257,2,136,138
WBGene00008258,73,1097,1170
WBGene00008259,4,11,15
WBGene00008260,36,422,458
WBGene00008261,13,23,36
WBGene00008262,1095,56346,57441
WBGene00008263,196,152,348
WBGene00008265,133,252,385
WBGene00008266,52,651,703
WBGene00008267,7,58,65
WBGene00008268,1,0,1
WBGene00008269,2,80,82
WBGene00008270,130,436,566
WBGene00008271,8,8,16
WBGene00008272,41,44,85
WBGene00008273,49,514,563
WBGene00008274,411,2908,3319
WBGene00008275,40,585,625
WBGene00008277,26,24,50
WBGene00008278,86,258,344
WBGene00008279,66,2,68
WBGene00008280,78,181,259
WBGene00008281,37,593,630
WBGene00008283,74,766,840
WBGene00008284,158,1353,1511
WBGene00008285,30,19,49
WBGene00008286,13,20,33
WBGene00008287,153,1213,1366
WBGene00008288,82,1081,1163
WBGene00008289,0,0,0
WBGene00008290,5,31,36
WBGene00008291,0,3,3
WBGene00008292,27,403,430
WBGene00008293,3,0,3
WBGene00008294,3,7,10
WBGene00008295,0,0,0
WBGene00008296,44,291,335
WBGene00008297,2,17,19
WBGene00008298,98,1567,1665
WBGene00008299,4,3,7
WBGene00008300,4,314,318
WBGene00008301,9,6,15
WBGene00008302,4,21,25
WBGene00008303,34,113,147
WBGene00008304,6,71,77
WBGene00008306,9,15,24
WBGene00008307,165,375,540
WBGene00008308,6,5,11
WBGene00008309,10,44,54
WBGene00008310,124,1184,1308
WBGene00008311,103,1373,1476
WBGene00008312,3,5,8
WBGene00008313,3,9,12
WBGene00008314,58,154,212
WBGene00008315,297,1794,2091
WBGene00008316,66,528,594
WBGene00008317,60,638,698
WBGene00008318,15,457,472
WBGene00008319,0,0,0
WBGene00008320,38,215,253
WBGene00008321,3,1,4
WBGene00008322,1,1,2
WBGene00008323,10,328,338
WBGene00008324,2,34,36
WBGene00008325,1,12,13
WBGene00008326,0,2,2
WBGene00008327,0,2,2
WBGene00008328,4,0,4
WBGene00008329,5,0,5
WBGene00008330,18,1090,1108
WBGene00008331,199,2243,2442
WBGene00008332,46,449,495
WBGene00008333,21,499,520
WBGene00008334,100,747,847
WBGene00008335,35,517,552
WBGene00008336,11,129,140
WBGene00008338,260,2694,2954
WBGene00008339,52,977,1029
WBGene00008340,2,4,6
WBGene00008341,11,295,306
WBGene00008342,67,257,324
WBGene00008343,14,585,599
WBGene00008344,141,1288,1429
WBGene00008345,86,1892,1978
WBGene00008346,21,67,88
WBGene00008348,127,468,595
WBGene00008352,2,24,26
WBGene00008353,9,524,533
WBGene00008354,32,494,526
WBGene00008355,19,71,90
WBGene00008356,39,48294,48333
WBGene00008357,15,6077,6092
WBGene00008358,37,7943,7980
WBGene00008359,96,17681,17777
WBGene00008360,4,8034,8038
WBGene00008361,30,399,429
WBGene00008362,88,491,579
WBGene00008363,11,356,367
WBGene00008364,20,582,602
WBGene00008365,10,51,61
WBGene00008366,311,1225,1536
WBGene00008367,0,1,1
WBGene00008368,80,354,434
WBGene00008369,82,314,396
WBGene00008370,211,1633,1844
WBGene00008371,162,1355,1517
WBGene00008372,4,12,16
WBGene00008375,10,941,951
WBGene00008376,47,354,401
WBGene00008377,0,1,1
WBGene00008378,0,2,2
WBGene00008379,7,216,223
WBGene00008380,92,1464,1556
WBGene00008381,8,7,15
WBGene00008382,46,413,459
WBGene00008383,9,49,58
WBGene00008384,13,118,131
WBGene00008385,18,393,411
WBGene00008386,347,4249,4596
WBGene00008387,30,168,198
WBGene00008388,32,152,184
WBGene00008389,62,1440,1502
WBGene00008390,77,541,618
WBGene00008392,1506,10427,11933
WBGene00008393,1,12,13
WBGene00008394,1,2,3
WBGene00008395,573,6313,6886
WBGene00008396,0,20,20
WBGene00008397,0,0,0
WBGene00008398,414,4272,4686
WBGene00008399,47,298,345
WBGene00008400,122,1254,1376
WBGene00008401,33,76,109
WBGene00008402,57,916,973
WBGene00008403,30,153,183
WBGene00008404,47,1323,1370
WBGene00008405,39,1949,1988
WBGene00008407,459,1871,2330
WBGene00008408,41,1033,1074
WBGene00008409,87,3049,3136
WBGene00008410,55,1061,1116
WBGene00008411,119,1215,1334
WBGene00008412,138,1074,1212
WBGene00008413,45,1101,1146
WBGene00008414,490,13717,14207
WBGene00008415,245,9361,9606
WBGene00008417,47,401,448
WBGene00008418,41,289,330
WBGene00008419,561,2969,3530
WBGene00008420,188,1862,2050
WBGene00008421,81,323,404
WBGene00008422,35,1528,1563
WBGene00008423,5,413,418
WBGene00008424,12,179,191
WBGene00008425,6,46,52
WBGene00008426,167,1061,1228
WBGene00008427,11,59,70
WBGene00008428,47,1231,1278
WBGene00008429,101,900,1001
WBGene00008430,234,1760,1994
WBGene00008431,207,668,875
WBGene00008432,117,1080,1197
WBGene00008433,2,4,6
WBGene00008434,65,1768,1833
WBGene00008435,51,290,341
WBGene00008436,265,2978,3243
WBGene00008438,863,2509,3372
WBGene00008439,147,819,966
WBGene00008440,9,191,200
WBGene00008441,178,607,785
WBGene00008442,200,820,1020
WBGene00008443,2148,1319,3467
WBGene00008444,540,1083,1623
WBGene00008446,800,6551,7351
WBGene00008447,53,658,711
WBGene00008448,1,23,24
WBGene00008449,5,67,72
WBGene00008450,25,1698,1723
WBGene00008451,17,76,93
WBGene00008452,162,3463,3625
WBGene00008453,190,2285,2475
WBGene00008454,22,1019,1041
WBGene00008455,141,2270,2411
WBGene00008456,9,525,534
WBGene00008457,64,403,467
WBGene00008458,122,1388,1510
WBGene00008459,138,1604,1742
WBGene00008460,61,61,122
WBGene00008462,5,28,33
WBGene00008463,3,22,25
WBGene00008464,1,2,3
WBGene00008468,14,7,21
WBGene00008470,1,1,2
WBGene00008471,0,0,0
WBGene00008472,5,3,8
WBGene00008473,1,0,1
WBGene00008474,0,0,0
WBGene00008475,6,12,18
WBGene00008476,29,152,181
WBGene00008477,0,36,36
WBGene00008478,1,2,3
WBGene00008479,0,0,0
WBGene00008480,157,5509,5666
WBGene00008481,25,175,200
WBGene00008482,6,24,30
WBGene00008483,4,23,27
WBGene00008484,35,4402,4437
WBGene00008485,4,10,14
WBGene00008486,4,350,354
WBGene00008488,45,453,498
WBGene00008489,24,34,58
WBGene00008490,26,468,494
WBGene00008491,121,172,293
WBGene00008492,7,134,141
WBGene00008493,0,5,5
WBGene00008494,4,64,68
WBGene00008495,12,253,265
WBGene00008496,24,262,286
WBGene00008497,5,1,6
WBGene00008498,14,43,57
WBGene00008499,34,86,120
WBGene00008500,76,156,232
WBGene00008502,154,1490,1644
WBGene00008503,14,334,348
WBGene00008504,18,1000,1018
WBGene00008505,1149,44557,45706
WBGene00008506,63,5369,5432
WBGene00008507,0,1,1
WBGene00008508,1,4,5
WBGene00008509,0,12,12
WBGene00008510,357,3252,3609
WBGene00008511,12,91,103
WBGene00008512,18,87,105
WBGene00008513,72,232,304
WBGene00008514,313,5421,5734
WBGene00008515,108,420,528
WBGene00008516,17,254,271
WBGene00008517,22,123,145
WBGene00008518,15,92,107
WBGene00008519,147,367,514
WBGene00008520,39,90,129
WBGene00008521,152,2086,2238
WBGene00008522,5,1082,1087
WBGene00008523,4,0,4
WBGene00008524,7,5,12
WBGene00008526,3,9,12
WBGene00008527,3,2,5
WBGene00008528,184,1550,1734
WBGene00008529,21,63,84
WBGene00008530,203,4259,4462
WBGene00008531,94,716,810
WBGene00008532,151,2909,3060
WBGene00008533,202,897,1099
WBGene00008535,7,10,17
WBGene00008536,3,4,7
WBGene00008538,676,4920,5596
WBGene00008539,1,0,1
WBGene00008540,4,9,13
WBGene00008541,2,3,5
WBGene00008542,21,62,83
WBGene00008543,48,726,774
WBGene00008545,24,30,54
WBGene00008546,124,1126,1250
WBGene00008547,81,910,991
WBGene00008548,40,203,243
WBGene00008549,618,7996,8614
WBGene00008550,4,10,14
WBGene00008551,1,9,10
WBGene00008552,1,3,4
WBGene00008553,0,88,88
WBGene00008554,343,6900,7243
WBGene00008555,1268,2489,3757
WBGene00008556,16,24,40
WBGene00008557,173,356,529
WBGene00008558,9,133,142
WBGene00008559,8,26,34
WBGene00008560,5,28,33
WBGene00008561,12,79,91
WBGene00008563,4,1372,1376
WBGene00008564,51,451,502
WBGene00008565,33,346,379
WBGene00008566,3,8,11
WBGene00008567,6,34,40
WBGene00008568,19,55,74
WBGene00008569,11,294,305
WBGene00008570,536,1147,1683
WBGene00008571,185,493,678
WBGene00008572,496,11639,12135
WBGene00008574,0,1,1
WBGene00008575,18,288,306
WBGene00008576,0,1514,1514
WBGene00008577,0,1447,1447
WBGene00008578,61,386,447
WBGene00008579,346,545,891
WBGene00008580,6,69,75
WBGene00008581,1,1,2
WBGene00008582,204,4465,4669
WBGene00008583,83,233,316
WBGene00008584,48,379,427
WBGene00008585,69,625,694
WBGene00008586,181,2972,3153
WBGene00008587,28,305,333
WBGene00008588,20,176,196
WBGene00008589,126,757,883
WBGene00008590,0,13,13
WBGene00008591,6,173,179
WBGene00008592,7,389,396
WBGene00008593,3,11,14
WBGene00008594,15,58,73
WBGene00008595,11,54,65
WBGene00008596,6,17,23
WBGene00008597,8,4,12
WBGene00008598,4,14,18
WBGene00008599,7,34,41
WBGene00008600,264,76,340
WBGene00008601,1713,3240,4953
WBGene00008602,54,233,287
WBGene00008603,684,8019,8703
WBGene00008604,130,861,991
WBGene00008605,93,717,810
WBGene00008606,42,621,663
WBGene00008607,77,632,709
WBGene00008609,16,12,28
WBGene00008610,89,2270,2359
WBGene00008611,0,4,4
WBGene00008612,33,4,37
WBGene00008613,3,85,88
WBGene00008615,4,4,8
WBGene00008616,1,26,27
WBGene00008617,1,3,4
WBGene00008618,2,5,7
WBGene00008619,1,2,3
WBGene00008620,1,4,5
WBGene00008621,30,86,116
WBGene00008622,218,2576,2794
WBGene00008623,107,13,120
WBGene00008624,235,1943,2178
WBGene00008625,6,44,50
WBGene00008626,38,400,438
WBGene00008627,2,5,7
WBGene00008628,42,3672,3714
WBGene00008629,17,214,231
WBGene00008630,3,48,51
WBGene00008631,1,1,2
WBGene00008632,4,23,27
WBGene00008633,0,34,34
WBGene00008634,1,22,23
WBGene00008636,0,3,3
WBGene00008637,0,3,3
WBGene00008638,0,0,0
WBGene00008639,51,545,596
WBGene00008640,3,36,39
WBGene00008641,14,327,341
WBGene00008642,4,1117,1121
WBGene00008643,4,119,123
WBGene00008644,27,70,97
WBGene00008645,31,891,922
WBGene00008646,34,584,618
WBGene00008647,12,179,191
WBGene00008648,107,935,1042
WBGene00008649,8,6,14
WBGene00008650,9,36,45
WBGene00008651,2,8,10
WBGene00008652,13,282,295
WBGene00008654,49,28,77
WBGene00008655,68,365,433
WBGene00008656,16,204,220
WBGene00008659,1,6,7
WBGene00008660,2,7,9
WBGene00008661,4,2,6
WBGene00008662,58,384,442
WBGene00008663,42,1167,1209
WBGene00008664,11,2152,2163
WBGene00008665,5887,852,6739
WBGene00008666,100,834,934
WBGene00008667,103,456,559
WBGene00008668,31,10,41
WBGene00008669,69,570,639
WBGene00008670,211,1153,1364
WBGene00008671,0,10,10
WBGene00008672,0,1,1
WBGene00008673,2,3,5
WBGene00008674,0,1,1
WBGene00008675,0,1,1
WBGene00008676,3,2,5
WBGene00008677,3,30,33
WBGene00008678,0,8,8
WBGene00008679,0,8,8
WBGene00008680,3,10,13
WBGene00008681,36,348,384
WBGene00008682,112,2422,2534
WBGene00008683,202,1498,1700
WBGene00008684,43,715,758
WBGene00008685,106,785,891
WBGene00008686,86,591,677
WBGene00008687,22,902,924
WBGene00008688,314,3362,3676
WBGene00008690,321,1877,2198
WBGene00008691,25,749,774
WBGene00008692,31,70,101
WBGene00008693,2,49,51
WBGene00008694,939,5415,6354
WBGene00008695,39,118,157
WBGene00008696,0,3,3
WBGene00008698,3,0,3
WBGene00008699,3,0,3
WBGene00008700,0,0,0
WBGene00008701,3,3,6
WBGene00008702,0,0,0
WBGene00008703,0,0,0
WBGene00008706,2267,7278,9545
WBGene00008707,27,2285,2312
WBGene00008708,23,87,110
WBGene00008709,17,14,31
WBGene00008710,25,1101,1126
WBGene00008711,78,236,314
WBGene00008712,30,142,172
WBGene00008713,45,292,337
WBGene00008714,27,61,88
WBGene00008716,0,1,1
WBGene00008717,0,2,2
WBGene00008719,22,52,74
WBGene00008720,89,2677,2766
WBGene00008722,20,907,927
WBGene00008724,2,6,8
WBGene00008725,2,0,2
WBGene00008726,26,198,224
WBGene00008727,7,34,41
WBGene00008728,6,30,36
WBGene00008729,215,4005,4220
WBGene00008730,16,34,50
WBGene00008731,19,32,51
WBGene00008732,17,139,156
WBGene00008733,51,570,621
WBGene00008734,3,6,9
WBGene00008735,441,1543,1984
WBGene00008736,36,216,252
WBGene00008737,18,65,83
WBGene00008739,18,62,80
WBGene00008740,5,373,378
WBGene00008741,68,852,920
WBGene00008742,38,438,476
WBGene00008743,8,166,174
WBGene00008744,146,2542,2688
WBGene00008745,89,6432,6521
WBGene00008746,161,302,463
WBGene00008747,11,111,122
WBGene00008748,42,1090,1132
WBGene00008749,38,733,771
WBGene00008750,301,655,956
WBGene00008751,0,0,0
WBGene00008752,0,0,0
WBGene00008753,0,0,0
WBGene00008754,3,51,54
WBGene00008755,1,32,33
WBGene00008757,0,85,85
WBGene00008758,5,15,20
WBGene00008759,1,1,2
WBGene00008760,22,894,916
WBGene00008761,53,801,854
WBGene00008762,2,386,388
WBGene00008763,52,240,292
WBGene00008764,37,2330,2367
WBGene00008765,116,7347,7463
WBGene00008766,97,867,964
WBGene00008767,32,1534,1566
WBGene00008768,866,7415,8281
WBGene00008769,41,2336,2377
WBGene00008770,68,1570,1638
WBGene00008772,1,1,2
WBGene00008773,18,209,227
WBGene00008774,29,366,395
WBGene00008775,101,1041,1142
WBGene00008776,18,138,156
WBGene00008777,161,3386,3547
WBGene00008778,4,14,18
WBGene00008779,79,227,306
WBGene00008780,246,1415,1661
WBGene00008781,138,2253,2391
WBGene00008782,1,5,6
WBGene00008783,181,1022,1203
WBGene00008784,0,5,5
WBGene00008785,2,5,7
WBGene00008786,3,3,6
WBGene00008787,8,22,30
WBGene00008788,2,2,4
WBGene00008789,2,16,18
WBGene00008790,6,4,10
WBGene00008792,0,23,23
WBGene00008793,13,44,57
WBGene00008794,1,16,17
WBGene00008795,15,73,88
WBGene00008796,1,5,6
WBGene00008797,1,21,22
WBGene00008798,1,69,70
WBGene00008799,2,38,40
WBGene00008800,158,3072,3230
WBGene00008801,12,15,27
WBGene00008802,11,69,80
WBGene00008803,640,3838,4478
WBGene00008804,35,117,152
WBGene00008805,80,1000,1080
WBGene00008806,16,428,444
WBGene00008807,16,220,236
WBGene00008808,21,38,59
WBGene00008809,7,8,15
WBGene00008810,44,145,189
WBGene00008811,1,3,4
WBGene00008812,8,1,9
WBGene00008814,1,0,1
WBGene00008815,0,4,4
WBGene00008816,0,0,0
WBGene00008817,0,0,0
WBGene00008818,3,6,9
WBGene00008819,485,1099,1584
WBGene00008820,35,3925,3960
WBGene00008821,0,0,0
WBGene00008822,1,2,3
WBGene00008823,1,3,4
WBGene00008824,0,2,2
WBGene00008825,1,3,4
WBGene00008826,3,10,13
WBGene00008828,0,3,3
WBGene00008829,11,4,15
WBGene00008830,1,19,20
WBGene00008831,4,12,16
WBGene00008832,100,1006,1106
WBGene00008833,20,1724,1744
WBGene00008834,14,1991,2005
WBGene00008835,12,366,378
WBGene00008837,2,0,2
WBGene00008838,11,39,50
WBGene00008839,1,1,2
WBGene00008840,3,87,90
WBGene00008841,1574,15264,16838
WBGene00008843,1,1,2
WBGene00008844,1,5,6
WBGene00008847,1,5,6
WBGene00008848,11,328,339
WBGene00008849,40,11,51
WBGene00008850,3,20,23
WBGene00008851,134,679,813
WBGene00008852,1049,4907,5956
WBGene00008853,3,1,4
WBGene00008854,18,2,20
WBGene00008855,2,5,7
WBGene00008856,369,1839,2208
WBGene00008857,23,12858,12881
WBGene00008858,5,21,26
WBGene00008859,2,468,470
WBGene00008860,1045,10745,11790
WBGene00008861,28,925,953
WBGene00008862,14,80,94
WBGene00008863,0,4,4
WBGene00008865,116,3283,3399
WBGene00008866,22,16,38
WBGene00008868,276,326,602
WBGene00008869,13,43,56
WBGene00008870,2,12,14
WBGene00008871,1,1,2
WBGene00008872,2,0,2
WBGene00008874,5,22,27
WBGene00008875,5,267,272
WBGene00008876,166,740,906
WBGene00008877,102,690,792
WBGene00008878,1210,2711,3921
WBGene00008879,78,193,271
WBGene00008880,66,505,571
WBGene00008881,1,17,18
WBGene00008882,89,1283,1372
WBGene00008883,10,71,81
WBGene00008884,3,21,24
WBGene00008885,51,549,600
WBGene00008886,42,61,103
WBGene00008887,61,778,839
WBGene00008889,4,8,12
WBGene00008890,47,152,199
WBGene00008891,1,81,82
WBGene00008892,14,68,82
WBGene00008893,10,0,10
WBGene00008894,12,21,33
WBGene00008897,10,61,71
WBGene00008898,0,0,0
WBGene00008899,5,0,5
WBGene00008900,3,31,34
WBGene00008901,954,14,968
WBGene00008902,3,5,8
WBGene00008903,5,7,12
WBGene00008904,0,27,27
WBGene00008905,4,27,31
WBGene00008906,0,1,1
WBGene00008907,1,0,1
WBGene00008908,5,2,7
WBGene00008909,1,4,5
WBGene00008910,136,1888,2024
WBGene00008911,0,0,0
WBGene00008912,2,48,50
WBGene00008914,161,7570,7731
WBGene00008915,150,9116,9266
WBGene00008916,82,54,136
WBGene00008917,19,23,42
WBGene00008918,8,610,618
WBGene00008919,234,2832,3066
WBGene00008920,18680,175182,193862
WBGene00008921,104,1200,1304
WBGene00008922,194,3972,4166
WBGene00008923,51,116,167
WBGene00008924,93,590,683
WBGene00008925,120,3403,3523
WBGene00008926,73,620,693
WBGene00008927,287,1249,1536
WBGene00008928,11,2,13
WBGene00008929,56,1156,1212
WBGene00008930,451,3609,4060
WBGene00008932,258,812,1070
WBGene00008934,273,1751,2024
WBGene00008935,3,21,24
WBGene00008936,5,107,112
WBGene00008937,3,6,9
WBGene00008939,175,1189,1364
WBGene00008940,128,892,1020
WBGene00008944,34,264,298
WBGene00008945,5,19,24
WBGene00008946,8,0,8
WBGene00008947,4,3,7
WBGene00008948,111,2886,2997
WBGene00008949,1,23,24
WBGene00008950,0,3,3
WBGene00008951,238,1545,1783
WBGene00008952,39,282,321
WBGene00008953,121,484,605
WBGene00008954,11,20,31
WBGene00008955,12,29,41
WBGene00008956,77,346,423
WBGene00008957,73,1236,1309
WBGene00008958,0,3,3
WBGene00008959,0,0,0
WBGene00008960,4,2,6
WBGene00008961,24,1154,1178
WBGene00008963,88,2432,2520
WBGene00008964,338,899,1237
WBGene00008965,36,36,72
WBGene00008967,2,163,165
WBGene00008968,8,99,107
WBGene00008969,76,319,395
WBGene00008970,26,241,267
WBGene00008971,41,1058,1099
WBGene00008972,2,4,6
WBGene00008973,28,2876,2904
WBGene00008974,150,1052,1202
WBGene00008975,46,2201,2247
WBGene00008976,3,63,66
WBGene00008977,26,122,148
WBGene00008978,36,391,427
WBGene00008979,44,1009,1053
WBGene00008980,102,2240,2342
WBGene00008981,0,0,0
WBGene00008982,0,0,0
WBGene00008983,2,1,3
WBGene00008984,0,0,0
WBGene00008985,14,83,97
WBGene00008986,137,1182,1319
WBGene00008987,169,1344,1513
WBGene00008988,14,43,57
WBGene00008989,35,381,416
WBGene00008990,109,2010,2119
WBGene00008991,36,52,88
WBGene00008992,0,92,92
WBGene00008993,53,293,346
WBGene00008994,4,36,40
WBGene00008995,78,216,294
WBGene00008996,39,308,347
WBGene00008997,114,280,394
WBGene00008998,322,2409,2731
WBGene00008999,753,4520,5273
WBGene00009000,19,49,68
WBGene00009001,5,1,6
WBGene00009002,177,2746,2923
WBGene00009004,419,12691,13110
WBGene00009005,12,5,17
WBGene00009006,19,445,464
WBGene00009007,37,1328,1365
WBGene00009008,55,363,418
WBGene00009009,11,304,315
WBGene00009010,48,855,903
WBGene00009011,39,1237,1276
WBGene00009012,135,4012,4147
WBGene00009013,102,3140,3242
WBGene00009014,21,132,153
WBGene00009015,15,21,36
WBGene00009016,4,0,4
WBGene00009017,0,1,1
WBGene00009018,34,208,242
WBGene00009021,1,2,3
WBGene00009022,10,16,26
WBGene00009023,16,165,181
WBGene00009024,14,56,70
WBGene00009025,67,448,515
WBGene00009026,25,242,267
WBGene00009027,92,579,671
WBGene00009028,6,3,9
WBGene00009029,1,54,55
WBGene00009030,11,90,101
WBGene00009031,1,11,12
WBGene00009032,1,5,6
WBGene00009033,1,3,4
WBGene00009035,12,98,110
WBGene00009036,1,0,1
WBGene00009038,45,1,46
WBGene00009039,8,15,23
WBGene00009041,3,68,71
WBGene00009042,15,610,625
WBGene00009043,1,10,11
WBGene00009044,10,8,18
WBGene00009045,27,2016,2043
WBGene00009046,1,0,1
WBGene00009048,26,2417,2443
WBGene00009049,153,3595,3748
WBGene00009050,431,14073,14504
WBGene00009051,677,11845,12522
WBGene00009052,130,2105,2235
WBGene00009054,61,472,533
WBGene00009056,401,4849,5250
WBGene00009057,63,409,472
WBGene00009058,76,3571,3647
WBGene00009059,32,556,588
WBGene00009060,151,294,445
WBGene00009061,4,6,10
WBGene00009063,1,1,2
WBGene00009064,63,699,762
WBGene00009065,305,1605,1910
WBGene00009067,0,4,4
WBGene00009068,27,262,289
WBGene00009069,0,2610,2610
WBGene00009070,1708,41,1749
WBGene00009073,25,69,94
WBGene00009075,6,5,11
WBGene00009077,3,3,6
WBGene00009078,861,4027,4888
WBGene00009079,1,6,7
WBGene00009081,61,1157,1218
WBGene00009082,177,8122,8299
WBGene00009084,129,3609,3738
WBGene00009085,8,28,36
WBGene00009086,4,7,11
WBGene00009087,9,344,353
WBGene00009088,0,0,0
WBGene00009089,30,367,397
WBGene00009090,6,174,180
WBGene00009091,177,4543,4720
WBGene00009092,208,10855,11063
WBGene00009093,70,391,461
WBGene00009094,68,1054,1122
WBGene00009095,55,349,404
WBGene00009096,40,3488,3528
WBGene00009097,20,2598,2618
WBGene00009098,538,2180,2718
WBGene00009099,11,31,42
WBGene00009100,136,1079,1215
WBGene00009101,11,101,112
WBGene00009102,6,259,265
WBGene00009103,161,3953,4114
WBGene00009106,46,950,996
WBGene00009107,112,179,291
WBGene00009108,11,71,82
WBGene00009109,61,252,313
WBGene00009110,5,812,817
WBGene00009112,88,1659,1747
WBGene00009113,4,61,65
WBGene00009114,6,2,8
WBGene00009115,25,19,44
WBGene00009116,81,1095,1176
WBGene00009117,16,21,37
WBGene00009118,74,2802,2876
WBGene00009119,1130,263013,264143
WBGene00009120,168,1355,1523
WBGene00009121,20,414,434
WBGene00009122,274,73059,73333
WBGene00009123,87,437,524
WBGene00009124,126,499,625
WBGene00009125,38,113,151
WBGene00009126,422,9710,10132
WBGene00009127,88,1259,1347
WBGene00009128,0,1546,1546
WBGene00009129,4,12,16
WBGene00009130,8,1355,1363
WBGene00009131,99,1003,1102
WBGene00009132,39,2049,2088
WBGene00009133,100,1587,1687
WBGene00009134,2,7,9
WBGene00009135,11,180,191
WBGene00009136,7,6,13
WBGene00009137,23,512,535
WBGene00009138,18,1214,1232
WBGene00009139,95,1505,1600
WBGene00009140,117,861,978
WBGene00009141,1025,5653,6678
WBGene00009142,51,4713,4764
WBGene00009143,8,15,23
WBGene00009144,8,58,66
WBGene00009145,196,928,1124
WBGene00009146,18,170,188
WBGene00009147,27,9,36
WBGene00009148,25,42,67
WBGene00009149,0,8,8
WBGene00009150,0,1,1
WBGene00009151,0,0,0
WBGene00009152,0,1,1
WBGene00009153,10,89,99
WBGene00009154,0,3,3
WBGene00009155,62,272,334
WBGene00009156,72,180,252
WBGene00009157,116,665,781
WBGene00009158,311,2319,2630
WBGene00009159,54,1090,1144
WBGene00009160,12,3,15
WBGene00009161,1366,48612,49978
WBGene00009162,42,116,158
WBGene00009163,88,350,438
WBGene00009164,43,1923,1966
WBGene00009165,13,1085,1098
WBGene00009166,15,55,70
WBGene00009167,0,0,0
WBGene00009168,3,26,29
WBGene00009169,11,38,49
WBGene00009170,1,5,6
WBGene00009171,4,1,5
WBGene00009172,190,471,661
WBGene00009173,3,58,61
WBGene00009174,211,1577,1788
WBGene00009176,14,845,859
WBGene00009177,54,693,747
WBGene00009178,25,44,69
WBGene00009179,188,1167,1355
WBGene00009180,1702,24716,26418
WBGene00009182,11,55,66
WBGene00009183,10,84,94
WBGene00009184,0,18,18
WBGene00009185,1,4,5
WBGene00009186,0,25,25
WBGene00009187,1035,7722,8757
WBGene00009188,71,2697,2768
WBGene00009189,777,9922,10699
WBGene00009190,143,715,858
WBGene00009191,0,937,937
WBGene00009192,21,66,87
WBGene00009193,9,11,20
WBGene00009194,22,45,67
WBGene00009195,0,1,1
WBGene00009196,9,2,11
WBGene00009197,0,0,0
WBGene00009198,1,1,2
WBGene00009199,1,7,8
WBGene00009200,135,1956,2091
WBGene00009201,79,1272,1351
WBGene00009202,3,59,62
WBGene00009203,4,98,102
WBGene00009204,64,208,272
WBGene00009205,8,109,117
WBGene00009207,55,1731,1786
WBGene00009208,8,17,25
WBGene00009209,0,8,8
WBGene00009211,18,3162,3180
WBGene00009212,1,55,56
WBGene00009213,0,11,11
WBGene00009214,0,4,4
WBGene00009215,0,12,12
WBGene00009216,0,682,682
WBGene00009217,78,101,179
WBGene00009218,56,543,599
WBGene00009219,149,2291,2440
WBGene00009220,532,350,882
WBGene00009221,156,5214,5370
WBGene00009222,0,134,134
WBGene00009223,24,540,564
WBGene00009224,73,191,264
WBGene00009225,19,48,67
WBGene00009226,2,3,5
WBGene00009227,2,23,25
WBGene00009228,3,3,6
WBGene00009229,11,45,56
WBGene00009231,39,225,264
WBGene00009232,4,32,36
WBGene00009233,88,514,602
WBGene00009234,85,413,498
WBGene00009235,0,2,2
WBGene00009236,3,33,36
WBGene00009237,5,434,439
WBGene00009238,3,5,8
WBGene00009239,7,35,42
WBGene00009240,15,57,72
WBGene00009241,12,402,414
WBGene00009242,4,57,61
WBGene00009243,16,766,782
WBGene00009245,128,601,729
WBGene00009246,121,7312,7433
WBGene00009247,5,28,33
WBGene00009248,0,10,10
WBGene00009250,7,91,98
WBGene00009251,8,10,18
WBGene00009252,7,11,18
WBGene00009254,88,2061,2149
WBGene00009255,12,22,34
WBGene00009256,153,1596,1749
WBGene00009257,25,82,107
WBGene00009258,49,284,333
WBGene00009259,17,339,356
WBGene00009260,93,1504,1597
WBGene00009261,5,57,62
WBGene00009262,62,1507,1569
WBGene00009263,80,250,330
WBGene00009264,245,2402,2647
WBGene00009266,135,4967,5102
WBGene00009267,49,1912,1961
WBGene00009268,1,40,41
WBGene00009269,3,6,9
WBGene00009270,8,289,297
WBGene00009271,116,428,544
WBGene00009272,11,284,295
WBGene00009274,84,830,914
WBGene00009276,45,1046,1091
WBGene00009277,246,586,832
WBGene00009278,22,130,152
WBGene00009279,6,1,7
WBGene00009280,0,69,69
WBGene00009281,2,2,4
WBGene00009283,13,155,168
WBGene00009284,175,1026,1201
WBGene00009285,83,1291,1374
WBGene00009286,36,305,341
WBGene00009287,77,554,631
WBGene00009288,77,392,469
WBGene00009289,40,1331,1371
WBGene00009290,108,2623,2731
WBGene00009291,108,476,584
WBGene00009292,27,150,177
WBGene00009293,11,300,311
WBGene00009294,775,11196,11971
WBGene00009296,0,5,5
WBGene00009297,0,4,4
WBGene00009298,0,4,4
WBGene00009299,6,72,78
WBGene00009300,0,0,0
WBGene00009301,2,1,3
WBGene00009302,0,0,0
WBGene00009303,6,2,8
WBGene00009304,568,1618,2186
WBGene00009305,123,1226,1349
WBGene00009306,28,2305,2333
WBGene00009307,54,5403,5457
WBGene00009308,2,6,8
WBGene00009311,8,30,38
WBGene00009312,947,23,970
WBGene00009313,1,3,4
WBGene00009314,333,1299,1632
WBGene00009315,253,1291,1544
WBGene00009316,1,14,15
WBGene00009318,4,47,51
WBGene00009319,115,3468,3583
WBGene00009320,169,713,882
WBGene00009321,3,0,3
WBGene00009322,90,1870,1960
WBGene00009323,14,922,936
WBGene00009324,10,12,22
WBGene00009325,106,520,626
WBGene00009326,15,108,123
WBGene00009327,6,10,16
WBGene00009328,0,32,32
WBGene00009329,76,627,703
WBGene00009330,42,2781,2823
WBGene00009331,5,117,122
WBGene00009332,5,67,72
WBGene00009333,39,1047,1086
WBGene00009334,378,4842,5220
WBGene00009335,6,145,151
WBGene00009336,92,2418,2510
WBGene00009337,676,3774,4450
WBGene00009338,10,3,13
WBGene00009339,1,23,24
WBGene00009340,537,5608,6145
WBGene00009341,11,693,704
WBGene00009342,571,12785,13356
WBGene00009343,34,566,600
WBGene00009344,0,0,0
WBGene00009345,10,13,23
WBGene00009346,29,181,210
WBGene00009347,22,107,129
WBGene00009349,0,205,205
WBGene00009350,38,292,330
WBGene00009352,55,1578,1633
WBGene00009353,217,12636,12853
WBGene00009354,138,463,601
WBGene00009355,18,461,479
WBGene00009356,10,89,99
WBGene00009357,26,57,83
WBGene00009358,193,2710,2903
WBGene00009359,4,3,7
WBGene00009360,4,12,16
WBGene00009361,74,426,500
WBGene00009362,3,10,13
WBGene00009363,0,1,1
WBGene00009364,13,874,887
WBGene00009365,145,1132,1277
WBGene00009366,62,609,671
WBGene00009367,437,9851,10288
WBGene00009368,118,1139,1257
WBGene00009369,121,1085,1206
WBGene00009370,116,321,437
WBGene00009371,86,528,614
WBGene00009372,178,1076,1254
WBGene00009373,73,693,766
WBGene00009374,224,3211,3435
WBGene00009375,234,1539,1773
WBGene00009377,0,0,0
WBGene00009378,9,12,21
WBGene00009379,1,188,189
WBGene00009380,55,1110,1165
WBGene00009381,6,22,28
WBGene00009382,4,8,12
WBGene00009383,183,1602,1785
WBGene00009384,1,71,72
WBGene00009385,24,1064,1088
WBGene00009386,7,348,355
WBGene00009387,26,140,166
WBGene00009388,885,13522,14407
WBGene00009389,138,697,835
WBGene00009390,22,69,91
WBGene00009391,0,0,0
WBGene00009392,0,0,0
WBGene00009393,2,33,35
WBGene00009394,87,1208,1295
WBGene00009395,4,9,13
WBGene00009396,11,87,98
WBGene00009397,8,47,55
WBGene00009398,1,9,10
WBGene00009399,15,56,71
WBGene00009400,21,116,137
WBGene00009401,4,18,22
WBGene00009402,2,11,13
WBGene00009403,4,114,118
WBGene00009404,5,255,260
WBGene00009405,42,1233,1275
WBGene00009406,127,1143,1270
WBGene00009408,341,5688,6029
WBGene00009409,2,605,607
WBGene00009410,2,1,3
WBGene00009412,5,18,23
WBGene00009413,7,12,19
WBGene00009415,1,0,1
WBGene00009416,6,100,106
WBGene00009417,0,1,1
WBGene00009418,0,6,6
WBGene00009419,0,0,0
WBGene00009420,0,0,0
WBGene00009421,2,0,2
WBGene00009422,0,0,0
WBGene00009423,0,1034,1034
WBGene00009424,5,80,85
WBGene00009426,3,0,3
WBGene00009427,0,4,4
WBGene00009429,1,13,14
WBGene00009430,56,490,546
WBGene00009431,16,148,164
WBGene00009432,12,207,219
WBGene00009433,26,122,148
WBGene00009434,71,774,845
WBGene00009435,71,361,432
WBGene00009436,5,2719,2724
WBGene00009437,7,12,19
WBGene00009438,19,102,121
WBGene00009439,327,2424,2751
WBGene00009440,230,6470,6700
WBGene00009441,51,587,638
WBGene00009442,17,123,140
WBGene00009443,96,1734,1830
WBGene00009444,38,1166,1204
WBGene00009445,36,1524,1560
WBGene00009446,0,1,1
WBGene00009447,7,118,125
WBGene00009448,17,633,650
WBGene00009449,3,13,16
WBGene00009450,29,1562,1591
WBGene00009451,175,2526,2701
WBGene00009452,153,964,1117
WBGene00009453,195,1228,1423
WBGene00009454,3158,38773,41931
WBGene00009455,242,2841,3083
WBGene00009456,137,921,1058
WBGene00009457,1,6,7
WBGene00009458,1,8,9
WBGene00009459,4,18,22
WBGene00009460,282,3824,4106
WBGene00009461,101,569,670
WBGene00009462,83,84,167
WBGene00009463,1,0,1
WBGene00009464,9,3,12
WBGene00009465,2,16,18
WBGene00009466,84,897,981
WBGene00009467,5,34,39
WBGene00009468,44,175,219
WBGene00009469,46,483,529
WBGene00009470,0,1,1
WBGene00009471,5,17,22
WBGene00009473,1,4,5
WBGene00009475,446,3727,4173
WBGene00009476,53,459,512
WBGene00009477,657,3381,4038
WBGene00009478,76,2212,2288
WBGene00009479,70,1078,1148
WBGene00009480,9,31,40
WBGene00009481,5,116,121
WBGene00009482,272,2205,2477
WBGene00009483,7,381,388
WBGene00009484,76,314,390
WBGene00009485,5,45,50
WBGene00009486,5,4,9
WBGene00009487,0,15,15
WBGene00009488,4,6,10
WBGene00009489,0,6,6
WBGene00009490,0,13,13
WBGene00009491,3,1,4
WBGene00009492,8,22,30
WBGene00009493,6,116,122
WBGene00009494,1,51,52
WBGene00009495,35,26,61
WBGene00009496,39,423,462
WBGene00009497,3,0,3
WBGene00009498,345,1667,2012
WBGene00009499,167,947,1114
WBGene00009500,99,1372,1471
WBGene00009501,25,4,29
WBGene00009502,9,3,12
WBGene00009503,119,1970,2089
WBGene00009504,7,462,469
WBGene00009505,14,780,794
WBGene00009507,141,660,801
WBGene00009508,132,1218,1350
WBGene00009509,4,34,38
WBGene00009510,9,50,59
WBGene00009511,163,130,293
WBGene00009512,24,2003,2027
WBGene00009513,9,9,18
WBGene00009514,2543,24228,26771
WBGene00009515,22,20,42
WBGene00009517,5,7,12
WBGene00009518,10,39,49
WBGene00009519,0,2,2
WBGene00009520,0,1,1
WBGene00009521,493,3175,3668
WBGene00009522,2,6,8
WBGene00009523,2,0,2
WBGene00009524,0,0,0
WBGene00009525,0,0,0
WBGene00009526,4,16,20
WBGene00009528,48,143,191
WBGene00009529,15,390,405
WBGene00009530,356,327,683
WBGene00009531,1364,13545,14909
WBGene00009532,545,1858,2403
WBGene00009533,15,325,340
WBGene00009534,128,2250,2378
WBGene00009535,16,24,40
WBGene00009536,224,638,862
WBGene00009537,1,44,45
WBGene00009538,2,1,3
WBGene00009539,0,1,1
WBGene00009540,9,14,23
WBGene00009541,113,126,239
WBGene00009542,78,3323,3401
WBGene00009543,43,225,268
WBGene00009544,227,470,697
WBGene00009546,0,2,2
WBGene00009547,24,175,199
WBGene00009548,4,7,11
WBGene00009549,3,11,14
WBGene00009550,0,0,0
WBGene00009551,11,224,235
WBGene00009552,94,770,864
WBGene00009553,35,1002,1037
WBGene00009554,23,1436,1459
WBGene00009556,32,526,558
WBGene00009557,55,212,267
WBGene00009558,226,1106,1332
WBGene00009559,23,2258,2281
WBGene00009560,22,36,58
WBGene00009561,9,34,43
WBGene00009562,531,10714,11245
WBGene00009563,122,2699,2821
WBGene00009565,152,1586,1738
WBGene00009566,0,0,0
WBGene00009567,3,3,6
WBGene00009568,0,2,2
WBGene00009569,1,3,4
WBGene00009571,1,2,3
WBGene00009572,1,18,19
WBGene00009573,8,148,156
WBGene00009574,359,2681,3040
WBGene00009575,27,4910,4937
WBGene00009576,36,185,221
WBGene00009577,1011,12911,13922
WBGene00009578,405,12146,12551
WBGene00009579,122,361,483
WBGene00009580,391,4116,4507
WBGene00009581,23,110,133
WBGene00009582,49,292,341
WBGene00009583,237,5280,5517
WBGene00009584,2645,8953,11598
WBGene00009585,33,13,46
WBGene00009586,64,1641,1705
WBGene00009587,274,2818,3092
WBGene00009588,5383,2219,7602
WBGene00009589,3767,1648,5415
WBGene00009592,2,1,3
WBGene00009593,17,44,61
WBGene00009594,641,1844,2485
WBGene00009595,9,43,52
WBGene00009596,9,8,17
WBGene00009597,2,17,19
WBGene00009599,0,1,1
WBGene00009600,2,32,34
WBGene00009601,37,375,412
WBGene00009602,0,12,12
WBGene00009603,0,1,1
WBGene00009604,0,6,6
WBGene00009605,1,2,3
WBGene00009606,1,1,2
WBGene00009607,1,1,2
WBGene00009608,21,123,144
WBGene00009609,2,0,2
WBGene00009610,0,0,0
WBGene00009611,27,62,89
WBGene00009612,0,6,6
WBGene00009613,1,2,3
WBGene00009614,4,22,26
WBGene00009615,0,0,0
WBGene00009616,4,7,11
WBGene00009617,33,251,284
WBGene00009618,16,89,105
WBGene00009619,36,390,426
WBGene00009620,858,2995,3853
WBGene00009621,0,10122,10122
WBGene00009622,21,40,61
WBGene00009623,523,255,778
WBGene00009624,1283,3217,4500
WBGene00009625,7,31,38
WBGene00009626,63,1518,1581
WBGene00009627,16,363,379
WBGene00009628,27,1583,1610
WBGene00009629,73,310,383
WBGene00009630,5,13,18
WBGene00009632,192,1711,1903
WBGene00009633,2,40,42
WBGene00009634,25,1623,1648
WBGene00009635,23,323,346
WBGene00009636,32,297,329
WBGene00009637,6,608,614
WBGene00009638,134,13928,14062
WBGene00009639,6,1439,1445
WBGene00009640,8,519,527
WBGene00009641,1,3,4
WBGene00009642,14,63,77
WBGene00009643,0,2,2
WBGene00009644,1,0,1
WBGene00009645,82,727,809
WBGene00009646,1,15,16
WBGene00009647,65,138,203
WBGene00009648,5,535,540
WBGene00009649,59,75,134
WBGene00009650,53,1597,1650
WBGene00009652,2,14,16
WBGene00009653,49,328,377
WBGene00009654,231,969,1200
WBGene00009657,105,909,1014
WBGene00009658,0,12,12
WBGene00009659,1,4,5
WBGene00009660,461,3255,3716
WBGene00009661,129,3638,3767
WBGene00009662,1,2,3
WBGene00009663,0,14,14
WBGene00009664,222,11886,12108
WBGene00009665,17,816,833
WBGene00009666,67,1980,2047
WBGene00009667,402,314,716
WBGene00009668,63,1903,1966
WBGene00009670,0,4,4
WBGene00009671,166,3651,3817
WBGene00009672,179,1821,2000
WBGene00009673,54,432,486
WBGene00009674,240,3420,3660
WBGene00009675,12,65,77
WBGene00009676,132,1052,1184
WBGene00009677,5,147,152
WBGene00009678,194,837,1031
WBGene00009679,55,311,366
WBGene00009680,0,0,0
WBGene00009681,0,11,11
WBGene00009682,0,0,0
WBGene00009683,3,26,29
WBGene00009684,0,0,0
WBGene00009685,3,0,3
WBGene00009686,17,48,65
WBGene00009687,0,0,0
WBGene00009688,2154,20422,22576
WBGene00009689,1,2,3
WBGene00009690,1,4,5
WBGene00009691,0,4409,4409
WBGene00009692,0,5616,5616
WBGene00009695,3,4,7
WBGene00009696,6,53,59
WBGene00009698,1,8,9
WBGene00009700,78,531,609
WBGene00009701,0,85,85
WBGene00009702,9,85,94
WBGene00009704,0,0,0
WBGene00009705,1,3,4
WBGene00009706,13,66,79
WBGene00009707,2,5,7
WBGene00009708,3,3,6
WBGene00009709,17,23,40
WBGene00009710,12,59,71
WBGene00009711,224,2200,2424
WBGene00009712,6,7884,7890
WBGene00009713,530,2834,3364
WBGene00009714,1,48,49
WBGene00009715,51,1621,1672
WBGene00009716,9,97,106
WBGene00009717,258,1894,2152
WBGene00009720,0,14,14
WBGene00009721,21,14,35
WBGene00009722,54,2395,2449
WBGene00009723,47,4899,4946
WBGene00009724,35,3861,3896
WBGene00009725,0,8,8
WBGene00009726,74,331,405
WBGene00009727,29,160,189
WBGene00009728,5,41,46
WBGene00009729,25,110,135
WBGene00009730,329,2913,3242
WBGene00009731,38,483,521
WBGene00009732,422,7322,7744
WBGene00009733,7,316,323
WBGene00009734,123,2144,2267
WBGene00009735,21,273,294
WBGene00009736,208,1160,1368
WBGene00009738,135,230,365
WBGene00009739,2193,8417,10610
WBGene00009740,522,13946,14468
WBGene00009741,23,114,137
WBGene00009742,105,242,347
WBGene00009743,57,187,244
WBGene00009744,63,717,780
WBGene00009745,38,764,802
WBGene00009746,0,1,1
WBGene00009747,0,2,2
WBGene00009748,0,1,1
WBGene00009749,3,2,5
WBGene00009750,0,25,25
WBGene00009751,0,5,5
WBGene00009753,3,4,7
WBGene00009754,0,7,7
WBGene00009755,2,1,3
WBGene00009756,2,2,4
WBGene00009758,8,0,8
WBGene00009759,0,0,0
WBGene00009760,1,3,4
WBGene00009761,0,1,1
WBGene00009762,1,0,1
WBGene00009763,5,2,7
WBGene00009765,1,0,1
WBGene00009766,4,0,4
WBGene00009767,0,0,0
WBGene00009768,8,32,40
WBGene00009769,19,526,545
WBGene00009770,120,1005,1125
WBGene00009771,101,1832,1933
WBGene00009772,230,17328,17558
WBGene00009773,5,189,194
WBGene00009774,2,440,442
WBGene00009775,0,2,2
WBGene00009776,57,796,853
WBGene00009777,9,25,34
WBGene00009778,0,39,39
WBGene00009779,174,1717,1891
WBGene00009780,47,165,212
WBGene00009781,318,1984,2302
WBGene00009782,35,306,341
WBGene00009783,89,3716,3805
WBGene00009784,68,2158,2226
WBGene00009785,37,405,442
WBGene00009787,578,65202,65780
WBGene00009788,2,3,5
WBGene00009789,157,342,499
WBGene00009790,31,401,432
WBGene00009791,5,32,37
WBGene00009793,32,2011,2043
WBGene00009796,32,526,558
WBGene00009797,335,2936,3271
WBGene00009798,14,13,27
WBGene00009799,95,683,778
WBGene00009800,166,1470,1636
WBGene00009801,83,741,824
WBGene00009802,0,1,1
WBGene00009803,121,1679,1800
WBGene00009804,171,2831,3002
WBGene00009805,0,1,1
WBGene00009806,17,165,182
WBGene00009807,2,20,22
WBGene00009808,0,13,13
WBGene00009809,24,417,441
WBGene00009810,6,86,92
WBGene00009811,1,16,17
WBGene00009812,100,9570,9670
WBGene00009813,93,1150,1243
WBGene00009814,1,29,30
WBGene00009815,0,9,9
WBGene00009816,10,49,59
WBGene00009817,0,14,14
WBGene00009818,209,1634,1843
WBGene00009819,113,339,452
WBGene00009820,10,47,57
WBGene00009822,25,31,56
WBGene00009823,21,238,259
WBGene00009824,7,163,170
WBGene00009825,100,501,601
WBGene00009826,10,68,78
WBGene00009827,9,9,18
WBGene00009829,76,6458,6534
WBGene00009830,3,27,30
WBGene00009831,23,615,638
WBGene00009833,6,17,23
WBGene00009834,3,8,11
WBGene00009835,21,6,27
WBGene00009836,11,2,13
WBGene00009839,6,5,11
WBGene00009840,8,23,31
WBGene00009841,2,0,2
WBGene00009842,16,176,192
WBGene00009843,63,1038,1101
WBGene00009844,27,31,58
WBGene00009848,266,2073,2339
WBGene00009849,9,18,27
WBGene00009850,184,898,1082
WBGene00009851,41,2464,2505
WBGene00009852,1,2,3
WBGene00009853,2,17,19
WBGene00009854,2,0,2
WBGene00009855,0,3,3
WBGene00009856,4,1,5
WBGene00009857,0,3,3
WBGene00009858,0,0,0
WBGene00009859,3,2,5
WBGene00009860,2,0,2
WBGene00009861,0,8,8
WBGene00009862,0,21,21
WBGene00009863,3,1,4
WBGene00009865,53,170,223
WBGene00009866,0,1,1
WBGene00009867,22,47,69
WBGene00009868,0,0,0
WBGene00009869,0,3,3
WBGene00009871,1,3,4
WBGene00009872,1,13,14
WBGene00009873,4,4,8
WBGene00009874,0,1,1
WBGene00009875,6,8,14
WBGene00009876,20,129,149
WBGene00009877,25,165,190
WBGene00009878,14,1366,1380
WBGene00009879,28,85,113
WBGene00009880,630,6471,7101
WBGene00009881,259,7077,7336
WBGene00009882,73,7836,7909
WBGene00009883,11,37,48
WBGene00009884,3,9,12
WBGene00009885,34,189,223
WBGene00009886,43,270,313
WBGene00009887,34,890,924
WBGene00009888,3767,32474,36241
WBGene00009889,72,2464,2536
WBGene00009890,12,23,35
WBGene00009891,20,77,97
WBGene00009892,0,1,1
WBGene00009893,3,0,3
WBGene00009894,1,1,2
WBGene00009895,12,122,134
WBGene00009896,266,4606,4872
WBGene00009897,9,18,27
WBGene00009898,1,14,15
WBGene00009899,117,1182,1299
WBGene00009900,0,127,127
WBGene00009901,70,718,788
WBGene00009902,4,46,50
WBGene00009903,12,74,86
WBGene00009904,4,78,82
WBGene00009905,6,0,6
WBGene00009906,4,0,4
WBGene00009907,4,0,4
WBGene00009908,11,6,17
WBGene00009909,0,0,0
WBGene00009912,1,3,4
WBGene00009913,0,0,0
WBGene00009914,0,0,0
WBGene00009915,51,6962,7013
WBGene00009916,44,191,235
WBGene00009917,228,1501,1729
WBGene00009918,53,3829,3882
WBGene00009919,181,2388,2569
WBGene00009920,1004,7561,8565
WBGene00009921,11,214,225
WBGene00009922,64,850,914
WBGene00009923,32,325,357
WBGene00009924,96,1119,1215
WBGene00009925,15,2873,2888
WBGene00009926,119,3319,3438
WBGene00009927,67,343,410
WBGene00009929,30,68,98
WBGene00009930,15,720,735
WBGene00009931,16,231,247
WBGene00009933,2,6,8
WBGene00009934,0,0,0
WBGene00009935,32,404,436
WBGene00009937,100,690,790
WBGene00009938,2,6,8
WBGene00009939,72,1272,1344
WBGene00009940,206,4668,4874
WBGene00009941,1,1,2
WBGene00009942,6,22,28
WBGene00009943,82,174,256
WBGene00009944,59,1390,1449
WBGene00009945,249,3184,3433
WBGene00009946,19,105,124
WBGene00009947,84,979,1063
WBGene00009948,2,66,68
WBGene00009949,38,852,890
WBGene00009950,5,4,9
WBGene00009951,53,427,480
WBGene00009952,511,11464,11975
WBGene00009953,66,420,486
WBGene00009954,2,0,2
WBGene00009955,2,1235,1237
WBGene00009956,4,0,4
WBGene00009957,59,794,853
WBGene00009958,154,1515,1669
WBGene00009959,1,7,8
WBGene00009960,0,0,0
WBGene00009961,2,5,7
WBGene00009962,26,7,33
WBGene00009963,11,12,23
WBGene00009964,21,166,187
WBGene00009965,44,409,453
WBGene00009966,63,2444,2507
WBGene00009967,11,74,85
WBGene00009968,360,3549,3909
WBGene00009969,58,693,751
WBGene00009971,17,76,93
WBGene00009973,623,10499,11122
WBGene00009974,161,4256,4417
WBGene00009975,922,2328,3250
WBGene00009976,80,1270,1350
WBGene00009977,153,1133,1286
WBGene00009978,1094,2189,3283
WBGene00009979,85,9,94
WBGene00009980,126,3446,3572
WBGene00009981,36,309,345
WBGene00009982,110,42188,42298
WBGene00009983,3,7928,7931
WBGene00009984,101,306,407
WBGene00009985,15,279,294
WBGene00009986,42,426,468
WBGene00009987,120,2248,2368
WBGene00009988,52,38,90
WBGene00009990,0,7,7
WBGene00009992,632,17440,18072
WBGene00009993,15,7960,7975
WBGene00009994,18,741,759
WBGene00009995,17322,123948,141270
WBGene00009996,80,1835,1915
WBGene00009997,2,9,11
WBGene00009998,5,19,24
WBGene00009999,5,20,25
WBGene00010000,4,16,20
WBGene00010001,38,1642,1680
WBGene00010002,63,794,857
WBGene00010003,85,388,473
WBGene00010004,34,36,70
WBGene00010005,6,4,10
WBGene00010006,2681,1486,4167
WBGene00010007,2,3,5
WBGene00010008,17,136,153
WBGene00010009,16,193,209
WBGene00010010,53,348,401
WBGene00010011,29,35,64
WBGene00010012,1231,6518,7749
WBGene00010013,169,3306,3475
WBGene00010014,1,13,14
WBGene00010015,66,6592,6658
WBGene00010016,0,1,1
WBGene00010017,0,0,0
WBGene00010018,6,60,66
WBGene00010019,46,243,289
WBGene00010020,0,1,1
WBGene00010021,2,4,6
WBGene00010022,1,2,3
WBGene00010023,1,32,33
WBGene00010025,1,8,9
WBGene00010026,0,3,3
WBGene00010027,25,113,138
WBGene00010028,37,985,1022
WBGene00010030,1,21,22
WBGene00010031,394,14,408
WBGene00010032,53,1011,1064
WBGene00010033,62,1000,1062
WBGene00010034,6,3,9
WBGene00010035,9,29,38
WBGene00010036,0,27,27
WBGene00010037,287,6568,6855
WBGene00010038,92,1404,1496
WBGene00010039,112,387,499
WBGene00010040,49,1240,1289
WBGene00010041,0,219,219
WBGene00010042,56,1215,1271
WBGene00010043,64,485,549
WBGene00010044,379,4332,4711
WBGene00010045,318,2023,2341
WBGene00010046,3,29,32
WBGene00010047,24,305,329
WBGene00010048,38,408,446
WBGene00010049,75,483,558
WBGene00010050,40,206,246
WBGene00010051,118,1200,1318
WBGene00010052,126,3544,3670
WBGene00010053,3,459,462
WBGene00010054,164,2745,2909
WBGene00010055,433,10558,10991
WBGene00010056,13,1599,1612
WBGene00010057,31,119,150
WBGene00010058,9,45,54
WBGene00010059,80,2236,2316
WBGene00010060,27,100,127
WBGene00010061,44,897,941
WBGene00010062,8,32,40
WBGene00010063,34,163,197
WBGene00010064,8,510,518
WBGene00010065,0,9,9
WBGene00010066,0,4,4
WBGene00010067,0,0,0
WBGene00010068,4,70,74
WBGene00010069,42,114,156
WBGene00010070,171,710,881
WBGene00010071,345,43,388
WBGene00010072,38,183,221
WBGene00010073,191,393,584
WBGene00010074,69,165,234
WBGene00010075,27,4094,4121
WBGene00010077,84,240,324
WBGene00010079,254,1912,2166
WBGene00010080,46,647,693
WBGene00010081,3,128,131
WBGene00010082,5,186,191
WBGene00010083,73,293,366
WBGene00010084,2,1,3
WBGene00010085,0,1,1
WBGene00010086,654,150,804
WBGene00010087,1,1,2
WBGene00010088,11,77,88
WBGene00010089,68,606,674
WBGene00010091,0,1,1
WBGene00010093,11,793,804
WBGene00010094,76,5036,5112
WBGene00010096,219,1393,1612
WBGene00010097,134,3524,3658
WBGene00010098,3,8,11
WBGene00010099,1,0,1
WBGene00010100,6,41,47
WBGene00010101,1,9,10
WBGene00010102,3,16,19
WBGene00010103,33,1,34
WBGene00010104,0,0,0
WBGene00010105,0,2,2
WBGene00010106,1,53,54
WBGene00010107,1,0,1
WBGene00010108,1,7,8
WBGene00010109,41,1516,1557
WBGene00010110,38,920,958
WBGene00010111,107,846,953
WBGene00010113,98,580,678
WBGene00010114,5,3,8
WBGene00010115,62,916,978
WBGene00010116,36,102,138
WBGene00010117,265,2850,3115
WBGene00010118,7,38,45
WBGene00010119,15,56,71
WBGene00010120,6,11,17
WBGene00010121,6,5,11
WBGene00010122,1,23,24
WBGene00010123,10,60,70
WBGene00010124,4,30,34
WBGene00010125,3,3,6
WBGene00010126,1,2,3
WBGene00010127,1,3,4
WBGene00010128,1,27,28
WBGene00010129,0,0,0
WBGene00010130,122,6727,6849
WBGene00010131,22,977,999
WBGene00010132,167,556,723
WBGene00010133,0,1666,1666
WBGene00010134,17,45,62
WBGene00010135,3,1181,1184
WBGene00010136,9,4,13
WBGene00010137,141,211,352
WBGene00010138,35,50,85
WBGene00010139,258,5665,5923
WBGene00010140,35,309,344
WBGene00010141,69,499,568
WBGene00010142,151,95,246
WBGene00010143,42,187,229
WBGene00010144,14,64,78
WBGene00010145,11,3,14
WBGene00010146,498,1335,1833
WBGene00010147,0,4,4
WBGene00010148,15,122,137
WBGene00010149,0,0,0
WBGene00010150,140,107,247
WBGene00010152,6,16,22
WBGene00010153,0,20,20
WBGene00010155,7,42,49
WBGene00010157,3,10,13
WBGene00010158,0,2,2
WBGene00010159,331,1100,1431
WBGene00010160,194,660,854
WBGene00010161,246,664,910
WBGene00010162,1,3,4
WBGene00010163,55,174,229
WBGene00010164,2,2,4
WBGene00010165,23,24,47
WBGene00010166,3,14,17
WBGene00010167,11,6,17
WBGene00010168,15,24,39
WBGene00010169,0,1,1
WBGene00010170,0,0,0
WBGene00010171,0,0,0
WBGene00010172,6,3,9
WBGene00010173,3,2,5
WBGene00010174,669,8894,9563
WBGene00010175,136,836,972
WBGene00010176,5,34,39
WBGene00010177,734,4038,4772
WBGene00010178,127,1992,2119
WBGene00010179,84,607,691
WBGene00010180,1,4,5
WBGene00010181,4,0,4
WBGene00010182,1,7,8
WBGene00010183,1,20,21
WBGene00010184,2,11,13
WBGene00010185,4,32,36
WBGene00010186,0,33,33
WBGene00010187,6,12,18
WBGene00010188,18,339,357
WBGene00010189,2,19,21
WBGene00010191,54,1643,1697
WBGene00010192,41,854,895
WBGene00010193,7,182,189
WBGene00010194,3,35,38
WBGene00010195,8,116,124
WBGene00010196,10,20,30
WBGene00010197,49,1308,1357
WBGene00010198,77,353,430
WBGene00010199,107,3245,3352
WBGene00010200,136,161,297
WBGene00010202,5,382,387
WBGene00010203,2,19,21
WBGene00010204,9,1302,1311
WBGene00010205,15,184,199
WBGene00010206,0,2,2
WBGene00010212,200,23,223
WBGene00010214,46,150,196
WBGene00010215,3,10,13
WBGene00010216,1,0,1
WBGene00010217,5,8,13
WBGene00010218,2,12,14
WBGene00010219,0,2,2
WBGene00010220,6,1,7
WBGene00010221,87,6011,6098
WBGene00010222,36,128,164
WBGene00010223,30,45,75
WBGene00010224,120,573,693
WBGene00010225,111,1912,2023
WBGene00010226,0,14,14
WBGene00010227,27,386,413
WBGene00010228,14,13,27
WBGene00010229,93,639,732
WBGene00010230,103,3590,3693
WBGene00010231,265,3928,4193
WBGene00010232,118,4058,4176
WBGene00010233,56,592,648
WBGene00010234,1,662,663
WBGene00010235,65,1085,1150
WBGene00010236,67,1749,1816
WBGene00010237,0,20,20
WBGene00010238,17,150,167
WBGene00010239,29,739,768
WBGene00010241,4,30,34
WBGene00010242,63,244,307
WBGene00010243,22,110,132
WBGene00010244,368,7307,7675
WBGene00010245,0,6,6
WBGene00010246,3,19,22
WBGene00010247,2,1,3
WBGene00010248,32,1394,1426
WBGene00010249,32,6,38
WBGene00010250,29,57,86
WBGene00010251,174,616,790
WBGene00010253,2,7,9
WBGene00010254,0,8,8
WBGene00010255,0,7,7
WBGene00010256,1,37,38
WBGene00010257,2,12,14
WBGene00010258,32,318,350
WBGene00010259,806,2153,2959
WBGene00010260,202,14138,14340
WBGene00010261,3,4,7
WBGene00010262,158,3808,3966
WBGene00010263,12,156,168
WBGene00010264,77,264,341
WBGene00010265,1,2,3
WBGene00010266,93,1456,1549
WBGene00010267,12,106,118
WBGene00010268,30,465,495
WBGene00010269,76,1294,1370
WBGene00010270,1,1,2
WBGene00010272,229,1979,2208
WBGene00010273,5,15,20
WBGene00010274,8,67,75
WBGene00010275,85,285,370
WBGene00010277,3,31,34
WBGene00010278,3,24,27
WBGene00010279,89,2760,2849
WBGene00010280,99,2109,2208
WBGene00010281,5,219,224
WBGene00010282,16,37,53
WBGene00010283,33,463,496
WBGene00010284,174,3414,3588
WBGene00010285,16,172,188
WBGene00010286,33,575,608
WBGene00010288,75,1001,1076
WBGene00010289,3,3,6
WBGene00010290,80,4968,5048
WBGene00010291,105,776,881
WBGene00010292,0,1,1
WBGene00010293,5,110,115
WBGene00010296,0,86,86
WBGene00010297,9,6,15
WBGene00010298,3,4,7
WBGene00010299,7,3,10
WBGene00010300,0,0,0
WBGene00010301,1,1,2
WBGene00010302,391,1184,1575
WBGene00010303,301,28185,28486
WBGene00010304,164,814,978
WBGene00010305,135,1901,2036
WBGene00010306,523,2118,2641
WBGene00010307,5,395,400
WBGene00010308,75,324,399
WBGene00010309,30,172,202
WBGene00010310,33,381,414
WBGene00010311,7,163,170
WBGene00010314,1,2,3
WBGene00010315,61,299,360
WBGene00010316,233,670,903
WBGene00010317,263,15636,15899
WBGene00010318,31,198,229
WBGene00010319,47,453,500
WBGene00010320,90,645,735
WBGene00010321,72,868,940
WBGene00010322,23,11,34
WBGene00010323,4,6,10
WBGene00010324,0,0,0
WBGene00010325,16,1268,1284
WBGene00010326,1140,9198,10338
WBGene00010327,177,404,581
WBGene00010328,4,76,80
WBGene00010329,81,897,978
WBGene00010330,476969,144,477113
WBGene00010331,81,431,512
WBGene00010332,11,310,321
WBGene00010333,322,5741,6063
WBGene00010334,21,57,78
WBGene00010335,399,1344,1743
WBGene00010336,30,118,148
WBGene00010337,1283,11292,12575
WBGene00010338,73,862,935
WBGene00010339,18,831,849
WBGene00010340,16,48,64
WBGene00010341,11,29,40
WBGene00010342,34,48,82
WBGene00010343,3,2,5
WBGene00010344,48,265,313
WBGene00010345,63,277,340
WBGene00010348,28,1389,1417
WBGene00010349,31,196,227
WBGene00010350,319,882,1201
WBGene00010351,5,203,208
WBGene00010352,13,24,37
WBGene00010353,0,64,64
WBGene00010354,260,209,469
WBGene00010355,0,6,6
WBGene00010356,55,782,837
WBGene00010357,65,598,663
WBGene00010358,2,3,5
WBGene00010359,3,3,6
WBGene00010360,2,2,4
WBGene00010361,10,7,17
WBGene00010362,1,239,240
WBGene00010363,10,109,119
WBGene00010364,0,78,78
WBGene00010365,11,17,28
WBGene00010366,10,1,11
WBGene00010367,28,262,290
WBGene00010368,12,25,37
WBGene00010369,186,3240,3426
WBGene00010370,545,3833,4378
WBGene00010372,25,34,59
WBGene00010373,9,25,34
WBGene00010374,411,1433,1844
WBGene00010375,15,304,319
WBGene00010377,0,0,0
WBGene00010378,0,6,6
WBGene00010379,0,0,0
WBGene00010380,0,1,1
WBGene00010381,1,1,2
WBGene00010382,0,109,109
WBGene00010383,42,358,400
WBGene00010385,255,465,720
WBGene00010386,151,151,302
WBGene00010387,0,9,9
WBGene00010388,2,3,5
WBGene00010389,16,4,20
WBGene00010391,7,7,14
WBGene00010392,7,1,8
WBGene00010394,9,3,12
WBGene00010395,0,0,0
WBGene00010396,24,165,189
WBGene00010397,11,546,557
WBGene00010399,0,0,0
WBGene00010401,0,3,3
WBGene00010403,8,19,27
WBGene00010404,2,1,3
WBGene00010405,166,5074,5240
WBGene00010406,58,3322,3380
WBGene00010407,71,1861,1932
WBGene00010408,109,1566,1675
WBGene00010409,83,551,634
WBGene00010410,2,1,3
WBGene00010411,2,5,7
WBGene00010412,0,0,0
WBGene00010413,1,1,2
WBGene00010414,1,2,3
WBGene00010415,3,6,9
WBGene00010416,266,2183,2449
WBGene00010417,0,0,0
WBGene00010418,20,704,724
WBGene00010419,3449,95605,99054
WBGene00010420,95,841,936
WBGene00010421,26,159,185
WBGene00010422,57,714,771
WBGene00010423,54,70,124
WBGene00010424,14,213,227
WBGene00010425,195,8481,8676
WBGene00010426,8,15,23
WBGene00010427,610,1050,1660
WBGene00010428,149,1983,2132
WBGene00010429,7,5,12
WBGene00010432,4,1151,1155
WBGene00010433,80,984,1064
WBGene00010434,57,64,121
WBGene00010435,278,4081,4359
WBGene00010436,0,262,262
WBGene00010437,96,795,891
WBGene00010439,28,611,639
WBGene00010440,884,16369,17253
WBGene00010442,95,705,800
WBGene00010444,395,1536,1931
WBGene00010446,5,64,69
WBGene00010447,6,10,16
WBGene00010448,53,237,290
WBGene00010449,40,458,498
WBGene00010450,130,1509,1639
WBGene00010451,50,10,60
WBGene00010453,79,518,597
WBGene00010454,41,384,425
WBGene00010455,17,140,157
WBGene00010456,59,876,935
WBGene00010457,7,119,126
WBGene00010458,38,1841,1879
WBGene00010459,5,603,608
WBGene00010460,8,18,26
WBGene00010461,1,6,7
WBGene00010464,4,13,17
WBGene00010465,100,814,914
WBGene00010466,1,7,8
WBGene00010467,0,27,27
WBGene00010468,10,366,376
WBGene00010469,0,12,12
WBGene00010470,105,568,673
WBGene00010471,304,3238,3542
WBGene00010472,7,906,913
WBGene00010473,24,150,174
WBGene00010474,0,0,0
WBGene00010475,517,1009,1526
WBGene00010476,37,1426,1463
WBGene00010477,5,171,176
WBGene00010478,138,19107,19245
WBGene00010479,209,1674,1883
WBGene00010480,801,4466,5267
WBGene00010481,12,853,865
WBGene00010483,0,9,9
WBGene00010484,101,1806,1907
WBGene00010485,0,31,31
WBGene00010486,0,1,1
WBGene00010487,16,10,26
WBGene00010488,609,4175,4784
WBGene00010491,5,1327,1332
WBGene00010492,1,0,1
WBGene00010493,4,2,6
WBGene00010494,2,2,4
WBGene00010495,1,10,11
WBGene00010496,110,1275,1385
WBGene00010497,47,199,246
WBGene00010498,115,419,534
WBGene00010499,2,6,8
WBGene00010500,358,3113,3471
WBGene00010501,53,582,635
WBGene00010502,55,1046,1101
WBGene00010503,39,458,497
WBGene00010504,46,587,633
WBGene00010505,39,329,368
WBGene00010506,23,57,80
WBGene00010507,440,3001,3441
WBGene00010508,23,7,30
WBGene00010509,3,17,20
WBGene00010510,3,0,3
WBGene00010511,8,5,13
WBGene00010512,319,4022,4341
WBGene00010513,473,3232,3705
WBGene00010514,445,4352,4797
WBGene00010515,279,4414,4693
WBGene00010516,58,621,679
WBGene00010518,63,267,330
WBGene00010519,5,16,21
WBGene00010520,25,462,487
WBGene00010521,35,101,136
WBGene00010522,13,170,183
WBGene00010523,1,7,8
WBGene00010524,4,171,175
WBGene00010525,32,371,403
WBGene00010526,0,1,1
WBGene00010527,1,1,2
WBGene00010528,0,1,1
WBGene00010530,4,2,6
WBGene00010531,0,0,0
WBGene00010534,10,0,10
WBGene00010535,14,0,14
WBGene00010536,2,0,2
WBGene00010537,207,462,669
WBGene00010538,33,152,185
WBGene00010539,276,3094,3370
WBGene00010540,24,248,272
WBGene00010541,863,7248,8111
WBGene00010542,3,537,540
WBGene00010544,2,5,7
WBGene00010545,8,56,64
WBGene00010546,1,157,158
WBGene00010547,1,2,3
WBGene00010550,129,1350,1479
WBGene00010551,118,952,1070
WBGene00010552,37,437,474
WBGene00010553,20,385,405
WBGene00010554,20,83,103
WBGene00010555,0,1,1
WBGene00010556,704,241729,242433
WBGene00010557,32,1076,1108
WBGene00010558,130,386,516
WBGene00010559,5,28,33
WBGene00010560,356,12173,12529
WBGene00010562,80,1154,1234
WBGene00010563,18,44,62
WBGene00010564,213,2286,2499
WBGene00010565,12,327,339
WBGene00010566,47,177,224
WBGene00010567,100,1196,1296
WBGene00010568,20,21,41
WBGene00010569,34,355,389
WBGene00010570,3,4,7
WBGene00010571,10,14,24
WBGene00010572,32,330,362
WBGene00010573,54,222,276
WBGene00010574,0,6,6
WBGene00010575,28,424,452
WBGene00010576,2,2,4
WBGene00010577,8,1,9
WBGene00010578,4,0,4
WBGene00010579,51,6064,6115
WBGene00010580,41,13,54
WBGene00010581,4,36,40
WBGene00010582,220,2131,2351
WBGene00010583,2,1350,1352
WBGene00010584,6,24,30
WBGene00010585,171,477,648
WBGene00010586,7,13,20
WBGene00010587,67,221,288
WBGene00010588,0,3,3
WBGene00010589,0,31,31
WBGene00010590,1,1,2
WBGene00010591,1,2,3
WBGene00010592,21,177,198
WBGene00010593,734,8720,9454
WBGene00010594,52,213,265
WBGene00010595,235,1653,1888
WBGene00010596,4,24,28
WBGene00010597,202,238,440
WBGene00010598,2,5,7
WBGene00010599,16,18,34
WBGene00010600,0,7,7
WBGene00010601,2,0,2
WBGene00010602,1,11,12
WBGene00010603,9,37,46
WBGene00010604,2,68,70
WBGene00010605,73,332,405
WBGene00010606,7,24,31
WBGene00010607,24,26,50
WBGene00010608,33,339,372
WBGene00010609,190,1465,1655
WBGene00010610,204,1481,1685
WBGene00010611,2,4,6
WBGene00010612,2,9,11
WBGene00010613,8,12,20
WBGene00010614,9,29,38
WBGene00010615,98,1439,1537
WBGene00010616,169,6141,6310
WBGene00010617,8,68,76
WBGene00010619,95,994,1089
WBGene00010620,137,1593,1730
WBGene00010621,4,341,345
WBGene00010622,49,712,761
WBGene00010623,29,54,83
WBGene00010624,282,3415,3697
WBGene00010625,99,1296,1395
WBGene00010626,414,2253,2667
WBGene00010627,1469,21070,22539
WBGene00010628,17,154,171
WBGene00010629,115,2675,2790
WBGene00010630,20,205,225
WBGene00010631,295,3016,3311
WBGene00010632,337,2506,2843
WBGene00010633,0,1,1
WBGene00010634,0,0,0
WBGene00010635,0,3,3
WBGene00010636,23,146,169
WBGene00010637,17,142,159
WBGene00010638,225,1858,2083
WBGene00010639,540,6176,6716
WBGene00010640,102,467,569
WBGene00010641,66,1492,1558
WBGene00010642,67,719,786
WBGene00010643,6,50,56
WBGene00010644,7,26,33
WBGene00010645,157,2173,2330
WBGene00010646,96,113,209
WBGene00010647,2,906,908
WBGene00010648,159,1409,1568
WBGene00010649,194,1223,1417
WBGene00010650,2,0,2
WBGene00010651,1,2,3
WBGene00010652,4,23,27
WBGene00010653,0,1,1
WBGene00010654,3,18,21
WBGene00010655,5,4,9
WBGene00010656,0,0,0
WBGene00010657,8,70,78
WBGene00010658,4,102,106
WBGene00010659,3,35,38
WBGene00010660,45,346,391
WBGene00010661,10,278,288
WBGene00010662,1,17,18
WBGene00010663,58,169,227
WBGene00010664,48,1316,1364
WBGene00010665,275,4998,5273
WBGene00010666,6,364,370
WBGene00010667,61,688,749
WBGene00010668,4,1,5
WBGene00010669,45,61,106
WBGene00010670,25,3960,3985
WBGene00010671,27,1151,1178
WBGene00010672,0,2,2
WBGene00010673,13,53,66
WBGene00010674,43,905,948
WBGene00010675,185,1502,1687
WBGene00010676,89,1141,1230
WBGene00010677,154,9555,9709
WBGene00010678,22,303,325
WBGene00010679,6,17,23
WBGene00010680,10,66,76
WBGene00010681,544,13837,14381
WBGene00010682,7,24,31
WBGene00010683,24,130,154
WBGene00010684,6,2,8
WBGene00010685,134,1489,1623
WBGene00010686,2,7,9
WBGene00010687,52,1210,1262
WBGene00010688,0,0,0
WBGene00010689,3,6,9
WBGene00010690,0,1,1
WBGene00010691,2,32,34
WBGene00010692,2,7,9
WBGene00010693,45,44,89
WBGene00010694,21,7,28
WBGene00010697,72,1301,1373
WBGene00010698,2,14,16
WBGene00010699,286,2102,2388
WBGene00010700,170,2098,2268
WBGene00010701,89,2965,3054
WBGene00010702,69,413,482
WBGene00010703,867,5692,6559
WBGene00010704,12,376,388
WBGene00010705,21,150,171
WBGene00010706,0,6,6
WBGene00010707,1,7,8
WBGene00010708,50,180,230
WBGene00010709,115,447,562
WBGene00010711,0,245,245
WBGene00010712,17,36,53
WBGene00010713,316,1247,1563
WBGene00010714,53,48,101
WBGene00010715,0,0,0
WBGene00010716,40,167,207
WBGene00010717,7,64,71
WBGene00010718,2,24,26
WBGene00010719,5,1,6
WBGene00010720,32,970,1002
WBGene00010721,79,1085,1164
WBGene00010722,60,297,357
WBGene00010723,11,1631,1642
WBGene00010724,169,647,816
WBGene00010725,86,895,981
WBGene00010726,692,653,1345
WBGene00010727,191,5265,5456
WBGene00010728,0,3,3
WBGene00010729,2,0,2
WBGene00010730,32,3278,3310
WBGene00010731,318,2427,2745
WBGene00010732,276,1717,1993
WBGene00010734,38,152,190
WBGene00010735,86,170,256
WBGene00010736,272,3923,4195
WBGene00010737,27,351,378
WBGene00010738,918,1094,2012
WBGene00010740,0,868,868
WBGene00010741,5,218,223
WBGene00010742,156,3162,3318
WBGene00010743,2,6,8
WBGene00010744,124,1078,1202
WBGene00010745,6,23,29
WBGene00010746,32,3,35
WBGene00010747,11,12,23
WBGene00010748,0,1,1
WBGene00010749,3,29,32
WBGene00010750,2,14,16
WBGene00010752,2,14,16
WBGene00010754,1,0,1
WBGene00010755,6,166,172
WBGene00010756,115,961,1076
WBGene00010757,7,311,318
WBGene00010758,115,720,835
WBGene00010759,137,1727,1864
WBGene00010760,0,17,17
WBGene00010761,6,1,7
WBGene00010762,1,7,8
WBGene00010763,0,2,2
WBGene00010764,4,6,10
WBGene00010765,13,52,65
WBGene00010766,41,2219,2260
WBGene00010767,9,343,352
WBGene00010768,35,61,96
WBGene00010769,25,308,333
WBGene00010770,116,236,352
WBGene00010771,40,522,562
WBGene00010772,983,2227,3210
WBGene00010773,156,2265,2421
WBGene00010774,6,39,45
WBGene00010775,7,22,29
WBGene00010776,142,723,865
WBGene00010778,322,5450,5772
WBGene00010779,3,3,6
WBGene00010780,149,1964,2113
WBGene00010781,3,65,68
WBGene00010782,2,68,70
WBGene00010783,238,2844,3082
WBGene00010784,79,251,330
WBGene00010785,105,3778,3883
WBGene00010786,22,16,38
WBGene00010787,5,84,89
WBGene00010788,35,132,167
WBGene00010789,36,20,56
WBGene00010790,186,19240,19426
WBGene00010791,7,87,94
WBGene00010792,29,152,181
WBGene00010793,98,542,640
WBGene00010794,430,10857,11287
WBGene00010795,23,275,298
WBGene00010796,472,3181,3653
WBGene00010797,1,7,8
WBGene00010798,0,0,0
WBGene00010799,38,159,197
WBGene00010800,0,2,2
WBGene00010801,2,2,4
WBGene00010802,5,0,5
WBGene00010803,7,457,464
WBGene00010804,2,7,9
WBGene00010805,26,350,376
WBGene00010806,180,1873,2053
WBGene00010807,12,869,881
WBGene00010808,1,2,3
WBGene00010809,29,4248,4277
WBGene00010810,154,1183,1337
WBGene00010811,54,713,767
WBGene00010812,379,5707,6086
WBGene00010813,282,854,1136
WBGene00010814,54,217,271
WBGene00010815,106,382,488
WBGene00010817,0,0,0
WBGene00010819,1,3,4
WBGene00010820,2,0,2
WBGene00010821,2,4,6
WBGene00010822,19,64,83
WBGene00010823,0,1,1
WBGene00010825,4,8,12
WBGene00010827,52,810,862
WBGene00010828,653,2452,3105
WBGene00010829,4,14,18
WBGene00010830,12,32,44
WBGene00010831,7,17,24
WBGene00010832,2,9,11
WBGene00010833,81,678,759
WBGene00010834,43,2194,2237
WBGene00010835,46,317,363
WBGene00010836,632,136,768
WBGene00010837,53,1242,1295
WBGene00010838,153,999,1152
WBGene00010839,53,303,356
WBGene00010840,527,1299,1826
WBGene00010842,366,2016,2382
WBGene00010843,20,97,117
WBGene00010844,105,1920,2025
WBGene00010845,231,3691,3922
WBGene00010846,31,216,247
WBGene00010847,110,1236,1346
WBGene00010848,2,279,281
WBGene00010849,384,326,710
WBGene00010850,32,34,66
WBGene00010851,2,26,28
WBGene00010854,0,4,4
WBGene00010855,68,3,71
WBGene00010856,361,1437,1798
WBGene00010857,27,52,79
WBGene00010858,35,388,423
WBGene00010859,11,75,86
WBGene00010862,1,1,2
WBGene00010863,7,13,20
WBGene00010864,29,386,415
WBGene00010865,49,187,236
WBGene00010866,1,0,1
WBGene00010867,100,988,1088
WBGene00010868,271,5698,5969
WBGene00010869,0,42,42
WBGene00010870,14,176,190
WBGene00010871,36,164,200
WBGene00010872,40,3097,3137
WBGene00010873,57,533,590
WBGene00010874,101,63,164
WBGene00010875,82,1174,1256
WBGene00010876,14,14,28
WBGene00010877,168,1232,1400
WBGene00010878,101,2756,2857
WBGene00010879,129,6843,6972
WBGene00010880,48,45,93
WBGene00010881,79,303,382
WBGene00010882,48,1425,1473
WBGene00010883,7,12,19
WBGene00010884,77,358,435
WBGene00010885,0,0,0
WBGene00010886,0,3,3
WBGene00010887,302,2731,3033
WBGene00010888,1464,11487,12951
WBGene00010889,11,257,268
WBGene00010890,133,1964,2097
WBGene00010891,6,664,670
WBGene00010892,13,558,571
WBGene00010893,41,557,598
WBGene00010894,2,2,4
WBGene00010895,2,0,2
WBGene00010896,452,43241,43693
WBGene00010897,171,567,738
WBGene00010898,122,645,767
WBGene00010899,16,57,73
WBGene00010900,1,0,1
WBGene00010901,1,53,54
WBGene00010902,102,737,839
WBGene00010904,16,103,119
WBGene00010905,139,3838,3977
WBGene00010906,7,12,19
WBGene00010907,10,173,183
WBGene00010908,235,2775,3010
WBGene00010909,204,2844,3048
WBGene00010910,464,691,1155
WBGene00010911,152,1262,1414
WBGene00010912,199,2650,2849
WBGene00010913,83,1141,1224
WBGene00010915,3,2,5
WBGene00010916,10,49,59
WBGene00010917,10,82,92
WBGene00010918,287,1349,1636
WBGene00010919,2,26,28
WBGene00010920,4,25,29
WBGene00010922,1,968,969
WBGene00010923,236,1128,1364
WBGene00010924,7,109,116
WBGene00010925,4,4,8
WBGene00010926,1,4,5
WBGene00010927,0,0,0
WBGene00010928,1,24,25
WBGene00010929,0,2,2
WBGene00010931,8,135,143
WBGene00010933,0,1,1
WBGene00010934,1,35,36
WBGene00010935,21,3106,3127
WBGene00010936,67,615,682
WBGene00010937,6,28,34
WBGene00010938,6,3,9
WBGene00010939,13,16,29
WBGene00010940,9,1171,1180
WBGene00010941,119,1057,1176
WBGene00010942,652,8399,9051
WBGene00010943,22,365,387
WBGene00010944,58,1599,1657
WBGene00010945,2,102,104
WBGene00010946,14,8,22
WBGene00010947,3,425,428
WBGene00010948,9,15,24
WBGene00010949,3,2,5
WBGene00010950,10,2,12
WBGene00010951,78,436,514
WBGene00010953,3,2,5
WBGene00010954,1,1,2
WBGene00010955,1,0,1
WBGene00010956,0,7,7
WBGene00010957,0,1208657,1208657
WBGene00010958,0,558293,558293
WBGene00010959,0,221390,221390
WBGene00010960,0,1054349,1054349
WBGene00010961,0,77856,77856
WBGene00010962,0,882620,882620
WBGene00010963,0,84291,84291
WBGene00010964,0,506979,506979
WBGene00010965,0,784323,784323
WBGene00010966,0,36673,36673
WBGene00010967,0,80515,80515
WBGene00010968,13,151,164
WBGene00010969,2,6,8
WBGene00010970,147,934,1081
WBGene00010971,14,147,161
WBGene00010972,7,201,208
WBGene00010973,13,60,73
WBGene00010974,112,451,563
WBGene00010975,98,533,631
WBGene00010976,8,865,873
WBGene00010977,16,190,206
WBGene00010978,0,31,31
WBGene00010979,94,73,167
WBGene00010980,2,5,7
WBGene00010981,73,1007,1080
WBGene00010982,266,3511,3777
WBGene00010983,33,71,104
WBGene00010984,19,1625,1644
WBGene00010985,34,103,137
WBGene00010986,125,345,470
WBGene00010987,8,23,31
WBGene00010988,130,1941,2071
WBGene00010989,7,122,129
WBGene00010990,142,1825,1967
WBGene00010991,6,30,36
WBGene00010992,1,1,2
WBGene00010993,91,5277,5368
WBGene00010994,534,4309,4843
WBGene00010995,5,6,11
WBGene00010996,6,0,6
WBGene00010998,4,10,14
WBGene00010999,4,4,8
WBGene00011000,12,7,19
WBGene00011001,2,4,6
WBGene00011002,34,154,188
WBGene00011003,115,903,1018
WBGene00011004,201,920,1121
WBGene00011005,0,3,3
WBGene00011006,2,55,57
WBGene00011008,0,3,3
WBGene00011009,6,22,28
WBGene00011010,0,6,6
WBGene00011011,0,1,1
WBGene00011012,0,2,2
WBGene00011013,2,37,39
WBGene00011014,27,151,178
WBGene00011015,4938,64820,69758
WBGene00011016,23,1455,1478
WBGene00011017,15,2387,2402
WBGene00011018,426,1346,1772
WBGene00011019,487,10094,10581
WBGene00011020,139,2425,2564
WBGene00011021,256,2163,2419
WBGene00011023,6,42,48
WBGene00011024,4,2,6
WBGene00011025,2,1,3
WBGene00011026,1778,5420,7198
WBGene00011027,35,98,133
WBGene00011028,728,1214,1942
WBGene00011029,177,1434,1611
WBGene00011030,51,271,322
WBGene00011032,86,1964,2050
WBGene00011033,43,1304,1347
WBGene00011034,74,1050,1124
WBGene00011035,180,1825,2005
WBGene00011036,58,693,751
WBGene00011037,51,679,730
WBGene00011038,237,7270,7507
WBGene00011039,4,117,121
WBGene00011040,30,432,462
WBGene00011041,0,3,3
WBGene00011042,0,106,106
WBGene00011043,737,2270,3007
WBGene00011044,113,190,303
WBGene00011045,273,1533,1806
WBGene00011046,2,9,11
WBGene00011047,13,561,574
WBGene00011049,1,9,10
WBGene00011050,251,1693,1944
WBGene00011051,559,1666,2225
WBGene00011052,4,2,6
WBGene00011053,8,2,10
WBGene00011054,57,1123,1180
WBGene00011055,112,1203,1315
WBGene00011056,5,7,12
WBGene00011058,362,1071,1433
WBGene00011059,5961,90423,96384
WBGene00011060,135,1564,1699
WBGene00011061,59,859,918
WBGene00011062,0,63,63
WBGene00011063,14,150,164
WBGene00011064,110,1777,1887
WBGene00011065,10,133,143
WBGene00011066,14,180,194
WBGene00011067,84,899,983
WBGene00011068,35,772,807
WBGene00011069,40,272,312
WBGene00011070,269,7021,7290
WBGene00011071,117,1034,1151
WBGene00011072,2403,23055,25458
WBGene00011073,12,256,268
WBGene00011074,23,181,204
WBGene00011075,57,322,379
WBGene00011076,19,44,63
WBGene00011077,40,33,73
WBGene00011078,4,16,20
WBGene00011079,4,105,109
WBGene00011081,2,87,89
WBGene00011082,11,124,135
WBGene00011083,24,26,50
WBGene00011084,0,0,0
WBGene00011087,21,298,319
WBGene00011088,1,84,85
WBGene00011089,17,682,699
WBGene00011090,44,258,302
WBGene00011092,48,315,363
WBGene00011093,54,311,365
WBGene00011094,12,100,112
WBGene00011095,48,2103,2151
WBGene00011096,3,6,9
WBGene00011097,110,429,539
WBGene00011098,10,87,97
WBGene00011099,23,160,183
WBGene00011100,49,173,222
WBGene00011101,76,103,179
WBGene00011102,21,482,503
WBGene00011103,12,558,570
WBGene00011104,22,17,39
WBGene00011105,69,986,1055
WBGene00011106,76,1498,1574
WBGene00011107,20,332,352
WBGene00011108,23,566,589
WBGene00011109,61,1267,1328
WBGene00011110,882,5749,6631
WBGene00011111,55,3424,3479
WBGene00011112,14,848,862
WBGene00011113,16,17,33
WBGene00011114,5,19,24
WBGene00011115,50,1654,1704
WBGene00011116,110,4141,4251
WBGene00011117,7,209,216
WBGene00011119,1011,10127,11138
WBGene00011120,0,21,21
WBGene00011121,34,396,430
WBGene00011122,424,2888,3312
WBGene00011123,245,800,1045
WBGene00011124,12,198,210
WBGene00011127,0,1,1
WBGene00011128,75,6178,6253
WBGene00011129,5,16,21
WBGene00011130,4950,4,4954
WBGene00011131,109,329,438
WBGene00011132,0,4,4
WBGene00011133,2,8,10
WBGene00011134,0,0,0
WBGene00011135,1,1,2
WBGene00011136,7,81,88
WBGene00011137,10,540,550
WBGene00011139,86,1049,1135
WBGene00011140,17,46,63
WBGene00011141,75,540,615
WBGene00011142,103,1352,1455
WBGene00011143,75,842,917
WBGene00011144,350,2251,2601
WBGene00011145,73,999,1072
WBGene00011146,360,2109,2469
WBGene00011147,28,154,182
WBGene00011150,0,2,2
WBGene00011151,2,0,2
WBGene00011152,3,3,6
WBGene00011153,4,2,6
WBGene00011154,63,977,1040
WBGene00011155,844,11888,12732
WBGene00011156,9282,140170,149452
WBGene00011157,0,5,5
WBGene00011158,1,2,3
WBGene00011159,0,0,0
WBGene00011161,0,2,2
WBGene00011162,0,0,0
WBGene00011163,0,4,4
WBGene00011164,1,1,2
WBGene00011166,4,20,24
WBGene00011167,2,5,7
WBGene00011168,5,4,9
WBGene00011169,2,2,4
WBGene00011170,0,1,1
WBGene00011171,39,70,109
WBGene00011172,1,15,16
WBGene00011173,6,2,8
WBGene00011175,2,1,3
WBGene00011176,0,8,8
WBGene00011177,0,2,2
WBGene00011179,25,357,382
WBGene00011180,14,47,61
WBGene00011181,19,373,392
WBGene00011182,112,505,617
WBGene00011183,1,0,1
WBGene00011184,5,179,184
WBGene00011185,4,247,251
WBGene00011186,8,2,10
WBGene00011187,1,12,13
WBGene00011188,6,90,96
WBGene00011189,23,152,175
WBGene00011190,12,95,107
WBGene00011191,0,15,15
WBGene00011192,11,14,25
WBGene00011193,48,1089,1137
WBGene00011194,104,562,666
WBGene00011195,19,1674,1693
WBGene00011196,4,0,4
WBGene00011197,17,23,40
WBGene00011198,71,2492,2563
WBGene00011200,2,9,11
WBGene00011201,16,117,133
WBGene00011202,11,10,21
WBGene00011203,6,44,50
WBGene00011205,148,2241,2389
WBGene00011206,60,576,636
WBGene00011207,15,8,23
WBGene00011208,1,0,1
WBGene00011209,2,5,7
WBGene00011211,6,2,8
WBGene00011212,4,19,23
WBGene00011213,6,6,12
WBGene00011214,4,109,113
WBGene00011215,42,124,166
WBGene00011216,121,1174,1295
WBGene00011217,84,522,606
WBGene00011218,53,391,444
WBGene00011219,2,18,20
WBGene00011220,4,92,96
WBGene00011221,276,1878,2154
WBGene00011222,31,369,400
WBGene00011223,29,445,474
WBGene00011224,68,361,429
WBGene00011225,30,293,323
WBGene00011226,95,447,542
WBGene00011227,6,377,383
WBGene00011228,5,24,29
WBGene00011229,0,2,2
WBGene00011230,99,3141,3240
WBGene00011231,33,2242,2275
WBGene00011232,1741,35690,37431
WBGene00011234,0,27,27
WBGene00011235,58,441,499
WBGene00011236,12,328,340
WBGene00011237,74,1573,1647
WBGene00011238,66,104,170
WBGene00011239,215,3427,3642
WBGene00011240,306,3921,4227
WBGene00011241,11,78,89
WBGene00011242,58,474,532
WBGene00011243,6,24,30
WBGene00011244,10,1316,1326
WBGene00011245,1,0,1
WBGene00011246,3,6,9
WBGene00011247,324,4560,4884
WBGene00011248,60,861,921
WBGene00011249,4,5,9
WBGene00011250,66,1283,1349
WBGene00011251,67,237,304
WBGene00011252,1,19,20
WBGene00011253,40,1286,1326
WBGene00011254,48,2483,2531
WBGene00011255,14,57,71
WBGene00011257,6,465,471
WBGene00011258,15,85,100
WBGene00011259,420,2256,2676
WBGene00011260,12,41,53
WBGene00011261,364,510,874
WBGene00011262,13,143,156
WBGene00011263,7,1408,1415
WBGene00011264,18,28,46
WBGene00011265,12,400,412
WBGene00011266,10,912,922
WBGene00011267,2,102,104
WBGene00011268,164,816,980
WBGene00011269,52,167,219
WBGene00011270,379,4898,5277
WBGene00011271,84,714,798
WBGene00011272,76,2203,2279
WBGene00011273,1903,76121,78024
WBGene00011274,120,826,946
WBGene00011275,32,385,417
WBGene00011276,95,1432,1527
WBGene00011277,1,13,14
WBGene00011278,2,226,228
WBGene00011279,809,3185,3994
WBGene00011280,75,920,995
WBGene00011281,172,1798,1970
WBGene00011282,305,2449,2754
WBGene00011283,569,4420,4989
WBGene00011284,35,2786,2821
WBGene00011285,89,1216,1305
WBGene00011286,29,266,295
WBGene00011287,70,591,661
WBGene00011288,0,136,136
WBGene00011289,12,11224,11236
WBGene00011290,1,4,5
WBGene00011291,35,239,274
WBGene00011292,213,2218,2431
WBGene00011293,37,7,44
WBGene00011295,0,0,0
WBGene00011296,9,48,57
WBGene00011297,2,2,4
WBGene00011298,110,709,819
WBGene00011299,206,1354,1560
WBGene00011300,135,6385,6520
WBGene00011302,435,1713,2148
WBGene00011303,360,2188,2548
WBGene00011304,3111,8077,11188
WBGene00011305,17,497,514
WBGene00011306,81,1309,1390
WBGene00011307,138,706,844
WBGene00011308,268,3650,3918
WBGene00011309,741,3231,3972
WBGene00011310,15,228,243
WBGene00011311,388,3151,3539
WBGene00011312,13,893,906
WBGene00011313,21,1034,1055
WBGene00011314,99,472,571
WBGene00011315,17,343,360
WBGene00011317,46,941,987
WBGene00011318,19,462,481
WBGene00011319,73,749,822
WBGene00011320,2,22,24
WBGene00011321,0,52,52
WBGene00011322,1,1,2
WBGene00011323,93,1257,1350
WBGene00011324,8,378,386
WBGene00011325,7,126,133
WBGene00011326,164,1915,2079
WBGene00011327,1,32,33
WBGene00011328,182,605,787
WBGene00011329,60,1050,1110
WBGene00011330,14,175,189
WBGene00011331,2102,993,3095
WBGene00011333,174,2430,2604
WBGene00011334,122,2875,2997
WBGene00011335,29,53,82
WBGene00011336,2,2,4
WBGene00011337,130,5956,6086
WBGene00011338,154,1441,1595
WBGene00011339,39,155,194
WBGene00011340,10,54,64
WBGene00011341,0,14,14
WBGene00011342,4,6,10
WBGene00011344,454,1686,2140
WBGene00011345,2,641,643
WBGene00011348,117,729,846
WBGene00011349,127,1477,1604
WBGene00011350,1,34,35
WBGene00011351,25,122,147
WBGene00011352,276,2834,3110
WBGene00011353,94,539,633
WBGene00011354,4,31,35
WBGene00011355,2,94,96
WBGene00011356,1,6,7
WBGene00011358,3,2,5
WBGene00011359,31,12,43
WBGene00011360,10,15,25
WBGene00011361,23,131,154
WBGene00011362,3,10,13
WBGene00011363,0,43,43
WBGene00011364,9,50,59
WBGene00011365,7,48,55
WBGene00011366,14,224,238
WBGene00011367,52,808,860
WBGene00011368,61,546,607
WBGene00011371,23,176,199
WBGene00011372,396,402,798
WBGene00011373,0,0,0
WBGene00011374,1779,11783,13562
WBGene00011375,124,962,1086
WBGene00011376,19,320,339
WBGene00011378,6,11,17
WBGene00011379,2,3,5
WBGene00011380,53,413,466
WBGene00011381,26,308,334
WBGene00011382,91,716,807
WBGene00011383,181,6373,6554
WBGene00011384,24,15,39
WBGene00011385,105,311,416
WBGene00011386,0,1,1
WBGene00011387,1,0,1
WBGene00011388,2,6,8
WBGene00011389,0,0,0
WBGene00011390,0,0,0
WBGene00011391,537,3283,3820
WBGene00011392,230,22833,23063
WBGene00011393,51,910,961
WBGene00011394,4,16,20
WBGene00011395,3,0,3
WBGene00011396,5,32,37
WBGene00011397,4,19,23
WBGene00011398,419,5107,5526
WBGene00011399,3,496,499
WBGene00011400,47,174,221
WBGene00011401,4,15,19
WBGene00011402,6,15,21
WBGene00011403,5,6,11
WBGene00011404,29,171,200
WBGene00011407,58,482,540
WBGene00011408,264,4291,4555
WBGene00011409,32,2637,2669
WBGene00011410,7,1076,1083
WBGene00011411,2,476,478
WBGene00011412,151,4167,4318
WBGene00011414,12,6,18
WBGene00011415,40,348,388
WBGene00011416,0,0,0
WBGene00011417,0,0,0
WBGene00011418,0,0,0
WBGene00011419,0,0,0
WBGene00011420,0,0,0
WBGene00011422,171,1091,1262
WBGene00011423,224,1268,1492
WBGene00011424,4,36,40
WBGene00011425,38,49,87
WBGene00011426,29,40,69
WBGene00011427,5,22,27
WBGene00011428,582,14680,15262
WBGene00011429,3,37,40
WBGene00011430,27,166,193
WBGene00011431,6,46,52
WBGene00011432,0,1,1
WBGene00011433,319,1517,1836
WBGene00011434,23,772,795
WBGene00011435,4,32,36
WBGene00011436,145,2740,2885
WBGene00011437,34,189,223
WBGene00011438,3,1,4
WBGene00011439,12,92,104
WBGene00011440,45,733,778
WBGene00011441,123,971,1094
WBGene00011442,105,297,402
WBGene00011443,22,385,407
WBGene00011444,97,683,780
WBGene00011445,11,81,92
WBGene00011446,50,2447,2497
WBGene00011447,26,513,539
WBGene00011449,70,2075,2145
WBGene00011450,22,757,779
WBGene00011451,38,313,351
WBGene00011452,29,203,232
WBGene00011453,13,129,142
WBGene00011454,57,235,292
WBGene00011456,86,344,430
WBGene00011458,13,103,116
WBGene00011460,57,112,169
WBGene00011462,21,32,53
WBGene00011463,37,312,349
WBGene00011464,31,516,547
WBGene00011465,27,252,279
WBGene00011466,3,15,18
WBGene00011467,1,1,2
WBGene00011468,11,11,22
WBGene00011469,0,0,0
WBGene00011471,21,234,255
WBGene00011472,1,0,1
WBGene00011473,15,267,282
WBGene00011474,59,47121,47180
WBGene00011475,7,103,110
WBGene00011476,27,163,190
WBGene00011478,1,7,8
WBGene00011479,77,1161,1238
WBGene00011480,888,15655,16543
WBGene00011481,33,10509,10542
WBGene00011482,20,148,168
WBGene00011484,11,1184,1195
WBGene00011485,0,1,1
WBGene00011486,2,2,4
WBGene00011487,14,89,103
WBGene00011488,280,2314,2594
WBGene00011489,13,325,338
WBGene00011490,73,1289,1362
WBGene00011491,4,2,6
WBGene00011492,19,11,30
WBGene00011493,0,5,5
WBGene00011494,1,2,3
WBGene00011495,12,154,166
WBGene00011497,57,639,696
WBGene00011498,1058,10522,11580
WBGene00011499,8,11,19
WBGene00011500,55,980,1035
WBGene00011501,4,127,131
WBGene00011502,23,688,711
WBGene00011503,291,1282,1573
WBGene00011505,0,2,2
WBGene00011506,0,2,2
WBGene00011507,103,3466,3569
WBGene00011508,3,11,14
WBGene00011509,2,131,133
WBGene00011510,361,6798,7159
WBGene00011511,445,2023,2468
WBGene00011512,22,126,148
WBGene00011513,1,111,112
WBGene00011515,5,2,7
WBGene00011516,0,3,3
WBGene00011517,29,154,183
WBGene00011518,3,0,3
WBGene00011519,1,8,9
WBGene00011520,31,214,245
WBGene00011521,0,11,11
WBGene00011522,163,3613,3776
WBGene00011523,13,15,28
WBGene00011524,49,92,141
WBGene00011526,157,2329,2486
WBGene00011527,38,3400,3438
WBGene00011528,89,1380,1469
WBGene00011529,68,2213,2281
WBGene00011530,31,151,182
WBGene00011531,506,8131,8637
WBGene00011532,266,1983,2249
WBGene00011533,0,12,12
WBGene00011534,11,129,140
WBGene00011535,7,173,180
WBGene00011536,19,244,263
WBGene00011537,0,798,798
WBGene00011538,56,2584,2640
WBGene00011539,0,3,3
WBGene00011540,8,27,35
WBGene00011541,4,1,5
WBGene00011542,0,2,2
WBGene00011543,83,830,913
WBGene00011544,8,3,11
WBGene00011545,20,350,370
WBGene00011546,26,252,278
WBGene00011547,4,4,8
WBGene00011548,54,726,780
WBGene00011551,37,417,454
WBGene00011552,11,3,14
WBGene00011553,0,0,0
WBGene00011554,65,109,174
WBGene00011556,21,46,67
WBGene00011557,9,21,30
WBGene00011558,134,3922,4056
WBGene00011559,95,975,1070
WBGene00011560,12,475,487
WBGene00011561,262,8097,8359
WBGene00011562,113,835,948
WBGene00011563,10,22,32
WBGene00011564,1082,6858,7940
WBGene00011565,4,22,26
WBGene00011566,8,57,65
WBGene00011568,23,27,50
WBGene00011570,3,2,5
WBGene00011571,150,3964,4114
WBGene00011572,36,162,198
WBGene00011573,64,4309,4373
WBGene00011574,1,12,13
WBGene00011575,18,306,324
WBGene00011576,39,263,302
WBGene00011577,0,0,0
WBGene00011578,6,46,52
WBGene00011579,250,2109,2359
WBGene00011580,71,1281,1352
WBGene00011581,6,42,48
WBGene00011582,5,43,48
WBGene00011583,2,5,7
WBGene00011584,0,0,0
WBGene00011586,76,3025,3101
WBGene00011587,14,157,171
WBGene00011589,27,959,986
WBGene00011590,165,403,568
WBGene00011591,7,124,131
WBGene00011592,111,138,249
WBGene00011593,6,271,277
WBGene00011594,10,95,105
WBGene00011595,0,1,1
WBGene00011596,11,108,119
WBGene00011597,869,87,956
WBGene00011600,5,115,120
WBGene00011601,35,113,148
WBGene00011604,297,1526,1823
WBGene00011605,198,4493,4691
WBGene00011606,12,85,97
WBGene00011609,1,1,2
WBGene00011610,2,9,11
WBGene00011611,23,170,193
WBGene00011612,38,24,62
WBGene00011613,20,156,176
WBGene00011614,6,212,218
WBGene00011615,13,241,254
WBGene00011616,1,6,7
WBGene00011618,2,2,4
WBGene00011619,2,3,5
WBGene00011620,2,10,12
WBGene00011621,2,2,4
WBGene00011622,7,4,11
WBGene00011623,13,43,56
WBGene00011624,183,1201,1384
WBGene00011625,34,759,793
WBGene00011626,0,0,0
WBGene00011627,0,0,0
WBGene00011628,0,0,0
WBGene00011629,478,11532,12010
WBGene00011630,22,71,93
WBGene00011631,387,2848,3235
WBGene00011633,25,318,343
WBGene00011634,162,2191,2353
WBGene00011635,45,1114,1159
WBGene00011636,261,1905,2166
WBGene00011637,112,1195,1307
WBGene00011638,63,7424,7487
WBGene00011639,322,1800,2122
WBGene00011640,10,282,292
WBGene00011641,0,2150,2150
WBGene00011642,0,49,49
WBGene00011643,7,29,36
WBGene00011644,9,71,80
WBGene00011645,28,538,566
WBGene00011646,7,29,36
WBGene00011647,701,5106,5807
WBGene00011648,104,1192,1296
WBGene00011649,7,3,10
WBGene00011650,0,0,0
WBGene00011651,5,1,6
WBGene00011652,0,0,0
WBGene00011653,3,2,5
WBGene00011654,1,1,2
WBGene00011655,1,8,9
WBGene00011656,1,1,2
WBGene00011657,1,0,1
WBGene00011658,0,0,0
WBGene00011659,1,0,1
WBGene00011661,89,1985,2074
WBGene00011662,96,1705,1801
WBGene00011663,176,472,648
WBGene00011664,30,418,448
WBGene00011665,17,144,161
WBGene00011666,0,2,2
WBGene00011668,1,5,6
WBGene00011669,3,4,7
WBGene00011670,0,13,13
WBGene00011671,3,2,5
WBGene00011672,70,631,701
WBGene00011673,4,79,83
WBGene00011674,4,7,11
WBGene00011675,11,8,19
WBGene00011676,40,757,797
WBGene00011677,15,42,57
WBGene00011678,39,602,641
WBGene00011679,115,6409,6524
WBGene00011680,36,525,561
WBGene00011681,122,2891,3013
WBGene00011682,100,630,730
WBGene00011683,649,5465,6114
WBGene00011684,22,90,112
WBGene00011685,2,5,7
WBGene00011686,1,0,1
WBGene00011687,24,3231,3255
WBGene00011688,37,571,608
WBGene00011689,10,59,69
WBGene00011691,4,11,15
WBGene00011692,2103,11860,13963
WBGene00011693,9,28,37
WBGene00011694,456,2209,2665
WBGene00011695,42,54,96
WBGene00011696,387,2953,3340
WBGene00011697,5,14,19
WBGene00011698,5,37,42
WBGene00011699,6,17,23
WBGene00011701,2,20,22
WBGene00011702,2,15,17
WBGene00011704,0,8,8
WBGene00011705,26,156,182
WBGene00011706,15,231,246
WBGene00011707,6,140,146
WBGene00011708,1138,12531,13669
WBGene00011709,12,98,110
WBGene00011710,0,3,3
WBGene00011712,1,24,25
WBGene00011713,4,325,329
WBGene00011714,0,0,0
WBGene00011715,0,10,10
WBGene00011717,43,788,831
WBGene00011718,28,242,270
WBGene00011719,46,482,528
WBGene00011720,320,1919,2239
WBGene00011722,145,2540,2685
WBGene00011723,271,2427,2698
WBGene00011724,2,3,5
WBGene00011725,41,188,229
WBGene00011726,208,851,1059
WBGene00011727,69,818,887
WBGene00011728,11,55,66
WBGene00011729,203,2773,2976
WBGene00011730,82,7592,7674
WBGene00011731,21,508,529
WBGene00011732,714,4123,4837
WBGene00011733,6,400,406
WBGene00011734,258,7448,7706
WBGene00011735,732,6247,6979
WBGene00011736,325,11403,11728
WBGene00011737,131,4035,4166
WBGene00011738,63,591,654
WBGene00011739,13,411,424
WBGene00011740,320,3355,3675
WBGene00011741,7,37,44
WBGene00011742,53,1235,1288
WBGene00011743,358,4710,5068
WBGene00011744,16,139,155
WBGene00011745,83,261,344
WBGene00011746,17,196,213
WBGene00011747,75,1364,1439
WBGene00011749,0,41,41
WBGene00011750,2,8,10
WBGene00011751,0,1,1
WBGene00011752,13,87,100
WBGene00011753,1,25,26
WBGene00011754,10,25,35
WBGene00011755,860,3528,4388
WBGene00011756,59,516,575
WBGene00011757,9,66,75
WBGene00011758,130,3182,3312
WBGene00011759,25,4631,4656
WBGene00011760,28,994,1022
WBGene00011761,25,890,915
WBGene00011762,18,232,250
WBGene00011763,212,7416,7628
WBGene00011765,120,614,734
WBGene00011767,788,3251,4039
WBGene00011768,34,920,954
WBGene00011770,4,24,28
WBGene00011771,654,5791,6445
WBGene00011772,200,223,423
WBGene00011773,7,798,805
WBGene00011774,95,936,1031
WBGene00011775,355,4312,4667
WBGene00011776,18,618,636
WBGene00011777,0,156,156
WBGene00011778,2,1,3
WBGene00011779,3,2,5
WBGene00011780,2,0,2
WBGene00011781,3,3,6
WBGene00011782,0,0,0
WBGene00011783,2,0,2
WBGene00011784,3,1,4
WBGene00011785,3,2,5
WBGene00011786,1,5,6
WBGene00011788,19,168,187
WBGene00011789,14,55,69
WBGene00011790,3,11,14
WBGene00011791,0,15,15
WBGene00011793,58,158,216
WBGene00011794,64,1055,1119
WBGene00011795,8,42,50
WBGene00011796,12,177,189
WBGene00011797,5,2,7
WBGene00011798,35,51,86
WBGene00011799,4,13,17
WBGene00011800,10,72,82
WBGene00011801,7,106,113
WBGene00011802,50,1378,1428
WBGene00011803,26,227,253
WBGene00011804,150,60,210
WBGene00011805,5,64,69
WBGene00011806,44,999,1043
WBGene00011807,129,818,947
WBGene00011808,0,0,0
WBGene00011809,6,17,23
WBGene00011810,30,1,31
WBGene00011811,11,34,45
WBGene00011812,4,40,44
WBGene00011813,38,589,627
WBGene00011814,59,348,407
WBGene00011815,253,2232,2485
WBGene00011816,0,2,2
WBGene00011817,94,361,455
WBGene00011819,13,301,314
WBGene00011820,19,890,909
WBGene00011821,5,67,72
WBGene00011822,14,177,191
WBGene00011823,3,276,279
WBGene00011824,144,804,948
WBGene00011826,151,215,366
WBGene00011827,773,1584,2357
WBGene00011828,13,860,873
WBGene00011829,25,77,102
WBGene00011830,93,1727,1820
WBGene00011831,31,1340,1371
WBGene00011832,73,1224,1297
WBGene00011833,40,704,744
WBGene00011834,22,398,420
WBGene00011835,11,490,501
WBGene00011836,4,95,99
WBGene00011837,4,18,22
WBGene00011838,13,587,600
WBGene00011839,18,463,481
WBGene00011840,0,0,0
WBGene00011841,2,44,46
WBGene00011844,4,14,18
WBGene00011846,2,14,16
WBGene00011847,1,3,4
WBGene00011848,1,10,11
WBGene00011849,15,3043,3058
WBGene00011850,58,233,291
WBGene00011852,4,3,7
WBGene00011853,4,1,5
WBGene00011854,896,1544,2440
WBGene00011855,1,17,18
WBGene00011856,59,743,802
WBGene00011857,285,4645,4930
WBGene00011858,23,1219,1242
WBGene00011859,57,1416,1473
WBGene00011860,6,383,389
WBGene00011864,222,4357,4579
WBGene00011866,15,427,442
WBGene00011867,139,6607,6746
WBGene00011868,58,317,375
WBGene00011869,85,100803,100888
WBGene00011870,23,5861,5884
WBGene00011871,76,893,969
WBGene00011872,64,549,613
WBGene00011873,84,137,221
WBGene00011874,2,14,16
WBGene00011875,439,6953,7392
WBGene00011876,2,12,14
WBGene00011877,4,10,14
WBGene00011878,51,357,408
WBGene00011879,157,1315,1472
WBGene00011880,1421,30512,31933
WBGene00011882,9,31,40
WBGene00011883,277,3061,3338
WBGene00011884,254,50859,51113
WBGene00011885,543,1614,2157
WBGene00011886,7,255,262
WBGene00011887,552,742,1294
WBGene00011888,211,637,848
WBGene00011890,31,821,852
WBGene00011891,264,2740,3004
WBGene00011892,143,2158,2301
WBGene00011893,5,49,54
WBGene00011894,27,243,270
WBGene00011895,5,14,19
WBGene00011896,3,199,202
WBGene00011897,244,4770,5014
WBGene00011898,1,37,38
WBGene00011899,24,620,644
WBGene00011900,80,5,85
WBGene00011902,1,32,33
WBGene00011903,0,2,2
WBGene00011904,427,2328,2755
WBGene00011906,37,1461,1498
WBGene00011908,77,441,518
WBGene00011909,10,8,18
WBGene00011910,3,7,10
WBGene00011911,0,3,3
WBGene00011912,111,2009,2120
WBGene00011913,175,1009,1184
WBGene00011914,18,539,557
WBGene00011915,113,997,1110
WBGene00011916,59,470,529
WBGene00011917,314,6509,6823
WBGene00011918,1,4,5
WBGene00011919,4,18,22
WBGene00011920,40,389,429
WBGene00011921,4,1,5
WBGene00011922,2,3,5
WBGene00011923,13,84,97
WBGene00011924,44,582,626
WBGene00011925,22,78,100
WBGene00011926,16,115,131
WBGene00011927,9,102,111
WBGene00011928,46,135,181
WBGene00011929,1,2,3
WBGene00011930,78,503,581
WBGene00011931,13,541,554
WBGene00011932,95,1152,1247
WBGene00011934,0,1005,1005
WBGene00011935,52,1075,1127
WBGene00011936,10,145,155
WBGene00011937,0,8,8
WBGene00011938,12,131,143
WBGene00011939,98,1340,1438
WBGene00011940,232,928,1160
WBGene00011941,83,395,478
WBGene00011942,0,0,0
WBGene00011943,0,1,1
WBGene00011944,374,3553,3927
WBGene00011945,35,180,215
WBGene00011947,0,1,1
WBGene00011948,1,8,9
WBGene00011949,1,19,20
WBGene00011950,0,0,0
WBGene00011951,3,5,8
WBGene00011952,24,73,97
WBGene00011953,683,4344,5027
WBGene00011954,0,14,14
WBGene00011955,129,2012,2141
WBGene00011956,17,591,608
WBGene00011957,66,426,492
WBGene00011958,23,67,90
WBGene00011959,1,195,196
WBGene00011960,14,158,172
WBGene00011961,3,0,3
WBGene00011962,170,1597,1767
WBGene00011963,77,467,544
WBGene00011964,66,764,830
WBGene00011965,73,639,712
WBGene00011966,349,5732,6081
WBGene00011967,116,1795,1911
WBGene00011968,0,74,74
WBGene00011969,12,861,873
WBGene00011970,230,689,919
WBGene00011971,295,3148,3443
WBGene00011972,58,1317,1375
WBGene00011973,3,9,12
WBGene00011974,24,50,74
WBGene00011975,174,2320,2494
WBGene00011976,235,838,1073
WBGene00011977,325,37885,38210
WBGene00011978,341,4271,4612
WBGene00011979,3,14,17
WBGene00011980,283,2377,2660
WBGene00011981,0,6,6
WBGene00011982,2,1,3
WBGene00011983,0,14,14
WBGene00011984,11,67,78
WBGene00011985,60,806,866
WBGene00011986,2,32,34
WBGene00011988,18,108,126
WBGene00011989,0,0,0
WBGene00011990,17,443,460
WBGene00011991,9,3,12
WBGene00011992,0,0,0
WBGene00011993,0,0,0
WBGene00011994,11,557,568
WBGene00011995,228,1398,1626
WBGene00011996,17,206,223
WBGene00011997,16,916,932
WBGene00011999,18,207,225
WBGene00012000,56,1858,1914
WBGene00012002,87,1141,1228
WBGene00012003,41,13,54
WBGene00012004,157,1785,1942
WBGene00012005,2056,853,2909
WBGene00012007,31,1739,1770
WBGene00012008,0,7,7
WBGene00012009,47,244,291
WBGene00012010,9,13,22
WBGene00012011,1,1,2
WBGene00012012,2,10,12
WBGene00012013,8,33,41
WBGene00012014,69,734,803
WBGene00012015,203,5082,5285
WBGene00012016,110,631,741
WBGene00012017,27,23,50
WBGene00012018,123,707,830
WBGene00012019,3873,2489,6362
WBGene00012020,1,146,147
WBGene00012021,6,0,6
WBGene00012022,8,1,9
WBGene00012023,5,6,11
WBGene00012024,0,0,0
WBGene00012025,0,4,4
WBGene00012026,0,2,2
WBGene00012027,1,0,1
WBGene00012028,0,1,1
WBGene00012029,104,928,1032
WBGene00012030,152,5046,5198
WBGene00012031,106,3664,3770
WBGene00012032,31,209,240
WBGene00012033,173,1453,1626
WBGene00012034,10,159,169
WBGene00012035,42,1040,1082
WBGene00012036,0,9,9
WBGene00012037,699,6312,7011
WBGene00012038,0,6,6
WBGene00012039,0,0,0
WBGene00012040,0,7,7
WBGene00012041,0,2,2
WBGene00012042,10,246,256
WBGene00012043,3,2,5
WBGene00012044,1,11,12
WBGene00012045,14,58,72
WBGene00012046,9,23,32
WBGene00012049,0,1,1
WBGene00012050,1,0,1
WBGene00012051,12,9,21
WBGene00012052,0,3,3
WBGene00012054,7,1,8
WBGene00012055,1,3,4
WBGene00012056,0,7,7
WBGene00012057,0,0,0
WBGene00012059,206,2830,3036
WBGene00012060,1,0,1
WBGene00012061,0,4,4
WBGene00012062,34,258,292
WBGene00012063,0,3,3
WBGene00012064,0,0,0
WBGene00012065,0,1,1
WBGene00012066,5,1,6
WBGene00012067,1,0,1
WBGene00012068,6,7,13
WBGene00012069,1,0,1
WBGene00012070,24,2,26
WBGene00012072,4,7,11
WBGene00012073,100,653,753
WBGene00012074,7,9,16
WBGene00012075,0,0,0
WBGene00012076,0,0,0
WBGene00012077,5,4,9
WBGene00012080,2,0,2
WBGene00012081,4,0,4
WBGene00012083,1,1,2
WBGene00012084,57,608,665
WBGene00012085,87,2144,2231
WBGene00012086,17,28,45
WBGene00012087,1,1,2
WBGene00012088,1,6,7
WBGene00012089,0,2,2
WBGene00012090,1,2,3
WBGene00012091,3,1,4
WBGene00012093,5,1,6
WBGene00012094,0,29613,29613
WBGene00012095,108,352,460
WBGene00012096,0,11,11
WBGene00012097,229,15754,15983
WBGene00012099,141,204,345
WBGene00012100,327,2711,3038
WBGene00012101,0,300,300
WBGene00012102,1,10,11
WBGene00012103,1,66,67
WBGene00012104,31,733,764
WBGene00012105,37,461,498
WBGene00012106,57,755,812
WBGene00012107,20,243,263
WBGene00012108,5,2,7
WBGene00012109,15,119,134
WBGene00012110,24,169,193
WBGene00012111,27,211,238
WBGene00012112,38,285,323
WBGene00012113,31,14409,14440
WBGene00012114,11,72,83
WBGene00012115,9,29,38
WBGene00012116,26,62,88
WBGene00012117,357,4487,4844
WBGene00012118,212,1523,1735
WBGene00012119,1,27,28
WBGene00012120,4,108,112
WBGene00012121,434,5268,5702
WBGene00012122,11,575,586
WBGene00012123,416,5094,5510
WBGene00012124,30,740,770
WBGene00012125,104,986,1090
WBGene00012126,1288,3960,5248
WBGene00012127,29,310,339
WBGene00012128,557,9227,9784
WBGene00012130,70,400,470
WBGene00012131,27,303,330
WBGene00012132,71,584,655
WBGene00012134,12,55,67
WBGene00012135,63,254,317
WBGene00012136,857,3140,3997
WBGene00012137,66,127,193
WBGene00012138,17,40,57
WBGene00012139,534,569,1103
WBGene00012140,319,22095,22414
WBGene00012142,55,284,339
WBGene00012143,75,380,455
WBGene00012144,24,120,144
WBGene00012145,51,1299,1350
WBGene00012146,0,0,0
WBGene00012147,8,17,25
WBGene00012148,311,61269,61580
WBGene00012149,302,1430,1732
WBGene00012150,62,477,539
WBGene00012151,107,50,157
WBGene00012152,123,1739,1862
WBGene00012155,37,361,398
WBGene00012156,6,1236,1242
WBGene00012157,160,736,896
WBGene00012158,1867,11906,13773
WBGene00012159,7,10,17
WBGene00012162,5,53,58
WBGene00012163,9,48,57
WBGene00012164,235,159,394
WBGene00012165,112,237,349
WBGene00012166,20,14974,14994
WBGene00012167,12,624,636
WBGene00012168,55,114,169
WBGene00012169,3,0,3
WBGene00012170,5,31,36
WBGene00012171,0,11,11
WBGene00012172,9,21,30
WBGene00012173,4,1,5
WBGene00012174,3,4,7
WBGene00012175,7,55,62
WBGene00012176,12,55,67
WBGene00012177,0,1,1
WBGene00012178,81,362,443
WBGene00012179,2635,172279,174914
WBGene00012180,159,50,209
WBGene00012181,11,14,25
WBGene00012182,20,864,884
WBGene00012183,0,49,49
WBGene00012184,20,308,328
WBGene00012185,9,131,140
WBGene00012186,96,3475,3571
WBGene00012187,74,2352,2426
WBGene00012188,141,932,1073
WBGene00012190,51,50,101
WBGene00012191,21,21,42
WBGene00012192,141,765,906
WBGene00012193,899,7782,8681
WBGene00012194,55,1779,1834
WBGene00012195,31,53,84
WBGene00012196,9,52,61
WBGene00012197,91,3642,3733
WBGene00012198,20,618,638
WBGene00012199,25,97,122
WBGene00012200,6,7,13
WBGene00012201,21,85,106
WBGene00012202,12,31,43
WBGene00012203,95,2136,2231
WBGene00012204,35,1671,1706
WBGene00012205,39,1611,1650
WBGene00012206,29,1330,1359
WBGene00012207,1,1,2
WBGene00012208,99,1230,1329
WBGene00012209,13,316,329
WBGene00012210,0,106,106
WBGene00012211,3,5,8
WBGene00012212,0,1,1
WBGene00012213,0,4,4
WBGene00012214,0,0,0
WBGene00012215,3,10,13
WBGene00012216,38,2468,2506
WBGene00012217,24,65,89
WBGene00012219,12,47,59
WBGene00012220,55,270,325
WBGene00012221,152,3182,3334
WBGene00012222,66,420,486
WBGene00012223,0,0,0
WBGene00012224,9,26,35
WBGene00012225,158,528,686
WBGene00012226,799,1477,2276
WBGene00012227,3,20,23
WBGene00012228,14,73,87
WBGene00012230,514,1986,2500
WBGene00012231,6,5,11
WBGene00012232,0,0,0
WBGene00012233,0,1,1
WBGene00012234,333,1485,1818
WBGene00012235,63,861,924
WBGene00012236,75,489,564
WBGene00012237,9,115,124
WBGene00012238,19,2,21
WBGene00012239,106,3574,3680
WBGene00012240,1,4,5
WBGene00012241,97,381,478
WBGene00012242,3,42,45
WBGene00012243,39,964,1003
WBGene00012244,27,2394,2421
WBGene00012245,444,3987,4431
WBGene00012246,1,7,8
WBGene00012247,0,0,0
WBGene00012248,0,0,0
WBGene00012249,2,1,3
WBGene00012250,4,1,5
WBGene00012251,4,20,24
WBGene00012252,186,871,1057
WBGene00012253,18,794,812
WBGene00012254,9,8,17
WBGene00012255,64,2658,2722
WBGene00012256,10,1362,1372
WBGene00012257,42,1770,1812
WBGene00012258,35,1461,1496
WBGene00012259,151,499,650
WBGene00012260,0,21,21
WBGene00012261,52,3246,3298
WBGene00012264,4,10,14
WBGene00012265,27,105,132
WBGene00012266,2,9,11
WBGene00012267,2,3,5
WBGene00012268,10,144,154
WBGene00012269,8,3,11
WBGene00012270,20,57,77
WBGene00012271,15,58,73
WBGene00012272,94,65,159
WBGene00012274,807,5384,6191
WBGene00012275,171,263,434
WBGene00012276,95,2179,2274
WBGene00012277,65,542,607
WBGene00012278,0,2,2
WBGene00012279,10,804,814
WBGene00012280,4,86,90
WBGene00012281,89,459,548
WBGene00012282,50,529,579
WBGene00012283,5,0,5
WBGene00012285,4,3,7
WBGene00012286,0,0,0
WBGene00012287,0,1,1
WBGene00012288,4,5,9
WBGene00012289,613,4336,4949
WBGene00012290,14,628,642
WBGene00012291,970,5608,6578
WBGene00012293,78,940,1018
WBGene00012294,0,4,4
WBGene00012295,11,77,88
WBGene00012296,14,21,35
WBGene00012297,3,12,15
WBGene00012298,68,1525,1593
WBGene00012299,4,36,40
WBGene00012300,0,0,0
WBGene00012301,0,0,0
WBGene00012302,0,0,0
WBGene00012303,3,5,8
WBGene00012304,52,16,68
WBGene00012305,0,0,0
WBGene00012306,78,298,376
WBGene00012307,9,37,46
WBGene00012308,0,1,1
WBGene00012309,2,1,3
WBGene00012310,1,1,2
WBGene00012311,0,0,0
WBGene00012312,1,1,2
WBGene00012313,0,0,0
WBGene00012314,0,0,0
WBGene00012315,44,502,546
WBGene00012316,156,1184,1340
WBGene00012317,153,2526,2679
WBGene00012318,2,1,3
WBGene00012319,181,773,954
WBGene00012321,0,2,2
WBGene00012322,99,1325,1424
WBGene00012323,3,24,27
WBGene00012324,2,109,111
WBGene00012325,33,161,194
WBGene00012326,391,1778,2169
WBGene00012328,27,157,184
WBGene00012329,6,2,8
WBGene00012330,46,465,511
WBGene00012332,14,151,165
WBGene00012333,12,25,37
WBGene00012334,18,6,24
WBGene00012335,11,27,38
WBGene00012336,32,117,149
WBGene00012337,524,3904,4428
WBGene00012339,52,519,571
WBGene00012340,36,253,289
WBGene00012341,149,1573,1722
WBGene00012342,282,2955,3237
WBGene00012343,249,3298,3547
WBGene00012344,424,9218,9642
WBGene00012345,5,7,12
WBGene00012346,7,76,83
WBGene00012347,1238,438,1676
WBGene00012348,1180,4848,6028
WBGene00012349,7,3,10
WBGene00012351,1262,10586,11848
WBGene00012352,167,565,732
WBGene00012353,113,1718,1831
WBGene00012354,521,43608,44129
WBGene00012356,11,118,129
WBGene00012357,0,0,0
WBGene00012358,343,3005,3348
WBGene00012359,86,1315,1401
WBGene00012360,102,569,671
WBGene00012361,159,9089,9248
WBGene00012362,809,1921,2730
WBGene00012363,172,498,670
WBGene00012364,73,280,353
WBGene00012365,123,2143,2266
WBGene00012366,127,1278,1405
WBGene00012369,143,1179,1322
WBGene00012370,284,525,809
WBGene00012371,899,1388,2287
WBGene00012372,27,107,134
WBGene00012373,0,0,0
WBGene00012374,2,23,25
WBGene00012375,70,3089,3159
WBGene00012376,420,14685,15105
WBGene00012378,2,3,5
WBGene00012379,1,10,11
WBGene00012380,1,0,1
WBGene00012381,75,592,667
WBGene00012382,8425,146038,154463
WBGene00012383,1426,19901,21327
WBGene00012385,69,499,568
WBGene00012386,260337,2131,262468
WBGene00012387,103,317,420
WBGene00012388,53,7,60
WBGene00012389,376,912,1288
WBGene00012390,163,638,801
WBGene00012391,31,292,323
WBGene00012393,150,772,922
WBGene00012394,15,52,67
WBGene00012395,1,490,491
WBGene00012396,65,1011,1076
WBGene00012397,0,0,0
WBGene00012398,16,64,80
WBGene00012399,49,89,138
WBGene00012400,1,9,10
WBGene00012401,0,12,12
WBGene00012402,1,0,1
WBGene00012404,0,18,18
WBGene00012405,0,0,0
WBGene00012406,2,1,3
WBGene00012407,27,294,321
WBGene00012408,51,326,377
WBGene00012409,3,3,6
WBGene00012411,3,0,3
WBGene00012412,31,21,52
WBGene00012413,10,40,50
WBGene00012414,2,19,21
WBGene00012415,10,13,23
WBGene00012416,32,207,239
WBGene00012420,17,3325,3342
WBGene00012421,61,1047,1108
WBGene00012422,2,21,23
WBGene00012423,238,2257,2495
WBGene00012424,399,2205,2604
WBGene00012425,55,173,228
WBGene00012428,22,117,139
WBGene00012429,2,77,79
WBGene00012431,4,239,243
WBGene00012432,8,36,44
WBGene00012433,18,272,290
WBGene00012434,504,5717,6221
WBGene00012435,3,197,200
WBGene00012436,2,196,198
WBGene00012437,661,5960,6621
WBGene00012439,27,885,912
WBGene00012440,7,1198,1205
WBGene00012441,38,441,479
WBGene00012442,19,51,70
WBGene00012443,335,2719,3054
WBGene00012444,8,2925,2933
WBGene00012445,32,352,384
WBGene00012446,48,215,263
WBGene00012448,24,13,37
WBGene00012449,12,46,58
WBGene00012450,17,49,66
WBGene00012451,29,24,53
WBGene00012452,233,6565,6798
WBGene00012454,0,1,1
WBGene00012455,51,61,112
WBGene00012456,10,75,85
WBGene00012457,64,199,263
WBGene00012458,335,1989,2324
WBGene00012459,49,1036,1085
WBGene00012460,52,439,491
WBGene00012461,258,384,642
WBGene00012462,180,160,340
WBGene00012463,190,699,889
WBGene00012464,5,44,49
WBGene00012465,128,1953,2081
WBGene00012466,134,319,453
WBGene00012467,6,35,41
WBGene00012468,286,2858,3144
WBGene00012469,57,677,734
WBGene00012470,5,2,7
WBGene00012471,144,7441,7585
WBGene00012472,333,1422,1755
WBGene00012473,50,74,124
WBGene00012474,284,1847,2131
WBGene00012475,12,110,122
WBGene00012476,88,88,176
WBGene00012477,45,78,123
WBGene00012478,816,4727,5543
WBGene00012479,136,1066,1202
WBGene00012480,9,16,25
WBGene00012481,15,203,218
WBGene00012482,0,11,11
WBGene00012483,18,2936,2954
WBGene00012484,36,4458,4494
WBGene00012486,3,4,7
WBGene00012487,3,37,40
WBGene00012488,4,0,4
WBGene00012489,0,0,0
WBGene00012490,1,10,11
WBGene00012491,45,6,51
WBGene00012492,0,1,1
WBGene00012494,41,78,119
WBGene00012496,87,928,1015
WBGene00012497,69,3002,3071
WBGene00012500,1,10,11
WBGene00012501,2,0,2
WBGene00012502,0,1,1
WBGene00012503,7,83,90
WBGene00012504,0,2,2
WBGene00012505,1,1,2
WBGene00012509,0,0,0
WBGene00012510,4,3,7
WBGene00012512,7,157,164
WBGene00012513,13,426,439
WBGene00012514,20,212,232
WBGene00012515,2,3,5
WBGene00012516,0,2,2
WBGene00012518,1,20,21
WBGene00012519,3,3,6
WBGene00012520,2,0,2
WBGene00012521,2,5,7
WBGene00012522,417,1611,2028
WBGene00012523,1,3,4
WBGene00012524,52,391,443
WBGene00012525,2,4,6
WBGene00012526,0,5,5
WBGene00012527,19,149,168
WBGene00012528,566,2713,3279
WBGene00012529,35,138,173
WBGene00012530,301,794,1095
WBGene00012531,46,98,144
WBGene00012532,128,557,685
WBGene00012533,1,11,12
WBGene00012535,10,21,31
WBGene00012536,57,312,369
WBGene00012537,1,191,192
WBGene00012538,26,148,174
WBGene00012540,22,267,289
WBGene00012541,5,15,20
WBGene00012542,19,14,33
WBGene00012543,200,1533,1733
WBGene00012544,1397,18437,19834
WBGene00012545,154,836,990
WBGene00012546,13,637,650
WBGene00012547,0,9,9
WBGene00012548,60,1125,1185
WBGene00012549,132,1,133
WBGene00012550,29,6719,6748
WBGene00012551,8,630,638
WBGene00012552,4,213,217
WBGene00012553,5363,56369,61732
WBGene00012554,48,1127,1175
WBGene00012555,20,528,548
WBGene00012556,238,3056,3294
WBGene00012557,3,0,3
WBGene00012558,150,1938,2088
WBGene00012559,285,507,792
WBGene00012560,602,1364,1966
WBGene00012561,2,52,54
WBGene00012562,153,1123,1276
WBGene00012564,12,171,183
WBGene00012565,12,171,183
WBGene00012566,3,48,51
WBGene00012567,6,17,23
WBGene00012570,1,3,4
WBGene00012571,2,0,2
WBGene00012573,13,2,15
WBGene00012574,0,0,0
WBGene00012575,0,0,0
WBGene00012576,76,354,430
WBGene00012577,5,4,9
WBGene00012578,277,922,1199
WBGene00012579,0,0,0
WBGene00012580,4,2,6
WBGene00012581,0,0,0
WBGene00012582,2,6,8
WBGene00012583,4,15,19
WBGene00012584,920,2723,3643
WBGene00012585,46,54,100
WBGene00012586,4,27,31
WBGene00012587,4,10,14
WBGene00012589,3,24,27
WBGene00012590,0,0,0
WBGene00012591,0,446,446
WBGene00012592,6,243,249
WBGene00012593,0,19,19
WBGene00012594,3,45,48
WBGene00012595,1,87,88
WBGene00012596,5,27,32
WBGene00012597,24,348,372
WBGene00012598,586,83,669
WBGene00012600,81,758,839
WBGene00012602,557,6774,7331
WBGene00012603,2,6,8
WBGene00012604,0,59,59
WBGene00012605,13,101,114
WBGene00012606,95,509,604
WBGene00012607,13,72,85
WBGene00012608,1464,16540,18004
WBGene00012609,1,2,3
WBGene00012610,14,237,251
WBGene00012612,0,5,5
WBGene00012614,11,26,37
WBGene00012615,110,2464,2574
WBGene00012616,1,83,84
WBGene00012617,0,2,2
WBGene00012618,5,11,16
WBGene00012621,4,115,119
WBGene00012622,29,55,84
WBGene00012624,39,284,323
WBGene00012625,4,23,27
WBGene00012626,41,109,150
WBGene00012627,12,44,56
WBGene00012628,118,1381,1499
WBGene00012629,15,64,79
WBGene00012630,0,3,3
WBGene00012631,1,8,9
WBGene00012632,6,55,61
WBGene00012633,13,8,21
WBGene00012634,0,7,7
WBGene00012635,27,190,217
WBGene00012636,6,1,7
WBGene00012637,1,17,18
WBGene00012638,1,1,2
WBGene00012639,33,78,111
WBGene00012640,26,72,98
WBGene00012641,318,1853,2171
WBGene00012642,25,50,75
WBGene00012643,19,1602,1621
WBGene00012644,406,1166,1572
WBGene00012645,239,2374,2613
WBGene00012646,121,1922,2043
WBGene00012647,68,575,643
WBGene00012648,208,5514,5722
WBGene00012649,0,11,11
WBGene00012650,20,783,803
WBGene00012651,82,410,492
WBGene00012652,19,1754,1773
WBGene00012654,44,39,83
WBGene00012655,12,0,12
WBGene00012656,8,5,13
WBGene00012657,144,604,748
WBGene00012658,360,2144,2504
WBGene00012659,0,10,10
WBGene00012660,18,1328,1346
WBGene00012661,3,1,4
WBGene00012662,100,1242,1342
WBGene00012663,124,563,687
WBGene00012664,0,111,111
WBGene00012665,117,1366,1483
WBGene00012666,220,2413,2633
WBGene00012668,853,5118,5971
WBGene00012669,10,48,58
WBGene00012670,21,49,70
WBGene00012671,3,22,25
WBGene00012672,2,2,4
WBGene00012673,13,84,97
WBGene00012674,233,1040,1273
WBGene00012675,180,1064,1244
WBGene00012676,490,2309,2799
WBGene00012678,30,87,117
WBGene00012679,2,14,16
WBGene00012681,1,0,1
WBGene00012682,10,1,11
WBGene00012683,0,3,3
WBGene00012684,7,9,16
WBGene00012686,4,51,55
WBGene00012688,1,8,9
WBGene00012689,0,8,8
WBGene00012691,0,0,0
WBGene00012692,465,4055,4520
WBGene00012693,150,1568,1718
WBGene00012694,106,1382,1488
WBGene00012695,15,876,891
WBGene00012696,16,206,222
WBGene00012697,76,2771,2847
WBGene00012698,16,289,305
WBGene00012699,6,2,8
WBGene00012700,7,103,110
WBGene00012701,136,478,614
WBGene00012702,11,21,32
WBGene00012703,47,217,264
WBGene00012704,64,265,329
WBGene00012705,8,84,92
WBGene00012707,1,1,2
WBGene00012708,1,6,7
WBGene00012709,22,92,114
WBGene00012710,11,558,569
WBGene00012711,12,45,57
WBGene00012712,158,325,483
WBGene00012713,190,5041,5231
WBGene00012714,117,3049,3166
WBGene00012715,37,781,818
WBGene00012716,3,187,190
WBGene00012717,389,6400,6789
WBGene00012718,394,363,757
WBGene00012719,144,273,417
WBGene00012720,4,7,11
WBGene00012721,22,26,48
WBGene00012722,102,2327,2429
WBGene00012723,21,554,575
WBGene00012724,1,1,2
WBGene00012725,0,2,2
WBGene00012726,5,1,6
WBGene00012727,0,1,1
WBGene00012728,11,217,228
WBGene00012729,2,5,7
WBGene00012730,651,1308,1959
WBGene00012731,3,19,22
WBGene00012732,311,696,1007
WBGene00012733,13,14,27
WBGene00012734,339,257,596
WBGene00012735,708,1367,2075
WBGene00012738,107,7371,7478
WBGene00012739,1079,4755,5834
WBGene00012740,97,1482,1579
WBGene00012741,10,15,25
WBGene00012742,0,0,0
WBGene00012743,10,8,18
WBGene00012744,189,212,401
WBGene00012746,2,0,2
WBGene00012747,11,21,32
WBGene00012748,1,14,15
WBGene00012750,166,237,403
WBGene00012753,32,783,815
WBGene00012754,15,74,89
WBGene00012755,39,414,453
WBGene00012756,193,672,865
WBGene00012757,22,450,472
WBGene00012758,26,157,183
WBGene00012759,171,3904,4075
WBGene00012760,9402,910,10312
WBGene00012761,0,0,0
WBGene00012762,130,3101,3231
WBGene00012763,179,473,652
WBGene00012764,2,440,442
WBGene00012765,258,2535,2793
WBGene00012766,123,3280,3403
WBGene00012767,317,859,1176
WBGene00012768,63,53519,53582
WBGene00012769,397,3204,3601
WBGene00012770,250,79,329
WBGene00012771,0,1,1
WBGene00012772,13,0,13
WBGene00012773,5,0,5
WBGene00012775,25,9,34
WBGene00012776,66,220,286
WBGene00012777,3,91,94
WBGene00012778,28,366,394
WBGene00012779,125,508,633
WBGene00012780,14,56,70
WBGene00012781,0,11,11
WBGene00012782,20,237,257
WBGene00012783,6,485,491
WBGene00012784,9,5,14
WBGene00012785,0,2,2
WBGene00012786,1,22,23
WBGene00012787,4,28,32
WBGene00012788,39,1,40
WBGene00012789,0,0,0
WBGene00012790,0,0,0
WBGene00012791,208,49,257
WBGene00012792,2,7,9
WBGene00012794,72,1784,1856
WBGene00012795,1,38,39
WBGene00012796,53,345,398
WBGene00012798,5,22,27
WBGene00012799,2,34,36
WBGene00012802,115,547,662
WBGene00012803,43,3396,3439
WBGene00012804,109,1152,1261
WBGene00012806,24,470,494
WBGene00012807,126,1540,1666
WBGene00012808,6,29,35
WBGene00012809,2,2,4
WBGene00012810,0,3,3
WBGene00012811,53,389,442
WBGene00012812,754,8976,9730
WBGene00012813,1883,13724,15607
WBGene00012814,66,92,158
WBGene00012815,28,158,186
WBGene00012816,0,3,3
WBGene00012818,1,1,2
WBGene00012819,39,227,266
WBGene00012820,74,4,78
WBGene00012821,71,871,942
WBGene00012822,2,2,4
WBGene00012823,3,5,8
WBGene00012824,3,3,6
WBGene00012825,139,757,896
WBGene00012826,71,437,508
WBGene00012827,1,0,1
WBGene00012828,456,253,709
WBGene00012829,419,2743,3162
WBGene00012830,52,2282,2334
WBGene00012831,3,6,9
WBGene00012832,676,7,683
WBGene00012833,37,561,598
WBGene00012834,22,104,126
WBGene00012835,41,233,274
WBGene00012836,0,0,0
WBGene00012837,0,4,4
WBGene00012838,1,6,7
WBGene00012839,1,1,2
WBGene00012840,159,957,1116
WBGene00012841,0,1,1
WBGene00012844,0,0,0
WBGene00012845,114,162,276
WBGene00012846,0,1,1
WBGene00012847,5,5,10
WBGene00012848,5,5,10
WBGene00012849,1,0,1
WBGene00012850,1345,8109,9454
WBGene00012851,2,68,70
WBGene00012852,23,28,51
WBGene00012853,325,21707,22032
WBGene00012854,205,2697,2902
WBGene00012855,10,14,24
WBGene00012856,28,72,100
WBGene00012857,210,978,1188
WBGene00012858,75,1009,1084
WBGene00012859,28,143,171
WBGene00012860,64,667,731
WBGene00012861,46,1153,1199
WBGene00012862,1,0,1
WBGene00012863,30,209,239
WBGene00012864,34,96,130
WBGene00012866,31,104,135
WBGene00012867,43,429,472
WBGene00012868,627,1260,1887
WBGene00012869,68,736,804
WBGene00012871,0,0,0
WBGene00012872,0,4,4
WBGene00012873,0,5,5
WBGene00012874,0,0,0
WBGene00012875,1255,14383,15638
WBGene00012877,31,53,84
WBGene00012878,1,1,2
WBGene00012879,4,149,153
WBGene00012880,6,8,14
WBGene00012883,20,279,299
WBGene00012885,303,4072,4375
WBGene00012886,9,71,80
WBGene00012887,245,2136,2381
WBGene00012888,41,725,766
WBGene00012889,132,410,542
WBGene00012890,71,395,466
WBGene00012891,540,4173,4713
WBGene00012892,8,14,22
WBGene00012893,7,21,28
WBGene00012894,1024,1395,2419
WBGene00012895,231,768,999
WBGene00012896,119,4530,4649
WBGene00012897,22,1446,1468
WBGene00012899,10,113,123
WBGene00012900,0,91,91
WBGene00012901,33,79,112
WBGene00012903,259,3327,3586
WBGene00012904,56,943,999
WBGene00012905,0,3,3
WBGene00012906,52,418,470
WBGene00012907,2685,6075,8760
WBGene00012908,265,1229,1494
WBGene00012909,348,352,700
WBGene00012910,4,16,20
WBGene00012911,32,256,288
WBGene00012912,2,5,7
WBGene00012913,0,0,0
WBGene00012914,3,18,21
WBGene00012915,57,98,155
WBGene00012916,0,2,2
WBGene00012917,20,21,41
WBGene00012919,14,17,31
WBGene00012920,179,328,507
WBGene00012921,0,150,150
WBGene00012922,5,156,161
WBGene00012923,19,202,221
WBGene00012925,0,0,0
WBGene00012926,0,4,4
WBGene00012927,46,416,462
WBGene00012928,20,821,841
WBGene00012929,537,3062,3599
WBGene00012930,159,583,742
WBGene00012931,122,1043,1165
WBGene00012932,152,2750,2902
WBGene00012933,0,99,99
WBGene00012934,244,836,1080
WBGene00012935,223,454,677
WBGene00012936,228,1884,2112
WBGene00012937,0,3,3
WBGene00012938,149,228,377
WBGene00012939,101,613,714
WBGene00012940,17,17,34
WBGene00012941,24,184,208
WBGene00012942,3,592,595
WBGene00012943,290,790,1080
WBGene00012945,0,0,0
WBGene00012946,9,100,109
WBGene00012947,3,4,7
WBGene00012948,215,323,538
WBGene00012950,52,1095,1147
WBGene00012951,205,1455,1660
WBGene00012952,2,10,12
WBGene00012953,19,207,226
WBGene00012955,0,0,0
WBGene00012958,4,4,8
WBGene00012959,2,16,18
WBGene00012960,334,2130,2464
WBGene00012961,10,227,237
WBGene00012962,23,116,139
WBGene00012964,244,15689,15933
WBGene00012965,0,15,15
WBGene00012966,22,1153,1175
WBGene00012967,89,134,223
WBGene00012968,29,236,265
WBGene00012969,0,13,13
WBGene00012970,14,49,63
WBGene00012972,131,1094,1225
WBGene00012973,963,4573,5536
WBGene00012976,183,558,741
WBGene00012977,268,682,950
WBGene00012978,366,3732,4098
WBGene00012979,11,56,67
WBGene00012980,1526,2470,3996
WBGene00012981,2,12,14
WBGene00012982,225,1215,1440
WBGene00012983,310,3941,4251
WBGene00012984,86,755,841
WBGene00012985,14,2,16
WBGene00012987,196,1366,1562
WBGene00012988,329,1188,1517
WBGene00012989,1124,1009,2133
WBGene00012990,604,1313,1917
WBGene00012992,198,2790,2988
WBGene00012993,142,479,621
WBGene00012994,196,690,886
WBGene00012995,472,949,1421
WBGene00012996,252,1363,1615
WBGene00012997,25,714,739
WBGene00012998,413,738,1151
WBGene00012999,481,2953,3434
WBGene00013000,865,315,1180
WBGene00013001,486,1112,1598
WBGene00013002,601,1010,1611
WBGene00013004,511,3608,4119
WBGene00013006,323,532,855
WBGene00013007,39,267,306
WBGene00013008,67,731,798
WBGene00013009,13,87,100
WBGene00013011,57,466,523
WBGene00013013,69,904,973
WBGene00013014,199,901,1100
WBGene00013015,168,598,766
WBGene00013017,65,1901,1966
WBGene00013018,30,1543,1573
WBGene00013019,172,517,689
WBGene00013020,227,1662,1889
WBGene00013021,141,756,897
WBGene00013023,46,177,223
WBGene00013024,25,163,188
WBGene00013025,355,8392,8747
WBGene00013026,1,690,691
WBGene00013027,23,466,489
WBGene00013028,24,120,144
WBGene00013029,115,2306,2421
WBGene00013030,51,330,381
WBGene00013033,17,216,233
WBGene00013034,844,1400,2244
WBGene00013035,32,128,160
WBGene00013036,8,3,11
WBGene00013037,30,137,167
WBGene00013038,71,2231,2302
WBGene00013039,297,1580,1877
WBGene00013040,368,805,1173
WBGene00013041,7,71,78
WBGene00013042,211,1054,1265
WBGene00013043,51,73,124
WBGene00013044,15,2,17
WBGene00013045,1,0,1
WBGene00013046,22,325,347
WBGene00013047,0,0,0
WBGene00013048,11,409,420
WBGene00013049,1,2,3
WBGene00013050,6,1,7
WBGene00013052,2,11,13
WBGene00013053,8,17,25
WBGene00013054,2,19,21
WBGene00013055,31,149,180
WBGene00013058,14,0,14
WBGene00013060,0,5,5
WBGene00013061,0,1,1
WBGene00013062,2,6,8
WBGene00013063,0,0,0
WBGene00013064,0,0,0
WBGene00013066,6,4,10
WBGene00013067,2,1,3
WBGene00013068,3,0,3
WBGene00013069,2,0,2
WBGene00013070,0,3,3
WBGene00013071,0,29,29
WBGene00013072,14,18,32
WBGene00013073,37,82,119
WBGene00013074,24,879,903
WBGene00013075,179,559,738
WBGene00013076,9,11,20
WBGene00013077,2567,29908,32475
WBGene00013078,963,12686,13649
WBGene00013079,1131,6541,7672
WBGene00013080,163,519,682
WBGene00013081,1460,36464,37924
WBGene00013082,203,953,1156
WBGene00013083,78,467,545
WBGene00013085,0,0,0
WBGene00013086,0,1,1
WBGene00013087,0,0,0
WBGene00013088,6,23,29
WBGene00013089,0,0,0
WBGene00013090,0,1,1
WBGene00013091,2,2,4
WBGene00013093,848,602,1450
WBGene00013094,1363,18393,19756
WBGene00013095,250,859,1109
WBGene00013096,464,994,1458
WBGene00013098,159,619,778
WBGene00013099,57,35,92
WBGene00013100,3,10,13
WBGene00013101,11,24,35
WBGene00013102,0,0,0
WBGene00013103,35,456,491
WBGene00013104,147,2683,2830
WBGene00013105,0,0,0
WBGene00013106,92,1509,1601
WBGene00013107,4,10,14
WBGene00013109,37,3601,3638
WBGene00013111,145,2151,2296
WBGene00013115,4,1,5
WBGene00013116,17,18,35
WBGene00013117,1,0,1
WBGene00013118,8,53,61
WBGene00013119,58,67,125
WBGene00013120,0,6,6
WBGene00013121,3,0,3
WBGene00013122,56,440,496
WBGene00013123,309,668,977
WBGene00013124,1939,1262,3201
WBGene00013125,11,55,66
WBGene00013126,13,1,14
WBGene00013127,27,169,196
WBGene00013128,153,1188,1341
WBGene00013129,338,1781,2119
WBGene00013130,0,11,11
WBGene00013131,216,52,268
WBGene00013132,94,746,840
WBGene00013135,64,824,888
WBGene00013136,61,1188,1249
WBGene00013137,67,643,710
WBGene00013138,16,2,18
WBGene00013139,77,819,896
WBGene00013140,29,1128,1157
WBGene00013141,25,9,34
WBGene00013142,268,20,288
WBGene00013143,16,1299,1315
WBGene00013144,635,4088,4723
WBGene00013145,7,50,57
WBGene00013146,41,339,380
WBGene00013147,0,45,45
WBGene00013148,3,4,7
WBGene00013149,42,33,75
WBGene00013150,28,1459,1487
WBGene00013151,133,1091,1224
WBGene00013152,3,2,5
WBGene00013154,0,1,1
WBGene00013156,16,687,703
WBGene00013157,2,7,9
WBGene00013158,5,15,20
WBGene00013159,79,221,300
WBGene00013160,650,1180,1830
WBGene00013161,483,1535,2018
WBGene00013162,1,6,7
WBGene00013163,6,1,7
WBGene00013164,82,302,384
WBGene00013165,8,17,25
WBGene00013166,21,157,178
WBGene00013167,422,381,803
WBGene00013168,125,3447,3572
WBGene00013169,21,292,313
WBGene00013170,3,1,4
WBGene00013171,53,60,113
WBGene00013172,0,0,0
WBGene00013173,36,166,202
WBGene00013175,10,12,22
WBGene00013176,74,1550,1624
WBGene00013177,212,2297,2509
WBGene00013178,109,938,1047
WBGene00013179,7,7,14
WBGene00013180,91,976,1067
WBGene00013181,2269,16594,18863
WBGene00013182,3,2,5
WBGene00013184,0,0,0
WBGene00013186,1,4,5
WBGene00013187,41,270,311
WBGene00013188,56,261,317
WBGene00013189,369,995,1364
WBGene00013190,9,21,30
WBGene00013192,0,20,20
WBGene00013193,62,586,648
WBGene00013194,2,8,10
WBGene00013195,24,168,192
WBGene00013196,20,205,225
WBGene00013197,28,208,236
WBGene00013198,25,85,110
WBGene00013200,450,6693,7143
WBGene00013201,68,953,1021
WBGene00013202,93,1152,1245
WBGene00013203,68,744,812
WBGene00013204,35,597,632
WBGene00013207,7,12,19
WBGene00013208,16,135,151
WBGene00013209,82,1629,1711
WBGene00013210,0,6689,6689
WBGene00013211,63,656,719
WBGene00013212,87,142,229
WBGene00013213,177,2163,2340
WBGene00013214,59,359,418
WBGene00013215,12,174,186
WBGene00013216,29,589,618
WBGene00013217,178,1292,1470
WBGene00013218,67,1208,1275
WBGene00013219,63,3696,3759
WBGene00013220,1,0,1
WBGene00013221,13,43,56
WBGene00013222,199,747,946
WBGene00013223,337,2331,2668
WBGene00013224,100,790,890
WBGene00013225,233,1128,1361
WBGene00013226,14,1,15
WBGene00013227,15,58,73
WBGene00013228,2464,3660,6124
WBGene00013230,0,0,0
WBGene00013231,32,432,464
WBGene00013232,240,518,758
WBGene00013233,0,10,10
WBGene00013234,2,8,10
WBGene00013235,7,82,89
WBGene00013236,29,3063,3092
WBGene00013237,132,9781,9913
WBGene00013238,824,15468,16292
WBGene00013239,182,1675,1857
WBGene00013240,217,664,881
WBGene00013241,76,679,755
WBGene00013242,61,239,300
WBGene00013243,126,442,568
WBGene00013244,72,211,283
WBGene00013246,46,99,145
WBGene00013247,60,53,113
WBGene00013248,30,97,127
WBGene00013249,20,57,77
WBGene00013250,3,59,62
WBGene00013252,51,79,130
WBGene00013253,100,205,305
WBGene00013254,2,4,6
WBGene00013255,395,2621,3016
WBGene00013256,99,1402,1501
WBGene00013257,5,35,40
WBGene00013258,741,337,1078
WBGene00013259,133,790,923
WBGene00013260,24,971,995
WBGene00013261,163,199,362
WBGene00013263,270,4216,4486
WBGene00013264,19,23,42
WBGene00013265,156,573,729
WBGene00013266,97,2097,2194
WBGene00013267,189,1563,1752
WBGene00013268,38,543,581
WBGene00013269,8,2235,2243
WBGene00013270,112,380,492
WBGene00013272,50,150,200
WBGene00013273,197,1214,1411
WBGene00013274,102,20,122
WBGene00013275,67,2297,2364
WBGene00013276,2,14,16
WBGene00013277,3,4,7
WBGene00013278,2,26,28
WBGene00013279,0,2,2
WBGene00013280,0,0,0
WBGene00013281,5,17,22
WBGene00013282,0,2,2
WBGene00013284,4,640,644
WBGene00013285,10,30,40
WBGene00013286,9,47,56
WBGene00013287,64,295,359
WBGene00013288,0,1,1
WBGene00013289,988,3646,4634
WBGene00013290,0,1,1
WBGene00013292,177,1221,1398
WBGene00013293,29,325,354
WBGene00013294,5,16,21
WBGene00013295,1,146,147
WBGene00013296,0,3,3
WBGene00013297,18,1,19
WBGene00013298,3,48,51
WBGene00013299,0,1,1
WBGene00013300,6,6,12
WBGene00013301,32,3234,3266
WBGene00013302,29,673,702
WBGene00013303,108,228,336
WBGene00013304,22,48,70
WBGene00013305,0,1,1
WBGene00013306,2,41,43
WBGene00013307,129,3918,4047
WBGene00013308,1508,31466,32974
WBGene00013310,85,135,220
WBGene00013311,108,21909,22017
WBGene00013312,8,222,230
WBGene00013313,5,11,16
WBGene00013315,0,0,0
WBGene00013317,775,2558,3333
WBGene00013318,9,3,12
WBGene00013319,0,4,4
WBGene00013321,104,2041,2145
WBGene00013322,39,187,226
WBGene00013323,16,1473,1489
WBGene00013324,269,4255,4524
WBGene00013325,53,493,546
WBGene00013326,345,796,1141
WBGene00013327,634,2247,2881
WBGene00013328,8,7,15
WBGene00013329,5,100,105
WBGene00013330,5,200,205
WBGene00013331,41,68,109
WBGene00013332,28,1009,1037
WBGene00013333,16,69,85
WBGene00013334,241,1717,1958
WBGene00013335,67,343,410
WBGene00013336,17,80,97
WBGene00013337,3,2,5
WBGene00013338,4,7,11
WBGene00013339,212,813,1025
WBGene00013340,368,5205,5573
WBGene00013343,728,3901,4629
WBGene00013344,39,140,179
WBGene00013345,68,1959,2027
WBGene00013347,928,4631,5559
WBGene00013348,19,122,141
WBGene00013349,1,112,113
WBGene00013350,257,590,847
WBGene00013351,1,3,4
WBGene00013352,282,2120,2402
WBGene00013353,97,184,281
WBGene00013354,607,2676,3283
WBGene00013355,302,1808,2110
WBGene00013356,26,87,113
WBGene00013357,14,0,14
WBGene00013358,65,476,541
WBGene00013359,37,475,512
WBGene00013360,387,6470,6857
WBGene00013361,557,1471,2028
WBGene00013362,96,160,256
WBGene00013364,6,106,112
WBGene00013365,206,1919,2125
WBGene00013366,823,2548,3371
WBGene00013367,6,13,19
WBGene00013368,9,29,38
WBGene00013370,0,3,3
WBGene00013371,0,0,0
WBGene00013373,55,3057,3112
WBGene00013374,0,0,0
WBGene00013375,31,74,105
WBGene00013376,99,796,895
WBGene00013378,31,2463,2494
WBGene00013379,505,2868,3373
WBGene00013380,1,87,88
WBGene00013381,194,61,255
WBGene00013382,39,558,597
WBGene00013383,20,84,104
WBGene00013385,45,405,450
WBGene00013387,192,1276,1468
WBGene00013388,1,7,8
WBGene00013389,2,0,2
WBGene00013390,0,1,1
WBGene00013391,0,0,0
WBGene00013392,0,5,5
WBGene00013393,1,1,2
WBGene00013394,0,1,1
WBGene00013395,3,3,6
WBGene00013396,6,0,6
WBGene00013397,8,4,12
WBGene00013398,3,9,12
WBGene00013399,7,5,12
WBGene00013400,4,3,7
WBGene00013401,56,166,222
WBGene00013402,17,131,148
WBGene00013403,17,68,85
WBGene00013404,5,176,181
WBGene00013405,44,255,299
WBGene00013406,667,11057,11724
WBGene00013407,61,420,481
WBGene00013408,10,7,17
WBGene00013409,3,52,55
WBGene00013411,4,0,4
WBGene00013412,1,14,15
WBGene00013415,246,1290,1536
WBGene00013416,242,746,988
WBGene00013417,55,56,111
WBGene00013418,188,1783,1971
WBGene00013419,25,41,66
WBGene00013421,1,18,19
WBGene00013422,143,896,1039
WBGene00013424,6,15,21
WBGene00013425,73,276,349
WBGene00013426,29,397,426
WBGene00013427,0,61,61
WBGene00013429,5,5,10
WBGene00013431,111,163,274
WBGene00013432,8,78,86
WBGene00013433,4,370,374
WBGene00013434,121,1056,1177
WBGene00013435,224,3325,3549
WBGene00013436,137,1605,1742
WBGene00013437,13,15,28
WBGene00013438,5,551,556
WBGene00013439,12,26,38
WBGene00013440,18,98,116
WBGene00013441,154,941,1095
WBGene00013442,20,144,164
WBGene00013443,107,245,352
WBGene00013445,24,248,272
WBGene00013446,342,955,1297
WBGene00013447,224,777,1001
WBGene00013448,143,977,1120
WBGene00013449,4,8,12
WBGene00013450,4,14,18
WBGene00013451,4,3,7
WBGene00013452,4,4,8
WBGene00013453,34,598,632
WBGene00013454,0,7,7
WBGene00013455,186,739,925
WBGene00013456,65,476,541
WBGene00013457,41,154,195
WBGene00013458,99,1061,1160
WBGene00013459,745,5425,6170
WBGene00013460,446,973,1419
WBGene00013461,306,1606,1912
WBGene00013462,224,2281,2505
WBGene00013463,0,14168,14168
WBGene00013464,117,583,700
WBGene00013465,78,727,805
WBGene00013466,1,2,3
WBGene00013468,2,1,3
WBGene00013469,1,0,1
WBGene00013470,4,4,8
WBGene00013471,1,1,2
WBGene00013472,0,1,1
WBGene00013473,1,1,2
WBGene00013474,0,11,11
WBGene00013475,2,1,3
WBGene00013476,0,4,4
WBGene00013477,140,5204,5344
WBGene00013478,2,3,5
WBGene00013479,55,243,298
WBGene00013480,33,6,39
WBGene00013481,816,8248,9064
WBGene00013482,81,821,902
WBGene00013483,0,4,4
WBGene00013484,30,10,40
WBGene00013485,119,337,456
WBGene00013486,35,29,64
WBGene00013487,7,12,19
WBGene00013489,43,10798,10841
WBGene00013490,6,54,60
WBGene00013491,0,0,0
WBGene00013492,1,3,4
WBGene00013493,0,6,6
WBGene00013494,2,1,3
WBGene00013496,50,132,182
WBGene00013497,46,228,274
WBGene00013498,4,6,10
WBGene00013499,123,541,664
WBGene00013500,0,0,0
WBGene00013501,0,11,11
WBGene00013502,7,0,7
WBGene00013503,25,0,25
WBGene00013505,11,11,22
WBGene00013506,190,308,498
WBGene00013507,11,29,40
WBGene00013508,0,7,7
WBGene00013509,10,239,249
WBGene00013511,1,6,7
WBGene00013512,22,26,48
WBGene00013513,4,14,18
WBGene00013514,2181,27974,30155
WBGene00013515,465,5079,5544
WBGene00013516,202,1749,1951
WBGene00013517,38,31,69
WBGene00013518,223,1006,1229
WBGene00013519,1,0,1
WBGene00013520,16,13,29
WBGene00013521,0,8,8
WBGene00013522,254,668,922
WBGene00013523,0,2,2
WBGene00013524,1,2,3
WBGene00013525,4,7,11
WBGene00013526,6,4,10
WBGene00013527,7,0,7
WBGene00013528,0,0,0
WBGene00013529,214,897,1111
WBGene00013530,299,1318,1617
WBGene00013531,263,1733,1996
WBGene00013532,12,1756,1768
WBGene00013534,91,142,233
WBGene00013536,153,27,180
WBGene00013538,193,1033,1226
WBGene00013539,28,109,137
WBGene00013540,7,75,82
WBGene00013541,21,64,85
WBGene00013542,38,579,617
WBGene00013543,143,205,348
WBGene00013544,336,3570,3906
WBGene00013545,369,1226,1595
WBGene00013547,12,94,106
WBGene00013548,138,366,504
WBGene00013549,143,795,938
WBGene00013550,57,2025,2082
WBGene00013551,45,294,339
WBGene00013552,10,291,301
WBGene00013553,170,1703,1873
WBGene00013554,89,327,416
WBGene00013555,4,7,11
WBGene00013556,118,815,933
WBGene00013557,516,1656,2172
WBGene00013558,93,897,990
WBGene00013559,25,28,53
WBGene00013560,60,309,369
WBGene00013561,155,936,1091
WBGene00013562,4,23,27
WBGene00013563,68,40,108
WBGene00013564,13,3,16
WBGene00013565,0,2,2
WBGene00013566,0,0,0
WBGene00013567,12,99,111
WBGene00013568,71,809,880
WBGene00013569,9,376,385
WBGene00013570,0,0,0
WBGene00013572,0,0,0
WBGene00013573,62,57,119
WBGene00013574,67,40,107
WBGene00013575,46,770,816
WBGene00013576,21,291,312
WBGene00013577,1585,14141,15726
WBGene00013578,48,197,245
WBGene00013579,14,2,16
WBGene00013580,933,1399,2332
WBGene00013581,0,4,4
WBGene00013583,2,4,6
WBGene00013584,54,210,264
WBGene00013585,29,396,425
WBGene00013586,4,2,6
WBGene00013587,40,109,149
WBGene00013588,895,12765,13660
WBGene00013590,0,7,7
WBGene00013591,80,919,999
WBGene00013592,15,29,44
WBGene00013593,140,965,1105
WBGene00013594,161,195,356
WBGene00013595,90,836,926
WBGene00013596,50,885,935
WBGene00013597,549,5756,6305
WBGene00013598,102,1965,2067
WBGene00013599,318,620,938
WBGene00013601,91,704,795
WBGene00013602,23,369,392
WBGene00013603,138,3199,3337
WBGene00013604,85,1186,1271
WBGene00013605,149,1756,1905
WBGene00013606,255,1578,1833
WBGene00013607,1,4,5
WBGene00013608,2,0,2
WBGene00013609,1,17,18
WBGene00013610,8,152,160
WBGene00013611,4,84,88
WBGene00013613,1,4,5
WBGene00013616,0,0,0
WBGene00013619,0,2,2
WBGene00013620,7,4,11
WBGene00013621,1,1,2
WBGene00013622,2,2,4
WBGene00013623,31,314,345
WBGene00013626,0,0,0
WBGene00013628,2,2,4
WBGene00013629,4,2,6
WBGene00013631,5,3,8
WBGene00013632,28,403,431
WBGene00013633,45,150,195
WBGene00013634,13,30,43
WBGene00013635,0,0,0
WBGene00013636,0,25,25
WBGene00013637,5,2,7
WBGene00013639,1573,600,2173
WBGene00013642,140,552,692
WBGene00013643,10,19,29
WBGene00013645,3,2,5
WBGene00013646,5,1,6
WBGene00013647,257,2782,3039
WBGene00013649,11,11,22
WBGene00013650,6,168,174
WBGene00013651,13,9,22
WBGene00013653,1,15,16
WBGene00013654,5,35,40
WBGene00013655,10,12,22
WBGene00013656,4,1,5
WBGene00013657,0,0,0
WBGene00013658,21,296,317
WBGene00013659,1,38,39
WBGene00013662,23,153,176
WBGene00013665,144,995,1139
WBGene00013666,129,706,835
WBGene00013667,158,956,1114
WBGene00013668,127,1269,1396
WBGene00013669,25,210,235
WBGene00013670,320,1566,1886
WBGene00013671,79,1468,1547
WBGene00013672,79,132,211
WBGene00013673,99,289,388
WBGene00013674,79,633,712
WBGene00013676,213,1703,1916
WBGene00013677,396,2209,2605
WBGene00013678,356,1577,1933
WBGene00013679,179,1176,1355
WBGene00013680,340,1012,1352
WBGene00013682,1447,2003,3450
WBGene00013683,232,2865,3097
WBGene00013684,0,3,3
WBGene00013685,16,60,76
WBGene00013687,176,1118,1294
WBGene00013688,335,3849,4184
WBGene00013689,18,965,983
WBGene00013690,64,995,1059
WBGene00013691,41,492,533
WBGene00013692,135,1279,1414
WBGene00013693,173,121,294
WBGene00013694,60,852,912
WBGene00013695,238,1603,1841
WBGene00013696,0,4,4
WBGene00013697,12,610,622
WBGene00013698,26,382,408
WBGene00013699,0,3,3
WBGene00013700,4,38,42
WBGene00013701,1,52,53
WBGene00013702,142,576,718
WBGene00013703,327,1286,1613
WBGene00013704,42,254,296
WBGene00013705,0,2,2
WBGene00013708,9,357,366
WBGene00013709,231,2951,3182
WBGene00013710,1,41,42
WBGene00013711,104,739,843
WBGene00013712,0,2,2
WBGene00013713,5,117,122
WBGene00013715,5,116,121
WBGene00013716,5,84,89
WBGene00013717,16,414,430
WBGene00013718,47,1331,1378
WBGene00013719,21,646,667
WBGene00013720,5,710,715
WBGene00013721,1,6,7
WBGene00013723,2,61,63
WBGene00013724,56,439,495
WBGene00013725,77,1069,1146
WBGene00013726,84,721,805
WBGene00013727,18,178,196
WBGene00013728,42,596,638
WBGene00013729,7,310,317
WBGene00013730,758,2563,3321
WBGene00013732,2171,1450,3621
WBGene00013734,659,2599,3258
WBGene00013735,1740,3364,5104
WBGene00013736,56,1142,1198
WBGene00013737,488,1192,1680
WBGene00013738,209,1149,1358
WBGene00013739,163,74,237
WBGene00013740,29,1380,1409
WBGene00013741,23,32,55
WBGene00013742,86,126,212
WBGene00013744,0,4,4
WBGene00013746,202,400,602
WBGene00013747,12,1,13
WBGene00013748,89,669,758
WBGene00013749,8,48,56
WBGene00013750,2,9,11
WBGene00013751,14,290,304
WBGene00013752,31,865,896
WBGene00013753,60,658,718
WBGene00013754,0,4,4
WBGene00013755,2,31,33
WBGene00013756,17,228,245
WBGene00013757,0,10,10
WBGene00013758,8,242,250
WBGene00013759,1,0,1
WBGene00013760,1,1,2
WBGene00013761,7,159,166
WBGene00013762,3,14,17
WBGene00013764,21,27,48
WBGene00013765,129,1745,1874
WBGene00013766,132,23118,23250
WBGene00013768,152,551,703
WBGene00013771,6,7,13
WBGene00013773,0,12,12
WBGene00013774,59,74,133
WBGene00013775,1,10,11
WBGene00013776,2,55,57
WBGene00013777,2,0,2
WBGene00013778,13,26,39
WBGene00013779,3,35,38
WBGene00013781,42,216,258
WBGene00013782,72,239,311
WBGene00013784,2312,15846,18158
WBGene00013785,6,2,8
WBGene00013786,4,5,9
WBGene00013789,121,505,626
WBGene00013790,100,765,865
WBGene00013791,2,1,3
WBGene00013792,147,247,394
WBGene00013794,0,4,4
WBGene00013795,0,0,0
WBGene00013796,0,0,0
WBGene00013797,0,1,1
WBGene00013798,1,0,1
WBGene00013799,4,19,23
WBGene00013800,10,6,16
WBGene00013801,4,14,18
WBGene00013802,92,162,254
WBGene00013803,342,2003,2345
WBGene00013804,362,2836,3198
WBGene00013805,504,4299,4803
WBGene00013806,50,379,429
WBGene00013807,395,895,1290
WBGene00013808,306,1817,2123
WBGene00013809,26,14,40
WBGene00013810,0,0,0
WBGene00013811,1,5,6
WBGene00013812,40,109,149
WBGene00013814,38,26,64
WBGene00013815,0,6,6
WBGene00013816,4,8,12
WBGene00013817,19,60,79
WBGene00013819,144,2202,2346
WBGene00013820,8,9,17
WBGene00013822,3,6,9
WBGene00013823,22,4,26
WBGene00013824,2,9,11
WBGene00013825,53,87,140
WBGene00013827,0,0,0
WBGene00013828,26,8,34
WBGene00013829,0,7,7
WBGene00013830,3,5,8
WBGene00013831,9,2,11
WBGene00013832,2,7,9
WBGene00013833,6,65,71
WBGene00013834,10,5,15
WBGene00013835,31,132,163
WBGene00013836,10,25,35
WBGene00013837,0,25,25
WBGene00013838,7,50,57
WBGene00013839,5,3,8
WBGene00013840,0,2,2
WBGene00013844,6,5,11
WBGene00013845,18,259,277
WBGene00013846,9,23,32
WBGene00013847,217,1243,1460
WBGene00013848,157,499,656
WBGene00013849,20,16,36
WBGene00013850,96,124,220
WBGene00013852,61,376,437
WBGene00013853,3,1279,1282
WBGene00013854,3,1,4
WBGene00013855,93,896,989
WBGene00013856,1,35,36
WBGene00013857,111,459,570
WBGene00013858,0,1,1
WBGene00013859,627,10497,11124
WBGene00013860,195,2061,2256
WBGene00013862,4,353,357
WBGene00013863,10,7,17
WBGene00013865,3,25,28
WBGene00013866,322,2969,3291
WBGene00013867,72,205,277
WBGene00013868,3,43,46
WBGene00013869,202,1258,1460
WBGene00013870,11,312,323
WBGene00013871,7,20,27
WBGene00013872,193,723,916
WBGene00013873,15,16,31
WBGene00013874,2,35,37
WBGene00013875,5,17,22
WBGene00013876,17,251,268
WBGene00013877,93,848,941
WBGene00013878,349,1918,2267
WBGene00013879,8,31,39
WBGene00013880,31,1606,1637
WBGene00013881,35,524,559
WBGene00013882,1114,9191,10305
WBGene00013883,39,54,93
WBGene00013884,2930,20589,23519
WBGene00013886,11,17,28
WBGene00013887,0,0,0
WBGene00013888,0,0,0
WBGene00013889,0,0,0
WBGene00013890,0,0,0
WBGene00013891,1,64,65
WBGene00013892,116,2000,2116
WBGene00013893,18,1259,1277
WBGene00013894,69,644,713
WBGene00013895,35,336,371
WBGene00013896,100,653,753
WBGene00013897,41,1240,1281
WBGene00013898,201,3008,3209
WBGene00013899,42,953,995
WBGene00013900,4,45,49
WBGene00013901,8,221,229
WBGene00013902,25,49,74
WBGene00013903,0,11,11
WBGene00013904,7,21,28
WBGene00013905,0,14,14
WBGene00013906,14,84,98
WBGene00013907,3,26,29
WBGene00013908,2,5,7
WBGene00013909,1,8,9
WBGene00013910,0,1,1
WBGene00013911,12,28,40
WBGene00013912,6,7,13
WBGene00013913,7,6,13
WBGene00013914,50,114,164
WBGene00013915,6,1,7
WBGene00013916,8,3,11
WBGene00013917,39,542,581
WBGene00013919,257,1533,1790
WBGene00013920,64,2273,2337
WBGene00013921,139,759,898
WBGene00013922,0,0,0
WBGene00013923,11,144,155
WBGene00013924,171,3864,4035
WBGene00013925,55,994,1049
WBGene00013926,3,213,216
WBGene00013927,0,1,1
WBGene00013928,5,0,5
WBGene00013929,7,19,26
WBGene00013930,1,0,1
WBGene00013931,19,0,19
WBGene00013932,0,1,1
WBGene00013933,7,13,20
WBGene00013934,568,2048,2616
WBGene00013935,0,1,1
WBGene00013937,0,4,4
WBGene00013938,35,568,603
WBGene00013939,1,53,54
WBGene00013940,1,1,2
WBGene00013941,1,3,4
WBGene00013942,29,35,64
WBGene00013943,0,3,3
WBGene00013944,0,2,2
WBGene00013946,93,267,360
WBGene00013947,26,248,274
WBGene00013949,56,353,409
WBGene00013950,89,361,450
WBGene00013951,2,4,6
WBGene00013953,5,1,6
WBGene00013954,0,3,3
WBGene00013955,135,35,170
WBGene00013956,0,5,5
WBGene00013957,205,399,604
WBGene00013958,204,3835,4039
WBGene00013959,137,1048,1185
WBGene00013960,44,248,292
WBGene00013961,0,3,3
WBGene00013962,212,2253,2465
WBGene00013963,7,257,264
WBGene00013964,11,916,927
WBGene00013965,12,33,45
WBGene00013966,25,560,585
WBGene00013967,59,446,505
WBGene00013968,4,19,23
WBGene00013969,269,2634,2903
WBGene00013970,128,616,744
WBGene00013971,0,0,0
WBGene00013972,1,0,1
WBGene00013973,0,0,0
WBGene00013974,65,33,98
WBGene00013975,13,101,114
WBGene00013976,15,23,38
WBGene00013978,1,0,1
WBGene00013979,1,0,1
WBGene00013980,37,193,230
WBGene00013982,19,208,227
WBGene00013983,49,2831,2880
WBGene00013984,880,2947,3827
WBGene00013985,75,1244,1319
WBGene00013986,1,11,12
WBGene00013987,5,19,24
WBGene00013988,2,3,5
WBGene00013989,51,719,770
WBGene00013994,91,729,820
WBGene00013996,9,34,43
WBGene00013997,314,2745,3059
WBGene00013998,23,511,534
WBGene00013999,4,4,8
WBGene00014000,15,276,291
WBGene00014001,114,2442,2556
WBGene00014002,17,98,115
WBGene00014003,15,4754,4769
WBGene00014004,192,1441,1633
WBGene00014006,9,2580,2589
WBGene00014007,1,9,10
WBGene00014008,15,318,333
WBGene00014009,9,331,340
WBGene00014011,24,1620,1644
WBGene00014012,51,1907,1958
WBGene00014013,96,2788,2884
WBGene00014014,79,438,517
WBGene00014015,78,1698,1776
WBGene00014016,1043,15154,16197
WBGene00014017,152,2949,3101
WBGene00014018,205,1242,1447
WBGene00014019,122,1127,1249
WBGene00014020,43,870,913
WBGene00014021,265,1067,1332
WBGene00014022,395,5757,6152
WBGene00014023,164,1407,1571
WBGene00014024,62,247,309
WBGene00014025,124,2538,2662
WBGene00014027,29,177,206
WBGene00014028,48,379,427
WBGene00014029,36,8,44
WBGene00014030,51,5970,6021
WBGene00014031,42,1843,1885
WBGene00014032,1,0,1
WBGene00014033,125,585,710
WBGene00014034,4,386,390
WBGene00014035,92,537,629
WBGene00014036,745,2851,3596
WBGene00014037,2126,1,2127
WBGene00014038,7,0,7
WBGene00014039,31,376,407
WBGene00014040,2,1,3
WBGene00014041,0,0,0
WBGene00014042,0,0,0
WBGene00014043,2,5,7
WBGene00014044,0,3,3
WBGene00014045,0,1,1
WBGene00014046,0,2,2
WBGene00014047,9,5,14
WBGene00014048,5,4,9
WBGene00014049,2,0,2
WBGene00014050,0,242,242
WBGene00014051,417,1644,2061
WBGene00014052,8,74,82
WBGene00014053,5,29,34
WBGene00014054,153,6056,6209
WBGene00014055,146,1343,1489
WBGene00014057,28,292,320
WBGene00014058,144,3166,3310
WBGene00014060,23,139,162
WBGene00014061,0,0,0
WBGene00014062,1,3,4
WBGene00014063,3,12,15
WBGene00014064,0,2,2
WBGene00014065,32,88,120
WBGene00014066,55,554,609
WBGene00014067,1,112,113
WBGene00014068,2,12,14
WBGene00014069,6,5,11
WBGene00014070,36,1,37
WBGene00014073,12,87,99
WBGene00014074,70,543,613
WBGene00014075,154,1562,1716
WBGene00014076,124,545,669
WBGene00014077,32,117,149
WBGene00014078,257,2964,3221
WBGene00014079,42,479,521
WBGene00014080,54,453,507
WBGene00014081,67,523,590
WBGene00014082,9,6,15
WBGene00014083,149,2511,2660
WBGene00014084,0,6,6
WBGene00014085,8,64,72
WBGene00014086,1625,15553,17178
WBGene00014087,65,1390,1455
WBGene00014088,873,32673,33546
WBGene00014089,15,36,51
WBGene00014090,37,1326,1363
WBGene00014091,1101,26966,28067
WBGene00014092,626,5736,6362
WBGene00014093,66,176,242
WBGene00014094,21,126,147
WBGene00014095,162,39194,39356
WBGene00014096,20,3838,3858
WBGene00014097,3,45,48
WBGene00014098,222,2699,2921
WBGene00014099,23,261,284
WBGene00014100,15,36,51
WBGene00014101,220,674,894
WBGene00014102,0,4,4
WBGene00014103,28,43,71
WBGene00014104,1,0,1
WBGene00014105,12,26,38
WBGene00014106,131,606,737
WBGene00014107,40,833,873
WBGene00014108,534,18846,19380
WBGene00014109,77,3127,3204
WBGene00014111,29,783,812
WBGene00014112,124,1634,1758
WBGene00014113,7,230,237
WBGene00014114,61,749,810
WBGene00014115,148,1321,1469
WBGene00014116,9,161,170
WBGene00014117,1,45,46
WBGene00014118,75,643,718
WBGene00014119,291,1066,1357
WBGene00014120,0,432,432
WBGene00014121,21,35,56
WBGene00014122,57,159,216
WBGene00014123,16,1090,1106
WBGene00014124,32,948,980
WBGene00014125,21,857,878
WBGene00014127,2,2,4
WBGene00014128,0,1,1
WBGene00014129,0,12,12
WBGene00014130,0,3,3
WBGene00014131,0,29,29
WBGene00014132,4,7,11
WBGene00014135,3,10,13
WBGene00014136,12,51,63
WBGene00014137,10,167,177
WBGene00014138,27,93,120
WBGene00014139,210,363,573
WBGene00014140,579,537,1116
WBGene00014141,11,121,132
WBGene00014142,1,12,13
WBGene00014143,0,1,1
WBGene00014144,0,2,2
WBGene00014145,21,138,159
WBGene00014148,169,2587,2756
WBGene00014149,2,11,13
WBGene00014150,71,507,578
WBGene00014151,110,1010,1120
WBGene00014152,12,34,46
WBGene00014153,180,1277,1457
WBGene00014154,1,16,17
WBGene00014155,13,42,55
WBGene00014156,93,1293,1386
WBGene00014157,0,0,0
WBGene00014158,1,2,3
WBGene00014159,5,648,653
WBGene00014160,6,56,62
WBGene00014161,4,31,35
WBGene00014162,10,6,16
WBGene00014163,0,136,136
WBGene00014164,26,303,329
WBGene00014165,455,10442,10897
WBGene00014166,15,97,112
WBGene00014168,1,0,1
WBGene00014169,0,10,10
WBGene00014170,0,21,21
WBGene00014171,1438,4310,5748
WBGene00014172,151,977,1128
WBGene00014173,24,295,319
WBGene00014174,0,5,5
WBGene00014175,193,805,998
WBGene00014176,85,994,1079
WBGene00014177,73,1575,1648
WBGene00014178,20,103,123
WBGene00014179,4,2,6
WBGene00014181,16,123,139
WBGene00014182,0,0,0
WBGene00014183,180,4419,4599
WBGene00014184,6,81,87
WBGene00014186,0,1,1
WBGene00014188,0,0,0
WBGene00014189,3,34,37
WBGene00014190,0,0,0
WBGene00014191,6,2,8
WBGene00014192,2,1,3
WBGene00014193,1,1,2
WBGene00014194,0,1,1
WBGene00014195,10,20,30
WBGene00014196,7,41,48
WBGene00014197,2,4,6
WBGene00014198,4,146,150
WBGene00014199,6,10,16
WBGene00014200,2,76,78
WBGene00014201,0,0,0
WBGene00014202,216,4504,4720
WBGene00014203,19,221,240
WBGene00014204,60,5572,5632
WBGene00014205,29,550,579
WBGene00014206,16,416,432
WBGene00014207,207,5379,5586
WBGene00014208,72,1013,1085
WBGene00014209,86,1009,1095
WBGene00014210,16,163,179
WBGene00014213,249,4375,4624
WBGene00014214,646,1609,2255
WBGene00014215,208,797,1005
WBGene00014216,2,0,2
WBGene00014217,2,3,5
WBGene00014218,179,3860,4039
WBGene00014219,58,887,945
WBGene00014220,51,387,438
WBGene00014221,62,1400,1462
WBGene00014222,126,818,944
WBGene00014223,89,113,202
WBGene00014224,215,4007,4222
WBGene00014225,6,22,28
WBGene00014226,28,654,682
WBGene00014227,122,1057,1179
WBGene00014228,5,497,502
WBGene00014229,5,8,13
WBGene00014230,27,563,590
WBGene00014232,243,1937,2180
WBGene00014233,36,730,766
WBGene00014234,12,1239,1251
WBGene00014235,7,52,59
WBGene00014236,0,5,5
WBGene00014238,2,1,3
WBGene00014239,1,2,3
WBGene00014240,0,0,0
WBGene00014241,0,2,2
WBGene00014242,0,0,0
WBGene00014243,149,2134,2283
WBGene00014244,22,688,710
WBGene00014245,2,15,17
WBGene00014246,0,1,1
WBGene00014247,0,2,2
WBGene00014248,123,586,709
WBGene00014249,85,3848,3933
WBGene00014250,19,729,748
WBGene00014251,60,849,909
WBGene00014252,32,290,322
WBGene00014253,32,291,323
WBGene00014254,19,249,268
WBGene00014255,0,137,137
WBGene00014256,15,299,314
WBGene00014258,236,4138,4374
WBGene00014259,160,2321,2481
WBGene00014260,39,41,80
WBGene00014261,760,1775,2535
WBGene00014262,3107,9083,12190
WBGene00014300,73,282,355
WBGene00014569,173,1152,1325
WBGene00014666,10,63,73
WBGene00014668,10,7,17
WBGene00014669,8,132,140
WBGene00014679,0,6,6
WBGene00014697,74,1797,1871
WBGene00014698,53,166,219
WBGene00014699,0,0,0
WBGene00014700,0,2,2
WBGene00014761,25,57,82
WBGene00014793,157,1797,1954
WBGene00014801,58,536,594
WBGene00014807,3,4,7
WBGene00014813,1,5,6
WBGene00014826,1013,11863,12876
WBGene00014848,113,1988,2101
WBGene00014864,6,4,10
WBGene00014871,12,153,165
WBGene00014914,6,15,21
WBGene00014924,3,1,4
WBGene00014926,8,1,9
WBGene00014938,232,4280,4512
WBGene00014953,3,0,3
WBGene00014965,35,691,726
WBGene00014989,417,2057,2474
WBGene00014997,2,8,10
WBGene00014998,37,107,144
WBGene00014999,25,528,553
WBGene00015000,18,87,105
WBGene00015001,101,683,784
WBGene00015002,11,163,174
WBGene00015003,6,22,28
WBGene00015004,2,10,12
WBGene00015005,19,163,182
WBGene00015006,5,13,18
WBGene00015007,620,4655,5275
WBGene00015008,38,539,577
WBGene00015009,54,875,929
WBGene00015010,90,735,825
WBGene00015011,27,1712,1739
WBGene00015012,3,20,23
WBGene00015014,8,106,114
WBGene00015015,2,31,33
WBGene00015017,105,588,693
WBGene00015018,5,10,15
WBGene00015019,25,103,128
WBGene00015020,12,13,25
WBGene00015021,252,2323,2575
WBGene00015022,586,3471,4057
WBGene00015023,48,345,393
WBGene00015024,3,9,12
WBGene00015025,405,3972,4377
WBGene00015026,1,3,4
WBGene00015027,59,265,324
WBGene00015028,12,30,42
WBGene00015029,20,671,691
WBGene00015030,1,6,7
WBGene00015031,4,1,5
WBGene00015032,4,23,27
WBGene00015033,98,152,250
WBGene00015034,2,5,7
WBGene00015035,30,49,79
WBGene00015036,1,26,27
WBGene00015037,34,150,184
WBGene00015038,19,150,169
WBGene00015040,3,18,21
WBGene00015041,14,39,53
WBGene00015042,1,11,12
WBGene00015043,21,203,224
WBGene00015044,2,80,82
WBGene00015045,3,31,34
WBGene00015046,63,425,488
WBGene00015047,59,824,883
WBGene00015048,11,480,491
WBGene00015049,2,27,29
WBGene00015050,18,84,102
WBGene00015051,1,7,8
WBGene00015052,1,4,5
WBGene00015053,1,260,261
WBGene00015054,10,9,19
WBGene00015055,86,217,303
WBGene00015056,28,173,201
WBGene00015057,16,232,248
WBGene00015058,6,234,240
WBGene00015059,7,1181,1188
WBGene00015061,2497,21976,24473
WBGene00015062,16,137,153
WBGene00015063,13,674,687
WBGene00015064,200,2111,2311
WBGene00015065,3,2,5
WBGene00015066,4,31,35
WBGene00015067,47,407,454
WBGene00015068,0,3,3
WBGene00015069,0,7,7
WBGene00015070,1,8,9
WBGene00015071,1,3,4
WBGene00015072,15,21,36
WBGene00015073,8,135,143
WBGene00015074,80,3617,3697
WBGene00015075,186,4423,4609
WBGene00015076,16,1206,1222
WBGene00015079,178,57,235
WBGene00015080,5,6,11
WBGene00015081,3,3,6
WBGene00015082,7,7,14
WBGene00015083,4,99,103
WBGene00015084,1,4,5
WBGene00015085,5,23,28
WBGene00015086,5,86,91
WBGene00015087,7,29,36
WBGene00015088,66,575,641
WBGene00015089,15,15,30
WBGene00015091,113,1346,1459
WBGene00015092,222,4889,5111
WBGene00015093,0,2,2
WBGene00015094,11,20,31
WBGene00015095,44,512,556
WBGene00015096,297,1907,2204
WBGene00015097,7,44,51
WBGene00015098,8,99,107
WBGene00015099,224,1735,1959
WBGene00015100,2,7,9
WBGene00015101,15,1228,1243
WBGene00015102,1,83,84
WBGene00015103,17,678,695
WBGene00015104,29,1842,1871
WBGene00015105,173,572,745
WBGene00015106,5,19,24
WBGene00015107,4,29,33
WBGene00015108,1,3,4
WBGene00015110,3,22,25
WBGene00015111,2,5,7
WBGene00015112,8,28,36
WBGene00015113,2,32,34
WBGene00015114,2,1,3
WBGene00015115,511,2155,2666
WBGene00015116,34,397,431
WBGene00015117,26,1361,1387
WBGene00015118,1,1,2
WBGene00015119,4,9,13
WBGene00015121,1,1,2
WBGene00015122,2,240,242
WBGene00015124,328,2318,2646
WBGene00015125,108,4772,4880
WBGene00015126,253,1651,1904
WBGene00015128,60,1025,1085
WBGene00015129,0,14,14
WBGene00015130,39,612,651
WBGene00015131,34,188,222
WBGene00015132,17,208,225
WBGene00015133,166,6564,6730
WBGene00015134,27,221,248
WBGene00015135,99,370,469
WBGene00015136,14,113,127
WBGene00015137,218,4418,4636
WBGene00015138,30,198,228
WBGene00015139,181,187,368
WBGene00015141,69,630,699
WBGene00015142,1,20,21
WBGene00015143,32,1543,1575
WBGene00015145,84,1027,1111
WBGene00015146,70,1030,1100
WBGene00015147,24,425,449
WBGene00015148,493,6942,7435
WBGene00015149,27,53,80
WBGene00015150,10,295,305
WBGene00015151,6,14,20
WBGene00015152,167,297,464
WBGene00015153,10,18,28
WBGene00015155,179,46,225
WBGene00015156,674,2077,2751
WBGene00015157,40,1323,1363
WBGene00015158,84,543,627
WBGene00015159,322,1518,1840
WBGene00015160,30,1498,1528
WBGene00015161,30,403,433
WBGene00015162,198,1532,1730
WBGene00015163,12,1998,2010
WBGene00015164,87,1512,1599
WBGene00015165,5,25,30
WBGene00015167,4,78,82
WBGene00015168,163,18539,18702
WBGene00015169,14,129,143
WBGene00015170,3,4,7
WBGene00015171,41,439,480
WBGene00015172,5,690,695
WBGene00015173,582,1096,1678
WBGene00015175,1,3,4
WBGene00015176,151,1632,1783
WBGene00015177,256,2214,2470
WBGene00015178,0,0,0
WBGene00015179,19,132,151
WBGene00015180,3,10,13
WBGene00015181,31,2678,2709
WBGene00015182,5,41,46
WBGene00015183,6,28,34
WBGene00015184,95,1250,1345
WBGene00015185,307,2425,2732
WBGene00015186,210,2197,2407
WBGene00015188,51,202,253
WBGene00015189,106,63,169
WBGene00015190,3,130,133
WBGene00015191,45,387,432
WBGene00015192,1,7,8
WBGene00015193,0,0,0
WBGene00015194,60,331,391
WBGene00015196,15,85,100
WBGene00015197,11,144,155
WBGene00015198,2,2,4
WBGene00015199,8,5,13
WBGene00015200,38,383,421
WBGene00015202,79,1338,1417
WBGene00015203,165,2436,2601
WBGene00015204,26,746,772
WBGene00015205,254,2906,3160
WBGene00015206,92,1919,2011
WBGene00015207,374,1354,1728
WBGene00015208,241,3451,3692
WBGene00015210,16,119,135
WBGene00015211,6,84,90
WBGene00015214,11,43,54
WBGene00015215,2,16,18
WBGene00015216,61,356,417
WBGene00015217,36,914,950
WBGene00015218,55,583,638
WBGene00015219,173,2051,2224
WBGene00015220,3,80,83
WBGene00015221,2,1,3
WBGene00015222,4,0,4
WBGene00015223,13,5,18
WBGene00015224,1,0,1
WBGene00015225,6,3,9
WBGene00015226,4,8,12
WBGene00015227,2,12,14
WBGene00015228,122,672,794
WBGene00015229,1,7,8
WBGene00015230,0,3,3
WBGene00015231,12,202,214
WBGene00015232,745,7219,7964
WBGene00015233,11,901,912
WBGene00015235,1,463,464
WBGene00015236,53,86,139
WBGene00015237,235,1594,1829
WBGene00015238,43,337,380
WBGene00015241,6,0,6
WBGene00015242,0,0,0
WBGene00015243,1,1,2
WBGene00015244,7,3,10
WBGene00015245,146,582,728
WBGene00015246,46,21,67
WBGene00015247,380,46,426
WBGene00015248,4198,39111,43309
WBGene00015249,391,831,1222
WBGene00015250,220,396,616
WBGene00015251,86,2159,2245
WBGene00015252,5,6,11
WBGene00015253,5,0,5
WBGene00015254,0,0,0
WBGene00015255,0,3,3
WBGene00015257,7,1,8
WBGene00015258,2,26,28
WBGene00015259,0,1,1
WBGene00015260,6,12,18
WBGene00015261,0,15,15
WBGene00015262,34,66,100
WBGene00015263,128,729,857
WBGene00015264,63,197,260
WBGene00015265,2,30,32
WBGene00015266,109,724,833
WBGene00015267,73,753,826
WBGene00015268,265,352,617
WBGene00015270,0,0,0
WBGene00015271,0,0,0
WBGene00015272,0,0,0
WBGene00015273,60,2,62
WBGene00015275,3,8,11
WBGene00015276,143,188,331
WBGene00015277,0,0,0
WBGene00015278,49,291,340
WBGene00015279,4,19,23
WBGene00015280,28,180,208
WBGene00015281,47,471,518
WBGene00015282,160,1968,2128
WBGene00015283,70,997,1067
WBGene00015284,6,23,29
WBGene00015285,257,1848,2105
WBGene00015286,24,126,150
WBGene00015287,3,39,42
WBGene00015288,7,31,38
WBGene00015291,66,562,628
WBGene00015292,5,12,17
WBGene00015293,307,2559,2866
WBGene00015294,31,363,394
WBGene00015295,66,551,617
WBGene00015296,175,2521,2696
WBGene00015297,135,2239,2374
WBGene00015298,28,1739,1767
WBGene00015299,31,204,235
WBGene00015300,6,60,66
WBGene00015301,279,944,1223
WBGene00015303,324,778,1102
WBGene00015305,6,0,6
WBGene00015306,1,2,3
WBGene00015307,38,293,331
WBGene00015308,51,1125,1176
WBGene00015309,19,92,111
WBGene00015310,33,445,478
WBGene00015311,3,47,50
WBGene00015312,5,104,109
WBGene00015313,6,486,492
WBGene00015315,2,1,3
WBGene00015316,8,0,8
WBGene00015317,2,3,5
WBGene00015318,0,1,1
WBGene00015320,5,45,50
WBGene00015321,1,2,3
WBGene00015322,18,976,994
WBGene00015323,14,107,121
WBGene00015324,18,360,378
WBGene00015325,0,1,1
WBGene00015326,39,4341,4380
WBGene00015327,22,611,633
WBGene00015328,551,2054,2605
WBGene00015329,106,3580,3686
WBGene00015330,105,1486,1591
WBGene00015331,0,1,1
WBGene00015332,43,462,505
WBGene00015333,3,23,26
WBGene00015334,70,310,380
WBGene00015335,20,154,174
WBGene00015336,20,1205,1225
WBGene00015337,0,23,23
WBGene00015338,0,4,4
WBGene00015339,187,2635,2822
WBGene00015340,47,431,478
WBGene00015341,2,0,2
WBGene00015342,0,6,6
WBGene00015344,103,2953,3056
WBGene00015345,6,9,15
WBGene00015346,86,3101,3187
WBGene00015347,87,682,769
WBGene00015348,3,10,13
WBGene00015349,167,580,747
WBGene00015350,142,2297,2439
WBGene00015351,6,49,55
WBGene00015352,138,1732,1870
WBGene00015353,3,257,260
WBGene00015354,462,21564,22026
WBGene00015355,32,139,171
WBGene00015356,603,7520,8123
WBGene00015357,10,210,220
WBGene00015358,41,9,50
WBGene00015359,6,95,101
WBGene00015360,3,4,7
WBGene00015361,19,10,29
WBGene00015362,19,149,168
WBGene00015364,34,70,104
WBGene00015366,2,1,3
WBGene00015367,0,6,6
WBGene00015368,0,4,4
WBGene00015369,0,5,5
WBGene00015370,0,0,0
WBGene00015371,0,0,0
WBGene00015372,0,3,3
WBGene00015373,18,94,112
WBGene00015374,1,9,10
WBGene00015375,2,49,51
WBGene00015376,4,42,46
WBGene00015377,12,65,77
WBGene00015378,11,141,152
WBGene00015379,0,3,3
WBGene00015380,0,17,17
WBGene00015381,5,24,29
WBGene00015382,5,33,38
WBGene00015385,0,0,0
WBGene00015386,165,34,199
WBGene00015387,57,114,171
WBGene00015388,3,3,6
WBGene00015389,14,97,111
WBGene00015390,43,416,459
WBGene00015391,210,6288,6498
WBGene00015392,0,448,448
WBGene00015393,459,6786,7245
WBGene00015394,0,5,5
WBGene00015395,6,46,52
WBGene00015396,10,162,172
WBGene00015397,5,28,33
WBGene00015398,0,1234,1234
WBGene00015399,6,2,8
WBGene00015400,17,93,110
WBGene00015401,9,19,28
WBGene00015402,157,890,1047
WBGene00015403,2,95,97
WBGene00015404,82,1628,1710
WBGene00015405,139,1969,2108
WBGene00015406,2,9,11
WBGene00015407,25,1124,1149
WBGene00015408,16,277,293
WBGene00015409,2,27,29
WBGene00015410,110,576,686
WBGene00015411,1,12,13
WBGene00015412,7,25,32
WBGene00015413,260,7328,7588
WBGene00015414,0,11,11
WBGene00015416,8,40,48
WBGene00015417,0,2,2
WBGene00015418,1013,4538,5551
WBGene00015419,2,11,13
WBGene00015420,3,3,6
WBGene00015421,1,1,2
WBGene00015422,6,16,22
WBGene00015423,19,662,681
WBGene00015424,69,1199,1268
WBGene00015425,163,1404,1567
WBGene00015426,5,55,60
WBGene00015427,67,984,1051
WBGene00015428,5,7,12
WBGene00015429,67,808,875
WBGene00015430,57,738,795
WBGene00015431,67,247,314
WBGene00015433,9,139,148
WBGene00015434,112,534,646
WBGene00015435,3,4,7
WBGene00015437,7,37,44
WBGene00015438,10,1,11
WBGene00015442,41,218,259
WBGene00015444,15,8,23
WBGene00015446,5,6,11
WBGene00015447,3,7,10
WBGene00015448,2,14,16
WBGene00015449,4,103,107
WBGene00015450,11,884,895
WBGene00015451,59,431,490
WBGene00015453,1,12,13
WBGene00015454,22,645,667
WBGene00015455,369,426,795
WBGene00015456,14,165,179
WBGene00015457,677,267,944
WBGene00015458,5,159,164
WBGene00015459,0,0,0
WBGene00015460,15,539,554
WBGene00015461,170,3541,3711
WBGene00015462,11,358,369
WBGene00015463,4,493,497
WBGene00015464,82,2219,2301
WBGene00015465,13,25,38
WBGene00015466,67,794,861
WBGene00015467,7,8,15
WBGene00015468,130,642,772
WBGene00015469,12,120,132
WBGene00015470,26,1274,1300
WBGene00015471,28,103,131
WBGene00015472,114,1186,1300
WBGene00015473,247,201,448
WBGene00015474,66,1820,1886
WBGene00015476,56,271,327
WBGene00015477,255,4941,5196
WBGene00015478,67,553,620
WBGene00015479,14,37,51
WBGene00015480,114,439,553
WBGene00015481,96,4069,4165
WBGene00015483,95,1277,1372
WBGene00015484,446,2129,2575
WBGene00015485,236,291,527
WBGene00015486,83,731,814
WBGene00015487,27,5010,5037
WBGene00015488,128,903,1031
WBGene00015489,11,22,33
WBGene00015491,2,2,4
WBGene00015492,13,820,833
WBGene00015493,7,5,12
WBGene00015494,76,638,714
WBGene00015495,4,236,240
WBGene00015496,8,27,35
WBGene00015497,23,46,69
WBGene00015499,146,1042,1188
WBGene00015500,10,60,70
WBGene00015501,265,2614,2879
WBGene00015504,115,504,619
WBGene00015505,29,117,146
WBGene00015507,211,1298,1509
WBGene00015508,79,1174,1253
WBGene00015509,152,763,915
WBGene00015510,69,2237,2306
WBGene00015511,12,76,88
WBGene00015512,285,2826,3111
WBGene00015513,48,856,904
WBGene00015514,1839,37662,39501
WBGene00015515,49,964,1013
WBGene00015516,5,49,54
WBGene00015517,203,1459,1662
WBGene00015518,0,69,69
WBGene00015519,8,180,188
WBGene00015520,0,13,13
WBGene00015521,0,0,0
WBGene00015522,5,35,40
WBGene00015523,28,466,494
WBGene00015524,32,567,599
WBGene00015525,142,1808,1950
WBGene00015526,21,28,49
WBGene00015527,16,332,348
WBGene00015528,10,8,18
WBGene00015529,21,180,201
WBGene00015530,0,2,2
WBGene00015531,56,690,746
WBGene00015532,5,37,42
WBGene00015534,3,3,6
WBGene00015535,2,22,24
WBGene00015536,26,389,415
WBGene00015537,7,24,31
WBGene00015538,10,3182,3192
WBGene00015539,53,767,820
WBGene00015540,9,1984,1993
WBGene00015541,77,576,653
WBGene00015544,19,50,69
WBGene00015545,31,367,398
WBGene00015546,0,56,56
WBGene00015547,103,4731,4834
WBGene00015549,11,141,152
WBGene00015551,684,5734,6418
WBGene00015552,53,1972,2025
WBGene00015553,368,3559,3927
WBGene00015554,37,535,572
WBGene00015555,320,1983,2303
WBGene00015557,34,327,361
WBGene00015558,9,113,122
WBGene00015559,142,529,671
WBGene00015560,23,835,858
WBGene00015561,228,1776,2004
WBGene00015564,0,26,26
WBGene00015565,259,3361,3620
WBGene00015566,34,347,381
WBGene00015567,61,863,924
WBGene00015568,12,117,129
WBGene00015569,27,483,510
WBGene00015570,11,75,86
WBGene00015572,5,2,7
WBGene00015573,1,2,3
WBGene00015574,4,10,14
WBGene00015576,19,264,283
WBGene00015577,43,344,387
WBGene00015578,5,1970,1975
WBGene00015579,0,0,0
WBGene00015580,317,1192,1509
WBGene00015581,327,3396,3723
WBGene00015582,4,82,86
WBGene00015583,3,3,6
WBGene00015586,6,153,159
WBGene00015587,0,4,4
WBGene00015588,1,7,8
WBGene00015589,0,20,20
WBGene00015590,13,277,290
WBGene00015591,26,524,550
WBGene00015592,88,37,125
WBGene00015593,1,2,3
WBGene00015595,1,1,2
WBGene00015598,0,5,5
WBGene00015599,0,1,1
WBGene00015600,3,1,4
WBGene00015601,17,2,19
WBGene00015602,0,2,2
WBGene00015604,0,0,0
WBGene00015605,12,235,247
WBGene00015606,37,2,39
WBGene00015607,0,1,1
WBGene00015608,0,10,10
WBGene00015609,3,30,33
WBGene00015610,0,3,3
WBGene00015611,0,288,288
WBGene00015613,0,16,16
WBGene00015615,0,75,75
WBGene00015618,27,87,114
WBGene00015619,576,5034,5610
WBGene00015620,21,132,153
WBGene00015621,60,834,894
WBGene00015622,7,18,25
WBGene00015623,289,6808,7097
WBGene00015624,13,149,162
WBGene00015625,16,106,122
WBGene00015626,13,95,108
WBGene00015627,4,2,6
WBGene00015628,1,0,1
WBGene00015629,2,3,5
WBGene00015630,12,8,20
WBGene00015631,4,74,78
WBGene00015632,197,1751,1948
WBGene00015633,260,1670,1930
WBGene00015634,0,16,16
WBGene00015635,65,664,729
WBGene00015636,0,6,6
WBGene00015637,1,11,12
WBGene00015638,33,367,400
WBGene00015639,10,11,21
WBGene00015641,158,1355,1513
WBGene00015642,111,467,578
WBGene00015644,72,699,771
WBGene00015645,6,213,219
WBGene00015646,37,288,325
WBGene00015647,77,842,919
WBGene00015648,261,755,1016
WBGene00015649,55,23,78
WBGene00015650,396,1814,2210
WBGene00015651,292,90,382
WBGene00015652,1,1,2
WBGene00015653,1,1,2
WBGene00015655,0,0,0
WBGene00015656,5,1,6
WBGene00015658,360,883,1243
WBGene00015659,0,0,0
WBGene00015660,7,145,152
WBGene00015661,0,0,0
WBGene00015662,8,9,17
WBGene00015663,3,0,3
WBGene00015664,9,180,189
WBGene00015665,4,23,27
WBGene00015666,44,143,187
WBGene00015667,7,12,19
WBGene00015668,1,17,18
WBGene00015670,76,82,158
WBGene00015671,4,315,319
WBGene00015672,8,27,35
WBGene00015673,42,450,492
WBGene00015674,19,282,301
WBGene00015675,25,17,42
WBGene00015676,21,1414,1435
WBGene00015677,29,175,204
WBGene00015678,490,1577,2067
WBGene00015679,11,82,93
WBGene00015680,335,2507,2842
WBGene00015681,7,4,11
WBGene00015682,8,2,10
WBGene00015683,0,4,4
WBGene00015684,213,3378,3591
WBGene00015685,5,0,5
WBGene00015686,101,152,253
WBGene00015687,263,14315,14578
WBGene00015688,1,4,5
WBGene00015689,0,4,4
WBGene00015690,3,1,4
WBGene00015691,122,823,945
WBGene00015692,44,355,399
WBGene00015693,24,239,263
WBGene00015694,11,8,19
WBGene00015695,62,669,731
WBGene00015696,4,21,25
WBGene00015697,21,212,233
WBGene00015698,0,132,132
WBGene00015700,13,41,54
WBGene00015701,18,48,66
WBGene00015702,11,533,544
WBGene00015703,12,2280,2292
WBGene00015704,165,306,471
WBGene00015705,11,53,64
WBGene00015706,6,223,229
WBGene00015707,4,92,96
WBGene00015708,55,398,453
WBGene00015709,21,248,269
WBGene00015710,48,1779,1827
WBGene00015711,7,292,299
WBGene00015712,12,6,18
WBGene00015713,15,131,146
WBGene00015714,10,82,92
WBGene00015715,19,5,24
WBGene00015716,24,204,228
WBGene00015718,2,1,3
WBGene00015719,0,0,0
WBGene00015720,17,42,59
WBGene00015721,1,1,2
WBGene00015722,8,4,12
WBGene00015723,5,2,7
WBGene00015724,1,3,4
WBGene00015725,1,0,1
WBGene00015726,3,1,4
WBGene00015727,0,2,2
WBGene00015728,10,23,33
WBGene00015729,22,1296,1318
WBGene00015730,0,0,0
WBGene00015731,0,0,0
WBGene00015733,7,64,71
WBGene00015734,59,4208,4267
WBGene00015735,766,2227,2993
WBGene00015736,1,18,19
WBGene00015737,0,0,0
WBGene00015738,0,3,3
WBGene00015739,21,38,59
WBGene00015740,112,1367,1479
WBGene00015741,438,3657,4095
WBGene00015742,99,587,686
WBGene00015743,130,1256,1386
WBGene00015744,113,371,484
WBGene00015745,14,248,262
WBGene00015746,50,1437,1487
WBGene00015747,100,259,359
WBGene00015748,18,299,317
WBGene00015750,18,172,190
WBGene00015751,45,124,169
WBGene00015752,52,2082,2134
WBGene00015753,33,243,276
WBGene00015754,147,1780,1927
WBGene00015755,1557,27763,29320
WBGene00015756,13,129,142
WBGene00015757,6,8,14
WBGene00015758,6,21,27
WBGene00015759,101,1208,1309
WBGene00015760,6,4,10
WBGene00015762,3,2,5
WBGene00015764,11,4,15
WBGene00015765,1,10,11
WBGene00015766,7,73,80
WBGene00015767,89,754,843
WBGene00015768,6,31,37
WBGene00015769,12,734,746
WBGene00015770,0,2,2
WBGene00015772,2,0,2
WBGene00015773,4,2,6
WBGene00015774,2,9,11
WBGene00015775,1,5,6
WBGene00015776,108,2774,2882
WBGene00015777,69,1570,1639
WBGene00015778,18,16943,16961
WBGene00015779,256,1397,1653
WBGene00015780,5,21,26
WBGene00015781,512,3157,3669
WBGene00015782,13,208,221
WBGene00015783,10,85,95
WBGene00015784,4,19,23
WBGene00015785,0,2,2
WBGene00015786,242,1868,2110
WBGene00015787,38,298,336
WBGene00015788,13,190,203
WBGene00015789,10,368,378
WBGene00015790,10,992,1002
WBGene00015791,45,3007,3052
WBGene00015792,9,27,36
WBGene00015793,15,225,240
WBGene00015794,39,140,179
WBGene00015795,80,922,1002
WBGene00015796,471,1286,1757
WBGene00015797,9,84,93
WBGene00015798,14,81,95
WBGene00015799,19,127,146
WBGene00015800,245,995,1240
WBGene00015801,167,1447,1614
WBGene00015802,181,1136,1317
WBGene00015803,1998,17123,19121
WBGene00015805,7,131,138
WBGene00015806,27,646,673
WBGene00015807,11,304,315
WBGene00015809,250,4387,4637
WBGene00015810,10,7605,7615
WBGene00015811,38,6871,6909
WBGene00015813,338,4470,4808
WBGene00015814,185,4732,4917
WBGene00015815,127,548,675
WBGene00015816,25,139,164
WBGene00015817,184,1555,1739
WBGene00015818,15,131,146
WBGene00015819,1,126,127
WBGene00015820,4,9,13
WBGene00015821,11,9,20
WBGene00015822,58,69,127
WBGene00015823,0,3051,3051
WBGene00015824,8,209,217
WBGene00015825,0,2,2
WBGene00015827,1,0,1
WBGene00015828,0,1,1
WBGene00015829,3,3,6
WBGene00015830,0,1,1
WBGene00015832,0,0,0
WBGene00015833,0,3,3
WBGene00015834,1,0,1
WBGene00015835,3,1,4
WBGene00015836,1,4,5
WBGene00015837,1,1,2
WBGene00015838,0,0,0
WBGene00015839,2,4,6
WBGene00015841,43,80,123
WBGene00015842,8,100,108
WBGene00015843,50,163,213
WBGene00015845,0,0,0
WBGene00015846,1,0,1
WBGene00015847,0,0,0
WBGene00015848,0,0,0
WBGene00015849,14,171,185
WBGene00015850,5,68,73
WBGene00015851,10,11,21
WBGene00015852,66,110,176
WBGene00015853,32,308,340
WBGene00015854,5,0,5
WBGene00015855,4,16,20
WBGene00015856,0,0,0
WBGene00015857,106,1256,1362
WBGene00015858,2,3,5
WBGene00015859,4,26,30
WBGene00015860,15,53,68
WBGene00015861,48,338,386
WBGene00015862,24,73,97
WBGene00015863,6,3,9
WBGene00015864,11,217,228
WBGene00015865,81,1293,1374
WBGene00015866,37,456,493
WBGene00015867,19,164,183
WBGene00015868,862,2476,3338
WBGene00015869,2,1,3
WBGene00015870,1,0,1
WBGene00015871,1,1,2
WBGene00015872,1,3,4
WBGene00015873,1,2,3
WBGene00015875,0,0,0
WBGene00015877,2,3,5
WBGene00015878,4,12,16
WBGene00015879,10,6,16
WBGene00015882,2,5,7
WBGene00015883,4,4,8
WBGene00015884,3,15,18
WBGene00015885,9,615,624
WBGene00015886,0,34,34
WBGene00015887,25,1463,1488
WBGene00015888,0,0,0
WBGene00015889,0,12,12
WBGene00015890,1,67,68
WBGene00015891,2,14,16
WBGene00015892,1,0,1
WBGene00015893,1,3,4
WBGene00015894,180,5560,5740
WBGene00015895,0,0,0
WBGene00015896,0,98,98
WBGene00015897,67,312,379
WBGene00015898,14,4,18
WBGene00015899,2,1,3
WBGene00015900,17,117,134
WBGene00015901,28,274,302
WBGene00015902,12,33,45
WBGene00015903,1,2,3
WBGene00015904,0,1,1
WBGene00015905,0,4,4
WBGene00015906,4,7,11
WBGene00015907,0,1,1
WBGene00015908,7,27,34
WBGene00015909,0,1,1
WBGene00015910,1,14,15
WBGene00015911,1,3,4
WBGene00015912,2,31,33
WBGene00015913,182,1515,1697
WBGene00015914,26,48,74
WBGene00015915,63,778,841
WBGene00015916,142,1912,2054
WBGene00015917,5,8,13
WBGene00015918,30,125,155
WBGene00015919,11,396,407
WBGene00015920,355,6641,6996
WBGene00015921,118,299,417
WBGene00015922,44,414,458
WBGene00015924,2,2,4
WBGene00015925,77,89,166
WBGene00015926,379,1380,1759
WBGene00015927,184,2584,2768
WBGene00015928,82,723,805
WBGene00015929,5,8,13
WBGene00015930,18,140,158
WBGene00015931,7,12,19
WBGene00015932,1,2,3
WBGene00015933,20,159,179
WBGene00015934,76,1002,1078
WBGene00015935,205,662,867
WBGene00015936,25,189,214
WBGene00015937,14,20,34
WBGene00015938,240,1476,1716
WBGene00015939,7,116,123
WBGene00015940,16,569,585
WBGene00015941,390,3517,3907
WBGene00015942,90,1253,1343
WBGene00015943,62,4921,4983
WBGene00015944,5,51,56
WBGene00015945,386,563,949
WBGene00015946,4,63,67
WBGene00015947,216,2289,2505
WBGene00015948,94,1080,1174
WBGene00015949,16,68,84
WBGene00015950,19,52,71
WBGene00015951,0,0,0
WBGene00015952,27,204,231
WBGene00015953,54,207,261
WBGene00015954,1902,16031,17933
WBGene00015955,32,2276,2308
WBGene00015956,39,266,305
WBGene00015957,20,131,151
WBGene00015958,1,2,3
WBGene00015959,1,0,1
WBGene00015960,4,1,5
WBGene00015961,0,2,2
WBGene00015962,3,3,6
WBGene00015963,17,155,172
WBGene00015964,84,92,176
WBGene00015965,8,189,197
WBGene00015966,211,1345,1556
WBGene00015968,38,31,69
WBGene00015969,54,387,441
WBGene00015970,9,32,41
WBGene00015971,223,1497,1720
WBGene00015972,127,881,1008
WBGene00015973,0,11,11
WBGene00015974,189,103,292
WBGene00015975,6,770,776
WBGene00015976,96,742,838
WBGene00015977,7,29,36
WBGene00015978,25,1563,1588
WBGene00015979,0,0,0
WBGene00015980,185,1325,1510
WBGene00015981,51,36,87
WBGene00015982,8,0,8
WBGene00015984,21,31,52
WBGene00015985,5,11,16
WBGene00015986,8,5,13
WBGene00015987,0,0,0
WBGene00015988,37,36,73
WBGene00015992,4,6,10
WBGene00015993,49,118,167
WBGene00015994,10,3,13
WBGene00015995,5,0,5
WBGene00015996,1,32,33
WBGene00015997,0,0,0
WBGene00015998,7,13,20
WBGene00015999,2,44,46
WBGene00016000,7,32,39
WBGene00016002,306,1811,2117
WBGene00016003,21,273,294
WBGene00016004,4,147,151
WBGene00016005,52,531,583
WBGene00016006,743,7227,7970
WBGene00016008,59,25,84
WBGene00016009,45,1918,1963
WBGene00016010,57,35,92
WBGene00016011,861,6014,6875
WBGene00016012,22,399,421
WBGene00016013,6,117,123
WBGene00016014,38,1244,1282
WBGene00016015,126,2586,2712
WBGene00016016,5,24,29
WBGene00016017,0,28,28
WBGene00016018,174,1122,1296
WBGene00016019,25,718,743
WBGene00016020,172,1277,1449
WBGene00016021,85,880,965
WBGene00016022,16,510,526
WBGene00016023,12,83,95
WBGene00016024,73,830,903
WBGene00016025,26,212,238
WBGene00016027,41,284,325
WBGene00016028,46,2907,2953
WBGene00016029,198,99,297
WBGene00016030,18,416,434
WBGene00016032,87,30,117
WBGene00016033,33,16738,16771
WBGene00016034,11,112,123
WBGene00016037,181,27,208
WBGene00016038,1,344,345
WBGene00016039,1,59,60
WBGene00016040,0,425,425
WBGene00016041,367,147,514
WBGene00016042,28,13,41
WBGene00016043,4,0,4
WBGene00016044,249,605,854
WBGene00016045,83,1092,1175
WBGene00016046,3,102,105
WBGene00016047,1,4,5
WBGene00016048,15,298,313
WBGene00016049,8,6,14
WBGene00016050,3,5,8
WBGene00016051,1,3,4
WBGene00016052,19,305,324
WBGene00016053,11,38,49
WBGene00016054,2,3,5
WBGene00016055,106,1175,1281
WBGene00016056,4,30,34
WBGene00016057,146,4075,4221
WBGene00016058,0,4,4
WBGene00016059,189,1024,1213
WBGene00016060,202,983,1185
WBGene00016061,18,189,207
WBGene00016062,98,4544,4642
WBGene00016063,4,11,15
WBGene00016064,22,55,77
WBGene00016066,30,87,117
WBGene00016067,35,617,652
WBGene00016068,63,553,616
WBGene00016069,9,306,315
WBGene00016070,0,11,11
WBGene00016071,10,73,83
WBGene00016072,54,56,110
WBGene00016073,179,4561,4740
WBGene00016074,36,388,424
WBGene00016075,5,6,11
WBGene00016077,0,1,1
WBGene00016081,189,469,658
WBGene00016082,0,0,0
WBGene00016083,4,1,5
WBGene00016084,6,6,12
WBGene00016085,2,15,17
WBGene00016086,1,6,7
WBGene00016087,9,213,222
WBGene00016088,17,25,42
WBGene00016089,8,36,44
WBGene00016090,117,163,280
WBGene00016091,6,36,42
WBGene00016092,8,6,14
WBGene00016093,151,546,697
WBGene00016094,39,303,342
WBGene00016095,52,621,673
WBGene00016096,4,172,176
WBGene00016097,14,1136,1150
WBGene00016099,45,369,414
WBGene00016100,6,224,230
WBGene00016101,15,531,546
WBGene00016102,12,494,506
WBGene00016103,268,3996,4264
WBGene00016104,49,507,556
WBGene00016105,1,16,17
WBGene00016106,11,307,318
WBGene00016107,12,56,68
WBGene00016108,17,21,38
WBGene00016109,39,277,316
WBGene00016110,11,144,155
WBGene00016111,31,466,497
WBGene00016112,66,309,375
WBGene00016113,47,1602,1649
WBGene00016114,132,3159,3291
WBGene00016115,1378,14901,16279
WBGene00016116,110,1612,1722
WBGene00016117,81,1383,1464
WBGene00016118,937,16282,17219
WBGene00016119,172,3125,3297
WBGene00016120,112,580,692
WBGene00016121,127,1397,1524
WBGene00016123,63,477,540
WBGene00016124,82,1028,1110
WBGene00016125,1,42,43
WBGene00016126,21,118,139
WBGene00016128,8,899,907
WBGene00016129,118,3089,3207
WBGene00016130,1,7,8
WBGene00016131,72,342,414
WBGene00016132,1,6,7
WBGene00016133,41,836,877
WBGene00016134,31,171,202
WBGene00016135,36,281,317
WBGene00016136,8,25,33
WBGene00016137,1,12,13
WBGene00016138,94,1654,1748
WBGene00016139,50,553,603
WBGene00016140,70,2583,2653
WBGene00016142,71,3581,3652
WBGene00016143,351,1437,1788
WBGene00016144,144,1499,1643
WBGene00016145,63,1652,1715
WBGene00016146,10,97,107
WBGene00016147,7,84,91
WBGene00016148,125,982,1107
WBGene00016149,39,342,381
WBGene00016150,23,1419,1442
WBGene00016151,112,1339,1451
WBGene00016152,45,408,453
WBGene00016153,9,753,762
WBGene00016154,124,987,1111
WBGene00016155,3,33,36
WBGene00016156,12,343,355
WBGene00016157,55,1037,1092
WBGene00016158,84,1375,1459
WBGene00016159,72,388,460
WBGene00016160,11,13,24
WBGene00016161,3,2,5
WBGene00016162,309,3275,3584
WBGene00016163,4,59,63
WBGene00016164,0,4,4
WBGene00016165,110,255,365
WBGene00016166,86,2160,2246
WBGene00016167,11,1210,1221
WBGene00016168,2,0,2
WBGene00016169,67,259,326
WBGene00016170,131,2066,2197
WBGene00016171,126,1013,1139
WBGene00016172,317,1093,1410
WBGene00016173,597,8051,8648
WBGene00016174,26,171,197
WBGene00016175,53,238,291
WBGene00016177,18,29,47
WBGene00016178,11,142,153
WBGene00016179,0,19,19
WBGene00016180,2,1011,1013
WBGene00016181,14,146,160
WBGene00016182,29,504,533
WBGene00016183,5,1,6
WBGene00016184,115,696,811
WBGene00016185,5,3,8
WBGene00016187,9,125,134
WBGene00016188,153,1346,1499
WBGene00016189,3,38,41
WBGene00016190,2,195,197
WBGene00016191,9,28,37
WBGene00016192,6,1666,1672
WBGene00016193,10,19,29
WBGene00016194,118,8460,8578
WBGene00016195,13,4330,4343
WBGene00016196,14,31,45
WBGene00016197,636,4126,4762
WBGene00016198,4,6,10
WBGene00016199,6,22,28
WBGene00016200,93,1699,1792
WBGene00016201,35,1640,1675
WBGene00016202,46,1207,1253
WBGene00016203,190,874,1064
WBGene00016204,12,90,102
WBGene00016206,14,36,50
WBGene00016207,94,815,909
WBGene00016208,4,724,728
WBGene00016209,281,5587,5868
WBGene00016210,464,10806,11270
WBGene00016212,17,306,323
WBGene00016213,14,0,14
WBGene00016215,13,1074,1087
WBGene00016216,62,669,731
WBGene00016217,5,46,51
WBGene00016218,9,20,29
WBGene00016219,13,24,37
WBGene00016220,0,0,0
WBGene00016221,65,564,629
WBGene00016222,17,0,17
WBGene00016223,0,0,0
WBGene00016226,0,3,3
WBGene00016227,0,3,3
WBGene00016231,1,5,6
WBGene00016232,2,8,10
WBGene00016233,1,8,9
WBGene00016234,60,393,453
WBGene00016235,7,2584,2591
WBGene00016236,14,114,128
WBGene00016237,48,1238,1286
WBGene00016238,20,1742,1762
WBGene00016239,10,176,186
WBGene00016242,18,132,150
WBGene00016244,269,2753,3022
WBGene00016245,43,1381,1424
WBGene00016246,72,373,445
WBGene00016247,11,61,72
WBGene00016248,19,232,251
WBGene00016249,336,3689,4025
WBGene00016250,90,9684,9774
WBGene00016251,5,54,59
WBGene00016252,2,2,4
WBGene00016253,6,3,9
WBGene00016254,1,36,37
WBGene00016257,9,6,15
WBGene00016258,156,6947,7103
WBGene00016259,17,90,107
WBGene00016260,38,286,324
WBGene00016261,59,738,797
WBGene00016262,17,181,198
WBGene00016263,3,55,58
WBGene00016264,591,3475,4066
WBGene00016265,6,93,99
WBGene00016266,1175,6234,7409
WBGene00016268,8,26,34
WBGene00016269,400,3514,3914
WBGene00016271,23772,8,23780
WBGene00016273,2,21,23
WBGene00016274,1,54,55
WBGene00016275,5,43,48
WBGene00016276,17,350,367
WBGene00016277,25,164,189
WBGene00016278,183,1388,1571
WBGene00016279,1,3,4
WBGene00016281,7,1,8
WBGene00016282,25,328,353
WBGene00016283,26,227,253
WBGene00016284,4,1,5
WBGene00016285,7,0,7
WBGene00016286,4,12,16
WBGene00016287,1,12,13
WBGene00016288,10,29,39
WBGene00016289,3717,11876,15593
WBGene00016291,14,82,96
WBGene00016292,241,1172,1413
WBGene00016293,70,561,631
WBGene00016294,35,123,158
WBGene00016295,33,188,221
WBGene00016297,1,2,3
WBGene00016298,1,2,3
WBGene00016299,5,1,6
WBGene00016300,15,5,20
WBGene00016302,1,0,1
WBGene00016303,3,28,31
WBGene00016306,3,2,5
WBGene00016307,1,2,3
WBGene00016308,2,23,25
WBGene00016309,2,4,6
WBGene00016310,47,606,653
WBGene00016311,55,1415,1470
WBGene00016312,4,16,20
WBGene00016313,24,850,874
WBGene00016314,9,149,158
WBGene00016315,40,655,695
WBGene00016316,270,7728,7998
WBGene00016317,21,584,605
WBGene00016318,113,1271,1384
WBGene00016319,39,662,701
WBGene00016320,0,5,5
WBGene00016321,558,4265,4823
WBGene00016322,1,6,7
WBGene00016323,216,1528,1744
WBGene00016324,32,126,158
WBGene00016325,176,2492,2668
WBGene00016326,196,2177,2373
WBGene00016327,1,3,4
WBGene00016328,42,163,205
WBGene00016329,6,27,33
WBGene00016330,242,1538,1780
WBGene00016331,153,1679,1832
WBGene00016332,17,208,225
WBGene00016333,506,5424,5930
WBGene00016334,3,2,5
WBGene00016335,9,31,40
WBGene00016336,0,2,2
WBGene00016337,0,0,0
WBGene00016339,0,0,0
WBGene00016340,26,40,66
WBGene00016341,19,964,983
WBGene00016342,17,1412,1429
WBGene00016343,164,660,824
WBGene00016344,37,207,244
WBGene00016345,3,239,242
WBGene00016346,0,21,21
WBGene00016347,15,1,16
WBGene00016348,0,4,4
WBGene00016349,2,48,50
WBGene00016350,0,5,5
WBGene00016351,0,0,0
WBGene00016352,37,385,422
WBGene00016353,1,75,76
WBGene00016354,436,1384,1820
WBGene00016355,58,719,777
WBGene00016356,5,7,12
WBGene00016357,0,0,0
WBGene00016358,0,1,1
WBGene00016359,4,492,496
WBGene00016360,39,294,333
WBGene00016361,8,14,22
WBGene00016362,215,24940,25155
WBGene00016363,18,73,91
WBGene00016364,62,400,462
WBGene00016365,12,103,115
WBGene00016366,6,94,100
WBGene00016367,18,87,105
WBGene00016368,21,131,152
WBGene00016369,0,3,3
WBGene00016370,0,2,2
WBGene00016371,5,3,8
WBGene00016373,10,129,139
WBGene00016374,78,1413,1491
WBGene00016375,7,600,607
WBGene00016376,17,726,743
WBGene00016378,145,1352,1497
WBGene00016379,15,517,532
WBGene00016380,40,756,796
WBGene00016381,26,465,491
WBGene00016382,1,2,3
WBGene00016383,62,817,879
WBGene00016384,195,2494,2689
WBGene00016386,43,33,76
WBGene00016387,44,713,757
WBGene00016388,1,0,1
WBGene00016389,1,2,3
WBGene00016390,26,801,827
WBGene00016391,211,2666,2877
WBGene00016392,21,454,475
WBGene00016393,442,17946,18388
WBGene00016394,101,123,224
WBGene00016395,997,8049,9046
WBGene00016396,273,619,892
WBGene00016397,47,319,366
WBGene00016398,0,6,6
WBGene00016399,3,3,6
WBGene00016400,104,1480,1584
WBGene00016402,7,47,54
WBGene00016403,210,622,832
WBGene00016404,86,574,660
WBGene00016405,344,5274,5618
WBGene00016406,79,791,870
WBGene00016407,807,1520,2327
WBGene00016408,111,1391,1502
WBGene00016409,107,1001,1108
WBGene00016410,9,20,29
WBGene00016411,60,2444,2504
WBGene00016412,75,2223,2298
WBGene00016413,1,1,2
WBGene00016414,0,2,2
WBGene00016415,488,4042,4530
WBGene00016416,12,73,85
WBGene00016417,84,712,796
WBGene00016418,207,503,710
WBGene00016419,40,708,748
WBGene00016420,0,4,4
WBGene00016421,21,209,230
WBGene00016422,40,4213,4253
WBGene00016423,98,868,966
WBGene00016424,11,70,81
WBGene00016425,0,17,17
WBGene00016427,215,204,419
WBGene00016428,67,644,711
WBGene00016429,10,144,154
WBGene00016430,6,0,6
WBGene00016431,19,51,70
WBGene00016432,1478,2237,3715
WBGene00016433,0,0,0
WBGene00016434,0,12,12
WBGene00016435,271,4658,4929
WBGene00016436,7,231,238
WBGene00016437,10,1,11
WBGene00016438,45,530,575
WBGene00016439,81,1694,1775
WBGene00016440,0,36,36
WBGene00016441,5,20,25
WBGene00016442,28,1596,1624
WBGene00016443,95,786,881
WBGene00016444,93,617,710
WBGene00016445,25,113,138
WBGene00016446,38,1511,1549
WBGene00016447,0,0,0
WBGene00016448,52,571,623
WBGene00016449,22,2537,2559
WBGene00016450,0,33,33
WBGene00016451,1,8,9
WBGene00016452,112,1358,1470
WBGene00016453,6,148,154
WBGene00016454,46,623,669
WBGene00016455,5,24,29
WBGene00016456,15,1393,1408
WBGene00016457,3,99,102
WBGene00016458,95,1425,1520
WBGene00016459,2,20,22
WBGene00016460,9,69,78
WBGene00016461,11,43,54
WBGene00016462,4,43,47
WBGene00016463,19,1013,1032
WBGene00016464,7,30,37
WBGene00016465,1,10,11
WBGene00016466,15,96,111
WBGene00016467,17,314,331
WBGene00016468,19,40,59
WBGene00016469,67,1136,1203
WBGene00016471,7,11,18
WBGene00016472,0,2,2
WBGene00016473,0,0,0
WBGene00016474,2,1,3
WBGene00016475,0,5,5
WBGene00016476,5,8,13
WBGene00016477,0,2,2
WBGene00016479,1,2,3
WBGene00016480,3,2,5
WBGene00016481,1,3,4
WBGene00016483,0,12,12
WBGene00016484,0,2,2
WBGene00016485,1,2,3
WBGene00016486,2,7,9
WBGene00016487,2,0,2
WBGene00016488,32,54,86
WBGene00016489,205,1729,1934
WBGene00016490,86,1000,1086
WBGene00016491,9,25,34
WBGene00016492,43,269,312
WBGene00016493,30853,212143,242996
WBGene00016494,316,3647,3963
WBGene00016495,12,647,659
WBGene00016496,377,11315,11692
WBGene00016497,4,69,73
WBGene00016499,84,235,319
WBGene00016500,47,1225,1272
WBGene00016501,17,586,603
WBGene00016502,1,80,81
WBGene00016503,12,366,378
WBGene00016504,6,826,832
WBGene00016505,11,1260,1271
WBGene00016506,29,171,200
WBGene00016507,103,743,846
WBGene00016508,353,3620,3973
WBGene00016509,195,10263,10458
WBGene00016511,313,4177,4490
WBGene00016512,16,26,42
WBGene00016513,43,1619,1662
WBGene00016514,35,171,206
WBGene00016517,2,32,34
WBGene00016518,38,32,70
WBGene00016519,4,0,4
WBGene00016520,176,66,242
WBGene00016521,0,10,10
WBGene00016522,16,228,244
WBGene00016523,3,22,25
WBGene00016524,106,497,603
WBGene00016525,6,10,16
WBGene00016527,2,3,5
WBGene00016528,3,1,4
WBGene00016529,0,5,5
WBGene00016530,74,886,960
WBGene00016531,200,1393,1593
WBGene00016532,33,406,439
WBGene00016533,117,1176,1293
WBGene00016534,8,28,36
WBGene00016535,11,1325,1336
WBGene00016537,0,10,10
WBGene00016538,55,333,388
WBGene00016539,392,1461,1853
WBGene00016540,104,301,405
WBGene00016541,3,7,10
WBGene00016542,30,121,151
WBGene00016543,2,32,34
WBGene00016544,2,11,13
WBGene00016545,12,99,111
WBGene00016546,21,101,122
WBGene00016547,13,255,268
WBGene00016548,3,8,11
WBGene00016549,9,175,184
WBGene00016550,4,1,5
WBGene00016551,0,8,8
WBGene00016554,0,0,0
WBGene00016555,0,26,26
WBGene00016556,2,0,2
WBGene00016557,0,0,0
WBGene00016558,28,175,203
WBGene00016559,53,420,473
WBGene00016561,509,1101,1610
WBGene00016562,1604,4702,6306
WBGene00016564,34,513,547
WBGene00016565,0,23,23
WBGene00016566,72,659,731
WBGene00016567,3,197,200
WBGene00016568,108,843,951
WBGene00016570,70,550,620
WBGene00016571,0,7,7
WBGene00016572,5,3,8
WBGene00016573,6,384,390
WBGene00016574,7,583,590
WBGene00016575,0,262,262
WBGene00016576,4,664,668
WBGene00016577,1,1,2
WBGene00016578,0,0,0
WBGene00016579,54,281,335
WBGene00016580,66,231,297
WBGene00016581,3,31,34
WBGene00016582,36,684,720
WBGene00016583,19,1968,1987
WBGene00016585,28,63,91
WBGene00016586,0,105,105
WBGene00016587,9,14,23
WBGene00016588,198,1984,2182
WBGene00016589,74,752,826
WBGene00016590,79,751,830
WBGene00016591,17,907,924
WBGene00016592,39,269,308
WBGene00016594,55,2766,2821
WBGene00016595,5,29,34
WBGene00016596,5,377,382
WBGene00016597,2,3,5
WBGene00016598,0,8,8
WBGene00016599,20,26,46
WBGene00016600,41,93,134
WBGene00016601,328,4119,4447
WBGene00016602,33,464,497
WBGene00016603,449,3319,3768
WBGene00016605,2,44,46
WBGene00016606,147,1124,1271
WBGene00016607,251,3341,3592
WBGene00016608,59,685,744
WBGene00016609,55,278,333
WBGene00016610,177,1073,1250
WBGene00016611,533,5148,5681
WBGene00016612,9,48,57
WBGene00016613,52,205,257
WBGene00016614,68,690,758
WBGene00016616,18,956,974
WBGene00016617,54,604,658
WBGene00016619,31,281,312
WBGene00016620,76,744,820
WBGene00016621,69,452,521
WBGene00016622,37,1309,1346
WBGene00016623,40,555,595
WBGene00016624,405,1881,2286
WBGene00016625,27,177,204
WBGene00016626,93,1554,1647
WBGene00016627,3,6,9
WBGene00016628,146,747,893
WBGene00016629,67,857,924
WBGene00016630,419,27773,28192
WBGene00016631,76,404,480
WBGene00016632,39,136,175
WBGene00016633,23,421,444
WBGene00016634,145,853,998
WBGene00016635,41,4888,4929
WBGene00016636,2,5,7
WBGene00016637,28,144,172
WBGene00016638,1,4,5
WBGene00016639,26,55,81
WBGene00016641,48,2170,2218
WBGene00016642,46,522,568
WBGene00016643,111,1042,1153
WBGene00016644,6,486,492
WBGene00016645,61,1786,1847
WBGene00016646,0,0,0
WBGene00016647,0,0,0
WBGene00016648,0,0,0
WBGene00016649,0,0,0
WBGene00016650,637,7910,8547
WBGene00016652,54,444,498
WBGene00016653,87,12833,12920
WBGene00016654,184,462,646
WBGene00016655,259,4150,4409
WBGene00016657,24,259,283
WBGene00016658,0,1,1
WBGene00016659,45,1048,1093
WBGene00016660,0,5,5
WBGene00016661,144,943,1087
WBGene00016662,2,74,76
WBGene00016663,85,805,890
WBGene00016664,20,207,227
WBGene00016665,1,7,8
WBGene00016667,31,320,351
WBGene00016668,0,0,0
WBGene00016669,0,0,0
WBGene00016670,5,5,10
WBGene00016671,17,359,376
WBGene00016673,8,4,12
WBGene00016674,26,657,683
WBGene00016675,0,0,0
WBGene00016676,28,773,801
WBGene00016677,42,574,616
WBGene00016678,157,923,1080
WBGene00016679,5,89,94
WBGene00016680,0,0,0
WBGene00016681,2,8,10
WBGene00016682,27,92,119
WBGene00016683,51,108,159
WBGene00016684,47,2822,2869
WBGene00016685,2,0,2
WBGene00016686,2,0,2
WBGene00016687,2,1,3
WBGene00016689,2,0,2
WBGene00016690,1,1,2
WBGene00016691,3,0,3
WBGene00016692,1,2,3
WBGene00016693,5,4,9
WBGene00016694,0,1,1
WBGene00016695,0,4,4
WBGene00016696,7,24,31
WBGene00016697,2,18,20
WBGene00016698,2,1,3
WBGene00016699,3,6,9
WBGene00016700,12,30,42
WBGene00016701,4,79,83
WBGene00016702,73,643,716
WBGene00016703,22,624,646
WBGene00016704,70,631,701
WBGene00016705,32,101,133
WBGene00016706,81,4035,4116
WBGene00016707,2,1,3
WBGene00016708,0,2,2
WBGene00016709,1,0,1
WBGene00016710,9,574,583
WBGene00016711,1,72,73
WBGene00016712,0,1,1
WBGene00016713,0,1,1
WBGene00016714,7,40,47
WBGene00016716,1428,7911,9339
WBGene00016717,3,5,8
WBGene00016718,2,2,4
WBGene00016719,2,4,6
WBGene00016720,0,0,0
WBGene00016721,32,348,380
WBGene00016722,5386,14229,19615
WBGene00016724,9,29,38
WBGene00016725,119,283,402
WBGene00016727,16,2,18
WBGene00016728,7,77,84
WBGene00016729,0,4,4
WBGene00016730,31,122,153
WBGene00016731,1,18,19
WBGene00016732,2,31,33
WBGene00016733,64,1044,1108
WBGene00016734,65,1216,1281
WBGene00016735,87,963,1050
WBGene00016736,0,2,2
WBGene00016738,2,439,441
WBGene00016739,335,5596,5931
WBGene00016740,29,1044,1073
WBGene00016741,49,734,783
WBGene00016742,20,12,32
WBGene00016743,11,11,22
WBGene00016744,78,434,512
WBGene00016745,3,201,204
WBGene00016746,516,10325,10841
WBGene00016747,26,185,211
WBGene00016748,29,181,210
WBGene00016749,166,3965,4131
WBGene00016750,59,1136,1195
WBGene00016751,229,1152,1381
WBGene00016752,0,25,25
WBGene00016753,3,1,4
WBGene00016754,265,2720,2985
WBGene00016755,2,2,4
WBGene00016756,3,10,13
WBGene00016757,16,38,54
WBGene00016758,10,48,58
WBGene00016759,8,46,54
WBGene00016760,6,55,61
WBGene00016761,19,106,125
WBGene00016762,20,200,220
WBGene00016763,33,623,656
WBGene00016764,94,824,918
WBGene00016765,3,5,8
WBGene00016766,6,452,458
WBGene00016767,4,200,204
WBGene00016768,57,287,344
WBGene00016769,27,106,133
WBGene00016770,1,6,7
WBGene00016772,0,14,14
WBGene00016773,2,2,4
WBGene00016775,0,0,0
WBGene00016776,0,0,0
WBGene00016777,1,2,3
WBGene00016778,10,1,11
WBGene00016779,2,4,6
WBGene00016781,62,41699,41761
WBGene00016782,0,254,254
WBGene00016783,25,118,143
WBGene00016785,5,44,49
WBGene00016786,1,3,4
WBGene00016788,231,1057,1288
WBGene00016789,4,41,45
WBGene00016790,623,11133,11756
WBGene00016791,53,535,588
WBGene00016792,207,1716,1923
WBGene00016793,80,1688,1768
WBGene00016794,105,998,1103
WBGene00016795,3,22,25
WBGene00016796,71,230,301
WBGene00016797,94,65,159
WBGene00016798,0,2,2
WBGene00016799,15,115,130
WBGene00016800,8,50,58
WBGene00016801,25,980,1005
WBGene00016803,18,1569,1587
WBGene00016804,0,11,11
WBGene00016805,8,43,51
WBGene00016806,4,322,326
WBGene00016807,3,1,4
WBGene00016808,105,5170,5275
WBGene00016809,63,633,696
WBGene00016810,31,682,713
WBGene00016811,76,587,663
WBGene00016812,93,746,839
WBGene00016813,1,2,3
WBGene00016814,0,0,0
WBGene00016815,3,1,4
WBGene00016816,102,521,623
WBGene00016817,30,320,350
WBGene00016818,7,10,17
WBGene00016819,0,1,1
WBGene00016820,1,17,18
WBGene00016821,1,1,2
WBGene00016822,2,0,2
WBGene00016823,1,2,3
WBGene00016824,0,1,1
WBGene00016825,1,0,1
WBGene00016826,16,1,17
WBGene00016827,4,0,4
WBGene00016828,12,4,16
WBGene00016829,3,1,4
WBGene00016830,2,0,2
WBGene00016831,1,0,1
WBGene00016832,4,14,18
WBGene00016833,4,1,5
WBGene00016834,4,3,7
WBGene00016835,90,135,225
WBGene00016836,185,895,1080
WBGene00016837,104,2518,2622
WBGene00016838,954,2531,3485
WBGene00016839,2,9,11
WBGene00016840,88,664,752
WBGene00016841,139,1427,1566
WBGene00016842,6,160,166
WBGene00016843,1,3,4
WBGene00016844,92,2593,2685
WBGene00016845,5,192,197
WBGene00016846,199,1527,1726
WBGene00016847,5,10,15
WBGene00016848,51,296,347
WBGene00016849,17,179,196
WBGene00016850,0,101,101
WBGene00016852,0,20,20
WBGene00016853,1,4,5
WBGene00016855,0,116,116
WBGene00016856,2,6,8
WBGene00016857,2,2,4
WBGene00016858,7,19,26
WBGene00016859,1,9,10
WBGene00016860,50,363,413
WBGene00016862,91,481,572
WBGene00016863,5,15,20
WBGene00016864,1,3,4
WBGene00016865,44,40,84
WBGene00016866,71,282,353
WBGene00016867,58,1116,1174
WBGene00016868,43,1557,1600
WBGene00016869,3,102,105
WBGene00016870,1,0,1
WBGene00016871,344,1434,1778
WBGene00016872,13,111,124
WBGene00016873,88,0,88
WBGene00016874,10,26,36
WBGene00016877,35,32,67
WBGene00016879,127,931,1058
WBGene00016880,0,7,7
WBGene00016881,0,1,1
WBGene00016882,0,0,0
WBGene00016883,1,12,13
WBGene00016884,0,3,3
WBGene00016885,0,0,0
WBGene00016886,0,1,1
WBGene00016888,406,3798,4204
WBGene00016889,234,2760,2994
WBGene00016890,34,215,249
WBGene00016891,0,23,23
WBGene00016892,28,1353,1381
WBGene00016893,0,16,16
WBGene00016894,5,728,733
WBGene00016895,0,0,0
WBGene00016896,65,208,273
WBGene00016898,31,327,358
WBGene00016899,26,59,85
WBGene00016900,49,90,139
WBGene00016901,0,3,3
WBGene00016902,550,1127,1677
WBGene00016903,53,943,996
WBGene00016904,5,2,7
WBGene00016905,139,842,981
WBGene00016906,46,329,375
WBGene00016907,21,5381,5402
WBGene00016909,42,161,203
WBGene00016910,2,0,2
WBGene00016911,62,1291,1353
WBGene00016912,1,74,75
WBGene00016913,186,5980,6166
WBGene00016914,18,194,212
WBGene00016915,6,11,17
WBGene00016916,29,992,1021
WBGene00016917,9,58,67
WBGene00016918,1799,11534,13333
WBGene00016919,182,455,637
WBGene00016920,65,462,527
WBGene00016921,11,101,112
WBGene00016922,3,9,12
WBGene00016923,87,1577,1664
WBGene00016924,352,672,1024
WBGene00016925,8,24,32
WBGene00016926,1,28,29
WBGene00016927,2,22,24
WBGene00016928,6,21,27
WBGene00016929,2,18,20
WBGene00016930,35,161,196
WBGene00016931,12,14,26
WBGene00016932,51,63,114
WBGene00016933,9,69,78
WBGene00016934,68,2672,2740
WBGene00016935,64,383,447
WBGene00016937,38,840,878
WBGene00016938,28,77,105
WBGene00016939,1,18,19
WBGene00016940,5,0,5
WBGene00016941,22,11,33
WBGene00016942,7,76,83
WBGene00016943,942,11825,12767
WBGene00016944,46,894,940
WBGene00016945,28,124,152
WBGene00016946,1,6,7
WBGene00016947,19,170,189
WBGene00016948,2,5,7
WBGene00016949,8,0,8
WBGene00016950,3,1,4
WBGene00016951,21,63,84
WBGene00016953,12,22,34
WBGene00016954,1,3,4
WBGene00016955,138,686,824
WBGene00016956,11,9,20
WBGene00016957,213,405,618
WBGene00016958,90,797,887
WBGene00016959,1,1,2
WBGene00016960,43,424,467
WBGene00016961,257,6083,6340
WBGene00016962,4,286,290
WBGene00016963,4,15,19
WBGene00016964,97,851,948
WBGene00016965,58,467,525
WBGene00016966,56,741,797
WBGene00016967,10,558,568
WBGene00016968,24,250,274
WBGene00016970,143,113,256
WBGene00016971,20,702,722
WBGene00016972,3,25,28
WBGene00016973,23,141,164
WBGene00016974,11,339,350
WBGene00016975,145,802,947
WBGene00016976,88,127,215
WBGene00016977,1874,12278,14152
WBGene00016978,64,879,943
WBGene00016979,24,408,432
WBGene00016980,4,17,21
WBGene00016981,68,3403,3471
WBGene00016982,12,130,142
WBGene00016983,40,529,569
WBGene00016984,188,296,484
WBGene00016985,2,6,8
WBGene00016987,39,2815,2854
WBGene00016988,259,3167,3426
WBGene00016989,118,1482,1600
WBGene00016990,44,1804,1848
WBGene00016991,38,16,54
WBGene00016992,19,366,385
WBGene00016993,45,283,328
WBGene00016995,48,1278,1326
WBGene00016996,113,792,905
WBGene00016997,48,7202,7250
WBGene00016998,22,260,282
WBGene00016999,13,54,67
WBGene00017000,19,150,169
WBGene00017001,7,22,29
WBGene00017002,1,354,355
WBGene00017003,22,580,602
WBGene00017004,96,1824,1920
WBGene00017005,4,214,218
WBGene00017006,5,4,9
WBGene00017007,84,315,399
WBGene00017009,11,106,117
WBGene00017010,41,333,374
WBGene00017011,9,1059,1068
WBGene00017012,43,155,198
WBGene00017013,34,268,302
WBGene00017014,36,384,420
WBGene00017015,236,200,436
WBGene00017016,1409,3955,5364
WBGene00017017,111,608,719
WBGene00017018,53,924,977
WBGene00017019,2,5,7
WBGene00017020,5,12,17
WBGene00017021,0,4,4
WBGene00017022,10,129,139
WBGene00017023,11,1195,1206
WBGene00017024,2,15,17
WBGene00017025,121,1353,1474
WBGene00017026,7,1,8
WBGene00017027,7,31,38
WBGene00017028,97,403,500
WBGene00017029,0,2,2
WBGene00017030,2,1,3
WBGene00017031,75,674,749
WBGene00017032,13,232,245
WBGene00017033,9,91,100
WBGene00017034,6,16,22
WBGene00017036,52,863,915
WBGene00017037,196,1047,1243
WBGene00017038,233,267,500
WBGene00017039,88,329,417
WBGene00017040,32,36,68
WBGene00017041,63,235,298
WBGene00017042,70,685,755
WBGene00017044,100,3607,3707
WBGene00017045,209,1961,2170
WBGene00017046,67,625,692
WBGene00017048,46,132,178
WBGene00017050,37,43,80
WBGene00017051,20,113,133
WBGene00017052,1,32,33
WBGene00017053,184,1089,1273
WBGene00017054,178,2603,2781
WBGene00017055,1,0,1
WBGene00017056,0,1,1
WBGene00017057,1,0,1
WBGene00017058,0,3,3
WBGene00017059,0,0,0
WBGene00017060,245,22807,23052
WBGene00017061,17,27,44
WBGene00017062,130,1269,1399
WBGene00017063,62,234,296
WBGene00017064,64,1538,1602
WBGene00017065,837,17244,18081
WBGene00017066,441,2311,2752
WBGene00017067,144,276,420
WBGene00017068,80,1701,1781
WBGene00017069,49,316,365
WBGene00017070,72,2875,2947
WBGene00017071,29,56,85
WBGene00017072,38,111,149
WBGene00017073,19,153,172
WBGene00017074,26,580,606
WBGene00017075,237,38252,38489
WBGene00017076,187,1438,1625
WBGene00017077,64,81,145
WBGene00017078,6,48,54
WBGene00017079,30,419,449
WBGene00017080,362,543,905
WBGene00017082,83,2386,2469
WBGene00017083,28,55,83
WBGene00017084,598,1357,1955
WBGene00017085,257,3673,3930
WBGene00017087,58,441,499
WBGene00017088,302,3460,3762
WBGene00017089,4,70,74
WBGene00017090,3,2,5
WBGene00017091,7,6,13
WBGene00017092,4,6,10
WBGene00017093,1,9,10
WBGene00017094,0,3,3
WBGene00017095,4,2,6
WBGene00017096,1,11,12
WBGene00017097,27,5,32
WBGene00017098,533,7144,7677
WBGene00017099,2,0,2
WBGene00017100,0,15,15
WBGene00017101,45,238,283
WBGene00017102,10,20,30
WBGene00017103,1,13,14
WBGene00017104,34,1,35
WBGene00017105,0,0,0
WBGene00017106,0,15,15
WBGene00017107,1,56,57
WBGene00017108,16,120,136
WBGene00017109,3,0,3
WBGene00017110,3,3,6
WBGene00017111,8,2,10
WBGene00017112,1,11,12
WBGene00017113,14,32,46
WBGene00017114,1,1,2
WBGene00017115,2,3,5
WBGene00017116,1,7,8
WBGene00017119,179,8241,8420
WBGene00017120,57,264,321
WBGene00017121,2860,100216,103076
WBGene00017122,7,36,43
WBGene00017123,22,416,438
WBGene00017124,36,199,235
WBGene00017125,110,1381,1491
WBGene00017126,64,823,887
WBGene00017127,665,5572,6237
WBGene00017128,301,3786,4087
WBGene00017129,17,205,222
WBGene00017130,3,2,5
WBGene00017131,3,13,16
WBGene00017132,248,2228,2476
WBGene00017133,17,107,124
WBGene00017134,5,63,68
WBGene00017135,1,87,88
WBGene00017136,10,113,123
WBGene00017137,15,739,754
WBGene00017138,136,1950,2086
WBGene00017139,2,8,10
WBGene00017140,0,62,62
WBGene00017141,0,20,20
WBGene00017142,10,262,272
WBGene00017143,2,102,104
WBGene00017144,51,841,892
WBGene00017146,29,56,85
WBGene00017147,35,444,479
WBGene00017148,1,24,25
WBGene00017149,684,25215,25899
WBGene00017150,7,535,542
WBGene00017151,21,61,82
WBGene00017152,0,0,0
WBGene00017153,0,48,48
WBGene00017154,27,692,719
WBGene00017156,146,152,298
WBGene00017157,222,602,824
WBGene00017158,87,1336,1423
WBGene00017159,329,3147,3476
WBGene00017160,180,2172,2352
WBGene00017161,145,1370,1515
WBGene00017162,163,2446,2609
WBGene00017163,132,1968,2100
WBGene00017164,33,225,258
WBGene00017165,312,879,1191
WBGene00017166,505,14636,15141
WBGene00017168,0,17,17
WBGene00017169,14,745,759
WBGene00017170,62,124,186
WBGene00017172,0,0,0
WBGene00017173,4,3,7
WBGene00017174,1,17,18
WBGene00017175,2,0,2
WBGene00017176,9,191,200
WBGene00017177,2,1,3
WBGene00017178,35,541,576
WBGene00017179,1,4,5
WBGene00017180,125,652,777
WBGene00017181,8,0,8
WBGene00017182,1,1,2
WBGene00017183,1,0,1
WBGene00017184,124,804,928
WBGene00017185,0,0,0
WBGene00017186,0,0,0
WBGene00017188,0,0,0
WBGene00017189,8,10,18
WBGene00017190,0,92,92
WBGene00017191,0,0,0
WBGene00017192,8,0,8
WBGene00017193,166,2454,2620
WBGene00017194,34,96,130
WBGene00017195,65,783,848
WBGene00017197,20,359,379
WBGene00017198,98,96,194
WBGene00017199,0,6,6
WBGene00017200,2,24,26
WBGene00017201,155,4652,4807
WBGene00017203,0,1,1
WBGene00017204,1,3,4
WBGene00017205,1,3,4
WBGene00017207,0,1,1
WBGene00017208,0,8,8
WBGene00017209,87,0,87
WBGene00017210,398,4499,4897
WBGene00017211,8,6,14
WBGene00017212,0,8,8
WBGene00017213,4,0,4
WBGene00017214,7,2,9
WBGene00017215,7,7,14
WBGene00017216,12,103,115
WBGene00017217,159,2129,2288
WBGene00017218,6,37,43
WBGene00017219,27,412,439
WBGene00017220,141,3219,3360
WBGene00017221,9,0,9
WBGene00017222,1,1,2
WBGene00017223,1,0,1
WBGene00017224,2,0,2
WBGene00017225,0,15,15
WBGene00017226,3,9,12
WBGene00017227,1,0,1
WBGene00017228,6,24,30
WBGene00017229,4,2,6
WBGene00017230,8,1,9
WBGene00017231,8,6,14
WBGene00017233,5,18,23
WBGene00017236,14,182,196
WBGene00017237,64,662,726
WBGene00017238,111,4798,4909
WBGene00017239,138,791,929
WBGene00017240,88,1370,1458
WBGene00017241,221,1916,2137
WBGene00017243,4,10,14
WBGene00017244,235,1909,2144
WBGene00017245,255,2747,3002
WBGene00017246,29,124,153
WBGene00017247,10,58,68
WBGene00017248,0,0,0
WBGene00017249,11,2,13
WBGene00017250,27,387,414
WBGene00017251,0,2,2
WBGene00017252,0,3,3
WBGene00017253,1,3,4
WBGene00017254,0,2,2
WBGene00017255,17,74,91
WBGene00017257,5,50,55
WBGene00017258,15,118,133
WBGene00017259,1,21,22
WBGene00017260,28,190,218
WBGene00017261,72,836,908
WBGene00017262,381,3243,3624
WBGene00017263,1,5,6
WBGene00017264,3,3,6
WBGene00017265,8,130,138
WBGene00017266,185,1527,1712
WBGene00017267,0,0,0
WBGene00017268,92,1546,1638
WBGene00017269,170,502,672
WBGene00017270,0,0,0
WBGene00017271,9,15,24
WBGene00017272,50,787,837
WBGene00017273,124,776,900
WBGene00017274,453,2511,2964
WBGene00017275,195,1298,1493
WBGene00017276,0,0,0
WBGene00017277,8,6,14
WBGene00017278,8,19,27
WBGene00017279,1,7,8
WBGene00017280,529,1383,1912
WBGene00017281,12,21,33
WBGene00017282,13,490,503
WBGene00017283,156,2310,2466
WBGene00017284,201,1109,1310
WBGene00017285,27,1176,1203
WBGene00017286,378,2600,2978
WBGene00017287,0,83,83
WBGene00017288,3,177,180
WBGene00017289,7,1450,1457
WBGene00017290,4,151,155
WBGene00017291,38,674,712
WBGene00017292,83,1860,1943
WBGene00017293,11,720,731
WBGene00017294,30,171,201
WBGene00017295,71,14,85
WBGene00017296,28,61,89
WBGene00017297,98,4284,4382
WBGene00017298,274,1860,2134
WBGene00017299,200,1218,1418
WBGene00017300,481,4190,4671
WBGene00017301,155,11533,11688
WBGene00017302,74,196,270
WBGene00017303,360,4805,5165
WBGene00017304,56,2343,2399
WBGene00017305,1,54,55
WBGene00017306,47,200,247
WBGene00017307,21,275,296
WBGene00017308,11,30,41
WBGene00017309,64,255,319
WBGene00017310,89,390,479
WBGene00017311,34,3371,3405
WBGene00017312,1,24,25
WBGene00017313,176,1741,1917
WBGene00017314,123,1068,1191
WBGene00017315,1,1,2
WBGene00017316,102,464,566
WBGene00017317,1558,13686,15244
WBGene00017319,364,3639,4003
WBGene00017320,28,212,240
WBGene00017321,26,1984,2010
WBGene00017322,3,30,33
WBGene00017323,3,27,30
WBGene00017324,0,1,1
WBGene00017325,2,0,2
WBGene00017326,22,228,250
WBGene00017327,4,29,33
WBGene00017328,22,814,836
WBGene00017329,16,150,166
WBGene00017330,5,2,7
WBGene00017331,81,538,619
WBGene00017332,515,685,1200
WBGene00017333,0,3,3
WBGene00017334,5,37,42
WBGene00017335,39,310,349
WBGene00017336,81,279,360
WBGene00017338,267,659,926
WBGene00017339,86,527,613
WBGene00017340,10,104,114
WBGene00017341,5,4,9
WBGene00017342,146,958,1104
WBGene00017343,5,3,8
WBGene00017344,66,1198,1264
WBGene00017347,49,7960,8009
WBGene00017348,3,1170,1173
WBGene00017349,107,2699,2806
WBGene00017350,181,1818,1999
WBGene00017351,2,17,19
WBGene00017352,1,17,18
WBGene00017353,44,471,515
WBGene00017354,5,17,22
WBGene00017355,25,662,687
WBGene00017356,299,2324,2623
WBGene00017357,96,1319,1415
WBGene00017358,309,419,728
WBGene00017359,0,45,45
WBGene00017360,0,175,175
WBGene00017361,2,53,55
WBGene00017362,368,6488,6856
WBGene00017363,119,2638,2757
WBGene00017364,0,15,15
WBGene00017365,0,0,0
WBGene00017366,251,95,346
WBGene00017367,7,128,135
WBGene00017369,33,766,799
WBGene00017371,11,50,61
WBGene00017372,94,2148,2242
WBGene00017373,197,1677,1874
WBGene00017374,599,7724,8323
WBGene00017375,43,237,280
WBGene00017376,1136,20034,21170
WBGene00017378,2,43,45
WBGene00017379,490,8772,9262
WBGene00017380,261,1195,1456
WBGene00017381,63,686,749
WBGene00017382,0,0,0
WBGene00017383,5,0,5
WBGene00017384,4,1,5
WBGene00017385,59,1385,1444
WBGene00017386,0,147,147
WBGene00017387,0,0,0
WBGene00017388,2,2,4
WBGene00017389,408,589,997
WBGene00017390,55,264,319
WBGene00017393,2,3,5
WBGene00017394,112,665,777
WBGene00017395,1,2,3
WBGene00017396,6,9,15
WBGene00017397,81,534,615
WBGene00017398,6,21,27
WBGene00017399,15,5,20
WBGene00017400,28,298,326
WBGene00017401,0,0,0
WBGene00017402,0,0,0
WBGene00017403,5,0,5
WBGene00017405,1,3,4
WBGene00017406,0,2,2
WBGene00017407,2,1,3
WBGene00017408,0,2,2
WBGene00017410,4,9,13
WBGene00017411,19,180,199
WBGene00017412,4,3,7
WBGene00017413,1,2,3
WBGene00017414,0,0,0
WBGene00017416,1,95,96
WBGene00017417,9,101,110
WBGene00017418,118,1369,1487
WBGene00017419,171,3453,3624
WBGene00017420,29,159,188
WBGene00017421,132,372,504
WBGene00017422,114,215,329
WBGene00017423,425,7525,7950
WBGene00017424,13,34,47
WBGene00017426,33,215,248
WBGene00017427,23,64,87
WBGene00017428,409,4555,4964
WBGene00017429,103,535,638
WBGene00017430,170,1851,2021
WBGene00017431,152,796,948
WBGene00017433,37,200,237
WBGene00017434,8,134,142
WBGene00017435,148,2326,2474
WBGene00017436,3,70,73
WBGene00017437,17,159,176
WBGene00017438,4,95,99
WBGene00017439,14,171,185
WBGene00017440,1186,26106,27292
WBGene00017441,17,64,81
WBGene00017442,12,241,253
WBGene00017443,4,36,40
WBGene00017444,2,2,4
WBGene00017445,146,1387,1533
WBGene00017446,4,51,55
WBGene00017447,24,158,182
WBGene00017448,53,417,470
WBGene00017449,31,78,109
WBGene00017450,9,65,74
WBGene00017451,2,6,8
WBGene00017452,76,64,140
WBGene00017453,5,25,30
WBGene00017454,5,3,8
WBGene00017455,1,6,7
WBGene00017456,21,22,43
WBGene00017459,13,112,125
WBGene00017460,4,100,104
WBGene00017461,1,120,121
WBGene00017462,5,120,125
WBGene00017463,77,373,450
WBGene00017464,31,206,237
WBGene00017465,1,1,2
WBGene00017466,6,15,21
WBGene00017467,13,199,212
WBGene00017468,21,76,97
WBGene00017469,35,13,48
WBGene00017470,6,2,8
WBGene00017471,7,117,124
WBGene00017472,219,1942,2161
WBGene00017473,1,82,83
WBGene00017474,1,4,5
WBGene00017475,3,4,7
WBGene00017476,5,8,13
WBGene00017477,19,252,271
WBGene00017478,86,702,788
WBGene00017480,180,1490,1670
WBGene00017481,0,75,75
WBGene00017482,16,383,399
WBGene00017483,1,133,134
WBGene00017484,34,1212,1246
WBGene00017485,16,260,276
WBGene00017486,0,107,107
WBGene00017487,46,182,228
WBGene00017488,16,175,191
WBGene00017489,26,30,56
WBGene00017490,0,0,0
WBGene00017491,0,0,0
WBGene00017492,7,0,7
WBGene00017493,5,4,9
WBGene00017497,4,0,4
WBGene00017498,3,125,128
WBGene00017499,0,0,0
WBGene00017500,0,0,0
WBGene00017501,4,256,260
WBGene00017502,0,224,224
WBGene00017503,37,238,275
WBGene00017504,36,84,120
WBGene00017506,118,2894,3012
WBGene00017507,129,187,316
WBGene00017508,15,127,142
WBGene00017509,27,163,190
WBGene00017510,18,51,69
WBGene00017511,14,38,52
WBGene00017512,5,55,60
WBGene00017513,130,518,648
WBGene00017514,163,2728,2891
WBGene00017515,13,172,185
WBGene00017516,2,1,3
WBGene00017517,1,1,2
WBGene00017518,9,1,10
WBGene00017519,2,1,3
WBGene00017520,0,0,0
WBGene00017521,0,0,0
WBGene00017522,0,0,0
WBGene00017523,5,2,7
WBGene00017524,1,5,6
WBGene00017525,0,0,0
WBGene00017526,2,0,2
WBGene00017527,0,1,1
WBGene00017528,0,1,1
WBGene00017530,74,515,589
WBGene00017532,2,7,9
WBGene00017534,132,1505,1637
WBGene00017535,50,597,647
WBGene00017536,27,706,733
WBGene00017537,39,299,338
WBGene00017538,12,111,123
WBGene00017539,0,1,1
WBGene00017540,1,0,1
WBGene00017541,8,4,12
WBGene00017542,0,0,0
WBGene00017543,10,15,25
WBGene00017544,6,42,48
WBGene00017545,24,96,120
WBGene00017546,181,3107,3288
WBGene00017547,53,553,606
WBGene00017548,31,200,231
WBGene00017549,70,405,475
WBGene00017550,3,35,38
WBGene00017551,2,0,2
WBGene00017552,3,0,3
WBGene00017553,2,2,4
WBGene00017554,5,2,7
WBGene00017555,4,1,5
WBGene00017556,4,3,7
WBGene00017557,42,979,1021
WBGene00017559,2,1,3
WBGene00017560,4,26,30
WBGene00017562,3,5,8
WBGene00017563,134,1846,1980
WBGene00017564,1,7,8
WBGene00017565,2639,4144,6783
WBGene00017566,4,10,14
WBGene00017567,0,993,993
WBGene00017568,70,1001,1071
WBGene00017569,58,673,731
WBGene00017570,43,192,235
WBGene00017571,81,1663,1744
WBGene00017573,2,2,4
WBGene00017574,16,207,223
WBGene00017576,143,107,250
WBGene00017577,16,240,256
WBGene00017578,12,23,35
WBGene00017579,6,121,127
WBGene00017580,87,210,297
WBGene00017581,4,11,15
WBGene00017582,27,514,541
WBGene00017583,58,874,932
WBGene00017584,0,4,4
WBGene00017585,0,0,0
WBGene00017586,11,42,53
WBGene00017587,1,4,5
WBGene00017588,0,0,0
WBGene00017589,7,104,111
WBGene00017590,0,1,1
WBGene00017591,45,740,785
WBGene00017592,0,4,4
WBGene00017593,8,11,19
WBGene00017594,0,11,11
WBGene00017595,0,6,6
WBGene00017596,0,0,0
WBGene00017597,411,695,1106
WBGene00017598,1,0,1
WBGene00017599,0,470,470
WBGene00017600,73,938,1011
WBGene00017601,3,2,5
WBGene00017603,1,0,1
WBGene00017604,6,0,6
WBGene00017605,877,8598,9475
WBGene00017606,24,540,564
WBGene00017607,57,615,672
WBGene00017608,186,941,1127
WBGene00017609,0,2,2
WBGene00017610,3,1,4
WBGene00017611,24,15,39
WBGene00017612,0,11,11
WBGene00017613,1434,58015,59449
WBGene00017614,8,36,44
WBGene00017615,2,20,22
WBGene00017616,30,173,203
WBGene00017618,436,445,881
WBGene00017619,5,23,28
WBGene00017620,144,986,1130
WBGene00017621,154,5616,5770
WBGene00017625,23,8,31
WBGene00017627,5,3,8
WBGene00017628,127,225,352
WBGene00017629,1,0,1
WBGene00017630,0,0,0
WBGene00017631,11,10,21
WBGene00017632,43,117,160
WBGene00017633,20,35,55
WBGene00017634,9,4,13
WBGene00017635,77,67,144
WBGene00017636,3,0,3
WBGene00017637,51,571,622
WBGene00017638,0,4,4
WBGene00017639,327,1456,1783
WBGene00017640,141,1076,1217
WBGene00017641,60,424,484
WBGene00017642,204,2329,2533
WBGene00017643,93,1483,1576
WBGene00017644,452,2782,3234
WBGene00017645,13,42,55
WBGene00017646,109,515,624
WBGene00017647,51,100,151
WBGene00017648,5,60,65
WBGene00017650,6,69,75
WBGene00017651,36,116,152
WBGene00017652,1,1,2
WBGene00017653,402,2631,3033
WBGene00017654,4,27,31
WBGene00017655,0,2,2
WBGene00017656,2,59,61
WBGene00017657,625,7448,8073
WBGene00017658,18,250,268
WBGene00017659,46,2118,2164
WBGene00017660,18,85,103
WBGene00017661,9,214,223
WBGene00017662,1,8,9
WBGene00017663,136,3047,3183
WBGene00017664,25,30,55
WBGene00017666,10,70,80
WBGene00017667,3,45,48
WBGene00017668,0,1,1
WBGene00017670,2,0,2
WBGene00017671,417,17375,17792
WBGene00017672,1,1,2
WBGene00017673,3,62,65
WBGene00017674,7,82,89
WBGene00017675,218,5062,5280
WBGene00017676,132,1433,1565
WBGene00017678,4,63,67
WBGene00017679,0,4,4
WBGene00017681,10,90,100
WBGene00017683,53,923,976
WBGene00017684,0,0,0
WBGene00017685,1,1,2
WBGene00017686,161,1670,1831
WBGene00017687,12,225,237
WBGene00017688,68,1347,1415
WBGene00017690,69,110,179
WBGene00017691,174,2550,2724
WBGene00017692,47,161,208
WBGene00017693,1,1,2
WBGene00017694,1,1,2
WBGene00017695,3,2,5
WBGene00017696,17,641,658
WBGene00017698,113,1165,1278
WBGene00017699,1283,3586,4869
WBGene00017700,59,77,136
WBGene00017701,55,119,174
WBGene00017702,87,767,854
WBGene00017703,24,24,48
WBGene00017704,3,0,3
WBGene00017705,3,9,12
WBGene00017706,2,28,30
WBGene00017707,4,0,4
WBGene00017708,23,213,236
WBGene00017709,84,5,89
WBGene00017710,2,3,5
WBGene00017711,16,254,270
WBGene00017712,1,17,18
WBGene00017713,0,4,4
WBGene00017714,3,86,89
WBGene00017715,17,366,383
WBGene00017716,23,146,169
WBGene00017717,7,312,319
WBGene00017718,1,12,13
WBGene00017719,327,2954,3281
WBGene00017720,74,113,187
WBGene00017721,12,46,58
WBGene00017722,1,4,5
WBGene00017723,25,14,39
WBGene00017724,254,1233,1487
WBGene00017725,1,3,4
WBGene00017726,58,660,718
WBGene00017727,0,3596,3596
WBGene00017730,3,139,142
WBGene00017732,87,643,730
WBGene00017733,149,1163,1312
WBGene00017734,94,14081,14175
WBGene00017735,270,5179,5449
WBGene00017736,7,36,43
WBGene00017737,4,11,15
WBGene00017738,89,780,869
WBGene00017741,172,853,1025
WBGene00017742,147,1013,1160
WBGene00017743,1,7,8
WBGene00017744,79,687,766
WBGene00017745,157,1668,1825
WBGene00017746,285,991,1276
WBGene00017747,20,247,267
WBGene00017748,169,2366,2535
WBGene00017749,94,1412,1506
WBGene00017750,49,300,349
WBGene00017751,184,32,216
WBGene00017752,1,4,5
WBGene00017754,11,44,55
WBGene00017755,2223,3256,5479
WBGene00017756,134,1956,2090
WBGene00017757,43,2199,2242
WBGene00017758,104,515,619
WBGene00017759,5,2454,2459
WBGene00017760,100,1791,1891
WBGene00017761,263,174,437
WBGene00017762,364,439,803
WBGene00017763,204,1546,1750
WBGene00017764,1,4,5
WBGene00017765,94,2673,2767
WBGene00017766,36,833,869
WBGene00017767,60,652,712
WBGene00017768,127,1461,1588
WBGene00017769,74,1511,1585
WBGene00017770,116,1443,1559
WBGene00017771,43,321,364
WBGene00017772,520,8390,8910
WBGene00017773,156,2283,2439
WBGene00017774,38,569,607
WBGene00017775,169,3049,3218
WBGene00017776,59,1076,1135
WBGene00017777,25,2507,2532
WBGene00017778,363,2741,3104
WBGene00017779,71,326,397
WBGene00017780,54,201,255
WBGene00017781,301,1385,1686
WBGene00017782,37,573,610
WBGene00017783,5,133,138
WBGene00017784,0,7,7
WBGene00017785,1,66,67
WBGene00017786,8,149,157
WBGene00017787,11,108,119
WBGene00017788,0,27,27
WBGene00017789,0,2005,2005
WBGene00017790,3,47,50
WBGene00017791,0,0,0
WBGene00017792,23,273,296
WBGene00017794,50,308,358
WBGene00017795,210,771,981
WBGene00017796,0,131,131
WBGene00017797,371,2055,2426
WBGene00017798,17,94,111
WBGene00017799,23,1692,1715
WBGene00017800,53,954,1007
WBGene00017801,122,970,1092
WBGene00017802,1,20,21
WBGene00017803,5,38,43
WBGene00017804,6,88,94
WBGene00017805,8,8,16
WBGene00017806,12,272,284
WBGene00017807,12,21,33
WBGene00017808,0,17,17
WBGene00017809,4,1,5
WBGene00017810,2,4,6
WBGene00017811,45,693,738
WBGene00017812,96,658,754
WBGene00017813,0,774,774
WBGene00017814,46,388,434
WBGene00017815,623,537,1160
WBGene00017816,51,2200,2251
WBGene00017817,0,1,1
WBGene00017818,437,1612,2049
WBGene00017819,4,4,8
WBGene00017821,18,20,38
WBGene00017822,3,14,17
WBGene00017823,15,231,246
WBGene00017824,4,5,9
WBGene00017825,50,1041,1091
WBGene00017826,102,948,1050
WBGene00017827,44,353,397
WBGene00017828,23,815,838
WBGene00017829,234,1075,1309
WBGene00017830,30,4485,4515
WBGene00017831,101,593,694
WBGene00017832,29,715,744
WBGene00017833,53,193,246
WBGene00017834,480,5876,6356
WBGene00017835,0,118,118
WBGene00017836,24,300,324
WBGene00017837,54,684,738
WBGene00017838,191,1384,1575
WBGene00017839,0,1,1
WBGene00017840,50,207,257
WBGene00017841,6,282,288
WBGene00017842,43,333,376
WBGene00017843,2,5,7
WBGene00017845,3,6,9
WBGene00017848,0,26,26
WBGene00017850,179,1532,1711
WBGene00017851,0,2,2
WBGene00017852,108,4536,4644
WBGene00017853,1,1,2
WBGene00017854,0,195,195
WBGene00017855,449,3186,3635
WBGene00017858,55,143,198
WBGene00017860,23,12,35
WBGene00017861,22,175,197
WBGene00017862,0,2,2
WBGene00017863,11,0,11
WBGene00017864,963,15420,16383
WBGene00017865,0,8,8
WBGene00017866,0,1719,1719
WBGene00017867,4,13,17
WBGene00017868,12,47,59
WBGene00017869,1,0,1
WBGene00017871,1,3,4
WBGene00017872,2,1,3
WBGene00017873,0,21,21
WBGene00017874,393,6655,7048
WBGene00017875,1,20,21
WBGene00017876,0,0,0
WBGene00017879,11,49,60
WBGene00017880,9,176,185
WBGene00017881,12,69,81
WBGene00017885,555,2452,3007
WBGene00017886,36,296,332
WBGene00017887,38,1771,1809
WBGene00017888,68,599,667
WBGene00017889,87,2215,2302
WBGene00017890,3,33,36
WBGene00017891,208,708,916
WBGene00017892,79,679,758
WBGene00017893,15,61,76
WBGene00017894,13,1147,1160
WBGene00017895,39,1232,1271
WBGene00017896,0,3,3
WBGene00017898,115,407,522
WBGene00017899,4,7,11
WBGene00017900,424,2800,3224
WBGene00017901,69,412,481
WBGene00017902,0,6,6
WBGene00017904,359,1022,1381
WBGene00017905,9,394,403
WBGene00017906,73,214,287
WBGene00017907,200,845,1045
WBGene00017908,0,194,194
WBGene00017909,48,1041,1089
WBGene00017910,14,9,23
WBGene00017911,0,3,3
WBGene00017912,7,0,7
WBGene00017913,1,9,10
WBGene00017914,61,788,849
WBGene00017915,1,0,1
WBGene00017916,185,1153,1338
WBGene00017918,0,2,2
WBGene00017919,39,496,535
WBGene00017920,230,3632,3862
WBGene00017921,81,1770,1851
WBGene00017922,4,9,13
WBGene00017923,40,2262,2302
WBGene00017924,81,1421,1502
WBGene00017925,2212,33281,35493
WBGene00017926,1482,44111,45593
WBGene00017927,4,3,7
WBGene00017928,71,1093,1164
WBGene00017929,1239,1476,2715
WBGene00017930,0,68,68
WBGene00017931,135,640,775
WBGene00017933,8,16,24
WBGene00017934,82,676,758
WBGene00017935,0,0,0
WBGene00017936,22,387,409
WBGene00017937,5,218,223
WBGene00017938,7,383,390
WBGene00017939,39,229,268
WBGene00017942,0,1,1
WBGene00017944,7,7,14
WBGene00017945,27,319,346
WBGene00017947,19,29,48
WBGene00017948,18,70,88
WBGene00017949,8,54,62
WBGene00017950,36,244,280
WBGene00017951,58,719,777
WBGene00017952,324,1150,1474
WBGene00017953,16,8,24
WBGene00017954,23,773,796
WBGene00017955,2,19,21
WBGene00017957,2,10,12
WBGene00017959,7,64,71
WBGene00017960,14,118,132
WBGene00017961,11,122,133
WBGene00017962,11,83,94
WBGene00017963,10,6,16
WBGene00017964,0,551,551
WBGene00017965,7,55,62
WBGene00017966,65,1,66
WBGene00017967,125,1978,2103
WBGene00017968,85,829,914
WBGene00017969,8,282,290
WBGene00017970,65,3152,3217
WBGene00017971,62,417,479
WBGene00017973,268,860,1128
WBGene00017974,21,290,311
WBGene00017975,2,11,13
WBGene00017976,80,478,558
WBGene00017977,2,169,171
WBGene00017978,0,66,66
WBGene00017979,167,4878,5045
WBGene00017980,296,2643,2939
WBGene00017981,50,776,826
WBGene00017982,1621,13607,15228
WBGene00017983,302,425,727
WBGene00017984,57,21759,21816
WBGene00017985,23,886,909
WBGene00017986,7,122,129
WBGene00017987,3,10,13
WBGene00017988,20,2716,2736
WBGene00017989,66,1562,1628
WBGene00017990,75,1716,1791
WBGene00017991,60,579,639
WBGene00017992,46,417,463
WBGene00017993,225,9646,9871
WBGene00017995,911,6061,6972
WBGene00017996,86,1280,1366
WBGene00017997,328,3099,3427
WBGene00017998,17,336,353
WBGene00017999,149,4406,4555
WBGene00018000,1,2,3
WBGene00018001,2,2,4
WBGene00018002,96,332,428
WBGene00018003,0,3,3
WBGene00018004,4,1,5
WBGene00018005,58,505,563
WBGene00018006,48,651,699
WBGene00018007,28,1580,1608
WBGene00018008,88,3441,3529
WBGene00018009,72,927,999
WBGene00018010,21,90,111
WBGene00018011,40,461,501
WBGene00018013,163,781,944
WBGene00018014,72,337,409
WBGene00018015,33,432,465
WBGene00018016,28,242,270
WBGene00018017,51,2083,2134
WBGene00018018,85,2326,2411
WBGene00018019,0,0,0
WBGene00018020,0,0,0
WBGene00018021,0,15,15
WBGene00018022,16,34,50
WBGene00018023,38,120,158
WBGene00018024,260,8397,8657
WBGene00018025,42,1161,1203
WBGene00018026,20,19,39
WBGene00018027,5,38,43
WBGene00018028,11,4,15
WBGene00018030,1,0,1
WBGene00018031,1,167,168
WBGene00018033,1085,3410,4495
WBGene00018034,5,1,6
WBGene00018035,4,14,18
WBGene00018036,6,54,60
WBGene00018037,43,139,182
WBGene00018038,10,0,10
WBGene00018039,6,6,12
WBGene00018040,0,24,24
WBGene00018041,12,159,171
WBGene00018042,26,229,255
WBGene00018043,14,152,166
WBGene00018044,17,239,256
WBGene00018045,2,1391,1393
WBGene00018046,139,4529,4668
WBGene00018047,4,8,12
WBGene00018048,3,19,22
WBGene00018049,1,2,3
WBGene00018050,28,164,192
WBGene00018051,154,1187,1341
WBGene00018052,33,282,315
WBGene00018053,2,6,8
WBGene00018054,3,1,4
WBGene00018055,1,10,11
WBGene00018056,5,18,23
WBGene00018057,6,11,17
WBGene00018058,4,5,9
WBGene00018060,75,954,1029
WBGene00018061,77,592,669
WBGene00018062,1,0,1
WBGene00018063,1,2,3
WBGene00018064,236,1957,2193
WBGene00018065,5,25,30
WBGene00018066,17,28,45
WBGene00018067,18,395,413
WBGene00018068,4,1236,1240
WBGene00018069,83,679,762
WBGene00018070,14,210,224
WBGene00018071,14,605,619
WBGene00018072,77,510,587
WBGene00018073,59,1472,1531
WBGene00018074,108,648,756
WBGene00018075,318,1421,1739
WBGene00018076,58,406,464
WBGene00018077,5,217,222
WBGene00018078,202,812,1014
WBGene00018080,0,2,2
WBGene00018081,0,3,3
WBGene00018082,4,1,5
WBGene00018083,4,10,14
WBGene00018084,22,16,38
WBGene00018085,3,167,170
WBGene00018086,0,0,0
WBGene00018087,15,71,86
WBGene00018088,113,645,758
WBGene00018089,59,332,391
WBGene00018090,169,2086,2255
WBGene00018091,1,9,10
WBGene00018092,4,15,19
WBGene00018093,3,4,7
WBGene00018094,9,3,12
WBGene00018096,1,1,2
WBGene00018097,0,0,0
WBGene00018098,0,3,3
WBGene00018099,15,112,127
WBGene00018100,0,6,6
WBGene00018101,3,2,5
WBGene00018102,2,0,2
WBGene00018103,0,2,2
WBGene00018104,1,17,18
WBGene00018105,1,1,2
WBGene00018106,0,3,3
WBGene00018107,0,2,2
WBGene00018108,0,16,16
WBGene00018110,6,0,6
WBGene00018111,6,6,12
WBGene00018112,44,403,447
WBGene00018113,13,112,125
WBGene00018114,12,12,24
WBGene00018115,27,337,364
WBGene00018117,51,2115,2166
WBGene00018118,2,63,65
WBGene00018119,5,11,16
WBGene00018120,0,0,0
WBGene00018121,3,34,37
WBGene00018122,0,0,0
WBGene00018123,0,0,0
WBGene00018124,1,0,1
WBGene00018130,14,7,21
WBGene00018131,143,1404,1547
WBGene00018132,124,2366,2490
WBGene00018133,27,375,402
WBGene00018134,4,14,18
WBGene00018135,0,6,6
WBGene00018136,9,238,247
WBGene00018137,13,314,327
WBGene00018138,36,486,522
WBGene00018139,1,0,1
WBGene00018140,38,409,447
WBGene00018141,4,2,6
WBGene00018142,7,23,30
WBGene00018143,2,7,9
WBGene00018144,131,895,1026
WBGene00018145,522,5314,5836
WBGene00018146,9,50,59
WBGene00018148,14,3,17
WBGene00018149,211,1278,1489
WBGene00018150,53,628,681
WBGene00018151,758,6187,6945
WBGene00018152,48,3070,3118
WBGene00018153,4,32,36
WBGene00018154,2140,1324,3464
WBGene00018155,4,35,39
WBGene00018156,196,2656,2852
WBGene00018157,12,46,58
WBGene00018158,2,27,29
WBGene00018159,614,3884,4498
WBGene00018160,37,1165,1202
WBGene00018161,77,2193,2270
WBGene00018162,0,0,0
WBGene00018163,1,1,2
WBGene00018164,0,2619,2619
WBGene00018165,2,6,8
WBGene00018166,22,128,150
WBGene00018167,2,37,39
WBGene00018168,5,3,8
WBGene00018169,0,1,1
WBGene00018170,10,191,201
WBGene00018172,13,18,31
WBGene00018173,35,174,209
WBGene00018174,7,35,42
WBGene00018175,193,682,875
WBGene00018176,6,10,16
WBGene00018178,2,0,2
WBGene00018179,4,9,13
WBGene00018180,51,29,80
WBGene00018181,39,1745,1784
WBGene00018182,0,1,1
WBGene00018183,5,3,8
WBGene00018184,4,161,165
WBGene00018186,0,12,12
WBGene00018187,2522,6301,8823
WBGene00018188,115,1195,1310
WBGene00018189,13,15,28
WBGene00018190,1,4,5
WBGene00018191,37,226,263
WBGene00018192,0,105,105
WBGene00018193,129,2985,3114
WBGene00018195,1,13,14
WBGene00018196,9,4,13
WBGene00018198,16,39,55
WBGene00018200,2,19,21
WBGene00018201,2,245,247
WBGene00018202,0,1,1
WBGene00018203,1,23,24
WBGene00018204,116,401,517
WBGene00018205,0,0,0
WBGene00018206,27,461,488
WBGene00018207,12,49,61
WBGene00018208,26,1512,1538
WBGene00018209,10,2,12
WBGene00018210,4,86,90
WBGene00018211,17,12,29
WBGene00018212,49,436,485
WBGene00018213,15,106,121
WBGene00018214,266,4249,4515
WBGene00018215,53,399,452
WBGene00018216,227,571,798
WBGene00018217,1147,2793,3940
WBGene00018218,38,4860,4898
WBGene00018219,45,506,551
WBGene00018221,941,10902,11843
WBGene00018222,30,230,260
WBGene00018223,30,45,75
WBGene00018226,42,449,491
WBGene00018227,3,14,17
WBGene00018228,0,4,4
WBGene00018229,0,0,0
WBGene00018230,15,1297,1312
WBGene00018231,0,2,2
WBGene00018232,201,84,285
WBGene00018233,0,15,15
WBGene00018234,2,11,13
WBGene00018235,2,2,4
WBGene00018236,0,75,75
WBGene00018237,95,826,921
WBGene00018238,55,1956,2011
WBGene00018239,36,608,644
WBGene00018240,174,1405,1579
WBGene00018241,11,36,47
WBGene00018242,2,5,7
WBGene00018243,0,0,0
WBGene00018244,0,0,0
WBGene00018245,0,0,0
WBGene00018246,0,0,0
WBGene00018247,2,0,2
WBGene00018248,6,6,12
WBGene00018249,201,2815,3016
WBGene00018250,71,979,1050
WBGene00018251,44,242,286
WBGene00018252,7,158,165
WBGene00018253,9,29,38
WBGene00018254,4,7,11
WBGene00018255,24,26,50
WBGene00018256,13,89,102
WBGene00018257,148,3845,3993
WBGene00018258,127,966,1093
WBGene00018259,194,1657,1851
WBGene00018260,16,148,164
WBGene00018261,23,115,138
WBGene00018262,12,70,82
WBGene00018264,0,14,14
WBGene00018265,98,552,650
WBGene00018266,27,550,577
WBGene00018267,1,1,2
WBGene00018268,7,323,330
WBGene00018269,97,685,782
WBGene00018270,42,1661,1703
WBGene00018271,416,130657,131073
WBGene00018272,53,433,486
WBGene00018273,81,76,157
WBGene00018274,83,412,495
WBGene00018275,97,455,552
WBGene00018276,2,1,3
WBGene00018277,0,0,0
WBGene00018278,1,2,3
WBGene00018279,0,12,12
WBGene00018280,4,11,15
WBGene00018281,66,603,669
WBGene00018282,42,782,824
WBGene00018283,13,42,55
WBGene00018284,5,0,5
WBGene00018285,878,6642,7520
WBGene00018286,25,158,183
WBGene00018288,8,193,201
WBGene00018289,28,5,33
WBGene00018290,165,6059,6224
WBGene00018291,4,19,23
WBGene00018292,6,660,666
WBGene00018293,84,601,685
WBGene00018294,51,2576,2627
WBGene00018295,12,38,50
WBGene00018296,0,1,1
WBGene00018297,0,8137,8137
WBGene00018298,329,7549,7878
WBGene00018299,5,6,11
WBGene00018300,5,17,22
WBGene00018301,6,10,16
WBGene00018302,19,358,377
WBGene00018303,619,9220,9839
WBGene00018304,152,688,840
WBGene00018305,232,2229,2461
WBGene00018307,36,192,228
WBGene00018308,0,34,34
WBGene00018309,6,17,23
WBGene00018310,104,210,314
WBGene00018311,56,1105,1161
WBGene00018312,6,4,10
WBGene00018313,8,30,38
WBGene00018314,1,24,25
WBGene00018315,8,15,23
WBGene00018316,49,1203,1252
WBGene00018317,84,1749,1833
WBGene00018318,4,258,262
WBGene00018319,338,1456,1794
WBGene00018321,3,365,368
WBGene00018322,0,2,2
WBGene00018323,14,1,15
WBGene00018324,0,1,1
WBGene00018327,1,3,4
WBGene00018328,175,639,814
WBGene00018330,69,867,936
WBGene00018332,2,7,9
WBGene00018333,2,26,28
WBGene00018334,29,185,214
WBGene00018335,167,1184,1351
WBGene00018336,0,0,0
WBGene00018337,66,559,625
WBGene00018338,3,187,190
WBGene00018339,87,4586,4673
WBGene00018340,62,2629,2691
WBGene00018341,90,5746,5836
WBGene00018342,31,313,344
WBGene00018343,1,128,129
WBGene00018344,70,363,433
WBGene00018345,26,32,58
WBGene00018346,40,256,296
WBGene00018347,5,29,34
WBGene00018348,38,170,208
WBGene00018349,131,4942,5073
WBGene00018350,21,169,190
WBGene00018351,10,12,22
WBGene00018352,5,35,40
WBGene00018353,6,12,18
WBGene00018354,0,1,1
WBGene00018355,12,71,83
WBGene00018356,153,2063,2216
WBGene00018357,50,1008,1058
WBGene00018358,23,9,32
WBGene00018359,7,2,9
WBGene00018360,6,3,9
WBGene00018361,1724,14819,16543
WBGene00018362,23,6524,6547
WBGene00018363,45,652,697
WBGene00018364,122,262,384
WBGene00018365,8,38,46
WBGene00018366,60,738,798
WBGene00018367,201,1861,2062
WBGene00018369,121,999,1120
WBGene00018370,141,1449,1590
WBGene00018371,27,623,650
WBGene00018373,309,1901,2210
WBGene00018374,36,103,139
WBGene00018375,12,26,38
WBGene00018376,300,5903,6203
WBGene00018377,10,6,16
WBGene00018378,3,2,5
WBGene00018379,0,1,1
WBGene00018380,2,61,63
WBGene00018381,16,2,18
WBGene00018383,1,152,153
WBGene00018384,4,4,8
WBGene00018385,2,3,5
WBGene00018386,14,345,359
WBGene00018387,9,3,12
WBGene00018388,563,0,563
WBGene00018389,3,2,5
WBGene00018390,23,460,483
WBGene00018391,51,3187,3238
WBGene00018392,163,1036,1199
WBGene00018393,10,3073,3083
WBGene00018394,13,71,84
WBGene00018395,140,13296,13436
WBGene00018397,20,4,24
WBGene00018398,46,251,297
WBGene00018399,26,388,414
WBGene00018400,106,1144,1250
WBGene00018402,21,250,271
WBGene00018403,40,231,271
WBGene00018404,2,11,13
WBGene00018405,405,2077,2482
WBGene00018406,2,9,11
WBGene00018407,845,5945,6790
WBGene00018408,206,920,1126
WBGene00018409,34,1504,1538
WBGene00018410,4,20,24
WBGene00018411,31,103,134
WBGene00018412,10,20,30
WBGene00018413,16,176,192
WBGene00018414,3,17,20
WBGene00018415,5,244,249
WBGene00018417,260,1781,2041
WBGene00018418,15,1286,1301
WBGene00018419,128,1022,1150
WBGene00018420,168,1713,1881
WBGene00018421,17,1316,1333
WBGene00018422,33,2499,2532
WBGene00018423,68,353,421
WBGene00018424,16,1068,1084
WBGene00018425,4,19,23
WBGene00018426,83,4299,4382
WBGene00018427,14,1232,1246
WBGene00018428,2,5,7
WBGene00018429,8,34,42
WBGene00018430,42,166,208
WBGene00018431,23,2275,2298
WBGene00018432,2,9,11
WBGene00018433,0,4,4
WBGene00018434,1,1,2
WBGene00018435,2,11,13
WBGene00018436,0,0,0
WBGene00018437,1,1,2
WBGene00018438,0,2,2
WBGene00018439,0,2,2
WBGene00018440,3,3,6
WBGene00018441,0,0,0
WBGene00018442,12,3,15
WBGene00018443,0,1,1
WBGene00018444,2,4,6
WBGene00018445,0,9,9
WBGene00018446,11,22,33
WBGene00018447,3,5,8
WBGene00018452,0,0,0
WBGene00018455,1,10,11
WBGene00018456,6,13,19
WBGene00018457,0,0,0
WBGene00018458,0,0,0
WBGene00018459,0,5,5
WBGene00018460,0,0,0
WBGene00018461,0,0,0
WBGene00018462,30,875,905
WBGene00018463,0,5,5
WBGene00018465,20,218,238
WBGene00018466,20,223,243
WBGene00018467,140,657,797
WBGene00018468,590,6711,7301
WBGene00018470,158,549,707
WBGene00018471,11,52,63
WBGene00018472,68,171,239
WBGene00018473,29,228,257
WBGene00018474,51,747,798
WBGene00018475,389,8686,9075
WBGene00018476,32,375,407
WBGene00018477,1,11,12
WBGene00018478,10,88,98
WBGene00018479,1,8,9
WBGene00018480,2,95,97
WBGene00018481,139,1463,1602
WBGene00018482,347,2928,3275
WBGene00018483,20,288,308
WBGene00018484,17,41,58
WBGene00018485,916,2535,3451
WBGene00018486,13,158,171
WBGene00018487,22,235,257
WBGene00018488,93,900,993
WBGene00018489,0,3,3
WBGene00018490,0,6,6
WBGene00018491,39,31720,31759
WBGene00018492,73,619,692
WBGene00018493,0,0,0
WBGene00018496,3,0,3
WBGene00018497,0,1,1
WBGene00018498,1,1,2
WBGene00018499,0,19,19
WBGene00018500,0,1,1
WBGene00018501,1,0,1
WBGene00018502,3,0,3
WBGene00018504,1,0,1
WBGene00018505,3,2,5
WBGene00018506,2,1,3
WBGene00018507,0,4,4
WBGene00018508,592,3536,4128
WBGene00018509,128,1791,1919
WBGene00018510,31,153,184
WBGene00018511,64,417,481
WBGene00018512,150,1281,1431
WBGene00018513,5,247,252
WBGene00018514,29,314,343
WBGene00018515,12,82,94
WBGene00018516,25,801,826
WBGene00018517,337,2273,2610
WBGene00018518,23,1110,1133
WBGene00018519,4447,174768,179215
WBGene00018520,177,1436,1613
WBGene00018521,6,165,171
WBGene00018522,224,2965,3189
WBGene00018523,79,311,390
WBGene00018525,0,0,0
WBGene00018526,0,0,0
WBGene00018527,0,1,1
WBGene00018528,0,5,5
WBGene00018529,1,2,3
WBGene00018530,0,0,0
WBGene00018531,5,3,8
WBGene00018532,1895,29939,31834
WBGene00018533,646,1427,2073
WBGene00018534,4,5,9
WBGene00018535,3,5,8
WBGene00018536,0,1,1
WBGene00018537,0,2,2
WBGene00018538,121,610,731
WBGene00018539,23,14,37
WBGene00018541,3,67,70
WBGene00018542,5,84,89
WBGene00018543,9,44,53
WBGene00018544,4,31,35
WBGene00018545,4,10,14
WBGene00018547,86,54,140
WBGene00018548,0,16,16
WBGene00018549,0,0,0
WBGene00018550,5,18,23
WBGene00018551,6,13,19
WBGene00018552,1,30,31
WBGene00018554,2,0,2
WBGene00018555,8,0,8
WBGene00018556,5,0,5
WBGene00018557,2,4,6
WBGene00018558,14,23,37
WBGene00018559,0,0,0
WBGene00018560,89,1029,1118
WBGene00018561,20,105,125
WBGene00018562,122,996,1118
WBGene00018563,5,16,21
WBGene00018564,523,2294,2817
WBGene00018565,54,414,468
WBGene00018566,19,101,120
WBGene00018567,134,134,268
WBGene00018568,3,52,55
WBGene00018569,136,471,607
WBGene00018570,21,1,22
WBGene00018571,15,11,26
WBGene00018572,826,2823,3649
WBGene00018573,6,6,12
WBGene00018575,2,4,6
WBGene00018576,27,277,304
WBGene00018578,12,238,250
WBGene00018579,468,2796,3264
WBGene00018580,18,4,22
WBGene00018581,117,621,738
WBGene00018582,36,48,84
WBGene00018585,55,402,457
WBGene00018586,88,1054,1142
WBGene00018587,40,96,136
WBGene00018589,351,40,391
WBGene00018590,14,3550,3564
WBGene00018591,3,17,20
WBGene00018593,27,833,860
WBGene00018594,64,400,464
WBGene00018595,6,129,135
WBGene00018596,9,44,53
WBGene00018598,13,152,165
WBGene00018599,54,2049,2103
WBGene00018600,16,12,28
WBGene00018601,2,0,2
WBGene00018602,43,1752,1795
WBGene00018603,20,82,102
WBGene00018604,121,3069,3190
WBGene00018605,9,10,19
WBGene00018606,2,92,94
WBGene00018607,303,1160,1463
WBGene00018608,259,591,850
WBGene00018609,162,1840,2002
WBGene00018610,25,1095,1120
WBGene00018611,138,609,747
WBGene00018612,37,962,999
WBGene00018613,8,384,392
WBGene00018614,2,60,62
WBGene00018615,26,246,272
WBGene00018616,0,6,6
WBGene00018617,6,0,6
WBGene00018618,0,1,1
WBGene00018619,0,12,12
WBGene00018620,5,11,16
WBGene00018621,0,126,126
WBGene00018622,34,271,305
WBGene00018623,9,11,20
WBGene00018624,0,2,2
WBGene00018625,37,1606,1643
WBGene00018626,2,40,42
WBGene00018627,1,8,9
WBGene00018628,202,0,202
WBGene00018630,11,24,35
WBGene00018631,0,0,0
WBGene00018632,25,574,599
WBGene00018634,182,1141,1323
WBGene00018635,38,590,628
WBGene00018636,83,550,633
WBGene00018637,19,602,621
WBGene00018638,15,922,937
WBGene00018639,127,511,638
WBGene00018640,12,122,134
WBGene00018641,11,192,203
WBGene00018643,1,0,1
WBGene00018645,3,22,25
WBGene00018646,2,23,25
WBGene00018647,3,6,9
WBGene00018648,11,25,36
WBGene00018649,0,1,1
WBGene00018650,1,7,8
WBGene00018651,0,0,0
WBGene00018652,1,0,1
WBGene00018653,3,32,35
WBGene00018654,51,650,701
WBGene00018655,53,693,746
WBGene00018656,307,4425,4732
WBGene00018657,207,1690,1897
WBGene00018659,3,158,161
WBGene00018660,0,30,30
WBGene00018661,1,19,20
WBGene00018663,0,282,282
WBGene00018665,3,78,81
WBGene00018667,7,146,153
WBGene00018668,11,121,132
WBGene00018669,6,78,84
WBGene00018670,1,1,2
WBGene00018671,3,4,7
WBGene00018672,155,664,819
WBGene00018674,232,1722,1954
WBGene00018675,50,151,201
WBGene00018678,59,538,597
WBGene00018679,302,1550,1852
WBGene00018680,63,145,208
WBGene00018681,425,1234,1659
WBGene00018682,53,1068,1121
WBGene00018683,73,64,137
WBGene00018684,0,6,6
WBGene00018687,2,58,60
WBGene00018688,0,19,19
WBGene00018689,14,131,145
WBGene00018690,2,20,22
WBGene00018691,6,5,11
WBGene00018692,99,4841,4940
WBGene00018693,17,3,20
WBGene00018694,25,22,47
WBGene00018696,73,475,548
WBGene00018697,41,523,564
WBGene00018698,12,115,127
WBGene00018700,1002,3739,4741
WBGene00018701,261,23113,23374
WBGene00018702,3,1184,1187
WBGene00018703,35,641,676
WBGene00018704,18,575,593
WBGene00018706,6,86,92
WBGene00018707,8,25,33
WBGene00018708,7,15,22
WBGene00018709,2,13,15
WBGene00018710,667,5780,6447
WBGene00018711,98,94,192
WBGene00018712,56,98,154
WBGene00018713,13,38,51
WBGene00018714,65,824,889
WBGene00018715,28,213,241
WBGene00018716,146,328,474
WBGene00018717,25,401,426
WBGene00018718,30,162,192
WBGene00018719,117,954,1071
WBGene00018720,332,2495,2827
WBGene00018721,70,370,440
WBGene00018723,81,412,493
WBGene00018724,0,405,405
WBGene00018725,0,329,329
WBGene00018726,7,38,45
WBGene00018727,127,570,697
WBGene00018728,56,159,215
WBGene00018729,53,764,817
WBGene00018730,0,1771,1771
WBGene00018731,0,1199,1199
WBGene00018732,0,780,780
WBGene00018734,1023,1960,2983
WBGene00018735,21,276,297
WBGene00018736,10,167,177
WBGene00018737,7,274,281
WBGene00018738,40,193,233
WBGene00018739,159,1003,1162
WBGene00018740,165,938,1103
WBGene00018741,42,65,107
WBGene00018742,9,69,78
WBGene00018743,128,1447,1575
WBGene00018744,8,1749,1757
WBGene00018745,7,15,22
WBGene00018746,7,41,48
WBGene00018747,52,416,468
WBGene00018748,897,630,1527
WBGene00018749,33,259,292
WBGene00018750,271,740,1011
WBGene00018751,1,5,6
WBGene00018752,20,49,69
WBGene00018754,4,42,46
WBGene00018755,28,167,195
WBGene00018756,636,3022,3658
WBGene00018757,120,1270,1390
WBGene00018758,79,1046,1125
WBGene00018760,22,71,93
WBGene00018761,431,53,484
WBGene00018762,189,3149,3338
WBGene00018763,68,2757,2825
WBGene00018764,53,6777,6830
WBGene00018765,1139,5409,6548
WBGene00018766,65,168,233
WBGene00018767,9,6,15
WBGene00018768,6,1,7
WBGene00018769,332,3509,3841
WBGene00018770,0,0,0
WBGene00018771,8,42,50
WBGene00018772,92,218,310
WBGene00018773,7,26,33
WBGene00018774,27,97,124
WBGene00018776,547,4281,4828
WBGene00018777,156,537,693
WBGene00018778,618,5297,5915
WBGene00018779,9,75,84
WBGene00018781,167,690,857
WBGene00018782,640,6953,7593
WBGene00018783,10,95,105
WBGene00018784,257,6579,6836
WBGene00018785,204,852,1056
WBGene00018786,14,312,326
WBGene00018787,121,678,799
WBGene00018788,119,420,539
WBGene00018789,57,380,437
WBGene00018791,67,242,309
WBGene00018792,2,4,6
WBGene00018793,493,2962,3455
WBGene00018794,213,405,618
WBGene00018795,51,721,772
WBGene00018797,215,1183,1398
WBGene00018798,56,210,266
WBGene00018802,87,2652,2739
WBGene00018803,50,2188,2238
WBGene00018804,28,464,492
WBGene00018805,7,9,16
WBGene00018806,0,154,154
WBGene00018808,0,0,0
WBGene00018809,1,24,25
WBGene00018810,0,0,0
WBGene00018811,1175,12509,13684
WBGene00018812,404,1191,1595
WBGene00018813,0,25,25
WBGene00018814,77,1015,1092
WBGene00018815,5,3,8
WBGene00018816,1,8,9
WBGene00018817,116,0,116
WBGene00018819,296,2046,2342
WBGene00018820,15,2,17
WBGene00018821,4,4,8
WBGene00018822,1,2,3
WBGene00018823,2,332,334
WBGene00018824,0,1,1
WBGene00018825,4,7,11
WBGene00018826,0,0,0
WBGene00018827,34,792,826
WBGene00018828,3,197,200
WBGene00018829,10,13,23
WBGene00018830,37,752,789
WBGene00018831,49,880,929
WBGene00018833,249,716,965
WBGene00018834,0,4,4
WBGene00018835,59,417,476
WBGene00018836,62,595,657
WBGene00018837,1282,1662,2944
WBGene00018838,0,0,0
WBGene00018839,3,159,162
WBGene00018840,1,2,3
WBGene00018841,0,1,1
WBGene00018842,0,21,21
WBGene00018844,2,7,9
WBGene00018845,15,117,132
WBGene00018846,19413,181275,200688
WBGene00018847,158,1438,1596
WBGene00018848,79,524,603
WBGene00018849,65,4954,5019
WBGene00018850,9,126,135
WBGene00018851,4,82,86
WBGene00018853,97,1720,1817
WBGene00018854,104,2064,2168
WBGene00018855,11,129,140
WBGene00018857,182,1956,2138
WBGene00018859,19,129,148
WBGene00018860,102,365,467
WBGene00018861,56,260,316
WBGene00018863,3,502,505
WBGene00018864,167,1108,1275
WBGene00018865,21,33,54
WBGene00018866,157,2261,2418
WBGene00018867,24,138,162
WBGene00018868,53,182,235
WBGene00018869,269,5074,5343
WBGene00018870,1,21,22
WBGene00018871,4,687,691
WBGene00018872,300,2594,2894
WBGene00018873,5,45,50
WBGene00018874,25,45,70
WBGene00018875,0,4,4
WBGene00018876,0,1,1
WBGene00018877,316,3219,3535
WBGene00018878,5,530,535
WBGene00018879,72,431,503
WBGene00018880,20,34,54
WBGene00018881,0,10,10
WBGene00018882,0,3,3
WBGene00018883,0,14,14
WBGene00018884,16,3,19
WBGene00018885,2,33,35
WBGene00018886,0,292,292
WBGene00018888,0,3,3
WBGene00018890,201,2282,2483
WBGene00018891,172,2539,2711
WBGene00018892,59,2754,2813
WBGene00018893,341,3775,4116
WBGene00018894,7,513,520
WBGene00018895,1,4,5
WBGene00018896,16,52,68
WBGene00018897,46,535,581
WBGene00018898,406,6933,7339
WBGene00018899,5,42,47
WBGene00018900,60,1390,1450
WBGene00018901,1,33,34
WBGene00018902,5,185,190
WBGene00018903,9,155,164
WBGene00018904,16,1075,1091
WBGene00018906,12,18,30
WBGene00018907,36,58,94
WBGene00018908,40,212,252
WBGene00018909,71,369,440
WBGene00018910,0,0,0
WBGene00018911,1,2,3
WBGene00018912,0,0,0
WBGene00018913,0,0,0
WBGene00018915,0,0,0
WBGene00018917,0,0,0
WBGene00018918,0,0,0
WBGene00018920,0,0,0
WBGene00018921,0,23,23
WBGene00018923,145,448,593
WBGene00018924,21,71,92
WBGene00018925,6,627,633
WBGene00018926,1,1,2
WBGene00018927,0,0,0
WBGene00018928,82,400,482
WBGene00018930,2,3,5
WBGene00018931,12,6,18
WBGene00018932,117,3116,3233
WBGene00018933,2,1,3
WBGene00018934,23,3615,3638
WBGene00018935,16,1153,1169
WBGene00018937,18,147,165
WBGene00018938,3,0,3
WBGene00018939,3,25,28
WBGene00018940,0,1,1
WBGene00018941,3,9,12
WBGene00018942,4,0,4
WBGene00018943,0,0,0
WBGene00018944,0,0,0
WBGene00018945,4,73,77
WBGene00018946,8,28,36
WBGene00018948,7,115,122
WBGene00018949,6,8,14
WBGene00018950,45,369,414
WBGene00018951,20,417,437
WBGene00018952,16,118,134
WBGene00018953,499,4773,5272
WBGene00018954,77,463,540
WBGene00018955,36,746,782
WBGene00018957,46,701,747
WBGene00018958,101,509,610
WBGene00018959,26,588,614
WBGene00018960,22,701,723
WBGene00018961,413,3029,3442
WBGene00018963,945,15101,16046
WBGene00018964,42,242,284
WBGene00018965,25,271,296
WBGene00018966,13,146,159
WBGene00018967,77,1867,1944
WBGene00018968,3,30,33
WBGene00018969,42,1513,1555
WBGene00018970,2,0,2
WBGene00018971,15,70,85
WBGene00018972,1,7,8
WBGene00018973,2,5,7
WBGene00018974,218,1089,1307
WBGene00018975,397,1448,1845
WBGene00018976,314,263,577
WBGene00018978,0,3,3
WBGene00018979,2,1,3
WBGene00018980,2,1,3
WBGene00018981,4,4,8
WBGene00018982,1,0,1
WBGene00018984,26,143,169
WBGene00018985,108,999,1107
WBGene00018986,57,950,1007
WBGene00018987,113,719,832
WBGene00018988,27,335,362
WBGene00018989,35,532,567
WBGene00018990,49,256,305
WBGene00018991,38,191,229
WBGene00018994,6,4,10
WBGene00018995,94,655,749
WBGene00018996,34,1495,1529
WBGene00018997,4,23,27
WBGene00018998,171,1817,1988
WBGene00018999,12,19,31
WBGene00019001,513,12551,13064
WBGene00019002,52,350,402
WBGene00019003,82,4796,4878
WBGene00019004,59,847,906
WBGene00019005,203,1679,1882
WBGene00019006,161,1605,1766
WBGene00019007,2652,6763,9415
WBGene00019008,22,616,638
WBGene00019009,37,187,224
WBGene00019010,130,20,150
WBGene00019011,127,1055,1182
WBGene00019012,48,295,343
WBGene00019013,13,210,223
WBGene00019014,15,157,172
WBGene00019015,2,8,10
WBGene00019016,5,4,9
WBGene00019017,13,1128,1141
WBGene00019018,914,2124,3038
WBGene00019019,10,59,69
WBGene00019020,36,343,379
WBGene00019021,4,167,171
WBGene00019022,35,104,139
WBGene00019023,31,157,188
WBGene00019024,0,2,2
WBGene00019025,15,96,111
WBGene00019026,0,1,1
WBGene00019027,0,5,5
WBGene00019028,3,4,7
WBGene00019029,16,22,38
WBGene00019030,104,294,398
WBGene00019032,13,108,121
WBGene00019034,0,1,1
WBGene00019035,1,5,6
WBGene00019036,8,1,9
WBGene00019037,1,0,1
WBGene00019038,4,2,6
WBGene00019039,0,0,0
WBGene00019040,0,0,0
WBGene00019041,2,4,6
WBGene00019042,0,0,0
WBGene00019043,0,0,0
WBGene00019044,2,1,3
WBGene00019045,0,0,0
WBGene00019046,4,2,6
WBGene00019047,3,165,168
WBGene00019048,23,270,293
WBGene00019049,16,78,94
WBGene00019051,0,1,1
WBGene00019052,6,1,7
WBGene00019053,1,0,1
WBGene00019054,2,1,3
WBGene00019055,51,588,639
WBGene00019057,1,23,24
WBGene00019058,3,6,9
WBGene00019059,5,1,6
WBGene00019060,34,185,219
WBGene00019061,3988,47346,51334
WBGene00019062,1,0,1
WBGene00019063,0,6,6
WBGene00019064,18,403,421
WBGene00019065,0,0,0
WBGene00019066,0,0,0
WBGene00019067,16,41,57
WBGene00019068,9,46,55
WBGene00019069,160,367,527
WBGene00019070,0,37,37
WBGene00019072,11,173,184
WBGene00019073,0,0,0
WBGene00019074,181,1225,1406
WBGene00019075,26,437,463
WBGene00019076,96,1652,1748
WBGene00019077,33,1310,1343
WBGene00019079,93,1487,1580
WBGene00019080,16,37,53
WBGene00019081,16,6,22
WBGene00019082,6,128,134
WBGene00019083,15,9,24
WBGene00019084,3,17,20
WBGene00019085,1,7,8
WBGene00019086,5,2,7
WBGene00019087,19,1262,1281
WBGene00019089,6,10,16
WBGene00019090,542,5680,6222
WBGene00019091,6,14,20
WBGene00019092,1188,9356,10544
WBGene00019094,1,5,6
WBGene00019096,5,4,9
WBGene00019097,26,610,636
WBGene00019098,1,1,2
WBGene00019099,6,1,7
WBGene00019100,37,174,211
WBGene00019101,5,48,53
WBGene00019102,408,2553,2961
WBGene00019103,37,59,96
WBGene00019104,0,2,2
WBGene00019105,6,72,78
WBGene00019106,9,18,27
WBGene00019108,10,317,327
WBGene00019109,152,535,687
WBGene00019111,109,572,681
WBGene00019112,7,4,11
WBGene00019113,67,298,365
WBGene00019114,17,170,187
WBGene00019115,19,103,122
WBGene00019116,15,307,322
WBGene00019118,11,1144,1155
WBGene00019119,1,1,2
WBGene00019120,36,1295,1331
WBGene00019121,25,1412,1437
WBGene00019122,14,306,320
WBGene00019123,6,1,7
WBGene00019124,171,2495,2666
WBGene00019125,30,299,329
WBGene00019126,31,1616,1647
WBGene00019127,100,769,869
WBGene00019128,144,320,464
WBGene00019129,62,405,467
WBGene00019130,71,338,409
WBGene00019132,18,39,57
WBGene00019133,2,9,11
WBGene00019136,0,0,0
WBGene00019138,2,6,8
WBGene00019139,12,67,79
WBGene00019140,6,73,79
WBGene00019141,32,247,279
WBGene00019142,13,380,393
WBGene00019143,60,870,930
WBGene00019144,18,32,50
WBGene00019145,1,0,1
WBGene00019146,0,7,7
WBGene00019148,48,633,681
WBGene00019149,31,174,205
WBGene00019150,30,28,58
WBGene00019151,3,5,8
WBGene00019152,6,38,44
WBGene00019153,6,286,292
WBGene00019154,23,582,605
WBGene00019155,9,3,12
WBGene00019156,81,1050,1131
WBGene00019157,431,1114,1545
WBGene00019158,53,1844,1897
WBGene00019159,7,11,18
WBGene00019160,753,86019,86772
WBGene00019162,104,17626,17730
WBGene00019163,195,1796,1991
WBGene00019164,20,172,192
WBGene00019165,4,1,5
WBGene00019166,284,503,787
WBGene00019167,182,1287,1469
WBGene00019168,1279,11636,12915
WBGene00019169,1,10,11
WBGene00019170,175,2828,3003
WBGene00019171,11,9,20
WBGene00019174,155,118,273
WBGene00019177,10,338,348
WBGene00019178,1,1,2
WBGene00019179,1,0,1
WBGene00019180,467,917,1384
WBGene00019182,22,138,160
WBGene00019183,798,37,835
WBGene00019184,50,493,543
WBGene00019185,36,1062,1098
WBGene00019186,3,1,4
WBGene00019187,42,208,250
WBGene00019188,173,1556,1729
WBGene00019189,4,12,16
WBGene00019190,13,3,16
WBGene00019192,2,1,3
WBGene00019194,9,18,27
WBGene00019196,20,1543,1563
WBGene00019197,7,26,33
WBGene00019198,85,340,425
WBGene00019199,127,1031,1158
WBGene00019200,82,605,687
WBGene00019201,14,7,21
WBGene00019202,16,10,26
WBGene00019203,497,6907,7404
WBGene00019204,347,796,1143
WBGene00019205,1779,3528,5307
WBGene00019207,279,4243,4522
WBGene00019209,260,2765,3025
WBGene00019211,399,1135,1534
WBGene00019212,89,968,1057
WBGene00019213,23,116,139
WBGene00019214,1,3,4
WBGene00019215,3,8,11
WBGene00019216,0,4,4
WBGene00019217,304,1774,2078
WBGene00019218,51,323,374
WBGene00019219,83,968,1051
WBGene00019220,90,3227,3317
WBGene00019221,30,354,384
WBGene00019222,11,9,20
WBGene00019224,25,219,244
WBGene00019225,8,33,41
WBGene00019226,9,39,48
WBGene00019227,188,2012,2200
WBGene00019228,9,266,275
WBGene00019229,3,12,15
WBGene00019230,63,127,190
WBGene00019231,37,99,136
WBGene00019232,264,569,833
WBGene00019233,16,23,39
WBGene00019234,36,388,424
WBGene00019235,6,37,43
WBGene00019236,31,192,223
WBGene00019237,300,1760,2060
WBGene00019239,35,15,50
WBGene00019240,167,2908,3075
WBGene00019241,255,1076,1331
WBGene00019242,50,34,84
WBGene00019243,6,269,275
WBGene00019244,33,266,299
WBGene00019245,167,1206,1373
WBGene00019246,493,3661,4154
WBGene00019247,9,161,170
WBGene00019248,247,316,563
WBGene00019249,351,7527,7878
WBGene00019250,924,2914,3838
WBGene00019251,8,7,15
WBGene00019253,1,14,15
WBGene00019254,0,39,39
WBGene00019255,5,17,22
WBGene00019257,3,1,4
WBGene00019259,79,1631,1710
WBGene00019260,0,0,0
WBGene00019261,6,199,205
WBGene00019262,6,4,10
WBGene00019263,123,1089,1212
WBGene00019264,182,925,1107
WBGene00019265,9,533,542
WBGene00019266,4,38,42
WBGene00019267,2,1,3
WBGene00019268,28,253,281
WBGene00019269,5,6,11
WBGene00019270,112,213,325
WBGene00019272,98,441,539
WBGene00019273,1,42,43
WBGene00019274,75,541,616
WBGene00019275,197,1129,1326
WBGene00019276,125,1306,1431
WBGene00019277,182,2188,2370
WBGene00019279,2383,2116,4499
WBGene00019280,50,877,927
WBGene00019281,0,0,0
WBGene00019282,1266,51562,52828
WBGene00019283,0,0,0
WBGene00019284,64,1633,1697
WBGene00019285,91,662,753
WBGene00019286,166,217,383
WBGene00019287,19,98,117
WBGene00019288,1,10,11
WBGene00019289,143,1042,1185
WBGene00019290,6,164,170
WBGene00019292,0,3,3
WBGene00019293,13,485,498
WBGene00019294,301,3123,3424
WBGene00019295,237,2027,2264
WBGene00019296,29,2144,2173
WBGene00019297,10,12,22
WBGene00019298,70,1084,1154
WBGene00019299,71,744,815
WBGene00019300,56,713,769
WBGene00019301,467,5426,5893
WBGene00019302,0,6,6
WBGene00019303,82,45,127
WBGene00019304,10,375,385
WBGene00019305,68,2189,2257
WBGene00019306,2,124,126
WBGene00019309,7,7,14
WBGene00019312,1,18,19
WBGene00019313,0,1,1
WBGene00019314,4,11,15
WBGene00019315,209,2135,2344
WBGene00019316,3,126,129
WBGene00019317,72,511,583
WBGene00019318,94,163,257
WBGene00019319,35,333,368
WBGene00019320,18,58,76
WBGene00019321,50,328,378
WBGene00019322,178,38472,38650
WBGene00019323,758,3259,4017
WBGene00019324,511,14630,15141
WBGene00019326,139,1437,1576
WBGene00019327,331,13809,14140
WBGene00019328,264,2926,3190
WBGene00019329,199,617,816
WBGene00019331,66,209,275
WBGene00019332,1234,11306,12540
WBGene00019333,329,3394,3723
WBGene00019334,19,1202,1221
WBGene00019335,1,37,38
WBGene00019337,4,6,10
WBGene00019338,6,2,8
WBGene00019339,0,156,156
WBGene00019340,2,2,4
WBGene00019341,3,4,7
WBGene00019342,0,78,78
WBGene00019343,30,56,86
WBGene00019344,50,466,516
WBGene00019345,49,259,308
WBGene00019346,24,216,240
WBGene00019347,598,416,1014
WBGene00019348,1,20,21
WBGene00019349,0,0,0
WBGene00019350,2,3,5
WBGene00019351,72,990,1062
WBGene00019352,97,690,787
WBGene00019353,46,1042,1088
WBGene00019354,42,1253,1295
WBGene00019355,217,2150,2367
WBGene00019356,0,1,1
WBGene00019357,0,9890,9890
WBGene00019359,55,11,66
WBGene00019360,43,111,154
WBGene00019361,92,1630,1722
WBGene00019362,106,259,365
WBGene00019364,21,385,406
WBGene00019365,162,2049,2211
WBGene00019367,4,23,27
WBGene00019368,34,140,174
WBGene00019369,15,19,34
WBGene00019370,85,250,335
WBGene00019371,0,0,0
WBGene00019372,3,42,45
WBGene00019373,36,575,611
WBGene00019374,26,336,362
WBGene00019376,0,2,2
WBGene00019379,1,22,23
WBGene00019380,412,3570,3982
WBGene00019381,0,9127,9127
WBGene00019382,9,30,39
WBGene00019383,3,0,3
WBGene00019386,1,8,9
WBGene00019387,1,1,2
WBGene00019388,8,56,64
WBGene00019389,2,7,9
WBGene00019391,15,41,56
WBGene00019392,1,7,8
WBGene00019393,19,28,47
WBGene00019394,101,340,441
WBGene00019395,43,187,230
WBGene00019396,66,1000,1066
WBGene00019399,36,1891,1927
WBGene00019400,187,1573,1760
WBGene00019401,133,8017,8150
WBGene00019402,102,3522,3624
WBGene00019403,128,764,892
WBGene00019404,7,24,31
WBGene00019405,11,31,42
WBGene00019406,8,18,26
WBGene00019407,175,997,1172
WBGene00019408,95,877,972
WBGene00019409,0,3,3
WBGene00019410,5,3,8
WBGene00019411,2,25,27
WBGene00019412,0,0,0
WBGene00019413,1,2,3
WBGene00019414,0,4,4
WBGene00019415,0,7,7
WBGene00019416,2,14,16
WBGene00019417,1,2,3
WBGene00019418,0,0,0
WBGene00019419,0,0,0
WBGene00019420,0,1,1
WBGene00019421,1,1,2
WBGene00019422,0,15,15
WBGene00019423,42,4,46
WBGene00019424,32,288,320
WBGene00019425,0,9,9
WBGene00019426,5,180,185
WBGene00019427,41,1041,1082
WBGene00019428,486,998,1484
WBGene00019429,51,681,732
WBGene00019430,3,56,59
WBGene00019431,13,23,36
WBGene00019432,172,3415,3587
WBGene00019433,105,6512,6617
WBGene00019434,438,703,1141
WBGene00019435,20,113,133
WBGene00019436,62,498,560
WBGene00019437,167,1708,1875
WBGene00019438,0,1,1
WBGene00019442,0,0,0
WBGene00019443,12,2,14
WBGene00019444,22,46,68
WBGene00019445,35,135,170
WBGene00019448,30,404,434
WBGene00019449,2,0,2
WBGene00019450,0,2,2
WBGene00019451,3,0,3
WBGene00019452,3,0,3
WBGene00019453,8,2,10
WBGene00019455,19,82,101
WBGene00019456,85,450,535
WBGene00019457,242,1438,1680
WBGene00019458,34,330,364
WBGene00019459,5,9,14
WBGene00019460,56,756,812
WBGene00019461,34,28,62
WBGene00019462,317,113,430
WBGene00019464,11,431,442
WBGene00019465,389,3276,3665
WBGene00019466,1585,31739,33324
WBGene00019467,12,1679,1691
WBGene00019470,2,1,3
WBGene00019471,0,2,2
WBGene00019472,1,2,3
WBGene00019473,2,27,29
WBGene00019476,30,552,582
WBGene00019477,13,99,112
WBGene00019478,848,6119,6967
WBGene00019479,284,3259,3543
WBGene00019480,85,1252,1337
WBGene00019481,83,2952,3035
WBGene00019482,53,825,878
WBGene00019483,16,8,24
WBGene00019484,6,543,549
WBGene00019485,157,485,642
WBGene00019486,6,10,16
WBGene00019487,49,364,413
WBGene00019488,205,4017,4222
WBGene00019489,37,1072,1109
WBGene00019490,82,1375,1457
WBGene00019491,41,625,666
WBGene00019492,874,3666,4540
WBGene00019493,30,196,226
WBGene00019495,26,387,413
WBGene00019496,29,154,183
WBGene00019497,37,882,919
WBGene00019498,79,686,765
WBGene00019501,1,1,2
WBGene00019502,0,1,1
WBGene00019503,54,438,492
WBGene00019504,17,1482,1499
WBGene00019506,3,19,22
WBGene00019507,2,2,4
WBGene00019508,12,57,69
WBGene00019509,2,85,87
WBGene00019510,846,34469,35315
WBGene00019511,131,2293,2424
WBGene00019512,10,16,26
WBGene00019513,44,751,795
WBGene00019514,2,2,4
WBGene00019515,15,95,110
WBGene00019516,15,101,116
WBGene00019518,14,57,71
WBGene00019519,117,326,443
WBGene00019520,2,208,210
WBGene00019521,132,2335,2467
WBGene00019522,142,595,737
WBGene00019524,1,2,3
WBGene00019525,154,1467,1621
WBGene00019527,3,10,13
WBGene00019529,0,0,0
WBGene00019530,4,7,11
WBGene00019531,2,0,2
WBGene00019533,0,5,5
WBGene00019534,1,0,1
WBGene00019535,20,212,232
WBGene00019536,126,146,272
WBGene00019537,0,44007,44007
WBGene00019538,35,448,483
WBGene00019540,111,6493,6604
WBGene00019541,5,170,175
WBGene00019543,463,4644,5107
WBGene00019544,70,1419,1489
WBGene00019545,65,405,470
WBGene00019546,58,469,527
WBGene00019547,6,7,13
WBGene00019548,3,1,4
WBGene00019549,1,1,2
WBGene00019550,14,21,35
WBGene00019551,5,233,238
WBGene00019552,5,4,9
WBGene00019553,2,75,77
WBGene00019554,32,477,509
WBGene00019556,9,18,27
WBGene00019557,4,3,7
WBGene00019558,1,0,1
WBGene00019559,4,0,4
WBGene00019560,2,0,2
WBGene00019561,2,9,11
WBGene00019562,1,2,3
WBGene00019563,2,16,18
WBGene00019564,84,698,782
WBGene00019565,2,16,18
WBGene00019566,0,7,7
WBGene00019567,1,6,7
WBGene00019570,15,63,78
WBGene00019571,169,41,210
WBGene00019572,0,51,51
WBGene00019574,0,0,0
WBGene00019576,0,24,24
WBGene00019577,14,98,112
WBGene00019578,1,5,6
WBGene00019579,5,21,26
WBGene00019580,6,17,23
WBGene00019582,6,6,12
WBGene00019583,1,4,5
WBGene00019584,6,7,13
WBGene00019586,9,23,32
WBGene00019587,0,1,1
WBGene00019588,1,18,19
WBGene00019589,56,103,159
WBGene00019590,4,5,9
WBGene00019591,0,2,2
WBGene00019592,0,287,287
WBGene00019593,16,580,596
WBGene00019594,35,5,40
WBGene00019595,11,397,408
WBGene00019597,45,500,545
WBGene00019598,0,1,1
WBGene00019599,40,240,280
WBGene00019600,4,129,133
WBGene00019601,1,27,28
WBGene00019602,0,0,0
WBGene00019603,24,525,549
WBGene00019604,0,0,0
WBGene00019605,27,213,240
WBGene00019606,0,43,43
WBGene00019607,707,5444,6151
WBGene00019608,20,387,407
WBGene00019609,260,1372,1632
WBGene00019611,12,491,503
WBGene00019612,178,1357,1535
WBGene00019613,9,9,18
WBGene00019614,4,5,9
WBGene00019615,104,438,542
WBGene00019616,18,125,143
WBGene00019617,37,879,916
WBGene00019618,21,28,49
WBGene00019619,21,183,204
WBGene00019620,52,3077,3129
WBGene00019621,0,0,0
WBGene00019622,0,0,0
WBGene00019623,86,863,949
WBGene00019624,443,2763,3206
WBGene00019625,18,9,27
WBGene00019626,6,5,11
WBGene00019627,88,904,992
WBGene00019628,31,1421,1452
WBGene00019629,43,1023,1066
WBGene00019630,36,324,360
WBGene00019631,69,1345,1414
WBGene00019633,134,549,683
WBGene00019636,12,133,145
WBGene00019638,2,2,4
WBGene00019639,0,12,12
WBGene00019640,21,29,50
WBGene00019641,89,411,500
WBGene00019642,15,67,82
WBGene00019643,9,508,517
WBGene00019644,15,55,70
WBGene00019645,122,1568,1690
WBGene00019646,0,2,2
WBGene00019647,83,1610,1693
WBGene00019648,3,39,42
WBGene00019649,16,138,154
WBGene00019650,136,1085,1221
WBGene00019651,128,638,766
WBGene00019652,17,565,582
WBGene00019653,1,5,6
WBGene00019654,7,34,41
WBGene00019655,18,170,188
WBGene00019656,56,1658,1714
WBGene00019657,60,830,890
WBGene00019658,128,1718,1846
WBGene00019659,1,9,10
WBGene00019660,2,93,95
WBGene00019661,1,35,36
WBGene00019662,8,6,14
WBGene00019663,32,1330,1362
WBGene00019664,300,2964,3264
WBGene00019665,27,297,324
WBGene00019666,25,474,499
WBGene00019667,7,5,12
WBGene00019668,3,5,8
WBGene00019669,21,89,110
WBGene00019670,0,0,0
WBGene00019673,56,815,871
WBGene00019674,2,18,20
WBGene00019675,1,2,3
WBGene00019677,53,334,387
WBGene00019678,334,2528,2862
WBGene00019679,255,3265,3520
WBGene00019680,0,16244,16244
WBGene00019681,0,0,0
WBGene00019682,77,719,796
WBGene00019683,371,57,428
WBGene00019684,4,16,20
WBGene00019685,2,3,5
WBGene00019686,227,1652,1879
WBGene00019687,4,1,5
WBGene00019688,3,7,10
WBGene00019689,2,11,13
WBGene00019690,2,3,5
WBGene00019691,16,77,93
WBGene00019692,33,239,272
WBGene00019693,52,4303,4355
WBGene00019697,450,1359,1809
WBGene00019698,368,4239,4607
WBGene00019699,5,4,9
WBGene00019700,0,2,2
WBGene00019702,0,0,0
WBGene00019703,3,2,5
WBGene00019704,0,0,0
WBGene00019705,0,11,11
WBGene00019709,0,1,1
WBGene00019710,7,391,398
WBGene00019711,100,2047,2147
WBGene00019712,16,244,260
WBGene00019713,70,510,580
WBGene00019714,2,0,2
WBGene00019715,93,792,885
WBGene00019716,514,1387,1901
WBGene00019717,37,107,144
WBGene00019718,1,13,14
WBGene00019719,2581,11788,14369
WBGene00019720,130,731,861
WBGene00019721,15,7,22
WBGene00019722,4,23,27
WBGene00019723,3,118,121
WBGene00019724,82,453,535
WBGene00019725,23,335,358
WBGene00019726,410,733,1143
WBGene00019727,570,22264,22834
WBGene00019728,4,8,12
WBGene00019729,59,521,580
WBGene00019730,49,783,832
WBGene00019731,33,35,68
WBGene00019732,3,1013,1016
WBGene00019733,463,1634,2097
WBGene00019734,320,3495,3815
WBGene00019735,21,31,52
WBGene00019736,7,24,31
WBGene00019738,21,166,187
WBGene00019740,0,1,1
WBGene00019741,18,409,427
WBGene00019742,48,150,198
WBGene00019743,41,268,309
WBGene00019744,58,794,852
WBGene00019745,1,16,17
WBGene00019746,66,177,243
WBGene00019747,412,1611,2023
WBGene00019748,155,2824,2979
WBGene00019749,64,534,598
WBGene00019750,1388,1241,2629
WBGene00019751,93,1156,1249
WBGene00019753,74,430,504
WBGene00019754,11,463,474
WBGene00019755,3,22,25
WBGene00019756,11,5,16
WBGene00019757,132,584,716
WBGene00019758,0,14,14
WBGene00019759,131,17863,17994
WBGene00019760,871,24825,25696
WBGene00019761,13,38,51
WBGene00019762,229,3198,3427
WBGene00019763,25,118,143
WBGene00019764,33,365,398
WBGene00019765,426,366,792
WBGene00019766,112,603,715
WBGene00019767,39,9263,9302
WBGene00019768,162,800,962
WBGene00019769,4,84,88
WBGene00019770,1823,4008,5831
WBGene00019771,530,1698,2228
WBGene00019772,346,4078,4424
WBGene00019773,3,11,14
WBGene00019774,259,411,670
WBGene00019776,25,149,174
WBGene00019777,28,160,188
WBGene00019778,42,663,705
WBGene00019779,27,177,204
WBGene00019780,188,15655,15843
WBGene00019781,130,814,944
WBGene00019782,0,18,18
WBGene00019783,2,0,2
WBGene00019784,1,4,5
WBGene00019785,4,10,14
WBGene00019786,178,635,813
WBGene00019787,110,464,574
WBGene00019788,0,22,22
WBGene00019791,0,4,4
WBGene00019792,32,295,327
WBGene00019793,3,1,4
WBGene00019794,0,2,2
WBGene00019795,0,1,1
WBGene00019796,2,2,4
WBGene00019797,0,0,0
WBGene00019798,1,1,2
WBGene00019799,2,16,18
WBGene00019800,15,4715,4730
WBGene00019801,155,975,1130
WBGene00019803,3,48,51
WBGene00019804,8,2,10
WBGene00019805,22,232,254
WBGene00019806,7,252,259
WBGene00019807,60,482,542
WBGene00019808,83,1946,2029
WBGene00019809,0,0,0
WBGene00019810,1,22,23
WBGene00019811,2,55,57
WBGene00019812,113,134,247
WBGene00019813,39,1703,1742
WBGene00019814,11,39,50
WBGene00019815,3,1,4
WBGene00019816,59,362,421
WBGene00019817,11,78,89
WBGene00019818,101,787,888
WBGene00019819,150,4200,4350
WBGene00019820,71,1234,1305
WBGene00019821,102,1305,1407
WBGene00019822,77,870,947
WBGene00019823,115,2074,2189
WBGene00019824,79,646,725
WBGene00019825,54,329,383
WBGene00019826,0,4,4
WBGene00019827,128,1110,1238
WBGene00019828,132,133,265
WBGene00019829,27,612,639
WBGene00019830,26,626,652
WBGene00019831,228,15790,16018
WBGene00019832,156,365,521
WBGene00019833,2,52,54
WBGene00019834,0,10,10
WBGene00019835,0,2,2
WBGene00019836,95,1312,1407
WBGene00019837,38,177,215
WBGene00019838,312,3539,3851
WBGene00019839,1,521,522
WBGene00019840,18,374,392
WBGene00019841,79,1565,1644
WBGene00019842,692,702,1394
WBGene00019843,66,747,813
WBGene00019844,174,536,710
WBGene00019845,22,73,95
WBGene00019846,3,46,49
WBGene00019847,165,1193,1358
WBGene00019849,9,35,44
WBGene00019850,1,0,1
WBGene00019851,4,5,9
WBGene00019854,166,252,418
WBGene00019855,254,1501,1755
WBGene00019856,2,2,4
WBGene00019857,6,0,6
WBGene00019858,7,147,154
WBGene00019859,2,53,55
WBGene00019861,5,12,17
WBGene00019862,21,807,828
WBGene00019863,234,562,796
WBGene00019864,56,530,586
WBGene00019865,19,90,109
WBGene00019866,15,83,98
WBGene00019867,97,655,752
WBGene00019868,56,715,771
WBGene00019869,10,30,40
WBGene00019870,17,802,819
WBGene00019871,25,1023,1048
WBGene00019872,196,594,790
WBGene00019873,64,573,637
WBGene00019874,8,28,36
WBGene00019875,127,2309,2436
WBGene00019877,29,1419,1448
WBGene00019878,16,117,133
WBGene00019879,0,0,0
WBGene00019880,0,0,0
WBGene00019881,102,978,1080
WBGene00019882,272,1443,1715
WBGene00019883,93,1707,1800
WBGene00019884,75,906,981
WBGene00019885,45,388,433
WBGene00019886,0,15,15
WBGene00019887,11,9,20
WBGene00019888,181,2774,2955
WBGene00019890,30,4645,4675
WBGene00019891,18,15,33
WBGene00019892,44,824,868
WBGene00019893,86,9667,9753
WBGene00019894,23,111,134
WBGene00019895,162,1197,1359
WBGene00019896,37,207,244
WBGene00019898,112,1166,1278
WBGene00019899,154,410,564
WBGene00019900,590,50517,51107
WBGene00019901,8,574,582
WBGene00019902,306,971,1277
WBGene00019903,1,0,1
WBGene00019904,119,1479,1598
WBGene00019905,1,4,5
WBGene00019906,8,33,41
WBGene00019907,19,272,291
WBGene00019908,374,1754,2128
WBGene00019909,39,55,94
WBGene00019911,88,785,873
WBGene00019913,13,17,30
WBGene00019914,38,118,156
WBGene00019915,142,771,913
WBGene00019916,0,0,0
WBGene00019917,1,17,18
WBGene00019918,15,145,160
WBGene00019919,0,1,1
WBGene00019920,5,1,6
WBGene00019921,3,11,14
WBGene00019922,2,32,34
WBGene00019923,1,8,9
WBGene00019924,37,324,361
WBGene00019925,3,3,6
WBGene00019926,4,0,4
WBGene00019927,6,16,22
WBGene00019928,6,17,23
WBGene00019929,2,3,5
WBGene00019931,1,1,2
WBGene00019933,7,2,9
WBGene00019935,81,191,272
WBGene00019937,0,7678,7678
WBGene00019938,95,556,651
WBGene00019939,10,52,62
WBGene00019940,291,5019,5310
WBGene00019941,129,4152,4281
WBGene00019943,78,761,839
WBGene00019944,62,1943,2005
WBGene00019945,0,0,0
WBGene00019946,100,2968,3068
WBGene00019947,26,21356,21382
WBGene00019948,5,68,73
WBGene00019949,0,4,4
WBGene00019950,7,5,12
WBGene00019951,4,25,29
WBGene00019952,2,259,261
WBGene00019953,181,2905,3086
WBGene00019954,0,0,0
WBGene00019955,282,612,894
WBGene00019956,0,30,30
WBGene00019957,35,187,222
WBGene00019959,45,516,561
WBGene00019960,101,533,634
WBGene00019961,2,30,32
WBGene00019962,62,677,739
WBGene00019963,17,772,789
WBGene00019964,27,48,75
WBGene00019965,41,132,173
WBGene00019966,7,9,16
WBGene00019967,40,839,879
WBGene00019968,10,538,548
WBGene00019970,0,28,28
WBGene00019971,97,1577,1674
WBGene00019972,10,7,17
WBGene00019973,9,43,52
WBGene00019975,142,1398,1540
WBGene00019977,8,17,25
WBGene00019978,16,113,129
WBGene00019979,25,146,171
WBGene00019980,1,3,4
WBGene00019981,15,1,16
WBGene00019982,18,17,35
WBGene00019983,62,4796,4858
WBGene00019986,11,123,134
WBGene00019987,12,440,452
WBGene00019988,17,1631,1648
WBGene00019989,0,11,11
WBGene00019991,5,3,8
WBGene00019992,0,0,0
WBGene00019993,22,1562,1584
WBGene00019994,247,409,656
WBGene00019995,34,243,277
WBGene00019996,1,0,1
WBGene00019997,11,30,41
WBGene00019998,426,3269,3695
WBGene00019999,59,227,286
WBGene00020003,18,25,43
WBGene00020004,4,4,8
WBGene00020006,72,662,734
WBGene00020007,79,3897,3976
WBGene00020008,55,382,437
WBGene00020009,8,206,214
WBGene00020010,15,49,64
WBGene00020011,565,68,633
WBGene00020012,155,3462,3617
WBGene00020013,0,1,1
WBGene00020014,6,59,65
WBGene00020015,1,18,19
WBGene00020016,10,1,11
WBGene00020017,13,79,92
WBGene00020018,81,528,609
WBGene00020019,14,25,39
WBGene00020020,74,14,88
WBGene00020021,4,0,4
WBGene00020022,41,854,895
WBGene00020023,43,373,416
WBGene00020024,1,0,1
WBGene00020025,71,4448,4519
WBGene00020026,164,1593,1757
WBGene00020027,128,2328,2456
WBGene00020029,146,2005,2151
WBGene00020030,24,445,469
WBGene00020031,120,1409,1529
WBGene00020032,5,3,8
WBGene00020033,108,1551,1659
WBGene00020034,23,126,149
WBGene00020035,6,50,56
WBGene00020036,174,2707,2881
WBGene00020037,35,3403,3438
WBGene00020038,229,3350,3579
WBGene00020039,45,1076,1121
WBGene00020040,95,616,711
WBGene00020041,1,9,10
WBGene00020042,1,2,3
WBGene00020043,41,631,672
WBGene00020044,3,3,6
WBGene00020045,109,973,1082
WBGene00020046,13,30,43
WBGene00020047,30,376,406
WBGene00020048,9,164,173
WBGene00020049,23,1136,1159
WBGene00020050,11,151,162
WBGene00020051,136,1773,1909
WBGene00020052,17,778,795
WBGene00020053,0,6,6
WBGene00020054,105,6067,6172
WBGene00020055,0,1,1
WBGene00020056,0,5,5
WBGene00020057,3,5,8
WBGene00020058,215,1584,1799
WBGene00020060,12,10,22
WBGene00020062,10,455,465
WBGene00020063,0,0,0
WBGene00020064,125,718,843
WBGene00020066,0,39,39
WBGene00020067,0,3,3
WBGene00020068,364,4856,5220
WBGene00020069,154,667,821
WBGene00020070,2,6,8
WBGene00020071,0,0,0
WBGene00020072,0,0,0
WBGene00020073,1,3,4
WBGene00020076,0,0,0
WBGene00020077,1,0,1
WBGene00020078,6,6,12
WBGene00020080,15,4,19
WBGene00020082,290,1548,1838
WBGene00020083,62,532,594
WBGene00020084,0,7,7
WBGene00020086,57,102,159
WBGene00020088,35,113,148
WBGene00020089,511,1733,2244
WBGene00020090,125,446,571
WBGene00020091,20,205,225
WBGene00020092,448,2202,2650
WBGene00020093,63,310,373
WBGene00020094,35,771,806
WBGene00020095,22,599,621
WBGene00020096,4,595,599
WBGene00020097,1429,11299,12728
WBGene00020098,14,292,306
WBGene00020099,127,772,899
WBGene00020100,106,340,446
WBGene00020101,114,804,918
WBGene00020102,206,1404,1610
WBGene00020103,7,148,155
WBGene00020104,28,711,739
WBGene00020105,76,230,306
WBGene00020106,284,1843,2127
WBGene00020107,77,3637,3714
WBGene00020109,0,28,28
WBGene00020110,0,1144,1144
WBGene00020111,0,158,158
WBGene00020112,0,4238,4238
WBGene00020113,0,2,2
WBGene00020114,3275,10256,13531
WBGene00020115,576,4690,5266
WBGene00020116,6,11,17
WBGene00020117,0,8,8
WBGene00020118,1,0,1
WBGene00020119,0,1,1
WBGene00020120,0,2,2
WBGene00020121,1,4,5
WBGene00020122,0,14,14
WBGene00020123,7,4,11
WBGene00020125,16,258,274
WBGene00020126,138,2773,2911
WBGene00020127,0,2,2
WBGene00020128,171,112,283
WBGene00020129,8,1,9
WBGene00020130,33,132,165
WBGene00020131,968,3579,4547
WBGene00020134,666,487,1153
WBGene00020135,80,1065,1145
WBGene00020136,0,10,10
WBGene00020137,36,376,412
WBGene00020138,12,70,82
WBGene00020139,45,860,905
WBGene00020140,0,2,2
WBGene00020141,35,406,441
WBGene00020142,244,1903,2147
WBGene00020143,749,8961,9710
WBGene00020144,12,8,20
WBGene00020146,112,8412,8524
WBGene00020148,10,260,270
WBGene00020149,58,2136,2194
WBGene00020150,7,6,13
WBGene00020151,5,59,64
WBGene00020152,19,29,48
WBGene00020153,13,93,106
WBGene00020154,3,28,31
WBGene00020155,19,30637,30656
WBGene00020156,100,21572,21672
WBGene00020157,29,54,83
WBGene00020158,33,388,421
WBGene00020160,208,1514,1722
WBGene00020163,116,467,583
WBGene00020166,125,2079,2204
WBGene00020168,9,144,153
WBGene00020169,39,1281,1320
WBGene00020170,47,36,83
WBGene00020171,541,1890,2431
WBGene00020172,99,530,629
WBGene00020173,0,2,2
WBGene00020174,4,0,4
WBGene00020175,5,32,37
WBGene00020176,1,1,2
WBGene00020177,0,0,0
WBGene00020178,0,0,0
WBGene00020179,2,13,15
WBGene00020180,1,0,1
WBGene00020181,4592,40837,45429
WBGene00020182,7,19,26
WBGene00020183,19,239,258
WBGene00020184,29,1241,1270
WBGene00020185,43,10346,10389
WBGene00020187,21,155,176
WBGene00020188,1,81,82
WBGene00020189,155,411,566
WBGene00020190,498,4482,4980
WBGene00020191,7,61,68
WBGene00020192,23,2649,2672
WBGene00020193,44,606,650
WBGene00020194,182,2234,2416
WBGene00020195,72,5555,5627
WBGene00020196,116,248,364
WBGene00020197,60,1241,1301
WBGene00020199,12,476,488
WBGene00020200,323,4485,4808
WBGene00020201,0,3,3
WBGene00020202,4,2,6
WBGene00020203,15,3,18
WBGene00020205,2,16,18
WBGene00020207,183,1060,1243
WBGene00020208,443,1094,1537
WBGene00020209,1119,4747,5866
WBGene00020210,0,3,3
WBGene00020211,0,8,8
WBGene00020212,31,64,95
WBGene00020214,52,445,497
WBGene00020215,145,1938,2083
WBGene00020216,81,11002,11083
WBGene00020217,7,5,12
WBGene00020218,4,59,63
WBGene00020219,46,392,438
WBGene00020220,32,14,46
WBGene00020221,0,97,97
WBGene00020222,24,423,447
WBGene00020223,6,50,56
WBGene00020224,48,268,316
WBGene00020225,10,18,28
WBGene00020227,1,12,13
WBGene00020228,2,6,8
WBGene00020229,1242,7851,9093
WBGene00020230,475,2030,2505
WBGene00020231,95,121,216
WBGene00020232,2,3,5
WBGene00020233,9,114,123
WBGene00020234,414,2111,2525
WBGene00020235,159,1063,1222
WBGene00020236,46,62,108
WBGene00020237,2,2041,2043
WBGene00020239,0,0,0
WBGene00020240,0,3,3
WBGene00020241,0,5,5
WBGene00020242,0,441,441
WBGene00020243,2,15,17
WBGene00020244,0,16,16
WBGene00020245,7,416,423
WBGene00020246,195,7737,7932
WBGene00020247,9,7,16
WBGene00020248,25,581,606
WBGene00020249,273,1134,1407
WBGene00020250,10,296,306
WBGene00020251,707,3564,4271
WBGene00020252,16,20,36
WBGene00020254,14,26,40
WBGene00020256,10,66,76
WBGene00020258,24,111,135
WBGene00020259,69,698,767
WBGene00020260,247,2150,2397
WBGene00020261,1,3,4
WBGene00020262,2,23,25
WBGene00020263,230,983,1213
WBGene00020264,21,257,278
WBGene00020265,1,1,2
WBGene00020266,9,15,24
WBGene00020267,21,105,126
WBGene00020268,245,1917,2162
WBGene00020269,153,8850,9003
WBGene00020270,4,24,28
WBGene00020273,341,1213,1554
WBGene00020274,94,1515,1609
WBGene00020275,4352,42995,47347
WBGene00020276,1,136,137
WBGene00020277,3,37,40
WBGene00020279,156,703,859
WBGene00020280,8,32,40
WBGene00020281,11,46,57
WBGene00020282,1,0,1
WBGene00020283,41,227,268
WBGene00020284,377,1823,2200
WBGene00020285,4,11,15
WBGene00020286,13,1225,1238
WBGene00020287,218,2437,2655
WBGene00020288,3,1,4
WBGene00020289,4,8,12
WBGene00020290,0,1,1
WBGene00020291,2,2,4
WBGene00020292,0,2,2
WBGene00020293,1,2,3
WBGene00020294,407,1519,1926
WBGene00020295,35,354,389
WBGene00020296,118,1566,1684
WBGene00020297,947,16366,17313
WBGene00020298,189,1833,2022
WBGene00020299,224,1177,1401
WBGene00020300,21,477,498
WBGene00020301,290,1019,1309
WBGene00020302,0,189,189
WBGene00020305,2,0,2
WBGene00020307,75,174,249
WBGene00020311,18,540,558
WBGene00020313,15,33,48
WBGene00020314,26,490,516
WBGene00020315,69,4483,4552
WBGene00020316,259,1051,1310
WBGene00020317,771,18133,18904
WBGene00020318,0,31,31
WBGene00020319,5,61,66
WBGene00020320,10,556,566
WBGene00020321,18,644,662
WBGene00020322,6,688,694
WBGene00020323,17,46,63
WBGene00020324,32,1640,1672
WBGene00020325,2,21,23
WBGene00020326,0,1,1
WBGene00020327,0,4,4
WBGene00020328,1,5,6
WBGene00020329,2,17,19
WBGene00020330,46,575,621
WBGene00020333,3,10,13
WBGene00020334,260,1880,2140
WBGene00020335,8,167,175
WBGene00020339,7,315,322
WBGene00020340,12,64,76
WBGene00020341,68,546,614
WBGene00020342,1,1,2
WBGene00020343,30,374,404
WBGene00020345,12,31,43
WBGene00020346,407,2246,2653
WBGene00020347,664,5260,5924
WBGene00020348,26,2011,2037
WBGene00020349,17,96,113
WBGene00020350,0,3,3
WBGene00020351,0,0,0
WBGene00020353,1,3,4
WBGene00020354,0,1,1
WBGene00020356,2,4,6
WBGene00020357,10,0,10
WBGene00020358,0,8,8
WBGene00020359,4,6,10
WBGene00020360,47,124,171
WBGene00020361,3,19,22
WBGene00020362,0,2,2
WBGene00020363,22,269,291
WBGene00020364,0,3,3
WBGene00020365,33,69,102
WBGene00020366,420,6005,6425
WBGene00020368,65,1772,1837
WBGene00020369,82,779,861
WBGene00020370,3,22,25
WBGene00020371,1,0,1
WBGene00020372,7,20,27
WBGene00020373,12,926,938
WBGene00020374,1178,1720,2898
WBGene00020375,7,229,236
WBGene00020376,41,430,471
WBGene00020377,34,180,214
WBGene00020378,43,426,469
WBGene00020379,53,2888,2941
WBGene00020380,15,212,227
WBGene00020381,12,47,59
WBGene00020382,1248,21511,22759
WBGene00020383,549,2831,3380
WBGene00020384,5,6,11
WBGene00020385,78,175,253
WBGene00020386,2,13,15
WBGene00020389,230,3773,4003
WBGene00020390,142,2312,2454
WBGene00020391,57,16319,16376
WBGene00020392,63,1169,1232
WBGene00020393,5,100,105
WBGene00020394,36,311,347
WBGene00020396,42,253,295
WBGene00020397,449,5109,5558
WBGene00020398,173,1712,1885
WBGene00020399,193,2333,2526
WBGene00020400,1,0,1
WBGene00020401,14,63,77
WBGene00020402,118,1512,1630
WBGene00020403,196,1494,1690
WBGene00020404,35,530,565
WBGene00020406,1,0,1
WBGene00020407,15,334,349
WBGene00020408,116,512,628
WBGene00020409,0,0,0
WBGene00020410,1,1,2
WBGene00020411,29,351,380
WBGene00020412,65,602,667
WBGene00020413,107,1179,1286
WBGene00020414,0,4,4
WBGene00020415,99,568,667
WBGene00020416,0,2,2
WBGene00020417,55,10610,10665
WBGene00020418,25,151,176
WBGene00020419,19,51,70
WBGene00020420,46,8,54
WBGene00020421,30,24,54
WBGene00020422,31,633,664
WBGene00020423,29,3852,3881
WBGene00020424,10,100,110
WBGene00020425,69,756,825
WBGene00020426,12,629,641
WBGene00020427,70,717,787
WBGene00020428,1,0,1
WBGene00020430,10,1,11
WBGene00020431,1,1,2
WBGene00020432,8,1,9
WBGene00020433,1,0,1
WBGene00020435,8,3,11
WBGene00020436,92,81,173
WBGene00020437,50,4400,4450
WBGene00020438,0,2,2
WBGene00020439,10,3,13
WBGene00020440,2,1,3
WBGene00020441,164,1310,1474
WBGene00020442,60,1174,1234
WBGene00020443,300,1191,1491
WBGene00020444,34,71,105
WBGene00020445,39,419,458
WBGene00020446,30,1300,1330
WBGene00020447,184,2254,2438
WBGene00020448,3,6,9
WBGene00020449,2,15,17
WBGene00020450,7,278,285
WBGene00020451,27,343,370
WBGene00020452,0,4,4
WBGene00020453,2,39,41
WBGene00020454,3,4,7
WBGene00020455,9,51,60
WBGene00020456,5,44,49
WBGene00020457,24,673,697
WBGene00020459,95,37,132
WBGene00020460,2,26,28
WBGene00020461,15,67,82
WBGene00020462,133,774,907
WBGene00020463,25,556,581
WBGene00020464,4,426,430
WBGene00020465,33,50,83
WBGene00020466,14,444,458
WBGene00020467,10,61,71
WBGene00020468,3,10,13
WBGene00020469,0,188,188
WBGene00020471,344,2445,2789
WBGene00020472,5,29,34
WBGene00020473,8,3,11
WBGene00020474,9,23,32
WBGene00020475,128,2013,2141
WBGene00020476,3,2,5
WBGene00020478,131,396,527
WBGene00020479,300,2584,2884
WBGene00020480,85,855,940
WBGene00020481,134,1859,1993
WBGene00020482,26,130,156
WBGene00020483,2,32,34
WBGene00020484,0,64,64
WBGene00020485,13,39,52
WBGene00020486,98,620,718
WBGene00020487,4,125,129
WBGene00020488,2,48,50
WBGene00020489,97,528,625
WBGene00020490,292,1428,1720
WBGene00020491,35,375,410
WBGene00020492,553,1,554
WBGene00020494,3,13,16
WBGene00020496,357,2874,3231
WBGene00020497,4,1647,1651
WBGene00020498,143,1324,1467
WBGene00020499,246,1478,1724
WBGene00020500,95,929,1024
WBGene00020501,113,1139,1252
WBGene00020502,161,869,1030
WBGene00020503,12,44,56
WBGene00020504,409,1277,1686
WBGene00020505,13,42,55
WBGene00020506,120,391,511
WBGene00020507,78,3114,3192
WBGene00020508,14,464,478
WBGene00020509,127,1815,1942
WBGene00020510,32,952,984
WBGene00020511,173,4219,4392
WBGene00020515,0,0,0
WBGene00020516,21,32,53
WBGene00020517,55,2679,2734
WBGene00020520,7,1,8
WBGene00020522,12,1,13
WBGene00020523,5,4,9
WBGene00020524,13,13,26
WBGene00020525,1,0,1
WBGene00020526,2,1,3
WBGene00020527,25,89,114
WBGene00020528,31,80,111
WBGene00020529,3,2,5
WBGene00020530,265,2627,2892
WBGene00020531,16,19,35
WBGene00020532,12,7,19
WBGene00020533,3,1,4
WBGene00020534,0,0,0
WBGene00020535,0,0,0
WBGene00020536,3,0,3
WBGene00020537,0,20,20
WBGene00020539,0,1,1
WBGene00020540,49,481,530
WBGene00020541,0,0,0
WBGene00020542,0,4,4
WBGene00020543,0,1,1
WBGene00020544,0,3,3
WBGene00020546,2,0,2
WBGene00020548,0,1,1
WBGene00020549,4,3870,3874
WBGene00020550,1,84,85
WBGene00020551,22,167,189
WBGene00020553,61,2094,2155
WBGene00020554,49,545,594
WBGene00020555,9,64,73
WBGene00020556,84,929,1013
WBGene00020557,227,2023,2250
WBGene00020558,53,487,540
WBGene00020559,42,259,301
WBGene00020560,102,72,174
WBGene00020561,663,6342,7005
WBGene00020562,139,2457,2596
WBGene00020563,239,2982,3221
WBGene00020564,77,287,364
WBGene00020565,31,1261,1292
WBGene00020566,44,595,639
WBGene00020567,15,57,72
WBGene00020568,251,2384,2635
WBGene00020569,74,466,540
WBGene00020571,19,84,103
WBGene00020572,115,741,856
WBGene00020573,47,387,434
WBGene00020574,12,29,41
WBGene00020575,35,105,140
WBGene00020576,2,129,131
WBGene00020577,3,89,92
WBGene00020578,0,2,2
WBGene00020579,60,366,426
WBGene00020580,2,4,6
WBGene00020581,513,2411,2924
WBGene00020582,8,340,348
WBGene00020583,4,74,78
WBGene00020584,5,9,14
WBGene00020585,582,11893,12475
WBGene00020586,68,291,359
WBGene00020587,87,946,1033
WBGene00020588,124,1814,1938
WBGene00020589,761,8555,9316
WBGene00020590,39,117,156
WBGene00020592,104,950,1054
WBGene00020593,18,324,342
WBGene00020594,5,14,19
WBGene00020595,31,318,349
WBGene00020596,64,837,901
WBGene00020597,0,3,3
WBGene00020598,5,6,11
WBGene00020599,157,458,615
WBGene00020600,164,1490,1654
WBGene00020601,56,2327,2383
WBGene00020602,10,26,36
WBGene00020603,0,0,0
WBGene00020604,49,3577,3626
WBGene00020605,82,943,1025
WBGene00020607,2,3,5
WBGene00020608,3,8,11
WBGene00020609,5,1,6
WBGene00020611,9,2,11
WBGene00020612,31,225,256
WBGene00020613,0,0,0
WBGene00020616,2,10,12
WBGene00020617,0,42,42
WBGene00020618,2,6,8
WBGene00020620,6,16,22
WBGene00020623,2,3,5
WBGene00020624,1,0,1
WBGene00020625,36,1103,1139
WBGene00020626,26,146,172
WBGene00020627,51,54,105
WBGene00020628,125,1041,1166
WBGene00020629,62,1050,1112
WBGene00020630,81,709,790
WBGene00020631,0,3,3
WBGene00020633,44,1079,1123
WBGene00020634,17,37,54
WBGene00020635,7,8,15
WBGene00020636,56,13295,13351
WBGene00020637,2,0,2
WBGene00020638,6,3,9
WBGene00020639,1,1,2
WBGene00020640,0,1,1
WBGene00020642,0,20,20
WBGene00020645,2,44,46
WBGene00020646,4,28,32
WBGene00020647,72,1455,1527
WBGene00020648,3,14,17
WBGene00020649,53,237,290
WBGene00020650,2,12,14
WBGene00020651,63,666,729
WBGene00020652,3,63,66
WBGene00020653,3,15,18
WBGene00020655,3,5,8
WBGene00020656,1,3,4
WBGene00020657,88,177,265
WBGene00020658,35,1009,1044
WBGene00020659,6,337,343
WBGene00020660,1,62,63
WBGene00020661,0,12,12
WBGene00020662,123,1271,1394
WBGene00020663,58,165,223
WBGene00020664,62,564,626
WBGene00020665,1,6,7
WBGene00020666,7,5,12
WBGene00020667,2,3,5
WBGene00020669,12,2,14
WBGene00020670,2,14,16
WBGene00020672,391,32,423
WBGene00020673,51,669,720
WBGene00020674,7,26,33
WBGene00020675,10,299,309
WBGene00020678,41,537,578
WBGene00020679,274,10173,10447
WBGene00020680,2,8,10
WBGene00020681,0,0,0
WBGene00020682,262,3127,3389
WBGene00020683,108,8136,8244
WBGene00020684,9,114,123
WBGene00020685,0,0,0
WBGene00020686,17,11,28
WBGene00020687,109,2716,2825
WBGene00020688,3,15,18
WBGene00020689,175,669,844
WBGene00020690,132,630,762
WBGene00020691,86,93,179
WBGene00020692,25,147,172
WBGene00020693,135,1053,1188
WBGene00020694,44,161,205
WBGene00020695,61,1182,1243
WBGene00020696,306,12575,12881
WBGene00020697,38,180,218
WBGene00020698,8,18,26
WBGene00020699,81,156,237
WBGene00020700,2,112,114
WBGene00020701,39,325,364
WBGene00020702,11,10,21
WBGene00020703,257,5478,5735
WBGene00020704,5,10,15
WBGene00020705,263,1225,1488
WBGene00020706,301,590,891
WBGene00020707,1,12,13
WBGene00020708,8,136,144
WBGene00020709,17,1011,1028
WBGene00020710,39,2908,2947
WBGene00020712,65,212,277
WBGene00020713,5,10,15
WBGene00020714,10,197,207
WBGene00020715,0,13,13
WBGene00020716,33,348,381
WBGene00020717,228,1888,2116
WBGene00020718,31,1486,1517
WBGene00020719,53,1968,2021
WBGene00020720,3,40,43
WBGene00020721,38,369,407
WBGene00020722,94,1388,1482
WBGene00020725,8,184,192
WBGene00020726,46,694,740
WBGene00020727,21,176,197
WBGene00020728,15,13,28
WBGene00020730,4,9,13
WBGene00020732,509,6376,6885
WBGene00020735,364,2009,2373
WBGene00020736,957,2241,3198
WBGene00020737,55,253,308
WBGene00020738,163,3102,3265
WBGene00020740,14,415,429
WBGene00020741,5,179,184
WBGene00020742,157,1052,1209
WBGene00020743,38,406,444
WBGene00020744,1,281,282
WBGene00020746,3,23,26
WBGene00020747,0,26,26
WBGene00020748,2,9,11
WBGene00020749,6,26,32
WBGene00020750,6,21,27
WBGene00020752,1,0,1
WBGene00020753,0,1,1
WBGene00020754,0,0,0
WBGene00020755,2,2,4
WBGene00020756,104,1350,1454
WBGene00020757,27,485,512
WBGene00020758,45,152,197
WBGene00020759,6,85,91
WBGene00020760,20,163,183
WBGene00020761,81,496,577
WBGene00020762,181,2523,2704
WBGene00020763,140,628,768
WBGene00020764,6,7,13
WBGene00020765,42,213,255
WBGene00020766,4,74,78
WBGene00020767,77,1650,1727
WBGene00020769,4,2,6
WBGene00020770,307,832,1139
WBGene00020771,0,8,8
WBGene00020772,1,4,5
WBGene00020773,2,9,11
WBGene00020774,4,21,25
WBGene00020775,11,16,27
WBGene00020777,68,249,317
WBGene00020778,3,34,37
WBGene00020779,457,2671,3128
WBGene00020781,290,3793,4083
WBGene00020782,81,846,927
WBGene00020783,60,204,264
WBGene00020784,187,1644,1831
WBGene00020785,2,7,9
WBGene00020786,26,127,153
WBGene00020787,4,18,22
WBGene00020788,19,205,224
WBGene00020789,2,20,22
WBGene00020790,66,579,645
WBGene00020791,1,4,5
WBGene00020792,4,23,27
WBGene00020793,32,25,57
WBGene00020794,7,7,14
WBGene00020795,14,3,17
WBGene00020796,45,3308,3353
WBGene00020797,8,17,25
WBGene00020798,50,360,410
WBGene00020799,7,224,231
WBGene00020800,22,303,325
WBGene00020801,16,570,586
WBGene00020802,3,23,26
WBGene00020803,77,954,1031
WBGene00020804,3,15,18
WBGene00020805,0,13,13
WBGene00020806,29,218,247
WBGene00020807,25,50,75
WBGene00020808,16924,191299,208223
WBGene00020809,0,4,4
WBGene00020810,2,4,6
WBGene00020811,120,773,893
WBGene00020812,549,10394,10943
WBGene00020813,19,22,41
WBGene00020817,3,193,196
WBGene00020819,21,217,238
WBGene00020820,19,505,524
WBGene00020821,115,2572,2687
WBGene00020822,104,611,715
WBGene00020823,106,501,607
WBGene00020824,230,1741,1971
WBGene00020825,93,603,696
WBGene00020826,41,59,100
WBGene00020827,71,3564,3635
WBGene00020828,0,8,8
WBGene00020829,13,5,18
WBGene00020830,120,463,583
WBGene00020831,56,1539,1595
WBGene00020832,7,4,11
WBGene00020833,20,233,253
WBGene00020834,46,52,98
WBGene00020835,73,12,85
WBGene00020836,153,4030,4183
WBGene00020837,7,139,146
WBGene00020838,495,5362,5857
WBGene00020839,107,1631,1738
WBGene00020840,0,25,25
WBGene00020841,1,2,3
WBGene00020842,23,313,336
WBGene00020843,10,248,258
WBGene00020844,0,729,729
WBGene00020845,2,7,9
WBGene00020846,160,489,649
WBGene00020847,41,203,244
WBGene00020849,11,72,83
WBGene00020850,5,34,39
WBGene00020851,6,15,21
WBGene00020852,138,923,1061
WBGene00020853,13,144,157
WBGene00020854,440,16791,17231
WBGene00020855,114,409,523
WBGene00020856,4,3,7
WBGene00020857,24,24,48
WBGene00020858,54,55,109
WBGene00020859,4,9,13
WBGene00020860,0,59,59
WBGene00020861,166,615,781
WBGene00020862,105,1334,1439
WBGene00020863,10,22,32
WBGene00020864,27,29,56
WBGene00020865,55,592,647
WBGene00020866,297,1767,2064
WBGene00020867,332,2309,2641
WBGene00020868,1151,16790,17941
WBGene00020869,34,571,605
WBGene00020870,1,3,4
WBGene00020871,0,0,0
WBGene00020874,0,1,1
WBGene00020875,1,1,2
WBGene00020877,2,17,19
WBGene00020878,19,302,321
WBGene00020879,3,3,6
WBGene00020880,4,2,6
WBGene00020881,2,6,8
WBGene00020882,4,5,9
WBGene00020883,16,609,625
WBGene00020884,291,2696,2987
WBGene00020886,83,7481,7564
WBGene00020887,61,381,442
WBGene00020888,3,9,12
WBGene00020889,20,187,207
WBGene00020890,0,1,1
WBGene00020891,234,1751,1985
WBGene00020892,4,5,9
WBGene00020893,13,43,56
WBGene00020894,1536,48614,50150
WBGene00020895,708,4845,5553
WBGene00020896,3,270,273
WBGene00020897,338,1916,2254
WBGene00020898,15,239,254
WBGene00020899,0,24,24
WBGene00020900,9,5,14
WBGene00020901,91,740,831
WBGene00020902,638,3322,3960
WBGene00020903,35,37,72
WBGene00020904,101,96,197
WBGene00020905,0,1,1
WBGene00020906,21,122,143
WBGene00020907,4,16,20
WBGene00020908,43,442,485
WBGene00020909,80,530,610
WBGene00020910,14,217,231
WBGene00020911,31,186,217
WBGene00020912,84,2616,2700
WBGene00020913,2,11,13
WBGene00020914,6,7,13
WBGene00020915,214,23413,23627
WBGene00020917,257,2811,3068
WBGene00020918,3,14,17
WBGene00020919,46,742,788
WBGene00020920,218,636,854
WBGene00020921,55,1602,1657
WBGene00020922,0,7,7
WBGene00020923,0,10,10
WBGene00020924,22,267,289
WBGene00020927,89,1,90
WBGene00020929,143,1732,1875
WBGene00020930,2211,8171,10382
WBGene00020931,19,3537,3556
WBGene00020932,192,2407,2599
WBGene00020933,36,1275,1311
WBGene00020935,183,1258,1441
WBGene00020936,73,1805,1878
WBGene00020937,16,656,672
WBGene00020938,4,23,27
WBGene00020939,48,1260,1308
WBGene00020940,2,4,6
WBGene00020941,10,23,33
WBGene00020942,279,1981,2260
WBGene00020943,2,12,14
WBGene00020944,4,4,8
WBGene00020945,56,1,57
WBGene00020946,9,7,16
WBGene00020947,31,216,247
WBGene00020948,1,25,26
WBGene00020949,22,402,424
WBGene00020950,279,13916,14195
WBGene00020951,209,2463,2672
WBGene00020952,149,218,367
WBGene00020953,0,19,19
WBGene00020954,49,425,474
WBGene00020955,225,226,451
WBGene00020957,103,617,720
WBGene00020961,18,9,27
WBGene00020962,23,148,171
WBGene00020964,128,493,621
WBGene00020966,11,34,45
WBGene00020967,8,15,23
WBGene00020970,144,1079,1223
WBGene00020972,5,11,16
WBGene00020973,2,1,3
WBGene00020974,0,0,0
WBGene00020976,9,10,19
WBGene00020977,13,30,43
WBGene00020978,4,0,4
WBGene00020979,0,1,1
WBGene00020982,1,0,1
WBGene00020983,3,10,13
WBGene00020984,3,3,6
WBGene00020985,29,46,75
WBGene00020986,18,114,132
WBGene00020987,3,7,10
WBGene00020988,0,3,3
WBGene00020989,21,18,39
WBGene00020990,1,8,9
WBGene00020993,60,1663,1723
WBGene00020994,29,2377,2406
WBGene00020995,13,66,79
WBGene00020997,56,305,361
WBGene00020999,48,867,915
WBGene00021000,11,527,538
WBGene00021002,86,1220,1306
WBGene00021003,1,9,10
WBGene00021004,273,4331,4604
WBGene00021005,8,24,32
WBGene00021006,4,4,8
WBGene00021007,4,8,12
WBGene00021008,13,33,46
WBGene00021009,1723,3770,5493
WBGene00021010,6,1,7
WBGene00021011,0,74,74
WBGene00021012,101,589,690
WBGene00021013,18,2,20
WBGene00021014,6,145,151
WBGene00021015,1,156,157
WBGene00021016,4,12,16
WBGene00021017,15,91,106
WBGene00021019,95,1138,1233
WBGene00021020,98,162,260
WBGene00021021,475,2222,2697
WBGene00021022,428,971,1399
WBGene00021023,0,7,7
WBGene00021024,359,5078,5437
WBGene00021025,20,28,48
WBGene00021026,320,5281,5601
WBGene00021027,53,244,297
WBGene00021028,12,14,26
WBGene00021029,0,23,23
WBGene00021030,5,21,26
WBGene00021031,8,53,61
WBGene00021032,9,3,12
WBGene00021033,0,0,0
WBGene00021034,1,28,29
WBGene00021035,7,74,81
WBGene00021036,1202,6077,7279
WBGene00021038,65,291,356
WBGene00021039,30,502,532
WBGene00021040,10,40,50
WBGene00021041,9,15,24
WBGene00021042,1,30,31
WBGene00021043,80,26453,26533
WBGene00021044,158,1805,1963
WBGene00021045,2,39,41
WBGene00021046,158,1074,1232
WBGene00021047,263,2586,2849
WBGene00021048,69,383,452
WBGene00021049,64,708,772
WBGene00021051,29,671,700
WBGene00021052,14,16,30
WBGene00021053,2,64,66
WBGene00021054,0,4,4
WBGene00021055,44,126,170
WBGene00021056,4,59,63
WBGene00021057,35,823,858
WBGene00021058,176,701,877
WBGene00021059,243,1066,1309
WBGene00021060,14,80,94
WBGene00021061,75,667,742
WBGene00021063,46,856,902
WBGene00021066,4,291,295
WBGene00021067,4,11,15
WBGene00021068,333,18010,18343
WBGene00021070,14,50,64
WBGene00021072,11,6,17
WBGene00021073,327,5323,5650
WBGene00021074,66,2677,2743
WBGene00021075,11346,124,11470
WBGene00021076,35,200,235
WBGene00021078,625,2940,3565
WBGene00021079,780,7149,7929
WBGene00021080,276,2058,2334
WBGene00021081,25,20,45
WBGene00021082,5,480,485
WBGene00021083,0,14,14
WBGene00021084,5,35,40
WBGene00021085,0,53,53
WBGene00021086,0,0,0
WBGene00021087,9,26,35
WBGene00021088,180,16574,16754
WBGene00021089,69,201,270
WBGene00021090,12,3,15
WBGene00021091,1,2,3
WBGene00021092,1,0,1
WBGene00021093,36,2940,2976
WBGene00021094,19,37,56
WBGene00021095,68,2372,2440
WBGene00021096,19,1,20
WBGene00021097,152,2714,2866
WBGene00021098,0,58,58
WBGene00021099,1,5,6
WBGene00021101,1,29,30
WBGene00021103,192,886,1078
WBGene00021104,78,835,913
WBGene00021105,36,4,40
WBGene00021106,0,0,0
WBGene00021107,0,0,0
WBGene00021108,0,0,0
WBGene00021109,0,4,4
WBGene00021110,5,7,12
WBGene00021111,24,324,348
WBGene00021112,5,1031,1036
WBGene00021113,0,0,0
WBGene00021114,0,2,2
WBGene00021115,4,15,19
WBGene00021116,76,731,807
WBGene00021117,2,19,21
WBGene00021118,0,4,4
WBGene00021120,2,31,33
WBGene00021121,6,57,63
WBGene00021122,0,1,1
WBGene00021123,26,321,347
WBGene00021124,77,156,233
WBGene00021125,23,84,107
WBGene00021126,13,63,76
WBGene00021127,7,149,156
WBGene00021128,468,5898,6366
WBGene00021129,16,17,33
WBGene00021131,65,625,690
WBGene00021132,171,994,1165
WBGene00021133,212,4741,4953
WBGene00021134,3,19,22
WBGene00021135,3,4,7
WBGene00021136,6,33,39
WBGene00021137,2,2,4
WBGene00021138,0,1,1
WBGene00021139,0,0,0
WBGene00021141,1,0,1
WBGene00021142,0,0,0
WBGene00021143,0,0,0
WBGene00021144,2,2,4
WBGene00021145,2,0,2
WBGene00021146,88,572,660
WBGene00021148,6,53,59
WBGene00021149,220,2135,2355
WBGene00021150,0,1,1
WBGene00021152,177,240,417
WBGene00021153,1,1,2
WBGene00021154,0,0,0
WBGene00021155,11,580,591
WBGene00021156,39,293,332
WBGene00021157,24,105,129
WBGene00021158,5,52,57
WBGene00021159,50,207,257
WBGene00021160,56,154,210
WBGene00021161,1408,9751,11159
WBGene00021162,0,1,1
WBGene00021163,14,174,188
WBGene00021164,3,1,4
WBGene00021165,0,2,2
WBGene00021166,1,1,2
WBGene00021167,7,19,26
WBGene00021168,4,25,29
WBGene00021169,0,2,2
WBGene00021170,25,1952,1977
WBGene00021171,73,565,638
WBGene00021172,0,1,1
WBGene00021173,0,1,1
WBGene00021174,0,0,0
WBGene00021175,7,5,12
WBGene00021176,76,344,420
WBGene00021177,0,1,1
WBGene00021178,2,31,33
WBGene00021179,3,2,5
WBGene00021180,11,22,33
WBGene00021182,8,12,20
WBGene00021183,5,33,38
WBGene00021184,2,0,2
WBGene00021185,62,478,540
WBGene00021186,47,103,150
WBGene00021187,125,104,229
WBGene00021188,0,3,3
WBGene00021189,1,2,3
WBGene00021190,3,32,35
WBGene00021191,170,1697,1867
WBGene00021192,20,245,265
WBGene00021193,7,1,8
WBGene00021194,0,0,0
WBGene00021195,13,133,146
WBGene00021196,12,74,86
WBGene00021197,2,0,2
WBGene00021198,3,3,6
WBGene00021199,125,34,159
WBGene00021200,32,109,141
WBGene00021201,8,228,236
WBGene00021202,93,1257,1350
WBGene00021204,14,141,155
WBGene00021205,27,999,1026
WBGene00021207,5,2,7
WBGene00021208,99,1014,1113
WBGene00021209,248,978,1226
WBGene00021210,81,1057,1138
WBGene00021212,7,20,27
WBGene00021213,30,115,145
WBGene00021214,8,25,33
WBGene00021215,25,65,90
WBGene00021216,0,0,0
WBGene00021217,0,0,0
WBGene00021219,0,0,0
WBGene00021220,0,0,0
WBGene00021221,0,0,0
WBGene00021222,0,0,0
WBGene00021223,0,0,0
WBGene00021224,0,0,0
WBGene00021226,0,0,0
WBGene00021227,0,0,0
WBGene00021228,0,0,0
WBGene00021232,4,12,16
WBGene00021235,4,4,8
WBGene00021236,0,54,54
WBGene00021237,224,727,951
WBGene00021238,319,197,516
WBGene00021239,349,639,988
WBGene00021241,2,3,5
WBGene00021243,0,2,2
WBGene00021244,72,50,122
WBGene00021245,50,427,477
WBGene00021246,61,305,366
WBGene00021247,134,375,509
WBGene00021248,2617,61268,63885
WBGene00021249,9,26,35
WBGene00021250,0,1,1
WBGene00021251,0,8,8
WBGene00021252,2,9,11
WBGene00021253,7,169,176
WBGene00021254,51,104,155
WBGene00021256,20,8,28
WBGene00021257,14,55,69
WBGene00021259,19,18,37
WBGene00021260,119,815,934
WBGene00021261,6,3,9
WBGene00021262,3,1,4
WBGene00021263,13,13,26
WBGene00021264,34,410,444
WBGene00021266,11,0,11
WBGene00021267,17,87,104
WBGene00021268,6,1145,1151
WBGene00021269,84,386,470
WBGene00021270,9,2165,2174
WBGene00021271,52,198,250
WBGene00021272,79,1457,1536
WBGene00021274,99,961,1060
WBGene00021275,150,301,451
WBGene00021276,402,1505,1907
WBGene00021277,85,2525,2610
WBGene00021279,6,33,39
WBGene00021280,0,2,2
WBGene00021281,1260,4064,5324
WBGene00021282,22,148,170
WBGene00021283,14,29,43
WBGene00021284,7,9,16
WBGene00021285,0,55,55
WBGene00021286,235,3172,3407
WBGene00021287,2,17,19
WBGene00021288,6,16,22
WBGene00021289,1,10,11
WBGene00021290,0,1,1
WBGene00021291,5,1,6
WBGene00021292,277,3890,4167
WBGene00021293,0,6,6
WBGene00021294,198,981,1179
WBGene00021295,196,956,1152
WBGene00021296,21,1033,1054
WBGene00021297,6,9,15
WBGene00021298,3,0,3
WBGene00021299,0,4,4
WBGene00021300,0,3,3
WBGene00021301,12,22,34
WBGene00021302,5,13,18
WBGene00021303,0,7,7
WBGene00021304,105,386,491
WBGene00021305,221,881,1102
WBGene00021309,45,301,346
WBGene00021310,6,15,21
WBGene00021311,75,1013,1088
WBGene00021312,75,3041,3116
WBGene00021313,119,892,1011
WBGene00021314,54,764,818
WBGene00021315,41,901,942
WBGene00021316,245,2818,3063
WBGene00021317,4,0,4
WBGene00021319,130,665,795
WBGene00021320,134,565,699
WBGene00021321,10,21,31
WBGene00021322,98,738,836
WBGene00021323,97,1344,1441
WBGene00021324,59,480,539
WBGene00021325,41,314,355
WBGene00021326,16,119,135
WBGene00021327,1317,4523,5840
WBGene00021328,40,328,368
WBGene00021329,133,1027,1160
WBGene00021331,130,5133,5263
WBGene00021332,247,246,493
WBGene00021333,151,275,426
WBGene00021334,671,1154,1825
WBGene00021335,0,152,152
WBGene00021336,3,5,8
WBGene00021337,6,25,31
WBGene00021338,1,25,26
WBGene00021339,2,2,4
WBGene00021340,51,351,402
WBGene00021343,100,212,312
WBGene00021344,658,113,771
WBGene00021345,0,0,0
WBGene00021346,319,1661,1980
WBGene00021347,271,4359,4630
WBGene00021348,326,4106,4432
WBGene00021349,55,403,458
WBGene00021350,38671,359816,398487
WBGene00021351,1072,3402,4474
WBGene00021352,174,1766,1940
WBGene00021353,81,265,346
WBGene00021354,16,52,68
WBGene00021355,636,4277,4913
WBGene00021357,53,149,202
WBGene00021358,3,13,16
WBGene00021359,108,1211,1319
WBGene00021362,87,299,386
WBGene00021363,156,377,533
WBGene00021364,0,21,21
WBGene00021365,158,1043,1201
WBGene00021366,111,918,1029
WBGene00021367,89,805,894
WBGene00021368,4,2,6
WBGene00021369,81,1112,1193
WBGene00021370,171,1341,1512
WBGene00021371,33,390,423
WBGene00021372,23,974,997
WBGene00021373,2,3,5
WBGene00021374,205,575,780
WBGene00021375,21,331,352
WBGene00021376,88,490,578
WBGene00021377,44,1055,1099
WBGene00021378,93,966,1059
WBGene00021379,14,182,196
WBGene00021381,7,3,10
WBGene00021382,735,1624,2359
WBGene00021383,53,38,91
WBGene00021384,13,48,61
WBGene00021385,0,4,4
WBGene00021386,11,34,45
WBGene00021387,53,329,382
WBGene00021388,117,747,864
WBGene00021389,52,210,262
WBGene00021390,0,4,4
WBGene00021391,13,377,390
WBGene00021392,43,1373,1416
WBGene00021394,172,897,1069
WBGene00021395,159,1271,1430
WBGene00021396,46,260,306
WBGene00021397,2,19,21
WBGene00021398,0,7,7
WBGene00021400,84,689,773
WBGene00021401,30,946,976
WBGene00021402,37,492,529
WBGene00021403,0,0,0
WBGene00021404,1,0,1
WBGene00021405,0,0,0
WBGene00021406,4,2,6
WBGene00021407,0,33,33
WBGene00021408,0,0,0
WBGene00021409,0,0,0
WBGene00021410,15,16,31
WBGene00021412,29,54,83
WBGene00021413,21,3,24
WBGene00021414,1,0,1
WBGene00021415,192,1506,1698
WBGene00021416,86,718,804
WBGene00021417,15,46,61
WBGene00021419,28,207,235
WBGene00021420,68,17660,17728
WBGene00021421,98,1585,1683
WBGene00021423,795,1309,2104
WBGene00021425,230,1581,1811
WBGene00021427,485,25306,25791
WBGene00021428,19,7,26
WBGene00021430,167,150,317
WBGene00021433,0,0,0
WBGene00021434,0,3,3
WBGene00021435,4,4,8
WBGene00021436,34,46,80
WBGene00021437,89,56,145
WBGene00021438,73,16,89
WBGene00021439,334,836,1170
WBGene00021440,90,467,557
WBGene00021441,210,1865,2075
WBGene00021442,52,509,561
WBGene00021443,286,948,1234
WBGene00021444,254,537,791
WBGene00021445,26,284,310
WBGene00021446,79,84,163
WBGene00021447,11,45,56
WBGene00021448,2,15,17
WBGene00021449,10,17,27
WBGene00021450,10,13,23
WBGene00021451,10,4,14
WBGene00021452,40,419,459
WBGene00021454,0,0,0
WBGene00021456,150,570,720
WBGene00021457,6,16,22
WBGene00021458,3,32,35
WBGene00021460,63,875,938
WBGene00021461,116,88,204
WBGene00021463,14,15,29
WBGene00021464,6,78,84
WBGene00021465,6,157,163
WBGene00021466,392,8992,9384
WBGene00021467,60,1200,1260
WBGene00021468,31,2319,2350
WBGene00021469,252,3127,3379
WBGene00021470,76,679,755
WBGene00021471,6,22,28
WBGene00021472,1,8,9
WBGene00021473,223,121,344
WBGene00021474,921,3382,4303
WBGene00021475,494,4824,5318
WBGene00021476,25,707,732
WBGene00021477,17,8,25
WBGene00021478,33,289,322
WBGene00021479,23,5,28
WBGene00021482,294,582,876
WBGene00021484,2,6,8
WBGene00021485,8,74,82
WBGene00021486,434,13682,14116
WBGene00021487,93,440,533
WBGene00021488,0,3,3
WBGene00021490,17,33,50
WBGene00021491,2,10,12
WBGene00021492,27,248,275
WBGene00021493,44,331,375
WBGene00021494,6,36,42
WBGene00021495,1,50,51
WBGene00021496,21,20,41
WBGene00021497,188,345,533
WBGene00021498,6,12,18
WBGene00021499,0,129,129
WBGene00021500,0,11,11
WBGene00021501,6,18,24
WBGene00021502,41,362,403
WBGene00021503,7,130,137
WBGene00021504,20,82,102
WBGene00021505,10,33,43
WBGene00021506,159,2825,2984
WBGene00021507,747,2122,2869
WBGene00021508,54,784,838
WBGene00021509,633,1117,1750
WBGene00021510,205,387,592
WBGene00021511,36,91,127
WBGene00021512,257,423,680
WBGene00021513,87,5,92
WBGene00021514,67,2017,2084
WBGene00021515,42,328,370
WBGene00021516,18,16,34
WBGene00021517,4,584,588
WBGene00021518,1,89,90
WBGene00021519,0,19,19
WBGene00021521,4,43,47
WBGene00021522,757,1201,1958
WBGene00021524,50,81,131
WBGene00021525,7,15,22
WBGene00021526,37,93,130
WBGene00021527,159,366,525
WBGene00021528,185,673,858
WBGene00021529,37,915,952
WBGene00021530,17,5,22
WBGene00021531,419,21,440
WBGene00021532,170,6338,6508
WBGene00021533,13,799,812
WBGene00021534,1128,8736,9864
WBGene00021535,913,166,1079
WBGene00021536,60,1881,1941
WBGene00021537,9,7,16
WBGene00021538,57,508,565
WBGene00021539,186,2050,2236
WBGene00021540,27,164,191
WBGene00021541,4,161,165
WBGene00021542,20,3,23
WBGene00021543,61,2449,2510
WBGene00021544,95,654,749
WBGene00021545,421,1183,1604
WBGene00021546,83,620,703
WBGene00021547,63,799,862
WBGene00021548,54,1830,1884
WBGene00021549,416,577,993
WBGene00021551,256,2152,2408
WBGene00021552,186,1274,1460
WBGene00021553,6,10,16
WBGene00021554,64,1676,1740
WBGene00021555,7,92,99
WBGene00021556,63,425,488
WBGene00021557,0,97,97
WBGene00021558,147,1427,1574
WBGene00021559,72,1166,1238
WBGene00021560,28,136,164
WBGene00021561,236,869,1105
WBGene00021562,376,5129,5505
WBGene00021563,91,1560,1651
WBGene00021564,389,1014,1403
WBGene00021565,7,22,29
WBGene00021566,0,0,0
WBGene00021567,0,1,1
WBGene00021568,0,0,0
WBGene00021569,0,0,0
WBGene00021570,0,0,0
WBGene00021571,0,0,0
WBGene00021572,0,0,0
WBGene00021573,0,0,0
WBGene00021576,4,29,33
WBGene00021577,0,2,2
WBGene00021578,1,2,3
WBGene00021579,0,1,1
WBGene00021580,0,4,4
WBGene00021581,8,3,11
WBGene00021582,1,1,2
WBGene00021583,30,99,129
WBGene00021585,4,0,4
WBGene00021586,10,32,42
WBGene00021587,4,17,21
WBGene00021589,6,1357,1363
WBGene00021590,13,101,114
WBGene00021591,1,2,3
WBGene00021592,1,1,2
WBGene00021593,20,1,21
WBGene00021594,22,27,49
WBGene00021595,193,2529,2722
WBGene00021596,82,263,345
WBGene00021597,2082,2437,4519
WBGene00021598,41,95,136
WBGene00021599,14,67,81
WBGene00021600,22,318,340
WBGene00021601,3,15,18
WBGene00021602,6,191,197
WBGene00021603,2,7,9
WBGene00021605,15,106,121
WBGene00021607,19,1241,1260
WBGene00021608,0,0,0
WBGene00021609,16,15,31
WBGene00021610,26,229,255
WBGene00021611,68,313,381
WBGene00021612,0,1,1
WBGene00021613,176,1019,1195
WBGene00021614,370,3848,4218
WBGene00021615,0,0,0
WBGene00021616,1,0,1
WBGene00021617,1,0,1
WBGene00021619,0,1,1
WBGene00021620,1,3,4
WBGene00021621,4,5,9
WBGene00021623,1,1,2
WBGene00021624,5,71,76
WBGene00021625,0,1824,1824
WBGene00021626,118,488,606
WBGene00021627,1,6,7
WBGene00021628,178,1457,1635
WBGene00021629,341,2184,2525
WBGene00021630,0,65,65
WBGene00021631,1,2,3
WBGene00021632,2,2,4
WBGene00021633,5,22,27
WBGene00021634,184,599,783
WBGene00021635,6,43,49
WBGene00021636,75,752,827
WBGene00021637,89,577,666
WBGene00021638,183,1580,1763
WBGene00021639,13,73,86
WBGene00021640,110,198,308
WBGene00021641,26,1408,1434
WBGene00021643,110,876,986
WBGene00021644,85,1920,2005
WBGene00021645,148,799,947
WBGene00021646,186,1047,1233
WBGene00021647,243,3002,3245
WBGene00021648,11,974,985
WBGene00021649,14,220,234
WBGene00021650,0,6,6
WBGene00021653,0,8,8
WBGene00021654,0,110,110
WBGene00021655,26,637,663
WBGene00021656,3,1,4
WBGene00021657,58,309,367
WBGene00021658,9,156,165
WBGene00021660,480,2356,2836
WBGene00021661,55,136,191
WBGene00021662,0,15,15
WBGene00021666,70,760,830
WBGene00021667,8,74,82
WBGene00021671,266,378,644
WBGene00021672,30,13,43
WBGene00021675,36,191,227
WBGene00021676,15,337,352
WBGene00021677,27,482,509
WBGene00021678,18,4,22
WBGene00021679,34,375,409
WBGene00021681,710,1479,2189
WBGene00021682,328,900,1228
WBGene00021683,125,379,504
WBGene00021685,979,838,1817
WBGene00021686,793,2383,3176
WBGene00021687,77,634,711
WBGene00021689,196,449,645
WBGene00021690,138,2291,2429
WBGene00021691,75,1853,1928
WBGene00021692,22,274,296
WBGene00021693,62,220,282
WBGene00021694,18,60,78
WBGene00021697,1503,5418,6921
WBGene00021698,504,1614,2118
WBGene00021700,0,7,7
WBGene00021701,6,7,13
WBGene00021702,161,886,1047
WBGene00021703,6,1,7
WBGene00021704,63,107,170
WBGene00021705,5,18,23
WBGene00021706,10,39,49
WBGene00021707,6,45,51
WBGene00021708,2,14,16
WBGene00021709,7,152,159
WBGene00021710,5,30,35
WBGene00021711,2,7,9
WBGene00021713,0,1,1
WBGene00021714,67,362,429
WBGene00021715,206,3039,3245
WBGene00021716,8,0,8
WBGene00021717,1,2,3
WBGene00021718,0,0,0
WBGene00021719,0,0,0
WBGene00021720,4,3,7
WBGene00021721,18,78,96
WBGene00021722,2,4,6
WBGene00021724,0,3,3
WBGene00021725,28,167,195
WBGene00021726,7,31,38
WBGene00021727,1,1,2
WBGene00021728,59,7,66
WBGene00021729,0,1,1
WBGene00021730,0,10,10
WBGene00021731,7,46,53
WBGene00021732,94,194,288
WBGene00021733,431,1100,1531
WBGene00021734,45,100,145
WBGene00021735,218,1031,1249
WBGene00021736,748,973,1721
WBGene00021738,166,493,659
WBGene00021739,0,139,139
WBGene00021740,212,708,920
WBGene00021741,78,44,122
WBGene00021743,141,477,618
WBGene00021744,3,1,4
WBGene00021745,49,196,245
WBGene00021746,4,9,13
WBGene00021748,78,543,621
WBGene00021749,103,638,741
WBGene00021750,34,251,285
WBGene00021751,881,201,1082
WBGene00021752,501,391,892
WBGene00021753,304,1131,1435
WBGene00021754,769,4949,5718
WBGene00021755,56,110,166
WBGene00021756,235,418,653
WBGene00021757,341,1764,2105
WBGene00021758,146,808,954
WBGene00021759,30,83,113
WBGene00021763,106,386,492
WBGene00021764,54,503,557
WBGene00021765,339,656,995
WBGene00021766,73,502,575
WBGene00021768,37,1023,1060
WBGene00021771,306,1195,1501
WBGene00021772,15,8,23
WBGene00021773,0,5,5
WBGene00021774,0,3,3
WBGene00021776,130,620,750
WBGene00021778,17,8,25
WBGene00021779,1,3,4
WBGene00021780,0,3,3
WBGene00021781,57,516,573
WBGene00021783,267,1803,2070
WBGene00021784,103,1481,1584
WBGene00021785,96,1941,2037
WBGene00021786,0,5,5
WBGene00021787,2,2,4
WBGene00021788,197,43,240
WBGene00021789,316,1233,1549
WBGene00021790,13,3,16
WBGene00021791,1,4,5
WBGene00021793,0,1,1
WBGene00021794,2,10,12
WBGene00021795,5,78,83
WBGene00021796,53,932,985
WBGene00021797,2,0,2
WBGene00021798,23,4,27
WBGene00021799,17,95,112
WBGene00021800,440,10967,11407
WBGene00021801,2,0,2
WBGene00021803,0,5,5
WBGene00021804,2,22,24
WBGene00021805,5,4,9
WBGene00021806,4,3,7
WBGene00021807,12,18,30
WBGene00021808,403,1407,1810
WBGene00021809,1,18,19
WBGene00021810,562,1223,1785
WBGene00021811,448,4458,4906
WBGene00021812,16,389,405
WBGene00021813,104,2003,2107
WBGene00021814,12,55,67
WBGene00021815,82,1474,1556
WBGene00021816,101,1879,1980
WBGene00021817,35,278,313
WBGene00021818,482,5119,5601
WBGene00021820,388,595,983
WBGene00021821,0,3,3
WBGene00021822,0,0,0
WBGene00021826,210,3285,3495
WBGene00021827,60,728,788
WBGene00021828,219,835,1054
WBGene00021829,36,4440,4476
WBGene00021830,102,4190,4292
WBGene00021831,402,1591,1993
WBGene00021832,59,157,216
WBGene00021833,30,2,32
WBGene00021834,26,800,826
WBGene00021835,49,837,886
WBGene00021837,0,3,3
WBGene00021838,338,1748,2086
WBGene00021839,391,5099,5490
WBGene00021840,231,460,691
WBGene00021841,91,246,337
WBGene00021842,299,938,1237
WBGene00021843,627,4785,5412
WBGene00021844,100,3012,3112
WBGene00021845,30,3720,3750
WBGene00021846,136,542,678
WBGene00021847,152,1283,1435
WBGene00021848,48,149,197
WBGene00021849,738,14127,14865
WBGene00021850,27,92,119
WBGene00021852,47,446,493
WBGene00021853,0,61,61
WBGene00021854,265,1617,1882
WBGene00021855,105,581,686
WBGene00021856,297,854,1151
WBGene00021857,1041,6229,7270
WBGene00021858,158,82,240
WBGene00021859,4,2,6
WBGene00021860,5,11,16
WBGene00021861,2,11,13
WBGene00021862,11,3,14
WBGene00021863,119,487,606
WBGene00021864,56,343,399
WBGene00021865,9,10,19
WBGene00021866,75,762,837
WBGene00021867,117,1240,1357
WBGene00021868,189,2247,2436
WBGene00021869,6,64,70
WBGene00021870,77,821,898
WBGene00021871,48,156,204
WBGene00021872,0,133,133
WBGene00021873,1,1,2
WBGene00021875,505,4628,5133
WBGene00021876,390,1502,1892
WBGene00021877,123,97,220
WBGene00021878,11,6,17
WBGene00021879,2,50,52
WBGene00021880,0,0,0
WBGene00021881,100,214,314
WBGene00021882,737,1144,1881
WBGene00021883,143,5519,5662
WBGene00021884,0,315,315
WBGene00021887,26,100,126
WBGene00021888,210,5946,6156
WBGene00021890,696,5612,6308
WBGene00021891,0,8,8
WBGene00021892,12,3,15
WBGene00021893,1812,3830,5642
WBGene00021894,822,7845,8667
WBGene00021895,9,8,17
WBGene00021897,146,371,517
WBGene00021898,16,262,278
WBGene00021899,461,6431,6892
WBGene00021900,107,2929,3036
WBGene00021901,24,1950,1974
WBGene00021902,91,470,561
WBGene00021903,41,1068,1109
WBGene00021904,31,603,634
WBGene00021905,142,461,603
WBGene00021906,198,850,1048
WBGene00021907,4,1,5
WBGene00021908,1,8,9
WBGene00021909,35,1207,1242
WBGene00021910,362,888,1250
WBGene00021911,7,30,37
WBGene00021912,81,434,515
WBGene00021913,56,1057,1113
WBGene00021914,163,283,446
WBGene00021915,225,1046,1271
WBGene00021916,3,37,40
WBGene00021917,9,239,248
WBGene00021918,29,1731,1760
WBGene00021919,19,133,152
WBGene00021920,363,3658,4021
WBGene00021921,1255,3042,4297
WBGene00021922,48,1915,1963
WBGene00021923,131,418,549
WBGene00021925,133,559,692
WBGene00021926,196,1859,2055
WBGene00021927,23,370,393
WBGene00021928,11,363,374
WBGene00021929,33,1520,1553
WBGene00021930,353,7324,7677
WBGene00021931,115,242,357
WBGene00021932,72,724,796
WBGene00021933,27,321,348
WBGene00021934,185,4347,4532
WBGene00021935,117,574,691
WBGene00021936,655,1881,2536
WBGene00021938,83,1660,1743
WBGene00021939,59,41,100
WBGene00021941,46,174,220
WBGene00021942,27,270,297
WBGene00021943,176,2289,2465
WBGene00021945,81,348,429
WBGene00021947,6,42,48
WBGene00021948,411,1615,2026
WBGene00021949,5,12,17
WBGene00021950,38,395,433
WBGene00021951,14,36,50
WBGene00021952,303,5342,5645
WBGene00021953,12,17,29
WBGene00021956,56,2038,2094
WBGene00021957,1,1,2
WBGene00021958,0,3,3
WBGene00021959,435,6561,6996
WBGene00021960,205,4894,5099
WBGene00021961,0,0,0
WBGene00021963,40,200,240
WBGene00021964,6,0,6
WBGene00021965,48,399,447
WBGene00021966,4,4,8
WBGene00021967,2,4,6
WBGene00021968,28,32,60
WBGene00021969,0,2,2
WBGene00021970,20,6,26
WBGene00021972,84,552,636
WBGene00021973,237,1804,2041
WBGene00021974,121,1508,1629
WBGene00021975,43,473,516
WBGene00021976,30,353,383
WBGene00021977,12,161,173
WBGene00021978,1,53,54
WBGene00021979,17,1173,1190
WBGene00021980,234,665,899
WBGene00021981,72,3952,4024
WBGene00021983,91,1331,1422
WBGene00021984,80,515,595
WBGene00021985,32,105,137
WBGene00021986,126,1081,1207
WBGene00021987,4,1,5
WBGene00021988,0,0,0
WBGene00021992,3,0,3
WBGene00021993,0,15,15
WBGene00021994,10,70,80
WBGene00021996,3,4,7
WBGene00021997,0,0,0
WBGene00021998,3,9,12
WBGene00021999,4,2,6
WBGene00022000,0,0,0
WBGene00022002,0,3,3
WBGene00022003,0,0,0
WBGene00022004,21,269,290
WBGene00022005,0,1,1
WBGene00022006,0,0,0
WBGene00022007,0,0,0
WBGene00022008,0,0,0
WBGene00022010,186,1566,1752
WBGene00022011,1,30,31
WBGene00022012,1,10,11
WBGene00022013,109,127,236
WBGene00022014,269,397,666
WBGene00022015,410,1955,2365
WBGene00022016,4,10,14
WBGene00022018,12,293,305
WBGene00022019,437,2396,2833
WBGene00022020,0,14,14
WBGene00022021,356,3676,4032
WBGene00022022,29,949,978
WBGene00022024,3,139,142
WBGene00022025,116,1634,1750
WBGene00022026,296,1842,2138
WBGene00022027,304,4573,4877
WBGene00022028,1,1,2
WBGene00022029,114,2217,2331
WBGene00022030,3,8,11
WBGene00022031,97,752,849
WBGene00022032,7,4,11
WBGene00022033,87,1840,1927
WBGene00022034,41,571,612
WBGene00022035,47,46,93
WBGene00022036,40,138,178
WBGene00022037,124,1377,1501
WBGene00022038,83,1271,1354
WBGene00022039,7,37,44
WBGene00022040,9,15,24
WBGene00022042,4130,105582,109712
WBGene00022043,21,795,816
WBGene00022044,28,1386,1414
WBGene00022045,472,3606,4078
WBGene00022046,9,19673,19682
WBGene00022047,3,135,138
WBGene00022048,1328,16268,17596
WBGene00022051,177,634,811
WBGene00022052,75,552,627
WBGene00022053,829,11968,12797
WBGene00022054,70,446,516
WBGene00022055,25,375,400
WBGene00022056,123,337,460
WBGene00022057,61,1414,1475
WBGene00022059,1247,1911,3158
WBGene00022060,9,726,735
WBGene00022061,69,51,120
WBGene00022062,36,72,108
WBGene00022063,119,1281,1400
WBGene00022064,2,1,3
WBGene00022066,0,9,9
WBGene00022067,269,748,1017
WBGene00022069,375,7542,7917
WBGene00022070,1,16,17
WBGene00022071,21,77,98
WBGene00022072,1662,23594,25256
WBGene00022073,89,592,681
WBGene00022074,277,1259,1536
WBGene00022075,399,7432,7831
WBGene00022076,8,10,18
WBGene00022077,140,1266,1406
WBGene00022078,904,2283,3187
WBGene00022083,4,4,8
WBGene00022086,31,47,78
WBGene00022087,781,1168,1949
WBGene00022089,1320,50846,52166
WBGene00022090,4,8,12
WBGene00022092,248,2819,3067
WBGene00022093,836,13162,13998
WBGene00022094,6,0,6
WBGene00022095,0,0,0
WBGene00022096,0,5,5
WBGene00022097,1,0,1
WBGene00022099,300,4320,4620
WBGene00022100,585,1280,1865
WBGene00022101,49,202,251
WBGene00022102,31,34,65
WBGene00022103,197,549,746
WBGene00022104,301,369,670
WBGene00022106,160,362,522
WBGene00022107,54,1121,1175
WBGene00022108,8,19,27
WBGene00022110,5,145,150
WBGene00022111,0,175,175
WBGene00022112,14,34,48
WBGene00022113,49,156,205
WBGene00022114,165,14034,14199
WBGene00022115,184,1692,1876
WBGene00022116,101,303,404
WBGene00022117,352,366,718
WBGene00022118,134,751,885
WBGene00022119,32,3894,3926
WBGene00022121,252,683,935
WBGene00022122,121,15948,16069
WBGene00022123,66,325,391
WBGene00022124,192,387,579
WBGene00022125,78,665,743
WBGene00022126,96,474,570
WBGene00022127,25,11307,11332
WBGene00022128,103,869,972
WBGene00022129,53,505,558
WBGene00022130,18,68,86
WBGene00022131,114,645,759
WBGene00022133,4,0,4
WBGene00022134,706,3189,3895
WBGene00022138,464,669,1133
WBGene00022139,315,1022,1337
WBGene00022140,26,14,40
WBGene00022141,21,1083,1104
WBGene00022142,19,18,37
WBGene00022143,0,8,8
WBGene00022144,92,11416,11508
WBGene00022145,12,16,28
WBGene00022146,52,2093,2145
WBGene00022148,1031,2624,3655
WBGene00022149,235,12931,13166
WBGene00022150,27,2476,2503
WBGene00022152,255,1013,1268
WBGene00022153,293,868,1161
WBGene00022154,20,276,296
WBGene00022155,60,615,675
WBGene00022156,4,31,35
WBGene00022157,5,2,7
WBGene00022158,62,609,671
WBGene00022159,279,2751,3030
WBGene00022160,19,435,454
WBGene00022161,18,394,412
WBGene00022162,0,0,0
WBGene00022165,99,452,551
WBGene00022166,177,1346,1523
WBGene00022167,261,603,864
WBGene00022168,361,1000,1361
WBGene00022169,308,3591,3899
WBGene00022170,3325,51984,55309
WBGene00022171,25,613,638
WBGene00022172,56,130,186
WBGene00022173,227,2484,2711
WBGene00022174,145,498,643
WBGene00022175,96,477,573
WBGene00022176,308,1497,1805
WBGene00022177,7,13,20
WBGene00022178,16,90,106
WBGene00022179,29,16,45
WBGene00022180,148,2729,2877
WBGene00022181,21,88,109
WBGene00022182,333,1848,2181
WBGene00022185,150,1372,1522
WBGene00022188,106,1285,1391
WBGene00022189,1,3,4
WBGene00022190,16,338,354
WBGene00022191,40,242,282
WBGene00022192,104,1363,1467
WBGene00022193,44,674,718
WBGene00022194,330,9250,9580
WBGene00022195,150,550,700
WBGene00022196,18,361,379
WBGene00022197,27,94,121
WBGene00022198,52,227,279
WBGene00022199,80,6509,6589
WBGene00022200,25,95,120
WBGene00022201,69,1346,1415
WBGene00022202,178,2912,3090
WBGene00022203,18,377,395
WBGene00022206,44,108,152
WBGene00022207,1179,15,1194
WBGene00022209,30,2,32
WBGene00022210,3,0,3
WBGene00022213,34,47,81
WBGene00022215,0,8,8
WBGene00022216,1,4,5
WBGene00022217,1,1,2
WBGene00022218,1,1,2
WBGene00022219,322,679,1001
WBGene00022221,9,107,116
WBGene00022223,5,1,6
WBGene00022224,0,3,3
WBGene00022225,0,10,10
WBGene00022228,55,111,166
WBGene00022230,949,8986,9935
WBGene00022231,84,532,616
WBGene00022232,110,763,873
WBGene00022233,173,3060,3233
WBGene00022235,1109,38093,39202
WBGene00022236,0,32,32
WBGene00022237,2,9,11
WBGene00022240,117,1101,1218
WBGene00022242,195,2622,2817
WBGene00022243,0,43,43
WBGene00022244,0,122,122
WBGene00022245,853,8918,9771
WBGene00022246,20,166,186
WBGene00022247,103,165,268
WBGene00022248,206,3833,4039
WBGene00022250,45,416,461
WBGene00022251,95,1192,1287
WBGene00022252,31,237,268
WBGene00022253,128,2604,2732
WBGene00022254,18,348,366
WBGene00022255,27,176,203
WBGene00022256,4,1,5
WBGene00022257,1,49,50
WBGene00022258,89,767,856
WBGene00022259,60,671,731
WBGene00022260,121,853,974
WBGene00022261,17,101,118
WBGene00022262,0,2,2
WBGene00022263,25,130,155
WBGene00022264,0,2,2
WBGene00022265,1,4,5
WBGene00022266,0,1,1
WBGene00022267,21,97,118
WBGene00022268,261,2565,2826
WBGene00022269,283,2387,2670
WBGene00022270,146,420,566
WBGene00022271,53,3526,3579
WBGene00022273,24,483,507
WBGene00022274,38,223,261
WBGene00022275,3,53,56
WBGene00022276,243,4046,4289
WBGene00022277,212,1837,2049
WBGene00022278,555,987,1542
WBGene00022279,110,1834,1944
WBGene00022280,98,1301,1399
WBGene00022281,307,1175,1482
WBGene00022282,0,2,2
WBGene00022283,46,347,393
WBGene00022284,95,486,581
WBGene00022285,830,658,1488
WBGene00022286,129,732,861
WBGene00022287,112,2156,2268
WBGene00022288,22,125,147
WBGene00022289,4,7,11
WBGene00022290,1,0,1
WBGene00022291,0,0,0
WBGene00022292,0,3,3
WBGene00022295,18,82,100
WBGene00022296,500,1517,2017
WBGene00022297,167,3989,4156
WBGene00022298,2,12,14
WBGene00022300,240,789,1029
WBGene00022301,564,1694,2258
WBGene00022302,121,1820,1941
WBGene00022303,2,135,137
WBGene00022306,919,2399,3318
WBGene00022307,14,1121,1135
WBGene00022308,3,1,4
WBGene00022309,173,720,893
WBGene00022310,309,1171,1480
WBGene00022311,5,1,6
WBGene00022312,2,2,4
WBGene00022313,107,129,236
WBGene00022314,50,315,365
WBGene00022315,1,6,7
WBGene00022316,123,0,123
WBGene00022317,14,105,119
WBGene00022318,1,1,2
WBGene00022319,2,0,2
WBGene00022320,10,1,11
WBGene00022321,1,3,4
WBGene00022322,0,3,3
WBGene00022323,0,2,2
WBGene00022324,0,3,3
WBGene00022325,5,91,96
WBGene00022326,3,49,52
WBGene00022327,7,13,20
WBGene00022328,3,1,4
WBGene00022329,6,50,56
WBGene00022330,0,10,10
WBGene00022331,1,6,7
WBGene00022332,4,1,5
WBGene00022333,2,18,20
WBGene00022334,27,34,61
WBGene00022335,36,127,163
WBGene00022336,1641,274598,276239
WBGene00022337,0,9,9
WBGene00022338,19,16,35
WBGene00022339,1226,5544,6770
WBGene00022340,3,1,4
WBGene00022341,2,1,3
WBGene00022342,2,0,2
WBGene00022343,1,3,4
WBGene00022344,3,3,6
WBGene00022345,1,6,7
WBGene00022346,0,19,19
WBGene00022347,201,2018,2219
WBGene00022348,96,1932,2028
WBGene00022349,35,92,127
WBGene00022350,29,612,641
WBGene00022351,2,40,42
WBGene00022352,36,37,73
WBGene00022353,0,4,4
WBGene00022354,332,682,1014
WBGene00022356,18,1296,1314
WBGene00022357,78,734,812
WBGene00022358,266,905,1171
WBGene00022360,422,1172,1594
WBGene00022361,382,933,1315
WBGene00022363,271,486,757
WBGene00022365,185,195,380
WBGene00022366,346,750,1096
WBGene00022367,227,425,652
WBGene00022368,119,1397,1516
WBGene00022369,162,993,1155
WBGene00022371,269,832,1101
WBGene00022372,132,310,442
WBGene00022373,308,5000,5308
WBGene00022374,29,226,255
WBGene00022375,1,4,5
WBGene00022376,180,1931,2111
WBGene00022377,9,65,74
WBGene00022378,783,3749,4532
WBGene00022379,22,89,111
WBGene00022380,610,5686,6296
WBGene00022381,144,1756,1900
WBGene00022382,0,978,978
WBGene00022383,56,277,333
WBGene00022385,27,15,42
WBGene00022386,245,985,1230
WBGene00022388,379,791,1170
WBGene00022389,212,1435,1647
WBGene00022390,58,180,238
WBGene00022391,366,949,1315
WBGene00022392,24,84,108
WBGene00022393,109,1291,1400
WBGene00022394,45,3402,3447
WBGene00022395,27,34,61
WBGene00022396,40,720,760
WBGene00022397,191,1399,1590
WBGene00022398,48,610,658
WBGene00022399,27,259,286
WBGene00022400,37,1864,1901
WBGene00022401,83,3449,3532
WBGene00022402,28,1397,1425
WBGene00022403,10,13,23
WBGene00022404,0,7,7
WBGene00022405,0,39,39
WBGene00022406,2,7,9
WBGene00022408,2,10,12
WBGene00022409,6,51,57
WBGene00022410,22,9608,9630
WBGene00022411,6,27,33
WBGene00022412,40,173,213
WBGene00022413,12,63,75
WBGene00022415,23,559,582
WBGene00022416,72,322,394
WBGene00022417,31,592,623
WBGene00022418,95,669,764
WBGene00022419,64,438,502
WBGene00022420,41,922,963
WBGene00022421,1,4,5
WBGene00022423,127,179,306
WBGene00022425,219,1127,1346
WBGene00022426,122,649,771
WBGene00022427,188,835,1023
WBGene00022428,48,383,431
WBGene00022429,1,0,1
WBGene00022431,46,6,52
WBGene00022433,19,1,20
WBGene00022434,740,802,1542
WBGene00022435,146,236,382
WBGene00022438,0,0,0
WBGene00022439,5,4,9
WBGene00022440,6,17,23
WBGene00022441,99,917,1016
WBGene00022442,0,0,0
WBGene00022443,0,0,0
WBGene00022444,0,0,0
WBGene00022445,3,7,10
WBGene00022446,1,3,4
WBGene00022447,222,127,349
WBGene00022448,126,381,507
WBGene00022450,39,204,243
WBGene00022452,1,116,117
WBGene00022453,286,2319,2605
WBGene00022454,60,34,94
WBGene00022455,28,1637,1665
WBGene00022456,142,2207,2349
WBGene00022457,77,624,701
WBGene00022458,11,2522,2533
WBGene00022459,65,601,666
WBGene00022460,94,901,995
WBGene00022462,15,230,245
WBGene00022463,217,1862,2079
WBGene00022465,60,711,771
WBGene00022466,61,976,1037
WBGene00022467,0,8,8
WBGene00022469,13,147,160
WBGene00022470,475,3665,4140
WBGene00022471,54,316,370
WBGene00022472,457,5655,6112
WBGene00022473,1566,4418,5984
WBGene00022474,10,49,59
WBGene00022475,66,1366,1432
WBGene00022476,1,1,2
WBGene00022477,1,47,48
WBGene00022478,3,20,23
WBGene00022479,5,4,9
WBGene00022481,0,0,0
WBGene00022482,0,0,0
WBGene00022483,0,0,0
WBGene00022484,8,94,102
WBGene00022485,61,211,272
WBGene00022486,5,13,18
WBGene00022487,2,20,22
WBGene00022488,106,649,755
WBGene00022489,395,3269,3664
WBGene00022490,8,54,62
WBGene00022491,100,133,233
WBGene00022492,94,3209,3303
WBGene00022493,161,970,1131
WBGene00022494,79,171,250
WBGene00022495,1,6,7
WBGene00022496,0,0,0
WBGene00022497,0,1393,1393
WBGene00022498,6,31,37
WBGene00022499,200,5972,6172
WBGene00022500,517,6296,6813
WBGene00022501,586,907,1493
WBGene00022502,63,586,649
WBGene00022503,9,98,107
WBGene00022504,69,104,173
WBGene00022505,272,151,423
WBGene00022506,4,51,55
WBGene00022507,25,337,362
WBGene00022508,0,7,7
WBGene00022509,0,4,4
WBGene00022511,26,6,32
WBGene00022512,1,1,2
WBGene00022515,52,803,855
WBGene00022516,51,2086,2137
WBGene00022517,75,230,305
WBGene00022518,411,1596,2007
WBGene00022519,306,1775,2081
WBGene00022522,25,209,234
WBGene00022527,32,37,69
WBGene00022528,4,16,20
WBGene00022529,5,2,7
WBGene00022530,12,115,127
WBGene00022531,39,874,913
WBGene00022532,8,126,134
WBGene00022533,20,159,179
WBGene00022534,154,1545,1699
WBGene00022536,9,10,19
WBGene00022537,12,52,64
WBGene00022538,133,2541,2674
WBGene00022539,113,2533,2646
WBGene00022540,39,39,78
WBGene00022541,0,1,1
WBGene00022542,2,4,6
WBGene00022543,2,0,2
WBGene00022544,15,19,34
WBGene00022546,11,9,20
WBGene00022547,2,19,21
WBGene00022548,2,1,3
WBGene00022549,12,25,37
WBGene00022550,5,12,17
WBGene00022551,0,3,3
WBGene00022552,0,17,17
WBGene00022553,1,5,6
WBGene00022554,26,472,498
WBGene00022555,0,0,0
WBGene00022556,0,0,0
WBGene00022557,1,6,7
WBGene00022558,0,0,0
WBGene00022559,0,1,1
WBGene00022560,0,5,5
WBGene00022561,0,0,0
WBGene00022562,45,248,293
WBGene00022563,1,0,1
WBGene00022564,50,287,337
WBGene00022565,3,10,13
WBGene00022566,2,8,10
WBGene00022567,23,81,104
WBGene00022568,12,253,265
WBGene00022569,16,1138,1154
WBGene00022570,0,9,9
WBGene00022571,0,0,0
WBGene00022572,0,0,0
WBGene00022573,2,7,9
WBGene00022574,0,18,18
WBGene00022575,0,0,0
WBGene00022576,23,167,190
WBGene00022577,39,282,321
WBGene00022578,0,0,0
WBGene00022579,299,3081,3380
WBGene00022580,133,943,1076
WBGene00022581,3,9,12
WBGene00022582,0,0,0
WBGene00022583,592,5222,5814
WBGene00022584,82,300,382
WBGene00022586,1,38,39
WBGene00022587,1,8,9
WBGene00022588,30,333,363
WBGene00022589,17,1,18
WBGene00022590,4,42,46
WBGene00022591,136,1221,1357
WBGene00022592,263,1006,1269
WBGene00022593,105,314,419
WBGene00022594,3,8,11
WBGene00022596,2,1,3
WBGene00022597,59,803,862
WBGene00022598,73,1220,1293
WBGene00022599,1473,31677,33150
WBGene00022600,2,0,2
WBGene00022601,34,118,152
WBGene00022602,10,2,12
WBGene00022603,107,1541,1648
WBGene00022604,0,5,5
WBGene00022605,0,8,8
WBGene00022606,16,35,51
WBGene00022607,0,0,0
WBGene00022608,139,745,884
WBGene00022609,49,299,348
WBGene00022610,25,102,127
WBGene00022611,30,111,141
WBGene00022612,19,137,156
WBGene00022613,56,439,495
WBGene00022614,75,1636,1711
WBGene00022615,14,806,820
WBGene00022616,3,2,5
WBGene00022617,0,0,0
WBGene00022618,180,3180,3360
WBGene00022619,0,27,27
WBGene00022620,81,1144,1225
WBGene00022621,3,0,3
WBGene00022623,3,390,393
WBGene00022624,44,67,111
WBGene00022625,0,0,0
WBGene00022627,9,18,27
WBGene00022628,3,16,19
WBGene00022629,27,250,277
WBGene00022631,15,187,202
WBGene00022632,6,5,11
WBGene00022633,42,300,342
WBGene00022634,7,7,14
WBGene00022635,213,426,639
WBGene00022637,1,3,4
WBGene00022638,1,2,3
WBGene00022639,0,4,4
WBGene00022640,3,1,4
WBGene00022641,4,42,46
WBGene00022642,17,238,255
WBGene00022643,5,33,38
WBGene00022644,22,298,320
WBGene00022645,28,252,280
WBGene00022646,10,921,931
WBGene00022647,89,620,709
WBGene00022648,315,437,752
WBGene00022649,20,223,243
WBGene00022650,224,288,512
WBGene00022651,0,3,3
WBGene00022652,0,1,1
WBGene00022653,8,66,74
WBGene00022654,4,3,7
WBGene00022655,10,33,43
WBGene00022656,4,112,116
WBGene00022657,14,907,921
WBGene00022660,0,28,28
WBGene00022661,37,130,167
WBGene00022662,10,39,49
WBGene00022663,75,1055,1130
WBGene00022664,40,816,856
WBGene00022665,77,784,861
WBGene00022666,82,1088,1170
WBGene00022667,248,2105,2353
WBGene00022668,342,1761,2103
WBGene00022669,0,3,3
WBGene00022670,1,0,1
WBGene00022671,5,21,26
WBGene00022672,150,769,919
WBGene00022673,53,474,527
WBGene00022674,0,1,1
WBGene00022675,632,1436,2068
WBGene00022677,45,522,567
WBGene00022678,161,6084,6245
WBGene00022679,2,1238,1240
WBGene00022680,23,197,220
WBGene00022681,33,128,161
WBGene00022682,40,128,168
WBGene00022683,83,555,638
WBGene00022685,2,2,4
WBGene00022689,1,0,1
WBGene00022690,6,9,15
WBGene00022691,3,3,6
WBGene00022692,0,0,0
WBGene00022694,58,850,908
WBGene00022695,55,389,444
WBGene00022696,40,190,230
WBGene00022697,168,1588,1756
WBGene00022698,20,131,151
WBGene00022699,2,9,11
WBGene00022700,15,152,167
WBGene00022702,3,475,478
WBGene00022703,193,1868,2061
WBGene00022704,57,712,769
WBGene00022705,5,38,43
WBGene00022706,9,107,116
WBGene00022707,3,7,10
WBGene00022708,0,14,14
WBGene00022709,22,118,140
WBGene00022710,2,1,3
WBGene00022711,10,9,19
WBGene00022712,22,223,245
WBGene00022713,0,3,3
WBGene00022714,2,3,5
WBGene00022715,9,36,45
WBGene00022716,2,0,2
WBGene00022717,68,967,1035
WBGene00022718,187,1879,2066
WBGene00022719,169,2185,2354
WBGene00022720,14,306,320
WBGene00022721,26,573,599
WBGene00022722,159,2634,2793
WBGene00022723,27,7,34
WBGene00022724,2,9,11
WBGene00022725,8,95,103
WBGene00022726,0,3,3
WBGene00022727,85,951,1036
WBGene00022728,16,2,18
WBGene00022729,0,1,1
WBGene00022730,132,428,560
WBGene00022731,17,9,26
WBGene00022732,10,43,53
WBGene00022733,189,153,342
WBGene00022734,91,3584,3675
WBGene00022735,16,68,84
WBGene00022736,22,295,317
WBGene00022737,4,268,272
WBGene00022738,352,5511,5863
WBGene00022739,217,2248,2465
WBGene00022741,24,9,33
WBGene00022742,125,2202,2327
WBGene00022743,102,772,874
WBGene00022744,23,136,159
WBGene00022745,1014,7364,8378
WBGene00022746,0,11,11
WBGene00022747,3,34,37
WBGene00022748,207,23711,23918
WBGene00022749,58,2276,2334
WBGene00022750,792,2990,3782
WBGene00022751,0,1,1
WBGene00022752,13,146,159
WBGene00022753,4,3,7
WBGene00022754,0,5,5
WBGene00022756,4,55,59
WBGene00022757,3,5,8
WBGene00022758,1,0,1
WBGene00022759,54,2037,2091
WBGene00022761,1,10,11
WBGene00022762,70,401,471
WBGene00022765,615,6302,6917
WBGene00022766,133,2094,2227
WBGene00022767,25,381,406
WBGene00022769,42,735,777
WBGene00022770,34,681,715
WBGene00022771,100,726,826
WBGene00022772,22,81,103
WBGene00022773,208,410,618
WBGene00022774,73,2342,2415
WBGene00022775,1,101,102
WBGene00022776,23,3191,3214
WBGene00022778,1,1,2
WBGene00022780,1,1,2
WBGene00022781,60,3473,3533
WBGene00022782,21,514,535
WBGene00022783,388,3741,4129
WBGene00022785,133,1505,1638
WBGene00022786,14,681,695
WBGene00022787,53,822,875
WBGene00022788,23,867,890
WBGene00022789,10,65,75
WBGene00022790,42,394,436
WBGene00022791,438,3484,3922
WBGene00022792,63,1249,1312
WBGene00022793,35,4335,4370
WBGene00022794,239,4035,4274
WBGene00022795,12,105,117
WBGene00022796,70,473,543
WBGene00022797,31,438,469
WBGene00022798,218,2282,2500
WBGene00022799,0,6,6
WBGene00022800,173,1487,1660
WBGene00022801,114,4268,4382
WBGene00022802,43,501,544
WBGene00022803,41,672,713
WBGene00022804,2,8,10
WBGene00022805,166,846,1012
WBGene00022807,7,13,20
WBGene00022808,4,18,22
WBGene00022809,0,1,1
WBGene00022810,24,327,351
WBGene00022811,54,51,105
WBGene00022812,109,1327,1436
WBGene00022813,52,388,440
WBGene00022814,41,411,452
WBGene00022815,15,98,113
WBGene00022816,249,2113,2362
WBGene00022817,260,4194,4454
WBGene00022820,8,2,10
WBGene00022821,0,0,0
WBGene00022822,0,0,0
WBGene00022823,40,1902,1942
WBGene00022824,26,254,280
WBGene00022825,10,315,325
WBGene00022826,2,6,8
WBGene00022827,9,19,28
WBGene00022829,52,97,149
WBGene00022830,29,691,720
WBGene00022831,138,1543,1681
WBGene00022832,78,1659,1737
WBGene00022833,1,3,4
WBGene00022834,5,38,43
WBGene00022835,48,674,722
WBGene00022836,116,2131,2247
WBGene00022837,43,445,488
WBGene00022838,19,35,54
WBGene00022840,10,13,23
WBGene00022842,18,254,272
WBGene00022843,56,64,120
WBGene00022845,0,87,87
WBGene00022846,74,50,124
WBGene00022847,39,96,135
WBGene00022848,15,342,357
WBGene00022849,16,52,68
WBGene00022850,292,907,1199
WBGene00022851,78,2106,2184
WBGene00022852,2,1724,1726
WBGene00022853,37,2333,2370
WBGene00022854,9,110,119
WBGene00022855,75,3994,4069
WBGene00022856,34,7296,7330
WBGene00022857,18,251,269
WBGene00022858,49,66,115
WBGene00022861,3415,605,4020
WBGene00022862,20,599,619
WBGene00022864,104,3828,3932
WBGene00022865,114,1893,2007
WBGene00022866,0,6,6
WBGene00022867,4,33,37
WBGene00022868,5,76,81
WBGene00022869,0,0,0
WBGene00022870,1,5,6
WBGene00022871,2,2,4
WBGene00022872,15,21,36
WBGene00022873,0,11,11
WBGene00022874,43,1664,1707
WBGene00022875,0,1,1
WBGene00022876,1,3,4
WBGene00022877,4,2,6
WBGene00022880,64,646,710
WBGene00022881,24,545,569
WBGene00022882,44,384,428
WBGene00022883,21,409,430
WBGene00022884,0,25,25
WBGene00022885,42,687,729
WBGene00022886,1,4,5
WBGene00022887,18,548,566
WBGene00022888,6,0,6
WBGene00022889,2,0,2
WBGene00022890,1,3,4
WBGene00022891,3,28,31
WBGene00022892,0,0,0
WBGene00022893,14,45,59
WBGene00023067,7718,15991,23709
WBGene00023068,171939,291877,463816
WBGene00023172,26,67,93
WBGene00023186,1,0,1
WBGene00023284,4,304,308
WBGene00023404,55,310,365
WBGene00023405,212,2657,2869
WBGene00023407,26,930,956
WBGene00023408,408,9199,9607
WBGene00023409,98,1220,1318
WBGene00023410,2,3,5
WBGene00023411,8,7,15
WBGene00023413,9,19,28
WBGene00023414,213,649,862
WBGene00023415,8,122,130
WBGene00023416,32,505,537
WBGene00023417,12,975,987
WBGene00023418,5,617,622
WBGene00023419,92,1476,1568
WBGene00023420,0,11,11
WBGene00023421,22,506,528
WBGene00023422,173,1637,1810
WBGene00023423,30,36,66
WBGene00023424,3,7,10
WBGene00023425,4,4,8
WBGene00023427,9,34,43
WBGene00023431,568,825,1393
WBGene00023432,19,116,135
WBGene00023450,115,540,655
WBGene00023451,43,51,94
WBGene00023458,160,1219,1379
WBGene00023459,1,0,1
WBGene00023460,24,165,189
WBGene00023462,3,29,32
WBGene00023463,0,2,2
WBGene00023474,1,0,1
WBGene00023475,3,3,6
WBGene00023477,3,363,366
WBGene00023478,2,0,2
WBGene00023479,1,0,1
WBGene00023483,2,5,7
WBGene00023484,10,1,11
WBGene00023485,0,34,34
WBGene00023486,12,306,318
WBGene00023487,159,4584,4743
WBGene00023489,314,437,751
WBGene00023490,7,23,30
WBGene00023491,148,686,834
WBGene00023492,3,30,33
WBGene00023493,7,1575,1582
WBGene00023497,96,1130,1226
WBGene00023498,20,645,665
WBGene00023499,3,3,6
WBGene00023500,114,1217,1331
WBGene00023501,8,106,114
WBGene00023502,165,710,875
WBGene00023503,9,37,46
WBGene00023504,87,521,608
WBGene00023505,2,1,3
WBGene00023506,1,7,8
WBGene00023508,0,0,0
WBGene00023513,0,3,3
WBGene00023514,2,4,6
WBGene00023515,104,68,172
WBGene00023517,3,3,6
WBGene00023518,0,1,1
WBGene00023519,17,24,41
WBGene00023520,48,330,378
WBGene00043049,13,57,70
WBGene00043050,253,2125,2378
WBGene00043051,80,447,527
WBGene00043052,2,0,2
WBGene00043054,25,313,338
WBGene00043056,116,212,328
WBGene00043057,67,522,589
WBGene00043058,0,2,2
WBGene00043059,7,5,12
WBGene00043060,310,1877,2187
WBGene00043061,22,16,38
WBGene00043062,8,47,55
WBGene00043064,27,4055,4082
WBGene00043065,14,64,78
WBGene00043066,12,32,44
WBGene00043067,6,96,102
WBGene00043068,31,194,225
WBGene00043069,21,36,57
WBGene00043097,138,2215,2353
WBGene00043120,18,95,113
WBGene00043147,0,8,8
WBGene00043156,95,1283,1378
WBGene00043187,0,1,1
WBGene00043279,44,336,380
WBGene00043297,224,571,795
WBGene00043302,175,1978,2153
WBGene00043308,16,217,233
WBGene00043327,0,0,0
WBGene00043328,0,0,0
WBGene00043466,2,7,9
WBGene00043469,0,0,0
WBGene00043534,56,94,150
WBGene00043666,0,15,15
WBGene00043702,0,22,22
WBGene00043705,30,65,95
WBGene00043743,0,1,1
WBGene00043948,0,0,0
WBGene00043952,27,21,48
WBGene00043980,1,1,2
WBGene00043981,9,20,29
WBGene00043982,118,1430,1548
WBGene00043983,19,267,286
WBGene00043984,0,3,3
WBGene00043985,23,412,435
WBGene00043986,1,2,3
WBGene00043988,0,0,0
WBGene00043989,0,0,0
WBGene00043990,0,0,0
WBGene00043992,73,347,420
WBGene00043994,29,652,681
WBGene00043995,27,152,179
WBGene00043996,0,26,26
WBGene00043997,30,163,193
WBGene00043998,8,63,71
WBGene00044001,45,1818,1863
WBGene00044002,0,0,0
WBGene00044003,5,0,5
WBGene00044004,0,93,93
WBGene00044005,2,2,4
WBGene00044006,138,1511,1649
WBGene00044007,145,1041,1186
WBGene00044008,103,944,1047
WBGene00044009,35,118,153
WBGene00044011,0,903,903
WBGene00044012,1,3,4
WBGene00044013,0,0,0
WBGene00044014,1,0,1
WBGene00044016,1,53,54
WBGene00044018,2,4,6
WBGene00044019,101,479,580
WBGene00044020,2,48,50
WBGene00044021,27,221,248
WBGene00044024,3,32,35
WBGene00044025,72,1063,1135
WBGene00044026,67,4169,4236
WBGene00044027,2,8,10
WBGene00044028,10,156,166
WBGene00044029,71,1076,1147
WBGene00044030,9,5,14
WBGene00044031,0,2,2
WBGene00044032,8,72,80
WBGene00044034,15,11,26
WBGene00044035,14,123,137
WBGene00044043,0,10,10
WBGene00044044,3,2,5
WBGene00044045,608,133,741
WBGene00044047,0,3,3
WBGene00044048,16,20,36
WBGene00044049,737,4595,5332
WBGene00044058,17,131,148
WBGene00044059,8,21,29
WBGene00044061,138,947,1085
WBGene00044062,1,1,2
WBGene00044063,34,1787,1821
WBGene00044065,120,266,386
WBGene00044066,1,23,24
WBGene00044067,7,126,133
WBGene00044068,504,7198,7702
WBGene00044069,45,1009,1054
WBGene00044070,363,5484,5847
WBGene00044071,68,752,820
WBGene00044072,233,1658,1891
WBGene00044073,8,36,44
WBGene00044074,10,12,22
WBGene00044077,170,2217,2387
WBGene00044078,529,3685,4214
WBGene00044079,597,5735,6332
WBGene00044080,2,3,5
WBGene00044081,3,8,11
WBGene00044082,40,1179,1219
WBGene00044083,103,195,298
WBGene00044084,3,5,8
WBGene00044086,0,3,3
WBGene00044087,0,1,1
WBGene00044088,3,4,7
WBGene00044089,0,3,3
WBGene00044090,2,5,7
WBGene00044091,15,14,29
WBGene00044092,12,12,24
WBGene00044094,66,1359,1425
WBGene00044099,0,0,0
WBGene00044100,1,0,1
WBGene00044105,0,1,1
WBGene00044106,2,3,5
WBGene00044107,33,157,190
WBGene00044109,0,122,122
WBGene00044112,2,0,2
WBGene00044113,0,3,3
WBGene00044114,3,2,5
WBGene00044115,7,11,18
WBGene00044116,5,4,9
WBGene00044117,2,21,23
WBGene00044120,5,18,23
WBGene00044121,1,11,12
WBGene00044122,25,29,54
WBGene00044124,2,0,2
WBGene00044125,22,14,36
WBGene00044127,2,3,5
WBGene00044131,0,0,0
WBGene00044132,30,320,350
WBGene00044133,1,0,1
WBGene00044134,56,451,507
WBGene00044135,18,186,204
WBGene00044136,1,0,1
WBGene00044137,1,31,32
WBGene00044138,49,201,250
WBGene00044139,15,154,169
WBGene00044140,1,2,3
WBGene00044141,8,13,21
WBGene00044142,12,34,46
WBGene00044143,195,1269,1464
WBGene00044144,10,372,382
WBGene00044145,0,6,6
WBGene00044146,0,1,1
WBGene00044147,2,16,18
WBGene00044148,1,4,5
WBGene00044149,1,5,6
WBGene00044150,4,10,14
WBGene00044151,70,639,709
WBGene00044152,14,155,169
WBGene00044153,27,20,47
WBGene00044154,6,16,22
WBGene00044156,13,106,119
WBGene00044157,3,0,3
WBGene00044158,4,0,4
WBGene00044159,0,0,0
WBGene00044160,7,4,11
WBGene00044162,5,1,6
WBGene00044163,47,128,175
WBGene00044164,2,4,6
WBGene00044166,2,67,69
WBGene00044167,45,642,687
WBGene00044169,5,57,62
WBGene00044174,1,43,44
WBGene00044175,2,77,79
WBGene00044176,99,2389,2488
WBGene00044177,6,2,8
WBGene00044178,0,0,0
WBGene00044179,2,1,3
WBGene00044180,30,70,100
WBGene00044181,7,9,16
WBGene00044182,3,17,20
WBGene00044183,0,1,1
WBGene00044184,0,15,15
WBGene00044185,0,0,0
WBGene00044187,2226,18,2244
WBGene00044188,48,396,444
WBGene00044189,0,8,8
WBGene00044191,45,250,295
WBGene00044192,0,1,1
WBGene00044193,0,8,8
WBGene00044194,0,0,0
WBGene00044195,0,12,12
WBGene00044197,0,30,30
WBGene00044198,1,12,13
WBGene00044199,1,3,4
WBGene00044200,62,175,237
WBGene00044201,0,1,1
WBGene00044202,1,2,3
WBGene00044203,2,10,12
WBGene00044204,23,569,592
WBGene00044205,3,43,46
WBGene00044206,3,6,9
WBGene00044207,0,2,2
WBGene00044208,1,0,1
WBGene00044210,55,535,590
WBGene00044211,3,11,14
WBGene00044212,2,1,3
WBGene00044213,4,56,60
WBGene00044215,1,0,1
WBGene00044218,2,117,119
WBGene00044221,2,74,76
WBGene00044222,0,2,2
WBGene00044225,0,8,8
WBGene00044227,3,2,5
WBGene00044228,5,23,28
WBGene00044230,3,2,5
WBGene00044232,23,2,25
WBGene00044233,110,415,525
WBGene00044235,1,48,49
WBGene00044236,5,629,634
WBGene00044237,2,6,8
WBGene00044238,20,53,73
WBGene00044239,36,203,239
WBGene00044240,26,52,78
WBGene00044241,8,100,108
WBGene00044242,0,0,0
WBGene00044243,2,8,10
WBGene00044244,0,2,2
WBGene00044245,0,20,20
WBGene00044246,0,0,0
WBGene00044247,0,2,2
WBGene00044249,1,5,6
WBGene00044250,4,3,7
WBGene00044251,29,122,151
WBGene00044253,17,308,325
WBGene00044254,0,0,0
WBGene00044256,17,1,18
WBGene00044257,0,9,9
WBGene00044258,28,165,193
WBGene00044259,0,8,8
WBGene00044260,35,1321,1356
WBGene00044261,7,8,15
WBGene00044263,0,0,0
WBGene00044264,3,8,11
WBGene00044265,13,30,43
WBGene00044266,2,0,2
WBGene00044271,0,0,0
WBGene00044272,0,7,7
WBGene00044273,0,0,0
WBGene00044274,0,0,0
WBGene00044275,0,2,2
WBGene00044278,1,0,1
WBGene00044280,183,197,380
WBGene00044281,3,8,11
WBGene00044282,1,3,4
WBGene00044283,832,2278,3110
WBGene00044284,0,1,1
WBGene00044286,1,4,5
WBGene00044287,3,4,7
WBGene00044288,6,75,81
WBGene00044289,9,253,262
WBGene00044290,79,121,200
WBGene00044291,6,35,41
WBGene00044292,14,63,77
WBGene00044293,0,1,1
WBGene00044294,348,1960,2308
WBGene00044295,8,118,126
WBGene00044296,9,118,127
WBGene00044297,27,209,236
WBGene00044298,1,3,4
WBGene00044299,4,51,55
WBGene00044300,7,22,29
WBGene00044301,248,3641,3889
WBGene00044302,0,1,1
WBGene00044303,23,171,194
WBGene00044304,146,431,577
WBGene00044305,77,1622,1699
WBGene00044306,0,0,0
WBGene00044307,0,1,1
WBGene00044310,64,473,537
WBGene00044311,18,165,183
WBGene00044312,10,26,36
WBGene00044313,4,115,119
WBGene00044314,3,0,3
WBGene00044315,1,10,11
WBGene00044316,41,395,436
WBGene00044317,1,23,24
WBGene00044318,66,2647,2713
WBGene00044319,8,417,425
WBGene00044321,456,3271,3727
WBGene00044322,17,867,884
WBGene00044323,90,1196,1286
WBGene00044324,22,7354,7376
WBGene00044325,50,951,1001
WBGene00044326,177,1514,1691
WBGene00044329,70,1000,1070
WBGene00044330,26,526,552
WBGene00044331,0,5,5
WBGene00044332,1,4,5
WBGene00044333,2,3,5
WBGene00044337,0,0,0
WBGene00044338,31,2731,2762
WBGene00044339,3,474,477
WBGene00044340,0,14,14
WBGene00044341,0,313,313
WBGene00044342,112,313,425
WBGene00044344,48,2336,2384
WBGene00044345,49,725,774
WBGene00044346,0,0,0
WBGene00044347,10,18,28
WBGene00044348,212,153,365
WBGene00044349,10,6,16
WBGene00044350,89,500,589
WBGene00044352,0,5,5
WBGene00044353,2,177,179
WBGene00044354,5,151,156
WBGene00044355,6,193,199
WBGene00044356,0,0,0
WBGene00044357,0,0,0
WBGene00044358,10,2,12
WBGene00044359,0,2,2
WBGene00044360,0,0,0
WBGene00044361,0,2,2
WBGene00044362,0,0,0
WBGene00044363,4,70,74
WBGene00044364,0,0,0
WBGene00044365,0,1,1
WBGene00044366,0,8,8
WBGene00044367,13,189,202
WBGene00044368,624,67,691
WBGene00044369,0,0,0
WBGene00044370,0,0,0
WBGene00044371,0,5,5
WBGene00044372,0,2,2
WBGene00044373,4,182,186
WBGene00044374,0,0,0
WBGene00044375,0,0,0
WBGene00044376,0,33,33
WBGene00044377,0,1,1
WBGene00044378,0,0,0
WBGene00044379,1,3,4
WBGene00044380,0,10,10
WBGene00044381,3,2,5
WBGene00044382,2,17,19
WBGene00044383,0,2,2
WBGene00044384,17,0,17
WBGene00044385,7,7,14
WBGene00044386,9,38,47
WBGene00044387,175,3478,3653
WBGene00044388,0,1,1
WBGene00044389,633,10845,11478
WBGene00044390,6,52,58
WBGene00044391,99,110,209
WBGene00044392,13,163,176
WBGene00044393,0,1,1
WBGene00044394,6,95,101
WBGene00044395,33,85,118
WBGene00044396,10,484,494
WBGene00044399,0,0,0
WBGene00044401,127,1585,1712
WBGene00044402,1,2,3
WBGene00044403,16,22,38
WBGene00044406,20,253,273
WBGene00044409,10,51,61
WBGene00044410,46,400,446
WBGene00044411,157,1480,1637
WBGene00044413,1120,461,1581
WBGene00044414,19,83,102
WBGene00044415,0,0,0
WBGene00044416,1,0,1
WBGene00044417,0,19,19
WBGene00044418,296,1807,2103
WBGene00044419,10,2,12
WBGene00044420,15,309,324
WBGene00044421,31,213,244
WBGene00044423,20,291,311
WBGene00044424,2,19,21
WBGene00044425,0,0,0
WBGene00044427,6,22,28
WBGene00044428,28,6,34
WBGene00044429,3,0,3
WBGene00044431,165,1132,1297
WBGene00044432,6,9,15
WBGene00044433,73,407,480
WBGene00044434,3,5,8
WBGene00044435,0,70,70
WBGene00044436,10,294,304
WBGene00044437,71,88,159
WBGene00044438,103,542,645
WBGene00044439,33,9,42
WBGene00044440,69,123,192
WBGene00044441,5,2,7
WBGene00044442,5,212,217
WBGene00044443,284,6513,6797
WBGene00044444,6,12,18
WBGene00044445,60,261,321
WBGene00044446,2,43,45
WBGene00044447,1,0,1
WBGene00044448,2,7,9
WBGene00044449,0,1,1
WBGene00044450,0,0,0
WBGene00044451,0,0,0
WBGene00044452,184,1939,2123
WBGene00044453,15,30,45
WBGene00044454,0,1,1
WBGene00044455,4,15,19
WBGene00044457,2,31,33
WBGene00044458,0,2,2
WBGene00044459,40,102,142
WBGene00044460,0,9,9
WBGene00044461,27,27,54
WBGene00044462,64,344,408
WBGene00044463,34,340,374
WBGene00044464,61,141,202
WBGene00044466,18,784,802
WBGene00044467,298,1467,1765
WBGene00044468,14,91,105
WBGene00044469,0,8,8
WBGene00044470,4,6,10
WBGene00044471,15,136,151
WBGene00044472,23,92,115
WBGene00044473,0,0,0
WBGene00044474,0,0,0
WBGene00044475,0,0,0
WBGene00044476,0,2,2
WBGene00044477,11,89,100
WBGene00044478,21,161,182
WBGene00044479,2,17,19
WBGene00044480,5,14,19
WBGene00044481,12,17,29
WBGene00044482,67,231,298
WBGene00044483,10,750,760
WBGene00044484,94,852,946
WBGene00044485,52,311,363
WBGene00044486,2,11,13
WBGene00044487,19,86,105
WBGene00044488,15,22,37
WBGene00044489,0,7,7
WBGene00044490,0,0,0
WBGene00044491,3,2,5
WBGene00044492,9,6,15
WBGene00044493,22,481,503
WBGene00044495,34,69,103
WBGene00044498,0,1,1
WBGene00044499,0,4,4
WBGene00044500,122,1027,1149
WBGene00044501,54,5,59
WBGene00044502,3,93,96
WBGene00044504,11,60,71
WBGene00044505,8,27,35
WBGene00044508,158,1189,1347
WBGene00044509,10,762,772
WBGene00044510,14,60,74
WBGene00044511,7,78,85
WBGene00044512,6,162,168
WBGene00044513,122,1030,1152
WBGene00044514,162,4850,5012
WBGene00044516,3,1,4
WBGene00044518,0,1,1
WBGene00044519,0,0,0
WBGene00044520,0,16,16
WBGene00044521,1,7,8
WBGene00044524,0,1,1
WBGene00044525,17,116,133
WBGene00044526,2,37,39
WBGene00044527,12,85,97
WBGene00044528,22,43,65
WBGene00044529,11,15,26
WBGene00044530,0,39,39
WBGene00044531,15,0,15
WBGene00044533,4,30,34
WBGene00044534,26,69,95
WBGene00044535,0,7,7
WBGene00044536,19,338,357
WBGene00044537,0,0,0
WBGene00044538,1,1,2
WBGene00044539,1,44,45
WBGene00044541,2,9,11
WBGene00044542,20,17,37
WBGene00044543,0,0,0
WBGene00044544,533,793,1326
WBGene00044545,5,16,21
WBGene00044546,2,2,4
WBGene00044547,0,78,78
WBGene00044548,0,8,8
WBGene00044549,4,1,5
WBGene00044550,8,1,9
WBGene00044551,6,22,28
WBGene00044552,1,17,18
WBGene00044553,24,2061,2085
WBGene00044554,14,38,52
WBGene00044555,2,4,6
WBGene00044556,10,293,303
WBGene00044557,146,306,452
WBGene00044558,0,1,1
WBGene00044559,91,186,277
WBGene00044560,14,10,24
WBGene00044561,0,0,0
WBGene00044562,0,66,66
WBGene00044563,7,0,7
WBGene00044564,8,8,16
WBGene00044565,0,1,1
WBGene00044566,36,12,48
WBGene00044567,1,15,16
WBGene00044568,222,1765,1987
WBGene00044569,4,23,27
WBGene00044570,651,19,670
WBGene00044571,49,14,63
WBGene00044572,17,6,23
WBGene00044573,0,4,4
WBGene00044574,15,11,26
WBGene00044575,3,1,4
WBGene00044577,1,0,1
WBGene00044578,1,63,64
WBGene00044579,2,1,3
WBGene00044580,2,2,4
WBGene00044581,0,0,0
WBGene00044582,57,617,674
WBGene00044583,31,0,31
WBGene00044584,124,839,963
WBGene00044586,1,62,63
WBGene00044587,2,2,4
WBGene00044588,40,167,207
WBGene00044589,1,7,8
WBGene00044602,0,3,3
WBGene00044603,67,273,340
WBGene00044604,27,493,520
WBGene00044605,432,2871,3303
WBGene00044607,4,31,35
WBGene00044608,34,864,898
WBGene00044609,263,429,692
WBGene00044610,1,12,13
WBGene00044611,12,40,52
WBGene00044612,36,336,372
WBGene00044614,55,451,506
WBGene00044615,64,630,694
WBGene00044616,0,6,6
WBGene00044617,11,136,147
WBGene00044618,7,184,191
WBGene00044620,24,322,346
WBGene00044623,45,1640,1685
WBGene00044630,65,859,924
WBGene00044631,32,259,291
WBGene00044633,2,33,35
WBGene00044634,2,1,3
WBGene00044636,118,2509,2627
WBGene00044637,44,110,154
WBGene00044638,0,571,571
WBGene00044640,242,1993,2235
WBGene00044641,291,131,422
WBGene00044643,5,599,604
WBGene00044644,64,421,485
WBGene00044645,7,30,37
WBGene00044646,32,54,86
WBGene00044648,40,519,559
WBGene00044649,39,22,61
WBGene00044650,1021,1469,2490
WBGene00044651,300,501,801
WBGene00044653,2,10,12
WBGene00044654,2,21,23
WBGene00044655,0,2,2
WBGene00044658,2,26,28
WBGene00044659,1,4,5
WBGene00044661,3,41,44
WBGene00044662,6,27,33
WBGene00044663,1,17,18
WBGene00044664,2,7,9
WBGene00044665,2,1,3
WBGene00044666,113,1738,1851
WBGene00044667,4,26,30
WBGene00044668,2,6,8
WBGene00044669,4,4,8
WBGene00044672,2,54,56
WBGene00044673,1,11,12
WBGene00044674,1,1,2
WBGene00044675,13,163,176
WBGene00044676,1,66,67
WBGene00044677,795,1656,2451
WBGene00044678,2,42,44
WBGene00044679,69,1038,1107
WBGene00044680,0,0,0
WBGene00044681,409,487,896
WBGene00044683,4,4,8
WBGene00044684,0,14,14
WBGene00044686,112,5945,6057
WBGene00044687,0,1,1
WBGene00044689,198,1001,1199
WBGene00044690,30,330,360
WBGene00044692,2,1,3
WBGene00044693,0,0,0
WBGene00044694,0,4,4
WBGene00044696,19,203,222
WBGene00044697,9,60,69
WBGene00044698,77,2112,2189
WBGene00044699,7,106,113
WBGene00044701,128,702,830
WBGene00044705,25,75,100
WBGene00044707,3,1,4
WBGene00044708,4,1,5
WBGene00044709,0,0,0
WBGene00044711,0,2,2
WBGene00044719,0,15,15
WBGene00044720,0,27,27
WBGene00044723,1,9,10
WBGene00044724,68,1381,1449
WBGene00044725,27,277,304
WBGene00044726,15,6,21
WBGene00044732,4,142,146
WBGene00044733,2,4,6
WBGene00044734,0,0,0
WBGene00044735,0,0,0
WBGene00044736,68,300,368
WBGene00044737,1102,8772,9874
WBGene00044738,4,1,5
WBGene00044741,1,13,14
WBGene00044742,21,182,203
WBGene00044743,38,1047,1085
WBGene00044744,2,11,13
WBGene00044745,92,303,395
WBGene00044746,616,2488,3104
WBGene00044753,12,4,16
WBGene00044754,21,4,25
WBGene00044755,6,3,9
WBGene00044756,35,200,235
WBGene00044757,1,63,64
WBGene00044758,8,56,64
WBGene00044759,0,2,2
WBGene00044760,8,60,68
WBGene00044761,2,14,16
WBGene00044762,58,986,1044
WBGene00044763,6,4,10
WBGene00044767,6,438,444
WBGene00044770,35,233,268
WBGene00044771,34,273,307
WBGene00044772,15,804,819
WBGene00044773,1,3,4
WBGene00044774,200,1034,1234
WBGene00044775,4,1,5
WBGene00044776,9,38,47
WBGene00044777,0,0,0
WBGene00044778,0,1,1
WBGene00044779,15,80,95
WBGene00044780,18,9,27
WBGene00044783,0,2,2
WBGene00044784,25,2673,2698
WBGene00044786,1,0,1
WBGene00044788,5,27,32
WBGene00044789,35,1893,1928
WBGene00044790,65,710,775
WBGene00044791,3,103,106
WBGene00044792,24,39,63
WBGene00044794,0,0,0
WBGene00044795,10,213,223
WBGene00044796,4,5,9
WBGene00044797,2,146,148
WBGene00044798,4,0,4
WBGene00044799,0,70,70
WBGene00044801,0,0,0
WBGene00044802,0,0,0
WBGene00044803,38,75,113
WBGene00044805,0,2,2
WBGene00044807,1,1,2
WBGene00044810,0,0,0
WBGene00044811,35,403,438
WBGene00044889,2,0,2
WBGene00044891,80,845,925
WBGene00044892,0,1,1
WBGene00044894,35,327,362
WBGene00044895,10,10,20
WBGene00044896,7,3,10
WBGene00044897,3,18,21
WBGene00044898,22,4,26
WBGene00044900,10,49,59
WBGene00044901,0,267,267
WBGene00044903,90,346,436
WBGene00044906,7,207,214
WBGene00044908,1,5,6
WBGene00044911,5,4,9
WBGene00044912,3,0,3
WBGene00044916,117,1727,1844
WBGene00044917,2,33,35
WBGene00044921,393,7642,8035
WBGene00044922,55,1234,1289
WBGene00044924,95,405,500
WBGene00044949,72,950,1022
WBGene00044953,3,3,6
WBGene00044977,141,2825,2966
WBGene00044978,1,0,1
WBGene00044979,7,17,24
WBGene00044987,59,245,304
WBGene00044988,0,566,566
WBGene00044989,406,2509,2915
WBGene00044990,139,1822,1961
WBGene00044991,8,333,341
WBGene00044998,0,0,0
WBGene00045013,8,44,52
WBGene00045024,7,108,115
WBGene00045036,2,18,20
WBGene00045038,0,1,1
WBGene00045048,0,130,130
WBGene00045050,13,124,137
WBGene00045052,8,26,34
WBGene00045053,12,19,31
WBGene00045056,65,1057,1122
WBGene00045058,4,29,33
WBGene00045060,1,1,2
WBGene00045061,0,0,0
WBGene00045063,176,402,578
WBGene00045067,1,19,20
WBGene00045069,0,1,1
WBGene00045078,164,1574,1738
WBGene00045096,0,414,414
WBGene00045101,0,2,2
WBGene00045103,0,0,0
WBGene00045108,8,7,15
WBGene00045122,2,0,2
WBGene00045128,1,0,1
WBGene00045144,5,1,6
WBGene00045146,22,113,135
WBGene00045177,7,16,23
WBGene00045178,5,117,122
WBGene00045180,1,2,3
WBGene00045183,5,36,41
WBGene00045190,67,449,516
WBGene00045192,1,950,951
WBGene00045195,177,151,328
WBGene00045198,2,2,4
WBGene00045207,2,5,7
WBGene00045208,0,5724,5724
WBGene00045209,0,6,6
WBGene00045210,18,73,91
WBGene00045211,3,5,8
WBGene00045212,18,52,70
WBGene00045215,12,125,137
WBGene00045234,7,28,35
WBGene00045237,16,218,234
WBGene00045239,3,2,5
WBGene00045242,0,8,8
WBGene00045245,3,11,14
WBGene00045246,72,722,794
WBGene00045247,9,19,28
WBGene00045248,81,248,329
WBGene00045249,197,3405,3602
WBGene00045250,33,58,91
WBGene00045251,0,0,0
WBGene00045252,23,147,170
WBGene00045253,70,413,483
WBGene00045255,200,594,794
WBGene00045261,0,6,6
WBGene00045265,1,7,8
WBGene00045268,0,2,2
WBGene00045269,2,13,15
WBGene00045270,16,0,16
WBGene00045271,4,16,20
WBGene00045272,0,30703,30703
WBGene00045275,0,396,396
WBGene00045276,0,2330,2330
WBGene00045277,201,1277,1478
WBGene00045283,0,7,7
WBGene00045289,52,4,56
WBGene00045291,4,5,9
WBGene00045292,2,16,18
WBGene00045295,15,257,272
WBGene00045297,10,55,65
WBGene00045298,0,1,1
WBGene00045299,0,0,0
WBGene00045300,0,0,0
WBGene00045301,0,0,0
WBGene00045302,2,0,2
WBGene00045303,0,0,0
WBGene00045304,1,2,3
WBGene00045305,1,258,259
WBGene00045306,2,1,3
WBGene00045308,3,2,5
WBGene00045331,7,80,87
WBGene00045336,58,712,770
WBGene00045337,0,14,14
WBGene00045338,2,0,2
WBGene00045339,1,43,44
WBGene00045340,58,362,420
WBGene00045344,1,2,3
WBGene00045355,10,6,16
WBGene00045356,6,12,18
WBGene00045357,25,293,318
WBGene00045361,1,0,1
WBGene00045362,0,0,0
WBGene00045364,7,1,8
WBGene00045365,1,14,15
WBGene00045379,6,279,285
WBGene00045380,0,2,2
WBGene00045381,0,1,1
WBGene00045382,2,17,19
WBGene00045385,6,50,56
WBGene00045386,47,373,420
WBGene00045387,36,427,463
WBGene00045390,127,2142,2269
WBGene00045392,81,674,755
WBGene00045393,10,20,30
WBGene00045394,0,1,1
WBGene00045395,31,123,154
WBGene00045396,33,322,355
WBGene00045397,23,102,125
WBGene00045398,1,0,1
WBGene00045399,0,29,29
WBGene00045400,5,29,34
WBGene00045401,2,8,10
WBGene00045402,0,0,0
WBGene00045403,10,102,112
WBGene00045405,3,19,22
WBGene00045406,0,3,3
WBGene00045407,77,795,872
WBGene00045411,0,93,93
WBGene00045412,0,15,15
WBGene00045413,0,1,1
WBGene00045414,1,1,2
WBGene00045415,2,11,13
WBGene00045416,0,3,3
WBGene00045417,0,1,1
WBGene00045418,79,2481,2560
WBGene00045419,383,2578,2961
WBGene00045433,96,1210,1306
WBGene00045434,76,346,422
WBGene00045455,4,93,97
WBGene00045456,5,1,6
WBGene00045457,0,41,41
WBGene00045458,4,7,11
WBGene00045459,0,1,1
WBGene00045460,3,30,33
WBGene00045461,8,50,58
WBGene00045468,1,7,8
WBGene00045473,2,10,12
WBGene00045474,2,27,29
WBGene00045475,10,6,16
WBGene00045480,9,13,22
WBGene00045481,15,9,24
WBGene00045482,128,451,579
WBGene00045483,496,6498,6994
WBGene00045484,14,46,60
WBGene00045486,2,1,3
WBGene00045488,1,25,26
WBGene00045490,0,1,1
WBGene00045493,8,7,15
WBGene00045494,9,16,25
WBGene00045495,88,901,989
WBGene00045497,7,43,50
WBGene00045498,0,2,2
WBGene00045500,3,5,8
WBGene00045501,1,1,2
WBGene00045506,1,0,1
WBGene00045507,2,852,854
WBGene00045508,4,1,5
WBGene00045510,18,147,165
WBGene00045511,2,15,17
WBGene00045513,6,2,8
WBGene00045515,1,0,1
WBGene00045517,200,1513,1713
WBGene00050875,48,585,633
WBGene00050879,0,2,2
WBGene00050880,10,3,13
WBGene00050881,0,0,0
WBGene00050884,130,660,790
WBGene00050885,91,606,697
WBGene00050889,63,431,494
WBGene00050891,18,7,25
WBGene00050892,1,2,3
WBGene00050893,0,1,1
WBGene00050894,0,0,0
WBGene00050896,1,1,2
WBGene00050898,0,0,0
WBGene00050899,0,61,61
WBGene00050904,5,18,23
WBGene00050906,0,2,2
WBGene00050907,0,0,0
WBGene00050910,3,3,6
WBGene00050911,0,6,6
WBGene00050913,1,1,2
WBGene00050914,0,0,0
WBGene00050915,2,27,29
WBGene00050916,3,22,25
WBGene00050917,9,47,56
WBGene00050919,6,4,10
WBGene00050929,0,0,0
WBGene00050931,3,20,23
WBGene00050934,5,52,57
WBGene00050936,0,0,0
WBGene00050937,21,454,475
WBGene00050939,0,8590,8590
WBGene00050940,0,16,16
WBGene00050941,8,738,746
WBGene00050943,34,319,353
WBGene00050944,98,1567,1665
WBGene00050947,5,404,409
WBGene00050955,0,0,0
WBGene00050956,2,0,2
WBGene00050957,8,9,17
WBGene00050959,0,0,0
WBGene00050965,0,0,0
WBGene00050967,3,6,9
WBGene00050968,0,0,0
WBGene00050974,0,0,0
WBGene00050975,12,9,21
WBGene00077439,1,72,73
WBGene00077445,0,0,0
WBGene00077450,0,1,1
WBGene00077453,16,668,684
WBGene00077455,12,38,50
WBGene00077464,1,0,1
WBGene00077489,2,10,12
WBGene00077490,17,227,244
WBGene00077491,3,109,112
WBGene00077492,0,0,0
WBGene00077493,4,5,9
WBGene00077495,0,0,0
WBGene00077497,213,261,474
WBGene00077500,27,226,253
WBGene00077503,0,0,0
WBGene00077508,23,7,30
WBGene00077514,1,3,4
WBGene00077519,0,6,6
WBGene00077520,60,627,687
WBGene00077521,3,243,246
WBGene00077522,4,26,30
WBGene00077523,0,6,6
WBGene00077525,30,3,33
WBGene00077526,0,14485,14485
WBGene00077531,3,29,32
WBGene00077536,8,73,81
WBGene00077538,12,30,42
WBGene00077539,128,66,194
WBGene00077543,6,29,35
WBGene00077546,3,7,10
WBGene00077548,3,0,3
WBGene00077553,53,41,94
WBGene00077557,18,53,71
WBGene00077558,19,27,46
WBGene00077559,12,60,72
WBGene00077562,6,1,7
WBGene00077563,19,26,45
WBGene00077565,1,10,11
WBGene00077569,6,21,27
WBGene00077573,21,368,389
WBGene00077576,2,6,8
WBGene00077577,3,272,275
WBGene00077582,3,10,13
WBGene00077583,0,0,0
WBGene00077585,37,90,127
WBGene00077588,1,20,21
WBGene00077592,2,7,9
WBGene00077593,4,45,49
WBGene00077599,59,388,447
WBGene00077607,3,1,4
WBGene00077616,3,23,26
WBGene00077622,0,0,0
WBGene00077624,0,1,1
WBGene00077640,0,2,2
WBGene00077643,41,655,696
WBGene00077655,0,3,3
WBGene00077658,56,743,799
WBGene00077663,0,5,5
WBGene00077669,165,549,714
WBGene00077673,0,0,0
WBGene00077674,1,6,7
WBGene00077679,4,21,25
WBGene00077680,0,5,5
WBGene00077681,22,83,105
WBGene00077682,1,2,3
WBGene00077684,0,1,1
WBGene00077685,0,1,1
WBGene00077688,3,1,4
WBGene00077690,15,799,814
WBGene00077691,0,691,691
WBGene00077692,33,181,214
WBGene00077693,190,3930,4120
WBGene00077696,27,27,54
WBGene00077697,72,105,177
WBGene00077698,41,159,200
WBGene00077699,7,33,40
WBGene00077701,24,401,425
WBGene00077703,19,30,49
WBGene00077704,2,29,31
WBGene00077712,15,168,183
WBGene00077714,4,13,17
WBGene00077728,0,1682,1682
WBGene00077732,6,121,127
WBGene00077751,1,4,5
WBGene00077752,8,64,72
WBGene00077756,0,29,29
WBGene00077757,8,45,53
WBGene00077758,1,11,12
WBGene00077759,12,2,14
WBGene00077761,76,2101,2177
WBGene00077762,1,18,19
WBGene00077763,13,76,89
WBGene00077764,0,928,928
WBGene00077766,0,0,0
WBGene00077768,5,24,29
WBGene00077769,0,25,25
WBGene00077770,3,13,16
WBGene00077771,885,12881,13766
WBGene00077773,0,231,231
WBGene00077775,88,414,502
WBGene00077782,12,7,19
WBGene00077783,1,29,30
WBGene00077786,154,309,463
WBGene00077788,9,8,17
WBGene00086546,47,299,346
WBGene00086551,8,231,239
WBGene00086552,0,1,1
WBGene00086553,117,980,1097
WBGene00086554,0,6,6
WBGene00086555,3,0,3
WBGene00086556,4,4,8
WBGene00086557,38,377,415
WBGene00086558,11,117,128
WBGene00086559,30,299,329
WBGene00086560,3,22,25
WBGene00086561,0,0,0
WBGene00086562,2,1,3
WBGene00086563,0,3,3
WBGene00086564,2,2,4
WBGene00086565,0,0,0
WBGene00086566,59,505,564
WBGene00086567,0,0,0
WBGene00086568,10,30,40
WBGene00086569,119,820,939
WBGene00119201,8,1,9
WBGene00119203,14,450,464
WBGene00119204,0,4,4
WBGene00138711,8,89,97
WBGene00138714,0,1,1
WBGene00138715,0,2,2
WBGene00138716,1,1,2
WBGene00138717,275,1203,1478
WBGene00138718,23,38,61
WBGene00138719,4,5,9
WBGene00138720,27,380,407
WBGene00138721,11,6,17
WBGene00138724,0,131,131
WBGene00138725,34,36,70
WBGene00164968,22,126,148
WBGene00164969,1,7,8
WBGene00164971,0,1,1
WBGene00164972,1,2,3
WBGene00164973,1,64,65
WBGene00164974,0,2,2
WBGene00164985,18,142,160
WBGene00164986,11,20,31
WBGene00175027,59,166,225
WBGene00175028,2,1,3
WBGene00175030,13,679,692
WBGene00175031,3,7,10
WBGene00175034,26,351,377
WBGene00175035,66,398,464
WBGene00184956,6,5,11
WBGene00184990,8,132,140
WBGene00185001,95,747,842
WBGene00185002,41,117,158
WBGene00185005,13,327,340
WBGene00185006,2,2,4
WBGene00185014,70,1559,1629
WBGene00185048,100,1296,1396
WBGene00185055,7,10,17
WBGene00185067,108,5267,5375
WBGene00185075,0,235,235
WBGene00185077,2,40,42
WBGene00185078,606,135,741
WBGene00185079,87,855,942
WBGene00185086,7,98,105
WBGene00185088,5,235,240
WBGene00185089,2,49,51
WBGene00185092,3,10,13
WBGene00185095,2,18,20
WBGene00185096,0,2,2
WBGene00185097,2,1,3
WBGene00185098,38,308,346
WBGene00185100,3,2,5
WBGene00185101,8,10,18
WBGene00185102,37,465,502
WBGene00185116,0,0,0
WBGene00185117,19,91,110
WBGene00185118,623,1628,2251
WBGene00189930,0,0,0
WBGene00189931,0,0,0
WBGene00189932,0,0,0
WBGene00189933,9,30,39
WBGene00189937,0,0,0
WBGene00189943,3,0,3
WBGene00189947,4,2,6
WBGene00189948,8,15,23
WBGene00189949,12,13,25
WBGene00189950,7,4,11
WBGene00189952,14,65,79
WBGene00189953,0,0,0
WBGene00189954,2,1,3
WBGene00189955,0,0,0
WBGene00189956,16,9,25
WBGene00189957,9,14,23
WBGene00189961,8,6,14
WBGene00189987,9,5,14
WBGene00189993,0,1,1
WBGene00189995,1,0,1
WBGene00194641,253,1368,1621
WBGene00194642,95,540,635
WBGene00194643,23,22,45
WBGene00194645,2,2,4
WBGene00194646,0,1,1
WBGene00194647,2,1,3
WBGene00194649,1,51,52
WBGene00194651,86,847,933
WBGene00194653,4,2,6
WBGene00194654,2,5,7
WBGene00194656,0,2,2
WBGene00194658,43,712,755
WBGene00194660,0,22,22
WBGene00194661,3,5,8
WBGene00194663,0,15,15
WBGene00194664,12,102,114
WBGene00194670,0,2,2
WBGene00194672,0,20,20
WBGene00194674,3,46,49
WBGene00194677,6,13,19
WBGene00194679,11,168,179
WBGene00194680,35,679,714
WBGene00194682,6,32,38
WBGene00194684,2,0,2
WBGene00194687,5,2,7
WBGene00194689,31,339,370
WBGene00194691,11,5,16
WBGene00194692,353,4434,4787
WBGene00194695,0,1,1
WBGene00194696,0,0,0
WBGene00194697,11,53,64
WBGene00194698,0,6,6
WBGene00194699,0,5,5
WBGene00194700,1,6,7
WBGene00194701,3,4,7
WBGene00194702,2,3,5
WBGene00194703,0,6,6
WBGene00194704,1,0,1
WBGene00194706,38,325,363
WBGene00194707,19,739,758
WBGene00194708,0,10,10
WBGene00194710,116,672,788
WBGene00194711,5,0,5
WBGene00194712,80,101,181
WBGene00194713,0,213,213
WBGene00194714,0,1,1
WBGene00194715,0,0,0
WBGene00194717,1,0,1
WBGene00194725,0,14,14
WBGene00194726,7,27,34
WBGene00194727,7,7,14
WBGene00194729,14,51,65
WBGene00194730,1,1,2
WBGene00194731,23,64,87
WBGene00194733,0,0,0
WBGene00194734,0,0,0
WBGene00194735,6,5,11
WBGene00194737,15,1,16
WBGene00194738,4,2,6
WBGene00194742,12,117,129
WBGene00194744,0,3,3
WBGene00194746,2,0,2
WBGene00194747,184,1422,1606
WBGene00194780,1,5,6
WBGene00194783,0,2,2
WBGene00194784,0,5,5
WBGene00194785,1,0,1
WBGene00194787,0,0,0
WBGene00194788,0,1,1
WBGene00194793,5,6,11
WBGene00194795,3,14,17
WBGene00194799,0,2,2
WBGene00194801,1,0,1
WBGene00194803,0,6,6
WBGene00194813,0,46,46
WBGene00194815,6,17,23
WBGene00194816,6,19,25
WBGene00194821,3,11,14
WBGene00194832,36,58,94
WBGene00194833,2,1,3
WBGene00194835,4,85,89
WBGene00194839,0,3,3
WBGene00194848,4,8,12
WBGene00194849,16,18,34
WBGene00194850,0,12,12
WBGene00194852,6,36,42
WBGene00194855,9,45,54
WBGene00194861,3,20,23
WBGene00194864,2,1,3
WBGene00194866,61,71,132
WBGene00194867,1,2,3
WBGene00194868,28,4,32
WBGene00194869,0,1076,1076
WBGene00194870,32,48,80
WBGene00194871,3,0,3
WBGene00194883,52,1005,1057
WBGene00194886,1,34,35
WBGene00194888,1,1,2
WBGene00194890,42,1,43
WBGene00194892,17,121,138
WBGene00194894,0,0,0
WBGene00194895,3,170,173
WBGene00194896,116,1,117
WBGene00194898,0,0,0
WBGene00194902,2,2,4
WBGene00194905,66,342,408
WBGene00194906,6,13,19
WBGene00194907,1,8,9
WBGene00194908,69,310,379
WBGene00194909,42,362,404
WBGene00194910,57,127,184
WBGene00194912,0,7,7
WBGene00194913,148,195,343
WBGene00194914,0,1,1
WBGene00194915,31,182,213
WBGene00194916,5,40,45
WBGene00194917,8,25,33
WBGene00194918,2,5,7
WBGene00194919,6,11,17
WBGene00194920,1,12,13
WBGene00194921,157,625,782
WBGene00194922,0,6,6
WBGene00194924,0,0,0
WBGene00194925,17,29,46
WBGene00194926,28,242,270
WBGene00194927,0,0,0
WBGene00194928,23,185,208
WBGene00194929,0,3,3
WBGene00194930,0,2,2
WBGene00194931,0,2,2
WBGene00194933,0,1,1
WBGene00194934,9,159,168
WBGene00194935,0,0,0
WBGene00194940,2,31,33
WBGene00194951,0,0,0
WBGene00194952,0,14,14
WBGene00194955,38,214,252
WBGene00194956,0,58,58
WBGene00194957,1,0,1
WBGene00194981,12,10,22
WBGene00194982,46,420,466
WBGene00194983,1,9,10
WBGene00194985,0,0,0
WBGene00194986,0,0,0
WBGene00194998,43,193,236
WBGene00195003,2,13,15
WBGene00195004,19,44,63
WBGene00195006,4,5,9
WBGene00195009,0,0,0
WBGene00195010,2,4,6
WBGene00195011,28,86,114
WBGene00195012,13,4,17
WBGene00195045,1,11,12
WBGene00195046,15,8,23
WBGene00195048,2,1,3
WBGene00195049,14,10,24
WBGene00195050,9,105,114
WBGene00195051,40,421,461
WBGene00195056,60,845,905
WBGene00195057,0,2,2
WBGene00195058,0,0,0
WBGene00195061,2,1,3
WBGene00195063,66,1063,1129
WBGene00195067,8,29,37
WBGene00195068,96,76,172
WBGene00195069,0,23,23
WBGene00195070,24,8,32
WBGene00195071,2,15,17
WBGene00195072,2,1,3
WBGene00195073,349,1093,1442
WBGene00195077,1,1,2
WBGene00195081,3,23,26
WBGene00195084,71,430,501
WBGene00195086,13,381,394
WBGene00195093,67,1208,1275
WBGene00195142,0,492,492
WBGene00195143,198,305,503
WBGene00195144,4,26,30
WBGene00195145,63,107,170
WBGene00195146,188,306,494
WBGene00195147,27,26,53
WBGene00195148,14,20,34
WBGene00195149,3,13,16
WBGene00195150,0,3,3
WBGene00195154,1,8,9
WBGene00195155,0,11,11
WBGene00195157,9,12,21
WBGene00195158,0,0,0
WBGene00195160,0,0,0
WBGene00195164,0,23,23
WBGene00195165,2,2,4
WBGene00195166,29,1178,1207
WBGene00195168,0,1,1
WBGene00195169,26,49,75
WBGene00195171,6,2,8
WBGene00195174,5,4,9
WBGene00195176,1,5,6
WBGene00195177,0,2,2
WBGene00195178,4,11,15
WBGene00195179,6,11,17
WBGene00195180,16,131,147
WBGene00195181,0,0,0
WBGene00195182,3,10,13
WBGene00195183,5,32,37
WBGene00195184,5,28,33
WBGene00195185,315,926,1241
WBGene00195188,1,4,5
WBGene00195189,17,100,117
WBGene00195208,11,79,90
WBGene00195209,0,226,226
WBGene00195210,13,62,75
WBGene00195211,1,0,1
WBGene00195212,37,95,132
WBGene00195213,1,9,10
WBGene00195214,2,21,23
WBGene00195215,1,0,1
WBGene00195226,3,14,17
WBGene00195227,0,2,2
WBGene00195228,2,0,2
WBGene00195229,0,1,1
WBGene00195230,0,0,0
WBGene00195231,0,0,0
WBGene00195232,12,7,19
WBGene00195239,70,694,764
WBGene00195240,0,2,2
WBGene00195241,2,0,2
WBGene00195242,0,1,1
WBGene00195243,1,9,10
WBGene00195244,3,26,29
WBGene00195246,11,58,69
WBGene00195248,10,42,52
WBGene00195249,5,8,13
WBGene00195250,0,3,3
WBGene00195256,2,6,8
WBGene00202495,0,0,0
WBGene00202496,3,15,18
WBGene00202497,4,4,8
WBGene00202498,9,21,30
WBGene00202499,2,1,3
WBGene00202500,7,2,9
WBGene00202501,0,2,2
WBGene00202502,1,0,1
WBGene00202504,0,0,0
WBGene00202511,0,6,6
WBGene00202512,43,184,227
WBGene00202513,4,157,161
WBGene00202514,3,11,14
WBGene00206354,3,35,38
WBGene00206355,1,26,27
WBGene00206356,33,622,655
WBGene00206357,5,4,9
WBGene00206358,2,0,2
WBGene00206359,9,8,17
WBGene00206360,0,2,2
WBGene00206361,4,146,150
WBGene00206362,41,468,509
WBGene00206363,0,1,1
WBGene00206364,3,49,52
WBGene00206365,0,5,5
WBGene00206366,3,25,28
WBGene00206368,0,0,0
WBGene00206370,2,25,27
WBGene00206371,5,150,155
WBGene00206372,5,0,5
WBGene00206373,32,336,368
WBGene00206374,56,109,165
WBGene00206377,3,76,79
WBGene00206378,20,29,49
WBGene00206379,0,2,2
WBGene00206380,116,1789,1905
WBGene00206381,1,22,23
WBGene00206382,73,871,944
WBGene00206383,4,2,6
WBGene00206384,23,20,43
WBGene00206385,0,0,0
WBGene00206386,1,33,34
WBGene00206388,0,1,1
WBGene00206389,0,0,0
WBGene00206390,0,2,2
WBGene00206392,21,47,68
WBGene00206393,1,8,9
WBGene00206395,1,0,1
WBGene00206412,1,22,23
WBGene00206413,1,2,3
WBGene00206414,3,17,20
WBGene00206415,11,6,17
WBGene00206416,5,47,52
WBGene00206417,28,521,549
WBGene00206418,6,23,29
WBGene00206421,0,0,0
WBGene00206422,0,126,126
WBGene00206460,10,46,56
WBGene00206461,4,37,41
WBGene00206462,0,8,8
WBGene00206464,0,1107,1107
WBGene00206466,4,138,142
WBGene00206468,0,0,0
WBGene00206469,18,52,70
WBGene00206471,4,5,9
WBGene00206473,6,32,38
WBGene00206474,29,71,100
WBGene00206475,6,4,10
WBGene00206477,0,0,0
WBGene00206478,0,2,2
WBGene00206479,9,236,245
WBGene00206481,1,2,3
WBGene00206482,0,17,17
WBGene00206483,2,1,3
WBGene00206484,22,114,136
WBGene00206485,0,0,0
WBGene00206486,11,5,16
WBGene00206487,20,553,573
WBGene00206488,87,66,153
WBGene00206490,0,0,0
WBGene00206492,0,0,0
WBGene00206493,1,8,9
WBGene00206495,1,0,1
WBGene00206496,1,0,1
WBGene00206497,3,6,9
WBGene00206498,1,2,3
WBGene00206499,2,0,2
WBGene00206500,0,8,8
WBGene00206501,0,0,0
WBGene00206502,3,44,47
WBGene00206503,0,2,2
WBGene00206504,0,0,0
WBGene00206505,15,92,107
WBGene00206506,0,0,0
WBGene00206507,0,1,1
WBGene00206508,0,0,0
WBGene00206510,0,1,1
WBGene00206511,3,1,4
WBGene00206512,2,8,10
WBGene00206513,3,4,7
WBGene00206514,2,2,4
WBGene00206515,1,5,6
WBGene00206516,262,6,268
WBGene00206517,3,82,85
WBGene00206518,4,1,5
WBGene00206519,2,5,7
WBGene00206520,0,1,1
WBGene00206521,3,33,36
WBGene00206522,45,1729,1774
WBGene00206523,2,1,3
WBGene00206524,3,14,17
WBGene00206525,64,631,695
WBGene00206527,5,19,24
WBGene00206528,8,103,111
WBGene00206529,45,277,322
WBGene00206530,28,5,33
WBGene00206532,405,268,673
WBGene00206533,163,107,270
WBGene00206534,0,0,0
WBGene00206535,5,0,5
WBGene00206537,4,3,7
WBGene00206538,18,249,267
WBGene00219205,0,12,12
WBGene00219206,9,191,200
WBGene00219207,0,1175,1175
WBGene00219208,55,827,882
WBGene00219209,16,56,72
WBGene00219210,6,27,33
WBGene00219212,0,0,0
WBGene00219214,0,0,0
WBGene00219216,9,4,13
WBGene00219217,1,6,7
WBGene00219218,2,14,16
WBGene00219234,5,0,5
WBGene00219235,0,47,47
WBGene00219236,18,608,626
WBGene00219238,0,2,2
WBGene00219239,0,1,1
WBGene00219241,1,10,11
WBGene00219243,31,54,85
WBGene00219244,0,5,5
WBGene00219271,0,1,1
WBGene00219272,5,1,6
WBGene00219274,14,95,109
WBGene00219275,252,2336,2588
WBGene00219278,0,2,2
WBGene00219280,3,57,60
WBGene00219281,31,11,42
WBGene00219282,1,11,12
WBGene00219283,246,33,279
WBGene00219284,4,11582,11586
WBGene00219285,11,20,31
WBGene00219286,0,20,20
WBGene00219287,91,1927,2018
WBGene00219288,63,197,260
WBGene00219289,1462,368,1830
WBGene00219290,0,0,0
WBGene00219291,0,1,1
WBGene00219293,0,4,4
WBGene00219294,7,27,34
WBGene00219295,90,64,154
WBGene00219296,1,5,6
WBGene00219297,3,12,15
WBGene00219298,9,22,31
WBGene00219299,3,10,13
WBGene00219300,5,40,45
WBGene00219301,2,0,2
WBGene00219302,0,44,44
WBGene00219308,0,5,5
WBGene00219309,3,49,52
WBGene00219310,0,6,6
WBGene00219313,43,1943,1986
WBGene00219314,4,2,6
WBGene00219315,1,0,1
WBGene00219316,3,32,35
WBGene00219317,11,25,36
WBGene00219318,0,0,0
WBGene00219319,21,46,67
WBGene00219321,4,3,7
WBGene00219322,0,0,0
WBGene00219324,0,5,5
WBGene00219325,29,28,57
WBGene00219326,3,9,12
WBGene00219327,0,6,6
WBGene00219329,141,124,265
WBGene00219330,1,2,3
WBGene00219332,14,0,14
WBGene00219337,122,51,173
WBGene00219342,1,0,1
WBGene00219351,6,6,12
WBGene00219362,167,321,488
WBGene00219368,0,5,5
WBGene00219369,0,2,2
WBGene00219370,0,1,1
WBGene00219371,4,73,77
WBGene00219372,11,252,263
WBGene00219373,11,920,931
WBGene00219374,1,46,47
WBGene00219375,27,146,173
WBGene00219376,4,24,28
WBGene00219378,0,0,0
WBGene00219381,2,3,5
WBGene00219383,0,2,2
WBGene00219394,24,252,276
WBGene00219395,5,1,6
WBGene00219399,17,24,41
WBGene00219410,38,20,58
WBGene00219411,2,2,4
WBGene00219412,0,177,177
WBGene00219413,2,27,29
WBGene00219414,0,3,3
WBGene00219418,0,1,1
WBGene00219420,0,118,118
WBGene00219421,11,10,21
WBGene00219422,7,19,26
WBGene00219423,5,5,10
WBGene00219424,3,38,41
WBGene00219425,95,123,218
WBGene00219434,0,1,1
WBGene00219436,18,83,101
WBGene00219437,4,0,4
WBGene00219443,2,0,2
WBGene00219445,0,0,0
WBGene00219446,0,0,0
WBGene00219447,0,0,0
WBGene00219449,4,18,22
WBGene00219450,26,102,128
WBGene00219451,4,94,98
WBGene00219452,2,5,7
WBGene00219454,0,0,0
WBGene00219455,0,2,2
WBGene00219456,0,5,5
WBGene00219458,4,1,5
WBGene00219460,12,2,14
WBGene00219476,7,24,31
WBGene00219478,1,3,4
WBGene00219489,0,1,1
WBGene00219491,0,1,1
WBGene00219493,1,18,19
WBGene00219498,3,1,4
WBGene00219544,7,11,18
WBGene00219547,0,0,0
WBGene00219750,4,2,6
WBGene00219796,0,53,53
WBGene00220249,1,6,7
WBGene00220250,21,6,27
WBGene00220253,0,10,10
WBGene00220254,0,0,0
WBGene00220257,1,25,26
WBGene00220258,0,13,13
WBGene00220259,6,17,23
WBGene00220261,8,25,33
WBGene00235081,0,0,0
WBGene00235092,2,2,4
WBGene00235093,1,1,2
WBGene00235094,0,1,1
WBGene00235095,4,11,15
WBGene00235102,27,4261,4288
WBGene00235110,2,6,8
WBGene00235112,0,0,0
WBGene00235113,0,42,42
WBGene00235114,28,647,675
WBGene00235115,0,0,0
WBGene00235116,6,4,10
WBGene00235117,0,4,4
WBGene00235118,1,10,11
WBGene00235120,1,1,2
WBGene00235129,1,41,42
WBGene00235132,20,18,38
WBGene00235133,0,2,2
WBGene00235134,3,2,5
WBGene00235158,30,342,372
WBGene00235164,88,1365,1453
WBGene00235165,0,1,1
WBGene00235254,0,3,3
WBGene00235256,0,29,29
WBGene00235257,4,19,23
WBGene00235258,1,7,8
WBGene00235260,34,7,41
WBGene00235261,0,7,7
WBGene00235262,0,0,0
WBGene00235263,37,21,58
WBGene00235264,1,0,1
WBGene00235267,1,2,3
WBGene00235268,67,635,702
WBGene00235269,86,984,1070
WBGene00235271,0,1,1
WBGene00235273,113,434,547
WBGene00235274,10,278,288
WBGene00235275,20,9,29
WBGene00235277,179,174,353
WBGene00235279,98,60,158
WBGene00235280,4,6,10
WBGene00235282,0,0,0
WBGene00235283,9,17,26
WBGene00235284,0,5,5
WBGene00235285,0,0,0
WBGene00235288,1,0,1
WBGene00235289,2,0,2
WBGene00235290,1,3,4
WBGene00235291,175,1103,1278
WBGene00235293,0,0,0
WBGene00235294,0,2,2
WBGene00235295,0,3,3
WBGene00235296,0,23,23
WBGene00235297,0,0,0
WBGene00235298,0,0,0
WBGene00235300,0,19,19
WBGene00235301,0,12,12
WBGene00235302,0,2,2
WBGene00235303,0,38,38
WBGene00235304,0,3,3
WBGene00235305,1,6,7
WBGene00235308,8,33,41
WBGene00235309,5,1,6
WBGene00235310,62,173,235
WBGene00235311,0,0,0
WBGene00235312,2,58,60
WBGene00235313,12,37,49
WBGene00235315,22,290,312
WBGene00235316,16,50,66
WBGene00235317,0,0,0
WBGene00235320,2,12,14
WBGene00235321,20,2,22
WBGene00235322,0,0,0
WBGene00235324,3,2,5
WBGene00235325,52,373,425
WBGene00235326,0,0,0
WBGene00235327,2,2,4
WBGene00235328,0,44,44
WBGene00235329,6,8,14
WBGene00235330,2,16,18
WBGene00235332,0,5,5
WBGene00235333,1,4,5
WBGene00235335,0,22,22
WBGene00235336,0,4,4
WBGene00235339,0,0,0
WBGene00235340,0,4,4
WBGene00235342,1,0,1
WBGene00235343,0,0,0
WBGene00235350,56,8,64
WBGene00235351,0,0,0
WBGene00235352,2,4,6
WBGene00235354,0,0,0
WBGene00235358,0,4,4
WBGene00235359,0,0,0
WBGene00235361,0,0,0
WBGene00235363,0,2,2
WBGene00235364,0,0,0
WBGene00235365,0,2,2
WBGene00235367,0,2,2
WBGene00235368,0,0,0
WBGene00235369,1,0,1
WBGene00235371,0,0,0
WBGene00235374,2,2,4
WBGene00235380,0,70,70
WBGene00235383,0,1,1
WBGene00235388,1,2,3
WBGene00235390,0,2,2
WBGene00235391,0,10,10
WBGene00236786,4,44,48
WBGene00236789,6,51,57
WBGene00236806,71,2,73
WBGene00236808,14,2,16
WBGene00236809,3,4,7
WBGene00249815,1672,1576,3248
WBGene00249817,38,655,693
WBGene00255375,0,0,0
WBGene00255420,21,0,21
WBGene00255457,136,57,193
WBGene00255469,3,11,14
WBGene00255522,0,0,0
WBGene00255545,0,0,0
WBGene00255546,2,0,2
WBGene00255550,0,0,0
WBGene00255553,1,1,2
WBGene00255594,9,29,38
WBGene00255595,0,172,172
WBGene00255597,2,10,12
WBGene00255598,19,32,51
WBGene00255600,5,19,24
WBGene00255605,0,10,10
WBGene00255607,1,15,16
WBGene00255611,0,3,3
WBGene00255702,10,73,83
WBGene00255704,0,254,254
WBGene00255714,1,102,103
WBGene00255729,7,17,24
WBGene00255731,3,10,13
WBGene00255732,0,0,0
WBGene00255733,2,8,10
WBGene00268194,3,0,3
WBGene00268196,38,91,129
WBGene00268197,0,0,0
WBGene00268198,0,0,0
WBGene00268199,0,0,0
WBGene00268206,1,10,11
WBGene00268213,2,22,24
WBGene00268215,9,32,41
WBGene00268216,3,1,4
WBGene00269332,0,0,0
WBGene00269352,0,0,0
WBGene00269355,13,82,95
WBGene00269373,2,52,54
WBGene00269374,0,4,4
WBGene00269375,1,19,20
WBGene00269378,50,324,374
WBGene00269379,4,9,13
WBGene00269381,1,1,2
WBGene00269382,5,31,36
WBGene00269385,0,0,0
WBGene00269387,7,225,232
WBGene00269388,0,2,2
WBGene00269389,0,7,7
WBGene00269391,137,324,461
WBGene00269392,3,4,7
WBGene00269394,0,3,3
WBGene00269421,494,2407,2901
WBGene00269422,0,8,8
WBGene00269424,0,6,6
WBGene00269425,4,0,4
WBGene00269429,0,78,78
WBGene00269431,0,63,63
WBGene00269432,41,408,449
WBGene00269433,8,196,204
WBGene00269434,0,13,13
WBGene00269435,1,2,3
WBGene00269437,1,3,4
WBGene00269438,2,10,12
WBGene00270290,0,2,2
WBGene00270293,0,1,1
WBGene00270303,1,17,18
WBGene00270309,23,47,70
WBGene00270318,13,64,77
WBGene00270319,93,955,1048
WBGene00270320,0,7,7
WBGene00270321,11,17,28
WBGene00270322,29,593,622
WBGene00271414,69,1413,1482
WBGene00271415,9,11,20
WBGene00271437,7,41,48
WBGene00271444,1,30,31
WBGene00271567,3,17,20
WBGene00271577,3,3,6
WBGene00271605,27,37,64
WBGene00271606,13,153,166
WBGene00271657,0,17,17
WBGene00271694,13,206,219
WBGene00271701,2,19,21
WBGene00271703,3,5,8
WBGene00271706,6,297,303
WBGene00271707,0,14,14
WBGene00271715,8,1,9
