gene_id,total_unsp,total_sp,total
WBGene00000001,21,545,566
WBGene00000002,25,467,492
WBGene00000003,3,285,288
WBGene00000004,125,1172,1297
WBGene00000005,4,16,20
WBGene00000006,240,2174,2414
WBGene00000007,5,45,50
WBGene00000008,7,9,16
WBGene00000009,10,18,28
WBGene00000010,34,264,298
WBGene00000012,18,26,44
WBGene00000013,0,70,70
WBGene00000014,1,3,4
WBGene00000015,3,144,147
WBGene00000016,53,3091,3144
WBGene00000017,9,1643,1652
WBGene00000018,252,1087,1339
WBGene00000019,10,7,17
WBGene00000020,175,549,724
WBGene00000022,17,266,283
WBGene00000023,13,64,77
WBGene00000024,0,8,8
WBGene00000025,0,4,4
WBGene00000027,0,0,0
WBGene00000028,0,0,0
WBGene00000029,0,26,26
WBGene00000030,0,0,0
WBGene00000031,79,529,608
WBGene00000032,0,1,1
WBGene00000033,3,27,30
WBGene00000034,3,9,12
WBGene00000035,588,638,1226
WBGene00000036,85,398,483
WBGene00000037,61,1756,1817
WBGene00000038,80,150,230
WBGene00000039,16,555,571
WBGene00000040,22,3129,3151
WBGene00000041,388,12379,12767
WBGene00000042,74,269,343
WBGene00000043,56,143,199
WBGene00000044,88,141,229
WBGene00000045,18,26,44
WBGene00000046,42,73,115
WBGene00000047,139,730,869
WBGene00000048,23,73,96
WBGene00000049,6,10,16
WBGene00000050,7,53,60
WBGene00000051,27,280,307
WBGene00000053,19,71,90
WBGene00000054,46,359,405
WBGene00000055,14,305,319
WBGene00000056,41,115,156
WBGene00000057,80,137,217
WBGene00000058,130,228,358
WBGene00000059,24,111,135
WBGene00000060,15,67,82
WBGene00000061,15,69,84
WBGene00000062,54,107,161
WBGene00000063,344,102635,102979
WBGene00000064,263,10721,10984
WBGene00000065,385,103283,103668
WBGene00000066,908,140259,141167
WBGene00000067,153,3957,4110
WBGene00000068,1255,1566,2821
WBGene00000069,65,264,329
WBGene00000070,256,1295,1551
WBGene00000071,33,236,269
WBGene00000072,93,868,961
WBGene00000073,52,379,431
WBGene00000074,80,540,620
WBGene00000075,20,122,142
WBGene00000079,179,2656,2835
WBGene00000080,6,199,205
WBGene00000081,40,575,615
WBGene00000082,72,113,185
WBGene00000083,315,1850,2165
WBGene00000084,29,48,77
WBGene00000085,33,289,322
WBGene00000086,98,880,978
WBGene00000088,56,236,292
WBGene00000089,115,2204,2319
WBGene00000090,87,707,794
WBGene00000092,350,2579,2929
WBGene00000093,34,558,592
WBGene00000094,82,587,669
WBGene00000095,113,1449,1562
WBGene00000096,131,436,567
WBGene00000097,63,1002,1065
WBGene00000098,60,721,781
WBGene00000099,40,602,642
WBGene00000100,375,3262,3637
WBGene00000101,127,1355,1482
WBGene00000102,302,3504,3806
WBGene00000103,89,1128,1217
WBGene00000105,85,2587,2672
WBGene00000106,32,1028,1060
WBGene00000107,460,4348,4808
WBGene00000108,6,1,7
WBGene00000109,15,522,537
WBGene00000110,64,1414,1478
WBGene00000111,51,342,393
WBGene00000112,327,3129,3456
WBGene00000113,182,403,585
WBGene00000114,214,37937,38151
WBGene00000115,27,951,978
WBGene00000116,76,477,553
WBGene00000117,242,432,674
WBGene00000118,16,6250,6266
WBGene00000120,8,1807,1815
WBGene00000121,28,1623,1651
WBGene00000122,54,5767,5821
WBGene00000123,208,3737,3945
WBGene00000133,6,10,16
WBGene00000134,137,220,357
WBGene00000135,28,227,255
WBGene00000136,17,137,154
WBGene00000137,68,309,377
WBGene00000138,55,288,343
WBGene00000139,74,49,123
WBGene00000140,687,37026,37713
WBGene00000142,41,746,787
WBGene00000143,92,516,608
WBGene00000144,29,235,264
WBGene00000145,6,360,366
WBGene00000146,239,1925,2164
WBGene00000147,5,419,424
WBGene00000148,91,855,946
WBGene00000149,405,9302,9707
WBGene00000150,94,753,847
WBGene00000151,13,574,587
WBGene00000155,16,790,806
WBGene00000156,35,604,639
WBGene00000157,60,1860,1920
WBGene00000158,353,1635,1988
WBGene00000159,27,1884,1911
WBGene00000160,426,1949,2375
WBGene00000161,100,2001,2101
WBGene00000162,356,1651,2007
WBGene00000163,55,1594,1649
WBGene00000164,111,782,893
WBGene00000165,30,825,855
WBGene00000166,41,348,389
WBGene00000168,271,224,495
WBGene00000169,26,580,606
WBGene00000170,1425,15640,17065
WBGene00000171,8,1,9
WBGene00000172,137,425,562
WBGene00000173,8,108,116
WBGene00000174,25,75,100
WBGene00000175,1869,24525,26394
WBGene00000176,2,596,598
WBGene00000177,256,1155,1411
WBGene00000178,136,1241,1377
WBGene00000179,274,1393,1667
WBGene00000180,44,634,678
WBGene00000181,621,3914,4535
WBGene00000182,141,9393,9534
WBGene00000183,194,10053,10247
WBGene00000184,115,1026,1141
WBGene00000185,4,34,38
WBGene00000186,384,3186,3570
WBGene00000187,8,935,943
WBGene00000188,0,172,172
WBGene00000189,12,285,297
WBGene00000190,36,115,151
WBGene00000192,10,1685,1695
WBGene00000193,26,90,116
WBGene00000195,77,921,998
WBGene00000196,132,1062,1194
WBGene00000197,35,2962,2997
WBGene00000198,194,1736,1930
WBGene00000199,201,2574,2775
WBGene00000200,88,1693,1781
WBGene00000201,685,2921,3606
WBGene00000202,6,308,314
WBGene00000203,18,1602,1620
WBGene00000204,64,1704,1768
WBGene00000205,13,1340,1353
WBGene00000206,112,1567,1679
WBGene00000207,1060,29456,30516
WBGene00000208,395,567,962
WBGene00000209,1099,10646,11745
WBGene00000210,3513,30278,33791
WBGene00000211,132,421,553
WBGene00000212,16,66,82
WBGene00000213,10,63,73
WBGene00000214,0,12128,12128
WBGene00000215,115,1258,1373
WBGene00000216,11,3889,3900
WBGene00000217,1254,12097,13351
WBGene00000218,75,3452,3527
WBGene00000219,4,3325,3329
WBGene00000220,52,551,603
WBGene00000221,786,6090,6876
WBGene00000222,78,868,946
WBGene00000223,525,4206,4731
WBGene00000224,239,3027,3266
WBGene00000225,4272,2403,6675
WBGene00000226,146,1382,1528
WBGene00000227,154,870,1024
WBGene00000228,568,11614,12182
WBGene00000229,2394,74995,77389
WBGene00000230,212,29023,29235
WBGene00000231,211,1743,1954
WBGene00000232,258,1512,1770
WBGene00000233,154,517,671
WBGene00000235,8,4974,4982
WBGene00000236,182,1288,1470
WBGene00000237,85,506,591
WBGene00000238,67,529,596
WBGene00000239,106,427,533
WBGene00000240,269,1339,1608
WBGene00000241,17,111,128
WBGene00000242,28,257,285
WBGene00000244,56,396,452
WBGene00000245,225,4157,4382
WBGene00000246,31,70,101
WBGene00000247,62,843,905
WBGene00000248,286,2969,3255
WBGene00000249,4,1359,1363
WBGene00000250,11,131,142
WBGene00000251,1,7,8
WBGene00000252,0,5,5
WBGene00000253,41,261,302
WBGene00000254,390,1409,1799
WBGene00000255,53,86,139
WBGene00000256,0,12,12
WBGene00000257,53,960,1013
WBGene00000259,91,753,844
WBGene00000262,13,520,533
WBGene00000263,4559,36476,41035
WBGene00000264,177,347,524
WBGene00000265,86,303,389
WBGene00000266,184,2250,2434
WBGene00000267,52,158,210
WBGene00000268,273,764,1037
WBGene00000269,89,512,601
WBGene00000270,13,244,257
WBGene00000271,49,657,706
WBGene00000272,17,146,163
WBGene00000273,88,2056,2144
WBGene00000274,180,679,859
WBGene00000275,26,839,865
WBGene00000276,146,3737,3883
WBGene00000277,2046,18686,20732
WBGene00000279,20,246,266
WBGene00000280,71,502,573
WBGene00000281,64,3030,3094
WBGene00000282,232,2571,2803
WBGene00000283,134,2091,2225
WBGene00000284,20,1387,1407
WBGene00000285,209,3023,3232
WBGene00000286,665,6255,6920
WBGene00000287,102,509,611
WBGene00000288,289,2509,2798
WBGene00000289,311,1585,1896
WBGene00000292,299,4309,4608
WBGene00000293,268,6273,6541
WBGene00000294,162,3602,3764
WBGene00000295,89,656,745
WBGene00000296,95,193,288
WBGene00000298,7,564,571
WBGene00000301,5,4520,4525
WBGene00000302,15,112,127
WBGene00000366,174,4013,4187
WBGene00000367,560,1675,2235
WBGene00000368,281,2865,3146
WBGene00000369,7,1432,1439
WBGene00000370,2420,10488,12908
WBGene00000371,3256,39975,43231
WBGene00000372,1,31,32
WBGene00000373,45,322,367
WBGene00000375,28,148,176
WBGene00000376,290,1140,1430
WBGene00000377,108,10797,10905
WBGene00000378,32,9257,9289
WBGene00000379,873,11740,12613
WBGene00000380,723,19945,20668
WBGene00000381,106,8582,8688
WBGene00000382,15,532,547
WBGene00000383,118,1918,2036
WBGene00000386,14,167,181
WBGene00000387,448,463,911
WBGene00000388,5,9,14
WBGene00000389,0,1,1
WBGene00000390,124,3977,4101
WBGene00000391,156,720,876
WBGene00000392,0,39,39
WBGene00000393,43,871,914
WBGene00000395,54,366,420
WBGene00000396,114,3172,3286
WBGene00000397,7,24,31
WBGene00000399,13,332,345
WBGene00000401,34,130,164
WBGene00000402,102,223,325
WBGene00000403,795,10291,11086
WBGene00000405,74,2118,2192
WBGene00000406,33,291,324
WBGene00000407,146,650,796
WBGene00000408,304,922,1226
WBGene00000409,80,778,858
WBGene00000410,177,999,1176
WBGene00000411,21,1726,1747
WBGene00000412,23,155,178
WBGene00000413,42,423,465
WBGene00000414,253,4938,5191
WBGene00000415,789,1079,1868
WBGene00000416,32,771,803
WBGene00000417,57,74,131
WBGene00000418,15,281,296
WBGene00000419,231,1204,1435
WBGene00000420,50,605,655
WBGene00000421,194,1411,1605
WBGene00000422,5,47,52
WBGene00000423,38,515,553
WBGene00000424,60,1081,1141
WBGene00000425,8,104,112
WBGene00000426,221,888,1109
WBGene00000427,1,7,8
WBGene00000428,1,34,35
WBGene00000429,56,185,241
WBGene00000430,19,193,212
WBGene00000431,20,573,593
WBGene00000432,5,2,7
WBGene00000433,95,404,499
WBGene00000434,13,158,171
WBGene00000435,9,106,115
WBGene00000436,13,39,52
WBGene00000437,73,1469,1542
WBGene00000438,28,30,58
WBGene00000439,22,249,271
WBGene00000440,3,131,134
WBGene00000441,378,1181,1559
WBGene00000442,28,247,275
WBGene00000443,149,2848,2997
WBGene00000444,4,210,214
WBGene00000445,14,128,142
WBGene00000446,20,543,563
WBGene00000447,68,339,407
WBGene00000448,113,1198,1311
WBGene00000449,128,689,817
WBGene00000450,7,25,32
WBGene00000451,10,121,131
WBGene00000452,13,695,708
WBGene00000453,67,1021,1088
WBGene00000454,22,218,240
WBGene00000455,64,939,1003
WBGene00000457,6,81,87
WBGene00000458,70,666,736
WBGene00000459,84,1193,1277
WBGene00000460,7,190,197
WBGene00000461,13,23,36
WBGene00000462,7,296,303
WBGene00000463,40,513,553
WBGene00000464,866,2172,3038
WBGene00000465,4,56,60
WBGene00000466,223,1233,1456
WBGene00000467,48,209,257
WBGene00000468,65,81,146
WBGene00000469,21,49,70
WBGene00000472,98,28780,28878
WBGene00000473,4,372,376
WBGene00000474,4,553,557
WBGene00000475,111,19476,19587
WBGene00000476,185,715,900
WBGene00000477,22,71,93
WBGene00000478,49,498,547
WBGene00000479,31,1895,1926
WBGene00000480,102,845,947
WBGene00000481,100,822,922
WBGene00000482,141,3195,3336
WBGene00000483,20,7,27
WBGene00000484,66,157,223
WBGene00000485,133,982,1115
WBGene00000487,35,25,60
WBGene00000488,116,238,354
WBGene00000490,46,391,437
WBGene00000491,130,528,658
WBGene00000492,434,519,953
WBGene00000493,38,142,180
WBGene00000496,50,93,143
WBGene00000497,38,287,325
WBGene00000498,8,440,448
WBGene00000499,50,33,83
WBGene00000500,46,922,968
WBGene00000501,106,988,1094
WBGene00000502,48,1686,1734
WBGene00000503,0,9,9
WBGene00000506,203,731,934
WBGene00000507,74,477,551
WBGene00000508,33,969,1002
WBGene00000509,169,1156,1325
WBGene00000510,235,1762,1997
WBGene00000511,78,281,359
WBGene00000512,225,207,432
WBGene00000513,8,144,152
WBGene00000514,55,447,502
WBGene00000515,68,298,366
WBGene00000516,1,1789,1790
WBGene00000517,45,322,367
WBGene00000518,1150,1102,2252
WBGene00000519,356,395,751
WBGene00000520,50,475,525
WBGene00000521,9,44,53
WBGene00000522,118,369,487
WBGene00000523,33,261,294
WBGene00000524,46,559,605
WBGene00000525,16,188,204
WBGene00000526,12,279,291
WBGene00000527,336,1564,1900
WBGene00000528,112,586,698
WBGene00000529,180,433,613
WBGene00000530,32,112,144
WBGene00000531,17,16,33
WBGene00000532,44,881,925
WBGene00000533,7,202,209
WBGene00000534,26,7415,7441
WBGene00000535,146,2959,3105
WBGene00000536,48,416,464
WBGene00000537,18,290,308
WBGene00000539,5,61,66
WBGene00000540,55,183,238
WBGene00000541,58,163,221
WBGene00000542,343,4084,4427
WBGene00000543,76,417,493
WBGene00000544,55,2,57
WBGene00000545,614,1557,2171
WBGene00000546,3,2,5
WBGene00000547,134,740,874
WBGene00000548,108,1880,1988
WBGene00000549,416,1487,1903
WBGene00000550,96,8963,9059
WBGene00000551,0,1,1
WBGene00000552,1509,25735,27244
WBGene00000553,1053,1334,2387
WBGene00000554,535,5867,6402
WBGene00000555,1,0,1
WBGene00000556,5,101,106
WBGene00000557,84,1761,1845
WBGene00000558,76,1033,1109
WBGene00000559,0,0,0
WBGene00000560,3,2,5
WBGene00000561,1,366,367
WBGene00000562,87,163,250
WBGene00000563,19,13,32
WBGene00000564,222,820,1042
WBGene00000565,391,356,747
WBGene00000566,401,1182,1583
WBGene00000567,154,3507,3661
WBGene00000583,227,1654,1881
WBGene00000584,13,249,262
WBGene00000585,115,1015,1130
WBGene00000591,188,927,1115
WBGene00000592,12,128,140
WBGene00000593,0,33,33
WBGene00000594,0,2936,2936
WBGene00000596,0,0,0
WBGene00000597,10,64,74
WBGene00000598,1,18,19
WBGene00000599,18,2395,2413
WBGene00000601,0,29,29
WBGene00000602,0,37,37
WBGene00000603,2,207,209
WBGene00000606,40,224,264
WBGene00000608,0,1,1
WBGene00000609,0,2,2
WBGene00000610,14,40,54
WBGene00000611,73,548,621
WBGene00000612,0,6,6
WBGene00000613,0,22,22
WBGene00000614,4,12,16
WBGene00000615,0,16,16
WBGene00000616,0,353,353
WBGene00000617,0,0,0
WBGene00000618,0,111,111
WBGene00000620,1,3,4
WBGene00000621,0,7,7
WBGene00000622,2,12,14
WBGene00000623,26,59,85
WBGene00000624,25,20,45
WBGene00000625,18,121,139
WBGene00000626,0,3,3
WBGene00000627,0,6,6
WBGene00000628,0,7,7
WBGene00000629,5,6,11
WBGene00000630,17,99,116
WBGene00000631,3,36,39
WBGene00000632,4,124,128
WBGene00000633,4,29,33
WBGene00000634,0,17,17
WBGene00000636,6,8,14
WBGene00000637,0,136,136
WBGene00000638,0,0,0
WBGene00000639,0,111,111
WBGene00000640,8,26,34
WBGene00000641,6,222,228
WBGene00000644,0,24,24
WBGene00000645,39,157,196
WBGene00000646,2,1,3
WBGene00000647,2,65,67
WBGene00000648,57,9,66
WBGene00000649,11,68,79
WBGene00000650,0,7,7
WBGene00000651,17,133,150
WBGene00000652,11,83,94
WBGene00000653,0,15,15
WBGene00000654,6,6,12
WBGene00000655,3,47,50
WBGene00000656,7,1142,1149
WBGene00000657,18,234,252
WBGene00000658,9,11,20
WBGene00000659,0,4,4
WBGene00000660,2,1,3
WBGene00000661,7,3,10
WBGene00000662,19,16,35
WBGene00000663,0,12,12
WBGene00000664,0,205,205
WBGene00000665,12,97,109
WBGene00000666,2,41,43
WBGene00000667,0,89,89
WBGene00000668,0,508,508
WBGene00000669,7,1755,1762
WBGene00000670,0,46,46
WBGene00000671,0,9,9
WBGene00000672,0,133,133
WBGene00000673,1,9108,9109
WBGene00000674,58,225,283
WBGene00000675,1,27,28
WBGene00000676,0,3,3
WBGene00000677,14,8589,8603
WBGene00000678,0,35,35
WBGene00000679,2,30,32
WBGene00000680,0,6,6
WBGene00000681,2,3375,3377
WBGene00000682,0,18,18
WBGene00000683,26,156,182
WBGene00000684,22,68,90
WBGene00000685,6,68,74
WBGene00000687,17,130,147
WBGene00000688,2,82,84
WBGene00000689,18,31,49
WBGene00000690,0,10,10
WBGene00000691,0,3038,3038
WBGene00000692,138,1423,1561
WBGene00000693,0,5,5
WBGene00000694,0,6,6
WBGene00000695,0,4,4
WBGene00000696,0,2,2
WBGene00000697,2,5,7
WBGene00000698,0,18,18
WBGene00000699,0,228,228
WBGene00000700,0,0,0
WBGene00000701,0,15,15
WBGene00000702,8,45,53
WBGene00000703,2,216,218
WBGene00000704,0,103,103
WBGene00000705,2,3,5
WBGene00000706,3,16,19
WBGene00000707,0,5,5
WBGene00000708,0,32,32
WBGene00000710,1,2,3
WBGene00000711,0,4,4
WBGene00000712,0,1,1
WBGene00000713,1,31,32
WBGene00000714,5,16,21
WBGene00000715,2,16,18
WBGene00000716,1,7,8
WBGene00000717,10,1085,1095
WBGene00000718,0,12,12
WBGene00000719,0,12,12
WBGene00000720,3,8074,8077
WBGene00000721,0,14,14
WBGene00000722,15,2527,2542
WBGene00000723,0,49,49
WBGene00000724,6,29,35
WBGene00000725,0,14,14
WBGene00000726,80,400,480
WBGene00000727,0,568,568
WBGene00000728,0,408,408
WBGene00000729,2,11,13
WBGene00000730,1,12,13
WBGene00000731,4,88,92
WBGene00000732,0,32,32
WBGene00000733,4,4829,4833
WBGene00000734,0,26,26
WBGene00000735,3,9,12
WBGene00000736,1,8,9
WBGene00000737,1,34,35
WBGene00000738,4,12,16
WBGene00000739,18,12275,12293
WBGene00000740,1,3277,3278
WBGene00000741,1,3122,3123
WBGene00000742,0,488,488
WBGene00000743,1,132,133
WBGene00000744,0,0,0
WBGene00000745,0,40,40
WBGene00000746,7,24,31
WBGene00000747,0,89,89
WBGene00000748,2,134,136
WBGene00000749,1,120,121
WBGene00000750,9,60,69
WBGene00000751,0,7,7
WBGene00000752,0,1,1
WBGene00000753,0,13,13
WBGene00000754,0,6,6
WBGene00000755,0,19,19
WBGene00000756,0,2,2
WBGene00000757,1,5,6
WBGene00000758,0,0,0
WBGene00000759,32,133,165
WBGene00000760,5,8,13
WBGene00000761,81,1188,1269
WBGene00000762,108,549,657
WBGene00000763,145,1149,1294
WBGene00000764,23,256,279
WBGene00000765,6,1947,1953
WBGene00000766,39,990,1029
WBGene00000767,203,2583,2786
WBGene00000768,320,3033,3353
WBGene00000770,3,26,29
WBGene00000771,1,10,11
WBGene00000772,3,140,143
WBGene00000773,73,1225,1298
WBGene00000774,48,1221,1269
WBGene00000775,71,304,375
WBGene00000776,349,8055,8404
WBGene00000777,24,1915,1939
WBGene00000778,9,208,217
WBGene00000779,5189,63137,68326
WBGene00000780,255,1997,2252
WBGene00000781,14,2087,2101
WBGene00000782,0,31,31
WBGene00000783,30,355,385
WBGene00000784,3,528,531
WBGene00000785,4,1617,1621
WBGene00000786,56,585,641
WBGene00000787,20,1226,1246
WBGene00000788,37,2652,2689
WBGene00000789,59,1201,1260
WBGene00000792,68,172,240
WBGene00000793,3744,1661,5405
WBGene00000794,60,1008,1068
WBGene00000795,32,536,568
WBGene00000796,213,2034,2247
WBGene00000797,6,15,21
WBGene00000798,2,975,977
WBGene00000799,10,64,74
WBGene00000800,155,2905,3060
WBGene00000802,1022,60299,61321
WBGene00000803,15,125,140
WBGene00000804,4,646,650
WBGene00000812,198,868,1066
WBGene00000813,118,1111,1229
WBGene00000814,145,1651,1796
WBGene00000815,236,1035,1271
WBGene00000816,219,855,1074
WBGene00000817,33,772,805
WBGene00000818,73,794,867
WBGene00000819,10,15,25
WBGene00000820,81,253,334
WBGene00000821,5,2,7
WBGene00000822,2177,23623,25800
WBGene00000829,0,73922,73922
WBGene00000830,0,120,120
WBGene00000831,1,266,267
WBGene00000832,523,2494,3017
WBGene00000833,150,30040,30190
WBGene00000834,928,1414,2342
WBGene00000835,147,2141,2288
WBGene00000836,58,871,929
WBGene00000837,109,1134,1243
WBGene00000838,86,599,685
WBGene00000839,60,1225,1285
WBGene00000840,173,1592,1765
WBGene00000841,32,63,95
WBGene00000843,33,2189,2222
WBGene00000845,447,4264,4711
WBGene00000846,113,461,574
WBGene00000851,2,17,19
WBGene00000853,7,4,11
WBGene00000854,279,1574,1853
WBGene00000857,24,965,989
WBGene00000858,99,1491,1590
WBGene00000859,8,20,28
WBGene00000860,7,84,91
WBGene00000861,7,20,27
WBGene00000862,137,188,325
WBGene00000863,21,671,692
WBGene00000864,7,12,19
WBGene00000865,6,346,352
WBGene00000866,0,11,11
WBGene00000867,1,12,13
WBGene00000868,20,1505,1525
WBGene00000869,214,10428,10642
WBGene00000870,66,1057,1123
WBGene00000871,36,297,333
WBGene00000872,59,921,980
WBGene00000874,82,1401,1483
WBGene00000875,16,862,878
WBGene00000876,209,2070,2279
WBGene00000877,38,11074,11112
WBGene00000878,7,57,64
WBGene00000879,1281,27294,28575
WBGene00000880,77,1154,1231
WBGene00000881,5,12667,12672
WBGene00000882,3,1746,1749
WBGene00000883,4126,80235,84361
WBGene00000884,54,1636,1690
WBGene00000885,250,264,514
WBGene00000886,92,843,935
WBGene00000887,185,1304,1489
WBGene00000888,63,1061,1124
WBGene00000889,127,1202,1329
WBGene00000890,72,531,603
WBGene00000891,184,1223,1407
WBGene00000892,113,639,752
WBGene00000893,19,151,170
WBGene00000894,24,1353,1377
WBGene00000895,61,67,128
WBGene00000896,311,6355,6666
WBGene00000897,107,659,766
WBGene00000898,1387,1293,2680
WBGene00000899,173,1352,1525
WBGene00000900,578,1535,2113
WBGene00000901,411,3690,4101
WBGene00000902,5,43,48
WBGene00000903,23,2215,2238
WBGene00000904,39,207,246
WBGene00000905,41,430,471
WBGene00000906,188,400,588
WBGene00000907,44,259,303
WBGene00000908,482,1264,1746
WBGene00000910,426,1945,2371
WBGene00000911,266,2034,2300
WBGene00000912,588,2270,2858
WBGene00000913,49,746,795
WBGene00000914,353,971,1324
WBGene00000915,423,65619,66042
WBGene00000917,265,2503,2768
WBGene00000920,25,2905,2930
WBGene00000923,50,2536,2586
WBGene00000928,29,2004,2033
WBGene00000929,97,805,902
WBGene00000930,1,21,22
WBGene00000931,252,9745,9997
WBGene00000932,47,1013,1060
WBGene00000933,311,1985,2296
WBGene00000934,20,304,324
WBGene00000935,4,306,310
WBGene00000936,34,1112,1146
WBGene00000937,21,430,451
WBGene00000938,1225,4201,5426
WBGene00000939,198,1697,1895
WBGene00000940,203,1349,1552
WBGene00000941,866,8042,8908
WBGene00000942,294,7861,8155
WBGene00000950,118,164,282
WBGene00000951,35,107,142
WBGene00000952,58,96,154
WBGene00000953,61,161,222
WBGene00000955,30,121,151
WBGene00000958,215,860,1075
WBGene00000959,196,1278,1474
WBGene00000960,28,105,133
WBGene00000961,36,1124,1160
WBGene00000962,231,7670,7901
WBGene00000963,94,708,802
WBGene00000964,99,3432,3531
WBGene00000965,48,821,869
WBGene00000966,52,268,320
WBGene00000967,180,427,607
WBGene00000968,31,222,253
WBGene00000969,16,666,682
WBGene00000970,48,1420,1468
WBGene00000971,5,23,28
WBGene00000972,18,258,276
WBGene00000973,41,668,709
WBGene00000974,15,82,97
WBGene00000975,136,1390,1526
WBGene00000976,107,862,969
WBGene00000977,3,29,32
WBGene00000978,26,2176,2202
WBGene00000979,4,181,185
WBGene00000980,228,995,1223
WBGene00000981,10,269,279
WBGene00000982,161,3679,3840
WBGene00000983,59,410,469
WBGene00000984,53,605,658
WBGene00000985,34,1025,1059
WBGene00000986,4,39,43
WBGene00000987,246,847,1093
WBGene00000988,523,9735,10258
WBGene00000989,6,20,26
WBGene00000990,110,760,870
WBGene00000991,149,946,1095
WBGene00000992,0,477,477
WBGene00000993,175,929,1104
WBGene00000994,35,356,391
WBGene00000995,111,768,879
WBGene00000996,91,1891,1982
WBGene00000998,1607,41775,43382
WBGene00001000,1264,20880,22144
WBGene00001001,261,2107,2368
WBGene00001002,47,1006,1053
WBGene00001005,65,20255,20320
WBGene00001006,119,1536,1655
WBGene00001007,350,4179,4529
WBGene00001008,305,2212,2517
WBGene00001016,15,233,248
WBGene00001017,288,3061,3349
WBGene00001018,251,2243,2494
WBGene00001019,342,1627,1969
WBGene00001020,64,1061,1125
WBGene00001021,46,229,275
WBGene00001022,20,192,212
WBGene00001023,214,3034,3248
WBGene00001025,125,1717,1842
WBGene00001026,57,1804,1861
WBGene00001027,206,1278,1484
WBGene00001028,224,2664,2888
WBGene00001029,539,4798,5337
WBGene00001030,109,5557,5666
WBGene00001031,45,3290,3335
WBGene00001032,31,660,691
WBGene00001033,99,550,649
WBGene00001034,59,1229,1288
WBGene00001035,82,1197,1279
WBGene00001036,15,583,598
WBGene00001037,80,6867,6947
WBGene00001038,212,4659,4871
WBGene00001039,221,894,1115
WBGene00001040,28,596,624
WBGene00001041,37,1365,1402
WBGene00001042,431,1737,2168
WBGene00001043,260,872,1132
WBGene00001044,9,56,65
WBGene00001045,89,908,997
WBGene00001046,10,136,146
WBGene00001047,324,4060,4384
WBGene00001048,159,890,1049
WBGene00001049,39,371,410
WBGene00001050,55,313,368
WBGene00001051,6,1970,1976
WBGene00001052,301,869,1170
WBGene00001053,169,517,686
WBGene00001054,141,606,747
WBGene00001055,118,626,744
WBGene00001056,237,1830,2067
WBGene00001057,23,1120,1143
WBGene00001058,100,931,1031
WBGene00001059,3,112,115
WBGene00001060,29,748,777
WBGene00001061,54,896,950
WBGene00001062,1,2,3
WBGene00001063,12,12,24
WBGene00001064,22,866,888
WBGene00001065,0,1057,1057
WBGene00001066,36,308,344
WBGene00001067,0,329,329
WBGene00001068,142,2983,3125
WBGene00001069,8,941,949
WBGene00001070,102,625,727
WBGene00001071,68,835,903
WBGene00001072,40,661,701
WBGene00001073,191,3025,3216
WBGene00001074,49,428,477
WBGene00001075,25,87,112
WBGene00001076,0,100,100
WBGene00001077,101,2378,2479
WBGene00001078,112,579,691
WBGene00001079,13,100,113
WBGene00001080,573,2848,3421
WBGene00001081,179,4505,4684
WBGene00001082,247,2150,2397
WBGene00001085,114,1876,1990
WBGene00001086,117,2295,2412
WBGene00001087,937,1104,2041
WBGene00001088,17,8005,8022
WBGene00001089,220,1381,1601
WBGene00001090,148,573,721
WBGene00001092,0,127,127
WBGene00001093,94,2047,2141
WBGene00001094,46,5463,5509
WBGene00001095,50,306,356
WBGene00001096,9,132,141
WBGene00001099,19,304,323
WBGene00001101,525,2593,3118
WBGene00001102,19,490,509
WBGene00001103,0,3,3
WBGene00001104,4,5,9
WBGene00001105,13,16,29
WBGene00001106,45,13,58
WBGene00001107,41,110,151
WBGene00001108,3,1,4
WBGene00001109,0,37,37
WBGene00001110,13,126,139
WBGene00001112,75,646,721
WBGene00001113,1160,9511,10671
WBGene00001115,369,1252,1621
WBGene00001116,328,2033,2361
WBGene00001117,45,358,403
WBGene00001118,72,199,271
WBGene00001119,38,236,274
WBGene00001121,72,214,286
WBGene00001122,68,842,910
WBGene00001123,11,161,172
WBGene00001127,53,268,321
WBGene00001129,33,147,180
WBGene00001130,123,3055,3178
WBGene00001131,1173,9270,10443
WBGene00001132,279,3849,4128
WBGene00001133,13,20,33
WBGene00001134,190,3024,3214
WBGene00001135,88,930,1018
WBGene00001136,22,75,97
WBGene00001137,370,18991,19361
WBGene00001145,1350,7352,8702
WBGene00001147,0,9,9
WBGene00001148,28,246,274
WBGene00001149,177,11103,11280
WBGene00001150,0,22,22
WBGene00001151,71,1044,1115
WBGene00001152,4,304,308
WBGene00001153,3,1083,1086
WBGene00001154,38,1565,1603
WBGene00001155,3216,24159,27375
WBGene00001156,102,643,745
WBGene00001157,20,102,122
WBGene00001158,10,19,29
WBGene00001159,29,380,409
WBGene00001160,56,1766,1822
WBGene00001161,135,602,737
WBGene00001162,182,614,796
WBGene00001163,149,2160,2309
WBGene00001164,4,2,6
WBGene00001165,57,294,351
WBGene00001166,57,4852,4909
WBGene00001167,5602,120129,125731
WBGene00001168,9868,307156,317024
WBGene00001169,134,71156,71290
WBGene00001170,12,296,308
WBGene00001171,191,616,807
WBGene00001172,355,9904,10259
WBGene00001173,2009,5512,7521
WBGene00001174,22,258,280
WBGene00001175,27,128,155
WBGene00001177,2398,4332,6730
WBGene00001178,275,1337,1612
WBGene00001179,336,1260,1596
WBGene00001182,148,1253,1401
WBGene00001184,79,900,979
WBGene00001185,25,216,241
WBGene00001186,353,1329,1682
WBGene00001187,292,3965,4257
WBGene00001188,153,631,784
WBGene00001189,1151,15434,16585
WBGene00001190,208,358,566
WBGene00001193,4,277,281
WBGene00001194,432,4634,5066
WBGene00001196,996,13447,14443
WBGene00001202,104,261,365
WBGene00001204,40,62,102
WBGene00001207,46,131,177
WBGene00001208,231,1352,1583
WBGene00001209,136,8604,8740
WBGene00001210,24,1330,1354
WBGene00001211,76,278,354
WBGene00001214,15,343,358
WBGene00001215,296,1358,1654
WBGene00001223,3,5,8
WBGene00001224,27,1838,1865
WBGene00001225,26,5153,5179
WBGene00001226,371,11646,12017
WBGene00001227,1051,8160,9211
WBGene00001228,40,2270,2310
WBGene00001229,50,2938,2988
WBGene00001230,64,4957,5021
WBGene00001231,47,3105,3152
WBGene00001232,185,2955,3140
WBGene00001233,407,4055,4462
WBGene00001234,17,5029,5046
WBGene00001235,88,1907,1995
WBGene00001236,239,361,600
WBGene00001237,14,78,92
WBGene00001239,190,5980,6170
WBGene00001240,110,2294,2404
WBGene00001241,255,3333,3588
WBGene00001242,5,68,73
WBGene00001243,117,1545,1662
WBGene00001244,347,2884,3231
WBGene00001245,1,4,5
WBGene00001246,3,38,41
WBGene00001247,72,319,391
WBGene00001248,161,475,636
WBGene00001249,25,680,705
WBGene00001250,11,96,107
WBGene00001251,63,1083,1146
WBGene00001252,0,41,41
WBGene00001253,105,623,728
WBGene00001258,653,3657,4310
WBGene00001259,126,3674,3800
WBGene00001262,43,1151,1194
WBGene00001263,1220,32637,33857
WBGene00001281,50,634,684
WBGene00001284,151,1311,1462
WBGene00001303,342,23055,23397
WBGene00001309,122,2480,2602
WBGene00001310,12,4,16
WBGene00001311,2,2,4
WBGene00001320,4,1265,1269
WBGene00001324,58,736,794
WBGene00001325,170,713,883
WBGene00001328,262,13495,13757
WBGene00001329,75,2306,2381
WBGene00001330,403,1603,2006
WBGene00001331,201,4028,4229
WBGene00001332,105,436,541
WBGene00001333,199,2112,2311
WBGene00001334,341,1794,2135
WBGene00001335,190,1701,1891
WBGene00001336,298,3818,4116
WBGene00001337,899,6963,7862
WBGene00001338,55,1239,1294
WBGene00001340,520,2615,3135
WBGene00001345,879,1727,2606
WBGene00001352,320,2382,2702
WBGene00001358,40,275,315
WBGene00001365,164,1269,1433
WBGene00001366,424,1839,2263
WBGene00001368,231,1535,1766
WBGene00001371,37,530,567
WBGene00001372,68,255,323
WBGene00001373,228,184,412
WBGene00001374,205,798,1003
WBGene00001377,133,350,483
WBGene00001385,52691,506943,559634
WBGene00001386,1502,33648,35150
WBGene00001387,0,14,14
WBGene00001388,1,2,3
WBGene00001389,24,365,389
WBGene00001390,26,509,535
WBGene00001391,72,719,791
WBGene00001392,240,11290,11530
WBGene00001393,97,6643,6740
WBGene00001394,54,4980,5034
WBGene00001395,512,4257,4769
WBGene00001396,158,2318,2476
WBGene00001397,0,37,37
WBGene00001398,13,1584,1597
WBGene00001399,1,9,10
WBGene00001400,22,238,260
WBGene00001401,5,131,136
WBGene00001402,3,147,150
WBGene00001403,157,933,1090
WBGene00001404,808,10355,11163
WBGene00001405,23,1291,1314
WBGene00001406,154,466,620
WBGene00001410,201,628,829
WBGene00001411,40,840,880
WBGene00001412,20,604,624
WBGene00001413,11,115,126
WBGene00001414,8,26,34
WBGene00001423,436,31782,32218
WBGene00001424,0,1,1
WBGene00001425,186,1259,1445
WBGene00001426,247,6923,7170
WBGene00001427,1400,50710,52110
WBGene00001428,3,951,954
WBGene00001429,13,425,438
WBGene00001430,123,3645,3768
WBGene00001431,108,4629,4737
WBGene00001432,74,368,442
WBGene00001433,57,718,775
WBGene00001434,0,125,125
WBGene00001435,4,4,8
WBGene00001436,1,1,2
WBGene00001437,3,65,68
WBGene00001438,4,43,47
WBGene00001439,1044,1705,2749
WBGene00001440,25,297,322
WBGene00001441,230,2126,2356
WBGene00001442,2,114,116
WBGene00001443,356,1993,2349
WBGene00001444,14137,84286,98423
WBGene00001445,91,1048,1139
WBGene00001446,15,324,339
WBGene00001447,107,2151,2258
WBGene00001448,861,11448,12309
WBGene00001449,420,2703,3123
WBGene00001450,30,1233,1263
WBGene00001451,285,2661,2946
WBGene00001452,189,12815,13004
WBGene00001453,4,963,967
WBGene00001454,11,6876,6887
WBGene00001455,139,3134,3273
WBGene00001456,13,1615,1628
WBGene00001457,3928,22269,26197
WBGene00001458,309,3615,3924
WBGene00001459,120,4417,4537
WBGene00001460,25,898,923
WBGene00001461,1616,7673,9289
WBGene00001462,76,5305,5381
WBGene00001463,65,1712,1777
WBGene00001464,368,5159,5527
WBGene00001465,11,23,34
WBGene00001466,9,379,388
WBGene00001468,9,56,65
WBGene00001470,88,1866,1954
WBGene00001475,186,2515,2701
WBGene00001476,29,150,179
WBGene00001477,6,72,78
WBGene00001478,13,109,122
WBGene00001479,29,260,289
WBGene00001480,866,5597,6463
WBGene00001481,32,208,240
WBGene00001482,1,76,77
WBGene00001483,6,70,76
WBGene00001484,491,950,1441
WBGene00001485,384,542,926
WBGene00001486,37,391,428
WBGene00001487,1,4,5
WBGene00001488,718,24917,25635
WBGene00001489,189,994,1183
WBGene00001490,237,1536,1773
WBGene00001491,361,2574,2935
WBGene00001492,54,717,771
WBGene00001493,82,1080,1162
WBGene00001494,458,1220,1678
WBGene00001495,211,777,988
WBGene00001496,532,2207,2739
WBGene00001497,168,3839,4007
WBGene00001498,399,3619,4018
WBGene00001499,19,546,565
WBGene00001500,8,33,41
WBGene00001501,559,3446,4005
WBGene00001502,647,34646,35293
WBGene00001503,105,7219,7324
WBGene00001505,36,296,332
WBGene00001506,10,22,32
WBGene00001507,21,75,96
WBGene00001508,95,871,966
WBGene00001509,118,1735,1853
WBGene00001510,124,1054,1178
WBGene00001511,21,633,654
WBGene00001512,88,305,393
WBGene00001513,5,905,910
WBGene00001514,17,145,162
WBGene00001515,66,245,311
WBGene00001516,568,1636,2204
WBGene00001517,96,510,606
WBGene00001518,479,2152,2631
WBGene00001519,388,1532,1920
WBGene00001520,151,6346,6497
WBGene00001522,35,112,147
WBGene00001523,102,887,989
WBGene00001526,83,637,720
WBGene00001527,26,977,1003
WBGene00001528,2,2,4
WBGene00001529,9,4,13
WBGene00001530,8,45,53
WBGene00001531,3,28,31
WBGene00001532,14,76,90
WBGene00001533,22,15,37
WBGene00001534,25,162,187
WBGene00001535,18,103,121
WBGene00001536,38,88,126
WBGene00001537,563,807,1370
WBGene00001538,77,1042,1119
WBGene00001539,74,46,120
WBGene00001540,7,26,33
WBGene00001541,17,142,159
WBGene00001542,30,78,108
WBGene00001543,22,146,168
WBGene00001544,39,126,165
WBGene00001545,5,26,31
WBGene00001546,47,78,125
WBGene00001547,84,221,305
WBGene00001548,19,110,129
WBGene00001549,46,156,202
WBGene00001550,12,29,41
WBGene00001551,82,73,155
WBGene00001552,59,502,561
WBGene00001553,94,523,617
WBGene00001554,96,496,592
WBGene00001555,268,756,1024
WBGene00001556,164,872,1036
WBGene00001557,135,725,860
WBGene00001558,58,6557,6615
WBGene00001559,176,701,877
WBGene00001560,36,171,207
WBGene00001561,1374,4956,6330
WBGene00001562,58,1476,1534
WBGene00001563,75,1493,1568
WBGene00001564,663,29079,29742
WBGene00001565,276,1406,1682
WBGene00001566,68,1396,1464
WBGene00001568,39,679,718
WBGene00001569,2,37,39
WBGene00001570,110,1495,1605
WBGene00001571,19,152,171
WBGene00001572,514,3554,4068
WBGene00001574,256,1732,1988
WBGene00001575,35,162,197
WBGene00001577,27,168,195
WBGene00001578,25,145,170
WBGene00001579,74,1060,1134
WBGene00001580,52,843,895
WBGene00001581,2,448,450
WBGene00001582,260,1533,1793
WBGene00001583,26,335,361
WBGene00001584,192,656,848
WBGene00001585,50,793,843
WBGene00001586,155,240,395
WBGene00001587,245,442,687
WBGene00001588,36,358,394
WBGene00001589,282,661,943
WBGene00001590,22,462,484
WBGene00001591,0,34,34
WBGene00001592,30,248,278
WBGene00001593,48,233,281
WBGene00001594,112,1079,1191
WBGene00001595,7,159,166
WBGene00001596,101,1812,1913
WBGene00001597,15,127,142
WBGene00001598,44,1698,1742
WBGene00001599,10,173,183
WBGene00001600,2,103,105
WBGene00001601,58,446,504
WBGene00001602,53,905,958
WBGene00001603,0,19,19
WBGene00001604,80,8260,8340
WBGene00001606,10,218,228
WBGene00001607,11,84,95
WBGene00001608,2,20,22
WBGene00001609,21,220,241
WBGene00001612,44,208,252
WBGene00001613,245,448,693
WBGene00001614,87,275,362
WBGene00001615,230,850,1080
WBGene00001616,88,879,967
WBGene00001617,208,459,667
WBGene00001618,32,35,67
WBGene00001619,14,67,81
WBGene00001620,147,3113,3260
WBGene00001621,4,40,44
WBGene00001622,53,150,203
WBGene00001623,6,140,146
WBGene00001624,11,32,43
WBGene00001625,8,16,24
WBGene00001626,4,24,28
WBGene00001627,58,286,344
WBGene00001628,38,735,773
WBGene00001629,364,912,1276
WBGene00001630,611,1089,1700
WBGene00001631,175,1103,1278
WBGene00001632,56,1242,1298
WBGene00001633,95,416,511
WBGene00001635,81,1119,1200
WBGene00001636,143,445,588
WBGene00001637,84,621,705
WBGene00001638,23,346,369
WBGene00001639,24,41,65
WBGene00001640,20,45,65
WBGene00001641,0,1,1
WBGene00001642,1,1,2
WBGene00001643,23,138,161
WBGene00001644,14,81,95
WBGene00001645,85,805,890
WBGene00001646,0,564,564
WBGene00001647,2,154,156
WBGene00001648,527,8493,9020
WBGene00001649,95,1523,1618
WBGene00001650,461,2234,2695
WBGene00001651,319,1094,1413
WBGene00001653,112,804,916
WBGene00001660,39,441,480
WBGene00001661,97,1092,1189
WBGene00001662,77,2097,2174
WBGene00001663,349,483,832
WBGene00001664,42,376,418
WBGene00001665,29,237,266
WBGene00001666,20,233,253
WBGene00001667,23,21,44
WBGene00001668,17,51,68
WBGene00001669,317,1610,1927
WBGene00001670,24,94,118
WBGene00001671,53,649,702
WBGene00001672,17,79,96
WBGene00001673,72,122,194
WBGene00001674,10,217,227
WBGene00001675,4,31,35
WBGene00001676,144,175,319
WBGene00001677,36,172,208
WBGene00001678,188,255,443
WBGene00001679,499,11552,12051
WBGene00001680,80,2102,2182
WBGene00001681,24,757,781
WBGene00001682,581,20026,20607
WBGene00001683,20,259,279
WBGene00001684,27,24912,24939
WBGene00001685,32,28638,28670
WBGene00001686,49,454,503
WBGene00001687,13,53,66
WBGene00001688,13,448,461
WBGene00001689,10,377,387
WBGene00001690,30,57,87
WBGene00001691,2,2,4
WBGene00001692,193,4460,4653
WBGene00001693,0,1,1
WBGene00001694,8,874,882
WBGene00001695,11,38,49
WBGene00001696,53,84,137
WBGene00001697,1,12,13
WBGene00001698,13,31,44
WBGene00001699,171,12466,12637
WBGene00001700,12,2,14
WBGene00001701,4,45,49
WBGene00001702,875,5906,6781
WBGene00001703,5,52,57
WBGene00001704,9,85,94
WBGene00001705,6,68,74
WBGene00001707,111,133,244
WBGene00001708,448,1999,2447
WBGene00001709,124,953,1077
WBGene00001710,33,234,267
WBGene00001711,5,31,36
WBGene00001712,4,5,9
WBGene00001713,14,1094,1108
WBGene00001714,3,32,35
WBGene00001715,0,1,1
WBGene00001716,23,123,146
WBGene00001717,6,142,148
WBGene00001718,1,73,74
WBGene00001719,11,224,235
WBGene00001720,3,0,3
WBGene00001721,17,185,202
WBGene00001722,3,4,7
WBGene00001723,18,43,61
WBGene00001724,24,65,89
WBGene00001725,2,111,113
WBGene00001726,2,12,14
WBGene00001727,6,22,28
WBGene00001728,2,12,14
WBGene00001729,4,33,37
WBGene00001730,2,35,37
WBGene00001731,3,34,37
WBGene00001732,6,12,18
WBGene00001733,1,2,3
WBGene00001734,0,2,2
WBGene00001735,7,6,13
WBGene00001736,8,30,38
WBGene00001737,0,1,1
WBGene00001738,0,0,0
WBGene00001739,1,2,3
WBGene00001740,99,348,447
WBGene00001743,66,575,641
WBGene00001744,142,3505,3647
WBGene00001745,550,3578,4128
WBGene00001746,265,2709,2974
WBGene00001747,99,4486,4585
WBGene00001748,414,5301,5715
WBGene00001749,0,2296,2296
WBGene00001750,36,223,259
WBGene00001751,40,945,985
WBGene00001752,35,1479,1514
WBGene00001753,272,10948,11220
WBGene00001754,1,320,321
WBGene00001755,114,11333,11447
WBGene00001756,0,130,130
WBGene00001757,23,96,119
WBGene00001758,11,1347,1358
WBGene00001759,55,915,970
WBGene00001760,8,416,424
WBGene00001761,19,367,386
WBGene00001762,0,35,35
WBGene00001763,6,149,155
WBGene00001764,7,251,258
WBGene00001765,0,3,3
WBGene00001766,9,1,10
WBGene00001767,1,62,63
WBGene00001768,23,2982,3005
WBGene00001769,13,255,268
WBGene00001770,2,342,344
WBGene00001771,1,168,169
WBGene00001772,9,2034,2043
WBGene00001773,4,55,59
WBGene00001774,3,388,391
WBGene00001775,7,1063,1070
WBGene00001776,13,390,403
WBGene00001777,7,10,17
WBGene00001778,3,48,51
WBGene00001779,0,87,87
WBGene00001780,0,62,62
WBGene00001781,45,717,762
WBGene00001782,25,38,63
WBGene00001783,19,127,146
WBGene00001784,129,1037,1166
WBGene00001785,0,4,4
WBGene00001786,0,104,104
WBGene00001787,2,1274,1276
WBGene00001788,106,587,693
WBGene00001789,1,254,255
WBGene00001790,47,721,768
WBGene00001791,159,807,966
WBGene00001792,27,236,263
WBGene00001793,631,2857,3488
WBGene00001794,2432,19777,22209
WBGene00001795,48,259,307
WBGene00001796,40,154,194
WBGene00001803,56,402,458
WBGene00001804,21,47,68
WBGene00001805,64,258,322
WBGene00001806,15,48,63
WBGene00001808,332,1813,2145
WBGene00001811,20,154,174
WBGene00001812,35,554,589
WBGene00001813,145,1129,1274
WBGene00001814,17,614,631
WBGene00001815,95,475,570
WBGene00001816,179,585,764
WBGene00001817,19,518,537
WBGene00001818,17,3,20
WBGene00001819,41,508,549
WBGene00001820,27,510,537
WBGene00001821,61,358,419
WBGene00001823,74,882,956
WBGene00001824,54,1572,1626
WBGene00001827,68,1259,1327
WBGene00001828,1,3,4
WBGene00001829,33,709,742
WBGene00001830,19,670,689
WBGene00001831,11,708,719
WBGene00001832,85,738,823
WBGene00001833,99,1266,1365
WBGene00001834,14,1813,1827
WBGene00001835,5,550,555
WBGene00001836,72,849,921
WBGene00001837,755,1222,1977
WBGene00001838,80,244,324
WBGene00001839,40,52,92
WBGene00001840,530,10568,11098
WBGene00001841,19,465,484
WBGene00001842,14,27,41
WBGene00001843,329,1515,1844
WBGene00001844,45,1036,1081
WBGene00001851,383,7721,8104
WBGene00001852,72,280,352
WBGene00001853,113,15714,15827
WBGene00001854,58,9346,9404
WBGene00001855,11,3117,3128
WBGene00001856,7,2714,2721
WBGene00001857,0,33,33
WBGene00001858,0,4165,4165
WBGene00001859,15,9,24
WBGene00001860,102,2191,2293
WBGene00001862,6,118,124
WBGene00001863,1176,9413,10589
WBGene00001864,102,387,489
WBGene00001865,29,184,213
WBGene00001867,29,258,287
WBGene00001869,22,609,631
WBGene00001872,62,72,134
WBGene00001874,31,698,729
WBGene00001875,0,1573,1573
WBGene00001876,0,562,562
WBGene00001877,0,1956,1956
WBGene00001878,0,1036,1036
WBGene00001879,0,1755,1755
WBGene00001880,0,946,946
WBGene00001881,0,1144,1144
WBGene00001882,0,333,333
WBGene00001883,0,113,113
WBGene00001884,0,0,0
WBGene00001885,0,1058,1058
WBGene00001886,0,0,0
WBGene00001887,0,0,0
WBGene00001888,0,0,0
WBGene00001889,0,0,0
WBGene00001890,0,133,133
WBGene00001891,0,126,126
WBGene00001892,0,2150,2150
WBGene00001893,0,0,0
WBGene00001894,0,0,0
WBGene00001895,0,0,0
WBGene00001896,0,0,0
WBGene00001898,34,32876,32910
WBGene00001899,0,223,223
WBGene00001900,0,0,0
WBGene00001901,0,0,0
WBGene00001902,0,0,0
WBGene00001903,0,1,1
WBGene00001904,0,0,0
WBGene00001905,0,314,314
WBGene00001906,0,3215,3215
WBGene00001907,0,2,2
WBGene00001908,0,1,1
WBGene00001909,1103,22774,23877
WBGene00001910,336,10502,10838
WBGene00001911,946,33222,34168
WBGene00001912,0,101,101
WBGene00001913,0,9,9
WBGene00001914,0,91,91
WBGene00001915,873,25770,26643
WBGene00001916,0,62,62
WBGene00001917,0,0,0
WBGene00001918,0,0,0
WBGene00001919,0,10,10
WBGene00001920,0,0,0
WBGene00001921,0,21,21
WBGene00001922,0,710,710
WBGene00001923,0,0,0
WBGene00001924,0,0,0
WBGene00001925,0,0,0
WBGene00001926,0,0,0
WBGene00001927,0,0,0
WBGene00001928,0,297,297
WBGene00001929,0,14,14
WBGene00001930,0,0,0
WBGene00001931,10,64,74
WBGene00001932,0,14,14
WBGene00001933,0,2974,2974
WBGene00001934,0,5356,5356
WBGene00001935,0,1047,1047
WBGene00001936,0,2510,2510
WBGene00001937,0,929,929
WBGene00001938,0,4563,4563
WBGene00001939,0,31,31
WBGene00001940,0,49,49
WBGene00001941,0,876,876
WBGene00001942,0,1781,1781
WBGene00001943,0,13,13
WBGene00001944,0,65,65
WBGene00001945,111,5304,5415
WBGene00001946,631,25556,26187
WBGene00001947,0,68,68
WBGene00001948,281,1511,1792
WBGene00001949,16,1045,1061
WBGene00001950,2,724,726
WBGene00001951,19,278,297
WBGene00001952,21,335,356
WBGene00001953,21,156,177
WBGene00001954,19,130,149
WBGene00001955,159,3655,3814
WBGene00001956,0,1,1
WBGene00001957,54,405,459
WBGene00001958,4,309,313
WBGene00001959,9,141,150
WBGene00001960,9,78,87
WBGene00001961,28,145,173
WBGene00001962,5,3,8
WBGene00001964,0,0,0
WBGene00001965,0,3,3
WBGene00001966,0,21,21
WBGene00001967,0,1,1
WBGene00001968,0,1,1
WBGene00001971,119,25314,25433
WBGene00001972,340,6817,7157
WBGene00001973,2,359,361
WBGene00001974,50,3020,3070
WBGene00001975,58,1005,1063
WBGene00001976,24,10763,10787
WBGene00001977,0,1070,1070
WBGene00001978,194,1646,1840
WBGene00001979,48,855,903
WBGene00001980,1722,3326,5048
WBGene00001981,1,10,11
WBGene00001983,98,746,844
WBGene00001984,67,183,250
WBGene00001985,3,28,31
WBGene00001986,140,1093,1233
WBGene00001987,712,578,1290
WBGene00001988,64,959,1023
WBGene00001989,74,595,669
WBGene00001990,115,1762,1877
WBGene00001991,18,191,209
WBGene00001992,44,410,454
WBGene00001993,17,1558,1575
WBGene00001994,210,3641,3851
WBGene00001995,32,796,828
WBGene00001996,282,835,1117
WBGene00001997,100,181,281
WBGene00001998,20,119,139
WBGene00001999,54,12348,12402
WBGene00002000,302,8145,8447
WBGene00002001,247,2476,2723
WBGene00002002,84,2013,2097
WBGene00002003,42,289,331
WBGene00002004,247,842,1089
WBGene00002005,405,51586,51991
WBGene00002007,410,19225,19635
WBGene00002008,110,1231,1341
WBGene00002010,61,7252,7313
WBGene00002011,588,8848,9436
WBGene00002012,10,471,481
WBGene00002013,18,81,99
WBGene00002015,0,0,0
WBGene00002016,10,2627,2637
WBGene00002017,0,642,642
WBGene00002018,20,2471,2491
WBGene00002019,0,19778,19778
WBGene00002020,0,0,0
WBGene00002021,97,822,919
WBGene00002023,517,10759,11276
WBGene00002024,53,1215,1268
WBGene00002025,769,25376,26145
WBGene00002026,4,77,81
WBGene00002027,188,4615,4803
WBGene00002028,15,337,352
WBGene00002029,12,202,214
WBGene00002030,84,181,265
WBGene00002031,64,315,379
WBGene00002032,6,130,136
WBGene00002033,6,42,48
WBGene00002034,2,130,132
WBGene00002035,149,1012,1161
WBGene00002036,159,1501,1660
WBGene00002037,129,597,726
WBGene00002038,136,927,1063
WBGene00002039,103,664,767
WBGene00002040,291,1599,1890
WBGene00002041,55,241,296
WBGene00002042,23,223,246
WBGene00002043,109,438,547
WBGene00002044,20,934,954
WBGene00002045,5573,62994,68567
WBGene00002046,128,1427,1555
WBGene00002047,41,966,1007
WBGene00002048,1050,5662,6712
WBGene00002050,204,1494,1698
WBGene00002051,7,32,39
WBGene00002052,65,963,1028
WBGene00002053,192,5347,5539
WBGene00002054,51,1821,1872
WBGene00002055,9,1104,1113
WBGene00002056,319,1184,1503
WBGene00002057,25,192,217
WBGene00002058,12,178,190
WBGene00002059,134,2363,2497
WBGene00002060,63,4130,4193
WBGene00002061,19,1234,1253
WBGene00002062,44,738,782
WBGene00002063,46,168,214
WBGene00002064,805,5110,5915
WBGene00002065,650,76867,77517
WBGene00002066,415,8220,8635
WBGene00002067,66,503,569
WBGene00002068,8,435,443
WBGene00002069,178,1318,1496
WBGene00002070,56,1931,1987
WBGene00002071,35,1944,1979
WBGene00002072,14,424,438
WBGene00002073,12,1133,1145
WBGene00002074,88,3676,3764
WBGene00002075,103,1002,1105
WBGene00002076,368,883,1251
WBGene00002077,259,9167,9426
WBGene00002078,177,2607,2784
WBGene00002079,27,665,692
WBGene00002080,141,1187,1328
WBGene00002081,31,715,746
WBGene00002083,88,15714,15802
WBGene00002084,18,1029,1047
WBGene00002085,0,15,15
WBGene00002086,22,564,586
WBGene00002087,4,59,63
WBGene00002088,29,513,542
WBGene00002089,49,630,679
WBGene00002090,4,2,6
WBGene00002091,2,0,2
WBGene00002092,15,142,157
WBGene00002093,27,220,247
WBGene00002094,15,100,115
WBGene00002095,9,22,31
WBGene00002096,161,18,179
WBGene00002097,24,310,334
WBGene00002098,3,33,36
WBGene00002099,5,7,12
WBGene00002100,73,4485,4558
WBGene00002101,156,857,1013
WBGene00002102,2,5,7
WBGene00002103,0,3,3
WBGene00002104,9,12,21
WBGene00002105,10,276,286
WBGene00002106,0,1,1
WBGene00002107,17,201,218
WBGene00002108,34,11,45
WBGene00002109,166,1736,1902
WBGene00002110,608,3809,4417
WBGene00002111,79,696,775
WBGene00002112,21,144,165
WBGene00002113,47,1665,1712
WBGene00002114,4,22,26
WBGene00002115,3,4,7
WBGene00002116,33,81,114
WBGene00002117,2,8,10
WBGene00002118,16,127,143
WBGene00002119,24,28,52
WBGene00002120,2,98,100
WBGene00002121,0,1,1
WBGene00002123,900,2344,3244
WBGene00002124,3,111,114
WBGene00002125,3,372,375
WBGene00002127,16,1811,1827
WBGene00002128,24,276,300
WBGene00002129,36,728,764
WBGene00002130,3,26,29
WBGene00002131,4,19,23
WBGene00002132,26,486,512
WBGene00002133,105,250,355
WBGene00002134,159,4011,4170
WBGene00002135,120,3849,3969
WBGene00002136,28,134,162
WBGene00002137,10,166,176
WBGene00002138,12,54,66
WBGene00002139,1,68,69
WBGene00002140,176,649,825
WBGene00002141,122,94,216
WBGene00002142,34,149,183
WBGene00002143,34,81,115
WBGene00002144,11,32,43
WBGene00002146,79,736,815
WBGene00002147,197,613,810
WBGene00002148,86,1010,1096
WBGene00002149,70,190,260
WBGene00002150,190,266,456
WBGene00002151,291,639,930
WBGene00002152,223,4957,5180
WBGene00002153,59,828,887
WBGene00002162,2072,24347,26419
WBGene00002163,289,878,1167
WBGene00002169,362,2021,2383
WBGene00002173,214,1102,1316
WBGene00002174,62,439,501
WBGene00002175,628,1177,1805
WBGene00002176,763,1316,2079
WBGene00002177,69,276,345
WBGene00002178,137,1471,1608
WBGene00002179,459,4873,5332
WBGene00002180,15,444,459
WBGene00002181,147,480,627
WBGene00002182,97,263,360
WBGene00002183,735,10143,10878
WBGene00002184,205,418,623
WBGene00002185,761,1000,1761
WBGene00002186,2,7,9
WBGene00002187,272,1632,1904
WBGene00002188,8,4,12
WBGene00002189,2814,7510,10324
WBGene00002190,614,8560,9174
WBGene00002191,755,7350,8105
WBGene00002192,272,1186,1458
WBGene00002193,8,6,14
WBGene00002194,54,153,207
WBGene00002195,33,282,315
WBGene00002196,76,3717,3793
WBGene00002198,168,204,372
WBGene00002199,42,207,249
WBGene00002200,32,206,238
WBGene00002201,82,1519,1601
WBGene00002202,263,8127,8390
WBGene00002203,250,1814,2064
WBGene00002204,1,1,2
WBGene00002205,15,24,39
WBGene00002206,4,4,8
WBGene00002207,112,562,674
WBGene00002208,3,11,14
WBGene00002210,435,1892,2327
WBGene00002211,14,58,72
WBGene00002213,91,655,746
WBGene00002214,34,726,760
WBGene00002215,624,3852,4476
WBGene00002216,104,1813,1917
WBGene00002217,247,2482,2729
WBGene00002218,27,57,84
WBGene00002219,61,796,857
WBGene00002220,79,680,759
WBGene00002222,466,2325,2791
WBGene00002223,990,2496,3486
WBGene00002224,159,152,311
WBGene00002225,0,265,265
WBGene00002226,2,602,604
WBGene00002227,2,3,5
WBGene00002228,33,465,498
WBGene00002229,64,945,1009
WBGene00002230,226,400,626
WBGene00002231,28,827,855
WBGene00002232,137,1819,1956
WBGene00002233,59,284,343
WBGene00002234,10,40,50
WBGene00002235,64,108,172
WBGene00002238,21,7965,7986
WBGene00002239,79,558,637
WBGene00002240,314,349,663
WBGene00002241,625,1323,1948
WBGene00002242,286,439,725
WBGene00002243,160,366,526
WBGene00002244,264,4668,4932
WBGene00002245,194,745,939
WBGene00002246,3,583,586
WBGene00002247,254,6667,6921
WBGene00002248,17,76,93
WBGene00002249,26,1307,1333
WBGene00002250,18,2247,2265
WBGene00002251,206,1037,1243
WBGene00002252,69,118,187
WBGene00002253,1310,5007,6317
WBGene00002254,7969,56803,64772
WBGene00002255,1828,11467,13295
WBGene00002256,50,2117,2167
WBGene00002257,191,2289,2480
WBGene00002258,337,6494,6831
WBGene00002259,12,189,201
WBGene00002260,5,81,86
WBGene00002261,397,2434,2831
WBGene00002262,1464,18088,19552
WBGene00002263,269,3130,3399
WBGene00002264,248,8835,9083
WBGene00002265,696,8130,8826
WBGene00002266,456,6187,6643
WBGene00002267,274,6287,6561
WBGene00002268,1161,9846,11007
WBGene00002269,569,7149,7718
WBGene00002270,1,117,118
WBGene00002271,163,8015,8178
WBGene00002272,382,6083,6465
WBGene00002273,54,8977,9031
WBGene00002274,22,419,441
WBGene00002275,14,438,452
WBGene00002276,24,419,443
WBGene00002278,431,1064,1495
WBGene00002280,2758,44729,47487
WBGene00002282,34,512,546
WBGene00002295,267,5660,5927
WBGene00002297,58,373,431
WBGene00002299,124,540,664
WBGene00002324,10,492,502
WBGene00002335,120,4245,4365
WBGene00002344,299,17916,18215
WBGene00002348,41,4323,4364
WBGene00002363,140,4972,5112
WBGene00002368,7,173,180
WBGene00002393,19,529,548
WBGene00002497,411,2018,2429
WBGene00002583,339,2839,3178
WBGene00002601,133,604,737
WBGene00002632,47,937,984
WBGene00002637,220,7508,7728
WBGene00002694,29,1138,1167
WBGene00002696,131,2246,2377
WBGene00002717,803,5046,5849
WBGene00002783,855,3368,4223
WBGene00002804,20,1814,1834
WBGene00002827,76,1045,1121
WBGene00002845,128,2620,2748
WBGene00002850,347,6511,6858
WBGene00002855,111,4214,4325
WBGene00002879,240,5072,5312
WBGene00002881,379,3241,3620
WBGene00002889,226,1773,1999
WBGene00002891,43,2311,2354
WBGene00002915,171,3657,3828
WBGene00002957,158,2570,2728
WBGene00002974,176,771,947
WBGene00002975,22,176,198
WBGene00002976,198,911,1109
WBGene00002977,283,1507,1790
WBGene00002978,1516,109099,110615
WBGene00002979,254,789,1043
WBGene00002980,152,21626,21778
WBGene00002981,193,5120,5313
WBGene00002982,60,471,531
WBGene00002983,46,136,182
WBGene00002985,77,914,991
WBGene00002986,46,718,764
WBGene00002987,64,232,296
WBGene00002988,50,448,498
WBGene00002989,346,1168,1514
WBGene00002990,449,1001,1450
WBGene00002991,327,1437,1764
WBGene00002992,79,270,349
WBGene00002994,45,2037,2082
WBGene00002996,70,433,503
WBGene00002997,26,412,438
WBGene00002998,74,786,860
WBGene00002999,548,2538,3086
WBGene00003000,93,605,698
WBGene00003001,81,260,341
WBGene00003002,481,3576,4057
WBGene00003003,925,1309,2234
WBGene00003006,248,372,620
WBGene00003007,136,724,860
WBGene00003008,25,42,67
WBGene00003009,74,1001,1075
WBGene00003010,355,2165,2520
WBGene00003011,112,1304,1416
WBGene00003012,102,1035,1137
WBGene00003014,260,3705,3965
WBGene00003015,73,69,142
WBGene00003017,28,130,158
WBGene00003018,18,310,328
WBGene00003019,202,2340,2542
WBGene00003020,202,980,1182
WBGene00003021,137,1386,1523
WBGene00003022,63,409,472
WBGene00003024,197,1936,2133
WBGene00003025,361,4473,4834
WBGene00003026,94,2141,2235
WBGene00003029,17,302,319
WBGene00003030,201,1098,1299
WBGene00003031,8,179,187
WBGene00003033,5,108,113
WBGene00003034,89,1090,1179
WBGene00003035,56,526,582
WBGene00003036,9,3806,3815
WBGene00003037,25,545,570
WBGene00003038,13,318,331
WBGene00003040,277,3379,3656
WBGene00003041,109,1003,1112
WBGene00003043,69,1201,1270
WBGene00003044,181,1238,1419
WBGene00003045,145,851,996
WBGene00003046,27,150,177
WBGene00003047,207,1872,2079
WBGene00003048,1488,2600,4088
WBGene00003052,141,8896,9037
WBGene00003053,29,3532,3561
WBGene00003055,64,1685,1749
WBGene00003056,110,486,596
WBGene00003057,21,216,237
WBGene00003058,4,4,8
WBGene00003059,104,884,988
WBGene00003060,766,2717,3483
WBGene00003061,429,9061,9490
WBGene00003062,54,3747,3801
WBGene00003063,112,7093,7205
WBGene00003064,3,971,974
WBGene00003065,184,5929,6113
WBGene00003066,117,2134,2251
WBGene00003068,119,1210,1329
WBGene00003071,189,3339,3528
WBGene00003072,218,3786,4004
WBGene00003073,171,6174,6345
WBGene00003074,73,1159,1232
WBGene00003075,28,106,134
WBGene00003076,141,1621,1762
WBGene00003077,31,1063,1094
WBGene00003078,37,2290,2327
WBGene00003079,0,3944,3944
WBGene00003080,123,2130,2253
WBGene00003081,352,2277,2629
WBGene00003082,101,1239,1340
WBGene00003083,18,334,352
WBGene00003084,86,1129,1215
WBGene00003085,282,6731,7013
WBGene00003086,399,1030,1429
WBGene00003087,53,1474,1527
WBGene00003089,87,1106,1193
WBGene00003090,2,1401,1403
WBGene00003091,2,659,661
WBGene00003092,2,55,57
WBGene00003093,14,294,308
WBGene00003094,1,10,11
WBGene00003095,1,13,14
WBGene00003096,4,395,399
WBGene00003097,4,1608,1612
WBGene00003098,0,7,7
WBGene00003099,0,14,14
WBGene00003100,21,14,35
WBGene00003102,150,606,756
WBGene00003104,29,39,68
WBGene00003106,37,183,220
WBGene00003107,34,60,94
WBGene00003111,116,1483,1599
WBGene00003112,68,545,613
WBGene00003114,106,127,233
WBGene00003119,541,1240,1781
WBGene00003123,41,6609,6650
WBGene00003124,184,1236,1420
WBGene00003129,192,960,1152
WBGene00003130,590,2375,2965
WBGene00003132,47,1082,1129
WBGene00003133,113,961,1074
WBGene00003134,68,525,593
WBGene00003136,71,463,534
WBGene00003142,119,815,934
WBGene00003143,270,2192,2462
WBGene00003144,349,1663,2012
WBGene00003148,39,5456,5495
WBGene00003149,210,1209,1419
WBGene00003150,754,4558,5312
WBGene00003151,42,338,380
WBGene00003153,4185,13854,18039
WBGene00003154,20,1143,1163
WBGene00003155,20,1149,1169
WBGene00003156,22,1548,1570
WBGene00003157,30,1613,1643
WBGene00003158,38,1369,1407
WBGene00003159,18,1290,1308
WBGene00003160,128,2107,2235
WBGene00003161,124,867,991
WBGene00003162,85,17966,18051
WBGene00003163,63,3866,3929
WBGene00003164,24,257,281
WBGene00003165,67,459,526
WBGene00003166,732,1026,1758
WBGene00003167,41,295,336
WBGene00003168,60,192,252
WBGene00003169,469,4277,4746
WBGene00003170,92,305,397
WBGene00003171,335,5103,5438
WBGene00003172,210,1739,1949
WBGene00003173,91,436,527
WBGene00003174,11,119,130
WBGene00003175,275,6367,6642
WBGene00003176,2,52,54
WBGene00003177,52,516,568
WBGene00003178,77,4987,5064
WBGene00003179,74,530,604
WBGene00003180,11,10,21
WBGene00003181,0,48,48
WBGene00003182,461,2450,2911
WBGene00003183,7,603,610
WBGene00003184,6,109,115
WBGene00003185,2,1019,1021
WBGene00003186,127,1556,1683
WBGene00003196,272,1255,1527
WBGene00003209,218,1099,1317
WBGene00003210,132,1697,1829
WBGene00003214,169,2277,2446
WBGene00003216,0,72,72
WBGene00003218,74,2715,2789
WBGene00003219,0,21,21
WBGene00003220,55,363,418
WBGene00003221,204,937,1141
WBGene00003222,71,724,795
WBGene00003224,22,99,121
WBGene00003225,648,9935,10583
WBGene00003228,8,43,51
WBGene00003229,116,1354,1470
WBGene00003230,3,79,82
WBGene00003231,1,30,31
WBGene00003232,116,302,418
WBGene00003233,165,598,763
WBGene00003234,298,1883,2181
WBGene00003235,408,2391,2799
WBGene00003236,2,252,254
WBGene00003237,134,735,869
WBGene00003238,158,1213,1371
WBGene00003239,44,1817,1861
WBGene00003241,90,849,939
WBGene00003242,2463,19621,22084
WBGene00003243,461,2546,3007
WBGene00003245,18,395,413
WBGene00003246,156,486,642
WBGene00003247,352,3784,4136
WBGene00003248,70,315,385
WBGene00003249,189,2761,2950
WBGene00003252,9,21,30
WBGene00003253,24,1335,1359
WBGene00003254,41,501,542
WBGene00003258,660,352,1012
WBGene00003367,688,4931,5619
WBGene00003368,34,723,757
WBGene00003369,387,37073,37460
WBGene00003370,21452,111502,132954
WBGene00003371,411,185606,186017
WBGene00003372,372,3934,4306
WBGene00003373,39,188,227
WBGene00003374,223,695,918
WBGene00003375,511,6887,7398
WBGene00003376,46,208,254
WBGene00003377,27,431,458
WBGene00003378,285,1549,1834
WBGene00003380,49,343,392
WBGene00003384,16,218,234
WBGene00003385,124,625,749
WBGene00003386,121,779,900
WBGene00003387,154,116,270
WBGene00003388,22,132,154
WBGene00003389,56,1870,1926
WBGene00003390,15,1131,1146
WBGene00003391,579,3065,3644
WBGene00003392,106,1330,1436
WBGene00003393,166,2522,2688
WBGene00003394,11,72,83
WBGene00003395,4,70,74
WBGene00003396,93,533,626
WBGene00003397,41,484,525
WBGene00003400,283,773,1056
WBGene00003401,299,2406,2705
WBGene00003402,50,233,283
WBGene00003403,35,214,249
WBGene00003404,1631,5837,7468
WBGene00003405,31,624,655
WBGene00003406,42,1974,2016
WBGene00003407,644,3232,3876
WBGene00003408,277,1186,1463
WBGene00003409,19,172,191
WBGene00003410,1,70,71
WBGene00003411,75,600,675
WBGene00003412,120,646,766
WBGene00003413,515,244,759
WBGene00003414,177,106,283
WBGene00003415,174,7008,7182
WBGene00003417,68,381,449
WBGene00003418,37,409,446
WBGene00003421,58,238,296
WBGene00003422,103,890,993
WBGene00003423,894,1381,2275
WBGene00003424,0,0,0
WBGene00003425,0,0,0
WBGene00003426,0,0,0
WBGene00003429,0,0,0
WBGene00003430,0,1,1
WBGene00003431,0,0,0
WBGene00003432,0,0,0
WBGene00003434,0,1,1
WBGene00003435,0,16,16
WBGene00003438,0,0,0
WBGene00003442,0,16,16
WBGene00003443,0,45,45
WBGene00003444,0,15,15
WBGene00003446,0,0,0
WBGene00003448,0,2,2
WBGene00003449,0,0,0
WBGene00003450,0,0,0
WBGene00003451,0,0,0
WBGene00003452,0,6,6
WBGene00003456,0,2,2
WBGene00003457,0,3,3
WBGene00003458,0,0,0
WBGene00003462,0,3,3
WBGene00003463,0,8,8
WBGene00003464,0,0,0
WBGene00003465,0,1,1
WBGene00003466,0,0,0
WBGene00003467,0,0,0
WBGene00003468,0,0,0
WBGene00003469,0,0,0
WBGene00003470,0,0,0
WBGene00003471,48,574,622
WBGene00003472,204,1486,1690
WBGene00003473,7,484,491
WBGene00003474,20,297,317
WBGene00003475,156,613,769
WBGene00003476,898,2839,3737
WBGene00003477,31,505,536
WBGene00003478,397,877,1274
WBGene00003479,133,757,890
WBGene00003480,28,276,304
WBGene00003482,312,2528,2840
WBGene00003485,313,2925,3238
WBGene00003495,801,62667,63468
WBGene00003497,104,1894,1998
WBGene00003499,10,63,73
WBGene00003504,6,374,380
WBGene00003507,1,109,110
WBGene00003508,78,657,735
WBGene00003509,44,425,469
WBGene00003510,116,870,986
WBGene00003511,52,3858,3910
WBGene00003514,157,7257,7414
WBGene00003515,173,10681,10854
WBGene00003516,124,1532,1656
WBGene00003517,34,397,431
WBGene00003518,21,33,54
WBGene00003519,252,3501,3753
WBGene00003520,15,35,50
WBGene00003521,0,0,0
WBGene00003522,48,580,628
WBGene00003523,30,58,88
WBGene00003524,10,137,147
WBGene00003525,40,163,203
WBGene00003526,11,84,95
WBGene00003527,35,329,364
WBGene00003528,8,128,136
WBGene00003529,13,15,28
WBGene00003530,43,412,455
WBGene00003531,16,61,77
WBGene00003532,18,107,125
WBGene00003533,8,62,70
WBGene00003534,4,28,32
WBGene00003535,3,3,6
WBGene00003536,1,0,1
WBGene00003537,1,3,4
WBGene00003538,0,2,2
WBGene00003539,2,7,9
WBGene00003540,3,7,10
WBGene00003541,27,3,30
WBGene00003542,3,19,22
WBGene00003543,3,6,9
WBGene00003544,56,217,273
WBGene00003545,13,3,16
WBGene00003546,11,67,78
WBGene00003547,5,29,34
WBGene00003548,23,21,44
WBGene00003549,53,754,807
WBGene00003550,479,1344,1823
WBGene00003551,7,15,22
WBGene00003552,317,526,843
WBGene00003553,97,358,455
WBGene00003554,19,18,37
WBGene00003555,177,269,446
WBGene00003558,243,859,1102
WBGene00003559,1043,4697,5740
WBGene00003561,239,417,656
WBGene00003562,11,103,114
WBGene00003563,36,242,278
WBGene00003564,63,5573,5636
WBGene00003565,204,1571,1775
WBGene00003566,301,2159,2460
WBGene00003567,501,7728,8229
WBGene00003568,143,1527,1670
WBGene00003569,100,1258,1358
WBGene00003570,7,29,36
WBGene00003571,18,20,38
WBGene00003572,12,91,103
WBGene00003573,7,40,47
WBGene00003574,4,9,13
WBGene00003575,10,93,103
WBGene00003576,125,933,1058
WBGene00003577,55,141,196
WBGene00003578,319,2022,2341
WBGene00003579,5,279,284
WBGene00003580,23,293,316
WBGene00003581,63,826,889
WBGene00003582,249,871,1120
WBGene00003583,30,415,445
WBGene00003584,78,549,627
WBGene00003585,33,49,82
WBGene00003586,24,327,351
WBGene00003587,152,4544,4696
WBGene00003588,5,4944,4949
WBGene00003589,109,1162,1271
WBGene00003590,105,511,616
WBGene00003591,136,996,1132
WBGene00003592,191,1550,1741
WBGene00003593,161,850,1011
WBGene00003594,125,641,766
WBGene00003595,0,3,3
WBGene00003596,417,5664,6081
WBGene00003597,260,1385,1645
WBGene00003598,67,1151,1218
WBGene00003599,166,776,942
WBGene00003600,1298,3739,5037
WBGene00003601,15,77,92
WBGene00003602,42,963,1005
WBGene00003603,86,888,974
WBGene00003604,40,185,225
WBGene00003605,183,1375,1558
WBGene00003606,247,888,1135
WBGene00003607,31,157,188
WBGene00003608,1,31,32
WBGene00003609,149,1124,1273
WBGene00003610,53,282,335
WBGene00003611,61,448,509
WBGene00003612,50,126,176
WBGene00003613,20,361,381
WBGene00003614,43,401,444
WBGene00003615,5,27,32
WBGene00003616,222,529,751
WBGene00003617,10,128,138
WBGene00003618,422,2219,2641
WBGene00003619,163,1279,1442
WBGene00003620,437,878,1315
WBGene00003621,59,254,313
WBGene00003622,153,851,1004
WBGene00003623,45,483,528
WBGene00003624,43,608,651
WBGene00003625,121,1617,1738
WBGene00003626,175,668,843
WBGene00003627,570,1325,1895
WBGene00003628,162,604,766
WBGene00003629,1,3,4
WBGene00003630,1034,2411,3445
WBGene00003632,92,721,813
WBGene00003633,22,275,297
WBGene00003634,75,349,424
WBGene00003635,47,609,656
WBGene00003636,342,1301,1643
WBGene00003637,174,1212,1386
WBGene00003638,95,871,966
WBGene00003639,162,2167,2329
WBGene00003640,143,557,700
WBGene00003641,4,38,42
WBGene00003642,8,41,49
WBGene00003643,4,13,17
WBGene00003644,13,102,115
WBGene00003645,43,241,284
WBGene00003646,45,465,510
WBGene00003647,56,180,236
WBGene00003648,5,262,267
WBGene00003649,26,200,226
WBGene00003650,19,44,63
WBGene00003651,238,515,753
WBGene00003652,63,294,357
WBGene00003653,44,395,439
WBGene00003654,183,277,460
WBGene00003655,48,263,311
WBGene00003656,161,1023,1184
WBGene00003657,39,343,382
WBGene00003658,184,2139,2323
WBGene00003659,32,299,331
WBGene00003660,55,590,645
WBGene00003661,119,941,1060
WBGene00003662,2,14,16
WBGene00003663,1,107,108
WBGene00003664,191,514,705
WBGene00003667,1,5,6
WBGene00003668,224,431,655
WBGene00003669,23,62,85
WBGene00003670,16,155,171
WBGene00003671,2,0,2
WBGene00003672,3,6,9
WBGene00003674,35,738,773
WBGene00003675,171,489,660
WBGene00003676,169,511,680
WBGene00003677,133,556,689
WBGene00003678,305,1915,2220
WBGene00003679,1,1,2
WBGene00003680,20,134,154
WBGene00003681,153,931,1084
WBGene00003682,10,10,20
WBGene00003683,11,39,50
WBGene00003684,14,129,143
WBGene00003685,115,629,744
WBGene00003686,5,83,88
WBGene00003687,309,4645,4954
WBGene00003688,86,432,518
WBGene00003689,13,60,73
WBGene00003690,158,1345,1503
WBGene00003691,379,1297,1676
WBGene00003692,24,167,191
WBGene00003693,5,117,122
WBGene00003694,117,329,446
WBGene00003695,464,2393,2857
WBGene00003696,8,32,40
WBGene00003697,48,274,322
WBGene00003698,6,13,19
WBGene00003699,6,99,105
WBGene00003700,5,74,79
WBGene00003701,3,8,11
WBGene00003702,39,413,452
WBGene00003703,25,222,247
WBGene00003704,298,1546,1844
WBGene00003705,27,53,80
WBGene00003706,12,83,95
WBGene00003707,62,461,523
WBGene00003708,2,2,4
WBGene00003709,46,103,149
WBGene00003710,70,320,390
WBGene00003711,6,36,42
WBGene00003712,37,200,237
WBGene00003713,21,121,142
WBGene00003714,24,49,73
WBGene00003715,254,274,528
WBGene00003716,9,70,79
WBGene00003717,8,81,89
WBGene00003718,36,81,117
WBGene00003719,18,180,198
WBGene00003720,35,113,148
WBGene00003721,18,218,236
WBGene00003722,37,242,279
WBGene00003723,9,362,371
WBGene00003724,10,296,306
WBGene00003725,67,278,345
WBGene00003726,69,756,825
WBGene00003727,157,209,366
WBGene00003728,430,1663,2093
WBGene00003729,25,90,115
WBGene00003730,5,152,157
WBGene00003731,23,64,87
WBGene00003732,45,338,383
WBGene00003733,32,310,342
WBGene00003734,0,2,2
WBGene00003735,214,363,577
WBGene00003736,38,94,132
WBGene00003738,55,967,1022
WBGene00003739,99,1238,1337
WBGene00003740,8,567,575
WBGene00003741,13,3091,3104
WBGene00003742,0,45,45
WBGene00003743,205,888,1093
WBGene00003744,187,3128,3315
WBGene00003745,141,2424,2565
WBGene00003746,31,2345,2376
WBGene00003747,48,1887,1935
WBGene00003748,259,4887,5146
WBGene00003749,313,5724,6037
WBGene00003750,516,3838,4354
WBGene00003751,40,4287,4327
WBGene00003752,36,2450,2486
WBGene00003753,1023,5635,6658
WBGene00003754,79,1170,1249
WBGene00003755,99,4443,4542
WBGene00003756,754,17092,17846
WBGene00003757,34,827,861
WBGene00003758,162,2033,2195
WBGene00003759,989,5805,6794
WBGene00003760,7,6,13
WBGene00003761,3,110,113
WBGene00003762,337,3428,3765
WBGene00003763,20,63,83
WBGene00003764,56,669,725
WBGene00003765,90,900,990
WBGene00003766,22,246,268
WBGene00003767,88,1684,1772
WBGene00003768,32,287,319
WBGene00003769,79,1095,1174
WBGene00003770,0,15,15
WBGene00003771,1198,6016,7214
WBGene00003772,146,612,758
WBGene00003773,155,832,987
WBGene00003774,15,95,110
WBGene00003775,95,169,264
WBGene00003776,394,4474,4868
WBGene00003777,220,4371,4591
WBGene00003778,34,89,123
WBGene00003779,9,280,289
WBGene00003783,4,71,75
WBGene00003784,3,25,28
WBGene00003785,75,1274,1349
WBGene00003786,323,2365,2688
WBGene00003787,51,904,955
WBGene00003788,205,1444,1649
WBGene00003789,135,1657,1792
WBGene00003790,32,803,835
WBGene00003791,14,959,973
WBGene00003792,122,1553,1675
WBGene00003793,52,1774,1826
WBGene00003794,452,1474,1926
WBGene00003795,30,2534,2564
WBGene00003796,75,2294,2369
WBGene00003797,83,1280,1363
WBGene00003798,73,1956,2029
WBGene00003799,471,1872,2343
WBGene00003800,30,1665,1695
WBGene00003801,23,922,945
WBGene00003802,15,2237,2252
WBGene00003803,55,1449,1504
WBGene00003804,72,1186,1258
WBGene00003805,24,889,913
WBGene00003806,222,2075,2297
WBGene00003807,62,276,338
WBGene00003808,196,819,1015
WBGene00003812,61,1406,1467
WBGene00003813,46,242,288
WBGene00003815,287,3942,4229
WBGene00003816,5,413,418
WBGene00003818,191,2942,3133
WBGene00003821,387,5678,6065
WBGene00003822,67,1523,1590
WBGene00003825,171,4794,4965
WBGene00003826,787,1872,2659
WBGene00003827,260,1789,2049
WBGene00003828,43,360,403
WBGene00003829,17,1872,1889
WBGene00003830,113,873,986
WBGene00003831,1632,11461,13093
WBGene00003834,116,881,997
WBGene00003835,10,183,193
WBGene00003836,420,2565,2985
WBGene00003837,363,1071,1434
WBGene00003838,28,138,166
WBGene00003839,21,170,191
WBGene00003840,37,92,129
WBGene00003841,7,60,67
WBGene00003842,56,187,243
WBGene00003843,37,545,582
WBGene00003844,6,963,969
WBGene00003845,1,5,6
WBGene00003846,1,410,411
WBGene00003847,115,947,1062
WBGene00003848,25,78,103
WBGene00003849,340,1222,1562
WBGene00003850,39,486,525
WBGene00003851,109,1343,1452
WBGene00003854,11,29,40
WBGene00003856,72,250,322
WBGene00003858,574,3623,4197
WBGene00003859,91,957,1048
WBGene00003860,278,2346,2624
WBGene00003861,49,828,877
WBGene00003862,14,134,148
WBGene00003863,1,3,4
WBGene00003864,2,27,29
WBGene00003865,0,35,35
WBGene00003868,91,825,916
WBGene00003870,17,710,727
WBGene00003876,24,176,200
WBGene00003877,35,412,447
WBGene00003878,24,301,325
WBGene00003879,11,283,294
WBGene00003882,43,424,467
WBGene00003883,87,384,471
WBGene00003884,48,185,233
WBGene00003885,158,506,664
WBGene00003886,61,289,350
WBGene00003887,50,335,385
WBGene00003888,2,11,13
WBGene00003889,17,57,74
WBGene00003890,21,171,192
WBGene00003891,9,2074,2083
WBGene00003892,101,204,305
WBGene00003893,11412,115312,126724
WBGene00003898,136,614,750
WBGene00003901,120,5386,5506
WBGene00003902,1172,73194,74366
WBGene00003903,123,7972,8095
WBGene00003904,40,3632,3672
WBGene00003905,485,1263,1748
WBGene00003906,6,8,14
WBGene00003907,227,902,1129
WBGene00003909,44,462,506
WBGene00003911,82,1207,1289
WBGene00003912,10,142,152
WBGene00003914,239,2170,2409
WBGene00003915,592,6096,6688
WBGene00003916,1428,3662,5090
WBGene00003917,85,465,550
WBGene00003918,121,1038,1159
WBGene00003919,128,334,462
WBGene00003920,281,31313,31594
WBGene00003921,76,500,576
WBGene00003922,24,2077,2101
WBGene00003923,30,5257,5287
WBGene00003924,10,6205,6215
WBGene00003925,319,4725,5044
WBGene00003926,309,7364,7673
WBGene00003927,39,4823,4862
WBGene00003928,37,3355,3392
WBGene00003929,264,5908,6172
WBGene00003930,184,4732,4916
WBGene00003931,151,3556,3707
WBGene00003932,381,3863,4244
WBGene00003933,137,1389,1526
WBGene00003934,21315,252140,273455
WBGene00003936,365,2665,3030
WBGene00003937,3,12,15
WBGene00003938,16,17,33
WBGene00003939,48,276,324
WBGene00003941,194,998,1192
WBGene00003943,31,124,155
WBGene00003947,37,4182,4219
WBGene00003948,4,4330,4334
WBGene00003949,39,3922,3961
WBGene00003950,277,5420,5697
WBGene00003951,142,2768,2910
WBGene00003952,364,3531,3895
WBGene00003953,36,5527,5563
WBGene00003954,269,1117,1386
WBGene00003955,6,3601,3607
WBGene00003956,14,474,488
WBGene00003957,1,130,131
WBGene00003958,21,501,522
WBGene00003959,17,267,284
WBGene00003960,117,1000,1117
WBGene00003961,420,2667,3087
WBGene00003962,319,8364,8683
WBGene00003963,138,25456,25594
WBGene00003964,1936,20876,22812
WBGene00003965,47,380,427
WBGene00003966,728,2755,3483
WBGene00003967,170,1102,1272
WBGene00003968,8,372,380
WBGene00003969,224,595,819
WBGene00003970,62,687,749
WBGene00003975,99,699,798
WBGene00003976,8,93,101
WBGene00003977,0,0,0
WBGene00003978,289,1018,1307
WBGene00003979,3,213,216
WBGene00003980,113,709,822
WBGene00003981,5,2,7
WBGene00003982,16,1672,1688
WBGene00003983,0,1,1
WBGene00003986,79,926,1005
WBGene00003987,6,3,9
WBGene00003989,31,5253,5284
WBGene00003990,56,2277,2333
WBGene00003991,469,4487,4956
WBGene00003992,15,973,988
WBGene00003993,42,272,314
WBGene00003994,8,173,181
WBGene00003995,82,493,575
WBGene00003996,165,513,678
WBGene00003997,10,95,105
WBGene00003998,46,155,201
WBGene00003999,12,17,29
WBGene00004000,14,84,98
WBGene00004001,3,7,10
WBGene00004002,13,21,34
WBGene00004003,66,226,292
WBGene00004004,101,620,721
WBGene00004005,53,55,108
WBGene00004006,15,75,90
WBGene00004007,1,9,10
WBGene00004008,0,129,129
WBGene00004010,95,534,629
WBGene00004011,13,48,61
WBGene00004013,322,927,1249
WBGene00004014,82,18458,18540
WBGene00004015,79,16533,16612
WBGene00004016,128,465,593
WBGene00004017,19,470,489
WBGene00004020,30,240,270
WBGene00004023,204,1169,1373
WBGene00004024,23,228,251
WBGene00004025,137,1215,1352
WBGene00004026,29,8,37
WBGene00004027,5,60,65
WBGene00004028,116,179,295
WBGene00004029,147,292,439
WBGene00004030,47,183,230
WBGene00004031,59,750,809
WBGene00004032,697,4150,4847
WBGene00004033,669,1977,2646
WBGene00004034,170,648,818
WBGene00004035,79,492,571
WBGene00004036,327,1364,1691
WBGene00004037,38,223,261
WBGene00004038,32,328,360
WBGene00004039,146,2160,2306
WBGene00004040,213,2132,2345
WBGene00004042,12,1030,1042
WBGene00004043,12,153,165
WBGene00004044,8,163,171
WBGene00004045,383,1003,1386
WBGene00004046,192,9693,9885
WBGene00004047,446,928,1374
WBGene00004048,52,553,605
WBGene00004049,233,512,745
WBGene00004050,12,659,671
WBGene00004051,128,1031,1159
WBGene00004052,5,13,18
WBGene00004053,180,3308,3488
WBGene00004055,112,901,1013
WBGene00004056,98,883,981
WBGene00004057,70,604,674
WBGene00004058,17,167,184
WBGene00004059,76,350,426
WBGene00004060,217,1029,1246
WBGene00004061,4,86,90
WBGene00004062,25,363,388
WBGene00004063,151,1092,1243
WBGene00004064,853,847,1700
WBGene00004068,81,764,845
WBGene00004075,64,937,1001
WBGene00004076,322,2595,2917
WBGene00004077,265,1323,1588
WBGene00004078,0,17,17
WBGene00004083,29,972,1001
WBGene00004084,4,8,12
WBGene00004085,77,1605,1682
WBGene00004086,37,230,267
WBGene00004087,329,2212,2541
WBGene00004088,284,2192,2476
WBGene00004089,32,425,457
WBGene00004090,215,948,1163
WBGene00004091,126,1704,1830
WBGene00004092,34,479,513
WBGene00004093,10,455,465
WBGene00004094,28,814,842
WBGene00004095,296,3579,3875
WBGene00004096,33,617,650
WBGene00004097,6,11,17
WBGene00004098,0,0,0
WBGene00004099,0,74,74
WBGene00004100,89,505,594
WBGene00004101,154,1264,1418
WBGene00004102,38,21,59
WBGene00004103,9,3,12
WBGene00004104,17,131,148
WBGene00004105,89,874,963
WBGene00004106,315,291,606
WBGene00004107,0,2,2
WBGene00004108,306,1209,1515
WBGene00004109,149,1029,1178
WBGene00004110,223,929,1152
WBGene00004111,138,1201,1339
WBGene00004112,406,7234,7640
WBGene00004113,381,6774,7155
WBGene00004114,15,514,529
WBGene00004115,35,154,189
WBGene00004116,297,1313,1610
WBGene00004117,0,1024,1024
WBGene00004118,163,2228,2391
WBGene00004119,151,902,1053
WBGene00004120,0,55,55
WBGene00004121,199,1188,1387
WBGene00004122,174,1997,2171
WBGene00004123,50,389,439
WBGene00004124,39,363,402
WBGene00004125,102,582,684
WBGene00004126,178,1312,1490
WBGene00004127,10,35,45
WBGene00004128,1572,4620,6192
WBGene00004129,29,527,556
WBGene00004130,619,13425,14044
WBGene00004131,4009,13828,17837
WBGene00004132,238,2394,2632
WBGene00004133,20,110,130
WBGene00004134,791,5340,6131
WBGene00004135,1016,8612,9628
WBGene00004136,288,3802,4090
WBGene00004138,294,2365,2659
WBGene00004139,1,132,133
WBGene00004140,54,1465,1519
WBGene00004141,0,2,2
WBGene00004143,234,10142,10376
WBGene00004144,27,950,977
WBGene00004145,234,1929,2163
WBGene00004146,5,145,150
WBGene00004147,400,2022,2422
WBGene00004148,259,1783,2042
WBGene00004149,8,1,9
WBGene00004150,66,725,791
WBGene00004151,206,1030,1236
WBGene00004152,212,3486,3698
WBGene00004153,2,27,29
WBGene00004154,43,29,72
WBGene00004155,0,27,27
WBGene00004156,33,576,609
WBGene00004157,53,2407,2460
WBGene00004158,0,0,0
WBGene00004159,0,0,0
WBGene00004160,0,0,0
WBGene00004161,558,1684,2242
WBGene00004163,13,26,39
WBGene00004164,251,1751,2002
WBGene00004165,34,7,41
WBGene00004166,351,2136,2487
WBGene00004167,1145,6445,7590
WBGene00004168,17,753,770
WBGene00004169,100,514,614
WBGene00004170,0,0,0
WBGene00004171,0,0,0
WBGene00004172,40,363,403
WBGene00004173,185,2462,2647
WBGene00004174,9,1901,1910
WBGene00004175,9,397,406
WBGene00004176,0,16,16
WBGene00004177,1,6,7
WBGene00004178,46,1391,1437
WBGene00004179,20,648,668
WBGene00004180,64,511,575
WBGene00004181,109,593,702
WBGene00004182,455,1644,2099
WBGene00004183,67,92,159
WBGene00004184,102,2381,2483
WBGene00004185,69,3692,3761
WBGene00004186,216,2298,2514
WBGene00004187,245,7272,7517
WBGene00004188,113,1388,1501
WBGene00004189,906,5986,6892
WBGene00004190,63,697,760
WBGene00004191,82,84,166
WBGene00004192,614,646,1260
WBGene00004193,33,93,126
WBGene00004194,23,148,171
WBGene00004195,22,93,115
WBGene00004196,0,219,219
WBGene00004197,17,143,160
WBGene00004198,37,203,240
WBGene00004199,4,233,237
WBGene00004201,23,3587,3610
WBGene00004202,253,1277,1530
WBGene00004203,342,2047,2389
WBGene00004204,534,7540,8074
WBGene00004205,31,430,461
WBGene00004206,129,470,599
WBGene00004207,371,1824,2195
WBGene00004208,292,5060,5352
WBGene00004209,1,0,1
WBGene00004210,82,672,754
WBGene00004211,16,38,54
WBGene00004212,361,2066,2427
WBGene00004213,493,1355,1848
WBGene00004214,66,1171,1237
WBGene00004215,1370,2531,3901
WBGene00004216,25,160,185
WBGene00004217,24,101,125
WBGene00004218,16,56,72
WBGene00004219,60,567,627
WBGene00004220,149,905,1054
WBGene00004221,16,194,210
WBGene00004222,37,595,632
WBGene00004223,6,47,53
WBGene00004224,74,286,360
WBGene00004225,29,120,149
WBGene00004226,101,1046,1147
WBGene00004227,47,173,220
WBGene00004228,52,518,570
WBGene00004229,8,127,135
WBGene00004230,145,62,207
WBGene00004231,55,50,105
WBGene00004232,68,113,181
WBGene00004233,12,10,22
WBGene00004234,6,49,55
WBGene00004235,48,329,377
WBGene00004236,40,7,47
WBGene00004237,31,415,446
WBGene00004238,181,677,858
WBGene00004239,1,43,44
WBGene00004241,0,19,19
WBGene00004242,5,23,28
WBGene00004243,7,60,67
WBGene00004244,25,290,315
WBGene00004245,224,2807,3031
WBGene00004248,17,1384,1401
WBGene00004249,288,2342,2630
WBGene00004254,229,1136,1365
WBGene00004255,38,171,209
WBGene00004256,313,814,1127
WBGene00004257,72,354,426
WBGene00004258,356,8295,8651
WBGene00004259,23,964,987
WBGene00004264,11,448,459
WBGene00004265,377,885,1262
WBGene00004266,114,7768,7882
WBGene00004267,224,4948,5172
WBGene00004268,107,3513,3620
WBGene00004269,61,905,966
WBGene00004270,56,2307,2363
WBGene00004271,127,1411,1538
WBGene00004272,29,2104,2133
WBGene00004273,75,3610,3685
WBGene00004274,110,9835,9945
WBGene00004275,70,48,118
WBGene00004276,119,1673,1792
WBGene00004277,107,1067,1174
WBGene00004278,282,3387,3669
WBGene00004279,17,232,249
WBGene00004281,47,351,398
WBGene00004282,45,608,653
WBGene00004283,41,258,299
WBGene00004284,63,875,938
WBGene00004285,112,571,683
WBGene00004286,36,1098,1134
WBGene00004287,3,7,10
WBGene00004296,146,1750,1896
WBGene00004297,49,439,488
WBGene00004298,65,116,181
WBGene00004300,2,3369,3371
WBGene00004301,24,86,110
WBGene00004302,768,23257,24025
WBGene00004303,80,1325,1405
WBGene00004304,206,2131,2337
WBGene00004305,75,4503,4578
WBGene00004306,143,1436,1579
WBGene00004307,97,2394,2491
WBGene00004308,59,1229,1288
WBGene00004309,6,23,29
WBGene00004310,249,2216,2465
WBGene00004311,289,1259,1548
WBGene00004312,155,771,926
WBGene00004313,174,2172,2346
WBGene00004314,582,993,1575
WBGene00004315,92,3736,3828
WBGene00004316,1303,1827,3130
WBGene00004317,67,575,642
WBGene00004318,199,1262,1461
WBGene00004319,127,2580,2707
WBGene00004320,202,3341,3543
WBGene00004321,23,2318,2341
WBGene00004322,148,1061,1209
WBGene00004323,217,1417,1634
WBGene00004324,57,390,447
WBGene00004326,52,2162,2214
WBGene00004328,17,107,124
WBGene00004332,5,110,115
WBGene00004333,36,223,259
WBGene00004334,2,93,95
WBGene00004335,62,612,674
WBGene00004336,815,11284,12099
WBGene00004337,221,1801,2022
WBGene00004338,108,569,677
WBGene00004339,38,426,464
WBGene00004340,149,1105,1254
WBGene00004341,100,696,796
WBGene00004342,8,34,42
WBGene00004343,168,1387,1555
WBGene00004344,67,815,882
WBGene00004345,594,1035,1629
WBGene00004346,93,485,578
WBGene00004347,875,222,1097
WBGene00004348,42,586,628
WBGene00004349,310,1436,1746
WBGene00004350,182,892,1074
WBGene00004351,0,0,0
WBGene00004352,0,6,6
WBGene00004353,1,16,17
WBGene00004354,1,13,14
WBGene00004355,59,1326,1385
WBGene00004356,14,1093,1107
WBGene00004357,1070,8767,9837
WBGene00004358,184,1762,1946
WBGene00004359,23,100,123
WBGene00004360,74,396,470
WBGene00004361,25,220,245
WBGene00004363,81,2564,2645
WBGene00004364,531,7658,8189
WBGene00004367,220,1059,1279
WBGene00004368,173,693,866
WBGene00004369,136,825,961
WBGene00004370,49,961,1010
WBGene00004371,106,1426,1532
WBGene00004372,81,243,324
WBGene00004373,263,2512,2775
WBGene00004374,8,59,67
WBGene00004375,78,650,728
WBGene00004377,54,473,527
WBGene00004378,180,1590,1770
WBGene00004380,18,172,190
WBGene00004381,72,759,831
WBGene00004382,324,1919,2243
WBGene00004383,30,560,590
WBGene00004384,421,935,1356
WBGene00004385,123,1908,2031
WBGene00004386,98,1559,1657
WBGene00004387,156,6115,6271
WBGene00004388,140,2296,2436
WBGene00004389,212,2162,2374
WBGene00004390,543,4096,4639
WBGene00004391,71,2762,2833
WBGene00004392,58,2728,2786
WBGene00004393,278,433,711
WBGene00004394,1,0,1
WBGene00004395,33,426,459
WBGene00004397,16,209,225
WBGene00004398,66,1010,1076
WBGene00004400,5,202,207
WBGene00004401,146,284,430
WBGene00004402,11,4,15
WBGene00004403,297,699,996
WBGene00004404,92,447,539
WBGene00004405,22,1595,1617
WBGene00004408,193,236633,236826
WBGene00004409,9627,95557,105184
WBGene00004410,26915,115183,142098
WBGene00004411,136,1841,1977
WBGene00004412,25460,181366,206826
WBGene00004413,647,182561,183208
WBGene00004414,8351,198012,206363
WBGene00004415,221,101109,101330
WBGene00004416,14211,200699,214910
WBGene00004417,14036,174618,188654
WBGene00004418,22484,206240,228724
WBGene00004419,28470,228015,256485
WBGene00004420,20488,166875,187363
WBGene00004421,9910,218842,228752
WBGene00004422,462,10844,11306
WBGene00004423,21782,194142,215924
WBGene00004424,25308,278198,303506
WBGene00004425,12793,198929,211722
WBGene00004426,16318,164672,180990
WBGene00004427,1792,188405,190197
WBGene00004428,16065,189893,205958
WBGene00004429,43168,173934,217102
WBGene00004430,24128,185999,210127
WBGene00004431,15361,210799,226160
WBGene00004432,1293,167097,168390
WBGene00004433,9778,188968,198746
WBGene00004434,12902,152070,164972
WBGene00004435,11830,168948,180778
WBGene00004436,23237,205534,228771
WBGene00004437,844,10836,11680
WBGene00004438,4239,30402,34641
WBGene00004439,9630,65356,74986
WBGene00004440,13339,148186,161525
WBGene00004441,26237,91437,117674
WBGene00004442,13611,112370,125981
WBGene00004443,68636,46351,114987
WBGene00004444,12840,106891,119731
WBGene00004445,4020,149587,153607
WBGene00004446,34479,230287,264766
WBGene00004447,26122,158975,185097
WBGene00004448,8758,136099,144857
WBGene00004449,18447,181431,199878
WBGene00004450,9061,186826,195887
WBGene00004451,40004,1617,41621
WBGene00004452,9538,174305,183843
WBGene00004453,4100,125644,129744
WBGene00004454,17032,147112,164144
WBGene00004455,4,31,35
WBGene00004456,0,158300,158300
WBGene00004457,18,858,876
WBGene00004458,99,2876,2975
WBGene00004459,33,2549,2582
WBGene00004460,36,4467,4503
WBGene00004461,51,3211,3262
WBGene00004462,124,2529,2653
WBGene00004463,104,3811,3915
WBGene00004464,424,3991,4415
WBGene00004465,180,2834,3014
WBGene00004466,49,2128,2177
WBGene00004467,19,3363,3382
WBGene00004468,231,2271,2502
WBGene00004469,2157,159777,161934
WBGene00004470,8442,203971,212413
WBGene00004471,88,135611,135699
WBGene00004472,16602,189210,205812
WBGene00004473,16021,174843,190864
WBGene00004474,24142,208435,232577
WBGene00004475,5840,100701,106541
WBGene00004476,27144,188048,215192
WBGene00004477,23470,224853,248323
WBGene00004478,19185,244730,263915
WBGene00004479,15025,175957,190982
WBGene00004480,33040,203330,236370
WBGene00004481,4233,173231,177464
WBGene00004482,14915,153454,168369
WBGene00004483,24931,232247,257178
WBGene00004484,18739,180960,199699
WBGene00004485,2679,69657,72336
WBGene00004486,11322,124461,135783
WBGene00004487,23892,187364,211256
WBGene00004488,20892,178859,199751
WBGene00004489,17164,171113,188277
WBGene00004490,40590,86156,126746
WBGene00004491,1442,120749,122191
WBGene00004492,23333,235417,258750
WBGene00004493,14270,177160,191430
WBGene00004494,34442,283547,317989
WBGene00004495,10332,193744,204076
WBGene00004496,15934,142257,158191
WBGene00004497,5069,115872,120941
WBGene00004498,71927,77725,149652
WBGene00004499,20690,159616,180306
WBGene00004501,44,1908,1952
WBGene00004502,58,3665,3723
WBGene00004503,4,2255,2259
WBGene00004504,552,3980,4532
WBGene00004505,19,2423,2442
WBGene00004506,66,3907,3973
WBGene00004507,46,1563,1609
WBGene00004508,70,948,1018
WBGene00004509,33,220,253
WBGene00004510,28,558,586
WBGene00004679,343,2951,3294
WBGene00004680,73,365,438
WBGene00004681,469,1243,1712
WBGene00004682,100,954,1054
WBGene00004684,81,1019,1100
WBGene00004698,7,6269,6276
WBGene00004699,127,3754,3881
WBGene00004700,31,10712,10743
WBGene00004701,21,3054,3075
WBGene00004702,287,3717,4004
WBGene00004703,298,10086,10384
WBGene00004704,99,4251,4350
WBGene00004705,209,3836,4045
WBGene00004706,160,1663,1823
WBGene00004719,320,1220,1540
WBGene00004721,42,334,376
WBGene00004723,65,1249,1314
WBGene00004726,0,31,31
WBGene00004727,95,686,781
WBGene00004728,353,1876,2229
WBGene00004729,233,1580,1813
WBGene00004732,694,4383,5077
WBGene00004735,136,341,477
WBGene00004736,1370,42280,43650
WBGene00004737,5,528,533
WBGene00004738,46,1972,2018
WBGene00004739,809,6142,6951
WBGene00004740,185,927,1112
WBGene00004742,13,34,47
WBGene00004743,412,1526,1938
WBGene00004744,80,774,854
WBGene00004745,39,439,478
WBGene00004746,45,1473,1518
WBGene00004747,47,1034,1081
WBGene00004748,46,396,442
WBGene00004749,115,3047,3162
WBGene00004750,2,2,4
WBGene00004751,864,2701,3565
WBGene00004752,72,815,887
WBGene00004753,104,626,730
WBGene00004754,613,2113,2726
WBGene00004755,81,2703,2784
WBGene00004756,36,1002,1038
WBGene00004758,118,1311,1429
WBGene00004759,51,1397,1448
WBGene00004760,402,2618,3020
WBGene00004762,156,977,1133
WBGene00004764,51,262,313
WBGene00004765,306,471,777
WBGene00004766,210,5000,5210
WBGene00004767,64,961,1025
WBGene00004768,14,869,883
WBGene00004769,13,429,442
WBGene00004771,61,407,468
WBGene00004773,466,2712,3178
WBGene00004774,38,1155,1193
WBGene00004775,26,256,282
WBGene00004776,124,186,310
WBGene00004777,326,863,1189
WBGene00004778,46,854,900
WBGene00004779,392,1311,1703
WBGene00004780,59,310,369
WBGene00004781,23,1040,1063
WBGene00004782,101,1217,1318
WBGene00004783,654,2899,3553
WBGene00004786,25,209,234
WBGene00004787,110,447,557
WBGene00004788,49,3556,3605
WBGene00004789,25,181,206
WBGene00004790,343,2174,2517
WBGene00004793,39,284,323
WBGene00004795,33,219,252
WBGene00004796,23,83,106
WBGene00004798,137,1802,1939
WBGene00004800,70,1426,1496
WBGene00004801,122,1179,1301
WBGene00004802,15,36,51
WBGene00004803,46,207,253
WBGene00004804,334,2688,3022
WBGene00004806,248,1517,1765
WBGene00004807,56,11994,12050
WBGene00004808,18,1102,1120
WBGene00004809,87,2129,2216
WBGene00004810,6,51,57
WBGene00004811,0,29,29
WBGene00004812,0,0,0
WBGene00004813,0,0,0
WBGene00004814,0,0,0
WBGene00004815,0,1,1
WBGene00004816,0,296,296
WBGene00004818,1,7,8
WBGene00004819,0,4,4
WBGene00004820,0,2,2
WBGene00004821,0,7,7
WBGene00004822,0,629,629
WBGene00004823,5,255,260
WBGene00004824,107,697,804
WBGene00004825,0,664,664
WBGene00004826,0,652,652
WBGene00004827,0,217,217
WBGene00004829,217,1113,1330
WBGene00004830,289,2371,2660
WBGene00004831,505,1335,1840
WBGene00004854,232,1532,1764
WBGene00004855,358,5145,5503
WBGene00004856,206,446,652
WBGene00004857,77,388,465
WBGene00004858,89,299,388
WBGene00004859,60,451,511
WBGene00004860,63,526,589
WBGene00004862,641,3355,3996
WBGene00004873,479,2868,3347
WBGene00004874,115,2538,2653
WBGene00004875,27,199,226
WBGene00004876,7,106,113
WBGene00004877,6,9,15
WBGene00004878,16,14,30
WBGene00004879,225,1801,2026
WBGene00004880,134,1920,2054
WBGene00004881,330,1108,1438
WBGene00004882,48,946,994
WBGene00004883,4,230,234
WBGene00004884,236,1933,2169
WBGene00004885,17,368,385
WBGene00004886,72,383,455
WBGene00004887,89,1655,1744
WBGene00004888,902,15053,15955
WBGene00004889,162,1163,1325
WBGene00004890,40,296,336
WBGene00004891,98,2259,2357
WBGene00004892,396,1704,2100
WBGene00004893,61,656,717
WBGene00004894,669,717,1386
WBGene00004895,2729,1227,3956
WBGene00004896,550,2302,2852
WBGene00004897,31,10053,10084
WBGene00004898,19,360,379
WBGene00004899,15,0,15
WBGene00004900,41,1224,1265
WBGene00004901,0,4,4
WBGene00004902,117,1905,2022
WBGene00004904,21,12,33
WBGene00004905,139,274,413
WBGene00004906,6,8,14
WBGene00004908,4,2,6
WBGene00004909,2,6,8
WBGene00004910,69,2317,2386
WBGene00004911,6,111,117
WBGene00004912,67,1356,1423
WBGene00004913,160,1087,1247
WBGene00004914,160,7998,8158
WBGene00004915,16,7965,7981
WBGene00004916,199,7231,7430
WBGene00004917,160,6989,7149
WBGene00004918,901,6766,7667
WBGene00004919,237,6258,6495
WBGene00004920,799,9536,10335
WBGene00004921,429,4782,5211
WBGene00004922,281,622,903
WBGene00004923,473,1800,2273
WBGene00004924,331,5995,6326
WBGene00004925,363,524,887
WBGene00004926,30,846,876
WBGene00004927,175,1039,1214
WBGene00004928,54,281,335
WBGene00004929,718,2219,2937
WBGene00004930,401,7679,8080
WBGene00004931,618,3635,4253
WBGene00004932,2,16,18
WBGene00004933,92,397,489
WBGene00004944,255,950,1205
WBGene00004945,63,921,984
WBGene00004946,216,1546,1762
WBGene00004947,1183,1594,2777
WBGene00004949,185,855,1040
WBGene00004950,94,394,488
WBGene00004951,256,11621,11877
WBGene00004952,7,557,564
WBGene00004953,42,752,794
WBGene00004954,42,182,224
WBGene00004955,318,2157,2475
WBGene00004958,25,94,119
WBGene00004959,7,101,108
WBGene00004960,20,56,76
WBGene00004962,5,1,6
WBGene00004963,36,20,56
WBGene00004964,0,2,2
WBGene00004965,3,1,4
WBGene00004966,7,1,8
WBGene00004969,142,339,481
WBGene00004971,5,12,17
WBGene00004972,5,72,77
WBGene00004973,2,0,2
WBGene00004974,10,29,39
WBGene00004975,12,419,431
WBGene00004976,6,10,16
WBGene00004978,518,4358,4876
WBGene00004979,105,703,808
WBGene00004980,377,7315,7692
WBGene00004981,46,824,870
WBGene00004984,10,153,163
WBGene00004985,12,159,171
WBGene00004986,46,537,583
WBGene00004987,152,1434,1586
WBGene00004988,99,1028,1127
WBGene00004989,4,72,76
WBGene00004990,468,5207,5675
WBGene00004991,1,3,4
WBGene00004992,20,128,148
WBGene00004993,49,419,468
WBGene00004994,0,5,5
WBGene00004995,1422,8635,10057
WBGene00004996,2,1,3
WBGene00004997,5,16,21
WBGene00004998,18,69,87
WBGene00004999,411,5552,5963
WBGene00005000,615,7957,8572
WBGene00005001,37,280,317
WBGene00005002,118,1849,1967
WBGene00005003,40,422,462
WBGene00005004,74,705,779
WBGene00005005,2,0,2
WBGene00005006,61,538,599
WBGene00005007,39,1884,1923
WBGene00005008,2,112,114
WBGene00005009,29,1488,1517
WBGene00005010,334,1039,1373
WBGene00005011,51,301,352
WBGene00005012,4,8,12
WBGene00005013,7,25,32
WBGene00005014,21,813,834
WBGene00005015,122,2238,2360
WBGene00005016,0,1011,1011
WBGene00005017,60,481,541
WBGene00005018,28,1008,1036
WBGene00005019,43,779,822
WBGene00005020,154,226,380
WBGene00005021,11,172,183
WBGene00005022,17,1280,1297
WBGene00005023,74,829,903
WBGene00005024,187,310,497
WBGene00005025,42,364,406
WBGene00005026,10,593,603
WBGene00005027,1,5,6
WBGene00005028,0,3,3
WBGene00005029,1,11,12
WBGene00005030,2,14,16
WBGene00005032,0,17,17
WBGene00005033,2,14,16
WBGene00005034,3,2,5
WBGene00005035,2,7,9
WBGene00005036,20,130,150
WBGene00005037,2,20,22
WBGene00005038,7,10,17
WBGene00005039,2,10,12
WBGene00005040,9,26,35
WBGene00005043,3,9,12
WBGene00005044,0,4,4
WBGene00005046,1,5,6
WBGene00005047,5,14,19
WBGene00005048,1,0,1
WBGene00005049,0,0,0
WBGene00005050,1,1,2
WBGene00005051,4,7,11
WBGene00005052,1,8,9
WBGene00005053,1,12,13
WBGene00005054,4,3,7
WBGene00005055,1,1,2
WBGene00005056,44,2,46
WBGene00005057,5,14,19
WBGene00005058,5,7,12
WBGene00005059,12,28,40
WBGene00005060,6,11,17
WBGene00005061,4,1,5
WBGene00005062,3,3,6
WBGene00005063,9,122,131
WBGene00005064,2,5,7
WBGene00005065,2,5,7
WBGene00005066,2,0,2
WBGene00005067,1,8,9
WBGene00005068,1,5,6
WBGene00005070,1,7,8
WBGene00005071,4,2,6
WBGene00005072,6,61,67
WBGene00005073,10,4,14
WBGene00005076,2,2,4
WBGene00005077,152,945,1097
WBGene00005078,48,424,472
WBGene00005079,6,21,27
WBGene00005080,0,1,1
WBGene00005081,10,18,28
WBGene00005082,0,4,4
WBGene00005083,10,13,23
WBGene00005085,3,10,13
WBGene00005086,9,6,15
WBGene00005087,0,3,3
WBGene00005088,8,3,11
WBGene00005089,7,5,12
WBGene00005090,5,13,18
WBGene00005091,3,15,18
WBGene00005093,6,18,24
WBGene00005094,5,4,9
WBGene00005095,1,7,8
WBGene00005096,3,19,22
WBGene00005097,1,12,13
WBGene00005098,3,7,10
WBGene00005099,0,0,0
WBGene00005101,14,109,123
WBGene00005103,0,4,4
WBGene00005104,0,3,3
WBGene00005105,0,7,7
WBGene00005106,0,2,2
WBGene00005107,1,10,11
WBGene00005108,1,7,8
WBGene00005109,1,3,4
WBGene00005110,85,156,241
WBGene00005111,6,123,129
WBGene00005112,0,2,2
WBGene00005113,17,59,76
WBGene00005114,2,9,11
WBGene00005116,5,2,7
WBGene00005117,0,0,0
WBGene00005118,1,2,3
WBGene00005119,10,8,18
WBGene00005120,5,19,24
WBGene00005121,3,10,13
WBGene00005122,5,5,10
WBGene00005123,2,3,5
WBGene00005124,1,9,10
WBGene00005125,3,1,4
WBGene00005126,0,7,7
WBGene00005127,30,109,139
WBGene00005128,85,20,105
WBGene00005129,86,157,243
WBGene00005131,28,96,124
WBGene00005132,6,11,17
WBGene00005133,13,32,45
WBGene00005134,0,0,0
WBGene00005135,0,0,0
WBGene00005136,1,4,5
WBGene00005137,0,0,0
WBGene00005138,0,0,0
WBGene00005140,1,3,4
WBGene00005141,2,2,4
WBGene00005142,3,6,9
WBGene00005143,11,1,12
WBGene00005144,5,13,18
WBGene00005145,4,1,5
WBGene00005146,13,8,21
WBGene00005147,11,68,79
WBGene00005148,0,0,0
WBGene00005149,17,55,72
WBGene00005150,50,85,135
WBGene00005153,111,221,332
WBGene00005159,2,3,5
WBGene00005160,2,14,16
WBGene00005161,2,1,3
WBGene00005162,15,28,43
WBGene00005163,4,41,45
WBGene00005164,5,8,13
WBGene00005165,11,27,38
WBGene00005166,0,2,2
WBGene00005167,1,5,6
WBGene00005168,4,20,24
WBGene00005169,7,18,25
WBGene00005170,12,16,28
WBGene00005171,10,20,30
WBGene00005172,5,25,30
WBGene00005173,0,1,1
WBGene00005174,25,83,108
WBGene00005177,8,3,11
WBGene00005178,9,7,16
WBGene00005179,0,3,3
WBGene00005180,9,9,18
WBGene00005181,5,1,6
WBGene00005182,6,12,18
WBGene00005183,3,15,18
WBGene00005184,5,9,14
WBGene00005185,5,4,9
WBGene00005186,9,10,19
WBGene00005187,6,29,35
WBGene00005188,31,175,206
WBGene00005189,9,16,25
WBGene00005190,1,2,3
WBGene00005191,15,14,29
WBGene00005193,0,0,0
WBGene00005194,7,60,67
WBGene00005195,17,5,22
WBGene00005196,1,22,23
WBGene00005197,0,26,26
WBGene00005198,2,3,5
WBGene00005199,3,0,3
WBGene00005201,6,2,8
WBGene00005202,8,5,13
WBGene00005203,0,3,3
WBGene00005204,1,9,10
WBGene00005205,13,57,70
WBGene00005207,2,17,19
WBGene00005208,7,34,41
WBGene00005210,0,22,22
WBGene00005211,4,4,8
WBGene00005212,2,10,12
WBGene00005213,6,17,23
WBGene00005214,7,0,7
WBGene00005215,1,3,4
WBGene00005216,1,1,2
WBGene00005217,1,4,5
WBGene00005218,2,9,11
WBGene00005219,9,30,39
WBGene00005221,13,0,13
WBGene00005222,0,7,7
WBGene00005223,7,3,10
WBGene00005224,1,2,3
WBGene00005225,0,0,0
WBGene00005226,17,59,76
WBGene00005227,1,4,5
WBGene00005228,572,77,649
WBGene00005229,3,7,10
WBGene00005230,0,2,2
WBGene00005231,1,6,7
WBGene00005233,2,3,5
WBGene00005234,3,2,5
WBGene00005236,9,27,36
WBGene00005237,1,7,8
WBGene00005240,0,8,8
WBGene00005241,5,30,35
WBGene00005242,5,9,14
WBGene00005243,2,37,39
WBGene00005244,11,5,16
WBGene00005245,3,10,13
WBGene00005246,0,12,12
WBGene00005247,2,1,3
WBGene00005248,0,2,2
WBGene00005249,3,10,13
WBGene00005250,0,6,6
WBGene00005251,21,38,59
WBGene00005253,26,93,119
WBGene00005254,2,3,5
WBGene00005255,2,4,6
WBGene00005256,1,3,4
WBGene00005257,2,17,19
WBGene00005258,3,15,18
WBGene00005259,1,0,1
WBGene00005260,1,10,11
WBGene00005261,12,6,18
WBGene00005262,7,27,34
WBGene00005263,1,3,4
WBGene00005264,1,4,5
WBGene00005265,0,4,4
WBGene00005267,13,25,38
WBGene00005268,1,4,5
WBGene00005269,1,15,16
WBGene00005270,4,3,7
WBGene00005271,22,15,37
WBGene00005272,3,5,8
WBGene00005273,3,10,13
WBGene00005274,3,3,6
WBGene00005275,1,5,6
WBGene00005278,1,0,1
WBGene00005279,1,8,9
WBGene00005280,0,0,0
WBGene00005281,4,2,6
WBGene00005282,2,3,5
WBGene00005283,4,15,19
WBGene00005284,0,4,4
WBGene00005285,0,3,3
WBGene00005288,0,10,10
WBGene00005289,0,45,45
WBGene00005290,3,35,38
WBGene00005291,0,4,4
WBGene00005292,1,45,46
WBGene00005293,0,19,19
WBGene00005294,0,1,1
WBGene00005295,3,6,9
WBGene00005296,5,13,18
WBGene00005297,3,8,11
WBGene00005299,17,27,44
WBGene00005300,1,1,2
WBGene00005301,1,0,1
WBGene00005303,0,4,4
WBGene00005304,1,0,1
WBGene00005306,3,5,8
WBGene00005308,1,1,2
WBGene00005309,0,3,3
WBGene00005310,0,5,5
WBGene00005313,3,3,6
WBGene00005315,1,1,2
WBGene00005316,11,1,12
WBGene00005317,3,7,10
WBGene00005318,3,1,4
WBGene00005319,2,0,2
WBGene00005321,0,4,4
WBGene00005323,1,2,3
WBGene00005324,17,5,22
WBGene00005328,0,4,4
WBGene00005330,1,2,3
WBGene00005331,0,0,0
WBGene00005332,1,3,4
WBGene00005334,3,5,8
WBGene00005335,2,0,2
WBGene00005337,4,1,5
WBGene00005338,0,8,8
WBGene00005339,4,7,11
WBGene00005340,0,1,1
WBGene00005341,3,4,7
WBGene00005342,0,17,17
WBGene00005344,9,11,20
WBGene00005345,10,14,24
WBGene00005346,0,18,18
WBGene00005347,5,12,17
WBGene00005348,0,1,1
WBGene00005349,0,3,3
WBGene00005350,3,17,20
WBGene00005351,11,6,17
WBGene00005352,1,0,1
WBGene00005353,1,25,26
WBGene00005354,1,3,4
WBGene00005355,3,1,4
WBGene00005356,2,2,4
WBGene00005357,0,3,3
WBGene00005358,1,0,1
WBGene00005359,1,5,6
WBGene00005361,1,1,2
WBGene00005362,1,7,8
WBGene00005363,3,6,9
WBGene00005364,6,8,14
WBGene00005365,2,1,3
WBGene00005370,2,12,14
WBGene00005375,3,7,10
WBGene00005382,2,9,11
WBGene00005383,1,11,12
WBGene00005385,0,9,9
WBGene00005386,12,3,15
WBGene00005387,29,24,53
WBGene00005388,2,5,7
WBGene00005389,1,7,8
WBGene00005390,1,4,5
WBGene00005392,4,1,5
WBGene00005393,1,14,15
WBGene00005394,2,8,10
WBGene00005395,0,2,2
WBGene00005396,7,2,9
WBGene00005397,1,12,13
WBGene00005398,23,2,25
WBGene00005399,1,7,8
WBGene00005400,1,3,4
WBGene00005401,0,1,1
WBGene00005402,1,2,3
WBGene00005404,0,1,1
WBGene00005405,16,10,26
WBGene00005406,2,16,18
WBGene00005407,7,5,12
WBGene00005408,3,4,7
WBGene00005410,6,2,8
WBGene00005411,0,5,5
WBGene00005412,2,4,6
WBGene00005414,2,2,4
WBGene00005415,1,8,9
WBGene00005416,0,6,6
WBGene00005417,2,11,13
WBGene00005418,0,3,3
WBGene00005419,1,1,2
WBGene00005421,2,9,11
WBGene00005422,1,12,13
WBGene00005423,3,1,4
WBGene00005424,1,0,1
WBGene00005425,3,1,4
WBGene00005426,2,4,6
WBGene00005427,6,6,12
WBGene00005428,3,3,6
WBGene00005429,1,2,3
WBGene00005430,1,1,2
WBGene00005432,0,8,8
WBGene00005433,5,1,6
WBGene00005435,0,0,0
WBGene00005436,0,0,0
WBGene00005437,6,10,16
WBGene00005439,2,2,4
WBGene00005440,3,2,5
WBGene00005441,4,6,10
WBGene00005442,1,4,5
WBGene00005443,1,1,2
WBGene00005444,1,11,12
WBGene00005446,0,1,1
WBGene00005447,1,8,9
WBGene00005448,3,2,5
WBGene00005449,0,3,3
WBGene00005450,2,7,9
WBGene00005451,0,0,0
WBGene00005452,0,2,2
WBGene00005453,0,1,1
WBGene00005454,1,2,3
WBGene00005456,0,0,0
WBGene00005457,2,2,4
WBGene00005458,1,5,6
WBGene00005461,0,3,3
WBGene00005463,33,1,34
WBGene00005464,1,1,2
WBGene00005470,3,1,4
WBGene00005471,4,6,10
WBGene00005472,0,1,1
WBGene00005474,1,16,17
WBGene00005475,16,7,23
WBGene00005476,0,1,1
WBGene00005477,3,40,43
WBGene00005478,4,1,5
WBGene00005479,2,2,4
WBGene00005480,1,2,3
WBGene00005481,8,23,31
WBGene00005482,0,17,17
WBGene00005484,2,13,15
WBGene00005486,2,7,9
WBGene00005487,3,5,8
WBGene00005488,2,4,6
WBGene00005489,12,2,14
WBGene00005490,4,3,7
WBGene00005491,1,4,5
WBGene00005492,0,0,0
WBGene00005493,1,3,4
WBGene00005494,3,3,6
WBGene00005495,7,1,8
WBGene00005496,0,2,2
WBGene00005497,1,1,2
WBGene00005499,3,0,3
WBGene00005500,3,7,10
WBGene00005501,2,4,6
WBGene00005502,2,0,2
WBGene00005503,0,0,0
WBGene00005504,3,6,9
WBGene00005505,11,0,11
WBGene00005507,1,2,3
WBGene00005508,1,0,1
WBGene00005509,0,0,0
WBGene00005512,0,0,0
WBGene00005513,4,10,14
WBGene00005514,4,26,30
WBGene00005516,2,6,8
WBGene00005517,19,32,51
WBGene00005518,11,11,22
WBGene00005519,3,1,4
WBGene00005521,1,0,1
WBGene00005522,8,7,15
WBGene00005523,6,29,35
WBGene00005524,6,2,8
WBGene00005525,0,0,0
WBGene00005526,0,0,0
WBGene00005527,10,3,13
WBGene00005528,2,9,11
WBGene00005529,23,12,35
WBGene00005530,66,44,110
WBGene00005531,35,40,75
WBGene00005532,9,22,31
WBGene00005533,2,6,8
WBGene00005536,1,0,1
WBGene00005537,1,4,5
WBGene00005538,3,5,8
WBGene00005539,2,5,7
WBGene00005540,1,4,5
WBGene00005541,3,1,4
WBGene00005542,7,14,21
WBGene00005543,2,3,5
WBGene00005544,3,4,7
WBGene00005545,3,2,5
WBGene00005546,2,0,2
WBGene00005548,3,2,5
WBGene00005549,1,2,3
WBGene00005550,0,1,1
WBGene00005551,2,1,3
WBGene00005552,24,48,72
WBGene00005554,2,0,2
WBGene00005555,0,0,0
WBGene00005557,21,26,47
WBGene00005558,5,10,15
WBGene00005559,7,35,42
WBGene00005560,26,82,108
WBGene00005562,1,12,13
WBGene00005563,3,9,12
WBGene00005565,5,3,8
WBGene00005566,5,4,9
WBGene00005569,2,3,5
WBGene00005572,0,2,2
WBGene00005573,2,4,6
WBGene00005574,5,5,10
WBGene00005575,3,20,23
WBGene00005577,0,0,0
WBGene00005578,1,0,1
WBGene00005579,13,3,16
WBGene00005581,2,2,4
WBGene00005582,2,0,2
WBGene00005583,0,0,0
WBGene00005584,2,3,5
WBGene00005585,2,9,11
WBGene00005586,4,14,18
WBGene00005589,4,2,6
WBGene00005590,2,3,5
WBGene00005591,25,18,43
WBGene00005592,0,19,19
WBGene00005593,1,1,2
WBGene00005594,0,0,0
WBGene00005595,8,2,10
WBGene00005596,5,1,6
WBGene00005597,0,1,1
WBGene00005598,2,1,3
WBGene00005599,0,5,5
WBGene00005601,0,0,0
WBGene00005602,23,270,293
WBGene00005603,4,13,17
WBGene00005604,7,0,7
WBGene00005606,12,23,35
WBGene00005607,10,9,19
WBGene00005608,1,1,2
WBGene00005609,3,17,20
WBGene00005610,3,3,6
WBGene00005611,14,24,38
WBGene00005612,23,8,31
WBGene00005613,22,6,28
WBGene00005614,4,1,5
WBGene00005615,2,2,4
WBGene00005616,2,10,12
WBGene00005617,3,4,7
WBGene00005618,3,2,5
WBGene00005621,2,1,3
WBGene00005622,9,2,11
WBGene00005623,0,0,0
WBGene00005624,4,2,6
WBGene00005625,0,1,1
WBGene00005626,2,1,3
WBGene00005627,0,1,1
WBGene00005628,3,0,3
WBGene00005629,2,1,3
WBGene00005631,0,1,1
WBGene00005632,1,1,2
WBGene00005633,0,0,0
WBGene00005634,3,0,3
WBGene00005635,1,1,2
WBGene00005638,6,25,31
WBGene00005639,3,1,4
WBGene00005640,7,10,17
WBGene00005641,46,135,181
WBGene00005642,14,41,55
WBGene00005643,5,58,63
WBGene00005644,143,784,927
WBGene00005647,77,647,724
WBGene00005648,351,1650,2001
WBGene00005649,19,28,47
WBGene00005652,48,335,383
WBGene00005653,10,115,125
WBGene00005654,22,293,315
WBGene00005655,106,1351,1457
WBGene00005657,10,174,184
WBGene00005658,1,0,1
WBGene00005659,1,2,3
WBGene00005660,4,26,30
WBGene00005661,7,53,60
WBGene00005662,104,1008,1112
WBGene00005663,1021,6939,7960
WBGene00005664,3,14,17
WBGene00005665,0,9,9
WBGene00005666,3,7,10
WBGene00005667,2,2,4
WBGene00005669,5,4,9
WBGene00005670,10,34,44
WBGene00005671,9,105,114
WBGene00005672,1,2,3
WBGene00005674,4,2,6
WBGene00005675,3,7,10
WBGene00005676,4,19,23
WBGene00005678,6,7,13
WBGene00005679,5,6,11
WBGene00005680,0,0,0
WBGene00005681,1,3,4
WBGene00005682,4,6,10
WBGene00005683,2,2,4
WBGene00005684,17,4,21
WBGene00005685,4,18,22
WBGene00005686,3,9,12
WBGene00005687,11,15,26
WBGene00005688,1,1,2
WBGene00005689,8,18,26
WBGene00005690,4,16,20
WBGene00005691,5,18,23
WBGene00005692,0,21,21
WBGene00005693,0,0,0
WBGene00005694,2,0,2
WBGene00005696,8,8,16
WBGene00005698,5,2,7
WBGene00005699,2,3,5
WBGene00005700,0,14,14
WBGene00005701,3,6,9
WBGene00005702,2,58,60
WBGene00005703,2,13,15
WBGene00005705,4,21,25
WBGene00005707,0,3,3
WBGene00005708,3,3,6
WBGene00005710,15,36,51
WBGene00005711,0,15,15
WBGene00005712,11,83,94
WBGene00005713,1,36,37
WBGene00005714,1,3,4
WBGene00005715,31,11,42
WBGene00005716,10,37,47
WBGene00005717,14,71,85
WBGene00005718,32,115,147
WBGene00005719,16,20,36
WBGene00005720,8,4,12
WBGene00005721,10,5,15
WBGene00005722,18,4,22
WBGene00005723,2,5,7
WBGene00005724,30,30,60
WBGene00005725,12,45,57
WBGene00005726,29,22,51
WBGene00005727,9,22,31
WBGene00005728,2,0,2
WBGene00005730,2,2,4
WBGene00005732,3,1,4
WBGene00005733,3,0,3
WBGene00005735,16,29,45
WBGene00005736,2,4,6
WBGene00005737,10,6,16
WBGene00005738,8,13,21
WBGene00005739,29,28,57
WBGene00005740,0,2,2
WBGene00005741,3,3,6
WBGene00005742,8,16,24
WBGene00005743,5,12,17
WBGene00005744,1,2,3
WBGene00005745,6,19,25
WBGene00005748,5,6,11
WBGene00005749,1,3,4
WBGene00005750,1,1,2
WBGene00005751,1,2,3
WBGene00005753,5,17,22
WBGene00005754,5,20,25
WBGene00005755,8,11,19
WBGene00005756,2,8,10
WBGene00005757,2,15,17
WBGene00005758,1,12,13
WBGene00005759,4,147,151
WBGene00005760,1,0,1
WBGene00005761,2,1,3
WBGene00005762,2,2,4
WBGene00005763,2,7,9
WBGene00005764,2,9,11
WBGene00005766,0,5,5
WBGene00005767,2,0,2
WBGene00005768,0,1,1
WBGene00005769,0,2,2
WBGene00005770,3,5,8
WBGene00005771,0,2,2
WBGene00005773,0,0,0
WBGene00005776,0,3,3
WBGene00005777,2,2,4
WBGene00005778,2,1,3
WBGene00005779,0,0,0
WBGene00005780,1,0,1
WBGene00005781,0,0,0
WBGene00005782,1,1,2
WBGene00005783,1,1,2
WBGene00005785,0,1,1
WBGene00005786,15,1,16
WBGene00005787,1,0,1
WBGene00005788,2,0,2
WBGene00005789,2,2,4
WBGene00005790,0,0,0
WBGene00005791,0,3,3
WBGene00005795,1,1,2
WBGene00005798,4,2,6
WBGene00005800,0,2,2
WBGene00005801,0,0,0
WBGene00005802,0,0,0
WBGene00005803,1,1,2
WBGene00005804,1,1,2
WBGene00005806,0,1,1
WBGene00005807,5,3,8
WBGene00005808,5,5,10
WBGene00005809,0,2,2
WBGene00005810,3,10,13
WBGene00005812,1,0,1
WBGene00005813,0,0,0
WBGene00005814,2,2,4
WBGene00005815,174,602,776
WBGene00005816,146,215,361
WBGene00005818,118,405,523
WBGene00005819,1,1,2
WBGene00005820,14,5,19
WBGene00005822,1,1,2
WBGene00005823,1,0,1
WBGene00005824,0,0,0
WBGene00005826,4,5,9
WBGene00005829,0,3,3
WBGene00005830,0,2,2
WBGene00005831,2,7,9
WBGene00005832,31,499,530
WBGene00005833,0,91,91
WBGene00005834,1,10,11
WBGene00005835,2,4,6
WBGene00005836,2,10,12
WBGene00005837,1,16,17
WBGene00005838,7,18,25
WBGene00005841,5,6,11
WBGene00005842,2,3,5
WBGene00005844,2,2,4
WBGene00005845,5,12,17
WBGene00005846,2,3,5
WBGene00005847,6,1,7
WBGene00005848,11,7,18
WBGene00005849,0,3,3
WBGene00005850,6,9,15
WBGene00005854,8,3,11
WBGene00005855,0,2,2
WBGene00005856,9,3,12
WBGene00005858,5,0,5
WBGene00005859,1,1,2
WBGene00005860,0,3,3
WBGene00005862,5,3,8
WBGene00005864,0,1,1
WBGene00005865,2,0,2
WBGene00005866,1,0,1
WBGene00005867,0,0,0
WBGene00005868,0,1,1
WBGene00005869,6,0,6
WBGene00005870,0,1,1
WBGene00005871,1,0,1
WBGene00005874,2,1,3
WBGene00005876,8,5,13
WBGene00005877,7,4,11
WBGene00005880,1,3,4
WBGene00005881,2,0,2
WBGene00005882,0,1,1
WBGene00005883,3,1,4
WBGene00005884,0,0,0
WBGene00005885,1,1,2
WBGene00005886,2,2,4
WBGene00005887,2,4,6
WBGene00005888,0,1,1
WBGene00005889,0,1,1
WBGene00005890,2,2,4
WBGene00005891,1,1,2
WBGene00005892,1,11,12
WBGene00005893,44,233,277
WBGene00005894,2,3,5
WBGene00005895,1,2,3
WBGene00005896,0,0,0
WBGene00005897,0,1,1
WBGene00005898,9,13,22
WBGene00005899,3,0,3
WBGene00005900,10,9,19
WBGene00005901,4,9,13
WBGene00005903,20,18,38
WBGene00005904,11,8,19
WBGene00005905,25,16,41
WBGene00005907,1,2,3
WBGene00005908,6,16,22
WBGene00005909,10,18,28
WBGene00005910,19,108,127
WBGene00005911,1,4,5
WBGene00005912,2,2,4
WBGene00005913,2,0,2
WBGene00005914,5,2,7
WBGene00005915,8,0,8
WBGene00005917,1,2,3
WBGene00005919,0,1,1
WBGene00005920,0,0,0
WBGene00005922,0,0,0
WBGene00005923,0,0,0
WBGene00005924,1,2,3
WBGene00005925,5,22,27
WBGene00005926,8,27,35
WBGene00005927,4,1,5
WBGene00005929,5,10,15
WBGene00005930,0,1,1
WBGene00005931,3,74,77
WBGene00005932,13,20,33
WBGene00005933,1,1,2
WBGene00005934,3,15,18
WBGene00005935,7,8,15
WBGene00005936,43,342,385
WBGene00005937,14,37,51
WBGene00005938,42,69,111
WBGene00005939,3,2,5
WBGene00005941,6,1,7
WBGene00005942,1,0,1
WBGene00005944,1,0,1
WBGene00005945,6,1,7
WBGene00005946,2,1,3
WBGene00005947,25,132,157
WBGene00005949,7,23,30
WBGene00005950,1,2,3
WBGene00005951,0,0,0
WBGene00005953,1,5,6
WBGene00005954,2,2,4
WBGene00005955,0,6,6
WBGene00005956,0,0,0
WBGene00005957,2,0,2
WBGene00005958,12,17,29
WBGene00005959,7,105,112
WBGene00005964,6,11,17
WBGene00005965,80,4,84
WBGene00005967,39,69,108
WBGene00005968,3,10,13
WBGene00005969,8,6,14
WBGene00005971,0,23,23
WBGene00005973,15,5,20
WBGene00005975,9,56,65
WBGene00005976,2,28,30
WBGene00005977,10,41,51
WBGene00005978,2,0,2
WBGene00005979,6,2,8
WBGene00005980,5,2,7
WBGene00005981,4,3,7
WBGene00005983,2,0,2
WBGene00005984,1,0,1
WBGene00005986,5,14,19
WBGene00005987,8,13,21
WBGene00005988,2,11,13
WBGene00005989,9,3,12
WBGene00005992,2,1,3
WBGene00005993,5,2,7
WBGene00005995,3,6,9
WBGene00005996,3,5,8
WBGene00005999,2,6,8
WBGene00006001,1,6,7
WBGene00006002,6,12,18
WBGene00006003,4,7,11
WBGene00006004,3,6,9
WBGene00006005,7,26,33
WBGene00006006,3,17,20
WBGene00006007,2,4,6
WBGene00006008,6,12,18
WBGene00006009,7,1,8
WBGene00006010,2,9,11
WBGene00006011,0,2,2
WBGene00006012,3,11,14
WBGene00006013,3,1,4
WBGene00006016,4,72,76
WBGene00006019,1,5,6
WBGene00006020,9,19,28
WBGene00006021,1,4,5
WBGene00006022,1,3,4
WBGene00006024,3,3,6
WBGene00006025,0,7,7
WBGene00006026,5,23,28
WBGene00006027,6,6,12
WBGene00006028,2,20,22
WBGene00006038,0,0,0
WBGene00006039,0,5,5
WBGene00006040,0,0,0
WBGene00006044,0,7,7
WBGene00006047,0,0,0
WBGene00006048,0,0,0
WBGene00006049,0,0,0
WBGene00006050,28,282,310
WBGene00006051,5,34,39
WBGene00006052,1,4,5
WBGene00006053,0,0,0
WBGene00006055,149,711,860
WBGene00006056,6,16,22
WBGene00006058,2,4,6
WBGene00006059,148,1602,1750
WBGene00006060,0,0,0
WBGene00006061,46,1767,1813
WBGene00006062,496,2062,2558
WBGene00006063,9,287,296
WBGene00006064,201,434,635
WBGene00006065,19,25,44
WBGene00006066,123,2125,2248
WBGene00006067,299,1904,2203
WBGene00006068,59,393,452
WBGene00006069,2,8,10
WBGene00006070,1,0,1
WBGene00006071,12,9,21
WBGene00006072,3,8,11
WBGene00006073,0,0,0
WBGene00006074,0,0,0
WBGene00006075,18,74,92
WBGene00006076,0,1,1
WBGene00006077,5,17,22
WBGene00006078,3,2,5
WBGene00006080,8,9,17
WBGene00006081,1,0,1
WBGene00006082,7,2,9
WBGene00006083,4,2,6
WBGene00006084,12,1,13
WBGene00006085,1,6,7
WBGene00006086,0,6,6
WBGene00006087,2,3,5
WBGene00006090,2,6,8
WBGene00006092,0,4,4
WBGene00006093,1,8,9
WBGene00006094,0,2,2
WBGene00006096,11,38,49
WBGene00006097,2,3,5
WBGene00006098,8,5,13
WBGene00006099,7,2,9
WBGene00006101,31,2,33
WBGene00006102,1,7,8
WBGene00006103,1,5,6
WBGene00006104,2,2,4
WBGene00006105,1,0,1
WBGene00006106,0,4,4
WBGene00006108,7,1,8
WBGene00006109,4,11,15
WBGene00006110,3,14,17
WBGene00006111,1,1,2
WBGene00006112,0,8,8
WBGene00006113,8,18,26
WBGene00006117,0,3,3
WBGene00006120,0,2,2
WBGene00006121,0,4,4
WBGene00006122,4,9,13
WBGene00006124,1,1,2
WBGene00006125,1,2,3
WBGene00006126,1,2,3
WBGene00006127,0,5,5
WBGene00006128,0,8,8
WBGene00006129,4,3,7
WBGene00006130,5,6,11
WBGene00006131,0,0,0
WBGene00006133,2,1,3
WBGene00006134,2,2,4
WBGene00006135,0,11,11
WBGene00006136,0,0,0
WBGene00006137,2,3,5
WBGene00006138,5,8,13
WBGene00006139,12,25,37
WBGene00006140,103,10,113
WBGene00006141,5,3,8
WBGene00006142,6,3,9
WBGene00006143,2,8,10
WBGene00006144,1,0,1
WBGene00006145,1,0,1
WBGene00006146,2,3,5
WBGene00006147,2,0,2
WBGene00006148,2,14,16
WBGene00006149,8,7,15
WBGene00006150,1,9,10
WBGene00006151,1,7,8
WBGene00006152,4,9,13
WBGene00006153,3,17,20
WBGene00006154,6,17,23
WBGene00006155,1,11,12
WBGene00006156,3,3,6
WBGene00006157,0,6,6
WBGene00006158,0,2,2
WBGene00006159,2,1,3
WBGene00006160,0,1,1
WBGene00006161,0,8,8
WBGene00006162,4,12,16
WBGene00006163,22,34,56
WBGene00006164,10,3,13
WBGene00006165,2,4,6
WBGene00006166,0,0,0
WBGene00006167,3,6,9
WBGene00006169,17,20,37
WBGene00006170,0,0,0
WBGene00006171,0,0,0
WBGene00006172,15,9,24
WBGene00006173,3,0,3
WBGene00006174,0,1,1
WBGene00006175,4,0,4
WBGene00006176,0,7,7
WBGene00006178,0,4,4
WBGene00006179,0,6,6
WBGene00006180,4,10,14
WBGene00006182,4,6,10
WBGene00006183,7,5,12
WBGene00006184,0,0,0
WBGene00006186,2,3,5
WBGene00006187,5,6,11
WBGene00006188,2,13,15
WBGene00006189,5,15,20
WBGene00006190,0,1,1
WBGene00006191,2,11,13
WBGene00006192,2,0,2
WBGene00006193,3,3,6
WBGene00006195,0,11,11
WBGene00006196,2,0,2
WBGene00006197,1,1,2
WBGene00006198,8,50,58
WBGene00006199,11,9,20
WBGene00006200,0,0,0
WBGene00006201,6,10,16
WBGene00006202,4,3,7
WBGene00006203,4,2,6
WBGene00006204,2,1,3
WBGene00006205,7,6,13
WBGene00006206,3,0,3
WBGene00006207,15,30,45
WBGene00006208,22,16,38
WBGene00006209,3,28,31
WBGene00006210,10,12,22
WBGene00006211,26,79,105
WBGene00006212,8,24,32
WBGene00006213,4,13,17
WBGene00006214,17,5,22
WBGene00006215,1,9,10
WBGene00006216,3,1,4
WBGene00006217,5,4,9
WBGene00006218,9,16,25
WBGene00006219,4,8,12
WBGene00006220,22,115,137
WBGene00006221,1,0,1
WBGene00006222,2,9,11
WBGene00006224,0,2,2
WBGene00006225,7,2,9
WBGene00006226,6,32,38
WBGene00006228,4,2,6
WBGene00006229,0,9,9
WBGene00006230,3,5,8
WBGene00006231,0,2,2
WBGene00006232,3,2,5
WBGene00006233,6,7,13
WBGene00006234,3,6,9
WBGene00006235,0,1,1
WBGene00006236,1,4,5
WBGene00006237,2,17,19
WBGene00006238,0,1,1
WBGene00006239,4,10,14
WBGene00006240,1,4,5
WBGene00006241,4,11,15
WBGene00006242,4,1,5
WBGene00006244,0,3,3
WBGene00006247,2,1,3
WBGene00006249,5,3,8
WBGene00006251,2,11,13
WBGene00006252,2,4,6
WBGene00006253,17,0,17
WBGene00006255,12,19,31
WBGene00006256,0,11,11
WBGene00006257,0,1,1
WBGene00006258,3,12,15
WBGene00006259,2,1,3
WBGene00006260,2,0,2
WBGene00006261,2,4,6
WBGene00006262,0,2,2
WBGene00006263,0,5,5
WBGene00006264,0,1,1
WBGene00006265,3,2,5
WBGene00006266,89,1,90
WBGene00006268,0,7,7
WBGene00006270,2,5,7
WBGene00006271,0,0,0
WBGene00006272,6,28,34
WBGene00006273,2,2,4
WBGene00006274,0,0,0
WBGene00006275,0,0,0
WBGene00006276,1,7,8
WBGene00006277,0,5,5
WBGene00006278,3,6,9
WBGene00006279,6,18,24
WBGene00006280,1,6,7
WBGene00006281,13,1,14
WBGene00006282,0,0,0
WBGene00006283,0,0,0
WBGene00006284,0,0,0
WBGene00006286,10,8,18
WBGene00006287,12,16,28
WBGene00006288,5,11,16
WBGene00006289,3,1,4
WBGene00006306,607,2262,2869
WBGene00006307,87,1844,1931
WBGene00006308,30,175,205
WBGene00006309,94,2529,2623
WBGene00006310,91,94,185
WBGene00006311,9,127,136
WBGene00006318,105,867,972
WBGene00006319,36,615,651
WBGene00006321,259,3933,4192
WBGene00006324,39,804,843
WBGene00006331,222,6442,6664
WBGene00006342,671,2626,3297
WBGene00006349,169,816,985
WBGene00006351,67,1324,1391
WBGene00006352,104,2141,2245
WBGene00006353,38,431,469
WBGene00006359,84,1799,1883
WBGene00006363,182,511,693
WBGene00006364,360,1516,1876
WBGene00006365,116,853,969
WBGene00006366,130,3676,3806
WBGene00006367,131,1655,1786
WBGene00006368,70,447,517
WBGene00006369,25,817,842
WBGene00006371,43,539,582
WBGene00006372,56,742,798
WBGene00006373,75,1450,1525
WBGene00006374,19,61,80
WBGene00006375,5,148,153
WBGene00006376,4,146,150
WBGene00006377,34,479,513
WBGene00006379,56,629,685
WBGene00006380,19,446,465
WBGene00006381,55,2090,2145
WBGene00006382,687,2260,2947
WBGene00006383,76,338,414
WBGene00006384,171,872,1043
WBGene00006385,626,1172,1798
WBGene00006386,111,595,706
WBGene00006387,36,227,263
WBGene00006388,19,90,109
WBGene00006389,21,316,337
WBGene00006390,42,341,383
WBGene00006391,39,314,353
WBGene00006392,99,1000,1099
WBGene00006393,15,407,422
WBGene00006394,25,182,207
WBGene00006395,14,139,153
WBGene00006396,321,986,1307
WBGene00006397,23,467,490
WBGene00006399,18,16,34
WBGene00006402,78,570,648
WBGene00006404,200,787,987
WBGene00006405,359,2302,2661
WBGene00006406,191,2075,2266
WBGene00006407,1025,4411,5436
WBGene00006408,1568,12886,14454
WBGene00006409,2,8,10
WBGene00006410,97,1448,1545
WBGene00006411,12,136,148
WBGene00006412,250,1508,1758
WBGene00006414,3,890,893
WBGene00006415,114,1082,1196
WBGene00006416,1,8,9
WBGene00006418,3,50,53
WBGene00006419,12,3,15
WBGene00006423,674,6349,7023
WBGene00006424,307,1010,1317
WBGene00006428,114,160,274
WBGene00006429,10,38,48
WBGene00006430,58,308,366
WBGene00006431,28,255,283
WBGene00006432,131,926,1057
WBGene00006433,633,9501,10134
WBGene00006434,279,18146,18425
WBGene00006435,9,38,47
WBGene00006436,3637,93829,97466
WBGene00006437,164,3684,3848
WBGene00006438,198,2075,2273
WBGene00006439,327,277583,277910
WBGene00006440,81,261,342
WBGene00006441,82,341,423
WBGene00006442,190,1201,1391
WBGene00006443,19,352,371
WBGene00006444,22,828,850
WBGene00006445,76,695,771
WBGene00006446,11,223,234
WBGene00006447,14,946,960
WBGene00006448,27,419,446
WBGene00006449,3,3,6
WBGene00006450,275,1142,1417
WBGene00006452,1876,12604,14480
WBGene00006454,7,43,50
WBGene00006459,42,644,686
WBGene00006460,151,3662,3813
WBGene00006461,28,140,168
WBGene00006462,268,1403,1671
WBGene00006463,34,272,306
WBGene00006464,2,23,25
WBGene00006465,38,1420,1458
WBGene00006466,100,309,409
WBGene00006467,32,818,850
WBGene00006468,75,580,655
WBGene00006470,24,1251,1275
WBGene00006471,2,0,2
WBGene00006472,45,1410,1455
WBGene00006473,10,498,508
WBGene00006474,30,1187,1217
WBGene00006475,66,402,468
WBGene00006476,422,1079,1501
WBGene00006477,74,140,214
WBGene00006478,112,1091,1203
WBGene00006479,187,1522,1709
WBGene00006481,295,1544,1839
WBGene00006483,337,2046,2383
WBGene00006484,5,0,5
WBGene00006486,22,84,106
WBGene00006487,16,89,105
WBGene00006488,0,0,0
WBGene00006489,49,1566,1615
WBGene00006490,206,849,1055
WBGene00006491,4,539,543
WBGene00006492,76,364,440
WBGene00006493,130,947,1077
WBGene00006494,22,1775,1797
WBGene00006495,533,3123,3656
WBGene00006496,402,943,1345
WBGene00006497,171,3084,3255
WBGene00006498,253,1813,2066
WBGene00006499,82,738,820
WBGene00006503,67,1066,1133
WBGene00006504,59,535,594
WBGene00006505,118,284,402
WBGene00006508,979,3309,4288
WBGene00006509,0,2,2
WBGene00006510,416,1844,2260
WBGene00006512,177,4272,4449
WBGene00006513,447,1919,2366
WBGene00006514,24,1005,1029
WBGene00006515,72,3105,3177
WBGene00006516,28,491,519
WBGene00006517,182,1671,1853
WBGene00006518,31,2949,2980
WBGene00006519,3305,25299,28604
WBGene00006520,0,312,312
WBGene00006522,46,122,168
WBGene00006523,72,1265,1337
WBGene00006524,66,872,938
WBGene00006525,22,175,197
WBGene00006526,18,139,157
WBGene00006527,757,7030,7787
WBGene00006528,120,22683,22803
WBGene00006529,2157,21583,23740
WBGene00006530,18,250,268
WBGene00006531,33,175,208
WBGene00006532,25,44,69
WBGene00006533,47,143,190
WBGene00006534,471,2569,3040
WBGene00006535,200,990,1190
WBGene00006536,14,12110,12124
WBGene00006537,565,31768,32333
WBGene00006538,25,610,635
WBGene00006539,2,15,17
WBGene00006540,23,564,587
WBGene00006541,81,617,698
WBGene00006542,29,433,462
WBGene00006543,81,1057,1138
WBGene00006544,16,3,19
WBGene00006545,1,11,12
WBGene00006546,5,2,7
WBGene00006547,0,13,13
WBGene00006549,0,0,0
WBGene00006550,0,2,2
WBGene00006551,3,55870,55873
WBGene00006552,11,10,21
WBGene00006553,1,1,2
WBGene00006554,2,1,3
WBGene00006555,12,28,40
WBGene00006556,3,8,11
WBGene00006557,19,2,21
WBGene00006558,0,3,3
WBGene00006559,1,1,2
WBGene00006560,7,0,7
WBGene00006561,91,917,1008
WBGene00006562,182,1078,1260
WBGene00006563,177,700,877
WBGene00006565,65,3227,3292
WBGene00006566,59,823,882
WBGene00006567,15,768,783
WBGene00006568,18,416,434
WBGene00006570,56,1092,1148
WBGene00006571,117,775,892
WBGene00006572,719,4902,5621
WBGene00006573,200,1747,1947
WBGene00006574,204,8157,8361
WBGene00006575,587,1436,2023
WBGene00006576,77,338,415
WBGene00006577,190,1317,1507
WBGene00006578,137,1033,1170
WBGene00006579,330,2790,3120
WBGene00006580,72,858,930
WBGene00006582,140,1323,1463
WBGene00006583,268,7341,7609
WBGene00006584,2390,26131,28521
WBGene00006585,420,8845,9265
WBGene00006586,245,5305,5550
WBGene00006587,1247,20617,21864
WBGene00006588,1305,11986,13291
WBGene00006589,274,2692,2966
WBGene00006590,39,870,909
WBGene00006591,123,187,310
WBGene00006592,62,431,493
WBGene00006593,571,1543,2114
WBGene00006594,651,2765,3416
WBGene00006595,213,6402,6615
WBGene00006596,129,219,348
WBGene00006597,123,226,349
WBGene00006598,0,68,68
WBGene00006599,849,1686,2535
WBGene00006600,4,141,145
WBGene00006601,87,14288,14375
WBGene00006602,245,1805,2050
WBGene00006603,1215,4735,5950
WBGene00006604,484,1517,2001
WBGene00006605,180,774,954
WBGene00006606,44,334,378
WBGene00006607,132,1473,1605
WBGene00006608,54,548,602
WBGene00006609,53,384,437
WBGene00006610,34,76,110
WBGene00006611,5,126,131
WBGene00006612,4,22,26
WBGene00006613,279,2607,2886
WBGene00006614,161,552,713
WBGene00006615,481,714,1195
WBGene00006616,55,96,151
WBGene00006617,174,5126,5300
WBGene00006618,97,257,354
WBGene00006619,3,4,7
WBGene00006620,70,132,202
WBGene00006621,34,16,50
WBGene00006622,8,3,11
WBGene00006623,131,167,298
WBGene00006624,225,512,737
WBGene00006625,7,11,18
WBGene00006626,36,6400,6436
WBGene00006627,20,165,185
WBGene00006628,9,113,122
WBGene00006629,16,157,173
WBGene00006630,2,31,33
WBGene00006631,0,6,6
WBGene00006632,126,176,302
WBGene00006633,249,1619,1868
WBGene00006634,1086,8833,9919
WBGene00006635,5,341,346
WBGene00006636,29,114,143
WBGene00006637,25,408,433
WBGene00006638,20,526,546
WBGene00006639,26,42,68
WBGene00006640,98,737,835
WBGene00006641,48,611,659
WBGene00006642,34,332,366
WBGene00006643,51,628,679
WBGene00006644,5,16,21
WBGene00006645,34,51,85
WBGene00006646,16,159,175
WBGene00006647,151,724,875
WBGene00006648,420,910,1330
WBGene00006649,131,1696,1827
WBGene00006652,162,432,594
WBGene00006654,22,211,233
WBGene00006655,35,229,264
WBGene00006656,18,73,91
WBGene00006657,313,479,792
WBGene00006658,20,106,126
WBGene00006659,14,7,21
WBGene00006660,16,189,205
WBGene00006661,2,3,5
WBGene00006662,149,726,875
WBGene00006663,656,4148,4804
WBGene00006664,33,187,220
WBGene00006665,51,86,137
WBGene00006666,20,196,216
WBGene00006667,192,895,1087
WBGene00006668,405,786,1191
WBGene00006669,87,188,275
WBGene00006670,17,66,83
WBGene00006671,124,775,899
WBGene00006672,231,6417,6648
WBGene00006673,23,90,113
WBGene00006674,13,30,43
WBGene00006675,13,67,80
WBGene00006676,31,138,169
WBGene00006677,44,476,520
WBGene00006678,27,109,136
WBGene00006679,24,61,85
WBGene00006680,58,236,294
WBGene00006681,136,725,861
WBGene00006682,120,425,545
WBGene00006683,387,1320,1707
WBGene00006684,168,219,387
WBGene00006685,22,139,161
WBGene00006686,16,57,73
WBGene00006687,21,88,109
WBGene00006688,15,20,35
WBGene00006689,4,2,6
WBGene00006690,41,102,143
WBGene00006691,143,409,552
WBGene00006692,76,880,956
WBGene00006693,684,2137,2821
WBGene00006694,21,56,77
WBGene00006695,227,52,279
WBGene00006696,69,339,408
WBGene00006697,517,2757,3274
WBGene00006698,119,3765,3884
WBGene00006699,108,4627,4735
WBGene00006700,263,954,1217
WBGene00006701,283,1086,1369
WBGene00006702,180,2979,3159
WBGene00006703,38,1268,1306
WBGene00006704,126,3534,3660
WBGene00006705,137,443,580
WBGene00006706,61,2274,2335
WBGene00006707,0,1944,1944
WBGene00006708,122,3395,3517
WBGene00006709,287,1905,2192
WBGene00006710,253,155,408
WBGene00006711,36,461,497
WBGene00006712,121,622,743
WBGene00006713,93,2363,2456
WBGene00006714,95,488,583
WBGene00006715,36,3160,3196
WBGene00006716,21,11,32
WBGene00006717,26,317,343
WBGene00006718,2,17,19
WBGene00006719,3,0,3
WBGene00006720,46,2316,2362
WBGene00006721,46,536,582
WBGene00006722,164,159,323
WBGene00006723,82,632,714
WBGene00006724,184,3555,3739
WBGene00006725,15265,147238,162503
WBGene00006726,174,2409,2583
WBGene00006727,192,10070,10262
WBGene00006728,13228,134281,147509
WBGene00006729,57,487,544
WBGene00006730,20,4560,4580
WBGene00006731,10,120,130
WBGene00006732,90,496,586
WBGene00006733,183,1167,1350
WBGene00006734,36,1153,1189
WBGene00006735,13,514,527
WBGene00006736,103,978,1081
WBGene00006737,23,566,589
WBGene00006738,12,469,481
WBGene00006739,206,3106,3312
WBGene00006740,14,99,113
WBGene00006741,262,4620,4882
WBGene00006742,1003,2763,3766
WBGene00006743,46,285,331
WBGene00006744,33,300,333
WBGene00006745,431,881,1312
WBGene00006746,71,886,957
WBGene00006747,1160,1408,2568
WBGene00006748,33,156,189
WBGene00006749,181,1725,1906
WBGene00006750,242,1540,1782
WBGene00006751,386,1601,1987
WBGene00006752,1304,4746,6050
WBGene00006753,413,5448,5861
WBGene00006754,3687,80263,83950
WBGene00006755,462,3680,4142
WBGene00006756,0,8,8
WBGene00006757,66,2159,2225
WBGene00006759,2200,27443,29643
WBGene00006760,298,3284,3582
WBGene00006761,32,687,719
WBGene00006762,865,4857,5722
WBGene00006763,191,1289,1480
WBGene00006764,4601,48926,53527
WBGene00006765,215,478,693
WBGene00006766,83,510,593
WBGene00006767,552,785,1337
WBGene00006768,376,5089,5465
WBGene00006769,459,1612,2071
WBGene00006770,450,1840,2290
WBGene00006771,867,8388,9255
WBGene00006772,326,2476,2802
WBGene00006773,108,1494,1602
WBGene00006774,87,493,580
WBGene00006775,10,47,57
WBGene00006776,343,2511,2854
WBGene00006777,263,2733,2996
WBGene00006778,80,913,993
WBGene00006779,2299,9702,12001
WBGene00006780,3325,32821,36146
WBGene00006781,278,1324,1602
WBGene00006782,12,258,270
WBGene00006783,63,482,545
WBGene00006784,656,3154,3810
WBGene00006785,15,483,498
WBGene00006786,202,2222,2424
WBGene00006787,745,6418,7163
WBGene00006788,351,1503,1854
WBGene00006789,1497,80758,82255
WBGene00006790,28,104,132
WBGene00006791,187,2076,2263
WBGene00006792,297,707,1004
WBGene00006793,36,1031,1067
WBGene00006794,825,20605,21430
WBGene00006795,41,785,826
WBGene00006796,544,4819,5363
WBGene00006797,506,360,866
WBGene00006798,2785,3099,5884
WBGene00006801,2207,22790,24997
WBGene00006802,228,3560,3788
WBGene00006803,596,9737,10333
WBGene00006804,75,498,573
WBGene00006805,2340,6898,9238
WBGene00006807,286,575,861
WBGene00006808,324,3214,3538
WBGene00006809,527,1261,1788
WBGene00006810,172,1722,1894
WBGene00006811,391,1395,1786
WBGene00006812,702,5179,5881
WBGene00006814,1147,4073,5220
WBGene00006815,572,7256,7828
WBGene00006816,28,1038,1066
WBGene00006817,154,1901,2055
WBGene00006818,119,1764,1883
WBGene00006819,1682,40381,42063
WBGene00006820,3865,31729,35594
WBGene00006822,117,572,689
WBGene00006823,821,5326,6147
WBGene00006824,148,6214,6362
WBGene00006825,293,3518,3811
WBGene00006826,404,7781,8185
WBGene00006827,1897,3146,5043
WBGene00006829,39,718,757
WBGene00006830,2052,2156,4208
WBGene00006831,1099,5393,6492
WBGene00006832,114,772,886
WBGene00006833,118,10889,11007
WBGene00006836,109,5890,5999
WBGene00006839,428,5254,5682
WBGene00006840,201,5067,5268
WBGene00006843,179,1194,1373
WBGene00006844,166,2376,2542
WBGene00006845,464,2643,3107
WBGene00006852,61,2110,2171
WBGene00006853,16,316,332
WBGene00006856,36,1343,1379
WBGene00006861,588,3987,4575
WBGene00006862,18,201,219
WBGene00006863,190,11347,11537
WBGene00006864,111,654,765
WBGene00006865,12,154,166
WBGene00006868,371,1408,1779
WBGene00006869,63,455,518
WBGene00006870,293,845,1138
WBGene00006873,24,211,235
WBGene00006874,312,4117,4429
WBGene00006875,27,1162,1189
WBGene00006876,717,7107,7824
WBGene00006881,14,214,228
WBGene00006882,87,574,661
WBGene00006886,1071,8912,9983
WBGene00006887,176,571,747
WBGene00006888,245,2639,2884
WBGene00006889,65,6095,6160
WBGene00006890,294,3007,3301
WBGene00006893,145,1353,1498
WBGene00006894,8,4,12
WBGene00006896,51,367,418
WBGene00006897,11,25,36
WBGene00006902,1,2,3
WBGene00006910,0,7978,7978
WBGene00006911,84,12561,12645
WBGene00006912,0,4996,4996
WBGene00006913,26,4014,4040
WBGene00006914,19,1771,1790
WBGene00006915,13,848,861
WBGene00006916,77,474,551
WBGene00006917,99,8190,8289
WBGene00006918,303,5198,5501
WBGene00006919,173,8742,8915
WBGene00006920,465,4732,5197
WBGene00006921,17,4439,4456
WBGene00006922,13,360,373
WBGene00006923,1366,2637,4003
WBGene00006924,325,26697,27022
WBGene00006925,0,2,2
WBGene00006926,0,2,2
WBGene00006927,0,8,8
WBGene00006928,0,12,12
WBGene00006929,0,1,1
WBGene00006930,0,5,5
WBGene00006931,74,1092,1166
WBGene00006932,227,1710,1937
WBGene00006933,47,1093,1140
WBGene00006934,144,847,991
WBGene00006935,41,1489,1530
WBGene00006936,303,4143,4446
WBGene00006937,259,4359,4618
WBGene00006938,2,45,47
WBGene00006940,2,214,216
WBGene00006941,286,2675,2961
WBGene00006942,132,3018,3150
WBGene00006943,46,448,494
WBGene00006944,29,374,403
WBGene00006945,132,1753,1885
WBGene00006946,83,448,531
WBGene00006947,7,94,101
WBGene00006948,8,119,127
WBGene00006949,34,279,313
WBGene00006950,14,28,42
WBGene00006951,102,873,975
WBGene00006952,7,143,150
WBGene00006953,15,3,18
WBGene00006954,4,5,9
WBGene00006955,70,78,148
WBGene00006956,97,1975,2072
WBGene00006957,209,1264,1473
WBGene00006958,75,306,381
WBGene00006959,950,35096,36046
WBGene00006960,21,83,104
WBGene00006961,454,5158,5612
WBGene00006962,2,13,15
WBGene00006963,43,702,745
WBGene00006964,329,2412,2741
WBGene00006965,2,104,106
WBGene00006966,1,64,65
WBGene00006968,95,1145,1240
WBGene00006970,24,1331,1355
WBGene00006971,76,563,639
WBGene00006974,19,748,767
WBGene00006975,684,5182,5866
WBGene00006976,462,175,637
WBGene00006977,6,102,108
WBGene00006978,159,4710,4869
WBGene00006979,0,124,124
WBGene00006980,3,194,197
WBGene00006981,6,495,501
WBGene00006982,113,1381,1494
WBGene00006983,62,263,325
WBGene00006984,695,2930,3625
WBGene00006985,306,967,1273
WBGene00006986,207,719,926
WBGene00006987,87,168,255
WBGene00006988,46,383,429
WBGene00006993,241,567,808
WBGene00006994,151,1880,2031
WBGene00006996,23,584,607
WBGene00006997,9,538,547
WBGene00006999,1766,15123,16889
WBGene00007000,271,12374,12645
WBGene00007001,18,2333,2351
WBGene00007006,142,792,934
WBGene00007007,100,1144,1244
WBGene00007008,119,2195,2314
WBGene00007009,123,2021,2144
WBGene00007010,125,1858,1983
WBGene00007011,35,263,298
WBGene00007012,63,437,500
WBGene00007013,191,491,682
WBGene00007014,29,235,264
WBGene00007015,8,450,458
WBGene00007016,629,4388,5017
WBGene00007017,671,489,1160
WBGene00007018,70,810,880
WBGene00007019,257,1855,2112
WBGene00007020,108,454,562
WBGene00007021,45,1059,1104
WBGene00007022,201,1509,1710
WBGene00007023,63,978,1041
WBGene00007024,222,6089,6311
WBGene00007025,127,1233,1360
WBGene00007026,42,412,454
WBGene00007027,1118,3258,4376
WBGene00007028,76,2265,2341
WBGene00007029,119,789,908
WBGene00007030,1020,9336,10356
WBGene00007036,1,3,4
WBGene00007041,129,598,727
WBGene00007042,168,4953,5121
WBGene00007043,7,351,358
WBGene00007044,246,2708,2954
WBGene00007045,4,317,321
WBGene00007047,60,438,498
WBGene00007048,123,3248,3371
WBGene00007049,9,67,76
WBGene00007050,674,5288,5962
WBGene00007053,175,5127,5302
WBGene00007054,572,2606,3178
WBGene00007055,109,2353,2462
WBGene00007056,68,394,462
WBGene00007057,0,20,20
WBGene00007058,174,3256,3430
WBGene00007059,38,369,407
WBGene00007060,1,0,1
WBGene00007062,1,0,1
WBGene00007063,59,215,274
WBGene00007064,242,368,610
WBGene00007065,13,159,172
WBGene00007067,69,502,571
WBGene00007068,75,644,719
WBGene00007069,3,2,5
WBGene00007070,24,524,548
WBGene00007071,114,1135,1249
WBGene00007072,4,21,25
WBGene00007073,22,212,234
WBGene00007075,0,0,0
WBGene00007076,0,0,0
WBGene00007079,0,0,0
WBGene00007080,1,4,5
WBGene00007081,2,4,6
WBGene00007082,0,15,15
WBGene00007083,1,2,3
WBGene00007084,20,185,205
WBGene00007085,0,72,72
WBGene00007087,35,486,521
WBGene00007088,80,1300,1380
WBGene00007089,61,817,878
WBGene00007090,24,427,451
WBGene00007091,390,3306,3696
WBGene00007092,24,119,143
WBGene00007093,25,397,422
WBGene00007094,122,356,478
WBGene00007096,41,456,497
WBGene00007097,36,132,168
WBGene00007099,227,2867,3094
WBGene00007100,14,464,478
WBGene00007101,34,1931,1965
WBGene00007102,25,187,212
WBGene00007103,177,1094,1271
WBGene00007104,96,698,794
WBGene00007105,74,1926,2000
WBGene00007106,60,1356,1416
WBGene00007107,509,5882,6391
WBGene00007108,123,1551,1674
WBGene00007109,6,153,159
WBGene00007110,103,1310,1413
WBGene00007111,72,1452,1524
WBGene00007112,155,923,1078
WBGene00007113,94,1772,1866
WBGene00007114,24,109,133
WBGene00007115,27,260,287
WBGene00007116,69,248,317
WBGene00007117,14,21,35
WBGene00007118,74,540,614
WBGene00007119,132,945,1077
WBGene00007122,104,6233,6337
WBGene00007123,0,2,2
WBGene00007124,34,107,141
WBGene00007125,0,7,7
WBGene00007126,174,866,1040
WBGene00007127,3,0,3
WBGene00007128,31,342,373
WBGene00007129,19,3433,3452
WBGene00007130,28,154,182
WBGene00007131,7,36,43
WBGene00007132,4,32,36
WBGene00007133,33,247,280
WBGene00007134,23,7,30
WBGene00007135,270,976,1246
WBGene00007136,116,994,1110
WBGene00007137,88,1148,1236
WBGene00007138,38,168,206
WBGene00007139,177,2046,2223
WBGene00007140,15,21,36
WBGene00007141,7,10,17
WBGene00007142,292,3021,3313
WBGene00007143,20,879,899
WBGene00007144,28,836,864
WBGene00007145,72,566,638
WBGene00007146,7,108,115
WBGene00007148,8,17,25
WBGene00007149,2,32,34
WBGene00007150,20,647,667
WBGene00007152,9,14,23
WBGene00007153,4,162,166
WBGene00007154,49,283,332
WBGene00007155,347,6738,7085
WBGene00007156,6,3,9
WBGene00007158,7,5,12
WBGene00007159,0,10,10
WBGene00007161,2,0,2
WBGene00007162,138,207,345
WBGene00007163,1,6,7
WBGene00007164,1,5,6
WBGene00007166,11,517,528
WBGene00007167,131,743,874
WBGene00007168,6,486,492
WBGene00007169,12,9,21
WBGene00007170,35,189,224
WBGene00007171,18,56,74
WBGene00007172,8,76,84
WBGene00007173,0,0,0
WBGene00007174,15,153,168
WBGene00007175,60,740,800
WBGene00007176,1526,1107,2633
WBGene00007177,13,15,28
WBGene00007178,5,281,286
WBGene00007179,6,10,16
WBGene00007180,57,831,888
WBGene00007182,3,0,3
WBGene00007183,2,53,55
WBGene00007184,212,3893,4105
WBGene00007185,147,1150,1297
WBGene00007186,54,799,853
WBGene00007187,34,222,256
WBGene00007188,80,607,687
WBGene00007189,28,302,330
WBGene00007190,1,24,25
WBGene00007191,42,204,246
WBGene00007192,503,7313,7816
WBGene00007193,90,767,857
WBGene00007194,5,774,779
WBGene00007195,128,1107,1235
WBGene00007196,114,312,426
WBGene00007197,728,5622,6350
WBGene00007200,275,1829,2104
WBGene00007201,176,3243,3419
WBGene00007202,29,192,221
WBGene00007203,3,165,168
WBGene00007204,7,20,27
WBGene00007206,0,0,0
WBGene00007207,95,1048,1143
WBGene00007208,0,0,0
WBGene00007209,3,1,4
WBGene00007210,13,61,74
WBGene00007211,5,6,11
WBGene00007212,21,35,56
WBGene00007213,33,243,276
WBGene00007214,142,638,780
WBGene00007215,73,1431,1504
WBGene00007216,231,739,970
WBGene00007217,110,2397,2507
WBGene00007218,54,5,59
WBGene00007219,61,1701,1762
WBGene00007220,5,36,41
WBGene00007221,45,361,406
WBGene00007222,11,51,62
WBGene00007223,262,4484,4746
WBGene00007224,22,41,63
WBGene00007225,3,29,32
WBGene00007226,96,658,754
WBGene00007227,251,5851,6102
WBGene00007228,36,185,221
WBGene00007229,22,81,103
WBGene00007230,5,12,17
WBGene00007231,47,72,119
WBGene00007232,16,111,127
WBGene00007233,161,3618,3779
WBGene00007234,1,397,398
WBGene00007235,479,7942,8421
WBGene00007236,5,342,347
WBGene00007237,49,340,389
WBGene00007239,0,2,2
WBGene00007240,333,4892,5225
WBGene00007241,100,423,523
WBGene00007242,33,562,595
WBGene00007243,0,9,9
WBGene00007244,0,8,8
WBGene00007245,1,1,2
WBGene00007246,0,15,15
WBGene00007247,57,161,218
WBGene00007248,1,6,7
WBGene00007249,3,0,3
WBGene00007250,0,2,2
WBGene00007251,0,4,4
WBGene00007252,40,154,194
WBGene00007253,28,174,202
WBGene00007254,20,91,111
WBGene00007255,7,67,74
WBGene00007256,159,3125,3284
WBGene00007257,247,1028,1275
WBGene00007258,38,367,405
WBGene00007259,18,2,20
WBGene00007260,518,1086,1604
WBGene00007261,119,2756,2875
WBGene00007262,12,28,40
WBGene00007264,14,93,107
WBGene00007265,0,23,23
WBGene00007266,50,582,632
WBGene00007267,31,317,348
WBGene00007268,17,70,87
WBGene00007269,5,4,9
WBGene00007270,20,446,466
WBGene00007271,12,1,13
WBGene00007273,15,11,26
WBGene00007274,8,42,50
WBGene00007275,47,114,161
WBGene00007277,15,49,64
WBGene00007278,2,9,11
WBGene00007279,1,6,7
WBGene00007281,4,146,150
WBGene00007282,15,21,36
WBGene00007283,0,0,0
WBGene00007284,146,530,676
WBGene00007285,15,157,172
WBGene00007286,16,181,197
WBGene00007287,27,503,530
WBGene00007288,1,23,24
WBGene00007289,1,0,1
WBGene00007290,0,0,0
WBGene00007291,2,1,3
WBGene00007292,3,11,14
WBGene00007293,0,2,2
WBGene00007294,1,0,1
WBGene00007295,13,243,256
WBGene00007296,75,1597,1672
WBGene00007297,40,219,259
WBGene00007299,26,496,522
WBGene00007301,1680823,86,1680909
WBGene00007302,29,812,841
WBGene00007303,9,50,59
WBGene00007304,124,706,830
WBGene00007305,1,10,11
WBGene00007306,4,2,6
WBGene00007307,2,3,5
WBGene00007308,1,3,4
WBGene00007309,6,13,19
WBGene00007310,18,26,44
WBGene00007311,5,3,8
WBGene00007312,20,837,857
WBGene00007313,3,2,5
WBGene00007314,47,53,100
WBGene00007315,2,5,7
WBGene00007316,362,1931,2293
WBGene00007317,42,1936,1978
WBGene00007319,3,0,3
WBGene00007320,0,1,1
WBGene00007321,24,240,264
WBGene00007322,2,19,21
WBGene00007323,11,8,19
WBGene00007324,264,1717,1981
WBGene00007325,7,32,39
WBGene00007326,26,66,92
WBGene00007327,35,124,159
WBGene00007328,7,9,16
WBGene00007329,98,735,833
WBGene00007330,291,14006,14297
WBGene00007331,609,3056,3665
WBGene00007332,0,247,247
WBGene00007333,109,926,1035
WBGene00007334,32,190,222
WBGene00007335,3,1,4
WBGene00007336,17,315,332
WBGene00007337,2,27,29
WBGene00007338,4,166,170
WBGene00007339,11,71,82
WBGene00007340,21,73,94
WBGene00007341,0,14,14
WBGene00007342,0,2,2
WBGene00007343,20,202,222
WBGene00007344,10,26,36
WBGene00007345,45,329,374
WBGene00007346,18,116,134
WBGene00007347,34,112,146
WBGene00007348,62,302,364
WBGene00007349,73,500,573
WBGene00007350,779,12616,13395
WBGene00007351,32,55,87
WBGene00007352,251,3959,4210
WBGene00007353,568,3060,3628
WBGene00007354,4,31,35
WBGene00007355,0,5761,5761
WBGene00007356,0,25,25
WBGene00007357,133,701,834
WBGene00007358,6,25,31
WBGene00007359,6,2,8
WBGene00007360,4,11,15
WBGene00007361,12,1,13
WBGene00007362,46,209,255
WBGene00007363,29,1033,1062
WBGene00007364,1,25,26
WBGene00007365,343,7044,7387
WBGene00007366,171,438,609
WBGene00007367,29,152,181
WBGene00007368,6,47,53
WBGene00007369,0,12,12
WBGene00007370,2,0,2
WBGene00007372,19,104,123
WBGene00007373,0,0,0
WBGene00007374,10,35,45
WBGene00007375,34,95,129
WBGene00007377,1,54,55
WBGene00007378,19,17,36
WBGene00007379,0,0,0
WBGene00007380,0,1,1
WBGene00007381,0,6,6
WBGene00007382,2,12,14
WBGene00007383,1,0,1
WBGene00007384,4,138,142
WBGene00007385,3503,40651,44154
WBGene00007386,131,1130,1261
WBGene00007387,268,322,590
WBGene00007388,75,515,590
WBGene00007389,58,601,659
WBGene00007390,2,1903,1905
WBGene00007391,3,6,9
WBGene00007392,2,45,47
WBGene00007393,4,21,25
WBGene00007394,13,119,132
WBGene00007395,43,268,311
WBGene00007396,86,530,616
WBGene00007397,6,90,96
WBGene00007398,1,6,7
WBGene00007399,8,16,24
WBGene00007400,45,1679,1724
WBGene00007401,1,0,1
WBGene00007402,59,464,523
WBGene00007403,51,508,559
WBGene00007404,36,41,77
WBGene00007405,145,2585,2730
WBGene00007406,13,9,22
WBGene00007407,5,126,131
WBGene00007408,20,262,282
WBGene00007409,49,223,272
WBGene00007410,24,44,68
WBGene00007411,31,439,470
WBGene00007412,40,779,819
WBGene00007413,276,2248,2524
WBGene00007414,71,541,612
WBGene00007415,13,15,28
WBGene00007416,23,164,187
WBGene00007417,32,581,613
WBGene00007418,5,80,85
WBGene00007419,176,1093,1269
WBGene00007420,1,41,42
WBGene00007421,48,550,598
WBGene00007422,5,173,178
WBGene00007423,1,19,20
WBGene00007424,6,79,85
WBGene00007425,10,100,110
WBGene00007426,5,38,43
WBGene00007427,10,1,11
WBGene00007428,127,1389,1516
WBGene00007429,116,1856,1972
WBGene00007430,16,206,222
WBGene00007431,6,37,43
WBGene00007432,2,2,4
WBGene00007433,220,2639,2859
WBGene00007434,5,363,368
WBGene00007435,9,345,354
WBGene00007436,8,432,440
WBGene00007437,2,15,17
WBGene00007438,3,1,4
WBGene00007439,9,25,34
WBGene00007440,21,131,152
WBGene00007441,0,0,0
WBGene00007442,14,8,22
WBGene00007443,0,5326,5326
WBGene00007444,967,892,1859
WBGene00007445,11,119,130
WBGene00007446,1,3,4
WBGene00007447,0,4,4
WBGene00007448,3,18,21
WBGene00007449,432,5867,6299
WBGene00007450,612,4372,4984
WBGene00007452,5,12,17
WBGene00007453,1,8,9
WBGene00007454,4,10,14
WBGene00007455,30,491,521
WBGene00007456,2,6,8
WBGene00007457,0,0,0
WBGene00007458,3,2,5
WBGene00007459,0,0,0
WBGene00007460,50,670,720
WBGene00007462,19,126,145
WBGene00007463,115,10933,11048
WBGene00007464,29,244,273
WBGene00007465,41,24,65
WBGene00007466,1,16,17
WBGene00007467,2,26,28
WBGene00007469,2,12,14
WBGene00007470,0,22,22
WBGene00007471,3,26,29
WBGene00007472,9,2,11
WBGene00007473,0,0,0
WBGene00007474,34,461,495
WBGene00007476,110,770,880
WBGene00007478,2,13,15
WBGene00007479,30,1079,1109
WBGene00007480,119,292,411
WBGene00007482,7,65,72
WBGene00007483,4,76,80
WBGene00007484,8,37,45
WBGene00007485,10,9,19
WBGene00007486,111,572,683
WBGene00007487,109,1281,1390
WBGene00007488,71,903,974
WBGene00007489,3,9,12
WBGene00007490,98,393,491
WBGene00007492,288,2628,2916
WBGene00007493,15,638,653
WBGene00007494,14,44,58
WBGene00007495,50,303,353
WBGene00007496,0,4,4
WBGene00007497,0,0,0
WBGene00007499,123,229,352
WBGene00007500,121,1168,1289
WBGene00007501,5,37,42
WBGene00007502,81,311,392
WBGene00007503,9,22,31
WBGene00007504,13,366,379
WBGene00007505,302,1970,2272
WBGene00007506,18,22,40
WBGene00007507,10,45,55
WBGene00007508,4,11,15
WBGene00007509,6,19,25
WBGene00007511,89,1052,1141
WBGene00007512,4,4,8
WBGene00007513,15,98,113
WBGene00007514,80,2658,2738
WBGene00007515,9,184,193
WBGene00007516,31,684,715
WBGene00007517,5,54,59
WBGene00007518,19,85,104
WBGene00007520,104,1054,1158
WBGene00007521,11,7,18
WBGene00007522,11,52,63
WBGene00007523,1,4,5
WBGene00007525,5,78,83
WBGene00007528,18,186,204
WBGene00007529,30,438,468
WBGene00007530,12,14,26
WBGene00007531,47,478,525
WBGene00007532,10,298,308
WBGene00007533,41,222,263
WBGene00007534,81,4511,4592
WBGene00007535,0,9,9
WBGene00007536,12,94,106
WBGene00007537,33,1495,1528
WBGene00007538,2,21,23
WBGene00007540,1,6,7
WBGene00007541,2,503,505
WBGene00007542,13,61,74
WBGene00007543,2,118,120
WBGene00007544,33,973,1006
WBGene00007545,65,247,312
WBGene00007546,60,297,357
WBGene00007547,99,570,669
WBGene00007548,25,287,312
WBGene00007549,25,246,271
WBGene00007550,24,40,64
WBGene00007551,54,600,654
WBGene00007552,16,195,211
WBGene00007553,6,1236,1242
WBGene00007554,47,2375,2422
WBGene00007555,8,4036,4044
WBGene00007556,48,656,704
WBGene00007557,13,177,190
WBGene00007558,10,98,108
WBGene00007559,0,1,1
WBGene00007560,6,17,23
WBGene00007561,12,553,565
WBGene00007562,80,354,434
WBGene00007563,5,39,44
WBGene00007564,8,2880,2888
WBGene00007565,5,62,67
WBGene00007567,0,0,0
WBGene00007569,1,0,1
WBGene00007570,4,0,4
WBGene00007571,0,0,0
WBGene00007572,3,3,6
WBGene00007573,20,597,617
WBGene00007574,37,887,924
WBGene00007576,57,701,758
WBGene00007577,114,506,620
WBGene00007579,71,763,834
WBGene00007580,13,91,104
WBGene00007581,40,432,472
WBGene00007583,141,1033,1174
WBGene00007584,6,21,27
WBGene00007585,30,180,210
WBGene00007586,46,2978,3024
WBGene00007587,74,2446,2520
WBGene00007588,56,2692,2748
WBGene00007589,4,253,257
WBGene00007590,171,1604,1775
WBGene00007591,93,908,1001
WBGene00007592,277,1522,1799
WBGene00007593,229,1135,1364
WBGene00007594,47,873,920
WBGene00007595,31,126,157
WBGene00007597,171,179,350
WBGene00007598,3,4,7
WBGene00007599,64,440,504
WBGene00007600,5,138,143
WBGene00007601,0,2,2
WBGene00007602,341,1013,1354
WBGene00007603,41,210,251
WBGene00007604,7,355,362
WBGene00007605,47,1071,1118
WBGene00007606,20,609,629
WBGene00007607,11,148,159
WBGene00007608,9,77,86
WBGene00007609,7,576,583
WBGene00007610,3,0,3
WBGene00007611,1,13,14
WBGene00007613,2,7,9
WBGene00007614,131,532,663
WBGene00007615,73,637,710
WBGene00007616,156,1570,1726
WBGene00007617,310,6876,7186
WBGene00007618,0,4,4
WBGene00007619,42,142,184
WBGene00007620,1467,1345,2812
WBGene00007621,248,1803,2051
WBGene00007622,56,175,231
WBGene00007623,124,1540,1664
WBGene00007624,12,434,446
WBGene00007625,103,1984,2087
WBGene00007626,80,1370,1450
WBGene00007627,25,814,839
WBGene00007628,99,1366,1465
WBGene00007629,74,191,265
WBGene00007630,23,15758,15781
WBGene00007631,35,9,44
WBGene00007632,2,12,14
WBGene00007633,98,179,277
WBGene00007634,0,42,42
WBGene00007635,270,545,815
WBGene00007636,18,16,34
WBGene00007637,131,652,783
WBGene00007638,0,0,0
WBGene00007639,9,6,15
WBGene00007640,99,394,493
WBGene00007641,1,1,2
WBGene00007642,0,3,3
WBGene00007643,8,26,34
WBGene00007644,6,50,56
WBGene00007645,320,1781,2101
WBGene00007646,405,5536,5941
WBGene00007647,340,2401,2741
WBGene00007648,2,11,13
WBGene00007649,2,0,2
WBGene00007650,28,139,167
WBGene00007651,82,596,678
WBGene00007652,58,774,832
WBGene00007653,226,3036,3262
WBGene00007655,202,1,203
WBGene00007656,1,3,4
WBGene00007657,7,7,14
WBGene00007658,4,6,10
WBGene00007659,2,0,2
WBGene00007660,1,4,5
WBGene00007661,1,2,3
WBGene00007662,4,24,28
WBGene00007663,11,18,29
WBGene00007664,181,1371,1552
WBGene00007666,96,810,906
WBGene00007668,70,845,915
WBGene00007669,23,29,52
WBGene00007670,72,187,259
WBGene00007672,6,71,77
WBGene00007673,0,0,0
WBGene00007674,0,0,0
WBGene00007675,42,232,274
WBGene00007678,2,1,3
WBGene00007679,54,1402,1456
WBGene00007680,32,89,121
WBGene00007681,453,3061,3514
WBGene00007682,1,8,9
WBGene00007683,727,6599,7326
WBGene00007684,1053,11343,12396
WBGene00007685,43,192,235
WBGene00007686,77,5796,5873
WBGene00007687,45,348,393
WBGene00007688,1,0,1
WBGene00007689,33,1179,1212
WBGene00007690,344,426,770
WBGene00007691,5,6,11
WBGene00007692,4,53,57
WBGene00007693,7,5,12
WBGene00007694,11,49,60
WBGene00007695,10,65,75
WBGene00007696,89,5161,5250
WBGene00007697,76,374,450
WBGene00007698,59,783,842
WBGene00007699,3,0,3
WBGene00007700,0,0,0
WBGene00007701,2,5,7
WBGene00007702,91,433,524
WBGene00007703,594,2119,2713
WBGene00007704,20,184,204
WBGene00007705,10,669,679
WBGene00007706,46,1541,1587
WBGene00007707,18,693,711
WBGene00007708,0,0,0
WBGene00007709,2,169,171
WBGene00007710,20,462,482
WBGene00007711,19,647,666
WBGene00007712,17,3031,3048
WBGene00007713,0,12,12
WBGene00007714,0,0,0
WBGene00007716,0,2,2
WBGene00007717,13,55,68
WBGene00007718,2,1346,1348
WBGene00007719,0,6,6
WBGene00007720,6,578,584
WBGene00007722,32,237,269
WBGene00007723,10,20,30
WBGene00007724,2,33,35
WBGene00007725,11,37,48
WBGene00007726,11,39,50
WBGene00007727,1,3,4
WBGene00007728,2,33,35
WBGene00007729,22,288,310
WBGene00007730,18,863,881
WBGene00007731,4,781,785
WBGene00007732,0,17,17
WBGene00007733,0,6,6
WBGene00007734,0,4,4
WBGene00007735,5,0,5
WBGene00007736,49,406,455
WBGene00007739,73,40,113
WBGene00007740,2,5,7
WBGene00007741,55,217,272
WBGene00007742,43,29,72
WBGene00007743,22,111,133
WBGene00007744,301,359,660
WBGene00007745,91,325,416
WBGene00007746,62,771,833
WBGene00007747,4,5,9
WBGene00007748,13,29,42
WBGene00007749,37,477,514
WBGene00007750,66,929,995
WBGene00007751,23,64,87
WBGene00007752,355,1903,2258
WBGene00007753,62,386,448
WBGene00007755,43,182,225
WBGene00007756,130,809,939
WBGene00007757,32,84,116
WBGene00007758,127,582,709
WBGene00007759,0,4,4
WBGene00007760,38,421,459
WBGene00007761,209,1397,1606
WBGene00007762,13,322,335
WBGene00007763,23,79,102
WBGene00007764,232,1055,1287
WBGene00007765,5,17,22
WBGene00007766,2,101,103
WBGene00007768,6,6,12
WBGene00007769,1,0,1
WBGene00007770,0,0,0
WBGene00007771,8,123,131
WBGene00007772,58,920,978
WBGene00007773,1,6,7
WBGene00007774,56,634,690
WBGene00007775,156,202,358
WBGene00007776,64,392,456
WBGene00007777,2,0,2
WBGene00007778,6,5,11
WBGene00007779,18,167,185
WBGene00007780,13,136,149
WBGene00007784,80,3214,3294
WBGene00007785,15,642,657
WBGene00007786,88,3897,3985
WBGene00007787,11,1552,1563
WBGene00007788,18,54,72
WBGene00007789,16,66,82
WBGene00007791,15,24,39
WBGene00007792,3,3,6
WBGene00007793,1,1,2
WBGene00007794,1,1,2
WBGene00007795,0,0,0
WBGene00007796,9,71,80
WBGene00007797,12,85,97
WBGene00007799,369,1212,1581
WBGene00007800,38,79,117
WBGene00007801,245,881,1126
WBGene00007802,19,13,32
WBGene00007804,0,4,4
WBGene00007805,0,3,3
WBGene00007806,3,8,11
WBGene00007807,37,254,291
WBGene00007808,14,21,35
WBGene00007809,13,56,69
WBGene00007810,10,76,86
WBGene00007811,36,394,430
WBGene00007812,169,1647,1816
WBGene00007813,12,3,15
WBGene00007816,178,191,369
WBGene00007817,177,368,545
WBGene00007818,36,501,537
WBGene00007819,20,300,320
WBGene00007820,145,1098,1243
WBGene00007822,7,11,18
WBGene00007823,24,18,42
WBGene00007824,1175,3652,4827
WBGene00007825,14,341,355
WBGene00007826,13,950,963
WBGene00007827,257,2896,3153
WBGene00007829,8,2,10
WBGene00007831,0,5,5
WBGene00007832,0,6,6
WBGene00007833,3,13,16
WBGene00007834,3,1,4
WBGene00007835,9,30,39
WBGene00007836,8,818,826
WBGene00007837,18,256,274
WBGene00007840,130,17,147
WBGene00007841,37,473,510
WBGene00007842,0,54,54
WBGene00007844,8,4,12
WBGene00007845,2,8,10
WBGene00007846,40,410,450
WBGene00007847,18,295,313
WBGene00007848,334,4838,5172
WBGene00007849,69,276,345
WBGene00007850,1,4,5
WBGene00007851,6,18,24
WBGene00007852,1,1,2
WBGene00007853,0,6,6
WBGene00007854,91,150,241
WBGene00007855,0,848,848
WBGene00007856,8,391,399
WBGene00007857,12,99,111
WBGene00007858,8,24,32
WBGene00007859,82,1738,1820
WBGene00007860,477,2104,2581
WBGene00007861,4,66,70
WBGene00007862,140,467,607
WBGene00007863,10,5,15
WBGene00007864,3,22,25
WBGene00007865,1,0,1
WBGene00007866,4,17,21
WBGene00007867,8,147,155
WBGene00007868,9,278,287
WBGene00007869,0,5,5
WBGene00007870,7,66,73
WBGene00007871,0,0,0
WBGene00007872,0,0,0
WBGene00007873,0,0,0
WBGene00007874,0,9,9
WBGene00007875,6,132,138
WBGene00007876,2,1,3
WBGene00007877,453,3482,3935
WBGene00007878,151,295,446
WBGene00007880,1575,9184,10759
WBGene00007881,128,2726,2854
WBGene00007882,81,2788,2869
WBGene00007883,191,4528,4719
WBGene00007885,55,311,366
WBGene00007886,143,353,496
WBGene00007887,2,2,4
WBGene00007888,23,60,83
WBGene00007890,20,131,151
WBGene00007891,8,31,39
WBGene00007892,13,1270,1283
WBGene00007893,4,3,7
WBGene00007894,1,5,6
WBGene00007895,1,0,1
WBGene00007896,18,33,51
WBGene00007897,8,41,49
WBGene00007898,8,111,119
WBGene00007900,67,865,932
WBGene00007901,7,317,324
WBGene00007903,12,66,78
WBGene00007904,23,49,72
WBGene00007905,1,4,5
WBGene00007906,23,375,398
WBGene00007907,774,1112,1886
WBGene00007908,223,538,761
WBGene00007909,130,230,360
WBGene00007910,2,13,15
WBGene00007911,12,75,87
WBGene00007912,48,737,785
WBGene00007913,117,443,560
WBGene00007914,61,712,773
WBGene00007916,12,290,302
WBGene00007917,90,713,803
WBGene00007918,40,458,498
WBGene00007919,91,503,594
WBGene00007920,0,4,4
WBGene00007921,113,1041,1154
WBGene00007922,143,706,849
WBGene00007923,135,1348,1483
WBGene00007924,269,5077,5346
WBGene00007925,38,468,506
WBGene00007926,25,51,76
WBGene00007927,331,3959,4290
WBGene00007928,7,52,59
WBGene00007929,33,294,327
WBGene00007930,1,3,4
WBGene00007931,32,378,410
WBGene00007932,113,493,606
WBGene00007933,25,267,292
WBGene00007934,51,1092,1143
WBGene00007935,65,100,165
WBGene00007937,3,12,15
WBGene00007938,3,182,185
WBGene00007939,26,142,168
WBGene00007941,30,157,187
WBGene00007942,138,1414,1552
WBGene00007943,55,845,900
WBGene00007944,143,1499,1642
WBGene00007945,16,86,102
WBGene00007946,23,123,146
WBGene00007947,71,484,555
WBGene00007948,6,4,10
WBGene00007949,4,23,27
WBGene00007950,192,1022,1214
WBGene00007951,146,519,665
WBGene00007952,88,1808,1896
WBGene00007953,71,201,272
WBGene00007954,5,5,10
WBGene00007955,72,2990,3062
WBGene00007956,62,421,483
WBGene00007957,9,72,81
WBGene00007958,156,545,701
WBGene00007959,84,469,553
WBGene00007960,0,0,0
WBGene00007961,0,0,0
WBGene00007963,4,9,13
WBGene00007964,25,417,442
WBGene00007965,16,326,342
WBGene00007966,11,189,200
WBGene00007967,20,241,261
WBGene00007969,50,2514,2564
WBGene00007970,9,108,117
WBGene00007971,131,2059,2190
WBGene00007972,108,667,775
WBGene00007973,6,30,36
WBGene00007974,75,961,1036
WBGene00007975,81,829,910
WBGene00007976,31,448,479
WBGene00007977,3,8,11
WBGene00007978,29,295,324
WBGene00007979,25,615,640
WBGene00007980,126,3528,3654
WBGene00007981,91,1662,1753
WBGene00007982,107,882,989
WBGene00007983,95,381,476
WBGene00007984,106,1524,1630
WBGene00007985,74,119,193
WBGene00007986,5,1,6
WBGene00007987,1,2,3
WBGene00007988,17,80,97
WBGene00007989,0,26,26
WBGene00007990,0,4,4
WBGene00007991,29,203,232
WBGene00007992,0,26,26
WBGene00007993,111,3555,3666
WBGene00007994,55,303,358
WBGene00007995,5,2,7
WBGene00007996,4,13,17
WBGene00007997,5135,69,5204
WBGene00007998,1,2,3
WBGene00007999,10,98,108
WBGene00008000,43,1298,1341
WBGene00008001,3,1,4
WBGene00008002,98,462,560
WBGene00008003,8,135,143
WBGene00008005,19,214,233
WBGene00008006,74,664,738
WBGene00008007,4,19,23
WBGene00008008,73,247,320
WBGene00008009,4,4,8
WBGene00008010,13,9,22
WBGene00008012,0,3,3
WBGene00008014,2,2,4
WBGene00008015,2,2,4
WBGene00008016,4,4,8
WBGene00008017,0,2,2
WBGene00008018,233,894,1127
WBGene00008019,37,914,951
WBGene00008020,8,114,122
WBGene00008021,12,218,230
WBGene00008022,65,310,375
WBGene00008023,6,119,125
WBGene00008024,0,9,9
WBGene00008025,16,456,472
WBGene00008027,23,255,278
WBGene00008028,26,148,174
WBGene00008029,0,1,1
WBGene00008030,1,11,12
WBGene00008031,5,8,13
WBGene00008032,34,1326,1360
WBGene00008033,93,423,516
WBGene00008034,168,2213,2381
WBGene00008035,32,925,957
WBGene00008036,2,1,3
WBGene00008037,0,8,8
WBGene00008038,7,3,10
WBGene00008039,18,295,313
WBGene00008040,306,3129,3435
WBGene00008041,225,3353,3578
WBGene00008042,9,51,60
WBGene00008043,45,243,288
WBGene00008044,5,6,11
WBGene00008045,47,315,362
WBGene00008047,17,96,113
WBGene00008049,4,9,13
WBGene00008050,22,525,547
WBGene00008051,87,494,581
WBGene00008052,41,495,536
WBGene00008053,68,2084,2152
WBGene00008054,17,11,28
WBGene00008056,5,3,8
WBGene00008057,4,10,14
WBGene00008058,0,3,3
WBGene00008059,0,0,0
WBGene00008060,0,0,0
WBGene00008061,6,73,79
WBGene00008062,7,102,109
WBGene00008063,5,21,26
WBGene00008064,519,97,616
WBGene00008065,48,340,388
WBGene00008066,4,49,53
WBGene00008067,1,1,2
WBGene00008068,2,0,2
WBGene00008069,0,0,0
WBGene00008070,0,14,14
WBGene00008071,8,16,24
WBGene00008072,7,20,27
WBGene00008073,0,166,166
WBGene00008074,5,5,10
WBGene00008075,62,171,233
WBGene00008076,32,363,395
WBGene00008077,7,34,41
WBGene00008078,47,380,427
WBGene00008079,2,10,12
WBGene00008080,2,24,26
WBGene00008081,131,648,779
WBGene00008082,28,181,209
WBGene00008084,0,11,11
WBGene00008085,18,330,348
WBGene00008086,1,15,16
WBGene00008087,6,0,6
WBGene00008088,0,5,5
WBGene00008089,172,946,1118
WBGene00008090,0,0,0
WBGene00008091,9,47,56
WBGene00008092,0,11,11
WBGene00008093,15,9,24
WBGene00008094,270,420,690
WBGene00008095,13,77,90
WBGene00008096,11,309,320
WBGene00008097,4,9,13
WBGene00008099,5,26,31
WBGene00008100,62,388,450
WBGene00008101,8,86,94
WBGene00008102,4,29,33
WBGene00008105,4,7,11
WBGene00008106,4,31,35
WBGene00008107,20,772,792
WBGene00008110,359,3983,4342
WBGene00008111,8,54,62
WBGene00008113,9,8,17
WBGene00008114,17,160,177
WBGene00008116,23,60,83
WBGene00008117,24,2337,2361
WBGene00008118,149,531,680
WBGene00008119,410,1420,1830
WBGene00008120,315,1094,1409
WBGene00008121,83,1823,1906
WBGene00008122,0,2,2
WBGene00008123,23,139,162
WBGene00008124,3,6,9
WBGene00008125,0,1,1
WBGene00008126,9,2,11
WBGene00008127,37,72,109
WBGene00008128,20,159,179
WBGene00008129,9,9,18
WBGene00008130,8,73,81
WBGene00008131,58,925,983
WBGene00008132,117,843,960
WBGene00008133,142,291,433
WBGene00008134,75,752,827
WBGene00008136,58,859,917
WBGene00008137,2,19,21
WBGene00008138,0,8,8
WBGene00008139,9,79,88
WBGene00008140,388,271,659
WBGene00008141,5,7,12
WBGene00008142,53,393,446
WBGene00008143,83,1102,1185
WBGene00008144,36,289,325
WBGene00008145,62,229,291
WBGene00008146,8,14,22
WBGene00008147,164,1636,1800
WBGene00008148,25,321,346
WBGene00008149,249,12455,12704
WBGene00008150,13,22,35
WBGene00008151,146,3496,3642
WBGene00008152,28,429,457
WBGene00008153,11,9,20
WBGene00008154,0,3,3
WBGene00008155,16,32,48
WBGene00008156,2,1,3
WBGene00008157,1,1,2
WBGene00008158,3,0,3
WBGene00008159,0,0,0
WBGene00008160,6,5,11
WBGene00008161,3,0,3
WBGene00008162,1,0,1
WBGene00008163,0,1,1
WBGene00008164,33,1536,1569
WBGene00008165,25,732,757
WBGene00008166,27,703,730
WBGene00008167,46,236,282
WBGene00008168,39,570,609
WBGene00008169,8,109,117
WBGene00008170,12,188,200
WBGene00008171,7,61,68
WBGene00008172,1,80,81
WBGene00008173,7,302,309
WBGene00008174,15,115,130
WBGene00008175,2,8,10
WBGene00008176,5,29,34
WBGene00008177,39,334,373
WBGene00008178,150,32,182
WBGene00008180,11,30,41
WBGene00008183,966,1198,2164
WBGene00008184,3,25,28
WBGene00008185,24,7,31
WBGene00008186,8,3,11
WBGene00008187,47,10,57
WBGene00008188,2,3,5
WBGene00008190,23,14,37
WBGene00008191,214,7179,7393
WBGene00008194,56,369,425
WBGene00008195,89,489,578
WBGene00008196,53,535,588
WBGene00008197,31,302,333
WBGene00008198,22,809,831
WBGene00008199,21,168,189
WBGene00008200,5,29,34
WBGene00008201,0,1,1
WBGene00008202,2,8,10
WBGene00008203,73,397,470
WBGene00008204,20,280,300
WBGene00008205,585,28383,28968
WBGene00008206,94,588,682
WBGene00008207,0,11,11
WBGene00008208,16,74,90
WBGene00008209,0,11,11
WBGene00008210,0,21,21
WBGene00008211,0,122,122
WBGene00008212,15,136,151
WBGene00008213,188,32,220
WBGene00008214,91,547,638
WBGene00008215,12,1272,1284
WBGene00008216,8,77,85
WBGene00008217,0,4,4
WBGene00008218,17,1242,1259
WBGene00008219,19,543,562
WBGene00008220,4,166,170
WBGene00008221,38,460,498
WBGene00008222,10,79,89
WBGene00008223,7,5,12
WBGene00008224,104,1655,1759
WBGene00008225,30,845,875
WBGene00008226,63,528,591
WBGene00008227,82,419,501
WBGene00008228,12,311,323
WBGene00008229,55,888,943
WBGene00008230,28,82,110
WBGene00008231,1,14,15
WBGene00008232,9,268,277
WBGene00008233,3,351,354
WBGene00008234,4,75,79
WBGene00008235,5,56,61
WBGene00008236,73,187,260
WBGene00008237,118,940,1058
WBGene00008238,55,555,610
WBGene00008239,14,82,96
WBGene00008240,5,8,13
WBGene00008241,2,1,3
WBGene00008242,3,21,24
WBGene00008243,2,2,4
WBGene00008244,0,2,2
WBGene00008245,0,13,13
WBGene00008246,2,11,13
WBGene00008247,1,3,4
WBGene00008248,7,49,56
WBGene00008249,14,29,43
WBGene00008250,7,21,28
WBGene00008251,10,51,61
WBGene00008252,20,139,159
WBGene00008254,213,3779,3992
WBGene00008255,52,461,513
WBGene00008256,90,314,404
WBGene00008257,5,179,184
WBGene00008258,39,836,875
WBGene00008259,0,5,5
WBGene00008260,22,120,142
WBGene00008261,13,19,32
WBGene00008262,1030,39222,40252
WBGene00008263,148,113,261
WBGene00008265,218,395,613
WBGene00008266,50,552,602
WBGene00008267,8,100,108
WBGene00008268,2,0,2
WBGene00008269,3,99,102
WBGene00008270,110,239,349
WBGene00008271,10,8,18
WBGene00008272,50,50,100
WBGene00008273,45,391,436
WBGene00008274,323,2186,2509
WBGene00008275,50,373,423
WBGene00008277,35,10,45
WBGene00008278,93,229,322
WBGene00008279,51,4,55
WBGene00008280,112,269,381
WBGene00008281,29,424,453
WBGene00008283,56,490,546
WBGene00008284,103,674,777
WBGene00008285,18,5,23
WBGene00008286,5,23,28
WBGene00008287,99,780,879
WBGene00008288,68,777,845
WBGene00008289,1,2,3
WBGene00008290,8,0,8
WBGene00008291,3,2,5
WBGene00008292,19,202,221
WBGene00008293,1,0,1
WBGene00008294,2,8,10
WBGene00008295,0,0,0
WBGene00008296,62,421,483
WBGene00008297,2,4,6
WBGene00008298,855,9953,10808
WBGene00008299,2,14,16
WBGene00008300,20,379,399
WBGene00008301,16,14,30
WBGene00008302,3,12,15
WBGene00008303,13,57,70
WBGene00008304,10,62,72
WBGene00008306,18,17,35
WBGene00008307,208,418,626
WBGene00008308,12,7,19
WBGene00008309,11,76,87
WBGene00008310,56,699,755
WBGene00008311,104,1276,1380
WBGene00008312,3,1,4
WBGene00008313,3,13,16
WBGene00008314,60,124,184
WBGene00008315,274,1420,1694
WBGene00008316,52,334,386
WBGene00008317,54,442,496
WBGene00008318,9,333,342
WBGene00008319,0,1,1
WBGene00008320,28,111,139
WBGene00008321,2,0,2
WBGene00008322,1,5,6
WBGene00008323,8,244,252
WBGene00008324,0,19,19
WBGene00008325,0,17,17
WBGene00008326,0,0,0
WBGene00008327,0,2,2
WBGene00008328,11,1,12
WBGene00008329,4,0,4
WBGene00008330,17,821,838
WBGene00008331,211,1817,2028
WBGene00008332,38,303,341
WBGene00008333,19,252,271
WBGene00008334,81,541,622
WBGene00008335,29,488,517
WBGene00008336,6,73,79
WBGene00008338,221,2004,2225
WBGene00008339,43,661,704
WBGene00008340,5,5,10
WBGene00008341,17,295,312
WBGene00008342,105,342,447
WBGene00008343,11,317,328
WBGene00008344,121,929,1050
WBGene00008345,67,1294,1361
WBGene00008346,9,33,42
WBGene00008348,115,338,453
WBGene00008352,6,39,45
WBGene00008353,5,459,464
WBGene00008354,30,420,450
WBGene00008355,10,41,51
WBGene00008356,42,31097,31139
WBGene00008357,15,4783,4798
WBGene00008358,39,5179,5218
WBGene00008359,69,10395,10464
WBGene00008360,6,5100,5106
WBGene00008361,36,350,386
WBGene00008362,66,351,417
WBGene00008363,8,246,254
WBGene00008364,19,415,434
WBGene00008365,9,27,36
WBGene00008366,271,938,1209
WBGene00008367,1,0,1
WBGene00008368,98,406,504
WBGene00008369,72,256,328
WBGene00008370,160,920,1080
WBGene00008371,110,766,876
WBGene00008372,14,44,58
WBGene00008375,9,802,811
WBGene00008376,36,190,226
WBGene00008377,0,1,1
WBGene00008378,0,4,4
WBGene00008379,12,188,200
WBGene00008380,58,918,976
WBGene00008381,12,6,18
WBGene00008382,43,298,341
WBGene00008383,3,13,16
WBGene00008384,14,63,77
WBGene00008385,22,243,265
WBGene00008386,277,3000,3277
WBGene00008387,13,84,97
WBGene00008388,50,107,157
WBGene00008389,77,877,954
WBGene00008390,91,471,562
WBGene00008392,945,5868,6813
WBGene00008393,1,12,13
WBGene00008394,4,6,10
WBGene00008395,460,4348,4808
WBGene00008396,0,25,25
WBGene00008397,0,0,0
WBGene00008398,317,2711,3028
WBGene00008399,43,213,256
WBGene00008400,112,895,1007
WBGene00008401,26,99,125
WBGene00008402,50,671,721
WBGene00008403,14,81,95
WBGene00008404,24,1088,1112
WBGene00008405,43,1414,1457
WBGene00008407,455,1480,1935
WBGene00008408,37,859,896
WBGene00008409,70,2362,2432
WBGene00008410,50,836,886
WBGene00008411,83,912,995
WBGene00008412,57,679,736
WBGene00008413,32,771,803
WBGene00008414,324,9401,9725
WBGene00008415,177,5558,5735
WBGene00008417,30,261,291
WBGene00008418,31,188,219
WBGene00008419,356,2122,2478
WBGene00008420,118,1073,1191
WBGene00008421,60,222,282
WBGene00008422,43,1110,1153
WBGene00008423,6,295,301
WBGene00008424,12,158,170
WBGene00008425,2,34,36
WBGene00008426,132,784,916
WBGene00008427,5,37,42
WBGene00008428,29,896,925
WBGene00008429,80,787,867
WBGene00008430,237,1605,1842
WBGene00008431,118,415,533
WBGene00008432,110,866,976
WBGene00008433,0,1,1
WBGene00008434,44,1362,1406
WBGene00008435,51,177,228
WBGene00008436,174,1824,1998
WBGene00008438,940,2995,3935
WBGene00008439,144,633,777
WBGene00008440,6,138,144
WBGene00008441,174,508,682
WBGene00008442,150,646,796
WBGene00008443,1935,1170,3105
WBGene00008444,401,782,1183
WBGene00008446,642,3714,4356
WBGene00008447,26,321,347
WBGene00008448,4,24,28
WBGene00008449,15,272,287
WBGene00008450,21,1272,1293
WBGene00008451,8,60,68
WBGene00008452,133,2568,2701
WBGene00008453,220,1998,2218
WBGene00008454,26,904,930
WBGene00008455,132,1619,1751
WBGene00008456,15,427,442
WBGene00008457,59,247,306
WBGene00008458,104,903,1007
WBGene00008459,116,1103,1219
WBGene00008460,82,68,150
WBGene00008462,16,65,81
WBGene00008463,11,33,44
WBGene00008464,0,3,3
WBGene00008468,15,24,39
WBGene00008470,0,2,2
WBGene00008471,1,3,4
WBGene00008472,8,6,14
WBGene00008473,2,2,4
WBGene00008474,0,3,3
WBGene00008475,3,24,27
WBGene00008476,29,136,165
WBGene00008477,1,120,121
WBGene00008478,0,3,3
WBGene00008479,1,0,1
WBGene00008480,142,4001,4143
WBGene00008481,30,175,205
WBGene00008482,5,12,17
WBGene00008483,7,44,51
WBGene00008484,41,3001,3042
WBGene00008485,3,6,9
WBGene00008486,11,370,381
WBGene00008488,50,346,396
WBGene00008489,15,30,45
WBGene00008490,19,201,220
WBGene00008491,125,169,294
WBGene00008492,7,134,141
WBGene00008493,2,10,12
WBGene00008494,7,53,60
WBGene00008495,17,231,248
WBGene00008496,8,74,82
WBGene00008497,3,2,5
WBGene00008498,26,63,89
WBGene00008499,42,113,155
WBGene00008500,75,93,168
WBGene00008502,132,1171,1303
WBGene00008503,13,164,177
WBGene00008504,11,807,818
WBGene00008505,1117,35319,36436
WBGene00008506,65,4411,4476
WBGene00008507,1,3,4
WBGene00008508,3,2,5
WBGene00008509,2,248,250
WBGene00008510,279,2349,2628
WBGene00008511,12,71,83
WBGene00008512,10,53,63
WBGene00008513,112,344,456
WBGene00008514,284,4160,4444
WBGene00008515,68,319,387
WBGene00008516,7,165,172
WBGene00008517,13,104,117
WBGene00008518,18,73,91
WBGene00008519,72,195,267
WBGene00008520,87,71,158
WBGene00008521,108,1541,1649
WBGene00008522,6,1062,1068
WBGene00008523,1,0,1
WBGene00008524,8,4,12
WBGene00008526,3,2,5
WBGene00008527,7,4,11
WBGene00008528,141,1016,1157
WBGene00008529,9,52,61
WBGene00008530,163,2477,2640
WBGene00008531,77,622,699
WBGene00008532,139,2058,2197
WBGene00008533,168,612,780
WBGene00008535,2,7,9
WBGene00008536,0,5,5
WBGene00008538,361,2650,3011
WBGene00008539,5,9,14
WBGene00008540,6,5,11
WBGene00008541,3,7,10
WBGene00008542,54,103,157
WBGene00008543,76,552,628
WBGene00008545,22,27,49
WBGene00008546,86,714,800
WBGene00008547,89,1029,1118
WBGene00008548,59,213,272
WBGene00008549,535,6954,7489
WBGene00008550,9,22,31
WBGene00008551,4,25,29
WBGene00008552,0,1,1
WBGene00008553,3,141,144
WBGene00008554,281,5223,5504
WBGene00008555,890,1704,2594
WBGene00008556,12,32,44
WBGene00008557,168,289,457
WBGene00008558,8,94,102
WBGene00008559,15,77,92
WBGene00008560,11,48,59
WBGene00008561,12,38,50
WBGene00008563,3,895,898
WBGene00008564,41,355,396
WBGene00008565,48,485,533
WBGene00008566,5,17,22
WBGene00008567,4,130,134
WBGene00008568,12,32,44
WBGene00008569,5,174,179
WBGene00008570,570,1183,1753
WBGene00008571,151,363,514
WBGene00008572,600,10625,11225
WBGene00008574,0,5,5
WBGene00008575,23,210,233
WBGene00008576,0,781,781
WBGene00008577,0,4730,4730
WBGene00008578,50,328,378
WBGene00008579,310,525,835
WBGene00008580,3,54,57
WBGene00008581,2,1,3
WBGene00008582,147,3299,3446
WBGene00008583,103,318,421
WBGene00008584,83,702,785
WBGene00008585,70,491,561
WBGene00008586,135,2012,2147
WBGene00008587,20,206,226
WBGene00008588,15,145,160
WBGene00008589,227,975,1202
WBGene00008590,0,2,2
WBGene00008591,12,175,187
WBGene00008592,8,212,220
WBGene00008593,3,2,5
WBGene00008594,17,45,62
WBGene00008595,4,30,34
WBGene00008596,4,12,16
WBGene00008597,9,3,12
WBGene00008598,6,47,53
WBGene00008599,9,47,56
WBGene00008600,171,60,231
WBGene00008601,1259,2408,3667
WBGene00008602,50,404,454
WBGene00008603,488,5503,5991
WBGene00008604,154,921,1075
WBGene00008605,95,181,276
WBGene00008606,45,507,552
WBGene00008607,141,1016,1157
WBGene00008609,8,13,21
WBGene00008610,164,3367,3531
WBGene00008611,1,6,7
WBGene00008612,37,4,41
WBGene00008613,9,61,70
WBGene00008615,0,20,20
WBGene00008616,1,46,47
WBGene00008617,2,8,10
WBGene00008618,1,3,4
WBGene00008619,1,0,1
WBGene00008620,0,0,0
WBGene00008621,35,83,118
WBGene00008622,151,1918,2069
WBGene00008623,120,12,132
WBGene00008624,161,1483,1644
WBGene00008625,14,102,116
WBGene00008626,45,400,445
WBGene00008627,3,7,10
WBGene00008628,94,5632,5726
WBGene00008629,18,195,213
WBGene00008630,4,34,38
WBGene00008631,0,0,0
WBGene00008632,3,11,14
WBGene00008633,0,17,17
WBGene00008634,2,74,76
WBGene00008636,1,12,13
WBGene00008637,1,1,2
WBGene00008638,3,2,5
WBGene00008639,48,394,442
WBGene00008640,4,63,67
WBGene00008641,16,250,266
WBGene00008642,8,725,733
WBGene00008643,4,85,89
WBGene00008644,16,65,81
WBGene00008645,30,627,657
WBGene00008646,29,448,477
WBGene00008647,4,60,64
WBGene00008648,69,623,692
WBGene00008649,10,9,19
WBGene00008650,3,9,12
WBGene00008651,2,4,6
WBGene00008652,5,94,99
WBGene00008654,73,75,148
WBGene00008655,15,48,63
WBGene00008656,21,291,312
WBGene00008659,2,6,8
WBGene00008660,4,5,9
WBGene00008661,5,1,6
WBGene00008662,54,248,302
WBGene00008663,28,560,588
WBGene00008664,13,1453,1466
WBGene00008665,5290,615,5905
WBGene00008666,116,753,869
WBGene00008667,91,322,413
WBGene00008668,26,8,34
WBGene00008669,45,331,376
WBGene00008670,164,919,1083
WBGene00008671,0,23,23
WBGene00008672,0,1,1
WBGene00008673,3,2,5
WBGene00008674,0,3,3
WBGene00008675,0,0,0
WBGene00008676,1,2,3
WBGene00008677,2,14,16
WBGene00008678,1,23,24
WBGene00008679,2,9,11
WBGene00008680,0,13,13
WBGene00008681,35,264,299
WBGene00008682,71,1683,1754
WBGene00008683,114,1134,1248
WBGene00008684,17,436,453
WBGene00008685,77,669,746
WBGene00008686,73,426,499
WBGene00008687,17,522,539
WBGene00008688,304,2572,2876
WBGene00008690,272,1177,1449
WBGene00008691,36,476,512
WBGene00008692,25,106,131
WBGene00008693,4,56,60
WBGene00008694,958,4850,5808
WBGene00008695,24,62,86
WBGene00008696,0,2,2
WBGene00008698,5,0,5
WBGene00008699,2,0,2
WBGene00008700,3,1,4
WBGene00008701,1,3,4
WBGene00008702,0,0,0
WBGene00008703,0,0,0
WBGene00008706,1731,5298,7029
WBGene00008707,11,1446,1457
WBGene00008708,6,24,30
WBGene00008709,10,34,44
WBGene00008710,14,797,811
WBGene00008711,63,159,222
WBGene00008712,16,78,94
WBGene00008713,38,196,234
WBGene00008714,26,62,88
WBGene00008716,1,0,1
WBGene00008717,2,0,2
WBGene00008719,8,34,42
WBGene00008720,97,2019,2116
WBGene00008722,37,592,629
WBGene00008724,1,14,15
WBGene00008725,0,0,0
WBGene00008726,59,470,529
WBGene00008727,11,9,20
WBGene00008728,3,20,23
WBGene00008729,154,2885,3039
WBGene00008730,11,28,39
WBGene00008731,21,54,75
WBGene00008732,8,45,53
WBGene00008733,31,426,457
WBGene00008734,6,8,14
WBGene00008735,406,1185,1591
WBGene00008736,25,174,199
WBGene00008737,7,75,82
WBGene00008739,11,25,36
WBGene00008740,7,260,267
WBGene00008741,109,898,1007
WBGene00008742,32,367,399
WBGene00008743,6,68,74
WBGene00008744,115,1434,1549
WBGene00008745,71,3982,4053
WBGene00008746,214,289,503
WBGene00008747,10,92,102
WBGene00008748,36,848,884
WBGene00008749,27,574,601
WBGene00008750,283,563,846
WBGene00008751,0,0,0
WBGene00008752,0,0,0
WBGene00008753,3,3,6
WBGene00008754,4,20,24
WBGene00008755,2,70,72
WBGene00008757,0,42,42
WBGene00008758,1,3,4
WBGene00008759,2,11,13
WBGene00008760,11,862,873
WBGene00008761,82,1248,1330
WBGene00008762,3,514,517
WBGene00008763,27,113,140
WBGene00008764,30,1637,1667
WBGene00008765,79,4278,4357
WBGene00008766,87,568,655
WBGene00008767,27,951,978
WBGene00008768,738,5212,5950
WBGene00008769,38,1667,1705
WBGene00008770,59,984,1043
WBGene00008772,2,1,3
WBGene00008773,30,302,332
WBGene00008774,22,276,298
WBGene00008775,81,823,904
WBGene00008776,33,159,192
WBGene00008777,126,2711,2837
WBGene00008778,1,6,7
WBGene00008779,110,158,268
WBGene00008780,179,1256,1435
WBGene00008781,143,1906,2049
WBGene00008782,1,5,6
WBGene00008783,154,1040,1194
WBGene00008784,0,4,4
WBGene00008785,1,5,6
WBGene00008786,1,0,1
WBGene00008787,10,37,47
WBGene00008788,1,1,2
WBGene00008789,3,12,15
WBGene00008790,1,4,5
WBGene00008792,0,18,18
WBGene00008793,23,63,86
WBGene00008794,2,17,19
WBGene00008795,15,95,110
WBGene00008796,0,3,3
WBGene00008797,0,14,14
WBGene00008798,4,131,135
WBGene00008799,8,33,41
WBGene00008800,116,2344,2460
WBGene00008801,8,8,16
WBGene00008802,20,62,82
WBGene00008803,299,1904,2203
WBGene00008804,33,109,142
WBGene00008805,80,733,813
WBGene00008806,12,329,341
WBGene00008807,10,64,74
WBGene00008808,32,43,75
WBGene00008809,10,5,15
WBGene00008810,200,868,1068
WBGene00008811,1,2,3
WBGene00008812,3,7,10
WBGene00008814,2,2,4
WBGene00008815,6,3,9
WBGene00008816,0,0,0
WBGene00008817,0,0,0
WBGene00008818,4,9,13
WBGene00008819,493,1190,1683
WBGene00008820,45,4052,4097
WBGene00008821,6,10,16
WBGene00008822,2,0,2
WBGene00008823,0,2,2
WBGene00008824,2,0,2
WBGene00008825,1,0,1
WBGene00008826,2,6,8
WBGene00008828,0,1,1
WBGene00008829,6,4,10
WBGene00008830,0,17,17
WBGene00008831,11,32,43
WBGene00008832,52,767,819
WBGene00008833,4,838,842
WBGene00008834,11,928,939
WBGene00008835,13,198,211
WBGene00008837,1,2,3
WBGene00008838,11,19,30
WBGene00008839,1,5,6
WBGene00008840,8,137,145
WBGene00008841,1283,9515,10798
WBGene00008843,0,1,1
WBGene00008844,3,10,13
WBGene00008847,1,2,3
WBGene00008848,7,247,254
WBGene00008849,47,14,61
WBGene00008850,1,10,11
WBGene00008851,41,282,323
WBGene00008852,1280,3659,4939
WBGene00008853,1,0,1
WBGene00008854,10,2,12
WBGene00008855,4,2,6
WBGene00008856,357,1372,1729
WBGene00008857,23,9059,9082
WBGene00008858,6,14,20
WBGene00008859,0,320,320
WBGene00008860,971,7900,8871
WBGene00008861,17,549,566
WBGene00008862,16,72,88
WBGene00008863,2,9,11
WBGene00008865,80,1810,1890
WBGene00008866,15,16,31
WBGene00008868,178,278,456
WBGene00008869,17,124,141
WBGene00008870,2,6,8
WBGene00008871,0,2,2
WBGene00008872,4,1,5
WBGene00008874,7,18,25
WBGene00008875,0,46,46
WBGene00008876,124,476,600
WBGene00008877,93,589,682
WBGene00008878,1352,2483,3835
WBGene00008879,72,136,208
WBGene00008880,42,322,364
WBGene00008881,5,19,24
WBGene00008882,113,1031,1144
WBGene00008883,12,63,75
WBGene00008884,10,27,37
WBGene00008885,50,543,593
WBGene00008886,16,41,57
WBGene00008887,41,593,634
WBGene00008889,4,6,10
WBGene00008890,37,157,194
WBGene00008891,1,112,113
WBGene00008892,9,18,27
WBGene00008893,11,1,12
WBGene00008894,17,24,41
WBGene00008897,9,15,24
WBGene00008898,1,0,1
WBGene00008899,6,1,7
WBGene00008900,5,79,84
WBGene00008901,1223,15,1238
WBGene00008902,6,6,12
WBGene00008903,8,9,17
WBGene00008904,0,13,13
WBGene00008905,6,37,43
WBGene00008906,1,6,7
WBGene00008907,0,1,1
WBGene00008908,4,5,9
WBGene00008909,0,1,1
WBGene00008910,114,1544,1658
WBGene00008911,1,0,1
WBGene00008912,4,51,55
WBGene00008914,223,9257,9480
WBGene00008915,125,4229,4354
WBGene00008916,98,70,168
WBGene00008917,33,21,54
WBGene00008918,10,439,449
WBGene00008919,196,2320,2516
WBGene00008920,14578,119070,133648
WBGene00008921,106,827,933
WBGene00008922,405,7388,7793
WBGene00008923,95,224,319
WBGene00008924,85,464,549
WBGene00008925,127,2429,2556
WBGene00008926,48,398,446
WBGene00008927,215,1036,1251
WBGene00008928,8,1,9
WBGene00008929,43,527,570
WBGene00008930,387,2477,2864
WBGene00008932,314,820,1134
WBGene00008934,237,1509,1746
WBGene00008935,2,10,12
WBGene00008936,19,77,96
WBGene00008937,2,7,9
WBGene00008939,145,809,954
WBGene00008940,89,702,791
WBGene00008944,56,400,456
WBGene00008945,2,19,21
WBGene00008946,6,0,6
WBGene00008947,5,6,11
WBGene00008948,93,2170,2263
WBGene00008949,2,11,13
WBGene00008950,2,2,4
WBGene00008951,179,1108,1287
WBGene00008952,57,287,344
WBGene00008953,88,304,392
WBGene00008954,15,27,42
WBGene00008955,10,38,48
WBGene00008956,82,237,319
WBGene00008957,78,1200,1278
WBGene00008958,0,6,6
WBGene00008959,0,2,2
WBGene00008960,3,0,3
WBGene00008961,21,850,871
WBGene00008963,88,1884,1972
WBGene00008964,432,797,1229
WBGene00008965,62,39,101
WBGene00008967,0,380,380
WBGene00008968,6,78,84
WBGene00008969,61,361,422
WBGene00008970,19,227,246
WBGene00008971,33,775,808
WBGene00008972,1,2,3
WBGene00008973,25,1955,1980
WBGene00008974,117,648,765
WBGene00008975,40,1292,1332
WBGene00008976,2,46,48
WBGene00008977,35,141,176
WBGene00008978,29,319,348
WBGene00008979,35,742,777
WBGene00008980,75,1386,1461
WBGene00008981,2,0,2
WBGene00008982,0,2,2
WBGene00008983,0,0,0
WBGene00008984,3,1,4
WBGene00008985,14,80,94
WBGene00008986,120,843,963
WBGene00008987,96,629,725
WBGene00008988,14,58,72
WBGene00008989,52,213,265
WBGene00008990,103,1502,1605
WBGene00008991,26,28,54
WBGene00008992,0,77,77
WBGene00008993,35,195,230
WBGene00008994,4,30,34
WBGene00008995,65,132,197
WBGene00008996,49,284,333
WBGene00008997,159,373,532
WBGene00008998,254,1632,1886
WBGene00008999,507,3484,3991
WBGene00009000,20,59,79
WBGene00009001,4,5,9
WBGene00009002,140,1693,1833
WBGene00009004,331,7914,8245
WBGene00009005,6,3,9
WBGene00009006,12,309,321
WBGene00009007,34,840,874
WBGene00009008,59,416,475
WBGene00009009,8,204,212
WBGene00009010,50,629,679
WBGene00009011,32,885,917
WBGene00009012,106,2773,2879
WBGene00009013,90,2377,2467
WBGene00009014,13,100,113
WBGene00009015,9,21,30
WBGene00009016,11,4,15
WBGene00009017,0,0,0
WBGene00009018,21,140,161
WBGene00009021,0,0,0
WBGene00009022,9,24,33
WBGene00009023,27,197,224
WBGene00009024,5,9,14
WBGene00009025,56,406,462
WBGene00009026,5,142,147
WBGene00009027,96,469,565
WBGene00009028,17,9,26
WBGene00009029,1,27,28
WBGene00009030,35,227,262
WBGene00009031,0,31,31
WBGene00009032,0,3,3
WBGene00009033,1,4,5
WBGene00009035,9,48,57
WBGene00009036,0,0,0
WBGene00009038,38,0,38
WBGene00009039,9,23,32
WBGene00009041,7,66,73
WBGene00009042,17,439,456
WBGene00009043,2,2,4
WBGene00009044,1,2,3
WBGene00009045,18,1429,1447
WBGene00009046,2,3,5
WBGene00009048,12,1577,1589
WBGene00009049,102,2159,2261
WBGene00009050,324,8718,9042
WBGene00009051,527,7780,8307
WBGene00009052,91,1627,1718
WBGene00009054,50,293,343
WBGene00009056,408,3655,4063
WBGene00009057,71,392,463
WBGene00009058,88,2963,3051
WBGene00009059,32,335,367
WBGene00009060,154,233,387
WBGene00009061,6,8,14
WBGene00009063,0,2,2
WBGene00009064,41,437,478
WBGene00009065,295,1184,1479
WBGene00009067,0,7,7
WBGene00009068,48,331,379
WBGene00009069,0,1797,1797
WBGene00009070,1564,46,1610
WBGene00009073,20,36,56
WBGene00009075,5,5,10
WBGene00009077,1,4,5
WBGene00009078,777,2944,3721
WBGene00009079,1,4,5
WBGene00009081,31,501,532
WBGene00009082,136,6590,6726
WBGene00009084,119,2976,3095
WBGene00009085,4,17,21
WBGene00009086,4,13,17
WBGene00009087,5,321,326
WBGene00009088,0,0,0
WBGene00009089,24,245,269
WBGene00009090,21,507,528
WBGene00009091,140,3446,3586
WBGene00009092,182,7596,7778
WBGene00009093,60,347,407
WBGene00009094,73,495,568
WBGene00009095,108,464,572
WBGene00009096,245,17160,17405
WBGene00009097,118,13075,13193
WBGene00009098,560,1903,2463
WBGene00009099,21,32,53
WBGene00009100,109,842,951
WBGene00009101,9,60,69
WBGene00009102,2,138,140
WBGene00009103,121,2687,2808
WBGene00009106,59,520,579
WBGene00009107,134,291,425
WBGene00009108,16,45,61
WBGene00009109,86,302,388
WBGene00009110,6,538,544
WBGene00009112,31,939,970
WBGene00009113,4,47,51
WBGene00009114,3,1,4
WBGene00009115,25,8,33
WBGene00009116,48,1025,1073
WBGene00009117,13,20,33
WBGene00009118,60,1717,1777
WBGene00009119,991,168939,169930
WBGene00009120,131,1207,1338
WBGene00009121,13,284,297
WBGene00009122,214,47695,47909
WBGene00009123,72,365,437
WBGene00009124,100,380,480
WBGene00009125,83,242,325
WBGene00009126,354,7695,8049
WBGene00009127,69,831,900
WBGene00009128,0,1062,1062
WBGene00009129,7,7,14
WBGene00009130,12,1091,1103
WBGene00009131,94,809,903
WBGene00009132,47,1478,1525
WBGene00009133,45,723,768
WBGene00009134,4,8,12
WBGene00009135,10,125,135
WBGene00009136,9,25,34
WBGene00009137,15,401,416
WBGene00009138,20,793,813
WBGene00009139,87,990,1077
WBGene00009140,74,578,652
WBGene00009141,770,3474,4244
WBGene00009142,37,2934,2971
WBGene00009143,9,19,28
WBGene00009144,7,48,55
WBGene00009145,117,659,776
WBGene00009146,25,180,205
WBGene00009147,23,5,28
WBGene00009148,12,32,44
WBGene00009149,2,11,13
WBGene00009150,0,0,0
WBGene00009151,0,0,0
WBGene00009152,0,0,0
WBGene00009153,2,56,58
WBGene00009154,0,2,2
WBGene00009155,58,179,237
WBGene00009156,46,118,164
WBGene00009157,61,386,447
WBGene00009158,330,2323,2653
WBGene00009159,33,827,860
WBGene00009160,15,2,17
WBGene00009161,1106,34378,35484
WBGene00009162,55,156,211
WBGene00009163,56,268,324
WBGene00009164,57,1210,1267
WBGene00009165,8,661,669
WBGene00009166,19,63,82
WBGene00009167,0,0,0
WBGene00009168,2,31,33
WBGene00009169,8,39,47
WBGene00009170,0,19,19
WBGene00009171,5,3,8
WBGene00009172,114,348,462
WBGene00009173,5,31,36
WBGene00009174,160,1158,1318
WBGene00009176,7,470,477
WBGene00009177,30,306,336
WBGene00009178,22,22,44
WBGene00009179,130,649,779
WBGene00009180,1384,16108,17492
WBGene00009182,31,41,72
WBGene00009183,14,91,105
WBGene00009184,2,16,18
WBGene00009185,5,8,13
WBGene00009186,1,6,7
WBGene00009187,872,5570,6442
WBGene00009188,50,1995,2045
WBGene00009189,608,7299,7907
WBGene00009190,163,586,749
WBGene00009191,4,632,636
WBGene00009192,40,112,152
WBGene00009193,11,8,19
WBGene00009194,35,52,87
WBGene00009195,0,1,1
WBGene00009196,6,4,10
WBGene00009197,1,2,3
WBGene00009198,1,0,1
WBGene00009199,0,1,1
WBGene00009200,113,1477,1590
WBGene00009201,75,1180,1255
WBGene00009202,2,63,65
WBGene00009203,3,80,83
WBGene00009204,46,153,199
WBGene00009205,20,160,180
WBGene00009207,44,1176,1220
WBGene00009208,9,26,35
WBGene00009209,0,6,6
WBGene00009211,20,2671,2691
WBGene00009212,4,38,42
WBGene00009213,0,23,23
WBGene00009214,2,5,7
WBGene00009215,0,26,26
WBGene00009216,0,730,730
WBGene00009217,83,113,196
WBGene00009218,35,304,339
WBGene00009219,107,1652,1759
WBGene00009220,343,260,603
WBGene00009221,128,3299,3427
WBGene00009222,0,104,104
WBGene00009223,26,380,406
WBGene00009224,88,154,242
WBGene00009225,12,31,43
WBGene00009226,0,3,3
WBGene00009227,2,6,8
WBGene00009228,13,4,17
WBGene00009229,3,2,5
WBGene00009231,60,232,292
WBGene00009232,4,33,37
WBGene00009233,67,366,433
WBGene00009234,72,335,407
WBGene00009235,0,12,12
WBGene00009236,3,45,48
WBGene00009237,6,1239,1245
WBGene00009238,1,10,11
WBGene00009239,7,22,29
WBGene00009240,28,63,91
WBGene00009241,8,216,224
WBGene00009242,16,55,71
WBGene00009243,9,377,386
WBGene00009245,103,493,596
WBGene00009246,107,6070,6177
WBGene00009247,3,20,23
WBGene00009248,0,13,13
WBGene00009250,7,52,59
WBGene00009251,10,11,21
WBGene00009252,7,10,17
WBGene00009254,101,1501,1602
WBGene00009255,8,38,46
WBGene00009256,131,1150,1281
WBGene00009257,16,48,64
WBGene00009258,71,297,368
WBGene00009259,29,682,711
WBGene00009260,65,1033,1098
WBGene00009261,3,16,19
WBGene00009262,65,1244,1309
WBGene00009263,58,116,174
WBGene00009264,190,1579,1769
WBGene00009266,98,3154,3252
WBGene00009267,42,1371,1413
WBGene00009268,9,30,39
WBGene00009269,3,7,10
WBGene00009270,7,185,192
WBGene00009271,95,387,482
WBGene00009272,5,206,211
WBGene00009274,58,509,567
WBGene00009276,42,906,948
WBGene00009277,160,491,651
WBGene00009278,19,153,172
WBGene00009279,1,0,1
WBGene00009280,1,33,34
WBGene00009281,1,2,3
WBGene00009283,17,256,273
WBGene00009284,159,860,1019
WBGene00009285,59,1055,1114
WBGene00009286,23,211,234
WBGene00009287,41,289,330
WBGene00009288,42,215,257
WBGene00009289,39,963,1002
WBGene00009290,83,1940,2023
WBGene00009291,66,319,385
WBGene00009292,71,535,606
WBGene00009293,3,130,133
WBGene00009294,673,8137,8810
WBGene00009296,1,22,23
WBGene00009297,1,10,11
WBGene00009298,0,2,2
WBGene00009299,12,78,90
WBGene00009300,0,0,0
WBGene00009301,1,2,3
WBGene00009302,0,2,2
WBGene00009303,10,3,13
WBGene00009304,330,1187,1517
WBGene00009305,88,843,931
WBGene00009306,6,1352,1358
WBGene00009307,45,3896,3941
WBGene00009308,0,4,4
WBGene00009311,4,2,6
WBGene00009312,841,33,874
WBGene00009313,6,7,13
WBGene00009314,298,1021,1319
WBGene00009315,371,1575,1946
WBGene00009316,2,17,19
WBGene00009318,9,39,48
WBGene00009319,152,2800,2952
WBGene00009320,121,495,616
WBGene00009321,1,0,1
WBGene00009322,87,1611,1698
WBGene00009323,29,647,676
WBGene00009324,6,12,18
WBGene00009325,147,540,687
WBGene00009326,14,108,122
WBGene00009327,11,9,20
WBGene00009328,0,8,8
WBGene00009329,75,460,535
WBGene00009330,28,1891,1919
WBGene00009331,3,62,65
WBGene00009332,6,45,51
WBGene00009333,39,1032,1071
WBGene00009334,267,3294,3561
WBGene00009335,1,92,93
WBGene00009336,64,1481,1545
WBGene00009337,539,2766,3305
WBGene00009338,13,9,22
WBGene00009339,5,13,18
WBGene00009340,308,2991,3299
WBGene00009341,11,424,435
WBGene00009342,341,8020,8361
WBGene00009343,29,368,397
WBGene00009344,0,0,0
WBGene00009345,6,3,9
WBGene00009346,29,146,175
WBGene00009347,33,185,218
WBGene00009349,0,99,99
WBGene00009350,27,177,204
WBGene00009352,50,1133,1183
WBGene00009353,181,8801,8982
WBGene00009354,102,364,466
WBGene00009355,9,149,158
WBGene00009356,16,113,129
WBGene00009357,24,47,71
WBGene00009358,152,1895,2047
WBGene00009359,4,8,12
WBGene00009360,4,13,17
WBGene00009361,59,332,391
WBGene00009362,1,6,7
WBGene00009363,1,1,2
WBGene00009364,14,546,560
WBGene00009365,59,765,824
WBGene00009366,42,479,521
WBGene00009367,346,6474,6820
WBGene00009368,82,746,828
WBGene00009369,76,702,778
WBGene00009370,73,215,288
WBGene00009371,38,245,283
WBGene00009372,141,701,842
WBGene00009373,50,456,506
WBGene00009374,219,2715,2934
WBGene00009375,171,979,1150
WBGene00009377,0,2,2
WBGene00009378,5,6,11
WBGene00009379,2,231,233
WBGene00009380,33,708,741
WBGene00009381,3,17,20
WBGene00009382,3,12,15
WBGene00009383,470,4934,5404
WBGene00009384,3,61,64
WBGene00009385,21,627,648
WBGene00009386,7,206,213
WBGene00009387,28,104,132
WBGene00009388,631,9410,10041
WBGene00009389,155,502,657
WBGene00009390,16,31,47
WBGene00009391,0,1,1
WBGene00009392,1,1,2
WBGene00009393,4,39,43
WBGene00009394,115,1230,1345
WBGene00009395,2,24,26
WBGene00009396,10,91,101
WBGene00009397,7,105,112
WBGene00009398,0,65,65
WBGene00009399,26,127,153
WBGene00009400,28,126,154
WBGene00009401,3,28,31
WBGene00009402,0,14,14
WBGene00009403,13,168,181
WBGene00009404,12,177,189
WBGene00009405,28,431,459
WBGene00009406,123,955,1078
WBGene00009408,279,2972,3251
WBGene00009409,3,376,379
WBGene00009410,1,1,2
WBGene00009412,6,12,18
WBGene00009413,6,19,25
WBGene00009415,0,1,1
WBGene00009416,4,60,64
WBGene00009417,1,0,1
WBGene00009418,1,8,9
WBGene00009419,0,0,0
WBGene00009420,0,0,0
WBGene00009421,2,2,4
WBGene00009422,0,3,3
WBGene00009423,0,963,963
WBGene00009424,14,49,63
WBGene00009426,8,2,10
WBGene00009427,0,9,9
WBGene00009429,9,56,65
WBGene00009430,208,1351,1559
WBGene00009431,70,511,581
WBGene00009432,53,536,589
WBGene00009433,110,381,491
WBGene00009434,81,492,573
WBGene00009435,68,413,481
WBGene00009436,12,1744,1756
WBGene00009437,9,35,44
WBGene00009438,4,31,35
WBGene00009439,236,1530,1766
WBGene00009440,207,5322,5529
WBGene00009441,34,407,441
WBGene00009442,9,52,61
WBGene00009443,68,1043,1111
WBGene00009444,54,781,835
WBGene00009445,38,1087,1125
WBGene00009446,0,1,1
WBGene00009447,8,56,64
WBGene00009448,17,416,433
WBGene00009449,3,4,7
WBGene00009450,33,1278,1311
WBGene00009451,129,1743,1872
WBGene00009452,135,776,911
WBGene00009453,126,628,754
WBGene00009454,2550,27155,29705
WBGene00009455,164,1885,2049
WBGene00009456,109,795,904
WBGene00009457,0,7,7
WBGene00009458,4,4,8
WBGene00009459,1,16,17
WBGene00009460,221,3016,3237
WBGene00009461,76,421,497
WBGene00009462,125,98,223
WBGene00009463,0,1,1
WBGene00009464,4,0,4
WBGene00009465,9,20,29
WBGene00009466,57,542,599
WBGene00009467,4,2,6
WBGene00009468,32,117,149
WBGene00009469,43,307,350
WBGene00009470,0,1,1
WBGene00009471,3,17,20
WBGene00009473,0,1,1
WBGene00009475,286,2484,2770
WBGene00009476,60,676,736
WBGene00009477,481,2741,3222
WBGene00009478,77,1380,1457
WBGene00009479,51,746,797
WBGene00009480,11,19,30
WBGene00009481,4,84,88
WBGene00009482,219,1757,1976
WBGene00009483,8,345,353
WBGene00009484,103,288,391
WBGene00009485,2,23,25
WBGene00009486,4,5,9
WBGene00009487,3,6,9
WBGene00009488,3,1,4
WBGene00009489,0,8,8
WBGene00009490,0,20,20
WBGene00009491,2,1,3
WBGene00009492,10,7,17
WBGene00009493,7,132,139
WBGene00009494,1,47,48
WBGene00009495,42,55,97
WBGene00009496,8,117,125
WBGene00009497,2,0,2
WBGene00009498,213,1330,1543
WBGene00009499,105,558,663
WBGene00009500,76,904,980
WBGene00009501,23,3,26
WBGene00009502,5,2,7
WBGene00009503,101,1209,1310
WBGene00009504,7,312,319
WBGene00009505,16,541,557
WBGene00009507,72,467,539
WBGene00009508,96,885,981
WBGene00009509,7,28,35
WBGene00009510,1,19,20
WBGene00009511,125,147,272
WBGene00009512,38,1399,1437
WBGene00009513,7,6,13
WBGene00009514,1719,14836,16555
WBGene00009515,31,38,69
WBGene00009517,9,17,26
WBGene00009518,19,105,124
WBGene00009519,1,5,6
WBGene00009520,3,7,10
WBGene00009521,404,2154,2558
WBGene00009522,7,83,90
WBGene00009523,1,5,6
WBGene00009524,1,0,1
WBGene00009525,2,0,2
WBGene00009526,15,27,42
WBGene00009528,39,56,95
WBGene00009529,11,817,828
WBGene00009530,198,187,385
WBGene00009531,1168,10027,11195
WBGene00009532,404,1496,1900
WBGene00009533,11,147,158
WBGene00009534,77,1252,1329
WBGene00009535,13,8,21
WBGene00009536,164,395,559
WBGene00009537,0,33,33
WBGene00009538,0,1,1
WBGene00009539,0,4,4
WBGene00009540,2,11,13
WBGene00009541,120,126,246
WBGene00009542,58,2482,2540
WBGene00009543,36,227,263
WBGene00009544,135,317,452
WBGene00009546,2,0,2
WBGene00009547,37,223,260
WBGene00009548,1,4,5
WBGene00009549,0,11,11
WBGene00009550,2,1,3
WBGene00009551,17,150,167
WBGene00009552,74,570,644
WBGene00009553,24,584,608
WBGene00009554,6,653,659
WBGene00009556,29,358,387
WBGene00009557,42,129,171
WBGene00009558,226,1279,1505
WBGene00009559,10,1680,1690
WBGene00009560,31,76,107
WBGene00009561,11,7,18
WBGene00009562,595,10178,10773
WBGene00009563,124,1910,2034
WBGene00009565,114,1043,1157
WBGene00009566,2,1,3
WBGene00009567,2,1,3
WBGene00009568,0,0,0
WBGene00009569,4,10,14
WBGene00009571,1,3,4
WBGene00009572,1,12,13
WBGene00009573,21,207,228
WBGene00009574,313,2401,2714
WBGene00009575,15,3312,3327
WBGene00009576,18,131,149
WBGene00009577,733,8641,9374
WBGene00009578,358,8876,9234
WBGene00009579,148,545,693
WBGene00009580,309,3195,3504
WBGene00009581,26,89,115
WBGene00009582,35,215,250
WBGene00009583,226,3981,4207
WBGene00009584,2851,7730,10581
WBGene00009585,64,34,98
WBGene00009586,66,1342,1408
WBGene00009587,266,2377,2643
WBGene00009588,5832,1853,7685
WBGene00009589,4428,1599,6027
WBGene00009592,3,0,3
WBGene00009593,9,9,18
WBGene00009594,387,1353,1740
WBGene00009595,12,63,75
WBGene00009596,5,3,8
WBGene00009597,7,23,30
WBGene00009599,0,0,0
WBGene00009600,1,13,14
WBGene00009601,21,171,192
WBGene00009602,0,3,3
WBGene00009603,1,2,3
WBGene00009604,0,5,5
WBGene00009605,1,1,2
WBGene00009606,0,1,1
WBGene00009607,3,2,5
WBGene00009608,15,98,113
WBGene00009609,0,1,1
WBGene00009610,0,0,0
WBGene00009611,18,32,50
WBGene00009612,0,3,3
WBGene00009613,1,0,1
WBGene00009614,9,18,27
WBGene00009615,0,0,0
WBGene00009616,3,3,6
WBGene00009617,12,122,134
WBGene00009618,5,37,42
WBGene00009619,49,397,446
WBGene00009620,615,1979,2594
WBGene00009621,0,5385,5385
WBGene00009622,15,44,59
WBGene00009623,896,395,1291
WBGene00009624,794,1773,2567
WBGene00009625,7,28,35
WBGene00009626,48,977,1025
WBGene00009627,17,217,234
WBGene00009628,10,779,789
WBGene00009629,89,324,413
WBGene00009630,7,7,14
WBGene00009632,166,1392,1558
WBGene00009633,2,50,52
WBGene00009634,23,1487,1510
WBGene00009635,24,313,337
WBGene00009636,21,208,229
WBGene00009637,2,726,728
WBGene00009638,199,13038,13237
WBGene00009639,3,1443,1446
WBGene00009640,4,330,334
WBGene00009641,3,1,4
WBGene00009642,28,76,104
WBGene00009643,0,2,2
WBGene00009644,1,0,1
WBGene00009645,70,566,636
WBGene00009646,0,10,10
WBGene00009647,47,106,153
WBGene00009648,6,480,486
WBGene00009649,46,48,94
WBGene00009650,35,1071,1106
WBGene00009652,11,20,31
WBGene00009653,43,257,300
WBGene00009654,220,785,1005
WBGene00009657,96,614,710
WBGene00009658,0,4,4
WBGene00009659,0,0,0
WBGene00009660,264,1921,2185
WBGene00009661,81,2762,2843
WBGene00009662,1,2,3
WBGene00009663,5,16,21
WBGene00009664,187,9500,9687
WBGene00009665,8,543,551
WBGene00009666,39,1355,1394
WBGene00009667,327,211,538
WBGene00009668,63,1182,1245
WBGene00009670,0,4,4
WBGene00009671,117,2507,2624
WBGene00009672,181,1255,1436
WBGene00009673,36,260,296
WBGene00009674,223,2528,2751
WBGene00009675,14,39,53
WBGene00009676,112,766,878
WBGene00009677,5,117,122
WBGene00009678,192,617,809
WBGene00009679,30,167,197
WBGene00009680,0,0,0
WBGene00009681,0,9,9
WBGene00009682,0,1,1
WBGene00009683,0,11,11
WBGene00009684,0,0,0
WBGene00009685,1,2,3
WBGene00009686,13,70,83
WBGene00009687,0,0,0
WBGene00009688,1651,13950,15601
WBGene00009689,3,6,9
WBGene00009690,6,9,15
WBGene00009691,0,4689,4689
WBGene00009692,0,6083,6083
WBGene00009695,2,1,3
WBGene00009696,11,48,59
WBGene00009698,0,9,9
WBGene00009700,93,657,750
WBGene00009701,0,70,70
WBGene00009702,5,71,76
WBGene00009704,0,2,2
WBGene00009705,1,3,4
WBGene00009706,10,67,77
WBGene00009707,1,5,6
WBGene00009708,9,5,14
WBGene00009709,40,41,81
WBGene00009710,16,94,110
WBGene00009711,174,1618,1792
WBGene00009712,4,5389,5393
WBGene00009713,413,1816,2229
WBGene00009714,0,34,34
WBGene00009715,43,1252,1295
WBGene00009716,19,118,137
WBGene00009717,222,1690,1912
WBGene00009720,67,814,881
WBGene00009721,16,13,29
WBGene00009722,38,2042,2080
WBGene00009723,26,1997,2023
WBGene00009724,7,1295,1302
WBGene00009725,3,12,15
WBGene00009726,45,214,259
WBGene00009727,35,220,255
WBGene00009728,9,67,76
WBGene00009729,18,117,135
WBGene00009730,427,2764,3191
WBGene00009731,31,399,430
WBGene00009732,325,4519,4844
WBGene00009733,17,256,273
WBGene00009734,99,1420,1519
WBGene00009735,26,179,205
WBGene00009736,135,732,867
WBGene00009738,119,328,447
WBGene00009739,1733,5986,7719
WBGene00009740,439,9360,9799
WBGene00009741,25,132,157
WBGene00009742,105,249,354
WBGene00009743,43,144,187
WBGene00009744,44,506,550
WBGene00009745,30,520,550
WBGene00009746,0,1,1
WBGene00009747,0,2,2
WBGene00009748,1,2,3
WBGene00009749,4,1,5
WBGene00009750,0,43,43
WBGene00009751,2,3,5
WBGene00009753,2,0,2
WBGene00009754,0,14,14
WBGene00009755,2,6,8
WBGene00009756,3,13,16
WBGene00009758,2,0,2
WBGene00009759,1,0,1
WBGene00009760,3,15,18
WBGene00009761,0,1,1
WBGene00009762,0,2,2
WBGene00009763,0,2,2
WBGene00009765,3,1,4
WBGene00009766,1,0,1
WBGene00009767,0,1,1
WBGene00009768,15,58,73
WBGene00009769,16,362,378
WBGene00009770,86,704,790
WBGene00009771,110,1501,1611
WBGene00009772,211,12927,13138
WBGene00009773,5,266,271
WBGene00009774,5,503,508
WBGene00009775,1,2,3
WBGene00009776,43,512,555
WBGene00009777,9,9,18
WBGene00009778,3,43,46
WBGene00009779,132,1143,1275
WBGene00009780,70,257,327
WBGene00009781,245,1398,1643
WBGene00009782,37,354,391
WBGene00009783,77,2541,2618
WBGene00009784,43,1328,1371
WBGene00009785,9,83,92
WBGene00009787,392,35394,35786
WBGene00009788,3,6,9
WBGene00009789,109,181,290
WBGene00009790,31,210,241
WBGene00009791,12,52,64
WBGene00009793,27,1657,1684
WBGene00009796,80,984,1064
WBGene00009797,262,1920,2182
WBGene00009798,7,30,37
WBGene00009799,127,815,942
WBGene00009800,105,1129,1234
WBGene00009801,38,478,516
WBGene00009802,0,3,3
WBGene00009803,87,1250,1337
WBGene00009804,95,1994,2089
WBGene00009805,0,0,0
WBGene00009806,3,12,15
WBGene00009807,1,9,10
WBGene00009808,0,12,12
WBGene00009809,20,194,214
WBGene00009810,4,57,61
WBGene00009811,2,9,11
WBGene00009812,62,7230,7292
WBGene00009813,58,884,942
WBGene00009814,2,23,25
WBGene00009815,0,6,6
WBGene00009816,6,22,28
WBGene00009817,0,8,8
WBGene00009818,151,913,1064
WBGene00009819,80,227,307
WBGene00009820,4,17,21
WBGene00009822,33,22,55
WBGene00009823,18,179,197
WBGene00009824,7,165,172
WBGene00009825,81,444,525
WBGene00009826,16,72,88
WBGene00009827,8,18,26
WBGene00009829,61,4297,4358
WBGene00009830,6,29,35
WBGene00009831,36,607,643
WBGene00009833,0,7,7
WBGene00009834,1,4,5
WBGene00009835,15,8,23
WBGene00009836,10,1,11
WBGene00009839,5,6,11
WBGene00009840,10,23,33
WBGene00009841,2,0,2
WBGene00009842,28,400,428
WBGene00009843,35,677,712
WBGene00009844,27,40,67
WBGene00009848,220,1390,1610
WBGene00009849,16,30,46
WBGene00009850,95,686,781
WBGene00009851,25,1454,1479
WBGene00009852,4,4,8
WBGene00009853,5,21,26
WBGene00009854,4,2,6
WBGene00009855,0,0,0
WBGene00009856,1,0,1
WBGene00009857,0,2,2
WBGene00009858,0,1,1
WBGene00009859,1,3,4
WBGene00009860,0,3,3
WBGene00009861,0,4,4
WBGene00009862,0,25,25
WBGene00009863,0,1,1
WBGene00009865,72,321,393
WBGene00009866,0,2,2
WBGene00009867,16,29,45
WBGene00009868,0,1,1
WBGene00009869,1,0,1
WBGene00009871,0,5,5
WBGene00009872,1,10,11
WBGene00009873,3,8,11
WBGene00009874,1,1,2
WBGene00009875,6,7,13
WBGene00009876,6,60,66
WBGene00009877,17,117,134
WBGene00009878,16,853,869
WBGene00009879,27,92,119
WBGene00009880,436,3921,4357
WBGene00009881,230,4626,4856
WBGene00009882,56,5658,5714
WBGene00009883,13,34,47
WBGene00009884,6,14,20
WBGene00009885,12,133,145
WBGene00009886,51,381,432
WBGene00009887,26,767,793
WBGene00009888,3167,25159,28326
WBGene00009889,83,1825,1908
WBGene00009890,14,38,52
WBGene00009891,12,30,42
WBGene00009892,1,0,1
WBGene00009893,2,2,4
WBGene00009894,0,0,0
WBGene00009895,26,170,196
WBGene00009896,348,5751,6099
WBGene00009897,11,25,36
WBGene00009898,0,3,3
WBGene00009899,85,769,854
WBGene00009900,3,137,140
WBGene00009901,49,485,534
WBGene00009902,11,66,77
WBGene00009903,7,50,57
WBGene00009904,6,26,32
WBGene00009905,4,0,4
WBGene00009906,6,1,7
WBGene00009907,2,0,2
WBGene00009908,6,5,11
WBGene00009909,0,1,1
WBGene00009912,6,6,12
WBGene00009913,0,0,0
WBGene00009914,1,3,4
WBGene00009915,32,4147,4179
WBGene00009916,68,577,645
WBGene00009917,276,1927,2203
WBGene00009918,42,2559,2601
WBGene00009919,128,1612,1740
WBGene00009920,883,6952,7835
WBGene00009921,6,139,145
WBGene00009922,57,673,730
WBGene00009923,22,144,166
WBGene00009924,94,809,903
WBGene00009925,5,1898,1903
WBGene00009926,73,2077,2150
WBGene00009927,65,256,321
WBGene00009929,31,42,73
WBGene00009930,18,583,601
WBGene00009931,12,168,180
WBGene00009933,3,7,10
WBGene00009934,2,1,3
WBGene00009935,34,398,432
WBGene00009937,49,409,458
WBGene00009938,5,7,12
WBGene00009939,81,1087,1168
WBGene00009940,159,3179,3338
WBGene00009941,2,1,3
WBGene00009942,2,12,14
WBGene00009943,133,231,364
WBGene00009944,44,1062,1106
WBGene00009945,181,1911,2092
WBGene00009946,6,74,80
WBGene00009947,67,572,639
WBGene00009948,5,82,87
WBGene00009949,42,817,859
WBGene00009950,3,9,12
WBGene00009951,52,278,330
WBGene00009952,489,8280,8769
WBGene00009953,39,278,317
WBGene00009954,1,0,1
WBGene00009955,6,554,560
WBGene00009956,5,2,7
WBGene00009957,84,1119,1203
WBGene00009958,272,2116,2388
WBGene00009959,1,7,8
WBGene00009960,0,1,1
WBGene00009961,4,4,8
WBGene00009962,20,5,25
WBGene00009963,2,0,2
WBGene00009964,2,29,31
WBGene00009965,77,503,580
WBGene00009966,40,1532,1572
WBGene00009967,12,73,85
WBGene00009968,307,2726,3033
WBGene00009969,65,691,756
WBGene00009971,13,55,68
WBGene00009973,486,6401,6887
WBGene00009974,139,2850,2989
WBGene00009975,952,1744,2696
WBGene00009976,58,988,1046
WBGene00009977,91,764,855
WBGene00009978,788,1333,2121
WBGene00009979,54,12,66
WBGene00009980,79,2054,2133
WBGene00009981,22,259,281
WBGene00009982,79,19455,19534
WBGene00009983,2,852,854
WBGene00009984,82,174,256
WBGene00009985,22,234,256
WBGene00009986,48,293,341
WBGene00009987,80,1352,1432
WBGene00009988,22,41,63
WBGene00009990,0,6,6
WBGene00009992,547,12132,12679
WBGene00009993,18,6118,6136
WBGene00009994,16,398,414
WBGene00009995,12399,74561,86960
WBGene00009996,60,1252,1312
WBGene00009997,2,1,3
WBGene00009998,8,12,20
WBGene00009999,8,22,30
WBGene00010000,1,12,13
WBGene00010001,10,1053,1063
WBGene00010002,53,629,682
WBGene00010003,55,343,398
WBGene00010004,29,25,54
WBGene00010005,7,5,12
WBGene00010006,1546,971,2517
WBGene00010007,0,1,1
WBGene00010008,20,117,137
WBGene00010009,15,111,126
WBGene00010010,38,235,273
WBGene00010011,19,43,62
WBGene00010012,1205,6117,7322
WBGene00010013,149,2977,3126
WBGene00010014,3,30,33
WBGene00010015,73,5419,5492
WBGene00010016,1,1,2
WBGene00010017,0,0,0
WBGene00010018,12,40,52
WBGene00010019,37,282,319
WBGene00010020,0,2,2
WBGene00010021,2,5,7
WBGene00010022,2,1,3
WBGene00010023,1,19,20
WBGene00010025,3,5,8
WBGene00010026,0,0,0
WBGene00010027,15,70,85
WBGene00010028,24,561,585
WBGene00010030,0,25,25
WBGene00010031,260,3,263
WBGene00010032,52,895,947
WBGene00010033,27,463,490
WBGene00010034,11,9,20
WBGene00010035,5,22,27
WBGene00010036,1,19,20
WBGene00010037,198,4056,4254
WBGene00010038,77,884,961
WBGene00010039,67,281,348
WBGene00010040,41,797,838
WBGene00010041,0,374,374
WBGene00010042,63,917,980
WBGene00010043,96,695,791
WBGene00010044,349,3382,3731
WBGene00010045,212,1308,1520
WBGene00010046,4,41,45
WBGene00010047,42,644,686
WBGene00010048,37,250,287
WBGene00010049,83,554,637
WBGene00010050,49,219,268
WBGene00010051,58,611,669
WBGene00010052,75,2310,2385
WBGene00010053,2,295,297
WBGene00010054,137,1815,1952
WBGene00010055,394,7680,8074
WBGene00010056,20,1116,1136
WBGene00010057,42,312,354
WBGene00010058,17,67,84
WBGene00010059,101,2676,2777
WBGene00010060,42,157,199
WBGene00010061,26,548,574
WBGene00010062,3,56,59
WBGene00010063,29,168,197
WBGene00010064,5,289,294
WBGene00010065,1,10,11
WBGene00010066,1,5,6
WBGene00010067,1,1,2
WBGene00010068,5,56,61
WBGene00010069,28,43,71
WBGene00010070,284,1410,1694
WBGene00010071,297,50,347
WBGene00010072,41,189,230
WBGene00010073,155,389,544
WBGene00010074,41,171,212
WBGene00010075,17,2722,2739
WBGene00010077,44,161,205
WBGene00010079,215,1421,1636
WBGene00010080,25,389,414
WBGene00010081,9,70,79
WBGene00010082,3,159,162
WBGene00010083,83,317,400
WBGene00010084,2,3,5
WBGene00010085,0,2,2
WBGene00010086,568,223,791
WBGene00010087,0,0,0
WBGene00010088,16,87,103
WBGene00010089,46,439,485
WBGene00010091,0,3,3
WBGene00010093,13,523,536
WBGene00010094,77,3702,3779
WBGene00010096,175,1093,1268
WBGene00010097,118,2493,2611
WBGene00010098,1,13,14
WBGene00010099,0,0,0
WBGene00010100,0,6,6
WBGene00010101,1,2,3
WBGene00010102,0,2,2
WBGene00010103,32,1,33
WBGene00010104,0,0,0
WBGene00010105,0,4,4
WBGene00010106,0,20,20
WBGene00010107,1,0,1
WBGene00010108,0,3,3
WBGene00010109,38,1155,1193
WBGene00010110,28,490,518
WBGene00010111,105,590,695
WBGene00010113,86,473,559
WBGene00010114,0,0,0
WBGene00010115,82,635,717
WBGene00010116,63,108,171
WBGene00010117,252,2887,3139
WBGene00010118,18,66,84
WBGene00010119,7,71,78
WBGene00010120,9,10,19
WBGene00010121,12,5,17
WBGene00010122,1,7,8
WBGene00010123,8,52,60
WBGene00010124,4,22,26
WBGene00010125,1,18,19
WBGene00010126,1,0,1
WBGene00010127,1,1,2
WBGene00010128,7,34,41
WBGene00010129,1,1,2
WBGene00010130,116,5266,5382
WBGene00010131,24,849,873
WBGene00010132,161,497,658
WBGene00010133,0,644,644
WBGene00010134,16,63,79
WBGene00010135,1,811,812
WBGene00010136,20,1,21
WBGene00010137,128,142,270
WBGene00010138,37,71,108
WBGene00010139,189,4235,4424
WBGene00010140,15,192,207
WBGene00010141,59,346,405
WBGene00010142,241,151,392
WBGene00010143,36,142,178
WBGene00010144,12,88,100
WBGene00010145,15,5,20
WBGene00010146,627,1638,2265
WBGene00010147,0,1,1
WBGene00010148,11,51,62
WBGene00010149,0,0,0
WBGene00010150,129,156,285
WBGene00010152,8,13,21
WBGene00010153,0,15,15
WBGene00010155,11,27,38
WBGene00010157,4,3,7
WBGene00010158,0,0,0
WBGene00010159,237,812,1049
WBGene00010160,185,475,660
WBGene00010161,252,582,834
WBGene00010162,2,3,5
WBGene00010163,63,124,187
WBGene00010164,1,1,2
WBGene00010165,18,14,32
WBGene00010166,4,6,10
WBGene00010167,18,2,20
WBGene00010168,6,13,19
WBGene00010169,2,4,6
WBGene00010170,0,0,0
WBGene00010171,1,0,1
WBGene00010172,2,2,4
WBGene00010173,4,5,9
WBGene00010174,488,6420,6908
WBGene00010175,74,355,429
WBGene00010176,9,36,45
WBGene00010177,470,2495,2965
WBGene00010178,94,1511,1605
WBGene00010179,86,488,574
WBGene00010180,1,10,11
WBGene00010181,3,2,5
WBGene00010182,3,13,16
WBGene00010183,6,16,22
WBGene00010184,7,7,14
WBGene00010185,5,15,20
WBGene00010186,3,28,31
WBGene00010187,10,18,28
WBGene00010188,18,304,322
WBGene00010189,12,50,62
WBGene00010191,45,1568,1613
WBGene00010192,27,678,705
WBGene00010193,4,144,148
WBGene00010194,0,26,26
WBGene00010195,8,62,70
WBGene00010196,8,7,15
WBGene00010197,45,1044,1089
WBGene00010198,52,313,365
WBGene00010199,96,2617,2713
WBGene00010200,109,169,278
WBGene00010202,7,202,209
WBGene00010203,2,7,9
WBGene00010204,5,1776,1781
WBGene00010205,14,155,169
WBGene00010206,0,0,0
WBGene00010212,166,19,185
WBGene00010214,39,140,179
WBGene00010215,1,5,6
WBGene00010216,1,0,1
WBGene00010217,3,8,11
WBGene00010218,4,14,18
WBGene00010219,0,0,0
WBGene00010220,7,7,14
WBGene00010221,80,3865,3945
WBGene00010222,42,88,130
WBGene00010223,22,34,56
WBGene00010224,65,281,346
WBGene00010225,75,1206,1281
WBGene00010226,3,7,10
WBGene00010227,22,240,262
WBGene00010228,14,19,33
WBGene00010229,68,337,405
WBGene00010230,105,2564,2669
WBGene00010231,246,3369,3615
WBGene00010232,78,2456,2534
WBGene00010233,43,342,385
WBGene00010234,1,612,613
WBGene00010235,40,455,495
WBGene00010236,79,2052,2131
WBGene00010237,4,51,55
WBGene00010238,31,230,261
WBGene00010239,21,665,686
WBGene00010241,1,16,17
WBGene00010242,55,288,343
WBGene00010243,15,65,80
WBGene00010244,246,5724,5970
WBGene00010245,0,2,2
WBGene00010246,3,24,27
WBGene00010247,1,2,3
WBGene00010248,49,1166,1215
WBGene00010249,30,3,33
WBGene00010250,27,38,65
WBGene00010251,148,331,479
WBGene00010253,8,109,117
WBGene00010254,0,5,5
WBGene00010255,0,5,5
WBGene00010256,6,23,29
WBGene00010257,0,17,17
WBGene00010258,31,267,298
WBGene00010259,647,1943,2590
WBGene00010260,217,12397,12614
WBGene00010261,3,6,9
WBGene00010262,170,3032,3202
WBGene00010263,6,94,100
WBGene00010264,57,201,258
WBGene00010265,3,0,3
WBGene00010266,187,1980,2167
WBGene00010267,1,33,34
WBGene00010268,38,262,300
WBGene00010269,50,1168,1218
WBGene00010270,1,0,1
WBGene00010272,170,1408,1578
WBGene00010273,10,11,21
WBGene00010274,14,68,82
WBGene00010275,128,390,518
WBGene00010277,1,65,66
WBGene00010278,1,70,71
WBGene00010279,92,2255,2347
WBGene00010280,78,1871,1949
WBGene00010281,1,119,120
WBGene00010282,19,21,40
WBGene00010283,24,249,273
WBGene00010284,135,2674,2809
WBGene00010285,4,116,120
WBGene00010286,34,434,468
WBGene00010288,68,772,840
WBGene00010289,3,9,12
WBGene00010290,70,3853,3923
WBGene00010291,64,401,465
WBGene00010292,0,2,2
WBGene00010293,5,73,78
WBGene00010296,0,193,193
WBGene00010297,8,22,30
WBGene00010298,2,2,4
WBGene00010299,3,2,5
WBGene00010300,3,0,3
WBGene00010301,0,0,0
WBGene00010302,317,974,1291
WBGene00010303,278,21460,21738
WBGene00010304,82,479,561
WBGene00010305,124,1328,1452
WBGene00010306,506,2114,2620
WBGene00010307,6,329,335
WBGene00010308,51,278,329
WBGene00010309,11,99,110
WBGene00010310,22,138,160
WBGene00010311,2,67,69
WBGene00010314,3,7,10
WBGene00010315,59,277,336
WBGene00010316,317,753,1070
WBGene00010317,179,11791,11970
WBGene00010318,28,164,192
WBGene00010319,42,553,595
WBGene00010320,66,404,470
WBGene00010321,40,628,668
WBGene00010322,17,12,29
WBGene00010323,2,3,5
WBGene00010324,1,0,1
WBGene00010325,16,869,885
WBGene00010326,951,6670,7621
WBGene00010327,265,314,579
WBGene00010328,18,207,225
WBGene00010329,81,996,1077
WBGene00010330,422751,114,422865
WBGene00010331,66,223,289
WBGene00010332,8,160,168
WBGene00010333,211,3486,3697
WBGene00010334,27,62,89
WBGene00010335,687,2124,2811
WBGene00010336,19,99,118
WBGene00010337,993,7802,8795
WBGene00010338,58,632,690
WBGene00010339,7,647,654
WBGene00010340,22,92,114
WBGene00010341,11,40,51
WBGene00010342,59,40,99
WBGene00010343,3,6,9
WBGene00010344,40,202,242
WBGene00010345,56,243,299
WBGene00010348,14,583,597
WBGene00010349,40,226,266
WBGene00010350,379,933,1312
WBGene00010351,7,184,191
WBGene00010352,12,25,37
WBGene00010353,0,35,35
WBGene00010354,201,173,374
WBGene00010355,1,4,5
WBGene00010356,55,648,703
WBGene00010357,112,682,794
WBGene00010358,2,3,5
WBGene00010359,4,7,11
WBGene00010360,2,7,9
WBGene00010361,13,8,21
WBGene00010362,1,159,160
WBGene00010363,10,73,83
WBGene00010364,2,48,50
WBGene00010365,12,8,20
WBGene00010366,11,5,16
WBGene00010367,22,201,223
WBGene00010368,8,12,20
WBGene00010369,145,2482,2627
WBGene00010370,381,2358,2739
WBGene00010372,30,35,65
WBGene00010373,4,19,23
WBGene00010374,325,1059,1384
WBGene00010375,15,273,288
WBGene00010377,0,0,0
WBGene00010378,0,10,10
WBGene00010379,0,0,0
WBGene00010380,2,2,4
WBGene00010381,1,0,1
WBGene00010382,0,41,41
WBGene00010383,45,234,279
WBGene00010385,161,264,425
WBGene00010386,122,115,237
WBGene00010387,2,12,14
WBGene00010388,5,8,13
WBGene00010389,27,2,29
WBGene00010391,3,2,5
WBGene00010392,10,3,13
WBGene00010394,17,7,24
WBGene00010395,0,1,1
WBGene00010396,13,116,129
WBGene00010397,13,344,357
WBGene00010399,0,0,0
WBGene00010401,0,2,2
WBGene00010403,5,11,16
WBGene00010404,3,0,3
WBGene00010405,120,3623,3743
WBGene00010406,51,2596,2647
WBGene00010407,49,1058,1107
WBGene00010408,64,967,1031
WBGene00010409,35,287,322
WBGene00010410,0,1,1
WBGene00010411,3,1,4
WBGene00010412,0,4,4
WBGene00010413,2,4,6
WBGene00010414,6,6,12
WBGene00010415,5,3,8
WBGene00010416,237,1866,2103
WBGene00010417,0,0,0
WBGene00010418,35,662,697
WBGene00010419,2553,69813,72366
WBGene00010420,77,657,734
WBGene00010421,46,380,426
WBGene00010422,17,257,274
WBGene00010423,70,68,138
WBGene00010424,15,58,73
WBGene00010425,175,6037,6212
WBGene00010426,13,12,25
WBGene00010427,482,878,1360
WBGene00010428,114,1294,1408
WBGene00010429,7,3,10
WBGene00010432,8,991,999
WBGene00010433,30,675,705
WBGene00010434,56,99,155
WBGene00010435,252,3146,3398
WBGene00010436,0,173,173
WBGene00010437,77,559,636
WBGene00010439,29,446,475
WBGene00010440,577,10076,10653
WBGene00010442,40,261,301
WBGene00010444,338,1307,1645
WBGene00010446,2,54,56
WBGene00010447,5,17,22
WBGene00010448,62,277,339
WBGene00010449,61,465,526
WBGene00010450,128,1050,1178
WBGene00010451,14,3,17
WBGene00010453,49,327,376
WBGene00010454,22,203,225
WBGene00010455,18,92,110
WBGene00010456,59,779,838
WBGene00010457,12,165,177
WBGene00010458,32,1364,1396
WBGene00010459,7,460,467
WBGene00010460,7,26,33
WBGene00010461,0,2,2
WBGene00010464,2,5,7
WBGene00010465,70,671,741
WBGene00010466,2,8,10
WBGene00010467,0,7,7
WBGene00010468,1,43,44
WBGene00010469,5,24,29
WBGene00010470,96,556,652
WBGene00010471,238,2547,2785
WBGene00010472,12,707,719
WBGene00010473,20,73,93
WBGene00010474,0,2,2
WBGene00010475,558,981,1539
WBGene00010476,17,989,1006
WBGene00010477,3,93,96
WBGene00010478,103,15053,15156
WBGene00010479,144,1028,1172
WBGene00010480,552,2474,3026
WBGene00010481,7,595,602
WBGene00010483,0,3,3
WBGene00010484,92,1186,1278
WBGene00010485,0,20,20
WBGene00010486,4,2,6
WBGene00010487,20,10,30
WBGene00010488,458,2619,3077
WBGene00010491,3,711,714
WBGene00010492,0,3,3
WBGene00010493,1,6,7
WBGene00010494,1,1,2
WBGene00010495,2,20,22
WBGene00010496,73,845,918
WBGene00010497,43,226,269
WBGene00010498,117,304,421
WBGene00010499,2,12,14
WBGene00010500,282,2089,2371
WBGene00010501,20,200,220
WBGene00010502,56,841,897
WBGene00010503,29,335,364
WBGene00010504,38,568,606
WBGene00010505,26,92,118
WBGene00010506,26,58,84
WBGene00010507,308,2340,2648
WBGene00010508,29,2,31
WBGene00010509,1,1,2
WBGene00010510,3,0,3
WBGene00010511,2,6,8
WBGene00010512,263,3117,3380
WBGene00010513,449,2568,3017
WBGene00010514,414,3609,4023
WBGene00010515,241,3059,3300
WBGene00010516,59,595,654
WBGene00010518,80,274,354
WBGene00010519,8,9,17
WBGene00010520,17,341,358
WBGene00010521,37,117,154
WBGene00010522,23,286,309
WBGene00010523,2,4,6
WBGene00010524,9,369,378
WBGene00010525,23,226,249
WBGene00010526,0,1,1
WBGene00010527,1,3,4
WBGene00010528,0,3,3
WBGene00010530,4,5,9
WBGene00010531,1,2,3
WBGene00010534,12,0,12
WBGene00010535,11,0,11
WBGene00010536,1,0,1
WBGene00010537,178,438,616
WBGene00010538,12,54,66
WBGene00010539,167,1666,1833
WBGene00010540,30,172,202
WBGene00010541,387,3044,3431
WBGene00010542,4,320,324
WBGene00010544,0,6,6
WBGene00010545,7,45,52
WBGene00010546,4,95,99
WBGene00010547,0,2,2
WBGene00010550,95,805,900
WBGene00010551,86,682,768
WBGene00010552,23,295,318
WBGene00010553,17,217,234
WBGene00010554,6,37,43
WBGene00010555,0,0,0
WBGene00010556,506,156818,157324
WBGene00010557,36,904,940
WBGene00010558,129,333,462
WBGene00010559,10,94,104
WBGene00010560,288,8424,8712
WBGene00010562,68,885,953
WBGene00010563,22,21,43
WBGene00010564,143,1500,1643
WBGene00010565,11,286,297
WBGene00010566,27,100,127
WBGene00010567,68,715,783
WBGene00010568,14,29,43
WBGene00010569,31,231,262
WBGene00010570,1,2,3
WBGene00010571,13,28,41
WBGene00010572,20,218,238
WBGene00010573,54,244,298
WBGene00010574,1,12,13
WBGene00010575,46,606,652
WBGene00010576,1,0,1
WBGene00010577,1,1,2
WBGene00010578,0,1,1
WBGene00010579,57,3918,3975
WBGene00010580,32,19,51
WBGene00010581,2,23,25
WBGene00010582,180,1747,1927
WBGene00010583,4,817,821
WBGene00010584,7,20,27
WBGene00010585,181,395,576
WBGene00010586,2,13,15
WBGene00010587,44,243,287
WBGene00010588,1,10,11
WBGene00010589,0,20,20
WBGene00010590,1,1,2
WBGene00010591,2,3,5
WBGene00010592,33,236,269
WBGene00010593,510,6111,6621
WBGene00010594,33,49,82
WBGene00010595,140,1017,1157
WBGene00010596,2,11,13
WBGene00010597,187,203,390
WBGene00010598,2,2,4
WBGene00010599,9,8,17
WBGene00010600,1,6,7
WBGene00010601,2,4,6
WBGene00010602,1,14,15
WBGene00010603,8,39,47
WBGene00010604,2,66,68
WBGene00010605,231,968,1199
WBGene00010606,6,19,25
WBGene00010607,25,19,44
WBGene00010608,20,201,221
WBGene00010609,125,974,1099
WBGene00010610,144,1024,1168
WBGene00010611,5,9,14
WBGene00010612,3,10,13
WBGene00010613,4,4,8
WBGene00010614,15,17,32
WBGene00010615,91,1011,1102
WBGene00010616,144,4368,4512
WBGene00010617,5,29,34
WBGene00010619,55,566,621
WBGene00010620,122,1217,1339
WBGene00010621,9,200,209
WBGene00010622,51,566,617
WBGene00010623,14,33,47
WBGene00010624,259,2434,2693
WBGene00010625,57,782,839
WBGene00010626,389,1571,1960
WBGene00010627,1298,17232,18530
WBGene00010628,6,79,85
WBGene00010629,103,2047,2150
WBGene00010630,15,92,107
WBGene00010631,228,2321,2549
WBGene00010632,323,1924,2247
WBGene00010633,0,2,2
WBGene00010634,1,3,4
WBGene00010635,0,4,4
WBGene00010636,23,107,130
WBGene00010637,7,79,86
WBGene00010638,228,1616,1844
WBGene00010639,400,3913,4313
WBGene00010640,68,396,464
WBGene00010641,58,1154,1212
WBGene00010642,72,517,589
WBGene00010643,34,152,186
WBGene00010644,23,51,74
WBGene00010645,127,1429,1556
WBGene00010646,61,108,169
WBGene00010647,7,728,735
WBGene00010648,110,1013,1123
WBGene00010649,126,873,999
WBGene00010650,2,1,3
WBGene00010651,0,1,1
WBGene00010652,2,12,14
WBGene00010653,0,2,2
WBGene00010654,1,12,13
WBGene00010655,3,10,13
WBGene00010656,3,6,9
WBGene00010657,6,87,93
WBGene00010658,13,289,302
WBGene00010659,11,43,54
WBGene00010660,46,238,284
WBGene00010661,2,141,143
WBGene00010662,3,8,11
WBGene00010663,37,90,127
WBGene00010664,54,985,1039
WBGene00010665,219,3357,3576
WBGene00010666,1,235,236
WBGene00010667,43,364,407
WBGene00010668,3,2,5
WBGene00010669,51,75,126
WBGene00010670,26,2548,2574
WBGene00010671,25,787,812
WBGene00010672,0,1,1
WBGene00010673,8,24,32
WBGene00010674,28,609,637
WBGene00010675,133,954,1087
WBGene00010676,95,909,1004
WBGene00010677,104,6684,6788
WBGene00010678,11,172,183
WBGene00010679,6,20,26
WBGene00010680,7,19,26
WBGene00010681,490,8877,9367
WBGene00010682,12,28,40
WBGene00010683,12,86,98
WBGene00010684,6,1,7
WBGene00010685,101,1011,1112
WBGene00010686,11,127,138
WBGene00010687,41,853,894
WBGene00010688,0,5,5
WBGene00010689,6,8,14
WBGene00010690,0,2,2
WBGene00010691,0,13,13
WBGene00010692,0,1,1
WBGene00010693,38,41,79
WBGene00010694,23,11,34
WBGene00010697,70,1048,1118
WBGene00010698,2,11,13
WBGene00010699,220,1224,1444
WBGene00010700,135,1651,1786
WBGene00010701,64,2432,2496
WBGene00010702,77,259,336
WBGene00010703,877,5052,5929
WBGene00010704,7,273,280
WBGene00010705,12,51,63
WBGene00010706,1,6,7
WBGene00010707,3,2,5
WBGene00010708,18,88,106
WBGene00010709,118,380,498
WBGene00010711,0,159,159
WBGene00010712,4,16,20
WBGene00010713,201,1019,1220
WBGene00010714,48,35,83
WBGene00010715,3,1,4
WBGene00010716,43,192,235
WBGene00010717,1,8,9
WBGene00010718,3,10,13
WBGene00010719,2,2,4
WBGene00010720,52,729,781
WBGene00010721,69,798,867
WBGene00010722,102,410,512
WBGene00010723,5,190,195
WBGene00010724,156,665,821
WBGene00010725,59,660,719
WBGene00010726,497,482,979
WBGene00010727,95,3143,3238
WBGene00010728,1,2,3
WBGene00010729,6,0,6
WBGene00010730,15,2219,2234
WBGene00010731,284,1979,2263
WBGene00010732,221,1417,1638
WBGene00010734,19,113,132
WBGene00010735,84,181,265
WBGene00010736,239,2881,3120
WBGene00010737,24,367,391
WBGene00010738,793,1697,2490
WBGene00010740,0,219,219
WBGene00010741,12,209,221
WBGene00010742,139,2286,2425
WBGene00010743,1,5,6
WBGene00010744,126,814,940
WBGene00010745,8,51,59
WBGene00010746,27,3,30
WBGene00010747,9,31,40
WBGene00010748,1,2,3
WBGene00010749,2,61,63
WBGene00010750,5,26,31
WBGene00010752,4,26,30
WBGene00010754,0,3,3
WBGene00010755,6,75,81
WBGene00010756,89,859,948
WBGene00010757,8,209,217
WBGene00010758,62,530,592
WBGene00010759,49,690,739
WBGene00010760,0,12,12
WBGene00010761,3,0,3
WBGene00010762,4,5,9
WBGene00010763,0,3,3
WBGene00010764,4,5,9
WBGene00010765,2,28,30
WBGene00010766,37,1866,1903
WBGene00010767,5,247,252
WBGene00010768,43,48,91
WBGene00010769,32,451,483
WBGene00010770,91,199,290
WBGene00010771,37,389,426
WBGene00010772,813,1429,2242
WBGene00010773,149,1597,1746
WBGene00010774,14,49,63
WBGene00010775,13,22,35
WBGene00010776,102,518,620
WBGene00010778,203,3529,3732
WBGene00010779,5,4,9
WBGene00010780,128,1589,1717
WBGene00010781,3,43,46
WBGene00010782,5,63,68
WBGene00010783,189,2048,2237
WBGene00010784,109,355,464
WBGene00010785,93,2470,2563
WBGene00010786,15,15,30
WBGene00010787,2,66,68
WBGene00010788,32,112,144
WBGene00010789,33,16,49
WBGene00010790,249,19763,20012
WBGene00010791,6,38,44
WBGene00010792,37,98,135
WBGene00010793,267,1348,1615
WBGene00010794,363,9068,9431
WBGene00010795,16,232,248
WBGene00010796,443,3012,3455
WBGene00010797,1,3,4
WBGene00010798,1,1,2
WBGene00010799,15,112,127
WBGene00010800,1,3,4
WBGene00010801,0,1,1
WBGene00010802,2,0,2
WBGene00010803,5,372,377
WBGene00010804,2,4,6
WBGene00010805,21,239,260
WBGene00010806,139,1428,1567
WBGene00010807,12,653,665
WBGene00010808,4,5,9
WBGene00010809,40,2985,3025
WBGene00010810,173,929,1102
WBGene00010811,49,582,631
WBGene00010812,269,4062,4331
WBGene00010813,250,859,1109
WBGene00010814,54,176,230
WBGene00010815,107,311,418
WBGene00010817,0,1,1
WBGene00010819,0,6,6
WBGene00010820,5,0,5
WBGene00010821,1,1,2
WBGene00010822,5,44,49
WBGene00010823,0,1,1
WBGene00010825,5,3,8
WBGene00010827,46,636,682
WBGene00010828,384,1634,2018
WBGene00010829,6,12,18
WBGene00010830,22,104,126
WBGene00010831,4,18,22
WBGene00010832,22,204,226
WBGene00010833,63,517,580
WBGene00010834,33,1650,1683
WBGene00010835,25,152,177
WBGene00010836,637,78,715
WBGene00010837,42,748,790
WBGene00010838,173,1142,1315
WBGene00010839,56,192,248
WBGene00010840,398,1004,1402
WBGene00010842,362,1630,1992
WBGene00010843,18,72,90
WBGene00010844,118,1375,1493
WBGene00010845,162,2651,2813
WBGene00010846,19,152,171
WBGene00010847,103,984,1087
WBGene00010848,6,202,208
WBGene00010849,398,345,743
WBGene00010850,53,141,194
WBGene00010851,2,60,62
WBGene00010854,0,4,4
WBGene00010855,91,8,99
WBGene00010856,237,871,1108
WBGene00010857,33,39,72
WBGene00010858,32,273,305
WBGene00010859,16,41,57
WBGene00010862,1,10,11
WBGene00010863,11,16,27
WBGene00010864,55,372,427
WBGene00010865,51,198,249
WBGene00010866,2,0,2
WBGene00010867,114,808,922
WBGene00010868,194,4589,4783
WBGene00010869,0,35,35
WBGene00010870,23,307,330
WBGene00010871,39,179,218
WBGene00010872,56,2056,2112
WBGene00010873,59,386,445
WBGene00010874,125,75,200
WBGene00010875,76,796,872
WBGene00010876,21,24,45
WBGene00010877,149,1020,1169
WBGene00010878,69,1740,1809
WBGene00010879,119,4278,4397
WBGene00010880,73,62,135
WBGene00010881,63,131,194
WBGene00010882,54,1143,1197
WBGene00010883,3,5,8
WBGene00010884,86,346,432
WBGene00010885,3,1,4
WBGene00010886,0,8,8
WBGene00010887,237,1845,2082
WBGene00010888,1230,8010,9240
WBGene00010889,10,233,243
WBGene00010890,116,1532,1648
WBGene00010891,5,467,472
WBGene00010892,9,377,386
WBGene00010893,44,333,377
WBGene00010894,8,1,9
WBGene00010895,3,2,5
WBGene00010896,445,33617,34062
WBGene00010897,145,521,666
WBGene00010898,99,423,522
WBGene00010899,33,146,179
WBGene00010900,2,0,2
WBGene00010901,0,32,32
WBGene00010902,92,521,613
WBGene00010904,23,198,221
WBGene00010905,104,2765,2869
WBGene00010906,9,19,28
WBGene00010907,26,280,306
WBGene00010908,203,2357,2560
WBGene00010909,157,2094,2251
WBGene00010910,283,457,740
WBGene00010911,94,890,984
WBGene00010912,137,2029,2166
WBGene00010913,76,758,834
WBGene00010915,8,4,12
WBGene00010916,7,55,62
WBGene00010917,20,253,273
WBGene00010918,208,1194,1402
WBGene00010919,1,16,17
WBGene00010920,11,25,36
WBGene00010922,5,664,669
WBGene00010923,181,979,1160
WBGene00010924,3,48,51
WBGene00010925,11,22,33
WBGene00010926,2,41,43
WBGene00010927,1,1,2
WBGene00010928,0,16,16
WBGene00010929,3,1,4
WBGene00010931,11,84,95
WBGene00010933,0,1,1
WBGene00010934,2,10,12
WBGene00010935,14,2273,2287
WBGene00010936,54,500,554
WBGene00010937,11,55,66
WBGene00010938,3,4,7
WBGene00010939,24,12,36
WBGene00010940,3,636,639
WBGene00010941,80,779,859
WBGene00010942,446,5708,6154
WBGene00010943,10,324,334
WBGene00010944,67,1438,1505
WBGene00010945,1,58,59
WBGene00010946,24,4,28
WBGene00010947,0,285,285
WBGene00010948,15,164,179
WBGene00010949,4,2,6
WBGene00010950,2,5,7
WBGene00010951,54,277,331
WBGene00010953,4,2,6
WBGene00010954,4,0,4
WBGene00010955,1,3,4
WBGene00010956,0,8,8
WBGene00010957,0,467478,467478
WBGene00010958,0,382464,382464
WBGene00010959,0,118575,118575
WBGene00010960,0,510480,510480
WBGene00010961,0,38534,38534
WBGene00010962,0,376534,376534
WBGene00010963,0,50394,50394
WBGene00010964,0,230103,230103
WBGene00010965,0,384053,384053
WBGene00010966,0,19706,19706
WBGene00010967,0,48237,48237
WBGene00010968,3,33,36
WBGene00010969,1,14,15
WBGene00010970,131,811,942
WBGene00010971,21,210,231
WBGene00010972,4,107,111
WBGene00010973,22,74,96
WBGene00010974,88,415,503
WBGene00010975,74,382,456
WBGene00010976,9,576,585
WBGene00010977,29,278,307
WBGene00010978,1,31,32
WBGene00010979,88,41,129
WBGene00010980,6,11,17
WBGene00010981,48,525,573
WBGene00010982,366,4177,4543
WBGene00010983,22,50,72
WBGene00010984,12,1221,1233
WBGene00010985,27,60,87
WBGene00010986,174,488,662
WBGene00010987,26,194,220
WBGene00010988,127,1508,1635
WBGene00010989,2,89,91
WBGene00010990,117,1368,1485
WBGene00010991,11,22,33
WBGene00010992,3,0,3
WBGene00010993,98,4061,4159
WBGene00010994,329,2413,2742
WBGene00010995,3,2,5
WBGene00010996,8,5,13
WBGene00010998,6,21,27
WBGene00010999,12,5,17
WBGene00011000,24,8,32
WBGene00011001,1,7,8
WBGene00011002,15,89,104
WBGene00011003,63,426,489
WBGene00011004,113,438,551
WBGene00011005,2,15,17
WBGene00011006,6,83,89
WBGene00011008,1,0,1
WBGene00011009,5,17,22
WBGene00011010,0,0,0
WBGene00011011,0,1,1
WBGene00011012,1,0,1
WBGene00011013,3,53,56
WBGene00011014,35,166,201
WBGene00011015,3984,45155,49139
WBGene00011016,29,950,979
WBGene00011017,3,1628,1631
WBGene00011018,499,1379,1878
WBGene00011019,451,6920,7371
WBGene00011020,141,1761,1902
WBGene00011021,161,1275,1436
WBGene00011023,2,7,9
WBGene00011024,1,2,3
WBGene00011025,4,1,5
WBGene00011026,1139,3636,4775
WBGene00011027,34,61,95
WBGene00011028,751,1047,1798
WBGene00011029,176,1039,1215
WBGene00011030,47,187,234
WBGene00011032,87,1557,1644
WBGene00011033,29,936,965
WBGene00011034,43,760,803
WBGene00011035,123,1299,1422
WBGene00011036,60,538,598
WBGene00011037,43,601,644
WBGene00011038,227,4593,4820
WBGene00011039,9,88,97
WBGene00011040,17,228,245
WBGene00011041,0,9,9
WBGene00011042,1,65,66
WBGene00011043,452,1905,2357
WBGene00011044,124,139,263
WBGene00011045,181,1171,1352
WBGene00011046,2,7,9
WBGene00011047,17,407,424
WBGene00011049,0,13,13
WBGene00011050,175,1219,1394
WBGene00011051,439,1206,1645
WBGene00011052,4,3,7
WBGene00011053,2,1,3
WBGene00011054,53,682,735
WBGene00011055,80,811,891
WBGene00011056,2,4,6
WBGene00011058,228,787,1015
WBGene00011059,5178,64974,70152
WBGene00011060,102,1153,1255
WBGene00011061,28,531,559
WBGene00011062,0,33,33
WBGene00011063,8,50,58
WBGene00011064,116,1356,1472
WBGene00011065,4,73,77
WBGene00011066,21,124,145
WBGene00011067,70,728,798
WBGene00011068,21,514,535
WBGene00011069,37,219,256
WBGene00011070,253,5413,5666
WBGene00011071,90,739,829
WBGene00011072,2063,15624,17687
WBGene00011073,22,274,296
WBGene00011074,18,94,112
WBGene00011075,39,128,167
WBGene00011076,15,107,122
WBGene00011077,34,32,66
WBGene00011078,1,25,26
WBGene00011079,3,44,47
WBGene00011081,9,76,85
WBGene00011082,15,153,168
WBGene00011083,45,34,79
WBGene00011084,5,1,6
WBGene00011087,32,191,223
WBGene00011088,1,43,44
WBGene00011089,14,392,406
WBGene00011090,53,243,296
WBGene00011092,50,239,289
WBGene00011093,42,216,258
WBGene00011094,12,82,94
WBGene00011095,30,1391,1421
WBGene00011096,9,10,19
WBGene00011097,53,285,338
WBGene00011098,6,34,40
WBGene00011099,9,95,104
WBGene00011100,35,116,151
WBGene00011101,118,139,257
WBGene00011102,24,905,929
WBGene00011103,21,1137,1158
WBGene00011104,18,15,33
WBGene00011105,48,581,629
WBGene00011106,56,1078,1134
WBGene00011107,19,117,136
WBGene00011108,20,374,394
WBGene00011109,42,878,920
WBGene00011110,608,3865,4473
WBGene00011111,47,2150,2197
WBGene00011112,10,375,385
WBGene00011113,11,13,24
WBGene00011114,5,10,15
WBGene00011115,43,1139,1182
WBGene00011116,92,2869,2961
WBGene00011117,6,161,167
WBGene00011119,701,6535,7236
WBGene00011120,0,6,6
WBGene00011121,24,239,263
WBGene00011122,282,2230,2512
WBGene00011123,179,530,709
WBGene00011124,8,128,136
WBGene00011127,0,6,6
WBGene00011128,88,5043,5131
WBGene00011129,3,16,19
WBGene00011130,3759,4,3763
WBGene00011131,121,246,367
WBGene00011132,0,1,1
WBGene00011133,6,17,23
WBGene00011134,0,0,0
WBGene00011135,0,1,1
WBGene00011136,7,56,63
WBGene00011137,6,445,451
WBGene00011139,74,704,778
WBGene00011140,24,96,120
WBGene00011141,49,332,381
WBGene00011142,73,978,1051
WBGene00011143,39,538,577
WBGene00011144,335,1671,2006
WBGene00011145,49,770,819
WBGene00011146,280,1598,1878
WBGene00011147,23,96,119
WBGene00011150,2,2,4
WBGene00011151,1,2,3
WBGene00011152,11,4,15
WBGene00011153,10,6,16
WBGene00011154,33,689,722
WBGene00011155,664,7889,8553
WBGene00011156,7262,90006,97268
WBGene00011157,0,11,11
WBGene00011158,0,4,4
WBGene00011159,1,4,5
WBGene00011161,0,2,2
WBGene00011162,0,2,2
WBGene00011163,0,2,2
WBGene00011164,2,0,2
WBGene00011166,1,10,11
WBGene00011167,3,8,11
WBGene00011168,6,6,12
WBGene00011169,2,1,3
WBGene00011170,0,1,1
WBGene00011171,75,126,201
WBGene00011172,1,28,29
WBGene00011173,4,1,5
WBGene00011175,7,10,17
WBGene00011176,0,4,4
WBGene00011177,0,0,0
WBGene00011179,23,334,357
WBGene00011180,26,59,85
WBGene00011181,44,569,613
WBGene00011182,140,556,696
WBGene00011183,0,0,0
WBGene00011184,1,21,22
WBGene00011185,0,99,99
WBGene00011186,2,2,4
WBGene00011187,0,19,19
WBGene00011188,3,73,76
WBGene00011189,12,115,127
WBGene00011190,9,63,72
WBGene00011191,4,23,27
WBGene00011192,18,11,29
WBGene00011193,34,737,771
WBGene00011194,73,403,476
WBGene00011195,24,1203,1227
WBGene00011196,6,0,6
WBGene00011197,16,47,63
WBGene00011198,48,1807,1855
WBGene00011200,3,9,12
WBGene00011201,16,77,93
WBGene00011202,7,6,13
WBGene00011203,7,33,40
WBGene00011205,106,1405,1511
WBGene00011206,47,406,453
WBGene00011207,30,23,53
WBGene00011208,1,2,3
WBGene00011209,5,2,7
WBGene00011211,7,1,8
WBGene00011212,5,33,38
WBGene00011213,8,21,29
WBGene00011214,8,126,134
WBGene00011215,42,75,117
WBGene00011216,125,924,1049
WBGene00011217,130,556,686
WBGene00011218,28,329,357
WBGene00011219,2,2,4
WBGene00011220,8,77,85
WBGene00011221,222,1279,1501
WBGene00011222,57,538,595
WBGene00011223,60,550,610
WBGene00011224,51,269,320
WBGene00011225,24,242,266
WBGene00011226,90,266,356
WBGene00011227,5,440,445
WBGene00011228,3,23,26
WBGene00011229,0,2,2
WBGene00011230,70,2157,2227
WBGene00011231,30,1779,1809
WBGene00011232,1574,24693,26267
WBGene00011234,0,26,26
WBGene00011235,22,130,152
WBGene00011236,9,170,179
WBGene00011237,49,1119,1168
WBGene00011238,49,67,116
WBGene00011239,195,2976,3171
WBGene00011240,265,3090,3355
WBGene00011241,14,37,51
WBGene00011242,61,428,489
WBGene00011243,8,49,57
WBGene00011244,9,696,705
WBGene00011245,1,0,1
WBGene00011246,8,18,26
WBGene00011247,276,3291,3567
WBGene00011248,39,630,669
WBGene00011249,8,5,13
WBGene00011250,33,927,960
WBGene00011251,110,372,482
WBGene00011252,1,27,28
WBGene00011253,25,968,993
WBGene00011254,99,2254,2353
WBGene00011255,37,89,126
WBGene00011257,9,446,455
WBGene00011258,20,157,177
WBGene00011259,348,1933,2281
WBGene00011260,8,33,41
WBGene00011261,282,364,646
WBGene00011262,34,240,274
WBGene00011263,7,1270,1277
WBGene00011264,8,17,25
WBGene00011265,11,365,376
WBGene00011266,9,1653,1662
WBGene00011267,2,36,38
WBGene00011268,112,578,690
WBGene00011269,73,145,218
WBGene00011270,238,3111,3349
WBGene00011271,58,415,473
WBGene00011272,46,652,698
WBGene00011273,1631,53382,55013
WBGene00011274,102,574,676
WBGene00011275,15,207,222
WBGene00011276,49,1117,1166
WBGene00011277,4,6,10
WBGene00011278,1,56,57
WBGene00011279,545,2279,2824
WBGene00011280,72,682,754
WBGene00011281,138,1394,1532
WBGene00011282,270,2085,2355
WBGene00011283,523,3452,3975
WBGene00011284,15,1211,1226
WBGene00011285,31,338,369
WBGene00011286,50,469,519
WBGene00011287,52,519,571
WBGene00011288,0,32,32
WBGene00011289,15,9105,9120
WBGene00011290,4,6,10
WBGene00011291,43,251,294
WBGene00011292,179,1567,1746
WBGene00011293,25,5,30
WBGene00011295,1,0,1
WBGene00011296,2,42,44
WBGene00011297,2,3,5
WBGene00011298,93,654,747
WBGene00011299,147,942,1089
WBGene00011300,133,5138,5271
WBGene00011302,380,1197,1577
WBGene00011303,327,1483,1810
WBGene00011304,2229,5233,7462
WBGene00011305,20,317,337
WBGene00011306,74,900,974
WBGene00011307,129,451,580
WBGene00011308,173,2643,2816
WBGene00011309,638,2452,3090
WBGene00011310,20,204,224
WBGene00011311,372,2300,2672
WBGene00011312,12,755,767
WBGene00011313,83,2299,2382
WBGene00011314,66,413,479
WBGene00011315,25,350,375
WBGene00011317,80,1166,1246
WBGene00011318,16,290,306
WBGene00011319,60,576,636
WBGene00011320,0,15,15
WBGene00011321,1,85,86
WBGene00011322,2,6,8
WBGene00011323,71,975,1046
WBGene00011324,2,203,205
WBGene00011325,5,73,78
WBGene00011326,193,1958,2151
WBGene00011327,3,15,18
WBGene00011328,170,493,663
WBGene00011329,47,668,715
WBGene00011330,23,295,318
WBGene00011331,1537,747,2284
WBGene00011333,131,1721,1852
WBGene00011334,123,2078,2201
WBGene00011335,36,103,139
WBGene00011336,2,2,4
WBGene00011337,137,4347,4484
WBGene00011338,108,1002,1110
WBGene00011339,40,140,180
WBGene00011340,10,37,47
WBGene00011341,0,8,8
WBGene00011342,6,2,8
WBGene00011344,231,963,1194
WBGene00011345,4,329,333
WBGene00011348,113,581,694
WBGene00011349,89,999,1088
WBGene00011350,1,20,21
WBGene00011351,12,83,95
WBGene00011352,276,2721,2997
WBGene00011353,108,431,539
WBGene00011354,9,35,44
WBGene00011355,7,74,81
WBGene00011356,4,7,11
WBGene00011358,4,4,8
WBGene00011359,39,15,54
WBGene00011360,4,12,16
WBGene00011361,17,127,144
WBGene00011362,5,12,17
WBGene00011363,0,12,12
WBGene00011364,11,55,66
WBGene00011365,2,25,27
WBGene00011366,12,173,185
WBGene00011367,32,598,630
WBGene00011368,72,473,545
WBGene00011371,42,165,207
WBGene00011372,494,459,953
WBGene00011373,0,0,0
WBGene00011374,1277,7379,8656
WBGene00011375,90,713,803
WBGene00011376,18,171,189
WBGene00011378,7,21,28
WBGene00011379,6,8,14
WBGene00011380,36,385,421
WBGene00011381,44,297,341
WBGene00011382,108,894,1002
WBGene00011383,182,5249,5431
WBGene00011384,17,27,44
WBGene00011385,98,286,384
WBGene00011386,0,1,1
WBGene00011387,3,0,3
WBGene00011388,5,9,14
WBGene00011389,2,0,2
WBGene00011390,3,2,5
WBGene00011391,405,2129,2534
WBGene00011392,279,24664,24943
WBGene00011393,68,791,859
WBGene00011394,25,116,141
WBGene00011395,4,2,6
WBGene00011396,3,12,15
WBGene00011397,7,21,28
WBGene00011398,316,3259,3575
WBGene00011399,0,254,254
WBGene00011400,45,159,204
WBGene00011401,3,1,4
WBGene00011402,13,6,19
WBGene00011403,3,5,8
WBGene00011404,18,114,132
WBGene00011407,52,390,442
WBGene00011408,254,3322,3576
WBGene00011409,32,1997,2029
WBGene00011410,10,692,702
WBGene00011411,3,389,392
WBGene00011412,154,2824,2978
WBGene00011414,6,5,11
WBGene00011415,19,276,295
WBGene00011416,0,0,0
WBGene00011417,0,0,0
WBGene00011418,0,0,0
WBGene00011419,0,0,0
WBGene00011420,0,0,0
WBGene00011422,80,711,791
WBGene00011423,220,1317,1537
WBGene00011424,1,28,29
WBGene00011425,51,74,125
WBGene00011426,33,39,72
WBGene00011427,9,17,26
WBGene00011428,555,11993,12548
WBGene00011429,2,17,19
WBGene00011430,10,72,82
WBGene00011431,9,44,53
WBGene00011432,0,2,2
WBGene00011433,340,1582,1922
WBGene00011434,27,531,558
WBGene00011435,5,23,28
WBGene00011436,103,2073,2176
WBGene00011437,41,189,230
WBGene00011438,1,3,4
WBGene00011439,21,158,179
WBGene00011440,24,718,742
WBGene00011441,78,642,720
WBGene00011442,100,212,312
WBGene00011443,27,217,244
WBGene00011444,91,621,712
WBGene00011445,31,217,248
WBGene00011446,26,1246,1272
WBGene00011447,22,311,333
WBGene00011449,58,1472,1530
WBGene00011450,3,173,176
WBGene00011451,16,185,201
WBGene00011452,34,155,189
WBGene00011453,15,132,147
WBGene00011454,106,345,451
WBGene00011456,95,308,403
WBGene00011458,5,78,83
WBGene00011460,100,148,248
WBGene00011462,30,42,72
WBGene00011463,67,372,439
WBGene00011464,28,375,403
WBGene00011465,30,186,216
WBGene00011466,2,30,32
WBGene00011467,1,12,13
WBGene00011468,35,93,128
WBGene00011469,1,3,4
WBGene00011471,36,256,292
WBGene00011472,5,2,7
WBGene00011473,14,272,286
WBGene00011474,70,35629,35699
WBGene00011475,4,87,91
WBGene00011476,24,123,147
WBGene00011478,2,8,10
WBGene00011479,46,747,793
WBGene00011480,778,11581,12359
WBGene00011481,20,7290,7310
WBGene00011482,13,147,160
WBGene00011484,18,970,988
WBGene00011485,0,3,3
WBGene00011486,0,0,0
WBGene00011487,31,121,152
WBGene00011488,206,1654,1860
WBGene00011489,18,206,224
WBGene00011490,72,976,1048
WBGene00011491,1,0,1
WBGene00011492,13,27,40
WBGene00011493,2,6,8
WBGene00011494,2,38,40
WBGene00011495,24,250,274
WBGene00011497,44,407,451
WBGene00011498,1036,8201,9237
WBGene00011499,5,7,12
WBGene00011500,38,753,791
WBGene00011501,1,100,101
WBGene00011502,29,552,581
WBGene00011503,212,810,1022
WBGene00011505,0,4,4
WBGene00011506,0,1,1
WBGene00011507,92,2876,2968
WBGene00011508,4,6,10
WBGene00011509,1,111,112
WBGene00011510,287,5333,5620
WBGene00011511,319,1466,1785
WBGene00011512,25,154,179
WBGene00011513,1,58,59
WBGene00011515,6,3,9
WBGene00011516,0,5,5
WBGene00011517,21,240,261
WBGene00011518,5,2,7
WBGene00011519,6,26,32
WBGene00011520,65,357,422
WBGene00011521,0,11,11
WBGene00011522,110,2449,2559
WBGene00011523,20,31,51
WBGene00011524,51,215,266
WBGene00011526,144,1847,1991
WBGene00011527,39,2841,2880
WBGene00011528,65,928,993
WBGene00011529,43,1414,1457
WBGene00011530,17,23,40
WBGene00011531,414,6992,7406
WBGene00011532,178,1197,1375
WBGene00011533,0,7,7
WBGene00011534,7,71,78
WBGene00011535,21,546,567
WBGene00011536,19,218,237
WBGene00011537,2,727,729
WBGene00011538,50,2133,2183
WBGene00011539,1,10,11
WBGene00011540,9,35,44
WBGene00011541,1,2,3
WBGene00011542,0,1,1
WBGene00011543,51,435,486
WBGene00011544,3,1,4
WBGene00011545,25,340,365
WBGene00011546,33,216,249
WBGene00011547,2,8,10
WBGene00011548,3,43,46
WBGene00011551,73,645,718
WBGene00011552,21,4,25
WBGene00011553,0,0,0
WBGene00011554,25,62,87
WBGene00011556,13,26,39
WBGene00011557,1,9,10
WBGene00011558,101,2913,3014
WBGene00011559,74,664,738
WBGene00011560,16,319,335
WBGene00011561,134,3485,3619
WBGene00011562,61,558,619
WBGene00011563,9,12,21
WBGene00011564,1005,5060,6065
WBGene00011565,7,18,25
WBGene00011566,7,36,43
WBGene00011568,31,17,48
WBGene00011570,4,5,9
WBGene00011571,164,3321,3485
WBGene00011572,37,148,185
WBGene00011573,37,2824,2861
WBGene00011574,2,14,16
WBGene00011575,18,236,254
WBGene00011576,32,159,191
WBGene00011577,0,2,2
WBGene00011578,16,39,55
WBGene00011579,179,1498,1677
WBGene00011580,75,951,1026
WBGene00011581,8,54,62
WBGene00011582,9,47,56
WBGene00011583,2,1,3
WBGene00011584,0,0,0
WBGene00011586,162,5097,5259
WBGene00011587,16,91,107
WBGene00011589,23,648,671
WBGene00011590,112,388,500
WBGene00011591,8,62,70
WBGene00011592,106,62,168
WBGene00011593,11,201,212
WBGene00011594,4,6,10
WBGene00011595,1,4,5
WBGene00011596,8,91,99
WBGene00011597,505,58,563
WBGene00011600,5,66,71
WBGene00011601,18,71,89
WBGene00011604,236,1245,1481
WBGene00011605,204,3587,3791
WBGene00011606,16,55,71
WBGene00011609,0,0,0
WBGene00011610,0,9,9
WBGene00011611,15,135,150
WBGene00011612,25,10,35
WBGene00011613,28,144,172
WBGene00011614,3,134,137
WBGene00011615,10,177,187
WBGene00011616,2,7,9
WBGene00011618,0,2,2
WBGene00011619,6,2,8
WBGene00011620,0,0,0
WBGene00011621,3,0,3
WBGene00011622,16,5,21
WBGene00011623,12,51,63
WBGene00011624,168,680,848
WBGene00011625,26,552,578
WBGene00011626,0,0,0
WBGene00011627,0,0,0
WBGene00011628,0,0,0
WBGene00011629,424,8699,9123
WBGene00011630,20,91,111
WBGene00011631,334,2150,2484
WBGene00011633,16,185,201
WBGene00011634,130,1424,1554
WBGene00011635,45,742,787
WBGene00011636,180,1187,1367
WBGene00011637,81,806,887
WBGene00011638,48,5237,5285
WBGene00011639,317,1523,1840
WBGene00011640,15,309,324
WBGene00011641,0,1474,1474
WBGene00011642,2,36,38
WBGene00011643,5,23,28
WBGene00011644,25,279,304
WBGene00011645,16,367,383
WBGene00011646,5,26,31
WBGene00011647,490,3484,3974
WBGene00011648,63,804,867
WBGene00011649,3,7,10
WBGene00011650,0,0,0
WBGene00011651,8,1,9
WBGene00011652,1,0,1
WBGene00011653,2,2,4
WBGene00011654,2,1,3
WBGene00011655,2,6,8
WBGene00011656,4,1,5
WBGene00011657,2,1,3
WBGene00011658,1,0,1
WBGene00011659,0,1,1
WBGene00011661,59,1599,1658
WBGene00011662,65,1138,1203
WBGene00011663,105,310,415
WBGene00011664,29,303,332
WBGene00011665,4,40,44
WBGene00011666,1,2,3
WBGene00011668,1,2,3
WBGene00011669,4,2,6
WBGene00011670,2,17,19
WBGene00011671,6,3,9
WBGene00011672,45,451,496
WBGene00011673,4,64,68
WBGene00011674,4,8,12
WBGene00011675,14,12,26
WBGene00011676,36,679,715
WBGene00011677,25,29,54
WBGene00011678,29,530,559
WBGene00011679,99,4783,4882
WBGene00011680,18,429,447
WBGene00011681,148,2518,2666
WBGene00011682,117,600,717
WBGene00011683,486,3664,4150
WBGene00011684,13,141,154
WBGene00011685,0,5,5
WBGene00011686,3,2,5
WBGene00011687,20,2331,2351
WBGene00011688,21,481,502
WBGene00011689,31,78,109
WBGene00011691,1,2,3
WBGene00011692,1354,6073,7427
WBGene00011693,19,41,60
WBGene00011694,309,1343,1652
WBGene00011695,47,51,98
WBGene00011696,239,2118,2357
WBGene00011697,5,9,14
WBGene00011698,4,12,16
WBGene00011699,1,18,19
WBGene00011701,4,23,27
WBGene00011702,4,29,33
WBGene00011704,0,0,0
WBGene00011705,30,129,159
WBGene00011706,19,185,204
WBGene00011707,10,111,121
WBGene00011708,1037,8761,9798
WBGene00011709,13,100,113
WBGene00011710,0,2,2
WBGene00011712,0,18,18
WBGene00011713,10,383,393
WBGene00011714,0,0,0
WBGene00011715,0,7,7
WBGene00011717,22,439,461
WBGene00011718,20,156,176
WBGene00011719,41,405,446
WBGene00011720,280,1462,1742
WBGene00011722,121,1818,1939
WBGene00011723,207,2032,2239
WBGene00011724,4,0,4
WBGene00011725,49,344,393
WBGene00011726,178,690,868
WBGene00011727,41,459,500
WBGene00011728,10,33,43
WBGene00011729,150,2101,2251
WBGene00011730,69,5392,5461
WBGene00011731,22,341,363
WBGene00011732,672,3619,4291
WBGene00011733,15,963,978
WBGene00011734,189,4832,5021
WBGene00011735,555,4096,4651
WBGene00011736,311,10107,10418
WBGene00011737,85,2712,2797
WBGene00011738,45,434,479
WBGene00011739,8,237,245
WBGene00011740,236,2201,2437
WBGene00011741,2,24,26
WBGene00011742,25,963,988
WBGene00011743,259,3146,3405
WBGene00011744,14,73,87
WBGene00011745,73,231,304
WBGene00011746,13,118,131
WBGene00011747,71,932,1003
WBGene00011749,2,27,29
WBGene00011750,3,11,14
WBGene00011751,0,0,0
WBGene00011752,10,61,71
WBGene00011753,3,20,23
WBGene00011754,6,34,40
WBGene00011755,860,3125,3985
WBGene00011756,64,432,496
WBGene00011757,5,41,46
WBGene00011758,102,2394,2496
WBGene00011759,19,3287,3306
WBGene00011760,39,707,746
WBGene00011761,25,643,668
WBGene00011762,10,120,130
WBGene00011763,152,5227,5379
WBGene00011765,117,540,657
WBGene00011767,560,2073,2633
WBGene00011768,26,528,554
WBGene00011770,3,19,22
WBGene00011771,534,4864,5398
WBGene00011772,104,108,212
WBGene00011773,8,481,489
WBGene00011774,65,557,622
WBGene00011775,268,3211,3479
WBGene00011776,12,407,419
WBGene00011777,3,111,114
WBGene00011778,0,0,0
WBGene00011779,1,1,2
WBGene00011780,2,0,2
WBGene00011781,2,1,3
WBGene00011782,1,2,3
WBGene00011783,0,0,0
WBGene00011784,4,5,9
WBGene00011785,4,5,9
WBGene00011786,4,7,11
WBGene00011788,8,122,130
WBGene00011789,6,60,66
WBGene00011790,1,10,11
WBGene00011791,0,14,14
WBGene00011793,37,119,156
WBGene00011794,81,1108,1189
WBGene00011795,5,45,50
WBGene00011796,9,92,101
WBGene00011797,6,6,12
WBGene00011798,102,152,254
WBGene00011799,12,80,92
WBGene00011800,17,103,120
WBGene00011801,30,250,280
WBGene00011802,60,924,984
WBGene00011803,24,297,321
WBGene00011804,83,48,131
WBGene00011805,0,20,20
WBGene00011806,35,756,791
WBGene00011807,111,619,730
WBGene00011808,2,1,3
WBGene00011809,2,12,14
WBGene00011810,24,0,24
WBGene00011811,4,27,31
WBGene00011812,4,26,30
WBGene00011813,44,443,487
WBGene00011814,43,236,279
WBGene00011815,160,1646,1806
WBGene00011816,2,2,4
WBGene00011817,34,191,225
WBGene00011819,8,226,234
WBGene00011820,14,629,643
WBGene00011821,8,99,107
WBGene00011822,66,595,661
WBGene00011823,0,192,192
WBGene00011824,186,721,907
WBGene00011826,93,121,214
WBGene00011827,585,1132,1717
WBGene00011828,8,545,553
WBGene00011829,28,56,84
WBGene00011830,62,1126,1188
WBGene00011831,18,708,726
WBGene00011832,60,868,928
WBGene00011833,30,494,524
WBGene00011834,10,236,246
WBGene00011835,10,375,385
WBGene00011836,6,93,99
WBGene00011837,1,8,9
WBGene00011838,21,402,423
WBGene00011839,19,479,498
WBGene00011840,0,0,0
WBGene00011841,3,28,31
WBGene00011844,11,52,63
WBGene00011846,1,9,10
WBGene00011847,1,3,4
WBGene00011848,1,7,8
WBGene00011849,13,2359,2372
WBGene00011850,59,195,254
WBGene00011852,0,6,6
WBGene00011853,4,0,4
WBGene00011854,1091,1681,2772
WBGene00011855,1,13,14
WBGene00011856,164,1744,1908
WBGene00011857,255,3484,3739
WBGene00011858,20,869,889
WBGene00011859,56,988,1044
WBGene00011860,4,272,276
WBGene00011864,155,3123,3278
WBGene00011866,15,545,560
WBGene00011867,98,4512,4610
WBGene00011868,32,145,177
WBGene00011869,63,63978,64041
WBGene00011870,27,3660,3687
WBGene00011871,54,555,609
WBGene00011872,49,326,375
WBGene00011873,63,80,143
WBGene00011874,1,12,13
WBGene00011875,357,4848,5205
WBGene00011876,2,5,7
WBGene00011877,8,7,15
WBGene00011878,63,263,326
WBGene00011879,132,885,1017
WBGene00011880,1344,23655,24999
WBGene00011882,9,6,15
WBGene00011883,226,2216,2442
WBGene00011884,180,37588,37768
WBGene00011885,448,1348,1796
WBGene00011886,3,141,144
WBGene00011887,351,443,794
WBGene00011888,165,576,741
WBGene00011890,19,550,569
WBGene00011891,140,1519,1659
WBGene00011892,106,1262,1368
WBGene00011893,14,99,113
WBGene00011894,132,1484,1616
WBGene00011895,6,9,15
WBGene00011896,4,140,144
WBGene00011897,236,3712,3948
WBGene00011898,2,28,30
WBGene00011899,31,585,616
WBGene00011900,54,4,58
WBGene00011902,1,20,21
WBGene00011903,0,2,2
WBGene00011904,433,2231,2664
WBGene00011906,29,712,741
WBGene00011908,57,288,345
WBGene00011909,11,4,15
WBGene00011910,2,9,11
WBGene00011911,0,2,2
WBGene00011912,96,1337,1433
WBGene00011913,177,820,997
WBGene00011914,15,336,351
WBGene00011915,63,579,642
WBGene00011916,55,313,368
WBGene00011917,277,3936,4213
WBGene00011918,2,4,6
WBGene00011919,6,8,14
WBGene00011920,20,328,348
WBGene00011921,1,1,2
WBGene00011922,3,18,21
WBGene00011923,8,102,110
WBGene00011924,34,381,415
WBGene00011925,11,51,62
WBGene00011926,15,102,117
WBGene00011927,9,35,44
WBGene00011928,49,146,195
WBGene00011929,0,1,1
WBGene00011930,63,332,395
WBGene00011931,2,202,204
WBGene00011932,74,975,1049
WBGene00011934,0,589,589
WBGene00011935,62,856,918
WBGene00011936,23,289,312
WBGene00011937,0,2,2
WBGene00011938,10,65,75
WBGene00011939,89,1065,1154
WBGene00011940,154,603,757
WBGene00011941,85,290,375
WBGene00011942,0,0,0
WBGene00011943,0,2,2
WBGene00011944,312,2918,3230
WBGene00011945,35,150,185
WBGene00011947,1,1,2
WBGene00011948,1,11,12
WBGene00011949,126,1237,1363
WBGene00011950,1,1,2
WBGene00011951,5,7,12
WBGene00011952,23,49,72
WBGene00011953,541,3024,3565
WBGene00011954,0,7,7
WBGene00011955,128,1989,2117
WBGene00011956,24,473,497
WBGene00011957,68,401,469
WBGene00011958,26,48,74
WBGene00011959,1,126,127
WBGene00011960,15,95,110
WBGene00011961,2,1,3
WBGene00011962,139,1380,1519
WBGene00011963,39,189,228
WBGene00011964,61,512,573
WBGene00011965,57,470,527
WBGene00011966,326,4175,4501
WBGene00011967,80,1115,1195
WBGene00011968,0,90,90
WBGene00011969,10,595,605
WBGene00011970,176,532,708
WBGene00011971,184,1979,2163
WBGene00011972,66,958,1024
WBGene00011973,8,8,16
WBGene00011974,23,106,129
WBGene00011975,153,1530,1683
WBGene00011976,143,584,727
WBGene00011977,277,26703,26980
WBGene00011978,286,3136,3422
WBGene00011979,4,15,19
WBGene00011980,274,2221,2495
WBGene00011981,1,16,17
WBGene00011982,0,0,0
WBGene00011983,0,13,13
WBGene00011984,10,40,50
WBGene00011985,24,562,586
WBGene00011986,0,16,16
WBGene00011988,5,59,64
WBGene00011989,2,0,2
WBGene00011990,8,370,378
WBGene00011991,4,1,5
WBGene00011992,0,0,0
WBGene00011993,0,2,2
WBGene00011994,21,389,410
WBGene00011995,154,952,1106
WBGene00011996,18,303,321
WBGene00011997,24,1355,1379
WBGene00011999,23,375,398
WBGene00012000,29,1225,1254
WBGene00012002,72,856,928
WBGene00012003,28,16,44
WBGene00012004,151,1371,1522
WBGene00012005,1457,622,2079
WBGene00012007,25,883,908
WBGene00012008,0,17,17
WBGene00012009,47,259,306
WBGene00012010,11,8,19
WBGene00012011,0,0,0
WBGene00012012,7,6,13
WBGene00012013,22,50,72
WBGene00012014,52,496,548
WBGene00012015,160,3674,3834
WBGene00012016,104,564,668
WBGene00012017,21,16,37
WBGene00012018,253,1623,1876
WBGene00012019,3776,2429,6205
WBGene00012020,3,98,101
WBGene00012021,1,0,1
WBGene00012022,5,1,6
WBGene00012023,4,7,11
WBGene00012024,0,0,0
WBGene00012025,0,4,4
WBGene00012026,1,5,6
WBGene00012027,2,2,4
WBGene00012028,3,9,12
WBGene00012029,89,621,710
WBGene00012030,167,3710,3877
WBGene00012031,76,2742,2818
WBGene00012032,8,62,70
WBGene00012033,125,1094,1219
WBGene00012034,17,170,187
WBGene00012035,48,1115,1163
WBGene00012036,1,8,9
WBGene00012037,581,4148,4729
WBGene00012038,0,1,1
WBGene00012039,0,0,0
WBGene00012040,0,4,4
WBGene00012041,5,15,20
WBGene00012042,17,212,229
WBGene00012043,2,10,12
WBGene00012044,2,26,28
WBGene00012045,8,57,65
WBGene00012046,6,12,18
WBGene00012049,0,0,0
WBGene00012050,0,0,0
WBGene00012051,12,6,18
WBGene00012052,1,1,2
WBGene00012054,6,2,8
WBGene00012055,1,5,6
WBGene00012056,0,11,11
WBGene00012057,0,0,0
WBGene00012059,189,2393,2582
WBGene00012060,1,0,1
WBGene00012061,0,1,1
WBGene00012062,38,257,295
WBGene00012063,0,0,0
WBGene00012064,0,0,0
WBGene00012065,0,0,0
WBGene00012066,2,0,2
WBGene00012067,1,3,4
WBGene00012068,7,43,50
WBGene00012069,0,0,0
WBGene00012070,25,9,34
WBGene00012072,2,12,14
WBGene00012073,60,618,678
WBGene00012074,6,7,13
WBGene00012075,0,0,0
WBGene00012076,0,0,0
WBGene00012077,5,3,8
WBGene00012080,0,0,0
WBGene00012081,2,2,4
WBGene00012083,0,0,0
WBGene00012084,82,580,662
WBGene00012085,54,1227,1281
WBGene00012086,17,19,36
WBGene00012087,1,3,4
WBGene00012088,3,4,7
WBGene00012089,3,2,5
WBGene00012090,1,0,1
WBGene00012091,4,1,5
WBGene00012093,3,3,6
WBGene00012094,0,22079,22079
WBGene00012095,123,252,375
WBGene00012096,0,6,6
WBGene00012097,180,11783,11963
WBGene00012099,175,249,424
WBGene00012100,374,3039,3413
WBGene00012101,7,1115,1122
WBGene00012102,5,9,14
WBGene00012103,1,42,43
WBGene00012104,18,466,484
WBGene00012105,29,379,408
WBGene00012106,27,481,508
WBGene00012107,6,63,69
WBGene00012108,5,2,7
WBGene00012109,12,83,95
WBGene00012110,21,98,119
WBGene00012111,22,129,151
WBGene00012112,23,211,234
WBGene00012113,22,7209,7231
WBGene00012114,32,103,135
WBGene00012115,16,40,56
WBGene00012116,29,79,108
WBGene00012117,255,2856,3111
WBGene00012118,174,987,1161
WBGene00012119,1,19,20
WBGene00012120,9,75,84
WBGene00012121,398,4434,4832
WBGene00012122,5,342,347
WBGene00012123,196,2013,2209
WBGene00012124,28,736,764
WBGene00012125,147,1459,1606
WBGene00012126,1252,2831,4083
WBGene00012127,33,286,319
WBGene00012128,515,6037,6552
WBGene00012130,43,322,365
WBGene00012131,24,236,260
WBGene00012132,47,415,462
WBGene00012134,24,289,313
WBGene00012135,50,154,204
WBGene00012136,554,2264,2818
WBGene00012137,102,118,220
WBGene00012138,11,45,56
WBGene00012139,391,476,867
WBGene00012140,222,12486,12708
WBGene00012142,39,228,267
WBGene00012143,45,236,281
WBGene00012144,43,141,184
WBGene00012145,59,1626,1685
WBGene00012146,0,0,0
WBGene00012147,4,11,15
WBGene00012148,218,35724,35942
WBGene00012149,222,780,1002
WBGene00012150,52,328,380
WBGene00012151,102,79,181
WBGene00012152,66,840,906
WBGene00012155,24,231,255
WBGene00012156,1,656,657
WBGene00012157,95,546,641
WBGene00012158,1567,8996,10563
WBGene00012159,1,13,14
WBGene00012162,7,73,80
WBGene00012163,5,27,32
WBGene00012164,143,93,236
WBGene00012165,142,179,321
WBGene00012166,17,9958,9975
WBGene00012167,20,406,426
WBGene00012168,51,72,123
WBGene00012169,0,0,0
WBGene00012170,7,9,16
WBGene00012171,0,16,16
WBGene00012172,11,28,39
WBGene00012173,1,3,4
WBGene00012174,1,3,4
WBGene00012175,5,42,47
WBGene00012176,10,44,54
WBGene00012177,3,6,9
WBGene00012178,96,343,439
WBGene00012179,2108,128259,130367
WBGene00012180,166,61,227
WBGene00012181,10,2,12
WBGene00012182,40,1048,1088
WBGene00012183,0,83,83
WBGene00012184,24,246,270
WBGene00012185,4,55,59
WBGene00012186,53,1798,1851
WBGene00012187,84,1590,1674
WBGene00012188,113,646,759
WBGene00012190,34,61,95
WBGene00012191,24,34,58
WBGene00012192,111,576,687
WBGene00012193,677,5166,5843
WBGene00012194,63,1415,1478
WBGene00012195,36,30,66
WBGene00012196,6,40,46
WBGene00012197,95,2363,2458
WBGene00012198,19,427,446
WBGene00012199,11,56,67
WBGene00012200,4,2,6
WBGene00012201,19,107,126
WBGene00012202,5,38,43
WBGene00012203,55,1407,1462
WBGene00012204,25,1338,1363
WBGene00012205,51,1143,1194
WBGene00012206,24,960,984
WBGene00012207,4,2,6
WBGene00012208,67,802,869
WBGene00012209,16,205,221
WBGene00012210,0,43,43
WBGene00012211,2,3,5
WBGene00012212,0,0,0
WBGene00012213,0,1,1
WBGene00012214,0,6,6
WBGene00012215,1,10,11
WBGene00012216,16,1263,1279
WBGene00012217,10,28,38
WBGene00012219,10,47,57
WBGene00012220,33,141,174
WBGene00012221,89,1656,1745
WBGene00012222,65,297,362
WBGene00012223,1,0,1
WBGene00012224,3,19,22
WBGene00012225,97,284,381
WBGene00012226,557,1212,1769
WBGene00012227,2,22,24
WBGene00012228,16,64,80
WBGene00012230,422,1475,1897
WBGene00012231,3,4,7
WBGene00012232,2,0,2
WBGene00012233,3,0,3
WBGene00012234,235,1154,1389
WBGene00012235,62,632,694
WBGene00012236,44,280,324
WBGene00012237,6,67,73
WBGene00012238,18,2,20
WBGene00012239,61,1619,1680
WBGene00012240,2,2,4
WBGene00012241,76,247,323
WBGene00012242,4,34,38
WBGene00012243,40,662,702
WBGene00012244,17,1689,1706
WBGene00012245,374,3263,3637
WBGene00012246,0,5,5
WBGene00012247,1,0,1
WBGene00012248,1,1,2
WBGene00012249,2,0,2
WBGene00012250,3,0,3
WBGene00012251,5,69,74
WBGene00012252,135,521,656
WBGene00012253,56,2410,2466
WBGene00012254,17,21,38
WBGene00012255,43,1864,1907
WBGene00012256,11,752,763
WBGene00012257,24,1031,1055
WBGene00012258,35,1137,1172
WBGene00012259,114,390,504
WBGene00012260,2,16,18
WBGene00012261,24,1840,1864
WBGene00012264,3,21,24
WBGene00012265,24,50,74
WBGene00012266,3,5,8
WBGene00012267,2,3,5
WBGene00012268,13,111,124
WBGene00012269,9,1,10
WBGene00012270,16,44,60
WBGene00012271,11,48,59
WBGene00012272,86,49,135
WBGene00012274,667,4506,5173
WBGene00012275,111,426,537
WBGene00012276,68,1287,1355
WBGene00012277,50,341,391
WBGene00012278,0,0,0
WBGene00012279,5,434,439
WBGene00012280,2,49,51
WBGene00012281,87,279,366
WBGene00012282,53,461,514
WBGene00012283,5,1,6
WBGene00012285,1,1,2
WBGene00012286,1,2,3
WBGene00012287,0,3,3
WBGene00012288,2,1,3
WBGene00012289,704,5020,5724
WBGene00012290,18,512,530
WBGene00012291,822,3637,4459
WBGene00012293,84,640,724
WBGene00012294,0,4,4
WBGene00012295,13,65,78
WBGene00012296,8,18,26
WBGene00012297,10,7,17
WBGene00012298,53,1148,1201
WBGene00012299,2,20,22
WBGene00012300,0,2,2
WBGene00012301,0,2,2
WBGene00012302,0,0,0
WBGene00012303,5,0,5
WBGene00012304,40,6,46
WBGene00012305,0,1,1
WBGene00012306,119,354,473
WBGene00012307,6,39,45
WBGene00012308,3,2,5
WBGene00012309,1,4,5
WBGene00012310,2,0,2
WBGene00012311,0,0,0
WBGene00012312,0,0,0
WBGene00012313,0,3,3
WBGene00012314,0,0,0
WBGene00012315,45,399,444
WBGene00012316,165,966,1131
WBGene00012317,176,2271,2447
WBGene00012318,1,2,3
WBGene00012319,197,611,808
WBGene00012321,1,3,4
WBGene00012322,86,985,1071
WBGene00012323,1,8,9
WBGene00012324,1,88,89
WBGene00012325,49,335,384
WBGene00012326,430,1731,2161
WBGene00012328,9,81,90
WBGene00012329,11,11,22
WBGene00012330,25,411,436
WBGene00012332,31,203,234
WBGene00012333,5,17,22
WBGene00012334,9,4,13
WBGene00012335,7,21,28
WBGene00012336,23,63,86
WBGene00012337,513,3331,3844
WBGene00012339,37,411,448
WBGene00012340,47,295,342
WBGene00012341,135,1331,1466
WBGene00012342,278,2447,2725
WBGene00012343,188,2423,2611
WBGene00012344,414,6642,7056
WBGene00012345,6,8,14
WBGene00012346,1,3,4
WBGene00012347,907,458,1365
WBGene00012348,924,4091,5015
WBGene00012349,8,7,15
WBGene00012351,986,7461,8447
WBGene00012352,147,382,529
WBGene00012353,68,1241,1309
WBGene00012354,441,29655,30096
WBGene00012356,10,82,92
WBGene00012357,0,0,0
WBGene00012358,221,2180,2401
WBGene00012359,60,949,1009
WBGene00012360,96,562,658
WBGene00012361,139,6353,6492
WBGene00012362,592,1450,2042
WBGene00012363,152,369,521
WBGene00012364,66,236,302
WBGene00012365,91,1608,1699
WBGene00012366,84,881,965
WBGene00012369,162,1015,1177
WBGene00012370,264,408,672
WBGene00012371,632,894,1526
WBGene00012372,28,168,196
WBGene00012373,3,2,5
WBGene00012374,0,10,10
WBGene00012375,54,1894,1948
WBGene00012376,338,9980,10318
WBGene00012378,3,5,8
WBGene00012379,1,3,4
WBGene00012380,1,0,1
WBGene00012381,60,367,427
WBGene00012382,6653,91839,98492
WBGene00012383,1059,12301,13360
WBGene00012385,80,331,411
WBGene00012386,242844,1755,244599
WBGene00012387,63,182,245
WBGene00012388,54,5,59
WBGene00012389,322,789,1111
WBGene00012390,145,432,577
WBGene00012391,41,433,474
WBGene00012393,110,590,700
WBGene00012394,11,24,35
WBGene00012395,2,326,328
WBGene00012396,35,474,509
WBGene00012397,0,4,4
WBGene00012398,13,41,54
WBGene00012399,44,84,128
WBGene00012400,1,22,23
WBGene00012401,0,7,7
WBGene00012402,1,0,1
WBGene00012404,4,18,22
WBGene00012405,0,2,2
WBGene00012406,7,4,11
WBGene00012407,27,283,310
WBGene00012408,33,234,267
WBGene00012409,4,3,7
WBGene00012411,3,0,3
WBGene00012412,44,19,63
WBGene00012413,7,37,44
WBGene00012414,0,11,11
WBGene00012415,6,5,11
WBGene00012416,13,54,67
WBGene00012420,12,1615,1627
WBGene00012421,122,1134,1256
WBGene00012422,2,16,18
WBGene00012423,226,1839,2065
WBGene00012424,337,1590,1927
WBGene00012425,31,89,120
WBGene00012428,18,99,117
WBGene00012429,2,25,27
WBGene00012431,12,124,136
WBGene00012432,7,20,27
WBGene00012433,8,101,109
WBGene00012434,437,4170,4607
WBGene00012435,0,127,127
WBGene00012436,5,106,111
WBGene00012437,546,4169,4715
WBGene00012439,44,673,717
WBGene00012440,16,1117,1133
WBGene00012441,39,344,383
WBGene00012442,22,55,77
WBGene00012443,215,1959,2174
WBGene00012444,2,1859,1861
WBGene00012445,67,651,718
WBGene00012446,45,240,285
WBGene00012448,21,4,25
WBGene00012449,19,72,91
WBGene00012450,30,118,148
WBGene00012451,20,15,35
WBGene00012452,155,4041,4196
WBGene00012454,0,2,2
WBGene00012455,40,30,70
WBGene00012456,41,114,155
WBGene00012457,68,197,265
WBGene00012458,276,1452,1728
WBGene00012459,37,763,800
WBGene00012460,45,360,405
WBGene00012461,286,473,759
WBGene00012462,314,281,595
WBGene00012463,131,523,654
WBGene00012464,10,88,98
WBGene00012465,153,1574,1727
WBGene00012466,177,280,457
WBGene00012467,2,30,32
WBGene00012468,270,1991,2261
WBGene00012469,45,540,585
WBGene00012470,4,3,7
WBGene00012471,126,6216,6342
WBGene00012472,244,1275,1519
WBGene00012473,55,74,129
WBGene00012474,213,1326,1539
WBGene00012475,12,106,118
WBGene00012476,94,57,151
WBGene00012477,32,55,87
WBGene00012478,472,3203,3675
WBGene00012479,90,776,866
WBGene00012480,5,16,21
WBGene00012481,5,121,126
WBGene00012482,1,3,4
WBGene00012483,23,2148,2171
WBGene00012484,23,2940,2963
WBGene00012486,3,2,5
WBGene00012487,0,7,7
WBGene00012488,4,1,5
WBGene00012489,0,0,0
WBGene00012490,0,9,9
WBGene00012491,40,3,43
WBGene00012492,0,1,1
WBGene00012494,85,152,237
WBGene00012496,84,704,788
WBGene00012497,64,2099,2163
WBGene00012500,3,13,16
WBGene00012501,1,1,2
WBGene00012502,0,1,1
WBGene00012503,14,76,90
WBGene00012504,0,1,1
WBGene00012505,5,6,11
WBGene00012509,0,0,0
WBGene00012510,4,5,9
WBGene00012512,6,91,97
WBGene00012513,12,327,339
WBGene00012514,13,139,152
WBGene00012515,0,5,5
WBGene00012516,0,4,4
WBGene00012518,1,2,3
WBGene00012519,4,1,5
WBGene00012520,0,0,0
WBGene00012521,1,5,6
WBGene00012522,387,1323,1710
WBGene00012523,0,0,0
WBGene00012524,50,324,374
WBGene00012525,3,12,15
WBGene00012526,3,7,10
WBGene00012527,20,81,101
WBGene00012528,451,2057,2508
WBGene00012529,28,167,195
WBGene00012530,300,676,976
WBGene00012531,71,204,275
WBGene00012532,142,345,487
WBGene00012533,1,11,12
WBGene00012535,4,23,27
WBGene00012536,50,247,297
WBGene00012537,4,153,157
WBGene00012538,21,208,229
WBGene00012540,24,136,160
WBGene00012541,6,8,14
WBGene00012542,7,8,15
WBGene00012543,167,1308,1475
WBGene00012544,1251,14046,15297
WBGene00012545,104,495,599
WBGene00012546,10,369,379
WBGene00012547,1,12,13
WBGene00012548,47,791,838
WBGene00012549,83,2,85
WBGene00012550,23,4398,4421
WBGene00012551,5,407,412
WBGene00012552,0,140,140
WBGene00012553,4138,38543,42681
WBGene00012554,94,1549,1643
WBGene00012555,23,406,429
WBGene00012556,209,2263,2472
WBGene00012557,4,0,4
WBGene00012558,149,1311,1460
WBGene00012559,248,452,700
WBGene00012560,545,826,1371
WBGene00012561,2,23,25
WBGene00012562,147,785,932
WBGene00012564,16,136,152
WBGene00012565,6,111,117
WBGene00012566,1,30,31
WBGene00012567,2,23,25
WBGene00012570,3,6,9
WBGene00012571,2,1,3
WBGene00012573,23,126,149
WBGene00012574,0,6,6
WBGene00012575,0,1,1
WBGene00012576,70,289,359
WBGene00012577,0,1,1
WBGene00012578,284,706,990
WBGene00012579,1,0,1
WBGene00012580,3,3,6
WBGene00012581,0,0,0
WBGene00012582,1,7,8
WBGene00012583,1,13,14
WBGene00012584,787,2090,2877
WBGene00012585,27,21,48
WBGene00012586,7,38,45
WBGene00012587,4,13,17
WBGene00012589,1,3,4
WBGene00012590,0,0,0
WBGene00012591,0,376,376
WBGene00012592,1,180,181
WBGene00012593,1,13,14
WBGene00012594,4,17,21
WBGene00012595,3,57,60
WBGene00012596,7,20,27
WBGene00012597,18,175,193
WBGene00012598,552,90,642
WBGene00012600,105,557,662
WBGene00012602,474,5351,5825
WBGene00012603,0,1,1
WBGene00012604,0,71,71
WBGene00012605,14,72,86
WBGene00012606,29,311,340
WBGene00012607,13,59,72
WBGene00012608,1357,12770,14127
WBGene00012609,1,2,3
WBGene00012610,16,104,120
WBGene00012612,2,2,4
WBGene00012614,12,6,18
WBGene00012615,179,3479,3658
WBGene00012616,2,72,74
WBGene00012617,0,2,2
WBGene00012618,6,14,20
WBGene00012621,10,123,133
WBGene00012622,13,49,62
WBGene00012624,46,267,313
WBGene00012625,9,31,40
WBGene00012626,30,119,149
WBGene00012627,18,28,46
WBGene00012628,95,898,993
WBGene00012629,12,53,65
WBGene00012630,1,4,5
WBGene00012631,2,8,10
WBGene00012632,26,128,154
WBGene00012633,8,7,15
WBGene00012634,4,27,31
WBGene00012635,11,103,114
WBGene00012636,2,3,5
WBGene00012637,0,9,9
WBGene00012638,1,4,5
WBGene00012639,28,62,90
WBGene00012640,18,45,63
WBGene00012641,182,1099,1281
WBGene00012642,18,24,42
WBGene00012643,14,1195,1209
WBGene00012644,365,809,1174
WBGene00012645,200,1848,2048
WBGene00012646,72,1204,1276
WBGene00012647,58,413,471
WBGene00012648,168,3746,3914
WBGene00012649,0,14,14
WBGene00012650,6,459,465
WBGene00012651,72,326,398
WBGene00012652,13,1261,1274
WBGene00012654,45,56,101
WBGene00012655,15,5,20
WBGene00012656,8,2,10
WBGene00012657,114,373,487
WBGene00012658,311,1417,1728
WBGene00012659,0,9,9
WBGene00012660,24,917,941
WBGene00012661,5,4,9
WBGene00012662,87,876,963
WBGene00012663,78,509,587
WBGene00012664,2,489,491
WBGene00012665,112,1111,1223
WBGene00012666,211,1667,1878
WBGene00012668,713,2696,3409
WBGene00012669,15,46,61
WBGene00012670,17,25,42
WBGene00012671,4,12,16
WBGene00012672,1,1,2
WBGene00012673,12,42,54
WBGene00012674,170,675,845
WBGene00012675,162,812,974
WBGene00012676,504,2167,2671
WBGene00012678,23,75,98
WBGene00012679,1,9,10
WBGene00012681,2,1,3
WBGene00012682,12,0,12
WBGene00012683,0,4,4
WBGene00012684,9,5,14
WBGene00012686,3,28,31
WBGene00012688,0,4,4
WBGene00012689,2,7,9
WBGene00012691,1,2,3
WBGene00012692,504,3301,3805
WBGene00012693,161,1195,1356
WBGene00012694,104,951,1055
WBGene00012695,15,672,687
WBGene00012696,9,147,156
WBGene00012697,61,1991,2052
WBGene00012698,10,158,168
WBGene00012699,13,2,15
WBGene00012700,12,111,123
WBGene00012701,85,334,419
WBGene00012702,10,24,34
WBGene00012703,57,152,209
WBGene00012704,36,137,173
WBGene00012705,5,47,52
WBGene00012707,6,11,17
WBGene00012708,4,21,25
WBGene00012709,26,85,111
WBGene00012710,12,395,407
WBGene00012711,12,58,70
WBGene00012712,98,230,328
WBGene00012713,151,3463,3614
WBGene00012714,91,2344,2435
WBGene00012715,15,464,479
WBGene00012716,3,102,105
WBGene00012717,603,6064,6667
WBGene00012718,289,296,585
WBGene00012719,103,250,353
WBGene00012720,2,1,3
WBGene00012721,23,15,38
WBGene00012722,76,1407,1483
WBGene00012723,13,343,356
WBGene00012724,5,5,10
WBGene00012725,0,9,9
WBGene00012726,4,6,10
WBGene00012727,0,2,2
WBGene00012728,17,228,245
WBGene00012729,0,2,2
WBGene00012730,631,1143,1774
WBGene00012731,3,38,41
WBGene00012732,211,516,727
WBGene00012733,21,14,35
WBGene00012734,311,214,525
WBGene00012735,499,976,1475
WBGene00012738,73,5046,5119
WBGene00012739,836,3403,4239
WBGene00012740,67,926,993
WBGene00012741,11,20,31
WBGene00012742,0,0,0
WBGene00012743,11,2,13
WBGene00012744,174,137,311
WBGene00012746,4,1,5
WBGene00012747,19,16,35
WBGene00012748,0,10,10
WBGene00012750,269,169,438
WBGene00012753,78,935,1013
WBGene00012754,21,74,95
WBGene00012755,28,279,307
WBGene00012756,149,523,672
WBGene00012757,58,614,672
WBGene00012758,34,274,308
WBGene00012759,123,3892,4015
WBGene00012760,11841,1282,13123
WBGene00012761,1,3,4
WBGene00012762,122,2179,2301
WBGene00012763,332,931,1263
WBGene00012764,0,238,238
WBGene00012765,238,2345,2583
WBGene00012766,68,1981,2049
WBGene00012767,364,694,1058
WBGene00012768,52,36125,36177
WBGene00012769,351,2718,3069
WBGene00012770,295,73,368
WBGene00012771,0,2,2
WBGene00012772,17,1,18
WBGene00012773,4,0,4
WBGene00012775,51,4,55
WBGene00012776,57,226,283
WBGene00012777,5,66,71
WBGene00012778,10,116,126
WBGene00012779,99,387,486
WBGene00012780,10,43,53
WBGene00012781,0,23,23
WBGene00012782,73,437,510
WBGene00012783,7,349,356
WBGene00012784,6,5,11
WBGene00012785,0,4,4
WBGene00012786,1,20,21
WBGene00012787,9,36,45
WBGene00012788,70,3,73
WBGene00012789,0,0,0
WBGene00012790,0,0,0
WBGene00012791,157,34,191
WBGene00012792,0,3,3
WBGene00012794,43,1624,1667
WBGene00012795,3,27,30
WBGene00012796,42,324,366
WBGene00012798,2,27,29
WBGene00012799,2,35,37
WBGene00012802,121,406,527
WBGene00012803,43,2367,2410
WBGene00012804,91,877,968
WBGene00012806,16,363,379
WBGene00012807,97,962,1059
WBGene00012808,15,53,68
WBGene00012809,2,2,4
WBGene00012810,2,6,8
WBGene00012811,46,331,377
WBGene00012812,670,6801,7471
WBGene00012813,1763,11134,12897
WBGene00012814,57,101,158
WBGene00012815,19,73,92
WBGene00012816,3,1,4
WBGene00012818,1,0,1
WBGene00012819,29,194,223
WBGene00012820,62,5,67
WBGene00012821,66,584,650
WBGene00012822,2,5,7
WBGene00012823,3,20,23
WBGene00012824,4,17,21
WBGene00012825,119,733,852
WBGene00012826,69,382,451
WBGene00012827,0,6,6
WBGene00012828,410,180,590
WBGene00012829,316,2131,2447
WBGene00012830,35,1566,1601
WBGene00012831,3,7,10
WBGene00012832,412,1,413
WBGene00012833,28,642,670
WBGene00012834,34,224,258
WBGene00012835,28,178,206
WBGene00012836,2,0,2
WBGene00012837,0,1,1
WBGene00012838,2,4,6
WBGene00012839,4,0,4
WBGene00012840,109,525,634
WBGene00012841,0,1,1
WBGene00012844,0,0,0
WBGene00012845,82,105,187
WBGene00012846,2,2,4
WBGene00012847,8,14,22
WBGene00012848,3,4,7
WBGene00012849,2,1,3
WBGene00012850,872,5120,5992
WBGene00012851,1,36,37
WBGene00012852,31,26,57
WBGene00012853,348,22858,23206
WBGene00012854,188,1928,2116
WBGene00012855,7,27,34
WBGene00012856,27,95,122
WBGene00012857,150,766,916
WBGene00012858,87,834,921
WBGene00012859,26,107,133
WBGene00012860,36,392,428
WBGene00012861,33,916,949
WBGene00012862,4,2,6
WBGene00012863,7,10,17
WBGene00012864,21,73,94
WBGene00012866,21,58,79
WBGene00012867,25,389,414
WBGene00012868,552,1120,1672
WBGene00012869,39,468,507
WBGene00012871,0,0,0
WBGene00012872,1,1,2
WBGene00012873,1,6,7
WBGene00012874,0,0,0
WBGene00012875,1158,10736,11894
WBGene00012877,51,54,105
WBGene00012878,0,0,0
WBGene00012879,5,68,73
WBGene00012880,4,5,9
WBGene00012883,15,200,215
WBGene00012885,288,2693,2981
WBGene00012886,11,48,59
WBGene00012887,189,1836,2025
WBGene00012888,28,468,496
WBGene00012889,119,326,445
WBGene00012890,62,278,340
WBGene00012891,526,3656,4182
WBGene00012892,9,7,16
WBGene00012893,6,24,30
WBGene00012894,1202,1450,2652
WBGene00012895,318,602,920
WBGene00012896,100,3667,3767
WBGene00012897,19,1151,1170
WBGene00012899,7,55,62
WBGene00012900,1,38,39
WBGene00012901,43,84,127
WBGene00012903,164,2244,2408
WBGene00012904,46,642,688
WBGene00012905,0,2,2
WBGene00012906,42,289,331
WBGene00012907,2062,4226,6288
WBGene00012908,199,684,883
WBGene00012909,307,431,738
WBGene00012910,12,34,46
WBGene00012911,48,311,359
WBGene00012912,1,3,4
WBGene00012913,0,0,0
WBGene00012914,2,10,12
WBGene00012915,40,62,102
WBGene00012916,1,1,2
WBGene00012917,30,9,39
WBGene00012919,24,11,35
WBGene00012920,148,274,422
WBGene00012921,0,101,101
WBGene00012922,7,95,102
WBGene00012923,10,148,158
WBGene00012925,4,2,6
WBGene00012926,1,3,4
WBGene00012927,47,260,307
WBGene00012928,21,515,536
WBGene00012929,348,2529,2877
WBGene00012930,173,550,723
WBGene00012931,106,714,820
WBGene00012932,162,1785,1947
WBGene00012933,0,67,67
WBGene00012934,212,774,986
WBGene00012935,157,316,473
WBGene00012936,197,1488,1685
WBGene00012937,0,5,5
WBGene00012938,159,122,281
WBGene00012939,64,309,373
WBGene00012940,12,19,31
WBGene00012941,20,148,168
WBGene00012942,7,1893,1900
WBGene00012943,237,680,917
WBGene00012945,0,0,0
WBGene00012946,9,100,109
WBGene00012947,1,7,8
WBGene00012948,245,333,578
WBGene00012950,47,742,789
WBGene00012951,164,1048,1212
WBGene00012952,3,23,26
WBGene00012953,11,181,192
WBGene00012955,0,3,3
WBGene00012958,9,9,18
WBGene00012959,4,19,23
WBGene00012960,294,1559,1853
WBGene00012961,13,131,144
WBGene00012962,26,119,145
WBGene00012964,234,10695,10929
WBGene00012965,0,10,10
WBGene00012966,11,828,839
WBGene00012967,111,172,283
WBGene00012968,33,207,240
WBGene00012969,3,29,32
WBGene00012970,14,48,62
WBGene00012972,98,694,792
WBGene00012973,899,3837,4736
WBGene00012976,186,416,602
WBGene00012977,254,586,840
WBGene00012978,324,2929,3253
WBGene00012979,6,43,49
WBGene00012980,816,1410,2226
WBGene00012981,3,8,11
WBGene00012982,191,1043,1234
WBGene00012983,254,2902,3156
WBGene00012984,116,609,725
WBGene00012985,14,2,16
WBGene00012987,186,990,1176
WBGene00012988,247,917,1164
WBGene00012989,1171,1119,2290
WBGene00012990,422,1024,1446
WBGene00012992,169,2142,2311
WBGene00012993,164,608,772
WBGene00012994,214,568,782
WBGene00012995,433,714,1147
WBGene00012996,243,1031,1274
WBGene00012997,24,541,565
WBGene00012998,372,530,902
WBGene00012999,461,2625,3086
WBGene00013000,705,264,969
WBGene00013001,474,983,1457
WBGene00013002,581,753,1334
WBGene00013004,423,2948,3371
WBGene00013006,191,367,558
WBGene00013007,25,216,241
WBGene00013008,43,345,388
WBGene00013009,6,63,69
WBGene00013011,55,379,434
WBGene00013013,36,362,398
WBGene00013014,166,655,821
WBGene00013015,168,468,636
WBGene00013017,52,1539,1591
WBGene00013018,18,1143,1161
WBGene00013019,116,323,439
WBGene00013020,170,1173,1343
WBGene00013021,122,622,744
WBGene00013023,51,261,312
WBGene00013024,12,106,118
WBGene00013025,265,5991,6256
WBGene00013026,5,620,625
WBGene00013027,26,356,382
WBGene00013028,31,136,167
WBGene00013029,101,1539,1640
WBGene00013030,51,300,351
WBGene00013033,16,179,195
WBGene00013034,704,1215,1919
WBGene00013035,46,217,263
WBGene00013036,6,0,6
WBGene00013037,50,297,347
WBGene00013038,56,1422,1478
WBGene00013039,212,1143,1355
WBGene00013040,313,608,921
WBGene00013041,6,36,42
WBGene00013042,232,1115,1347
WBGene00013043,69,96,165
WBGene00013044,29,2,31
WBGene00013045,1,2,3
WBGene00013046,21,233,254
WBGene00013047,0,0,0
WBGene00013048,16,326,342
WBGene00013049,4,4,8
WBGene00013050,2,2,4
WBGene00013052,1,7,8
WBGene00013053,5,12,17
WBGene00013054,2,19,21
WBGene00013055,37,189,226
WBGene00013058,25,3,28
WBGene00013060,3,3,6
WBGene00013061,0,3,3
WBGene00013062,1,2,3
WBGene00013063,0,0,0
WBGene00013064,0,0,0
WBGene00013066,5,4,9
WBGene00013067,2,0,2
WBGene00013068,3,1,4
WBGene00013069,5,2,7
WBGene00013070,1,0,1
WBGene00013071,0,32,32
WBGene00013072,28,34,62
WBGene00013073,42,119,161
WBGene00013074,10,223,233
WBGene00013075,155,453,608
WBGene00013076,24,45,69
WBGene00013077,1878,18504,20382
WBGene00013078,746,7484,8230
WBGene00013079,1825,10427,12252
WBGene00013080,192,524,716
WBGene00013081,1118,24414,25532
WBGene00013082,195,706,901
WBGene00013083,71,348,419
WBGene00013085,5,0,5
WBGene00013086,0,1,1
WBGene00013087,0,0,0
WBGene00013088,9,18,27
WBGene00013089,1,0,1
WBGene00013090,1,0,1
WBGene00013091,2,11,13
WBGene00013093,609,473,1082
WBGene00013094,1078,12165,13243
WBGene00013095,181,728,909
WBGene00013096,324,821,1145
WBGene00013098,113,368,481
WBGene00013099,43,31,74
WBGene00013100,2,14,16
WBGene00013101,8,13,21
WBGene00013102,0,0,0
WBGene00013103,28,411,439
WBGene00013104,327,5158,5485
WBGene00013105,2,1,3
WBGene00013106,60,1314,1374
WBGene00013107,5,17,22
WBGene00013109,29,2285,2314
WBGene00013111,168,1902,2070
WBGene00013115,1,2,3
WBGene00013116,17,23,40
WBGene00013117,0,0,0
WBGene00013118,18,116,134
WBGene00013119,108,140,248
WBGene00013120,0,1,1
WBGene00013121,8,1,9
WBGene00013122,40,333,373
WBGene00013123,290,514,804
WBGene00013124,1681,1003,2684
WBGene00013125,14,63,77
WBGene00013126,7,3,10
WBGene00013127,29,88,117
WBGene00013128,104,892,996
WBGene00013129,341,1592,1933
WBGene00013130,1,5,6
WBGene00013131,188,63,251
WBGene00013132,89,613,702
WBGene00013135,61,454,515
WBGene00013136,55,1037,1092
WBGene00013137,54,490,544
WBGene00013138,14,8,22
WBGene00013139,56,549,605
WBGene00013140,24,800,824
WBGene00013141,9,10,19
WBGene00013142,241,12,253
WBGene00013143,13,1106,1119
WBGene00013144,523,2861,3384
WBGene00013145,12,56,68
WBGene00013146,33,206,239
WBGene00013147,1,25,26
WBGene00013148,1,0,1
WBGene00013149,61,31,92
WBGene00013150,26,908,934
WBGene00013151,134,968,1102
WBGene00013152,2,1,3
WBGene00013154,0,2,2
WBGene00013156,14,485,499
WBGene00013157,2,6,8
WBGene00013158,7,14,21
WBGene00013159,130,335,465
WBGene00013160,693,1088,1781
WBGene00013161,413,1073,1486
WBGene00013162,11,5,16
WBGene00013163,2,1,3
WBGene00013164,86,294,380
WBGene00013165,5,17,22
WBGene00013166,6,121,127
WBGene00013167,384,340,724
WBGene00013168,116,2593,2709
WBGene00013169,14,185,199
WBGene00013170,3,2,5
WBGene00013171,76,10,86
WBGene00013172,0,0,0
WBGene00013173,35,27,62
WBGene00013175,8,8,16
WBGene00013176,63,1038,1101
WBGene00013177,178,1859,2037
WBGene00013178,79,661,740
WBGene00013179,1,2,3
WBGene00013180,79,857,936
WBGene00013181,1167,7954,9121
WBGene00013182,2,2,4
WBGene00013184,0,0,0
WBGene00013186,3,1,4
WBGene00013187,44,321,365
WBGene00013188,53,186,239
WBGene00013189,371,770,1141
WBGene00013190,7,20,27
WBGene00013192,2,8,10
WBGene00013193,49,355,404
WBGene00013194,1,5,6
WBGene00013195,46,230,276
WBGene00013196,14,175,189
WBGene00013197,44,235,279
WBGene00013198,17,70,87
WBGene00013200,337,4296,4633
WBGene00013201,46,719,765
WBGene00013202,63,806,869
WBGene00013203,51,473,524
WBGene00013204,20,462,482
WBGene00013207,9,32,41
WBGene00013208,17,77,94
WBGene00013209,61,1130,1191
WBGene00013210,0,4766,4766
WBGene00013211,43,423,466
WBGene00013212,91,146,237
WBGene00013213,123,1493,1616
WBGene00013214,43,263,306
WBGene00013215,26,280,306
WBGene00013216,24,520,544
WBGene00013217,157,959,1116
WBGene00013218,58,1093,1151
WBGene00013219,39,2298,2337
WBGene00013220,0,1,1
WBGene00013221,21,29,50
WBGene00013222,194,735,929
WBGene00013223,216,1631,1847
WBGene00013224,82,507,589
WBGene00013225,229,826,1055
WBGene00013226,17,0,17
WBGene00013227,16,105,121
WBGene00013228,1973,2327,4300
WBGene00013230,0,1,1
WBGene00013231,29,331,360
WBGene00013232,249,414,663
WBGene00013233,0,6,6
WBGene00013234,1,13,14
WBGene00013235,12,67,79
WBGene00013236,35,2145,2180
WBGene00013237,102,6701,6803
WBGene00013238,658,10502,11160
WBGene00013239,142,1119,1261
WBGene00013240,185,489,674
WBGene00013241,34,405,439
WBGene00013242,47,189,236
WBGene00013243,106,297,403
WBGene00013244,68,119,187
WBGene00013246,50,67,117
WBGene00013247,46,45,91
WBGene00013248,17,65,82
WBGene00013249,10,27,37
WBGene00013250,3,28,31
WBGene00013252,36,45,81
WBGene00013253,59,173,232
WBGene00013254,3,7,10
WBGene00013255,366,2102,2468
WBGene00013256,55,1143,1198
WBGene00013257,17,79,96
WBGene00013258,522,258,780
WBGene00013259,103,541,644
WBGene00013260,28,726,754
WBGene00013261,159,151,310
WBGene00013263,163,2082,2245
WBGene00013264,19,19,38
WBGene00013265,141,505,646
WBGene00013266,66,1247,1313
WBGene00013267,167,1314,1481
WBGene00013268,36,452,488
WBGene00013269,8,1614,1622
WBGene00013270,126,300,426
WBGene00013272,49,110,159
WBGene00013273,189,1070,1259
WBGene00013274,126,19,145
WBGene00013275,51,1647,1698
WBGene00013276,8,22,30
WBGene00013277,0,9,9
WBGene00013278,2,11,13
WBGene00013279,1,1,2
WBGene00013280,0,0,0
WBGene00013281,6,34,40
WBGene00013282,1,5,6
WBGene00013284,5,516,521
WBGene00013285,13,25,38
WBGene00013286,5,66,71
WBGene00013287,49,207,256
WBGene00013288,2,2,4
WBGene00013289,798,2278,3076
WBGene00013290,0,1,1
WBGene00013292,96,611,707
WBGene00013293,27,274,301
WBGene00013294,4,10,14
WBGene00013295,7,217,224
WBGene00013296,0,1,1
WBGene00013297,23,4,27
WBGene00013298,9,69,78
WBGene00013299,1,6,7
WBGene00013300,8,4,12
WBGene00013301,22,2023,2045
WBGene00013302,21,482,503
WBGene00013303,88,161,249
WBGene00013304,16,30,46
WBGene00013305,0,0,0
WBGene00013306,6,30,36
WBGene00013307,119,3122,3241
WBGene00013308,1292,20545,21837
WBGene00013310,45,60,105
WBGene00013311,61,15474,15535
WBGene00013312,13,176,189
WBGene00013313,15,6,21
WBGene00013315,0,0,0
WBGene00013317,672,2150,2822
WBGene00013318,16,1,17
WBGene00013319,0,2,2
WBGene00013321,102,1389,1491
WBGene00013322,34,173,207
WBGene00013323,12,1014,1026
WBGene00013324,216,2924,3140
WBGene00013325,40,304,344
WBGene00013326,224,622,846
WBGene00013327,621,1636,2257
WBGene00013328,9,8,17
WBGene00013329,0,26,26
WBGene00013330,0,65,65
WBGene00013331,41,22,63
WBGene00013332,28,776,804
WBGene00013333,18,43,61
WBGene00013334,381,2465,2846
WBGene00013335,54,376,430
WBGene00013336,35,91,126
WBGene00013337,6,2,8
WBGene00013338,2,4,6
WBGene00013339,175,639,814
WBGene00013340,298,4148,4446
WBGene00013343,607,3196,3803
WBGene00013344,61,89,150
WBGene00013345,86,1579,1665
WBGene00013347,701,3091,3792
WBGene00013348,24,85,109
WBGene00013349,2,62,64
WBGene00013350,224,408,632
WBGene00013351,5,1,6
WBGene00013352,172,1262,1434
WBGene00013353,92,161,253
WBGene00013354,479,1967,2446
WBGene00013355,321,1500,1821
WBGene00013356,17,40,57
WBGene00013357,12,4,16
WBGene00013358,54,481,535
WBGene00013359,35,366,401
WBGene00013360,308,4205,4513
WBGene00013361,406,1028,1434
WBGene00013362,81,95,176
WBGene00013364,8,112,120
WBGene00013365,194,1453,1647
WBGene00013366,687,1931,2618
WBGene00013367,6,12,18
WBGene00013368,16,31,47
WBGene00013370,0,10,10
WBGene00013371,0,0,0
WBGene00013373,53,2025,2078
WBGene00013374,0,1,1
WBGene00013375,32,50,82
WBGene00013376,70,560,630
WBGene00013378,21,1674,1695
WBGene00013379,378,1679,2057
WBGene00013380,0,49,49
WBGene00013381,157,44,201
WBGene00013382,25,403,428
WBGene00013383,16,63,79
WBGene00013385,31,205,236
WBGene00013387,173,851,1024
WBGene00013388,0,6,6
WBGene00013389,3,2,5
WBGene00013390,0,1,1
WBGene00013391,1,3,4
WBGene00013392,2,4,6
WBGene00013393,0,2,2
WBGene00013394,0,1,1
WBGene00013395,4,3,7
WBGene00013396,2,0,2
WBGene00013397,9,4,13
WBGene00013398,2,8,10
WBGene00013399,5,4,9
WBGene00013400,2,2,4
WBGene00013401,89,242,331
WBGene00013402,20,114,134
WBGene00013403,21,41,62
WBGene00013404,6,93,99
WBGene00013405,38,162,200
WBGene00013406,556,7825,8381
WBGene00013407,30,369,399
WBGene00013408,6,6,12
WBGene00013409,1,42,43
WBGene00013411,6,2,8
WBGene00013412,1,12,13
WBGene00013415,267,1441,1708
WBGene00013416,290,758,1048
WBGene00013417,65,55,120
WBGene00013418,116,996,1112
WBGene00013419,19,42,61
WBGene00013421,4,15,19
WBGene00013422,147,624,771
WBGene00013424,4,10,14
WBGene00013425,73,163,236
WBGene00013426,17,183,200
WBGene00013427,2,23,25
WBGene00013429,7,2,9
WBGene00013431,99,122,221
WBGene00013432,10,61,71
WBGene00013433,1,250,251
WBGene00013434,156,814,970
WBGene00013435,199,2349,2548
WBGene00013436,123,980,1103
WBGene00013437,7,13,20
WBGene00013438,1,405,406
WBGene00013439,6,25,31
WBGene00013440,26,90,116
WBGene00013441,116,778,894
WBGene00013442,15,73,88
WBGene00013443,89,168,257
WBGene00013445,15,134,149
WBGene00013446,293,688,981
WBGene00013447,207,689,896
WBGene00013448,165,1012,1177
WBGene00013449,5,15,20
WBGene00013450,4,12,16
WBGene00013451,5,7,12
WBGene00013452,4,3,7
WBGene00013453,70,622,692
WBGene00013454,3,7,10
WBGene00013455,170,611,781
WBGene00013456,94,521,615
WBGene00013457,48,48,96
WBGene00013458,38,690,728
WBGene00013459,561,3770,4331
WBGene00013460,327,795,1122
WBGene00013461,287,1107,1394
WBGene00013462,125,1465,1590
WBGene00013463,0,9771,9771
WBGene00013464,75,410,485
WBGene00013465,54,570,624
WBGene00013466,1,0,1
WBGene00013468,4,0,4
WBGene00013469,2,0,2
WBGene00013470,1,1,2
WBGene00013471,0,1,1
WBGene00013472,6,2,8
WBGene00013473,1,0,1
WBGene00013474,0,7,7
WBGene00013475,0,1,1
WBGene00013476,0,3,3
WBGene00013477,69,2315,2384
WBGene00013478,0,5,5
WBGene00013479,67,192,259
WBGene00013480,35,11,46
WBGene00013481,696,6094,6790
WBGene00013482,58,580,638
WBGene00013483,1,2,3
WBGene00013484,28,25,53
WBGene00013485,96,171,267
WBGene00013486,56,88,144
WBGene00013487,15,11,26
WBGene00013489,22,6506,6528
WBGene00013490,12,75,87
WBGene00013491,0,0,0
WBGene00013492,1,9,10
WBGene00013493,2,210,212
WBGene00013494,10,7,17
WBGene00013496,70,178,248
WBGene00013497,25,132,157
WBGene00013498,7,6,13
WBGene00013499,52,225,277
WBGene00013500,0,0,0
WBGene00013501,0,5,5
WBGene00013502,5,0,5
WBGene00013503,21,1,22
WBGene00013505,8,9,17
WBGene00013506,168,299,467
WBGene00013507,11,38,49
WBGene00013508,0,3,3
WBGene00013509,14,165,179
WBGene00013511,5,0,5
WBGene00013512,18,17,35
WBGene00013513,0,7,7
WBGene00013514,1198,13120,14318
WBGene00013515,368,3530,3898
WBGene00013516,94,813,907
WBGene00013517,69,54,123
WBGene00013518,152,846,998
WBGene00013519,2,0,2
WBGene00013520,14,7,21
WBGene00013521,1,2,3
WBGene00013522,136,375,511
WBGene00013523,0,1,1
WBGene00013524,0,1,1
WBGene00013525,3,7,10
WBGene00013526,2,7,9
WBGene00013527,3,1,4
WBGene00013528,2,2,4
WBGene00013529,228,701,929
WBGene00013530,290,1120,1410
WBGene00013531,201,1260,1461
WBGene00013532,14,1269,1283
WBGene00013534,120,170,290
WBGene00013536,113,30,143
WBGene00013538,133,775,908
WBGene00013539,24,74,98
WBGene00013540,27,236,263
WBGene00013541,23,63,86
WBGene00013542,40,452,492
WBGene00013543,130,191,321
WBGene00013544,276,2744,3020
WBGene00013545,380,1039,1419
WBGene00013547,16,43,59
WBGene00013548,262,676,938
WBGene00013549,144,640,784
WBGene00013550,60,1453,1513
WBGene00013551,38,208,246
WBGene00013552,7,173,180
WBGene00013553,104,862,966
WBGene00013554,83,254,337
WBGene00013555,5,14,19
WBGene00013556,155,668,823
WBGene00013557,503,1511,2014
WBGene00013558,84,718,802
WBGene00013559,64,170,234
WBGene00013560,77,372,449
WBGene00013561,108,736,844
WBGene00013562,11,24,35
WBGene00013563,48,68,116
WBGene00013564,19,20,39
WBGene00013565,0,2,2
WBGene00013566,1,1,2
WBGene00013567,11,48,59
WBGene00013568,97,1108,1205
WBGene00013569,9,250,259
WBGene00013570,0,0,0
WBGene00013572,0,0,0
WBGene00013573,64,20,84
WBGene00013574,94,41,135
WBGene00013575,36,566,602
WBGene00013576,8,174,182
WBGene00013577,1268,9419,10687
WBGene00013578,47,114,161
WBGene00013579,23,3,26
WBGene00013580,923,1225,2148
WBGene00013581,2,1,3
WBGene00013583,1,1,2
WBGene00013584,44,167,211
WBGene00013585,8,111,119
WBGene00013586,7,3,10
WBGene00013587,31,60,91
WBGene00013588,916,9619,10535
WBGene00013590,0,2,2
WBGene00013591,71,755,826
WBGene00013592,24,27,51
WBGene00013593,139,710,849
WBGene00013594,146,194,340
WBGene00013595,70,528,598
WBGene00013596,28,670,698
WBGene00013597,452,4703,5155
WBGene00013598,105,1395,1500
WBGene00013599,377,526,903
WBGene00013601,79,623,702
WBGene00013602,24,267,291
WBGene00013603,110,1853,1963
WBGene00013604,58,742,800
WBGene00013605,120,1211,1331
WBGene00013606,242,1301,1543
WBGene00013607,1,4,5
WBGene00013608,2,1,3
WBGene00013609,2,17,19
WBGene00013610,1,96,97
WBGene00013611,2,43,45
WBGene00013613,1,1,2
WBGene00013616,0,1,1
WBGene00013619,1,3,4
WBGene00013620,2,4,6
WBGene00013621,4,1,5
WBGene00013622,0,1,1
WBGene00013623,13,193,206
WBGene00013626,0,1,1
WBGene00013628,2,0,2
WBGene00013629,6,3,9
WBGene00013631,9,6,15
WBGene00013632,45,267,312
WBGene00013633,33,141,174
WBGene00013634,17,12,29
WBGene00013635,0,0,0
WBGene00013636,0,55,55
WBGene00013637,11,12,23
WBGene00013639,1700,645,2345
WBGene00013642,164,614,778
WBGene00013643,13,55,68
WBGene00013645,2,6,8
WBGene00013646,9,10,19
WBGene00013647,257,1656,1913
WBGene00013649,13,9,22
WBGene00013650,4,110,114
WBGene00013651,19,13,32
WBGene00013653,2,5,7
WBGene00013654,7,45,52
WBGene00013655,13,23,36
WBGene00013656,1,7,8
WBGene00013657,0,1,1
WBGene00013658,22,174,196
WBGene00013659,1,20,21
WBGene00013662,21,177,198
WBGene00013665,49,239,288
WBGene00013666,100,584,684
WBGene00013667,108,741,849
WBGene00013668,102,990,1092
WBGene00013669,23,144,167
WBGene00013670,378,1565,1943
WBGene00013671,83,1067,1150
WBGene00013672,68,90,158
WBGene00013673,116,216,332
WBGene00013674,90,507,597
WBGene00013676,144,1311,1455
WBGene00013677,377,1711,2088
WBGene00013678,266,1265,1531
WBGene00013679,139,969,1108
WBGene00013680,301,747,1048
WBGene00013682,1278,1792,3070
WBGene00013683,217,2489,2706
WBGene00013684,3,0,3
WBGene00013685,14,38,52
WBGene00013687,166,822,988
WBGene00013688,232,2874,3106
WBGene00013689,14,687,701
WBGene00013690,60,1002,1062
WBGene00013691,47,325,372
WBGene00013692,88,774,862
WBGene00013693,80,81,161
WBGene00013694,52,607,659
WBGene00013695,128,946,1074
WBGene00013696,0,4,4
WBGene00013697,10,411,421
WBGene00013698,27,385,412
WBGene00013699,0,3,3
WBGene00013700,0,33,33
WBGene00013701,0,70,70
WBGene00013702,83,208,291
WBGene00013703,230,1084,1314
WBGene00013704,42,194,236
WBGene00013705,1,2,3
WBGene00013708,7,270,277
WBGene00013709,139,2386,2525
WBGene00013710,1,19,20
WBGene00013711,90,767,857
WBGene00013712,2,1,3
WBGene00013713,6,137,143
WBGene00013715,4,142,146
WBGene00013716,11,159,170
WBGene00013717,6,211,217
WBGene00013718,48,1004,1052
WBGene00013719,21,436,457
WBGene00013720,2,509,511
WBGene00013721,2,11,13
WBGene00013723,0,54,54
WBGene00013724,45,258,303
WBGene00013725,54,649,703
WBGene00013726,51,371,422
WBGene00013727,10,115,125
WBGene00013728,26,434,460
WBGene00013729,9,215,224
WBGene00013730,683,2101,2784
WBGene00013732,1720,1202,2922
WBGene00013734,483,1871,2354
WBGene00013735,1489,2632,4121
WBGene00013736,29,908,937
WBGene00013737,374,907,1281
WBGene00013738,212,963,1175
WBGene00013739,86,42,128
WBGene00013740,24,1007,1031
WBGene00013741,9,23,32
WBGene00013742,60,67,127
WBGene00013744,1,8,9
WBGene00013746,193,350,543
WBGene00013747,12,2,14
WBGene00013748,37,391,428
WBGene00013749,14,41,55
WBGene00013750,4,9,13
WBGene00013751,24,228,252
WBGene00013752,34,884,918
WBGene00013753,43,176,219
WBGene00013754,1,0,1
WBGene00013755,4,29,33
WBGene00013756,5,106,111
WBGene00013757,2,1,3
WBGene00013758,5,151,156
WBGene00013759,1,0,1
WBGene00013760,2,3,5
WBGene00013761,5,162,167
WBGene00013762,4,23,27
WBGene00013764,38,24,62
WBGene00013765,134,1392,1526
WBGene00013766,143,17065,17208
WBGene00013768,203,385,588
WBGene00013771,9,4,13
WBGene00013773,5,6,11
WBGene00013774,83,66,149
WBGene00013775,2,23,25
WBGene00013776,1,62,63
WBGene00013777,0,6,6
WBGene00013778,16,25,41
WBGene00013779,3,28,31
WBGene00013781,78,295,373
WBGene00013782,91,387,478
WBGene00013784,1174,7121,8295
WBGene00013785,4,4,8
WBGene00013786,1,10,11
WBGene00013789,103,424,527
WBGene00013790,92,555,647
WBGene00013791,0,0,0
WBGene00013792,130,203,333
WBGene00013794,0,6,6
WBGene00013795,0,1,1
WBGene00013796,0,2,2
WBGene00013797,0,2,2
WBGene00013798,2,0,2
WBGene00013799,2,15,17
WBGene00013800,11,3,14
WBGene00013801,4,12,16
WBGene00013802,98,133,231
WBGene00013803,327,1683,2010
WBGene00013804,321,2154,2475
WBGene00013805,424,2873,3297
WBGene00013806,52,279,331
WBGene00013807,341,601,942
WBGene00013808,280,1478,1758
WBGene00013809,25,8,33
WBGene00013810,0,1,1
WBGene00013811,3,4,7
WBGene00013812,47,144,191
WBGene00013814,26,22,48
WBGene00013815,0,2,2
WBGene00013816,5,6,11
WBGene00013817,14,41,55
WBGene00013819,90,1206,1296
WBGene00013820,4,0,4
WBGene00013822,3,7,10
WBGene00013823,28,0,28
WBGene00013824,1,2,3
WBGene00013825,47,84,131
WBGene00013827,0,0,0
WBGene00013828,24,4,28
WBGene00013829,0,23,23
WBGene00013830,1,10,11
WBGene00013831,11,4,15
WBGene00013832,1,22,23
WBGene00013833,5,89,94
WBGene00013834,9,2,11
WBGene00013835,12,60,72
WBGene00013836,11,27,38
WBGene00013837,0,21,21
WBGene00013838,9,85,94
WBGene00013839,8,23,31
WBGene00013840,0,3,3
WBGene00013844,4,7,11
WBGene00013845,24,287,311
WBGene00013846,5,28,33
WBGene00013847,191,1461,1652
WBGene00013848,186,592,778
WBGene00013849,26,44,70
WBGene00013850,104,90,194
WBGene00013852,30,198,228
WBGene00013853,2,4124,4126
WBGene00013854,3,1,4
WBGene00013855,61,521,582
WBGene00013856,0,25,25
WBGene00013857,43,255,298
WBGene00013858,0,1,1
WBGene00013859,590,10368,10958
WBGene00013860,153,1710,1863
WBGene00013862,12,212,224
WBGene00013863,2,5,7
WBGene00013865,21,277,298
WBGene00013866,216,1724,1940
WBGene00013867,50,133,183
WBGene00013868,0,15,15
WBGene00013869,150,1138,1288
WBGene00013870,23,223,246
WBGene00013871,4,20,24
WBGene00013872,147,530,677
WBGene00013873,18,9,27
WBGene00013874,6,75,81
WBGene00013875,9,25,34
WBGene00013876,7,148,155
WBGene00013877,80,663,743
WBGene00013878,223,1464,1687
WBGene00013879,4,17,21
WBGene00013880,24,1158,1182
WBGene00013881,28,380,408
WBGene00013882,873,7230,8103
WBGene00013883,40,83,123
WBGene00013884,2367,13904,16271
WBGene00013886,8,6,14
WBGene00013887,0,0,0
WBGene00013888,0,0,0
WBGene00013889,0,0,0
WBGene00013890,0,0,0
WBGene00013891,2,32,34
WBGene00013892,101,1554,1655
WBGene00013893,31,1032,1063
WBGene00013894,49,387,436
WBGene00013895,42,335,377
WBGene00013896,60,301,361
WBGene00013897,16,440,456
WBGene00013898,97,1341,1438
WBGene00013899,39,751,790
WBGene00013900,4,75,79
WBGene00013901,9,218,227
WBGene00013902,44,210,254
WBGene00013903,1,7,8
WBGene00013904,5,31,36
WBGene00013905,3,7,10
WBGene00013906,12,99,111
WBGene00013907,9,25,34
WBGene00013908,4,12,16
WBGene00013909,1,6,7
WBGene00013910,1,0,1
WBGene00013911,6,24,30
WBGene00013912,10,6,16
WBGene00013913,9,3,12
WBGene00013914,57,136,193
WBGene00013915,5,4,9
WBGene00013916,5,1,6
WBGene00013917,38,370,408
WBGene00013919,191,1291,1482
WBGene00013920,38,1495,1533
WBGene00013921,135,659,794
WBGene00013922,0,0,0
WBGene00013923,5,89,94
WBGene00013924,125,2816,2941
WBGene00013925,44,708,752
WBGene00013926,10,208,218
WBGene00013927,4,0,4
WBGene00013928,5,2,7
WBGene00013929,7,13,20
WBGene00013930,0,0,0
WBGene00013931,20,1,21
WBGene00013932,0,0,0
WBGene00013933,13,12,25
WBGene00013934,479,1758,2237
WBGene00013935,0,0,0
WBGene00013937,1,0,1
WBGene00013938,32,446,478
WBGene00013939,0,13,13
WBGene00013940,0,1,1
WBGene00013941,0,0,0
WBGene00013942,42,45,87
WBGene00013943,0,2,2
WBGene00013944,2,3,5
WBGene00013946,72,273,345
WBGene00013947,53,289,342
WBGene00013949,49,217,266
WBGene00013950,67,255,322
WBGene00013951,0,5,5
WBGene00013953,5,0,5
WBGene00013954,0,5,5
WBGene00013955,187,59,246
WBGene00013956,1,1,2
WBGene00013957,204,335,539
WBGene00013958,216,2969,3185
WBGene00013959,149,1108,1257
WBGene00013960,22,164,186
WBGene00013961,1,10,11
WBGene00013962,193,1898,2091
WBGene00013963,10,162,172
WBGene00013964,21,943,964
WBGene00013965,15,39,54
WBGene00013966,16,412,428
WBGene00013967,57,350,407
WBGene00013968,6,19,25
WBGene00013969,207,1809,2016
WBGene00013970,129,761,890
WBGene00013971,0,0,0
WBGene00013972,0,1,1
WBGene00013973,1,0,1
WBGene00013974,47,35,82
WBGene00013975,13,54,67
WBGene00013976,35,51,86
WBGene00013978,3,0,3
WBGene00013979,2,1,3
WBGene00013980,25,129,154
WBGene00013982,7,145,152
WBGene00013983,41,2221,2262
WBGene00013984,724,2254,2978
WBGene00013985,54,944,998
WBGene00013986,0,10,10
WBGene00013987,1,8,9
WBGene00013988,1,4,5
WBGene00013989,36,585,621
WBGene00013994,81,695,776
WBGene00013996,6,25,31
WBGene00013997,261,2342,2603
WBGene00013998,20,369,389
WBGene00013999,4,1,5
WBGene00014000,13,245,258
WBGene00014001,85,1359,1444
WBGene00014002,15,75,90
WBGene00014003,6,2398,2404
WBGene00014004,157,1012,1169
WBGene00014006,7,1868,1875
WBGene00014007,0,5,5
WBGene00014008,10,148,158
WBGene00014009,5,55,60
WBGene00014011,29,1043,1072
WBGene00014012,54,1446,1500
WBGene00014013,38,1919,1957
WBGene00014014,60,320,380
WBGene00014015,64,1236,1300
WBGene00014016,768,10036,10804
WBGene00014017,120,1786,1906
WBGene00014018,130,847,977
WBGene00014019,110,766,876
WBGene00014020,25,645,670
WBGene00014021,200,768,968
WBGene00014022,269,3788,4057
WBGene00014023,125,976,1101
WBGene00014024,37,201,238
WBGene00014025,123,1734,1857
WBGene00014027,34,174,208
WBGene00014028,66,321,387
WBGene00014029,24,5,29
WBGene00014030,21,3155,3176
WBGene00014031,29,1121,1150
WBGene00014032,0,1,1
WBGene00014033,99,549,648
WBGene00014034,1,220,221
WBGene00014035,104,569,673
WBGene00014036,507,2000,2507
WBGene00014037,3064,3,3067
WBGene00014038,8,0,8
WBGene00014039,300,1889,2189
WBGene00014040,1,1,2
WBGene00014041,0,1,1
WBGene00014042,0,0,0
WBGene00014043,0,3,3
WBGene00014044,0,0,0
WBGene00014045,0,0,0
WBGene00014046,1,1,2
WBGene00014047,3,5,8
WBGene00014048,2,1,3
WBGene00014049,2,0,2
WBGene00014050,0,198,198
WBGene00014051,420,1585,2005
WBGene00014052,7,61,68
WBGene00014053,10,27,37
WBGene00014054,131,4601,4732
WBGene00014055,115,986,1101
WBGene00014057,32,277,309
WBGene00014058,80,2097,2177
WBGene00014060,20,93,113
WBGene00014061,0,0,0
WBGene00014062,3,13,16
WBGene00014063,3,32,35
WBGene00014064,0,11,11
WBGene00014065,42,98,140
WBGene00014066,87,556,643
WBGene00014067,7,86,93
WBGene00014068,2,15,17
WBGene00014069,9,1,10
WBGene00014070,30,4,34
WBGene00014073,9,92,101
WBGene00014074,83,545,628
WBGene00014075,84,1040,1124
WBGene00014076,110,471,581
WBGene00014077,40,253,293
WBGene00014078,276,2533,2809
WBGene00014079,43,342,385
WBGene00014080,38,352,390
WBGene00014081,73,366,439
WBGene00014082,13,3,16
WBGene00014083,142,1902,2044
WBGene00014084,0,20,20
WBGene00014085,0,69,69
WBGene00014086,1225,10152,11377
WBGene00014087,58,972,1030
WBGene00014088,648,22623,23271
WBGene00014089,17,27,44
WBGene00014090,12,1179,1191
WBGene00014091,1161,22051,23212
WBGene00014092,462,4017,4479
WBGene00014093,52,75,127
WBGene00014094,16,18,34
WBGene00014095,134,30526,30660
WBGene00014096,20,2701,2721
WBGene00014097,7,40,47
WBGene00014098,144,1699,1843
WBGene00014099,29,360,389
WBGene00014100,13,54,67
WBGene00014101,335,811,1146
WBGene00014102,9,6,15
WBGene00014103,26,40,66
WBGene00014104,1,0,1
WBGene00014105,21,32,53
WBGene00014106,69,368,437
WBGene00014107,29,516,545
WBGene00014108,372,11617,11989
WBGene00014109,52,2037,2089
WBGene00014111,27,594,621
WBGene00014112,91,1171,1262
WBGene00014113,12,179,191
WBGene00014114,47,635,682
WBGene00014115,118,1155,1273
WBGene00014116,7,189,196
WBGene00014117,1,17,18
WBGene00014118,69,382,451
WBGene00014119,285,779,1064
WBGene00014120,0,312,312
WBGene00014121,36,44,80
WBGene00014122,67,137,204
WBGene00014123,27,901,928
WBGene00014124,43,732,775
WBGene00014125,24,1468,1492
WBGene00014127,3,5,8
WBGene00014128,2,1,3
WBGene00014129,0,17,17
WBGene00014130,0,0,0
WBGene00014131,0,30,30
WBGene00014132,3,2,5
WBGene00014135,11,14,25
WBGene00014136,43,99,142
WBGene00014137,13,214,227
WBGene00014138,25,125,150
WBGene00014139,127,298,425
WBGene00014140,351,450,801
WBGene00014141,10,144,154
WBGene00014142,2,18,20
WBGene00014143,0,0,0
WBGene00014144,0,2,2
WBGene00014145,16,121,137
WBGene00014148,198,1914,2112
WBGene00014149,3,30,33
WBGene00014150,58,331,389
WBGene00014151,76,695,771
WBGene00014152,13,34,47
WBGene00014153,174,978,1152
WBGene00014154,1,18,19
WBGene00014155,10,24,34
WBGene00014156,48,544,592
WBGene00014157,0,0,0
WBGene00014158,1,2,3
WBGene00014159,7,521,528
WBGene00014160,0,27,27
WBGene00014161,7,49,56
WBGene00014162,6,1,7
WBGene00014163,1,73,74
WBGene00014164,9,187,196
WBGene00014165,422,8057,8479
WBGene00014166,13,88,101
WBGene00014168,0,5,5
WBGene00014169,1,13,14
WBGene00014170,1,10,11
WBGene00014171,1286,3546,4832
WBGene00014172,100,660,760
WBGene00014173,4,46,50
WBGene00014174,0,6,6
WBGene00014175,293,966,1259
WBGene00014176,79,794,873
WBGene00014177,78,1137,1215
WBGene00014178,14,47,61
WBGene00014179,5,4,9
WBGene00014181,12,81,93
WBGene00014182,0,0,0
WBGene00014183,12,90,102
WBGene00014184,4,20,24
WBGene00014186,0,0,0
WBGene00014188,0,0,0
WBGene00014189,2,22,24
WBGene00014190,1,1,2
WBGene00014191,1,0,1
WBGene00014192,2,0,2
WBGene00014193,2,0,2
WBGene00014194,2,2,4
WBGene00014195,14,42,56
WBGene00014196,2,29,31
WBGene00014197,1,0,1
WBGene00014198,2,104,106
WBGene00014199,7,14,21
WBGene00014200,5,88,93
WBGene00014201,0,0,0
WBGene00014202,182,3500,3682
WBGene00014203,21,155,176
WBGene00014204,56,4040,4096
WBGene00014205,27,354,381
WBGene00014206,12,135,147
WBGene00014207,150,3918,4068
WBGene00014208,43,783,826
WBGene00014209,83,641,724
WBGene00014210,19,221,240
WBGene00014213,220,3806,4026
WBGene00014214,747,1402,2149
WBGene00014215,230,805,1035
WBGene00014216,10,1,11
WBGene00014217,0,5,5
WBGene00014218,163,2893,3056
WBGene00014219,52,672,724
WBGene00014220,43,301,344
WBGene00014221,52,1080,1132
WBGene00014222,97,565,662
WBGene00014223,40,56,96
WBGene00014224,150,2577,2727
WBGene00014225,11,45,56
WBGene00014226,21,431,452
WBGene00014227,94,741,835
WBGene00014228,4,337,341
WBGene00014229,8,4,12
WBGene00014230,21,369,390
WBGene00014232,243,1611,1854
WBGene00014233,45,614,659
WBGene00014234,7,883,890
WBGene00014235,2,23,25
WBGene00014236,4,2,6
WBGene00014238,2,3,5
WBGene00014239,0,1,1
WBGene00014240,0,0,0
WBGene00014241,0,4,4
WBGene00014242,0,2,2
WBGene00014243,161,1775,1936
WBGene00014244,27,623,650
WBGene00014245,3,2,5
WBGene00014246,1,3,4
WBGene00014247,3,0,3
WBGene00014248,223,1027,1250
WBGene00014249,75,2753,2828
WBGene00014250,10,473,483
WBGene00014251,78,752,830
WBGene00014252,50,391,441
WBGene00014253,19,156,175
WBGene00014254,13,141,154
WBGene00014255,7,135,142
WBGene00014256,13,207,220
WBGene00014258,165,2892,3057
WBGene00014259,125,1495,1620
WBGene00014260,33,36,69
WBGene00014261,668,1483,2151
WBGene00014262,2138,6816,8954
WBGene00014300,66,169,235
WBGene00014569,144,816,960
WBGene00014666,16,156,172
WBGene00014668,7,2,9
WBGene00014669,16,173,189
WBGene00014679,0,6,6
WBGene00014697,59,895,954
WBGene00014698,15,40,55
WBGene00014699,0,1,1
WBGene00014700,0,0,0
WBGene00014761,39,75,114
WBGene00014793,63,759,822
WBGene00014801,53,473,526
WBGene00014807,1,5,6
WBGene00014813,5,32,37
WBGene00014826,694,7531,8225
WBGene00014848,152,1946,2098
WBGene00014864,13,4,17
WBGene00014871,11,142,153
WBGene00014914,10,15,25
WBGene00014924,3,2,5
WBGene00014926,7,0,7
WBGene00014938,181,2933,3114
WBGene00014953,4,2,6
WBGene00014965,34,517,551
WBGene00014989,337,1473,1810
WBGene00014997,7,8,15
WBGene00014998,29,143,172
WBGene00014999,17,289,306
WBGene00015000,30,77,107
WBGene00015001,64,620,684
WBGene00015002,15,135,150
WBGene00015003,8,29,37
WBGene00015004,1,10,11
WBGene00015005,15,110,125
WBGene00015006,7,19,26
WBGene00015007,397,3513,3910
WBGene00015008,21,314,335
WBGene00015009,45,581,626
WBGene00015010,58,433,491
WBGene00015011,25,1056,1081
WBGene00015012,3,18,21
WBGene00015014,4,52,56
WBGene00015015,3,33,36
WBGene00015017,65,442,507
WBGene00015018,8,7,15
WBGene00015019,20,58,78
WBGene00015020,6,8,14
WBGene00015021,215,1817,2032
WBGene00015022,466,2079,2545
WBGene00015023,33,234,267
WBGene00015024,2,8,10
WBGene00015025,277,2618,2895
WBGene00015026,1,3,4
WBGene00015027,51,226,277
WBGene00015028,18,63,81
WBGene00015029,19,435,454
WBGene00015030,7,13,20
WBGene00015031,4,1,5
WBGene00015032,7,24,31
WBGene00015033,133,216,349
WBGene00015034,3,7,10
WBGene00015035,19,72,91
WBGene00015036,4,30,34
WBGene00015037,39,96,135
WBGene00015038,24,150,174
WBGene00015040,5,18,23
WBGene00015041,7,25,32
WBGene00015042,4,9,13
WBGene00015043,18,183,201
WBGene00015044,4,132,136
WBGene00015045,2,13,15
WBGene00015046,18,153,171
WBGene00015047,182,2498,2680
WBGene00015048,22,572,594
WBGene00015049,2,50,52
WBGene00015050,27,102,129
WBGene00015051,1,7,8
WBGene00015052,4,56,60
WBGene00015053,13,313,326
WBGene00015054,10,2,12
WBGene00015055,37,90,127
WBGene00015056,19,111,130
WBGene00015057,14,174,188
WBGene00015058,4,127,131
WBGene00015059,23,1109,1132
WBGene00015061,2579,22549,25128
WBGene00015062,15,117,132
WBGene00015063,6,587,593
WBGene00015064,158,1567,1725
WBGene00015065,4,6,10
WBGene00015066,8,23,31
WBGene00015067,27,302,329
WBGene00015068,0,3,3
WBGene00015069,0,1,1
WBGene00015070,1,10,11
WBGene00015071,3,4,7
WBGene00015072,11,27,38
WBGene00015073,2,76,78
WBGene00015074,38,1849,1887
WBGene00015075,141,2908,3049
WBGene00015076,10,700,710
WBGene00015079,79,45,124
WBGene00015080,6,11,17
WBGene00015081,10,11,21
WBGene00015082,6,14,20
WBGene00015083,2,56,58
WBGene00015084,2,8,10
WBGene00015085,11,13,24
WBGene00015086,6,117,123
WBGene00015087,11,35,46
WBGene00015088,69,374,443
WBGene00015089,19,15,34
WBGene00015091,140,1162,1302
WBGene00015092,197,3299,3496
WBGene00015093,0,2,2
WBGene00015094,9,19,28
WBGene00015095,36,291,327
WBGene00015096,207,1284,1491
WBGene00015097,5,19,24
WBGene00015098,4,52,56
WBGene00015099,162,1244,1406
WBGene00015100,3,3,6
WBGene00015101,14,964,978
WBGene00015102,1,27,28
WBGene00015103,27,747,774
WBGene00015104,30,1427,1457
WBGene00015105,116,388,504
WBGene00015106,9,22,31
WBGene00015107,5,100,105
WBGene00015108,5,0,5
WBGene00015110,2,18,20
WBGene00015111,0,3,3
WBGene00015112,7,18,25
WBGene00015113,1,24,25
WBGene00015114,0,0,0
WBGene00015115,420,1653,2073
WBGene00015116,85,880,965
WBGene00015117,23,1430,1453
WBGene00015118,2,0,2
WBGene00015119,3,5,8
WBGene00015121,0,2,2
WBGene00015122,7,387,394
WBGene00015124,250,1465,1715
WBGene00015125,82,2769,2851
WBGene00015126,150,1008,1158
WBGene00015128,45,799,844
WBGene00015129,1,1,2
WBGene00015130,30,434,464
WBGene00015131,25,162,187
WBGene00015132,23,187,210
WBGene00015133,132,4697,4829
WBGene00015134,13,144,157
WBGene00015135,69,249,318
WBGene00015136,13,56,69
WBGene00015137,187,3242,3429
WBGene00015138,30,144,174
WBGene00015139,165,144,309
WBGene00015141,56,487,543
WBGene00015142,88,1516,1604
WBGene00015143,32,1285,1317
WBGene00015145,62,640,702
WBGene00015146,53,749,802
WBGene00015147,21,319,340
WBGene00015148,385,4610,4995
WBGene00015149,11,35,46
WBGene00015150,4,192,196
WBGene00015151,6,22,28
WBGene00015152,200,310,510
WBGene00015153,12,258,270
WBGene00015155,180,30,210
WBGene00015156,443,1552,1995
WBGene00015157,28,919,947
WBGene00015158,125,729,854
WBGene00015159,148,935,1083
WBGene00015160,27,1206,1233
WBGene00015161,28,341,369
WBGene00015162,145,1059,1204
WBGene00015163,8,1127,1135
WBGene00015164,69,1164,1233
WBGene00015165,11,16,27
WBGene00015167,4,73,77
WBGene00015168,100,13019,13119
WBGene00015169,21,66,87
WBGene00015170,3,0,3
WBGene00015171,36,286,322
WBGene00015172,3,397,400
WBGene00015173,592,930,1522
WBGene00015175,1,5,6
WBGene00015176,98,1081,1179
WBGene00015177,198,1729,1927
WBGene00015178,1,2,3
WBGene00015179,17,78,95
WBGene00015180,0,6,6
WBGene00015181,28,2234,2262
WBGene00015182,6,14,20
WBGene00015183,6,39,45
WBGene00015184,67,781,848
WBGene00015185,288,1840,2128
WBGene00015186,195,1619,1814
WBGene00015188,45,155,200
WBGene00015189,83,30,113
WBGene00015190,0,86,86
WBGene00015191,31,208,239
WBGene00015192,3,3,6
WBGene00015193,0,1,1
WBGene00015194,54,234,288
WBGene00015196,11,50,61
WBGene00015197,15,92,107
WBGene00015198,4,8,12
WBGene00015199,6,6,12
WBGene00015200,27,334,361
WBGene00015202,50,711,761
WBGene00015203,152,1797,1949
WBGene00015204,19,505,524
WBGene00015205,214,2064,2278
WBGene00015206,79,1487,1566
WBGene00015207,326,1034,1360
WBGene00015208,238,2347,2585
WBGene00015210,19,144,163
WBGene00015211,18,110,128
WBGene00015214,6,46,52
WBGene00015215,2,12,14
WBGene00015216,55,404,459
WBGene00015217,28,806,834
WBGene00015218,18,97,115
WBGene00015219,109,1073,1182
WBGene00015220,2,78,80
WBGene00015221,1,2,3
WBGene00015222,2,1,3
WBGene00015223,9,30,39
WBGene00015224,1,1,2
WBGene00015225,23,64,87
WBGene00015226,4,16,20
WBGene00015227,2,37,39
WBGene00015228,80,481,561
WBGene00015229,0,11,11
WBGene00015230,0,2,2
WBGene00015231,8,144,152
WBGene00015232,556,5602,6158
WBGene00015233,10,623,633
WBGene00015235,0,433,433
WBGene00015236,37,56,93
WBGene00015237,162,1355,1517
WBGene00015238,37,297,334
WBGene00015241,15,1,16
WBGene00015242,0,0,0
WBGene00015243,2,0,2
WBGene00015244,7,4,11
WBGene00015245,155,502,657
WBGene00015246,46,6,52
WBGene00015247,441,24,465
WBGene00015248,3298,26211,29509
WBGene00015249,260,675,935
WBGene00015250,201,322,523
WBGene00015251,47,1351,1398
WBGene00015252,1,5,6
WBGene00015253,2,0,2
WBGene00015254,0,0,0
WBGene00015255,1,1,2
WBGene00015257,9,2,11
WBGene00015258,3,5,8
WBGene00015259,2,11,13
WBGene00015260,2,4,6
WBGene00015261,0,25,25
WBGene00015262,33,37,70
WBGene00015263,103,623,726
WBGene00015264,45,178,223
WBGene00015265,4,9,13
WBGene00015266,65,525,590
WBGene00015267,59,585,644
WBGene00015268,201,226,427
WBGene00015270,0,0,0
WBGene00015271,0,0,0
WBGene00015272,0,0,0
WBGene00015273,90,0,90
WBGene00015275,8,9,17
WBGene00015276,138,157,295
WBGene00015277,0,0,0
WBGene00015278,42,274,316
WBGene00015279,5,15,20
WBGene00015280,26,95,121
WBGene00015281,66,655,721
WBGene00015282,180,1585,1765
WBGene00015283,74,831,905
WBGene00015284,14,43,57
WBGene00015285,169,1141,1310
WBGene00015286,11,44,55
WBGene00015287,4,61,65
WBGene00015288,2,5,7
WBGene00015291,46,348,394
WBGene00015292,7,26,33
WBGene00015293,255,2053,2308
WBGene00015294,39,285,324
WBGene00015295,53,592,645
WBGene00015296,148,1910,2058
WBGene00015297,123,1719,1842
WBGene00015298,29,1066,1095
WBGene00015299,42,212,254
WBGene00015300,14,49,63
WBGene00015301,162,766,928
WBGene00015303,316,826,1142
WBGene00015305,1,5,6
WBGene00015306,1,6,7
WBGene00015307,37,182,219
WBGene00015308,43,751,794
WBGene00015309,27,86,113
WBGene00015310,33,321,354
WBGene00015311,4,43,47
WBGene00015312,1,51,52
WBGene00015313,18,323,341
WBGene00015315,1,0,1
WBGene00015316,7,0,7
WBGene00015317,1,5,6
WBGene00015318,0,1,1
WBGene00015320,0,29,29
WBGene00015321,0,1,1
WBGene00015322,19,1027,1046
WBGene00015323,24,89,113
WBGene00015324,16,242,258
WBGene00015325,0,0,0
WBGene00015326,43,3707,3750
WBGene00015327,13,452,465
WBGene00015328,465,1988,2453
WBGene00015329,78,2594,2672
WBGene00015330,83,1004,1087
WBGene00015331,0,0,0
WBGene00015332,25,332,357
WBGene00015333,7,32,39
WBGene00015334,53,241,294
WBGene00015335,13,84,97
WBGene00015336,22,928,950
WBGene00015337,1,5,6
WBGene00015338,1,4,5
WBGene00015339,24,314,338
WBGene00015340,9,49,58
WBGene00015341,0,0,0
WBGene00015342,0,5,5
WBGene00015344,95,2425,2520
WBGene00015345,6,5,11
WBGene00015346,65,2271,2336
WBGene00015347,71,559,630
WBGene00015348,2,10,12
WBGene00015349,128,396,524
WBGene00015350,108,1615,1723
WBGene00015351,3,35,38
WBGene00015352,129,1249,1378
WBGene00015353,14,193,207
WBGene00015354,434,15762,16196
WBGene00015355,6,32,38
WBGene00015356,545,6139,6684
WBGene00015357,10,148,158
WBGene00015358,63,11,74
WBGene00015359,5,75,80
WBGene00015360,1,3,4
WBGene00015361,18,14,32
WBGene00015362,27,253,280
WBGene00015364,49,87,136
WBGene00015366,2,5,7
WBGene00015367,0,4,4
WBGene00015368,0,2,2
WBGene00015369,0,2,2
WBGene00015370,0,0,0
WBGene00015371,0,0,0
WBGene00015372,1,6,7
WBGene00015373,17,73,90
WBGene00015374,1,10,11
WBGene00015375,5,18,23
WBGene00015376,1,32,33
WBGene00015377,11,94,105
WBGene00015378,24,126,150
WBGene00015379,0,3,3
WBGene00015380,0,13,13
WBGene00015381,7,37,44
WBGene00015382,7,23,30
WBGene00015385,0,0,0
WBGene00015386,95,29,124
WBGene00015387,57,127,184
WBGene00015388,9,5,14
WBGene00015389,22,187,209
WBGene00015390,60,347,407
WBGene00015391,171,5097,5268
WBGene00015392,0,157,157
WBGene00015393,363,4071,4434
WBGene00015394,2,0,2
WBGene00015395,9,24,33
WBGene00015396,4,87,91
WBGene00015397,0,5,5
WBGene00015398,2,1011,1013
WBGene00015399,0,4,4
WBGene00015400,19,95,114
WBGene00015401,5,11,16
WBGene00015402,81,529,610
WBGene00015403,2,93,95
WBGene00015404,71,1210,1281
WBGene00015405,98,1492,1590
WBGene00015406,0,4,4
WBGene00015407,30,930,960
WBGene00015408,18,445,463
WBGene00015409,6,54,60
WBGene00015410,138,525,663
WBGene00015411,2,13,15
WBGene00015412,7,41,48
WBGene00015413,208,5480,5688
WBGene00015414,0,8,8
WBGene00015416,11,73,84
WBGene00015417,1,0,1
WBGene00015418,912,4202,5114
WBGene00015419,7,28,35
WBGene00015420,2,3,5
WBGene00015421,5,5,10
WBGene00015422,8,20,28
WBGene00015423,13,506,519
WBGene00015424,58,668,726
WBGene00015425,146,1163,1309
WBGene00015426,3,15,18
WBGene00015427,97,986,1083
WBGene00015428,10,4,14
WBGene00015429,52,554,606
WBGene00015430,54,585,639
WBGene00015431,75,250,325
WBGene00015433,9,92,101
WBGene00015434,89,378,467
WBGene00015435,1,1,2
WBGene00015437,5,27,32
WBGene00015438,12,4,16
WBGene00015442,5,5,10
WBGene00015444,23,18,41
WBGene00015446,1,7,8
WBGene00015447,6,10,16
WBGene00015448,3,17,20
WBGene00015449,5,165,170
WBGene00015450,14,602,616
WBGene00015451,47,323,370
WBGene00015453,2,15,17
WBGene00015454,14,445,459
WBGene00015455,775,904,1679
WBGene00015456,8,88,96
WBGene00015457,1427,516,1943
WBGene00015458,25,921,946
WBGene00015459,1,0,1
WBGene00015460,4,402,406
WBGene00015461,150,2573,2723
WBGene00015462,10,256,266
WBGene00015463,3,327,330
WBGene00015464,48,1420,1468
WBGene00015465,16,17,33
WBGene00015466,43,518,561
WBGene00015467,5,10,15
WBGene00015468,81,421,502
WBGene00015469,19,165,184
WBGene00015470,25,882,907
WBGene00015471,42,183,225
WBGene00015472,79,987,1066
WBGene00015473,140,104,244
WBGene00015474,38,1117,1155
WBGene00015476,31,128,159
WBGene00015477,170,3390,3560
WBGene00015478,71,533,604
WBGene00015479,5,27,32
WBGene00015480,87,368,455
WBGene00015481,86,2774,2860
WBGene00015483,55,593,648
WBGene00015484,320,1301,1621
WBGene00015485,169,216,385
WBGene00015486,72,608,680
WBGene00015487,32,3439,3471
WBGene00015488,104,787,891
WBGene00015489,6,8,14
WBGene00015491,0,2,2
WBGene00015492,9,532,541
WBGene00015493,5,7,12
WBGene00015494,114,616,730
WBGene00015495,1,151,152
WBGene00015496,11,20,31
WBGene00015497,30,26,56
WBGene00015499,104,830,934
WBGene00015500,14,64,78
WBGene00015501,140,1657,1797
WBGene00015504,72,290,362
WBGene00015505,12,79,91
WBGene00015507,186,866,1052
WBGene00015508,57,754,811
WBGene00015509,130,565,695
WBGene00015510,53,1588,1641
WBGene00015511,5,56,61
WBGene00015512,179,2533,2712
WBGene00015513,36,575,611
WBGene00015514,1065,18470,19535
WBGene00015515,44,606,650
WBGene00015516,2,36,38
WBGene00015517,192,1163,1355
WBGene00015518,0,75,75
WBGene00015519,6,116,122
WBGene00015520,0,31,31
WBGene00015521,0,0,0
WBGene00015522,7,42,49
WBGene00015523,20,249,269
WBGene00015524,32,428,460
WBGene00015525,114,1548,1662
WBGene00015526,18,38,56
WBGene00015527,12,246,258
WBGene00015528,7,14,21
WBGene00015529,11,106,117
WBGene00015530,0,4,4
WBGene00015531,71,685,756
WBGene00015532,3,49,52
WBGene00015534,1,7,8
WBGene00015535,3,25,28
WBGene00015536,31,419,450
WBGene00015537,14,44,58
WBGene00015538,19,3259,3278
WBGene00015539,70,880,950
WBGene00015540,6,1842,1848
WBGene00015541,49,351,400
WBGene00015544,33,46,79
WBGene00015545,19,179,198
WBGene00015546,0,50,50
WBGene00015547,91,3636,3727
WBGene00015549,11,80,91
WBGene00015551,469,3536,4005
WBGene00015552,35,1196,1231
WBGene00015553,306,2563,2869
WBGene00015554,27,342,369
WBGene00015555,281,1476,1757
WBGene00015557,24,189,213
WBGene00015558,4,79,83
WBGene00015559,112,389,501
WBGene00015560,28,706,734
WBGene00015561,211,1339,1550
WBGene00015564,1,18,19
WBGene00015565,215,2381,2596
WBGene00015566,27,221,248
WBGene00015567,44,583,627
WBGene00015568,14,93,107
WBGene00015569,16,359,375
WBGene00015570,13,52,65
WBGene00015572,6,3,9
WBGene00015573,1,2,3
WBGene00015574,1,23,24
WBGene00015576,11,134,145
WBGene00015577,23,244,267
WBGene00015578,0,1287,1287
WBGene00015579,0,0,0
WBGene00015580,266,1188,1454
WBGene00015581,318,2692,3010
WBGene00015582,7,46,53
WBGene00015583,4,1,5
WBGene00015586,4,128,132
WBGene00015587,0,2,2
WBGene00015588,0,16,16
WBGene00015589,0,19,19
WBGene00015590,13,178,191
WBGene00015591,14,364,378
WBGene00015592,96,40,136
WBGene00015593,1,9,10
WBGene00015595,3,0,3
WBGene00015598,1,8,9
WBGene00015599,0,1,1
WBGene00015600,0,0,0
WBGene00015601,13,11,24
WBGene00015602,1,3,4
WBGene00015604,0,0,0
WBGene00015605,55,870,925
WBGene00015606,36,2,38
WBGene00015607,0,0,0
WBGene00015608,2,64,66
WBGene00015609,6,123,129
WBGene00015610,0,5,5
WBGene00015611,0,198,198
WBGene00015613,0,2,2
WBGene00015615,0,119,119
WBGene00015618,44,112,156
WBGene00015619,439,3446,3885
WBGene00015620,25,135,160
WBGene00015621,52,472,524
WBGene00015622,4,11,15
WBGene00015623,291,6198,6489
WBGene00015624,9,99,108
WBGene00015625,19,81,100
WBGene00015626,16,78,94
WBGene00015627,0,0,0
WBGene00015628,4,1,5
WBGene00015629,4,9,13
WBGene00015630,17,8,25
WBGene00015631,6,67,73
WBGene00015632,146,1448,1594
WBGene00015633,164,1072,1236
WBGene00015634,4,16,20
WBGene00015635,62,652,714
WBGene00015636,0,5,5
WBGene00015637,2,4,6
WBGene00015638,24,267,291
WBGene00015639,15,16,31
WBGene00015641,104,1016,1120
WBGene00015642,97,320,417
WBGene00015644,65,568,633
WBGene00015645,3,35,38
WBGene00015646,19,125,144
WBGene00015647,69,538,607
WBGene00015648,217,613,830
WBGene00015649,59,25,84
WBGene00015650,480,1249,1729
WBGene00015651,199,106,305
WBGene00015652,1,2,3
WBGene00015653,0,0,0
WBGene00015655,0,0,0
WBGene00015656,9,2,11
WBGene00015658,215,723,938
WBGene00015659,0,1,1
WBGene00015660,6,49,55
WBGene00015661,0,0,0
WBGene00015662,2,3,5
WBGene00015663,4,3,7
WBGene00015664,7,88,95
WBGene00015665,2,25,27
WBGene00015666,35,112,147
WBGene00015667,7,12,19
WBGene00015668,4,9,13
WBGene00015670,66,65,131
WBGene00015671,5,461,466
WBGene00015672,7,30,37
WBGene00015673,48,331,379
WBGene00015674,16,281,297
WBGene00015675,20,16,36
WBGene00015676,22,963,985
WBGene00015677,19,100,119
WBGene00015678,411,1328,1739
WBGene00015679,14,76,90
WBGene00015680,246,1670,1916
WBGene00015681,2,1,3
WBGene00015682,10,7,17
WBGene00015683,3,12,15
WBGene00015684,189,2702,2891
WBGene00015685,5,4,9
WBGene00015686,80,126,206
WBGene00015687,188,8722,8910
WBGene00015688,1,1,2
WBGene00015689,0,5,5
WBGene00015690,5,4,9
WBGene00015691,99,613,712
WBGene00015692,21,172,193
WBGene00015693,19,172,191
WBGene00015694,9,7,16
WBGene00015695,54,524,578
WBGene00015696,1,13,14
WBGene00015697,13,217,230
WBGene00015698,0,100,100
WBGene00015700,21,41,62
WBGene00015701,16,57,73
WBGene00015702,11,421,432
WBGene00015703,6,1453,1459
WBGene00015704,154,332,486
WBGene00015705,4,34,38
WBGene00015706,8,409,417
WBGene00015707,2,48,50
WBGene00015708,23,276,299
WBGene00015709,10,187,197
WBGene00015710,22,791,813
WBGene00015711,5,182,187
WBGene00015712,2,2,4
WBGene00015713,15,335,350
WBGene00015714,6,54,60
WBGene00015715,4,1,5
WBGene00015716,17,230,247
WBGene00015718,3,2,5
WBGene00015719,2,1,3
WBGene00015720,6,25,31
WBGene00015721,0,0,0
WBGene00015722,6,3,9
WBGene00015723,6,1,7
WBGene00015724,1,0,1
WBGene00015725,3,0,3
WBGene00015726,1,0,1
WBGene00015727,1,1,2
WBGene00015728,18,56,74
WBGene00015729,29,1103,1132
WBGene00015730,0,0,0
WBGene00015731,0,0,0
WBGene00015733,7,54,61
WBGene00015734,43,2754,2797
WBGene00015735,916,2440,3356
WBGene00015736,1,20,21
WBGene00015737,0,3,3
WBGene00015738,1,2,3
WBGene00015739,11,27,38
WBGene00015740,75,1213,1288
WBGene00015741,251,2017,2268
WBGene00015742,68,408,476
WBGene00015743,98,1193,1291
WBGene00015744,89,220,309
WBGene00015745,15,192,207
WBGene00015746,21,1057,1078
WBGene00015747,75,178,253
WBGene00015748,18,191,209
WBGene00015750,31,137,168
WBGene00015751,72,163,235
WBGene00015752,67,2340,2407
WBGene00015753,31,154,185
WBGene00015754,108,1386,1494
WBGene00015755,1369,21002,22371
WBGene00015756,20,191,211
WBGene00015757,3,4,7
WBGene00015758,4,6,10
WBGene00015759,94,757,851
WBGene00015760,6,4,10
WBGene00015762,2,2,4
WBGene00015764,18,1,19
WBGene00015765,5,5,10
WBGene00015766,5,24,29
WBGene00015767,87,701,788
WBGene00015768,7,31,38
WBGene00015769,10,521,531
WBGene00015770,0,6,6
WBGene00015772,0,0,0
WBGene00015773,2,3,5
WBGene00015774,3,2,5
WBGene00015775,1,11,12
WBGene00015776,52,1517,1569
WBGene00015777,68,1287,1355
WBGene00015778,27,12407,12434
WBGene00015779,213,1087,1300
WBGene00015780,2,26,28
WBGene00015781,141,635,776
WBGene00015782,13,176,189
WBGene00015783,5,79,84
WBGene00015784,5,15,20
WBGene00015785,0,1,1
WBGene00015786,233,1516,1749
WBGene00015787,43,233,276
WBGene00015788,12,145,157
WBGene00015789,2,217,219
WBGene00015790,12,930,942
WBGene00015791,35,2535,2570
WBGene00015792,21,37,58
WBGene00015793,16,207,223
WBGene00015794,24,68,92
WBGene00015795,67,536,603
WBGene00015796,450,1109,1559
WBGene00015797,9,58,67
WBGene00015798,15,61,76
WBGene00015799,18,78,96
WBGene00015800,257,731,988
WBGene00015801,142,950,1092
WBGene00015802,162,702,864
WBGene00015803,2043,15591,17634
WBGene00015805,285,5141,5426
WBGene00015806,35,559,594
WBGene00015807,18,180,198
WBGene00015809,245,3217,3462
WBGene00015810,6,5408,5414
WBGene00015811,41,5106,5147
WBGene00015813,428,4304,4732
WBGene00015814,154,3152,3306
WBGene00015815,83,449,532
WBGene00015816,9,87,96
WBGene00015817,128,1128,1256
WBGene00015818,7,86,93
WBGene00015819,0,67,67
WBGene00015820,3,13,16
WBGene00015821,4,7,11
WBGene00015822,56,57,113
WBGene00015823,0,5583,5583
WBGene00015824,7,208,215
WBGene00015825,0,1,1
WBGene00015827,0,2,2
WBGene00015828,1,5,6
WBGene00015829,2,4,6
WBGene00015830,0,1,1
WBGene00015832,2,2,4
WBGene00015833,2,1,3
WBGene00015834,0,2,2
WBGene00015835,1,5,6
WBGene00015836,1,2,3
WBGene00015837,1,1,2
WBGene00015838,0,4,4
WBGene00015839,0,1,1
WBGene00015841,14,20,34
WBGene00015842,6,50,56
WBGene00015843,34,88,122
WBGene00015845,2,0,2
WBGene00015846,0,0,0
WBGene00015847,0,0,0
WBGene00015848,0,0,0
WBGene00015849,4,90,94
WBGene00015850,3,33,36
WBGene00015851,3,7,10
WBGene00015852,31,60,91
WBGene00015853,34,241,275
WBGene00015854,5,0,5
WBGene00015855,4,20,24
WBGene00015856,1,3,4
WBGene00015857,69,795,864
WBGene00015858,2,10,12
WBGene00015859,16,42,58
WBGene00015860,20,90,110
WBGene00015861,37,251,288
WBGene00015862,17,40,57
WBGene00015863,7,7,14
WBGene00015864,30,339,369
WBGene00015865,48,808,856
WBGene00015866,46,398,444
WBGene00015867,17,153,170
WBGene00015868,710,1578,2288
WBGene00015869,1,2,3
WBGene00015870,1,1,2
WBGene00015871,1,1,2
WBGene00015872,1,0,1
WBGene00015873,1,1,2
WBGene00015875,2,2,4
WBGene00015877,0,2,2
WBGene00015878,2,5,7
WBGene00015879,6,1,7
WBGene00015882,3,0,3
WBGene00015883,4,2,6
WBGene00015884,5,4,9
WBGene00015885,5,400,405
WBGene00015886,0,4,4
WBGene00015887,28,1182,1210
WBGene00015888,0,0,0
WBGene00015889,4,14,18
WBGene00015890,4,69,73
WBGene00015891,11,12,23
WBGene00015892,0,0,0
WBGene00015893,0,3,3
WBGene00015894,307,7247,7554
WBGene00015895,0,0,0
WBGene00015896,0,45,45
WBGene00015897,48,227,275
WBGene00015898,10,3,13
WBGene00015899,2,1,3
WBGene00015900,19,111,130
WBGene00015901,19,174,193
WBGene00015902,15,21,36
WBGene00015903,2,4,6
WBGene00015904,1,1,2
WBGene00015905,3,0,3
WBGene00015906,2,6,8
WBGene00015907,0,1,1
WBGene00015908,9,20,29
WBGene00015909,0,0,0
WBGene00015910,1,12,13
WBGene00015911,3,4,7
WBGene00015912,0,26,26
WBGene00015913,604,3304,3908
WBGene00015914,49,67,116
WBGene00015915,83,656,739
WBGene00015916,136,1512,1648
WBGene00015917,7,11,18
WBGene00015918,37,94,131
WBGene00015919,7,275,282
WBGene00015920,271,4918,5189
WBGene00015921,104,304,408
WBGene00015922,33,287,320
WBGene00015924,5,2,7
WBGene00015925,92,116,208
WBGene00015926,423,1210,1633
WBGene00015927,170,2228,2398
WBGene00015928,54,572,626
WBGene00015929,7,13,20
WBGene00015930,14,161,175
WBGene00015931,3,13,16
WBGene00015932,5,15,20
WBGene00015933,28,295,323
WBGene00015934,50,706,756
WBGene00015935,185,711,896
WBGene00015936,18,106,124
WBGene00015937,9,29,38
WBGene00015938,218,1429,1647
WBGene00015939,11,71,82
WBGene00015940,15,455,470
WBGene00015941,312,2737,3049
WBGene00015942,77,1059,1136
WBGene00015943,44,3504,3548
WBGene00015944,0,14,14
WBGene00015945,202,363,565
WBGene00015946,15,101,116
WBGene00015947,88,744,832
WBGene00015948,188,1462,1650
WBGene00015949,23,120,143
WBGene00015950,15,23,38
WBGene00015951,0,0,0
WBGene00015952,32,202,234
WBGene00015953,46,191,237
WBGene00015954,1437,12306,13743
WBGene00015955,23,1443,1466
WBGene00015956,68,467,535
WBGene00015957,24,92,116
WBGene00015958,1,1,2
WBGene00015959,0,0,0
WBGene00015960,0,0,0
WBGene00015961,1,0,1
WBGene00015962,1,1,2
WBGene00015963,17,104,121
WBGene00015964,83,69,152
WBGene00015965,22,216,238
WBGene00015966,145,961,1106
WBGene00015968,31,27,58
WBGene00015969,62,310,372
WBGene00015970,0,17,17
WBGene00015971,172,920,1092
WBGene00015972,80,559,639
WBGene00015973,0,11,11
WBGene00015974,103,79,182
WBGene00015975,12,487,499
WBGene00015976,45,398,443
WBGene00015977,10,66,76
WBGene00015978,34,1031,1065
WBGene00015979,1,0,1
WBGene00015980,123,1015,1138
WBGene00015981,54,62,116
WBGene00015982,12,1,13
WBGene00015984,8,28,36
WBGene00015985,8,12,20
WBGene00015986,9,17,26
WBGene00015987,0,0,0
WBGene00015988,23,19,42
WBGene00015992,7,10,17
WBGene00015993,53,96,149
WBGene00015994,8,2,10
WBGene00015995,5,0,5
WBGene00015996,8,102,110
WBGene00015997,0,1,1
WBGene00015998,15,20,35
WBGene00015999,1,23,24
WBGene00016000,15,46,61
WBGene00016002,260,1507,1767
WBGene00016003,37,262,299
WBGene00016004,14,304,318
WBGene00016005,58,427,485
WBGene00016006,596,5032,5628
WBGene00016008,36,26,62
WBGene00016009,42,1025,1067
WBGene00016010,29,15,44
WBGene00016011,592,3507,4099
WBGene00016012,15,297,312
WBGene00016013,15,104,119
WBGene00016014,40,1043,1083
WBGene00016015,125,1944,2069
WBGene00016016,6,34,40
WBGene00016017,5,37,42
WBGene00016018,118,659,777
WBGene00016019,23,606,629
WBGene00016020,153,1056,1209
WBGene00016021,84,700,784
WBGene00016022,20,611,631
WBGene00016023,5,62,67
WBGene00016024,71,708,779
WBGene00016025,13,165,178
WBGene00016027,71,347,418
WBGene00016028,111,4030,4141
WBGene00016029,184,33,217
WBGene00016030,15,339,354
WBGene00016032,101,67,168
WBGene00016033,47,15114,15161
WBGene00016034,20,108,128
WBGene00016037,160,61,221
WBGene00016038,0,226,226
WBGene00016039,0,62,62
WBGene00016040,1,317,318
WBGene00016041,404,145,549
WBGene00016042,16,12,28
WBGene00016043,5,4,9
WBGene00016044,326,552,878
WBGene00016045,71,781,852
WBGene00016046,0,43,43
WBGene00016047,2,4,6
WBGene00016048,22,383,405
WBGene00016049,6,7,13
WBGene00016050,1,1,2
WBGene00016051,1,1,2
WBGene00016052,5,118,123
WBGene00016053,7,19,26
WBGene00016054,9,3,12
WBGene00016055,54,780,834
WBGene00016056,2,21,23
WBGene00016057,134,2893,3027
WBGene00016058,0,2,2
WBGene00016059,131,705,836
WBGene00016060,179,854,1033
WBGene00016061,26,305,331
WBGene00016062,68,3281,3349
WBGene00016063,1,7,8
WBGene00016064,11,40,51
WBGene00016066,38,95,133
WBGene00016067,18,458,476
WBGene00016068,48,346,394
WBGene00016069,5,153,158
WBGene00016070,2,9,11
WBGene00016071,19,70,89
WBGene00016072,71,73,144
WBGene00016073,174,3632,3806
WBGene00016074,31,273,304
WBGene00016075,7,7,14
WBGene00016077,1,5,6
WBGene00016081,182,344,526
WBGene00016082,0,2,2
WBGene00016083,1,0,1
WBGene00016084,4,2,6
WBGene00016085,7,14,21
WBGene00016086,5,8,13
WBGene00016087,9,156,165
WBGene00016088,23,26,49
WBGene00016089,14,44,58
WBGene00016090,83,71,154
WBGene00016091,4,43,47
WBGene00016092,4,16,20
WBGene00016093,85,370,455
WBGene00016094,43,259,302
WBGene00016095,35,305,340
WBGene00016096,2,151,153
WBGene00016097,25,951,976
WBGene00016099,48,334,382
WBGene00016100,5,187,192
WBGene00016101,12,233,245
WBGene00016102,12,359,371
WBGene00016103,201,2906,3107
WBGene00016104,56,465,521
WBGene00016105,0,29,29
WBGene00016106,9,125,134
WBGene00016107,18,66,84
WBGene00016108,39,75,114
WBGene00016109,62,447,509
WBGene00016110,17,167,184
WBGene00016111,24,256,280
WBGene00016112,31,206,237
WBGene00016113,46,1025,1071
WBGene00016114,159,3272,3431
WBGene00016115,1346,11437,12783
WBGene00016116,154,1236,1390
WBGene00016117,77,1290,1367
WBGene00016118,827,11262,12089
WBGene00016119,148,1705,1853
WBGene00016120,98,530,628
WBGene00016121,101,978,1079
WBGene00016123,52,321,373
WBGene00016124,44,672,716
WBGene00016125,5,34,39
WBGene00016126,31,164,195
WBGene00016128,12,578,590
WBGene00016129,80,2095,2175
WBGene00016130,38,441,479
WBGene00016131,44,241,285
WBGene00016132,3,4,7
WBGene00016133,27,344,371
WBGene00016134,48,282,330
WBGene00016135,26,130,156
WBGene00016136,4,4,8
WBGene00016137,1,8,9
WBGene00016138,78,1016,1094
WBGene00016139,51,419,470
WBGene00016140,61,2138,2199
WBGene00016142,66,2692,2758
WBGene00016143,264,1092,1356
WBGene00016144,109,985,1094
WBGene00016145,45,1105,1150
WBGene00016146,10,56,66
WBGene00016147,6,42,48
WBGene00016148,110,847,957
WBGene00016149,34,297,331
WBGene00016150,17,760,777
WBGene00016151,116,940,1056
WBGene00016152,38,417,455
WBGene00016153,14,1787,1801
WBGene00016154,84,741,825
WBGene00016155,2,28,30
WBGene00016156,9,257,266
WBGene00016157,51,772,823
WBGene00016158,81,850,931
WBGene00016159,66,253,319
WBGene00016160,13,2,15
WBGene00016161,2,0,2
WBGene00016162,240,2341,2581
WBGene00016163,6,39,45
WBGene00016164,1,4,5
WBGene00016165,191,324,515
WBGene00016166,80,1667,1747
WBGene00016167,25,958,983
WBGene00016168,1,3,4
WBGene00016169,97,191,288
WBGene00016170,135,1568,1703
WBGene00016171,110,706,816
WBGene00016172,255,794,1049
WBGene00016173,423,5352,5775
WBGene00016174,45,168,213
WBGene00016175,32,151,183
WBGene00016177,6,16,22
WBGene00016178,10,74,84
WBGene00016179,1,13,14
WBGene00016180,4,280,284
WBGene00016181,3,65,68
WBGene00016182,31,365,396
WBGene00016183,5,1,6
WBGene00016184,112,658,770
WBGene00016185,0,2,2
WBGene00016187,10,79,89
WBGene00016188,119,969,1088
WBGene00016189,5,21,26
WBGene00016190,4,359,363
WBGene00016191,8,29,37
WBGene00016192,7,1071,1078
WBGene00016193,12,8,20
WBGene00016194,110,6917,7027
WBGene00016195,5,2924,2929
WBGene00016196,9,4,13
WBGene00016197,551,2922,3473
WBGene00016198,5,13,18
WBGene00016199,10,41,51
WBGene00016200,85,1169,1254
WBGene00016201,26,820,846
WBGene00016202,30,829,859
WBGene00016203,150,587,737
WBGene00016204,18,169,187
WBGene00016206,20,25,45
WBGene00016207,56,356,412
WBGene00016208,2,503,505
WBGene00016209,237,3755,3992
WBGene00016210,293,6374,6667
WBGene00016212,27,177,204
WBGene00016213,12,2,14
WBGene00016215,27,1020,1047
WBGene00016216,41,485,526
WBGene00016217,2,26,28
WBGene00016218,5,26,31
WBGene00016219,21,28,49
WBGene00016220,0,3,3
WBGene00016221,34,316,350
WBGene00016222,13,0,13
WBGene00016223,0,0,0
WBGene00016226,0,3,3
WBGene00016227,0,1,1
WBGene00016231,4,2,6
WBGene00016232,4,14,18
WBGene00016233,2,20,22
WBGene00016234,39,155,194
WBGene00016235,6,1655,1661
WBGene00016236,8,89,97
WBGene00016237,55,1102,1157
WBGene00016238,17,1257,1274
WBGene00016239,10,168,178
WBGene00016242,8,60,68
WBGene00016244,216,1877,2093
WBGene00016245,37,855,892
WBGene00016246,65,325,390
WBGene00016247,6,37,43
WBGene00016248,26,372,398
WBGene00016249,244,2453,2697
WBGene00016250,93,7640,7733
WBGene00016251,6,63,69
WBGene00016252,1,2,3
WBGene00016253,3,1,4
WBGene00016254,0,28,28
WBGene00016257,15,8,23
WBGene00016258,111,5043,5154
WBGene00016259,25,30,55
WBGene00016260,51,366,417
WBGene00016261,34,504,538
WBGene00016262,32,224,256
WBGene00016263,2,55,57
WBGene00016264,410,2368,2778
WBGene00016265,10,149,159
WBGene00016266,1106,4354,5460
WBGene00016268,9,41,50
WBGene00016269,337,2027,2364
WBGene00016271,13917,4,13921
WBGene00016273,4,12,16
WBGene00016274,3,40,43
WBGene00016275,4,23,27
WBGene00016276,16,107,123
WBGene00016277,16,90,106
WBGene00016278,127,1069,1196
WBGene00016279,1,8,9
WBGene00016281,3,2,5
WBGene00016282,11,206,217
WBGene00016283,20,106,126
WBGene00016284,4,0,4
WBGene00016285,3,1,4
WBGene00016286,9,13,22
WBGene00016287,2,6,8
WBGene00016288,7,16,23
WBGene00016289,2778,8221,10999
WBGene00016291,2,49,51
WBGene00016292,236,1032,1268
WBGene00016293,53,398,451
WBGene00016294,37,97,134
WBGene00016295,21,100,121
WBGene00016297,0,3,3
WBGene00016298,0,5,5
WBGene00016299,7,2,9
WBGene00016300,5,1,6
WBGene00016302,0,18,18
WBGene00016303,3,23,26
WBGene00016306,1,2,3
WBGene00016307,1,1,2
WBGene00016308,3,8,11
WBGene00016309,3,4,7
WBGene00016310,39,340,379
WBGene00016311,59,1324,1383
WBGene00016312,3,10,13
WBGene00016313,12,548,560
WBGene00016314,14,188,202
WBGene00016315,46,561,607
WBGene00016316,217,5292,5509
WBGene00016317,23,408,431
WBGene00016318,114,908,1022
WBGene00016319,31,271,302
WBGene00016320,1,3,4
WBGene00016321,430,3110,3540
WBGene00016322,0,7,7
WBGene00016323,168,1112,1280
WBGene00016324,59,140,199
WBGene00016325,163,1930,2093
WBGene00016326,164,1853,2017
WBGene00016327,8,3,11
WBGene00016328,27,147,174
WBGene00016329,1,11,12
WBGene00016330,164,1047,1211
WBGene00016331,116,1208,1324
WBGene00016332,26,413,439
WBGene00016333,409,3962,4371
WBGene00016334,9,2,11
WBGene00016335,14,50,64
WBGene00016336,1,0,1
WBGene00016337,0,0,0
WBGene00016339,3,7,10
WBGene00016340,25,31,56
WBGene00016341,25,1172,1197
WBGene00016342,10,1460,1470
WBGene00016343,131,552,683
WBGene00016344,29,172,201
WBGene00016345,1,135,136
WBGene00016346,1,11,12
WBGene00016347,18,1,19
WBGene00016348,2,9,11
WBGene00016349,1,46,47
WBGene00016350,0,0,0
WBGene00016351,0,0,0
WBGene00016352,19,263,282
WBGene00016353,0,48,48
WBGene00016354,385,1576,1961
WBGene00016355,30,425,455
WBGene00016356,6,5,11
WBGene00016357,0,1,1
WBGene00016358,0,1,1
WBGene00016359,3,272,275
WBGene00016360,21,179,200
WBGene00016361,6,31,37
WBGene00016362,166,15918,16084
WBGene00016363,15,77,92
WBGene00016364,30,204,234
WBGene00016365,15,61,76
WBGene00016366,11,66,77
WBGene00016367,13,54,67
WBGene00016368,18,65,83
WBGene00016369,1,6,7
WBGene00016370,3,2,5
WBGene00016371,3,7,10
WBGene00016373,14,70,84
WBGene00016374,65,959,1024
WBGene00016375,6,435,441
WBGene00016376,10,567,577
WBGene00016378,91,939,1030
WBGene00016379,52,914,966
WBGene00016380,29,390,419
WBGene00016381,22,273,295
WBGene00016382,3,2,5
WBGene00016383,41,640,681
WBGene00016384,142,2126,2268
WBGene00016386,37,11,48
WBGene00016387,37,443,480
WBGene00016388,2,0,2
WBGene00016389,0,7,7
WBGene00016390,23,477,500
WBGene00016391,159,2111,2270
WBGene00016392,17,320,337
WBGene00016393,342,12497,12839
WBGene00016394,57,70,127
WBGene00016395,710,5295,6005
WBGene00016396,160,402,562
WBGene00016397,69,217,286
WBGene00016398,2,5,7
WBGene00016399,0,2,2
WBGene00016400,90,988,1078
WBGene00016402,6,30,36
WBGene00016403,126,342,468
WBGene00016404,59,365,424
WBGene00016405,282,4442,4724
WBGene00016406,46,388,434
WBGene00016407,606,1135,1741
WBGene00016408,86,1180,1266
WBGene00016409,103,815,918
WBGene00016410,4,19,23
WBGene00016411,58,1800,1858
WBGene00016412,52,1674,1726
WBGene00016413,2,1,3
WBGene00016414,1,2,3
WBGene00016415,430,3158,3588
WBGene00016416,11,88,99
WBGene00016417,44,325,369
WBGene00016418,99,373,472
WBGene00016419,46,503,549
WBGene00016420,2,2,4
WBGene00016421,13,120,133
WBGene00016422,27,2534,2561
WBGene00016423,87,483,570
WBGene00016424,43,164,207
WBGene00016425,4,39,43
WBGene00016427,204,126,330
WBGene00016428,79,854,933
WBGene00016429,5,83,88
WBGene00016430,10,0,10
WBGene00016431,25,99,124
WBGene00016432,1120,1580,2700
WBGene00016433,0,0,0
WBGene00016434,0,1,1
WBGene00016435,233,3262,3495
WBGene00016436,10,267,277
WBGene00016437,16,3,19
WBGene00016438,46,414,460
WBGene00016439,80,1113,1193
WBGene00016440,0,16,16
WBGene00016441,5,14,19
WBGene00016442,31,1212,1243
WBGene00016443,50,418,468
WBGene00016444,69,349,418
WBGene00016445,27,75,102
WBGene00016446,39,1135,1174
WBGene00016447,0,0,0
WBGene00016448,76,615,691
WBGene00016449,25,1440,1465
WBGene00016450,3,46,49
WBGene00016451,1,10,11
WBGene00016452,109,1041,1150
WBGene00016453,9,162,171
WBGene00016454,45,697,742
WBGene00016455,1,24,25
WBGene00016456,18,1163,1181
WBGene00016457,0,77,77
WBGene00016458,60,1056,1116
WBGene00016459,2,9,11
WBGene00016460,9,52,61
WBGene00016461,6,15,21
WBGene00016462,4,22,26
WBGene00016463,20,1080,1100
WBGene00016464,5,28,33
WBGene00016465,2,20,22
WBGene00016466,12,73,85
WBGene00016467,11,179,190
WBGene00016468,23,28,51
WBGene00016469,40,827,867
WBGene00016471,5,13,18
WBGene00016472,1,3,4
WBGene00016473,0,0,0
WBGene00016474,3,4,7
WBGene00016475,0,5,5
WBGene00016476,4,6,10
WBGene00016477,1,6,7
WBGene00016479,2,0,2
WBGene00016480,6,15,21
WBGene00016481,0,0,0
WBGene00016483,3,3,6
WBGene00016484,1,2,3
WBGene00016485,2,2,4
WBGene00016486,0,9,9
WBGene00016487,2,1,3
WBGene00016488,30,58,88
WBGene00016489,190,1346,1536
WBGene00016490,48,578,626
WBGene00016491,10,10,20
WBGene00016492,41,205,246
WBGene00016493,24686,142308,166994
WBGene00016494,256,2261,2517
WBGene00016495,20,594,614
WBGene00016496,322,9747,10069
WBGene00016497,3,40,43
WBGene00016499,83,143,226
WBGene00016500,31,990,1021
WBGene00016501,21,405,426
WBGene00016502,1,62,63
WBGene00016503,13,360,373
WBGene00016504,6,669,675
WBGene00016505,6,461,467
WBGene00016506,23,151,174
WBGene00016507,84,551,635
WBGene00016508,321,2959,3280
WBGene00016509,138,7726,7864
WBGene00016511,232,3316,3548
WBGene00016512,12,12,24
WBGene00016513,30,1145,1175
WBGene00016514,44,143,187
WBGene00016517,10,15,25
WBGene00016518,58,44,102
WBGene00016519,7,6,13
WBGene00016520,209,72,281
WBGene00016521,3,8,11
WBGene00016522,9,111,120
WBGene00016523,10,17,27
WBGene00016524,138,428,566
WBGene00016525,3,4,7
WBGene00016527,7,1,8
WBGene00016528,2,0,2
WBGene00016529,0,5,5
WBGene00016530,79,827,906
WBGene00016531,155,946,1101
WBGene00016532,30,381,411
WBGene00016533,90,940,1030
WBGene00016534,4,28,32
WBGene00016535,5,587,592
WBGene00016537,0,5,5
WBGene00016538,74,433,507
WBGene00016539,392,1236,1628
WBGene00016540,79,203,282
WBGene00016541,1,4,5
WBGene00016542,62,342,404
WBGene00016543,8,23,31
WBGene00016544,1,10,11
WBGene00016545,4,39,43
WBGene00016546,10,48,58
WBGene00016547,11,83,94
WBGene00016548,3,3,6
WBGene00016549,3,56,59
WBGene00016550,2,1,3
WBGene00016551,0,2,2
WBGene00016554,0,2,2
WBGene00016555,5,46,51
WBGene00016556,1,2,3
WBGene00016557,0,0,0
WBGene00016558,16,177,193
WBGene00016559,52,358,410
WBGene00016561,488,931,1419
WBGene00016562,1240,2891,4131
WBGene00016564,21,290,311
WBGene00016565,0,24,24
WBGene00016566,72,493,565
WBGene00016567,4,129,133
WBGene00016568,79,387,466
WBGene00016570,91,534,625
WBGene00016571,12,7,19
WBGene00016572,8,1,9
WBGene00016573,9,294,303
WBGene00016574,12,406,418
WBGene00016575,0,186,186
WBGene00016576,3,431,434
WBGene00016577,3,1,4
WBGene00016578,1,2,3
WBGene00016579,52,205,257
WBGene00016580,82,251,333
WBGene00016581,1,27,28
WBGene00016582,31,511,542
WBGene00016583,26,1287,1313
WBGene00016585,36,79,115
WBGene00016586,1,59,60
WBGene00016587,6,12,18
WBGene00016588,202,1521,1723
WBGene00016589,62,533,595
WBGene00016590,57,571,628
WBGene00016591,9,524,533
WBGene00016592,35,173,208
WBGene00016594,41,1800,1841
WBGene00016595,7,42,49
WBGene00016596,2,97,99
WBGene00016597,1,1,2
WBGene00016598,0,3,3
WBGene00016599,39,63,102
WBGene00016600,33,87,120
WBGene00016601,251,2922,3173
WBGene00016602,26,354,380
WBGene00016603,363,2715,3078
WBGene00016605,2,36,38
WBGene00016606,129,822,951
WBGene00016607,182,2533,2715
WBGene00016608,45,401,446
WBGene00016609,60,209,269
WBGene00016610,128,724,852
WBGene00016611,414,3841,4255
WBGene00016612,6,34,40
WBGene00016613,49,338,387
WBGene00016614,61,496,557
WBGene00016616,18,647,665
WBGene00016617,28,443,471
WBGene00016619,28,179,207
WBGene00016620,41,510,551
WBGene00016621,65,347,412
WBGene00016622,26,912,938
WBGene00016623,46,383,429
WBGene00016624,335,1550,1885
WBGene00016625,13,69,82
WBGene00016626,71,936,1007
WBGene00016627,5,5,10
WBGene00016628,64,267,331
WBGene00016629,50,634,684
WBGene00016630,330,18378,18708
WBGene00016631,79,354,433
WBGene00016632,34,95,129
WBGene00016633,24,294,318
WBGene00016634,192,1060,1252
WBGene00016635,41,3457,3498
WBGene00016636,1,6,7
WBGene00016637,21,109,130
WBGene00016638,3,6,9
WBGene00016639,40,40,80
WBGene00016641,35,1446,1481
WBGene00016642,37,378,415
WBGene00016643,96,976,1072
WBGene00016644,11,294,305
WBGene00016645,40,885,925
WBGene00016646,0,0,0
WBGene00016647,0,0,0
WBGene00016648,0,0,0
WBGene00016649,0,0,0
WBGene00016650,518,7249,7767
WBGene00016652,48,297,345
WBGene00016653,77,9661,9738
WBGene00016654,160,309,469
WBGene00016655,206,2897,3103
WBGene00016657,28,141,169
WBGene00016658,1,3,4
WBGene00016659,20,538,558
WBGene00016660,1,7,8
WBGene00016661,138,714,852
WBGene00016662,0,9,9
WBGene00016663,56,591,647
WBGene00016664,5,166,171
WBGene00016665,6,11,17
WBGene00016667,29,280,309
WBGene00016668,0,0,0
WBGene00016669,1,0,1
WBGene00016670,3,6,9
WBGene00016671,15,216,231
WBGene00016673,4,5,9
WBGene00016674,20,450,470
WBGene00016675,0,2,2
WBGene00016676,20,509,529
WBGene00016677,348,5772,6120
WBGene00016678,95,513,608
WBGene00016679,7,118,125
WBGene00016680,1,0,1
WBGene00016681,5,4,9
WBGene00016682,34,114,148
WBGene00016683,26,42,68
WBGene00016684,34,1779,1813
WBGene00016685,1,1,2
WBGene00016686,0,0,0
WBGene00016687,1,2,3
WBGene00016689,1,2,3
WBGene00016690,1,1,2
WBGene00016691,2,0,2
WBGene00016692,0,2,2
WBGene00016693,6,4,10
WBGene00016694,0,0,0
WBGene00016695,0,10,10
WBGene00016696,8,19,27
WBGene00016697,7,22,29
WBGene00016698,4,3,7
WBGene00016699,1,12,13
WBGene00016700,12,24,36
WBGene00016701,3,61,64
WBGene00016702,55,442,497
WBGene00016703,7,434,441
WBGene00016704,100,561,661
WBGene00016705,36,112,148
WBGene00016706,65,3075,3140
WBGene00016707,2,5,7
WBGene00016708,3,3,6
WBGene00016709,0,0,0
WBGene00016710,21,334,355
WBGene00016711,2,52,54
WBGene00016712,0,0,0
WBGene00016713,1,0,1
WBGene00016714,1,75,76
WBGene00016716,1117,5404,6521
WBGene00016717,8,17,25
WBGene00016718,0,1,1
WBGene00016719,2,6,8
WBGene00016720,0,2,2
WBGene00016721,67,528,595
WBGene00016722,3908,9258,13166
WBGene00016724,7,24,31
WBGene00016725,106,298,404
WBGene00016727,11,2,13
WBGene00016728,10,121,131
WBGene00016729,1,6,7
WBGene00016730,15,90,105
WBGene00016731,2,8,10
WBGene00016732,2,7,9
WBGene00016733,1,40,41
WBGene00016734,42,963,1005
WBGene00016735,79,892,971
WBGene00016736,0,3,3
WBGene00016738,2,604,606
WBGene00016739,223,4629,4852
WBGene00016740,31,876,907
WBGene00016741,37,541,578
WBGene00016742,12,13,25
WBGene00016743,6,0,6
WBGene00016744,56,319,375
WBGene00016745,9,127,136
WBGene00016746,378,6358,6736
WBGene00016747,29,166,195
WBGene00016748,41,165,206
WBGene00016749,117,2280,2397
WBGene00016750,48,834,882
WBGene00016751,177,986,1163
WBGene00016752,0,15,15
WBGene00016753,0,0,0
WBGene00016754,207,1763,1970
WBGene00016755,9,10,19
WBGene00016756,3,17,20
WBGene00016757,27,86,113
WBGene00016758,27,139,166
WBGene00016759,8,179,187
WBGene00016760,9,190,199
WBGene00016761,18,137,155
WBGene00016762,15,178,193
WBGene00016763,42,909,951
WBGene00016764,78,483,561
WBGene00016765,13,6,19
WBGene00016766,2,281,283
WBGene00016767,1,208,209
WBGene00016768,56,211,267
WBGene00016769,76,454,530
WBGene00016770,4,6,10
WBGene00016772,3,15,18
WBGene00016773,6,2,8
WBGene00016775,0,0,0
WBGene00016776,1,0,1
WBGene00016777,0,2,2
WBGene00016778,8,1,9
WBGene00016779,0,2,2
WBGene00016781,56,28566,28622
WBGene00016782,0,388,388
WBGene00016783,14,67,81
WBGene00016785,22,50,72
WBGene00016786,0,5,5
WBGene00016788,218,909,1127
WBGene00016789,3,53,56
WBGene00016790,523,7936,8459
WBGene00016791,33,379,412
WBGene00016792,146,1248,1394
WBGene00016793,54,1181,1235
WBGene00016794,52,632,684
WBGene00016795,0,18,18
WBGene00016796,67,184,251
WBGene00016797,116,65,181
WBGene00016798,0,3,3
WBGene00016799,12,91,103
WBGene00016800,14,119,133
WBGene00016801,34,1117,1151
WBGene00016803,14,930,944
WBGene00016804,0,17,17
WBGene00016805,6,31,37
WBGene00016806,4,341,345
WBGene00016807,2,0,2
WBGene00016808,85,3320,3405
WBGene00016809,68,828,896
WBGene00016810,14,447,461
WBGene00016811,80,558,638
WBGene00016812,68,532,600
WBGene00016813,1,1,2
WBGene00016814,0,0,0
WBGene00016815,2,1,3
WBGene00016816,88,363,451
WBGene00016817,46,323,369
WBGene00016818,10,14,24
WBGene00016819,0,0,0
WBGene00016820,1,14,15
WBGene00016821,2,0,2
WBGene00016822,2,1,3
WBGene00016823,2,1,3
WBGene00016824,0,0,0
WBGene00016825,1,3,4
WBGene00016826,13,0,13
WBGene00016827,10,4,14
WBGene00016828,15,11,26
WBGene00016829,3,0,3
WBGene00016830,1,4,5
WBGene00016831,9,7,16
WBGene00016832,5,7,12
WBGene00016833,6,9,15
WBGene00016834,1,2,3
WBGene00016835,51,111,162
WBGene00016836,127,788,915
WBGene00016837,101,1986,2087
WBGene00016838,716,1897,2613
WBGene00016839,0,3,3
WBGene00016840,117,696,813
WBGene00016841,145,1015,1160
WBGene00016842,4,194,198
WBGene00016843,3,5,8
WBGene00016844,81,2126,2207
WBGene00016845,8,211,219
WBGene00016846,159,1055,1214
WBGene00016847,7,10,17
WBGene00016848,35,146,181
WBGene00016849,29,147,176
WBGene00016850,0,36,36
WBGene00016852,1,4,5
WBGene00016853,2,3,5
WBGene00016855,2,124,126
WBGene00016856,9,6,15
WBGene00016857,2,3,5
WBGene00016858,11,26,37
WBGene00016859,0,4,4
WBGene00016860,45,337,382
WBGene00016862,73,398,471
WBGene00016863,7,10,17
WBGene00016864,0,1,1
WBGene00016865,72,73,145
WBGene00016866,78,241,319
WBGene00016867,49,862,911
WBGene00016868,53,1306,1359
WBGene00016869,2,76,78
WBGene00016870,2,4,6
WBGene00016871,266,1043,1309
WBGene00016872,20,169,189
WBGene00016873,63,2,65
WBGene00016874,7,52,59
WBGene00016877,59,82,141
WBGene00016879,124,748,872
WBGene00016880,0,5,5
WBGene00016881,0,1,1
WBGene00016882,0,1,1
WBGene00016883,1,10,11
WBGene00016884,2,6,8
WBGene00016885,0,1,1
WBGene00016886,0,0,0
WBGene00016888,348,2769,3117
WBGene00016889,216,2036,2252
WBGene00016890,20,139,159
WBGene00016891,14,23,37
WBGene00016892,15,1025,1040
WBGene00016893,4,8,12
WBGene00016894,6,1241,1247
WBGene00016895,0,0,0
WBGene00016896,63,211,274
WBGene00016898,126,1335,1461
WBGene00016899,51,89,140
WBGene00016900,107,126,233
WBGene00016901,0,10,10
WBGene00016902,397,970,1367
WBGene00016903,48,683,731
WBGene00016904,4,0,4
WBGene00016905,80,579,659
WBGene00016906,34,285,319
WBGene00016907,26,4378,4404
WBGene00016909,51,166,217
WBGene00016910,3,0,3
WBGene00016911,71,1360,1431
WBGene00016912,0,111,111
WBGene00016913,232,5791,6023
WBGene00016914,10,66,76
WBGene00016915,9,79,88
WBGene00016916,50,1326,1376
WBGene00016917,5,90,95
WBGene00016918,1345,8131,9476
WBGene00016919,178,626,804
WBGene00016920,46,266,312
WBGene00016921,2,3,5
WBGene00016922,8,5,13
WBGene00016923,45,718,763
WBGene00016924,248,487,735
WBGene00016925,3,11,14
WBGene00016926,3,17,20
WBGene00016927,1,7,8
WBGene00016928,11,17,28
WBGene00016929,1,4,5
WBGene00016930,40,105,145
WBGene00016931,13,50,63
WBGene00016932,81,103,184
WBGene00016933,9,82,91
WBGene00016934,39,1813,1852
WBGene00016935,71,361,432
WBGene00016937,35,539,574
WBGene00016938,42,79,121
WBGene00016939,7,33,40
WBGene00016940,4,1,5
WBGene00016941,5,3,8
WBGene00016942,13,135,148
WBGene00016943,1190,13698,14888
WBGene00016944,34,571,605
WBGene00016945,35,145,180
WBGene00016946,4,0,4
WBGene00016947,12,93,105
WBGene00016948,2,5,7
WBGene00016949,3,1,4
WBGene00016950,2,0,2
WBGene00016951,27,51,78
WBGene00016953,3,8,11
WBGene00016954,3,3,6
WBGene00016955,93,416,509
WBGene00016956,2,4,6
WBGene00016957,255,590,845
WBGene00016958,118,775,893
WBGene00016959,1,2,3
WBGene00016960,33,282,315
WBGene00016961,258,4143,4401
WBGene00016962,2,133,135
WBGene00016963,1,13,14
WBGene00016964,76,690,766
WBGene00016965,28,264,292
WBGene00016966,58,540,598
WBGene00016967,6,385,391
WBGene00016968,18,220,238
WBGene00016970,177,112,289
WBGene00016971,14,474,488
WBGene00016972,10,18,28
WBGene00016973,17,43,60
WBGene00016974,12,233,245
WBGene00016975,109,610,719
WBGene00016976,82,124,206
WBGene00016977,2038,10894,12932
WBGene00016978,50,745,795
WBGene00016979,35,354,389
WBGene00016980,3,11,14
WBGene00016981,36,2151,2187
WBGene00016982,24,120,144
WBGene00016983,31,314,345
WBGene00016984,225,266,491
WBGene00016985,0,2,2
WBGene00016987,30,2049,2079
WBGene00016988,181,2344,2525
WBGene00016989,103,1005,1108
WBGene00016990,29,1211,1240
WBGene00016991,22,9,31
WBGene00016992,14,230,244
WBGene00016993,41,215,256
WBGene00016995,47,1090,1137
WBGene00016996,68,492,560
WBGene00016997,38,4763,4801
WBGene00016998,18,159,177
WBGene00016999,13,60,73
WBGene00017000,45,246,291
WBGene00017001,11,49,60
WBGene00017002,0,343,343
WBGene00017003,22,466,488
WBGene00017004,57,1462,1519
WBGene00017005,2,145,147
WBGene00017006,13,4,17
WBGene00017007,78,230,308
WBGene00017009,12,172,184
WBGene00017010,33,291,324
WBGene00017011,5,708,713
WBGene00017012,55,220,275
WBGene00017013,31,261,292
WBGene00017014,34,267,301
WBGene00017015,163,141,304
WBGene00017016,1005,2966,3971
WBGene00017017,79,453,532
WBGene00017018,10,78,88
WBGene00017019,6,0,6
WBGene00017020,8,18,26
WBGene00017021,1,6,7
WBGene00017022,6,66,72
WBGene00017023,8,818,826
WBGene00017024,2,17,19
WBGene00017025,98,1018,1116
WBGene00017026,8,4,12
WBGene00017027,13,59,72
WBGene00017028,82,289,371
WBGene00017029,0,1,1
WBGene00017030,4,3,7
WBGene00017031,53,485,538
WBGene00017032,4,113,117
WBGene00017033,11,122,133
WBGene00017034,10,10,20
WBGene00017036,27,498,525
WBGene00017037,154,796,950
WBGene00017038,229,246,475
WBGene00017039,93,423,516
WBGene00017040,41,41,82
WBGene00017041,31,168,199
WBGene00017042,74,552,626
WBGene00017044,94,2457,2551
WBGene00017045,136,966,1102
WBGene00017046,46,495,541
WBGene00017048,22,114,136
WBGene00017050,32,53,85
WBGene00017051,16,60,76
WBGene00017052,11,348,359
WBGene00017053,148,742,890
WBGene00017054,117,1502,1619
WBGene00017055,0,1,1
WBGene00017056,0,1,1
WBGene00017057,1,1,2
WBGene00017058,0,0,0
WBGene00017059,0,0,0
WBGene00017060,234,16950,17184
WBGene00017061,38,35,73
WBGene00017062,109,887,996
WBGene00017063,86,278,364
WBGene00017064,49,1130,1179
WBGene00017065,556,12355,12911
WBGene00017066,364,1976,2340
WBGene00017067,152,343,495
WBGene00017068,11,331,342
WBGene00017069,42,181,223
WBGene00017070,50,1819,1869
WBGene00017071,55,151,206
WBGene00017072,18,63,81
WBGene00017073,86,680,766
WBGene00017074,21,449,470
WBGene00017075,216,27407,27623
WBGene00017076,213,1671,1884
WBGene00017077,72,92,164
WBGene00017078,10,55,65
WBGene00017079,10,283,293
WBGene00017080,315,467,782
WBGene00017082,48,1659,1707
WBGene00017083,30,42,72
WBGene00017084,336,961,1297
WBGene00017085,229,2549,2778
WBGene00017087,42,317,359
WBGene00017088,264,2366,2630
WBGene00017089,2,44,46
WBGene00017090,3,0,3
WBGene00017091,2,5,7
WBGene00017092,5,13,18
WBGene00017093,8,89,97
WBGene00017094,1,5,6
WBGene00017095,2,0,2
WBGene00017096,1,4,5
WBGene00017097,22,2,24
WBGene00017098,454,4836,5290
WBGene00017099,0,2,2
WBGene00017100,1,13,14
WBGene00017101,18,145,163
WBGene00017102,8,34,42
WBGene00017103,1,14,15
WBGene00017104,60,2,62
WBGene00017105,4,0,4
WBGene00017106,2,22,24
WBGene00017107,3,52,55
WBGene00017108,11,105,116
WBGene00017109,2,1,3
WBGene00017110,3,1,4
WBGene00017111,5,4,9
WBGene00017112,8,12,20
WBGene00017113,7,25,32
WBGene00017114,0,0,0
WBGene00017115,2,1,3
WBGene00017116,1,6,7
WBGene00017119,162,5978,6140
WBGene00017120,56,216,272
WBGene00017121,2508,68563,71071
WBGene00017122,10,40,50
WBGene00017123,18,391,409
WBGene00017124,21,89,110
WBGene00017125,70,982,1052
WBGene00017126,40,510,550
WBGene00017127,456,3471,3927
WBGene00017128,239,2410,2649
WBGene00017129,9,191,200
WBGene00017130,1,2,3
WBGene00017131,1,19,20
WBGene00017132,176,1287,1463
WBGene00017133,13,101,114
WBGene00017134,2,39,41
WBGene00017135,0,37,37
WBGene00017136,15,122,137
WBGene00017137,12,513,525
WBGene00017138,130,1624,1754
WBGene00017139,3,8,11
WBGene00017140,0,27,27
WBGene00017141,0,6,6
WBGene00017142,7,156,163
WBGene00017143,1,40,41
WBGene00017144,55,606,661
WBGene00017146,43,84,127
WBGene00017147,30,317,347
WBGene00017148,5,17,22
WBGene00017149,661,18944,19605
WBGene00017150,8,401,409
WBGene00017151,17,56,73
WBGene00017152,0,1,1
WBGene00017153,0,28,28
WBGene00017154,33,1018,1051
WBGene00017156,151,123,274
WBGene00017157,313,678,991
WBGene00017158,69,1104,1173
WBGene00017159,255,2254,2509
WBGene00017160,128,1308,1436
WBGene00017161,94,962,1056
WBGene00017162,127,1728,1855
WBGene00017163,125,1473,1598
WBGene00017164,20,194,214
WBGene00017165,201,609,810
WBGene00017166,364,9599,9963
WBGene00017168,1,26,27
WBGene00017169,19,673,692
WBGene00017170,56,95,151
WBGene00017172,0,0,0
WBGene00017173,5,3,8
WBGene00017174,6,37,43
WBGene00017175,1,0,1
WBGene00017176,14,144,158
WBGene00017177,1,1,2
WBGene00017178,26,320,346
WBGene00017179,2,3,5
WBGene00017180,133,593,726
WBGene00017181,6,0,6
WBGene00017182,1,0,1
WBGene00017183,0,1,1
WBGene00017184,146,1301,1447
WBGene00017185,0,0,0
WBGene00017186,0,0,0
WBGene00017188,0,0,0
WBGene00017189,15,11,26
WBGene00017190,0,91,91
WBGene00017191,0,0,0
WBGene00017192,4,3,7
WBGene00017193,157,2619,2776
WBGene00017194,53,155,208
WBGene00017195,51,538,589
WBGene00017197,30,524,554
WBGene00017198,130,103,233
WBGene00017199,3,18,21
WBGene00017200,6,92,98
WBGene00017201,119,2595,2714
WBGene00017203,1,0,1
WBGene00017204,0,7,7
WBGene00017205,1,8,9
WBGene00017207,0,1,1
WBGene00017208,0,0,0
WBGene00017209,122,1,123
WBGene00017210,368,3523,3891
WBGene00017211,10,9,19
WBGene00017212,0,0,0
WBGene00017213,0,2,2
WBGene00017214,13,2,15
WBGene00017215,0,4,4
WBGene00017216,10,61,71
WBGene00017217,123,1708,1831
WBGene00017218,4,10,14
WBGene00017219,27,235,262
WBGene00017220,96,1600,1696
WBGene00017221,8,1,9
WBGene00017222,0,1,1
WBGene00017223,1,0,1
WBGene00017224,0,0,0
WBGene00017225,2,9,11
WBGene00017226,11,18,29
WBGene00017227,0,0,0
WBGene00017228,7,8,15
WBGene00017229,9,3,12
WBGene00017230,0,2,2
WBGene00017231,4,2,6
WBGene00017233,2,16,18
WBGene00017236,17,97,114
WBGene00017237,56,444,500
WBGene00017238,108,3224,3332
WBGene00017239,96,529,625
WBGene00017240,73,1004,1077
WBGene00017241,160,1270,1430
WBGene00017243,3,7,10
WBGene00017244,184,1412,1596
WBGene00017245,199,2080,2279
WBGene00017246,236,1282,1518
WBGene00017247,155,777,932
WBGene00017248,2,0,2
WBGene00017249,11,1,12
WBGene00017250,12,214,226
WBGene00017251,1,1,2
WBGene00017252,0,3,3
WBGene00017253,0,1,1
WBGene00017254,0,6,6
WBGene00017255,29,111,140
WBGene00017257,6,48,54
WBGene00017258,14,10,24
WBGene00017259,5,22,27
WBGene00017260,48,300,348
WBGene00017261,69,732,801
WBGene00017262,199,1559,1758
WBGene00017263,1,0,1
WBGene00017264,1,0,1
WBGene00017265,12,58,70
WBGene00017266,127,744,871
WBGene00017267,0,0,0
WBGene00017268,64,1135,1199
WBGene00017269,101,323,424
WBGene00017270,0,0,0
WBGene00017271,10,10,20
WBGene00017272,45,691,736
WBGene00017273,88,619,707
WBGene00017274,307,1812,2119
WBGene00017275,130,893,1023
WBGene00017276,1,1,2
WBGene00017277,2,9,11
WBGene00017278,5,21,26
WBGene00017279,0,1,1
WBGene00017280,426,1103,1529
WBGene00017281,4,13,17
WBGene00017282,9,423,432
WBGene00017283,131,1852,1983
WBGene00017284,212,946,1158
WBGene00017285,26,815,841
WBGene00017286,262,1692,1954
WBGene00017287,0,64,64
WBGene00017288,3,176,179
WBGene00017289,10,966,976
WBGene00017290,3,146,149
WBGene00017291,33,508,541
WBGene00017292,78,1623,1701
WBGene00017293,4,444,448
WBGene00017294,35,200,235
WBGene00017295,86,28,114
WBGene00017296,38,51,89
WBGene00017297,229,6210,6439
WBGene00017298,165,1358,1523
WBGene00017299,138,892,1030
WBGene00017300,647,4152,4799
WBGene00017301,149,10400,10549
WBGene00017302,68,183,251
WBGene00017303,264,2904,3168
WBGene00017304,46,1766,1812
WBGene00017305,0,95,95
WBGene00017306,69,507,576
WBGene00017307,12,102,114
WBGene00017308,16,49,65
WBGene00017309,69,188,257
WBGene00017310,55,243,298
WBGene00017311,43,2291,2334
WBGene00017312,2,10,12
WBGene00017313,147,1248,1395
WBGene00017314,161,868,1029
WBGene00017315,2,1,3
WBGene00017316,96,396,492
WBGene00017317,1270,9052,10322
WBGene00017319,344,2728,3072
WBGene00017320,26,178,204
WBGene00017321,15,1315,1330
WBGene00017322,7,46,53
WBGene00017323,5,26,31
WBGene00017324,0,2,2
WBGene00017325,2,0,2
WBGene00017326,21,266,287
WBGene00017327,12,50,62
WBGene00017328,13,607,620
WBGene00017329,22,111,133
WBGene00017330,1,4,5
WBGene00017331,62,273,335
WBGene00017332,293,432,725
WBGene00017333,1,1,2
WBGene00017334,7,38,45
WBGene00017335,16,155,171
WBGene00017336,31,206,237
WBGene00017338,192,478,670
WBGene00017339,52,282,334
WBGene00017340,4,55,59
WBGene00017341,6,6,12
WBGene00017342,120,613,733
WBGene00017343,2,2,4
WBGene00017344,22,652,674
WBGene00017347,63,5668,5731
WBGene00017348,4,844,848
WBGene00017349,103,2194,2297
WBGene00017350,201,1914,2115
WBGene00017351,4,16,20
WBGene00017352,2,23,25
WBGene00017353,44,437,481
WBGene00017354,4,14,18
WBGene00017355,19,494,513
WBGene00017356,307,1810,2117
WBGene00017357,80,818,898
WBGene00017358,272,247,519
WBGene00017359,0,30,30
WBGene00017360,0,128,128
WBGene00017361,1,73,74
WBGene00017362,287,4044,4331
WBGene00017363,119,1625,1744
WBGene00017364,1,15,16
WBGene00017365,0,2,2
WBGene00017366,100,44,144
WBGene00017367,6,67,73
WBGene00017369,28,566,594
WBGene00017371,4,38,42
WBGene00017372,108,1734,1842
WBGene00017373,148,1388,1536
WBGene00017374,433,4875,5308
WBGene00017375,30,157,187
WBGene00017376,1104,15707,16811
WBGene00017378,5,26,31
WBGene00017379,353,5908,6261
WBGene00017380,214,977,1191
WBGene00017381,63,500,563
WBGene00017382,4,1,5
WBGene00017383,2,1,3
WBGene00017384,3,2,5
WBGene00017385,51,804,855
WBGene00017386,0,154,154
WBGene00017387,0,0,0
WBGene00017388,0,3,3
WBGene00017389,525,580,1105
WBGene00017390,9,90,99
WBGene00017393,3,3,6
WBGene00017394,131,591,722
WBGene00017395,0,1,1
WBGene00017396,5,5,10
WBGene00017397,53,352,405
WBGene00017398,9,46,55
WBGene00017399,15,12,27
WBGene00017400,37,393,430
WBGene00017401,0,1,1
WBGene00017402,0,0,0
WBGene00017403,4,0,4
WBGene00017405,2,0,2
WBGene00017406,0,3,3
WBGene00017407,1,1,2
WBGene00017408,0,1,1
WBGene00017410,2,11,13
WBGene00017411,16,140,156
WBGene00017412,4,1,5
WBGene00017413,2,1,3
WBGene00017414,0,1,1
WBGene00017416,1,75,76
WBGene00017417,18,230,248
WBGene00017418,293,3558,3851
WBGene00017419,162,2517,2679
WBGene00017420,36,126,162
WBGene00017421,124,345,469
WBGene00017422,101,153,254
WBGene00017423,307,4762,5069
WBGene00017424,36,358,394
WBGene00017426,125,1770,1895
WBGene00017427,23,98,121
WBGene00017428,238,2717,2955
WBGene00017429,79,287,366
WBGene00017430,215,1882,2097
WBGene00017431,128,734,862
WBGene00017433,37,192,229
WBGene00017434,11,204,215
WBGene00017435,154,1857,2011
WBGene00017436,5,46,51
WBGene00017437,24,172,196
WBGene00017438,7,14,21
WBGene00017439,16,139,155
WBGene00017440,1026,18202,19228
WBGene00017441,7,27,34
WBGene00017442,9,183,192
WBGene00017443,3,44,47
WBGene00017444,3,1,4
WBGene00017445,96,894,990
WBGene00017446,4,31,35
WBGene00017447,49,278,327
WBGene00017448,104,753,857
WBGene00017449,56,163,219
WBGene00017450,9,41,50
WBGene00017451,3,14,17
WBGene00017452,47,36,83
WBGene00017453,1,9,10
WBGene00017454,4,1,5
WBGene00017455,0,1,1
WBGene00017456,11,5,16
WBGene00017459,14,82,96
WBGene00017460,3,71,74
WBGene00017461,0,63,63
WBGene00017462,1,73,74
WBGene00017463,47,237,284
WBGene00017464,25,128,153
WBGene00017465,0,0,0
WBGene00017466,7,20,27
WBGene00017467,10,217,227
WBGene00017468,24,42,66
WBGene00017469,30,29,59
WBGene00017470,3,1,4
WBGene00017471,11,360,371
WBGene00017472,167,1308,1475
WBGene00017473,1,33,34
WBGene00017474,0,2,2
WBGene00017475,0,8,8
WBGene00017476,2,6,8
WBGene00017477,22,397,419
WBGene00017478,89,661,750
WBGene00017480,135,1000,1135
WBGene00017481,1,33,34
WBGene00017482,12,242,254
WBGene00017483,3,27,30
WBGene00017484,7,174,181
WBGene00017485,13,88,101
WBGene00017486,0,132,132
WBGene00017487,65,230,295
WBGene00017488,3,22,25
WBGene00017489,25,50,75
WBGene00017490,0,0,0
WBGene00017491,0,0,0
WBGene00017492,2,0,2
WBGene00017493,5,15,20
WBGene00017497,5,0,5
WBGene00017498,16,328,344
WBGene00017499,0,0,0
WBGene00017500,0,0,0
WBGene00017501,4,738,742
WBGene00017502,0,170,170
WBGene00017503,20,141,161
WBGene00017504,27,73,100
WBGene00017506,35,750,785
WBGene00017507,129,182,311
WBGene00017508,14,73,87
WBGene00017509,14,90,104
WBGene00017510,46,96,142
WBGene00017511,7,11,18
WBGene00017512,15,135,150
WBGene00017513,105,505,610
WBGene00017514,108,1769,1877
WBGene00017515,14,122,136
WBGene00017516,1,1,2
WBGene00017517,5,1,6
WBGene00017518,2,0,2
WBGene00017519,0,0,0
WBGene00017520,1,0,1
WBGene00017521,0,0,0
WBGene00017522,0,0,0
WBGene00017523,5,1,6
WBGene00017524,0,2,2
WBGene00017525,1,0,1
WBGene00017526,4,0,4
WBGene00017527,1,1,2
WBGene00017528,1,2,3
WBGene00017530,45,246,291
WBGene00017532,3,17,20
WBGene00017534,88,1013,1101
WBGene00017535,37,370,407
WBGene00017536,31,484,515
WBGene00017537,17,158,175
WBGene00017538,12,91,103
WBGene00017539,1,0,1
WBGene00017540,1,0,1
WBGene00017541,6,6,12
WBGene00017542,0,3,3
WBGene00017543,5,23,28
WBGene00017544,6,37,43
WBGene00017545,18,93,111
WBGene00017546,150,2205,2355
WBGene00017547,43,317,360
WBGene00017548,10,93,103
WBGene00017549,48,251,299
WBGene00017550,15,32,47
WBGene00017551,1,0,1
WBGene00017552,1,1,2
WBGene00017553,1,2,3
WBGene00017554,5,0,5
WBGene00017555,4,3,7
WBGene00017556,5,7,12
WBGene00017557,39,944,983
WBGene00017559,1,0,1
WBGene00017560,1,4,5
WBGene00017562,1,2,3
WBGene00017563,74,913,987
WBGene00017564,1,7,8
WBGene00017565,2211,2730,4941
WBGene00017566,7,12,19
WBGene00017567,0,212,212
WBGene00017568,65,850,915
WBGene00017569,32,476,508
WBGene00017570,42,121,163
WBGene00017571,62,1296,1358
WBGene00017573,4,4,8
WBGene00017574,13,181,194
WBGene00017576,96,119,215
WBGene00017577,5,5,10
WBGene00017578,19,31,50
WBGene00017579,4,93,97
WBGene00017580,91,260,351
WBGene00017581,3,11,14
WBGene00017582,14,482,496
WBGene00017583,42,692,734
WBGene00017584,0,0,0
WBGene00017585,0,0,0
WBGene00017586,7,24,31
WBGene00017587,0,1,1
WBGene00017588,2,1,3
WBGene00017589,2,99,101
WBGene00017590,1,1,2
WBGene00017591,155,2034,2189
WBGene00017592,3,15,18
WBGene00017593,22,18,40
WBGene00017594,5,7,12
WBGene00017595,0,4,4
WBGene00017596,0,0,0
WBGene00017597,375,627,1002
WBGene00017598,1,2,3
WBGene00017599,0,317,317
WBGene00017600,84,991,1075
WBGene00017601,0,1,1
WBGene00017603,0,0,0
WBGene00017604,3,0,3
WBGene00017605,721,6174,6895
WBGene00017606,23,416,439
WBGene00017607,64,464,528
WBGene00017608,144,637,781
WBGene00017609,0,1,1
WBGene00017610,4,3,7
WBGene00017611,27,23,50
WBGene00017612,0,12,12
WBGene00017613,1282,38153,39435
WBGene00017614,12,40,52
WBGene00017615,3,21,24
WBGene00017616,44,150,194
WBGene00017618,362,357,719
WBGene00017619,6,20,26
WBGene00017620,118,663,781
WBGene00017621,100,3468,3568
WBGene00017625,40,19,59
WBGene00017627,15,0,15
WBGene00017628,116,175,291
WBGene00017629,0,0,0
WBGene00017630,0,0,0
WBGene00017631,10,5,15
WBGene00017632,30,96,126
WBGene00017633,31,32,63
WBGene00017634,2,6,8
WBGene00017635,101,80,181
WBGene00017636,3,2,5
WBGene00017637,75,516,591
WBGene00017638,0,0,0
WBGene00017639,271,914,1185
WBGene00017640,114,775,889
WBGene00017641,34,348,382
WBGene00017642,205,1817,2022
WBGene00017643,85,1066,1151
WBGene00017644,403,1941,2344
WBGene00017645,4,38,42
WBGene00017646,96,387,483
WBGene00017647,49,58,107
WBGene00017648,11,94,105
WBGene00017650,9,59,68
WBGene00017651,66,111,177
WBGene00017652,4,5,9
WBGene00017653,346,1874,2220
WBGene00017654,6,30,36
WBGene00017655,1,3,4
WBGene00017656,3,28,31
WBGene00017657,713,6580,7293
WBGene00017658,29,436,465
WBGene00017659,50,1739,1789
WBGene00017660,11,37,48
WBGene00017661,13,215,228
WBGene00017662,1,18,19
WBGene00017663,124,2526,2650
WBGene00017664,16,46,62
WBGene00017666,9,55,64
WBGene00017667,5,47,52
WBGene00017668,1,2,3
WBGene00017670,2,0,2
WBGene00017671,390,17479,17869
WBGene00017672,1,5,6
WBGene00017673,2,33,35
WBGene00017674,4,45,49
WBGene00017675,194,3994,4188
WBGene00017676,97,1016,1113
WBGene00017678,5,43,48
WBGene00017679,2,14,16
WBGene00017681,11,90,101
WBGene00017683,36,595,631
WBGene00017684,0,0,0
WBGene00017685,1,2,3
WBGene00017686,120,1279,1399
WBGene00017687,16,180,196
WBGene00017688,58,873,931
WBGene00017690,80,155,235
WBGene00017691,250,2138,2388
WBGene00017692,45,101,146
WBGene00017693,0,1,1
WBGene00017694,0,0,0
WBGene00017695,0,1,1
WBGene00017696,22,348,370
WBGene00017698,73,739,812
WBGene00017699,945,2753,3698
WBGene00017700,36,60,96
WBGene00017701,37,100,137
WBGene00017702,110,679,789
WBGene00017703,47,78,125
WBGene00017704,0,1,1
WBGene00017705,0,2,2
WBGene00017706,3,19,22
WBGene00017707,3,1,4
WBGene00017708,19,138,157
WBGene00017709,143,12,155
WBGene00017710,4,4,8
WBGene00017711,8,223,231
WBGene00017712,0,31,31
WBGene00017713,3,0,3
WBGene00017714,3,106,109
WBGene00017715,24,426,450
WBGene00017716,8,48,56
WBGene00017717,7,164,171
WBGene00017718,0,15,15
WBGene00017719,292,2868,3160
WBGene00017720,59,96,155
WBGene00017721,7,36,43
WBGene00017722,1,0,1
WBGene00017723,33,31,64
WBGene00017724,194,999,1193
WBGene00017725,0,2,2
WBGene00017726,147,1738,1885
WBGene00017727,0,7036,7036
WBGene00017730,8,101,109
WBGene00017732,43,456,499
WBGene00017733,97,739,836
WBGene00017734,93,10369,10462
WBGene00017735,208,3464,3672
WBGene00017736,6,35,41
WBGene00017737,4,3,7
WBGene00017738,57,488,545
WBGene00017741,199,980,1179
WBGene00017742,95,743,838
WBGene00017743,3,9,12
WBGene00017744,53,403,456
WBGene00017745,90,912,1002
WBGene00017746,213,727,940
WBGene00017747,14,153,167
WBGene00017748,126,1769,1895
WBGene00017749,81,1181,1262
WBGene00017750,27,207,234
WBGene00017751,140,18,158
WBGene00017752,5,3,8
WBGene00017754,20,112,132
WBGene00017755,1125,1720,2845
WBGene00017756,27,418,445
WBGene00017757,22,1419,1441
WBGene00017758,77,405,482
WBGene00017759,8,1901,1909
WBGene00017760,90,1279,1369
WBGene00017761,202,180,382
WBGene00017762,261,374,635
WBGene00017763,167,1048,1215
WBGene00017764,4,20,24
WBGene00017765,86,2175,2261
WBGene00017766,35,716,751
WBGene00017767,38,430,468
WBGene00017768,154,1172,1326
WBGene00017769,67,1151,1218
WBGene00017770,92,949,1041
WBGene00017771,11,156,167
WBGene00017772,248,3173,3421
WBGene00017773,156,1911,2067
WBGene00017774,26,362,388
WBGene00017775,152,2450,2602
WBGene00017776,61,793,854
WBGene00017777,26,1736,1762
WBGene00017778,222,1569,1791
WBGene00017779,68,324,392
WBGene00017780,57,180,237
WBGene00017781,205,960,1165
WBGene00017782,39,475,514
WBGene00017783,4,62,66
WBGene00017784,0,5,5
WBGene00017785,1,51,52
WBGene00017786,12,113,125
WBGene00017787,2,70,72
WBGene00017788,1,33,34
WBGene00017789,0,825,825
WBGene00017790,1,40,41
WBGene00017791,0,0,0
WBGene00017792,21,257,278
WBGene00017794,36,235,271
WBGene00017795,232,596,828
WBGene00017796,0,123,123
WBGene00017797,355,1705,2060
WBGene00017798,15,197,212
WBGene00017799,17,1072,1089
WBGene00017800,43,734,777
WBGene00017801,71,576,647
WBGene00017802,2,16,18
WBGene00017803,4,31,35
WBGene00017804,5,80,85
WBGene00017805,3,3,6
WBGene00017806,7,112,119
WBGene00017807,19,12,31
WBGene00017808,0,19,19
WBGene00017809,4,4,8
WBGene00017810,0,2,2
WBGene00017811,23,343,366
WBGene00017812,60,342,402
WBGene00017813,0,950,950
WBGene00017814,34,133,167
WBGene00017815,265,172,437
WBGene00017816,36,1578,1614
WBGene00017817,1,0,1
WBGene00017818,321,1010,1331
WBGene00017819,6,11,17
WBGene00017821,18,5,23
WBGene00017822,5,7,12
WBGene00017823,7,105,112
WBGene00017824,17,12,29
WBGene00017825,34,751,785
WBGene00017826,77,660,737
WBGene00017827,44,226,270
WBGene00017828,33,594,627
WBGene00017829,185,766,951
WBGene00017830,42,3110,3152
WBGene00017831,63,368,431
WBGene00017832,26,410,436
WBGene00017833,53,200,253
WBGene00017834,335,4086,4421
WBGene00017835,6,111,117
WBGene00017836,7,169,176
WBGene00017837,51,509,560
WBGene00017838,94,518,612
WBGene00017839,0,0,0
WBGene00017840,40,159,199
WBGene00017841,0,59,59
WBGene00017842,51,389,440
WBGene00017843,0,2,2
WBGene00017845,0,10,10
WBGene00017848,0,30,30
WBGene00017850,208,1528,1736
WBGene00017851,0,4,4
WBGene00017852,131,3602,3733
WBGene00017853,2,3,5
WBGene00017854,0,117,117
WBGene00017855,392,2773,3165
WBGene00017858,73,208,281
WBGene00017860,24,11,35
WBGene00017861,29,169,198
WBGene00017862,0,1,1
WBGene00017863,12,0,12
WBGene00017864,942,11273,12215
WBGene00017865,0,5,5
WBGene00017866,0,1118,1118
WBGene00017867,6,10,16
WBGene00017868,10,22,32
WBGene00017869,1,0,1
WBGene00017871,2,2,4
WBGene00017872,0,1,1
WBGene00017873,0,17,17
WBGene00017874,301,4547,4848
WBGene00017875,0,18,18
WBGene00017876,0,1,1
WBGene00017879,28,74,102
WBGene00017880,28,344,372
WBGene00017881,7,97,104
WBGene00017885,422,1847,2269
WBGene00017886,15,210,225
WBGene00017887,42,1254,1296
WBGene00017888,78,420,498
WBGene00017889,70,1644,1714
WBGene00017890,2,34,36
WBGene00017891,147,557,704
WBGene00017892,70,702,772
WBGene00017893,12,112,124
WBGene00017894,12,806,818
WBGene00017895,34,826,860
WBGene00017896,1,1,2
WBGene00017898,71,257,328
WBGene00017899,2,1,3
WBGene00017900,434,2878,3312
WBGene00017901,151,965,1116
WBGene00017902,4,16,20
WBGene00017904,321,1029,1350
WBGene00017905,16,503,519
WBGene00017906,77,186,263
WBGene00017907,218,730,948
WBGene00017908,0,191,191
WBGene00017909,21,775,796
WBGene00017910,8,3,11
WBGene00017911,1,4,5
WBGene00017912,15,1,16
WBGene00017913,2,6,8
WBGene00017914,53,693,746
WBGene00017915,1,0,1
WBGene00017916,173,894,1067
WBGene00017918,0,2,2
WBGene00017919,39,299,338
WBGene00017920,164,2447,2611
WBGene00017921,91,1561,1652
WBGene00017922,4,7,11
WBGene00017923,27,1308,1335
WBGene00017924,76,1098,1174
WBGene00017925,1831,25285,27116
WBGene00017926,1365,32297,33662
WBGene00017927,12,3,15
WBGene00017928,58,810,868
WBGene00017929,817,992,1809
WBGene00017930,1,67,68
WBGene00017931,92,476,568
WBGene00017933,8,8,16
WBGene00017934,88,658,746
WBGene00017935,0,1,1
WBGene00017936,27,293,320
WBGene00017937,4,81,85
WBGene00017938,6,299,305
WBGene00017939,54,175,229
WBGene00017942,0,1,1
WBGene00017944,3,3,6
WBGene00017945,39,383,422
WBGene00017947,29,61,90
WBGene00017948,31,188,219
WBGene00017949,9,56,65
WBGene00017950,33,245,278
WBGene00017951,50,494,544
WBGene00017952,252,776,1028
WBGene00017953,14,4,18
WBGene00017954,15,600,615
WBGene00017955,3,4,7
WBGene00017957,15,29,44
WBGene00017959,4,43,47
WBGene00017960,13,74,87
WBGene00017961,19,106,125
WBGene00017962,7,88,95
WBGene00017963,4,5,9
WBGene00017964,0,621,621
WBGene00017965,13,60,73
WBGene00017966,45,2,47
WBGene00017967,128,1296,1424
WBGene00017968,80,718,798
WBGene00017969,18,410,428
WBGene00017970,113,4880,4993
WBGene00017971,38,348,386
WBGene00017973,295,754,1049
WBGene00017974,26,200,226
WBGene00017975,5,19,24
WBGene00017976,169,755,924
WBGene00017977,9,223,232
WBGene00017978,0,84,84
WBGene00017979,152,3380,3532
WBGene00017980,274,2696,2970
WBGene00017981,46,580,626
WBGene00017982,1158,10304,11462
WBGene00017983,295,420,715
WBGene00017984,60,14270,14330
WBGene00017985,6,362,368
WBGene00017986,6,51,57
WBGene00017987,1,7,8
WBGene00017988,15,1887,1902
WBGene00017989,54,1375,1429
WBGene00017990,47,944,991
WBGene00017991,66,451,517
WBGene00017992,33,201,234
WBGene00017993,149,6431,6580
WBGene00017995,469,2577,3046
WBGene00017996,59,905,964
WBGene00017997,284,2521,2805
WBGene00017998,13,85,98
WBGene00017999,123,2987,3110
WBGene00018000,0,0,0
WBGene00018001,5,0,5
WBGene00018002,81,287,368
WBGene00018003,4,4,8
WBGene00018004,4,7,11
WBGene00018005,70,556,626
WBGene00018006,31,434,465
WBGene00018007,26,1227,1253
WBGene00018008,59,2389,2448
WBGene00018009,59,614,673
WBGene00018010,16,64,80
WBGene00018011,28,344,372
WBGene00018013,86,530,616
WBGene00018014,79,278,357
WBGene00018015,37,272,309
WBGene00018016,32,131,163
WBGene00018017,62,1674,1736
WBGene00018018,67,1716,1783
WBGene00018019,0,0,0
WBGene00018020,0,0,0
WBGene00018021,1,3,4
WBGene00018022,12,33,45
WBGene00018023,66,204,270
WBGene00018024,253,7663,7916
WBGene00018025,43,1073,1116
WBGene00018026,46,297,343
WBGene00018027,5,28,33
WBGene00018028,12,2,14
WBGene00018030,2,0,2
WBGene00018031,3,127,130
WBGene00018033,958,2599,3557
WBGene00018034,4,2,6
WBGene00018035,6,30,36
WBGene00018036,8,73,81
WBGene00018037,45,139,184
WBGene00018038,11,0,11
WBGene00018039,1,2,3
WBGene00018040,1,29,30
WBGene00018041,10,140,150
WBGene00018042,27,210,237
WBGene00018043,20,138,158
WBGene00018044,31,274,305
WBGene00018045,2,957,959
WBGene00018046,123,3262,3385
WBGene00018047,7,12,19
WBGene00018048,2,12,14
WBGene00018049,0,1,1
WBGene00018050,18,86,104
WBGene00018051,178,1141,1319
WBGene00018052,14,90,104
WBGene00018053,1,4,5
WBGene00018054,5,3,8
WBGene00018055,0,8,8
WBGene00018056,6,7,13
WBGene00018057,2,2,4
WBGene00018058,3,0,3
WBGene00018060,61,690,751
WBGene00018061,53,385,438
WBGene00018062,1,1,2
WBGene00018063,0,3,3
WBGene00018064,199,1495,1694
WBGene00018065,6,19,25
WBGene00018066,17,35,52
WBGene00018067,41,404,445
WBGene00018068,4,749,753
WBGene00018069,73,544,617
WBGene00018070,14,157,171
WBGene00018071,8,391,399
WBGene00018072,50,411,461
WBGene00018073,49,889,938
WBGene00018074,125,706,831
WBGene00018075,208,902,1110
WBGene00018076,51,244,295
WBGene00018077,3,154,157
WBGene00018078,173,702,875
WBGene00018080,1,4,5
WBGene00018081,1,5,6
WBGene00018082,1,2,3
WBGene00018083,2,10,12
WBGene00018084,11,13,24
WBGene00018085,1,70,71
WBGene00018086,1,0,1
WBGene00018087,28,71,99
WBGene00018088,104,474,578
WBGene00018089,76,347,423
WBGene00018090,147,1449,1596
WBGene00018091,2,7,9
WBGene00018092,1,8,9
WBGene00018093,1,0,1
WBGene00018094,12,6,18
WBGene00018096,2,1,3
WBGene00018097,0,0,0
WBGene00018098,0,1,1
WBGene00018099,9,61,70
WBGene00018100,0,16,16
WBGene00018101,8,18,26
WBGene00018102,0,4,4
WBGene00018103,0,3,3
WBGene00018104,1,12,13
WBGene00018105,0,2,2
WBGene00018106,0,1,1
WBGene00018107,0,2,2
WBGene00018108,0,11,11
WBGene00018110,7,9,16
WBGene00018111,18,16,34
WBGene00018112,24,200,224
WBGene00018113,7,31,38
WBGene00018114,32,12,44
WBGene00018115,27,388,415
WBGene00018117,51,2711,2762
WBGene00018118,4,52,56
WBGene00018119,2,9,11
WBGene00018120,0,0,0
WBGene00018121,3,39,42
WBGene00018122,0,2,2
WBGene00018123,0,0,0
WBGene00018124,0,0,0
WBGene00018130,17,3,20
WBGene00018131,111,1093,1204
WBGene00018132,89,1446,1535
WBGene00018133,11,70,81
WBGene00018134,12,20,32
WBGene00018135,2,15,17
WBGene00018136,11,159,170
WBGene00018137,11,227,238
WBGene00018138,44,444,488
WBGene00018139,6,2,8
WBGene00018140,48,293,341
WBGene00018141,5,3,8
WBGene00018142,2,28,30
WBGene00018143,6,9,15
WBGene00018144,82,491,573
WBGene00018145,596,5109,5705
WBGene00018146,18,134,152
WBGene00018148,16,5,21
WBGene00018149,184,887,1071
WBGene00018150,28,375,403
WBGene00018151,532,4145,4677
WBGene00018152,46,2331,2377
WBGene00018153,4,36,40
WBGene00018154,1810,1052,2862
WBGene00018155,4,25,29
WBGene00018156,151,1954,2105
WBGene00018157,16,65,81
WBGene00018158,4,13,17
WBGene00018159,516,2571,3087
WBGene00018160,29,886,915
WBGene00018161,50,1622,1672
WBGene00018162,0,0,0
WBGene00018163,4,5,9
WBGene00018164,2,1689,1691
WBGene00018165,4,15,19
WBGene00018166,18,205,223
WBGene00018167,14,142,156
WBGene00018168,6,4,10
WBGene00018169,0,3,3
WBGene00018170,30,505,535
WBGene00018172,16,19,35
WBGene00018173,25,123,148
WBGene00018174,13,62,75
WBGene00018175,146,473,619
WBGene00018176,8,20,28
WBGene00018178,8,3,11
WBGene00018179,7,13,20
WBGene00018180,57,48,105
WBGene00018181,53,1186,1239
WBGene00018182,2,5,7
WBGene00018183,7,6,13
WBGene00018184,7,131,138
WBGene00018186,0,9,9
WBGene00018187,2113,4829,6942
WBGene00018188,141,1163,1304
WBGene00018189,12,4,16
WBGene00018190,2,8,10
WBGene00018191,35,191,226
WBGene00018192,0,112,112
WBGene00018193,102,2705,2807
WBGene00018195,0,12,12
WBGene00018196,10,3,13
WBGene00018198,14,31,45
WBGene00018200,0,24,24
WBGene00018201,1,141,142
WBGene00018202,0,4,4
WBGene00018203,1,16,17
WBGene00018204,68,195,263
WBGene00018205,1,0,1
WBGene00018206,29,370,399
WBGene00018207,8,45,53
WBGene00018208,47,1158,1205
WBGene00018209,5,8,13
WBGene00018210,16,199,215
WBGene00018211,9,12,21
WBGene00018212,44,282,326
WBGene00018213,22,131,153
WBGene00018214,278,3520,3798
WBGene00018215,64,302,366
WBGene00018216,207,567,774
WBGene00018217,649,1487,2136
WBGene00018218,24,3157,3181
WBGene00018219,71,659,730
WBGene00018221,612,7111,7723
WBGene00018222,42,245,287
WBGene00018223,16,26,42
WBGene00018226,60,416,476
WBGene00018227,6,27,33
WBGene00018228,0,2,2
WBGene00018229,0,0,0
WBGene00018230,17,919,936
WBGene00018231,2,1,3
WBGene00018232,164,63,227
WBGene00018233,0,7,7
WBGene00018234,2,12,14
WBGene00018235,5,10,15
WBGene00018236,0,53,53
WBGene00018237,222,2649,2871
WBGene00018238,48,1271,1319
WBGene00018239,26,363,389
WBGene00018240,178,1167,1345
WBGene00018241,8,27,35
WBGene00018242,2,11,13
WBGene00018243,0,0,0
WBGene00018244,0,0,0
WBGene00018245,2,3,5
WBGene00018246,1,0,1
WBGene00018247,0,0,0
WBGene00018248,1,6,7
WBGene00018249,175,1865,2040
WBGene00018250,56,468,524
WBGene00018251,42,174,216
WBGene00018252,6,122,128
WBGene00018253,0,10,10
WBGene00018254,3,10,13
WBGene00018255,30,40,70
WBGene00018256,6,82,88
WBGene00018257,129,2765,2894
WBGene00018258,98,1064,1162
WBGene00018259,129,935,1064
WBGene00018260,22,136,158
WBGene00018261,27,141,168
WBGene00018262,8,40,48
WBGene00018264,0,8,8
WBGene00018265,52,429,481
WBGene00018266,27,584,611
WBGene00018267,3,2,5
WBGene00018268,2,105,107
WBGene00018269,49,398,447
WBGene00018270,23,1109,1132
WBGene00018271,375,91688,92063
WBGene00018272,25,190,215
WBGene00018273,41,46,87
WBGene00018274,87,356,443
WBGene00018275,75,301,376
WBGene00018276,3,3,6
WBGene00018277,0,0,0
WBGene00018278,0,0,0
WBGene00018279,0,7,7
WBGene00018280,2,9,11
WBGene00018281,72,505,577
WBGene00018282,42,474,516
WBGene00018283,9,29,38
WBGene00018284,2,17,19
WBGene00018285,767,5173,5940
WBGene00018286,10,66,76
WBGene00018288,19,319,338
WBGene00018289,25,2,27
WBGene00018290,127,3604,3731
WBGene00018291,3,17,20
WBGene00018292,13,839,852
WBGene00018293,49,341,390
WBGene00018294,27,1302,1329
WBGene00018295,3,29,32
WBGene00018296,0,4,4
WBGene00018297,0,665,665
WBGene00018298,462,7568,8030
WBGene00018299,59,64,123
WBGene00018300,18,391,409
WBGene00018301,10,15,25
WBGene00018302,12,231,243
WBGene00018303,544,7091,7635
WBGene00018304,203,881,1084
WBGene00018305,148,1456,1604
WBGene00018307,34,173,207
WBGene00018308,0,38,38
WBGene00018309,8,26,34
WBGene00018310,64,146,210
WBGene00018311,40,630,670
WBGene00018312,3,3,6
WBGene00018313,9,23,32
WBGene00018314,2,36,38
WBGene00018315,15,12,27
WBGene00018316,46,937,983
WBGene00018317,61,1266,1327
WBGene00018318,6,301,307
WBGene00018319,210,941,1151
WBGene00018321,8,241,249
WBGene00018322,0,2,2
WBGene00018323,15,1,16
WBGene00018324,1,2,3
WBGene00018327,4,5,9
WBGene00018328,126,419,545
WBGene00018330,42,815,857
WBGene00018332,2,1,3
WBGene00018333,1,28,29
WBGene00018334,35,235,270
WBGene00018335,121,739,860
WBGene00018336,1,0,1
WBGene00018337,63,332,395
WBGene00018338,5,141,146
WBGene00018339,74,3463,3537
WBGene00018340,60,2619,2679
WBGene00018341,74,3938,4012
WBGene00018342,91,596,687
WBGene00018343,5,164,169
WBGene00018344,87,342,429
WBGene00018345,19,33,52
WBGene00018346,31,239,270
WBGene00018347,8,36,44
WBGene00018348,30,176,206
WBGene00018349,109,3660,3769
WBGene00018350,36,578,614
WBGene00018351,17,25,42
WBGene00018352,5,16,21
WBGene00018353,10,15,25
WBGene00018354,9,3,12
WBGene00018355,3,43,46
WBGene00018356,115,1363,1478
WBGene00018357,36,683,719
WBGene00018358,17,8,25
WBGene00018359,8,4,12
WBGene00018360,8,6,14
WBGene00018361,1339,10345,11684
WBGene00018362,35,4672,4707
WBGene00018363,45,1073,1118
WBGene00018364,95,210,305
WBGene00018365,5,88,93
WBGene00018366,65,484,549
WBGene00018367,126,1367,1493
WBGene00018369,109,839,948
WBGene00018370,133,992,1125
WBGene00018371,32,422,454
WBGene00018373,316,1618,1934
WBGene00018374,82,307,389
WBGene00018375,8,20,28
WBGene00018376,245,4498,4743
WBGene00018377,11,23,34
WBGene00018378,0,2,2
WBGene00018379,9,3,12
WBGene00018380,3,35,38
WBGene00018381,25,5,30
WBGene00018383,3,87,90
WBGene00018384,7,23,30
WBGene00018385,0,2,2
WBGene00018386,13,247,260
WBGene00018387,6,2,8
WBGene00018388,1767,0,1767
WBGene00018389,2,0,2
WBGene00018390,27,380,407
WBGene00018391,49,2170,2219
WBGene00018392,138,811,949
WBGene00018393,16,2113,2129
WBGene00018394,15,66,81
WBGene00018395,125,10072,10197
WBGene00018397,22,10,32
WBGene00018398,68,418,486
WBGene00018399,20,252,272
WBGene00018400,63,677,740
WBGene00018402,38,482,520
WBGene00018403,43,174,217
WBGene00018404,7,12,19
WBGene00018405,275,1481,1756
WBGene00018406,12,14,26
WBGene00018407,571,3683,4254
WBGene00018408,165,721,886
WBGene00018409,31,947,978
WBGene00018410,6,10,16
WBGene00018411,27,76,103
WBGene00018412,3,15,18
WBGene00018413,13,169,182
WBGene00018414,10,19,29
WBGene00018415,10,174,184
WBGene00018417,211,1392,1603
WBGene00018418,12,862,874
WBGene00018419,121,772,893
WBGene00018420,105,1253,1358
WBGene00018421,17,802,819
WBGene00018422,37,1658,1695
WBGene00018423,47,266,313
WBGene00018424,14,621,635
WBGene00018425,4,7,11
WBGene00018426,103,3516,3619
WBGene00018427,11,882,893
WBGene00018428,4,7,11
WBGene00018429,6,7,13
WBGene00018430,35,145,180
WBGene00018431,14,1573,1587
WBGene00018432,6,17,23
WBGene00018433,0,0,0
WBGene00018434,0,4,4
WBGene00018435,0,27,27
WBGene00018436,0,0,0
WBGene00018437,2,0,2
WBGene00018438,1,0,1
WBGene00018439,0,1,1
WBGene00018440,0,1,1
WBGene00018441,0,0,0
WBGene00018442,6,2,8
WBGene00018443,0,0,0
WBGene00018444,1,4,5
WBGene00018445,0,8,8
WBGene00018446,7,19,26
WBGene00018447,1,4,5
WBGene00018452,0,1,1
WBGene00018455,2,4,6
WBGene00018456,9,15,24
WBGene00018457,0,3,3
WBGene00018458,0,4,4
WBGene00018459,0,15,15
WBGene00018460,0,0,0
WBGene00018461,0,0,0
WBGene00018462,32,758,790
WBGene00018463,0,5,5
WBGene00018465,10,119,129
WBGene00018466,20,200,220
WBGene00018467,98,473,571
WBGene00018468,840,9311,10151
WBGene00018470,126,586,712
WBGene00018471,7,15,22
WBGene00018472,85,203,288
WBGene00018473,26,134,160
WBGene00018474,35,629,664
WBGene00018475,332,5983,6315
WBGene00018476,28,187,215
WBGene00018477,2,34,36
WBGene00018478,10,52,62
WBGene00018479,0,8,8
WBGene00018480,3,57,60
WBGene00018481,89,1018,1107
WBGene00018482,232,2051,2283
WBGene00018483,10,153,163
WBGene00018484,5,13,18
WBGene00018485,713,1798,2511
WBGene00018486,18,168,186
WBGene00018487,17,96,113
WBGene00018488,83,1021,1104
WBGene00018489,1,0,1
WBGene00018490,2,7,9
WBGene00018491,34,21604,21638
WBGene00018492,43,411,454
WBGene00018493,0,1,1
WBGene00018496,7,0,7
WBGene00018497,0,2,2
WBGene00018498,0,0,0
WBGene00018499,0,33,33
WBGene00018500,0,0,0
WBGene00018501,0,0,0
WBGene00018502,1,0,1
WBGene00018504,0,0,0
WBGene00018505,1,1,2
WBGene00018506,2,3,5
WBGene00018507,0,1,1
WBGene00018508,469,2670,3139
WBGene00018509,93,1242,1335
WBGene00018510,24,100,124
WBGene00018511,33,257,290
WBGene00018512,141,1033,1174
WBGene00018513,1,193,194
WBGene00018514,49,384,433
WBGene00018515,2,48,50
WBGene00018516,25,540,565
WBGene00018517,233,1640,1873
WBGene00018518,38,1075,1113
WBGene00018519,4948,131278,136226
WBGene00018520,150,1090,1240
WBGene00018521,6,148,154
WBGene00018522,156,1927,2083
WBGene00018523,92,327,419
WBGene00018525,0,0,0
WBGene00018526,0,0,0
WBGene00018527,0,0,0
WBGene00018528,2,10,12
WBGene00018529,0,0,0
WBGene00018530,0,0,0
WBGene00018531,6,4,10
WBGene00018532,1193,18720,19913
WBGene00018533,529,976,1505
WBGene00018534,3,1,4
WBGene00018535,3,9,12
WBGene00018536,0,1,1
WBGene00018537,4,2,6
WBGene00018538,192,830,1022
WBGene00018539,32,19,51
WBGene00018541,5,51,56
WBGene00018542,8,63,71
WBGene00018543,4,22,26
WBGene00018544,3,22,25
WBGene00018545,9,19,28
WBGene00018547,125,66,191
WBGene00018548,6,21,27
WBGene00018549,1,2,3
WBGene00018550,2,0,2
WBGene00018551,15,11,26
WBGene00018552,12,42,54
WBGene00018554,1,4,5
WBGene00018555,11,0,11
WBGene00018556,2,0,2
WBGene00018557,0,4,4
WBGene00018558,7,49,56
WBGene00018559,0,0,0
WBGene00018560,84,847,931
WBGene00018561,17,90,107
WBGene00018562,120,802,922
WBGene00018563,5,16,21
WBGene00018564,368,1295,1663
WBGene00018565,52,534,586
WBGene00018566,17,72,89
WBGene00018567,97,127,224
WBGene00018568,9,27,36
WBGene00018569,107,464,571
WBGene00018570,15,1,16
WBGene00018571,16,17,33
WBGene00018572,440,1480,1920
WBGene00018573,5,2,7
WBGene00018575,2,4,6
WBGene00018576,28,180,208
WBGene00018578,9,154,163
WBGene00018579,393,1956,2349
WBGene00018580,12,3,15
WBGene00018581,78,404,482
WBGene00018582,38,62,100
WBGene00018585,44,277,321
WBGene00018586,66,692,758
WBGene00018587,40,67,107
WBGene00018589,307,30,337
WBGene00018590,30,4028,4058
WBGene00018591,4,15,19
WBGene00018593,25,543,568
WBGene00018594,81,368,449
WBGene00018595,9,156,165
WBGene00018596,21,58,79
WBGene00018598,15,110,125
WBGene00018599,70,1449,1519
WBGene00018600,15,8,23
WBGene00018601,1,0,1
WBGene00018602,18,894,912
WBGene00018603,36,107,143
WBGene00018604,79,2380,2459
WBGene00018605,9,19,28
WBGene00018606,3,35,38
WBGene00018607,236,728,964
WBGene00018608,158,379,537
WBGene00018609,147,1332,1479
WBGene00018610,13,768,781
WBGene00018611,122,499,621
WBGene00018612,48,690,738
WBGene00018613,5,214,219
WBGene00018614,0,34,34
WBGene00018615,17,114,131
WBGene00018616,0,4,4
WBGene00018617,1,0,1
WBGene00018618,1,2,3
WBGene00018619,0,2,2
WBGene00018620,4,7,11
WBGene00018621,0,62,62
WBGene00018622,20,194,214
WBGene00018623,11,16,27
WBGene00018624,1,13,14
WBGene00018625,24,1108,1132
WBGene00018626,8,49,57
WBGene00018627,1,5,6
WBGene00018628,280,0,280
WBGene00018630,6,22,28
WBGene00018631,0,1,1
WBGene00018632,23,333,356
WBGene00018634,126,736,862
WBGene00018635,40,404,444
WBGene00018636,60,337,397
WBGene00018637,26,505,531
WBGene00018638,17,690,707
WBGene00018639,145,695,840
WBGene00018640,15,52,67
WBGene00018641,24,243,267
WBGene00018643,4,5,9
WBGene00018645,77,282,359
WBGene00018646,11,42,53
WBGene00018647,3,8,11
WBGene00018648,9,16,25
WBGene00018649,0,0,0
WBGene00018650,0,3,3
WBGene00018651,0,0,0
WBGene00018652,2,0,2
WBGene00018653,1,18,19
WBGene00018654,37,431,468
WBGene00018655,43,460,503
WBGene00018656,262,2834,3096
WBGene00018657,137,1116,1253
WBGene00018659,0,100,100
WBGene00018660,0,24,24
WBGene00018661,0,5,5
WBGene00018663,0,433,433
WBGene00018665,6,72,78
WBGene00018667,5,108,113
WBGene00018668,4,70,74
WBGene00018669,4,37,41
WBGene00018670,2,0,2
WBGene00018671,3,8,11
WBGene00018672,138,557,695
WBGene00018674,222,1334,1556
WBGene00018675,57,221,278
WBGene00018678,53,432,485
WBGene00018679,214,1116,1330
WBGene00018680,59,109,168
WBGene00018681,373,1058,1431
WBGene00018682,24,527,551
WBGene00018683,42,42,84
WBGene00018684,0,7,7
WBGene00018687,0,14,14
WBGene00018688,0,15,15
WBGene00018689,10,89,99
WBGene00018690,5,23,28
WBGene00018691,4,6,10
WBGene00018692,111,3258,3369
WBGene00018693,21,6,27
WBGene00018694,26,28,54
WBGene00018696,47,372,419
WBGene00018697,23,320,343
WBGene00018698,8,71,79
WBGene00018700,841,3368,4209
WBGene00018701,246,16922,17168
WBGene00018702,17,743,760
WBGene00018703,45,507,552
WBGene00018704,12,410,422
WBGene00018706,1,42,43
WBGene00018707,6,63,69
WBGene00018708,2,7,9
WBGene00018709,3,12,15
WBGene00018710,568,4657,5225
WBGene00018711,254,181,435
WBGene00018712,98,189,287
WBGene00018713,14,39,53
WBGene00018714,37,616,653
WBGene00018715,16,183,199
WBGene00018716,146,233,379
WBGene00018717,22,318,340
WBGene00018718,27,184,211
WBGene00018719,79,780,859
WBGene00018720,245,1523,1768
WBGene00018721,78,294,372
WBGene00018723,79,306,385
WBGene00018724,0,773,773
WBGene00018725,0,1287,1287
WBGene00018726,8,49,57
WBGene00018727,86,311,397
WBGene00018728,69,148,217
WBGene00018729,121,1329,1450
WBGene00018730,0,3409,3409
WBGene00018731,0,2896,2896
WBGene00018732,0,1379,1379
WBGene00018734,958,1672,2630
WBGene00018735,19,216,235
WBGene00018736,9,222,231
WBGene00018737,7,129,136
WBGene00018738,38,98,136
WBGene00018739,128,829,957
WBGene00018740,148,670,818
WBGene00018741,31,28,59
WBGene00018742,23,87,110
WBGene00018743,80,972,1052
WBGene00018744,6,1013,1019
WBGene00018745,12,26,38
WBGene00018746,7,50,57
WBGene00018747,52,260,312
WBGene00018748,724,428,1152
WBGene00018749,44,181,225
WBGene00018750,230,396,626
WBGene00018751,4,0,4
WBGene00018752,9,29,38
WBGene00018754,11,72,83
WBGene00018755,21,171,192
WBGene00018756,460,2208,2668
WBGene00018757,71,813,884
WBGene00018758,51,588,639
WBGene00018760,111,281,392
WBGene00018761,676,46,722
WBGene00018762,152,2174,2326
WBGene00018763,57,1601,1658
WBGene00018764,62,5444,5506
WBGene00018765,851,3272,4123
WBGene00018766,56,82,138
WBGene00018767,17,1,18
WBGene00018768,1,1,2
WBGene00018769,275,2513,2788
WBGene00018770,0,0,0
WBGene00018771,10,19,29
WBGene00018772,86,143,229
WBGene00018773,15,18,33
WBGene00018774,43,121,164
WBGene00018776,500,3651,4151
WBGene00018777,136,431,567
WBGene00018778,525,3936,4461
WBGene00018779,17,140,157
WBGene00018781,201,561,762
WBGene00018782,526,5301,5827
WBGene00018783,3,35,38
WBGene00018784,242,4621,4863
WBGene00018785,177,635,812
WBGene00018786,11,223,234
WBGene00018787,103,487,590
WBGene00018788,99,349,448
WBGene00018789,34,199,233
WBGene00018791,49,172,221
WBGene00018792,5,3,8
WBGene00018793,379,2106,2485
WBGene00018794,210,346,556
WBGene00018795,40,418,458
WBGene00018797,170,895,1065
WBGene00018798,43,230,273
WBGene00018802,56,1931,1987
WBGene00018803,42,1767,1809
WBGene00018804,17,299,316
WBGene00018805,5,12,17
WBGene00018806,0,93,93
WBGene00018808,0,0,0
WBGene00018809,4,1,5
WBGene00018810,3,1,4
WBGene00018811,942,9012,9954
WBGene00018812,334,1009,1343
WBGene00018813,1,10,11
WBGene00018814,63,724,787
WBGene00018815,1,2,3
WBGene00018816,2,2,4
WBGene00018817,114,0,114
WBGene00018819,237,1562,1799
WBGene00018820,15,1,16
WBGene00018821,2,0,2
WBGene00018822,0,0,0
WBGene00018823,6,421,427
WBGene00018824,0,3,3
WBGene00018825,8,20,28
WBGene00018826,0,10,10
WBGene00018827,14,521,535
WBGene00018828,0,162,162
WBGene00018829,11,9,20
WBGene00018830,48,519,567
WBGene00018831,37,527,564
WBGene00018833,189,333,522
WBGene00018834,0,2,2
WBGene00018835,37,319,356
WBGene00018836,46,467,513
WBGene00018837,1597,2095,3692
WBGene00018838,0,0,0
WBGene00018839,1,101,102
WBGene00018840,1,3,4
WBGene00018841,0,0,0
WBGene00018842,0,16,16
WBGene00018844,2,5,7
WBGene00018845,17,122,139
WBGene00018846,13906,112882,126788
WBGene00018847,108,1187,1295
WBGene00018848,72,445,517
WBGene00018849,39,3578,3617
WBGene00018850,2,71,73
WBGene00018851,4,25,29
WBGene00018853,70,1114,1184
WBGene00018854,140,2192,2332
WBGene00018855,4,113,117
WBGene00018857,131,1373,1504
WBGene00018859,41,240,281
WBGene00018860,105,273,378
WBGene00018861,38,155,193
WBGene00018863,3,372,375
WBGene00018864,119,854,973
WBGene00018865,6,10,16
WBGene00018866,154,1968,2122
WBGene00018867,19,129,148
WBGene00018868,36,142,178
WBGene00018869,268,4079,4347
WBGene00018870,4,17,21
WBGene00018871,25,767,792
WBGene00018872,295,1674,1969
WBGene00018873,2,21,23
WBGene00018874,37,85,122
WBGene00018875,0,1,1
WBGene00018876,0,0,0
WBGene00018877,178,1495,1673
WBGene00018878,4,507,511
WBGene00018879,91,520,611
WBGene00018880,27,51,78
WBGene00018881,0,16,16
WBGene00018882,0,3,3
WBGene00018883,0,19,19
WBGene00018884,26,18,44
WBGene00018885,15,95,110
WBGene00018886,4,332,336
WBGene00018888,0,2,2
WBGene00018890,185,1936,2121
WBGene00018891,149,1989,2138
WBGene00018892,46,1908,1954
WBGene00018893,304,2801,3105
WBGene00018894,4,383,387
WBGene00018895,3,1,4
WBGene00018896,10,24,34
WBGene00018897,24,425,449
WBGene00018898,342,6564,6906
WBGene00018899,8,56,64
WBGene00018900,34,1015,1049
WBGene00018901,1,32,33
WBGene00018902,7,178,185
WBGene00018903,3,68,71
WBGene00018904,10,742,752
WBGene00018906,13,25,38
WBGene00018907,47,93,140
WBGene00018908,30,140,170
WBGene00018909,50,271,321
WBGene00018910,0,0,0
WBGene00018911,2,0,2
WBGene00018912,0,0,0
WBGene00018913,0,0,0
WBGene00018915,0,0,0
WBGene00018917,0,0,0
WBGene00018918,0,1,1
WBGene00018920,0,0,0
WBGene00018921,2,18,20
WBGene00018923,137,384,521
WBGene00018924,65,133,198
WBGene00018925,9,510,519
WBGene00018926,2,1,3
WBGene00018927,0,0,0
WBGene00018928,48,219,267
WBGene00018930,1,4,5
WBGene00018931,12,7,19
WBGene00018932,79,2145,2224
WBGene00018933,5,3,8
WBGene00018934,27,2237,2264
WBGene00018935,10,768,778
WBGene00018937,34,239,273
WBGene00018938,6,1,7
WBGene00018939,4,57,61
WBGene00018940,0,4,4
WBGene00018941,4,9,13
WBGene00018942,0,2,2
WBGene00018943,3,2,5
WBGene00018944,1,6,7
WBGene00018945,10,124,134
WBGene00018946,9,19,28
WBGene00018948,6,79,85
WBGene00018949,1,1,2
WBGene00018950,27,232,259
WBGene00018951,35,971,1006
WBGene00018952,28,206,234
WBGene00018953,344,2990,3334
WBGene00018954,76,278,354
WBGene00018955,28,526,554
WBGene00018957,29,428,457
WBGene00018958,66,323,389
WBGene00018959,39,478,517
WBGene00018960,18,627,645
WBGene00018961,290,1905,2195
WBGene00018963,853,11746,12599
WBGene00018964,28,222,250
WBGene00018965,15,62,77
WBGene00018966,16,136,152
WBGene00018967,90,1725,1815
WBGene00018968,7,34,41
WBGene00018969,47,837,884
WBGene00018970,1,0,1
WBGene00018971,37,141,178
WBGene00018972,1,21,22
WBGene00018973,1,2,3
WBGene00018974,173,808,981
WBGene00018975,315,1142,1457
WBGene00018976,239,162,401
WBGene00018978,1,3,4
WBGene00018979,2,3,5
WBGene00018980,2,0,2
WBGene00018981,2,3,5
WBGene00018982,2,0,2
WBGene00018984,44,277,321
WBGene00018985,100,845,945
WBGene00018986,25,419,444
WBGene00018987,71,470,541
WBGene00018988,17,202,219
WBGene00018989,48,446,494
WBGene00018990,34,204,238
WBGene00018991,33,109,142
WBGene00018994,5,5,10
WBGene00018995,70,538,608
WBGene00018996,19,838,857
WBGene00018997,7,38,45
WBGene00018998,129,1334,1463
WBGene00018999,4,11,15
WBGene00019001,503,10069,10572
WBGene00019002,23,217,240
WBGene00019003,98,3057,3155
WBGene00019004,38,650,688
WBGene00019005,129,1177,1306
WBGene00019006,92,1031,1123
WBGene00019007,2185,5111,7296
WBGene00019008,25,424,449
WBGene00019009,34,159,193
WBGene00019010,119,10,129
WBGene00019011,134,808,942
WBGene00019012,43,231,274
WBGene00019013,6,133,139
WBGene00019014,17,143,160
WBGene00019015,1,9,10
WBGene00019016,8,5,13
WBGene00019017,30,2371,2401
WBGene00019018,949,1923,2872
WBGene00019019,8,46,54
WBGene00019020,73,452,525
WBGene00019021,3,84,87
WBGene00019022,24,101,125
WBGene00019023,37,160,197
WBGene00019024,1,4,5
WBGene00019025,21,127,148
WBGene00019026,0,3,3
WBGene00019027,2,15,17
WBGene00019028,0,4,4
WBGene00019029,35,23,58
WBGene00019030,85,256,341
WBGene00019032,15,80,95
WBGene00019034,0,0,0
WBGene00019035,0,2,2
WBGene00019036,7,4,11
WBGene00019037,0,3,3
WBGene00019038,2,2,4
WBGene00019039,1,1,2
WBGene00019040,2,1,3
WBGene00019041,0,1,1
WBGene00019042,0,2,2
WBGene00019043,1,1,2
WBGene00019044,0,1,1
WBGene00019045,0,1,1
WBGene00019046,1,5,6
WBGene00019047,6,105,111
WBGene00019048,13,182,195
WBGene00019049,6,23,29
WBGene00019051,0,2,2
WBGene00019052,2,0,2
WBGene00019053,3,0,3
WBGene00019054,4,2,6
WBGene00019055,49,585,634
WBGene00019057,11,46,57
WBGene00019058,6,24,30
WBGene00019059,2,3,5
WBGene00019060,25,151,176
WBGene00019061,2914,32895,35809
WBGene00019062,0,0,0
WBGene00019063,1,8,9
WBGene00019064,67,1250,1317
WBGene00019065,0,1,1
WBGene00019066,0,1,1
WBGene00019067,18,58,76
WBGene00019068,6,44,50
WBGene00019069,218,418,636
WBGene00019070,0,51,51
WBGene00019072,22,132,154
WBGene00019073,0,0,0
WBGene00019074,157,1038,1195
WBGene00019075,17,284,301
WBGene00019076,81,1306,1387
WBGene00019077,31,894,925
WBGene00019079,106,1292,1398
WBGene00019080,7,26,33
WBGene00019081,12,5,17
WBGene00019082,4,116,120
WBGene00019083,5,5,10
WBGene00019084,7,29,36
WBGene00019085,3,7,10
WBGene00019086,1,2,3
WBGene00019087,13,813,826
WBGene00019089,5,6,11
WBGene00019090,299,2715,3014
WBGene00019091,6,12,18
WBGene00019092,1070,7034,8104
WBGene00019094,7,5,12
WBGene00019096,2,4,6
WBGene00019097,36,781,817
WBGene00019098,4,6,10
WBGene00019099,3,3,6
WBGene00019100,50,200,250
WBGene00019101,11,38,49
WBGene00019102,376,1817,2193
WBGene00019103,44,82,126
WBGene00019104,0,1,1
WBGene00019105,5,329,334
WBGene00019106,8,19,27
WBGene00019108,7,168,175
WBGene00019109,128,331,459
WBGene00019111,47,275,322
WBGene00019112,4,12,16
WBGene00019113,50,186,236
WBGene00019114,7,126,133
WBGene00019115,16,105,121
WBGene00019116,22,302,324
WBGene00019118,16,832,848
WBGene00019119,2,8,10
WBGene00019120,38,877,915
WBGene00019121,16,975,991
WBGene00019122,14,288,302
WBGene00019123,5,2,7
WBGene00019124,154,1778,1932
WBGene00019125,15,192,207
WBGene00019126,36,1212,1248
WBGene00019127,84,812,896
WBGene00019128,122,312,434
WBGene00019129,38,209,247
WBGene00019130,64,279,343
WBGene00019132,20,18,38
WBGene00019133,3,8,11
WBGene00019136,0,0,0
WBGene00019138,0,5,5
WBGene00019139,11,38,49
WBGene00019140,7,54,61
WBGene00019141,11,121,132
WBGene00019142,12,242,254
WBGene00019143,37,522,559
WBGene00019144,13,19,32
WBGene00019145,0,9,9
WBGene00019146,2,35,37
WBGene00019148,31,251,282
WBGene00019149,60,152,212
WBGene00019150,28,18,46
WBGene00019151,2,5,7
WBGene00019152,5,29,34
WBGene00019153,2,102,104
WBGene00019154,15,222,237
WBGene00019155,5,0,5
WBGene00019156,76,1273,1349
WBGene00019157,353,1010,1363
WBGene00019158,46,1270,1316
WBGene00019159,8,4,12
WBGene00019160,838,71030,71868
WBGene00019162,89,11780,11869
WBGene00019163,127,1330,1457
WBGene00019164,8,178,186
WBGene00019165,5,3,8
WBGene00019166,341,540,881
WBGene00019167,201,1034,1235
WBGene00019168,1220,9730,10950
WBGene00019169,2,9,11
WBGene00019170,118,1944,2062
WBGene00019171,1,1,2
WBGene00019174,93,66,159
WBGene00019177,11,278,289
WBGene00019178,4,3,7
WBGene00019179,3,3,6
WBGene00019180,539,823,1362
WBGene00019182,23,130,153
WBGene00019183,653,69,722
WBGene00019184,21,127,148
WBGene00019185,45,1038,1083
WBGene00019186,3,1,4
WBGene00019187,52,171,223
WBGene00019188,164,1644,1808
WBGene00019189,2,11,13
WBGene00019190,16,3,19
WBGene00019192,1,0,1
WBGene00019194,11,22,33
WBGene00019196,17,1100,1117
WBGene00019197,3,24,27
WBGene00019198,72,299,371
WBGene00019199,129,932,1061
WBGene00019200,144,817,961
WBGene00019201,11,7,18
WBGene00019202,17,13,30
WBGene00019203,369,4003,4372
WBGene00019204,343,723,1066
WBGene00019205,1796,3731,5527
WBGene00019207,251,3273,3524
WBGene00019209,186,2166,2352
WBGene00019211,322,961,1283
WBGene00019212,64,569,633
WBGene00019213,68,333,401
WBGene00019214,1,16,17
WBGene00019215,7,10,17
WBGene00019216,3,5,8
WBGene00019217,342,1553,1895
WBGene00019218,49,281,330
WBGene00019219,83,889,972
WBGene00019220,82,2233,2315
WBGene00019221,12,326,338
WBGene00019222,12,7,19
WBGene00019224,28,197,225
WBGene00019225,24,81,105
WBGene00019226,9,313,322
WBGene00019227,140,1351,1491
WBGene00019228,7,280,287
WBGene00019229,3,11,14
WBGene00019230,58,165,223
WBGene00019231,28,72,100
WBGene00019232,110,228,338
WBGene00019233,5,20,25
WBGene00019234,18,255,273
WBGene00019235,2,30,32
WBGene00019236,11,52,63
WBGene00019237,277,1506,1783
WBGene00019239,43,6,49
WBGene00019240,153,1875,2028
WBGene00019241,179,903,1082
WBGene00019242,42,32,74
WBGene00019243,6,381,387
WBGene00019244,20,175,195
WBGene00019245,151,934,1085
WBGene00019246,374,2546,2920
WBGene00019247,8,127,135
WBGene00019248,192,227,419
WBGene00019249,376,7102,7478
WBGene00019250,778,2370,3148
WBGene00019251,8,8,16
WBGene00019253,2,8,10
WBGene00019254,0,30,30
WBGene00019255,3,13,16
WBGene00019257,3,4,7
WBGene00019259,77,1388,1465
WBGene00019260,0,0,0
WBGene00019261,5,100,105
WBGene00019262,4,9,13
WBGene00019263,169,1228,1397
WBGene00019264,161,778,939
WBGene00019265,5,328,333
WBGene00019266,2,32,34
WBGene00019267,2,0,2
WBGene00019268,34,178,212
WBGene00019269,15,30,45
WBGene00019270,222,272,494
WBGene00019272,56,237,293
WBGene00019273,5,129,134
WBGene00019274,117,537,654
WBGene00019275,188,1001,1189
WBGene00019276,115,985,1100
WBGene00019277,94,1324,1418
WBGene00019279,2308,1396,3704
WBGene00019280,13,244,257
WBGene00019281,2,1,3
WBGene00019282,994,37356,38350
WBGene00019283,0,0,0
WBGene00019284,50,847,897
WBGene00019285,79,440,519
WBGene00019286,149,246,395
WBGene00019287,33,158,191
WBGene00019288,1,5,6
WBGene00019289,125,820,945
WBGene00019290,6,125,131
WBGene00019292,0,1,1
WBGene00019293,11,515,526
WBGene00019294,189,1633,1822
WBGene00019295,153,1347,1500
WBGene00019296,23,1380,1403
WBGene00019297,2,1,3
WBGene00019298,70,789,859
WBGene00019299,49,411,460
WBGene00019300,34,341,375
WBGene00019301,313,4007,4320
WBGene00019302,0,7,7
WBGene00019303,34,26,60
WBGene00019304,16,286,302
WBGene00019305,55,1525,1580
WBGene00019306,1,11,12
WBGene00019309,6,2,8
WBGene00019312,0,9,9
WBGene00019313,1,0,1
WBGene00019314,3,9,12
WBGene00019315,146,1106,1252
WBGene00019316,1,64,65
WBGene00019317,66,420,486
WBGene00019318,87,78,165
WBGene00019319,44,323,367
WBGene00019320,30,99,129
WBGene00019321,62,312,374
WBGene00019322,118,35445,35563
WBGene00019323,663,2573,3236
WBGene00019324,634,14681,15315
WBGene00019326,140,1335,1475
WBGene00019327,296,10076,10372
WBGene00019328,218,2173,2391
WBGene00019329,169,410,579
WBGene00019331,56,204,260
WBGene00019332,981,8410,9391
WBGene00019333,264,2381,2645
WBGene00019334,29,1041,1070
WBGene00019335,0,18,18
WBGene00019337,6,3,9
WBGene00019338,6,3,9
WBGene00019339,0,152,152
WBGene00019340,0,2,2
WBGene00019341,5,4,9
WBGene00019342,0,47,47
WBGene00019343,37,41,78
WBGene00019344,38,347,385
WBGene00019345,49,230,279
WBGene00019346,16,160,176
WBGene00019347,447,307,754
WBGene00019348,3,15,18
WBGene00019349,0,4,4
WBGene00019350,3,2,5
WBGene00019351,63,848,911
WBGene00019352,119,662,781
WBGene00019353,30,694,724
WBGene00019354,33,750,783
WBGene00019355,285,2591,2876
WBGene00019356,2,1,3
WBGene00019357,0,5255,5255
WBGene00019359,49,9,58
WBGene00019360,61,198,259
WBGene00019361,169,2335,2504
WBGene00019362,71,162,233
WBGene00019364,22,265,287
WBGene00019365,137,1517,1654
WBGene00019367,2,9,11
WBGene00019368,59,300,359
WBGene00019369,18,40,58
WBGene00019370,85,262,347
WBGene00019371,0,0,0
WBGene00019372,1,48,49
WBGene00019373,44,428,472
WBGene00019374,24,207,231
WBGene00019376,3,6,9
WBGene00019379,8,13,21
WBGene00019380,395,3192,3587
WBGene00019381,0,5620,5620
WBGene00019382,5,20,25
WBGene00019383,1,1,2
WBGene00019386,10,8,18
WBGene00019387,3,2,5
WBGene00019388,9,30,39
WBGene00019389,13,17,30
WBGene00019391,20,44,64
WBGene00019392,6,12,18
WBGene00019393,16,30,46
WBGene00019394,80,254,334
WBGene00019395,39,148,187
WBGene00019396,41,544,585
WBGene00019399,39,1246,1285
WBGene00019400,122,910,1032
WBGene00019401,112,5924,6036
WBGene00019402,74,2355,2429
WBGene00019403,117,615,732
WBGene00019404,7,19,26
WBGene00019405,14,63,77
WBGene00019406,3,33,36
WBGene00019407,131,704,835
WBGene00019408,107,846,953
WBGene00019409,1,7,8
WBGene00019410,7,9,16
WBGene00019411,1,18,19
WBGene00019412,0,0,0
WBGene00019413,1,3,4
WBGene00019414,0,1,1
WBGene00019415,3,4,7
WBGene00019416,0,9,9
WBGene00019417,0,1,1
WBGene00019418,0,2,2
WBGene00019419,0,0,0
WBGene00019420,1,1,2
WBGene00019421,3,10,13
WBGene00019422,0,11,11
WBGene00019423,48,4,52
WBGene00019424,38,242,280
WBGene00019425,4,3,7
WBGene00019426,3,141,144
WBGene00019427,31,636,667
WBGene00019428,517,1037,1554
WBGene00019429,42,534,576
WBGene00019430,1,44,45
WBGene00019431,8,4,12
WBGene00019432,143,2019,2162
WBGene00019433,106,4770,4876
WBGene00019434,350,529,879
WBGene00019435,60,327,387
WBGene00019436,49,322,371
WBGene00019437,158,1273,1431
WBGene00019438,0,0,0
WBGene00019442,0,0,0
WBGene00019443,18,6,24
WBGene00019444,31,62,93
WBGene00019445,38,111,149
WBGene00019448,41,402,443
WBGene00019449,2,0,2
WBGene00019450,0,1,1
WBGene00019451,3,0,3
WBGene00019452,0,0,0
WBGene00019453,5,1,6
WBGene00019455,14,68,82
WBGene00019456,57,290,347
WBGene00019457,232,1128,1360
WBGene00019458,38,269,307
WBGene00019459,5,3,8
WBGene00019460,45,581,626
WBGene00019461,25,17,42
WBGene00019462,358,136,494
WBGene00019464,9,280,289
WBGene00019465,295,2244,2539
WBGene00019466,1187,22518,23705
WBGene00019467,12,1227,1239
WBGene00019470,1,0,1
WBGene00019471,2,0,2
WBGene00019472,0,1,1
WBGene00019473,1,8,9
WBGene00019476,19,254,273
WBGene00019477,12,124,136
WBGene00019478,596,3715,4311
WBGene00019479,294,2776,3070
WBGene00019480,68,725,793
WBGene00019481,80,1938,2018
WBGene00019482,45,561,606
WBGene00019483,14,6,20
WBGene00019484,3,451,454
WBGene00019485,177,437,614
WBGene00019486,4,14,18
WBGene00019487,41,394,435
WBGene00019488,315,5196,5511
WBGene00019489,24,522,546
WBGene00019490,58,964,1022
WBGene00019491,43,542,585
WBGene00019492,477,2030,2507
WBGene00019493,31,181,212
WBGene00019495,109,2188,2297
WBGene00019496,29,159,188
WBGene00019497,34,574,608
WBGene00019498,110,522,632
WBGene00019501,2,0,2
WBGene00019502,2,2,4
WBGene00019503,32,353,385
WBGene00019504,27,1193,1220
WBGene00019506,5,11,16
WBGene00019507,1,0,1
WBGene00019508,9,28,37
WBGene00019509,0,61,61
WBGene00019510,769,28658,29427
WBGene00019511,125,1380,1505
WBGene00019512,17,24,41
WBGene00019513,33,543,576
WBGene00019514,1,0,1
WBGene00019515,11,115,126
WBGene00019516,11,64,75
WBGene00019518,23,42,65
WBGene00019519,88,243,331
WBGene00019520,2,99,101
WBGene00019521,82,1377,1459
WBGene00019522,116,379,495
WBGene00019524,1,4,5
WBGene00019525,114,743,857
WBGene00019527,3,5,8
WBGene00019529,0,0,0
WBGene00019530,2,11,13
WBGene00019531,2,1,3
WBGene00019533,5,8,13
WBGene00019534,0,0,0
WBGene00019535,20,111,131
WBGene00019536,109,109,218
WBGene00019537,0,29135,29135
WBGene00019538,19,236,255
WBGene00019540,100,4724,4824
WBGene00019541,1,70,71
WBGene00019543,401,3757,4158
WBGene00019544,59,1073,1132
WBGene00019545,32,173,205
WBGene00019546,69,435,504
WBGene00019547,6,8,14
WBGene00019548,1,0,1
WBGene00019549,3,2,5
WBGene00019550,11,44,55
WBGene00019551,4,135,139
WBGene00019552,2,1,3
WBGene00019553,3,34,37
WBGene00019554,43,536,579
WBGene00019556,3,9,12
WBGene00019557,3,3,6
WBGene00019558,0,0,0
WBGene00019559,2,1,3
WBGene00019560,1,1,2
WBGene00019561,8,14,22
WBGene00019562,2,4,6
WBGene00019563,16,192,208
WBGene00019564,147,1503,1650
WBGene00019565,7,20,27
WBGene00019566,1,4,5
WBGene00019567,3,1,4
WBGene00019570,20,66,86
WBGene00019571,140,51,191
WBGene00019572,0,25,25
WBGene00019574,0,1,1
WBGene00019576,1,10,11
WBGene00019577,5,41,46
WBGene00019578,4,11,15
WBGene00019579,10,58,68
WBGene00019580,1,13,14
WBGene00019582,6,5,11
WBGene00019583,1,12,13
WBGene00019584,6,6,12
WBGene00019586,11,22,33
WBGene00019587,0,5,5
WBGene00019588,1,14,15
WBGene00019589,57,91,148
WBGene00019590,6,6,12
WBGene00019591,1,0,1
WBGene00019592,0,306,306
WBGene00019593,21,469,490
WBGene00019594,40,14,54
WBGene00019595,7,226,233
WBGene00019597,27,263,290
WBGene00019598,0,1,1
WBGene00019599,48,211,259
WBGene00019600,4,104,108
WBGene00019601,0,28,28
WBGene00019602,0,0,0
WBGene00019603,19,496,515
WBGene00019604,0,0,0
WBGene00019605,36,263,299
WBGene00019606,2,14,16
WBGene00019607,520,3618,4138
WBGene00019608,17,283,300
WBGene00019609,183,889,1072
WBGene00019611,19,351,370
WBGene00019612,155,1181,1336
WBGene00019613,6,9,15
WBGene00019614,4,8,12
WBGene00019615,81,321,402
WBGene00019616,14,148,162
WBGene00019617,75,1536,1611
WBGene00019618,19,40,59
WBGene00019619,88,780,868
WBGene00019620,39,1971,2010
WBGene00019621,0,0,0
WBGene00019622,0,8,8
WBGene00019623,102,972,1074
WBGene00019624,277,1709,1986
WBGene00019625,13,8,21
WBGene00019626,2,5,7
WBGene00019627,93,689,782
WBGene00019628,20,993,1013
WBGene00019629,44,716,760
WBGene00019630,41,263,304
WBGene00019631,43,852,895
WBGene00019633,89,377,466
WBGene00019636,12,83,95
WBGene00019638,1,0,1
WBGene00019639,0,24,24
WBGene00019640,31,24,55
WBGene00019641,36,158,194
WBGene00019642,19,75,94
WBGene00019643,19,447,466
WBGene00019644,18,102,120
WBGene00019645,76,987,1063
WBGene00019646,0,4,4
WBGene00019647,42,1023,1065
WBGene00019648,5,23,28
WBGene00019649,18,216,234
WBGene00019650,98,783,881
WBGene00019651,134,611,745
WBGene00019652,18,362,380
WBGene00019653,4,9,13
WBGene00019654,15,72,87
WBGene00019655,13,82,95
WBGene00019656,26,1195,1221
WBGene00019657,50,542,592
WBGene00019658,109,1184,1293
WBGene00019659,8,22,30
WBGene00019660,1,267,268
WBGene00019661,1,84,85
WBGene00019662,5,8,13
WBGene00019663,21,1205,1226
WBGene00019664,239,2088,2327
WBGene00019665,21,322,343
WBGene00019666,17,271,288
WBGene00019667,15,10,25
WBGene00019668,1,4,5
WBGene00019669,19,131,150
WBGene00019670,0,0,0
WBGene00019673,57,658,715
WBGene00019674,3,26,29
WBGene00019675,0,1,1
WBGene00019677,55,240,295
WBGene00019678,286,1976,2262
WBGene00019679,175,2278,2453
WBGene00019680,0,10891,10891
WBGene00019681,1,2,3
WBGene00019682,64,606,670
WBGene00019683,307,37,344
WBGene00019684,1,1,2
WBGene00019685,1,0,1
WBGene00019686,160,1047,1207
WBGene00019687,2,0,2
WBGene00019688,4,5,9
WBGene00019689,0,2,2
WBGene00019690,1,4,5
WBGene00019691,34,107,141
WBGene00019692,39,203,242
WBGene00019693,31,2890,2921
WBGene00019697,439,1089,1528
WBGene00019698,336,3371,3707
WBGene00019699,12,9,21
WBGene00019700,0,4,4
WBGene00019702,0,1,1
WBGene00019703,1,3,4
WBGene00019704,0,7,7
WBGene00019705,0,11,11
WBGene00019709,1,2,3
WBGene00019710,8,245,253
WBGene00019711,96,1432,1528
WBGene00019712,24,146,170
WBGene00019713,54,442,496
WBGene00019714,2,0,2
WBGene00019715,105,669,774
WBGene00019716,487,1052,1539
WBGene00019717,74,191,265
WBGene00019718,4,3,7
WBGene00019719,2172,6891,9063
WBGene00019720,82,361,443
WBGene00019721,16,12,28
WBGene00019722,9,33,42
WBGene00019723,0,51,51
WBGene00019724,69,344,413
WBGene00019725,16,247,263
WBGene00019726,302,622,924
WBGene00019727,440,14591,15031
WBGene00019728,0,8,8
WBGene00019729,24,332,356
WBGene00019730,32,497,529
WBGene00019731,48,40,88
WBGene00019732,1,1146,1147
WBGene00019733,439,1402,1841
WBGene00019734,541,4465,5006
WBGene00019735,23,31,54
WBGene00019736,8,14,22
WBGene00019738,29,208,237
WBGene00019740,0,0,0
WBGene00019741,8,318,326
WBGene00019742,29,121,150
WBGene00019743,41,295,336
WBGene00019744,301,2778,3079
WBGene00019745,3,9,12
WBGene00019746,49,99,148
WBGene00019747,398,1683,2081
WBGene00019748,91,1799,1890
WBGene00019749,50,353,403
WBGene00019750,1960,1522,3482
WBGene00019751,56,862,918
WBGene00019753,72,368,440
WBGene00019754,7,324,331
WBGene00019755,0,5,5
WBGene00019756,79,514,593
WBGene00019757,91,440,531
WBGene00019758,2,17,19
WBGene00019759,92,14864,14956
WBGene00019760,650,15710,16360
WBGene00019761,16,15,31
WBGene00019762,228,2277,2505
WBGene00019763,15,70,85
WBGene00019764,50,375,425
WBGene00019765,437,396,833
WBGene00019766,77,456,533
WBGene00019767,45,4990,5035
WBGene00019768,140,603,743
WBGene00019769,8,63,71
WBGene00019770,1231,2459,3690
WBGene00019771,415,1297,1712
WBGene00019772,273,3206,3479
WBGene00019773,6,11,17
WBGene00019774,224,496,720
WBGene00019776,25,192,217
WBGene00019777,41,139,180
WBGene00019778,28,470,498
WBGene00019779,45,220,265
WBGene00019780,143,9622,9765
WBGene00019781,128,774,902
WBGene00019782,3,31,34
WBGene00019783,6,2,8
WBGene00019784,5,13,18
WBGene00019785,4,18,22
WBGene00019786,178,511,689
WBGene00019787,77,374,451
WBGene00019788,0,12,12
WBGene00019791,0,6,6
WBGene00019792,54,237,291
WBGene00019793,3,0,3
WBGene00019794,0,0,0
WBGene00019795,1,0,1
WBGene00019796,1,3,4
WBGene00019797,0,1,1
WBGene00019798,0,3,3
WBGene00019799,1,6,7
WBGene00019800,21,3410,3431
WBGene00019801,73,644,717
WBGene00019803,11,95,106
WBGene00019804,15,7,22
WBGene00019805,36,297,333
WBGene00019806,11,188,199
WBGene00019807,52,346,398
WBGene00019808,46,1065,1111
WBGene00019809,0,0,0
WBGene00019810,3,38,41
WBGene00019811,5,33,38
WBGene00019812,69,85,154
WBGene00019813,33,1041,1074
WBGene00019814,17,36,53
WBGene00019815,3,1,4
WBGene00019816,37,246,283
WBGene00019817,11,79,90
WBGene00019818,98,761,859
WBGene00019819,71,2100,2171
WBGene00019820,40,907,947
WBGene00019821,68,955,1023
WBGene00019822,48,634,682
WBGene00019823,108,1424,1532
WBGene00019824,48,428,476
WBGene00019825,31,227,258
WBGene00019826,0,6,6
WBGene00019827,102,845,947
WBGene00019828,196,198,394
WBGene00019829,24,633,657
WBGene00019830,33,813,846
WBGene00019831,179,11711,11890
WBGene00019832,82,270,352
WBGene00019833,2,22,24
WBGene00019834,2,7,9
WBGene00019835,0,0,0
WBGene00019836,72,1128,1200
WBGene00019837,30,110,140
WBGene00019838,253,2335,2588
WBGene00019839,2,1636,1638
WBGene00019840,22,410,432
WBGene00019841,57,1238,1295
WBGene00019842,546,517,1063
WBGene00019843,68,499,567
WBGene00019844,136,359,495
WBGene00019845,15,37,52
WBGene00019846,4,56,60
WBGene00019847,161,838,999
WBGene00019849,3,17,20
WBGene00019850,3,3,6
WBGene00019851,4,16,20
WBGene00019854,80,131,211
WBGene00019855,241,1027,1268
WBGene00019856,4,1,5
WBGene00019857,1,0,1
WBGene00019858,8,80,88
WBGene00019859,4,62,66
WBGene00019861,21,46,67
WBGene00019862,25,552,577
WBGene00019863,231,479,710
WBGene00019864,62,380,442
WBGene00019865,15,60,75
WBGene00019866,19,51,70
WBGene00019867,63,344,407
WBGene00019868,51,493,544
WBGene00019869,25,43,68
WBGene00019870,18,737,755
WBGene00019871,20,931,951
WBGene00019872,166,402,568
WBGene00019873,95,783,878
WBGene00019874,7,42,49
WBGene00019875,108,1679,1787
WBGene00019877,20,822,842
WBGene00019878,20,68,88
WBGene00019879,0,0,0
WBGene00019880,0,0,0
WBGene00019881,80,596,676
WBGene00019882,218,1072,1290
WBGene00019883,79,1231,1310
WBGene00019884,68,639,707
WBGene00019885,31,260,291
WBGene00019886,4,13,17
WBGene00019887,24,22,46
WBGene00019888,136,1943,2079
WBGene00019890,25,3574,3599
WBGene00019891,11,12,23
WBGene00019892,27,543,570
WBGene00019893,85,7346,7431
WBGene00019894,10,73,83
WBGene00019895,121,1123,1244
WBGene00019896,23,167,190
WBGene00019898,92,844,936
WBGene00019899,95,295,390
WBGene00019900,491,38064,38555
WBGene00019901,3,79,82
WBGene00019902,301,812,1113
WBGene00019903,4,4,8
WBGene00019904,181,1895,2076
WBGene00019905,1,5,6
WBGene00019906,9,24,33
WBGene00019907,21,246,267
WBGene00019908,278,1163,1441
WBGene00019909,51,24,75
WBGene00019911,77,470,547
WBGene00019913,20,10,30
WBGene00019914,53,288,341
WBGene00019915,136,563,699
WBGene00019916,0,0,0
WBGene00019917,1,12,13
WBGene00019918,23,103,126
WBGene00019919,2,2,4
WBGene00019920,4,2,6
WBGene00019921,2,11,13
WBGene00019922,1,13,14
WBGene00019923,1,6,7
WBGene00019924,26,201,227
WBGene00019925,0,3,3
WBGene00019926,3,4,7
WBGene00019927,3,5,8
WBGene00019928,5,10,15
WBGene00019929,2,2,4
WBGene00019931,6,7,13
WBGene00019933,23,0,23
WBGene00019935,75,196,271
WBGene00019937,0,5251,5251
WBGene00019938,58,416,474
WBGene00019939,14,25,39
WBGene00019940,266,3751,4017
WBGene00019941,123,2734,2857
WBGene00019943,50,469,519
WBGene00019944,48,1325,1373
WBGene00019945,0,0,0
WBGene00019946,108,2298,2406
WBGene00019947,23,12435,12458
WBGene00019948,16,24,40
WBGene00019949,0,3,3
WBGene00019950,4,5,9
WBGene00019951,3,11,14
WBGene00019952,2,147,149
WBGene00019953,135,2147,2282
WBGene00019954,0,0,0
WBGene00019955,208,483,691
WBGene00019956,0,10,10
WBGene00019957,53,347,400
WBGene00019959,56,466,522
WBGene00019960,71,297,368
WBGene00019961,0,25,25
WBGene00019962,23,319,342
WBGene00019963,11,318,329
WBGene00019964,7,4,11
WBGene00019965,40,152,192
WBGene00019966,10,11,21
WBGene00019967,54,705,759
WBGene00019968,8,225,233
WBGene00019970,1,98,99
WBGene00019971,78,1192,1270
WBGene00019972,11,6,17
WBGene00019973,21,53,74
WBGene00019975,171,1299,1470
WBGene00019977,9,19,28
WBGene00019978,6,87,93
WBGene00019979,14,54,68
WBGene00019980,6,2,8
WBGene00019981,18,3,21
WBGene00019982,15,34,49
WBGene00019983,44,3450,3494
WBGene00019986,26,236,262
WBGene00019987,10,381,391
WBGene00019988,16,1112,1128
WBGene00019989,3,11,14
WBGene00019991,1,0,1
WBGene00019992,0,0,0
WBGene00019993,22,893,915
WBGene00019994,276,431,707
WBGene00019995,35,285,320
WBGene00019996,6,6,12
WBGene00019997,14,42,56
WBGene00019998,307,1931,2238
WBGene00019999,71,193,264
WBGene00020003,19,48,67
WBGene00020004,4,3,7
WBGene00020006,48,535,583
WBGene00020007,44,1649,1693
WBGene00020008,32,378,410
WBGene00020009,13,187,200
WBGene00020010,29,82,111
WBGene00020011,297,37,334
WBGene00020012,161,2969,3130
WBGene00020013,1,3,4
WBGene00020014,3,49,52
WBGene00020015,0,17,17
WBGene00020016,4,4,8
WBGene00020017,25,808,833
WBGene00020018,49,371,420
WBGene00020019,10,17,27
WBGene00020020,69,19,88
WBGene00020021,2,1,3
WBGene00020022,34,872,906
WBGene00020023,28,237,265
WBGene00020024,3,2,5
WBGene00020025,65,3078,3143
WBGene00020026,119,1159,1278
WBGene00020027,108,1578,1686
WBGene00020029,136,1348,1484
WBGene00020030,19,361,380
WBGene00020031,123,1088,1211
WBGene00020032,1,6,7
WBGene00020033,41,231,272
WBGene00020034,7,28,35
WBGene00020035,1,41,42
WBGene00020036,164,1859,2023
WBGene00020037,43,2393,2436
WBGene00020038,124,1960,2084
WBGene00020039,14,187,201
WBGene00020040,20,103,123
WBGene00020041,3,3,6
WBGene00020042,1,0,1
WBGene00020043,59,783,842
WBGene00020044,1,4,5
WBGene00020045,89,740,829
WBGene00020046,8,4,12
WBGene00020047,16,144,160
WBGene00020048,19,136,155
WBGene00020049,9,477,486
WBGene00020050,21,102,123
WBGene00020051,120,2244,2364
WBGene00020052,11,539,550
WBGene00020053,0,12,12
WBGene00020054,99,4450,4549
WBGene00020055,0,5,5
WBGene00020056,2,2,4
WBGene00020057,10,7,17
WBGene00020058,212,1167,1379
WBGene00020060,24,8,32
WBGene00020062,6,280,286
WBGene00020063,1,2,3
WBGene00020064,84,390,474
WBGene00020066,5,59,64
WBGene00020067,0,0,0
WBGene00020068,366,3685,4051
WBGene00020069,202,870,1072
WBGene00020070,1,12,13
WBGene00020071,0,0,0
WBGene00020072,0,0,0
WBGene00020073,0,2,2
WBGene00020076,1,3,4
WBGene00020077,1,0,1
WBGene00020078,4,3,7
WBGene00020080,22,28,50
WBGene00020082,302,1306,1608
WBGene00020083,45,298,343
WBGene00020084,4,6,10
WBGene00020086,48,119,167
WBGene00020088,32,106,138
WBGene00020089,452,1301,1753
WBGene00020090,91,344,435
WBGene00020091,5,107,112
WBGene00020092,303,1519,1822
WBGene00020093,41,209,250
WBGene00020094,42,588,630
WBGene00020095,27,417,444
WBGene00020096,13,434,447
WBGene00020097,1432,9741,11173
WBGene00020098,25,182,207
WBGene00020099,136,617,753
WBGene00020100,162,317,479
WBGene00020101,96,602,698
WBGene00020102,162,1100,1262
WBGene00020103,4,73,77
WBGene00020104,23,438,461
WBGene00020105,48,67,115
WBGene00020106,232,1263,1495
WBGene00020107,108,2763,2871
WBGene00020109,0,31,31
WBGene00020110,0,883,883
WBGene00020111,0,126,126
WBGene00020112,0,2707,2707
WBGene00020113,0,4,4
WBGene00020114,3081,8948,12029
WBGene00020115,477,3365,3842
WBGene00020116,6,3,9
WBGene00020117,1,5,6
WBGene00020118,0,4,4
WBGene00020119,0,1,1
WBGene00020120,0,0,0
WBGene00020121,1,4,5
WBGene00020122,2,11,13
WBGene00020123,7,5,12
WBGene00020125,30,290,320
WBGene00020126,162,2520,2682
WBGene00020127,0,0,0
WBGene00020128,134,143,277
WBGene00020129,3,2,5
WBGene00020130,31,103,134
WBGene00020131,1119,4432,5551
WBGene00020134,683,322,1005
WBGene00020135,64,851,915
WBGene00020136,5,3,8
WBGene00020137,32,314,346
WBGene00020138,12,84,96
WBGene00020139,56,838,894
WBGene00020140,1,3,4
WBGene00020141,45,453,498
WBGene00020142,183,1223,1406
WBGene00020143,529,5352,5881
WBGene00020144,16,16,32
WBGene00020146,97,6099,6196
WBGene00020148,21,122,143
WBGene00020149,16,250,266
WBGene00020150,10,2,12
WBGene00020151,2,103,105
WBGene00020152,13,29,42
WBGene00020153,18,86,104
WBGene00020154,2,17,19
WBGene00020155,31,27932,27963
WBGene00020156,99,14385,14484
WBGene00020157,22,24,46
WBGene00020158,71,507,578
WBGene00020160,238,1297,1535
WBGene00020163,94,378,472
WBGene00020166,128,1589,1717
WBGene00020168,7,77,84
WBGene00020169,46,1127,1173
WBGene00020170,37,25,62
WBGene00020171,603,1618,2221
WBGene00020172,59,421,480
WBGene00020173,4,3,7
WBGene00020174,4,0,4
WBGene00020175,4,21,25
WBGene00020176,0,0,0
WBGene00020177,1,1,2
WBGene00020178,0,1,1
WBGene00020179,1,16,17
WBGene00020180,1,0,1
WBGene00020181,3527,27661,31188
WBGene00020182,6,8,14
WBGene00020183,16,156,172
WBGene00020184,16,882,898
WBGene00020185,32,6806,6838
WBGene00020187,13,82,95
WBGene00020188,5,44,49
WBGene00020189,132,323,455
WBGene00020190,443,3058,3501
WBGene00020191,16,79,95
WBGene00020192,87,8150,8237
WBGene00020193,34,376,410
WBGene00020194,124,929,1053
WBGene00020195,70,4100,4170
WBGene00020196,123,229,352
WBGene00020197,54,961,1015
WBGene00020199,9,314,323
WBGene00020200,173,2227,2400
WBGene00020201,1,6,7
WBGene00020202,1,0,1
WBGene00020203,13,2,15
WBGene00020205,0,11,11
WBGene00020207,140,838,978
WBGene00020208,289,712,1001
WBGene00020209,1056,4126,5182
WBGene00020210,0,6,6
WBGene00020211,0,4,4
WBGene00020212,54,48,102
WBGene00020214,38,422,460
WBGene00020215,68,1178,1246
WBGene00020216,55,7816,7871
WBGene00020217,3,1,4
WBGene00020218,7,59,66
WBGene00020219,28,187,215
WBGene00020220,13,4,17
WBGene00020221,0,36,36
WBGene00020222,19,389,408
WBGene00020223,1,21,22
WBGene00020224,27,149,176
WBGene00020225,14,28,42
WBGene00020227,4,17,21
WBGene00020228,4,16,20
WBGene00020229,987,7779,8766
WBGene00020230,437,1639,2076
WBGene00020231,49,126,175
WBGene00020232,2,3,5
WBGene00020233,9,61,70
WBGene00020234,285,1448,1733
WBGene00020235,113,890,1003
WBGene00020236,38,60,98
WBGene00020237,0,622,622
WBGene00020239,0,1,1
WBGene00020240,0,0,0
WBGene00020241,0,3,3
WBGene00020242,0,51,51
WBGene00020243,3,10,13
WBGene00020244,0,9,9
WBGene00020245,13,294,307
WBGene00020246,143,4810,4953
WBGene00020247,10,8,18
WBGene00020248,29,425,454
WBGene00020249,274,1107,1381
WBGene00020250,13,216,229
WBGene00020251,588,2455,3043
WBGene00020252,24,23,47
WBGene00020254,22,43,65
WBGene00020256,13,81,94
WBGene00020258,25,157,182
WBGene00020259,64,609,673
WBGene00020260,180,1294,1474
WBGene00020261,0,16,16
WBGene00020262,5,17,22
WBGene00020263,172,778,950
WBGene00020264,25,258,283
WBGene00020265,2,6,8
WBGene00020266,21,37,58
WBGene00020267,11,68,79
WBGene00020268,188,1374,1562
WBGene00020269,115,6703,6818
WBGene00020270,4,178,182
WBGene00020273,313,1083,1396
WBGene00020274,67,1086,1153
WBGene00020275,3356,31030,34386
WBGene00020276,1,157,158
WBGene00020277,2,7,9
WBGene00020279,167,859,1026
WBGene00020280,15,76,91
WBGene00020281,22,49,71
WBGene00020282,0,0,0
WBGene00020283,25,68,93
WBGene00020284,435,1715,2150
WBGene00020285,4,13,17
WBGene00020286,8,894,902
WBGene00020287,198,1888,2086
WBGene00020288,8,6,14
WBGene00020289,2,7,9
WBGene00020290,3,2,5
WBGene00020291,1,2,3
WBGene00020292,3,3,6
WBGene00020293,1,3,4
WBGene00020294,519,1763,2282
WBGene00020295,28,276,304
WBGene00020296,106,1186,1292
WBGene00020297,840,13006,13846
WBGene00020298,168,1285,1453
WBGene00020299,179,734,913
WBGene00020300,16,441,457
WBGene00020301,317,811,1128
WBGene00020302,0,241,241
WBGene00020305,1,1,2
WBGene00020307,130,346,476
WBGene00020311,10,368,378
WBGene00020313,28,21,49
WBGene00020314,32,365,397
WBGene00020315,69,3202,3271
WBGene00020316,280,747,1027
WBGene00020317,1302,24623,25925
WBGene00020318,0,28,28
WBGene00020319,6,62,68
WBGene00020320,8,430,438
WBGene00020321,19,398,417
WBGene00020322,3,559,562
WBGene00020323,40,98,138
WBGene00020324,19,1547,1566
WBGene00020325,6,35,41
WBGene00020326,3,2,5
WBGene00020327,1,23,24
WBGene00020328,1,7,8
WBGene00020329,1,16,17
WBGene00020330,30,404,434
WBGene00020333,1,14,15
WBGene00020334,164,1284,1448
WBGene00020335,10,98,108
WBGene00020339,5,153,158
WBGene00020340,15,148,163
WBGene00020341,36,296,332
WBGene00020342,3,1,4
WBGene00020343,36,207,243
WBGene00020345,8,30,38
WBGene00020346,371,1659,2030
WBGene00020347,469,3922,4391
WBGene00020348,12,1376,1388
WBGene00020349,13,49,62
WBGene00020350,0,7,7
WBGene00020351,0,0,0
WBGene00020353,4,1,5
WBGene00020354,0,1,1
WBGene00020356,5,10,15
WBGene00020357,12,2,14
WBGene00020358,0,25,25
WBGene00020359,1,18,19
WBGene00020360,76,295,371
WBGene00020361,3,20,23
WBGene00020362,0,0,0
WBGene00020363,23,182,205
WBGene00020364,0,1,1
WBGene00020365,39,70,109
WBGene00020366,321,3942,4263
WBGene00020368,102,1877,1979
WBGene00020369,39,525,564
WBGene00020370,2,19,21
WBGene00020371,4,3,7
WBGene00020372,6,10,16
WBGene00020373,7,520,527
WBGene00020374,853,1269,2122
WBGene00020375,10,183,193
WBGene00020376,27,271,298
WBGene00020377,26,124,150
WBGene00020378,51,327,378
WBGene00020379,45,1532,1577
WBGene00020380,10,144,154
WBGene00020381,11,63,74
WBGene00020382,1052,16229,17281
WBGene00020383,487,2367,2854
WBGene00020384,0,6,6
WBGene00020385,86,180,266
WBGene00020386,4,14,18
WBGene00020389,174,2819,2993
WBGene00020390,137,2353,2490
WBGene00020391,60,11916,11976
WBGene00020392,27,702,729
WBGene00020393,4,62,66
WBGene00020394,18,171,189
WBGene00020396,49,222,271
WBGene00020397,287,3075,3362
WBGene00020398,139,1187,1326
WBGene00020399,126,1640,1766
WBGene00020400,3,1,4
WBGene00020401,18,59,77
WBGene00020402,87,1016,1103
WBGene00020403,166,1216,1382
WBGene00020404,32,314,346
WBGene00020406,3,1,4
WBGene00020407,14,232,246
WBGene00020408,59,480,539
WBGene00020409,0,0,0
WBGene00020410,0,0,0
WBGene00020411,21,241,262
WBGene00020412,47,392,439
WBGene00020413,122,1113,1235
WBGene00020414,1,4,5
WBGene00020415,62,327,389
WBGene00020416,1,1,2
WBGene00020417,53,7314,7367
WBGene00020418,21,99,120
WBGene00020419,11,44,55
WBGene00020420,69,8,77
WBGene00020421,23,36,59
WBGene00020422,19,465,484
WBGene00020423,26,2625,2651
WBGene00020424,5,123,128
WBGene00020425,44,521,565
WBGene00020426,17,489,506
WBGene00020427,42,478,520
WBGene00020428,2,3,5
WBGene00020430,16,1,17
WBGene00020431,1,3,4
WBGene00020432,5,2,7
WBGene00020433,0,0,0
WBGene00020435,5,2,7
WBGene00020436,86,54,140
WBGene00020437,39,3349,3388
WBGene00020438,0,1,1
WBGene00020439,6,5,11
WBGene00020440,2,2,4
WBGene00020441,178,936,1114
WBGene00020442,53,922,975
WBGene00020443,211,963,1174
WBGene00020444,19,69,88
WBGene00020445,37,261,298
WBGene00020446,24,946,970
WBGene00020447,138,1421,1559
WBGene00020448,0,11,11
WBGene00020449,1,31,32
WBGene00020450,6,223,229
WBGene00020451,24,254,278
WBGene00020452,0,1,1
WBGene00020453,14,77,91
WBGene00020454,0,6,6
WBGene00020455,9,97,106
WBGene00020456,8,77,85
WBGene00020457,22,532,554
WBGene00020459,89,22,111
WBGene00020460,7,16,23
WBGene00020461,14,45,59
WBGene00020462,120,499,619
WBGene00020463,18,397,415
WBGene00020464,4,292,296
WBGene00020465,52,61,113
WBGene00020466,16,288,304
WBGene00020467,3,17,20
WBGene00020468,3,5,8
WBGene00020469,0,204,204
WBGene00020471,291,1698,1989
WBGene00020472,8,23,31
WBGene00020473,5,3,8
WBGene00020474,11,12,23
WBGene00020475,132,1393,1525
WBGene00020476,9,1,10
WBGene00020478,101,243,344
WBGene00020479,268,1931,2199
WBGene00020480,66,517,583
WBGene00020481,94,1529,1623
WBGene00020482,21,99,120
WBGene00020483,11,15,26
WBGene00020484,0,32,32
WBGene00020485,11,47,58
WBGene00020486,36,327,363
WBGene00020487,3,53,56
WBGene00020488,0,40,40
WBGene00020489,117,566,683
WBGene00020490,337,1435,1772
WBGene00020491,19,234,253
WBGene00020492,773,1,774
WBGene00020494,5,22,27
WBGene00020496,245,2404,2649
WBGene00020497,4,875,879
WBGene00020498,86,960,1046
WBGene00020499,185,1062,1247
WBGene00020500,63,639,702
WBGene00020501,75,687,762
WBGene00020502,158,828,986
WBGene00020503,18,42,60
WBGene00020504,347,1119,1466
WBGene00020505,4,43,47
WBGene00020506,120,467,587
WBGene00020507,49,2470,2519
WBGene00020508,9,408,417
WBGene00020509,108,1301,1409
WBGene00020510,19,799,818
WBGene00020511,188,3329,3517
WBGene00020515,0,5,5
WBGene00020516,34,227,261
WBGene00020517,39,2113,2152
WBGene00020520,3,2,5
WBGene00020522,5,2,7
WBGene00020523,8,9,17
WBGene00020524,23,17,40
WBGene00020525,0,0,0
WBGene00020526,4,1,5
WBGene00020527,34,68,102
WBGene00020528,28,62,90
WBGene00020529,5,4,9
WBGene00020530,280,2066,2346
WBGene00020531,24,22,46
WBGene00020532,7,3,10
WBGene00020533,3,1,4
WBGene00020534,0,0,0
WBGene00020535,0,0,0
WBGene00020536,3,0,3
WBGene00020537,0,9,9
WBGene00020539,0,0,0
WBGene00020540,43,393,436
WBGene00020541,0,2,2
WBGene00020542,0,2,2
WBGene00020543,1,3,4
WBGene00020544,0,1,1
WBGene00020546,2,0,2
WBGene00020548,0,1,1
WBGene00020549,0,2952,2952
WBGene00020550,1,24,25
WBGene00020551,14,53,67
WBGene00020553,60,1441,1501
WBGene00020554,22,206,228
WBGene00020555,13,40,53
WBGene00020556,70,734,804
WBGene00020557,215,1725,1940
WBGene00020558,55,416,471
WBGene00020559,41,198,239
WBGene00020560,58,18,76
WBGene00020561,447,3550,3997
WBGene00020562,83,1715,1798
WBGene00020563,123,1569,1692
WBGene00020564,52,94,146
WBGene00020565,10,589,599
WBGene00020566,22,247,269
WBGene00020567,20,40,60
WBGene00020568,167,1356,1523
WBGene00020569,44,231,275
WBGene00020571,16,32,48
WBGene00020572,137,806,943
WBGene00020573,52,494,546
WBGene00020574,17,27,44
WBGene00020575,43,84,127
WBGene00020576,5,195,200
WBGene00020577,13,204,217
WBGene00020578,0,1,1
WBGene00020579,102,771,873
WBGene00020580,2,8,10
WBGene00020581,536,2106,2642
WBGene00020582,8,374,382
WBGene00020583,2,21,23
WBGene00020584,2,2,4
WBGene00020585,289,5269,5558
WBGene00020586,93,301,394
WBGene00020587,49,575,624
WBGene00020588,73,1204,1277
WBGene00020589,633,5708,6341
WBGene00020590,87,188,275
WBGene00020592,52,571,623
WBGene00020593,18,201,219
WBGene00020594,4,15,19
WBGene00020595,46,401,447
WBGene00020596,46,665,711
WBGene00020597,0,4,4
WBGene00020598,6,7,13
WBGene00020599,712,1397,2109
WBGene00020600,143,1156,1299
WBGene00020601,68,1983,2051
WBGene00020602,4,26,30
WBGene00020603,0,1,1
WBGene00020604,26,2533,2559
WBGene00020605,85,773,858
WBGene00020607,3,4,7
WBGene00020608,2,5,7
WBGene00020609,11,0,11
WBGene00020611,4,1,5
WBGene00020612,20,192,212
WBGene00020613,0,0,0
WBGene00020616,0,0,0
WBGene00020617,1,2,3
WBGene00020618,1,3,4
WBGene00020620,1,5,6
WBGene00020623,1,0,1
WBGene00020624,2,3,5
WBGene00020625,24,826,850
WBGene00020626,18,112,130
WBGene00020627,42,35,77
WBGene00020628,73,821,894
WBGene00020629,33,687,720
WBGene00020630,65,562,627
WBGene00020631,1,4,5
WBGene00020633,33,755,788
WBGene00020634,11,58,69
WBGene00020635,9,9,18
WBGene00020636,67,8944,9011
WBGene00020637,1,1,2
WBGene00020638,1,2,3
WBGene00020639,0,0,0
WBGene00020640,1,0,1
WBGene00020642,6,18,24
WBGene00020645,7,39,46
WBGene00020646,3,15,18
WBGene00020647,36,982,1018
WBGene00020648,8,18,26
WBGene00020649,52,287,339
WBGene00020650,3,18,21
WBGene00020651,29,301,330
WBGene00020652,2,30,32
WBGene00020653,4,6,10
WBGene00020655,2,2,4
WBGene00020656,2,4,6
WBGene00020657,123,245,368
WBGene00020658,28,477,505
WBGene00020659,2,210,212
WBGene00020660,0,67,67
WBGene00020661,0,5,5
WBGene00020662,223,2455,2678
WBGene00020663,34,120,154
WBGene00020664,72,435,507
WBGene00020665,1,7,8
WBGene00020666,10,4,14
WBGene00020667,6,10,16
WBGene00020669,11,1,12
WBGene00020670,1,7,8
WBGene00020672,167,20,187
WBGene00020673,37,483,520
WBGene00020674,3,23,26
WBGene00020675,14,274,288
WBGene00020678,108,1238,1346
WBGene00020679,257,8124,8381
WBGene00020680,2,2,4
WBGene00020681,0,4,4
WBGene00020682,206,2214,2420
WBGene00020683,77,6201,6278
WBGene00020684,3,79,82
WBGene00020685,0,0,0
WBGene00020686,14,8,22
WBGene00020687,87,2032,2119
WBGene00020688,11,30,41
WBGene00020689,212,613,825
WBGene00020690,142,753,895
WBGene00020691,42,60,102
WBGene00020692,21,114,135
WBGene00020693,87,819,906
WBGene00020694,38,128,166
WBGene00020695,46,823,869
WBGene00020696,229,10037,10266
WBGene00020697,34,102,136
WBGene00020698,5,9,14
WBGene00020699,72,87,159
WBGene00020700,6,146,152
WBGene00020701,41,346,387
WBGene00020702,25,16,41
WBGene00020703,236,4127,4363
WBGene00020704,12,33,45
WBGene00020705,216,969,1185
WBGene00020706,169,390,559
WBGene00020707,4,9,13
WBGene00020708,9,99,108
WBGene00020709,14,710,724
WBGene00020710,33,1886,1919
WBGene00020712,107,305,412
WBGene00020713,3,16,19
WBGene00020714,21,257,278
WBGene00020715,0,4,4
WBGene00020716,16,228,244
WBGene00020717,200,1404,1604
WBGene00020718,35,1069,1104
WBGene00020719,53,1432,1485
WBGene00020720,4,10,14
WBGene00020721,28,279,307
WBGene00020722,103,1371,1474
WBGene00020725,5,139,144
WBGene00020726,36,602,638
WBGene00020727,20,154,174
WBGene00020728,8,11,19
WBGene00020730,9,4,13
WBGene00020732,471,6036,6507
WBGene00020735,385,1881,2266
WBGene00020736,1115,2275,3390
WBGene00020737,48,207,255
WBGene00020738,130,1959,2089
WBGene00020740,24,640,664
WBGene00020741,11,231,242
WBGene00020742,126,833,959
WBGene00020743,21,233,254
WBGene00020744,1,175,176
WBGene00020746,6,32,38
WBGene00020747,2,30,32
WBGene00020748,3,6,9
WBGene00020749,5,20,25
WBGene00020750,5,12,17
WBGene00020752,0,0,0
WBGene00020753,0,0,0
WBGene00020754,0,0,0
WBGene00020755,1,5,6
WBGene00020756,85,1042,1127
WBGene00020757,22,326,348
WBGene00020758,50,110,160
WBGene00020759,10,83,93
WBGene00020760,31,273,304
WBGene00020761,76,384,460
WBGene00020762,106,1838,1944
WBGene00020763,102,536,638
WBGene00020764,10,11,21
WBGene00020765,35,168,203
WBGene00020766,7,290,297
WBGene00020767,72,1576,1648
WBGene00020769,0,1,1
WBGene00020770,231,614,845
WBGene00020771,1,0,1
WBGene00020772,1,7,8
WBGene00020773,7,3,10
WBGene00020774,13,79,92
WBGene00020775,8,26,34
WBGene00020777,43,192,235
WBGene00020778,5,26,31
WBGene00020779,370,1902,2272
WBGene00020781,257,2901,3158
WBGene00020782,75,529,604
WBGene00020783,25,145,170
WBGene00020784,145,1022,1167
WBGene00020785,2,5,7
WBGene00020786,23,116,139
WBGene00020787,1,15,16
WBGene00020788,28,373,401
WBGene00020789,3,25,28
WBGene00020790,72,435,507
WBGene00020791,7,7,14
WBGene00020792,4,29,33
WBGene00020793,24,24,48
WBGene00020794,3,2,5
WBGene00020795,9,2,11
WBGene00020796,36,2260,2296
WBGene00020797,10,12,22
WBGene00020798,34,222,256
WBGene00020799,19,261,280
WBGene00020800,31,241,272
WBGene00020801,22,377,399
WBGene00020802,1,17,18
WBGene00020803,91,1178,1269
WBGene00020804,0,9,9
WBGene00020805,0,21,21
WBGene00020806,10,185,195
WBGene00020807,20,58,78
WBGene00020808,12429,121007,133436
WBGene00020809,1,5,6
WBGene00020810,3,1,4
WBGene00020811,78,487,565
WBGene00020812,355,6124,6479
WBGene00020813,19,26,45
WBGene00020817,4,207,211
WBGene00020819,19,157,176
WBGene00020820,21,363,384
WBGene00020821,87,1883,1970
WBGene00020822,61,381,442
WBGene00020823,64,347,411
WBGene00020824,164,1193,1357
WBGene00020825,90,348,438
WBGene00020826,57,47,104
WBGene00020827,66,2450,2516
WBGene00020828,0,14,14
WBGene00020829,16,2,18
WBGene00020830,65,340,405
WBGene00020831,57,1197,1254
WBGene00020832,9,3,12
WBGene00020833,24,133,157
WBGene00020834,23,22,45
WBGene00020835,33,9,42
WBGene00020836,111,2950,3061
WBGene00020837,8,200,208
WBGene00020838,492,4756,5248
WBGene00020839,75,1178,1253
WBGene00020840,0,38,38
WBGene00020841,1,1,2
WBGene00020842,17,216,233
WBGene00020843,13,172,185
WBGene00020844,0,701,701
WBGene00020845,2,11,13
WBGene00020846,56,230,286
WBGene00020847,31,189,220
WBGene00020849,17,75,92
WBGene00020850,7,36,43
WBGene00020851,4,19,23
WBGene00020852,111,702,813
WBGene00020853,9,80,89
WBGene00020854,488,17354,17842
WBGene00020855,92,314,406
WBGene00020856,4,7,11
WBGene00020857,26,22,48
WBGene00020858,41,38,79
WBGene00020859,17,52,69
WBGene00020860,0,62,62
WBGene00020861,216,549,765
WBGene00020862,1070,11727,12797
WBGene00020863,9,8,17
WBGene00020864,41,18,59
WBGene00020865,76,619,695
WBGene00020866,206,1196,1402
WBGene00020867,230,1297,1527
WBGene00020868,863,10837,11700
WBGene00020869,26,228,254
WBGene00020870,1,2,3
WBGene00020871,0,0,0
WBGene00020874,0,1,1
WBGene00020875,0,1,1
WBGene00020877,3,14,17
WBGene00020878,2,99,101
WBGene00020879,3,4,7
WBGene00020880,2,1,3
WBGene00020881,1,2,3
WBGene00020882,4,6,10
WBGene00020883,5,358,363
WBGene00020884,201,2257,2458
WBGene00020886,73,4605,4678
WBGene00020887,305,1664,1969
WBGene00020888,3,3,6
WBGene00020889,10,60,70
WBGene00020890,5,1,6
WBGene00020891,186,1083,1269
WBGene00020892,3,14,17
WBGene00020893,20,115,135
WBGene00020894,1047,29767,30814
WBGene00020895,524,3528,4052
WBGene00020896,4,153,157
WBGene00020897,265,1615,1880
WBGene00020898,9,186,195
WBGene00020899,0,18,18
WBGene00020900,3,5,8
WBGene00020901,73,521,594
WBGene00020902,463,2621,3084
WBGene00020903,51,42,93
WBGene00020904,163,144,307
WBGene00020905,1,0,1
WBGene00020906,8,34,42
WBGene00020907,5,17,22
WBGene00020908,32,307,339
WBGene00020909,71,438,509
WBGene00020910,7,126,133
WBGene00020911,30,144,174
WBGene00020912,46,1435,1481
WBGene00020913,4,15,19
WBGene00020914,5,4,9
WBGene00020915,196,17804,18000
WBGene00020917,229,2025,2254
WBGene00020918,2,7,9
WBGene00020919,22,584,606
WBGene00020920,165,542,707
WBGene00020921,39,971,1010
WBGene00020922,0,3,3
WBGene00020923,0,13,13
WBGene00020924,27,190,217
WBGene00020927,89,4,93
WBGene00020929,234,2107,2341
WBGene00020930,1679,6233,7912
WBGene00020931,16,2382,2398
WBGene00020932,190,1655,1845
WBGene00020933,29,905,934
WBGene00020935,147,909,1056
WBGene00020936,47,1057,1104
WBGene00020937,12,467,479
WBGene00020938,7,40,47
WBGene00020939,39,753,792
WBGene00020940,0,1,1
WBGene00020941,13,27,40
WBGene00020942,203,1355,1558
WBGene00020943,1,6,7
WBGene00020944,4,4,8
WBGene00020945,25,2,27
WBGene00020946,9,9,18
WBGene00020947,51,162,213
WBGene00020948,1,21,22
WBGene00020949,24,289,313
WBGene00020950,243,10347,10590
WBGene00020951,122,1612,1734
WBGene00020952,148,263,411
WBGene00020953,0,8,8
WBGene00020954,102,642,744
WBGene00020955,157,175,332
WBGene00020957,65,529,594
WBGene00020961,17,14,31
WBGene00020962,18,60,78
WBGene00020964,89,424,513
WBGene00020966,10,32,42
WBGene00020967,2,14,16
WBGene00020970,135,855,990
WBGene00020972,6,27,33
WBGene00020973,2,6,8
WBGene00020974,0,0,0
WBGene00020976,4,5,9
WBGene00020977,20,23,43
WBGene00020978,6,0,6
WBGene00020979,0,4,4
WBGene00020982,2,0,2
WBGene00020983,7,8,15
WBGene00020984,1,7,8
WBGene00020985,17,38,55
WBGene00020986,14,60,74
WBGene00020987,2,3,5
WBGene00020988,0,2,2
WBGene00020989,35,17,52
WBGene00020990,2,3,5
WBGene00020993,43,1268,1311
WBGene00020994,24,1726,1750
WBGene00020995,18,143,161
WBGene00020997,65,195,260
WBGene00020999,33,688,721
WBGene00021000,7,337,344
WBGene00021002,50,738,788
WBGene00021003,0,12,12
WBGene00021004,219,3183,3402
WBGene00021005,7,40,47
WBGene00021006,3,1,4
WBGene00021007,0,5,5
WBGene00021008,12,36,48
WBGene00021009,1223,2523,3746
WBGene00021010,3,1,4
WBGene00021011,0,131,131
WBGene00021012,73,434,507
WBGene00021013,26,6,32
WBGene00021014,4,85,89
WBGene00021015,2,94,96
WBGene00021016,3,18,21
WBGene00021017,21,82,103
WBGene00021019,88,707,795
WBGene00021020,291,543,834
WBGene00021021,440,1730,2170
WBGene00021022,377,746,1123
WBGene00021023,0,12,12
WBGene00021024,264,3433,3697
WBGene00021025,17,17,34
WBGene00021026,293,4187,4480
WBGene00021027,68,217,285
WBGene00021028,22,10,32
WBGene00021029,0,18,18
WBGene00021030,2,9,11
WBGene00021031,2,37,39
WBGene00021032,8,1,9
WBGene00021033,3,7,10
WBGene00021034,2,11,13
WBGene00021035,0,52,52
WBGene00021036,983,5237,6220
WBGene00021038,46,224,270
WBGene00021039,47,463,510
WBGene00021040,10,30,40
WBGene00021041,13,13,26
WBGene00021042,8,35,43
WBGene00021043,53,21191,21244
WBGene00021044,150,1159,1309
WBGene00021045,4,16,20
WBGene00021046,109,636,745
WBGene00021047,213,1936,2149
WBGene00021048,126,561,687
WBGene00021049,55,596,651
WBGene00021051,46,469,515
WBGene00021052,14,10,24
WBGene00021053,1,65,66
WBGene00021054,1,7,8
WBGene00021055,22,74,96
WBGene00021056,4,20,24
WBGene00021057,31,540,571
WBGene00021058,177,525,702
WBGene00021059,220,903,1123
WBGene00021060,16,99,115
WBGene00021061,65,576,641
WBGene00021063,26,670,696
WBGene00021066,2,146,148
WBGene00021067,6,18,24
WBGene00021068,315,14176,14491
WBGene00021070,35,57,92
WBGene00021072,19,11,30
WBGene00021073,278,4236,4514
WBGene00021074,67,2003,2070
WBGene00021075,9725,153,9878
WBGene00021076,25,135,160
WBGene00021078,538,1962,2500
WBGene00021079,523,4423,4946
WBGene00021080,232,1301,1533
WBGene00021081,39,35,74
WBGene00021082,11,304,315
WBGene00021083,11,61,72
WBGene00021084,6,103,109
WBGene00021085,0,59,59
WBGene00021086,0,0,0
WBGene00021087,4,19,23
WBGene00021088,134,12181,12315
WBGene00021089,67,97,164
WBGene00021090,16,2,18
WBGene00021091,0,1,1
WBGene00021092,1,1,2
WBGene00021093,42,1961,2003
WBGene00021094,9,25,34
WBGene00021095,44,1528,1572
WBGene00021096,22,4,26
WBGene00021097,86,1761,1847
WBGene00021098,0,41,41
WBGene00021099,2,4,6
WBGene00021101,7,20,27
WBGene00021103,166,631,797
WBGene00021104,69,601,670
WBGene00021105,47,5,52
WBGene00021106,0,0,0
WBGene00021107,0,0,0
WBGene00021108,1,0,1
WBGene00021109,0,1,1
WBGene00021110,3,6,9
WBGene00021111,36,221,257
WBGene00021112,4,802,806
WBGene00021113,1,1,2
WBGene00021114,0,1,1
WBGene00021115,4,8,12
WBGene00021116,104,815,919
WBGene00021117,1,13,14
WBGene00021118,6,6,12
WBGene00021120,1,23,24
WBGene00021121,21,413,434
WBGene00021122,5,0,5
WBGene00021123,14,211,225
WBGene00021124,58,151,209
WBGene00021125,31,84,115
WBGene00021126,3,37,40
WBGene00021127,9,230,239
WBGene00021128,364,4394,4758
WBGene00021129,8,11,19
WBGene00021131,59,436,495
WBGene00021132,193,841,1034
WBGene00021133,189,3292,3481
WBGene00021134,1,6,7
WBGene00021135,0,0,0
WBGene00021136,2,26,28
WBGene00021137,0,0,0
WBGene00021138,0,1,1
WBGene00021139,2,0,2
WBGene00021141,0,0,0
WBGene00021142,1,0,1
WBGene00021143,0,0,0
WBGene00021144,1,5,6
WBGene00021145,1,3,4
WBGene00021146,45,294,339
WBGene00021148,6,96,102
WBGene00021149,189,1597,1786
WBGene00021150,0,1,1
WBGene00021152,256,367,623
WBGene00021153,0,0,0
WBGene00021154,1,1,2
WBGene00021155,14,329,343
WBGene00021156,22,226,248
WBGene00021157,16,46,62
WBGene00021158,8,36,44
WBGene00021159,35,148,183
WBGene00021160,42,110,152
WBGene00021161,955,6423,7378
WBGene00021162,0,0,0
WBGene00021163,25,205,230
WBGene00021164,4,1,5
WBGene00021165,0,4,4
WBGene00021166,1,0,1
WBGene00021167,7,54,61
WBGene00021168,4,34,38
WBGene00021169,0,1,1
WBGene00021170,37,1678,1715
WBGene00021171,147,900,1047
WBGene00021172,0,0,0
WBGene00021173,1,0,1
WBGene00021174,0,0,0
WBGene00021175,6,2,8
WBGene00021176,51,313,364
WBGene00021177,1,4,5
WBGene00021178,10,109,119
WBGene00021179,2,1,3
WBGene00021180,11,40,51
WBGene00021182,8,7,15
WBGene00021183,7,14,21
WBGene00021184,2,1,3
WBGene00021185,71,453,524
WBGene00021186,62,93,155
WBGene00021187,85,76,161
WBGene00021188,0,0,0
WBGene00021189,2,3,5
WBGene00021190,11,63,74
WBGene00021191,138,1146,1284
WBGene00021192,23,150,173
WBGene00021193,10,5,15
WBGene00021194,0,0,0
WBGene00021195,13,72,85
WBGene00021196,4,45,49
WBGene00021197,0,2,2
WBGene00021198,7,4,11
WBGene00021199,68,21,89
WBGene00021200,9,56,65
WBGene00021201,6,146,152
WBGene00021202,68,887,955
WBGene00021204,13,69,82
WBGene00021205,27,723,750
WBGene00021207,10,2,12
WBGene00021208,81,757,838
WBGene00021209,184,733,917
WBGene00021210,88,808,896
WBGene00021212,12,24,36
WBGene00021213,36,38,74
WBGene00021214,6,22,28
WBGene00021215,19,61,80
WBGene00021216,0,0,0
WBGene00021217,0,0,0
WBGene00021219,0,0,0
WBGene00021220,0,0,0
WBGene00021221,0,0,0
WBGene00021222,0,0,0
WBGene00021223,0,0,0
WBGene00021224,0,0,0
WBGene00021226,0,0,0
WBGene00021227,0,0,0
WBGene00021228,0,0,0
WBGene00021232,3,18,21
WBGene00021235,2,6,8
WBGene00021236,0,62,62
WBGene00021237,183,701,884
WBGene00021238,301,145,446
WBGene00021239,359,457,816
WBGene00021241,2,2,4
WBGene00021243,0,1,1
WBGene00021244,110,35,145
WBGene00021245,49,280,329
WBGene00021246,63,220,283
WBGene00021247,120,271,391
WBGene00021248,2090,43998,46088
WBGene00021249,15,31,46
WBGene00021250,6,0,6
WBGene00021251,0,5,5
WBGene00021252,11,2,13
WBGene00021253,31,350,381
WBGene00021254,106,139,245
WBGene00021256,27,12,39
WBGene00021257,26,57,83
WBGene00021259,22,23,45
WBGene00021260,111,445,556
WBGene00021261,4,3,7
WBGene00021262,6,13,19
WBGene00021263,2,4,6
WBGene00021264,33,313,346
WBGene00021266,11,1,12
WBGene00021267,15,73,88
WBGene00021268,22,1324,1346
WBGene00021269,79,271,350
WBGene00021270,7,1518,1525
WBGene00021271,62,215,277
WBGene00021272,92,1151,1243
WBGene00021274,75,636,711
WBGene00021275,199,446,645
WBGene00021276,492,1425,1917
WBGene00021277,107,2116,2223
WBGene00021279,2,9,11
WBGene00021280,0,2,2
WBGene00021281,931,3351,4282
WBGene00021282,23,116,139
WBGene00021283,24,27,51
WBGene00021284,3,8,11
WBGene00021285,0,53,53
WBGene00021286,231,2471,2702
WBGene00021287,2,14,16
WBGene00021288,3,18,21
WBGene00021289,1,1,2
WBGene00021290,0,1,1
WBGene00021291,3,2,5
WBGene00021292,201,2874,3075
WBGene00021293,0,1,1
WBGene00021294,166,742,908
WBGene00021295,114,611,725
WBGene00021296,29,663,692
WBGene00021297,5,4,9
WBGene00021298,0,0,0
WBGene00021299,0,3,3
WBGene00021300,0,1,1
WBGene00021301,13,15,28
WBGene00021302,2,8,10
WBGene00021303,0,4,4
WBGene00021304,75,258,333
WBGene00021305,209,899,1108
WBGene00021309,32,142,174
WBGene00021310,8,17,25
WBGene00021311,55,782,837
WBGene00021312,65,2440,2505
WBGene00021313,95,666,761
WBGene00021314,60,574,634
WBGene00021315,55,786,841
WBGene00021316,243,2370,2613
WBGene00021317,2,2,4
WBGene00021319,82,461,543
WBGene00021320,194,704,898
WBGene00021321,4,8,12
WBGene00021322,275,1825,2100
WBGene00021323,76,971,1047
WBGene00021324,58,421,479
WBGene00021325,133,698,831
WBGene00021326,12,88,100
WBGene00021327,1032,3256,4288
WBGene00021328,28,291,319
WBGene00021329,107,792,899
WBGene00021331,114,3596,3710
WBGene00021332,199,177,376
WBGene00021333,118,223,341
WBGene00021334,550,984,1534
WBGene00021335,0,508,508
WBGene00021336,4,14,18
WBGene00021337,5,24,29
WBGene00021338,1,22,23
WBGene00021339,3,6,9
WBGene00021340,50,291,341
WBGene00021343,158,255,413
WBGene00021344,455,123,578
WBGene00021345,0,0,0
WBGene00021346,247,1355,1602
WBGene00021347,247,3438,3685
WBGene00021348,240,2611,2851
WBGene00021349,64,278,342
WBGene00021350,29989,232057,262046
WBGene00021351,801,2506,3307
WBGene00021352,175,1493,1668
WBGene00021353,113,288,401
WBGene00021354,21,72,93
WBGene00021355,527,3158,3685
WBGene00021357,52,170,222
WBGene00021358,3,5,8
WBGene00021359,72,761,833
WBGene00021362,131,321,452
WBGene00021363,139,368,507
WBGene00021364,1,11,12
WBGene00021365,116,713,829
WBGene00021366,66,596,662
WBGene00021367,74,639,713
WBGene00021368,4,2,6
WBGene00021369,88,892,980
WBGene00021370,166,961,1127
WBGene00021371,31,282,313
WBGene00021372,9,581,590
WBGene00021373,3,1,4
WBGene00021374,154,383,537
WBGene00021375,14,231,245
WBGene00021376,67,278,345
WBGene00021377,22,755,777
WBGene00021378,74,755,829
WBGene00021379,5,49,54
WBGene00021381,5,1,6
WBGene00021382,931,1848,2779
WBGene00021383,42,44,86
WBGene00021384,16,30,46
WBGene00021385,0,5,5
WBGene00021386,40,68,108
WBGene00021387,45,241,286
WBGene00021388,97,631,728
WBGene00021389,29,81,110
WBGene00021390,1,4,5
WBGene00021391,9,256,265
WBGene00021392,55,907,962
WBGene00021394,167,727,894
WBGene00021395,101,976,1077
WBGene00021396,39,185,224
WBGene00021397,2,28,30
WBGene00021398,1,5,6
WBGene00021400,69,473,542
WBGene00021401,35,701,736
WBGene00021402,19,410,429
WBGene00021403,0,0,0
WBGene00021404,0,0,0
WBGene00021405,0,0,0
WBGene00021406,2,1,3
WBGene00021407,0,6,6
WBGene00021408,2,0,2
WBGene00021409,0,0,0
WBGene00021410,13,27,40
WBGene00021412,23,35,58
WBGene00021413,30,3,33
WBGene00021414,8,0,8
WBGene00021415,111,939,1050
WBGene00021416,65,475,540
WBGene00021417,17,108,125
WBGene00021419,37,163,200
WBGene00021420,49,11449,11498
WBGene00021421,114,1134,1248
WBGene00021423,681,1088,1769
WBGene00021425,222,1288,1510
WBGene00021427,391,16937,17328
WBGene00021428,16,3,19
WBGene00021430,190,99,289
WBGene00021433,0,0,0
WBGene00021434,8,10,18
WBGene00021435,14,8,22
WBGene00021436,35,44,79
WBGene00021437,78,43,121
WBGene00021438,93,20,113
WBGene00021439,315,720,1035
WBGene00021440,101,350,451
WBGene00021441,218,1565,1783
WBGene00021442,50,381,431
WBGene00021443,256,750,1006
WBGene00021444,289,516,805
WBGene00021445,12,94,106
WBGene00021446,30,37,67
WBGene00021447,15,33,48
WBGene00021448,2,19,21
WBGene00021449,6,6,12
WBGene00021450,10,5,15
WBGene00021451,12,3,15
WBGene00021452,57,452,509
WBGene00021454,0,1,1
WBGene00021456,175,435,610
WBGene00021457,5,11,16
WBGene00021458,3,18,21
WBGene00021460,49,619,668
WBGene00021461,114,99,213
WBGene00021463,17,19,36
WBGene00021464,6,79,85
WBGene00021465,2,93,95
WBGene00021466,321,6324,6645
WBGene00021467,32,740,772
WBGene00021468,33,1430,1463
WBGene00021469,219,2304,2523
WBGene00021470,58,421,479
WBGene00021471,7,26,33
WBGene00021472,5,22,27
WBGene00021473,187,104,291
WBGene00021474,806,2610,3416
WBGene00021475,275,2461,2736
WBGene00021476,42,526,568
WBGene00021477,12,19,31
WBGene00021478,35,195,230
WBGene00021479,49,9,58
WBGene00021482,224,437,661
WBGene00021484,4,2,6
WBGene00021485,8,78,86
WBGene00021486,320,7570,7890
WBGene00021487,61,312,373
WBGene00021488,0,1,1
WBGene00021490,11,14,25
WBGene00021491,0,1,1
WBGene00021492,12,118,130
WBGene00021493,29,283,312
WBGene00021494,8,35,43
WBGene00021495,4,106,110
WBGene00021496,8,15,23
WBGene00021497,183,328,511
WBGene00021498,7,23,30
WBGene00021499,0,99,99
WBGene00021500,1,5,6
WBGene00021501,6,19,25
WBGene00021502,43,258,301
WBGene00021503,15,362,377
WBGene00021504,12,31,43
WBGene00021505,24,18,42
WBGene00021506,115,2141,2256
WBGene00021507,564,1638,2202
WBGene00021508,35,573,608
WBGene00021509,518,763,1281
WBGene00021510,151,338,489
WBGene00021511,44,114,158
WBGene00021512,284,365,649
WBGene00021513,75,6,81
WBGene00021514,57,1550,1607
WBGene00021515,41,212,253
WBGene00021516,18,13,31
WBGene00021517,10,434,444
WBGene00021518,0,216,216
WBGene00021519,2,48,50
WBGene00021521,2,33,35
WBGene00021522,555,902,1457
WBGene00021524,60,154,214
WBGene00021525,5,20,25
WBGene00021526,51,65,116
WBGene00021527,221,334,555
WBGene00021528,280,821,1101
WBGene00021529,24,644,668
WBGene00021530,35,9,44
WBGene00021531,325,39,364
WBGene00021532,154,5253,5407
WBGene00021533,11,290,301
WBGene00021534,871,7556,8427
WBGene00021535,820,102,922
WBGene00021536,63,1322,1385
WBGene00021537,14,8,22
WBGene00021538,44,354,398
WBGene00021539,143,1428,1571
WBGene00021540,27,100,127
WBGene00021541,8,107,115
WBGene00021542,33,0,33
WBGene00021543,62,2064,2126
WBGene00021544,90,565,655
WBGene00021545,447,983,1430
WBGene00021546,94,465,559
WBGene00021547,37,368,405
WBGene00021548,35,1246,1281
WBGene00021549,299,392,691
WBGene00021551,211,1757,1968
WBGene00021552,155,936,1091
WBGene00021553,8,14,22
WBGene00021554,56,1092,1148
WBGene00021555,13,100,113
WBGene00021556,45,359,404
WBGene00021557,0,60,60
WBGene00021558,116,1114,1230
WBGene00021559,53,621,674
WBGene00021560,22,99,121
WBGene00021561,166,595,761
WBGene00021562,359,4034,4393
WBGene00021563,61,1071,1132
WBGene00021564,313,627,940
WBGene00021565,7,43,50
WBGene00021566,0,0,0
WBGene00021567,0,0,0
WBGene00021568,0,0,0
WBGene00021569,0,0,0
WBGene00021570,0,0,0
WBGene00021571,0,0,0
WBGene00021572,0,0,0
WBGene00021573,0,0,0
WBGene00021576,3,14,17
WBGene00021577,0,1,1
WBGene00021578,0,1,1
WBGene00021579,2,3,5
WBGene00021580,0,5,5
WBGene00021581,2,2,4
WBGene00021582,1,1,2
WBGene00021583,18,121,139
WBGene00021585,4,2,6
WBGene00021586,30,105,135
WBGene00021587,8,73,81
WBGene00021589,9,965,974
WBGene00021590,28,275,303
WBGene00021591,1,5,6
WBGene00021592,1,4,5
WBGene00021593,4,0,4
WBGene00021594,11,19,30
WBGene00021595,181,2191,2372
WBGene00021596,51,175,226
WBGene00021597,1541,2096,3637
WBGene00021598,54,79,133
WBGene00021599,31,94,125
WBGene00021600,46,646,692
WBGene00021601,8,14,22
WBGene00021602,6,182,188
WBGene00021603,4,13,17
WBGene00021605,10,83,93
WBGene00021607,9,852,861
WBGene00021608,0,0,0
WBGene00021609,14,19,33
WBGene00021610,24,155,179
WBGene00021611,42,161,203
WBGene00021612,0,1,1
WBGene00021613,134,935,1069
WBGene00021614,353,3387,3740
WBGene00021615,0,0,0
WBGene00021616,0,0,0
WBGene00021617,3,0,3
WBGene00021619,2,0,2
WBGene00021620,0,0,0
WBGene00021621,1,3,4
WBGene00021623,0,0,0
WBGene00021624,4,51,55
WBGene00021625,0,190,190
WBGene00021626,107,308,415
WBGene00021627,0,5,5
WBGene00021628,99,980,1079
WBGene00021629,205,1465,1670
WBGene00021630,3,22,25
WBGene00021631,3,0,3
WBGene00021632,1,1,2
WBGene00021633,10,17,27
WBGene00021634,175,558,733
WBGene00021635,17,117,134
WBGene00021636,71,583,654
WBGene00021637,72,483,555
WBGene00021638,161,1249,1410
WBGene00021639,9,48,57
WBGene00021640,73,122,195
WBGene00021641,23,1262,1285
WBGene00021643,116,649,765
WBGene00021644,73,1372,1445
WBGene00021645,97,471,568
WBGene00021646,200,654,854
WBGene00021647,216,1961,2177
WBGene00021648,5,585,590
WBGene00021649,7,127,134
WBGene00021650,2,10,12
WBGene00021653,0,2,2
WBGene00021654,1,91,92
WBGene00021655,27,446,473
WBGene00021656,2,2,4
WBGene00021657,49,327,376
WBGene00021658,4,73,77
WBGene00021660,390,1867,2257
WBGene00021661,35,88,123
WBGene00021662,0,12,12
WBGene00021666,66,545,611
WBGene00021667,1,52,53
WBGene00021671,215,276,491
WBGene00021672,13,7,20
WBGene00021675,14,74,88
WBGene00021676,7,237,244
WBGene00021677,25,353,378
WBGene00021678,21,5,26
WBGene00021679,18,242,260
WBGene00021681,513,1099,1612
WBGene00021682,285,667,952
WBGene00021683,124,248,372
WBGene00021685,957,749,1706
WBGene00021686,764,1936,2700
WBGene00021687,71,446,517
WBGene00021689,205,391,596
WBGene00021690,30,300,330
WBGene00021691,47,1432,1479
WBGene00021692,19,189,208
WBGene00021693,65,256,321
WBGene00021694,14,40,54
WBGene00021697,1497,4528,6025
WBGene00021698,413,1170,1583
WBGene00021700,0,11,11
WBGene00021701,4,8,12
WBGene00021702,109,843,952
WBGene00021703,5,2,7
WBGene00021704,55,46,101
WBGene00021705,4,13,17
WBGene00021706,7,30,37
WBGene00021707,2,24,26
WBGene00021708,3,17,20
WBGene00021709,4,60,64
WBGene00021710,4,30,34
WBGene00021711,2,4,6
WBGene00021713,1,1,2
WBGene00021714,64,326,390
WBGene00021715,199,2107,2306
WBGene00021716,9,3,12
WBGene00021717,1,0,1
WBGene00021718,0,0,0
WBGene00021719,0,0,0
WBGene00021720,7,0,7
WBGene00021721,13,62,75
WBGene00021722,6,8,14
WBGene00021724,3,2,5
WBGene00021725,15,74,89
WBGene00021726,5,15,20
WBGene00021727,0,1,1
WBGene00021728,66,4,70
WBGene00021729,0,1,1
WBGene00021730,3,7,10
WBGene00021731,6,34,40
WBGene00021732,90,214,304
WBGene00021733,308,852,1160
WBGene00021734,65,80,145
WBGene00021735,223,931,1154
WBGene00021736,687,661,1348
WBGene00021738,144,408,552
WBGene00021739,0,99,99
WBGene00021740,231,803,1034
WBGene00021741,33,38,71
WBGene00021743,79,226,305
WBGene00021744,2,2,4
WBGene00021745,42,122,164
WBGene00021746,1,6,7
WBGene00021748,56,363,419
WBGene00021749,89,408,497
WBGene00021750,33,184,217
WBGene00021751,716,175,891
WBGene00021752,514,354,868
WBGene00021753,389,1152,1541
WBGene00021754,713,3686,4399
WBGene00021755,69,126,195
WBGene00021756,204,367,571
WBGene00021757,278,1222,1500
WBGene00021758,147,637,784
WBGene00021759,28,75,103
WBGene00021763,77,266,343
WBGene00021764,37,385,422
WBGene00021765,292,522,814
WBGene00021766,82,386,468
WBGene00021768,79,1334,1413
WBGene00021771,248,740,988
WBGene00021772,12,5,17
WBGene00021773,0,2,2
WBGene00021774,0,7,7
WBGene00021776,115,350,465
WBGene00021778,8,5,13
WBGene00021779,1,7,8
WBGene00021780,0,1,1
WBGene00021781,44,520,564
WBGene00021783,249,1448,1697
WBGene00021784,74,1066,1140
WBGene00021785,94,1388,1482
WBGene00021786,4,13,17
WBGene00021787,1,3,4
WBGene00021788,157,35,192
WBGene00021789,304,1040,1344
WBGene00021790,12,5,17
WBGene00021791,2,3,5
WBGene00021793,2,1,3
WBGene00021794,2,4,6
WBGene00021795,4,35,39
WBGene00021796,62,772,834
WBGene00021797,7,2,9
WBGene00021798,29,3,32
WBGene00021799,27,128,155
WBGene00021800,384,7892,8276
WBGene00021801,6,0,6
WBGene00021803,0,3,3
WBGene00021804,6,36,42
WBGene00021805,2,4,6
WBGene00021806,7,1,8
WBGene00021807,13,15,28
WBGene00021808,310,836,1146
WBGene00021809,1,18,19
WBGene00021810,437,1107,1544
WBGene00021811,317,2692,3009
WBGene00021812,31,281,312
WBGene00021813,83,1426,1509
WBGene00021814,24,56,80
WBGene00021815,74,1225,1299
WBGene00021816,70,1387,1457
WBGene00021817,42,196,238
WBGene00021818,375,3242,3617
WBGene00021820,351,493,844
WBGene00021821,0,8,8
WBGene00021822,0,0,0
WBGene00021826,166,2247,2413
WBGene00021827,65,565,630
WBGene00021828,202,701,903
WBGene00021829,40,3135,3175
WBGene00021830,75,3117,3192
WBGene00021831,335,1306,1641
WBGene00021832,39,82,121
WBGene00021833,36,1,37
WBGene00021834,14,671,685
WBGene00021835,45,449,494
WBGene00021837,0,4,4
WBGene00021838,320,1524,1844
WBGene00021839,311,3494,3805
WBGene00021840,157,347,504
WBGene00021841,60,159,219
WBGene00021842,221,724,945
WBGene00021843,505,3586,4091
WBGene00021844,70,1884,1954
WBGene00021845,27,2291,2318
WBGene00021846,101,340,441
WBGene00021847,81,790,871
WBGene00021848,51,74,125
WBGene00021849,539,9699,10238
WBGene00021850,42,90,132
WBGene00021852,90,791,881
WBGene00021853,0,43,43
WBGene00021854,176,1288,1464
WBGene00021855,106,368,474
WBGene00021856,229,608,837
WBGene00021857,913,4778,5691
WBGene00021858,75,37,112
WBGene00021859,5,1,6
WBGene00021860,4,6,10
WBGene00021861,5,31,36
WBGene00021862,9,5,14
WBGene00021863,98,436,534
WBGene00021864,27,219,246
WBGene00021865,15,12,27
WBGene00021866,40,445,485
WBGene00021867,81,759,840
WBGene00021868,124,1648,1772
WBGene00021869,8,48,56
WBGene00021870,50,383,433
WBGene00021871,42,100,142
WBGene00021872,0,146,146
WBGene00021873,6,13,19
WBGene00021875,452,3653,4105
WBGene00021876,239,877,1116
WBGene00021877,105,48,153
WBGene00021878,6,2,8
WBGene00021879,6,134,140
WBGene00021880,0,0,0
WBGene00021881,111,213,324
WBGene00021882,555,916,1471
WBGene00021883,117,3969,4086
WBGene00021884,2,197,199
WBGene00021887,22,72,94
WBGene00021888,120,3908,4028
WBGene00021890,653,4355,5008
WBGene00021891,0,7,7
WBGene00021892,10,3,13
WBGene00021893,945,2984,3929
WBGene00021894,715,6193,6908
WBGene00021895,11,33,44
WBGene00021897,129,409,538
WBGene00021898,15,157,172
WBGene00021899,403,4886,5289
WBGene00021900,100,1834,1934
WBGene00021901,14,1303,1317
WBGene00021902,66,360,426
WBGene00021903,51,925,976
WBGene00021904,30,438,468
WBGene00021905,131,367,498
WBGene00021906,174,697,871
WBGene00021907,7,5,12
WBGene00021908,2,8,10
WBGene00021909,27,604,631
WBGene00021910,303,697,1000
WBGene00021911,6,26,32
WBGene00021912,63,343,406
WBGene00021913,33,655,688
WBGene00021914,117,196,313
WBGene00021915,150,638,788
WBGene00021916,5,23,28
WBGene00021917,21,167,188
WBGene00021918,34,1176,1210
WBGene00021919,15,85,100
WBGene00021920,313,2569,2882
WBGene00021921,1055,2263,3318
WBGene00021922,38,1031,1069
WBGene00021923,144,364,508
WBGene00021925,109,366,475
WBGene00021926,134,1301,1435
WBGene00021927,11,333,344
WBGene00021928,3,304,307
WBGene00021929,15,1000,1015
WBGene00021930,320,5066,5386
WBGene00021931,71,114,185
WBGene00021932,63,563,626
WBGene00021933,23,241,264
WBGene00021934,155,3537,3692
WBGene00021935,118,483,601
WBGene00021936,671,1575,2246
WBGene00021938,98,1217,1315
WBGene00021939,57,40,97
WBGene00021941,30,124,154
WBGene00021942,23,179,202
WBGene00021943,128,1748,1876
WBGene00021945,53,205,258
WBGene00021947,12,28,40
WBGene00021948,329,1255,1584
WBGene00021949,4,8,12
WBGene00021950,69,579,648
WBGene00021951,10,20,30
WBGene00021952,219,4057,4276
WBGene00021953,6,25,31
WBGene00021956,44,1364,1408
WBGene00021957,2,2,4
WBGene00021958,1,3,4
WBGene00021959,300,4057,4357
WBGene00021960,159,3135,3294
WBGene00021961,0,0,0
WBGene00021963,24,147,171
WBGene00021964,3,0,3
WBGene00021965,53,469,522
WBGene00021966,0,9,9
WBGene00021967,0,1,1
WBGene00021968,23,23,46
WBGene00021969,1,2,3
WBGene00021970,32,11,43
WBGene00021972,100,685,785
WBGene00021973,174,1203,1377
WBGene00021974,123,1046,1169
WBGene00021975,19,200,219
WBGene00021976,10,100,110
WBGene00021977,17,341,358
WBGene00021978,0,72,72
WBGene00021979,34,844,878
WBGene00021980,300,624,924
WBGene00021981,38,2286,2324
WBGene00021983,89,1298,1387
WBGene00021984,70,514,584
WBGene00021985,33,88,121
WBGene00021986,90,783,873
WBGene00021987,4,0,4
WBGene00021988,0,0,0
WBGene00021992,1,0,1
WBGene00021993,0,9,9
WBGene00021994,10,36,46
WBGene00021996,1,4,5
WBGene00021997,0,0,0
WBGene00021998,2,5,7
WBGene00021999,1,1,2
WBGene00022000,0,0,0
WBGene00022002,0,5,5
WBGene00022003,0,0,0
WBGene00022004,20,279,299
WBGene00022005,0,4,4
WBGene00022006,0,0,0
WBGene00022007,0,0,0
WBGene00022008,2,0,2
WBGene00022010,153,1227,1380
WBGene00022011,1,28,29
WBGene00022012,0,10,10
WBGene00022013,200,184,384
WBGene00022014,182,337,519
WBGene00022015,338,1553,1891
WBGene00022016,1,3,4
WBGene00022018,6,227,233
WBGene00022019,319,1640,1959
WBGene00022020,0,4,4
WBGene00022021,315,3110,3425
WBGene00022022,33,617,650
WBGene00022024,4,102,106
WBGene00022025,111,1185,1296
WBGene00022026,260,1555,1815
WBGene00022027,251,3103,3354
WBGene00022028,1,9,10
WBGene00022029,99,1598,1697
WBGene00022030,6,2,8
WBGene00022031,68,511,579
WBGene00022032,9,8,17
WBGene00022033,49,1102,1151
WBGene00022034,23,334,357
WBGene00022035,31,25,56
WBGene00022036,26,91,117
WBGene00022037,99,919,1018
WBGene00022038,31,293,324
WBGene00022039,5,28,33
WBGene00022040,8,161,169
WBGene00022042,3194,66750,69944
WBGene00022043,23,449,472
WBGene00022044,16,1003,1019
WBGene00022045,386,2370,2756
WBGene00022046,4,14189,14193
WBGene00022047,13,183,196
WBGene00022048,1067,11892,12959
WBGene00022051,141,475,616
WBGene00022052,78,448,526
WBGene00022053,690,8312,9002
WBGene00022054,43,314,357
WBGene00022055,26,237,263
WBGene00022056,115,302,417
WBGene00022057,49,971,1020
WBGene00022059,1364,1526,2890
WBGene00022060,7,486,493
WBGene00022061,182,91,273
WBGene00022062,29,46,75
WBGene00022063,169,1421,1590
WBGene00022064,1,1,2
WBGene00022066,0,13,13
WBGene00022067,262,583,845
WBGene00022069,268,6111,6379
WBGene00022070,0,3,3
WBGene00022071,8,63,71
WBGene00022072,1333,16577,17910
WBGene00022073,108,525,633
WBGene00022074,241,913,1154
WBGene00022075,353,5521,5874
WBGene00022076,7,17,24
WBGene00022077,81,767,848
WBGene00022078,610,1225,1835
WBGene00022083,7,16,23
WBGene00022086,35,83,118
WBGene00022087,685,870,1555
WBGene00022089,1069,37066,38135
WBGene00022090,5,7,12
WBGene00022092,171,1939,2110
WBGene00022093,903,10619,11522
WBGene00022094,6,1,7
WBGene00022095,0,0,0
WBGene00022096,0,0,0
WBGene00022097,5,1,6
WBGene00022099,197,2261,2458
WBGene00022100,500,1233,1733
WBGene00022101,20,105,125
WBGene00022102,17,20,37
WBGene00022103,130,281,411
WBGene00022104,341,256,597
WBGene00022106,222,455,677
WBGene00022107,43,868,911
WBGene00022108,5,20,25
WBGene00022110,11,86,97
WBGene00022111,0,62,62
WBGene00022112,2,18,20
WBGene00022113,23,112,135
WBGene00022114,142,10121,10263
WBGene00022115,146,1114,1260
WBGene00022116,58,186,244
WBGene00022117,307,231,538
WBGene00022118,94,460,554
WBGene00022119,23,2707,2730
WBGene00022121,224,545,769
WBGene00022122,81,10812,10893
WBGene00022123,39,212,251
WBGene00022124,167,330,497
WBGene00022125,59,403,462
WBGene00022126,68,352,420
WBGene00022127,9,7857,7866
WBGene00022128,79,773,852
WBGene00022129,85,495,580
WBGene00022130,19,42,61
WBGene00022131,72,299,371
WBGene00022133,1,1,2
WBGene00022134,613,2159,2772
WBGene00022138,413,567,980
WBGene00022139,254,851,1105
WBGene00022140,38,5,43
WBGene00022141,17,691,708
WBGene00022142,26,29,55
WBGene00022143,0,14,14
WBGene00022144,144,13394,13538
WBGene00022145,13,9,22
WBGene00022146,28,1340,1368
WBGene00022148,955,2315,3270
WBGene00022149,221,12819,13040
WBGene00022150,28,1819,1847
WBGene00022152,239,728,967
WBGene00022153,223,739,962
WBGene00022154,29,168,197
WBGene00022155,40,339,379
WBGene00022156,1,11,12
WBGene00022157,14,0,14
WBGene00022158,49,471,520
WBGene00022159,248,2287,2535
WBGene00022160,15,245,260
WBGene00022161,16,316,332
WBGene00022162,2,0,2
WBGene00022165,121,346,467
WBGene00022166,188,1086,1274
WBGene00022167,202,406,608
WBGene00022168,263,625,888
WBGene00022169,257,2472,2729
WBGene00022170,2744,35092,37836
WBGene00022171,39,439,478
WBGene00022172,49,81,130
WBGene00022173,164,1903,2067
WBGene00022174,156,425,581
WBGene00022175,130,741,871
WBGene00022176,195,1007,1202
WBGene00022177,8,18,26
WBGene00022178,19,62,81
WBGene00022179,27,71,98
WBGene00022180,122,2164,2286
WBGene00022181,17,79,96
WBGene00022182,251,1285,1536
WBGene00022185,137,944,1081
WBGene00022188,97,814,911
WBGene00022189,5,6,11
WBGene00022190,12,274,286
WBGene00022191,32,175,207
WBGene00022192,77,1093,1170
WBGene00022193,30,511,541
WBGene00022194,302,6420,6722
WBGene00022195,133,503,636
WBGene00022196,39,765,804
WBGene00022197,24,75,99
WBGene00022198,41,164,205
WBGene00022199,80,5580,5660
WBGene00022200,55,278,333
WBGene00022201,77,1339,1416
WBGene00022202,186,2629,2815
WBGene00022203,18,316,334
WBGene00022206,44,90,134
WBGene00022207,1999,14,2013
WBGene00022209,15,3,18
WBGene00022210,1,0,1
WBGene00022213,63,56,119
WBGene00022215,3,4,7
WBGene00022216,1,3,4
WBGene00022217,0,0,0
WBGene00022218,3,2,5
WBGene00022219,287,507,794
WBGene00022221,9,77,86
WBGene00022223,1,1,2
WBGene00022224,0,3,3
WBGene00022225,0,4,4
WBGene00022228,83,101,184
WBGene00022230,627,5561,6188
WBGene00022231,94,299,393
WBGene00022232,67,583,650
WBGene00022233,115,1664,1779
WBGene00022235,946,27983,28929
WBGene00022236,0,23,23
WBGene00022237,2,17,19
WBGene00022240,111,1085,1196
WBGene00022242,196,1833,2029
WBGene00022243,1,19,20
WBGene00022244,0,78,78
WBGene00022245,510,4806,5316
WBGene00022246,5,115,120
WBGene00022247,84,184,268
WBGene00022248,152,2634,2786
WBGene00022250,42,368,410
WBGene00022251,76,961,1037
WBGene00022252,16,173,189
WBGene00022253,78,1741,1819
WBGene00022254,78,2423,2501
WBGene00022255,31,140,171
WBGene00022256,4,4,8
WBGene00022257,0,40,40
WBGene00022258,34,458,492
WBGene00022259,61,419,480
WBGene00022260,98,640,738
WBGene00022261,36,228,264
WBGene00022262,0,2,2
WBGene00022263,15,171,186
WBGene00022264,1,4,5
WBGene00022265,3,3,6
WBGene00022266,1,1,2
WBGene00022267,20,56,76
WBGene00022268,170,1652,1822
WBGene00022269,234,1888,2122
WBGene00022270,164,332,496
WBGene00022271,53,4041,4094
WBGene00022273,27,357,384
WBGene00022274,31,107,138
WBGene00022275,1,44,45
WBGene00022276,276,3718,3994
WBGene00022277,162,1279,1441
WBGene00022278,502,745,1247
WBGene00022279,130,1834,1964
WBGene00022280,99,888,987
WBGene00022281,227,906,1133
WBGene00022282,0,4,4
WBGene00022283,38,324,362
WBGene00022284,93,494,587
WBGene00022285,725,326,1051
WBGene00022286,111,512,623
WBGene00022287,88,1524,1612
WBGene00022288,18,68,86
WBGene00022289,7,17,24
WBGene00022290,2,0,2
WBGene00022291,0,0,0
WBGene00022292,0,0,0
WBGene00022295,32,79,111
WBGene00022296,549,1239,1788
WBGene00022297,97,2513,2610
WBGene00022298,8,6,14
WBGene00022300,201,648,849
WBGene00022301,480,1285,1765
WBGene00022302,144,1905,2049
WBGene00022303,0,182,182
WBGene00022306,687,1743,2430
WBGene00022307,11,620,631
WBGene00022308,1,2,3
WBGene00022309,132,568,700
WBGene00022310,199,894,1093
WBGene00022311,3,1,4
WBGene00022312,2,0,2
WBGene00022313,67,133,200
WBGene00022314,30,223,253
WBGene00022315,1,3,4
WBGene00022316,176,0,176
WBGene00022317,7,41,48
WBGene00022318,1,2,3
WBGene00022319,2,1,3
WBGene00022320,8,1,9
WBGene00022321,5,1,6
WBGene00022322,1,1,2
WBGene00022323,1,0,1
WBGene00022324,1,2,3
WBGene00022325,15,131,146
WBGene00022326,9,123,132
WBGene00022327,19,38,57
WBGene00022328,3,7,10
WBGene00022329,19,102,121
WBGene00022330,2,22,24
WBGene00022331,3,11,14
WBGene00022332,7,7,14
WBGene00022333,5,23,28
WBGene00022334,18,22,40
WBGene00022335,34,84,118
WBGene00022336,1526,185241,186767
WBGene00022337,0,2,2
WBGene00022338,23,18,41
WBGene00022339,808,3148,3956
WBGene00022340,3,2,5
WBGene00022341,2,0,2
WBGene00022342,1,1,2
WBGene00022343,0,3,3
WBGene00022344,2,3,5
WBGene00022345,2,8,10
WBGene00022346,9,37,46
WBGene00022347,171,1419,1590
WBGene00022348,106,1722,1828
WBGene00022349,21,67,88
WBGene00022350,28,515,543
WBGene00022351,16,24,40
WBGene00022352,16,16,32
WBGene00022353,3,29,32
WBGene00022354,239,479,718
WBGene00022356,11,629,640
WBGene00022357,63,439,502
WBGene00022358,232,824,1056
WBGene00022360,391,1037,1428
WBGene00022361,374,845,1219
WBGene00022363,238,375,613
WBGene00022365,162,188,350
WBGene00022366,329,515,844
WBGene00022367,161,385,546
WBGene00022368,97,873,970
WBGene00022369,124,745,869
WBGene00022371,310,717,1027
WBGene00022372,100,281,381
WBGene00022373,237,3625,3862
WBGene00022374,35,242,277
WBGene00022375,1,6,7
WBGene00022376,140,1263,1403
WBGene00022377,9,57,66
WBGene00022378,752,3259,4011
WBGene00022379,30,64,94
WBGene00022380,537,3841,4378
WBGene00022381,109,1153,1262
WBGene00022382,0,1479,1479
WBGene00022383,34,100,134
WBGene00022385,24,15,39
WBGene00022386,240,600,840
WBGene00022388,391,735,1126
WBGene00022389,213,1574,1787
WBGene00022390,46,133,179
WBGene00022391,484,1055,1539
WBGene00022392,12,77,89
WBGene00022393,51,877,928
WBGene00022394,42,2292,2334
WBGene00022395,15,32,47
WBGene00022396,44,747,791
WBGene00022397,118,1016,1134
WBGene00022398,41,362,403
WBGene00022399,25,150,175
WBGene00022400,30,1156,1186
WBGene00022401,72,2101,2173
WBGene00022402,28,933,961
WBGene00022403,5,12,17
WBGene00022404,2,11,13
WBGene00022405,2,33,35
WBGene00022406,3,3,6
WBGene00022408,1,26,27
WBGene00022409,5,44,49
WBGene00022410,20,8000,8020
WBGene00022411,3,26,29
WBGene00022412,29,184,213
WBGene00022413,23,157,180
WBGene00022415,11,267,278
WBGene00022416,77,458,535
WBGene00022417,38,836,874
WBGene00022418,66,519,585
WBGene00022419,66,356,422
WBGene00022420,38,709,747
WBGene00022421,0,4,4
WBGene00022423,109,145,254
WBGene00022425,182,902,1084
WBGene00022426,91,397,488
WBGene00022427,235,744,979
WBGene00022428,76,304,380
WBGene00022429,0,0,0
WBGene00022431,30,3,33
WBGene00022433,25,1,26
WBGene00022434,606,652,1258
WBGene00022435,137,250,387
WBGene00022438,3,1,4
WBGene00022439,8,16,24
WBGene00022440,37,169,206
WBGene00022441,99,565,664
WBGene00022442,0,0,0
WBGene00022443,0,1,1
WBGene00022444,1,1,2
WBGene00022445,26,127,153
WBGene00022446,0,7,7
WBGene00022447,208,93,301
WBGene00022448,150,246,396
WBGene00022450,35,140,175
WBGene00022452,1,71,72
WBGene00022453,245,1612,1857
WBGene00022454,60,33,93
WBGene00022455,15,1089,1104
WBGene00022456,84,1525,1609
WBGene00022457,66,456,522
WBGene00022458,9,1769,1778
WBGene00022459,29,437,466
WBGene00022460,65,607,672
WBGene00022462,13,166,179
WBGene00022463,178,1457,1635
WBGene00022465,57,484,541
WBGene00022466,49,766,815
WBGene00022467,0,5,5
WBGene00022469,20,270,290
WBGene00022470,360,2565,2925
WBGene00022471,58,226,284
WBGene00022472,470,5110,5580
WBGene00022473,1285,3102,4387
WBGene00022474,14,66,80
WBGene00022475,61,1066,1127
WBGene00022476,2,4,6
WBGene00022477,0,97,97
WBGene00022478,2,17,19
WBGene00022479,8,2,10
WBGene00022481,0,0,0
WBGene00022482,0,0,0
WBGene00022483,0,0,0
WBGene00022484,12,104,116
WBGene00022485,48,197,245
WBGene00022486,22,27,49
WBGene00022487,4,14,18
WBGene00022488,90,482,572
WBGene00022489,308,2605,2913
WBGene00022490,11,33,44
WBGene00022491,93,114,207
WBGene00022492,80,2240,2320
WBGene00022493,126,886,1012
WBGene00022494,164,314,478
WBGene00022495,0,13,13
WBGene00022496,0,1,1
WBGene00022497,0,2374,2374
WBGene00022498,7,33,40
WBGene00022499,195,4418,4613
WBGene00022500,651,7427,8078
WBGene00022501,626,672,1298
WBGene00022502,34,387,421
WBGene00022503,10,123,133
WBGene00022504,46,43,89
WBGene00022505,868,572,1440
WBGene00022506,7,31,38
WBGene00022507,35,291,326
WBGene00022508,1,7,8
WBGene00022509,0,5,5
WBGene00022511,17,8,25
WBGene00022512,1,0,1
WBGene00022515,31,531,562
WBGene00022516,38,1379,1417
WBGene00022517,81,62,143
WBGene00022518,476,2036,2512
WBGene00022519,243,1424,1667
WBGene00022522,26,191,217
WBGene00022527,49,58,107
WBGene00022528,0,13,13
WBGene00022529,4,2,6
WBGene00022530,19,203,222
WBGene00022531,25,589,614
WBGene00022532,8,77,85
WBGene00022533,30,184,214
WBGene00022534,101,946,1047
WBGene00022536,8,9,17
WBGene00022537,12,45,57
WBGene00022538,76,1822,1898
WBGene00022539,122,1574,1696
WBGene00022540,38,32,70
WBGene00022541,1,2,3
WBGene00022542,1,1,2
WBGene00022543,3,0,3
WBGene00022544,12,15,27
WBGene00022546,5,14,19
WBGene00022547,2,8,10
WBGene00022548,4,3,7
WBGene00022549,20,45,65
WBGene00022550,6,26,32
WBGene00022551,0,6,6
WBGene00022552,0,16,16
WBGene00022553,1,1,2
WBGene00022554,16,272,288
WBGene00022555,0,1,1
WBGene00022556,0,0,0
WBGene00022557,0,1,1
WBGene00022558,0,1,1
WBGene00022559,0,1,1
WBGene00022560,3,4,7
WBGene00022561,0,1,1
WBGene00022562,59,455,514
WBGene00022563,1,2,3
WBGene00022564,31,198,229
WBGene00022565,3,7,10
WBGene00022566,1,8,9
WBGene00022567,41,128,169
WBGene00022568,17,205,222
WBGene00022569,18,779,797
WBGene00022570,0,4,4
WBGene00022571,0,0,0
WBGene00022572,1,1,2
WBGene00022573,5,17,22
WBGene00022574,1,33,34
WBGene00022575,0,4,4
WBGene00022576,20,109,129
WBGene00022577,15,69,84
WBGene00022578,1,0,1
WBGene00022579,272,2228,2500
WBGene00022580,93,809,902
WBGene00022581,3,6,9
WBGene00022582,0,0,0
WBGene00022583,466,3439,3905
WBGene00022584,82,308,390
WBGene00022586,1,18,19
WBGene00022587,1,10,11
WBGene00022588,50,259,309
WBGene00022589,14,1,15
WBGene00022590,4,26,30
WBGene00022591,86,658,744
WBGene00022592,253,998,1251
WBGene00022593,154,484,638
WBGene00022594,2,4,6
WBGene00022596,2,4,6
WBGene00022597,31,292,323
WBGene00022598,102,877,979
WBGene00022599,1181,20661,21842
WBGene00022600,3,2,5
WBGene00022601,44,114,158
WBGene00022602,12,1,13
WBGene00022603,67,955,1022
WBGene00022604,0,5,5
WBGene00022605,0,12,12
WBGene00022606,21,23,44
WBGene00022607,0,0,0
WBGene00022608,87,632,719
WBGene00022609,41,247,288
WBGene00022610,43,198,241
WBGene00022611,14,53,67
WBGene00022612,8,85,93
WBGene00022613,39,320,359
WBGene00022614,57,1242,1299
WBGene00022615,31,1150,1181
WBGene00022616,1,2,3
WBGene00022617,1,0,1
WBGene00022618,125,2156,2281
WBGene00022619,0,36,36
WBGene00022620,71,822,893
WBGene00022621,4,1,5
WBGene00022623,11,362,373
WBGene00022624,43,76,119
WBGene00022625,0,0,0
WBGene00022627,16,44,60
WBGene00022628,4,9,13
WBGene00022629,9,185,194
WBGene00022631,14,130,144
WBGene00022632,9,9,18
WBGene00022633,57,341,398
WBGene00022634,9,5,14
WBGene00022635,221,489,710
WBGene00022637,0,6,6
WBGene00022638,2,1,3
WBGene00022639,7,9,16
WBGene00022640,4,4,8
WBGene00022641,0,16,16
WBGene00022642,63,497,560
WBGene00022643,7,19,26
WBGene00022644,40,647,687
WBGene00022645,113,796,909
WBGene00022646,5,549,554
WBGene00022647,98,721,819
WBGene00022648,262,410,672
WBGene00022649,14,277,291
WBGene00022650,90,118,208
WBGene00022651,0,1,1
WBGene00022652,0,1,1
WBGene00022653,13,76,89
WBGene00022654,2,8,10
WBGene00022655,19,38,57
WBGene00022656,6,74,80
WBGene00022657,18,548,566
WBGene00022660,0,25,25
WBGene00022661,55,73,128
WBGene00022662,10,38,48
WBGene00022663,47,651,698
WBGene00022664,37,855,892
WBGene00022665,33,236,269
WBGene00022666,69,799,868
WBGene00022667,190,1332,1522
WBGene00022668,243,999,1242
WBGene00022669,0,0,0
WBGene00022670,0,0,0
WBGene00022671,5,11,16
WBGene00022672,118,605,723
WBGene00022673,31,375,406
WBGene00022674,0,0,0
WBGene00022675,728,1569,2297
WBGene00022677,35,321,356
WBGene00022678,115,3869,3984
WBGene00022679,2,191,193
WBGene00022680,12,42,54
WBGene00022681,30,101,131
WBGene00022682,39,127,166
WBGene00022683,54,227,281
WBGene00022685,5,4,9
WBGene00022689,1,1,2
WBGene00022690,3,4,7
WBGene00022691,3,3,6
WBGene00022692,0,0,0
WBGene00022694,52,538,590
WBGene00022695,65,446,511
WBGene00022696,35,237,272
WBGene00022697,134,1091,1225
WBGene00022698,12,23,35
WBGene00022699,0,3,3
WBGene00022700,28,193,221
WBGene00022702,3,340,343
WBGene00022703,118,1149,1267
WBGene00022704,48,395,443
WBGene00022705,9,35,44
WBGene00022706,13,82,95
WBGene00022707,2,3,5
WBGene00022708,2,11,13
WBGene00022709,19,57,76
WBGene00022710,1,0,1
WBGene00022711,11,7,18
WBGene00022712,9,132,141
WBGene00022713,0,0,0
WBGene00022714,3,4,7
WBGene00022715,8,23,31
WBGene00022716,1,0,1
WBGene00022717,92,903,995
WBGene00022718,154,1640,1794
WBGene00022719,118,1262,1380
WBGene00022720,20,472,492
WBGene00022721,15,453,468
WBGene00022722,145,2140,2285
WBGene00022723,26,12,38
WBGene00022724,2,4,6
WBGene00022725,3,13,16
WBGene00022726,3,2,5
WBGene00022727,78,631,709
WBGene00022728,28,1,29
WBGene00022729,0,1,1
WBGene00022730,119,299,418
WBGene00022731,11,12,23
WBGene00022732,7,49,56
WBGene00022733,104,80,184
WBGene00022734,83,2442,2525
WBGene00022735,17,59,76
WBGene00022736,16,273,289
WBGene00022737,6,186,192
WBGene00022738,270,4287,4557
WBGene00022739,179,1891,2070
WBGene00022741,25,14,39
WBGene00022742,109,1602,1711
WBGene00022743,80,509,589
WBGene00022744,21,195,216
WBGene00022745,799,5605,6404
WBGene00022746,0,6,6
WBGene00022747,22,223,245
WBGene00022748,190,18404,18594
WBGene00022749,42,1419,1461
WBGene00022750,545,2040,2585
WBGene00022751,0,0,0
WBGene00022752,3,98,101
WBGene00022753,4,3,7
WBGene00022754,0,5,5
WBGene00022756,13,55,68
WBGene00022757,2,2,4
WBGene00022758,4,0,4
WBGene00022759,41,1450,1491
WBGene00022761,0,13,13
WBGene00022762,34,303,337
WBGene00022765,590,4944,5534
WBGene00022766,95,1470,1565
WBGene00022767,20,274,294
WBGene00022769,38,452,490
WBGene00022770,21,542,563
WBGene00022771,83,408,491
WBGene00022772,11,63,74
WBGene00022773,130,269,399
WBGene00022774,40,1658,1698
WBGene00022775,9,83,92
WBGene00022776,21,2202,2223
WBGene00022778,3,1,4
WBGene00022780,4,13,17
WBGene00022781,54,2257,2311
WBGene00022782,47,784,831
WBGene00022783,314,2865,3179
WBGene00022785,102,1101,1203
WBGene00022786,14,813,827
WBGene00022787,48,620,668
WBGene00022788,16,605,621
WBGene00022789,9,104,113
WBGene00022790,29,232,261
WBGene00022791,354,2353,2707
WBGene00022792,79,1113,1192
WBGene00022793,32,2970,3002
WBGene00022794,172,2544,2716
WBGene00022795,4,85,89
WBGene00022796,47,241,288
WBGene00022797,12,199,211
WBGene00022798,136,1505,1641
WBGene00022799,0,5,5
WBGene00022800,106,1165,1271
WBGene00022801,80,2730,2810
WBGene00022802,24,267,291
WBGene00022803,43,462,505
WBGene00022804,3,18,21
WBGene00022805,79,605,684
WBGene00022807,6,12,18
WBGene00022808,2,14,16
WBGene00022809,4,4,8
WBGene00022810,44,428,472
WBGene00022811,101,75,176
WBGene00022812,83,801,884
WBGene00022813,35,364,399
WBGene00022814,40,361,401
WBGene00022815,47,179,226
WBGene00022816,189,1516,1705
WBGene00022817,243,2751,2994
WBGene00022820,17,3,20
WBGene00022821,0,0,0
WBGene00022822,0,1,1
WBGene00022823,38,1422,1460
WBGene00022824,28,184,212
WBGene00022825,9,353,362
WBGene00022826,1,12,13
WBGene00022827,8,27,35
WBGene00022829,39,48,87
WBGene00022830,27,381,408
WBGene00022831,119,1192,1311
WBGene00022832,83,1061,1144
WBGene00022833,3,5,8
WBGene00022834,10,29,39
WBGene00022835,42,506,548
WBGene00022836,103,1331,1434
WBGene00022837,34,256,290
WBGene00022838,11,26,37
WBGene00022840,11,12,23
WBGene00022842,34,339,373
WBGene00022843,34,30,64
WBGene00022845,3,31,34
WBGene00022846,48,42,90
WBGene00022847,48,215,263
WBGene00022848,52,603,655
WBGene00022849,28,50,78
WBGene00022850,293,777,1070
WBGene00022851,66,1691,1757
WBGene00022852,6,1249,1255
WBGene00022853,33,1903,1936
WBGene00022854,14,61,75
WBGene00022855,58,3123,3181
WBGene00022856,28,5496,5524
WBGene00022857,10,157,167
WBGene00022858,48,73,121
WBGene00022861,3328,588,3916
WBGene00022862,22,484,506
WBGene00022864,116,2658,2774
WBGene00022865,119,1427,1546
WBGene00022866,6,18,24
WBGene00022867,21,56,77
WBGene00022868,0,87,87
WBGene00022869,0,1,1
WBGene00022870,1,1,2
WBGene00022871,1,5,6
WBGene00022872,17,35,52
WBGene00022873,3,22,25
WBGene00022874,17,1333,1350
WBGene00022875,0,0,0
WBGene00022876,0,1,1
WBGene00022877,5,4,9
WBGene00022880,74,501,575
WBGene00022881,16,377,393
WBGene00022882,28,283,311
WBGene00022883,26,276,302
WBGene00022884,0,52,52
WBGene00022885,30,495,525
WBGene00022886,2,1,3
WBGene00022887,25,527,552
WBGene00022888,9,3,12
WBGene00022889,0,1,1
WBGene00022890,0,4,4
WBGene00022891,3,19,22
WBGene00022892,4,2,6
WBGene00022893,24,106,130
WBGene00023067,6319,11652,17971
WBGene00023068,148707,231759,380466
WBGene00023172,15,41,56
WBGene00023186,0,0,0
WBGene00023284,0,256,256
WBGene00023404,61,261,322
WBGene00023405,134,1472,1606
WBGene00023407,37,980,1017
WBGene00023408,295,5681,5976
WBGene00023409,66,731,797
WBGene00023410,2,1,3
WBGene00023411,10,22,32
WBGene00023413,6,8,14
WBGene00023414,220,748,968
WBGene00023415,21,95,116
WBGene00023416,65,884,949
WBGene00023417,15,672,687
WBGene00023418,9,505,514
WBGene00023419,70,1153,1223
WBGene00023420,1,9,10
WBGene00023421,22,375,397
WBGene00023422,156,1254,1410
WBGene00023423,33,42,75
WBGene00023424,4,9,13
WBGene00023425,2,2,4
WBGene00023427,6,18,24
WBGene00023431,493,654,1147
WBGene00023432,4,131,135
WBGene00023450,86,355,441
WBGene00023451,35,31,66
WBGene00023458,140,948,1088
WBGene00023459,5,3,8
WBGene00023460,30,185,215
WBGene00023462,3,25,28
WBGene00023463,3,1,4
WBGene00023474,4,2,6
WBGene00023475,6,4,10
WBGene00023477,0,171,171
WBGene00023478,5,3,8
WBGene00023479,0,1,1
WBGene00023483,3,1,4
WBGene00023484,6,1,7
WBGene00023485,0,35,35
WBGene00023486,9,108,117
WBGene00023487,120,3324,3444
WBGene00023489,293,347,640
WBGene00023490,6,32,38
WBGene00023491,135,503,638
WBGene00023492,1,6,7
WBGene00023493,5,1202,1207
WBGene00023497,61,841,902
WBGene00023498,17,515,532
WBGene00023499,2,5,7
WBGene00023500,76,802,878
WBGene00023501,4,72,76
WBGene00023502,115,517,632
WBGene00023503,15,29,44
WBGene00023504,115,645,760
WBGene00023505,4,9,13
WBGene00023506,0,15,15
WBGene00023508,3,2,5
WBGene00023513,0,2,2
WBGene00023514,1,4,5
WBGene00023515,134,82,216
WBGene00023517,0,6,6
WBGene00023518,3,5,8
WBGene00023519,23,16,39
WBGene00023520,74,468,542
WBGene00043049,8,20,28
WBGene00043050,188,1502,1690
WBGene00043051,68,311,379
WBGene00043052,2,3,5
WBGene00043054,23,278,301
WBGene00043056,110,237,347
WBGene00043057,54,375,429
WBGene00043058,2,0,2
WBGene00043059,3,8,11
WBGene00043060,259,1396,1655
WBGene00043061,30,29,59
WBGene00043062,12,77,89
WBGene00043064,25,2290,2315
WBGene00043065,12,45,57
WBGene00043066,18,58,76
WBGene00043067,22,214,236
WBGene00043068,13,104,117
WBGene00043069,44,53,97
WBGene00043097,145,1955,2100
WBGene00043120,7,66,73
WBGene00043147,0,13,13
WBGene00043156,70,854,924
WBGene00043187,0,0,0
WBGene00043279,24,221,245
WBGene00043297,309,662,971
WBGene00043302,231,1897,2128
WBGene00043308,3,148,151
WBGene00043327,0,0,0
WBGene00043328,0,0,0
WBGene00043466,1,1,2
WBGene00043469,1,0,1
WBGene00043534,33,35,68
WBGene00043666,0,11,11
WBGene00043702,0,34,34
WBGene00043705,29,41,70
WBGene00043743,0,0,0
WBGene00043948,0,0,0
WBGene00043952,19,12,31
WBGene00043980,3,2,5
WBGene00043981,25,92,117
WBGene00043982,63,730,793
WBGene00043983,31,298,329
WBGene00043984,0,0,0
WBGene00043985,21,297,318
WBGene00043986,2,1,3
WBGene00043988,0,0,0
WBGene00043989,0,0,0
WBGene00043990,0,0,0
WBGene00043992,60,243,303
WBGene00043994,20,469,489
WBGene00043995,16,75,91
WBGene00043996,1,13,14
WBGene00043997,31,146,177
WBGene00043998,6,38,44
WBGene00044001,31,1033,1064
WBGene00044002,2,0,2
WBGene00044003,10,2,12
WBGene00044004,0,107,107
WBGene00044005,0,1,1
WBGene00044006,111,1032,1143
WBGene00044007,151,1275,1426
WBGene00044008,82,695,777
WBGene00044009,70,251,321
WBGene00044011,0,780,780
WBGene00044012,4,4,8
WBGene00044013,2,1,3
WBGene00044014,0,0,0
WBGene00044016,36,1143,1179
WBGene00044018,0,3,3
WBGene00044019,53,206,259
WBGene00044020,6,50,56
WBGene00044021,12,116,128
WBGene00044024,8,44,52
WBGene00044025,52,653,705
WBGene00044026,44,2658,2702
WBGene00044027,1,7,8
WBGene00044028,11,152,163
WBGene00044029,75,1036,1111
WBGene00044030,11,2,13
WBGene00044031,2,5,7
WBGene00044032,4,39,43
WBGene00044034,15,8,23
WBGene00044035,5,61,66
WBGene00044043,0,8,8
WBGene00044044,1,1,2
WBGene00044045,370,99,469
WBGene00044047,0,3,3
WBGene00044048,12,16,28
WBGene00044049,614,3286,3900
WBGene00044058,9,53,62
WBGene00044059,0,2,2
WBGene00044061,121,783,904
WBGene00044062,1,2,3
WBGene00044063,19,1211,1230
WBGene00044065,115,201,316
WBGene00044066,0,18,18
WBGene00044067,10,109,119
WBGene00044068,394,4432,4826
WBGene00044069,36,672,708
WBGene00044070,298,3762,4060
WBGene00044071,41,525,566
WBGene00044072,199,1148,1347
WBGene00044073,12,133,145
WBGene00044074,5,8,13
WBGene00044077,115,1650,1765
WBGene00044078,373,2574,2947
WBGene00044079,642,5047,5689
WBGene00044080,0,4,4
WBGene00044081,3,3,6
WBGene00044082,64,682,746
WBGene00044083,91,175,266
WBGene00044084,6,4,10
WBGene00044086,1,0,1
WBGene00044087,3,1,4
WBGene00044088,2,3,5
WBGene00044089,0,2,2
WBGene00044090,0,9,9
WBGene00044091,11,20,31
WBGene00044092,19,6,25
WBGene00044094,68,856,924
WBGene00044099,0,0,0
WBGene00044100,0,0,0
WBGene00044105,0,1,1
WBGene00044106,0,2,2
WBGene00044107,26,162,188
WBGene00044109,0,29,29
WBGene00044112,4,5,9
WBGene00044113,0,1,1
WBGene00044114,4,1,5
WBGene00044115,2,9,11
WBGene00044116,3,1,4
WBGene00044117,1,20,21
WBGene00044120,15,40,55
WBGene00044121,2,8,10
WBGene00044122,30,32,62
WBGene00044124,1,1,2
WBGene00044125,32,19,51
WBGene00044127,0,5,5
WBGene00044131,0,0,0
WBGene00044132,12,161,173
WBGene00044133,1,1,2
WBGene00044134,58,475,533
WBGene00044135,15,151,166
WBGene00044136,6,0,6
WBGene00044137,0,24,24
WBGene00044138,39,151,190
WBGene00044139,9,102,111
WBGene00044140,0,1,1
WBGene00044141,7,28,35
WBGene00044142,18,46,64
WBGene00044143,189,994,1183
WBGene00044144,17,421,438
WBGene00044145,1,4,5
WBGene00044146,1,2,3
WBGene00044147,0,14,14
WBGene00044148,0,2,2
WBGene00044149,0,4,4
WBGene00044150,9,16,25
WBGene00044151,45,416,461
WBGene00044152,20,124,144
WBGene00044153,26,9,35
WBGene00044154,2,27,29
WBGene00044156,15,104,119
WBGene00044157,4,0,4
WBGene00044158,3,5,8
WBGene00044159,1,0,1
WBGene00044160,7,5,12
WBGene00044162,5,1,6
WBGene00044163,28,90,118
WBGene00044164,1,1,2
WBGene00044166,8,72,80
WBGene00044167,17,299,316
WBGene00044169,6,23,29
WBGene00044174,2,47,49
WBGene00044175,4,67,71
WBGene00044176,112,2218,2330
WBGene00044177,3,2,5
WBGene00044178,0,0,0
WBGene00044179,2,3,5
WBGene00044180,50,113,163
WBGene00044181,2,9,11
WBGene00044182,3,22,25
WBGene00044183,0,0,0
WBGene00044184,1,4,5
WBGene00044185,0,0,0
WBGene00044187,1856,25,1881
WBGene00044188,33,288,321
WBGene00044189,1,7,8
WBGene00044191,61,611,672
WBGene00044192,0,1,1
WBGene00044193,0,13,13
WBGene00044194,0,0,0
WBGene00044195,0,1,1
WBGene00044197,0,11,11
WBGene00044198,1,15,16
WBGene00044199,2,1,3
WBGene00044200,70,136,206
WBGene00044201,0,2,2
WBGene00044202,1,2,3
WBGene00044203,1,4,5
WBGene00044204,17,365,382
WBGene00044205,2,20,22
WBGene00044206,1,17,18
WBGene00044207,0,3,3
WBGene00044208,2,2,4
WBGene00044210,45,273,318
WBGene00044211,4,8,12
WBGene00044212,2,1,3
WBGene00044213,3,17,20
WBGene00044215,0,0,0
WBGene00044218,2,79,81
WBGene00044221,3,116,119
WBGene00044222,0,1,1
WBGene00044225,0,3,3
WBGene00044227,5,5,10
WBGene00044228,25,28,53
WBGene00044230,5,4,9
WBGene00044232,11,6,17
WBGene00044233,158,327,485
WBGene00044235,4,113,117
WBGene00044236,6,480,486
WBGene00044237,5,2,7
WBGene00044238,34,65,99
WBGene00044239,22,107,129
WBGene00044240,21,40,61
WBGene00044241,14,67,81
WBGene00044242,0,0,0
WBGene00044243,3,9,12
WBGene00044244,0,1,1
WBGene00044245,0,18,18
WBGene00044246,0,0,0
WBGene00044247,1,2,3
WBGene00044249,4,2,6
WBGene00044250,2,4,6
WBGene00044251,12,72,84
WBGene00044253,11,197,208
WBGene00044254,0,0,0
WBGene00044256,10,0,10
WBGene00044257,0,2,2
WBGene00044258,21,76,97
WBGene00044259,2,3,5
WBGene00044260,72,3391,3463
WBGene00044261,12,6,18
WBGene00044263,0,1,1
WBGene00044264,3,1,4
WBGene00044265,24,64,88
WBGene00044266,7,0,7
WBGene00044271,0,0,0
WBGene00044272,0,7,7
WBGene00044273,0,0,0
WBGene00044274,0,0,0
WBGene00044275,0,0,0
WBGene00044278,1,0,1
WBGene00044280,708,738,1446
WBGene00044281,4,4,8
WBGene00044282,3,1,4
WBGene00044283,460,1128,1588
WBGene00044284,0,6,6
WBGene00044286,1,5,6
WBGene00044287,2,14,16
WBGene00044288,7,46,53
WBGene00044289,8,243,251
WBGene00044290,44,83,127
WBGene00044291,4,66,70
WBGene00044292,1,11,12
WBGene00044293,2,9,11
WBGene00044294,182,1171,1353
WBGene00044295,6,136,142
WBGene00044296,29,301,330
WBGene00044297,25,163,188
WBGene00044298,0,5,5
WBGene00044299,7,60,67
WBGene00044300,11,32,43
WBGene00044301,136,1845,1981
WBGene00044302,2,1,3
WBGene00044303,19,161,180
WBGene00044304,66,278,344
WBGene00044305,45,1110,1155
WBGene00044306,3,3,6
WBGene00044307,0,1,1
WBGene00044310,40,369,409
WBGene00044311,30,151,181
WBGene00044312,7,12,19
WBGene00044313,12,91,103
WBGene00044314,2,3,5
WBGene00044315,0,8,8
WBGene00044316,65,392,457
WBGene00044317,1,15,16
WBGene00044318,62,2007,2069
WBGene00044319,3,278,281
WBGene00044321,378,2630,3008
WBGene00044322,9,577,586
WBGene00044323,86,810,896
WBGene00044324,34,4850,4884
WBGene00044325,33,625,658
WBGene00044326,139,1077,1216
WBGene00044329,61,699,760
WBGene00044330,36,578,614
WBGene00044331,1,4,5
WBGene00044332,0,3,3
WBGene00044333,3,4,7
WBGene00044337,0,0,0
WBGene00044338,26,1573,1599
WBGene00044339,3,188,191
WBGene00044340,0,7,7
WBGene00044341,0,232,232
WBGene00044342,82,221,303
WBGene00044344,29,1692,1721
WBGene00044345,29,537,566
WBGene00044346,0,0,0
WBGene00044347,12,6,18
WBGene00044348,204,124,328
WBGene00044349,19,24,43
WBGene00044350,72,342,414
WBGene00044352,4,7,11
WBGene00044353,5,114,119
WBGene00044354,3,123,126
WBGene00044355,7,138,145
WBGene00044356,0,1,1
WBGene00044357,0,0,0
WBGene00044358,8,3,11
WBGene00044359,0,1,1
WBGene00044360,0,2,2
WBGene00044361,0,0,0
WBGene00044362,1,2,3
WBGene00044363,6,47,53
WBGene00044364,0,1,1
WBGene00044365,0,1,1
WBGene00044366,0,7,7
WBGene00044367,6,149,155
WBGene00044368,316,47,363
WBGene00044369,1,1,2
WBGene00044370,0,0,0
WBGene00044371,0,1,1
WBGene00044372,0,1,1
WBGene00044373,11,351,362
WBGene00044374,0,2,2
WBGene00044375,0,0,0
WBGene00044376,0,67,67
WBGene00044377,0,0,0
WBGene00044378,0,1,1
WBGene00044379,0,1,1
WBGene00044380,2,7,9
WBGene00044381,22,34,56
WBGene00044382,2,38,40
WBGene00044383,1,3,4
WBGene00044384,10,0,10
WBGene00044385,4,1,5
WBGene00044386,6,38,44
WBGene00044387,126,1744,1870
WBGene00044388,0,1,1
WBGene00044389,499,7562,8061
WBGene00044390,0,3,3
WBGene00044391,189,122,311
WBGene00044392,29,224,253
WBGene00044393,1,2,3
WBGene00044394,4,48,52
WBGene00044395,17,69,86
WBGene00044396,12,403,415
WBGene00044399,1,1,2
WBGene00044401,112,1497,1609
WBGene00044402,2,8,10
WBGene00044403,16,43,59
WBGene00044406,18,250,268
WBGene00044409,11,51,62
WBGene00044410,42,260,302
WBGene00044411,185,1593,1778
WBGene00044413,905,392,1297
WBGene00044414,14,65,79
WBGene00044415,0,0,0
WBGene00044416,0,1,1
WBGene00044417,0,4,4
WBGene00044418,338,1727,2065
WBGene00044419,5,6,11
WBGene00044420,11,238,249
WBGene00044421,60,315,375
WBGene00044423,7,210,217
WBGene00044424,0,10,10
WBGene00044425,0,0,0
WBGene00044427,5,21,26
WBGene00044428,27,8,35
WBGene00044429,8,1,9
WBGene00044431,101,673,774
WBGene00044432,2,8,10
WBGene00044433,103,900,1003
WBGene00044434,6,7,13
WBGene00044435,0,69,69
WBGene00044436,13,196,209
WBGene00044437,56,58,114
WBGene00044438,81,374,455
WBGene00044439,43,15,58
WBGene00044440,36,105,141
WBGene00044441,2,3,5
WBGene00044442,3,86,89
WBGene00044443,229,3343,3572
WBGene00044444,2,7,9
WBGene00044445,43,305,348
WBGene00044446,3,17,20
WBGene00044447,0,0,0
WBGene00044448,2,20,22
WBGene00044449,0,2,2
WBGene00044450,0,0,0
WBGene00044451,0,1,1
WBGene00044452,92,1190,1282
WBGene00044453,7,18,25
WBGene00044454,0,0,0
WBGene00044455,1,7,8
WBGene00044457,1,122,123
WBGene00044458,0,5,5
WBGene00044459,34,74,108
WBGene00044460,1,11,12
WBGene00044461,40,28,68
WBGene00044462,34,183,217
WBGene00044463,13,73,86
WBGene00044464,91,235,326
WBGene00044466,16,637,653
WBGene00044467,268,1386,1654
WBGene00044468,22,242,264
WBGene00044469,0,13,13
WBGene00044470,6,9,15
WBGene00044471,3,16,19
WBGene00044472,3,5,8
WBGene00044473,0,0,0
WBGene00044474,0,2,2
WBGene00044475,0,0,0
WBGene00044476,0,0,0
WBGene00044477,25,95,120
WBGene00044478,13,60,73
WBGene00044479,1,5,6
WBGene00044480,3,2,5
WBGene00044481,18,21,39
WBGene00044482,69,248,317
WBGene00044483,4,547,551
WBGene00044484,98,688,786
WBGene00044485,71,430,501
WBGene00044486,2,16,18
WBGene00044487,6,53,59
WBGene00044488,41,156,197
WBGene00044489,0,2,2
WBGene00044490,0,3,3
WBGene00044491,0,4,4
WBGene00044492,13,5,18
WBGene00044493,10,371,381
WBGene00044495,30,58,88
WBGene00044498,0,1,1
WBGene00044499,1,4,5
WBGene00044500,92,526,618
WBGene00044501,29,5,34
WBGene00044502,1,36,37
WBGene00044504,16,41,57
WBGene00044505,11,44,55
WBGene00044508,111,886,997
WBGene00044509,0,569,569
WBGene00044510,23,91,114
WBGene00044511,18,115,133
WBGene00044512,12,202,214
WBGene00044513,169,1239,1408
WBGene00044514,132,3342,3474
WBGene00044516,1,0,1
WBGene00044518,0,0,0
WBGene00044519,1,0,1
WBGene00044520,0,12,12
WBGene00044521,0,12,12
WBGene00044524,2,0,2
WBGene00044525,20,89,109
WBGene00044526,4,24,28
WBGene00044527,13,77,90
WBGene00044528,14,29,43
WBGene00044529,5,7,12
WBGene00044530,0,32,32
WBGene00044531,14,2,16
WBGene00044533,0,6,6
WBGene00044534,30,61,91
WBGene00044535,0,5,5
WBGene00044536,31,524,555
WBGene00044537,0,2,2
WBGene00044538,1,1,2
WBGene00044539,3,15,18
WBGene00044541,1,2,3
WBGene00044542,15,14,29
WBGene00044543,0,0,0
WBGene00044544,501,823,1324
WBGene00044545,3,4,7
WBGene00044546,3,2,5
WBGene00044547,0,95,95
WBGene00044548,0,1,1
WBGene00044549,8,0,8
WBGene00044550,5,0,5
WBGene00044551,4,32,36
WBGene00044552,0,12,12
WBGene00044553,25,1386,1411
WBGene00044554,14,46,60
WBGene00044555,11,12,23
WBGene00044556,10,193,203
WBGene00044557,133,277,410
WBGene00044558,0,0,0
WBGene00044559,60,102,162
WBGene00044560,9,7,16
WBGene00044561,2,0,2
WBGene00044562,0,60,60
WBGene00044563,7,4,11
WBGene00044564,9,4,13
WBGene00044565,0,4,4
WBGene00044566,70,7,77
WBGene00044567,5,7,12
WBGene00044568,220,1351,1571
WBGene00044569,134,975,1109
WBGene00044570,608,35,643
WBGene00044571,60,19,79
WBGene00044572,8,3,11
WBGene00044573,0,2,2
WBGene00044574,15,14,29
WBGene00044575,4,8,12
WBGene00044577,2,1,3
WBGene00044578,6,73,79
WBGene00044579,4,6,10
WBGene00044580,2,0,2
WBGene00044581,3,0,3
WBGene00044582,28,441,469
WBGene00044583,28,1,29
WBGene00044584,93,452,545
WBGene00044586,1,34,35
WBGene00044587,4,8,12
WBGene00044588,48,134,182
WBGene00044589,3,6,9
WBGene00044602,0,4,4
WBGene00044603,86,249,335
WBGene00044604,21,310,331
WBGene00044605,253,1614,1867
WBGene00044607,4,22,26
WBGene00044608,36,625,661
WBGene00044609,265,325,590
WBGene00044610,0,12,12
WBGene00044611,7,14,21
WBGene00044612,16,190,206
WBGene00044614,28,299,327
WBGene00044615,109,888,997
WBGene00044616,1,5,6
WBGene00044617,7,69,76
WBGene00044618,6,103,109
WBGene00044620,10,107,117
WBGene00044623,15,333,348
WBGene00044630,44,431,475
WBGene00044631,32,142,174
WBGene00044633,4,27,31
WBGene00044634,2,0,2
WBGene00044636,68,1251,1319
WBGene00044637,39,104,143
WBGene00044638,0,396,396
WBGene00044640,273,2073,2346
WBGene00044641,224,66,290
WBGene00044643,7,772,779
WBGene00044644,49,483,532
WBGene00044645,7,28,35
WBGene00044646,25,34,59
WBGene00044648,29,351,380
WBGene00044649,47,25,72
WBGene00044650,912,1312,2224
WBGene00044651,304,369,673
WBGene00044653,7,3,10
WBGene00044654,3,47,50
WBGene00044655,1,2,3
WBGene00044658,3,88,91
WBGene00044659,0,6,6
WBGene00044661,2,39,41
WBGene00044662,3,7,10
WBGene00044663,0,16,16
WBGene00044664,0,4,4
WBGene00044665,3,3,6
WBGene00044666,93,1300,1393
WBGene00044667,1,37,38
WBGene00044668,2,1,3
WBGene00044669,6,1,7
WBGene00044672,7,73,80
WBGene00044673,1,8,9
WBGene00044674,1,0,1
WBGene00044675,16,149,165
WBGene00044676,0,62,62
WBGene00044677,835,1692,2527
WBGene00044678,3,45,48
WBGene00044679,77,1146,1223
WBGene00044680,3,6,9
WBGene00044681,827,900,1727
WBGene00044683,2,0,2
WBGene00044684,2,7,9
WBGene00044686,122,4834,4956
WBGene00044687,6,2,8
WBGene00044689,171,870,1041
WBGene00044690,32,246,278
WBGene00044692,1,0,1
WBGene00044693,0,0,0
WBGene00044694,1,2,3
WBGene00044696,46,312,358
WBGene00044697,5,44,49
WBGene00044698,81,1854,1935
WBGene00044699,4,76,80
WBGene00044701,142,826,968
WBGene00044705,17,66,83
WBGene00044707,4,2,6
WBGene00044708,7,1,8
WBGene00044709,0,0,0
WBGene00044711,0,0,0
WBGene00044719,1,9,10
WBGene00044720,0,8,8
WBGene00044723,4,13,17
WBGene00044724,13,181,194
WBGene00044725,15,136,151
WBGene00044726,23,15,38
WBGene00044732,5,161,166
WBGene00044733,2,2,4
WBGene00044734,0,0,0
WBGene00044735,0,0,0
WBGene00044736,50,185,235
WBGene00044737,789,5407,6196
WBGene00044738,15,15,30
WBGene00044741,2,10,12
WBGene00044742,18,112,130
WBGene00044743,27,720,747
WBGene00044744,0,4,4
WBGene00044745,71,210,281
WBGene00044746,575,1983,2558
WBGene00044753,9,2,11
WBGene00044754,20,2,22
WBGene00044755,6,1,7
WBGene00044756,37,208,245
WBGene00044757,11,30,41
WBGene00044758,4,43,47
WBGene00044759,1,8,9
WBGene00044760,24,71,95
WBGene00044761,5,23,28
WBGene00044762,43,743,786
WBGene00044763,5,13,18
WBGene00044767,8,367,375
WBGene00044770,61,346,407
WBGene00044771,18,170,188
WBGene00044772,6,681,687
WBGene00044773,4,4,8
WBGene00044774,148,775,923
WBGene00044775,1,0,1
WBGene00044776,12,51,63
WBGene00044777,0,0,0
WBGene00044778,0,0,0
WBGene00044779,11,33,44
WBGene00044780,18,7,25
WBGene00044783,1,4,5
WBGene00044784,14,1738,1752
WBGene00044786,0,0,0
WBGene00044788,12,24,36
WBGene00044789,51,1532,1583
WBGene00044790,31,465,496
WBGene00044791,2,49,51
WBGene00044792,36,88,124
WBGene00044794,0,0,0
WBGene00044795,8,177,185
WBGene00044796,4,4,8
WBGene00044797,2,100,102
WBGene00044798,8,0,8
WBGene00044799,0,23,23
WBGene00044801,0,0,0
WBGene00044802,0,0,0
WBGene00044803,29,41,70
WBGene00044805,0,2,2
WBGene00044807,1,3,4
WBGene00044810,0,0,0
WBGene00044811,22,276,298
WBGene00044889,0,0,0
WBGene00044891,71,621,692
WBGene00044892,0,2,2
WBGene00044894,31,252,283
WBGene00044895,15,10,25
WBGene00044896,19,5,24
WBGene00044897,3,19,22
WBGene00044898,26,8,34
WBGene00044900,3,68,71
WBGene00044901,0,42,42
WBGene00044903,47,201,248
WBGene00044906,6,169,175
WBGene00044908,4,4,8
WBGene00044911,8,3,11
WBGene00044912,4,0,4
WBGene00044916,113,1223,1336
WBGene00044917,1,13,14
WBGene00044921,186,4082,4268
WBGene00044922,67,1470,1537
WBGene00044924,88,304,392
WBGene00044949,57,601,658
WBGene00044953,0,2,2
WBGene00044977,70,1106,1176
WBGene00044978,1,4,5
WBGene00044979,10,24,34
WBGene00044987,49,173,222
WBGene00044988,0,358,358
WBGene00044989,346,2048,2394
WBGene00044990,83,1151,1234
WBGene00044991,10,223,233
WBGene00044998,0,1,1
WBGene00045013,7,65,72
WBGene00045024,9,151,160
WBGene00045036,6,18,24
WBGene00045038,0,2,2
WBGene00045048,0,120,120
WBGene00045050,20,232,252
WBGene00045052,11,34,45
WBGene00045053,7,7,14
WBGene00045056,49,627,676
WBGene00045058,10,26,36
WBGene00045060,6,1,7
WBGene00045061,0,0,0
WBGene00045063,180,346,526
WBGene00045067,9,51,60
WBGene00045069,0,1,1
WBGene00045078,161,1233,1394
WBGene00045096,0,136,136
WBGene00045101,2,10,12
WBGene00045103,0,0,0
WBGene00045108,3,4,7
WBGene00045122,4,0,4
WBGene00045128,0,1,1
WBGene00045144,4,4,8
WBGene00045146,18,27,45
WBGene00045177,11,7,18
WBGene00045178,5,72,77
WBGene00045180,0,0,0
WBGene00045183,3,12,15
WBGene00045190,35,268,303
WBGene00045192,3,751,754
WBGene00045195,289,196,485
WBGene00045198,3,2,5
WBGene00045207,1,14,15
WBGene00045208,0,3469,3469
WBGene00045209,0,11,11
WBGene00045210,46,132,178
WBGene00045211,3,8,11
WBGene00045212,27,133,160
WBGene00045215,12,48,60
WBGene00045234,7,16,23
WBGene00045237,14,182,196
WBGene00045239,3,2,5
WBGene00045242,0,2,2
WBGene00045245,2,3,5
WBGene00045246,44,416,460
WBGene00045247,9,7,16
WBGene00045248,115,205,320
WBGene00045249,119,2178,2297
WBGene00045250,31,76,107
WBGene00045251,0,0,0
WBGene00045252,11,45,56
WBGene00045253,33,317,350
WBGene00045255,159,543,702
WBGene00045261,0,5,5
WBGene00045265,1,3,4
WBGene00045268,0,3,3
WBGene00045269,0,10,10
WBGene00045270,9,3,12
WBGene00045271,3,10,13
WBGene00045272,0,23790,23790
WBGene00045275,0,59,59
WBGene00045276,0,603,603
WBGene00045277,236,1104,1340
WBGene00045283,0,14,14
WBGene00045289,57,6,63
WBGene00045291,3,7,10
WBGene00045292,1,12,13
WBGene00045295,10,237,247
WBGene00045297,8,31,39
WBGene00045298,0,1,1
WBGene00045299,0,0,0
WBGene00045300,0,0,0
WBGene00045301,0,0,0
WBGene00045302,1,0,1
WBGene00045303,1,2,3
WBGene00045304,5,5,10
WBGene00045305,0,417,417
WBGene00045306,1,4,5
WBGene00045308,6,10,16
WBGene00045331,4,103,107
WBGene00045336,122,815,937
WBGene00045337,2,30,32
WBGene00045338,0,5,5
WBGene00045339,0,51,51
WBGene00045340,75,422,497
WBGene00045344,0,1,1
WBGene00045355,7,7,14
WBGene00045356,3,6,9
WBGene00045357,23,141,164
WBGene00045361,1,1,2
WBGene00045362,2,1,3
WBGene00045364,15,0,15
WBGene00045365,1,27,28
WBGene00045379,10,330,340
WBGene00045380,0,0,0
WBGene00045381,1,0,1
WBGene00045382,1,18,19
WBGene00045385,3,20,23
WBGene00045386,60,454,514
WBGene00045387,32,255,287
WBGene00045390,92,1475,1567
WBGene00045392,35,419,454
WBGene00045393,3,27,30
WBGene00045394,0,4,4
WBGene00045395,29,108,137
WBGene00045396,29,239,268
WBGene00045397,45,197,242
WBGene00045398,6,7,13
WBGene00045399,1,20,21
WBGene00045400,12,54,66
WBGene00045401,2,28,30
WBGene00045402,1,0,1
WBGene00045403,18,163,181
WBGene00045405,4,31,35
WBGene00045406,0,1,1
WBGene00045407,59,503,562
WBGene00045411,19,579,598
WBGene00045412,2,88,90
WBGene00045413,0,2,2
WBGene00045414,2,2,4
WBGene00045415,3,9,12
WBGene00045416,1,2,3
WBGene00045417,0,0,0
WBGene00045418,85,1735,1820
WBGene00045419,299,2052,2351
WBGene00045433,97,974,1071
WBGene00045434,68,282,350
WBGene00045455,4,52,56
WBGene00045456,4,0,4
WBGene00045457,2,95,97
WBGene00045458,1,25,26
WBGene00045459,0,1,1
WBGene00045460,0,6,6
WBGene00045461,23,95,118
WBGene00045468,3,1,4
WBGene00045473,4,4,8
WBGene00045474,4,6,10
WBGene00045475,11,4,15
WBGene00045480,19,41,60
WBGene00045481,4,7,11
WBGene00045482,131,491,622
WBGene00045483,384,4209,4593
WBGene00045484,20,11,31
WBGene00045486,1,4,5
WBGene00045488,1,17,18
WBGene00045490,1,2,3
WBGene00045493,6,10,16
WBGene00045494,6,18,24
WBGene00045495,82,698,780
WBGene00045497,9,61,70
WBGene00045498,0,0,0
WBGene00045500,4,14,18
WBGene00045501,2,3,5
WBGene00045506,3,0,3
WBGene00045507,3,844,847
WBGene00045508,2,3,5
WBGene00045510,5,20,25
WBGene00045511,15,8,23
WBGene00045513,5,6,11
WBGene00045515,1,0,1
WBGene00045517,160,1091,1251
WBGene00050875,4,16,20
WBGene00050879,0,0,0
WBGene00050880,4,0,4
WBGene00050881,2,0,2
WBGene00050884,93,452,545
WBGene00050885,83,427,510
WBGene00050889,38,276,314
WBGene00050891,39,12,51
WBGene00050892,1,2,3
WBGene00050893,0,0,0
WBGene00050894,0,0,0
WBGene00050896,0,0,0
WBGene00050898,0,0,0
WBGene00050899,7,185,192
WBGene00050904,2,20,22
WBGene00050906,2,5,7
WBGene00050907,0,0,0
WBGene00050910,0,0,0
WBGene00050911,0,2,2
WBGene00050913,0,0,0
WBGene00050914,0,0,0
WBGene00050915,3,16,19
WBGene00050916,2,11,13
WBGene00050917,15,91,106
WBGene00050919,5,8,13
WBGene00050929,0,0,0
WBGene00050931,2,10,12
WBGene00050934,4,14,18
WBGene00050936,0,0,0
WBGene00050937,25,363,388
WBGene00050939,0,3078,3078
WBGene00050940,2,9,11
WBGene00050941,11,599,610
WBGene00050943,23,166,189
WBGene00050944,64,1220,1284
WBGene00050947,4,306,310
WBGene00050955,0,0,0
WBGene00050956,0,0,0
WBGene00050957,5,7,12
WBGene00050959,0,0,0
WBGene00050965,0,0,0
WBGene00050967,0,7,7
WBGene00050968,0,1,1
WBGene00050974,0,4,4
WBGene00050975,1,12,13
WBGene00077439,4,40,44
WBGene00077445,0,0,0
WBGene00077450,4,2,6
WBGene00077453,11,347,358
WBGene00077455,10,33,43
WBGene00077464,0,0,0
WBGene00077489,4,12,16
WBGene00077490,14,159,173
WBGene00077491,3,101,104
WBGene00077492,0,1,1
WBGene00077493,4,4,8
WBGene00077495,1,1,2
WBGene00077497,164,189,353
WBGene00077500,22,156,178
WBGene00077503,1,0,1
WBGene00077508,29,22,51
WBGene00077514,9,10,19
WBGene00077519,0,3,3
WBGene00077520,93,708,801
WBGene00077521,1,486,487
WBGene00077522,3,30,33
WBGene00077523,1,7,8
WBGene00077525,85,14,99
WBGene00077526,0,10170,10170
WBGene00077531,4,8,12
WBGene00077536,7,97,104
WBGene00077538,10,35,45
WBGene00077539,82,47,129
WBGene00077543,3,23,26
WBGene00077546,3,11,14
WBGene00077548,0,3,3
WBGene00077553,40,43,83
WBGene00077557,9,21,30
WBGene00077558,30,52,82
WBGene00077559,10,50,60
WBGene00077562,4,1,5
WBGene00077563,10,26,36
WBGene00077565,1,10,11
WBGene00077569,15,11,26
WBGene00077573,16,163,179
WBGene00077576,2,0,2
WBGene00077577,4,186,190
WBGene00077582,0,2,2
WBGene00077583,3,2,5
WBGene00077585,22,63,85
WBGene00077588,0,32,32
WBGene00077592,2,3,5
WBGene00077593,7,24,31
WBGene00077599,60,467,527
WBGene00077607,4,3,7
WBGene00077616,0,12,12
WBGene00077622,1,2,3
WBGene00077624,0,0,0
WBGene00077640,0,4,4
WBGene00077643,46,482,528
WBGene00077655,0,4,4
WBGene00077658,49,449,498
WBGene00077663,0,1,1
WBGene00077669,127,349,476
WBGene00077673,1,1,2
WBGene00077674,2,10,12
WBGene00077679,4,37,41
WBGene00077680,0,17,17
WBGene00077681,33,138,171
WBGene00077682,2,2,4
WBGene00077684,0,0,0
WBGene00077685,0,1,1
WBGene00077688,4,1,5
WBGene00077690,15,520,535
WBGene00077691,2,676,678
WBGene00077692,12,55,67
WBGene00077693,136,2408,2544
WBGene00077696,57,57,114
WBGene00077697,69,79,148
WBGene00077698,82,288,370
WBGene00077699,4,26,30
WBGene00077701,18,233,251
WBGene00077703,8,13,21
WBGene00077704,1,4,5
WBGene00077712,9,112,121
WBGene00077714,11,67,78
WBGene00077728,0,1330,1330
WBGene00077732,5,60,65
WBGene00077751,5,3,8
WBGene00077752,8,38,46
WBGene00077756,1,15,16
WBGene00077757,8,51,59
WBGene00077758,2,8,10
WBGene00077759,13,3,16
WBGene00077761,71,1495,1566
WBGene00077762,0,3,3
WBGene00077763,12,73,85
WBGene00077764,0,332,332
WBGene00077766,0,0,0
WBGene00077768,29,158,187
WBGene00077769,1,56,57
WBGene00077770,2,13,15
WBGene00077771,670,9019,9689
WBGene00077773,0,144,144
WBGene00077775,99,634,733
WBGene00077782,17,13,30
WBGene00077783,12,49,61
WBGene00077786,169,206,375
WBGene00077788,8,13,21
WBGene00086546,37,196,233
WBGene00086551,5,118,123
WBGene00086552,0,0,0
WBGene00086553,156,1564,1720
WBGene00086554,0,7,7
WBGene00086555,8,0,8
WBGene00086556,5,12,17
WBGene00086557,28,293,321
WBGene00086558,9,105,114
WBGene00086559,38,245,283
WBGene00086560,2,11,13
WBGene00086561,0,0,0
WBGene00086562,1,3,4
WBGene00086563,0,2,2
WBGene00086564,0,2,2
WBGene00086565,0,0,0
WBGene00086566,34,301,335
WBGene00086567,0,0,0
WBGene00086568,5,32,37
WBGene00086569,101,566,667
WBGene00119201,7,0,7
WBGene00119203,26,385,411
WBGene00119204,0,5,5
WBGene00138711,5,39,44
WBGene00138714,0,1,1
WBGene00138715,0,1,1
WBGene00138716,3,7,10
WBGene00138717,237,961,1198
WBGene00138718,30,41,71
WBGene00138719,3,3,6
WBGene00138720,19,254,273
WBGene00138721,22,18,40
WBGene00138724,0,75,75
WBGene00138725,32,35,67
WBGene00164968,29,142,171
WBGene00164969,71,1177,1248
WBGene00164971,0,0,0
WBGene00164972,0,3,3
WBGene00164973,2,67,69
WBGene00164974,3,0,3
WBGene00164985,24,121,145
WBGene00164986,4,17,21
WBGene00175027,58,52,110
WBGene00175028,1,0,1
WBGene00175030,8,473,481
WBGene00175031,10,32,42
WBGene00175034,27,420,447
WBGene00175035,26,230,256
WBGene00184956,1,5,6
WBGene00184990,5,91,96
WBGene00185001,80,523,603
WBGene00185002,37,65,102
WBGene00185005,23,320,343
WBGene00185006,2,2,4
WBGene00185014,45,972,1017
WBGene00185048,83,865,948
WBGene00185055,5,7,12
WBGene00185067,122,3584,3706
WBGene00185075,0,131,131
WBGene00185077,1,17,18
WBGene00185078,530,78,608
WBGene00185079,92,583,675
WBGene00185086,3,53,56
WBGene00185088,5,166,171
WBGene00185089,4,19,23
WBGene00185092,6,8,14
WBGene00185095,1,2,3
WBGene00185096,0,2,2
WBGene00185097,1,0,1
WBGene00185098,22,210,232
WBGene00185100,5,5,10
WBGene00185101,2,1,3
WBGene00185102,36,379,415
WBGene00185116,2,0,2
WBGene00185117,11,35,46
WBGene00185118,429,965,1394
WBGene00189930,3,0,3
WBGene00189931,0,0,0
WBGene00189932,0,1,1
WBGene00189933,11,23,34
WBGene00189937,4,5,9
WBGene00189943,2,1,3
WBGene00189947,1,1,2
WBGene00189948,5,14,19
WBGene00189949,11,16,27
WBGene00189950,9,6,15
WBGene00189952,6,41,47
WBGene00189953,3,0,3
WBGene00189954,0,1,1
WBGene00189955,0,0,0
WBGene00189956,47,14,61
WBGene00189957,13,10,23
WBGene00189961,7,7,14
WBGene00189987,12,19,31
WBGene00189993,2,3,5
WBGene00189995,1,0,1
WBGene00194641,172,904,1076
WBGene00194642,106,463,569
WBGene00194643,82,57,139
WBGene00194645,0,0,0
WBGene00194646,0,1,1
WBGene00194647,1,1,2
WBGene00194649,0,16,16
WBGene00194651,63,551,614
WBGene00194653,2,1,3
WBGene00194654,2,3,5
WBGene00194656,2,1,3
WBGene00194658,8,127,135
WBGene00194660,0,14,14
WBGene00194661,4,5,9
WBGene00194663,1,8,9
WBGene00194664,6,60,66
WBGene00194670,2,0,2
WBGene00194672,0,7,7
WBGene00194674,4,48,52
WBGene00194677,4,2,6
WBGene00194679,13,132,145
WBGene00194680,31,448,479
WBGene00194682,6,6,12
WBGene00194684,6,6,12
WBGene00194687,14,8,22
WBGene00194689,25,256,281
WBGene00194691,4,2,6
WBGene00194692,337,3523,3860
WBGene00194695,1,5,6
WBGene00194696,0,0,0
WBGene00194697,10,39,49
WBGene00194698,0,6,6
WBGene00194699,0,6,6
WBGene00194700,1,4,5
WBGene00194701,5,3,8
WBGene00194702,17,4,21
WBGene00194703,0,8,8
WBGene00194704,1,0,1
WBGene00194706,20,237,257
WBGene00194707,17,520,537
WBGene00194708,2,8,10
WBGene00194710,88,400,488
WBGene00194711,2,2,4
WBGene00194712,52,62,114
WBGene00194713,0,135,135
WBGene00194714,0,0,0
WBGene00194715,0,1,1
WBGene00194717,4,1,5
WBGene00194725,0,5,5
WBGene00194726,13,36,49
WBGene00194727,3,3,6
WBGene00194729,9,35,44
WBGene00194730,3,2,5
WBGene00194731,27,84,111
WBGene00194733,0,0,0
WBGene00194734,0,1,1
WBGene00194735,3,3,6
WBGene00194737,11,3,14
WBGene00194738,2,0,2
WBGene00194742,8,71,79
WBGene00194744,3,11,14
WBGene00194746,0,1,1
WBGene00194747,134,779,913
WBGene00194780,0,1,1
WBGene00194783,2,1,3
WBGene00194784,0,2,2
WBGene00194785,3,0,3
WBGene00194787,0,0,0
WBGene00194788,2,1,3
WBGene00194793,7,2,9
WBGene00194795,2,15,17
WBGene00194799,0,1,1
WBGene00194801,0,2,2
WBGene00194803,0,26,26
WBGene00194813,0,36,36
WBGene00194815,7,14,21
WBGene00194816,3,23,26
WBGene00194821,0,4,4
WBGene00194832,39,66,105
WBGene00194833,0,2,2
WBGene00194835,4,39,43
WBGene00194839,0,2,2
WBGene00194848,6,4,10
WBGene00194849,8,9,17
WBGene00194850,1,7,8
WBGene00194852,5,30,35
WBGene00194855,18,85,103
WBGene00194861,4,13,17
WBGene00194864,0,0,0
WBGene00194866,82,113,195
WBGene00194867,4,0,4
WBGene00194868,32,7,39
WBGene00194869,0,336,336
WBGene00194870,31,27,58
WBGene00194871,2,0,2
WBGene00194883,34,741,775
WBGene00194886,2,21,23
WBGene00194888,1,2,3
WBGene00194890,67,0,67
WBGene00194892,24,60,84
WBGene00194894,2,2,4
WBGene00194895,7,139,146
WBGene00194896,60,1,61
WBGene00194898,0,0,0
WBGene00194902,5,6,11
WBGene00194905,73,503,576
WBGene00194906,6,7,13
WBGene00194907,0,5,5
WBGene00194908,56,241,297
WBGene00194909,72,440,512
WBGene00194910,87,148,235
WBGene00194912,1,4,5
WBGene00194913,114,133,247
WBGene00194914,0,1,1
WBGene00194915,17,86,103
WBGene00194916,1,5,6
WBGene00194917,8,22,30
WBGene00194918,2,0,2
WBGene00194919,2,6,8
WBGene00194920,1,5,6
WBGene00194921,229,852,1081
WBGene00194922,0,8,8
WBGene00194924,0,0,0
WBGene00194925,36,65,101
WBGene00194926,34,240,274
WBGene00194927,0,0,0
WBGene00194928,14,93,107
WBGene00194929,0,5,5
WBGene00194930,0,5,5
WBGene00194931,0,0,0
WBGene00194933,0,0,0
WBGene00194934,5,159,164
WBGene00194935,0,1,1
WBGene00194940,0,14,14
WBGene00194951,0,0,0
WBGene00194952,0,11,11
WBGene00194955,21,143,164
WBGene00194956,0,64,64
WBGene00194957,4,0,4
WBGene00194981,5,13,18
WBGene00194982,44,311,355
WBGene00194983,0,4,4
WBGene00194985,1,1,2
WBGene00194986,0,0,0
WBGene00194998,30,94,124
WBGene00195003,1,2,3
WBGene00195004,13,133,146
WBGene00195006,5,7,12
WBGene00195009,2,0,2
WBGene00195010,0,3,3
WBGene00195011,30,69,99
WBGene00195012,15,11,26
WBGene00195045,5,8,13
WBGene00195046,6,1,7
WBGene00195048,8,4,12
WBGene00195049,5,15,20
WBGene00195050,13,62,75
WBGene00195051,1,20,21
WBGene00195056,44,533,577
WBGene00195057,1,4,5
WBGene00195058,1,1,2
WBGene00195061,4,0,4
WBGene00195063,74,866,940
WBGene00195067,18,95,113
WBGene00195068,26,10,36
WBGene00195069,2,12,14
WBGene00195070,18,4,22
WBGene00195071,4,9,13
WBGene00195072,0,0,0
WBGene00195073,275,925,1200
WBGene00195077,1,9,10
WBGene00195081,17,45,62
WBGene00195084,45,287,332
WBGene00195086,15,323,338
WBGene00195093,42,764,806
WBGene00195142,0,359,359
WBGene00195143,171,366,537
WBGene00195144,6,8,14
WBGene00195145,43,64,107
WBGene00195146,169,212,381
WBGene00195147,23,7,30
WBGene00195148,3,13,16
WBGene00195149,1,4,5
WBGene00195150,0,2,2
WBGene00195154,2,11,13
WBGene00195155,2,9,11
WBGene00195157,19,15,34
WBGene00195158,0,0,0
WBGene00195160,0,0,0
WBGene00195164,1,21,22
WBGene00195165,2,2,4
WBGene00195166,24,549,573
WBGene00195168,0,1,1
WBGene00195169,12,32,44
WBGene00195171,6,0,6
WBGene00195174,9,4,13
WBGene00195176,5,35,40
WBGene00195177,0,1,1
WBGene00195178,3,12,15
WBGene00195179,3,6,9
WBGene00195180,13,76,89
WBGene00195181,0,0,0
WBGene00195182,5,7,12
WBGene00195183,5,28,33
WBGene00195184,4,33,37
WBGene00195185,211,560,771
WBGene00195188,0,2,2
WBGene00195189,8,50,58
WBGene00195208,6,55,61
WBGene00195209,0,63,63
WBGene00195210,15,47,62
WBGene00195211,1,1,2
WBGene00195212,23,55,78
WBGene00195213,2,8,10
WBGene00195214,3,31,34
WBGene00195215,2,5,7
WBGene00195226,3,13,16
WBGene00195227,1,1,2
WBGene00195228,0,1,1
WBGene00195229,0,0,0
WBGene00195230,0,0,0
WBGene00195231,0,0,0
WBGene00195232,10,7,17
WBGene00195239,39,426,465
WBGene00195240,0,7,7
WBGene00195241,0,4,4
WBGene00195242,0,1,1
WBGene00195243,1,8,9
WBGene00195244,1,15,16
WBGene00195246,11,41,52
WBGene00195248,10,49,59
WBGene00195249,5,13,18
WBGene00195250,3,7,10
WBGene00195256,5,2,7
WBGene00202495,0,0,0
WBGene00202496,3,26,29
WBGene00202497,7,5,12
WBGene00202498,11,48,59
WBGene00202499,4,0,4
WBGene00202500,13,1,14
WBGene00202501,2,2,4
WBGene00202502,2,7,9
WBGene00202504,0,0,0
WBGene00202511,2,12,14
WBGene00202512,25,86,111
WBGene00202513,5,116,121
WBGene00202514,2,4,6
WBGene00206354,13,96,109
WBGene00206355,0,13,13
WBGene00206356,34,434,468
WBGene00206357,4,3,7
WBGene00206358,0,0,0
WBGene00206359,2,7,9
WBGene00206360,5,4,9
WBGene00206361,5,109,114
WBGene00206362,29,349,378
WBGene00206363,0,1,1
WBGene00206364,4,5,9
WBGene00206365,0,10,10
WBGene00206366,3,23,26
WBGene00206368,0,0,0
WBGene00206370,1,19,20
WBGene00206371,3,121,124
WBGene00206372,1,0,1
WBGene00206373,42,244,286
WBGene00206374,62,82,144
WBGene00206377,2,34,36
WBGene00206378,15,9,24
WBGene00206379,0,1,1
WBGene00206380,65,972,1037
WBGene00206381,6,38,44
WBGene00206382,39,387,426
WBGene00206383,0,0,0
WBGene00206384,20,9,29
WBGene00206385,0,0,0
WBGene00206386,1,22,23
WBGene00206388,1,2,3
WBGene00206389,0,1,1
WBGene00206390,2,2,4
WBGene00206392,18,35,53
WBGene00206393,3,5,8
WBGene00206395,0,0,0
WBGene00206412,2,8,10
WBGene00206413,2,5,7
WBGene00206414,10,19,29
WBGene00206415,4,6,10
WBGene00206416,4,23,27
WBGene00206417,21,310,331
WBGene00206418,9,56,65
WBGene00206421,0,0,0
WBGene00206422,0,87,87
WBGene00206460,4,13,17
WBGene00206461,15,80,95
WBGene00206462,0,5,5
WBGene00206464,0,1099,1099
WBGene00206466,1,82,83
WBGene00206468,0,0,0
WBGene00206469,18,34,52
WBGene00206471,9,4,13
WBGene00206473,2,14,16
WBGene00206474,23,44,67
WBGene00206475,1,3,4
WBGene00206477,0,0,0
WBGene00206478,7,10,17
WBGene00206479,7,221,228
WBGene00206481,4,1,5
WBGene00206482,2,21,23
WBGene00206483,1,2,3
WBGene00206484,10,45,55
WBGene00206485,0,0,0
WBGene00206486,7,5,12
WBGene00206487,18,485,503
WBGene00206488,75,58,133
WBGene00206490,0,1,1
WBGene00206492,0,0,0
WBGene00206493,3,2,5
WBGene00206495,2,0,2
WBGene00206496,1,1,2
WBGene00206497,0,2,2
WBGene00206498,2,0,2
WBGene00206499,1,0,1
WBGene00206500,0,1,1
WBGene00206501,1,0,1
WBGene00206502,1,16,17
WBGene00206503,0,1,1
WBGene00206504,0,0,0
WBGene00206505,5,53,58
WBGene00206506,1,0,1
WBGene00206507,0,0,0
WBGene00206508,1,1,2
WBGene00206510,3,1,4
WBGene00206511,5,0,5
WBGene00206512,3,8,11
WBGene00206513,1,2,3
WBGene00206514,3,4,7
WBGene00206515,3,5,8
WBGene00206516,219,1,220
WBGene00206517,6,47,53
WBGene00206518,1,1,2
WBGene00206519,1,6,7
WBGene00206520,0,5,5
WBGene00206521,3,24,27
WBGene00206522,83,4453,4536
WBGene00206523,3,2,5
WBGene00206524,0,5,5
WBGene00206525,106,1178,1284
WBGene00206527,11,22,33
WBGene00206528,7,69,76
WBGene00206529,44,181,225
WBGene00206530,37,12,49
WBGene00206532,337,247,584
WBGene00206533,142,69,211
WBGene00206534,0,0,0
WBGene00206535,3,0,3
WBGene00206537,4,3,7
WBGene00206538,17,257,274
WBGene00219205,7,7,14
WBGene00219206,5,133,138
WBGene00219207,0,860,860
WBGene00219208,16,384,400
WBGene00219209,19,82,101
WBGene00219210,1,29,30
WBGene00219212,0,0,0
WBGene00219214,1,0,1
WBGene00219216,27,12,39
WBGene00219217,0,3,3
WBGene00219218,1,20,21
WBGene00219234,2,1,3
WBGene00219235,0,41,41
WBGene00219236,16,457,473
WBGene00219238,0,2,2
WBGene00219239,1,0,1
WBGene00219241,0,7,7
WBGene00219243,39,28,67
WBGene00219244,0,1,1
WBGene00219271,0,4,4
WBGene00219272,8,1,9
WBGene00219274,35,72,107
WBGene00219275,188,1574,1762
WBGene00219278,0,3,3
WBGene00219280,4,56,60
WBGene00219281,33,29,62
WBGene00219282,2,4,6
WBGene00219283,135,36,171
WBGene00219284,2,10593,10595
WBGene00219285,7,19,26
WBGene00219286,1,25,26
WBGene00219287,63,1012,1075
WBGene00219288,39,122,161
WBGene00219289,862,264,1126
WBGene00219290,0,1,1
WBGene00219291,0,1,1
WBGene00219293,2,5,7
WBGene00219294,4,22,26
WBGene00219295,68,42,110
WBGene00219296,1,2,3
WBGene00219297,0,5,5
WBGene00219298,5,18,23
WBGene00219299,5,4,9
WBGene00219300,17,47,64
WBGene00219301,0,0,0
WBGene00219302,0,19,19
WBGene00219308,0,1,1
WBGene00219309,3,41,44
WBGene00219310,0,1,1
WBGene00219313,29,1122,1151
WBGene00219314,0,0,0
WBGene00219315,1,1,2
WBGene00219316,12,25,37
WBGene00219317,3,6,9
WBGene00219318,2,0,2
WBGene00219319,12,13,25
WBGene00219321,3,6,9
WBGene00219322,1,1,2
WBGene00219324,0,0,0
WBGene00219325,14,31,45
WBGene00219326,2,0,2
WBGene00219327,0,4,4
WBGene00219329,110,94,204
WBGene00219330,0,0,0
WBGene00219332,7,0,7
WBGene00219337,61,43,104
WBGene00219342,0,0,0
WBGene00219351,4,2,6
WBGene00219362,83,223,306
WBGene00219368,0,0,0
WBGene00219369,0,3,3
WBGene00219370,0,0,0
WBGene00219371,5,74,79
WBGene00219372,31,268,299
WBGene00219373,19,940,959
WBGene00219374,0,14,14
WBGene00219375,34,186,220
WBGene00219376,2,20,22
WBGene00219378,0,2,2
WBGene00219381,0,1,1
WBGene00219383,2,2,4
WBGene00219394,19,205,224
WBGene00219395,1,1,2
WBGene00219399,13,8,21
WBGene00219410,29,8,37
WBGene00219411,3,6,9
WBGene00219412,0,2,2
WBGene00219413,1,13,14
WBGene00219414,1,4,5
WBGene00219418,0,0,0
WBGene00219420,0,59,59
WBGene00219421,8,21,29
WBGene00219422,9,11,20
WBGene00219423,8,9,17
WBGene00219424,7,10,17
WBGene00219425,104,120,224
WBGene00219434,2,1,3
WBGene00219436,12,48,60
WBGene00219437,1,1,2
WBGene00219443,1,0,1
WBGene00219445,0,0,0
WBGene00219446,0,1,1
WBGene00219447,0,0,0
WBGene00219449,7,10,17
WBGene00219450,11,76,87
WBGene00219451,2,102,104
WBGene00219452,2,6,8
WBGene00219454,0,0,0
WBGene00219455,0,2,2
WBGene00219456,0,2,2
WBGene00219458,1,1,2
WBGene00219460,15,4,19
WBGene00219476,5,19,24
WBGene00219478,0,0,0
WBGene00219489,0,0,0
WBGene00219491,0,1,1
WBGene00219493,0,19,19
WBGene00219498,3,1,4
WBGene00219544,4,8,12
WBGene00219547,0,3,3
WBGene00219750,1,0,1
WBGene00219796,0,21,21
WBGene00220249,1,5,6
WBGene00220250,24,1,25
WBGene00220253,0,11,11
WBGene00220254,0,1,1
WBGene00220257,0,31,31
WBGene00220258,0,25,25
WBGene00220259,2,33,35
WBGene00220261,0,11,11
WBGene00235081,0,0,0
WBGene00235092,0,3,3
WBGene00235093,0,1,1
WBGene00235094,0,1,1
WBGene00235095,2,4,6
WBGene00235102,19,2768,2787
WBGene00235110,3,1,4
WBGene00235112,0,0,0
WBGene00235113,0,26,26
WBGene00235114,15,449,464
WBGene00235115,0,0,0
WBGene00235116,3,2,5
WBGene00235117,1,0,1
WBGene00235118,0,1,1
WBGene00235120,0,0,0
WBGene00235129,4,18,22
WBGene00235132,25,15,40
WBGene00235133,0,4,4
WBGene00235134,3,5,8
WBGene00235158,23,258,281
WBGene00235164,61,855,916
WBGene00235165,0,1,1
WBGene00235254,1,3,4
WBGene00235256,0,33,33
WBGene00235257,2,14,16
WBGene00235258,0,3,3
WBGene00235260,27,5,32
WBGene00235261,0,12,12
WBGene00235262,0,0,0
WBGene00235263,42,15,57
WBGene00235264,2,2,4
WBGene00235267,0,4,4
WBGene00235268,29,352,381
WBGene00235269,58,903,961
WBGene00235271,0,6,6
WBGene00235273,68,246,314
WBGene00235274,16,186,202
WBGene00235275,12,9,21
WBGene00235277,127,133,260
WBGene00235279,118,295,413
WBGene00235280,3,7,10
WBGene00235282,0,0,0
WBGene00235283,8,51,59
WBGene00235284,0,6,6
WBGene00235285,1,0,1
WBGene00235288,0,0,0
WBGene00235289,2,1,3
WBGene00235290,2,1,3
WBGene00235291,204,1290,1494
WBGene00235293,0,0,0
WBGene00235294,1,2,3
WBGene00235295,0,10,10
WBGene00235296,0,18,18
WBGene00235297,0,4,4
WBGene00235298,0,2,2
WBGene00235300,0,10,10
WBGene00235301,0,8,8
WBGene00235302,0,0,0
WBGene00235303,0,51,51
WBGene00235304,0,2,2
WBGene00235305,1,0,1
WBGene00235308,10,46,56
WBGene00235309,2,2,4
WBGene00235310,37,121,158
WBGene00235311,1,0,1
WBGene00235312,6,84,90
WBGene00235313,7,40,47
WBGene00235315,24,344,368
WBGene00235316,9,61,70
WBGene00235317,0,0,0
WBGene00235320,9,35,44
WBGene00235321,14,5,19
WBGene00235322,0,0,0
WBGene00235324,0,0,0
WBGene00235325,53,433,486
WBGene00235326,0,1,1
WBGene00235327,0,0,0
WBGene00235328,0,12,12
WBGene00235329,6,6,12
WBGene00235330,50,383,433
WBGene00235332,0,4,4
WBGene00235333,2,8,10
WBGene00235335,0,12,12
WBGene00235336,0,0,0
WBGene00235339,0,0,0
WBGene00235340,0,0,0
WBGene00235342,2,0,2
WBGene00235343,0,0,0
WBGene00235350,58,8,66
WBGene00235351,0,3,3
WBGene00235352,1,20,21
WBGene00235354,1,0,1
WBGene00235358,0,1,1
WBGene00235359,0,0,0
WBGene00235361,0,0,0
WBGene00235363,0,0,0
WBGene00235364,0,0,0
WBGene00235365,0,1,1
WBGene00235367,0,2,2
WBGene00235368,0,0,0
WBGene00235369,0,1,1
WBGene00235371,0,2,2
WBGene00235374,1,3,4
WBGene00235380,0,50,50
WBGene00235383,4,3,7
WBGene00235388,4,5,9
WBGene00235390,2,2,4
WBGene00235391,0,3,3
WBGene00236786,0,13,13
WBGene00236789,6,48,54
WBGene00236806,79,0,79
WBGene00236808,9,1,10
WBGene00236809,3,8,11
WBGene00249815,1255,1236,2491
WBGene00249817,39,504,543
WBGene00255375,0,2,2
WBGene00255420,15,0,15
WBGene00255457,94,34,128
WBGene00255469,6,7,13
WBGene00255522,0,1,1
WBGene00255545,0,0,0
WBGene00255546,1,1,2
WBGene00255550,0,1,1
WBGene00255553,1,0,1
WBGene00255594,4,16,20
WBGene00255595,0,148,148
WBGene00255597,3,2,5
WBGene00255598,21,26,47
WBGene00255600,5,46,51
WBGene00255605,2,6,8
WBGene00255607,0,7,7
WBGene00255611,0,0,0
WBGene00255702,6,37,43
WBGene00255704,0,176,176
WBGene00255714,1,58,59
WBGene00255729,5,6,11
WBGene00255731,6,12,18
WBGene00255732,0,1,1
WBGene00255733,4,8,12
WBGene00268194,6,2,8
WBGene00268196,64,143,207
WBGene00268197,0,1,1
WBGene00268198,0,1,1
WBGene00268199,0,0,0
WBGene00268206,3,20,23
WBGene00268213,0,9,9
WBGene00268215,1,5,6
WBGene00268216,3,1,4
WBGene00269332,0,0,0
WBGene00269352,0,0,0
WBGene00269355,2,19,21
WBGene00269373,1,38,39
WBGene00269374,0,4,4
WBGene00269375,2,10,12
WBGene00269378,55,240,295
WBGene00269379,2,3,5
WBGene00269381,2,3,5
WBGene00269382,23,246,269
WBGene00269385,0,0,0
WBGene00269387,10,189,199
WBGene00269388,0,1,1
WBGene00269389,0,0,0
WBGene00269391,98,291,389
WBGene00269392,2,4,6
WBGene00269394,0,0,0
WBGene00269421,551,2388,2939
WBGene00269422,0,8,8
WBGene00269424,0,4,4
WBGene00269425,15,10,25
WBGene00269429,0,163,163
WBGene00269431,1,13,14
WBGene00269432,30,244,274
WBGene00269433,4,172,176
WBGene00269434,0,27,27
WBGene00269435,1,5,6
WBGene00269437,0,3,3
WBGene00269438,2,13,15
WBGene00270290,0,0,0
WBGene00270293,0,6,6
WBGene00270303,1,11,12
WBGene00270309,29,38,67
WBGene00270318,2,11,13
WBGene00270319,116,1187,1303
WBGene00270320,0,8,8
WBGene00270321,13,28,41
WBGene00270322,23,426,449
WBGene00271414,32,501,533
WBGene00271415,3,8,11
WBGene00271437,10,51,61
WBGene00271444,0,11,11
WBGene00271567,2,7,9
WBGene00271577,6,5,11
WBGene00271605,11,40,51
WBGene00271606,12,167,179
WBGene00271657,2,8,10
WBGene00271694,20,174,194
WBGene00271701,3,18,21
WBGene00271703,1,7,8
WBGene00271706,11,211,222
WBGene00271707,3,15,18
WBGene00271715,12,4,16
