gene_id,total_unsp,total_sp,total
WBGene00000001.,21,545,566
WBGene00000002.,25,463,488
WBGene00000003.,3,286,289
WBGene00000004.,125,1184,1309
WBGene00000005.,4,16,20
WBGene00000006.,240,2188,2428
WBGene00000007.,5,45,50
WBGene00000008.,7,9,16
WBGene00000009.,10,11,21
WBGene00000010.,32,264,296
WBGene00000012.,17,22,39
WBGene00000013.,0,49,49
WBGene00000014.,1,4,5
WBGene00000015.,3,148,151
WBGene00000016.,53,3061,3114
WBGene00000017.,9,1642,1651
WBGene00000018.,253,1089,1342
WBGene00000019.,10,6,16
WBGene00000020.,171,548,719
WBGene00000021.,9,1,10
WBGene00000022.,17,267,284
WBGene00000023.,12,67,79
WBGene00000024.,0,1,1
WBGene00000025.,0,7,7
WBGene00000026.,0,0,0
WBGene00000027.,0,0,0
WBGene00000028.,0,0,0
WBGene00000029.,0,21,21
WBGene00000030.,0,16,16
WBGene00000031.,2,560,562
WBGene00000032.,0,0,0
WBGene00000033.,3,27,30
WBGene00000034.,3,9,12
WBGene00000035.,269,645,914
WBGene00000036.,85,491,576
WBGene00000037.,61,1753,1814
WBGene00000038.,80,150,230
WBGene00000039.,16,540,556
WBGene00000040.,22,3128,3150
WBGene00000041.,379,12415,12794
WBGene00000042.,74,257,331
WBGene00000043.,55,146,201
WBGene00000044.,82,132,214
WBGene00000045.,18,29,47
WBGene00000046.,42,77,119
WBGene00000047.,96,774,870
WBGene00000048.,23,76,99
WBGene00000049.,6,11,17
WBGene00000050.,7,54,61
WBGene00000051.,27,284,311
WBGene00000053.,18,56,74
WBGene00000054.,46,358,404
WBGene00000055.,13,306,319
WBGene00000056.,41,115,156
WBGene00000057.,76,137,213
WBGene00000058.,130,243,373
WBGene00000059.,24,111,135
WBGene00000060.,84,200,284
WBGene00000061.,15,65,80
WBGene00000062.,49,109,158
WBGene00000063.,9,102804,102813
WBGene00000064.,263,10720,10983
WBGene00000065.,387,103255,103642
WBGene00000066.,1177,140380,141557
WBGene00000067.,153,3956,4109
WBGene00000068.,1241,1569,2810
WBGene00000069.,65,263,328
WBGene00000070.,249,1309,1558
WBGene00000071.,33,236,269
WBGene00000072.,96,867,963
WBGene00000073.,47,377,424
WBGene00000074.,81,548,629
WBGene00000075.,20,133,153
WBGene00000079.,189,1212,1401
WBGene00000080.,27,761,788
WBGene00000081.,40,570,610
WBGene00000082.,72,78,150
WBGene00000083.,206,1854,2060
WBGene00000084.,29,48,77
WBGene00000085.,33,290,323
WBGene00000086.,95,882,977
WBGene00000088.,55,230,285
WBGene00000089.,115,2214,2329
WBGene00000090.,87,705,792
WBGene00000092.,356,2585,2941
WBGene00000093.,44,555,599
WBGene00000094.,83,589,672
WBGene00000095.,113,1447,1560
WBGene00000096.,133,446,579
WBGene00000097.,63,1004,1067
WBGene00000098.,35,718,753
WBGene00000099.,41,608,649
WBGene00000100.,357,3274,3631
WBGene00000101.,122,1364,1486
WBGene00000102.,310,3498,3808
WBGene00000103.,90,1130,1220
WBGene00000105.,44,2619,2663
WBGene00000106.,32,1034,1066
WBGene00000107.,453,4347,4800
WBGene00000108.,6,3,9
WBGene00000109.,15,521,536
WBGene00000110.,48,1427,1475
WBGene00000111.,50,343,393
WBGene00000112.,265,3178,3443
WBGene00000113.,53,404,457
WBGene00000114.,256,37567,37823
WBGene00000115.,27,952,979
WBGene00000116.,75,476,551
WBGene00000117.,224,434,658
WBGene00000118.,16,6254,6270
WBGene00000120.,8,1805,1813
WBGene00000121.,28,1624,1652
WBGene00000122.,54,5769,5823
WBGene00000123.,207,3765,3972
WBGene00000133.,6,10,16
WBGene00000134.,136,220,356
WBGene00000135.,27,234,261
WBGene00000136.,17,140,157
WBGene00000137.,68,316,384
WBGene00000138.,31,310,341
WBGene00000139.,72,51,123
WBGene00000140.,754,36919,37673
WBGene00000142.,41,745,786
WBGene00000143.,108,479,587
WBGene00000144.,31,234,265
WBGene00000145.,6,350,356
WBGene00000146.,239,1926,2165
WBGene00000147.,5,419,424
WBGene00000148.,91,855,946
WBGene00000149.,404,9349,9753
WBGene00000150.,94,753,847
WBGene00000151.,13,560,573
WBGene00000155.,16,791,807
WBGene00000156.,35,604,639
WBGene00000157.,60,1872,1932
WBGene00000158.,353,1646,1999
WBGene00000159.,27,1885,1912
WBGene00000160.,426,1951,2377
WBGene00000161.,27,2019,2046
WBGene00000162.,348,1651,1999
WBGene00000163.,55,1590,1645
WBGene00000164.,108,783,891
WBGene00000165.,30,828,858
WBGene00000166.,41,373,414
WBGene00000168.,268,224,492
WBGene00000169.,26,594,620
WBGene00000170.,542,16151,16693
WBGene00000171.,8,1,9
WBGene00000172.,137,425,562
WBGene00000173.,8,110,118
WBGene00000174.,25,75,100
WBGene00000175.,1899,24527,26426
WBGene00000176.,3,640,643
WBGene00000177.,255,1206,1461
WBGene00000178.,136,1233,1369
WBGene00000179.,274,1394,1668
WBGene00000180.,44,639,683
WBGene00000181.,627,3912,4539
WBGene00000182.,141,9409,9550
WBGene00000183.,194,9412,9606
WBGene00000184.,116,675,791
WBGene00000185.,4,10,14
WBGene00000186.,384,3187,3571
WBGene00000187.,8,933,941
WBGene00000188.,0,172,172
WBGene00000189.,10,284,294
WBGene00000190.,11,38,49
WBGene00000191.,11,79,90
WBGene00000192.,10,1697,1707
WBGene00000193.,26,134,160
WBGene00000195.,77,920,997
WBGene00000196.,132,1143,1275
WBGene00000197.,35,2931,2966
WBGene00000198.,194,1735,1929
WBGene00000199.,203,2597,2800
WBGene00000200.,88,1719,1807
WBGene00000201.,431,3005,3436
WBGene00000202.,6,593,599
WBGene00000203.,18,1600,1618
WBGene00000204.,64,1713,1777
WBGene00000205.,13,1338,1351
WBGene00000206.,112,1568,1680
WBGene00000207.,1060,29469,30529
WBGene00000208.,402,571,973
WBGene00000209.,1099,10645,11744
WBGene00000210.,3512,30347,33859
WBGene00000211.,132,416,548
WBGene00000212.,16,66,82
WBGene00000213.,10,64,74
WBGene00000214.,0,12125,12125
WBGene00000215.,90,1265,1355
WBGene00000216.,11,3883,3894
WBGene00000217.,1254,11892,13146
WBGene00000218.,75,3456,3531
WBGene00000219.,4,3327,3331
WBGene00000220.,52,552,604
WBGene00000221.,0,1366,1366
WBGene00000222.,78,869,947
WBGene00000223.,531,4185,4716
WBGene00000224.,239,3026,3265
WBGene00000225.,194,1914,2108
WBGene00000226.,147,1382,1529
WBGene00000227.,154,869,1023
WBGene00000228.,568,11636,12204
WBGene00000229.,2393,75001,77394
WBGene00000230.,227,28996,29223
WBGene00000231.,164,1793,1957
WBGene00000232.,228,1537,1765
WBGene00000233.,145,532,677
WBGene00000235.,8,4982,4990
WBGene00000236.,181,1289,1470
WBGene00000237.,84,511,595
WBGene00000238.,67,528,595
WBGene00000239.,106,426,532
WBGene00000240.,269,1341,1610
WBGene00000241.,17,114,131
WBGene00000242.,28,259,287
WBGene00000244.,56,398,454
WBGene00000245.,224,4150,4374
WBGene00000246.,31,70,101
WBGene00000247.,62,844,906
WBGene00000248.,285,2976,3261
WBGene00000249.,23,1356,1379
WBGene00000250.,11,132,143
WBGene00000251.,1,7,8
WBGene00000252.,0,5,5
WBGene00000253.,41,283,324
WBGene00000254.,302,1511,1813
WBGene00000255.,18,81,99
WBGene00000256.,0,12,12
WBGene00000257.,53,961,1014
WBGene00000259.,90,745,835
WBGene00000262.,13,520,533
WBGene00000263.,4558,36472,41030
WBGene00000264.,162,345,507
WBGene00000265.,82,304,386
WBGene00000266.,193,2233,2426
WBGene00000267.,53,172,225
WBGene00000268.,271,763,1034
WBGene00000269.,89,513,602
WBGene00000270.,13,252,265
WBGene00000271.,49,663,712
WBGene00000272.,17,146,163
WBGene00000273.,88,2055,2143
WBGene00000274.,180,679,859
WBGene00000275.,25,837,862
WBGene00000276.,145,3755,3900
WBGene00000277.,2044,18677,20721
WBGene00000279.,21,180,201
WBGene00000280.,71,501,572
WBGene00000281.,64,3052,3116
WBGene00000282.,232,2574,2806
WBGene00000283.,133,2096,2229
WBGene00000284.,34,1387,1421
WBGene00000285.,218,3062,3280
WBGene00000286.,665,6185,6850
WBGene00000287.,102,547,649
WBGene00000288.,308,2511,2819
WBGene00000289.,312,1584,1896
WBGene00000292.,299,4319,4618
WBGene00000293.,268,6270,6538
WBGene00000294.,140,3616,3756
WBGene00000295.,89,676,765
WBGene00000296.,42,238,280
WBGene00000298.,7,565,572
WBGene00000301.,6,4521,4527
WBGene00000302.,15,113,128
WBGene00000308.,3,0,3
WBGene00000310.,0,0,0
WBGene00000311.,0,0,0
WBGene00000366.,174,4007,4181
WBGene00000367.,555,1678,2233
WBGene00000368.,281,2954,3235
WBGene00000369.,7,1430,1437
WBGene00000370.,2419,10516,12935
WBGene00000371.,3248,39943,43191
WBGene00000372.,1,31,32
WBGene00000373.,45,327,372
WBGene00000374.,115,880,995
WBGene00000375.,28,137,165
WBGene00000376.,290,1142,1432
WBGene00000377.,108,10796,10904
WBGene00000378.,32,9255,9287
WBGene00000379.,873,11735,12608
WBGene00000380.,724,19956,20680
WBGene00000381.,105,8576,8681
WBGene00000382.,15,532,547
WBGene00000383.,73,1906,1979
WBGene00000386.,14,167,181
WBGene00000387.,471,436,907
WBGene00000388.,5,9,14
WBGene00000389.,0,2,2
WBGene00000390.,123,3975,4098
WBGene00000391.,156,722,878
WBGene00000392.,0,39,39
WBGene00000393.,69,889,958
WBGene00000395.,54,370,424
WBGene00000396.,111,3173,3284
WBGene00000397.,7,24,31
WBGene00000399.,13,326,339
WBGene00000401.,30,130,160
WBGene00000402.,110,222,332
WBGene00000403.,787,10312,11099
WBGene00000405.,74,2109,2183
WBGene00000406.,33,299,332
WBGene00000407.,146,634,780
WBGene00000408.,303,928,1231
WBGene00000409.,75,780,855
WBGene00000410.,177,1003,1180
WBGene00000411.,21,1725,1746
WBGene00000412.,23,155,178
WBGene00000413.,42,422,464
WBGene00000414.,253,4940,5193
WBGene00000415.,723,1143,1866
WBGene00000416.,30,772,802
WBGene00000417.,57,78,135
WBGene00000418.,15,283,298
WBGene00000419.,231,1175,1406
WBGene00000420.,50,590,640
WBGene00000421.,197,1410,1607
WBGene00000422.,4,47,51
WBGene00000423.,38,522,560
WBGene00000424.,60,1112,1172
WBGene00000425.,8,104,112
WBGene00000426.,220,881,1101
WBGene00000427.,1,8,9
WBGene00000428.,1,37,38
WBGene00000429.,56,190,246
WBGene00000430.,19,193,212
WBGene00000431.,20,577,597
WBGene00000432.,5,2,7
WBGene00000433.,95,443,538
WBGene00000434.,13,158,171
WBGene00000435.,9,113,122
WBGene00000436.,9,42,51
WBGene00000437.,72,1449,1521
WBGene00000438.,27,73,100
WBGene00000439.,42,245,287
WBGene00000440.,3,131,134
WBGene00000441.,375,1182,1557
WBGene00000442.,28,248,276
WBGene00000443.,147,2853,3000
WBGene00000444.,13,211,224
WBGene00000445.,14,132,146
WBGene00000446.,20,542,562
WBGene00000447.,73,375,448
WBGene00000448.,112,1204,1316
WBGene00000449.,121,798,919
WBGene00000450.,7,26,33
WBGene00000451.,9,120,129
WBGene00000452.,13,698,711
WBGene00000453.,67,1015,1082
WBGene00000454.,22,220,242
WBGene00000455.,64,964,1028
WBGene00000457.,7,85,92
WBGene00000458.,61,662,723
WBGene00000459.,84,1192,1276
WBGene00000460.,7,190,197
WBGene00000461.,10,26,36
WBGene00000462.,7,296,303
WBGene00000463.,40,516,556
WBGene00000464.,0,59,59
WBGene00000465.,4,57,61
WBGene00000466.,222,1234,1456
WBGene00000467.,27,225,252
WBGene00000468.,16,117,133
WBGene00000469.,20,49,69
WBGene00000472.,98,28764,28862
WBGene00000473.,4,374,378
WBGene00000474.,4,555,559
WBGene00000475.,111,19440,19551
WBGene00000476.,183,966,1149
WBGene00000477.,22,74,96
WBGene00000478.,49,499,548
WBGene00000479.,30,1895,1925
WBGene00000480.,102,826,928
WBGene00000481.,100,846,946
WBGene00000482.,140,3193,3333
WBGene00000483.,20,8,28
WBGene00000484.,65,140,205
WBGene00000485.,133,990,1123
WBGene00000487.,98,31,129
WBGene00000488.,118,245,363
WBGene00000490.,46,409,455
WBGene00000491.,121,542,663
WBGene00000492.,433,601,1034
WBGene00000493.,38,143,181
WBGene00000496.,50,93,143
WBGene00000497.,38,286,324
WBGene00000498.,8,436,444
WBGene00000499.,50,63,113
WBGene00000500.,49,921,970
WBGene00000501.,103,990,1093
WBGene00000502.,63,1651,1714
WBGene00000503.,0,9,9
WBGene00000506.,204,725,929
WBGene00000507.,74,489,563
WBGene00000508.,25,975,1000
WBGene00000509.,169,1157,1326
WBGene00000510.,227,1782,2009
WBGene00000511.,77,285,362
WBGene00000512.,31,205,236
WBGene00000513.,8,153,161
WBGene00000514.,54,446,500
WBGene00000515.,15,335,350
WBGene00000516.,1,1789,1790
WBGene00000517.,45,322,367
WBGene00000518.,1149,1103,2252
WBGene00000519.,353,393,746
WBGene00000520.,53,472,525
WBGene00000521.,9,44,53
WBGene00000522.,118,370,488
WBGene00000523.,33,261,294
WBGene00000524.,46,558,604
WBGene00000525.,16,12,28
WBGene00000526.,12,281,293
WBGene00000527.,335,1573,1908
WBGene00000528.,131,586,717
WBGene00000529.,261,443,704
WBGene00000530.,33,112,145
WBGene00000531.,17,16,33
WBGene00000532.,44,886,930
WBGene00000533.,7,203,210
WBGene00000534.,26,7401,7427
WBGene00000535.,146,2970,3116
WBGene00000536.,48,423,471
WBGene00000537.,18,299,317
WBGene00000539.,5,68,73
WBGene00000540.,52,184,236
WBGene00000541.,60,158,218
WBGene00000542.,423,4055,4478
WBGene00000543.,75,410,485
WBGene00000544.,55,2,57
WBGene00000545.,608,1568,2176
WBGene00000546.,3,3,6
WBGene00000547.,135,736,871
WBGene00000548.,108,1888,1996
WBGene00000549.,18,1789,1807
WBGene00000550.,96,8969,9065
WBGene00000551.,0,1,1
WBGene00000552.,1473,25760,27233
WBGene00000553.,1068,1375,2443
WBGene00000554.,535,5875,6410
WBGene00000555.,1,0,1
WBGene00000556.,5,104,109
WBGene00000557.,84,1762,1846
WBGene00000558.,76,1028,1104
WBGene00000559.,0,1,1
WBGene00000560.,3,2,5
WBGene00000561.,1,390,391
WBGene00000562.,85,167,252
WBGene00000563.,18,14,32
WBGene00000564.,122,828,950
WBGene00000565.,390,359,749
WBGene00000566.,426,1163,1589
WBGene00000567.,154,3509,3663
WBGene00000583.,227,1660,1887
WBGene00000584.,13,246,259
WBGene00000585.,115,1023,1138
WBGene00000591.,188,927,1115
WBGene00000592.,12,128,140
WBGene00000593.,0,36,36
WBGene00000594.,0,3233,3233
WBGene00000596.,0,0,0
WBGene00000597.,10,64,74
WBGene00000598.,1,19,20
WBGene00000599.,18,2402,2420
WBGene00000601.,0,29,29
WBGene00000602.,0,38,38
WBGene00000603.,2,208,210
WBGene00000606.,40,224,264
WBGene00000608.,0,1,1
WBGene00000609.,0,2,2
WBGene00000610.,14,44,58
WBGene00000611.,73,549,622
WBGene00000612.,0,6,6
WBGene00000613.,0,22,22
WBGene00000614.,4,12,16
WBGene00000615.,0,16,16
WBGene00000616.,0,353,353
WBGene00000617.,0,0,0
WBGene00000618.,0,110,110
WBGene00000620.,1,4,5
WBGene00000621.,0,8,8
WBGene00000622.,2,13,15
WBGene00000623.,25,64,89
WBGene00000624.,25,20,45
WBGene00000625.,18,126,144
WBGene00000626.,0,3,3
WBGene00000627.,1,5,6
WBGene00000628.,0,10,10
WBGene00000629.,41,6,47
WBGene00000630.,17,99,116
WBGene00000631.,2,36,38
WBGene00000632.,0,119,119
WBGene00000633.,4,29,33
WBGene00000634.,0,17,17
WBGene00000636.,6,8,14
WBGene00000637.,0,140,140
WBGene00000638.,0,0,0
WBGene00000639.,0,124,124
WBGene00000640.,8,33,41
WBGene00000641.,6,223,229
WBGene00000642.,1,4,5
WBGene00000644.,0,24,24
WBGene00000645.,39,168,207
WBGene00000646.,2,3,5
WBGene00000647.,2,65,67
WBGene00000648.,24,9,33
WBGene00000649.,11,68,79
WBGene00000650.,0,10,10
WBGene00000651.,17,134,151
WBGene00000652.,11,84,95
WBGene00000653.,0,15,15
WBGene00000654.,6,7,13
WBGene00000655.,3,47,50
WBGene00000656.,7,1146,1153
WBGene00000657.,21,12,33
WBGene00000658.,8,11,19
WBGene00000659.,0,4,4
WBGene00000660.,2,1,3
WBGene00000661.,7,4,11
WBGene00000662.,19,43,62
WBGene00000663.,0,12,12
WBGene00000664.,0,205,205
WBGene00000665.,12,97,109
WBGene00000666.,2,41,43
WBGene00000667.,0,88,88
WBGene00000668.,0,508,508
WBGene00000669.,7,1702,1709
WBGene00000670.,0,46,46
WBGene00000671.,0,9,9
WBGene00000672.,0,135,135
WBGene00000673.,1,9111,9112
WBGene00000674.,58,309,367
WBGene00000675.,1,27,28
WBGene00000676.,0,4,4
WBGene00000677.,14,8583,8597
WBGene00000678.,0,35,35
WBGene00000679.,1,33,34
WBGene00000680.,0,6,6
WBGene00000681.,2,3374,3376
WBGene00000682.,0,22,22
WBGene00000683.,26,155,181
WBGene00000684.,22,68,90
WBGene00000685.,6,67,73
WBGene00000687.,17,130,147
WBGene00000688.,2,81,83
WBGene00000689.,18,31,49
WBGene00000690.,0,10,10
WBGene00000691.,0,2928,2928
WBGene00000692.,138,1428,1566
WBGene00000693.,0,2,2
WBGene00000694.,0,6,6
WBGene00000695.,0,4,4
WBGene00000696.,0,2,2
WBGene00000697.,2,5,7
WBGene00000698.,0,18,18
WBGene00000699.,0,231,231
WBGene00000700.,0,0,0
WBGene00000701.,0,2,2
WBGene00000702.,8,47,55
WBGene00000703.,2,219,221
WBGene00000704.,0,104,104
WBGene00000705.,2,6,8
WBGene00000706.,3,15,18
WBGene00000707.,0,5,5
WBGene00000708.,0,32,32
WBGene00000709.,3,1,4
WBGene00000710.,1,2,3
WBGene00000711.,0,2,2
WBGene00000712.,0,1,1
WBGene00000713.,1,33,34
WBGene00000714.,5,18,23
WBGene00000715.,2,16,18
WBGene00000716.,1,6,7
WBGene00000717.,10,1088,1098
WBGene00000718.,0,14,14
WBGene00000719.,0,13,13
WBGene00000720.,3,8085,8088
WBGene00000721.,0,17,17
WBGene00000722.,15,2521,2536
WBGene00000723.,0,50,50
WBGene00000724.,5,29,34
WBGene00000725.,0,17,17
WBGene00000726.,80,401,481
WBGene00000727.,0,568,568
WBGene00000728.,0,408,408
WBGene00000729.,2,11,13
WBGene00000730.,1,13,14
WBGene00000731.,4,88,92
WBGene00000732.,3,34,37
WBGene00000733.,0,15,15
WBGene00000734.,0,26,26
WBGene00000735.,3,9,12
WBGene00000736.,1,9,10
WBGene00000737.,1,36,37
WBGene00000738.,4,12,16
WBGene00000739.,0,12236,12236
WBGene00000740.,0,3256,3256
WBGene00000741.,0,3105,3105
WBGene00000742.,0,497,497
WBGene00000743.,0,132,132
WBGene00000744.,0,0,0
WBGene00000745.,0,41,41
WBGene00000746.,7,24,31
WBGene00000747.,0,88,88
WBGene00000748.,2,133,135
WBGene00000749.,1,123,124
WBGene00000750.,9,64,73
WBGene00000751.,0,7,7
WBGene00000752.,0,1,1
WBGene00000753.,0,13,13
WBGene00000754.,0,6,6
WBGene00000755.,0,19,19
WBGene00000756.,0,2,2
WBGene00000757.,0,5,5
WBGene00000758.,0,0,0
WBGene00000759.,32,146,178
WBGene00000760.,5,8,13
WBGene00000761.,81,1189,1270
WBGene00000762.,108,549,657
WBGene00000763.,145,1185,1330
WBGene00000764.,23,257,280
WBGene00000765.,6,1948,1954
WBGene00000766.,39,990,1029
WBGene00000767.,203,2591,2794
WBGene00000768.,320,3043,3363
WBGene00000770.,3,26,29
WBGene00000771.,1,11,12
WBGene00000772.,3,140,143
WBGene00000773.,86,1190,1276
WBGene00000774.,47,1212,1259
WBGene00000775.,135,301,436
WBGene00000776.,349,8089,8438
WBGene00000777.,24,1855,1879
WBGene00000778.,9,204,213
WBGene00000779.,5190,63212,68402
WBGene00000780.,255,2004,2259
WBGene00000781.,14,2086,2100
WBGene00000782.,0,31,31
WBGene00000783.,30,355,385
WBGene00000784.,3,530,533
WBGene00000785.,4,1618,1622
WBGene00000786.,56,585,641
WBGene00000787.,20,1199,1219
WBGene00000788.,38,2653,2691
WBGene00000789.,58,1200,1258
WBGene00000792.,67,172,239
WBGene00000793.,3599,1802,5401
WBGene00000794.,60,1008,1068
WBGene00000795.,32,535,567
WBGene00000796.,213,2031,2244
WBGene00000797.,6,15,21
WBGene00000798.,2,973,975
WBGene00000799.,10,63,73
WBGene00000800.,154,2774,2928
WBGene00000801.,75,583,658
WBGene00000802.,1020,60737,61757
WBGene00000803.,15,125,140
WBGene00000804.,4,645,649
WBGene00000812.,198,873,1071
WBGene00000813.,113,1114,1227
WBGene00000814.,144,1656,1800
WBGene00000815.,235,1037,1272
WBGene00000816.,218,855,1073
WBGene00000817.,33,740,773
WBGene00000818.,56,801,857
WBGene00000819.,5,10,15
WBGene00000820.,79,256,335
WBGene00000821.,5,2,7
WBGene00000822.,2176,23608,25784
WBGene00000829.,0,73874,73874
WBGene00000830.,0,1,1
WBGene00000831.,1,260,261
WBGene00000832.,509,2508,3017
WBGene00000833.,150,30017,30167
WBGene00000834.,748,1416,2164
WBGene00000835.,147,2146,2293
WBGene00000836.,58,871,929
WBGene00000837.,103,1139,1242
WBGene00000838.,87,636,723
WBGene00000839.,60,1225,1285
WBGene00000840.,172,1596,1768
WBGene00000841.,32,65,97
WBGene00000843.,33,2125,2158
WBGene00000845.,447,4272,4719
WBGene00000846.,112,461,573
WBGene00000851.,2,18,20
WBGene00000853.,7,4,11
WBGene00000854.,279,1577,1856
WBGene00000857.,24,966,990
WBGene00000858.,99,1490,1589
WBGene00000859.,7,20,27
WBGene00000860.,7,87,94
WBGene00000861.,7,16,23
WBGene00000862.,137,189,326
WBGene00000863.,21,675,696
WBGene00000864.,0,0,0
WBGene00000865.,6,347,353
WBGene00000866.,0,11,11
WBGene00000867.,0,13,13
WBGene00000868.,20,1554,1574
WBGene00000869.,214,10423,10637
WBGene00000870.,66,1058,1124
WBGene00000871.,36,298,334
WBGene00000872.,59,921,980
WBGene00000874.,81,1400,1481
WBGene00000875.,16,862,878
WBGene00000876.,210,2064,2274
WBGene00000877.,38,11070,11108
WBGene00000878.,7,60,67
WBGene00000879.,1279,27280,28559
WBGene00000880.,77,1151,1228
WBGene00000881.,5,12484,12489
WBGene00000882.,3,1748,1751
WBGene00000883.,4127,80269,84396
WBGene00000884.,54,1640,1694
WBGene00000885.,250,269,519
WBGene00000886.,61,861,922
WBGene00000887.,184,1304,1488
WBGene00000888.,64,1063,1127
WBGene00000889.,129,1203,1332
WBGene00000890.,72,530,602
WBGene00000891.,180,1224,1404
WBGene00000892.,111,743,854
WBGene00000893.,19,151,170
WBGene00000894.,189,1414,1603
WBGene00000895.,63,65,128
WBGene00000896.,310,6382,6692
WBGene00000897.,107,662,769
WBGene00000898.,1344,1947,3291
WBGene00000899.,170,1355,1525
WBGene00000900.,348,1578,1926
WBGene00000901.,981,3735,4716
WBGene00000902.,5,44,49
WBGene00000903.,23,2222,2245
WBGene00000904.,39,175,214
WBGene00000905.,41,431,472
WBGene00000906.,183,406,589
WBGene00000907.,31,279,310
WBGene00000908.,639,1257,1896
WBGene00000910.,426,1991,2417
WBGene00000911.,266,2034,2300
WBGene00000912.,678,2244,2922
WBGene00000913.,49,746,795
WBGene00000914.,351,978,1329
WBGene00000915.,863,65158,66021
WBGene00000917.,268,2511,2779
WBGene00000920.,24,2905,2929
WBGene00000923.,50,2543,2593
WBGene00000928.,29,2007,2036
WBGene00000929.,97,805,902
WBGene00000930.,1,23,24
WBGene00000931.,252,9691,9943
WBGene00000932.,67,1024,1091
WBGene00000933.,311,1990,2301
WBGene00000934.,17,306,323
WBGene00000935.,4,306,310
WBGene00000936.,34,1104,1138
WBGene00000937.,21,430,451
WBGene00000938.,368,5070,5438
WBGene00000939.,198,1696,1894
WBGene00000940.,203,1351,1554
WBGene00000941.,866,8037,8903
WBGene00000942.,297,7795,8092
WBGene00000950.,197,163,360
WBGene00000951.,9,125,134
WBGene00000952.,78,102,180
WBGene00000953.,60,176,236
WBGene00000955.,12,163,175
WBGene00000958.,214,1171,1385
WBGene00000959.,165,1310,1475
WBGene00000960.,28,104,132
WBGene00000961.,36,1121,1157
WBGene00000962.,232,7666,7898
WBGene00000963.,102,698,800
WBGene00000964.,99,3491,3590
WBGene00000965.,48,821,869
WBGene00000966.,52,274,326
WBGene00000967.,161,443,604
WBGene00000968.,31,223,254
WBGene00000969.,16,662,678
WBGene00000970.,48,1423,1471
WBGene00000971.,5,23,28
WBGene00000972.,18,259,277
WBGene00000973.,39,691,730
WBGene00000974.,14,83,97
WBGene00000975.,281,1400,1681
WBGene00000976.,106,874,980
WBGene00000977.,3,29,32
WBGene00000978.,26,2245,2271
WBGene00000979.,4,189,193
WBGene00000980.,228,994,1222
WBGene00000981.,10,263,273
WBGene00000982.,338,3703,4041
WBGene00000983.,59,410,469
WBGene00000984.,53,630,683
WBGene00000985.,34,1013,1047
WBGene00000986.,0,40,40
WBGene00000987.,199,885,1084
WBGene00000988.,535,9705,10240
WBGene00000989.,6,20,26
WBGene00000990.,110,761,871
WBGene00000991.,149,944,1093
WBGene00000992.,190,863,1053
WBGene00000993.,175,937,1112
WBGene00000994.,35,369,404
WBGene00000995.,30,772,802
WBGene00000996.,91,1887,1978
WBGene00000998.,1771,41683,43454
WBGene00001000.,1264,20876,22140
WBGene00001001.,261,2105,2366
WBGene00001002.,47,996,1043
WBGene00001005.,65,20265,20330
WBGene00001006.,127,1527,1654
WBGene00001007.,350,4169,4519
WBGene00001008.,340,2185,2525
WBGene00001016.,15,237,252
WBGene00001017.,288,3101,3389
WBGene00001018.,251,2240,2491
WBGene00001019.,351,1639,1990
WBGene00001020.,64,1008,1072
WBGene00001021.,46,229,275
WBGene00001022.,20,191,211
WBGene00001023.,196,3043,3239
WBGene00001025.,125,1723,1848
WBGene00001026.,58,1809,1867
WBGene00001027.,206,1279,1485
WBGene00001028.,224,2663,2887
WBGene00001029.,539,4792,5331
WBGene00001030.,109,5444,5553
WBGene00001031.,45,3101,3146
WBGene00001032.,29,677,706
WBGene00001033.,99,550,649
WBGene00001034.,60,1232,1292
WBGene00001035.,82,1193,1275
WBGene00001036.,15,574,589
WBGene00001037.,80,6851,6931
WBGene00001038.,208,4665,4873
WBGene00001039.,221,899,1120
WBGene00001040.,28,598,626
WBGene00001041.,37,1372,1409
WBGene00001042.,577,1757,2334
WBGene00001043.,261,870,1131
WBGene00001044.,9,55,64
WBGene00001045.,88,914,1002
WBGene00001046.,10,136,146
WBGene00001047.,323,4031,4354
WBGene00001048.,159,896,1055
WBGene00001049.,39,373,412
WBGene00001050.,9,137,146
WBGene00001051.,6,1972,1978
WBGene00001052.,319,962,1281
WBGene00001053.,168,518,686
WBGene00001054.,141,620,761
WBGene00001055.,118,632,750
WBGene00001056.,237,1830,2067
WBGene00001057.,23,1127,1150
WBGene00001058.,96,932,1028
WBGene00001059.,4,112,116
WBGene00001060.,25,754,779
WBGene00001061.,54,896,950
WBGene00001062.,1,2,3
WBGene00001063.,12,10,22
WBGene00001064.,22,869,891
WBGene00001065.,0,1060,1060
WBGene00001066.,36,309,345
WBGene00001067.,0,329,329
WBGene00001068.,142,2977,3119
WBGene00001069.,8,940,948
WBGene00001070.,102,624,726
WBGene00001071.,68,835,903
WBGene00001072.,4,618,622
WBGene00001073.,191,3025,3216
WBGene00001074.,48,431,479
WBGene00001075.,25,90,115
WBGene00001076.,0,105,105
WBGene00001077.,101,2383,2484
WBGene00001078.,112,581,693
WBGene00001079.,13,107,120
WBGene00001080.,570,2904,3474
WBGene00001081.,177,4512,4689
WBGene00001082.,214,2207,2421
WBGene00001085.,122,1876,1998
WBGene00001086.,117,2393,2510
WBGene00001087.,938,916,1854
WBGene00001088.,413,7810,8223
WBGene00001089.,219,1380,1599
WBGene00001090.,46,533,579
WBGene00001091.,170,962,1132
WBGene00001092.,0,54,54
WBGene00001093.,48,2069,2117
WBGene00001094.,46,5461,5507
WBGene00001095.,50,307,357
WBGene00001096.,10,134,144
WBGene00001099.,19,305,324
WBGene00001101.,406,2674,3080
WBGene00001102.,19,494,513
WBGene00001103.,0,3,3
WBGene00001104.,4,5,9
WBGene00001105.,11,17,28
WBGene00001106.,5,13,18
WBGene00001107.,41,121,162
WBGene00001108.,3,1,4
WBGene00001109.,0,37,37
WBGene00001110.,13,128,141
WBGene00001111.,106,7,113
WBGene00001112.,76,651,727
WBGene00001113.,1245,9577,10822
WBGene00001115.,367,1231,1598
WBGene00001116.,325,2031,2356
WBGene00001117.,25,375,400
WBGene00001118.,73,206,279
WBGene00001119.,46,240,286
WBGene00001121.,72,220,292
WBGene00001122.,63,746,809
WBGene00001123.,11,165,176
WBGene00001127.,53,273,326
WBGene00001129.,34,149,183
WBGene00001130.,125,981,1106
WBGene00001131.,1175,9341,10516
WBGene00001132.,328,3838,4166
WBGene00001133.,13,21,34
WBGene00001134.,190,3023,3213
WBGene00001135.,88,949,1037
WBGene00001136.,22,75,97
WBGene00001137.,370,19007,19377
WBGene00001145.,1350,7277,8627
WBGene00001147.,0,11,11
WBGene00001148.,1866,246,2112
WBGene00001149.,177,11116,11293
WBGene00001150.,0,23,23
WBGene00001151.,74,1036,1110
WBGene00001152.,4,306,310
WBGene00001153.,3,1058,1061
WBGene00001154.,38,1553,1591
WBGene00001155.,3215,24107,27322
WBGene00001156.,102,636,738
WBGene00001157.,20,100,120
WBGene00001158.,10,19,29
WBGene00001159.,29,380,409
WBGene00001160.,56,1770,1826
WBGene00001161.,134,625,759
WBGene00001162.,378,445,823
WBGene00001163.,149,2167,2316
WBGene00001164.,4,2,6
WBGene00001165.,78,310,388
WBGene00001166.,56,4846,4902
WBGene00001167.,6212,119871,126083
WBGene00001168.,8887,307726,316613
WBGene00001169.,134,71228,71362
WBGene00001170.,12,296,308
WBGene00001171.,188,332,520
WBGene00001172.,375,9939,10314
WBGene00001173.,2010,5439,7449
WBGene00001174.,22,263,285
WBGene00001175.,26,128,154
WBGene00001177.,2386,4331,6717
WBGene00001178.,268,1328,1596
WBGene00001179.,344,1841,2185
WBGene00001182.,146,1256,1402
WBGene00001184.,74,902,976
WBGene00001185.,15,220,235
WBGene00001186.,344,1335,1679
WBGene00001187.,296,3950,4246
WBGene00001188.,144,663,807
WBGene00001189.,1151,15673,16824
WBGene00001190.,208,365,573
WBGene00001193.,4,278,282
WBGene00001194.,414,4649,5063
WBGene00001196.,557,13807,14364
WBGene00001202.,104,260,364
WBGene00001204.,40,215,255
WBGene00001207.,46,195,241
WBGene00001208.,307,1354,1661
WBGene00001209.,136,8602,8738
WBGene00001210.,24,1370,1394
WBGene00001211.,76,254,330
WBGene00001214.,15,343,358
WBGene00001215.,296,1479,1775
WBGene00001223.,3,6,9
WBGene00001224.,27,1836,1863
WBGene00001225.,26,5156,5182
WBGene00001226.,370,11635,12005
WBGene00001227.,1051,8156,9207
WBGene00001228.,40,2275,2315
WBGene00001229.,49,2987,3036
WBGene00001230.,64,5128,5192
WBGene00001231.,47,3104,3151
WBGene00001232.,185,2959,3144
WBGene00001233.,406,4050,4456
WBGene00001234.,17,5028,5045
WBGene00001235.,88,1907,1995
WBGene00001236.,45,1140,1185
WBGene00001237.,14,92,106
WBGene00001239.,191,5997,6188
WBGene00001240.,110,2297,2407
WBGene00001241.,255,3353,3608
WBGene00001242.,5,67,72
WBGene00001243.,109,1544,1653
WBGene00001244.,347,2885,3232
WBGene00001245.,1,4,5
WBGene00001246.,3,38,41
WBGene00001247.,72,320,392
WBGene00001248.,161,476,637
WBGene00001249.,25,682,707
WBGene00001250.,11,96,107
WBGene00001251.,71,1081,1152
WBGene00001252.,0,41,41
WBGene00001253.,105,612,717
WBGene00001258.,670,3649,4319
WBGene00001259.,126,3680,3806
WBGene00001262.,43,1105,1148
WBGene00001263.,1218,32654,33872
WBGene00001281.,50,633,683
WBGene00001284.,151,1226,1377
WBGene00001303.,342,23081,23423
WBGene00001309.,122,2482,2604
WBGene00001310.,12,4,16
WBGene00001311.,2,2,4
WBGene00001320.,4,1265,1269
WBGene00001324.,60,725,785
WBGene00001325.,168,715,883
WBGene00001328.,263,13486,13749
WBGene00001329.,75,2336,2411
WBGene00001330.,345,1634,1979
WBGene00001331.,80,3893,3973
WBGene00001332.,98,435,533
WBGene00001333.,199,2117,2316
WBGene00001334.,264,1795,2059
WBGene00001335.,207,1717,1924
WBGene00001336.,298,3823,4121
WBGene00001337.,936,6952,7888
WBGene00001338.,55,1238,1293
WBGene00001340.,333,2744,3077
WBGene00001345.,774,931,1705
WBGene00001352.,320,2387,2707
WBGene00001358.,40,276,316
WBGene00001362.,22,58,80
WBGene00001365.,164,1273,1437
WBGene00001366.,425,1847,2272
WBGene00001368.,207,1584,1791
WBGene00001371.,37,527,564
WBGene00001372.,68,254,322
WBGene00001373.,229,186,415
WBGene00001374.,569,1191,1760
WBGene00001377.,130,371,501
WBGene00001385.,52936,507044,559980
WBGene00001386.,1498,33650,35148
WBGene00001387.,0,14,14
WBGene00001388.,1,2,3
WBGene00001389.,24,365,389
WBGene00001390.,26,504,530
WBGene00001391.,36,741,777
WBGene00001392.,240,11301,11541
WBGene00001393.,97,6647,6744
WBGene00001394.,57,4982,5039
WBGene00001395.,518,4268,4786
WBGene00001396.,73,2396,2469
WBGene00001397.,0,37,37
WBGene00001398.,40,1563,1603
WBGene00001399.,1,10,11
WBGene00001400.,21,254,275
WBGene00001401.,5,131,136
WBGene00001402.,3,148,151
WBGene00001403.,157,931,1088
WBGene00001404.,808,10362,11170
WBGene00001405.,23,1299,1322
WBGene00001406.,154,466,620
WBGene00001410.,198,628,826
WBGene00001411.,39,838,877
WBGene00001412.,20,603,623
WBGene00001413.,11,115,126
WBGene00001414.,8,28,36
WBGene00001423.,436,31764,32200
WBGene00001424.,0,1,1
WBGene00001425.,186,1259,1445
WBGene00001426.,247,5804,6051
WBGene00001427.,1400,50749,52149
WBGene00001428.,3,949,952
WBGene00001429.,13,423,436
WBGene00001430.,182,3612,3794
WBGene00001431.,107,4627,4734
WBGene00001432.,73,366,439
WBGene00001433.,87,706,793
WBGene00001434.,0,127,127
WBGene00001435.,4,4,8
WBGene00001436.,1,1,2
WBGene00001437.,3,65,68
WBGene00001438.,4,47,51
WBGene00001439.,1042,1702,2744
WBGene00001440.,25,297,322
WBGene00001441.,152,2193,2345
WBGene00001442.,2,113,115
WBGene00001443.,350,1960,2310
WBGene00001444.,13547,84743,98290
WBGene00001445.,91,1048,1139
WBGene00001446.,15,328,343
WBGene00001447.,173,2141,2314
WBGene00001448.,861,11478,12339
WBGene00001449.,420,2709,3129
WBGene00001450.,30,1237,1267
WBGene00001451.,285,2664,2949
WBGene00001452.,188,12851,13039
WBGene00001453.,4,963,967
WBGene00001454.,11,6869,6880
WBGene00001455.,139,3147,3286
WBGene00001456.,13,1615,1628
WBGene00001457.,3921,22004,25925
WBGene00001458.,309,3617,3926
WBGene00001459.,120,4415,4535
WBGene00001460.,25,894,919
WBGene00001461.,1616,7681,9297
WBGene00001462.,76,5299,5375
WBGene00001463.,65,1716,1781
WBGene00001464.,367,5180,5547
WBGene00001465.,11,23,34
WBGene00001466.,9,384,393
WBGene00001468.,9,56,65
WBGene00001470.,88,1865,1953
WBGene00001475.,185,2528,2713
WBGene00001476.,29,150,179
WBGene00001477.,6,72,78
WBGene00001478.,14,109,123
WBGene00001479.,29,260,289
WBGene00001480.,865,5601,6466
WBGene00001481.,28,204,232
WBGene00001482.,1,76,77
WBGene00001483.,6,71,77
WBGene00001484.,644,1145,1789
WBGene00001485.,380,541,921
WBGene00001486.,37,391,428
WBGene00001487.,1,4,5
WBGene00001488.,716,24915,25631
WBGene00001489.,188,998,1186
WBGene00001490.,239,1536,1775
WBGene00001491.,557,2633,3190
WBGene00001492.,54,21,75
WBGene00001493.,76,1083,1159
WBGene00001494.,449,1220,1669
WBGene00001495.,0,0,0
WBGene00001496.,562,2177,2739
WBGene00001497.,109,3886,3995
WBGene00001498.,399,3619,4018
WBGene00001499.,19,547,566
WBGene00001500.,9,33,42
WBGene00001501.,562,3447,4009
WBGene00001502.,670,34630,35300
WBGene00001503.,109,7315,7424
WBGene00001505.,43,322,365
WBGene00001506.,7,28,35
WBGene00001507.,21,78,99
WBGene00001508.,200,794,994
WBGene00001509.,118,1736,1854
WBGene00001510.,123,1040,1163
WBGene00001511.,23,635,658
WBGene00001512.,88,308,396
WBGene00001513.,5,911,916
WBGene00001514.,17,147,164
WBGene00001515.,66,257,323
WBGene00001516.,542,1693,2235
WBGene00001517.,92,517,609
WBGene00001518.,479,2161,2640
WBGene00001519.,385,1535,1920
WBGene00001520.,151,6345,6496
WBGene00001522.,35,117,152
WBGene00001523.,102,879,981
WBGene00001526.,74,648,722
WBGene00001527.,26,976,1002
WBGene00001528.,2,2,4
WBGene00001529.,9,5,14
WBGene00001530.,7,45,52
WBGene00001531.,3,24,27
WBGene00001532.,14,78,92
WBGene00001533.,18,22,40
WBGene00001534.,31,100,131
WBGene00001535.,18,103,121
WBGene00001536.,37,90,127
WBGene00001537.,529,799,1328
WBGene00001538.,77,1041,1118
WBGene00001539.,69,48,117
WBGene00001540.,7,27,34
WBGene00001541.,17,158,175
WBGene00001542.,29,79,108
WBGene00001543.,22,148,170
WBGene00001544.,39,132,171
WBGene00001545.,5,28,33
WBGene00001546.,12,67,79
WBGene00001547.,84,277,361
WBGene00001548.,16,110,126
WBGene00001549.,46,159,205
WBGene00001550.,12,33,45
WBGene00001551.,82,78,160
WBGene00001552.,73,517,590
WBGene00001553.,94,536,630
WBGene00001554.,96,495,591
WBGene00001555.,268,777,1045
WBGene00001556.,164,871,1035
WBGene00001557.,135,726,861
WBGene00001558.,59,6549,6608
WBGene00001559.,174,706,880
WBGene00001560.,33,169,202
WBGene00001561.,776,5045,5821
WBGene00001562.,58,1473,1531
WBGene00001563.,75,1491,1566
WBGene00001564.,664,29037,29701
WBGene00001565.,129,1427,1556
WBGene00001566.,69,1338,1407
WBGene00001568.,38,679,717
WBGene00001569.,2,37,39
WBGene00001570.,110,1496,1606
WBGene00001571.,19,152,171
WBGene00001572.,513,3550,4063
WBGene00001574.,255,1780,2035
WBGene00001575.,34,163,197
WBGene00001577.,27,176,203
WBGene00001578.,25,145,170
WBGene00001579.,79,1076,1155
WBGene00001580.,52,831,883
WBGene00001581.,2,470,472
WBGene00001582.,234,1547,1781
WBGene00001583.,26,334,360
WBGene00001584.,192,694,886
WBGene00001585.,50,793,843
WBGene00001586.,155,258,413
WBGene00001587.,146,488,634
WBGene00001588.,36,376,412
WBGene00001589.,284,663,947
WBGene00001590.,22,461,483
WBGene00001591.,0,32,32
WBGene00001592.,30,259,289
WBGene00001593.,48,235,283
WBGene00001594.,112,1083,1195
WBGene00001595.,7,160,167
WBGene00001596.,107,1824,1931
WBGene00001597.,15,127,142
WBGene00001598.,44,1707,1751
WBGene00001599.,10,172,182
WBGene00001600.,2,104,106
WBGene00001601.,9,349,358
WBGene00001602.,53,909,962
WBGene00001603.,0,13,13
WBGene00001604.,121,8205,8326
WBGene00001605.,0,7,7
WBGene00001606.,10,218,228
WBGene00001607.,11,84,95
WBGene00001608.,2,20,22
WBGene00001609.,21,220,241
WBGene00001612.,44,214,258
WBGene00001613.,187,473,660
WBGene00001614.,87,284,371
WBGene00001615.,230,855,1085
WBGene00001616.,88,836,924
WBGene00001617.,188,524,712
WBGene00001618.,31,28,59
WBGene00001619.,16,54,70
WBGene00001620.,147,3107,3254
WBGene00001621.,4,40,44
WBGene00001622.,46,719,765
WBGene00001623.,6,139,145
WBGene00001624.,11,32,43
WBGene00001625.,8,17,25
WBGene00001626.,4,25,29
WBGene00001627.,58,281,339
WBGene00001628.,37,741,778
WBGene00001629.,361,915,1276
WBGene00001630.,612,1090,1702
WBGene00001631.,175,1103,1278
WBGene00001632.,54,1243,1297
WBGene00001633.,68,433,501
WBGene00001635.,81,1114,1195
WBGene00001636.,142,444,586
WBGene00001637.,83,620,703
WBGene00001638.,22,346,368
WBGene00001639.,24,41,65
WBGene00001640.,23,44,67
WBGene00001641.,0,2,2
WBGene00001642.,1,1,2
WBGene00001643.,23,138,161
WBGene00001644.,13,82,95
WBGene00001645.,85,804,889
WBGene00001646.,0,553,553
WBGene00001647.,2,154,156
WBGene00001648.,527,8599,9126
WBGene00001649.,93,1528,1621
WBGene00001650.,456,2384,2840
WBGene00001651.,318,1092,1410
WBGene00001653.,113,803,916
WBGene00001660.,39,440,479
WBGene00001661.,97,1095,1192
WBGene00001662.,77,2096,2173
WBGene00001663.,58,495,553
WBGene00001664.,42,375,417
WBGene00001665.,29,237,266
WBGene00001666.,20,236,256
WBGene00001667.,23,21,44
WBGene00001668.,18,52,70
WBGene00001669.,317,1648,1965
WBGene00001670.,27,96,123
WBGene00001671.,53,666,719
WBGene00001672.,17,81,98
WBGene00001673.,94,108,202
WBGene00001674.,44,211,255
WBGene00001675.,7,32,39
WBGene00001676.,111,257,368
WBGene00001677.,36,177,213
WBGene00001678.,186,400,586
WBGene00001679.,492,11582,12074
WBGene00001680.,80,2101,2181
WBGene00001681.,41,746,787
WBGene00001682.,581,20008,20589
WBGene00001683.,20,259,279
WBGene00001684.,27,24948,24975
WBGene00001685.,32,28663,28695
WBGene00001686.,49,454,503
WBGene00001687.,13,53,66
WBGene00001688.,13,450,463
WBGene00001689.,10,378,388
WBGene00001690.,32,55,87
WBGene00001691.,2,2,4
WBGene00001692.,193,4465,4658
WBGene00001693.,0,1,1
WBGene00001694.,8,874,882
WBGene00001695.,4,39,43
WBGene00001696.,13,62,75
WBGene00001697.,1,5,6
WBGene00001698.,13,32,45
WBGene00001699.,171,12487,12658
WBGene00001700.,12,2,14
WBGene00001701.,4,44,48
WBGene00001702.,875,5923,6798
WBGene00001703.,5,52,57
WBGene00001704.,9,85,94
WBGene00001705.,6,77,83
WBGene00001706.,5,98,103
WBGene00001707.,111,307,418
WBGene00001708.,443,2028,2471
WBGene00001709.,123,949,1072
WBGene00001710.,33,234,267
WBGene00001711.,5,31,36
WBGene00001712.,3,7,10
WBGene00001713.,14,1094,1108
WBGene00001714.,3,34,37
WBGene00001715.,0,1,1
WBGene00001716.,23,124,147
WBGene00001717.,6,142,148
WBGene00001718.,1,78,79
WBGene00001719.,11,224,235
WBGene00001720.,3,0,3
WBGene00001721.,17,184,201
WBGene00001722.,3,4,7
WBGene00001723.,18,43,61
WBGene00001724.,24,71,95
WBGene00001725.,2,111,113
WBGene00001726.,2,12,14
WBGene00001727.,6,25,31
WBGene00001728.,2,2,4
WBGene00001729.,3,33,36
WBGene00001730.,2,35,37
WBGene00001731.,3,34,37
WBGene00001732.,6,15,21
WBGene00001733.,1,9,10
WBGene00001734.,0,3,3
WBGene00001735.,6,6,12
WBGene00001736.,4,6,10
WBGene00001737.,0,1,1
WBGene00001738.,0,0,0
WBGene00001739.,0,2,2
WBGene00001740.,98,346,444
WBGene00001743.,66,579,645
WBGene00001744.,142,3503,3645
WBGene00001745.,555,1618,2173
WBGene00001746.,264,2802,3066
WBGene00001747.,104,4500,4604
WBGene00001748.,410,5303,5713
WBGene00001749.,0,2345,2345
WBGene00001750.,37,249,286
WBGene00001751.,40,967,1007
WBGene00001752.,5,131,136
WBGene00001753.,278,10944,11222
WBGene00001754.,1,321,322
WBGene00001755.,114,11392,11506
WBGene00001756.,0,134,134
WBGene00001757.,24,94,118
WBGene00001758.,11,1346,1357
WBGene00001759.,55,922,977
WBGene00001760.,8,420,428
WBGene00001761.,19,368,387
WBGene00001762.,0,35,35
WBGene00001763.,6,149,155
WBGene00001764.,7,252,259
WBGene00001765.,5,2,7
WBGene00001766.,0,0,0
WBGene00001767.,1,62,63
WBGene00001768.,23,2982,3005
WBGene00001769.,13,265,278
WBGene00001770.,2,342,344
WBGene00001771.,1,169,170
WBGene00001772.,9,2039,2048
WBGene00001773.,4,57,61
WBGene00001774.,3,387,390
WBGene00001775.,7,1064,1071
WBGene00001776.,14,389,403
WBGene00001777.,7,11,18
WBGene00001778.,3,49,52
WBGene00001779.,0,88,88
WBGene00001780.,1,62,63
WBGene00001781.,45,719,764
WBGene00001782.,25,41,66
WBGene00001783.,19,128,147
WBGene00001784.,129,1037,1166
WBGene00001785.,0,5,5
WBGene00001786.,0,105,105
WBGene00001787.,2,1276,1278
WBGene00001788.,106,625,731
WBGene00001789.,1,254,255
WBGene00001790.,47,723,770
WBGene00001791.,159,808,967
WBGene00001792.,27,236,263
WBGene00001793.,632,2860,3492
WBGene00001794.,2442,19619,22061
WBGene00001795.,48,263,311
WBGene00001796.,40,161,201
WBGene00001803.,54,404,458
WBGene00001804.,21,47,68
WBGene00001805.,57,261,318
WBGene00001806.,14,50,64
WBGene00001808.,331,1812,2143
WBGene00001811.,21,153,174
WBGene00001812.,35,556,591
WBGene00001813.,145,1125,1270
WBGene00001814.,16,613,629
WBGene00001815.,63,474,537
WBGene00001816.,180,584,764
WBGene00001817.,19,519,538
WBGene00001818.,17,3,20
WBGene00001819.,41,509,550
WBGene00001820.,27,509,536
WBGene00001821.,54,358,412
WBGene00001823.,74,889,963
WBGene00001824.,55,1570,1625
WBGene00001827.,68,1274,1342
WBGene00001828.,1,3,4
WBGene00001829.,33,709,742
WBGene00001830.,19,668,687
WBGene00001831.,11,709,720
WBGene00001832.,85,735,820
WBGene00001833.,99,1254,1353
WBGene00001834.,14,1810,1824
WBGene00001835.,5,549,554
WBGene00001836.,72,850,922
WBGene00001837.,752,1325,2077
WBGene00001838.,79,245,324
WBGene00001839.,40,52,92
WBGene00001840.,529,10564,11093
WBGene00001841.,19,469,488
WBGene00001842.,14,29,43
WBGene00001843.,327,1515,1842
WBGene00001844.,64,1028,1092
WBGene00001851.,383,7719,8102
WBGene00001852.,70,284,354
WBGene00001853.,113,15724,15837
WBGene00001854.,58,9365,9423
WBGene00001855.,11,3118,3129
WBGene00001856.,7,2712,2719
WBGene00001857.,0,36,36
WBGene00001858.,371,4088,4459
WBGene00001859.,17,9,26
WBGene00001860.,102,2191,2293
WBGene00001862.,2,120,122
WBGene00001863.,1082,9494,10576
WBGene00001864.,102,451,553
WBGene00001865.,25,184,209
WBGene00001867.,29,262,291
WBGene00001869.,22,614,636
WBGene00001872.,42,64,106
WBGene00001874.,31,697,728
WBGene00001875.,0,1487,1487
WBGene00001876.,0,565,565
WBGene00001877.,0,1343,1343
WBGene00001878.,0,1036,1036
WBGene00001879.,0,1233,1233
WBGene00001880.,0,910,910
WBGene00001881.,0,1149,1149
WBGene00001882.,0,233,233
WBGene00001883.,0,0,0
WBGene00001884.,0,0,0
WBGene00001885.,0,29,29
WBGene00001886.,0,0,0
WBGene00001887.,0,0,0
WBGene00001888.,0,0,0
WBGene00001889.,0,0,0
WBGene00001890.,0,90,90
WBGene00001891.,0,101,101
WBGene00001892.,0,1176,1176
WBGene00001893.,0,0,0
WBGene00001894.,0,0,0
WBGene00001895.,0,0,0
WBGene00001896.,0,0,0
WBGene00001898.,34,32917,32951
WBGene00001899.,0,10,10
WBGene00001900.,0,211,211
WBGene00001901.,0,0,0
WBGene00001902.,0,0,0
WBGene00001903.,0,0,0
WBGene00001904.,0,0,0
WBGene00001905.,0,280,280
WBGene00001906.,0,3189,3189
WBGene00001907.,0,0,0
WBGene00001908.,0,0,0
WBGene00001909.,1104,22800,23904
WBGene00001910.,336,10535,10871
WBGene00001911.,946,33171,34117
WBGene00001912.,0,86,86
WBGene00001913.,0,11,11
WBGene00001914.,0,70,70
WBGene00001915.,873,25745,26618
WBGene00001916.,0,96,96
WBGene00001917.,0,0,0
WBGene00001918.,0,0,0
WBGene00001919.,0,5,5
WBGene00001920.,0,0,0
WBGene00001921.,0,5,5
WBGene00001922.,0,710,710
WBGene00001923.,0,0,0
WBGene00001924.,0,0,0
WBGene00001925.,0,0,0
WBGene00001926.,0,0,0
WBGene00001927.,0,0,0
WBGene00001928.,0,0,0
WBGene00001929.,0,2,2
WBGene00001930.,0,0,0
WBGene00001931.,32,1077,1109
WBGene00001932.,0,13,13
WBGene00001933.,0,2400,2400
WBGene00001934.,0,5126,5126
WBGene00001935.,0,844,844
WBGene00001936.,0,2537,2537
WBGene00001937.,0,854,854
WBGene00001938.,0,2639,2639
WBGene00001939.,0,9,9
WBGene00001940.,0,33,33
WBGene00001941.,0,641,641
WBGene00001942.,0,1758,1758
WBGene00001943.,0,13,13
WBGene00001944.,0,67,67
WBGene00001945.,111,5305,5416
WBGene00001946.,629,25567,26196
WBGene00001947.,0,0,0
WBGene00001948.,271,1543,1814
WBGene00001949.,16,1050,1066
WBGene00001950.,2,724,726
WBGene00001951.,19,282,301
WBGene00001952.,21,340,361
WBGene00001953.,22,157,179
WBGene00001954.,19,130,149
WBGene00001955.,159,3653,3812
WBGene00001956.,0,1,1
WBGene00001957.,54,409,463
WBGene00001958.,4,310,314
WBGene00001959.,9,141,150
WBGene00001960.,9,78,87
WBGene00001961.,28,144,172
WBGene00001962.,3,3,6
WBGene00001963.,6,35,41
WBGene00001964.,0,0,0
WBGene00001965.,0,3,3
WBGene00001966.,0,21,21
WBGene00001967.,0,1,1
WBGene00001968.,0,0,0
WBGene00001971.,118,25361,25479
WBGene00001972.,340,6821,7161
WBGene00001973.,2,359,361
WBGene00001974.,50,3016,3066
WBGene00001975.,58,1005,1063
WBGene00001976.,0,19,19
WBGene00001977.,0,1069,1069
WBGene00001978.,143,1701,1844
WBGene00001979.,49,858,907
WBGene00001980.,1704,2463,4167
WBGene00001981.,1,10,11
WBGene00001983.,98,744,842
WBGene00001984.,67,184,251
WBGene00001985.,3,28,31
WBGene00001986.,139,1104,1243
WBGene00001987.,713,581,1294
WBGene00001988.,65,960,1025
WBGene00001989.,101,592,693
WBGene00001990.,115,1781,1896
WBGene00001991.,17,199,216
WBGene00001992.,43,416,459
WBGene00001993.,17,1564,1581
WBGene00001994.,206,3645,3851
WBGene00001995.,32,797,829
WBGene00001996.,278,839,1117
WBGene00001997.,98,178,276
WBGene00001998.,20,119,139
WBGene00001999.,83,12323,12406
WBGene00002000.,300,8150,8450
WBGene00002001.,247,2477,2724
WBGene00002002.,84,2030,2114
WBGene00002003.,41,290,331
WBGene00002004.,255,864,1119
WBGene00002005.,398,51571,51969
WBGene00002006.,1,0,1
WBGene00002007.,440,19260,19700
WBGene00002008.,110,1232,1342
WBGene00002010.,61,7296,7357
WBGene00002011.,589,8839,9428
WBGene00002012.,10,469,479
WBGene00002013.,31,99,130
WBGene00002015.,0,0,0
WBGene00002016.,10,2640,2650
WBGene00002017.,0,641,641
WBGene00002018.,20,2523,2543
WBGene00002019.,0,0,0
WBGene00002020.,0,0,0
WBGene00002021.,97,819,916
WBGene00002023.,517,10751,11268
WBGene00002024.,53,1218,1271
WBGene00002025.,782,25518,26300
WBGene00002026.,4,77,81
WBGene00002027.,187,4624,4811
WBGene00002028.,15,342,357
WBGene00002029.,12,209,221
WBGene00002030.,84,197,281
WBGene00002031.,50,325,375
WBGene00002032.,6,130,136
WBGene00002033.,6,42,48
WBGene00002034.,2,131,133
WBGene00002035.,149,1014,1163
WBGene00002036.,152,1502,1654
WBGene00002037.,122,603,725
WBGene00002038.,136,933,1069
WBGene00002039.,103,661,764
WBGene00002040.,279,1597,1876
WBGene00002041.,54,240,294
WBGene00002042.,23,224,247
WBGene00002043.,111,428,539
WBGene00002044.,20,934,954
WBGene00002045.,5766,62814,68580
WBGene00002046.,128,1429,1557
WBGene00002047.,41,967,1008
WBGene00002048.,1050,5667,6717
WBGene00002050.,209,1488,1697
WBGene00002051.,7,32,39
WBGene00002052.,65,963,1028
WBGene00002053.,191,5342,5533
WBGene00002054.,51,1820,1871
WBGene00002055.,9,1102,1111
WBGene00002056.,283,1195,1478
WBGene00002057.,26,192,218
WBGene00002058.,12,178,190
WBGene00002059.,89,2362,2451
WBGene00002060.,63,4130,4193
WBGene00002061.,19,1244,1263
WBGene00002062.,44,741,785
WBGene00002063.,56,161,217
WBGene00002064.,825,5105,5930
WBGene00002065.,645,76814,77459
WBGene00002066.,416,8202,8618
WBGene00002067.,66,505,571
WBGene00002068.,9,418,427
WBGene00002069.,178,1315,1493
WBGene00002070.,56,1796,1852
WBGene00002071.,35,1944,1979
WBGene00002072.,14,424,438
WBGene00002073.,12,1135,1147
WBGene00002074.,88,3673,3761
WBGene00002075.,151,974,1125
WBGene00002076.,368,894,1262
WBGene00002077.,256,9846,10102
WBGene00002078.,162,2622,2784
WBGene00002079.,27,669,696
WBGene00002080.,145,1157,1302
WBGene00002081.,31,708,739
WBGene00002083.,97,15680,15777
WBGene00002084.,18,1031,1049
WBGene00002085.,0,15,15
WBGene00002086.,21,565,586
WBGene00002087.,4,60,64
WBGene00002088.,29,513,542
WBGene00002089.,49,631,680
WBGene00002090.,4,1,5
WBGene00002091.,2,1,3
WBGene00002092.,14,143,157
WBGene00002093.,27,226,253
WBGene00002094.,15,107,122
WBGene00002095.,9,24,33
WBGene00002096.,11,25,36
WBGene00002097.,24,314,338
WBGene00002098.,3,30,33
WBGene00002099.,5,6,11
WBGene00002100.,73,4268,4341
WBGene00002101.,156,857,1013
WBGene00002102.,2,5,7
WBGene00002103.,0,3,3
WBGene00002104.,3,16,19
WBGene00002105.,10,282,292
WBGene00002106.,0,1,1
WBGene00002107.,17,203,220
WBGene00002108.,20,53,73
WBGene00002109.,166,1740,1906
WBGene00002110.,609,3847,4456
WBGene00002111.,71,704,775
WBGene00002112.,21,148,169
WBGene00002113.,47,1688,1735
WBGene00002114.,4,21,25
WBGene00002115.,3,4,7
WBGene00002116.,35,81,116
WBGene00002117.,2,7,9
WBGene00002118.,16,128,144
WBGene00002119.,17,26,43
WBGene00002120.,2,150,152
WBGene00002121.,0,1,1
WBGene00002123.,884,2366,3250
WBGene00002124.,3,111,114
WBGene00002125.,3,371,374
WBGene00002127.,16,1810,1826
WBGene00002128.,24,276,300
WBGene00002129.,36,722,758
WBGene00002130.,3,26,29
WBGene00002131.,4,19,23
WBGene00002132.,13,536,549
WBGene00002133.,95,250,345
WBGene00002134.,158,4013,4171
WBGene00002135.,120,3847,3967
WBGene00002136.,28,134,162
WBGene00002137.,10,166,176
WBGene00002138.,11,56,67
WBGene00002139.,1,68,69
WBGene00002140.,155,663,818
WBGene00002141.,123,94,217
WBGene00002142.,34,157,191
WBGene00002143.,33,81,114
WBGene00002144.,8,32,40
WBGene00002146.,78,735,813
WBGene00002147.,196,618,814
WBGene00002148.,86,1020,1106
WBGene00002149.,118,190,308
WBGene00002150.,215,195,410
WBGene00002151.,288,663,951
WBGene00002152.,463,4798,5261
WBGene00002153.,52,849,901
WBGene00002162.,2073,24226,26299
WBGene00002163.,271,895,1166
WBGene00002169.,362,2020,2382
WBGene00002173.,214,1101,1315
WBGene00002174.,61,441,502
WBGene00002175.,629,1181,1810
WBGene00002176.,749,1317,2066
WBGene00002177.,69,298,367
WBGene00002178.,137,1471,1608
WBGene00002179.,458,4884,5342
WBGene00002180.,15,447,462
WBGene00002181.,147,481,628
WBGene00002182.,102,285,387
WBGene00002183.,708,10071,10779
WBGene00002184.,188,450,638
WBGene00002185.,761,1008,1769
WBGene00002186.,2,6,8
WBGene00002187.,239,1640,1879
WBGene00002188.,8,4,12
WBGene00002189.,2884,7788,10672
WBGene00002190.,613,8759,9372
WBGene00002191.,755,7367,8122
WBGene00002192.,271,1199,1470
WBGene00002193.,8,6,14
WBGene00002194.,48,156,204
WBGene00002195.,34,279,313
WBGene00002196.,81,3709,3790
WBGene00002198.,168,211,379
WBGene00002199.,42,207,249
WBGene00002200.,32,205,237
WBGene00002201.,82,1518,1600
WBGene00002202.,263,8125,8388
WBGene00002203.,189,1895,2084
WBGene00002204.,1,2,3
WBGene00002205.,12,30,42
WBGene00002206.,4,4,8
WBGene00002207.,112,561,673
WBGene00002208.,3,11,14
WBGene00002210.,445,1864,2309
WBGene00002211.,14,64,78
WBGene00002212.,4,3,7
WBGene00002213.,91,663,754
WBGene00002214.,33,725,758
WBGene00002215.,359,3962,4321
WBGene00002216.,153,1786,1939
WBGene00002217.,237,2484,2721
WBGene00002218.,28,67,95
WBGene00002219.,61,796,857
WBGene00002220.,79,680,759
WBGene00002221.,8,93,101
WBGene00002222.,6,24,30
WBGene00002223.,991,2492,3483
WBGene00002224.,157,156,313
WBGene00002225.,0,266,266
WBGene00002226.,2,603,605
WBGene00002227.,2,3,5
WBGene00002228.,19,430,449
WBGene00002229.,42,945,987
WBGene00002230.,221,400,621
WBGene00002231.,28,573,601
WBGene00002232.,137,1818,1955
WBGene00002233.,59,281,340
WBGene00002234.,10,40,50
WBGene00002235.,138,98,236
WBGene00002238.,27,7965,7992
WBGene00002239.,79,558,637
WBGene00002240.,313,376,689
WBGene00002241.,621,1328,1949
WBGene00002242.,285,479,764
WBGene00002243.,157,413,570
WBGene00002244.,261,4533,4794
WBGene00002245.,171,776,947
WBGene00002246.,3,613,616
WBGene00002247.,253,6691,6944
WBGene00002248.,17,77,94
WBGene00002249.,26,1317,1343
WBGene00002250.,18,2209,2227
WBGene00002251.,206,1041,1247
WBGene00002252.,67,112,179
WBGene00002253.,1310,5013,6323
WBGene00002254.,7970,56802,64772
WBGene00002255.,1828,11455,13283
WBGene00002256.,50,2128,2178
WBGene00002257.,191,2297,2488
WBGene00002258.,337,6418,6755
WBGene00002259.,12,189,201
WBGene00002260.,5,81,86
WBGene00002261.,394,2438,2832
WBGene00002262.,1463,18116,19579
WBGene00002263.,279,3088,3367
WBGene00002264.,247,8851,9098
WBGene00002265.,690,8226,8916
WBGene00002266.,446,6194,6640
WBGene00002267.,284,6280,6564
WBGene00002268.,1161,9849,11010
WBGene00002269.,569,7182,7751
WBGene00002270.,1,139,140
WBGene00002271.,163,8031,8194
WBGene00002272.,381,6087,6468
WBGene00002273.,54,8984,9038
WBGene00002274.,21,417,438
WBGene00002275.,14,544,558
WBGene00002276.,24,418,442
WBGene00002278.,264,793,1057
WBGene00002280.,2509,44718,47227
WBGene00002282.,34,513,547
WBGene00002285.,0,2821,2821
WBGene00002295.,266,5659,5925
WBGene00002297.,58,377,435
WBGene00002299.,99,544,643
WBGene00002324.,10,490,500
WBGene00002335.,120,4251,4371
WBGene00002344.,297,17893,18190
WBGene00002348.,41,4301,4342
WBGene00002363.,50,5013,5063
WBGene00002368.,1,154,155
WBGene00002393.,19,532,551
WBGene00002497.,402,2029,2431
WBGene00002583.,340,2858,3198
WBGene00002601.,133,603,736
WBGene00002632.,69,846,915
WBGene00002637.,220,7506,7726
WBGene00002694.,29,1137,1166
WBGene00002696.,132,2236,2368
WBGene00002717.,806,5048,5854
WBGene00002783.,851,3364,4215
WBGene00002804.,19,2965,2984
WBGene00002827.,76,1045,1121
WBGene00002845.,128,2617,2745
WBGene00002850.,346,6558,6904
WBGene00002855.,111,4215,4326
WBGene00002879.,251,5179,5430
WBGene00002881.,378,3250,3628
WBGene00002889.,226,1862,2088
WBGene00002891.,55,2262,2317
WBGene00002915.,167,3661,3828
WBGene00002957.,157,2571,2728
WBGene00002974.,176,771,947
WBGene00002975.,22,171,193
WBGene00002976.,197,913,1110
WBGene00002977.,80,31,111
WBGene00002978.,1623,109020,110643
WBGene00002979.,212,792,1004
WBGene00002980.,152,21715,21867
WBGene00002981.,197,5104,5301
WBGene00002982.,60,472,532
WBGene00002983.,45,143,188
WBGene00002985.,78,916,994
WBGene00002986.,47,577,624
WBGene00002987.,64,241,305
WBGene00002988.,37,456,493
WBGene00002989.,346,1199,1545
WBGene00002990.,432,1003,1435
WBGene00002991.,340,1431,1771
WBGene00002992.,79,207,286
WBGene00002993.,0,0,0
WBGene00002994.,45,2041,2086
WBGene00002996.,74,450,524
WBGene00002997.,26,413,439
WBGene00002998.,66,786,852
WBGene00002999.,545,2547,3092
WBGene00003000.,93,610,703
WBGene00003001.,67,262,329
WBGene00003002.,357,3562,3919
WBGene00003003.,910,3783,4693
WBGene00003006.,247,371,618
WBGene00003007.,136,699,835
WBGene00003008.,25,74,99
WBGene00003009.,74,1053,1127
WBGene00003010.,355,2162,2517
WBGene00003011.,121,1222,1343
WBGene00003012.,24,1035,1059
WBGene00003014.,260,3701,3961
WBGene00003015.,63,71,134
WBGene00003017.,28,130,158
WBGene00003018.,18,311,329
WBGene00003019.,212,2327,2539
WBGene00003020.,202,979,1181
WBGene00003021.,137,1390,1527
WBGene00003022.,63,397,460
WBGene00003024.,197,1944,2141
WBGene00003025.,350,4481,4831
WBGene00003026.,94,2145,2239
WBGene00003029.,17,304,321
WBGene00003030.,197,1102,1299
WBGene00003031.,8,181,189
WBGene00003033.,6,111,117
WBGene00003034.,89,1085,1174
WBGene00003035.,56,518,574
WBGene00003036.,9,3807,3816
WBGene00003037.,25,546,571
WBGene00003038.,13,433,446
WBGene00003039.,0,4,4
WBGene00003040.,277,2538,2815
WBGene00003041.,146,982,1128
WBGene00003043.,74,1192,1266
WBGene00003044.,173,1216,1389
WBGene00003045.,145,867,1012
WBGene00003046.,27,150,177
WBGene00003047.,207,1878,2085
WBGene00003048.,1543,2500,4043
WBGene00003052.,140,8889,9029
WBGene00003053.,29,3531,3560
WBGene00003055.,64,1688,1752
WBGene00003056.,110,488,598
WBGene00003057.,21,216,237
WBGene00003058.,4,4,8
WBGene00003059.,104,888,992
WBGene00003060.,768,2735,3503
WBGene00003061.,429,9071,9500
WBGene00003062.,53,3726,3779
WBGene00003063.,112,7093,7205
WBGene00003064.,3,976,979
WBGene00003065.,184,5939,6123
WBGene00003066.,48,1626,1674
WBGene00003067.,3,66,69
WBGene00003068.,125,1218,1343
WBGene00003071.,189,3339,3528
WBGene00003072.,218,3791,4009
WBGene00003073.,171,6177,6348
WBGene00003074.,73,1170,1243
WBGene00003075.,28,106,134
WBGene00003076.,141,1624,1765
WBGene00003077.,149,1009,1158
WBGene00003078.,33,2290,2323
WBGene00003079.,0,3847,3847
WBGene00003080.,123,2133,2256
WBGene00003081.,352,2277,2629
WBGene00003082.,101,1258,1359
WBGene00003083.,17,326,343
WBGene00003084.,86,1131,1217
WBGene00003085.,292,6735,7027
WBGene00003086.,409,1022,1431
WBGene00003087.,54,1471,1525
WBGene00003088.,0,1,1
WBGene00003089.,87,1106,1193
WBGene00003090.,2,1402,1404
WBGene00003091.,2,658,660
WBGene00003092.,2,70,72
WBGene00003093.,14,295,309
WBGene00003094.,1,10,11
WBGene00003095.,1,14,15
WBGene00003096.,4,398,402
WBGene00003097.,4,1607,1611
WBGene00003098.,0,7,7
WBGene00003099.,0,14,14
WBGene00003100.,21,14,35
WBGene00003102.,150,612,762
WBGene00003104.,29,40,69
WBGene00003106.,37,190,227
WBGene00003107.,32,60,92
WBGene00003111.,107,1493,1600
WBGene00003112.,68,524,592
WBGene00003114.,104,127,231
WBGene00003119.,270,1244,1514
WBGene00003123.,41,6573,6614
WBGene00003124.,184,1254,1438
WBGene00003129.,125,1025,1150
WBGene00003130.,318,2546,2864
WBGene00003132.,46,1089,1135
WBGene00003133.,158,1058,1216
WBGene00003134.,68,529,597
WBGene00003136.,71,464,535
WBGene00003142.,120,864,984
WBGene00003143.,412,2177,2589
WBGene00003144.,348,1663,2011
WBGene00003148.,39,5463,5502
WBGene00003149.,210,1211,1421
WBGene00003150.,707,4628,5335
WBGene00003151.,42,338,380
WBGene00003153.,4016,13875,17891
WBGene00003154.,20,1139,1159
WBGene00003155.,20,1147,1167
WBGene00003156.,22,1547,1569
WBGene00003157.,30,1616,1646
WBGene00003158.,35,1375,1410
WBGene00003159.,18,1289,1307
WBGene00003160.,128,2101,2229
WBGene00003161.,55,930,985
WBGene00003162.,85,17870,17955
WBGene00003163.,63,3867,3930
WBGene00003164.,24,257,281
WBGene00003165.,65,460,525
WBGene00003166.,630,1376,2006
WBGene00003167.,39,311,350
WBGene00003168.,60,199,259
WBGene00003169.,469,4279,4748
WBGene00003170.,85,320,405
WBGene00003171.,335,5215,5550
WBGene00003172.,56,1766,1822
WBGene00003173.,91,436,527
WBGene00003174.,11,120,131
WBGene00003175.,275,6350,6625
WBGene00003176.,2,52,54
WBGene00003177.,52,519,571
WBGene00003178.,78,4995,5073
WBGene00003179.,73,515,588
WBGene00003180.,0,11,11
WBGene00003181.,0,64,64
WBGene00003182.,461,2445,2906
WBGene00003183.,7,602,609
WBGene00003184.,6,110,116
WBGene00003185.,2,1020,1022
WBGene00003186.,127,1555,1682
WBGene00003196.,272,1252,1524
WBGene00003209.,217,1098,1315
WBGene00003210.,131,1694,1825
WBGene00003214.,169,2277,2446
WBGene00003216.,0,72,72
WBGene00003218.,74,2714,2788
WBGene00003219.,0,21,21
WBGene00003220.,55,363,418
WBGene00003221.,203,946,1149
WBGene00003222.,71,723,794
WBGene00003224.,22,99,121
WBGene00003225.,648,9928,10576
WBGene00003228.,8,44,52
WBGene00003229.,118,1356,1474
WBGene00003230.,3,79,82
WBGene00003231.,1,30,31
WBGene00003232.,116,298,414
WBGene00003233.,125,596,721
WBGene00003234.,297,1872,2169
WBGene00003235.,409,2380,2789
WBGene00003236.,2,252,254
WBGene00003237.,134,741,875
WBGene00003238.,158,1214,1372
WBGene00003239.,44,1829,1873
WBGene00003241.,90,839,929
WBGene00003242.,874,20934,21808
WBGene00003243.,451,2546,2997
WBGene00003245.,19,396,415
WBGene00003246.,156,488,644
WBGene00003247.,351,3781,4132
WBGene00003248.,69,313,382
WBGene00003249.,189,2759,2948
WBGene00003252.,3,30,33
WBGene00003253.,24,1335,1359
WBGene00003254.,41,504,545
WBGene00003258.,656,355,1011
WBGene00003260.,0,14,14
WBGene00003261.,0,0,0
WBGene00003262.,0,5,5
WBGene00003263.,0,0,0
WBGene00003264.,0,1,1
WBGene00003265.,0,0,0
WBGene00003266.,0,0,0
WBGene00003267.,0,0,0
WBGene00003268.,0,0,0
WBGene00003269.,0,0,0
WBGene00003270.,0,0,0
WBGene00003271.,0,0,0
WBGene00003272.,0,3,3
WBGene00003273.,0,0,0
WBGene00003274.,0,2,2
WBGene00003275.,0,4,4
WBGene00003277.,0,0,0
WBGene00003278.,0,0,0
WBGene00003279.,0,14,14
WBGene00003280.,0,6,6
WBGene00003281.,0,25,25
WBGene00003282.,0,0,0
WBGene00003283.,0,0,0
WBGene00003284.,0,0,0
WBGene00003285.,0,0,0
WBGene00003286.,0,0,0
WBGene00003287.,0,1,1
WBGene00003288.,0,7,7
WBGene00003289.,0,1,1
WBGene00003290.,0,0,0
WBGene00003291.,0,15,15
WBGene00003292.,0,0,0
WBGene00003293.,0,0,0
WBGene00003294.,0,0,0
WBGene00003295.,0,0,0
WBGene00003296.,0,0,0
WBGene00003297.,0,0,0
WBGene00003298.,0,0,0
WBGene00003299.,0,0,0
WBGene00003300.,0,4,4
WBGene00003301.,0,0,0
WBGene00003302.,0,0,0
WBGene00003303.,0,2,2
WBGene00003304.,0,8,8
WBGene00003305.,0,0,0
WBGene00003306.,0,0,0
WBGene00003307.,0,6,6
WBGene00003308.,0,58,58
WBGene00003309.,0,0,0
WBGene00003310.,0,0,0
WBGene00003311.,0,5,5
WBGene00003312.,0,0,0
WBGene00003313.,0,0,0
WBGene00003314.,0,0,0
WBGene00003315.,0,0,0
WBGene00003316.,0,0,0
WBGene00003317.,0,0,0
WBGene00003318.,0,0,0
WBGene00003319.,0,0,0
WBGene00003321.,0,4,4
WBGene00003322.,0,0,0
WBGene00003323.,0,7,7
WBGene00003324.,0,16,16
WBGene00003325.,0,0,0
WBGene00003326.,0,0,0
WBGene00003327.,0,2,2
WBGene00003328.,0,3,3
WBGene00003329.,0,1,1
WBGene00003330.,0,1,1
WBGene00003331.,0,17,17
WBGene00003332.,0,4,4
WBGene00003333.,0,2,2
WBGene00003334.,0,0,0
WBGene00003335.,0,3,3
WBGene00003336.,0,4,4
WBGene00003337.,0,0,0
WBGene00003338.,0,21,21
WBGene00003339.,0,3,3
WBGene00003340.,0,2,2
WBGene00003341.,0,0,0
WBGene00003342.,0,1,1
WBGene00003343.,0,1,1
WBGene00003344.,0,0,0
WBGene00003345.,0,0,0
WBGene00003346.,0,0,0
WBGene00003347.,0,0,0
WBGene00003348.,0,0,0
WBGene00003349.,0,346,346
WBGene00003350.,0,1,1
WBGene00003351.,0,0,0
WBGene00003352.,0,0,0
WBGene00003353.,0,0,0
WBGene00003354.,0,0,0
WBGene00003355.,0,0,0
WBGene00003356.,0,0,0
WBGene00003357.,0,10,10
WBGene00003358.,0,0,0
WBGene00003359.,0,12,12
WBGene00003360.,0,0,0
WBGene00003361.,0,0,0
WBGene00003362.,0,0,0
WBGene00003363.,0,0,0
WBGene00003364.,0,1,1
WBGene00003365.,0,0,0
WBGene00003366.,0,0,0
WBGene00003367.,685,4926,5611
WBGene00003368.,34,733,767
WBGene00003369.,298,37011,37309
WBGene00003370.,21448,109879,131327
WBGene00003371.,8181,184582,192763
WBGene00003372.,371,3931,4302
WBGene00003373.,39,188,227
WBGene00003374.,217,694,911
WBGene00003375.,161,7065,7226
WBGene00003376.,46,211,257
WBGene00003377.,27,432,459
WBGene00003378.,278,1556,1834
WBGene00003380.,49,346,395
WBGene00003384.,16,218,234
WBGene00003385.,124,642,766
WBGene00003386.,121,796,917
WBGene00003387.,134,123,257
WBGene00003388.,22,133,155
WBGene00003389.,56,1860,1916
WBGene00003390.,15,1137,1152
WBGene00003391.,579,3066,3645
WBGene00003392.,106,1329,1435
WBGene00003393.,165,2520,2685
WBGene00003394.,11,78,89
WBGene00003395.,4,70,74
WBGene00003396.,93,526,619
WBGene00003397.,41,480,521
WBGene00003400.,280,776,1056
WBGene00003401.,299,2408,2707
WBGene00003402.,49,234,283
WBGene00003403.,35,197,232
WBGene00003404.,1685,5848,7533
WBGene00003405.,36,618,654
WBGene00003406.,42,1986,2028
WBGene00003407.,681,3225,3906
WBGene00003408.,277,1184,1461
WBGene00003409.,19,173,192
WBGene00003410.,1,71,72
WBGene00003411.,75,601,676
WBGene00003412.,120,660,780
WBGene00003413.,509,245,754
WBGene00003414.,132,110,242
WBGene00003415.,179,7006,7185
WBGene00003417.,75,394,469
WBGene00003418.,37,422,459
WBGene00003420.,12,8,20
WBGene00003421.,58,239,297
WBGene00003422.,103,888,991
WBGene00003423.,893,1397,2290
WBGene00003424.,0,0,0
WBGene00003425.,0,0,0
WBGene00003426.,0,0,0
WBGene00003429.,0,0,0
WBGene00003430.,0,1,1
WBGene00003431.,0,0,0
WBGene00003432.,0,0,0
WBGene00003433.,0,0,0
WBGene00003434.,0,0,0
WBGene00003435.,0,2,2
WBGene00003437.,0,0,0
WBGene00003438.,0,0,0
WBGene00003442.,0,17,17
WBGene00003443.,0,45,45
WBGene00003444.,0,1,1
WBGene00003445.,0,47,47
WBGene00003446.,0,0,0
WBGene00003448.,0,2,2
WBGene00003449.,0,0,0
WBGene00003450.,0,1,1
WBGene00003451.,0,0,0
WBGene00003452.,0,5,5
WBGene00003456.,0,2,2
WBGene00003457.,0,4,4
WBGene00003458.,0,0,0
WBGene00003460.,0,6,6
WBGene00003462.,0,5,5
WBGene00003463.,0,9,9
WBGene00003464.,0,0,0
WBGene00003465.,0,0,0
WBGene00003466.,0,0,0
WBGene00003467.,0,0,0
WBGene00003468.,0,0,0
WBGene00003469.,0,0,0
WBGene00003470.,0,0,0
WBGene00003471.,48,581,629
WBGene00003472.,274,1480,1754
WBGene00003473.,7,487,494
WBGene00003474.,20,298,318
WBGene00003475.,156,613,769
WBGene00003476.,894,2832,3726
WBGene00003477.,31,507,538
WBGene00003478.,368,849,1217
WBGene00003479.,135,756,891
WBGene00003480.,28,276,304
WBGene00003482.,302,2537,2839
WBGene00003485.,312,2927,3239
WBGene00003495.,802,62639,63441
WBGene00003497.,97,1903,2000
WBGene00003499.,4,63,67
WBGene00003504.,6,375,381
WBGene00003507.,1,111,112
WBGene00003508.,77,742,819
WBGene00003509.,42,422,464
WBGene00003510.,116,870,986
WBGene00003511.,52,3865,3917
WBGene00003514.,157,7300,7457
WBGene00003515.,162,10690,10852
WBGene00003516.,114,1576,1690
WBGene00003517.,34,398,432
WBGene00003518.,21,33,54
WBGene00003519.,257,3495,3752
WBGene00003520.,15,35,50
WBGene00003521.,0,0,0
WBGene00003522.,48,579,627
WBGene00003523.,61,64,125
WBGene00003524.,10,144,154
WBGene00003525.,40,165,205
WBGene00003526.,11,84,95
WBGene00003527.,34,328,362
WBGene00003528.,8,126,134
WBGene00003529.,3,14,17
WBGene00003530.,43,408,451
WBGene00003531.,16,66,82
WBGene00003532.,18,106,124
WBGene00003533.,8,62,70
WBGene00003534.,4,31,35
WBGene00003535.,3,3,6
WBGene00003536.,1,0,1
WBGene00003537.,1,2,3
WBGene00003538.,0,2,2
WBGene00003539.,2,7,9
WBGene00003540.,3,7,10
WBGene00003541.,13,3,16
WBGene00003542.,3,19,22
WBGene00003543.,3,6,9
WBGene00003544.,56,218,274
WBGene00003545.,13,3,16
WBGene00003546.,11,82,93
WBGene00003547.,5,29,34
WBGene00003548.,56,117,173
WBGene00003549.,53,751,804
WBGene00003550.,481,1359,1840
WBGene00003551.,7,18,25
WBGene00003552.,315,533,848
WBGene00003553.,98,352,450
WBGene00003554.,19,19,38
WBGene00003555.,91,333,424
WBGene00003556.,22,0,22
WBGene00003558.,242,476,718
WBGene00003559.,1062,4594,5656
WBGene00003561.,237,421,658
WBGene00003562.,11,104,115
WBGene00003563.,36,256,292
WBGene00003564.,63,5559,5622
WBGene00003565.,204,1579,1783
WBGene00003566.,301,2157,2458
WBGene00003567.,509,7743,8252
WBGene00003568.,143,1529,1672
WBGene00003569.,100,1258,1358
WBGene00003570.,7,25,32
WBGene00003571.,18,23,41
WBGene00003572.,12,91,103
WBGene00003573.,7,40,47
WBGene00003574.,4,9,13
WBGene00003575.,10,82,92
WBGene00003576.,125,930,1055
WBGene00003577.,55,148,203
WBGene00003578.,319,2021,2340
WBGene00003579.,5,279,284
WBGene00003580.,23,291,314
WBGene00003581.,63,854,917
WBGene00003582.,251,867,1118
WBGene00003583.,30,411,441
WBGene00003584.,77,551,628
WBGene00003585.,222,52,274
WBGene00003586.,23,322,345
WBGene00003587.,152,4549,4701
WBGene00003588.,5,4942,4947
WBGene00003589.,109,1119,1228
WBGene00003590.,105,511,616
WBGene00003591.,131,1020,1151
WBGene00003592.,176,1577,1753
WBGene00003593.,161,864,1025
WBGene00003594.,125,574,699
WBGene00003595.,0,3,3
WBGene00003596.,415,5667,6082
WBGene00003597.,259,1384,1643
WBGene00003598.,67,2295,2362
WBGene00003599.,168,776,944
WBGene00003600.,1468,3719,5187
WBGene00003601.,15,77,92
WBGene00003602.,42,960,1002
WBGene00003603.,86,876,962
WBGene00003604.,40,194,234
WBGene00003605.,182,1371,1553
WBGene00003606.,246,900,1146
WBGene00003607.,30,158,188
WBGene00003608.,1,31,32
WBGene00003609.,149,1124,1273
WBGene00003610.,53,281,334
WBGene00003611.,61,450,511
WBGene00003612.,50,126,176
WBGene00003613.,20,363,383
WBGene00003614.,501,431,932
WBGene00003615.,5,27,32
WBGene00003616.,222,518,740
WBGene00003617.,10,128,138
WBGene00003618.,422,2230,2652
WBGene00003619.,163,1275,1438
WBGene00003620.,302,1014,1316
WBGene00003621.,59,246,305
WBGene00003622.,155,440,595
WBGene00003623.,45,484,529
WBGene00003624.,40,611,651
WBGene00003625.,121,1616,1737
WBGene00003626.,175,672,847
WBGene00003627.,564,1320,1884
WBGene00003628.,157,605,762
WBGene00003629.,1,3,4
WBGene00003630.,1039,2425,3464
WBGene00003632.,91,723,814
WBGene00003633.,22,281,303
WBGene00003634.,75,358,433
WBGene00003635.,47,609,656
WBGene00003636.,389,1274,1663
WBGene00003637.,175,1210,1385
WBGene00003638.,98,883,981
WBGene00003639.,163,2155,2318
WBGene00003640.,53,633,686
WBGene00003641.,4,39,43
WBGene00003642.,8,41,49
WBGene00003643.,4,14,18
WBGene00003644.,13,102,115
WBGene00003645.,43,242,285
WBGene00003646.,45,474,519
WBGene00003647.,56,190,246
WBGene00003648.,5,263,268
WBGene00003649.,26,205,231
WBGene00003650.,20,46,66
WBGene00003651.,92,529,621
WBGene00003652.,62,294,356
WBGene00003653.,43,396,439
WBGene00003654.,127,281,408
WBGene00003655.,48,269,317
WBGene00003656.,91,1093,1184
WBGene00003657.,43,349,392
WBGene00003658.,190,2138,2328
WBGene00003659.,32,291,323
WBGene00003660.,55,593,648
WBGene00003661.,119,967,1086
WBGene00003662.,1,13,14
WBGene00003663.,1,107,108
WBGene00003664.,147,21,168
WBGene00003665.,1,4,5
WBGene00003667.,1,5,6
WBGene00003668.,225,431,656
WBGene00003669.,23,63,86
WBGene00003670.,16,155,171
WBGene00003671.,2,0,2
WBGene00003672.,3,8,11
WBGene00003673.,9,47,56
WBGene00003674.,35,739,774
WBGene00003675.,174,478,652
WBGene00003676.,169,511,680
WBGene00003677.,132,599,731
WBGene00003678.,329,1884,2213
WBGene00003679.,1,1,2
WBGene00003680.,20,135,155
WBGene00003681.,148,936,1084
WBGene00003682.,11,10,21
WBGene00003683.,11,48,59
WBGene00003684.,14,132,146
WBGene00003685.,112,648,760
WBGene00003686.,5,87,92
WBGene00003687.,127,4807,4934
WBGene00003688.,85,458,543
WBGene00003689.,13,60,73
WBGene00003690.,158,1346,1504
WBGene00003691.,388,1216,1604
WBGene00003692.,24,169,193
WBGene00003693.,5,119,124
WBGene00003694.,56,350,406
WBGene00003695.,466,2362,2828
WBGene00003696.,8,32,40
WBGene00003697.,47,274,321
WBGene00003698.,3,15,18
WBGene00003699.,4,107,111
WBGene00003700.,5,80,85
WBGene00003701.,1,3,4
WBGene00003702.,38,415,453
WBGene00003703.,17,49,66
WBGene00003704.,297,1482,1779
WBGene00003705.,11,53,64
WBGene00003706.,14,83,97
WBGene00003707.,62,441,503
WBGene00003708.,2,2,4
WBGene00003709.,44,210,254
WBGene00003710.,70,320,390
WBGene00003711.,5,36,41
WBGene00003712.,37,205,242
WBGene00003713.,21,122,143
WBGene00003714.,29,47,76
WBGene00003715.,197,273,470
WBGene00003716.,9,75,84
WBGene00003717.,12,82,94
WBGene00003718.,8,100,108
WBGene00003719.,17,180,197
WBGene00003720.,34,113,147
WBGene00003721.,18,218,236
WBGene00003722.,37,245,282
WBGene00003723.,9,362,371
WBGene00003724.,10,278,288
WBGene00003725.,67,279,346
WBGene00003726.,65,707,772
WBGene00003727.,156,210,366
WBGene00003728.,355,1664,2019
WBGene00003729.,22,92,114
WBGene00003730.,5,152,157
WBGene00003731.,23,65,88
WBGene00003732.,46,339,385
WBGene00003733.,31,305,336
WBGene00003734.,0,2,2
WBGene00003735.,214,368,582
WBGene00003736.,38,95,133
WBGene00003738.,55,968,1023
WBGene00003739.,99,1238,1337
WBGene00003740.,8,567,575
WBGene00003741.,13,3097,3110
WBGene00003742.,0,45,45
WBGene00003743.,212,894,1106
WBGene00003744.,266,3082,3348
WBGene00003745.,141,2431,2572
WBGene00003746.,31,2351,2382
WBGene00003747.,48,1929,1977
WBGene00003748.,259,4893,5152
WBGene00003749.,313,5737,6050
WBGene00003750.,516,3871,4387
WBGene00003751.,40,4286,4326
WBGene00003752.,36,2466,2502
WBGene00003753.,1021,5714,6735
WBGene00003754.,79,1230,1309
WBGene00003755.,99,4454,4553
WBGene00003756.,753,17106,17859
WBGene00003757.,34,922,956
WBGene00003758.,162,2029,2191
WBGene00003759.,1004,5799,6803
WBGene00003760.,7,2,9
WBGene00003761.,3,120,123
WBGene00003762.,336,3426,3762
WBGene00003763.,20,80,100
WBGene00003764.,56,670,726
WBGene00003765.,90,900,990
WBGene00003766.,22,247,269
WBGene00003767.,88,1691,1779
WBGene00003768.,32,286,318
WBGene00003769.,79,1099,1178
WBGene00003770.,0,16,16
WBGene00003771.,1199,6039,7238
WBGene00003772.,58,568,626
WBGene00003773.,152,833,985
WBGene00003774.,14,92,106
WBGene00003775.,75,183,258
WBGene00003776.,361,4491,4852
WBGene00003777.,219,4369,4588
WBGene00003778.,34,89,123
WBGene00003779.,9,282,291
WBGene00003783.,4,71,75
WBGene00003784.,1,7,8
WBGene00003785.,74,1285,1359
WBGene00003786.,278,2386,2664
WBGene00003787.,21,928,949
WBGene00003788.,204,1446,1650
WBGene00003789.,133,1235,1368
WBGene00003790.,32,805,837
WBGene00003791.,14,959,973
WBGene00003792.,139,1533,1672
WBGene00003793.,52,1750,1802
WBGene00003794.,451,1492,1943
WBGene00003795.,30,2534,2564
WBGene00003796.,75,2289,2364
WBGene00003797.,83,1284,1367
WBGene00003798.,60,1906,1966
WBGene00003799.,466,1880,2346
WBGene00003800.,30,1665,1695
WBGene00003801.,23,924,947
WBGene00003802.,16,2212,2228
WBGene00003803.,55,1449,1504
WBGene00003804.,72,1175,1247
WBGene00003805.,24,895,919
WBGene00003806.,221,2074,2295
WBGene00003807.,62,277,339
WBGene00003808.,196,825,1021
WBGene00003812.,61,1400,1461
WBGene00003813.,46,242,288
WBGene00003815.,287,3948,4235
WBGene00003816.,5,413,418
WBGene00003818.,191,2946,3137
WBGene00003821.,387,5675,6062
WBGene00003822.,66,1551,1617
WBGene00003825.,150,4799,4949
WBGene00003826.,786,1882,2668
WBGene00003827.,261,1795,2056
WBGene00003828.,43,360,403
WBGene00003829.,17,1871,1888
WBGene00003830.,105,894,999
WBGene00003831.,1631,11454,13085
WBGene00003834.,83,1593,1676
WBGene00003835.,10,183,193
WBGene00003836.,420,2566,2986
WBGene00003837.,354,1073,1427
WBGene00003838.,28,148,176
WBGene00003839.,19,174,193
WBGene00003840.,37,92,129
WBGene00003841.,7,59,66
WBGene00003842.,55,188,243
WBGene00003843.,37,545,582
WBGene00003844.,6,965,971
WBGene00003845.,1,5,6
WBGene00003846.,1,409,410
WBGene00003847.,115,994,1109
WBGene00003848.,29,89,118
WBGene00003849.,334,1247,1581
WBGene00003850.,38,499,537
WBGene00003851.,109,1351,1460
WBGene00003854.,11,30,41
WBGene00003856.,72,261,333
WBGene00003858.,563,3630,4193
WBGene00003859.,91,959,1050
WBGene00003860.,278,2343,2621
WBGene00003861.,49,824,873
WBGene00003862.,14,159,173
WBGene00003863.,1,4,5
WBGene00003864.,2,28,30
WBGene00003865.,0,35,35
WBGene00003868.,74,824,898
WBGene00003870.,17,712,729
WBGene00003876.,25,173,198
WBGene00003877.,29,418,447
WBGene00003878.,24,302,326
WBGene00003879.,11,281,292
WBGene00003882.,43,419,462
WBGene00003883.,87,386,473
WBGene00003884.,44,233,277
WBGene00003885.,149,526,675
WBGene00003886.,62,292,354
WBGene00003887.,50,337,387
WBGene00003888.,2,11,13
WBGene00003889.,17,36,53
WBGene00003890.,21,174,195
WBGene00003891.,9,2072,2081
WBGene00003892.,94,244,338
WBGene00003893.,11421,115416,126837
WBGene00003898.,136,611,747
WBGene00003901.,92,5414,5506
WBGene00003902.,1197,73116,74313
WBGene00003903.,103,7923,8026
WBGene00003904.,40,3697,3737
WBGene00003905.,481,1262,1743
WBGene00003906.,5,9,14
WBGene00003907.,224,903,1127
WBGene00003909.,44,474,518
WBGene00003911.,82,1212,1294
WBGene00003912.,10,143,153
WBGene00003914.,239,2168,2407
WBGene00003915.,591,6095,6686
WBGene00003916.,1524,3823,5347
WBGene00003917.,143,193,336
WBGene00003918.,121,1041,1162
WBGene00003919.,128,232,360
WBGene00003920.,289,31296,31585
WBGene00003921.,76,498,574
WBGene00003922.,24,2087,2111
WBGene00003923.,30,5256,5286
WBGene00003924.,10,6201,6211
WBGene00003925.,319,4760,5079
WBGene00003926.,309,7373,7682
WBGene00003927.,39,4821,4860
WBGene00003928.,37,3348,3385
WBGene00003929.,264,5879,6143
WBGene00003930.,184,4742,4926
WBGene00003931.,147,3562,3709
WBGene00003932.,380,3866,4246
WBGene00003933.,66,1417,1483
WBGene00003934.,15645,253257,268902
WBGene00003936.,368,2657,3025
WBGene00003937.,3,12,15
WBGene00003938.,21,17,38
WBGene00003939.,48,284,332
WBGene00003941.,193,1006,1199
WBGene00003943.,31,125,156
WBGene00003947.,37,4184,4221
WBGene00003948.,4,4342,4346
WBGene00003949.,39,3922,3961
WBGene00003950.,277,5417,5694
WBGene00003951.,141,2768,2909
WBGene00003952.,364,3532,3896
WBGene00003953.,36,5371,5407
WBGene00003954.,266,1148,1414
WBGene00003955.,6,3599,3605
WBGene00003956.,14,476,490
WBGene00003957.,1,129,130
WBGene00003958.,2,510,512
WBGene00003959.,20,264,284
WBGene00003960.,119,1028,1147
WBGene00003961.,418,2665,3083
WBGene00003962.,319,8377,8696
WBGene00003963.,138,25438,25576
WBGene00003964.,909,20929,21838
WBGene00003965.,47,381,428
WBGene00003966.,728,2756,3484
WBGene00003967.,88,858,946
WBGene00003968.,56,355,411
WBGene00003969.,207,664,871
WBGene00003970.,62,686,748
WBGene00003975.,102,695,797
WBGene00003976.,8,96,104
WBGene00003977.,0,0,0
WBGene00003978.,457,1086,1543
WBGene00003979.,3,213,216
WBGene00003980.,113,707,820
WBGene00003981.,3,4,7
WBGene00003982.,16,1671,1687
WBGene00003983.,0,457,457
WBGene00003986.,76,926,1002
WBGene00003987.,6,3,9
WBGene00003989.,31,5272,5303
WBGene00003990.,56,2277,2333
WBGene00003991.,470,4494,4964
WBGene00003992.,15,973,988
WBGene00003993.,50,272,322
WBGene00003994.,8,175,183
WBGene00003995.,81,494,575
WBGene00003996.,157,522,679
WBGene00003997.,10,95,105
WBGene00003998.,44,157,201
WBGene00003999.,12,19,31
WBGene00004000.,12,85,97
WBGene00004001.,3,3,6
WBGene00004002.,13,22,35
WBGene00004003.,65,233,298
WBGene00004004.,101,620,721
WBGene00004005.,57,54,111
WBGene00004006.,15,75,90
WBGene00004007.,1,9,10
WBGene00004008.,0,130,130
WBGene00004009.,0,3,3
WBGene00004010.,94,532,626
WBGene00004011.,13,48,61
WBGene00004013.,198,924,1122
WBGene00004014.,82,18475,18557
WBGene00004015.,79,16417,16496
WBGene00004016.,123,488,611
WBGene00004017.,19,470,489
WBGene00004020.,30,241,271
WBGene00004023.,204,1154,1358
WBGene00004024.,23,227,250
WBGene00004025.,136,1221,1357
WBGene00004026.,29,8,37
WBGene00004027.,5,60,65
WBGene00004028.,115,178,293
WBGene00004029.,147,298,445
WBGene00004030.,50,181,231
WBGene00004031.,59,751,810
WBGene00004032.,687,4148,4835
WBGene00004033.,545,2080,2625
WBGene00004034.,171,655,826
WBGene00004035.,77,495,572
WBGene00004036.,535,2014,2549
WBGene00004037.,34,224,258
WBGene00004038.,32,331,363
WBGene00004039.,146,2131,2277
WBGene00004040.,213,2139,2352
WBGene00004041.,0,372,372
WBGene00004042.,17,1027,1044
WBGene00004043.,12,152,164
WBGene00004044.,8,165,173
WBGene00004045.,400,1023,1423
WBGene00004046.,192,9886,10078
WBGene00004047.,445,917,1362
WBGene00004048.,46,564,610
WBGene00004049.,238,436,674
WBGene00004050.,12,659,671
WBGene00004051.,161,991,1152
WBGene00004052.,5,16,21
WBGene00004053.,178,3310,3488
WBGene00004054.,27,2,29
WBGene00004055.,112,989,1101
WBGene00004056.,98,885,983
WBGene00004057.,70,615,685
WBGene00004058.,17,167,184
WBGene00004059.,76,349,425
WBGene00004060.,217,1034,1251
WBGene00004061.,4,87,91
WBGene00004062.,28,360,388
WBGene00004063.,150,1090,1240
WBGene00004064.,136,805,941
WBGene00004068.,81,764,845
WBGene00004075.,57,944,1001
WBGene00004076.,298,2593,2891
WBGene00004077.,265,1763,2028
WBGene00004078.,0,18,18
WBGene00004083.,29,976,1005
WBGene00004084.,0,6,6
WBGene00004085.,77,1598,1675
WBGene00004086.,38,233,271
WBGene00004087.,300,2241,2541
WBGene00004088.,282,2196,2478
WBGene00004089.,31,428,459
WBGene00004090.,214,950,1164
WBGene00004091.,126,1706,1832
WBGene00004092.,34,483,517
WBGene00004093.,18,449,467
WBGene00004094.,28,813,841
WBGene00004095.,271,3593,3864
WBGene00004096.,33,591,624
WBGene00004098.,0,0,0
WBGene00004099.,0,73,73
WBGene00004100.,89,507,596
WBGene00004101.,148,1274,1422
WBGene00004102.,11,31,42
WBGene00004103.,7,4,11
WBGene00004104.,16,131,147
WBGene00004105.,91,849,940
WBGene00004106.,75,1575,1650
WBGene00004107.,0,2,2
WBGene00004108.,304,1287,1591
WBGene00004109.,154,1044,1198
WBGene00004110.,223,1452,1675
WBGene00004111.,138,1208,1346
WBGene00004112.,409,7243,7652
WBGene00004113.,381,6779,7160
WBGene00004114.,15,516,531
WBGene00004115.,35,154,189
WBGene00004116.,297,1320,1617
WBGene00004117.,299,2200,2499
WBGene00004118.,163,2258,2421
WBGene00004119.,151,903,1054
WBGene00004120.,0,55,55
WBGene00004121.,199,1190,1389
WBGene00004122.,174,1996,2170
WBGene00004123.,50,392,442
WBGene00004124.,39,363,402
WBGene00004125.,102,586,688
WBGene00004126.,178,1311,1489
WBGene00004127.,10,36,46
WBGene00004128.,1407,4636,6043
WBGene00004129.,29,527,556
WBGene00004130.,764,13326,14090
WBGene00004131.,4134,13702,17836
WBGene00004132.,238,2399,2637
WBGene00004133.,20,112,132
WBGene00004134.,791,5586,6377
WBGene00004135.,1016,8593,9609
WBGene00004136.,505,3585,4090
WBGene00004138.,294,2362,2656
WBGene00004139.,1,134,135
WBGene00004140.,54,1466,1520
WBGene00004141.,0,3,3
WBGene00004143.,234,10133,10367
WBGene00004144.,27,962,989
WBGene00004145.,235,1938,2173
WBGene00004146.,5,145,150
WBGene00004147.,375,2329,2704
WBGene00004148.,212,1801,2013
WBGene00004149.,9,8,17
WBGene00004150.,66,724,790
WBGene00004151.,206,1035,1241
WBGene00004152.,211,3488,3699
WBGene00004153.,2,27,29
WBGene00004154.,40,29,69
WBGene00004155.,2,26,28
WBGene00004156.,33,573,606
WBGene00004157.,52,2406,2458
WBGene00004158.,0,5,5
WBGene00004159.,0,0,0
WBGene00004160.,0,0,0
WBGene00004161.,443,1772,2215
WBGene00004163.,13,9,22
WBGene00004164.,248,1753,2001
WBGene00004165.,29,27,56
WBGene00004166.,380,2143,2523
WBGene00004167.,1143,6493,7636
WBGene00004168.,17,755,772
WBGene00004169.,99,515,614
WBGene00004170.,0,0,0
WBGene00004171.,0,1,1
WBGene00004172.,40,363,403
WBGene00004173.,184,2431,2615
WBGene00004174.,9,1896,1905
WBGene00004175.,9,234,243
WBGene00004176.,0,16,16
WBGene00004177.,1,6,7
WBGene00004178.,46,1392,1438
WBGene00004179.,20,528,548
WBGene00004180.,64,511,575
WBGene00004181.,109,589,698
WBGene00004182.,453,1643,2096
WBGene00004183.,66,97,163
WBGene00004184.,102,2378,2480
WBGene00004185.,69,3712,3781
WBGene00004186.,549,2062,2611
WBGene00004187.,241,7267,7508
WBGene00004188.,112,1396,1508
WBGene00004189.,131,6650,6781
WBGene00004190.,35,261,296
WBGene00004191.,83,83,166
WBGene00004192.,612,644,1256
WBGene00004193.,34,92,126
WBGene00004194.,23,148,171
WBGene00004195.,22,93,115
WBGene00004196.,0,0,0
WBGene00004197.,17,143,160
WBGene00004198.,37,203,240
WBGene00004199.,4,232,236
WBGene00004201.,23,3607,3630
WBGene00004202.,246,1329,1575
WBGene00004203.,259,2134,2393
WBGene00004204.,534,7552,8086
WBGene00004205.,31,437,468
WBGene00004206.,138,464,602
WBGene00004207.,374,1839,2213
WBGene00004208.,285,5069,5354
WBGene00004209.,2,0,2
WBGene00004210.,82,673,755
WBGene00004211.,16,44,60
WBGene00004212.,90,2124,2214
WBGene00004213.,491,1440,1931
WBGene00004214.,66,1172,1238
WBGene00004215.,1243,2588,3831
WBGene00004216.,25,159,184
WBGene00004217.,24,103,127
WBGene00004218.,16,57,73
WBGene00004219.,60,568,628
WBGene00004220.,149,913,1062
WBGene00004221.,16,193,209
WBGene00004222.,37,574,611
WBGene00004223.,6,47,53
WBGene00004224.,74,286,360
WBGene00004225.,43,125,168
WBGene00004226.,101,1051,1152
WBGene00004227.,45,174,219
WBGene00004228.,52,519,571
WBGene00004229.,8,124,132
WBGene00004230.,145,65,210
WBGene00004231.,50,46,96
WBGene00004232.,68,119,187
WBGene00004233.,12,9,21
WBGene00004234.,6,49,55
WBGene00004235.,44,362,406
WBGene00004236.,39,8,47
WBGene00004237.,47,414,461
WBGene00004238.,180,684,864
WBGene00004239.,1,43,44
WBGene00004240.,35,5,40
WBGene00004241.,0,19,19
WBGene00004242.,3,21,24
WBGene00004243.,5,55,60
WBGene00004244.,25,300,325
WBGene00004245.,224,2818,3042
WBGene00004246.,2,2,4
WBGene00004248.,17,1373,1390
WBGene00004249.,288,2342,2630
WBGene00004254.,198,1161,1359
WBGene00004255.,38,172,210
WBGene00004256.,140,837,977
WBGene00004257.,72,354,426
WBGene00004258.,359,8294,8653
WBGene00004259.,23,963,986
WBGene00004264.,11,448,459
WBGene00004265.,375,891,1266
WBGene00004266.,113,7761,7874
WBGene00004267.,224,4988,5212
WBGene00004268.,107,3519,3626
WBGene00004269.,61,906,967
WBGene00004270.,56,2405,2461
WBGene00004271.,127,1016,1143
WBGene00004272.,29,2103,2132
WBGene00004273.,75,3155,3230
WBGene00004274.,110,9836,9946
WBGene00004275.,26,48,74
WBGene00004276.,119,1682,1801
WBGene00004277.,107,1090,1197
WBGene00004278.,268,3381,3649
WBGene00004279.,17,234,251
WBGene00004281.,47,356,403
WBGene00004282.,102,587,689
WBGene00004283.,41,246,287
WBGene00004284.,63,877,940
WBGene00004285.,109,588,697
WBGene00004286.,35,1105,1140
WBGene00004287.,3,4,7
WBGene00004296.,143,1748,1891
WBGene00004297.,49,438,487
WBGene00004298.,65,116,181
WBGene00004300.,2,3374,3376
WBGene00004301.,24,81,105
WBGene00004302.,768,23226,23994
WBGene00004303.,80,1325,1405
WBGene00004304.,206,2130,2336
WBGene00004305.,75,4494,4569
WBGene00004306.,142,1439,1581
WBGene00004307.,97,2397,2494
WBGene00004308.,59,1229,1288
WBGene00004309.,6,24,30
WBGene00004310.,249,2230,2479
WBGene00004311.,289,1262,1551
WBGene00004312.,155,774,929
WBGene00004313.,164,2229,2393
WBGene00004314.,569,1163,1732
WBGene00004315.,92,3731,3823
WBGene00004316.,1308,1902,3210
WBGene00004317.,67,573,640
WBGene00004318.,200,1262,1462
WBGene00004319.,125,2573,2698
WBGene00004320.,204,3339,3543
WBGene00004321.,23,2316,2339
WBGene00004322.,103,936,1039
WBGene00004323.,217,1418,1635
WBGene00004324.,57,400,457
WBGene00004326.,52,2165,2217
WBGene00004328.,17,106,123
WBGene00004332.,6,113,119
WBGene00004333.,35,220,255
WBGene00004334.,2,93,95
WBGene00004335.,60,611,671
WBGene00004336.,821,11280,12101
WBGene00004337.,221,1801,2022
WBGene00004338.,106,569,675
WBGene00004339.,38,421,459
WBGene00004340.,149,1107,1256
WBGene00004341.,100,695,795
WBGene00004342.,23,35,58
WBGene00004343.,171,1443,1614
WBGene00004344.,48,832,880
WBGene00004345.,508,1118,1626
WBGene00004346.,79,516,595
WBGene00004347.,1752,865,2617
WBGene00004348.,42,581,623
WBGene00004349.,483,1449,1932
WBGene00004350.,181,898,1079
WBGene00004351.,0,0,0
WBGene00004352.,0,6,6
WBGene00004353.,1,16,17
WBGene00004354.,1,13,14
WBGene00004355.,58,1331,1389
WBGene00004356.,12,1096,1108
WBGene00004357.,1070,8825,9895
WBGene00004358.,184,1761,1945
WBGene00004359.,23,100,123
WBGene00004360.,85,375,460
WBGene00004361.,26,219,245
WBGene00004363.,81,2560,2641
WBGene00004364.,528,7662,8190
WBGene00004367.,222,1059,1281
WBGene00004368.,173,693,866
WBGene00004369.,67,890,957
WBGene00004370.,49,1012,1061
WBGene00004371.,99,1425,1524
WBGene00004372.,81,246,327
WBGene00004373.,262,2519,2781
WBGene00004374.,9,60,69
WBGene00004375.,115,656,771
WBGene00004377.,54,475,529
WBGene00004378.,181,1631,1812
WBGene00004380.,18,171,189
WBGene00004381.,72,761,833
WBGene00004382.,318,1928,2246
WBGene00004383.,30,561,591
WBGene00004384.,434,901,1335
WBGene00004385.,123,1914,2037
WBGene00004386.,98,1556,1654
WBGene00004387.,156,6188,6344
WBGene00004388.,140,2294,2434
WBGene00004389.,193,2180,2373
WBGene00004390.,543,4090,4633
WBGene00004391.,69,2768,2837
WBGene00004392.,58,2725,2783
WBGene00004393.,267,438,705
WBGene00004394.,1,0,1
WBGene00004395.,32,437,469
WBGene00004397.,16,211,227
WBGene00004398.,66,1011,1077
WBGene00004400.,5,204,209
WBGene00004401.,74,340,414
WBGene00004402.,10,3,13
WBGene00004403.,277,698,975
WBGene00004404.,92,451,543
WBGene00004405.,22,1594,1616
WBGene00004408.,193,236740,236933
WBGene00004409.,9626,95503,105129
WBGene00004410.,26911,115132,142043
WBGene00004411.,136,1838,1974
WBGene00004412.,25482,181463,206945
WBGene00004413.,378,135000,135378
WBGene00004414.,8348,197896,206244
WBGene00004415.,218,101060,101278
WBGene00004416.,14192,200616,214808
WBGene00004417.,13995,174630,188625
WBGene00004418.,29122,203638,232760
WBGene00004419.,28272,228272,256544
WBGene00004420.,20470,166866,187336
WBGene00004421.,9910,218968,228878
WBGene00004422.,738,10830,11568
WBGene00004423.,21776,194092,215868
WBGene00004424.,37779,276554,314333
WBGene00004425.,12788,198996,211784
WBGene00004426.,16306,164626,180932
WBGene00004427.,1778,188332,190110
WBGene00004428.,16064,189857,205921
WBGene00004429.,43158,173907,217065
WBGene00004430.,24122,185967,210089
WBGene00004431.,15377,210613,225990
WBGene00004432.,1293,167248,168541
WBGene00004433.,9771,188953,198724
WBGene00004434.,12900,153464,166364
WBGene00004435.,11823,168869,180692
WBGene00004436.,23207,205529,228736
WBGene00004437.,844,10833,11677
WBGene00004438.,4239,30468,34707
WBGene00004439.,9427,65479,74906
WBGene00004440.,4993,150493,155486
WBGene00004441.,26226,91442,117668
WBGene00004442.,13608,112776,126384
WBGene00004443.,68655,46461,115116
WBGene00004444.,12764,106896,119660
WBGene00004445.,8767,148939,157706
WBGene00004446.,34934,230131,265065
WBGene00004447.,26101,158821,184922
WBGene00004448.,8755,135706,144461
WBGene00004449.,18446,181407,199853
WBGene00004450.,9065,186852,195917
WBGene00004451.,0,66,66
WBGene00004452.,9534,174216,183750
WBGene00004453.,4097,125606,129703
WBGene00004454.,17024,147059,164083
WBGene00004455.,4,38,42
WBGene00004456.,0,152030,152030
WBGene00004457.,17,860,877
WBGene00004458.,99,2862,2961
WBGene00004459.,20,2555,2575
WBGene00004460.,36,4470,4506
WBGene00004461.,51,3208,3259
WBGene00004462.,125,2545,2670
WBGene00004463.,104,3806,3910
WBGene00004464.,424,3989,4413
WBGene00004465.,180,2828,3008
WBGene00004466.,49,2143,2192
WBGene00004467.,21,3364,3385
WBGene00004468.,231,2270,2501
WBGene00004469.,2157,159864,162021
WBGene00004470.,8438,204871,213309
WBGene00004471.,87,135565,135652
WBGene00004472.,16593,189180,205773
WBGene00004473.,16010,174762,190772
WBGene00004474.,24141,208342,232483
WBGene00004475.,5854,100824,106678
WBGene00004476.,27139,187956,215095
WBGene00004477.,23570,224890,248460
WBGene00004478.,19185,244625,263810
WBGene00004479.,15025,175903,190928
WBGene00004480.,33021,203499,236520
WBGene00004481.,4129,173181,177310
WBGene00004482.,14900,153401,168301
WBGene00004483.,24926,232337,257263
WBGene00004484.,18735,180968,199703
WBGene00004485.,2679,69688,72367
WBGene00004486.,11316,124525,135841
WBGene00004487.,23890,187073,210963
WBGene00004488.,19362,179552,198914
WBGene00004489.,17401,164629,182030
WBGene00004490.,40586,86208,126794
WBGene00004491.,1825,120625,122450
WBGene00004492.,21948,236244,258192
WBGene00004493.,14267,177113,191380
WBGene00004494.,34437,283606,318043
WBGene00004495.,10277,193238,203515
WBGene00004496.,15932,142288,158220
WBGene00004497.,5062,115988,121050
WBGene00004498.,71741,77700,149441
WBGene00004499.,20675,159716,180391
WBGene00004501.,47,1907,1954
WBGene00004502.,58,3622,3680
WBGene00004503.,4,2257,2261
WBGene00004504.,551,3983,4534
WBGene00004505.,19,2423,2442
WBGene00004506.,65,3836,3901
WBGene00004507.,43,1559,1602
WBGene00004508.,70,946,1016
WBGene00004509.,33,220,253
WBGene00004510.,27,556,583
WBGene00004512.,0,0,0
WBGene00004513.,0,0,0
WBGene00004567.,0,239039,239039
WBGene00004622.,0,10050985,10050985
WBGene00004677.,0,126655,126655
WBGene00004679.,311,2990,3301
WBGene00004680.,73,365,438
WBGene00004681.,499,1235,1734
WBGene00004682.,99,954,1053
WBGene00004684.,81,1015,1096
WBGene00004698.,10,6279,6289
WBGene00004699.,125,3748,3873
WBGene00004700.,464,10522,10986
WBGene00004701.,10,3052,3062
WBGene00004702.,24,3800,3824
WBGene00004703.,298,10102,10400
WBGene00004704.,99,4247,4346
WBGene00004705.,210,3833,4043
WBGene00004706.,146,1672,1818
WBGene00004708.,0,0,0
WBGene00004716.,0,8,8
WBGene00004717.,0,0,0
WBGene00004719.,320,1221,1541
WBGene00004721.,42,330,372
WBGene00004723.,65,1249,1314
WBGene00004726.,24,542,566
WBGene00004727.,95,689,784
WBGene00004728.,352,1878,2230
WBGene00004729.,233,1621,1854
WBGene00004732.,692,4377,5069
WBGene00004735.,136,341,477
WBGene00004736.,1663,42133,43796
WBGene00004737.,5,528,533
WBGene00004738.,46,1973,2019
WBGene00004739.,1274,6179,7453
WBGene00004740.,185,943,1128
WBGene00004742.,13,40,53
WBGene00004743.,410,1528,1938
WBGene00004744.,75,779,854
WBGene00004745.,39,442,481
WBGene00004746.,45,1473,1518
WBGene00004747.,43,633,676
WBGene00004748.,46,395,441
WBGene00004749.,115,3048,3163
WBGene00004750.,2,2,4
WBGene00004751.,861,2689,3550
WBGene00004752.,72,821,893
WBGene00004753.,104,628,732
WBGene00004754.,610,2111,2721
WBGene00004755.,80,2715,2795
WBGene00004756.,36,1007,1043
WBGene00004758.,88,1313,1401
WBGene00004759.,51,1401,1452
WBGene00004760.,395,2624,3019
WBGene00004762.,156,951,1107
WBGene00004764.,51,271,322
WBGene00004765.,305,474,779
WBGene00004766.,210,4998,5208
WBGene00004767.,46,974,1020
WBGene00004768.,14,867,881
WBGene00004769.,14,428,442
WBGene00004771.,70,409,479
WBGene00004773.,466,2722,3188
WBGene00004774.,38,1158,1196
WBGene00004775.,16,252,268
WBGene00004776.,124,99,223
WBGene00004777.,288,928,1216
WBGene00004778.,46,865,911
WBGene00004779.,394,1329,1723
WBGene00004780.,83,301,384
WBGene00004781.,23,1041,1064
WBGene00004782.,101,1218,1319
WBGene00004783.,698,2874,3572
WBGene00004786.,24,210,234
WBGene00004787.,110,462,572
WBGene00004788.,49,3556,3605
WBGene00004789.,25,180,205
WBGene00004790.,342,2176,2518
WBGene00004793.,167,284,451
WBGene00004795.,33,219,252
WBGene00004796.,23,83,106
WBGene00004798.,137,1813,1950
WBGene00004800.,56,1411,1467
WBGene00004801.,122,1181,1303
WBGene00004802.,32,37,69
WBGene00004803.,35,215,250
WBGene00004804.,339,2696,3035
WBGene00004806.,248,1516,1764
WBGene00004807.,57,11851,11908
WBGene00004808.,16,1113,1129
WBGene00004809.,165,2132,2297
WBGene00004810.,6,51,57
WBGene00004811.,0,30,30
WBGene00004812.,0,0,0
WBGene00004813.,0,0,0
WBGene00004814.,0,0,0
WBGene00004815.,0,1,1
WBGene00004816.,0,297,297
WBGene00004817.,0,6,6
WBGene00004818.,0,3,3
WBGene00004819.,0,4,4
WBGene00004820.,0,2,2
WBGene00004821.,0,4,4
WBGene00004822.,0,629,629
WBGene00004823.,5,254,259
WBGene00004824.,107,709,816
WBGene00004825.,0,118,118
WBGene00004826.,0,652,652
WBGene00004827.,0,105,105
WBGene00004829.,217,1117,1334
WBGene00004830.,289,2374,2663
WBGene00004831.,505,1330,1835
WBGene00004833.,0,266,266
WBGene00004834.,0,13,13
WBGene00004835.,0,16,16
WBGene00004836.,0,1018,1018
WBGene00004837.,0,0,0
WBGene00004838.,0,0,0
WBGene00004839.,0,25,25
WBGene00004840.,0,39,39
WBGene00004841.,0,23,23
WBGene00004842.,0,5,5
WBGene00004843.,0,0,0
WBGene00004844.,0,6,6
WBGene00004845.,0,7,7
WBGene00004846.,0,7,7
WBGene00004847.,0,0,0
WBGene00004848.,0,7,7
WBGene00004849.,0,59,59
WBGene00004850.,0,0,0
WBGene00004851.,0,7,7
WBGene00004854.,228,1535,1763
WBGene00004855.,366,5131,5497
WBGene00004856.,205,457,662
WBGene00004857.,77,389,466
WBGene00004858.,89,300,389
WBGene00004859.,60,470,530
WBGene00004860.,63,524,587
WBGene00004862.,659,3340,3999
WBGene00004873.,480,2941,3421
WBGene00004874.,115,2538,2653
WBGene00004875.,10,208,218
WBGene00004876.,7,106,113
WBGene00004877.,6,9,15
WBGene00004878.,20,16,36
WBGene00004879.,225,1801,2026
WBGene00004880.,131,1835,1966
WBGene00004881.,225,1185,1410
WBGene00004882.,48,946,994
WBGene00004883.,4,230,234
WBGene00004884.,234,1932,2166
WBGene00004885.,17,364,381
WBGene00004886.,79,403,482
WBGene00004887.,89,1655,1744
WBGene00004888.,901,15066,15967
WBGene00004889.,161,1166,1327
WBGene00004890.,40,316,356
WBGene00004891.,98,2259,2357
WBGene00004892.,392,1704,2096
WBGene00004893.,61,657,718
WBGene00004894.,670,723,1393
WBGene00004895.,2734,1227,3961
WBGene00004896.,550,2302,2852
WBGene00004897.,31,10066,10097
WBGene00004898.,19,358,377
WBGene00004899.,18,2,20
WBGene00004900.,40,1231,1271
WBGene00004901.,0,4,4
WBGene00004902.,117,1901,2018
WBGene00004903.,4,3,7
WBGene00004904.,21,12,33
WBGene00004905.,133,252,385
WBGene00004906.,12,8,20
WBGene00004907.,55,113,168
WBGene00004908.,4,2,6
WBGene00004909.,2,6,8
WBGene00004910.,69,2324,2393
WBGene00004911.,6,112,118
WBGene00004912.,66,1364,1430
WBGene00004913.,154,1091,1245
WBGene00004914.,161,7998,8159
WBGene00004915.,16,7971,7987
WBGene00004916.,199,7228,7427
WBGene00004917.,161,7014,7175
WBGene00004918.,901,6762,7663
WBGene00004919.,237,6251,6488
WBGene00004920.,799,9535,10334
WBGene00004921.,429,4784,5213
WBGene00004922.,281,621,902
WBGene00004923.,818,1801,2619
WBGene00004924.,343,6001,6344
WBGene00004925.,349,510,859
WBGene00004926.,30,856,886
WBGene00004927.,112,1075,1187
WBGene00004928.,54,283,337
WBGene00004929.,763,2197,2960
WBGene00004930.,401,7671,8072
WBGene00004931.,433,3620,4053
WBGene00004932.,2,16,18
WBGene00004933.,93,402,495
WBGene00004944.,256,956,1212
WBGene00004945.,63,922,985
WBGene00004946.,216,1547,1763
WBGene00004947.,1174,2407,3581
WBGene00004949.,201,845,1046
WBGene00004950.,10,453,463
WBGene00004951.,256,11623,11879
WBGene00004952.,7,557,564
WBGene00004953.,42,705,747
WBGene00004954.,40,183,223
WBGene00004955.,194,2160,2354
WBGene00004958.,25,104,129
WBGene00004959.,7,102,109
WBGene00004960.,19,57,76
WBGene00004962.,5,1,6
WBGene00004963.,29,20,49
WBGene00004964.,0,3,3
WBGene00004965.,3,1,4
WBGene00004966.,7,1,8
WBGene00004969.,141,339,480
WBGene00004971.,5,12,17
WBGene00004972.,5,72,77
WBGene00004973.,2,0,2
WBGene00004974.,9,36,45
WBGene00004975.,11,421,432
WBGene00004976.,6,10,16
WBGene00004978.,516,4353,4869
WBGene00004979.,105,700,805
WBGene00004980.,315,7362,7677
WBGene00004981.,46,823,869
WBGene00004984.,10,153,163
WBGene00004985.,13,116,129
WBGene00004986.,45,537,582
WBGene00004987.,152,1434,1586
WBGene00004988.,98,1030,1128
WBGene00004989.,4,73,77
WBGene00004990.,467,5209,5676
WBGene00004991.,0,7,7
WBGene00004992.,20,129,149
WBGene00004993.,49,420,469
WBGene00004994.,0,5,5
WBGene00004995.,1588,8522,10110
WBGene00004996.,2,2,4
WBGene00004997.,5,16,21
WBGene00004998.,18,69,87
WBGene00004999.,411,5550,5961
WBGene00005000.,616,7958,8574
WBGene00005001.,37,284,321
WBGene00005002.,118,1853,1971
WBGene00005003.,40,422,462
WBGene00005004.,74,711,785
WBGene00005005.,0,0,0
WBGene00005006.,61,537,598
WBGene00005007.,39,1884,1923
WBGene00005008.,2,112,114
WBGene00005009.,27,1485,1512
WBGene00005010.,334,1042,1376
WBGene00005011.,51,302,353
WBGene00005012.,4,2,6
WBGene00005013.,4,31,35
WBGene00005014.,21,817,838
WBGene00005015.,122,2224,2346
WBGene00005016.,0,1018,1018
WBGene00005017.,60,481,541
WBGene00005018.,28,1014,1042
WBGene00005019.,44,710,754
WBGene00005020.,154,228,382
WBGene00005021.,11,172,183
WBGene00005022.,17,1281,1298
WBGene00005023.,73,831,904
WBGene00005024.,186,437,623
WBGene00005025.,43,369,412
WBGene00005026.,89,569,658
WBGene00005027.,1,5,6
WBGene00005028.,0,4,4
WBGene00005029.,1,11,12
WBGene00005030.,2,14,16
WBGene00005031.,3,1,4
WBGene00005032.,0,19,19
WBGene00005033.,2,16,18
WBGene00005034.,3,2,5
WBGene00005035.,2,7,9
WBGene00005036.,20,142,162
WBGene00005037.,2,23,25
WBGene00005038.,7,10,17
WBGene00005039.,2,10,12
WBGene00005040.,17,26,43
WBGene00005041.,0,2,2
WBGene00005042.,0,3,3
WBGene00005043.,2,10,12
WBGene00005044.,0,4,4
WBGene00005045.,0,2,2
WBGene00005046.,1,5,6
WBGene00005047.,5,14,19
WBGene00005048.,1,1,2
WBGene00005049.,0,0,0
WBGene00005050.,1,0,1
WBGene00005051.,4,7,11
WBGene00005052.,1,8,9
WBGene00005053.,1,12,13
WBGene00005054.,2,3,5
WBGene00005055.,1,1,2
WBGene00005056.,28,2,30
WBGene00005057.,5,14,19
WBGene00005058.,4,9,13
WBGene00005059.,12,28,40
WBGene00005060.,6,11,17
WBGene00005061.,4,1,5
WBGene00005062.,3,3,6
WBGene00005063.,9,125,134
WBGene00005064.,2,4,6
WBGene00005065.,6,5,11
WBGene00005066.,2,0,2
WBGene00005067.,1,8,9
WBGene00005068.,1,8,9
WBGene00005069.,0,2,2
WBGene00005070.,1,7,8
WBGene00005071.,4,5,9
WBGene00005072.,5,5,10
WBGene00005073.,0,0,0
WBGene00005074.,0,0,0
WBGene00005075.,4,5,9
WBGene00005076.,2,2,4
WBGene00005077.,143,936,1079
WBGene00005078.,39,424,463
WBGene00005079.,6,5,11
WBGene00005080.,0,1,1
WBGene00005081.,10,19,29
WBGene00005082.,0,4,4
WBGene00005083.,10,14,24
WBGene00005084.,5,5,10
WBGene00005085.,3,9,12
WBGene00005086.,5,9,14
WBGene00005087.,0,3,3
WBGene00005088.,8,4,12
WBGene00005089.,7,6,13
WBGene00005090.,5,13,18
WBGene00005091.,2,3,5
WBGene00005092.,26,56,82
WBGene00005093.,6,18,24
WBGene00005094.,5,4,9
WBGene00005095.,1,3,4
WBGene00005096.,3,21,24
WBGene00005097.,1,13,14
WBGene00005098.,3,8,11
WBGene00005099.,0,2,2
WBGene00005100.,0,1,1
WBGene00005101.,14,120,134
WBGene00005102.,1,0,1
WBGene00005103.,0,4,4
WBGene00005104.,0,3,3
WBGene00005105.,0,7,7
WBGene00005106.,0,2,2
WBGene00005107.,1,11,12
WBGene00005108.,1,15,16
WBGene00005109.,1,4,5
WBGene00005110.,85,157,242
WBGene00005111.,6,134,140
WBGene00005112.,0,2,2
WBGene00005113.,17,59,76
WBGene00005114.,2,10,12
WBGene00005115.,0,5,5
WBGene00005116.,5,2,7
WBGene00005117.,0,1,1
WBGene00005118.,1,2,3
WBGene00005119.,10,8,18
WBGene00005120.,5,19,24
WBGene00005121.,3,10,13
WBGene00005122.,5,5,10
WBGene00005123.,2,3,5
WBGene00005124.,1,10,11
WBGene00005125.,3,1,4
WBGene00005126.,0,6,6
WBGene00005127.,30,136,166
WBGene00005128.,86,20,106
WBGene00005129.,86,173,259
WBGene00005130.,0,4,4
WBGene00005131.,28,99,127
WBGene00005132.,6,12,18
WBGene00005133.,13,7,20
WBGene00005134.,0,0,0
WBGene00005135.,0,2,2
WBGene00005136.,1,4,5
WBGene00005137.,0,0,0
WBGene00005138.,0,0,0
WBGene00005139.,0,0,0
WBGene00005140.,1,3,4
WBGene00005141.,2,2,4
WBGene00005142.,3,6,9
WBGene00005143.,11,1,12
WBGene00005144.,5,17,22
WBGene00005145.,2,1,3
WBGene00005146.,12,14,26
WBGene00005147.,11,80,91
WBGene00005148.,0,0,0
WBGene00005149.,17,61,78
WBGene00005150.,50,85,135
WBGene00005153.,110,222,332
WBGene00005159.,2,3,5
WBGene00005160.,2,1,3
WBGene00005161.,2,1,3
WBGene00005162.,15,28,43
WBGene00005163.,9,44,53
WBGene00005164.,5,4,9
WBGene00005165.,11,7,18
WBGene00005166.,0,2,2
WBGene00005167.,1,5,6
WBGene00005168.,4,25,29
WBGene00005169.,7,22,29
WBGene00005170.,12,14,26
WBGene00005171.,10,22,32
WBGene00005172.,5,25,30
WBGene00005173.,0,2,2
WBGene00005174.,25,95,120
WBGene00005175.,3,12,15
WBGene00005176.,11,5,16
WBGene00005177.,8,3,11
WBGene00005178.,13,13,26
WBGene00005179.,0,2,2
WBGene00005180.,5,2,7
WBGene00005181.,4,1,5
WBGene00005182.,7,14,21
WBGene00005183.,3,15,18
WBGene00005184.,6,9,15
WBGene00005185.,5,4,9
WBGene00005186.,9,12,21
WBGene00005187.,2,30,32
WBGene00005188.,2,0,2
WBGene00005189.,5,19,24
WBGene00005190.,1,2,3
WBGene00005191.,15,14,29
WBGene00005192.,4,2,6
WBGene00005193.,53,0,53
WBGene00005194.,2,12,14
WBGene00005195.,16,8,24
WBGene00005196.,1,4,5
WBGene00005197.,0,20,20
WBGene00005198.,2,6,8
WBGene00005199.,0,2,2
WBGene00005200.,4,6,10
WBGene00005201.,3,2,5
WBGene00005202.,8,5,13
WBGene00005203.,0,4,4
WBGene00005204.,1,10,11
WBGene00005205.,3,28,31
WBGene00005206.,0,20,20
WBGene00005207.,2,18,20
WBGene00005208.,7,37,44
WBGene00005210.,0,22,22
WBGene00005211.,3,7,10
WBGene00005212.,2,10,12
WBGene00005213.,6,20,26
WBGene00005214.,7,0,7
WBGene00005215.,1,3,4
WBGene00005216.,1,2,3
WBGene00005217.,1,4,5
WBGene00005218.,3,8,11
WBGene00005219.,9,30,39
WBGene00005220.,3,1,4
WBGene00005221.,11,0,11
WBGene00005222.,0,7,7
WBGene00005223.,7,3,10
WBGene00005224.,1,2,3
WBGene00005225.,0,0,0
WBGene00005226.,17,63,80
WBGene00005227.,1,4,5
WBGene00005228.,565,83,648
WBGene00005229.,3,8,11
WBGene00005230.,0,2,2
WBGene00005231.,1,10,11
WBGene00005232.,0,1,1
WBGene00005233.,2,3,5
WBGene00005234.,3,3,6
WBGene00005235.,1,3,4
WBGene00005236.,9,26,35
WBGene00005237.,1,8,9
WBGene00005238.,0,0,0
WBGene00005239.,0,2,2
WBGene00005240.,0,8,8
WBGene00005241.,4,31,35
WBGene00005242.,5,14,19
WBGene00005243.,2,37,39
WBGene00005244.,11,5,16
WBGene00005245.,3,10,13
WBGene00005246.,0,13,13
WBGene00005247.,3,2,5
WBGene00005248.,0,2,2
WBGene00005249.,3,10,13
WBGene00005250.,0,7,7
WBGene00005251.,18,37,55
WBGene00005252.,4,8,12
WBGene00005253.,26,103,129
WBGene00005254.,0,4,4
WBGene00005255.,2,4,6
WBGene00005256.,1,3,4
WBGene00005257.,2,17,19
WBGene00005258.,3,18,21
WBGene00005259.,1,0,1
WBGene00005260.,1,10,11
WBGene00005261.,13,7,20
WBGene00005262.,7,19,26
WBGene00005263.,1,4,5
WBGene00005264.,0,4,4
WBGene00005265.,0,4,4
WBGene00005266.,0,6,6
WBGene00005267.,13,25,38
WBGene00005268.,1,6,7
WBGene00005269.,1,15,16
WBGene00005270.,4,4,8
WBGene00005271.,23,18,41
WBGene00005272.,3,6,9
WBGene00005273.,3,11,14
WBGene00005274.,3,3,6
WBGene00005275.,1,5,6
WBGene00005276.,0,2,2
WBGene00005277.,0,5,5
WBGene00005278.,1,0,1
WBGene00005279.,1,8,9
WBGene00005280.,0,0,0
WBGene00005281.,1,2,3
WBGene00005282.,2,7,9
WBGene00005283.,4,16,20
WBGene00005284.,0,4,4
WBGene00005285.,0,3,3
WBGene00005286.,0,1,1
WBGene00005287.,1,2,3
WBGene00005288.,0,14,14
WBGene00005289.,0,45,45
WBGene00005290.,3,36,39
WBGene00005291.,0,5,5
WBGene00005292.,1,17,18
WBGene00005293.,0,22,22
WBGene00005294.,0,1,1
WBGene00005295.,3,6,9
WBGene00005296.,5,13,18
WBGene00005297.,3,9,12
WBGene00005298.,13,2,15
WBGene00005299.,17,33,50
WBGene00005300.,1,2,3
WBGene00005301.,1,1,2
WBGene00005302.,1,1,2
WBGene00005303.,0,4,4
WBGene00005304.,1,0,1
WBGene00005305.,3,5,8
WBGene00005306.,2,1,3
WBGene00005307.,3,2,5
WBGene00005308.,1,1,2
WBGene00005309.,0,3,3
WBGene00005310.,0,7,7
WBGene00005311.,20,20,40
WBGene00005312.,8,11,19
WBGene00005313.,3,4,7
WBGene00005314.,1,2,3
WBGene00005315.,0,3,3
WBGene00005316.,11,1,12
WBGene00005317.,0,5,5
WBGene00005318.,3,2,5
WBGene00005319.,2,0,2
WBGene00005320.,4,7,11
WBGene00005321.,0,2,2
WBGene00005322.,0,3,3
WBGene00005323.,1,2,3
WBGene00005324.,48,8,56
WBGene00005325.,0,4,4
WBGene00005326.,0,3,3
WBGene00005327.,0,14,14
WBGene00005328.,0,3,3
WBGene00005329.,0,3,3
WBGene00005330.,1,2,3
WBGene00005331.,0,0,0
WBGene00005332.,1,2,3
WBGene00005333.,3,7,10
WBGene00005334.,3,5,8
WBGene00005335.,1,0,1
WBGene00005336.,0,2,2
WBGene00005337.,3,5,8
WBGene00005338.,0,5,5
WBGene00005339.,4,0,4
WBGene00005340.,0,1,1
WBGene00005341.,3,3,6
WBGene00005342.,0,17,17
WBGene00005343.,15,24,39
WBGene00005344.,9,12,21
WBGene00005345.,9,15,24
WBGene00005346.,0,22,22
WBGene00005347.,5,18,23
WBGene00005348.,0,1,1
WBGene00005349.,0,0,0
WBGene00005350.,3,12,15
WBGene00005351.,10,6,16
WBGene00005352.,1,0,1
WBGene00005353.,1,25,26
WBGene00005354.,1,4,5
WBGene00005355.,3,2,5
WBGene00005356.,2,3,5
WBGene00005357.,0,3,3
WBGene00005358.,1,0,1
WBGene00005359.,1,5,6
WBGene00005360.,0,0,0
WBGene00005361.,1,1,2
WBGene00005362.,1,7,8
WBGene00005363.,2,8,10
WBGene00005364.,6,9,15
WBGene00005365.,2,2,4
WBGene00005366.,0,6,6
WBGene00005367.,1,1,2
WBGene00005368.,0,0,0
WBGene00005369.,0,2,2
WBGene00005370.,1,10,11
WBGene00005371.,0,5,5
WBGene00005372.,3,1,4
WBGene00005373.,0,5,5
WBGene00005374.,0,4,4
WBGene00005375.,1,5,6
WBGene00005376.,0,2,2
WBGene00005377.,0,2,2
WBGene00005378.,3,1,4
WBGene00005379.,0,0,0
WBGene00005380.,4,10,14
WBGene00005381.,1,2,3
WBGene00005382.,2,9,11
WBGene00005383.,1,12,13
WBGene00005384.,0,13,13
WBGene00005385.,0,9,9
WBGene00005386.,11,10,21
WBGene00005387.,30,24,54
WBGene00005388.,2,4,6
WBGene00005389.,1,7,8
WBGene00005390.,1,5,6
WBGene00005391.,0,0,0
WBGene00005392.,4,1,5
WBGene00005393.,1,8,9
WBGene00005394.,2,3,5
WBGene00005395.,0,2,2
WBGene00005396.,7,3,10
WBGene00005397.,1,7,8
WBGene00005398.,23,2,25
WBGene00005399.,1,8,9
WBGene00005400.,1,4,5
WBGene00005401.,0,1,1
WBGene00005402.,1,2,3
WBGene00005403.,6,45,51
WBGene00005404.,0,1,1
WBGene00005405.,16,10,26
WBGene00005406.,2,16,18
WBGene00005407.,7,5,12
WBGene00005408.,3,5,8
WBGene00005409.,0,9,9
WBGene00005410.,3,2,5
WBGene00005411.,0,5,5
WBGene00005412.,2,4,6
WBGene00005413.,5,4,9
WBGene00005414.,2,0,2
WBGene00005415.,1,10,11
WBGene00005416.,0,3,3
WBGene00005417.,2,13,15
WBGene00005418.,0,3,3
WBGene00005419.,1,1,2
WBGene00005420.,11,22,33
WBGene00005421.,11,9,20
WBGene00005422.,1,14,15
WBGene00005423.,1,1,2
WBGene00005424.,1,1,2
WBGene00005425.,3,3,6
WBGene00005426.,2,4,6
WBGene00005427.,6,9,15
WBGene00005428.,3,1,4
WBGene00005429.,6,2,8
WBGene00005430.,1,3,4
WBGene00005431.,5,11,16
WBGene00005432.,0,9,9
WBGene00005433.,5,1,6
WBGene00005434.,13,2,15
WBGene00005435.,0,0,0
WBGene00005436.,0,1,1
WBGene00005437.,6,9,15
WBGene00005438.,6,35,41
WBGene00005439.,2,2,4
WBGene00005440.,3,2,5
WBGene00005441.,4,6,10
WBGene00005442.,1,1,2
WBGene00005443.,1,1,2
WBGene00005444.,1,12,13
WBGene00005445.,15,5,20
WBGene00005446.,0,1,1
WBGene00005447.,1,10,11
WBGene00005448.,3,2,5
WBGene00005449.,0,3,3
WBGene00005450.,2,7,9
WBGene00005451.,0,0,0
WBGene00005452.,0,2,2
WBGene00005453.,0,1,1
WBGene00005454.,1,1,2
WBGene00005455.,0,1,1
WBGene00005456.,0,0,0
WBGene00005457.,2,2,4
WBGene00005458.,0,5,5
WBGene00005459.,1,3,4
WBGene00005460.,4,3,7
WBGene00005461.,0,2,2
WBGene00005462.,0,0,0
WBGene00005463.,38,1,39
WBGene00005464.,1,1,2
WBGene00005465.,1,1,2
WBGene00005466.,0,0,0
WBGene00005467.,1,0,1
WBGene00005468.,6,3,9
WBGene00005469.,6,7,13
WBGene00005470.,3,3,6
WBGene00005471.,2,6,8
WBGene00005472.,0,1,1
WBGene00005473.,0,5,5
WBGene00005474.,1,4,5
WBGene00005475.,12,7,19
WBGene00005476.,0,1,1
WBGene00005477.,3,50,53
WBGene00005478.,4,1,5
WBGene00005479.,1,0,1
WBGene00005480.,1,3,4
WBGene00005481.,8,23,31
WBGene00005482.,0,21,21
WBGene00005483.,1,0,1
WBGene00005484.,2,17,19
WBGene00005485.,10,15,25
WBGene00005486.,2,4,6
WBGene00005487.,3,5,8
WBGene00005488.,2,4,6
WBGene00005489.,12,2,14
WBGene00005490.,3,6,9
WBGene00005491.,1,4,5
WBGene00005492.,0,0,0
WBGene00005493.,1,4,5
WBGene00005494.,3,3,6
WBGene00005495.,7,1,8
WBGene00005496.,0,2,2
WBGene00005497.,1,1,2
WBGene00005498.,0,5,5
WBGene00005499.,3,1,4
WBGene00005500.,2,7,9
WBGene00005501.,2,4,6
WBGene00005502.,2,0,2
WBGene00005503.,0,0,0
WBGene00005504.,3,6,9
WBGene00005505.,10,0,10
WBGene00005506.,6,4,10
WBGene00005507.,2,2,4
WBGene00005508.,1,0,1
WBGene00005509.,0,0,0
WBGene00005510.,0,0,0
WBGene00005511.,4,10,14
WBGene00005512.,0,0,0
WBGene00005513.,4,13,17
WBGene00005514.,4,26,30
WBGene00005515.,3,10,13
WBGene00005516.,2,6,8
WBGene00005517.,9,36,45
WBGene00005518.,11,12,23
WBGene00005519.,3,2,5
WBGene00005520.,1,4,5
WBGene00005521.,1,0,1
WBGene00005522.,10,7,17
WBGene00005523.,16,656,672
WBGene00005524.,5,2,7
WBGene00005525.,0,0,0
WBGene00005526.,0,0,0
WBGene00005527.,10,3,13
WBGene00005528.,2,10,12
WBGene00005529.,23,12,35
WBGene00005530.,66,53,119
WBGene00005531.,34,40,74
WBGene00005532.,9,25,34
WBGene00005533.,2,5,7
WBGene00005534.,3,19,22
WBGene00005535.,5,10,15
WBGene00005536.,1,1,2
WBGene00005537.,1,4,5
WBGene00005538.,3,5,8
WBGene00005539.,2,5,7
WBGene00005540.,1,6,7
WBGene00005541.,3,2,5
WBGene00005542.,7,14,21
WBGene00005543.,0,6,6
WBGene00005544.,3,4,7
WBGene00005545.,3,2,5
WBGene00005546.,2,1,3
WBGene00005547.,0,7,7
WBGene00005548.,3,7,10
WBGene00005549.,1,2,3
WBGene00005550.,0,3,3
WBGene00005551.,0,1,1
WBGene00005552.,23,48,71
WBGene00005553.,1,3,4
WBGene00005554.,4,0,4
WBGene00005555.,0,0,0
WBGene00005556.,3,2,5
WBGene00005557.,15,24,39
WBGene00005558.,5,10,15
WBGene00005559.,5,37,42
WBGene00005560.,26,83,109
WBGene00005561.,3,0,3
WBGene00005562.,1,6,7
WBGene00005563.,4,10,14
WBGene00005564.,0,0,0
WBGene00005565.,1,2,3
WBGene00005566.,5,4,9
WBGene00005567.,0,0,0
WBGene00005568.,17,12,29
WBGene00005569.,5,9,14
WBGene00005570.,2,2,4
WBGene00005571.,0,0,0
WBGene00005572.,0,2,2
WBGene00005573.,2,4,6
WBGene00005574.,5,6,11
WBGene00005575.,3,5,8
WBGene00005576.,3,1,4
WBGene00005577.,0,2,2
WBGene00005578.,0,1,1
WBGene00005579.,7,1,8
WBGene00005580.,2,0,2
WBGene00005581.,2,3,5
WBGene00005582.,2,0,2
WBGene00005583.,0,0,0
WBGene00005584.,2,2,4
WBGene00005585.,2,9,11
WBGene00005586.,4,15,19
WBGene00005587.,3,0,3
WBGene00005588.,1,1,2
WBGene00005589.,4,3,7
WBGene00005590.,2,3,5
WBGene00005591.,14,10,24
WBGene00005592.,0,14,14
WBGene00005593.,1,1,2
WBGene00005594.,0,0,0
WBGene00005595.,8,2,10
WBGene00005596.,5,1,6
WBGene00005597.,0,1,1
WBGene00005598.,2,1,3
WBGene00005599.,0,5,5
WBGene00005600.,4,1,5
WBGene00005601.,0,1,1
WBGene00005602.,30,273,303
WBGene00005603.,4,15,19
WBGene00005604.,7,3,10
WBGene00005605.,9,3,12
WBGene00005606.,12,22,34
WBGene00005607.,10,9,19
WBGene00005608.,1,1,2
WBGene00005609.,2,17,19
WBGene00005610.,3,3,6
WBGene00005611.,14,30,44
WBGene00005612.,23,8,31
WBGene00005613.,22,6,28
WBGene00005614.,4,1,5
WBGene00005615.,2,2,4
WBGene00005616.,2,9,11
WBGene00005617.,3,4,7
WBGene00005618.,3,2,5
WBGene00005619.,0,2,2
WBGene00005620.,236,9,245
WBGene00005621.,2,2,4
WBGene00005622.,9,2,11
WBGene00005623.,0,0,0
WBGene00005624.,4,2,6
WBGene00005625.,0,1,1
WBGene00005626.,1,1,2
WBGene00005627.,0,1,1
WBGene00005628.,3,0,3
WBGene00005629.,2,1,3
WBGene00005630.,0,1,1
WBGene00005631.,0,1,1
WBGene00005632.,1,1,2
WBGene00005633.,0,0,0
WBGene00005634.,3,1,4
WBGene00005635.,1,1,2
WBGene00005638.,6,25,31
WBGene00005639.,3,3,6
WBGene00005640.,7,11,18
WBGene00005641.,70,143,213
WBGene00005642.,14,41,55
WBGene00005643.,5,59,64
WBGene00005644.,143,784,927
WBGene00005646.,0,4,4
WBGene00005647.,61,607,668
WBGene00005648.,357,1667,2024
WBGene00005649.,19,29,48
WBGene00005650.,1,0,1
WBGene00005651.,1,2,3
WBGene00005652.,46,326,372
WBGene00005653.,10,115,125
WBGene00005654.,22,294,316
WBGene00005655.,106,1353,1459
WBGene00005656.,23,51,74
WBGene00005657.,10,181,191
WBGene00005658.,1,0,1
WBGene00005659.,1,3,4
WBGene00005660.,4,30,34
WBGene00005661.,7,58,65
WBGene00005662.,104,1009,1113
WBGene00005663.,1020,6840,7860
WBGene00005664.,3,14,17
WBGene00005665.,0,9,9
WBGene00005666.,3,7,10
WBGene00005667.,2,2,4
WBGene00005668.,1,22,23
WBGene00005669.,5,5,10
WBGene00005670.,10,35,45
WBGene00005671.,9,26,35
WBGene00005672.,1,1,2
WBGene00005673.,0,1,1
WBGene00005674.,3,2,5
WBGene00005675.,3,7,10
WBGene00005676.,4,20,24
WBGene00005677.,7,27,34
WBGene00005678.,6,7,13
WBGene00005679.,5,6,11
WBGene00005680.,0,0,0
WBGene00005681.,1,3,4
WBGene00005682.,4,6,10
WBGene00005683.,1,4,5
WBGene00005684.,16,4,20
WBGene00005685.,4,18,22
WBGene00005686.,3,9,12
WBGene00005687.,11,16,27
WBGene00005688.,1,1,2
WBGene00005689.,8,18,26
WBGene00005690.,4,16,20
WBGene00005691.,5,18,23
WBGene00005692.,0,22,22
WBGene00005693.,0,1,1
WBGene00005694.,2,0,2
WBGene00005695.,2,7,9
WBGene00005696.,7,11,18
WBGene00005697.,0,3,3
WBGene00005698.,5,1,6
WBGene00005699.,2,3,5
WBGene00005700.,0,14,14
WBGene00005701.,3,7,10
WBGene00005702.,2,61,63
WBGene00005703.,2,15,17
WBGene00005704.,2,2,4
WBGene00005705.,4,4,8
WBGene00005706.,0,6,6
WBGene00005707.,0,3,3
WBGene00005708.,3,3,6
WBGene00005709.,19,4,23
WBGene00005710.,13,49,62
WBGene00005711.,0,9,9
WBGene00005712.,35,85,120
WBGene00005713.,1,34,35
WBGene00005714.,2,3,5
WBGene00005715.,36,12,48
WBGene00005716.,10,37,47
WBGene00005717.,14,73,87
WBGene00005718.,46,124,170
WBGene00005719.,16,20,36
WBGene00005720.,7,4,11
WBGene00005721.,7,15,22
WBGene00005722.,18,5,23
WBGene00005723.,2,5,7
WBGene00005724.,28,30,58
WBGene00005725.,12,48,60
WBGene00005726.,29,22,51
WBGene00005727.,8,22,30
WBGene00005728.,2,0,2
WBGene00005729.,0,1,1
WBGene00005730.,2,1,3
WBGene00005731.,1,0,1
WBGene00005732.,2,1,3
WBGene00005733.,3,1,4
WBGene00005734.,3,0,3
WBGene00005735.,16,34,50
WBGene00005736.,2,6,8
WBGene00005737.,10,7,17
WBGene00005738.,8,16,24
WBGene00005739.,29,27,56
WBGene00005740.,0,2,2
WBGene00005741.,1,5,6
WBGene00005742.,8,16,24
WBGene00005743.,5,13,18
WBGene00005744.,1,2,3
WBGene00005745.,6,19,25
WBGene00005746.,2,3,5
WBGene00005747.,14,1,15
WBGene00005748.,5,18,23
WBGene00005749.,1,3,4
WBGene00005750.,1,1,2
WBGene00005751.,1,2,3
WBGene00005752.,9,73,82
WBGene00005753.,5,17,22
WBGene00005754.,5,21,26
WBGene00005755.,8,11,19
WBGene00005756.,3,9,12
WBGene00005757.,2,16,18
WBGene00005758.,1,15,16
WBGene00005759.,4,145,149
WBGene00005760.,1,0,1
WBGene00005761.,2,1,3
WBGene00005762.,2,2,4
WBGene00005763.,2,7,9
WBGene00005764.,2,9,11
WBGene00005765.,2,2,4
WBGene00005766.,0,5,5
WBGene00005767.,2,0,2
WBGene00005768.,0,1,1
WBGene00005769.,0,1,1
WBGene00005770.,3,3,6
WBGene00005771.,0,2,2
WBGene00005772.,6,10,16
WBGene00005773.,0,0,0
WBGene00005774.,0,2,2
WBGene00005775.,0,0,0
WBGene00005776.,0,3,3
WBGene00005777.,2,2,4
WBGene00005778.,2,1,3
WBGene00005779.,0,0,0
WBGene00005780.,1,0,1
WBGene00005781.,0,0,0
WBGene00005782.,1,1,2
WBGene00005783.,0,0,0
WBGene00005784.,0,1,1
WBGene00005785.,0,1,1
WBGene00005786.,7,1,8
WBGene00005787.,1,0,1
WBGene00005788.,2,1,3
WBGene00005789.,2,3,5
WBGene00005790.,0,1,1
WBGene00005791.,0,2,2
WBGene00005792.,77,0,77
WBGene00005793.,0,1,1
WBGene00005794.,1,1,2
WBGene00005795.,1,0,1
WBGene00005796.,3,0,3
WBGene00005797.,3,3,6
WBGene00005798.,4,2,6
WBGene00005799.,0,0,0
WBGene00005800.,0,2,2
WBGene00005801.,0,0,0
WBGene00005802.,0,0,0
WBGene00005803.,1,1,2
WBGene00005804.,1,3,4
WBGene00005805.,0,0,0
WBGene00005806.,0,1,1
WBGene00005807.,3,4,7
WBGene00005808.,1,9,10
WBGene00005809.,0,2,2
WBGene00005810.,3,5,8
WBGene00005811.,9,26,35
WBGene00005812.,1,0,1
WBGene00005813.,0,0,0
WBGene00005814.,3,0,3
WBGene00005815.,164,273,437
WBGene00005816.,146,190,336
WBGene00005817.,1,3,4
WBGene00005818.,118,449,567
WBGene00005819.,1,0,1
WBGene00005820.,14,6,20
WBGene00005821.,0,2,2
WBGene00005822.,1,1,2
WBGene00005823.,1,0,1
WBGene00005824.,0,0,0
WBGene00005825.,13,24,37
WBGene00005826.,1,6,7
WBGene00005827.,4,22,26
WBGene00005828.,16,87,103
WBGene00005829.,0,3,3
WBGene00005830.,0,2,2
WBGene00005831.,2,5,7
WBGene00005832.,18,553,571
WBGene00005833.,0,99,99
WBGene00005834.,1,10,11
WBGene00005835.,2,4,6
WBGene00005836.,2,11,13
WBGene00005837.,1,5,6
WBGene00005838.,7,20,27
WBGene00005839.,0,3,3
WBGene00005840.,2,22,24
WBGene00005841.,3,8,11
WBGene00005842.,2,2,4
WBGene00005843.,3,6,9
WBGene00005844.,2,2,4
WBGene00005845.,7,12,19
WBGene00005846.,2,3,5
WBGene00005847.,6,1,7
WBGene00005848.,11,7,18
WBGene00005849.,0,3,3
WBGene00005850.,6,9,15
WBGene00005851.,5,1,6
WBGene00005852.,4,3,7
WBGene00005853.,2,2,4
WBGene00005854.,8,3,11
WBGene00005855.,0,2,2
WBGene00005856.,8,3,11
WBGene00005857.,0,1,1
WBGene00005858.,11,0,11
WBGene00005859.,1,2,3
WBGene00005860.,0,2,2
WBGene00005861.,1,1,2
WBGene00005862.,5,6,11
WBGene00005863.,0,0,0
WBGene00005864.,0,1,1
WBGene00005865.,2,2,4
WBGene00005866.,1,0,1
WBGene00005867.,0,1,1
WBGene00005868.,0,1,1
WBGene00005869.,6,0,6
WBGene00005870.,0,1,1
WBGene00005871.,1,0,1
WBGene00005872.,0,1,1
WBGene00005873.,1,2,3
WBGene00005874.,2,1,3
WBGene00005875.,2,1,3
WBGene00005876.,8,4,12
WBGene00005877.,3,3,6
WBGene00005878.,2,6,8
WBGene00005879.,0,0,0
WBGene00005880.,1,3,4
WBGene00005881.,2,0,2
WBGene00005882.,0,1,1
WBGene00005883.,2,1,3
WBGene00005884.,0,0,0
WBGene00005885.,1,1,2
WBGene00005886.,2,2,4
WBGene00005887.,2,4,6
WBGene00005888.,0,1,1
WBGene00005889.,1,1,2
WBGene00005890.,2,2,4
WBGene00005891.,1,1,2
WBGene00005892.,1,13,14
WBGene00005893.,44,256,300
WBGene00005894.,2,4,6
WBGene00005895.,1,3,4
WBGene00005896.,0,0,0
WBGene00005897.,0,1,1
WBGene00005898.,9,14,23
WBGene00005899.,3,0,3
WBGene00005900.,10,9,19
WBGene00005901.,4,9,13
WBGene00005902.,3,1,4
WBGene00005903.,20,18,38
WBGene00005904.,26,9,35
WBGene00005905.,9,7,16
WBGene00005906.,9,35,44
WBGene00005907.,1,3,4
WBGene00005908.,5,14,19
WBGene00005909.,10,15,25
WBGene00005910.,19,108,127
WBGene00005911.,1,4,5
WBGene00005912.,2,2,4
WBGene00005913.,2,0,2
WBGene00005914.,5,2,7
WBGene00005915.,4,0,4
WBGene00005916.,7,1,8
WBGene00005917.,1,2,3
WBGene00005918.,3,0,3
WBGene00005919.,1,1,2
WBGene00005920.,0,2,2
WBGene00005921.,2,1,3
WBGene00005922.,0,0,0
WBGene00005923.,0,0,0
WBGene00005924.,2,3,5
WBGene00005925.,5,25,30
WBGene00005926.,9,26,35
WBGene00005927.,1,1,2
WBGene00005928.,1,4,5
WBGene00005929.,5,11,16
WBGene00005930.,0,3,3
WBGene00005931.,3,4,7
WBGene00005932.,13,16,29
WBGene00005933.,1,2,3
WBGene00005934.,3,15,18
WBGene00005935.,7,8,15
WBGene00005936.,43,342,385
WBGene00005937.,14,38,52
WBGene00005938.,42,93,135
WBGene00005939.,3,2,5
WBGene00005940.,6,15,21
WBGene00005941.,6,1,7
WBGene00005942.,1,0,1
WBGene00005943.,0,1,1
WBGene00005944.,0,0,0
WBGene00005945.,6,1,7
WBGene00005946.,1,2,3
WBGene00005947.,24,159,183
WBGene00005948.,3,1,4
WBGene00005949.,7,23,30
WBGene00005950.,1,2,3
WBGene00005951.,0,0,0
WBGene00005952.,2,4,6
WBGene00005953.,1,5,6
WBGene00005954.,2,2,4
WBGene00005955.,0,8,8
WBGene00005956.,0,2,2
WBGene00005957.,2,0,2
WBGene00005958.,12,20,32
WBGene00005959.,7,105,112
WBGene00005960.,4,1,5
WBGene00005961.,0,0,0
WBGene00005962.,26,29,55
WBGene00005963.,5,16,21
WBGene00005964.,6,14,20
WBGene00005965.,43,4,47
WBGene00005966.,5,1,6
WBGene00005967.,39,89,128
WBGene00005968.,3,9,12
WBGene00005969.,8,6,14
WBGene00005970.,3,7,10
WBGene00005971.,0,22,22
WBGene00005972.,6,21,27
WBGene00005973.,15,5,20
WBGene00005974.,3,6,9
WBGene00005975.,9,59,68
WBGene00005976.,2,26,28
WBGene00005977.,10,39,49
WBGene00005978.,2,0,2
WBGene00005979.,6,2,8
WBGene00005980.,5,2,7
WBGene00005981.,4,6,10
WBGene00005982.,46,36,82
WBGene00005983.,2,0,2
WBGene00005984.,1,0,1
WBGene00005985.,2,5,7
WBGene00005986.,5,15,20
WBGene00005987.,8,7,15
WBGene00005988.,2,11,13
WBGene00005989.,9,3,12
WBGene00005990.,3,0,3
WBGene00005991.,2,0,2
WBGene00005992.,2,2,4
WBGene00005993.,5,2,7
WBGene00005994.,157,0,157
WBGene00005995.,3,7,10
WBGene00005996.,3,5,8
WBGene00005997.,2,0,2
WBGene00005998.,0,7,7
WBGene00005999.,0,7,7
WBGene00006000.,1,9,10
WBGene00006001.,1,6,7
WBGene00006002.,6,15,21
WBGene00006003.,4,7,11
WBGene00006004.,3,6,9
WBGene00006005.,7,26,33
WBGene00006006.,3,17,20
WBGene00006007.,2,3,5
WBGene00006008.,6,12,18
WBGene00006009.,5,1,6
WBGene00006010.,2,9,11
WBGene00006011.,0,2,2
WBGene00006012.,3,11,14
WBGene00006013.,3,1,4
WBGene00006014.,17,15,32
WBGene00006015.,24,13,37
WBGene00006016.,4,14,18
WBGene00006017.,0,4,4
WBGene00006018.,2,1,3
WBGene00006019.,1,7,8
WBGene00006020.,9,20,29
WBGene00006021.,1,7,8
WBGene00006022.,1,3,4
WBGene00006023.,0,5,5
WBGene00006024.,3,4,7
WBGene00006025.,0,8,8
WBGene00006026.,5,29,34
WBGene00006027.,6,6,12
WBGene00006028.,2,26,28
WBGene00006029.,2,5,7
WBGene00006038.,0,0,0
WBGene00006039.,0,2,2
WBGene00006040.,0,0,0
WBGene00006044.,0,7,7
WBGene00006047.,0,0,0
WBGene00006048.,0,0,0
WBGene00006049.,0,0,0
WBGene00006050.,28,282,310
WBGene00006051.,5,34,39
WBGene00006052.,1,5,6
WBGene00006053.,0,1,1
WBGene00006055.,163,706,869
WBGene00006056.,0,5,5
WBGene00006057.,0,0,0
WBGene00006058.,2,4,6
WBGene00006059.,148,1610,1758
WBGene00006060.,0,0,0
WBGene00006061.,45,1831,1876
WBGene00006062.,479,2065,2544
WBGene00006063.,9,287,296
WBGene00006064.,185,452,637
WBGene00006065.,19,27,46
WBGene00006066.,123,2124,2247
WBGene00006067.,378,2008,2386
WBGene00006068.,59,400,459
WBGene00006069.,2,10,12
WBGene00006070.,1,0,1
WBGene00006071.,12,9,21
WBGene00006072.,3,8,11
WBGene00006073.,0,0,0
WBGene00006074.,0,0,0
WBGene00006075.,15,80,95
WBGene00006076.,0,1,1
WBGene00006077.,5,19,24
WBGene00006078.,3,2,5
WBGene00006079.,1,1,2
WBGene00006080.,8,8,16
WBGene00006081.,1,0,1
WBGene00006082.,7,2,9
WBGene00006083.,4,2,6
WBGene00006084.,12,1,13
WBGene00006085.,1,6,7
WBGene00006086.,0,6,6
WBGene00006087.,2,3,5
WBGene00006088.,1,1,2
WBGene00006089.,0,1,1
WBGene00006090.,2,2,4
WBGene00006091.,0,1,1
WBGene00006092.,0,4,4
WBGene00006093.,1,8,9
WBGene00006094.,0,0,0
WBGene00006095.,1,4,5
WBGene00006096.,11,17,28
WBGene00006097.,1,5,6
WBGene00006098.,7,5,12
WBGene00006099.,7,2,9
WBGene00006100.,0,1,1
WBGene00006101.,1,1,2
WBGene00006102.,1,7,8
WBGene00006103.,1,9,10
WBGene00006104.,2,2,4
WBGene00006105.,1,0,1
WBGene00006106.,0,4,4
WBGene00006107.,1,1,2
WBGene00006108.,3,5,8
WBGene00006109.,4,19,23
WBGene00006110.,3,9,12
WBGene00006111.,1,1,2
WBGene00006112.,0,9,9
WBGene00006113.,4,26,30
WBGene00006114.,59,102,161
WBGene00006115.,52,2,54
WBGene00006116.,2,3,5
WBGene00006117.,0,3,3
WBGene00006118.,1,1,2
WBGene00006119.,0,1,1
WBGene00006120.,0,2,2
WBGene00006121.,0,4,4
WBGene00006122.,4,12,16
WBGene00006123.,2,3,5
WBGene00006124.,1,1,2
WBGene00006125.,1,2,3
WBGene00006126.,1,2,3
WBGene00006127.,0,5,5
WBGene00006128.,0,8,8
WBGene00006129.,4,1,5
WBGene00006130.,2,13,15
WBGene00006131.,0,0,0
WBGene00006132.,0,3,3
WBGene00006133.,2,1,3
WBGene00006134.,2,2,4
WBGene00006135.,0,11,11
WBGene00006136.,0,2,2
WBGene00006137.,2,3,5
WBGene00006138.,5,7,12
WBGene00006139.,12,25,37
WBGene00006140.,82,7,89
WBGene00006141.,5,3,8
WBGene00006142.,6,3,9
WBGene00006143.,1,10,11
WBGene00006144.,1,0,1
WBGene00006145.,1,0,1
WBGene00006146.,2,4,6
WBGene00006147.,3,1,4
WBGene00006148.,2,9,11
WBGene00006149.,8,7,15
WBGene00006150.,1,9,10
WBGene00006151.,1,7,8
WBGene00006152.,3,9,12
WBGene00006153.,3,10,13
WBGene00006154.,3,25,28
WBGene00006155.,1,3,4
WBGene00006156.,2,4,6
WBGene00006157.,0,6,6
WBGene00006158.,0,2,2
WBGene00006159.,2,1,3
WBGene00006160.,0,1,1
WBGene00006161.,0,7,7
WBGene00006162.,3,13,16
WBGene00006163.,22,34,56
WBGene00006164.,7,7,14
WBGene00006165.,2,4,6
WBGene00006166.,0,0,0
WBGene00006167.,3,7,10
WBGene00006168.,0,0,0
WBGene00006169.,21,4,25
WBGene00006170.,0,0,0
WBGene00006171.,0,0,0
WBGene00006172.,15,9,24
WBGene00006173.,3,1,4
WBGene00006174.,0,1,1
WBGene00006175.,4,0,4
WBGene00006176.,0,7,7
WBGene00006177.,2,5,7
WBGene00006178.,0,5,5
WBGene00006179.,0,6,6
WBGene00006180.,4,10,14
WBGene00006181.,0,3,3
WBGene00006182.,3,8,11
WBGene00006183.,5,5,10
WBGene00006184.,0,0,0
WBGene00006185.,0,1,1
WBGene00006186.,2,3,5
WBGene00006187.,5,3,8
WBGene00006188.,2,13,15
WBGene00006189.,5,15,20
WBGene00006190.,0,1,1
WBGene00006191.,2,10,12
WBGene00006192.,2,0,2
WBGene00006193.,3,4,7
WBGene00006194.,5,1,6
WBGene00006195.,0,12,12
WBGene00006196.,2,0,2
WBGene00006197.,1,1,2
WBGene00006198.,8,50,58
WBGene00006199.,10,9,19
WBGene00006200.,0,0,0
WBGene00006201.,4,12,16
WBGene00006202.,4,6,10
WBGene00006203.,3,2,5
WBGene00006204.,2,1,3
WBGene00006205.,4,11,15
WBGene00006206.,3,0,3
WBGene00006207.,6,35,41
WBGene00006208.,16,23,39
WBGene00006209.,3,23,26
WBGene00006210.,9,13,22
WBGene00006211.,26,81,107
WBGene00006212.,8,24,32
WBGene00006213.,1,17,18
WBGene00006214.,15,7,22
WBGene00006215.,1,9,10
WBGene00006216.,1,2,3
WBGene00006217.,5,6,11
WBGene00006218.,8,30,38
WBGene00006219.,1,13,14
WBGene00006220.,22,116,138
WBGene00006221.,1,1,2
WBGene00006222.,2,9,11
WBGene00006223.,2,3,5
WBGene00006224.,0,2,2
WBGene00006225.,7,2,9
WBGene00006226.,6,26,32
WBGene00006227.,0,4,4
WBGene00006228.,4,2,6
WBGene00006229.,0,9,9
WBGene00006230.,3,5,8
WBGene00006231.,0,2,2
WBGene00006232.,3,2,5
WBGene00006233.,6,8,14
WBGene00006234.,3,6,9
WBGene00006235.,0,1,1
WBGene00006236.,1,4,5
WBGene00006237.,2,17,19
WBGene00006238.,0,1,1
WBGene00006239.,4,11,15
WBGene00006240.,1,4,5
WBGene00006241.,4,1,5
WBGene00006242.,3,1,4
WBGene00006243.,11,3,14
WBGene00006244.,0,3,3
WBGene00006245.,0,1,1
WBGene00006246.,4,2,6
WBGene00006247.,2,1,3
WBGene00006248.,1,1,2
WBGene00006249.,5,4,9
WBGene00006250.,5,2,7
WBGene00006251.,2,11,13
WBGene00006252.,2,4,6
WBGene00006253.,17,0,17
WBGene00006254.,0,3,3
WBGene00006255.,12,5,17
WBGene00006256.,0,7,7
WBGene00006257.,0,2,2
WBGene00006258.,3,12,15
WBGene00006259.,2,1,3
WBGene00006260.,2,0,2
WBGene00006261.,2,4,6
WBGene00006262.,0,2,2
WBGene00006263.,0,5,5
WBGene00006264.,0,1,1
WBGene00006265.,3,2,5
WBGene00006266.,90,1,91
WBGene00006267.,0,3,3
WBGene00006268.,0,7,7
WBGene00006269.,0,1,1
WBGene00006270.,2,4,6
WBGene00006271.,0,0,0
WBGene00006272.,6,18,24
WBGene00006273.,2,4,6
WBGene00006274.,0,0,0
WBGene00006275.,0,0,0
WBGene00006276.,1,3,4
WBGene00006277.,0,5,5
WBGene00006278.,3,6,9
WBGene00006279.,6,20,26
WBGene00006280.,1,6,7
WBGene00006281.,13,2,15
WBGene00006282.,0,0,0
WBGene00006283.,0,0,0
WBGene00006284.,0,0,0
WBGene00006285.,9,22,31
WBGene00006286.,10,9,19
WBGene00006287.,12,18,30
WBGene00006288.,8,8,16
WBGene00006289.,3,1,4
WBGene00006306.,606,2282,2888
WBGene00006307.,86,1838,1924
WBGene00006308.,30,175,205
WBGene00006309.,94,2538,2632
WBGene00006310.,92,92,184
WBGene00006311.,9,127,136
WBGene00006314.,0,0,0
WBGene00006315.,0,0,0
WBGene00006316.,0,0,0
WBGene00006318.,105,881,986
WBGene00006319.,35,615,650
WBGene00006321.,170,4048,4218
WBGene00006324.,30,812,842
WBGene00006327.,0,0,0
WBGene00006330.,0,0,0
WBGene00006331.,206,6817,7023
WBGene00006333.,0,0,0
WBGene00006334.,0,0,0
WBGene00006338.,0,0,0
WBGene00006342.,252,3090,3342
WBGene00006344.,0,0,0
WBGene00006349.,169,816,985
WBGene00006351.,67,1324,1391
WBGene00006352.,104,2144,2248
WBGene00006353.,35,437,472
WBGene00006359.,73,1813,1886
WBGene00006363.,182,527,709
WBGene00006364.,357,1544,1901
WBGene00006365.,104,855,959
WBGene00006366.,130,3673,3803
WBGene00006367.,0,0,0
WBGene00006368.,123,450,573
WBGene00006369.,25,810,835
WBGene00006371.,45,180,225
WBGene00006372.,57,724,781
WBGene00006373.,75,1451,1526
WBGene00006374.,19,61,80
WBGene00006375.,5,150,155
WBGene00006376.,4,146,150
WBGene00006377.,59,482,541
WBGene00006379.,59,615,674
WBGene00006380.,19,448,467
WBGene00006381.,56,2088,2144
WBGene00006382.,553,2320,2873
WBGene00006383.,69,341,410
WBGene00006384.,171,872,1043
WBGene00006385.,667,1083,1750
WBGene00006386.,115,593,708
WBGene00006387.,36,227,263
WBGene00006388.,19,90,109
WBGene00006389.,21,357,378
WBGene00006390.,42,341,383
WBGene00006391.,39,312,351
WBGene00006392.,97,997,1094
WBGene00006393.,15,407,422
WBGene00006394.,25,185,210
WBGene00006395.,14,140,154
WBGene00006396.,321,989,1310
WBGene00006397.,23,468,491
WBGene00006399.,30,17,47
WBGene00006402.,78,571,649
WBGene00006404.,190,795,985
WBGene00006405.,359,2300,2659
WBGene00006406.,170,2100,2270
WBGene00006407.,1057,4380,5437
WBGene00006408.,1565,12887,14452
WBGene00006409.,2,9,11
WBGene00006410.,101,1446,1547
WBGene00006411.,12,137,149
WBGene00006412.,231,1537,1768
WBGene00006414.,3,897,900
WBGene00006415.,195,1092,1287
WBGene00006416.,1,10,11
WBGene00006418.,3,50,53
WBGene00006419.,12,3,15
WBGene00006423.,628,6528,7156
WBGene00006424.,307,1025,1332
WBGene00006428.,111,164,275
WBGene00006429.,10,39,49
WBGene00006430.,49,308,357
WBGene00006431.,27,255,282
WBGene00006432.,94,944,1038
WBGene00006433.,634,9489,10123
WBGene00006434.,390,18042,18432
WBGene00006435.,9,38,47
WBGene00006436.,3571,93605,97176
WBGene00006437.,164,3684,3848
WBGene00006438.,198,2078,2276
WBGene00006439.,636,277527,278163
WBGene00006440.,80,261,341
WBGene00006441.,82,338,420
WBGene00006442.,189,1195,1384
WBGene00006443.,19,352,371
WBGene00006444.,22,842,864
WBGene00006445.,76,697,773
WBGene00006446.,7,229,236
WBGene00006447.,14,944,958
WBGene00006448.,27,419,446
WBGene00006449.,3,3,6
WBGene00006450.,277,1145,1422
WBGene00006452.,1876,12619,14495
WBGene00006454.,7,42,49
WBGene00006459.,42,647,689
WBGene00006460.,151,3659,3810
WBGene00006461.,16,140,156
WBGene00006462.,261,1433,1694
WBGene00006463.,34,263,297
WBGene00006464.,2,23,25
WBGene00006465.,38,1424,1462
WBGene00006466.,99,326,425
WBGene00006467.,169,1076,1245
WBGene00006468.,75,582,657
WBGene00006470.,26,1202,1228
WBGene00006471.,1,0,1
WBGene00006472.,45,1412,1457
WBGene00006473.,10,497,507
WBGene00006474.,30,1185,1215
WBGene00006475.,65,406,471
WBGene00006476.,420,1079,1499
WBGene00006477.,75,141,216
WBGene00006478.,111,1092,1203
WBGene00006479.,187,1533,1720
WBGene00006481.,304,1538,1842
WBGene00006483.,336,2045,2381
WBGene00006484.,5,1,6
WBGene00006486.,21,95,116
WBGene00006487.,18,89,107
WBGene00006488.,0,1,1
WBGene00006489.,49,1562,1611
WBGene00006490.,204,850,1054
WBGene00006491.,4,539,543
WBGene00006492.,76,368,444
WBGene00006493.,127,952,1079
WBGene00006494.,22,1778,1800
WBGene00006495.,530,3122,3652
WBGene00006496.,391,952,1343
WBGene00006497.,171,3081,3252
WBGene00006498.,254,1837,2091
WBGene00006499.,80,740,820
WBGene00006503.,67,1095,1162
WBGene00006504.,64,531,595
WBGene00006505.,116,284,400
WBGene00006508.,892,3407,4299
WBGene00006509.,2,0,2
WBGene00006510.,413,1828,2241
WBGene00006512.,177,4275,4452
WBGene00006513.,479,1923,2402
WBGene00006514.,24,1032,1056
WBGene00006515.,72,3108,3180
WBGene00006516.,28,491,519
WBGene00006517.,120,2049,2169
WBGene00006518.,31,2950,2981
WBGene00006519.,3306,25292,28598
WBGene00006520.,0,301,301
WBGene00006522.,46,123,169
WBGene00006523.,72,1271,1343
WBGene00006524.,66,874,940
WBGene00006525.,22,182,204
WBGene00006526.,18,141,159
WBGene00006527.,756,6959,7715
WBGene00006528.,119,22674,22793
WBGene00006529.,2189,21547,23736
WBGene00006530.,18,195,213
WBGene00006531.,31,191,222
WBGene00006532.,25,45,70
WBGene00006533.,41,143,184
WBGene00006534.,470,2569,3039
WBGene00006535.,200,1013,1213
WBGene00006536.,14,12108,12122
WBGene00006537.,565,31751,32316
WBGene00006538.,25,610,635
WBGene00006539.,2,15,17
WBGene00006540.,23,565,588
WBGene00006541.,81,617,698
WBGene00006542.,29,436,465
WBGene00006543.,81,1060,1141
WBGene00006544.,16,5,21
WBGene00006545.,2,11,13
WBGene00006546.,5,2,7
WBGene00006547.,0,13,13
WBGene00006549.,0,0,0
WBGene00006550.,0,2,2
WBGene00006551.,3,4,7
WBGene00006552.,11,10,21
WBGene00006553.,1,1,2
WBGene00006554.,2,1,3
WBGene00006555.,12,39,51
WBGene00006556.,2,8,10
WBGene00006557.,7,2,9
WBGene00006558.,0,3,3
WBGene00006559.,1,1,2
WBGene00006560.,6,0,6
WBGene00006561.,95,908,1003
WBGene00006562.,182,1083,1265
WBGene00006563.,286,630,916
WBGene00006565.,63,3288,3351
WBGene00006566.,59,826,885
WBGene00006567.,15,771,786
WBGene00006568.,18,416,434
WBGene00006570.,56,1110,1166
WBGene00006571.,117,774,891
WBGene00006572.,448,5066,5514
WBGene00006573.,199,1748,1947
WBGene00006574.,204,8256,8460
WBGene00006575.,567,1461,2028
WBGene00006576.,76,332,408
WBGene00006577.,190,1357,1547
WBGene00006578.,137,1035,1172
WBGene00006579.,330,2751,3081
WBGene00006580.,72,870,942
WBGene00006582.,229,1283,1512
WBGene00006583.,267,7350,7617
WBGene00006584.,2387,26144,28531
WBGene00006585.,281,8832,9113
WBGene00006586.,245,5304,5549
WBGene00006587.,1363,20553,21916
WBGene00006588.,1289,12002,13291
WBGene00006589.,273,2696,2969
WBGene00006590.,64,853,917
WBGene00006591.,122,187,309
WBGene00006592.,73,433,506
WBGene00006593.,574,1548,2122
WBGene00006594.,651,2791,3442
WBGene00006595.,213,6388,6601
WBGene00006596.,126,220,346
WBGene00006597.,8,282,290
WBGene00006598.,0,56,56
WBGene00006599.,833,1718,2551
WBGene00006600.,4,141,145
WBGene00006601.,87,14329,14416
WBGene00006602.,245,1811,2056
WBGene00006603.,1212,4750,5962
WBGene00006604.,409,1492,1901
WBGene00006605.,180,772,952
WBGene00006606.,41,333,374
WBGene00006607.,132,1475,1607
WBGene00006608.,53,549,602
WBGene00006609.,53,386,439
WBGene00006610.,34,75,109
WBGene00006611.,5,128,133
WBGene00006612.,4,22,26
WBGene00006613.,107,2656,2763
WBGene00006614.,153,557,710
WBGene00006615.,476,758,1234
WBGene00006616.,54,101,155
WBGene00006617.,177,5157,5334
WBGene00006618.,178,252,430
WBGene00006619.,3,4,7
WBGene00006620.,70,135,205
WBGene00006621.,31,16,47
WBGene00006622.,8,10,18
WBGene00006623.,90,155,245
WBGene00006624.,224,540,764
WBGene00006625.,7,11,18
WBGene00006626.,36,6400,6436
WBGene00006627.,20,166,186
WBGene00006628.,8,117,125
WBGene00006629.,16,159,175
WBGene00006630.,2,31,33
WBGene00006631.,0,7,7
WBGene00006632.,124,135,259
WBGene00006633.,249,1651,1900
WBGene00006634.,1087,8832,9919
WBGene00006635.,5,340,345
WBGene00006636.,22,117,139
WBGene00006637.,25,416,441
WBGene00006638.,20,526,546
WBGene00006639.,26,42,68
WBGene00006640.,122,737,859
WBGene00006641.,49,610,659
WBGene00006642.,34,337,371
WBGene00006643.,51,628,679
WBGene00006644.,5,17,22
WBGene00006645.,35,57,92
WBGene00006646.,16,160,176
WBGene00006647.,147,755,902
WBGene00006648.,399,943,1342
WBGene00006649.,109,1704,1813
WBGene00006650.,0,15964,15964
WBGene00006651.,8,1636,1644
WBGene00006652.,162,431,593
WBGene00006654.,22,211,233
WBGene00006655.,35,230,265
WBGene00006656.,18,73,91
WBGene00006657.,322,460,782
WBGene00006658.,20,122,142
WBGene00006659.,25,5,30
WBGene00006660.,16,189,205
WBGene00006661.,2,4,6
WBGene00006662.,144,729,873
WBGene00006663.,655,4166,4821
WBGene00006664.,34,187,221
WBGene00006665.,46,93,139
WBGene00006666.,25,195,220
WBGene00006667.,191,902,1093
WBGene00006668.,395,820,1215
WBGene00006669.,78,195,273
WBGene00006670.,17,68,85
WBGene00006671.,132,773,905
WBGene00006672.,230,6469,6699
WBGene00006673.,23,86,109
WBGene00006674.,12,31,43
WBGene00006675.,13,64,77
WBGene00006676.,31,140,171
WBGene00006677.,44,484,528
WBGene00006678.,27,109,136
WBGene00006679.,24,62,86
WBGene00006680.,58,261,319
WBGene00006681.,111,747,858
WBGene00006682.,120,440,560
WBGene00006683.,383,1318,1701
WBGene00006684.,169,137,306
WBGene00006685.,22,139,161
WBGene00006686.,16,62,78
WBGene00006687.,21,93,114
WBGene00006688.,15,20,35
WBGene00006689.,4,2,6
WBGene00006690.,41,92,133
WBGene00006691.,143,416,559
WBGene00006692.,104,895,999
WBGene00006693.,685,2163,2848
WBGene00006694.,20,54,74
WBGene00006695.,225,55,280
WBGene00006696.,67,338,405
WBGene00006697.,550,2726,3276
WBGene00006698.,125,3769,3894
WBGene00006699.,108,4623,4731
WBGene00006700.,263,971,1234
WBGene00006701.,283,1270,1553
WBGene00006702.,177,2967,3144
WBGene00006703.,40,1266,1306
WBGene00006704.,126,3548,3674
WBGene00006705.,40,144,184
WBGene00006706.,61,2250,2311
WBGene00006707.,0,1943,1943
WBGene00006708.,122,3399,3521
WBGene00006709.,282,1905,2187
WBGene00006710.,252,159,411
WBGene00006711.,34,464,498
WBGene00006712.,121,637,758
WBGene00006713.,93,2362,2455
WBGene00006714.,96,479,575
WBGene00006715.,36,3157,3193
WBGene00006716.,21,11,32
WBGene00006717.,26,323,349
WBGene00006718.,2,17,19
WBGene00006719.,3,0,3
WBGene00006720.,45,2319,2364
WBGene00006721.,46,539,585
WBGene00006722.,39,235,274
WBGene00006723.,81,635,716
WBGene00006724.,184,3559,3743
WBGene00006725.,15249,147199,162448
WBGene00006726.,174,2418,2592
WBGene00006727.,191,10065,10256
WBGene00006728.,13225,134271,147496
WBGene00006729.,65,491,556
WBGene00006730.,20,4559,4579
WBGene00006731.,9,120,129
WBGene00006732.,94,491,585
WBGene00006733.,183,1163,1346
WBGene00006734.,36,1180,1216
WBGene00006735.,13,513,526
WBGene00006736.,102,980,1082
WBGene00006737.,23,567,590
WBGene00006738.,6,469,475
WBGene00006739.,198,3095,3293
WBGene00006740.,14,100,114
WBGene00006741.,265,4621,4886
WBGene00006742.,1116,2786,3902
WBGene00006743.,46,289,335
WBGene00006744.,33,300,333
WBGene00006745.,445,869,1314
WBGene00006746.,71,888,959
WBGene00006747.,1083,1480,2563
WBGene00006748.,33,157,190
WBGene00006749.,382,1768,2150
WBGene00006750.,239,1539,1778
WBGene00006751.,386,1599,1985
WBGene00006752.,1300,4750,6050
WBGene00006753.,411,5451,5862
WBGene00006754.,3684,80285,83969
WBGene00006755.,397,3746,4143
WBGene00006756.,14,8,22
WBGene00006757.,205,2217,2422
WBGene00006759.,2187,27405,29592
WBGene00006760.,298,3421,3719
WBGene00006761.,90,659,749
WBGene00006762.,865,4858,5723
WBGene00006763.,197,1286,1483
WBGene00006764.,4590,49157,53747
WBGene00006765.,216,479,695
WBGene00006766.,77,516,593
WBGene00006767.,551,1149,1700
WBGene00006768.,376,5098,5474
WBGene00006769.,454,1609,2063
WBGene00006770.,619,2381,3000
WBGene00006771.,758,8640,9398
WBGene00006772.,325,2477,2802
WBGene00006773.,107,1459,1566
WBGene00006774.,86,492,578
WBGene00006775.,10,57,67
WBGene00006776.,343,2510,2853
WBGene00006777.,188,2731,2919
WBGene00006778.,79,1043,1122
WBGene00006779.,2132,9843,11975
WBGene00006780.,2907,32921,35828
WBGene00006781.,278,1325,1603
WBGene00006782.,12,273,285
WBGene00006783.,63,492,555
WBGene00006784.,748,3096,3844
WBGene00006785.,15,483,498
WBGene00006786.,202,2223,2425
WBGene00006787.,762,6394,7156
WBGene00006788.,351,1508,1859
WBGene00006789.,1498,80411,81909
WBGene00006790.,28,146,174
WBGene00006791.,186,2083,2269
WBGene00006792.,375,746,1121
WBGene00006793.,36,1030,1066
WBGene00006794.,440,15619,16059
WBGene00006795.,40,784,824
WBGene00006796.,424,4924,5348
WBGene00006797.,236,361,597
WBGene00006798.,1079,4737,5816
WBGene00006801.,2143,22809,24952
WBGene00006802.,41,3664,3705
WBGene00006803.,593,9590,10183
WBGene00006804.,75,499,574
WBGene00006805.,2027,7178,9205
WBGene00006807.,283,584,867
WBGene00006808.,330,3207,3537
WBGene00006809.,528,1264,1792
WBGene00006810.,171,1720,1891
WBGene00006811.,420,1407,1827
WBGene00006812.,700,5420,6120
WBGene00006814.,1146,4068,5214
WBGene00006815.,559,7266,7825
WBGene00006816.,47,1027,1074
WBGene00006817.,153,1901,2054
WBGene00006818.,118,1766,1884
WBGene00006819.,1679,40384,42063
WBGene00006820.,3759,31809,35568
WBGene00006822.,117,572,689
WBGene00006823.,739,5389,6128
WBGene00006824.,148,6218,6366
WBGene00006825.,293,3526,3819
WBGene00006826.,404,7787,8191
WBGene00006827.,1745,2947,4692
WBGene00006829.,39,719,758
WBGene00006830.,2019,2157,4176
WBGene00006831.,1088,5395,6483
WBGene00006832.,137,793,930
WBGene00006833.,544,10845,11389
WBGene00006836.,109,5771,5880
WBGene00006839.,421,5263,5684
WBGene00006840.,217,5768,5985
WBGene00006843.,174,1195,1369
WBGene00006844.,166,2376,2542
WBGene00006845.,465,2675,3140
WBGene00006852.,61,2115,2176
WBGene00006853.,16,327,343
WBGene00006856.,36,1349,1385
WBGene00006861.,512,3897,4409
WBGene00006862.,18,201,219
WBGene00006863.,190,11341,11531
WBGene00006864.,373,706,1079
WBGene00006865.,12,154,166
WBGene00006868.,369,1374,1743
WBGene00006869.,63,459,522
WBGene00006870.,329,855,1184
WBGene00006873.,27,135,162
WBGene00006874.,307,4140,4447
WBGene00006875.,27,1164,1191
WBGene00006876.,2871,5546,8417
WBGene00006881.,14,215,229
WBGene00006882.,88,490,578
WBGene00006886.,1071,8902,9973
WBGene00006887.,173,573,746
WBGene00006888.,57,2509,2566
WBGene00006889.,65,6133,6198
WBGene00006890.,243,3029,3272
WBGene00006893.,144,1354,1498
WBGene00006894.,8,4,12
WBGene00006895.,2,1,3
WBGene00006896.,51,367,418
WBGene00006897.,11,25,36
WBGene00006902.,1,2,3
WBGene00006910.,0,4859,4859
WBGene00006911.,84,10093,10177
WBGene00006912.,0,3020,3020
WBGene00006913.,26,4070,4096
WBGene00006914.,19,1828,1847
WBGene00006915.,13,847,860
WBGene00006916.,78,475,553
WBGene00006917.,99,8149,8248
WBGene00006918.,303,5209,5512
WBGene00006919.,173,8754,8927
WBGene00006920.,465,4736,5201
WBGene00006921.,17,4448,4465
WBGene00006922.,13,363,376
WBGene00006923.,1108,2871,3979
WBGene00006924.,323,26673,26996
WBGene00006925.,0,2,2
WBGene00006926.,0,2,2
WBGene00006927.,0,9,9
WBGene00006928.,0,14,14
WBGene00006929.,0,1,1
WBGene00006930.,0,5,5
WBGene00006931.,74,1095,1169
WBGene00006932.,243,1706,1949
WBGene00006933.,47,1092,1139
WBGene00006934.,145,834,979
WBGene00006935.,41,1488,1529
WBGene00006936.,302,4104,4406
WBGene00006937.,265,4407,4672
WBGene00006938.,2,47,49
WBGene00006939.,3,8,11
WBGene00006940.,2,218,220
WBGene00006941.,286,2675,2961
WBGene00006942.,123,3014,3137
WBGene00006943.,41,468,509
WBGene00006944.,29,378,407
WBGene00006945.,132,1790,1922
WBGene00006946.,47,463,510
WBGene00006947.,7,94,101
WBGene00006948.,8,119,127
WBGene00006949.,34,312,346
WBGene00006950.,13,28,41
WBGene00006951.,102,879,981
WBGene00006952.,7,143,150
WBGene00006953.,15,5,20
WBGene00006954.,4,5,9
WBGene00006955.,52,85,137
WBGene00006956.,97,1975,2072
WBGene00006957.,207,1261,1468
WBGene00006958.,60,319,379
WBGene00006959.,950,35140,36090
WBGene00006960.,21,88,109
WBGene00006961.,453,5127,5580
WBGene00006962.,2,14,16
WBGene00006963.,43,701,744
WBGene00006964.,329,2220,2549
WBGene00006965.,2,104,106
WBGene00006966.,1,66,67
WBGene00006967.,0,42,42
WBGene00006968.,91,1146,1237
WBGene00006970.,24,1341,1365
WBGene00006971.,84,558,642
WBGene00006974.,19,747,766
WBGene00006975.,631,5343,5974
WBGene00006976.,459,180,639
WBGene00006977.,6,102,108
WBGene00006978.,159,4708,4867
WBGene00006979.,0,124,124
WBGene00006980.,3,194,197
WBGene00006981.,6,499,505
WBGene00006982.,113,1462,1575
WBGene00006983.,62,265,327
WBGene00006984.,693,2932,3625
WBGene00006985.,304,940,1244
WBGene00006986.,187,737,924
WBGene00006987.,86,169,255
WBGene00006988.,41,385,426
WBGene00006993.,185,513,698
WBGene00006994.,127,1885,2012
WBGene00006996.,23,583,606
WBGene00006997.,9,539,548
WBGene00006999.,1765,15096,16861
WBGene00007000.,271,11930,12201
WBGene00007001.,18,2342,2360
WBGene00007006.,142,795,937
WBGene00007007.,100,1144,1244
WBGene00007008.,119,2287,2406
WBGene00007009.,122,2023,2145
WBGene00007010.,122,1849,1971
WBGene00007011.,35,266,301
WBGene00007012.,53,437,490
WBGene00007013.,179,491,670
WBGene00007014.,29,235,264
WBGene00007015.,8,461,469
WBGene00007016.,393,4940,5333
WBGene00007017.,540,614,1154
WBGene00007018.,64,822,886
WBGene00007019.,101,1950,2051
WBGene00007020.,111,454,565
WBGene00007021.,45,1063,1108
WBGene00007022.,199,1449,1648
WBGene00007023.,63,978,1041
WBGene00007024.,1216,5550,6766
WBGene00007025.,141,1213,1354
WBGene00007026.,42,412,454
WBGene00007027.,1114,4319,5433
WBGene00007028.,71,2268,2339
WBGene00007029.,118,784,902
WBGene00007030.,1020,8422,9442
WBGene00007036.,1,4,5
WBGene00007041.,124,600,724
WBGene00007042.,159,4945,5104
WBGene00007043.,7,351,358
WBGene00007044.,241,2722,2963
WBGene00007045.,4,316,320
WBGene00007047.,60,436,496
WBGene00007048.,122,3247,3369
WBGene00007049.,11,73,84
WBGene00007050.,624,5349,5973
WBGene00007053.,175,5140,5315
WBGene00007054.,572,1492,2064
WBGene00007055.,108,2353,2461
WBGene00007056.,68,396,464
WBGene00007057.,0,20,20
WBGene00007058.,187,3259,3446
WBGene00007059.,38,366,404
WBGene00007060.,1,0,1
WBGene00007062.,1,0,1
WBGene00007063.,59,242,301
WBGene00007064.,90,527,617
WBGene00007065.,13,161,174
WBGene00007066.,0,4,4
WBGene00007067.,69,505,574
WBGene00007068.,75,645,720
WBGene00007070.,18,496,514
WBGene00007071.,97,1130,1227
WBGene00007072.,4,21,25
WBGene00007073.,22,208,230
WBGene00007074.,1,2,3
WBGene00007075.,0,0,0
WBGene00007076.,0,0,0
WBGene00007077.,10,1,11
WBGene00007078.,0,1,1
WBGene00007079.,0,0,0
WBGene00007080.,1,4,5
WBGene00007081.,2,4,6
WBGene00007082.,0,17,17
WBGene00007083.,1,3,4
WBGene00007085.,0,119,119
WBGene00007087.,34,487,521
WBGene00007088.,74,1253,1327
WBGene00007089.,59,819,878
WBGene00007090.,24,428,452
WBGene00007091.,390,3308,3698
WBGene00007092.,24,118,142
WBGene00007093.,8,410,418
WBGene00007094.,124,356,480
WBGene00007096.,41,464,505
WBGene00007097.,36,133,169
WBGene00007099.,227,2835,3062
WBGene00007100.,14,463,477
WBGene00007101.,34,1933,1967
WBGene00007102.,25,187,212
WBGene00007103.,177,1095,1272
WBGene00007104.,96,696,792
WBGene00007105.,74,1929,2003
WBGene00007106.,76,1335,1411
WBGene00007107.,512,5867,6379
WBGene00007108.,123,1552,1675
WBGene00007109.,6,155,161
WBGene00007110.,102,1304,1406
WBGene00007111.,72,1449,1521
WBGene00007112.,155,914,1069
WBGene00007113.,94,1726,1820
WBGene00007114.,24,108,132
WBGene00007115.,83,243,326
WBGene00007116.,61,264,325
WBGene00007117.,13,24,37
WBGene00007118.,73,540,613
WBGene00007119.,132,947,1079
WBGene00007120.,1,40,41
WBGene00007121.,60,180,240
WBGene00007122.,104,6241,6345
WBGene00007123.,0,2,2
WBGene00007124.,34,75,109
WBGene00007125.,0,5,5
WBGene00007126.,116,704,820
WBGene00007127.,3,0,3
WBGene00007128.,31,344,375
WBGene00007129.,19,3442,3461
WBGene00007130.,28,154,182
WBGene00007131.,10,30,40
WBGene00007132.,4,34,38
WBGene00007133.,17,274,291
WBGene00007134.,23,6,29
WBGene00007135.,267,1175,1442
WBGene00007136.,116,992,1108
WBGene00007137.,88,1147,1235
WBGene00007138.,42,186,228
WBGene00007139.,176,2060,2236
WBGene00007140.,15,24,39
WBGene00007141.,7,12,19
WBGene00007142.,291,3023,3314
WBGene00007143.,20,877,897
WBGene00007144.,28,837,865
WBGene00007145.,5,568,573
WBGene00007146.,7,112,119
WBGene00007147.,1,6,7
WBGene00007148.,6,12,18
WBGene00007149.,2,32,34
WBGene00007150.,15,639,654
WBGene00007151.,9,4,13
WBGene00007152.,9,14,23
WBGene00007153.,4,161,165
WBGene00007154.,46,284,330
WBGene00007155.,344,6750,7094
WBGene00007156.,3,4,7
WBGene00007158.,0,6,6
WBGene00007159.,0,7,7
WBGene00007160.,4,1,5
WBGene00007161.,1,0,1
WBGene00007162.,97,207,304
WBGene00007163.,0,6,6
WBGene00007164.,1,16,17
WBGene00007165.,80,85,165
WBGene00007166.,11,556,567
WBGene00007167.,131,742,873
WBGene00007168.,4,478,482
WBGene00007169.,12,9,21
WBGene00007170.,33,192,225
WBGene00007171.,18,56,74
WBGene00007172.,8,91,99
WBGene00007173.,0,0,0
WBGene00007174.,15,154,169
WBGene00007175.,44,972,1016
WBGene00007176.,1345,1110,2455
WBGene00007177.,13,15,28
WBGene00007178.,3,282,285
WBGene00007179.,6,9,15
WBGene00007180.,57,829,886
WBGene00007181.,10,3,13
WBGene00007182.,3,0,3
WBGene00007183.,2,53,55
WBGene00007184.,210,3899,4109
WBGene00007185.,147,1150,1297
WBGene00007186.,54,798,852
WBGene00007187.,34,222,256
WBGene00007188.,80,607,687
WBGene00007189.,28,339,367
WBGene00007190.,1,24,25
WBGene00007191.,42,227,269
WBGene00007192.,503,7350,7853
WBGene00007193.,90,776,866
WBGene00007194.,5,777,782
WBGene00007195.,154,1089,1243
WBGene00007196.,114,311,425
WBGene00007197.,737,5627,6364
WBGene00007198.,13,15,28
WBGene00007199.,10,11,21
WBGene00007200.,235,1787,2022
WBGene00007201.,0,156,156
WBGene00007202.,29,196,225
WBGene00007203.,3,169,172
WBGene00007204.,7,19,26
WBGene00007206.,0,59,59
WBGene00007207.,95,1047,1142
WBGene00007208.,0,0,0
WBGene00007209.,3,1,4
WBGene00007210.,15,62,77
WBGene00007211.,5,7,12
WBGene00007212.,21,34,55
WBGene00007213.,8,298,306
WBGene00007214.,142,647,789
WBGene00007215.,73,1311,1384
WBGene00007216.,231,742,973
WBGene00007217.,110,2402,2512
WBGene00007218.,48,5,53
WBGene00007219.,60,1699,1759
WBGene00007220.,4,34,38
WBGene00007221.,45,363,408
WBGene00007222.,0,50,50
WBGene00007223.,263,4486,4749
WBGene00007224.,21,47,68
WBGene00007225.,3,29,32
WBGene00007226.,96,656,752
WBGene00007227.,252,5863,6115
WBGene00007228.,36,184,220
WBGene00007229.,22,83,105
WBGene00007230.,5,12,17
WBGene00007231.,47,77,124
WBGene00007232.,16,112,128
WBGene00007233.,161,3638,3799
WBGene00007234.,1,387,388
WBGene00007235.,457,7951,8408
WBGene00007236.,5,344,349
WBGene00007237.,49,333,382
WBGene00007238.,0,2,2
WBGene00007239.,0,2,2
WBGene00007240.,666,4835,5501
WBGene00007241.,97,452,549
WBGene00007242.,33,565,598
WBGene00007243.,0,11,11
WBGene00007244.,0,8,8
WBGene00007245.,1,3,4
WBGene00007246.,0,15,15
WBGene00007247.,57,162,219
WBGene00007248.,1,6,7
WBGene00007249.,3,0,3
WBGene00007250.,0,2,2
WBGene00007251.,0,4,4
WBGene00007252.,40,155,195
WBGene00007253.,28,176,204
WBGene00007254.,25,88,113
WBGene00007255.,7,74,81
WBGene00007256.,939,2449,3388
WBGene00007257.,245,1030,1275
WBGene00007258.,38,366,404
WBGene00007259.,3,2,5
WBGene00007260.,517,1077,1594
WBGene00007261.,206,2775,2981
WBGene00007262.,12,41,53
WBGene00007264.,14,97,111
WBGene00007265.,0,17,17
WBGene00007266.,50,607,657
WBGene00007267.,31,318,349
WBGene00007268.,16,78,94
WBGene00007269.,5,4,9
WBGene00007270.,20,447,467
WBGene00007271.,39,135,174
WBGene00007273.,15,11,26
WBGene00007274.,8,42,50
WBGene00007275.,47,119,166
WBGene00007277.,15,49,64
WBGene00007278.,2,9,11
WBGene00007279.,1,5,6
WBGene00007281.,3,148,151
WBGene00007282.,15,15,30
WBGene00007283.,0,0,0
WBGene00007284.,140,530,670
WBGene00007285.,18,159,177
WBGene00007286.,16,185,201
WBGene00007287.,23,331,354
WBGene00007288.,1,23,24
WBGene00007289.,1,0,1
WBGene00007290.,0,0,0
WBGene00007291.,2,2,4
WBGene00007292.,3,11,14
WBGene00007293.,0,2,2
WBGene00007294.,1,0,1
WBGene00007295.,13,243,256
WBGene00007296.,75,1599,1674
WBGene00007297.,40,217,257
WBGene00007299.,26,496,522
WBGene00007300.,0,1,1
WBGene00007301.,1641676,87,1641763
WBGene00007302.,29,815,844
WBGene00007303.,11,50,61
WBGene00007304.,124,706,830
WBGene00007305.,1,12,13
WBGene00007306.,4,2,6
WBGene00007307.,0,3,3
WBGene00007308.,1,3,4
WBGene00007309.,5,12,17
WBGene00007310.,16,32,48
WBGene00007311.,5,4,9
WBGene00007312.,20,945,965
WBGene00007313.,3,2,5
WBGene00007314.,43,59,102
WBGene00007315.,0,5,5
WBGene00007316.,362,1940,2302
WBGene00007317.,42,2103,2145
WBGene00007319.,3,0,3
WBGene00007320.,0,1,1
WBGene00007321.,24,240,264
WBGene00007322.,2,14,16
WBGene00007323.,11,8,19
WBGene00007324.,263,1724,1987
WBGene00007325.,7,32,39
WBGene00007326.,26,71,97
WBGene00007327.,30,102,132
WBGene00007328.,7,9,16
WBGene00007329.,101,740,841
WBGene00007330.,291,14127,14418
WBGene00007331.,607,3055,3662
WBGene00007332.,0,249,249
WBGene00007333.,110,931,1041
WBGene00007334.,32,191,223
WBGene00007335.,3,1,4
WBGene00007336.,17,314,331
WBGene00007337.,2,27,29
WBGene00007338.,31,166,197
WBGene00007339.,11,70,81
WBGene00007340.,22,73,95
WBGene00007341.,0,0,0
WBGene00007342.,0,2,2
WBGene00007343.,16,206,222
WBGene00007344.,10,26,36
WBGene00007345.,45,354,399
WBGene00007346.,18,118,136
WBGene00007347.,34,112,146
WBGene00007348.,60,314,374
WBGene00007349.,73,504,577
WBGene00007350.,779,12556,13335
WBGene00007351.,32,58,90
WBGene00007352.,213,3965,4178
WBGene00007353.,369,3122,3491
WBGene00007354.,4,31,35
WBGene00007355.,0,5633,5633
WBGene00007356.,0,25,25
WBGene00007357.,133,699,832
WBGene00007358.,6,22,28
WBGene00007359.,6,2,8
WBGene00007360.,4,11,15
WBGene00007361.,9,4,13
WBGene00007362.,46,209,255
WBGene00007363.,29,1018,1047
WBGene00007364.,1,28,29
WBGene00007365.,342,6903,7245
WBGene00007366.,170,457,627
WBGene00007367.,17,164,181
WBGene00007368.,4,52,56
WBGene00007369.,0,9,9
WBGene00007370.,1,5,6
WBGene00007372.,18,106,124
WBGene00007373.,0,0,0
WBGene00007374.,10,36,46
WBGene00007375.,34,100,134
WBGene00007376.,0,6,6
WBGene00007377.,1,3,4
WBGene00007378.,26,15,41
WBGene00007379.,0,0,0
WBGene00007380.,0,2,2
WBGene00007381.,0,6,6
WBGene00007382.,2,12,14
WBGene00007383.,1,0,1
WBGene00007384.,4,140,144
WBGene00007385.,3503,40675,44178
WBGene00007386.,131,1137,1268
WBGene00007387.,114,410,524
WBGene00007388.,75,517,592
WBGene00007389.,58,602,660
WBGene00007390.,20,1902,1922
WBGene00007391.,2,9,11
WBGene00007392.,2,47,49
WBGene00007393.,3,21,24
WBGene00007394.,13,130,143
WBGene00007395.,42,269,311
WBGene00007396.,77,541,618
WBGene00007397.,6,93,99
WBGene00007398.,1,6,7
WBGene00007399.,8,12,20
WBGene00007400.,45,1677,1722
WBGene00007401.,1,1,2
WBGene00007402.,59,473,532
WBGene00007403.,51,509,560
WBGene00007404.,36,43,79
WBGene00007405.,144,2594,2738
WBGene00007406.,7,5,12
WBGene00007407.,5,12,17
WBGene00007408.,20,267,287
WBGene00007409.,43,238,281
WBGene00007410.,24,44,68
WBGene00007411.,27,477,504
WBGene00007412.,40,777,817
WBGene00007413.,276,2245,2521
WBGene00007414.,71,541,612
WBGene00007415.,10,17,27
WBGene00007416.,58,231,289
WBGene00007417.,32,581,613
WBGene00007418.,5,9,14
WBGene00007419.,176,1133,1309
WBGene00007420.,1,42,43
WBGene00007421.,48,550,598
WBGene00007422.,5,174,179
WBGene00007423.,2,6,8
WBGene00007424.,6,84,90
WBGene00007425.,8,76,84
WBGene00007426.,5,39,44
WBGene00007427.,9,1,10
WBGene00007428.,122,1392,1514
WBGene00007429.,118,1857,1975
WBGene00007430.,16,205,221
WBGene00007431.,6,41,47
WBGene00007432.,2,2,4
WBGene00007433.,155,2684,2839
WBGene00007434.,5,364,369
WBGene00007435.,10,347,357
WBGene00007436.,8,430,438
WBGene00007437.,2,16,18
WBGene00007438.,3,1,4
WBGene00007439.,4,34,38
WBGene00007440.,21,131,152
WBGene00007441.,0,0,0
WBGene00007442.,0,19,19
WBGene00007443.,718,7702,8420
WBGene00007444.,75,900,975
WBGene00007445.,11,120,131
WBGene00007446.,1,3,4
WBGene00007447.,0,4,4
WBGene00007448.,1,23,24
WBGene00007449.,430,5866,6296
WBGene00007450.,612,4375,4987
WBGene00007451.,0,3,3
WBGene00007452.,5,13,18
WBGene00007453.,1,8,9
WBGene00007454.,4,12,16
WBGene00007455.,30,490,520
WBGene00007456.,2,6,8
WBGene00007457.,0,0,0
WBGene00007458.,3,2,5
WBGene00007459.,0,0,0
WBGene00007460.,9,685,694
WBGene00007461.,3,1,4
WBGene00007462.,15,111,126
WBGene00007463.,113,10939,11052
WBGene00007464.,29,244,273
WBGene00007465.,0,27,27
WBGene00007466.,1,16,17
WBGene00007467.,2,26,28
WBGene00007468.,7,2,9
WBGene00007469.,3,15,18
WBGene00007470.,1,24,25
WBGene00007471.,2,28,30
WBGene00007472.,9,2,11
WBGene00007473.,0,0,0
WBGene00007474.,34,465,499
WBGene00007475.,0,0,0
WBGene00007476.,5,923,928
WBGene00007478.,8,13,21
WBGene00007479.,23,1055,1078
WBGene00007480.,44,134,178
WBGene00007481.,0,0,0
WBGene00007482.,7,65,72
WBGene00007483.,4,76,80
WBGene00007484.,8,38,46
WBGene00007485.,10,4,14
WBGene00007486.,296,575,871
WBGene00007487.,98,1288,1386
WBGene00007488.,71,887,958
WBGene00007489.,3,9,12
WBGene00007490.,82,400,482
WBGene00007492.,286,2637,2923
WBGene00007493.,15,639,654
WBGene00007494.,10,44,54
WBGene00007495.,50,303,353
WBGene00007496.,0,4,4
WBGene00007497.,0,1,1
WBGene00007499.,128,224,352
WBGene00007500.,121,1167,1288
WBGene00007502.,81,308,389
WBGene00007503.,9,24,33
WBGene00007504.,7,360,367
WBGene00007505.,309,1958,2267
WBGene00007506.,18,22,40
WBGene00007507.,10,47,57
WBGene00007508.,4,11,15
WBGene00007509.,6,24,30
WBGene00007511.,89,1054,1143
WBGene00007512.,4,4,8
WBGene00007513.,15,96,111
WBGene00007514.,69,2649,2718
WBGene00007515.,9,189,198
WBGene00007516.,31,691,722
WBGene00007517.,5,55,60
WBGene00007518.,19,85,104
WBGene00007520.,104,1052,1156
WBGene00007521.,11,9,20
WBGene00007522.,115,257,372
WBGene00007523.,1,6,7
WBGene00007525.,5,79,84
WBGene00007528.,18,194,212
WBGene00007529.,30,438,468
WBGene00007530.,12,15,27
WBGene00007531.,47,479,526
WBGene00007533.,41,224,265
WBGene00007534.,81,4520,4601
WBGene00007535.,0,10,10
WBGene00007536.,12,93,105
WBGene00007537.,33,1418,1451
WBGene00007538.,2,21,23
WBGene00007539.,0,0,0
WBGene00007540.,1,7,8
WBGene00007541.,2,506,508
WBGene00007542.,13,61,74
WBGene00007543.,1,117,118
WBGene00007544.,33,972,1005
WBGene00007545.,62,248,310
WBGene00007546.,59,319,378
WBGene00007547.,99,632,731
WBGene00007548.,40,302,342
WBGene00007549.,24,248,272
WBGene00007550.,24,40,64
WBGene00007551.,53,735,788
WBGene00007552.,15,200,215
WBGene00007553.,7,1237,1244
WBGene00007554.,155,2527,2682
WBGene00007555.,8,4035,4043
WBGene00007556.,48,676,724
WBGene00007557.,13,177,190
WBGene00007558.,10,98,108
WBGene00007559.,0,1,1
WBGene00007560.,6,17,23
WBGene00007561.,12,556,568
WBGene00007562.,80,357,437
WBGene00007563.,5,40,45
WBGene00007564.,8,2889,2897
WBGene00007565.,5,60,65
WBGene00007567.,0,0,0
WBGene00007569.,1,0,1
WBGene00007570.,4,0,4
WBGene00007571.,0,2,2
WBGene00007572.,3,3,6
WBGene00007573.,20,635,655
WBGene00007574.,37,891,928
WBGene00007576.,57,702,759
WBGene00007577.,113,521,634
WBGene00007578.,2,114,116
WBGene00007579.,73,763,836
WBGene00007580.,13,92,105
WBGene00007581.,39,500,539
WBGene00007583.,246,1064,1310
WBGene00007584.,6,21,27
WBGene00007585.,30,180,210
WBGene00007586.,46,2971,3017
WBGene00007587.,74,2454,2528
WBGene00007588.,56,2692,2748
WBGene00007589.,4,252,256
WBGene00007590.,171,1604,1775
WBGene00007591.,93,908,1001
WBGene00007592.,241,1535,1776
WBGene00007593.,235,1137,1372
WBGene00007594.,47,876,923
WBGene00007595.,31,127,158
WBGene00007597.,130,217,347
WBGene00007598.,3,4,7
WBGene00007599.,62,441,503
WBGene00007600.,5,139,144
WBGene00007601.,0,2,2
WBGene00007602.,340,1013,1353
WBGene00007603.,41,213,254
WBGene00007604.,7,358,365
WBGene00007605.,48,1067,1115
WBGene00007606.,20,608,628
WBGene00007607.,11,149,160
WBGene00007608.,9,87,96
WBGene00007609.,7,603,610
WBGene00007610.,3,0,3
WBGene00007611.,3,17,20
WBGene00007613.,2,7,9
WBGene00007614.,131,540,671
WBGene00007615.,73,668,741
WBGene00007616.,156,1568,1724
WBGene00007617.,310,6881,7191
WBGene00007618.,3,8,11
WBGene00007619.,42,152,194
WBGene00007620.,1465,1358,2823
WBGene00007621.,245,1802,2047
WBGene00007622.,56,177,233
WBGene00007623.,124,1517,1641
WBGene00007624.,12,435,447
WBGene00007625.,103,1986,2089
WBGene00007626.,79,1372,1451
WBGene00007627.,25,815,840
WBGene00007628.,99,1362,1461
WBGene00007629.,31,221,252
WBGene00007630.,23,15761,15784
WBGene00007631.,35,10,45
WBGene00007632.,2,16,18
WBGene00007633.,45,25,70
WBGene00007635.,270,558,828
WBGene00007637.,132,162,294
WBGene00007638.,0,0,0
WBGene00007639.,9,12,21
WBGene00007640.,99,414,513
WBGene00007641.,1,3,4
WBGene00007642.,0,3,3
WBGene00007643.,8,26,34
WBGene00007644.,6,50,56
WBGene00007645.,318,1795,2113
WBGene00007646.,406,5539,5945
WBGene00007647.,340,2377,2717
WBGene00007648.,2,11,13
WBGene00007649.,2,0,2
WBGene00007650.,28,139,167
WBGene00007651.,64,601,665
WBGene00007652.,74,773,847
WBGene00007653.,226,3043,3269
WBGene00007654.,15,7,22
WBGene00007655.,161,1,162
WBGene00007656.,1,3,4
WBGene00007657.,9,5,14
WBGene00007658.,2,6,8
WBGene00007659.,2,0,2
WBGene00007660.,1,6,7
WBGene00007661.,1,2,3
WBGene00007662.,3,24,27
WBGene00007664.,179,1424,1603
WBGene00007666.,91,811,902
WBGene00007667.,18,167,185
WBGene00007668.,70,844,914
WBGene00007669.,23,29,52
WBGene00007670.,71,208,279
WBGene00007672.,6,77,83
WBGene00007673.,0,0,0
WBGene00007674.,0,0,0
WBGene00007675.,48,225,273
WBGene00007676.,1,3,4
WBGene00007677.,0,3,3
WBGene00007678.,3,0,3
WBGene00007679.,69,1387,1456
WBGene00007680.,32,89,121
WBGene00007681.,448,3084,3532
WBGene00007682.,1,8,9
WBGene00007683.,726,6595,7321
WBGene00007684.,1053,11364,12417
WBGene00007685.,43,192,235
WBGene00007686.,77,5795,5872
WBGene00007687.,33,353,386
WBGene00007688.,1,0,1
WBGene00007689.,33,1178,1211
WBGene00007690.,341,428,769
WBGene00007691.,3,10,13
WBGene00007692.,4,54,58
WBGene00007693.,7,5,12
WBGene00007694.,11,48,59
WBGene00007695.,10,68,78
WBGene00007696.,89,5162,5251
WBGene00007697.,75,365,440
WBGene00007698.,61,777,838
WBGene00007699.,0,0,0
WBGene00007700.,0,0,0
WBGene00007701.,2,4,6
WBGene00007702.,91,434,525
WBGene00007703.,592,2223,2815
WBGene00007704.,20,188,208
WBGene00007705.,10,670,680
WBGene00007707.,18,694,712
WBGene00007708.,0,0,0
WBGene00007709.,2,166,168
WBGene00007710.,20,469,489
WBGene00007711.,18,648,666
WBGene00007712.,17,3028,3045
WBGene00007713.,0,17,17
WBGene00007714.,0,0,0
WBGene00007715.,0,0,0
WBGene00007716.,0,2,2
WBGene00007717.,13,56,69
WBGene00007718.,2,1344,1346
WBGene00007719.,0,3,3
WBGene00007720.,6,584,590
WBGene00007721.,0,0,0
WBGene00007722.,32,250,282
WBGene00007723.,10,20,30
WBGene00007724.,35,31,66
WBGene00007725.,11,37,48
WBGene00007726.,11,39,50
WBGene00007727.,1,3,4
WBGene00007728.,2,33,35
WBGene00007729.,22,288,310
WBGene00007730.,18,873,891
WBGene00007731.,4,784,788
WBGene00007732.,0,17,17
WBGene00007733.,0,8,8
WBGene00007734.,0,4,4
WBGene00007735.,5,0,5
WBGene00007736.,49,1067,1116
WBGene00007739.,78,33,111
WBGene00007740.,2,5,7
WBGene00007741.,36,262,298
WBGene00007742.,25,36,61
WBGene00007743.,22,116,138
WBGene00007744.,301,363,664
WBGene00007745.,86,326,412
WBGene00007746.,62,766,828
WBGene00007747.,4,6,10
WBGene00007748.,13,29,42
WBGene00007749.,37,473,510
WBGene00007750.,65,932,997
WBGene00007751.,22,67,89
WBGene00007752.,353,1901,2254
WBGene00007753.,56,380,436
WBGene00007754.,6,5,11
WBGene00007755.,43,182,225
WBGene00007756.,136,780,916
WBGene00007757.,30,83,113
WBGene00007758.,127,511,638
WBGene00007759.,0,6,6
WBGene00007760.,38,423,461
WBGene00007761.,193,1402,1595
WBGene00007762.,13,322,335
WBGene00007763.,23,87,110
WBGene00007764.,232,1064,1296
WBGene00007765.,5,17,22
WBGene00007766.,2,100,102
WBGene00007767.,0,0,0
WBGene00007768.,5,7,12
WBGene00007769.,1,0,1
WBGene00007770.,0,0,0
WBGene00007771.,8,123,131
WBGene00007772.,58,922,980
WBGene00007773.,1,5,6
WBGene00007774.,56,654,710
WBGene00007775.,156,215,371
WBGene00007776.,63,397,460
WBGene00007777.,2,0,2
WBGene00007778.,6,16,22
WBGene00007779.,15,167,182
WBGene00007780.,13,138,151
WBGene00007784.,80,3215,3295
WBGene00007785.,15,652,667
WBGene00007786.,116,3874,3990
WBGene00007787.,11,1546,1557
WBGene00007788.,18,56,74
WBGene00007789.,16,66,82
WBGene00007791.,14,27,41
WBGene00007792.,3,4,7
WBGene00007793.,1,4,5
WBGene00007794.,1,1,2
WBGene00007795.,0,0,0
WBGene00007796.,9,82,91
WBGene00007797.,12,87,99
WBGene00007798.,2,1,3
WBGene00007799.,371,1210,1581
WBGene00007800.,38,86,124
WBGene00007801.,240,882,1122
WBGene00007802.,18,16,34
WBGene00007804.,0,6,6
WBGene00007805.,0,3,3
WBGene00007806.,3,9,12
WBGene00007807.,37,254,291
WBGene00007808.,14,20,34
WBGene00007809.,13,61,74
WBGene00007810.,14,79,93
WBGene00007811.,37,394,431
WBGene00007812.,169,1647,1816
WBGene00007813.,12,3,15
WBGene00007816.,170,197,367
WBGene00007817.,176,374,550
WBGene00007818.,285,500,785
WBGene00007819.,6,308,314
WBGene00007820.,145,1098,1243
WBGene00007821.,39,70,109
WBGene00007822.,7,11,18
WBGene00007823.,24,18,42
WBGene00007824.,1175,3657,4832
WBGene00007825.,14,344,358
WBGene00007826.,13,949,962
WBGene00007827.,257,2903,3160
WBGene00007829.,7,2,9
WBGene00007831.,0,6,6
WBGene00007832.,0,6,6
WBGene00007833.,3,13,16
WBGene00007834.,3,1,4
WBGene00007835.,9,30,39
WBGene00007836.,8,818,826
WBGene00007837.,18,258,276
WBGene00007838.,0,24,24
WBGene00007840.,99,17,116
WBGene00007841.,37,475,512
WBGene00007842.,0,3,3
WBGene00007844.,17,12,29
WBGene00007846.,40,409,449
WBGene00007847.,18,296,314
WBGene00007848.,334,4835,5169
WBGene00007849.,65,272,337
WBGene00007850.,1,4,5
WBGene00007851.,4,23,27
WBGene00007852.,1,2,3
WBGene00007853.,0,6,6
WBGene00007854.,73,128,201
WBGene00007855.,0,780,780
WBGene00007856.,8,389,397
WBGene00007857.,11,97,108
WBGene00007858.,8,25,33
WBGene00007859.,82,1971,2053
WBGene00007860.,475,2091,2566
WBGene00007861.,4,73,77
WBGene00007862.,143,475,618
WBGene00007863.,9,9,18
WBGene00007864.,3,22,25
WBGene00007865.,1,0,1
WBGene00007866.,4,17,21
WBGene00007867.,8,147,155
WBGene00007868.,9,278,287
WBGene00007869.,0,5,5
WBGene00007870.,4,5,9
WBGene00007871.,0,0,0
WBGene00007872.,0,0,0
WBGene00007873.,0,0,0
WBGene00007874.,0,9,9
WBGene00007875.,6,130,136
WBGene00007876.,2,3,5
WBGene00007877.,453,3486,3939
WBGene00007878.,152,295,447
WBGene00007880.,1575,9193,10768
WBGene00007881.,128,2721,2849
WBGene00007882.,113,2779,2892
WBGene00007883.,191,4530,4721
WBGene00007885.,55,310,365
WBGene00007886.,143,359,502
WBGene00007887.,2,3,5
WBGene00007888.,23,70,93
WBGene00007889.,7,1,8
WBGene00007890.,20,132,152
WBGene00007891.,8,30,38
WBGene00007892.,135,1268,1403
WBGene00007893.,4,3,7
WBGene00007894.,1,6,7
WBGene00007895.,1,0,1
WBGene00007896.,18,33,51
WBGene00007897.,8,42,50
WBGene00007898.,8,110,118
WBGene00007899.,54,295,349
WBGene00007900.,121,706,827
WBGene00007901.,7,332,339
WBGene00007902.,0,46,46
WBGene00007903.,11,67,78
WBGene00007904.,23,50,73
WBGene00007905.,1,3,4
WBGene00007906.,23,385,408
WBGene00007907.,773,3899,4672
WBGene00007908.,221,543,764
WBGene00007909.,129,98,227
WBGene00007910.,2,9,11
WBGene00007911.,12,76,88
WBGene00007912.,48,735,783
WBGene00007913.,117,470,587
WBGene00007914.,61,730,791
WBGene00007916.,9,293,302
WBGene00007917.,90,718,808
WBGene00007918.,39,458,497
WBGene00007919.,91,503,594
WBGene00007920.,0,0,0
WBGene00007921.,111,1042,1153
WBGene00007922.,146,698,844
WBGene00007923.,135,1343,1478
WBGene00007924.,269,5171,5440
WBGene00007925.,38,462,500
WBGene00007926.,25,52,77
WBGene00007927.,331,3978,4309
WBGene00007928.,7,44,51
WBGene00007929.,116,294,410
WBGene00007931.,32,371,403
WBGene00007932.,133,475,608
WBGene00007933.,26,259,285
WBGene00007934.,51,1093,1144
WBGene00007935.,61,104,165
WBGene00007937.,3,12,15
WBGene00007938.,3,184,187
WBGene00007939.,26,142,168
WBGene00007941.,30,156,186
WBGene00007942.,59,1435,1494
WBGene00007943.,54,855,909
WBGene00007944.,185,1516,1701
WBGene00007945.,16,85,101
WBGene00007946.,23,124,147
WBGene00007947.,71,484,555
WBGene00007948.,6,4,10
WBGene00007949.,4,25,29
WBGene00007950.,192,1021,1213
WBGene00007951.,146,536,682
WBGene00007952.,88,1811,1899
WBGene00007953.,71,218,289
WBGene00007954.,5,5,10
WBGene00007955.,72,3003,3075
WBGene00007956.,62,423,485
WBGene00007957.,5,76,81
WBGene00007958.,124,553,677
WBGene00007959.,48,475,523
WBGene00007960.,0,1,1
WBGene00007961.,0,0,0
WBGene00007962.,1,0,1
WBGene00007963.,4,13,17
WBGene00007964.,24,418,442
WBGene00007965.,6,299,305
WBGene00007966.,10,183,193
WBGene00007967.,14,181,195
WBGene00007969.,27,2516,2543
WBGene00007970.,13,141,154
WBGene00007971.,131,2062,2193
WBGene00007972.,108,667,775
WBGene00007973.,6,30,36
WBGene00007974.,75,963,1038
WBGene00007975.,81,838,919
WBGene00007976.,31,479,510
WBGene00007977.,3,8,11
WBGene00007978.,29,298,327
WBGene00007979.,25,614,639
WBGene00007980.,126,3505,3631
WBGene00007981.,77,1707,1784
WBGene00007982.,107,885,992
WBGene00007983.,95,389,484
WBGene00007984.,106,966,1072
WBGene00007985.,74,119,193
WBGene00007986.,5,2,7
WBGene00007987.,1,2,3
WBGene00007988.,16,81,97
WBGene00007989.,0,26,26
WBGene00007990.,0,4,4
WBGene00007991.,27,206,233
WBGene00007992.,0,14,14
WBGene00007993.,111,3585,3696
WBGene00007994.,55,303,358
WBGene00007995.,2,2,4
WBGene00007996.,4,13,17
WBGene00007997.,32,67,99
WBGene00007998.,1,6,7
WBGene00007999.,10,100,110
WBGene00008000.,43,1297,1340
WBGene00008001.,3,1,4
WBGene00008002.,98,492,590
WBGene00008003.,7,136,143
WBGene00008005.,19,215,234
WBGene00008006.,74,668,742
WBGene00008007.,4,19,23
WBGene00008008.,73,244,317
WBGene00008009.,4,4,8
WBGene00008010.,5,17,22
WBGene00008012.,0,3,3
WBGene00008013.,1,3,4
WBGene00008014.,2,0,2
WBGene00008015.,2,2,4
WBGene00008016.,4,5,9
WBGene00008017.,0,3,3
WBGene00008018.,233,896,1129
WBGene00008019.,37,912,949
WBGene00008020.,8,114,122
WBGene00008021.,12,240,252
WBGene00008022.,65,316,381
WBGene00008023.,6,127,133
WBGene00008024.,0,8,8
WBGene00008025.,16,458,474
WBGene00008026.,5,4,9
WBGene00008027.,23,256,279
WBGene00008028.,13,154,167
WBGene00008029.,0,1,1
WBGene00008030.,1,11,12
WBGene00008031.,5,8,13
WBGene00008032.,111,1288,1399
WBGene00008033.,90,436,526
WBGene00008034.,168,2168,2336
WBGene00008035.,32,927,959
WBGene00008036.,2,0,2
WBGene00008037.,3,8,11
WBGene00008038.,7,3,10
WBGene00008039.,18,250,268
WBGene00008040.,306,3133,3439
WBGene00008041.,225,3352,3577
WBGene00008042.,9,52,61
WBGene00008043.,34,247,281
WBGene00008044.,5,7,12
WBGene00008045.,184,352,536
WBGene00008047.,17,96,113
WBGene00008048.,1,1,2
WBGene00008050.,21,565,586
WBGene00008051.,86,493,579
WBGene00008052.,41,495,536
WBGene00008053.,55,2058,2113
WBGene00008054.,17,11,28
WBGene00008055.,3,11,14
WBGene00008056.,5,3,8
WBGene00008057.,4,11,15
WBGene00008058.,0,0,0
WBGene00008059.,0,0,0
WBGene00008060.,0,0,0
WBGene00008061.,6,72,78
WBGene00008062.,7,102,109
WBGene00008063.,4,19,23
WBGene00008064.,439,193,632
WBGene00008065.,50,342,392
WBGene00008066.,4,51,55
WBGene00008067.,1,1,2
WBGene00008068.,2,0,2
WBGene00008069.,0,0,0
WBGene00008070.,0,14,14
WBGene00008071.,5,2,7
WBGene00008072.,7,17,24
WBGene00008073.,0,170,170
WBGene00008074.,5,5,10
WBGene00008075.,23,230,253
WBGene00008076.,32,366,398
WBGene00008077.,7,34,41
WBGene00008078.,47,386,433
WBGene00008079.,2,11,13
WBGene00008080.,2,25,27
WBGene00008081.,132,652,784
WBGene00008082.,28,180,208
WBGene00008083.,6,16,22
WBGene00008084.,0,11,11
WBGene00008085.,18,330,348
WBGene00008086.,1,17,18
WBGene00008087.,4,0,4
WBGene00008088.,0,4,4
WBGene00008089.,136,968,1104
WBGene00008090.,0,0,0
WBGene00008091.,9,48,57
WBGene00008092.,0,12,12
WBGene00008093.,14,13,27
WBGene00008094.,262,426,688
WBGene00008095.,13,87,100
WBGene00008096.,11,325,336
WBGene00008097.,4,15,19
WBGene00008098.,9,20,29
WBGene00008099.,6,27,33
WBGene00008100.,59,432,491
WBGene00008101.,7,86,93
WBGene00008102.,4,30,34
WBGene00008104.,0,0,0
WBGene00008105.,4,8,12
WBGene00008106.,4,10,14
WBGene00008107.,20,773,793
WBGene00008110.,257,4051,4308
WBGene00008111.,8,41,49
WBGene00008112.,12,16,28
WBGene00008113.,9,8,17
WBGene00008114.,17,162,179
WBGene00008117.,24,2334,2358
WBGene00008118.,149,531,680
WBGene00008119.,421,1409,1830
WBGene00008120.,314,1091,1405
WBGene00008121.,83,1815,1898
WBGene00008122.,0,2,2
WBGene00008123.,23,139,162
WBGene00008124.,3,6,9
WBGene00008125.,0,1,1
WBGene00008126.,9,2,11
WBGene00008127.,37,73,110
WBGene00008128.,19,159,178
WBGene00008129.,9,9,18
WBGene00008130.,8,80,88
WBGene00008131.,58,927,985
WBGene00008132.,2542,841,3383
WBGene00008133.,88,75,163
WBGene00008134.,99,749,848
WBGene00008135.,0,0,0
WBGene00008136.,58,857,915
WBGene00008137.,2,18,20
WBGene00008138.,0,9,9
WBGene00008139.,9,79,88
WBGene00008140.,388,276,664
WBGene00008141.,5,8,13
WBGene00008142.,53,390,443
WBGene00008143.,83,1048,1131
WBGene00008144.,30,338,368
WBGene00008145.,62,228,290
WBGene00008146.,8,14,22
WBGene00008147.,162,1652,1814
WBGene00008148.,22,321,343
WBGene00008149.,263,12453,12716
WBGene00008150.,13,22,35
WBGene00008151.,146,3454,3600
WBGene00008152.,28,428,456
WBGene00008153.,11,8,19
WBGene00008154.,0,3,3
WBGene00008155.,15,34,49
WBGene00008156.,2,3,5
WBGene00008157.,1,1,2
WBGene00008158.,3,0,3
WBGene00008159.,0,0,0
WBGene00008160.,6,5,11
WBGene00008161.,3,1,4
WBGene00008162.,1,0,1
WBGene00008163.,0,1,1
WBGene00008164.,32,1538,1570
WBGene00008165.,25,733,758
WBGene00008166.,27,705,732
WBGene00008167.,46,235,281
WBGene00008168.,38,596,634
WBGene00008169.,8,109,117
WBGene00008170.,12,187,199
WBGene00008171.,7,61,68
WBGene00008172.,1,82,83
WBGene00008173.,7,303,310
WBGene00008174.,15,116,131
WBGene00008175.,2,8,10
WBGene00008176.,5,29,34
WBGene00008177.,41,336,377
WBGene00008178.,118,32,150
WBGene00008179.,0,1,1
WBGene00008180.,11,30,41
WBGene00008183.,970,1193,2163
WBGene00008184.,3,29,32
WBGene00008185.,25,8,33
WBGene00008186.,7,5,12
WBGene00008187.,47,17,64
WBGene00008188.,2,4,6
WBGene00008190.,21,14,35
WBGene00008191.,213,7208,7421
WBGene00008192.,2,4,6
WBGene00008193.,8,30,38
WBGene00008194.,55,369,424
WBGene00008195.,89,506,595
WBGene00008196.,0,47,47
WBGene00008197.,27,305,332
WBGene00008198.,22,815,837
WBGene00008199.,21,169,190
WBGene00008200.,5,29,34
WBGene00008201.,0,1,1
WBGene00008202.,2,8,10
WBGene00008203.,73,397,470
WBGene00008204.,20,275,295
WBGene00008205.,1129,28511,29640
WBGene00008206.,107,603,710
WBGene00008207.,0,16,16
WBGene00008208.,17,84,101
WBGene00008209.,4,18,22
WBGene00008210.,7,84,91
WBGene00008211.,30,627,657
WBGene00008212.,15,134,149
WBGene00008213.,25,163,188
WBGene00008214.,91,606,697
WBGene00008215.,12,1304,1316
WBGene00008216.,8,77,85
WBGene00008217.,0,1,1
WBGene00008218.,17,1243,1260
WBGene00008219.,19,544,563
WBGene00008220.,4,167,171
WBGene00008221.,38,465,503
WBGene00008222.,10,79,89
WBGene00008223.,8,5,13
WBGene00008224.,104,1640,1744
WBGene00008225.,29,858,887
WBGene00008226.,63,528,591
WBGene00008227.,82,423,505
WBGene00008228.,11,316,327
WBGene00008229.,55,888,943
WBGene00008230.,28,83,111
WBGene00008231.,1,14,15
WBGene00008232.,9,268,277
WBGene00008233.,3,350,353
WBGene00008234.,4,75,79
WBGene00008235.,5,32,37
WBGene00008236.,44,224,268
WBGene00008237.,118,941,1059
WBGene00008238.,55,556,611
WBGene00008239.,14,82,96
WBGene00008240.,4,9,13
WBGene00008241.,2,2,4
WBGene00008242.,3,22,25
WBGene00008243.,4,3,7
WBGene00008244.,0,2,2
WBGene00008245.,0,13,13
WBGene00008246.,2,11,13
WBGene00008247.,143,64,207
WBGene00008248.,5,47,52
WBGene00008249.,15,32,47
WBGene00008250.,7,24,31
WBGene00008251.,10,48,58
WBGene00008252.,20,139,159
WBGene00008253.,0,25,25
WBGene00008254.,112,760,872
WBGene00008255.,52,482,534
WBGene00008256.,90,318,408
WBGene00008257.,6,29,35
WBGene00008258.,19,855,874
WBGene00008259.,0,5,5
WBGene00008260.,22,121,143
WBGene00008261.,7,31,38
WBGene00008262.,1030,39211,40241
WBGene00008263.,116,214,330
WBGene00008265.,219,452,671
WBGene00008266.,42,715,757
WBGene00008267.,8,105,113
WBGene00008268.,2,1,3
WBGene00008269.,2,91,93
WBGene00008270.,109,252,361
WBGene00008271.,10,6,16
WBGene00008272.,52,50,102
WBGene00008273.,80,363,443
WBGene00008274.,323,2183,2506
WBGene00008275.,50,373,423
WBGene00008277.,29,10,39
WBGene00008278.,222,244,466
WBGene00008279.,24,5,29
WBGene00008280.,61,307,368
WBGene00008281.,29,424,453
WBGene00008282.,3,4,7
WBGene00008283.,53,492,545
WBGene00008284.,103,676,779
WBGene00008285.,17,8,25
WBGene00008286.,5,4,9
WBGene00008287.,99,780,879
WBGene00008288.,68,779,847
WBGene00008289.,1,2,3
WBGene00008290.,8,0,8
WBGene00008291.,2,4,6
WBGene00008292.,19,203,222
WBGene00008293.,1,0,1
WBGene00008294.,2,9,11
WBGene00008295.,0,1,1
WBGene00008296.,62,423,485
WBGene00008297.,2,5,7
WBGene00008298.,855,9936,10791
WBGene00008299.,2,14,16
WBGene00008300.,20,375,395
WBGene00008301.,16,15,31
WBGene00008302.,3,12,15
WBGene00008303.,13,59,72
WBGene00008304.,10,62,72
WBGene00008306.,0,4,4
WBGene00008307.,203,424,627
WBGene00008308.,2,4,6
WBGene00008309.,11,76,87
WBGene00008310.,56,717,773
WBGene00008311.,100,1314,1414
WBGene00008312.,3,1,4
WBGene00008313.,3,13,16
WBGene00008314.,61,126,187
WBGene00008315.,274,1429,1703
WBGene00008316.,52,334,386
WBGene00008317.,54,391,445
WBGene00008318.,9,333,342
WBGene00008319.,0,1,1
WBGene00008320.,25,111,136
WBGene00008321.,2,1,3
WBGene00008322.,0,5,5
WBGene00008323.,8,245,253
WBGene00008324.,0,20,20
WBGene00008325.,5,16,21
WBGene00008326.,0,1,1
WBGene00008327.,0,2,2
WBGene00008328.,11,1,12
WBGene00008330.,16,827,843
WBGene00008331.,210,1815,2025
WBGene00008332.,40,301,341
WBGene00008333.,19,252,271
WBGene00008334.,81,542,623
WBGene00008335.,29,488,517
WBGene00008336.,6,72,78
WBGene00008337.,2,0,2
WBGene00008338.,221,1996,2217
WBGene00008339.,43,660,703
WBGene00008340.,5,5,10
WBGene00008341.,17,298,315
WBGene00008342.,105,361,466
WBGene00008343.,11,316,327
WBGene00008344.,121,921,1042
WBGene00008345.,66,1292,1358
WBGene00008346.,9,33,42
WBGene00008348.,115,337,452
WBGene00008349.,6,26,32
WBGene00008350.,7,20,27
WBGene00008351.,0,0,0
WBGene00008352.,6,40,46
WBGene00008353.,5,462,467
WBGene00008354.,30,421,451
WBGene00008355.,10,40,50
WBGene00008356.,32,30846,30878
WBGene00008357.,16,4846,4862
WBGene00008358.,43,5353,5396
WBGene00008359.,69,10399,10468
WBGene00008360.,6,5982,5988
WBGene00008361.,36,338,374
WBGene00008362.,56,1394,1450
WBGene00008363.,9,246,255
WBGene00008364.,19,416,435
WBGene00008365.,9,32,41
WBGene00008366.,246,941,1187
WBGene00008367.,1,1,2
WBGene00008368.,116,411,527
WBGene00008369.,69,260,329
WBGene00008370.,160,918,1078
WBGene00008371.,111,762,873
WBGene00008372.,14,45,59
WBGene00008373.,3,5,8
WBGene00008374.,5,10,15
WBGene00008375.,8,805,813
WBGene00008376.,36,189,225
WBGene00008377.,0,1,1
WBGene00008378.,0,4,4
WBGene00008379.,12,188,200
WBGene00008380.,58,918,976
WBGene00008381.,2,2,4
WBGene00008382.,42,303,345
WBGene00008383.,3,10,13
WBGene00008384.,0,63,63
WBGene00008385.,22,245,267
WBGene00008386.,277,3010,3287
WBGene00008387.,10,55,65
WBGene00008388.,50,123,173
WBGene00008389.,77,946,1023
WBGene00008390.,91,469,560
WBGene00008392.,945,5900,6845
WBGene00008393.,1,12,13
WBGene00008394.,4,6,10
WBGene00008395.,459,4514,4973
WBGene00008396.,0,26,26
WBGene00008397.,0,3,3
WBGene00008398.,317,2717,3034
WBGene00008399.,43,215,258
WBGene00008400.,111,893,1004
WBGene00008401.,26,103,129
WBGene00008402.,50,671,721
WBGene00008403.,14,83,97
WBGene00008404.,24,1103,1127
WBGene00008405.,43,1413,1456
WBGene00008407.,460,1496,1956
WBGene00008408.,37,858,895
WBGene00008409.,70,2367,2437
WBGene00008410.,48,836,884
WBGene00008411.,55,909,964
WBGene00008412.,58,678,736
WBGene00008413.,32,766,798
WBGene00008414.,323,9403,9726
WBGene00008415.,177,5570,5747
WBGene00008417.,17,240,257
WBGene00008418.,31,191,222
WBGene00008419.,357,2264,2621
WBGene00008420.,195,1020,1215
WBGene00008421.,56,224,280
WBGene00008422.,43,1114,1157
WBGene00008423.,5,25,30
WBGene00008424.,13,159,172
WBGene00008425.,2,33,35
WBGene00008426.,56,362,418
WBGene00008427.,5,37,42
WBGene00008428.,29,898,927
WBGene00008429.,80,787,867
WBGene00008430.,231,1608,1839
WBGene00008431.,118,415,533
WBGene00008432.,110,867,977
WBGene00008433.,0,1,1
WBGene00008434.,44,1376,1420
WBGene00008435.,52,176,228
WBGene00008436.,174,1829,2003
WBGene00008438.,937,3082,4019
WBGene00008439.,140,637,777
WBGene00008440.,6,138,144
WBGene00008441.,172,509,681
WBGene00008442.,149,639,788
WBGene00008443.,1913,1259,3172
WBGene00008444.,396,899,1295
WBGene00008446.,412,3834,4246
WBGene00008447.,26,295,321
WBGene00008448.,4,26,30
WBGene00008449.,15,272,287
WBGene00008450.,21,1273,1294
WBGene00008451.,8,61,69
WBGene00008452.,133,2573,2706
WBGene00008453.,300,2052,2352
WBGene00008454.,26,908,934
WBGene00008455.,133,1618,1751
WBGene00008456.,15,428,443
WBGene00008457.,59,247,306
WBGene00008458.,104,905,1009
WBGene00008459.,116,1102,1218
WBGene00008460.,115,78,193
WBGene00008462.,16,65,81
WBGene00008463.,0,28,28
WBGene00008464.,0,3,3
WBGene00008465.,29,2,31
WBGene00008468.,4,15,19
WBGene00008470.,0,2,2
WBGene00008471.,1,3,4
WBGene00008472.,8,6,14
WBGene00008473.,2,2,4
WBGene00008474.,0,3,3
WBGene00008475.,3,26,29
WBGene00008476.,34,132,166
WBGene00008477.,1,121,122
WBGene00008478.,0,3,3
WBGene00008479.,1,0,1
WBGene00008480.,117,3938,4055
WBGene00008481.,30,199,229
WBGene00008482.,5,9,14
WBGene00008483.,7,45,52
WBGene00008484.,41,2998,3039
WBGene00008485.,3,8,11
WBGene00008486.,11,376,387
WBGene00008487.,45,167,212
WBGene00008488.,50,348,398
WBGene00008489.,15,30,45
WBGene00008490.,19,215,234
WBGene00008491.,123,147,270
WBGene00008492.,7,136,143
WBGene00008493.,2,10,12
WBGene00008494.,7,53,60
WBGene00008495.,17,230,247
WBGene00008496.,8,75,83
WBGene00008497.,3,2,5
WBGene00008498.,26,63,89
WBGene00008499.,42,113,155
WBGene00008500.,65,93,158
WBGene00008501.,0,0,0
WBGene00008502.,131,1200,1331
WBGene00008503.,13,165,178
WBGene00008504.,26,818,844
WBGene00008505.,338,35715,36053
WBGene00008506.,65,4426,4491
WBGene00008507.,1,4,5
WBGene00008508.,3,2,5
WBGene00008509.,2,247,249
WBGene00008510.,279,2305,2584
WBGene00008511.,12,73,85
WBGene00008512.,10,52,62
WBGene00008513.,112,344,456
WBGene00008514.,55,2220,2275
WBGene00008515.,68,320,388
WBGene00008516.,7,176,183
WBGene00008517.,12,136,148
WBGene00008518.,15,43,58
WBGene00008519.,69,196,265
WBGene00008520.,87,61,148
WBGene00008521.,107,1535,1642
WBGene00008522.,6,1060,1066
WBGene00008523.,1,0,1
WBGene00008524.,8,3,11
WBGene00008526.,3,3,6
WBGene00008527.,0,2,2
WBGene00008528.,141,1019,1160
WBGene00008529.,9,42,51
WBGene00008530.,169,2477,2646
WBGene00008531.,111,619,730
WBGene00008532.,139,2064,2203
WBGene00008533.,168,645,813
WBGene00008534.,0,2,2
WBGene00008535.,2,7,9
WBGene00008536.,0,5,5
WBGene00008537.,26,0,26
WBGene00008538.,360,2641,3001
WBGene00008539.,5,9,14
WBGene00008540.,6,5,11
WBGene00008541.,3,7,10
WBGene00008542.,54,103,157
WBGene00008543.,75,567,642
WBGene00008545.,21,31,52
WBGene00008546.,79,718,797
WBGene00008547.,151,1042,1193
WBGene00008548.,59,213,272
WBGene00008549.,543,6922,7465
WBGene00008550.,9,22,31
WBGene00008551.,4,27,31
WBGene00008552.,0,1,1
WBGene00008553.,3,145,148
WBGene00008554.,281,5348,5629
WBGene00008555.,857,1748,2605
WBGene00008556.,13,19,32
WBGene00008557.,98,347,445
WBGene00008558.,8,95,103
WBGene00008559.,15,77,92
WBGene00008560.,11,48,59
WBGene00008561.,12,38,50
WBGene00008563.,3,997,1000
WBGene00008564.,38,357,395
WBGene00008565.,48,490,538
WBGene00008566.,5,24,29
WBGene00008567.,4,120,124
WBGene00008568.,12,35,47
WBGene00008569.,5,177,182
WBGene00008570.,571,1182,1753
WBGene00008571.,150,370,520
WBGene00008572.,601,10642,11243
WBGene00008574.,1,5,6
WBGene00008575.,23,211,234
WBGene00008576.,0,785,785
WBGene00008577.,0,3666,3666
WBGene00008578.,50,328,378
WBGene00008579.,114,528,642
WBGene00008580.,3,54,57
WBGene00008581.,2,1,3
WBGene00008582.,143,3295,3438
WBGene00008583.,147,324,471
WBGene00008584.,83,702,785
WBGene00008585.,70,511,581
WBGene00008586.,135,2012,2147
WBGene00008587.,20,221,241
WBGene00008588.,15,146,161
WBGene00008589.,227,979,1206
WBGene00008590.,0,2,2
WBGene00008591.,12,183,195
WBGene00008592.,0,191,191
WBGene00008593.,3,2,5
WBGene00008594.,14,45,59
WBGene00008595.,4,29,33
WBGene00008596.,4,12,16
WBGene00008597.,9,3,12
WBGene00008598.,6,47,53
WBGene00008599.,10,46,56
WBGene00008600.,141,64,205
WBGene00008601.,1278,2382,3660
WBGene00008602.,50,405,455
WBGene00008603.,489,5508,5997
WBGene00008604.,154,1001,1155
WBGene00008605.,95,182,277
WBGene00008606.,41,507,548
WBGene00008607.,141,1017,1158
WBGene00008609.,6,16,22
WBGene00008610.,175,3631,3806
WBGene00008611.,1,6,7
WBGene00008612.,31,5,36
WBGene00008613.,9,62,71
WBGene00008615.,0,17,17
WBGene00008616.,1,47,48
WBGene00008617.,2,8,10
WBGene00008618.,1,5,6
WBGene00008619.,1,0,1
WBGene00008620.,0,0,0
WBGene00008621.,35,83,118
WBGene00008622.,149,1918,2067
WBGene00008623.,121,13,134
WBGene00008624.,160,1483,1643
WBGene00008625.,14,102,116
WBGene00008626.,45,399,444
WBGene00008627.,3,7,10
WBGene00008628.,94,5637,5731
WBGene00008629.,16,178,194
WBGene00008630.,4,34,38
WBGene00008631.,0,0,0
WBGene00008632.,3,11,14
WBGene00008633.,0,22,22
WBGene00008634.,2,75,77
WBGene00008635.,7,5,12
WBGene00008636.,1,12,13
WBGene00008637.,1,1,2
WBGene00008638.,0,3,3
WBGene00008639.,48,395,443
WBGene00008640.,3,63,66
WBGene00008641.,16,250,266
WBGene00008642.,8,724,732
WBGene00008643.,4,86,90
WBGene00008644.,16,76,92
WBGene00008645.,29,626,655
WBGene00008646.,29,448,477
WBGene00008647.,4,61,65
WBGene00008648.,81,612,693
WBGene00008649.,4,9,13
WBGene00008650.,3,10,13
WBGene00008651.,2,6,8
WBGene00008652.,5,94,99
WBGene00008654.,70,78,148
WBGene00008655.,15,48,63
WBGene00008656.,21,298,319
WBGene00008657.,3,2,5
WBGene00008658.,0,5,5
WBGene00008659.,1,5,6
WBGene00008660.,3,4,7
WBGene00008661.,5,3,8
WBGene00008662.,54,257,311
WBGene00008663.,28,562,590
WBGene00008664.,13,1456,1469
WBGene00008665.,5233,650,5883
WBGene00008666.,116,751,867
WBGene00008667.,91,322,413
WBGene00008669.,45,321,366
WBGene00008670.,163,916,1079
WBGene00008671.,0,25,25
WBGene00008672.,0,2,2
WBGene00008673.,3,2,5
WBGene00008675.,0,0,0
WBGene00008676.,1,2,3
WBGene00008677.,2,14,16
WBGene00008678.,1,28,29
WBGene00008679.,2,0,2
WBGene00008680.,1,13,14
WBGene00008681.,35,271,306
WBGene00008682.,71,1672,1743
WBGene00008683.,114,1135,1249
WBGene00008684.,9,229,238
WBGene00008685.,77,667,744
WBGene00008686.,89,419,508
WBGene00008687.,20,530,550
WBGene00008688.,232,2615,2847
WBGene00008690.,264,1217,1481
WBGene00008691.,36,476,512
WBGene00008692.,25,107,132
WBGene00008693.,4,66,70
WBGene00008694.,963,4849,5812
WBGene00008695.,24,61,85
WBGene00008696.,0,2,2
WBGene00008698.,6,0,6
WBGene00008699.,0,0,0
WBGene00008700.,3,1,4
WBGene00008701.,1,3,4
WBGene00008702.,0,0,0
WBGene00008703.,0,0,0
WBGene00008706.,1728,5297,7025
WBGene00008707.,11,1445,1456
WBGene00008708.,6,24,30
WBGene00008709.,10,36,46
WBGene00008710.,14,797,811
WBGene00008711.,63,167,230
WBGene00008712.,14,76,90
WBGene00008713.,38,199,237
WBGene00008714.,24,66,90
WBGene00008716.,1,0,1
WBGene00008717.,2,0,2
WBGene00008719.,8,33,41
WBGene00008720.,197,1979,2176
WBGene00008722.,46,575,621
WBGene00008723.,2,5,7
WBGene00008724.,1,14,15
WBGene00008725.,0,2,2
WBGene00008726.,67,471,538
WBGene00008727.,10,22,32
WBGene00008728.,3,22,25
WBGene00008729.,154,2882,3036
WBGene00008730.,11,28,39
WBGene00008731.,17,54,71
WBGene00008732.,8,45,53
WBGene00008733.,31,427,458
WBGene00008734.,6,8,14
WBGene00008735.,406,1317,1723
WBGene00008736.,25,177,202
WBGene00008737.,7,84,91
WBGene00008739.,11,25,36
WBGene00008740.,7,260,267
WBGene00008741.,109,897,1006
WBGene00008742.,32,367,399
WBGene00008743.,8,67,75
WBGene00008744.,115,1455,1570
WBGene00008745.,71,3992,4063
WBGene00008746.,163,352,515
WBGene00008747.,10,96,106
WBGene00008748.,36,887,923
WBGene00008749.,26,574,600
WBGene00008750.,283,563,846
WBGene00008751.,0,2,2
WBGene00008752.,0,1,1
WBGene00008753.,3,6,9
WBGene00008754.,4,21,25
WBGene00008755.,2,71,73
WBGene00008757.,0,45,45
WBGene00008758.,1,6,7
WBGene00008759.,2,11,13
WBGene00008760.,15,852,867
WBGene00008761.,82,1250,1332
WBGene00008762.,3,402,405
WBGene00008763.,27,111,138
WBGene00008764.,30,1636,1666
WBGene00008765.,82,4271,4353
WBGene00008766.,87,570,657
WBGene00008767.,27,949,976
WBGene00008768.,654,5216,5870
WBGene00008769.,38,1683,1721
WBGene00008770.,59,981,1040
WBGene00008772.,2,3,5
WBGene00008773.,30,305,335
WBGene00008774.,22,279,301
WBGene00008775.,81,825,906
WBGene00008776.,33,159,192
WBGene00008777.,565,2358,2923
WBGene00008778.,0,8,8
WBGene00008779.,109,170,279
WBGene00008780.,179,1259,1438
WBGene00008781.,143,1906,2049
WBGene00008782.,1,5,6
WBGene00008783.,154,1042,1196
WBGene00008784.,0,4,4
WBGene00008785.,1,5,6
WBGene00008786.,1,2,3
WBGene00008787.,10,37,47
WBGene00008788.,1,2,3
WBGene00008789.,3,12,15
WBGene00008790.,1,1,2
WBGene00008791.,22,159,181
WBGene00008792.,0,19,19
WBGene00008793.,24,62,86
WBGene00008794.,2,16,18
WBGene00008795.,15,96,111
WBGene00008796.,0,2,2
WBGene00008797.,0,15,15
WBGene00008798.,4,134,138
WBGene00008799.,8,34,42
WBGene00008800.,116,2336,2452
WBGene00008801.,8,10,18
WBGene00008802.,20,61,81
WBGene00008803.,299,1907,2206
WBGene00008804.,33,113,146
WBGene00008805.,79,740,819
WBGene00008806.,12,329,341
WBGene00008807.,10,64,74
WBGene00008808.,31,51,82
WBGene00008809.,10,7,17
WBGene00008810.,200,823,1023
WBGene00008811.,1,2,3
WBGene00008812.,2,7,9
WBGene00008813.,2,2,4
WBGene00008814.,2,2,4
WBGene00008815.,6,2,8
WBGene00008816.,0,1,1
WBGene00008817.,0,0,0
WBGene00008818.,4,11,15
WBGene00008819.,484,1207,1691
WBGene00008820.,45,4059,4104
WBGene00008821.,6,10,16
WBGene00008822.,2,0,2
WBGene00008823.,0,2,2
WBGene00008824.,2,0,2
WBGene00008825.,1,0,1
WBGene00008826.,2,6,8
WBGene00008827.,3,7,10
WBGene00008828.,0,1,1
WBGene00008829.,5,4,9
WBGene00008830.,0,17,17
WBGene00008831.,11,32,43
WBGene00008832.,49,770,819
WBGene00008833.,4,838,842
WBGene00008834.,13,692,705
WBGene00008835.,13,197,210
WBGene00008837.,1,2,3
WBGene00008838.,11,20,31
WBGene00008839.,0,1,1
WBGene00008840.,8,138,146
WBGene00008841.,1282,9528,10810
WBGene00008842.,1,6,7
WBGene00008843.,0,1,1
WBGene00008844.,3,11,14
WBGene00008847.,1,2,3
WBGene00008848.,7,246,253
WBGene00008849.,48,11,59
WBGene00008850.,1,10,11
WBGene00008851.,41,284,325
WBGene00008852.,1381,3654,5035
WBGene00008853.,1,0,1
WBGene00008854.,9,2,11
WBGene00008855.,4,2,6
WBGene00008856.,356,1406,1762
WBGene00008857.,23,9060,9083
WBGene00008858.,6,14,20
WBGene00008859.,0,321,321
WBGene00008860.,971,7892,8863
WBGene00008861.,15,548,563
WBGene00008862.,17,70,87
WBGene00008863.,2,8,10
WBGene00008865.,81,1849,1930
WBGene00008866.,15,11,26
WBGene00008868.,178,566,744
WBGene00008869.,17,124,141
WBGene00008870.,2,7,9
WBGene00008871.,0,2,2
WBGene00008872.,4,1,5
WBGene00008873.,1,1,2
WBGene00008874.,7,18,25
WBGene00008875.,0,46,46
WBGene00008876.,124,481,605
WBGene00008877.,93,586,679
WBGene00008878.,1343,2480,3823
WBGene00008879.,81,143,224
WBGene00008880.,43,323,366
WBGene00008881.,7,20,27
WBGene00008882.,108,1051,1159
WBGene00008883.,13,71,84
WBGene00008884.,10,13,23
WBGene00008885.,51,401,452
WBGene00008886.,16,41,57
WBGene00008887.,35,599,634
WBGene00008889.,4,7,11
WBGene00008890.,37,157,194
WBGene00008891.,1,112,113
WBGene00008892.,7,28,35
WBGene00008893.,11,1,12
WBGene00008894.,16,20,36
WBGene00008897.,9,15,24
WBGene00008898.,7,0,7
WBGene00008899.,6,2,8
WBGene00008900.,5,79,84
WBGene00008901.,1088,15,1103
WBGene00008902.,4,4,8
WBGene00008903.,5,7,12
WBGene00008904.,0,13,13
WBGene00008905.,6,36,42
WBGene00008906.,1,5,6
WBGene00008907.,0,1,1
WBGene00008908.,4,5,9
WBGene00008909.,0,0,0
WBGene00008910.,114,1557,1671
WBGene00008911.,1,0,1
WBGene00008912.,4,57,61
WBGene00008914.,43,9338,9381
WBGene00008915.,125,4216,4341
WBGene00008916.,94,81,175
WBGene00008917.,16,30,46
WBGene00008918.,10,429,439
WBGene00008919.,196,2306,2502
WBGene00008920.,14211,119137,133348
WBGene00008921.,106,826,932
WBGene00008922.,414,7526,7940
WBGene00008923.,96,222,318
WBGene00008924.,58,477,535
WBGene00008925.,130,2471,2601
WBGene00008926.,48,398,446
WBGene00008927.,215,1048,1263
WBGene00008928.,1,8,9
WBGene00008929.,37,647,684
WBGene00008930.,526,2330,2856
WBGene00008932.,501,935,1436
WBGene00008933.,1,26,27
WBGene00008934.,237,1511,1748
WBGene00008935.,2,10,12
WBGene00008936.,18,77,95
WBGene00008937.,2,7,9
WBGene00008939.,145,811,956
WBGene00008940.,89,705,794
WBGene00008941.,44,1,45
WBGene00008942.,0,9,9
WBGene00008943.,1,1,2
WBGene00008944.,28,424,452
WBGene00008945.,2,19,21
WBGene00008946.,7,0,7
WBGene00008947.,5,6,11
WBGene00008948.,97,2195,2292
WBGene00008949.,2,11,13
WBGene00008950.,2,2,4
WBGene00008951.,179,1087,1266
WBGene00008952.,57,306,363
WBGene00008953.,88,309,397
WBGene00008954.,14,27,41
WBGene00008955.,10,47,57
WBGene00008956.,82,237,319
WBGene00008957.,70,1198,1268
WBGene00008958.,0,6,6
WBGene00008959.,0,4,4
WBGene00008960.,3,2,5
WBGene00008961.,21,1500,1521
WBGene00008963.,93,1881,1974
WBGene00008964.,427,801,1228
WBGene00008965.,62,40,102
WBGene00008966.,0,0,0
WBGene00008967.,0,380,380
WBGene00008968.,6,77,83
WBGene00008969.,61,369,430
WBGene00008970.,0,169,169
WBGene00008971.,33,776,809
WBGene00008972.,1,3,4
WBGene00008973.,25,1956,1981
WBGene00008974.,111,648,759
WBGene00008975.,39,1294,1333
WBGene00008976.,2,32,34
WBGene00008977.,35,141,176
WBGene00008978.,29,318,347
WBGene00008979.,35,743,778
WBGene00008980.,75,1378,1453
WBGene00008981.,2,0,2
WBGene00008982.,0,2,2
WBGene00008983.,1,0,1
WBGene00008984.,1,1,2
WBGene00008985.,14,80,94
WBGene00008986.,120,842,962
WBGene00008987.,96,627,723
WBGene00008988.,14,58,72
WBGene00008989.,51,227,278
WBGene00008990.,111,1509,1620
WBGene00008991.,26,27,53
WBGene00008992.,0,79,79
WBGene00008993.,35,195,230
WBGene00008994.,4,36,40
WBGene00008995.,51,147,198
WBGene00008996.,49,343,392
WBGene00008997.,159,375,534
WBGene00008998.,251,1662,1913
WBGene00008999.,658,3344,4002
WBGene00009000.,20,60,80
WBGene00009001.,4,9,13
WBGene00009002.,144,1689,1833
WBGene00009004.,408,7846,8254
WBGene00009005.,6,3,9
WBGene00009006.,12,310,322
WBGene00009007.,34,839,873
WBGene00009008.,59,395,454
WBGene00009009.,8,202,210
WBGene00009010.,50,628,678
WBGene00009011.,32,888,920
WBGene00009012.,106,2768,2874
WBGene00009013.,90,2387,2477
WBGene00009014.,13,100,113
WBGene00009015.,9,21,30
WBGene00009016.,11,4,15
WBGene00009017.,0,1,1
WBGene00009018.,21,145,166
WBGene00009019.,0,20,20
WBGene00009020.,7,58,65
WBGene00009021.,0,0,0
WBGene00009023.,27,194,221
WBGene00009024.,5,10,15
WBGene00009025.,56,415,471
WBGene00009026.,5,161,166
WBGene00009027.,96,465,561
WBGene00009028.,16,9,25
WBGene00009029.,17,31,48
WBGene00009030.,35,215,250
WBGene00009031.,0,31,31
WBGene00009032.,0,3,3
WBGene00009033.,1,4,5
WBGene00009035.,9,48,57
WBGene00009036.,0,0,0
WBGene00009038.,12,1,13
WBGene00009039.,8,14,22
WBGene00009041.,7,66,73
WBGene00009042.,17,443,460
WBGene00009043.,2,2,4
WBGene00009044.,1,2,3
WBGene00009045.,18,1428,1446
WBGene00009046.,2,3,5
WBGene00009047.,4,3,7
WBGene00009048.,12,1579,1591
WBGene00009049.,102,2159,2261
WBGene00009050.,373,9380,9753
WBGene00009051.,527,7647,8174
WBGene00009052.,92,1286,1378
WBGene00009054.,51,249,300
WBGene00009055.,89,336,425
WBGene00009056.,406,3644,4050
WBGene00009057.,71,377,448
WBGene00009058.,88,2982,3070
WBGene00009059.,31,337,368
WBGene00009060.,153,234,387
WBGene00009061.,6,9,15
WBGene00009063.,0,2,2
WBGene00009064.,38,440,478
WBGene00009065.,294,1185,1479
WBGene00009067.,0,7,7
WBGene00009068.,44,315,359
WBGene00009069.,0,1999,1999
WBGene00009070.,1571,46,1617
WBGene00009071.,5,12,17
WBGene00009073.,20,33,53
WBGene00009075.,5,6,11
WBGene00009076.,0,6,6
WBGene00009077.,1,6,7
WBGene00009078.,776,2945,3721
WBGene00009079.,0,4,4
WBGene00009081.,34,499,533
WBGene00009082.,39,6634,6673
WBGene00009084.,119,2974,3093
WBGene00009085.,4,18,22
WBGene00009086.,4,13,17
WBGene00009087.,5,324,329
WBGene00009088.,0,0,0
WBGene00009089.,24,246,270
WBGene00009090.,21,507,528
WBGene00009091.,140,3441,3581
WBGene00009092.,182,7589,7771
WBGene00009093.,69,342,411
WBGene00009094.,73,495,568
WBGene00009095.,109,476,585
WBGene00009096.,239,17143,17382
WBGene00009097.,118,13071,13189
WBGene00009098.,517,1923,2440
WBGene00009099.,14,37,51
WBGene00009100.,108,844,952
WBGene00009101.,7,81,88
WBGene00009102.,2,138,140
WBGene00009103.,121,2686,2807
WBGene00009104.,2,2,4
WBGene00009106.,59,440,499
WBGene00009107.,134,290,424
WBGene00009108.,16,51,67
WBGene00009109.,86,302,388
WBGene00009110.,6,535,541
WBGene00009112.,31,952,983
WBGene00009113.,4,44,48
WBGene00009114.,3,2,5
WBGene00009115.,25,8,33
WBGene00009116.,48,1025,1073
WBGene00009117.,13,27,40
WBGene00009118.,60,1721,1781
WBGene00009119.,990,168889,169879
WBGene00009120.,130,1215,1345
WBGene00009121.,13,285,298
WBGene00009122.,12,102,114
WBGene00009123.,72,3450,3522
WBGene00009124.,99,382,481
WBGene00009125.,83,247,330
WBGene00009126.,292,7759,8051
WBGene00009127.,69,842,911
WBGene00009128.,0,1055,1055
WBGene00009129.,6,7,13
WBGene00009130.,12,5,17
WBGene00009131.,94,804,898
WBGene00009132.,47,1479,1526
WBGene00009133.,45,722,767
WBGene00009134.,4,9,13
WBGene00009135.,10,125,135
WBGene00009136.,9,27,36
WBGene00009137.,15,401,416
WBGene00009138.,20,790,810
WBGene00009139.,87,989,1076
WBGene00009140.,74,579,653
WBGene00009141.,622,3742,4364
WBGene00009142.,37,2943,2980
WBGene00009143.,9,19,28
WBGene00009144.,7,52,59
WBGene00009145.,128,668,796
WBGene00009146.,32,182,214
WBGene00009147.,23,5,28
WBGene00009148.,7,36,43
WBGene00009149.,2,11,13
WBGene00009150.,0,0,0
WBGene00009151.,0,0,0
WBGene00009152.,0,0,0
WBGene00009153.,2,56,58
WBGene00009154.,0,2,2
WBGene00009155.,58,179,237
WBGene00009156.,46,119,165
WBGene00009157.,61,386,447
WBGene00009158.,330,2321,2651
WBGene00009159.,33,827,860
WBGene00009160.,15,2,17
WBGene00009161.,1105,34387,35492
WBGene00009162.,74,155,229
WBGene00009163.,56,276,332
WBGene00009164.,57,1231,1288
WBGene00009165.,8,656,664
WBGene00009166.,19,63,82
WBGene00009167.,0,0,0
WBGene00009168.,2,27,29
WBGene00009169.,8,38,46
WBGene00009170.,0,20,20
WBGene00009171.,4,3,7
WBGene00009172.,109,337,446
WBGene00009173.,5,31,36
WBGene00009174.,254,1161,1415
WBGene00009176.,7,473,480
WBGene00009177.,35,304,339
WBGene00009178.,22,23,45
WBGene00009179.,118,651,769
WBGene00009180.,1372,16067,17439
WBGene00009182.,31,48,79
WBGene00009183.,10,102,112
WBGene00009184.,2,17,19
WBGene00009185.,5,8,13
WBGene00009186.,1,6,7
WBGene00009187.,871,5378,6249
WBGene00009188.,465,1828,2293
WBGene00009189.,606,7311,7917
WBGene00009190.,162,585,747
WBGene00009191.,4,637,641
WBGene00009192.,40,112,152
WBGene00009193.,11,9,20
WBGene00009194.,27,58,85
WBGene00009195.,0,1,1
WBGene00009196.,6,4,10
WBGene00009197.,2,4,6
WBGene00009200.,112,1476,1588
WBGene00009201.,75,1183,1258
WBGene00009202.,2,60,62
WBGene00009203.,3,80,83
WBGene00009204.,46,153,199
WBGene00009205.,20,165,185
WBGene00009206.,0,0,0
WBGene00009207.,44,1179,1223
WBGene00009208.,7,28,35
WBGene00009209.,0,6,6
WBGene00009210.,0,2,2
WBGene00009211.,20,2657,2677
WBGene00009212.,4,38,42
WBGene00009213.,0,23,23
WBGene00009214.,2,5,7
WBGene00009215.,0,26,26
WBGene00009216.,0,730,730
WBGene00009217.,83,113,196
WBGene00009218.,34,303,337
WBGene00009219.,107,1651,1758
WBGene00009220.,228,341,569
WBGene00009221.,129,3353,3482
WBGene00009222.,26,194,220
WBGene00009223.,26,379,405
WBGene00009224.,87,159,246
WBGene00009225.,8,33,41
WBGene00009226.,0,4,4
WBGene00009227.,2,6,8
WBGene00009228.,13,4,17
WBGene00009229.,3,6,9
WBGene00009230.,3,0,3
WBGene00009231.,41,232,273
WBGene00009232.,4,38,42
WBGene00009233.,67,366,433
WBGene00009234.,67,339,406
WBGene00009235.,0,14,14
WBGene00009236.,4,48,52
WBGene00009237.,6,1252,1258
WBGene00009238.,1,12,13
WBGene00009239.,7,26,33
WBGene00009240.,24,64,88
WBGene00009241.,8,213,221
WBGene00009242.,16,59,75
WBGene00009243.,13,375,388
WBGene00009245.,104,493,597
WBGene00009246.,107,5829,5936
WBGene00009247.,3,23,26
WBGene00009248.,0,13,13
WBGene00009249.,0,0,0
WBGene00009250.,7,79,86
WBGene00009251.,10,11,21
WBGene00009252.,8,7,15
WBGene00009254.,101,1508,1609
WBGene00009255.,8,38,46
WBGene00009256.,131,1116,1247
WBGene00009257.,16,48,64
WBGene00009258.,71,296,367
WBGene00009259.,25,684,709
WBGene00009260.,65,1031,1096
WBGene00009261.,3,16,19
WBGene00009262.,65,1245,1310
WBGene00009263.,54,116,170
WBGene00009264.,186,1576,1762
WBGene00009266.,98,3170,3268
WBGene00009267.,114,1359,1473
WBGene00009268.,9,31,40
WBGene00009269.,3,7,10
WBGene00009270.,7,187,194
WBGene00009271.,94,388,482
WBGene00009272.,5,207,212
WBGene00009274.,58,515,573
WBGene00009276.,42,909,951
WBGene00009277.,158,501,659
WBGene00009278.,19,154,173
WBGene00009279.,2,0,2
WBGene00009280.,1,33,34
WBGene00009281.,1,3,4
WBGene00009283.,17,253,270
WBGene00009284.,172,862,1034
WBGene00009285.,57,1043,1100
WBGene00009286.,23,214,237
WBGene00009287.,41,290,331
WBGene00009288.,42,215,257
WBGene00009289.,39,958,997
WBGene00009290.,81,1937,2018
WBGene00009291.,66,319,385
WBGene00009292.,71,540,611
WBGene00009293.,3,130,133
WBGene00009294.,673,8137,8810
WBGene00009295.,1,3,4
WBGene00009296.,1,14,15
WBGene00009297.,1,11,12
WBGene00009298.,0,1,1
WBGene00009299.,12,78,90
WBGene00009300.,0,0,0
WBGene00009301.,2,6,8
WBGene00009302.,0,2,2
WBGene00009303.,10,4,14
WBGene00009304.,236,1296,1532
WBGene00009305.,77,850,927
WBGene00009306.,6,1378,1384
WBGene00009307.,45,3892,3937
WBGene00009308.,0,4,4
WBGene00009309.,0,4,4
WBGene00009310.,0,0,0
WBGene00009311.,3,2,5
WBGene00009312.,853,35,888
WBGene00009313.,6,7,13
WBGene00009314.,300,899,1199
WBGene00009315.,366,1570,1936
WBGene00009316.,2,3,5
WBGene00009318.,9,39,48
WBGene00009319.,152,2802,2954
WBGene00009320.,121,495,616
WBGene00009321.,1,0,1
WBGene00009322.,119,1587,1706
WBGene00009323.,29,647,676
WBGene00009324.,6,12,18
WBGene00009325.,144,539,683
WBGene00009326.,14,108,122
WBGene00009327.,11,10,21
WBGene00009328.,0,8,8
WBGene00009329.,74,450,524
WBGene00009330.,28,1889,1917
WBGene00009331.,3,61,64
WBGene00009332.,6,46,52
WBGene00009333.,39,1024,1063
WBGene00009334.,206,2278,2484
WBGene00009335.,16,105,121
WBGene00009336.,64,1481,1545
WBGene00009337.,554,2749,3303
WBGene00009338.,13,8,21
WBGene00009339.,5,14,19
WBGene00009340.,308,2998,3306
WBGene00009341.,11,418,429
WBGene00009342.,338,7959,8297
WBGene00009343.,47,370,417
WBGene00009344.,0,0,0
WBGene00009345.,6,3,9
WBGene00009346.,29,145,174
WBGene00009347.,33,182,215
WBGene00009349.,0,99,99
WBGene00009350.,50,175,225
WBGene00009352.,50,1131,1181
WBGene00009353.,181,8819,9000
WBGene00009354.,102,363,465
WBGene00009355.,9,147,156
WBGene00009356.,16,113,129
WBGene00009357.,36,134,170
WBGene00009358.,152,1891,2043
WBGene00009359.,4,8,12
WBGene00009360.,5,9,14
WBGene00009361.,29,334,363
WBGene00009362.,1,6,7
WBGene00009363.,1,1,2
WBGene00009364.,14,546,560
WBGene00009365.,60,732,792
WBGene00009366.,42,476,518
WBGene00009367.,345,6473,6818
WBGene00009368.,82,746,828
WBGene00009369.,76,703,779
WBGene00009370.,74,218,292
WBGene00009371.,38,245,283
WBGene00009372.,140,701,841
WBGene00009373.,50,455,505
WBGene00009374.,219,2723,2942
WBGene00009375.,181,975,1156
WBGene00009377.,0,2,2
WBGene00009378.,0,3,3
WBGene00009380.,25,704,729
WBGene00009381.,3,17,20
WBGene00009382.,2,17,19
WBGene00009383.,470,4927,5397
WBGene00009384.,3,65,68
WBGene00009385.,30,609,639
WBGene00009386.,7,206,213
WBGene00009387.,28,104,132
WBGene00009388.,631,9380,10011
WBGene00009389.,154,526,680
WBGene00009390.,14,41,55
WBGene00009391.,0,1,1
WBGene00009392.,1,1,2
WBGene00009393.,4,39,43
WBGene00009394.,115,1230,1345
WBGene00009395.,2,24,26
WBGene00009396.,10,91,101
WBGene00009397.,7,105,112
WBGene00009398.,0,64,64
WBGene00009399.,25,126,151
WBGene00009400.,27,125,152
WBGene00009401.,3,63,66
WBGene00009402.,0,20,20
WBGene00009403.,13,180,193
WBGene00009404.,12,177,189
WBGene00009405.,28,431,459
WBGene00009406.,123,978,1101
WBGene00009408.,0,153,153
WBGene00009409.,3,0,3
WBGene00009410.,1,1,2
WBGene00009411.,2,4,6
WBGene00009412.,7,12,19
WBGene00009413.,3,12,15
WBGene00009414.,3,4,7
WBGene00009415.,0,1,1
WBGene00009416.,4,59,63
WBGene00009417.,1,0,1
WBGene00009418.,1,7,8
WBGene00009419.,0,0,0
WBGene00009420.,0,0,0
WBGene00009421.,2,2,4
WBGene00009422.,0,3,3
WBGene00009423.,0,908,908
WBGene00009424.,14,43,57
WBGene00009425.,7,5,12
WBGene00009426.,7,2,9
WBGene00009427.,0,9,9
WBGene00009428.,30,56,86
WBGene00009429.,9,56,65
WBGene00009430.,136,1374,1510
WBGene00009431.,70,510,580
WBGene00009432.,53,541,594
WBGene00009433.,114,378,492
WBGene00009434.,81,492,573
WBGene00009435.,51,436,487
WBGene00009436.,12,1742,1754
WBGene00009437.,8,40,48
WBGene00009438.,4,31,35
WBGene00009439.,236,1532,1768
WBGene00009440.,179,5324,5503
WBGene00009441.,34,407,441
WBGene00009442.,11,55,66
WBGene00009443.,68,1058,1126
WBGene00009444.,54,782,836
WBGene00009445.,38,1093,1131
WBGene00009446.,0,1,1
WBGene00009447.,8,56,64
WBGene00009448.,17,415,432
WBGene00009449.,3,3,6
WBGene00009450.,33,1276,1309
WBGene00009451.,129,1742,1871
WBGene00009452.,135,775,910
WBGene00009453.,137,621,758
WBGene00009454.,2549,27158,29707
WBGene00009455.,164,1888,2052
WBGene00009456.,109,795,904
WBGene00009457.,0,7,7
WBGene00009458.,4,4,8
WBGene00009459.,1,15,16
WBGene00009460.,221,3018,3239
WBGene00009461.,76,420,496
WBGene00009462.,142,102,244
WBGene00009463.,0,1,1
WBGene00009464.,4,0,4
WBGene00009465.,7,24,31
WBGene00009466.,58,542,600
WBGene00009467.,4,3,7
WBGene00009468.,32,116,148
WBGene00009469.,43,308,351
WBGene00009470.,0,1,1
WBGene00009471.,3,6,9
WBGene00009472.,1,4,5
WBGene00009473.,0,0,0
WBGene00009474.,0,0,0
WBGene00009475.,335,2427,2762
WBGene00009476.,60,679,739
WBGene00009477.,480,2780,3260
WBGene00009478.,77,1375,1452
WBGene00009479.,51,743,794
WBGene00009480.,11,19,30
WBGene00009481.,4,101,105
WBGene00009482.,218,1782,2000
WBGene00009483.,8,346,354
WBGene00009484.,102,292,394
WBGene00009485.,2,23,25
WBGene00009486.,4,5,9
WBGene00009487.,3,7,10
WBGene00009488.,3,1,4
WBGene00009489.,0,8,8
WBGene00009490.,0,20,20
WBGene00009491.,3,1,4
WBGene00009492.,9,8,17
WBGene00009493.,7,137,144
WBGene00009494.,1,47,48
WBGene00009495.,21,653,674
WBGene00009496.,8,117,125
WBGene00009497.,2,2,4
WBGene00009498.,213,1328,1541
WBGene00009499.,105,558,663
WBGene00009500.,61,918,979
WBGene00009501.,0,3,3
WBGene00009502.,4,4,8
WBGene00009503.,101,1213,1314
WBGene00009504.,7,312,319
WBGene00009505.,16,542,558
WBGene00009507.,72,468,540
WBGene00009508.,96,885,981
WBGene00009509.,7,28,35
WBGene00009510.,1,18,19
WBGene00009511.,31,96,127
WBGene00009512.,38,1397,1435
WBGene00009513.,7,6,13
WBGene00009514.,1719,14843,16562
WBGene00009515.,23,38,61
WBGene00009517.,8,16,24
WBGene00009518.,19,105,124
WBGene00009519.,1,5,6
WBGene00009520.,3,7,10
WBGene00009521.,400,2180,2580
WBGene00009522.,7,80,87
WBGene00009523.,1,5,6
WBGene00009524.,1,0,1
WBGene00009525.,2,0,2
WBGene00009526.,14,27,41
WBGene00009527.,15,10,25
WBGene00009528.,39,56,95
WBGene00009529.,11,819,830
WBGene00009530.,127,228,355
WBGene00009531.,1167,10020,11187
WBGene00009532.,446,1465,1911
WBGene00009533.,11,149,160
WBGene00009534.,76,1257,1333
WBGene00009535.,21,2,23
WBGene00009536.,164,395,559
WBGene00009537.,0,30,30
WBGene00009538.,0,1,1
WBGene00009539.,0,4,4
WBGene00009540.,2,11,13
WBGene00009541.,120,131,251
WBGene00009542.,58,2618,2676
WBGene00009543.,36,224,260
WBGene00009544.,65,324,389
WBGene00009546.,2,0,2
WBGene00009547.,37,226,263
WBGene00009548.,1,4,5
WBGene00009549.,0,11,11
WBGene00009550.,2,2,4
WBGene00009551.,17,153,170
WBGene00009552.,68,578,646
WBGene00009553.,21,527,548
WBGene00009554.,6,654,660
WBGene00009555.,0,0,0
WBGene00009556.,29,360,389
WBGene00009557.,40,129,169
WBGene00009558.,223,1278,1501
WBGene00009559.,10,1683,1693
WBGene00009560.,29,77,106
WBGene00009561.,10,8,18
WBGene00009562.,594,10186,10780
WBGene00009563.,124,1912,2036
WBGene00009565.,114,1037,1151
WBGene00009566.,2,1,3
WBGene00009567.,2,1,3
WBGene00009568.,0,0,0
WBGene00009569.,0,4,4
WBGene00009570.,0,12,12
WBGene00009571.,1,3,4
WBGene00009572.,1,12,13
WBGene00009573.,21,207,228
WBGene00009574.,313,2413,2726
WBGene00009575.,14,3315,3329
WBGene00009576.,4,76,80
WBGene00009577.,733,8655,9388
WBGene00009578.,359,8960,9319
WBGene00009579.,147,554,701
WBGene00009580.,90,3285,3375
WBGene00009581.,26,89,115
WBGene00009582.,34,215,249
WBGene00009583.,226,3985,4211
WBGene00009584.,1132,9391,10523
WBGene00009585.,61,33,94
WBGene00009586.,65,1344,1409
WBGene00009587.,261,2392,2653
WBGene00009588.,5813,1911,7724
WBGene00009589.,4416,1432,5848
WBGene00009590.,0,0,0
WBGene00009592.,3,0,3
WBGene00009593.,10,9,19
WBGene00009594.,388,1355,1743
WBGene00009595.,46,83,129
WBGene00009596.,5,3,8
WBGene00009597.,7,25,32
WBGene00009598.,5,8,13
WBGene00009599.,0,0,0
WBGene00009600.,1,14,15
WBGene00009601.,21,175,196
WBGene00009602.,51,13,64
WBGene00009603.,1,1,2
WBGene00009604.,0,3,3
WBGene00009605.,1,3,4
WBGene00009606.,0,1,1
WBGene00009607.,3,2,5
WBGene00009608.,13,105,118
WBGene00009609.,0,1,1
WBGene00009610.,0,0,0
WBGene00009611.,12,42,54
WBGene00009612.,0,5,5
WBGene00009613.,1,0,1
WBGene00009614.,9,18,27
WBGene00009615.,0,0,0
WBGene00009616.,2,3,5
WBGene00009617.,12,122,134
WBGene00009618.,5,38,43
WBGene00009619.,48,397,445
WBGene00009620.,601,1977,2578
WBGene00009621.,0,5378,5378
WBGene00009622.,15,36,51
WBGene00009623.,896,399,1295
WBGene00009624.,794,1813,2607
WBGene00009625.,7,33,40
WBGene00009626.,48,976,1024
WBGene00009627.,17,220,237
WBGene00009628.,10,782,792
WBGene00009629.,93,324,417
WBGene00009630.,7,7,14
WBGene00009631.,0,3,3
WBGene00009632.,166,1395,1561
WBGene00009633.,2,19,21
WBGene00009634.,23,1491,1514
WBGene00009635.,24,313,337
WBGene00009636.,21,209,230
WBGene00009637.,2,725,727
WBGene00009638.,176,13032,13208
WBGene00009639.,3,1383,1386
WBGene00009640.,4,332,336
WBGene00009641.,3,1,4
WBGene00009642.,28,76,104
WBGene00009643.,0,2,2
WBGene00009644.,1,7,8
WBGene00009645.,70,565,635
WBGene00009646.,0,1,1
WBGene00009647.,47,107,154
WBGene00009648.,5,480,485
WBGene00009649.,46,48,94
WBGene00009650.,35,1067,1102
WBGene00009651.,7,4,11
WBGene00009652.,11,21,32
WBGene00009653.,43,260,303
WBGene00009654.,231,780,1011
WBGene00009656.,2,45,47
WBGene00009657.,96,614,710
WBGene00009658.,0,3,3
WBGene00009659.,0,1,1
WBGene00009660.,263,1923,2186
WBGene00009661.,81,2776,2857
WBGene00009662.,1,2,3
WBGene00009663.,5,16,21
WBGene00009664.,187,9473,9660
WBGene00009665.,8,541,549
WBGene00009666.,39,1357,1396
WBGene00009667.,327,211,538
WBGene00009668.,63,1181,1244
WBGene00009670.,1,5,6
WBGene00009671.,117,2506,2623
WBGene00009672.,180,1255,1435
WBGene00009673.,36,242,278
WBGene00009674.,223,2530,2753
WBGene00009675.,14,39,53
WBGene00009676.,112,767,879
WBGene00009677.,9,116,125
WBGene00009678.,137,671,808
WBGene00009679.,30,171,201
WBGene00009680.,0,0,0
WBGene00009681.,0,9,9
WBGene00009682.,0,0,0
WBGene00009683.,0,11,11
WBGene00009684.,0,1,1
WBGene00009685.,1,5,6
WBGene00009686.,13,71,84
WBGene00009687.,0,0,0
WBGene00009688.,1650,14031,15681
WBGene00009689.,3,5,8
WBGene00009690.,9,9,18
WBGene00009691.,0,13206,13206
WBGene00009692.,0,6070,6070
WBGene00009693.,0,1,1
WBGene00009695.,2,1,3
WBGene00009696.,11,62,73
WBGene00009697.,0,29,29
WBGene00009698.,0,9,9
WBGene00009700.,93,655,748
WBGene00009701.,0,70,70
WBGene00009702.,5,72,77
WBGene00009704.,0,2,2
WBGene00009705.,1,3,4
WBGene00009706.,10,67,77
WBGene00009707.,1,5,6
WBGene00009708.,9,5,14
WBGene00009709.,36,33,69
WBGene00009710.,15,101,116
WBGene00009711.,174,1620,1794
WBGene00009712.,4,5378,5382
WBGene00009713.,413,1816,2229
WBGene00009714.,0,24,24
WBGene00009715.,43,1252,1295
WBGene00009716.,19,120,139
WBGene00009717.,220,1687,1907
WBGene00009720.,67,815,882
WBGene00009721.,16,15,31
WBGene00009722.,38,2046,2084
WBGene00009723.,26,1994,2020
WBGene00009724.,7,1238,1245
WBGene00009725.,3,10,13
WBGene00009726.,45,259,304
WBGene00009727.,35,225,260
WBGene00009728.,9,38,47
WBGene00009729.,18,116,134
WBGene00009730.,407,2789,3196
WBGene00009731.,31,421,452
WBGene00009732.,286,4587,4873
WBGene00009733.,17,256,273
WBGene00009734.,99,1423,1522
WBGene00009735.,26,180,206
WBGene00009736.,135,743,878
WBGene00009738.,117,335,452
WBGene00009739.,1732,5990,7722
WBGene00009740.,439,9357,9796
WBGene00009741.,25,132,157
WBGene00009742.,5,308,313
WBGene00009743.,18,158,176
WBGene00009744.,36,515,551
WBGene00009745.,30,522,552
WBGene00009746.,0,1,1
WBGene00009747.,0,2,2
WBGene00009748.,1,2,3
WBGene00009749.,4,1,5
WBGene00009750.,0,3,3
WBGene00009751.,2,7,9
WBGene00009752.,3,13,16
WBGene00009753.,2,0,2
WBGene00009754.,0,14,14
WBGene00009755.,2,7,9
WBGene00009756.,1,3,4
WBGene00009757.,9,35,44
WBGene00009758.,2,0,2
WBGene00009759.,1,0,1
WBGene00009760.,3,20,23
WBGene00009761.,0,1,1
WBGene00009762.,0,2,2
WBGene00009763.,0,2,2
WBGene00009764.,1,2,3
WBGene00009765.,3,3,6
WBGene00009766.,1,1,2
WBGene00009767.,0,3,3
WBGene00009768.,15,59,74
WBGene00009769.,15,365,380
WBGene00009770.,86,705,791
WBGene00009771.,110,1501,1611
WBGene00009772.,211,12938,13149
WBGene00009773.,5,272,277
WBGene00009774.,5,509,514
WBGene00009775.,1,9,10
WBGene00009776.,43,511,554
WBGene00009777.,9,9,18
WBGene00009778.,2,43,45
WBGene00009779.,132,1144,1276
WBGene00009780.,69,264,333
WBGene00009781.,244,1398,1642
WBGene00009782.,31,364,395
WBGene00009783.,77,2545,2622
WBGene00009784.,43,1329,1372
WBGene00009785.,9,86,95
WBGene00009786.,0,12,12
WBGene00009787.,392,35411,35803
WBGene00009788.,2,7,9
WBGene00009789.,109,182,291
WBGene00009790.,31,219,250
WBGene00009791.,12,52,64
WBGene00009793.,25,1675,1700
WBGene00009796.,80,986,1066
WBGene00009797.,262,1924,2186
WBGene00009798.,7,30,37
WBGene00009799.,127,819,946
WBGene00009800.,105,1142,1247
WBGene00009801.,38,482,520
WBGene00009802.,0,6,6
WBGene00009803.,87,1252,1339
WBGene00009804.,95,1993,2088
WBGene00009805.,0,0,0
WBGene00009806.,3,12,15
WBGene00009807.,1,10,11
WBGene00009808.,0,13,13
WBGene00009809.,20,194,214
WBGene00009810.,4,58,62
WBGene00009811.,2,8,10
WBGene00009812.,62,7242,7304
WBGene00009813.,58,885,943
WBGene00009814.,2,19,21
WBGene00009815.,0,7,7
WBGene00009816.,6,22,28
WBGene00009817.,0,6,6
WBGene00009818.,151,914,1065
WBGene00009819.,32,279,311
WBGene00009820.,4,18,22
WBGene00009822.,29,26,55
WBGene00009823.,18,180,198
WBGene00009824.,7,149,156
WBGene00009825.,80,443,523
WBGene00009826.,16,72,88
WBGene00009827.,8,18,26
WBGene00009828.,5,5,10
WBGene00009829.,61,4304,4365
WBGene00009830.,6,33,39
WBGene00009831.,36,609,645
WBGene00009833.,0,4,4
WBGene00009834.,1,4,5
WBGene00009835.,15,9,24
WBGene00009836.,10,1,11
WBGene00009837.,0,3,3
WBGene00009838.,4,3,7
WBGene00009839.,1,21,22
WBGene00009840.,10,23,33
WBGene00009841.,2,0,2
WBGene00009842.,28,432,460
WBGene00009843.,35,681,716
WBGene00009844.,26,40,66
WBGene00009846.,89,72,161
WBGene00009848.,219,1404,1623
WBGene00009849.,16,30,46
WBGene00009850.,27,722,749
WBGene00009851.,25,1453,1478
WBGene00009852.,4,4,8
WBGene00009853.,0,8,8
WBGene00009854.,2,2,4
WBGene00009855.,0,1,1
WBGene00009856.,1,0,1
WBGene00009857.,0,2,2
WBGene00009858.,0,1,1
WBGene00009859.,1,3,4
WBGene00009860.,0,3,3
WBGene00009861.,0,4,4
WBGene00009862.,0,28,28
WBGene00009863.,0,1,1
WBGene00009864.,3,2,5
WBGene00009865.,72,321,393
WBGene00009866.,0,2,2
WBGene00009867.,14,29,43
WBGene00009868.,0,1,1
WBGene00009869.,1,1,2
WBGene00009871.,0,4,4
WBGene00009872.,1,10,11
WBGene00009873.,3,8,11
WBGene00009874.,1,1,2
WBGene00009875.,6,9,15
WBGene00009876.,6,60,66
WBGene00009877.,18,116,134
WBGene00009878.,16,853,869
WBGene00009879.,27,92,119
WBGene00009880.,318,3918,4236
WBGene00009881.,230,4624,4854
WBGene00009882.,56,5564,5620
WBGene00009883.,13,34,47
WBGene00009884.,6,14,20
WBGene00009885.,11,135,146
WBGene00009886.,41,391,432
WBGene00009887.,32,799,831
WBGene00009888.,2982,25204,28186
WBGene00009889.,83,98,181
WBGene00009890.,14,38,52
WBGene00009891.,12,30,42
WBGene00009892.,1,2,3
WBGene00009893.,4,3,7
WBGene00009894.,0,2,2
WBGene00009895.,29,171,200
WBGene00009896.,348,5758,6106
WBGene00009897.,11,25,36
WBGene00009898.,0,3,3
WBGene00009899.,85,768,853
WBGene00009900.,3,141,144
WBGene00009901.,49,494,543
WBGene00009902.,11,67,78
WBGene00009903.,7,50,57
WBGene00009904.,6,26,32
WBGene00009905.,4,0,4
WBGene00009906.,6,0,6
WBGene00009907.,2,0,2
WBGene00009908.,5,6,11
WBGene00009909.,0,1,1
WBGene00009910.,1,1,2
WBGene00009911.,0,0,0
WBGene00009912.,15,6,21
WBGene00009913.,0,0,0
WBGene00009914.,1,3,4
WBGene00009915.,32,4141,4173
WBGene00009916.,66,574,640
WBGene00009917.,280,1953,2233
WBGene00009918.,40,2576,2616
WBGene00009919.,111,1635,1746
WBGene00009920.,872,6948,7820
WBGene00009921.,6,138,144
WBGene00009922.,57,674,731
WBGene00009923.,22,152,174
WBGene00009924.,94,1024,1118
WBGene00009925.,5,1881,1886
WBGene00009926.,73,2077,2150
WBGene00009927.,65,267,332
WBGene00009929.,31,39,70
WBGene00009930.,18,582,600
WBGene00009931.,12,181,193
WBGene00009933.,1,11,12
WBGene00009935.,33,401,434
WBGene00009936.,0,0,0
WBGene00009937.,49,440,489
WBGene00009938.,4,9,13
WBGene00009939.,81,755,836
WBGene00009940.,131,3162,3293
WBGene00009941.,2,2,4
WBGene00009942.,2,48,50
WBGene00009943.,133,241,374
WBGene00009944.,42,1074,1116
WBGene00009945.,180,1965,2145
WBGene00009946.,6,75,81
WBGene00009947.,67,571,638
WBGene00009948.,5,91,96
WBGene00009949.,42,161,203
WBGene00009950.,3,16,19
WBGene00009951.,51,279,330
WBGene00009952.,498,8329,8827
WBGene00009953.,38,342,380
WBGene00009954.,1,1,2
WBGene00009955.,6,588,594
WBGene00009956.,5,2,7
WBGene00009957.,84,1138,1222
WBGene00009958.,277,2113,2390
WBGene00009959.,1,7,8
WBGene00009960.,0,1,1
WBGene00009961.,4,3,7
WBGene00009962.,19,5,24
WBGene00009963.,2,1,3
WBGene00009964.,1,29,30
WBGene00009965.,77,503,580
WBGene00009966.,40,1532,1572
WBGene00009967.,12,73,85
WBGene00009968.,307,2737,3044
WBGene00009969.,65,693,758
WBGene00009971.,13,56,69
WBGene00009972.,55,45,100
WBGene00009973.,485,6393,6878
WBGene00009974.,207,2655,2862
WBGene00009975.,981,1714,2695
WBGene00009976.,58,1004,1062
WBGene00009977.,91,763,854
WBGene00009978.,941,1421,2362
WBGene00009979.,56,13,69
WBGene00009980.,78,2054,2132
WBGene00009981.,22,260,282
WBGene00009982.,79,19495,19574
WBGene00009983.,2,854,856
WBGene00009984.,82,174,256
WBGene00009985.,21,238,259
WBGene00009986.,48,307,355
WBGene00009987.,80,1350,1430
WBGene00009988.,22,47,69
WBGene00009990.,0,6,6
WBGene00009991.,5,29,34
WBGene00009992.,544,12097,12641
WBGene00009993.,18,6135,6153
WBGene00009994.,16,400,416
WBGene00009995.,12619,74523,87142
WBGene00009996.,59,1268,1327
WBGene00009997.,2,1,3
WBGene00009998.,8,13,21
WBGene00009999.,8,22,30
WBGene00010000.,1,12,13
WBGene00010001.,10,1056,1066
WBGene00010002.,53,629,682
WBGene00010003.,153,378,531
WBGene00010004.,31,25,56
WBGene00010005.,7,5,12
WBGene00010006.,716,631,1347
WBGene00010007.,0,1,1
WBGene00010008.,20,117,137
WBGene00010009.,15,112,127
WBGene00010010.,38,235,273
WBGene00010011.,21,109,130
WBGene00010012.,1206,5891,7097
WBGene00010013.,152,3002,3154
WBGene00010014.,3,30,33
WBGene00010015.,73,5447,5520
WBGene00010016.,1,2,3
WBGene00010017.,0,0,0
WBGene00010018.,8,51,59
WBGene00010019.,38,283,321
WBGene00010020.,0,2,2
WBGene00010021.,2,5,7
WBGene00010022.,2,1,3
WBGene00010023.,1,17,18
WBGene00010024.,0,2,2
WBGene00010025.,3,8,11
WBGene00010026.,0,0,0
WBGene00010027.,20,63,83
WBGene00010028.,24,564,588
WBGene00010030.,0,5,5
WBGene00010031.,6,256,262
WBGene00010032.,53,897,950
WBGene00010033.,27,465,492
WBGene00010034.,2,13,15
WBGene00010035.,5,22,27
WBGene00010036.,1,19,20
WBGene00010037.,198,4060,4258
WBGene00010038.,77,886,963
WBGene00010039.,66,285,351
WBGene00010040.,32,804,836
WBGene00010041.,0,374,374
WBGene00010042.,63,918,981
WBGene00010043.,96,709,805
WBGene00010044.,348,3381,3729
WBGene00010045.,212,1307,1519
WBGene00010046.,4,43,47
WBGene00010047.,42,635,677
WBGene00010048.,37,248,285
WBGene00010049.,83,554,637
WBGene00010050.,49,219,268
WBGene00010051.,58,612,670
WBGene00010052.,25,1911,1936
WBGene00010053.,0,9,9
WBGene00010054.,0,363,363
WBGene00010055.,856,7681,8537
WBGene00010056.,20,1115,1135
WBGene00010057.,41,311,352
WBGene00010058.,17,13,30
WBGene00010059.,101,2707,2808
WBGene00010060.,42,155,197
WBGene00010061.,26,548,574
WBGene00010062.,3,50,53
WBGene00010063.,29,169,198
WBGene00010064.,5,288,293
WBGene00010065.,1,10,11
WBGene00010066.,1,5,6
WBGene00010067.,1,1,2
WBGene00010068.,5,53,58
WBGene00010069.,28,45,73
WBGene00010070.,290,1409,1699
WBGene00010071.,283,51,334
WBGene00010072.,41,133,174
WBGene00010073.,155,405,560
WBGene00010074.,41,179,220
WBGene00010075.,17,2725,2742
WBGene00010077.,44,161,205
WBGene00010079.,210,549,759
WBGene00010080.,25,374,399
WBGene00010081.,8,71,79
WBGene00010082.,3,183,186
WBGene00010083.,83,317,400
WBGene00010084.,2,3,5
WBGene00010085.,0,1,1
WBGene00010086.,545,223,768
WBGene00010087.,0,0,0
WBGene00010088.,16,88,104
WBGene00010089.,46,439,485
WBGene00010091.,0,3,3
WBGene00010092.,3,6,9
WBGene00010093.,13,523,536
WBGene00010094.,77,3703,3780
WBGene00010095.,16,39,55
WBGene00010096.,175,1093,1268
WBGene00010097.,118,2492,2610
WBGene00010098.,1,13,14
WBGene00010099.,0,0,0
WBGene00010100.,0,6,6
WBGene00010101.,1,2,3
WBGene00010102.,0,10,10
WBGene00010103.,5,1,6
WBGene00010104.,0,0,0
WBGene00010105.,0,5,5
WBGene00010106.,0,19,19
WBGene00010107.,0,2,2
WBGene00010108.,0,3,3
WBGene00010109.,38,1154,1192
WBGene00010110.,54,476,530
WBGene00010111.,95,593,688
WBGene00010112.,8,3,11
WBGene00010113.,86,474,560
WBGene00010114.,0,0,0
WBGene00010115.,125,609,734
WBGene00010116.,63,109,172
WBGene00010117.,252,2888,3140
WBGene00010118.,15,69,84
WBGene00010119.,7,72,79
WBGene00010120.,9,10,19
WBGene00010121.,12,6,18
WBGene00010122.,1,7,8
WBGene00010123.,8,50,58
WBGene00010124.,4,22,26
WBGene00010125.,1,18,19
WBGene00010126.,1,0,1
WBGene00010127.,1,1,2
WBGene00010128.,7,34,41
WBGene00010129.,1,1,2
WBGene00010130.,116,5266,5382
WBGene00010131.,24,847,871
WBGene00010132.,161,500,661
WBGene00010133.,434,195,629
WBGene00010134.,16,70,86
WBGene00010135.,1,802,803
WBGene00010136.,13,3,16
WBGene00010137.,116,160,276
WBGene00010138.,38,77,115
WBGene00010139.,191,4234,4425
WBGene00010140.,15,193,208
WBGene00010141.,59,346,405
WBGene00010142.,25,329,354
WBGene00010143.,26,151,177
WBGene00010144.,12,88,100
WBGene00010145.,15,5,20
WBGene00010146.,582,1674,2256
WBGene00010147.,0,1,1
WBGene00010148.,11,54,65
WBGene00010149.,0,0,0
WBGene00010150.,102,161,263
WBGene00010152.,0,3,3
WBGene00010153.,0,14,14
WBGene00010155.,11,25,36
WBGene00010157.,4,5,9
WBGene00010158.,0,0,0
WBGene00010159.,236,813,1049
WBGene00010160.,185,476,661
WBGene00010161.,252,589,841
WBGene00010162.,2,4,6
WBGene00010163.,57,175,232
WBGene00010165.,18,14,32
WBGene00010166.,3,7,10
WBGene00010167.,18,2,20
WBGene00010168.,6,14,20
WBGene00010169.,2,5,7
WBGene00010170.,0,0,0
WBGene00010171.,1,0,1
WBGene00010172.,2,2,4
WBGene00010173.,4,5,9
WBGene00010174.,488,6433,6921
WBGene00010175.,77,357,434
WBGene00010176.,9,15,24
WBGene00010177.,469,2501,2970
WBGene00010178.,116,1513,1629
WBGene00010179.,86,503,589
WBGene00010180.,1,5,6
WBGene00010181.,3,2,5
WBGene00010182.,3,11,14
WBGene00010183.,6,16,22
WBGene00010184.,7,7,14
WBGene00010185.,5,15,20
WBGene00010186.,3,29,32
WBGene00010187.,10,18,28
WBGene00010188.,16,334,350
WBGene00010189.,12,51,63
WBGene00010191.,45,1591,1636
WBGene00010192.,27,681,708
WBGene00010193.,4,144,148
WBGene00010194.,0,25,25
WBGene00010195.,8,62,70
WBGene00010196.,8,7,15
WBGene00010197.,45,1051,1096
WBGene00010198.,52,313,365
WBGene00010199.,95,2612,2707
WBGene00010200.,116,173,289
WBGene00010202.,7,207,214
WBGene00010203.,2,7,9
WBGene00010204.,5,1775,1780
WBGene00010205.,12,155,167
WBGene00010206.,0,0,0
WBGene00010209.,0,6,6
WBGene00010212.,166,20,186
WBGene00010214.,37,141,178
WBGene00010215.,1,6,7
WBGene00010216.,1,0,1
WBGene00010217.,3,8,11
WBGene00010218.,4,14,18
WBGene00010219.,0,0,0
WBGene00010220.,7,9,16
WBGene00010221.,79,3872,3951
WBGene00010222.,41,99,140
WBGene00010223.,12,49,61
WBGene00010224.,65,293,358
WBGene00010225.,75,1206,1281
WBGene00010226.,3,7,10
WBGene00010227.,22,240,262
WBGene00010228.,25,22,47
WBGene00010229.,67,336,403
WBGene00010230.,106,2549,2655
WBGene00010231.,244,3361,3605
WBGene00010232.,78,2464,2542
WBGene00010233.,42,342,384
WBGene00010234.,1,611,612
WBGene00010235.,37,460,497
WBGene00010236.,79,2135,2214
WBGene00010237.,4,16,20
WBGene00010238.,31,229,260
WBGene00010239.,22,734,756
WBGene00010240.,5,7,12
WBGene00010241.,1,16,17
WBGene00010242.,51,296,347
WBGene00010243.,15,66,81
WBGene00010244.,246,5833,6079
WBGene00010245.,0,2,2
WBGene00010246.,3,24,27
WBGene00010247.,1,2,3
WBGene00010248.,49,118,167
WBGene00010249.,9,0,9
WBGene00010250.,27,39,66
WBGene00010251.,147,336,483
WBGene00010253.,8,109,117
WBGene00010254.,0,5,5
WBGene00010255.,0,5,5
WBGene00010256.,6,23,29
WBGene00010257.,0,18,18
WBGene00010258.,31,279,310
WBGene00010259.,631,1945,2576
WBGene00010260.,217,12405,12622
WBGene00010261.,3,6,9
WBGene00010262.,170,3031,3201
WBGene00010263.,4,86,90
WBGene00010264.,57,201,258
WBGene00010265.,3,0,3
WBGene00010266.,186,1982,2168
WBGene00010267.,1,33,34
WBGene00010268.,20,283,303
WBGene00010269.,25,1158,1183
WBGene00010270.,1,0,1
WBGene00010271.,1,2,3
WBGene00010272.,170,1398,1568
WBGene00010273.,8,14,22
WBGene00010274.,14,71,85
WBGene00010275.,128,430,558
WBGene00010276.,0,0,0
WBGene00010277.,1,65,66
WBGene00010278.,1,75,76
WBGene00010279.,92,2265,2357
WBGene00010280.,79,1870,1949
WBGene00010281.,1,119,120
WBGene00010282.,19,22,41
WBGene00010283.,22,249,271
WBGene00010284.,135,2674,2809
WBGene00010285.,4,116,120
WBGene00010286.,37,424,461
WBGene00010288.,68,771,839
WBGene00010289.,3,9,12
WBGene00010290.,70,3869,3939
WBGene00010291.,64,334,398
WBGene00010292.,0,2,2
WBGene00010293.,6,73,79
WBGene00010294.,3,36,39
WBGene00010295.,9,75,84
WBGene00010296.,0,193,193
WBGene00010297.,3,19,22
WBGene00010298.,2,2,4
WBGene00010299.,3,2,5
WBGene00010300.,3,0,3
WBGene00010301.,0,0,0
WBGene00010303.,288,21474,21762
WBGene00010304.,82,477,559
WBGene00010305.,124,1327,1451
WBGene00010306.,864,3108,3972
WBGene00010307.,10,332,342
WBGene00010308.,26,290,316
WBGene00010309.,11,102,113
WBGene00010310.,17,158,175
WBGene00010311.,2,68,70
WBGene00010313.,30,52,82
WBGene00010314.,3,8,11
WBGene00010315.,53,278,331
WBGene00010316.,286,956,1242
WBGene00010317.,220,11758,11978
WBGene00010318.,28,166,194
WBGene00010319.,42,554,596
WBGene00010320.,57,419,476
WBGene00010321.,40,633,673
WBGene00010322.,15,12,27
WBGene00010323.,2,3,5
WBGene00010324.,1,0,1
WBGene00010325.,16,868,884
WBGene00010326.,950,6674,7624
WBGene00010327.,265,312,577
WBGene00010328.,18,208,226
WBGene00010329.,79,1000,1079
WBGene00010330.,410564,120,410684
WBGene00010331.,67,248,315
WBGene00010332.,8,162,170
WBGene00010333.,210,3487,3697
WBGene00010334.,27,62,89
WBGene00010335.,691,2148,2839
WBGene00010336.,20,101,121
WBGene00010337.,992,7814,8806
WBGene00010338.,58,631,689
WBGene00010339.,7,665,672
WBGene00010340.,22,94,116
WBGene00010341.,10,40,50
WBGene00010342.,59,40,99
WBGene00010343.,3,6,9
WBGene00010344.,33,209,242
WBGene00010345.,56,248,304
WBGene00010348.,14,592,606
WBGene00010349.,39,228,267
WBGene00010350.,365,932,1297
WBGene00010351.,7,184,191
WBGene00010352.,6,19,25
WBGene00010353.,0,35,35
WBGene00010354.,7,66,73
WBGene00010355.,1,4,5
WBGene00010356.,55,652,707
WBGene00010357.,112,681,793
WBGene00010358.,2,0,2
WBGene00010359.,4,7,11
WBGene00010360.,2,12,14
WBGene00010361.,2,12,14
WBGene00010362.,1,160,161
WBGene00010363.,10,73,83
WBGene00010364.,2,10,12
WBGene00010365.,12,4,16
WBGene00010366.,11,5,16
WBGene00010367.,22,201,223
WBGene00010368.,8,13,21
WBGene00010369.,145,2494,2639
WBGene00010370.,381,2355,2736
WBGene00010371.,0,18,18
WBGene00010372.,31,35,66
WBGene00010373.,4,19,23
WBGene00010374.,324,1059,1383
WBGene00010375.,11,287,298
WBGene00010376.,0,0,0
WBGene00010377.,0,0,0
WBGene00010378.,0,147,147
WBGene00010379.,0,0,0
WBGene00010380.,2,2,4
WBGene00010381.,1,0,1
WBGene00010382.,0,40,40
WBGene00010383.,37,242,279
WBGene00010385.,161,265,426
WBGene00010386.,122,115,237
WBGene00010387.,2,12,14
WBGene00010388.,5,8,13
WBGene00010389.,17,3,20
WBGene00010390.,4,11,15
WBGene00010391.,3,1,4
WBGene00010392.,8,2,10
WBGene00010394.,17,7,24
WBGene00010395.,0,1,1
WBGene00010396.,12,117,129
WBGene00010397.,15,341,356
WBGene00010399.,0,0,0
WBGene00010400.,0,0,0
WBGene00010401.,0,2,2
WBGene00010402.,7,27,34
WBGene00010403.,5,11,16
WBGene00010404.,0,1,1
WBGene00010405.,120,3621,3741
WBGene00010406.,51,2643,2694
WBGene00010407.,50,967,1017
WBGene00010408.,64,982,1046
WBGene00010409.,35,296,331
WBGene00010410.,0,1,1
WBGene00010411.,2,2,4
WBGene00010412.,0,3,3
WBGene00010413.,2,4,6
WBGene00010414.,3,10,13
WBGene00010415.,4,3,7
WBGene00010416.,236,1862,2098
WBGene00010417.,0,0,0
WBGene00010418.,35,660,695
WBGene00010419.,2755,69676,72431
WBGene00010420.,77,660,737
WBGene00010421.,46,372,418
WBGene00010422.,17,261,278
WBGene00010423.,70,70,140
WBGene00010424.,15,59,74
WBGene00010425.,175,6046,6221
WBGene00010426.,13,10,23
WBGene00010427.,522,975,1497
WBGene00010428.,112,1296,1408
WBGene00010430.,0,0,0
WBGene00010431.,0,0,0
WBGene00010432.,8,15,23
WBGene00010433.,30,674,704
WBGene00010434.,43,100,143
WBGene00010435.,252,3138,3390
WBGene00010436.,0,173,173
WBGene00010437.,77,563,640
WBGene00010439.,29,446,475
WBGene00010440.,576,9853,10429
WBGene00010442.,40,258,298
WBGene00010444.,297,1347,1644
WBGene00010446.,2,49,51
WBGene00010447.,4,15,19
WBGene00010448.,62,279,341
WBGene00010449.,52,508,560
WBGene00010450.,126,1046,1172
WBGene00010451.,14,4,18
WBGene00010453.,49,335,384
WBGene00010454.,22,203,225
WBGene00010455.,20,95,115
WBGene00010456.,59,778,837
WBGene00010457.,12,159,171
WBGene00010458.,32,1338,1370
WBGene00010459.,7,470,477
WBGene00010460.,7,28,35
WBGene00010461.,0,3,3
WBGene00010463.,16,5,21
WBGene00010464.,2,5,7
WBGene00010465.,70,677,747
WBGene00010466.,0,8,8
WBGene00010467.,0,7,7
WBGene00010468.,1,42,43
WBGene00010469.,5,25,30
WBGene00010470.,96,619,715
WBGene00010471.,238,2552,2790
WBGene00010472.,12,708,720
WBGene00010473.,20,74,94
WBGene00010474.,0,2,2
WBGene00010475.,557,982,1539
WBGene00010476.,17,1029,1046
WBGene00010477.,3,98,101
WBGene00010478.,103,15218,15321
WBGene00010479.,144,1045,1189
WBGene00010480.,551,2476,3027
WBGene00010481.,7,595,602
WBGene00010483.,0,3,3
WBGene00010484.,92,1192,1284
WBGene00010485.,0,20,20
WBGene00010486.,4,3,7
WBGene00010487.,20,11,31
WBGene00010488.,457,2526,2983
WBGene00010491.,3,712,715
WBGene00010492.,0,3,3
WBGene00010493.,1,6,7
WBGene00010494.,1,1,2
WBGene00010495.,2,20,22
WBGene00010496.,73,848,921
WBGene00010497.,42,232,274
WBGene00010498.,87,323,410
WBGene00010499.,2,10,12
WBGene00010500.,276,2090,2366
WBGene00010501.,20,199,219
WBGene00010502.,56,855,911
WBGene00010503.,40,335,375
WBGene00010504.,23,573,596
WBGene00010505.,26,94,120
WBGene00010506.,26,60,86
WBGene00010507.,92,2430,2522
WBGene00010508.,16,3,19
WBGene00010509.,1,1,2
WBGene00010510.,3,0,3
WBGene00010511.,2,6,8
WBGene00010512.,262,3083,3345
WBGene00010513.,366,2594,2960
WBGene00010514.,414,3614,4028
WBGene00010515.,244,3158,3402
WBGene00010516.,58,594,652
WBGene00010517.,0,0,0
WBGene00010518.,0,0,0
WBGene00010519.,8,11,19
WBGene00010520.,63,350,413
WBGene00010521.,37,116,153
WBGene00010522.,40,293,333
WBGene00010523.,0,1,1
WBGene00010524.,9,368,377
WBGene00010525.,23,225,248
WBGene00010526.,0,1,1
WBGene00010527.,1,3,4
WBGene00010528.,0,4,4
WBGene00010529.,3,1,4
WBGene00010530.,4,6,10
WBGene00010531.,1,2,3
WBGene00010534.,8,1,9
WBGene00010535.,0,0,0
WBGene00010536.,0,0,0
WBGene00010537.,175,438,613
WBGene00010538.,4,22,26
WBGene00010539.,167,1666,1833
WBGene00010540.,30,173,203
WBGene00010541.,387,3078,3465
WBGene00010542.,4,320,324
WBGene00010543.,0,1,1
WBGene00010544.,0,17,17
WBGene00010545.,0,24,24
WBGene00010546.,4,95,99
WBGene00010547.,0,2,2
WBGene00010550.,79,813,892
WBGene00010551.,86,680,766
WBGene00010552.,23,295,318
WBGene00010553.,17,220,237
WBGene00010554.,6,34,40
WBGene00010555.,0,0,0
WBGene00010556.,1768,156416,158184
WBGene00010557.,36,912,948
WBGene00010558.,121,335,456
WBGene00010559.,10,95,105
WBGene00010560.,287,8422,8709
WBGene00010562.,68,885,953
WBGene00010563.,22,18,40
WBGene00010564.,136,1549,1685
WBGene00010565.,11,289,300
WBGene00010566.,27,102,129
WBGene00010567.,68,714,782
WBGene00010568.,0,29,29
WBGene00010569.,31,231,262
WBGene00010570.,0,1,1
WBGene00010571.,13,30,43
WBGene00010572.,20,220,240
WBGene00010573.,29,263,292
WBGene00010574.,1,15,16
WBGene00010575.,44,607,651
WBGene00010576.,1,1,2
WBGene00010577.,1,1,2
WBGene00010578.,0,1,1
WBGene00010579.,46,3917,3963
WBGene00010580.,13,26,39
WBGene00010581.,1,24,25
WBGene00010582.,180,1746,1926
WBGene00010583.,4,815,819
WBGene00010584.,0,19,19
WBGene00010585.,187,452,639
WBGene00010586.,2,11,13
WBGene00010587.,151,241,392
WBGene00010588.,0,0,0
WBGene00010589.,0,21,21
WBGene00010590.,1,1,2
WBGene00010591.,1,4,5
WBGene00010592.,33,236,269
WBGene00010593.,506,6113,6619
WBGene00010594.,14,49,63
WBGene00010595.,177,1000,1177
WBGene00010596.,0,4,4
WBGene00010597.,187,191,378
WBGene00010598.,1,3,4
WBGene00010599.,2,15,17
WBGene00010600.,2,8,10
WBGene00010601.,2,5,7
WBGene00010602.,1,14,15
WBGene00010603.,8,41,49
WBGene00010604.,2,70,72
WBGene00010605.,230,970,1200
WBGene00010606.,6,19,25
WBGene00010607.,17,14,31
WBGene00010608.,20,201,221
WBGene00010609.,125,971,1096
WBGene00010610.,145,1032,1177
WBGene00010611.,2,4,6
WBGene00010612.,0,6,6
WBGene00010613.,4,3,7
WBGene00010614.,15,14,29
WBGene00010615.,94,1006,1100
WBGene00010616.,146,4266,4412
WBGene00010617.,5,29,34
WBGene00010618.,0,1,1
WBGene00010619.,121,554,675
WBGene00010620.,122,1203,1325
WBGene00010621.,9,199,208
WBGene00010622.,50,566,616
WBGene00010623.,14,61,75
WBGene00010624.,259,2439,2698
WBGene00010625.,57,782,839
WBGene00010626.,389,1571,1960
WBGene00010627.,1283,17226,18509
WBGene00010628.,6,82,88
WBGene00010629.,103,2046,2149
WBGene00010630.,15,93,108
WBGene00010631.,203,2331,2534
WBGene00010632.,323,1926,2249
WBGene00010633.,0,2,2
WBGene00010634.,1,3,4
WBGene00010635.,0,4,4
WBGene00010636.,23,108,131
WBGene00010637.,7,79,86
WBGene00010638.,226,1611,1837
WBGene00010639.,225,3402,3627
WBGene00010640.,4,437,441
WBGene00010641.,58,1150,1208
WBGene00010642.,75,519,594
WBGene00010643.,28,163,191
WBGene00010644.,23,55,78
WBGene00010645.,133,1414,1547
WBGene00010646.,32,109,141
WBGene00010647.,7,730,737
WBGene00010648.,131,977,1108
WBGene00010649.,126,873,999
WBGene00010650.,2,1,3
WBGene00010651.,0,1,1
WBGene00010652.,2,16,18
WBGene00010653.,0,2,2
WBGene00010654.,1,16,17
WBGene00010655.,3,10,13
WBGene00010656.,3,6,9
WBGene00010657.,6,87,93
WBGene00010658.,13,289,302
WBGene00010659.,11,43,54
WBGene00010660.,46,240,286
WBGene00010661.,2,140,142
WBGene00010662.,3,10,13
WBGene00010663.,37,90,127
WBGene00010664.,54,985,1039
WBGene00010665.,239,3336,3575
WBGene00010666.,1,235,236
WBGene00010667.,45,354,399
WBGene00010669.,51,76,127
WBGene00010670.,25,2556,2581
WBGene00010671.,25,761,786
WBGene00010672.,0,1,1
WBGene00010673.,8,24,32
WBGene00010674.,28,611,639
WBGene00010675.,135,941,1076
WBGene00010676.,94,904,998
WBGene00010677.,104,6702,6806
WBGene00010678.,11,172,183
WBGene00010679.,6,19,25
WBGene00010680.,7,20,27
WBGene00010681.,365,8945,9310
WBGene00010682.,11,72,83
WBGene00010683.,0,56,56
WBGene00010684.,27,1,28
WBGene00010685.,100,1013,1113
WBGene00010686.,11,134,145
WBGene00010687.,41,850,891
WBGene00010688.,0,4,4
WBGene00010689.,6,8,14
WBGene00010690.,0,2,2
WBGene00010691.,0,13,13
WBGene00010692.,0,1,1
WBGene00010693.,16,58,74
WBGene00010694.,23,11,34
WBGene00010697.,70,1051,1121
WBGene00010698.,2,11,13
WBGene00010699.,220,1217,1437
WBGene00010700.,135,1681,1816
WBGene00010701.,64,2433,2497
WBGene00010702.,77,262,339
WBGene00010703.,881,5981,6862
WBGene00010704.,7,273,280
WBGene00010705.,12,51,63
WBGene00010706.,1,6,7
WBGene00010707.,3,2,5
WBGene00010708.,8,92,100
WBGene00010709.,118,380,498
WBGene00010711.,0,38,38
WBGene00010712.,1,2,3
WBGene00010713.,201,996,1197
WBGene00010714.,41,37,78
WBGene00010715.,3,1,4
WBGene00010716.,43,195,238
WBGene00010717.,1,9,10
WBGene00010718.,3,11,14
WBGene00010719.,2,2,4
WBGene00010720.,52,745,797
WBGene00010721.,69,800,869
WBGene00010722.,102,410,512
WBGene00010723.,5,183,188
WBGene00010724.,157,675,832
WBGene00010725.,66,661,727
WBGene00010726.,23,893,916
WBGene00010727.,95,3145,3240
WBGene00010728.,1,2,3
WBGene00010730.,15,2219,2234
WBGene00010731.,280,1984,2264
WBGene00010732.,215,1415,1630
WBGene00010733.,0,0,0
WBGene00010734.,19,113,132
WBGene00010735.,84,181,265
WBGene00010736.,240,2868,3108
WBGene00010737.,24,327,351
WBGene00010738.,29,1660,1689
WBGene00010740.,0,161,161
WBGene00010741.,12,202,214
WBGene00010742.,42,2310,2352
WBGene00010743.,1,5,6
WBGene00010744.,118,816,934
WBGene00010745.,8,51,59
WBGene00010746.,21,3,24
WBGene00010747.,9,31,40
WBGene00010748.,1,2,3
WBGene00010749.,2,61,63
WBGene00010750.,5,28,33
WBGene00010752.,4,26,30
WBGene00010753.,2,2,4
WBGene00010754.,0,3,3
WBGene00010755.,6,75,81
WBGene00010756.,89,863,952
WBGene00010757.,8,221,229
WBGene00010758.,62,530,592
WBGene00010759.,49,664,713
WBGene00010760.,1,11,12
WBGene00010761.,3,0,3
WBGene00010762.,4,5,9
WBGene00010763.,0,3,3
WBGene00010764.,4,5,9
WBGene00010765.,2,30,32
WBGene00010766.,59,1874,1933
WBGene00010767.,5,246,251
WBGene00010768.,44,48,92
WBGene00010769.,27,453,480
WBGene00010770.,91,203,294
WBGene00010771.,37,389,426
WBGene00010772.,822,1436,2258
WBGene00010773.,146,1599,1745
WBGene00010774.,14,52,66
WBGene00010775.,13,24,37
WBGene00010776.,106,512,618
WBGene00010777.,0,0,0
WBGene00010778.,220,3516,3736
WBGene00010779.,4,6,10
WBGene00010780.,87,1561,1648
WBGene00010781.,3,40,43
WBGene00010782.,5,73,78
WBGene00010783.,189,2045,2234
WBGene00010784.,101,354,455
WBGene00010785.,82,2471,2553
WBGene00010786.,15,10,25
WBGene00010787.,2,70,72
WBGene00010788.,32,113,145
WBGene00010789.,32,20,52
WBGene00010790.,249,19854,20103
WBGene00010791.,6,34,40
WBGene00010792.,37,97,134
WBGene00010793.,271,1345,1616
WBGene00010794.,363,9074,9437
WBGene00010795.,15,238,253
WBGene00010796.,442,3024,3466
WBGene00010797.,1,3,4
WBGene00010798.,1,1,2
WBGene00010799.,14,115,129
WBGene00010800.,1,3,4
WBGene00010801.,0,1,1
WBGene00010802.,2,0,2
WBGene00010803.,7,355,362
WBGene00010804.,3,3,6
WBGene00010805.,21,218,239
WBGene00010806.,139,1434,1573
WBGene00010807.,11,653,664
WBGene00010808.,4,5,9
WBGene00010809.,40,2974,3014
WBGene00010810.,173,928,1101
WBGene00010811.,49,596,645
WBGene00010812.,270,3990,4260
WBGene00010813.,262,859,1121
WBGene00010814.,54,181,235
WBGene00010815.,107,320,427
WBGene00010817.,0,2,2
WBGene00010818.,13,9,22
WBGene00010819.,0,7,7
WBGene00010820.,0,0,0
WBGene00010821.,1,0,1
WBGene00010822.,5,44,49
WBGene00010823.,0,3,3
WBGene00010824.,0,0,0
WBGene00010825.,3,5,8
WBGene00010827.,47,631,678
WBGene00010828.,384,1612,1996
WBGene00010829.,6,6,12
WBGene00010830.,22,104,126
WBGene00010831.,4,18,22
WBGene00010832.,22,212,234
WBGene00010833.,63,544,607
WBGene00010834.,33,1654,1687
WBGene00010835.,25,153,178
WBGene00010836.,9,76,85
WBGene00010837.,32,763,795
WBGene00010838.,173,1145,1318
WBGene00010839.,56,193,249
WBGene00010840.,375,1366,1741
WBGene00010842.,278,1684,1962
WBGene00010843.,18,72,90
WBGene00010844.,118,1378,1496
WBGene00010845.,161,2655,2816
WBGene00010846.,18,138,156
WBGene00010847.,103,989,1092
WBGene00010848.,6,202,208
WBGene00010849.,398,380,778
WBGene00010850.,52,141,193
WBGene00010851.,6,56,62
WBGene00010854.,0,7,7
WBGene00010855.,84,11,95
WBGene00010856.,238,871,1109
WBGene00010857.,33,39,72
WBGene00010858.,33,273,306
WBGene00010859.,15,41,56
WBGene00010862.,1,24,25
WBGene00010863.,11,18,29
WBGene00010864.,55,395,450
WBGene00010865.,51,203,254
WBGene00010866.,2,0,2
WBGene00010867.,116,808,924
WBGene00010868.,105,4644,4749
WBGene00010869.,0,17,17
WBGene00010870.,25,306,331
WBGene00010871.,40,180,220
WBGene00010872.,56,2056,2112
WBGene00010873.,59,386,445
WBGene00010874.,23,96,119
WBGene00010875.,76,796,872
WBGene00010876.,21,26,47
WBGene00010877.,149,1060,1209
WBGene00010878.,69,1724,1793
WBGene00010879.,171,4237,4408
WBGene00010880.,74,66,140
WBGene00010881.,47,135,182
WBGene00010882.,54,1157,1211
WBGene00010883.,3,5,8
WBGene00010884.,86,347,433
WBGene00010885.,3,1,4
WBGene00010886.,0,13,13
WBGene00010887.,237,1856,2093
WBGene00010888.,1230,8032,9262
WBGene00010889.,10,234,244
WBGene00010890.,116,1535,1651
WBGene00010891.,5,468,473
WBGene00010892.,9,377,386
WBGene00010893.,43,334,377
WBGene00010894.,8,1,9
WBGene00010895.,3,2,5
WBGene00010896.,445,33649,34094
WBGene00010897.,145,521,666
WBGene00010898.,99,437,536
WBGene00010899.,33,146,179
WBGene00010900.,2,0,2
WBGene00010901.,0,32,32
WBGene00010902.,92,522,614
WBGene00010904.,22,197,219
WBGene00010905.,104,2764,2868
WBGene00010906.,4,17,21
WBGene00010907.,27,284,311
WBGene00010908.,175,2504,2679
WBGene00010909.,151,2095,2246
WBGene00010910.,139,293,432
WBGene00010911.,94,902,996
WBGene00010912.,135,2033,2168
WBGene00010913.,74,759,833
WBGene00010915.,8,4,12
WBGene00010916.,7,54,61
WBGene00010917.,20,253,273
WBGene00010918.,207,1278,1485
WBGene00010919.,126,60,186
WBGene00010920.,11,26,37
WBGene00010921.,4,19,23
WBGene00010922.,5,674,679
WBGene00010923.,180,979,1159
WBGene00010924.,43,17,60
WBGene00010925.,11,22,33
WBGene00010926.,2,40,42
WBGene00010927.,1,2,3
WBGene00010928.,0,21,21
WBGene00010929.,3,1,4
WBGene00010930.,2,1,3
WBGene00010931.,10,85,95
WBGene00010932.,0,1,1
WBGene00010933.,0,1,1
WBGene00010934.,2,4,6
WBGene00010935.,0,323,323
WBGene00010936.,54,498,552
WBGene00010937.,15,52,67
WBGene00010938.,3,3,6
WBGene00010939.,2,8,10
WBGene00010940.,3,639,642
WBGene00010941.,80,778,858
WBGene00010942.,446,5725,6171
WBGene00010943.,15,322,337
WBGene00010944.,67,1443,1510
WBGene00010945.,1,58,59
WBGene00010946.,23,4,27
WBGene00010947.,0,285,285
WBGene00010948.,15,163,178
WBGene00010949.,4,2,6
WBGene00010950.,2,5,7
WBGene00010951.,54,277,331
WBGene00010952.,2,1,3
WBGene00010953.,4,3,7
WBGene00010954.,5,0,5
WBGene00010955.,1,0,1
WBGene00010956.,0,3,3
WBGene00010957.,0,467227,467227
WBGene00010958.,0,126760,126760
WBGene00010959.,0,118387,118387
WBGene00010960.,0,510263,510263
WBGene00010961.,0,38469,38469
WBGene00010962.,0,376329,376329
WBGene00010963.,0,50221,50221
WBGene00010964.,0,229989,229989
WBGene00010965.,0,383790,383790
WBGene00010966.,0,19628,19628
WBGene00010967.,0,48226,48226
WBGene00010968.,3,33,36
WBGene00010969.,1,14,15
WBGene00010970.,130,815,945
WBGene00010971.,21,215,236
WBGene00010972.,4,103,107
WBGene00010973.,22,75,97
WBGene00010974.,88,424,512
WBGene00010975.,67,397,464
WBGene00010976.,9,594,603
WBGene00010977.,29,270,299
WBGene00010978.,1,37,38
WBGene00010979.,71,82,153
WBGene00010980.,6,12,18
WBGene00010981.,48,528,576
WBGene00010982.,366,4183,4549
WBGene00010983.,18,52,70
WBGene00010984.,12,1233,1245
WBGene00010985.,27,60,87
WBGene00010986.,85,553,638
WBGene00010987.,26,194,220
WBGene00010988.,127,1512,1639
WBGene00010989.,2,28,30
WBGene00010990.,291,1340,1631
WBGene00010991.,11,23,34
WBGene00010992.,3,1,4
WBGene00010993.,98,4069,4167
WBGene00010994.,329,2545,2874
WBGene00010995.,3,2,5
WBGene00010996.,8,5,13
WBGene00010998.,7,21,28
WBGene00010999.,12,5,17
WBGene00011000.,23,8,31
WBGene00011001.,1,8,9
WBGene00011002.,15,102,117
WBGene00011003.,63,445,508
WBGene00011004.,113,441,554
WBGene00011005.,2,10,12
WBGene00011006.,6,82,88
WBGene00011007.,1,1,2
WBGene00011008.,1,0,1
WBGene00011009.,3,17,20
WBGene00011010.,0,1,1
WBGene00011011.,0,1,1
WBGene00011012.,1,0,1
WBGene00011013.,3,53,56
WBGene00011014.,35,173,208
WBGene00011015.,3982,45200,49182
WBGene00011016.,29,958,987
WBGene00011017.,3,1629,1632
WBGene00011018.,136,1510,1646
WBGene00011019.,451,6896,7347
WBGene00011020.,141,1774,1915
WBGene00011021.,161,1283,1444
WBGene00011022.,7,4,11
WBGene00011023.,2,7,9
WBGene00011024.,1,1,2
WBGene00011025.,4,3,7
WBGene00011026.,1138,3646,4784
WBGene00011027.,35,68,103
WBGene00011028.,702,1185,1887
WBGene00011029.,176,1039,1215
WBGene00011030.,44,188,232
WBGene00011032.,87,1596,1683
WBGene00011033.,29,944,973
WBGene00011034.,43,769,812
WBGene00011035.,123,1300,1423
WBGene00011036.,60,539,599
WBGene00011037.,43,602,645
WBGene00011038.,227,4588,4815
WBGene00011039.,9,95,104
WBGene00011040.,17,201,218
WBGene00011041.,0,11,11
WBGene00011042.,2,65,67
WBGene00011043.,452,1906,2358
WBGene00011044.,155,139,294
WBGene00011045.,179,1202,1381
WBGene00011046.,2,7,9
WBGene00011047.,17,407,424
WBGene00011049.,0,13,13
WBGene00011050.,175,1221,1396
WBGene00011051.,39,1463,1502
WBGene00011052.,4,2,6
WBGene00011053.,2,2,4
WBGene00011054.,53,682,735
WBGene00011055.,80,811,891
WBGene00011056.,2,1,3
WBGene00011058.,228,793,1021
WBGene00011059.,5271,64873,70144
WBGene00011060.,95,1165,1260
WBGene00011061.,19,523,542
WBGene00011062.,0,38,38
WBGene00011063.,8,50,58
WBGene00011064.,117,1353,1470
WBGene00011065.,4,73,77
WBGene00011066.,21,125,146
WBGene00011067.,70,679,749
WBGene00011068.,21,518,539
WBGene00011069.,31,244,275
WBGene00011070.,253,5421,5674
WBGene00011071.,91,738,829
WBGene00011072.,2062,15642,17704
WBGene00011073.,22,274,296
WBGene00011074.,21,96,117
WBGene00011075.,39,129,168
WBGene00011076.,15,107,122
WBGene00011077.,8,47,55
WBGene00011078.,4,25,29
WBGene00011079.,0,0,0
WBGene00011081.,9,73,82
WBGene00011082.,14,156,170
WBGene00011083.,45,43,88
WBGene00011084.,5,1,6
WBGene00011087.,30,191,221
WBGene00011088.,1,47,48
WBGene00011089.,14,393,407
WBGene00011090.,53,243,296
WBGene00011092.,50,239,289
WBGene00011093.,42,219,261
WBGene00011094.,12,99,111
WBGene00011095.,30,1391,1421
WBGene00011096.,9,9,18
WBGene00011097.,53,285,338
WBGene00011098.,6,39,45
WBGene00011099.,10,95,105
WBGene00011100.,34,130,164
WBGene00011101.,118,150,268
WBGene00011102.,24,905,929
WBGene00011103.,21,1101,1122
WBGene00011104.,18,16,34
WBGene00011105.,88,577,665
WBGene00011106.,56,1081,1137
WBGene00011107.,19,117,136
WBGene00011108.,87,363,450
WBGene00011109.,42,895,937
WBGene00011110.,610,3865,4475
WBGene00011111.,47,2148,2195
WBGene00011112.,10,377,387
WBGene00011113.,11,14,25
WBGene00011114.,5,11,16
WBGene00011115.,43,1141,1184
WBGene00011116.,74,1969,2043
WBGene00011117.,6,161,167
WBGene00011119.,701,6528,7229
WBGene00011120.,0,6,6
WBGene00011121.,24,241,265
WBGene00011122.,292,2245,2537
WBGene00011123.,179,538,717
WBGene00011124.,12,123,135
WBGene00011127.,0,6,6
WBGene00011128.,88,5035,5123
WBGene00011129.,3,16,19
WBGene00011130.,1962,4,1966
WBGene00011131.,109,245,354
WBGene00011132.,0,1,1
WBGene00011133.,6,17,23
WBGene00011134.,0,0,0
WBGene00011135.,0,1,1
WBGene00011136.,7,58,65
WBGene00011137.,6,444,450
WBGene00011139.,74,705,779
WBGene00011140.,24,97,121
WBGene00011141.,49,335,384
WBGene00011142.,73,980,1053
WBGene00011143.,39,531,570
WBGene00011144.,4,1883,1887
WBGene00011145.,49,771,820
WBGene00011146.,280,1594,1874
WBGene00011147.,29,99,128
WBGene00011149.,2,3,5
WBGene00011150.,2,2,4
WBGene00011151.,5,1,6
WBGene00011152.,8,2,10
WBGene00011153.,9,6,15
WBGene00011154.,33,690,723
WBGene00011155.,614,7892,8506
WBGene00011156.,7262,90042,97304
WBGene00011157.,0,11,11
WBGene00011158.,0,3,3
WBGene00011159.,1,5,6
WBGene00011160.,0,5,5
WBGene00011161.,0,2,2
WBGene00011162.,0,2,2
WBGene00011163.,0,2,2
WBGene00011164.,2,0,2
WBGene00011165.,0,0,0
WBGene00011166.,1,10,11
WBGene00011167.,3,9,12
WBGene00011168.,6,6,12
WBGene00011169.,2,1,3
WBGene00011170.,0,1,1
WBGene00011171.,39,252,291
WBGene00011172.,1,32,33
WBGene00011173.,3,1,4
WBGene00011174.,3,1,4
WBGene00011175.,7,14,21
WBGene00011176.,0,4,4
WBGene00011177.,0,0,0
WBGene00011178.,4,3,7
WBGene00011179.,23,334,357
WBGene00011180.,26,78,104
WBGene00011181.,28,565,593
WBGene00011182.,142,547,689
WBGene00011183.,1,2,3
WBGene00011184.,1,22,23
WBGene00011185.,0,102,102
WBGene00011186.,2,2,4
WBGene00011187.,0,16,16
WBGene00011188.,3,78,81
WBGene00011189.,12,114,126
WBGene00011190.,9,62,71
WBGene00011191.,4,27,31
WBGene00011192.,18,12,30
WBGene00011193.,34,739,773
WBGene00011194.,74,431,505
WBGene00011195.,24,1193,1217
WBGene00011196.,0,0,0
WBGene00011197.,14,46,60
WBGene00011198.,48,1811,1859
WBGene00011200.,3,9,12
WBGene00011201.,16,78,94
WBGene00011202.,2,6,8
WBGene00011203.,7,29,36
WBGene00011205.,106,1408,1514
WBGene00011206.,47,487,534
WBGene00011207.,30,23,53
WBGene00011208.,1,2,3
WBGene00011209.,5,2,7
WBGene00011210.,0,1,1
WBGene00011211.,6,1,7
WBGene00011212.,5,28,33
WBGene00011213.,11,22,33
WBGene00011214.,8,138,146
WBGene00011215.,42,77,119
WBGene00011216.,124,921,1045
WBGene00011217.,131,565,696
WBGene00011218.,41,350,391
WBGene00011219.,2,2,4
WBGene00011220.,8,80,88
WBGene00011221.,217,1307,1524
WBGene00011222.,57,538,595
WBGene00011223.,60,550,610
WBGene00011224.,51,267,318
WBGene00011225.,24,240,264
WBGene00011226.,82,265,347
WBGene00011227.,5,442,447
WBGene00011228.,2,24,26
WBGene00011229.,0,1,1
WBGene00011230.,70,2336,2406
WBGene00011231.,30,1779,1809
WBGene00011232.,1260,24935,26195
WBGene00011234.,0,12,12
WBGene00011235.,22,130,152
WBGene00011236.,8,170,178
WBGene00011237.,49,1116,1165
WBGene00011238.,14,61,75
WBGene00011239.,195,2987,3182
WBGene00011240.,261,3091,3352
WBGene00011241.,14,37,51
WBGene00011242.,60,427,487
WBGene00011243.,8,52,60
WBGene00011244.,9,699,708
WBGene00011245.,1,0,1
WBGene00011246.,7,18,25
WBGene00011247.,276,3305,3581
WBGene00011248.,39,614,653
WBGene00011249.,8,5,13
WBGene00011250.,33,928,961
WBGene00011251.,110,375,485
WBGene00011252.,1,27,28
WBGene00011253.,25,968,993
WBGene00011254.,99,2259,2358
WBGene00011255.,37,67,104
WBGene00011257.,9,6,15
WBGene00011258.,20,159,179
WBGene00011259.,348,1942,2290
WBGene00011260.,8,30,38
WBGene00011261.,283,364,647
WBGene00011262.,34,241,275
WBGene00011263.,6,1278,1284
WBGene00011264.,2,23,25
WBGene00011265.,11,363,374
WBGene00011266.,9,1653,1662
WBGene00011267.,1,38,39
WBGene00011268.,112,584,696
WBGene00011269.,74,118,192
WBGene00011270.,211,3129,3340
WBGene00011271.,58,413,471
WBGene00011272.,46,640,686
WBGene00011273.,1631,53412,55043
WBGene00011274.,86,584,670
WBGene00011275.,15,207,222
WBGene00011276.,49,1125,1174
WBGene00011277.,4,6,10
WBGene00011278.,1,56,57
WBGene00011279.,298,2468,2766
WBGene00011280.,77,677,754
WBGene00011281.,137,1397,1534
WBGene00011282.,240,2091,2331
WBGene00011283.,523,3456,3979
WBGene00011284.,15,1211,1226
WBGene00011285.,31,339,370
WBGene00011286.,50,470,520
WBGene00011287.,52,594,646
WBGene00011288.,1,90,91
WBGene00011289.,9,8320,8329
WBGene00011290.,4,7,11
WBGene00011291.,43,254,297
WBGene00011292.,179,1567,1746
WBGene00011293.,19,11,30
WBGene00011294.,4,3,7
WBGene00011295.,1,0,1
WBGene00011296.,2,44,46
WBGene00011297.,2,3,5
WBGene00011298.,91,654,745
WBGene00011299.,140,954,1094
WBGene00011300.,132,5137,5269
WBGene00011302.,380,1195,1575
WBGene00011303.,327,1490,1817
WBGene00011304.,2157,5300,7457
WBGene00011305.,20,317,337
WBGene00011306.,74,900,974
WBGene00011307.,127,450,577
WBGene00011308.,174,2640,2814
WBGene00011309.,638,2453,3091
WBGene00011310.,20,215,235
WBGene00011311.,230,2384,2614
WBGene00011312.,12,755,767
WBGene00011313.,83,2297,2380
WBGene00011314.,56,414,470
WBGene00011315.,25,351,376
WBGene00011317.,80,1170,1250
WBGene00011318.,16,290,306
WBGene00011319.,60,575,635
WBGene00011320.,0,15,15
WBGene00011321.,1,87,88
WBGene00011322.,2,7,9
WBGene00011323.,71,978,1049
WBGene00011324.,2,195,197
WBGene00011325.,4,24,28
WBGene00011326.,193,1972,2165
WBGene00011327.,3,16,19
WBGene00011328.,90,563,653
WBGene00011329.,34,670,704
WBGene00011330.,23,295,318
WBGene00011331.,50,1852,1902
WBGene00011333.,131,1725,1856
WBGene00011334.,122,2078,2200
WBGene00011335.,36,103,139
WBGene00011336.,2,2,4
WBGene00011337.,137,4380,4517
WBGene00011338.,106,1002,1108
WBGene00011339.,40,140,180
WBGene00011340.,10,38,48
WBGene00011341.,0,13,13
WBGene00011342.,6,2,8
WBGene00011344.,228,931,1159
WBGene00011345.,4,338,342
WBGene00011346.,0,0,0
WBGene00011348.,116,548,664
WBGene00011349.,89,1001,1090
WBGene00011350.,1,20,21
WBGene00011351.,12,89,101
WBGene00011352.,267,2738,3005
WBGene00011353.,108,426,534
WBGene00011354.,9,28,37
WBGene00011355.,7,71,78
WBGene00011356.,4,8,12
WBGene00011357.,0,2,2
WBGene00011358.,4,5,9
WBGene00011359.,19,16,35
WBGene00011360.,3,13,16
WBGene00011361.,17,128,145
WBGene00011362.,5,12,17
WBGene00011363.,0,12,12
WBGene00011364.,11,55,66
WBGene00011365.,2,26,28
WBGene00011366.,12,184,196
WBGene00011367.,32,600,632
WBGene00011368.,72,477,549
WBGene00011369.,4,16,20
WBGene00011371.,41,163,204
WBGene00011372.,494,457,951
WBGene00011373.,0,1,1
WBGene00011374.,1277,7363,8640
WBGene00011375.,119,714,833
WBGene00011376.,20,168,188
WBGene00011378.,7,21,28
WBGene00011379.,6,8,14
WBGene00011380.,36,399,435
WBGene00011381.,44,299,343
WBGene00011382.,91,897,988
WBGene00011383.,182,5245,5427
WBGene00011386.,0,1,1
WBGene00011387.,3,0,3
WBGene00011388.,4,10,14
WBGene00011389.,2,0,2
WBGene00011390.,0,6,6
WBGene00011391.,405,2137,2542
WBGene00011392.,279,24524,24803
WBGene00011393.,68,707,775
WBGene00011394.,25,116,141
WBGene00011395.,4,2,6
WBGene00011396.,3,6,9
WBGene00011397.,7,17,24
WBGene00011398.,316,3260,3576
WBGene00011399.,0,254,254
WBGene00011400.,45,168,213
WBGene00011401.,3,1,4
WBGene00011402.,13,11,24
WBGene00011403.,3,2,5
WBGene00011404.,18,114,132
WBGene00011405.,6,73,79
WBGene00011407.,52,395,447
WBGene00011408.,253,3320,3573
WBGene00011409.,27,2008,2035
WBGene00011410.,10,693,703
WBGene00011411.,3,391,394
WBGene00011412.,152,2825,2977
WBGene00011414.,6,5,11
WBGene00011415.,19,273,292
WBGene00011416.,0,8,8
WBGene00011417.,0,0,0
WBGene00011418.,0,0,0
WBGene00011419.,0,0,0
WBGene00011420.,0,0,0
WBGene00011421.,0,2,2
WBGene00011422.,80,717,797
WBGene00011423.,220,1321,1541
WBGene00011424.,1,29,30
WBGene00011425.,50,84,134
WBGene00011426.,33,44,77
WBGene00011427.,9,17,26
WBGene00011428.,637,11936,12573
WBGene00011429.,2,20,22
WBGene00011430.,10,74,84
WBGene00011431.,9,44,53
WBGene00011432.,0,2,2
WBGene00011433.,334,1598,1932
WBGene00011434.,27,522,549
WBGene00011435.,5,24,29
WBGene00011436.,102,2120,2222
WBGene00011437.,12,221,233
WBGene00011438.,1,3,4
WBGene00011439.,21,156,177
WBGene00011440.,24,717,741
WBGene00011441.,78,641,719
WBGene00011442.,37,279,316
WBGene00011443.,25,217,242
WBGene00011444.,90,620,710
WBGene00011445.,30,226,256
WBGene00011446.,24,1277,1301
WBGene00011447.,33,57,90
WBGene00011448.,15,59,74
WBGene00011449.,58,1481,1539
WBGene00011450.,3,149,152
WBGene00011451.,16,192,208
WBGene00011452.,21,151,172
WBGene00011453.,14,132,146
WBGene00011454.,106,362,468
WBGene00011456.,95,292,387
WBGene00011458.,5,10,15
WBGene00011459.,3,2,5
WBGene00011460.,100,147,247
WBGene00011462.,30,44,74
WBGene00011463.,66,378,444
WBGene00011464.,28,376,404
WBGene00011465.,23,250,273
WBGene00011466.,2,31,33
WBGene00011467.,1,12,13
WBGene00011468.,15,117,132
WBGene00011469.,1,3,4
WBGene00011470.,0,0,0
WBGene00011471.,36,201,237
WBGene00011472.,4,2,6
WBGene00011473.,16,281,297
WBGene00011474.,70,35629,35699
WBGene00011475.,4,88,92
WBGene00011476.,24,123,147
WBGene00011478.,2,8,10
WBGene00011479.,46,761,807
WBGene00011480.,803,11597,12400
WBGene00011481.,20,7290,7310
WBGene00011482.,13,148,161
WBGene00011483.,5,12,17
WBGene00011484.,18,971,989
WBGene00011485.,0,3,3
WBGene00011486.,0,0,0
WBGene00011487.,28,119,147
WBGene00011488.,206,1684,1890
WBGene00011489.,30,178,208
WBGene00011490.,72,977,1049
WBGene00011491.,1,0,1
WBGene00011492.,13,27,40
WBGene00011493.,2,6,8
WBGene00011494.,3,39,42
WBGene00011495.,24,245,269
WBGene00011497.,44,408,452
WBGene00011498.,1034,8214,9248
WBGene00011499.,5,3,8
WBGene00011500.,40,766,806
WBGene00011501.,1,99,100
WBGene00011502.,29,552,581
WBGene00011503.,210,809,1019
WBGene00011505.,0,4,4
WBGene00011506.,0,1,1
WBGene00011507.,92,2879,2971
WBGene00011508.,3,6,9
WBGene00011509.,0,111,111
WBGene00011510.,308,5311,5619
WBGene00011511.,319,1472,1791
WBGene00011512.,25,154,179
WBGene00011513.,1,58,59
WBGene00011514.,4,26,30
WBGene00011515.,6,3,9
WBGene00011516.,0,5,5
WBGene00011517.,21,241,262
WBGene00011518.,5,2,7
WBGene00011519.,5,27,32
WBGene00011520.,65,357,422
WBGene00011521.,0,11,11
WBGene00011522.,127,2432,2559
WBGene00011523.,20,31,51
WBGene00011524.,47,219,266
WBGene00011526.,144,1848,1992
WBGene00011527.,30,2846,2876
WBGene00011528.,65,929,994
WBGene00011529.,56,1409,1465
WBGene00011530.,17,23,40
WBGene00011531.,238,7067,7305
WBGene00011532.,177,1200,1377
WBGene00011533.,0,0,0
WBGene00011534.,7,75,82
WBGene00011535.,21,551,572
WBGene00011536.,19,218,237
WBGene00011537.,2,728,730
WBGene00011538.,50,2132,2182
WBGene00011539.,1,10,11
WBGene00011540.,9,35,44
WBGene00011541.,1,2,3
WBGene00011542.,0,0,0
WBGene00011543.,51,434,485
WBGene00011544.,3,2,5
WBGene00011545.,25,341,366
WBGene00011546.,33,219,252
WBGene00011547.,1,8,9
WBGene00011548.,3,43,46
WBGene00011549.,0,3,3
WBGene00011550.,2,8,10
WBGene00011551.,73,632,705
WBGene00011554.,25,62,87
WBGene00011556.,13,26,39
WBGene00011557.,1,8,9
WBGene00011558.,0,2855,2855
WBGene00011559.,74,780,854
WBGene00011560.,16,319,335
WBGene00011561.,134,3483,3617
WBGene00011562.,61,557,618
WBGene00011563.,9,9,18
WBGene00011564.,1045,5021,6066
WBGene00011565.,7,18,25
WBGene00011566.,7,36,43
WBGene00011567.,0,5,5
WBGene00011568.,7,44,51
WBGene00011570.,4,5,9
WBGene00011571.,164,3330,3494
WBGene00011572.,23,157,180
WBGene00011573.,37,2685,2722
WBGene00011574.,2,14,16
WBGene00011575.,18,240,258
WBGene00011576.,32,159,191
WBGene00011577.,0,2,2
WBGene00011578.,16,44,60
WBGene00011579.,181,1492,1673
WBGene00011580.,75,951,1026
WBGene00011581.,8,55,63
WBGene00011582.,99,68,167
WBGene00011583.,2,2,4
WBGene00011584.,0,0,0
WBGene00011585.,0,0,0
WBGene00011586.,160,5062,5222
WBGene00011587.,16,91,107
WBGene00011589.,23,641,664
WBGene00011590.,112,388,500
WBGene00011591.,7,49,56
WBGene00011592.,88,69,157
WBGene00011593.,11,201,212
WBGene00011594.,4,7,11
WBGene00011595.,1,4,5
WBGene00011596.,8,99,107
WBGene00011597.,29,61,90
WBGene00011599.,0,285,285
WBGene00011600.,5,66,71
WBGene00011601.,16,79,95
WBGene00011604.,242,1248,1490
WBGene00011605.,204,3596,3800
WBGene00011606.,16,36,52
WBGene00011607.,33,36,69
WBGene00011608.,2,26,28
WBGene00011609.,0,0,0
WBGene00011610.,0,17,17
WBGene00011611.,8,20,28
WBGene00011612.,24,10,34
WBGene00011613.,28,133,161
WBGene00011614.,3,134,137
WBGene00011615.,10,179,189
WBGene00011616.,2,8,10
WBGene00011617.,4,1,5
WBGene00011618.,0,2,2
WBGene00011619.,7,2,9
WBGene00011620.,0,0,0
WBGene00011621.,3,0,3
WBGene00011622.,16,6,22
WBGene00011623.,12,135,147
WBGene00011624.,168,682,850
WBGene00011625.,26,552,578
WBGene00011626.,0,0,0
WBGene00011627.,0,0,0
WBGene00011628.,0,0,0
WBGene00011629.,423,8700,9123
WBGene00011630.,20,83,103
WBGene00011631.,333,2102,2435
WBGene00011633.,16,78,94
WBGene00011634.,129,1428,1557
WBGene00011635.,45,744,789
WBGene00011636.,180,1189,1369
WBGene00011637.,81,806,887
WBGene00011638.,39,5238,5277
WBGene00011639.,317,1521,1838
WBGene00011640.,15,331,346
WBGene00011641.,0,1470,1470
WBGene00011642.,2,36,38
WBGene00011643.,5,23,28
WBGene00011644.,24,284,308
WBGene00011645.,16,367,383
WBGene00011646.,5,23,28
WBGene00011647.,579,3432,4011
WBGene00011648.,61,801,862
WBGene00011649.,2,7,9
WBGene00011650.,0,0,0
WBGene00011651.,2,1,3
WBGene00011652.,1,0,1
WBGene00011653.,2,2,4
WBGene00011654.,2,1,3
WBGene00011655.,2,6,8
WBGene00011656.,4,1,5
WBGene00011657.,1,1,2
WBGene00011658.,1,0,1
WBGene00011659.,0,1,1
WBGene00011660.,8,19,27
WBGene00011661.,59,1604,1663
WBGene00011662.,65,1133,1198
WBGene00011663.,105,316,421
WBGene00011664.,29,303,332
WBGene00011665.,4,40,44
WBGene00011666.,1,2,3
WBGene00011668.,1,3,4
WBGene00011669.,4,3,7
WBGene00011670.,2,17,19
WBGene00011671.,3,6,9
WBGene00011672.,44,453,497
WBGene00011673.,4,64,68
WBGene00011674.,4,9,13
WBGene00011675.,10,12,22
WBGene00011676.,36,690,726
WBGene00011677.,16,36,52
WBGene00011678.,29,541,570
WBGene00011679.,99,4781,4880
WBGene00011680.,17,427,444
WBGene00011681.,148,2516,2664
WBGene00011682.,117,633,750
WBGene00011683.,486,3668,4154
WBGene00011684.,13,136,149
WBGene00011685.,0,5,5
WBGene00011686.,4,1,5
WBGene00011687.,20,2335,2355
WBGene00011688.,21,481,502
WBGene00011689.,20,20,40
WBGene00011690.,1,4,5
WBGene00011691.,1,2,3
WBGene00011692.,1313,5893,7206
WBGene00011693.,19,53,72
WBGene00011694.,206,1431,1637
WBGene00011695.,37,64,101
WBGene00011696.,239,2120,2359
WBGene00011697.,5,11,16
WBGene00011698.,4,12,16
WBGene00011699.,1,18,19
WBGene00011701.,4,13,17
WBGene00011702.,4,28,32
WBGene00011703.,14,4,18
WBGene00011704.,0,0,0
WBGene00011705.,18,138,156
WBGene00011706.,18,186,204
WBGene00011707.,9,114,123
WBGene00011708.,1036,8761,9797
WBGene00011709.,29,89,118
WBGene00011710.,0,0,0
WBGene00011712.,0,19,19
WBGene00011713.,10,383,393
WBGene00011714.,0,0,0
WBGene00011715.,0,0,0
WBGene00011716.,2,15,17
WBGene00011717.,23,440,463
WBGene00011718.,20,159,179
WBGene00011719.,41,404,445
WBGene00011720.,185,1174,1359
WBGene00011721.,4,3,7
WBGene00011722.,121,1821,1942
WBGene00011723.,201,2042,2243
WBGene00011724.,4,0,4
WBGene00011725.,57,338,395
WBGene00011726.,176,701,877
WBGene00011727.,41,445,486
WBGene00011728.,10,31,41
WBGene00011729.,150,2115,2265
WBGene00011730.,70,5389,5459
WBGene00011731.,22,346,368
WBGene00011732.,670,3612,4282
WBGene00011733.,15,921,936
WBGene00011734.,192,4839,5031
WBGene00011735.,554,4099,4653
WBGene00011736.,311,10275,10586
WBGene00011737.,85,2706,2791
WBGene00011738.,45,436,481
WBGene00011739.,7,207,214
WBGene00011740.,236,2213,2449
WBGene00011741.,2,24,26
WBGene00011742.,25,964,989
WBGene00011743.,259,3150,3409
WBGene00011744.,14,77,91
WBGene00011745.,73,272,345
WBGene00011746.,13,118,131
WBGene00011747.,71,929,1000
WBGene00011748.,3,8,11
WBGene00011749.,0,1,1
WBGene00011750.,2,6,8
WBGene00011751.,0,7,7
WBGene00011752.,10,70,80
WBGene00011753.,3,16,19
WBGene00011754.,6,36,42
WBGene00011755.,919,3084,4003
WBGene00011756.,27,439,466
WBGene00011757.,5,41,46
WBGene00011758.,101,2393,2494
WBGene00011759.,19,3288,3307
WBGene00011760.,39,706,745
WBGene00011761.,25,644,669
WBGene00011762.,10,121,131
WBGene00011763.,152,5221,5373
WBGene00011765.,116,658,774
WBGene00011767.,560,2085,2645
WBGene00011768.,26,526,552
WBGene00011770.,3,23,26
WBGene00011771.,534,4870,5404
WBGene00011772.,16,110,126
WBGene00011773.,8,449,457
WBGene00011774.,65,555,620
WBGene00011775.,268,3214,3482
WBGene00011776.,12,413,425
WBGene00011777.,3,108,111
WBGene00011778.,0,0,0
WBGene00011779.,0,2,2
WBGene00011780.,2,1,3
WBGene00011781.,0,1,1
WBGene00011782.,1,2,3
WBGene00011783.,0,0,0
WBGene00011784.,4,5,9
WBGene00011785.,4,5,9
WBGene00011786.,4,9,13
WBGene00011788.,8,123,131
WBGene00011789.,6,59,65
WBGene00011790.,0,9,9
WBGene00011791.,0,12,12
WBGene00011793.,25,140,165
WBGene00011794.,181,1108,1289
WBGene00011795.,5,47,52
WBGene00011796.,9,95,104
WBGene00011797.,6,11,17
WBGene00011798.,31,209,240
WBGene00011799.,12,86,98
WBGene00011800.,17,103,120
WBGene00011801.,30,250,280
WBGene00011802.,59,957,1016
WBGene00011803.,24,295,319
WBGene00011804.,9,34,43
WBGene00011805.,0,7,7
WBGene00011806.,45,745,790
WBGene00011807.,99,653,752
WBGene00011808.,2,1,3
WBGene00011809.,0,0,0
WBGene00011810.,6,1,7
WBGene00011811.,1,29,30
WBGene00011812.,4,26,30
WBGene00011813.,44,445,489
WBGene00011814.,40,184,224
WBGene00011815.,160,1651,1811
WBGene00011816.,2,2,4
WBGene00011817.,34,199,233
WBGene00011818.,42,3,45
WBGene00011819.,10,233,243
WBGene00011820.,14,630,644
WBGene00011821.,8,100,108
WBGene00011822.,65,608,673
WBGene00011823.,0,198,198
WBGene00011824.,198,724,922
WBGene00011826.,97,120,217
WBGene00011827.,585,1181,1766
WBGene00011828.,8,562,570
WBGene00011829.,28,57,85
WBGene00011830.,62,1130,1192
WBGene00011831.,18,708,726
WBGene00011832.,60,877,937
WBGene00011833.,30,494,524
WBGene00011834.,10,236,246
WBGene00011835.,10,376,386
WBGene00011836.,5,96,101
WBGene00011837.,1,8,9
WBGene00011838.,20,417,437
WBGene00011839.,10,539,549
WBGene00011840.,0,0,0
WBGene00011841.,3,30,33
WBGene00011842.,0,1,1
WBGene00011844.,9,52,61
WBGene00011846.,1,12,13
WBGene00011847.,1,3,4
WBGene00011848.,1,7,8
WBGene00011849.,13,2362,2375
WBGene00011850.,61,197,258
WBGene00011851.,2,0,2
WBGene00011852.,0,6,6
WBGene00011853.,4,0,4
WBGene00011854.,1091,1599,2690
WBGene00011855.,1,14,15
WBGene00011856.,163,1743,1906
WBGene00011857.,164,2833,2997
WBGene00011858.,20,869,889
WBGene00011859.,56,988,1044
WBGene00011860.,4,273,277
WBGene00011864.,155,3123,3278
WBGene00011867.,98,4513,4611
WBGene00011868.,32,145,177
WBGene00011869.,63,64112,64175
WBGene00011870.,28,3656,3684
WBGene00011871.,53,554,607
WBGene00011872.,49,328,377
WBGene00011873.,63,104,167
WBGene00011874.,1,13,14
WBGene00011875.,20,107,127
WBGene00011876.,2,5,7
WBGene00011877.,8,10,18
WBGene00011878.,63,264,327
WBGene00011879.,128,889,1017
WBGene00011880.,1343,23655,24998
WBGene00011882.,7,6,13
WBGene00011883.,226,2219,2445
WBGene00011884.,180,37640,37820
WBGene00011885.,422,1377,1799
WBGene00011886.,3,142,145
WBGene00011887.,350,441,791
WBGene00011888.,165,581,746
WBGene00011890.,21,553,574
WBGene00011891.,49,1615,1664
WBGene00011892.,106,1266,1372
WBGene00011893.,14,99,113
WBGene00011894.,132,1478,1610
WBGene00011895.,6,10,16
WBGene00011896.,4,140,144
WBGene00011897.,218,3719,3937
WBGene00011898.,2,28,30
WBGene00011899.,31,589,620
WBGene00011900.,23,4,27
WBGene00011902.,1,20,21
WBGene00011903.,0,3,3
WBGene00011904.,428,2290,2718
WBGene00011906.,29,713,742
WBGene00011908.,57,289,346
WBGene00011909.,4,4,8
WBGene00011910.,2,10,12
WBGene00011911.,0,2,2
WBGene00011912.,96,1328,1424
WBGene00011913.,178,863,1041
WBGene00011914.,15,277,292
WBGene00011915.,61,578,639
WBGene00011916.,55,312,367
WBGene00011917.,277,3944,4221
WBGene00011918.,2,4,6
WBGene00011919.,6,9,15
WBGene00011920.,20,328,348
WBGene00011921.,1,1,2
WBGene00011922.,3,17,20
WBGene00011923.,8,102,110
WBGene00011924.,31,331,362
WBGene00011925.,5,72,77
WBGene00011926.,15,105,120
WBGene00011927.,9,40,49
WBGene00011928.,49,152,201
WBGene00011929.,0,1,1
WBGene00011930.,43,334,377
WBGene00011931.,2,202,204
WBGene00011932.,74,977,1051
WBGene00011933.,2,3,5
WBGene00011934.,0,0,0
WBGene00011935.,17,879,896
WBGene00011936.,21,289,310
WBGene00011937.,0,2,2
WBGene00011938.,10,65,75
WBGene00011939.,86,1064,1150
WBGene00011940.,152,364,516
WBGene00011941.,85,300,385
WBGene00011942.,0,0,0
WBGene00011943.,0,2,2
WBGene00011944.,312,2921,3233
WBGene00011945.,35,148,183
WBGene00011947.,1,1,2
WBGene00011948.,1,11,12
WBGene00011949.,127,1234,1361
WBGene00011950.,1,1,2
WBGene00011951.,5,7,12
WBGene00011952.,21,49,70
WBGene00011953.,337,3144,3481
WBGene00011954.,0,13,13
WBGene00011955.,128,1980,2108
WBGene00011956.,24,474,498
WBGene00011957.,69,404,473
WBGene00011958.,10,74,84
WBGene00011959.,1,126,127
WBGene00011960.,15,103,118
WBGene00011961.,2,1,3
WBGene00011962.,113,1400,1513
WBGene00011963.,39,208,247
WBGene00011964.,61,511,572
WBGene00011965.,57,470,527
WBGene00011966.,324,4174,4498
WBGene00011967.,80,1217,1297
WBGene00011968.,0,95,95
WBGene00011969.,10,593,603
WBGene00011970.,176,533,709
WBGene00011971.,186,1907,2093
WBGene00011972.,58,973,1031
WBGene00011973.,8,9,17
WBGene00011974.,23,291,314
WBGene00011975.,153,1533,1686
WBGene00011976.,144,584,728
WBGene00011977.,404,26713,27117
WBGene00011978.,286,1883,2169
WBGene00011979.,4,15,19
WBGene00011980.,269,2457,2726
WBGene00011981.,1,21,22
WBGene00011982.,0,0,0
WBGene00011983.,0,13,13
WBGene00011984.,17,44,61
WBGene00011985.,25,563,588
WBGene00011986.,0,16,16
WBGene00011988.,4,59,63
WBGene00011989.,0,0,0
WBGene00011990.,8,374,382
WBGene00011991.,4,1,5
WBGene00011992.,0,0,0
WBGene00011993.,0,2,2
WBGene00011994.,20,391,411
WBGene00011995.,153,956,1109
WBGene00011996.,18,305,323
WBGene00011997.,24,1358,1382
WBGene00011999.,23,368,391
WBGene00012000.,29,1256,1285
WBGene00012002.,72,858,930
WBGene00012003.,25,9,34
WBGene00012004.,151,1371,1522
WBGene00012005.,1437,727,2164
WBGene00012007.,25,877,902
WBGene00012008.,0,27,27
WBGene00012009.,47,260,307
WBGene00012010.,1,4,5
WBGene00012011.,0,2,2
WBGene00012012.,7,6,13
WBGene00012013.,22,50,72
WBGene00012014.,55,486,541
WBGene00012015.,160,3682,3842
WBGene00012016.,103,583,686
WBGene00012017.,15,13,28
WBGene00012018.,252,1623,1875
WBGene00012019.,3682,2434,6116
WBGene00012020.,0,45,45
WBGene00012021.,1,0,1
WBGene00012022.,5,1,6
WBGene00012023.,4,7,11
WBGene00012024.,0,0,0
WBGene00012025.,0,5,5
WBGene00012026.,1,5,6
WBGene00012027.,2,2,4
WBGene00012028.,3,9,12
WBGene00012029.,84,621,705
WBGene00012030.,166,3715,3881
WBGene00012031.,76,2740,2816
WBGene00012032.,8,63,71
WBGene00012033.,126,1108,1234
WBGene00012034.,17,170,187
WBGene00012035.,48,1087,1135
WBGene00012036.,1,9,10
WBGene00012037.,581,4149,4730
WBGene00012038.,0,1,1
WBGene00012039.,0,1,1
WBGene00012040.,2,5,7
WBGene00012041.,5,15,20
WBGene00012042.,10,220,230
WBGene00012043.,2,11,13
WBGene00012044.,2,26,28
WBGene00012045.,8,47,55
WBGene00012046.,5,12,17
WBGene00012047.,0,2,2
WBGene00012048.,0,0,0
WBGene00012049.,0,0,0
WBGene00012050.,0,1,1
WBGene00012051.,10,7,17
WBGene00012052.,1,1,2
WBGene00012053.,0,0,0
WBGene00012054.,6,2,8
WBGene00012055.,1,7,8
WBGene00012056.,0,11,11
WBGene00012057.,0,0,0
WBGene00012058.,18,26,44
WBGene00012059.,188,2333,2521
WBGene00012060.,0,1,1
WBGene00012061.,0,1,1
WBGene00012062.,35,273,308
WBGene00012063.,0,0,0
WBGene00012064.,0,0,0
WBGene00012065.,0,0,0
WBGene00012066.,2,0,2
WBGene00012067.,0,3,3
WBGene00012068.,7,43,50
WBGene00012069.,0,0,0
WBGene00012070.,25,9,34
WBGene00012072.,4,14,18
WBGene00012073.,67,620,687
WBGene00012074.,6,8,14
WBGene00012075.,0,0,0
WBGene00012077.,6,1,7
WBGene00012078.,2,0,2
WBGene00012079.,0,0,0
WBGene00012080.,0,0,0
WBGene00012081.,2,2,4
WBGene00012083.,0,0,0
WBGene00012084.,290,476,766
WBGene00012085.,54,1224,1278
WBGene00012086.,17,19,36
WBGene00012087.,1,3,4
WBGene00012088.,3,5,8
WBGene00012089.,3,2,5
WBGene00012090.,1,0,1
WBGene00012091.,4,1,5
WBGene00012093.,3,3,6
WBGene00012094.,0,21865,21865
WBGene00012095.,123,251,374
WBGene00012096.,0,10,10
WBGene00012097.,180,11803,11983
WBGene00012098.,1,1,2
WBGene00012099.,179,246,425
WBGene00012100.,374,3045,3419
WBGene00012101.,7,1112,1119
WBGene00012102.,5,9,14
WBGene00012103.,1,51,52
WBGene00012104.,17,402,419
WBGene00012105.,35,379,414
WBGene00012106.,27,480,507
WBGene00012107.,6,62,68
WBGene00012108.,5,4,9
WBGene00012109.,12,85,97
WBGene00012110.,20,99,119
WBGene00012111.,22,129,151
WBGene00012112.,23,211,234
WBGene00012113.,22,7228,7250
WBGene00012114.,33,106,139
WBGene00012115.,17,47,64
WBGene00012116.,29,83,112
WBGene00012117.,285,2831,3116
WBGene00012118.,48,572,620
WBGene00012119.,1,19,20
WBGene00012120.,9,16,25
WBGene00012121.,398,4427,4825
WBGene00012122.,5,341,346
WBGene00012123.,196,1986,2182
WBGene00012124.,28,739,767
WBGene00012125.,134,1498,1632
WBGene00012126.,1254,2830,4084
WBGene00012127.,20,293,313
WBGene00012128.,514,6042,6556
WBGene00012130.,43,322,365
WBGene00012131.,23,243,266
WBGene00012132.,47,414,461
WBGene00012133.,1,3,4
WBGene00012134.,24,291,315
WBGene00012135.,50,177,227
WBGene00012136.,678,2137,2815
WBGene00012137.,102,143,245
WBGene00012138.,11,46,57
WBGene00012139.,372,518,890
WBGene00012140.,222,12475,12697
WBGene00012142.,34,228,262
WBGene00012143.,45,345,390
WBGene00012144.,43,140,183
WBGene00012145.,59,1599,1658
WBGene00012146.,0,0,0
WBGene00012147.,3,10,13
WBGene00012148.,218,35691,35909
WBGene00012149.,222,781,1003
WBGene00012150.,52,330,382
WBGene00012151.,6,52,58
WBGene00012152.,66,839,905
WBGene00012155.,24,263,287
WBGene00012156.,1,659,660
WBGene00012157.,95,543,638
WBGene00012158.,1067,9000,10067
WBGene00012159.,1,13,14
WBGene00012162.,7,74,81
WBGene00012163.,5,27,32
WBGene00012164.,49,75,124
WBGene00012165.,142,188,330
WBGene00012166.,17,9924,9941
WBGene00012167.,20,404,424
WBGene00012168.,50,72,122
WBGene00012169.,0,0,0
WBGene00012170.,3,12,15
WBGene00012171.,0,3,3
WBGene00012172.,17,29,46
WBGene00012173.,1,3,4
WBGene00012174.,2,2,4
WBGene00012175.,4,43,47
WBGene00012176.,11,42,53
WBGene00012177.,3,6,9
WBGene00012178.,97,338,435
WBGene00012179.,2291,129699,131990
WBGene00012180.,156,73,229
WBGene00012181.,10,2,12
WBGene00012182.,31,1051,1082
WBGene00012183.,0,91,91
WBGene00012184.,24,247,271
WBGene00012185.,4,57,61
WBGene00012186.,53,1830,1883
WBGene00012187.,84,1590,1674
WBGene00012188.,113,646,759
WBGene00012189.,3,6,9
WBGene00012190.,35,70,105
WBGene00012191.,24,34,58
WBGene00012192.,110,576,686
WBGene00012193.,675,5194,5869
WBGene00012194.,63,1425,1488
WBGene00012195.,59,31,90
WBGene00012196.,6,43,49
WBGene00012197.,93,2400,2493
WBGene00012198.,19,427,446
WBGene00012199.,11,41,52
WBGene00012200.,4,4,8
WBGene00012201.,17,107,124
WBGene00012202.,5,12,17
WBGene00012203.,56,1406,1462
WBGene00012204.,17,1338,1355
WBGene00012205.,51,1145,1196
WBGene00012206.,24,982,1006
WBGene00012207.,4,2,6
WBGene00012208.,67,791,858
WBGene00012209.,16,205,221
WBGene00012210.,0,45,45
WBGene00012211.,2,4,6
WBGene00012212.,0,0,0
WBGene00012213.,0,1,1
WBGene00012214.,0,1,1
WBGene00012215.,1,9,10
WBGene00012216.,16,1264,1280
WBGene00012217.,10,28,38
WBGene00012218.,2,14,16
WBGene00012219.,10,21,31
WBGene00012220.,33,147,180
WBGene00012221.,91,1669,1760
WBGene00012222.,52,293,345
WBGene00012223.,1,0,1
WBGene00012224.,3,19,22
WBGene00012225.,97,287,384
WBGene00012226.,165,1622,1787
WBGene00012227.,2,26,28
WBGene00012228.,16,64,80
WBGene00012230.,364,1271,1635
WBGene00012231.,3,4,7
WBGene00012232.,2,0,2
WBGene00012233.,3,0,3
WBGene00012234.,235,1153,1388
WBGene00012235.,62,637,699
WBGene00012236.,36,261,297
WBGene00012237.,1,65,66
WBGene00012238.,16,2,18
WBGene00012239.,61,1639,1700
WBGene00012240.,2,2,4
WBGene00012241.,76,228,304
WBGene00012242.,4,34,38
WBGene00012243.,40,662,702
WBGene00012244.,17,1687,1704
WBGene00012245.,373,3259,3632
WBGene00012246.,0,7,7
WBGene00012247.,1,1,2
WBGene00012248.,1,1,2
WBGene00012249.,2,0,2
WBGene00012250.,3,0,3
WBGene00012251.,5,70,75
WBGene00012252.,137,521,658
WBGene00012253.,56,2402,2458
WBGene00012254.,18,22,40
WBGene00012255.,43,1861,1904
WBGene00012256.,11,753,764
WBGene00012257.,24,1034,1058
WBGene00012258.,35,1136,1171
WBGene00012259.,114,390,504
WBGene00012260.,2,18,20
WBGene00012261.,24,1841,1865
WBGene00012264.,0,1,1
WBGene00012265.,8,44,52
WBGene00012266.,2,3,5
WBGene00012267.,2,3,5
WBGene00012268.,13,111,124
WBGene00012269.,2,1,3
WBGene00012270.,16,44,60
WBGene00012271.,11,52,63
WBGene00012272.,86,54,140
WBGene00012274.,744,4427,5171
WBGene00012275.,111,440,551
WBGene00012276.,68,1284,1352
WBGene00012277.,49,341,390
WBGene00012278.,0,0,0
WBGene00012279.,5,435,440
WBGene00012280.,2,49,51
WBGene00012281.,87,289,376
WBGene00012282.,53,485,538
WBGene00012283.,5,1,6
WBGene00012284.,0,5,5
WBGene00012285.,1,1,2
WBGene00012286.,1,2,3
WBGene00012287.,0,3,3
WBGene00012288.,2,1,3
WBGene00012289.,700,5017,5717
WBGene00012290.,14,50,64
WBGene00012291.,811,3637,4448
WBGene00012292.,0,0,0
WBGene00012293.,94,32,126
WBGene00012294.,0,1,1
WBGene00012295.,37,67,104
WBGene00012296.,8,18,26
WBGene00012297.,10,9,19
WBGene00012298.,53,1143,1196
WBGene00012299.,2,20,22
WBGene00012300.,0,2,2
WBGene00012301.,0,2,2
WBGene00012302.,0,0,0
WBGene00012303.,5,0,5
WBGene00012304.,39,6,45
WBGene00012305.,0,1,1
WBGene00012306.,119,354,473
WBGene00012307.,7,43,50
WBGene00012308.,3,2,5
WBGene00012309.,0,5,5
WBGene00012310.,9,2,11
WBGene00012311.,0,0,0
WBGene00012312.,0,0,0
WBGene00012313.,0,3,3
WBGene00012314.,0,0,0
WBGene00012315.,45,398,443
WBGene00012316.,163,1567,1730
WBGene00012317.,174,2362,2536
WBGene00012318.,1,3,4
WBGene00012319.,197,611,808
WBGene00012320.,0,0,0
WBGene00012321.,1,4,5
WBGene00012322.,112,995,1107
WBGene00012323.,1,8,9
WBGene00012324.,1,87,88
WBGene00012325.,49,335,384
WBGene00012326.,345,1895,2240
WBGene00012328.,9,77,86
WBGene00012329.,7,11,18
WBGene00012330.,25,410,435
WBGene00012332.,31,204,235
WBGene00012333.,5,20,25
WBGene00012334.,9,4,13
WBGene00012335.,7,29,36
WBGene00012336.,25,61,86
WBGene00012337.,320,3737,4057
WBGene00012339.,37,409,446
WBGene00012340.,41,296,337
WBGene00012341.,133,1316,1449
WBGene00012342.,279,2446,2725
WBGene00012343.,188,2260,2448
WBGene00012344.,413,6643,7056
WBGene00012345.,6,9,15
WBGene00012346.,1,3,4
WBGene00012347.,349,465,814
WBGene00012348.,924,4087,5011
WBGene00012349.,7,6,13
WBGene00012350.,0,0,0
WBGene00012351.,986,7472,8458
WBGene00012352.,147,382,529
WBGene00012353.,65,1240,1305
WBGene00012354.,441,29636,30077
WBGene00012355.,40,1,41
WBGene00012356.,10,87,97
WBGene00012357.,0,1,1
WBGene00012358.,204,2178,2382
WBGene00012359.,60,947,1007
WBGene00012360.,94,545,639
WBGene00012361.,139,6363,6502
WBGene00012362.,592,1449,2041
WBGene00012363.,108,430,538
WBGene00012364.,60,240,300
WBGene00012365.,90,1621,1711
WBGene00012366.,84,903,987
WBGene00012368.,6,39,45
WBGene00012369.,160,1016,1176
WBGene00012370.,171,375,546
WBGene00012371.,494,941,1435
WBGene00012372.,28,169,197
WBGene00012373.,0,0,0
WBGene00012374.,36,51,87
WBGene00012375.,54,1892,1946
WBGene00012376.,338,9980,10318
WBGene00012377.,0,0,0
WBGene00012378.,1,3,4
WBGene00012379.,1,4,5
WBGene00012381.,60,366,426
WBGene00012382.,6652,89782,96434
WBGene00012383.,1059,12483,13542
WBGene00012384.,39,143,182
WBGene00012385.,80,333,413
WBGene00012386.,228067,1759,229826
WBGene00012387.,59,185,244
WBGene00012388.,5,6,11
WBGene00012389.,204,890,1094
WBGene00012390.,145,435,580
WBGene00012391.,40,436,476
WBGene00012393.,113,595,708
WBGene00012394.,11,34,45
WBGene00012395.,2,299,301
WBGene00012396.,35,492,527
WBGene00012397.,0,3,3
WBGene00012398.,14,44,58
WBGene00012399.,34,61,95
WBGene00012400.,1,22,23
WBGene00012401.,0,7,7
WBGene00012402.,1,0,1
WBGene00012403.,0,11,11
WBGene00012404.,4,18,22
WBGene00012405.,0,2,2
WBGene00012406.,7,6,13
WBGene00012407.,27,284,311
WBGene00012408.,33,238,271
WBGene00012409.,3,3,6
WBGene00012411.,1,2,3
WBGene00012412.,0,41,41
WBGene00012413.,7,23,30
WBGene00012414.,0,13,13
WBGene00012415.,6,3,9
WBGene00012416.,13,55,68
WBGene00012418.,25,41,66
WBGene00012419.,0,0,0
WBGene00012420.,12,1614,1626
WBGene00012421.,111,1146,1257
WBGene00012423.,224,1842,2066
WBGene00012424.,335,1596,1931
WBGene00012425.,29,95,124
WBGene00012426.,13,23,36
WBGene00012428.,18,102,120
WBGene00012429.,2,25,27
WBGene00012431.,12,126,138
WBGene00012432.,7,19,26
WBGene00012433.,8,102,110
WBGene00012434.,230,4231,4461
WBGene00012435.,0,127,127
WBGene00012436.,5,106,111
WBGene00012437.,546,4106,4652
WBGene00012439.,42,673,715
WBGene00012440.,16,1116,1132
WBGene00012441.,39,255,294
WBGene00012442.,22,55,77
WBGene00012443.,215,1961,2176
WBGene00012444.,120,1872,1992
WBGene00012445.,67,647,714
WBGene00012446.,45,240,285
WBGene00012448.,20,6,26
WBGene00012449.,18,75,93
WBGene00012450.,34,121,155
WBGene00012451.,20,15,35
WBGene00012452.,0,3915,3915
WBGene00012453.,1,7,8
WBGene00012454.,0,2,2
WBGene00012455.,26,32,58
WBGene00012456.,45,123,168
WBGene00012457.,68,181,249
WBGene00012458.,276,1455,1731
WBGene00012459.,37,670,707
WBGene00012460.,45,361,406
WBGene00012461.,285,475,760
WBGene00012462.,312,297,609
WBGene00012463.,131,525,656
WBGene00012464.,10,89,99
WBGene00012465.,153,1551,1704
WBGene00012466.,174,296,470
WBGene00012467.,2,14,16
WBGene00012468.,269,1997,2266
WBGene00012469.,45,542,587
WBGene00012470.,4,4,8
WBGene00012471.,126,6220,6346
WBGene00012472.,176,1391,1567
WBGene00012473.,61,107,168
WBGene00012474.,213,1327,1540
WBGene00012475.,12,7,19
WBGene00012476.,2,173,175
WBGene00012477.,32,47,79
WBGene00012478.,472,3204,3676
WBGene00012479.,90,776,866
WBGene00012480.,5,17,22
WBGene00012481.,5,121,126
WBGene00012482.,1,3,4
WBGene00012483.,0,2129,2129
WBGene00012484.,23,2877,2900
WBGene00012485.,0,13,13
WBGene00012486.,3,3,6
WBGene00012487.,0,7,7
WBGene00012488.,3,1,4
WBGene00012489.,0,0,0
WBGene00012490.,0,1,1
WBGene00012491.,39,3,42
WBGene00012492.,0,1,1
WBGene00012493.,0,0,0
WBGene00012494.,83,155,238
WBGene00012496.,84,736,820
WBGene00012497.,64,2102,2166
WBGene00012498.,0,39,39
WBGene00012499.,0,2,2
WBGene00012500.,3,12,15
WBGene00012501.,1,1,2
WBGene00012502.,0,1,1
WBGene00012503.,14,76,90
WBGene00012504.,0,1,1
WBGene00012505.,3,6,9
WBGene00012509.,0,0,0
WBGene00012512.,6,91,97
WBGene00012513.,41,327,368
WBGene00012514.,13,140,153
WBGene00012515.,0,6,6
WBGene00012516.,0,4,4
WBGene00012517.,0,2,2
WBGene00012518.,1,2,3
WBGene00012519.,3,3,6
WBGene00012520.,0,0,0
WBGene00012521.,1,5,6
WBGene00012522.,384,1323,1707
WBGene00012523.,0,0,0
WBGene00012524.,49,323,372
WBGene00012525.,3,12,15
WBGene00012526.,3,6,9
WBGene00012527.,20,82,102
WBGene00012528.,60,2411,2471
WBGene00012529.,26,167,193
WBGene00012530.,518,619,1137
WBGene00012531.,71,204,275
WBGene00012532.,142,345,487
WBGene00012533.,1,16,17
WBGene00012535.,5,24,29
WBGene00012536.,50,246,296
WBGene00012537.,4,10,14
WBGene00012538.,21,202,223
WBGene00012540.,24,137,161
WBGene00012541.,6,6,12
WBGene00012542.,7,8,15
WBGene00012543.,301,1303,1604
WBGene00012544.,1249,13941,15190
WBGene00012545.,103,494,597
WBGene00012546.,10,369,379
WBGene00012547.,1,18,19
WBGene00012548.,188,790,978
WBGene00012549.,5,2,7
WBGene00012550.,23,4392,4415
WBGene00012551.,5,407,412
WBGene00012552.,0,128,128
WBGene00012553.,4137,38533,42670
WBGene00012554.,94,1557,1651
WBGene00012555.,23,762,785
WBGene00012556.,208,2270,2478
WBGene00012557.,4,0,4
WBGene00012558.,149,1314,1463
WBGene00012559.,120,924,1044
WBGene00012560.,545,829,1374
WBGene00012561.,2,15,17
WBGene00012562.,147,788,935
WBGene00012564.,16,136,152
WBGene00012565.,6,112,118
WBGene00012566.,1,32,33
WBGene00012567.,1,23,24
WBGene00012568.,3,18,21
WBGene00012569.,1,19,20
WBGene00012570.,3,6,9
WBGene00012571.,2,1,3
WBGene00012572.,5,4,9
WBGene00012573.,15,135,150
WBGene00012574.,0,8,8
WBGene00012575.,0,1,1
WBGene00012576.,70,290,360
WBGene00012577.,0,1,1
WBGene00012578.,283,767,1050
WBGene00012579.,1,0,1
WBGene00012580.,0,1,1
WBGene00012581.,0,0,0
WBGene00012582.,1,7,8
WBGene00012583.,1,13,14
WBGene00012584.,783,2089,2872
WBGene00012585.,27,152,179
WBGene00012586.,7,37,44
WBGene00012587.,4,13,17
WBGene00012588.,10,65,75
WBGene00012589.,1,4,5
WBGene00012590.,0,0,0
WBGene00012591.,0,372,372
WBGene00012592.,1,187,188
WBGene00012593.,1,13,14
WBGene00012594.,4,17,21
WBGene00012595.,3,55,58
WBGene00012596.,3,28,31
WBGene00012597.,18,176,194
WBGene00012600.,107,557,664
WBGene00012602.,474,7367,7841
WBGene00012603.,0,1,1
WBGene00012604.,0,71,71
WBGene00012605.,14,76,90
WBGene00012606.,29,313,342
WBGene00012607.,13,64,77
WBGene00012608.,1417,12729,14146
WBGene00012609.,1,2,3
WBGene00012610.,16,106,122
WBGene00012612.,2,5,7
WBGene00012614.,12,7,19
WBGene00012615.,236,3464,3700
WBGene00012616.,2,74,76
WBGene00012617.,0,2,2
WBGene00012618.,2,19,21
WBGene00012620.,0,3,3
WBGene00012621.,10,153,163
WBGene00012622.,12,49,61
WBGene00012623.,8,71,79
WBGene00012624.,46,275,321
WBGene00012625.,9,17,26
WBGene00012626.,30,127,157
WBGene00012627.,25,28,53
WBGene00012628.,105,902,1007
WBGene00012629.,12,51,63
WBGene00012630.,1,5,6
WBGene00012631.,2,8,10
WBGene00012632.,26,128,154
WBGene00012633.,8,8,16
WBGene00012634.,3,27,30
WBGene00012635.,11,107,118
WBGene00012636.,2,3,5
WBGene00012637.,0,9,9
WBGene00012638.,1,3,4
WBGene00012639.,28,62,90
WBGene00012640.,1,133,134
WBGene00012641.,182,1099,1281
WBGene00012642.,17,20,37
WBGene00012643.,14,1198,1212
WBGene00012644.,356,401,757
WBGene00012645.,200,1849,2049
WBGene00012646.,72,1201,1273
WBGene00012647.,57,418,475
WBGene00012648.,167,3757,3924
WBGene00012649.,0,14,14
WBGene00012650.,6,460,466
WBGene00012651.,72,327,399
WBGene00012652.,13,1269,1282
WBGene00012653.,0,1,1
WBGene00012654.,45,67,112
WBGene00012655.,0,4,4
WBGene00012656.,7,2,9
WBGene00012657.,115,374,489
WBGene00012658.,256,1420,1676
WBGene00012659.,27,9,36
WBGene00012660.,0,68,68
WBGene00012661.,5,4,9
WBGene00012662.,87,1008,1095
WBGene00012663.,76,553,629
WBGene00012664.,2,489,491
WBGene00012665.,111,1111,1222
WBGene00012666.,211,1668,1879
WBGene00012668.,713,2675,3388
WBGene00012669.,15,47,62
WBGene00012670.,12,24,36
WBGene00012671.,4,15,19
WBGene00012672.,1,1,2
WBGene00012673.,6,44,50
WBGene00012674.,170,675,845
WBGene00012675.,162,814,976
WBGene00012676.,501,2177,2678
WBGene00012678.,23,177,200
WBGene00012679.,1,9,10
WBGene00012680.,0,70,70
WBGene00012681.,2,2,4
WBGene00012682.,12,0,12
WBGene00012683.,0,4,4
WBGene00012684.,2,1,3
WBGene00012686.,3,29,32
WBGene00012688.,0,4,4
WBGene00012689.,2,7,9
WBGene00012690.,3,3,6
WBGene00012692.,500,3317,3817
WBGene00012693.,161,1204,1365
WBGene00012694.,104,950,1054
WBGene00012695.,15,670,685
WBGene00012696.,9,157,166
WBGene00012697.,59,1984,2043
WBGene00012698.,9,160,169
WBGene00012699.,13,2,15
WBGene00012700.,12,121,133
WBGene00012701.,83,334,417
WBGene00012702.,9,36,45
WBGene00012703.,59,153,212
WBGene00012704.,35,137,172
WBGene00012705.,5,47,52
WBGene00012706.,0,0,0
WBGene00012707.,5,14,19
WBGene00012708.,4,21,25
WBGene00012709.,24,92,116
WBGene00012710.,12,437,449
WBGene00012711.,12,67,79
WBGene00012712.,74,230,304
WBGene00012713.,151,3499,3650
WBGene00012714.,90,2345,2435
WBGene00012715.,15,466,481
WBGene00012716.,3,103,106
WBGene00012717.,808,3300,4108
WBGene00012718.,263,171,434
WBGene00012719.,92,345,437
WBGene00012720.,2,1,3
WBGene00012721.,23,15,38
WBGene00012722.,122,1408,1530
WBGene00012723.,13,310,323
WBGene00012724.,5,5,10
WBGene00012725.,0,9,9
WBGene00012726.,3,8,11
WBGene00012727.,0,2,2
WBGene00012728.,17,227,244
WBGene00012729.,0,2,2
WBGene00012730.,626,1515,2141
WBGene00012731.,3,43,46
WBGene00012732.,211,513,724
WBGene00012734.,346,578,924
WBGene00012735.,486,1190,1676
WBGene00012738.,73,5050,5123
WBGene00012739.,836,3400,4236
WBGene00012740.,67,918,985
WBGene00012741.,11,17,28
WBGene00012742.,0,0,0
WBGene00012743.,7,3,10
WBGene00012744.,145,131,276
WBGene00012745.,2,5,7
WBGene00012746.,0,2,2
WBGene00012747.,15,13,28
WBGene00012748.,0,14,14
WBGene00012749.,66,124,190
WBGene00012750.,271,164,435
WBGene00012752.,0,0,0
WBGene00012753.,78,944,1022
WBGene00012754.,21,84,105
WBGene00012755.,28,279,307
WBGene00012756.,122,524,646
WBGene00012757.,58,614,672
WBGene00012758.,34,275,309
WBGene00012759.,123,3895,4018
WBGene00012760.,11490,2326,13816
WBGene00012761.,1,6,7
WBGene00012762.,123,2096,2219
WBGene00012763.,278,970,1248
WBGene00012764.,0,163,163
WBGene00012765.,249,2348,2597
WBGene00012766.,33,1976,2009
WBGene00012767.,364,694,1058
WBGene00012768.,32,36135,36167
WBGene00012769.,352,2772,3124
WBGene00012770.,295,20,315
WBGene00012771.,0,3,3
WBGene00012772.,17,1,18
WBGene00012773.,4,0,4
WBGene00012775.,48,3,51
WBGene00012776.,56,230,286
WBGene00012777.,6,66,72
WBGene00012778.,10,116,126
WBGene00012779.,99,407,506
WBGene00012780.,10,42,52
WBGene00012781.,0,23,23
WBGene00012782.,73,437,510
WBGene00012783.,7,350,357
WBGene00012784.,5,5,10
WBGene00012785.,0,4,4
WBGene00012786.,1,27,28
WBGene00012787.,9,4,13
WBGene00012788.,69,5,74
WBGene00012789.,0,0,0
WBGene00012790.,0,0,0
WBGene00012791.,19,34,53
WBGene00012792.,0,3,3
WBGene00012793.,1,0,1
WBGene00012794.,43,1624,1667
WBGene00012795.,3,30,33
WBGene00012796.,42,324,366
WBGene00012798.,5,25,30
WBGene00012799.,2,38,40
WBGene00012802.,120,424,544
WBGene00012803.,43,2329,2372
WBGene00012804.,91,882,973
WBGene00012806.,27,352,379
WBGene00012807.,97,965,1062
WBGene00012808.,1,82,83
WBGene00012809.,2,2,4
WBGene00012810.,2,6,8
WBGene00012811.,46,337,383
WBGene00012812.,348,6907,7255
WBGene00012813.,1773,11087,12860
WBGene00012814.,48,126,174
WBGene00012815.,15,75,90
WBGene00012816.,3,1,4
WBGene00012817.,6,7,13
WBGene00012818.,1,0,1
WBGene00012819.,22,215,237
WBGene00012820.,62,5,67
WBGene00012821.,66,583,649
WBGene00012822.,2,6,8
WBGene00012823.,3,20,23
WBGene00012824.,9,17,26
WBGene00012825.,119,750,869
WBGene00012826.,98,383,481
WBGene00012827.,0,7,7
WBGene00012828.,408,180,588
WBGene00012829.,297,2129,2426
WBGene00012830.,35,1563,1598
WBGene00012831.,3,10,13
WBGene00012832.,178,2,180
WBGene00012833.,28,645,673
WBGene00012834.,34,223,257
WBGene00012835.,28,178,206
WBGene00012836.,2,0,2
WBGene00012837.,0,3,3
WBGene00012838.,2,4,6
WBGene00012839.,0,1,1
WBGene00012840.,110,572,682
WBGene00012841.,0,1,1
WBGene00012844.,0,0,0
WBGene00012845.,84,105,189
WBGene00012846.,2,6,8
WBGene00012847.,8,16,24
WBGene00012848.,3,4,7
WBGene00012849.,4,1,5
WBGene00012850.,871,5131,6002
WBGene00012851.,1,40,41
WBGene00012852.,986,186,1172
WBGene00012853.,142,22829,22971
WBGene00012854.,188,1929,2117
WBGene00012855.,7,27,34
WBGene00012856.,24,107,131
WBGene00012857.,150,767,917
WBGene00012858.,87,832,919
WBGene00012859.,25,89,114
WBGene00012860.,37,386,423
WBGene00012861.,33,935,968
WBGene00012862.,4,2,6
WBGene00012863.,7,9,16
WBGene00012864.,21,73,94
WBGene00012866.,21,60,81
WBGene00012867.,39,386,425
WBGene00012868.,544,1117,1661
WBGene00012869.,40,479,519
WBGene00012870.,0,1,1
WBGene00012871.,0,0,0
WBGene00012872.,1,1,2
WBGene00012873.,1,4,5
WBGene00012874.,0,0,0
WBGene00012875.,1158,10854,12012
WBGene00012876.,7,5,12
WBGene00012877.,5,0,5
WBGene00012878.,0,0,0
WBGene00012879.,5,67,72
WBGene00012880.,4,5,9
WBGene00012883.,15,203,218
WBGene00012885.,288,2691,2979
WBGene00012886.,11,43,54
WBGene00012887.,187,1867,2054
WBGene00012888.,28,468,496
WBGene00012889.,119,326,445
WBGene00012890.,63,277,340
WBGene00012891.,542,3652,4194
WBGene00012892.,9,7,16
WBGene00012893.,6,24,30
WBGene00012894.,1203,1453,2656
WBGene00012895.,318,693,1011
WBGene00012896.,94,3628,3722
WBGene00012897.,10,1153,1163
WBGene00012898.,4,24,28
WBGene00012899.,7,56,63
WBGene00012900.,1,38,39
WBGene00012901.,43,84,127
WBGene00012903.,164,2242,2406
WBGene00012904.,45,643,688
WBGene00012905.,0,3,3
WBGene00012906.,42,291,333
WBGene00012907.,2059,4238,6297
WBGene00012908.,210,689,899
WBGene00012909.,215,427,642
WBGene00012910.,12,34,46
WBGene00012911.,47,306,353
WBGene00012912.,1,2,3
WBGene00012913.,0,0,0
WBGene00012914.,2,10,12
WBGene00012915.,25,82,107
WBGene00012916.,1,2,3
WBGene00012917.,25,9,34
WBGene00012919.,21,11,32
WBGene00012920.,148,272,420
WBGene00012921.,0,93,93
WBGene00012922.,7,94,101
WBGene00012923.,14,148,162
WBGene00012924.,5,21,26
WBGene00012925.,4,3,7
WBGene00012926.,1,5,6
WBGene00012927.,47,260,307
WBGene00012928.,21,924,945
WBGene00012929.,346,2529,2875
WBGene00012930.,173,554,727
WBGene00012931.,106,716,822
WBGene00012932.,162,1780,1942
WBGene00012933.,0,66,66
WBGene00012934.,192,778,970
WBGene00012935.,159,305,464
WBGene00012936.,201,1487,1688
WBGene00012937.,0,3,3
WBGene00012938.,158,122,280
WBGene00012939.,63,309,372
WBGene00012940.,11,19,30
WBGene00012941.,19,162,181
WBGene00012942.,7,1894,1901
WBGene00012943.,113,749,862
WBGene00012945.,0,0,0
WBGene00012946.,8,4,12
WBGene00012947.,1,7,8
WBGene00012948.,233,332,565
WBGene00012950.,47,742,789
WBGene00012951.,164,1046,1210
WBGene00012952.,2,25,27
WBGene00012953.,8,189,197
WBGene00012954.,8,37,45
WBGene00012955.,0,10,10
WBGene00012956.,68,50,118
WBGene00012958.,9,11,20
WBGene00012959.,3,17,20
WBGene00012960.,283,1558,1841
WBGene00012961.,13,132,145
WBGene00012962.,25,156,181
WBGene00012964.,234,10708,10942
WBGene00012965.,0,11,11
WBGene00012966.,11,854,865
WBGene00012967.,109,175,284
WBGene00012968.,33,200,233
WBGene00012969.,3,22,25
WBGene00012970.,12,48,60
WBGene00012972.,97,696,793
WBGene00012973.,858,3851,4709
WBGene00012974.,76,19,95
WBGene00012975.,989,239,1228
WBGene00012976.,66,238,304
WBGene00012977.,197,543,740
WBGene00012978.,324,2927,3251
WBGene00012979.,6,43,49
WBGene00012980.,815,1403,2218
WBGene00012981.,3,8,11
WBGene00012982.,189,1052,1241
WBGene00012983.,253,2899,3152
WBGene00012984.,116,608,724
WBGene00012985.,14,3,17
WBGene00012987.,186,989,1175
WBGene00012988.,236,947,1183
WBGene00012989.,1179,1117,2296
WBGene00012990.,444,1670,2114
WBGene00012992.,169,2153,2322
WBGene00012993.,275,609,884
WBGene00012994.,185,578,763
WBGene00012995.,431,722,1153
WBGene00012996.,243,1050,1293
WBGene00012997.,24,544,568
WBGene00012998.,200,738,938
WBGene00012999.,457,2621,3078
WBGene00013000.,613,334,947
WBGene00013001.,391,798,1189
WBGene00013002.,580,753,1333
WBGene00013004.,422,2948,3370
WBGene00013006.,189,427,616
WBGene00013007.,25,214,239
WBGene00013008.,45,342,387
WBGene00013009.,6,63,69
WBGene00013010.,0,0,0
WBGene00013011.,45,360,405
WBGene00013013.,36,388,424
WBGene00013014.,166,654,820
WBGene00013015.,167,468,635
WBGene00013017.,50,1543,1593
WBGene00013018.,19,1141,1160
WBGene00013019.,114,325,439
WBGene00013020.,162,1664,1826
WBGene00013021.,118,605,723
WBGene00013023.,51,260,311
WBGene00013024.,13,360,373
WBGene00013025.,11,5946,5957
WBGene00013026.,5,634,639
WBGene00013027.,26,437,463
WBGene00013028.,31,141,172
WBGene00013029.,101,1578,1679
WBGene00013030.,41,307,348
WBGene00013031.,2,13,15
WBGene00013032.,7,3,10
WBGene00013033.,8,2,10
WBGene00013034.,682,1224,1906
WBGene00013035.,47,218,265
WBGene00013036.,6,0,6
WBGene00013037.,49,298,347
WBGene00013038.,127,1372,1499
WBGene00013039.,211,1144,1355
WBGene00013040.,385,583,968
WBGene00013041.,5,36,41
WBGene00013042.,237,1113,1350
WBGene00013043.,70,96,166
WBGene00013044.,24,3,27
WBGene00013045.,1,2,3
WBGene00013046.,21,242,263
WBGene00013047.,0,0,0
WBGene00013048.,16,327,343
WBGene00013049.,4,4,8
WBGene00013050.,2,2,4
WBGene00013051.,0,0,0
WBGene00013052.,2,6,8
WBGene00013053.,5,13,18
WBGene00013054.,2,19,21
WBGene00013055.,37,196,233
WBGene00013056.,0,3,3
WBGene00013058.,14,2,16
WBGene00013059.,0,1,1
WBGene00013060.,3,3,6
WBGene00013061.,0,3,3
WBGene00013062.,0,0,0
WBGene00013063.,0,0,0
WBGene00013064.,0,0,0
WBGene00013066.,5,8,13
WBGene00013067.,2,0,2
WBGene00013068.,3,1,4
WBGene00013069.,3,1,4
WBGene00013070.,1,1,2
WBGene00013071.,0,25,25
WBGene00013072.,28,35,63
WBGene00013073.,42,119,161
WBGene00013074.,10,223,233
WBGene00013075.,149,452,601
WBGene00013076.,24,45,69
WBGene00013077.,1875,18495,20370
WBGene00013078.,747,7481,8228
WBGene00013079.,1824,10427,12251
WBGene00013080.,193,523,716
WBGene00013081.,1116,24450,25566
WBGene00013082.,165,736,901
WBGene00013083.,71,352,423
WBGene00013085.,5,0,5
WBGene00013086.,0,1,1
WBGene00013087.,0,1,1
WBGene00013088.,9,18,27
WBGene00013089.,1,0,1
WBGene00013090.,1,0,1
WBGene00013091.,2,11,13
WBGene00013093.,606,458,1064
WBGene00013094.,469,12398,12867
WBGene00013095.,182,734,916
WBGene00013096.,323,838,1161
WBGene00013098.,112,373,485
WBGene00013100.,2,14,16
WBGene00013101.,8,13,21
WBGene00013102.,0,0,0
WBGene00013103.,28,411,439
WBGene00013104.,330,5157,5487
WBGene00013105.,2,9,11
WBGene00013106.,60,934,994
WBGene00013107.,5,19,24
WBGene00013109.,29,2285,2314
WBGene00013111.,193,1776,1969
WBGene00013112.,0,0,0
WBGene00013113.,0,0,0
WBGene00013114.,22,1,23
WBGene00013116.,17,24,41
WBGene00013117.,0,0,0
WBGene00013118.,42,111,153
WBGene00013119.,103,137,240
WBGene00013120.,0,1,1
WBGene00013121.,8,1,9
WBGene00013122.,40,340,380
WBGene00013123.,275,524,799
WBGene00013124.,1429,1228,2657
WBGene00013125.,14,66,80
WBGene00013126.,6,3,9
WBGene00013127.,29,88,117
WBGene00013128.,104,892,996
WBGene00013129.,340,1596,1936
WBGene00013130.,1,5,6
WBGene00013131.,152,196,348
WBGene00013132.,89,595,684
WBGene00013134.,5,8,13
WBGene00013135.,61,454,515
WBGene00013136.,55,1017,1072
WBGene00013137.,54,494,548
WBGene00013138.,7,3,10
WBGene00013139.,56,548,604
WBGene00013140.,27,798,825
WBGene00013141.,4,27,31
WBGene00013142.,5,5,10
WBGene00013143.,13,1107,1120
WBGene00013144.,523,2857,3380
WBGene00013145.,12,60,72
WBGene00013146.,38,129,167
WBGene00013147.,1,25,26
WBGene00013148.,1,0,1
WBGene00013149.,59,27,86
WBGene00013150.,26,908,934
WBGene00013151.,89,967,1056
WBGene00013152.,2,6,8
WBGene00013153.,3,33,36
WBGene00013154.,0,2,2
WBGene00013155.,3,7,10
WBGene00013156.,13,486,499
WBGene00013157.,0,9,9
WBGene00013158.,5,14,19
WBGene00013159.,129,340,469
WBGene00013160.,690,1118,1808
WBGene00013161.,413,1087,1500
WBGene00013162.,4,1,5
WBGene00013163.,35,12,47
WBGene00013164.,86,192,278
WBGene00013165.,5,18,23
WBGene00013166.,6,121,127
WBGene00013167.,381,341,722
WBGene00013168.,116,2594,2710
WBGene00013169.,14,185,199
WBGene00013170.,2,0,2
WBGene00013171.,94,10,104
WBGene00013172.,0,0,0
WBGene00013173.,26,27,53
WBGene00013175.,8,8,16
WBGene00013176.,64,1061,1125
WBGene00013177.,178,1860,2038
WBGene00013178.,72,643,715
WBGene00013179.,1,2,3
WBGene00013180.,79,886,965
WBGene00013181.,1163,7990,9153
WBGene00013182.,1,2,3
WBGene00013184.,0,0,0
WBGene00013186.,2,2,4
WBGene00013187.,44,325,369
WBGene00013188.,48,200,248
WBGene00013189.,362,772,1134
WBGene00013190.,2,20,22
WBGene00013192.,2,7,9
WBGene00013193.,49,360,409
WBGene00013194.,1,6,7
WBGene00013195.,46,245,291
WBGene00013196.,14,175,189
WBGene00013197.,51,236,287
WBGene00013198.,17,71,88
WBGene00013200.,337,4311,4648
WBGene00013201.,224,723,947
WBGene00013202.,62,734,796
WBGene00013203.,53,469,522
WBGene00013204.,20,523,543
WBGene00013207.,9,32,41
WBGene00013208.,17,77,94
WBGene00013209.,61,1131,1192
WBGene00013210.,0,4493,4493
WBGene00013211.,43,424,467
WBGene00013212.,88,135,223
WBGene00013213.,123,1494,1617
WBGene00013214.,43,266,309
WBGene00013215.,26,296,322
WBGene00013216.,24,505,529
WBGene00013217.,125,957,1082
WBGene00013218.,32,261,293
WBGene00013219.,39,2316,2355
WBGene00013220.,0,1,1
WBGene00013221.,20,27,47
WBGene00013222.,194,736,930
WBGene00013223.,215,1630,1845
WBGene00013224.,58,520,578
WBGene00013225.,224,826,1050
WBGene00013226.,15,0,15
WBGene00013227.,16,101,117
WBGene00013228.,1873,2343,4216
WBGene00013230.,0,1,1
WBGene00013231.,34,332,366
WBGene00013232.,216,424,640
WBGene00013233.,0,6,6
WBGene00013234.,1,18,19
WBGene00013235.,11,153,164
WBGene00013236.,35,2145,2180
WBGene00013237.,102,6706,6808
WBGene00013238.,657,10520,11177
WBGene00013239.,142,1119,1261
WBGene00013240.,183,520,703
WBGene00013241.,34,406,440
WBGene00013242.,46,188,234
WBGene00013243.,104,307,411
WBGene00013244.,44,126,170
WBGene00013246.,40,77,117
WBGene00013247.,11,46,57
WBGene00013248.,13,67,80
WBGene00013249.,8,23,31
WBGene00013250.,3,28,31
WBGene00013251.,6,40,46
WBGene00013252.,4,40,44
WBGene00013253.,59,174,233
WBGene00013254.,3,8,11
WBGene00013255.,241,2321,2562
WBGene00013256.,55,1146,1201
WBGene00013257.,17,82,99
WBGene00013258.,515,259,774
WBGene00013259.,103,544,647
WBGene00013260.,27,943,970
WBGene00013261.,159,159,318
WBGene00013263.,15,2162,2177
WBGene00013264.,18,19,37
WBGene00013265.,141,508,649
WBGene00013266.,66,1247,1313
WBGene00013267.,167,1312,1479
WBGene00013268.,36,445,481
WBGene00013269.,8,1615,1623
WBGene00013270.,126,300,426
WBGene00013272.,50,110,160
WBGene00013273.,407,1152,1559
WBGene00013275.,51,1646,1697
WBGene00013276.,8,22,30
WBGene00013277.,0,9,9
WBGene00013278.,2,11,13
WBGene00013279.,1,1,2
WBGene00013280.,0,0,0
WBGene00013281.,6,35,41
WBGene00013282.,1,5,6
WBGene00013283.,2,5,7
WBGene00013284.,5,516,521
WBGene00013285.,11,34,45
WBGene00013286.,3,72,75
WBGene00013287.,197,182,379
WBGene00013288.,2,2,4
WBGene00013289.,786,2283,3069
WBGene00013290.,0,1,1
WBGene00013292.,95,613,708
WBGene00013293.,27,278,305
WBGene00013294.,4,10,14
WBGene00013295.,7,216,223
WBGene00013296.,0,1,1
WBGene00013297.,4,4,8
WBGene00013298.,9,77,86
WBGene00013299.,1,6,7
WBGene00013300.,7,4,11
WBGene00013301.,20,1793,1813
WBGene00013302.,21,489,510
WBGene00013303.,84,166,250
WBGene00013304.,16,30,46
WBGene00013305.,0,0,0
WBGene00013306.,6,19,25
WBGene00013307.,53,3225,3278
WBGene00013308.,0,825,825
WBGene00013310.,45,59,104
WBGene00013311.,62,15475,15537
WBGene00013312.,13,176,189
WBGene00013313.,15,6,21
WBGene00013315.,0,0,0
WBGene00013316.,0,0,0
WBGene00013317.,615,2030,2645
WBGene00013318.,16,1,17
WBGene00013319.,0,2,2
WBGene00013320.,2,0,2
WBGene00013321.,164,1383,1547
WBGene00013322.,31,177,208
WBGene00013323.,12,1016,1028
WBGene00013324.,216,2932,3148
WBGene00013325.,40,313,353
WBGene00013326.,224,626,850
WBGene00013327.,347,1847,2194
WBGene00013328.,9,8,17
WBGene00013329.,0,27,27
WBGene00013330.,0,64,64
WBGene00013331.,38,22,60
WBGene00013332.,28,775,803
WBGene00013333.,18,44,62
WBGene00013334.,399,2498,2897
WBGene00013335.,54,381,435
WBGene00013336.,33,94,127
WBGene00013337.,3,1,4
WBGene00013338.,2,1,3
WBGene00013339.,175,638,813
WBGene00013340.,298,4150,4448
WBGene00013341.,0,0,0
WBGene00013343.,604,3205,3809
WBGene00013344.,60,1834,1894
WBGene00013345.,85,206,291
WBGene00013347.,701,3104,3805
WBGene00013348.,11,92,103
WBGene00013349.,2,63,65
WBGene00013350.,234,396,630
WBGene00013351.,0,2,2
WBGene00013352.,171,1265,1436
WBGene00013353.,90,136,226
WBGene00013354.,485,2013,2498
WBGene00013355.,310,1244,1554
WBGene00013356.,0,6,6
WBGene00013357.,11,3,14
WBGene00013358.,55,478,533
WBGene00013359.,30,347,377
WBGene00013360.,322,4206,4528
WBGene00013361.,328,1032,1360
WBGene00013362.,68,159,227
WBGene00013363.,1,14,15
WBGene00013364.,9,16,25
WBGene00013365.,165,1472,1637
WBGene00013366.,644,2041,2685
WBGene00013367.,5,9,14
WBGene00013368.,19,32,51
WBGene00013369.,0,7,7
WBGene00013370.,0,8,8
WBGene00013371.,0,0,0
WBGene00013372.,1,2,3
WBGene00013373.,13,23,36
WBGene00013374.,0,1,1
WBGene00013375.,32,49,81
WBGene00013376.,70,563,633
WBGene00013378.,19,1666,1685
WBGene00013379.,379,1685,2064
WBGene00013380.,0,49,49
WBGene00013381.,10,43,53
WBGene00013382.,22,404,426
WBGene00013383.,16,63,79
WBGene00013385.,31,206,237
WBGene00013386.,0,4,4
WBGene00013387.,173,847,1020
WBGene00013388.,0,6,6
WBGene00013389.,3,3,6
WBGene00013390.,0,1,1
WBGene00013391.,1,3,4
WBGene00013392.,2,4,6
WBGene00013393.,0,2,2
WBGene00013394.,0,1,1
WBGene00013395.,2,2,4
WBGene00013396.,2,0,2
WBGene00013397.,9,4,13
WBGene00013398.,1,9,10
WBGene00013399.,7,3,10
WBGene00013400.,2,2,4
WBGene00013401.,6,38,44
WBGene00013402.,18,122,140
WBGene00013403.,21,41,62
WBGene00013404.,6,93,99
WBGene00013405.,38,162,200
WBGene00013406.,557,7829,8386
WBGene00013407.,30,377,407
WBGene00013408.,1,13,14
WBGene00013409.,0,1,1
WBGene00013410.,2,20,22
WBGene00013411.,5,2,7
WBGene00013412.,1,12,13
WBGene00013415.,261,1439,1700
WBGene00013416.,290,792,1082
WBGene00013417.,64,67,131
WBGene00013418.,116,994,1110
WBGene00013419.,19,48,67
WBGene00013421.,4,17,21
WBGene00013422.,144,626,770
WBGene00013424.,4,10,14
WBGene00013425.,73,164,237
WBGene00013426.,11,183,194
WBGene00013427.,21,1,22
WBGene00013429.,7,2,9
WBGene00013431.,95,123,218
WBGene00013432.,10,63,73
WBGene00013433.,1,250,251
WBGene00013434.,164,811,975
WBGene00013435.,199,2360,2559
WBGene00013436.,123,968,1091
WBGene00013437.,5,13,18
WBGene00013438.,1,405,406
WBGene00013439.,6,25,31
WBGene00013440.,27,92,119
WBGene00013441.,112,779,891
WBGene00013442.,14,123,137
WBGene00013443.,85,166,251
WBGene00013445.,15,168,183
WBGene00013446.,292,690,982
WBGene00013447.,206,691,897
WBGene00013448.,165,1012,1177
WBGene00013449.,5,16,21
WBGene00013450.,4,12,16
WBGene00013451.,5,7,12
WBGene00013452.,4,3,7
WBGene00013453.,68,737,805
WBGene00013454.,3,4,7
WBGene00013455.,159,676,835
WBGene00013456.,94,538,632
WBGene00013457.,49,48,97
WBGene00013458.,39,688,727
WBGene00013459.,561,3775,4336
WBGene00013460.,326,829,1155
WBGene00013461.,244,1107,1351
WBGene00013462.,109,1473,1582
WBGene00013463.,0,9776,9776
WBGene00013464.,68,415,483
WBGene00013465.,57,572,629
WBGene00013466.,1,1,2
WBGene00013467.,0,3,3
WBGene00013468.,4,1,5
WBGene00013469.,1,0,1
WBGene00013470.,1,1,2
WBGene00013471.,0,1,1
WBGene00013472.,6,2,8
WBGene00013473.,1,0,1
WBGene00013474.,0,7,7
WBGene00013475.,0,1,1
WBGene00013476.,0,1,1
WBGene00013477.,69,2304,2373
WBGene00013478.,0,4,4
WBGene00013479.,67,191,258
WBGene00013480.,34,11,45
WBGene00013481.,691,6096,6787
WBGene00013482.,58,584,642
WBGene00013483.,1,1,2
WBGene00013484.,27,25,52
WBGene00013485.,96,173,269
WBGene00013486.,56,88,144
WBGene00013487.,15,5,20
WBGene00013489.,22,6501,6523
WBGene00013490.,12,59,71
WBGene00013491.,0,0,0
WBGene00013492.,1,9,10
WBGene00013493.,2,211,213
WBGene00013494.,9,7,16
WBGene00013495.,5,3,8
WBGene00013496.,30,217,247
WBGene00013497.,25,133,158
WBGene00013498.,7,6,13
WBGene00013499.,48,219,267
WBGene00013500.,0,0,0
WBGene00013501.,0,0,0
WBGene00013502.,5,0,5
WBGene00013503.,21,1,22
WBGene00013505.,6,9,15
WBGene00013506.,168,313,481
WBGene00013507.,12,38,50
WBGene00013508.,0,3,3
WBGene00013509.,7,166,173
WBGene00013510.,96,51,147
WBGene00013511.,4,0,4
WBGene00013512.,18,17,35
WBGene00013513.,0,7,7
WBGene00013514.,1198,13118,14316
WBGene00013515.,368,3528,3896
WBGene00013516.,94,816,910
WBGene00013517.,52,82,134
WBGene00013518.,152,848,1000
WBGene00013519.,2,3,5
WBGene00013520.,12,7,19
WBGene00013521.,1,1,2
WBGene00013522.,50,431,481
WBGene00013523.,0,1,1
WBGene00013524.,0,2,2
WBGene00013525.,3,7,10
WBGene00013526.,2,9,11
WBGene00013527.,1,3,4
WBGene00013528.,2,2,4
WBGene00013529.,228,701,929
WBGene00013530.,274,1135,1409
WBGene00013531.,203,1264,1467
WBGene00013532.,14,1268,1282
WBGene00013534.,119,170,289
WBGene00013535.,4,54,58
WBGene00013536.,113,42,155
WBGene00013537.,9,5,14
WBGene00013538.,134,749,883
WBGene00013539.,24,75,99
WBGene00013540.,27,249,276
WBGene00013541.,23,64,87
WBGene00013542.,33,455,488
WBGene00013543.,129,494,623
WBGene00013544.,276,2875,3151
WBGene00013545.,379,1037,1416
WBGene00013547.,15,46,61
WBGene00013548.,117,767,884
WBGene00013549.,144,707,851
WBGene00013550.,60,1455,1515
WBGene00013551.,36,208,244
WBGene00013552.,7,181,188
WBGene00013553.,104,847,951
WBGene00013554.,84,254,338
WBGene00013555.,4,14,18
WBGene00013556.,155,644,799
WBGene00013557.,493,1550,2043
WBGene00013558.,83,719,802
WBGene00013559.,64,198,262
WBGene00013560.,82,370,452
WBGene00013561.,107,734,841
WBGene00013562.,11,25,36
WBGene00013563.,43,68,111
WBGene00013564.,19,20,39
WBGene00013565.,0,2,2
WBGene00013566.,1,1,2
WBGene00013567.,0,51,51
WBGene00013568.,97,1105,1202
WBGene00013569.,9,263,272
WBGene00013570.,0,0,0
WBGene00013571.,0,0,0
WBGene00013572.,0,0,0
WBGene00013573.,64,23,87
WBGene00013574.,92,42,134
WBGene00013575.,36,566,602
WBGene00013576.,8,176,184
WBGene00013577.,1265,9439,10704
WBGene00013578.,47,125,172
WBGene00013579.,23,3,26
WBGene00013580.,912,1227,2139
WBGene00013581.,2,1,3
WBGene00013583.,1,1,2
WBGene00013584.,44,175,219
WBGene00013585.,8,111,119
WBGene00013586.,7,3,10
WBGene00013587.,31,60,91
WBGene00013588.,916,9709,10625
WBGene00013589.,0,6,6
WBGene00013590.,0,4,4
WBGene00013591.,48,748,796
WBGene00013592.,25,32,57
WBGene00013593.,132,710,842
WBGene00013594.,128,201,329
WBGene00013595.,67,504,571
WBGene00013596.,28,674,702
WBGene00013597.,460,4726,5186
WBGene00013598.,104,1396,1500
WBGene00013599.,365,543,908
WBGene00013601.,78,625,703
WBGene00013602.,24,296,320
WBGene00013603.,293,1937,2230
WBGene00013604.,58,747,805
WBGene00013605.,120,1214,1334
WBGene00013606.,241,1361,1602
WBGene00013607.,1,4,5
WBGene00013608.,2,1,3
WBGene00013609.,2,17,19
WBGene00013610.,1,96,97
WBGene00013611.,2,43,45
WBGene00013612.,1,60,61
WBGene00013613.,1,1,2
WBGene00013614.,2,0,2
WBGene00013615.,4,0,4
WBGene00013616.,0,1,1
WBGene00013617.,0,0,0
WBGene00013618.,0,0,0
WBGene00013619.,0,0,0
WBGene00013620.,1,4,5
WBGene00013621.,4,2,6
WBGene00013622.,0,1,1
WBGene00013623.,13,194,207
WBGene00013624.,0,2,2
WBGene00013625.,1,1,2
WBGene00013626.,0,0,0
WBGene00013627.,1,2,3
WBGene00013628.,2,0,2
WBGene00013629.,6,2,8
WBGene00013631.,10,1,11
WBGene00013632.,196,266,462
WBGene00013633.,33,140,173
WBGene00013634.,18,19,37
WBGene00013635.,0,0,0
WBGene00013636.,0,1,1
WBGene00013637.,15,105,120
WBGene00013638.,181,1346,1527
WBGene00013639.,1343,739,2082
WBGene00013640.,208,18,226
WBGene00013642.,164,616,780
WBGene00013643.,13,56,69
WBGene00013644.,2,27,29
WBGene00013645.,2,7,9
WBGene00013646.,9,9,18
WBGene00013647.,257,1653,1910
WBGene00013648.,6,5,11
WBGene00013649.,12,12,24
WBGene00013650.,2,110,112
WBGene00013651.,19,13,32
WBGene00013652.,2,12,14
WBGene00013653.,2,5,7
WBGene00013654.,7,45,52
WBGene00013655.,13,21,34
WBGene00013656.,1,7,8
WBGene00013657.,0,1,1
WBGene00013658.,22,174,196
WBGene00013659.,1,20,21
WBGene00013661.,8,2,10
WBGene00013662.,21,177,198
WBGene00013665.,49,239,288
WBGene00013666.,100,604,704
WBGene00013667.,108,743,851
WBGene00013668.,102,976,1078
WBGene00013669.,23,145,168
WBGene00013670.,377,1570,1947
WBGene00013671.,83,1068,1151
WBGene00013672.,46,90,136
WBGene00013673.,116,216,332
WBGene00013674.,90,514,604
WBGene00013676.,143,1316,1459
WBGene00013677.,377,1666,2043
WBGene00013678.,266,1268,1534
WBGene00013679.,139,994,1133
WBGene00013680.,300,749,1049
WBGene00013682.,1279,1792,3071
WBGene00013683.,218,2506,2724
WBGene00013684.,3,0,3
WBGene00013685.,14,38,52
WBGene00013687.,167,818,985
WBGene00013688.,232,2877,3109
WBGene00013689.,14,623,637
WBGene00013690.,55,1010,1065
WBGene00013691.,47,316,363
WBGene00013692.,90,775,865
WBGene00013693.,29,82,111
WBGene00013694.,52,606,658
WBGene00013695.,128,945,1073
WBGene00013696.,0,4,4
WBGene00013697.,10,413,423
WBGene00013698.,24,395,419
WBGene00013699.,0,3,3
WBGene00013700.,0,33,33
WBGene00013701.,0,126,126
WBGene00013702.,50,207,257
WBGene00013703.,229,1086,1315
WBGene00013704.,42,190,232
WBGene00013705.,1,2,3
WBGene00013706.,0,5,5
WBGene00013707.,0,0,0
WBGene00013708.,7,271,278
WBGene00013709.,266,2428,2694
WBGene00013710.,1,20,21
WBGene00013711.,462,1421,1883
WBGene00013712.,2,1,3
WBGene00013713.,0,2,2
WBGene00013716.,11,159,170
WBGene00013717.,6,213,219
WBGene00013718.,48,1003,1051
WBGene00013719.,21,420,441
WBGene00013720.,2,510,512
WBGene00013721.,0,0,0
WBGene00013722.,0,0,0
WBGene00013723.,0,54,54
WBGene00013724.,45,259,304
WBGene00013725.,55,648,703
WBGene00013726.,51,372,423
WBGene00013727.,10,115,125
WBGene00013728.,26,434,460
WBGene00013729.,9,215,224
WBGene00013730.,676,2220,2896
WBGene00013732.,1709,1206,2915
WBGene00013734.,13,2901,2914
WBGene00013735.,1489,2637,4126
WBGene00013736.,29,913,942
WBGene00013737.,372,912,1284
WBGene00013738.,212,933,1145
WBGene00013739.,77,51,128
WBGene00013740.,24,1009,1033
WBGene00013741.,5,32,37
WBGene00013742.,60,91,151
WBGene00013744.,0,7,7
WBGene00013746.,181,352,533
WBGene00013747.,12,2,14
WBGene00013748.,36,440,476
WBGene00013749.,25,40,65
WBGene00013750.,4,9,13
WBGene00013751.,24,237,261
WBGene00013752.,409,739,1148
WBGene00013753.,43,184,227
WBGene00013754.,1,0,1
WBGene00013755.,4,29,33
WBGene00013756.,5,106,111
WBGene00013757.,2,1,3
WBGene00013758.,5,151,156
WBGene00013759.,1,0,1
WBGene00013760.,2,3,5
WBGene00013761.,5,163,168
WBGene00013762.,4,24,28
WBGene00013763.,8,136,144
WBGene00013764.,38,22,60
WBGene00013765.,133,1391,1524
WBGene00013766.,143,17072,17215
WBGene00013768.,224,367,591
WBGene00013770.,1,0,1
WBGene00013771.,9,4,13
WBGene00013772.,4,0,4
WBGene00013773.,4,6,10
WBGene00013774.,80,60,140
WBGene00013775.,2,26,28
WBGene00013776.,1,93,94
WBGene00013777.,0,7,7
WBGene00013778.,16,28,44
WBGene00013779.,2,28,30
WBGene00013781.,78,299,377
WBGene00013782.,84,399,483
WBGene00013783.,1,1,2
WBGene00013784.,1179,7144,8323
WBGene00013785.,4,4,8
WBGene00013786.,1,10,11
WBGene00013788.,1,2,3
WBGene00013789.,103,482,585
WBGene00013790.,91,553,644
WBGene00013791.,0,0,0
WBGene00013792.,130,203,333
WBGene00013794.,0,6,6
WBGene00013795.,0,2,2
WBGene00013796.,0,2,2
WBGene00013797.,0,2,2
WBGene00013798.,2,0,2
WBGene00013799.,2,15,17
WBGene00013800.,5,4,9
WBGene00013801.,3,13,16
WBGene00013802.,76,132,208
WBGene00013803.,316,1969,2285
WBGene00013804.,321,2126,2447
WBGene00013805.,462,2884,3346
WBGene00013806.,52,279,331
WBGene00013807.,340,601,941
WBGene00013808.,280,1480,1760
WBGene00013809.,25,8,33
WBGene00013810.,0,4,4
WBGene00013811.,3,4,7
WBGene00013812.,46,157,203
WBGene00013814.,26,18,44
WBGene00013815.,0,3,3
WBGene00013816.,5,7,12
WBGene00013817.,14,45,59
WBGene00013819.,171,1187,1358
WBGene00013820.,4,0,4
WBGene00013821.,11,4,15
WBGene00013822.,3,7,10
WBGene00013823.,27,0,27
WBGene00013824.,1,2,3
WBGene00013825.,42,84,126
WBGene00013826.,5,17,22
WBGene00013827.,0,0,0
WBGene00013828.,24,0,24
WBGene00013829.,0,23,23
WBGene00013830.,1,14,15
WBGene00013831.,8,4,12
WBGene00013832.,1,30,31
WBGene00013833.,5,41,46
WBGene00013834.,3,3,6
WBGene00013835.,12,60,72
WBGene00013836.,7,32,39
WBGene00013837.,0,2,2
WBGene00013838.,7,183,190
WBGene00013839.,2,23,25
WBGene00013840.,0,6,6
WBGene00013841.,9,48,57
WBGene00013842.,20,89,109
WBGene00013843.,1,11,12
WBGene00013844.,4,7,11
WBGene00013845.,23,288,311
WBGene00013846.,5,20,25
WBGene00013847.,191,1444,1635
WBGene00013848.,187,613,800
WBGene00013849.,25,44,69
WBGene00013850.,103,90,193
WBGene00013852.,30,197,227
WBGene00013853.,2,4125,4127
WBGene00013854.,2,1,3
WBGene00013855.,62,523,585
WBGene00013856.,0,37,37
WBGene00013857.,43,257,300
WBGene00013858.,0,1,1
WBGene00013859.,589,10373,10962
WBGene00013860.,148,1742,1890
WBGene00013862.,12,212,224
WBGene00013863.,2,2,4
WBGene00013865.,21,277,298
WBGene00013866.,214,1725,1939
WBGene00013867.,50,134,184
WBGene00013868.,0,17,17
WBGene00013869.,152,1140,1292
WBGene00013870.,23,223,246
WBGene00013871.,4,20,24
WBGene00013872.,122,549,671
WBGene00013873.,18,9,27
WBGene00013874.,6,75,81
WBGene00013875.,9,25,34
WBGene00013876.,7,148,155
WBGene00013877.,80,665,745
WBGene00013878.,223,1469,1692
WBGene00013879.,4,17,21
WBGene00013880.,24,1159,1183
WBGene00013881.,30,348,378
WBGene00013882.,918,7221,8139
WBGene00013883.,40,86,126
WBGene00013884.,2274,13963,16237
WBGene00013886.,7,7,14
WBGene00013887.,0,1,1
WBGene00013888.,0,0,0
WBGene00013889.,0,0,0
WBGene00013890.,0,0,0
WBGene00013891.,2,32,34
WBGene00013892.,101,1556,1657
WBGene00013893.,27,1034,1061
WBGene00013894.,50,385,435
WBGene00013895.,42,335,377
WBGene00013896.,60,301,361
WBGene00013897.,16,476,492
WBGene00013898.,97,1338,1435
WBGene00013899.,36,762,798
WBGene00013900.,4,76,80
WBGene00013901.,9,217,226
WBGene00013902.,44,207,251
WBGene00013903.,1,7,8
WBGene00013904.,7,29,36
WBGene00013905.,3,7,10
WBGene00013906.,10,100,110
WBGene00013907.,10,29,39
WBGene00013908.,4,12,16
WBGene00013909.,1,4,5
WBGene00013910.,1,0,1
WBGene00013911.,6,25,31
WBGene00013912.,9,6,15
WBGene00013913.,8,3,11
WBGene00013914.,56,144,200
WBGene00013915.,5,4,9
WBGene00013916.,4,3,7
WBGene00013917.,38,370,408
WBGene00013918.,0,0,0
WBGene00013919.,191,1293,1484
WBGene00013920.,38,1460,1498
WBGene00013921.,135,660,795
WBGene00013923.,5,88,93
WBGene00013924.,127,2814,2941
WBGene00013925.,43,704,747
WBGene00013926.,10,208,218
WBGene00013927.,4,0,4
WBGene00013928.,5,2,7
WBGene00013929.,5,14,19
WBGene00013930.,0,2,2
WBGene00013931.,7,1,8
WBGene00013932.,0,0,0
WBGene00013933.,8,13,21
WBGene00013934.,479,2082,2561
WBGene00013935.,0,0,0
WBGene00013937.,1,0,1
WBGene00013938.,30,460,490
WBGene00013939.,0,17,17
WBGene00013940.,0,1,1
WBGene00013941.,0,0,0
WBGene00013942.,2,4,6
WBGene00013943.,0,2,2
WBGene00013944.,2,3,5
WBGene00013946.,71,277,348
WBGene00013947.,52,360,412
WBGene00013948.,0,0,0
WBGene00013949.,48,234,282
WBGene00013950.,64,344,408
WBGene00013951.,0,4,4
WBGene00013953.,5,0,5
WBGene00013954.,1,6,7
WBGene00013955.,187,60,247
WBGene00013956.,1,1,2
WBGene00013957.,205,353,558
WBGene00013958.,216,2966,3182
WBGene00013959.,149,1108,1257
WBGene00013960.,23,164,187
WBGene00013961.,1,10,11
WBGene00013962.,193,1897,2090
WBGene00013963.,10,162,172
WBGene00013964.,21,942,963
WBGene00013965.,15,40,55
WBGene00013966.,16,412,428
WBGene00013967.,41,359,400
WBGene00013968.,6,18,24
WBGene00013969.,176,1813,1989
WBGene00013970.,129,772,901
WBGene00013971.,0,0,0
WBGene00013972.,0,1,1
WBGene00013973.,1,1,2
WBGene00013974.,23,42,65
WBGene00013975.,12,59,71
WBGene00013976.,35,51,86
WBGene00013978.,3,0,3
WBGene00013979.,2,1,3
WBGene00013980.,25,129,154
WBGene00013982.,7,146,153
WBGene00013983.,41,2222,2263
WBGene00013984.,724,2263,2987
WBGene00013985.,54,940,994
WBGene00013986.,0,10,10
WBGene00013987.,1,8,9
WBGene00013988.,1,4,5
WBGene00013989.,36,586,622
WBGene00013993.,0,0,0
WBGene00013994.,81,704,785
WBGene00013995.,2,10,12
WBGene00013996.,6,17,23
WBGene00013997.,260,2356,2616
WBGene00013998.,20,368,388
WBGene00013999.,4,1,5
WBGene00014000.,13,245,258
WBGene00014001.,85,1360,1445
WBGene00014002.,12,75,87
WBGene00014003.,12,2395,2407
WBGene00014004.,157,1012,1169
WBGene00014005.,6,10,16
WBGene00014006.,7,1870,1877
WBGene00014007.,0,6,6
WBGene00014008.,10,148,158
WBGene00014009.,5,61,66
WBGene00014011.,28,1040,1068
WBGene00014012.,54,1438,1492
WBGene00014013.,38,1927,1965
WBGene00014014.,60,322,382
WBGene00014015.,71,1238,1309
WBGene00014016.,767,10085,10852
WBGene00014017.,120,1791,1911
WBGene00014018.,130,847,977
WBGene00014019.,110,772,882
WBGene00014020.,25,636,661
WBGene00014021.,200,773,973
WBGene00014022.,269,3792,4061
WBGene00014023.,125,359,484
WBGene00014024.,37,223,260
WBGene00014025.,122,1733,1855
WBGene00014026.,0,0,0
WBGene00014027.,34,174,208
WBGene00014028.,66,330,396
WBGene00014029.,1,2,3
WBGene00014030.,21,3180,3201
WBGene00014031.,28,1137,1165
WBGene00014032.,0,1,1
WBGene00014033.,97,578,675
WBGene00014034.,1,217,218
WBGene00014035.,104,568,672
WBGene00014036.,506,2000,2506
WBGene00014037.,3064,3,3067
WBGene00014039.,300,1892,2192
WBGene00014040.,0,1,1
WBGene00014041.,0,1,1
WBGene00014042.,0,0,0
WBGene00014043.,0,6,6
WBGene00014044.,0,0,0
WBGene00014045.,0,0,0
WBGene00014046.,1,1,2
WBGene00014047.,3,5,8
WBGene00014048.,2,1,3
WBGene00014049.,2,0,2
WBGene00014050.,0,4,4
WBGene00014051.,417,1586,2003
WBGene00014052.,6,62,68
WBGene00014053.,14,27,41
WBGene00014054.,131,4580,4711
WBGene00014055.,114,979,1093
WBGene00014057.,32,290,322
WBGene00014058.,80,1033,1113
WBGene00014060.,20,94,114
WBGene00014061.,0,0,0
WBGene00014062.,3,14,17
WBGene00014063.,3,26,29
WBGene00014064.,0,8,8
WBGene00014065.,131,109,240
WBGene00014066.,87,566,653
WBGene00014067.,7,86,93
WBGene00014068.,4,15,19
WBGene00014069.,1,8,9
WBGene00014070.,26,4,30
WBGene00014073.,10,93,103
WBGene00014074.,95,544,639
WBGene00014075.,84,1054,1138
WBGene00014076.,110,474,584
WBGene00014077.,38,255,293
WBGene00014078.,276,2538,2814
WBGene00014079.,43,341,384
WBGene00014080.,38,354,392
WBGene00014081.,73,371,444
WBGene00014082.,13,4,17
WBGene00014083.,142,1902,2044
WBGene00014084.,0,9,9
WBGene00014085.,6,72,78
WBGene00014086.,1225,10143,11368
WBGene00014087.,58,972,1030
WBGene00014088.,647,22823,23470
WBGene00014089.,17,34,51
WBGene00014090.,12,1183,1195
WBGene00014091.,1157,22055,23212
WBGene00014092.,461,4390,4851
WBGene00014093.,52,77,129
WBGene00014094.,16,19,35
WBGene00014095.,135,30506,30641
WBGene00014096.,20,2698,2718
WBGene00014097.,7,40,47
WBGene00014098.,146,1699,1845
WBGene00014099.,29,358,387
WBGene00014100.,12,47,59
WBGene00014101.,321,835,1156
WBGene00014102.,9,6,15
WBGene00014103.,23,41,64
WBGene00014104.,1,0,1
WBGene00014105.,21,45,66
WBGene00014106.,63,369,432
WBGene00014107.,38,529,567
WBGene00014108.,372,11601,11973
WBGene00014109.,52,2033,2085
WBGene00014111.,27,595,622
WBGene00014112.,49,1208,1257
WBGene00014113.,12,180,192
WBGene00014114.,46,634,680
WBGene00014115.,117,1718,1835
WBGene00014116.,7,21,28
WBGene00014117.,1,17,18
WBGene00014118.,80,381,461
WBGene00014119.,227,815,1042
WBGene00014120.,0,312,312
WBGene00014121.,36,44,80
WBGene00014122.,66,139,205
WBGene00014123.,27,906,933
WBGene00014124.,43,733,776
WBGene00014125.,24,1467,1491
WBGene00014126.,0,0,0
WBGene00014127.,3,6,9
WBGene00014128.,2,1,3
WBGene00014129.,0,1,1
WBGene00014130.,0,2,2
WBGene00014131.,0,31,31
WBGene00014132.,3,2,5
WBGene00014134.,10,34,44
WBGene00014135.,9,15,24
WBGene00014136.,37,107,144
WBGene00014137.,13,213,226
WBGene00014138.,25,125,150
WBGene00014139.,127,299,426
WBGene00014140.,355,426,781
WBGene00014141.,10,143,153
WBGene00014142.,4,20,24
WBGene00014143.,0,0,0
WBGene00014144.,0,2,2
WBGene00014145.,17,130,147
WBGene00014147.,0,0,0
WBGene00014148.,197,1919,2116
WBGene00014149.,3,29,32
WBGene00014150.,58,333,391
WBGene00014151.,76,697,773
WBGene00014152.,13,34,47
WBGene00014153.,65,1022,1087
WBGene00014154.,1,18,19
WBGene00014155.,10,22,32
WBGene00014156.,50,627,677
WBGene00014157.,0,0,0
WBGene00014158.,1,2,3
WBGene00014159.,7,537,544
WBGene00014160.,0,27,27
WBGene00014161.,7,48,55
WBGene00014162.,2,3,5
WBGene00014163.,1,74,75
WBGene00014164.,9,187,196
WBGene00014165.,422,8077,8499
WBGene00014166.,14,88,102
WBGene00014168.,0,5,5
WBGene00014169.,1,16,17
WBGene00014170.,1,10,11
WBGene00014171.,1283,3555,4838
WBGene00014172.,101,697,798
WBGene00014173.,4,46,50
WBGene00014174.,0,7,7
WBGene00014175.,165,1088,1253
WBGene00014176.,79,796,875
WBGene00014177.,78,1136,1214
WBGene00014178.,14,47,61
WBGene00014179.,5,1,6
WBGene00014180.,6,1,7
WBGene00014181.,12,81,93
WBGene00014182.,0,0,0
WBGene00014183.,3,98,101
WBGene00014184.,4,10,14
WBGene00014185.,0,0,0
WBGene00014186.,0,0,0
WBGene00014188.,0,0,0
WBGene00014189.,2,23,25
WBGene00014190.,1,3,4
WBGene00014191.,1,0,1
WBGene00014192.,2,2,4
WBGene00014193.,2,2,4
WBGene00014194.,2,3,5
WBGene00014195.,14,43,57
WBGene00014196.,1,29,30
WBGene00014197.,1,0,1
WBGene00014198.,2,103,105
WBGene00014199.,5,15,20
WBGene00014200.,5,89,94
WBGene00014201.,0,0,0
WBGene00014202.,182,3504,3686
WBGene00014203.,21,155,176
WBGene00014204.,56,4042,4098
WBGene00014205.,27,349,376
WBGene00014206.,11,140,151
WBGene00014207.,210,3937,4147
WBGene00014208.,43,789,832
WBGene00014209.,83,640,723
WBGene00014210.,18,221,239
WBGene00014213.,220,3812,4032
WBGene00014214.,702,1256,1958
WBGene00014215.,229,836,1065
WBGene00014216.,8,1,9
WBGene00014217.,0,5,5
WBGene00014218.,163,2893,3056
WBGene00014219.,52,674,726
WBGene00014220.,43,303,346
WBGene00014221.,52,1077,1129
WBGene00014222.,96,572,668
WBGene00014223.,40,47,87
WBGene00014224.,150,2494,2644
WBGene00014225.,11,50,61
WBGene00014226.,0,58,58
WBGene00014227.,94,735,829
WBGene00014228.,4,344,348
WBGene00014229.,8,3,11
WBGene00014230.,21,370,391
WBGene00014232.,148,1735,1883
WBGene00014233.,45,616,661
WBGene00014234.,7,883,890
WBGene00014235.,2,27,29
WBGene00014236.,4,2,6
WBGene00014238.,2,3,5
WBGene00014239.,0,1,1
WBGene00014240.,0,0,0
WBGene00014241.,0,7,7
WBGene00014242.,0,0,0
WBGene00014243.,161,1772,1933
WBGene00014244.,27,625,652
WBGene00014245.,3,2,5
WBGene00014246.,1,2,3
WBGene00014247.,3,0,3
WBGene00014248.,223,1034,1257
WBGene00014249.,74,2750,2824
WBGene00014250.,10,471,481
WBGene00014251.,78,752,830
WBGene00014252.,50,391,441
WBGene00014253.,19,156,175
WBGene00014254.,13,140,153
WBGene00014255.,7,146,153
WBGene00014256.,13,207,220
WBGene00014258.,159,2886,3045
WBGene00014259.,124,1514,1638
WBGene00014260.,33,37,70
WBGene00014261.,717,1461,2178
WBGene00014262.,690,7894,8584
WBGene00014263.,0,0,0
WBGene00014264.,0,0,0
WBGene00014265.,0,0,0
WBGene00014266.,0,0,0
WBGene00014267.,0,0,0
WBGene00014268.,0,0,0
WBGene00014269.,0,0,0
WBGene00014270.,0,0,0
WBGene00014271.,0,0,0
WBGene00014272.,0,0,0
WBGene00014273.,0,0,0
WBGene00014274.,0,0,0
WBGene00014275.,0,0,0
WBGene00014276.,0,0,0
WBGene00014277.,0,1,1
WBGene00014278.,0,0,0
WBGene00014279.,0,0,0
WBGene00014280.,0,0,0
WBGene00014281.,0,0,0
WBGene00014282.,0,0,0
WBGene00014283.,0,0,0
WBGene00014284.,0,0,0
WBGene00014285.,0,0,0
WBGene00014286.,0,0,0
WBGene00014287.,0,0,0
WBGene00014288.,0,0,0
WBGene00014289.,0,0,0
WBGene00014290.,0,0,0
WBGene00014291.,0,40,40
WBGene00014292.,0,0,0
WBGene00014293.,0,0,0
WBGene00014294.,1928,7096,9024
WBGene00014295.,0,0,0
WBGene00014296.,0,0,0
WBGene00014297.,0,0,0
WBGene00014298.,0,1,1
WBGene00014299.,0,0,0
WBGene00014300.,64,169,233
WBGene00014301.,0,0,0
WBGene00014302.,0,0,0
WBGene00014303.,0,0,0
WBGene00014304.,0,0,0
WBGene00014305.,0,0,0
WBGene00014306.,0,0,0
WBGene00014307.,3222,41120,44342
WBGene00014308.,60,9287,9347
WBGene00014309.,5377,49516,54893
WBGene00014310.,0,0,0
WBGene00014311.,0,0,0
WBGene00014312.,0,0,0
WBGene00014313.,0,0,0
WBGene00014314.,0,0,0
WBGene00014315.,0,0,0
WBGene00014316.,0,0,0
WBGene00014317.,0,22,22
WBGene00014318.,0,0,0
WBGene00014319.,0,0,0
WBGene00014320.,0,1,1
WBGene00014321.,0,0,0
WBGene00014322.,0,5,5
WBGene00014323.,0,0,0
WBGene00014324.,0,0,0
WBGene00014325.,0,0,0
WBGene00014326.,0,0,0
WBGene00014327.,0,1,1
WBGene00014328.,0,1,1
WBGene00014329.,0,1,1
WBGene00014330.,0,0,0
WBGene00014331.,0,0,0
WBGene00014332.,0,2,2
WBGene00014333.,0,0,0
WBGene00014334.,0,0,0
WBGene00014335.,0,0,0
WBGene00014336.,0,0,0
WBGene00014337.,0,0,0
WBGene00014338.,0,0,0
WBGene00014339.,0,0,0
WBGene00014340.,0,1,1
WBGene00014341.,0,0,0
WBGene00014342.,0,0,0
WBGene00014343.,0,0,0
WBGene00014344.,0,0,0
WBGene00014345.,0,0,0
WBGene00014346.,0,1,1
WBGene00014347.,0,0,0
WBGene00014348.,0,1,1
WBGene00014349.,0,3,3
WBGene00014350.,0,3,3
WBGene00014351.,0,0,0
WBGene00014352.,0,0,0
WBGene00014353.,0,1,1
WBGene00014354.,0,0,0
WBGene00014355.,0,0,0
WBGene00014356.,0,0,0
WBGene00014357.,0,0,0
WBGene00014358.,0,0,0
WBGene00014359.,0,0,0
WBGene00014360.,0,0,0
WBGene00014361.,0,0,0
WBGene00014362.,0,0,0
WBGene00014363.,0,0,0
WBGene00014364.,0,0,0
WBGene00014365.,0,0,0
WBGene00014366.,0,0,0
WBGene00014367.,0,0,0
WBGene00014368.,0,0,0
WBGene00014369.,0,0,0
WBGene00014370.,0,0,0
WBGene00014371.,0,16,16
WBGene00014372.,0,1,1
WBGene00014373.,1,0,1
WBGene00014374.,0,0,0
WBGene00014375.,0,1,1
WBGene00014376.,0,0,0
WBGene00014377.,0,0,0
WBGene00014378.,0,0,0
WBGene00014379.,0,0,0
WBGene00014380.,0,0,0
WBGene00014381.,0,0,0
WBGene00014382.,0,0,0
WBGene00014384.,0,0,0
WBGene00014385.,0,9,9
WBGene00014386.,0,0,0
WBGene00014387.,0,0,0
WBGene00014388.,0,0,0
WBGene00014389.,0,0,0
WBGene00014390.,0,0,0
WBGene00014391.,0,1,1
WBGene00014392.,0,0,0
WBGene00014393.,0,0,0
WBGene00014394.,0,13,13
WBGene00014395.,0,0,0
WBGene00014396.,0,0,0
WBGene00014397.,0,0,0
WBGene00014398.,0,0,0
WBGene00014399.,0,0,0
WBGene00014400.,0,2,2
WBGene00014401.,0,0,0
WBGene00014402.,0,1,1
WBGene00014403.,0,0,0
WBGene00014404.,0,0,0
WBGene00014405.,0,3,3
WBGene00014406.,0,0,0
WBGene00014407.,0,0,0
WBGene00014408.,0,0,0
WBGene00014409.,0,0,0
WBGene00014410.,0,0,0
WBGene00014411.,0,0,0
WBGene00014413.,0,0,0
WBGene00014414.,0,0,0
WBGene00014415.,0,0,0
WBGene00014416.,0,0,0
WBGene00014417.,0,8,8
WBGene00014418.,0,0,0
WBGene00014419.,0,0,0
WBGene00014420.,0,3,3
WBGene00014421.,0,1,1
WBGene00014422.,0,0,0
WBGene00014423.,0,0,0
WBGene00014424.,0,0,0
WBGene00014425.,0,0,0
WBGene00014426.,0,0,0
WBGene00014427.,0,0,0
WBGene00014428.,0,0,0
WBGene00014429.,0,0,0
WBGene00014430.,0,0,0
WBGene00014431.,0,0,0
WBGene00014432.,0,0,0
WBGene00014433.,0,0,0
WBGene00014434.,0,0,0
WBGene00014435.,0,0,0
WBGene00014436.,0,0,0
WBGene00014437.,0,0,0
WBGene00014438.,0,0,0
WBGene00014439.,0,11,11
WBGene00014440.,0,0,0
WBGene00014441.,0,0,0
WBGene00014442.,0,0,0
WBGene00014443.,0,0,0
WBGene00014444.,0,0,0
WBGene00014445.,0,0,0
WBGene00014446.,0,0,0
WBGene00014447.,0,0,0
WBGene00014448.,0,1,1
WBGene00014449.,0,0,0
WBGene00014450.,0,59,59
WBGene00014451.,0,38,38
WBGene00014452.,0,103,103
WBGene00014453.,0,23,23
WBGene00014454.,0,315291,315291
WBGene00014455.,0,17,17
WBGene00014456.,0,44,44
WBGene00014457.,0,684,684
WBGene00014458.,0,12,12
WBGene00014459.,0,109,109
WBGene00014460.,0,55,55
WBGene00014461.,0,22,22
WBGene00014462.,0,371,371
WBGene00014463.,0,22,22
WBGene00014464.,0,7,7
WBGene00014465.,0,32,32
WBGene00014466.,0,415,415
WBGene00014467.,0,88,88
WBGene00014468.,0,18,18
WBGene00014469.,0,16,16
WBGene00014470.,0,135,135
WBGene00014471.,0,43,43
WBGene00014472.,0,142536,142536
WBGene00014473.,0,549,549
WBGene00014474.,0,0,0
WBGene00014475.,0,0,0
WBGene00014476.,0,5,5
WBGene00014477.,0,0,0
WBGene00014478.,0,0,0
WBGene00014479.,0,0,0
WBGene00014480.,0,0,0
WBGene00014481.,0,0,0
WBGene00014482.,0,0,0
WBGene00014483.,0,0,0
WBGene00014484.,0,0,0
WBGene00014485.,0,0,0
WBGene00014486.,0,0,0
WBGene00014487.,0,0,0
WBGene00014488.,0,0,0
WBGene00014489.,0,0,0
WBGene00014490.,0,0,0
WBGene00014491.,0,0,0
WBGene00014493.,0,0,0
WBGene00014494.,0,0,0
WBGene00014495.,0,0,0
WBGene00014496.,0,0,0
WBGene00014497.,0,0,0
WBGene00014498.,0,0,0
WBGene00014499.,0,0,0
WBGene00014500.,0,5,5
WBGene00014501.,0,0,0
WBGene00014502.,0,0,0
WBGene00014503.,0,0,0
WBGene00014504.,0,0,0
WBGene00014505.,0,32963,32963
WBGene00014506.,0,0,0
WBGene00014507.,0,0,0
WBGene00014508.,0,0,0
WBGene00014509.,0,0,0
WBGene00014510.,0,0,0
WBGene00014511.,0,2,2
WBGene00014512.,0,0,0
WBGene00014513.,0,1,1
WBGene00014514.,0,0,0
WBGene00014515.,0,0,0
WBGene00014516.,0,0,0
WBGene00014517.,0,0,0
WBGene00014518.,0,0,0
WBGene00014519.,0,0,0
WBGene00014520.,0,1,1
WBGene00014521.,0,0,0
WBGene00014522.,0,0,0
WBGene00014523.,0,0,0
WBGene00014524.,0,0,0
WBGene00014525.,0,0,0
WBGene00014526.,0,0,0
WBGene00014527.,0,0,0
WBGene00014528.,0,0,0
WBGene00014529.,0,0,0
WBGene00014530.,0,0,0
WBGene00014531.,0,0,0
WBGene00014532.,0,0,0
WBGene00014533.,0,0,0
WBGene00014534.,0,2,2
WBGene00014535.,0,2,2
WBGene00014536.,0,0,0
WBGene00014537.,0,0,0
WBGene00014538.,0,1,1
WBGene00014539.,0,0,0
WBGene00014540.,0,0,0
WBGene00014541.,0,0,0
WBGene00014542.,0,90,90
WBGene00014543.,0,0,0
WBGene00014544.,0,0,0
WBGene00014545.,0,0,0
WBGene00014546.,0,0,0
WBGene00014547.,0,0,0
WBGene00014548.,0,0,0
WBGene00014549.,0,0,0
WBGene00014550.,0,0,0
WBGene00014551.,0,0,0
WBGene00014552.,0,0,0
WBGene00014553.,0,0,0
WBGene00014554.,0,2,2
WBGene00014555.,0,0,0
WBGene00014556.,0,0,0
WBGene00014557.,0,0,0
WBGene00014558.,0,0,0
WBGene00014559.,0,0,0
WBGene00014560.,0,0,0
WBGene00014561.,0,0,0
WBGene00014562.,28,233,261
WBGene00014563.,0,0,0
WBGene00014564.,0,0,0
WBGene00014565.,0,0,0
WBGene00014566.,0,0,0
WBGene00014567.,0,0,0
WBGene00014568.,0,0,0
WBGene00014569.,249,783,1032
WBGene00014570.,0,0,0
WBGene00014571.,0,0,0
WBGene00014572.,0,2,2
WBGene00014573.,0,0,0
WBGene00014574.,0,0,0
WBGene00014575.,0,0,0
WBGene00014576.,11,59,70
WBGene00014577.,0,11,11
WBGene00014578.,0,0,0
WBGene00014579.,0,0,0
WBGene00014580.,0,0,0
WBGene00014581.,0,0,0
WBGene00014582.,0,0,0
WBGene00014583.,0,0,0
WBGene00014584.,0,0,0
WBGene00014585.,0,0,0
WBGene00014586.,0,0,0
WBGene00014587.,0,0,0
WBGene00014588.,0,0,0
WBGene00014589.,0,1,1
WBGene00014590.,0,0,0
WBGene00014591.,0,0,0
WBGene00014592.,0,0,0
WBGene00014593.,0,0,0
WBGene00014594.,0,0,0
WBGene00014595.,0,0,0
WBGene00014596.,0,6,6
WBGene00014597.,0,0,0
WBGene00014598.,0,0,0
WBGene00014599.,0,0,0
WBGene00014600.,0,0,0
WBGene00014601.,0,0,0
WBGene00014602.,0,0,0
WBGene00014603.,0,0,0
WBGene00014604.,0,0,0
WBGene00014605.,0,4,4
WBGene00014606.,0,0,0
WBGene00014607.,0,0,0
WBGene00014608.,0,0,0
WBGene00014609.,0,0,0
WBGene00014610.,0,0,0
WBGene00014611.,0,0,0
WBGene00014612.,0,0,0
WBGene00014613.,149,590,739
WBGene00014614.,0,0,0
WBGene00014615.,9,13,22
WBGene00014616.,0,0,0
WBGene00014617.,0,0,0
WBGene00014618.,0,0,0
WBGene00014619.,0,0,0
WBGene00014620.,0,0,0
WBGene00014621.,0,0,0
WBGene00014622.,0,0,0
WBGene00014623.,0,0,0
WBGene00014624.,0,0,0
WBGene00014625.,0,0,0
WBGene00014626.,0,0,0
WBGene00014627.,0,0,0
WBGene00014628.,0,0,0
WBGene00014629.,0,0,0
WBGene00014630.,0,0,0
WBGene00014631.,0,0,0
WBGene00014632.,0,0,0
WBGene00014633.,0,0,0
WBGene00014634.,0,0,0
WBGene00014635.,0,0,0
WBGene00014636.,0,0,0
WBGene00014637.,0,0,0
WBGene00014638.,0,0,0
WBGene00014639.,0,0,0
WBGene00014640.,0,0,0
WBGene00014641.,6,5,11
WBGene00014643.,0,42,42
WBGene00014644.,0,0,0
WBGene00014645.,0,0,0
WBGene00014646.,0,0,0
WBGene00014647.,0,0,0
WBGene00014648.,0,0,0
WBGene00014649.,0,0,0
WBGene00014650.,0,0,0
WBGene00014651.,0,0,0
WBGene00014652.,0,0,0
WBGene00014653.,0,0,0
WBGene00014654.,0,0,0
WBGene00014655.,0,0,0
WBGene00014656.,0,0,0
WBGene00014657.,0,3,3
WBGene00014658.,0,1,1
WBGene00014659.,0,0,0
WBGene00014660.,0,2,2
WBGene00014663.,0,115,115
WBGene00014664.,0,0,0
WBGene00014665.,0,0,0
WBGene00014666.,23,152,175
WBGene00014667.,2,13,15
WBGene00014668.,2,4,6
WBGene00014669.,16,173,189
WBGene00014670.,0,0,0
WBGene00014671.,0,0,0
WBGene00014672.,0,7,7
WBGene00014673.,0,0,0
WBGene00014674.,0,17,17
WBGene00014675.,0,0,0
WBGene00014676.,0,0,0
WBGene00014677.,0,0,0
WBGene00014678.,0,1,1
WBGene00014679.,0,4,4
WBGene00014681.,0,0,0
WBGene00014682.,0,1,1
WBGene00014683.,0,0,0
WBGene00014684.,0,0,0
WBGene00014685.,0,2,2
WBGene00014686.,0,0,0
WBGene00014689.,0,3,3
WBGene00014691.,0,0,0
WBGene00014692.,0,0,0
WBGene00014693.,0,4,4
WBGene00014694.,0,12,12
WBGene00014695.,0,0,0
WBGene00014696.,0,0,0
WBGene00014697.,120,912,1032
WBGene00014698.,3,50,53
WBGene00014699.,0,4,4
WBGene00014700.,0,0,0
WBGene00014701.,0,24,24
WBGene00014702.,0,3,3
WBGene00014703.,0,2,2
WBGene00014704.,0,1,1
WBGene00014705.,0,5,5
WBGene00014706.,0,0,0
WBGene00014707.,0,2,2
WBGene00014708.,0,0,0
WBGene00014710.,0,4,4
WBGene00014711.,0,2,2
WBGene00014714.,2,9,11
WBGene00014715.,0,0,0
WBGene00014716.,0,0,0
WBGene00014717.,0,0,0
WBGene00014718.,0,0,0
WBGene00014719.,0,0,0
WBGene00014720.,0,0,0
WBGene00014721.,0,0,0
WBGene00014722.,3,0,3
WBGene00014723.,1,1,2
WBGene00014724.,0,0,0
WBGene00014727.,0,0,0
WBGene00014728.,0,6,6
WBGene00014729.,0,5,5
WBGene00014730.,0,10,10
WBGene00014731.,0,21,21
WBGene00014732.,5,88,93
WBGene00014733.,0,0,0
WBGene00014734.,1,4,5
WBGene00014735.,0,1,1
WBGene00014738.,0,0,0
WBGene00014740.,0,5,5
WBGene00014741.,0,14,14
WBGene00014744.,0,28,28
WBGene00014745.,0,9,9
WBGene00014746.,2,74,76
WBGene00014748.,0,0,0
WBGene00014751.,13,71,84
WBGene00014752.,0,0,0
WBGene00014753.,0,4,4
WBGene00014754.,0,1,1
WBGene00014755.,0,0,0
WBGene00014757.,0,2,2
WBGene00014758.,0,1,1
WBGene00014759.,20,39,59
WBGene00014760.,3,7,10
WBGene00014761.,33,73,106
WBGene00014763.,0,0,0
WBGene00014764.,1,1,2
WBGene00014766.,0,0,0
WBGene00014767.,0,0,0
WBGene00014768.,0,1,1
WBGene00014769.,4,2,6
WBGene00014770.,1,2,3
WBGene00014771.,0,2,2
WBGene00014772.,893,3074,3967
WBGene00014773.,0,7,7
WBGene00014775.,0,0,0
WBGene00014776.,0,1,1
WBGene00014777.,2,0,2
WBGene00014778.,0,16,16
WBGene00014779.,2,0,2
WBGene00014781.,0,0,0
WBGene00014782.,0,0,0
WBGene00014783.,0,0,0
WBGene00014784.,0,0,0
WBGene00014785.,0,0,0
WBGene00014786.,0,0,0
WBGene00014787.,0,0,0
WBGene00014788.,0,0,0
WBGene00014789.,1,5,6
WBGene00014790.,1,4,5
WBGene00014793.,0,236,236
WBGene00014794.,12,11,23
WBGene00014796.,1,0,1
WBGene00014798.,3,18,21
WBGene00014799.,0,13,13
WBGene00014800.,1,10,11
WBGene00014801.,39,538,577
WBGene00014803.,0,9,9
WBGene00014805.,1,1,2
WBGene00014806.,0,1,1
WBGene00014807.,1,5,6
WBGene00014809.,2,6,8
WBGene00014811.,1,58,59
WBGene00014813.,5,31,36
WBGene00014814.,0,21,21
WBGene00014817.,0,1,1
WBGene00014818.,0,3,3
WBGene00014819.,0,1,1
WBGene00014820.,37,52,89
WBGene00014821.,35,32,67
WBGene00014822.,13,3,16
WBGene00014824.,0,0,0
WBGene00014825.,2,3,5
WBGene00014826.,687,7517,8204
WBGene00014827.,1,1,2
WBGene00014828.,0,0,0
WBGene00014829.,0,0,0
WBGene00014832.,0,0,0
WBGene00014833.,3,2,5
WBGene00014834.,25,0,25
WBGene00014835.,1,10,11
WBGene00014836.,2,74,76
WBGene00014837.,1,7,8
WBGene00014838.,7,2,9
WBGene00014839.,0,0,0
WBGene00014841.,33,37,70
WBGene00014842.,0,6,6
WBGene00014843.,0,6,6
WBGene00014844.,4,0,4
WBGene00014845.,0,0,0
WBGene00014846.,2,1,3
WBGene00014848.,142,2081,2223
WBGene00014849.,0,0,0
WBGene00014850.,0,0,0
WBGene00014851.,3,4,7
WBGene00014852.,0,64,64
WBGene00014853.,0,0,0
WBGene00014854.,1,2,3
WBGene00014855.,0,0,0
WBGene00014856.,0,0,0
WBGene00014857.,0,0,0
WBGene00014858.,0,4,4
WBGene00014861.,0,13,13
WBGene00014862.,4,8,12
WBGene00014863.,1,0,1
WBGene00014864.,7,12,19
WBGene00014865.,0,1,1
WBGene00014866.,0,0,0
WBGene00014867.,0,0,0
WBGene00014868.,0,0,0
WBGene00014869.,0,0,0
WBGene00014870.,1,12,13
WBGene00014871.,0,34,34
WBGene00014872.,0,0,0
WBGene00014873.,0,0,0
WBGene00014874.,3,1,4
WBGene00014875.,0,2,2
WBGene00014876.,0,1,1
WBGene00014877.,0,0,0
WBGene00014878.,0,0,0
WBGene00014879.,0,2,2
WBGene00014880.,0,0,0
WBGene00014881.,0,3,3
WBGene00014882.,0,2,2
WBGene00014883.,0,1,1
WBGene00014884.,12,45,57
WBGene00014885.,0,1,1
WBGene00014886.,0,64,64
WBGene00014887.,0,2,2
WBGene00014888.,0,3,3
WBGene00014889.,0,0,0
WBGene00014890.,0,0,0
WBGene00014891.,0,0,0
WBGene00014892.,0,2,2
WBGene00014893.,0,0,0
WBGene00014894.,0,0,0
WBGene00014895.,0,0,0
WBGene00014896.,0,0,0
WBGene00014897.,0,0,0
WBGene00014898.,0,11,11
WBGene00014902.,0,0,0
WBGene00014903.,1,1,2
WBGene00014904.,10,23,33
WBGene00014905.,0,1,1
WBGene00014906.,2,3,5
WBGene00014907.,1,20,21
WBGene00014908.,0,0,0
WBGene00014909.,0,1,1
WBGene00014910.,0,0,0
WBGene00014911.,0,0,0
WBGene00014912.,0,0,0
WBGene00014914.,10,15,25
WBGene00014915.,11,98,109
WBGene00014916.,0,96,96
WBGene00014917.,4,30,34
WBGene00014918.,6,54,60
WBGene00014920.,5,6,11
WBGene00014921.,0,5,5
WBGene00014922.,0,1,1
WBGene00014923.,3,2,5
WBGene00014924.,2,3,5
WBGene00014925.,0,5,5
WBGene00014926.,5,0,5
WBGene00014927.,0,5,5
WBGene00014928.,0,0,0
WBGene00014929.,0,0,0
WBGene00014930.,0,0,0
WBGene00014931.,0,0,0
WBGene00014932.,0,0,0
WBGene00014933.,0,4,4
WBGene00014934.,0,2,2
WBGene00014935.,0,0,0
WBGene00014936.,0,3,3
WBGene00014937.,2,1,3
WBGene00014938.,170,2423,2593
WBGene00014939.,0,8,8
WBGene00014941.,8,94,102
WBGene00014943.,3,3,6
WBGene00014944.,0,18,18
WBGene00014945.,0,5,5
WBGene00014946.,0,10,10
WBGene00014947.,11,29,40
WBGene00014948.,2,2,4
WBGene00014949.,0,0,0
WBGene00014950.,0,0,0
WBGene00014951.,0,0,0
WBGene00014952.,0,4,4
WBGene00014953.,1,1,2
WBGene00014954.,0,5,5
WBGene00014955.,0,64,64
WBGene00014956.,0,4,4
WBGene00014957.,0,1,1
WBGene00014958.,0,3,3
WBGene00014961.,0,0,0
WBGene00014962.,0,0,0
WBGene00014963.,0,5,5
WBGene00014964.,0,2,2
WBGene00014965.,34,649,683
WBGene00014966.,0,3,3
WBGene00014967.,0,7,7
WBGene00014969.,0,1,1
WBGene00014970.,0,3,3
WBGene00014971.,0,0,0
WBGene00014972.,0,1,1
WBGene00014973.,0,5,5
WBGene00014974.,0,0,0
WBGene00014975.,27,247,274
WBGene00014976.,0,3,3
WBGene00014977.,1,24,25
WBGene00014978.,7,33,40
WBGene00014979.,1,12,13
WBGene00014980.,0,3,3
WBGene00014981.,0,2,2
WBGene00014983.,0,0,0
WBGene00014984.,0,2,2
WBGene00014987.,0,57,57
WBGene00014989.,337,1443,1780
WBGene00014990.,0,0,0
WBGene00014991.,0,36,36
WBGene00014992.,0,7,7
WBGene00014993.,0,0,0
WBGene00014994.,10,14,24
WBGene00014996.,1,6,7
WBGene00014997.,7,8,15
WBGene00014998.,29,149,178
WBGene00014999.,29,285,314
WBGene00015000.,29,86,115
WBGene00015001.,64,623,687
WBGene00015002.,30,135,165
WBGene00015003.,8,16,24
WBGene00015004.,1,12,13
WBGene00015005.,18,111,129
WBGene00015006.,7,23,30
WBGene00015007.,396,3508,3904
WBGene00015008.,20,317,337
WBGene00015009.,45,581,626
WBGene00015010.,59,436,495
WBGene00015011.,25,1024,1049
WBGene00015012.,3,24,27
WBGene00015013.,2,30,32
WBGene00015014.,4,54,58
WBGene00015015.,3,31,34
WBGene00015016.,5,52,57
WBGene00015017.,64,451,515
WBGene00015018.,2,13,15
WBGene00015019.,22,57,79
WBGene00015020.,0,11,11
WBGene00015021.,215,1825,2040
WBGene00015022.,459,2108,2567
WBGene00015023.,33,236,269
WBGene00015024.,2,8,10
WBGene00015025.,278,2629,2907
WBGene00015026.,3,3,6
WBGene00015027.,133,276,409
WBGene00015028.,18,63,81
WBGene00015029.,19,433,452
WBGene00015030.,7,13,20
WBGene00015032.,7,25,32
WBGene00015033.,133,220,353
WBGene00015034.,3,9,12
WBGene00015035.,19,75,94
WBGene00015036.,4,30,34
WBGene00015037.,38,96,134
WBGene00015038.,21,155,176
WBGene00015040.,5,19,24
WBGene00015041.,7,26,33
WBGene00015042.,4,11,15
WBGene00015043.,18,184,202
WBGene00015044.,4,134,138
WBGene00015045.,3,12,15
WBGene00015046.,18,158,176
WBGene00015047.,182,2482,2664
WBGene00015048.,22,579,601
WBGene00015049.,5,61,66
WBGene00015050.,27,104,131
WBGene00015051.,1,7,8
WBGene00015052.,4,56,60
WBGene00015053.,13,313,326
WBGene00015054.,9,9,18
WBGene00015055.,37,90,127
WBGene00015056.,18,111,129
WBGene00015057.,14,174,188
WBGene00015058.,0,20,20
WBGene00015059.,23,1112,1135
WBGene00015061.,2585,22870,25455
WBGene00015062.,15,118,133
WBGene00015063.,6,589,595
WBGene00015064.,163,1579,1742
WBGene00015065.,4,7,11
WBGene00015066.,8,27,35
WBGene00015067.,23,294,317
WBGene00015068.,0,1,1
WBGene00015069.,0,1,1
WBGene00015070.,1,10,11
WBGene00015071.,3,4,7
WBGene00015072.,10,22,32
WBGene00015073.,2,76,78
WBGene00015074.,38,1846,1884
WBGene00015075.,141,2924,3065
WBGene00015076.,9,782,791
WBGene00015077.,5,6,11
WBGene00015078.,0,1,1
WBGene00015079.,79,45,124
WBGene00015080.,6,11,17
WBGene00015081.,19,12,31
WBGene00015082.,6,14,20
WBGene00015083.,2,56,58
WBGene00015084.,2,4,6
WBGene00015085.,11,13,24
WBGene00015087.,11,35,46
WBGene00015088.,66,388,454
WBGene00015089.,2,12,14
WBGene00015091.,140,1165,1305
WBGene00015092.,197,3299,3496
WBGene00015093.,0,2,2
WBGene00015094.,10,19,29
WBGene00015095.,36,295,331
WBGene00015096.,207,1287,1494
WBGene00015097.,5,20,25
WBGene00015098.,4,42,46
WBGene00015099.,108,1295,1403
WBGene00015100.,3,3,6
WBGene00015101.,14,965,979
WBGene00015102.,1,27,28
WBGene00015103.,27,747,774
WBGene00015104.,30,1426,1456
WBGene00015105.,184,301,485
WBGene00015106.,9,14,23
WBGene00015107.,5,100,105
WBGene00015108.,0,0,0
WBGene00015110.,2,18,20
WBGene00015111.,0,4,4
WBGene00015112.,7,18,25
WBGene00015113.,1,25,26
WBGene00015114.,0,0,0
WBGene00015115.,315,1658,1973
WBGene00015116.,85,873,958
WBGene00015117.,23,1427,1450
WBGene00015118.,2,0,2
WBGene00015119.,1,8,9
WBGene00015121.,0,2,2
WBGene00015122.,7,387,394
WBGene00015124.,249,1464,1713
WBGene00015125.,82,2445,2527
WBGene00015126.,100,1021,1121
WBGene00015128.,45,797,842
WBGene00015129.,1,1,2
WBGene00015130.,30,434,464
WBGene00015131.,25,163,188
WBGene00015132.,23,187,210
WBGene00015133.,132,4700,4832
WBGene00015134.,13,144,157
WBGene00015135.,68,250,318
WBGene00015136.,13,60,73
WBGene00015137.,126,3534,3660
WBGene00015138.,29,149,178
WBGene00015139.,116,180,296
WBGene00015141.,55,487,542
WBGene00015142.,88,1516,1604
WBGene00015143.,31,1285,1316
WBGene00015145.,62,640,702
WBGene00015146.,53,749,802
WBGene00015147.,21,332,353
WBGene00015148.,113,4833,4946
WBGene00015149.,0,7,7
WBGene00015150.,4,191,195
WBGene00015151.,6,34,40
WBGene00015152.,217,291,508
WBGene00015153.,9,259,268
WBGene00015155.,266,956,1222
WBGene00015156.,442,1522,1964
WBGene00015157.,28,899,927
WBGene00015158.,90,788,878
WBGene00015159.,147,930,1077
WBGene00015160.,27,1205,1232
WBGene00015161.,28,346,374
WBGene00015162.,145,1075,1220
WBGene00015163.,8,1125,1133
WBGene00015164.,69,1168,1237
WBGene00015165.,11,16,27
WBGene00015167.,3,79,82
WBGene00015168.,100,13045,13145
WBGene00015169.,21,66,87
WBGene00015170.,0,1,1
WBGene00015171.,36,289,325
WBGene00015172.,3,399,402
WBGene00015173.,583,927,1510
WBGene00015175.,1,5,6
WBGene00015176.,98,1082,1180
WBGene00015177.,198,1727,1925
WBGene00015178.,1,2,3
WBGene00015179.,10,97,107
WBGene00015180.,0,6,6
WBGene00015181.,28,2236,2264
WBGene00015182.,6,14,20
WBGene00015183.,6,45,51
WBGene00015184.,67,782,849
WBGene00015185.,288,1853,2141
WBGene00015186.,94,1693,1787
WBGene00015188.,45,156,201
WBGene00015189.,27,84,111
WBGene00015190.,0,86,86
WBGene00015191.,37,206,243
WBGene00015192.,3,5,8
WBGene00015193.,0,1,1
WBGene00015194.,55,232,287
WBGene00015196.,11,50,61
WBGene00015197.,8,91,99
WBGene00015198.,4,8,12
WBGene00015199.,6,6,12
WBGene00015200.,27,347,374
WBGene00015202.,50,710,760
WBGene00015203.,147,1815,1962
WBGene00015204.,19,505,524
WBGene00015205.,215,2054,2269
WBGene00015206.,79,1465,1544
WBGene00015207.,294,1046,1340
WBGene00015208.,237,2345,2582
WBGene00015210.,25,113,138
WBGene00015211.,18,58,76
WBGene00015214.,2,36,38
WBGene00015215.,2,18,20
WBGene00015216.,56,403,459
WBGene00015217.,28,808,836
WBGene00015218.,18,101,119
WBGene00015219.,109,1070,1179
WBGene00015220.,2,79,81
WBGene00015221.,1,4,5
WBGene00015222.,2,1,3
WBGene00015223.,8,32,40
WBGene00015224.,1,2,3
WBGene00015225.,23,64,87
WBGene00015226.,4,16,20
WBGene00015227.,2,37,39
WBGene00015228.,6,3,9
WBGene00015229.,1,11,12
WBGene00015230.,0,2,2
WBGene00015231.,8,143,151
WBGene00015232.,556,5608,6164
WBGene00015233.,10,622,632
WBGene00015235.,0,434,434
WBGene00015236.,36,54,90
WBGene00015237.,159,1355,1514
WBGene00015238.,37,298,335
WBGene00015241.,15,1,16
WBGene00015242.,0,0,0
WBGene00015243.,27,22,49
WBGene00015244.,7,4,11
WBGene00015245.,84,910,994
WBGene00015246.,46,6,52
WBGene00015247.,0,17,17
WBGene00015248.,3297,26207,29504
WBGene00015249.,260,673,933
WBGene00015250.,202,355,557
WBGene00015251.,140,1290,1430
WBGene00015252.,1,10,11
WBGene00015253.,0,1,1
WBGene00015254.,0,0,0
WBGene00015255.,1,1,2
WBGene00015257.,9,2,11
WBGene00015258.,3,5,8
WBGene00015259.,2,14,16
WBGene00015260.,2,4,6
WBGene00015261.,0,25,25
WBGene00015262.,33,38,71
WBGene00015263.,198,574,772
WBGene00015264.,45,215,260
WBGene00015265.,4,10,14
WBGene00015266.,65,531,596
WBGene00015267.,59,587,646
WBGene00015268.,121,265,386
WBGene00015269.,0,0,0
WBGene00015270.,0,0,0
WBGene00015271.,0,0,0
WBGene00015272.,0,0,0
WBGene00015273.,160,0,160
WBGene00015277.,0,0,0
WBGene00015278.,42,273,315
WBGene00015279.,5,17,22
WBGene00015280.,26,95,121
WBGene00015281.,65,654,719
WBGene00015282.,196,1582,1778
WBGene00015283.,74,832,906
WBGene00015284.,14,37,51
WBGene00015285.,169,1152,1321
WBGene00015286.,11,44,55
WBGene00015287.,4,59,63
WBGene00015288.,2,5,7
WBGene00015291.,46,347,393
WBGene00015292.,8,36,44
WBGene00015293.,351,2307,2658
WBGene00015294.,40,288,328
WBGene00015295.,53,603,656
WBGene00015296.,148,1907,2055
WBGene00015297.,123,1747,1870
WBGene00015298.,29,1072,1101
WBGene00015299.,42,216,258
WBGene00015300.,14,49,63
WBGene00015301.,156,767,923
WBGene00015303.,354,815,1169
WBGene00015305.,3,2,5
WBGene00015306.,1,6,7
WBGene00015307.,37,182,219
WBGene00015308.,43,757,800
WBGene00015309.,52,81,133
WBGene00015310.,33,327,360
WBGene00015311.,4,42,46
WBGene00015312.,1,51,52
WBGene00015313.,18,324,342
WBGene00015315.,1,0,1
WBGene00015316.,7,0,7
WBGene00015317.,1,5,6
WBGene00015318.,0,1,1
WBGene00015320.,0,29,29
WBGene00015321.,0,1,1
WBGene00015322.,19,1032,1051
WBGene00015323.,24,19,43
WBGene00015324.,16,245,261
WBGene00015325.,0,0,0
WBGene00015326.,43,3650,3693
WBGene00015327.,13,452,465
WBGene00015328.,465,1996,2461
WBGene00015329.,78,2592,2670
WBGene00015330.,82,1032,1114
WBGene00015331.,0,0,0
WBGene00015332.,25,331,356
WBGene00015333.,7,32,39
WBGene00015334.,55,241,296
WBGene00015335.,13,85,98
WBGene00015336.,22,933,955
WBGene00015337.,1,5,6
WBGene00015338.,1,4,5
WBGene00015339.,24,315,339
WBGene00015340.,9,48,57
WBGene00015341.,0,1,1
WBGene00015342.,0,0,0
WBGene00015344.,95,2427,2522
WBGene00015345.,6,5,11
WBGene00015346.,65,2282,2347
WBGene00015347.,71,561,632
WBGene00015348.,2,10,12
WBGene00015349.,127,414,541
WBGene00015350.,32,1553,1585
WBGene00015351.,3,34,37
WBGene00015352.,129,1252,1381
WBGene00015353.,13,192,205
WBGene00015354.,434,15770,16204
WBGene00015355.,5,36,41
WBGene00015356.,544,6135,6679
WBGene00015357.,10,148,158
WBGene00015359.,5,75,80
WBGene00015360.,1,4,5
WBGene00015361.,18,16,34
WBGene00015362.,27,252,279
WBGene00015364.,49,101,150
WBGene00015366.,2,2,4
WBGene00015367.,3,7,10
WBGene00015368.,18,16,34
WBGene00015369.,0,19,19
WBGene00015371.,14,3,17
WBGene00015372.,1,4,5
WBGene00015373.,10,79,89
WBGene00015374.,1,9,10
WBGene00015375.,5,17,22
WBGene00015376.,1,20,21
WBGene00015377.,10,94,104
WBGene00015378.,24,126,150
WBGene00015379.,0,4,4
WBGene00015380.,0,5,5
WBGene00015381.,7,37,44
WBGene00015382.,7,23,30
WBGene00015385.,0,22,22
WBGene00015386.,98,30,128
WBGene00015387.,56,124,180
WBGene00015388.,9,6,15
WBGene00015389.,21,187,208
WBGene00015390.,53,352,405
WBGene00015391.,164,5119,5283
WBGene00015392.,0,161,161
WBGene00015393.,361,4061,4422
WBGene00015394.,2,0,2
WBGene00015395.,10,23,33
WBGene00015396.,4,86,90
WBGene00015397.,0,5,5
WBGene00015398.,2,1010,1012
WBGene00015399.,3,2,5
WBGene00015400.,19,95,114
WBGene00015401.,5,16,21
WBGene00015402.,80,531,611
WBGene00015403.,2,93,95
WBGene00015404.,71,1214,1285
WBGene00015405.,98,1496,1594
WBGene00015406.,0,5,5
WBGene00015407.,29,929,958
WBGene00015408.,18,380,398
WBGene00015409.,6,53,59
WBGene00015410.,145,505,650
WBGene00015411.,3,6,9
WBGene00015412.,7,43,50
WBGene00015413.,208,5479,5687
WBGene00015414.,0,8,8
WBGene00015416.,11,78,89
WBGene00015417.,1,1,2
WBGene00015418.,890,4257,5147
WBGene00015419.,7,9,16
WBGene00015421.,4,9,13
WBGene00015422.,8,20,28
WBGene00015423.,13,506,519
WBGene00015424.,58,667,725
WBGene00015425.,146,1168,1314
WBGene00015426.,3,15,18
WBGene00015427.,97,1022,1119
WBGene00015428.,10,4,14
WBGene00015429.,52,555,607
WBGene00015430.,215,848,1063
WBGene00015432.,0,2,2
WBGene00015433.,9,93,102
WBGene00015434.,77,348,425
WBGene00015435.,1,1,2
WBGene00015436.,1,2,3
WBGene00015437.,5,29,34
WBGene00015438.,12,5,17
WBGene00015439.,6,1,7
WBGene00015440.,8,80,88
WBGene00015441.,4,16,20
WBGene00015442.,5,5,10
WBGene00015444.,28,25,53
WBGene00015446.,1,7,8
WBGene00015447.,6,10,16
WBGene00015448.,3,20,23
WBGene00015449.,5,167,172
WBGene00015450.,14,602,616
WBGene00015451.,47,324,371
WBGene00015453.,2,13,15
WBGene00015454.,14,444,458
WBGene00015455.,775,922,1697
WBGene00015456.,0,15,15
WBGene00015457.,50,1497,1547
WBGene00015458.,23,924,947
WBGene00015459.,1,0,1
WBGene00015460.,4,403,407
WBGene00015461.,150,2559,2709
WBGene00015462.,10,254,264
WBGene00015463.,3,329,332
WBGene00015464.,48,1422,1470
WBGene00015465.,16,23,39
WBGene00015466.,8,538,546
WBGene00015467.,5,13,18
WBGene00015468.,68,409,477
WBGene00015469.,19,165,184
WBGene00015470.,25,872,897
WBGene00015471.,42,179,221
WBGene00015472.,71,1158,1229
WBGene00015473.,86,125,211
WBGene00015474.,38,1128,1166
WBGene00015476.,31,128,159
WBGene00015477.,169,3389,3558
WBGene00015478.,71,536,607
WBGene00015479.,5,33,38
WBGene00015480.,88,370,458
WBGene00015481.,86,2773,2859
WBGene00015483.,55,568,623
WBGene00015484.,38,1311,1349
WBGene00015485.,27,545,572
WBGene00015486.,72,609,681
WBGene00015487.,32,3460,3492
WBGene00015488.,269,812,1081
WBGene00015489.,6,8,14
WBGene00015491.,0,2,2
WBGene00015492.,8,536,544
WBGene00015493.,5,7,12
WBGene00015494.,117,624,741
WBGene00015495.,1,153,154
WBGene00015496.,11,23,34
WBGene00015497.,28,26,54
WBGene00015499.,104,835,939
WBGene00015500.,14,74,88
WBGene00015501.,140,1653,1793
WBGene00015504.,71,290,361
WBGene00015505.,12,81,93
WBGene00015507.,184,889,1073
WBGene00015508.,57,755,812
WBGene00015509.,130,566,696
WBGene00015510.,53,1587,1640
WBGene00015511.,5,51,56
WBGene00015512.,174,2544,2718
WBGene00015513.,36,574,610
WBGene00015514.,1062,18432,19494
WBGene00015515.,44,607,651
WBGene00015516.,2,29,31
WBGene00015517.,184,1177,1361
WBGene00015518.,0,75,75
WBGene00015519.,6,118,124
WBGene00015520.,0,32,32
WBGene00015521.,0,0,0
WBGene00015522.,7,42,49
WBGene00015523.,20,255,275
WBGene00015524.,32,436,468
WBGene00015525.,114,1546,1660
WBGene00015526.,1,46,47
WBGene00015527.,12,246,258
WBGene00015528.,7,17,24
WBGene00015529.,13,104,117
WBGene00015530.,0,2,2
WBGene00015531.,70,687,757
WBGene00015532.,3,50,53
WBGene00015533.,0,0,0
WBGene00015534.,1,7,8
WBGene00015535.,3,25,28
WBGene00015536.,31,405,436
WBGene00015537.,14,45,59
WBGene00015538.,7,3237,3244
WBGene00015539.,70,882,952
WBGene00015540.,6,1807,1813
WBGene00015541.,49,351,400
WBGene00015544.,33,46,79
WBGene00015545.,19,179,198
WBGene00015546.,0,52,52
WBGene00015547.,94,2490,2584
WBGene00015549.,19,84,103
WBGene00015550.,5,40,45
WBGene00015551.,468,3539,4007
WBGene00015552.,21,1201,1222
WBGene00015553.,306,2617,2923
WBGene00015554.,27,330,357
WBGene00015555.,284,1465,1749
WBGene00015557.,24,189,213
WBGene00015558.,4,12,16
WBGene00015559.,111,421,532
WBGene00015560.,28,720,748
WBGene00015561.,213,1345,1558
WBGene00015562.,5,44,49
WBGene00015564.,1,0,1
WBGene00015565.,216,2389,2605
WBGene00015566.,27,220,247
WBGene00015567.,45,579,624
WBGene00015568.,17,95,112
WBGene00015569.,16,359,375
WBGene00015570.,12,51,63
WBGene00015572.,6,3,9
WBGene00015573.,2,2,4
WBGene00015574.,1,23,24
WBGene00015575.,2,2,4
WBGene00015576.,11,143,154
WBGene00015577.,20,248,268
WBGene00015578.,0,1364,1364
WBGene00015579.,0,1470,1470
WBGene00015580.,266,1187,1453
WBGene00015581.,310,2684,2994
WBGene00015582.,7,46,53
WBGene00015583.,4,1,5
WBGene00015586.,4,129,133
WBGene00015587.,0,2,2
WBGene00015588.,0,15,15
WBGene00015589.,0,19,19
WBGene00015590.,13,182,195
WBGene00015591.,14,364,378
WBGene00015592.,75,57,132
WBGene00015593.,1,95,96
WBGene00015594.,0,2,2
WBGene00015595.,3,0,3
WBGene00015596.,0,0,0
WBGene00015597.,0,3,3
WBGene00015598.,1,7,8
WBGene00015599.,0,1,1
WBGene00015600.,0,0,0
WBGene00015601.,7,11,18
WBGene00015602.,1,4,5
WBGene00015603.,0,0,0
WBGene00015604.,0,0,0
WBGene00015605.,43,480,523
WBGene00015606.,5,2,7
WBGene00015607.,0,4,4
WBGene00015608.,10,72,82
WBGene00015609.,7,122,129
WBGene00015610.,0,5,5
WBGene00015611.,0,198,198
WBGene00015613.,0,3,3
WBGene00015614.,8,7,15
WBGene00015615.,0,24,24
WBGene00015616.,9,6,15
WBGene00015618.,44,112,156
WBGene00015619.,439,3445,3884
WBGene00015620.,25,135,160
WBGene00015621.,52,472,524
WBGene00015622.,4,11,15
WBGene00015623.,291,6224,6515
WBGene00015624.,9,100,109
WBGene00015625.,19,82,101
WBGene00015626.,16,79,95
WBGene00015627.,0,0,0
WBGene00015628.,4,1,5
WBGene00015629.,4,9,13
WBGene00015630.,17,8,25
WBGene00015631.,6,67,73
WBGene00015632.,142,1451,1593
WBGene00015633.,164,1083,1247
WBGene00015634.,5,15,20
WBGene00015635.,62,657,719
WBGene00015636.,0,0,0
WBGene00015637.,2,3,5
WBGene00015638.,24,269,293
WBGene00015639.,14,15,29
WBGene00015640.,41,234,275
WBGene00015641.,41,572,613
WBGene00015642.,53,234,287
WBGene00015644.,64,563,627
WBGene00015645.,4,37,41
WBGene00015646.,17,98,115
WBGene00015647.,69,549,618
WBGene00015648.,210,626,836
WBGene00015649.,19,59,78
WBGene00015650.,491,1242,1733
WBGene00015651.,194,108,302
WBGene00015652.,1,2,3
WBGene00015653.,0,0,0
WBGene00015654.,2,1,3
WBGene00015655.,0,1,1
WBGene00015656.,9,2,11
WBGene00015658.,210,740,950
WBGene00015660.,6,48,54
WBGene00015661.,0,1,1
WBGene00015662.,0,5,5
WBGene00015663.,4,3,7
WBGene00015664.,7,100,107
WBGene00015665.,4,25,29
WBGene00015666.,34,121,155
WBGene00015667.,1,11,12
WBGene00015668.,4,9,13
WBGene00015670.,9,65,74
WBGene00015671.,11,460,471
WBGene00015672.,7,37,44
WBGene00015673.,73,381,454
WBGene00015675.,66,315,381
WBGene00015676.,22,980,1002
WBGene00015677.,19,100,119
WBGene00015678.,411,1330,1741
WBGene00015679.,14,76,90
WBGene00015680.,95,1731,1826
WBGene00015681.,2,1,3
WBGene00015682.,10,7,17
WBGene00015683.,3,12,15
WBGene00015684.,191,2702,2893
WBGene00015685.,5,4,9
WBGene00015686.,70,130,200
WBGene00015687.,119,8771,8890
WBGene00015688.,1,1,2
WBGene00015689.,0,5,5
WBGene00015690.,5,4,9
WBGene00015691.,97,612,709
WBGene00015692.,21,172,193
WBGene00015693.,19,172,191
WBGene00015694.,9,11,20
WBGene00015695.,54,524,578
WBGene00015696.,1,9,10
WBGene00015697.,12,219,231
WBGene00015698.,0,48,48
WBGene00015700.,21,41,62
WBGene00015701.,16,66,82
WBGene00015702.,11,421,432
WBGene00015703.,6,1452,1458
WBGene00015704.,153,339,492
WBGene00015705.,4,34,38
WBGene00015706.,8,409,417
WBGene00015707.,1,48,49
WBGene00015708.,22,276,298
WBGene00015709.,10,186,196
WBGene00015710.,22,793,815
WBGene00015711.,5,181,186
WBGene00015712.,2,2,4
WBGene00015713.,15,335,350
WBGene00015714.,6,56,62
WBGene00015716.,13,231,244
WBGene00015718.,3,2,5
WBGene00015719.,1,2,3
WBGene00015720.,6,26,32
WBGene00015721.,0,0,0
WBGene00015722.,6,3,9
WBGene00015723.,4,1,5
WBGene00015724.,1,0,1
WBGene00015725.,3,0,3
WBGene00015726.,1,0,1
WBGene00015727.,0,2,2
WBGene00015728.,14,56,70
WBGene00015729.,29,1110,1139
WBGene00015730.,0,0,0
WBGene00015731.,0,0,0
WBGene00015733.,22,64,86
WBGene00015734.,43,2688,2731
WBGene00015735.,909,2448,3357
WBGene00015736.,1,20,21
WBGene00015737.,0,4,4
WBGene00015738.,1,2,3
WBGene00015739.,11,28,39
WBGene00015740.,74,1221,1295
WBGene00015741.,274,1994,2268
WBGene00015742.,68,408,476
WBGene00015743.,98,1192,1290
WBGene00015744.,89,220,309
WBGene00015745.,15,191,206
WBGene00015746.,21,998,1019
WBGene00015747.,36,180,216
WBGene00015748.,18,190,208
WBGene00015750.,31,151,182
WBGene00015751.,55,190,245
WBGene00015752.,67,2340,2407
WBGene00015753.,27,152,179
WBGene00015754.,101,1387,1488
WBGene00015755.,1368,21035,22403
WBGene00015756.,20,191,211
WBGene00015757.,3,4,7
WBGene00015758.,4,7,11
WBGene00015759.,94,758,852
WBGene00015760.,6,4,10
WBGene00015761.,3,2,5
WBGene00015762.,2,2,4
WBGene00015763.,3,28,31
WBGene00015764.,18,2,20
WBGene00015765.,5,2,7
WBGene00015766.,1,25,26
WBGene00015767.,87,701,788
WBGene00015768.,7,33,40
WBGene00015769.,10,535,545
WBGene00015770.,0,2,2
WBGene00015771.,0,2,2
WBGene00015772.,0,1,1
WBGene00015773.,2,3,5
WBGene00015774.,3,2,5
WBGene00015775.,10,14,24
WBGene00015776.,52,1516,1568
WBGene00015777.,68,1277,1345
WBGene00015778.,27,12409,12436
WBGene00015779.,229,1089,1318
WBGene00015780.,2,26,28
WBGene00015781.,83,666,749
WBGene00015782.,13,178,191
WBGene00015783.,5,80,85
WBGene00015784.,5,16,21
WBGene00015785.,0,1,1
WBGene00015786.,233,1515,1748
WBGene00015787.,39,233,272
WBGene00015788.,12,146,158
WBGene00015789.,2,218,220
WBGene00015790.,322,1147,1469
WBGene00015791.,35,2544,2579
WBGene00015792.,21,38,59
WBGene00015793.,16,205,221
WBGene00015794.,18,70,88
WBGene00015795.,66,537,603
WBGene00015796.,362,1122,1484
WBGene00015797.,17,71,88
WBGene00015798.,15,64,79
WBGene00015799.,18,80,98
WBGene00015800.,465,778,1243
WBGene00015801.,146,944,1090
WBGene00015802.,162,705,867
WBGene00015803.,2041,14246,16287
WBGene00015805.,285,4990,5275
WBGene00015806.,35,561,596
WBGene00015807.,18,182,200
WBGene00015809.,245,3224,3469
WBGene00015810.,6,5414,5420
WBGene00015811.,93,5102,5195
WBGene00015813.,428,4339,4767
WBGene00015814.,156,3148,3304
WBGene00015815.,83,447,530
WBGene00015816.,9,87,96
WBGene00015817.,128,1129,1257
WBGene00015818.,3,89,92
WBGene00015819.,0,68,68
WBGene00015820.,3,12,15
WBGene00015821.,4,7,11
WBGene00015822.,55,66,121
WBGene00015823.,0,5581,5581
WBGene00015824.,7,208,215
WBGene00015825.,0,1,1
WBGene00015826.,2,1,3
WBGene00015827.,0,2,2
WBGene00015828.,1,5,6
WBGene00015829.,1,4,5
WBGene00015830.,0,1,1
WBGene00015832.,2,3,5
WBGene00015833.,2,2,4
WBGene00015834.,0,2,2
WBGene00015835.,1,5,6
WBGene00015836.,1,2,3
WBGene00015837.,2,0,2
WBGene00015838.,0,4,4
WBGene00015839.,0,1,1
WBGene00015840.,2,0,2
WBGene00015841.,13,24,37
WBGene00015842.,6,50,56
WBGene00015843.,34,88,122
WBGene00015845.,2,1,3
WBGene00015846.,0,0,0
WBGene00015847.,0,2,2
WBGene00015848.,0,0,0
WBGene00015849.,4,90,94
WBGene00015850.,3,33,36
WBGene00015851.,19,11,30
WBGene00015852.,0,37,37
WBGene00015853.,34,242,276
WBGene00015854.,1,3,4
WBGene00015855.,0,16,16
WBGene00015856.,1,3,4
WBGene00015857.,69,787,856
WBGene00015858.,1,9,10
WBGene00015859.,16,43,59
WBGene00015860.,21,93,114
WBGene00015861.,37,251,288
WBGene00015862.,10,45,55
WBGene00015863.,7,7,14
WBGene00015864.,30,341,371
WBGene00015865.,48,808,856
WBGene00015866.,32,407,439
WBGene00015867.,46,158,204
WBGene00015868.,711,1577,2288
WBGene00015869.,1,4,5
WBGene00015870.,1,1,2
WBGene00015871.,1,2,3
WBGene00015872.,1,0,1
WBGene00015873.,1,1,2
WBGene00015874.,1,0,1
WBGene00015875.,2,2,4
WBGene00015876.,3,7,10
WBGene00015877.,1,1,2
WBGene00015878.,0,4,4
WBGene00015879.,5,1,6
WBGene00015882.,3,0,3
WBGene00015883.,1,1,2
WBGene00015884.,5,5,10
WBGene00015885.,5,400,405
WBGene00015886.,0,4,4
WBGene00015887.,29,1180,1209
WBGene00015888.,0,0,0
WBGene00015889.,4,14,18
WBGene00015890.,4,37,41
WBGene00015891.,11,17,28
WBGene00015892.,0,0,0
WBGene00015893.,0,4,4
WBGene00015894.,344,7166,7510
WBGene00015895.,0,0,0
WBGene00015896.,0,46,46
WBGene00015897.,48,229,277
WBGene00015898.,9,6,15
WBGene00015899.,2,2,4
WBGene00015900.,19,77,96
WBGene00015901.,48,172,220
WBGene00015902.,15,22,37
WBGene00015903.,2,5,7
WBGene00015904.,1,1,2
WBGene00015905.,3,0,3
WBGene00015906.,2,7,9
WBGene00015907.,0,1,1
WBGene00015908.,9,25,34
WBGene00015909.,0,0,0
WBGene00015910.,1,12,13
WBGene00015911.,3,4,7
WBGene00015912.,0,26,26
WBGene00015913.,604,3305,3909
WBGene00015914.,49,67,116
WBGene00015915.,83,655,738
WBGene00015916.,135,1510,1645
WBGene00015917.,8,11,19
WBGene00015918.,37,94,131
WBGene00015919.,7,277,284
WBGene00015920.,67,4657,4724
WBGene00015921.,105,339,444
WBGene00015922.,33,288,321
WBGene00015924.,4,3,7
WBGene00015925.,92,134,226
WBGene00015926.,406,1235,1641
WBGene00015927.,279,2160,2439
WBGene00015928.,169,529,698
WBGene00015929.,7,13,20
WBGene00015930.,14,161,175
WBGene00015931.,3,13,16
WBGene00015932.,5,15,20
WBGene00015933.,28,298,326
WBGene00015934.,48,720,768
WBGene00015935.,185,714,899
WBGene00015936.,57,99,156
WBGene00015937.,9,29,38
WBGene00015938.,224,1490,1714
WBGene00015939.,11,69,80
WBGene00015940.,15,454,469
WBGene00015941.,312,2734,3046
WBGene00015942.,76,1055,1131
WBGene00015943.,58,3491,3549
WBGene00015944.,0,15,15
WBGene00015945.,202,363,565
WBGene00015946.,15,101,116
WBGene00015947.,88,752,840
WBGene00015948.,188,1463,1651
WBGene00015949.,23,121,144
WBGene00015950.,16,28,44
WBGene00015952.,32,393,425
WBGene00015953.,45,193,238
WBGene00015954.,1435,12135,13570
WBGene00015955.,23,1442,1465
WBGene00015956.,68,467,535
WBGene00015957.,24,83,107
WBGene00015958.,1,1,2
WBGene00015959.,0,0,0
WBGene00015960.,0,1,1
WBGene00015961.,1,0,1
WBGene00015962.,1,1,2
WBGene00015963.,17,105,122
WBGene00015964.,83,59,142
WBGene00015965.,22,216,238
WBGene00015968.,269,994,1263
WBGene00015969.,62,313,375
WBGene00015970.,0,17,17
WBGene00015971.,188,920,1108
WBGene00015972.,79,558,637
WBGene00015974.,161,140,301
WBGene00015975.,10,487,497
WBGene00015976.,45,398,443
WBGene00015977.,10,66,76
WBGene00015978.,34,1029,1063
WBGene00015979.,1,0,1
WBGene00015980.,124,1026,1150
WBGene00015981.,53,62,115
WBGene00015982.,10,1,11
WBGene00015984.,8,28,36
WBGene00015985.,9,14,23
WBGene00015986.,9,17,26
WBGene00015987.,0,0,0
WBGene00015988.,3,13,16
WBGene00015989.,5,153,158
WBGene00015990.,4,8,12
WBGene00015991.,3,7,10
WBGene00015992.,5,10,15
WBGene00015993.,52,97,149
WBGene00015994.,8,2,10
WBGene00015996.,8,101,109
WBGene00015997.,0,1,1
WBGene00015998.,15,20,35
WBGene00015999.,11,57,68
WBGene00016000.,15,26,41
WBGene00016002.,239,2103,2342
WBGene00016003.,37,34,71
WBGene00016004.,14,305,319
WBGene00016005.,49,429,478
WBGene00016006.,571,5069,5640
WBGene00016008.,10,10,20
WBGene00016009.,42,1026,1068
WBGene00016010.,29,12,41
WBGene00016011.,592,3525,4117
WBGene00016012.,15,230,245
WBGene00016013.,15,104,119
WBGene00016014.,40,1044,1084
WBGene00016015.,125,1943,2068
WBGene00016016.,6,37,43
WBGene00016017.,5,37,42
WBGene00016018.,103,660,763
WBGene00016019.,18,611,629
WBGene00016020.,117,1089,1206
WBGene00016021.,84,694,778
WBGene00016022.,22,607,629
WBGene00016023.,5,63,68
WBGene00016024.,87,712,799
WBGene00016025.,13,170,183
WBGene00016027.,71,347,418
WBGene00016028.,111,4036,4147
WBGene00016029.,151,29,180
WBGene00016030.,15,355,370
WBGene00016032.,102,60,162
WBGene00016033.,47,15161,15208
WBGene00016034.,20,109,129
WBGene00016037.,97,61,158
WBGene00016038.,7,230,237
WBGene00016039.,0,62,62
WBGene00016040.,1,12,13
WBGene00016044.,328,557,885
WBGene00016045.,71,781,852
WBGene00016046.,0,44,44
WBGene00016047.,2,3,5
WBGene00016048.,22,331,353
WBGene00016049.,3,7,10
WBGene00016050.,1,1,2
WBGene00016051.,1,0,1
WBGene00016052.,5,119,124
WBGene00016053.,7,19,26
WBGene00016054.,9,3,12
WBGene00016055.,54,782,836
WBGene00016056.,2,21,23
WBGene00016057.,134,2900,3034
WBGene00016058.,0,2,2
WBGene00016059.,144,707,851
WBGene00016060.,179,857,1036
WBGene00016061.,28,303,331
WBGene00016062.,12,3128,3140
WBGene00016063.,1,6,7
WBGene00016064.,11,42,53
WBGene00016066.,38,94,132
WBGene00016067.,62,445,507
WBGene00016068.,48,347,395
WBGene00016069.,5,155,160
WBGene00016070.,2,9,11
WBGene00016071.,11,60,71
WBGene00016072.,27,90,117
WBGene00016073.,174,3630,3804
WBGene00016074.,31,273,304
WBGene00016075.,7,4,11
WBGene00016076.,0,0,0
WBGene00016077.,7,2,9
WBGene00016078.,3,1,4
WBGene00016080.,3,9,12
WBGene00016081.,77,446,523
WBGene00016082.,0,2,2
WBGene00016083.,1,0,1
WBGene00016084.,4,2,6
WBGene00016085.,7,15,22
WBGene00016087.,11,154,165
WBGene00016088.,16,33,49
WBGene00016089.,15,45,60
WBGene00016090.,76,78,154
WBGene00016091.,4,43,47
WBGene00016092.,4,16,20
WBGene00016093.,47,403,450
WBGene00016094.,43,260,303
WBGene00016095.,35,307,342
WBGene00016096.,2,151,153
WBGene00016097.,25,960,985
WBGene00016099.,48,341,389
WBGene00016100.,5,190,195
WBGene00016101.,12,236,248
WBGene00016102.,12,361,373
WBGene00016103.,201,2904,3105
WBGene00016104.,67,381,448
WBGene00016105.,0,20,20
WBGene00016106.,9,125,134
WBGene00016107.,17,65,82
WBGene00016108.,39,68,107
WBGene00016109.,62,468,530
WBGene00016110.,17,169,186
WBGene00016111.,15,493,508
WBGene00016112.,5,194,199
WBGene00016113.,46,1026,1072
WBGene00016114.,159,3226,3385
WBGene00016115.,1071,11591,12662
WBGene00016116.,155,1238,1393
WBGene00016118.,827,11271,12098
WBGene00016119.,148,1747,1895
WBGene00016120.,230,1731,1961
WBGene00016121.,100,1051,1151
WBGene00016123.,56,317,373
WBGene00016124.,44,664,708
WBGene00016125.,5,36,41
WBGene00016126.,31,173,204
WBGene00016128.,12,575,587
WBGene00016129.,80,2061,2141
WBGene00016130.,38,442,480
WBGene00016131.,41,240,281
WBGene00016132.,3,4,7
WBGene00016133.,27,344,371
WBGene00016134.,48,282,330
WBGene00016135.,26,151,177
WBGene00016136.,4,4,8
WBGene00016137.,1,7,8
WBGene00016138.,78,1016,1094
WBGene00016139.,51,418,469
WBGene00016140.,61,2140,2201
WBGene00016142.,66,2695,2761
WBGene00016143.,144,1185,1329
WBGene00016144.,122,984,1106
WBGene00016145.,45,1106,1151
WBGene00016146.,11,56,67
WBGene00016147.,6,42,48
WBGene00016148.,110,845,955
WBGene00016149.,34,302,336
WBGene00016150.,67,708,775
WBGene00016151.,115,941,1056
WBGene00016152.,39,418,457
WBGene00016153.,14,1783,1797
WBGene00016154.,84,750,834
WBGene00016155.,2,28,30
WBGene00016156.,9,260,269
WBGene00016157.,136,701,837
WBGene00016158.,82,837,919
WBGene00016159.,66,258,324
WBGene00016160.,13,2,15
WBGene00016161.,2,0,2
WBGene00016162.,281,2319,2600
WBGene00016163.,6,39,45
WBGene00016164.,1,4,5
WBGene00016165.,187,324,511
WBGene00016166.,78,1669,1747
WBGene00016167.,65,955,1020
WBGene00016168.,1,3,4
WBGene00016169.,74,53,127
WBGene00016170.,135,1564,1699
WBGene00016171.,111,709,820
WBGene00016172.,229,803,1032
WBGene00016173.,420,5347,5767
WBGene00016174.,42,165,207
WBGene00016175.,32,151,183
WBGene00016177.,3,19,22
WBGene00016178.,10,76,86
WBGene00016179.,1,13,14
WBGene00016180.,4,281,285
WBGene00016181.,3,65,68
WBGene00016182.,31,365,396
WBGene00016183.,5,2,7
WBGene00016184.,139,661,800
WBGene00016185.,0,2,2
WBGene00016187.,11,136,147
WBGene00016188.,119,965,1084
WBGene00016189.,5,22,27
WBGene00016190.,9,357,366
WBGene00016191.,8,35,43
WBGene00016192.,7,1070,1077
WBGene00016193.,41,16,57
WBGene00016194.,110,6916,7026
WBGene00016195.,5,2929,2934
WBGene00016196.,9,4,13
WBGene00016197.,919,2704,3623
WBGene00016198.,5,15,20
WBGene00016199.,10,40,50
WBGene00016200.,85,1174,1259
WBGene00016201.,26,1017,1043
WBGene00016202.,29,828,857
WBGene00016203.,142,592,734
WBGene00016204.,18,172,190
WBGene00016206.,20,23,43
WBGene00016207.,57,355,412
WBGene00016208.,2,504,506
WBGene00016209.,237,3717,3954
WBGene00016210.,293,6373,6666
WBGene00016211.,60,274,334
WBGene00016212.,17,169,186
WBGene00016213.,1,0,1
WBGene00016215.,27,1067,1094
WBGene00016216.,41,487,528
WBGene00016217.,2,26,28
WBGene00016218.,9,26,35
WBGene00016219.,18,28,46
WBGene00016220.,0,7,7
WBGene00016221.,34,315,349
WBGene00016222.,0,0,0
WBGene00016223.,0,0,0
WBGene00016224.,1,7,8
WBGene00016225.,0,0,0
WBGene00016226.,0,4,4
WBGene00016227.,0,1,1
WBGene00016230.,1,3,4
WBGene00016231.,4,2,6
WBGene00016232.,4,17,21
WBGene00016233.,2,20,22
WBGene00016234.,39,155,194
WBGene00016235.,6,1655,1661
WBGene00016236.,8,90,98
WBGene00016237.,55,1105,1160
WBGene00016238.,17,1261,1278
WBGene00016239.,6,183,189
WBGene00016242.,8,57,65
WBGene00016244.,216,1880,2096
WBGene00016245.,37,853,890
WBGene00016246.,65,326,391
WBGene00016247.,6,37,43
WBGene00016248.,26,372,398
WBGene00016249.,243,2452,2695
WBGene00016250.,93,7693,7786
WBGene00016253.,10,67,77
WBGene00016254.,0,30,30
WBGene00016255.,8,30,38
WBGene00016257.,6,13,19
WBGene00016258.,111,5042,5153
WBGene00016259.,25,30,55
WBGene00016260.,51,365,416
WBGene00016261.,34,501,535
WBGene00016262.,31,225,256
WBGene00016263.,2,52,54
WBGene00016264.,282,2467,2749
WBGene00016265.,10,149,159
WBGene00016266.,722,4663,5385
WBGene00016268.,9,41,50
WBGene00016269.,489,1855,2344
WBGene00016271.,12577,10,12587
WBGene00016273.,4,13,17
WBGene00016274.,3,35,38
WBGene00016276.,16,108,124
WBGene00016277.,15,90,105
WBGene00016278.,127,1076,1203
WBGene00016279.,0,8,8
WBGene00016280.,4,1,5
WBGene00016281.,3,3,6
WBGene00016282.,11,205,216
WBGene00016283.,20,104,124
WBGene00016284.,4,0,4
WBGene00016285.,3,1,4
WBGene00016286.,9,14,23
WBGene00016287.,2,1,3
WBGene00016288.,7,14,21
WBGene00016289.,2775,8228,11003
WBGene00016291.,2,49,51
WBGene00016292.,249,1045,1294
WBGene00016293.,53,408,461
WBGene00016294.,37,98,135
WBGene00016295.,16,106,122
WBGene00016296.,0,1,1
WBGene00016297.,0,3,3
WBGene00016298.,0,5,5
WBGene00016299.,7,2,9
WBGene00016300.,1,1,2
WBGene00016301.,7,39,46
WBGene00016302.,3,22,25
WBGene00016303.,3,24,27
WBGene00016304.,17,134,151
WBGene00016305.,10,77,87
WBGene00016306.,1,2,3
WBGene00016307.,1,2,3
WBGene00016308.,3,6,9
WBGene00016309.,3,5,8
WBGene00016310.,39,342,381
WBGene00016311.,60,1322,1382
WBGene00016312.,2,10,12
WBGene00016313.,12,550,562
WBGene00016314.,14,189,203
WBGene00016315.,46,578,624
WBGene00016316.,217,5291,5508
WBGene00016317.,23,409,432
WBGene00016318.,82,925,1007
WBGene00016319.,28,282,310
WBGene00016320.,1,3,4
WBGene00016321.,429,3111,3540
WBGene00016322.,0,0,0
WBGene00016323.,168,1110,1278
WBGene00016324.,55,144,199
WBGene00016325.,163,1938,2101
WBGene00016326.,164,1860,2024
WBGene00016327.,4,4,8
WBGene00016328.,27,147,174
WBGene00016329.,1,11,12
WBGene00016330.,160,1042,1202
WBGene00016331.,116,1158,1274
WBGene00016332.,26,413,439
WBGene00016333.,410,3960,4370
WBGene00016334.,0,2,2
WBGene00016335.,16,61,77
WBGene00016336.,1,0,1
WBGene00016337.,0,0,0
WBGene00016338.,6,3,9
WBGene00016339.,2,7,9
WBGene00016340.,21,31,52
WBGene00016341.,25,1173,1198
WBGene00016343.,125,562,687
WBGene00016344.,27,182,209
WBGene00016345.,0,95,95
WBGene00016346.,1,11,12
WBGene00016347.,19,1,20
WBGene00016349.,1,34,35
WBGene00016350.,0,1,1
WBGene00016351.,0,0,0
WBGene00016352.,18,265,283
WBGene00016353.,0,48,48
WBGene00016354.,564,1381,1945
WBGene00016355.,29,464,493
WBGene00016356.,6,6,12
WBGene00016357.,0,1,1
WBGene00016358.,0,1,1
WBGene00016359.,3,283,286
WBGene00016360.,21,178,199
WBGene00016361.,6,31,37
WBGene00016362.,166,15926,16092
WBGene00016363.,15,91,106
WBGene00016364.,30,204,234
WBGene00016365.,15,63,78
WBGene00016366.,11,66,77
WBGene00016367.,13,54,67
WBGene00016368.,18,73,91
WBGene00016369.,1,6,7
WBGene00016370.,3,2,5
WBGene00016371.,3,7,10
WBGene00016373.,11,70,81
WBGene00016374.,65,961,1026
WBGene00016375.,6,435,441
WBGene00016376.,10,567,577
WBGene00016378.,90,941,1031
WBGene00016379.,52,913,965
WBGene00016380.,29,389,418
WBGene00016381.,31,269,300
WBGene00016382.,3,2,5
WBGene00016383.,40,645,685
WBGene00016384.,142,2119,2261
WBGene00016386.,37,11,48
WBGene00016387.,37,443,480
WBGene00016388.,2,0,2
WBGene00016389.,0,7,7
WBGene00016390.,23,479,502
WBGene00016391.,158,2109,2267
WBGene00016392.,17,317,334
WBGene00016393.,342,12506,12848
WBGene00016394.,57,78,135
WBGene00016395.,710,5281,5991
WBGene00016396.,160,404,564
WBGene00016397.,69,221,290
WBGene00016398.,2,5,7
WBGene00016399.,0,2,2
WBGene00016400.,90,988,1078
WBGene00016402.,6,30,36
WBGene00016403.,107,363,470
WBGene00016404.,59,368,427
WBGene00016405.,189,4516,4705
WBGene00016406.,46,401,447
WBGene00016407.,575,1149,1724
WBGene00016408.,87,1179,1266
WBGene00016409.,103,815,918
WBGene00016410.,4,24,28
WBGene00016411.,58,1777,1835
WBGene00016412.,21,1687,1708
WBGene00016413.,2,14,16
WBGene00016414.,1,2,3
WBGene00016415.,412,3188,3600
WBGene00016416.,11,87,98
WBGene00016417.,44,322,366
WBGene00016418.,99,372,471
WBGene00016419.,46,499,545
WBGene00016420.,2,5,7
WBGene00016421.,13,120,133
WBGene00016422.,27,2536,2563
WBGene00016423.,86,499,585
WBGene00016424.,44,181,225
WBGene00016425.,4,41,45
WBGene00016427.,55,128,183
WBGene00016428.,75,851,926
WBGene00016429.,5,83,88
WBGene00016430.,4,1,5
WBGene00016431.,25,102,127
WBGene00016432.,978,1685,2663
WBGene00016433.,0,0,0
WBGene00016434.,0,1,1
WBGene00016435.,233,3263,3496
WBGene00016436.,10,264,274
WBGene00016437.,16,3,19
WBGene00016438.,49,413,462
WBGene00016439.,80,1115,1195
WBGene00016440.,0,16,16
WBGene00016441.,5,15,20
WBGene00016442.,31,1211,1242
WBGene00016443.,50,417,467
WBGene00016444.,69,350,419
WBGene00016445.,28,75,103
WBGene00016446.,39,1122,1161
WBGene00016447.,0,0,0
WBGene00016448.,75,627,702
WBGene00016449.,25,1442,1467
WBGene00016450.,3,46,49
WBGene00016451.,1,10,11
WBGene00016452.,109,1035,1144
WBGene00016453.,9,164,173
WBGene00016454.,45,700,745
WBGene00016455.,1,25,26
WBGene00016456.,18,1167,1185
WBGene00016457.,4,74,78
WBGene00016458.,59,1367,1426
WBGene00016459.,2,10,12
WBGene00016460.,9,52,61
WBGene00016461.,6,16,22
WBGene00016462.,4,26,30
WBGene00016463.,20,1117,1137
WBGene00016464.,5,15,20
WBGene00016465.,2,21,23
WBGene00016466.,12,78,90
WBGene00016467.,11,179,190
WBGene00016468.,23,27,50
WBGene00016469.,40,838,878
WBGene00016470.,0,1,1
WBGene00016471.,5,14,19
WBGene00016472.,1,3,4
WBGene00016473.,0,0,0
WBGene00016474.,3,5,8
WBGene00016475.,0,5,5
WBGene00016476.,4,6,10
WBGene00016477.,1,6,7
WBGene00016478.,9,13,22
WBGene00016479.,2,0,2
WBGene00016480.,6,17,23
WBGene00016481.,1,1,2
WBGene00016483.,3,3,6
WBGene00016484.,1,2,3
WBGene00016485.,2,4,6
WBGene00016486.,0,10,10
WBGene00016487.,2,3,5
WBGene00016488.,29,76,105
WBGene00016489.,190,1347,1537
WBGene00016490.,47,599,646
WBGene00016491.,10,10,20
WBGene00016492.,41,209,250
WBGene00016493.,24681,142239,166920
WBGene00016494.,256,2220,2476
WBGene00016495.,20,608,628
WBGene00016496.,193,8374,8567
WBGene00016497.,2,5,7
WBGene00016499.,83,255,338
WBGene00016500.,9,1008,1017
WBGene00016501.,21,1013,1034
WBGene00016502.,1,62,63
WBGene00016503.,13,361,374
WBGene00016504.,6,669,675
WBGene00016505.,6,454,460
WBGene00016506.,23,155,178
WBGene00016507.,84,553,637
WBGene00016508.,321,2952,3273
WBGene00016509.,138,7726,7864
WBGene00016511.,232,3685,3917
WBGene00016512.,12,7,19
WBGene00016513.,30,1170,1200
WBGene00016514.,43,147,190
WBGene00016516.,6,11,17
WBGene00016517.,10,15,25
WBGene00016518.,56,54,110
WBGene00016519.,7,3,10
WBGene00016520.,7,52,59
WBGene00016521.,5,4,9
WBGene00016522.,9,112,121
WBGene00016523.,10,17,27
WBGene00016524.,139,429,568
WBGene00016525.,3,4,7
WBGene00016526.,2,3,5
WBGene00016527.,7,2,9
WBGene00016528.,0,1,1
WBGene00016529.,0,6,6
WBGene00016530.,79,810,889
WBGene00016531.,155,948,1103
WBGene00016532.,30,417,447
WBGene00016533.,90,940,1030
WBGene00016534.,4,27,31
WBGene00016535.,5,587,592
WBGene00016537.,0,4,4
WBGene00016538.,74,445,519
WBGene00016539.,398,1242,1640
WBGene00016540.,80,204,284
WBGene00016541.,1,4,5
WBGene00016542.,62,333,395
WBGene00016543.,8,22,30
WBGene00016544.,1,9,10
WBGene00016545.,2,41,43
WBGene00016546.,10,47,57
WBGene00016547.,11,83,94
WBGene00016548.,3,2,5
WBGene00016549.,3,56,59
WBGene00016550.,2,1,3
WBGene00016551.,0,2,2
WBGene00016553.,20,220,240
WBGene00016554.,0,0,0
WBGene00016555.,5,46,51
WBGene00016556.,1,1,2
WBGene00016557.,0,3,3
WBGene00016558.,16,177,193
WBGene00016559.,52,363,415
WBGene00016561.,376,829,1205
WBGene00016562.,1230,2913,4143
WBGene00016564.,21,292,313
WBGene00016565.,0,5,5
WBGene00016566.,81,495,576
WBGene00016567.,3,130,133
WBGene00016568.,79,387,466
WBGene00016570.,91,538,629
WBGene00016572.,15,13,28
WBGene00016573.,7,222,229
WBGene00016574.,12,408,420
WBGene00016575.,9,200,209
WBGene00016576.,3,432,435
WBGene00016577.,3,1,4
WBGene00016578.,1,2,3
WBGene00016579.,52,206,258
WBGene00016580.,82,310,392
WBGene00016581.,1,6,7
WBGene00016582.,31,510,541
WBGene00016583.,32,1286,1318
WBGene00016585.,26,79,105
WBGene00016586.,1,58,59
WBGene00016587.,6,11,17
WBGene00016588.,0,66,66
WBGene00016589.,0,557,557
WBGene00016590.,57,574,631
WBGene00016591.,15,521,536
WBGene00016592.,35,172,207
WBGene00016594.,41,1798,1839
WBGene00016595.,7,42,49
WBGene00016596.,2,97,99
WBGene00016597.,1,2,3
WBGene00016598.,0,3,3
WBGene00016599.,39,64,103
WBGene00016600.,112,91,203
WBGene00016601.,250,2921,3171
WBGene00016602.,16,369,385
WBGene00016603.,348,2903,3251
WBGene00016605.,2,36,38
WBGene00016606.,129,823,952
WBGene00016607.,182,2530,2712
WBGene00016608.,45,405,450
WBGene00016609.,107,209,316
WBGene00016610.,91,729,820
WBGene00016611.,413,3839,4252
WBGene00016612.,6,34,40
WBGene00016613.,44,344,388
WBGene00016614.,62,490,552
WBGene00016616.,18,646,664
WBGene00016617.,28,446,474
WBGene00016619.,28,183,211
WBGene00016620.,41,508,549
WBGene00016621.,65,347,412
WBGene00016622.,33,893,926
WBGene00016623.,46,379,425
WBGene00016624.,336,1563,1899
WBGene00016625.,13,69,82
WBGene00016626.,71,937,1008
WBGene00016627.,5,6,11
WBGene00016628.,64,267,331
WBGene00016629.,50,633,683
WBGene00016630.,330,18389,18719
WBGene00016631.,79,354,433
WBGene00016632.,34,97,131
WBGene00016633.,24,198,222
WBGene00016634.,193,1061,1254
WBGene00016635.,0,3412,3412
WBGene00016636.,1,6,7
WBGene00016637.,22,113,135
WBGene00016638.,3,6,9
WBGene00016639.,37,37,74
WBGene00016641.,35,1454,1489
WBGene00016642.,37,378,415
WBGene00016643.,97,978,1075
WBGene00016644.,11,294,305
WBGene00016645.,40,889,929
WBGene00016646.,0,0,0
WBGene00016647.,0,0,0
WBGene00016648.,0,0,0
WBGene00016649.,0,0,0
WBGene00016650.,543,7202,7745
WBGene00016652.,48,299,347
WBGene00016653.,77,9659,9736
WBGene00016654.,160,309,469
WBGene00016655.,205,2891,3096
WBGene00016657.,28,138,166
WBGene00016658.,1,3,4
WBGene00016659.,20,538,558
WBGene00016660.,1,9,10
WBGene00016661.,151,717,868
WBGene00016662.,0,9,9
WBGene00016663.,56,594,650
WBGene00016664.,5,165,170
WBGene00016665.,6,11,17
WBGene00016666.,0,14,14
WBGene00016667.,28,280,308
WBGene00016668.,0,0,0
WBGene00016669.,1,1,2
WBGene00016670.,3,7,10
WBGene00016671.,15,217,232
WBGene00016673.,4,4,8
WBGene00016674.,20,440,460
WBGene00016675.,0,3,3
WBGene00016676.,20,508,528
WBGene00016677.,343,5766,6109
WBGene00016678.,101,524,625
WBGene00016679.,8,121,129
WBGene00016680.,1,1,2
WBGene00016681.,5,5,10
WBGene00016682.,34,116,150
WBGene00016683.,26,51,77
WBGene00016684.,34,1780,1814
WBGene00016685.,1,0,1
WBGene00016686.,0,0,0
WBGene00016687.,1,3,4
WBGene00016688.,6,8,14
WBGene00016689.,1,2,3
WBGene00016690.,1,1,2
WBGene00016691.,3,0,3
WBGene00016692.,0,2,2
WBGene00016693.,6,4,10
WBGene00016694.,0,0,0
WBGene00016695.,0,10,10
WBGene00016696.,8,21,29
WBGene00016697.,12,23,35
WBGene00016698.,4,3,7
WBGene00016699.,1,12,13
WBGene00016700.,12,25,37
WBGene00016701.,3,61,64
WBGene00016702.,55,445,500
WBGene00016703.,46,409,455
WBGene00016704.,100,563,663
WBGene00016705.,38,112,150
WBGene00016706.,227,3047,3274
WBGene00016707.,1,5,6
WBGene00016708.,1,6,7
WBGene00016709.,0,0,0
WBGene00016710.,22,327,349
WBGene00016711.,2,53,55
WBGene00016712.,0,0,0
WBGene00016713.,1,0,1
WBGene00016714.,1,75,76
WBGene00016716.,1169,5336,6505
WBGene00016717.,8,17,25
WBGene00016718.,0,1,1
WBGene00016719.,2,7,9
WBGene00016720.,0,2,2
WBGene00016721.,67,519,586
WBGene00016722.,3909,9275,13184
WBGene00016724.,6,25,31
WBGene00016725.,106,298,404
WBGene00016727.,11,3,14
WBGene00016728.,10,119,129
WBGene00016729.,1,6,7
WBGene00016730.,13,91,104
WBGene00016731.,2,8,10
WBGene00016732.,2,7,9
WBGene00016733.,1,40,41
WBGene00016734.,42,984,1026
WBGene00016735.,79,900,979
WBGene00016737.,0,1,1
WBGene00016738.,2,606,608
WBGene00016739.,88,4601,4689
WBGene00016740.,31,879,910
WBGene00016741.,37,542,579
WBGene00016742.,12,13,25
WBGene00016743.,6,0,6
WBGene00016744.,53,330,383
WBGene00016745.,12,134,146
WBGene00016746.,378,6368,6746
WBGene00016747.,29,170,199
WBGene00016748.,41,182,223
WBGene00016749.,117,2279,2396
WBGene00016750.,48,832,880
WBGene00016751.,164,1039,1203
WBGene00016752.,0,19,19
WBGene00016753.,0,0,0
WBGene00016754.,207,1605,1812
WBGene00016755.,9,12,21
WBGene00016756.,3,18,21
WBGene00016757.,34,91,125
WBGene00016758.,27,136,163
WBGene00016759.,8,179,187
WBGene00016760.,9,190,199
WBGene00016761.,18,134,152
WBGene00016762.,15,226,241
WBGene00016763.,42,910,952
WBGene00016764.,78,490,568
WBGene00016765.,13,6,19
WBGene00016766.,2,305,307
WBGene00016767.,0,207,207
WBGene00016768.,55,212,267
WBGene00016769.,74,454,528
WBGene00016770.,4,7,11
WBGene00016772.,3,15,18
WBGene00016773.,6,2,8
WBGene00016775.,0,1,1
WBGene00016776.,1,0,1
WBGene00016777.,0,2,2
WBGene00016778.,8,1,9
WBGene00016779.,0,2,2
WBGene00016781.,56,28572,28628
WBGene00016782.,0,387,387
WBGene00016783.,14,71,85
WBGene00016785.,22,54,76
WBGene00016786.,0,5,5
WBGene00016788.,219,915,1134
WBGene00016789.,3,54,57
WBGene00016790.,521,7934,8455
WBGene00016791.,33,370,403
WBGene00016792.,146,1247,1393
WBGene00016793.,54,1177,1231
WBGene00016794.,71,637,708
WBGene00016795.,0,18,18
WBGene00016796.,71,181,252
WBGene00016797.,68,67,135
WBGene00016798.,0,3,3
WBGene00016799.,12,87,99
WBGene00016800.,14,117,131
WBGene00016801.,34,1123,1157
WBGene00016803.,14,930,944
WBGene00016804.,0,12,12
WBGene00016805.,6,31,37
WBGene00016806.,4,340,344
WBGene00016807.,1,0,1
WBGene00016808.,84,3408,3492
WBGene00016809.,95,802,897
WBGene00016810.,14,443,457
WBGene00016811.,80,579,659
WBGene00016812.,68,468,536
WBGene00016813.,0,2,2
WBGene00016815.,5,3,8
WBGene00016816.,88,370,458
WBGene00016817.,46,324,370
WBGene00016818.,3,17,20
WBGene00016820.,1,14,15
WBGene00016821.,2,0,2
WBGene00016822.,2,1,3
WBGene00016823.,2,1,3
WBGene00016824.,0,0,0
WBGene00016825.,1,3,4
WBGene00016826.,12,1,13
WBGene00016827.,10,4,14
WBGene00016828.,15,16,31
WBGene00016829.,3,0,3
WBGene00016830.,1,4,5
WBGene00016831.,12,8,20
WBGene00016832.,5,9,14
WBGene00016833.,6,9,15
WBGene00016834.,1,4,5
WBGene00016835.,22,151,173
WBGene00016836.,125,780,905
WBGene00016837.,101,1994,2095
WBGene00016838.,206,2357,2563
WBGene00016839.,0,3,3
WBGene00016840.,117,697,814
WBGene00016841.,145,1017,1162
WBGene00016842.,4,207,211
WBGene00016843.,3,5,8
WBGene00016844.,81,2132,2213
WBGene00016845.,0,214,214
WBGene00016846.,158,1055,1213
WBGene00016847.,7,10,17
WBGene00016848.,33,146,179
WBGene00016849.,29,147,176
WBGene00016850.,0,1,1
WBGene00016851.,0,5,5
WBGene00016852.,1,4,5
WBGene00016853.,2,1,3
WBGene00016854.,3,6,9
WBGene00016855.,2,124,126
WBGene00016856.,9,11,20
WBGene00016857.,2,3,5
WBGene00016858.,6,33,39
WBGene00016859.,0,4,4
WBGene00016860.,45,341,386
WBGene00016861.,3,18,21
WBGene00016862.,73,398,471
WBGene00016863.,6,11,17
WBGene00016864.,0,1,1
WBGene00016865.,8,66,74
WBGene00016866.,78,247,325
WBGene00016867.,49,864,913
WBGene00016868.,83,251,334
WBGene00016869.,2,86,88
WBGene00016870.,2,4,6
WBGene00016871.,266,1043,1309
WBGene00016872.,20,174,194
WBGene00016873.,3,65,68
WBGene00016874.,7,53,60
WBGene00016877.,59,80,139
WBGene00016879.,124,752,876
WBGene00016880.,0,6,6
WBGene00016881.,0,1,1
WBGene00016882.,0,1,1
WBGene00016883.,1,10,11
WBGene00016884.,2,1,3
WBGene00016885.,0,1,1
WBGene00016886.,0,0,0
WBGene00016888.,346,2767,3113
WBGene00016889.,213,2043,2256
WBGene00016890.,20,139,159
WBGene00016891.,11,10,21
WBGene00016892.,15,1032,1047
WBGene00016893.,4,7,11
WBGene00016894.,6,1240,1246
WBGene00016895.,0,0,0
WBGene00016896.,63,194,257
WBGene00016898.,345,5104,5449
WBGene00016899.,24,98,122
WBGene00016900.,105,162,267
WBGene00016901.,0,2,2
WBGene00016902.,397,980,1377
WBGene00016903.,109,654,763
WBGene00016905.,80,581,661
WBGene00016906.,34,218,252
WBGene00016907.,25,4379,4404
WBGene00016909.,51,161,212
WBGene00016911.,71,1438,1509
WBGene00016912.,0,110,110
WBGene00016913.,232,5987,6219
WBGene00016914.,10,67,77
WBGene00016915.,9,80,89
WBGene00016916.,50,1329,1379
WBGene00016917.,5,90,95
WBGene00016918.,1355,8117,9472
WBGene00016919.,178,629,807
WBGene00016920.,46,267,313
WBGene00016921.,2,3,5
WBGene00016922.,9,10,19
WBGene00016923.,45,724,769
WBGene00016924.,0,0,0
WBGene00016925.,3,14,17
WBGene00016926.,3,18,21
WBGene00016927.,1,8,9
WBGene00016928.,11,17,28
WBGene00016929.,1,4,5
WBGene00016930.,39,105,144
WBGene00016931.,11,58,69
WBGene00016932.,79,151,230
WBGene00016933.,9,76,85
WBGene00016934.,39,1818,1857
WBGene00016935.,69,375,444
WBGene00016937.,35,538,573
WBGene00016938.,35,82,117
WBGene00016939.,7,33,40
WBGene00016940.,0,1,1
WBGene00016941.,1,17,18
WBGene00016942.,15,127,142
WBGene00016943.,247,14049,14296
WBGene00016944.,28,550,578
WBGene00016945.,33,168,201
WBGene00016946.,4,2,6
WBGene00016947.,12,93,105
WBGene00016948.,2,5,7
WBGene00016949.,3,1,4
WBGene00016950.,2,1,3
WBGene00016951.,27,51,78
WBGene00016953.,3,8,11
WBGene00016954.,3,3,6
WBGene00016955.,93,428,521
WBGene00016956.,2,4,6
WBGene00016957.,254,611,865
WBGene00016958.,118,785,903
WBGene00016959.,1,2,3
WBGene00016960.,32,283,315
WBGene00016961.,258,4364,4622
WBGene00016962.,2,131,133
WBGene00016963.,1,14,15
WBGene00016964.,76,690,766
WBGene00016965.,28,262,290
WBGene00016966.,58,541,599
WBGene00016968.,125,607,732
WBGene00016970.,7,111,118
WBGene00016971.,40,466,506
WBGene00016972.,9,17,26
WBGene00016973.,17,45,62
WBGene00016974.,12,238,250
WBGene00016975.,118,610,728
WBGene00016976.,73,128,201
WBGene00016977.,2005,11063,13068
WBGene00016978.,50,761,811
WBGene00016979.,33,358,391
WBGene00016980.,3,13,16
WBGene00016981.,30,2328,2358
WBGene00016982.,29,134,163
WBGene00016983.,31,314,345
WBGene00016984.,225,264,489
WBGene00016985.,0,2,2
WBGene00016987.,36,2048,2084
WBGene00016988.,181,2346,2527
WBGene00016989.,102,1005,1107
WBGene00016990.,29,1220,1249
WBGene00016992.,14,230,244
WBGene00016993.,42,218,260
WBGene00016995.,47,410,457
WBGene00016996.,67,495,562
WBGene00016997.,38,1165,1203
WBGene00016998.,18,159,177
WBGene00016999.,13,60,73
WBGene00017000.,45,230,275
WBGene00017001.,11,72,83
WBGene00017002.,0,344,344
WBGene00017003.,22,468,490
WBGene00017004.,56,1461,1517
WBGene00017005.,2,143,145
WBGene00017007.,72,242,314
WBGene00017009.,12,176,188
WBGene00017010.,32,308,340
WBGene00017011.,5,709,714
WBGene00017012.,55,217,272
WBGene00017013.,51,285,336
WBGene00017014.,34,271,305
WBGene00017015.,2,109,111
WBGene00017016.,241,3311,3552
WBGene00017017.,250,427,677
WBGene00017018.,10,79,89
WBGene00017019.,6,0,6
WBGene00017020.,8,21,29
WBGene00017021.,1,6,7
WBGene00017022.,6,75,81
WBGene00017023.,18,805,823
WBGene00017024.,2,17,19
WBGene00017025.,97,1027,1124
WBGene00017026.,8,4,12
WBGene00017027.,12,62,74
WBGene00017028.,58,301,359
WBGene00017029.,0,1,1
WBGene00017031.,51,483,534
WBGene00017032.,5,114,119
WBGene00017033.,11,134,145
WBGene00017034.,9,10,19
WBGene00017035.,6,8,14
WBGene00017036.,27,497,524
WBGene00017037.,147,1136,1283
WBGene00017038.,230,272,502
WBGene00017039.,91,139,230
WBGene00017040.,60,487,547
WBGene00017041.,31,181,212
WBGene00017042.,74,551,625
WBGene00017044.,94,2465,2559
WBGene00017045.,136,950,1086
WBGene00017046.,45,497,542
WBGene00017048.,23,116,139
WBGene00017050.,31,53,84
WBGene00017051.,16,58,74
WBGene00017052.,11,349,360
WBGene00017053.,37,796,833
WBGene00017054.,116,1500,1616
WBGene00017055.,0,1,1
WBGene00017056.,0,1,1
WBGene00017057.,0,0,0
WBGene00017058.,0,0,0
WBGene00017059.,0,1,1
WBGene00017060.,233,17219,17452
WBGene00017061.,40,32,72
WBGene00017062.,109,867,976
WBGene00017063.,80,288,368
WBGene00017064.,49,1133,1182
WBGene00017065.,556,12378,12934
WBGene00017066.,364,1974,2338
WBGene00017068.,11,331,342
WBGene00017069.,42,182,224
WBGene00017070.,49,1819,1868
WBGene00017071.,52,151,203
WBGene00017072.,20,63,83
WBGene00017073.,87,679,766
WBGene00017074.,23,448,471
WBGene00017075.,185,27408,27593
WBGene00017076.,205,1662,1867
WBGene00017077.,21,94,115
WBGene00017078.,11,76,87
WBGene00017079.,10,284,294
WBGene00017080.,311,469,780
WBGene00017082.,49,1658,1707
WBGene00017083.,30,54,84
WBGene00017084.,353,960,1313
WBGene00017085.,167,2589,2756
WBGene00017087.,41,317,358
WBGene00017088.,83,2488,2571
WBGene00017089.,2,44,46
WBGene00017090.,3,0,3
WBGene00017091.,2,5,7
WBGene00017092.,5,13,18
WBGene00017093.,7,93,100
WBGene00017094.,3,5,8
WBGene00017095.,0,1,1
WBGene00017096.,1,5,6
WBGene00017097.,21,2,23
WBGene00017098.,221,4626,4847
WBGene00017099.,0,2,2
WBGene00017100.,0,15,15
WBGene00017101.,29,144,173
WBGene00017102.,0,1,1
WBGene00017103.,1,14,15
WBGene00017104.,0,0,0
WBGene00017105.,0,0,0
WBGene00017106.,2,20,22
WBGene00017107.,3,58,61
WBGene00017108.,11,102,113
WBGene00017109.,2,1,3
WBGene00017110.,3,3,6
WBGene00017111.,5,4,9
WBGene00017112.,8,10,18
WBGene00017113.,7,25,32
WBGene00017114.,0,0,0
WBGene00017115.,3,0,3
WBGene00017116.,1,7,8
WBGene00017117.,3,30,33
WBGene00017118.,1,4,5
WBGene00017119.,162,6005,6167
WBGene00017120.,56,219,275
WBGene00017121.,2864,68311,71175
WBGene00017122.,10,41,51
WBGene00017123.,18,391,409
WBGene00017124.,21,90,111
WBGene00017125.,105,972,1077
WBGene00017126.,40,519,559
WBGene00017127.,456,3478,3934
WBGene00017128.,239,2413,2652
WBGene00017129.,9,209,218
WBGene00017131.,1,21,22
WBGene00017132.,176,1286,1462
WBGene00017133.,8,102,110
WBGene00017134.,1,39,40
WBGene00017135.,0,40,40
WBGene00017136.,15,60,75
WBGene00017137.,12,518,530
WBGene00017138.,130,1629,1759
WBGene00017139.,3,8,11
WBGene00017140.,0,27,27
WBGene00017141.,0,6,6
WBGene00017142.,7,157,164
WBGene00017143.,1,41,42
WBGene00017144.,54,605,659
WBGene00017146.,43,85,128
WBGene00017147.,30,325,355
WBGene00017148.,2,20,22
WBGene00017149.,660,18984,19644
WBGene00017150.,8,407,415
WBGene00017151.,17,55,72
WBGene00017152.,2,1,3
WBGene00017153.,0,30,30
WBGene00017154.,33,1023,1056
WBGene00017156.,304,371,675
WBGene00017157.,313,684,997
WBGene00017158.,68,1160,1228
WBGene00017159.,254,2252,2506
WBGene00017160.,129,1348,1477
WBGene00017161.,101,910,1011
WBGene00017162.,145,1732,1877
WBGene00017163.,133,1483,1616
WBGene00017164.,20,192,212
WBGene00017165.,195,517,712
WBGene00017166.,364,9582,9946
WBGene00017168.,1,6,7
WBGene00017169.,21,664,685
WBGene00017170.,78,44,122
WBGene00017172.,0,1,1
WBGene00017173.,5,3,8
WBGene00017174.,6,38,44
WBGene00017175.,1,0,1
WBGene00017176.,14,144,158
WBGene00017177.,1,1,2
WBGene00017178.,26,318,344
WBGene00017179.,2,5,7
WBGene00017180.,133,605,738
WBGene00017181.,0,3,3
WBGene00017182.,1,0,1
WBGene00017183.,0,1,1
WBGene00017184.,140,1335,1475
WBGene00017185.,0,0,0
WBGene00017186.,0,0,0
WBGene00017188.,0,0,0
WBGene00017189.,0,0,0
WBGene00017190.,0,29,29
WBGene00017191.,0,0,0
WBGene00017192.,0,0,0
WBGene00017193.,156,2832,2988
WBGene00017194.,45,153,198
WBGene00017195.,51,538,589
WBGene00017197.,30,524,554
WBGene00017198.,22,169,191
WBGene00017199.,3,18,21
WBGene00017200.,6,92,98
WBGene00017201.,119,2595,2714
WBGene00017202.,0,1,1
WBGene00017203.,1,1,2
WBGene00017204.,0,8,8
WBGene00017205.,2,7,9
WBGene00017207.,0,1,1
WBGene00017208.,0,0,0
WBGene00017209.,122,1,123
WBGene00017210.,368,3516,3884
WBGene00017211.,1,7,8
WBGene00017212.,0,0,0
WBGene00017213.,0,2,2
WBGene00017214.,3,4,7
WBGene00017215.,0,4,4
WBGene00017216.,10,62,72
WBGene00017217.,114,515,629
WBGene00017218.,4,11,15
WBGene00017219.,27,234,261
WBGene00017220.,95,1618,1713
WBGene00017221.,13,0,13
WBGene00017222.,0,2,2
WBGene00017223.,0,1,1
WBGene00017224.,1,0,1
WBGene00017225.,14,9,23
WBGene00017226.,11,19,30
WBGene00017227.,0,0,0
WBGene00017228.,7,9,16
WBGene00017229.,3,3,6
WBGene00017230.,0,2,2
WBGene00017231.,2,2,4
WBGene00017232.,2,5,7
WBGene00017233.,1,16,17
WBGene00017235.,66,137,203
WBGene00017236.,17,97,114
WBGene00017237.,56,447,503
WBGene00017238.,108,3234,3342
WBGene00017239.,96,530,626
WBGene00017240.,73,1004,1077
WBGene00017241.,160,1263,1423
WBGene00017243.,3,8,11
WBGene00017244.,183,1408,1591
WBGene00017245.,199,2204,2403
WBGene00017246.,235,1282,1517
WBGene00017247.,155,778,933
WBGene00017248.,2,0,2
WBGene00017249.,2,0,2
WBGene00017250.,14,214,228
WBGene00017251.,1,1,2
WBGene00017252.,0,3,3
WBGene00017253.,0,1,1
WBGene00017254.,0,6,6
WBGene00017255.,29,112,141
WBGene00017257.,6,50,56
WBGene00017258.,2,10,12
WBGene00017259.,5,14,19
WBGene00017260.,48,317,365
WBGene00017261.,69,733,802
WBGene00017262.,199,1560,1759
WBGene00017263.,1,0,1
WBGene00017264.,1,0,1
WBGene00017265.,12,58,70
WBGene00017266.,127,744,871
WBGene00017267.,0,0,0
WBGene00017268.,64,1139,1203
WBGene00017269.,101,301,402
WBGene00017270.,0,0,0
WBGene00017271.,10,9,19
WBGene00017272.,45,693,738
WBGene00017273.,88,620,708
WBGene00017274.,292,1792,2084
WBGene00017275.,129,898,1027
WBGene00017277.,2,9,11
WBGene00017278.,5,23,28
WBGene00017279.,0,1,1
WBGene00017280.,426,1105,1531
WBGene00017281.,4,13,17
WBGene00017282.,8,432,440
WBGene00017283.,131,1857,1988
WBGene00017284.,212,973,1185
WBGene00017285.,25,812,837
WBGene00017286.,261,1696,1957
WBGene00017287.,1,91,92
WBGene00017288.,4,188,192
WBGene00017289.,10,963,973
WBGene00017290.,17,137,154
WBGene00017291.,33,529,562
WBGene00017292.,78,1643,1721
WBGene00017293.,4,446,450
WBGene00017294.,35,203,238
WBGene00017295.,86,28,114
WBGene00017296.,38,61,99
WBGene00017297.,228,6213,6441
WBGene00017298.,165,1361,1526
WBGene00017299.,138,657,795
WBGene00017300.,647,4157,4804
WBGene00017301.,166,10399,10565
WBGene00017302.,46,201,247
WBGene00017303.,264,2903,3167
WBGene00017304.,46,1770,1816
WBGene00017305.,0,95,95
WBGene00017306.,69,507,576
WBGene00017307.,12,102,114
WBGene00017308.,16,59,75
WBGene00017309.,69,64,133
WBGene00017310.,22,265,287
WBGene00017311.,43,2290,2333
WBGene00017312.,2,10,12
WBGene00017313.,147,1249,1396
WBGene00017314.,161,872,1033
WBGene00017315.,2,1,3
WBGene00017316.,97,369,466
WBGene00017317.,1265,9054,10319
WBGene00017319.,343,2806,3149
WBGene00017320.,26,182,208
WBGene00017321.,15,1236,1251
WBGene00017322.,7,46,53
WBGene00017323.,12,58,70
WBGene00017324.,0,2,2
WBGene00017325.,0,0,0
WBGene00017326.,18,267,285
WBGene00017327.,8,50,58
WBGene00017328.,13,608,621
WBGene00017329.,22,111,133
WBGene00017330.,1,5,6
WBGene00017331.,62,273,335
WBGene00017332.,182,451,633
WBGene00017333.,1,2,3
WBGene00017334.,7,37,44
WBGene00017335.,16,155,171
WBGene00017336.,31,206,237
WBGene00017338.,38,180,218
WBGene00017339.,52,276,328
WBGene00017340.,4,54,58
WBGene00017341.,6,6,12
WBGene00017342.,86,616,702
WBGene00017343.,2,2,4
WBGene00017344.,15,835,850
WBGene00017345.,1,1,2
WBGene00017347.,63,5671,5734
WBGene00017348.,4,843,847
WBGene00017349.,111,2188,2299
WBGene00017350.,199,1942,2141
WBGene00017351.,4,16,20
WBGene00017352.,43,82,125
WBGene00017353.,45,438,483
WBGene00017354.,4,16,20
WBGene00017355.,19,534,553
WBGene00017356.,307,1835,2142
WBGene00017357.,80,839,919
WBGene00017358.,9,246,255
WBGene00017359.,11,62,73
WBGene00017360.,170,1565,1735
WBGene00017361.,1,75,76
WBGene00017362.,287,4042,4329
WBGene00017363.,119,1626,1745
WBGene00017364.,1,16,17
WBGene00017365.,0,2,2
WBGene00017366.,3,16,19
WBGene00017367.,4,78,82
WBGene00017369.,28,565,593
WBGene00017370.,2,3,5
WBGene00017371.,4,38,42
WBGene00017372.,411,1428,1839
WBGene00017373.,146,1389,1535
WBGene00017374.,433,4877,5310
WBGene00017375.,30,163,193
WBGene00017376.,1104,15711,16815
WBGene00017378.,5,28,33
WBGene00017379.,353,5909,6262
WBGene00017380.,214,975,1189
WBGene00017381.,56,504,560
WBGene00017382.,4,1,5
WBGene00017383.,2,1,3
WBGene00017384.,3,2,5
WBGene00017385.,10,836,846
WBGene00017386.,0,122,122
WBGene00017387.,0,0,0
WBGene00017388.,0,6,6
WBGene00017389.,518,582,1100
WBGene00017390.,9,90,99
WBGene00017391.,0,0,0
WBGene00017392.,3,0,3
WBGene00017393.,3,3,6
WBGene00017394.,131,591,722
WBGene00017395.,0,1,1
WBGene00017396.,5,5,10
WBGene00017397.,53,319,372
WBGene00017398.,9,46,55
WBGene00017399.,15,17,32
WBGene00017400.,44,398,442
WBGene00017401.,0,1,1
WBGene00017402.,0,0,0
WBGene00017403.,0,0,0
WBGene00017404.,0,2,2
WBGene00017405.,2,1,3
WBGene00017406.,0,4,4
WBGene00017407.,1,1,2
WBGene00017408.,0,1,1
WBGene00017410.,2,11,13
WBGene00017411.,4,118,122
WBGene00017412.,4,1,5
WBGene00017413.,2,1,3
WBGene00017414.,0,1,1
WBGene00017415.,2,0,2
WBGene00017416.,1,75,76
WBGene00017417.,18,228,246
WBGene00017418.,290,3561,3851
WBGene00017419.,143,2565,2708
WBGene00017420.,36,126,162
WBGene00017421.,111,345,456
WBGene00017422.,10,250,260
WBGene00017423.,307,4769,5076
WBGene00017424.,39,344,383
WBGene00017426.,125,1768,1893
WBGene00017427.,23,97,120
WBGene00017428.,238,2734,2972
WBGene00017429.,79,285,364
WBGene00017430.,198,1880,2078
WBGene00017431.,126,730,856
WBGene00017432.,60,88,148
WBGene00017433.,36,193,229
WBGene00017434.,11,206,217
WBGene00017435.,153,1854,2007
WBGene00017436.,5,47,52
WBGene00017437.,24,172,196
WBGene00017438.,7,17,24
WBGene00017439.,16,139,155
WBGene00017440.,1027,18240,19267
WBGene00017441.,7,27,34
WBGene00017442.,9,178,187
WBGene00017443.,3,44,47
WBGene00017444.,3,1,4
WBGene00017445.,96,893,989
WBGene00017446.,4,31,35
WBGene00017447.,49,278,327
WBGene00017448.,104,754,858
WBGene00017449.,56,163,219
WBGene00017450.,9,44,53
WBGene00017451.,0,1,1
WBGene00017452.,52,24,76
WBGene00017453.,1,9,10
WBGene00017454.,4,3,7
WBGene00017455.,0,1,1
WBGene00017456.,8,5,13
WBGene00017459.,14,81,95
WBGene00017460.,3,72,75
WBGene00017461.,0,63,63
WBGene00017462.,1,73,74
WBGene00017463.,47,231,278
WBGene00017464.,25,134,159
WBGene00017465.,0,0,0
WBGene00017466.,7,19,26
WBGene00017467.,10,217,227
WBGene00017468.,24,44,68
WBGene00017469.,12,32,44
WBGene00017470.,3,1,4
WBGene00017471.,11,360,371
WBGene00017472.,89,1304,1393
WBGene00017473.,1,34,35
WBGene00017474.,0,3,3
WBGene00017475.,0,8,8
WBGene00017476.,2,6,8
WBGene00017478.,89,684,773
WBGene00017480.,135,998,1133
WBGene00017481.,1,33,34
WBGene00017482.,12,282,294
WBGene00017483.,3,27,30
WBGene00017484.,7,176,183
WBGene00017485.,13,90,103
WBGene00017486.,0,98,98
WBGene00017487.,65,233,298
WBGene00017488.,3,22,25
WBGene00017489.,25,54,79
WBGene00017490.,0,0,0
WBGene00017491.,0,0,0
WBGene00017492.,0,0,0
WBGene00017493.,4,16,20
WBGene00017494.,3,2,5
WBGene00017496.,1,0,1
WBGene00017497.,2,0,2
WBGene00017498.,16,330,346
WBGene00017499.,0,0,0
WBGene00017500.,0,0,0
WBGene00017501.,0,740,740
WBGene00017502.,0,112,112
WBGene00017503.,21,141,162
WBGene00017504.,19,78,97
WBGene00017505.,0,7,7
WBGene00017506.,35,751,786
WBGene00017507.,50,295,345
WBGene00017508.,14,81,95
WBGene00017509.,14,85,99
WBGene00017510.,43,96,139
WBGene00017511.,7,11,18
WBGene00017512.,15,141,156
WBGene00017513.,56,533,589
WBGene00017514.,110,1770,1880
WBGene00017515.,14,122,136
WBGene00017516.,1,1,2
WBGene00017517.,5,1,6
WBGene00017518.,2,0,2
WBGene00017519.,0,0,0
WBGene00017520.,1,0,1
WBGene00017521.,0,0,0
WBGene00017522.,0,0,0
WBGene00017523.,1,1,2
WBGene00017524.,0,2,2
WBGene00017525.,1,0,1
WBGene00017526.,3,1,4
WBGene00017527.,1,2,3
WBGene00017528.,1,1,2
WBGene00017529.,2,7,9
WBGene00017530.,43,248,291
WBGene00017532.,3,17,20
WBGene00017533.,3,5,8
WBGene00017534.,87,1015,1102
WBGene00017535.,37,371,408
WBGene00017536.,31,481,512
WBGene00017537.,17,171,188
WBGene00017538.,11,91,102
WBGene00017539.,0,0,0
WBGene00017540.,1,0,1
WBGene00017541.,6,6,12
WBGene00017542.,0,3,3
WBGene00017543.,5,23,28
WBGene00017544.,6,40,46
WBGene00017545.,14,92,106
WBGene00017546.,150,2207,2357
WBGene00017547.,53,310,363
WBGene00017548.,10,94,104
WBGene00017549.,48,251,299
WBGene00017550.,15,2,17
WBGene00017551.,0,1,1
WBGene00017552.,1,1,2
WBGene00017553.,1,2,3
WBGene00017554.,5,1,6
WBGene00017555.,4,3,7
WBGene00017556.,3,9,12
WBGene00017557.,39,956,995
WBGene00017559.,3,0,3
WBGene00017560.,1,4,5
WBGene00017562.,1,2,3
WBGene00017563.,74,109,183
WBGene00017564.,1,7,8
WBGene00017565.,2212,2759,4971
WBGene00017566.,4,5,9
WBGene00017567.,0,205,205
WBGene00017568.,65,851,916
WBGene00017569.,32,477,509
WBGene00017570.,40,123,163
WBGene00017571.,43,1312,1355
WBGene00017573.,4,4,8
WBGene00017574.,12,183,195
WBGene00017576.,66,145,211
WBGene00017577.,5,6,11
WBGene00017578.,19,31,50
WBGene00017579.,3,69,72
WBGene00017580.,90,265,355
WBGene00017581.,3,12,15
WBGene00017582.,14,481,495
WBGene00017583.,42,602,644
WBGene00017584.,0,0,0
WBGene00017585.,0,0,0
WBGene00017586.,8,24,32
WBGene00017587.,0,1,1
WBGene00017588.,2,1,3
WBGene00017589.,2,99,101
WBGene00017590.,1,0,1
WBGene00017591.,155,2037,2192
WBGene00017592.,3,17,20
WBGene00017593.,7,11,18
WBGene00017594.,5,7,12
WBGene00017597.,375,628,1003
WBGene00017598.,1,2,3
WBGene00017599.,0,316,316
WBGene00017600.,84,991,1075
WBGene00017601.,0,1,1
WBGene00017602.,0,0,0
WBGene00017603.,8,0,8
WBGene00017605.,720,6159,6879
WBGene00017606.,23,420,443
WBGene00017607.,64,461,525
WBGene00017608.,140,651,791
WBGene00017609.,0,0,0
WBGene00017610.,3,1,4
WBGene00017611.,8,41,49
WBGene00017612.,0,0,0
WBGene00017613.,1246,38173,39419
WBGene00017614.,12,41,53
WBGene00017615.,3,21,24
WBGene00017616.,45,158,203
WBGene00017618.,362,365,727
WBGene00017619.,7,22,29
WBGene00017620.,98,666,764
WBGene00017621.,100,3471,3571
WBGene00017625.,34,19,53
WBGene00017627.,0,0,0
WBGene00017628.,145,178,323
WBGene00017629.,0,0,0
WBGene00017630.,0,0,0
WBGene00017631.,0,5,5
WBGene00017632.,36,46,82
WBGene00017633.,31,32,63
WBGene00017634.,2,7,9
WBGene00017635.,101,80,181
WBGene00017636.,3,2,5
WBGene00017637.,75,514,589
WBGene00017638.,0,4,4
WBGene00017639.,271,915,1186
WBGene00017640.,114,777,891
WBGene00017641.,4,53,57
WBGene00017642.,206,1817,2023
WBGene00017643.,85,1069,1154
WBGene00017644.,403,1939,2342
WBGene00017645.,4,39,43
WBGene00017646.,96,388,484
WBGene00017647.,49,58,107
WBGene00017648.,11,94,105
WBGene00017650.,12,114,126
WBGene00017651.,66,112,178
WBGene00017652.,4,5,9
WBGene00017653.,232,1931,2163
WBGene00017654.,6,30,36
WBGene00017655.,1,3,4
WBGene00017656.,13,37,50
WBGene00017657.,713,6591,7304
WBGene00017658.,14,444,458
WBGene00017659.,51,1734,1785
WBGene00017660.,10,28,38
WBGene00017661.,13,219,232
WBGene00017662.,15,9,24
WBGene00017663.,279,2550,2829
WBGene00017664.,16,50,66
WBGene00017666.,9,55,64
WBGene00017667.,9,45,54
WBGene00017668.,1,2,3
WBGene00017670.,30,0,30
WBGene00017671.,387,17468,17855
WBGene00017672.,1,5,6
WBGene00017673.,2,33,35
WBGene00017674.,4,54,58
WBGene00017675.,194,3991,4185
WBGene00017676.,97,1009,1106
WBGene00017677.,2,3,5
WBGene00017678.,5,43,48
WBGene00017679.,0,6,6
WBGene00017680.,2,1,3
WBGene00017681.,11,90,101
WBGene00017683.,35,582,617
WBGene00017684.,2,3,5
WBGene00017685.,0,8,8
WBGene00017686.,120,1279,1399
WBGene00017687.,13,189,202
WBGene00017688.,58,872,930
WBGene00017690.,80,155,235
WBGene00017691.,250,2137,2387
WBGene00017692.,28,102,130
WBGene00017693.,0,1,1
WBGene00017694.,0,0,0
WBGene00017695.,0,1,1
WBGene00017696.,22,553,575
WBGene00017698.,66,741,807
WBGene00017699.,1065,2740,3805
WBGene00017700.,35,101,136
WBGene00017701.,0,11,11
WBGene00017702.,109,679,788
WBGene00017703.,30,81,111
WBGene00017704.,0,1,1
WBGene00017705.,0,4,4
WBGene00017706.,3,20,23
WBGene00017707.,0,1,1
WBGene00017708.,15,138,153
WBGene00017709.,1,2,3
WBGene00017710.,6,104,110
WBGene00017711.,8,236,244
WBGene00017712.,0,34,34
WBGene00017713.,3,0,3
WBGene00017714.,3,106,109
WBGene00017715.,24,434,458
WBGene00017716.,8,49,57
WBGene00017717.,7,164,171
WBGene00017718.,0,12,12
WBGene00017719.,292,2869,3161
WBGene00017720.,59,97,156
WBGene00017721.,7,37,44
WBGene00017722.,1,0,1
WBGene00017723.,30,35,65
WBGene00017724.,194,1001,1195
WBGene00017725.,0,4,4
WBGene00017726.,0,1843,1843
WBGene00017727.,0,6885,6885
WBGene00017729.,4,11,15
WBGene00017730.,8,111,119
WBGene00017731.,3,85,88
WBGene00017732.,43,454,497
WBGene00017733.,97,742,839
WBGene00017734.,108,10046,10154
WBGene00017735.,208,3470,3678
WBGene00017736.,4,36,40
WBGene00017737.,4,3,7
WBGene00017738.,57,487,544
WBGene00017739.,2,18,20
WBGene00017741.,199,1033,1232
WBGene00017742.,90,702,792
WBGene00017743.,3,9,12
WBGene00017744.,53,404,457
WBGene00017745.,88,914,1002
WBGene00017746.,213,709,922
WBGene00017747.,14,153,167
WBGene00017748.,126,1770,1896
WBGene00017749.,80,1185,1265
WBGene00017750.,27,208,235
WBGene00017751.,22,21,43
WBGene00017752.,5,4,9
WBGene00017754.,20,115,135
WBGene00017755.,65,2303,2368
WBGene00017756.,27,417,444
WBGene00017757.,22,1423,1445
WBGene00017758.,77,465,542
WBGene00017759.,8,1899,1907
WBGene00017760.,90,1276,1366
WBGene00017761.,202,193,395
WBGene00017762.,243,377,620
WBGene00017763.,167,1056,1223
WBGene00017764.,4,21,25
WBGene00017765.,139,2124,2263
WBGene00017766.,126,717,843
WBGene00017767.,38,430,468
WBGene00017768.,154,1168,1322
WBGene00017769.,66,1154,1220
WBGene00017770.,95,947,1042
WBGene00017771.,11,156,167
WBGene00017772.,247,3189,3436
WBGene00017773.,155,1909,2064
WBGene00017774.,25,364,389
WBGene00017775.,160,2447,2607
WBGene00017776.,61,795,856
WBGene00017777.,26,1742,1768
WBGene00017778.,222,1555,1777
WBGene00017779.,68,331,399
WBGene00017780.,57,181,238
WBGene00017781.,205,962,1167
WBGene00017782.,39,477,516
WBGene00017783.,5,64,69
WBGene00017784.,0,5,5
WBGene00017785.,1,52,53
WBGene00017786.,32,103,135
WBGene00017787.,2,89,91
WBGene00017788.,1,32,33
WBGene00017789.,46,812,858
WBGene00017790.,1,39,40
WBGene00017791.,0,0,0
WBGene00017792.,21,264,285
WBGene00017794.,33,235,268
WBGene00017795.,232,609,841
WBGene00017796.,0,128,128
WBGene00017797.,294,1701,1995
WBGene00017798.,15,202,217
WBGene00017799.,17,1066,1083
WBGene00017800.,43,718,761
WBGene00017801.,71,577,648
WBGene00017802.,2,16,18
WBGene00017803.,4,31,35
WBGene00017805.,41,96,137
WBGene00017806.,7,115,122
WBGene00017807.,18,13,31
WBGene00017808.,0,19,19
WBGene00017809.,4,4,8
WBGene00017810.,0,2,2
WBGene00017811.,83,699,782
WBGene00017813.,15,945,960
WBGene00017814.,66,130,196
WBGene00017815.,106,365,471
WBGene00017816.,32,1560,1592
WBGene00017817.,1,0,1
WBGene00017818.,173,351,524
WBGene00017819.,6,11,17
WBGene00017821.,10,15,25
WBGene00017822.,5,8,13
WBGene00017823.,7,110,117
WBGene00017824.,17,13,30
WBGene00017825.,24,758,782
WBGene00017826.,77,638,715
WBGene00017827.,44,230,274
WBGene00017828.,45,601,646
WBGene00017829.,227,729,956
WBGene00017830.,42,3105,3147
WBGene00017831.,63,358,421
WBGene00017832.,26,410,436
WBGene00017833.,53,200,253
WBGene00017834.,269,4169,4438
WBGene00017835.,9,111,120
WBGene00017836.,17,167,184
WBGene00017837.,51,510,561
WBGene00017838.,94,525,619
WBGene00017839.,0,2,2
WBGene00017840.,40,158,198
WBGene00017841.,0,59,59
WBGene00017842.,70,411,481
WBGene00017843.,0,2,2
WBGene00017845.,0,4,4
WBGene00017848.,0,31,31
WBGene00017849.,28,150,178
WBGene00017850.,203,1520,1723
WBGene00017851.,0,4,4
WBGene00017852.,131,3600,3731
WBGene00017853.,2,3,5
WBGene00017854.,0,92,92
WBGene00017855.,393,2782,3175
WBGene00017858.,72,208,280
WBGene00017860.,24,12,36
WBGene00017861.,29,172,201
WBGene00017864.,264,11305,11569
WBGene00017865.,20,36,56
WBGene00017866.,406,1582,1988
WBGene00017867.,4,12,16
WBGene00017868.,9,24,33
WBGene00017869.,1,0,1
WBGene00017870.,0,0,0
WBGene00017871.,2,2,4
WBGene00017872.,0,1,1
WBGene00017873.,0,20,20
WBGene00017874.,301,4549,4850
WBGene00017875.,0,18,18
WBGene00017876.,0,1,1
WBGene00017877.,1,0,1
WBGene00017878.,0,1,1
WBGene00017879.,28,73,101
WBGene00017880.,28,337,365
WBGene00017881.,7,96,103
WBGene00017885.,404,1851,2255
WBGene00017886.,14,133,147
WBGene00017887.,41,1255,1296
WBGene00017888.,78,425,503
WBGene00017889.,78,1637,1715
WBGene00017890.,2,5,7
WBGene00017891.,146,557,703
WBGene00017892.,65,700,765
WBGene00017893.,12,111,123
WBGene00017894.,172,717,889
WBGene00017895.,34,825,859
WBGene00017896.,1,1,2
WBGene00017898.,71,256,327
WBGene00017899.,4,1,5
WBGene00017900.,431,2884,3315
WBGene00017901.,113,1020,1133
WBGene00017902.,4,11,15
WBGene00017904.,351,951,1302
WBGene00017905.,16,150,166
WBGene00017906.,77,194,271
WBGene00017907.,218,738,956
WBGene00017908.,0,25,25
WBGene00017909.,21,8,29
WBGene00017910.,1,8,9
WBGene00017911.,1,5,6
WBGene00017912.,13,1,14
WBGene00017913.,2,0,2
WBGene00017914.,45,693,738
WBGene00017916.,173,894,1067
WBGene00017917.,1,0,1
WBGene00017918.,0,2,2
WBGene00017919.,39,303,342
WBGene00017920.,164,2443,2607
WBGene00017921.,91,1573,1664
WBGene00017922.,4,7,11
WBGene00017923.,27,1307,1334
WBGene00017924.,76,1099,1175
WBGene00017925.,1829,25277,27106
WBGene00017926.,1365,32322,33687
WBGene00017927.,0,4,4
WBGene00017928.,58,810,868
WBGene00017929.,829,959,1788
WBGene00017930.,1,16,17
WBGene00017931.,91,476,567
WBGene00017933.,2,7,9
WBGene00017934.,86,652,738
WBGene00017935.,0,1,1
WBGene00017936.,38,308,346
WBGene00017937.,4,81,85
WBGene00017938.,6,307,313
WBGene00017939.,87,176,263
WBGene00017941.,22,78,100
WBGene00017942.,0,1,1
WBGene00017944.,2,3,5
WBGene00017945.,39,383,422
WBGene00017947.,20,79,99
WBGene00017948.,28,191,219
WBGene00017949.,9,57,66
WBGene00017950.,25,258,283
WBGene00017951.,50,498,548
WBGene00017952.,290,781,1071
WBGene00017954.,15,618,633
WBGene00017955.,3,4,7
WBGene00017956.,6,7,13
WBGene00017957.,15,40,55
WBGene00017959.,4,44,48
WBGene00017960.,13,74,87
WBGene00017961.,19,107,126
WBGene00017962.,8,88,96
WBGene00017963.,4,10,14
WBGene00017964.,6,615,621
WBGene00017965.,13,61,74
WBGene00017967.,128,1297,1425
WBGene00017968.,80,727,807
WBGene00017969.,18,410,428
WBGene00017970.,113,4894,5007
WBGene00017971.,38,37,75
WBGene00017973.,295,757,1052
WBGene00017974.,26,200,226
WBGene00017975.,5,20,25
WBGene00017976.,169,797,966
WBGene00017977.,9,60,69
WBGene00017978.,0,85,85
WBGene00017979.,150,3382,3532
WBGene00017980.,272,2701,2973
WBGene00017981.,45,585,630
WBGene00017982.,1157,10320,11477
WBGene00017983.,292,419,711
WBGene00017984.,66,14266,14332
WBGene00017985.,6,363,369
WBGene00017986.,6,51,57
WBGene00017987.,1,4,5
WBGene00017988.,14,1903,1917
WBGene00017989.,54,1377,1431
WBGene00017990.,47,943,990
WBGene00017991.,66,451,517
WBGene00017992.,33,201,234
WBGene00017993.,150,6435,6585
WBGene00017995.,469,2584,3053
WBGene00017996.,60,902,962
WBGene00017997.,361,2520,2881
WBGene00017998.,13,85,98
WBGene00017999.,33,13,46
WBGene00018000.,0,1,1
WBGene00018001.,4,1,5
WBGene00018002.,81,288,369
WBGene00018003.,4,4,8
WBGene00018004.,4,9,13
WBGene00018005.,70,569,639
WBGene00018006.,30,432,462
WBGene00018007.,26,1226,1252
WBGene00018008.,59,2418,2477
WBGene00018009.,59,617,676
WBGene00018010.,16,63,79
WBGene00018011.,29,343,372
WBGene00018013.,83,667,750
WBGene00018014.,79,269,348
WBGene00018015.,37,271,308
WBGene00018016.,31,131,162
WBGene00018017.,52,1682,1734
WBGene00018018.,67,1716,1783
WBGene00018019.,0,0,0
WBGene00018021.,1,2,3
WBGene00018022.,12,33,45
WBGene00018023.,40,209,249
WBGene00018024.,253,7670,7923
WBGene00018025.,43,1074,1117
WBGene00018026.,46,295,341
WBGene00018027.,5,28,33
WBGene00018030.,17,2,19
WBGene00018031.,3,128,131
WBGene00018033.,956,2659,3615
WBGene00018034.,4,4,8
WBGene00018035.,6,33,39
WBGene00018036.,8,73,81
WBGene00018037.,45,139,184
WBGene00018038.,8,0,8
WBGene00018039.,1,1,2
WBGene00018040.,1,29,30
WBGene00018041.,10,140,150
WBGene00018042.,27,238,265
WBGene00018043.,20,137,157
WBGene00018044.,21,282,303
WBGene00018045.,2,959,961
WBGene00018046.,123,3259,3382
WBGene00018047.,7,12,19
WBGene00018048.,2,12,14
WBGene00018049.,0,1,1
WBGene00018050.,18,86,104
WBGene00018051.,189,1128,1317
WBGene00018052.,13,92,105
WBGene00018053.,1,3,4
WBGene00018054.,10,13,23
WBGene00018055.,0,8,8
WBGene00018056.,6,7,13
WBGene00018057.,1,2,3
WBGene00018058.,3,0,3
WBGene00018059.,6,2,8
WBGene00018060.,47,657,704
WBGene00018061.,41,361,402
WBGene00018062.,1,2,3
WBGene00018063.,0,3,3
WBGene00018064.,198,1489,1687
WBGene00018065.,6,19,25
WBGene00018066.,0,43,43
WBGene00018067.,41,414,455
WBGene00018068.,4,750,754
WBGene00018069.,73,544,617
WBGene00018070.,14,157,171
WBGene00018071.,8,388,396
WBGene00018072.,50,401,451
WBGene00018073.,49,884,933
WBGene00018074.,125,713,838
WBGene00018075.,207,903,1110
WBGene00018076.,51,244,295
WBGene00018077.,4,152,156
WBGene00018078.,14,732,746
WBGene00018080.,1,2,3
WBGene00018081.,1,4,5
WBGene00018082.,1,2,3
WBGene00018083.,2,10,12
WBGene00018084.,13,9,22
WBGene00018085.,1,73,74
WBGene00018087.,29,71,100
WBGene00018088.,104,473,577
WBGene00018089.,206,374,580
WBGene00018090.,103,1481,1584
WBGene00018091.,2,7,9
WBGene00018092.,1,8,9
WBGene00018093.,1,0,1
WBGene00018094.,16,5,21
WBGene00018096.,2,1,3
WBGene00018097.,0,0,0
WBGene00018098.,0,0,0
WBGene00018099.,9,61,70
WBGene00018100.,4,31,35
WBGene00018101.,7,21,28
WBGene00018102.,0,4,4
WBGene00018103.,0,3,3
WBGene00018104.,1,6,7
WBGene00018105.,0,2,2
WBGene00018106.,0,1,1
WBGene00018107.,0,0,0
WBGene00018108.,0,0,0
WBGene00018109.,0,1,1
WBGene00018110.,7,13,20
WBGene00018111.,17,18,35
WBGene00018112.,24,200,224
WBGene00018113.,8,31,39
WBGene00018114.,31,13,44
WBGene00018115.,27,397,424
WBGene00018117.,50,2712,2762
WBGene00018118.,4,52,56
WBGene00018119.,2,9,11
WBGene00018120.,0,0,0
WBGene00018121.,3,39,42
WBGene00018122.,0,0,0
WBGene00018123.,0,0,0
WBGene00018124.,0,0,0
WBGene00018125.,0,0,0
WBGene00018127.,6,0,6
WBGene00018130.,13,4,17
WBGene00018131.,111,1093,1204
WBGene00018132.,89,1446,1535
WBGene00018133.,11,71,82
WBGene00018134.,12,20,32
WBGene00018135.,2,17,19
WBGene00018136.,11,110,121
WBGene00018137.,11,226,237
WBGene00018138.,43,446,489
WBGene00018139.,6,2,8
WBGene00018140.,48,292,340
WBGene00018141.,5,0,5
WBGene00018142.,2,30,32
WBGene00018143.,6,9,15
WBGene00018144.,86,487,573
WBGene00018145.,428,5152,5580
WBGene00018146.,18,151,169
WBGene00018148.,13,7,20
WBGene00018149.,189,887,1076
WBGene00018150.,27,361,388
WBGene00018151.,532,4152,4684
WBGene00018152.,46,2336,2382
WBGene00018153.,4,36,40
WBGene00018154.,112,1063,1175
WBGene00018155.,4,21,25
WBGene00018156.,158,1824,1982
WBGene00018157.,16,61,77
WBGene00018158.,4,13,17
WBGene00018159.,519,2574,3093
WBGene00018160.,29,891,920
WBGene00018161.,50,1619,1669
WBGene00018162.,0,0,0
WBGene00018163.,4,5,9
WBGene00018164.,2,1692,1694
WBGene00018165.,6,15,21
WBGene00018166.,19,293,312
WBGene00018167.,14,224,238
WBGene00018168.,29,4,33
WBGene00018169.,0,0,0
WBGene00018170.,1,275,276
WBGene00018172.,16,20,36
WBGene00018173.,22,127,149
WBGene00018174.,13,62,75
WBGene00018175.,145,474,619
WBGene00018176.,8,17,25
WBGene00018178.,8,3,11
WBGene00018179.,11,27,38
WBGene00018180.,55,61,116
WBGene00018181.,53,1183,1236
WBGene00018182.,2,5,7
WBGene00018184.,7,172,179
WBGene00018186.,0,9,9
WBGene00018187.,2113,4863,6976
WBGene00018188.,186,1204,1390
WBGene00018189.,12,4,16
WBGene00018190.,2,7,9
WBGene00018191.,223,191,414
WBGene00018192.,0,0,0
WBGene00018193.,91,2737,2828
WBGene00018194.,9,233,242
WBGene00018195.,0,13,13
WBGene00018196.,10,3,13
WBGene00018198.,86,58,144
WBGene00018199.,28,409,437
WBGene00018200.,0,24,24
WBGene00018201.,2,141,143
WBGene00018202.,0,6,6
WBGene00018203.,1,16,17
WBGene00018204.,22,210,232
WBGene00018205.,1,0,1
WBGene00018206.,29,371,400
WBGene00018207.,8,45,53
WBGene00018208.,47,1159,1206
WBGene00018209.,5,6,11
WBGene00018210.,7,197,204
WBGene00018211.,9,14,23
WBGene00018212.,43,286,329
WBGene00018213.,20,139,159
WBGene00018214.,278,3527,3805
WBGene00018215.,64,302,366
WBGene00018216.,207,574,781
WBGene00018217.,650,1489,2139
WBGene00018218.,24,3171,3195
WBGene00018219.,71,665,736
WBGene00018221.,612,6931,7543
WBGene00018222.,42,229,271
WBGene00018223.,0,24,24
WBGene00018224.,6,10,16
WBGene00018225.,4,5,9
WBGene00018226.,65,413,478
WBGene00018227.,8,25,33
WBGene00018228.,0,2,2
WBGene00018229.,0,77,77
WBGene00018230.,12,913,925
WBGene00018231.,2,1,3
WBGene00018232.,153,62,215
WBGene00018233.,0,7,7
WBGene00018234.,2,10,12
WBGene00018235.,2,10,12
WBGene00018236.,0,14,14
WBGene00018237.,221,2649,2870
WBGene00018238.,52,1266,1318
WBGene00018239.,26,368,394
WBGene00018240.,178,1170,1348
WBGene00018241.,8,35,43
WBGene00018242.,2,11,13
WBGene00018243.,0,0,0
WBGene00018244.,0,0,0
WBGene00018245.,2,3,5
WBGene00018246.,1,0,1
WBGene00018247.,0,1,1
WBGene00018248.,1,4,5
WBGene00018249.,177,1868,2045
WBGene00018250.,56,393,449
WBGene00018251.,40,192,232
WBGene00018252.,7,146,153
WBGene00018253.,0,10,10
WBGene00018254.,3,11,14
WBGene00018255.,33,39,72
WBGene00018256.,6,82,88
WBGene00018257.,129,2769,2898
WBGene00018258.,98,1065,1163
WBGene00018259.,129,937,1066
WBGene00018260.,22,139,161
WBGene00018261.,26,141,167
WBGene00018262.,8,41,49
WBGene00018264.,0,8,8
WBGene00018265.,46,435,481
WBGene00018266.,27,590,617
WBGene00018267.,2,4,6
WBGene00018268.,2,101,103
WBGene00018269.,49,404,453
WBGene00018270.,23,1129,1152
WBGene00018271.,375,91738,92113
WBGene00018273.,177,255,432
WBGene00018274.,87,356,443
WBGene00018275.,75,259,334
WBGene00018278.,0,0,0
WBGene00018279.,0,11,11
WBGene00018280.,2,6,8
WBGene00018281.,71,507,578
WBGene00018282.,42,474,516
WBGene00018283.,8,29,37
WBGene00018284.,2,17,19
WBGene00018285.,743,4860,5603
WBGene00018286.,10,66,76
WBGene00018288.,18,337,355
WBGene00018289.,7,10,17
WBGene00018290.,127,3599,3726
WBGene00018291.,3,9,12
WBGene00018292.,3,838,841
WBGene00018293.,49,340,389
WBGene00018294.,27,1302,1329
WBGene00018295.,3,29,32
WBGene00018296.,0,4,4
WBGene00018297.,0,665,665
WBGene00018298.,462,7631,8093
WBGene00018300.,34,532,566
WBGene00018301.,10,15,25
WBGene00018302.,12,238,250
WBGene00018303.,542,7090,7632
WBGene00018304.,202,880,1082
WBGene00018305.,148,1455,1603
WBGene00018307.,34,171,205
WBGene00018309.,11,70,81
WBGene00018310.,6,121,127
WBGene00018311.,40,633,673
WBGene00018312.,3,4,7
WBGene00018313.,9,27,36
WBGene00018314.,2,35,37
WBGene00018315.,15,13,28
WBGene00018316.,46,961,1007
WBGene00018317.,61,1262,1323
WBGene00018318.,6,301,307
WBGene00018319.,232,924,1156
WBGene00018321.,8,240,248
WBGene00018322.,0,1,1
WBGene00018323.,15,1,16
WBGene00018324.,1,3,4
WBGene00018325.,8,0,8
WBGene00018326.,2,14,16
WBGene00018327.,4,7,11
WBGene00018328.,126,419,545
WBGene00018329.,3,9,12
WBGene00018330.,42,816,858
WBGene00018332.,2,2,4
WBGene00018333.,1,28,29
WBGene00018334.,35,235,270
WBGene00018335.,121,766,887
WBGene00018336.,1,0,1
WBGene00018337.,63,333,396
WBGene00018338.,3,133,136
WBGene00018339.,53,3482,3535
WBGene00018340.,60,2619,2679
WBGene00018341.,348,3743,4091
WBGene00018342.,91,585,676
WBGene00018343.,5,164,169
WBGene00018344.,87,342,429
WBGene00018345.,19,44,63
WBGene00018346.,31,242,273
WBGene00018347.,8,36,44
WBGene00018348.,30,193,223
WBGene00018349.,108,3670,3778
WBGene00018350.,36,579,615
WBGene00018351.,7,30,37
WBGene00018352.,5,16,21
WBGene00018353.,11,17,28
WBGene00018354.,9,3,12
WBGene00018355.,10,43,53
WBGene00018356.,115,1331,1446
WBGene00018357.,36,688,724
WBGene00018358.,2,20,22
WBGene00018359.,8,4,12
WBGene00018360.,8,6,14
WBGene00018361.,1339,10332,11671
WBGene00018362.,35,4682,4717
WBGene00018363.,62,1085,1147
WBGene00018364.,95,211,306
WBGene00018365.,5,93,98
WBGene00018366.,65,486,551
WBGene00018367.,126,1368,1494
WBGene00018369.,109,835,944
WBGene00018370.,130,990,1120
WBGene00018371.,30,422,452
WBGene00018373.,314,1757,2071
WBGene00018374.,83,311,394
WBGene00018375.,8,20,28
WBGene00018376.,469,4427,4896
WBGene00018377.,11,24,35
WBGene00018378.,0,2,2
WBGene00018379.,9,3,12
WBGene00018380.,3,36,39
WBGene00018381.,22,5,27
WBGene00018382.,1,1,2
WBGene00018383.,3,86,89
WBGene00018384.,7,24,31
WBGene00018385.,0,3,3
WBGene00018386.,36,240,276
WBGene00018387.,6,4,10
WBGene00018388.,1489,1,1490
WBGene00018389.,2,0,2
WBGene00018390.,27,381,408
WBGene00018391.,49,2170,2219
WBGene00018392.,138,830,968
WBGene00018393.,16,2056,2072
WBGene00018394.,12,44,56
WBGene00018395.,125,10037,10162
WBGene00018397.,8,18,26
WBGene00018398.,69,423,492
WBGene00018399.,20,253,273
WBGene00018400.,63,687,750
WBGene00018402.,38,503,541
WBGene00018403.,43,173,216
WBGene00018404.,7,21,28
WBGene00018405.,289,1489,1778
WBGene00018406.,12,16,28
WBGene00018407.,571,3684,4255
WBGene00018408.,165,720,885
WBGene00018409.,31,947,978
WBGene00018410.,7,11,18
WBGene00018411.,23,76,99
WBGene00018412.,3,16,19
WBGene00018413.,12,176,188
WBGene00018414.,10,21,31
WBGene00018415.,10,181,191
WBGene00018417.,211,1401,1612
WBGene00018418.,12,863,875
WBGene00018419.,121,773,894
WBGene00018420.,164,1213,1377
WBGene00018421.,17,802,819
WBGene00018422.,37,1659,1696
WBGene00018423.,47,267,314
WBGene00018424.,47,621,668
WBGene00018425.,4,7,11
WBGene00018426.,87,3521,3608
WBGene00018427.,10,885,895
WBGene00018428.,4,7,11
WBGene00018429.,3,7,10
WBGene00018430.,33,153,186
WBGene00018431.,14,1767,1781
WBGene00018432.,6,17,23
WBGene00018433.,0,0,0
WBGene00018434.,0,4,4
WBGene00018435.,0,27,27
WBGene00018436.,0,0,0
WBGene00018437.,2,0,2
WBGene00018438.,1,0,1
WBGene00018439.,0,0,0
WBGene00018440.,0,1,1
WBGene00018441.,0,0,0
WBGene00018442.,6,2,8
WBGene00018443.,0,0,0
WBGene00018444.,1,4,5
WBGene00018445.,0,8,8
WBGene00018446.,8,18,26
WBGene00018447.,1,5,6
WBGene00018448.,2,95,97
WBGene00018449.,0,0,0
WBGene00018450.,0,0,0
WBGene00018451.,0,0,0
WBGene00018452.,0,1,1
WBGene00018454.,0,5,5
WBGene00018455.,2,1,3
WBGene00018456.,8,17,25
WBGene00018457.,0,1,1
WBGene00018458.,0,4,4
WBGene00018459.,0,15,15
WBGene00018460.,0,0,0
WBGene00018461.,0,0,0
WBGene00018462.,32,767,799
WBGene00018463.,0,0,0
WBGene00018465.,10,119,129
WBGene00018466.,20,206,226
WBGene00018467.,98,473,571
WBGene00018468.,1224,8989,10213
WBGene00018470.,125,594,719
WBGene00018471.,7,14,21
WBGene00018472.,83,185,268
WBGene00018473.,26,133,159
WBGene00018474.,35,638,673
WBGene00018475.,331,5990,6321
WBGene00018476.,28,185,213
WBGene00018477.,2,12,14
WBGene00018478.,10,52,62
WBGene00018479.,0,8,8
WBGene00018480.,3,57,60
WBGene00018481.,117,1011,1128
WBGene00018482.,144,2133,2277
WBGene00018483.,8,153,161
WBGene00018484.,5,15,20
WBGene00018485.,713,1802,2515
WBGene00018486.,18,167,185
WBGene00018487.,17,96,113
WBGene00018488.,84,1020,1104
WBGene00018489.,1,0,1
WBGene00018490.,2,0,2
WBGene00018491.,264,21525,21789
WBGene00018492.,43,410,453
WBGene00018493.,0,1,1
WBGene00018494.,1,3,4
WBGene00018495.,0,0,0
WBGene00018496.,0,0,0
WBGene00018497.,0,2,2
WBGene00018498.,0,0,0
WBGene00018499.,0,21,21
WBGene00018500.,0,0,0
WBGene00018501.,0,0,0
WBGene00018502.,1,0,1
WBGene00018503.,0,0,0
WBGene00018504.,0,0,0
WBGene00018505.,1,1,2
WBGene00018506.,2,3,5
WBGene00018507.,0,1,1
WBGene00018508.,468,2668,3136
WBGene00018509.,93,1244,1337
WBGene00018510.,25,101,126
WBGene00018511.,33,257,290
WBGene00018512.,134,1037,1171
WBGene00018513.,1,193,194
WBGene00018514.,49,394,443
WBGene00018515.,2,48,50
WBGene00018516.,25,549,574
WBGene00018517.,233,1621,1854
WBGene00018518.,33,1080,1113
WBGene00018519.,966,134660,135626
WBGene00018520.,148,1091,1239
WBGene00018521.,6,149,155
WBGene00018522.,171,1916,2087
WBGene00018523.,92,329,421
WBGene00018525.,0,0,0
WBGene00018526.,0,0,0
WBGene00018527.,0,0,0
WBGene00018528.,2,8,10
WBGene00018529.,0,0,0
WBGene00018530.,0,0,0
WBGene00018531.,2,3,5
WBGene00018532.,1193,18729,19922
WBGene00018533.,209,1218,1427
WBGene00018534.,3,1,4
WBGene00018535.,3,9,12
WBGene00018536.,0,1,1
WBGene00018537.,4,2,6
WBGene00018538.,96,888,984
WBGene00018539.,32,26,58
WBGene00018540.,3,10,13
WBGene00018541.,5,52,57
WBGene00018542.,8,63,71
WBGene00018543.,4,22,26
WBGene00018544.,3,23,26
WBGene00018545.,9,24,33
WBGene00018547.,125,67,192
WBGene00018548.,5,22,27
WBGene00018549.,1,3,4
WBGene00018550.,2,0,2
WBGene00018551.,17,14,31
WBGene00018552.,12,49,61
WBGene00018553.,2,1,3
WBGene00018554.,1,4,5
WBGene00018555.,11,0,11
WBGene00018556.,2,0,2
WBGene00018557.,0,1,1
WBGene00018558.,6,53,59
WBGene00018559.,0,3,3
WBGene00018560.,84,872,956
WBGene00018561.,16,94,110
WBGene00018562.,120,808,928
WBGene00018563.,5,15,20
WBGene00018564.,369,1284,1653
WBGene00018565.,35,538,573
WBGene00018566.,10,72,82
WBGene00018567.,4,2,6
WBGene00018568.,9,27,36
WBGene00018569.,107,462,569
WBGene00018571.,16,35,51
WBGene00018572.,432,1497,1929
WBGene00018573.,5,2,7
WBGene00018575.,2,4,6
WBGene00018576.,28,180,208
WBGene00018577.,8,79,87
WBGene00018578.,9,154,163
WBGene00018579.,381,1972,2353
WBGene00018580.,7,3,10
WBGene00018582.,499,651,1150
WBGene00018585.,44,280,324
WBGene00018586.,64,642,706
WBGene00018587.,39,68,107
WBGene00018589.,304,32,336
WBGene00018590.,30,4032,4062
WBGene00018591.,4,20,24
WBGene00018593.,25,542,567
WBGene00018594.,53,387,440
WBGene00018595.,9,174,183
WBGene00018596.,21,10,31
WBGene00018598.,15,110,125
WBGene00018599.,70,1450,1520
WBGene00018600.,13,8,21
WBGene00018601.,1,0,1
WBGene00018602.,17,891,908
WBGene00018603.,36,110,146
WBGene00018604.,79,2380,2459
WBGene00018605.,9,19,28
WBGene00018606.,3,35,38
WBGene00018607.,209,773,982
WBGene00018608.,158,380,538
WBGene00018609.,147,1335,1482
WBGene00018610.,13,766,779
WBGene00018611.,123,525,648
WBGene00018612.,48,689,737
WBGene00018613.,5,213,218
WBGene00018614.,0,34,34
WBGene00018615.,17,116,133
WBGene00018616.,0,4,4
WBGene00018617.,1,1,2
WBGene00018618.,1,2,3
WBGene00018619.,0,4,4
WBGene00018620.,4,7,11
WBGene00018621.,0,62,62
WBGene00018622.,20,179,199
WBGene00018623.,11,16,27
WBGene00018624.,4,21,25
WBGene00018625.,24,1106,1130
WBGene00018626.,8,55,63
WBGene00018627.,1,4,5
WBGene00018628.,15,1,16
WBGene00018630.,7,22,29
WBGene00018631.,0,1,1
WBGene00018632.,13,334,347
WBGene00018634.,126,742,868
WBGene00018635.,36,387,423
WBGene00018636.,60,337,397
WBGene00018637.,26,603,629
WBGene00018638.,16,519,535
WBGene00018639.,144,702,846
WBGene00018640.,15,52,67
WBGene00018641.,29,241,270
WBGene00018643.,4,5,9
WBGene00018644.,0,0,0
WBGene00018645.,26,315,341
WBGene00018646.,11,42,53
WBGene00018647.,2,8,10
WBGene00018648.,9,16,25
WBGene00018649.,0,0,0
WBGene00018650.,0,3,3
WBGene00018651.,0,0,0
WBGene00018652.,1,2,3
WBGene00018653.,5,15,20
WBGene00018654.,37,436,473
WBGene00018655.,43,461,504
WBGene00018656.,260,2829,3089
WBGene00018657.,137,1117,1254
WBGene00018658.,0,16,16
WBGene00018659.,0,100,100
WBGene00018660.,0,24,24
WBGene00018661.,0,5,5
WBGene00018662.,1,3,4
WBGene00018663.,0,3,3
WBGene00018664.,7,28,35
WBGene00018665.,6,72,78
WBGene00018666.,2,25,27
WBGene00018667.,5,108,113
WBGene00018668.,4,73,77
WBGene00018669.,4,38,42
WBGene00018670.,0,5,5
WBGene00018671.,3,8,11
WBGene00018672.,138,557,695
WBGene00018674.,222,1339,1561
WBGene00018675.,45,234,279
WBGene00018678.,53,440,493
WBGene00018679.,214,1118,1332
WBGene00018680.,58,111,169
WBGene00018681.,381,1088,1469
WBGene00018682.,23,533,556
WBGene00018683.,22,59,81
WBGene00018684.,0,3,3
WBGene00018687.,0,14,14
WBGene00018688.,1,15,16
WBGene00018689.,10,89,99
WBGene00018690.,18,23,41
WBGene00018691.,1,8,9
WBGene00018692.,111,3254,3365
WBGene00018693.,11,13,24
WBGene00018694.,9,28,37
WBGene00018696.,53,430,483
WBGene00018697.,24,325,349
WBGene00018698.,8,71,79
WBGene00018699.,0,0,0
WBGene00018700.,845,3368,4213
WBGene00018701.,304,16522,16826
WBGene00018702.,17,748,765
WBGene00018703.,45,505,550
WBGene00018704.,12,411,423
WBGene00018706.,1,42,43
WBGene00018707.,6,64,70
WBGene00018708.,2,7,9
WBGene00018709.,3,12,15
WBGene00018710.,565,4664,5229
WBGene00018711.,145,271,416
WBGene00018712.,97,187,284
WBGene00018713.,13,38,51
WBGene00018714.,21,626,647
WBGene00018715.,16,184,200
WBGene00018716.,134,262,396
WBGene00018717.,20,316,336
WBGene00018718.,19,100,119
WBGene00018719.,78,785,863
WBGene00018720.,244,1511,1755
WBGene00018721.,78,295,373
WBGene00018723.,79,306,385
WBGene00018724.,0,776,776
WBGene00018725.,0,1267,1267
WBGene00018726.,8,49,57
WBGene00018727.,86,312,398
WBGene00018728.,69,113,182
WBGene00018729.,0,1368,1368
WBGene00018730.,0,3338,3338
WBGene00018731.,0,2903,2903
WBGene00018732.,0,1376,1376
WBGene00018734.,897,1701,2598
WBGene00018735.,19,216,235
WBGene00018736.,9,233,242
WBGene00018738.,36,107,143
WBGene00018739.,128,833,961
WBGene00018740.,150,670,820
WBGene00018741.,31,29,60
WBGene00018742.,21,91,112
WBGene00018743.,80,973,1053
WBGene00018744.,6,1014,1020
WBGene00018745.,12,28,40
WBGene00018746.,7,50,57
WBGene00018747.,52,264,316
WBGene00018748.,38,424,462
WBGene00018749.,0,0,0
WBGene00018750.,230,869,1099
WBGene00018751.,4,0,4
WBGene00018752.,9,29,38
WBGene00018754.,11,73,84
WBGene00018755.,21,171,192
WBGene00018756.,331,2360,2691
WBGene00018757.,71,810,881
WBGene00018758.,52,587,639
WBGene00018759.,0,0,0
WBGene00018760.,109,280,389
WBGene00018761.,525,29,554
WBGene00018762.,152,2173,2325
WBGene00018763.,56,1600,1656
WBGene00018764.,5,5793,5798
WBGene00018765.,850,3282,4132
WBGene00018766.,55,97,152
WBGene00018767.,1,6,7
WBGene00018768.,1,1,2
WBGene00018769.,78,2015,2093
WBGene00018771.,10,19,29
WBGene00018772.,72,154,226
WBGene00018773.,15,18,33
WBGene00018774.,43,122,165
WBGene00018776.,308,3284,3592
WBGene00018777.,140,430,570
WBGene00018778.,516,3908,4424
WBGene00018779.,18,140,158
WBGene00018781.,199,591,790
WBGene00018782.,526,5300,5826
WBGene00018783.,3,9,12
WBGene00018784.,242,4624,4866
WBGene00018785.,138,650,788
WBGene00018786.,11,223,234
WBGene00018787.,51,488,539
WBGene00018788.,98,339,437
WBGene00018789.,34,198,232
WBGene00018791.,49,184,233
WBGene00018792.,5,3,8
WBGene00018793.,379,2106,2485
WBGene00018794.,206,401,607
WBGene00018795.,40,420,460
WBGene00018797.,170,898,1068
WBGene00018798.,43,242,285
WBGene00018802.,56,1941,1997
WBGene00018803.,42,1792,1834
WBGene00018804.,17,301,318
WBGene00018805.,5,12,17
WBGene00018806.,0,94,94
WBGene00018807.,2,84,86
WBGene00018808.,0,0,0
WBGene00018809.,4,1,5
WBGene00018810.,5,0,5
WBGene00018811.,942,9015,9957
WBGene00018812.,152,1143,1295
WBGene00018813.,1,10,11
WBGene00018814.,35,611,646
WBGene00018815.,1,2,3
WBGene00018816.,2,2,4
WBGene00018819.,237,2180,2417
WBGene00018820.,7,8,15
WBGene00018821.,2,0,2
WBGene00018822.,0,0,0
WBGene00018823.,6,422,428
WBGene00018824.,0,4,4
WBGene00018825.,8,20,28
WBGene00018826.,0,10,10
WBGene00018827.,14,521,535
WBGene00018828.,0,165,165
WBGene00018829.,11,13,24
WBGene00018830.,48,521,569
WBGene00018831.,37,527,564
WBGene00018833.,187,340,527
WBGene00018834.,0,2,2
WBGene00018835.,37,319,356
WBGene00018836.,46,473,519
WBGene00018837.,1526,2122,3648
WBGene00018838.,0,0,0
WBGene00018839.,1,101,102
WBGene00018840.,1,3,4
WBGene00018841.,0,0,0
WBGene00018842.,0,20,20
WBGene00018844.,0,7,7
WBGene00018845.,17,120,137
WBGene00018846.,13903,112960,126863
WBGene00018847.,108,1190,1298
WBGene00018848.,69,446,515
WBGene00018849.,38,3515,3553
WBGene00018850.,20,46,66
WBGene00018851.,5,7,12
WBGene00018852.,6,51,57
WBGene00018853.,71,1128,1199
WBGene00018854.,95,2254,2349
WBGene00018855.,4,152,156
WBGene00018856.,9,13,22
WBGene00018857.,124,1375,1499
WBGene00018859.,41,239,280
WBGene00018860.,104,273,377
WBGene00018861.,38,155,193
WBGene00018862.,19,208,227
WBGene00018863.,3,372,375
WBGene00018864.,119,852,971
WBGene00018865.,4,1,5
WBGene00018866.,154,1969,2123
WBGene00018867.,35,127,162
WBGene00018868.,36,37,73
WBGene00018869.,264,2709,2973
WBGene00018870.,4,16,20
WBGene00018871.,25,767,792
WBGene00018872.,296,1683,1979
WBGene00018873.,2,27,29
WBGene00018874.,19,25,44
WBGene00018875.,0,1,1
WBGene00018877.,179,1494,1673
WBGene00018878.,4,508,512
WBGene00018879.,91,520,611
WBGene00018880.,27,52,79
WBGene00018881.,0,23,23
WBGene00018882.,0,3,3
WBGene00018883.,0,21,21
WBGene00018884.,21,7,28
WBGene00018885.,15,96,111
WBGene00018886.,4,332,336
WBGene00018888.,0,2,2
WBGene00018890.,185,1934,2119
WBGene00018891.,149,1989,2138
WBGene00018892.,46,1902,1948
WBGene00018893.,303,2694,2997
WBGene00018894.,4,677,681
WBGene00018895.,3,1,4
WBGene00018896.,10,37,47
WBGene00018897.,24,423,447
WBGene00018898.,308,6091,6399
WBGene00018899.,8,56,64
WBGene00018900.,31,981,1012
WBGene00018901.,1,31,32
WBGene00018902.,7,180,187
WBGene00018903.,3,68,71
WBGene00018904.,10,747,757
WBGene00018906.,13,27,40
WBGene00018907.,46,104,150
WBGene00018908.,30,141,171
WBGene00018909.,50,274,324
WBGene00018910.,0,0,0
WBGene00018911.,0,0,0
WBGene00018912.,0,0,0
WBGene00018913.,0,0,0
WBGene00018914.,0,0,0
WBGene00018915.,0,0,0
WBGene00018917.,0,0,0
WBGene00018918.,0,1,1
WBGene00018919.,0,0,0
WBGene00018920.,0,0,0
WBGene00018921.,2,18,20
WBGene00018923.,131,386,517
WBGene00018924.,63,141,204
WBGene00018925.,9,512,521
WBGene00018926.,2,1,3
WBGene00018928.,48,219,267
WBGene00018929.,5,14,19
WBGene00018930.,1,4,5
WBGene00018931.,12,7,19
WBGene00018932.,77,2146,2223
WBGene00018933.,3,4,7
WBGene00018934.,27,2245,2272
WBGene00018935.,9,768,777
WBGene00018937.,34,241,275
WBGene00018938.,0,1,1
WBGene00018939.,4,59,63
WBGene00018940.,0,5,5
WBGene00018941.,0,9,9
WBGene00018942.,0,1,1
WBGene00018943.,3,2,5
WBGene00018944.,1,6,7
WBGene00018945.,10,124,134
WBGene00018946.,9,19,28
WBGene00018948.,6,79,85
WBGene00018949.,1,2,3
WBGene00018950.,27,216,243
WBGene00018951.,35,971,1006
WBGene00018952.,28,205,233
WBGene00018953.,343,2991,3334
WBGene00018954.,76,275,351
WBGene00018955.,28,538,566
WBGene00018957.,29,428,457
WBGene00018958.,66,325,391
WBGene00018959.,39,475,514
WBGene00018960.,18,679,697
WBGene00018961.,173,1590,1763
WBGene00018963.,844,11728,12572
WBGene00018964.,22,235,257
WBGene00018965.,15,63,78
WBGene00018966.,16,142,158
WBGene00018967.,90,1725,1815
WBGene00018968.,7,37,44
WBGene00018969.,29,832,861
WBGene00018970.,1,1,2
WBGene00018971.,33,139,172
WBGene00018972.,1,9,10
WBGene00018973.,1,2,3
WBGene00018974.,172,808,980
WBGene00018975.,315,1145,1460
WBGene00018976.,215,188,403
WBGene00018978.,1,3,4
WBGene00018979.,2,3,5
WBGene00018980.,3,1,4
WBGene00018981.,0,4,4
WBGene00018982.,2,2,4
WBGene00018984.,43,276,319
WBGene00018985.,115,920,1035
WBGene00018986.,25,444,469
WBGene00018987.,69,482,551
WBGene00018988.,17,202,219
WBGene00018989.,48,469,517
WBGene00018990.,34,205,239
WBGene00018991.,34,109,143
WBGene00018992.,16,15,31
WBGene00018993.,2,9,11
WBGene00018994.,5,5,10
WBGene00018995.,70,539,609
WBGene00018996.,29,842,871
WBGene00018997.,7,36,43
WBGene00018998.,128,1337,1465
WBGene00018999.,4,11,15
WBGene00019001.,503,10058,10561
WBGene00019002.,23,220,243
WBGene00019003.,98,3056,3154
WBGene00019004.,38,659,697
WBGene00019005.,129,1174,1303
WBGene00019006.,92,945,1037
WBGene00019007.,2180,5121,7301
WBGene00019008.,25,422,447
WBGene00019009.,34,202,236
WBGene00019010.,117,10,127
WBGene00019011.,136,808,944
WBGene00019012.,43,232,275
WBGene00019013.,6,130,136
WBGene00019014.,17,143,160
WBGene00019015.,1,9,10
WBGene00019016.,0,4,4
WBGene00019017.,30,2373,2403
WBGene00019018.,807,2108,2915
WBGene00019019.,234,50,284
WBGene00019020.,0,241,241
WBGene00019021.,3,84,87
WBGene00019022.,21,103,124
WBGene00019023.,37,160,197
WBGene00019024.,1,3,4
WBGene00019025.,21,129,150
WBGene00019026.,0,3,3
WBGene00019027.,2,15,17
WBGene00019028.,0,4,4
WBGene00019029.,34,23,57
WBGene00019030.,83,261,344
WBGene00019032.,15,80,95
WBGene00019034.,0,0,0
WBGene00019035.,0,2,2
WBGene00019036.,7,4,11
WBGene00019037.,0,3,3
WBGene00019038.,2,2,4
WBGene00019039.,1,1,2
WBGene00019040.,1,2,3
WBGene00019041.,0,1,1
WBGene00019042.,0,2,2
WBGene00019043.,1,1,2
WBGene00019044.,0,1,1
WBGene00019045.,0,1,1
WBGene00019046.,1,6,7
WBGene00019047.,6,105,111
WBGene00019048.,14,183,197
WBGene00019049.,6,23,29
WBGene00019050.,3,2,5
WBGene00019051.,0,2,2
WBGene00019053.,3,3,6
WBGene00019054.,4,3,7
WBGene00019055.,49,815,864
WBGene00019057.,10,45,55
WBGene00019058.,6,24,30
WBGene00019059.,2,10,12
WBGene00019060.,25,152,177
WBGene00019061.,2914,32889,35803
WBGene00019062.,0,0,0
WBGene00019063.,1,8,9
WBGene00019064.,67,1251,1318
WBGene00019065.,0,1,1
WBGene00019066.,0,1,1
WBGene00019067.,14,81,95
WBGene00019068.,6,44,50
WBGene00019069.,215,476,691
WBGene00019070.,0,48,48
WBGene00019072.,0,0,0
WBGene00019073.,0,0,0
WBGene00019074.,157,1037,1194
WBGene00019075.,17,286,303
WBGene00019076.,81,1259,1340
WBGene00019077.,23,907,930
WBGene00019079.,106,1292,1398
WBGene00019080.,7,26,33
WBGene00019081.,12,5,17
WBGene00019082.,10,115,125
WBGene00019084.,7,29,36
WBGene00019085.,3,7,10
WBGene00019086.,1,2,3
WBGene00019087.,13,810,823
WBGene00019089.,5,6,11
WBGene00019090.,299,2717,3016
WBGene00019091.,6,13,19
WBGene00019092.,686,7214,7900
WBGene00019094.,7,8,15
WBGene00019095.,5,87,92
WBGene00019096.,2,2,4
WBGene00019097.,36,760,796
WBGene00019098.,5,9,14
WBGene00019099.,3,4,7
WBGene00019100.,50,201,251
WBGene00019101.,11,38,49
WBGene00019102.,372,1821,2193
WBGene00019103.,39,83,122
WBGene00019104.,0,1,1
WBGene00019105.,5,329,334
WBGene00019106.,5,22,27
WBGene00019107.,5,12,17
WBGene00019108.,7,168,175
WBGene00019109.,128,367,495
WBGene00019111.,33,287,320
WBGene00019112.,4,13,17
WBGene00019113.,15,202,217
WBGene00019114.,9,131,140
WBGene00019115.,16,109,125
WBGene00019116.,22,303,325
WBGene00019117.,25,161,186
WBGene00019118.,16,831,847
WBGene00019119.,2,8,10
WBGene00019120.,38,876,914
WBGene00019121.,16,992,1008
WBGene00019122.,140,12,152
WBGene00019123.,6,1,7
WBGene00019124.,154,1778,1932
WBGene00019125.,24,193,217
WBGene00019126.,14,40,54
WBGene00019127.,87,818,905
WBGene00019128.,121,317,438
WBGene00019129.,38,210,248
WBGene00019130.,63,280,343
WBGene00019131.,3,39,42
WBGene00019132.,21,18,39
WBGene00019133.,5,7,12
WBGene00019134.,4,28,32
WBGene00019135.,0,5,5
WBGene00019137.,0,0,0
WBGene00019138.,52,11,63
WBGene00019139.,11,38,49
WBGene00019140.,7,54,61
WBGene00019141.,11,121,132
WBGene00019142.,10,232,242
WBGene00019143.,37,519,556
WBGene00019144.,13,22,35
WBGene00019145.,0,9,9
WBGene00019146.,2,7,9
WBGene00019148.,31,256,287
WBGene00019149.,94,157,251
WBGene00019150.,0,5,5
WBGene00019151.,2,5,7
WBGene00019152.,5,29,34
WBGene00019153.,2,104,106
WBGene00019154.,15,222,237
WBGene00019155.,6,1,7
WBGene00019156.,78,1289,1367
WBGene00019157.,330,1586,1916
WBGene00019158.,36,1271,1307
WBGene00019159.,5,4,9
WBGene00019160.,836,71009,71845
WBGene00019162.,89,11789,11878
WBGene00019163.,8,964,972
WBGene00019164.,8,178,186
WBGene00019165.,5,5,10
WBGene00019166.,369,489,858
WBGene00019167.,199,1033,1232
WBGene00019168.,1213,9728,10941
WBGene00019169.,1,10,11
WBGene00019170.,212,2184,2396
WBGene00019171.,1,3,4
WBGene00019174.,11,76,87
WBGene00019176.,52,60,112
WBGene00019177.,11,296,307
WBGene00019178.,4,6,10
WBGene00019179.,3,3,6
WBGene00019180.,538,825,1363
WBGene00019181.,1,25,26
WBGene00019182.,17,134,151
WBGene00019183.,667,64,731
WBGene00019184.,21,127,148
WBGene00019185.,45,1041,1086
WBGene00019186.,3,3,6
WBGene00019187.,64,172,236
WBGene00019188.,153,1678,1831
WBGene00019189.,2,11,13
WBGene00019190.,39,3,42
WBGene00019192.,0,1,1
WBGene00019193.,0,2,2
WBGene00019194.,11,22,33
WBGene00019196.,17,1102,1119
WBGene00019197.,4,23,27
WBGene00019198.,72,299,371
WBGene00019199.,127,932,1059
WBGene00019200.,144,817,961
WBGene00019202.,18,15,33
WBGene00019203.,368,3955,4323
WBGene00019204.,156,905,1061
WBGene00019205.,1724,3793,5517
WBGene00019207.,251,3271,3522
WBGene00019208.,5,3,8
WBGene00019209.,186,2168,2354
WBGene00019211.,324,1014,1338
WBGene00019212.,60,577,637
WBGene00019213.,68,335,403
WBGene00019214.,1,16,17
WBGene00019215.,7,11,18
WBGene00019216.,3,5,8
WBGene00019217.,342,1559,1901
WBGene00019218.,96,344,440
WBGene00019219.,87,853,940
WBGene00019220.,82,2235,2317
WBGene00019221.,12,359,371
WBGene00019222.,11,7,18
WBGene00019224.,27,201,228
WBGene00019225.,24,83,107
WBGene00019226.,9,330,339
WBGene00019227.,133,1345,1478
WBGene00019228.,7,281,288
WBGene00019229.,3,13,16
WBGene00019230.,58,165,223
WBGene00019231.,28,72,100
WBGene00019232.,110,228,338
WBGene00019233.,5,22,27
WBGene00019234.,18,259,277
WBGene00019235.,13,20,33
WBGene00019236.,11,54,65
WBGene00019237.,281,1511,1792
WBGene00019239.,37,7,44
WBGene00019240.,150,1872,2022
WBGene00019241.,179,913,1092
WBGene00019242.,41,29,70
WBGene00019243.,4,492,496
WBGene00019244.,20,176,196
WBGene00019245.,151,936,1087
WBGene00019246.,374,2547,2921
WBGene00019247.,8,127,135
WBGene00019248.,194,222,416
WBGene00019249.,376,7099,7475
WBGene00019250.,513,2587,3100
WBGene00019251.,26,7,33
WBGene00019253.,2,10,12
WBGene00019254.,0,30,30
WBGene00019255.,3,13,16
WBGene00019257.,3,10,13
WBGene00019259.,77,1390,1467
WBGene00019260.,0,0,0
WBGene00019261.,4,100,104
WBGene00019262.,4,9,13
WBGene00019263.,169,1222,1391
WBGene00019264.,98,776,874
WBGene00019265.,5,333,338
WBGene00019266.,3,41,44
WBGene00019267.,1,5,6
WBGene00019268.,34,181,215
WBGene00019269.,15,31,46
WBGene00019270.,222,272,494
WBGene00019272.,58,237,295
WBGene00019273.,5,129,134
WBGene00019274.,211,447,658
WBGene00019275.,187,1006,1193
WBGene00019276.,115,988,1103
WBGene00019277.,94,1328,1422
WBGene00019278.,115,520,635
WBGene00019279.,916,707,1623
WBGene00019280.,22,245,267
WBGene00019281.,1,2,3
WBGene00019282.,612,6147,6759
WBGene00019283.,0,0,0
WBGene00019284.,50,850,900
WBGene00019285.,78,440,518
WBGene00019286.,277,252,529
WBGene00019287.,31,54,85
WBGene00019288.,1,2,3
WBGene00019289.,124,814,938
WBGene00019290.,6,151,157
WBGene00019292.,0,1,1
WBGene00019293.,11,559,570
WBGene00019294.,288,1581,1869
WBGene00019295.,153,1346,1499
WBGene00019296.,23,1375,1398
WBGene00019297.,0,5,5
WBGene00019298.,70,790,860
WBGene00019299.,49,421,470
WBGene00019300.,34,344,378
WBGene00019301.,248,4033,4281
WBGene00019302.,0,6,6
WBGene00019303.,34,26,60
WBGene00019304.,16,286,302
WBGene00019305.,55,1520,1575
WBGene00019306.,1,12,13
WBGene00019309.,4,0,4
WBGene00019310.,0,57,57
WBGene00019311.,71,1317,1388
WBGene00019312.,0,5,5
WBGene00019313.,1,0,1
WBGene00019314.,2,9,11
WBGene00019315.,146,1121,1267
WBGene00019316.,0,47,47
WBGene00019317.,67,418,485
WBGene00019318.,83,78,161
WBGene00019319.,44,333,377
WBGene00019320.,30,100,130
WBGene00019321.,71,323,394
WBGene00019322.,118,35492,35610
WBGene00019323.,663,2593,3256
WBGene00019324.,633,14681,15314
WBGene00019326.,140,2198,2338
WBGene00019327.,705,9938,10643
WBGene00019328.,216,2177,2393
WBGene00019329.,168,411,579
WBGene00019331.,56,77,133
WBGene00019332.,981,8423,9404
WBGene00019333.,263,2370,2633
WBGene00019334.,30,1046,1076
WBGene00019335.,0,25,25
WBGene00019337.,6,3,9
WBGene00019338.,6,3,9
WBGene00019339.,0,96,96
WBGene00019340.,0,2,2
WBGene00019341.,28,4,32
WBGene00019342.,1,35,36
WBGene00019343.,40,51,91
WBGene00019344.,39,346,385
WBGene00019345.,49,234,283
WBGene00019346.,11,165,176
WBGene00019347.,488,1219,1707
WBGene00019348.,3,8,11
WBGene00019349.,0,5,5
WBGene00019350.,3,3,6
WBGene00019351.,47,861,908
WBGene00019352.,129,702,831
WBGene00019353.,30,693,723
WBGene00019354.,33,749,782
WBGene00019355.,284,2591,2875
WBGene00019356.,2,1,3
WBGene00019357.,118,5229,5347
WBGene00019360.,56,200,256
WBGene00019361.,171,2332,2503
WBGene00019362.,71,260,331
WBGene00019364.,21,267,288
WBGene00019365.,136,1517,1653
WBGene00019367.,2,10,12
WBGene00019368.,57,300,357
WBGene00019369.,15,43,58
WBGene00019370.,85,275,360
WBGene00019371.,2,2,4
WBGene00019372.,1,51,52
WBGene00019373.,66,416,482
WBGene00019374.,13,147,160
WBGene00019376.,3,10,13
WBGene00019379.,8,13,21
WBGene00019380.,395,3200,3595
WBGene00019381.,44,5614,5658
WBGene00019382.,5,21,26
WBGene00019383.,1,0,1
WBGene00019384.,0,0,0
WBGene00019385.,5,10,15
WBGene00019386.,10,8,18
WBGene00019387.,3,2,5
WBGene00019388.,7,30,37
WBGene00019389.,13,22,35
WBGene00019390.,3,4,7
WBGene00019391.,12,51,63
WBGene00019392.,6,13,19
WBGene00019393.,16,30,46
WBGene00019394.,80,250,330
WBGene00019395.,43,148,191
WBGene00019396.,41,545,586
WBGene00019399.,39,1250,1289
WBGene00019400.,122,900,1022
WBGene00019401.,112,5925,6037
WBGene00019402.,74,2354,2428
WBGene00019403.,148,624,772
WBGene00019404.,7,19,26
WBGene00019405.,14,65,79
WBGene00019406.,3,34,37
WBGene00019407.,130,705,835
WBGene00019408.,61,894,955
WBGene00019409.,1,7,8
WBGene00019410.,7,3,10
WBGene00019411.,9,221,230
WBGene00019412.,0,1,1
WBGene00019413.,1,3,4
WBGene00019414.,0,3,3
WBGene00019415.,3,4,7
WBGene00019416.,0,9,9
WBGene00019417.,0,1,1
WBGene00019418.,0,3,3
WBGene00019419.,0,0,0
WBGene00019420.,1,1,2
WBGene00019421.,3,11,14
WBGene00019422.,0,7,7
WBGene00019423.,47,5,52
WBGene00019424.,38,238,276
WBGene00019425.,4,4,8
WBGene00019426.,3,141,144
WBGene00019427.,31,634,665
WBGene00019428.,443,1229,1672
WBGene00019429.,29,547,576
WBGene00019430.,1,11,12
WBGene00019431.,8,9,17
WBGene00019432.,100,2019,2119
WBGene00019433.,106,4824,4930
WBGene00019434.,322,548,870
WBGene00019435.,52,334,386
WBGene00019436.,49,323,372
WBGene00019437.,130,1328,1458
WBGene00019438.,0,0,0
WBGene00019439.,114,5,119
WBGene00019441.,40,61,101
WBGene00019442.,0,0,0
WBGene00019444.,35,65,100
WBGene00019445.,42,119,161
WBGene00019448.,41,429,470
WBGene00019449.,2,0,2
WBGene00019450.,0,2,2
WBGene00019451.,3,0,3
WBGene00019452.,0,0,0
WBGene00019453.,2,1,3
WBGene00019454.,0,0,0
WBGene00019455.,14,75,89
WBGene00019456.,57,290,347
WBGene00019457.,163,1175,1338
WBGene00019458.,28,269,297
WBGene00019459.,5,4,9
WBGene00019460.,45,584,629
WBGene00019461.,25,17,42
WBGene00019462.,359,207,566
WBGene00019464.,9,280,289
WBGene00019465.,304,2244,2548
WBGene00019466.,846,22651,23497
WBGene00019467.,12,1237,1249
WBGene00019469.,0,6,6
WBGene00019470.,1,0,1
WBGene00019471.,2,0,2
WBGene00019472.,0,1,1
WBGene00019473.,1,8,9
WBGene00019476.,19,244,263
WBGene00019477.,12,125,137
WBGene00019478.,596,3720,4316
WBGene00019479.,290,2793,3083
WBGene00019480.,68,731,799
WBGene00019481.,80,1944,2024
WBGene00019482.,45,551,596
WBGene00019483.,3,6,9
WBGene00019484.,3,453,456
WBGene00019485.,177,438,615
WBGene00019486.,4,15,19
WBGene00019487.,41,396,437
WBGene00019488.,315,5392,5707
WBGene00019489.,24,523,547
WBGene00019490.,28,999,1027
WBGene00019491.,32,547,579
WBGene00019492.,477,2030,2507
WBGene00019493.,31,186,217
WBGene00019494.,4,31,35
WBGene00019495.,109,2186,2295
WBGene00019496.,27,174,201
WBGene00019497.,35,577,612
WBGene00019498.,110,523,633
WBGene00019501.,2,1,3
WBGene00019502.,2,2,4
WBGene00019503.,32,372,404
WBGene00019504.,18,1204,1222
WBGene00019506.,8,14,22
WBGene00019507.,1,0,1
WBGene00019508.,9,27,36
WBGene00019509.,0,60,60
WBGene00019510.,768,28641,29409
WBGene00019511.,124,1378,1502
WBGene00019512.,17,25,42
WBGene00019513.,33,599,632
WBGene00019514.,1,6,7
WBGene00019515.,11,115,126
WBGene00019516.,11,65,76
WBGene00019517.,7,10,17
WBGene00019518.,22,43,65
WBGene00019519.,59,242,301
WBGene00019520.,2,100,102
WBGene00019521.,82,1391,1473
WBGene00019522.,95,382,477
WBGene00019524.,1,7,8
WBGene00019525.,94,772,866
WBGene00019526.,11,0,11
WBGene00019527.,3,5,8
WBGene00019529.,0,1,1
WBGene00019530.,2,2,4
WBGene00019531.,2,1,3
WBGene00019532.,15,4,19
WBGene00019533.,3,4,7
WBGene00019534.,0,0,0
WBGene00019535.,20,112,132
WBGene00019536.,108,132,240
WBGene00019537.,21,29148,29169
WBGene00019538.,19,236,255
WBGene00019540.,100,4718,4818
WBGene00019541.,1,58,59
WBGene00019543.,401,3742,4143
WBGene00019544.,44,1007,1051
WBGene00019545.,32,175,207
WBGene00019546.,69,438,507
WBGene00019547.,6,8,14
WBGene00019548.,1,0,1
WBGene00019549.,4,2,6
WBGene00019550.,11,45,56
WBGene00019552.,9,101,110
WBGene00019553.,3,31,34
WBGene00019554.,43,540,583
WBGene00019556.,3,10,13
WBGene00019557.,3,4,7
WBGene00019558.,0,0,0
WBGene00019559.,1,1,2
WBGene00019560.,1,1,2
WBGene00019561.,3,3,6
WBGene00019562.,2,0,2
WBGene00019563.,16,193,209
WBGene00019564.,147,1511,1658
WBGene00019565.,7,20,27
WBGene00019566.,1,3,4
WBGene00019567.,3,1,4
WBGene00019568.,4,4,8
WBGene00019569.,2,5,7
WBGene00019570.,21,66,87
WBGene00019571.,67,55,122
WBGene00019572.,0,25,25
WBGene00019574.,0,1,1
WBGene00019575.,7,14,21
WBGene00019576.,1,10,11
WBGene00019577.,5,42,47
WBGene00019578.,4,11,15
WBGene00019579.,10,58,68
WBGene00019580.,2,10,12
WBGene00019582.,4,7,11
WBGene00019583.,0,3,3
WBGene00019584.,6,5,11
WBGene00019586.,11,22,33
WBGene00019587.,0,5,5
WBGene00019588.,0,11,11
WBGene00019589.,22,56,78
WBGene00019590.,6,6,12
WBGene00019591.,1,0,1
WBGene00019592.,0,256,256
WBGene00019593.,6,465,471
WBGene00019594.,6,4,10
WBGene00019595.,7,226,233
WBGene00019597.,27,263,290
WBGene00019598.,67,57,124
WBGene00019599.,48,206,254
WBGene00019600.,4,106,110
WBGene00019601.,1,28,29
WBGene00019603.,19,500,519
WBGene00019604.,0,0,0
WBGene00019605.,35,262,297
WBGene00019606.,2,14,16
WBGene00019607.,521,3615,4136
WBGene00019608.,17,284,301
WBGene00019609.,158,904,1062
WBGene00019611.,19,375,394
WBGene00019612.,183,1163,1346
WBGene00019613.,6,9,15
WBGene00019614.,0,8,8
WBGene00019615.,81,319,400
WBGene00019616.,14,149,163
WBGene00019617.,75,1532,1607
WBGene00019618.,18,41,59
WBGene00019619.,88,780,868
WBGene00019620.,39,1965,2004
WBGene00019621.,0,0,0
WBGene00019622.,5,3,8
WBGene00019623.,102,966,1068
WBGene00019624.,277,1713,1990
WBGene00019625.,13,3,16
WBGene00019626.,2,4,6
WBGene00019627.,86,689,775
WBGene00019628.,20,993,1013
WBGene00019629.,24,718,742
WBGene00019630.,41,263,304
WBGene00019631.,43,852,895
WBGene00019633.,89,383,472
WBGene00019636.,12,95,107
WBGene00019638.,0,1,1
WBGene00019639.,0,12,12
WBGene00019640.,28,35,63
WBGene00019641.,34,172,206
WBGene00019642.,19,74,93
WBGene00019643.,19,447,466
WBGene00019644.,18,103,121
WBGene00019645.,76,988,1064
WBGene00019646.,0,4,4
WBGene00019647.,42,1023,1065
WBGene00019648.,5,20,25
WBGene00019649.,18,217,235
WBGene00019650.,99,786,885
WBGene00019651.,134,609,743
WBGene00019652.,18,278,296
WBGene00019653.,4,10,14
WBGene00019654.,15,72,87
WBGene00019655.,13,82,95
WBGene00019656.,26,1179,1205
WBGene00019657.,49,542,591
WBGene00019658.,109,1184,1293
WBGene00019659.,7,32,39
WBGene00019660.,1,266,267
WBGene00019661.,3,89,92
WBGene00019662.,5,8,13
WBGene00019663.,21,1207,1228
WBGene00019664.,221,2085,2306
WBGene00019665.,21,313,334
WBGene00019666.,17,273,290
WBGene00019667.,11,15,26
WBGene00019668.,1,4,5
WBGene00019669.,16,147,163
WBGene00019672.,1,4,5
WBGene00019673.,57,650,707
WBGene00019674.,3,26,29
WBGene00019675.,0,1,1
WBGene00019676.,2,7,9
WBGene00019677.,55,241,296
WBGene00019678.,286,1981,2267
WBGene00019679.,173,2282,2455
WBGene00019680.,0,10632,10632
WBGene00019681.,1,2,3
WBGene00019682.,64,605,669
WBGene00019683.,305,36,341
WBGene00019684.,1,4,5
WBGene00019685.,0,1,1
WBGene00019686.,153,1135,1288
WBGene00019687.,2,1,3
WBGene00019688.,4,2,6
WBGene00019689.,0,2,2
WBGene00019690.,1,4,5
WBGene00019691.,34,98,132
WBGene00019692.,39,201,240
WBGene00019693.,31,2798,2829
WBGene00019697.,424,1115,1539
WBGene00019698.,336,3383,3719
WBGene00019699.,9,22,31
WBGene00019700.,0,4,4
WBGene00019702.,0,1,1
WBGene00019703.,1,3,4
WBGene00019704.,0,8,8
WBGene00019705.,0,12,12
WBGene00019706.,6,1,7
WBGene00019709.,1,2,3
WBGene00019710.,8,243,251
WBGene00019711.,96,1428,1524
WBGene00019712.,24,146,170
WBGene00019713.,54,441,495
WBGene00019714.,1,1,2
WBGene00019715.,122,659,781
WBGene00019716.,204,1108,1312
WBGene00019717.,74,190,264
WBGene00019718.,4,3,7
WBGene00019719.,1803,7270,9073
WBGene00019720.,58,336,394
WBGene00019721.,16,12,28
WBGene00019722.,9,33,42
WBGene00019723.,0,49,49
WBGene00019724.,69,346,415
WBGene00019725.,16,271,287
WBGene00019726.,302,477,779
WBGene00019727.,440,14618,15058
WBGene00019728.,0,7,7
WBGene00019729.,24,331,355
WBGene00019730.,33,510,543
WBGene00019731.,47,40,87
WBGene00019732.,1,1153,1154
WBGene00019733.,388,1433,1821
WBGene00019734.,541,4473,5014
WBGene00019735.,1,19,20
WBGene00019736.,8,11,19
WBGene00019738.,29,215,244
WBGene00019739.,7,24,31
WBGene00019740.,0,0,0
WBGene00019741.,12,335,347
WBGene00019742.,29,117,146
WBGene00019743.,41,280,321
WBGene00019744.,299,2786,3085
WBGene00019745.,3,7,10
WBGene00019746.,49,102,151
WBGene00019747.,396,1685,2081
WBGene00019748.,137,1788,1925
WBGene00019749.,67,344,411
WBGene00019750.,1960,1445,3405
WBGene00019751.,56,862,918
WBGene00019753.,71,395,466
WBGene00019754.,7,331,338
WBGene00019755.,0,0,0
WBGene00019756.,63,525,588
WBGene00019757.,91,440,531
WBGene00019758.,0,8,8
WBGene00019759.,93,412,505
WBGene00019760.,98,16202,16300
WBGene00019761.,16,15,31
WBGene00019762.,227,2277,2504
WBGene00019763.,15,70,85
WBGene00019764.,50,358,408
WBGene00019765.,29,632,661
WBGene00019766.,77,308,385
WBGene00019767.,14,4996,5010
WBGene00019768.,15,379,394
WBGene00019769.,8,63,71
WBGene00019770.,457,2928,3385
WBGene00019771.,413,1303,1716
WBGene00019772.,273,3205,3478
WBGene00019773.,6,11,17
WBGene00019774.,224,501,725
WBGene00019776.,25,193,218
WBGene00019777.,39,169,208
WBGene00019778.,28,464,492
WBGene00019779.,43,219,262
WBGene00019780.,140,9629,9769
WBGene00019781.,128,810,938
WBGene00019782.,3,31,34
WBGene00019783.,6,2,8
WBGene00019784.,5,14,19
WBGene00019785.,4,18,22
WBGene00019786.,114,405,519
WBGene00019787.,77,375,452
WBGene00019788.,0,0,0
WBGene00019789.,1,336,337
WBGene00019791.,0,0,0
WBGene00019792.,38,151,189
WBGene00019793.,3,1,4
WBGene00019794.,2,1,3
WBGene00019795.,1,0,1
WBGene00019796.,0,4,4
WBGene00019797.,0,1,1
WBGene00019798.,0,3,3
WBGene00019799.,1,6,7
WBGene00019800.,21,3417,3438
WBGene00019801.,61,648,709
WBGene00019803.,11,96,107
WBGene00019804.,3,10,13
WBGene00019805.,36,298,334
WBGene00019806.,11,188,199
WBGene00019807.,51,347,398
WBGene00019808.,46,1061,1107
WBGene00019809.,0,0,0
WBGene00019810.,3,38,41
WBGene00019811.,5,33,38
WBGene00019812.,42,101,143
WBGene00019813.,33,1044,1077
WBGene00019814.,17,45,62
WBGene00019815.,4,1,5
WBGene00019816.,37,279,316
WBGene00019817.,21,89,110
WBGene00019818.,98,760,858
WBGene00019819.,71,2115,2186
WBGene00019820.,40,907,947
WBGene00019821.,68,959,1027
WBGene00019822.,48,633,681
WBGene00019823.,108,1423,1531
WBGene00019824.,48,428,476
WBGene00019825.,31,228,259
WBGene00019826.,1,16,17
WBGene00019827.,102,890,992
WBGene00019828.,17,180,197
WBGene00019829.,23,633,656
WBGene00019830.,33,818,851
WBGene00019831.,182,11704,11886
WBGene00019832.,79,273,352
WBGene00019833.,2,22,24
WBGene00019834.,2,8,10
WBGene00019835.,0,0,0
WBGene00019836.,72,1121,1193
WBGene00019837.,30,110,140
WBGene00019838.,253,2340,2593
WBGene00019839.,2,1670,1672
WBGene00019840.,22,426,448
WBGene00019841.,57,1221,1278
WBGene00019842.,545,519,1064
WBGene00019843.,68,496,564
WBGene00019844.,136,361,497
WBGene00019845.,14,36,50
WBGene00019846.,4,56,60
WBGene00019847.,577,864,1441
WBGene00019849.,3,18,21
WBGene00019850.,3,4,7
WBGene00019851.,4,16,20
WBGene00019853.,14,93,107
WBGene00019854.,16,146,162
WBGene00019855.,241,1030,1271
WBGene00019856.,3,2,5
WBGene00019857.,1,0,1
WBGene00019858.,8,82,90
WBGene00019859.,4,64,68
WBGene00019861.,21,47,68
WBGene00019862.,25,553,578
WBGene00019863.,230,501,731
WBGene00019864.,62,382,444
WBGene00019865.,14,65,79
WBGene00019866.,19,58,77
WBGene00019867.,63,342,405
WBGene00019868.,52,492,544
WBGene00019869.,24,44,68
WBGene00019870.,17,254,271
WBGene00019871.,20,938,958
WBGene00019872.,168,183,351
WBGene00019873.,95,810,905
WBGene00019874.,7,56,63
WBGene00019875.,107,1626,1733
WBGene00019877.,20,822,842
WBGene00019878.,14,80,94
WBGene00019879.,0,1,1
WBGene00019880.,0,0,0
WBGene00019881.,80,589,669
WBGene00019882.,218,1072,1290
WBGene00019883.,79,1260,1339
WBGene00019884.,67,643,710
WBGene00019885.,30,261,291
WBGene00019886.,4,13,17
WBGene00019887.,24,22,46
WBGene00019888.,135,1941,2076
WBGene00019890.,25,3583,3608
WBGene00019891.,11,12,23
WBGene00019892.,27,543,570
WBGene00019893.,85,7350,7435
WBGene00019894.,10,69,79
WBGene00019895.,133,1121,1254
WBGene00019896.,87,187,274
WBGene00019898.,92,813,905
WBGene00019899.,96,321,417
WBGene00019900.,490,37993,38483
WBGene00019901.,3,79,82
WBGene00019902.,298,816,1114
WBGene00019903.,3,6,9
WBGene00019904.,180,2042,2222
WBGene00019905.,1,5,6
WBGene00019906.,9,27,36
WBGene00019907.,21,246,267
WBGene00019908.,258,1202,1460
WBGene00019909.,137,35,172
WBGene00019911.,69,489,558
WBGene00019912.,7,12,19
WBGene00019913.,19,11,30
WBGene00019914.,53,289,342
WBGene00019915.,93,581,674
WBGene00019916.,0,0,0
WBGene00019917.,1,12,13
WBGene00019918.,21,103,124
WBGene00019919.,2,2,4
WBGene00019920.,4,2,6
WBGene00019921.,2,11,13
WBGene00019922.,1,13,14
WBGene00019923.,1,6,7
WBGene00019924.,26,201,227
WBGene00019925.,0,3,3
WBGene00019926.,3,4,7
WBGene00019927.,3,7,10
WBGene00019928.,6,12,18
WBGene00019929.,2,2,4
WBGene00019930.,0,3,3
WBGene00019931.,0,7,7
WBGene00019932.,27,72,99
WBGene00019933.,1,0,1
WBGene00019934.,2,5,7
WBGene00019935.,70,213,283
WBGene00019937.,0,5246,5246
WBGene00019938.,58,420,478
WBGene00019939.,14,25,39
WBGene00019940.,267,3747,4014
WBGene00019941.,123,2733,2856
WBGene00019943.,44,478,522
WBGene00019944.,48,1325,1373
WBGene00019945.,0,0,0
WBGene00019946.,109,1875,1984
WBGene00019947.,23,12453,12476
WBGene00019948.,16,24,40
WBGene00019949.,1,5,6
WBGene00019950.,4,5,9
WBGene00019951.,3,11,14
WBGene00019952.,2,148,150
WBGene00019953.,139,2097,2236
WBGene00019954.,0,0,0
WBGene00019955.,181,576,757
WBGene00019956.,0,10,10
WBGene00019957.,35,361,396
WBGene00019959.,56,466,522
WBGene00019960.,76,291,367
WBGene00019961.,0,24,24
WBGene00019962.,23,318,341
WBGene00019963.,11,310,321
WBGene00019964.,5,6,11
WBGene00019965.,41,163,204
WBGene00019966.,7,17,24
WBGene00019967.,54,705,759
WBGene00019968.,8,226,234
WBGene00019969.,5,1,6
WBGene00019970.,1,100,101
WBGene00019971.,79,1189,1268
WBGene00019972.,13,17,30
WBGene00019973.,21,54,75
WBGene00019975.,177,1309,1486
WBGene00019976.,0,1,1
WBGene00019977.,9,20,29
WBGene00019978.,6,87,93
WBGene00019979.,16,51,67
WBGene00019980.,6,3,9
WBGene00019981.,18,4,22
WBGene00019982.,15,27,42
WBGene00019983.,44,3457,3501
WBGene00019986.,26,238,264
WBGene00019987.,10,384,394
WBGene00019988.,16,1112,1128
WBGene00019989.,3,11,14
WBGene00019991.,1,2,3
WBGene00019992.,0,1,1
WBGene00019993.,23,892,915
WBGene00019994.,199,498,697
WBGene00019995.,54,342,396
WBGene00019996.,6,5,11
WBGene00019997.,14,41,55
WBGene00019998.,307,1934,2241
WBGene00019999.,65,200,265
WBGene00020003.,18,32,50
WBGene00020004.,4,3,7
WBGene00020006.,125,577,702
WBGene00020007.,44,1646,1690
WBGene00020008.,32,388,420
WBGene00020010.,16,92,108
WBGene00020011.,38,306,344
WBGene00020012.,161,2972,3133
WBGene00020013.,1,3,4
WBGene00020014.,3,49,52
WBGene00020015.,0,18,18
WBGene00020016.,4,4,8
WBGene00020017.,22,807,829
WBGene00020018.,49,374,423
WBGene00020019.,10,17,27
WBGene00020020.,0,21,21
WBGene00020021.,2,1,3
WBGene00020022.,34,869,903
WBGene00020023.,28,241,269
WBGene00020025.,65,3094,3159
WBGene00020026.,119,1164,1283
WBGene00020027.,107,1588,1695
WBGene00020028.,21,325,346
WBGene00020029.,136,1347,1483
WBGene00020030.,19,363,382
WBGene00020031.,123,1087,1210
WBGene00020032.,1,6,7
WBGene00020033.,23,233,256
WBGene00020034.,7,29,36
WBGene00020035.,1,41,42
WBGene00020036.,164,1854,2018
WBGene00020037.,43,2397,2440
WBGene00020038.,124,1961,2085
WBGene00020039.,14,187,201
WBGene00020040.,20,103,123
WBGene00020041.,2,4,6
WBGene00020042.,1,0,1
WBGene00020043.,59,787,846
WBGene00020045.,89,743,832
WBGene00020046.,6,8,14
WBGene00020047.,16,144,160
WBGene00020048.,17,154,171
WBGene00020049.,9,477,486
WBGene00020050.,21,100,121
WBGene00020051.,120,2240,2360
WBGene00020052.,11,540,551
WBGene00020053.,0,12,12
WBGene00020054.,99,4455,4554
WBGene00020055.,0,5,5
WBGene00020056.,2,2,4
WBGene00020057.,9,8,17
WBGene00020058.,218,1163,1381
WBGene00020059.,10,11,21
WBGene00020060.,22,11,33
WBGene00020062.,6,282,288
WBGene00020063.,1,2,3
WBGene00020064.,84,399,483
WBGene00020065.,3,0,3
WBGene00020066.,5,6,11
WBGene00020067.,0,0,0
WBGene00020068.,365,3689,4054
WBGene00020069.,184,959,1143
WBGene00020070.,0,0,0
WBGene00020071.,0,1,1
WBGene00020072.,0,0,0
WBGene00020073.,0,2,2
WBGene00020075.,3,25,28
WBGene00020076.,1,3,4
WBGene00020077.,1,0,1
WBGene00020078.,5,3,8
WBGene00020080.,14,28,42
WBGene00020081.,3,0,3
WBGene00020082.,302,1306,1608
WBGene00020083.,45,299,344
WBGene00020084.,4,6,10
WBGene00020086.,48,119,167
WBGene00020087.,32,78,110
WBGene00020088.,30,131,161
WBGene00020089.,451,1305,1756
WBGene00020090.,94,344,438
WBGene00020091.,3,107,110
WBGene00020092.,222,1582,1804
WBGene00020093.,41,209,250
WBGene00020094.,42,588,630
WBGene00020095.,27,426,453
WBGene00020096.,13,441,454
WBGene00020097.,804,9731,10535
WBGene00020098.,25,182,207
WBGene00020099.,135,627,762
WBGene00020100.,49,211,260
WBGene00020101.,95,601,696
WBGene00020102.,151,1269,1420
WBGene00020103.,3,76,79
WBGene00020104.,34,434,468
WBGene00020105.,45,65,110
WBGene00020106.,232,1280,1512
WBGene00020107.,111,2807,2918
WBGene00020109.,31,633,664
WBGene00020110.,233,2522,2755
WBGene00020111.,43,571,614
WBGene00020112.,618,5703,6321
WBGene00020113.,2,519,521
WBGene00020114.,3147,8899,12046
WBGene00020115.,477,3362,3839
WBGene00020116.,6,3,9
WBGene00020117.,0,6,6
WBGene00020118.,0,4,4
WBGene00020119.,0,2,2
WBGene00020120.,0,0,0
WBGene00020121.,2,2,4
WBGene00020122.,6,6,12
WBGene00020123.,0,2,2
WBGene00020125.,25,289,314
WBGene00020126.,162,2517,2679
WBGene00020127.,0,0,0
WBGene00020128.,133,145,278
WBGene00020129.,0,2,2
WBGene00020130.,50,117,167
WBGene00020131.,1160,4404,5564
WBGene00020134.,682,348,1030
WBGene00020135.,63,851,914
WBGene00020136.,5,3,8
WBGene00020137.,35,358,393
WBGene00020138.,12,86,98
WBGene00020139.,56,840,896
WBGene00020140.,1,3,4
WBGene00020141.,45,466,511
WBGene00020142.,183,1226,1409
WBGene00020143.,527,5352,5879
WBGene00020144.,23,81,104
WBGene00020145.,14,2,16
WBGene00020146.,97,6107,6204
WBGene00020148.,22,122,144
WBGene00020149.,16,249,265
WBGene00020150.,10,4,14
WBGene00020151.,2,114,116
WBGene00020152.,12,31,43
WBGene00020153.,18,88,106
WBGene00020154.,2,20,22
WBGene00020155.,31,27929,27960
WBGene00020156.,99,14387,14486
WBGene00020157.,22,24,46
WBGene00020158.,70,506,576
WBGene00020160.,237,1296,1533
WBGene00020163.,93,383,476
WBGene00020164.,11,79,90
WBGene00020166.,128,1601,1729
WBGene00020167.,1,11,12
WBGene00020168.,7,77,84
WBGene00020169.,46,1127,1173
WBGene00020170.,37,24,61
WBGene00020171.,504,1631,2135
WBGene00020172.,59,421,480
WBGene00020173.,4,5,9
WBGene00020174.,3,0,3
WBGene00020175.,4,22,26
WBGene00020176.,0,0,0
WBGene00020177.,1,1,2
WBGene00020178.,0,1,1
WBGene00020179.,1,17,18
WBGene00020180.,1,0,1
WBGene00020181.,3526,27684,31210
WBGene00020182.,6,8,14
WBGene00020183.,16,156,172
WBGene00020184.,19,882,901
WBGene00020185.,32,6824,6856
WBGene00020187.,13,81,94
WBGene00020188.,5,44,49
WBGene00020189.,125,328,453
WBGene00020190.,440,3068,3508
WBGene00020191.,16,79,95
WBGene00020192.,88,8136,8224
WBGene00020193.,34,376,410
WBGene00020194.,124,928,1052
WBGene00020195.,69,4103,4172
WBGene00020196.,123,230,353
WBGene00020197.,54,972,1026
WBGene00020199.,9,311,320
WBGene00020200.,195,2234,2429
WBGene00020201.,1,5,6
WBGene00020202.,1,0,1
WBGene00020203.,13,2,15
WBGene00020204.,3,5,8
WBGene00020205.,0,11,11
WBGene00020207.,141,842,983
WBGene00020208.,326,1217,1543
WBGene00020209.,1054,4134,5188
WBGene00020210.,0,5,5
WBGene00020211.,0,1,1
WBGene00020212.,53,54,107
WBGene00020214.,38,430,468
WBGene00020215.,65,1176,1241
WBGene00020216.,55,7822,7877
WBGene00020217.,3,1,4
WBGene00020218.,6,60,66
WBGene00020219.,26,188,214
WBGene00020220.,11,293,304
WBGene00020221.,0,0,0
WBGene00020222.,19,398,417
WBGene00020223.,1,21,22
WBGene00020224.,26,151,177
WBGene00020225.,14,29,43
WBGene00020227.,3,22,25
WBGene00020228.,4,16,20
WBGene00020229.,125,7674,7799
WBGene00020230.,436,1742,2178
WBGene00020231.,28,129,157
WBGene00020232.,2,3,5
WBGene00020233.,9,65,74
WBGene00020234.,299,1421,1720
WBGene00020235.,113,892,1005
WBGene00020236.,34,63,97
WBGene00020237.,0,624,624
WBGene00020238.,3,1,4
WBGene00020239.,0,1,1
WBGene00020240.,0,0,0
WBGene00020241.,0,3,3
WBGene00020242.,0,53,53
WBGene00020243.,3,16,19
WBGene00020244.,0,11,11
WBGene00020245.,34,291,325
WBGene00020246.,143,4753,4896
WBGene00020247.,10,12,22
WBGene00020248.,29,439,468
WBGene00020249.,263,1108,1371
WBGene00020250.,13,218,231
WBGene00020251.,589,2455,3044
WBGene00020252.,19,31,50
WBGene00020254.,22,44,66
WBGene00020256.,12,80,92
WBGene00020258.,25,158,183
WBGene00020259.,61,609,670
WBGene00020260.,180,1294,1474
WBGene00020261.,0,16,16
WBGene00020262.,25,70,95
WBGene00020263.,170,778,948
WBGene00020264.,31,393,424
WBGene00020265.,2,6,8
WBGene00020266.,21,38,59
WBGene00020267.,11,70,81
WBGene00020268.,188,1374,1562
WBGene00020269.,592,6509,7101
WBGene00020270.,4,178,182
WBGene00020271.,2,2,4
WBGene00020273.,313,1083,1396
WBGene00020274.,57,1203,1260
WBGene00020275.,3357,30748,34105
WBGene00020276.,1,158,159
WBGene00020277.,2,7,9
WBGene00020279.,326,839,1165
WBGene00020280.,15,76,91
WBGene00020281.,18,49,67
WBGene00020282.,0,0,0
WBGene00020283.,25,68,93
WBGene00020284.,421,1740,2161
WBGene00020285.,0,13,13
WBGene00020286.,8,894,902
WBGene00020287.,59,1988,2047
WBGene00020288.,8,7,15
WBGene00020289.,3,8,11
WBGene00020290.,1,3,4
WBGene00020291.,1,2,3
WBGene00020292.,3,3,6
WBGene00020293.,1,3,4
WBGene00020294.,729,1785,2514
WBGene00020295.,28,247,275
WBGene00020296.,106,1196,1302
WBGene00020297.,1254,12773,14027
WBGene00020298.,170,1281,1451
WBGene00020299.,167,745,912
WBGene00020300.,16,438,454
WBGene00020301.,300,766,1066
WBGene00020302.,0,190,190
WBGene00020304.,8,1,9
WBGene00020305.,1,1,2
WBGene00020306.,15,0,15
WBGene00020307.,88,350,438
WBGene00020308.,8,14,22
WBGene00020309.,10,4,14
WBGene00020311.,10,368,378
WBGene00020313.,23,39,62
WBGene00020314.,44,370,414
WBGene00020315.,69,3197,3266
WBGene00020316.,279,747,1026
WBGene00020317.,570,24819,25389
WBGene00020318.,6,30,36
WBGene00020319.,6,64,70
WBGene00020320.,8,257,265
WBGene00020321.,19,401,420
WBGene00020322.,3,559,562
WBGene00020323.,37,100,137
WBGene00020324.,149,1527,1676
WBGene00020325.,6,35,41
WBGene00020326.,3,2,5
WBGene00020327.,1,24,25
WBGene00020328.,1,8,9
WBGene00020329.,1,17,18
WBGene00020330.,45,415,460
WBGene00020333.,1,13,14
WBGene00020334.,164,1288,1452
WBGene00020335.,14,95,109
WBGene00020338.,0,4,4
WBGene00020339.,5,153,158
WBGene00020340.,15,149,164
WBGene00020341.,36,316,352
WBGene00020342.,3,1,4
WBGene00020343.,35,211,246
WBGene00020345.,8,33,41
WBGene00020346.,369,1617,1986
WBGene00020347.,467,3919,4386
WBGene00020348.,12,1382,1394
WBGene00020349.,13,49,62
WBGene00020350.,0,2,2
WBGene00020351.,0,0,0
WBGene00020352.,4,7,11
WBGene00020353.,4,1,5
WBGene00020354.,0,1,1
WBGene00020356.,5,10,15
WBGene00020357.,12,2,14
WBGene00020358.,0,25,25
WBGene00020359.,1,18,19
WBGene00020360.,68,295,363
WBGene00020361.,15,12,27
WBGene00020362.,0,0,0
WBGene00020363.,23,199,222
WBGene00020364.,0,1,1
WBGene00020365.,39,39,78
WBGene00020366.,321,3975,4296
WBGene00020368.,102,1884,1986
WBGene00020369.,39,527,566
WBGene00020370.,3,24,27
WBGene00020371.,0,2,2
WBGene00020372.,6,11,17
WBGene00020373.,7,521,528
WBGene00020374.,854,1248,2102
WBGene00020375.,10,184,194
WBGene00020376.,27,271,298
WBGene00020377.,26,229,255
WBGene00020378.,51,333,384
WBGene00020379.,45,1550,1595
WBGene00020380.,10,4,14
WBGene00020381.,11,60,71
WBGene00020382.,1052,16243,17295
WBGene00020383.,487,2371,2858
WBGene00020384.,0,6,6
WBGene00020385.,209,185,394
WBGene00020386.,4,14,18
WBGene00020388.,17,26,43
WBGene00020389.,174,2854,3028
WBGene00020390.,137,2401,2538
WBGene00020391.,62,11889,11951
WBGene00020392.,27,701,728
WBGene00020393.,4,62,66
WBGene00020394.,18,170,188
WBGene00020396.,49,227,276
WBGene00020397.,287,3073,3360
WBGene00020398.,136,1187,1323
WBGene00020399.,126,1651,1777
WBGene00020400.,3,1,4
WBGene00020401.,30,60,90
WBGene00020402.,87,1015,1102
WBGene00020403.,165,1217,1382
WBGene00020404.,32,320,352
WBGene00020406.,0,0,0
WBGene00020407.,14,237,251
WBGene00020408.,60,483,543
WBGene00020409.,0,1,1
WBGene00020410.,0,1,1
WBGene00020411.,21,241,262
WBGene00020412.,47,392,439
WBGene00020413.,122,1113,1235
WBGene00020414.,1,4,5
WBGene00020415.,35,353,388
WBGene00020416.,1,2,3
WBGene00020417.,53,7312,7365
WBGene00020418.,21,99,120
WBGene00020419.,11,45,56
WBGene00020420.,7,70,77
WBGene00020421.,11,37,48
WBGene00020422.,19,475,494
WBGene00020423.,26,2629,2655
WBGene00020424.,5,122,127
WBGene00020425.,44,512,556
WBGene00020426.,17,490,507
WBGene00020427.,42,480,522
WBGene00020428.,2,4,6
WBGene00020430.,16,1,17
WBGene00020431.,1,3,4
WBGene00020432.,5,2,7
WBGene00020433.,0,0,0
WBGene00020434.,0,4,4
WBGene00020435.,5,2,7
WBGene00020436.,86,55,141
WBGene00020437.,39,3351,3390
WBGene00020438.,0,1,1
WBGene00020439.,2,6,8
WBGene00020440.,0,3,3
WBGene00020441.,177,913,1090
WBGene00020442.,53,988,1041
WBGene00020443.,228,1048,1276
WBGene00020444.,19,73,92
WBGene00020445.,37,261,298
WBGene00020446.,24,951,975
WBGene00020447.,143,1430,1573
WBGene00020448.,0,10,10
WBGene00020449.,1,31,32
WBGene00020450.,6,224,230
WBGene00020451.,24,255,279
WBGene00020452.,0,1,1
WBGene00020453.,14,83,97
WBGene00020454.,0,3,3
WBGene00020455.,9,159,168
WBGene00020456.,8,68,76
WBGene00020457.,22,574,596
WBGene00020458.,1,4,5
WBGene00020459.,0,0,0
WBGene00020460.,7,11,18
WBGene00020461.,14,48,62
WBGene00020462.,120,502,622
WBGene00020463.,18,398,416
WBGene00020464.,4,296,300
WBGene00020465.,35,63,98
WBGene00020466.,16,288,304
WBGene00020467.,3,9,12
WBGene00020468.,3,8,11
WBGene00020469.,0,0,0
WBGene00020471.,292,1696,1988
WBGene00020472.,6,25,31
WBGene00020473.,5,3,8
WBGene00020474.,9,16,25
WBGene00020475.,132,1393,1525
WBGene00020476.,9,1,10
WBGene00020478.,101,261,362
WBGene00020479.,255,1941,2196
WBGene00020480.,67,518,585
WBGene00020481.,94,1541,1635
WBGene00020482.,21,106,127
WBGene00020483.,11,15,26
WBGene00020484.,3,37,40
WBGene00020485.,11,47,58
WBGene00020486.,51,368,419
WBGene00020487.,3,54,57
WBGene00020488.,0,42,42
WBGene00020489.,117,585,702
WBGene00020490.,351,1435,1786
WBGene00020491.,18,242,260
WBGene00020492.,3,1,4
WBGene00020494.,22,24,46
WBGene00020496.,245,2408,2653
WBGene00020497.,4,876,880
WBGene00020498.,86,962,1048
WBGene00020499.,185,1062,1247
WBGene00020500.,62,641,703
WBGene00020501.,75,687,762
WBGene00020502.,159,854,1013
WBGene00020503.,16,47,63
WBGene00020504.,359,1105,1464
WBGene00020505.,4,33,37
WBGene00020506.,117,467,584
WBGene00020507.,49,2474,2523
WBGene00020508.,9,408,417
WBGene00020509.,119,1288,1407
WBGene00020510.,19,800,819
WBGene00020511.,187,3331,3518
WBGene00020515.,0,5,5
WBGene00020516.,34,226,260
WBGene00020517.,39,2146,2185
WBGene00020520.,3,2,5
WBGene00020522.,10,7,17
WBGene00020523.,8,9,17
WBGene00020524.,23,20,43
WBGene00020525.,0,0,0
WBGene00020526.,3,2,5
WBGene00020527.,34,69,103
WBGene00020528.,53,63,116
WBGene00020530.,301,2129,2430
WBGene00020531.,21,28,49
WBGene00020532.,6,4,10
WBGene00020533.,3,0,3
WBGene00020534.,0,2,2
WBGene00020535.,0,1,1
WBGene00020536.,0,3,3
WBGene00020537.,0,10,10
WBGene00020539.,0,0,0
WBGene00020540.,45,393,438
WBGene00020541.,0,2,2
WBGene00020542.,0,3,3
WBGene00020543.,2,3,5
WBGene00020544.,0,0,0
WBGene00020545.,1,2,3
WBGene00020546.,2,0,2
WBGene00020547.,0,3,3
WBGene00020548.,0,0,0
WBGene00020549.,0,2950,2950
WBGene00020550.,1,24,25
WBGene00020551.,13,55,68
WBGene00020553.,60,1430,1490
WBGene00020554.,22,206,228
WBGene00020555.,5,42,47
WBGene00020556.,71,327,398
WBGene00020557.,224,1725,1949
WBGene00020558.,55,437,492
WBGene00020559.,59,207,266
WBGene00020560.,41,33,74
WBGene00020561.,446,3569,4015
WBGene00020562.,83,1724,1807
WBGene00020563.,113,1221,1334
WBGene00020564.,32,216,248
WBGene00020565.,10,611,621
WBGene00020566.,22,246,268
WBGene00020567.,20,41,61
WBGene00020568.,168,1410,1578
WBGene00020569.,45,229,274
WBGene00020571.,16,32,48
WBGene00020572.,137,804,941
WBGene00020573.,52,493,545
WBGene00020574.,17,27,44
WBGene00020575.,43,100,143
WBGene00020576.,5,195,200
WBGene00020577.,6,210,216
WBGene00020578.,0,1,1
WBGene00020579.,101,771,872
WBGene00020580.,2,10,12
WBGene00020581.,536,2106,2642
WBGene00020582.,8,375,383
WBGene00020583.,2,21,23
WBGene00020584.,2,2,4
WBGene00020585.,289,5231,5520
WBGene00020586.,92,301,393
WBGene00020587.,49,573,622
WBGene00020588.,73,1204,1277
WBGene00020589.,633,5706,6339
WBGene00020590.,14,26,40
WBGene00020591.,7,19,26
WBGene00020592.,52,581,633
WBGene00020593.,18,203,221
WBGene00020594.,4,16,20
WBGene00020595.,46,404,450
WBGene00020596.,46,664,710
WBGene00020598.,7,14,21
WBGene00020599.,349,1742,2091
WBGene00020600.,125,1156,1281
WBGene00020601.,68,1986,2054
WBGene00020602.,4,17,21
WBGene00020603.,0,1,1
WBGene00020604.,26,2533,2559
WBGene00020605.,85,761,846
WBGene00020607.,3,4,7
WBGene00020608.,2,5,7
WBGene00020609.,11,0,11
WBGene00020611.,4,1,5
WBGene00020612.,11,192,203
WBGene00020613.,0,0,0
WBGene00020614.,2,2,4
WBGene00020615.,3,7,10
WBGene00020616.,0,0,0
WBGene00020617.,1,2,3
WBGene00020618.,1,3,4
WBGene00020619.,0,1,1
WBGene00020620.,0,7,7
WBGene00020622.,0,0,0
WBGene00020623.,1,3,4
WBGene00020624.,2,3,5
WBGene00020625.,24,821,845
WBGene00020626.,18,111,129
WBGene00020627.,42,39,81
WBGene00020628.,73,810,883
WBGene00020629.,32,688,720
WBGene00020630.,64,563,627
WBGene00020631.,1,4,5
WBGene00020632.,105,237,342
WBGene00020633.,33,760,793
WBGene00020634.,10,45,55
WBGene00020635.,8,9,17
WBGene00020636.,67,8941,9008
WBGene00020637.,1,1,2
WBGene00020638.,1,2,3
WBGene00020639.,0,1,1
WBGene00020640.,1,0,1
WBGene00020641.,2,2,4
WBGene00020642.,11,16,27
WBGene00020645.,0,13,13
WBGene00020646.,3,15,18
WBGene00020647.,36,983,1019
WBGene00020648.,8,23,31
WBGene00020649.,59,282,341
WBGene00020650.,3,15,18
WBGene00020651.,28,301,329
WBGene00020652.,2,31,33
WBGene00020653.,4,6,10
WBGene00020655.,2,3,5
WBGene00020656.,2,6,8
WBGene00020657.,127,245,372
WBGene00020658.,28,477,505
WBGene00020659.,2,2,4
WBGene00020660.,0,2,2
WBGene00020661.,0,5,5
WBGene00020662.,224,2453,2677
WBGene00020663.,34,120,154
WBGene00020664.,72,20,92
WBGene00020665.,1,7,8
WBGene00020666.,10,4,14
WBGene00020667.,5,7,12
WBGene00020669.,6,1,7
WBGene00020670.,1,7,8
WBGene00020672.,167,21,188
WBGene00020673.,37,515,552
WBGene00020674.,3,23,26
WBGene00020675.,14,11,25
WBGene00020678.,261,1186,1447
WBGene00020679.,256,8286,8542
WBGene00020680.,2,2,4
WBGene00020682.,208,2213,2421
WBGene00020683.,77,6210,6287
WBGene00020684.,3,79,82
WBGene00020686.,67,15,82
WBGene00020687.,81,2030,2111
WBGene00020688.,11,30,41
WBGene00020689.,210,621,831
WBGene00020690.,156,748,904
WBGene00020691.,26,58,84
WBGene00020692.,20,119,139
WBGene00020693.,87,820,907
WBGene00020694.,38,132,170
WBGene00020695.,46,823,869
WBGene00020696.,224,10036,10260
WBGene00020697.,31,97,128
WBGene00020698.,4,10,14
WBGene00020699.,43,172,215
WBGene00020700.,6,148,154
WBGene00020701.,40,347,387
WBGene00020702.,43,49,92
WBGene00020703.,236,4127,4363
WBGene00020705.,217,970,1187
WBGene00020706.,169,444,613
WBGene00020707.,4,10,14
WBGene00020708.,9,103,112
WBGene00020709.,14,710,724
WBGene00020710.,33,1883,1916
WBGene00020711.,0,0,0
WBGene00020712.,107,308,415
WBGene00020713.,3,16,19
WBGene00020714.,21,257,278
WBGene00020715.,0,3,3
WBGene00020716.,16,227,243
WBGene00020717.,200,1405,1605
WBGene00020718.,34,1072,1106
WBGene00020719.,53,1417,1470
WBGene00020720.,4,10,14
WBGene00020721.,28,279,307
WBGene00020722.,103,1369,1472
WBGene00020725.,5,139,144
WBGene00020726.,36,603,639
WBGene00020727.,18,156,174
WBGene00020728.,8,12,20
WBGene00020729.,141,60,201
WBGene00020730.,9,44,53
WBGene00020732.,481,6021,6502
WBGene00020735.,393,2139,2532
WBGene00020736.,1115,2299,3414
WBGene00020737.,48,107,155
WBGene00020738.,84,1981,2065
WBGene00020739.,2,9,11
WBGene00020740.,24,640,664
WBGene00020741.,5,228,233
WBGene00020742.,126,838,964
WBGene00020743.,21,234,255
WBGene00020744.,0,37,37
WBGene00020746.,6,36,42
WBGene00020747.,2,30,32
WBGene00020748.,3,6,9
WBGene00020749.,5,27,32
WBGene00020750.,5,12,17
WBGene00020751.,1,1,2
WBGene00020752.,0,0,0
WBGene00020753.,0,0,0
WBGene00020754.,0,0,0
WBGene00020755.,1,3,4
WBGene00020756.,85,1041,1126
WBGene00020757.,22,321,343
WBGene00020758.,49,158,207
WBGene00020759.,10,91,101
WBGene00020760.,31,270,301
WBGene00020761.,74,390,464
WBGene00020762.,99,1849,1948
WBGene00020763.,20,527,547
WBGene00020764.,6,6,12
WBGene00020765.,35,168,203
WBGene00020766.,7,295,302
WBGene00020767.,70,1550,1620
WBGene00020769.,0,2,2
WBGene00020770.,227,308,535
WBGene00020771.,1,0,1
WBGene00020772.,1,8,9
WBGene00020773.,7,2,9
WBGene00020774.,13,80,93
WBGene00020775.,12,25,37
WBGene00020777.,45,207,252
WBGene00020778.,5,26,31
WBGene00020779.,370,2042,2412
WBGene00020781.,183,2896,3079
WBGene00020782.,76,528,604
WBGene00020783.,24,148,172
WBGene00020784.,32,108,140
WBGene00020785.,2,7,9
WBGene00020786.,22,116,138
WBGene00020787.,12,15,27
WBGene00020788.,28,373,401
WBGene00020789.,3,23,26
WBGene00020790.,71,443,514
WBGene00020791.,7,6,13
WBGene00020792.,4,33,37
WBGene00020793.,16,19,35
WBGene00020794.,3,3,6
WBGene00020795.,71,16,87
WBGene00020796.,37,2233,2270
WBGene00020797.,10,13,23
WBGene00020798.,34,226,260
WBGene00020799.,19,261,280
WBGene00020800.,31,249,280
WBGene00020801.,21,378,399
WBGene00020802.,1,18,19
WBGene00020803.,91,1211,1302
WBGene00020804.,1,3,4
WBGene00020805.,0,28,28
WBGene00020806.,10,187,197
WBGene00020807.,20,58,78
WBGene00020808.,12182,121205,133387
WBGene00020809.,4,7,11
WBGene00020811.,79,486,565
WBGene00020812.,355,6133,6488
WBGene00020813.,19,26,45
WBGene00020817.,0,23,23
WBGene00020819.,19,161,180
WBGene00020820.,21,362,383
WBGene00020821.,87,1887,1974
WBGene00020822.,55,397,452
WBGene00020823.,64,347,411
WBGene00020824.,164,1192,1356
WBGene00020825.,71,354,425
WBGene00020826.,59,67,126
WBGene00020827.,354,2499,2853
WBGene00020829.,10,0,10
WBGene00020830.,64,340,404
WBGene00020831.,60,1200,1260
WBGene00020832.,9,4,13
WBGene00020833.,24,136,160
WBGene00020834.,19,15,34
WBGene00020835.,36,6,42
WBGene00020836.,111,2957,3068
WBGene00020837.,8,199,207
WBGene00020838.,241,4994,5235
WBGene00020839.,73,1185,1258
WBGene00020840.,0,42,42
WBGene00020841.,1,1,2
WBGene00020842.,17,215,232
WBGene00020843.,11,175,186
WBGene00020844.,0,474,474
WBGene00020845.,2,11,13
WBGene00020846.,41,242,283
WBGene00020847.,31,190,221
WBGene00020849.,18,77,95
WBGene00020850.,7,35,42
WBGene00020851.,4,18,22
WBGene00020852.,110,712,822
WBGene00020853.,8,81,89
WBGene00020854.,487,17348,17835
WBGene00020855.,85,319,404
WBGene00020856.,6,31,37
WBGene00020857.,26,22,48
WBGene00020858.,41,41,82
WBGene00020859.,17,54,71
WBGene00020860.,0,60,60
WBGene00020861.,216,558,774
WBGene00020862.,1070,11723,12793
WBGene00020863.,9,10,19
WBGene00020864.,39,18,57
WBGene00020865.,76,672,748
WBGene00020866.,175,499,674
WBGene00020867.,228,1311,1539
WBGene00020868.,1134,10799,11933
WBGene00020869.,18,220,238
WBGene00020870.,1,2,3
WBGene00020871.,0,0,0
WBGene00020872.,0,3,3
WBGene00020873.,1,8,9
WBGene00020874.,0,1,1
WBGene00020875.,0,1,1
WBGene00020877.,3,12,15
WBGene00020878.,2,98,100
WBGene00020879.,2,3,5
WBGene00020880.,2,1,3
WBGene00020881.,1,2,3
WBGene00020882.,4,6,10
WBGene00020883.,5,358,363
WBGene00020884.,194,2253,2447
WBGene00020885.,14,7,21
WBGene00020886.,73,4619,4692
WBGene00020887.,318,1658,1976
WBGene00020888.,3,3,6
WBGene00020889.,10,60,70
WBGene00020890.,5,1,6
WBGene00020891.,182,1080,1262
WBGene00020892.,2,19,21
WBGene00020893.,20,113,133
WBGene00020894.,1046,29708,30754
WBGene00020895.,601,3526,4127
WBGene00020896.,2,152,154
WBGene00020897.,265,1620,1885
WBGene00020898.,9,188,197
WBGene00020899.,0,5,5
WBGene00020900.,3,7,10
WBGene00020901.,73,521,594
WBGene00020902.,441,2626,3067
WBGene00020903.,53,44,97
WBGene00020904.,51,150,201
WBGene00020905.,1,2,3
WBGene00020906.,8,34,42
WBGene00020908.,32,307,339
WBGene00020909.,70,438,508
WBGene00020910.,7,126,133
WBGene00020911.,30,146,176
WBGene00020912.,46,1439,1485
WBGene00020913.,5,16,21
WBGene00020914.,5,5,10
WBGene00020915.,196,17797,17993
WBGene00020917.,229,2010,2239
WBGene00020918.,2,3,5
WBGene00020919.,22,612,634
WBGene00020920.,123,729,852
WBGene00020921.,37,999,1036
WBGene00020922.,0,3,3
WBGene00020923.,0,13,13
WBGene00020924.,27,190,217
WBGene00020927.,88,4,92
WBGene00020929.,234,2122,2356
WBGene00020930.,1911,6240,8151
WBGene00020931.,16,2386,2402
WBGene00020932.,190,1654,1844
WBGene00020933.,29,906,935
WBGene00020935.,147,910,1057
WBGene00020936.,47,1061,1108
WBGene00020937.,12,488,500
WBGene00020938.,7,40,47
WBGene00020939.,38,778,816
WBGene00020940.,0,1,1
WBGene00020941.,13,27,40
WBGene00020942.,203,1353,1556
WBGene00020943.,1,6,7
WBGene00020944.,4,6,10
WBGene00020945.,23,2,25
WBGene00020946.,9,10,19
WBGene00020947.,51,74,125
WBGene00020948.,1,21,22
WBGene00020949.,16,294,310
WBGene00020950.,242,10350,10592
WBGene00020951.,122,1619,1741
WBGene00020952.,144,269,413
WBGene00020953.,0,8,8
WBGene00020954.,101,642,743
WBGene00020955.,161,131,292
WBGene00020957.,63,264,327
WBGene00020961.,14,6,20
WBGene00020962.,18,60,78
WBGene00020964.,81,437,518
WBGene00020966.,10,11,21
WBGene00020967.,2,36,38
WBGene00020970.,160,846,1006
WBGene00020971.,2,1,3
WBGene00020972.,7,32,39
WBGene00020973.,1,12,13
WBGene00020974.,0,0,0
WBGene00020976.,4,6,10
WBGene00020977.,20,27,47
WBGene00020978.,6,5,11
WBGene00020979.,0,2,2
WBGene00020981.,3,18,21
WBGene00020982.,2,4,6
WBGene00020983.,10,9,19
WBGene00020984.,1,7,8
WBGene00020985.,3,53,56
WBGene00020986.,13,13,26
WBGene00020987.,2,4,6
WBGene00020988.,0,7,7
WBGene00020989.,7,18,25
WBGene00020990.,0,2,2
WBGene00020991.,1,3,4
WBGene00020992.,2,1,3
WBGene00020993.,23,1241,1264
WBGene00020994.,24,1730,1754
WBGene00020995.,18,143,161
WBGene00020997.,65,196,261
WBGene00020999.,42,685,727
WBGene00021000.,7,347,354
WBGene00021001.,4,7,11
WBGene00021002.,50,728,778
WBGene00021003.,0,13,13
WBGene00021004.,219,3182,3401
WBGene00021005.,7,40,47
WBGene00021006.,3,1,4
WBGene00021007.,0,5,5
WBGene00021008.,12,36,48
WBGene00021009.,1208,2526,3734
WBGene00021010.,3,2,5
WBGene00021011.,0,137,137
WBGene00021012.,47,462,509
WBGene00021013.,0,65,65
WBGene00021014.,2,87,89
WBGene00021015.,2,94,96
WBGene00021016.,3,19,22
WBGene00021017.,21,85,106
WBGene00021018.,0,7,7
WBGene00021019.,7,32,39
WBGene00021020.,292,542,834
WBGene00021021.,440,1724,2164
WBGene00021022.,193,749,942
WBGene00021023.,1,17,18
WBGene00021024.,264,3441,3705
WBGene00021025.,17,21,38
WBGene00021026.,293,4131,4424
WBGene00021027.,72,219,291
WBGene00021028.,22,11,33
WBGene00021029.,0,22,22
WBGene00021030.,0,7,7
WBGene00021031.,2,38,40
WBGene00021032.,8,1,9
WBGene00021033.,3,7,10
WBGene00021034.,2,6,8
WBGene00021035.,0,52,52
WBGene00021036.,835,5237,6072
WBGene00021037.,14,62,76
WBGene00021038.,36,205,241
WBGene00021039.,47,464,511
WBGene00021040.,4,37,41
WBGene00021041.,6,11,17
WBGene00021042.,10,32,42
WBGene00021043.,545,21089,21634
WBGene00021044.,150,1209,1359
WBGene00021045.,1,2,3
WBGene00021046.,109,646,755
WBGene00021047.,312,1853,2165
WBGene00021048.,126,559,685
WBGene00021049.,55,596,651
WBGene00021050.,0,35263,35263
WBGene00021051.,46,471,517
WBGene00021052.,25,205,230
WBGene00021053.,1,71,72
WBGene00021054.,1,7,8
WBGene00021055.,15,107,122
WBGene00021056.,4,20,24
WBGene00021057.,31,542,573
WBGene00021058.,177,526,703
WBGene00021059.,219,902,1121
WBGene00021060.,16,100,116
WBGene00021061.,65,588,653
WBGene00021063.,26,671,697
WBGene00021066.,2,147,149
WBGene00021067.,5,18,23
WBGene00021068.,315,1014,1329
WBGene00021070.,33,58,91
WBGene00021072.,19,13,32
WBGene00021073.,278,4146,4424
WBGene00021074.,66,1999,2065
WBGene00021075.,8821,172,8993
WBGene00021076.,19,222,241
WBGene00021078.,534,2008,2542
WBGene00021079.,522,4509,5031
WBGene00021080.,230,1308,1538
WBGene00021081.,39,36,75
WBGene00021082.,11,290,301
WBGene00021083.,11,61,72
WBGene00021084.,6,104,110
WBGene00021085.,0,4,4
WBGene00021086.,0,0,0
WBGene00021087.,4,19,23
WBGene00021088.,132,12184,12316
WBGene00021089.,6,97,103
WBGene00021090.,16,1,17
WBGene00021091.,0,4,4
WBGene00021092.,1,1,2
WBGene00021093.,42,1975,2017
WBGene00021094.,9,25,34
WBGene00021095.,40,1529,1569
WBGene00021096.,22,4,26
WBGene00021097.,86,1763,1849
WBGene00021098.,0,0,0
WBGene00021099.,2,5,7
WBGene00021100.,3,45,48
WBGene00021101.,6,4,10
WBGene00021103.,166,633,799
WBGene00021104.,142,629,771
WBGene00021106.,0,0,0
WBGene00021107.,0,0,0
WBGene00021108.,0,0,0
WBGene00021109.,0,1,1
WBGene00021110.,3,6,9
WBGene00021111.,35,225,260
WBGene00021112.,4,807,811
WBGene00021113.,1,1,2
WBGene00021114.,0,1,1
WBGene00021115.,0,7,7
WBGene00021116.,103,819,922
WBGene00021117.,1,13,14
WBGene00021118.,6,6,12
WBGene00021120.,1,16,17
WBGene00021121.,21,413,434
WBGene00021122.,5,0,5
WBGene00021123.,14,213,227
WBGene00021124.,58,150,208
WBGene00021125.,31,91,122
WBGene00021127.,9,232,241
WBGene00021128.,364,4392,4756
WBGene00021129.,6,17,23
WBGene00021130.,24,12,36
WBGene00021131.,84,433,517
WBGene00021132.,192,843,1035
WBGene00021133.,189,3303,3492
WBGene00021134.,1,6,7
WBGene00021135.,0,0,0
WBGene00021136.,2,26,28
WBGene00021137.,0,0,0
WBGene00021138.,0,1,1
WBGene00021139.,2,0,2
WBGene00021140.,0,0,0
WBGene00021141.,0,0,0
WBGene00021142.,1,2,3
WBGene00021143.,0,0,0
WBGene00021144.,1,5,6
WBGene00021145.,1,3,4
WBGene00021146.,45,320,365
WBGene00021148.,6,96,102
WBGene00021149.,188,1596,1784
WBGene00021150.,0,1,1
WBGene00021151.,2,4,6
WBGene00021152.,89,382,471
WBGene00021153.,7,0,7
WBGene00021154.,0,2,2
WBGene00021155.,14,327,341
WBGene00021156.,38,227,265
WBGene00021157.,16,48,64
WBGene00021158.,2,44,46
WBGene00021159.,35,148,183
WBGene00021160.,42,106,148
WBGene00021161.,666,6594,7260
WBGene00021162.,0,1,1
WBGene00021163.,21,206,227
WBGene00021164.,4,1,5
WBGene00021165.,0,4,4
WBGene00021166.,1,0,1
WBGene00021167.,7,54,61
WBGene00021168.,1,34,35
WBGene00021169.,0,1,1
WBGene00021170.,37,1679,1716
WBGene00021171.,147,906,1053
WBGene00021173.,1,0,1
WBGene00021174.,0,0,0
WBGene00021175.,4,1,5
WBGene00021176.,51,313,364
WBGene00021177.,1,4,5
WBGene00021178.,10,113,123
WBGene00021179.,2,1,3
WBGene00021180.,11,36,47
WBGene00021181.,5,3,8
WBGene00021182.,8,8,16
WBGene00021183.,5,15,20
WBGene00021184.,1,2,3
WBGene00021185.,69,394,463
WBGene00021186.,60,124,184
WBGene00021187.,7,967,974
WBGene00021188.,0,0,0
WBGene00021190.,11,71,82
WBGene00021191.,139,1176,1315
WBGene00021192.,23,154,177
WBGene00021193.,5,4,9
WBGene00021195.,13,72,85
WBGene00021196.,3,41,44
WBGene00021197.,0,4,4
WBGene00021198.,7,5,12
WBGene00021199.,5,22,27
WBGene00021200.,7,48,55
WBGene00021201.,6,152,158
WBGene00021202.,68,887,955
WBGene00021204.,12,70,82
WBGene00021205.,25,726,751
WBGene00021207.,10,2,12
WBGene00021208.,76,754,830
WBGene00021209.,183,734,917
WBGene00021210.,88,808,896
WBGene00021212.,16,26,42
WBGene00021213.,32,38,70
WBGene00021214.,6,18,24
WBGene00021215.,50,63,113
WBGene00021216.,0,0,0
WBGene00021217.,0,0,0
WBGene00021218.,0,0,0
WBGene00021219.,0,0,0
WBGene00021220.,0,13,13
WBGene00021221.,0,0,0
WBGene00021222.,0,1,1
WBGene00021223.,0,0,0
WBGene00021224.,0,0,0
WBGene00021225.,0,0,0
WBGene00021226.,0,0,0
WBGene00021227.,0,0,0
WBGene00021228.,0,0,0
WBGene00021230.,3,3,6
WBGene00021232.,3,16,19
WBGene00021233.,6,3,9
WBGene00021234.,2,0,2
WBGene00021235.,1,3,4
WBGene00021236.,0,62,62
WBGene00021237.,183,523,706
WBGene00021238.,288,149,437
WBGene00021239.,559,473,1032
WBGene00021241.,0,2,2
WBGene00021243.,0,3,3
WBGene00021244.,100,42,142
WBGene00021245.,49,279,328
WBGene00021246.,60,219,279
WBGene00021247.,120,271,391
WBGene00021248.,2087,44052,46139
WBGene00021249.,14,35,49
WBGene00021252.,11,2,13
WBGene00021253.,31,350,381
WBGene00021254.,105,147,252
WBGene00021256.,27,13,40
WBGene00021257.,25,57,82
WBGene00021259.,21,25,46
WBGene00021260.,110,472,582
WBGene00021261.,4,3,7
WBGene00021262.,6,27,33
WBGene00021263.,2,5,7
WBGene00021264.,33,321,354
WBGene00021265.,73,278,351
WBGene00021266.,3,1,4
WBGene00021267.,15,76,91
WBGene00021268.,55,1298,1353
WBGene00021269.,76,271,347
WBGene00021270.,7,1524,1531
WBGene00021271.,59,225,284
WBGene00021272.,89,1150,1239
WBGene00021273.,0,4,4
WBGene00021274.,75,638,713
WBGene00021275.,198,447,645
WBGene00021276.,490,1423,1913
WBGene00021277.,106,2129,2235
WBGene00021278.,28,7,35
WBGene00021279.,2,10,12
WBGene00021280.,0,2,2
WBGene00021281.,810,3394,4204
WBGene00021282.,24,117,141
WBGene00021284.,3,8,11
WBGene00021285.,0,16,16
WBGene00021286.,238,2084,2322
WBGene00021287.,2,13,15
WBGene00021288.,3,18,21
WBGene00021289.,1,1,2
WBGene00021290.,0,1,1
WBGene00021291.,3,2,5
WBGene00021292.,201,2875,3076
WBGene00021293.,0,1,1
WBGene00021294.,255,637,892
WBGene00021295.,110,752,862
WBGene00021296.,29,682,711
WBGene00021297.,5,4,9
WBGene00021298.,1,0,1
WBGene00021299.,0,4,4
WBGene00021300.,0,1,1
WBGene00021301.,14,15,29
WBGene00021302.,2,5,7
WBGene00021303.,0,4,4
WBGene00021304.,70,267,337
WBGene00021305.,391,868,1259
WBGene00021309.,14,146,160
WBGene00021310.,8,17,25
WBGene00021311.,55,782,837
WBGene00021312.,65,2442,2507
WBGene00021313.,95,666,761
WBGene00021314.,58,577,635
WBGene00021315.,52,789,841
WBGene00021316.,237,2522,2759
WBGene00021317.,2,2,4
WBGene00021319.,82,456,538
WBGene00021320.,203,695,898
WBGene00021321.,4,10,14
WBGene00021322.,275,1826,2101
WBGene00021323.,76,971,1047
WBGene00021324.,83,446,529
WBGene00021325.,133,701,834
WBGene00021326.,12,88,100
WBGene00021327.,1022,3284,4306
WBGene00021328.,28,306,334
WBGene00021329.,106,795,901
WBGene00021331.,114,3525,3639
WBGene00021332.,203,340,543
WBGene00021333.,118,298,416
WBGene00021334.,550,984,1534
WBGene00021335.,0,505,505
WBGene00021336.,4,14,18
WBGene00021337.,5,25,30
WBGene00021338.,19,21,40
WBGene00021339.,5,9,14
WBGene00021340.,52,293,345
WBGene00021342.,75,21,96
WBGene00021343.,158,254,412
WBGene00021344.,94,123,217
WBGene00021345.,0,2,2
WBGene00021346.,246,1332,1578
WBGene00021347.,247,3456,3703
WBGene00021348.,239,2604,2843
WBGene00021349.,62,292,354
WBGene00021350.,35168,231244,266412
WBGene00021351.,109,2950,3059
WBGene00021352.,164,1517,1681
WBGene00021353.,113,308,421
WBGene00021354.,18,70,88
WBGene00021355.,498,3156,3654
WBGene00021357.,52,169,221
WBGene00021358.,3,5,8
WBGene00021359.,78,759,837
WBGene00021360.,3,4,7
WBGene00021362.,130,322,452
WBGene00021363.,142,352,494
WBGene00021364.,1,11,12
WBGene00021365.,122,699,821
WBGene00021366.,66,600,666
WBGene00021367.,16,628,644
WBGene00021368.,4,2,6
WBGene00021369.,89,372,461
WBGene00021370.,165,966,1131
WBGene00021371.,31,281,312
WBGene00021372.,9,583,592
WBGene00021373.,3,1,4
WBGene00021374.,120,394,514
WBGene00021375.,26,794,820
WBGene00021376.,67,290,357
WBGene00021377.,22,758,780
WBGene00021378.,74,756,830
WBGene00021379.,5,50,55
WBGene00021380.,0,0,0
WBGene00021381.,5,1,6
WBGene00021382.,4003,3956,7959
WBGene00021383.,33,29,62
WBGene00021384.,16,32,48
WBGene00021385.,0,11,11
WBGene00021386.,40,78,118
WBGene00021387.,41,243,284
WBGene00021388.,97,636,733
WBGene00021389.,29,81,110
WBGene00021390.,1,5,6
WBGene00021391.,9,255,264
WBGene00021392.,42,917,959
WBGene00021394.,168,727,895
WBGene00021395.,92,984,1076
WBGene00021396.,39,185,224
WBGene00021397.,2,28,30
WBGene00021398.,1,5,6
WBGene00021400.,69,476,545
WBGene00021401.,35,704,739
WBGene00021402.,19,410,429
WBGene00021403.,0,0,0
WBGene00021404.,0,0,0
WBGene00021405.,0,0,0
WBGene00021406.,0,1,1
WBGene00021407.,0,0,0
WBGene00021408.,1,0,1
WBGene00021409.,0,0,0
WBGene00021410.,13,27,40
WBGene00021412.,23,37,60
WBGene00021413.,30,3,33
WBGene00021414.,1,1,2
WBGene00021415.,122,937,1059
WBGene00021416.,64,476,540
WBGene00021417.,17,108,125
WBGene00021418.,5,35,40
WBGene00021419.,37,163,200
WBGene00021420.,49,11439,11488
WBGene00021421.,114,1132,1246
WBGene00021423.,614,1131,1745
WBGene00021425.,207,1266,1473
WBGene00021427.,391,16939,17330
WBGene00021428.,15,3,18
WBGene00021430.,49,105,154
WBGene00021433.,0,0,0
WBGene00021434.,8,10,18
WBGene00021435.,12,9,21
WBGene00021436.,34,46,80
WBGene00021437.,72,59,131
WBGene00021438.,62,38,100
WBGene00021439.,326,708,1034
WBGene00021440.,100,353,453
WBGene00021441.,218,1574,1792
WBGene00021442.,51,386,437
WBGene00021443.,249,881,1130
WBGene00021444.,288,558,846
WBGene00021446.,51,134,185
WBGene00021448.,2,22,24
WBGene00021449.,6,7,13
WBGene00021450.,10,6,16
WBGene00021451.,13,4,17
WBGene00021452.,57,454,511
WBGene00021453.,0,0,0
WBGene00021454.,0,1,1
WBGene00021456.,174,442,616
WBGene00021457.,5,11,16
WBGene00021458.,1,6,7
WBGene00021460.,49,617,666
WBGene00021461.,112,101,213
WBGene00021463.,17,19,36
WBGene00021464.,6,79,85
WBGene00021465.,2,93,95
WBGene00021466.,321,6321,6642
WBGene00021467.,25,737,762
WBGene00021468.,33,1385,1418
WBGene00021469.,27,2469,2496
WBGene00021470.,58,404,462
WBGene00021471.,7,30,37
WBGene00021472.,0,3,3
WBGene00021473.,187,105,292
WBGene00021474.,776,2652,3428
WBGene00021475.,275,2458,2733
WBGene00021476.,43,530,573
WBGene00021477.,15,21,36
WBGene00021478.,35,204,239
WBGene00021479.,49,10,59
WBGene00021482.,68,587,655
WBGene00021483.,3,10,13
WBGene00021484.,1,0,1
WBGene00021485.,3,4,7
WBGene00021486.,320,7563,7883
WBGene00021487.,57,300,357
WBGene00021488.,0,0,0
WBGene00021489.,8,1,9
WBGene00021490.,9,29,38
WBGene00021491.,0,1,1
WBGene00021492.,12,121,133
WBGene00021493.,29,298,327
WBGene00021494.,8,35,43
WBGene00021495.,4,87,91
WBGene00021496.,7,7,14
WBGene00021497.,138,353,491
WBGene00021500.,1,3,4
WBGene00021502.,43,261,304
WBGene00021503.,15,365,380
WBGene00021504.,12,34,46
WBGene00021505.,24,18,42
WBGene00021506.,99,1792,1891
WBGene00021507.,609,1662,2271
WBGene00021508.,34,658,692
WBGene00021509.,503,990,1493
WBGene00021510.,98,410,508
WBGene00021511.,44,114,158
WBGene00021512.,283,459,742
WBGene00021513.,74,13,87
WBGene00021514.,65,1545,1610
WBGene00021515.,40,229,269
WBGene00021516.,13,14,27
WBGene00021517.,11,12,23
WBGene00021518.,0,216,216
WBGene00021519.,2,49,51
WBGene00021520.,2,113,115
WBGene00021521.,2,33,35
WBGene00021522.,556,958,1514
WBGene00021524.,59,173,232
WBGene00021525.,5,21,26
WBGene00021526.,51,65,116
WBGene00021527.,184,380,564
WBGene00021528.,275,850,1125
WBGene00021529.,24,644,668
WBGene00021530.,17,5,22
WBGene00021531.,76,39,115
WBGene00021532.,154,5222,5376
WBGene00021533.,11,283,294
WBGene00021534.,794,7874,8668
WBGene00021535.,814,104,918
WBGene00021536.,60,1325,1385
WBGene00021537.,14,18,32
WBGene00021538.,45,354,399
WBGene00021539.,143,1432,1575
WBGene00021540.,26,100,126
WBGene00021541.,8,107,115
WBGene00021542.,32,0,32
WBGene00021543.,62,2061,2123
WBGene00021544.,90,564,654
WBGene00021545.,444,988,1432
WBGene00021546.,95,364,459
WBGene00021547.,43,361,404
WBGene00021548.,34,1244,1278
WBGene00021549.,298,564,862
WBGene00021551.,210,1764,1974
WBGene00021552.,155,941,1096
WBGene00021553.,8,14,22
WBGene00021554.,56,1090,1146
WBGene00021555.,13,100,113
WBGene00021556.,45,358,403
WBGene00021557.,0,62,62
WBGene00021558.,115,1102,1217
WBGene00021559.,60,625,685
WBGene00021560.,21,37,58
WBGene00021561.,248,560,808
WBGene00021562.,385,3778,4163
WBGene00021563.,61,1086,1147
WBGene00021564.,340,620,960
WBGene00021565.,7,43,50
WBGene00021566.,0,0,0
WBGene00021567.,0,0,0
WBGene00021568.,0,0,0
WBGene00021569.,0,0,0
WBGene00021570.,0,0,0
WBGene00021571.,0,0,0
WBGene00021572.,0,0,0
WBGene00021573.,0,0,0
WBGene00021574.,0,0,0
WBGene00021576.,3,14,17
WBGene00021578.,0,1,1
WBGene00021579.,2,3,5
WBGene00021580.,0,6,6
WBGene00021581.,1,3,4
WBGene00021582.,1,1,2
WBGene00021583.,18,121,139
WBGene00021585.,4,3,7
WBGene00021586.,9,2,11
WBGene00021587.,8,73,81
WBGene00021589.,9,833,842
WBGene00021590.,5,25,30
WBGene00021591.,1,5,6
WBGene00021592.,1,0,1
WBGene00021593.,4,0,4
WBGene00021594.,11,19,30
WBGene00021595.,188,2237,2425
WBGene00021596.,51,186,237
WBGene00021597.,2326,1891,4217
WBGene00021599.,31,84,115
WBGene00021600.,46,648,694
WBGene00021601.,13,18,31
WBGene00021602.,6,27,33
WBGene00021603.,4,14,18
WBGene00021604.,0,4,4
WBGene00021605.,12,88,100
WBGene00021606.,5,16,21
WBGene00021607.,1,164,165
WBGene00021608.,0,0,0
WBGene00021609.,14,15,29
WBGene00021610.,24,159,183
WBGene00021611.,42,163,205
WBGene00021612.,0,1,1
WBGene00021613.,135,937,1072
WBGene00021614.,353,4069,4422
WBGene00021615.,2,0,2
WBGene00021616.,0,0,0
WBGene00021617.,3,0,3
WBGene00021619.,2,0,2
WBGene00021620.,0,2,2
WBGene00021621.,0,3,3
WBGene00021622.,2,0,2
WBGene00021623.,0,0,0
WBGene00021624.,4,52,56
WBGene00021625.,0,188,188
WBGene00021626.,104,299,403
WBGene00021627.,0,5,5
WBGene00021628.,130,955,1085
WBGene00021629.,206,1467,1673
WBGene00021630.,1,1,2
WBGene00021631.,3,0,3
WBGene00021632.,1,1,2
WBGene00021633.,10,17,27
WBGene00021634.,175,558,733
WBGene00021635.,17,117,134
WBGene00021636.,71,588,659
WBGene00021637.,72,483,555
WBGene00021638.,161,1257,1418
WBGene00021639.,9,48,57
WBGene00021640.,73,122,195
WBGene00021641.,23,22,45
WBGene00021643.,116,650,766
WBGene00021644.,72,1370,1442
WBGene00021645.,94,471,565
WBGene00021646.,162,654,816
WBGene00021647.,215,1987,2202
WBGene00021648.,5,585,590
WBGene00021649.,7,130,137
WBGene00021650.,2,10,12
WBGene00021651.,3,8,11
WBGene00021653.,0,3,3
WBGene00021654.,1,92,93
WBGene00021655.,27,447,474
WBGene00021656.,4,13,17
WBGene00021657.,49,329,378
WBGene00021658.,4,73,77
WBGene00021660.,312,1906,2218
WBGene00021661.,35,91,126
WBGene00021662.,0,15,15
WBGene00021664.,0,4,4
WBGene00021666.,66,511,577
WBGene00021667.,1,38,39
WBGene00021668.,9,18,27
WBGene00021671.,2,29,31
WBGene00021672.,15,6,21
WBGene00021673.,8,5,13
WBGene00021675.,14,56,70
WBGene00021676.,7,237,244
WBGene00021677.,25,354,379
WBGene00021678.,22,5,27
WBGene00021679.,18,254,272
WBGene00021681.,513,1141,1654
WBGene00021682.,283,666,949
WBGene00021683.,123,273,396
WBGene00021685.,943,751,1694
WBGene00021686.,767,1951,2718
WBGene00021687.,69,429,498
WBGene00021689.,212,396,608
WBGene00021690.,30,274,304
WBGene00021691.,48,1484,1532
WBGene00021692.,19,181,200
WBGene00021693.,65,256,321
WBGene00021694.,14,42,56
WBGene00021697.,1446,4566,6012
WBGene00021698.,413,1168,1581
WBGene00021700.,0,10,10
WBGene00021701.,51,9,60
WBGene00021702.,109,830,939
WBGene00021703.,6,2,8
WBGene00021704.,50,45,95
WBGene00021706.,7,30,37
WBGene00021707.,2,29,31
WBGene00021708.,3,21,24
WBGene00021709.,4,60,64
WBGene00021710.,4,31,35
WBGene00021711.,2,4,6
WBGene00021713.,1,2,3
WBGene00021714.,63,360,423
WBGene00021715.,198,2109,2307
WBGene00021716.,6,2,8
WBGene00021717.,0,1,1
WBGene00021718.,0,0,0
WBGene00021719.,0,0,0
WBGene00021720.,7,0,7
WBGene00021721.,13,62,75
WBGene00021722.,6,5,11
WBGene00021723.,0,1,1
WBGene00021724.,1,2,3
WBGene00021725.,11,74,85
WBGene00021726.,5,15,20
WBGene00021727.,1,0,1
WBGene00021728.,16,57,73
WBGene00021729.,0,0,0
WBGene00021730.,3,7,10
WBGene00021731.,6,34,40
WBGene00021732.,83,221,304
WBGene00021733.,308,840,1148
WBGene00021734.,65,82,147
WBGene00021735.,222,916,1138
WBGene00021736.,67,865,932
WBGene00021737.,0,2,2
WBGene00021738.,138,400,538
WBGene00021739.,21,736,757
WBGene00021740.,228,809,1037
WBGene00021741.,11,109,120
WBGene00021743.,79,227,306
WBGene00021744.,2,2,4
WBGene00021745.,40,134,174
WBGene00021746.,1,3,4
WBGene00021747.,6,14,20
WBGene00021748.,55,363,418
WBGene00021749.,89,536,625
WBGene00021750.,33,189,222
WBGene00021751.,705,181,886
WBGene00021752.,611,428,1039
WBGene00021753.,392,1156,1548
WBGene00021754.,707,4507,5214
WBGene00021755.,69,128,197
WBGene00021756.,292,518,810
WBGene00021757.,277,1220,1497
WBGene00021758.,147,641,788
WBGene00021763.,66,276,342
WBGene00021764.,36,135,171
WBGene00021765.,291,525,816
WBGene00021766.,82,390,472
WBGene00021768.,78,1330,1408
WBGene00021771.,246,743,989
WBGene00021772.,7,5,12
WBGene00021773.,0,2,2
WBGene00021774.,0,8,8
WBGene00021776.,115,350,465
WBGene00021778.,17,143,160
WBGene00021779.,1,7,8
WBGene00021780.,0,1,1
WBGene00021781.,44,509,553
WBGene00021783.,250,1516,1766
WBGene00021784.,62,1011,1073
WBGene00021785.,94,1400,1494
WBGene00021786.,5,14,19
WBGene00021787.,1,0,1
WBGene00021788.,155,39,194
WBGene00021789.,300,1061,1361
WBGene00021790.,12,5,17
WBGene00021791.,2,3,5
WBGene00021792.,0,0,0
WBGene00021793.,1,2,3
WBGene00021794.,1,4,5
WBGene00021795.,4,35,39
WBGene00021796.,62,772,834
WBGene00021797.,7,2,9
WBGene00021798.,10,3,13
WBGene00021799.,26,136,162
WBGene00021800.,384,7909,8293
WBGene00021801.,2,0,2
WBGene00021804.,6,36,42
WBGene00021805.,2,4,6
WBGene00021806.,1,1,2
WBGene00021807.,28,55,83
WBGene00021808.,238,891,1129
WBGene00021809.,1,0,1
WBGene00021810.,435,1134,1569
WBGene00021811.,317,2687,3004
WBGene00021812.,31,281,312
WBGene00021813.,83,1428,1511
WBGene00021814.,20,55,75
WBGene00021815.,73,1215,1288
WBGene00021816.,70,1422,1492
WBGene00021817.,42,216,258
WBGene00021818.,372,3262,3634
WBGene00021819.,18,18,36
WBGene00021820.,351,493,844
WBGene00021821.,0,12,12
WBGene00021826.,167,2250,2417
WBGene00021827.,59,422,481
WBGene00021828.,202,951,1153
WBGene00021829.,40,3137,3177
WBGene00021830.,75,3126,3201
WBGene00021831.,334,1311,1645
WBGene00021832.,38,93,131
WBGene00021833.,13,1,14
WBGene00021834.,14,671,685
WBGene00021835.,50,526,576
WBGene00021838.,241,1580,1821
WBGene00021839.,310,3436,3746
WBGene00021840.,162,365,527
WBGene00021841.,13,185,198
WBGene00021842.,220,721,941
WBGene00021843.,505,3600,4105
WBGene00021844.,70,1867,1937
WBGene00021845.,26,2288,2314
WBGene00021846.,101,341,442
WBGene00021847.,77,803,880
WBGene00021848.,51,74,125
WBGene00021849.,538,9706,10244
WBGene00021850.,42,89,131
WBGene00021852.,90,790,880
WBGene00021853.,0,50,50
WBGene00021854.,155,1281,1436
WBGene00021855.,106,367,473
WBGene00021856.,229,716,945
WBGene00021857.,914,4766,5680
WBGene00021858.,18,14,32
WBGene00021859.,4,2,6
WBGene00021860.,4,6,10
WBGene00021861.,4,23,27
WBGene00021862.,9,5,14
WBGene00021863.,98,438,536
WBGene00021864.,26,228,254
WBGene00021865.,16,12,28
WBGene00021866.,40,457,497
WBGene00021867.,81,728,809
WBGene00021868.,139,1647,1786
WBGene00021869.,7,48,55
WBGene00021870.,50,382,432
WBGene00021871.,45,121,166
WBGene00021872.,17,146,163
WBGene00021873.,6,13,19
WBGene00021875.,434,3658,4092
WBGene00021876.,191,919,1110
WBGene00021877.,39,48,87
WBGene00021878.,4,2,6
WBGene00021879.,6,135,141
WBGene00021880.,0,0,0
WBGene00021881.,110,213,323
WBGene00021882.,552,933,1485
WBGene00021883.,117,3964,4081
WBGene00021884.,2,198,200
WBGene00021885.,2,3,5
WBGene00021886.,330,169,499
WBGene00021887.,22,72,94
WBGene00021888.,120,3919,4039
WBGene00021889.,1,4,5
WBGene00021890.,655,4469,5124
WBGene00021892.,10,3,13
WBGene00021893.,945,3000,3945
WBGene00021894.,953,6079,7032
WBGene00021895.,11,34,45
WBGene00021897.,129,433,562
WBGene00021898.,2,99,101
WBGene00021899.,279,4958,5237
WBGene00021900.,100,1835,1935
WBGene00021901.,14,1302,1316
WBGene00021902.,66,362,428
WBGene00021904.,30,439,469
WBGene00021905.,72,425,497
WBGene00021906.,229,682,911
WBGene00021907.,7,5,12
WBGene00021908.,2,8,10
WBGene00021909.,29,613,642
WBGene00021910.,238,750,988
WBGene00021911.,6,28,34
WBGene00021912.,64,343,407
WBGene00021913.,33,656,689
WBGene00021914.,116,351,467
WBGene00021915.,150,638,788
WBGene00021917.,21,169,190
WBGene00021918.,34,1175,1209
WBGene00021919.,16,85,101
WBGene00021920.,313,2582,2895
WBGene00021921.,446,2822,3268
WBGene00021922.,38,1010,1048
WBGene00021923.,144,341,485
WBGene00021925.,109,367,476
WBGene00021926.,134,1313,1447
WBGene00021927.,11,335,346
WBGene00021928.,52,306,358
WBGene00021929.,14,1002,1016
WBGene00021930.,320,5069,5389
WBGene00021931.,71,134,205
WBGene00021932.,63,581,644
WBGene00021933.,23,345,368
WBGene00021934.,155,3542,3697
WBGene00021935.,118,482,600
WBGene00021936.,627,1594,2221
WBGene00021938.,98,1217,1315
WBGene00021939.,42,40,82
WBGene00021941.,31,132,163
WBGene00021942.,22,179,201
WBGene00021943.,130,1746,1876
WBGene00021945.,53,205,258
WBGene00021947.,12,11,23
WBGene00021948.,386,1173,1559
WBGene00021949.,1,6,7
WBGene00021950.,70,604,674
WBGene00021951.,10,17,27
WBGene00021952.,220,4053,4273
WBGene00021953.,7,30,37
WBGene00021956.,53,1364,1417
WBGene00021957.,2,2,4
WBGene00021958.,6,28,34
WBGene00021959.,300,4056,4356
WBGene00021960.,159,3131,3290
WBGene00021961.,0,0,0
WBGene00021963.,24,162,186
WBGene00021964.,2,1,3
WBGene00021965.,52,470,522
WBGene00021966.,0,10,10
WBGene00021967.,0,1,1
WBGene00021968.,23,23,46
WBGene00021969.,2,2,4
WBGene00021970.,17,20,37
WBGene00021971.,0,0,0
WBGene00021972.,101,687,788
WBGene00021973.,174,1203,1377
WBGene00021974.,123,1087,1210
WBGene00021975.,19,201,220
WBGene00021976.,10,101,111
WBGene00021977.,17,340,357
WBGene00021978.,0,75,75
WBGene00021979.,2,864,866
WBGene00021980.,282,706,988
WBGene00021981.,40,2280,2320
WBGene00021983.,89,1339,1428
WBGene00021984.,70,515,585
WBGene00021985.,296,1537,1833
WBGene00021986.,89,785,874
WBGene00021987.,0,0,0
WBGene00021988.,0,0,0
WBGene00021990.,28,28,56
WBGene00021992.,1,1,2
WBGene00021993.,0,9,9
WBGene00021994.,10,41,51
WBGene00021995.,2,4,6
WBGene00021996.,1,3,4
WBGene00021997.,0,0,0
WBGene00021998.,0,0,0
WBGene00021999.,0,1,1
WBGene00022000.,0,0,0
WBGene00022001.,5,0,5
WBGene00022002.,0,0,0
WBGene00022003.,0,0,0
WBGene00022004.,20,278,298
WBGene00022005.,0,3,3
WBGene00022006.,0,0,0
WBGene00022007.,0,0,0
WBGene00022008.,2,1,3
WBGene00022010.,152,1250,1402
WBGene00022011.,1,3,4
WBGene00022012.,0,10,10
WBGene00022013.,2,212,214
WBGene00022014.,179,342,521
WBGene00022015.,375,1516,1891
WBGene00022016.,5,12,17
WBGene00022017.,0,5,5
WBGene00022018.,7,231,238
WBGene00022019.,320,1640,1960
WBGene00022020.,0,3,3
WBGene00022021.,313,3112,3425
WBGene00022022.,33,623,656
WBGene00022023.,1,1,2
WBGene00022024.,4,104,108
WBGene00022025.,111,1342,1453
WBGene00022026.,257,1555,1812
WBGene00022027.,249,3102,3351
WBGene00022028.,20,19,39
WBGene00022029.,99,1582,1681
WBGene00022030.,6,3,9
WBGene00022031.,68,506,574
WBGene00022032.,9,8,17
WBGene00022033.,21,130,151
WBGene00022034.,24,334,358
WBGene00022035.,36,25,61
WBGene00022036.,30,91,121
WBGene00022037.,98,720,818
WBGene00022038.,39,289,328
WBGene00022039.,3,28,31
WBGene00022040.,8,162,170
WBGene00022042.,8620,66118,74738
WBGene00022043.,23,450,473
WBGene00022044.,16,1004,1020
WBGene00022045.,386,2370,2756
WBGene00022046.,4,14169,14173
WBGene00022047.,13,183,196
WBGene00022048.,1070,11852,12922
WBGene00022051.,145,472,617
WBGene00022052.,75,449,524
WBGene00022053.,692,8331,9023
WBGene00022054.,32,322,354
WBGene00022055.,26,238,264
WBGene00022056.,97,218,315
WBGene00022057.,49,970,1019
WBGene00022059.,1528,1429,2957
WBGene00022060.,7,490,497
WBGene00022061.,54,86,140
WBGene00022062.,26,57,83
WBGene00022063.,168,1423,1591
WBGene00022064.,2,1,3
WBGene00022066.,0,13,13
WBGene00022067.,141,479,620
WBGene00022069.,250,6115,6365
WBGene00022070.,0,3,3
WBGene00022071.,8,63,71
WBGene00022072.,1332,16611,17943
WBGene00022073.,99,527,626
WBGene00022074.,230,913,1143
WBGene00022075.,353,5527,5880
WBGene00022076.,7,18,25
WBGene00022077.,81,773,854
WBGene00022078.,605,1226,1831
WBGene00022079.,5,5,10
WBGene00022082.,1,15,16
WBGene00022083.,5,9,14
WBGene00022085.,25,17,42
WBGene00022086.,68,111,179
WBGene00022087.,668,869,1537
WBGene00022089.,1069,37019,38088
WBGene00022090.,5,8,13
WBGene00022092.,171,1948,2119
WBGene00022093.,912,10657,11569
WBGene00022094.,5,1,6
WBGene00022095.,0,0,0
WBGene00022096.,0,0,0
WBGene00022097.,5,1,6
WBGene00022099.,197,2260,2457
WBGene00022100.,493,1240,1733
WBGene00022101.,22,102,124
WBGene00022102.,5,20,25
WBGene00022103.,120,281,401
WBGene00022104.,325,253,578
WBGene00022106.,222,472,694
WBGene00022107.,43,851,894
WBGene00022108.,5,20,25
WBGene00022110.,10,89,99
WBGene00022111.,0,62,62
WBGene00022112.,0,2,2
WBGene00022113.,23,112,135
WBGene00022114.,142,10134,10276
WBGene00022115.,144,1110,1254
WBGene00022117.,270,354,624
WBGene00022118.,94,482,576
WBGene00022119.,23,2711,2734
WBGene00022121.,198,545,743
WBGene00022122.,81,10804,10885
WBGene00022123.,41,218,259
WBGene00022124.,167,336,503
WBGene00022125.,59,403,462
WBGene00022126.,65,351,416
WBGene00022127.,6,7880,7886
WBGene00022128.,83,770,853
WBGene00022129.,85,494,579
WBGene00022130.,18,37,55
WBGene00022131.,71,298,369
WBGene00022133.,1,1,2
WBGene00022134.,547,2263,2810
WBGene00022138.,353,582,935
WBGene00022139.,255,993,1248
WBGene00022140.,37,5,42
WBGene00022141.,17,637,654
WBGene00022142.,25,33,58
WBGene00022143.,0,14,14
WBGene00022144.,133,13383,13516
WBGene00022145.,13,9,22
WBGene00022146.,29,1340,1369
WBGene00022148.,950,2317,3267
WBGene00022149.,235,1040,1275
WBGene00022150.,28,1822,1850
WBGene00022152.,240,730,970
WBGene00022153.,223,801,1024
WBGene00022154.,29,175,204
WBGene00022155.,40,337,377
WBGene00022156.,1,12,13
WBGene00022157.,14,0,14
WBGene00022158.,48,472,520
WBGene00022159.,236,2299,2535
WBGene00022160.,15,267,282
WBGene00022161.,16,320,336
WBGene00022162.,2,2,4
WBGene00022163.,16,9,25
WBGene00022165.,135,383,518
WBGene00022166.,150,320,470
WBGene00022167.,68,523,591
WBGene00022168.,263,773,1036
WBGene00022169.,257,2480,2737
WBGene00022170.,3835,35053,38888
WBGene00022171.,0,114,114
WBGene00022172.,1,60,61
WBGene00022173.,0,383,383
WBGene00022174.,155,434,589
WBGene00022175.,126,752,878
WBGene00022176.,180,964,1144
WBGene00022177.,8,18,26
WBGene00022178.,19,62,81
WBGene00022179.,27,71,98
WBGene00022180.,121,2147,2268
WBGene00022181.,17,76,93
WBGene00022182.,249,1286,1535
WBGene00022185.,133,942,1075
WBGene00022188.,97,823,920
WBGene00022189.,3,7,10
WBGene00022190.,12,274,286
WBGene00022191.,32,175,207
WBGene00022192.,76,1099,1175
WBGene00022193.,30,484,514
WBGene00022194.,301,6450,6751
WBGene00022195.,129,506,635
WBGene00022196.,39,744,783
WBGene00022197.,57,239,296
WBGene00022198.,50,203,253
WBGene00022199.,80,5592,5672
WBGene00022200.,23,299,322
WBGene00022201.,78,1342,1420
WBGene00022202.,185,2637,2822
WBGene00022203.,18,443,461
WBGene00022204.,6,41,47
WBGene00022205.,30,118,148
WBGene00022206.,44,103,147
WBGene00022207.,2,3,5
WBGene00022209.,0,0,0
WBGene00022210.,1,0,1
WBGene00022211.,99,423,522
WBGene00022213.,21,70,91
WBGene00022214.,5,2,7
WBGene00022215.,2,4,6
WBGene00022216.,1,4,5
WBGene00022217.,0,0,0
WBGene00022218.,3,0,3
WBGene00022219.,68,309,377
WBGene00022221.,150,330,480
WBGene00022222.,14,20,34
WBGene00022223.,1,2,3
WBGene00022224.,0,4,4
WBGene00022225.,1,9,10
WBGene00022227.,49,216,265
WBGene00022228.,80,126,206
WBGene00022229.,23,18,41
WBGene00022230.,628,5554,6182
WBGene00022231.,90,298,388
WBGene00022232.,67,584,651
WBGene00022233.,115,1666,1781
WBGene00022235.,947,27952,28899
WBGene00022236.,0,20,20
WBGene00022237.,2,16,18
WBGene00022240.,111,1085,1196
WBGene00022242.,196,1827,2023
WBGene00022243.,1,19,20
WBGene00022244.,0,79,79
WBGene00022245.,508,4811,5319
WBGene00022246.,5,115,120
WBGene00022247.,83,187,270
WBGene00022248.,152,2639,2791
WBGene00022249.,0,1,1
WBGene00022250.,42,378,420
WBGene00022251.,75,962,1037
WBGene00022252.,21,171,192
WBGene00022253.,78,1747,1825
WBGene00022254.,78,2438,2516
WBGene00022255.,31,355,386
WBGene00022256.,4,4,8
WBGene00022257.,0,40,40
WBGene00022258.,34,460,494
WBGene00022259.,61,426,487
WBGene00022260.,98,643,741
WBGene00022261.,36,228,264
WBGene00022262.,0,2,2
WBGene00022263.,6,118,124
WBGene00022264.,1,4,5
WBGene00022265.,3,5,8
WBGene00022266.,1,1,2
WBGene00022267.,20,77,97
WBGene00022268.,170,1659,1829
WBGene00022269.,232,1960,2192
WBGene00022270.,165,336,501
WBGene00022271.,53,4292,4345
WBGene00022272.,4,16,20
WBGene00022273.,27,362,389
WBGene00022274.,28,108,136
WBGene00022275.,1,44,45
WBGene00022276.,267,3722,3989
WBGene00022277.,162,1280,1442
WBGene00022278.,314,746,1060
WBGene00022279.,145,1832,1977
WBGene00022280.,98,897,995
WBGene00022281.,228,911,1139
WBGene00022282.,0,2,2
WBGene00022283.,38,325,363
WBGene00022284.,93,498,591
WBGene00022285.,707,322,1029
WBGene00022286.,110,396,506
WBGene00022287.,88,1543,1631
WBGene00022288.,18,68,86
WBGene00022289.,8,205,213
WBGene00022290.,0,0,0
WBGene00022291.,0,0,0
WBGene00022292.,0,0,0
WBGene00022295.,32,80,112
WBGene00022296.,546,1246,1792
WBGene00022297.,97,2512,2609
WBGene00022298.,2,7,9
WBGene00022300.,204,641,845
WBGene00022301.,479,1281,1760
WBGene00022302.,144,1918,2062
WBGene00022303.,0,192,192
WBGene00022306.,667,1744,2411
WBGene00022307.,11,620,631
WBGene00022308.,1,2,3
WBGene00022309.,97,596,693
WBGene00022310.,199,651,850
WBGene00022311.,2,0,2
WBGene00022312.,2,1,3
WBGene00022313.,67,133,200
WBGene00022314.,41,223,264
WBGene00022315.,1,3,4
WBGene00022316.,0,0,0
WBGene00022317.,7,41,48
WBGene00022318.,1,2,3
WBGene00022319.,0,0,0
WBGene00022320.,6,1,7
WBGene00022321.,4,1,5
WBGene00022322.,1,1,2
WBGene00022323.,1,0,1
WBGene00022324.,1,4,5
WBGene00022325.,15,130,145
WBGene00022326.,9,123,132
WBGene00022327.,19,51,70
WBGene00022328.,2,7,9
WBGene00022329.,18,103,121
WBGene00022330.,2,25,27
WBGene00022331.,7,32,39
WBGene00022332.,5,9,14
WBGene00022333.,5,23,28
WBGene00022334.,16,18,34
WBGene00022335.,25,81,106
WBGene00022336.,336,185651,185987
WBGene00022337.,0,3,3
WBGene00022338.,23,21,44
WBGene00022339.,393,3462,3855
WBGene00022340.,2,2,4
WBGene00022341.,1,0,1
WBGene00022342.,2,1,3
WBGene00022343.,0,4,4
WBGene00022344.,2,4,6
WBGene00022345.,5,8,13
WBGene00022346.,9,37,46
WBGene00022347.,182,1407,1589
WBGene00022348.,82,1726,1808
WBGene00022349.,18,71,89
WBGene00022350.,233,858,1091
WBGene00022351.,109,162,271
WBGene00022352.,0,1,1
WBGene00022353.,3,50,53
WBGene00022354.,239,482,721
WBGene00022356.,11,651,662
WBGene00022357.,63,443,506
WBGene00022358.,230,828,1058
WBGene00022360.,276,1160,1436
WBGene00022361.,370,894,1264
WBGene00022363.,189,458,647
WBGene00022365.,21,84,105
WBGene00022366.,329,514,843
WBGene00022367.,75,114,189
WBGene00022368.,97,876,973
WBGene00022369.,124,747,871
WBGene00022370.,160,161,321
WBGene00022371.,294,718,1012
WBGene00022372.,101,292,393
WBGene00022373.,237,3673,3910
WBGene00022374.,35,245,280
WBGene00022375.,1,6,7
WBGene00022376.,140,1263,1403
WBGene00022377.,9,58,67
WBGene00022378.,753,3315,4068
WBGene00022379.,30,110,140
WBGene00022380.,537,3895,4432
WBGene00022381.,106,1153,1259
WBGene00022382.,0,1421,1421
WBGene00022385.,23,14,37
WBGene00022386.,254,601,855
WBGene00022388.,390,864,1254
WBGene00022389.,286,1486,1772
WBGene00022390.,44,135,179
WBGene00022391.,474,1140,1614
WBGene00022392.,13,79,92
WBGene00022393.,52,878,930
WBGene00022394.,42,2286,2328
WBGene00022395.,11,38,49
WBGene00022396.,44,759,803
WBGene00022397.,118,1019,1137
WBGene00022398.,41,365,406
WBGene00022399.,21,151,172
WBGene00022400.,30,1165,1195
WBGene00022401.,72,2094,2166
WBGene00022402.,28,936,964
WBGene00022403.,5,7,12
WBGene00022404.,2,15,17
WBGene00022405.,2,38,40
WBGene00022406.,3,3,6
WBGene00022407.,3,17,20
WBGene00022408.,1,26,27
WBGene00022409.,5,44,49
WBGene00022410.,20,7983,8003
WBGene00022411.,5,27,32
WBGene00022412.,29,184,213
WBGene00022413.,23,157,180
WBGene00022415.,11,266,277
WBGene00022416.,76,461,537
WBGene00022417.,38,860,898
WBGene00022418.,66,510,576
WBGene00022419.,66,358,424
WBGene00022420.,38,732,770
WBGene00022421.,0,2,2
WBGene00022423.,111,142,253
WBGene00022425.,181,902,1083
WBGene00022426.,89,412,501
WBGene00022427.,235,822,1057
WBGene00022428.,78,311,389
WBGene00022429.,0,1,1
WBGene00022431.,18,5,23
WBGene00022432.,0,13,13
WBGene00022433.,0,0,0
WBGene00022434.,392,761,1153
WBGene00022435.,137,249,386
WBGene00022438.,3,1,4
WBGene00022439.,8,17,25
WBGene00022440.,32,175,207
WBGene00022441.,96,563,659
WBGene00022442.,0,0,0
WBGene00022443.,0,1,1
WBGene00022444.,1,1,2
WBGene00022445.,26,127,153
WBGene00022446.,0,7,7
WBGene00022447.,211,255,466
WBGene00022448.,149,505,654
WBGene00022450.,50,457,507
WBGene00022452.,1,71,72
WBGene00022453.,94,1686,1780
WBGene00022454.,57,33,90
WBGene00022455.,15,1083,1098
WBGene00022456.,84,1539,1623
WBGene00022457.,66,462,528
WBGene00022458.,9,1773,1782
WBGene00022459.,28,438,466
WBGene00022460.,64,608,672
WBGene00022462.,13,159,172
WBGene00022463.,159,1466,1625
WBGene00022465.,57,502,559
WBGene00022466.,49,766,815
WBGene00022467.,0,5,5
WBGene00022469.,20,273,293
WBGene00022470.,359,2566,2925
WBGene00022471.,49,229,278
WBGene00022472.,468,5114,5582
WBGene00022473.,1466,2892,4358
WBGene00022474.,14,66,80
WBGene00022475.,61,1066,1127
WBGene00022476.,3,4,7
WBGene00022477.,0,0,0
WBGene00022478.,0,4,4
WBGene00022479.,0,3,3
WBGene00022481.,0,0,0
WBGene00022482.,0,8,8
WBGene00022483.,0,0,0
WBGene00022484.,3,63,66
WBGene00022485.,48,210,258
WBGene00022486.,21,27,48
WBGene00022487.,1,17,18
WBGene00022488.,90,481,571
WBGene00022489.,300,2605,2905
WBGene00022490.,11,33,44
WBGene00022491.,93,118,211
WBGene00022492.,80,2241,2321
WBGene00022493.,126,888,1014
WBGene00022494.,1,113,114
WBGene00022495.,0,10,10
WBGene00022496.,0,190,190
WBGene00022497.,0,2205,2205
WBGene00022498.,7,33,40
WBGene00022499.,195,4421,4616
WBGene00022500.,701,7422,8123
WBGene00022501.,621,678,1299
WBGene00022502.,34,394,428
WBGene00022503.,10,129,139
WBGene00022504.,31,61,92
WBGene00022505.,54,1255,1309
WBGene00022506.,9,31,40
WBGene00022507.,35,9,44
WBGene00022508.,1,8,9
WBGene00022509.,0,9,9
WBGene00022511.,1,11,12
WBGene00022512.,1,0,1
WBGene00022515.,31,532,563
WBGene00022516.,38,1378,1416
WBGene00022517.,85,62,147
WBGene00022518.,460,715,1175
WBGene00022519.,238,1437,1675
WBGene00022521.,25,24,49
WBGene00022522.,26,162,188
WBGene00022526.,20,0,20
WBGene00022527.,49,59,108
WBGene00022528.,0,13,13
WBGene00022529.,3,2,5
WBGene00022530.,18,241,259
WBGene00022531.,25,598,623
WBGene00022532.,8,78,86
WBGene00022533.,30,188,218
WBGene00022534.,105,942,1047
WBGene00022536.,8,9,17
WBGene00022537.,12,42,54
WBGene00022538.,76,1875,1951
WBGene00022539.,19,34,53
WBGene00022540.,37,36,73
WBGene00022541.,1,1,2
WBGene00022542.,0,1,1
WBGene00022544.,23,9,32
WBGene00022545.,8,6,14
WBGene00022546.,4,14,18
WBGene00022547.,2,8,10
WBGene00022548.,4,3,7
WBGene00022549.,20,49,69
WBGene00022550.,5,25,30
WBGene00022551.,0,10,10
WBGene00022552.,1,24,25
WBGene00022553.,1,1,2
WBGene00022554.,16,275,291
WBGene00022555.,0,1,1
WBGene00022556.,0,0,0
WBGene00022557.,0,2,2
WBGene00022558.,0,1,1
WBGene00022559.,0,1,1
WBGene00022560.,2,6,8
WBGene00022561.,0,1,1
WBGene00022562.,59,456,515
WBGene00022563.,1,2,3
WBGene00022564.,30,185,215
WBGene00022565.,1,7,8
WBGene00022566.,1,90,91
WBGene00022567.,41,129,170
WBGene00022568.,17,233,250
WBGene00022569.,18,420,438
WBGene00022570.,0,4,4
WBGene00022571.,0,0,0
WBGene00022572.,1,1,2
WBGene00022573.,5,20,25
WBGene00022574.,1,37,38
WBGene00022575.,0,4,4
WBGene00022576.,20,108,128
WBGene00022577.,15,69,84
WBGene00022578.,1,0,1
WBGene00022579.,272,2247,2519
WBGene00022580.,99,1425,1524
WBGene00022581.,3,3,6
WBGene00022582.,0,0,0
WBGene00022583.,169,2595,2764
WBGene00022584.,82,312,394
WBGene00022586.,1,18,19
WBGene00022587.,2,7,9
WBGene00022588.,50,259,309
WBGene00022589.,5,1,6
WBGene00022590.,4,28,32
WBGene00022591.,85,686,771
WBGene00022592.,280,992,1272
WBGene00022593.,159,474,633
WBGene00022594.,2,4,6
WBGene00022596.,4,4,8
WBGene00022597.,32,292,324
WBGene00022598.,102,880,982
WBGene00022599.,1179,20703,21882
WBGene00022600.,3,2,5
WBGene00022601.,38,240,278
WBGene00022603.,67,954,1021
WBGene00022604.,0,4,4
WBGene00022605.,0,10,10
WBGene00022606.,18,27,45
WBGene00022608.,85,631,716
WBGene00022609.,41,250,291
WBGene00022610.,44,196,240
WBGene00022611.,13,52,65
WBGene00022612.,8,87,95
WBGene00022613.,39,325,364
WBGene00022614.,197,1280,1477
WBGene00022615.,31,1152,1183
WBGene00022616.,1,2,3
WBGene00022617.,1,0,1
WBGene00022618.,125,2153,2278
WBGene00022619.,0,17,17
WBGene00022620.,71,822,893
WBGene00022621.,1,1,2
WBGene00022622.,3,2,5
WBGene00022623.,14,357,371
WBGene00022624.,40,94,134
WBGene00022627.,16,54,70
WBGene00022628.,5,8,13
WBGene00022629.,9,380,389
WBGene00022630.,0,3,3
WBGene00022631.,14,125,139
WBGene00022632.,9,9,18
WBGene00022633.,57,340,397
WBGene00022634.,9,7,16
WBGene00022635.,108,600,708
WBGene00022636.,1,5,6
WBGene00022637.,0,6,6
WBGene00022638.,2,1,3
WBGene00022639.,7,9,16
WBGene00022640.,4,4,8
WBGene00022641.,0,16,16
WBGene00022642.,63,493,556
WBGene00022643.,7,19,26
WBGene00022644.,40,647,687
WBGene00022645.,113,796,909
WBGene00022646.,5,553,558
WBGene00022647.,100,715,815
WBGene00022648.,152,472,624
WBGene00022649.,14,277,291
WBGene00022650.,90,120,210
WBGene00022651.,0,1,1
WBGene00022652.,0,1,1
WBGene00022653.,16,79,95
WBGene00022654.,2,9,11
WBGene00022655.,16,37,53
WBGene00022656.,6,74,80
WBGene00022657.,18,550,568
WBGene00022658.,0,14,14
WBGene00022660.,0,25,25
WBGene00022661.,55,76,131
WBGene00022662.,10,37,47
WBGene00022663.,43,653,696
WBGene00022664.,36,493,529
WBGene00022665.,33,241,274
WBGene00022666.,69,792,861
WBGene00022667.,189,1333,1522
WBGene00022668.,243,1009,1252
WBGene00022669.,0,0,0
WBGene00022670.,0,0,0
WBGene00022671.,5,13,18
WBGene00022672.,121,604,725
WBGene00022673.,38,375,413
WBGene00022674.,0,0,0
WBGene00022675.,682,1722,2404
WBGene00022677.,35,326,361
WBGene00022678.,115,3880,3995
WBGene00022679.,2,193,195
WBGene00022680.,12,42,54
WBGene00022681.,30,103,133
WBGene00022682.,39,127,166
WBGene00022683.,42,237,279
WBGene00022685.,5,4,9
WBGene00022688.,1,0,1
WBGene00022689.,1,2,3
WBGene00022690.,3,4,7
WBGene00022691.,2,4,6
WBGene00022694.,52,536,588
WBGene00022695.,65,445,510
WBGene00022696.,35,247,282
WBGene00022697.,134,1097,1231
WBGene00022698.,12,25,37
WBGene00022699.,0,4,4
WBGene00022700.,28,186,214
WBGene00022702.,3,341,344
WBGene00022703.,118,1150,1268
WBGene00022704.,48,396,444
WBGene00022705.,8,39,47
WBGene00022706.,13,84,97
WBGene00022707.,2,3,5
WBGene00022708.,2,12,14
WBGene00022709.,7,49,56
WBGene00022710.,1,2,3
WBGene00022711.,6,8,14
WBGene00022712.,9,134,143
WBGene00022713.,0,0,0
WBGene00022714.,3,5,8
WBGene00022715.,8,23,31
WBGene00022716.,1,1,2
WBGene00022717.,83,903,986
WBGene00022718.,148,1681,1829
WBGene00022719.,118,1260,1378
WBGene00022720.,60,512,572
WBGene00022721.,31,453,484
WBGene00022722.,145,2101,2246
WBGene00022723.,19,17,36
WBGene00022724.,0,4,4
WBGene00022725.,7,11,18
WBGene00022726.,3,1,4
WBGene00022727.,76,644,720
WBGene00022728.,2,4,6
WBGene00022729.,0,1,1
WBGene00022730.,19,202,221
WBGene00022731.,10,14,24
WBGene00022732.,7,49,56
WBGene00022733.,104,85,189
WBGene00022734.,83,2439,2522
WBGene00022735.,17,59,76
WBGene00022736.,16,274,290
WBGene00022737.,6,183,189
WBGene00022738.,270,4283,4553
WBGene00022739.,179,1889,2068
WBGene00022741.,22,15,37
WBGene00022742.,109,1620,1729
WBGene00022743.,82,508,590
WBGene00022744.,26,203,229
WBGene00022745.,995,5447,6442
WBGene00022746.,0,6,6
WBGene00022747.,22,224,246
WBGene00022748.,206,18432,18638
WBGene00022749.,42,1418,1460
WBGene00022750.,547,2038,2585
WBGene00022751.,0,0,0
WBGene00022752.,3,160,163
WBGene00022753.,4,4,8
WBGene00022754.,0,5,5
WBGene00022755.,2,38,40
WBGene00022756.,13,55,68
WBGene00022757.,2,2,4
WBGene00022758.,4,0,4
WBGene00022759.,34,1450,1484
WBGene00022760.,0,48,48
WBGene00022761.,0,13,13
WBGene00022762.,33,304,337
WBGene00022763.,0,8,8
WBGene00022765.,592,4942,5534
WBGene00022766.,94,1470,1564
WBGene00022767.,22,293,315
WBGene00022769.,37,456,493
WBGene00022770.,21,541,562
WBGene00022771.,106,424,530
WBGene00022772.,11,63,74
WBGene00022773.,76,316,392
WBGene00022774.,40,1637,1677
WBGene00022775.,6,81,87
WBGene00022776.,21,2199,2220
WBGene00022778.,3,1,4
WBGene00022780.,4,13,17
WBGene00022781.,60,2251,2311
WBGene00022782.,47,785,832
WBGene00022783.,314,2313,2627
WBGene00022785.,102,1105,1207
WBGene00022786.,14,844,858
WBGene00022787.,48,620,668
WBGene00022788.,16,606,622
WBGene00022789.,9,104,113
WBGene00022790.,26,234,260
WBGene00022791.,347,2355,2702
WBGene00022792.,83,1124,1207
WBGene00022793.,32,2968,3000
WBGene00022794.,171,2539,2710
WBGene00022795.,4,4,8
WBGene00022796.,47,215,262
WBGene00022797.,12,200,212
WBGene00022798.,136,1508,1644
WBGene00022799.,0,5,5
WBGene00022800.,68,1199,1267
WBGene00022801.,90,2718,2808
WBGene00022802.,24,268,292
WBGene00022803.,43,466,509
WBGene00022804.,3,15,18
WBGene00022805.,79,605,684
WBGene00022806.,0,1,1
WBGene00022807.,6,12,18
WBGene00022808.,2,18,20
WBGene00022809.,4,3,7
WBGene00022810.,44,444,488
WBGene00022811.,101,82,183
WBGene00022812.,81,1003,1084
WBGene00022813.,35,352,387
WBGene00022814.,40,361,401
WBGene00022815.,47,178,225
WBGene00022816.,189,1537,1726
WBGene00022817.,239,2725,2964
WBGene00022818.,3,7,10
WBGene00022820.,3,3,6
WBGene00022821.,0,0,0
WBGene00022822.,0,1,1
WBGene00022823.,37,1475,1512
WBGene00022824.,28,195,223
WBGene00022825.,103,374,477
WBGene00022826.,1,7,8
WBGene00022827.,18,19,37
WBGene00022829.,46,107,153
WBGene00022830.,27,381,408
WBGene00022831.,116,1202,1318
WBGene00022832.,83,1037,1120
WBGene00022833.,4,5,9
WBGene00022834.,10,116,126
WBGene00022835.,42,506,548
WBGene00022836.,103,1326,1429
WBGene00022837.,34,259,293
WBGene00022838.,11,26,37
WBGene00022840.,11,12,23
WBGene00022842.,50,351,401
WBGene00022843.,34,38,72
WBGene00022845.,2,47,49
WBGene00022846.,19,4,23
WBGene00022847.,38,222,260
WBGene00022848.,52,604,656
WBGene00022849.,27,49,76
WBGene00022850.,293,775,1068
WBGene00022851.,66,1690,1756
WBGene00022852.,6,1254,1260
WBGene00022853.,0,24,24
WBGene00022854.,15,61,76
WBGene00022855.,52,3567,3619
WBGene00022856.,29,5481,5510
WBGene00022857.,9,224,233
WBGene00022858.,46,72,118
WBGene00022861.,3155,600,3755
WBGene00022862.,22,524,546
WBGene00022864.,116,2644,2760
WBGene00022865.,114,1426,1540
WBGene00022866.,6,16,22
WBGene00022867.,21,56,77
WBGene00022868.,10,78,88
WBGene00022869.,6,1,7
WBGene00022870.,1,2,3
WBGene00022871.,1,272,273
WBGene00022872.,13,37,50
WBGene00022873.,3,22,25
WBGene00022874.,17,61,78
WBGene00022875.,0,0,0
WBGene00022876.,0,1,1
WBGene00022877.,2,4,6
WBGene00022880.,74,499,573
WBGene00022881.,16,376,392
WBGene00022882.,28,283,311
WBGene00022883.,26,276,302
WBGene00022884.,0,51,51
WBGene00022885.,30,498,528
WBGene00022886.,2,1,3
WBGene00022887.,25,527,552
WBGene00022888.,9,3,12
WBGene00022889.,0,1,1
WBGene00022890.,0,4,4
WBGene00022891.,3,19,22
WBGene00022892.,4,2,6
WBGene00022893.,25,107,132
WBGene00022894.,0,0,0
WBGene00022895.,0,1,1
WBGene00022896.,0,0,0
WBGene00022897.,0,0,0
WBGene00022898.,0,0,0
WBGene00022899.,0,0,0
WBGene00022900.,0,0,0
WBGene00022901.,0,0,0
WBGene00022902.,0,0,0
WBGene00022903.,0,0,0
WBGene00022904.,0,0,0
WBGene00022905.,0,0,0
WBGene00022906.,0,0,0
WBGene00022907.,0,0,0
WBGene00022908.,0,0,0
WBGene00022909.,0,0,0
WBGene00022910.,0,0,0
WBGene00022911.,0,0,0
WBGene00022912.,0,0,0
WBGene00022913.,0,0,0
WBGene00022914.,0,0,0
WBGene00022915.,0,0,0
WBGene00022916.,0,6,6
WBGene00022917.,0,5,5
WBGene00022918.,0,3,3
WBGene00022919.,0,8,8
WBGene00022920.,0,0,0
WBGene00022921.,0,0,0
WBGene00022922.,0,7,7
WBGene00022923.,0,0,0
WBGene00022924.,0,0,0
WBGene00022925.,0,0,0
WBGene00022926.,0,6,6
WBGene00022927.,0,1,1
WBGene00022928.,0,0,0
WBGene00022929.,0,6,6
WBGene00022930.,0,0,0
WBGene00022931.,0,0,0
WBGene00022932.,0,21,21
WBGene00022933.,0,0,0
WBGene00022934.,0,0,0
WBGene00022935.,0,0,0
WBGene00022936.,0,1,1
WBGene00022937.,0,0,0
WBGene00022938.,0,0,0
WBGene00022939.,0,0,0
WBGene00022940.,0,0,0
WBGene00022941.,0,0,0
WBGene00022942.,0,0,0
WBGene00022943.,0,0,0
WBGene00022944.,0,0,0
WBGene00022945.,0,0,0
WBGene00022946.,0,0,0
WBGene00022947.,0,0,0
WBGene00022948.,0,1,1
WBGene00022949.,0,0,0
WBGene00022950.,0,11,11
WBGene00022951.,0,123672,123672
WBGene00022952.,0,3,3
WBGene00022953.,0,0,0
WBGene00022954.,0,0,0
WBGene00022955.,0,0,0
WBGene00022956.,0,49,49
WBGene00022957.,0,0,0
WBGene00022958.,0,0,0
WBGene00022959.,0,0,0
WBGene00022960.,0,0,0
WBGene00022961.,0,0,0
WBGene00022962.,0,10,10
WBGene00022963.,0,1,1
WBGene00022964.,0,0,0
WBGene00022965.,0,0,0
WBGene00022966.,0,0,0
WBGene00022967.,0,0,0
WBGene00022968.,0,0,0
WBGene00022969.,0,0,0
WBGene00022970.,0,151,151
WBGene00022971.,0,0,0
WBGene00022972.,0,0,0
WBGene00022973.,0,0,0
WBGene00022974.,0,0,0
WBGene00022975.,0,0,0
WBGene00022976.,0,0,0
WBGene00022977.,0,0,0
WBGene00022978.,0,0,0
WBGene00022979.,0,0,0
WBGene00022980.,0,0,0
WBGene00022981.,0,0,0
WBGene00022982.,0,15,15
WBGene00022983.,0,23,23
WBGene00022984.,0,0,0
WBGene00022985.,0,1,1
WBGene00022986.,0,0,0
WBGene00022987.,0,0,0
WBGene00022988.,0,0,0
WBGene00022989.,0,0,0
WBGene00022990.,0,0,0
WBGene00022991.,0,0,0
WBGene00022992.,0,0,0
WBGene00022993.,0,0,0
WBGene00022994.,0,0,0
WBGene00022995.,0,0,0
WBGene00022996.,0,0,0
WBGene00022997.,0,0,0
WBGene00022998.,1,0,1
WBGene00022999.,0,1,1
WBGene00023000.,0,0,0
WBGene00023001.,0,0,0
WBGene00023002.,0,0,0
WBGene00023003.,0,1,1
WBGene00023004.,0,1,1
WBGene00023005.,0,0,0
WBGene00023006.,0,0,0
WBGene00023007.,0,0,0
WBGene00023008.,0,0,0
WBGene00023009.,0,0,0
WBGene00023010.,0,0,0
WBGene00023011.,0,0,0
WBGene00023012.,0,0,0
WBGene00023013.,0,0,0
WBGene00023014.,0,0,0
WBGene00023015.,0,1,1
WBGene00023016.,0,0,0
WBGene00023017.,0,0,0
WBGene00023018.,0,0,0
WBGene00023019.,0,0,0
WBGene00023020.,0,202,202
WBGene00023021.,0,605,605
WBGene00023022.,0,0,0
WBGene00023023.,0,0,0
WBGene00023024.,0,0,0
WBGene00023025.,0,0,0
WBGene00023026.,0,1,1
WBGene00023027.,0,0,0
WBGene00023028.,0,0,0
WBGene00023029.,0,0,0
WBGene00023030.,0,0,0
WBGene00023031.,0,0,0
WBGene00023032.,0,0,0
WBGene00023033.,0,0,0
WBGene00023034.,0,0,0
WBGene00023035.,0,0,0
WBGene00023036.,186,1330,1516
WBGene00023037.,0,0,0
WBGene00023038.,0,0,0
WBGene00023039.,1,5,6
WBGene00023040.,0,0,0
WBGene00023041.,0,0,0
WBGene00023042.,0,0,0
WBGene00023043.,0,0,0
WBGene00023044.,0,0,0
WBGene00023045.,0,0,0
WBGene00023046.,0,0,0
WBGene00023047.,0,0,0
WBGene00023048.,0,0,0
WBGene00023049.,0,1,1
WBGene00023050.,0,0,0
WBGene00023051.,0,0,0
WBGene00023052.,0,0,0
WBGene00023053.,0,0,0
WBGene00023054.,0,0,0
WBGene00023055.,0,0,0
WBGene00023056.,0,1,1
WBGene00023057.,0,0,0
WBGene00023058.,0,0,0
WBGene00023059.,0,2,2
WBGene00023060.,0,7,7
WBGene00023061.,0,0,0
WBGene00023062.,0,0,0
WBGene00023063.,0,0,0
WBGene00023064.,0,0,0
WBGene00023065.,0,0,0
WBGene00023066.,0,142,142
WBGene00023067.,6318,11674,17992
WBGene00023068.,148684,231664,380348
WBGene00023069.,0,90,90
WBGene00023070.,0,0,0
WBGene00023071.,0,0,0
WBGene00023072.,0,0,0
WBGene00023073.,0,0,0
WBGene00023074.,0,0,0
WBGene00023075.,0,0,0
WBGene00023076.,0,0,0
WBGene00023077.,0,0,0
WBGene00023078.,0,0,0
WBGene00023079.,0,0,0
WBGene00023080.,0,0,0
WBGene00023081.,0,0,0
WBGene00023082.,0,0,0
WBGene00023083.,0,26,26
WBGene00023084.,0,1,1
WBGene00023085.,0,0,0
WBGene00023086.,0,0,0
WBGene00023087.,0,0,0
WBGene00023088.,0,0,0
WBGene00023089.,0,0,0
WBGene00023090.,0,0,0
WBGene00023091.,0,0,0
WBGene00023092.,0,0,0
WBGene00023093.,0,0,0
WBGene00023094.,0,0,0
WBGene00023095.,0,0,0
WBGene00023096.,0,0,0
WBGene00023097.,0,0,0
WBGene00023098.,0,0,0
WBGene00023099.,0,0,0
WBGene00023100.,0,0,0
WBGene00023101.,0,0,0
WBGene00023102.,0,0,0
WBGene00023103.,0,0,0
WBGene00023104.,5,6,11
WBGene00023105.,0,0,0
WBGene00023106.,0,0,0
WBGene00023107.,0,0,0
WBGene00023108.,0,0,0
WBGene00023109.,0,0,0
WBGene00023110.,0,1,1
WBGene00023111.,0,0,0
WBGene00023112.,0,0,0
WBGene00023113.,0,2,2
WBGene00023115.,0,0,0
WBGene00023116.,0,3,3
WBGene00023117.,0,0,0
WBGene00023118.,0,0,0
WBGene00023119.,0,1,1
WBGene00023120.,0,0,0
WBGene00023121.,0,0,0
WBGene00023122.,0,0,0
WBGene00023123.,0,0,0
WBGene00023124.,0,0,0
WBGene00023125.,0,1,1
WBGene00023126.,0,0,0
WBGene00023127.,0,0,0
WBGene00023128.,0,0,0
WBGene00023129.,0,0,0
WBGene00023130.,0,0,0
WBGene00023131.,0,1,1
WBGene00023132.,0,0,0
WBGene00023133.,0,0,0
WBGene00023134.,0,0,0
WBGene00023135.,0,0,0
WBGene00023136.,0,0,0
WBGene00023137.,0,0,0
WBGene00023138.,0,0,0
WBGene00023139.,0,1,1
WBGene00023140.,0,0,0
WBGene00023141.,0,0,0
WBGene00023142.,0,7,7
WBGene00023143.,0,0,0
WBGene00023144.,0,0,0
WBGene00023145.,0,0,0
WBGene00023146.,0,0,0
WBGene00023147.,0,1,1
WBGene00023148.,0,0,0
WBGene00023149.,0,0,0
WBGene00023150.,0,6,6
WBGene00023151.,0,0,0
WBGene00023152.,0,0,0
WBGene00023153.,0,1,1
WBGene00023154.,0,0,0
WBGene00023155.,0,0,0
WBGene00023156.,0,1,1
WBGene00023157.,0,0,0
WBGene00023158.,0,0,0
WBGene00023159.,0,0,0
WBGene00023160.,0,0,0
WBGene00023161.,0,0,0
WBGene00023162.,0,5,5
WBGene00023163.,0,1,1
WBGene00023164.,0,0,0
WBGene00023165.,0,1,1
WBGene00023166.,0,0,0
WBGene00023167.,0,0,0
WBGene00023168.,0,0,0
WBGene00023169.,0,0,0
WBGene00023170.,0,0,0
WBGene00023171.,0,0,0
WBGene00023172.,15,44,59
WBGene00023173.,0,0,0
WBGene00023174.,0,0,0
WBGene00023175.,0,0,0
WBGene00023176.,0,0,0
WBGene00023177.,0,0,0
WBGene00023178.,0,0,0
WBGene00023179.,0,0,0
WBGene00023180.,0,0,0
WBGene00023181.,0,0,0
WBGene00023182.,0,2,2
WBGene00023183.,0,12,12
WBGene00023184.,0,0,0
WBGene00023185.,0,0,0
WBGene00023186.,0,0,0
WBGene00023187.,0,0,0
WBGene00023188.,0,0,0
WBGene00023189.,0,0,0
WBGene00023190.,0,0,0
WBGene00023191.,6,27,33
WBGene00023192.,0,0,0
WBGene00023193.,0,50,50
WBGene00023194.,0,0,0
WBGene00023195.,0,0,0
WBGene00023196.,0,0,0
WBGene00023197.,0,0,0
WBGene00023198.,0,0,0
WBGene00023199.,0,0,0
WBGene00023200.,0,0,0
WBGene00023201.,0,0,0
WBGene00023202.,0,0,0
WBGene00023203.,0,0,0
WBGene00023204.,0,4,4
WBGene00023205.,0,48,48
WBGene00023206.,0,0,0
WBGene00023207.,0,0,0
WBGene00023208.,0,0,0
WBGene00023209.,91,19433,19524
WBGene00023210.,0,0,0
WBGene00023211.,0,0,0
WBGene00023212.,0,0,0
WBGene00023213.,0,0,0
WBGene00023214.,0,0,0
WBGene00023215.,0,1,1
WBGene00023216.,0,0,0
WBGene00023217.,0,0,0
WBGene00023218.,0,0,0
WBGene00023219.,0,0,0
WBGene00023220.,0,0,0
WBGene00023221.,0,0,0
WBGene00023222.,0,0,0
WBGene00023223.,29,38,67
WBGene00023224.,1,0,1
WBGene00023225.,1,0,1
WBGene00023226.,1,2,3
WBGene00023227.,0,0,0
WBGene00023228.,0,0,0
WBGene00023229.,0,0,0
WBGene00023230.,0,0,0
WBGene00023231.,0,0,0
WBGene00023232.,0,0,0
WBGene00023233.,0,1,1
WBGene00023234.,0,0,0
WBGene00023235.,1,0,1
WBGene00023236.,0,0,0
WBGene00023237.,0,2,2
WBGene00023238.,0,0,0
WBGene00023239.,3,4,7
WBGene00023240.,0,0,0
WBGene00023241.,0,2,2
WBGene00023242.,0,0,0
WBGene00023243.,1,0,1
WBGene00023244.,2,2,4
WBGene00023245.,4,92,96
WBGene00023246.,0,16,16
WBGene00023247.,0,3,3
WBGene00023248.,2,2,4
WBGene00023249.,0,3,3
WBGene00023250.,0,0,0
WBGene00023251.,0,0,0
WBGene00023252.,0,43,43
WBGene00023253.,0,0,0
WBGene00023254.,0,0,0
WBGene00023255.,0,0,0
WBGene00023256.,0,0,0
WBGene00023257.,0,0,0
WBGene00023259.,2,11,13
WBGene00023260.,0,0,0
WBGene00023262.,0,10,10
WBGene00023263.,0,10865,10865
WBGene00023264.,30,5,35
WBGene00023265.,0,0,0
WBGene00023266.,0,0,0
WBGene00023267.,0,0,0
WBGene00023268.,0,2,2
WBGene00023269.,0,0,0
WBGene00023270.,1,6,7
WBGene00023271.,0,13,13
WBGene00023272.,2,2,4
WBGene00023273.,3,7,10
WBGene00023274.,2,4,6
WBGene00023275.,0,0,0
WBGene00023276.,0,17,17
WBGene00023277.,1,29,30
WBGene00023278.,1,0,1
WBGene00023279.,0,13,13
WBGene00023281.,3,16,19
WBGene00023282.,0,8,8
WBGene00023283.,0,0,0
WBGene00023284.,0,140,140
WBGene00023285.,0,4,4
WBGene00023287.,1,2,3
WBGene00023288.,0,2,2
WBGene00023289.,0,0,0
WBGene00023290.,0,0,0
WBGene00023291.,0,0,0
WBGene00023293.,0,14,14
WBGene00023294.,0,2,2
WBGene00023295.,0,0,0
WBGene00023296.,0,0,0
WBGene00023297.,0,0,0
WBGene00023298.,0,0,0
WBGene00023299.,0,0,0
WBGene00023300.,0,0,0
WBGene00023301.,2,0,2
WBGene00023302.,1,57,58
WBGene00023303.,2,4,6
WBGene00023304.,0,0,0
WBGene00023305.,0,1,1
WBGene00023306.,0,0,0
WBGene00023307.,0,0,0
WBGene00023308.,36,5,41
WBGene00023309.,0,0,0
WBGene00023310.,0,1,1
WBGene00023311.,0,1,1
WBGene00023312.,0,0,0
WBGene00023313.,0,0,0
WBGene00023314.,1,43,44
WBGene00023315.,0,0,0
WBGene00023316.,0,5,5
WBGene00023317.,0,2,2
WBGene00023318.,3,50,53
WBGene00023319.,0,6,6
WBGene00023320.,0,4,4
WBGene00023321.,0,6,6
WBGene00023322.,0,0,0
WBGene00023323.,13,106,119
WBGene00023324.,0,0,0
WBGene00023325.,0,0,0
WBGene00023326.,0,10,10
WBGene00023327.,1,0,1
WBGene00023328.,0,0,0
WBGene00023329.,0,0,0
WBGene00023330.,0,18,18
WBGene00023331.,0,8,8
WBGene00023332.,0,0,0
WBGene00023333.,0,0,0
WBGene00023334.,0,0,0
WBGene00023335.,0,0,0
WBGene00023336.,0,3,3
WBGene00023337.,1,0,1
WBGene00023338.,3,2,5
WBGene00023339.,0,1,1
WBGene00023340.,0,0,0
WBGene00023341.,0,0,0
WBGene00023342.,0,0,0
WBGene00023343.,0,0,0
WBGene00023344.,0,0,0
WBGene00023345.,0,0,0
WBGene00023346.,0,0,0
WBGene00023348.,0,11,11
WBGene00023349.,0,5,5
WBGene00023351.,0,8,8
WBGene00023352.,0,0,0
WBGene00023353.,0,0,0
WBGene00023354.,0,0,0
WBGene00023355.,49,22,71
WBGene00023356.,0,2,2
WBGene00023357.,0,0,0
WBGene00023358.,0,3,3
WBGene00023359.,0,0,0
WBGene00023360.,0,0,0
WBGene00023361.,0,0,0
WBGene00023362.,0,0,0
WBGene00023363.,0,0,0
WBGene00023364.,0,56,56
WBGene00023365.,0,0,0
WBGene00023366.,0,0,0
WBGene00023367.,0,0,0
WBGene00023368.,0,0,0
WBGene00023369.,0,0,0
WBGene00023370.,0,0,0
WBGene00023371.,0,0,0
WBGene00023372.,0,0,0
WBGene00023373.,0,12,12
WBGene00023375.,0,0,0
WBGene00023376.,0,4,4
WBGene00023377.,0,2,2
WBGene00023378.,0,0,0
WBGene00023379.,0,0,0
WBGene00023380.,0,0,0
WBGene00023381.,0,6,6
WBGene00023382.,0,0,0
WBGene00023383.,0,0,0
WBGene00023384.,0,0,0
WBGene00023385.,0,0,0
WBGene00023386.,0,0,0
WBGene00023387.,0,0,0
WBGene00023388.,0,0,0
WBGene00023389.,0,0,0
WBGene00023390.,0,5,5
WBGene00023391.,0,0,0
WBGene00023392.,0,0,0
WBGene00023393.,0,0,0
WBGene00023394.,0,0,0
WBGene00023395.,4,23,27
WBGene00023396.,0,5,5
WBGene00023397.,0,3,3
WBGene00023398.,0,0,0
WBGene00023399.,0,1,1
WBGene00023400.,0,5,5
WBGene00023401.,0,2157,2157
WBGene00023402.,0,0,0
WBGene00023404.,60,261,321
WBGene00023405.,129,1472,1601
WBGene00023407.,37,985,1022
WBGene00023408.,170,5759,5929
WBGene00023409.,66,730,796
WBGene00023410.,2,2,4
WBGene00023411.,10,25,35
WBGene00023413.,2,22,24
WBGene00023414.,219,748,967
WBGene00023415.,21,96,117
WBGene00023416.,65,896,961
WBGene00023417.,15,684,699
WBGene00023418.,9,495,504
WBGene00023419.,70,1140,1210
WBGene00023420.,1,10,11
WBGene00023421.,59,342,401
WBGene00023422.,156,1259,1415
WBGene00023423.,33,42,75
WBGene00023424.,4,13,17
WBGene00023425.,2,10,12
WBGene00023427.,7,18,25
WBGene00023428.,0,0,0
WBGene00023429.,0,0,0
WBGene00023430.,0,0,0
WBGene00023431.,376,752,1128
WBGene00023432.,4,131,135
WBGene00023450.,86,357,443
WBGene00023451.,9,32,41
WBGene00023452.,0,0,0
WBGene00023453.,0,0,0
WBGene00023454.,0,0,0
WBGene00023455.,0,0,0
WBGene00023456.,0,0,0
WBGene00023457.,0,0,0
WBGene00023458.,16,861,877
WBGene00023459.,0,2,2
WBGene00023460.,30,188,218
WBGene00023461.,0,0,0
WBGene00023462.,3,6,9
WBGene00023463.,3,2,5
WBGene00023464.,5,9,14
WBGene00023465.,11,18,29
WBGene00023466.,0,0,0
WBGene00023467.,0,0,0
WBGene00023468.,0,0,0
WBGene00023469.,0,0,0
WBGene00023470.,1,3,4
WBGene00023471.,10,6,16
WBGene00023472.,14,243,257
WBGene00023474.,4,69,73
WBGene00023475.,6,4,10
WBGene00023476.,0,7,7
WBGene00023477.,0,172,172
WBGene00023478.,5,3,8
WBGene00023479.,0,1,1
WBGene00023480.,6,11,17
WBGene00023481.,0,3,3
WBGene00023482.,0,0,0
WBGene00023483.,3,1,4
WBGene00023484.,6,1,7
WBGene00023485.,0,35,35
WBGene00023486.,9,111,120
WBGene00023487.,120,3329,3449
WBGene00023488.,9,2,11
WBGene00023489.,293,61,354
WBGene00023490.,7,33,40
WBGene00023491.,134,505,639
WBGene00023492.,1,6,7
WBGene00023493.,5,34,39
WBGene00023497.,61,840,901
WBGene00023498.,18,515,533
WBGene00023499.,2,5,7
WBGene00023500.,76,766,842
WBGene00023501.,4,33,37
WBGene00023502.,114,518,632
WBGene00023503.,15,28,43
WBGene00023504.,115,648,763
WBGene00023505.,4,9,13
WBGene00023506.,0,11,11
WBGene00023507.,0,2,2
WBGene00023508.,3,2,5
WBGene00023509.,1,1,2
WBGene00023510.,0,3,3
WBGene00023511.,0,0,0
WBGene00023512.,0,0,0
WBGene00023513.,0,3,3
WBGene00023514.,1,4,5
WBGene00023515.,143,157,300
WBGene00023516.,0,0,0
WBGene00023517.,0,13,13
WBGene00023518.,0,0,0
WBGene00023519.,13,23,36
WBGene00023520.,74,474,548
WBGene00043049.,8,20,28
WBGene00043050.,188,1505,1693
WBGene00043051.,68,313,381
WBGene00043052.,2,3,5
WBGene00043053.,125,10,135
WBGene00043054.,23,280,303
WBGene00043055.,0,0,0
WBGene00043056.,108,237,345
WBGene00043057.,54,377,431
WBGene00043058.,2,0,2
WBGene00043059.,3,7,10
WBGene00043060.,259,1394,1653
WBGene00043061.,30,25,55
WBGene00043062.,12,81,93
WBGene00043064.,26,2291,2317
WBGene00043065.,12,45,57
WBGene00043066.,17,61,78
WBGene00043067.,22,213,235
WBGene00043068.,9,107,116
WBGene00043069.,30,28,58
WBGene00043097.,85,2017,2102
WBGene00043120.,7,65,72
WBGene00043147.,0,12,12
WBGene00043156.,33,114,147
WBGene00043187.,0,0,0
WBGene00043239.,15,0,15
WBGene00043279.,65,227,292
WBGene00043283.,4,1,5
WBGene00043297.,128,1413,1541
WBGene00043302.,165,1980,2145
WBGene00043308.,3,161,164
WBGene00043327.,0,0,0
WBGene00043328.,0,0,0
WBGene00043466.,1,1,2
WBGene00043469.,1,0,1
WBGene00043534.,33,37,70
WBGene00043666.,0,11,11
WBGene00043702.,0,34,34
WBGene00043705.,29,41,70
WBGene00043743.,0,0,0
WBGene00043948.,0,0,0
WBGene00043952.,19,12,31
WBGene00043980.,3,3,6
WBGene00043981.,25,94,119
WBGene00043982.,63,735,798
WBGene00043983.,29,305,334
WBGene00043984.,0,8,8
WBGene00043985.,27,296,323
WBGene00043986.,2,1,3
WBGene00043987.,0,0,0
WBGene00043988.,44,30,74
WBGene00043989.,0,0,0
WBGene00043990.,0,0,0
WBGene00043991.,0,0,0
WBGene00043992.,60,242,302
WBGene00043993.,2,23,25
WBGene00043994.,20,475,495
WBGene00043995.,27,110,137
WBGene00043996.,52,20,72
WBGene00043997.,34,136,170
WBGene00043998.,6,38,44
WBGene00044000.,5,5,10
WBGene00044001.,32,1039,1071
WBGene00044002.,2,0,2
WBGene00044003.,9,2,11
WBGene00044004.,0,397,397
WBGene00044005.,0,2,2
WBGene00044006.,111,1038,1149
WBGene00044007.,151,1275,1426
WBGene00044008.,82,694,776
WBGene00044009.,47,265,312
WBGene00044011.,7,800,807
WBGene00044012.,4,4,8
WBGene00044013.,2,1,3
WBGene00044014.,0,0,0
WBGene00044015.,0,33,33
WBGene00044016.,36,1142,1178
WBGene00044018.,0,3,3
WBGene00044019.,32,227,259
WBGene00044020.,6,53,59
WBGene00044021.,12,120,132
WBGene00044022.,0,2,2
WBGene00044024.,8,49,57
WBGene00044025.,52,653,705
WBGene00044026.,44,2625,2669
WBGene00044027.,1,8,9
WBGene00044028.,11,159,170
WBGene00044029.,75,1039,1114
WBGene00044030.,11,3,14
WBGene00044031.,2,5,7
WBGene00044032.,4,40,44
WBGene00044034.,0,16,16
WBGene00044035.,5,61,66
WBGene00044036.,0,0,0
WBGene00044037.,0,5,5
WBGene00044038.,17,17,34
WBGene00044040.,0,0,0
WBGene00044041.,15,4,19
WBGene00044042.,0,0,0
WBGene00044043.,0,8,8
WBGene00044044.,1,1,2
WBGene00044045.,28,115,143
WBGene00044046.,0,0,0
WBGene00044047.,0,3,3
WBGene00044048.,12,22,34
WBGene00044049.,693,3230,3923
WBGene00044051.,0,4,4
WBGene00044052.,0,4,4
WBGene00044053.,3,87,90
WBGene00044054.,11,3,14
WBGene00044056.,0,0,0
WBGene00044057.,0,1,1
WBGene00044058.,9,53,62
WBGene00044059.,0,2,2
WBGene00044061.,122,784,906
WBGene00044062.,1,2,3
WBGene00044063.,19,1216,1235
WBGene00044065.,115,202,317
WBGene00044066.,0,18,18
WBGene00044067.,6,112,118
WBGene00044068.,501,4376,4877
WBGene00044069.,36,672,708
WBGene00044070.,297,3751,4048
WBGene00044071.,44,515,559
WBGene00044072.,199,1150,1349
WBGene00044073.,12,134,146
WBGene00044074.,5,8,13
WBGene00044077.,124,1650,1774
WBGene00044078.,374,2588,2962
WBGene00044079.,773,5105,5878
WBGene00044080.,0,4,4
WBGene00044081.,3,3,6
WBGene00044082.,64,682,746
WBGene00044083.,0,0,0
WBGene00044084.,6,4,10
WBGene00044085.,2,4,6
WBGene00044086.,1,0,1
WBGene00044087.,3,4,7
WBGene00044088.,2,3,5
WBGene00044089.,0,0,0
WBGene00044090.,0,9,9
WBGene00044091.,11,23,34
WBGene00044092.,8,7,15
WBGene00044093.,1,12,13
WBGene00044094.,64,860,924
WBGene00044095.,0,8,8
WBGene00044096.,1,0,1
WBGene00044097.,1,2,3
WBGene00044099.,0,0,0
WBGene00044100.,0,0,0
WBGene00044101.,3,0,3
WBGene00044102.,1,0,1
WBGene00044103.,0,7,7
WBGene00044104.,11,9,20
WBGene00044105.,0,1,1
WBGene00044106.,0,3,3
WBGene00044107.,2,175,177
WBGene00044109.,0,29,29
WBGene00044112.,4,5,9
WBGene00044113.,0,1,1
WBGene00044114.,4,1,5
WBGene00044115.,2,9,11
WBGene00044116.,3,1,4
WBGene00044117.,1,25,26
WBGene00044119.,1,4,5
WBGene00044120.,15,40,55
WBGene00044121.,3,5,8
WBGene00044122.,30,39,69
WBGene00044124.,1,1,2
WBGene00044125.,32,22,54
WBGene00044126.,10,8,18
WBGene00044127.,0,7,7
WBGene00044128.,0,2,2
WBGene00044129.,0,1,1
WBGene00044130.,5,8,13
WBGene00044131.,0,0,0
WBGene00044132.,12,162,174
WBGene00044133.,1,1,2
WBGene00044134.,58,476,534
WBGene00044135.,10,68,78
WBGene00044136.,6,1,7
WBGene00044137.,0,28,28
WBGene00044138.,38,152,190
WBGene00044139.,9,105,114
WBGene00044140.,0,1,1
WBGene00044141.,0,26,26
WBGene00044142.,19,48,67
WBGene00044143.,189,582,771
WBGene00044144.,19,426,445
WBGene00044145.,1,6,7
WBGene00044146.,1,1,2
WBGene00044147.,1,16,17
WBGene00044148.,0,2,2
WBGene00044149.,0,0,0
WBGene00044150.,9,21,30
WBGene00044151.,45,380,425
WBGene00044152.,20,119,139
WBGene00044153.,26,10,36
WBGene00044154.,4,29,33
WBGene00044155.,31,22,53
WBGene00044156.,15,105,120
WBGene00044157.,4,1,5
WBGene00044158.,3,5,8
WBGene00044159.,1,0,1
WBGene00044160.,7,5,12
WBGene00044161.,2,11,13
WBGene00044162.,2,0,2
WBGene00044163.,28,90,118
WBGene00044164.,1,1,2
WBGene00044166.,8,72,80
WBGene00044167.,17,286,303
WBGene00044168.,33,529,562
WBGene00044169.,5,23,28
WBGene00044170.,1,54,55
WBGene00044171.,0,2,2
WBGene00044174.,2,48,50
WBGene00044175.,4,80,84
WBGene00044176.,112,2216,2328
WBGene00044177.,3,2,5
WBGene00044178.,0,0,0
WBGene00044179.,2,3,5
WBGene00044180.,50,111,161
WBGene00044181.,2,9,11
WBGene00044182.,3,22,25
WBGene00044183.,0,0,0
WBGene00044184.,1,5,6
WBGene00044185.,0,0,0
WBGene00044187.,1745,28,1773
WBGene00044188.,34,291,325
WBGene00044189.,1,4,5
WBGene00044191.,61,607,668
WBGene00044192.,0,1,1
WBGene00044193.,0,13,13
WBGene00044194.,0,2,2
WBGene00044195.,0,1,1
WBGene00044196.,1,0,1
WBGene00044197.,0,10,10
WBGene00044198.,1,15,16
WBGene00044199.,2,2,4
WBGene00044200.,67,242,309
WBGene00044201.,0,2,2
WBGene00044202.,2,1,3
WBGene00044203.,1,4,5
WBGene00044204.,17,365,382
WBGene00044205.,2,31,33
WBGene00044206.,1,17,18
WBGene00044207.,0,5,5
WBGene00044208.,3,1,4
WBGene00044209.,5,39,44
WBGene00044210.,45,273,318
WBGene00044211.,4,9,13
WBGene00044212.,2,1,3
WBGene00044213.,3,17,20
WBGene00044215.,0,0,0
WBGene00044216.,5,19,24
WBGene00044217.,0,16,16
WBGene00044218.,2,35,37
WBGene00044219.,0,0,0
WBGene00044220.,1,5,6
WBGene00044221.,3,77,80
WBGene00044222.,0,1,1
WBGene00044224.,20,41,61
WBGene00044225.,0,1,1
WBGene00044226.,0,23,23
WBGene00044227.,5,6,11
WBGene00044228.,24,29,53
WBGene00044229.,21,7,28
WBGene00044230.,5,4,9
WBGene00044232.,11,7,18
WBGene00044233.,137,362,499
WBGene00044235.,4,117,121
WBGene00044236.,6,479,485
WBGene00044237.,5,2,7
WBGene00044238.,34,71,105
WBGene00044239.,9,120,129
WBGene00044240.,21,40,61
WBGene00044241.,14,67,81
WBGene00044242.,0,1,1
WBGene00044243.,3,9,12
WBGene00044244.,0,1,1
WBGene00044245.,0,17,17
WBGene00044246.,0,0,0
WBGene00044247.,1,2,3
WBGene00044249.,4,3,7
WBGene00044250.,2,4,6
WBGene00044251.,12,74,86
WBGene00044253.,11,175,186
WBGene00044256.,0,4,4
WBGene00044257.,0,2,2
WBGene00044258.,23,53,76
WBGene00044259.,2,3,5
WBGene00044260.,72,3389,3461
WBGene00044261.,10,6,16
WBGene00044262.,6,18,24
WBGene00044263.,0,2,2
WBGene00044264.,3,2,5
WBGene00044265.,24,68,92
WBGene00044266.,0,5,5
WBGene00044267.,0,1,1
WBGene00044268.,3,27,30
WBGene00044270.,1,3,4
WBGene00044271.,0,0,0
WBGene00044272.,0,0,0
WBGene00044273.,0,0,0
WBGene00044274.,0,0,0
WBGene00044275.,0,0,0
WBGene00044276.,0,1,1
WBGene00044277.,0,1,1
WBGene00044278.,1,0,1
WBGene00044279.,0,1,1
WBGene00044280.,708,758,1466
WBGene00044281.,3,5,8
WBGene00044282.,3,1,4
WBGene00044283.,460,1129,1589
WBGene00044284.,0,7,7
WBGene00044285.,1,2,3
WBGene00044286.,1,5,6
WBGene00044287.,2,14,16
WBGene00044288.,7,53,60
WBGene00044289.,8,244,252
WBGene00044290.,44,82,126
WBGene00044291.,7,65,72
WBGene00044292.,1,11,12
WBGene00044293.,2,11,13
WBGene00044294.,182,1171,1353
WBGene00044295.,6,137,143
WBGene00044296.,29,301,330
WBGene00044297.,25,169,194
WBGene00044298.,0,4,4
WBGene00044299.,7,60,67
WBGene00044300.,13,33,46
WBGene00044301.,136,1848,1984
WBGene00044302.,2,4,6
WBGene00044303.,19,172,191
WBGene00044304.,67,284,351
WBGene00044305.,45,1110,1155
WBGene00044306.,3,3,6
WBGene00044307.,0,1,1
WBGene00044308.,3,18,21
WBGene00044309.,2,1,3
WBGene00044310.,40,369,409
WBGene00044311.,14,169,183
WBGene00044312.,6,9,15
WBGene00044313.,13,92,105
WBGene00044314.,2,4,6
WBGene00044315.,0,8,8
WBGene00044316.,65,392,457
WBGene00044317.,1,15,16
WBGene00044318.,62,2009,2071
WBGene00044319.,3,281,284
WBGene00044321.,378,2634,3012
WBGene00044322.,9,578,587
WBGene00044323.,66,828,894
WBGene00044324.,34,4846,4880
WBGene00044325.,33,630,663
WBGene00044326.,139,1083,1222
WBGene00044329.,61,699,760
WBGene00044330.,36,609,645
WBGene00044331.,1,1,2
WBGene00044332.,0,3,3
WBGene00044333.,3,5,8
WBGene00044337.,0,0,0
WBGene00044338.,27,1770,1797
WBGene00044339.,2,124,126
WBGene00044340.,0,23,23
WBGene00044341.,60,498,558
WBGene00044342.,92,231,323
WBGene00044343.,7,68,75
WBGene00044344.,29,1689,1718
WBGene00044345.,29,536,565
WBGene00044346.,0,0,0
WBGene00044347.,13,6,19
WBGene00044348.,203,123,326
WBGene00044349.,19,22,41
WBGene00044350.,69,361,430
WBGene00044352.,4,7,11
WBGene00044353.,16,116,132
WBGene00044354.,7,128,135
WBGene00044355.,7,141,148
WBGene00044356.,0,1,1
WBGene00044357.,0,0,0
WBGene00044358.,8,5,13
WBGene00044359.,0,1,1
WBGene00044360.,0,3,3
WBGene00044361.,0,0,0
WBGene00044362.,1,3,4
WBGene00044363.,7,45,52
WBGene00044364.,0,1,1
WBGene00044365.,0,1,1
WBGene00044366.,0,9,9
WBGene00044367.,6,149,155
WBGene00044368.,325,56,381
WBGene00044369.,2,1,3
WBGene00044370.,0,0,0
WBGene00044371.,0,1,1
WBGene00044372.,0,1,1
WBGene00044373.,11,351,362
WBGene00044374.,0,2,2
WBGene00044375.,0,1,1
WBGene00044376.,0,66,66
WBGene00044377.,0,0,0
WBGene00044378.,0,1,1
WBGene00044379.,0,1,1
WBGene00044380.,3,14,17
WBGene00044381.,22,35,57
WBGene00044382.,2,33,35
WBGene00044383.,1,3,4
WBGene00044384.,9,1,10
WBGene00044385.,4,2,6
WBGene00044386.,6,38,44
WBGene00044387.,125,1765,1890
WBGene00044388.,0,1,1
WBGene00044389.,497,7491,7988
WBGene00044390.,0,3,3
WBGene00044391.,189,136,325
WBGene00044392.,29,103,132
WBGene00044393.,1,2,3
WBGene00044394.,4,51,55
WBGene00044395.,17,69,86
WBGene00044396.,16,404,420
WBGene00044397.,0,6,6
WBGene00044398.,0,2,2
WBGene00044399.,0,1,1
WBGene00044401.,113,1494,1607
WBGene00044402.,12,8,20
WBGene00044403.,16,48,64
WBGene00044405.,5,3,8
WBGene00044406.,18,251,269
WBGene00044409.,12,47,59
WBGene00044410.,50,250,300
WBGene00044411.,179,1609,1788
WBGene00044412.,9,189,198
WBGene00044413.,905,364,1269
WBGene00044414.,14,66,80
WBGene00044415.,0,0,0
WBGene00044416.,0,1,1
WBGene00044417.,0,10,10
WBGene00044418.,336,1729,2065
WBGene00044419.,5,5,10
WBGene00044420.,7,256,263
WBGene00044421.,60,317,377
WBGene00044423.,7,30,37
WBGene00044424.,0,3,3
WBGene00044425.,0,0,0
WBGene00044427.,5,31,36
WBGene00044428.,27,14,41
WBGene00044429.,8,1,9
WBGene00044430.,3,0,3
WBGene00044431.,101,674,775
WBGene00044432.,1,8,9
WBGene00044433.,103,902,1005
WBGene00044434.,6,6,12
WBGene00044435.,0,34,34
WBGene00044436.,13,196,209
WBGene00044437.,54,58,112
WBGene00044438.,80,357,437
WBGene00044439.,0,4,4
WBGene00044440.,36,150,186
WBGene00044441.,0,5,5
WBGene00044442.,3,86,89
WBGene00044443.,231,3409,3640
WBGene00044444.,2,7,9
WBGene00044445.,43,305,348
WBGene00044446.,3,14,17
WBGene00044447.,0,0,0
WBGene00044448.,1,21,22
WBGene00044449.,0,3,3
WBGene00044450.,0,0,0
WBGene00044451.,0,1,1
WBGene00044452.,89,1186,1275
WBGene00044453.,2,28,30
WBGene00044454.,0,0,0
WBGene00044455.,1,7,8
WBGene00044457.,1,123,124
WBGene00044458.,0,5,5
WBGene00044459.,48,79,127
WBGene00044460.,1,11,12
WBGene00044461.,39,31,70
WBGene00044462.,32,188,220
WBGene00044463.,13,75,88
WBGene00044464.,89,265,354
WBGene00044466.,18,638,656
WBGene00044467.,244,1424,1668
WBGene00044468.,22,247,269
WBGene00044469.,0,12,12
WBGene00044470.,6,9,15
WBGene00044471.,3,17,20
WBGene00044472.,3,5,8
WBGene00044473.,0,0,0
WBGene00044474.,0,2,2
WBGene00044475.,0,0,0
WBGene00044476.,0,0,0
WBGene00044477.,25,102,127
WBGene00044478.,12,72,84
WBGene00044479.,1,5,6
WBGene00044480.,3,2,5
WBGene00044481.,19,21,40
WBGene00044482.,68,253,321
WBGene00044483.,4,549,553
WBGene00044484.,98,696,794
WBGene00044485.,71,432,503
WBGene00044486.,2,13,15
WBGene00044487.,6,54,60
WBGene00044488.,33,164,197
WBGene00044489.,0,2,2
WBGene00044490.,0,3,3
WBGene00044491.,0,4,4
WBGene00044492.,8,5,13
WBGene00044493.,16,365,381
WBGene00044495.,23,51,74
WBGene00044498.,0,1,1
WBGene00044499.,1,4,5
WBGene00044500.,92,530,622
WBGene00044501.,28,4,32
WBGene00044502.,2,36,38
WBGene00044503.,0,8,8
WBGene00044504.,15,41,56
WBGene00044505.,54,5,59
WBGene00044508.,111,886,997
WBGene00044509.,0,578,578
WBGene00044510.,23,97,120
WBGene00044511.,18,151,169
WBGene00044512.,12,209,221
WBGene00044513.,169,1252,1421
WBGene00044514.,127,3352,3479
WBGene00044515.,4,47,51
WBGene00044516.,1,0,1
WBGene00044517.,31,49,80
WBGene00044518.,0,0,0
WBGene00044519.,0,0,0
WBGene00044520.,0,12,12
WBGene00044521.,0,12,12
WBGene00044523.,0,0,0
WBGene00044524.,2,0,2
WBGene00044525.,20,86,106
WBGene00044526.,4,23,27
WBGene00044527.,13,81,94
WBGene00044528.,14,26,40
WBGene00044529.,5,7,12
WBGene00044530.,0,32,32
WBGene00044531.,17,2,19
WBGene00044533.,0,14,14
WBGene00044534.,14,63,77
WBGene00044535.,0,5,5
WBGene00044536.,31,524,555
WBGene00044537.,0,1,1
WBGene00044538.,1,1,2
WBGene00044539.,3,16,19
WBGene00044541.,0,2,2
WBGene00044542.,53,21,74
WBGene00044543.,0,0,0
WBGene00044544.,534,889,1423
WBGene00044545.,3,3,6
WBGene00044546.,1,3,4
WBGene00044547.,0,70,70
WBGene00044548.,0,1,1
WBGene00044549.,8,0,8
WBGene00044550.,4,0,4
WBGene00044551.,4,27,31
WBGene00044552.,1,11,12
WBGene00044553.,23,1386,1409
WBGene00044554.,14,46,60
WBGene00044556.,10,195,205
WBGene00044557.,104,318,422
WBGene00044558.,0,2,2
WBGene00044559.,9,59,68
WBGene00044560.,5,2,7
WBGene00044561.,2,0,2
WBGene00044562.,0,64,64
WBGene00044563.,8,2,10
WBGene00044564.,9,5,14
WBGene00044565.,0,4,4
WBGene00044567.,4,7,11
WBGene00044568.,220,1349,1569
WBGene00044569.,134,1013,1147
WBGene00044570.,606,35,641
WBGene00044571.,60,21,81
WBGene00044573.,0,2,2
WBGene00044574.,15,15,30
WBGene00044575.,4,8,12
WBGene00044577.,1,0,1
WBGene00044578.,6,54,60
WBGene00044579.,4,6,10
WBGene00044580.,2,2,4
WBGene00044581.,3,0,3
WBGene00044582.,28,450,478
WBGene00044583.,0,2,2
WBGene00044584.,88,470,558
WBGene00044585.,2,1,3
WBGene00044586.,1,13,14
WBGene00044587.,4,10,14
WBGene00044588.,48,136,184
WBGene00044589.,3,2,5
WBGene00044602.,1,3,4
WBGene00044603.,87,327,414
WBGene00044604.,21,312,333
WBGene00044605.,252,1614,1866
WBGene00044606.,0,0,0
WBGene00044607.,4,23,27
WBGene00044608.,36,630,666
WBGene00044609.,220,332,552
WBGene00044610.,0,12,12
WBGene00044611.,7,14,21
WBGene00044612.,15,190,205
WBGene00044614.,28,300,328
WBGene00044615.,109,881,990
WBGene00044616.,1,6,7
WBGene00044617.,7,73,80
WBGene00044618.,6,110,116
WBGene00044620.,10,107,117
WBGene00044621.,7,129,136
WBGene00044623.,12,311,323
WBGene00044630.,44,443,487
WBGene00044631.,32,142,174
WBGene00044632.,2,7,9
WBGene00044633.,4,26,30
WBGene00044634.,2,0,2
WBGene00044636.,74,1249,1323
WBGene00044637.,39,109,148
WBGene00044638.,0,532,532
WBGene00044639.,6,0,6
WBGene00044640.,273,2065,2338
WBGene00044641.,81,69,150
WBGene00044642.,5,3,8
WBGene00044643.,7,775,782
WBGene00044644.,49,487,536
WBGene00044645.,3,28,31
WBGene00044646.,19,40,59
WBGene00044648.,29,353,382
WBGene00044649.,41,23,64
WBGene00044650.,910,1759,2669
WBGene00044651.,313,358,671
WBGene00044653.,1,4,5
WBGene00044654.,3,47,50
WBGene00044655.,1,2,3
WBGene00044657.,0,1,1
WBGene00044658.,3,88,91
WBGene00044659.,0,7,7
WBGene00044660.,3,11,14
WBGene00044661.,2,39,41
WBGene00044662.,3,7,10
WBGene00044663.,0,12,12
WBGene00044664.,0,4,4
WBGene00044665.,3,3,6
WBGene00044666.,93,1309,1402
WBGene00044667.,1,37,38
WBGene00044668.,2,2,4
WBGene00044670.,30,2,32
WBGene00044672.,7,73,80
WBGene00044673.,1,0,1
WBGene00044674.,1,0,1
WBGene00044675.,16,158,174
WBGene00044676.,0,76,76
WBGene00044677.,831,1726,2557
WBGene00044678.,3,59,62
WBGene00044679.,99,1245,1344
WBGene00044680.,3,6,9
WBGene00044681.,167,1183,1350
WBGene00044683.,2,0,2
WBGene00044684.,3,6,9
WBGene00044686.,122,4849,4971
WBGene00044687.,6,11,17
WBGene00044689.,168,880,1048
WBGene00044690.,32,257,289
WBGene00044691.,0,0,0
WBGene00044692.,1,1,2
WBGene00044693.,0,0,0
WBGene00044694.,1,2,3
WBGene00044695.,0,1,1
WBGene00044696.,46,312,358
WBGene00044697.,10,50,60
WBGene00044698.,65,1883,1948
WBGene00044699.,4,78,82
WBGene00044700.,14,51,65
WBGene00044701.,129,889,1018
WBGene00044702.,3,3,6
WBGene00044703.,0,2,2
WBGene00044704.,0,1,1
WBGene00044705.,17,75,92
WBGene00044706.,3,1,4
WBGene00044707.,4,3,7
WBGene00044708.,7,1,8
WBGene00044709.,0,0,0
WBGene00044710.,0,0,0
WBGene00044711.,0,0,0
WBGene00044712.,2,7,9
WBGene00044713.,0,0,0
WBGene00044714.,1,0,1
WBGene00044716.,0,2,2
WBGene00044718.,0,3,3
WBGene00044719.,1,9,10
WBGene00044720.,0,8,8
WBGene00044722.,1,0,1
WBGene00044723.,4,14,18
WBGene00044724.,13,184,197
WBGene00044725.,15,136,151
WBGene00044726.,23,16,39
WBGene00044727.,0,0,0
WBGene00044728.,0,7178,7178
WBGene00044729.,0,7,7
WBGene00044732.,5,169,174
WBGene00044733.,2,2,4
WBGene00044734.,0,0,0
WBGene00044735.,0,0,0
WBGene00044736.,27,185,212
WBGene00044737.,788,5407,6195
WBGene00044738.,15,15,30
WBGene00044739.,0,3,3
WBGene00044741.,2,11,13
WBGene00044742.,0,18,18
WBGene00044743.,73,722,795
WBGene00044744.,0,3,3
WBGene00044745.,67,208,275
WBGene00044746.,0,2238,2238
WBGene00044747.,0,0,0
WBGene00044748.,0,0,0
WBGene00044749.,0,0,0
WBGene00044750.,0,0,0
WBGene00044751.,0,0,0
WBGene00044752.,0,3,3
WBGene00044753.,9,3,12
WBGene00044754.,7,4,11
WBGene00044755.,0,2,2
WBGene00044756.,37,208,245
WBGene00044757.,11,40,51
WBGene00044758.,4,43,47
WBGene00044759.,1,8,9
WBGene00044760.,23,72,95
WBGene00044761.,5,23,28
WBGene00044762.,43,746,789
WBGene00044763.,5,12,17
WBGene00044764.,15,112,127
WBGene00044767.,8,368,376
WBGene00044768.,13,6,19
WBGene00044769.,0,0,0
WBGene00044770.,47,354,401
WBGene00044771.,20,196,216
WBGene00044772.,34,193,227
WBGene00044773.,4,4,8
WBGene00044774.,148,795,943
WBGene00044775.,0,1,1
WBGene00044776.,12,51,63
WBGene00044777.,0,0,0
WBGene00044778.,0,0,0
WBGene00044779.,11,33,44
WBGene00044780.,19,31,50
WBGene00044781.,0,0,0
WBGene00044782.,0,0,0
WBGene00044783.,1,3,4
WBGene00044784.,14,1729,1743
WBGene00044786.,0,0,0
WBGene00044787.,4,9,13
WBGene00044788.,12,25,37
WBGene00044789.,51,1544,1595
WBGene00044790.,31,465,496
WBGene00044791.,2,51,53
WBGene00044792.,20,89,109
WBGene00044794.,0,0,0
WBGene00044795.,9,186,195
WBGene00044796.,4,3,7
WBGene00044797.,2,100,102
WBGene00044798.,8,0,8
WBGene00044799.,0,34,34
WBGene00044800.,0,0,0
WBGene00044801.,0,0,0
WBGene00044802.,0,0,0
WBGene00044803.,30,47,77
WBGene00044804.,1,3,4
WBGene00044805.,0,1,1
WBGene00044806.,4,7,11
WBGene00044807.,1,4,5
WBGene00044808.,0,0,0
WBGene00044809.,0,3,3
WBGene00044810.,0,0,0
WBGene00044811.,22,285,307
WBGene00044889.,0,0,0
WBGene00044891.,95,634,729
WBGene00044892.,0,2,2
WBGene00044894.,31,251,282
WBGene00044895.,13,9,22
WBGene00044896.,19,6,25
WBGene00044897.,3,48,51
WBGene00044898.,24,25,49
WBGene00044900.,3,71,74
WBGene00044901.,0,43,43
WBGene00044902.,0,0,0
WBGene00044903.,47,217,264
WBGene00044905.,0,5,5
WBGene00044906.,6,170,176
WBGene00044907.,22,31,53
WBGene00044908.,3,6,9
WBGene00044909.,18,36,54
WBGene00044911.,8,1,9
WBGene00044912.,5,2,7
WBGene00044914.,0,3,3
WBGene00044916.,114,1220,1334
WBGene00044917.,1,20,21
WBGene00044920.,11,129,140
WBGene00044921.,186,4081,4267
WBGene00044922.,67,1508,1575
WBGene00044923.,0,12,12
WBGene00044924.,88,304,392
WBGene00044925.,0,0,0
WBGene00044926.,0,0,0
WBGene00044927.,0,88,88
WBGene00044928.,0,0,0
WBGene00044929.,0,0,0
WBGene00044930.,0,3,3
WBGene00044931.,0,0,0
WBGene00044932.,0,0,0
WBGene00044933.,0,17,17
WBGene00044934.,0,26,26
WBGene00044935.,0,0,0
WBGene00044936.,0,0,0
WBGene00044937.,0,0,0
WBGene00044938.,0,1,1
WBGene00044939.,0,0,0
WBGene00044940.,0,0,0
WBGene00044941.,0,0,0
WBGene00044942.,0,0,0
WBGene00044943.,0,0,0
WBGene00044944.,0,0,0
WBGene00044945.,0,0,0
WBGene00044946.,0,0,0
WBGene00044947.,0,1,1
WBGene00044948.,0,0,0
WBGene00044949.,56,607,663
WBGene00044951.,0,0,0
WBGene00044952.,0,0,0
WBGene00044953.,0,2,2
WBGene00044954.,0,0,0
WBGene00044955.,0,0,0
WBGene00044956.,0,0,0
WBGene00044957.,0,0,0
WBGene00044958.,0,0,0
WBGene00044960.,0,3,3
WBGene00044961.,0,3,3
WBGene00044962.,0,0,0
WBGene00044963.,0,0,0
WBGene00044964.,0,0,0
WBGene00044965.,0,0,0
WBGene00044966.,0,0,0
WBGene00044967.,0,2,2
WBGene00044968.,0,0,0
WBGene00044969.,0,0,0
WBGene00044970.,0,0,0
WBGene00044971.,0,4,4
WBGene00044972.,0,0,0
WBGene00044973.,0,6,6
WBGene00044974.,0,0,0
WBGene00044975.,0,18,18
WBGene00044976.,2,7,9
WBGene00044977.,70,832,902
WBGene00044978.,0,4,4
WBGene00044979.,8,25,33
WBGene00044980.,0,0,0
WBGene00044981.,0,0,0
WBGene00044982.,0,0,0
WBGene00044983.,0,0,0
WBGene00044984.,0,0,0
WBGene00044985.,0,0,0
WBGene00044986.,0,0,0
WBGene00044987.,49,173,222
WBGene00044988.,0,4,4
WBGene00044989.,344,2053,2397
WBGene00044990.,83,1147,1230
WBGene00044991.,14,226,240
WBGene00044995.,0,0,0
WBGene00044997.,0,13,13
WBGene00044998.,0,2,2
WBGene00045000.,0,5,5
WBGene00045002.,0,0,0
WBGene00045003.,0,0,0
WBGene00045006.,0,0,0
WBGene00045007.,0,0,0
WBGene00045009.,0,1,1
WBGene00045011.,0,1,1
WBGene00045012.,0,3,3
WBGene00045013.,1,71,72
WBGene00045016.,0,0,0
WBGene00045017.,0,2,2
WBGene00045018.,0,0,0
WBGene00045019.,0,1,1
WBGene00045022.,0,0,0
WBGene00045024.,9,151,160
WBGene00045025.,6,4,10
WBGene00045026.,1,0,1
WBGene00045027.,0,1,1
WBGene00045028.,3,1,4
WBGene00045029.,0,6,6
WBGene00045036.,6,18,24
WBGene00045037.,1,0,1
WBGene00045038.,0,2,2
WBGene00045040.,0,0,0
WBGene00045043.,125,11,136
WBGene00045045.,4,8,12
WBGene00045046.,0,0,0
WBGene00045048.,0,80,80
WBGene00045050.,12,233,245
WBGene00045051.,0,0,0
WBGene00045052.,11,34,45
WBGene00045053.,7,7,14
WBGene00045055.,0,0,0
WBGene00045056.,51,632,683
WBGene00045057.,0,0,0
WBGene00045058.,10,35,45
WBGene00045059.,5,3,8
WBGene00045060.,6,1,7
WBGene00045061.,0,3,3
WBGene00045062.,0,20,20
WBGene00045063.,177,350,527
WBGene00045065.,0,1,1
WBGene00045066.,10,0,10
WBGene00045067.,9,51,60
WBGene00045068.,1,1,2
WBGene00045069.,0,1,1
WBGene00045071.,0,2,2
WBGene00045072.,0,0,0
WBGene00045074.,0,0,0
WBGene00045075.,0,5,5
WBGene00045076.,1,10,11
WBGene00045077.,18,165,183
WBGene00045078.,113,1043,1156
WBGene00045082.,0,0,0
WBGene00045083.,0,4,4
WBGene00045084.,0,0,0
WBGene00045085.,0,0,0
WBGene00045086.,0,0,0
WBGene00045087.,0,0,0
WBGene00045088.,0,0,0
WBGene00045089.,0,9,9
WBGene00045090.,0,0,0
WBGene00045091.,0,6,6
WBGene00045092.,0,0,0
WBGene00045093.,0,73,73
WBGene00045094.,0,0,0
WBGene00045095.,0,105,105
WBGene00045096.,0,136,136
WBGene00045097.,2,3,5
WBGene00045098.,0,0,0
WBGene00045099.,0,1,1
WBGene00045100.,2,3,5
WBGene00045101.,2,8,10
WBGene00045102.,0,0,0
WBGene00045103.,0,0,0
WBGene00045104.,0,7,7
WBGene00045105.,0,0,0
WBGene00045106.,0,1,1
WBGene00045107.,0,0,0
WBGene00045108.,3,4,7
WBGene00045109.,0,0,0
WBGene00045110.,0,0,0
WBGene00045111.,0,0,0
WBGene00045112.,0,0,0
WBGene00045113.,0,0,0
WBGene00045114.,0,9,9
WBGene00045115.,0,6,6
WBGene00045116.,0,0,0
WBGene00045117.,0,3,3
WBGene00045118.,0,60,60
WBGene00045119.,0,14,14
WBGene00045120.,0,0,0
WBGene00045121.,0,21,21
WBGene00045122.,4,0,4
WBGene00045123.,0,10,10
WBGene00045124.,0,14,14
WBGene00045125.,0,0,0
WBGene00045126.,0,0,0
WBGene00045127.,0,3,3
WBGene00045128.,0,1,1
WBGene00045129.,0,179,179
WBGene00045130.,0,0,0
WBGene00045131.,0,0,0
WBGene00045132.,0,1101,1101
WBGene00045133.,0,3,3
WBGene00045134.,0,0,0
WBGene00045136.,0,0,0
WBGene00045137.,0,0,0
WBGene00045138.,0,0,0
WBGene00045139.,0,0,0
WBGene00045140.,0,10,10
WBGene00045141.,0,12,12
WBGene00045142.,0,62,62
WBGene00045143.,1,0,1
WBGene00045144.,4,5,9
WBGene00045145.,0,0,0
WBGene00045146.,18,27,45
WBGene00045147.,0,66,66
WBGene00045148.,0,0,0
WBGene00045149.,0,3,3
WBGene00045150.,0,6,6
WBGene00045151.,0,0,0
WBGene00045152.,0,0,0
WBGene00045153.,0,0,0
WBGene00045154.,0,0,0
WBGene00045155.,0,0,0
WBGene00045156.,0,11,11
WBGene00045157.,0,62,62
WBGene00045158.,0,1,1
WBGene00045159.,0,30,30
WBGene00045160.,0,3,3
WBGene00045161.,0,0,0
WBGene00045162.,0,48,48
WBGene00045163.,0,28,28
WBGene00045164.,0,13,13
WBGene00045165.,0,0,0
WBGene00045167.,0,12,12
WBGene00045168.,0,0,0
WBGene00045169.,0,0,0
WBGene00045170.,0,0,0
WBGene00045171.,0,214,214
WBGene00045172.,0,0,0
WBGene00045174.,0,0,0
WBGene00045175.,0,174,174
WBGene00045176.,0,7,7
WBGene00045177.,11,7,18
WBGene00045178.,5,86,91
WBGene00045179.,0,0,0
WBGene00045180.,0,0,0
WBGene00045182.,0,0,0
WBGene00045183.,3,50,53
WBGene00045184.,0,0,0
WBGene00045185.,0,0,0
WBGene00045188.,3,7,10
WBGene00045189.,0,44,44
WBGene00045190.,35,268,303
WBGene00045192.,3,743,746
WBGene00045193.,11,48,59
WBGene00045194.,0,0,0
WBGene00045195.,289,192,481
WBGene00045197.,0,6,6
WBGene00045198.,3,4,7
WBGene00045199.,0,0,0
WBGene00045200.,0,0,0
WBGene00045201.,0,1,1
WBGene00045202.,0,3,3
WBGene00045203.,0,0,0
WBGene00045204.,0,0,0
WBGene00045205.,0,2,2
WBGene00045207.,1,16,17
WBGene00045208.,0,3468,3468
WBGene00045209.,0,13,13
WBGene00045210.,46,137,183
WBGene00045211.,3,9,12
WBGene00045212.,19,140,159
WBGene00045215.,12,54,66
WBGene00045218.,7,44,51
WBGene00045234.,0,0,0
WBGene00045235.,0,2,2
WBGene00045236.,1,3,4
WBGene00045237.,14,176,190
WBGene00045238.,0,391,391
WBGene00045239.,2,2,4
WBGene00045242.,0,2,2
WBGene00045245.,2,3,5
WBGene00045246.,41,427,468
WBGene00045247.,9,7,16
WBGene00045248.,115,251,366
WBGene00045249.,119,2175,2294
WBGene00045250.,66,139,205
WBGene00045251.,0,0,0
WBGene00045252.,11,45,56
WBGene00045253.,33,323,356
WBGene00045254.,1,0,1
WBGene00045255.,159,552,711
WBGene00045261.,0,6,6
WBGene00045265.,1,3,4
WBGene00045268.,0,3,3
WBGene00045269.,0,10,10
WBGene00045270.,9,3,12
WBGene00045271.,3,10,13
WBGene00045272.,0,14706,14706
WBGene00045273.,0,0,0
WBGene00045275.,0,58,58
WBGene00045276.,0,581,581
WBGene00045277.,236,900,1136
WBGene00045278.,0,1,1
WBGene00045279.,1,0,1
WBGene00045280.,4,1,5
WBGene00045281.,0,0,0
WBGene00045282.,4,1,5
WBGene00045283.,0,21,21
WBGene00045285.,0,1,1
WBGene00045286.,0,0,0
WBGene00045287.,1,7,8
WBGene00045289.,16,36,52
WBGene00045290.,0,0,0
WBGene00045291.,3,7,10
WBGene00045292.,1,10,11
WBGene00045293.,25,33,58
WBGene00045294.,2,0,2
WBGene00045295.,33,252,285
WBGene00045297.,0,40,40
WBGene00045298.,0,1,1
WBGene00045299.,0,0,0
WBGene00045300.,0,0,0
WBGene00045301.,0,0,0
WBGene00045302.,1,0,1
WBGene00045303.,1,2,3
WBGene00045304.,1,1,2
WBGene00045305.,0,418,418
WBGene00045306.,1,4,5
WBGene00045308.,6,10,16
WBGene00045309.,1,1,2
WBGene00045311.,0,0,0
WBGene00045313.,0,1,1
WBGene00045314.,2,71,73
WBGene00045315.,0,4,4
WBGene00045316.,46,35,81
WBGene00045319.,0,5,5
WBGene00045321.,0,2,2
WBGene00045322.,0,4,4
WBGene00045323.,0,0,0
WBGene00045324.,0,2,2
WBGene00045325.,0,0,0
WBGene00045326.,0,0,0
WBGene00045327.,0,1,1
WBGene00045328.,0,1,1
WBGene00045329.,0,5,5
WBGene00045330.,0,0,0
WBGene00045331.,4,104,108
WBGene00045332.,0,3,3
WBGene00045336.,126,815,941
WBGene00045337.,2,30,32
WBGene00045338.,0,7,7
WBGene00045339.,0,71,71
WBGene00045340.,102,438,540
WBGene00045341.,0,0,0
WBGene00045342.,0,0,0
WBGene00045343.,0,0,0
WBGene00045344.,1,0,1
WBGene00045345.,2,1,3
WBGene00045346.,0,0,0
WBGene00045347.,0,0,0
WBGene00045348.,0,1,1
WBGene00045350.,0,1,1
WBGene00045351.,0,6,6
WBGene00045352.,0,8,8
WBGene00045353.,0,2,2
WBGene00045354.,0,0,0
WBGene00045355.,7,7,14
WBGene00045356.,3,10,13
WBGene00045357.,19,23,42
WBGene00045358.,0,0,0
WBGene00045359.,0,2,2
WBGene00045360.,0,0,0
WBGene00045361.,1,1,2
WBGene00045362.,2,3,5
WBGene00045363.,1,1,2
WBGene00045364.,18,0,18
WBGene00045365.,1,28,29
WBGene00045366.,598,2055,2653
WBGene00045367.,0,0,0
WBGene00045368.,0,0,0
WBGene00045369.,0,0,0
WBGene00045370.,0,0,0
WBGene00045371.,0,2,2
WBGene00045372.,0,0,0
WBGene00045373.,0,0,0
WBGene00045374.,0,0,0
WBGene00045375.,0,62,62
WBGene00045376.,0,0,0
WBGene00045377.,0,0,0
WBGene00045378.,0,1,1
WBGene00045379.,10,333,343
WBGene00045380.,0,0,0
WBGene00045381.,1,0,1
WBGene00045382.,0,23,23
WBGene00045383.,46,1539,1585
WBGene00045385.,3,20,23
WBGene00045386.,61,477,538
WBGene00045387.,32,255,287
WBGene00045388.,0,0,0
WBGene00045389.,0,0,0
WBGene00045390.,92,1475,1567
WBGene00045391.,0,4,4
WBGene00045392.,40,411,451
WBGene00045393.,3,25,28
WBGene00045394.,0,4,4
WBGene00045395.,29,108,137
WBGene00045396.,242,149,391
WBGene00045397.,45,198,243
WBGene00045398.,6,7,13
WBGene00045399.,1,20,21
WBGene00045400.,12,56,68
WBGene00045401.,2,28,30
WBGene00045402.,1,1,2
WBGene00045403.,18,161,179
WBGene00045404.,1,19,20
WBGene00045405.,4,32,36
WBGene00045406.,0,1,1
WBGene00045407.,59,498,557
WBGene00045408.,1,0,1
WBGene00045410.,86,718,804
WBGene00045411.,19,579,598
WBGene00045412.,2,93,95
WBGene00045413.,0,4,4
WBGene00045414.,2,1,3
WBGene00045415.,3,12,15
WBGene00045416.,1,2,3
WBGene00045417.,0,0,0
WBGene00045418.,85,1742,1827
WBGene00045419.,284,2084,2368
WBGene00045433.,97,973,1070
WBGene00045434.,68,287,355
WBGene00045455.,4,52,56
WBGene00045456.,4,0,4
WBGene00045457.,2,96,98
WBGene00045458.,1,25,26
WBGene00045459.,0,2,2
WBGene00045460.,0,5,5
WBGene00045461.,23,95,118
WBGene00045468.,3,1,4
WBGene00045473.,4,8,12
WBGene00045474.,4,6,10
WBGene00045475.,11,10,21
WBGene00045480.,19,38,57
WBGene00045481.,4,7,11
WBGene00045482.,131,494,625
WBGene00045483.,384,4216,4600
WBGene00045484.,22,13,35
WBGene00045486.,1,4,5
WBGene00045487.,3,1,4
WBGene00045488.,2,16,18
WBGene00045490.,1,2,3
WBGene00045491.,0,2,2
WBGene00045492.,0,1,1
WBGene00045493.,6,11,17
WBGene00045494.,6,18,24
WBGene00045495.,81,696,777
WBGene00045496.,5,0,5
WBGene00045497.,9,25,34
WBGene00045498.,0,0,0
WBGene00045500.,4,16,20
WBGene00045501.,2,3,5
WBGene00045502.,0,2,2
WBGene00045506.,2,0,2
WBGene00045507.,3,848,851
WBGene00045508.,2,3,5
WBGene00045509.,6,23,29
WBGene00045510.,5,20,25
WBGene00045511.,13,8,21
WBGene00045513.,4,4,8
WBGene00045514.,0,0,0
WBGene00045515.,1,0,1
WBGene00045516.,2,19,21
WBGene00045517.,160,1018,1178
WBGene00045518.,0,0,0
WBGene00045519.,0,0,0
WBGene00045520.,0,0,0
WBGene00045521.,0,0,0
WBGene00045522.,0,0,0
WBGene00045523.,0,0,0
WBGene00045524.,0,0,0
WBGene00045525.,0,1,1
WBGene00045526.,0,0,0
WBGene00045527.,0,0,0
WBGene00045528.,0,0,0
WBGene00045529.,0,0,0
WBGene00045530.,0,0,0
WBGene00045531.,0,0,0
WBGene00045532.,0,0,0
WBGene00045533.,0,1,1
WBGene00045534.,0,0,0
WBGene00045535.,0,0,0
WBGene00045536.,0,1,1
WBGene00045537.,0,5,5
WBGene00045538.,0,2,2
WBGene00045539.,0,1,1
WBGene00045540.,0,20,20
WBGene00045541.,0,1,1
WBGene00045542.,0,0,0
WBGene00045543.,0,0,0
WBGene00045544.,0,0,0
WBGene00045545.,0,0,0
WBGene00045546.,0,2,2
WBGene00045547.,0,1,1
WBGene00045548.,0,1,1
WBGene00045549.,0,0,0
WBGene00045550.,0,0,0
WBGene00045551.,0,0,0
WBGene00045552.,0,0,0
WBGene00045553.,0,0,0
WBGene00045554.,0,0,0
WBGene00045555.,0,0,0
WBGene00045556.,0,0,0
WBGene00045557.,0,0,0
WBGene00045558.,0,0,0
WBGene00045559.,0,0,0
WBGene00045560.,0,2,2
WBGene00045561.,0,0,0
WBGene00045562.,0,0,0
WBGene00045563.,0,0,0
WBGene00045564.,0,2,2
WBGene00045565.,0,1,1
WBGene00045566.,0,0,0
WBGene00045567.,0,0,0
WBGene00045568.,0,0,0
WBGene00045569.,0,0,0
WBGene00045570.,0,0,0
WBGene00045571.,0,0,0
WBGene00045572.,0,0,0
WBGene00045573.,0,2,2
WBGene00045574.,0,1,1
WBGene00045575.,0,0,0
WBGene00045576.,0,0,0
WBGene00045577.,0,1,1
WBGene00045578.,0,2,2
WBGene00045579.,0,0,0
WBGene00045580.,0,0,0
WBGene00045581.,0,0,0
WBGene00045582.,0,0,0
WBGene00045583.,0,2,2
WBGene00045584.,0,0,0
WBGene00045585.,0,0,0
WBGene00045586.,0,0,0
WBGene00045587.,0,0,0
WBGene00045588.,0,0,0
WBGene00045589.,0,0,0
WBGene00045590.,0,0,0
WBGene00045591.,0,2,2
WBGene00045592.,0,0,0
WBGene00045593.,0,0,0
WBGene00045594.,0,0,0
WBGene00045595.,0,0,0
WBGene00045596.,0,0,0
WBGene00045597.,0,0,0
WBGene00045598.,0,0,0
WBGene00045599.,0,0,0
WBGene00045600.,0,0,0
WBGene00045601.,0,0,0
WBGene00045602.,0,0,0
WBGene00045603.,0,0,0
WBGene00045604.,0,0,0
WBGene00045605.,0,0,0
WBGene00045606.,0,0,0
WBGene00045607.,0,0,0
WBGene00045608.,0,0,0
WBGene00045609.,0,0,0
WBGene00045610.,0,0,0
WBGene00045611.,0,1,1
WBGene00045612.,0,0,0
WBGene00045613.,0,0,0
WBGene00045614.,0,0,0
WBGene00045615.,0,0,0
WBGene00045616.,0,0,0
WBGene00045617.,0,0,0
WBGene00045618.,0,1,1
WBGene00045619.,0,0,0
WBGene00045620.,0,0,0
WBGene00045621.,0,0,0
WBGene00045622.,0,0,0
WBGene00045623.,0,0,0
WBGene00045624.,0,0,0
WBGene00045625.,0,0,0
WBGene00045626.,0,0,0
WBGene00045627.,0,0,0
WBGene00045628.,0,0,0
WBGene00045629.,0,0,0
WBGene00045630.,0,0,0
WBGene00045631.,0,0,0
WBGene00045632.,0,0,0
WBGene00045633.,0,0,0
WBGene00045634.,0,0,0
WBGene00045635.,0,0,0
WBGene00045636.,0,1,1
WBGene00045637.,0,4,4
WBGene00045638.,0,0,0
WBGene00045639.,0,0,0
WBGene00045640.,0,0,0
WBGene00045641.,0,3,3
WBGene00045642.,0,0,0
WBGene00045643.,0,0,0
WBGene00045644.,0,0,0
WBGene00045645.,0,0,0
WBGene00045646.,0,0,0
WBGene00045647.,0,0,0
WBGene00045648.,0,0,0
WBGene00045649.,0,0,0
WBGene00045650.,0,0,0
WBGene00045651.,0,0,0
WBGene00045652.,0,0,0
WBGene00045653.,0,1,1
WBGene00045654.,0,0,0
WBGene00045655.,0,0,0
WBGene00045656.,0,0,0
WBGene00045657.,0,0,0
WBGene00045658.,0,0,0
WBGene00045659.,0,0,0
WBGene00045660.,0,0,0
WBGene00045661.,0,0,0
WBGene00045662.,0,1,1
WBGene00045663.,0,0,0
WBGene00045664.,0,0,0
WBGene00045665.,0,0,0
WBGene00045666.,0,0,0
WBGene00045667.,0,0,0
WBGene00045668.,0,67,67
WBGene00045669.,0,0,0
WBGene00045670.,0,0,0
WBGene00045671.,0,0,0
WBGene00045672.,0,1,1
WBGene00045673.,0,0,0
WBGene00045674.,0,0,0
WBGene00045675.,0,0,0
WBGene00045676.,0,0,0
WBGene00045677.,0,0,0
WBGene00045678.,0,0,0
WBGene00045679.,0,0,0
WBGene00045680.,0,0,0
WBGene00045681.,0,0,0
WBGene00045682.,0,0,0
WBGene00045683.,0,3,3
WBGene00045684.,0,0,0
WBGene00045685.,0,1,1
WBGene00045686.,0,0,0
WBGene00045687.,0,0,0
WBGene00045688.,0,0,0
WBGene00045689.,0,0,0
WBGene00045690.,0,0,0
WBGene00045691.,0,0,0
WBGene00045692.,0,1,1
WBGene00045693.,0,0,0
WBGene00045694.,0,4,4
WBGene00045695.,0,0,0
WBGene00045696.,0,0,0
WBGene00045697.,0,0,0
WBGene00045698.,0,0,0
WBGene00045699.,0,0,0
WBGene00045700.,0,0,0
WBGene00045701.,0,0,0
WBGene00045702.,0,0,0
WBGene00045703.,0,0,0
WBGene00045704.,0,0,0
WBGene00045705.,0,0,0
WBGene00045706.,0,0,0
WBGene00045707.,0,0,0
WBGene00045708.,0,0,0
WBGene00045709.,0,0,0
WBGene00045710.,0,0,0
WBGene00045711.,0,0,0
WBGene00045712.,0,0,0
WBGene00045713.,0,0,0
WBGene00045714.,0,0,0
WBGene00045715.,0,0,0
WBGene00045716.,0,0,0
WBGene00045717.,0,0,0
WBGene00045718.,0,0,0
WBGene00045719.,0,0,0
WBGene00045720.,0,0,0
WBGene00045721.,0,0,0
WBGene00045722.,0,1,1
WBGene00045723.,0,1,1
WBGene00045724.,0,0,0
WBGene00045725.,0,0,0
WBGene00045726.,0,0,0
WBGene00045727.,0,0,0
WBGene00045728.,0,6,6
WBGene00045729.,0,1,1
WBGene00045730.,0,0,0
WBGene00045731.,0,0,0
WBGene00045732.,0,0,0
WBGene00045733.,0,0,0
WBGene00045734.,0,0,0
WBGene00045735.,0,0,0
WBGene00045736.,0,0,0
WBGene00045737.,0,0,0
WBGene00045738.,0,0,0
WBGene00045739.,0,0,0
WBGene00045740.,0,0,0
WBGene00045741.,0,0,0
WBGene00045743.,0,0,0
WBGene00045744.,0,0,0
WBGene00045745.,0,0,0
WBGene00045746.,0,0,0
WBGene00045747.,0,0,0
WBGene00045748.,0,0,0
WBGene00045749.,0,1,1
WBGene00045750.,0,0,0
WBGene00045751.,0,0,0
WBGene00045752.,0,0,0
WBGene00045753.,0,0,0
WBGene00045754.,0,0,0
WBGene00045755.,0,0,0
WBGene00045756.,0,0,0
WBGene00045757.,0,1,1
WBGene00045758.,0,0,0
WBGene00045759.,0,0,0
WBGene00045760.,0,0,0
WBGene00045761.,0,0,0
WBGene00045762.,0,0,0
WBGene00045763.,0,0,0
WBGene00045764.,0,0,0
WBGene00045765.,0,1,1
WBGene00045766.,0,0,0
WBGene00045767.,0,0,0
WBGene00045768.,0,0,0
WBGene00045769.,0,0,0
WBGene00045770.,0,0,0
WBGene00045771.,0,0,0
WBGene00045772.,0,0,0
WBGene00045773.,0,0,0
WBGene00045774.,0,0,0
WBGene00045775.,0,0,0
WBGene00045776.,0,0,0
WBGene00045777.,0,0,0
WBGene00045778.,0,0,0
WBGene00045779.,0,0,0
WBGene00045780.,0,0,0
WBGene00045781.,0,0,0
WBGene00045782.,0,0,0
WBGene00045783.,0,0,0
WBGene00045784.,0,0,0
WBGene00045785.,0,0,0
WBGene00045786.,0,0,0
WBGene00045787.,0,0,0
WBGene00045788.,0,3,3
WBGene00045789.,0,0,0
WBGene00045790.,0,7,7
WBGene00045791.,0,2,2
WBGene00045792.,0,3,3
WBGene00045793.,0,0,0
WBGene00045794.,0,0,0
WBGene00045795.,0,0,0
WBGene00045796.,0,3,3
WBGene00045797.,0,0,0
WBGene00045798.,0,0,0
WBGene00045799.,0,0,0
WBGene00045800.,0,1,1
WBGene00045801.,0,0,0
WBGene00045802.,0,0,0
WBGene00045803.,0,2,2
WBGene00045804.,0,0,0
WBGene00045805.,0,0,0
WBGene00045806.,0,0,0
WBGene00045807.,0,0,0
WBGene00045808.,0,0,0
WBGene00045809.,0,0,0
WBGene00045810.,0,0,0
WBGene00045811.,0,0,0
WBGene00045812.,0,0,0
WBGene00045813.,0,0,0
WBGene00045814.,0,0,0
WBGene00045815.,0,1,1
WBGene00045816.,0,0,0
WBGene00045817.,0,0,0
WBGene00045818.,0,0,0
WBGene00045819.,0,0,0
WBGene00045820.,0,1,1
WBGene00045821.,0,1,1
WBGene00045822.,0,1,1
WBGene00045823.,0,0,0
WBGene00045824.,0,0,0
WBGene00045825.,0,0,0
WBGene00045826.,0,0,0
WBGene00045827.,0,0,0
WBGene00045828.,0,0,0
WBGene00045829.,0,1,1
WBGene00045830.,0,1,1
WBGene00045831.,0,0,0
WBGene00045832.,0,3,3
WBGene00045833.,0,0,0
WBGene00045834.,0,2,2
WBGene00045835.,0,0,0
WBGene00045836.,0,0,0
WBGene00045837.,0,0,0
WBGene00045838.,0,0,0
WBGene00045839.,0,3,3
WBGene00045840.,0,0,0
WBGene00045841.,0,1,1
WBGene00045842.,0,0,0
WBGene00045843.,0,3,3
WBGene00045844.,0,0,0
WBGene00045845.,0,0,0
WBGene00045846.,0,0,0
WBGene00045847.,0,0,0
WBGene00045848.,0,0,0
WBGene00045849.,0,0,0
WBGene00045850.,0,0,0
WBGene00045851.,0,0,0
WBGene00045852.,0,0,0
WBGene00045853.,0,0,0
WBGene00045854.,0,0,0
WBGene00045855.,0,0,0
WBGene00045856.,0,2,2
WBGene00045857.,0,0,0
WBGene00045858.,0,0,0
WBGene00045859.,0,0,0
WBGene00045860.,0,1,1
WBGene00045861.,0,0,0
WBGene00045862.,0,0,0
WBGene00045863.,0,0,0
WBGene00045864.,0,2,2
WBGene00045865.,0,1,1
WBGene00045866.,0,0,0
WBGene00045867.,0,0,0
WBGene00045868.,0,0,0
WBGene00045869.,0,2,2
WBGene00045870.,0,1,1
WBGene00045871.,0,1,1
WBGene00045872.,0,0,0
WBGene00045873.,0,0,0
WBGene00045874.,0,0,0
WBGene00045875.,0,0,0
WBGene00045876.,0,0,0
WBGene00045877.,0,0,0
WBGene00045878.,0,0,0
WBGene00045879.,0,0,0
WBGene00045880.,0,0,0
WBGene00045881.,0,1,1
WBGene00045882.,0,0,0
WBGene00045883.,0,0,0
WBGene00045884.,0,0,0
WBGene00045885.,0,0,0
WBGene00045886.,0,0,0
WBGene00045887.,0,0,0
WBGene00045888.,0,0,0
WBGene00045889.,0,1,1
WBGene00045890.,0,0,0
WBGene00045891.,0,0,0
WBGene00045892.,0,0,0
WBGene00045893.,0,0,0
WBGene00045894.,0,0,0
WBGene00045895.,0,1,1
WBGene00045896.,0,1,1
WBGene00045897.,0,0,0
WBGene00045898.,0,0,0
WBGene00045899.,0,0,0
WBGene00045900.,0,1,1
WBGene00045901.,0,0,0
WBGene00045902.,0,0,0
WBGene00045903.,0,0,0
WBGene00045904.,0,0,0
WBGene00045905.,0,0,0
WBGene00045906.,0,0,0
WBGene00045907.,0,1,1
WBGene00045908.,0,0,0
WBGene00045909.,0,0,0
WBGene00045910.,0,0,0
WBGene00045911.,0,0,0
WBGene00045912.,0,1,1
WBGene00045913.,0,0,0
WBGene00045914.,0,0,0
WBGene00045915.,0,0,0
WBGene00045916.,0,0,0
WBGene00045917.,0,0,0
WBGene00045918.,0,0,0
WBGene00045919.,0,1,1
WBGene00045920.,0,0,0
WBGene00045921.,0,0,0
WBGene00045922.,0,0,0
WBGene00045923.,0,0,0
WBGene00045924.,0,0,0
WBGene00045925.,0,0,0
WBGene00045926.,0,0,0
WBGene00045927.,0,0,0
WBGene00045928.,0,6,6
WBGene00045929.,0,1,1
WBGene00045930.,0,0,0
WBGene00045931.,0,0,0
WBGene00045932.,0,0,0
WBGene00045933.,0,0,0
WBGene00045934.,0,0,0
WBGene00045935.,0,0,0
WBGene00045936.,0,1,1
WBGene00045937.,0,0,0
WBGene00045938.,0,0,0
WBGene00045939.,0,1,1
WBGene00045940.,0,0,0
WBGene00045941.,0,0,0
WBGene00045942.,0,0,0
WBGene00045943.,0,0,0
WBGene00045944.,0,0,0
WBGene00045945.,0,0,0
WBGene00045946.,0,0,0
WBGene00045947.,0,0,0
WBGene00045948.,0,0,0
WBGene00045949.,0,0,0
WBGene00045950.,0,0,0
WBGene00045951.,0,0,0
WBGene00045952.,0,0,0
WBGene00045953.,0,0,0
WBGene00045954.,0,3,3
WBGene00045955.,0,1,1
WBGene00045956.,0,0,0
WBGene00045957.,0,0,0
WBGene00045958.,0,0,0
WBGene00045959.,0,1,1
WBGene00045960.,0,0,0
WBGene00045961.,0,0,0
WBGene00045962.,0,0,0
WBGene00045963.,0,0,0
WBGene00045964.,0,0,0
WBGene00045965.,0,0,0
WBGene00045966.,0,1,1
WBGene00045967.,0,0,0
WBGene00045968.,0,0,0
WBGene00045969.,0,0,0
WBGene00045970.,0,0,0
WBGene00045971.,0,0,0
WBGene00045972.,0,0,0
WBGene00045973.,0,0,0
WBGene00045974.,0,0,0
WBGene00045975.,0,0,0
WBGene00045976.,0,0,0
WBGene00045977.,0,1,1
WBGene00045978.,0,1,1
WBGene00045979.,0,0,0
WBGene00045980.,0,1,1
WBGene00045981.,0,3,3
WBGene00045982.,0,0,0
WBGene00045983.,0,0,0
WBGene00045984.,0,0,0
WBGene00045985.,0,0,0
WBGene00045986.,0,0,0
WBGene00045987.,0,0,0
WBGene00045988.,0,0,0
WBGene00045989.,0,0,0
WBGene00045990.,0,0,0
WBGene00045991.,0,0,0
WBGene00045992.,0,0,0
WBGene00045993.,0,0,0
WBGene00045994.,0,0,0
WBGene00045995.,0,0,0
WBGene00045996.,0,0,0
WBGene00045997.,0,0,0
WBGene00045998.,0,0,0
WBGene00045999.,0,1,1
WBGene00046000.,0,0,0
WBGene00046001.,0,0,0
WBGene00046002.,0,0,0
WBGene00046003.,0,0,0
WBGene00046004.,0,0,0
WBGene00046005.,0,0,0
WBGene00046006.,0,1,1
WBGene00046007.,0,0,0
WBGene00046008.,0,0,0
WBGene00046009.,0,0,0
WBGene00046010.,0,0,0
WBGene00046011.,0,2,2
WBGene00046012.,0,0,0
WBGene00046013.,0,0,0
WBGene00046014.,0,0,0
WBGene00046015.,0,0,0
WBGene00046016.,0,0,0
WBGene00046017.,0,0,0
WBGene00046018.,0,0,0
WBGene00046019.,0,0,0
WBGene00046020.,0,0,0
WBGene00046021.,0,0,0
WBGene00046022.,0,1,1
WBGene00046023.,0,0,0
WBGene00046024.,0,1,1
WBGene00046025.,0,0,0
WBGene00046026.,0,0,0
WBGene00046027.,0,0,0
WBGene00046028.,0,0,0
WBGene00046029.,0,0,0
WBGene00046030.,0,0,0
WBGene00046031.,0,3,3
WBGene00046032.,0,0,0
WBGene00046033.,0,1,1
WBGene00046034.,0,0,0
WBGene00046035.,0,0,0
WBGene00046036.,0,0,0
WBGene00046037.,0,0,0
WBGene00046038.,0,0,0
WBGene00046039.,0,0,0
WBGene00046040.,0,0,0
WBGene00046041.,0,3,3
WBGene00046042.,0,0,0
WBGene00046043.,0,2,2
WBGene00046044.,0,0,0
WBGene00046045.,0,0,0
WBGene00046046.,0,2,2
WBGene00046047.,0,0,0
WBGene00046048.,0,0,0
WBGene00046049.,0,2,2
WBGene00046050.,0,1,1
WBGene00046051.,0,1,1
WBGene00046052.,0,0,0
WBGene00046053.,0,0,0
WBGene00046054.,0,0,0
WBGene00046055.,0,0,0
WBGene00046056.,0,0,0
WBGene00046057.,0,0,0
WBGene00046058.,0,0,0
WBGene00046059.,0,0,0
WBGene00046060.,0,0,0
WBGene00046061.,0,0,0
WBGene00046062.,0,0,0
WBGene00046063.,0,0,0
WBGene00046064.,0,0,0
WBGene00046065.,0,0,0
WBGene00046066.,0,0,0
WBGene00046067.,0,1,1
WBGene00046068.,0,0,0
WBGene00046069.,0,0,0
WBGene00046070.,0,0,0
WBGene00046071.,0,0,0
WBGene00046072.,0,5,5
WBGene00046073.,0,1,1
WBGene00046074.,0,0,0
WBGene00046075.,0,0,0
WBGene00046076.,0,0,0
WBGene00046077.,0,0,0
WBGene00046078.,0,1,1
WBGene00046079.,0,0,0
WBGene00046080.,0,0,0
WBGene00046081.,0,0,0
WBGene00046082.,0,0,0
WBGene00046083.,0,0,0
WBGene00046084.,0,0,0
WBGene00046085.,0,0,0
WBGene00046086.,0,0,0
WBGene00046087.,0,0,0
WBGene00046088.,0,0,0
WBGene00046089.,0,0,0
WBGene00046090.,0,0,0
WBGene00046091.,0,0,0
WBGene00046092.,0,0,0
WBGene00046093.,0,0,0
WBGene00046094.,0,0,0
WBGene00046095.,0,0,0
WBGene00046096.,0,1,1
WBGene00046097.,0,0,0
WBGene00046098.,0,0,0
WBGene00046099.,0,0,0
WBGene00046100.,0,0,0
WBGene00046101.,0,0,0
WBGene00046102.,0,1,1
WBGene00046103.,0,1,1
WBGene00046104.,0,0,0
WBGene00046105.,0,0,0
WBGene00046106.,0,0,0
WBGene00046107.,0,0,0
WBGene00046108.,0,1,1
WBGene00046109.,0,6,6
WBGene00046110.,0,0,0
WBGene00046111.,0,0,0
WBGene00046112.,0,1,1
WBGene00046113.,0,0,0
WBGene00046114.,0,0,0
WBGene00046115.,0,2,2
WBGene00046116.,0,0,0
WBGene00046117.,0,0,0
WBGene00046118.,0,0,0
WBGene00046119.,0,0,0
WBGene00046120.,0,0,0
WBGene00046121.,0,0,0
WBGene00046122.,0,0,0
WBGene00046123.,0,1,1
WBGene00046124.,0,0,0
WBGene00046125.,0,0,0
WBGene00046126.,0,0,0
WBGene00046127.,0,0,0
WBGene00046128.,0,0,0
WBGene00046129.,0,0,0
WBGene00046130.,0,0,0
WBGene00046131.,0,0,0
WBGene00046132.,0,1,1
WBGene00046133.,0,0,0
WBGene00046134.,0,0,0
WBGene00046135.,0,0,0
WBGene00046136.,0,0,0
WBGene00046137.,0,0,0
WBGene00046138.,0,0,0
WBGene00046139.,0,1,1
WBGene00046140.,0,3,3
WBGene00046141.,0,0,0
WBGene00046142.,0,0,0
WBGene00046143.,0,2,2
WBGene00046144.,0,0,0
WBGene00046145.,0,0,0
WBGene00046146.,0,0,0
WBGene00046147.,0,1,1
WBGene00046148.,0,0,0
WBGene00046149.,0,0,0
WBGene00046150.,0,0,0
WBGene00046151.,0,0,0
WBGene00046152.,0,0,0
WBGene00046153.,0,0,0
WBGene00046154.,0,2,2
WBGene00046155.,0,0,0
WBGene00046156.,0,0,0
WBGene00046157.,0,0,0
WBGene00046158.,0,0,0
WBGene00046159.,0,0,0
WBGene00046160.,0,0,0
WBGene00046161.,0,3,3
WBGene00046162.,0,0,0
WBGene00046163.,0,0,0
WBGene00046164.,0,0,0
WBGene00046165.,0,0,0
WBGene00046166.,0,2,2
WBGene00046167.,0,0,0
WBGene00046168.,0,0,0
WBGene00046169.,0,1,1
WBGene00046170.,0,0,0
WBGene00046171.,0,0,0
WBGene00046172.,0,0,0
WBGene00046173.,0,0,0
WBGene00046174.,0,0,0
WBGene00046175.,0,0,0
WBGene00046176.,0,6,6
WBGene00046177.,0,0,0
WBGene00046178.,0,0,0
WBGene00046179.,0,0,0
WBGene00046180.,0,0,0
WBGene00046181.,0,0,0
WBGene00046182.,0,5,5
WBGene00046183.,0,9,9
WBGene00046184.,0,0,0
WBGene00046185.,0,0,0
WBGene00046186.,0,0,0
WBGene00046187.,0,0,0
WBGene00046188.,0,0,0
WBGene00046189.,0,0,0
WBGene00046190.,0,0,0
WBGene00046191.,0,0,0
WBGene00046192.,0,2,2
WBGene00046193.,0,0,0
WBGene00046194.,0,0,0
WBGene00046195.,0,0,0
WBGene00046196.,0,1,1
WBGene00046197.,0,0,0
WBGene00046198.,0,0,0
WBGene00046199.,0,1,1
WBGene00046200.,0,0,0
WBGene00046201.,0,0,0
WBGene00046202.,0,0,0
WBGene00046203.,0,0,0
WBGene00046204.,0,0,0
WBGene00046205.,0,0,0
WBGene00046206.,0,0,0
WBGene00046207.,0,0,0
WBGene00046208.,0,0,0
WBGene00046209.,0,7,7
WBGene00046210.,0,0,0
WBGene00046211.,0,0,0
WBGene00046212.,0,0,0
WBGene00046213.,0,0,0
WBGene00046214.,0,0,0
WBGene00046215.,0,0,0
WBGene00046216.,0,1,1
WBGene00046217.,0,0,0
WBGene00046218.,0,0,0
WBGene00046219.,0,0,0
WBGene00046220.,0,0,0
WBGene00046221.,0,0,0
WBGene00046222.,0,0,0
WBGene00046223.,0,0,0
WBGene00046224.,0,0,0
WBGene00046225.,0,0,0
WBGene00046226.,0,1,1
WBGene00046227.,0,0,0
WBGene00046228.,0,0,0
WBGene00046229.,0,0,0
WBGene00046230.,0,0,0
WBGene00046231.,0,0,0
WBGene00046232.,0,1,1
WBGene00046233.,0,0,0
WBGene00046234.,0,0,0
WBGene00046235.,0,0,0
WBGene00046236.,0,0,0
WBGene00046237.,0,0,0
WBGene00046238.,0,1,1
WBGene00046239.,0,0,0
WBGene00046240.,0,0,0
WBGene00046241.,0,0,0
WBGene00046242.,0,0,0
WBGene00046243.,0,0,0
WBGene00046244.,0,0,0
WBGene00046245.,0,0,0
WBGene00046246.,0,0,0
WBGene00046247.,0,0,0
WBGene00046248.,0,0,0
WBGene00046249.,0,0,0
WBGene00046250.,0,0,0
WBGene00046251.,0,0,0
WBGene00046252.,0,0,0
WBGene00046253.,0,0,0
WBGene00046254.,0,0,0
WBGene00046255.,0,0,0
WBGene00046256.,0,0,0
WBGene00046257.,0,1,1
WBGene00046258.,0,0,0
WBGene00046259.,0,0,0
WBGene00046260.,0,1,1
WBGene00046261.,0,0,0
WBGene00046262.,0,0,0
WBGene00046263.,0,0,0
WBGene00046264.,0,2,2
WBGene00046265.,0,0,0
WBGene00046266.,0,0,0
WBGene00046267.,0,1,1
WBGene00046268.,0,0,0
WBGene00046269.,0,0,0
WBGene00046270.,0,1,1
WBGene00046271.,0,0,0
WBGene00046272.,0,0,0
WBGene00046273.,0,0,0
WBGene00046274.,0,0,0
WBGene00046275.,0,0,0
WBGene00046276.,0,0,0
WBGene00046277.,0,0,0
WBGene00046278.,0,0,0
WBGene00046279.,0,0,0
WBGene00046280.,0,0,0
WBGene00046281.,0,0,0
WBGene00046282.,0,0,0
WBGene00046283.,0,2,2
WBGene00046284.,0,1,1
WBGene00046285.,0,0,0
WBGene00046286.,0,0,0
WBGene00046287.,0,2,2
WBGene00046288.,0,1,1
WBGene00046289.,0,2,2
WBGene00046290.,0,0,0
WBGene00046291.,0,0,0
WBGene00046292.,0,0,0
WBGene00046293.,0,0,0
WBGene00046294.,0,0,0
WBGene00046295.,0,0,0
WBGene00046296.,0,0,0
WBGene00046297.,0,0,0
WBGene00046298.,0,0,0
WBGene00046299.,0,0,0
WBGene00046300.,0,0,0
WBGene00046301.,0,0,0
WBGene00046302.,0,0,0
WBGene00046303.,0,0,0
WBGene00046304.,0,0,0
WBGene00046305.,0,0,0
WBGene00046306.,0,0,0
WBGene00046307.,0,0,0
WBGene00046308.,0,0,0
WBGene00046309.,0,0,0
WBGene00046310.,0,0,0
WBGene00046311.,0,0,0
WBGene00046312.,0,2,2
WBGene00046313.,0,1,1
WBGene00046314.,0,0,0
WBGene00046315.,0,0,0
WBGene00046316.,0,0,0
WBGene00046317.,0,1,1
WBGene00046318.,0,0,0
WBGene00046319.,0,0,0
WBGene00046320.,0,0,0
WBGene00046321.,0,2,2
WBGene00046322.,0,0,0
WBGene00046323.,0,0,0
WBGene00046324.,0,0,0
WBGene00046325.,0,1,1
WBGene00046326.,0,0,0
WBGene00046327.,0,0,0
WBGene00046328.,0,0,0
WBGene00046329.,0,0,0
WBGene00046330.,0,0,0
WBGene00046331.,0,1,1
WBGene00046332.,0,0,0
WBGene00046333.,0,0,0
WBGene00046334.,0,0,0
WBGene00046335.,0,1,1
WBGene00046336.,0,0,0
WBGene00046337.,0,1,1
WBGene00046338.,0,0,0
WBGene00046339.,0,0,0
WBGene00046340.,0,2,2
WBGene00046341.,0,0,0
WBGene00046342.,0,2,2
WBGene00046343.,0,1,1
WBGene00046344.,0,0,0
WBGene00046345.,0,2,2
WBGene00046346.,0,0,0
WBGene00046347.,0,0,0
WBGene00046348.,0,4,4
WBGene00046349.,0,0,0
WBGene00046350.,0,0,0
WBGene00046351.,0,0,0
WBGene00046352.,0,1,1
WBGene00046353.,0,1,1
WBGene00046354.,0,0,0
WBGene00046355.,0,0,0
WBGene00046356.,0,2,2
WBGene00046357.,0,0,0
WBGene00046358.,0,0,0
WBGene00046359.,0,0,0
WBGene00046360.,0,0,0
WBGene00046361.,0,0,0
WBGene00046362.,0,0,0
WBGene00046363.,0,2,2
WBGene00046364.,0,2,2
WBGene00046365.,0,0,0
WBGene00046366.,0,1,1
WBGene00046367.,0,1,1
WBGene00046368.,0,0,0
WBGene00046369.,0,0,0
WBGene00046370.,0,0,0
WBGene00046371.,0,0,0
WBGene00046372.,0,0,0
WBGene00046373.,0,1,1
WBGene00046374.,0,2,2
WBGene00046375.,0,0,0
WBGene00046376.,0,0,0
WBGene00046377.,0,0,0
WBGene00046378.,0,0,0
WBGene00046379.,0,0,0
WBGene00046380.,0,0,0
WBGene00046381.,0,0,0
WBGene00046382.,0,0,0
WBGene00046383.,0,0,0
WBGene00046384.,0,0,0
WBGene00046385.,0,0,0
WBGene00046386.,0,0,0
WBGene00046387.,0,0,0
WBGene00046388.,0,0,0
WBGene00046389.,0,0,0
WBGene00046390.,0,0,0
WBGene00046391.,0,0,0
WBGene00046392.,0,0,0
WBGene00046393.,0,2,2
WBGene00046394.,0,0,0
WBGene00046395.,0,0,0
WBGene00046396.,0,0,0
WBGene00046397.,0,0,0
WBGene00046398.,0,0,0
WBGene00046399.,0,0,0
WBGene00046400.,0,0,0
WBGene00046401.,0,0,0
WBGene00046402.,0,0,0
WBGene00046403.,0,0,0
WBGene00046404.,0,0,0
WBGene00046405.,0,0,0
WBGene00046406.,0,10,10
WBGene00046407.,0,1,1
WBGene00046408.,0,1,1
WBGene00046409.,0,1,1
WBGene00046410.,0,0,0
WBGene00046411.,0,1,1
WBGene00046412.,0,0,0
WBGene00046413.,0,0,0
WBGene00046414.,0,0,0
WBGene00046415.,0,0,0
WBGene00046416.,0,0,0
WBGene00046417.,0,0,0
WBGene00046418.,0,0,0
WBGene00046419.,0,0,0
WBGene00046420.,0,0,0
WBGene00046421.,0,3,3
WBGene00046422.,0,0,0
WBGene00046423.,0,0,0
WBGene00046424.,0,0,0
WBGene00046425.,0,0,0
WBGene00046426.,0,0,0
WBGene00046427.,0,0,0
WBGene00046428.,0,0,0
WBGene00046429.,0,2,2
WBGene00046430.,0,0,0
WBGene00046431.,0,0,0
WBGene00046432.,0,0,0
WBGene00046433.,0,0,0
WBGene00046434.,0,0,0
WBGene00046435.,0,0,0
WBGene00046436.,0,0,0
WBGene00046437.,0,0,0
WBGene00046438.,0,4,4
WBGene00046439.,0,0,0
WBGene00046440.,0,0,0
WBGene00046441.,0,0,0
WBGene00046442.,0,0,0
WBGene00046443.,0,2,2
WBGene00046444.,0,1,1
WBGene00046445.,0,0,0
WBGene00046446.,0,0,0
WBGene00046447.,0,0,0
WBGene00046448.,0,0,0
WBGene00046449.,0,0,0
WBGene00046450.,0,0,0
WBGene00046451.,0,0,0
WBGene00046452.,0,2,2
WBGene00046453.,0,0,0
WBGene00046454.,0,0,0
WBGene00046455.,0,0,0
WBGene00046456.,0,0,0
WBGene00046457.,0,0,0
WBGene00046458.,0,0,0
WBGene00046459.,0,0,0
WBGene00046460.,0,0,0
WBGene00046461.,0,0,0
WBGene00046462.,0,0,0
WBGene00046463.,0,0,0
WBGene00046464.,0,0,0
WBGene00046465.,0,0,0
WBGene00046466.,0,0,0
WBGene00046467.,0,0,0
WBGene00046468.,0,0,0
WBGene00046469.,0,0,0
WBGene00046470.,0,0,0
WBGene00046471.,0,0,0
WBGene00046472.,0,0,0
WBGene00046473.,0,0,0
WBGene00046474.,0,0,0
WBGene00046475.,0,0,0
WBGene00046476.,0,0,0
WBGene00046477.,0,0,0
WBGene00046478.,0,0,0
WBGene00046479.,0,0,0
WBGene00046480.,0,1,1
WBGene00046481.,0,2,2
WBGene00046482.,0,4,4
WBGene00046483.,0,0,0
WBGene00046484.,0,0,0
WBGene00046485.,0,0,0
WBGene00046486.,0,0,0
WBGene00046487.,0,0,0
WBGene00046488.,0,0,0
WBGene00046489.,0,0,0
WBGene00046490.,0,0,0
WBGene00046491.,0,1,1
WBGene00046492.,0,0,0
WBGene00046493.,0,0,0
WBGene00046494.,0,1,1
WBGene00046495.,0,1,1
WBGene00046496.,0,0,0
WBGene00046497.,0,0,0
WBGene00046498.,0,0,0
WBGene00046499.,0,2,2
WBGene00046500.,0,0,0
WBGene00046501.,0,0,0
WBGene00046502.,0,0,0
WBGene00046503.,0,0,0
WBGene00046504.,0,0,0
WBGene00046505.,0,0,0
WBGene00046506.,0,0,0
WBGene00046507.,0,0,0
WBGene00046508.,0,0,0
WBGene00046509.,0,0,0
WBGene00046510.,0,0,0
WBGene00046511.,0,0,0
WBGene00046512.,0,1,1
WBGene00046513.,0,0,0
WBGene00046514.,0,2,2
WBGene00046515.,0,0,0
WBGene00046516.,0,0,0
WBGene00046517.,0,0,0
WBGene00046518.,0,0,0
WBGene00046519.,0,0,0
WBGene00046520.,0,0,0
WBGene00046521.,0,0,0
WBGene00046522.,0,0,0
WBGene00046523.,0,0,0
WBGene00046524.,0,0,0
WBGene00046525.,0,0,0
WBGene00046526.,0,0,0
WBGene00046527.,0,0,0
WBGene00046528.,0,0,0
WBGene00046529.,0,2,2
WBGene00046530.,0,0,0
WBGene00046531.,0,1,1
WBGene00046532.,0,0,0
WBGene00046533.,0,1,1
WBGene00046534.,0,0,0
WBGene00046535.,0,0,0
WBGene00046536.,0,0,0
WBGene00046537.,0,1,1
WBGene00046538.,0,0,0
WBGene00046539.,0,0,0
WBGene00046540.,0,0,0
WBGene00046541.,0,0,0
WBGene00046542.,0,2,2
WBGene00046543.,0,0,0
WBGene00046544.,0,0,0
WBGene00046545.,0,0,0
WBGene00046546.,0,0,0
WBGene00046547.,0,9,9
WBGene00046548.,0,0,0
WBGene00046549.,0,0,0
WBGene00046550.,0,0,0
WBGene00046551.,0,0,0
WBGene00046552.,0,0,0
WBGene00046553.,0,0,0
WBGene00046554.,0,0,0
WBGene00046555.,0,0,0
WBGene00046556.,0,0,0
WBGene00046557.,0,0,0
WBGene00046558.,0,1,1
WBGene00046559.,0,0,0
WBGene00046560.,0,1,1
WBGene00046561.,0,0,0
WBGene00046562.,0,2,2
WBGene00046563.,0,1,1
WBGene00046564.,0,0,0
WBGene00046565.,0,0,0
WBGene00046566.,0,2,2
WBGene00046567.,0,0,0
WBGene00046568.,0,0,0
WBGene00046569.,0,1,1
WBGene00046570.,0,0,0
WBGene00046571.,0,0,0
WBGene00046572.,0,2,2
WBGene00046573.,0,5,5
WBGene00046574.,0,0,0
WBGene00046575.,0,0,0
WBGene00046576.,0,0,0
WBGene00046577.,0,1,1
WBGene00046578.,0,0,0
WBGene00046579.,0,1,1
WBGene00046580.,0,0,0
WBGene00046581.,0,1,1
WBGene00046582.,0,1,1
WBGene00046583.,0,0,0
WBGene00046584.,0,0,0
WBGene00046585.,0,0,0
WBGene00046586.,0,0,0
WBGene00046587.,0,0,0
WBGene00046588.,0,0,0
WBGene00046589.,0,0,0
WBGene00046590.,0,0,0
WBGene00046591.,0,0,0
WBGene00046592.,0,0,0
WBGene00046593.,0,0,0
WBGene00046594.,0,0,0
WBGene00046595.,0,0,0
WBGene00046596.,0,0,0
WBGene00046597.,0,0,0
WBGene00046598.,0,0,0
WBGene00046599.,0,0,0
WBGene00046600.,0,0,0
WBGene00046601.,0,0,0
WBGene00046602.,0,0,0
WBGene00046603.,0,3,3
WBGene00046604.,0,0,0
WBGene00046605.,0,2,2
WBGene00046606.,0,0,0
WBGene00046607.,0,0,0
WBGene00046608.,0,6,6
WBGene00046609.,0,1,1
WBGene00046610.,0,0,0
WBGene00046611.,0,0,0
WBGene00046612.,0,0,0
WBGene00046613.,0,0,0
WBGene00046614.,0,0,0
WBGene00046615.,0,0,0
WBGene00046616.,0,0,0
WBGene00046617.,0,0,0
WBGene00046618.,0,0,0
WBGene00046619.,0,0,0
WBGene00046620.,0,0,0
WBGene00046621.,0,0,0
WBGene00046622.,0,0,0
WBGene00046623.,0,1,1
WBGene00046624.,0,0,0
WBGene00046625.,0,0,0
WBGene00046626.,0,0,0
WBGene00046627.,0,0,0
WBGene00046628.,0,0,0
WBGene00046629.,0,0,0
WBGene00046630.,0,0,0
WBGene00046631.,0,0,0
WBGene00046632.,0,0,0
WBGene00046633.,0,0,0
WBGene00046634.,0,0,0
WBGene00046635.,0,0,0
WBGene00046636.,0,0,0
WBGene00046637.,0,0,0
WBGene00046638.,0,0,0
WBGene00046639.,0,0,0
WBGene00046640.,0,0,0
WBGene00046641.,0,0,0
WBGene00046642.,0,0,0
WBGene00046643.,0,0,0
WBGene00046644.,0,1,1
WBGene00046645.,0,0,0
WBGene00046646.,0,0,0
WBGene00046647.,0,0,0
WBGene00046648.,0,1,1
WBGene00046649.,0,0,0
WBGene00046650.,0,0,0
WBGene00046651.,0,0,0
WBGene00046652.,0,3,3
WBGene00046653.,0,0,0
WBGene00046654.,0,0,0
WBGene00046655.,0,0,0
WBGene00046656.,0,0,0
WBGene00046657.,0,0,0
WBGene00046658.,0,0,0
WBGene00046659.,0,0,0
WBGene00046660.,0,0,0
WBGene00046661.,0,0,0
WBGene00046662.,0,0,0
WBGene00046663.,0,7,7
WBGene00046664.,0,0,0
WBGene00046665.,0,0,0
WBGene00046666.,0,4,4
WBGene00046667.,0,0,0
WBGene00046668.,0,0,0
WBGene00046669.,0,0,0
WBGene00046670.,0,0,0
WBGene00046671.,0,3,3
WBGene00046672.,0,4,4
WBGene00046673.,0,0,0
WBGene00046674.,0,0,0
WBGene00046675.,0,0,0
WBGene00046676.,0,0,0
WBGene00046677.,0,0,0
WBGene00046678.,0,0,0
WBGene00046679.,0,0,0
WBGene00046680.,0,0,0
WBGene00046681.,0,0,0
WBGene00046682.,0,0,0
WBGene00046683.,0,1,1
WBGene00046684.,0,0,0
WBGene00046685.,0,0,0
WBGene00046686.,0,0,0
WBGene00046687.,0,1,1
WBGene00046688.,0,0,0
WBGene00046689.,0,0,0
WBGene00046690.,0,1,1
WBGene00046691.,0,0,0
WBGene00046692.,0,0,0
WBGene00046693.,0,0,0
WBGene00046694.,0,0,0
WBGene00046695.,0,0,0
WBGene00046696.,0,1,1
WBGene00046697.,0,0,0
WBGene00046698.,0,7861,7861
WBGene00046699.,0,0,0
WBGene00046700.,0,3,3
WBGene00046701.,0,0,0
WBGene00046702.,0,0,0
WBGene00046703.,0,4,4
WBGene00046704.,0,0,0
WBGene00046705.,0,0,0
WBGene00046706.,0,0,0
WBGene00046707.,0,0,0
WBGene00046708.,0,0,0
WBGene00046709.,0,0,0
WBGene00046710.,0,0,0
WBGene00046711.,0,0,0
WBGene00046712.,0,7,7
WBGene00046713.,0,0,0
WBGene00046714.,0,0,0
WBGene00046715.,0,0,0
WBGene00046716.,0,1,1
WBGene00046717.,0,0,0
WBGene00046718.,0,0,0
WBGene00046719.,0,0,0
WBGene00046720.,0,0,0
WBGene00046721.,0,0,0
WBGene00046722.,0,0,0
WBGene00046723.,0,0,0
WBGene00046724.,0,4,4
WBGene00046725.,0,0,0
WBGene00046726.,0,0,0
WBGene00046727.,0,0,0
WBGene00046728.,0,0,0
WBGene00046729.,0,0,0
WBGene00046730.,0,0,0
WBGene00046731.,0,0,0
WBGene00046732.,0,0,0
WBGene00046733.,0,0,0
WBGene00046734.,0,0,0
WBGene00046735.,0,0,0
WBGene00046736.,0,0,0
WBGene00046737.,0,0,0
WBGene00046738.,0,5,5
WBGene00046739.,0,1,1
WBGene00046740.,0,0,0
WBGene00046741.,0,0,0
WBGene00046742.,0,0,0
WBGene00046743.,0,1,1
WBGene00046744.,0,0,0
WBGene00046745.,0,0,0
WBGene00046746.,0,0,0
WBGene00046747.,0,0,0
WBGene00046748.,0,7,7
WBGene00046749.,0,0,0
WBGene00046750.,0,0,0
WBGene00046751.,0,0,0
WBGene00046752.,0,0,0
WBGene00046753.,0,0,0
WBGene00046754.,0,0,0
WBGene00046755.,0,0,0
WBGene00046756.,0,0,0
WBGene00046757.,0,0,0
WBGene00046758.,0,0,0
WBGene00046759.,0,1,1
WBGene00046760.,0,0,0
WBGene00046761.,0,26,26
WBGene00046762.,0,0,0
WBGene00046763.,0,0,0
WBGene00046764.,0,0,0
WBGene00046765.,0,1,1
WBGene00046766.,0,0,0
WBGene00046767.,0,0,0
WBGene00046768.,0,2,2
WBGene00046769.,0,0,0
WBGene00046770.,0,0,0
WBGene00046771.,0,0,0
WBGene00046772.,0,0,0
WBGene00046773.,0,0,0
WBGene00046774.,0,0,0
WBGene00046775.,0,0,0
WBGene00046776.,0,0,0
WBGene00046777.,0,1,1
WBGene00046778.,0,1,1
WBGene00046779.,0,0,0
WBGene00046780.,0,1,1
WBGene00046781.,0,0,0
WBGene00046782.,0,0,0
WBGene00046783.,0,0,0
WBGene00046784.,0,0,0
WBGene00046785.,0,7,7
WBGene00046786.,0,0,0
WBGene00046787.,0,0,0
WBGene00046788.,0,0,0
WBGene00046789.,0,2,2
WBGene00046790.,0,0,0
WBGene00046791.,0,0,0
WBGene00046792.,0,0,0
WBGene00046793.,0,0,0
WBGene00046794.,0,0,0
WBGene00046795.,0,1,1
WBGene00046796.,0,0,0
WBGene00046797.,0,0,0
WBGene00046798.,0,0,0
WBGene00046799.,0,1,1
WBGene00046800.,0,0,0
WBGene00046801.,0,0,0
WBGene00046802.,0,0,0
WBGene00046803.,0,1,1
WBGene00046804.,0,0,0
WBGene00046805.,0,0,0
WBGene00046806.,0,0,0
WBGene00046807.,0,0,0
WBGene00046808.,0,11,11
WBGene00046809.,0,2,2
WBGene00046810.,0,1,1
WBGene00046811.,0,0,0
WBGene00046812.,0,0,0
WBGene00046813.,0,0,0
WBGene00046814.,0,1,1
WBGene00046815.,0,0,0
WBGene00046816.,0,0,0
WBGene00046817.,0,1,1
WBGene00046818.,0,0,0
WBGene00046819.,0,1,1
WBGene00046820.,0,0,0
WBGene00046821.,0,2,2
WBGene00046822.,0,0,0
WBGene00046823.,0,0,0
WBGene00046824.,0,0,0
WBGene00046825.,0,0,0
WBGene00046826.,0,0,0
WBGene00046827.,0,0,0
WBGene00046828.,0,0,0
WBGene00046829.,0,0,0
WBGene00046830.,0,0,0
WBGene00046831.,0,0,0
WBGene00046832.,0,0,0
WBGene00046833.,0,0,0
WBGene00046834.,0,0,0
WBGene00046835.,0,0,0
WBGene00046836.,0,0,0
WBGene00046837.,0,2,2
WBGene00046838.,0,2,2
WBGene00046839.,0,9,9
WBGene00046840.,0,0,0
WBGene00046841.,0,0,0
WBGene00046842.,0,0,0
WBGene00046843.,0,0,0
WBGene00046844.,0,0,0
WBGene00046845.,0,0,0
WBGene00046846.,0,2,2
WBGene00046847.,0,0,0
WBGene00046848.,0,0,0
WBGene00046849.,0,0,0
WBGene00046850.,0,0,0
WBGene00046851.,0,0,0
WBGene00046852.,0,0,0
WBGene00046853.,0,0,0
WBGene00046854.,0,0,0
WBGene00046855.,0,0,0
WBGene00046856.,0,0,0
WBGene00046857.,0,0,0
WBGene00046858.,0,0,0
WBGene00046859.,0,22,22
WBGene00046860.,0,0,0
WBGene00046861.,0,0,0
WBGene00046862.,0,0,0
WBGene00046863.,0,0,0
WBGene00046864.,0,0,0
WBGene00046865.,0,0,0
WBGene00046866.,0,0,0
WBGene00046867.,0,0,0
WBGene00046868.,0,1,1
WBGene00046869.,0,3,3
WBGene00046870.,0,0,0
WBGene00046871.,0,0,0
WBGene00046872.,0,1,1
WBGene00046873.,0,0,0
WBGene00046874.,0,0,0
WBGene00046875.,0,0,0
WBGene00046876.,0,0,0
WBGene00046877.,0,0,0
WBGene00046878.,0,0,0
WBGene00046879.,0,0,0
WBGene00046880.,0,0,0
WBGene00046881.,0,1,1
WBGene00046882.,0,0,0
WBGene00046883.,0,0,0
WBGene00046884.,0,0,0
WBGene00046885.,0,0,0
WBGene00046886.,0,0,0
WBGene00046887.,0,0,0
WBGene00046888.,0,0,0
WBGene00046889.,0,0,0
WBGene00046890.,0,0,0
WBGene00046891.,0,0,0
WBGene00046892.,0,0,0
WBGene00046893.,0,0,0
WBGene00046894.,0,1,1
WBGene00046895.,0,0,0
WBGene00046896.,0,1,1
WBGene00046897.,0,0,0
WBGene00046898.,0,0,0
WBGene00046899.,0,0,0
WBGene00046900.,0,0,0
WBGene00046901.,0,0,0
WBGene00046902.,0,1,1
WBGene00046903.,0,0,0
WBGene00046904.,0,0,0
WBGene00046905.,0,0,0
WBGene00046906.,0,3,3
WBGene00046907.,0,3,3
WBGene00046908.,0,0,0
WBGene00046909.,0,0,0
WBGene00046910.,0,0,0
WBGene00046911.,0,0,0
WBGene00046912.,0,0,0
WBGene00046913.,0,1,1
WBGene00046914.,0,1,1
WBGene00046915.,0,0,0
WBGene00046916.,0,0,0
WBGene00046917.,0,0,0
WBGene00046918.,0,0,0
WBGene00046919.,0,0,0
WBGene00046920.,0,0,0
WBGene00046921.,0,2,2
WBGene00046922.,0,0,0
WBGene00046923.,0,0,0
WBGene00046924.,0,0,0
WBGene00046925.,0,0,0
WBGene00046926.,0,0,0
WBGene00046927.,0,0,0
WBGene00046928.,0,0,0
WBGene00046929.,0,1,1
WBGene00046930.,0,0,0
WBGene00046931.,0,0,0
WBGene00046932.,0,0,0
WBGene00046933.,0,3,3
WBGene00046934.,0,0,0
WBGene00046935.,0,0,0
WBGene00046936.,0,0,0
WBGene00046937.,0,9,9
WBGene00046938.,0,0,0
WBGene00046939.,0,1,1
WBGene00046940.,0,0,0
WBGene00046941.,0,0,0
WBGene00046942.,0,0,0
WBGene00046943.,0,0,0
WBGene00046944.,0,0,0
WBGene00046945.,0,0,0
WBGene00046946.,0,1,1
WBGene00046947.,0,0,0
WBGene00046948.,0,0,0
WBGene00046949.,0,0,0
WBGene00046950.,0,0,0
WBGene00046951.,0,1,1
WBGene00046952.,0,0,0
WBGene00046953.,0,0,0
WBGene00046954.,0,0,0
WBGene00046955.,0,0,0
WBGene00046956.,0,0,0
WBGene00046957.,0,0,0
WBGene00046958.,0,0,0
WBGene00046959.,0,0,0
WBGene00046960.,0,0,0
WBGene00046961.,0,0,0
WBGene00046962.,0,0,0
WBGene00046963.,0,0,0
WBGene00046964.,0,0,0
WBGene00046965.,0,5,5
WBGene00046966.,0,0,0
WBGene00046967.,0,0,0
WBGene00046968.,0,0,0
WBGene00046969.,0,0,0
WBGene00046970.,0,1,1
WBGene00046971.,0,0,0
WBGene00046972.,0,0,0
WBGene00046973.,0,0,0
WBGene00046974.,0,0,0
WBGene00046975.,0,0,0
WBGene00046976.,0,1,1
WBGene00046977.,0,0,0
WBGene00046978.,0,0,0
WBGene00046979.,0,0,0
WBGene00046980.,0,0,0
WBGene00046981.,0,0,0
WBGene00046982.,0,0,0
WBGene00046983.,0,0,0
WBGene00046984.,0,0,0
WBGene00046985.,0,0,0
WBGene00046986.,0,0,0
WBGene00046987.,0,0,0
WBGene00046988.,0,0,0
WBGene00046989.,0,0,0
WBGene00046990.,0,0,0
WBGene00046991.,0,0,0
WBGene00046992.,0,0,0
WBGene00046993.,0,0,0
WBGene00046994.,0,0,0
WBGene00046995.,0,0,0
WBGene00046996.,0,0,0
WBGene00046997.,0,0,0
WBGene00046998.,0,0,0
WBGene00046999.,0,0,0
WBGene00047000.,0,0,0
WBGene00047001.,0,0,0
WBGene00047002.,0,0,0
WBGene00047003.,0,3,3
WBGene00047004.,0,0,0
WBGene00047005.,0,0,0
WBGene00047006.,0,2,2
WBGene00047007.,0,3,3
WBGene00047008.,0,0,0
WBGene00047009.,0,0,0
WBGene00047010.,0,0,0
WBGene00047011.,0,0,0
WBGene00047012.,0,0,0
WBGene00047013.,0,0,0
WBGene00047014.,0,0,0
WBGene00047015.,0,0,0
WBGene00047016.,0,0,0
WBGene00047017.,0,2,2
WBGene00047018.,0,0,0
WBGene00047019.,0,0,0
WBGene00047020.,0,0,0
WBGene00047021.,0,0,0
WBGene00047022.,0,0,0
WBGene00047023.,0,0,0
WBGene00047024.,0,0,0
WBGene00047025.,0,0,0
WBGene00047026.,0,0,0
WBGene00047027.,0,0,0
WBGene00047028.,0,0,0
WBGene00047029.,0,0,0
WBGene00047030.,0,0,0
WBGene00047031.,0,1,1
WBGene00047032.,0,0,0
WBGene00047033.,0,0,0
WBGene00047034.,0,0,0
WBGene00047035.,0,0,0
WBGene00047036.,0,0,0
WBGene00047037.,0,0,0
WBGene00047038.,0,10,10
WBGene00047039.,0,1,1
WBGene00047040.,0,0,0
WBGene00047041.,0,0,0
WBGene00047042.,0,0,0
WBGene00047043.,0,0,0
WBGene00047044.,0,24,24
WBGene00047045.,0,0,0
WBGene00047046.,0,0,0
WBGene00047047.,0,0,0
WBGene00047048.,0,0,0
WBGene00047049.,0,0,0
WBGene00047050.,0,0,0
WBGene00047051.,0,0,0
WBGene00047052.,0,0,0
WBGene00047053.,0,2,2
WBGene00047054.,0,0,0
WBGene00047055.,0,0,0
WBGene00047056.,0,0,0
WBGene00047057.,0,1,1
WBGene00047058.,0,0,0
WBGene00047059.,0,0,0
WBGene00047060.,0,0,0
WBGene00047061.,0,0,0
WBGene00047062.,0,0,0
WBGene00047063.,0,0,0
WBGene00047064.,0,0,0
WBGene00047065.,0,0,0
WBGene00047066.,0,0,0
WBGene00047067.,0,8,8
WBGene00047068.,0,1,1
WBGene00047069.,0,0,0
WBGene00047070.,0,0,0
WBGene00047071.,0,0,0
WBGene00047072.,0,0,0
WBGene00047073.,0,0,0
WBGene00047074.,0,0,0
WBGene00047075.,0,0,0
WBGene00047076.,0,0,0
WBGene00047077.,0,0,0
WBGene00047078.,0,2,2
WBGene00047079.,0,1,1
WBGene00047080.,0,0,0
WBGene00047081.,0,0,0
WBGene00047082.,0,0,0
WBGene00047083.,0,0,0
WBGene00047084.,0,14,14
WBGene00047085.,0,0,0
WBGene00047086.,0,0,0
WBGene00047087.,0,2,2
WBGene00047088.,0,0,0
WBGene00047089.,0,0,0
WBGene00047090.,0,0,0
WBGene00047091.,0,0,0
WBGene00047092.,0,0,0
WBGene00047093.,0,0,0
WBGene00047094.,0,0,0
WBGene00047095.,0,0,0
WBGene00047096.,0,0,0
WBGene00047097.,0,0,0
WBGene00047098.,0,0,0
WBGene00047099.,0,0,0
WBGene00047100.,0,1,1
WBGene00047101.,0,0,0
WBGene00047102.,0,0,0
WBGene00047103.,0,0,0
WBGene00047104.,0,0,0
WBGene00047105.,0,0,0
WBGene00047106.,0,0,0
WBGene00047107.,0,0,0
WBGene00047108.,0,0,0
WBGene00047109.,0,0,0
WBGene00047110.,0,0,0
WBGene00047111.,0,0,0
WBGene00047112.,0,0,0
WBGene00047113.,0,0,0
WBGene00047114.,0,2,2
WBGene00047115.,0,0,0
WBGene00047116.,0,0,0
WBGene00047117.,0,0,0
WBGene00047118.,0,12,12
WBGene00047119.,0,0,0
WBGene00047120.,0,0,0
WBGene00047121.,0,0,0
WBGene00047122.,0,0,0
WBGene00047123.,0,0,0
WBGene00047124.,0,1,1
WBGene00047125.,0,0,0
WBGene00047126.,0,0,0
WBGene00047127.,0,0,0
WBGene00047128.,0,0,0
WBGene00047129.,0,0,0
WBGene00047130.,0,0,0
WBGene00047131.,0,0,0
WBGene00047132.,0,0,0
WBGene00047133.,0,0,0
WBGene00047134.,0,0,0
WBGene00047135.,0,0,0
WBGene00047136.,0,1,1
WBGene00047137.,0,0,0
WBGene00047138.,0,0,0
WBGene00047139.,0,0,0
WBGene00047140.,0,0,0
WBGene00047141.,0,18,18
WBGene00047142.,0,0,0
WBGene00047143.,0,3,3
WBGene00047144.,0,2,2
WBGene00047145.,0,0,0
WBGene00047146.,0,0,0
WBGene00047147.,0,1,1
WBGene00047148.,0,0,0
WBGene00047149.,0,1,1
WBGene00047150.,0,0,0
WBGene00047151.,0,0,0
WBGene00047152.,0,0,0
WBGene00047153.,0,0,0
WBGene00047154.,0,0,0
WBGene00047155.,0,8,8
WBGene00047156.,0,0,0
WBGene00047157.,0,0,0
WBGene00047158.,0,0,0
WBGene00047159.,0,0,0
WBGene00047160.,0,2,2
WBGene00047161.,0,0,0
WBGene00047162.,0,0,0
WBGene00047163.,0,0,0
WBGene00047164.,0,0,0
WBGene00047165.,0,0,0
WBGene00047166.,0,0,0
WBGene00047167.,0,0,0
WBGene00047168.,0,0,0
WBGene00047169.,0,0,0
WBGene00047170.,0,10,10
WBGene00047171.,0,0,0
WBGene00047172.,0,2,2
WBGene00047173.,0,0,0
WBGene00047174.,0,0,0
WBGene00047175.,0,0,0
WBGene00047176.,0,0,0
WBGene00047177.,0,0,0
WBGene00047178.,0,0,0
WBGene00047179.,0,0,0
WBGene00047180.,0,0,0
WBGene00047181.,0,0,0
WBGene00047182.,0,0,0
WBGene00047183.,0,0,0
WBGene00047184.,0,0,0
WBGene00047185.,0,0,0
WBGene00047186.,0,0,0
WBGene00047187.,0,0,0
WBGene00047188.,0,0,0
WBGene00047189.,0,0,0
WBGene00047190.,0,0,0
WBGene00047191.,0,0,0
WBGene00047192.,0,0,0
WBGene00047193.,0,0,0
WBGene00047194.,0,0,0
WBGene00047195.,0,0,0
WBGene00047196.,0,0,0
WBGene00047197.,0,0,0
WBGene00047198.,0,0,0
WBGene00047199.,0,0,0
WBGene00047200.,0,0,0
WBGene00047201.,0,0,0
WBGene00047202.,0,0,0
WBGene00047203.,0,0,0
WBGene00047204.,0,0,0
WBGene00047205.,0,0,0
WBGene00047206.,0,0,0
WBGene00047207.,0,0,0
WBGene00047208.,0,0,0
WBGene00047209.,0,0,0
WBGene00047210.,0,0,0
WBGene00047211.,0,0,0
WBGene00047212.,0,0,0
WBGene00047213.,0,0,0
WBGene00047214.,0,0,0
WBGene00047215.,0,0,0
WBGene00047216.,0,0,0
WBGene00047217.,0,0,0
WBGene00047218.,0,0,0
WBGene00047219.,0,0,0
WBGene00047220.,0,0,0
WBGene00047221.,0,6,6
WBGene00047222.,0,0,0
WBGene00047223.,0,0,0
WBGene00047224.,0,1,1
WBGene00047225.,0,0,0
WBGene00047226.,0,1,1
WBGene00047227.,0,0,0
WBGene00047228.,0,0,0
WBGene00047229.,0,0,0
WBGene00047230.,0,0,0
WBGene00047231.,0,0,0
WBGene00047232.,0,0,0
WBGene00047233.,0,0,0
WBGene00047234.,0,0,0
WBGene00047235.,0,3,3
WBGene00047236.,0,0,0
WBGene00047237.,0,0,0
WBGene00047238.,0,3,3
WBGene00047239.,0,0,0
WBGene00047240.,0,0,0
WBGene00047241.,0,0,0
WBGene00047242.,0,0,0
WBGene00047243.,0,0,0
WBGene00047244.,0,0,0
WBGene00047245.,0,0,0
WBGene00047246.,0,0,0
WBGene00047247.,0,1,1
WBGene00047248.,0,0,0
WBGene00047249.,0,0,0
WBGene00047250.,0,1,1
WBGene00047251.,0,0,0
WBGene00047252.,0,0,0
WBGene00047253.,0,0,0
WBGene00047254.,0,0,0
WBGene00047255.,0,0,0
WBGene00047256.,0,6,6
WBGene00047257.,0,0,0
WBGene00047258.,0,0,0
WBGene00047259.,0,0,0
WBGene00047260.,0,0,0
WBGene00047261.,0,0,0
WBGene00047262.,0,0,0
WBGene00047263.,0,0,0
WBGene00047264.,0,0,0
WBGene00047265.,0,0,0
WBGene00047266.,0,0,0
WBGene00047267.,0,0,0
WBGene00047268.,0,0,0
WBGene00047269.,0,0,0
WBGene00047270.,0,0,0
WBGene00047271.,0,0,0
WBGene00047272.,0,0,0
WBGene00047273.,0,0,0
WBGene00047274.,0,0,0
WBGene00047275.,0,0,0
WBGene00047276.,0,0,0
WBGene00047277.,0,0,0
WBGene00047278.,0,0,0
WBGene00047279.,0,0,0
WBGene00047280.,0,0,0
WBGene00047281.,0,1,1
WBGene00047282.,0,0,0
WBGene00047283.,0,0,0
WBGene00047284.,0,0,0
WBGene00047285.,0,0,0
WBGene00047286.,0,0,0
WBGene00047287.,0,0,0
WBGene00047288.,0,0,0
WBGene00047289.,0,1,1
WBGene00047290.,0,2,2
WBGene00047291.,0,0,0
WBGene00047292.,0,0,0
WBGene00047293.,0,0,0
WBGene00047294.,0,0,0
WBGene00047295.,0,0,0
WBGene00047296.,0,0,0
WBGene00047297.,0,9,9
WBGene00047298.,0,0,0
WBGene00047299.,0,0,0
WBGene00047300.,0,0,0
WBGene00047301.,0,0,0
WBGene00047302.,0,0,0
WBGene00047303.,0,0,0
WBGene00047304.,0,1,1
WBGene00047305.,0,0,0
WBGene00047306.,0,0,0
WBGene00047307.,0,0,0
WBGene00047308.,0,0,0
WBGene00047309.,0,0,0
WBGene00047310.,0,0,0
WBGene00047311.,0,0,0
WBGene00047312.,0,1,1
WBGene00047313.,0,0,0
WBGene00047314.,0,0,0
WBGene00047315.,0,0,0
WBGene00047316.,0,0,0
WBGene00047317.,0,0,0
WBGene00047318.,0,0,0
WBGene00047319.,0,0,0
WBGene00047320.,0,1,1
WBGene00047321.,0,0,0
WBGene00047322.,0,0,0
WBGene00047323.,0,0,0
WBGene00047324.,0,0,0
WBGene00047325.,0,0,0
WBGene00047326.,0,0,0
WBGene00047327.,0,0,0
WBGene00047328.,0,0,0
WBGene00047329.,0,0,0
WBGene00047330.,0,0,0
WBGene00047331.,0,0,0
WBGene00047332.,0,0,0
WBGene00047333.,0,0,0
WBGene00047334.,0,2,2
WBGene00047335.,0,0,0
WBGene00047336.,0,0,0
WBGene00047337.,0,1,1
WBGene00047338.,0,0,0
WBGene00047339.,0,8,8
WBGene00047340.,0,0,0
WBGene00047341.,0,2,2
WBGene00047342.,0,0,0
WBGene00047343.,0,0,0
WBGene00047344.,0,0,0
WBGene00047345.,0,0,0
WBGene00047346.,0,0,0
WBGene00047347.,0,0,0
WBGene00047348.,0,1,1
WBGene00047349.,0,0,0
WBGene00047350.,0,0,0
WBGene00047351.,0,0,0
WBGene00047352.,0,0,0
WBGene00047353.,0,0,0
WBGene00047354.,0,0,0
WBGene00047355.,0,0,0
WBGene00047356.,0,0,0
WBGene00047357.,0,0,0
WBGene00047358.,0,0,0
WBGene00047359.,0,0,0
WBGene00047360.,0,0,0
WBGene00047361.,0,0,0
WBGene00047362.,0,0,0
WBGene00047363.,0,0,0
WBGene00047364.,0,0,0
WBGene00047365.,0,0,0
WBGene00047366.,0,0,0
WBGene00047367.,0,0,0
WBGene00047368.,0,0,0
WBGene00047369.,0,1,1
WBGene00047370.,0,0,0
WBGene00047371.,0,1,1
WBGene00047372.,0,0,0
WBGene00047373.,0,0,0
WBGene00047374.,0,0,0
WBGene00047375.,0,1,1
WBGene00047376.,0,0,0
WBGene00047377.,0,0,0
WBGene00047378.,0,4,4
WBGene00047379.,0,0,0
WBGene00047380.,0,0,0
WBGene00047381.,0,0,0
WBGene00047382.,0,0,0
WBGene00047383.,0,0,0
WBGene00047384.,0,0,0
WBGene00047385.,0,0,0
WBGene00047386.,0,0,0
WBGene00047387.,0,0,0
WBGene00047388.,0,0,0
WBGene00047389.,0,0,0
WBGene00047390.,0,0,0
WBGene00047391.,0,1,1
WBGene00047392.,0,0,0
WBGene00047393.,0,0,0
WBGene00047394.,0,0,0
WBGene00047395.,0,0,0
WBGene00047396.,0,0,0
WBGene00047397.,0,0,0
WBGene00047398.,0,0,0
WBGene00047399.,0,0,0
WBGene00047400.,0,0,0
WBGene00047401.,0,0,0
WBGene00047402.,0,0,0
WBGene00047403.,0,0,0
WBGene00047404.,0,0,0
WBGene00047405.,0,0,0
WBGene00047406.,0,0,0
WBGene00047407.,0,7,7
WBGene00047408.,0,1,1
WBGene00047409.,0,0,0
WBGene00047410.,0,0,0
WBGene00047411.,0,11,11
WBGene00047412.,0,0,0
WBGene00047413.,0,0,0
WBGene00047414.,0,0,0
WBGene00047415.,0,0,0
WBGene00047416.,0,0,0
WBGene00047417.,0,0,0
WBGene00047418.,0,0,0
WBGene00047419.,0,1,1
WBGene00047420.,0,0,0
WBGene00047421.,0,0,0
WBGene00047422.,0,0,0
WBGene00047423.,0,0,0
WBGene00047424.,0,0,0
WBGene00047425.,0,0,0
WBGene00047426.,0,0,0
WBGene00047427.,0,0,0
WBGene00047428.,0,0,0
WBGene00047429.,0,0,0
WBGene00047430.,0,0,0
WBGene00047431.,0,1,1
WBGene00047432.,0,0,0
WBGene00047433.,0,0,0
WBGene00047434.,0,0,0
WBGene00047435.,0,0,0
WBGene00047436.,0,0,0
WBGene00047437.,0,0,0
WBGene00047438.,0,0,0
WBGene00047439.,0,0,0
WBGene00047440.,0,0,0
WBGene00047441.,0,0,0
WBGene00047442.,0,0,0
WBGene00047443.,0,1,1
WBGene00047444.,0,1,1
WBGene00047445.,0,0,0
WBGene00047446.,0,0,0
WBGene00047447.,0,1,1
WBGene00047448.,0,0,0
WBGene00047449.,0,0,0
WBGene00047450.,0,0,0
WBGene00047451.,0,0,0
WBGene00047452.,0,0,0
WBGene00047453.,0,0,0
WBGene00047454.,0,0,0
WBGene00047455.,0,0,0
WBGene00047456.,0,0,0
WBGene00047457.,0,0,0
WBGene00047458.,0,0,0
WBGene00047459.,0,1,1
WBGene00047460.,0,0,0
WBGene00047461.,0,0,0
WBGene00047462.,0,0,0
WBGene00047463.,0,0,0
WBGene00047464.,0,0,0
WBGene00047465.,0,0,0
WBGene00047466.,0,0,0
WBGene00047467.,0,0,0
WBGene00047468.,0,0,0
WBGene00047469.,0,0,0
WBGene00047470.,0,0,0
WBGene00047471.,0,0,0
WBGene00047472.,0,0,0
WBGene00047473.,0,0,0
WBGene00047474.,0,0,0
WBGene00047475.,0,0,0
WBGene00047476.,0,0,0
WBGene00047477.,0,1,1
WBGene00047478.,0,0,0
WBGene00047479.,0,0,0
WBGene00047480.,0,0,0
WBGene00047481.,0,0,0
WBGene00047482.,0,0,0
WBGene00047483.,0,0,0
WBGene00047484.,0,2,2
WBGene00047485.,0,2,2
WBGene00047486.,0,0,0
WBGene00047487.,0,1,1
WBGene00047488.,0,0,0
WBGene00047489.,0,0,0
WBGene00047490.,0,0,0
WBGene00047491.,0,0,0
WBGene00047492.,0,0,0
WBGene00047493.,0,0,0
WBGene00047494.,0,3,3
WBGene00047495.,0,0,0
WBGene00047496.,0,0,0
WBGene00047497.,0,0,0
WBGene00047498.,0,1,1
WBGene00047499.,0,0,0
WBGene00047500.,0,0,0
WBGene00047501.,0,0,0
WBGene00047502.,0,0,0
WBGene00047503.,0,0,0
WBGene00047504.,0,1,1
WBGene00047505.,0,0,0
WBGene00047506.,0,0,0
WBGene00047507.,0,0,0
WBGene00047508.,0,0,0
WBGene00047509.,0,0,0
WBGene00047510.,0,1,1
WBGene00047511.,0,0,0
WBGene00047512.,0,0,0
WBGene00047513.,0,0,0
WBGene00047514.,0,3,3
WBGene00047515.,0,0,0
WBGene00047516.,0,1,1
WBGene00047517.,0,3,3
WBGene00047518.,0,0,0
WBGene00047519.,0,0,0
WBGene00047520.,0,0,0
WBGene00047521.,0,0,0
WBGene00047522.,0,0,0
WBGene00047523.,0,0,0
WBGene00047524.,0,1,1
WBGene00047525.,0,0,0
WBGene00047526.,0,1,1
WBGene00047527.,0,1,1
WBGene00047528.,0,1,1
WBGene00047529.,0,1,1
WBGene00047530.,0,0,0
WBGene00047531.,0,0,0
WBGene00047532.,0,0,0
WBGene00047533.,0,0,0
WBGene00047534.,0,0,0
WBGene00047535.,0,0,0
WBGene00047536.,0,0,0
WBGene00047537.,0,0,0
WBGene00047538.,0,0,0
WBGene00047539.,0,0,0
WBGene00047540.,0,3,3
WBGene00047541.,0,0,0
WBGene00047542.,0,0,0
WBGene00047543.,0,0,0
WBGene00047544.,0,0,0
WBGene00047545.,0,0,0
WBGene00047546.,0,0,0
WBGene00047547.,0,0,0
WBGene00047548.,0,0,0
WBGene00047549.,0,0,0
WBGene00047550.,0,0,0
WBGene00047551.,0,0,0
WBGene00047552.,0,0,0
WBGene00047553.,0,0,0
WBGene00047554.,0,0,0
WBGene00047555.,0,0,0
WBGene00047556.,0,0,0
WBGene00047557.,0,0,0
WBGene00047558.,0,0,0
WBGene00047559.,0,0,0
WBGene00047560.,0,3,3
WBGene00047561.,0,1,1
WBGene00047562.,0,0,0
WBGene00047563.,0,0,0
WBGene00047564.,0,0,0
WBGene00047565.,0,0,0
WBGene00047566.,0,1,1
WBGene00047567.,0,0,0
WBGene00047568.,0,1,1
WBGene00047569.,0,0,0
WBGene00047570.,0,0,0
WBGene00047571.,0,0,0
WBGene00047572.,0,0,0
WBGene00047573.,0,0,0
WBGene00047574.,0,0,0
WBGene00047575.,0,0,0
WBGene00047576.,0,0,0
WBGene00047577.,0,0,0
WBGene00047578.,0,0,0
WBGene00047579.,0,0,0
WBGene00047580.,0,0,0
WBGene00047581.,0,0,0
WBGene00047582.,0,1,1
WBGene00047583.,0,0,0
WBGene00047584.,0,0,0
WBGene00047585.,0,1,1
WBGene00047586.,0,0,0
WBGene00047587.,0,0,0
WBGene00047588.,0,0,0
WBGene00047589.,0,0,0
WBGene00047590.,0,0,0
WBGene00047591.,0,0,0
WBGene00047592.,0,0,0
WBGene00047593.,0,0,0
WBGene00047594.,0,3,3
WBGene00047595.,0,0,0
WBGene00047596.,0,0,0
WBGene00047597.,0,0,0
WBGene00047598.,0,0,0
WBGene00047599.,0,0,0
WBGene00047600.,0,0,0
WBGene00047601.,0,1,1
WBGene00047602.,0,0,0
WBGene00047603.,0,0,0
WBGene00047604.,0,0,0
WBGene00047605.,0,0,0
WBGene00047606.,0,2,2
WBGene00047607.,0,0,0
WBGene00047608.,0,0,0
WBGene00047609.,0,4,4
WBGene00047610.,0,0,0
WBGene00047611.,0,0,0
WBGene00047612.,0,0,0
WBGene00047613.,0,1,1
WBGene00047614.,0,0,0
WBGene00047615.,0,0,0
WBGene00047616.,0,0,0
WBGene00047617.,0,0,0
WBGene00047618.,0,0,0
WBGene00047619.,0,0,0
WBGene00047620.,0,0,0
WBGene00047621.,0,0,0
WBGene00047622.,0,0,0
WBGene00047623.,0,0,0
WBGene00047624.,0,0,0
WBGene00047625.,0,0,0
WBGene00047626.,0,0,0
WBGene00047627.,0,0,0
WBGene00047628.,0,0,0
WBGene00047629.,0,0,0
WBGene00047630.,0,0,0
WBGene00047631.,0,0,0
WBGene00047632.,0,0,0
WBGene00047633.,0,0,0
WBGene00047634.,0,0,0
WBGene00047635.,0,2,2
WBGene00047636.,0,0,0
WBGene00047637.,0,0,0
WBGene00047638.,0,1,1
WBGene00047639.,0,0,0
WBGene00047640.,0,0,0
WBGene00047641.,0,0,0
WBGene00047642.,0,0,0
WBGene00047643.,0,0,0
WBGene00047644.,0,0,0
WBGene00047645.,0,0,0
WBGene00047646.,0,0,0
WBGene00047647.,0,0,0
WBGene00047648.,0,0,0
WBGene00047649.,0,0,0
WBGene00047650.,0,0,0
WBGene00047651.,0,0,0
WBGene00047652.,0,0,0
WBGene00047653.,0,0,0
WBGene00047654.,0,0,0
WBGene00047655.,0,0,0
WBGene00047656.,0,0,0
WBGene00047657.,0,0,0
WBGene00047658.,0,0,0
WBGene00047659.,0,1,1
WBGene00047660.,0,1,1
WBGene00047661.,0,0,0
WBGene00047662.,0,0,0
WBGene00047663.,0,0,0
WBGene00047664.,0,0,0
WBGene00047665.,0,1,1
WBGene00047666.,0,0,0
WBGene00047667.,0,0,0
WBGene00047668.,0,0,0
WBGene00047669.,0,0,0
WBGene00047670.,0,0,0
WBGene00047671.,0,0,0
WBGene00047672.,0,3,3
WBGene00047673.,0,0,0
WBGene00047674.,0,0,0
WBGene00047675.,0,0,0
WBGene00047676.,0,0,0
WBGene00047677.,0,0,0
WBGene00047678.,0,2,2
WBGene00047679.,0,0,0
WBGene00047680.,0,0,0
WBGene00047681.,0,0,0
WBGene00047682.,0,0,0
WBGene00047683.,0,0,0
WBGene00047684.,0,0,0
WBGene00047685.,0,0,0
WBGene00047686.,0,0,0
WBGene00047687.,0,0,0
WBGene00047688.,0,3,3
WBGene00047689.,0,0,0
WBGene00047690.,0,4,4
WBGene00047691.,0,3,3
WBGene00047692.,0,0,0
WBGene00047693.,0,0,0
WBGene00047694.,0,0,0
WBGene00047695.,0,4,4
WBGene00047696.,0,0,0
WBGene00047697.,0,4,4
WBGene00047698.,0,0,0
WBGene00047699.,0,1,1
WBGene00047700.,0,0,0
WBGene00047701.,0,0,0
WBGene00047702.,0,0,0
WBGene00047703.,0,3,3
WBGene00047704.,0,0,0
WBGene00047705.,0,0,0
WBGene00047706.,0,0,0
WBGene00047707.,0,0,0
WBGene00047708.,0,0,0
WBGene00047709.,0,0,0
WBGene00047710.,0,0,0
WBGene00047711.,0,0,0
WBGene00047712.,0,0,0
WBGene00047713.,0,0,0
WBGene00047714.,0,0,0
WBGene00047715.,0,0,0
WBGene00047716.,0,1,1
WBGene00047717.,0,0,0
WBGene00047718.,0,0,0
WBGene00047719.,0,0,0
WBGene00047720.,0,0,0
WBGene00047721.,0,0,0
WBGene00047722.,0,0,0
WBGene00047723.,0,0,0
WBGene00047724.,0,0,0
WBGene00047725.,0,0,0
WBGene00047726.,0,0,0
WBGene00047727.,0,0,0
WBGene00047728.,0,0,0
WBGene00047729.,0,0,0
WBGene00047730.,0,0,0
WBGene00047731.,0,0,0
WBGene00047732.,0,0,0
WBGene00047733.,0,0,0
WBGene00047734.,0,0,0
WBGene00047735.,0,0,0
WBGene00047736.,0,0,0
WBGene00047737.,0,0,0
WBGene00047738.,0,0,0
WBGene00047739.,0,1,1
WBGene00047740.,0,0,0
WBGene00047741.,0,1,1
WBGene00047742.,0,0,0
WBGene00047743.,0,0,0
WBGene00047744.,0,2,2
WBGene00047745.,0,0,0
WBGene00047746.,0,6,6
WBGene00047747.,0,0,0
WBGene00047748.,0,0,0
WBGene00047749.,0,0,0
WBGene00047750.,0,5,5
WBGene00047751.,0,0,0
WBGene00047752.,0,0,0
WBGene00047753.,0,0,0
WBGene00047754.,0,0,0
WBGene00047755.,0,0,0
WBGene00047756.,0,38,38
WBGene00047757.,0,0,0
WBGene00047758.,0,2,2
WBGene00047759.,0,1,1
WBGene00047760.,0,0,0
WBGene00047761.,0,0,0
WBGene00047762.,0,0,0
WBGene00047763.,0,9,9
WBGene00047764.,0,0,0
WBGene00047765.,0,0,0
WBGene00047766.,0,0,0
WBGene00047767.,0,0,0
WBGene00047768.,0,0,0
WBGene00047769.,0,0,0
WBGene00047770.,0,0,0
WBGene00047771.,0,0,0
WBGene00047772.,0,0,0
WBGene00047773.,0,2,2
WBGene00047774.,0,0,0
WBGene00047775.,0,0,0
WBGene00047776.,0,0,0
WBGene00047777.,0,0,0
WBGene00047778.,0,0,0
WBGene00047779.,0,0,0
WBGene00047780.,0,0,0
WBGene00047781.,0,0,0
WBGene00047782.,0,0,0
WBGene00047783.,0,0,0
WBGene00047784.,0,0,0
WBGene00047785.,0,0,0
WBGene00047786.,0,1,1
WBGene00047787.,0,0,0
WBGene00047788.,0,0,0
WBGene00047789.,0,0,0
WBGene00047790.,0,0,0
WBGene00047791.,0,0,0
WBGene00047792.,0,0,0
WBGene00047793.,0,0,0
WBGene00047794.,0,0,0
WBGene00047795.,0,0,0
WBGene00047796.,0,0,0
WBGene00047797.,0,1,1
WBGene00047798.,0,0,0
WBGene00047799.,0,0,0
WBGene00047800.,0,0,0
WBGene00047801.,0,0,0
WBGene00047802.,0,0,0
WBGene00047803.,0,6,6
WBGene00047804.,0,0,0
WBGene00047805.,0,3,3
WBGene00047806.,0,0,0
WBGene00047807.,0,2,2
WBGene00047808.,0,17,17
WBGene00047809.,0,0,0
WBGene00047810.,0,0,0
WBGene00047811.,0,0,0
WBGene00047812.,0,0,0
WBGene00047813.,0,2,2
WBGene00047814.,0,0,0
WBGene00047815.,0,2,2
WBGene00047816.,0,0,0
WBGene00047817.,0,1,1
WBGene00047818.,0,0,0
WBGene00047819.,0,0,0
WBGene00047820.,0,1,1
WBGene00047821.,0,0,0
WBGene00047822.,0,0,0
WBGene00047823.,0,1,1
WBGene00047824.,0,0,0
WBGene00047825.,0,0,0
WBGene00047826.,0,0,0
WBGene00047827.,0,0,0
WBGene00047828.,0,0,0
WBGene00047829.,0,0,0
WBGene00047830.,0,0,0
WBGene00047831.,0,0,0
WBGene00047832.,0,0,0
WBGene00047833.,0,0,0
WBGene00047834.,0,0,0
WBGene00047835.,0,0,0
WBGene00047836.,0,1,1
WBGene00047837.,0,0,0
WBGene00047838.,0,0,0
WBGene00047839.,0,0,0
WBGene00047840.,0,0,0
WBGene00047841.,0,0,0
WBGene00047842.,0,0,0
WBGene00047843.,0,13,13
WBGene00047844.,0,1,1
WBGene00047845.,0,0,0
WBGene00047846.,0,6,6
WBGene00047847.,0,0,0
WBGene00047848.,0,0,0
WBGene00047849.,0,0,0
WBGene00047850.,0,0,0
WBGene00047851.,0,0,0
WBGene00047852.,0,0,0
WBGene00047853.,0,0,0
WBGene00047854.,0,0,0
WBGene00047855.,0,0,0
WBGene00047856.,0,0,0
WBGene00047857.,0,2,2
WBGene00047858.,0,0,0
WBGene00047859.,0,0,0
WBGene00047860.,0,0,0
WBGene00047861.,0,1,1
WBGene00047862.,0,0,0
WBGene00047863.,0,1,1
WBGene00047864.,0,0,0
WBGene00047865.,0,0,0
WBGene00047866.,0,0,0
WBGene00047867.,0,0,0
WBGene00047868.,0,0,0
WBGene00047869.,0,0,0
WBGene00047870.,0,0,0
WBGene00047871.,0,0,0
WBGene00047872.,0,1,1
WBGene00047873.,0,0,0
WBGene00047874.,0,0,0
WBGene00047875.,0,0,0
WBGene00047876.,0,0,0
WBGene00047877.,0,0,0
WBGene00047878.,0,0,0
WBGene00047879.,0,0,0
WBGene00047880.,0,0,0
WBGene00047881.,0,0,0
WBGene00047882.,0,1,1
WBGene00047883.,0,0,0
WBGene00047884.,0,0,0
WBGene00047885.,0,2,2
WBGene00047886.,0,0,0
WBGene00047887.,0,0,0
WBGene00047888.,0,0,0
WBGene00047889.,0,0,0
WBGene00047890.,0,0,0
WBGene00047891.,0,0,0
WBGene00047892.,0,1,1
WBGene00047893.,0,0,0
WBGene00047894.,0,1,1
WBGene00047895.,0,0,0
WBGene00047896.,0,0,0
WBGene00047897.,0,0,0
WBGene00047898.,0,0,0
WBGene00047899.,0,0,0
WBGene00047900.,0,0,0
WBGene00047901.,0,0,0
WBGene00047902.,0,0,0
WBGene00047903.,0,0,0
WBGene00047905.,0,0,0
WBGene00047906.,0,0,0
WBGene00047907.,0,3,3
WBGene00047908.,0,0,0
WBGene00047909.,0,0,0
WBGene00047910.,0,0,0
WBGene00047911.,0,3,3
WBGene00047912.,0,0,0
WBGene00047913.,0,0,0
WBGene00047914.,0,0,0
WBGene00047915.,0,0,0
WBGene00047916.,0,14,14
WBGene00047917.,0,0,0
WBGene00047918.,0,0,0
WBGene00047919.,0,0,0
WBGene00047920.,0,0,0
WBGene00047921.,0,0,0
WBGene00047922.,0,0,0
WBGene00047923.,0,0,0
WBGene00047924.,0,0,0
WBGene00047925.,0,0,0
WBGene00047926.,0,0,0
WBGene00047927.,0,2,2
WBGene00047928.,0,0,0
WBGene00047929.,0,0,0
WBGene00047930.,0,2,2
WBGene00047931.,0,0,0
WBGene00047932.,0,0,0
WBGene00047933.,0,0,0
WBGene00047934.,0,0,0
WBGene00047935.,0,0,0
WBGene00047936.,0,0,0
WBGene00047937.,0,0,0
WBGene00047938.,0,2,2
WBGene00047939.,0,0,0
WBGene00047940.,0,0,0
WBGene00047941.,0,0,0
WBGene00047942.,0,0,0
WBGene00047943.,0,0,0
WBGene00047944.,0,0,0
WBGene00047945.,0,0,0
WBGene00047946.,0,0,0
WBGene00047947.,0,0,0
WBGene00047948.,0,0,0
WBGene00047949.,0,0,0
WBGene00047950.,0,1,1
WBGene00047951.,0,0,0
WBGene00047952.,0,0,0
WBGene00047953.,0,1,1
WBGene00047954.,0,0,0
WBGene00047955.,0,0,0
WBGene00047956.,0,0,0
WBGene00047957.,0,0,0
WBGene00047958.,0,0,0
WBGene00047959.,0,0,0
WBGene00047960.,0,0,0
WBGene00047961.,0,0,0
WBGene00047962.,0,0,0
WBGene00047963.,0,0,0
WBGene00047964.,0,0,0
WBGene00047965.,0,0,0
WBGene00047966.,0,0,0
WBGene00047967.,0,0,0
WBGene00047968.,0,0,0
WBGene00047969.,0,0,0
WBGene00047970.,0,0,0
WBGene00047971.,0,0,0
WBGene00047972.,0,0,0
WBGene00047973.,0,0,0
WBGene00047974.,0,1,1
WBGene00047975.,0,0,0
WBGene00047976.,0,0,0
WBGene00047977.,0,0,0
WBGene00047978.,0,0,0
WBGene00047979.,0,0,0
WBGene00047980.,0,0,0
WBGene00047981.,0,0,0
WBGene00047982.,0,0,0
WBGene00047983.,0,0,0
WBGene00047984.,0,0,0
WBGene00047985.,0,0,0
WBGene00047986.,0,0,0
WBGene00047987.,0,0,0
WBGene00047988.,0,0,0
WBGene00047989.,0,0,0
WBGene00047990.,0,0,0
WBGene00047991.,0,0,0
WBGene00047992.,0,0,0
WBGene00047993.,0,0,0
WBGene00047994.,0,0,0
WBGene00047995.,0,1,1
WBGene00047996.,0,0,0
WBGene00047997.,0,0,0
WBGene00047998.,0,0,0
WBGene00047999.,0,0,0
WBGene00048000.,0,0,0
WBGene00048001.,0,0,0
WBGene00048002.,0,0,0
WBGene00048003.,0,1,1
WBGene00048004.,0,0,0
WBGene00048005.,0,0,0
WBGene00048006.,0,0,0
WBGene00048007.,0,1,1
WBGene00048008.,0,0,0
WBGene00048009.,0,2,2
WBGene00048010.,0,0,0
WBGene00048011.,0,0,0
WBGene00048012.,0,0,0
WBGene00048013.,0,0,0
WBGene00048014.,0,0,0
WBGene00048015.,0,0,0
WBGene00048016.,0,3,3
WBGene00048017.,0,0,0
WBGene00048018.,0,0,0
WBGene00048019.,0,0,0
WBGene00048020.,0,0,0
WBGene00048021.,0,0,0
WBGene00048022.,0,0,0
WBGene00048023.,0,0,0
WBGene00048024.,0,0,0
WBGene00048025.,0,3,3
WBGene00048026.,0,0,0
WBGene00048027.,0,0,0
WBGene00048028.,0,0,0
WBGene00048029.,0,0,0
WBGene00048030.,0,0,0
WBGene00048031.,0,0,0
WBGene00048032.,0,0,0
WBGene00048033.,0,3,3
WBGene00048034.,0,0,0
WBGene00048035.,0,0,0
WBGene00048036.,0,0,0
WBGene00048037.,0,0,0
WBGene00048038.,0,0,0
WBGene00048039.,0,0,0
WBGene00048040.,0,0,0
WBGene00048041.,0,0,0
WBGene00048042.,0,0,0
WBGene00048043.,0,0,0
WBGene00048044.,0,0,0
WBGene00048045.,0,0,0
WBGene00048046.,0,0,0
WBGene00048047.,0,0,0
WBGene00048048.,0,0,0
WBGene00048049.,0,0,0
WBGene00048050.,0,0,0
WBGene00048051.,0,0,0
WBGene00048052.,0,0,0
WBGene00048053.,0,0,0
WBGene00048054.,0,0,0
WBGene00048055.,0,0,0
WBGene00048056.,0,0,0
WBGene00048057.,0,3,3
WBGene00048058.,0,0,0
WBGene00048059.,0,0,0
WBGene00048060.,0,0,0
WBGene00048061.,0,0,0
WBGene00048062.,0,0,0
WBGene00048063.,0,1,1
WBGene00048064.,0,0,0
WBGene00048065.,0,0,0
WBGene00048066.,0,0,0
WBGene00048067.,0,0,0
WBGene00048068.,0,2,2
WBGene00048069.,0,0,0
WBGene00048070.,0,0,0
WBGene00048071.,0,0,0
WBGene00048072.,0,0,0
WBGene00048073.,0,0,0
WBGene00048074.,0,0,0
WBGene00048075.,0,1,1
WBGene00048076.,0,0,0
WBGene00048077.,0,0,0
WBGene00048078.,0,0,0
WBGene00048079.,0,0,0
WBGene00048080.,0,0,0
WBGene00048081.,0,0,0
WBGene00048082.,0,0,0
WBGene00048083.,0,0,0
WBGene00048084.,0,0,0
WBGene00048085.,0,0,0
WBGene00048086.,0,0,0
WBGene00048087.,0,0,0
WBGene00048088.,0,0,0
WBGene00048089.,0,0,0
WBGene00048090.,0,0,0
WBGene00048091.,0,0,0
WBGene00048092.,0,3,3
WBGene00048093.,0,0,0
WBGene00048094.,0,0,0
WBGene00048095.,0,0,0
WBGene00048096.,0,0,0
WBGene00048097.,0,2,2
WBGene00048098.,0,0,0
WBGene00048099.,0,0,0
WBGene00048100.,0,0,0
WBGene00048101.,0,0,0
WBGene00048102.,0,0,0
WBGene00048103.,0,0,0
WBGene00048104.,0,0,0
WBGene00048105.,0,1,1
WBGene00048106.,0,0,0
WBGene00048107.,0,1,1
WBGene00048108.,0,0,0
WBGene00048109.,0,0,0
WBGene00048110.,0,0,0
WBGene00048111.,0,0,0
WBGene00048112.,0,0,0
WBGene00048113.,0,0,0
WBGene00048114.,0,0,0
WBGene00048115.,0,0,0
WBGene00048116.,0,0,0
WBGene00048117.,0,0,0
WBGene00048118.,0,2,2
WBGene00048119.,0,0,0
WBGene00048120.,0,0,0
WBGene00048121.,0,0,0
WBGene00048122.,0,0,0
WBGene00048123.,0,0,0
WBGene00048124.,0,0,0
WBGene00048125.,0,0,0
WBGene00048126.,0,0,0
WBGene00048127.,0,0,0
WBGene00048128.,0,1,1
WBGene00048129.,0,0,0
WBGene00048130.,0,0,0
WBGene00048131.,0,0,0
WBGene00048132.,0,0,0
WBGene00048133.,0,0,0
WBGene00048134.,0,0,0
WBGene00048135.,0,0,0
WBGene00048136.,0,0,0
WBGene00048137.,0,0,0
WBGene00048138.,0,0,0
WBGene00048139.,0,0,0
WBGene00048140.,0,0,0
WBGene00048141.,0,1,1
WBGene00048142.,0,0,0
WBGene00048143.,0,0,0
WBGene00048144.,0,0,0
WBGene00048145.,0,0,0
WBGene00048146.,0,0,0
WBGene00048147.,0,8,8
WBGene00048148.,0,0,0
WBGene00048149.,0,0,0
WBGene00048150.,0,0,0
WBGene00048151.,0,0,0
WBGene00048152.,0,0,0
WBGene00048153.,0,0,0
WBGene00048154.,0,0,0
WBGene00048155.,0,0,0
WBGene00048156.,0,0,0
WBGene00048157.,0,0,0
WBGene00048158.,0,0,0
WBGene00048159.,0,0,0
WBGene00048160.,0,0,0
WBGene00048161.,0,0,0
WBGene00048162.,0,0,0
WBGene00048163.,0,1,1
WBGene00048164.,0,0,0
WBGene00048165.,0,0,0
WBGene00048166.,0,0,0
WBGene00048167.,0,0,0
WBGene00048168.,0,0,0
WBGene00048169.,0,6,6
WBGene00048170.,0,0,0
WBGene00048171.,0,0,0
WBGene00048172.,0,0,0
WBGene00048173.,0,0,0
WBGene00048174.,0,0,0
WBGene00048175.,0,0,0
WBGene00048176.,0,0,0
WBGene00048177.,0,0,0
WBGene00048178.,0,0,0
WBGene00048179.,0,0,0
WBGene00048180.,0,0,0
WBGene00048181.,0,0,0
WBGene00048182.,0,0,0
WBGene00048183.,0,0,0
WBGene00048184.,0,0,0
WBGene00048185.,0,0,0
WBGene00048186.,0,0,0
WBGene00048187.,0,0,0
WBGene00048188.,0,0,0
WBGene00048189.,0,0,0
WBGene00048190.,0,0,0
WBGene00048191.,0,0,0
WBGene00048192.,0,2,2
WBGene00048193.,0,1,1
WBGene00048194.,0,0,0
WBGene00048195.,0,1,1
WBGene00048196.,0,1,1
WBGene00048197.,0,0,0
WBGene00048198.,0,1,1
WBGene00048199.,0,0,0
WBGene00048200.,0,0,0
WBGene00048201.,0,0,0
WBGene00048202.,0,1,1
WBGene00048203.,0,0,0
WBGene00048204.,0,0,0
WBGene00048205.,0,0,0
WBGene00048206.,0,0,0
WBGene00048207.,0,0,0
WBGene00048208.,0,0,0
WBGene00048209.,0,0,0
WBGene00048210.,0,0,0
WBGene00048211.,0,0,0
WBGene00048212.,0,0,0
WBGene00048213.,0,0,0
WBGene00048214.,0,1,1
WBGene00048215.,0,0,0
WBGene00048216.,0,2,2
WBGene00048217.,0,0,0
WBGene00048218.,0,0,0
WBGene00048219.,0,0,0
WBGene00048220.,0,0,0
WBGene00048221.,0,6,6
WBGene00048222.,0,0,0
WBGene00048223.,0,0,0
WBGene00048224.,0,2,2
WBGene00048225.,0,0,0
WBGene00048226.,0,1,1
WBGene00048227.,0,0,0
WBGene00048228.,0,0,0
WBGene00048229.,0,0,0
WBGene00048230.,0,0,0
WBGene00048231.,0,1,1
WBGene00048232.,0,0,0
WBGene00048233.,0,2,2
WBGene00048234.,0,0,0
WBGene00048235.,0,0,0
WBGene00048236.,0,0,0
WBGene00048237.,0,0,0
WBGene00048238.,0,0,0
WBGene00048239.,0,0,0
WBGene00048240.,0,0,0
WBGene00048241.,0,0,0
WBGene00048242.,0,0,0
WBGene00048243.,0,0,0
WBGene00048244.,0,0,0
WBGene00048245.,0,0,0
WBGene00048246.,0,0,0
WBGene00048247.,0,1,1
WBGene00048248.,0,0,0
WBGene00048249.,0,0,0
WBGene00048250.,0,0,0
WBGene00048251.,0,0,0
WBGene00048252.,0,0,0
WBGene00048253.,0,0,0
WBGene00048254.,0,0,0
WBGene00048255.,0,0,0
WBGene00048256.,0,0,0
WBGene00048257.,0,0,0
WBGene00048258.,0,0,0
WBGene00048259.,0,0,0
WBGene00048260.,0,0,0
WBGene00048261.,0,0,0
WBGene00048262.,0,0,0
WBGene00048263.,0,0,0
WBGene00048264.,0,0,0
WBGene00048265.,0,0,0
WBGene00048266.,0,0,0
WBGene00048267.,0,0,0
WBGene00048268.,0,0,0
WBGene00048269.,0,0,0
WBGene00048270.,0,0,0
WBGene00048271.,0,0,0
WBGene00048272.,0,0,0
WBGene00048273.,0,0,0
WBGene00048274.,0,0,0
WBGene00048275.,0,0,0
WBGene00048276.,0,0,0
WBGene00048277.,0,0,0
WBGene00048278.,0,0,0
WBGene00048279.,0,0,0
WBGene00048280.,0,0,0
WBGene00048281.,0,0,0
WBGene00048282.,0,0,0
WBGene00048283.,0,0,0
WBGene00048284.,0,0,0
WBGene00048285.,0,0,0
WBGene00048286.,0,0,0
WBGene00048287.,0,2,2
WBGene00048288.,0,0,0
WBGene00048289.,0,0,0
WBGene00048290.,0,0,0
WBGene00048291.,0,0,0
WBGene00048292.,0,0,0
WBGene00048293.,0,1,1
WBGene00048294.,0,1,1
WBGene00048295.,0,1,1
WBGene00048296.,0,1,1
WBGene00048297.,0,0,0
WBGene00048298.,0,0,0
WBGene00048299.,0,1,1
WBGene00048300.,0,0,0
WBGene00048301.,0,0,0
WBGene00048302.,0,0,0
WBGene00048303.,0,0,0
WBGene00048304.,0,1,1
WBGene00048305.,0,0,0
WBGene00048306.,0,0,0
WBGene00048307.,0,0,0
WBGene00048308.,0,0,0
WBGene00048309.,0,1,1
WBGene00048310.,0,0,0
WBGene00048311.,0,0,0
WBGene00048312.,0,0,0
WBGene00048313.,0,1,1
WBGene00048314.,0,0,0
WBGene00048315.,0,0,0
WBGene00048316.,0,0,0
WBGene00048317.,0,0,0
WBGene00048318.,0,0,0
WBGene00048319.,0,1,1
WBGene00048320.,0,0,0
WBGene00048321.,0,0,0
WBGene00048322.,0,0,0
WBGene00048323.,0,0,0
WBGene00048324.,0,4,4
WBGene00048325.,0,0,0
WBGene00048326.,0,0,0
WBGene00048327.,0,1,1
WBGene00048328.,0,4,4
WBGene00048329.,0,0,0
WBGene00048330.,0,2,2
WBGene00048331.,0,0,0
WBGene00048332.,0,0,0
WBGene00048333.,0,0,0
WBGene00048334.,0,4,4
WBGene00048335.,0,0,0
WBGene00048336.,0,0,0
WBGene00048337.,0,0,0
WBGene00048338.,0,1,1
WBGene00048339.,0,0,0
WBGene00048340.,0,1,1
WBGene00048341.,0,0,0
WBGene00048342.,0,0,0
WBGene00048343.,0,0,0
WBGene00048344.,0,0,0
WBGene00048345.,0,1,1
WBGene00048346.,0,0,0
WBGene00048347.,0,0,0
WBGene00048348.,0,0,0
WBGene00048349.,0,0,0
WBGene00048350.,0,0,0
WBGene00048351.,0,0,0
WBGene00048352.,0,0,0
WBGene00048353.,0,0,0
WBGene00048354.,0,1,1
WBGene00048355.,0,0,0
WBGene00048356.,0,0,0
WBGene00048357.,0,0,0
WBGene00048358.,0,0,0
WBGene00048359.,0,0,0
WBGene00048360.,0,0,0
WBGene00048361.,0,0,0
WBGene00048362.,0,1,1
WBGene00048363.,0,0,0
WBGene00048364.,0,0,0
WBGene00048365.,0,0,0
WBGene00048366.,0,2,2
WBGene00048367.,0,0,0
WBGene00048368.,0,1,1
WBGene00048369.,0,0,0
WBGene00048370.,0,0,0
WBGene00048371.,0,0,0
WBGene00048372.,0,0,0
WBGene00048373.,0,0,0
WBGene00048374.,0,8,8
WBGene00048375.,0,14,14
WBGene00048376.,0,0,0
WBGene00048377.,0,0,0
WBGene00048378.,0,0,0
WBGene00048379.,0,0,0
WBGene00048380.,0,0,0
WBGene00048381.,0,0,0
WBGene00048382.,0,1,1
WBGene00048383.,0,0,0
WBGene00048384.,0,0,0
WBGene00048385.,0,1,1
WBGene00048386.,0,0,0
WBGene00048387.,0,0,0
WBGene00048388.,0,0,0
WBGene00048389.,0,0,0
WBGene00048390.,0,0,0
WBGene00048391.,0,0,0
WBGene00048392.,0,0,0
WBGene00048393.,0,0,0
WBGene00048394.,0,0,0
WBGene00048395.,0,0,0
WBGene00048396.,0,0,0
WBGene00048397.,0,0,0
WBGene00048398.,0,0,0
WBGene00048399.,0,0,0
WBGene00048400.,0,0,0
WBGene00048401.,0,4,4
WBGene00048402.,0,0,0
WBGene00048403.,0,0,0
WBGene00048404.,0,0,0
WBGene00048405.,0,0,0
WBGene00048406.,0,3,3
WBGene00048407.,0,0,0
WBGene00048408.,0,0,0
WBGene00048409.,0,0,0
WBGene00048410.,0,0,0
WBGene00048411.,0,0,0
WBGene00048412.,0,1,1
WBGene00048413.,0,0,0
WBGene00048414.,0,1,1
WBGene00048415.,0,0,0
WBGene00048416.,0,0,0
WBGene00048417.,0,1,1
WBGene00048418.,0,1,1
WBGene00048419.,0,0,0
WBGene00048420.,0,0,0
WBGene00048421.,0,0,0
WBGene00048422.,0,0,0
WBGene00048423.,0,0,0
WBGene00048424.,0,0,0
WBGene00048425.,0,0,0
WBGene00048426.,0,0,0
WBGene00048427.,0,0,0
WBGene00048428.,0,0,0
WBGene00048429.,0,0,0
WBGene00048430.,0,0,0
WBGene00048431.,0,0,0
WBGene00048432.,0,0,0
WBGene00048433.,0,0,0
WBGene00048434.,0,0,0
WBGene00048435.,0,0,0
WBGene00048436.,0,1,1
WBGene00048437.,0,0,0
WBGene00048438.,0,0,0
WBGene00048439.,0,0,0
WBGene00048440.,0,4,4
WBGene00048441.,0,0,0
WBGene00048442.,0,0,0
WBGene00048443.,0,0,0
WBGene00048444.,0,0,0
WBGene00048445.,0,0,0
WBGene00048446.,0,0,0
WBGene00048447.,0,0,0
WBGene00048448.,0,0,0
WBGene00048449.,0,0,0
WBGene00048450.,0,1,1
WBGene00048451.,0,0,0
WBGene00048452.,0,0,0
WBGene00048453.,0,1,1
WBGene00048454.,0,0,0
WBGene00048455.,0,1,1
WBGene00048456.,0,0,0
WBGene00048457.,0,0,0
WBGene00048458.,0,0,0
WBGene00048459.,0,0,0
WBGene00048460.,0,0,0
WBGene00048461.,0,3,3
WBGene00048462.,0,0,0
WBGene00048463.,0,5,5
WBGene00048464.,0,0,0
WBGene00048465.,0,0,0
WBGene00048466.,0,0,0
WBGene00048467.,0,1,1
WBGene00048468.,0,0,0
WBGene00048469.,0,0,0
WBGene00048470.,0,0,0
WBGene00048471.,0,0,0
WBGene00048472.,0,0,0
WBGene00048473.,0,0,0
WBGene00048474.,0,0,0
WBGene00048475.,0,0,0
WBGene00048476.,0,1,1
WBGene00048477.,0,0,0
WBGene00048478.,0,0,0
WBGene00048479.,0,0,0
WBGene00048480.,0,0,0
WBGene00048481.,0,0,0
WBGene00048482.,0,0,0
WBGene00048483.,0,0,0
WBGene00048484.,0,1,1
WBGene00048485.,0,0,0
WBGene00048486.,0,1,1
WBGene00048487.,0,0,0
WBGene00048488.,0,0,0
WBGene00048489.,0,1,1
WBGene00048490.,0,0,0
WBGene00048491.,0,0,0
WBGene00048492.,0,0,0
WBGene00048493.,0,0,0
WBGene00048494.,0,0,0
WBGene00048495.,0,0,0
WBGene00048496.,0,0,0
WBGene00048497.,0,0,0
WBGene00048498.,0,0,0
WBGene00048499.,0,0,0
WBGene00048500.,0,2,2
WBGene00048501.,0,0,0
WBGene00048502.,0,0,0
WBGene00048503.,0,0,0
WBGene00048504.,0,0,0
WBGene00048505.,0,0,0
WBGene00048506.,0,3,3
WBGene00048507.,0,0,0
WBGene00048508.,0,0,0
WBGene00048509.,0,0,0
WBGene00048510.,0,0,0
WBGene00048511.,0,4,4
WBGene00048512.,0,0,0
WBGene00048513.,0,0,0
WBGene00048514.,0,0,0
WBGene00048515.,0,0,0
WBGene00048516.,0,0,0
WBGene00048517.,0,0,0
WBGene00048518.,0,4,4
WBGene00048519.,0,0,0
WBGene00048520.,0,0,0
WBGene00048521.,0,0,0
WBGene00048522.,0,0,0
WBGene00048523.,0,0,0
WBGene00048524.,0,0,0
WBGene00048525.,0,0,0
WBGene00048526.,0,0,0
WBGene00048527.,0,3,3
WBGene00048528.,0,0,0
WBGene00048529.,0,1,1
WBGene00048530.,0,3,3
WBGene00048531.,0,0,0
WBGene00048532.,0,0,0
WBGene00048533.,0,0,0
WBGene00048534.,0,0,0
WBGene00048535.,0,0,0
WBGene00048536.,0,0,0
WBGene00048537.,0,0,0
WBGene00048538.,0,0,0
WBGene00048539.,0,0,0
WBGene00048540.,0,0,0
WBGene00048541.,0,0,0
WBGene00048542.,0,0,0
WBGene00048543.,0,0,0
WBGene00048544.,0,0,0
WBGene00048545.,0,0,0
WBGene00048546.,0,0,0
WBGene00048547.,0,0,0
WBGene00048548.,0,0,0
WBGene00048549.,0,0,0
WBGene00048550.,0,1,1
WBGene00048551.,0,0,0
WBGene00048552.,0,0,0
WBGene00048553.,0,0,0
WBGene00048554.,0,0,0
WBGene00048555.,0,0,0
WBGene00048556.,0,0,0
WBGene00048557.,0,0,0
WBGene00048558.,0,0,0
WBGene00048559.,0,1,1
WBGene00048560.,0,0,0
WBGene00048561.,0,4,4
WBGene00048562.,0,0,0
WBGene00048563.,0,0,0
WBGene00048564.,0,0,0
WBGene00048565.,0,0,0
WBGene00048566.,0,0,0
WBGene00048567.,0,0,0
WBGene00048568.,0,0,0
WBGene00048569.,0,0,0
WBGene00048570.,0,4,4
WBGene00048571.,0,0,0
WBGene00048572.,0,0,0
WBGene00048573.,0,0,0
WBGene00048574.,0,0,0
WBGene00048575.,0,1,1
WBGene00048576.,0,0,0
WBGene00048577.,0,0,0
WBGene00048578.,0,0,0
WBGene00048579.,0,0,0
WBGene00048580.,0,0,0
WBGene00048581.,0,0,0
WBGene00048582.,0,0,0
WBGene00048583.,0,12,12
WBGene00048584.,0,0,0
WBGene00048585.,0,0,0
WBGene00048586.,0,0,0
WBGene00048587.,0,0,0
WBGene00048588.,0,1,1
WBGene00048589.,0,0,0
WBGene00048590.,0,0,0
WBGene00048591.,0,0,0
WBGene00048592.,0,0,0
WBGene00048593.,0,0,0
WBGene00048594.,0,0,0
WBGene00048595.,0,3,3
WBGene00048596.,0,5,5
WBGene00048597.,0,0,0
WBGene00048598.,0,0,0
WBGene00048599.,0,0,0
WBGene00048600.,0,0,0
WBGene00048601.,0,0,0
WBGene00048602.,0,0,0
WBGene00048603.,0,9,9
WBGene00048604.,0,0,0
WBGene00048605.,0,6,6
WBGene00048606.,0,0,0
WBGene00048607.,0,0,0
WBGene00048608.,0,0,0
WBGene00048609.,0,3,3
WBGene00048610.,0,0,0
WBGene00048611.,0,0,0
WBGene00048612.,0,1,1
WBGene00048613.,0,0,0
WBGene00048614.,0,0,0
WBGene00048615.,0,0,0
WBGene00048616.,0,0,0
WBGene00048617.,0,0,0
WBGene00048618.,0,0,0
WBGene00048619.,0,0,0
WBGene00048620.,0,0,0
WBGene00048621.,0,0,0
WBGene00048622.,0,0,0
WBGene00048623.,0,0,0
WBGene00048624.,0,0,0
WBGene00048625.,0,0,0
WBGene00048626.,0,1,1
WBGene00048627.,0,0,0
WBGene00048628.,0,0,0
WBGene00048629.,0,0,0
WBGene00048630.,0,0,0
WBGene00048631.,0,0,0
WBGene00048632.,0,0,0
WBGene00048633.,0,0,0
WBGene00048634.,0,3,3
WBGene00048635.,0,0,0
WBGene00048636.,0,0,0
WBGene00048637.,0,0,0
WBGene00048638.,0,0,0
WBGene00048639.,0,0,0
WBGene00048640.,0,0,0
WBGene00048641.,0,0,0
WBGene00048642.,0,0,0
WBGene00048643.,0,0,0
WBGene00048644.,0,0,0
WBGene00048645.,0,0,0
WBGene00048646.,0,0,0
WBGene00048647.,0,1,1
WBGene00048648.,0,0,0
WBGene00048649.,0,0,0
WBGene00048650.,0,0,0
WBGene00048651.,0,1,1
WBGene00048652.,0,0,0
WBGene00048653.,0,0,0
WBGene00048654.,0,0,0
WBGene00048655.,0,0,0
WBGene00048656.,0,0,0
WBGene00048657.,0,0,0
WBGene00048658.,0,0,0
WBGene00048659.,0,0,0
WBGene00048660.,0,0,0
WBGene00048661.,0,0,0
WBGene00048662.,0,0,0
WBGene00048663.,0,0,0
WBGene00048664.,0,0,0
WBGene00048665.,0,0,0
WBGene00048666.,0,0,0
WBGene00048667.,0,0,0
WBGene00048668.,0,0,0
WBGene00048669.,0,2,2
WBGene00048670.,0,0,0
WBGene00048671.,0,0,0
WBGene00048672.,0,0,0
WBGene00048673.,0,0,0
WBGene00048674.,0,0,0
WBGene00048675.,0,0,0
WBGene00048676.,0,3,3
WBGene00048677.,0,0,0
WBGene00048678.,0,0,0
WBGene00048679.,0,2,2
WBGene00048680.,0,0,0
WBGene00048681.,0,0,0
WBGene00048682.,0,0,0
WBGene00048683.,0,0,0
WBGene00048684.,0,0,0
WBGene00048685.,0,0,0
WBGene00048686.,0,1,1
WBGene00048687.,0,0,0
WBGene00048688.,0,0,0
WBGene00048689.,0,3,3
WBGene00048690.,0,1,1
WBGene00048691.,0,0,0
WBGene00048692.,0,0,0
WBGene00048693.,0,0,0
WBGene00048694.,0,2,2
WBGene00048695.,0,0,0
WBGene00048696.,0,0,0
WBGene00048697.,0,0,0
WBGene00048698.,0,0,0
WBGene00048699.,0,1,1
WBGene00048700.,0,0,0
WBGene00048701.,0,0,0
WBGene00048702.,0,1,1
WBGene00048703.,0,0,0
WBGene00048704.,0,0,0
WBGene00048705.,0,0,0
WBGene00048706.,0,0,0
WBGene00048707.,0,0,0
WBGene00048708.,0,0,0
WBGene00048709.,0,1,1
WBGene00048710.,0,0,0
WBGene00048711.,0,0,0
WBGene00048712.,0,0,0
WBGene00048713.,0,0,0
WBGene00048714.,0,0,0
WBGene00048715.,0,0,0
WBGene00048716.,0,0,0
WBGene00048717.,0,0,0
WBGene00048718.,0,0,0
WBGene00048719.,0,4,4
WBGene00048720.,0,2,2
WBGene00048721.,0,0,0
WBGene00048722.,0,1,1
WBGene00048723.,0,0,0
WBGene00048724.,0,0,0
WBGene00048725.,0,2,2
WBGene00048726.,0,0,0
WBGene00048727.,0,13,13
WBGene00048728.,0,0,0
WBGene00048729.,0,0,0
WBGene00048730.,0,2,2
WBGene00048731.,0,0,0
WBGene00048732.,0,1,1
WBGene00048733.,0,0,0
WBGene00048734.,0,0,0
WBGene00048735.,0,0,0
WBGene00048736.,0,2,2
WBGene00048737.,0,0,0
WBGene00048738.,0,0,0
WBGene00048739.,0,1,1
WBGene00048740.,0,1,1
WBGene00048741.,0,0,0
WBGene00048742.,0,0,0
WBGene00048743.,0,0,0
WBGene00048744.,0,0,0
WBGene00048745.,0,0,0
WBGene00048746.,0,0,0
WBGene00048747.,0,0,0
WBGene00048748.,0,0,0
WBGene00048749.,0,1,1
WBGene00048750.,0,0,0
WBGene00048751.,0,0,0
WBGene00048752.,0,0,0
WBGene00048753.,0,0,0
WBGene00048754.,0,0,0
WBGene00048755.,0,0,0
WBGene00048756.,0,1,1
WBGene00048757.,0,0,0
WBGene00048758.,0,0,0
WBGene00048759.,0,0,0
WBGene00048760.,0,0,0
WBGene00048761.,0,0,0
WBGene00048762.,0,0,0
WBGene00048763.,0,0,0
WBGene00048764.,0,0,0
WBGene00048765.,0,0,0
WBGene00048766.,0,0,0
WBGene00048767.,0,1,1
WBGene00048768.,0,0,0
WBGene00048769.,0,0,0
WBGene00048770.,0,0,0
WBGene00048771.,0,1,1
WBGene00048772.,0,0,0
WBGene00048773.,0,0,0
WBGene00048774.,0,0,0
WBGene00048775.,0,0,0
WBGene00048776.,0,0,0
WBGene00048777.,0,0,0
WBGene00048778.,0,0,0
WBGene00048779.,0,0,0
WBGene00048780.,0,0,0
WBGene00048781.,0,0,0
WBGene00048782.,0,0,0
WBGene00048783.,0,1,1
WBGene00048784.,0,0,0
WBGene00048785.,0,0,0
WBGene00048786.,0,0,0
WBGene00048787.,0,0,0
WBGene00048788.,0,0,0
WBGene00048789.,0,0,0
WBGene00048790.,0,0,0
WBGene00048791.,0,0,0
WBGene00048792.,0,1,1
WBGene00048793.,0,0,0
WBGene00048794.,0,0,0
WBGene00048795.,0,0,0
WBGene00048796.,0,0,0
WBGene00048797.,0,0,0
WBGene00048798.,0,0,0
WBGene00048799.,0,0,0
WBGene00048800.,0,0,0
WBGene00048801.,0,0,0
WBGene00048802.,0,0,0
WBGene00048803.,0,0,0
WBGene00048804.,0,0,0
WBGene00048805.,0,0,0
WBGene00048806.,0,0,0
WBGene00048807.,0,0,0
WBGene00048808.,0,0,0
WBGene00048809.,0,0,0
WBGene00048810.,0,0,0
WBGene00048811.,0,0,0
WBGene00048812.,0,0,0
WBGene00048813.,0,0,0
WBGene00048814.,0,0,0
WBGene00048815.,0,0,0
WBGene00048816.,0,0,0
WBGene00048817.,0,0,0
WBGene00048819.,0,0,0
WBGene00048820.,0,14,14
WBGene00048821.,0,0,0
WBGene00048822.,0,1,1
WBGene00048823.,0,4,4
WBGene00048824.,0,0,0
WBGene00048825.,0,1,1
WBGene00048826.,0,0,0
WBGene00048827.,0,1,1
WBGene00048828.,0,0,0
WBGene00048829.,0,0,0
WBGene00048830.,0,0,0
WBGene00048831.,0,0,0
WBGene00048832.,0,0,0
WBGene00048833.,0,0,0
WBGene00048834.,0,0,0
WBGene00048835.,0,0,0
WBGene00048836.,0,0,0
WBGene00048837.,0,0,0
WBGene00048838.,0,1,1
WBGene00048839.,0,0,0
WBGene00048840.,0,0,0
WBGene00048841.,0,0,0
WBGene00048842.,0,0,0
WBGene00048843.,0,0,0
WBGene00048844.,0,0,0
WBGene00048845.,0,0,0
WBGene00048846.,0,0,0
WBGene00048847.,0,0,0
WBGene00048848.,0,0,0
WBGene00048849.,0,0,0
WBGene00048850.,0,0,0
WBGene00048851.,0,0,0
WBGene00048852.,0,1,1
WBGene00048853.,0,0,0
WBGene00048854.,0,0,0
WBGene00048855.,0,0,0
WBGene00048856.,0,0,0
WBGene00048857.,0,0,0
WBGene00048858.,0,0,0
WBGene00048859.,0,0,0
WBGene00048860.,0,0,0
WBGene00048861.,0,1,1
WBGene00048862.,0,0,0
WBGene00048863.,0,0,0
WBGene00048864.,0,0,0
WBGene00048865.,0,0,0
WBGene00048866.,0,0,0
WBGene00048867.,0,0,0
WBGene00048868.,0,0,0
WBGene00048869.,0,0,0
WBGene00048870.,0,2,2
WBGene00048871.,0,0,0
WBGene00048872.,0,0,0
WBGene00048873.,0,0,0
WBGene00048874.,0,1,1
WBGene00048875.,0,0,0
WBGene00048876.,0,0,0
WBGene00048877.,0,0,0
WBGene00048878.,0,0,0
WBGene00048879.,0,0,0
WBGene00048880.,0,0,0
WBGene00048881.,0,0,0
WBGene00048882.,0,0,0
WBGene00048883.,0,0,0
WBGene00048884.,0,0,0
WBGene00048885.,0,5,5
WBGene00048886.,0,0,0
WBGene00048887.,0,2,2
WBGene00048888.,0,0,0
WBGene00048889.,0,1,1
WBGene00048890.,0,0,0
WBGene00048891.,0,0,0
WBGene00048892.,0,0,0
WBGene00048893.,0,0,0
WBGene00048894.,0,0,0
WBGene00048895.,0,0,0
WBGene00048896.,0,0,0
WBGene00048897.,0,3,3
WBGene00048898.,0,0,0
WBGene00048899.,0,0,0
WBGene00048900.,0,0,0
WBGene00048901.,0,0,0
WBGene00048902.,0,0,0
WBGene00048903.,0,0,0
WBGene00048904.,0,1,1
WBGene00048905.,0,0,0
WBGene00048906.,0,0,0
WBGene00048907.,0,0,0
WBGene00048908.,0,0,0
WBGene00048909.,0,0,0
WBGene00048910.,0,0,0
WBGene00048911.,0,2,2
WBGene00048912.,0,0,0
WBGene00048913.,0,0,0
WBGene00048914.,0,0,0
WBGene00048915.,0,0,0
WBGene00048916.,0,0,0
WBGene00048917.,0,0,0
WBGene00048918.,0,1,1
WBGene00048919.,0,0,0
WBGene00048920.,0,0,0
WBGene00048921.,0,0,0
WBGene00048922.,0,0,0
WBGene00048923.,0,0,0
WBGene00048924.,0,6,6
WBGene00048925.,0,0,0
WBGene00048926.,0,0,0
WBGene00048927.,0,0,0
WBGene00048928.,0,0,0
WBGene00048929.,0,0,0
WBGene00048930.,0,0,0
WBGene00048931.,0,0,0
WBGene00048932.,0,0,0
WBGene00048933.,0,0,0
WBGene00048934.,0,0,0
WBGene00048935.,0,0,0
WBGene00048936.,0,0,0
WBGene00048937.,0,1,1
WBGene00048938.,0,6,6
WBGene00048939.,0,0,0
WBGene00048940.,0,0,0
WBGene00048941.,0,0,0
WBGene00048942.,0,0,0
WBGene00048943.,0,0,0
WBGene00048944.,0,1,1
WBGene00048945.,0,1,1
WBGene00048946.,0,0,0
WBGene00048947.,0,0,0
WBGene00048948.,0,0,0
WBGene00048949.,0,0,0
WBGene00048950.,0,0,0
WBGene00048951.,0,0,0
WBGene00048952.,0,0,0
WBGene00048953.,0,0,0
WBGene00048954.,0,1,1
WBGene00048955.,0,1,1
WBGene00048956.,0,0,0
WBGene00048957.,0,0,0
WBGene00048958.,0,0,0
WBGene00048959.,0,0,0
WBGene00048960.,0,0,0
WBGene00048961.,0,0,0
WBGene00048962.,0,0,0
WBGene00048963.,0,0,0
WBGene00048964.,0,0,0
WBGene00048965.,0,0,0
WBGene00048966.,0,0,0
WBGene00048967.,0,0,0
WBGene00048968.,0,0,0
WBGene00048969.,0,0,0
WBGene00048970.,0,1,1
WBGene00048971.,0,1,1
WBGene00048972.,0,0,0
WBGene00048973.,0,0,0
WBGene00048974.,0,0,0
WBGene00048975.,0,0,0
WBGene00048976.,0,2,2
WBGene00048977.,0,0,0
WBGene00048978.,0,0,0
WBGene00048979.,0,0,0
WBGene00048980.,0,0,0
WBGene00048981.,0,0,0
WBGene00048982.,0,0,0
WBGene00048983.,0,0,0
WBGene00048984.,0,0,0
WBGene00048985.,0,0,0
WBGene00048986.,0,0,0
WBGene00048987.,0,0,0
WBGene00048988.,0,0,0
WBGene00048989.,0,0,0
WBGene00048990.,0,0,0
WBGene00048991.,0,0,0
WBGene00048992.,0,0,0
WBGene00048993.,0,0,0
WBGene00048994.,0,0,0
WBGene00048995.,0,2,2
WBGene00048996.,0,0,0
WBGene00048997.,0,0,0
WBGene00048998.,0,0,0
WBGene00048999.,0,1,1
WBGene00049000.,0,1,1
WBGene00049001.,0,0,0
WBGene00049002.,0,0,0
WBGene00049003.,0,0,0
WBGene00049004.,0,6,6
WBGene00049005.,0,0,0
WBGene00049006.,0,0,0
WBGene00049007.,0,0,0
WBGene00049008.,0,0,0
WBGene00049009.,0,0,0
WBGene00049010.,0,0,0
WBGene00049011.,0,2,2
WBGene00049012.,0,0,0
WBGene00049013.,0,0,0
WBGene00049014.,0,0,0
WBGene00049015.,0,1,1
WBGene00049016.,0,0,0
WBGene00049017.,0,0,0
WBGene00049018.,0,0,0
WBGene00049019.,0,0,0
WBGene00049020.,0,0,0
WBGene00049021.,0,0,0
WBGene00049022.,0,0,0
WBGene00049023.,0,0,0
WBGene00049024.,0,0,0
WBGene00049025.,0,0,0
WBGene00049026.,0,0,0
WBGene00049027.,0,0,0
WBGene00049028.,0,0,0
WBGene00049029.,0,0,0
WBGene00049030.,0,0,0
WBGene00049031.,0,0,0
WBGene00049032.,0,0,0
WBGene00049033.,0,0,0
WBGene00049034.,0,0,0
WBGene00049035.,0,0,0
WBGene00049036.,0,0,0
WBGene00049037.,0,0,0
WBGene00049038.,0,0,0
WBGene00049039.,0,0,0
WBGene00049040.,0,1,1
WBGene00049041.,0,0,0
WBGene00049042.,0,0,0
WBGene00049043.,0,0,0
WBGene00049044.,0,0,0
WBGene00049045.,0,0,0
WBGene00049046.,0,2,2
WBGene00049047.,0,2,2
WBGene00049048.,0,0,0
WBGene00049049.,0,1,1
WBGene00049050.,0,0,0
WBGene00049051.,0,0,0
WBGene00049052.,0,0,0
WBGene00049053.,0,0,0
WBGene00049054.,0,0,0
WBGene00049055.,0,1,1
WBGene00049056.,0,0,0
WBGene00049057.,0,1,1
WBGene00049058.,0,0,0
WBGene00049059.,0,0,0
WBGene00049060.,0,0,0
WBGene00049061.,0,0,0
WBGene00049062.,0,0,0
WBGene00049063.,0,1,1
WBGene00049064.,0,0,0
WBGene00049065.,0,0,0
WBGene00049066.,0,0,0
WBGene00049067.,0,0,0
WBGene00049068.,0,0,0
WBGene00049069.,0,0,0
WBGene00049070.,0,0,0
WBGene00049071.,0,0,0
WBGene00049072.,0,0,0
WBGene00049073.,0,0,0
WBGene00049074.,0,0,0
WBGene00049075.,0,0,0
WBGene00049076.,0,0,0
WBGene00049077.,0,0,0
WBGene00049078.,0,0,0
WBGene00049079.,0,1,1
WBGene00049080.,0,0,0
WBGene00049081.,0,2,2
WBGene00049082.,0,0,0
WBGene00049083.,0,0,0
WBGene00049084.,0,0,0
WBGene00049085.,0,1,1
WBGene00049086.,0,7,7
WBGene00049087.,0,0,0
WBGene00049088.,0,1,1
WBGene00049089.,0,0,0
WBGene00049090.,0,1,1
WBGene00049091.,0,0,0
WBGene00049092.,0,1,1
WBGene00049093.,0,0,0
WBGene00049094.,0,0,0
WBGene00049095.,0,0,0
WBGene00049096.,0,0,0
WBGene00049097.,0,0,0
WBGene00049098.,0,0,0
WBGene00049099.,0,0,0
WBGene00049100.,0,0,0
WBGene00049101.,0,0,0
WBGene00049102.,0,0,0
WBGene00049103.,0,0,0
WBGene00049104.,0,1,1
WBGene00049105.,0,0,0
WBGene00049106.,0,0,0
WBGene00049107.,0,0,0
WBGene00049108.,0,0,0
WBGene00049109.,0,0,0
WBGene00049110.,0,1,1
WBGene00049111.,0,0,0
WBGene00049112.,0,0,0
WBGene00049113.,0,2,2
WBGene00049114.,0,0,0
WBGene00049115.,0,0,0
WBGene00049116.,0,0,0
WBGene00049117.,0,0,0
WBGene00049118.,0,1,1
WBGene00049119.,0,1,1
WBGene00049120.,0,0,0
WBGene00049121.,0,0,0
WBGene00049122.,0,0,0
WBGene00049123.,0,0,0
WBGene00049124.,0,0,0
WBGene00049125.,0,0,0
WBGene00049126.,0,0,0
WBGene00049127.,0,0,0
WBGene00049128.,0,0,0
WBGene00049129.,0,0,0
WBGene00049130.,0,0,0
WBGene00049131.,0,0,0
WBGene00049132.,0,3,3
WBGene00049133.,0,4,4
WBGene00049134.,0,0,0
WBGene00049135.,0,3,3
WBGene00049136.,0,1,1
WBGene00049137.,0,0,0
WBGene00049138.,0,0,0
WBGene00049139.,0,0,0
WBGene00049140.,0,0,0
WBGene00049141.,0,0,0
WBGene00049142.,0,0,0
WBGene00049143.,0,0,0
WBGene00049144.,0,0,0
WBGene00049145.,0,0,0
WBGene00049146.,0,0,0
WBGene00049147.,0,0,0
WBGene00049148.,0,0,0
WBGene00049149.,0,0,0
WBGene00049150.,0,0,0
WBGene00049151.,0,1,1
WBGene00049152.,0,1,1
WBGene00049153.,0,0,0
WBGene00049154.,0,0,0
WBGene00049155.,0,0,0
WBGene00049156.,0,0,0
WBGene00049157.,0,0,0
WBGene00049158.,0,0,0
WBGene00049159.,0,0,0
WBGene00049160.,0,0,0
WBGene00049161.,0,0,0
WBGene00049162.,0,0,0
WBGene00049163.,0,0,0
WBGene00049164.,0,0,0
WBGene00049165.,0,5,5
WBGene00049166.,0,1,1
WBGene00049167.,0,0,0
WBGene00049168.,0,2,2
WBGene00049169.,0,0,0
WBGene00049170.,0,0,0
WBGene00049171.,0,0,0
WBGene00049172.,0,0,0
WBGene00049173.,0,0,0
WBGene00049174.,0,1,1
WBGene00049175.,0,0,0
WBGene00049176.,0,0,0
WBGene00049177.,0,0,0
WBGene00049178.,0,0,0
WBGene00049179.,0,0,0
WBGene00049180.,0,0,0
WBGene00049181.,0,0,0
WBGene00049182.,0,0,0
WBGene00049183.,0,0,0
WBGene00049184.,0,0,0
WBGene00049185.,0,0,0
WBGene00049186.,0,3,3
WBGene00049187.,0,0,0
WBGene00049188.,0,0,0
WBGene00049189.,0,1,1
WBGene00049190.,0,4,4
WBGene00049191.,0,1,1
WBGene00049192.,0,0,0
WBGene00049193.,0,0,0
WBGene00049194.,0,1,1
WBGene00049195.,0,0,0
WBGene00049196.,0,0,0
WBGene00049197.,0,0,0
WBGene00049198.,0,0,0
WBGene00049199.,0,0,0
WBGene00049200.,0,3,3
WBGene00049201.,0,0,0
WBGene00049202.,0,14,14
WBGene00049203.,0,0,0
WBGene00049204.,0,0,0
WBGene00049205.,0,0,0
WBGene00049206.,0,0,0
WBGene00049207.,0,0,0
WBGene00049208.,0,0,0
WBGene00049209.,0,2,2
WBGene00049210.,0,0,0
WBGene00049211.,0,0,0
WBGene00049212.,0,0,0
WBGene00049213.,0,1,1
WBGene00049214.,0,2,2
WBGene00049215.,0,0,0
WBGene00049216.,0,0,0
WBGene00049217.,0,0,0
WBGene00049218.,0,0,0
WBGene00049219.,0,3,3
WBGene00049220.,0,0,0
WBGene00049221.,0,0,0
WBGene00049222.,0,0,0
WBGene00049223.,0,0,0
WBGene00049224.,0,0,0
WBGene00049225.,0,0,0
WBGene00049226.,0,0,0
WBGene00049227.,0,0,0
WBGene00049228.,0,0,0
WBGene00049229.,0,0,0
WBGene00049230.,0,0,0
WBGene00049231.,0,0,0
WBGene00049232.,0,0,0
WBGene00049233.,0,0,0
WBGene00049234.,0,0,0
WBGene00049235.,0,0,0
WBGene00049236.,0,0,0
WBGene00049237.,0,0,0
WBGene00049238.,0,0,0
WBGene00049239.,0,0,0
WBGene00049240.,0,0,0
WBGene00049241.,0,0,0
WBGene00049242.,0,0,0
WBGene00049243.,0,0,0
WBGene00049244.,0,0,0
WBGene00049245.,0,0,0
WBGene00049246.,0,0,0
WBGene00049247.,0,0,0
WBGene00049248.,0,0,0
WBGene00049249.,0,0,0
WBGene00049250.,0,0,0
WBGene00049251.,0,0,0
WBGene00049252.,0,0,0
WBGene00049253.,0,0,0
WBGene00049254.,0,0,0
WBGene00049255.,0,0,0
WBGene00049256.,0,0,0
WBGene00049257.,0,0,0
WBGene00049258.,0,0,0
WBGene00049259.,0,0,0
WBGene00049260.,0,2,2
WBGene00049261.,0,5,5
WBGene00049262.,0,1,1
WBGene00049263.,0,0,0
WBGene00049264.,0,0,0
WBGene00049265.,0,0,0
WBGene00049266.,0,0,0
WBGene00049267.,0,0,0
WBGene00049268.,0,0,0
WBGene00049269.,0,0,0
WBGene00049270.,0,4,4
WBGene00049271.,0,1,1
WBGene00049272.,0,0,0
WBGene00049273.,0,0,0
WBGene00049274.,0,4,4
WBGene00049275.,0,0,0
WBGene00049276.,0,0,0
WBGene00049277.,0,0,0
WBGene00049278.,0,0,0
WBGene00049279.,0,0,0
WBGene00049280.,0,1,1
WBGene00049281.,0,0,0
WBGene00049282.,0,0,0
WBGene00049283.,0,0,0
WBGene00049284.,0,0,0
WBGene00049285.,0,0,0
WBGene00049286.,0,0,0
WBGene00049287.,0,0,0
WBGene00049288.,0,0,0
WBGene00049289.,0,0,0
WBGene00049290.,0,0,0
WBGene00049291.,0,0,0
WBGene00049292.,0,0,0
WBGene00049293.,0,5,5
WBGene00049294.,0,0,0
WBGene00049295.,0,7,7
WBGene00049296.,0,0,0
WBGene00049297.,0,0,0
WBGene00049298.,0,0,0
WBGene00049299.,0,0,0
WBGene00049300.,0,2,2
WBGene00049301.,0,2,2
WBGene00049302.,0,0,0
WBGene00049303.,0,0,0
WBGene00049304.,0,0,0
WBGene00049305.,0,1,1
WBGene00049306.,0,0,0
WBGene00049307.,0,0,0
WBGene00049308.,0,0,0
WBGene00049309.,0,2,2
WBGene00049310.,0,0,0
WBGene00049311.,0,0,0
WBGene00049312.,0,0,0
WBGene00049313.,0,0,0
WBGene00049314.,0,0,0
WBGene00049315.,0,0,0
WBGene00049316.,0,0,0
WBGene00049317.,0,0,0
WBGene00049318.,0,0,0
WBGene00049319.,0,3,3
WBGene00049320.,0,1,1
WBGene00049321.,0,0,0
WBGene00049322.,0,0,0
WBGene00049323.,0,0,0
WBGene00049324.,0,0,0
WBGene00049325.,0,0,0
WBGene00049326.,0,0,0
WBGene00049327.,0,0,0
WBGene00049328.,0,0,0
WBGene00049329.,0,0,0
WBGene00049330.,0,0,0
WBGene00049331.,0,0,0
WBGene00049332.,0,1,1
WBGene00049333.,0,0,0
WBGene00049334.,0,0,0
WBGene00049335.,0,0,0
WBGene00049336.,0,0,0
WBGene00049337.,0,0,0
WBGene00049338.,0,0,0
WBGene00049339.,0,1,1
WBGene00049340.,0,8,8
WBGene00049341.,0,0,0
WBGene00049342.,0,0,0
WBGene00049343.,0,0,0
WBGene00049344.,0,0,0
WBGene00049345.,0,0,0
WBGene00049346.,0,2,2
WBGene00049347.,0,0,0
WBGene00049348.,0,0,0
WBGene00049349.,0,0,0
WBGene00049350.,0,0,0
WBGene00049351.,0,0,0
WBGene00049352.,0,0,0
WBGene00049353.,0,0,0
WBGene00049354.,0,0,0
WBGene00049355.,0,0,0
WBGene00049356.,0,0,0
WBGene00049357.,0,0,0
WBGene00049358.,0,0,0
WBGene00049359.,0,0,0
WBGene00049360.,0,0,0
WBGene00049361.,0,0,0
WBGene00049362.,0,0,0
WBGene00049363.,0,0,0
WBGene00049364.,0,0,0
WBGene00049365.,0,0,0
WBGene00049366.,0,1,1
WBGene00049367.,0,2,2
WBGene00049368.,0,0,0
WBGene00049369.,0,0,0
WBGene00049370.,0,2,2
WBGene00049371.,0,0,0
WBGene00049372.,0,0,0
WBGene00049373.,0,0,0
WBGene00049374.,0,0,0
WBGene00049375.,0,0,0
WBGene00049376.,0,1,1
WBGene00049377.,0,0,0
WBGene00049378.,0,0,0
WBGene00049379.,0,0,0
WBGene00049380.,0,0,0
WBGene00049381.,0,0,0
WBGene00049382.,0,0,0
WBGene00049383.,0,0,0
WBGene00049384.,0,0,0
WBGene00049385.,0,1,1
WBGene00049386.,0,0,0
WBGene00049387.,0,1,1
WBGene00049388.,0,0,0
WBGene00049389.,0,0,0
WBGene00049390.,0,0,0
WBGene00049391.,0,1,1
WBGene00049392.,0,0,0
WBGene00049393.,0,0,0
WBGene00049394.,0,0,0
WBGene00049395.,0,2,2
WBGene00049396.,0,0,0
WBGene00049397.,0,0,0
WBGene00049398.,0,2,2
WBGene00049399.,0,0,0
WBGene00049400.,0,58,58
WBGene00049401.,0,0,0
WBGene00049402.,0,2,2
WBGene00049403.,0,0,0
WBGene00049404.,0,0,0
WBGene00049405.,0,5,5
WBGene00049406.,0,0,0
WBGene00049407.,0,0,0
WBGene00049408.,0,0,0
WBGene00049409.,0,0,0
WBGene00049410.,0,0,0
WBGene00049411.,0,2,2
WBGene00049412.,0,0,0
WBGene00049413.,0,0,0
WBGene00049414.,0,0,0
WBGene00049415.,0,0,0
WBGene00049416.,0,0,0
WBGene00049417.,0,0,0
WBGene00049418.,0,0,0
WBGene00049419.,0,0,0
WBGene00049420.,0,0,0
WBGene00049421.,0,0,0
WBGene00049422.,0,0,0
WBGene00049423.,0,1,1
WBGene00049424.,0,0,0
WBGene00049425.,0,0,0
WBGene00049426.,0,0,0
WBGene00049427.,0,1,1
WBGene00049428.,0,2,2
WBGene00049429.,0,0,0
WBGene00049430.,0,0,0
WBGene00049431.,0,0,0
WBGene00049432.,0,0,0
WBGene00049433.,0,0,0
WBGene00049434.,0,2,2
WBGene00049435.,0,1,1
WBGene00049436.,0,0,0
WBGene00049437.,0,0,0
WBGene00049438.,0,0,0
WBGene00049439.,0,0,0
WBGene00049440.,0,0,0
WBGene00049441.,0,0,0
WBGene00049443.,0,0,0
WBGene00049444.,0,0,0
WBGene00049445.,0,0,0
WBGene00049446.,0,1,1
WBGene00049447.,0,1,1
WBGene00049448.,0,0,0
WBGene00049449.,0,0,0
WBGene00049450.,0,0,0
WBGene00049451.,0,0,0
WBGene00049452.,0,0,0
WBGene00049453.,0,0,0
WBGene00049454.,0,0,0
WBGene00049455.,0,0,0
WBGene00049456.,0,0,0
WBGene00049457.,0,0,0
WBGene00049458.,0,0,0
WBGene00049459.,0,0,0
WBGene00049460.,0,0,0
WBGene00049461.,0,6,6
WBGene00049462.,0,0,0
WBGene00049463.,0,2,2
WBGene00049464.,0,0,0
WBGene00049465.,0,0,0
WBGene00049466.,0,0,0
WBGene00049467.,0,0,0
WBGene00049468.,0,0,0
WBGene00049469.,0,0,0
WBGene00049470.,0,15,15
WBGene00049471.,0,0,0
WBGene00049472.,0,0,0
WBGene00049473.,0,0,0
WBGene00049474.,0,0,0
WBGene00049475.,0,0,0
WBGene00049476.,0,0,0
WBGene00049477.,0,0,0
WBGene00049478.,0,0,0
WBGene00049479.,0,1,1
WBGene00049480.,0,0,0
WBGene00049481.,0,0,0
WBGene00049482.,0,0,0
WBGene00049483.,0,0,0
WBGene00049484.,0,0,0
WBGene00049485.,0,0,0
WBGene00049486.,0,0,0
WBGene00049487.,0,0,0
WBGene00049488.,0,0,0
WBGene00049489.,0,0,0
WBGene00049490.,0,0,0
WBGene00049491.,0,0,0
WBGene00049492.,0,1,1
WBGene00049493.,0,0,0
WBGene00049494.,0,0,0
WBGene00049495.,0,0,0
WBGene00049496.,0,0,0
WBGene00049497.,0,0,0
WBGene00049498.,0,0,0
WBGene00049499.,0,0,0
WBGene00049500.,0,0,0
WBGene00049501.,0,0,0
WBGene00049502.,0,0,0
WBGene00049503.,0,0,0
WBGene00049504.,0,0,0
WBGene00049505.,0,0,0
WBGene00049506.,0,0,0
WBGene00049507.,0,0,0
WBGene00049508.,0,2,2
WBGene00049509.,0,0,0
WBGene00049510.,0,0,0
WBGene00049511.,0,0,0
WBGene00049512.,0,1,1
WBGene00049513.,0,0,0
WBGene00049514.,0,0,0
WBGene00049515.,0,0,0
WBGene00049516.,0,0,0
WBGene00049517.,0,0,0
WBGene00049518.,0,0,0
WBGene00049519.,0,0,0
WBGene00049520.,0,0,0
WBGene00049521.,0,1,1
WBGene00049522.,0,0,0
WBGene00049523.,0,0,0
WBGene00049524.,0,0,0
WBGene00049525.,0,0,0
WBGene00049526.,0,0,0
WBGene00049527.,0,0,0
WBGene00049528.,0,0,0
WBGene00049529.,0,0,0
WBGene00049530.,0,0,0
WBGene00049531.,0,0,0
WBGene00049532.,0,0,0
WBGene00049533.,0,0,0
WBGene00049534.,0,0,0
WBGene00049535.,0,0,0
WBGene00049536.,0,1,1
WBGene00049537.,0,0,0
WBGene00049538.,0,4,4
WBGene00049539.,0,2,2
WBGene00049540.,0,0,0
WBGene00049541.,0,0,0
WBGene00049542.,0,0,0
WBGene00049543.,0,0,0
WBGene00049544.,0,1,1
WBGene00049545.,0,0,0
WBGene00049546.,0,0,0
WBGene00049547.,0,0,0
WBGene00049548.,0,0,0
WBGene00049549.,0,0,0
WBGene00049550.,0,0,0
WBGene00049551.,0,0,0
WBGene00049552.,0,0,0
WBGene00049553.,0,1,1
WBGene00049554.,0,0,0
WBGene00049555.,0,0,0
WBGene00049556.,0,0,0
WBGene00049557.,0,3,3
WBGene00049558.,0,0,0
WBGene00049559.,0,0,0
WBGene00049560.,0,0,0
WBGene00049561.,0,0,0
WBGene00049562.,0,2,2
WBGene00049563.,0,0,0
WBGene00049564.,0,0,0
WBGene00049565.,0,0,0
WBGene00049566.,0,0,0
WBGene00049567.,0,0,0
WBGene00049568.,0,0,0
WBGene00049569.,0,0,0
WBGene00049570.,0,3,3
WBGene00049571.,0,0,0
WBGene00049572.,0,0,0
WBGene00049573.,0,0,0
WBGene00049574.,0,0,0
WBGene00049575.,0,0,0
WBGene00049576.,0,0,0
WBGene00049577.,0,0,0
WBGene00049578.,0,0,0
WBGene00049579.,0,0,0
WBGene00049580.,0,0,0
WBGene00049581.,0,0,0
WBGene00049582.,0,0,0
WBGene00049583.,0,0,0
WBGene00049584.,0,0,0
WBGene00049585.,0,0,0
WBGene00049586.,0,1,1
WBGene00049587.,0,0,0
WBGene00049588.,0,2,2
WBGene00049589.,0,0,0
WBGene00049590.,0,0,0
WBGene00049591.,0,0,0
WBGene00049592.,0,0,0
WBGene00049593.,0,0,0
WBGene00049594.,0,0,0
WBGene00049595.,0,0,0
WBGene00049596.,0,0,0
WBGene00049597.,0,0,0
WBGene00049598.,0,0,0
WBGene00049599.,0,1,1
WBGene00049600.,0,0,0
WBGene00049601.,0,3,3
WBGene00049602.,0,0,0
WBGene00049603.,0,0,0
WBGene00049604.,0,10,10
WBGene00049605.,0,0,0
WBGene00049606.,0,4,4
WBGene00049607.,0,1,1
WBGene00049608.,0,0,0
WBGene00049609.,0,0,0
WBGene00049610.,0,0,0
WBGene00049611.,0,0,0
WBGene00049612.,0,0,0
WBGene00049613.,0,0,0
WBGene00049614.,0,0,0
WBGene00049615.,0,5,5
WBGene00049616.,0,3,3
WBGene00049617.,0,0,0
WBGene00049618.,0,1,1
WBGene00049619.,0,0,0
WBGene00049620.,0,0,0
WBGene00049621.,0,0,0
WBGene00049622.,0,0,0
WBGene00049623.,0,0,0
WBGene00049624.,0,1,1
WBGene00049625.,0,0,0
WBGene00049626.,0,0,0
WBGene00049627.,0,0,0
WBGene00049628.,0,0,0
WBGene00049629.,0,0,0
WBGene00049630.,0,0,0
WBGene00049631.,0,0,0
WBGene00049632.,0,0,0
WBGene00049633.,0,0,0
WBGene00049634.,0,0,0
WBGene00049635.,0,0,0
WBGene00049636.,0,0,0
WBGene00049637.,0,0,0
WBGene00049638.,0,0,0
WBGene00049639.,0,0,0
WBGene00049640.,0,0,0
WBGene00049641.,0,0,0
WBGene00049642.,0,1,1
WBGene00049643.,0,0,0
WBGene00049644.,0,1,1
WBGene00049645.,0,0,0
WBGene00049646.,0,0,0
WBGene00049647.,0,0,0
WBGene00049648.,0,0,0
WBGene00049649.,0,0,0
WBGene00049650.,0,0,0
WBGene00049651.,0,0,0
WBGene00049652.,0,0,0
WBGene00049653.,0,2,2
WBGene00049654.,0,0,0
WBGene00049655.,0,2,2
WBGene00049656.,0,0,0
WBGene00049657.,0,0,0
WBGene00049658.,0,0,0
WBGene00049659.,0,0,0
WBGene00049660.,0,1,1
WBGene00049661.,0,1,1
WBGene00049662.,0,0,0
WBGene00049663.,0,0,0
WBGene00049664.,0,0,0
WBGene00049665.,0,0,0
WBGene00049666.,0,0,0
WBGene00049667.,0,15,15
WBGene00049668.,0,0,0
WBGene00049669.,0,0,0
WBGene00049670.,0,0,0
WBGene00049671.,0,0,0
WBGene00049672.,0,0,0
WBGene00049673.,0,0,0
WBGene00049674.,0,0,0
WBGene00049675.,0,0,0
WBGene00049676.,0,0,0
WBGene00049677.,0,1,1
WBGene00049678.,0,1,1
WBGene00049679.,0,1,1
WBGene00049680.,0,36,36
WBGene00049681.,0,0,0
WBGene00049682.,0,0,0
WBGene00049683.,0,0,0
WBGene00049684.,0,0,0
WBGene00049685.,0,1,1
WBGene00049686.,0,0,0
WBGene00049687.,0,0,0
WBGene00049688.,0,0,0
WBGene00049689.,0,0,0
WBGene00049690.,0,0,0
WBGene00049691.,0,0,0
WBGene00049692.,0,0,0
WBGene00049693.,0,1,1
WBGene00049694.,0,1,1
WBGene00049695.,0,0,0
WBGene00049696.,0,0,0
WBGene00049697.,0,0,0
WBGene00049698.,0,0,0
WBGene00049699.,0,1,1
WBGene00049700.,0,1,1
WBGene00049701.,0,0,0
WBGene00049702.,0,0,0
WBGene00049703.,0,2,2
WBGene00049704.,0,4,4
WBGene00049705.,0,0,0
WBGene00049706.,0,0,0
WBGene00049707.,0,0,0
WBGene00049708.,0,0,0
WBGene00049709.,0,0,0
WBGene00049710.,0,2,2
WBGene00049711.,0,0,0
WBGene00049712.,0,0,0
WBGene00049713.,0,0,0
WBGene00049714.,0,1,1
WBGene00049715.,0,0,0
WBGene00049716.,0,0,0
WBGene00049717.,0,0,0
WBGene00049718.,0,0,0
WBGene00049719.,0,0,0
WBGene00049720.,0,0,0
WBGene00049721.,0,0,0
WBGene00049722.,0,0,0
WBGene00049723.,0,0,0
WBGene00049724.,0,0,0
WBGene00049725.,0,0,0
WBGene00049726.,0,0,0
WBGene00049727.,0,1,1
WBGene00049728.,0,0,0
WBGene00049729.,0,1,1
WBGene00049730.,0,0,0
WBGene00049731.,0,0,0
WBGene00049732.,0,5,5
WBGene00049733.,0,0,0
WBGene00049734.,0,0,0
WBGene00049735.,0,0,0
WBGene00049736.,0,0,0
WBGene00049737.,0,5,5
WBGene00049738.,0,0,0
WBGene00049739.,0,0,0
WBGene00049740.,0,1,1
WBGene00049741.,0,0,0
WBGene00049742.,0,0,0
WBGene00049743.,0,0,0
WBGene00049744.,0,0,0
WBGene00049745.,0,0,0
WBGene00049746.,0,1,1
WBGene00049747.,0,0,0
WBGene00049748.,0,0,0
WBGene00049749.,0,0,0
WBGene00049750.,0,0,0
WBGene00049751.,0,0,0
WBGene00049752.,0,0,0
WBGene00049753.,0,0,0
WBGene00049754.,0,0,0
WBGene00049755.,0,0,0
WBGene00049756.,0,0,0
WBGene00049757.,0,0,0
WBGene00049758.,0,0,0
WBGene00049759.,0,0,0
WBGene00049760.,0,0,0
WBGene00049761.,0,0,0
WBGene00049762.,0,0,0
WBGene00049763.,0,0,0
WBGene00049764.,0,0,0
WBGene00049765.,0,0,0
WBGene00049766.,0,0,0
WBGene00049767.,0,0,0
WBGene00049768.,0,0,0
WBGene00049769.,0,0,0
WBGene00049770.,0,0,0
WBGene00049771.,0,0,0
WBGene00049772.,0,0,0
WBGene00049773.,0,0,0
WBGene00049774.,0,0,0
WBGene00049775.,0,0,0
WBGene00049776.,0,2,2
WBGene00049777.,0,0,0
WBGene00049778.,0,0,0
WBGene00049779.,0,0,0
WBGene00049780.,0,0,0
WBGene00049781.,0,0,0
WBGene00049782.,0,0,0
WBGene00049783.,0,0,0
WBGene00049784.,0,2,2
WBGene00049785.,0,0,0
WBGene00049786.,0,0,0
WBGene00049787.,0,0,0
WBGene00049788.,0,1,1
WBGene00049789.,0,1,1
WBGene00049790.,0,1,1
WBGene00049791.,0,0,0
WBGene00049792.,0,0,0
WBGene00049793.,0,3,3
WBGene00049794.,0,0,0
WBGene00049795.,0,0,0
WBGene00049796.,0,0,0
WBGene00049797.,0,0,0
WBGene00049798.,0,0,0
WBGene00049799.,0,0,0
WBGene00049800.,0,0,0
WBGene00049801.,0,0,0
WBGene00049802.,0,0,0
WBGene00049803.,0,0,0
WBGene00049804.,0,0,0
WBGene00049805.,0,0,0
WBGene00049806.,0,1,1
WBGene00049807.,0,1,1
WBGene00049808.,0,0,0
WBGene00049809.,0,0,0
WBGene00049810.,0,0,0
WBGene00049811.,0,0,0
WBGene00049812.,0,0,0
WBGene00049813.,0,0,0
WBGene00049814.,0,1,1
WBGene00049815.,0,0,0
WBGene00049816.,0,0,0
WBGene00049817.,0,0,0
WBGene00049818.,0,0,0
WBGene00049819.,0,0,0
WBGene00049820.,0,0,0
WBGene00049821.,0,0,0
WBGene00049822.,0,6,6
WBGene00049823.,0,1,1
WBGene00049824.,0,0,0
WBGene00049825.,0,0,0
WBGene00049826.,0,0,0
WBGene00049827.,0,1,1
WBGene00049828.,0,0,0
WBGene00049829.,0,0,0
WBGene00049830.,0,0,0
WBGene00049831.,0,0,0
WBGene00049832.,0,0,0
WBGene00049833.,0,0,0
WBGene00049834.,0,0,0
WBGene00049835.,0,0,0
WBGene00049836.,0,0,0
WBGene00049837.,0,0,0
WBGene00049838.,0,0,0
WBGene00049839.,0,0,0
WBGene00049840.,0,0,0
WBGene00049841.,0,0,0
WBGene00049842.,0,0,0
WBGene00049843.,0,0,0
WBGene00049844.,0,0,0
WBGene00049845.,0,0,0
WBGene00049846.,0,2,2
WBGene00049847.,0,0,0
WBGene00049848.,0,0,0
WBGene00049849.,0,1,1
WBGene00049850.,0,3,3
WBGene00049851.,0,0,0
WBGene00049852.,0,0,0
WBGene00049853.,0,0,0
WBGene00049854.,0,0,0
WBGene00049855.,0,0,0
WBGene00049856.,0,0,0
WBGene00049857.,0,0,0
WBGene00049858.,0,2,2
WBGene00049859.,0,0,0
WBGene00049860.,0,0,0
WBGene00049861.,0,1,1
WBGene00049862.,0,0,0
WBGene00049863.,0,0,0
WBGene00049864.,0,0,0
WBGene00049865.,0,0,0
WBGene00049866.,0,0,0
WBGene00049867.,0,1,1
WBGene00049868.,0,0,0
WBGene00049869.,0,0,0
WBGene00049870.,0,0,0
WBGene00049871.,0,0,0
WBGene00049872.,0,0,0
WBGene00049873.,0,0,0
WBGene00049874.,0,0,0
WBGene00049875.,0,2,2
WBGene00049876.,0,0,0
WBGene00049877.,0,0,0
WBGene00049878.,0,0,0
WBGene00049879.,0,0,0
WBGene00049880.,0,0,0
WBGene00049881.,0,0,0
WBGene00049882.,0,0,0
WBGene00049883.,0,0,0
WBGene00049884.,0,0,0
WBGene00049885.,0,0,0
WBGene00049886.,0,3,3
WBGene00049887.,0,0,0
WBGene00049888.,0,0,0
WBGene00049889.,0,0,0
WBGene00049890.,0,0,0
WBGene00049891.,0,2,2
WBGene00049892.,0,0,0
WBGene00049893.,0,0,0
WBGene00049894.,0,0,0
WBGene00049895.,0,1,1
WBGene00049896.,0,0,0
WBGene00049897.,0,0,0
WBGene00049898.,0,1,1
WBGene00049899.,0,0,0
WBGene00049900.,0,0,0
WBGene00049901.,0,1,1
WBGene00049902.,0,0,0
WBGene00049903.,0,0,0
WBGene00049904.,0,0,0
WBGene00049905.,0,0,0
WBGene00049906.,0,0,0
WBGene00049907.,0,0,0
WBGene00049908.,0,0,0
WBGene00049909.,0,0,0
WBGene00049910.,0,0,0
WBGene00049911.,0,0,0
WBGene00049912.,0,0,0
WBGene00049913.,0,0,0
WBGene00049914.,0,0,0
WBGene00049915.,0,0,0
WBGene00049916.,0,0,0
WBGene00049917.,0,0,0
WBGene00049918.,0,0,0
WBGene00049919.,0,1,1
WBGene00049920.,0,4,4
WBGene00049921.,0,0,0
WBGene00049922.,0,0,0
WBGene00049923.,0,0,0
WBGene00049924.,0,0,0
WBGene00049925.,0,0,0
WBGene00049926.,0,1,1
WBGene00049927.,0,0,0
WBGene00049928.,0,0,0
WBGene00049929.,0,2,2
WBGene00049930.,0,0,0
WBGene00049931.,0,0,0
WBGene00049932.,0,0,0
WBGene00049933.,0,12,12
WBGene00049934.,0,1,1
WBGene00049935.,0,0,0
WBGene00049936.,0,0,0
WBGene00049937.,0,0,0
WBGene00049938.,0,0,0
WBGene00049939.,0,2,2
WBGene00049940.,0,0,0
WBGene00049941.,0,0,0
WBGene00049942.,0,1,1
WBGene00049943.,0,0,0
WBGene00049944.,0,1,1
WBGene00049945.,0,0,0
WBGene00049946.,0,5,5
WBGene00049947.,0,1,1
WBGene00049948.,0,0,0
WBGene00049949.,0,0,0
WBGene00049950.,0,0,0
WBGene00049951.,0,0,0
WBGene00049952.,0,0,0
WBGene00049953.,0,0,0
WBGene00049954.,0,0,0
WBGene00049955.,0,0,0
WBGene00049956.,0,2,2
WBGene00049957.,0,0,0
WBGene00049958.,0,2,2
WBGene00049959.,0,0,0
WBGene00049960.,0,7,7
WBGene00049961.,0,0,0
WBGene00049962.,0,0,0
WBGene00049963.,0,0,0
WBGene00049964.,0,0,0
WBGene00049965.,0,0,0
WBGene00049966.,0,0,0
WBGene00049967.,0,0,0
WBGene00049968.,0,2,2
WBGene00049969.,0,0,0
WBGene00049970.,0,0,0
WBGene00049971.,0,0,0
WBGene00049972.,0,0,0
WBGene00049973.,0,2,2
WBGene00049974.,0,0,0
WBGene00049975.,0,0,0
WBGene00049976.,0,1,1
WBGene00049977.,0,1,1
WBGene00049978.,0,0,0
WBGene00049979.,0,0,0
WBGene00049980.,0,0,0
WBGene00049981.,0,0,0
WBGene00049982.,0,0,0
WBGene00049983.,0,1,1
WBGene00049984.,0,0,0
WBGene00049985.,0,4,4
WBGene00049986.,0,0,0
WBGene00049987.,0,0,0
WBGene00049988.,0,0,0
WBGene00049989.,0,0,0
WBGene00049990.,0,0,0
WBGene00049991.,0,0,0
WBGene00049992.,0,1,1
WBGene00049993.,0,0,0
WBGene00049994.,0,0,0
WBGene00049995.,0,0,0
WBGene00049996.,0,0,0
WBGene00049997.,0,0,0
WBGene00049998.,0,0,0
WBGene00049999.,0,0,0
WBGene00050000.,0,0,0
WBGene00050001.,0,2,2
WBGene00050002.,0,0,0
WBGene00050003.,0,0,0
WBGene00050004.,0,0,0
WBGene00050005.,0,0,0
WBGene00050006.,0,3,3
WBGene00050007.,0,0,0
WBGene00050008.,0,0,0
WBGene00050009.,0,2,2
WBGene00050010.,0,1,1
WBGene00050011.,0,1,1
WBGene00050012.,0,0,0
WBGene00050013.,0,0,0
WBGene00050014.,0,0,0
WBGene00050015.,0,1,1
WBGene00050016.,0,0,0
WBGene00050017.,0,0,0
WBGene00050018.,0,0,0
WBGene00050019.,0,0,0
WBGene00050020.,0,0,0
WBGene00050021.,0,0,0
WBGene00050022.,0,0,0
WBGene00050023.,0,3,3
WBGene00050024.,0,0,0
WBGene00050025.,0,1,1
WBGene00050026.,0,0,0
WBGene00050027.,0,0,0
WBGene00050028.,0,0,0
WBGene00050029.,0,0,0
WBGene00050030.,0,2,2
WBGene00050031.,0,0,0
WBGene00050032.,0,0,0
WBGene00050033.,0,0,0
WBGene00050034.,0,0,0
WBGene00050035.,0,0,0
WBGene00050036.,0,0,0
WBGene00050037.,0,0,0
WBGene00050038.,0,0,0
WBGene00050039.,0,0,0
WBGene00050040.,0,0,0
WBGene00050041.,0,0,0
WBGene00050042.,0,0,0
WBGene00050043.,0,0,0
WBGene00050044.,0,1,1
WBGene00050045.,0,0,0
WBGene00050046.,0,0,0
WBGene00050047.,0,0,0
WBGene00050048.,0,0,0
WBGene00050049.,0,0,0
WBGene00050050.,0,0,0
WBGene00050051.,0,0,0
WBGene00050052.,0,0,0
WBGene00050053.,0,0,0
WBGene00050054.,0,0,0
WBGene00050055.,0,1,1
WBGene00050056.,0,0,0
WBGene00050057.,0,0,0
WBGene00050058.,0,0,0
WBGene00050059.,0,0,0
WBGene00050060.,0,0,0
WBGene00050061.,0,0,0
WBGene00050062.,0,0,0
WBGene00050063.,0,0,0
WBGene00050064.,0,0,0
WBGene00050065.,0,0,0
WBGene00050066.,0,0,0
WBGene00050067.,0,0,0
WBGene00050068.,0,0,0
WBGene00050069.,0,0,0
WBGene00050070.,0,1,1
WBGene00050071.,0,0,0
WBGene00050072.,0,0,0
WBGene00050073.,0,0,0
WBGene00050074.,0,0,0
WBGene00050075.,0,0,0
WBGene00050076.,0,0,0
WBGene00050077.,0,0,0
WBGene00050078.,0,0,0
WBGene00050079.,0,0,0
WBGene00050080.,0,0,0
WBGene00050081.,0,0,0
WBGene00050082.,0,0,0
WBGene00050083.,0,0,0
WBGene00050084.,0,0,0
WBGene00050085.,0,0,0
WBGene00050086.,0,0,0
WBGene00050087.,0,0,0
WBGene00050088.,0,0,0
WBGene00050089.,0,0,0
WBGene00050090.,0,0,0
WBGene00050091.,0,1,1
WBGene00050092.,0,0,0
WBGene00050093.,0,0,0
WBGene00050094.,0,2,2
WBGene00050095.,0,0,0
WBGene00050096.,0,0,0
WBGene00050097.,0,4,4
WBGene00050098.,0,0,0
WBGene00050099.,0,0,0
WBGene00050100.,0,0,0
WBGene00050101.,0,2,2
WBGene00050102.,0,0,0
WBGene00050103.,0,2,2
WBGene00050104.,0,0,0
WBGene00050105.,0,0,0
WBGene00050106.,0,0,0
WBGene00050107.,0,0,0
WBGene00050108.,0,0,0
WBGene00050109.,0,1,1
WBGene00050110.,0,0,0
WBGene00050111.,0,0,0
WBGene00050112.,0,0,0
WBGene00050113.,0,1,1
WBGene00050114.,0,0,0
WBGene00050115.,0,0,0
WBGene00050116.,0,0,0
WBGene00050117.,0,0,0
WBGene00050118.,0,0,0
WBGene00050119.,0,0,0
WBGene00050120.,0,3,3
WBGene00050121.,0,0,0
WBGene00050122.,0,0,0
WBGene00050123.,0,0,0
WBGene00050124.,0,0,0
WBGene00050125.,0,0,0
WBGene00050126.,0,0,0
WBGene00050127.,0,0,0
WBGene00050128.,0,0,0
WBGene00050129.,0,0,0
WBGene00050130.,0,0,0
WBGene00050131.,0,0,0
WBGene00050132.,0,0,0
WBGene00050133.,0,0,0
WBGene00050134.,0,1,1
WBGene00050135.,0,0,0
WBGene00050136.,0,4,4
WBGene00050137.,0,0,0
WBGene00050138.,0,2,2
WBGene00050139.,0,0,0
WBGene00050140.,0,1,1
WBGene00050141.,0,0,0
WBGene00050142.,0,0,0
WBGene00050143.,0,0,0
WBGene00050144.,0,0,0
WBGene00050145.,0,0,0
WBGene00050146.,0,0,0
WBGene00050147.,0,4,4
WBGene00050148.,0,0,0
WBGene00050149.,0,0,0
WBGene00050150.,0,0,0
WBGene00050151.,0,0,0
WBGene00050152.,0,0,0
WBGene00050153.,0,0,0
WBGene00050154.,0,0,0
WBGene00050155.,0,0,0
WBGene00050156.,0,0,0
WBGene00050157.,0,0,0
WBGene00050158.,0,0,0
WBGene00050159.,0,0,0
WBGene00050160.,0,0,0
WBGene00050161.,0,3,3
WBGene00050162.,0,0,0
WBGene00050163.,0,0,0
WBGene00050164.,0,0,0
WBGene00050165.,0,0,0
WBGene00050166.,0,0,0
WBGene00050167.,0,0,0
WBGene00050168.,0,0,0
WBGene00050169.,0,0,0
WBGene00050170.,0,0,0
WBGene00050171.,0,0,0
WBGene00050172.,0,0,0
WBGene00050173.,0,0,0
WBGene00050174.,0,0,0
WBGene00050175.,0,0,0
WBGene00050176.,0,1,1
WBGene00050177.,0,1,1
WBGene00050178.,0,0,0
WBGene00050179.,0,0,0
WBGene00050180.,0,0,0
WBGene00050181.,0,0,0
WBGene00050182.,0,0,0
WBGene00050183.,0,0,0
WBGene00050184.,0,0,0
WBGene00050185.,0,0,0
WBGene00050186.,0,0,0
WBGene00050187.,0,0,0
WBGene00050188.,0,0,0
WBGene00050189.,0,0,0
WBGene00050190.,0,0,0
WBGene00050191.,0,3,3
WBGene00050192.,0,0,0
WBGene00050193.,0,0,0
WBGene00050194.,0,4,4
WBGene00050195.,0,0,0
WBGene00050196.,0,0,0
WBGene00050197.,0,0,0
WBGene00050198.,0,0,0
WBGene00050199.,0,0,0
WBGene00050200.,0,0,0
WBGene00050201.,0,0,0
WBGene00050202.,0,0,0
WBGene00050203.,0,0,0
WBGene00050204.,0,0,0
WBGene00050205.,0,0,0
WBGene00050206.,0,2,2
WBGene00050207.,0,0,0
WBGene00050208.,0,0,0
WBGene00050209.,0,0,0
WBGene00050210.,0,0,0
WBGene00050211.,0,1,1
WBGene00050212.,0,0,0
WBGene00050213.,0,0,0
WBGene00050214.,0,0,0
WBGene00050215.,0,0,0
WBGene00050216.,0,0,0
WBGene00050217.,0,0,0
WBGene00050218.,0,0,0
WBGene00050219.,0,0,0
WBGene00050220.,0,0,0
WBGene00050221.,0,0,0
WBGene00050222.,0,0,0
WBGene00050223.,0,0,0
WBGene00050224.,0,0,0
WBGene00050225.,0,0,0
WBGene00050226.,0,0,0
WBGene00050227.,0,0,0
WBGene00050228.,0,1,1
WBGene00050229.,0,0,0
WBGene00050230.,0,2,2
WBGene00050231.,0,0,0
WBGene00050232.,0,0,0
WBGene00050233.,0,0,0
WBGene00050234.,0,4,4
WBGene00050235.,0,0,0
WBGene00050236.,0,0,0
WBGene00050237.,0,0,0
WBGene00050238.,0,0,0
WBGene00050239.,0,0,0
WBGene00050240.,0,0,0
WBGene00050241.,0,0,0
WBGene00050242.,0,0,0
WBGene00050243.,0,5,5
WBGene00050244.,0,1,1
WBGene00050245.,0,0,0
WBGene00050246.,0,0,0
WBGene00050247.,0,0,0
WBGene00050248.,0,1,1
WBGene00050249.,0,0,0
WBGene00050250.,0,0,0
WBGene00050251.,0,0,0
WBGene00050252.,0,1,1
WBGene00050253.,0,0,0
WBGene00050254.,0,0,0
WBGene00050255.,0,0,0
WBGene00050256.,0,0,0
WBGene00050257.,0,0,0
WBGene00050258.,0,0,0
WBGene00050259.,0,0,0
WBGene00050260.,0,5,5
WBGene00050261.,0,1,1
WBGene00050262.,0,0,0
WBGene00050263.,0,0,0
WBGene00050264.,0,0,0
WBGene00050265.,0,0,0
WBGene00050266.,0,0,0
WBGene00050267.,0,0,0
WBGene00050268.,0,0,0
WBGene00050269.,0,0,0
WBGene00050270.,0,0,0
WBGene00050271.,0,0,0
WBGene00050272.,0,0,0
WBGene00050273.,0,1,1
WBGene00050274.,0,0,0
WBGene00050275.,0,0,0
WBGene00050276.,0,0,0
WBGene00050277.,0,3,3
WBGene00050278.,0,3,3
WBGene00050279.,0,0,0
WBGene00050280.,0,0,0
WBGene00050281.,0,2,2
WBGene00050282.,0,0,0
WBGene00050283.,0,0,0
WBGene00050284.,0,0,0
WBGene00050285.,0,0,0
WBGene00050286.,0,0,0
WBGene00050287.,0,13,13
WBGene00050288.,0,10,10
WBGene00050289.,0,0,0
WBGene00050290.,0,0,0
WBGene00050291.,0,1,1
WBGene00050292.,0,0,0
WBGene00050293.,0,0,0
WBGene00050294.,0,0,0
WBGene00050295.,0,0,0
WBGene00050296.,0,0,0
WBGene00050297.,0,0,0
WBGene00050298.,0,2,2
WBGene00050299.,0,0,0
WBGene00050300.,0,0,0
WBGene00050301.,0,0,0
WBGene00050302.,0,12,12
WBGene00050303.,0,1,1
WBGene00050304.,0,0,0
WBGene00050305.,0,0,0
WBGene00050306.,0,0,0
WBGene00050307.,0,0,0
WBGene00050308.,0,0,0
WBGene00050309.,0,0,0
WBGene00050310.,0,0,0
WBGene00050311.,0,0,0
WBGene00050312.,0,0,0
WBGene00050313.,0,0,0
WBGene00050314.,0,0,0
WBGene00050315.,0,0,0
WBGene00050316.,0,0,0
WBGene00050317.,0,0,0
WBGene00050318.,0,0,0
WBGene00050319.,0,0,0
WBGene00050320.,0,3,3
WBGene00050321.,0,0,0
WBGene00050322.,0,0,0
WBGene00050323.,0,0,0
WBGene00050324.,0,0,0
WBGene00050325.,0,0,0
WBGene00050326.,0,0,0
WBGene00050327.,0,0,0
WBGene00050328.,0,0,0
WBGene00050329.,0,1,1
WBGene00050330.,0,0,0
WBGene00050331.,0,0,0
WBGene00050332.,0,0,0
WBGene00050333.,0,0,0
WBGene00050334.,0,0,0
WBGene00050335.,0,0,0
WBGene00050336.,0,0,0
WBGene00050337.,0,1,1
WBGene00050338.,0,0,0
WBGene00050339.,0,0,0
WBGene00050340.,0,0,0
WBGene00050341.,0,0,0
WBGene00050342.,0,1,1
WBGene00050343.,0,0,0
WBGene00050344.,0,1,1
WBGene00050345.,0,0,0
WBGene00050346.,0,0,0
WBGene00050347.,0,0,0
WBGene00050348.,0,0,0
WBGene00050349.,0,0,0
WBGene00050350.,0,0,0
WBGene00050351.,0,2,2
WBGene00050352.,0,0,0
WBGene00050353.,0,0,0
WBGene00050354.,0,0,0
WBGene00050355.,0,0,0
WBGene00050356.,0,0,0
WBGene00050357.,0,0,0
WBGene00050358.,0,2,2
WBGene00050359.,0,0,0
WBGene00050360.,0,0,0
WBGene00050361.,0,0,0
WBGene00050362.,0,0,0
WBGene00050363.,0,0,0
WBGene00050364.,0,0,0
WBGene00050365.,0,0,0
WBGene00050366.,0,0,0
WBGene00050367.,0,0,0
WBGene00050368.,0,0,0
WBGene00050369.,0,1,1
WBGene00050370.,0,0,0
WBGene00050371.,0,0,0
WBGene00050372.,0,0,0
WBGene00050373.,0,5,5
WBGene00050374.,0,0,0
WBGene00050375.,0,0,0
WBGene00050376.,0,0,0
WBGene00050377.,0,1,1
WBGene00050378.,0,0,0
WBGene00050379.,0,0,0
WBGene00050380.,0,0,0
WBGene00050381.,0,0,0
WBGene00050382.,0,0,0
WBGene00050383.,0,0,0
WBGene00050384.,0,0,0
WBGene00050385.,0,0,0
WBGene00050386.,0,0,0
WBGene00050387.,0,1,1
WBGene00050388.,0,0,0
WBGene00050389.,0,0,0
WBGene00050390.,0,0,0
WBGene00050391.,0,0,0
WBGene00050392.,0,0,0
WBGene00050393.,0,0,0
WBGene00050394.,0,0,0
WBGene00050395.,0,0,0
WBGene00050396.,0,0,0
WBGene00050397.,0,0,0
WBGene00050398.,0,1,1
WBGene00050399.,0,0,0
WBGene00050400.,0,0,0
WBGene00050401.,0,0,0
WBGene00050402.,0,0,0
WBGene00050403.,0,0,0
WBGene00050404.,0,0,0
WBGene00050405.,0,0,0
WBGene00050406.,0,0,0
WBGene00050407.,0,0,0
WBGene00050408.,0,0,0
WBGene00050409.,0,2,2
WBGene00050410.,0,2,2
WBGene00050411.,0,0,0
WBGene00050412.,0,0,0
WBGene00050413.,0,3,3
WBGene00050414.,0,2,2
WBGene00050415.,0,0,0
WBGene00050416.,0,1,1
WBGene00050417.,0,0,0
WBGene00050418.,0,0,0
WBGene00050419.,0,0,0
WBGene00050420.,0,1,1
WBGene00050421.,0,0,0
WBGene00050422.,0,0,0
WBGene00050423.,0,0,0
WBGene00050424.,0,0,0
WBGene00050425.,0,0,0
WBGene00050426.,0,0,0
WBGene00050427.,0,0,0
WBGene00050428.,0,0,0
WBGene00050429.,0,0,0
WBGene00050430.,0,0,0
WBGene00050431.,0,0,0
WBGene00050432.,0,0,0
WBGene00050433.,0,0,0
WBGene00050434.,0,0,0
WBGene00050435.,0,1,1
WBGene00050436.,0,0,0
WBGene00050437.,0,0,0
WBGene00050438.,0,0,0
WBGene00050439.,0,0,0
WBGene00050440.,0,2,2
WBGene00050441.,0,0,0
WBGene00050442.,0,0,0
WBGene00050443.,0,2,2
WBGene00050444.,0,0,0
WBGene00050445.,0,0,0
WBGene00050446.,0,0,0
WBGene00050447.,0,2,2
WBGene00050448.,0,0,0
WBGene00050449.,0,0,0
WBGene00050450.,0,0,0
WBGene00050451.,0,5,5
WBGene00050452.,0,0,0
WBGene00050453.,0,0,0
WBGene00050454.,0,0,0
WBGene00050455.,0,0,0
WBGene00050456.,0,2,2
WBGene00050457.,0,0,0
WBGene00050458.,0,0,0
WBGene00050459.,0,0,0
WBGene00050460.,0,0,0
WBGene00050461.,0,10,10
WBGene00050462.,0,0,0
WBGene00050463.,0,0,0
WBGene00050464.,0,0,0
WBGene00050465.,0,0,0
WBGene00050466.,0,0,0
WBGene00050467.,0,1,1
WBGene00050468.,0,1,1
WBGene00050469.,0,0,0
WBGene00050470.,0,0,0
WBGene00050471.,0,0,0
WBGene00050472.,0,6,6
WBGene00050473.,0,0,0
WBGene00050474.,0,4,4
WBGene00050475.,0,0,0
WBGene00050476.,0,0,0
WBGene00050477.,0,0,0
WBGene00050478.,0,0,0
WBGene00050479.,0,0,0
WBGene00050480.,0,3,3
WBGene00050481.,0,0,0
WBGene00050482.,0,0,0
WBGene00050483.,0,0,0
WBGene00050484.,0,0,0
WBGene00050485.,0,0,0
WBGene00050486.,0,2,2
WBGene00050487.,0,0,0
WBGene00050488.,0,0,0
WBGene00050489.,0,0,0
WBGene00050490.,0,0,0
WBGene00050491.,0,0,0
WBGene00050492.,0,0,0
WBGene00050493.,0,0,0
WBGene00050494.,0,0,0
WBGene00050495.,0,0,0
WBGene00050496.,0,0,0
WBGene00050497.,0,1,1
WBGene00050498.,0,4,4
WBGene00050499.,0,0,0
WBGene00050500.,0,0,0
WBGene00050501.,0,1,1
WBGene00050502.,0,0,0
WBGene00050503.,0,0,0
WBGene00050504.,0,0,0
WBGene00050505.,0,0,0
WBGene00050506.,0,1,1
WBGene00050507.,0,2,2
WBGene00050508.,0,0,0
WBGene00050509.,0,0,0
WBGene00050510.,0,0,0
WBGene00050511.,0,1,1
WBGene00050512.,0,0,0
WBGene00050513.,0,0,0
WBGene00050514.,0,0,0
WBGene00050515.,0,0,0
WBGene00050516.,0,2,2
WBGene00050517.,0,0,0
WBGene00050518.,0,0,0
WBGene00050519.,0,0,0
WBGene00050520.,0,0,0
WBGene00050521.,0,3,3
WBGene00050522.,0,0,0
WBGene00050523.,0,0,0
WBGene00050524.,0,0,0
WBGene00050525.,0,0,0
WBGene00050526.,0,0,0
WBGene00050527.,0,4,4
WBGene00050528.,0,0,0
WBGene00050529.,0,0,0
WBGene00050530.,0,0,0
WBGene00050531.,0,0,0
WBGene00050532.,0,0,0
WBGene00050533.,0,0,0
WBGene00050534.,0,0,0
WBGene00050535.,0,0,0
WBGene00050536.,0,0,0
WBGene00050537.,0,0,0
WBGene00050538.,0,0,0
WBGene00050539.,0,0,0
WBGene00050540.,0,2,2
WBGene00050541.,0,0,0
WBGene00050542.,0,3,3
WBGene00050543.,0,0,0
WBGene00050544.,0,0,0
WBGene00050545.,0,0,0
WBGene00050546.,0,0,0
WBGene00050547.,0,0,0
WBGene00050548.,0,0,0
WBGene00050549.,0,0,0
WBGene00050550.,0,0,0
WBGene00050551.,0,0,0
WBGene00050552.,0,0,0
WBGene00050553.,0,1,1
WBGene00050554.,0,2,2
WBGene00050555.,0,0,0
WBGene00050556.,0,0,0
WBGene00050557.,0,0,0
WBGene00050558.,0,0,0
WBGene00050559.,0,0,0
WBGene00050560.,0,1,1
WBGene00050561.,0,0,0
WBGene00050562.,0,0,0
WBGene00050563.,0,0,0
WBGene00050564.,0,0,0
WBGene00050565.,0,1,1
WBGene00050566.,0,0,0
WBGene00050567.,0,0,0
WBGene00050568.,0,0,0
WBGene00050569.,0,0,0
WBGene00050570.,0,0,0
WBGene00050571.,0,2,2
WBGene00050572.,0,1,1
WBGene00050573.,0,2,2
WBGene00050574.,0,1,1
WBGene00050575.,0,0,0
WBGene00050576.,0,0,0
WBGene00050577.,0,0,0
WBGene00050578.,0,2,2
WBGene00050579.,0,0,0
WBGene00050580.,0,0,0
WBGene00050581.,0,0,0
WBGene00050582.,0,0,0
WBGene00050583.,0,0,0
WBGene00050584.,0,0,0
WBGene00050585.,0,0,0
WBGene00050586.,0,0,0
WBGene00050587.,0,0,0
WBGene00050588.,0,0,0
WBGene00050589.,0,0,0
WBGene00050590.,0,1,1
WBGene00050591.,0,0,0
WBGene00050592.,0,0,0
WBGene00050593.,0,0,0
WBGene00050594.,0,0,0
WBGene00050595.,0,0,0
WBGene00050596.,0,0,0
WBGene00050597.,0,0,0
WBGene00050598.,0,1,1
WBGene00050599.,0,0,0
WBGene00050600.,0,0,0
WBGene00050601.,0,0,0
WBGene00050602.,0,0,0
WBGene00050603.,0,0,0
WBGene00050604.,0,1,1
WBGene00050605.,0,0,0
WBGene00050606.,0,1,1
WBGene00050607.,0,0,0
WBGene00050608.,0,0,0
WBGene00050609.,0,0,0
WBGene00050610.,0,0,0
WBGene00050611.,0,0,0
WBGene00050612.,0,0,0
WBGene00050613.,0,0,0
WBGene00050614.,0,0,0
WBGene00050615.,0,0,0
WBGene00050616.,0,0,0
WBGene00050617.,0,1,1
WBGene00050618.,0,0,0
WBGene00050619.,0,0,0
WBGene00050620.,0,0,0
WBGene00050621.,0,0,0
WBGene00050622.,0,0,0
WBGene00050623.,0,1,1
WBGene00050624.,0,0,0
WBGene00050625.,0,0,0
WBGene00050626.,0,0,0
WBGene00050627.,0,0,0
WBGene00050628.,0,0,0
WBGene00050629.,0,0,0
WBGene00050630.,0,0,0
WBGene00050631.,0,0,0
WBGene00050632.,0,1,1
WBGene00050633.,0,0,0
WBGene00050634.,0,0,0
WBGene00050635.,0,0,0
WBGene00050636.,0,0,0
WBGene00050637.,0,0,0
WBGene00050638.,0,0,0
WBGene00050639.,0,0,0
WBGene00050640.,0,0,0
WBGene00050641.,0,0,0
WBGene00050642.,0,0,0
WBGene00050643.,0,0,0
WBGene00050644.,0,0,0
WBGene00050645.,0,0,0
WBGene00050646.,0,3,3
WBGene00050647.,0,6,6
WBGene00050648.,0,0,0
WBGene00050649.,0,0,0
WBGene00050650.,0,1,1
WBGene00050651.,0,0,0
WBGene00050652.,0,0,0
WBGene00050653.,0,11,11
WBGene00050654.,0,2,2
WBGene00050655.,0,1,1
WBGene00050656.,0,0,0
WBGene00050657.,0,0,0
WBGene00050658.,0,1,1
WBGene00050659.,0,0,0
WBGene00050660.,0,0,0
WBGene00050661.,0,1,1
WBGene00050662.,0,0,0
WBGene00050663.,0,2,2
WBGene00050664.,0,0,0
WBGene00050665.,0,0,0
WBGene00050666.,0,0,0
WBGene00050667.,0,0,0
WBGene00050668.,0,0,0
WBGene00050669.,0,0,0
WBGene00050670.,0,0,0
WBGene00050671.,0,0,0
WBGene00050672.,0,0,0
WBGene00050673.,0,0,0
WBGene00050674.,0,1,1
WBGene00050675.,0,2,2
WBGene00050676.,0,0,0
WBGene00050677.,0,0,0
WBGene00050678.,0,0,0
WBGene00050679.,0,0,0
WBGene00050680.,0,0,0
WBGene00050681.,0,0,0
WBGene00050682.,0,0,0
WBGene00050683.,0,0,0
WBGene00050684.,0,0,0
WBGene00050685.,0,1,1
WBGene00050686.,0,1,1
WBGene00050687.,0,0,0
WBGene00050688.,0,1,1
WBGene00050689.,0,5,5
WBGene00050690.,0,0,0
WBGene00050691.,0,0,0
WBGene00050692.,0,0,0
WBGene00050693.,0,0,0
WBGene00050694.,0,0,0
WBGene00050695.,0,0,0
WBGene00050696.,0,0,0
WBGene00050697.,0,2,2
WBGene00050698.,0,0,0
WBGene00050699.,0,0,0
WBGene00050700.,0,1,1
WBGene00050701.,0,0,0
WBGene00050702.,0,0,0
WBGene00050703.,0,0,0
WBGene00050704.,0,0,0
WBGene00050705.,0,0,0
WBGene00050706.,0,0,0
WBGene00050707.,0,0,0
WBGene00050708.,0,0,0
WBGene00050709.,0,0,0
WBGene00050710.,0,0,0
WBGene00050711.,0,0,0
WBGene00050712.,0,0,0
WBGene00050713.,0,1,1
WBGene00050714.,0,0,0
WBGene00050715.,0,0,0
WBGene00050716.,0,0,0
WBGene00050717.,0,0,0
WBGene00050718.,0,0,0
WBGene00050719.,0,0,0
WBGene00050720.,0,0,0
WBGene00050721.,0,0,0
WBGene00050722.,0,0,0
WBGene00050723.,0,1,1
WBGene00050724.,0,0,0
WBGene00050725.,0,0,0
WBGene00050726.,0,0,0
WBGene00050727.,0,0,0
WBGene00050728.,0,0,0
WBGene00050729.,0,3,3
WBGene00050730.,0,0,0
WBGene00050731.,0,0,0
WBGene00050732.,0,1,1
WBGene00050733.,0,1,1
WBGene00050734.,0,0,0
WBGene00050735.,0,1,1
WBGene00050736.,0,0,0
WBGene00050737.,0,0,0
WBGene00050738.,0,0,0
WBGene00050739.,0,0,0
WBGene00050740.,0,0,0
WBGene00050741.,0,0,0
WBGene00050742.,0,0,0
WBGene00050743.,0,0,0
WBGene00050744.,0,0,0
WBGene00050745.,0,0,0
WBGene00050746.,0,0,0
WBGene00050747.,0,0,0
WBGene00050748.,0,0,0
WBGene00050749.,0,0,0
WBGene00050750.,0,0,0
WBGene00050751.,0,1,1
WBGene00050752.,0,0,0
WBGene00050753.,0,0,0
WBGene00050754.,0,0,0
WBGene00050755.,0,0,0
WBGene00050756.,0,0,0
WBGene00050757.,0,0,0
WBGene00050758.,0,0,0
WBGene00050759.,0,0,0
WBGene00050760.,0,0,0
WBGene00050761.,0,3,3
WBGene00050762.,0,0,0
WBGene00050763.,0,0,0
WBGene00050764.,0,2,2
WBGene00050765.,0,0,0
WBGene00050766.,0,0,0
WBGene00050767.,0,0,0
WBGene00050768.,0,0,0
WBGene00050769.,0,0,0
WBGene00050770.,0,0,0
WBGene00050771.,0,0,0
WBGene00050772.,0,0,0
WBGene00050773.,0,0,0
WBGene00050774.,0,0,0
WBGene00050775.,0,0,0
WBGene00050776.,0,0,0
WBGene00050777.,0,1,1
WBGene00050778.,0,5,5
WBGene00050779.,0,0,0
WBGene00050780.,0,0,0
WBGene00050781.,0,0,0
WBGene00050782.,0,0,0
WBGene00050783.,0,0,0
WBGene00050784.,0,3,3
WBGene00050785.,0,0,0
WBGene00050786.,0,0,0
WBGene00050787.,0,1,1
WBGene00050788.,0,0,0
WBGene00050789.,0,0,0
WBGene00050790.,0,0,0
WBGene00050791.,0,0,0
WBGene00050792.,0,0,0
WBGene00050793.,0,0,0
WBGene00050794.,0,0,0
WBGene00050795.,0,0,0
WBGene00050796.,0,0,0
WBGene00050797.,0,0,0
WBGene00050798.,0,0,0
WBGene00050799.,0,0,0
WBGene00050800.,0,0,0
WBGene00050801.,0,4,4
WBGene00050802.,0,0,0
WBGene00050803.,0,0,0
WBGene00050804.,0,4,4
WBGene00050805.,0,0,0
WBGene00050806.,0,0,0
WBGene00050807.,0,0,0
WBGene00050808.,0,0,0
WBGene00050809.,0,0,0
WBGene00050810.,0,0,0
WBGene00050811.,0,0,0
WBGene00050812.,0,0,0
WBGene00050813.,0,0,0
WBGene00050814.,0,3,3
WBGene00050815.,0,0,0
WBGene00050816.,0,1,1
WBGene00050817.,0,0,0
WBGene00050818.,0,0,0
WBGene00050819.,0,0,0
WBGene00050820.,0,0,0
WBGene00050821.,0,0,0
WBGene00050822.,0,0,0
WBGene00050823.,0,0,0
WBGene00050824.,0,2,2
WBGene00050825.,0,1,1
WBGene00050826.,0,1,1
WBGene00050827.,0,0,0
WBGene00050828.,0,0,0
WBGene00050829.,0,1,1
WBGene00050830.,0,0,0
WBGene00050831.,0,0,0
WBGene00050832.,0,0,0
WBGene00050833.,0,0,0
WBGene00050834.,0,0,0
WBGene00050835.,0,0,0
WBGene00050836.,0,0,0
WBGene00050837.,0,2,2
WBGene00050838.,0,0,0
WBGene00050839.,0,0,0
WBGene00050840.,0,0,0
WBGene00050841.,0,0,0
WBGene00050842.,0,0,0
WBGene00050843.,0,0,0
WBGene00050844.,0,0,0
WBGene00050845.,0,0,0
WBGene00050846.,0,0,0
WBGene00050847.,0,0,0
WBGene00050848.,0,0,0
WBGene00050849.,0,0,0
WBGene00050850.,0,0,0
WBGene00050851.,0,0,0
WBGene00050852.,0,0,0
WBGene00050853.,0,0,0
WBGene00050854.,0,1,1
WBGene00050855.,0,0,0
WBGene00050856.,0,0,0
WBGene00050857.,0,0,0
WBGene00050858.,0,0,0
WBGene00050859.,0,0,0
WBGene00050860.,0,6,6
WBGene00050861.,0,0,0
WBGene00050862.,0,0,0
WBGene00050863.,0,0,0
WBGene00050864.,0,0,0
WBGene00050865.,0,2,2
WBGene00050866.,0,0,0
WBGene00050867.,0,0,0
WBGene00050868.,0,0,0
WBGene00050869.,0,0,0
WBGene00050870.,0,0,0
WBGene00050871.,0,0,0
WBGene00050873.,0,46,46
WBGene00050874.,0,3,3
WBGene00050875.,2,5,7
WBGene00050878.,3,0,3
WBGene00050879.,0,2,2
WBGene00050880.,5,0,5
WBGene00050881.,2,0,2
WBGene00050883.,0,2,2
WBGene00050884.,82,504,586
WBGene00050885.,83,431,514
WBGene00050889.,35,303,338
WBGene00050890.,0,29,29
WBGene00050891.,0,50,50
WBGene00050892.,1,2,3
WBGene00050893.,0,0,0
WBGene00050894.,0,0,0
WBGene00050896.,0,2,2
WBGene00050897.,0,2,2
WBGene00050898.,0,0,0
WBGene00050899.,21,181,202
WBGene00050900.,0,0,0
WBGene00050902.,0,0,0
WBGene00050903.,135,1012,1147
WBGene00050904.,2,20,22
WBGene00050906.,2,5,7
WBGene00050907.,0,2,2
WBGene00050910.,0,0,0
WBGene00050911.,0,2,2
WBGene00050912.,0,0,0
WBGene00050913.,0,0,0
WBGene00050914.,0,1,1
WBGene00050915.,2,16,18
WBGene00050916.,2,7,9
WBGene00050917.,17,93,110
WBGene00050919.,5,9,14
WBGene00050920.,7,87,94
WBGene00050921.,0,0,0
WBGene00050922.,0,0,0
WBGene00050923.,0,1,1
WBGene00050924.,0,0,0
WBGene00050926.,0,3,3
WBGene00050927.,89,146,235
WBGene00050928.,0,0,0
WBGene00050929.,0,0,0
WBGene00050930.,1,1,2
WBGene00050931.,1,2,3
WBGene00050932.,0,0,0
WBGene00050933.,0,0,0
WBGene00050934.,5,14,19
WBGene00050935.,269,6,275
WBGene00050936.,0,310,310
WBGene00050937.,25,364,389
WBGene00050938.,0,2,2
WBGene00050939.,0,0,0
WBGene00050940.,2,3,5
WBGene00050941.,11,594,605
WBGene00050943.,23,167,190
WBGene00050944.,64,1181,1245
WBGene00050945.,6,61,67
WBGene00050946.,5,31,36
WBGene00050947.,4,306,310
WBGene00050948.,9,31,40
WBGene00050949.,0,0,0
WBGene00050950.,0,0,0
WBGene00050951.,0,0,0
WBGene00050954.,0,2,2
WBGene00050955.,0,0,0
WBGene00050956.,0,0,0
WBGene00050957.,5,7,12
WBGene00050958.,0,3,3
WBGene00050959.,0,0,0
WBGene00050960.,0,0,0
WBGene00050961.,0,0,0
WBGene00050962.,0,0,0
WBGene00050963.,0,0,0
WBGene00050964.,0,12,12
WBGene00050965.,0,0,0
WBGene00050967.,0,9,9
WBGene00050968.,0,1,1
WBGene00050970.,0,4,4
WBGene00050971.,0,1,1
WBGene00050972.,0,0,0
WBGene00050973.,0,1,1
WBGene00050974.,0,4,4
WBGene00050976.,0,0,0
WBGene00050977.,2,8,10
WBGene00077434.,46,1,47
WBGene00077436.,1,2,3
WBGene00077437.,562,3144,3706
WBGene00077438.,2,1,3
WBGene00077439.,4,41,45
WBGene00077440.,3,6,9
WBGene00077441.,0,0,0
WBGene00077442.,2,0,2
WBGene00077443.,0,22,22
WBGene00077444.,0,4,4
WBGene00077445.,0,0,0
WBGene00077446.,0,1,1
WBGene00077447.,0,2,2
WBGene00077448.,16,1,17
WBGene00077449.,0,6,6
WBGene00077450.,4,2,6
WBGene00077451.,0,0,0
WBGene00077452.,0,0,0
WBGene00077453.,11,347,358
WBGene00077454.,0,5,5
WBGene00077455.,11,36,47
WBGene00077456.,0,1,1
WBGene00077457.,8,70,78
WBGene00077459.,0,1,1
WBGene00077460.,0,1,1
WBGene00077461.,0,3,3
WBGene00077462.,0,0,0
WBGene00077463.,0,0,0
WBGene00077464.,0,0,0
WBGene00077465.,0,10,10
WBGene00077466.,0,13,13
WBGene00077467.,0,0,0
WBGene00077468.,0,0,0
WBGene00077469.,0,0,0
WBGene00077470.,0,2,2
WBGene00077471.,0,0,0
WBGene00077472.,0,0,0
WBGene00077473.,0,0,0
WBGene00077474.,0,0,0
WBGene00077475.,0,2,2
WBGene00077476.,0,0,0
WBGene00077477.,0,0,0
WBGene00077478.,0,0,0
WBGene00077479.,0,0,0
WBGene00077480.,0,0,0
WBGene00077481.,0,0,0
WBGene00077482.,0,0,0
WBGene00077483.,0,0,0
WBGene00077484.,0,0,0
WBGene00077485.,0,0,0
WBGene00077486.,0,0,0
WBGene00077487.,0,0,0
WBGene00077488.,0,0,0
WBGene00077489.,4,18,22
WBGene00077490.,14,163,177
WBGene00077491.,3,102,105
WBGene00077492.,0,1,1
WBGene00077493.,5,5,10
WBGene00077494.,0,1,1
WBGene00077495.,1,1,2
WBGene00077496.,0,1,1
WBGene00077497.,164,206,370
WBGene00077498.,0,0,0
WBGene00077499.,0,0,0
WBGene00077500.,22,156,178
WBGene00077501.,0,3,3
WBGene00077502.,0,0,0
WBGene00077503.,1,1,2
WBGene00077504.,0,7,7
WBGene00077506.,0,0,0
WBGene00077508.,29,22,51
WBGene00077510.,0,0,0
WBGene00077514.,9,10,19
WBGene00077515.,0,0,0
WBGene00077516.,0,0,0
WBGene00077517.,0,0,0
WBGene00077519.,0,3,3
WBGene00077520.,169,724,893
WBGene00077521.,0,461,461
WBGene00077522.,6,34,40
WBGene00077523.,1,7,8
WBGene00077524.,0,1,1
WBGene00077525.,5,87,92
WBGene00077526.,1587,12880,14467
WBGene00077527.,0,2,2
WBGene00077531.,0,6,6
WBGene00077534.,0,0,0
WBGene00077535.,2,6,8
WBGene00077536.,7,100,107
WBGene00077537.,2,45,47
WBGene00077538.,10,34,44
WBGene00077539.,78,50,128
WBGene00077543.,3,23,26
WBGene00077546.,3,12,15
WBGene00077548.,0,3,3
WBGene00077549.,0,2,2
WBGene00077551.,0,12,12
WBGene00077552.,116,21,137
WBGene00077553.,41,65,106
WBGene00077555.,0,1,1
WBGene00077556.,2,25,27
WBGene00077557.,9,21,30
WBGene00077558.,31,54,85
WBGene00077559.,9,52,61
WBGene00077561.,0,2,2
WBGene00077562.,4,1,5
WBGene00077563.,10,23,33
WBGene00077564.,2,5,7
WBGene00077565.,1,9,10
WBGene00077566.,0,0,0
WBGene00077567.,0,0,0
WBGene00077568.,0,42,42
WBGene00077569.,14,11,25
WBGene00077570.,7,55,62
WBGene00077571.,0,0,0
WBGene00077572.,110,212,322
WBGene00077573.,16,163,179
WBGene00077574.,4,29,33
WBGene00077575.,0,0,0
WBGene00077576.,0,3,3
WBGene00077577.,4,7,11
WBGene00077579.,3,1,4
WBGene00077580.,0,1,1
WBGene00077581.,0,0,0
WBGene00077582.,0,2,2
WBGene00077583.,3,2,5
WBGene00077584.,0,0,0
WBGene00077585.,8,30,38
WBGene00077586.,0,2,2
WBGene00077588.,0,20,20
WBGene00077589.,0,0,0
WBGene00077590.,0,1,1
WBGene00077592.,2,6,8
WBGene00077593.,7,27,34
WBGene00077594.,106,135,241
WBGene00077595.,0,1,1
WBGene00077596.,2,0,2
WBGene00077597.,0,0,0
WBGene00077598.,0,0,0
WBGene00077599.,60,477,537
WBGene00077600.,4,2,6
WBGene00077601.,0,0,0
WBGene00077602.,0,0,0
WBGene00077603.,0,2,2
WBGene00077604.,2,8,10
WBGene00077605.,0,0,0
WBGene00077606.,0,2,2
WBGene00077607.,0,1,1
WBGene00077608.,0,4,4
WBGene00077609.,0,2,2
WBGene00077610.,0,3,3
WBGene00077611.,0,2,2
WBGene00077612.,0,7,7
WBGene00077613.,0,6,6
WBGene00077614.,0,0,0
WBGene00077615.,4,6,10
WBGene00077616.,0,12,12
WBGene00077617.,0,2,2
WBGene00077618.,0,0,0
WBGene00077619.,0,0,0
WBGene00077620.,0,0,0
WBGene00077621.,1,1,2
WBGene00077622.,1,5,6
WBGene00077624.,0,0,0
WBGene00077625.,1,2,3
WBGene00077626.,0,1,1
WBGene00077627.,0,0,0
WBGene00077629.,2,1,3
WBGene00077630.,0,0,0
WBGene00077631.,0,4,4
WBGene00077632.,0,1,1
WBGene00077633.,0,0,0
WBGene00077634.,0,1,1
WBGene00077635.,0,0,0
WBGene00077636.,23,35,58
WBGene00077637.,0,1,1
WBGene00077638.,0,0,0
WBGene00077640.,0,4,4
WBGene00077641.,0,0,0
WBGene00077642.,0,0,0
WBGene00077643.,46,493,539
WBGene00077644.,0,0,0
WBGene00077646.,0,5,5
WBGene00077647.,0,1,1
WBGene00077648.,0,0,0
WBGene00077649.,1,1,2
WBGene00077650.,0,0,0
WBGene00077651.,0,0,0
WBGene00077652.,0,0,0
WBGene00077653.,0,2,2
WBGene00077654.,0,0,0
WBGene00077655.,0,2,2
WBGene00077656.,0,0,0
WBGene00077657.,0,0,0
WBGene00077658.,49,452,501
WBGene00077659.,1,4,5
WBGene00077660.,0,0,0
WBGene00077662.,0,0,0
WBGene00077663.,0,3,3
WBGene00077664.,0,4,4
WBGene00077666.,0,1,1
WBGene00077667.,0,1,1
WBGene00077669.,114,355,469
WBGene00077670.,0,0,0
WBGene00077671.,0,0,0
WBGene00077673.,1,2,3
WBGene00077674.,2,10,12
WBGene00077679.,4,36,40
WBGene00077680.,0,17,17
WBGene00077681.,32,143,175
WBGene00077682.,2,2,4
WBGene00077684.,0,0,0
WBGene00077685.,0,3,3
WBGene00077686.,0,0,0
WBGene00077687.,0,2,2
WBGene00077688.,4,1,5
WBGene00077689.,0,4,4
WBGene00077690.,10,515,525
WBGene00077691.,2,678,680
WBGene00077692.,12,55,67
WBGene00077693.,136,2413,2549
WBGene00077694.,0,0,0
WBGene00077695.,0,0,0
WBGene00077696.,57,57,114
WBGene00077697.,69,77,146
WBGene00077698.,82,295,377
WBGene00077699.,5,34,39
WBGene00077701.,18,216,234
WBGene00077703.,8,15,23
WBGene00077704.,1,4,5
WBGene00077705.,0,0,0
WBGene00077706.,0,0,0
WBGene00077707.,0,0,0
WBGene00077708.,0,1,1
WBGene00077709.,0,0,0
WBGene00077712.,9,112,121
WBGene00077714.,12,68,80
WBGene00077715.,0,0,0
WBGene00077716.,0,0,0
WBGene00077717.,0,1,1
WBGene00077718.,0,0,0
WBGene00077719.,0,0,0
WBGene00077720.,0,0,0
WBGene00077721.,0,0,0
WBGene00077722.,0,0,0
WBGene00077723.,0,0,0
WBGene00077724.,0,0,0
WBGene00077725.,0,0,0
WBGene00077726.,0,2,2
WBGene00077727.,0,1,1
WBGene00077728.,0,176,176
WBGene00077732.,5,60,65
WBGene00077750.,0,0,0
WBGene00077751.,2,3,5
WBGene00077752.,9,38,47
WBGene00077753.,12,13,25
WBGene00077754.,1,8,9
WBGene00077755.,0,3,3
WBGene00077756.,1,12,13
WBGene00077757.,8,51,59
WBGene00077758.,2,8,10
WBGene00077759.,10,7,17
WBGene00077761.,39,1409,1448
WBGene00077762.,0,4,4
WBGene00077763.,12,72,84
WBGene00077764.,0,119,119
WBGene00077765.,0,14,14
WBGene00077766.,0,0,0
WBGene00077767.,1,1,2
WBGene00077768.,27,168,195
WBGene00077769.,1,57,58
WBGene00077770.,2,13,15
WBGene00077771.,668,9053,9721
WBGene00077772.,3,30,33
WBGene00077773.,0,144,144
WBGene00077775.,84,643,727
WBGene00077781.,3,41,44
WBGene00077782.,17,14,31
WBGene00077783.,11,44,55
WBGene00077784.,7,38,45
WBGene00077785.,9,7,16
WBGene00077786.,238,579,817
WBGene00077787.,2,15,17
WBGene00077788.,4,22,26
WBGene00077789.,0,0,0
WBGene00086546.,37,150,187
WBGene00086551.,5,117,122
WBGene00086552.,0,0,0
WBGene00086553.,154,1770,1924
WBGene00086554.,0,7,7
WBGene00086555.,8,0,8
WBGene00086556.,4,23,27
WBGene00086557.,28,292,320
WBGene00086558.,8,110,118
WBGene00086559.,39,251,290
WBGene00086560.,2,11,13
WBGene00086561.,0,0,0
WBGene00086562.,1,3,4
WBGene00086563.,0,3,3
WBGene00086564.,0,3,3
WBGene00086565.,0,0,0
WBGene00086566.,34,301,335
WBGene00086567.,0,0,0
WBGene00086568.,5,37,42
WBGene00086569.,101,591,692
WBGene00119201.,7,0,7
WBGene00119203.,23,412,435
WBGene00119204.,0,5,5
WBGene00138711.,1,40,41
WBGene00138714.,0,1,1
WBGene00138715.,0,1,1
WBGene00138716.,3,7,10
WBGene00138717.,215,981,1196
WBGene00138719.,2,3,5
WBGene00138720.,19,254,273
WBGene00138721.,9,11,20
WBGene00138724.,0,52,52
WBGene00164968.,29,142,171
WBGene00164969.,71,1176,1247
WBGene00164971.,0,0,0
WBGene00164972.,0,3,3
WBGene00164973.,2,69,71
WBGene00164974.,3,0,3
WBGene00164983.,8,12,20
WBGene00164985.,24,120,144
WBGene00164986.,4,11,15
WBGene00164991.,0,0,0
WBGene00164992.,0,0,0
WBGene00164993.,0,0,0
WBGene00164994.,0,0,0
WBGene00164995.,0,0,0
WBGene00164996.,0,0,0
WBGene00164997.,0,0,0
WBGene00164998.,0,0,0
WBGene00164999.,0,0,0
WBGene00165000.,0,0,0
WBGene00165001.,0,0,0
WBGene00165002.,0,0,0
WBGene00165003.,0,0,0
WBGene00165004.,0,0,0
WBGene00165005.,0,0,0
WBGene00165006.,0,0,0
WBGene00165007.,0,0,0
WBGene00165009.,0,0,0
WBGene00165010.,0,0,0
WBGene00165011.,0,0,0
WBGene00165012.,0,0,0
WBGene00165013.,0,0,0
WBGene00165014.,0,0,0
WBGene00165015.,0,0,0
WBGene00165016.,0,0,0
WBGene00165017.,0,3,3
WBGene00165018.,0,0,0
WBGene00165019.,0,1,1
WBGene00165020.,0,0,0
WBGene00165021.,0,0,0
WBGene00165022.,0,0,0
WBGene00165023.,0,0,0
WBGene00165024.,0,1,1
WBGene00165025.,0,0,0
WBGene00165026.,0,0,0
WBGene00165027.,0,0,0
WBGene00165028.,0,0,0
WBGene00165029.,0,0,0
WBGene00165030.,0,0,0
WBGene00165031.,0,0,0
WBGene00165032.,0,0,0
WBGene00165033.,0,0,0
WBGene00165034.,0,1,1
WBGene00165035.,0,0,0
WBGene00165036.,0,0,0
WBGene00165037.,0,0,0
WBGene00165038.,0,0,0
WBGene00165039.,0,0,0
WBGene00165040.,0,0,0
WBGene00165041.,0,0,0
WBGene00165042.,0,0,0
WBGene00165043.,0,0,0
WBGene00165044.,0,0,0
WBGene00165045.,0,0,0
WBGene00165046.,0,2,2
WBGene00165047.,0,0,0
WBGene00165048.,0,0,0
WBGene00165049.,0,0,0
WBGene00165050.,0,0,0
WBGene00165051.,0,0,0
WBGene00165052.,0,0,0
WBGene00165053.,0,0,0
WBGene00165054.,0,3,3
WBGene00165055.,0,0,0
WBGene00165056.,0,6,6
WBGene00165057.,0,1,1
WBGene00165058.,0,0,0
WBGene00165059.,0,0,0
WBGene00165060.,0,0,0
WBGene00165061.,0,0,0
WBGene00165062.,0,0,0
WBGene00165063.,0,1,1
WBGene00165064.,0,0,0
WBGene00165065.,0,0,0
WBGene00165066.,0,0,0
WBGene00165067.,0,1,1
WBGene00165068.,0,1,1
WBGene00165069.,0,0,0
WBGene00165070.,0,0,0
WBGene00165071.,0,0,0
WBGene00165072.,0,0,0
WBGene00165073.,0,0,0
WBGene00165074.,0,0,0
WBGene00165075.,0,1,1
WBGene00165076.,0,0,0
WBGene00165077.,0,3,3
WBGene00165078.,0,0,0
WBGene00165079.,0,2,2
WBGene00165080.,0,1,1
WBGene00165081.,0,0,0
WBGene00165082.,0,0,0
WBGene00165083.,0,0,0
WBGene00165084.,0,0,0
WBGene00165085.,0,0,0
WBGene00165086.,0,0,0
WBGene00165087.,0,0,0
WBGene00165088.,0,0,0
WBGene00165089.,0,0,0
WBGene00165090.,0,0,0
WBGene00165091.,0,0,0
WBGene00165092.,0,0,0
WBGene00165093.,0,4,4
WBGene00165094.,0,0,0
WBGene00165095.,0,0,0
WBGene00165096.,0,0,0
WBGene00165097.,0,0,0
WBGene00165098.,0,0,0
WBGene00165099.,0,0,0
WBGene00165100.,0,0,0
WBGene00165101.,0,0,0
WBGene00165102.,0,4,4
WBGene00165103.,0,0,0
WBGene00165104.,0,0,0
WBGene00165105.,0,0,0
WBGene00165106.,0,0,0
WBGene00165107.,0,0,0
WBGene00165108.,0,0,0
WBGene00165109.,0,0,0
WBGene00165110.,0,0,0
WBGene00165111.,0,0,0
WBGene00165112.,0,0,0
WBGene00165113.,0,0,0
WBGene00165114.,0,1,1
WBGene00165115.,0,0,0
WBGene00165116.,0,0,0
WBGene00165117.,0,0,0
WBGene00165118.,0,0,0
WBGene00165119.,0,0,0
WBGene00165120.,0,0,0
WBGene00165121.,0,0,0
WBGene00165122.,0,2,2
WBGene00165123.,0,0,0
WBGene00165124.,0,0,0
WBGene00165125.,0,0,0
WBGene00165126.,0,1,1
WBGene00165127.,0,0,0
WBGene00165128.,0,0,0
WBGene00165129.,0,0,0
WBGene00165130.,0,0,0
WBGene00165131.,0,0,0
WBGene00165132.,0,0,0
WBGene00165133.,0,0,0
WBGene00165134.,0,0,0
WBGene00165135.,0,0,0
WBGene00165136.,0,3,3
WBGene00165137.,0,0,0
WBGene00165138.,0,0,0
WBGene00165139.,0,0,0
WBGene00165140.,0,0,0
WBGene00165141.,0,0,0
WBGene00165142.,0,0,0
WBGene00165143.,0,0,0
WBGene00165144.,0,0,0
WBGene00165146.,0,0,0
WBGene00165147.,0,10,10
WBGene00165148.,0,0,0
WBGene00165149.,0,0,0
WBGene00165150.,0,0,0
WBGene00165151.,0,0,0
WBGene00165152.,0,0,0
WBGene00165153.,0,0,0
WBGene00165154.,0,0,0
WBGene00165155.,0,0,0
WBGene00165156.,0,1,1
WBGene00165157.,0,0,0
WBGene00165158.,0,0,0
WBGene00165159.,0,0,0
WBGene00165160.,0,0,0
WBGene00165161.,0,0,0
WBGene00165162.,0,0,0
WBGene00165163.,0,0,0
WBGene00165164.,0,0,0
WBGene00165165.,0,0,0
WBGene00165166.,0,0,0
WBGene00165167.,0,0,0
WBGene00165168.,0,2,2
WBGene00165169.,0,0,0
WBGene00165170.,0,0,0
WBGene00165171.,0,0,0
WBGene00165172.,0,0,0
WBGene00165173.,0,0,0
WBGene00165174.,0,0,0
WBGene00165175.,0,0,0
WBGene00165176.,0,2,2
WBGene00165177.,0,0,0
WBGene00165178.,0,0,0
WBGene00165179.,0,0,0
WBGene00165180.,0,0,0
WBGene00165181.,0,0,0
WBGene00165182.,0,0,0
WBGene00165183.,0,1,1
WBGene00165184.,0,0,0
WBGene00165185.,0,0,0
WBGene00165186.,0,0,0
WBGene00165187.,0,0,0
WBGene00165188.,0,0,0
WBGene00165189.,0,0,0
WBGene00165190.,0,0,0
WBGene00165191.,0,0,0
WBGene00165192.,0,0,0
WBGene00165193.,0,0,0
WBGene00165194.,0,0,0
WBGene00165195.,0,0,0
WBGene00165196.,0,0,0
WBGene00165197.,0,0,0
WBGene00165198.,0,0,0
WBGene00165199.,0,0,0
WBGene00165200.,0,0,0
WBGene00165201.,0,0,0
WBGene00165202.,0,0,0
WBGene00165203.,0,0,0
WBGene00165204.,0,0,0
WBGene00165205.,0,0,0
WBGene00165206.,0,0,0
WBGene00165207.,0,0,0
WBGene00165208.,0,6,6
WBGene00165209.,0,0,0
WBGene00165210.,0,2,2
WBGene00165211.,0,0,0
WBGene00165212.,0,1,1
WBGene00165213.,0,0,0
WBGene00165214.,0,0,0
WBGene00165215.,0,1,1
WBGene00165217.,0,0,0
WBGene00165218.,0,3,3
WBGene00165219.,0,0,0
WBGene00165220.,0,0,0
WBGene00165221.,0,0,0
WBGene00165222.,0,0,0
WBGene00165223.,0,0,0
WBGene00165224.,0,0,0
WBGene00165225.,0,0,0
WBGene00165226.,0,0,0
WBGene00165227.,0,0,0
WBGene00165228.,0,0,0
WBGene00165229.,0,0,0
WBGene00165230.,0,0,0
WBGene00165231.,0,0,0
WBGene00165232.,0,0,0
WBGene00165233.,0,0,0
WBGene00165234.,0,0,0
WBGene00165235.,0,2,2
WBGene00165236.,0,0,0
WBGene00165237.,0,0,0
WBGene00165238.,0,0,0
WBGene00165239.,0,0,0
WBGene00165240.,0,11,11
WBGene00165241.,0,0,0
WBGene00165242.,0,0,0
WBGene00165243.,0,0,0
WBGene00165244.,0,1,1
WBGene00165245.,0,0,0
WBGene00165246.,0,0,0
WBGene00165247.,0,1,1
WBGene00165248.,0,0,0
WBGene00165249.,0,0,0
WBGene00165250.,0,0,0
WBGene00165251.,0,0,0
WBGene00165252.,0,0,0
WBGene00165253.,0,0,0
WBGene00165254.,0,0,0
WBGene00165255.,0,0,0
WBGene00165256.,0,1,1
WBGene00165257.,0,0,0
WBGene00165258.,0,0,0
WBGene00165259.,0,0,0
WBGene00165260.,0,1,1
WBGene00165261.,0,0,0
WBGene00165262.,0,0,0
WBGene00165263.,0,0,0
WBGene00165264.,0,0,0
WBGene00165265.,0,0,0
WBGene00165266.,0,2,2
WBGene00165267.,0,0,0
WBGene00165268.,0,0,0
WBGene00165269.,0,3,3
WBGene00165270.,0,0,0
WBGene00165271.,0,0,0
WBGene00165272.,0,0,0
WBGene00165273.,0,0,0
WBGene00165274.,0,0,0
WBGene00165275.,0,0,0
WBGene00165276.,0,0,0
WBGene00165277.,0,0,0
WBGene00165278.,0,0,0
WBGene00165279.,0,0,0
WBGene00165280.,0,0,0
WBGene00165281.,0,0,0
WBGene00165282.,0,0,0
WBGene00165283.,0,0,0
WBGene00165284.,0,2,2
WBGene00165285.,0,0,0
WBGene00165286.,0,0,0
WBGene00165287.,0,0,0
WBGene00165288.,0,0,0
WBGene00165289.,0,0,0
WBGene00165290.,0,0,0
WBGene00165291.,0,0,0
WBGene00165292.,0,0,0
WBGene00165293.,0,0,0
WBGene00165294.,0,0,0
WBGene00165295.,0,0,0
WBGene00165296.,0,1,1
WBGene00165297.,0,0,0
WBGene00165298.,0,0,0
WBGene00165299.,0,0,0
WBGene00165300.,0,0,0
WBGene00165301.,0,0,0
WBGene00165302.,0,2,2
WBGene00165303.,0,1,1
WBGene00165304.,0,0,0
WBGene00165305.,0,2,2
WBGene00165306.,0,0,0
WBGene00165307.,0,0,0
WBGene00165308.,0,0,0
WBGene00165309.,0,0,0
WBGene00165310.,0,0,0
WBGene00165311.,0,0,0
WBGene00165312.,0,1,1
WBGene00165313.,0,1,1
WBGene00165314.,0,0,0
WBGene00165315.,0,0,0
WBGene00165316.,0,0,0
WBGene00165317.,0,0,0
WBGene00165318.,0,0,0
WBGene00165319.,0,0,0
WBGene00165320.,0,0,0
WBGene00165321.,0,1,1
WBGene00165322.,0,0,0
WBGene00165323.,0,0,0
WBGene00165324.,0,1,1
WBGene00165325.,0,2,2
WBGene00165326.,0,0,0
WBGene00165327.,0,0,0
WBGene00165328.,0,0,0
WBGene00165329.,0,0,0
WBGene00165330.,0,0,0
WBGene00165331.,0,0,0
WBGene00165332.,0,0,0
WBGene00165333.,0,0,0
WBGene00165334.,0,2,2
WBGene00165335.,0,0,0
WBGene00165336.,0,0,0
WBGene00165337.,0,0,0
WBGene00165338.,0,0,0
WBGene00165339.,0,0,0
WBGene00165340.,0,0,0
WBGene00165341.,0,0,0
WBGene00165342.,0,0,0
WBGene00165343.,0,0,0
WBGene00165344.,0,4,4
WBGene00165345.,0,0,0
WBGene00165346.,0,0,0
WBGene00165347.,0,0,0
WBGene00165348.,0,7,7
WBGene00165349.,0,1,1
WBGene00165350.,0,1,1
WBGene00165351.,0,0,0
WBGene00165352.,0,0,0
WBGene00165353.,0,0,0
WBGene00165354.,0,2,2
WBGene00165355.,0,0,0
WBGene00165356.,0,0,0
WBGene00165357.,0,0,0
WBGene00165358.,0,0,0
WBGene00165359.,0,0,0
WBGene00165360.,0,0,0
WBGene00165361.,0,0,0
WBGene00165362.,0,0,0
WBGene00165363.,0,0,0
WBGene00165364.,0,1,1
WBGene00165365.,0,0,0
WBGene00165366.,0,0,0
WBGene00165367.,0,0,0
WBGene00165368.,0,0,0
WBGene00165369.,0,0,0
WBGene00165370.,0,0,0
WBGene00165371.,0,0,0
WBGene00165372.,0,0,0
WBGene00165373.,0,7,7
WBGene00165374.,0,0,0
WBGene00165375.,0,0,0
WBGene00165376.,0,8,8
WBGene00165377.,0,0,0
WBGene00165378.,0,0,0
WBGene00165379.,0,2,2
WBGene00165380.,0,0,0
WBGene00165381.,0,0,0
WBGene00165382.,0,3,3
WBGene00165383.,0,0,0
WBGene00165384.,0,1,1
WBGene00165385.,0,0,0
WBGene00165386.,0,0,0
WBGene00165387.,0,0,0
WBGene00165388.,0,0,0
WBGene00165389.,0,0,0
WBGene00165390.,0,0,0
WBGene00165391.,0,0,0
WBGene00165392.,0,0,0
WBGene00165393.,0,0,0
WBGene00165394.,0,0,0
WBGene00165395.,0,0,0
WBGene00165396.,0,0,0
WBGene00165397.,0,0,0
WBGene00165398.,0,0,0
WBGene00165399.,0,4,4
WBGene00165400.,0,0,0
WBGene00165401.,0,0,0
WBGene00165402.,0,0,0
WBGene00165403.,0,0,0
WBGene00165404.,0,0,0
WBGene00165405.,0,0,0
WBGene00165406.,0,0,0
WBGene00165407.,0,0,0
WBGene00165408.,0,0,0
WBGene00165409.,0,0,0
WBGene00165410.,0,0,0
WBGene00165411.,0,0,0
WBGene00165412.,0,0,0
WBGene00165413.,0,1,1
WBGene00165414.,0,0,0
WBGene00165415.,0,0,0
WBGene00165416.,0,0,0
WBGene00165417.,0,0,0
WBGene00165418.,0,2,2
WBGene00165419.,0,0,0
WBGene00165420.,0,0,0
WBGene00165421.,0,0,0
WBGene00165422.,0,1,1
WBGene00165423.,0,0,0
WBGene00165424.,0,0,0
WBGene00165425.,0,0,0
WBGene00165426.,0,0,0
WBGene00165427.,0,1,1
WBGene00165428.,0,0,0
WBGene00165429.,0,0,0
WBGene00165430.,0,0,0
WBGene00165431.,0,1,1
WBGene00165432.,0,0,0
WBGene00165433.,0,0,0
WBGene00165434.,0,0,0
WBGene00165435.,0,2,2
WBGene00165436.,0,0,0
WBGene00165438.,0,0,0
WBGene00165439.,0,0,0
WBGene00165440.,0,0,0
WBGene00165441.,0,0,0
WBGene00165442.,0,0,0
WBGene00165443.,0,0,0
WBGene00165444.,0,0,0
WBGene00165445.,0,0,0
WBGene00165446.,0,0,0
WBGene00165447.,0,0,0
WBGene00165448.,0,1,1
WBGene00165449.,0,1,1
WBGene00165450.,0,0,0
WBGene00165451.,0,0,0
WBGene00165452.,0,0,0
WBGene00165453.,0,0,0
WBGene00165454.,0,0,0
WBGene00165455.,0,0,0
WBGene00165456.,0,0,0
WBGene00165457.,0,0,0
WBGene00165458.,0,0,0
WBGene00165459.,0,0,0
WBGene00165460.,0,0,0
WBGene00165461.,0,0,0
WBGene00165462.,0,3,3
WBGene00165463.,0,0,0
WBGene00165464.,0,0,0
WBGene00165465.,0,0,0
WBGene00165466.,0,0,0
WBGene00165467.,0,1,1
WBGene00165468.,0,0,0
WBGene00165469.,0,0,0
WBGene00165470.,0,0,0
WBGene00165471.,0,0,0
WBGene00165472.,0,0,0
WBGene00165473.,0,0,0
WBGene00165474.,0,0,0
WBGene00165475.,0,0,0
WBGene00165476.,0,0,0
WBGene00165477.,0,0,0
WBGene00165478.,0,0,0
WBGene00165479.,0,0,0
WBGene00165480.,0,0,0
WBGene00165481.,0,0,0
WBGene00165482.,0,0,0
WBGene00165483.,0,0,0
WBGene00165484.,0,0,0
WBGene00165485.,0,0,0
WBGene00165486.,0,7,7
WBGene00165487.,0,0,0
WBGene00165488.,0,0,0
WBGene00165489.,0,0,0
WBGene00165490.,0,0,0
WBGene00165491.,0,0,0
WBGene00165492.,0,0,0
WBGene00165493.,0,0,0
WBGene00165494.,0,0,0
WBGene00165495.,0,0,0
WBGene00165496.,0,0,0
WBGene00165497.,0,0,0
WBGene00165498.,0,0,0
WBGene00165499.,0,1,1
WBGene00165500.,0,0,0
WBGene00165501.,0,0,0
WBGene00165502.,0,0,0
WBGene00165503.,0,0,0
WBGene00165504.,0,0,0
WBGene00165505.,0,0,0
WBGene00165506.,0,1,1
WBGene00165507.,0,0,0
WBGene00165508.,0,0,0
WBGene00165509.,0,0,0
WBGene00165510.,0,0,0
WBGene00165511.,0,0,0
WBGene00165512.,0,0,0
WBGene00165513.,0,5,5
WBGene00165514.,0,0,0
WBGene00165515.,0,0,0
WBGene00165516.,0,0,0
WBGene00165517.,0,0,0
WBGene00165518.,0,0,0
WBGene00165519.,0,0,0
WBGene00165520.,0,0,0
WBGene00165521.,0,0,0
WBGene00165522.,0,0,0
WBGene00165523.,0,0,0
WBGene00165524.,0,0,0
WBGene00165525.,0,0,0
WBGene00165526.,0,0,0
WBGene00165527.,0,0,0
WBGene00165528.,0,0,0
WBGene00165529.,0,0,0
WBGene00165530.,0,0,0
WBGene00165531.,0,0,0
WBGene00165532.,0,0,0
WBGene00165533.,0,0,0
WBGene00165534.,0,0,0
WBGene00165535.,0,0,0
WBGene00165536.,0,0,0
WBGene00165537.,0,0,0
WBGene00165538.,0,0,0
WBGene00165539.,0,0,0
WBGene00165540.,0,0,0
WBGene00165541.,0,2,2
WBGene00165542.,0,2,2
WBGene00165543.,0,0,0
WBGene00165544.,0,1,1
WBGene00165545.,0,1,1
WBGene00165546.,0,0,0
WBGene00165547.,0,0,0
WBGene00165548.,0,0,0
WBGene00165549.,0,0,0
WBGene00165550.,0,0,0
WBGene00165551.,0,0,0
WBGene00165552.,0,0,0
WBGene00165553.,0,0,0
WBGene00165554.,0,0,0
WBGene00165555.,0,0,0
WBGene00165556.,0,0,0
WBGene00165557.,0,0,0
WBGene00165558.,0,91,91
WBGene00165559.,0,0,0
WBGene00165560.,0,0,0
WBGene00165561.,0,0,0
WBGene00165562.,0,0,0
WBGene00165563.,0,0,0
WBGene00165564.,0,0,0
WBGene00165565.,0,0,0
WBGene00165566.,0,1,1
WBGene00165567.,0,0,0
WBGene00165568.,0,0,0
WBGene00165569.,0,0,0
WBGene00165570.,0,0,0
WBGene00165571.,0,0,0
WBGene00165572.,0,0,0
WBGene00165573.,0,1,1
WBGene00165574.,0,0,0
WBGene00165575.,0,0,0
WBGene00165576.,0,0,0
WBGene00165577.,0,0,0
WBGene00165578.,0,0,0
WBGene00165579.,0,0,0
WBGene00165580.,0,0,0
WBGene00165581.,0,0,0
WBGene00165582.,0,4,4
WBGene00165583.,0,0,0
WBGene00165584.,0,0,0
WBGene00165585.,0,0,0
WBGene00165586.,0,0,0
WBGene00165587.,0,2,2
WBGene00165588.,0,0,0
WBGene00165589.,0,0,0
WBGene00165590.,0,1,1
WBGene00165591.,0,1,1
WBGene00165592.,0,0,0
WBGene00165593.,0,0,0
WBGene00165594.,0,0,0
WBGene00165595.,0,0,0
WBGene00165596.,0,1,1
WBGene00165597.,0,0,0
WBGene00165598.,0,0,0
WBGene00165599.,0,0,0
WBGene00165600.,0,0,0
WBGene00165601.,0,0,0
WBGene00165602.,0,0,0
WBGene00165603.,0,1,1
WBGene00165604.,0,0,0
WBGene00165605.,0,0,0
WBGene00165606.,0,0,0
WBGene00165607.,0,0,0
WBGene00165608.,0,0,0
WBGene00165609.,0,2,2
WBGene00165610.,0,0,0
WBGene00165611.,0,0,0
WBGene00165612.,0,0,0
WBGene00165613.,0,0,0
WBGene00165614.,0,0,0
WBGene00165615.,0,0,0
WBGene00165616.,0,0,0
WBGene00165617.,0,0,0
WBGene00165618.,0,0,0
WBGene00165619.,0,0,0
WBGene00165620.,0,2,2
WBGene00165621.,0,0,0
WBGene00165622.,0,0,0
WBGene00165623.,0,0,0
WBGene00165624.,0,0,0
WBGene00165625.,0,0,0
WBGene00165626.,0,0,0
WBGene00165627.,0,0,0
WBGene00165628.,0,0,0
WBGene00165629.,0,0,0
WBGene00165630.,0,0,0
WBGene00165631.,0,0,0
WBGene00165632.,0,0,0
WBGene00165633.,0,0,0
WBGene00165634.,0,0,0
WBGene00165635.,0,0,0
WBGene00165636.,0,0,0
WBGene00165637.,0,0,0
WBGene00165638.,0,0,0
WBGene00165639.,0,0,0
WBGene00165640.,0,0,0
WBGene00165641.,0,0,0
WBGene00165642.,0,0,0
WBGene00165643.,0,0,0
WBGene00165644.,0,0,0
WBGene00165645.,0,0,0
WBGene00165646.,0,0,0
WBGene00165647.,0,0,0
WBGene00165648.,0,1,1
WBGene00165649.,0,4,4
WBGene00165650.,0,4,4
WBGene00165651.,0,0,0
WBGene00165652.,0,0,0
WBGene00165653.,0,0,0
WBGene00165654.,0,1,1
WBGene00165655.,0,0,0
WBGene00165656.,0,0,0
WBGene00165657.,0,0,0
WBGene00165658.,0,0,0
WBGene00165659.,0,0,0
WBGene00165660.,0,0,0
WBGene00165661.,0,0,0
WBGene00165662.,0,0,0
WBGene00165663.,0,0,0
WBGene00165664.,0,0,0
WBGene00165665.,0,0,0
WBGene00165666.,0,5,5
WBGene00165667.,0,0,0
WBGene00165668.,0,0,0
WBGene00165669.,0,0,0
WBGene00165670.,0,0,0
WBGene00165671.,0,0,0
WBGene00165672.,0,0,0
WBGene00165673.,0,0,0
WBGene00165674.,0,0,0
WBGene00165675.,0,0,0
WBGene00165676.,0,0,0
WBGene00165677.,0,0,0
WBGene00165678.,0,0,0
WBGene00165679.,0,0,0
WBGene00165680.,0,1,1
WBGene00165681.,0,0,0
WBGene00165682.,0,0,0
WBGene00165683.,0,0,0
WBGene00165684.,0,0,0
WBGene00165685.,0,0,0
WBGene00165686.,0,0,0
WBGene00165687.,0,4,4
WBGene00165688.,0,0,0
WBGene00165689.,0,0,0
WBGene00165690.,0,2,2
WBGene00165691.,0,0,0
WBGene00165692.,0,0,0
WBGene00165693.,0,0,0
WBGene00165694.,0,0,0
WBGene00165695.,0,0,0
WBGene00165696.,0,0,0
WBGene00165697.,0,0,0
WBGene00165698.,0,0,0
WBGene00165699.,0,0,0
WBGene00165700.,0,0,0
WBGene00165701.,0,0,0
WBGene00165702.,0,0,0
WBGene00165703.,0,0,0
WBGene00165704.,0,0,0
WBGene00165705.,0,2,2
WBGene00165706.,0,0,0
WBGene00165707.,0,0,0
WBGene00165708.,0,1,1
WBGene00165709.,0,0,0
WBGene00165710.,0,0,0
WBGene00165711.,0,0,0
WBGene00165712.,0,0,0
WBGene00165713.,0,1,1
WBGene00165714.,0,0,0
WBGene00165715.,0,0,0
WBGene00165716.,0,0,0
WBGene00165717.,0,3,3
WBGene00165718.,0,0,0
WBGene00165719.,0,0,0
WBGene00165720.,0,1,1
WBGene00165721.,0,0,0
WBGene00165722.,0,0,0
WBGene00165723.,0,1,1
WBGene00165724.,0,0,0
WBGene00165725.,0,0,0
WBGene00165726.,0,0,0
WBGene00165727.,0,0,0
WBGene00165728.,0,0,0
WBGene00165729.,0,5,5
WBGene00165730.,0,0,0
WBGene00165731.,0,0,0
WBGene00165732.,0,0,0
WBGene00165733.,0,2,2
WBGene00165734.,0,8,8
WBGene00165735.,0,0,0
WBGene00165736.,0,0,0
WBGene00165737.,0,0,0
WBGene00165738.,0,0,0
WBGene00165739.,0,0,0
WBGene00165740.,0,0,0
WBGene00165741.,0,0,0
WBGene00165742.,0,0,0
WBGene00165743.,0,0,0
WBGene00165744.,0,0,0
WBGene00165745.,0,0,0
WBGene00165746.,0,0,0
WBGene00165747.,0,0,0
WBGene00165748.,0,1,1
WBGene00165749.,0,0,0
WBGene00165750.,0,0,0
WBGene00165751.,0,0,0
WBGene00165752.,0,1,1
WBGene00165753.,0,7,7
WBGene00165754.,0,0,0
WBGene00165755.,0,0,0
WBGene00165756.,0,0,0
WBGene00165757.,0,0,0
WBGene00165758.,0,0,0
WBGene00165759.,0,0,0
WBGene00165760.,0,0,0
WBGene00165761.,0,0,0
WBGene00165762.,0,0,0
WBGene00165763.,0,2,2
WBGene00165764.,0,0,0
WBGene00165765.,0,0,0
WBGene00165766.,0,0,0
WBGene00165767.,0,3,3
WBGene00165768.,0,0,0
WBGene00165769.,0,0,0
WBGene00165770.,0,1,1
WBGene00165771.,0,0,0
WBGene00165772.,0,0,0
WBGene00165773.,0,4,4
WBGene00165774.,0,0,0
WBGene00165775.,0,0,0
WBGene00165776.,0,1,1
WBGene00165777.,0,0,0
WBGene00165778.,0,0,0
WBGene00165779.,0,5,5
WBGene00165780.,0,0,0
WBGene00165781.,0,0,0
WBGene00165782.,0,0,0
WBGene00165783.,0,0,0
WBGene00165784.,0,0,0
WBGene00165785.,0,0,0
WBGene00165786.,0,1,1
WBGene00165787.,0,0,0
WBGene00165788.,0,0,0
WBGene00165789.,0,0,0
WBGene00165790.,0,0,0
WBGene00165791.,0,0,0
WBGene00165792.,0,0,0
WBGene00165793.,0,0,0
WBGene00165794.,0,0,0
WBGene00165795.,0,0,0
WBGene00165796.,0,0,0
WBGene00165797.,0,0,0
WBGene00165798.,0,0,0
WBGene00165799.,0,0,0
WBGene00165800.,0,0,0
WBGene00165801.,0,0,0
WBGene00165802.,0,0,0
WBGene00165803.,0,0,0
WBGene00165804.,0,0,0
WBGene00165805.,0,1,1
WBGene00165806.,0,1,1
WBGene00165807.,0,0,0
WBGene00165808.,0,0,0
WBGene00165809.,0,0,0
WBGene00165810.,0,1,1
WBGene00165811.,0,0,0
WBGene00165812.,0,0,0
WBGene00165813.,0,0,0
WBGene00165814.,0,0,0
WBGene00165815.,0,0,0
WBGene00165816.,0,0,0
WBGene00165817.,0,0,0
WBGene00165818.,0,0,0
WBGene00165819.,0,0,0
WBGene00165820.,0,0,0
WBGene00165821.,0,0,0
WBGene00165822.,0,0,0
WBGene00165823.,0,0,0
WBGene00165824.,0,0,0
WBGene00165825.,0,1,1
WBGene00165826.,0,6,6
WBGene00165827.,0,0,0
WBGene00165828.,0,0,0
WBGene00165829.,0,0,0
WBGene00165830.,0,2,2
WBGene00165831.,0,0,0
WBGene00165832.,0,0,0
WBGene00165833.,0,0,0
WBGene00165834.,0,0,0
WBGene00165835.,0,5,5
WBGene00165836.,0,0,0
WBGene00165837.,0,0,0
WBGene00165838.,0,0,0
WBGene00165839.,0,0,0
WBGene00165840.,0,0,0
WBGene00165841.,0,0,0
WBGene00165842.,0,0,0
WBGene00165843.,0,0,0
WBGene00165844.,0,0,0
WBGene00165845.,0,0,0
WBGene00165846.,0,0,0
WBGene00165847.,0,0,0
WBGene00165848.,0,0,0
WBGene00165849.,0,0,0
WBGene00165850.,0,0,0
WBGene00165851.,0,0,0
WBGene00165852.,0,0,0
WBGene00165853.,0,0,0
WBGene00165854.,0,1,1
WBGene00165855.,0,0,0
WBGene00165856.,0,0,0
WBGene00165857.,0,1,1
WBGene00165858.,0,0,0
WBGene00165859.,0,0,0
WBGene00165860.,0,0,0
WBGene00165861.,0,0,0
WBGene00165862.,0,0,0
WBGene00165863.,0,0,0
WBGene00165864.,0,1,1
WBGene00165865.,0,1,1
WBGene00165866.,0,0,0
WBGene00165867.,0,0,0
WBGene00165868.,0,0,0
WBGene00165869.,0,0,0
WBGene00165870.,0,0,0
WBGene00165871.,0,0,0
WBGene00165872.,0,0,0
WBGene00165873.,0,0,0
WBGene00165874.,0,0,0
WBGene00165875.,0,0,0
WBGene00165876.,0,0,0
WBGene00165877.,0,0,0
WBGene00165878.,0,0,0
WBGene00165879.,0,2,2
WBGene00165880.,0,0,0
WBGene00165881.,0,0,0
WBGene00165882.,0,0,0
WBGene00165883.,0,0,0
WBGene00165884.,0,0,0
WBGene00165885.,0,0,0
WBGene00165886.,0,1,1
WBGene00165887.,0,0,0
WBGene00165888.,0,0,0
WBGene00165889.,0,1,1
WBGene00165890.,0,0,0
WBGene00165891.,0,0,0
WBGene00165892.,0,3,3
WBGene00165893.,0,3,3
WBGene00165894.,0,0,0
WBGene00165895.,0,0,0
WBGene00165896.,0,0,0
WBGene00165897.,0,0,0
WBGene00165898.,0,0,0
WBGene00165899.,0,1,1
WBGene00165900.,0,0,0
WBGene00165901.,0,0,0
WBGene00165902.,0,0,0
WBGene00165903.,0,0,0
WBGene00165904.,0,0,0
WBGene00165905.,0,0,0
WBGene00165906.,0,0,0
WBGene00165907.,0,1,1
WBGene00165908.,0,0,0
WBGene00165909.,0,0,0
WBGene00165910.,0,1,1
WBGene00165911.,0,0,0
WBGene00165912.,0,0,0
WBGene00165913.,0,4,4
WBGene00165914.,0,0,0
WBGene00165915.,0,0,0
WBGene00165916.,0,0,0
WBGene00165917.,0,0,0
WBGene00165918.,0,0,0
WBGene00165919.,0,0,0
WBGene00165920.,0,0,0
WBGene00165921.,0,0,0
WBGene00165922.,0,0,0
WBGene00165923.,0,0,0
WBGene00165924.,0,2,2
WBGene00165925.,0,0,0
WBGene00165926.,0,0,0
WBGene00165927.,0,0,0
WBGene00165928.,0,0,0
WBGene00165929.,0,0,0
WBGene00165930.,0,0,0
WBGene00165931.,0,0,0
WBGene00165932.,0,1,1
WBGene00165933.,0,7,7
WBGene00165934.,0,0,0
WBGene00165935.,0,0,0
WBGene00165936.,0,2,2
WBGene00165937.,0,0,0
WBGene00165938.,0,0,0
WBGene00165939.,0,4,4
WBGene00165940.,0,0,0
WBGene00165941.,0,0,0
WBGene00165942.,0,0,0
WBGene00165943.,0,1,1
WBGene00165944.,0,0,0
WBGene00165945.,0,1,1
WBGene00165946.,0,0,0
WBGene00165947.,0,8,8
WBGene00165948.,0,0,0
WBGene00165949.,0,3,3
WBGene00165950.,0,3,3
WBGene00165951.,0,0,0
WBGene00165952.,0,2,2
WBGene00165953.,0,0,0
WBGene00165954.,0,1,1
WBGene00165955.,0,0,0
WBGene00165956.,0,12,12
WBGene00165957.,0,0,0
WBGene00165958.,0,0,0
WBGene00165959.,0,0,0
WBGene00165960.,0,0,0
WBGene00165961.,0,0,0
WBGene00165962.,0,0,0
WBGene00165963.,0,0,0
WBGene00165964.,0,0,0
WBGene00165965.,0,0,0
WBGene00165966.,0,3,3
WBGene00165967.,0,0,0
WBGene00165968.,0,0,0
WBGene00165969.,0,0,0
WBGene00165970.,0,0,0
WBGene00165971.,0,0,0
WBGene00165972.,0,0,0
WBGene00165973.,0,0,0
WBGene00165974.,0,0,0
WBGene00165975.,0,1,1
WBGene00165976.,0,0,0
WBGene00165977.,0,0,0
WBGene00165978.,0,0,0
WBGene00165979.,0,0,0
WBGene00165980.,0,0,0
WBGene00165981.,0,0,0
WBGene00165982.,0,0,0
WBGene00165983.,0,0,0
WBGene00165984.,0,0,0
WBGene00165985.,0,0,0
WBGene00165986.,0,0,0
WBGene00165987.,0,1,1
WBGene00165988.,0,0,0
WBGene00165989.,0,0,0
WBGene00165990.,0,11,11
WBGene00165991.,0,0,0
WBGene00165992.,0,0,0
WBGene00165993.,0,1,1
WBGene00165994.,0,0,0
WBGene00165995.,0,0,0
WBGene00165996.,0,0,0
WBGene00165997.,0,0,0
WBGene00165998.,0,0,0
WBGene00165999.,0,0,0
WBGene00166000.,0,0,0
WBGene00166001.,0,0,0
WBGene00166002.,0,0,0
WBGene00166003.,0,0,0
WBGene00166004.,0,0,0
WBGene00166005.,0,0,0
WBGene00166006.,0,0,0
WBGene00166007.,0,0,0
WBGene00166008.,0,1,1
WBGene00166009.,0,1,1
WBGene00166010.,0,1,1
WBGene00166011.,0,0,0
WBGene00166012.,0,0,0
WBGene00166013.,0,0,0
WBGene00166014.,0,0,0
WBGene00166015.,0,0,0
WBGene00166016.,0,0,0
WBGene00166017.,0,0,0
WBGene00166018.,0,0,0
WBGene00166019.,0,0,0
WBGene00166020.,0,0,0
WBGene00166021.,0,2,2
WBGene00166022.,0,0,0
WBGene00166023.,0,0,0
WBGene00166024.,0,0,0
WBGene00166025.,0,0,0
WBGene00166026.,0,0,0
WBGene00166027.,0,0,0
WBGene00166028.,0,0,0
WBGene00166029.,0,0,0
WBGene00166030.,0,0,0
WBGene00166031.,0,0,0
WBGene00166032.,0,0,0
WBGene00166033.,0,0,0
WBGene00166034.,0,0,0
WBGene00166035.,0,0,0
WBGene00166036.,0,0,0
WBGene00166037.,0,0,0
WBGene00166038.,0,0,0
WBGene00166039.,0,1,1
WBGene00166040.,0,0,0
WBGene00166041.,0,18,18
WBGene00166042.,0,0,0
WBGene00166043.,0,0,0
WBGene00166044.,0,0,0
WBGene00166045.,0,0,0
WBGene00166046.,0,0,0
WBGene00166047.,0,1,1
WBGene00166048.,0,0,0
WBGene00166049.,0,0,0
WBGene00166050.,0,0,0
WBGene00166051.,0,1,1
WBGene00166052.,0,0,0
WBGene00166053.,0,0,0
WBGene00166054.,0,0,0
WBGene00166055.,0,0,0
WBGene00166057.,0,0,0
WBGene00166058.,0,1,1
WBGene00166059.,0,0,0
WBGene00166060.,0,0,0
WBGene00166062.,0,0,0
WBGene00166063.,0,0,0
WBGene00166064.,0,0,0
WBGene00166065.,0,1,1
WBGene00166066.,0,0,0
WBGene00166067.,0,0,0
WBGene00166068.,0,0,0
WBGene00166069.,0,0,0
WBGene00166070.,0,0,0
WBGene00166071.,0,0,0
WBGene00166072.,0,0,0
WBGene00166073.,0,0,0
WBGene00166074.,0,0,0
WBGene00166075.,0,0,0
WBGene00166076.,0,0,0
WBGene00166077.,0,0,0
WBGene00166078.,0,0,0
WBGene00166079.,0,0,0
WBGene00166080.,0,0,0
WBGene00166081.,0,0,0
WBGene00166082.,0,6,6
WBGene00166083.,0,0,0
WBGene00166084.,0,1,1
WBGene00166085.,0,1,1
WBGene00166086.,0,0,0
WBGene00166087.,0,0,0
WBGene00166088.,0,0,0
WBGene00166089.,0,0,0
WBGene00166090.,0,0,0
WBGene00166091.,0,0,0
WBGene00166092.,0,0,0
WBGene00166093.,0,11,11
WBGene00166094.,0,0,0
WBGene00166095.,0,0,0
WBGene00166096.,0,2,2
WBGene00166097.,0,1,1
WBGene00166098.,0,0,0
WBGene00166099.,0,0,0
WBGene00166100.,0,3,3
WBGene00166101.,0,0,0
WBGene00166102.,0,0,0
WBGene00166103.,0,0,0
WBGene00166104.,0,0,0
WBGene00166105.,0,4,4
WBGene00166106.,0,0,0
WBGene00166107.,0,0,0
WBGene00166108.,0,0,0
WBGene00166109.,0,0,0
WBGene00166110.,0,0,0
WBGene00166111.,0,0,0
WBGene00166112.,0,0,0
WBGene00166113.,0,0,0
WBGene00166114.,0,0,0
WBGene00166115.,0,0,0
WBGene00166116.,0,0,0
WBGene00166117.,0,0,0
WBGene00166118.,0,0,0
WBGene00166119.,0,0,0
WBGene00166120.,0,0,0
WBGene00166121.,0,0,0
WBGene00166122.,0,0,0
WBGene00166123.,0,0,0
WBGene00166124.,0,0,0
WBGene00166125.,0,0,0
WBGene00166126.,0,0,0
WBGene00166127.,0,0,0
WBGene00166128.,0,0,0
WBGene00166129.,0,0,0
WBGene00166130.,0,0,0
WBGene00166131.,0,0,0
WBGene00166132.,0,0,0
WBGene00166133.,0,0,0
WBGene00166134.,0,0,0
WBGene00166135.,0,0,0
WBGene00166136.,0,0,0
WBGene00166137.,0,0,0
WBGene00166138.,0,0,0
WBGene00166139.,0,0,0
WBGene00166140.,0,0,0
WBGene00166141.,0,0,0
WBGene00166142.,0,0,0
WBGene00166143.,0,1,1
WBGene00166144.,0,0,0
WBGene00166145.,0,0,0
WBGene00166146.,0,0,0
WBGene00166147.,0,0,0
WBGene00166148.,0,0,0
WBGene00166149.,0,0,0
WBGene00166150.,0,0,0
WBGene00166151.,0,0,0
WBGene00166152.,0,0,0
WBGene00166153.,0,0,0
WBGene00166154.,0,0,0
WBGene00166155.,0,0,0
WBGene00166156.,0,0,0
WBGene00166157.,0,0,0
WBGene00166158.,0,0,0
WBGene00166159.,0,0,0
WBGene00166160.,0,5,5
WBGene00166161.,0,0,0
WBGene00166162.,0,0,0
WBGene00166163.,0,0,0
WBGene00166164.,0,5,5
WBGene00166165.,0,0,0
WBGene00166166.,0,1,1
WBGene00166167.,0,0,0
WBGene00166168.,0,0,0
WBGene00166169.,0,0,0
WBGene00166170.,0,0,0
WBGene00166171.,0,0,0
WBGene00166172.,0,0,0
WBGene00166173.,0,0,0
WBGene00166174.,0,6,6
WBGene00166175.,0,0,0
WBGene00166176.,0,0,0
WBGene00166177.,0,0,0
WBGene00166178.,0,0,0
WBGene00166179.,0,0,0
WBGene00166180.,0,0,0
WBGene00166181.,0,0,0
WBGene00166182.,0,0,0
WBGene00166183.,0,1,1
WBGene00166184.,0,0,0
WBGene00166185.,0,0,0
WBGene00166186.,0,1,1
WBGene00166187.,0,0,0
WBGene00166188.,0,0,0
WBGene00166189.,0,0,0
WBGene00166190.,0,0,0
WBGene00166191.,0,0,0
WBGene00166192.,0,2,2
WBGene00166193.,0,0,0
WBGene00166194.,0,0,0
WBGene00166195.,0,0,0
WBGene00166196.,0,0,0
WBGene00166197.,0,0,0
WBGene00166198.,0,0,0
WBGene00166199.,0,0,0
WBGene00166200.,0,0,0
WBGene00166201.,0,1,1
WBGene00166202.,0,0,0
WBGene00166203.,0,0,0
WBGene00166204.,0,0,0
WBGene00166205.,0,3,3
WBGene00166206.,0,1,1
WBGene00166207.,0,0,0
WBGene00166208.,0,0,0
WBGene00166209.,0,0,0
WBGene00166210.,0,0,0
WBGene00166211.,0,0,0
WBGene00166212.,0,0,0
WBGene00166213.,0,0,0
WBGene00166214.,0,0,0
WBGene00166215.,0,0,0
WBGene00166216.,0,1,1
WBGene00166217.,0,0,0
WBGene00166218.,0,0,0
WBGene00166219.,0,0,0
WBGene00166220.,0,0,0
WBGene00166221.,0,1,1
WBGene00166222.,0,0,0
WBGene00166223.,0,0,0
WBGene00166224.,0,0,0
WBGene00166225.,0,0,0
WBGene00166226.,0,0,0
WBGene00166227.,0,0,0
WBGene00166228.,0,0,0
WBGene00166229.,0,1,1
WBGene00166230.,0,0,0
WBGene00166231.,0,0,0
WBGene00166232.,0,0,0
WBGene00166233.,0,0,0
WBGene00166234.,0,0,0
WBGene00166235.,0,0,0
WBGene00166236.,0,0,0
WBGene00166237.,0,2,2
WBGene00166238.,0,0,0
WBGene00166239.,0,0,0
WBGene00166240.,0,0,0
WBGene00166241.,0,1,1
WBGene00166242.,0,0,0
WBGene00166243.,0,0,0
WBGene00166244.,0,0,0
WBGene00166245.,0,0,0
WBGene00166246.,0,0,0
WBGene00166247.,0,0,0
WBGene00166248.,0,2,2
WBGene00166249.,0,0,0
WBGene00166250.,0,0,0
WBGene00166251.,0,0,0
WBGene00166252.,0,0,0
WBGene00166253.,0,0,0
WBGene00166254.,0,0,0
WBGene00166255.,0,0,0
WBGene00166256.,0,0,0
WBGene00166257.,0,0,0
WBGene00166258.,0,0,0
WBGene00166259.,0,0,0
WBGene00166260.,0,0,0
WBGene00166261.,0,0,0
WBGene00166262.,0,0,0
WBGene00166263.,0,0,0
WBGene00166264.,0,0,0
WBGene00166265.,0,0,0
WBGene00166266.,0,0,0
WBGene00166267.,0,0,0
WBGene00166268.,0,0,0
WBGene00166269.,0,0,0
WBGene00166270.,0,0,0
WBGene00166271.,0,0,0
WBGene00166272.,0,0,0
WBGene00166273.,0,0,0
WBGene00166274.,0,0,0
WBGene00166275.,0,0,0
WBGene00166276.,0,0,0
WBGene00166277.,0,0,0
WBGene00166278.,0,0,0
WBGene00166279.,0,0,0
WBGene00166280.,0,0,0
WBGene00166281.,0,1,1
WBGene00166282.,0,0,0
WBGene00166283.,0,0,0
WBGene00166284.,0,0,0
WBGene00166285.,0,0,0
WBGene00166286.,0,0,0
WBGene00166287.,0,0,0
WBGene00166288.,0,0,0
WBGene00166289.,0,0,0
WBGene00166290.,0,0,0
WBGene00166291.,0,0,0
WBGene00166292.,0,0,0
WBGene00166293.,0,0,0
WBGene00166294.,0,0,0
WBGene00166295.,0,0,0
WBGene00166296.,0,1,1
WBGene00166297.,0,0,0
WBGene00166298.,0,0,0
WBGene00166299.,0,0,0
WBGene00166300.,0,0,0
WBGene00166301.,0,0,0
WBGene00166302.,0,0,0
WBGene00166303.,0,0,0
WBGene00166304.,0,0,0
WBGene00166305.,0,2,2
WBGene00166306.,0,0,0
WBGene00166307.,0,0,0
WBGene00166308.,0,0,0
WBGene00166309.,0,0,0
WBGene00166310.,0,0,0
WBGene00166311.,0,0,0
WBGene00166312.,0,0,0
WBGene00166313.,0,0,0
WBGene00166314.,0,2,2
WBGene00166315.,0,0,0
WBGene00166316.,0,0,0
WBGene00166317.,0,0,0
WBGene00166318.,0,0,0
WBGene00166319.,0,0,0
WBGene00166320.,0,0,0
WBGene00166321.,0,0,0
WBGene00166322.,0,2,2
WBGene00166323.,0,0,0
WBGene00166324.,0,0,0
WBGene00166325.,0,0,0
WBGene00166326.,0,0,0
WBGene00166327.,0,0,0
WBGene00166328.,0,0,0
WBGene00166329.,0,0,0
WBGene00166330.,0,0,0
WBGene00166331.,0,0,0
WBGene00166332.,0,0,0
WBGene00166333.,0,0,0
WBGene00166334.,0,0,0
WBGene00166335.,0,0,0
WBGene00166336.,0,1,1
WBGene00166337.,0,0,0
WBGene00166338.,0,0,0
WBGene00166339.,0,2,2
WBGene00166340.,0,0,0
WBGene00166341.,0,0,0
WBGene00166342.,0,0,0
WBGene00166343.,0,0,0
WBGene00166344.,0,0,0
WBGene00166345.,0,0,0
WBGene00166346.,0,1,1
WBGene00166347.,0,0,0
WBGene00166348.,0,1,1
WBGene00166349.,0,0,0
WBGene00166350.,0,0,0
WBGene00166351.,0,0,0
WBGene00166352.,0,0,0
WBGene00166353.,0,0,0
WBGene00166354.,0,0,0
WBGene00166355.,0,0,0
WBGene00166356.,0,0,0
WBGene00166357.,0,0,0
WBGene00166358.,0,0,0
WBGene00166359.,0,0,0
WBGene00166360.,0,0,0
WBGene00166361.,0,0,0
WBGene00166362.,0,0,0
WBGene00166363.,0,0,0
WBGene00166364.,0,0,0
WBGene00166365.,0,0,0
WBGene00166366.,0,0,0
WBGene00166367.,0,0,0
WBGene00166368.,0,0,0
WBGene00166369.,0,0,0
WBGene00166370.,0,0,0
WBGene00166371.,0,3,3
WBGene00166372.,0,0,0
WBGene00166373.,0,0,0
WBGene00166374.,0,1,1
WBGene00166375.,0,0,0
WBGene00166376.,0,0,0
WBGene00166377.,0,2,2
WBGene00166378.,0,2,2
WBGene00166379.,0,0,0
WBGene00166380.,0,1,1
WBGene00166381.,0,0,0
WBGene00166382.,0,0,0
WBGene00166383.,0,0,0
WBGene00166384.,0,0,0
WBGene00166385.,0,0,0
WBGene00166386.,0,0,0
WBGene00166387.,0,0,0
WBGene00166388.,0,0,0
WBGene00166389.,0,6,6
WBGene00166390.,0,0,0
WBGene00166391.,0,0,0
WBGene00166392.,0,0,0
WBGene00166393.,0,0,0
WBGene00166394.,0,0,0
WBGene00166395.,0,0,0
WBGene00166396.,0,0,0
WBGene00166397.,0,6,6
WBGene00166398.,0,1,1
WBGene00166399.,0,0,0
WBGene00166400.,0,0,0
WBGene00166401.,0,0,0
WBGene00166402.,0,0,0
WBGene00166403.,0,0,0
WBGene00166404.,0,0,0
WBGene00166405.,0,0,0
WBGene00166406.,0,0,0
WBGene00166407.,0,0,0
WBGene00166408.,0,0,0
WBGene00166409.,0,0,0
WBGene00166410.,0,2,2
WBGene00166411.,0,0,0
WBGene00166412.,0,4,4
WBGene00166413.,0,0,0
WBGene00166414.,0,0,0
WBGene00166415.,0,0,0
WBGene00166416.,0,0,0
WBGene00166417.,0,0,0
WBGene00166418.,0,0,0
WBGene00166419.,0,0,0
WBGene00166420.,0,1,1
WBGene00166421.,0,0,0
WBGene00166422.,0,0,0
WBGene00166423.,0,0,0
WBGene00166424.,0,0,0
WBGene00166425.,0,0,0
WBGene00166426.,0,0,0
WBGene00166427.,0,0,0
WBGene00166428.,0,0,0
WBGene00166429.,0,2,2
WBGene00166430.,0,0,0
WBGene00166431.,0,0,0
WBGene00166432.,0,0,0
WBGene00166433.,0,0,0
WBGene00166434.,0,0,0
WBGene00166435.,0,0,0
WBGene00166436.,0,0,0
WBGene00166437.,0,0,0
WBGene00166438.,0,1,1
WBGene00166439.,0,0,0
WBGene00166440.,0,0,0
WBGene00166441.,0,0,0
WBGene00166442.,0,1,1
WBGene00166443.,0,0,0
WBGene00166444.,0,0,0
WBGene00166445.,0,0,0
WBGene00166446.,0,1,1
WBGene00166447.,0,0,0
WBGene00166448.,0,0,0
WBGene00166449.,0,11,11
WBGene00166450.,0,1,1
WBGene00166451.,0,0,0
WBGene00166452.,0,0,0
WBGene00166453.,0,0,0
WBGene00166454.,0,0,0
WBGene00166455.,0,0,0
WBGene00166456.,0,0,0
WBGene00166457.,0,0,0
WBGene00166458.,0,0,0
WBGene00166459.,0,0,0
WBGene00166460.,0,0,0
WBGene00166461.,0,0,0
WBGene00166462.,0,0,0
WBGene00166463.,0,0,0
WBGene00166464.,0,0,0
WBGene00166465.,0,6,6
WBGene00166466.,0,0,0
WBGene00166467.,0,0,0
WBGene00166468.,0,0,0
WBGene00166469.,0,0,0
WBGene00166470.,0,0,0
WBGene00166471.,0,1,1
WBGene00166472.,0,2,2
WBGene00166473.,0,0,0
WBGene00166474.,0,0,0
WBGene00166475.,0,0,0
WBGene00166476.,0,0,0
WBGene00166477.,0,1,1
WBGene00166478.,0,0,0
WBGene00166479.,0,0,0
WBGene00166480.,0,2,2
WBGene00166481.,0,0,0
WBGene00166482.,0,0,0
WBGene00166483.,0,0,0
WBGene00166484.,0,0,0
WBGene00166485.,0,0,0
WBGene00166486.,0,0,0
WBGene00166487.,0,0,0
WBGene00166488.,0,0,0
WBGene00166489.,0,2,2
WBGene00166490.,0,0,0
WBGene00166491.,0,0,0
WBGene00166492.,0,0,0
WBGene00166493.,0,0,0
WBGene00166494.,0,0,0
WBGene00166495.,0,0,0
WBGene00166496.,0,1,1
WBGene00166497.,0,1,1
WBGene00166498.,0,0,0
WBGene00166499.,0,1,1
WBGene00166500.,0,0,0
WBGene00166501.,0,0,0
WBGene00166502.,0,0,0
WBGene00166503.,0,0,0
WBGene00166504.,0,0,0
WBGene00166505.,0,0,0
WBGene00166506.,0,0,0
WBGene00166507.,0,0,0
WBGene00166508.,0,0,0
WBGene00166509.,0,0,0
WBGene00166510.,0,0,0
WBGene00166511.,0,0,0
WBGene00166512.,0,0,0
WBGene00166513.,0,1,1
WBGene00166514.,0,0,0
WBGene00166515.,0,0,0
WBGene00166516.,0,1,1
WBGene00166517.,0,0,0
WBGene00166518.,0,0,0
WBGene00166519.,0,0,0
WBGene00166520.,0,0,0
WBGene00166521.,0,0,0
WBGene00166522.,0,0,0
WBGene00166523.,0,0,0
WBGene00166524.,0,0,0
WBGene00166525.,0,0,0
WBGene00166526.,0,0,0
WBGene00166527.,0,0,0
WBGene00166528.,0,0,0
WBGene00166529.,0,0,0
WBGene00166530.,0,0,0
WBGene00166531.,0,0,0
WBGene00166532.,0,0,0
WBGene00166533.,0,0,0
WBGene00166534.,0,1,1
WBGene00166535.,0,0,0
WBGene00166536.,0,0,0
WBGene00166537.,0,0,0
WBGene00166538.,0,0,0
WBGene00166539.,0,8,8
WBGene00166540.,0,0,0
WBGene00166541.,0,0,0
WBGene00166542.,0,0,0
WBGene00166543.,0,0,0
WBGene00166544.,0,0,0
WBGene00166545.,0,0,0
WBGene00166546.,0,1,1
WBGene00166547.,0,0,0
WBGene00166548.,0,3,3
WBGene00166549.,0,0,0
WBGene00166550.,0,0,0
WBGene00166551.,0,0,0
WBGene00166552.,0,1,1
WBGene00166553.,0,0,0
WBGene00166554.,0,0,0
WBGene00166555.,0,0,0
WBGene00166556.,0,0,0
WBGene00166557.,0,0,0
WBGene00166558.,0,0,0
WBGene00166559.,0,0,0
WBGene00166560.,0,0,0
WBGene00166561.,0,0,0
WBGene00166562.,0,0,0
WBGene00166563.,0,0,0
WBGene00166564.,0,0,0
WBGene00166565.,0,0,0
WBGene00166566.,0,0,0
WBGene00166567.,0,0,0
WBGene00166568.,0,0,0
WBGene00166569.,0,0,0
WBGene00166570.,0,0,0
WBGene00166571.,0,0,0
WBGene00166572.,0,0,0
WBGene00166573.,0,0,0
WBGene00166574.,0,0,0
WBGene00166575.,0,0,0
WBGene00166576.,0,0,0
WBGene00166577.,0,0,0
WBGene00166578.,0,0,0
WBGene00166579.,0,0,0
WBGene00166580.,0,0,0
WBGene00166581.,0,1,1
WBGene00166582.,0,1,1
WBGene00166583.,0,0,0
WBGene00166584.,0,0,0
WBGene00166585.,0,0,0
WBGene00166586.,0,0,0
WBGene00166587.,0,0,0
WBGene00166588.,0,0,0
WBGene00166589.,0,1,1
WBGene00166590.,0,0,0
WBGene00166591.,0,4,4
WBGene00166592.,0,0,0
WBGene00166593.,0,0,0
WBGene00166594.,0,0,0
WBGene00166595.,0,0,0
WBGene00166596.,0,0,0
WBGene00166597.,0,0,0
WBGene00166598.,0,0,0
WBGene00166599.,0,0,0
WBGene00166600.,0,1,1
WBGene00166601.,0,0,0
WBGene00166602.,0,0,0
WBGene00166603.,0,0,0
WBGene00166604.,0,0,0
WBGene00166605.,0,0,0
WBGene00166606.,0,0,0
WBGene00166607.,0,0,0
WBGene00166608.,0,0,0
WBGene00166609.,0,1,1
WBGene00166610.,0,0,0
WBGene00166611.,0,0,0
WBGene00166612.,0,0,0
WBGene00166613.,0,0,0
WBGene00166614.,0,0,0
WBGene00166615.,0,0,0
WBGene00166616.,0,0,0
WBGene00166617.,0,0,0
WBGene00166618.,0,0,0
WBGene00166619.,0,1,1
WBGene00166620.,0,0,0
WBGene00166621.,0,0,0
WBGene00166622.,0,0,0
WBGene00166623.,0,0,0
WBGene00166624.,0,0,0
WBGene00166625.,0,0,0
WBGene00166626.,0,0,0
WBGene00166627.,0,0,0
WBGene00166628.,0,0,0
WBGene00166629.,0,0,0
WBGene00166630.,0,0,0
WBGene00166631.,0,0,0
WBGene00166632.,0,0,0
WBGene00166633.,0,0,0
WBGene00166634.,0,0,0
WBGene00166635.,0,0,0
WBGene00166636.,0,0,0
WBGene00166637.,0,0,0
WBGene00166638.,0,0,0
WBGene00166639.,0,0,0
WBGene00166640.,0,0,0
WBGene00166641.,0,0,0
WBGene00166642.,0,1,1
WBGene00166643.,0,0,0
WBGene00166644.,0,0,0
WBGene00166645.,0,0,0
WBGene00166646.,0,0,0
WBGene00166647.,0,0,0
WBGene00166648.,0,0,0
WBGene00166649.,0,0,0
WBGene00166650.,0,0,0
WBGene00166651.,0,1,1
WBGene00166652.,0,0,0
WBGene00166653.,0,0,0
WBGene00166654.,0,0,0
WBGene00166655.,0,0,0
WBGene00166656.,0,0,0
WBGene00166657.,0,0,0
WBGene00166658.,0,0,0
WBGene00166659.,0,0,0
WBGene00166660.,0,0,0
WBGene00166661.,0,0,0
WBGene00166662.,0,3,3
WBGene00166663.,0,0,0
WBGene00166664.,0,0,0
WBGene00166665.,0,0,0
WBGene00166666.,0,0,0
WBGene00166667.,0,0,0
WBGene00166668.,0,0,0
WBGene00166669.,0,2,2
WBGene00166670.,0,0,0
WBGene00166671.,0,0,0
WBGene00166672.,0,0,0
WBGene00166673.,0,0,0
WBGene00166674.,0,0,0
WBGene00166675.,0,0,0
WBGene00166676.,0,1,1
WBGene00166677.,0,0,0
WBGene00166678.,0,0,0
WBGene00166679.,0,0,0
WBGene00166680.,0,0,0
WBGene00166681.,0,1,1
WBGene00166682.,0,1,1
WBGene00166683.,0,0,0
WBGene00166684.,0,0,0
WBGene00166685.,0,0,0
WBGene00166686.,0,1,1
WBGene00166687.,0,0,0
WBGene00166688.,0,0,0
WBGene00166689.,0,0,0
WBGene00166690.,0,0,0
WBGene00166691.,0,0,0
WBGene00166692.,0,0,0
WBGene00166693.,0,0,0
WBGene00166694.,0,0,0
WBGene00166695.,0,0,0
WBGene00166696.,0,0,0
WBGene00166697.,0,0,0
WBGene00166698.,0,0,0
WBGene00166699.,0,0,0
WBGene00166700.,0,0,0
WBGene00166701.,0,0,0
WBGene00166702.,0,0,0
WBGene00166703.,0,0,0
WBGene00166704.,0,0,0
WBGene00166705.,0,0,0
WBGene00166706.,0,0,0
WBGene00166707.,0,0,0
WBGene00166708.,0,0,0
WBGene00166709.,0,0,0
WBGene00166710.,0,0,0
WBGene00166711.,0,0,0
WBGene00166712.,0,1,1
WBGene00166713.,0,0,0
WBGene00166714.,0,0,0
WBGene00166715.,0,0,0
WBGene00166716.,0,12,12
WBGene00166717.,0,0,0
WBGene00166718.,0,0,0
WBGene00166719.,0,0,0
WBGene00166720.,0,0,0
WBGene00166721.,0,0,0
WBGene00166722.,0,0,0
WBGene00166723.,0,0,0
WBGene00166724.,0,0,0
WBGene00166725.,0,0,0
WBGene00166726.,0,0,0
WBGene00166727.,0,0,0
WBGene00166728.,0,0,0
WBGene00166729.,0,0,0
WBGene00166730.,0,0,0
WBGene00166731.,0,0,0
WBGene00166732.,0,0,0
WBGene00166733.,0,0,0
WBGene00166734.,0,0,0
WBGene00166735.,0,0,0
WBGene00166736.,0,1,1
WBGene00166737.,0,0,0
WBGene00166738.,0,0,0
WBGene00166739.,0,2,2
WBGene00166740.,0,1,1
WBGene00166741.,0,3,3
WBGene00166742.,0,0,0
WBGene00166743.,0,0,0
WBGene00166744.,0,0,0
WBGene00166745.,0,0,0
WBGene00166746.,0,0,0
WBGene00166747.,0,0,0
WBGene00166748.,0,0,0
WBGene00166749.,0,0,0
WBGene00166750.,0,0,0
WBGene00166751.,0,0,0
WBGene00166752.,0,0,0
WBGene00166753.,0,0,0
WBGene00166754.,0,0,0
WBGene00166755.,0,0,0
WBGene00166756.,0,0,0
WBGene00166757.,0,0,0
WBGene00166758.,0,0,0
WBGene00166759.,0,0,0
WBGene00166760.,0,2,2
WBGene00166761.,0,0,0
WBGene00166762.,0,0,0
WBGene00166763.,0,0,0
WBGene00166764.,0,0,0
WBGene00166765.,0,0,0
WBGene00166766.,0,0,0
WBGene00166767.,0,0,0
WBGene00166768.,0,0,0
WBGene00166769.,0,0,0
WBGene00166770.,0,0,0
WBGene00166771.,0,0,0
WBGene00166772.,0,0,0
WBGene00166773.,0,0,0
WBGene00166774.,0,0,0
WBGene00166775.,0,1,1
WBGene00166776.,0,0,0
WBGene00166777.,0,0,0
WBGene00166778.,0,0,0
WBGene00166779.,0,0,0
WBGene00166780.,0,2,2
WBGene00166781.,0,0,0
WBGene00166782.,0,0,0
WBGene00166783.,0,0,0
WBGene00166784.,0,0,0
WBGene00166785.,0,0,0
WBGene00166786.,0,0,0
WBGene00166787.,0,0,0
WBGene00166788.,0,0,0
WBGene00166789.,0,0,0
WBGene00166790.,0,0,0
WBGene00166791.,0,1,1
WBGene00166792.,0,0,0
WBGene00166793.,0,0,0
WBGene00166794.,0,1,1
WBGene00166795.,0,0,0
WBGene00166796.,0,0,0
WBGene00166797.,0,0,0
WBGene00166798.,0,0,0
WBGene00166799.,0,0,0
WBGene00166800.,0,0,0
WBGene00166801.,0,0,0
WBGene00166802.,0,0,0
WBGene00166803.,0,0,0
WBGene00166804.,0,0,0
WBGene00166805.,0,0,0
WBGene00166806.,0,0,0
WBGene00166807.,0,0,0
WBGene00166808.,0,0,0
WBGene00166809.,0,0,0
WBGene00166810.,0,0,0
WBGene00166811.,0,29,29
WBGene00166812.,0,0,0
WBGene00166813.,0,0,0
WBGene00166814.,0,0,0
WBGene00166815.,0,0,0
WBGene00166816.,0,0,0
WBGene00166817.,0,1,1
WBGene00166819.,0,0,0
WBGene00166820.,0,0,0
WBGene00166821.,0,0,0
WBGene00166822.,0,0,0
WBGene00166823.,0,0,0
WBGene00166824.,0,0,0
WBGene00166825.,0,0,0
WBGene00166826.,0,0,0
WBGene00166827.,0,0,0
WBGene00166828.,0,0,0
WBGene00166829.,0,0,0
WBGene00166830.,0,0,0
WBGene00166831.,0,1,1
WBGene00166832.,0,1,1
WBGene00166833.,0,0,0
WBGene00166834.,0,0,0
WBGene00166835.,0,0,0
WBGene00166836.,0,0,0
WBGene00166837.,0,1,1
WBGene00166838.,0,0,0
WBGene00166839.,0,0,0
WBGene00166840.,0,0,0
WBGene00166841.,0,1,1
WBGene00166842.,0,0,0
WBGene00166843.,0,0,0
WBGene00166844.,0,0,0
WBGene00166845.,0,0,0
WBGene00166846.,0,0,0
WBGene00166847.,0,0,0
WBGene00166848.,0,0,0
WBGene00166849.,0,0,0
WBGene00166850.,0,0,0
WBGene00166851.,0,0,0
WBGene00166852.,0,0,0
WBGene00166853.,0,0,0
WBGene00166854.,0,0,0
WBGene00166855.,0,0,0
WBGene00166856.,0,0,0
WBGene00166857.,0,0,0
WBGene00166858.,0,0,0
WBGene00166859.,0,0,0
WBGene00166860.,0,0,0
WBGene00166861.,0,0,0
WBGene00166862.,0,0,0
WBGene00166863.,0,0,0
WBGene00166864.,0,0,0
WBGene00166865.,0,0,0
WBGene00166866.,0,0,0
WBGene00166867.,0,0,0
WBGene00166868.,0,0,0
WBGene00166869.,0,0,0
WBGene00166870.,0,0,0
WBGene00166871.,0,0,0
WBGene00166872.,0,1,1
WBGene00166873.,0,0,0
WBGene00166874.,0,0,0
WBGene00166875.,0,0,0
WBGene00166876.,0,0,0
WBGene00166877.,0,0,0
WBGene00166878.,0,0,0
WBGene00166879.,0,0,0
WBGene00166880.,0,0,0
WBGene00166881.,0,0,0
WBGene00166882.,0,0,0
WBGene00166883.,0,0,0
WBGene00166884.,0,0,0
WBGene00166885.,0,17,17
WBGene00166886.,0,0,0
WBGene00166887.,0,0,0
WBGene00166888.,0,0,0
WBGene00166889.,0,0,0
WBGene00166890.,0,1,1
WBGene00166891.,0,0,0
WBGene00166892.,0,0,0
WBGene00166893.,0,0,0
WBGene00166894.,0,10,10
WBGene00166895.,0,0,0
WBGene00166896.,0,12,12
WBGene00166897.,0,0,0
WBGene00166898.,0,0,0
WBGene00166899.,0,0,0
WBGene00166900.,0,2,2
WBGene00166901.,0,0,0
WBGene00166902.,0,0,0
WBGene00166903.,0,3,3
WBGene00166904.,0,0,0
WBGene00166905.,0,0,0
WBGene00166906.,0,0,0
WBGene00166907.,0,1,1
WBGene00166908.,0,0,0
WBGene00166909.,0,0,0
WBGene00166910.,0,0,0
WBGene00166911.,0,0,0
WBGene00166912.,0,0,0
WBGene00166913.,0,0,0
WBGene00166914.,0,0,0
WBGene00166915.,0,0,0
WBGene00166916.,0,0,0
WBGene00166917.,0,1,1
WBGene00166918.,0,0,0
WBGene00166919.,0,0,0
WBGene00166920.,0,0,0
WBGene00166921.,0,3,3
WBGene00166922.,0,0,0
WBGene00166923.,0,0,0
WBGene00166924.,0,0,0
WBGene00166925.,0,0,0
WBGene00166926.,0,0,0
WBGene00166927.,0,0,0
WBGene00166928.,0,0,0
WBGene00166929.,0,0,0
WBGene00166930.,0,0,0
WBGene00166931.,0,0,0
WBGene00166932.,0,0,0
WBGene00166933.,0,9,9
WBGene00166934.,0,5,5
WBGene00166935.,0,0,0
WBGene00166936.,0,0,0
WBGene00166937.,0,0,0
WBGene00166938.,0,17,17
WBGene00166939.,0,0,0
WBGene00166940.,0,0,0
WBGene00166941.,0,0,0
WBGene00166942.,0,0,0
WBGene00166943.,0,0,0
WBGene00166944.,0,0,0
WBGene00166945.,0,1,1
WBGene00166946.,0,0,0
WBGene00166947.,0,0,0
WBGene00166948.,0,0,0
WBGene00166949.,0,0,0
WBGene00166950.,0,0,0
WBGene00166951.,0,0,0
WBGene00166952.,0,0,0
WBGene00166953.,0,1,1
WBGene00166954.,0,1,1
WBGene00166955.,0,0,0
WBGene00166956.,0,0,0
WBGene00166957.,0,0,0
WBGene00166958.,0,0,0
WBGene00166959.,0,0,0
WBGene00166960.,0,0,0
WBGene00166961.,0,0,0
WBGene00166962.,0,0,0
WBGene00166963.,0,0,0
WBGene00166964.,0,0,0
WBGene00166965.,0,0,0
WBGene00166966.,0,0,0
WBGene00166967.,0,0,0
WBGene00166968.,0,0,0
WBGene00166969.,0,0,0
WBGene00166970.,0,0,0
WBGene00166971.,0,0,0
WBGene00166972.,0,0,0
WBGene00166973.,0,0,0
WBGene00166974.,0,0,0
WBGene00166975.,0,2,2
WBGene00166976.,0,0,0
WBGene00166977.,0,0,0
WBGene00166978.,0,0,0
WBGene00166979.,0,0,0
WBGene00166980.,0,0,0
WBGene00166981.,0,1,1
WBGene00166982.,0,0,0
WBGene00166983.,0,0,0
WBGene00166984.,0,0,0
WBGene00166985.,0,0,0
WBGene00166986.,0,0,0
WBGene00166987.,0,0,0
WBGene00166988.,0,0,0
WBGene00166989.,0,0,0
WBGene00166990.,0,0,0
WBGene00166991.,0,0,0
WBGene00166992.,0,0,0
WBGene00166993.,0,0,0
WBGene00166994.,0,0,0
WBGene00166995.,0,0,0
WBGene00166996.,0,0,0
WBGene00166997.,0,0,0
WBGene00166998.,0,0,0
WBGene00166999.,0,0,0
WBGene00167000.,0,0,0
WBGene00167001.,0,0,0
WBGene00167002.,0,0,0
WBGene00167003.,0,0,0
WBGene00167004.,0,12,12
WBGene00167005.,0,0,0
WBGene00167006.,0,1,1
WBGene00167007.,0,0,0
WBGene00167008.,0,0,0
WBGene00167009.,0,0,0
WBGene00167010.,0,0,0
WBGene00167011.,0,0,0
WBGene00167012.,0,0,0
WBGene00167013.,0,1,1
WBGene00167014.,0,0,0
WBGene00167015.,0,1,1
WBGene00167016.,0,0,0
WBGene00167017.,0,0,0
WBGene00167018.,0,0,0
WBGene00167019.,0,0,0
WBGene00167020.,0,0,0
WBGene00167021.,0,0,0
WBGene00167022.,0,1,1
WBGene00167023.,0,0,0
WBGene00167024.,0,0,0
WBGene00167025.,0,4,4
WBGene00167026.,0,0,0
WBGene00167027.,0,0,0
WBGene00167028.,0,0,0
WBGene00167029.,0,0,0
WBGene00167030.,0,0,0
WBGene00167031.,0,0,0
WBGene00167032.,0,0,0
WBGene00167033.,0,0,0
WBGene00167034.,0,0,0
WBGene00167035.,0,0,0
WBGene00167036.,0,0,0
WBGene00167037.,0,0,0
WBGene00167038.,0,0,0
WBGene00167039.,0,1,1
WBGene00167040.,0,2,2
WBGene00167041.,0,0,0
WBGene00167042.,0,1,1
WBGene00167043.,0,0,0
WBGene00167044.,0,0,0
WBGene00167045.,0,0,0
WBGene00167046.,0,0,0
WBGene00167047.,0,0,0
WBGene00167048.,0,0,0
WBGene00167049.,0,0,0
WBGene00167050.,0,0,0
WBGene00167051.,0,0,0
WBGene00167052.,0,0,0
WBGene00167053.,0,0,0
WBGene00167054.,0,0,0
WBGene00167055.,0,0,0
WBGene00167056.,0,0,0
WBGene00167057.,0,0,0
WBGene00167058.,0,0,0
WBGene00167059.,0,0,0
WBGene00167060.,0,0,0
WBGene00167061.,0,0,0
WBGene00167062.,0,0,0
WBGene00167063.,0,0,0
WBGene00167064.,0,0,0
WBGene00167065.,0,0,0
WBGene00167066.,0,0,0
WBGene00167067.,0,0,0
WBGene00167068.,0,1,1
WBGene00167069.,0,0,0
WBGene00167070.,0,0,0
WBGene00167071.,0,0,0
WBGene00167072.,0,0,0
WBGene00167073.,0,0,0
WBGene00167074.,0,1,1
WBGene00167075.,0,0,0
WBGene00167076.,0,0,0
WBGene00167077.,0,0,0
WBGene00167078.,0,0,0
WBGene00167079.,0,0,0
WBGene00167080.,0,0,0
WBGene00167081.,0,0,0
WBGene00167082.,0,0,0
WBGene00167083.,0,0,0
WBGene00167084.,0,0,0
WBGene00167085.,0,0,0
WBGene00167086.,0,0,0
WBGene00167087.,0,0,0
WBGene00167088.,0,0,0
WBGene00167089.,0,0,0
WBGene00167090.,0,0,0
WBGene00167091.,0,0,0
WBGene00167092.,0,0,0
WBGene00167093.,0,0,0
WBGene00167094.,0,0,0
WBGene00167095.,0,0,0
WBGene00167096.,0,0,0
WBGene00167097.,0,0,0
WBGene00167098.,0,0,0
WBGene00167099.,0,0,0
WBGene00167100.,0,0,0
WBGene00167101.,0,0,0
WBGene00167102.,0,0,0
WBGene00167103.,0,6,6
WBGene00167104.,0,0,0
WBGene00167105.,0,0,0
WBGene00167106.,0,0,0
WBGene00167107.,0,0,0
WBGene00167108.,0,0,0
WBGene00167109.,0,0,0
WBGene00167110.,0,0,0
WBGene00167111.,0,0,0
WBGene00167112.,0,0,0
WBGene00167113.,0,0,0
WBGene00167114.,0,0,0
WBGene00167115.,0,0,0
WBGene00167116.,0,0,0
WBGene00167117.,0,0,0
WBGene00167118.,0,0,0
WBGene00167119.,0,0,0
WBGene00167120.,0,0,0
WBGene00167121.,0,0,0
WBGene00167122.,0,0,0
WBGene00167123.,0,0,0
WBGene00167124.,0,0,0
WBGene00167125.,0,0,0
WBGene00167126.,0,0,0
WBGene00167127.,0,0,0
WBGene00167128.,0,0,0
WBGene00167129.,0,0,0
WBGene00167130.,0,0,0
WBGene00167131.,0,2,2
WBGene00167132.,0,0,0
WBGene00167133.,0,1,1
WBGene00167134.,0,0,0
WBGene00167135.,0,0,0
WBGene00167136.,0,0,0
WBGene00167137.,0,0,0
WBGene00167138.,0,0,0
WBGene00167139.,0,0,0
WBGene00167140.,0,0,0
WBGene00167141.,0,0,0
WBGene00167142.,0,0,0
WBGene00167143.,0,0,0
WBGene00167144.,0,0,0
WBGene00167145.,0,0,0
WBGene00167146.,0,1,1
WBGene00167147.,0,0,0
WBGene00167148.,0,0,0
WBGene00167149.,0,0,0
WBGene00167150.,0,0,0
WBGene00167151.,0,0,0
WBGene00167152.,0,0,0
WBGene00167153.,0,1,1
WBGene00167154.,0,0,0
WBGene00167155.,0,0,0
WBGene00167156.,0,8,8
WBGene00167157.,0,1,1
WBGene00167158.,0,2,2
WBGene00167159.,0,0,0
WBGene00167160.,0,0,0
WBGene00167161.,0,0,0
WBGene00167162.,0,0,0
WBGene00167163.,0,1,1
WBGene00167164.,0,0,0
WBGene00167165.,0,0,0
WBGene00167166.,0,0,0
WBGene00167167.,0,0,0
WBGene00167168.,0,0,0
WBGene00167169.,0,0,0
WBGene00167170.,0,0,0
WBGene00167171.,0,2,2
WBGene00167172.,0,0,0
WBGene00167173.,0,0,0
WBGene00167174.,0,0,0
WBGene00167175.,0,0,0
WBGene00167176.,0,6,6
WBGene00167177.,0,0,0
WBGene00167178.,0,0,0
WBGene00167179.,0,0,0
WBGene00167180.,0,0,0
WBGene00167181.,0,0,0
WBGene00167182.,0,0,0
WBGene00167183.,0,0,0
WBGene00167184.,0,0,0
WBGene00167185.,0,0,0
WBGene00167186.,0,0,0
WBGene00167187.,0,0,0
WBGene00167188.,0,0,0
WBGene00167189.,0,0,0
WBGene00167190.,0,0,0
WBGene00167191.,0,0,0
WBGene00167192.,0,0,0
WBGene00167193.,0,0,0
WBGene00167194.,0,0,0
WBGene00167195.,0,0,0
WBGene00167196.,0,0,0
WBGene00167197.,0,0,0
WBGene00167198.,0,1,1
WBGene00167199.,0,1,1
WBGene00167200.,0,0,0
WBGene00167201.,0,0,0
WBGene00167202.,0,0,0
WBGene00167203.,0,0,0
WBGene00167204.,0,1,1
WBGene00167205.,0,0,0
WBGene00167206.,0,0,0
WBGene00167207.,0,11,11
WBGene00167208.,0,0,0
WBGene00167209.,0,0,0
WBGene00167210.,0,0,0
WBGene00167211.,0,0,0
WBGene00167212.,0,0,0
WBGene00167213.,0,0,0
WBGene00167214.,0,0,0
WBGene00167215.,0,0,0
WBGene00167216.,0,0,0
WBGene00167217.,0,0,0
WBGene00167218.,0,0,0
WBGene00167219.,0,0,0
WBGene00167220.,0,0,0
WBGene00167221.,0,0,0
WBGene00167222.,0,0,0
WBGene00167223.,0,0,0
WBGene00167224.,0,0,0
WBGene00167225.,0,9,9
WBGene00167226.,0,0,0
WBGene00167227.,0,0,0
WBGene00167228.,0,0,0
WBGene00167229.,0,0,0
WBGene00167230.,0,0,0
WBGene00167231.,0,0,0
WBGene00167232.,0,0,0
WBGene00167233.,0,0,0
WBGene00167234.,0,0,0
WBGene00167235.,0,0,0
WBGene00167236.,0,0,0
WBGene00167237.,0,1,1
WBGene00167238.,0,0,0
WBGene00167239.,0,0,0
WBGene00167240.,0,0,0
WBGene00167241.,0,0,0
WBGene00167242.,0,0,0
WBGene00167243.,0,0,0
WBGene00167244.,0,0,0
WBGene00167245.,0,0,0
WBGene00167246.,0,0,0
WBGene00167247.,0,0,0
WBGene00167248.,0,0,0
WBGene00167249.,0,0,0
WBGene00167250.,0,0,0
WBGene00167251.,0,0,0
WBGene00167252.,0,0,0
WBGene00167253.,0,0,0
WBGene00167254.,0,0,0
WBGene00167255.,0,0,0
WBGene00167256.,0,0,0
WBGene00167257.,0,0,0
WBGene00167258.,0,0,0
WBGene00167259.,0,0,0
WBGene00167260.,0,0,0
WBGene00167261.,0,0,0
WBGene00167262.,0,0,0
WBGene00167263.,0,1,1
WBGene00167264.,0,0,0
WBGene00167265.,0,0,0
WBGene00167266.,0,0,0
WBGene00167267.,0,0,0
WBGene00167268.,0,0,0
WBGene00167269.,0,1,1
WBGene00167270.,0,1,1
WBGene00167271.,0,0,0
WBGene00167272.,0,0,0
WBGene00167273.,0,0,0
WBGene00167274.,0,0,0
WBGene00167275.,0,0,0
WBGene00167276.,0,0,0
WBGene00167277.,0,0,0
WBGene00167278.,0,0,0
WBGene00167279.,0,9,9
WBGene00167280.,0,1,1
WBGene00167281.,0,0,0
WBGene00167282.,0,0,0
WBGene00167283.,0,0,0
WBGene00167284.,0,0,0
WBGene00167285.,0,0,0
WBGene00167286.,0,0,0
WBGene00167287.,0,0,0
WBGene00167288.,0,0,0
WBGene00167289.,0,0,0
WBGene00167290.,0,0,0
WBGene00167291.,0,0,0
WBGene00167292.,0,8,8
WBGene00167293.,0,0,0
WBGene00167294.,0,0,0
WBGene00167295.,0,0,0
WBGene00167296.,0,1,1
WBGene00167297.,0,1,1
WBGene00167298.,0,0,0
WBGene00167299.,0,1,1
WBGene00167300.,0,0,0
WBGene00167301.,0,5,5
WBGene00167302.,0,0,0
WBGene00167303.,0,0,0
WBGene00167304.,0,0,0
WBGene00167305.,0,0,0
WBGene00167306.,0,0,0
WBGene00167307.,0,0,0
WBGene00167308.,0,0,0
WBGene00167309.,0,0,0
WBGene00167310.,0,0,0
WBGene00167311.,0,1,1
WBGene00167312.,0,1,1
WBGene00167313.,0,0,0
WBGene00167314.,0,0,0
WBGene00167315.,0,0,0
WBGene00167316.,0,0,0
WBGene00167317.,0,0,0
WBGene00167318.,0,0,0
WBGene00167319.,0,0,0
WBGene00167320.,0,0,0
WBGene00167321.,0,0,0
WBGene00167322.,0,0,0
WBGene00167323.,0,0,0
WBGene00167324.,0,0,0
WBGene00167325.,0,0,0
WBGene00167326.,0,0,0
WBGene00167327.,0,0,0
WBGene00167328.,0,0,0
WBGene00167329.,0,0,0
WBGene00167330.,0,0,0
WBGene00167331.,0,0,0
WBGene00167332.,0,0,0
WBGene00167333.,0,0,0
WBGene00167334.,0,0,0
WBGene00167335.,0,0,0
WBGene00167336.,0,0,0
WBGene00167337.,0,0,0
WBGene00167338.,0,0,0
WBGene00167339.,0,0,0
WBGene00167340.,0,0,0
WBGene00167341.,0,0,0
WBGene00167342.,0,0,0
WBGene00167343.,0,0,0
WBGene00167344.,0,0,0
WBGene00167345.,0,0,0
WBGene00167346.,0,0,0
WBGene00167347.,0,0,0
WBGene00167348.,0,0,0
WBGene00167349.,0,0,0
WBGene00167350.,0,0,0
WBGene00167351.,0,0,0
WBGene00167352.,0,0,0
WBGene00167353.,0,1,1
WBGene00167354.,0,0,0
WBGene00167355.,0,0,0
WBGene00167356.,0,0,0
WBGene00167357.,0,0,0
WBGene00167358.,0,0,0
WBGene00167359.,0,0,0
WBGene00167360.,0,0,0
WBGene00167361.,0,0,0
WBGene00167362.,0,0,0
WBGene00167363.,0,0,0
WBGene00167364.,0,0,0
WBGene00167365.,0,32,32
WBGene00167366.,0,0,0
WBGene00167367.,0,1,1
WBGene00167368.,0,1,1
WBGene00167369.,0,0,0
WBGene00167370.,0,0,0
WBGene00167371.,0,0,0
WBGene00167372.,0,0,0
WBGene00167373.,0,0,0
WBGene00167374.,0,0,0
WBGene00167375.,0,0,0
WBGene00167376.,0,0,0
WBGene00167377.,0,0,0
WBGene00167378.,0,0,0
WBGene00167379.,0,0,0
WBGene00167380.,0,0,0
WBGene00167381.,0,0,0
WBGene00167382.,0,5,5
WBGene00167383.,0,0,0
WBGene00167384.,0,0,0
WBGene00167385.,0,0,0
WBGene00167386.,0,0,0
WBGene00167387.,0,0,0
WBGene00167388.,0,0,0
WBGene00167389.,0,0,0
WBGene00167390.,0,0,0
WBGene00167391.,0,0,0
WBGene00167392.,0,0,0
WBGene00167393.,0,0,0
WBGene00167394.,0,2,2
WBGene00167395.,0,3,3
WBGene00167396.,0,0,0
WBGene00167397.,0,1,1
WBGene00167398.,0,0,0
WBGene00167399.,0,0,0
WBGene00167400.,0,0,0
WBGene00167401.,0,1,1
WBGene00167402.,0,0,0
WBGene00167403.,0,0,0
WBGene00167404.,0,0,0
WBGene00167405.,0,0,0
WBGene00167406.,0,1,1
WBGene00167407.,0,0,0
WBGene00167408.,0,0,0
WBGene00167409.,0,0,0
WBGene00167410.,0,0,0
WBGene00167411.,0,0,0
WBGene00167412.,0,0,0
WBGene00167413.,0,0,0
WBGene00167414.,0,0,0
WBGene00167415.,0,0,0
WBGene00167416.,0,0,0
WBGene00167417.,0,0,0
WBGene00167418.,0,0,0
WBGene00167419.,0,0,0
WBGene00167420.,0,1,1
WBGene00167421.,0,0,0
WBGene00167422.,0,1,1
WBGene00167423.,0,0,0
WBGene00167424.,0,0,0
WBGene00167425.,0,0,0
WBGene00167426.,0,0,0
WBGene00167427.,0,0,0
WBGene00167428.,0,0,0
WBGene00167429.,0,0,0
WBGene00167430.,0,0,0
WBGene00167431.,0,0,0
WBGene00167432.,0,0,0
WBGene00167433.,0,0,0
WBGene00167434.,0,0,0
WBGene00167435.,0,0,0
WBGene00167436.,0,0,0
WBGene00167437.,0,0,0
WBGene00167438.,0,0,0
WBGene00167439.,0,0,0
WBGene00167440.,0,0,0
WBGene00167441.,0,0,0
WBGene00167442.,0,0,0
WBGene00167443.,0,0,0
WBGene00167444.,0,0,0
WBGene00167445.,0,0,0
WBGene00167446.,0,0,0
WBGene00167447.,0,2,2
WBGene00167448.,0,0,0
WBGene00167449.,0,0,0
WBGene00167450.,0,0,0
WBGene00167451.,0,0,0
WBGene00167452.,0,0,0
WBGene00167453.,0,0,0
WBGene00167454.,0,0,0
WBGene00167455.,0,1,1
WBGene00167456.,0,0,0
WBGene00167457.,0,2,2
WBGene00167458.,0,0,0
WBGene00167459.,0,0,0
WBGene00167460.,0,0,0
WBGene00167461.,0,0,0
WBGene00167462.,0,2,2
WBGene00167463.,0,2,2
WBGene00167464.,0,0,0
WBGene00167465.,0,2,2
WBGene00167466.,0,0,0
WBGene00167467.,0,0,0
WBGene00167468.,0,0,0
WBGene00167469.,0,0,0
WBGene00167470.,0,0,0
WBGene00167471.,0,0,0
WBGene00167472.,0,0,0
WBGene00167473.,0,9,9
WBGene00167474.,0,0,0
WBGene00167475.,0,0,0
WBGene00167476.,0,0,0
WBGene00167477.,0,5,5
WBGene00167478.,0,0,0
WBGene00167479.,0,0,0
WBGene00167480.,0,0,0
WBGene00167481.,0,0,0
WBGene00167482.,0,0,0
WBGene00167483.,0,0,0
WBGene00167484.,0,0,0
WBGene00167485.,0,0,0
WBGene00167487.,0,0,0
WBGene00167488.,0,0,0
WBGene00167489.,0,0,0
WBGene00167490.,0,0,0
WBGene00167491.,0,0,0
WBGene00167492.,0,0,0
WBGene00167493.,0,0,0
WBGene00167494.,0,0,0
WBGene00167495.,0,1,1
WBGene00167496.,0,0,0
WBGene00167497.,0,0,0
WBGene00167498.,0,0,0
WBGene00167499.,0,0,0
WBGene00167500.,0,0,0
WBGene00167501.,0,0,0
WBGene00167502.,0,0,0
WBGene00167503.,0,0,0
WBGene00167504.,0,0,0
WBGene00167505.,0,0,0
WBGene00167506.,0,0,0
WBGene00167507.,0,11,11
WBGene00167508.,0,0,0
WBGene00167509.,0,0,0
WBGene00167510.,0,0,0
WBGene00167511.,0,1,1
WBGene00167512.,0,0,0
WBGene00167513.,0,0,0
WBGene00167514.,0,0,0
WBGene00167515.,0,0,0
WBGene00167516.,0,0,0
WBGene00167517.,0,0,0
WBGene00167518.,0,0,0
WBGene00167519.,0,0,0
WBGene00167520.,0,0,0
WBGene00167521.,0,0,0
WBGene00167522.,0,0,0
WBGene00167523.,0,0,0
WBGene00167524.,0,2,2
WBGene00167525.,0,0,0
WBGene00167526.,0,0,0
WBGene00167527.,0,0,0
WBGene00167528.,0,0,0
WBGene00167529.,0,1,1
WBGene00167530.,0,0,0
WBGene00167531.,0,0,0
WBGene00167532.,0,0,0
WBGene00167533.,0,2,2
WBGene00167534.,0,0,0
WBGene00167535.,0,0,0
WBGene00167536.,0,2,2
WBGene00167537.,0,6,6
WBGene00167538.,0,0,0
WBGene00167539.,0,0,0
WBGene00167540.,0,0,0
WBGene00167541.,0,1,1
WBGene00167542.,0,0,0
WBGene00167543.,0,0,0
WBGene00167544.,0,2,2
WBGene00167545.,0,0,0
WBGene00167546.,0,0,0
WBGene00167547.,0,0,0
WBGene00167548.,0,0,0
WBGene00167549.,0,0,0
WBGene00167550.,0,2,2
WBGene00167551.,0,0,0
WBGene00167552.,0,0,0
WBGene00167553.,0,0,0
WBGene00167554.,0,0,0
WBGene00167555.,0,0,0
WBGene00167556.,0,0,0
WBGene00167557.,0,0,0
WBGene00167558.,0,0,0
WBGene00167559.,0,0,0
WBGene00167560.,0,0,0
WBGene00167561.,0,4,4
WBGene00167562.,0,0,0
WBGene00167563.,0,0,0
WBGene00167564.,0,0,0
WBGene00167565.,0,0,0
WBGene00167566.,0,1,1
WBGene00167567.,0,3,3
WBGene00167568.,0,0,0
WBGene00167569.,0,0,0
WBGene00167570.,0,0,0
WBGene00167571.,0,0,0
WBGene00167572.,0,0,0
WBGene00167573.,0,0,0
WBGene00167574.,0,0,0
WBGene00167575.,0,0,0
WBGene00167576.,0,0,0
WBGene00167577.,0,0,0
WBGene00167578.,0,0,0
WBGene00167579.,0,0,0
WBGene00167580.,0,1,1
WBGene00167581.,0,0,0
WBGene00167582.,0,0,0
WBGene00167583.,0,0,0
WBGene00167584.,0,0,0
WBGene00167585.,0,0,0
WBGene00167586.,0,0,0
WBGene00167587.,0,0,0
WBGene00167588.,0,0,0
WBGene00167589.,0,0,0
WBGene00167590.,0,0,0
WBGene00167591.,0,0,0
WBGene00167592.,0,0,0
WBGene00167593.,0,0,0
WBGene00167594.,0,0,0
WBGene00167595.,0,0,0
WBGene00167596.,0,0,0
WBGene00167597.,0,0,0
WBGene00167598.,0,0,0
WBGene00167599.,0,0,0
WBGene00167600.,0,0,0
WBGene00167601.,0,15,15
WBGene00167602.,0,0,0
WBGene00167603.,0,0,0
WBGene00167604.,0,0,0
WBGene00167605.,0,0,0
WBGene00167606.,0,0,0
WBGene00167607.,0,3,3
WBGene00167608.,0,0,0
WBGene00167609.,0,0,0
WBGene00167610.,0,3,3
WBGene00167611.,0,0,0
WBGene00167612.,0,0,0
WBGene00167613.,0,0,0
WBGene00167614.,0,3,3
WBGene00167615.,0,0,0
WBGene00167616.,0,0,0
WBGene00167617.,0,0,0
WBGene00167618.,0,0,0
WBGene00167619.,0,0,0
WBGene00167620.,0,0,0
WBGene00167621.,0,1,1
WBGene00167622.,0,0,0
WBGene00167623.,0,1,1
WBGene00167624.,0,0,0
WBGene00167625.,0,2,2
WBGene00167626.,0,1,1
WBGene00167627.,0,0,0
WBGene00167628.,0,0,0
WBGene00167629.,0,0,0
WBGene00167630.,0,0,0
WBGene00167631.,0,1,1
WBGene00167632.,0,0,0
WBGene00167633.,0,1,1
WBGene00167634.,0,0,0
WBGene00167635.,0,0,0
WBGene00167636.,0,0,0
WBGene00167637.,0,0,0
WBGene00167638.,0,0,0
WBGene00167639.,0,0,0
WBGene00167640.,0,0,0
WBGene00167641.,0,0,0
WBGene00167642.,0,0,0
WBGene00167643.,0,0,0
WBGene00167644.,0,0,0
WBGene00167645.,0,0,0
WBGene00167646.,0,0,0
WBGene00167647.,0,0,0
WBGene00167648.,0,0,0
WBGene00167649.,0,1,1
WBGene00167650.,0,0,0
WBGene00167651.,0,0,0
WBGene00167652.,0,1,1
WBGene00167653.,0,0,0
WBGene00167654.,0,0,0
WBGene00167655.,0,0,0
WBGene00167656.,0,0,0
WBGene00167657.,0,0,0
WBGene00167658.,0,0,0
WBGene00167659.,0,0,0
WBGene00167660.,0,0,0
WBGene00167661.,0,0,0
WBGene00167662.,0,0,0
WBGene00167663.,0,0,0
WBGene00167664.,0,5,5
WBGene00167665.,0,0,0
WBGene00167666.,0,0,0
WBGene00167667.,0,0,0
WBGene00167668.,0,0,0
WBGene00167669.,0,0,0
WBGene00167670.,0,0,0
WBGene00167671.,0,0,0
WBGene00167672.,0,0,0
WBGene00167673.,0,0,0
WBGene00167674.,0,0,0
WBGene00167675.,0,0,0
WBGene00167676.,0,0,0
WBGene00167677.,0,1,1
WBGene00167678.,0,0,0
WBGene00167679.,0,0,0
WBGene00167680.,0,0,0
WBGene00167681.,0,0,0
WBGene00167682.,0,3,3
WBGene00167683.,0,0,0
WBGene00167684.,0,0,0
WBGene00167685.,0,0,0
WBGene00167686.,0,1,1
WBGene00167687.,0,0,0
WBGene00167688.,0,0,0
WBGene00167689.,0,0,0
WBGene00167690.,0,0,0
WBGene00167691.,0,2,2
WBGene00167692.,0,0,0
WBGene00167693.,0,0,0
WBGene00167694.,0,0,0
WBGene00167695.,0,0,0
WBGene00167696.,0,0,0
WBGene00167697.,0,0,0
WBGene00167698.,0,0,0
WBGene00167699.,0,0,0
WBGene00167700.,0,0,0
WBGene00167701.,0,2,2
WBGene00167702.,0,1,1
WBGene00167703.,0,0,0
WBGene00167704.,0,0,0
WBGene00167705.,0,0,0
WBGene00167706.,0,0,0
WBGene00167707.,0,0,0
WBGene00167708.,0,0,0
WBGene00167709.,0,0,0
WBGene00167710.,0,2,2
WBGene00167711.,0,0,0
WBGene00167712.,0,0,0
WBGene00167713.,0,0,0
WBGene00167714.,0,0,0
WBGene00167715.,0,0,0
WBGene00167716.,0,0,0
WBGene00167717.,0,0,0
WBGene00167718.,0,0,0
WBGene00167719.,0,0,0
WBGene00167720.,0,3,3
WBGene00167721.,0,0,0
WBGene00167722.,0,2,2
WBGene00167723.,0,0,0
WBGene00167724.,0,2,2
WBGene00167725.,0,0,0
WBGene00167726.,0,0,0
WBGene00167727.,0,0,0
WBGene00167728.,0,0,0
WBGene00167729.,0,0,0
WBGene00167730.,0,1,1
WBGene00167731.,0,0,0
WBGene00167732.,0,0,0
WBGene00167733.,0,0,0
WBGene00167734.,0,0,0
WBGene00167735.,0,0,0
WBGene00167736.,0,0,0
WBGene00167737.,0,0,0
WBGene00167738.,0,0,0
WBGene00167739.,0,0,0
WBGene00167740.,0,0,0
WBGene00167741.,0,0,0
WBGene00167742.,0,0,0
WBGene00167743.,0,0,0
WBGene00167744.,0,0,0
WBGene00167745.,0,1,1
WBGene00167746.,0,2,2
WBGene00167747.,0,0,0
WBGene00167748.,0,0,0
WBGene00167749.,0,0,0
WBGene00167750.,0,0,0
WBGene00167751.,0,0,0
WBGene00167752.,0,0,0
WBGene00167753.,0,0,0
WBGene00167754.,0,0,0
WBGene00167755.,0,0,0
WBGene00167756.,0,0,0
WBGene00167757.,0,0,0
WBGene00167758.,0,0,0
WBGene00167759.,0,6,6
WBGene00167760.,0,0,0
WBGene00167761.,0,0,0
WBGene00167762.,0,0,0
WBGene00167763.,0,0,0
WBGene00167764.,0,1,1
WBGene00167765.,0,1,1
WBGene00167766.,0,0,0
WBGene00167767.,0,0,0
WBGene00167768.,0,0,0
WBGene00167769.,0,0,0
WBGene00167770.,0,0,0
WBGene00167771.,0,0,0
WBGene00167772.,0,4,4
WBGene00167773.,0,0,0
WBGene00167774.,0,0,0
WBGene00167775.,0,0,0
WBGene00167776.,0,0,0
WBGene00167777.,0,0,0
WBGene00167778.,0,0,0
WBGene00167779.,0,0,0
WBGene00167780.,0,1,1
WBGene00167781.,0,0,0
WBGene00167782.,0,0,0
WBGene00167783.,0,1,1
WBGene00167784.,0,0,0
WBGene00167785.,0,0,0
WBGene00167786.,0,0,0
WBGene00167787.,0,0,0
WBGene00167788.,0,0,0
WBGene00167789.,0,0,0
WBGene00167790.,0,0,0
WBGene00167791.,0,0,0
WBGene00167792.,0,0,0
WBGene00167793.,0,5,5
WBGene00167794.,0,0,0
WBGene00167795.,0,0,0
WBGene00167796.,0,0,0
WBGene00167797.,0,0,0
WBGene00167799.,0,0,0
WBGene00167800.,0,0,0
WBGene00167801.,0,0,0
WBGene00167802.,0,0,0
WBGene00167803.,0,0,0
WBGene00167804.,0,0,0
WBGene00167805.,0,0,0
WBGene00167806.,0,0,0
WBGene00167807.,0,0,0
WBGene00167808.,0,0,0
WBGene00167809.,0,0,0
WBGene00167810.,0,0,0
WBGene00167811.,0,0,0
WBGene00167812.,0,0,0
WBGene00167813.,0,0,0
WBGene00167814.,0,0,0
WBGene00167815.,0,0,0
WBGene00167816.,0,0,0
WBGene00167817.,0,0,0
WBGene00167818.,0,0,0
WBGene00167819.,0,0,0
WBGene00167820.,0,0,0
WBGene00167821.,0,0,0
WBGene00167822.,0,0,0
WBGene00167823.,0,0,0
WBGene00167824.,0,0,0
WBGene00167825.,0,0,0
WBGene00167826.,0,0,0
WBGene00167827.,0,0,0
WBGene00167828.,0,0,0
WBGene00167829.,0,0,0
WBGene00167830.,0,0,0
WBGene00167831.,0,0,0
WBGene00167832.,0,1,1
WBGene00167833.,0,0,0
WBGene00167834.,0,0,0
WBGene00167835.,0,0,0
WBGene00167836.,0,0,0
WBGene00167837.,0,0,0
WBGene00167838.,0,0,0
WBGene00167839.,0,0,0
WBGene00167840.,0,2,2
WBGene00167841.,0,0,0
WBGene00167842.,0,0,0
WBGene00167843.,0,0,0
WBGene00167845.,0,0,0
WBGene00167846.,0,0,0
WBGene00167847.,0,0,0
WBGene00167848.,0,0,0
WBGene00167849.,0,0,0
WBGene00167850.,0,0,0
WBGene00167851.,0,0,0
WBGene00167852.,0,0,0
WBGene00167853.,0,0,0
WBGene00167854.,0,2,2
WBGene00167855.,0,0,0
WBGene00167856.,0,0,0
WBGene00167857.,0,0,0
WBGene00167858.,0,0,0
WBGene00167859.,0,0,0
WBGene00167860.,0,0,0
WBGene00167861.,0,0,0
WBGene00167862.,0,0,0
WBGene00167863.,0,0,0
WBGene00167864.,0,0,0
WBGene00167865.,0,0,0
WBGene00167866.,0,0,0
WBGene00167867.,0,1,1
WBGene00167868.,0,0,0
WBGene00167869.,0,0,0
WBGene00167870.,0,0,0
WBGene00167871.,0,0,0
WBGene00167872.,0,3,3
WBGene00167873.,0,1,1
WBGene00167874.,0,0,0
WBGene00167875.,0,0,0
WBGene00167876.,0,0,0
WBGene00167877.,0,0,0
WBGene00167878.,0,0,0
WBGene00167879.,0,0,0
WBGene00167880.,0,0,0
WBGene00167881.,0,0,0
WBGene00167882.,0,1,1
WBGene00167883.,0,0,0
WBGene00167884.,0,0,0
WBGene00167885.,0,0,0
WBGene00167886.,0,0,0
WBGene00167887.,0,1,1
WBGene00167888.,0,0,0
WBGene00167889.,0,0,0
WBGene00167890.,0,0,0
WBGene00167891.,0,3,3
WBGene00167892.,0,0,0
WBGene00167893.,0,0,0
WBGene00167894.,0,0,0
WBGene00167895.,0,1,1
WBGene00167896.,0,0,0
WBGene00167897.,0,0,0
WBGene00167898.,0,0,0
WBGene00167899.,0,0,0
WBGene00167900.,0,0,0
WBGene00167901.,0,0,0
WBGene00167902.,0,0,0
WBGene00167903.,0,1,1
WBGene00167904.,0,0,0
WBGene00167905.,0,0,0
WBGene00167906.,0,0,0
WBGene00167907.,0,0,0
WBGene00167908.,0,0,0
WBGene00167909.,0,0,0
WBGene00167910.,0,0,0
WBGene00167911.,0,0,0
WBGene00167912.,0,0,0
WBGene00167913.,0,1,1
WBGene00167914.,0,0,0
WBGene00167915.,0,0,0
WBGene00167916.,0,0,0
WBGene00167917.,0,0,0
WBGene00167918.,0,0,0
WBGene00167919.,0,0,0
WBGene00167920.,0,0,0
WBGene00167921.,0,0,0
WBGene00167922.,0,0,0
WBGene00167923.,0,0,0
WBGene00167924.,0,0,0
WBGene00167925.,0,0,0
WBGene00167926.,0,1,1
WBGene00167927.,0,0,0
WBGene00167928.,0,0,0
WBGene00167929.,0,0,0
WBGene00167930.,0,0,0
WBGene00167931.,0,0,0
WBGene00167932.,0,0,0
WBGene00167933.,0,0,0
WBGene00167934.,0,0,0
WBGene00167935.,0,0,0
WBGene00167936.,0,0,0
WBGene00167937.,0,0,0
WBGene00167938.,0,0,0
WBGene00167939.,0,0,0
WBGene00167940.,0,0,0
WBGene00167941.,0,0,0
WBGene00167942.,0,0,0
WBGene00167943.,0,0,0
WBGene00167944.,0,0,0
WBGene00167945.,0,0,0
WBGene00167946.,0,0,0
WBGene00167947.,0,0,0
WBGene00167948.,0,2,2
WBGene00167949.,0,0,0
WBGene00167950.,0,0,0
WBGene00167951.,0,0,0
WBGene00167952.,0,0,0
WBGene00167953.,0,2,2
WBGene00167954.,0,0,0
WBGene00167955.,0,0,0
WBGene00167956.,0,0,0
WBGene00167957.,0,2,2
WBGene00167958.,0,0,0
WBGene00167959.,0,0,0
WBGene00167960.,0,0,0
WBGene00167961.,0,0,0
WBGene00167962.,0,0,0
WBGene00167963.,0,0,0
WBGene00167964.,0,0,0
WBGene00167965.,0,0,0
WBGene00167966.,0,0,0
WBGene00167967.,0,0,0
WBGene00167968.,0,1,1
WBGene00167969.,0,0,0
WBGene00167970.,0,0,0
WBGene00167971.,0,1,1
WBGene00167972.,0,0,0
WBGene00167973.,0,0,0
WBGene00167974.,0,0,0
WBGene00167975.,0,0,0
WBGene00167976.,0,0,0
WBGene00167977.,0,0,0
WBGene00167978.,0,0,0
WBGene00167979.,0,0,0
WBGene00167980.,0,0,0
WBGene00167981.,0,0,0
WBGene00167982.,0,0,0
WBGene00167983.,0,1,1
WBGene00167984.,0,2,2
WBGene00167985.,0,0,0
WBGene00167986.,0,0,0
WBGene00167987.,0,0,0
WBGene00167988.,0,0,0
WBGene00167989.,0,0,0
WBGene00167990.,0,0,0
WBGene00167991.,0,0,0
WBGene00167992.,0,0,0
WBGene00167993.,0,0,0
WBGene00167994.,0,1,1
WBGene00167995.,0,0,0
WBGene00167996.,0,6,6
WBGene00167997.,0,0,0
WBGene00167998.,0,5,5
WBGene00167999.,0,0,0
WBGene00168000.,0,0,0
WBGene00168001.,0,0,0
WBGene00168002.,0,0,0
WBGene00168003.,0,0,0
WBGene00168004.,0,0,0
WBGene00168005.,0,1,1
WBGene00168006.,0,1,1
WBGene00168007.,0,0,0
WBGene00168008.,0,0,0
WBGene00168009.,0,1,1
WBGene00168010.,0,0,0
WBGene00168011.,0,0,0
WBGene00168012.,0,2,2
WBGene00168013.,0,0,0
WBGene00168014.,0,0,0
WBGene00168015.,0,24,24
WBGene00168016.,0,0,0
WBGene00168017.,0,0,0
WBGene00168018.,0,0,0
WBGene00168019.,0,0,0
WBGene00168020.,0,1,1
WBGene00168021.,0,0,0
WBGene00168022.,0,1,1
WBGene00168023.,0,0,0
WBGene00168024.,0,2,2
WBGene00168025.,0,0,0
WBGene00168026.,0,0,0
WBGene00168027.,0,0,0
WBGene00168028.,0,0,0
WBGene00168029.,0,0,0
WBGene00168030.,0,0,0
WBGene00168031.,0,2,2
WBGene00168032.,0,0,0
WBGene00168033.,0,4,4
WBGene00168034.,0,0,0
WBGene00168035.,0,0,0
WBGene00168036.,0,0,0
WBGene00168037.,0,0,0
WBGene00168038.,0,0,0
WBGene00168039.,0,0,0
WBGene00168040.,0,0,0
WBGene00168041.,0,0,0
WBGene00168042.,0,0,0
WBGene00168043.,0,0,0
WBGene00168044.,0,1,1
WBGene00168045.,0,0,0
WBGene00168046.,0,1,1
WBGene00168047.,0,0,0
WBGene00168048.,0,0,0
WBGene00168049.,0,0,0
WBGene00168050.,0,0,0
WBGene00168051.,0,0,0
WBGene00168052.,0,0,0
WBGene00168053.,0,0,0
WBGene00168054.,0,0,0
WBGene00168055.,0,0,0
WBGene00168056.,0,0,0
WBGene00168057.,0,0,0
WBGene00168058.,0,1,1
WBGene00168059.,0,0,0
WBGene00168060.,0,0,0
WBGene00168061.,0,0,0
WBGene00168062.,0,0,0
WBGene00168063.,0,0,0
WBGene00168064.,0,0,0
WBGene00168065.,0,0,0
WBGene00168066.,0,0,0
WBGene00168067.,0,0,0
WBGene00168068.,0,0,0
WBGene00168069.,0,0,0
WBGene00168070.,0,0,0
WBGene00168071.,0,0,0
WBGene00168072.,0,0,0
WBGene00168073.,0,0,0
WBGene00168074.,0,0,0
WBGene00168075.,0,0,0
WBGene00168076.,0,0,0
WBGene00168077.,0,1,1
WBGene00168078.,0,0,0
WBGene00168079.,0,0,0
WBGene00168080.,0,0,0
WBGene00168081.,0,0,0
WBGene00168082.,0,0,0
WBGene00168083.,0,2,2
WBGene00168084.,0,0,0
WBGene00168085.,0,0,0
WBGene00168086.,0,0,0
WBGene00168087.,0,1,1
WBGene00168088.,0,0,0
WBGene00168089.,0,1,1
WBGene00168090.,0,6,6
WBGene00168091.,0,0,0
WBGene00168092.,0,11,11
WBGene00168093.,0,0,0
WBGene00168094.,0,0,0
WBGene00168095.,0,3,3
WBGene00168096.,0,0,0
WBGene00168097.,0,0,0
WBGene00168098.,0,0,0
WBGene00168099.,0,1,1
WBGene00168100.,0,0,0
WBGene00168101.,0,0,0
WBGene00168102.,0,0,0
WBGene00168103.,0,2,2
WBGene00168104.,0,0,0
WBGene00168105.,0,0,0
WBGene00168106.,0,0,0
WBGene00168107.,0,1,1
WBGene00168108.,0,0,0
WBGene00168109.,0,0,0
WBGene00168110.,0,0,0
WBGene00168111.,0,7,7
WBGene00168112.,0,0,0
WBGene00168113.,0,0,0
WBGene00168114.,0,0,0
WBGene00168115.,0,0,0
WBGene00168116.,0,1,1
WBGene00168117.,0,2,2
WBGene00168118.,0,0,0
WBGene00168119.,0,0,0
WBGene00168120.,0,0,0
WBGene00168121.,0,0,0
WBGene00168122.,0,0,0
WBGene00168123.,0,0,0
WBGene00168124.,0,1,1
WBGene00168125.,0,0,0
WBGene00168126.,0,0,0
WBGene00168127.,0,0,0
WBGene00168128.,0,0,0
WBGene00168129.,0,0,0
WBGene00168130.,0,7,7
WBGene00168131.,0,0,0
WBGene00168132.,0,0,0
WBGene00168133.,0,1,1
WBGene00168134.,0,0,0
WBGene00168135.,0,0,0
WBGene00168136.,0,0,0
WBGene00168137.,0,0,0
WBGene00168138.,0,0,0
WBGene00168139.,0,0,0
WBGene00168140.,0,0,0
WBGene00168141.,0,0,0
WBGene00168142.,0,0,0
WBGene00168143.,0,0,0
WBGene00168144.,0,0,0
WBGene00168145.,0,0,0
WBGene00168146.,0,0,0
WBGene00168147.,0,7,7
WBGene00168148.,0,0,0
WBGene00168149.,0,2,2
WBGene00168150.,0,0,0
WBGene00168151.,0,0,0
WBGene00168152.,0,1,1
WBGene00168153.,0,0,0
WBGene00168154.,0,0,0
WBGene00168155.,0,0,0
WBGene00168156.,0,0,0
WBGene00168157.,0,0,0
WBGene00168158.,0,0,0
WBGene00168159.,0,0,0
WBGene00168160.,0,0,0
WBGene00168161.,0,0,0
WBGene00168162.,0,0,0
WBGene00168163.,0,0,0
WBGene00168164.,0,0,0
WBGene00168165.,0,1,1
WBGene00168166.,0,0,0
WBGene00168167.,0,0,0
WBGene00168168.,0,0,0
WBGene00168169.,0,0,0
WBGene00168170.,0,0,0
WBGene00168171.,0,0,0
WBGene00168172.,0,0,0
WBGene00168173.,0,0,0
WBGene00168174.,0,0,0
WBGene00168175.,0,7,7
WBGene00168176.,0,0,0
WBGene00168177.,0,0,0
WBGene00168178.,0,0,0
WBGene00168179.,0,1,1
WBGene00168180.,0,0,0
WBGene00168181.,0,0,0
WBGene00168182.,0,0,0
WBGene00168183.,0,0,0
WBGene00168184.,0,0,0
WBGene00168185.,0,1,1
WBGene00168186.,0,0,0
WBGene00168187.,0,0,0
WBGene00168188.,0,4,4
WBGene00168189.,0,1,1
WBGene00168190.,0,0,0
WBGene00168191.,0,0,0
WBGene00168192.,0,0,0
WBGene00168193.,0,0,0
WBGene00168194.,0,0,0
WBGene00168195.,0,0,0
WBGene00168196.,0,0,0
WBGene00168197.,0,0,0
WBGene00168198.,0,0,0
WBGene00168199.,0,0,0
WBGene00168200.,0,0,0
WBGene00168201.,0,0,0
WBGene00168202.,0,0,0
WBGene00168203.,0,0,0
WBGene00168204.,0,0,0
WBGene00168205.,0,0,0
WBGene00168206.,0,0,0
WBGene00168207.,0,0,0
WBGene00168208.,0,0,0
WBGene00168209.,0,0,0
WBGene00168210.,0,3,3
WBGene00168211.,0,0,0
WBGene00168212.,0,0,0
WBGene00168213.,0,0,0
WBGene00168214.,0,0,0
WBGene00168215.,0,0,0
WBGene00168216.,0,0,0
WBGene00168217.,0,0,0
WBGene00168218.,0,0,0
WBGene00168219.,0,0,0
WBGene00168220.,0,0,0
WBGene00168221.,0,0,0
WBGene00168222.,0,0,0
WBGene00168223.,0,0,0
WBGene00168224.,0,0,0
WBGene00168225.,0,0,0
WBGene00168226.,0,0,0
WBGene00168227.,0,3,3
WBGene00168228.,0,0,0
WBGene00168229.,0,0,0
WBGene00168230.,0,0,0
WBGene00168231.,0,0,0
WBGene00168232.,0,3,3
WBGene00168233.,0,0,0
WBGene00168234.,0,0,0
WBGene00168235.,0,0,0
WBGene00168236.,0,4,4
WBGene00168237.,0,0,0
WBGene00168238.,0,0,0
WBGene00168239.,0,0,0
WBGene00168240.,0,0,0
WBGene00168241.,0,0,0
WBGene00168242.,0,0,0
WBGene00168243.,0,0,0
WBGene00168244.,0,0,0
WBGene00168245.,0,0,0
WBGene00168246.,0,0,0
WBGene00168247.,0,0,0
WBGene00168248.,0,0,0
WBGene00168249.,0,0,0
WBGene00168250.,0,0,0
WBGene00168251.,0,0,0
WBGene00168252.,0,1,1
WBGene00168253.,0,0,0
WBGene00168254.,0,4,4
WBGene00168255.,0,0,0
WBGene00168256.,0,0,0
WBGene00168257.,0,0,0
WBGene00168258.,0,0,0
WBGene00168259.,0,2,2
WBGene00168260.,0,0,0
WBGene00168261.,0,1,1
WBGene00168262.,0,7,7
WBGene00168263.,0,0,0
WBGene00168264.,0,2,2
WBGene00168265.,0,0,0
WBGene00168266.,0,0,0
WBGene00168267.,0,0,0
WBGene00168268.,0,0,0
WBGene00168269.,0,0,0
WBGene00168270.,0,0,0
WBGene00168271.,0,0,0
WBGene00168272.,0,0,0
WBGene00168273.,0,0,0
WBGene00168274.,0,0,0
WBGene00168275.,0,0,0
WBGene00168276.,0,0,0
WBGene00168277.,0,0,0
WBGene00168278.,0,1,1
WBGene00168279.,0,0,0
WBGene00168280.,0,0,0
WBGene00168281.,0,0,0
WBGene00168282.,0,0,0
WBGene00168283.,0,0,0
WBGene00168284.,0,0,0
WBGene00168285.,0,0,0
WBGene00168286.,0,0,0
WBGene00168287.,0,0,0
WBGene00168288.,0,0,0
WBGene00168289.,0,0,0
WBGene00168290.,0,0,0
WBGene00168291.,0,0,0
WBGene00168292.,0,1,1
WBGene00168293.,0,0,0
WBGene00168294.,0,0,0
WBGene00168295.,0,1,1
WBGene00168296.,0,0,0
WBGene00168297.,0,0,0
WBGene00168298.,0,0,0
WBGene00168299.,0,0,0
WBGene00168300.,0,1,1
WBGene00168301.,0,0,0
WBGene00168302.,0,0,0
WBGene00168303.,0,3,3
WBGene00168304.,0,0,0
WBGene00168305.,0,0,0
WBGene00168306.,0,10,10
WBGene00168307.,0,2,2
WBGene00168308.,0,0,0
WBGene00168309.,0,2,2
WBGene00168310.,0,0,0
WBGene00168311.,0,0,0
WBGene00168312.,0,0,0
WBGene00168313.,0,0,0
WBGene00168314.,0,2,2
WBGene00168315.,0,0,0
WBGene00168316.,0,1,1
WBGene00168317.,0,0,0
WBGene00168318.,0,0,0
WBGene00168319.,0,0,0
WBGene00168320.,0,0,0
WBGene00168321.,0,0,0
WBGene00168322.,0,0,0
WBGene00168323.,0,0,0
WBGene00168324.,0,4,4
WBGene00168325.,0,0,0
WBGene00168326.,0,0,0
WBGene00168327.,0,0,0
WBGene00168328.,0,0,0
WBGene00168329.,0,0,0
WBGene00168330.,0,0,0
WBGene00168331.,0,0,0
WBGene00168332.,0,0,0
WBGene00168333.,0,0,0
WBGene00168334.,0,0,0
WBGene00168335.,0,0,0
WBGene00168336.,0,1,1
WBGene00168337.,0,0,0
WBGene00168338.,0,0,0
WBGene00168339.,0,0,0
WBGene00168340.,0,0,0
WBGene00168341.,0,0,0
WBGene00168342.,0,0,0
WBGene00168343.,0,0,0
WBGene00168344.,0,0,0
WBGene00168345.,0,0,0
WBGene00168346.,0,0,0
WBGene00168347.,0,0,0
WBGene00168348.,0,0,0
WBGene00168349.,0,0,0
WBGene00168350.,0,0,0
WBGene00168351.,0,0,0
WBGene00168352.,0,0,0
WBGene00168353.,0,0,0
WBGene00168354.,0,0,0
WBGene00168355.,0,0,0
WBGene00168356.,0,0,0
WBGene00168357.,0,0,0
WBGene00168358.,0,1,1
WBGene00168359.,0,0,0
WBGene00168360.,0,0,0
WBGene00168361.,0,0,0
WBGene00168362.,0,0,0
WBGene00168363.,0,0,0
WBGene00168364.,0,0,0
WBGene00168365.,0,0,0
WBGene00168366.,0,0,0
WBGene00168367.,0,12,12
WBGene00168368.,0,0,0
WBGene00168369.,0,12,12
WBGene00168370.,0,0,0
WBGene00168371.,0,0,0
WBGene00168372.,0,0,0
WBGene00168373.,0,0,0
WBGene00168374.,0,0,0
WBGene00168375.,0,0,0
WBGene00168376.,0,0,0
WBGene00168377.,0,3,3
WBGene00168378.,0,0,0
WBGene00168379.,0,0,0
WBGene00168380.,0,0,0
WBGene00168381.,0,0,0
WBGene00168382.,0,0,0
WBGene00168383.,0,0,0
WBGene00168384.,0,0,0
WBGene00168385.,0,0,0
WBGene00168386.,0,0,0
WBGene00168387.,0,0,0
WBGene00168388.,0,10,10
WBGene00168389.,0,0,0
WBGene00168390.,0,0,0
WBGene00168391.,0,2,2
WBGene00168392.,0,0,0
WBGene00168393.,0,0,0
WBGene00168394.,0,0,0
WBGene00168395.,0,0,0
WBGene00168396.,0,0,0
WBGene00168397.,0,0,0
WBGene00168398.,0,0,0
WBGene00168399.,0,0,0
WBGene00168400.,0,0,0
WBGene00168401.,0,0,0
WBGene00168402.,0,0,0
WBGene00168403.,0,0,0
WBGene00168404.,0,0,0
WBGene00168405.,0,0,0
WBGene00168406.,0,0,0
WBGene00168407.,0,0,0
WBGene00168408.,0,0,0
WBGene00168409.,0,0,0
WBGene00168410.,0,0,0
WBGene00168411.,0,0,0
WBGene00168412.,0,1,1
WBGene00168413.,0,0,0
WBGene00168414.,0,0,0
WBGene00168415.,0,0,0
WBGene00168416.,0,0,0
WBGene00168417.,0,0,0
WBGene00168418.,0,0,0
WBGene00168419.,0,0,0
WBGene00168420.,0,0,0
WBGene00168421.,0,1,1
WBGene00168422.,0,0,0
WBGene00168423.,0,0,0
WBGene00168424.,0,0,0
WBGene00168425.,0,1,1
WBGene00168426.,0,0,0
WBGene00168427.,0,0,0
WBGene00168428.,0,0,0
WBGene00168429.,0,0,0
WBGene00168430.,0,0,0
WBGene00168431.,0,0,0
WBGene00168432.,0,0,0
WBGene00168433.,0,0,0
WBGene00168434.,0,0,0
WBGene00168435.,0,0,0
WBGene00168436.,0,1,1
WBGene00168437.,0,0,0
WBGene00168438.,0,0,0
WBGene00168439.,0,0,0
WBGene00168440.,0,0,0
WBGene00168441.,0,0,0
WBGene00168442.,0,13,13
WBGene00168443.,0,0,0
WBGene00168444.,0,0,0
WBGene00168445.,0,0,0
WBGene00168446.,0,0,0
WBGene00168447.,0,0,0
WBGene00168448.,0,0,0
WBGene00168449.,0,0,0
WBGene00168450.,0,0,0
WBGene00168451.,0,0,0
WBGene00168452.,0,0,0
WBGene00168453.,0,0,0
WBGene00168454.,0,0,0
WBGene00168455.,0,0,0
WBGene00168456.,0,0,0
WBGene00168457.,0,7,7
WBGene00168458.,0,0,0
WBGene00168459.,0,1,1
WBGene00168460.,0,0,0
WBGene00168461.,0,0,0
WBGene00168462.,0,0,0
WBGene00168463.,0,0,0
WBGene00168464.,0,0,0
WBGene00168465.,0,0,0
WBGene00168466.,0,0,0
WBGene00168467.,0,0,0
WBGene00168468.,0,1,1
WBGene00168469.,0,0,0
WBGene00168470.,0,0,0
WBGene00168472.,0,0,0
WBGene00168473.,0,0,0
WBGene00168474.,0,0,0
WBGene00168475.,0,0,0
WBGene00168476.,0,0,0
WBGene00168477.,0,1,1
WBGene00168478.,0,0,0
WBGene00168479.,0,0,0
WBGene00168480.,0,0,0
WBGene00168481.,0,0,0
WBGene00168482.,0,0,0
WBGene00168483.,0,0,0
WBGene00168484.,0,0,0
WBGene00168485.,0,0,0
WBGene00168486.,0,0,0
WBGene00168487.,0,0,0
WBGene00168488.,0,1,1
WBGene00168489.,0,0,0
WBGene00168490.,0,0,0
WBGene00168491.,0,0,0
WBGene00168492.,0,0,0
WBGene00168493.,0,0,0
WBGene00168494.,0,0,0
WBGene00168495.,0,0,0
WBGene00168496.,0,0,0
WBGene00168497.,0,0,0
WBGene00168498.,0,0,0
WBGene00168499.,0,0,0
WBGene00168500.,0,0,0
WBGene00168501.,0,1,1
WBGene00168502.,0,0,0
WBGene00168503.,0,0,0
WBGene00168504.,0,0,0
WBGene00168505.,0,0,0
WBGene00168506.,0,0,0
WBGene00168507.,0,0,0
WBGene00168508.,0,0,0
WBGene00168509.,0,0,0
WBGene00168510.,0,1,1
WBGene00168511.,0,0,0
WBGene00168512.,0,0,0
WBGene00168513.,0,0,0
WBGene00168514.,0,0,0
WBGene00168515.,0,0,0
WBGene00168516.,0,0,0
WBGene00168517.,0,0,0
WBGene00168518.,0,0,0
WBGene00168519.,0,0,0
WBGene00168520.,0,0,0
WBGene00168521.,0,0,0
WBGene00168522.,0,0,0
WBGene00168523.,0,0,0
WBGene00168524.,0,0,0
WBGene00168525.,0,0,0
WBGene00168526.,0,2,2
WBGene00168527.,0,0,0
WBGene00168528.,0,0,0
WBGene00168529.,0,0,0
WBGene00168530.,0,0,0
WBGene00168531.,0,0,0
WBGene00168532.,0,0,0
WBGene00168533.,0,0,0
WBGene00168534.,0,1,1
WBGene00168535.,0,0,0
WBGene00168536.,0,0,0
WBGene00168537.,0,3,3
WBGene00168538.,0,1,1
WBGene00168539.,0,0,0
WBGene00168540.,0,0,0
WBGene00168541.,0,0,0
WBGene00168542.,0,0,0
WBGene00168543.,0,0,0
WBGene00168544.,0,0,0
WBGene00168545.,0,0,0
WBGene00168546.,0,0,0
WBGene00168547.,0,0,0
WBGene00168548.,0,10,10
WBGene00168549.,0,0,0
WBGene00168550.,0,0,0
WBGene00168551.,0,0,0
WBGene00168552.,0,0,0
WBGene00168553.,0,0,0
WBGene00168554.,0,0,0
WBGene00168555.,0,11,11
WBGene00168556.,0,0,0
WBGene00168557.,0,0,0
WBGene00168558.,0,0,0
WBGene00168559.,0,0,0
WBGene00168560.,0,3,3
WBGene00168561.,0,0,0
WBGene00168562.,0,0,0
WBGene00168563.,0,0,0
WBGene00168564.,0,0,0
WBGene00168565.,0,0,0
WBGene00168566.,0,0,0
WBGene00168567.,0,0,0
WBGene00168568.,0,0,0
WBGene00168569.,0,0,0
WBGene00168570.,0,0,0
WBGene00168571.,0,0,0
WBGene00168572.,0,0,0
WBGene00168573.,0,2,2
WBGene00168574.,0,0,0
WBGene00168575.,0,0,0
WBGene00168576.,0,0,0
WBGene00168577.,0,0,0
WBGene00168578.,0,0,0
WBGene00168579.,0,0,0
WBGene00168580.,0,0,0
WBGene00168581.,0,0,0
WBGene00168582.,0,0,0
WBGene00168583.,0,0,0
WBGene00168584.,0,0,0
WBGene00168585.,0,0,0
WBGene00168586.,0,0,0
WBGene00168587.,0,0,0
WBGene00168588.,0,0,0
WBGene00168589.,0,0,0
WBGene00168590.,0,0,0
WBGene00168591.,0,0,0
WBGene00168592.,0,0,0
WBGene00168593.,0,0,0
WBGene00168594.,0,0,0
WBGene00168595.,0,0,0
WBGene00168596.,0,0,0
WBGene00168597.,0,0,0
WBGene00168598.,0,2,2
WBGene00168599.,0,0,0
WBGene00168600.,0,0,0
WBGene00168601.,0,1,1
WBGene00168602.,0,0,0
WBGene00168603.,0,0,0
WBGene00168604.,0,1,1
WBGene00168605.,0,3,3
WBGene00168606.,0,0,0
WBGene00168607.,0,0,0
WBGene00168608.,0,0,0
WBGene00168609.,0,0,0
WBGene00168610.,0,1,1
WBGene00168611.,0,0,0
WBGene00168612.,0,0,0
WBGene00168613.,0,0,0
WBGene00168614.,0,0,0
WBGene00168615.,0,0,0
WBGene00168616.,0,0,0
WBGene00168617.,0,2,2
WBGene00168618.,0,0,0
WBGene00168619.,0,2,2
WBGene00168620.,0,0,0
WBGene00168621.,0,0,0
WBGene00168622.,0,0,0
WBGene00168623.,0,0,0
WBGene00168624.,0,0,0
WBGene00168625.,0,0,0
WBGene00168626.,0,1,1
WBGene00168627.,0,0,0
WBGene00168628.,0,0,0
WBGene00168629.,0,0,0
WBGene00168630.,0,0,0
WBGene00168631.,0,0,0
WBGene00168632.,0,0,0
WBGene00168633.,0,0,0
WBGene00168634.,0,0,0
WBGene00168635.,0,0,0
WBGene00168636.,0,0,0
WBGene00168637.,0,1,1
WBGene00168638.,0,0,0
WBGene00168639.,0,0,0
WBGene00168640.,0,2,2
WBGene00168641.,0,0,0
WBGene00168642.,0,0,0
WBGene00168643.,0,0,0
WBGene00168644.,0,0,0
WBGene00168645.,0,0,0
WBGene00168646.,0,0,0
WBGene00168647.,0,0,0
WBGene00168648.,0,0,0
WBGene00168649.,0,0,0
WBGene00168650.,0,0,0
WBGene00168651.,0,0,0
WBGene00168652.,0,0,0
WBGene00168653.,0,0,0
WBGene00168654.,0,4,4
WBGene00168655.,0,0,0
WBGene00168656.,0,0,0
WBGene00168657.,0,0,0
WBGene00168658.,0,0,0
WBGene00168659.,0,0,0
WBGene00168660.,0,0,0
WBGene00168661.,0,0,0
WBGene00168662.,0,1,1
WBGene00168663.,0,0,0
WBGene00168664.,0,1,1
WBGene00168665.,0,0,0
WBGene00168666.,0,0,0
WBGene00168667.,0,0,0
WBGene00168668.,0,0,0
WBGene00168669.,0,0,0
WBGene00168670.,0,0,0
WBGene00168671.,0,0,0
WBGene00168672.,0,0,0
WBGene00168673.,0,0,0
WBGene00168674.,0,0,0
WBGene00168675.,0,1,1
WBGene00168676.,0,6,6
WBGene00168677.,0,0,0
WBGene00168678.,0,0,0
WBGene00168679.,0,0,0
WBGene00168680.,0,0,0
WBGene00168681.,0,0,0
WBGene00168682.,0,0,0
WBGene00168683.,0,0,0
WBGene00168684.,0,0,0
WBGene00168685.,0,0,0
WBGene00168686.,0,0,0
WBGene00168687.,0,1,1
WBGene00168688.,0,2,2
WBGene00168689.,0,0,0
WBGene00168690.,0,0,0
WBGene00168691.,0,0,0
WBGene00168692.,0,0,0
WBGene00168693.,0,0,0
WBGene00168694.,0,0,0
WBGene00168695.,0,0,0
WBGene00168696.,0,0,0
WBGene00168697.,0,0,0
WBGene00168698.,0,0,0
WBGene00168699.,0,0,0
WBGene00168700.,0,0,0
WBGene00168701.,0,0,0
WBGene00168702.,0,0,0
WBGene00168703.,0,0,0
WBGene00168704.,0,0,0
WBGene00168705.,0,0,0
WBGene00168706.,0,0,0
WBGene00168707.,0,0,0
WBGene00168708.,0,0,0
WBGene00168709.,0,0,0
WBGene00168710.,0,4,4
WBGene00168711.,0,0,0
WBGene00168712.,0,0,0
WBGene00168713.,0,0,0
WBGene00168714.,0,0,0
WBGene00168715.,0,0,0
WBGene00168716.,0,0,0
WBGene00168717.,0,0,0
WBGene00168718.,0,0,0
WBGene00168719.,0,0,0
WBGene00168720.,0,2,2
WBGene00168721.,0,5,5
WBGene00168722.,0,0,0
WBGene00168723.,0,0,0
WBGene00168724.,0,0,0
WBGene00168725.,0,6,6
WBGene00168726.,0,0,0
WBGene00168727.,0,0,0
WBGene00168728.,0,0,0
WBGene00168729.,0,0,0
WBGene00168730.,0,1,1
WBGene00168731.,0,0,0
WBGene00168732.,0,1,1
WBGene00168733.,0,0,0
WBGene00168734.,0,0,0
WBGene00168735.,0,0,0
WBGene00168736.,0,1,1
WBGene00168737.,0,0,0
WBGene00168738.,0,0,0
WBGene00168739.,0,0,0
WBGene00168740.,0,0,0
WBGene00168741.,0,0,0
WBGene00168742.,0,0,0
WBGene00168743.,0,0,0
WBGene00168744.,0,0,0
WBGene00168745.,0,0,0
WBGene00168746.,0,0,0
WBGene00168747.,0,0,0
WBGene00168748.,0,0,0
WBGene00168749.,0,1,1
WBGene00168750.,0,1,1
WBGene00168751.,0,7,7
WBGene00168752.,0,0,0
WBGene00168753.,0,0,0
WBGene00168754.,0,0,0
WBGene00168755.,0,0,0
WBGene00168756.,0,2,2
WBGene00168757.,0,0,0
WBGene00168758.,0,0,0
WBGene00168759.,0,0,0
WBGene00168760.,0,0,0
WBGene00168761.,0,0,0
WBGene00168762.,0,0,0
WBGene00168763.,0,0,0
WBGene00168764.,0,8,8
WBGene00168765.,0,0,0
WBGene00168766.,0,0,0
WBGene00168767.,0,0,0
WBGene00168768.,0,0,0
WBGene00168769.,0,0,0
WBGene00168770.,0,0,0
WBGene00168771.,0,0,0
WBGene00168772.,0,0,0
WBGene00168773.,0,0,0
WBGene00168774.,0,0,0
WBGene00168775.,0,0,0
WBGene00168776.,0,0,0
WBGene00168777.,0,3,3
WBGene00168778.,0,0,0
WBGene00168779.,0,2,2
WBGene00168780.,0,0,0
WBGene00168781.,0,0,0
WBGene00168782.,0,0,0
WBGene00168783.,0,0,0
WBGene00168784.,0,0,0
WBGene00168785.,0,0,0
WBGene00168786.,0,0,0
WBGene00168787.,0,0,0
WBGene00168788.,0,0,0
WBGene00168789.,0,0,0
WBGene00168790.,0,3,3
WBGene00168791.,0,1,1
WBGene00168792.,0,0,0
WBGene00168793.,0,0,0
WBGene00168794.,0,0,0
WBGene00168795.,0,0,0
WBGene00168796.,0,0,0
WBGene00168797.,0,0,0
WBGene00168798.,0,0,0
WBGene00168799.,0,0,0
WBGene00168800.,0,0,0
WBGene00168801.,0,0,0
WBGene00168802.,0,0,0
WBGene00168803.,0,0,0
WBGene00168804.,0,0,0
WBGene00168805.,0,0,0
WBGene00168806.,0,0,0
WBGene00168807.,0,0,0
WBGene00168808.,0,0,0
WBGene00168809.,0,1,1
WBGene00168810.,0,0,0
WBGene00168811.,0,0,0
WBGene00168812.,0,0,0
WBGene00168813.,0,0,0
WBGene00168814.,0,0,0
WBGene00168815.,0,14,14
WBGene00168816.,0,1,1
WBGene00168817.,0,0,0
WBGene00168818.,0,0,0
WBGene00168819.,0,0,0
WBGene00168820.,0,0,0
WBGene00168821.,0,0,0
WBGene00168822.,0,0,0
WBGene00168823.,0,0,0
WBGene00168824.,0,0,0
WBGene00168825.,0,0,0
WBGene00168826.,0,0,0
WBGene00168827.,0,0,0
WBGene00168828.,0,0,0
WBGene00168829.,0,0,0
WBGene00168830.,0,0,0
WBGene00168831.,0,0,0
WBGene00168832.,0,0,0
WBGene00168833.,0,0,0
WBGene00168834.,0,0,0
WBGene00168835.,0,0,0
WBGene00168836.,0,0,0
WBGene00168837.,0,0,0
WBGene00168838.,0,0,0
WBGene00168839.,0,0,0
WBGene00168840.,0,0,0
WBGene00168841.,0,0,0
WBGene00168842.,0,0,0
WBGene00168843.,0,0,0
WBGene00168844.,0,0,0
WBGene00168845.,0,0,0
WBGene00168846.,0,0,0
WBGene00168847.,0,0,0
WBGene00168848.,0,0,0
WBGene00168849.,0,0,0
WBGene00168850.,0,0,0
WBGene00168851.,0,0,0
WBGene00168852.,0,0,0
WBGene00168853.,0,0,0
WBGene00168854.,0,3,3
WBGene00168855.,0,0,0
WBGene00168856.,0,0,0
WBGene00168857.,0,1,1
WBGene00168858.,0,0,0
WBGene00168859.,0,2,2
WBGene00168860.,0,0,0
WBGene00168861.,0,0,0
WBGene00168862.,0,0,0
WBGene00168863.,0,0,0
WBGene00168864.,0,7,7
WBGene00168865.,0,0,0
WBGene00168866.,0,5,5
WBGene00168867.,0,0,0
WBGene00168868.,0,1,1
WBGene00168869.,0,0,0
WBGene00168870.,0,0,0
WBGene00168871.,0,0,0
WBGene00168872.,0,0,0
WBGene00168873.,0,0,0
WBGene00168874.,0,0,0
WBGene00168875.,0,0,0
WBGene00168876.,0,11,11
WBGene00168877.,0,0,0
WBGene00168878.,0,0,0
WBGene00168879.,0,0,0
WBGene00168880.,0,1,1
WBGene00168881.,0,0,0
WBGene00168882.,0,0,0
WBGene00168883.,0,1,1
WBGene00168884.,0,0,0
WBGene00168885.,0,0,0
WBGene00168886.,0,0,0
WBGene00168887.,0,0,0
WBGene00168888.,0,0,0
WBGene00168889.,0,0,0
WBGene00168890.,0,0,0
WBGene00168891.,0,0,0
WBGene00168892.,0,0,0
WBGene00168893.,0,4,4
WBGene00168894.,0,0,0
WBGene00168895.,0,0,0
WBGene00168896.,0,0,0
WBGene00168897.,0,0,0
WBGene00168898.,0,1,1
WBGene00168899.,0,0,0
WBGene00168900.,0,0,0
WBGene00168901.,0,0,0
WBGene00168902.,0,0,0
WBGene00168903.,0,0,0
WBGene00168904.,0,0,0
WBGene00168905.,0,0,0
WBGene00168906.,0,0,0
WBGene00168907.,0,0,0
WBGene00168908.,0,0,0
WBGene00168909.,0,0,0
WBGene00168910.,0,0,0
WBGene00168911.,0,0,0
WBGene00168912.,0,0,0
WBGene00168913.,0,0,0
WBGene00168914.,0,4,4
WBGene00168915.,0,0,0
WBGene00168916.,0,0,0
WBGene00168917.,0,0,0
WBGene00168918.,0,0,0
WBGene00168919.,0,0,0
WBGene00168920.,0,0,0
WBGene00168921.,0,0,0
WBGene00168922.,0,0,0
WBGene00168923.,0,1,1
WBGene00168924.,0,0,0
WBGene00168925.,0,0,0
WBGene00168926.,0,0,0
WBGene00168927.,0,0,0
WBGene00168928.,0,3,3
WBGene00168929.,0,0,0
WBGene00168930.,0,0,0
WBGene00168931.,0,0,0
WBGene00168932.,0,0,0
WBGene00168933.,0,0,0
WBGene00168934.,0,0,0
WBGene00168935.,0,0,0
WBGene00168936.,0,1,1
WBGene00168937.,0,0,0
WBGene00168938.,0,0,0
WBGene00168939.,0,0,0
WBGene00168940.,0,0,0
WBGene00168941.,0,0,0
WBGene00168942.,0,0,0
WBGene00168943.,0,0,0
WBGene00168944.,0,0,0
WBGene00168945.,0,0,0
WBGene00168946.,0,0,0
WBGene00168947.,0,5,5
WBGene00168948.,0,0,0
WBGene00168949.,0,0,0
WBGene00168950.,0,0,0
WBGene00168951.,0,1,1
WBGene00168952.,0,0,0
WBGene00168953.,0,0,0
WBGene00168954.,0,6,6
WBGene00168955.,0,1,1
WBGene00168956.,0,0,0
WBGene00168957.,0,0,0
WBGene00168958.,0,0,0
WBGene00168959.,0,5,5
WBGene00168960.,0,0,0
WBGene00168961.,0,0,0
WBGene00168962.,0,1,1
WBGene00168963.,0,0,0
WBGene00168964.,0,0,0
WBGene00168965.,0,0,0
WBGene00168966.,0,4,4
WBGene00168967.,0,0,0
WBGene00168968.,0,0,0
WBGene00168969.,0,0,0
WBGene00168970.,0,3,3
WBGene00168971.,0,0,0
WBGene00168972.,0,0,0
WBGene00168973.,0,0,0
WBGene00168974.,0,0,0
WBGene00168975.,0,0,0
WBGene00168976.,0,0,0
WBGene00168977.,0,0,0
WBGene00168978.,0,0,0
WBGene00168979.,0,0,0
WBGene00168980.,0,0,0
WBGene00168981.,0,0,0
WBGene00168982.,0,0,0
WBGene00168983.,0,0,0
WBGene00168984.,0,0,0
WBGene00168985.,0,4,4
WBGene00168986.,0,0,0
WBGene00168987.,0,0,0
WBGene00168988.,0,0,0
WBGene00168989.,0,0,0
WBGene00168990.,0,0,0
WBGene00168991.,0,0,0
WBGene00168992.,0,0,0
WBGene00168993.,0,0,0
WBGene00168994.,0,0,0
WBGene00168995.,0,7,7
WBGene00168996.,0,1,1
WBGene00168997.,0,1,1
WBGene00168998.,0,0,0
WBGene00168999.,0,0,0
WBGene00169000.,0,0,0
WBGene00169001.,0,0,0
WBGene00169002.,0,0,0
WBGene00169003.,0,0,0
WBGene00169004.,0,0,0
WBGene00169005.,0,0,0
WBGene00169006.,0,1,1
WBGene00169007.,0,0,0
WBGene00169008.,0,0,0
WBGene00169009.,0,0,0
WBGene00169010.,0,0,0
WBGene00169011.,0,0,0
WBGene00169012.,0,0,0
WBGene00169013.,0,0,0
WBGene00169014.,0,0,0
WBGene00169015.,0,0,0
WBGene00169016.,0,2,2
WBGene00169017.,0,0,0
WBGene00169018.,0,0,0
WBGene00169019.,0,0,0
WBGene00169020.,0,0,0
WBGene00169021.,0,0,0
WBGene00169022.,0,0,0
WBGene00169023.,0,0,0
WBGene00169024.,0,0,0
WBGene00169025.,0,0,0
WBGene00169026.,0,0,0
WBGene00169027.,0,0,0
WBGene00169028.,0,0,0
WBGene00169029.,0,0,0
WBGene00169030.,0,0,0
WBGene00169031.,0,0,0
WBGene00169032.,0,0,0
WBGene00169033.,0,0,0
WBGene00169034.,0,0,0
WBGene00169035.,0,0,0
WBGene00169036.,0,1,1
WBGene00169037.,0,0,0
WBGene00169038.,0,0,0
WBGene00169039.,0,0,0
WBGene00169040.,0,0,0
WBGene00169041.,0,0,0
WBGene00169042.,0,0,0
WBGene00169043.,0,0,0
WBGene00169044.,0,0,0
WBGene00169045.,0,0,0
WBGene00169046.,0,0,0
WBGene00169047.,0,0,0
WBGene00169048.,0,0,0
WBGene00169049.,0,0,0
WBGene00169050.,0,0,0
WBGene00169051.,0,3,3
WBGene00169052.,0,0,0
WBGene00169053.,0,0,0
WBGene00169054.,0,2,2
WBGene00169055.,0,0,0
WBGene00169056.,0,0,0
WBGene00169057.,0,0,0
WBGene00169058.,0,0,0
WBGene00169059.,0,1,1
WBGene00169060.,0,0,0
WBGene00169061.,0,0,0
WBGene00169062.,0,0,0
WBGene00169063.,0,3,3
WBGene00169064.,0,2,2
WBGene00169065.,0,0,0
WBGene00169066.,0,1,1
WBGene00169067.,0,0,0
WBGene00169068.,0,0,0
WBGene00169069.,0,1,1
WBGene00169070.,0,0,0
WBGene00169071.,0,1,1
WBGene00169072.,0,0,0
WBGene00169073.,0,0,0
WBGene00169074.,0,0,0
WBGene00169075.,0,0,0
WBGene00169076.,0,0,0
WBGene00169077.,0,0,0
WBGene00169078.,0,1,1
WBGene00169079.,0,0,0
WBGene00169080.,0,0,0
WBGene00169081.,0,0,0
WBGene00169082.,0,0,0
WBGene00169083.,0,0,0
WBGene00169084.,0,0,0
WBGene00169085.,0,0,0
WBGene00169086.,0,0,0
WBGene00169087.,0,0,0
WBGene00169088.,0,0,0
WBGene00169089.,0,0,0
WBGene00169090.,0,0,0
WBGene00169091.,0,0,0
WBGene00169092.,0,6,6
WBGene00169093.,0,0,0
WBGene00169094.,0,0,0
WBGene00169095.,0,0,0
WBGene00169096.,0,0,0
WBGene00169097.,0,0,0
WBGene00169098.,0,3,3
WBGene00169099.,0,0,0
WBGene00169100.,0,4,4
WBGene00169101.,0,0,0
WBGene00169102.,0,0,0
WBGene00169103.,0,1,1
WBGene00169104.,0,0,0
WBGene00169105.,0,0,0
WBGene00169106.,0,0,0
WBGene00169107.,0,0,0
WBGene00169108.,0,0,0
WBGene00169109.,0,2,2
WBGene00169110.,0,0,0
WBGene00169111.,0,0,0
WBGene00169112.,0,1,1
WBGene00169113.,0,0,0
WBGene00169114.,0,1,1
WBGene00169115.,0,0,0
WBGene00169116.,0,1,1
WBGene00169117.,0,0,0
WBGene00169118.,0,0,0
WBGene00169119.,0,0,0
WBGene00169120.,0,0,0
WBGene00169121.,0,0,0
WBGene00169122.,0,0,0
WBGene00169123.,0,0,0
WBGene00169124.,0,0,0
WBGene00169125.,0,0,0
WBGene00169126.,0,1,1
WBGene00169127.,0,0,0
WBGene00169128.,0,0,0
WBGene00169129.,0,0,0
WBGene00169130.,0,0,0
WBGene00169131.,0,0,0
WBGene00169132.,0,0,0
WBGene00169133.,0,0,0
WBGene00169134.,0,0,0
WBGene00169135.,0,0,0
WBGene00169136.,0,0,0
WBGene00169137.,0,0,0
WBGene00169138.,0,0,0
WBGene00169139.,0,0,0
WBGene00169140.,0,0,0
WBGene00169141.,0,0,0
WBGene00169142.,0,1,1
WBGene00169143.,0,0,0
WBGene00169144.,0,0,0
WBGene00169145.,0,0,0
WBGene00169146.,0,0,0
WBGene00169147.,0,0,0
WBGene00169148.,0,0,0
WBGene00169149.,0,0,0
WBGene00169150.,0,0,0
WBGene00169151.,0,0,0
WBGene00169152.,0,1,1
WBGene00169153.,0,0,0
WBGene00169154.,0,0,0
WBGene00169155.,0,0,0
WBGene00169156.,0,0,0
WBGene00169157.,0,0,0
WBGene00169158.,0,0,0
WBGene00169159.,0,3,3
WBGene00169160.,0,0,0
WBGene00169161.,0,1,1
WBGene00169162.,0,1,1
WBGene00169163.,0,3,3
WBGene00169164.,0,0,0
WBGene00169165.,0,0,0
WBGene00169166.,0,0,0
WBGene00169167.,0,0,0
WBGene00169168.,0,0,0
WBGene00169169.,0,0,0
WBGene00169170.,0,0,0
WBGene00169171.,0,4,4
WBGene00169172.,0,0,0
WBGene00169173.,0,0,0
WBGene00169174.,0,0,0
WBGene00169175.,0,0,0
WBGene00169176.,0,0,0
WBGene00169177.,0,1,1
WBGene00169178.,0,0,0
WBGene00169179.,0,0,0
WBGene00169180.,0,0,0
WBGene00169181.,0,0,0
WBGene00169182.,0,0,0
WBGene00169183.,0,0,0
WBGene00169184.,0,0,0
WBGene00169185.,0,0,0
WBGene00169186.,0,0,0
WBGene00169187.,0,0,0
WBGene00169188.,0,0,0
WBGene00169189.,0,1,1
WBGene00169190.,0,0,0
WBGene00169191.,0,1,1
WBGene00169192.,0,0,0
WBGene00169193.,0,0,0
WBGene00169194.,0,0,0
WBGene00169195.,0,0,0
WBGene00169196.,0,0,0
WBGene00169197.,0,0,0
WBGene00169198.,0,0,0
WBGene00169199.,0,0,0
WBGene00169200.,0,0,0
WBGene00169201.,0,0,0
WBGene00169202.,0,0,0
WBGene00169203.,0,0,0
WBGene00169204.,0,0,0
WBGene00169205.,0,0,0
WBGene00169206.,0,0,0
WBGene00169207.,0,0,0
WBGene00169208.,0,0,0
WBGene00169209.,0,0,0
WBGene00169210.,0,0,0
WBGene00169211.,0,1,1
WBGene00169212.,0,2,2
WBGene00169213.,0,0,0
WBGene00169214.,0,2,2
WBGene00169215.,0,0,0
WBGene00169216.,0,0,0
WBGene00169217.,0,0,0
WBGene00169218.,0,0,0
WBGene00169219.,0,1,1
WBGene00169220.,0,1,1
WBGene00169221.,0,1,1
WBGene00169222.,0,7,7
WBGene00169223.,0,0,0
WBGene00169224.,0,0,0
WBGene00169225.,0,0,0
WBGene00169226.,0,0,0
WBGene00169227.,0,0,0
WBGene00169228.,0,0,0
WBGene00169229.,0,0,0
WBGene00169230.,0,0,0
WBGene00169231.,0,0,0
WBGene00169232.,0,0,0
WBGene00169233.,0,0,0
WBGene00169234.,0,0,0
WBGene00169235.,0,0,0
WBGene00169236.,0,0,0
WBGene00169237.,0,0,0
WBGene00169238.,0,0,0
WBGene00169239.,0,0,0
WBGene00169240.,0,4,4
WBGene00169242.,0,0,0
WBGene00169243.,0,0,0
WBGene00169244.,0,0,0
WBGene00169245.,0,0,0
WBGene00169246.,0,0,0
WBGene00169247.,0,1,1
WBGene00169248.,0,1,1
WBGene00169249.,0,0,0
WBGene00169250.,0,0,0
WBGene00169251.,0,0,0
WBGene00169252.,0,0,0
WBGene00169253.,0,0,0
WBGene00169254.,0,0,0
WBGene00169255.,0,0,0
WBGene00169256.,0,0,0
WBGene00169257.,0,0,0
WBGene00169258.,0,0,0
WBGene00169259.,0,0,0
WBGene00169260.,0,0,0
WBGene00169261.,0,0,0
WBGene00169262.,0,0,0
WBGene00169263.,0,0,0
WBGene00169264.,0,0,0
WBGene00169265.,0,0,0
WBGene00169266.,0,0,0
WBGene00169267.,0,0,0
WBGene00169268.,0,0,0
WBGene00169269.,0,6,6
WBGene00169270.,0,0,0
WBGene00169271.,0,0,0
WBGene00169272.,0,2,2
WBGene00169273.,0,0,0
WBGene00169274.,0,0,0
WBGene00169275.,0,1,1
WBGene00169276.,0,0,0
WBGene00169277.,0,0,0
WBGene00169278.,0,0,0
WBGene00169279.,0,0,0
WBGene00169280.,0,0,0
WBGene00169281.,0,0,0
WBGene00169282.,0,0,0
WBGene00169283.,0,0,0
WBGene00169284.,0,0,0
WBGene00169285.,0,0,0
WBGene00169286.,0,3,3
WBGene00169287.,0,0,0
WBGene00169288.,0,0,0
WBGene00169289.,0,0,0
WBGene00169290.,0,0,0
WBGene00169291.,0,0,0
WBGene00169292.,0,0,0
WBGene00169293.,0,0,0
WBGene00169294.,0,0,0
WBGene00169295.,0,0,0
WBGene00169296.,0,0,0
WBGene00169297.,0,0,0
WBGene00169298.,0,3,3
WBGene00169299.,0,0,0
WBGene00169300.,0,0,0
WBGene00169301.,0,1,1
WBGene00169302.,0,0,0
WBGene00169303.,0,2,2
WBGene00169304.,0,0,0
WBGene00169305.,0,0,0
WBGene00169306.,0,0,0
WBGene00169307.,0,0,0
WBGene00169308.,0,0,0
WBGene00169309.,0,1,1
WBGene00169310.,0,0,0
WBGene00169311.,0,0,0
WBGene00169312.,0,0,0
WBGene00169313.,0,0,0
WBGene00169314.,0,0,0
WBGene00169315.,0,0,0
WBGene00169316.,0,0,0
WBGene00169317.,0,0,0
WBGene00169318.,0,0,0
WBGene00169319.,0,0,0
WBGene00169320.,0,0,0
WBGene00169321.,0,0,0
WBGene00169322.,0,1,1
WBGene00169323.,0,0,0
WBGene00169324.,0,0,0
WBGene00169325.,0,0,0
WBGene00169326.,0,0,0
WBGene00169327.,0,1,1
WBGene00169328.,0,0,0
WBGene00169329.,0,0,0
WBGene00169330.,0,3,3
WBGene00169331.,0,0,0
WBGene00169332.,0,0,0
WBGene00169333.,0,0,0
WBGene00169334.,0,0,0
WBGene00169335.,0,3,3
WBGene00169336.,0,0,0
WBGene00169337.,0,0,0
WBGene00169338.,0,0,0
WBGene00169339.,0,0,0
WBGene00169340.,0,0,0
WBGene00169341.,0,0,0
WBGene00169342.,0,0,0
WBGene00169343.,0,0,0
WBGene00169344.,0,0,0
WBGene00169345.,0,0,0
WBGene00169346.,0,3,3
WBGene00169347.,0,1,1
WBGene00169348.,0,0,0
WBGene00169349.,0,0,0
WBGene00169350.,0,0,0
WBGene00169351.,0,0,0
WBGene00169352.,0,0,0
WBGene00169353.,0,1,1
WBGene00169354.,0,11,11
WBGene00169355.,0,0,0
WBGene00169356.,0,0,0
WBGene00169357.,0,3,3
WBGene00169358.,0,5,5
WBGene00169359.,0,0,0
WBGene00169360.,0,0,0
WBGene00169361.,0,0,0
WBGene00169362.,0,0,0
WBGene00169363.,0,0,0
WBGene00169364.,0,1,1
WBGene00169365.,0,0,0
WBGene00169366.,0,0,0
WBGene00169367.,0,0,0
WBGene00169368.,0,0,0
WBGene00169369.,0,0,0
WBGene00169370.,0,0,0
WBGene00169371.,0,0,0
WBGene00169372.,0,0,0
WBGene00169373.,0,0,0
WBGene00169374.,0,0,0
WBGene00169375.,0,0,0
WBGene00169376.,0,0,0
WBGene00169377.,0,0,0
WBGene00169378.,0,0,0
WBGene00169379.,0,0,0
WBGene00169380.,0,0,0
WBGene00169381.,0,0,0
WBGene00169382.,0,0,0
WBGene00169383.,0,0,0
WBGene00169384.,0,1,1
WBGene00169385.,0,0,0
WBGene00169386.,0,0,0
WBGene00169387.,0,0,0
WBGene00169388.,0,0,0
WBGene00169389.,0,0,0
WBGene00169390.,0,0,0
WBGene00169391.,0,0,0
WBGene00169392.,0,7,7
WBGene00169393.,0,0,0
WBGene00169394.,0,0,0
WBGene00169395.,0,0,0
WBGene00169396.,0,0,0
WBGene00169397.,0,0,0
WBGene00169398.,0,1,1
WBGene00169399.,0,0,0
WBGene00169401.,0,0,0
WBGene00169402.,0,2,2
WBGene00169403.,0,1,1
WBGene00169404.,0,0,0
WBGene00169405.,0,0,0
WBGene00169406.,0,0,0
WBGene00169407.,0,0,0
WBGene00169408.,0,0,0
WBGene00169409.,0,0,0
WBGene00169410.,0,0,0
WBGene00169411.,0,0,0
WBGene00169412.,0,0,0
WBGene00169413.,0,0,0
WBGene00169414.,0,0,0
WBGene00169415.,0,0,0
WBGene00169416.,0,0,0
WBGene00169417.,0,0,0
WBGene00169418.,0,0,0
WBGene00169419.,0,0,0
WBGene00169420.,0,0,0
WBGene00169421.,0,1,1
WBGene00169422.,0,0,0
WBGene00169423.,0,0,0
WBGene00169424.,0,0,0
WBGene00169425.,0,0,0
WBGene00169426.,0,1,1
WBGene00169427.,0,0,0
WBGene00169428.,0,0,0
WBGene00169429.,0,0,0
WBGene00169430.,0,0,0
WBGene00169431.,0,7,7
WBGene00169432.,0,1,1
WBGene00169433.,0,0,0
WBGene00169434.,0,0,0
WBGene00169435.,0,0,0
WBGene00169436.,0,0,0
WBGene00169437.,0,0,0
WBGene00169438.,0,2,2
WBGene00169439.,0,0,0
WBGene00169440.,0,0,0
WBGene00169441.,0,0,0
WBGene00169442.,0,0,0
WBGene00169443.,0,0,0
WBGene00169444.,0,0,0
WBGene00169445.,0,0,0
WBGene00169446.,0,0,0
WBGene00169447.,0,0,0
WBGene00169448.,0,0,0
WBGene00169449.,0,0,0
WBGene00169450.,0,0,0
WBGene00169451.,0,3,3
WBGene00169452.,0,0,0
WBGene00169453.,0,0,0
WBGene00169454.,0,0,0
WBGene00169455.,0,0,0
WBGene00169456.,0,0,0
WBGene00169457.,0,0,0
WBGene00169458.,0,0,0
WBGene00169459.,0,0,0
WBGene00169460.,0,0,0
WBGene00169461.,0,1,1
WBGene00169462.,0,1,1
WBGene00169463.,0,0,0
WBGene00169464.,0,1,1
WBGene00169465.,0,0,0
WBGene00169466.,0,0,0
WBGene00169467.,0,0,0
WBGene00169468.,0,0,0
WBGene00169469.,0,1,1
WBGene00169470.,0,0,0
WBGene00169471.,0,0,0
WBGene00169472.,0,0,0
WBGene00169473.,0,0,0
WBGene00169474.,0,0,0
WBGene00169475.,0,0,0
WBGene00169476.,0,0,0
WBGene00169477.,0,0,0
WBGene00169478.,0,0,0
WBGene00169479.,0,0,0
WBGene00169480.,0,0,0
WBGene00169481.,0,0,0
WBGene00169482.,0,1,1
WBGene00169483.,0,0,0
WBGene00169484.,0,0,0
WBGene00169485.,0,0,0
WBGene00169486.,0,1,1
WBGene00169487.,0,0,0
WBGene00169488.,0,0,0
WBGene00169489.,0,0,0
WBGene00169490.,0,0,0
WBGene00169491.,0,0,0
WBGene00169492.,0,0,0
WBGene00169493.,0,0,0
WBGene00169494.,0,0,0
WBGene00169495.,0,0,0
WBGene00169496.,0,0,0
WBGene00169497.,0,0,0
WBGene00169498.,0,0,0
WBGene00169499.,0,0,0
WBGene00169500.,0,0,0
WBGene00169501.,0,0,0
WBGene00169502.,0,0,0
WBGene00169503.,0,0,0
WBGene00169504.,0,1,1
WBGene00169505.,0,0,0
WBGene00169506.,0,0,0
WBGene00169507.,0,0,0
WBGene00169508.,0,1,1
WBGene00169509.,0,0,0
WBGene00169510.,0,0,0
WBGene00169511.,0,0,0
WBGene00169512.,0,0,0
WBGene00169513.,0,0,0
WBGene00169514.,0,0,0
WBGene00169515.,0,1,1
WBGene00169516.,0,0,0
WBGene00169517.,0,0,0
WBGene00169518.,0,1,1
WBGene00169519.,0,0,0
WBGene00169520.,0,0,0
WBGene00169521.,0,0,0
WBGene00169522.,0,0,0
WBGene00169523.,0,0,0
WBGene00169524.,0,0,0
WBGene00169525.,0,0,0
WBGene00169526.,0,0,0
WBGene00169527.,0,0,0
WBGene00169528.,0,1,1
WBGene00169529.,0,0,0
WBGene00169530.,0,0,0
WBGene00169531.,0,0,0
WBGene00169532.,0,0,0
WBGene00169533.,0,0,0
WBGene00169534.,0,0,0
WBGene00169535.,0,2,2
WBGene00169536.,0,0,0
WBGene00169537.,0,0,0
WBGene00169538.,0,0,0
WBGene00169539.,0,0,0
WBGene00169540.,0,0,0
WBGene00169541.,0,0,0
WBGene00169542.,0,0,0
WBGene00169543.,0,0,0
WBGene00169544.,0,0,0
WBGene00169545.,0,0,0
WBGene00169546.,0,0,0
WBGene00169547.,0,1,1
WBGene00169548.,0,0,0
WBGene00169549.,0,0,0
WBGene00169550.,0,0,0
WBGene00169551.,0,0,0
WBGene00169552.,0,1,1
WBGene00169553.,0,0,0
WBGene00169554.,0,15,15
WBGene00169555.,0,2,2
WBGene00169556.,0,0,0
WBGene00169557.,0,0,0
WBGene00169558.,0,2,2
WBGene00169559.,0,0,0
WBGene00169560.,0,0,0
WBGene00169561.,0,0,0
WBGene00169562.,0,0,0
WBGene00169563.,0,0,0
WBGene00169564.,0,2,2
WBGene00169565.,0,0,0
WBGene00169566.,0,0,0
WBGene00169567.,0,0,0
WBGene00169568.,0,1,1
WBGene00169569.,0,0,0
WBGene00169570.,0,0,0
WBGene00169571.,0,0,0
WBGene00169572.,0,0,0
WBGene00169573.,0,0,0
WBGene00169574.,0,2,2
WBGene00169575.,0,0,0
WBGene00169576.,0,0,0
WBGene00169577.,0,0,0
WBGene00169578.,0,0,0
WBGene00169579.,0,0,0
WBGene00169580.,0,0,0
WBGene00169581.,0,0,0
WBGene00169582.,0,0,0
WBGene00169583.,0,0,0
WBGene00169584.,0,0,0
WBGene00169585.,0,0,0
WBGene00169586.,0,0,0
WBGene00169587.,0,0,0
WBGene00169588.,0,0,0
WBGene00169589.,0,0,0
WBGene00169590.,0,0,0
WBGene00169591.,0,0,0
WBGene00169592.,0,0,0
WBGene00169593.,0,0,0
WBGene00169594.,0,0,0
WBGene00169595.,0,4,4
WBGene00169596.,0,0,0
WBGene00169597.,0,0,0
WBGene00169598.,0,0,0
WBGene00169599.,0,0,0
WBGene00169600.,0,0,0
WBGene00169601.,0,0,0
WBGene00169602.,0,0,0
WBGene00169603.,0,1,1
WBGene00169604.,0,0,0
WBGene00169605.,0,0,0
WBGene00169606.,0,0,0
WBGene00169607.,0,0,0
WBGene00169608.,0,0,0
WBGene00169609.,0,0,0
WBGene00169610.,0,0,0
WBGene00169611.,0,0,0
WBGene00169612.,0,0,0
WBGene00169613.,0,0,0
WBGene00169614.,0,0,0
WBGene00169615.,0,0,0
WBGene00169617.,0,0,0
WBGene00169618.,0,0,0
WBGene00169619.,0,0,0
WBGene00169620.,0,0,0
WBGene00169621.,0,0,0
WBGene00169622.,0,0,0
WBGene00169623.,0,0,0
WBGene00169624.,0,0,0
WBGene00169625.,0,0,0
WBGene00169626.,0,0,0
WBGene00169627.,0,0,0
WBGene00169628.,0,0,0
WBGene00169629.,0,0,0
WBGene00169630.,0,0,0
WBGene00169631.,0,0,0
WBGene00169632.,0,0,0
WBGene00169633.,0,0,0
WBGene00169634.,0,0,0
WBGene00169635.,0,0,0
WBGene00169636.,0,0,0
WBGene00169637.,0,0,0
WBGene00169638.,0,1,1
WBGene00169639.,0,0,0
WBGene00169640.,0,0,0
WBGene00169641.,0,0,0
WBGene00169642.,0,0,0
WBGene00169643.,0,0,0
WBGene00169644.,0,0,0
WBGene00169645.,0,3,3
WBGene00169646.,0,0,0
WBGene00169647.,0,1,1
WBGene00169648.,0,0,0
WBGene00169649.,0,0,0
WBGene00169650.,0,7,7
WBGene00169651.,0,0,0
WBGene00169652.,0,0,0
WBGene00169653.,0,0,0
WBGene00169654.,0,0,0
WBGene00169655.,0,0,0
WBGene00169656.,0,0,0
WBGene00169657.,0,0,0
WBGene00169658.,0,0,0
WBGene00169659.,0,0,0
WBGene00169660.,0,1,1
WBGene00169661.,0,0,0
WBGene00169662.,0,0,0
WBGene00169663.,0,0,0
WBGene00169664.,0,0,0
WBGene00169665.,0,0,0
WBGene00169666.,0,0,0
WBGene00169667.,0,0,0
WBGene00169668.,0,0,0
WBGene00169669.,0,0,0
WBGene00169670.,0,0,0
WBGene00169671.,0,1,1
WBGene00169672.,0,0,0
WBGene00169673.,0,0,0
WBGene00169674.,0,0,0
WBGene00169675.,0,0,0
WBGene00169676.,0,0,0
WBGene00169677.,0,3,3
WBGene00169678.,0,1,1
WBGene00169679.,0,0,0
WBGene00169680.,0,0,0
WBGene00169681.,0,0,0
WBGene00169682.,0,0,0
WBGene00169683.,0,1,1
WBGene00169684.,0,0,0
WBGene00169685.,0,0,0
WBGene00169686.,0,0,0
WBGene00169687.,0,0,0
WBGene00169688.,0,0,0
WBGene00169689.,0,0,0
WBGene00169690.,0,0,0
WBGene00169691.,0,3,3
WBGene00169692.,0,0,0
WBGene00169693.,0,0,0
WBGene00169694.,0,0,0
WBGene00169695.,0,5,5
WBGene00169696.,0,0,0
WBGene00169697.,0,0,0
WBGene00169698.,0,0,0
WBGene00169699.,0,6,6
WBGene00169700.,0,2,2
WBGene00169701.,0,0,0
WBGene00169702.,0,0,0
WBGene00169703.,0,0,0
WBGene00169704.,0,0,0
WBGene00169705.,0,0,0
WBGene00169706.,0,1,1
WBGene00169707.,0,0,0
WBGene00169708.,0,1,1
WBGene00169709.,0,0,0
WBGene00169710.,0,0,0
WBGene00169711.,0,0,0
WBGene00169712.,0,0,0
WBGene00169713.,0,0,0
WBGene00169714.,0,0,0
WBGene00169715.,0,0,0
WBGene00169716.,0,0,0
WBGene00169717.,0,1,1
WBGene00169718.,0,0,0
WBGene00169719.,0,1,1
WBGene00169720.,0,0,0
WBGene00169721.,0,0,0
WBGene00169722.,0,0,0
WBGene00169723.,0,0,0
WBGene00169724.,0,0,0
WBGene00169725.,0,0,0
WBGene00169726.,0,0,0
WBGene00169727.,0,0,0
WBGene00169728.,0,1,1
WBGene00169729.,0,0,0
WBGene00169730.,0,0,0
WBGene00169731.,0,0,0
WBGene00169732.,0,0,0
WBGene00169733.,0,0,0
WBGene00169734.,0,0,0
WBGene00169735.,0,0,0
WBGene00169736.,0,0,0
WBGene00169737.,0,0,0
WBGene00169738.,0,2,2
WBGene00169739.,0,0,0
WBGene00169740.,0,0,0
WBGene00169741.,0,0,0
WBGene00169742.,0,0,0
WBGene00169743.,0,0,0
WBGene00169744.,0,0,0
WBGene00169745.,0,0,0
WBGene00169746.,0,0,0
WBGene00169747.,0,1,1
WBGene00169748.,0,0,0
WBGene00169749.,0,0,0
WBGene00169750.,0,0,0
WBGene00169751.,0,0,0
WBGene00169752.,0,0,0
WBGene00169753.,0,0,0
WBGene00169754.,0,0,0
WBGene00169755.,0,1,1
WBGene00169756.,0,0,0
WBGene00169757.,0,0,0
WBGene00169758.,0,0,0
WBGene00169759.,0,0,0
WBGene00169760.,0,0,0
WBGene00169761.,0,0,0
WBGene00169762.,0,0,0
WBGene00169763.,0,1,1
WBGene00169764.,0,0,0
WBGene00169765.,0,0,0
WBGene00169766.,0,0,0
WBGene00169767.,0,0,0
WBGene00169768.,0,0,0
WBGene00169769.,0,0,0
WBGene00169770.,0,0,0
WBGene00169771.,0,0,0
WBGene00169772.,0,0,0
WBGene00169773.,0,0,0
WBGene00169774.,0,0,0
WBGene00169775.,0,0,0
WBGene00169776.,0,0,0
WBGene00169777.,0,0,0
WBGene00169778.,0,0,0
WBGene00169779.,0,0,0
WBGene00169780.,0,0,0
WBGene00169781.,0,2,2
WBGene00169782.,0,0,0
WBGene00169783.,0,0,0
WBGene00169784.,0,0,0
WBGene00169785.,0,1,1
WBGene00169786.,0,0,0
WBGene00169787.,0,0,0
WBGene00169788.,0,0,0
WBGene00169789.,0,0,0
WBGene00169790.,0,0,0
WBGene00169791.,0,0,0
WBGene00169792.,0,0,0
WBGene00169793.,0,0,0
WBGene00169794.,0,0,0
WBGene00169795.,0,0,0
WBGene00169796.,0,0,0
WBGene00169797.,0,0,0
WBGene00169798.,0,0,0
WBGene00169799.,0,14,14
WBGene00169800.,0,0,0
WBGene00169801.,0,0,0
WBGene00169802.,0,0,0
WBGene00169803.,0,0,0
WBGene00169804.,0,0,0
WBGene00169805.,0,1,1
WBGene00169806.,0,0,0
WBGene00169807.,0,0,0
WBGene00169808.,0,0,0
WBGene00169809.,0,0,0
WBGene00169810.,0,0,0
WBGene00169811.,0,0,0
WBGene00169812.,0,0,0
WBGene00169813.,0,0,0
WBGene00169814.,0,0,0
WBGene00169815.,0,0,0
WBGene00169816.,0,0,0
WBGene00169817.,0,0,0
WBGene00169818.,0,0,0
WBGene00169819.,0,4,4
WBGene00169820.,0,0,0
WBGene00169821.,0,0,0
WBGene00169822.,0,0,0
WBGene00169823.,0,0,0
WBGene00169824.,0,0,0
WBGene00169825.,0,2,2
WBGene00169826.,0,0,0
WBGene00169827.,0,0,0
WBGene00169828.,0,0,0
WBGene00169829.,0,0,0
WBGene00169830.,0,2,2
WBGene00169831.,0,0,0
WBGene00169832.,0,0,0
WBGene00169833.,0,0,0
WBGene00169834.,0,0,0
WBGene00169835.,0,0,0
WBGene00169836.,0,0,0
WBGene00169837.,0,1,1
WBGene00169838.,0,6,6
WBGene00169839.,0,0,0
WBGene00169840.,0,0,0
WBGene00169841.,0,0,0
WBGene00169842.,0,0,0
WBGene00169843.,0,0,0
WBGene00169844.,0,0,0
WBGene00169845.,0,0,0
WBGene00169846.,0,0,0
WBGene00169847.,0,0,0
WBGene00169848.,0,0,0
WBGene00169849.,0,0,0
WBGene00169850.,0,0,0
WBGene00169851.,0,0,0
WBGene00169852.,0,0,0
WBGene00169853.,0,0,0
WBGene00169854.,0,0,0
WBGene00169855.,0,0,0
WBGene00169856.,0,0,0
WBGene00169857.,0,0,0
WBGene00169858.,0,0,0
WBGene00169859.,0,0,0
WBGene00169860.,0,1,1
WBGene00169861.,0,0,0
WBGene00169862.,0,0,0
WBGene00169863.,0,0,0
WBGene00169864.,0,0,0
WBGene00169865.,0,0,0
WBGene00169866.,0,0,0
WBGene00169867.,0,0,0
WBGene00169868.,0,0,0
WBGene00169869.,0,0,0
WBGene00169870.,0,0,0
WBGene00169871.,0,0,0
WBGene00169872.,0,0,0
WBGene00169873.,0,0,0
WBGene00169874.,0,0,0
WBGene00169875.,0,0,0
WBGene00169876.,0,0,0
WBGene00169877.,0,0,0
WBGene00169878.,0,0,0
WBGene00169879.,0,0,0
WBGene00169880.,0,8,8
WBGene00169881.,0,1,1
WBGene00169882.,0,0,0
WBGene00169883.,0,0,0
WBGene00169884.,0,0,0
WBGene00169885.,0,0,0
WBGene00169886.,0,0,0
WBGene00169887.,0,0,0
WBGene00169888.,0,0,0
WBGene00169889.,0,0,0
WBGene00169890.,0,0,0
WBGene00169891.,0,0,0
WBGene00169892.,0,0,0
WBGene00169893.,0,0,0
WBGene00169894.,0,7,7
WBGene00169895.,0,0,0
WBGene00169896.,0,0,0
WBGene00169897.,0,1,1
WBGene00169898.,0,0,0
WBGene00169899.,0,0,0
WBGene00169900.,0,0,0
WBGene00169901.,0,0,0
WBGene00169902.,0,0,0
WBGene00169903.,0,0,0
WBGene00169904.,0,0,0
WBGene00169905.,0,0,0
WBGene00169906.,0,1,1
WBGene00169907.,0,0,0
WBGene00169908.,0,0,0
WBGene00169909.,0,0,0
WBGene00169910.,0,0,0
WBGene00169911.,0,0,0
WBGene00169912.,0,0,0
WBGene00169913.,0,0,0
WBGene00169914.,0,0,0
WBGene00169915.,0,0,0
WBGene00169916.,0,0,0
WBGene00169917.,0,0,0
WBGene00169918.,0,0,0
WBGene00169919.,0,0,0
WBGene00169920.,0,0,0
WBGene00169921.,0,0,0
WBGene00169922.,0,0,0
WBGene00169923.,0,2,2
WBGene00169924.,0,0,0
WBGene00169925.,0,0,0
WBGene00169926.,0,0,0
WBGene00169927.,0,0,0
WBGene00169928.,0,6,6
WBGene00169929.,0,0,0
WBGene00169930.,0,0,0
WBGene00169931.,0,0,0
WBGene00169932.,0,0,0
WBGene00169933.,0,0,0
WBGene00169934.,0,1,1
WBGene00169935.,0,0,0
WBGene00169936.,0,0,0
WBGene00169937.,0,1,1
WBGene00169938.,0,0,0
WBGene00169939.,0,0,0
WBGene00169940.,0,0,0
WBGene00169941.,0,0,0
WBGene00169942.,0,1,1
WBGene00169943.,0,0,0
WBGene00169944.,0,0,0
WBGene00169946.,0,0,0
WBGene00169947.,0,0,0
WBGene00169948.,0,0,0
WBGene00169949.,0,0,0
WBGene00169950.,0,0,0
WBGene00169951.,0,1,1
WBGene00169952.,0,0,0
WBGene00169953.,0,0,0
WBGene00169954.,0,1,1
WBGene00169955.,0,1,1
WBGene00169956.,0,0,0
WBGene00169957.,0,2,2
WBGene00169958.,0,0,0
WBGene00169959.,0,0,0
WBGene00169960.,0,0,0
WBGene00169961.,0,0,0
WBGene00169962.,0,0,0
WBGene00169963.,0,0,0
WBGene00169964.,0,0,0
WBGene00169965.,0,0,0
WBGene00169966.,0,0,0
WBGene00169967.,0,0,0
WBGene00169968.,0,0,0
WBGene00169969.,0,0,0
WBGene00169970.,0,0,0
WBGene00169971.,0,0,0
WBGene00169972.,0,0,0
WBGene00169973.,0,0,0
WBGene00169974.,0,0,0
WBGene00169975.,0,0,0
WBGene00169976.,0,0,0
WBGene00169977.,0,2,2
WBGene00169978.,0,0,0
WBGene00169979.,0,23,23
WBGene00169980.,0,0,0
WBGene00169981.,0,0,0
WBGene00169982.,0,0,0
WBGene00169983.,0,0,0
WBGene00169984.,0,0,0
WBGene00169985.,0,0,0
WBGene00169986.,0,0,0
WBGene00169987.,0,0,0
WBGene00169988.,0,0,0
WBGene00169989.,0,0,0
WBGene00169990.,0,0,0
WBGene00169991.,0,0,0
WBGene00169992.,0,0,0
WBGene00169993.,0,1,1
WBGene00169994.,0,5,5
WBGene00169995.,0,0,0
WBGene00169996.,0,0,0
WBGene00169997.,0,0,0
WBGene00169998.,0,3,3
WBGene00169999.,0,0,0
WBGene00170000.,0,0,0
WBGene00170001.,0,0,0
WBGene00170002.,0,0,0
WBGene00170003.,0,0,0
WBGene00170004.,0,0,0
WBGene00170005.,0,0,0
WBGene00170006.,0,0,0
WBGene00170007.,0,1,1
WBGene00170008.,0,1,1
WBGene00170009.,0,0,0
WBGene00170010.,0,1,1
WBGene00170011.,0,0,0
WBGene00170012.,0,0,0
WBGene00170013.,0,0,0
WBGene00170014.,0,0,0
WBGene00170015.,0,0,0
WBGene00170016.,0,0,0
WBGene00170017.,0,0,0
WBGene00170018.,0,0,0
WBGene00170019.,0,0,0
WBGene00170020.,0,0,0
WBGene00170021.,0,0,0
WBGene00170022.,0,0,0
WBGene00170023.,0,0,0
WBGene00170024.,0,0,0
WBGene00170025.,0,0,0
WBGene00170026.,0,1,1
WBGene00170027.,0,0,0
WBGene00170028.,0,0,0
WBGene00170029.,0,0,0
WBGene00170030.,0,0,0
WBGene00170031.,0,0,0
WBGene00170032.,0,0,0
WBGene00170033.,0,0,0
WBGene00170034.,0,16,16
WBGene00170035.,0,0,0
WBGene00170036.,0,0,0
WBGene00170037.,0,7,7
WBGene00170038.,0,0,0
WBGene00170039.,0,0,0
WBGene00170040.,0,1,1
WBGene00170041.,0,4,4
WBGene00170042.,0,0,0
WBGene00170043.,0,0,0
WBGene00170044.,0,0,0
WBGene00170045.,0,1,1
WBGene00170046.,0,0,0
WBGene00170047.,0,0,0
WBGene00170048.,0,0,0
WBGene00170049.,0,0,0
WBGene00170050.,0,5,5
WBGene00170051.,0,0,0
WBGene00170052.,0,0,0
WBGene00170053.,0,0,0
WBGene00170054.,0,0,0
WBGene00170055.,0,0,0
WBGene00170056.,0,0,0
WBGene00170057.,0,0,0
WBGene00170058.,0,0,0
WBGene00170059.,0,0,0
WBGene00170060.,0,0,0
WBGene00170061.,0,0,0
WBGene00170062.,0,0,0
WBGene00170063.,0,0,0
WBGene00170064.,0,0,0
WBGene00170065.,0,0,0
WBGene00170066.,0,0,0
WBGene00170067.,0,2,2
WBGene00170068.,0,0,0
WBGene00170069.,0,0,0
WBGene00170070.,0,0,0
WBGene00170071.,0,0,0
WBGene00170072.,0,0,0
WBGene00170073.,0,0,0
WBGene00170074.,0,1,1
WBGene00170075.,0,3,3
WBGene00170076.,0,0,0
WBGene00170077.,0,0,0
WBGene00170078.,0,7,7
WBGene00170079.,0,0,0
WBGene00170080.,0,0,0
WBGene00170081.,0,0,0
WBGene00170082.,0,1,1
WBGene00170083.,0,0,0
WBGene00170084.,0,0,0
WBGene00170085.,0,0,0
WBGene00170086.,0,0,0
WBGene00170087.,0,2,2
WBGene00170088.,0,0,0
WBGene00170089.,0,0,0
WBGene00170090.,0,0,0
WBGene00170091.,0,0,0
WBGene00170092.,0,3,3
WBGene00170093.,0,0,0
WBGene00170094.,0,0,0
WBGene00170095.,0,1,1
WBGene00170096.,0,1,1
WBGene00170097.,0,0,0
WBGene00170098.,0,0,0
WBGene00170099.,0,0,0
WBGene00170100.,0,0,0
WBGene00170101.,0,0,0
WBGene00170102.,0,0,0
WBGene00170103.,0,0,0
WBGene00170104.,0,0,0
WBGene00170105.,0,5,5
WBGene00170106.,0,0,0
WBGene00170107.,0,0,0
WBGene00170108.,0,0,0
WBGene00170109.,0,0,0
WBGene00170110.,0,0,0
WBGene00170111.,0,1,1
WBGene00170112.,0,0,0
WBGene00170113.,0,4,4
WBGene00170114.,0,0,0
WBGene00170115.,0,0,0
WBGene00170116.,0,0,0
WBGene00170117.,0,0,0
WBGene00170118.,0,1,1
WBGene00170119.,0,0,0
WBGene00170120.,0,3,3
WBGene00170121.,0,0,0
WBGene00170122.,0,0,0
WBGene00170123.,0,0,0
WBGene00170124.,0,0,0
WBGene00170125.,0,0,0
WBGene00170126.,0,0,0
WBGene00170127.,0,0,0
WBGene00170128.,0,0,0
WBGene00170129.,0,0,0
WBGene00170130.,0,0,0
WBGene00170131.,0,0,0
WBGene00170132.,0,3,3
WBGene00170133.,0,0,0
WBGene00170134.,0,0,0
WBGene00170135.,0,0,0
WBGene00170136.,0,0,0
WBGene00170137.,0,0,0
WBGene00170138.,0,0,0
WBGene00170139.,0,0,0
WBGene00170140.,0,0,0
WBGene00170141.,0,0,0
WBGene00170142.,0,0,0
WBGene00170143.,0,0,0
WBGene00170144.,0,0,0
WBGene00170145.,0,0,0
WBGene00170146.,0,0,0
WBGene00170147.,0,0,0
WBGene00170148.,0,0,0
WBGene00170149.,0,0,0
WBGene00170150.,0,0,0
WBGene00170151.,0,0,0
WBGene00170152.,0,0,0
WBGene00170153.,0,0,0
WBGene00170154.,0,0,0
WBGene00170155.,0,0,0
WBGene00170156.,0,0,0
WBGene00170157.,0,0,0
WBGene00170158.,0,5,5
WBGene00170159.,0,0,0
WBGene00170160.,0,0,0
WBGene00170161.,0,0,0
WBGene00170162.,0,0,0
WBGene00170163.,0,0,0
WBGene00170164.,0,0,0
WBGene00170165.,0,0,0
WBGene00170166.,0,0,0
WBGene00170167.,0,0,0
WBGene00170168.,0,0,0
WBGene00170169.,0,0,0
WBGene00170170.,0,0,0
WBGene00170171.,0,0,0
WBGene00170172.,0,1,1
WBGene00170173.,0,0,0
WBGene00170174.,0,0,0
WBGene00170175.,0,0,0
WBGene00170176.,0,0,0
WBGene00170177.,0,0,0
WBGene00170178.,0,2,2
WBGene00170179.,0,0,0
WBGene00170180.,0,0,0
WBGene00170181.,0,0,0
WBGene00170182.,0,0,0
WBGene00170183.,0,0,0
WBGene00170184.,0,0,0
WBGene00170185.,0,1,1
WBGene00170186.,0,0,0
WBGene00170187.,0,0,0
WBGene00170188.,0,0,0
WBGene00170189.,0,0,0
WBGene00170190.,0,0,0
WBGene00170191.,0,0,0
WBGene00170192.,0,0,0
WBGene00170193.,0,0,0
WBGene00170194.,0,0,0
WBGene00170195.,0,0,0
WBGene00170196.,0,0,0
WBGene00170197.,0,0,0
WBGene00170198.,0,0,0
WBGene00170199.,0,0,0
WBGene00170200.,0,0,0
WBGene00170201.,0,4,4
WBGene00170202.,0,0,0
WBGene00170203.,0,0,0
WBGene00170204.,0,0,0
WBGene00170205.,0,0,0
WBGene00170206.,0,0,0
WBGene00170207.,0,0,0
WBGene00170208.,0,0,0
WBGene00170209.,0,0,0
WBGene00170210.,0,0,0
WBGene00170211.,0,0,0
WBGene00170212.,0,0,0
WBGene00170213.,0,0,0
WBGene00170214.,0,0,0
WBGene00170215.,0,0,0
WBGene00170216.,0,0,0
WBGene00170217.,0,0,0
WBGene00170218.,0,0,0
WBGene00170219.,0,0,0
WBGene00170220.,0,0,0
WBGene00170221.,0,0,0
WBGene00170222.,0,0,0
WBGene00170223.,0,0,0
WBGene00170224.,0,6,6
WBGene00170225.,0,0,0
WBGene00170226.,0,0,0
WBGene00170227.,0,2,2
WBGene00170228.,0,0,0
WBGene00170229.,0,0,0
WBGene00170230.,0,0,0
WBGene00170231.,0,0,0
WBGene00170232.,0,0,0
WBGene00170233.,0,0,0
WBGene00170234.,0,0,0
WBGene00170235.,0,2,2
WBGene00170236.,0,0,0
WBGene00170237.,0,0,0
WBGene00170238.,0,0,0
WBGene00170239.,0,0,0
WBGene00170240.,0,0,0
WBGene00170241.,0,0,0
WBGene00170242.,0,0,0
WBGene00170243.,0,0,0
WBGene00170244.,0,0,0
WBGene00170245.,0,0,0
WBGene00170246.,0,0,0
WBGene00170247.,0,3,3
WBGene00170248.,0,1,1
WBGene00170249.,0,0,0
WBGene00170250.,0,0,0
WBGene00170251.,0,0,0
WBGene00170252.,0,0,0
WBGene00170253.,0,0,0
WBGene00170254.,0,1,1
WBGene00170255.,0,0,0
WBGene00170256.,0,0,0
WBGene00170257.,0,0,0
WBGene00170258.,0,0,0
WBGene00170259.,0,0,0
WBGene00170260.,0,0,0
WBGene00170261.,0,0,0
WBGene00170262.,0,0,0
WBGene00170263.,0,0,0
WBGene00170264.,0,0,0
WBGene00170265.,0,0,0
WBGene00170266.,0,2,2
WBGene00170267.,0,0,0
WBGene00170268.,0,0,0
WBGene00170269.,0,0,0
WBGene00170270.,0,0,0
WBGene00170271.,0,0,0
WBGene00170272.,0,0,0
WBGene00170273.,0,0,0
WBGene00170274.,0,0,0
WBGene00170275.,0,0,0
WBGene00170276.,0,0,0
WBGene00170277.,0,0,0
WBGene00170278.,0,0,0
WBGene00170279.,0,1,1
WBGene00170280.,0,0,0
WBGene00170281.,0,0,0
WBGene00170282.,0,3,3
WBGene00170283.,0,0,0
WBGene00170284.,0,0,0
WBGene00170285.,0,0,0
WBGene00170286.,0,3,3
WBGene00170287.,0,0,0
WBGene00170288.,0,0,0
WBGene00170289.,0,0,0
WBGene00170290.,0,0,0
WBGene00170291.,0,2,2
WBGene00170292.,0,0,0
WBGene00170293.,0,0,0
WBGene00170294.,0,2,2
WBGene00170295.,0,5,5
WBGene00170296.,0,0,0
WBGene00170297.,0,0,0
WBGene00170298.,0,1,1
WBGene00170299.,0,0,0
WBGene00170300.,0,0,0
WBGene00170301.,0,0,0
WBGene00170302.,0,0,0
WBGene00170303.,0,1,1
WBGene00170304.,0,0,0
WBGene00170305.,0,0,0
WBGene00170306.,0,0,0
WBGene00170307.,0,0,0
WBGene00170308.,0,0,0
WBGene00170309.,0,0,0
WBGene00170310.,0,0,0
WBGene00170311.,0,0,0
WBGene00170312.,0,0,0
WBGene00170313.,0,0,0
WBGene00170314.,0,0,0
WBGene00170315.,0,0,0
WBGene00170316.,0,0,0
WBGene00170317.,0,0,0
WBGene00170318.,0,0,0
WBGene00170319.,0,0,0
WBGene00170320.,0,0,0
WBGene00170321.,0,3,3
WBGene00170322.,0,0,0
WBGene00170323.,0,0,0
WBGene00170324.,0,0,0
WBGene00170325.,0,0,0
WBGene00170326.,0,0,0
WBGene00170327.,0,0,0
WBGene00170328.,0,0,0
WBGene00170329.,0,0,0
WBGene00170330.,0,0,0
WBGene00170331.,0,0,0
WBGene00170332.,0,0,0
WBGene00170333.,0,0,0
WBGene00170334.,0,0,0
WBGene00170335.,0,0,0
WBGene00170336.,0,0,0
WBGene00170337.,0,1,1
WBGene00170338.,0,0,0
WBGene00170339.,0,0,0
WBGene00170340.,0,0,0
WBGene00170341.,0,0,0
WBGene00170342.,0,0,0
WBGene00170343.,0,0,0
WBGene00170344.,0,0,0
WBGene00170345.,0,0,0
WBGene00170346.,0,1,1
WBGene00170347.,0,0,0
WBGene00170348.,0,0,0
WBGene00170349.,0,0,0
WBGene00170350.,0,0,0
WBGene00170351.,0,0,0
WBGene00170352.,0,0,0
WBGene00170353.,0,0,0
WBGene00170354.,0,0,0
WBGene00170355.,0,0,0
WBGene00170356.,0,0,0
WBGene00170357.,0,0,0
WBGene00170358.,0,0,0
WBGene00170359.,0,0,0
WBGene00170360.,0,0,0
WBGene00170361.,0,0,0
WBGene00170362.,0,0,0
WBGene00170363.,0,0,0
WBGene00170364.,0,0,0
WBGene00170365.,0,1,1
WBGene00170366.,0,0,0
WBGene00170367.,0,0,0
WBGene00170368.,0,1,1
WBGene00170369.,0,0,0
WBGene00170370.,0,0,0
WBGene00170371.,0,0,0
WBGene00170372.,0,0,0
WBGene00170373.,0,0,0
WBGene00170374.,0,0,0
WBGene00170375.,0,0,0
WBGene00170376.,0,1,1
WBGene00170377.,0,0,0
WBGene00170378.,0,0,0
WBGene00170379.,0,0,0
WBGene00170380.,0,0,0
WBGene00170381.,0,0,0
WBGene00170382.,0,0,0
WBGene00170383.,0,0,0
WBGene00170384.,0,0,0
WBGene00170385.,0,0,0
WBGene00170386.,0,0,0
WBGene00170387.,0,0,0
WBGene00170388.,0,0,0
WBGene00170389.,0,0,0
WBGene00170390.,0,0,0
WBGene00170391.,0,0,0
WBGene00170392.,0,1,1
WBGene00170393.,0,1,1
WBGene00170394.,0,2,2
WBGene00170395.,0,0,0
WBGene00170396.,0,0,0
WBGene00170397.,0,0,0
WBGene00170398.,0,0,0
WBGene00170399.,0,1,1
WBGene00170400.,0,0,0
WBGene00170401.,0,0,0
WBGene00170402.,0,1,1
WBGene00170403.,0,0,0
WBGene00170404.,0,0,0
WBGene00170405.,0,0,0
WBGene00170406.,0,0,0
WBGene00170407.,0,0,0
WBGene00170408.,0,0,0
WBGene00170409.,0,0,0
WBGene00170410.,0,0,0
WBGene00170411.,0,0,0
WBGene00170412.,0,0,0
WBGene00170413.,0,0,0
WBGene00170414.,0,0,0
WBGene00170415.,0,0,0
WBGene00170416.,0,0,0
WBGene00170417.,0,3,3
WBGene00170418.,0,2,2
WBGene00170419.,0,0,0
WBGene00170420.,0,0,0
WBGene00170421.,0,4,4
WBGene00170422.,0,0,0
WBGene00170423.,0,0,0
WBGene00170424.,0,0,0
WBGene00170425.,0,2,2
WBGene00170426.,0,0,0
WBGene00170427.,0,0,0
WBGene00170428.,0,0,0
WBGene00170429.,0,4,4
WBGene00170430.,0,0,0
WBGene00170431.,0,0,0
WBGene00170432.,0,1,1
WBGene00170433.,0,0,0
WBGene00170434.,0,0,0
WBGene00170435.,0,0,0
WBGene00170436.,0,0,0
WBGene00170437.,0,0,0
WBGene00170438.,0,0,0
WBGene00170439.,0,0,0
WBGene00170440.,0,0,0
WBGene00170441.,0,0,0
WBGene00170442.,0,5,5
WBGene00170443.,0,0,0
WBGene00170444.,0,0,0
WBGene00170445.,0,0,0
WBGene00170446.,0,0,0
WBGene00170447.,0,0,0
WBGene00170448.,0,6,6
WBGene00170449.,0,0,0
WBGene00170450.,0,0,0
WBGene00170451.,0,0,0
WBGene00170452.,0,0,0
WBGene00170453.,0,0,0
WBGene00170454.,0,0,0
WBGene00170455.,0,0,0
WBGene00170456.,0,0,0
WBGene00170457.,0,0,0
WBGene00170458.,0,0,0
WBGene00170459.,0,0,0
WBGene00170460.,0,4,4
WBGene00170461.,0,0,0
WBGene00170462.,0,0,0
WBGene00170463.,0,0,0
WBGene00170464.,0,0,0
WBGene00170465.,0,0,0
WBGene00170466.,0,0,0
WBGene00170467.,0,0,0
WBGene00170468.,0,0,0
WBGene00170469.,0,0,0
WBGene00170470.,0,0,0
WBGene00170471.,0,0,0
WBGene00170472.,0,0,0
WBGene00170473.,0,0,0
WBGene00170474.,0,1,1
WBGene00170475.,0,0,0
WBGene00170476.,0,0,0
WBGene00170477.,0,0,0
WBGene00170478.,0,0,0
WBGene00170479.,0,0,0
WBGene00170480.,0,0,0
WBGene00170481.,0,0,0
WBGene00170482.,0,1,1
WBGene00170483.,0,0,0
WBGene00170484.,0,0,0
WBGene00170485.,0,0,0
WBGene00170486.,0,0,0
WBGene00170487.,0,0,0
WBGene00170488.,0,0,0
WBGene00170489.,0,0,0
WBGene00170490.,0,0,0
WBGene00170491.,0,0,0
WBGene00170492.,0,0,0
WBGene00170493.,0,1,1
WBGene00170494.,0,0,0
WBGene00170495.,0,0,0
WBGene00170496.,0,0,0
WBGene00170497.,0,0,0
WBGene00170498.,0,0,0
WBGene00170499.,0,0,0
WBGene00170500.,0,0,0
WBGene00170501.,0,0,0
WBGene00170502.,0,1,1
WBGene00170503.,0,0,0
WBGene00170504.,0,0,0
WBGene00170505.,0,0,0
WBGene00170506.,0,0,0
WBGene00170507.,0,0,0
WBGene00170508.,0,1,1
WBGene00170509.,0,0,0
WBGene00170510.,0,0,0
WBGene00170511.,0,6,6
WBGene00170512.,0,0,0
WBGene00170513.,0,0,0
WBGene00170514.,0,0,0
WBGene00170515.,0,0,0
WBGene00170516.,0,0,0
WBGene00170517.,0,0,0
WBGene00170518.,0,0,0
WBGene00170519.,0,0,0
WBGene00170520.,0,0,0
WBGene00170521.,0,0,0
WBGene00170522.,0,0,0
WBGene00170523.,0,2,2
WBGene00170524.,0,0,0
WBGene00170525.,0,0,0
WBGene00170526.,0,0,0
WBGene00170527.,0,0,0
WBGene00170528.,0,0,0
WBGene00170529.,0,0,0
WBGene00170530.,0,0,0
WBGene00170531.,0,0,0
WBGene00170532.,0,0,0
WBGene00170533.,0,0,0
WBGene00170534.,0,0,0
WBGene00170535.,0,0,0
WBGene00170536.,0,0,0
WBGene00170537.,0,0,0
WBGene00170538.,0,0,0
WBGene00170539.,0,0,0
WBGene00170540.,0,1,1
WBGene00170541.,0,2,2
WBGene00170542.,0,0,0
WBGene00170543.,0,0,0
WBGene00170544.,0,0,0
WBGene00170545.,0,1,1
WBGene00170546.,0,0,0
WBGene00170547.,0,0,0
WBGene00170548.,0,2,2
WBGene00170549.,0,0,0
WBGene00170550.,0,0,0
WBGene00170551.,0,0,0
WBGene00170552.,0,0,0
WBGene00170553.,0,2,2
WBGene00170554.,0,2,2
WBGene00170555.,0,0,0
WBGene00170556.,0,0,0
WBGene00170557.,0,0,0
WBGene00170558.,0,0,0
WBGene00170559.,0,0,0
WBGene00170560.,0,0,0
WBGene00170561.,0,0,0
WBGene00170562.,0,0,0
WBGene00170563.,0,0,0
WBGene00170564.,0,0,0
WBGene00170565.,0,0,0
WBGene00170566.,0,0,0
WBGene00170567.,0,0,0
WBGene00170568.,0,0,0
WBGene00170569.,0,0,0
WBGene00170570.,0,0,0
WBGene00170571.,0,0,0
WBGene00170572.,0,0,0
WBGene00170573.,0,0,0
WBGene00170574.,0,0,0
WBGene00170575.,0,0,0
WBGene00170576.,0,3,3
WBGene00170577.,0,0,0
WBGene00170578.,0,0,0
WBGene00170579.,0,0,0
WBGene00170580.,0,0,0
WBGene00170581.,0,3,3
WBGene00170582.,0,1,1
WBGene00170583.,0,0,0
WBGene00170584.,0,0,0
WBGene00170585.,0,0,0
WBGene00170586.,0,0,0
WBGene00170587.,0,2,2
WBGene00170588.,0,0,0
WBGene00170589.,0,0,0
WBGene00170590.,0,0,0
WBGene00170591.,0,6,6
WBGene00170592.,0,1,1
WBGene00170593.,0,0,0
WBGene00170594.,0,0,0
WBGene00170595.,0,0,0
WBGene00170596.,0,0,0
WBGene00170597.,0,0,0
WBGene00170598.,0,0,0
WBGene00170599.,0,0,0
WBGene00170600.,0,6,6
WBGene00170601.,0,0,0
WBGene00170602.,0,0,0
WBGene00170603.,0,0,0
WBGene00170604.,0,0,0
WBGene00170605.,0,0,0
WBGene00170606.,0,0,0
WBGene00170607.,0,0,0
WBGene00170608.,0,0,0
WBGene00170609.,0,0,0
WBGene00170610.,0,0,0
WBGene00170611.,0,2,2
WBGene00170612.,0,0,0
WBGene00170613.,0,0,0
WBGene00170614.,0,0,0
WBGene00170615.,0,0,0
WBGene00170616.,0,0,0
WBGene00170617.,0,0,0
WBGene00170618.,0,1,1
WBGene00170619.,0,0,0
WBGene00170620.,0,0,0
WBGene00170621.,0,0,0
WBGene00170622.,0,1,1
WBGene00170623.,0,0,0
WBGene00170624.,0,0,0
WBGene00170625.,0,0,0
WBGene00170626.,0,0,0
WBGene00170627.,0,0,0
WBGene00170628.,0,0,0
WBGene00170629.,0,0,0
WBGene00170630.,0,0,0
WBGene00170631.,0,2,2
WBGene00170632.,0,0,0
WBGene00170633.,0,29,29
WBGene00170634.,0,1,1
WBGene00170635.,0,0,0
WBGene00170636.,0,1,1
WBGene00170637.,0,0,0
WBGene00170638.,0,6,6
WBGene00170639.,0,0,0
WBGene00170640.,0,0,0
WBGene00170641.,0,0,0
WBGene00170642.,0,0,0
WBGene00170643.,0,0,0
WBGene00170644.,0,0,0
WBGene00170645.,0,0,0
WBGene00170646.,0,0,0
WBGene00170647.,0,3,3
WBGene00170648.,0,0,0
WBGene00170649.,0,0,0
WBGene00170650.,0,0,0
WBGene00170651.,0,0,0
WBGene00170652.,0,0,0
WBGene00170653.,0,0,0
WBGene00170654.,0,0,0
WBGene00170655.,0,0,0
WBGene00170656.,0,0,0
WBGene00170657.,0,2,2
WBGene00170658.,0,0,0
WBGene00170659.,0,0,0
WBGene00170660.,0,0,0
WBGene00170661.,0,0,0
WBGene00170662.,0,0,0
WBGene00170663.,0,0,0
WBGene00170664.,0,1,1
WBGene00170665.,0,0,0
WBGene00170666.,0,0,0
WBGene00170667.,0,0,0
WBGene00170668.,0,0,0
WBGene00170669.,0,0,0
WBGene00170670.,0,0,0
WBGene00170671.,0,0,0
WBGene00170672.,0,0,0
WBGene00170673.,0,0,0
WBGene00170674.,0,1,1
WBGene00170675.,0,2,2
WBGene00170676.,0,0,0
WBGene00170677.,0,1,1
WBGene00170678.,0,0,0
WBGene00170679.,0,0,0
WBGene00170680.,0,0,0
WBGene00170681.,0,0,0
WBGene00170682.,0,0,0
WBGene00170683.,0,0,0
WBGene00170684.,0,0,0
WBGene00170685.,0,0,0
WBGene00170686.,0,6,6
WBGene00170687.,0,0,0
WBGene00170688.,0,6,6
WBGene00170689.,0,0,0
WBGene00170690.,0,0,0
WBGene00170691.,0,0,0
WBGene00170692.,0,0,0
WBGene00170693.,0,0,0
WBGene00170694.,0,0,0
WBGene00170695.,0,0,0
WBGene00170697.,0,1,1
WBGene00170698.,0,0,0
WBGene00170699.,0,0,0
WBGene00170700.,0,1,1
WBGene00170701.,0,0,0
WBGene00170702.,0,0,0
WBGene00170703.,0,1,1
WBGene00170704.,0,0,0
WBGene00170705.,0,0,0
WBGene00170706.,0,0,0
WBGene00170707.,0,0,0
WBGene00170708.,0,0,0
WBGene00170709.,0,0,0
WBGene00170710.,0,0,0
WBGene00170711.,0,0,0
WBGene00170712.,0,2,2
WBGene00170713.,0,0,0
WBGene00170714.,0,0,0
WBGene00170715.,0,0,0
WBGene00170716.,0,0,0
WBGene00170717.,0,0,0
WBGene00170718.,0,0,0
WBGene00170719.,0,0,0
WBGene00170720.,0,0,0
WBGene00170721.,0,0,0
WBGene00170722.,0,0,0
WBGene00170723.,0,0,0
WBGene00170724.,0,0,0
WBGene00170725.,0,1,1
WBGene00170726.,0,0,0
WBGene00170727.,0,0,0
WBGene00170728.,0,0,0
WBGene00170729.,0,0,0
WBGene00170730.,0,0,0
WBGene00170731.,0,0,0
WBGene00170732.,0,2,2
WBGene00170733.,0,0,0
WBGene00170734.,0,0,0
WBGene00170735.,0,0,0
WBGene00170736.,0,0,0
WBGene00170737.,0,0,0
WBGene00170738.,0,0,0
WBGene00170739.,0,0,0
WBGene00170740.,0,0,0
WBGene00170741.,0,0,0
WBGene00170742.,0,0,0
WBGene00170743.,0,3,3
WBGene00170744.,0,0,0
WBGene00170745.,0,0,0
WBGene00170746.,0,0,0
WBGene00170747.,0,0,0
WBGene00170748.,0,0,0
WBGene00170749.,0,0,0
WBGene00170750.,0,1,1
WBGene00170751.,0,0,0
WBGene00170752.,0,0,0
WBGene00170753.,0,0,0
WBGene00170754.,0,0,0
WBGene00170755.,0,0,0
WBGene00170756.,0,0,0
WBGene00170757.,0,0,0
WBGene00170758.,0,0,0
WBGene00170759.,0,0,0
WBGene00170760.,0,0,0
WBGene00170761.,0,0,0
WBGene00170762.,0,0,0
WBGene00170763.,0,0,0
WBGene00170764.,0,0,0
WBGene00170765.,0,0,0
WBGene00170766.,0,0,0
WBGene00170767.,0,0,0
WBGene00170768.,0,0,0
WBGene00170769.,0,0,0
WBGene00170770.,0,0,0
WBGene00170771.,0,0,0
WBGene00170772.,0,0,0
WBGene00170773.,0,0,0
WBGene00170774.,0,0,0
WBGene00170775.,0,0,0
WBGene00170776.,0,0,0
WBGene00170777.,0,1,1
WBGene00170778.,0,0,0
WBGene00170779.,0,0,0
WBGene00170780.,0,0,0
WBGene00170781.,0,0,0
WBGene00170782.,0,0,0
WBGene00170783.,0,0,0
WBGene00170784.,0,0,0
WBGene00170785.,0,0,0
WBGene00170786.,0,0,0
WBGene00170787.,0,0,0
WBGene00170788.,0,0,0
WBGene00170789.,0,0,0
WBGene00170790.,0,0,0
WBGene00170791.,0,0,0
WBGene00170792.,0,0,0
WBGene00170793.,0,0,0
WBGene00170794.,0,0,0
WBGene00170795.,0,0,0
WBGene00170796.,0,1,1
WBGene00170797.,0,1,1
WBGene00170798.,0,0,0
WBGene00170799.,0,0,0
WBGene00170800.,0,0,0
WBGene00170801.,0,3,3
WBGene00170802.,0,3,3
WBGene00170803.,0,0,0
WBGene00170804.,0,0,0
WBGene00170805.,0,0,0
WBGene00170806.,0,0,0
WBGene00170807.,0,0,0
WBGene00170808.,0,0,0
WBGene00170809.,0,0,0
WBGene00170810.,0,0,0
WBGene00170811.,0,3,3
WBGene00170812.,0,0,0
WBGene00170813.,0,0,0
WBGene00170814.,0,0,0
WBGene00170815.,0,1,1
WBGene00170816.,0,0,0
WBGene00170817.,0,0,0
WBGene00170818.,0,0,0
WBGene00170819.,0,0,0
WBGene00170820.,0,0,0
WBGene00170821.,0,0,0
WBGene00170822.,0,0,0
WBGene00170823.,0,0,0
WBGene00170824.,0,2,2
WBGene00170825.,0,0,0
WBGene00170826.,0,0,0
WBGene00170827.,0,0,0
WBGene00170828.,0,0,0
WBGene00170829.,0,0,0
WBGene00170830.,0,0,0
WBGene00170831.,0,0,0
WBGene00170832.,0,0,0
WBGene00170833.,0,1,1
WBGene00170834.,0,0,0
WBGene00170835.,0,11,11
WBGene00170836.,0,0,0
WBGene00170837.,0,0,0
WBGene00170838.,0,0,0
WBGene00170839.,0,0,0
WBGene00170840.,0,0,0
WBGene00170841.,0,0,0
WBGene00170842.,0,1,1
WBGene00170843.,0,0,0
WBGene00170844.,0,1,1
WBGene00170845.,0,0,0
WBGene00170846.,0,0,0
WBGene00170847.,0,0,0
WBGene00170848.,0,0,0
WBGene00170849.,0,0,0
WBGene00170850.,0,0,0
WBGene00170851.,0,0,0
WBGene00170852.,0,0,0
WBGene00170853.,0,1,1
WBGene00170854.,0,1,1
WBGene00170855.,0,0,0
WBGene00170856.,0,0,0
WBGene00170857.,0,0,0
WBGene00170858.,0,0,0
WBGene00170859.,0,0,0
WBGene00170860.,0,0,0
WBGene00170861.,0,0,0
WBGene00170862.,0,0,0
WBGene00170863.,0,0,0
WBGene00170864.,0,0,0
WBGene00170865.,0,0,0
WBGene00170866.,0,0,0
WBGene00170867.,0,0,0
WBGene00170868.,0,0,0
WBGene00170869.,0,0,0
WBGene00170870.,0,0,0
WBGene00170871.,0,0,0
WBGene00170872.,0,0,0
WBGene00170873.,0,1,1
WBGene00170874.,0,0,0
WBGene00170875.,0,0,0
WBGene00170876.,0,0,0
WBGene00170877.,0,0,0
WBGene00170878.,0,0,0
WBGene00170879.,0,0,0
WBGene00170880.,0,0,0
WBGene00170881.,0,0,0
WBGene00170882.,0,0,0
WBGene00170883.,0,1,1
WBGene00170884.,0,0,0
WBGene00170885.,0,0,0
WBGene00170886.,0,2,2
WBGene00170887.,0,1,1
WBGene00170888.,0,0,0
WBGene00170889.,0,0,0
WBGene00170890.,0,3,3
WBGene00170891.,0,0,0
WBGene00170892.,0,0,0
WBGene00170893.,0,0,0
WBGene00170894.,0,0,0
WBGene00170895.,0,0,0
WBGene00170896.,0,0,0
WBGene00170897.,0,0,0
WBGene00170898.,0,0,0
WBGene00170899.,0,0,0
WBGene00170900.,0,0,0
WBGene00170901.,0,0,0
WBGene00170902.,0,0,0
WBGene00170903.,0,0,0
WBGene00170904.,0,1,1
WBGene00170905.,0,0,0
WBGene00170906.,0,0,0
WBGene00170907.,0,0,0
WBGene00170908.,0,0,0
WBGene00170909.,0,0,0
WBGene00170910.,0,0,0
WBGene00170911.,0,0,0
WBGene00170912.,0,0,0
WBGene00170913.,0,0,0
WBGene00170914.,0,0,0
WBGene00170915.,0,1,1
WBGene00170916.,0,0,0
WBGene00170917.,0,1,1
WBGene00170918.,0,0,0
WBGene00170919.,0,0,0
WBGene00170920.,0,0,0
WBGene00170921.,0,0,0
WBGene00170922.,0,0,0
WBGene00170923.,0,0,0
WBGene00170924.,0,1,1
WBGene00170925.,0,0,0
WBGene00170926.,0,3,3
WBGene00170927.,0,0,0
WBGene00170928.,0,0,0
WBGene00170929.,0,0,0
WBGene00170930.,0,1,1
WBGene00170931.,0,0,0
WBGene00170932.,0,0,0
WBGene00170933.,0,0,0
WBGene00170934.,0,0,0
WBGene00170935.,0,0,0
WBGene00170936.,0,0,0
WBGene00170937.,0,0,0
WBGene00170938.,0,0,0
WBGene00170939.,0,0,0
WBGene00170940.,0,0,0
WBGene00170941.,0,0,0
WBGene00170942.,0,0,0
WBGene00170943.,0,0,0
WBGene00170944.,0,0,0
WBGene00170945.,0,0,0
WBGene00170946.,0,1,1
WBGene00170947.,0,1,1
WBGene00170948.,0,0,0
WBGene00170949.,0,0,0
WBGene00170950.,0,0,0
WBGene00170951.,0,21,21
WBGene00170952.,0,3,3
WBGene00170953.,0,0,0
WBGene00170954.,0,4,4
WBGene00170955.,0,0,0
WBGene00170956.,0,0,0
WBGene00170957.,0,0,0
WBGene00170958.,0,0,0
WBGene00170959.,0,0,0
WBGene00170960.,0,0,0
WBGene00170961.,0,0,0
WBGene00170962.,0,0,0
WBGene00170963.,0,0,0
WBGene00170964.,0,0,0
WBGene00170965.,0,3,3
WBGene00170966.,0,0,0
WBGene00170967.,0,0,0
WBGene00170968.,0,0,0
WBGene00170969.,0,0,0
WBGene00170970.,0,0,0
WBGene00170971.,0,0,0
WBGene00170972.,0,0,0
WBGene00170973.,0,1,1
WBGene00170974.,0,4,4
WBGene00170975.,0,3,3
WBGene00170976.,0,0,0
WBGene00170977.,0,0,0
WBGene00170978.,0,7,7
WBGene00170979.,0,1,1
WBGene00170980.,0,8,8
WBGene00170981.,0,0,0
WBGene00170982.,0,0,0
WBGene00170983.,0,0,0
WBGene00170984.,0,0,0
WBGene00170985.,0,0,0
WBGene00170986.,0,3,3
WBGene00170987.,0,0,0
WBGene00170988.,0,3,3
WBGene00170989.,0,0,0
WBGene00170990.,0,0,0
WBGene00170991.,0,0,0
WBGene00170992.,0,0,0
WBGene00170993.,0,0,0
WBGene00170994.,0,0,0
WBGene00170995.,0,0,0
WBGene00170996.,0,3,3
WBGene00170997.,0,0,0
WBGene00170998.,0,6,6
WBGene00170999.,0,0,0
WBGene00171000.,0,0,0
WBGene00171001.,0,0,0
WBGene00171002.,0,0,0
WBGene00171003.,0,0,0
WBGene00171004.,0,1,1
WBGene00171005.,0,0,0
WBGene00171006.,0,0,0
WBGene00171007.,0,0,0
WBGene00171008.,0,0,0
WBGene00171009.,0,2,2
WBGene00171010.,0,0,0
WBGene00171011.,0,0,0
WBGene00171012.,0,0,0
WBGene00171013.,0,0,0
WBGene00171014.,0,1,1
WBGene00171015.,0,1,1
WBGene00171016.,0,0,0
WBGene00171017.,0,0,0
WBGene00171018.,0,0,0
WBGene00171019.,0,0,0
WBGene00171020.,0,0,0
WBGene00171021.,0,0,0
WBGene00171022.,0,0,0
WBGene00171023.,0,0,0
WBGene00171024.,0,0,0
WBGene00171025.,0,0,0
WBGene00171026.,0,1,1
WBGene00171027.,0,0,0
WBGene00171028.,0,0,0
WBGene00171029.,0,10,10
WBGene00171030.,0,0,0
WBGene00171031.,0,0,0
WBGene00171032.,0,0,0
WBGene00171033.,0,2,2
WBGene00171034.,0,0,0
WBGene00171035.,0,0,0
WBGene00171036.,0,0,0
WBGene00171037.,0,0,0
WBGene00171038.,0,0,0
WBGene00171039.,0,0,0
WBGene00171040.,0,0,0
WBGene00171041.,0,13,13
WBGene00171042.,0,0,0
WBGene00171043.,0,1,1
WBGene00171044.,0,0,0
WBGene00171045.,0,0,0
WBGene00171046.,0,0,0
WBGene00171047.,0,0,0
WBGene00171048.,0,0,0
WBGene00171049.,0,0,0
WBGene00171050.,0,0,0
WBGene00171051.,0,0,0
WBGene00171052.,0,0,0
WBGene00171053.,0,0,0
WBGene00171054.,0,0,0
WBGene00171055.,0,0,0
WBGene00171056.,0,0,0
WBGene00171057.,0,0,0
WBGene00171058.,0,0,0
WBGene00171059.,0,0,0
WBGene00171060.,0,0,0
WBGene00171061.,0,7,7
WBGene00171062.,0,0,0
WBGene00171063.,0,0,0
WBGene00171064.,0,0,0
WBGene00171065.,0,0,0
WBGene00171066.,0,0,0
WBGene00171067.,0,0,0
WBGene00171068.,0,0,0
WBGene00171069.,0,1,1
WBGene00171070.,0,0,0
WBGene00171071.,0,0,0
WBGene00171072.,0,0,0
WBGene00171073.,0,0,0
WBGene00171074.,0,0,0
WBGene00171075.,0,0,0
WBGene00171076.,0,0,0
WBGene00171077.,0,0,0
WBGene00171078.,0,0,0
WBGene00171079.,0,0,0
WBGene00171080.,0,2,2
WBGene00171081.,0,0,0
WBGene00171082.,0,0,0
WBGene00171083.,0,0,0
WBGene00171084.,0,0,0
WBGene00171085.,0,0,0
WBGene00171086.,0,0,0
WBGene00171087.,0,0,0
WBGene00171088.,0,0,0
WBGene00171089.,0,0,0
WBGene00171090.,0,0,0
WBGene00171091.,0,0,0
WBGene00171092.,0,0,0
WBGene00171093.,0,0,0
WBGene00171094.,0,1,1
WBGene00171095.,0,0,0
WBGene00171096.,0,0,0
WBGene00171097.,0,0,0
WBGene00171098.,0,0,0
WBGene00171099.,0,0,0
WBGene00171100.,0,0,0
WBGene00171101.,0,0,0
WBGene00171102.,0,0,0
WBGene00171103.,0,0,0
WBGene00171104.,0,0,0
WBGene00171105.,0,0,0
WBGene00171106.,0,0,0
WBGene00171107.,0,3,3
WBGene00171108.,0,0,0
WBGene00171109.,0,0,0
WBGene00171110.,0,0,0
WBGene00171111.,0,0,0
WBGene00171112.,0,0,0
WBGene00171113.,0,3,3
WBGene00171114.,0,0,0
WBGene00171115.,0,0,0
WBGene00171116.,0,0,0
WBGene00171117.,0,4,4
WBGene00171118.,0,2,2
WBGene00171119.,0,0,0
WBGene00171120.,0,0,0
WBGene00171121.,0,0,0
WBGene00171122.,0,0,0
WBGene00171123.,0,0,0
WBGene00171124.,0,0,0
WBGene00171125.,0,0,0
WBGene00171126.,0,0,0
WBGene00171127.,0,0,0
WBGene00171128.,0,0,0
WBGene00171129.,0,0,0
WBGene00171130.,0,0,0
WBGene00171131.,0,0,0
WBGene00171132.,0,0,0
WBGene00171133.,0,0,0
WBGene00171134.,0,0,0
WBGene00171135.,0,0,0
WBGene00171136.,0,0,0
WBGene00171137.,0,0,0
WBGene00171138.,0,0,0
WBGene00171139.,0,0,0
WBGene00171140.,0,0,0
WBGene00171141.,0,0,0
WBGene00171142.,0,0,0
WBGene00171143.,0,0,0
WBGene00171144.,0,0,0
WBGene00171145.,0,0,0
WBGene00171146.,0,0,0
WBGene00171147.,0,0,0
WBGene00171148.,0,0,0
WBGene00171149.,0,0,0
WBGene00171150.,0,0,0
WBGene00171151.,0,0,0
WBGene00171152.,0,6,6
WBGene00171153.,0,0,0
WBGene00171154.,0,0,0
WBGene00171155.,0,1,1
WBGene00171156.,0,1,1
WBGene00171157.,0,0,0
WBGene00171158.,0,0,0
WBGene00171159.,0,0,0
WBGene00171160.,0,0,0
WBGene00171161.,0,0,0
WBGene00171162.,0,0,0
WBGene00171163.,0,0,0
WBGene00171164.,0,0,0
WBGene00171165.,0,0,0
WBGene00171166.,0,0,0
WBGene00171167.,0,0,0
WBGene00171168.,0,0,0
WBGene00171169.,0,2,2
WBGene00171170.,0,0,0
WBGene00171171.,0,0,0
WBGene00171172.,0,1,1
WBGene00171173.,0,1,1
WBGene00171174.,0,0,0
WBGene00171175.,0,0,0
WBGene00171176.,0,0,0
WBGene00171177.,0,0,0
WBGene00171178.,0,0,0
WBGene00171179.,0,0,0
WBGene00171180.,0,0,0
WBGene00171181.,0,0,0
WBGene00171182.,0,0,0
WBGene00171183.,0,0,0
WBGene00171184.,0,0,0
WBGene00171185.,0,0,0
WBGene00171186.,0,0,0
WBGene00171187.,0,0,0
WBGene00171188.,0,1,1
WBGene00171189.,0,0,0
WBGene00171190.,0,0,0
WBGene00171191.,0,0,0
WBGene00171192.,0,0,0
WBGene00171193.,0,0,0
WBGene00171194.,0,5,5
WBGene00171195.,0,0,0
WBGene00171196.,0,0,0
WBGene00171197.,0,0,0
WBGene00171198.,0,2,2
WBGene00171199.,0,0,0
WBGene00171200.,0,0,0
WBGene00171201.,0,0,0
WBGene00171202.,0,0,0
WBGene00171203.,0,0,0
WBGene00171204.,0,0,0
WBGene00171205.,0,0,0
WBGene00171206.,0,0,0
WBGene00171207.,0,0,0
WBGene00171208.,0,1,1
WBGene00171209.,0,0,0
WBGene00171210.,0,0,0
WBGene00171211.,0,1,1
WBGene00171212.,0,0,0
WBGene00171213.,0,0,0
WBGene00171214.,0,1,1
WBGene00171215.,0,0,0
WBGene00171216.,0,1,1
WBGene00171217.,0,0,0
WBGene00171218.,0,0,0
WBGene00171219.,0,0,0
WBGene00171220.,0,5,5
WBGene00171221.,0,3,3
WBGene00171222.,0,0,0
WBGene00171223.,0,0,0
WBGene00171224.,0,0,0
WBGene00171225.,0,0,0
WBGene00171226.,0,0,0
WBGene00171227.,0,0,0
WBGene00171228.,0,0,0
WBGene00171229.,0,0,0
WBGene00171230.,0,1,1
WBGene00171231.,0,0,0
WBGene00171232.,0,0,0
WBGene00171233.,0,0,0
WBGene00171234.,0,0,0
WBGene00171235.,0,0,0
WBGene00171236.,0,0,0
WBGene00171237.,0,0,0
WBGene00171238.,0,1,1
WBGene00171239.,0,0,0
WBGene00171240.,0,0,0
WBGene00171241.,0,0,0
WBGene00171242.,0,0,0
WBGene00171243.,0,0,0
WBGene00171244.,0,0,0
WBGene00171245.,0,0,0
WBGene00171246.,0,0,0
WBGene00171247.,0,1,1
WBGene00171248.,0,0,0
WBGene00171249.,0,0,0
WBGene00171250.,0,0,0
WBGene00171251.,0,0,0
WBGene00171252.,0,0,0
WBGene00171253.,0,0,0
WBGene00171254.,0,0,0
WBGene00171255.,0,0,0
WBGene00171256.,0,0,0
WBGene00171257.,0,0,0
WBGene00171258.,0,0,0
WBGene00171259.,0,0,0
WBGene00171260.,0,0,0
WBGene00171261.,0,0,0
WBGene00171262.,0,0,0
WBGene00171263.,0,0,0
WBGene00171264.,0,0,0
WBGene00171265.,0,4,4
WBGene00171266.,0,0,0
WBGene00171267.,0,0,0
WBGene00171268.,0,0,0
WBGene00171269.,0,0,0
WBGene00171270.,0,0,0
WBGene00171271.,0,0,0
WBGene00171272.,0,0,0
WBGene00171273.,0,0,0
WBGene00171274.,0,0,0
WBGene00171275.,0,0,0
WBGene00171276.,0,0,0
WBGene00171277.,0,0,0
WBGene00171278.,0,0,0
WBGene00171279.,0,2,2
WBGene00171280.,0,0,0
WBGene00171281.,0,1,1
WBGene00171282.,0,0,0
WBGene00171283.,0,0,0
WBGene00171284.,0,0,0
WBGene00171285.,0,0,0
WBGene00171286.,0,23,23
WBGene00171287.,0,0,0
WBGene00171288.,0,0,0
WBGene00171289.,0,4,4
WBGene00171290.,0,6,6
WBGene00171291.,0,0,0
WBGene00171292.,0,0,0
WBGene00171293.,0,0,0
WBGene00171294.,0,0,0
WBGene00171295.,0,0,0
WBGene00171296.,0,0,0
WBGene00171297.,0,0,0
WBGene00171298.,0,0,0
WBGene00171299.,0,0,0
WBGene00171300.,0,0,0
WBGene00171301.,0,0,0
WBGene00171302.,0,0,0
WBGene00171303.,0,0,0
WBGene00171304.,0,0,0
WBGene00171305.,0,1,1
WBGene00171306.,0,0,0
WBGene00171307.,0,0,0
WBGene00171308.,0,0,0
WBGene00171309.,0,5,5
WBGene00171310.,0,0,0
WBGene00171311.,0,7,7
WBGene00171312.,0,0,0
WBGene00171313.,0,0,0
WBGene00171314.,0,0,0
WBGene00171315.,0,0,0
WBGene00171316.,0,0,0
WBGene00171317.,0,0,0
WBGene00171318.,0,0,0
WBGene00171319.,0,0,0
WBGene00171320.,0,0,0
WBGene00171321.,0,0,0
WBGene00171322.,0,0,0
WBGene00171323.,0,4,4
WBGene00171324.,0,0,0
WBGene00171325.,0,0,0
WBGene00171326.,0,0,0
WBGene00171327.,0,0,0
WBGene00171328.,0,0,0
WBGene00171329.,0,1,1
WBGene00171330.,0,0,0
WBGene00171331.,0,0,0
WBGene00171332.,0,0,0
WBGene00171333.,0,1,1
WBGene00171334.,0,0,0
WBGene00171335.,0,1,1
WBGene00171336.,0,0,0
WBGene00171337.,0,0,0
WBGene00171338.,0,0,0
WBGene00171339.,0,0,0
WBGene00171340.,0,0,0
WBGene00171341.,0,0,0
WBGene00171342.,0,0,0
WBGene00171343.,0,0,0
WBGene00171344.,0,0,0
WBGene00171345.,0,0,0
WBGene00171346.,0,2,2
WBGene00171347.,0,7,7
WBGene00171348.,0,0,0
WBGene00171349.,0,0,0
WBGene00171350.,0,0,0
WBGene00171351.,0,0,0
WBGene00171352.,0,0,0
WBGene00171353.,0,0,0
WBGene00171354.,0,0,0
WBGene00171355.,0,0,0
WBGene00171356.,0,0,0
WBGene00171357.,0,0,0
WBGene00171358.,0,0,0
WBGene00171359.,0,1,1
WBGene00171360.,0,0,0
WBGene00171361.,0,0,0
WBGene00171362.,0,0,0
WBGene00171363.,0,0,0
WBGene00171364.,0,0,0
WBGene00171365.,0,0,0
WBGene00171366.,0,0,0
WBGene00171367.,0,0,0
WBGene00171368.,0,2,2
WBGene00171369.,0,0,0
WBGene00171370.,0,0,0
WBGene00171371.,0,0,0
WBGene00171372.,0,0,0
WBGene00171373.,0,0,0
WBGene00171374.,0,0,0
WBGene00171375.,0,4,4
WBGene00171376.,0,0,0
WBGene00171377.,0,0,0
WBGene00171378.,0,0,0
WBGene00171379.,0,0,0
WBGene00171380.,0,0,0
WBGene00171381.,0,0,0
WBGene00171382.,0,0,0
WBGene00171383.,0,0,0
WBGene00171384.,0,0,0
WBGene00171385.,0,0,0
WBGene00171386.,0,0,0
WBGene00171387.,0,0,0
WBGene00171388.,0,0,0
WBGene00171389.,0,0,0
WBGene00171390.,0,0,0
WBGene00171391.,0,0,0
WBGene00171392.,0,0,0
WBGene00171393.,0,0,0
WBGene00171394.,0,0,0
WBGene00171395.,0,0,0
WBGene00171396.,0,0,0
WBGene00171397.,0,0,0
WBGene00171398.,0,0,0
WBGene00171399.,0,0,0
WBGene00171400.,0,0,0
WBGene00171401.,0,0,0
WBGene00171402.,0,0,0
WBGene00171403.,0,0,0
WBGene00171404.,0,0,0
WBGene00171405.,0,0,0
WBGene00171406.,0,0,0
WBGene00171407.,0,3,3
WBGene00171408.,0,0,0
WBGene00171409.,0,0,0
WBGene00171410.,0,0,0
WBGene00171411.,0,1,1
WBGene00171412.,0,2,2
WBGene00171413.,0,0,0
WBGene00171414.,0,0,0
WBGene00171415.,0,0,0
WBGene00171416.,0,0,0
WBGene00171417.,0,1,1
WBGene00171418.,0,0,0
WBGene00171419.,0,0,0
WBGene00171420.,0,0,0
WBGene00171421.,0,1,1
WBGene00171422.,0,0,0
WBGene00171423.,0,8,8
WBGene00171424.,0,0,0
WBGene00171425.,0,0,0
WBGene00171426.,0,0,0
WBGene00171427.,0,0,0
WBGene00171428.,0,1,1
WBGene00171429.,0,0,0
WBGene00171430.,0,0,0
WBGene00171431.,0,0,0
WBGene00171432.,0,0,0
WBGene00171433.,0,0,0
WBGene00171434.,0,1,1
WBGene00171435.,0,0,0
WBGene00171436.,0,0,0
WBGene00171437.,0,0,0
WBGene00171438.,0,0,0
WBGene00171439.,0,0,0
WBGene00171440.,0,1,1
WBGene00171441.,0,0,0
WBGene00171442.,0,0,0
WBGene00171443.,0,0,0
WBGene00171444.,0,0,0
WBGene00171445.,0,0,0
WBGene00171446.,0,0,0
WBGene00171447.,0,0,0
WBGene00171448.,0,0,0
WBGene00171449.,0,0,0
WBGene00171450.,0,2,2
WBGene00171451.,0,2,2
WBGene00171452.,0,0,0
WBGene00171453.,0,0,0
WBGene00171454.,0,0,0
WBGene00171455.,0,1,1
WBGene00171456.,0,9,9
WBGene00171457.,0,0,0
WBGene00171458.,0,0,0
WBGene00171459.,0,1,1
WBGene00171460.,0,0,0
WBGene00171461.,0,1,1
WBGene00171462.,0,0,0
WBGene00171463.,0,0,0
WBGene00171464.,0,0,0
WBGene00171465.,0,0,0
WBGene00171466.,0,3,3
WBGene00171467.,0,0,0
WBGene00171468.,0,0,0
WBGene00171469.,0,0,0
WBGene00171470.,0,22,22
WBGene00171471.,0,0,0
WBGene00171472.,0,0,0
WBGene00171473.,0,8,8
WBGene00171474.,0,0,0
WBGene00171475.,0,0,0
WBGene00171476.,0,0,0
WBGene00171477.,0,0,0
WBGene00171478.,0,3,3
WBGene00171479.,0,0,0
WBGene00171480.,0,0,0
WBGene00171481.,0,0,0
WBGene00171482.,0,0,0
WBGene00171483.,0,0,0
WBGene00171484.,0,0,0
WBGene00171485.,0,0,0
WBGene00171486.,0,0,0
WBGene00171487.,0,0,0
WBGene00171488.,0,0,0
WBGene00171489.,0,1,1
WBGene00171490.,0,0,0
WBGene00171491.,0,0,0
WBGene00171492.,0,0,0
WBGene00171493.,0,0,0
WBGene00171494.,0,0,0
WBGene00171495.,0,0,0
WBGene00171496.,0,0,0
WBGene00171497.,0,0,0
WBGene00171498.,0,0,0
WBGene00171499.,0,0,0
WBGene00171500.,0,1,1
WBGene00171501.,0,0,0
WBGene00171502.,0,0,0
WBGene00171503.,0,0,0
WBGene00171504.,0,0,0
WBGene00171505.,0,1,1
WBGene00171506.,0,0,0
WBGene00171507.,0,0,0
WBGene00171508.,0,0,0
WBGene00171509.,0,0,0
WBGene00171510.,0,0,0
WBGene00171511.,0,0,0
WBGene00171512.,0,0,0
WBGene00171513.,0,0,0
WBGene00171514.,0,0,0
WBGene00171515.,0,0,0
WBGene00171516.,0,0,0
WBGene00171517.,0,0,0
WBGene00171518.,0,0,0
WBGene00171519.,0,0,0
WBGene00171520.,0,0,0
WBGene00171521.,0,1,1
WBGene00171522.,0,0,0
WBGene00171523.,0,0,0
WBGene00171524.,0,0,0
WBGene00171525.,0,1,1
WBGene00171526.,0,1,1
WBGene00171527.,0,0,0
WBGene00171528.,0,0,0
WBGene00171529.,0,1,1
WBGene00171530.,0,0,0
WBGene00171531.,0,0,0
WBGene00171532.,0,0,0
WBGene00171533.,0,1,1
WBGene00171534.,0,0,0
WBGene00171535.,0,0,0
WBGene00171536.,0,0,0
WBGene00171537.,0,0,0
WBGene00171538.,0,0,0
WBGene00171539.,0,0,0
WBGene00171540.,0,0,0
WBGene00171541.,0,0,0
WBGene00171542.,0,0,0
WBGene00171543.,0,0,0
WBGene00171544.,0,0,0
WBGene00171545.,0,0,0
WBGene00171546.,0,0,0
WBGene00171547.,0,0,0
WBGene00171548.,0,0,0
WBGene00171549.,0,0,0
WBGene00171550.,0,0,0
WBGene00171551.,0,0,0
WBGene00171552.,0,0,0
WBGene00171553.,0,0,0
WBGene00171554.,0,0,0
WBGene00171555.,0,0,0
WBGene00171556.,0,1,1
WBGene00171557.,0,0,0
WBGene00171558.,0,0,0
WBGene00171559.,0,0,0
WBGene00171560.,0,0,0
WBGene00171561.,0,0,0
WBGene00171562.,0,0,0
WBGene00171563.,0,0,0
WBGene00171564.,0,0,0
WBGene00171565.,0,0,0
WBGene00171566.,0,0,0
WBGene00171567.,0,2,2
WBGene00171568.,0,31,31
WBGene00171569.,0,0,0
WBGene00171570.,0,0,0
WBGene00171571.,0,0,0
WBGene00171572.,0,0,0
WBGene00171573.,0,0,0
WBGene00171574.,0,0,0
WBGene00171575.,0,0,0
WBGene00171576.,0,1,1
WBGene00171577.,0,0,0
WBGene00171578.,0,0,0
WBGene00171579.,0,0,0
WBGene00171580.,0,1,1
WBGene00171581.,0,0,0
WBGene00171582.,0,0,0
WBGene00171583.,0,0,0
WBGene00171584.,0,0,0
WBGene00171585.,0,0,0
WBGene00171586.,0,0,0
WBGene00171587.,0,4,4
WBGene00171588.,0,0,0
WBGene00171589.,0,0,0
WBGene00171590.,0,1,1
WBGene00171591.,0,0,0
WBGene00171592.,0,0,0
WBGene00171593.,0,1,1
WBGene00171594.,0,0,0
WBGene00171595.,0,0,0
WBGene00171596.,0,1,1
WBGene00171597.,0,0,0
WBGene00171598.,0,0,0
WBGene00171599.,0,0,0
WBGene00171600.,0,0,0
WBGene00171601.,0,0,0
WBGene00171602.,0,0,0
WBGene00171603.,0,0,0
WBGene00171604.,0,0,0
WBGene00171605.,0,0,0
WBGene00171606.,0,0,0
WBGene00171607.,0,0,0
WBGene00171608.,0,0,0
WBGene00171609.,0,0,0
WBGene00171610.,0,0,0
WBGene00171611.,0,1,1
WBGene00171612.,0,0,0
WBGene00171613.,0,0,0
WBGene00171614.,0,0,0
WBGene00171615.,0,0,0
WBGene00171616.,0,0,0
WBGene00171617.,0,1,1
WBGene00171618.,0,0,0
WBGene00171619.,0,0,0
WBGene00171620.,0,0,0
WBGene00171621.,0,0,0
WBGene00171622.,0,4,4
WBGene00171623.,0,0,0
WBGene00171624.,0,0,0
WBGene00171625.,0,0,0
WBGene00171626.,0,0,0
WBGene00171627.,0,0,0
WBGene00171628.,0,0,0
WBGene00171629.,0,0,0
WBGene00171630.,0,0,0
WBGene00171631.,0,0,0
WBGene00171632.,0,0,0
WBGene00171633.,0,0,0
WBGene00171634.,0,0,0
WBGene00171635.,0,0,0
WBGene00171636.,0,0,0
WBGene00171637.,0,0,0
WBGene00171638.,0,0,0
WBGene00171639.,0,0,0
WBGene00171640.,0,0,0
WBGene00171641.,0,0,0
WBGene00171642.,0,0,0
WBGene00171643.,0,0,0
WBGene00171644.,0,0,0
WBGene00171645.,0,0,0
WBGene00171646.,0,1,1
WBGene00171647.,0,0,0
WBGene00171648.,0,0,0
WBGene00171649.,0,0,0
WBGene00171650.,0,0,0
WBGene00171651.,0,0,0
WBGene00171652.,0,0,0
WBGene00171653.,0,0,0
WBGene00171654.,0,0,0
WBGene00171655.,0,1,1
WBGene00171656.,0,0,0
WBGene00171657.,0,0,0
WBGene00171658.,0,0,0
WBGene00171659.,0,1,1
WBGene00171660.,0,0,0
WBGene00171661.,0,0,0
WBGene00171662.,0,0,0
WBGene00171663.,0,1,1
WBGene00171664.,0,0,0
WBGene00171665.,0,0,0
WBGene00171666.,0,0,0
WBGene00171667.,0,1,1
WBGene00171668.,0,0,0
WBGene00171669.,0,0,0
WBGene00171670.,0,0,0
WBGene00171671.,0,0,0
WBGene00171672.,0,0,0
WBGene00171673.,0,0,0
WBGene00171674.,0,0,0
WBGene00171675.,0,3,3
WBGene00171676.,0,0,0
WBGene00171677.,0,0,0
WBGene00171678.,0,0,0
WBGene00171679.,0,0,0
WBGene00171680.,0,0,0
WBGene00171681.,0,0,0
WBGene00171682.,0,0,0
WBGene00171683.,0,0,0
WBGene00171684.,0,0,0
WBGene00171685.,0,0,0
WBGene00171686.,0,1,1
WBGene00171687.,0,0,0
WBGene00171688.,0,0,0
WBGene00171689.,0,0,0
WBGene00171690.,0,0,0
WBGene00171691.,0,1,1
WBGene00171692.,0,0,0
WBGene00171693.,0,0,0
WBGene00171694.,0,3,3
WBGene00171695.,0,0,0
WBGene00171696.,0,0,0
WBGene00171697.,0,0,0
WBGene00171698.,0,0,0
WBGene00171699.,0,8,8
WBGene00171700.,0,0,0
WBGene00171701.,0,0,0
WBGene00171702.,0,0,0
WBGene00171703.,0,2,2
WBGene00171704.,0,0,0
WBGene00171705.,0,0,0
WBGene00171706.,0,0,0
WBGene00171707.,0,0,0
WBGene00171708.,0,2,2
WBGene00171709.,0,0,0
WBGene00171710.,0,0,0
WBGene00171712.,0,0,0
WBGene00171713.,0,1,1
WBGene00171714.,0,0,0
WBGene00171715.,0,0,0
WBGene00171716.,0,0,0
WBGene00171717.,0,0,0
WBGene00171718.,0,0,0
WBGene00171719.,0,1,1
WBGene00171720.,0,0,0
WBGene00171721.,0,0,0
WBGene00171722.,0,0,0
WBGene00171723.,0,0,0
WBGene00171724.,0,0,0
WBGene00171725.,0,0,0
WBGene00171726.,0,0,0
WBGene00171727.,0,0,0
WBGene00171728.,0,0,0
WBGene00171729.,0,0,0
WBGene00171730.,0,0,0
WBGene00171731.,0,0,0
WBGene00171732.,0,0,0
WBGene00171733.,0,0,0
WBGene00171734.,0,0,0
WBGene00171735.,0,0,0
WBGene00171736.,0,3,3
WBGene00171737.,0,0,0
WBGene00171738.,0,1,1
WBGene00171739.,0,1,1
WBGene00171740.,0,0,0
WBGene00171741.,0,0,0
WBGene00171742.,0,0,0
WBGene00171743.,0,0,0
WBGene00171744.,0,0,0
WBGene00171745.,0,0,0
WBGene00171746.,0,0,0
WBGene00171747.,0,0,0
WBGene00171748.,0,0,0
WBGene00171749.,0,0,0
WBGene00171750.,0,0,0
WBGene00171751.,0,1,1
WBGene00171752.,0,0,0
WBGene00171753.,0,0,0
WBGene00171754.,0,13,13
WBGene00171755.,0,0,0
WBGene00171756.,0,0,0
WBGene00171757.,0,0,0
WBGene00171758.,0,0,0
WBGene00171759.,0,0,0
WBGene00171760.,0,0,0
WBGene00171761.,0,0,0
WBGene00171762.,0,0,0
WBGene00171763.,0,1,1
WBGene00171764.,0,0,0
WBGene00171765.,0,5,5
WBGene00171766.,0,1,1
WBGene00171767.,0,0,0
WBGene00171768.,0,0,0
WBGene00171769.,0,0,0
WBGene00171770.,0,1,1
WBGene00171771.,0,0,0
WBGene00171772.,0,0,0
WBGene00171773.,0,0,0
WBGene00171774.,0,0,0
WBGene00171775.,0,0,0
WBGene00171776.,0,0,0
WBGene00171777.,0,0,0
WBGene00171778.,0,1,1
WBGene00171779.,0,0,0
WBGene00171780.,0,0,0
WBGene00171781.,0,0,0
WBGene00171782.,0,0,0
WBGene00171783.,0,0,0
WBGene00171784.,0,0,0
WBGene00171785.,0,0,0
WBGene00171786.,0,3,3
WBGene00171787.,0,0,0
WBGene00171788.,0,0,0
WBGene00171789.,0,0,0
WBGene00171790.,0,0,0
WBGene00171791.,0,0,0
WBGene00171792.,0,0,0
WBGene00171793.,0,0,0
WBGene00171794.,0,0,0
WBGene00171795.,0,0,0
WBGene00171796.,0,0,0
WBGene00171797.,0,0,0
WBGene00171798.,0,0,0
WBGene00171799.,0,1,1
WBGene00171800.,0,4,4
WBGene00171801.,0,0,0
WBGene00171802.,0,0,0
WBGene00171803.,0,0,0
WBGene00171804.,0,0,0
WBGene00171805.,0,0,0
WBGene00171806.,0,0,0
WBGene00171807.,0,0,0
WBGene00171809.,0,0,0
WBGene00171810.,0,0,0
WBGene00171811.,0,0,0
WBGene00171812.,0,1,1
WBGene00171813.,0,0,0
WBGene00171814.,0,0,0
WBGene00171815.,0,1,1
WBGene00171816.,0,0,0
WBGene00171817.,0,0,0
WBGene00171818.,0,0,0
WBGene00171819.,0,0,0
WBGene00171820.,0,0,0
WBGene00171821.,0,0,0
WBGene00171822.,0,0,0
WBGene00171823.,0,0,0
WBGene00171824.,0,0,0
WBGene00171825.,0,0,0
WBGene00171826.,0,0,0
WBGene00171827.,0,0,0
WBGene00171828.,0,0,0
WBGene00171829.,0,0,0
WBGene00171830.,0,0,0
WBGene00171831.,0,0,0
WBGene00171832.,0,0,0
WBGene00171833.,0,1,1
WBGene00171834.,0,0,0
WBGene00171835.,0,0,0
WBGene00171836.,0,0,0
WBGene00171837.,0,0,0
WBGene00171838.,0,2,2
WBGene00171839.,0,0,0
WBGene00171840.,0,0,0
WBGene00171841.,0,0,0
WBGene00171842.,0,0,0
WBGene00171843.,0,0,0
WBGene00171844.,0,0,0
WBGene00171845.,0,0,0
WBGene00171846.,0,0,0
WBGene00171847.,0,0,0
WBGene00171848.,0,0,0
WBGene00171849.,0,0,0
WBGene00171850.,0,0,0
WBGene00171851.,0,0,0
WBGene00171852.,0,0,0
WBGene00171853.,0,0,0
WBGene00171854.,0,1,1
WBGene00171855.,0,0,0
WBGene00171856.,0,0,0
WBGene00171857.,0,0,0
WBGene00171858.,0,0,0
WBGene00171859.,0,0,0
WBGene00171860.,0,0,0
WBGene00171861.,0,0,0
WBGene00171862.,0,0,0
WBGene00171863.,0,0,0
WBGene00171864.,0,1,1
WBGene00171865.,0,0,0
WBGene00171866.,0,0,0
WBGene00171867.,0,0,0
WBGene00171868.,0,0,0
WBGene00171869.,0,0,0
WBGene00171870.,0,0,0
WBGene00171871.,0,0,0
WBGene00171872.,0,0,0
WBGene00171873.,0,0,0
WBGene00171875.,0,0,0
WBGene00171876.,0,1,1
WBGene00171877.,0,0,0
WBGene00171878.,0,1,1
WBGene00171879.,0,0,0
WBGene00171880.,0,0,0
WBGene00171881.,0,0,0
WBGene00171882.,0,0,0
WBGene00171883.,0,0,0
WBGene00171884.,0,0,0
WBGene00171885.,0,0,0
WBGene00171886.,0,0,0
WBGene00171887.,0,0,0
WBGene00171888.,0,0,0
WBGene00171889.,0,0,0
WBGene00171890.,0,0,0
WBGene00171891.,0,0,0
WBGene00171892.,0,1,1
WBGene00171893.,0,0,0
WBGene00171894.,0,0,0
WBGene00171895.,0,1,1
WBGene00171896.,0,0,0
WBGene00171897.,0,0,0
WBGene00171898.,0,0,0
WBGene00171899.,0,0,0
WBGene00171900.,0,0,0
WBGene00171901.,0,0,0
WBGene00171902.,0,0,0
WBGene00171903.,0,0,0
WBGene00171904.,0,0,0
WBGene00171905.,0,1,1
WBGene00171906.,0,0,0
WBGene00171907.,0,6,6
WBGene00171908.,0,0,0
WBGene00171909.,0,0,0
WBGene00171910.,0,0,0
WBGene00171911.,0,0,0
WBGene00171912.,0,0,0
WBGene00171913.,0,0,0
WBGene00171914.,0,0,0
WBGene00171915.,0,0,0
WBGene00171916.,0,0,0
WBGene00171917.,0,0,0
WBGene00171918.,0,0,0
WBGene00171919.,0,0,0
WBGene00171920.,0,0,0
WBGene00171921.,0,0,0
WBGene00171922.,0,0,0
WBGene00171923.,0,1,1
WBGene00171924.,0,3,3
WBGene00171925.,0,0,0
WBGene00171926.,0,0,0
WBGene00171927.,0,0,0
WBGene00171928.,0,0,0
WBGene00171929.,0,0,0
WBGene00171930.,0,0,0
WBGene00171931.,0,0,0
WBGene00171932.,0,3,3
WBGene00171933.,0,0,0
WBGene00171934.,0,0,0
WBGene00171935.,0,0,0
WBGene00171936.,0,0,0
WBGene00171937.,0,0,0
WBGene00171938.,0,0,0
WBGene00171939.,0,0,0
WBGene00171940.,0,2,2
WBGene00171941.,0,0,0
WBGene00171942.,0,0,0
WBGene00171943.,0,0,0
WBGene00171944.,0,0,0
WBGene00171945.,0,0,0
WBGene00171946.,0,2,2
WBGene00171947.,0,0,0
WBGene00171948.,0,0,0
WBGene00171949.,0,0,0
WBGene00171950.,0,0,0
WBGene00171951.,0,0,0
WBGene00171952.,0,0,0
WBGene00171953.,0,0,0
WBGene00171954.,0,0,0
WBGene00171955.,0,0,0
WBGene00171956.,0,0,0
WBGene00171957.,0,0,0
WBGene00171958.,0,0,0
WBGene00171959.,0,0,0
WBGene00171960.,0,0,0
WBGene00171961.,0,0,0
WBGene00171962.,0,0,0
WBGene00171963.,0,0,0
WBGene00171964.,0,0,0
WBGene00171965.,0,0,0
WBGene00171966.,0,0,0
WBGene00171967.,0,0,0
WBGene00171968.,0,0,0
WBGene00171969.,0,0,0
WBGene00171970.,0,0,0
WBGene00171971.,0,0,0
WBGene00171972.,0,0,0
WBGene00171973.,0,0,0
WBGene00171974.,0,0,0
WBGene00171975.,0,0,0
WBGene00171976.,0,0,0
WBGene00171977.,0,1,1
WBGene00171978.,0,3,3
WBGene00171979.,0,0,0
WBGene00171980.,0,0,0
WBGene00171981.,0,0,0
WBGene00171982.,0,0,0
WBGene00171983.,0,0,0
WBGene00171984.,0,0,0
WBGene00171985.,0,1,1
WBGene00171986.,0,0,0
WBGene00171987.,0,0,0
WBGene00171988.,0,0,0
WBGene00171989.,0,0,0
WBGene00171990.,0,0,0
WBGene00171991.,0,0,0
WBGene00171992.,0,0,0
WBGene00171993.,0,0,0
WBGene00171994.,0,0,0
WBGene00171995.,0,0,0
WBGene00171996.,0,2,2
WBGene00171997.,0,0,0
WBGene00171998.,0,0,0
WBGene00171999.,0,0,0
WBGene00172000.,0,0,0
WBGene00172001.,0,0,0
WBGene00172002.,0,0,0
WBGene00172003.,0,0,0
WBGene00172004.,0,0,0
WBGene00172006.,0,0,0
WBGene00172007.,0,0,0
WBGene00172008.,0,0,0
WBGene00172009.,0,0,0
WBGene00172010.,0,0,0
WBGene00172011.,0,0,0
WBGene00172012.,0,0,0
WBGene00172013.,0,1,1
WBGene00172014.,0,0,0
WBGene00172015.,0,0,0
WBGene00172016.,0,22,22
WBGene00172017.,0,0,0
WBGene00172018.,0,0,0
WBGene00172019.,0,1,1
WBGene00172020.,0,0,0
WBGene00172021.,0,0,0
WBGene00172022.,0,0,0
WBGene00172023.,0,0,0
WBGene00172024.,0,0,0
WBGene00172025.,0,0,0
WBGene00172026.,0,0,0
WBGene00172027.,0,0,0
WBGene00172028.,0,2,2
WBGene00172029.,0,0,0
WBGene00172030.,0,0,0
WBGene00172031.,0,0,0
WBGene00172032.,0,0,0
WBGene00172033.,0,0,0
WBGene00172034.,0,0,0
WBGene00172035.,0,0,0
WBGene00172036.,0,0,0
WBGene00172037.,0,0,0
WBGene00172038.,0,0,0
WBGene00172039.,0,0,0
WBGene00172040.,0,0,0
WBGene00172041.,0,0,0
WBGene00172042.,0,0,0
WBGene00172043.,0,0,0
WBGene00172044.,0,0,0
WBGene00172045.,0,1,1
WBGene00172046.,0,0,0
WBGene00172047.,0,0,0
WBGene00172048.,0,0,0
WBGene00172049.,0,0,0
WBGene00172050.,0,0,0
WBGene00172051.,0,0,0
WBGene00172052.,0,0,0
WBGene00172053.,0,0,0
WBGene00172054.,0,1,1
WBGene00172055.,0,0,0
WBGene00172056.,0,3,3
WBGene00172057.,0,0,0
WBGene00172058.,0,0,0
WBGene00172059.,0,0,0
WBGene00172060.,0,0,0
WBGene00172061.,0,1,1
WBGene00172062.,0,0,0
WBGene00172063.,0,0,0
WBGene00172064.,0,0,0
WBGene00172065.,0,0,0
WBGene00172066.,0,0,0
WBGene00172067.,0,0,0
WBGene00172068.,0,0,0
WBGene00172069.,0,1,1
WBGene00172070.,0,0,0
WBGene00172071.,0,0,0
WBGene00172072.,0,2,2
WBGene00172073.,0,1,1
WBGene00172074.,0,0,0
WBGene00172075.,0,0,0
WBGene00172076.,0,0,0
WBGene00172077.,0,0,0
WBGene00172078.,0,0,0
WBGene00172079.,0,0,0
WBGene00172080.,0,0,0
WBGene00172081.,0,0,0
WBGene00172082.,0,0,0
WBGene00172083.,0,0,0
WBGene00172084.,0,0,0
WBGene00172085.,0,0,0
WBGene00172086.,0,0,0
WBGene00172087.,0,1,1
WBGene00172088.,0,0,0
WBGene00172089.,0,0,0
WBGene00172090.,0,0,0
WBGene00172091.,0,0,0
WBGene00172092.,0,0,0
WBGene00172093.,0,0,0
WBGene00172094.,0,0,0
WBGene00172095.,0,0,0
WBGene00172096.,0,0,0
WBGene00172097.,0,2,2
WBGene00172098.,0,0,0
WBGene00172099.,0,0,0
WBGene00172100.,0,0,0
WBGene00172101.,0,0,0
WBGene00172102.,0,0,0
WBGene00172103.,0,0,0
WBGene00172104.,0,0,0
WBGene00172105.,0,0,0
WBGene00172106.,0,0,0
WBGene00172107.,0,5,5
WBGene00172108.,0,0,0
WBGene00172109.,0,0,0
WBGene00172110.,0,0,0
WBGene00172111.,0,0,0
WBGene00172112.,0,0,0
WBGene00172113.,0,0,0
WBGene00172114.,0,0,0
WBGene00172115.,0,0,0
WBGene00172116.,0,0,0
WBGene00172117.,0,3,3
WBGene00172118.,0,0,0
WBGene00172119.,0,0,0
WBGene00172120.,0,0,0
WBGene00172121.,0,0,0
WBGene00172122.,0,0,0
WBGene00172123.,0,0,0
WBGene00172124.,0,0,0
WBGene00172125.,0,0,0
WBGene00172126.,0,0,0
WBGene00172127.,0,0,0
WBGene00172128.,0,0,0
WBGene00172129.,0,0,0
WBGene00172130.,0,0,0
WBGene00172131.,0,0,0
WBGene00172132.,0,0,0
WBGene00172133.,0,0,0
WBGene00172134.,0,2,2
WBGene00172135.,0,0,0
WBGene00172136.,0,0,0
WBGene00172137.,0,0,0
WBGene00172138.,0,0,0
WBGene00172139.,0,1,1
WBGene00172140.,0,0,0
WBGene00172141.,0,0,0
WBGene00172142.,0,0,0
WBGene00172143.,0,0,0
WBGene00172144.,0,0,0
WBGene00172145.,0,0,0
WBGene00172146.,0,0,0
WBGene00172147.,0,0,0
WBGene00172148.,0,0,0
WBGene00172149.,0,1,1
WBGene00172150.,0,0,0
WBGene00172151.,0,1,1
WBGene00172152.,0,0,0
WBGene00172153.,0,0,0
WBGene00172154.,0,5,5
WBGene00172155.,0,0,0
WBGene00172156.,0,0,0
WBGene00172157.,0,0,0
WBGene00172158.,0,0,0
WBGene00172159.,0,0,0
WBGene00172160.,0,0,0
WBGene00172161.,0,4,4
WBGene00172162.,0,0,0
WBGene00172163.,0,0,0
WBGene00172164.,0,0,0
WBGene00172165.,0,0,0
WBGene00172166.,0,0,0
WBGene00172167.,0,0,0
WBGene00172168.,0,0,0
WBGene00172169.,0,3,3
WBGene00172170.,0,1,1
WBGene00172171.,0,0,0
WBGene00172172.,0,0,0
WBGene00172173.,0,1,1
WBGene00172174.,0,13,13
WBGene00172175.,0,0,0
WBGene00172176.,0,0,0
WBGene00172177.,0,0,0
WBGene00172178.,0,0,0
WBGene00172179.,0,0,0
WBGene00172180.,0,0,0
WBGene00172181.,0,0,0
WBGene00172182.,0,0,0
WBGene00172183.,0,0,0
WBGene00172184.,0,0,0
WBGene00172185.,0,8,8
WBGene00172186.,0,0,0
WBGene00172187.,0,3,3
WBGene00172188.,0,0,0
WBGene00172189.,0,0,0
WBGene00172190.,0,0,0
WBGene00172191.,0,0,0
WBGene00172192.,0,0,0
WBGene00172193.,0,0,0
WBGene00172194.,0,0,0
WBGene00172195.,0,0,0
WBGene00172196.,0,0,0
WBGene00172197.,0,0,0
WBGene00172198.,0,0,0
WBGene00172199.,0,1,1
WBGene00172200.,0,0,0
WBGene00172201.,0,0,0
WBGene00172202.,0,0,0
WBGene00172203.,0,0,0
WBGene00172204.,0,1,1
WBGene00172205.,0,0,0
WBGene00172206.,0,0,0
WBGene00172207.,0,0,0
WBGene00172208.,0,0,0
WBGene00172209.,0,0,0
WBGene00172210.,0,0,0
WBGene00172211.,0,0,0
WBGene00172212.,0,0,0
WBGene00172213.,0,0,0
WBGene00172214.,0,2,2
WBGene00172215.,0,0,0
WBGene00172216.,0,0,0
WBGene00172217.,0,0,0
WBGene00172218.,0,0,0
WBGene00172219.,0,0,0
WBGene00172220.,0,0,0
WBGene00172221.,0,0,0
WBGene00172222.,0,0,0
WBGene00172223.,0,0,0
WBGene00172224.,0,0,0
WBGene00172225.,0,0,0
WBGene00172226.,0,0,0
WBGene00172227.,0,0,0
WBGene00172228.,0,0,0
WBGene00172229.,0,0,0
WBGene00172230.,0,6,6
WBGene00172231.,0,0,0
WBGene00172232.,0,0,0
WBGene00172233.,0,0,0
WBGene00172234.,0,0,0
WBGene00172235.,0,0,0
WBGene00172236.,0,0,0
WBGene00172237.,0,1,1
WBGene00172238.,0,0,0
WBGene00172239.,0,0,0
WBGene00172240.,0,0,0
WBGene00172241.,0,0,0
WBGene00172242.,0,0,0
WBGene00172243.,0,0,0
WBGene00172244.,0,0,0
WBGene00172245.,0,0,0
WBGene00172246.,0,0,0
WBGene00172247.,0,0,0
WBGene00172248.,0,0,0
WBGene00172249.,0,2,2
WBGene00172250.,0,0,0
WBGene00172251.,0,0,0
WBGene00172252.,0,0,0
WBGene00172253.,0,0,0
WBGene00172254.,0,0,0
WBGene00172255.,0,0,0
WBGene00172256.,0,0,0
WBGene00172257.,0,2,2
WBGene00172258.,0,0,0
WBGene00172259.,0,0,0
WBGene00172260.,0,0,0
WBGene00172261.,0,0,0
WBGene00172262.,0,0,0
WBGene00172263.,0,0,0
WBGene00172264.,0,0,0
WBGene00172265.,0,0,0
WBGene00172266.,0,0,0
WBGene00172267.,0,0,0
WBGene00172268.,0,0,0
WBGene00172269.,0,0,0
WBGene00172270.,0,0,0
WBGene00172271.,0,20,20
WBGene00172272.,0,0,0
WBGene00172273.,0,2,2
WBGene00172274.,0,0,0
WBGene00172275.,0,0,0
WBGene00172276.,0,0,0
WBGene00172277.,0,0,0
WBGene00172278.,0,0,0
WBGene00172279.,0,0,0
WBGene00172280.,0,0,0
WBGene00172281.,0,0,0
WBGene00172282.,0,0,0
WBGene00172283.,0,0,0
WBGene00172284.,0,0,0
WBGene00172285.,0,0,0
WBGene00172286.,0,1,1
WBGene00172287.,0,3,3
WBGene00172288.,0,0,0
WBGene00172289.,0,0,0
WBGene00172290.,0,0,0
WBGene00172291.,0,0,0
WBGene00172292.,0,0,0
WBGene00172293.,0,0,0
WBGene00172294.,0,9,9
WBGene00172295.,0,0,0
WBGene00172296.,0,0,0
WBGene00172297.,0,0,0
WBGene00172298.,0,0,0
WBGene00172299.,0,0,0
WBGene00172300.,0,0,0
WBGene00172301.,0,0,0
WBGene00172302.,0,0,0
WBGene00172303.,0,0,0
WBGene00172304.,0,0,0
WBGene00172305.,0,0,0
WBGene00172306.,0,0,0
WBGene00172307.,0,0,0
WBGene00172308.,0,0,0
WBGene00172309.,0,4,4
WBGene00172310.,0,0,0
WBGene00172311.,0,1,1
WBGene00172312.,0,0,0
WBGene00172313.,0,0,0
WBGene00172314.,0,0,0
WBGene00172315.,0,4,4
WBGene00172316.,0,0,0
WBGene00172317.,0,0,0
WBGene00172318.,0,1,1
WBGene00172319.,0,0,0
WBGene00172320.,0,0,0
WBGene00172321.,0,0,0
WBGene00172322.,0,0,0
WBGene00172323.,0,0,0
WBGene00172324.,0,0,0
WBGene00172325.,0,0,0
WBGene00172326.,0,0,0
WBGene00172327.,0,0,0
WBGene00172328.,0,0,0
WBGene00172329.,0,0,0
WBGene00172330.,0,0,0
WBGene00172331.,0,0,0
WBGene00172332.,0,0,0
WBGene00172333.,0,1,1
WBGene00172334.,0,0,0
WBGene00172335.,0,0,0
WBGene00172336.,0,0,0
WBGene00172337.,0,0,0
WBGene00172338.,0,0,0
WBGene00172339.,0,0,0
WBGene00172340.,0,5,5
WBGene00172341.,0,0,0
WBGene00172342.,0,0,0
WBGene00172343.,0,0,0
WBGene00172344.,0,0,0
WBGene00172345.,0,0,0
WBGene00172346.,0,1,1
WBGene00172347.,0,0,0
WBGene00172348.,0,0,0
WBGene00172349.,0,0,0
WBGene00172350.,0,0,0
WBGene00172351.,0,0,0
WBGene00172352.,0,0,0
WBGene00172353.,0,0,0
WBGene00172354.,0,0,0
WBGene00172355.,0,0,0
WBGene00172356.,0,0,0
WBGene00172357.,0,0,0
WBGene00172358.,0,0,0
WBGene00172359.,0,0,0
WBGene00172360.,0,0,0
WBGene00172361.,0,0,0
WBGene00172362.,0,0,0
WBGene00172363.,0,0,0
WBGene00172364.,0,0,0
WBGene00172365.,0,0,0
WBGene00172366.,0,0,0
WBGene00172367.,0,0,0
WBGene00172368.,0,0,0
WBGene00172369.,0,0,0
WBGene00172370.,0,0,0
WBGene00172371.,0,0,0
WBGene00172372.,0,1,1
WBGene00172373.,0,0,0
WBGene00172374.,0,0,0
WBGene00172375.,0,0,0
WBGene00172376.,0,0,0
WBGene00172377.,0,0,0
WBGene00172378.,0,0,0
WBGene00172379.,0,2,2
WBGene00172380.,0,0,0
WBGene00172381.,0,0,0
WBGene00172382.,0,0,0
WBGene00172383.,0,0,0
WBGene00172384.,0,0,0
WBGene00172385.,0,0,0
WBGene00172386.,0,0,0
WBGene00172387.,0,0,0
WBGene00172388.,0,0,0
WBGene00172389.,0,0,0
WBGene00172390.,0,1,1
WBGene00172391.,0,3,3
WBGene00172392.,0,0,0
WBGene00172393.,0,2,2
WBGene00172394.,0,0,0
WBGene00172395.,0,0,0
WBGene00172396.,0,0,0
WBGene00172397.,0,0,0
WBGene00172398.,0,0,0
WBGene00172399.,0,0,0
WBGene00172400.,0,0,0
WBGene00172401.,0,0,0
WBGene00172402.,0,0,0
WBGene00172403.,0,0,0
WBGene00172404.,0,0,0
WBGene00172405.,0,1,1
WBGene00172406.,0,0,0
WBGene00172407.,0,3,3
WBGene00172408.,0,0,0
WBGene00172409.,0,0,0
WBGene00172410.,0,0,0
WBGene00172411.,0,3,3
WBGene00172412.,0,1,1
WBGene00172413.,0,4,4
WBGene00172414.,0,0,0
WBGene00172415.,0,0,0
WBGene00172416.,0,0,0
WBGene00172417.,0,0,0
WBGene00172418.,0,0,0
WBGene00172419.,0,3,3
WBGene00172420.,0,1,1
WBGene00172421.,0,2,2
WBGene00172422.,0,0,0
WBGene00172423.,0,0,0
WBGene00172424.,0,0,0
WBGene00172425.,0,0,0
WBGene00172426.,0,2,2
WBGene00172427.,0,2,2
WBGene00172428.,0,1,1
WBGene00172429.,0,0,0
WBGene00172430.,0,0,0
WBGene00172431.,0,0,0
WBGene00172432.,0,0,0
WBGene00172433.,0,0,0
WBGene00172434.,0,0,0
WBGene00172435.,0,0,0
WBGene00172436.,0,1,1
WBGene00172437.,0,0,0
WBGene00172438.,0,0,0
WBGene00172439.,0,0,0
WBGene00172440.,0,0,0
WBGene00172441.,0,0,0
WBGene00172442.,0,0,0
WBGene00172443.,0,0,0
WBGene00172444.,0,2,2
WBGene00172445.,0,0,0
WBGene00172446.,0,0,0
WBGene00172447.,0,0,0
WBGene00172448.,0,0,0
WBGene00172449.,0,0,0
WBGene00172450.,0,0,0
WBGene00172451.,0,0,0
WBGene00172452.,0,0,0
WBGene00172453.,0,0,0
WBGene00172454.,0,0,0
WBGene00172455.,0,0,0
WBGene00172456.,0,0,0
WBGene00172457.,0,8,8
WBGene00172458.,0,0,0
WBGene00172459.,0,1,1
WBGene00172460.,0,0,0
WBGene00172462.,0,0,0
WBGene00172463.,0,0,0
WBGene00172464.,0,0,0
WBGene00172465.,0,0,0
WBGene00172466.,0,0,0
WBGene00172467.,0,0,0
WBGene00172468.,0,0,0
WBGene00172469.,0,0,0
WBGene00172470.,0,0,0
WBGene00172471.,0,0,0
WBGene00172472.,0,2,2
WBGene00172473.,0,0,0
WBGene00172474.,0,1,1
WBGene00172475.,0,0,0
WBGene00172476.,0,0,0
WBGene00172477.,0,8,8
WBGene00172478.,0,0,0
WBGene00172479.,0,0,0
WBGene00172480.,0,0,0
WBGene00172481.,0,0,0
WBGene00172482.,0,0,0
WBGene00172483.,0,0,0
WBGene00172484.,0,0,0
WBGene00172485.,0,0,0
WBGene00172486.,0,0,0
WBGene00172487.,0,0,0
WBGene00172488.,0,0,0
WBGene00172489.,0,0,0
WBGene00172490.,0,0,0
WBGene00172491.,0,0,0
WBGene00172492.,0,0,0
WBGene00172493.,0,0,0
WBGene00172494.,0,0,0
WBGene00172495.,0,0,0
WBGene00172496.,0,1,1
WBGene00172497.,0,0,0
WBGene00172498.,0,0,0
WBGene00172499.,0,0,0
WBGene00172500.,0,0,0
WBGene00172501.,0,1,1
WBGene00172502.,0,1,1
WBGene00172503.,0,0,0
WBGene00172504.,0,0,0
WBGene00172505.,0,0,0
WBGene00172506.,0,0,0
WBGene00172507.,0,0,0
WBGene00172508.,0,0,0
WBGene00172509.,0,0,0
WBGene00172510.,0,0,0
WBGene00172511.,0,0,0
WBGene00172512.,0,0,0
WBGene00172513.,0,0,0
WBGene00172514.,0,1,1
WBGene00172515.,0,1,1
WBGene00172516.,0,2,2
WBGene00172517.,0,0,0
WBGene00172518.,0,0,0
WBGene00172519.,0,0,0
WBGene00172520.,0,0,0
WBGene00172521.,0,0,0
WBGene00172522.,0,0,0
WBGene00172523.,0,0,0
WBGene00172524.,0,0,0
WBGene00172525.,0,0,0
WBGene00172526.,0,3,3
WBGene00172527.,0,0,0
WBGene00172528.,0,0,0
WBGene00172529.,0,0,0
WBGene00172530.,0,0,0
WBGene00172531.,0,1,1
WBGene00172532.,0,3,3
WBGene00172533.,0,0,0
WBGene00172534.,0,1,1
WBGene00172535.,0,0,0
WBGene00172536.,0,1,1
WBGene00172537.,0,0,0
WBGene00172538.,0,0,0
WBGene00172539.,0,0,0
WBGene00172540.,0,0,0
WBGene00172541.,0,0,0
WBGene00172542.,0,0,0
WBGene00172543.,0,2,2
WBGene00172544.,0,0,0
WBGene00172545.,0,2,2
WBGene00172546.,0,0,0
WBGene00172547.,0,0,0
WBGene00172548.,0,0,0
WBGene00172549.,0,0,0
WBGene00172550.,0,0,0
WBGene00172551.,0,0,0
WBGene00172552.,0,0,0
WBGene00172553.,0,2,2
WBGene00172554.,0,0,0
WBGene00172555.,0,0,0
WBGene00172556.,0,0,0
WBGene00172557.,0,0,0
WBGene00172558.,0,0,0
WBGene00172559.,0,0,0
WBGene00172560.,0,0,0
WBGene00172561.,0,0,0
WBGene00172562.,0,2,2
WBGene00172563.,0,0,0
WBGene00172564.,0,0,0
WBGene00172565.,0,0,0
WBGene00172566.,0,0,0
WBGene00172567.,0,0,0
WBGene00172568.,0,0,0
WBGene00172569.,0,2,2
WBGene00172570.,0,0,0
WBGene00172571.,0,6,6
WBGene00172572.,0,1,1
WBGene00172573.,0,0,0
WBGene00172574.,0,0,0
WBGene00172575.,0,0,0
WBGene00172576.,0,0,0
WBGene00172577.,0,1,1
WBGene00172578.,0,0,0
WBGene00172579.,0,0,0
WBGene00172580.,0,0,0
WBGene00172581.,0,0,0
WBGene00172582.,0,0,0
WBGene00172583.,0,0,0
WBGene00172584.,0,0,0
WBGene00172585.,0,0,0
WBGene00172586.,0,0,0
WBGene00172587.,0,0,0
WBGene00172588.,0,0,0
WBGene00172589.,0,0,0
WBGene00172590.,0,0,0
WBGene00172591.,0,0,0
WBGene00172592.,0,0,0
WBGene00172593.,0,0,0
WBGene00172594.,0,4,4
WBGene00172595.,0,3,3
WBGene00172596.,0,0,0
WBGene00172597.,0,0,0
WBGene00172598.,0,0,0
WBGene00172599.,0,0,0
WBGene00172600.,0,0,0
WBGene00172601.,0,0,0
WBGene00172602.,0,0,0
WBGene00172603.,0,0,0
WBGene00172604.,0,1,1
WBGene00172605.,0,0,0
WBGene00172606.,0,0,0
WBGene00172607.,0,3,3
WBGene00172608.,0,0,0
WBGene00172609.,0,0,0
WBGene00172610.,0,2,2
WBGene00172611.,0,0,0
WBGene00172612.,0,0,0
WBGene00172613.,0,1,1
WBGene00172614.,0,0,0
WBGene00172615.,0,0,0
WBGene00172616.,0,0,0
WBGene00172617.,0,0,0
WBGene00172618.,0,0,0
WBGene00172619.,0,7,7
WBGene00172620.,0,1,1
WBGene00172621.,0,1,1
WBGene00172622.,0,0,0
WBGene00172623.,0,0,0
WBGene00172624.,0,0,0
WBGene00172625.,0,0,0
WBGene00172626.,0,0,0
WBGene00172627.,0,0,0
WBGene00172628.,0,0,0
WBGene00172629.,0,0,0
WBGene00172630.,0,1,1
WBGene00172631.,0,0,0
WBGene00172632.,0,3,3
WBGene00172633.,0,0,0
WBGene00172634.,0,0,0
WBGene00172635.,0,0,0
WBGene00172636.,0,0,0
WBGene00172637.,0,0,0
WBGene00172638.,0,0,0
WBGene00172639.,0,0,0
WBGene00172640.,0,0,0
WBGene00172641.,0,0,0
WBGene00172642.,0,0,0
WBGene00172643.,0,0,0
WBGene00172644.,0,0,0
WBGene00172645.,0,0,0
WBGene00172646.,0,0,0
WBGene00172647.,0,0,0
WBGene00172648.,0,1,1
WBGene00172649.,0,0,0
WBGene00172650.,0,0,0
WBGene00172651.,0,0,0
WBGene00172652.,0,0,0
WBGene00172653.,0,0,0
WBGene00172654.,0,0,0
WBGene00172655.,0,0,0
WBGene00172656.,0,0,0
WBGene00172657.,0,0,0
WBGene00172658.,0,0,0
WBGene00172659.,0,0,0
WBGene00172660.,0,0,0
WBGene00172661.,0,0,0
WBGene00172662.,0,0,0
WBGene00172663.,0,1,1
WBGene00172664.,0,0,0
WBGene00172665.,0,0,0
WBGene00172666.,0,0,0
WBGene00172667.,0,0,0
WBGene00172668.,0,0,0
WBGene00172669.,0,0,0
WBGene00172670.,0,0,0
WBGene00172671.,0,0,0
WBGene00172672.,0,0,0
WBGene00172673.,0,0,0
WBGene00172674.,0,1,1
WBGene00172675.,0,4,4
WBGene00172676.,0,0,0
WBGene00172677.,0,3,3
WBGene00172678.,0,0,0
WBGene00172679.,0,0,0
WBGene00172680.,0,0,0
WBGene00172681.,0,0,0
WBGene00172682.,0,0,0
WBGene00172683.,0,0,0
WBGene00172684.,0,0,0
WBGene00172685.,0,1,1
WBGene00172686.,0,0,0
WBGene00172687.,0,0,0
WBGene00172688.,0,0,0
WBGene00172689.,0,0,0
WBGene00172690.,0,0,0
WBGene00172691.,0,0,0
WBGene00172692.,0,6,6
WBGene00172693.,0,0,0
WBGene00172694.,0,1,1
WBGene00172695.,0,0,0
WBGene00172696.,0,0,0
WBGene00172697.,0,0,0
WBGene00172698.,0,0,0
WBGene00172699.,0,0,0
WBGene00172700.,0,0,0
WBGene00172701.,0,0,0
WBGene00172702.,0,0,0
WBGene00172703.,0,0,0
WBGene00172704.,0,0,0
WBGene00172705.,0,0,0
WBGene00172706.,0,0,0
WBGene00172707.,0,0,0
WBGene00172708.,0,0,0
WBGene00172709.,0,1,1
WBGene00172710.,0,0,0
WBGene00172711.,0,0,0
WBGene00172712.,0,0,0
WBGene00172713.,0,0,0
WBGene00172714.,0,0,0
WBGene00172715.,0,0,0
WBGene00172716.,0,0,0
WBGene00172717.,0,0,0
WBGene00172718.,0,0,0
WBGene00172719.,0,0,0
WBGene00172720.,0,0,0
WBGene00172721.,0,0,0
WBGene00172722.,0,0,0
WBGene00172723.,0,0,0
WBGene00172724.,0,1,1
WBGene00172725.,0,0,0
WBGene00172726.,0,0,0
WBGene00172727.,0,0,0
WBGene00172728.,0,1,1
WBGene00172729.,0,0,0
WBGene00172730.,0,0,0
WBGene00172731.,0,0,0
WBGene00172732.,0,0,0
WBGene00172733.,0,0,0
WBGene00172734.,0,0,0
WBGene00172735.,0,0,0
WBGene00172736.,0,0,0
WBGene00172737.,0,0,0
WBGene00172738.,0,0,0
WBGene00172739.,0,0,0
WBGene00172740.,0,0,0
WBGene00172741.,0,0,0
WBGene00172742.,0,5,5
WBGene00172743.,0,3,3
WBGene00172744.,0,0,0
WBGene00172745.,0,1,1
WBGene00172746.,0,0,0
WBGene00172747.,0,0,0
WBGene00172748.,0,1,1
WBGene00172749.,0,0,0
WBGene00172750.,0,0,0
WBGene00172751.,0,0,0
WBGene00172752.,0,0,0
WBGene00172753.,0,0,0
WBGene00172754.,0,0,0
WBGene00172755.,0,1,1
WBGene00172756.,0,0,0
WBGene00172757.,0,0,0
WBGene00172758.,0,4,4
WBGene00172759.,0,0,0
WBGene00172760.,0,1,1
WBGene00172761.,0,0,0
WBGene00172762.,0,0,0
WBGene00172763.,0,0,0
WBGene00172764.,0,0,0
WBGene00172765.,0,1,1
WBGene00172766.,0,0,0
WBGene00172767.,0,0,0
WBGene00172768.,0,0,0
WBGene00172769.,0,0,0
WBGene00172770.,0,0,0
WBGene00172771.,0,0,0
WBGene00172772.,0,0,0
WBGene00172773.,0,1,1
WBGene00172774.,0,0,0
WBGene00172775.,0,0,0
WBGene00172776.,0,0,0
WBGene00172777.,0,0,0
WBGene00172778.,0,0,0
WBGene00172779.,0,1,1
WBGene00172780.,0,0,0
WBGene00172781.,0,0,0
WBGene00172782.,0,0,0
WBGene00172783.,0,0,0
WBGene00172784.,0,1,1
WBGene00172785.,0,0,0
WBGene00172786.,0,0,0
WBGene00172787.,0,1,1
WBGene00172788.,0,0,0
WBGene00172789.,0,0,0
WBGene00172790.,0,1,1
WBGene00172791.,0,0,0
WBGene00172792.,0,0,0
WBGene00172793.,0,0,0
WBGene00172794.,0,0,0
WBGene00172795.,0,0,0
WBGene00172796.,0,0,0
WBGene00172797.,0,0,0
WBGene00172798.,0,0,0
WBGene00172799.,0,0,0
WBGene00172800.,0,0,0
WBGene00172801.,0,0,0
WBGene00172802.,0,2,2
WBGene00172803.,0,0,0
WBGene00172804.,0,0,0
WBGene00172805.,0,0,0
WBGene00172806.,0,0,0
WBGene00172807.,0,0,0
WBGene00172808.,0,0,0
WBGene00172809.,0,0,0
WBGene00172810.,0,0,0
WBGene00172811.,0,0,0
WBGene00172812.,0,11,11
WBGene00172813.,0,0,0
WBGene00172814.,0,0,0
WBGene00172815.,0,0,0
WBGene00172816.,0,0,0
WBGene00172817.,0,0,0
WBGene00172818.,0,0,0
WBGene00172819.,0,0,0
WBGene00172820.,0,0,0
WBGene00172821.,0,0,0
WBGene00172822.,0,0,0
WBGene00172823.,0,0,0
WBGene00172824.,0,0,0
WBGene00172825.,0,0,0
WBGene00172826.,0,0,0
WBGene00172827.,0,3,3
WBGene00172828.,0,0,0
WBGene00172829.,0,0,0
WBGene00172830.,0,0,0
WBGene00172831.,0,0,0
WBGene00172832.,0,0,0
WBGene00172833.,0,0,0
WBGene00172834.,0,0,0
WBGene00172835.,0,0,0
WBGene00172836.,0,0,0
WBGene00172837.,0,0,0
WBGene00172838.,0,0,0
WBGene00172839.,0,2,2
WBGene00172840.,0,1,1
WBGene00172841.,0,0,0
WBGene00172842.,0,0,0
WBGene00172843.,0,0,0
WBGene00172844.,0,0,0
WBGene00172845.,0,0,0
WBGene00172846.,0,0,0
WBGene00172847.,0,0,0
WBGene00172848.,0,0,0
WBGene00172849.,0,0,0
WBGene00172850.,0,0,0
WBGene00172851.,0,0,0
WBGene00172852.,0,1,1
WBGene00172853.,0,0,0
WBGene00172854.,0,0,0
WBGene00172855.,0,0,0
WBGene00172856.,0,1,1
WBGene00172857.,0,0,0
WBGene00172858.,0,2,2
WBGene00172859.,0,0,0
WBGene00172860.,0,0,0
WBGene00172861.,0,15,15
WBGene00172862.,0,9,9
WBGene00172863.,0,0,0
WBGene00172864.,0,0,0
WBGene00172865.,0,0,0
WBGene00172866.,0,1,1
WBGene00172867.,0,2,2
WBGene00172868.,0,0,0
WBGene00172869.,0,2,2
WBGene00172870.,0,0,0
WBGene00172871.,0,0,0
WBGene00172872.,0,0,0
WBGene00172873.,0,0,0
WBGene00172874.,0,0,0
WBGene00172875.,0,0,0
WBGene00172876.,0,0,0
WBGene00172877.,0,0,0
WBGene00172878.,0,0,0
WBGene00172879.,0,0,0
WBGene00172880.,0,0,0
WBGene00172881.,0,1,1
WBGene00172882.,0,0,0
WBGene00172883.,0,0,0
WBGene00172884.,0,0,0
WBGene00172885.,0,6,6
WBGene00172886.,0,1,1
WBGene00172887.,0,0,0
WBGene00172888.,0,0,0
WBGene00172889.,0,0,0
WBGene00172890.,0,0,0
WBGene00172891.,0,2,2
WBGene00172892.,0,0,0
WBGene00172893.,0,0,0
WBGene00172894.,0,0,0
WBGene00172895.,0,0,0
WBGene00172896.,0,0,0
WBGene00172897.,0,0,0
WBGene00172898.,0,0,0
WBGene00172899.,0,0,0
WBGene00172900.,0,0,0
WBGene00172901.,0,0,0
WBGene00172902.,0,0,0
WBGene00172903.,0,0,0
WBGene00172904.,0,3,3
WBGene00172905.,0,0,0
WBGene00172906.,0,0,0
WBGene00172907.,0,0,0
WBGene00172908.,0,0,0
WBGene00172909.,0,0,0
WBGene00172910.,0,0,0
WBGene00172911.,0,0,0
WBGene00172912.,0,0,0
WBGene00172913.,0,0,0
WBGene00172914.,0,0,0
WBGene00172915.,0,0,0
WBGene00172916.,0,0,0
WBGene00172917.,0,0,0
WBGene00172918.,0,1,1
WBGene00172919.,0,0,0
WBGene00172920.,0,0,0
WBGene00172921.,0,0,0
WBGene00172922.,0,3,3
WBGene00172923.,0,0,0
WBGene00172924.,0,0,0
WBGene00172925.,0,6,6
WBGene00172926.,0,0,0
WBGene00172927.,0,1,1
WBGene00172928.,0,0,0
WBGene00172929.,0,0,0
WBGene00172930.,0,0,0
WBGene00172931.,0,0,0
WBGene00172932.,0,0,0
WBGene00172933.,0,3,3
WBGene00172934.,0,0,0
WBGene00172935.,0,0,0
WBGene00172936.,0,0,0
WBGene00172937.,0,0,0
WBGene00172938.,0,0,0
WBGene00172939.,0,0,0
WBGene00172940.,0,0,0
WBGene00172941.,0,0,0
WBGene00172942.,0,0,0
WBGene00172943.,0,1,1
WBGene00172944.,0,0,0
WBGene00172945.,0,0,0
WBGene00172946.,0,0,0
WBGene00172947.,0,0,0
WBGene00172948.,0,0,0
WBGene00172949.,0,0,0
WBGene00172950.,0,0,0
WBGene00172951.,0,2,2
WBGene00172952.,0,0,0
WBGene00172953.,0,0,0
WBGene00172954.,0,0,0
WBGene00172955.,0,0,0
WBGene00172956.,0,0,0
WBGene00172957.,0,0,0
WBGene00172958.,0,0,0
WBGene00172959.,0,0,0
WBGene00172960.,0,0,0
WBGene00172961.,0,0,0
WBGene00172962.,0,0,0
WBGene00172963.,0,0,0
WBGene00172964.,0,0,0
WBGene00172965.,0,0,0
WBGene00172966.,0,0,0
WBGene00172967.,0,0,0
WBGene00172968.,0,0,0
WBGene00172969.,0,0,0
WBGene00172970.,0,0,0
WBGene00172971.,0,0,0
WBGene00172972.,0,0,0
WBGene00172973.,0,0,0
WBGene00172974.,0,3,3
WBGene00172975.,0,1,1
WBGene00172976.,0,0,0
WBGene00172977.,0,0,0
WBGene00172978.,0,0,0
WBGene00172979.,0,0,0
WBGene00172980.,0,0,0
WBGene00172981.,0,0,0
WBGene00172982.,0,0,0
WBGene00172983.,0,1,1
WBGene00172984.,0,0,0
WBGene00172985.,0,1,1
WBGene00172986.,0,0,0
WBGene00172987.,0,0,0
WBGene00172988.,0,0,0
WBGene00172989.,0,0,0
WBGene00172990.,0,0,0
WBGene00172991.,0,0,0
WBGene00172992.,0,0,0
WBGene00172993.,0,0,0
WBGene00172994.,0,0,0
WBGene00172995.,0,0,0
WBGene00172996.,0,0,0
WBGene00172997.,0,0,0
WBGene00172998.,0,0,0
WBGene00172999.,0,0,0
WBGene00173000.,0,1,1
WBGene00173001.,0,0,0
WBGene00173002.,0,0,0
WBGene00173003.,0,0,0
WBGene00173004.,0,0,0
WBGene00173005.,0,0,0
WBGene00173006.,0,0,0
WBGene00173007.,0,0,0
WBGene00173008.,0,0,0
WBGene00173009.,0,0,0
WBGene00173010.,0,0,0
WBGene00173011.,0,0,0
WBGene00173012.,0,0,0
WBGene00173013.,0,0,0
WBGene00173014.,0,0,0
WBGene00173015.,0,0,0
WBGene00173016.,0,0,0
WBGene00173017.,0,0,0
WBGene00173018.,0,6,6
WBGene00173019.,0,0,0
WBGene00173020.,0,0,0
WBGene00173021.,0,0,0
WBGene00173022.,0,0,0
WBGene00173023.,0,0,0
WBGene00173024.,0,0,0
WBGene00173025.,0,0,0
WBGene00173026.,0,0,0
WBGene00173027.,0,0,0
WBGene00173028.,0,0,0
WBGene00173029.,0,0,0
WBGene00173030.,0,1,1
WBGene00173031.,0,0,0
WBGene00173032.,0,2,2
WBGene00173033.,0,0,0
WBGene00173034.,0,0,0
WBGene00173035.,0,0,0
WBGene00173036.,0,0,0
WBGene00173037.,0,0,0
WBGene00173038.,0,0,0
WBGene00173039.,0,1,1
WBGene00173040.,0,0,0
WBGene00173041.,0,4,4
WBGene00173042.,0,0,0
WBGene00173043.,0,0,0
WBGene00173044.,0,0,0
WBGene00173045.,0,0,0
WBGene00173046.,0,2,2
WBGene00173047.,0,3,3
WBGene00173048.,0,0,0
WBGene00173049.,0,1,1
WBGene00173050.,0,0,0
WBGene00173051.,0,2,2
WBGene00173052.,0,0,0
WBGene00173053.,0,7,7
WBGene00173054.,0,0,0
WBGene00173055.,0,0,0
WBGene00173056.,0,0,0
WBGene00173057.,0,0,0
WBGene00173058.,0,0,0
WBGene00173059.,0,1,1
WBGene00173060.,0,0,0
WBGene00173061.,0,5,5
WBGene00173062.,0,0,0
WBGene00173063.,0,0,0
WBGene00173064.,0,0,0
WBGene00173065.,0,0,0
WBGene00173066.,0,0,0
WBGene00173067.,0,7,7
WBGene00173068.,0,0,0
WBGene00173069.,0,0,0
WBGene00173070.,0,0,0
WBGene00173071.,0,1,1
WBGene00173072.,0,0,0
WBGene00173073.,0,0,0
WBGene00173074.,0,0,0
WBGene00173075.,0,0,0
WBGene00173076.,0,0,0
WBGene00173077.,0,0,0
WBGene00173078.,0,0,0
WBGene00173079.,0,0,0
WBGene00173080.,0,0,0
WBGene00173081.,0,0,0
WBGene00173082.,0,0,0
WBGene00173083.,0,0,0
WBGene00173084.,0,0,0
WBGene00173085.,0,0,0
WBGene00173086.,0,0,0
WBGene00173087.,0,1,1
WBGene00173088.,0,0,0
WBGene00173089.,0,0,0
WBGene00173090.,0,2,2
WBGene00173091.,0,0,0
WBGene00173092.,0,0,0
WBGene00173093.,0,0,0
WBGene00173094.,0,0,0
WBGene00173095.,0,0,0
WBGene00173096.,0,2,2
WBGene00173097.,0,0,0
WBGene00173098.,0,0,0
WBGene00173099.,0,0,0
WBGene00173100.,0,0,0
WBGene00173101.,0,0,0
WBGene00173102.,0,0,0
WBGene00173103.,0,0,0
WBGene00173104.,0,0,0
WBGene00173105.,0,0,0
WBGene00173106.,0,3,3
WBGene00173107.,0,0,0
WBGene00173108.,0,2,2
WBGene00173109.,0,0,0
WBGene00173110.,0,0,0
WBGene00173111.,0,0,0
WBGene00173112.,0,0,0
WBGene00173113.,0,0,0
WBGene00173114.,0,0,0
WBGene00173115.,0,0,0
WBGene00173116.,0,1,1
WBGene00173117.,0,0,0
WBGene00173118.,0,0,0
WBGene00173119.,0,1,1
WBGene00173120.,0,0,0
WBGene00173121.,0,0,0
WBGene00173122.,0,0,0
WBGene00173123.,0,0,0
WBGene00173124.,0,0,0
WBGene00173125.,0,0,0
WBGene00173126.,0,0,0
WBGene00173127.,0,0,0
WBGene00173128.,0,0,0
WBGene00173129.,0,0,0
WBGene00173130.,0,1,1
WBGene00173131.,0,0,0
WBGene00173132.,0,0,0
WBGene00173133.,0,0,0
WBGene00173134.,0,0,0
WBGene00173135.,0,0,0
WBGene00173136.,0,0,0
WBGene00173137.,0,0,0
WBGene00173138.,0,0,0
WBGene00173139.,0,0,0
WBGene00173140.,0,0,0
WBGene00173141.,0,0,0
WBGene00173142.,0,0,0
WBGene00173143.,0,0,0
WBGene00173144.,0,0,0
WBGene00173145.,0,0,0
WBGene00173146.,0,0,0
WBGene00173147.,0,5,5
WBGene00173148.,0,0,0
WBGene00173149.,0,0,0
WBGene00173150.,0,1,1
WBGene00173151.,0,0,0
WBGene00173152.,0,1,1
WBGene00173153.,0,0,0
WBGene00173154.,0,0,0
WBGene00173155.,0,0,0
WBGene00173156.,0,0,0
WBGene00173157.,0,0,0
WBGene00173158.,0,0,0
WBGene00173159.,0,0,0
WBGene00173160.,0,0,0
WBGene00173161.,0,0,0
WBGene00173162.,0,0,0
WBGene00173163.,0,0,0
WBGene00173164.,0,0,0
WBGene00173165.,0,0,0
WBGene00173166.,0,0,0
WBGene00173167.,0,0,0
WBGene00173168.,0,0,0
WBGene00173169.,0,2,2
WBGene00173170.,0,0,0
WBGene00173171.,0,0,0
WBGene00173172.,0,0,0
WBGene00173173.,0,0,0
WBGene00173174.,0,1,1
WBGene00173175.,0,0,0
WBGene00173176.,0,0,0
WBGene00173177.,0,0,0
WBGene00173178.,0,0,0
WBGene00173179.,0,3,3
WBGene00173180.,0,0,0
WBGene00173181.,0,0,0
WBGene00173182.,0,0,0
WBGene00173183.,0,0,0
WBGene00173184.,0,0,0
WBGene00173185.,0,0,0
WBGene00173186.,0,0,0
WBGene00173187.,0,0,0
WBGene00173188.,0,12,12
WBGene00173189.,0,2,2
WBGene00173190.,0,0,0
WBGene00173191.,0,0,0
WBGene00173192.,0,0,0
WBGene00173193.,0,0,0
WBGene00173194.,0,0,0
WBGene00173195.,0,0,0
WBGene00173196.,0,0,0
WBGene00173197.,0,0,0
WBGene00173198.,0,0,0
WBGene00173199.,0,0,0
WBGene00173200.,0,0,0
WBGene00173201.,0,0,0
WBGene00173202.,0,1,1
WBGene00173203.,0,0,0
WBGene00173204.,0,0,0
WBGene00173205.,0,1,1
WBGene00173206.,0,0,0
WBGene00173207.,0,0,0
WBGene00173208.,0,0,0
WBGene00173209.,0,1,1
WBGene00173210.,0,0,0
WBGene00173211.,0,0,0
WBGene00173212.,0,0,0
WBGene00173213.,0,0,0
WBGene00173214.,0,0,0
WBGene00173215.,0,1,1
WBGene00173216.,0,3,3
WBGene00173217.,0,0,0
WBGene00173218.,0,0,0
WBGene00173219.,0,0,0
WBGene00173220.,0,0,0
WBGene00173221.,0,0,0
WBGene00173222.,0,1,1
WBGene00173223.,0,5,5
WBGene00173224.,0,0,0
WBGene00173225.,0,0,0
WBGene00173226.,0,1,1
WBGene00173227.,0,0,0
WBGene00173228.,0,0,0
WBGene00173229.,0,0,0
WBGene00173230.,0,1,1
WBGene00173231.,0,0,0
WBGene00173232.,0,0,0
WBGene00173233.,0,0,0
WBGene00173234.,0,0,0
WBGene00173235.,0,0,0
WBGene00173236.,0,1,1
WBGene00173237.,0,0,0
WBGene00173238.,0,10,10
WBGene00173239.,0,0,0
WBGene00173240.,0,0,0
WBGene00173241.,0,0,0
WBGene00173242.,0,0,0
WBGene00173243.,0,4,4
WBGene00173244.,0,1,1
WBGene00173245.,0,0,0
WBGene00173246.,0,0,0
WBGene00173247.,0,0,0
WBGene00173248.,0,1,1
WBGene00173249.,0,0,0
WBGene00173250.,0,0,0
WBGene00173251.,0,0,0
WBGene00173252.,0,1,1
WBGene00173253.,0,0,0
WBGene00173254.,0,0,0
WBGene00173255.,0,0,0
WBGene00173256.,0,0,0
WBGene00173257.,0,0,0
WBGene00173258.,0,0,0
WBGene00173259.,0,0,0
WBGene00173260.,0,0,0
WBGene00173261.,0,0,0
WBGene00173262.,0,0,0
WBGene00173263.,0,0,0
WBGene00173264.,0,0,0
WBGene00173265.,0,14,14
WBGene00173266.,0,0,0
WBGene00173267.,0,0,0
WBGene00173268.,0,0,0
WBGene00173269.,0,1,1
WBGene00173270.,0,0,0
WBGene00173271.,0,1,1
WBGene00173272.,0,0,0
WBGene00173273.,0,0,0
WBGene00173274.,0,0,0
WBGene00173275.,0,0,0
WBGene00173276.,0,0,0
WBGene00173277.,0,0,0
WBGene00173278.,0,0,0
WBGene00173279.,0,1,1
WBGene00173280.,0,0,0
WBGene00173281.,0,0,0
WBGene00173282.,0,0,0
WBGene00173283.,0,1,1
WBGene00173284.,0,1,1
WBGene00173285.,0,1,1
WBGene00173286.,0,0,0
WBGene00173287.,0,0,0
WBGene00173288.,0,0,0
WBGene00173289.,0,0,0
WBGene00173290.,0,0,0
WBGene00173291.,0,1,1
WBGene00173292.,0,0,0
WBGene00173293.,0,0,0
WBGene00173294.,0,0,0
WBGene00173295.,0,0,0
WBGene00173296.,0,0,0
WBGene00173297.,0,0,0
WBGene00173298.,0,1,1
WBGene00173299.,0,0,0
WBGene00173300.,0,0,0
WBGene00173301.,0,0,0
WBGene00173302.,0,0,0
WBGene00173303.,0,8,8
WBGene00173304.,0,0,0
WBGene00173305.,0,0,0
WBGene00173306.,0,0,0
WBGene00173307.,0,0,0
WBGene00173308.,0,0,0
WBGene00173309.,0,0,0
WBGene00173310.,0,0,0
WBGene00173311.,0,0,0
WBGene00173312.,0,1,1
WBGene00173313.,0,0,0
WBGene00173314.,0,0,0
WBGene00173315.,0,0,0
WBGene00173316.,0,0,0
WBGene00173317.,0,1,1
WBGene00173318.,0,0,0
WBGene00173319.,0,0,0
WBGene00173320.,0,0,0
WBGene00173321.,0,0,0
WBGene00173322.,0,1,1
WBGene00173323.,0,7,7
WBGene00173324.,0,1,1
WBGene00173325.,0,0,0
WBGene00173326.,0,1,1
WBGene00173327.,0,0,0
WBGene00173328.,0,0,0
WBGene00173329.,0,0,0
WBGene00173330.,0,0,0
WBGene00173331.,0,0,0
WBGene00173332.,0,1,1
WBGene00173333.,0,0,0
WBGene00173334.,0,0,0
WBGene00173335.,0,0,0
WBGene00173336.,0,0,0
WBGene00173337.,0,1,1
WBGene00173338.,0,3,3
WBGene00173339.,0,0,0
WBGene00173340.,0,0,0
WBGene00173341.,0,0,0
WBGene00173342.,0,0,0
WBGene00173343.,0,0,0
WBGene00173344.,0,0,0
WBGene00173345.,0,0,0
WBGene00173346.,0,0,0
WBGene00173347.,0,0,0
WBGene00173348.,0,0,0
WBGene00173349.,0,0,0
WBGene00173350.,0,0,0
WBGene00173351.,0,0,0
WBGene00173352.,0,0,0
WBGene00173353.,0,1,1
WBGene00173354.,0,1,1
WBGene00173355.,0,3,3
WBGene00173356.,0,0,0
WBGene00173357.,0,0,0
WBGene00173358.,0,0,0
WBGene00173359.,0,0,0
WBGene00173360.,0,8,8
WBGene00173361.,0,0,0
WBGene00173362.,0,0,0
WBGene00173363.,0,0,0
WBGene00173364.,0,0,0
WBGene00173365.,0,0,0
WBGene00173366.,0,1,1
WBGene00173367.,0,0,0
WBGene00173368.,0,4,4
WBGene00173369.,0,0,0
WBGene00173370.,0,0,0
WBGene00173371.,0,0,0
WBGene00173372.,0,0,0
WBGene00173373.,0,0,0
WBGene00173374.,0,0,0
WBGene00173375.,0,0,0
WBGene00173376.,0,0,0
WBGene00173377.,0,0,0
WBGene00173378.,0,0,0
WBGene00173379.,0,0,0
WBGene00173380.,0,0,0
WBGene00173381.,0,1,1
WBGene00173382.,0,0,0
WBGene00173383.,0,0,0
WBGene00173384.,0,0,0
WBGene00173385.,0,0,0
WBGene00173386.,0,0,0
WBGene00173387.,0,1,1
WBGene00173388.,0,0,0
WBGene00173389.,0,0,0
WBGene00173390.,0,3,3
WBGene00173391.,0,0,0
WBGene00173392.,0,1,1
WBGene00173393.,0,0,0
WBGene00173394.,0,0,0
WBGene00173395.,0,1,1
WBGene00173396.,0,2,2
WBGene00173397.,0,0,0
WBGene00173398.,0,1,1
WBGene00173399.,0,0,0
WBGene00173400.,0,0,0
WBGene00173401.,0,0,0
WBGene00173402.,0,0,0
WBGene00173403.,0,0,0
WBGene00173404.,0,0,0
WBGene00173405.,0,0,0
WBGene00173406.,0,0,0
WBGene00173407.,0,0,0
WBGene00173408.,0,0,0
WBGene00173409.,0,0,0
WBGene00173410.,0,0,0
WBGene00173411.,0,0,0
WBGene00173412.,0,0,0
WBGene00173413.,0,1,1
WBGene00173414.,0,0,0
WBGene00173415.,0,0,0
WBGene00173416.,0,0,0
WBGene00173417.,0,0,0
WBGene00173418.,0,0,0
WBGene00173419.,0,0,0
WBGene00173420.,0,4,4
WBGene00173421.,0,0,0
WBGene00173422.,0,0,0
WBGene00173423.,0,0,0
WBGene00173424.,0,0,0
WBGene00173425.,0,0,0
WBGene00173426.,0,0,0
WBGene00173427.,0,1,1
WBGene00173428.,0,0,0
WBGene00173429.,0,0,0
WBGene00173430.,0,0,0
WBGene00173431.,0,0,0
WBGene00173432.,0,0,0
WBGene00173433.,0,0,0
WBGene00173434.,0,1,1
WBGene00173435.,0,0,0
WBGene00173436.,0,0,0
WBGene00173437.,0,2,2
WBGene00173438.,0,0,0
WBGene00173439.,0,0,0
WBGene00173440.,0,1,1
WBGene00173441.,0,0,0
WBGene00173442.,0,0,0
WBGene00173443.,0,0,0
WBGene00173444.,0,11,11
WBGene00173445.,0,0,0
WBGene00173446.,0,0,0
WBGene00173447.,0,0,0
WBGene00173448.,0,0,0
WBGene00173449.,0,0,0
WBGene00173450.,0,1,1
WBGene00173451.,0,0,0
WBGene00173452.,0,0,0
WBGene00173453.,0,0,0
WBGene00173454.,0,1,1
WBGene00173455.,0,0,0
WBGene00173456.,0,0,0
WBGene00173457.,0,0,0
WBGene00173458.,0,0,0
WBGene00173459.,0,0,0
WBGene00173460.,0,2,2
WBGene00173461.,0,0,0
WBGene00173462.,0,0,0
WBGene00173463.,0,4,4
WBGene00173464.,0,0,0
WBGene00173465.,0,2,2
WBGene00173466.,0,0,0
WBGene00173467.,0,0,0
WBGene00173468.,0,2,2
WBGene00173469.,0,0,0
WBGene00173470.,0,0,0
WBGene00173471.,0,0,0
WBGene00173472.,0,0,0
WBGene00173473.,0,0,0
WBGene00173474.,0,0,0
WBGene00173475.,0,0,0
WBGene00173476.,0,0,0
WBGene00173477.,0,0,0
WBGene00173478.,0,0,0
WBGene00173480.,0,0,0
WBGene00173481.,0,0,0
WBGene00173482.,0,0,0
WBGene00173483.,0,0,0
WBGene00173484.,0,0,0
WBGene00173485.,0,0,0
WBGene00173486.,0,0,0
WBGene00173487.,0,0,0
WBGene00173488.,0,1,1
WBGene00173489.,0,0,0
WBGene00173490.,0,3,3
WBGene00173491.,0,1,1
WBGene00173492.,0,0,0
WBGene00173493.,0,0,0
WBGene00173494.,0,0,0
WBGene00173495.,0,0,0
WBGene00173496.,0,2,2
WBGene00173497.,0,0,0
WBGene00173498.,0,0,0
WBGene00173499.,0,0,0
WBGene00173500.,0,0,0
WBGene00173501.,0,5,5
WBGene00173502.,0,0,0
WBGene00173503.,0,0,0
WBGene00173504.,0,0,0
WBGene00173505.,0,0,0
WBGene00173506.,0,0,0
WBGene00173507.,0,0,0
WBGene00173508.,0,0,0
WBGene00173509.,0,0,0
WBGene00173510.,0,0,0
WBGene00173511.,0,0,0
WBGene00173512.,0,0,0
WBGene00173513.,0,0,0
WBGene00173514.,0,0,0
WBGene00173515.,0,0,0
WBGene00173516.,0,2,2
WBGene00173517.,0,0,0
WBGene00173518.,0,1,1
WBGene00173519.,0,0,0
WBGene00173520.,0,0,0
WBGene00173521.,0,1,1
WBGene00173522.,0,0,0
WBGene00173523.,0,0,0
WBGene00173524.,0,2,2
WBGene00173525.,0,1,1
WBGene00173526.,0,1,1
WBGene00173527.,0,0,0
WBGene00173528.,0,0,0
WBGene00173529.,0,0,0
WBGene00173530.,0,0,0
WBGene00173531.,0,0,0
WBGene00173532.,0,0,0
WBGene00173533.,0,0,0
WBGene00173534.,0,0,0
WBGene00173535.,0,0,0
WBGene00173536.,0,0,0
WBGene00173537.,0,0,0
WBGene00173538.,0,2,2
WBGene00173539.,0,0,0
WBGene00173540.,0,0,0
WBGene00173541.,0,0,0
WBGene00173542.,0,0,0
WBGene00173543.,0,0,0
WBGene00173544.,0,0,0
WBGene00173545.,0,0,0
WBGene00173546.,0,0,0
WBGene00173547.,0,0,0
WBGene00173548.,0,0,0
WBGene00173550.,0,0,0
WBGene00173551.,0,0,0
WBGene00173552.,0,0,0
WBGene00173553.,0,0,0
WBGene00173554.,0,0,0
WBGene00173555.,0,0,0
WBGene00173556.,0,0,0
WBGene00173557.,0,0,0
WBGene00173558.,0,0,0
WBGene00173559.,0,0,0
WBGene00173560.,0,0,0
WBGene00173561.,0,0,0
WBGene00173562.,0,1,1
WBGene00173563.,0,0,0
WBGene00173564.,0,0,0
WBGene00173565.,0,0,0
WBGene00173566.,0,0,0
WBGene00173567.,0,0,0
WBGene00173568.,0,0,0
WBGene00173569.,0,0,0
WBGene00173570.,0,0,0
WBGene00173571.,0,0,0
WBGene00173572.,0,0,0
WBGene00173573.,0,0,0
WBGene00173574.,0,0,0
WBGene00173575.,0,0,0
WBGene00173576.,0,0,0
WBGene00173577.,0,2,2
WBGene00173578.,0,0,0
WBGene00173579.,0,0,0
WBGene00173580.,0,0,0
WBGene00173581.,0,0,0
WBGene00173582.,0,2,2
WBGene00173583.,0,0,0
WBGene00173584.,0,0,0
WBGene00173585.,0,0,0
WBGene00173586.,0,0,0
WBGene00173587.,0,0,0
WBGene00173588.,0,0,0
WBGene00173589.,0,3,3
WBGene00173590.,0,0,0
WBGene00173591.,0,0,0
WBGene00173592.,0,2,2
WBGene00173593.,0,0,0
WBGene00173594.,0,0,0
WBGene00173595.,0,0,0
WBGene00173596.,0,0,0
WBGene00173597.,0,1,1
WBGene00173598.,0,0,0
WBGene00173599.,0,0,0
WBGene00173600.,0,0,0
WBGene00173601.,0,0,0
WBGene00173602.,0,0,0
WBGene00173603.,0,10,10
WBGene00173604.,0,0,0
WBGene00173605.,0,0,0
WBGene00173606.,0,1,1
WBGene00173607.,0,12,12
WBGene00173608.,0,0,0
WBGene00173609.,0,3,3
WBGene00173610.,0,0,0
WBGene00173611.,0,0,0
WBGene00173612.,0,0,0
WBGene00173613.,0,0,0
WBGene00173614.,0,0,0
WBGene00173615.,0,23,23
WBGene00173616.,0,0,0
WBGene00173617.,0,0,0
WBGene00173618.,0,0,0
WBGene00173619.,0,0,0
WBGene00173620.,0,0,0
WBGene00173621.,0,8,8
WBGene00173622.,0,0,0
WBGene00173623.,0,3,3
WBGene00173624.,0,0,0
WBGene00173625.,0,0,0
WBGene00173626.,0,0,0
WBGene00173627.,0,0,0
WBGene00173628.,0,0,0
WBGene00173629.,0,3,3
WBGene00173630.,0,0,0
WBGene00173631.,0,0,0
WBGene00173632.,0,0,0
WBGene00173633.,0,0,0
WBGene00173634.,0,2,2
WBGene00173635.,0,0,0
WBGene00173636.,0,0,0
WBGene00173637.,0,0,0
WBGene00173638.,0,0,0
WBGene00173639.,0,0,0
WBGene00173640.,0,3,3
WBGene00173641.,0,0,0
WBGene00173642.,0,0,0
WBGene00173643.,0,0,0
WBGene00173644.,0,0,0
WBGene00173645.,0,2,2
WBGene00173646.,0,0,0
WBGene00173647.,0,0,0
WBGene00173648.,0,0,0
WBGene00173649.,0,0,0
WBGene00173650.,0,0,0
WBGene00173651.,0,0,0
WBGene00173652.,0,0,0
WBGene00173653.,0,0,0
WBGene00173654.,0,0,0
WBGene00173655.,0,0,0
WBGene00173656.,0,0,0
WBGene00173657.,0,0,0
WBGene00173658.,0,1,1
WBGene00173659.,0,0,0
WBGene00173660.,0,0,0
WBGene00173661.,0,0,0
WBGene00173662.,0,0,0
WBGene00173663.,0,0,0
WBGene00173664.,0,0,0
WBGene00173665.,0,1,1
WBGene00173666.,0,1,1
WBGene00173667.,0,0,0
WBGene00173668.,0,22,22
WBGene00173669.,0,0,0
WBGene00173670.,0,0,0
WBGene00173671.,0,0,0
WBGene00173672.,0,0,0
WBGene00173673.,0,1,1
WBGene00173674.,0,0,0
WBGene00173675.,0,3,3
WBGene00173676.,0,1,1
WBGene00173677.,0,0,0
WBGene00173678.,0,0,0
WBGene00173679.,0,0,0
WBGene00173680.,0,0,0
WBGene00173681.,0,0,0
WBGene00173682.,0,3,3
WBGene00173683.,0,0,0
WBGene00173684.,0,0,0
WBGene00173685.,0,0,0
WBGene00173686.,0,0,0
WBGene00173687.,0,1,1
WBGene00173688.,0,0,0
WBGene00173689.,0,0,0
WBGene00173690.,0,0,0
WBGene00173691.,0,0,0
WBGene00173692.,0,0,0
WBGene00173693.,0,0,0
WBGene00173694.,0,0,0
WBGene00173695.,0,1,1
WBGene00173696.,0,0,0
WBGene00173697.,0,0,0
WBGene00173698.,0,0,0
WBGene00173699.,0,0,0
WBGene00173700.,0,1,1
WBGene00173701.,0,0,0
WBGene00173702.,0,0,0
WBGene00173703.,0,0,0
WBGene00173704.,0,0,0
WBGene00173705.,0,1,1
WBGene00173706.,0,0,0
WBGene00173707.,0,0,0
WBGene00173708.,0,0,0
WBGene00173709.,0,0,0
WBGene00173710.,0,0,0
WBGene00173711.,0,0,0
WBGene00173712.,0,0,0
WBGene00173713.,0,0,0
WBGene00173714.,0,0,0
WBGene00173715.,0,1,1
WBGene00173716.,0,0,0
WBGene00173717.,0,0,0
WBGene00173718.,0,0,0
WBGene00173719.,0,0,0
WBGene00173720.,0,0,0
WBGene00173721.,0,0,0
WBGene00173722.,0,0,0
WBGene00173723.,0,2,2
WBGene00173724.,0,0,0
WBGene00173725.,0,0,0
WBGene00173726.,0,0,0
WBGene00173727.,0,0,0
WBGene00173728.,0,2,2
WBGene00173729.,0,2,2
WBGene00173730.,0,0,0
WBGene00173731.,0,0,0
WBGene00173732.,0,0,0
WBGene00173733.,0,1,1
WBGene00173734.,0,1,1
WBGene00173735.,0,0,0
WBGene00173736.,0,0,0
WBGene00173737.,0,0,0
WBGene00173738.,0,0,0
WBGene00173739.,0,0,0
WBGene00173740.,0,0,0
WBGene00173741.,0,0,0
WBGene00173742.,0,0,0
WBGene00173743.,0,0,0
WBGene00173744.,0,0,0
WBGene00173745.,0,0,0
WBGene00173746.,0,0,0
WBGene00173747.,0,0,0
WBGene00173748.,0,1,1
WBGene00173749.,0,0,0
WBGene00173750.,0,0,0
WBGene00173751.,0,0,0
WBGene00173752.,0,0,0
WBGene00173753.,0,3,3
WBGene00173754.,0,0,0
WBGene00173755.,0,3,3
WBGene00173756.,0,0,0
WBGene00173757.,0,0,0
WBGene00173758.,0,4,4
WBGene00173759.,0,0,0
WBGene00173760.,0,0,0
WBGene00173761.,0,0,0
WBGene00173762.,0,1,1
WBGene00173763.,0,0,0
WBGene00173764.,0,0,0
WBGene00173765.,0,0,0
WBGene00173766.,0,0,0
WBGene00173767.,0,0,0
WBGene00173768.,0,0,0
WBGene00173769.,0,0,0
WBGene00173770.,0,0,0
WBGene00173771.,0,0,0
WBGene00173772.,0,0,0
WBGene00173773.,0,0,0
WBGene00173774.,0,0,0
WBGene00173775.,0,0,0
WBGene00173776.,0,0,0
WBGene00173777.,0,0,0
WBGene00173778.,0,0,0
WBGene00173779.,0,0,0
WBGene00173780.,0,0,0
WBGene00173781.,0,0,0
WBGene00173782.,0,0,0
WBGene00173783.,0,0,0
WBGene00173784.,0,0,0
WBGene00173785.,0,0,0
WBGene00173786.,0,1,1
WBGene00173787.,0,0,0
WBGene00173788.,0,0,0
WBGene00173789.,0,0,0
WBGene00173790.,0,0,0
WBGene00173791.,0,2,2
WBGene00173792.,0,0,0
WBGene00173793.,0,0,0
WBGene00173794.,0,2,2
WBGene00173795.,0,1,1
WBGene00173796.,0,0,0
WBGene00173797.,0,0,0
WBGene00173798.,0,0,0
WBGene00173799.,0,0,0
WBGene00173800.,0,0,0
WBGene00173801.,0,0,0
WBGene00173802.,0,0,0
WBGene00173803.,0,0,0
WBGene00173804.,0,0,0
WBGene00173805.,0,0,0
WBGene00173806.,0,2,2
WBGene00173807.,0,0,0
WBGene00173808.,0,0,0
WBGene00173809.,0,2,2
WBGene00173810.,0,0,0
WBGene00173811.,0,0,0
WBGene00173812.,0,0,0
WBGene00173813.,0,0,0
WBGene00173814.,0,4,4
WBGene00173815.,0,0,0
WBGene00173816.,0,0,0
WBGene00173817.,0,0,0
WBGene00173818.,0,0,0
WBGene00173819.,0,0,0
WBGene00173820.,0,0,0
WBGene00173821.,0,0,0
WBGene00173822.,0,0,0
WBGene00173823.,0,0,0
WBGene00173824.,0,0,0
WBGene00173825.,0,0,0
WBGene00173826.,0,0,0
WBGene00173827.,0,2,2
WBGene00173828.,0,0,0
WBGene00173829.,0,0,0
WBGene00173830.,0,3,3
WBGene00173831.,0,0,0
WBGene00173832.,0,0,0
WBGene00173833.,0,0,0
WBGene00173834.,0,0,0
WBGene00173835.,0,0,0
WBGene00173836.,0,0,0
WBGene00173837.,0,0,0
WBGene00173838.,0,0,0
WBGene00173839.,0,0,0
WBGene00173840.,0,1,1
WBGene00173841.,0,0,0
WBGene00173842.,0,0,0
WBGene00173843.,0,0,0
WBGene00173844.,0,0,0
WBGene00173845.,0,0,0
WBGene00173846.,0,3,3
WBGene00173847.,0,0,0
WBGene00173848.,0,0,0
WBGene00173849.,0,0,0
WBGene00173850.,0,0,0
WBGene00173851.,0,0,0
WBGene00173852.,0,0,0
WBGene00173853.,0,0,0
WBGene00173854.,0,0,0
WBGene00173855.,0,0,0
WBGene00173856.,0,2,2
WBGene00173857.,0,0,0
WBGene00173858.,0,1,1
WBGene00173859.,0,0,0
WBGene00173860.,0,0,0
WBGene00173861.,0,0,0
WBGene00173862.,0,1,1
WBGene00173863.,0,0,0
WBGene00173864.,0,0,0
WBGene00173865.,0,1,1
WBGene00173866.,0,0,0
WBGene00173867.,0,0,0
WBGene00173868.,0,0,0
WBGene00173869.,0,0,0
WBGene00173870.,0,0,0
WBGene00173871.,0,0,0
WBGene00173872.,0,0,0
WBGene00173873.,0,0,0
WBGene00173874.,0,0,0
WBGene00173875.,0,0,0
WBGene00173876.,0,0,0
WBGene00173877.,0,0,0
WBGene00173878.,0,0,0
WBGene00173879.,0,0,0
WBGene00173880.,0,0,0
WBGene00173881.,0,0,0
WBGene00173882.,0,0,0
WBGene00173883.,0,0,0
WBGene00173884.,0,0,0
WBGene00173885.,0,2,2
WBGene00173886.,0,1,1
WBGene00173887.,0,4,4
WBGene00173888.,0,0,0
WBGene00173889.,0,0,0
WBGene00173890.,0,0,0
WBGene00173891.,0,2,2
WBGene00173892.,0,1,1
WBGene00173893.,0,0,0
WBGene00173894.,0,0,0
WBGene00173895.,0,0,0
WBGene00173896.,0,0,0
WBGene00173897.,0,0,0
WBGene00173898.,0,0,0
WBGene00173899.,0,0,0
WBGene00173900.,0,0,0
WBGene00173901.,0,0,0
WBGene00173902.,0,0,0
WBGene00173903.,0,0,0
WBGene00173904.,0,1,1
WBGene00173905.,0,0,0
WBGene00173906.,0,0,0
WBGene00173907.,0,0,0
WBGene00173908.,0,0,0
WBGene00173909.,0,0,0
WBGene00173910.,0,0,0
WBGene00173911.,0,0,0
WBGene00173912.,0,0,0
WBGene00173913.,0,0,0
WBGene00173914.,0,0,0
WBGene00173915.,0,0,0
WBGene00173916.,0,3,3
WBGene00173917.,0,0,0
WBGene00173918.,0,0,0
WBGene00173919.,0,0,0
WBGene00173920.,0,0,0
WBGene00173921.,0,0,0
WBGene00173922.,0,0,0
WBGene00173923.,0,0,0
WBGene00173924.,0,0,0
WBGene00173925.,0,0,0
WBGene00173926.,0,0,0
WBGene00173927.,0,0,0
WBGene00173928.,0,0,0
WBGene00173929.,0,0,0
WBGene00173930.,0,0,0
WBGene00173931.,0,0,0
WBGene00173932.,0,1,1
WBGene00173933.,0,0,0
WBGene00173934.,0,0,0
WBGene00173935.,0,1,1
WBGene00173936.,0,0,0
WBGene00173937.,0,0,0
WBGene00173938.,0,0,0
WBGene00173939.,0,0,0
WBGene00173940.,0,0,0
WBGene00173941.,0,0,0
WBGene00173942.,0,0,0
WBGene00173943.,0,0,0
WBGene00173944.,0,1,1
WBGene00173945.,0,0,0
WBGene00173946.,0,0,0
WBGene00173947.,0,1,1
WBGene00173948.,0,0,0
WBGene00173949.,0,0,0
WBGene00173950.,0,3,3
WBGene00173951.,0,0,0
WBGene00173952.,0,0,0
WBGene00173953.,0,0,0
WBGene00173954.,0,0,0
WBGene00173955.,0,1,1
WBGene00173956.,0,0,0
WBGene00173957.,0,0,0
WBGene00173958.,0,0,0
WBGene00173959.,0,1,1
WBGene00173960.,0,28,28
WBGene00173961.,0,0,0
WBGene00173962.,0,0,0
WBGene00173963.,0,0,0
WBGene00173964.,0,1,1
WBGene00173965.,0,0,0
WBGene00173966.,0,0,0
WBGene00173967.,0,1,1
WBGene00173968.,0,0,0
WBGene00173969.,0,1,1
WBGene00173970.,0,0,0
WBGene00173971.,0,0,0
WBGene00173972.,0,0,0
WBGene00173973.,0,0,0
WBGene00173974.,0,0,0
WBGene00173975.,0,0,0
WBGene00173976.,0,0,0
WBGene00173977.,0,0,0
WBGene00173978.,0,0,0
WBGene00173979.,0,0,0
WBGene00173980.,0,11,11
WBGene00173981.,0,0,0
WBGene00173982.,0,0,0
WBGene00173983.,0,0,0
WBGene00173984.,0,0,0
WBGene00173985.,0,0,0
WBGene00173986.,0,0,0
WBGene00173987.,0,0,0
WBGene00173988.,0,0,0
WBGene00173989.,0,0,0
WBGene00173990.,0,0,0
WBGene00173991.,0,0,0
WBGene00173992.,0,1,1
WBGene00173993.,0,0,0
WBGene00173994.,0,0,0
WBGene00173995.,0,0,0
WBGene00173996.,0,0,0
WBGene00173997.,0,0,0
WBGene00173998.,0,0,0
WBGene00173999.,0,0,0
WBGene00174000.,0,0,0
WBGene00174001.,0,1,1
WBGene00174002.,0,0,0
WBGene00174003.,0,3,3
WBGene00174004.,0,0,0
WBGene00174005.,0,0,0
WBGene00174006.,0,0,0
WBGene00174007.,0,1,1
WBGene00174008.,0,0,0
WBGene00174009.,0,2,2
WBGene00174010.,0,0,0
WBGene00174011.,0,0,0
WBGene00174012.,0,0,0
WBGene00174013.,0,0,0
WBGene00174014.,0,0,0
WBGene00174015.,0,0,0
WBGene00174016.,0,0,0
WBGene00174017.,0,0,0
WBGene00174018.,0,1,1
WBGene00174019.,0,4,4
WBGene00174020.,0,1,1
WBGene00174021.,0,0,0
WBGene00174022.,0,2,2
WBGene00174023.,0,0,0
WBGene00174024.,0,0,0
WBGene00174025.,0,0,0
WBGene00174026.,0,6,6
WBGene00174027.,0,0,0
WBGene00174028.,0,1,1
WBGene00174029.,0,0,0
WBGene00174030.,0,0,0
WBGene00174031.,0,0,0
WBGene00174032.,0,0,0
WBGene00174033.,0,0,0
WBGene00174034.,0,0,0
WBGene00174035.,0,0,0
WBGene00174036.,0,0,0
WBGene00174037.,0,0,0
WBGene00174038.,0,0,0
WBGene00174039.,0,0,0
WBGene00174040.,0,0,0
WBGene00174041.,0,0,0
WBGene00174042.,0,0,0
WBGene00174043.,0,0,0
WBGene00174044.,0,3,3
WBGene00174045.,0,0,0
WBGene00174046.,0,0,0
WBGene00174047.,0,0,0
WBGene00174048.,0,0,0
WBGene00174049.,0,3,3
WBGene00174050.,0,0,0
WBGene00174051.,0,0,0
WBGene00174052.,0,0,0
WBGene00174053.,0,0,0
WBGene00174054.,0,0,0
WBGene00174055.,0,0,0
WBGene00174056.,0,0,0
WBGene00174057.,0,0,0
WBGene00174058.,0,0,0
WBGene00174059.,0,0,0
WBGene00174060.,0,0,0
WBGene00174061.,0,0,0
WBGene00174062.,0,0,0
WBGene00174063.,0,0,0
WBGene00174064.,0,0,0
WBGene00174065.,0,1,1
WBGene00174066.,0,0,0
WBGene00174067.,0,0,0
WBGene00174068.,0,0,0
WBGene00174069.,0,1,1
WBGene00174070.,0,0,0
WBGene00174071.,0,0,0
WBGene00174072.,0,0,0
WBGene00174073.,0,0,0
WBGene00174074.,0,1,1
WBGene00174075.,0,0,0
WBGene00174076.,0,0,0
WBGene00174077.,0,0,0
WBGene00174078.,0,0,0
WBGene00174079.,0,0,0
WBGene00174080.,0,0,0
WBGene00174081.,0,0,0
WBGene00174082.,0,0,0
WBGene00174083.,0,0,0
WBGene00174084.,0,1,1
WBGene00174085.,0,0,0
WBGene00174086.,0,0,0
WBGene00174087.,0,1,1
WBGene00174088.,0,2,2
WBGene00174089.,0,0,0
WBGene00174090.,0,0,0
WBGene00174091.,0,0,0
WBGene00174092.,0,1,1
WBGene00174093.,0,0,0
WBGene00174094.,0,0,0
WBGene00174095.,0,0,0
WBGene00174096.,0,0,0
WBGene00174097.,0,0,0
WBGene00174098.,0,0,0
WBGene00174099.,0,0,0
WBGene00174100.,0,0,0
WBGene00174101.,0,0,0
WBGene00174102.,0,0,0
WBGene00174103.,0,0,0
WBGene00174104.,0,1,1
WBGene00174105.,0,0,0
WBGene00174106.,0,0,0
WBGene00174107.,0,1,1
WBGene00174108.,0,0,0
WBGene00174109.,0,0,0
WBGene00174110.,0,0,0
WBGene00174111.,0,1,1
WBGene00174112.,0,0,0
WBGene00174113.,0,0,0
WBGene00174114.,0,0,0
WBGene00174115.,0,1,1
WBGene00174116.,0,0,0
WBGene00174117.,0,0,0
WBGene00174118.,0,1,1
WBGene00174119.,0,5,5
WBGene00174120.,0,0,0
WBGene00174121.,0,0,0
WBGene00174122.,0,0,0
WBGene00174123.,0,0,0
WBGene00174124.,0,0,0
WBGene00174125.,0,0,0
WBGene00174126.,0,0,0
WBGene00174127.,0,1,1
WBGene00174128.,0,9,9
WBGene00174129.,0,0,0
WBGene00174130.,0,0,0
WBGene00174131.,0,2,2
WBGene00174132.,0,2,2
WBGene00174133.,0,0,0
WBGene00174134.,0,0,0
WBGene00174135.,0,0,0
WBGene00174136.,0,0,0
WBGene00174137.,0,0,0
WBGene00174138.,0,0,0
WBGene00174139.,0,0,0
WBGene00174140.,0,0,0
WBGene00174141.,0,0,0
WBGene00174142.,0,0,0
WBGene00174143.,0,0,0
WBGene00174144.,0,0,0
WBGene00174145.,0,0,0
WBGene00174146.,0,0,0
WBGene00174147.,0,0,0
WBGene00174148.,0,0,0
WBGene00174149.,0,0,0
WBGene00174150.,0,0,0
WBGene00174151.,0,0,0
WBGene00174152.,0,0,0
WBGene00174153.,0,0,0
WBGene00174154.,0,0,0
WBGene00174155.,0,0,0
WBGene00174156.,0,0,0
WBGene00174157.,0,0,0
WBGene00174158.,0,0,0
WBGene00174159.,0,0,0
WBGene00174160.,0,0,0
WBGene00174161.,0,0,0
WBGene00174162.,0,0,0
WBGene00174163.,0,0,0
WBGene00174164.,0,0,0
WBGene00174165.,0,0,0
WBGene00174166.,0,0,0
WBGene00174167.,0,0,0
WBGene00174168.,0,0,0
WBGene00174169.,0,0,0
WBGene00174170.,0,1,1
WBGene00174171.,0,0,0
WBGene00174172.,0,0,0
WBGene00174173.,0,0,0
WBGene00174174.,0,0,0
WBGene00174175.,0,0,0
WBGene00174176.,0,0,0
WBGene00174177.,0,0,0
WBGene00174178.,0,2,2
WBGene00174179.,0,0,0
WBGene00174180.,0,0,0
WBGene00174181.,0,0,0
WBGene00174182.,0,0,0
WBGene00174183.,0,0,0
WBGene00174184.,0,1,1
WBGene00174185.,0,2,2
WBGene00174186.,0,2,2
WBGene00174187.,0,0,0
WBGene00174188.,0,0,0
WBGene00174189.,0,0,0
WBGene00174190.,0,2,2
WBGene00174191.,0,0,0
WBGene00174192.,0,0,0
WBGene00174193.,0,0,0
WBGene00174194.,0,0,0
WBGene00174195.,0,0,0
WBGene00174196.,0,0,0
WBGene00174197.,0,0,0
WBGene00174198.,0,0,0
WBGene00174199.,0,0,0
WBGene00174200.,0,1,1
WBGene00174201.,0,0,0
WBGene00174202.,0,0,0
WBGene00174203.,0,0,0
WBGene00174204.,0,0,0
WBGene00174205.,0,0,0
WBGene00174206.,0,1,1
WBGene00174207.,0,0,0
WBGene00174208.,0,0,0
WBGene00174209.,0,0,0
WBGene00174210.,0,0,0
WBGene00174211.,0,0,0
WBGene00174212.,0,1,1
WBGene00174213.,0,0,0
WBGene00174214.,0,0,0
WBGene00174215.,0,0,0
WBGene00174216.,0,3,3
WBGene00174217.,0,0,0
WBGene00174218.,0,0,0
WBGene00174219.,0,0,0
WBGene00174220.,0,0,0
WBGene00174221.,0,0,0
WBGene00174222.,0,2,2
WBGene00174223.,0,1,1
WBGene00174224.,0,0,0
WBGene00174225.,0,0,0
WBGene00174226.,0,0,0
WBGene00174227.,0,0,0
WBGene00174228.,0,0,0
WBGene00174229.,0,0,0
WBGene00174230.,0,3,3
WBGene00174231.,0,0,0
WBGene00174232.,0,0,0
WBGene00174233.,0,0,0
WBGene00174234.,0,1,1
WBGene00174235.,0,0,0
WBGene00174236.,0,0,0
WBGene00174237.,0,0,0
WBGene00174238.,0,0,0
WBGene00174239.,0,0,0
WBGene00174240.,0,0,0
WBGene00174241.,0,0,0
WBGene00174242.,0,1,1
WBGene00174243.,0,0,0
WBGene00174244.,0,0,0
WBGene00174245.,0,0,0
WBGene00174246.,0,0,0
WBGene00174247.,0,0,0
WBGene00174248.,0,1,1
WBGene00174249.,0,0,0
WBGene00174250.,0,0,0
WBGene00174251.,0,0,0
WBGene00174252.,0,0,0
WBGene00174253.,0,0,0
WBGene00174254.,0,0,0
WBGene00174255.,0,0,0
WBGene00174256.,0,0,0
WBGene00174257.,0,0,0
WBGene00174258.,0,0,0
WBGene00174259.,0,0,0
WBGene00174260.,0,0,0
WBGene00174261.,0,0,0
WBGene00174262.,0,0,0
WBGene00174263.,0,0,0
WBGene00174264.,0,0,0
WBGene00174265.,0,6,6
WBGene00174266.,0,0,0
WBGene00174267.,0,0,0
WBGene00174268.,0,0,0
WBGene00174269.,0,0,0
WBGene00174270.,0,0,0
WBGene00174271.,0,0,0
WBGene00174272.,0,1,1
WBGene00174273.,0,0,0
WBGene00174274.,0,0,0
WBGene00174275.,0,0,0
WBGene00174276.,0,0,0
WBGene00174277.,0,1,1
WBGene00174278.,0,0,0
WBGene00174279.,0,0,0
WBGene00174280.,0,0,0
WBGene00174281.,0,1,1
WBGene00174282.,0,0,0
WBGene00174283.,0,1,1
WBGene00174284.,0,0,0
WBGene00174285.,0,0,0
WBGene00174286.,0,0,0
WBGene00174287.,0,0,0
WBGene00174288.,0,0,0
WBGene00174289.,0,0,0
WBGene00174290.,0,0,0
WBGene00174291.,0,0,0
WBGene00174292.,0,0,0
WBGene00174293.,0,6,6
WBGene00174294.,0,0,0
WBGene00174295.,0,0,0
WBGene00174296.,0,0,0
WBGene00174297.,0,6,6
WBGene00174298.,0,0,0
WBGene00174299.,0,0,0
WBGene00174300.,0,0,0
WBGene00174301.,0,0,0
WBGene00174302.,0,0,0
WBGene00174303.,0,0,0
WBGene00174304.,0,0,0
WBGene00174305.,0,0,0
WBGene00174306.,0,1,1
WBGene00174307.,0,0,0
WBGene00174308.,0,0,0
WBGene00174309.,0,0,0
WBGene00174310.,0,0,0
WBGene00174311.,0,4,4
WBGene00174312.,0,0,0
WBGene00174313.,0,0,0
WBGene00174314.,0,3,3
WBGene00174315.,0,0,0
WBGene00174316.,0,0,0
WBGene00174317.,0,0,0
WBGene00174318.,0,1,1
WBGene00174319.,0,0,0
WBGene00174320.,0,0,0
WBGene00174321.,0,0,0
WBGene00174322.,0,0,0
WBGene00174323.,0,0,0
WBGene00174324.,0,0,0
WBGene00174325.,0,0,0
WBGene00174326.,0,0,0
WBGene00174327.,0,0,0
WBGene00174328.,0,0,0
WBGene00174329.,0,0,0
WBGene00174330.,0,3,3
WBGene00174331.,0,0,0
WBGene00174332.,0,0,0
WBGene00174333.,0,1,1
WBGene00174334.,0,2,2
WBGene00174335.,0,0,0
WBGene00174336.,0,0,0
WBGene00174337.,0,0,0
WBGene00174338.,0,0,0
WBGene00174339.,0,0,0
WBGene00174340.,0,0,0
WBGene00174341.,0,0,0
WBGene00174342.,0,0,0
WBGene00174343.,0,0,0
WBGene00174344.,0,0,0
WBGene00174345.,0,0,0
WBGene00174346.,0,0,0
WBGene00174347.,0,0,0
WBGene00174348.,0,1,1
WBGene00174349.,0,0,0
WBGene00174350.,0,0,0
WBGene00174351.,0,0,0
WBGene00174352.,0,2,2
WBGene00174353.,0,1,1
WBGene00174354.,0,2,2
WBGene00174355.,0,0,0
WBGene00174356.,0,0,0
WBGene00174357.,0,0,0
WBGene00174358.,0,0,0
WBGene00174359.,0,0,0
WBGene00174360.,0,1,1
WBGene00174361.,0,0,0
WBGene00174362.,0,2,2
WBGene00174363.,0,0,0
WBGene00174364.,0,0,0
WBGene00174365.,0,0,0
WBGene00174366.,0,0,0
WBGene00174367.,0,0,0
WBGene00174368.,0,0,0
WBGene00174369.,0,0,0
WBGene00174370.,0,2,2
WBGene00174371.,0,0,0
WBGene00174372.,0,0,0
WBGene00174373.,0,0,0
WBGene00174374.,0,0,0
WBGene00174375.,0,0,0
WBGene00174376.,0,0,0
WBGene00174377.,0,5,5
WBGene00174378.,0,0,0
WBGene00174379.,0,0,0
WBGene00174380.,0,1,1
WBGene00174381.,0,0,0
WBGene00174382.,0,1,1
WBGene00174383.,0,0,0
WBGene00174384.,0,1,1
WBGene00174385.,0,0,0
WBGene00174386.,0,0,0
WBGene00174387.,0,0,0
WBGene00174388.,0,0,0
WBGene00174389.,0,0,0
WBGene00174390.,0,0,0
WBGene00174391.,0,1,1
WBGene00174392.,0,0,0
WBGene00174393.,0,0,0
WBGene00174394.,0,3,3
WBGene00174395.,0,2,2
WBGene00174396.,0,0,0
WBGene00174397.,0,1,1
WBGene00174398.,0,1,1
WBGene00174399.,0,0,0
WBGene00174400.,0,0,0
WBGene00174401.,0,0,0
WBGene00174402.,0,0,0
WBGene00174403.,0,0,0
WBGene00174404.,0,0,0
WBGene00174405.,0,0,0
WBGene00174406.,0,26,26
WBGene00174407.,0,0,0
WBGene00174408.,0,0,0
WBGene00174409.,0,15,15
WBGene00174410.,0,0,0
WBGene00174411.,0,0,0
WBGene00174412.,0,0,0
WBGene00174413.,0,0,0
WBGene00174414.,0,0,0
WBGene00174415.,0,0,0
WBGene00174416.,0,1,1
WBGene00174417.,0,0,0
WBGene00174418.,0,0,0
WBGene00174419.,0,0,0
WBGene00174420.,0,0,0
WBGene00174421.,0,0,0
WBGene00174422.,0,0,0
WBGene00174423.,0,0,0
WBGene00174424.,0,0,0
WBGene00174425.,0,0,0
WBGene00174426.,0,0,0
WBGene00174427.,0,0,0
WBGene00174428.,0,0,0
WBGene00174429.,0,2,2
WBGene00174430.,0,0,0
WBGene00174431.,0,0,0
WBGene00174432.,0,0,0
WBGene00174433.,0,0,0
WBGene00174434.,0,0,0
WBGene00174435.,0,0,0
WBGene00174436.,0,0,0
WBGene00174437.,0,1,1
WBGene00174438.,0,0,0
WBGene00174439.,0,0,0
WBGene00174440.,0,8,8
WBGene00174441.,0,0,0
WBGene00174442.,0,0,0
WBGene00174443.,0,0,0
WBGene00174444.,0,0,0
WBGene00174445.,0,0,0
WBGene00174446.,0,0,0
WBGene00174447.,0,0,0
WBGene00174448.,0,0,0
WBGene00174449.,0,1,1
WBGene00174450.,0,0,0
WBGene00174451.,0,0,0
WBGene00174452.,0,0,0
WBGene00174453.,0,10,10
WBGene00174454.,0,0,0
WBGene00174455.,0,0,0
WBGene00174456.,0,0,0
WBGene00174457.,0,0,0
WBGene00174458.,0,0,0
WBGene00174459.,0,0,0
WBGene00174460.,0,0,0
WBGene00174461.,0,0,0
WBGene00174462.,0,0,0
WBGene00174463.,0,0,0
WBGene00174464.,0,0,0
WBGene00174465.,0,0,0
WBGene00174466.,0,0,0
WBGene00174467.,0,0,0
WBGene00174468.,0,0,0
WBGene00174469.,0,0,0
WBGene00174470.,0,0,0
WBGene00174471.,0,0,0
WBGene00174472.,0,0,0
WBGene00174473.,0,0,0
WBGene00174474.,0,0,0
WBGene00174475.,0,0,0
WBGene00174476.,0,0,0
WBGene00174477.,0,0,0
WBGene00174478.,0,2,2
WBGene00174479.,0,0,0
WBGene00174480.,0,0,0
WBGene00174481.,0,0,0
WBGene00174482.,0,0,0
WBGene00174483.,0,0,0
WBGene00174484.,0,0,0
WBGene00174485.,0,6,6
WBGene00174486.,0,0,0
WBGene00174487.,0,2,2
WBGene00174488.,0,0,0
WBGene00174489.,0,0,0
WBGene00174490.,0,0,0
WBGene00174491.,0,0,0
WBGene00174492.,0,0,0
WBGene00174493.,0,0,0
WBGene00174494.,0,0,0
WBGene00174495.,0,0,0
WBGene00174496.,0,3,3
WBGene00174497.,0,1,1
WBGene00174498.,0,0,0
WBGene00174499.,0,2,2
WBGene00174500.,0,0,0
WBGene00174501.,0,0,0
WBGene00174502.,0,0,0
WBGene00174503.,0,0,0
WBGene00174504.,0,0,0
WBGene00174505.,0,0,0
WBGene00174506.,0,0,0
WBGene00174507.,0,0,0
WBGene00174508.,0,0,0
WBGene00174509.,0,0,0
WBGene00174510.,0,0,0
WBGene00174511.,0,0,0
WBGene00174512.,0,4,4
WBGene00174513.,0,1,1
WBGene00174514.,0,0,0
WBGene00174515.,0,0,0
WBGene00174516.,0,0,0
WBGene00174517.,0,0,0
WBGene00174518.,0,0,0
WBGene00174519.,0,0,0
WBGene00174520.,0,0,0
WBGene00174521.,0,0,0
WBGene00174522.,0,0,0
WBGene00174523.,0,0,0
WBGene00174524.,0,0,0
WBGene00174525.,0,0,0
WBGene00174526.,0,0,0
WBGene00174527.,0,0,0
WBGene00174528.,0,0,0
WBGene00174529.,0,0,0
WBGene00174530.,0,0,0
WBGene00174531.,0,0,0
WBGene00174532.,0,0,0
WBGene00174533.,0,0,0
WBGene00174534.,0,0,0
WBGene00174535.,0,0,0
WBGene00174536.,0,0,0
WBGene00174537.,0,0,0
WBGene00174538.,0,0,0
WBGene00174539.,0,0,0
WBGene00174540.,0,0,0
WBGene00174541.,0,0,0
WBGene00174542.,0,0,0
WBGene00174543.,0,0,0
WBGene00174544.,0,0,0
WBGene00174545.,0,0,0
WBGene00174546.,0,0,0
WBGene00174547.,0,0,0
WBGene00174548.,0,0,0
WBGene00174549.,0,0,0
WBGene00174550.,0,0,0
WBGene00174551.,0,2,2
WBGene00174552.,0,0,0
WBGene00174553.,0,0,0
WBGene00174554.,0,0,0
WBGene00174555.,0,0,0
WBGene00174556.,0,0,0
WBGene00174557.,0,0,0
WBGene00174558.,0,0,0
WBGene00174559.,0,0,0
WBGene00174560.,0,6,6
WBGene00174561.,0,0,0
WBGene00174562.,0,0,0
WBGene00174563.,0,0,0
WBGene00174564.,0,0,0
WBGene00174565.,0,0,0
WBGene00174566.,0,0,0
WBGene00174567.,0,0,0
WBGene00174568.,0,0,0
WBGene00174569.,0,0,0
WBGene00174570.,0,0,0
WBGene00174571.,0,0,0
WBGene00174572.,0,0,0
WBGene00174573.,0,0,0
WBGene00174574.,0,0,0
WBGene00174575.,0,0,0
WBGene00174576.,0,0,0
WBGene00174577.,0,2,2
WBGene00174578.,0,0,0
WBGene00174579.,0,0,0
WBGene00174580.,0,0,0
WBGene00174581.,0,0,0
WBGene00174582.,0,0,0
WBGene00174583.,0,0,0
WBGene00174584.,0,0,0
WBGene00174585.,0,0,0
WBGene00174586.,0,0,0
WBGene00174587.,0,0,0
WBGene00174588.,0,0,0
WBGene00174589.,0,0,0
WBGene00174590.,0,0,0
WBGene00174591.,0,0,0
WBGene00174592.,0,0,0
WBGene00174593.,0,0,0
WBGene00174594.,0,0,0
WBGene00174595.,0,3,3
WBGene00174596.,0,0,0
WBGene00174597.,0,0,0
WBGene00174598.,0,0,0
WBGene00174599.,0,1,1
WBGene00174600.,0,0,0
WBGene00174601.,0,0,0
WBGene00174602.,0,0,0
WBGene00174603.,0,0,0
WBGene00174604.,0,0,0
WBGene00174605.,0,0,0
WBGene00174606.,0,0,0
WBGene00174607.,0,3,3
WBGene00174608.,0,0,0
WBGene00174609.,0,0,0
WBGene00174610.,0,1,1
WBGene00174611.,0,0,0
WBGene00174612.,0,0,0
WBGene00174613.,0,0,0
WBGene00174614.,0,0,0
WBGene00174615.,0,2,2
WBGene00174616.,0,0,0
WBGene00174617.,0,0,0
WBGene00174618.,0,0,0
WBGene00174619.,0,0,0
WBGene00174620.,0,0,0
WBGene00174621.,0,0,0
WBGene00174622.,0,0,0
WBGene00174623.,0,0,0
WBGene00174624.,0,0,0
WBGene00174625.,0,0,0
WBGene00174626.,0,0,0
WBGene00174627.,0,0,0
WBGene00174628.,0,0,0
WBGene00174629.,0,0,0
WBGene00174630.,0,0,0
WBGene00174631.,0,1,1
WBGene00174632.,0,0,0
WBGene00174633.,0,0,0
WBGene00174634.,0,3,3
WBGene00174635.,0,0,0
WBGene00174636.,0,0,0
WBGene00174637.,0,2,2
WBGene00174638.,0,0,0
WBGene00174639.,0,0,0
WBGene00174640.,0,0,0
WBGene00174641.,0,0,0
WBGene00174642.,0,0,0
WBGene00174643.,0,0,0
WBGene00174644.,0,0,0
WBGene00174645.,0,0,0
WBGene00174646.,0,0,0
WBGene00174647.,0,0,0
WBGene00174648.,0,0,0
WBGene00174649.,0,0,0
WBGene00174650.,0,0,0
WBGene00174651.,0,0,0
WBGene00174652.,0,0,0
WBGene00174653.,0,2,2
WBGene00174654.,0,0,0
WBGene00174655.,0,1,1
WBGene00174656.,0,0,0
WBGene00174657.,0,0,0
WBGene00174658.,0,0,0
WBGene00174659.,0,0,0
WBGene00174660.,0,0,0
WBGene00174661.,0,0,0
WBGene00174662.,0,0,0
WBGene00174663.,0,0,0
WBGene00174664.,0,0,0
WBGene00174665.,0,0,0
WBGene00174666.,0,0,0
WBGene00174667.,0,0,0
WBGene00174668.,0,1,1
WBGene00174669.,0,0,0
WBGene00174670.,0,1,1
WBGene00174671.,0,0,0
WBGene00174672.,0,0,0
WBGene00174673.,0,33,33
WBGene00174674.,0,0,0
WBGene00174675.,0,0,0
WBGene00174676.,0,1,1
WBGene00174677.,0,1,1
WBGene00174678.,0,1,1
WBGene00174679.,0,0,0
WBGene00174680.,0,0,0
WBGene00174681.,0,0,0
WBGene00174682.,0,0,0
WBGene00174683.,0,0,0
WBGene00174684.,0,0,0
WBGene00174685.,0,0,0
WBGene00174686.,0,2,2
WBGene00174687.,0,0,0
WBGene00174688.,0,0,0
WBGene00174689.,0,0,0
WBGene00174690.,0,0,0
WBGene00174691.,0,0,0
WBGene00174692.,0,12,12
WBGene00174693.,0,0,0
WBGene00174694.,0,0,0
WBGene00174695.,0,6,6
WBGene00174696.,0,0,0
WBGene00174697.,0,0,0
WBGene00174698.,0,0,0
WBGene00174699.,0,0,0
WBGene00174700.,0,0,0
WBGene00174701.,0,0,0
WBGene00174702.,0,0,0
WBGene00174703.,0,0,0
WBGene00174704.,0,0,0
WBGene00174705.,0,0,0
WBGene00174706.,0,0,0
WBGene00174707.,0,1,1
WBGene00174708.,0,0,0
WBGene00174709.,0,0,0
WBGene00174710.,0,11,11
WBGene00174711.,0,0,0
WBGene00174712.,0,0,0
WBGene00174713.,0,0,0
WBGene00174714.,0,0,0
WBGene00174715.,0,0,0
WBGene00174716.,0,0,0
WBGene00174717.,0,0,0
WBGene00174718.,0,0,0
WBGene00174719.,0,1,1
WBGene00174720.,0,0,0
WBGene00174721.,0,4,4
WBGene00174722.,0,0,0
WBGene00174723.,0,0,0
WBGene00174724.,0,3,3
WBGene00174725.,0,0,0
WBGene00174726.,0,2,2
WBGene00174727.,0,0,0
WBGene00174728.,0,0,0
WBGene00174729.,0,1,1
WBGene00174730.,0,0,0
WBGene00174731.,0,1,1
WBGene00174732.,0,0,0
WBGene00174733.,0,0,0
WBGene00174734.,0,0,0
WBGene00174735.,0,0,0
WBGene00174736.,0,0,0
WBGene00174737.,0,0,0
WBGene00174738.,0,0,0
WBGene00174739.,0,0,0
WBGene00174740.,0,0,0
WBGene00174741.,0,13,13
WBGene00174742.,0,1,1
WBGene00174743.,0,0,0
WBGene00174744.,0,0,0
WBGene00174745.,0,0,0
WBGene00174746.,0,0,0
WBGene00174747.,0,0,0
WBGene00174748.,0,0,0
WBGene00174749.,0,0,0
WBGene00174750.,0,0,0
WBGene00174751.,0,0,0
WBGene00174752.,0,0,0
WBGene00174753.,0,0,0
WBGene00174754.,0,0,0
WBGene00174755.,0,0,0
WBGene00174756.,0,0,0
WBGene00174757.,0,0,0
WBGene00174758.,0,0,0
WBGene00174759.,0,0,0
WBGene00174760.,0,0,0
WBGene00174761.,0,0,0
WBGene00174762.,0,0,0
WBGene00174763.,0,0,0
WBGene00174764.,0,0,0
WBGene00174765.,0,0,0
WBGene00174766.,0,0,0
WBGene00174767.,0,0,0
WBGene00174768.,0,0,0
WBGene00174769.,0,0,0
WBGene00174770.,0,0,0
WBGene00174771.,0,0,0
WBGene00174772.,0,0,0
WBGene00174773.,0,0,0
WBGene00174774.,0,0,0
WBGene00174775.,0,0,0
WBGene00174776.,0,0,0
WBGene00174777.,0,0,0
WBGene00174778.,0,0,0
WBGene00174779.,0,0,0
WBGene00174780.,0,0,0
WBGene00174781.,0,0,0
WBGene00174782.,0,0,0
WBGene00174783.,0,0,0
WBGene00174784.,0,0,0
WBGene00174785.,0,0,0
WBGene00174786.,0,0,0
WBGene00174787.,0,1,1
WBGene00174788.,0,0,0
WBGene00174789.,0,0,0
WBGene00174790.,0,0,0
WBGene00174791.,0,0,0
WBGene00174792.,0,0,0
WBGene00174793.,0,8,8
WBGene00174794.,0,0,0
WBGene00174795.,0,0,0
WBGene00174796.,0,0,0
WBGene00174797.,0,0,0
WBGene00174798.,0,1,1
WBGene00174799.,0,0,0
WBGene00174800.,0,0,0
WBGene00174801.,0,0,0
WBGene00174802.,0,0,0
WBGene00174803.,0,0,0
WBGene00174804.,0,0,0
WBGene00174805.,0,0,0
WBGene00174806.,0,0,0
WBGene00174807.,0,1,1
WBGene00174808.,0,2,2
WBGene00174809.,0,0,0
WBGene00174810.,0,0,0
WBGene00174811.,0,0,0
WBGene00174812.,0,1,1
WBGene00174813.,0,1,1
WBGene00174814.,0,0,0
WBGene00174815.,0,0,0
WBGene00174816.,0,0,0
WBGene00174817.,0,2,2
WBGene00174818.,0,0,0
WBGene00174819.,0,0,0
WBGene00174820.,0,0,0
WBGene00174821.,0,2,2
WBGene00174822.,0,0,0
WBGene00174823.,0,0,0
WBGene00174824.,0,0,0
WBGene00174825.,0,0,0
WBGene00174826.,0,0,0
WBGene00174827.,0,0,0
WBGene00174828.,0,0,0
WBGene00174829.,0,0,0
WBGene00174830.,0,0,0
WBGene00174831.,0,0,0
WBGene00174832.,0,1,1
WBGene00174833.,0,3,3
WBGene00174834.,0,0,0
WBGene00174835.,0,0,0
WBGene00174836.,0,0,0
WBGene00174837.,0,0,0
WBGene00174838.,0,3,3
WBGene00174839.,0,0,0
WBGene00174840.,0,0,0
WBGene00174841.,0,1,1
WBGene00174842.,0,0,0
WBGene00174843.,0,0,0
WBGene00174844.,0,0,0
WBGene00174845.,0,0,0
WBGene00174846.,0,0,0
WBGene00174847.,0,0,0
WBGene00174848.,0,0,0
WBGene00174849.,0,0,0
WBGene00174850.,0,2,2
WBGene00174851.,0,1,1
WBGene00174852.,0,0,0
WBGene00174853.,0,0,0
WBGene00174854.,0,0,0
WBGene00174855.,0,0,0
WBGene00174856.,0,0,0
WBGene00174857.,0,0,0
WBGene00174858.,0,0,0
WBGene00174859.,0,0,0
WBGene00174860.,0,0,0
WBGene00174861.,0,0,0
WBGene00174862.,0,0,0
WBGene00174863.,0,0,0
WBGene00174864.,0,0,0
WBGene00174865.,0,0,0
WBGene00174866.,0,0,0
WBGene00174867.,0,0,0
WBGene00174868.,0,0,0
WBGene00174869.,0,0,0
WBGene00174870.,0,0,0
WBGene00174871.,0,0,0
WBGene00174872.,0,3,3
WBGene00174873.,0,1,1
WBGene00174874.,0,0,0
WBGene00174875.,0,0,0
WBGene00174876.,0,0,0
WBGene00174877.,0,0,0
WBGene00174878.,0,2,2
WBGene00174879.,0,0,0
WBGene00174880.,0,1,1
WBGene00174881.,0,0,0
WBGene00174882.,0,0,0
WBGene00174883.,0,0,0
WBGene00174884.,0,2,2
WBGene00174885.,0,0,0
WBGene00174886.,0,1,1
WBGene00174887.,0,0,0
WBGene00174888.,0,0,0
WBGene00174889.,0,1,1
WBGene00174890.,0,0,0
WBGene00174891.,0,4,4
WBGene00174892.,0,0,0
WBGene00174893.,0,0,0
WBGene00174894.,0,0,0
WBGene00174895.,0,1,1
WBGene00174896.,0,0,0
WBGene00174897.,0,0,0
WBGene00174898.,0,0,0
WBGene00174899.,0,0,0
WBGene00174900.,0,15,15
WBGene00174901.,0,0,0
WBGene00174902.,0,1,1
WBGene00174903.,0,0,0
WBGene00174904.,0,0,0
WBGene00174905.,0,0,0
WBGene00174906.,0,0,0
WBGene00174907.,0,0,0
WBGene00174908.,0,0,0
WBGene00174909.,0,0,0
WBGene00174910.,0,0,0
WBGene00174911.,0,0,0
WBGene00174912.,0,1,1
WBGene00174913.,0,0,0
WBGene00174914.,0,0,0
WBGene00174915.,0,0,0
WBGene00174916.,0,0,0
WBGene00174917.,0,0,0
WBGene00174918.,0,0,0
WBGene00174919.,0,0,0
WBGene00174920.,0,0,0
WBGene00174921.,0,0,0
WBGene00174922.,0,0,0
WBGene00174923.,0,0,0
WBGene00174924.,0,0,0
WBGene00174925.,0,0,0
WBGene00174926.,0,0,0
WBGene00174927.,0,0,0
WBGene00174928.,0,0,0
WBGene00174929.,0,0,0
WBGene00174930.,0,0,0
WBGene00174931.,0,3,3
WBGene00174932.,0,0,0
WBGene00174933.,0,0,0
WBGene00174934.,0,0,0
WBGene00174935.,0,0,0
WBGene00174936.,0,0,0
WBGene00174937.,0,3,3
WBGene00174938.,0,1,1
WBGene00174939.,0,0,0
WBGene00174940.,0,0,0
WBGene00174941.,0,0,0
WBGene00174942.,0,0,0
WBGene00174943.,0,0,0
WBGene00174944.,0,1,1
WBGene00174945.,0,0,0
WBGene00174946.,0,0,0
WBGene00174947.,0,0,0
WBGene00174948.,0,0,0
WBGene00174949.,0,2,2
WBGene00174950.,0,0,0
WBGene00174951.,0,0,0
WBGene00174952.,0,0,0
WBGene00174953.,0,0,0
WBGene00174954.,0,0,0
WBGene00174955.,0,2,2
WBGene00174956.,0,1,1
WBGene00174957.,0,0,0
WBGene00174958.,0,0,0
WBGene00174959.,0,0,0
WBGene00174960.,0,0,0
WBGene00174961.,0,1,1
WBGene00174962.,0,0,0
WBGene00174963.,0,0,0
WBGene00174964.,0,0,0
WBGene00174965.,0,0,0
WBGene00174966.,0,0,0
WBGene00174967.,0,0,0
WBGene00174968.,0,0,0
WBGene00174969.,0,0,0
WBGene00174970.,0,0,0
WBGene00174971.,0,14,14
WBGene00174972.,0,0,0
WBGene00174973.,0,0,0
WBGene00174974.,0,0,0
WBGene00174975.,0,0,0
WBGene00174976.,0,2,2
WBGene00174977.,0,1,1
WBGene00174978.,0,0,0
WBGene00174979.,0,0,0
WBGene00174980.,0,0,0
WBGene00174981.,0,0,0
WBGene00174982.,0,2,2
WBGene00174983.,0,0,0
WBGene00174984.,0,0,0
WBGene00174985.,0,0,0
WBGene00174986.,0,0,0
WBGene00174987.,0,0,0
WBGene00174988.,0,5,5
WBGene00174989.,0,0,0
WBGene00174990.,0,0,0
WBGene00174991.,0,0,0
WBGene00174992.,0,0,0
WBGene00174993.,0,0,0
WBGene00174994.,0,0,0
WBGene00174995.,0,0,0
WBGene00174996.,0,0,0
WBGene00174997.,0,1,1
WBGene00174998.,0,0,0
WBGene00174999.,0,0,0
WBGene00175000.,0,0,0
WBGene00175001.,0,0,0
WBGene00175002.,0,0,0
WBGene00175003.,0,0,0
WBGene00175004.,0,0,0
WBGene00175005.,0,7,7
WBGene00175006.,0,2,2
WBGene00175007.,0,0,0
WBGene00175008.,0,0,0
WBGene00175009.,0,0,0
WBGene00175010.,0,0,0
WBGene00175011.,0,0,0
WBGene00175012.,0,0,0
WBGene00175013.,0,0,0
WBGene00175014.,0,0,0
WBGene00175015.,0,0,0
WBGene00175016.,0,0,0
WBGene00175017.,0,0,0
WBGene00175018.,0,0,0
WBGene00175019.,0,0,0
WBGene00175020.,0,0,0
WBGene00175021.,0,0,0
WBGene00175022.,0,0,0
WBGene00175023.,0,1,1
WBGene00175024.,0,0,0
WBGene00175025.,0,0,0
WBGene00175027.,58,53,111
WBGene00175028.,1,2,3
WBGene00175029.,49,168,217
WBGene00175030.,8,474,482
WBGene00175031.,10,8,18
WBGene00175034.,27,419,446
WBGene00175035.,26,230,256
WBGene00175036.,0,20,20
WBGene00184956.,1,7,8
WBGene00184990.,5,90,95
WBGene00185001.,80,528,608
WBGene00185002.,31,67,98
WBGene00185005.,14,329,343
WBGene00185006.,2,2,4
WBGene00185014.,45,230,275
WBGene00185048.,83,866,949
WBGene00185055.,5,8,13
WBGene00185067.,0,2,2
WBGene00185076.,70,332,402
WBGene00185077.,1,19,20
WBGene00185078.,470,127,597
WBGene00185079.,88,583,671
WBGene00185086.,3,53,56
WBGene00185088.,5,166,171
WBGene00185089.,4,21,25
WBGene00185092.,6,7,13
WBGene00185093.,0,0,0
WBGene00185095.,1,2,3
WBGene00185096.,0,2,2
WBGene00185097.,1,0,1
WBGene00185098.,22,211,233
WBGene00185100.,5,5,10
WBGene00185101.,2,1,3
WBGene00185102.,35,412,447
WBGene00185116.,2,0,2
WBGene00185117.,11,35,46
WBGene00185118.,404,983,1387
WBGene00185119.,2,0,2
WBGene00189930.,3,0,3
WBGene00189931.,0,0,0
WBGene00189932.,0,1,1
WBGene00189933.,11,23,34
WBGene00189937.,2,9,11
WBGene00189943.,2,0,2
WBGene00189944.,10,17,27
WBGene00189946.,0,0,0
WBGene00189947.,1,2,3
WBGene00189948.,1,18,19
WBGene00189949.,11,16,27
WBGene00189950.,9,6,15
WBGene00189951.,34,145,179
WBGene00189952.,6,41,47
WBGene00189953.,3,0,3
WBGene00189954.,0,3,3
WBGene00189955.,0,0,0
WBGene00189956.,41,17,58
WBGene00189957.,13,12,25
WBGene00189958.,24,668,692
WBGene00189961.,8,9,17
WBGene00189964.,0,0,0
WBGene00189966.,0,0,0
WBGene00189967.,0,0,0
WBGene00189968.,0,1,1
WBGene00189969.,0,0,0
WBGene00189970.,0,0,0
WBGene00189971.,0,0,0
WBGene00189972.,0,0,0
WBGene00189973.,0,0,0
WBGene00189974.,0,0,0
WBGene00189975.,0,0,0
WBGene00189976.,0,0,0
WBGene00189977.,0,0,0
WBGene00189978.,0,1,1
WBGene00189979.,0,0,0
WBGene00189980.,0,0,0
WBGene00189981.,0,0,0
WBGene00189982.,0,0,0
WBGene00189983.,0,0,0
WBGene00189984.,0,0,0
WBGene00189985.,0,0,0
WBGene00189986.,0,2,2
WBGene00189987.,10,19,29
WBGene00189993.,2,6,8
WBGene00189995.,1,0,1
WBGene00194641.,173,910,1083
WBGene00194642.,106,463,569
WBGene00194643.,85,61,146
WBGene00194644.,51,167,218
WBGene00194645.,0,0,0
WBGene00194646.,0,1,1
WBGene00194647.,1,0,1
WBGene00194649.,0,16,16
WBGene00194650.,8,4,12
WBGene00194651.,61,557,618
WBGene00194652.,6,4,10
WBGene00194653.,2,1,3
WBGene00194654.,2,2,4
WBGene00194656.,2,2,4
WBGene00194657.,35,142,177
WBGene00194658.,8,128,136
WBGene00194659.,9,38,47
WBGene00194660.,0,14,14
WBGene00194661.,4,5,9
WBGene00194663.,1,8,9
WBGene00194664.,6,62,68
WBGene00194665.,20,9,29
WBGene00194666.,0,2,2
WBGene00194667.,128,70,198
WBGene00194668.,0,2,2
WBGene00194669.,12,17,29
WBGene00194670.,2,0,2
WBGene00194672.,0,3,3
WBGene00194673.,3,0,3
WBGene00194674.,4,48,52
WBGene00194675.,2,4,6
WBGene00194676.,3,13,16
WBGene00194677.,4,2,6
WBGene00194678.,0,1,1
WBGene00194679.,13,133,146
WBGene00194680.,31,448,479
WBGene00194681.,80,1007,1087
WBGene00194682.,3,16,19
WBGene00194683.,31,271,302
WBGene00194684.,6,6,12
WBGene00194686.,3,0,3
WBGene00194687.,0,6,6
WBGene00194689.,24,260,284
WBGene00194690.,13,14,27
WBGene00194691.,4,2,6
WBGene00194692.,338,3695,4033
WBGene00194695.,1,5,6
WBGene00194696.,0,0,0
WBGene00194697.,10,39,49
WBGene00194698.,0,0,0
WBGene00194699.,0,3,3
WBGene00194700.,1,3,4
WBGene00194701.,5,5,10
WBGene00194702.,17,0,17
WBGene00194703.,0,10,10
WBGene00194704.,1,0,1
WBGene00194706.,20,237,257
WBGene00194707.,17,520,537
WBGene00194708.,2,8,10
WBGene00194710.,97,400,497
WBGene00194711.,2,2,4
WBGene00194712.,45,87,132
WBGene00194713.,0,38,38
WBGene00194714.,0,0,0
WBGene00194715.,1,1,2
WBGene00194716.,0,26,26
WBGene00194717.,4,4,8
WBGene00194725.,0,5,5
WBGene00194726.,13,38,51
WBGene00194727.,3,3,6
WBGene00194729.,9,37,46
WBGene00194730.,3,2,5
WBGene00194731.,27,90,117
WBGene00194733.,0,2,2
WBGene00194734.,0,1,1
WBGene00194735.,3,3,6
WBGene00194737.,11,3,14
WBGene00194738.,2,1,3
WBGene00194742.,8,56,64
WBGene00194744.,3,14,17
WBGene00194746.,0,1,1
WBGene00194747.,81,811,892
WBGene00194748.,0,231,231
WBGene00194759.,0,0,0
WBGene00194768.,0,4,4
WBGene00194769.,25,19,44
WBGene00194771.,0,1,1
WBGene00194780.,0,1,1
WBGene00194783.,0,3,3
WBGene00194784.,0,2,2
WBGene00194785.,3,0,3
WBGene00194786.,20,1,21
WBGene00194787.,0,0,0
WBGene00194788.,2,1,3
WBGene00194792.,4,6,10
WBGene00194793.,7,2,9
WBGene00194794.,0,20,20
WBGene00194795.,1,17,18
WBGene00194799.,0,0,0
WBGene00194800.,4,8,12
WBGene00194801.,0,2,2
WBGene00194802.,0,0,0
WBGene00194803.,0,26,26
WBGene00194804.,0,1,1
WBGene00194805.,0,0,0
WBGene00194806.,0,1,1
WBGene00194807.,0,7,7
WBGene00194808.,0,0,0
WBGene00194809.,0,0,0
WBGene00194810.,0,2,2
WBGene00194811.,0,2,2
WBGene00194812.,0,34,34
WBGene00194814.,17,190,207
WBGene00194815.,25,10,35
WBGene00194816.,3,26,29
WBGene00194821.,0,4,4
WBGene00194822.,0,0,0
WBGene00194823.,0,0,0
WBGene00194824.,0,3,3
WBGene00194825.,0,0,0
WBGene00194826.,0,0,0
WBGene00194827.,0,11,11
WBGene00194828.,0,0,0
WBGene00194829.,0,0,0
WBGene00194830.,0,0,0
WBGene00194831.,0,0,0
WBGene00194832.,0,45,45
WBGene00194833.,0,3,3
WBGene00194834.,1,1,2
WBGene00194835.,4,32,36
WBGene00194836.,360,108,468
WBGene00194839.,0,2,2
WBGene00194840.,0,0,0
WBGene00194841.,0,4,4
WBGene00194842.,20,1,21
WBGene00194843.,2,2,4
WBGene00194844.,4,5,9
WBGene00194847.,1,4,5
WBGene00194848.,6,4,10
WBGene00194849.,7,16,23
WBGene00194850.,1,7,8
WBGene00194851.,0,0,0
WBGene00194852.,5,30,35
WBGene00194853.,5,0,5
WBGene00194854.,0,0,0
WBGene00194855.,17,87,104
WBGene00194856.,234,95,329
WBGene00194861.,4,12,16
WBGene00194864.,0,0,0
WBGene00194865.,2,0,2
WBGene00194866.,66,131,197
WBGene00194867.,4,0,4
WBGene00194868.,32,7,39
WBGene00194869.,0,298,298
WBGene00194870.,33,48,81
WBGene00194871.,2,1,3
WBGene00194883.,34,740,774
WBGene00194884.,2,1,3
WBGene00194885.,0,0,0
WBGene00194886.,2,13,15
WBGene00194888.,1,2,3
WBGene00194890.,56,0,56
WBGene00194891.,0,4,4
WBGene00194892.,24,60,84
WBGene00194894.,2,2,4
WBGene00194895.,7,139,146
WBGene00194896.,59,1,60
WBGene00194898.,0,0,0
WBGene00194902.,6,5,11
WBGene00194905.,73,504,577
WBGene00194906.,6,5,11
WBGene00194907.,0,3,3
WBGene00194908.,56,248,304
WBGene00194909.,76,466,542
WBGene00194910.,87,156,243
WBGene00194912.,1,4,5
WBGene00194913.,114,126,240
WBGene00194914.,0,1,1
WBGene00194915.,9,92,101
WBGene00194916.,1,6,7
WBGene00194917.,8,22,30
WBGene00194918.,2,1,3
WBGene00194919.,2,6,8
WBGene00194920.,1,2,3
WBGene00194921.,108,940,1048
WBGene00194922.,0,8,8
WBGene00194923.,0,6,6
WBGene00194924.,0,0,0
WBGene00194925.,0,0,0
WBGene00194926.,54,369,423
WBGene00194927.,0,0,0
WBGene00194928.,14,93,107
WBGene00194929.,0,6,6
WBGene00194930.,0,2,2
WBGene00194931.,0,0,0
WBGene00194932.,0,1,1
WBGene00194933.,0,0,0
WBGene00194934.,5,158,163
WBGene00194935.,0,0,0
WBGene00194939.,0,3,3
WBGene00194940.,0,5,5
WBGene00194945.,2,0,2
WBGene00194951.,0,1,1
WBGene00194952.,0,11,11
WBGene00194955.,55,41,96
WBGene00194957.,4,7,11
WBGene00194981.,3,0,3
WBGene00194982.,46,314,360
WBGene00194983.,0,0,0
WBGene00194984.,0,0,0
WBGene00194985.,1,1,2
WBGene00194986.,0,0,0
WBGene00194987.,0,0,0
WBGene00194988.,0,0,0
WBGene00194989.,0,0,0
WBGene00194990.,0,0,0
WBGene00194991.,0,0,0
WBGene00194992.,0,9,9
WBGene00194993.,0,16,16
WBGene00194994.,0,0,0
WBGene00194995.,0,1,1
WBGene00194996.,0,0,0
WBGene00194997.,0,1,1
WBGene00194998.,4,48,52
WBGene00194999.,0,1,1
WBGene00195000.,0,28,28
WBGene00195001.,0,2,2
WBGene00195002.,0,0,0
WBGene00195003.,1,2,3
WBGene00195004.,13,132,145
WBGene00195005.,0,110,110
WBGene00195006.,5,7,12
WBGene00195007.,0,0,0
WBGene00195008.,0,0,0
WBGene00195009.,2,0,2
WBGene00195010.,0,3,3
WBGene00195011.,30,68,98
WBGene00195012.,15,10,25
WBGene00195016.,0,15,15
WBGene00195017.,0,17,17
WBGene00195018.,0,0,0
WBGene00195019.,0,0,0
WBGene00195020.,0,0,0
WBGene00195021.,0,0,0
WBGene00195022.,0,0,0
WBGene00195023.,0,0,0
WBGene00195024.,0,4,4
WBGene00195025.,0,0,0
WBGene00195026.,0,0,0
WBGene00195027.,0,0,0
WBGene00195028.,0,0,0
WBGene00195029.,0,0,0
WBGene00195030.,0,0,0
WBGene00195031.,0,0,0
WBGene00195032.,0,0,0
WBGene00195033.,0,0,0
WBGene00195034.,0,0,0
WBGene00195035.,0,0,0
WBGene00195036.,0,0,0
WBGene00195037.,0,0,0
WBGene00195038.,0,0,0
WBGene00195039.,0,0,0
WBGene00195040.,0,8,8
WBGene00195043.,0,324,324
WBGene00195045.,6,11,17
WBGene00195046.,5,3,8
WBGene00195048.,7,2,9
WBGene00195049.,5,18,23
WBGene00195050.,12,56,68
WBGene00195051.,0,15,15
WBGene00195056.,61,534,595
WBGene00195057.,1,3,4
WBGene00195058.,24,5,29
WBGene00195060.,47,832,879
WBGene00195061.,4,5,9
WBGene00195063.,73,893,966
WBGene00195064.,13,0,13
WBGene00195065.,0,2,2
WBGene00195067.,18,95,113
WBGene00195068.,21,36,57
WBGene00195069.,1,13,14
WBGene00195070.,0,1,1
WBGene00195071.,0,3,3
WBGene00195072.,0,0,0
WBGene00195073.,220,967,1187
WBGene00195077.,1,11,12
WBGene00195081.,14,45,59
WBGene00195084.,53,287,340
WBGene00195086.,16,330,346
WBGene00195093.,42,765,807
WBGene00195117.,0,6,6
WBGene00195142.,0,353,353
WBGene00195143.,138,411,549
WBGene00195144.,6,8,14
WBGene00195145.,43,65,108
WBGene00195146.,0,178,178
WBGene00195147.,19,10,29
WBGene00195148.,3,6,9
WBGene00195149.,1,0,1
WBGene00195150.,0,2,2
WBGene00195151.,0,0,0
WBGene00195154.,2,7,9
WBGene00195155.,2,11,13
WBGene00195157.,17,19,36
WBGene00195158.,0,0,0
WBGene00195159.,0,20,20
WBGene00195160.,0,0,0
WBGene00195164.,1,30,31
WBGene00195165.,2,2,4
WBGene00195166.,24,614,638
WBGene00195168.,0,1,1
WBGene00195169.,8,32,40
WBGene00195170.,5,49,54
WBGene00195171.,6,0,6
WBGene00195172.,6,0,6
WBGene00195174.,8,4,12
WBGene00195175.,0,502,502
WBGene00195176.,5,35,40
WBGene00195177.,0,1,1
WBGene00195178.,3,11,14
WBGene00195179.,3,6,9
WBGene00195180.,13,63,76
WBGene00195181.,0,0,0
WBGene00195182.,5,8,13
WBGene00195183.,5,28,33
WBGene00195184.,4,47,51
WBGene00195185.,372,464,836
WBGene00195186.,25,168,193
WBGene00195188.,0,2,2
WBGene00195189.,8,52,60
WBGene00195192.,16,78,94
WBGene00195208.,6,55,61
WBGene00195209.,0,25,25
WBGene00195210.,15,37,52
WBGene00195211.,8,12,20
WBGene00195212.,23,55,78
WBGene00195213.,2,3,5
WBGene00195214.,0,0,0
WBGene00195215.,2,8,10
WBGene00195226.,4,14,18
WBGene00195227.,1,3,4
WBGene00195228.,0,1,1
WBGene00195229.,0,0,0
WBGene00195230.,0,0,0
WBGene00195231.,0,0,0
WBGene00195232.,10,8,18
WBGene00195233.,97,1341,1438
WBGene00195234.,2,8,10
WBGene00195235.,1,1,2
WBGene00195236.,0,0,0
WBGene00195237.,0,0,0
WBGene00195238.,0,0,0
WBGene00195239.,39,407,446
WBGene00195240.,0,7,7
WBGene00195241.,0,0,0
WBGene00195242.,0,1,1
WBGene00195243.,1,7,8
WBGene00195244.,1,16,17
WBGene00195245.,0,67,67
WBGene00195246.,11,28,39
WBGene00195247.,0,1,1
WBGene00195248.,10,48,58
WBGene00195250.,3,6,9
WBGene00195252.,20,4,24
WBGene00195253.,11,91,102
WBGene00195254.,2,1,3
WBGene00195255.,16,35,51
WBGene00195256.,5,2,7
WBGene00195257.,83,135,218
WBGene00195258.,0,1,1
WBGene00195259.,0,0,0
WBGene00195260.,0,0,0
WBGene00195261.,0,3,3
WBGene00195262.,0,2,2
WBGene00195263.,0,0,0
WBGene00195264.,0,0,0
WBGene00195265.,0,1,1
WBGene00195266.,0,2,2
WBGene00195267.,0,2,2
WBGene00195268.,0,4,4
WBGene00195269.,0,0,0
WBGene00195270.,0,1,1
WBGene00195271.,0,0,0
WBGene00195272.,0,0,0
WBGene00195273.,0,0,0
WBGene00195274.,0,0,0
WBGene00195275.,0,1,1
WBGene00195276.,0,0,0
WBGene00195277.,0,0,0
WBGene00195278.,0,1,1
WBGene00195279.,0,0,0
WBGene00195280.,0,0,0
WBGene00195281.,0,0,0
WBGene00195282.,0,0,0
WBGene00195283.,0,0,0
WBGene00195284.,0,0,0
WBGene00195285.,0,0,0
WBGene00195286.,0,3,3
WBGene00195287.,0,1,1
WBGene00195288.,0,0,0
WBGene00195289.,0,1,1
WBGene00195290.,0,0,0
WBGene00195291.,0,0,0
WBGene00195292.,0,0,0
WBGene00195293.,0,0,0
WBGene00195294.,0,1,1
WBGene00195295.,0,6,6
WBGene00195296.,0,0,0
WBGene00195297.,0,0,0
WBGene00195298.,0,0,0
WBGene00195299.,0,2,2
WBGene00195300.,0,0,0
WBGene00195301.,0,0,0
WBGene00195302.,0,10,10
WBGene00195303.,0,0,0
WBGene00195304.,0,1,1
WBGene00195305.,0,0,0
WBGene00195306.,0,0,0
WBGene00195307.,0,0,0
WBGene00195308.,0,1,1
WBGene00195309.,0,1,1
WBGene00195310.,0,0,0
WBGene00195311.,0,1,1
WBGene00195312.,0,0,0
WBGene00195313.,0,0,0
WBGene00195314.,0,0,0
WBGene00195315.,0,0,0
WBGene00195316.,0,0,0
WBGene00195317.,0,0,0
WBGene00195318.,0,0,0
WBGene00195319.,0,5,5
WBGene00195320.,0,0,0
WBGene00195321.,0,0,0
WBGene00195322.,0,0,0
WBGene00195323.,0,0,0
WBGene00195324.,0,0,0
WBGene00195325.,0,5,5
WBGene00195326.,0,2,2
WBGene00195327.,0,0,0
WBGene00195328.,0,3,3
WBGene00195329.,0,0,0
WBGene00195330.,0,32,32
WBGene00195331.,0,7,7
WBGene00195332.,0,0,0
WBGene00195333.,0,4,4
WBGene00195334.,0,0,0
WBGene00195335.,0,2,2
WBGene00195336.,0,0,0
WBGene00195337.,0,0,0
WBGene00195338.,0,0,0
WBGene00195339.,0,1,1
WBGene00195340.,0,1,1
WBGene00195341.,0,0,0
WBGene00195342.,0,0,0
WBGene00195343.,0,0,0
WBGene00195344.,0,0,0
WBGene00195345.,0,0,0
WBGene00195346.,0,0,0
WBGene00195347.,0,4,4
WBGene00195348.,0,0,0
WBGene00195349.,0,0,0
WBGene00195350.,0,0,0
WBGene00195351.,0,4,4
WBGene00195352.,0,0,0
WBGene00195353.,0,0,0
WBGene00195354.,0,8,8
WBGene00195355.,0,0,0
WBGene00195356.,0,28,28
WBGene00195357.,0,1,1
WBGene00195358.,0,0,0
WBGene00195359.,0,2,2
WBGene00195360.,0,1,1
WBGene00195361.,0,0,0
WBGene00195362.,0,0,0
WBGene00195363.,0,67,67
WBGene00195364.,0,0,0
WBGene00195365.,0,2,2
WBGene00195366.,0,35,35
WBGene00195367.,0,0,0
WBGene00195368.,0,0,0
WBGene00195369.,0,0,0
WBGene00195370.,0,4,4
WBGene00195371.,0,2,2
WBGene00195372.,0,1,1
WBGene00195373.,0,0,0
WBGene00195374.,0,0,0
WBGene00195375.,0,0,0
WBGene00195376.,0,0,0
WBGene00195377.,0,0,0
WBGene00195378.,0,2,2
WBGene00195379.,0,0,0
WBGene00195380.,0,0,0
WBGene00195381.,0,0,0
WBGene00195382.,0,2,2
WBGene00195383.,0,0,0
WBGene00195384.,0,1,1
WBGene00195385.,0,0,0
WBGene00195386.,0,3,3
WBGene00195387.,0,1,1
WBGene00195388.,0,0,0
WBGene00195389.,0,1,1
WBGene00195390.,0,4,4
WBGene00195391.,0,2,2
WBGene00195392.,0,0,0
WBGene00195393.,0,0,0
WBGene00195394.,0,0,0
WBGene00195395.,0,0,0
WBGene00195396.,0,0,0
WBGene00195397.,0,0,0
WBGene00195398.,0,3,3
WBGene00195399.,0,2,2
WBGene00195400.,0,9,9
WBGene00195401.,0,2,2
WBGene00195402.,0,1,1
WBGene00195403.,0,4,4
WBGene00195404.,0,0,0
WBGene00195405.,0,30,30
WBGene00195406.,0,2,2
WBGene00195407.,0,0,0
WBGene00195408.,0,1,1
WBGene00195409.,0,0,0
WBGene00195410.,0,0,0
WBGene00195411.,0,0,0
WBGene00195412.,0,0,0
WBGene00195413.,0,0,0
WBGene00195414.,0,10,10
WBGene00195415.,0,0,0
WBGene00195416.,0,1,1
WBGene00195417.,0,5,5
WBGene00195418.,0,0,0
WBGene00195419.,0,3,3
WBGene00195420.,0,0,0
WBGene00195421.,0,4,4
WBGene00195422.,0,0,0
WBGene00195423.,0,3,3
WBGene00195424.,0,3,3
WBGene00195425.,0,0,0
WBGene00195426.,0,12,12
WBGene00195427.,0,4,4
WBGene00195428.,0,2,2
WBGene00195429.,0,0,0
WBGene00195430.,0,0,0
WBGene00195431.,0,0,0
WBGene00195432.,0,0,0
WBGene00195433.,0,0,0
WBGene00195434.,0,0,0
WBGene00195435.,0,0,0
WBGene00195436.,0,26,26
WBGene00195437.,0,0,0
WBGene00195438.,0,2,2
WBGene00195439.,0,0,0
WBGene00195440.,0,1,1
WBGene00195441.,0,1,1
WBGene00195442.,0,0,0
WBGene00195443.,0,0,0
WBGene00195444.,0,0,0
WBGene00195445.,0,0,0
WBGene00195446.,0,0,0
WBGene00195447.,0,1,1
WBGene00195448.,0,5,5
WBGene00195449.,0,1,1
WBGene00195450.,0,1,1
WBGene00195451.,0,0,0
WBGene00195452.,0,0,0
WBGene00195453.,0,19,19
WBGene00195454.,0,24,24
WBGene00195455.,0,0,0
WBGene00195456.,0,8,8
WBGene00195457.,0,0,0
WBGene00195458.,0,3,3
WBGene00195459.,0,0,0
WBGene00195460.,0,0,0
WBGene00195461.,0,0,0
WBGene00195462.,0,0,0
WBGene00195463.,0,0,0
WBGene00195464.,0,0,0
WBGene00195465.,0,0,0
WBGene00195466.,0,1,1
WBGene00195467.,0,6,6
WBGene00195468.,0,2,2
WBGene00195469.,0,0,0
WBGene00195470.,0,0,0
WBGene00195471.,0,0,0
WBGene00195472.,0,1,1
WBGene00195473.,0,1,1
WBGene00195474.,0,4,4
WBGene00195475.,0,0,0
WBGene00195476.,0,0,0
WBGene00195477.,0,0,0
WBGene00195478.,0,0,0
WBGene00195479.,0,1,1
WBGene00195480.,0,1,1
WBGene00195481.,0,0,0
WBGene00195482.,0,0,0
WBGene00195483.,0,2,2
WBGene00195484.,0,6,6
WBGene00195485.,0,1,1
WBGene00195486.,0,2,2
WBGene00195487.,0,10,10
WBGene00195488.,0,0,0
WBGene00195489.,0,0,0
WBGene00195490.,0,0,0
WBGene00195491.,0,3,3
WBGene00195492.,0,0,0
WBGene00195493.,0,6,6
WBGene00195494.,0,7,7
WBGene00195495.,0,5,5
WBGene00195496.,0,0,0
WBGene00195497.,0,3,3
WBGene00195498.,0,0,0
WBGene00195499.,0,1,1
WBGene00195500.,0,1,1
WBGene00195501.,0,5,5
WBGene00195502.,0,0,0
WBGene00195503.,0,0,0
WBGene00195504.,0,4,4
WBGene00195505.,0,1,1
WBGene00195506.,0,0,0
WBGene00195507.,0,1,1
WBGene00195508.,0,0,0
WBGene00195509.,0,3,3
WBGene00195510.,0,4,4
WBGene00195511.,0,5,5
WBGene00195512.,0,0,0
WBGene00195513.,0,0,0
WBGene00195514.,0,0,0
WBGene00195515.,0,1,1
WBGene00195516.,0,0,0
WBGene00195517.,0,0,0
WBGene00195518.,0,0,0
WBGene00195519.,0,0,0
WBGene00195520.,0,8,8
WBGene00195521.,0,1,1
WBGene00195522.,0,1,1
WBGene00195523.,0,0,0
WBGene00195524.,0,0,0
WBGene00195525.,0,3,3
WBGene00195526.,0,0,0
WBGene00195527.,0,0,0
WBGene00195528.,0,3,3
WBGene00195529.,0,0,0
WBGene00195530.,0,0,0
WBGene00195531.,0,7,7
WBGene00195532.,0,1,1
WBGene00195533.,0,0,0
WBGene00195534.,0,2,2
WBGene00195535.,0,0,0
WBGene00195536.,0,0,0
WBGene00195537.,0,0,0
WBGene00195538.,0,0,0
WBGene00195539.,0,0,0
WBGene00195540.,0,0,0
WBGene00195541.,0,1,1
WBGene00195542.,0,48,48
WBGene00195543.,0,1,1
WBGene00195544.,0,0,0
WBGene00195545.,0,2,2
WBGene00195546.,0,0,0
WBGene00195547.,0,0,0
WBGene00195548.,0,2,2
WBGene00195549.,0,0,0
WBGene00195550.,0,4,4
WBGene00195551.,0,0,0
WBGene00195552.,0,11,11
WBGene00195553.,0,0,0
WBGene00195554.,0,1,1
WBGene00195555.,0,0,0
WBGene00195556.,0,2,2
WBGene00195557.,0,0,0
WBGene00195558.,0,3,3
WBGene00195559.,0,4,4
WBGene00195560.,0,0,0
WBGene00195561.,0,0,0
WBGene00195562.,0,6,6
WBGene00195563.,0,6,6
WBGene00195564.,0,4,4
WBGene00195565.,0,1,1
WBGene00195566.,0,1,1
WBGene00195567.,0,0,0
WBGene00195568.,0,7,7
WBGene00195569.,0,0,0
WBGene00195570.,0,10,10
WBGene00195571.,0,0,0
WBGene00195572.,0,3,3
WBGene00195573.,0,0,0
WBGene00195574.,0,8,8
WBGene00195575.,0,3,3
WBGene00195576.,0,2,2
WBGene00195577.,0,1,1
WBGene00195578.,0,0,0
WBGene00195579.,0,0,0
WBGene00195580.,0,0,0
WBGene00195581.,0,0,0
WBGene00195582.,0,0,0
WBGene00195583.,0,0,0
WBGene00195584.,0,1,1
WBGene00195585.,0,4,4
WBGene00195586.,0,15,15
WBGene00195587.,0,0,0
WBGene00195588.,0,28,28
WBGene00195589.,0,1,1
WBGene00195590.,0,10,10
WBGene00195591.,0,4,4
WBGene00195592.,0,0,0
WBGene00195593.,0,0,0
WBGene00195594.,0,2,2
WBGene00195595.,0,0,0
WBGene00195596.,0,2,2
WBGene00195597.,0,0,0
WBGene00195598.,0,1,1
WBGene00195599.,0,0,0
WBGene00195600.,0,0,0
WBGene00195601.,0,9,9
WBGene00195602.,0,0,0
WBGene00195603.,0,0,0
WBGene00195604.,0,1,1
WBGene00195605.,0,0,0
WBGene00195606.,0,3,3
WBGene00195607.,0,0,0
WBGene00195608.,0,0,0
WBGene00195609.,0,0,0
WBGene00195610.,0,0,0
WBGene00195611.,0,0,0
WBGene00195612.,0,0,0
WBGene00195613.,0,2,2
WBGene00195614.,0,1,1
WBGene00195615.,0,6,6
WBGene00195616.,0,11,11
WBGene00195617.,0,0,0
WBGene00195618.,0,2,2
WBGene00195619.,0,0,0
WBGene00195620.,0,0,0
WBGene00195621.,0,1,1
WBGene00195622.,0,0,0
WBGene00195623.,0,11,11
WBGene00195624.,0,0,0
WBGene00195625.,0,0,0
WBGene00195626.,0,0,0
WBGene00195627.,0,0,0
WBGene00195628.,0,3,3
WBGene00195629.,0,0,0
WBGene00195630.,0,12,12
WBGene00195631.,0,0,0
WBGene00195632.,0,0,0
WBGene00195633.,0,1,1
WBGene00195634.,0,0,0
WBGene00195635.,0,2,2
WBGene00195636.,0,2,2
WBGene00195637.,0,2,2
WBGene00195638.,0,0,0
WBGene00195639.,0,4,4
WBGene00195640.,0,0,0
WBGene00195641.,0,0,0
WBGene00195642.,0,0,0
WBGene00195643.,0,0,0
WBGene00195644.,0,0,0
WBGene00195645.,0,0,0
WBGene00195646.,0,0,0
WBGene00195647.,0,5,5
WBGene00195648.,0,13,13
WBGene00195649.,0,0,0
WBGene00195650.,0,5,5
WBGene00195651.,0,1,1
WBGene00195652.,0,0,0
WBGene00195653.,0,0,0
WBGene00195654.,0,1,1
WBGene00195655.,0,0,0
WBGene00195656.,0,25,25
WBGene00195657.,0,1,1
WBGene00195658.,0,0,0
WBGene00195659.,0,2,2
WBGene00195660.,0,0,0
WBGene00195661.,0,3,3
WBGene00195662.,0,1,1
WBGene00195663.,0,1,1
WBGene00195664.,0,3,3
WBGene00195665.,0,0,0
WBGene00195666.,0,4,4
WBGene00195667.,0,0,0
WBGene00195668.,0,0,0
WBGene00195669.,0,0,0
WBGene00195670.,0,0,0
WBGene00195671.,0,0,0
WBGene00195672.,0,0,0
WBGene00195673.,0,0,0
WBGene00195674.,0,0,0
WBGene00195675.,0,1,1
WBGene00195676.,0,0,0
WBGene00195677.,0,1,1
WBGene00195678.,0,0,0
WBGene00195679.,0,0,0
WBGene00195680.,0,0,0
WBGene00195681.,0,0,0
WBGene00195682.,0,0,0
WBGene00195683.,0,0,0
WBGene00195684.,0,0,0
WBGene00195685.,0,3,3
WBGene00195686.,0,0,0
WBGene00195687.,0,4,4
WBGene00195688.,0,0,0
WBGene00195689.,0,4,4
WBGene00195690.,0,0,0
WBGene00195691.,0,6,6
WBGene00195692.,0,0,0
WBGene00195693.,0,16,16
WBGene00195694.,0,3,3
WBGene00195695.,0,0,0
WBGene00195696.,0,0,0
WBGene00195697.,0,1,1
WBGene00195698.,0,0,0
WBGene00195699.,0,2,2
WBGene00195700.,0,1,1
WBGene00195701.,0,1,1
WBGene00195702.,0,0,0
WBGene00195703.,0,2,2
WBGene00195704.,0,0,0
WBGene00195705.,0,24,24
WBGene00195706.,0,0,0
WBGene00195707.,0,0,0
WBGene00195708.,0,4,4
WBGene00195709.,0,0,0
WBGene00195710.,0,1,1
WBGene00195711.,0,0,0
WBGene00195712.,0,4,4
WBGene00195713.,0,10,10
WBGene00195714.,0,1,1
WBGene00195715.,0,0,0
WBGene00195716.,0,14,14
WBGene00195717.,0,3,3
WBGene00195718.,0,2,2
WBGene00195719.,0,1,1
WBGene00195720.,0,2,2
WBGene00195721.,0,1,1
WBGene00195722.,0,7,7
WBGene00195723.,0,15,15
WBGene00195724.,0,0,0
WBGene00195725.,0,0,0
WBGene00195726.,0,1,1
WBGene00195727.,0,0,0
WBGene00195728.,0,114,114
WBGene00195729.,0,1,1
WBGene00195730.,0,0,0
WBGene00195731.,0,3,3
WBGene00195732.,0,3,3
WBGene00195733.,0,0,0
WBGene00195734.,0,1,1
WBGene00195735.,0,4,4
WBGene00195736.,0,0,0
WBGene00195737.,0,3,3
WBGene00195738.,0,0,0
WBGene00195739.,0,0,0
WBGene00195740.,0,6,6
WBGene00195741.,0,0,0
WBGene00195742.,0,0,0
WBGene00195743.,0,0,0
WBGene00195744.,0,2,2
WBGene00195745.,0,2,2
WBGene00195746.,0,0,0
WBGene00195747.,0,1,1
WBGene00195748.,0,0,0
WBGene00195749.,0,0,0
WBGene00195750.,0,0,0
WBGene00195751.,0,0,0
WBGene00195752.,0,3,3
WBGene00195753.,0,0,0
WBGene00195754.,0,3,3
WBGene00195755.,0,2,2
WBGene00195756.,0,0,0
WBGene00195757.,0,0,0
WBGene00195758.,0,0,0
WBGene00195759.,0,7,7
WBGene00195760.,0,0,0
WBGene00195761.,0,7,7
WBGene00195762.,0,3,3
WBGene00195763.,0,0,0
WBGene00195764.,0,0,0
WBGene00195765.,0,3,3
WBGene00195766.,0,1,1
WBGene00195767.,0,0,0
WBGene00195768.,0,0,0
WBGene00195769.,0,0,0
WBGene00195770.,0,0,0
WBGene00195771.,0,0,0
WBGene00195772.,0,0,0
WBGene00195773.,0,0,0
WBGene00195774.,0,0,0
WBGene00195775.,0,9,9
WBGene00195776.,0,7,7
WBGene00195777.,0,7,7
WBGene00195778.,0,0,0
WBGene00195779.,0,0,0
WBGene00195780.,0,4,4
WBGene00195781.,0,1,1
WBGene00195782.,0,10,10
WBGene00195783.,0,2,2
WBGene00195784.,0,35,35
WBGene00195785.,0,46,46
WBGene00195786.,0,4,4
WBGene00195787.,0,5,5
WBGene00195788.,0,0,0
WBGene00195789.,0,3,3
WBGene00195790.,0,0,0
WBGene00195791.,0,8,8
WBGene00195792.,0,3,3
WBGene00195793.,0,0,0
WBGene00195794.,0,0,0
WBGene00195795.,0,3,3
WBGene00195796.,0,0,0
WBGene00195797.,0,0,0
WBGene00195798.,0,0,0
WBGene00195799.,0,0,0
WBGene00195800.,0,0,0
WBGene00195801.,0,2,2
WBGene00195802.,0,1,1
WBGene00195803.,0,2,2
WBGene00195804.,0,4,4
WBGene00195805.,0,1,1
WBGene00195806.,0,0,0
WBGene00195807.,0,1,1
WBGene00195808.,0,1,1
WBGene00195809.,0,0,0
WBGene00195810.,0,0,0
WBGene00195811.,0,0,0
WBGene00195812.,0,0,0
WBGene00195813.,0,0,0
WBGene00195814.,0,18,18
WBGene00195815.,0,0,0
WBGene00195816.,0,0,0
WBGene00195817.,0,3,3
WBGene00195818.,0,4,4
WBGene00195819.,0,13,13
WBGene00195820.,0,0,0
WBGene00195821.,0,0,0
WBGene00195822.,0,0,0
WBGene00195823.,0,4,4
WBGene00195824.,0,1,1
WBGene00195825.,0,0,0
WBGene00195826.,0,40,40
WBGene00195827.,0,0,0
WBGene00195828.,0,0,0
WBGene00195829.,0,0,0
WBGene00195830.,0,0,0
WBGene00195831.,0,1,1
WBGene00195832.,0,0,0
WBGene00195833.,0,11,11
WBGene00195834.,0,0,0
WBGene00195835.,0,0,0
WBGene00195836.,0,1,1
WBGene00195837.,0,3,3
WBGene00195838.,0,1,1
WBGene00195839.,0,0,0
WBGene00195840.,0,12,12
WBGene00195841.,0,1,1
WBGene00195842.,0,0,0
WBGene00195843.,0,3,3
WBGene00195844.,0,0,0
WBGene00195845.,0,1,1
WBGene00195846.,0,0,0
WBGene00195847.,0,0,0
WBGene00195848.,0,0,0
WBGene00195849.,0,0,0
WBGene00195850.,0,6,6
WBGene00195851.,0,2,2
WBGene00195852.,0,2,2
WBGene00195853.,0,9,9
WBGene00195854.,0,0,0
WBGene00195855.,0,2,2
WBGene00195856.,0,1,1
WBGene00195857.,0,0,0
WBGene00195858.,0,0,0
WBGene00195859.,0,6,6
WBGene00195860.,0,0,0
WBGene00195861.,0,1,1
WBGene00195862.,0,2,2
WBGene00195863.,0,0,0
WBGene00195864.,0,5,5
WBGene00195865.,0,1,1
WBGene00195866.,0,1,1
WBGene00195867.,0,0,0
WBGene00195868.,0,1,1
WBGene00195869.,0,0,0
WBGene00195870.,0,0,0
WBGene00195871.,0,2,2
WBGene00195872.,0,0,0
WBGene00195873.,0,3,3
WBGene00195874.,0,0,0
WBGene00195875.,0,0,0
WBGene00195876.,0,2,2
WBGene00195877.,0,2,2
WBGene00195878.,0,1,1
WBGene00195879.,0,6,6
WBGene00195880.,0,0,0
WBGene00195881.,0,2,2
WBGene00195882.,0,39,39
WBGene00195883.,0,1,1
WBGene00195884.,0,1,1
WBGene00195885.,0,2,2
WBGene00195886.,0,1,1
WBGene00195887.,0,27,27
WBGene00195888.,0,0,0
WBGene00195889.,0,36,36
WBGene00195890.,0,3,3
WBGene00195891.,0,3,3
WBGene00195892.,0,0,0
WBGene00195893.,0,3,3
WBGene00195894.,0,0,0
WBGene00195895.,0,0,0
WBGene00195896.,0,4,4
WBGene00195897.,0,5,5
WBGene00195898.,0,0,0
WBGene00195899.,0,3,3
WBGene00195900.,0,4,4
WBGene00195901.,0,1,1
WBGene00195902.,0,0,0
WBGene00195903.,0,0,0
WBGene00195904.,0,0,0
WBGene00195905.,0,0,0
WBGene00195906.,0,1,1
WBGene00195907.,0,5,5
WBGene00195908.,0,1,1
WBGene00195909.,0,3,3
WBGene00195910.,0,13,13
WBGene00195911.,0,0,0
WBGene00195912.,0,0,0
WBGene00195913.,0,0,0
WBGene00195914.,0,35,35
WBGene00195915.,0,0,0
WBGene00195916.,0,0,0
WBGene00195917.,0,0,0
WBGene00195918.,0,0,0
WBGene00195919.,0,2,2
WBGene00195920.,0,0,0
WBGene00195921.,0,43,43
WBGene00195922.,0,0,0
WBGene00195923.,0,0,0
WBGene00195924.,0,0,0
WBGene00195925.,0,0,0
WBGene00195926.,0,1,1
WBGene00195927.,0,4,4
WBGene00195928.,0,0,0
WBGene00195929.,0,0,0
WBGene00195930.,0,1,1
WBGene00195931.,0,0,0
WBGene00195932.,0,0,0
WBGene00195933.,0,0,0
WBGene00195934.,0,0,0
WBGene00195935.,0,20,20
WBGene00195936.,0,0,0
WBGene00195937.,0,0,0
WBGene00195938.,0,0,0
WBGene00195939.,0,6,6
WBGene00195940.,0,1,1
WBGene00195941.,0,2,2
WBGene00195942.,0,0,0
WBGene00195943.,0,0,0
WBGene00195944.,0,0,0
WBGene00195945.,0,0,0
WBGene00195946.,0,1,1
WBGene00195947.,0,22,22
WBGene00195948.,0,2,2
WBGene00195949.,0,0,0
WBGene00195950.,0,1,1
WBGene00195951.,0,0,0
WBGene00195952.,0,4,4
WBGene00195953.,0,0,0
WBGene00195954.,0,2,2
WBGene00195955.,0,0,0
WBGene00195956.,0,0,0
WBGene00195957.,0,1,1
WBGene00195958.,0,0,0
WBGene00195959.,0,1,1
WBGene00195960.,0,0,0
WBGene00195961.,0,15,15
WBGene00195962.,0,0,0
WBGene00195963.,0,1,1
WBGene00195964.,0,0,0
WBGene00195965.,0,0,0
WBGene00195966.,0,3,3
WBGene00195967.,0,0,0
WBGene00195968.,0,1,1
WBGene00195969.,0,0,0
WBGene00195970.,0,3,3
WBGene00195971.,0,3,3
WBGene00195972.,0,0,0
WBGene00195973.,0,6,6
WBGene00195974.,0,4,4
WBGene00195975.,0,2,2
WBGene00195976.,0,2,2
WBGene00195977.,0,0,0
WBGene00195978.,0,0,0
WBGene00195979.,0,36,36
WBGene00195980.,0,0,0
WBGene00195981.,0,0,0
WBGene00195982.,0,0,0
WBGene00195983.,0,1,1
WBGene00195984.,0,3,3
WBGene00195985.,0,0,0
WBGene00195986.,0,0,0
WBGene00195987.,0,0,0
WBGene00195988.,0,4,4
WBGene00195989.,0,5,5
WBGene00195990.,0,12,12
WBGene00195991.,0,0,0
WBGene00195992.,0,20,20
WBGene00195993.,0,1,1
WBGene00195994.,0,3,3
WBGene00195995.,0,0,0
WBGene00195996.,0,0,0
WBGene00195997.,0,0,0
WBGene00195998.,0,0,0
WBGene00195999.,0,0,0
WBGene00196000.,0,0,0
WBGene00196001.,0,0,0
WBGene00196002.,0,4,4
WBGene00196003.,0,0,0
WBGene00196004.,0,3,3
WBGene00196005.,0,27,27
WBGene00196006.,0,0,0
WBGene00196007.,0,0,0
WBGene00196008.,0,1,1
WBGene00196009.,0,0,0
WBGene00196010.,0,0,0
WBGene00196011.,0,0,0
WBGene00196012.,0,0,0
WBGene00196013.,0,5,5
WBGene00196014.,0,0,0
WBGene00196015.,0,0,0
WBGene00196016.,0,0,0
WBGene00196017.,0,0,0
WBGene00196018.,0,0,0
WBGene00196019.,0,1,1
WBGene00196020.,0,1,1
WBGene00196021.,0,2,2
WBGene00196022.,0,0,0
WBGene00196023.,0,5,5
WBGene00196024.,0,4,4
WBGene00196025.,0,4,4
WBGene00196026.,0,0,0
WBGene00196027.,0,0,0
WBGene00196028.,0,0,0
WBGene00196029.,0,0,0
WBGene00196030.,0,0,0
WBGene00196031.,0,0,0
WBGene00196032.,0,0,0
WBGene00196033.,0,0,0
WBGene00196034.,0,0,0
WBGene00196035.,0,0,0
WBGene00196036.,0,4,4
WBGene00196037.,0,0,0
WBGene00196038.,0,0,0
WBGene00196039.,0,0,0
WBGene00196040.,0,0,0
WBGene00196041.,0,1,1
WBGene00196042.,0,0,0
WBGene00196043.,0,0,0
WBGene00196044.,0,2,2
WBGene00196045.,0,13,13
WBGene00196046.,0,2,2
WBGene00196047.,0,0,0
WBGene00196048.,0,1,1
WBGene00196049.,0,0,0
WBGene00196050.,0,1,1
WBGene00196051.,0,0,0
WBGene00196052.,0,1,1
WBGene00196053.,0,4,4
WBGene00196054.,0,0,0
WBGene00196055.,0,0,0
WBGene00196056.,0,0,0
WBGene00196057.,0,4,4
WBGene00196058.,0,1,1
WBGene00196059.,0,0,0
WBGene00196060.,0,5,5
WBGene00196061.,0,0,0
WBGene00196062.,0,0,0
WBGene00196063.,0,0,0
WBGene00196064.,0,0,0
WBGene00196065.,0,2,2
WBGene00196066.,0,0,0
WBGene00196067.,0,13,13
WBGene00196068.,0,0,0
WBGene00196069.,0,10,10
WBGene00196070.,0,4,4
WBGene00196071.,0,13,13
WBGene00196072.,0,44,44
WBGene00196073.,0,0,0
WBGene00196074.,0,0,0
WBGene00196075.,0,0,0
WBGene00196076.,0,1,1
WBGene00196077.,0,8,8
WBGene00196078.,0,6,6
WBGene00196079.,0,1,1
WBGene00196080.,0,2,2
WBGene00196081.,0,1,1
WBGene00196082.,0,0,0
WBGene00196083.,0,0,0
WBGene00196084.,0,0,0
WBGene00196085.,0,0,0
WBGene00196086.,0,0,0
WBGene00196087.,0,0,0
WBGene00196088.,0,3,3
WBGene00196089.,0,0,0
WBGene00196090.,0,7,7
WBGene00196091.,0,13,13
WBGene00196092.,0,1,1
WBGene00196093.,0,1,1
WBGene00196094.,0,0,0
WBGene00196095.,0,2,2
WBGene00196096.,0,0,0
WBGene00196097.,0,1,1
WBGene00196098.,0,1,1
WBGene00196099.,0,0,0
WBGene00196100.,0,1,1
WBGene00196101.,0,0,0
WBGene00196102.,0,1,1
WBGene00196103.,0,4,4
WBGene00196104.,0,1,1
WBGene00196105.,0,3,3
WBGene00196106.,0,4,4
WBGene00196107.,0,1,1
WBGene00196108.,0,0,0
WBGene00196109.,0,0,0
WBGene00196110.,0,3,3
WBGene00196111.,0,0,0
WBGene00196112.,0,0,0
WBGene00196113.,0,7,7
WBGene00196114.,0,6,6
WBGene00196115.,0,1,1
WBGene00196116.,0,0,0
WBGene00196117.,0,8,8
WBGene00196118.,0,2,2
WBGene00196119.,0,5,5
WBGene00196120.,0,1,1
WBGene00196121.,0,3,3
WBGene00196122.,0,0,0
WBGene00196123.,0,4,4
WBGene00196124.,0,2,2
WBGene00196125.,0,2,2
WBGene00196126.,0,0,0
WBGene00196127.,0,0,0
WBGene00196128.,0,0,0
WBGene00196129.,0,3,3
WBGene00196130.,0,0,0
WBGene00196131.,0,0,0
WBGene00196132.,0,1,1
WBGene00196133.,0,0,0
WBGene00196134.,0,1,1
WBGene00196135.,0,0,0
WBGene00196136.,0,0,0
WBGene00196137.,0,1,1
WBGene00196138.,0,6,6
WBGene00196139.,0,1,1
WBGene00196140.,0,0,0
WBGene00196141.,0,5,5
WBGene00196142.,0,0,0
WBGene00196143.,0,0,0
WBGene00196144.,0,0,0
WBGene00196145.,0,0,0
WBGene00196146.,0,6,6
WBGene00196147.,0,5,5
WBGene00196148.,0,1,1
WBGene00196149.,0,12,12
WBGene00196150.,0,14,14
WBGene00196151.,0,0,0
WBGene00196152.,0,1,1
WBGene00196153.,0,0,0
WBGene00196154.,0,2,2
WBGene00196155.,0,4,4
WBGene00196156.,0,0,0
WBGene00196157.,0,0,0
WBGene00196158.,0,0,0
WBGene00196159.,0,5,5
WBGene00196160.,0,0,0
WBGene00196161.,0,0,0
WBGene00196162.,0,0,0
WBGene00196163.,0,0,0
WBGene00196164.,0,0,0
WBGene00196165.,0,0,0
WBGene00196166.,0,1,1
WBGene00196167.,0,0,0
WBGene00196168.,0,0,0
WBGene00196169.,0,0,0
WBGene00196170.,0,3,3
WBGene00196171.,0,0,0
WBGene00196172.,0,0,0
WBGene00196173.,0,1,1
WBGene00196174.,0,0,0
WBGene00196175.,0,0,0
WBGene00196176.,0,0,0
WBGene00196177.,0,0,0
WBGene00196178.,0,5,5
WBGene00196179.,0,0,0
WBGene00196180.,0,13,13
WBGene00196181.,0,2,2
WBGene00196182.,0,0,0
WBGene00196183.,0,0,0
WBGene00196184.,0,6,6
WBGene00196185.,0,1,1
WBGene00196186.,0,0,0
WBGene00196187.,0,0,0
WBGene00196188.,0,1,1
WBGene00196189.,0,3,3
WBGene00196190.,0,0,0
WBGene00196191.,0,0,0
WBGene00196192.,0,0,0
WBGene00196193.,0,3,3
WBGene00196194.,0,0,0
WBGene00196195.,0,2,2
WBGene00196196.,0,0,0
WBGene00196197.,0,0,0
WBGene00196198.,0,9,9
WBGene00196199.,0,1,1
WBGene00196200.,0,0,0
WBGene00196201.,0,9,9
WBGene00196202.,0,2,2
WBGene00196203.,0,0,0
WBGene00196204.,0,9,9
WBGene00196205.,0,0,0
WBGene00196206.,0,1,1
WBGene00196207.,0,0,0
WBGene00196208.,0,0,0
WBGene00196209.,0,0,0
WBGene00196210.,0,1,1
WBGene00196211.,0,1,1
WBGene00196212.,0,0,0
WBGene00196213.,0,0,0
WBGene00196214.,0,0,0
WBGene00196215.,0,0,0
WBGene00196216.,0,1,1
WBGene00196217.,0,0,0
WBGene00196218.,0,0,0
WBGene00196219.,0,5,5
WBGene00196220.,0,0,0
WBGene00196221.,0,0,0
WBGene00196222.,0,0,0
WBGene00196223.,0,14,14
WBGene00196224.,0,0,0
WBGene00196225.,0,0,0
WBGene00196226.,0,3,3
WBGene00196227.,0,0,0
WBGene00196228.,0,0,0
WBGene00196229.,0,0,0
WBGene00196230.,0,2,2
WBGene00196231.,0,1,1
WBGene00196232.,0,0,0
WBGene00196233.,0,0,0
WBGene00196234.,0,0,0
WBGene00196235.,0,6,6
WBGene00196236.,0,0,0
WBGene00196237.,0,11,11
WBGene00196238.,0,0,0
WBGene00196239.,0,1,1
WBGene00196240.,0,13,13
WBGene00196241.,0,1,1
WBGene00196242.,0,0,0
WBGene00196243.,0,0,0
WBGene00196244.,0,1,1
WBGene00196245.,0,0,0
WBGene00196246.,0,1,1
WBGene00196247.,0,0,0
WBGene00196248.,0,0,0
WBGene00196249.,0,0,0
WBGene00196250.,0,1,1
WBGene00196251.,0,0,0
WBGene00196252.,0,6,6
WBGene00196253.,0,0,0
WBGene00196254.,0,10,10
WBGene00196255.,0,1,1
WBGene00196256.,0,0,0
WBGene00196257.,0,61,61
WBGene00196258.,0,1,1
WBGene00196259.,0,1,1
WBGene00196260.,0,1,1
WBGene00196261.,0,0,0
WBGene00196262.,0,2,2
WBGene00196263.,0,0,0
WBGene00196264.,0,15,15
WBGene00196265.,0,2,2
WBGene00196266.,0,1,1
WBGene00196267.,0,3,3
WBGene00196268.,0,0,0
WBGene00196269.,0,0,0
WBGene00196270.,0,4,4
WBGene00196271.,0,1,1
WBGene00196272.,0,0,0
WBGene00196273.,0,1,1
WBGene00196274.,0,0,0
WBGene00196275.,0,3,3
WBGene00196276.,0,0,0
WBGene00196277.,0,2,2
WBGene00196278.,0,0,0
WBGene00196279.,0,2,2
WBGene00196280.,0,0,0
WBGene00196281.,0,0,0
WBGene00196282.,0,2,2
WBGene00196283.,0,0,0
WBGene00196284.,0,0,0
WBGene00196285.,0,18,18
WBGene00196286.,0,0,0
WBGene00196287.,0,0,0
WBGene00196288.,0,11,11
WBGene00196289.,0,9,9
WBGene00196290.,0,3,3
WBGene00196291.,0,0,0
WBGene00196292.,0,0,0
WBGene00196293.,0,0,0
WBGene00196294.,0,0,0
WBGene00196295.,0,0,0
WBGene00196296.,0,0,0
WBGene00196297.,0,0,0
WBGene00196298.,0,1,1
WBGene00196299.,0,0,0
WBGene00196300.,0,16,16
WBGene00196301.,0,3,3
WBGene00196302.,0,0,0
WBGene00196303.,0,3,3
WBGene00196304.,0,0,0
WBGene00196305.,0,3,3
WBGene00196306.,0,2,2
WBGene00196307.,0,11,11
WBGene00196308.,0,7,7
WBGene00196309.,0,1,1
WBGene00196310.,0,0,0
WBGene00196311.,0,0,0
WBGene00196312.,0,1,1
WBGene00196313.,0,0,0
WBGene00196314.,0,0,0
WBGene00196315.,0,6,6
WBGene00196316.,0,1,1
WBGene00196317.,0,1,1
WBGene00196318.,0,3,3
WBGene00196319.,0,1,1
WBGene00196320.,0,1,1
WBGene00196321.,0,0,0
WBGene00196322.,0,5,5
WBGene00196323.,0,0,0
WBGene00196324.,0,0,0
WBGene00196325.,0,0,0
WBGene00196326.,0,0,0
WBGene00196327.,0,0,0
WBGene00196328.,0,0,0
WBGene00196329.,0,1,1
WBGene00196330.,0,2,2
WBGene00196331.,0,5,5
WBGene00196332.,0,1,1
WBGene00196333.,0,0,0
WBGene00196334.,0,6,6
WBGene00196335.,0,0,0
WBGene00196336.,0,4,4
WBGene00196337.,0,0,0
WBGene00196338.,0,1,1
WBGene00196339.,0,0,0
WBGene00196340.,0,7,7
WBGene00196341.,0,0,0
WBGene00196342.,0,0,0
WBGene00196343.,0,0,0
WBGene00196344.,0,4,4
WBGene00196345.,0,0,0
WBGene00196346.,0,8,8
WBGene00196347.,0,0,0
WBGene00196348.,0,0,0
WBGene00196349.,0,0,0
WBGene00196350.,0,0,0
WBGene00196351.,0,2,2
WBGene00196352.,0,1,1
WBGene00196353.,0,0,0
WBGene00196354.,0,2,2
WBGene00196355.,0,0,0
WBGene00196356.,0,0,0
WBGene00196357.,0,0,0
WBGene00196358.,0,0,0
WBGene00196359.,0,0,0
WBGene00196360.,0,0,0
WBGene00196361.,0,0,0
WBGene00196362.,0,0,0
WBGene00196363.,0,1,1
WBGene00196364.,0,0,0
WBGene00196365.,0,0,0
WBGene00196366.,0,0,0
WBGene00196367.,0,0,0
WBGene00196368.,0,1,1
WBGene00196369.,0,1,1
WBGene00196370.,0,0,0
WBGene00196371.,0,0,0
WBGene00196372.,0,0,0
WBGene00196373.,0,1,1
WBGene00196374.,0,1,1
WBGene00196375.,0,0,0
WBGene00196376.,0,1,1
WBGene00196377.,0,0,0
WBGene00196378.,0,0,0
WBGene00196379.,0,2,2
WBGene00196380.,0,3,3
WBGene00196381.,0,0,0
WBGene00196382.,0,0,0
WBGene00196383.,0,4,4
WBGene00196384.,0,1,1
WBGene00196385.,0,0,0
WBGene00196386.,0,0,0
WBGene00196387.,0,0,0
WBGene00196388.,0,0,0
WBGene00196389.,0,0,0
WBGene00196390.,0,0,0
WBGene00196391.,0,0,0
WBGene00196392.,0,1,1
WBGene00196393.,0,0,0
WBGene00196394.,0,0,0
WBGene00196395.,0,0,0
WBGene00196396.,0,11385,11385
WBGene00196397.,0,0,0
WBGene00196398.,0,2,2
WBGene00196399.,0,0,0
WBGene00196400.,0,0,0
WBGene00196401.,0,1,1
WBGene00196402.,0,1,1
WBGene00196403.,0,6,6
WBGene00196404.,0,0,0
WBGene00196405.,0,0,0
WBGene00196406.,0,8,8
WBGene00196407.,0,2,2
WBGene00196408.,0,0,0
WBGene00196409.,0,11,11
WBGene00196410.,0,0,0
WBGene00196411.,0,0,0
WBGene00196412.,0,0,0
WBGene00196413.,0,0,0
WBGene00196414.,0,3,3
WBGene00196415.,0,5,5
WBGene00196416.,0,0,0
WBGene00196417.,0,8,8
WBGene00196418.,0,3,3
WBGene00196419.,0,3,3
WBGene00196420.,0,2,2
WBGene00196421.,0,1,1
WBGene00196422.,0,0,0
WBGene00196423.,0,1,1
WBGene00196424.,0,0,0
WBGene00196425.,0,1,1
WBGene00196426.,0,0,0
WBGene00196427.,0,0,0
WBGene00196428.,0,1,1
WBGene00196429.,0,2,2
WBGene00196430.,0,1,1
WBGene00196431.,0,0,0
WBGene00196432.,0,8,8
WBGene00196433.,0,0,0
WBGene00196434.,0,0,0
WBGene00196435.,0,0,0
WBGene00196436.,0,2,2
WBGene00196437.,0,0,0
WBGene00196438.,0,1,1
WBGene00196439.,0,0,0
WBGene00196440.,0,1,1
WBGene00196441.,0,1,1
WBGene00196442.,0,0,0
WBGene00196443.,0,9,9
WBGene00196444.,0,0,0
WBGene00196445.,0,0,0
WBGene00196446.,0,2,2
WBGene00196447.,0,2,2
WBGene00196448.,0,0,0
WBGene00196449.,0,4,4
WBGene00196450.,0,0,0
WBGene00196451.,0,0,0
WBGene00196452.,0,1,1
WBGene00196453.,0,5,5
WBGene00196454.,0,0,0
WBGene00196455.,0,0,0
WBGene00196456.,0,0,0
WBGene00196457.,0,0,0
WBGene00196458.,0,0,0
WBGene00196459.,0,0,0
WBGene00196460.,0,0,0
WBGene00196461.,0,1,1
WBGene00196462.,0,0,0
WBGene00196463.,0,0,0
WBGene00196464.,0,0,0
WBGene00196465.,0,4,4
WBGene00196466.,0,4,4
WBGene00196467.,0,0,0
WBGene00196468.,0,0,0
WBGene00196469.,0,0,0
WBGene00196470.,0,0,0
WBGene00196471.,0,1,1
WBGene00196472.,0,5,5
WBGene00196473.,0,0,0
WBGene00196474.,0,0,0
WBGene00196475.,0,0,0
WBGene00196476.,0,0,0
WBGene00196477.,0,1,1
WBGene00196478.,0,0,0
WBGene00196479.,0,0,0
WBGene00196480.,0,0,0
WBGene00196481.,0,0,0
WBGene00196482.,0,35,35
WBGene00196483.,0,3,3
WBGene00196484.,0,0,0
WBGene00196485.,0,0,0
WBGene00196486.,0,1,1
WBGene00196487.,0,1,1
WBGene00196488.,0,0,0
WBGene00196489.,0,2,2
WBGene00196490.,0,4,4
WBGene00196491.,0,1,1
WBGene00196492.,0,1,1
WBGene00196493.,0,0,0
WBGene00196494.,0,0,0
WBGene00196495.,0,1,1
WBGene00196496.,0,1,1
WBGene00196497.,0,2,2
WBGene00196498.,0,0,0
WBGene00196499.,0,9,9
WBGene00196500.,0,0,0
WBGene00196501.,0,0,0
WBGene00196502.,0,0,0
WBGene00196503.,0,0,0
WBGene00196504.,0,0,0
WBGene00196505.,0,4,4
WBGene00196506.,0,13,13
WBGene00196507.,0,1,1
WBGene00196508.,0,0,0
WBGene00196509.,0,1,1
WBGene00196510.,0,0,0
WBGene00196511.,0,3,3
WBGene00196512.,0,0,0
WBGene00196513.,0,0,0
WBGene00196514.,0,0,0
WBGene00196515.,0,0,0
WBGene00196516.,0,4,4
WBGene00196517.,0,5,5
WBGene00196518.,0,5,5
WBGene00196519.,0,0,0
WBGene00196520.,0,0,0
WBGene00196521.,0,4,4
WBGene00196522.,0,0,0
WBGene00196523.,0,14,14
WBGene00196524.,0,1,1
WBGene00196525.,0,0,0
WBGene00196526.,0,0,0
WBGene00196527.,0,1,1
WBGene00196528.,0,0,0
WBGene00196529.,0,1,1
WBGene00196530.,0,0,0
WBGene00196531.,0,0,0
WBGene00196532.,0,0,0
WBGene00196533.,0,0,0
WBGene00196534.,0,5,5
WBGene00196535.,0,2,2
WBGene00196536.,0,4,4
WBGene00196537.,0,22,22
WBGene00196538.,0,1,1
WBGene00196539.,0,0,0
WBGene00196540.,0,0,0
WBGene00196541.,0,0,0
WBGene00196542.,0,4,4
WBGene00196543.,0,0,0
WBGene00196544.,0,0,0
WBGene00196545.,0,3,3
WBGene00196546.,0,18,18
WBGene00196547.,0,2,2
WBGene00196548.,0,0,0
WBGene00196549.,0,0,0
WBGene00196550.,0,0,0
WBGene00196551.,0,0,0
WBGene00196552.,0,0,0
WBGene00196553.,0,0,0
WBGene00196554.,0,8,8
WBGene00196555.,0,0,0
WBGene00196556.,0,0,0
WBGene00196557.,0,0,0
WBGene00196558.,0,2,2
WBGene00196559.,0,0,0
WBGene00196560.,0,0,0
WBGene00196561.,0,0,0
WBGene00196562.,0,0,0
WBGene00196563.,0,21,21
WBGene00196564.,0,0,0
WBGene00196565.,0,4,4
WBGene00196566.,0,0,0
WBGene00196567.,0,2,2
WBGene00196568.,0,0,0
WBGene00196569.,0,0,0
WBGene00196570.,0,0,0
WBGene00196571.,0,0,0
WBGene00196572.,0,1,1
WBGene00196573.,0,1,1
WBGene00196574.,0,1,1
WBGene00196575.,0,0,0
WBGene00196576.,0,0,0
WBGene00196577.,0,3,3
WBGene00196578.,0,9,9
WBGene00196579.,0,2,2
WBGene00196580.,0,4,4
WBGene00196581.,0,0,0
WBGene00196582.,0,3,3
WBGene00196583.,0,1,1
WBGene00196584.,0,2,2
WBGene00196585.,0,1,1
WBGene00196586.,0,2,2
WBGene00196587.,0,0,0
WBGene00196588.,0,14,14
WBGene00196589.,0,0,0
WBGene00196590.,0,11,11
WBGene00196591.,0,4,4
WBGene00196592.,0,5,5
WBGene00196593.,0,0,0
WBGene00196594.,0,1,1
WBGene00196595.,0,0,0
WBGene00196596.,0,0,0
WBGene00196597.,0,0,0
WBGene00196598.,0,3,3
WBGene00196599.,0,4,4
WBGene00196600.,0,0,0
WBGene00196601.,0,0,0
WBGene00196602.,0,1,1
WBGene00196603.,0,0,0
WBGene00196604.,0,23,23
WBGene00196605.,0,1,1
WBGene00196606.,0,3,3
WBGene00196607.,0,1,1
WBGene00196608.,0,0,0
WBGene00196609.,0,0,0
WBGene00196610.,0,0,0
WBGene00196611.,0,0,0
WBGene00196612.,0,1,1
WBGene00196613.,0,2,2
WBGene00196614.,0,1,1
WBGene00196615.,0,2,2
WBGene00196616.,0,4,4
WBGene00196617.,0,1,1
WBGene00196618.,0,2,2
WBGene00196619.,0,2,2
WBGene00196620.,0,0,0
WBGene00196621.,0,0,0
WBGene00196622.,0,2,2
WBGene00196623.,0,3,3
WBGene00196624.,0,0,0
WBGene00196625.,0,5,5
WBGene00196626.,0,0,0
WBGene00196627.,0,0,0
WBGene00196628.,0,0,0
WBGene00196629.,0,3,3
WBGene00196630.,0,2,2
WBGene00196631.,0,2,2
WBGene00196632.,0,3,3
WBGene00196633.,0,2,2
WBGene00196634.,0,3,3
WBGene00196635.,0,11,11
WBGene00196636.,0,0,0
WBGene00196637.,0,1,1
WBGene00196638.,0,2,2
WBGene00196639.,0,5,5
WBGene00196640.,0,1,1
WBGene00196641.,0,0,0
WBGene00196642.,0,2,2
WBGene00196643.,0,2,2
WBGene00196644.,0,0,0
WBGene00196645.,0,0,0
WBGene00196646.,0,6,6
WBGene00196647.,0,0,0
WBGene00196648.,0,0,0
WBGene00196649.,0,1,1
WBGene00196650.,0,2,2
WBGene00196651.,0,2,2
WBGene00196652.,0,0,0
WBGene00196653.,0,12,12
WBGene00196654.,0,0,0
WBGene00196655.,0,0,0
WBGene00196656.,0,1,1
WBGene00196657.,0,0,0
WBGene00196658.,0,0,0
WBGene00196659.,0,1,1
WBGene00196660.,0,0,0
WBGene00196661.,0,0,0
WBGene00196662.,0,0,0
WBGene00196663.,0,0,0
WBGene00196664.,0,0,0
WBGene00196665.,0,0,0
WBGene00196666.,0,0,0
WBGene00196667.,0,0,0
WBGene00196668.,0,0,0
WBGene00196669.,0,0,0
WBGene00196670.,0,0,0
WBGene00196671.,0,0,0
WBGene00196672.,0,1,1
WBGene00196673.,0,0,0
WBGene00196674.,0,0,0
WBGene00196675.,0,0,0
WBGene00196676.,0,4,4
WBGene00196677.,0,0,0
WBGene00196678.,0,0,0
WBGene00196679.,0,1,1
WBGene00196680.,0,2,2
WBGene00196681.,0,0,0
WBGene00196682.,0,4,4
WBGene00196683.,0,1,1
WBGene00196684.,0,0,0
WBGene00196685.,0,0,0
WBGene00196686.,0,0,0
WBGene00196687.,0,0,0
WBGene00196688.,0,2,2
WBGene00196689.,0,2,2
WBGene00196690.,0,0,0
WBGene00196691.,0,0,0
WBGene00196692.,0,0,0
WBGene00196693.,0,9,9
WBGene00196694.,0,0,0
WBGene00196695.,0,5,5
WBGene00196696.,0,1,1
WBGene00196697.,0,1,1
WBGene00196698.,0,0,0
WBGene00196699.,0,2,2
WBGene00196700.,0,6,6
WBGene00196701.,0,0,0
WBGene00196702.,0,9,9
WBGene00196703.,0,0,0
WBGene00196704.,0,0,0
WBGene00196705.,0,2,2
WBGene00196706.,0,0,0
WBGene00196707.,0,4,4
WBGene00196708.,0,0,0
WBGene00196709.,0,2,2
WBGene00196710.,0,0,0
WBGene00196711.,0,1,1
WBGene00196712.,0,0,0
WBGene00196713.,0,0,0
WBGene00196714.,0,1,1
WBGene00196715.,0,1,1
WBGene00196716.,0,0,0
WBGene00196717.,0,0,0
WBGene00196718.,0,0,0
WBGene00196719.,0,0,0
WBGene00196720.,0,1,1
WBGene00196721.,0,7,7
WBGene00196722.,0,1,1
WBGene00196723.,0,1,1
WBGene00196724.,0,20,20
WBGene00196725.,0,3,3
WBGene00196726.,0,0,0
WBGene00196727.,0,2,2
WBGene00196728.,0,15,15
WBGene00196729.,0,15,15
WBGene00196730.,0,0,0
WBGene00196731.,0,1,1
WBGene00196732.,0,0,0
WBGene00196733.,0,2,2
WBGene00196734.,0,5,5
WBGene00196735.,0,7,7
WBGene00196736.,0,0,0
WBGene00196737.,0,1,1
WBGene00196738.,0,0,0
WBGene00196739.,0,4,4
WBGene00196740.,0,0,0
WBGene00196741.,0,0,0
WBGene00196742.,0,4,4
WBGene00196743.,0,0,0
WBGene00196744.,0,1,1
WBGene00196745.,0,0,0
WBGene00196746.,0,7,7
WBGene00196747.,0,1,1
WBGene00196748.,0,3,3
WBGene00196749.,0,0,0
WBGene00196750.,0,0,0
WBGene00196751.,0,0,0
WBGene00196752.,0,1,1
WBGene00196753.,0,18,18
WBGene00196754.,0,0,0
WBGene00196755.,0,1,1
WBGene00196756.,0,1,1
WBGene00196757.,0,0,0
WBGene00196758.,0,2,2
WBGene00196759.,0,2,2
WBGene00196760.,0,1,1
WBGene00196761.,0,2,2
WBGene00196762.,0,0,0
WBGene00196763.,0,1,1
WBGene00196764.,0,1,1
WBGene00196765.,0,0,0
WBGene00196766.,0,0,0
WBGene00196767.,0,1,1
WBGene00196768.,0,0,0
WBGene00196769.,0,0,0
WBGene00196770.,0,0,0
WBGene00196771.,0,0,0
WBGene00196772.,0,0,0
WBGene00196773.,0,0,0
WBGene00196774.,0,0,0
WBGene00196775.,0,14,14
WBGene00196776.,0,0,0
WBGene00196777.,0,5,5
WBGene00196778.,0,0,0
WBGene00196779.,0,1,1
WBGene00196780.,0,5,5
WBGene00196781.,0,0,0
WBGene00196782.,0,5,5
WBGene00196783.,0,0,0
WBGene00196784.,0,2,2
WBGene00196785.,0,6,6
WBGene00196786.,0,1,1
WBGene00196787.,0,7,7
WBGene00196788.,0,0,0
WBGene00196789.,0,2,2
WBGene00196790.,0,0,0
WBGene00196791.,0,0,0
WBGene00196792.,0,2,2
WBGene00196793.,0,7,7
WBGene00196794.,0,0,0
WBGene00196795.,0,0,0
WBGene00196796.,0,3,3
WBGene00196797.,0,16,16
WBGene00196798.,0,1,1
WBGene00196799.,0,3,3
WBGene00196800.,0,1,1
WBGene00196801.,0,10,10
WBGene00196802.,0,6,6
WBGene00196803.,0,0,0
WBGene00196804.,0,3,3
WBGene00196805.,0,3,3
WBGene00196806.,0,0,0
WBGene00196807.,0,11,11
WBGene00196808.,0,0,0
WBGene00196809.,0,1,1
WBGene00196810.,0,12,12
WBGene00196811.,0,0,0
WBGene00196812.,0,1,1
WBGene00196813.,0,0,0
WBGene00196814.,0,0,0
WBGene00196815.,0,4,4
WBGene00196816.,0,5,5
WBGene00196817.,0,7,7
WBGene00196818.,0,0,0
WBGene00196819.,0,3,3
WBGene00196820.,0,4,4
WBGene00196821.,0,6,6
WBGene00196822.,0,0,0
WBGene00196823.,0,3,3
WBGene00196824.,0,2,2
WBGene00196825.,0,8,8
WBGene00196826.,0,2,2
WBGene00196827.,0,44,44
WBGene00196828.,0,1,1
WBGene00196829.,0,0,0
WBGene00196830.,0,0,0
WBGene00196831.,0,73,73
WBGene00196832.,0,1,1
WBGene00196833.,0,0,0
WBGene00196834.,0,2,2
WBGene00196835.,0,0,0
WBGene00196836.,0,0,0
WBGene00196837.,0,0,0
WBGene00196838.,0,9,9
WBGene00196839.,0,0,0
WBGene00196840.,0,2,2
WBGene00196841.,0,5,5
WBGene00196842.,0,0,0
WBGene00196843.,0,2,2
WBGene00196844.,0,5,5
WBGene00196845.,0,0,0
WBGene00196846.,0,11,11
WBGene00196847.,0,0,0
WBGene00196848.,0,0,0
WBGene00196849.,0,0,0
WBGene00196850.,0,0,0
WBGene00196851.,0,0,0
WBGene00196852.,0,41,41
WBGene00196853.,0,0,0
WBGene00196854.,0,4,4
WBGene00196855.,0,0,0
WBGene00196856.,0,23,23
WBGene00196857.,0,0,0
WBGene00196858.,0,1,1
WBGene00196859.,0,0,0
WBGene00196860.,0,0,0
WBGene00196861.,0,1,1
WBGene00196862.,0,11,11
WBGene00196863.,0,0,0
WBGene00196864.,0,0,0
WBGene00196865.,0,0,0
WBGene00196866.,0,0,0
WBGene00196867.,0,12,12
WBGene00196868.,0,10,10
WBGene00196869.,0,1,1
WBGene00196870.,0,3,3
WBGene00196871.,0,227,227
WBGene00196872.,0,13,13
WBGene00196873.,0,0,0
WBGene00196874.,0,2,2
WBGene00196875.,0,0,0
WBGene00196876.,0,0,0
WBGene00196877.,0,3,3
WBGene00196878.,0,0,0
WBGene00196879.,0,12,12
WBGene00196880.,0,0,0
WBGene00196881.,0,0,0
WBGene00196882.,0,0,0
WBGene00196883.,0,0,0
WBGene00196884.,0,2,2
WBGene00196885.,0,1,1
WBGene00196886.,0,0,0
WBGene00196887.,0,1,1
WBGene00196888.,0,0,0
WBGene00196889.,0,3,3
WBGene00196890.,0,0,0
WBGene00196891.,0,1,1
WBGene00196892.,0,1,1
WBGene00196893.,0,11,11
WBGene00196894.,0,0,0
WBGene00196895.,0,1,1
WBGene00196896.,0,0,0
WBGene00196897.,0,3,3
WBGene00196898.,0,0,0
WBGene00196899.,0,0,0
WBGene00196900.,0,0,0
WBGene00196901.,0,1,1
WBGene00196902.,0,1,1
WBGene00196903.,0,0,0
WBGene00196904.,0,7,7
WBGene00196905.,0,0,0
WBGene00196906.,0,11,11
WBGene00196907.,0,0,0
WBGene00196908.,0,6,6
WBGene00196909.,0,1,1
WBGene00196910.,0,0,0
WBGene00196911.,0,0,0
WBGene00196912.,0,2,2
WBGene00196913.,0,4,4
WBGene00196914.,0,0,0
WBGene00196915.,0,0,0
WBGene00196916.,0,16,16
WBGene00196917.,0,1,1
WBGene00196918.,0,4,4
WBGene00196919.,0,1,1
WBGene00196920.,0,0,0
WBGene00196921.,0,4,4
WBGene00196922.,0,9,9
WBGene00196923.,0,0,0
WBGene00196924.,0,1,1
WBGene00196925.,0,0,0
WBGene00196926.,0,0,0
WBGene00196927.,0,0,0
WBGene00196928.,0,1,1
WBGene00196929.,0,3,3
WBGene00196930.,0,13,13
WBGene00196931.,0,6,6
WBGene00196932.,0,0,0
WBGene00196933.,0,4,4
WBGene00196934.,0,0,0
WBGene00196935.,0,9,9
WBGene00196936.,0,0,0
WBGene00196937.,0,0,0
WBGene00196938.,0,0,0
WBGene00196939.,0,0,0
WBGene00196940.,0,0,0
WBGene00196941.,0,7,7
WBGene00196942.,0,4,4
WBGene00196943.,0,0,0
WBGene00196944.,0,1,1
WBGene00196945.,0,0,0
WBGene00196946.,0,0,0
WBGene00196947.,0,2,2
WBGene00196948.,0,1,1
WBGene00196949.,0,0,0
WBGene00196950.,0,5,5
WBGene00196951.,0,0,0
WBGene00196952.,0,0,0
WBGene00196953.,0,0,0
WBGene00196954.,0,1,1
WBGene00196955.,0,0,0
WBGene00196956.,0,0,0
WBGene00196957.,0,0,0
WBGene00196958.,0,0,0
WBGene00196959.,0,0,0
WBGene00196960.,0,0,0
WBGene00196961.,0,11,11
WBGene00196962.,0,0,0
WBGene00196963.,0,2,2
WBGene00196964.,0,5,5
WBGene00196965.,0,0,0
WBGene00196966.,0,0,0
WBGene00196967.,0,0,0
WBGene00196968.,0,3,3
WBGene00196969.,0,10,10
WBGene00196970.,0,3,3
WBGene00196971.,0,0,0
WBGene00196972.,0,0,0
WBGene00196973.,0,6,6
WBGene00196974.,0,0,0
WBGene00196975.,0,0,0
WBGene00196976.,0,0,0
WBGene00196977.,0,0,0
WBGene00196978.,0,0,0
WBGene00196979.,0,2,2
WBGene00196980.,0,0,0
WBGene00196981.,0,1,1
WBGene00196982.,0,17,17
WBGene00196983.,0,4,4
WBGene00196984.,0,0,0
WBGene00196985.,0,2,2
WBGene00196986.,0,10,10
WBGene00196987.,0,2,2
WBGene00196988.,0,1,1
WBGene00196989.,0,6,6
WBGene00196990.,0,1,1
WBGene00196991.,0,0,0
WBGene00196992.,0,1,1
WBGene00196993.,0,4,4
WBGene00196994.,0,7,7
WBGene00196995.,0,0,0
WBGene00196996.,0,0,0
WBGene00196997.,0,0,0
WBGene00196998.,0,0,0
WBGene00196999.,0,0,0
WBGene00197000.,0,0,0
WBGene00197001.,0,5,5
WBGene00197002.,0,0,0
WBGene00197003.,0,1,1
WBGene00197004.,0,0,0
WBGene00197005.,0,0,0
WBGene00197006.,0,0,0
WBGene00197007.,0,5,5
WBGene00197008.,0,0,0
WBGene00197009.,0,0,0
WBGene00197010.,0,0,0
WBGene00197011.,0,0,0
WBGene00197012.,0,0,0
WBGene00197013.,0,0,0
WBGene00197014.,0,0,0
WBGene00197015.,0,8,8
WBGene00197016.,0,0,0
WBGene00197017.,0,0,0
WBGene00197018.,0,3,3
WBGene00197019.,0,1,1
WBGene00197020.,0,0,0
WBGene00197021.,0,0,0
WBGene00197022.,0,0,0
WBGene00197023.,0,0,0
WBGene00197024.,0,0,0
WBGene00197025.,0,3,3
WBGene00197026.,0,1,1
WBGene00197027.,0,4,4
WBGene00197028.,0,3,3
WBGene00197029.,0,0,0
WBGene00197030.,0,2,2
WBGene00197031.,0,0,0
WBGene00197032.,0,0,0
WBGene00197033.,0,24,24
WBGene00197034.,0,0,0
WBGene00197035.,0,0,0
WBGene00197036.,0,0,0
WBGene00197037.,0,3,3
WBGene00197038.,0,0,0
WBGene00197039.,0,0,0
WBGene00197040.,0,0,0
WBGene00197041.,0,0,0
WBGene00197042.,0,0,0
WBGene00197043.,0,0,0
WBGene00197044.,0,0,0
WBGene00197045.,0,3,3
WBGene00197046.,0,2,2
WBGene00197047.,0,5,5
WBGene00197048.,0,11,11
WBGene00197049.,0,2,2
WBGene00197050.,0,2,2
WBGene00197051.,0,0,0
WBGene00197052.,0,5,5
WBGene00197053.,0,5,5
WBGene00197054.,0,0,0
WBGene00197055.,0,3,3
WBGene00197056.,0,1,1
WBGene00197057.,0,1,1
WBGene00197058.,0,0,0
WBGene00197059.,0,0,0
WBGene00197060.,0,10,10
WBGene00197061.,0,0,0
WBGene00197062.,0,0,0
WBGene00197063.,0,4,4
WBGene00197064.,0,0,0
WBGene00197065.,0,9,9
WBGene00197066.,0,20,20
WBGene00197067.,0,0,0
WBGene00197068.,0,5,5
WBGene00197069.,0,10,10
WBGene00197070.,0,0,0
WBGene00197071.,0,0,0
WBGene00197072.,0,1,1
WBGene00197073.,0,1,1
WBGene00197074.,0,5,5
WBGene00197075.,0,1,1
WBGene00197076.,0,2,2
WBGene00197077.,0,0,0
WBGene00197078.,0,2,2
WBGene00197079.,0,1,1
WBGene00197080.,0,5,5
WBGene00197081.,0,8,8
WBGene00197082.,0,0,0
WBGene00197083.,0,11,11
WBGene00197084.,0,0,0
WBGene00197085.,0,4,4
WBGene00197086.,0,1,1
WBGene00197087.,0,0,0
WBGene00197088.,0,0,0
WBGene00197089.,0,2,2
WBGene00197090.,0,21,21
WBGene00197091.,0,1,1
WBGene00197092.,0,0,0
WBGene00197093.,0,0,0
WBGene00197094.,0,5,5
WBGene00197095.,0,2,2
WBGene00197096.,0,3,3
WBGene00197097.,0,39,39
WBGene00197098.,0,0,0
WBGene00197099.,0,0,0
WBGene00197100.,0,4,4
WBGene00197101.,0,0,0
WBGene00197102.,0,0,0
WBGene00197103.,0,0,0
WBGene00197104.,0,2,2
WBGene00197105.,0,0,0
WBGene00197106.,0,0,0
WBGene00197107.,0,0,0
WBGene00197108.,0,1,1
WBGene00197109.,0,0,0
WBGene00197110.,0,3,3
WBGene00197111.,0,1,1
WBGene00197112.,0,0,0
WBGene00197113.,0,0,0
WBGene00197114.,0,4,4
WBGene00197115.,0,2,2
WBGene00197116.,0,0,0
WBGene00197117.,0,1,1
WBGene00197118.,0,0,0
WBGene00197119.,0,1,1
WBGene00197120.,0,0,0
WBGene00197121.,0,7,7
WBGene00197122.,0,0,0
WBGene00197123.,0,0,0
WBGene00197124.,0,0,0
WBGene00197125.,0,0,0
WBGene00197126.,0,7,7
WBGene00197127.,0,26,26
WBGene00197128.,0,0,0
WBGene00197129.,0,2,2
WBGene00197130.,0,15,15
WBGene00197131.,0,2,2
WBGene00197132.,0,3,3
WBGene00197133.,0,0,0
WBGene00197134.,0,0,0
WBGene00197135.,0,1,1
WBGene00197136.,0,0,0
WBGene00197137.,0,0,0
WBGene00197138.,0,0,0
WBGene00197139.,0,0,0
WBGene00197140.,0,11,11
WBGene00197141.,0,4,4
WBGene00197142.,0,0,0
WBGene00197143.,0,0,0
WBGene00197144.,0,2,2
WBGene00197145.,0,0,0
WBGene00197146.,0,0,0
WBGene00197147.,0,5,5
WBGene00197148.,0,2,2
WBGene00197149.,0,2,2
WBGene00197150.,0,0,0
WBGene00197151.,0,0,0
WBGene00197152.,0,0,0
WBGene00197153.,0,0,0
WBGene00197154.,0,0,0
WBGene00197155.,0,11,11
WBGene00197156.,0,0,0
WBGene00197157.,0,3,3
WBGene00197158.,0,0,0
WBGene00197159.,0,0,0
WBGene00197160.,0,0,0
WBGene00197161.,0,1,1
WBGene00197162.,0,0,0
WBGene00197163.,0,0,0
WBGene00197164.,0,0,0
WBGene00197165.,0,0,0
WBGene00197166.,0,0,0
WBGene00197167.,0,0,0
WBGene00197168.,0,15,15
WBGene00197169.,0,0,0
WBGene00197170.,0,0,0
WBGene00197171.,0,410,410
WBGene00197172.,0,3,3
WBGene00197173.,0,0,0
WBGene00197174.,0,9,9
WBGene00197175.,0,0,0
WBGene00197176.,0,2,2
WBGene00197177.,0,0,0
WBGene00197178.,0,1,1
WBGene00197179.,0,0,0
WBGene00197180.,0,2,2
WBGene00197181.,0,0,0
WBGene00197182.,0,1,1
WBGene00197183.,0,5,5
WBGene00197184.,0,2,2
WBGene00197185.,0,2,2
WBGene00197186.,0,3,3
WBGene00197187.,0,0,0
WBGene00197188.,0,3,3
WBGene00197189.,0,5,5
WBGene00197190.,0,0,0
WBGene00197191.,0,2,2
WBGene00197192.,0,0,0
WBGene00197193.,0,0,0
WBGene00197194.,0,0,0
WBGene00197195.,0,2,2
WBGene00197196.,0,7,7
WBGene00197197.,0,0,0
WBGene00197198.,0,0,0
WBGene00197199.,0,0,0
WBGene00197200.,0,0,0
WBGene00197201.,0,0,0
WBGene00197202.,0,0,0
WBGene00197203.,0,0,0
WBGene00197204.,0,7,7
WBGene00197205.,0,8,8
WBGene00197206.,0,2,2
WBGene00197207.,0,0,0
WBGene00197208.,0,7,7
WBGene00197209.,0,26,26
WBGene00197210.,0,1,1
WBGene00197211.,0,1,1
WBGene00197212.,0,0,0
WBGene00197213.,0,0,0
WBGene00197214.,0,14,14
WBGene00197215.,0,826,826
WBGene00197216.,0,1,1
WBGene00197217.,0,1,1
WBGene00197218.,0,7,7
WBGene00197219.,0,0,0
WBGene00197220.,0,0,0
WBGene00197221.,0,0,0
WBGene00197222.,0,7,7
WBGene00197223.,0,2,2
WBGene00197224.,0,1,1
WBGene00197225.,0,2,2
WBGene00197226.,0,0,0
WBGene00197227.,0,3,3
WBGene00197228.,0,4,4
WBGene00197229.,0,1,1
WBGene00197230.,0,0,0
WBGene00197231.,0,7,7
WBGene00197232.,0,0,0
WBGene00197233.,0,0,0
WBGene00197234.,0,9,9
WBGene00197235.,0,2,2
WBGene00197236.,0,2,2
WBGene00197237.,0,0,0
WBGene00197238.,0,0,0
WBGene00197239.,0,2,2
WBGene00197240.,0,0,0
WBGene00197241.,0,0,0
WBGene00197242.,0,0,0
WBGene00197243.,0,11,11
WBGene00197244.,0,1,1
WBGene00197245.,0,0,0
WBGene00197246.,0,2,2
WBGene00197247.,0,0,0
WBGene00197248.,0,0,0
WBGene00197249.,0,0,0
WBGene00197250.,0,13,13
WBGene00197251.,0,2,2
WBGene00197252.,0,0,0
WBGene00197253.,0,0,0
WBGene00197254.,0,9,9
WBGene00197255.,0,0,0
WBGene00197256.,0,0,0
WBGene00197257.,0,15,15
WBGene00197258.,0,12,12
WBGene00197259.,0,10,10
WBGene00197260.,0,0,0
WBGene00197261.,0,0,0
WBGene00197262.,0,6,6
WBGene00197263.,0,0,0
WBGene00197264.,0,0,0
WBGene00197265.,0,5,5
WBGene00197266.,0,0,0
WBGene00197267.,0,0,0
WBGene00197268.,0,0,0
WBGene00197269.,0,5,5
WBGene00197270.,0,1,1
WBGene00197271.,0,0,0
WBGene00197272.,0,0,0
WBGene00197273.,0,0,0
WBGene00197274.,0,2,2
WBGene00197275.,0,0,0
WBGene00197276.,0,1,1
WBGene00197277.,0,1,1
WBGene00197278.,0,3,3
WBGene00197279.,0,21,21
WBGene00197280.,0,1,1
WBGene00197281.,0,0,0
WBGene00197282.,0,0,0
WBGene00197283.,0,3,3
WBGene00197284.,0,0,0
WBGene00197285.,0,0,0
WBGene00197286.,0,0,0
WBGene00197287.,0,0,0
WBGene00197288.,0,0,0
WBGene00197289.,0,0,0
WBGene00197290.,0,0,0
WBGene00197291.,0,0,0
WBGene00197292.,0,0,0
WBGene00197293.,0,0,0
WBGene00197294.,0,0,0
WBGene00197295.,0,0,0
WBGene00197296.,0,0,0
WBGene00197297.,0,5,5
WBGene00197298.,0,2,2
WBGene00197299.,0,0,0
WBGene00197300.,0,0,0
WBGene00197301.,0,0,0
WBGene00197302.,0,0,0
WBGene00197303.,0,0,0
WBGene00197304.,0,0,0
WBGene00197305.,0,0,0
WBGene00197306.,0,0,0
WBGene00197307.,0,3,3
WBGene00197308.,0,2,2
WBGene00197309.,0,0,0
WBGene00197310.,0,1,1
WBGene00197311.,0,0,0
WBGene00197312.,0,0,0
WBGene00197313.,0,0,0
WBGene00197314.,0,3,3
WBGene00197315.,0,0,0
WBGene00197316.,0,0,0
WBGene00197317.,0,0,0
WBGene00197318.,0,0,0
WBGene00197319.,0,2,2
WBGene00197320.,0,0,0
WBGene00197321.,0,3,3
WBGene00197322.,0,4,4
WBGene00197323.,0,0,0
WBGene00197324.,0,1,1
WBGene00197325.,0,0,0
WBGene00197326.,0,16,16
WBGene00197327.,0,7,7
WBGene00197328.,0,2,2
WBGene00197329.,0,0,0
WBGene00197330.,0,0,0
WBGene00197331.,0,0,0
WBGene00197332.,0,1,1
WBGene00197333.,0,0,0
WBGene00197334.,0,6,6
WBGene00197335.,0,4,4
WBGene00197336.,0,0,0
WBGene00197337.,0,0,0
WBGene00197338.,0,1,1
WBGene00197339.,0,338,338
WBGene00197340.,0,3,3
WBGene00197341.,0,0,0
WBGene00197342.,0,3,3
WBGene00197343.,0,0,0
WBGene00197344.,0,0,0
WBGene00197345.,0,0,0
WBGene00197346.,0,0,0
WBGene00197347.,0,5,5
WBGene00197348.,0,0,0
WBGene00197349.,0,2,2
WBGene00197350.,0,0,0
WBGene00197351.,0,2,2
WBGene00197352.,0,0,0
WBGene00197353.,0,0,0
WBGene00197354.,0,0,0
WBGene00197355.,0,0,0
WBGene00197356.,0,10,10
WBGene00197357.,0,0,0
WBGene00197358.,0,0,0
WBGene00197359.,0,3,3
WBGene00197360.,0,1,1
WBGene00197361.,0,0,0
WBGene00197362.,0,8,8
WBGene00197363.,0,2,2
WBGene00197364.,0,0,0
WBGene00197365.,0,0,0
WBGene00197366.,0,1,1
WBGene00197367.,0,1,1
WBGene00197368.,0,0,0
WBGene00197369.,0,0,0
WBGene00197370.,0,2,2
WBGene00197371.,0,0,0
WBGene00197372.,0,0,0
WBGene00197373.,0,4,4
WBGene00197374.,0,0,0
WBGene00197375.,0,3,3
WBGene00197376.,0,0,0
WBGene00197377.,0,2,2
WBGene00197378.,0,0,0
WBGene00197379.,0,0,0
WBGene00197380.,0,0,0
WBGene00197381.,0,1,1
WBGene00197382.,0,5,5
WBGene00197383.,0,0,0
WBGene00197384.,0,0,0
WBGene00197385.,0,0,0
WBGene00197386.,0,0,0
WBGene00197387.,0,0,0
WBGene00197388.,0,1,1
WBGene00197389.,0,1,1
WBGene00197390.,0,0,0
WBGene00197391.,0,0,0
WBGene00197392.,0,0,0
WBGene00197393.,0,0,0
WBGene00197394.,0,0,0
WBGene00197395.,0,12,12
WBGene00197396.,0,1,1
WBGene00197397.,0,0,0
WBGene00197398.,0,0,0
WBGene00197399.,0,22,22
WBGene00197400.,0,3,3
WBGene00197401.,0,0,0
WBGene00197402.,0,1,1
WBGene00197403.,0,0,0
WBGene00197404.,0,8,8
WBGene00197405.,0,0,0
WBGene00197406.,0,72,72
WBGene00197407.,0,0,0
WBGene00197408.,0,0,0
WBGene00197409.,0,2,2
WBGene00197410.,0,2,2
WBGene00197411.,0,13,13
WBGene00197412.,0,1,1
WBGene00197413.,0,0,0
WBGene00197414.,0,0,0
WBGene00197415.,0,1,1
WBGene00197416.,0,6,6
WBGene00197417.,0,0,0
WBGene00197418.,0,0,0
WBGene00197419.,0,1,1
WBGene00197420.,0,4,4
WBGene00197421.,0,0,0
WBGene00197422.,0,0,0
WBGene00197423.,0,0,0
WBGene00197424.,0,17,17
WBGene00197425.,0,4,4
WBGene00197426.,0,6,6
WBGene00197427.,0,0,0
WBGene00197428.,0,0,0
WBGene00197429.,0,0,0
WBGene00197430.,0,0,0
WBGene00197431.,0,0,0
WBGene00197432.,0,0,0
WBGene00197433.,0,1,1
WBGene00197434.,0,0,0
WBGene00197435.,0,0,0
WBGene00197436.,0,0,0
WBGene00197437.,0,2,2
WBGene00197438.,0,2,2
WBGene00197439.,0,0,0
WBGene00197440.,0,2,2
WBGene00197441.,0,5,5
WBGene00197442.,0,0,0
WBGene00197443.,0,0,0
WBGene00197444.,0,14,14
WBGene00197445.,0,2,2
WBGene00197446.,0,2,2
WBGene00197447.,0,0,0
WBGene00197448.,0,1,1
WBGene00197449.,0,0,0
WBGene00197450.,0,3,3
WBGene00197451.,0,0,0
WBGene00197452.,0,23,23
WBGene00197453.,0,0,0
WBGene00197454.,0,10,10
WBGene00197455.,0,2,2
WBGene00197456.,0,0,0
WBGene00197457.,0,0,0
WBGene00197458.,0,1,1
WBGene00197459.,0,0,0
WBGene00197460.,0,0,0
WBGene00197461.,0,7,7
WBGene00197462.,0,2,2
WBGene00197463.,0,1,1
WBGene00197464.,0,14,14
WBGene00197465.,0,1,1
WBGene00197466.,0,1,1
WBGene00197467.,0,8,8
WBGene00197468.,0,0,0
WBGene00197469.,0,0,0
WBGene00197470.,0,0,0
WBGene00197471.,0,0,0
WBGene00197472.,0,0,0
WBGene00197473.,0,0,0
WBGene00197474.,0,0,0
WBGene00197475.,0,1,1
WBGene00197476.,0,0,0
WBGene00197477.,0,18,18
WBGene00197478.,0,0,0
WBGene00197479.,0,0,0
WBGene00197480.,0,2,2
WBGene00197481.,0,2,2
WBGene00197482.,0,4,4
WBGene00197483.,0,1,1
WBGene00197484.,0,1,1
WBGene00197485.,0,1,1
WBGene00197486.,0,2,2
WBGene00197487.,0,1,1
WBGene00197488.,0,0,0
WBGene00197489.,0,2,2
WBGene00197490.,0,0,0
WBGene00197491.,0,1,1
WBGene00197492.,0,1,1
WBGene00197493.,0,0,0
WBGene00197494.,0,0,0
WBGene00197495.,0,2,2
WBGene00197496.,0,1,1
WBGene00197497.,0,0,0
WBGene00197498.,0,1,1
WBGene00197499.,0,0,0
WBGene00197500.,0,1,1
WBGene00197501.,0,0,0
WBGene00197502.,0,1,1
WBGene00197503.,0,2,2
WBGene00197504.,0,0,0
WBGene00197505.,0,0,0
WBGene00197506.,0,0,0
WBGene00197507.,0,0,0
WBGene00197508.,0,0,0
WBGene00197509.,0,5,5
WBGene00197510.,0,1,1
WBGene00197511.,0,7,7
WBGene00197512.,0,0,0
WBGene00197513.,0,1,1
WBGene00197514.,0,0,0
WBGene00197515.,0,23,23
WBGene00197516.,0,17,17
WBGene00197517.,0,3,3
WBGene00197518.,0,3,3
WBGene00197519.,0,0,0
WBGene00197520.,0,0,0
WBGene00197521.,0,2,2
WBGene00197522.,0,0,0
WBGene00197523.,0,0,0
WBGene00197524.,0,0,0
WBGene00197525.,0,3,3
WBGene00197526.,0,0,0
WBGene00197527.,0,2,2
WBGene00197528.,0,0,0
WBGene00197529.,0,4,4
WBGene00197530.,0,0,0
WBGene00197531.,0,1,1
WBGene00197532.,0,1,1
WBGene00197533.,0,1,1
WBGene00197534.,0,11,11
WBGene00197535.,0,0,0
WBGene00197536.,0,0,0
WBGene00197537.,0,0,0
WBGene00197538.,0,0,0
WBGene00197539.,0,0,0
WBGene00197540.,0,0,0
WBGene00197541.,0,8,8
WBGene00197542.,0,0,0
WBGene00197543.,0,0,0
WBGene00197544.,0,0,0
WBGene00197545.,0,0,0
WBGene00197546.,0,1,1
WBGene00197547.,0,0,0
WBGene00197548.,0,4,4
WBGene00197549.,0,0,0
WBGene00197550.,0,2,2
WBGene00197551.,0,0,0
WBGene00197552.,0,0,0
WBGene00197553.,0,2,2
WBGene00197554.,0,0,0
WBGene00197555.,0,1,1
WBGene00197556.,0,0,0
WBGene00197557.,0,0,0
WBGene00197558.,0,3,3
WBGene00197559.,0,1,1
WBGene00197560.,0,2,2
WBGene00197561.,0,0,0
WBGene00197562.,0,0,0
WBGene00197563.,0,0,0
WBGene00197564.,0,2,2
WBGene00197565.,0,0,0
WBGene00197566.,0,0,0
WBGene00197567.,0,2,2
WBGene00197568.,0,0,0
WBGene00197569.,0,0,0
WBGene00197570.,0,0,0
WBGene00197571.,0,4,4
WBGene00197572.,0,2,2
WBGene00197573.,0,2,2
WBGene00197574.,0,4,4
WBGene00197575.,0,0,0
WBGene00197576.,0,0,0
WBGene00197577.,0,4,4
WBGene00197578.,0,25,25
WBGene00197579.,0,12,12
WBGene00197580.,0,1,1
WBGene00197581.,0,4,4
WBGene00197582.,0,2,2
WBGene00197583.,0,17,17
WBGene00197584.,0,0,0
WBGene00197585.,0,4,4
WBGene00197586.,0,1,1
WBGene00197587.,0,2,2
WBGene00197588.,0,0,0
WBGene00197589.,0,0,0
WBGene00197590.,0,0,0
WBGene00197591.,0,11,11
WBGene00197592.,0,0,0
WBGene00197593.,0,0,0
WBGene00197594.,0,0,0
WBGene00197595.,0,0,0
WBGene00197596.,0,2,2
WBGene00197597.,0,11,11
WBGene00197598.,0,0,0
WBGene00197599.,0,1,1
WBGene00197600.,0,0,0
WBGene00197601.,0,4,4
WBGene00197602.,0,0,0
WBGene00197603.,0,1,1
WBGene00197604.,0,11,11
WBGene00197605.,0,0,0
WBGene00197606.,0,0,0
WBGene00197607.,0,0,0
WBGene00197608.,0,0,0
WBGene00197609.,0,9,9
WBGene00197610.,0,0,0
WBGene00197611.,0,1,1
WBGene00197612.,0,0,0
WBGene00197613.,0,0,0
WBGene00197614.,0,0,0
WBGene00197615.,0,2,2
WBGene00197616.,0,1,1
WBGene00197617.,0,0,0
WBGene00197618.,0,0,0
WBGene00197619.,0,0,0
WBGene00197620.,0,8,8
WBGene00197621.,0,0,0
WBGene00197622.,0,0,0
WBGene00197623.,0,0,0
WBGene00197624.,0,2,2
WBGene00197625.,0,16,16
WBGene00197626.,0,1,1
WBGene00197627.,0,2,2
WBGene00197628.,0,0,0
WBGene00197629.,0,0,0
WBGene00197630.,0,0,0
WBGene00197631.,0,1,1
WBGene00197632.,0,9,9
WBGene00197633.,0,35,35
WBGene00197634.,0,9,9
WBGene00197635.,0,1,1
WBGene00197636.,0,3,3
WBGene00197637.,0,0,0
WBGene00197638.,0,0,0
WBGene00197639.,0,0,0
WBGene00197640.,0,0,0
WBGene00197641.,0,0,0
WBGene00197642.,0,13,13
WBGene00197643.,0,0,0
WBGene00197644.,0,3,3
WBGene00197645.,0,1,1
WBGene00197646.,0,0,0
WBGene00197647.,0,5,5
WBGene00197648.,0,4,4
WBGene00197649.,0,0,0
WBGene00197650.,0,1,1
WBGene00197651.,0,0,0
WBGene00197652.,0,5,5
WBGene00197653.,0,0,0
WBGene00197654.,0,0,0
WBGene00197655.,0,0,0
WBGene00197656.,0,1,1
WBGene00197657.,0,5,5
WBGene00197658.,0,0,0
WBGene00197659.,0,1,1
WBGene00197660.,0,1,1
WBGene00197661.,0,0,0
WBGene00197662.,0,0,0
WBGene00197663.,0,0,0
WBGene00197664.,0,0,0
WBGene00197665.,0,2,2
WBGene00197666.,0,0,0
WBGene00197667.,0,11,11
WBGene00197668.,0,2,2
WBGene00197669.,0,1,1
WBGene00197670.,0,20,20
WBGene00197671.,0,1,1
WBGene00197672.,0,2,2
WBGene00197673.,0,0,0
WBGene00197674.,0,0,0
WBGene00197675.,0,0,0
WBGene00197676.,0,0,0
WBGene00197677.,0,0,0
WBGene00197678.,0,0,0
WBGene00197679.,0,10,10
WBGene00197680.,0,0,0
WBGene00197681.,0,0,0
WBGene00197682.,0,0,0
WBGene00197683.,0,0,0
WBGene00197684.,0,1,1
WBGene00197685.,0,0,0
WBGene00197686.,0,24,24
WBGene00197687.,0,1,1
WBGene00197688.,0,2,2
WBGene00197689.,0,0,0
WBGene00197690.,0,0,0
WBGene00197691.,0,17,17
WBGene00197692.,0,0,0
WBGene00197693.,0,1,1
WBGene00197694.,0,3,3
WBGene00197695.,0,0,0
WBGene00197696.,0,0,0
WBGene00197697.,0,0,0
WBGene00197698.,0,4,4
WBGene00197699.,0,0,0
WBGene00197700.,0,0,0
WBGene00197701.,0,1,1
WBGene00197702.,0,2,2
WBGene00197703.,0,1,1
WBGene00197704.,0,2,2
WBGene00197705.,0,1,1
WBGene00197706.,0,1,1
WBGene00197707.,0,0,0
WBGene00197708.,0,0,0
WBGene00197709.,0,6,6
WBGene00197710.,0,12,12
WBGene00197711.,0,0,0
WBGene00197712.,0,4,4
WBGene00197713.,0,0,0
WBGene00197714.,0,0,0
WBGene00197715.,0,0,0
WBGene00197716.,0,3,3
WBGene00197717.,0,1,1
WBGene00197718.,0,0,0
WBGene00197719.,0,0,0
WBGene00197720.,0,1,1
WBGene00197721.,0,1,1
WBGene00197722.,0,0,0
WBGene00197723.,0,0,0
WBGene00197724.,0,9,9
WBGene00197725.,0,0,0
WBGene00197726.,0,1,1
WBGene00197727.,0,4,4
WBGene00197728.,0,0,0
WBGene00197729.,0,0,0
WBGene00197730.,0,1,1
WBGene00197731.,0,0,0
WBGene00197732.,0,5,5
WBGene00197733.,0,0,0
WBGene00197734.,0,0,0
WBGene00197735.,0,0,0
WBGene00197736.,0,0,0
WBGene00197737.,0,1,1
WBGene00197738.,0,0,0
WBGene00197739.,0,4,4
WBGene00197740.,0,0,0
WBGene00197741.,0,3,3
WBGene00197742.,0,0,0
WBGene00197743.,0,1,1
WBGene00197744.,0,0,0
WBGene00197745.,0,1,1
WBGene00197746.,0,0,0
WBGene00197747.,0,0,0
WBGene00197748.,0,1,1
WBGene00197749.,0,1,1
WBGene00197750.,0,1,1
WBGene00197751.,0,0,0
WBGene00197752.,0,2,2
WBGene00197753.,0,4,4
WBGene00197754.,0,0,0
WBGene00197755.,0,0,0
WBGene00197756.,0,0,0
WBGene00197757.,0,4,4
WBGene00197758.,0,1,1
WBGene00197759.,0,3,3
WBGene00197760.,0,0,0
WBGene00197761.,0,0,0
WBGene00197762.,0,0,0
WBGene00197763.,0,1,1
WBGene00197764.,0,0,0
WBGene00197765.,0,0,0
WBGene00197766.,0,7,7
WBGene00197767.,0,0,0
WBGene00197768.,0,0,0
WBGene00197769.,0,2,2
WBGene00197770.,0,1,1
WBGene00197771.,0,0,0
WBGene00197772.,0,0,0
WBGene00197773.,0,0,0
WBGene00197774.,0,0,0
WBGene00197775.,0,6,6
WBGene00197776.,0,0,0
WBGene00197777.,0,0,0
WBGene00197778.,0,0,0
WBGene00197779.,0,4,4
WBGene00197780.,0,0,0
WBGene00197781.,0,2,2
WBGene00197782.,0,3,3
WBGene00197783.,0,2,2
WBGene00197784.,0,0,0
WBGene00197785.,0,0,0
WBGene00197786.,0,6,6
WBGene00197787.,0,1,1
WBGene00197788.,0,0,0
WBGene00197789.,0,0,0
WBGene00197790.,0,1,1
WBGene00197791.,0,2,2
WBGene00197792.,0,0,0
WBGene00197793.,0,9,9
WBGene00197794.,0,0,0
WBGene00197795.,0,0,0
WBGene00197796.,0,1,1
WBGene00197797.,0,0,0
WBGene00197798.,0,1,1
WBGene00197799.,0,0,0
WBGene00197800.,0,5,5
WBGene00197801.,0,0,0
WBGene00197802.,0,0,0
WBGene00197803.,0,30,30
WBGene00197804.,0,1,1
WBGene00197805.,0,7,7
WBGene00197806.,0,2,2
WBGene00197807.,0,0,0
WBGene00197808.,0,0,0
WBGene00197809.,0,0,0
WBGene00197810.,0,0,0
WBGene00197811.,0,0,0
WBGene00197812.,0,4,4
WBGene00197813.,0,8,8
WBGene00197814.,0,0,0
WBGene00197815.,0,2,2
WBGene00197816.,0,0,0
WBGene00197817.,0,0,0
WBGene00197818.,0,2,2
WBGene00197819.,0,0,0
WBGene00197820.,0,0,0
WBGene00197821.,0,2,2
WBGene00197822.,0,2,2
WBGene00197823.,0,0,0
WBGene00197824.,0,0,0
WBGene00197825.,0,3,3
WBGene00197826.,0,0,0
WBGene00197827.,0,0,0
WBGene00197828.,0,0,0
WBGene00197829.,0,1,1
WBGene00197830.,0,0,0
WBGene00197831.,0,0,0
WBGene00197832.,0,0,0
WBGene00197833.,0,2,2
WBGene00197834.,0,2,2
WBGene00197835.,0,0,0
WBGene00197836.,0,3,3
WBGene00197837.,0,0,0
WBGene00197838.,0,0,0
WBGene00197839.,0,0,0
WBGene00197840.,0,4,4
WBGene00197841.,0,0,0
WBGene00197842.,0,0,0
WBGene00197843.,0,0,0
WBGene00197844.,0,0,0
WBGene00197845.,0,2,2
WBGene00197846.,0,1,1
WBGene00197847.,0,0,0
WBGene00197848.,0,0,0
WBGene00197849.,0,0,0
WBGene00197850.,0,1,1
WBGene00197851.,0,0,0
WBGene00197852.,0,2,2
WBGene00197853.,0,26,26
WBGene00197854.,0,4,4
WBGene00197855.,0,0,0
WBGene00197856.,0,1,1
WBGene00197857.,0,11,11
WBGene00197858.,0,5,5
WBGene00197859.,0,0,0
WBGene00197860.,0,20,20
WBGene00197861.,0,0,0
WBGene00197862.,0,0,0
WBGene00197863.,0,3,3
WBGene00197864.,0,0,0
WBGene00197865.,0,4,4
WBGene00197866.,0,0,0
WBGene00197867.,0,1,1
WBGene00197868.,0,5,5
WBGene00197869.,0,0,0
WBGene00197870.,0,0,0
WBGene00197871.,0,1,1
WBGene00197872.,0,0,0
WBGene00197873.,0,7,7
WBGene00197874.,0,4,4
WBGene00197875.,0,12,12
WBGene00197876.,0,0,0
WBGene00197877.,0,0,0
WBGene00197878.,0,1,1
WBGene00197879.,0,14,14
WBGene00197880.,0,6,6
WBGene00197881.,0,0,0
WBGene00197882.,0,0,0
WBGene00197883.,0,27,27
WBGene00197884.,0,8,8
WBGene00197885.,0,1,1
WBGene00197886.,0,0,0
WBGene00197887.,0,3,3
WBGene00197888.,0,0,0
WBGene00197889.,0,3,3
WBGene00197890.,0,3,3
WBGene00197891.,0,0,0
WBGene00197892.,0,0,0
WBGene00197893.,0,0,0
WBGene00197894.,0,0,0
WBGene00197895.,0,1,1
WBGene00197896.,0,8,8
WBGene00197897.,0,0,0
WBGene00197898.,0,5,5
WBGene00197899.,0,0,0
WBGene00197900.,0,0,0
WBGene00197901.,0,0,0
WBGene00197902.,0,0,0
WBGene00197903.,0,6,6
WBGene00197904.,0,0,0
WBGene00197905.,0,0,0
WBGene00197906.,0,81,81
WBGene00197907.,0,0,0
WBGene00197908.,0,0,0
WBGene00197909.,0,9,9
WBGene00197910.,0,0,0
WBGene00197911.,0,0,0
WBGene00197912.,0,1,1
WBGene00197913.,0,0,0
WBGene00197914.,0,1,1
WBGene00197915.,0,0,0
WBGene00197916.,0,0,0
WBGene00197917.,0,0,0
WBGene00197918.,0,0,0
WBGene00197919.,0,0,0
WBGene00197920.,0,3,3
WBGene00197921.,0,99,99
WBGene00197922.,0,1,1
WBGene00197923.,0,23,23
WBGene00197924.,0,1,1
WBGene00197925.,0,2,2
WBGene00197926.,0,0,0
WBGene00197927.,0,0,0
WBGene00197928.,0,0,0
WBGene00197929.,0,0,0
WBGene00197930.,0,0,0
WBGene00197931.,0,0,0
WBGene00197932.,0,1,1
WBGene00197933.,0,0,0
WBGene00197934.,0,35,35
WBGene00197935.,0,0,0
WBGene00197936.,0,0,0
WBGene00197937.,0,3,3
WBGene00197938.,0,0,0
WBGene00197939.,0,1,1
WBGene00197940.,0,1,1
WBGene00197941.,0,1,1
WBGene00197942.,0,0,0
WBGene00197943.,0,0,0
WBGene00197944.,0,7,7
WBGene00197945.,0,2,2
WBGene00197946.,0,2,2
WBGene00197947.,0,0,0
WBGene00197948.,0,0,0
WBGene00197949.,0,3,3
WBGene00197950.,0,0,0
WBGene00197951.,0,3,3
WBGene00197952.,0,1,1
WBGene00197953.,0,0,0
WBGene00197954.,0,0,0
WBGene00197955.,0,2,2
WBGene00197956.,0,0,0
WBGene00197957.,0,1,1
WBGene00197958.,0,0,0
WBGene00197959.,0,2,2
WBGene00197960.,0,7,7
WBGene00197961.,0,1,1
WBGene00197962.,0,0,0
WBGene00197963.,0,0,0
WBGene00197964.,0,0,0
WBGene00197965.,0,2,2
WBGene00197966.,0,0,0
WBGene00197967.,0,1,1
WBGene00197968.,0,0,0
WBGene00197969.,0,6,6
WBGene00197970.,0,4,4
WBGene00197971.,0,22,22
WBGene00197972.,0,1,1
WBGene00197973.,0,5,5
WBGene00197974.,0,0,0
WBGene00197975.,0,0,0
WBGene00197976.,0,5,5
WBGene00197977.,0,0,0
WBGene00197978.,0,1,1
WBGene00197979.,0,0,0
WBGene00197980.,0,0,0
WBGene00197981.,0,0,0
WBGene00197982.,0,0,0
WBGene00197983.,0,4,4
WBGene00197984.,0,2,2
WBGene00197985.,0,0,0
WBGene00197986.,0,0,0
WBGene00197987.,0,3,3
WBGene00197988.,0,0,0
WBGene00197989.,0,4,4
WBGene00197990.,0,0,0
WBGene00197991.,0,5,5
WBGene00197992.,0,1,1
WBGene00197993.,0,0,0
WBGene00197994.,0,0,0
WBGene00197995.,0,10,10
WBGene00197996.,0,0,0
WBGene00197997.,0,4,4
WBGene00197998.,0,0,0
WBGene00197999.,0,1,1
WBGene00198000.,0,9,9
WBGene00198001.,0,0,0
WBGene00198002.,0,0,0
WBGene00198003.,0,2,2
WBGene00198004.,0,0,0
WBGene00198005.,0,1,1
WBGene00198006.,0,0,0
WBGene00198007.,0,1,1
WBGene00198008.,0,4,4
WBGene00198009.,0,0,0
WBGene00198010.,0,0,0
WBGene00198011.,0,0,0
WBGene00198012.,0,0,0
WBGene00198013.,0,0,0
WBGene00198014.,0,13,13
WBGene00198015.,0,0,0
WBGene00198016.,0,0,0
WBGene00198017.,0,1,1
WBGene00198018.,0,1,1
WBGene00198019.,0,0,0
WBGene00198020.,0,2,2
WBGene00198021.,0,12,12
WBGene00198022.,0,2,2
WBGene00198023.,0,0,0
WBGene00198024.,0,0,0
WBGene00198025.,0,6,6
WBGene00198026.,0,1,1
WBGene00198027.,0,1,1
WBGene00198028.,0,1,1
WBGene00198029.,0,1,1
WBGene00198030.,0,0,0
WBGene00198031.,0,0,0
WBGene00198032.,0,0,0
WBGene00198033.,0,1,1
WBGene00198034.,0,1,1
WBGene00198035.,0,0,0
WBGene00198036.,0,0,0
WBGene00198037.,0,0,0
WBGene00198038.,0,0,0
WBGene00198039.,0,0,0
WBGene00198040.,0,0,0
WBGene00198041.,0,0,0
WBGene00198042.,0,1,1
WBGene00198043.,0,0,0
WBGene00198044.,0,1,1
WBGene00198045.,0,1,1
WBGene00198046.,0,0,0
WBGene00198047.,0,13,13
WBGene00198048.,0,0,0
WBGene00198049.,0,0,0
WBGene00198050.,0,0,0
WBGene00198051.,0,3,3
WBGene00198052.,0,4,4
WBGene00198053.,0,4,4
WBGene00198054.,0,0,0
WBGene00198055.,0,0,0
WBGene00198056.,0,7,7
WBGene00198057.,0,4,4
WBGene00198058.,0,1,1
WBGene00198059.,0,0,0
WBGene00198060.,0,0,0
WBGene00198061.,0,2,2
WBGene00198062.,0,2,2
WBGene00198063.,0,1,1
WBGene00198064.,0,2,2
WBGene00198065.,0,3,3
WBGene00198066.,0,0,0
WBGene00198067.,0,0,0
WBGene00198068.,0,3,3
WBGene00198069.,0,3,3
WBGene00198070.,0,0,0
WBGene00198071.,0,0,0
WBGene00198072.,0,0,0
WBGene00198073.,0,0,0
WBGene00198074.,0,0,0
WBGene00198075.,0,52,52
WBGene00198076.,0,0,0
WBGene00198077.,0,0,0
WBGene00198078.,0,0,0
WBGene00198079.,0,0,0
WBGene00198080.,0,0,0
WBGene00198081.,0,2,2
WBGene00198082.,0,0,0
WBGene00198083.,0,4,4
WBGene00198084.,0,0,0
WBGene00198085.,0,0,0
WBGene00198086.,0,0,0
WBGene00198087.,0,0,0
WBGene00198088.,0,5,5
WBGene00198089.,0,0,0
WBGene00198090.,0,0,0
WBGene00198091.,0,7,7
WBGene00198092.,0,0,0
WBGene00198093.,0,3,3
WBGene00198094.,0,4,4
WBGene00198095.,0,2,2
WBGene00198096.,0,1,1
WBGene00198097.,0,0,0
WBGene00198098.,0,0,0
WBGene00198099.,0,0,0
WBGene00198100.,0,0,0
WBGene00198101.,0,1,1
WBGene00198102.,0,0,0
WBGene00198103.,0,0,0
WBGene00198104.,0,11,11
WBGene00198105.,0,1,1
WBGene00198106.,0,0,0
WBGene00198107.,0,0,0
WBGene00198108.,0,9,9
WBGene00198109.,0,0,0
WBGene00198110.,0,2,2
WBGene00198111.,0,3,3
WBGene00198112.,0,0,0
WBGene00198113.,0,1,1
WBGene00198114.,0,0,0
WBGene00198115.,0,2,2
WBGene00198116.,0,0,0
WBGene00198117.,0,0,0
WBGene00198118.,0,0,0
WBGene00198119.,0,6,6
WBGene00198120.,0,0,0
WBGene00198121.,0,0,0
WBGene00198122.,0,7,7
WBGene00198123.,0,0,0
WBGene00198124.,0,23,23
WBGene00198125.,0,0,0
WBGene00198126.,0,1,1
WBGene00198127.,0,4,4
WBGene00198128.,0,0,0
WBGene00198129.,0,0,0
WBGene00198130.,0,3,3
WBGene00198131.,0,5,5
WBGene00198132.,0,1,1
WBGene00198133.,0,0,0
WBGene00198134.,0,14,14
WBGene00198135.,0,6,6
WBGene00198136.,0,1,1
WBGene00198137.,0,0,0
WBGene00198138.,0,2,2
WBGene00198139.,0,2,2
WBGene00198140.,0,0,0
WBGene00198141.,0,3,3
WBGene00198142.,0,4,4
WBGene00198143.,0,0,0
WBGene00198144.,0,1,1
WBGene00198145.,0,2,2
WBGene00198146.,0,0,0
WBGene00198147.,0,0,0
WBGene00198148.,0,0,0
WBGene00198149.,0,4,4
WBGene00198150.,0,1,1
WBGene00198151.,0,3,3
WBGene00198152.,0,1,1
WBGene00198153.,0,0,0
WBGene00198154.,0,0,0
WBGene00198155.,0,0,0
WBGene00198156.,0,0,0
WBGene00198157.,0,2,2
WBGene00198158.,0,2,2
WBGene00198159.,0,0,0
WBGene00198160.,0,2,2
WBGene00198161.,0,0,0
WBGene00198162.,0,6,6
WBGene00198163.,0,0,0
WBGene00198164.,0,0,0
WBGene00198165.,0,0,0
WBGene00198166.,0,1,1
WBGene00198167.,0,3,3
WBGene00198168.,0,1,1
WBGene00198169.,0,1,1
WBGene00198170.,0,0,0
WBGene00198171.,0,8,8
WBGene00198172.,0,0,0
WBGene00198173.,0,2,2
WBGene00198174.,0,11,11
WBGene00198175.,0,0,0
WBGene00198176.,0,2,2
WBGene00198177.,0,0,0
WBGene00198178.,0,6,6
WBGene00198179.,0,0,0
WBGene00198180.,0,1,1
WBGene00198181.,0,2,2
WBGene00198182.,0,6,6
WBGene00198183.,0,8,8
WBGene00198184.,0,0,0
WBGene00198185.,0,1,1
WBGene00198186.,0,0,0
WBGene00198187.,0,4,4
WBGene00198188.,0,1,1
WBGene00198189.,0,0,0
WBGene00198190.,0,0,0
WBGene00198191.,0,1,1
WBGene00198192.,0,0,0
WBGene00198193.,0,1,1
WBGene00198194.,0,1,1
WBGene00198195.,0,1,1
WBGene00198196.,0,0,0
WBGene00198197.,0,0,0
WBGene00198198.,0,0,0
WBGene00198199.,0,0,0
WBGene00198200.,0,2,2
WBGene00198201.,0,0,0
WBGene00198202.,0,1,1
WBGene00198203.,0,0,0
WBGene00198204.,0,0,0
WBGene00198205.,0,0,0
WBGene00198206.,0,0,0
WBGene00198207.,0,0,0
WBGene00198208.,0,0,0
WBGene00198209.,0,7,7
WBGene00198210.,0,5,5
WBGene00198211.,0,0,0
WBGene00198212.,0,0,0
WBGene00198213.,0,25,25
WBGene00198214.,0,3,3
WBGene00198215.,0,4,4
WBGene00198216.,0,3,3
WBGene00198217.,0,2,2
WBGene00198218.,0,0,0
WBGene00198219.,0,0,0
WBGene00198220.,0,0,0
WBGene00198221.,0,1,1
WBGene00198222.,0,0,0
WBGene00198223.,0,2,2
WBGene00198224.,0,1,1
WBGene00198225.,0,18,18
WBGene00198226.,0,3,3
WBGene00198227.,0,0,0
WBGene00198228.,0,0,0
WBGene00198229.,0,8,8
WBGene00198230.,0,0,0
WBGene00198231.,0,0,0
WBGene00198232.,0,2,2
WBGene00198233.,0,0,0
WBGene00198234.,0,4,4
WBGene00198235.,0,0,0
WBGene00198236.,0,5,5
WBGene00198237.,0,5,5
WBGene00198238.,0,0,0
WBGene00198239.,0,0,0
WBGene00198240.,0,2,2
WBGene00198241.,0,0,0
WBGene00198242.,0,25,25
WBGene00198243.,0,0,0
WBGene00198244.,0,8,8
WBGene00198245.,0,0,0
WBGene00198246.,0,7,7
WBGene00198247.,0,5,5
WBGene00198248.,0,0,0
WBGene00198249.,0,6,6
WBGene00198250.,0,0,0
WBGene00198251.,0,2,2
WBGene00198252.,0,0,0
WBGene00198253.,0,0,0
WBGene00198254.,0,0,0
WBGene00198255.,0,0,0
WBGene00198256.,0,2,2
WBGene00198257.,0,3,3
WBGene00198258.,0,9,9
WBGene00198259.,0,0,0
WBGene00198260.,0,0,0
WBGene00198261.,0,0,0
WBGene00198262.,0,10,10
WBGene00198263.,0,1,1
WBGene00198264.,0,0,0
WBGene00198265.,0,0,0
WBGene00198266.,0,1,1
WBGene00198267.,0,2,2
WBGene00198268.,0,6,6
WBGene00198269.,0,1,1
WBGene00198270.,0,6,6
WBGene00198271.,0,0,0
WBGene00198272.,0,0,0
WBGene00198273.,0,0,0
WBGene00198274.,0,0,0
WBGene00198275.,0,0,0
WBGene00198276.,0,0,0
WBGene00198277.,0,26,26
WBGene00198278.,0,2,2
WBGene00198279.,0,1,1
WBGene00198280.,0,0,0
WBGene00198281.,0,0,0
WBGene00198282.,0,1,1
WBGene00198283.,0,1,1
WBGene00198284.,0,0,0
WBGene00198285.,0,0,0
WBGene00198286.,0,4,4
WBGene00198287.,0,11,11
WBGene00198288.,0,0,0
WBGene00198289.,0,3,3
WBGene00198290.,0,3,3
WBGene00198291.,0,0,0
WBGene00198292.,0,2,2
WBGene00198293.,0,0,0
WBGene00198294.,0,0,0
WBGene00198295.,0,0,0
WBGene00198296.,0,0,0
WBGene00198297.,0,0,0
WBGene00198298.,0,1,1
WBGene00198299.,0,2,2
WBGene00198300.,0,67,67
WBGene00198301.,0,0,0
WBGene00198302.,0,0,0
WBGene00198303.,0,2,2
WBGene00198304.,0,1,1
WBGene00198305.,0,0,0
WBGene00198306.,0,0,0
WBGene00198307.,0,40,40
WBGene00198308.,0,3,3
WBGene00198309.,0,0,0
WBGene00198310.,0,0,0
WBGene00198311.,0,4,4
WBGene00198312.,0,7,7
WBGene00198313.,0,0,0
WBGene00198314.,0,3,3
WBGene00198315.,0,10,10
WBGene00198316.,0,4,4
WBGene00198317.,0,0,0
WBGene00198318.,0,0,0
WBGene00198319.,0,1,1
WBGene00198320.,0,9,9
WBGene00198321.,0,0,0
WBGene00198322.,0,1,1
WBGene00198323.,0,1,1
WBGene00198324.,0,3,3
WBGene00198325.,0,2,2
WBGene00198326.,0,22,22
WBGene00198327.,0,0,0
WBGene00198328.,0,0,0
WBGene00198329.,0,0,0
WBGene00198330.,0,0,0
WBGene00198331.,0,8,8
WBGene00198332.,0,1,1
WBGene00198333.,0,0,0
WBGene00198334.,0,0,0
WBGene00198335.,0,0,0
WBGene00198336.,0,0,0
WBGene00198337.,0,1,1
WBGene00198338.,0,0,0
WBGene00198339.,0,0,0
WBGene00198340.,0,1,1
WBGene00198341.,0,5,5
WBGene00198342.,0,0,0
WBGene00198343.,0,0,0
WBGene00198344.,0,5,5
WBGene00198345.,0,0,0
WBGene00198346.,0,0,0
WBGene00198347.,0,0,0
WBGene00198348.,0,13,13
WBGene00198349.,0,1,1
WBGene00198350.,0,1,1
WBGene00198351.,0,1,1
WBGene00198352.,0,0,0
WBGene00198353.,0,0,0
WBGene00198354.,0,2,2
WBGene00198355.,0,4,4
WBGene00198356.,0,4,4
WBGene00198357.,0,0,0
WBGene00198358.,0,0,0
WBGene00198359.,0,0,0
WBGene00198360.,0,1,1
WBGene00198361.,0,3,3
WBGene00198362.,0,0,0
WBGene00198363.,0,0,0
WBGene00198364.,0,4,4
WBGene00198365.,0,0,0
WBGene00198366.,0,2,2
WBGene00198367.,0,3,3
WBGene00198368.,0,16,16
WBGene00198369.,0,2,2
WBGene00198370.,0,7,7
WBGene00198371.,0,0,0
WBGene00198372.,0,1,1
WBGene00198373.,0,1,1
WBGene00198374.,0,0,0
WBGene00198375.,0,0,0
WBGene00198376.,0,2,2
WBGene00198377.,0,2,2
WBGene00198378.,0,0,0
WBGene00198379.,0,7,7
WBGene00198380.,0,1,1
WBGene00198381.,0,2,2
WBGene00198382.,0,0,0
WBGene00198383.,0,1,1
WBGene00198384.,0,0,0
WBGene00198385.,0,6,6
WBGene00198386.,0,11,11
WBGene00198387.,0,1,1
WBGene00198388.,0,0,0
WBGene00198389.,0,0,0
WBGene00198390.,0,0,0
WBGene00198391.,0,2,2
WBGene00198392.,0,0,0
WBGene00198393.,0,12,12
WBGene00198394.,0,2,2
WBGene00198395.,0,0,0
WBGene00198396.,0,1,1
WBGene00198397.,0,1,1
WBGene00198398.,0,0,0
WBGene00198399.,0,16,16
WBGene00198400.,0,0,0
WBGene00198401.,0,2,2
WBGene00198402.,0,6,6
WBGene00198403.,0,1,1
WBGene00198404.,0,7,7
WBGene00198405.,0,0,0
WBGene00198406.,0,4,4
WBGene00198407.,0,0,0
WBGene00198408.,0,0,0
WBGene00198409.,0,1,1
WBGene00198410.,0,0,0
WBGene00198411.,0,0,0
WBGene00198412.,0,0,0
WBGene00198413.,0,1,1
WBGene00198414.,0,4,4
WBGene00198415.,0,0,0
WBGene00198416.,0,0,0
WBGene00198417.,0,0,0
WBGene00198418.,0,0,0
WBGene00198419.,0,5,5
WBGene00198420.,0,0,0
WBGene00198421.,0,0,0
WBGene00198422.,0,0,0
WBGene00198423.,0,6,6
WBGene00198424.,0,0,0
WBGene00198425.,0,0,0
WBGene00198426.,0,12,12
WBGene00198427.,0,0,0
WBGene00198428.,0,0,0
WBGene00198429.,0,4,4
WBGene00198430.,0,1,1
WBGene00198431.,0,2,2
WBGene00198432.,0,0,0
WBGene00198433.,0,1,1
WBGene00198434.,0,1,1
WBGene00198435.,0,0,0
WBGene00198436.,0,3,3
WBGene00198437.,0,2,2
WBGene00198438.,0,0,0
WBGene00198439.,0,0,0
WBGene00198440.,0,0,0
WBGene00198441.,0,6,6
WBGene00198442.,0,0,0
WBGene00198443.,0,0,0
WBGene00198444.,0,1,1
WBGene00198445.,0,0,0
WBGene00198446.,0,0,0
WBGene00198447.,0,0,0
WBGene00198448.,0,0,0
WBGene00198449.,0,0,0
WBGene00198450.,0,3,3
WBGene00198451.,0,0,0
WBGene00198452.,0,0,0
WBGene00198453.,0,1,1
WBGene00198454.,0,1,1
WBGene00198455.,0,2,2
WBGene00198456.,0,3,3
WBGene00198457.,0,0,0
WBGene00198458.,0,0,0
WBGene00198459.,0,0,0
WBGene00198460.,0,0,0
WBGene00198461.,0,0,0
WBGene00198462.,0,0,0
WBGene00198463.,0,0,0
WBGene00198464.,0,1,1
WBGene00198465.,0,0,0
WBGene00198466.,0,16,16
WBGene00198467.,0,1,1
WBGene00198468.,0,0,0
WBGene00198469.,0,0,0
WBGene00198470.,0,0,0
WBGene00198471.,0,1,1
WBGene00198472.,0,5,5
WBGene00198473.,0,0,0
WBGene00198474.,0,4,4
WBGene00198475.,0,0,0
WBGene00198476.,0,1,1
WBGene00198477.,0,0,0
WBGene00198478.,0,0,0
WBGene00198479.,0,2,2
WBGene00198480.,0,3,3
WBGene00198481.,0,0,0
WBGene00198482.,0,0,0
WBGene00198483.,0,1,1
WBGene00198484.,0,0,0
WBGene00198485.,0,9,9
WBGene00198486.,0,305,305
WBGene00198487.,0,0,0
WBGene00198488.,0,1,1
WBGene00198489.,0,5,5
WBGene00198490.,0,0,0
WBGene00198491.,0,5,5
WBGene00198492.,0,1,1
WBGene00198493.,0,0,0
WBGene00198494.,0,0,0
WBGene00198495.,0,0,0
WBGene00198496.,0,2,2
WBGene00198497.,0,2,2
WBGene00198498.,0,0,0
WBGene00198499.,0,1,1
WBGene00198500.,0,0,0
WBGene00198501.,0,1,1
WBGene00198502.,0,0,0
WBGene00198503.,0,0,0
WBGene00198504.,0,0,0
WBGene00198505.,0,0,0
WBGene00198506.,0,3,3
WBGene00198507.,0,1,1
WBGene00198508.,0,0,0
WBGene00198509.,0,0,0
WBGene00198510.,0,0,0
WBGene00198511.,0,0,0
WBGene00198512.,0,6,6
WBGene00198513.,0,1,1
WBGene00198514.,0,0,0
WBGene00198515.,0,4,4
WBGene00198516.,0,1,1
WBGene00198517.,0,1,1
WBGene00198518.,0,0,0
WBGene00198519.,0,3,3
WBGene00198520.,0,2,2
WBGene00198521.,0,0,0
WBGene00198522.,0,0,0
WBGene00198523.,0,2,2
WBGene00198524.,0,0,0
WBGene00198525.,0,0,0
WBGene00198526.,0,2,2
WBGene00198527.,0,2,2
WBGene00198528.,0,1,1
WBGene00198529.,0,1,1
WBGene00198530.,0,15,15
WBGene00198531.,0,1,1
WBGene00198532.,0,1,1
WBGene00198533.,0,0,0
WBGene00198534.,0,6,6
WBGene00198535.,0,2,2
WBGene00198536.,0,8,8
WBGene00198537.,0,1,1
WBGene00198538.,0,0,0
WBGene00198539.,0,1,1
WBGene00198540.,0,0,0
WBGene00198541.,0,1,1
WBGene00198542.,0,2,2
WBGene00198543.,0,1,1
WBGene00198544.,0,0,0
WBGene00198545.,0,0,0
WBGene00198546.,0,1,1
WBGene00198547.,0,0,0
WBGene00198548.,0,0,0
WBGene00198549.,0,1,1
WBGene00198550.,0,7,7
WBGene00198551.,0,0,0
WBGene00198552.,0,1,1
WBGene00198553.,0,0,0
WBGene00198554.,0,8,8
WBGene00198555.,0,0,0
WBGene00198556.,0,0,0
WBGene00198557.,0,1,1
WBGene00198558.,0,14,14
WBGene00198559.,0,0,0
WBGene00198560.,0,0,0
WBGene00198561.,0,0,0
WBGene00198562.,0,0,0
WBGene00198563.,0,15,15
WBGene00198564.,0,0,0
WBGene00198565.,0,4,4
WBGene00198566.,0,1,1
WBGene00198567.,0,0,0
WBGene00198568.,0,6,6
WBGene00198569.,0,1,1
WBGene00198570.,0,0,0
WBGene00198571.,0,0,0
WBGene00198572.,0,0,0
WBGene00198573.,0,0,0
WBGene00198574.,0,0,0
WBGene00198575.,0,14,14
WBGene00198576.,0,6,6
WBGene00198577.,0,0,0
WBGene00198578.,0,0,0
WBGene00198579.,0,1,1
WBGene00198580.,0,1,1
WBGene00198581.,0,1,1
WBGene00198582.,0,7,7
WBGene00198583.,0,1,1
WBGene00198584.,0,0,0
WBGene00198585.,0,6,6
WBGene00198586.,0,4,4
WBGene00198587.,0,1,1
WBGene00198588.,0,0,0
WBGene00198589.,0,0,0
WBGene00198590.,0,0,0
WBGene00198591.,0,2,2
WBGene00198592.,0,0,0
WBGene00198593.,0,5,5
WBGene00198594.,0,3,3
WBGene00198595.,0,0,0
WBGene00198596.,0,4,4
WBGene00198597.,0,0,0
WBGene00198598.,0,6,6
WBGene00198599.,0,5,5
WBGene00198600.,0,0,0
WBGene00198601.,0,0,0
WBGene00198602.,0,1,1
WBGene00198603.,0,1,1
WBGene00198604.,0,3,3
WBGene00198605.,0,0,0
WBGene00198606.,0,0,0
WBGene00198607.,0,1,1
WBGene00198608.,0,2,2
WBGene00198609.,0,0,0
WBGene00198610.,0,0,0
WBGene00198611.,0,0,0
WBGene00198612.,0,0,0
WBGene00198613.,0,0,0
WBGene00198614.,0,4,4
WBGene00198615.,0,0,0
WBGene00198616.,0,0,0
WBGene00198617.,0,2,2
WBGene00198618.,0,2,2
WBGene00198619.,0,0,0
WBGene00198620.,0,0,0
WBGene00198621.,0,42,42
WBGene00198622.,0,0,0
WBGene00198623.,0,1,1
WBGene00198624.,0,0,0
WBGene00198625.,0,0,0
WBGene00198626.,0,0,0
WBGene00198627.,0,2,2
WBGene00198628.,0,0,0
WBGene00198629.,0,1,1
WBGene00198630.,0,3,3
WBGene00198631.,0,2,2
WBGene00198632.,0,2,2
WBGene00198633.,0,9,9
WBGene00198634.,0,10,10
WBGene00198635.,0,0,0
WBGene00198636.,0,1,1
WBGene00198637.,0,6,6
WBGene00198638.,0,2,2
WBGene00198639.,0,1,1
WBGene00198640.,0,1,1
WBGene00198641.,0,14,14
WBGene00198642.,0,60,60
WBGene00198643.,0,3,3
WBGene00198644.,0,1,1
WBGene00198645.,0,2,2
WBGene00198646.,0,1,1
WBGene00198647.,0,0,0
WBGene00198648.,0,0,0
WBGene00198649.,0,2,2
WBGene00198650.,0,1,1
WBGene00198651.,0,0,0
WBGene00198652.,0,0,0
WBGene00198653.,0,1,1
WBGene00198654.,0,0,0
WBGene00198655.,0,2,2
WBGene00198656.,0,0,0
WBGene00198657.,0,0,0
WBGene00198658.,0,0,0
WBGene00198659.,0,0,0
WBGene00198660.,0,0,0
WBGene00198661.,0,1,1
WBGene00198662.,0,5,5
WBGene00198663.,0,1,1
WBGene00198664.,0,2,2
WBGene00198665.,0,0,0
WBGene00198666.,0,0,0
WBGene00198667.,0,0,0
WBGene00198668.,0,8,8
WBGene00198669.,0,0,0
WBGene00198670.,0,0,0
WBGene00198671.,0,6,6
WBGene00198672.,0,0,0
WBGene00198673.,0,0,0
WBGene00198674.,0,1,1
WBGene00198675.,0,1,1
WBGene00198676.,0,0,0
WBGene00198677.,0,2,2
WBGene00198678.,0,0,0
WBGene00198679.,0,5,5
WBGene00198680.,0,0,0
WBGene00198681.,0,1,1
WBGene00198682.,0,2,2
WBGene00198683.,0,6,6
WBGene00198684.,0,2,2
WBGene00198685.,0,0,0
WBGene00198686.,0,6,6
WBGene00198687.,0,0,0
WBGene00198688.,0,0,0
WBGene00198689.,0,0,0
WBGene00198690.,0,0,0
WBGene00198691.,0,1,1
WBGene00198692.,0,4,4
WBGene00198693.,0,0,0
WBGene00198694.,0,0,0
WBGene00198695.,0,0,0
WBGene00198696.,0,2,2
WBGene00198697.,0,8,8
WBGene00198698.,0,0,0
WBGene00198699.,0,0,0
WBGene00198700.,0,0,0
WBGene00198701.,0,2,2
WBGene00198702.,0,2,2
WBGene00198703.,0,1,1
WBGene00198704.,0,5,5
WBGene00198705.,0,0,0
WBGene00198706.,0,5,5
WBGene00198707.,0,3,3
WBGene00198708.,0,0,0
WBGene00198709.,0,2,2
WBGene00198710.,0,0,0
WBGene00198711.,0,0,0
WBGene00198712.,0,0,0
WBGene00198713.,0,2,2
WBGene00198714.,0,0,0
WBGene00198715.,0,0,0
WBGene00198716.,0,0,0
WBGene00198717.,0,0,0
WBGene00198718.,0,3,3
WBGene00198719.,0,0,0
WBGene00198720.,0,0,0
WBGene00198721.,0,13,13
WBGene00198722.,0,1,1
WBGene00198723.,0,0,0
WBGene00198724.,0,3,3
WBGene00198725.,0,0,0
WBGene00198726.,0,0,0
WBGene00198727.,0,0,0
WBGene00198728.,0,1,1
WBGene00198729.,0,2,2
WBGene00198730.,0,0,0
WBGene00198731.,0,12,12
WBGene00198732.,0,2,2
WBGene00198733.,0,2,2
WBGene00198734.,0,2,2
WBGene00198735.,0,0,0
WBGene00198736.,0,0,0
WBGene00198737.,0,1,1
WBGene00198738.,0,0,0
WBGene00198739.,0,1,1
WBGene00198740.,0,2,2
WBGene00198741.,0,3,3
WBGene00198742.,0,0,0
WBGene00198743.,0,2,2
WBGene00198744.,0,2,2
WBGene00198745.,0,1,1
WBGene00198746.,0,14,14
WBGene00198747.,0,4,4
WBGene00198748.,0,5,5
WBGene00198749.,0,2,2
WBGene00198750.,0,0,0
WBGene00198751.,0,1,1
WBGene00198752.,0,0,0
WBGene00198753.,0,0,0
WBGene00198754.,0,1,1
WBGene00198755.,0,0,0
WBGene00198756.,0,8,8
WBGene00198757.,0,0,0
WBGene00198758.,0,0,0
WBGene00198759.,0,2,2
WBGene00198760.,0,0,0
WBGene00198761.,0,0,0
WBGene00198762.,0,0,0
WBGene00198763.,0,0,0
WBGene00198764.,0,1,1
WBGene00198765.,0,1,1
WBGene00198766.,0,0,0
WBGene00198767.,0,0,0
WBGene00198768.,0,1,1
WBGene00198769.,0,0,0
WBGene00198770.,0,3,3
WBGene00198771.,0,3,3
WBGene00198772.,0,0,0
WBGene00198773.,0,0,0
WBGene00198774.,0,4,4
WBGene00198775.,0,5,5
WBGene00198776.,0,1,1
WBGene00198777.,0,2,2
WBGene00198778.,0,0,0
WBGene00198779.,0,0,0
WBGene00198780.,0,1,1
WBGene00198781.,0,0,0
WBGene00198782.,0,11,11
WBGene00198783.,0,0,0
WBGene00198784.,0,0,0
WBGene00198785.,0,0,0
WBGene00198786.,0,13,13
WBGene00198787.,0,1,1
WBGene00198788.,0,0,0
WBGene00198789.,0,0,0
WBGene00198790.,0,1,1
WBGene00198791.,0,0,0
WBGene00198792.,0,0,0
WBGene00198793.,0,0,0
WBGene00198794.,0,0,0
WBGene00198795.,0,1,1
WBGene00198796.,0,0,0
WBGene00198797.,0,1,1
WBGene00198798.,0,12,12
WBGene00198799.,0,2,2
WBGene00198800.,0,0,0
WBGene00198801.,0,0,0
WBGene00198802.,0,0,0
WBGene00198803.,0,3,3
WBGene00198804.,0,8,8
WBGene00198805.,0,0,0
WBGene00198806.,0,0,0
WBGene00198807.,0,0,0
WBGene00198808.,0,0,0
WBGene00198809.,0,2,2
WBGene00198810.,0,10,10
WBGene00198811.,0,1,1
WBGene00198812.,0,0,0
WBGene00198813.,0,0,0
WBGene00198814.,0,53581,53581
WBGene00198815.,0,0,0
WBGene00198816.,0,0,0
WBGene00198817.,0,0,0
WBGene00198818.,0,0,0
WBGene00198819.,0,0,0
WBGene00198820.,0,0,0
WBGene00198821.,0,0,0
WBGene00198822.,0,1,1
WBGene00198823.,0,0,0
WBGene00198824.,0,0,0
WBGene00198825.,0,0,0
WBGene00198826.,0,4,4
WBGene00198827.,0,9,9
WBGene00198828.,0,0,0
WBGene00198829.,0,0,0
WBGene00198830.,0,4,4
WBGene00198831.,0,1,1
WBGene00198832.,0,0,0
WBGene00198833.,0,1,1
WBGene00198834.,0,1,1
WBGene00198835.,0,0,0
WBGene00198836.,0,0,0
WBGene00198837.,0,0,0
WBGene00198838.,0,0,0
WBGene00198839.,0,1,1
WBGene00198840.,0,2,2
WBGene00198841.,0,2,2
WBGene00198842.,0,0,0
WBGene00198843.,0,0,0
WBGene00198844.,0,0,0
WBGene00198845.,0,0,0
WBGene00198846.,0,0,0
WBGene00198847.,0,0,0
WBGene00198848.,0,0,0
WBGene00198849.,0,1,1
WBGene00198850.,0,0,0
WBGene00198851.,0,0,0
WBGene00198852.,0,11,11
WBGene00198853.,0,4,4
WBGene00198854.,0,0,0
WBGene00198855.,0,2,2
WBGene00198856.,0,4,4
WBGene00198857.,0,0,0
WBGene00198858.,0,5,5
WBGene00198859.,0,0,0
WBGene00198860.,0,0,0
WBGene00198861.,0,0,0
WBGene00198862.,0,0,0
WBGene00198863.,0,2,2
WBGene00198864.,0,0,0
WBGene00198865.,0,0,0
WBGene00198866.,0,0,0
WBGene00198867.,0,0,0
WBGene00198868.,0,0,0
WBGene00198869.,0,0,0
WBGene00198870.,0,1,1
WBGene00198871.,0,0,0
WBGene00198872.,0,1,1
WBGene00198873.,0,3,3
WBGene00198874.,0,0,0
WBGene00198875.,0,0,0
WBGene00198876.,0,0,0
WBGene00198877.,0,1,1
WBGene00198878.,0,2,2
WBGene00198879.,0,0,0
WBGene00198880.,0,3,3
WBGene00198881.,0,1,1
WBGene00198882.,0,2,2
WBGene00198883.,0,0,0
WBGene00198884.,0,0,0
WBGene00198885.,0,6,6
WBGene00198886.,0,0,0
WBGene00198887.,0,5,5
WBGene00198888.,0,0,0
WBGene00198889.,0,0,0
WBGene00198890.,0,14,14
WBGene00198891.,0,0,0
WBGene00198892.,0,0,0
WBGene00198893.,0,0,0
WBGene00198894.,0,0,0
WBGene00198895.,0,1,1
WBGene00198896.,0,2,2
WBGene00198897.,0,1,1
WBGene00198898.,0,7,7
WBGene00198899.,0,0,0
WBGene00198900.,0,2,2
WBGene00198901.,0,1,1
WBGene00198902.,0,0,0
WBGene00198903.,0,0,0
WBGene00198904.,0,5,5
WBGene00198905.,0,10,10
WBGene00198906.,0,0,0
WBGene00198907.,0,2,2
WBGene00198908.,0,0,0
WBGene00198909.,0,0,0
WBGene00198910.,0,1,1
WBGene00198911.,0,0,0
WBGene00198912.,0,0,0
WBGene00198913.,0,1,1
WBGene00198914.,0,4,4
WBGene00198915.,0,0,0
WBGene00198916.,0,2,2
WBGene00198917.,0,0,0
WBGene00198918.,0,0,0
WBGene00198919.,0,0,0
WBGene00198920.,0,0,0
WBGene00198921.,0,0,0
WBGene00198922.,0,3,3
WBGene00198923.,0,0,0
WBGene00198924.,0,0,0
WBGene00198925.,0,0,0
WBGene00198926.,0,0,0
WBGene00198927.,0,10,10
WBGene00198928.,0,3,3
WBGene00198929.,0,24,24
WBGene00198930.,0,3,3
WBGene00198931.,0,1,1
WBGene00198932.,0,0,0
WBGene00198933.,0,4,4
WBGene00198934.,0,4,4
WBGene00198935.,0,5,5
WBGene00198936.,0,0,0
WBGene00198937.,0,1,1
WBGene00198938.,0,2,2
WBGene00198939.,0,0,0
WBGene00198940.,0,4,4
WBGene00198941.,0,1,1
WBGene00198942.,0,0,0
WBGene00198943.,0,0,0
WBGene00198944.,0,0,0
WBGene00198945.,0,2,2
WBGene00198946.,0,4,4
WBGene00198947.,0,0,0
WBGene00198948.,0,0,0
WBGene00198949.,0,0,0
WBGene00198950.,0,1,1
WBGene00198951.,0,3,3
WBGene00198952.,0,0,0
WBGene00198953.,0,1,1
WBGene00198954.,0,2,2
WBGene00198955.,0,14,14
WBGene00198956.,0,0,0
WBGene00198957.,0,0,0
WBGene00198958.,0,0,0
WBGene00198959.,0,12,12
WBGene00198960.,0,0,0
WBGene00198961.,0,0,0
WBGene00198962.,0,1,1
WBGene00198963.,0,1,1
WBGene00198964.,0,7,7
WBGene00198965.,0,12,12
WBGene00198966.,0,0,0
WBGene00198967.,0,0,0
WBGene00198968.,0,0,0
WBGene00198969.,0,0,0
WBGene00198970.,0,0,0
WBGene00198971.,0,1,1
WBGene00198972.,0,0,0
WBGene00198973.,0,0,0
WBGene00198974.,0,0,0
WBGene00198975.,0,9,9
WBGene00198976.,0,3,3
WBGene00198977.,0,1,1
WBGene00198978.,0,1,1
WBGene00198979.,0,0,0
WBGene00198980.,0,2,2
WBGene00198981.,0,0,0
WBGene00198982.,0,1,1
WBGene00198983.,0,0,0
WBGene00198984.,0,1,1
WBGene00198985.,0,1,1
WBGene00198986.,0,2,2
WBGene00198987.,0,7,7
WBGene00198988.,0,0,0
WBGene00198989.,0,14,14
WBGene00198990.,0,0,0
WBGene00198991.,0,4,4
WBGene00198992.,0,0,0
WBGene00198993.,0,0,0
WBGene00198994.,0,1,1
WBGene00198995.,0,1,1
WBGene00198996.,0,1,1
WBGene00198997.,0,1,1
WBGene00198998.,0,0,0
WBGene00198999.,0,0,0
WBGene00199000.,0,0,0
WBGene00199001.,0,0,0
WBGene00199002.,0,5,5
WBGene00199003.,0,0,0
WBGene00199004.,0,0,0
WBGene00199005.,0,3,3
WBGene00199006.,0,0,0
WBGene00199007.,0,2,2
WBGene00199008.,0,2,2
WBGene00199009.,0,0,0
WBGene00199010.,0,0,0
WBGene00199011.,0,1,1
WBGene00199012.,0,1,1
WBGene00199013.,0,0,0
WBGene00199014.,0,0,0
WBGene00199015.,0,1,1
WBGene00199016.,0,36,36
WBGene00199017.,0,0,0
WBGene00199018.,0,0,0
WBGene00199019.,0,0,0
WBGene00199020.,0,4,4
WBGene00199021.,0,0,0
WBGene00199022.,0,4,4
WBGene00199023.,0,0,0
WBGene00199024.,0,12,12
WBGene00199025.,0,0,0
WBGene00199026.,0,0,0
WBGene00199027.,0,0,0
WBGene00199028.,0,0,0
WBGene00199029.,0,0,0
WBGene00199030.,0,0,0
WBGene00199031.,0,7,7
WBGene00199032.,0,5,5
WBGene00199033.,0,1,1
WBGene00199034.,0,3,3
WBGene00199035.,0,0,0
WBGene00199036.,0,3,3
WBGene00199037.,0,0,0
WBGene00199038.,0,0,0
WBGene00199039.,0,2,2
WBGene00199040.,0,4,4
WBGene00199041.,0,4,4
WBGene00199042.,0,0,0
WBGene00199043.,0,9,9
WBGene00199044.,0,0,0
WBGene00199045.,0,0,0
WBGene00199046.,0,1,1
WBGene00199047.,0,0,0
WBGene00199048.,0,0,0
WBGene00199049.,0,0,0
WBGene00199050.,0,0,0
WBGene00199051.,0,36,36
WBGene00199052.,0,0,0
WBGene00199053.,0,4,4
WBGene00199054.,0,0,0
WBGene00199055.,0,0,0
WBGene00199056.,0,0,0
WBGene00199057.,0,1,1
WBGene00199058.,0,0,0
WBGene00199059.,0,0,0
WBGene00199060.,0,7,7
WBGene00199061.,0,0,0
WBGene00199062.,0,3,3
WBGene00199063.,0,6,6
WBGene00199064.,0,0,0
WBGene00199065.,0,0,0
WBGene00199066.,0,0,0
WBGene00199067.,0,0,0
WBGene00199068.,0,0,0
WBGene00199069.,0,0,0
WBGene00199070.,0,1,1
WBGene00199071.,0,0,0
WBGene00199072.,0,0,0
WBGene00199073.,0,2,2
WBGene00199074.,0,0,0
WBGene00199075.,0,0,0
WBGene00199076.,0,0,0
WBGene00199077.,0,2,2
WBGene00199078.,0,0,0
WBGene00199079.,0,0,0
WBGene00199080.,0,2,2
WBGene00199081.,0,0,0
WBGene00199082.,0,0,0
WBGene00199083.,0,4,4
WBGene00199084.,0,0,0
WBGene00199085.,0,0,0
WBGene00199086.,0,4,4
WBGene00199087.,0,15,15
WBGene00199088.,0,1,1
WBGene00199089.,0,1,1
WBGene00199090.,0,0,0
WBGene00199091.,0,0,0
WBGene00199092.,0,3,3
WBGene00199093.,0,6,6
WBGene00199094.,0,0,0
WBGene00199095.,0,2,2
WBGene00199096.,0,6,6
WBGene00199097.,0,0,0
WBGene00199098.,0,0,0
WBGene00199099.,0,0,0
WBGene00199100.,0,1,1
WBGene00199101.,0,1,1
WBGene00199102.,0,14,14
WBGene00199103.,0,0,0
WBGene00199104.,0,2,2
WBGene00199105.,0,0,0
WBGene00199106.,0,1,1
WBGene00199107.,0,0,0
WBGene00199108.,0,2,2
WBGene00199109.,0,0,0
WBGene00199110.,0,12,12
WBGene00199111.,0,0,0
WBGene00199112.,0,46,46
WBGene00199113.,0,0,0
WBGene00199114.,0,10,10
WBGene00199115.,0,10,10
WBGene00199116.,0,4,4
WBGene00199117.,0,2,2
WBGene00199118.,0,0,0
WBGene00199119.,0,2,2
WBGene00199120.,0,0,0
WBGene00199121.,0,5,5
WBGene00199122.,0,0,0
WBGene00199123.,0,0,0
WBGene00199124.,0,1,1
WBGene00199125.,0,0,0
WBGene00199126.,0,4,4
WBGene00199127.,0,1,1
WBGene00199128.,0,4,4
WBGene00199129.,0,0,0
WBGene00199130.,0,0,0
WBGene00199131.,0,0,0
WBGene00199132.,0,3,3
WBGene00199133.,0,0,0
WBGene00199134.,0,0,0
WBGene00199135.,0,2,2
WBGene00199136.,0,0,0
WBGene00199137.,0,2,2
WBGene00199138.,0,0,0
WBGene00199139.,0,1,1
WBGene00199140.,0,0,0
WBGene00199141.,0,7,7
WBGene00199142.,0,0,0
WBGene00199143.,0,2,2
WBGene00199144.,0,0,0
WBGene00199145.,0,0,0
WBGene00199146.,0,0,0
WBGene00199147.,0,1,1
WBGene00199148.,0,1,1
WBGene00199149.,0,1,1
WBGene00199150.,0,0,0
WBGene00199151.,0,0,0
WBGene00199152.,0,0,0
WBGene00199153.,0,0,0
WBGene00199154.,0,0,0
WBGene00199155.,0,4,4
WBGene00199156.,0,1,1
WBGene00199157.,0,4,4
WBGene00199158.,0,1,1
WBGene00199159.,0,1,1
WBGene00199160.,0,0,0
WBGene00199161.,0,1,1
WBGene00199162.,0,0,0
WBGene00199163.,0,0,0
WBGene00199164.,0,0,0
WBGene00199165.,0,0,0
WBGene00199166.,0,25,25
WBGene00199167.,0,0,0
WBGene00199168.,0,0,0
WBGene00199169.,0,2,2
WBGene00199170.,0,0,0
WBGene00199171.,0,0,0
WBGene00199172.,0,0,0
WBGene00199173.,0,1,1
WBGene00199174.,0,0,0
WBGene00199175.,0,0,0
WBGene00199176.,0,0,0
WBGene00199177.,0,24,24
WBGene00199178.,0,0,0
WBGene00199179.,0,0,0
WBGene00199180.,0,6,6
WBGene00199181.,0,1,1
WBGene00199182.,0,0,0
WBGene00199183.,0,0,0
WBGene00199184.,0,1,1
WBGene00199185.,0,2,2
WBGene00199186.,0,1,1
WBGene00199187.,0,0,0
WBGene00199188.,0,0,0
WBGene00199189.,0,0,0
WBGene00199190.,0,0,0
WBGene00199191.,0,0,0
WBGene00199192.,0,0,0
WBGene00199193.,0,5,5
WBGene00199194.,0,5,5
WBGene00199195.,0,0,0
WBGene00199196.,0,0,0
WBGene00199197.,0,2,2
WBGene00199198.,0,2,2
WBGene00199199.,0,0,0
WBGene00199200.,0,5,5
WBGene00199201.,0,1,1
WBGene00199202.,0,0,0
WBGene00199203.,0,0,0
WBGene00199204.,0,2,2
WBGene00199205.,0,1,1
WBGene00199206.,0,5,5
WBGene00199207.,0,3,3
WBGene00199208.,0,2,2
WBGene00199209.,0,4,4
WBGene00199210.,0,0,0
WBGene00199211.,0,2,2
WBGene00199212.,0,2,2
WBGene00199213.,0,1,1
WBGene00199214.,0,0,0
WBGene00199215.,0,0,0
WBGene00199216.,0,0,0
WBGene00199217.,0,0,0
WBGene00199218.,0,2,2
WBGene00199219.,0,2,2
WBGene00199220.,0,1,1
WBGene00199221.,0,0,0
WBGene00199222.,0,4,4
WBGene00199223.,0,2,2
WBGene00199224.,0,0,0
WBGene00199225.,0,29,29
WBGene00199226.,0,0,0
WBGene00199227.,0,1,1
WBGene00199228.,0,0,0
WBGene00199229.,0,15,15
WBGene00199230.,0,0,0
WBGene00199231.,0,1,1
WBGene00199232.,0,0,0
WBGene00199233.,0,1,1
WBGene00199234.,0,0,0
WBGene00199235.,0,2,2
WBGene00199236.,0,0,0
WBGene00199237.,0,4,4
WBGene00199238.,0,4,4
WBGene00199239.,0,0,0
WBGene00199240.,0,2,2
WBGene00199241.,0,8,8
WBGene00199242.,0,6,6
WBGene00199243.,0,0,0
WBGene00199244.,0,0,0
WBGene00199245.,0,1,1
WBGene00199246.,0,2,2
WBGene00199247.,0,13,13
WBGene00199248.,0,1,1
WBGene00199249.,0,27,27
WBGene00199250.,0,3,3
WBGene00199251.,0,0,0
WBGene00199252.,0,6,6
WBGene00199253.,0,0,0
WBGene00199254.,0,0,0
WBGene00199255.,0,4,4
WBGene00199256.,0,0,0
WBGene00199257.,0,0,0
WBGene00199258.,0,7,7
WBGene00199259.,0,2,2
WBGene00199260.,0,1,1
WBGene00199261.,0,0,0
WBGene00199262.,0,1,1
WBGene00199263.,0,0,0
WBGene00199264.,0,0,0
WBGene00199265.,0,5,5
WBGene00199266.,0,2,2
WBGene00199267.,0,0,0
WBGene00199268.,0,0,0
WBGene00199269.,0,7,7
WBGene00199270.,0,0,0
WBGene00199271.,0,5,5
WBGene00199272.,0,1,1
WBGene00199273.,0,2,2
WBGene00199274.,0,28,28
WBGene00199275.,0,2,2
WBGene00199276.,0,0,0
WBGene00199277.,0,2,2
WBGene00199278.,0,30,30
WBGene00199279.,0,0,0
WBGene00199280.,0,1,1
WBGene00199281.,0,0,0
WBGene00199282.,0,2,2
WBGene00199283.,0,1,1
WBGene00199284.,0,2,2
WBGene00199285.,0,3,3
WBGene00199286.,0,0,0
WBGene00199287.,0,0,0
WBGene00199288.,0,0,0
WBGene00199289.,0,0,0
WBGene00199290.,0,0,0
WBGene00199291.,0,3,3
WBGene00199292.,0,1,1
WBGene00199293.,0,1,1
WBGene00199294.,0,0,0
WBGene00199295.,0,6,6
WBGene00199296.,0,0,0
WBGene00199297.,0,0,0
WBGene00199298.,0,0,0
WBGene00199299.,0,3,3
WBGene00199300.,0,0,0
WBGene00199301.,0,1,1
WBGene00199302.,0,1,1
WBGene00199303.,0,1,1
WBGene00199304.,0,5,5
WBGene00199305.,4,0,4
WBGene00199306.,0,6,6
WBGene00199307.,0,1,1
WBGene00199308.,0,3,3
WBGene00199309.,0,1,1
WBGene00199310.,0,11,11
WBGene00199311.,0,0,0
WBGene00199312.,0,12,12
WBGene00199313.,0,2,2
WBGene00199314.,0,1,1
WBGene00199315.,0,0,0
WBGene00199316.,0,0,0
WBGene00199317.,0,1,1
WBGene00199318.,0,5,5
WBGene00199319.,0,0,0
WBGene00199320.,0,2,2
WBGene00199321.,0,12,12
WBGene00199322.,0,0,0
WBGene00199323.,0,0,0
WBGene00199324.,0,1,1
WBGene00199325.,0,0,0
WBGene00199326.,0,0,0
WBGene00199327.,0,6,6
WBGene00199328.,0,1,1
WBGene00199329.,0,0,0
WBGene00199330.,0,0,0
WBGene00199331.,0,0,0
WBGene00199332.,0,0,0
WBGene00199333.,0,0,0
WBGene00199334.,0,0,0
WBGene00199335.,0,1,1
WBGene00199336.,0,10,10
WBGene00199337.,0,2,2
WBGene00199338.,0,0,0
WBGene00199339.,0,125,125
WBGene00199340.,0,0,0
WBGene00199341.,0,0,0
WBGene00199342.,0,1,1
WBGene00199343.,0,0,0
WBGene00199344.,0,0,0
WBGene00199345.,0,2,2
WBGene00199346.,0,0,0
WBGene00199347.,0,0,0
WBGene00199348.,0,0,0
WBGene00199349.,0,0,0
WBGene00199350.,0,2,2
WBGene00199351.,0,0,0
WBGene00199352.,0,0,0
WBGene00199353.,0,14,14
WBGene00199354.,0,2,2
WBGene00199355.,0,0,0
WBGene00199356.,0,1,1
WBGene00199357.,0,0,0
WBGene00199358.,0,0,0
WBGene00199359.,0,1,1
WBGene00199360.,0,11,11
WBGene00199361.,0,6,6
WBGene00199362.,0,4,4
WBGene00199363.,0,16,16
WBGene00199364.,0,0,0
WBGene00199365.,0,0,0
WBGene00199366.,0,0,0
WBGene00199367.,0,0,0
WBGene00199368.,0,2,2
WBGene00199369.,0,0,0
WBGene00199370.,0,4,4
WBGene00199371.,0,0,0
WBGene00199372.,0,30,30
WBGene00199373.,0,0,0
WBGene00199374.,0,4,4
WBGene00199375.,0,0,0
WBGene00199376.,0,1,1
WBGene00199377.,0,0,0
WBGene00199378.,0,0,0
WBGene00199379.,0,0,0
WBGene00199380.,0,2,2
WBGene00199381.,0,0,0
WBGene00199382.,0,2,2
WBGene00199383.,0,1,1
WBGene00199384.,0,0,0
WBGene00199385.,0,1,1
WBGene00199386.,0,1,1
WBGene00199387.,0,0,0
WBGene00199388.,0,0,0
WBGene00199389.,0,0,0
WBGene00199390.,0,0,0
WBGene00199391.,0,0,0
WBGene00199392.,0,3,3
WBGene00199393.,0,2,2
WBGene00199394.,0,0,0
WBGene00199395.,0,13,13
WBGene00199396.,0,6,6
WBGene00199397.,0,3,3
WBGene00199398.,0,1,1
WBGene00199399.,0,0,0
WBGene00199400.,0,1,1
WBGene00199401.,0,10,10
WBGene00199402.,0,0,0
WBGene00199403.,0,0,0
WBGene00199404.,0,46,46
WBGene00199405.,0,0,0
WBGene00199406.,0,0,0
WBGene00199407.,0,0,0
WBGene00199408.,0,1,1
WBGene00199409.,0,0,0
WBGene00199410.,0,30,30
WBGene00199411.,0,0,0
WBGene00199412.,0,0,0
WBGene00199413.,0,0,0
WBGene00199414.,0,2,2
WBGene00199415.,0,1,1
WBGene00199416.,0,7,7
WBGene00199417.,0,1,1
WBGene00199418.,0,0,0
WBGene00199419.,0,5,5
WBGene00199420.,0,2,2
WBGene00199421.,0,28,28
WBGene00199422.,0,3,3
WBGene00199423.,0,0,0
WBGene00199424.,0,0,0
WBGene00199425.,0,0,0
WBGene00199426.,0,0,0
WBGene00199427.,0,0,0
WBGene00199428.,0,0,0
WBGene00199429.,0,0,0
WBGene00199430.,0,0,0
WBGene00199431.,0,0,0
WBGene00199432.,0,0,0
WBGene00199433.,0,1,1
WBGene00199434.,0,45,45
WBGene00199435.,0,0,0
WBGene00199436.,0,0,0
WBGene00199437.,0,0,0
WBGene00199438.,0,0,0
WBGene00199439.,0,0,0
WBGene00199440.,0,6,6
WBGene00199441.,0,2,2
WBGene00199442.,0,0,0
WBGene00199443.,0,2,2
WBGene00199444.,0,0,0
WBGene00199445.,0,12,12
WBGene00199446.,0,0,0
WBGene00199447.,0,0,0
WBGene00199448.,0,1,1
WBGene00199449.,0,0,0
WBGene00199450.,0,5,5
WBGene00199451.,0,19,19
WBGene00199452.,0,0,0
WBGene00199453.,0,0,0
WBGene00199454.,0,0,0
WBGene00199455.,0,0,0
WBGene00199456.,0,1,1
WBGene00199457.,0,0,0
WBGene00199458.,0,5,5
WBGene00199459.,0,0,0
WBGene00199460.,0,1,1
WBGene00199461.,0,1,1
WBGene00199462.,0,25,25
WBGene00199463.,0,3,3
WBGene00199464.,0,3,3
WBGene00199465.,0,6,6
WBGene00199466.,0,2,2
WBGene00199467.,0,0,0
WBGene00199468.,0,6,6
WBGene00199469.,0,0,0
WBGene00199470.,0,0,0
WBGene00199471.,0,3,3
WBGene00199472.,0,0,0
WBGene00199473.,0,1,1
WBGene00199474.,0,2,2
WBGene00199475.,0,9,9
WBGene00199476.,0,2,2
WBGene00199477.,0,14,14
WBGene00199478.,0,1,1
WBGene00199479.,0,7,7
WBGene00199480.,0,0,0
WBGene00199481.,0,1,1
WBGene00199482.,0,2,2
WBGene00199483.,0,2,2
WBGene00199484.,0,1,1
WBGene00199485.,0,60,60
WBGene00199486.,0,3,3
WBGene00199487.,0,2,2
WBGene00199488.,0,2,2
WBGene00199489.,0,2,2
WBGene00199490.,0,0,0
WBGene00199491.,0,0,0
WBGene00199492.,0,0,0
WBGene00199493.,0,1,1
WBGene00199494.,0,1,1
WBGene00199495.,0,1,1
WBGene00199496.,0,0,0
WBGene00199497.,0,0,0
WBGene00199498.,0,0,0
WBGene00199499.,0,6,6
WBGene00199500.,0,0,0
WBGene00199501.,0,4,4
WBGene00199502.,0,6,6
WBGene00199503.,0,0,0
WBGene00199504.,0,3,3
WBGene00199505.,0,4,4
WBGene00199506.,0,2,2
WBGene00199507.,0,1,1
WBGene00199508.,0,0,0
WBGene00199509.,0,0,0
WBGene00199510.,0,0,0
WBGene00199511.,0,1,1
WBGene00199512.,0,1,1
WBGene00199513.,0,21,21
WBGene00199514.,0,3,3
WBGene00199515.,0,3,3
WBGene00199516.,0,1,1
WBGene00199517.,0,3,3
WBGene00199518.,0,0,0
WBGene00199519.,0,0,0
WBGene00199520.,0,0,0
WBGene00199521.,0,0,0
WBGene00199522.,0,3,3
WBGene00199523.,0,26,26
WBGene00199524.,0,2,2
WBGene00199525.,0,3,3
WBGene00199526.,0,0,0
WBGene00199527.,0,0,0
WBGene00199528.,0,5,5
WBGene00199529.,0,0,0
WBGene00199530.,0,1,1
WBGene00199531.,0,1,1
WBGene00199532.,0,0,0
WBGene00199533.,0,2,2
WBGene00199534.,0,3,3
WBGene00199535.,0,0,0
WBGene00199536.,0,0,0
WBGene00199537.,0,0,0
WBGene00199538.,0,3,3
WBGene00199539.,0,1,1
WBGene00199540.,0,1,1
WBGene00199541.,0,23,23
WBGene00199542.,0,0,0
WBGene00199543.,0,0,0
WBGene00199544.,0,0,0
WBGene00199545.,0,0,0
WBGene00199546.,0,0,0
WBGene00199547.,0,0,0
WBGene00199548.,0,2,2
WBGene00199549.,0,8,8
WBGene00199550.,0,0,0
WBGene00199551.,0,0,0
WBGene00199552.,0,0,0
WBGene00199553.,0,1,1
WBGene00199554.,0,1,1
WBGene00199555.,0,0,0
WBGene00199556.,0,0,0
WBGene00199557.,0,1,1
WBGene00199558.,0,2,2
WBGene00199559.,0,0,0
WBGene00199560.,0,1,1
WBGene00199561.,0,1,1
WBGene00199562.,0,4,4
WBGene00199563.,0,5,5
WBGene00199564.,0,0,0
WBGene00199565.,0,0,0
WBGene00199566.,0,6,6
WBGene00199567.,0,7,7
WBGene00199568.,0,0,0
WBGene00199569.,0,0,0
WBGene00199570.,0,17,17
WBGene00199571.,0,0,0
WBGene00199572.,0,0,0
WBGene00199573.,0,0,0
WBGene00199574.,0,0,0
WBGene00199575.,0,2,2
WBGene00199576.,0,0,0
WBGene00199577.,0,0,0
WBGene00199578.,0,0,0
WBGene00199579.,0,0,0
WBGene00199580.,0,2,2
WBGene00199581.,0,0,0
WBGene00199582.,0,0,0
WBGene00199583.,0,1,1
WBGene00199584.,0,4,4
WBGene00199585.,0,6,6
WBGene00199586.,0,4,4
WBGene00199587.,0,0,0
WBGene00199588.,0,0,0
WBGene00199589.,0,1,1
WBGene00199590.,0,0,0
WBGene00199591.,0,0,0
WBGene00199592.,0,0,0
WBGene00199593.,0,3,3
WBGene00199594.,0,1,1
WBGene00199595.,0,1,1
WBGene00199596.,0,1,1
WBGene00199597.,0,1,1
WBGene00199598.,0,0,0
WBGene00199599.,0,0,0
WBGene00199600.,0,1,1
WBGene00199601.,0,24,24
WBGene00199602.,0,0,0
WBGene00199603.,0,0,0
WBGene00199604.,0,0,0
WBGene00199605.,0,4,4
WBGene00199606.,0,0,0
WBGene00199607.,0,0,0
WBGene00199608.,0,3,3
WBGene00199609.,0,0,0
WBGene00199610.,0,4,4
WBGene00199611.,0,0,0
WBGene00199612.,0,8,8
WBGene00199613.,0,0,0
WBGene00199614.,0,2,2
WBGene00199615.,0,0,0
WBGene00199616.,0,0,0
WBGene00199617.,0,0,0
WBGene00199618.,0,0,0
WBGene00199619.,0,0,0
WBGene00199620.,0,5,5
WBGene00199621.,0,0,0
WBGene00199622.,0,8,8
WBGene00199623.,0,0,0
WBGene00199624.,0,4,4
WBGene00199625.,0,2,2
WBGene00199626.,0,0,0
WBGene00199627.,0,6,6
WBGene00199628.,0,0,0
WBGene00199629.,0,2,2
WBGene00199630.,0,0,0
WBGene00199631.,0,0,0
WBGene00199632.,0,6,6
WBGene00199633.,0,1,1
WBGene00199634.,0,0,0
WBGene00199635.,0,0,0
WBGene00199636.,0,2,2
WBGene00199637.,0,0,0
WBGene00199638.,0,2,2
WBGene00199639.,0,0,0
WBGene00199640.,0,0,0
WBGene00199641.,0,0,0
WBGene00199642.,0,0,0
WBGene00199643.,0,0,0
WBGene00199644.,0,3,3
WBGene00199645.,0,0,0
WBGene00199646.,0,0,0
WBGene00199647.,0,2,2
WBGene00199648.,0,0,0
WBGene00199649.,0,0,0
WBGene00199650.,0,1,1
WBGene00199651.,0,2,2
WBGene00199652.,0,3,3
WBGene00199653.,0,0,0
WBGene00199654.,0,0,0
WBGene00199655.,0,1,1
WBGene00199656.,0,0,0
WBGene00199657.,0,15,15
WBGene00199658.,0,4,4
WBGene00199659.,0,0,0
WBGene00199660.,0,3,3
WBGene00199661.,0,5,5
WBGene00199662.,0,0,0
WBGene00199663.,0,3,3
WBGene00199664.,0,1,1
WBGene00199665.,0,2,2
WBGene00199666.,0,1,1
WBGene00199667.,0,13,13
WBGene00199668.,0,0,0
WBGene00199669.,0,0,0
WBGene00199670.,0,0,0
WBGene00199671.,0,0,0
WBGene00199672.,0,10,10
WBGene00199673.,0,0,0
WBGene00199674.,0,5,5
WBGene00199675.,0,0,0
WBGene00199676.,0,0,0
WBGene00199677.,0,4,4
WBGene00199678.,0,1,1
WBGene00199679.,0,2,2
WBGene00199680.,0,1,1
WBGene00199681.,0,1,1
WBGene00199682.,0,1,1
WBGene00199683.,0,2,2
WBGene00199684.,0,1,1
WBGene00199685.,0,1,1
WBGene00199686.,0,13,13
WBGene00199687.,0,0,0
WBGene00199688.,0,0,0
WBGene00199689.,0,2,2
WBGene00199690.,0,0,0
WBGene00199691.,0,0,0
WBGene00199692.,0,0,0
WBGene00199693.,0,2,2
WBGene00199694.,0,0,0
WBGene00199695.,0,0,0
WBGene00199696.,0,0,0
WBGene00199697.,0,2,2
WBGene00199698.,0,0,0
WBGene00199699.,0,1,1
WBGene00199700.,0,2,2
WBGene00199701.,0,0,0
WBGene00199702.,0,3,3
WBGene00199703.,0,0,0
WBGene00199704.,0,0,0
WBGene00199705.,0,0,0
WBGene00199706.,0,1,1
WBGene00199707.,0,2,2
WBGene00199708.,0,2,2
WBGene00199709.,0,1,1
WBGene00199710.,0,12,12
WBGene00199711.,0,13,13
WBGene00199712.,0,0,0
WBGene00199713.,0,6,6
WBGene00199714.,0,0,0
WBGene00199715.,0,0,0
WBGene00199716.,0,1,1
WBGene00199717.,0,0,0
WBGene00199718.,0,1,1
WBGene00199719.,0,0,0
WBGene00199720.,0,1,1
WBGene00199721.,0,0,0
WBGene00199722.,0,0,0
WBGene00199723.,0,0,0
WBGene00199724.,0,0,0
WBGene00199725.,0,0,0
WBGene00199726.,0,0,0
WBGene00199727.,0,4,4
WBGene00199728.,0,0,0
WBGene00199729.,0,0,0
WBGene00199730.,0,0,0
WBGene00199731.,0,3,3
WBGene00199732.,0,0,0
WBGene00199733.,0,1,1
WBGene00199734.,0,0,0
WBGene00199735.,0,1,1
WBGene00199736.,0,0,0
WBGene00199737.,0,1,1
WBGene00199738.,0,0,0
WBGene00199739.,0,0,0
WBGene00199740.,0,11,11
WBGene00199741.,0,3,3
WBGene00199742.,0,18,18
WBGene00199743.,0,2,2
WBGene00199744.,0,0,0
WBGene00199745.,0,5,5
WBGene00199746.,0,1,1
WBGene00199747.,0,0,0
WBGene00199748.,0,2,2
WBGene00199749.,0,0,0
WBGene00199750.,0,1,1
WBGene00199751.,0,10,10
WBGene00199752.,0,4,4
WBGene00199753.,0,1133,1133
WBGene00199754.,0,0,0
WBGene00199755.,0,0,0
WBGene00199756.,0,3,3
WBGene00199757.,0,0,0
WBGene00199758.,0,1,1
WBGene00199759.,0,2,2
WBGene00199760.,0,0,0
WBGene00199761.,0,0,0
WBGene00199762.,0,0,0
WBGene00199763.,0,0,0
WBGene00199764.,0,4,4
WBGene00199765.,0,7,7
WBGene00199766.,0,0,0
WBGene00199767.,0,9,9
WBGene00199768.,0,1,1
WBGene00199769.,0,0,0
WBGene00199770.,0,1,1
WBGene00199771.,0,0,0
WBGene00199772.,0,1,1
WBGene00199773.,0,5,5
WBGene00199774.,0,0,0
WBGene00199775.,0,0,0
WBGene00199776.,0,0,0
WBGene00199777.,0,1,1
WBGene00199778.,0,2,2
WBGene00199779.,0,3,3
WBGene00199780.,0,8,8
WBGene00199781.,0,0,0
WBGene00199782.,0,3,3
WBGene00199783.,0,16,16
WBGene00199784.,0,0,0
WBGene00199785.,0,1,1
WBGene00199786.,0,5,5
WBGene00199787.,0,0,0
WBGene00199788.,0,4,4
WBGene00199789.,0,1,1
WBGene00199790.,0,2,2
WBGene00199791.,0,0,0
WBGene00199792.,0,2,2
WBGene00199793.,0,0,0
WBGene00199794.,0,4,4
WBGene00199795.,0,0,0
WBGene00199796.,0,0,0
WBGene00199797.,0,0,0
WBGene00199798.,0,1,1
WBGene00199799.,0,1,1
WBGene00199800.,0,1,1
WBGene00199801.,0,0,0
WBGene00199802.,0,0,0
WBGene00199803.,0,1,1
WBGene00199804.,0,0,0
WBGene00199805.,0,2,2
WBGene00199806.,0,0,0
WBGene00199807.,0,0,0
WBGene00199808.,0,4,4
WBGene00199809.,0,4,4
WBGene00199810.,0,0,0
WBGene00199811.,0,0,0
WBGene00199812.,0,0,0
WBGene00199813.,0,0,0
WBGene00199814.,0,3,3
WBGene00199815.,0,1,1
WBGene00199816.,0,0,0
WBGene00199817.,0,1,1
WBGene00199818.,0,0,0
WBGene00199819.,0,54,54
WBGene00199820.,0,6,6
WBGene00199821.,0,0,0
WBGene00199822.,0,0,0
WBGene00199823.,0,1,1
WBGene00199824.,0,13,13
WBGene00199825.,0,1,1
WBGene00199826.,0,0,0
WBGene00199827.,0,0,0
WBGene00199828.,0,0,0
WBGene00199829.,0,0,0
WBGene00199830.,0,0,0
WBGene00199831.,0,2,2
WBGene00199832.,0,0,0
WBGene00199833.,0,0,0
WBGene00199834.,0,0,0
WBGene00199835.,0,0,0
WBGene00199836.,0,0,0
WBGene00199837.,0,0,0
WBGene00199838.,0,0,0
WBGene00199839.,0,0,0
WBGene00199840.,0,4,4
WBGene00199841.,0,0,0
WBGene00199842.,0,2,2
WBGene00199843.,0,1,1
WBGene00199844.,0,0,0
WBGene00199845.,0,0,0
WBGene00199846.,0,0,0
WBGene00199847.,0,0,0
WBGene00199848.,0,0,0
WBGene00199849.,0,0,0
WBGene00199850.,0,20,20
WBGene00199851.,0,1,1
WBGene00199852.,0,0,0
WBGene00199853.,0,2,2
WBGene00199854.,0,2,2
WBGene00199855.,0,0,0
WBGene00199856.,0,0,0
WBGene00199857.,0,1,1
WBGene00199858.,0,7,7
WBGene00199859.,0,1,1
WBGene00199860.,0,0,0
WBGene00199861.,0,2,2
WBGene00199862.,0,0,0
WBGene00199863.,0,0,0
WBGene00199864.,0,0,0
WBGene00199865.,0,0,0
WBGene00199866.,0,3,3
WBGene00199867.,0,4,4
WBGene00199868.,0,0,0
WBGene00199869.,0,1,1
WBGene00199870.,0,0,0
WBGene00199871.,0,14,14
WBGene00199872.,0,0,0
WBGene00199873.,0,0,0
WBGene00199874.,0,3,3
WBGene00199875.,0,1,1
WBGene00199876.,0,0,0
WBGene00199877.,0,0,0
WBGene00199878.,0,0,0
WBGene00199879.,0,4,4
WBGene00199880.,0,0,0
WBGene00199881.,0,2,2
WBGene00199882.,0,0,0
WBGene00199883.,0,0,0
WBGene00199884.,0,0,0
WBGene00199885.,0,1,1
WBGene00199886.,0,0,0
WBGene00199887.,0,2,2
WBGene00199888.,0,0,0
WBGene00199889.,0,0,0
WBGene00199890.,0,0,0
WBGene00199891.,0,0,0
WBGene00199892.,0,0,0
WBGene00199893.,0,14,14
WBGene00199894.,0,4,4
WBGene00199895.,0,2,2
WBGene00199896.,0,0,0
WBGene00199897.,0,69,69
WBGene00199898.,0,22,22
WBGene00199899.,0,10,10
WBGene00199900.,0,9,9
WBGene00199901.,0,0,0
WBGene00199902.,0,0,0
WBGene00199903.,0,0,0
WBGene00199904.,0,1,1
WBGene00199905.,0,2,2
WBGene00199906.,0,0,0
WBGene00199907.,0,0,0
WBGene00199908.,0,3,3
WBGene00199909.,0,7,7
WBGene00199910.,0,0,0
WBGene00199911.,0,2,2
WBGene00199912.,0,0,0
WBGene00199913.,0,0,0
WBGene00199914.,0,1,1
WBGene00199915.,0,0,0
WBGene00199916.,0,0,0
WBGene00199917.,0,9,9
WBGene00199918.,0,0,0
WBGene00199919.,0,0,0
WBGene00199920.,0,0,0
WBGene00199921.,0,0,0
WBGene00199922.,0,2,2
WBGene00199923.,0,1,1
WBGene00199924.,0,2,2
WBGene00199925.,0,0,0
WBGene00199926.,0,1,1
WBGene00199927.,0,0,0
WBGene00199928.,0,1,1
WBGene00199929.,0,2,2
WBGene00199930.,0,1,1
WBGene00199931.,0,0,0
WBGene00199932.,0,0,0
WBGene00199933.,0,1,1
WBGene00199934.,0,0,0
WBGene00199935.,0,1,1
WBGene00199936.,0,0,0
WBGene00199937.,0,0,0
WBGene00199938.,0,0,0
WBGene00199939.,0,0,0
WBGene00199940.,0,5,5
WBGene00199941.,0,0,0
WBGene00199942.,0,0,0
WBGene00199943.,0,0,0
WBGene00199944.,0,5,5
WBGene00199945.,0,0,0
WBGene00199946.,0,110,110
WBGene00199947.,0,5,5
WBGene00199948.,0,0,0
WBGene00199949.,0,5,5
WBGene00199950.,0,0,0
WBGene00199951.,0,0,0
WBGene00199952.,0,1,1
WBGene00199953.,0,1,1
WBGene00199954.,0,0,0
WBGene00199955.,0,1,1
WBGene00199956.,0,0,0
WBGene00199957.,0,16,16
WBGene00199958.,0,0,0
WBGene00199959.,0,2,2
WBGene00199960.,0,0,0
WBGene00199961.,0,0,0
WBGene00199962.,0,1,1
WBGene00199963.,0,0,0
WBGene00199964.,0,0,0
WBGene00199965.,0,0,0
WBGene00199966.,0,0,0
WBGene00199967.,0,0,0
WBGene00199968.,0,0,0
WBGene00199969.,0,0,0
WBGene00199970.,0,5,5
WBGene00199971.,0,0,0
WBGene00199972.,0,5,5
WBGene00199973.,0,0,0
WBGene00199974.,0,0,0
WBGene00199975.,0,0,0
WBGene00199976.,0,4,4
WBGene00199977.,0,5,5
WBGene00199978.,0,10,10
WBGene00199979.,0,0,0
WBGene00199980.,0,0,0
WBGene00199981.,0,1,1
WBGene00199982.,0,1,1
WBGene00199983.,0,0,0
WBGene00199984.,0,0,0
WBGene00199985.,0,1,1
WBGene00199986.,0,12,12
WBGene00199987.,0,0,0
WBGene00199988.,0,0,0
WBGene00199989.,0,3,3
WBGene00199990.,0,4,4
WBGene00199991.,0,0,0
WBGene00199992.,0,0,0
WBGene00199993.,0,0,0
WBGene00199994.,0,0,0
WBGene00199995.,0,2,2
WBGene00199996.,0,0,0
WBGene00199997.,0,5,5
WBGene00199998.,0,1,1
WBGene00199999.,0,0,0
WBGene00200000.,0,0,0
WBGene00200001.,0,0,0
WBGene00200002.,0,2,2
WBGene00200003.,0,19,19
WBGene00200004.,0,0,0
WBGene00200005.,0,0,0
WBGene00200006.,0,0,0
WBGene00200007.,0,0,0
WBGene00200008.,0,7,7
WBGene00200009.,0,20,20
WBGene00200010.,0,0,0
WBGene00200011.,0,0,0
WBGene00200012.,0,0,0
WBGene00200013.,0,0,0
WBGene00200014.,0,17,17
WBGene00200015.,0,2,2
WBGene00200016.,0,0,0
WBGene00200017.,0,0,0
WBGene00200018.,0,0,0
WBGene00200019.,0,5,5
WBGene00200020.,0,1,1
WBGene00200021.,0,0,0
WBGene00200022.,0,0,0
WBGene00200023.,0,0,0
WBGene00200024.,0,0,0
WBGene00200025.,0,101,101
WBGene00200026.,0,4,4
WBGene00200027.,0,1,1
WBGene00200028.,0,15,15
WBGene00200029.,0,1,1
WBGene00200030.,0,0,0
WBGene00200031.,0,2,2
WBGene00200032.,0,15,15
WBGene00200033.,0,0,0
WBGene00200034.,0,6,6
WBGene00200035.,0,0,0
WBGene00200036.,0,3,3
WBGene00200037.,0,0,0
WBGene00200038.,0,0,0
WBGene00200039.,0,4,4
WBGene00200040.,0,0,0
WBGene00200041.,0,0,0
WBGene00200042.,0,1,1
WBGene00200043.,0,6,6
WBGene00200044.,0,1,1
WBGene00200045.,0,1,1
WBGene00200046.,0,0,0
WBGene00200047.,0,24,24
WBGene00200048.,0,0,0
WBGene00200049.,0,0,0
WBGene00200050.,0,5,5
WBGene00200051.,0,0,0
WBGene00200052.,0,0,0
WBGene00200053.,0,4,4
WBGene00200054.,0,4,4
WBGene00200055.,0,0,0
WBGene00200056.,0,1,1
WBGene00200057.,0,9,9
WBGene00200058.,0,3,3
WBGene00200059.,0,0,0
WBGene00200060.,0,0,0
WBGene00200061.,0,1,1
WBGene00200062.,0,1,1
WBGene00200063.,0,0,0
WBGene00200064.,0,0,0
WBGene00200065.,0,0,0
WBGene00200066.,0,2,2
WBGene00200067.,0,1,1
WBGene00200068.,0,0,0
WBGene00200069.,0,0,0
WBGene00200070.,0,4,4
WBGene00200071.,0,0,0
WBGene00200072.,0,1,1
WBGene00200073.,0,0,0
WBGene00200074.,0,5,5
WBGene00200075.,0,7,7
WBGene00200076.,0,0,0
WBGene00200077.,0,0,0
WBGene00200078.,0,1,1
WBGene00200079.,0,1,1
WBGene00200080.,0,15,15
WBGene00200081.,0,2,2
WBGene00200082.,0,1,1
WBGene00200083.,0,0,0
WBGene00200084.,0,0,0
WBGene00200085.,0,0,0
WBGene00200086.,0,0,0
WBGene00200087.,0,0,0
WBGene00200088.,0,12,12
WBGene00200089.,0,6,6
WBGene00200090.,0,0,0
WBGene00200091.,0,0,0
WBGene00200092.,0,0,0
WBGene00200093.,0,1,1
WBGene00200094.,0,0,0
WBGene00200095.,0,1,1
WBGene00200096.,0,0,0
WBGene00200097.,0,0,0
WBGene00200098.,0,8,8
WBGene00200099.,0,3,3
WBGene00200100.,0,10,10
WBGene00200101.,0,0,0
WBGene00200102.,0,0,0
WBGene00200103.,0,0,0
WBGene00200104.,0,0,0
WBGene00200105.,0,5,5
WBGene00200106.,0,0,0
WBGene00200107.,0,11,11
WBGene00200108.,0,0,0
WBGene00200109.,0,11,11
WBGene00200110.,0,0,0
WBGene00200111.,0,2,2
WBGene00200112.,0,0,0
WBGene00200113.,0,7,7
WBGene00200114.,0,0,0
WBGene00200115.,0,0,0
WBGene00200116.,0,4,4
WBGene00200117.,0,0,0
WBGene00200118.,0,0,0
WBGene00200119.,0,0,0
WBGene00200120.,0,0,0
WBGene00200121.,0,4,4
WBGene00200122.,0,0,0
WBGene00200123.,0,0,0
WBGene00200124.,0,0,0
WBGene00200125.,0,1,1
WBGene00200126.,0,5,5
WBGene00200127.,0,2,2
WBGene00200128.,0,2,2
WBGene00200129.,0,0,0
WBGene00200130.,0,1,1
WBGene00200131.,0,3,3
WBGene00200132.,0,0,0
WBGene00200133.,0,50,50
WBGene00200134.,0,3,3
WBGene00200135.,0,0,0
WBGene00200136.,0,0,0
WBGene00200137.,0,9,9
WBGene00200138.,0,2,2
WBGene00200139.,0,0,0
WBGene00200140.,0,2,2
WBGene00200141.,0,1,1
WBGene00200142.,0,0,0
WBGene00200143.,0,0,0
WBGene00200144.,0,0,0
WBGene00200145.,0,0,0
WBGene00200146.,0,0,0
WBGene00200147.,0,6,6
WBGene00200148.,0,12,12
WBGene00200149.,0,0,0
WBGene00200150.,0,7,7
WBGene00200151.,0,0,0
WBGene00200152.,0,0,0
WBGene00200153.,0,4,4
WBGene00200154.,0,1,1
WBGene00200155.,0,0,0
WBGene00200156.,0,0,0
WBGene00200157.,0,0,0
WBGene00200158.,0,2,2
WBGene00200159.,0,1,1
WBGene00200160.,0,0,0
WBGene00200161.,0,0,0
WBGene00200162.,0,0,0
WBGene00200163.,0,0,0
WBGene00200164.,0,8,8
WBGene00200165.,0,0,0
WBGene00200166.,0,0,0
WBGene00200167.,0,7,7
WBGene00200168.,0,2,2
WBGene00200169.,0,2,2
WBGene00200170.,0,5,5
WBGene00200171.,0,0,0
WBGene00200172.,0,0,0
WBGene00200173.,0,0,0
WBGene00200174.,0,0,0
WBGene00200175.,0,3,3
WBGene00200176.,0,0,0
WBGene00200177.,0,5,5
WBGene00200178.,0,0,0
WBGene00200179.,0,0,0
WBGene00200180.,0,0,0
WBGene00200181.,0,1,1
WBGene00200182.,0,1,1
WBGene00200183.,0,0,0
WBGene00200184.,0,0,0
WBGene00200185.,0,0,0
WBGene00200186.,0,1,1
WBGene00200187.,0,13,13
WBGene00200188.,0,11,11
WBGene00200189.,0,0,0
WBGene00200190.,0,2,2
WBGene00200191.,0,0,0
WBGene00200192.,0,11,11
WBGene00200193.,0,0,0
WBGene00200194.,0,7,7
WBGene00200195.,0,3,3
WBGene00200196.,0,2,2
WBGene00200197.,0,2,2
WBGene00200198.,0,0,0
WBGene00200199.,0,5,5
WBGene00200200.,0,0,0
WBGene00200201.,0,0,0
WBGene00200202.,0,2,2
WBGene00200203.,0,39,39
WBGene00200204.,0,0,0
WBGene00200205.,0,0,0
WBGene00200206.,0,0,0
WBGene00200207.,0,1,1
WBGene00200208.,0,0,0
WBGene00200209.,0,0,0
WBGene00200210.,0,2,2
WBGene00200211.,0,2,2
WBGene00200212.,0,2,2
WBGene00200213.,0,0,0
WBGene00200214.,0,6,6
WBGene00200215.,0,24,24
WBGene00200216.,0,0,0
WBGene00200217.,0,1,1
WBGene00200218.,0,0,0
WBGene00200219.,0,0,0
WBGene00200220.,0,0,0
WBGene00200221.,0,0,0
WBGene00200222.,0,0,0
WBGene00200223.,0,0,0
WBGene00200224.,0,0,0
WBGene00200225.,0,5,5
WBGene00200226.,0,1,1
WBGene00200227.,0,1,1
WBGene00200228.,0,4,4
WBGene00200229.,0,0,0
WBGene00200230.,0,0,0
WBGene00200231.,0,4,4
WBGene00200232.,0,0,0
WBGene00200233.,0,1,1
WBGene00200234.,0,0,0
WBGene00200235.,0,0,0
WBGene00200236.,0,0,0
WBGene00200237.,0,1,1
WBGene00200238.,0,0,0
WBGene00200239.,0,0,0
WBGene00200240.,0,0,0
WBGene00200241.,0,0,0
WBGene00200242.,0,2,2
WBGene00200243.,0,5,5
WBGene00200244.,0,9,9
WBGene00200245.,0,2,2
WBGene00200246.,0,0,0
WBGene00200247.,0,5,5
WBGene00200248.,0,0,0
WBGene00200249.,0,0,0
WBGene00200250.,0,9,9
WBGene00200251.,0,1,1
WBGene00200252.,0,1,1
WBGene00200253.,0,1,1
WBGene00200254.,0,0,0
WBGene00200255.,0,3,3
WBGene00200256.,0,0,0
WBGene00200257.,0,0,0
WBGene00200258.,0,0,0
WBGene00200259.,0,11,11
WBGene00200260.,0,0,0
WBGene00200261.,0,55,55
WBGene00200262.,0,0,0
WBGene00200263.,0,23,23
WBGene00200264.,0,1,1
WBGene00200265.,0,0,0
WBGene00200266.,0,3,3
WBGene00200267.,0,0,0
WBGene00200268.,0,0,0
WBGene00200269.,0,0,0
WBGene00200270.,0,4,4
WBGene00200271.,0,0,0
WBGene00200272.,0,0,0
WBGene00200273.,0,7,7
WBGene00200274.,0,0,0
WBGene00200275.,0,0,0
WBGene00200276.,0,1,1
WBGene00200277.,0,3,3
WBGene00200278.,0,6,6
WBGene00200279.,0,1,1
WBGene00200280.,0,2,2
WBGene00200281.,0,0,0
WBGene00200282.,0,7,7
WBGene00200283.,0,0,0
WBGene00200284.,0,0,0
WBGene00200285.,0,1,1
WBGene00200286.,0,0,0
WBGene00200287.,0,0,0
WBGene00200288.,0,0,0
WBGene00200289.,0,6,6
WBGene00200290.,0,0,0
WBGene00200291.,0,0,0
WBGene00200292.,0,0,0
WBGene00200293.,0,5,5
WBGene00200294.,0,20,20
WBGene00200295.,0,0,0
WBGene00200296.,0,2,2
WBGene00200297.,0,0,0
WBGene00200298.,0,0,0
WBGene00200299.,0,0,0
WBGene00200300.,0,6,6
WBGene00200301.,0,0,0
WBGene00200302.,0,11,11
WBGene00200303.,0,1,1
WBGene00200304.,0,0,0
WBGene00200305.,0,0,0
WBGene00200306.,0,0,0
WBGene00200307.,0,0,0
WBGene00200308.,0,19,19
WBGene00200309.,0,0,0
WBGene00200310.,0,5,5
WBGene00200311.,0,0,0
WBGene00200312.,0,1,1
WBGene00200313.,0,8,8
WBGene00200314.,0,3,3
WBGene00200315.,0,0,0
WBGene00200316.,0,1,1
WBGene00200317.,0,0,0
WBGene00200318.,0,4,4
WBGene00200319.,0,3,3
WBGene00200320.,0,0,0
WBGene00200321.,0,0,0
WBGene00200322.,0,0,0
WBGene00200323.,0,1,1
WBGene00200324.,0,0,0
WBGene00200325.,0,16,16
WBGene00200326.,0,0,0
WBGene00200327.,0,4,4
WBGene00200328.,0,1,1
WBGene00200329.,0,1,1
WBGene00200330.,0,2,2
WBGene00200331.,0,1,1
WBGene00200332.,0,0,0
WBGene00200333.,0,5,5
WBGene00200334.,0,0,0
WBGene00200335.,0,3,3
WBGene00200336.,0,0,0
WBGene00200337.,0,5,5
WBGene00200338.,0,2,2
WBGene00200339.,0,1,1
WBGene00200340.,0,1,1
WBGene00200341.,0,0,0
WBGene00200342.,0,0,0
WBGene00200343.,0,0,0
WBGene00200344.,0,9,9
WBGene00200345.,0,1,1
WBGene00200346.,0,6,6
WBGene00200347.,0,43,43
WBGene00200348.,0,0,0
WBGene00200349.,0,0,0
WBGene00200350.,0,0,0
WBGene00200351.,0,0,0
WBGene00200352.,0,0,0
WBGene00200353.,0,2,2
WBGene00200354.,0,0,0
WBGene00200355.,0,0,0
WBGene00200356.,0,1,1
WBGene00200357.,0,2,2
WBGene00200358.,0,7,7
WBGene00200359.,0,0,0
WBGene00200360.,0,0,0
WBGene00200361.,0,0,0
WBGene00200362.,0,0,0
WBGene00200363.,0,0,0
WBGene00200364.,0,0,0
WBGene00200365.,0,3,3
WBGene00200366.,0,1,1
WBGene00200367.,0,4,4
WBGene00200368.,0,0,0
WBGene00200369.,0,0,0
WBGene00200370.,0,17,17
WBGene00200371.,0,1,1
WBGene00200372.,0,3,3
WBGene00200373.,0,0,0
WBGene00200374.,0,2,2
WBGene00200375.,0,20,20
WBGene00200376.,0,0,0
WBGene00200377.,0,1,1
WBGene00200378.,0,0,0
WBGene00200379.,0,3,3
WBGene00200380.,0,0,0
WBGene00200381.,0,0,0
WBGene00200382.,0,1,1
WBGene00200383.,0,0,0
WBGene00200384.,0,9,9
WBGene00200385.,0,17,17
WBGene00200386.,0,1,1
WBGene00200387.,0,0,0
WBGene00200388.,0,1,1
WBGene00200389.,0,1,1
WBGene00200390.,0,2,2
WBGene00200391.,0,2,2
WBGene00200392.,0,1,1
WBGene00200393.,0,5,5
WBGene00200394.,0,0,0
WBGene00200395.,0,2,2
WBGene00200396.,0,3,3
WBGene00200397.,0,3,3
WBGene00200398.,0,0,0
WBGene00200399.,0,4,4
WBGene00200400.,0,22,22
WBGene00200401.,0,2,2
WBGene00200402.,0,0,0
WBGene00200403.,0,11,11
WBGene00200404.,0,0,0
WBGene00200405.,0,0,0
WBGene00200406.,0,0,0
WBGene00200407.,0,6,6
WBGene00200408.,0,7,7
WBGene00200409.,0,1,1
WBGene00200410.,0,1,1
WBGene00200411.,0,0,0
WBGene00200412.,0,0,0
WBGene00200413.,0,1,1
WBGene00200414.,0,0,0
WBGene00200415.,0,3,3
WBGene00200416.,0,3,3
WBGene00200417.,0,1,1
WBGene00200418.,0,2,2
WBGene00200419.,0,0,0
WBGene00200420.,0,1,1
WBGene00200421.,0,0,0
WBGene00200422.,0,0,0
WBGene00200423.,0,8,8
WBGene00200424.,0,4,4
WBGene00200425.,0,1,1
WBGene00200426.,0,3,3
WBGene00200427.,0,0,0
WBGene00200428.,0,7,7
WBGene00200429.,0,0,0
WBGene00200430.,0,0,0
WBGene00200431.,0,12,12
WBGene00200432.,0,5,5
WBGene00200433.,0,0,0
WBGene00200434.,0,0,0
WBGene00200435.,0,0,0
WBGene00200436.,0,0,0
WBGene00200437.,0,0,0
WBGene00200438.,0,2,2
WBGene00200439.,0,0,0
WBGene00200440.,0,0,0
WBGene00200441.,0,2,2
WBGene00200442.,0,2,2
WBGene00200443.,0,1,1
WBGene00200444.,0,2,2
WBGene00200445.,0,0,0
WBGene00200446.,0,0,0
WBGene00200447.,0,0,0
WBGene00200448.,0,0,0
WBGene00200449.,0,0,0
WBGene00200450.,0,0,0
WBGene00200451.,0,0,0
WBGene00200452.,0,4,4
WBGene00200453.,0,5,5
WBGene00200454.,0,0,0
WBGene00200455.,0,10,10
WBGene00200456.,0,37,37
WBGene00200457.,0,2,2
WBGene00200458.,0,0,0
WBGene00200459.,0,160,160
WBGene00200460.,0,1,1
WBGene00200461.,0,0,0
WBGene00200462.,0,3,3
WBGene00200463.,0,1,1
WBGene00200464.,0,1,1
WBGene00200465.,0,0,0
WBGene00200466.,0,0,0
WBGene00200467.,0,0,0
WBGene00200468.,0,2,2
WBGene00200469.,0,8,8
WBGene00200470.,0,3,3
WBGene00200471.,0,0,0
WBGene00200472.,0,3,3
WBGene00200473.,0,5,5
WBGene00200474.,0,0,0
WBGene00200475.,0,2,2
WBGene00200476.,0,7,7
WBGene00200477.,0,1,1
WBGene00200478.,0,6,6
WBGene00200479.,0,0,0
WBGene00200480.,0,0,0
WBGene00200481.,0,0,0
WBGene00200482.,0,0,0
WBGene00200483.,0,2,2
WBGene00200484.,0,0,0
WBGene00200485.,0,19,19
WBGene00200486.,0,0,0
WBGene00200487.,0,7,7
WBGene00200488.,0,11,11
WBGene00200489.,0,1,1
WBGene00200490.,0,0,0
WBGene00200491.,0,0,0
WBGene00200492.,0,4,4
WBGene00200493.,0,2,2
WBGene00200494.,0,0,0
WBGene00200495.,0,3,3
WBGene00200496.,0,0,0
WBGene00200497.,0,0,0
WBGene00200498.,0,4,4
WBGene00200499.,0,0,0
WBGene00200500.,0,6,6
WBGene00200501.,0,0,0
WBGene00200502.,0,15,15
WBGene00200503.,0,0,0
WBGene00200504.,0,0,0
WBGene00200505.,0,0,0
WBGene00200506.,0,0,0
WBGene00200507.,0,1,1
WBGene00200508.,0,0,0
WBGene00200509.,0,2,2
WBGene00200510.,0,0,0
WBGene00200511.,0,0,0
WBGene00200512.,0,0,0
WBGene00200513.,0,5,5
WBGene00200514.,0,3,3
WBGene00200515.,0,0,0
WBGene00200516.,0,1,1
WBGene00200517.,0,0,0
WBGene00200518.,0,0,0
WBGene00200519.,0,4,4
WBGene00200520.,0,0,0
WBGene00200521.,0,1,1
WBGene00200522.,0,0,0
WBGene00200523.,0,2,2
WBGene00200524.,0,0,0
WBGene00200525.,0,1,1
WBGene00200526.,0,7,7
WBGene00200527.,0,0,0
WBGene00200528.,0,1,1
WBGene00200529.,0,0,0
WBGene00200530.,0,2,2
WBGene00200531.,0,2,2
WBGene00200532.,0,0,0
WBGene00200533.,0,1,1
WBGene00200534.,0,0,0
WBGene00200535.,0,0,0
WBGene00200536.,0,3,3
WBGene00200537.,0,0,0
WBGene00200538.,0,17,17
WBGene00200539.,0,0,0
WBGene00200540.,0,3,3
WBGene00200541.,0,0,0
WBGene00200542.,0,1,1
WBGene00200543.,0,0,0
WBGene00200544.,0,0,0
WBGene00200545.,0,3,3
WBGene00200546.,0,3,3
WBGene00200547.,0,1,1
WBGene00200548.,0,0,0
WBGene00200549.,0,0,0
WBGene00200550.,0,3,3
WBGene00200551.,0,0,0
WBGene00200552.,0,0,0
WBGene00200553.,0,0,0
WBGene00200554.,0,0,0
WBGene00200555.,0,0,0
WBGene00200556.,0,0,0
WBGene00200557.,0,0,0
WBGene00200558.,0,15,15
WBGene00200559.,0,1,1
WBGene00200560.,0,0,0
WBGene00200561.,0,0,0
WBGene00200562.,0,0,0
WBGene00200563.,0,2,2
WBGene00200564.,0,0,0
WBGene00200565.,0,1,1
WBGene00200566.,0,7,7
WBGene00200567.,0,0,0
WBGene00200568.,0,0,0
WBGene00200569.,0,0,0
WBGene00200570.,0,5,5
WBGene00200571.,0,0,0
WBGene00200572.,0,12,12
WBGene00200573.,0,0,0
WBGene00200574.,0,4,4
WBGene00200575.,0,1,1
WBGene00200576.,0,4,4
WBGene00200577.,0,3,3
WBGene00200578.,0,0,0
WBGene00200579.,0,31,31
WBGene00200580.,0,0,0
WBGene00200581.,0,0,0
WBGene00200582.,0,2,2
WBGene00200583.,0,1,1
WBGene00200584.,0,0,0
WBGene00200585.,0,4,4
WBGene00200586.,0,3,3
WBGene00200587.,0,1,1
WBGene00200588.,0,0,0
WBGene00200589.,0,2,2
WBGene00200590.,0,0,0
WBGene00200591.,0,2,2
WBGene00200592.,0,1,1
WBGene00200593.,0,0,0
WBGene00200594.,0,6,6
WBGene00200595.,0,2,2
WBGene00200596.,0,20,20
WBGene00200597.,0,2,2
WBGene00200598.,0,4,4
WBGene00200599.,0,0,0
WBGene00200600.,0,2,2
WBGene00200601.,0,10,10
WBGene00200602.,0,0,0
WBGene00200603.,0,0,0
WBGene00200604.,0,0,0
WBGene00200605.,0,5,5
WBGene00200606.,0,0,0
WBGene00200607.,0,0,0
WBGene00200608.,0,0,0
WBGene00200609.,0,0,0
WBGene00200610.,0,0,0
WBGene00200611.,0,3,3
WBGene00200612.,0,0,0
WBGene00200613.,0,0,0
WBGene00200614.,0,0,0
WBGene00200615.,0,1,1
WBGene00200616.,0,0,0
WBGene00200617.,0,4,4
WBGene00200618.,0,4,4
WBGene00200619.,0,0,0
WBGene00200620.,0,3,3
WBGene00200621.,0,3,3
WBGene00200622.,0,0,0
WBGene00200623.,0,1,1
WBGene00200624.,0,1,1
WBGene00200625.,0,1,1
WBGene00200626.,0,1,1
WBGene00200627.,0,8,8
WBGene00200628.,0,3,3
WBGene00200629.,0,0,0
WBGene00200630.,0,3,3
WBGene00200631.,0,0,0
WBGene00200632.,0,5,5
WBGene00200633.,0,0,0
WBGene00200634.,0,0,0
WBGene00200635.,0,0,0
WBGene00200636.,0,0,0
WBGene00200637.,0,1,1
WBGene00200638.,0,0,0
WBGene00200639.,0,0,0
WBGene00200640.,0,1,1
WBGene00200641.,0,5,5
WBGene00200642.,0,0,0
WBGene00200643.,0,3,3
WBGene00200644.,0,0,0
WBGene00200645.,0,179,179
WBGene00200646.,0,2,2
WBGene00200647.,0,2,2
WBGene00200648.,0,0,0
WBGene00200649.,0,0,0
WBGene00200650.,0,2,2
WBGene00200651.,0,0,0
WBGene00200652.,0,1,1
WBGene00200653.,0,1,1
WBGene00200654.,0,1,1
WBGene00200655.,0,0,0
WBGene00200656.,0,0,0
WBGene00200657.,0,0,0
WBGene00200658.,0,6,6
WBGene00200659.,0,1,1
WBGene00200660.,0,0,0
WBGene00200661.,0,0,0
WBGene00200662.,0,0,0
WBGene00200663.,0,0,0
WBGene00200664.,0,4,4
WBGene00200665.,0,3,3
WBGene00200666.,0,2,2
WBGene00200667.,0,0,0
WBGene00200668.,0,0,0
WBGene00200669.,0,0,0
WBGene00200670.,0,1,1
WBGene00200671.,0,3,3
WBGene00200672.,0,0,0
WBGene00200673.,0,0,0
WBGene00200674.,0,1,1
WBGene00200675.,0,5,5
WBGene00200676.,0,0,0
WBGene00200677.,0,1,1
WBGene00200678.,0,0,0
WBGene00200679.,0,0,0
WBGene00200680.,0,2,2
WBGene00200681.,0,0,0
WBGene00200682.,0,0,0
WBGene00200683.,0,1,1
WBGene00200684.,0,0,0
WBGene00200685.,0,0,0
WBGene00200686.,0,0,0
WBGene00200687.,0,0,0
WBGene00200688.,0,0,0
WBGene00200689.,0,4,4
WBGene00200690.,0,0,0
WBGene00200691.,0,0,0
WBGene00200692.,0,4,4
WBGene00200693.,0,0,0
WBGene00200694.,0,1,1
WBGene00200695.,0,2,2
WBGene00200696.,0,0,0
WBGene00200697.,0,6,6
WBGene00200698.,0,0,0
WBGene00200699.,0,0,0
WBGene00200700.,0,2,2
WBGene00200701.,0,0,0
WBGene00200702.,0,245,245
WBGene00200703.,0,0,0
WBGene00200704.,0,1,1
WBGene00200705.,0,2,2
WBGene00200706.,0,2,2
WBGene00200707.,0,3,3
WBGene00200708.,0,1,1
WBGene00200709.,0,0,0
WBGene00200710.,0,4,4
WBGene00200711.,0,3,3
WBGene00200712.,0,0,0
WBGene00200713.,0,1,1
WBGene00200714.,0,0,0
WBGene00200715.,0,0,0
WBGene00200716.,0,7,7
WBGene00200717.,0,1,1
WBGene00200718.,0,0,0
WBGene00200719.,0,9,9
WBGene00200720.,0,1,1
WBGene00200721.,0,0,0
WBGene00200722.,0,1,1
WBGene00200723.,0,13,13
WBGene00200724.,0,1,1
WBGene00200725.,0,0,0
WBGene00200726.,0,2,2
WBGene00200727.,0,3,3
WBGene00200728.,0,0,0
WBGene00200729.,0,0,0
WBGene00200730.,0,0,0
WBGene00200731.,0,1,1
WBGene00200732.,0,0,0
WBGene00200733.,0,2,2
WBGene00200734.,0,0,0
WBGene00200735.,0,0,0
WBGene00200736.,0,0,0
WBGene00200737.,0,2,2
WBGene00200738.,0,0,0
WBGene00200739.,0,0,0
WBGene00200740.,0,0,0
WBGene00200741.,0,1,1
WBGene00200742.,0,3,3
WBGene00200743.,0,18,18
WBGene00200744.,0,26,26
WBGene00200745.,0,0,0
WBGene00200746.,0,7,7
WBGene00200747.,0,0,0
WBGene00200748.,0,0,0
WBGene00200749.,0,4,4
WBGene00200750.,0,1,1
WBGene00200751.,0,2,2
WBGene00200752.,0,20,20
WBGene00200753.,0,1,1
WBGene00200754.,0,1,1
WBGene00200755.,0,2,2
WBGene00200756.,0,16,16
WBGene00200757.,0,1,1
WBGene00200758.,0,8,8
WBGene00200759.,0,0,0
WBGene00200760.,0,0,0
WBGene00200761.,0,1,1
WBGene00200762.,0,42,42
WBGene00200763.,0,1,1
WBGene00200764.,0,2,2
WBGene00200765.,0,0,0
WBGene00200766.,0,6,6
WBGene00200767.,0,4,4
WBGene00200768.,0,7,7
WBGene00200769.,0,1,1
WBGene00200770.,0,1,1
WBGene00200771.,0,0,0
WBGene00200772.,0,1,1
WBGene00200773.,0,0,0
WBGene00200774.,0,0,0
WBGene00200775.,0,1,1
WBGene00200776.,0,0,0
WBGene00200777.,0,0,0
WBGene00200778.,0,0,0
WBGene00200779.,0,5,5
WBGene00200780.,0,6,6
WBGene00200781.,0,0,0
WBGene00200782.,0,0,0
WBGene00200783.,0,0,0
WBGene00200784.,0,0,0
WBGene00200785.,0,0,0
WBGene00200786.,0,1,1
WBGene00200787.,0,0,0
WBGene00200788.,0,0,0
WBGene00200789.,0,2,2
WBGene00200790.,0,0,0
WBGene00200791.,0,1,1
WBGene00200792.,0,0,0
WBGene00200793.,0,1,1
WBGene00200794.,0,0,0
WBGene00200795.,0,3,3
WBGene00200796.,0,0,0
WBGene00200797.,0,0,0
WBGene00200798.,0,0,0
WBGene00200799.,0,0,0
WBGene00200800.,0,6,6
WBGene00200801.,0,5,5
WBGene00200802.,0,10,10
WBGene00200803.,0,1,1
WBGene00200804.,0,1,1
WBGene00200805.,0,0,0
WBGene00200806.,0,1,1
WBGene00200807.,0,1,1
WBGene00200808.,0,27,27
WBGene00200809.,0,33,33
WBGene00200810.,0,0,0
WBGene00200811.,0,0,0
WBGene00200812.,0,3,3
WBGene00200813.,0,3,3
WBGene00200814.,0,1,1
WBGene00200815.,0,0,0
WBGene00200816.,0,0,0
WBGene00200817.,0,0,0
WBGene00200818.,0,3,3
WBGene00200819.,0,0,0
WBGene00200820.,0,0,0
WBGene00200821.,0,10,10
WBGene00200822.,0,0,0
WBGene00200823.,0,2,2
WBGene00200824.,0,5,5
WBGene00200825.,0,1,1
WBGene00200826.,0,10,10
WBGene00200827.,0,7,7
WBGene00200828.,0,14,14
WBGene00200829.,0,0,0
WBGene00200830.,0,0,0
WBGene00200831.,0,0,0
WBGene00200832.,0,2,2
WBGene00200833.,0,0,0
WBGene00200834.,0,0,0
WBGene00200835.,0,0,0
WBGene00200836.,0,0,0
WBGene00200837.,0,1,1
WBGene00200838.,0,0,0
WBGene00200839.,0,0,0
WBGene00200840.,0,0,0
WBGene00200841.,0,0,0
WBGene00200842.,0,5,5
WBGene00200843.,0,2,2
WBGene00200844.,0,5,5
WBGene00200845.,0,1,1
WBGene00200846.,0,1,1
WBGene00200847.,0,2,2
WBGene00200848.,0,0,0
WBGene00200849.,0,3,3
WBGene00200850.,0,0,0
WBGene00200851.,0,0,0
WBGene00200852.,0,2,2
WBGene00200853.,0,1,1
WBGene00200854.,0,3,3
WBGene00200855.,0,369,369
WBGene00200856.,0,13,13
WBGene00200857.,0,0,0
WBGene00200858.,0,0,0
WBGene00200859.,0,0,0
WBGene00200860.,0,4,4
WBGene00200861.,0,4,4
WBGene00200862.,0,1,1
WBGene00200863.,0,21,21
WBGene00200864.,0,0,0
WBGene00200865.,0,1,1
WBGene00200866.,0,0,0
WBGene00200867.,0,0,0
WBGene00200868.,0,7,7
WBGene00200869.,0,0,0
WBGene00200870.,0,1,1
WBGene00200871.,0,0,0
WBGene00200872.,0,4,4
WBGene00200873.,0,0,0
WBGene00200874.,0,4,4
WBGene00200875.,0,0,0
WBGene00200876.,0,1,1
WBGene00200877.,0,0,0
WBGene00200878.,0,0,0
WBGene00200879.,0,3,3
WBGene00200880.,0,2,2
WBGene00200881.,0,0,0
WBGene00200882.,0,0,0
WBGene00200883.,0,5,5
WBGene00200884.,0,2,2
WBGene00200885.,0,0,0
WBGene00200886.,0,0,0
WBGene00200887.,0,0,0
WBGene00200888.,0,0,0
WBGene00200889.,0,4,4
WBGene00200890.,0,0,0
WBGene00200891.,0,0,0
WBGene00200892.,0,2,2
WBGene00200893.,0,17,17
WBGene00200894.,0,0,0
WBGene00200895.,0,4,4
WBGene00200896.,0,2,2
WBGene00200897.,0,2,2
WBGene00200898.,0,0,0
WBGene00200899.,0,0,0
WBGene00200900.,0,1,1
WBGene00200901.,0,0,0
WBGene00200902.,0,2,2
WBGene00200903.,0,0,0
WBGene00200904.,0,4,4
WBGene00200905.,0,4,4
WBGene00200906.,0,4,4
WBGene00200907.,0,3,3
WBGene00200908.,0,16,16
WBGene00200909.,0,0,0
WBGene00200910.,0,0,0
WBGene00200911.,0,1,1
WBGene00200912.,0,3,3
WBGene00200913.,0,0,0
WBGene00200914.,0,0,0
WBGene00200915.,0,2,2
WBGene00200916.,0,3,3
WBGene00200917.,0,0,0
WBGene00200918.,0,0,0
WBGene00200919.,0,2,2
WBGene00200920.,0,3,3
WBGene00200921.,0,0,0
WBGene00200922.,0,0,0
WBGene00200923.,0,5,5
WBGene00200924.,0,0,0
WBGene00200925.,0,3,3
WBGene00200926.,0,0,0
WBGene00200927.,0,0,0
WBGene00200928.,0,0,0
WBGene00200929.,0,1,1
WBGene00200930.,0,2,2
WBGene00200931.,0,2,2
WBGene00200932.,0,1,1
WBGene00200933.,0,0,0
WBGene00200934.,0,22,22
WBGene00200935.,0,4,4
WBGene00200936.,0,0,0
WBGene00200937.,0,0,0
WBGene00200938.,0,1,1
WBGene00200939.,0,0,0
WBGene00200940.,0,12,12
WBGene00200941.,0,0,0
WBGene00200942.,0,0,0
WBGene00200943.,0,2,2
WBGene00200944.,0,2,2
WBGene00200945.,0,0,0
WBGene00200946.,0,7,7
WBGene00200947.,0,2,2
WBGene00200948.,0,2,2
WBGene00200949.,0,0,0
WBGene00200950.,0,0,0
WBGene00200951.,0,1,1
WBGene00200952.,0,4,4
WBGene00200953.,0,19,19
WBGene00200954.,0,0,0
WBGene00200955.,0,0,0
WBGene00200956.,0,0,0
WBGene00200957.,0,2,2
WBGene00200958.,0,3,3
WBGene00200959.,0,0,0
WBGene00200960.,0,52,52
WBGene00200961.,0,0,0
WBGene00200962.,0,0,0
WBGene00200963.,0,0,0
WBGene00200964.,0,0,0
WBGene00200965.,0,3,3
WBGene00200966.,0,0,0
WBGene00200967.,0,0,0
WBGene00200968.,0,3,3
WBGene00200969.,0,0,0
WBGene00200970.,0,0,0
WBGene00200971.,0,6,6
WBGene00200972.,0,1,1
WBGene00200973.,0,0,0
WBGene00200974.,0,1,1
WBGene00200975.,0,0,0
WBGene00200976.,0,1,1
WBGene00200977.,0,1,1
WBGene00200978.,0,0,0
WBGene00200979.,0,2,2
WBGene00200980.,0,0,0
WBGene00200981.,0,1,1
WBGene00200982.,0,1,1
WBGene00200983.,0,2,2
WBGene00200984.,0,0,0
WBGene00200985.,0,0,0
WBGene00200986.,0,1,1
WBGene00200987.,0,0,0
WBGene00200988.,0,0,0
WBGene00200989.,0,0,0
WBGene00200990.,0,0,0
WBGene00200991.,0,0,0
WBGene00200992.,0,0,0
WBGene00200993.,0,0,0
WBGene00200994.,0,2,2
WBGene00200995.,0,28,28
WBGene00200996.,0,97,97
WBGene00200997.,0,1,1
WBGene00200998.,0,0,0
WBGene00200999.,0,1,1
WBGene00201000.,0,1,1
WBGene00201001.,0,3,3
WBGene00201002.,0,1,1
WBGene00201003.,0,0,0
WBGene00201004.,0,2,2
WBGene00201005.,0,18,18
WBGene00201006.,0,0,0
WBGene00201007.,0,0,0
WBGene00201008.,0,8,8
WBGene00201009.,0,0,0
WBGene00201010.,0,3,3
WBGene00201011.,0,0,0
WBGene00201012.,0,1,1
WBGene00201013.,0,0,0
WBGene00201014.,0,3,3
WBGene00201015.,0,1,1
WBGene00201016.,0,0,0
WBGene00201017.,0,0,0
WBGene00201018.,0,2,2
WBGene00201019.,0,4,4
WBGene00201020.,0,0,0
WBGene00201021.,0,2,2
WBGene00201022.,0,0,0
WBGene00201023.,0,0,0
WBGene00201024.,0,0,0
WBGene00201025.,0,0,0
WBGene00201026.,0,0,0
WBGene00201027.,0,0,0
WBGene00201028.,0,0,0
WBGene00201029.,0,0,0
WBGene00201030.,0,2,2
WBGene00201031.,0,30,30
WBGene00201032.,0,0,0
WBGene00201033.,0,1,1
WBGene00201034.,0,5,5
WBGene00201035.,0,0,0
WBGene00201036.,0,0,0
WBGene00201037.,0,2,2
WBGene00201038.,0,0,0
WBGene00201039.,0,0,0
WBGene00201040.,0,0,0
WBGene00201041.,0,3,3
WBGene00201042.,0,0,0
WBGene00201043.,0,4,4
WBGene00201044.,0,0,0
WBGene00201045.,0,49,49
WBGene00201046.,0,0,0
WBGene00201047.,0,0,0
WBGene00201048.,0,1,1
WBGene00201049.,0,0,0
WBGene00201050.,0,4,4
WBGene00201051.,0,2,2
WBGene00201052.,0,1,1
WBGene00201053.,0,1,1
WBGene00201054.,0,5,5
WBGene00201055.,0,0,0
WBGene00201056.,0,1,1
WBGene00201057.,0,10,10
WBGene00201058.,0,0,0
WBGene00201059.,0,0,0
WBGene00201060.,0,0,0
WBGene00201061.,0,0,0
WBGene00201062.,0,1,1
WBGene00201063.,0,1,1
WBGene00201064.,0,0,0
WBGene00201065.,0,0,0
WBGene00201066.,0,0,0
WBGene00201067.,0,0,0
WBGene00201068.,0,0,0
WBGene00201069.,0,0,0
WBGene00201070.,0,0,0
WBGene00201071.,0,0,0
WBGene00201072.,0,0,0
WBGene00201073.,0,0,0
WBGene00201074.,0,3,3
WBGene00201075.,0,52,52
WBGene00201076.,0,5,5
WBGene00201077.,0,0,0
WBGene00201078.,0,4,4
WBGene00201079.,0,0,0
WBGene00201080.,0,10,10
WBGene00201081.,0,0,0
WBGene00201082.,0,23,23
WBGene00201083.,0,2,2
WBGene00201084.,0,0,0
WBGene00201085.,0,0,0
WBGene00201086.,0,0,0
WBGene00201087.,0,0,0
WBGene00201088.,0,3,3
WBGene00201089.,0,1,1
WBGene00201090.,0,3,3
WBGene00201091.,0,0,0
WBGene00201092.,0,0,0
WBGene00201093.,0,5,5
WBGene00201094.,0,0,0
WBGene00201095.,0,1,1
WBGene00201096.,0,0,0
WBGene00201097.,0,0,0
WBGene00201098.,0,4,4
WBGene00201099.,0,0,0
WBGene00201100.,0,9,9
WBGene00201101.,0,0,0
WBGene00201102.,0,1,1
WBGene00201103.,0,0,0
WBGene00201104.,0,0,0
WBGene00201105.,0,0,0
WBGene00201106.,0,1,1
WBGene00201107.,0,1,1
WBGene00201108.,0,2,2
WBGene00201109.,0,0,0
WBGene00201110.,0,1,1
WBGene00201111.,0,17,17
WBGene00201112.,0,0,0
WBGene00201113.,0,0,0
WBGene00201114.,0,0,0
WBGene00201115.,0,2,2
WBGene00201116.,0,22,22
WBGene00201117.,0,0,0
WBGene00201118.,0,2,2
WBGene00201119.,0,1,1
WBGene00201120.,0,0,0
WBGene00201121.,0,2,2
WBGene00201122.,0,0,0
WBGene00201123.,0,0,0
WBGene00201124.,0,5,5
WBGene00201125.,0,2,2
WBGene00201126.,0,5,5
WBGene00201127.,0,0,0
WBGene00201128.,0,2,2
WBGene00201129.,0,23,23
WBGene00201130.,0,1,1
WBGene00201131.,0,7,7
WBGene00201132.,0,2,2
WBGene00201133.,0,2,2
WBGene00201134.,0,0,0
WBGene00201135.,0,0,0
WBGene00201136.,0,0,0
WBGene00201137.,0,0,0
WBGene00201138.,0,0,0
WBGene00201139.,0,0,0
WBGene00201140.,0,0,0
WBGene00201141.,0,3,3
WBGene00201142.,0,0,0
WBGene00201143.,0,3,3
WBGene00201145.,0,0,0
WBGene00201146.,0,4,4
WBGene00201147.,0,0,0
WBGene00201148.,0,0,0
WBGene00201149.,0,0,0
WBGene00201150.,0,4,4
WBGene00201151.,0,2,2
WBGene00201152.,0,0,0
WBGene00201153.,0,1,1
WBGene00201154.,0,0,0
WBGene00201155.,0,0,0
WBGene00201156.,0,2,2
WBGene00201157.,0,0,0
WBGene00201158.,0,0,0
WBGene00201159.,0,0,0
WBGene00201160.,0,0,0
WBGene00201161.,0,5,5
WBGene00201162.,0,0,0
WBGene00201163.,0,0,0
WBGene00201164.,0,0,0
WBGene00201165.,0,2,2
WBGene00201166.,0,0,0
WBGene00201167.,0,0,0
WBGene00201168.,0,1,1
WBGene00201169.,0,0,0
WBGene00201170.,0,0,0
WBGene00201171.,0,1,1
WBGene00201172.,0,0,0
WBGene00201173.,0,1,1
WBGene00201174.,0,2,2
WBGene00201175.,0,4,4
WBGene00201176.,0,0,0
WBGene00201177.,0,0,0
WBGene00201178.,0,1,1
WBGene00201179.,0,3,3
WBGene00201180.,0,1,1
WBGene00201181.,0,22,22
WBGene00201182.,0,0,0
WBGene00201183.,0,0,0
WBGene00201184.,0,0,0
WBGene00201185.,0,2,2
WBGene00201186.,0,0,0
WBGene00201187.,0,2,2
WBGene00201188.,0,10,10
WBGene00201189.,0,0,0
WBGene00201190.,0,0,0
WBGene00201191.,0,0,0
WBGene00201192.,0,0,0
WBGene00201193.,0,0,0
WBGene00201194.,0,1,1
WBGene00201195.,0,0,0
WBGene00201196.,0,0,0
WBGene00201197.,0,0,0
WBGene00201198.,0,16,16
WBGene00201199.,0,5,5
WBGene00201200.,0,0,0
WBGene00201201.,0,6,6
WBGene00201202.,0,1,1
WBGene00201203.,0,6,6
WBGene00201204.,0,2,2
WBGene00201205.,0,2,2
WBGene00201206.,0,0,0
WBGene00201207.,0,24,24
WBGene00201208.,0,1,1
WBGene00201209.,0,0,0
WBGene00201210.,0,11,11
WBGene00201211.,0,2,2
WBGene00201212.,0,3,3
WBGene00201213.,0,0,0
WBGene00201214.,0,2,2
WBGene00201215.,0,1,1
WBGene00201216.,0,0,0
WBGene00201217.,0,0,0
WBGene00201218.,0,8,8
WBGene00201219.,0,32,32
WBGene00201220.,0,2,2
WBGene00201221.,0,1,1
WBGene00201222.,0,0,0
WBGene00201223.,0,0,0
WBGene00201224.,0,0,0
WBGene00201225.,0,0,0
WBGene00201226.,0,0,0
WBGene00201227.,0,0,0
WBGene00201228.,0,0,0
WBGene00201229.,0,2,2
WBGene00201230.,0,0,0
WBGene00201231.,0,0,0
WBGene00201232.,0,0,0
WBGene00201233.,0,0,0
WBGene00201234.,0,1,1
WBGene00201235.,0,0,0
WBGene00201236.,0,0,0
WBGene00201237.,0,1,1
WBGene00201238.,0,0,0
WBGene00201239.,0,4,4
WBGene00201240.,0,0,0
WBGene00201241.,0,0,0
WBGene00201242.,0,0,0
WBGene00201243.,0,1,1
WBGene00201244.,0,0,0
WBGene00201245.,0,1,1
WBGene00201246.,0,4,4
WBGene00201247.,0,0,0
WBGene00201248.,0,2,2
WBGene00201249.,0,1,1
WBGene00201250.,0,2,2
WBGene00201251.,0,0,0
WBGene00201252.,0,4,4
WBGene00201253.,0,0,0
WBGene00201254.,0,3,3
WBGene00201255.,0,0,0
WBGene00201256.,0,2,2
WBGene00201257.,0,6,6
WBGene00201258.,0,3,3
WBGene00201259.,0,1,1
WBGene00201260.,0,0,0
WBGene00201261.,0,0,0
WBGene00201262.,0,3,3
WBGene00201263.,0,0,0
WBGene00201264.,0,0,0
WBGene00201265.,0,0,0
WBGene00201266.,0,2,2
WBGene00201267.,0,1,1
WBGene00201268.,0,2,2
WBGene00201269.,0,4,4
WBGene00201270.,0,1,1
WBGene00201271.,0,0,0
WBGene00201272.,0,4,4
WBGene00201273.,0,23,23
WBGene00201274.,0,0,0
WBGene00201275.,0,2,2
WBGene00201276.,0,0,0
WBGene00201277.,0,6,6
WBGene00201278.,0,0,0
WBGene00201279.,0,0,0
WBGene00201280.,0,1,1
WBGene00201281.,0,1,1
WBGene00201282.,0,0,0
WBGene00201283.,0,0,0
WBGene00201284.,0,0,0
WBGene00201285.,0,2,2
WBGene00201286.,0,13,13
WBGene00201287.,0,0,0
WBGene00201288.,0,2,2
WBGene00201289.,0,1,1
WBGene00201290.,0,0,0
WBGene00201291.,0,8,8
WBGene00201292.,0,0,0
WBGene00201293.,0,1,1
WBGene00201294.,0,0,0
WBGene00201295.,0,0,0
WBGene00201296.,0,3,3
WBGene00201297.,0,0,0
WBGene00201298.,0,0,0
WBGene00201299.,0,0,0
WBGene00201300.,0,0,0
WBGene00201301.,0,3,3
WBGene00201302.,0,4,4
WBGene00201303.,0,13,13
WBGene00201304.,0,4,4
WBGene00201305.,0,0,0
WBGene00201306.,0,0,0
WBGene00201307.,0,0,0
WBGene00201308.,0,1,1
WBGene00201309.,0,0,0
WBGene00201310.,0,1,1
WBGene00201311.,0,2,2
WBGene00201312.,0,0,0
WBGene00201313.,0,2,2
WBGene00201314.,0,0,0
WBGene00201315.,0,2,2
WBGene00201316.,0,1,1
WBGene00201317.,0,2,2
WBGene00201318.,0,1,1
WBGene00201319.,0,1,1
WBGene00201320.,0,2,2
WBGene00201321.,0,0,0
WBGene00201322.,0,24,24
WBGene00201323.,0,0,0
WBGene00201324.,0,0,0
WBGene00201325.,0,1,1
WBGene00201326.,0,2,2
WBGene00201327.,0,4,4
WBGene00201328.,0,0,0
WBGene00201329.,0,0,0
WBGene00201330.,0,0,0
WBGene00201331.,0,1,1
WBGene00201332.,0,0,0
WBGene00201333.,0,0,0
WBGene00201334.,0,0,0
WBGene00201335.,0,0,0
WBGene00201336.,0,0,0
WBGene00201337.,0,0,0
WBGene00201338.,0,0,0
WBGene00201339.,0,0,0
WBGene00201340.,0,0,0
WBGene00201341.,0,0,0
WBGene00201342.,0,0,0
WBGene00201343.,0,4,4
WBGene00201344.,0,1,1
WBGene00201345.,0,0,0
WBGene00201346.,0,2,2
WBGene00201347.,0,0,0
WBGene00201348.,0,0,0
WBGene00201349.,0,3,3
WBGene00201350.,0,0,0
WBGene00201351.,0,2,2
WBGene00201352.,0,6,6
WBGene00201353.,0,1,1
WBGene00201354.,0,7,7
WBGene00201355.,0,1,1
WBGene00201356.,0,0,0
WBGene00201357.,0,0,0
WBGene00201358.,0,0,0
WBGene00201359.,0,1,1
WBGene00201360.,0,3,3
WBGene00201361.,0,0,0
WBGene00201362.,0,0,0
WBGene00201363.,0,0,0
WBGene00201364.,0,0,0
WBGene00201365.,0,2,2
WBGene00201366.,0,0,0
WBGene00201367.,0,0,0
WBGene00201368.,0,0,0
WBGene00201369.,0,0,0
WBGene00201370.,0,4,4
WBGene00201371.,0,0,0
WBGene00201372.,0,23,23
WBGene00201373.,0,1,1
WBGene00201374.,0,11,11
WBGene00201375.,0,0,0
WBGene00201376.,0,0,0
WBGene00201377.,0,1,1
WBGene00201378.,0,14,14
WBGene00201379.,0,0,0
WBGene00201380.,0,0,0
WBGene00201381.,0,3,3
WBGene00201382.,0,0,0
WBGene00201383.,0,2,2
WBGene00201384.,0,0,0
WBGene00201385.,0,0,0
WBGene00201386.,0,0,0
WBGene00201387.,0,1,1
WBGene00201388.,0,1,1
WBGene00201389.,0,0,0
WBGene00201390.,0,19,19
WBGene00201391.,0,0,0
WBGene00201392.,0,1,1
WBGene00201393.,0,1,1
WBGene00201394.,0,0,0
WBGene00201395.,0,0,0
WBGene00201396.,0,0,0
WBGene00201397.,0,0,0
WBGene00201398.,0,0,0
WBGene00201399.,0,0,0
WBGene00201400.,0,0,0
WBGene00201401.,0,0,0
WBGene00201402.,0,0,0
WBGene00201403.,0,0,0
WBGene00201404.,0,2,2
WBGene00201405.,0,1,1
WBGene00201406.,0,0,0
WBGene00201407.,0,1,1
WBGene00201408.,0,0,0
WBGene00201409.,0,0,0
WBGene00201410.,0,1,1
WBGene00201411.,0,2,2
WBGene00201412.,0,0,0
WBGene00201413.,0,4,4
WBGene00201414.,0,0,0
WBGene00201415.,0,1,1
WBGene00201416.,0,0,0
WBGene00201417.,0,0,0
WBGene00201418.,0,1,1
WBGene00201419.,0,7,7
WBGene00201420.,0,3,3
WBGene00201421.,0,2,2
WBGene00201422.,0,2,2
WBGene00201423.,0,5,5
WBGene00201424.,0,0,0
WBGene00201425.,0,0,0
WBGene00201426.,0,3,3
WBGene00201427.,0,0,0
WBGene00201428.,0,0,0
WBGene00201429.,0,0,0
WBGene00201430.,0,13,13
WBGene00201431.,0,0,0
WBGene00201432.,0,0,0
WBGene00201433.,0,1,1
WBGene00201434.,0,0,0
WBGene00201435.,0,3,3
WBGene00201436.,0,0,0
WBGene00201437.,0,8,8
WBGene00201438.,0,1,1
WBGene00201439.,0,0,0
WBGene00201440.,0,0,0
WBGene00201441.,0,132,132
WBGene00201442.,0,1,1
WBGene00201443.,0,0,0
WBGene00201444.,0,0,0
WBGene00201445.,0,1,1
WBGene00201446.,0,0,0
WBGene00201447.,0,18,18
WBGene00201448.,0,0,0
WBGene00201449.,0,0,0
WBGene00201450.,0,0,0
WBGene00201451.,0,0,0
WBGene00201452.,0,0,0
WBGene00201453.,0,0,0
WBGene00201454.,0,0,0
WBGene00201455.,0,0,0
WBGene00201456.,0,2,2
WBGene00201457.,0,0,0
WBGene00201458.,0,890,890
WBGene00201459.,0,0,0
WBGene00201460.,0,0,0
WBGene00201461.,0,0,0
WBGene00201462.,0,0,0
WBGene00201463.,0,1,1
WBGene00201464.,0,0,0
WBGene00201465.,0,11,11
WBGene00201466.,0,7,7
WBGene00201467.,0,0,0
WBGene00201468.,0,0,0
WBGene00201469.,0,0,0
WBGene00201470.,0,0,0
WBGene00201471.,0,0,0
WBGene00201472.,0,0,0
WBGene00201473.,0,3,3
WBGene00201474.,0,4,4
WBGene00201475.,0,0,0
WBGene00201476.,0,0,0
WBGene00201477.,0,0,0
WBGene00201478.,0,0,0
WBGene00201479.,0,0,0
WBGene00201480.,0,5,5
WBGene00201481.,0,4,4
WBGene00201482.,0,0,0
WBGene00201483.,0,0,0
WBGene00201484.,0,0,0
WBGene00201485.,0,2,2
WBGene00201486.,0,0,0
WBGene00201487.,0,5,5
WBGene00201488.,0,0,0
WBGene00201489.,0,1,1
WBGene00201490.,0,0,0
WBGene00201491.,0,0,0
WBGene00201492.,0,11,11
WBGene00201493.,0,0,0
WBGene00201494.,0,1,1
WBGene00201495.,0,0,0
WBGene00201496.,0,5,5
WBGene00201497.,0,1,1
WBGene00201498.,0,0,0
WBGene00201499.,0,9,9
WBGene00201500.,0,2,2
WBGene00201501.,0,19,19
WBGene00201502.,0,0,0
WBGene00201503.,0,1,1
WBGene00201504.,0,0,0
WBGene00201505.,0,0,0
WBGene00201506.,0,1,1
WBGene00201507.,0,0,0
WBGene00201508.,0,2,2
WBGene00201509.,0,5,5
WBGene00201510.,0,0,0
WBGene00201511.,0,0,0
WBGene00201512.,0,2,2
WBGene00201513.,0,2,2
WBGene00201514.,0,1,1
WBGene00201515.,0,0,0
WBGene00201516.,0,0,0
WBGene00201517.,0,4,4
WBGene00201518.,0,0,0
WBGene00201519.,0,1,1
WBGene00201520.,0,0,0
WBGene00201521.,0,0,0
WBGene00201522.,0,2,2
WBGene00201523.,0,2,2
WBGene00201524.,0,2,2
WBGene00201525.,0,0,0
WBGene00201526.,0,1,1
WBGene00201527.,0,3,3
WBGene00201528.,0,3,3
WBGene00201529.,0,0,0
WBGene00201530.,0,14,14
WBGene00201531.,0,0,0
WBGene00201532.,0,2,2
WBGene00201533.,0,2,2
WBGene00201534.,0,2,2
WBGene00201535.,0,1,1
WBGene00201536.,0,0,0
WBGene00201537.,0,0,0
WBGene00201538.,0,4,4
WBGene00201539.,0,0,0
WBGene00201540.,0,6,6
WBGene00201541.,0,1,1
WBGene00201542.,0,0,0
WBGene00201543.,0,4,4
WBGene00201544.,0,1,1
WBGene00201545.,0,0,0
WBGene00201546.,0,0,0
WBGene00201547.,0,1,1
WBGene00201548.,0,0,0
WBGene00201549.,0,0,0
WBGene00201550.,0,4,4
WBGene00201551.,0,2,2
WBGene00201552.,0,1,1
WBGene00201553.,0,2,2
WBGene00201554.,0,0,0
WBGene00201555.,0,0,0
WBGene00201556.,0,3,3
WBGene00201557.,0,3,3
WBGene00201558.,0,0,0
WBGene00201559.,0,0,0
WBGene00201560.,0,0,0
WBGene00201561.,0,40,40
WBGene00201562.,0,0,0
WBGene00201563.,0,0,0
WBGene00201564.,0,15,15
WBGene00201565.,0,16,16
WBGene00201566.,0,0,0
WBGene00201567.,0,2,2
WBGene00201568.,0,0,0
WBGene00201569.,0,0,0
WBGene00201570.,0,2,2
WBGene00201571.,0,0,0
WBGene00201572.,0,1,1
WBGene00201573.,0,1,1
WBGene00201574.,0,0,0
WBGene00201575.,0,0,0
WBGene00201576.,0,10,10
WBGene00201577.,0,0,0
WBGene00201578.,0,5,5
WBGene00201579.,0,2,2
WBGene00201580.,0,4,4
WBGene00201581.,0,2,2
WBGene00201582.,0,3,3
WBGene00201583.,0,0,0
WBGene00201584.,0,0,0
WBGene00201585.,0,0,0
WBGene00201586.,0,39,39
WBGene00201587.,0,1,1
WBGene00201588.,0,3,3
WBGene00201589.,0,0,0
WBGene00201590.,0,1,1
WBGene00201591.,0,0,0
WBGene00201592.,0,0,0
WBGene00201593.,0,3,3
WBGene00201594.,0,0,0
WBGene00201595.,0,3,3
WBGene00201596.,0,0,0
WBGene00201597.,0,0,0
WBGene00201598.,0,9,9
WBGene00201599.,0,10,10
WBGene00201600.,0,0,0
WBGene00201601.,0,0,0
WBGene00201602.,0,18,18
WBGene00201603.,0,1,1
WBGene00201604.,0,0,0
WBGene00201605.,0,0,0
WBGene00201606.,0,0,0
WBGene00201607.,0,0,0
WBGene00201608.,0,0,0
WBGene00201609.,0,11,11
WBGene00201610.,0,4,4
WBGene00201611.,0,3,3
WBGene00201612.,0,0,0
WBGene00201613.,0,0,0
WBGene00201614.,0,0,0
WBGene00201615.,0,2,2
WBGene00201616.,0,0,0
WBGene00201617.,0,0,0
WBGene00201618.,0,0,0
WBGene00201619.,0,2,2
WBGene00201620.,0,0,0
WBGene00201621.,0,0,0
WBGene00201622.,0,1,1
WBGene00201623.,0,9,9
WBGene00201624.,0,0,0
WBGene00201625.,0,5,5
WBGene00201626.,0,21,21
WBGene00201627.,0,0,0
WBGene00201628.,0,0,0
WBGene00201629.,0,2,2
WBGene00201630.,0,2,2
WBGene00201631.,0,0,0
WBGene00201632.,0,11,11
WBGene00201633.,0,16,16
WBGene00201634.,0,7,7
WBGene00201636.,0,0,0
WBGene00201637.,0,0,0
WBGene00201638.,0,1,1
WBGene00201639.,0,0,0
WBGene00201640.,0,0,0
WBGene00201641.,0,0,0
WBGene00201642.,0,9,9
WBGene00201643.,0,1,1
WBGene00201644.,0,6,6
WBGene00201645.,0,3,3
WBGene00201646.,0,16,16
WBGene00201647.,0,0,0
WBGene00201648.,0,1,1
WBGene00201649.,0,4,4
WBGene00201650.,0,32,32
WBGene00201651.,0,12,12
WBGene00201652.,0,3,3
WBGene00201653.,0,1,1
WBGene00201654.,0,24,24
WBGene00201655.,0,1,1
WBGene00201656.,0,0,0
WBGene00201657.,0,0,0
WBGene00201658.,0,0,0
WBGene00201659.,0,0,0
WBGene00201660.,0,5,5
WBGene00201661.,0,0,0
WBGene00201662.,0,0,0
WBGene00201663.,0,0,0
WBGene00201664.,0,3,3
WBGene00201665.,0,0,0
WBGene00201666.,0,8,8
WBGene00201667.,0,4,4
WBGene00201668.,0,0,0
WBGene00201669.,0,53,53
WBGene00201670.,0,10,10
WBGene00201671.,0,0,0
WBGene00201672.,0,0,0
WBGene00201673.,0,5,5
WBGene00201674.,0,1,1
WBGene00201675.,0,1,1
WBGene00201676.,0,6,6
WBGene00201677.,0,1,1
WBGene00201678.,0,4,4
WBGene00201679.,0,0,0
WBGene00201680.,0,0,0
WBGene00201681.,0,0,0
WBGene00201682.,0,0,0
WBGene00201683.,0,0,0
WBGene00201684.,0,1,1
WBGene00201685.,0,1,1
WBGene00201686.,0,0,0
WBGene00201687.,0,2,2
WBGene00201688.,0,1,1
WBGene00201689.,0,3,3
WBGene00201690.,0,2,2
WBGene00201691.,0,0,0
WBGene00201692.,0,3,3
WBGene00201693.,0,0,0
WBGene00201694.,0,4,4
WBGene00201695.,0,0,0
WBGene00201696.,0,0,0
WBGene00201697.,0,0,0
WBGene00201698.,0,5,5
WBGene00201699.,0,1,1
WBGene00201700.,0,0,0
WBGene00201701.,0,1,1
WBGene00201702.,0,6,6
WBGene00201703.,0,2,2
WBGene00201704.,0,0,0
WBGene00201705.,0,4,4
WBGene00201706.,0,2,2
WBGene00201707.,0,0,0
WBGene00201708.,0,0,0
WBGene00201709.,0,0,0
WBGene00201710.,0,0,0
WBGene00201711.,0,2,2
WBGene00201712.,0,0,0
WBGene00201713.,0,0,0
WBGene00201714.,0,3,3
WBGene00201715.,0,2,2
WBGene00201716.,0,0,0
WBGene00201717.,0,0,0
WBGene00201718.,0,2,2
WBGene00201719.,0,0,0
WBGene00201720.,0,0,0
WBGene00201721.,0,9,9
WBGene00201722.,0,1,1
WBGene00201723.,0,0,0
WBGene00201724.,0,0,0
WBGene00201725.,0,1,1
WBGene00201726.,0,0,0
WBGene00201727.,0,1,1
WBGene00201728.,0,0,0
WBGene00201729.,0,9,9
WBGene00201730.,0,12,12
WBGene00201731.,0,0,0
WBGene00201732.,0,0,0
WBGene00201733.,0,1,1
WBGene00201734.,0,1,1
WBGene00201735.,0,0,0
WBGene00201736.,0,0,0
WBGene00201737.,0,0,0
WBGene00201738.,0,3,3
WBGene00201739.,0,12,12
WBGene00201740.,0,2,2
WBGene00201741.,0,4,4
WBGene00201742.,0,0,0
WBGene00201743.,0,0,0
WBGene00201744.,0,1,1
WBGene00201745.,0,46,46
WBGene00201746.,0,0,0
WBGene00201747.,0,3,3
WBGene00201748.,0,0,0
WBGene00201749.,0,3,3
WBGene00201750.,0,0,0
WBGene00201751.,0,2,2
WBGene00201752.,0,4,4
WBGene00201753.,0,4,4
WBGene00201754.,0,2,2
WBGene00201755.,0,14,14
WBGene00201756.,0,0,0
WBGene00201757.,0,0,0
WBGene00201758.,0,1,1
WBGene00201759.,0,0,0
WBGene00201760.,0,0,0
WBGene00201761.,0,5,5
WBGene00201762.,0,3,3
WBGene00201763.,0,0,0
WBGene00201764.,0,0,0
WBGene00201765.,0,0,0
WBGene00201766.,0,0,0
WBGene00201767.,0,0,0
WBGene00201768.,0,1,1
WBGene00201769.,0,3,3
WBGene00201770.,0,19,19
WBGene00201771.,0,6,6
WBGene00201772.,0,0,0
WBGene00201773.,0,2,2
WBGene00201774.,0,0,0
WBGene00201775.,0,0,0
WBGene00201776.,0,0,0
WBGene00201777.,0,0,0
WBGene00201778.,0,6,6
WBGene00201779.,0,1,1
WBGene00201780.,0,0,0
WBGene00201781.,0,0,0
WBGene00201782.,0,1,1
WBGene00201783.,0,7,7
WBGene00201784.,0,2,2
WBGene00201785.,0,0,0
WBGene00201786.,0,0,0
WBGene00201787.,0,0,0
WBGene00201788.,0,0,0
WBGene00201789.,0,1,1
WBGene00201790.,0,3,3
WBGene00201791.,0,5,5
WBGene00201792.,0,0,0
WBGene00201793.,0,0,0
WBGene00201794.,0,0,0
WBGene00201795.,0,0,0
WBGene00201796.,0,2,2
WBGene00201797.,0,4,4
WBGene00201798.,0,0,0
WBGene00201799.,0,0,0
WBGene00201800.,0,0,0
WBGene00201801.,0,4,4
WBGene00201802.,0,2,2
WBGene00201803.,0,0,0
WBGene00201804.,0,0,0
WBGene00201805.,0,0,0
WBGene00201806.,0,2,2
WBGene00201807.,0,4,4
WBGene00201808.,0,8,8
WBGene00201809.,0,0,0
WBGene00201810.,0,0,0
WBGene00201811.,0,6,6
WBGene00201812.,0,0,0
WBGene00201813.,0,0,0
WBGene00201814.,0,0,0
WBGene00201815.,0,0,0
WBGene00201816.,0,0,0
WBGene00201817.,0,0,0
WBGene00201818.,0,0,0
WBGene00201819.,0,0,0
WBGene00201820.,0,0,0
WBGene00201821.,0,5,5
WBGene00201822.,0,0,0
WBGene00201823.,0,0,0
WBGene00201824.,0,0,0
WBGene00201825.,0,48,48
WBGene00201826.,0,0,0
WBGene00201827.,0,2,2
WBGene00201828.,0,3,3
WBGene00201829.,0,0,0
WBGene00201830.,0,0,0
WBGene00201831.,0,4,4
WBGene00201832.,0,0,0
WBGene00201833.,0,0,0
WBGene00201834.,0,0,0
WBGene00201835.,0,0,0
WBGene00201836.,0,4,4
WBGene00201837.,0,2,2
WBGene00201838.,0,7,7
WBGene00201839.,0,0,0
WBGene00201840.,0,2,2
WBGene00201841.,0,0,0
WBGene00201842.,0,4,4
WBGene00201843.,0,3,3
WBGene00201844.,0,1,1
WBGene00201845.,0,1,1
WBGene00201846.,0,12,12
WBGene00201847.,0,0,0
WBGene00201848.,0,0,0
WBGene00201849.,0,1,1
WBGene00201850.,0,0,0
WBGene00201851.,0,0,0
WBGene00201852.,0,0,0
WBGene00201853.,0,5,5
WBGene00201854.,0,0,0
WBGene00201855.,0,31,31
WBGene00201856.,0,0,0
WBGene00201857.,0,0,0
WBGene00201858.,0,0,0
WBGene00201859.,0,0,0
WBGene00201860.,0,0,0
WBGene00201861.,0,0,0
WBGene00201862.,0,0,0
WBGene00201863.,0,0,0
WBGene00201864.,0,0,0
WBGene00201865.,0,2,2
WBGene00201866.,0,2,2
WBGene00201867.,0,1,1
WBGene00201868.,0,1,1
WBGene00201869.,0,8,8
WBGene00201870.,0,0,0
WBGene00201871.,0,119,119
WBGene00201872.,0,0,0
WBGene00201873.,0,0,0
WBGene00201874.,0,0,0
WBGene00201875.,0,0,0
WBGene00201876.,0,1,1
WBGene00201877.,0,0,0
WBGene00201878.,0,0,0
WBGene00201879.,0,6,6
WBGene00201880.,0,0,0
WBGene00201881.,0,4,4
WBGene00201882.,0,0,0
WBGene00201883.,0,0,0
WBGene00201884.,0,2,2
WBGene00201885.,0,1,1
WBGene00201886.,0,0,0
WBGene00201887.,0,0,0
WBGene00201888.,0,0,0
WBGene00201889.,0,14,14
WBGene00201890.,0,0,0
WBGene00201891.,0,1,1
WBGene00201892.,0,0,0
WBGene00201893.,0,3,3
WBGene00201894.,0,8,8
WBGene00201895.,0,1,1
WBGene00201896.,0,0,0
WBGene00201897.,0,1,1
WBGene00201898.,0,0,0
WBGene00201899.,0,0,0
WBGene00201900.,0,7,7
WBGene00201901.,0,2,2
WBGene00201902.,0,0,0
WBGene00201903.,0,0,0
WBGene00201904.,0,0,0
WBGene00201905.,0,0,0
WBGene00201906.,0,1,1
WBGene00201907.,0,6,6
WBGene00201908.,0,5,5
WBGene00201909.,0,9,9
WBGene00201910.,0,1,1
WBGene00201911.,0,0,0
WBGene00201912.,0,2,2
WBGene00201913.,0,0,0
WBGene00201914.,0,0,0
WBGene00201915.,0,6,6
WBGene00201916.,0,12,12
WBGene00201917.,0,13,13
WBGene00201918.,0,0,0
WBGene00201919.,0,5,5
WBGene00201920.,0,1,1
WBGene00201921.,0,2,2
WBGene00201922.,0,1,1
WBGene00201923.,0,0,0
WBGene00201924.,0,0,0
WBGene00201925.,0,0,0
WBGene00201926.,0,0,0
WBGene00201927.,0,0,0
WBGene00201928.,0,3,3
WBGene00201929.,0,1,1
WBGene00201930.,0,3,3
WBGene00201931.,0,0,0
WBGene00201932.,0,1,1
WBGene00201933.,0,15,15
WBGene00201934.,0,1,1
WBGene00201935.,0,0,0
WBGene00201936.,0,0,0
WBGene00201937.,0,0,0
WBGene00201938.,0,2,2
WBGene00201939.,0,2,2
WBGene00201940.,0,0,0
WBGene00201941.,0,0,0
WBGene00201942.,0,13,13
WBGene00201943.,0,0,0
WBGene00201944.,0,8,8
WBGene00201945.,0,1,1
WBGene00201946.,0,0,0
WBGene00201947.,0,0,0
WBGene00201948.,0,0,0
WBGene00201949.,0,9,9
WBGene00201950.,0,0,0
WBGene00201951.,0,0,0
WBGene00201952.,0,5,5
WBGene00201953.,0,32,32
WBGene00201954.,0,1,1
WBGene00201955.,0,0,0
WBGene00201956.,0,1,1
WBGene00201957.,0,0,0
WBGene00201958.,0,1,1
WBGene00201959.,0,1,1
WBGene00201960.,0,0,0
WBGene00201961.,0,2,2
WBGene00201962.,0,2,2
WBGene00201963.,0,0,0
WBGene00201964.,0,136,136
WBGene00201965.,0,4,4
WBGene00201966.,0,14,14
WBGene00201967.,0,2,2
WBGene00201968.,0,0,0
WBGene00201969.,0,3,3
WBGene00201970.,0,0,0
WBGene00201971.,0,0,0
WBGene00201972.,0,0,0
WBGene00201973.,0,0,0
WBGene00201974.,0,0,0
WBGene00201975.,0,0,0
WBGene00201976.,0,0,0
WBGene00201977.,0,0,0
WBGene00201978.,0,0,0
WBGene00201979.,0,0,0
WBGene00201980.,0,0,0
WBGene00201981.,0,0,0
WBGene00201982.,0,13,13
WBGene00201983.,0,1,1
WBGene00201984.,0,0,0
WBGene00201985.,0,0,0
WBGene00201986.,0,5,5
WBGene00201987.,0,4,4
WBGene00201988.,0,2,2
WBGene00201989.,0,7,7
WBGene00201990.,0,0,0
WBGene00201991.,0,3,3
WBGene00201992.,0,3,3
WBGene00201993.,0,1,1
WBGene00201994.,0,2,2
WBGene00201995.,0,0,0
WBGene00201996.,0,0,0
WBGene00201997.,0,2,2
WBGene00201998.,0,44,44
WBGene00201999.,0,0,0
WBGene00202000.,0,0,0
WBGene00202001.,0,15,15
WBGene00202002.,0,1,1
WBGene00202003.,0,0,0
WBGene00202004.,0,0,0
WBGene00202005.,0,0,0
WBGene00202006.,0,0,0
WBGene00202007.,0,0,0
WBGene00202008.,0,16,16
WBGene00202009.,0,0,0
WBGene00202010.,0,5,5
WBGene00202011.,0,3,3
WBGene00202012.,0,7,7
WBGene00202013.,0,0,0
WBGene00202014.,0,0,0
WBGene00202015.,0,0,0
WBGene00202016.,0,38,38
WBGene00202017.,0,0,0
WBGene00202018.,0,0,0
WBGene00202019.,0,0,0
WBGene00202020.,0,1,1
WBGene00202021.,0,7,7
WBGene00202022.,0,0,0
WBGene00202023.,0,3,3
WBGene00202024.,0,0,0
WBGene00202025.,0,0,0
WBGene00202026.,0,11,11
WBGene00202027.,0,0,0
WBGene00202028.,0,17,17
WBGene00202029.,0,25,25
WBGene00202030.,0,5,5
WBGene00202031.,0,0,0
WBGene00202032.,0,2,2
WBGene00202033.,0,5,5
WBGene00202034.,0,3,3
WBGene00202035.,0,0,0
WBGene00202036.,0,8,8
WBGene00202037.,0,0,0
WBGene00202038.,0,1,1
WBGene00202039.,0,2,2
WBGene00202040.,0,0,0
WBGene00202041.,0,0,0
WBGene00202042.,0,1,1
WBGene00202043.,0,0,0
WBGene00202044.,0,3,3
WBGene00202045.,0,0,0
WBGene00202046.,0,0,0
WBGene00202047.,0,1,1
WBGene00202048.,0,1,1
WBGene00202049.,0,0,0
WBGene00202050.,0,0,0
WBGene00202051.,0,5,5
WBGene00202052.,0,1,1
WBGene00202053.,0,1,1
WBGene00202054.,0,0,0
WBGene00202055.,0,0,0
WBGene00202056.,0,0,0
WBGene00202057.,0,0,0
WBGene00202058.,0,1,1
WBGene00202059.,0,1,1
WBGene00202060.,0,7,7
WBGene00202061.,0,1,1
WBGene00202062.,0,3,3
WBGene00202063.,0,0,0
WBGene00202064.,0,2,2
WBGene00202065.,0,0,0
WBGene00202066.,0,3,3
WBGene00202067.,0,0,0
WBGene00202068.,0,0,0
WBGene00202069.,0,0,0
WBGene00202070.,0,1,1
WBGene00202071.,0,0,0
WBGene00202072.,0,1,1
WBGene00202073.,0,0,0
WBGene00202074.,0,7,7
WBGene00202075.,0,0,0
WBGene00202076.,0,0,0
WBGene00202077.,0,1,1
WBGene00202078.,0,2,2
WBGene00202079.,0,6,6
WBGene00202080.,0,0,0
WBGene00202081.,0,1,1
WBGene00202082.,0,4,4
WBGene00202083.,0,0,0
WBGene00202084.,0,5,5
WBGene00202085.,0,4,4
WBGene00202086.,0,4,4
WBGene00202087.,0,2,2
WBGene00202088.,0,1,1
WBGene00202089.,0,0,0
WBGene00202090.,0,1,1
WBGene00202091.,0,11,11
WBGene00202092.,0,0,0
WBGene00202093.,0,0,0
WBGene00202094.,0,5,5
WBGene00202095.,0,0,0
WBGene00202096.,0,4,4
WBGene00202097.,0,5,5
WBGene00202098.,0,2,2
WBGene00202099.,0,1,1
WBGene00202100.,0,1,1
WBGene00202101.,0,1,1
WBGene00202102.,0,0,0
WBGene00202103.,0,0,0
WBGene00202104.,0,2,2
WBGene00202105.,0,9,9
WBGene00202106.,0,0,0
WBGene00202107.,0,5,5
WBGene00202108.,0,0,0
WBGene00202109.,0,0,0
WBGene00202110.,0,0,0
WBGene00202111.,0,0,0
WBGene00202112.,0,0,0
WBGene00202113.,0,2,2
WBGene00202114.,0,1,1
WBGene00202115.,0,2,2
WBGene00202116.,0,0,0
WBGene00202117.,0,0,0
WBGene00202118.,0,1,1
WBGene00202119.,0,2,2
WBGene00202120.,0,0,0
WBGene00202121.,0,0,0
WBGene00202122.,0,2,2
WBGene00202123.,0,0,0
WBGene00202124.,0,0,0
WBGene00202125.,0,0,0
WBGene00202126.,0,2,2
WBGene00202127.,0,1,1
WBGene00202128.,0,0,0
WBGene00202129.,0,0,0
WBGene00202130.,0,0,0
WBGene00202131.,0,1,1
WBGene00202132.,0,0,0
WBGene00202133.,0,19,19
WBGene00202134.,0,0,0
WBGene00202135.,0,0,0
WBGene00202136.,0,73,73
WBGene00202137.,0,2,2
WBGene00202138.,0,1,1
WBGene00202139.,0,0,0
WBGene00202140.,0,12,12
WBGene00202141.,0,0,0
WBGene00202142.,0,0,0
WBGene00202143.,0,9,9
WBGene00202144.,0,1,1
WBGene00202145.,0,9,9
WBGene00202146.,0,0,0
WBGene00202147.,0,1,1
WBGene00202148.,0,0,0
WBGene00202149.,0,0,0
WBGene00202150.,0,8,8
WBGene00202151.,0,2,2
WBGene00202152.,0,1,1
WBGene00202153.,0,0,0
WBGene00202154.,0,0,0
WBGene00202155.,0,0,0
WBGene00202156.,0,1,1
WBGene00202157.,0,3,3
WBGene00202158.,0,0,0
WBGene00202159.,0,0,0
WBGene00202160.,0,0,0
WBGene00202161.,0,1,1
WBGene00202162.,0,0,0
WBGene00202163.,0,0,0
WBGene00202164.,0,0,0
WBGene00202165.,0,0,0
WBGene00202166.,0,13,13
WBGene00202167.,0,6,6
WBGene00202168.,0,0,0
WBGene00202169.,0,1,1
WBGene00202170.,0,1,1
WBGene00202171.,0,0,0
WBGene00202172.,0,0,0
WBGene00202173.,0,0,0
WBGene00202174.,0,3,3
WBGene00202175.,0,4,4
WBGene00202176.,0,0,0
WBGene00202177.,0,1,1
WBGene00202178.,0,0,0
WBGene00202179.,0,0,0
WBGene00202180.,0,1,1
WBGene00202181.,0,0,0
WBGene00202182.,0,0,0
WBGene00202183.,0,4,4
WBGene00202184.,0,0,0
WBGene00202185.,0,0,0
WBGene00202186.,0,4,4
WBGene00202187.,0,0,0
WBGene00202188.,0,0,0
WBGene00202189.,0,0,0
WBGene00202190.,0,0,0
WBGene00202191.,0,2,2
WBGene00202192.,0,0,0
WBGene00202193.,0,0,0
WBGene00202194.,0,2,2
WBGene00202195.,0,5,5
WBGene00202196.,0,4,4
WBGene00202197.,0,1,1
WBGene00202198.,0,6,6
WBGene00202199.,0,0,0
WBGene00202200.,0,0,0
WBGene00202201.,0,0,0
WBGene00202202.,0,1,1
WBGene00202203.,0,0,0
WBGene00202204.,0,0,0
WBGene00202205.,0,0,0
WBGene00202206.,0,0,0
WBGene00202207.,0,1,1
WBGene00202208.,0,0,0
WBGene00202209.,0,0,0
WBGene00202210.,0,0,0
WBGene00202211.,0,3,3
WBGene00202212.,0,1,1
WBGene00202213.,0,0,0
WBGene00202214.,0,0,0
WBGene00202215.,0,0,0
WBGene00202216.,0,2,2
WBGene00202217.,0,0,0
WBGene00202218.,0,0,0
WBGene00202219.,0,0,0
WBGene00202220.,0,0,0
WBGene00202221.,0,0,0
WBGene00202222.,0,2,2
WBGene00202223.,0,1,1
WBGene00202224.,0,1,1
WBGene00202225.,0,3,3
WBGene00202226.,0,1,1
WBGene00202227.,0,0,0
WBGene00202228.,0,0,0
WBGene00202229.,0,0,0
WBGene00202230.,0,0,0
WBGene00202231.,0,2,2
WBGene00202232.,0,3,3
WBGene00202233.,0,0,0
WBGene00202234.,0,5,5
WBGene00202235.,0,6,6
WBGene00202236.,0,0,0
WBGene00202237.,0,3,3
WBGene00202238.,0,0,0
WBGene00202239.,0,0,0
WBGene00202240.,0,0,0
WBGene00202241.,0,0,0
WBGene00202242.,0,1,1
WBGene00202243.,0,1,1
WBGene00202244.,0,1,1
WBGene00202245.,0,1,1
WBGene00202246.,0,0,0
WBGene00202247.,0,0,0
WBGene00202248.,0,0,0
WBGene00202249.,0,0,0
WBGene00202250.,0,0,0
WBGene00202251.,0,1,1
WBGene00202252.,0,0,0
WBGene00202253.,0,0,0
WBGene00202254.,0,0,0
WBGene00202255.,0,1,1
WBGene00202256.,0,3,3
WBGene00202257.,0,2,2
WBGene00202258.,0,1,1
WBGene00202259.,0,0,0
WBGene00202260.,0,1,1
WBGene00202261.,0,1,1
WBGene00202262.,0,3,3
WBGene00202263.,0,6,6
WBGene00202264.,0,0,0
WBGene00202265.,0,8,8
WBGene00202266.,0,0,0
WBGene00202267.,0,7,7
WBGene00202268.,0,5,5
WBGene00202269.,0,0,0
WBGene00202270.,0,0,0
WBGene00202271.,0,0,0
WBGene00202272.,0,3,3
WBGene00202273.,0,3,3
WBGene00202274.,0,0,0
WBGene00202275.,0,0,0
WBGene00202276.,0,0,0
WBGene00202277.,0,0,0
WBGene00202278.,0,0,0
WBGene00202279.,0,0,0
WBGene00202280.,0,0,0
WBGene00202281.,0,0,0
WBGene00202282.,0,0,0
WBGene00202283.,0,0,0
WBGene00202284.,0,0,0
WBGene00202285.,0,0,0
WBGene00202286.,0,2,2
WBGene00202287.,0,3,3
WBGene00202288.,0,0,0
WBGene00202289.,0,8,8
WBGene00202290.,0,0,0
WBGene00202291.,0,1,1
WBGene00202292.,0,1,1
WBGene00202293.,0,1,1
WBGene00202294.,0,3,3
WBGene00202295.,0,1,1
WBGene00202296.,0,0,0
WBGene00202297.,0,2,2
WBGene00202298.,0,0,0
WBGene00202299.,0,0,0
WBGene00202300.,0,4,4
WBGene00202301.,0,6,6
WBGene00202302.,0,1,1
WBGene00202303.,0,0,0
WBGene00202304.,0,0,0
WBGene00202305.,0,6,6
WBGene00202306.,0,12,12
WBGene00202307.,0,0,0
WBGene00202308.,0,0,0
WBGene00202309.,0,0,0
WBGene00202310.,0,0,0
WBGene00202311.,0,13,13
WBGene00202312.,0,3,3
WBGene00202313.,0,10,10
WBGene00202314.,0,0,0
WBGene00202315.,0,1,1
WBGene00202316.,0,2,2
WBGene00202317.,0,18,18
WBGene00202318.,0,0,0
WBGene00202319.,0,1,1
WBGene00202320.,0,1,1
WBGene00202321.,0,11,11
WBGene00202322.,0,0,0
WBGene00202323.,0,5,5
WBGene00202324.,0,0,0
WBGene00202325.,0,0,0
WBGene00202326.,0,0,0
WBGene00202327.,0,1,1
WBGene00202328.,0,0,0
WBGene00202329.,0,1,1
WBGene00202330.,0,13,13
WBGene00202331.,0,0,0
WBGene00202332.,0,1,1
WBGene00202333.,0,0,0
WBGene00202334.,0,0,0
WBGene00202335.,0,0,0
WBGene00202336.,0,2,2
WBGene00202337.,0,0,0
WBGene00202338.,0,0,0
WBGene00202339.,0,0,0
WBGene00202340.,0,16,16
WBGene00202341.,0,0,0
WBGene00202342.,0,0,0
WBGene00202343.,0,0,0
WBGene00202344.,0,0,0
WBGene00202345.,0,0,0
WBGene00202346.,0,0,0
WBGene00202347.,0,0,0
WBGene00202348.,0,1,1
WBGene00202349.,0,2,2
WBGene00202350.,0,0,0
WBGene00202351.,0,0,0
WBGene00202352.,0,0,0
WBGene00202353.,0,1,1
WBGene00202354.,0,0,0
WBGene00202355.,0,2,2
WBGene00202356.,0,0,0
WBGene00202357.,0,0,0
WBGene00202358.,0,0,0
WBGene00202359.,0,2,2
WBGene00202360.,0,0,0
WBGene00202361.,0,0,0
WBGene00202362.,0,0,0
WBGene00202363.,0,0,0
WBGene00202364.,0,0,0
WBGene00202365.,0,0,0
WBGene00202366.,0,0,0
WBGene00202367.,0,0,0
WBGene00202368.,0,2,2
WBGene00202369.,0,0,0
WBGene00202370.,0,5,5
WBGene00202371.,0,0,0
WBGene00202372.,0,0,0
WBGene00202373.,0,0,0
WBGene00202374.,0,0,0
WBGene00202375.,0,0,0
WBGene00202376.,0,1,1
WBGene00202377.,0,1,1
WBGene00202378.,0,0,0
WBGene00202379.,0,1,1
WBGene00202380.,0,1,1
WBGene00202381.,0,0,0
WBGene00202382.,0,0,0
WBGene00202383.,0,6,6
WBGene00202384.,0,0,0
WBGene00202385.,0,0,0
WBGene00202386.,0,0,0
WBGene00202387.,0,2,2
WBGene00202388.,0,0,0
WBGene00202389.,0,5,5
WBGene00202390.,0,0,0
WBGene00202391.,0,0,0
WBGene00202392.,0,0,0
WBGene00202393.,0,0,0
WBGene00202394.,0,0,0
WBGene00202395.,0,1,1
WBGene00202396.,0,0,0
WBGene00202397.,0,2,2
WBGene00202398.,0,0,0
WBGene00202399.,0,0,0
WBGene00202400.,0,48,48
WBGene00202401.,0,0,0
WBGene00202402.,0,0,0
WBGene00202403.,0,0,0
WBGene00202404.,0,2,2
WBGene00202405.,0,1,1
WBGene00202406.,0,0,0
WBGene00202407.,0,1,1
WBGene00202408.,0,0,0
WBGene00202409.,0,0,0
WBGene00202410.,0,117,117
WBGene00202411.,0,0,0
WBGene00202412.,0,0,0
WBGene00202413.,0,1,1
WBGene00202414.,0,0,0
WBGene00202415.,0,0,0
WBGene00202416.,0,8,8
WBGene00202417.,0,0,0
WBGene00202418.,0,0,0
WBGene00202419.,0,0,0
WBGene00202420.,0,0,0
WBGene00202421.,0,3,3
WBGene00202422.,0,0,0
WBGene00202423.,0,0,0
WBGene00202424.,0,14,14
WBGene00202425.,0,4,4
WBGene00202426.,0,0,0
WBGene00202427.,0,0,0
WBGene00202428.,0,0,0
WBGene00202429.,0,8,8
WBGene00202430.,0,1,1
WBGene00202431.,0,0,0
WBGene00202432.,0,0,0
WBGene00202433.,0,0,0
WBGene00202434.,0,2,2
WBGene00202435.,0,0,0
WBGene00202436.,0,6,6
WBGene00202437.,0,0,0
WBGene00202438.,0,6,6
WBGene00202439.,0,2,2
WBGene00202440.,0,0,0
WBGene00202441.,0,2,2
WBGene00202442.,0,0,0
WBGene00202443.,0,1,1
WBGene00202444.,0,0,0
WBGene00202445.,0,0,0
WBGene00202446.,0,4,4
WBGene00202447.,0,1,1
WBGene00202448.,0,0,0
WBGene00202449.,0,16,16
WBGene00202450.,0,0,0
WBGene00202451.,0,5,5
WBGene00202452.,0,0,0
WBGene00202453.,0,5,5
WBGene00202454.,0,0,0
WBGene00202455.,0,0,0
WBGene00202456.,0,0,0
WBGene00202457.,0,0,0
WBGene00202458.,0,2,2
WBGene00202459.,0,0,0
WBGene00202460.,0,1,1
WBGene00202461.,0,0,0
WBGene00202462.,0,0,0
WBGene00202463.,0,6,6
WBGene00202464.,0,2,2
WBGene00202465.,0,0,0
WBGene00202466.,0,1,1
WBGene00202467.,0,1,1
WBGene00202468.,0,0,0
WBGene00202469.,0,0,0
WBGene00202470.,0,3,3
WBGene00202471.,0,0,0
WBGene00202472.,0,5,5
WBGene00202473.,0,0,0
WBGene00202474.,0,0,0
WBGene00202475.,0,0,0
WBGene00202476.,0,7,7
WBGene00202477.,0,1,1
WBGene00202478.,0,0,0
WBGene00202479.,0,1,1
WBGene00202480.,0,2,2
WBGene00202481.,0,0,0
WBGene00202482.,0,0,0
WBGene00202483.,0,1,1
WBGene00202484.,0,2,2
WBGene00202485.,0,0,0
WBGene00202486.,0,0,0
WBGene00202487.,0,1,1
WBGene00202488.,0,0,0
WBGene00202489.,0,0,0
WBGene00202490.,0,1,1
WBGene00202491.,0,0,0
WBGene00202492.,0,1,1
WBGene00202493.,0,3,3
WBGene00202494.,0,0,0
WBGene00202495.,0,0,0
WBGene00202496.,3,28,31
WBGene00202497.,2,2,4
WBGene00202498.,11,58,69
WBGene00202499.,3,4,7
WBGene00202500.,13,1,14
WBGene00202501.,2,3,5
WBGene00202502.,2,9,11
WBGene00202504.,0,0,0
WBGene00202511.,4,8,12
WBGene00202512.,25,81,106
WBGene00202513.,7,117,124
WBGene00202514.,2,7,9
WBGene00206354.,13,95,108
WBGene00206355.,0,13,13
WBGene00206356.,33,463,496
WBGene00206357.,4,4,8
WBGene00206358.,0,0,0
WBGene00206359.,9,9,18
WBGene00206360.,5,4,9
WBGene00206361.,5,110,115
WBGene00206362.,77,314,391
WBGene00206363.,0,0,0
WBGene00206364.,2,5,7
WBGene00206365.,0,8,8
WBGene00206366.,3,23,26
WBGene00206368.,0,0,0
WBGene00206369.,0,0,0
WBGene00206370.,1,19,20
WBGene00206371.,3,122,125
WBGene00206372.,1,1,2
WBGene00206373.,42,178,220
WBGene00206374.,62,79,141
WBGene00206375.,0,2,2
WBGene00206377.,2,26,28
WBGene00206378.,15,11,26
WBGene00206379.,0,1,1
WBGene00206380.,65,972,1037
WBGene00206381.,6,43,49
WBGene00206382.,38,444,482
WBGene00206383.,0,1,1
WBGene00206384.,19,12,31
WBGene00206385.,0,0,0
WBGene00206386.,1,22,23
WBGene00206388.,1,2,3
WBGene00206389.,1,1,2
WBGene00206390.,2,2,4
WBGene00206391.,0,0,0
WBGene00206392.,18,30,48
WBGene00206393.,3,5,8
WBGene00206394.,0,0,0
WBGene00206395.,0,0,0
WBGene00206411.,0,8,8
WBGene00206412.,2,8,10
WBGene00206413.,2,5,7
WBGene00206414.,9,21,30
WBGene00206415.,4,5,9
WBGene00206416.,5,22,27
WBGene00206417.,27,306,333
WBGene00206418.,1,63,64
WBGene00206420.,1,66,67
WBGene00206421.,0,0,0
WBGene00206422.,0,0,0
WBGene00206423.,0,1327,1327
WBGene00206459.,37,293,330
WBGene00206460.,7,15,22
WBGene00206461.,15,81,96
WBGene00206462.,0,5,5
WBGene00206464.,0,1127,1127
WBGene00206466.,1,88,89
WBGene00206468.,0,0,0
WBGene00206469.,18,38,56
WBGene00206470.,0,2,2
WBGene00206471.,9,5,14
WBGene00206473.,1,9,10
WBGene00206474.,24,47,71
WBGene00206475.,1,5,6
WBGene00206477.,3,3,6
WBGene00206478.,7,10,17
WBGene00206479.,7,1,8
WBGene00206481.,4,1,5
WBGene00206482.,3,22,25
WBGene00206483.,1,4,5
WBGene00206484.,10,45,55
WBGene00206485.,2,3,5
WBGene00206486.,7,5,12
WBGene00206487.,18,483,501
WBGene00206488.,71,72,143
WBGene00206489.,11,11,22
WBGene00206490.,0,0,0
WBGene00206491.,10,35,45
WBGene00206492.,0,0,0
WBGene00206493.,0,4,4
WBGene00206494.,1,1,2
WBGene00206495.,2,1,3
WBGene00206496.,1,1,2
WBGene00206497.,0,1,1
WBGene00206498.,2,0,2
WBGene00206499.,1,1,2
WBGene00206500.,0,0,0
WBGene00206501.,1,0,1
WBGene00206502.,1,16,17
WBGene00206503.,0,1,1
WBGene00206504.,0,0,0
WBGene00206505.,6,164,170
WBGene00206506.,1,1,2
WBGene00206507.,0,1,1
WBGene00206508.,1,1,2
WBGene00206509.,0,0,0
WBGene00206510.,3,1,4
WBGene00206511.,4,0,4
WBGene00206512.,3,11,14
WBGene00206513.,1,2,3
WBGene00206514.,3,4,7
WBGene00206515.,3,3,6
WBGene00206516.,219,0,219
WBGene00206517.,6,47,53
WBGene00206518.,1,0,1
WBGene00206519.,0,5,5
WBGene00206520.,0,8,8
WBGene00206521.,0,0,0
WBGene00206522.,83,3941,4024
WBGene00206523.,0,1,1
WBGene00206524.,0,5,5
WBGene00206525.,106,1183,1289
WBGene00206526.,8,6,14
WBGene00206527.,9,24,33
WBGene00206528.,0,37,37
WBGene00206529.,44,184,228
WBGene00206530.,37,32,69
WBGene00206531.,0,0,0
WBGene00206532.,337,258,595
WBGene00206533.,142,77,219
WBGene00206534.,0,0,0
WBGene00206535.,3,2,5
WBGene00206536.,6,2,8
WBGene00206537.,4,4,8
WBGene00206538.,17,261,278
WBGene00215616.,27,101,128
WBGene00219205.,7,7,14
WBGene00219206.,4,126,130
WBGene00219207.,0,793,793
WBGene00219208.,16,383,399
WBGene00219209.,19,23,42
WBGene00219210.,1,30,31
WBGene00219212.,0,0,0
WBGene00219214.,1,0,1
WBGene00219215.,0,0,0
WBGene00219216.,11,11,22
WBGene00219217.,0,1,1
WBGene00219218.,1,21,22
WBGene00219219.,0,0,0
WBGene00219220.,0,22,22
WBGene00219221.,0,9,9
WBGene00219222.,0,0,0
WBGene00219223.,0,0,0
WBGene00219224.,0,0,0
WBGene00219225.,0,0,0
WBGene00219226.,0,0,0
WBGene00219227.,0,3,3
WBGene00219228.,0,0,0
WBGene00219229.,0,7,7
WBGene00219230.,0,0,0
WBGene00219231.,0,0,0
WBGene00219232.,0,1,1
WBGene00219233.,0,0,0
WBGene00219234.,2,1,3
WBGene00219235.,0,41,41
WBGene00219236.,16,462,478
WBGene00219238.,0,2,2
WBGene00219239.,1,0,1
WBGene00219241.,4,7,11
WBGene00219242.,0,2,2
WBGene00219243.,36,31,67
WBGene00219244.,0,1,1
WBGene00219245.,0,0,0
WBGene00219246.,0,0,0
WBGene00219247.,0,0,0
WBGene00219248.,0,0,0
WBGene00219249.,0,0,0
WBGene00219250.,0,0,0
WBGene00219251.,0,0,0
WBGene00219252.,0,0,0
WBGene00219253.,0,0,0
WBGene00219254.,0,0,0
WBGene00219255.,0,0,0
WBGene00219256.,0,0,0
WBGene00219257.,0,0,0
WBGene00219258.,0,0,0
WBGene00219259.,0,0,0
WBGene00219260.,0,0,0
WBGene00219261.,0,0,0
WBGene00219262.,0,0,0
WBGene00219263.,0,0,0
WBGene00219264.,0,0,0
WBGene00219265.,0,6,6
WBGene00219266.,0,3,3
WBGene00219267.,0,26,26
WBGene00219269.,0,2,2
WBGene00219270.,0,1,1
WBGene00219271.,0,4,4
WBGene00219272.,7,3,10
WBGene00219274.,34,78,112
WBGene00219275.,188,1580,1768
WBGene00219278.,0,7,7
WBGene00219279.,1,3,4
WBGene00219280.,4,56,60
WBGene00219281.,33,22,55
WBGene00219282.,1,5,6
WBGene00219283.,136,43,179
WBGene00219284.,2,1,3
WBGene00219285.,7,20,27
WBGene00219286.,1,32,33
WBGene00219287.,62,1011,1073
WBGene00219288.,39,126,165
WBGene00219289.,292,245,537
WBGene00219290.,0,1,1
WBGene00219291.,0,1,1
WBGene00219292.,6,58,64
WBGene00219293.,2,2,4
WBGene00219294.,4,23,27
WBGene00219295.,17,6,23
WBGene00219296.,1,3,4
WBGene00219297.,0,5,5
WBGene00219298.,5,13,18
WBGene00219299.,4,3,7
WBGene00219300.,16,53,69
WBGene00219301.,0,0,0
WBGene00219302.,0,20,20
WBGene00219303.,26,101,127
WBGene00219304.,73,2259,2332
WBGene00219306.,12,223,235
WBGene00219307.,194,2076,2270
WBGene00219308.,0,1,1
WBGene00219309.,1,46,47
WBGene00219310.,0,1,1
WBGene00219311.,0,0,0
WBGene00219312.,0,1,1
WBGene00219313.,29,1049,1078
WBGene00219314.,0,0,0
WBGene00219315.,1,4,5
WBGene00219316.,12,25,37
WBGene00219317.,3,7,10
WBGene00219318.,2,0,2
WBGene00219319.,11,8,19
WBGene00219321.,3,6,9
WBGene00219322.,1,1,2
WBGene00219323.,0,0,0
WBGene00219324.,0,0,0
WBGene00219325.,14,20,34
WBGene00219326.,0,2,2
WBGene00219327.,0,3,3
WBGene00219329.,110,90,200
WBGene00219330.,1,0,1
WBGene00219331.,1,3,4
WBGene00219332.,29,0,29
WBGene00219337.,61,43,104
WBGene00219342.,0,0,0
WBGene00219343.,0,147,147
WBGene00219351.,3,3,6
WBGene00219352.,0,9,9
WBGene00219362.,84,228,312
WBGene00219368.,0,0,0
WBGene00219369.,0,4,4
WBGene00219370.,0,0,0
WBGene00219371.,5,26,31
WBGene00219373.,19,944,963
WBGene00219374.,23,4,27
WBGene00219375.,33,185,218
WBGene00219376.,2,21,23
WBGene00219377.,2,10,12
WBGene00219378.,0,2,2
WBGene00219381.,0,1,1
WBGene00219383.,2,2,4
WBGene00219394.,0,0,0
WBGene00219395.,1,1,2
WBGene00219399.,13,11,24
WBGene00219410.,27,8,35
WBGene00219411.,3,6,9
WBGene00219412.,0,2,2
WBGene00219413.,1,34,35
WBGene00219414.,1,4,5
WBGene00219415.,9,37,46
WBGene00219416.,0,1,1
WBGene00219417.,4,15,19
WBGene00219418.,0,0,0
WBGene00219420.,0,49,49
WBGene00219421.,0,18,18
WBGene00219422.,6,11,17
WBGene00219423.,8,14,22
WBGene00219424.,7,10,17
WBGene00219425.,104,121,225
WBGene00219434.,2,0,2
WBGene00219436.,12,48,60
WBGene00219437.,1,2,3
WBGene00219442.,0,4,4
WBGene00219443.,0,0,0
WBGene00219444.,71,19,90
WBGene00219445.,0,0,0
WBGene00219446.,0,1,1
WBGene00219447.,0,0,0
WBGene00219448.,6,17,23
WBGene00219449.,10,10,20
WBGene00219450.,2,60,62
WBGene00219451.,2,102,104
WBGene00219452.,2,6,8
WBGene00219453.,0,1,1
WBGene00219454.,0,0,0
WBGene00219455.,0,1,1
WBGene00219456.,0,2,2
WBGene00219458.,1,1,2
WBGene00219460.,18,5,23
WBGene00219476.,5,16,21
WBGene00219477.,0,0,0
WBGene00219478.,0,0,0
WBGene00219483.,2,0,2
WBGene00219489.,0,0,0
WBGene00219490.,1,9,10
WBGene00219491.,0,1,1
WBGene00219492.,2,2,4
WBGene00219493.,0,7,7
WBGene00219497.,0,2,2
WBGene00219498.,4,17,21
WBGene00219544.,0,0,0
WBGene00219545.,0,5,5
WBGene00219546.,1,2,3
WBGene00219547.,0,3,3
WBGene00219548.,0,35,35
WBGene00219549.,0,0,0
WBGene00219550.,0,0,0
WBGene00219551.,0,10,10
WBGene00219552.,44,0,44
WBGene00219553.,0,0,0
WBGene00219554.,1,1,2
WBGene00219555.,0,0,0
WBGene00219556.,0,0,0
WBGene00219557.,15,42,57
WBGene00219558.,0,0,0
WBGene00219559.,0,297,297
WBGene00219560.,0,0,0
WBGene00219561.,0,0,0
WBGene00219562.,7,9,16
WBGene00219563.,63,8,71
WBGene00219564.,0,0,0
WBGene00219565.,1,14,15
WBGene00219566.,0,14,14
WBGene00219567.,9,48,57
WBGene00219568.,0,6,6
WBGene00219569.,0,55,55
WBGene00219570.,72,71,143
WBGene00219571.,22,203,225
WBGene00219572.,197,30,227
WBGene00219573.,0,4,4
WBGene00219574.,0,2,2
WBGene00219575.,38,208,246
WBGene00219576.,0,0,0
WBGene00219577.,0,1,1
WBGene00219578.,0,14,14
WBGene00219579.,0,0,0
WBGene00219580.,1,2,3
WBGene00219581.,0,309,309
WBGene00219582.,0,15,15
WBGene00219583.,4,13,17
WBGene00219584.,0,4,4
WBGene00219585.,2,0,2
WBGene00219586.,55,18,73
WBGene00219587.,1,12,13
WBGene00219588.,1,4,5
WBGene00219589.,28,253,281
WBGene00219590.,0,36,36
WBGene00219591.,0,50,50
WBGene00219592.,0,111,111
WBGene00219593.,0,0,0
WBGene00219594.,0,0,0
WBGene00219596.,3,6,9
WBGene00219597.,0,2,2
WBGene00219598.,3,23,26
WBGene00219599.,0,2,2
WBGene00219600.,307,108,415
WBGene00219601.,87,82,169
WBGene00219602.,0,98,98
WBGene00219603.,1,8,9
WBGene00219604.,0,2,2
WBGene00219605.,145,117,262
WBGene00219606.,6,55,61
WBGene00219607.,0,16,16
WBGene00219608.,0,39,39
WBGene00219609.,0,8174,8174
WBGene00219610.,0,11,11
WBGene00219611.,0,0,0
WBGene00219612.,6,34,40
WBGene00219613.,107,1,108
WBGene00219614.,9,4,13
WBGene00219615.,36,74,110
WBGene00219616.,0,0,0
WBGene00219617.,55,262,317
WBGene00219618.,0,73,73
WBGene00219619.,14,67,81
WBGene00219620.,30,39,69
WBGene00219621.,0,0,0
WBGene00219622.,0,0,0
WBGene00219623.,0,0,0
WBGene00219624.,0,1,1
WBGene00219625.,29,22,51
WBGene00219626.,15,8,23
WBGene00219627.,28,24,52
WBGene00219628.,0,1,1
WBGene00219629.,10,16,26
WBGene00219630.,67,6,73
WBGene00219631.,0,0,0
WBGene00219632.,0,1,1
WBGene00219633.,0,25,25
WBGene00219634.,0,0,0
WBGene00219635.,0,0,0
WBGene00219636.,71,240,311
WBGene00219637.,0,8,8
WBGene00219638.,0,9,9
WBGene00219639.,6,37,43
WBGene00219640.,5,5,10
WBGene00219641.,10,77,87
WBGene00219642.,26,11,37
WBGene00219643.,0,0,0
WBGene00219644.,2,4,6
WBGene00219645.,30,25,55
WBGene00219646.,0,1,1
WBGene00219647.,344,684,1028
WBGene00219648.,0,2,2
WBGene00219649.,0,126,126
WBGene00219650.,0,201,201
WBGene00219651.,0,12,12
WBGene00219652.,3,0,3
WBGene00219653.,0,10,10
WBGene00219654.,17,34,51
WBGene00219655.,0,8,8
WBGene00219656.,3,0,3
WBGene00219657.,0,8,8
WBGene00219658.,1,5,6
WBGene00219659.,0,26,26
WBGene00219660.,5,15,20
WBGene00219661.,8,37,45
WBGene00219662.,0,3,3
WBGene00219663.,0,0,0
WBGene00219664.,0,109,109
WBGene00219665.,8,20,28
WBGene00219666.,48,15,63
WBGene00219667.,1,2,3
WBGene00219668.,0,2,2
WBGene00219669.,0,2,2
WBGene00219670.,0,0,0
WBGene00219671.,0,1,1
WBGene00219672.,79,109,188
WBGene00219673.,6,33,39
WBGene00219674.,0,1,1
WBGene00219675.,0,351,351
WBGene00219676.,0,13,13
WBGene00219677.,0,7,7
WBGene00219678.,37,229,266
WBGene00219679.,20,2,22
WBGene00219680.,0,156,156
WBGene00219681.,1,23,24
WBGene00219682.,0,48,48
WBGene00219683.,14,22,36
WBGene00219684.,0,1,1
WBGene00219685.,4,3,7
WBGene00219686.,2,26,28
WBGene00219687.,40,162,202
WBGene00219688.,12,20,32
WBGene00219689.,2,16,18
WBGene00219690.,0,0,0
WBGene00219691.,2,7,9
WBGene00219692.,0,0,0
WBGene00219693.,0,0,0
WBGene00219694.,4,18,22
WBGene00219695.,61,111,172
WBGene00219696.,0,9,9
WBGene00219697.,0,105,105
WBGene00219698.,0,0,0
WBGene00219699.,56,734,790
WBGene00219700.,0,76,76
WBGene00219701.,8,46,54
WBGene00219702.,0,3,3
WBGene00219703.,0,0,0
WBGene00219704.,0,1,1
WBGene00219705.,0,0,0
WBGene00219706.,0,1,1
WBGene00219707.,277,1608,1885
WBGene00219708.,23,326,349
WBGene00219709.,0,0,0
WBGene00219710.,0,23,23
WBGene00219711.,90,163,253
WBGene00219712.,16,11,27
WBGene00219713.,0,23,23
WBGene00219714.,0,1,1
WBGene00219715.,1,30,31
WBGene00219716.,0,7,7
WBGene00219717.,0,0,0
WBGene00219718.,34,110,144
WBGene00219719.,130,95,225
WBGene00219720.,0,531,531
WBGene00219721.,3,71,74
WBGene00219722.,0,77,77
WBGene00219723.,5,7,12
WBGene00219724.,0,2,2
WBGene00219725.,1,4,5
WBGene00219726.,0,1,1
WBGene00219727.,0,18,18
WBGene00219728.,0,21,21
WBGene00219729.,0,27,27
WBGene00219730.,0,14,14
WBGene00219731.,0,2,2
WBGene00219732.,4,0,4
WBGene00219733.,9,0,9
WBGene00219734.,0,171,171
WBGene00219735.,0,2,2
WBGene00219736.,19,70,89
WBGene00219737.,9,1,10
WBGene00219738.,0,29,29
WBGene00219739.,49,69,118
WBGene00219740.,0,4,4
WBGene00219741.,0,2,2
WBGene00219742.,0,15,15
WBGene00219743.,38,159,197
WBGene00219744.,0,1,1
WBGene00219745.,18,20,38
WBGene00219746.,0,263,263
WBGene00219747.,0,0,0
WBGene00219748.,10,69,79
WBGene00219749.,0,58,58
WBGene00219750.,1,0,1
WBGene00219751.,0,9,9
WBGene00219752.,0,11,11
WBGene00219753.,3,74,77
WBGene00219754.,5,5,10
WBGene00219755.,20,359,379
WBGene00219756.,25,189,214
WBGene00219757.,0,0,0
WBGene00219758.,5,811,816
WBGene00219759.,0,0,0
WBGene00219760.,0,0,0
WBGene00219761.,0,0,0
WBGene00219762.,4,6,10
WBGene00219763.,8,39,47
WBGene00219764.,0,2,2
WBGene00219765.,230,38,268
WBGene00219766.,0,12,12
WBGene00219767.,13,0,13
WBGene00219768.,0,5,5
WBGene00219769.,1,9,10
WBGene00219770.,7,4,11
WBGene00219771.,48,513,561
WBGene00219772.,0,4,4
WBGene00219773.,3,2,5
WBGene00219774.,1,3,4
WBGene00219775.,13,10,23
WBGene00219776.,0,0,0
WBGene00219777.,0,0,0
WBGene00219778.,0,0,0
WBGene00219779.,0,0,0
WBGene00219780.,0,0,0
WBGene00219781.,0,6,6
WBGene00219782.,0,0,0
WBGene00219783.,0,0,0
WBGene00219784.,0,0,0
WBGene00219785.,0,0,0
WBGene00219786.,0,1,1
WBGene00219787.,0,0,0
WBGene00219788.,0,4,4
WBGene00219789.,0,0,0
WBGene00219790.,0,0,0
WBGene00219791.,0,1,1
WBGene00219792.,0,2,2
WBGene00219793.,0,4,4
WBGene00219794.,0,0,0
WBGene00219795.,0,0,0
WBGene00219796.,0,13,13
WBGene00219797.,0,0,0
WBGene00219798.,0,16,16
WBGene00219799.,0,4,4
WBGene00219800.,0,222,222
WBGene00219801.,0,61,61
WBGene00219803.,0,37,37
WBGene00219804.,0,0,0
WBGene00219805.,0,2,2
WBGene00219806.,0,0,0
WBGene00219807.,0,0,0
WBGene00219808.,0,0,0
WBGene00219809.,0,2,2
WBGene00219810.,0,7,7
WBGene00219811.,0,1,1
WBGene00219812.,0,0,0
WBGene00219813.,0,0,0
WBGene00219814.,0,0,0
WBGene00219815.,0,2,2
WBGene00219816.,0,532,532
WBGene00219817.,0,0,0
WBGene00219818.,0,5,5
WBGene00219819.,0,0,0
WBGene00219820.,0,0,0
WBGene00219821.,0,30,30
WBGene00219822.,0,36,36
WBGene00219823.,0,22,22
WBGene00219824.,0,33,33
WBGene00219825.,0,2,2
WBGene00219826.,0,0,0
WBGene00219827.,0,17,17
WBGene00219828.,0,0,0
WBGene00219829.,0,4,4
WBGene00219830.,0,0,0
WBGene00219831.,0,0,0
WBGene00219832.,0,0,0
WBGene00219833.,0,10,10
WBGene00219834.,0,39,39
WBGene00219835.,0,16,16
WBGene00219836.,0,2,2
WBGene00219837.,0,0,0
WBGene00219838.,54,103,157
WBGene00219839.,0,4,4
WBGene00219840.,0,0,0
WBGene00219841.,0,4,4
WBGene00219842.,0,0,0
WBGene00219843.,0,0,0
WBGene00219844.,0,2,2
WBGene00219845.,0,2,2
WBGene00219846.,0,4,4
WBGene00219847.,0,3,3
WBGene00219848.,0,0,0
WBGene00219849.,0,39311,39311
WBGene00219850.,0,7,7
WBGene00219851.,0,14,14
WBGene00219852.,0,0,0
WBGene00219853.,0,0,0
WBGene00219854.,0,0,0
WBGene00219855.,0,0,0
WBGene00219856.,0,0,0
WBGene00219857.,0,0,0
WBGene00219858.,0,0,0
WBGene00219859.,0,9,9
WBGene00219860.,0,0,0
WBGene00219861.,0,0,0
WBGene00219862.,0,0,0
WBGene00219863.,0,8,8
WBGene00219864.,0,0,0
WBGene00219865.,0,0,0
WBGene00219866.,0,0,0
WBGene00219867.,0,0,0
WBGene00219868.,0,18,18
WBGene00219869.,0,2,2
WBGene00219870.,0,0,0
WBGene00219871.,0,0,0
WBGene00219872.,0,0,0
WBGene00219873.,0,0,0
WBGene00219874.,0,2,2
WBGene00219875.,0,0,0
WBGene00219876.,0,0,0
WBGene00219877.,0,2,2
WBGene00219878.,0,0,0
WBGene00219879.,0,1,1
WBGene00219880.,0,0,0
WBGene00219881.,0,0,0
WBGene00219882.,0,7,7
WBGene00219883.,0,0,0
WBGene00219884.,0,0,0
WBGene00219885.,0,16,16
WBGene00219886.,0,15406,15406
WBGene00219887.,0,0,0
WBGene00219888.,0,12,12
WBGene00219889.,0,0,0
WBGene00219890.,0,0,0
WBGene00219891.,0,0,0
WBGene00219892.,0,0,0
WBGene00219893.,0,0,0
WBGene00219894.,0,0,0
WBGene00219895.,0,37,37
WBGene00219896.,0,0,0
WBGene00219897.,0,0,0
WBGene00219898.,0,3,3
WBGene00219899.,0,27,27
WBGene00219900.,0,0,0
WBGene00219901.,0,0,0
WBGene00219902.,0,0,0
WBGene00219903.,0,0,0
WBGene00219904.,0,0,0
WBGene00219905.,0,1,1
WBGene00219906.,0,3,3
WBGene00219907.,0,0,0
WBGene00219908.,0,0,0
WBGene00219909.,0,18,18
WBGene00219910.,0,2,2
WBGene00219911.,0,17,17
WBGene00219912.,0,45,45
WBGene00219913.,0,2,2
WBGene00219914.,0,0,0
WBGene00219915.,0,0,0
WBGene00219916.,0,0,0
WBGene00219917.,0,0,0
WBGene00219918.,0,0,0
WBGene00219919.,0,0,0
WBGene00219920.,0,0,0
WBGene00219921.,0,1,1
WBGene00219922.,0,0,0
WBGene00219923.,0,2,2
WBGene00219924.,0,0,0
WBGene00219925.,0,0,0
WBGene00219926.,0,25,25
WBGene00219927.,0,0,0
WBGene00219928.,0,0,0
WBGene00219929.,0,0,0
WBGene00219930.,0,4,4
WBGene00219931.,0,0,0
WBGene00219932.,0,0,0
WBGene00219933.,0,2,2
WBGene00219934.,0,0,0
WBGene00219935.,0,16,16
WBGene00219936.,0,0,0
WBGene00219937.,0,3,3
WBGene00219938.,0,1,1
WBGene00219939.,0,0,0
WBGene00219940.,0,0,0
WBGene00219941.,0,0,0
WBGene00219942.,0,1,1
WBGene00219943.,0,5,5
WBGene00219944.,0,0,0
WBGene00219945.,0,0,0
WBGene00219946.,0,0,0
WBGene00219947.,0,0,0
WBGene00219948.,0,0,0
WBGene00219949.,0,10,10
WBGene00219950.,0,888,888
WBGene00219951.,0,0,0
WBGene00219952.,0,6,6
WBGene00219953.,0,10,10
WBGene00219954.,0,0,0
WBGene00219955.,0,0,0
WBGene00219956.,0,0,0
WBGene00219957.,0,23,23
WBGene00219958.,0,17,17
WBGene00219959.,0,313,313
WBGene00219960.,0,0,0
WBGene00219961.,0,0,0
WBGene00219962.,0,0,0
WBGene00219963.,0,1,1
WBGene00219964.,0,0,0
WBGene00219965.,0,0,0
WBGene00219966.,0,0,0
WBGene00219967.,0,0,0
WBGene00219968.,0,10,10
WBGene00219969.,0,0,0
WBGene00219970.,0,9,9
WBGene00219971.,0,0,0
WBGene00219972.,0,14,14
WBGene00219973.,0,0,0
WBGene00219974.,0,0,0
WBGene00219975.,0,0,0
WBGene00219976.,0,13,13
WBGene00219977.,0,7,7
WBGene00219978.,0,0,0
WBGene00219979.,0,4,4
WBGene00219980.,0,0,0
WBGene00219981.,0,0,0
WBGene00219982.,0,1,1
WBGene00219983.,0,0,0
WBGene00219984.,0,0,0
WBGene00219985.,0,0,0
WBGene00219986.,0,0,0
WBGene00219987.,0,43,43
WBGene00219988.,0,0,0
WBGene00219989.,0,0,0
WBGene00219990.,0,0,0
WBGene00219991.,0,0,0
WBGene00219992.,0,0,0
WBGene00219994.,0,0,0
WBGene00219995.,0,8,8
WBGene00219996.,0,1,1
WBGene00219997.,0,0,0
WBGene00219998.,0,0,0
WBGene00219999.,0,0,0
WBGene00220000.,0,95,95
WBGene00220001.,0,0,0
WBGene00220002.,0,3,3
WBGene00220003.,0,0,0
WBGene00220004.,0,0,0
WBGene00220005.,0,3,3
WBGene00220006.,0,0,0
WBGene00220007.,0,0,0
WBGene00220008.,0,0,0
WBGene00220009.,0,2,2
WBGene00220010.,0,0,0
WBGene00220011.,0,8,8
WBGene00220012.,0,16,16
WBGene00220013.,0,1,1
WBGene00220014.,0,0,0
WBGene00220015.,0,0,0
WBGene00220016.,0,0,0
WBGene00220017.,0,29,29
WBGene00220018.,0,0,0
WBGene00220019.,0,0,0
WBGene00220020.,0,0,0
WBGene00220021.,0,0,0
WBGene00220022.,0,0,0
WBGene00220023.,0,0,0
WBGene00220024.,0,1,1
WBGene00220025.,0,0,0
WBGene00220026.,0,0,0
WBGene00220027.,0,0,0
WBGene00220028.,0,0,0
WBGene00220029.,0,7,7
WBGene00220030.,0,7,7
WBGene00220031.,0,0,0
WBGene00220032.,0,220,220
WBGene00220033.,0,12,12
WBGene00220034.,0,0,0
WBGene00220035.,0,0,0
WBGene00220036.,0,0,0
WBGene00220037.,0,8,8
WBGene00220038.,0,0,0
WBGene00220039.,0,2,2
WBGene00220040.,0,0,0
WBGene00220041.,0,11,11
WBGene00220042.,0,4,4
WBGene00220043.,0,5,5
WBGene00220044.,0,33,33
WBGene00220045.,0,12,12
WBGene00220046.,0,0,0
WBGene00220047.,0,12,12
WBGene00220048.,0,0,0
WBGene00220049.,0,0,0
WBGene00220050.,0,0,0
WBGene00220051.,0,2,2
WBGene00220052.,0,8,8
WBGene00220053.,0,6,6
WBGene00220054.,0,2,2
WBGene00220055.,0,16,16
WBGene00220056.,0,0,0
WBGene00220057.,0,0,0
WBGene00220058.,0,1,1
WBGene00220059.,0,1,1
WBGene00220060.,0,0,0
WBGene00220061.,0,25,25
WBGene00220062.,0,0,0
WBGene00220063.,0,0,0
WBGene00220064.,0,9,9
WBGene00220065.,0,0,0
WBGene00220066.,0,2,2
WBGene00220067.,0,0,0
WBGene00220068.,0,11,11
WBGene00220069.,0,1,1
WBGene00220070.,0,0,0
WBGene00220071.,0,0,0
WBGene00220072.,0,143,143
WBGene00220073.,0,3,3
WBGene00220074.,0,0,0
WBGene00220075.,0,0,0
WBGene00220076.,0,0,0
WBGene00220077.,0,0,0
WBGene00220078.,0,5,5
WBGene00220079.,0,0,0
WBGene00220080.,0,1,1
WBGene00220081.,0,0,0
WBGene00220082.,0,6,6
WBGene00220083.,0,0,0
WBGene00220084.,0,3,3
WBGene00220085.,0,0,0
WBGene00220086.,0,0,0
WBGene00220087.,0,0,0
WBGene00220088.,0,6,6
WBGene00220089.,0,629,629
WBGene00220090.,0,0,0
WBGene00220091.,0,12,12
WBGene00220092.,0,16,16
WBGene00220093.,0,0,0
WBGene00220094.,0,0,0
WBGene00220095.,0,1,1
WBGene00220096.,0,3,3
WBGene00220097.,0,8,8
WBGene00220098.,0,0,0
WBGene00220099.,0,0,0
WBGene00220100.,0,0,0
WBGene00220101.,0,5,5
WBGene00220102.,0,0,0
WBGene00220104.,0,0,0
WBGene00220105.,0,0,0
WBGene00220106.,0,195,195
WBGene00220107.,0,0,0
WBGene00220108.,0,11,11
WBGene00220109.,0,0,0
WBGene00220110.,0,0,0
WBGene00220111.,0,113,113
WBGene00220112.,0,0,0
WBGene00220113.,0,0,0
WBGene00220114.,0,0,0
WBGene00220115.,0,0,0
WBGene00220116.,0,0,0
WBGene00220117.,0,114,114
WBGene00220118.,0,0,0
WBGene00220119.,0,2,2
WBGene00220120.,0,1,1
WBGene00220121.,0,0,0
WBGene00220122.,0,5,5
WBGene00220123.,0,0,0
WBGene00220124.,0,0,0
WBGene00220125.,0,3,3
WBGene00220126.,0,0,0
WBGene00220127.,0,0,0
WBGene00220128.,0,0,0
WBGene00220129.,0,0,0
WBGene00220130.,0,1,1
WBGene00220131.,0,0,0
WBGene00220132.,0,0,0
WBGene00220133.,19,26,45
WBGene00220134.,0,18,18
WBGene00220135.,0,0,0
WBGene00220136.,0,0,0
WBGene00220137.,0,0,0
WBGene00220138.,0,0,0
WBGene00220139.,0,0,0
WBGene00220140.,0,0,0
WBGene00220141.,0,446,446
WBGene00220142.,0,2,2
WBGene00220143.,0,0,0
WBGene00220144.,0,0,0
WBGene00220145.,0,0,0
WBGene00220146.,0,10,10
WBGene00220147.,0,7,7
WBGene00220148.,0,0,0
WBGene00220149.,0,0,0
WBGene00220150.,0,0,0
WBGene00220151.,0,0,0
WBGene00220152.,0,0,0
WBGene00220153.,0,0,0
WBGene00220154.,0,6,6
WBGene00220155.,0,0,0
WBGene00220156.,0,1,1
WBGene00220157.,0,2,2
WBGene00220158.,0,0,0
WBGene00220159.,0,107,107
WBGene00220160.,0,104,104
WBGene00220161.,0,0,0
WBGene00220162.,0,0,0
WBGene00220163.,0,0,0
WBGene00220164.,0,2,2
WBGene00220165.,0,186,186
WBGene00220166.,0,0,0
WBGene00220167.,0,0,0
WBGene00220168.,0,1,1
WBGene00220169.,0,0,0
WBGene00220170.,0,2,2
WBGene00220171.,0,0,0
WBGene00220172.,0,0,0
WBGene00220173.,0,0,0
WBGene00220174.,0,0,0
WBGene00220175.,0,15,15
WBGene00220176.,0,4,4
WBGene00220177.,0,0,0
WBGene00220178.,0,0,0
WBGene00220179.,0,0,0
WBGene00220180.,0,0,0
WBGene00220181.,0,0,0
WBGene00220182.,0,0,0
WBGene00220183.,0,26,26
WBGene00220184.,0,0,0
WBGene00220185.,0,0,0
WBGene00220186.,0,5,5
WBGene00220187.,0,1,1
WBGene00220188.,0,0,0
WBGene00220189.,0,0,0
WBGene00220190.,0,0,0
WBGene00220191.,0,0,0
WBGene00220192.,0,0,0
WBGene00220193.,0,0,0
WBGene00220194.,0,2,2
WBGene00220195.,0,0,0
WBGene00220196.,0,0,0
WBGene00220197.,0,0,0
WBGene00220198.,0,17,17
WBGene00220199.,0,0,0
WBGene00220200.,0,0,0
WBGene00220201.,0,1,1
WBGene00220202.,0,0,0
WBGene00220203.,0,0,0
WBGene00220204.,0,6,6
WBGene00220205.,0,0,0
WBGene00220206.,0,4,4
WBGene00220207.,0,0,0
WBGene00220208.,0,0,0
WBGene00220209.,0,1,1
WBGene00220210.,0,0,0
WBGene00220211.,0,0,0
WBGene00220212.,0,1,1
WBGene00220213.,0,0,0
WBGene00220214.,0,13,13
WBGene00220215.,0,0,0
WBGene00220216.,0,0,0
WBGene00220217.,0,0,0
WBGene00220218.,0,0,0
WBGene00220219.,0,9,9
WBGene00220220.,0,12,12
WBGene00220221.,0,7,7
WBGene00220222.,0,15,15
WBGene00220223.,0,14,14
WBGene00220224.,0,0,0
WBGene00220225.,0,0,0
WBGene00220226.,0,0,0
WBGene00220227.,0,0,0
WBGene00220228.,0,6,6
WBGene00220229.,0,0,0
WBGene00220230.,0,0,0
WBGene00220231.,0,0,0
WBGene00220232.,0,12,12
WBGene00220233.,0,19,19
WBGene00220234.,0,8,8
WBGene00220235.,0,20,20
WBGene00220236.,0,159,159
WBGene00220237.,0,7,7
WBGene00220238.,0,51,51
WBGene00220239.,0,1519,1519
WBGene00220240.,0,0,0
WBGene00220241.,0,2,2
WBGene00220242.,0,0,0
WBGene00220243.,0,4,4
WBGene00220244.,0,0,0
WBGene00220245.,0,1,1
WBGene00220246.,0,0,0
WBGene00220247.,0,0,0
WBGene00220248.,0,5,5
WBGene00220249.,1,5,6
WBGene00220250.,16,1,17
WBGene00220251.,25,22,47
WBGene00220252.,61,83,144
WBGene00220253.,0,5,5
WBGene00220254.,0,1,1
WBGene00220255.,0,0,0
WBGene00220256.,9,0,9
WBGene00220257.,0,31,31
WBGene00220258.,0,26,26
WBGene00220259.,2,34,36
WBGene00220260.,110,6,116
WBGene00220261.,0,11,11
WBGene00235003.,2,1,3
WBGene00235080.,0,0,0
WBGene00235081.,0,0,0
WBGene00235084.,0,0,0
WBGene00235085.,0,0,0
WBGene00235086.,0,2,2
WBGene00235087.,0,0,0
WBGene00235088.,0,0,0
WBGene00235089.,0,0,0
WBGene00235090.,1,3,4
WBGene00235091.,0,0,0
WBGene00235092.,0,3,3
WBGene00235093.,0,6,6
WBGene00235094.,0,1,1
WBGene00235095.,2,8,10
WBGene00235102.,19,2767,2786
WBGene00235106.,0,19,19
WBGene00235107.,0,3,3
WBGene00235108.,3,0,3
WBGene00235109.,4,5,9
WBGene00235110.,3,3,6
WBGene00235111.,0,2,2
WBGene00235112.,0,12,12
WBGene00235113.,0,26,26
WBGene00235114.,15,452,467
WBGene00235115.,0,0,0
WBGene00235116.,3,2,5
WBGene00235117.,1,0,1
WBGene00235118.,0,1,1
WBGene00235119.,1,0,1
WBGene00235120.,0,0,0
WBGene00235121.,0,0,0
WBGene00235128.,0,10,10
WBGene00235129.,4,5,9
WBGene00235132.,25,10,35
WBGene00235133.,0,4,4
WBGene00235134.,3,1,4
WBGene00235152.,0,16,16
WBGene00235153.,0,2,2
WBGene00235157.,0,4,4
WBGene00235158.,7,266,273
WBGene00235159.,0,0,0
WBGene00235160.,0,0,0
WBGene00235161.,0,1,1
WBGene00235162.,0,1,1
WBGene00235163.,0,0,0
WBGene00235164.,61,865,926
WBGene00235165.,0,0,0
WBGene00235166.,0,1,1
WBGene00235167.,3,11,14
WBGene00235175.,0,0,0
WBGene00235179.,0,0,0
WBGene00235180.,0,1,1
WBGene00235181.,0,5,5
WBGene00235183.,0,1,1
WBGene00235188.,0,0,0
WBGene00235190.,0,0,0
WBGene00235197.,0,0,0
WBGene00235198.,0,1,1
WBGene00235200.,0,0,0
WBGene00235201.,0,1,1
WBGene00235206.,0,0,0
WBGene00235209.,0,0,0
WBGene00235235.,0,0,0
WBGene00235237.,0,1,1
WBGene00235247.,0,0,0
WBGene00235250.,0,0,0
WBGene00235251.,0,8,8
WBGene00235252.,0,0,0
WBGene00235254.,1,6,7
WBGene00235255.,0,0,0
WBGene00235256.,0,28,28
WBGene00235257.,13,57,70
WBGene00235258.,1,3,4
WBGene00235259.,2,8,10
WBGene00235260.,27,4,31
WBGene00235261.,0,12,12
WBGene00235262.,0,2,2
WBGene00235263.,30,13,43
WBGene00235264.,1,3,4
WBGene00235265.,1,4,5
WBGene00235266.,2,1,3
WBGene00235267.,0,4,4
WBGene00235268.,29,354,383
WBGene00235269.,0,670,670
WBGene00235270.,0,1,1
WBGene00235271.,0,6,6
WBGene00235272.,3,2,5
WBGene00235273.,68,286,354
WBGene00235274.,19,183,202
WBGene00235275.,12,0,12
WBGene00235276.,0,0,0
WBGene00235277.,135,133,268
WBGene00235278.,2,4,6
WBGene00235279.,118,252,370
WBGene00235280.,2,3,5
WBGene00235281.,0,4,4
WBGene00235282.,0,0,0
WBGene00235283.,9,50,59
WBGene00235284.,0,1,1
WBGene00235285.,1,0,1
WBGene00235286.,0,3,3
WBGene00235287.,10,137,147
WBGene00235288.,0,1,1
WBGene00235289.,2,0,2
WBGene00235290.,2,2,4
WBGene00235291.,203,1296,1499
WBGene00235292.,10,11,21
WBGene00235293.,0,0,0
WBGene00235294.,0,2,2
WBGene00235295.,0,10,10
WBGene00235296.,0,17,17
WBGene00235297.,0,1,1
WBGene00235298.,0,2,2
WBGene00235299.,2,0,2
WBGene00235300.,0,10,10
WBGene00235301.,1,8,9
WBGene00235302.,0,0,0
WBGene00235303.,0,34,34
WBGene00235304.,0,4,4
WBGene00235305.,0,1,1
WBGene00235307.,5,2,7
WBGene00235308.,10,49,59
WBGene00235309.,0,0,0
WBGene00235310.,37,159,196
WBGene00235311.,1,0,1
WBGene00235312.,6,83,89
WBGene00235313.,7,40,47
WBGene00235314.,17,14,31
WBGene00235315.,24,344,368
WBGene00235316.,9,67,76
WBGene00235317.,0,0,0
WBGene00235318.,1,2,3
WBGene00235319.,2,5,7
WBGene00235320.,9,36,45
WBGene00235321.,14,0,14
WBGene00235322.,0,0,0
WBGene00235323.,0,1,1
WBGene00235324.,0,0,0
WBGene00235325.,53,465,518
WBGene00235326.,0,0,0
WBGene00235327.,0,0,0
WBGene00235328.,0,8,8
WBGene00235329.,6,7,13
WBGene00235330.,103,386,489
WBGene00235331.,0,29,29
WBGene00235332.,0,3,3
WBGene00235333.,3,7,10
WBGene00235334.,3,2,5
WBGene00235335.,0,8,8
WBGene00235336.,0,0,0
WBGene00235338.,10,8,18
WBGene00235339.,0,0,0
WBGene00235340.,0,0,0
WBGene00235341.,0,4,4
WBGene00235342.,2,0,2
WBGene00235343.,0,0,0
WBGene00235346.,0,204,204
WBGene00235348.,0,3,3
WBGene00235350.,56,21,77
WBGene00235351.,4,3,7
WBGene00235352.,1,19,20
WBGene00235353.,2,3,5
WBGene00235354.,1,0,1
WBGene00235355.,0,1,1
WBGene00235356.,0,0,0
WBGene00235357.,5,2,7
WBGene00235358.,0,1,1
WBGene00235359.,0,0,0
WBGene00235361.,0,0,0
WBGene00235362.,0,0,0
WBGene00235363.,0,0,0
WBGene00235364.,0,0,0
WBGene00235365.,0,1,1
WBGene00235366.,0,1,1
WBGene00235367.,0,2,2
WBGene00235368.,0,0,0
WBGene00235369.,0,1,1
WBGene00235370.,0,1,1
WBGene00235371.,0,3,3
WBGene00235372.,1,2,3
WBGene00235373.,0,1,1
WBGene00235374.,2,4,6
WBGene00235375.,3,12,15
WBGene00235376.,22,5,27
WBGene00235377.,0,0,0
WBGene00235378.,0,0,0
WBGene00235379.,0,2,2
WBGene00235380.,0,53,53
WBGene00235381.,0,0,0
WBGene00235382.,0,0,0
WBGene00235383.,4,3,7
WBGene00235385.,7,67,74
WBGene00235386.,1,1,2
WBGene00235387.,89,460,549
WBGene00235388.,4,5,9
WBGene00235389.,0,1,1
WBGene00235390.,2,2,4
WBGene00235391.,0,3,3
WBGene00236785.,0,266,266
WBGene00236786.,0,36,36
WBGene00236787.,0,7,7
WBGene00236788.,0,0,0
WBGene00236789.,6,49,55
WBGene00236797.,0,16,16
WBGene00236798.,0,16,16
WBGene00236799.,0,3,3
WBGene00236800.,0,15,15
WBGene00236806.,57,0,57
WBGene00236807.,0,1,1
WBGene00236808.,9,1,10
WBGene00236809.,3,10,13
WBGene00249808.,0,95,95
WBGene00249812.,0,0,0
WBGene00249813.,0,1,1
WBGene00249814.,0,0,0
WBGene00249815.,1141,465,1606
WBGene00249816.,0,3,3
WBGene00249817.,38,533,571
WBGene00249825.,0,0,0
WBGene00249826.,0,269,269
WBGene00255375.,0,2,2
WBGene00255420.,12,1,13
WBGene00255426.,0,12,12
WBGene00255435.,11,3,14
WBGene00255441.,0,3,3
WBGene00255457.,94,34,128
WBGene00255469.,6,4,10
WBGene00255522.,0,1,1
WBGene00255543.,0,1,1
WBGene00255545.,0,0,0
WBGene00255546.,1,1,2
WBGene00255549.,0,4,4
WBGene00255550.,0,1,1
WBGene00255553.,1,1,2
WBGene00255560.,0,0,0
WBGene00255561.,0,0,0
WBGene00255562.,0,0,0
WBGene00255563.,0,0,0
WBGene00255564.,0,0,0
WBGene00255565.,0,0,0
WBGene00255566.,0,1,1
WBGene00255567.,0,0,0
WBGene00255568.,0,0,0
WBGene00255569.,0,0,0
WBGene00255570.,0,0,0
WBGene00255571.,0,1,1
WBGene00255572.,0,1,1
WBGene00255573.,0,0,0
WBGene00255574.,0,0,0
WBGene00255575.,0,5,5
WBGene00255576.,0,0,0
WBGene00255577.,0,0,0
WBGene00255578.,0,0,0
WBGene00255579.,0,27,27
WBGene00255580.,0,0,0
WBGene00255581.,0,0,0
WBGene00255582.,0,0,0
WBGene00255583.,0,0,0
WBGene00255584.,0,0,0
WBGene00255586.,0,0,0
WBGene00255587.,0,0,0
WBGene00255588.,0,0,0
WBGene00255594.,4,17,21
WBGene00255595.,0,0,0
WBGene00255596.,0,1,1
WBGene00255597.,3,4,7
WBGene00255598.,21,27,48
WBGene00255600.,5,46,51
WBGene00255605.,2,25,27
WBGene00255606.,6,35,41
WBGene00255607.,0,3,3
WBGene00255611.,0,0,0
WBGene00255702.,8,43,51
WBGene00255703.,1,2,3
WBGene00255704.,0,154,154
WBGene00255709.,0,2,2
WBGene00255714.,1,57,58
WBGene00255728.,1,9,10
WBGene00255729.,5,6,11
WBGene00255730.,1,5,6
WBGene00255731.,6,16,22
WBGene00255732.,0,1,1
WBGene00255733.,4,10,14
WBGene00255736.,1,37,38
WBGene00268189.,2,5,7
WBGene00268190.,13,2,15
WBGene00268191.,2,1,3
WBGene00268192.,3,8,11
WBGene00268193.,3,0,3
WBGene00268194.,6,2,8
WBGene00268196.,64,152,216
WBGene00268197.,0,1,1
WBGene00268198.,0,1,1
WBGene00268199.,0,0,0
WBGene00268202.,4,2,6
WBGene00268203.,1,3,4
WBGene00268204.,0,2,2
WBGene00268205.,0,1,1
WBGene00268206.,3,18,21
WBGene00268207.,0,1,1
WBGene00268208.,233,13,246
WBGene00268209.,0,7,7
WBGene00268210.,7,2,9
WBGene00268211.,0,1,1
WBGene00268212.,12,6,18
WBGene00268213.,0,9,9
WBGene00268214.,9,10,19
WBGene00268215.,1,7,8
WBGene00268216.,3,1,4
WBGene00269331.,0,0,0
WBGene00269332.,0,0,0
WBGene00269333.,0,0,0
WBGene00269336.,0,2,2
WBGene00269337.,0,3,3
WBGene00269338.,0,3,3
WBGene00269346.,0,7,7
WBGene00269352.,0,0,0
WBGene00269355.,2,19,21
WBGene00269373.,0,15,15
WBGene00269376.,0,25,25
WBGene00269378.,55,238,293
WBGene00269379.,2,3,5
WBGene00269381.,2,3,5
WBGene00269382.,23,246,269
WBGene00269383.,66,274,340
WBGene00269384.,1,10,11
WBGene00269385.,0,1,1
WBGene00269386.,0,51,51
WBGene00269387.,10,198,208
WBGene00269388.,0,2,2
WBGene00269389.,0,0,0
WBGene00269390.,2,4,6
WBGene00269391.,0,15,15
WBGene00269392.,2,4,6
WBGene00269393.,0,0,0
WBGene00269394.,0,0,0
WBGene00269419.,0,0,0
WBGene00269420.,0,0,0
WBGene00269421.,549,2391,2940
WBGene00269422.,0,8,8
WBGene00269423.,4,1,5
WBGene00269424.,0,4,4
WBGene00269425.,12,11,23
WBGene00269426.,0,1,1
WBGene00269427.,0,73,73
WBGene00269428.,3,18,21
WBGene00269429.,0,133,133
WBGene00269430.,1,0,1
WBGene00269431.,1,13,14
WBGene00269432.,34,247,281
WBGene00269433.,24,176,200
WBGene00269434.,0,27,27
WBGene00269435.,1,9,10
WBGene00269436.,4,8,12
WBGene00269437.,0,4,4
WBGene00269438.,1,14,15
WBGene00270290.,0,0,0
WBGene00270291.,0,0,0
WBGene00270292.,0,0,0
WBGene00270293.,0,5,5
WBGene00270303.,1,13,14
WBGene00270309.,28,53,81
WBGene00270318.,2,12,14
WBGene00270319.,0,241,241
WBGene00270320.,3,16,19
WBGene00270321.,13,28,41
WBGene00270322.,10,420,430
WBGene00271414.,32,501,533
WBGene00271415.,3,2,5
WBGene00271437.,10,55,65
WBGene00271444.,1,14,15
WBGene00271567.,2,5,7
WBGene00271577.,6,4,10
WBGene00271598.,8,26,34
WBGene00271605.,4,40,44
WBGene00271606.,12,167,179
WBGene00271632.,0,103,103
WBGene00271633.,0,98,98
WBGene00271634.,0,8,8
WBGene00271635.,0,11,11
WBGene00271636.,36,405,441
WBGene00271637.,34,18,52
WBGene00271638.,0,19,19
WBGene00271639.,0,9,9
WBGene00271640.,5,9,14
WBGene00271641.,0,0,0
WBGene00271642.,32,4435,4467
WBGene00271643.,0,2,2
WBGene00271644.,0,17,17
WBGene00271645.,0,2,2
WBGene00271646.,0,19,19
WBGene00271647.,8,49,57
WBGene00271648.,0,4,4
WBGene00271649.,12,20,32
WBGene00271650.,0,32,32
WBGene00271651.,0,24,24
WBGene00271652.,5,1,6
WBGene00271653.,0,0,0
WBGene00271654.,0,6,6
WBGene00271655.,0,29,29
WBGene00271656.,0,4,4
WBGene00271657.,1,1,2
WBGene00271694.,7,176,183
WBGene00271701.,3,20,23
WBGene00271703.,1,0,1
WBGene00271706.,11,211,222
WBGene00271707.,3,16,19
WBGene00271715.,12,5,17
WBGene00271716.,136,408,544
WBGene00271744.,21,66,87
WBGene00271774.,1,10,11
WBGene00271775.,73,2062,2135
WBGene00271776.,11,0,11
WBGene00271777.,94,10,104
WBGene00271778.,0,20,20
WBGene00271779.,0,1,1
WBGene00271780.,0,2,2
WBGene00271781.,0,8,8
WBGene00271786.,11,6,17
WBGene00271788.,0,52,52
WBGene00271789.,0,1,1
WBGene00271790.,0,0,0
WBGene00271791.,0,11,11
WBGene00271792.,0,0,0
WBGene00271795.,0,100,100
WBGene00271796.,34,604,638
WBGene00271797.,1,0,1
WBGene00271798.,24,4,28
WBGene00271799.,0,0,0
WBGene00271800.,0,0,0
WBGene00271801.,3,13,16
WBGene00271802.,6,90,96
WBGene00271803.,0,1,1
WBGene00271804.,0,0,0
WBGene00271805.,0,49,49
WBGene00271806.,0,1,1
WBGene00271807.,2,2,4
WBGene00271808.,108,182,290
WBGene00271809.,9,20,29
WBGene00271810.,0,1,1
WBGene00271811.,6,1,7
WBGene00271813.,0,1,1
WBGene00271815.,1,0,1
WBGene00271816.,2,5,7
WBGene00271817.,0,62,62
WBGene00271818.,60,366,426
WBGene00271819.,0,0,0
WBGene00271820.,18,0,18
WBGene00271821.,11,3,14
WBGene00271822.,0,2,2
WBGene00271823.,0,0,0
WBGene00271824.,3,18,21
WBGene00271827.,43,182,225
WBGene00271830.,308,1874,2182
WBGene00271831.,0,0,0
WBGene00271832.,26,82,108
WBGene00271837.,0,0,0
WBGene00284844.,0,547,547
WBGene00284845.,0,4,4
WBGene00284846.,212,1964,2176
WBGene00284847.,0,18,18
WBGene00284848.,6,13,19
WBGene00284849.,0,9,9
WBGene00284850.,0,1,1
WBGene00284851.,76,62,138
WBGene00284852.,49,585,634
WBGene00284853.,1,3,4
WBGene00284854.,7,29,36
WBGene00284855.,0,5,5
WBGene00284856.,0,198,198
WBGene00284857.,0,35,35
WBGene00284858.,0,0,0
WBGene00284859.,0,277,277
WBGene00284861.,0,62,62
WBGene00284867.,0,61,61
WBGene00302964.,0,30,30
WBGene00302968.,0,380,380
WBGene00302971.,13,123,136
WBGene00302974.,1,571,572
WBGene00302976.,0,9,9
WBGene00302978.,115,489,604
WBGene00302980.,0,127,127
WBGene00302982.,2,101,103
WBGene00302984.,13,19,32
WBGene00302986.,47,6,53
WBGene00302988.,14,9,23
WBGene00302991.,21,97,118
WBGene00302993.,28,0,28
WBGene00302995.,106,299,405
WBGene00302998.,167,442,609
WBGene00303000.,234,1307,1541
WBGene00303002.,0,90,90
WBGene00303005.,0,0,0
WBGene00303007.,0,25,25
WBGene00303009.,30,393,423
WBGene00303011.,27,53,80
WBGene00303013.,12,3,15
WBGene00303015.,17,1719,1736
WBGene00303019.,0,2002,2002
WBGene00303021.,0,352,352
WBGene00303023.,0,0,0
WBGene00303024.,0,0,0
WBGene00303026.,47,504,551
WBGene00303028.,0,0,0
WBGene00303030.,6,27,33
WBGene00303031.,0,4,4
WBGene00303032.,0,0,0
WBGene00303033.,0,0,0
WBGene00303034.,0,0,0
WBGene00303035.,0,0,0
WBGene00303036.,0,0,0
WBGene00303037.,0,0,0
WBGene00303038.,0,0,0
WBGene00303039.,0,0,0
WBGene00303040.,0,0,0
WBGene00303041.,0,0,0
WBGene00303042.,0,0,0
WBGene00303043.,0,0,0
WBGene00303044.,0,0,0
WBGene00303045.,0,3,3
WBGene00303046.,0,10,10
WBGene00303047.,0,0,0
WBGene00303048.,0,0,0
WBGene00303049.,0,0,0
WBGene00303050.,0,0,0
WBGene00303051.,0,0,0
WBGene00303052.,0,0,0
WBGene00303053.,0,4,4
WBGene00303054.,0,0,0
WBGene00303055.,0,0,0
WBGene00303056.,0,0,0
WBGene00303057.,0,0,0
WBGene00303058.,0,0,0
WBGene00303059.,0,0,0
WBGene00303060.,0,0,0
WBGene00303061.,0,0,0
WBGene00303062.,0,0,0
WBGene00303063.,0,0,0
WBGene00303064.,0,0,0
WBGene00303065.,0,0,0
WBGene00303066.,0,0,0
WBGene00303067.,0,0,0
WBGene00303068.,0,0,0
WBGene00303069.,0,0,0
WBGene00303070.,0,0,0
WBGene00303071.,0,0,0
WBGene00303072.,0,0,0
WBGene00303073.,0,0,0
WBGene00303074.,0,0,0
WBGene00303075.,0,367,367
WBGene00303076.,0,0,0
WBGene00303077.,0,0,0
WBGene00303078.,0,0,0
WBGene00303079.,0,0,0
WBGene00303080.,0,0,0
WBGene00303081.,1,19,20
WBGene00303082.,0,0,0
WBGene00303083.,0,0,0
WBGene00303085.,0,0,0
WBGene00303086.,0,0,0
WBGene00303087.,0,0,0
WBGene00303088.,0,0,0
WBGene00303089.,0,2,2
WBGene00303090.,0,0,0
WBGene00303091.,0,40,40
WBGene00303092.,0,0,0
WBGene00303093.,0,0,0
WBGene00303094.,0,0,0
WBGene00303095.,0,0,0
WBGene00303096.,0,0,0
WBGene00303097.,0,0,0
WBGene00303098.,0,0,0
WBGene00303099.,0,0,0
WBGene00303100.,0,0,0
WBGene00303101.,0,0,0
WBGene00303102.,0,0,0
WBGene00303103.,0,0,0
WBGene00303104.,0,0,0
WBGene00303105.,0,1,1
WBGene00303113.,0,0,0
WBGene00303114.,0,0,0
WBGene00303115.,0,4,4
WBGene00303208.,35,720,755
WBGene00303231.,2,14,16
WBGene00303233.,50,170,220
WBGene00303359.,0,0,0
WBGene00303360.,0,0,0
WBGene00303362.,1,0,1
WBGene00303363.,0,1,1
WBGene00303364.,28,59,87
WBGene00303365.,0,0,0
WBGene00303366.,0,2,2
WBGene00303367.,0,0,0
WBGene00303368.,4,1,5
WBGene00303369.,0,0,0
WBGene00303370.,0,0,0
WBGene00303371.,2,2,4
WBGene00303378.,0,3,3
WBGene00303398.,25,21,46
WBGene00303421.,9,12,21
WBGene00303423.,59,332,391
WBGene00303425.,29,187,216
WBGene00304173.,2,2,4
WBGene00304175.,1,1,2
WBGene00304181.,7,0,7
WBGene00304182.,0,3,3
WBGene00304183.,0,3,3
WBGene00304189.,33,594,627
WBGene00304194.,12,4,16
WBGene00304195.,2,2,4
WBGene00304201.,31,175,206
WBGene00304202.,6,15,21
WBGene00304203.,14,19,33
WBGene00304215.,4,3,7
WBGene00304219.,0,63,63
WBGene00304220.,11,1,12
WBGene00304237.,35,178,213
WBGene00304238.,0,7,7
WBGene00304775.,0,3,3
WBGene00304776.,6,34,40
WBGene00304782.,0,29,29
WBGene00304783.,0,181,181
WBGene00304785.,0,3,3
WBGene00304786.,1,2,3
WBGene00304787.,4,24,28
WBGene00304788.,14,67,81
WBGene00304789.,0,0,0
WBGene00304790.,8,687,695
WBGene00304791.,47,158,205
WBGene00304792.,0,17,17
WBGene00304793.,1,6,7
WBGene00304794.,10,10,20
WBGene00304797.,1,0,1
WBGene00304798.,0,5,5
WBGene00304806.,0,21,21
WBGene00304808.,56,165,221
WBGene00304811.,60,309,369
WBGene00304812.,0,483,483
WBGene00304813.,0,754,754
WBGene00304814.,0,1,1
WBGene00304815.,0,15588,15588
WBGene00304816.,0,5,5
WBGene00304817.,2,3,5
WBGene00304818.,1,2,3
WBGene00304819.,2,6,8
WBGene00304820.,5,21,26
WBGene00304822.,6,94,100
WBGene00304823.,0,2,2
WBGene00304824.,6,6,12
WBGene00304825.,28,3,31
WBGene00304826.,3,0,3
WBGene00304827.,1,2,3
WBGene00304828.,0,4,4
WBGene00304895.,2,18,20
WBGene00304901.,1,0,1
WBGene00304906.,0,59,59
WBGene00304907.,3,0,3
WBGene00304908.,0,3,3
WBGene00304930.,0,1,1
WBGene00304981.,10,4,14
WBGene00304985.,2,10,12
WBGene00304992.,125,2809,2934
WBGene00304996.,1,10,11
WBGene00305018.,0,5,5
WBGene00305047.,1,0,1
WBGene00305048.,0,0,0
WBGene00305049.,1,5,6
WBGene00305050.,50,77,127
WBGene00305065.,12,13,25
WBGene00305066.,2,56,58
WBGene00305067.,33,482,515
WBGene00305069.,0,0,0
WBGene00305086.,9,10,19
WBGene00305090.,16,24,40
WBGene00305091.,0,2,2
WBGene00305092.,0,4,4
WBGene00305093.,1,1,2
WBGene00305095.,0,7,7
WBGene00305102.,0,0,0
WBGene00305103.,12,187,199
WBGene00305104.,1,3,4
WBGene00305109.,0,11,11
WBGene00305110.,0,1,1
WBGene00305111.,0,0,0
WBGene00305112.,2,3,5
WBGene00305113.,1,11,12
WBGene00305114.,0,2,2
WBGene00305130.,3,1,4
WBGene00305131.,0,205,205
WBGene00305132.,0,1,1
WBGene00305157.,0,70,70
WBGene00305158.,3,2,5
WBGene00305159.,2,3,5
WBGene00305173.,132,593,725
WBGene00305970.,1,15,16
WBGene00305979.,0,3,3
WBGene00305980.,5,2,7
WBGene00305981.,87,385,472
WBGene00305991.,8,36,44
WBGene00305992.,11,28,39
WBGene00305993.,0,6,6
WBGene00305994.,14,13,27
WBGene00305995.,4,37,41
WBGene00305996.,1,1,2
WBGene00305997.,0,3,3
WBGene00305998.,36,141,177
WBGene00305999.,2,10,12
WBGene00306000.,1,3,4
WBGene00306001.,0,6,6
WBGene00306002.,3,70,73
WBGene00306003.,23,740,763
WBGene00306004.,4,3,7
WBGene00306005.,23,32,55
WBGene00306012.,17,10,27
WBGene00306013.,11,31,42
WBGene00306014.,0,0,0
WBGene00306062.,0,3,3
WBGene00306066.,1,5,6
WBGene00306069.,0,72,72
WBGene00306070.,1,0,1
WBGene00306076.,0,1,1
WBGene00306078.,0,12,12
WBGene00306080.,0,0,0
WBGene00306081.,1,30,31
WBGene00306121.,5,13,18
WBGene00306122.,0,4,4
WBGene00306123.,22,41,63
WBGene00306124.,30,1,31
WBGene00306125.,0,0,0
WBGene00306126.,36,397,433
WBGene00306131.,0,1238,1238
WBGene00306132.,0,3,3
