gene_id,total_unsp,total_sp,total
WBGene00000001,3,168,171
WBGene00000002,14,164,178
WBGene00000003,1,114,115
WBGene00000004,36,361,397
WBGene00000005,1,3,4
WBGene00000006,138,967,1105
WBGene00000007,3,11,14
WBGene00000008,12,5,17
WBGene00000009,3,17,20
WBGene00000010,5,80,85
WBGene00000012,7,9,16
WBGene00000013,0,35,35
WBGene00000014,1,3,4
WBGene00000015,0,7,7
WBGene00000016,67,1375,1442
WBGene00000017,3,518,521
WBGene00000018,67,306,373
WBGene00000019,0,0,0
WBGene00000020,50,149,199
WBGene00000022,5,59,64
WBGene00000023,1,2,3
WBGene00000024,0,0,0
WBGene00000025,0,2,2
WBGene00000027,0,2,2
WBGene00000028,0,0,0
WBGene00000029,0,0,0
WBGene00000030,0,0,0
WBGene00000031,22,23,45
WBGene00000032,0,0,0
WBGene00000033,0,2,2
WBGene00000034,0,5,5
WBGene00000035,239,259,498
WBGene00000036,26,69,95
WBGene00000037,18,339,357
WBGene00000038,17,38,55
WBGene00000039,9,319,328
WBGene00000040,12,1524,1536
WBGene00000041,141,6864,7005
WBGene00000042,14,50,64
WBGene00000043,21,49,70
WBGene00000044,9,41,50
WBGene00000045,4,11,15
WBGene00000046,23,40,63
WBGene00000047,72,291,363
WBGene00000048,0,11,11
WBGene00000049,0,0,0
WBGene00000050,1,4,5
WBGene00000051,13,60,73
WBGene00000053,3,12,15
WBGene00000054,35,123,158
WBGene00000055,6,69,75
WBGene00000056,10,37,47
WBGene00000057,24,34,58
WBGene00000058,24,36,60
WBGene00000059,12,28,40
WBGene00000060,5,8,13
WBGene00000061,5,30,35
WBGene00000062,14,21,35
WBGene00000063,105,50871,50976
WBGene00000064,186,4516,4702
WBGene00000065,124,43773,43897
WBGene00000066,398,62938,63336
WBGene00000067,50,668,718
WBGene00000068,747,414,1161
WBGene00000069,12,31,43
WBGene00000070,51,448,499
WBGene00000071,9,48,57
WBGene00000072,29,154,183
WBGene00000073,33,166,199
WBGene00000074,35,147,182
WBGene00000075,7,43,50
WBGene00000079,63,851,914
WBGene00000080,2,62,64
WBGene00000081,18,95,113
WBGene00000082,6,15,21
WBGene00000083,129,831,960
WBGene00000084,12,13,25
WBGene00000085,12,70,82
WBGene00000086,37,157,194
WBGene00000088,23,72,95
WBGene00000089,42,486,528
WBGene00000090,21,211,232
WBGene00000092,41,605,646
WBGene00000093,13,198,211
WBGene00000094,55,206,261
WBGene00000095,35,350,385
WBGene00000096,33,80,113
WBGene00000097,61,407,468
WBGene00000098,31,300,331
WBGene00000099,37,178,215
WBGene00000100,174,760,934
WBGene00000101,50,391,441
WBGene00000102,81,979,1060
WBGene00000103,27,351,378
WBGene00000105,27,881,908
WBGene00000106,13,383,396
WBGene00000107,410,1972,2382
WBGene00000108,4,1,5
WBGene00000109,2,182,184
WBGene00000110,49,524,573
WBGene00000111,42,102,144
WBGene00000112,105,1238,1343
WBGene00000113,106,153,259
WBGene00000114,88,15823,15911
WBGene00000115,12,423,435
WBGene00000116,55,194,249
WBGene00000117,110,167,277
WBGene00000118,15,2686,2701
WBGene00000120,2,521,523
WBGene00000121,33,554,587
WBGene00000122,29,1915,1944
WBGene00000123,80,1130,1210
WBGene00000133,1,1,2
WBGene00000134,19,45,64
WBGene00000135,4,56,60
WBGene00000136,2,23,25
WBGene00000137,18,111,129
WBGene00000138,40,91,131
WBGene00000139,14,8,22
WBGene00000140,254,10118,10372
WBGene00000142,12,262,274
WBGene00000143,55,187,242
WBGene00000144,42,115,157
WBGene00000145,0,115,115
WBGene00000146,53,703,756
WBGene00000147,2,111,113
WBGene00000148,45,281,326
WBGene00000149,91,2535,2626
WBGene00000150,20,270,290
WBGene00000151,4,195,199
WBGene00000155,5,260,265
WBGene00000156,15,193,208
WBGene00000157,36,471,507
WBGene00000158,123,511,634
WBGene00000159,20,633,653
WBGene00000160,163,650,813
WBGene00000161,31,550,581
WBGene00000162,101,366,467
WBGene00000163,17,385,402
WBGene00000164,90,349,439
WBGene00000165,22,213,235
WBGene00000166,5,55,60
WBGene00000168,114,72,186
WBGene00000169,14,172,186
WBGene00000170,1257,5120,6377
WBGene00000171,2,0,2
WBGene00000172,22,45,67
WBGene00000173,1,34,35
WBGene00000174,3,20,23
WBGene00000175,1623,10515,12138
WBGene00000176,1,320,321
WBGene00000177,184,421,605
WBGene00000178,63,488,551
WBGene00000179,199,571,770
WBGene00000180,19,283,302
WBGene00000181,361,1444,1805
WBGene00000182,60,3504,3564
WBGene00000183,73,3474,3547
WBGene00000184,69,432,501
WBGene00000185,1,11,12
WBGene00000186,166,966,1132
WBGene00000187,0,366,366
WBGene00000188,0,90,90
WBGene00000189,3,122,125
WBGene00000190,29,60,89
WBGene00000192,6,492,498
WBGene00000193,3,14,17
WBGene00000195,21,289,310
WBGene00000196,90,459,549
WBGene00000197,11,1211,1222
WBGene00000198,78,641,719
WBGene00000199,55,740,795
WBGene00000200,30,601,631
WBGene00000201,395,975,1370
WBGene00000202,1,48,49
WBGene00000203,4,590,594
WBGene00000204,50,567,617
WBGene00000205,4,512,516
WBGene00000206,79,570,649
WBGene00000207,836,10839,11675
WBGene00000208,107,153,260
WBGene00000209,1102,4287,5389
WBGene00000210,3375,12597,15972
WBGene00000211,64,150,214
WBGene00000212,7,26,33
WBGene00000213,8,40,48
WBGene00000214,0,2115,2115
WBGene00000215,22,126,148
WBGene00000216,1,508,509
WBGene00000217,1234,5628,6862
WBGene00000218,18,376,394
WBGene00000219,2,521,523
WBGene00000220,42,184,226
WBGene00000221,741,2439,3180
WBGene00000222,39,253,292
WBGene00000223,139,1480,1619
WBGene00000224,163,1300,1463
WBGene00000225,1143,993,2136
WBGene00000226,33,274,307
WBGene00000227,55,256,311
WBGene00000228,318,4820,5138
WBGene00000229,2040,28686,30726
WBGene00000230,121,9574,9695
WBGene00000231,52,430,482
WBGene00000232,107,377,484
WBGene00000233,42,143,185
WBGene00000235,4,1859,1863
WBGene00000236,127,383,510
WBGene00000237,21,164,185
WBGene00000238,18,194,212
WBGene00000239,25,146,171
WBGene00000240,164,610,774
WBGene00000241,4,17,21
WBGene00000242,13,52,65
WBGene00000244,9,78,87
WBGene00000245,151,1859,2010
WBGene00000246,26,35,61
WBGene00000247,22,314,336
WBGene00000248,125,624,749
WBGene00000249,3,437,440
WBGene00000250,5,48,53
WBGene00000251,0,0,0
WBGene00000252,0,2,2
WBGene00000253,10,96,106
WBGene00000254,210,485,695
WBGene00000255,8,5,13
WBGene00000256,0,2,2
WBGene00000257,16,231,247
WBGene00000259,47,188,235
WBGene00000262,8,155,163
WBGene00000263,3816,14634,18450
WBGene00000264,82,90,172
WBGene00000265,40,101,141
WBGene00000266,132,739,871
WBGene00000267,14,39,53
WBGene00000268,86,331,417
WBGene00000269,29,209,238
WBGene00000270,7,57,64
WBGene00000271,15,214,229
WBGene00000272,21,98,119
WBGene00000273,32,934,966
WBGene00000274,75,211,286
WBGene00000275,4,238,242
WBGene00000276,98,1479,1577
WBGene00000277,418,3821,4239
WBGene00000279,3,65,68
WBGene00000280,32,126,158
WBGene00000281,22,933,955
WBGene00000282,119,837,956
WBGene00000283,83,932,1015
WBGene00000284,5,316,321
WBGene00000285,78,1346,1424
WBGene00000286,594,2557,3151
WBGene00000287,71,253,324
WBGene00000288,36,539,575
WBGene00000289,71,566,637
WBGene00000292,171,1470,1641
WBGene00000293,125,1926,2051
WBGene00000294,97,1589,1686
WBGene00000295,14,120,134
WBGene00000296,20,56,76
WBGene00000298,2,168,170
WBGene00000301,2,916,918
WBGene00000302,4,24,28
WBGene00000366,62,983,1045
WBGene00000367,114,416,530
WBGene00000368,86,767,853
WBGene00000369,3,492,495
WBGene00000370,1129,3739,4868
WBGene00000371,2756,13763,16519
WBGene00000372,1,7,8
WBGene00000373,29,138,167
WBGene00000375,9,61,70
WBGene00000376,83,407,490
WBGene00000377,60,4924,4984
WBGene00000378,18,3318,3336
WBGene00000379,626,4479,5105
WBGene00000380,368,6593,6961
WBGene00000381,30,3315,3345
WBGene00000382,12,153,165
WBGene00000383,124,561,685
WBGene00000386,4,59,63
WBGene00000387,61,89,150
WBGene00000388,0,11,11
WBGene00000389,0,0,0
WBGene00000390,53,1413,1466
WBGene00000391,53,140,193
WBGene00000392,0,34,34
WBGene00000393,10,160,170
WBGene00000395,15,77,92
WBGene00000396,26,596,622
WBGene00000397,1,5,6
WBGene00000399,8,165,173
WBGene00000401,7,20,27
WBGene00000402,53,104,157
WBGene00000403,133,1887,2020
WBGene00000405,63,786,849
WBGene00000406,6,122,128
WBGene00000407,71,193,264
WBGene00000408,90,298,388
WBGene00000409,31,241,272
WBGene00000410,66,315,381
WBGene00000411,10,562,572
WBGene00000412,13,66,79
WBGene00000413,14,125,139
WBGene00000414,98,1334,1432
WBGene00000415,302,328,630
WBGene00000416,13,204,217
WBGene00000417,14,23,37
WBGene00000418,6,106,112
WBGene00000419,56,322,378
WBGene00000420,21,234,255
WBGene00000421,64,371,435
WBGene00000422,0,13,13
WBGene00000423,24,179,203
WBGene00000424,27,412,439
WBGene00000425,3,47,50
WBGene00000426,73,258,331
WBGene00000427,0,1,1
WBGene00000428,0,10,10
WBGene00000429,32,56,88
WBGene00000430,2,56,58
WBGene00000431,12,167,179
WBGene00000432,1,0,1
WBGene00000433,14,71,85
WBGene00000434,9,33,42
WBGene00000435,1,8,9
WBGene00000436,0,2,2
WBGene00000437,33,508,541
WBGene00000438,4,4,8
WBGene00000439,6,116,122
WBGene00000440,0,42,42
WBGene00000441,98,465,563
WBGene00000442,6,44,50
WBGene00000443,71,985,1056
WBGene00000444,2,44,46
WBGene00000445,1,55,56
WBGene00000446,2,96,98
WBGene00000447,38,79,117
WBGene00000448,18,335,353
WBGene00000449,24,154,178
WBGene00000450,1,3,4
WBGene00000451,0,15,15
WBGene00000452,5,133,138
WBGene00000453,21,207,228
WBGene00000454,16,113,129
WBGene00000455,15,295,310
WBGene00000457,2,20,22
WBGene00000458,28,287,315
WBGene00000459,30,324,354
WBGene00000460,1,51,52
WBGene00000461,1,2,3
WBGene00000462,4,117,121
WBGene00000463,11,148,159
WBGene00000464,242,498,740
WBGene00000465,0,21,21
WBGene00000466,71,385,456
WBGene00000467,13,85,98
WBGene00000468,35,35,70
WBGene00000469,4,11,15
WBGene00000472,36,9584,9620
WBGene00000473,4,205,209
WBGene00000474,9,195,204
WBGene00000475,90,7678,7768
WBGene00000476,44,91,135
WBGene00000477,4,9,13
WBGene00000478,12,143,155
WBGene00000479,15,704,719
WBGene00000480,45,309,354
WBGene00000481,17,166,183
WBGene00000482,76,948,1024
WBGene00000483,4,9,13
WBGene00000484,11,22,33
WBGene00000485,49,168,217
WBGene00000487,7,2,9
WBGene00000488,23,46,69
WBGene00000490,16,67,83
WBGene00000491,48,120,168
WBGene00000492,105,144,249
WBGene00000493,9,38,47
WBGene00000496,4,15,19
WBGene00000497,7,15,22
WBGene00000498,2,136,138
WBGene00000499,13,10,23
WBGene00000500,14,286,300
WBGene00000501,25,232,257
WBGene00000502,13,537,550
WBGene00000503,0,0,0
WBGene00000506,94,257,351
WBGene00000507,28,209,237
WBGene00000508,5,295,300
WBGene00000509,55,493,548
WBGene00000510,142,637,779
WBGene00000511,33,143,176
WBGene00000512,107,139,246
WBGene00000513,6,29,35
WBGene00000514,53,191,244
WBGene00000515,32,95,127
WBGene00000516,1,645,646
WBGene00000517,16,80,96
WBGene00000518,326,286,612
WBGene00000519,257,135,392
WBGene00000520,48,131,179
WBGene00000521,1,13,14
WBGene00000522,35,68,103
WBGene00000523,16,96,112
WBGene00000524,19,112,131
WBGene00000525,0,68,68
WBGene00000526,6,84,90
WBGene00000527,71,309,380
WBGene00000528,42,295,337
WBGene00000529,52,112,164
WBGene00000530,9,27,36
WBGene00000531,0,9,9
WBGene00000532,20,294,314
WBGene00000533,4,69,73
WBGene00000534,9,2637,2646
WBGene00000535,129,1289,1418
WBGene00000536,35,171,206
WBGene00000537,8,110,118
WBGene00000539,1,14,15
WBGene00000540,30,71,101
WBGene00000541,23,24,47
WBGene00000542,141,1718,1859
WBGene00000543,39,146,185
WBGene00000544,10,1,11
WBGene00000545,200,428,628
WBGene00000546,2,1,3
WBGene00000547,60,300,360
WBGene00000548,43,598,641
WBGene00000549,375,436,811
WBGene00000550,52,3831,3883
WBGene00000551,0,1,1
WBGene00000552,788,8532,9320
WBGene00000553,187,297,484
WBGene00000554,321,1671,1992
WBGene00000555,0,0,0
WBGene00000556,12,86,98
WBGene00000557,86,1018,1104
WBGene00000558,49,502,551
WBGene00000559,0,0,0
WBGene00000560,0,0,0
WBGene00000561,1,139,140
WBGene00000562,23,54,77
WBGene00000563,3,1,4
WBGene00000564,68,203,271
WBGene00000565,100,131,231
WBGene00000566,86,251,337
WBGene00000567,57,893,950
WBGene00000583,118,399,517
WBGene00000584,2,62,64
WBGene00000585,39,383,422
WBGene00000591,36,178,214
WBGene00000592,4,33,37
WBGene00000593,0,5,5
WBGene00000594,0,4821,4821
WBGene00000596,0,0,0
WBGene00000597,0,9,9
WBGene00000598,0,0,0
WBGene00000599,11,3403,3414
WBGene00000601,0,14,14
WBGene00000602,0,9,9
WBGene00000603,1,12,13
WBGene00000606,26,75,101
WBGene00000608,0,0,0
WBGene00000609,0,0,0
WBGene00000610,1,2,3
WBGene00000611,29,97,126
WBGene00000612,0,3,3
WBGene00000613,0,13,13
WBGene00000614,4,5,9
WBGene00000615,0,5,5
WBGene00000616,1,168,169
WBGene00000617,0,0,0
WBGene00000618,0,10,10
WBGene00000620,0,0,0
WBGene00000621,0,2,2
WBGene00000622,0,3,3
WBGene00000623,18,38,56
WBGene00000624,10,38,48
WBGene00000625,3,12,15
WBGene00000626,0,0,0
WBGene00000627,0,0,0
WBGene00000628,0,2,2
WBGene00000629,1,0,1
WBGene00000630,7,15,22
WBGene00000631,3,5,8
WBGene00000632,0,51,51
WBGene00000633,0,6,6
WBGene00000634,0,3,3
WBGene00000636,1,3,4
WBGene00000637,1,16,17
WBGene00000638,0,0,0
WBGene00000639,0,41,41
WBGene00000640,0,3,3
WBGene00000641,1,154,155
WBGene00000644,0,5,5
WBGene00000645,19,61,80
WBGene00000646,0,0,0
WBGene00000647,1,26,27
WBGene00000648,12,0,12
WBGene00000649,2,10,12
WBGene00000650,0,0,0
WBGene00000651,0,2,2
WBGene00000652,4,16,20
WBGene00000653,0,10,10
WBGene00000654,1,2,3
WBGene00000655,1,19,20
WBGene00000656,8,554,562
WBGene00000657,1,58,59
WBGene00000658,13,0,13
WBGene00000659,1,1,2
WBGene00000660,0,0,0
WBGene00000661,1,0,1
WBGene00000662,2,7,9
WBGene00000663,0,3,3
WBGene00000664,0,61,61
WBGene00000665,7,35,42
WBGene00000666,0,41,41
WBGene00000667,0,49,49
WBGene00000668,0,283,283
WBGene00000669,2,1853,1855
WBGene00000670,0,8,8
WBGene00000671,0,5,5
WBGene00000672,0,6,6
WBGene00000673,2,5395,5397
WBGene00000674,19,110,129
WBGene00000675,0,10,10
WBGene00000676,0,0,0
WBGene00000677,14,4425,4439
WBGene00000678,0,8,8
WBGene00000679,1,1,2
WBGene00000680,0,0,0
WBGene00000681,3,2182,2185
WBGene00000682,0,20,20
WBGene00000683,7,33,40
WBGene00000684,4,22,26
WBGene00000685,2,18,20
WBGene00000687,0,8,8
WBGene00000688,0,14,14
WBGene00000689,9,12,21
WBGene00000690,0,0,0
WBGene00000691,0,4646,4646
WBGene00000692,63,187,250
WBGene00000693,0,1,1
WBGene00000694,0,1,1
WBGene00000695,1,0,1
WBGene00000696,0,0,0
WBGene00000697,1,1,2
WBGene00000698,0,22,22
WBGene00000699,0,46,46
WBGene00000700,0,0,0
WBGene00000701,0,3,3
WBGene00000702,28,56,84
WBGene00000703,1,73,74
WBGene00000704,0,33,33
WBGene00000705,0,0,0
WBGene00000706,0,4,4
WBGene00000707,0,0,0
WBGene00000708,0,2,2
WBGene00000710,0,2,2
WBGene00000711,0,0,0
WBGene00000712,0,1,1
WBGene00000713,0,5,5
WBGene00000714,1,4,5
WBGene00000715,1,5,6
WBGene00000716,0,2,2
WBGene00000717,8,1647,1655
WBGene00000718,0,4,4
WBGene00000719,0,0,0
WBGene00000720,1,3806,3807
WBGene00000721,0,3,3
WBGene00000722,14,1507,1521
WBGene00000723,0,22,22
WBGene00000724,3,8,11
WBGene00000725,0,1,1
WBGene00000726,12,29,41
WBGene00000727,0,253,253
WBGene00000728,0,174,174
WBGene00000729,0,0,0
WBGene00000730,0,1,1
WBGene00000731,3,57,60
WBGene00000732,0,25,25
WBGene00000733,1,2604,2605
WBGene00000734,0,3,3
WBGene00000735,0,1,1
WBGene00000736,0,0,0
WBGene00000737,0,13,13
WBGene00000738,0,1,1
WBGene00000739,6,9695,9701
WBGene00000740,0,3177,3177
WBGene00000741,0,1960,1960
WBGene00000742,0,275,275
WBGene00000743,0,125,125
WBGene00000744,0,1,1
WBGene00000745,0,18,18
WBGene00000746,0,1,1
WBGene00000747,0,11,11
WBGene00000748,0,40,40
WBGene00000749,0,92,92
WBGene00000750,1,10,11
WBGene00000751,0,2,2
WBGene00000752,0,0,0
WBGene00000753,0,12,12
WBGene00000754,0,6,6
WBGene00000755,0,2,2
WBGene00000756,0,1,1
WBGene00000757,0,2,2
WBGene00000758,0,0,0
WBGene00000759,13,19,32
WBGene00000760,0,0,0
WBGene00000761,32,497,529
WBGene00000762,59,192,251
WBGene00000763,67,529,596
WBGene00000764,18,110,128
WBGene00000765,2,714,716
WBGene00000766,25,459,484
WBGene00000767,156,953,1109
WBGene00000768,187,1362,1549
WBGene00000770,0,4,4
WBGene00000771,0,1,1
WBGene00000772,0,25,25
WBGene00000773,60,432,492
WBGene00000774,12,436,448
WBGene00000775,34,117,151
WBGene00000776,119,3966,4085
WBGene00000777,12,696,708
WBGene00000778,4,93,97
WBGene00000779,6097,30354,36451
WBGene00000780,275,809,1084
WBGene00000781,2,163,165
WBGene00000782,0,0,0
WBGene00000783,7,49,56
WBGene00000784,5,308,313
WBGene00000785,3,365,368
WBGene00000786,23,76,99
WBGene00000787,9,626,635
WBGene00000788,18,1368,1386
WBGene00000789,10,235,245
WBGene00000792,24,42,66
WBGene00000793,991,502,1493
WBGene00000794,33,360,393
WBGene00000795,14,186,200
WBGene00000796,111,650,761
WBGene00000797,1,19,20
WBGene00000798,4,421,425
WBGene00000799,7,15,22
WBGene00000800,103,882,985
WBGene00000802,775,20164,20939
WBGene00000803,2,40,42
WBGene00000804,4,284,288
WBGene00000812,57,250,307
WBGene00000813,53,359,412
WBGene00000814,46,632,678
WBGene00000815,88,301,389
WBGene00000816,60,253,313
WBGene00000817,12,279,291
WBGene00000818,68,246,314
WBGene00000819,2,2,4
WBGene00000820,46,119,165
WBGene00000821,0,1,1
WBGene00000822,1843,9963,11806
WBGene00000829,0,10232,10232
WBGene00000830,0,57,57
WBGene00000831,1,70,71
WBGene00000832,197,858,1055
WBGene00000833,58,15099,15157
WBGene00000834,215,330,545
WBGene00000835,79,736,815
WBGene00000836,21,422,443
WBGene00000837,43,407,450
WBGene00000838,27,143,170
WBGene00000839,27,388,415
WBGene00000840,56,475,531
WBGene00000841,12,30,42
WBGene00000843,5,773,778
WBGene00000845,256,967,1223
WBGene00000846,36,194,230
WBGene00000851,1,3,4
WBGene00000853,2,3,5
WBGene00000854,114,520,634
WBGene00000857,4,224,228
WBGene00000858,62,476,538
WBGene00000859,1,4,5
WBGene00000860,9,23,32
WBGene00000861,0,1,1
WBGene00000862,43,46,89
WBGene00000863,8,215,223
WBGene00000864,2,5,7
WBGene00000865,4,133,137
WBGene00000866,0,1,1
WBGene00000867,0,3,3
WBGene00000868,9,459,468
WBGene00000869,99,4041,4140
WBGene00000870,16,346,362
WBGene00000871,17,68,85
WBGene00000872,18,219,237
WBGene00000874,32,336,368
WBGene00000875,7,296,303
WBGene00000876,107,676,783
WBGene00000877,20,3458,3478
WBGene00000878,2,28,30
WBGene00000879,1025,8986,10011
WBGene00000880,38,351,389
WBGene00000881,3,4726,4729
WBGene00000882,1,723,724
WBGene00000883,3990,31669,35659
WBGene00000884,17,485,502
WBGene00000885,112,140,252
WBGene00000886,60,289,349
WBGene00000887,156,421,577
WBGene00000888,43,427,470
WBGene00000889,25,465,490
WBGene00000890,43,188,231
WBGene00000891,119,452,571
WBGene00000892,46,128,174
WBGene00000893,0,2,2
WBGene00000894,5,437,442
WBGene00000895,14,12,26
WBGene00000896,224,2377,2601
WBGene00000897,16,228,244
WBGene00000898,446,254,700
WBGene00000899,60,401,461
WBGene00000900,284,522,806
WBGene00000901,108,1345,1453
WBGene00000902,2,23,25
WBGene00000903,3,420,423
WBGene00000904,14,37,51
WBGene00000905,11,100,111
WBGene00000906,53,77,130
WBGene00000907,20,70,90
WBGene00000908,148,381,529
WBGene00000910,153,694,847
WBGene00000911,103,571,674
WBGene00000912,184,814,998
WBGene00000913,17,187,204
WBGene00000914,100,304,404
WBGene00000915,182,18996,19178
WBGene00000917,87,525,612
WBGene00000920,4,392,396
WBGene00000923,15,862,877
WBGene00000928,20,1027,1047
WBGene00000929,84,345,429
WBGene00000930,0,6,6
WBGene00000931,76,2848,2924
WBGene00000932,1,14,15
WBGene00000933,192,1066,1258
WBGene00000934,7,132,139
WBGene00000935,2,51,53
WBGene00000936,4,326,330
WBGene00000937,0,120,120
WBGene00000938,318,828,1146
WBGene00000939,87,485,572
WBGene00000940,118,509,627
WBGene00000941,851,3213,4064
WBGene00000942,108,4066,4174
WBGene00000950,14,23,37
WBGene00000951,6,6,12
WBGene00000952,11,8,19
WBGene00000953,18,46,64
WBGene00000955,2,11,13
WBGene00000958,48,146,194
WBGene00000959,67,436,503
WBGene00000960,8,14,22
WBGene00000961,9,256,265
WBGene00000962,130,2033,2163
WBGene00000963,57,360,417
WBGene00000964,42,1547,1589
WBGene00000965,18,268,286
WBGene00000966,20,64,84
WBGene00000967,32,55,87
WBGene00000968,32,93,125
WBGene00000969,7,259,266
WBGene00000970,27,671,698
WBGene00000971,1,17,18
WBGene00000972,9,146,155
WBGene00000973,20,236,256
WBGene00000974,8,35,43
WBGene00000975,161,573,734
WBGene00000976,45,500,545
WBGene00000977,0,9,9
WBGene00000978,16,1084,1100
WBGene00000979,4,49,53
WBGene00000980,81,277,358
WBGene00000981,1,78,79
WBGene00000982,91,1524,1615
WBGene00000983,11,93,104
WBGene00000984,37,290,327
WBGene00000985,13,339,352
WBGene00000986,10,15,25
WBGene00000987,81,316,397
WBGene00000988,268,5241,5509
WBGene00000989,0,4,4
WBGene00000990,84,317,401
WBGene00000991,72,302,374
WBGene00000992,0,260,260
WBGene00000993,85,343,428
WBGene00000994,17,122,139
WBGene00000995,13,180,193
WBGene00000996,50,851,901
WBGene00000998,544,9577,10121
WBGene00001000,416,7958,8374
WBGene00001001,75,566,641
WBGene00001002,14,267,281
WBGene00001005,23,7342,7365
WBGene00001006,31,614,645
WBGene00001007,291,1523,1814
WBGene00001008,99,642,741
WBGene00001016,4,42,46
WBGene00001017,93,845,938
WBGene00001018,227,766,993
WBGene00001019,106,536,642
WBGene00001020,24,392,416
WBGene00001021,60,85,145
WBGene00001022,5,73,78
WBGene00001023,74,965,1039
WBGene00001025,57,610,667
WBGene00001026,13,564,577
WBGene00001027,80,633,713
WBGene00001028,144,985,1129
WBGene00001029,177,1251,1428
WBGene00001030,25,1920,1945
WBGene00001031,13,1112,1125
WBGene00001032,6,230,236
WBGene00001033,47,227,274
WBGene00001034,16,434,450
WBGene00001035,45,362,407
WBGene00001036,9,198,207
WBGene00001037,23,1686,1709
WBGene00001038,49,1818,1867
WBGene00001039,163,484,647
WBGene00001040,18,200,218
WBGene00001041,11,436,447
WBGene00001042,163,743,906
WBGene00001043,72,245,317
WBGene00001044,2,14,16
WBGene00001045,22,317,339
WBGene00001046,2,39,41
WBGene00001047,147,1167,1314
WBGene00001048,65,377,442
WBGene00001049,15,135,150
WBGene00001050,47,95,142
WBGene00001051,0,734,734
WBGene00001052,44,171,215
WBGene00001053,29,115,144
WBGene00001054,71,235,306
WBGene00001055,70,236,306
WBGene00001056,86,583,669
WBGene00001057,10,367,377
WBGene00001058,56,361,417
WBGene00001059,1,85,86
WBGene00001060,6,254,260
WBGene00001061,22,208,230
WBGene00001062,0,0,0
WBGene00001063,0,2,2
WBGene00001064,12,415,427
WBGene00001065,2,609,611
WBGene00001066,58,176,234
WBGene00001067,0,102,102
WBGene00001068,52,1087,1139
WBGene00001069,7,498,505
WBGene00001070,75,333,408
WBGene00001071,62,470,532
WBGene00001072,36,381,417
WBGene00001073,108,1316,1424
WBGene00001074,64,197,261
WBGene00001075,8,18,26
WBGene00001076,0,63,63
WBGene00001077,45,1017,1062
WBGene00001078,56,221,277
WBGene00001079,5,67,72
WBGene00001080,161,916,1077
WBGene00001081,48,917,965
WBGene00001082,72,608,680
WBGene00001085,54,422,476
WBGene00001086,37,480,517
WBGene00001087,369,399,768
WBGene00001088,3,2615,2618
WBGene00001089,72,448,520
WBGene00001090,30,182,212
WBGene00001092,0,53,53
WBGene00001093,22,775,797
WBGene00001094,18,1855,1873
WBGene00001095,39,139,178
WBGene00001096,2,38,40
WBGene00001099,3,41,44
WBGene00001101,281,754,1035
WBGene00001102,9,121,130
WBGene00001103,0,0,0
WBGene00001104,1,0,1
WBGene00001105,1,3,4
WBGene00001106,10,0,10
WBGene00001107,19,76,95
WBGene00001108,0,1,1
WBGene00001109,0,15,15
WBGene00001110,3,60,63
WBGene00001112,20,182,202
WBGene00001113,778,3348,4126
WBGene00001115,177,465,642
WBGene00001116,115,607,722
WBGene00001117,14,76,90
WBGene00001118,25,37,62
WBGene00001119,13,58,71
WBGene00001121,16,32,48
WBGene00001122,12,187,199
WBGene00001123,1,32,33
WBGene00001127,17,50,67
WBGene00001129,6,25,31
WBGene00001130,32,865,897
WBGene00001131,501,3002,3503
WBGene00001132,193,1626,1819
WBGene00001133,3,10,13
WBGene00001134,72,921,993
WBGene00001135,13,192,205
WBGene00001136,11,38,49
WBGene00001137,165,6599,6764
WBGene00001145,490,1782,2272
WBGene00001147,0,1,1
WBGene00001148,6,97,103
WBGene00001149,86,5243,5329
WBGene00001150,2,4,6
WBGene00001151,59,454,513
WBGene00001152,3,117,120
WBGene00001153,3,415,418
WBGene00001154,17,594,611
WBGene00001155,3069,9701,12770
WBGene00001156,25,107,132
WBGene00001157,14,34,48
WBGene00001158,0,1,1
WBGene00001159,3,145,148
WBGene00001160,25,683,708
WBGene00001161,34,161,195
WBGene00001162,66,228,294
WBGene00001163,58,823,881
WBGene00001164,0,2,2
WBGene00001165,9,34,43
WBGene00001166,40,1567,1607
WBGene00001167,3298,49225,52523
WBGene00001168,7812,103427,111239
WBGene00001169,103,40660,40763
WBGene00001170,6,66,72
WBGene00001171,37,114,151
WBGene00001172,70,1795,1865
WBGene00001173,572,2215,2787
WBGene00001174,1,24,25
WBGene00001175,6,33,39
WBGene00001177,511,968,1479
WBGene00001178,113,473,586
WBGene00001179,54,303,357
WBGene00001182,23,277,300
WBGene00001184,35,328,363
WBGene00001185,5,69,74
WBGene00001186,63,429,492
WBGene00001187,79,1229,1308
WBGene00001188,25,84,109
WBGene00001189,560,3205,3765
WBGene00001190,55,71,126
WBGene00001193,0,73,73
WBGene00001194,132,1259,1391
WBGene00001196,323,4801,5124
WBGene00001202,13,48,61
WBGene00001204,15,5,20
WBGene00001207,5,25,30
WBGene00001208,97,549,646
WBGene00001209,50,2428,2478
WBGene00001210,7,332,339
WBGene00001211,6,57,63
WBGene00001214,5,54,59
WBGene00001215,86,372,458
WBGene00001223,0,1,1
WBGene00001224,10,465,475
WBGene00001225,14,2066,2080
WBGene00001226,187,3222,3409
WBGene00001227,817,2968,3785
WBGene00001228,12,971,983
WBGene00001229,25,1285,1310
WBGene00001230,31,2302,2333
WBGene00001231,23,1255,1278
WBGene00001232,112,1244,1356
WBGene00001233,277,1359,1636
WBGene00001234,4,1937,1941
WBGene00001235,51,635,686
WBGene00001236,45,70,115
WBGene00001237,5,22,27
WBGene00001239,107,2237,2344
WBGene00001240,40,507,547
WBGene00001241,76,1062,1138
WBGene00001242,3,34,37
WBGene00001243,31,119,150
WBGene00001244,194,703,897
WBGene00001245,0,1,1
WBGene00001246,3,23,26
WBGene00001247,9,78,87
WBGene00001248,120,229,349
WBGene00001249,3,258,261
WBGene00001250,1,14,15
WBGene00001251,14,358,372
WBGene00001252,2,14,16
WBGene00001253,24,170,194
WBGene00001258,221,827,1048
WBGene00001259,40,1210,1250
WBGene00001262,21,416,437
WBGene00001263,523,12063,12586
WBGene00001281,32,203,235
WBGene00001284,50,347,397
WBGene00001303,203,8369,8572
WBGene00001309,115,830,945
WBGene00001310,0,2,2
WBGene00001311,0,2,2
WBGene00001320,3,440,443
WBGene00001324,20,232,252
WBGene00001325,86,236,322
WBGene00001328,131,4098,4229
WBGene00001329,19,819,838
WBGene00001330,168,500,668
WBGene00001331,72,1774,1846
WBGene00001332,51,122,173
WBGene00001333,56,925,981
WBGene00001334,77,503,580
WBGene00001335,89,446,535
WBGene00001336,250,1469,1719
WBGene00001337,839,1865,2704
WBGene00001338,19,417,436
WBGene00001340,239,819,1058
WBGene00001345,209,462,671
WBGene00001352,91,529,620
WBGene00001358,21,105,126
WBGene00001365,54,303,357
WBGene00001366,101,491,592
WBGene00001368,54,409,463
WBGene00001371,10,183,193
WBGene00001372,38,86,124
WBGene00001373,18,30,48
WBGene00001374,48,177,225
WBGene00001377,40,95,135
WBGene00001385,53873,191679,245552
WBGene00001386,1735,10024,11759
WBGene00001387,8,38,46
WBGene00001388,0,0,0
WBGene00001389,36,210,246
WBGene00001390,13,130,143
WBGene00001391,87,406,493
WBGene00001392,159,4190,4349
WBGene00001393,27,2156,2183
WBGene00001394,18,1808,1826
WBGene00001395,184,1625,1809
WBGene00001396,184,765,949
WBGene00001397,0,11,11
WBGene00001398,6,507,513
WBGene00001399,1,3,4
WBGene00001400,2,52,54
WBGene00001401,1,37,38
WBGene00001402,1,73,74
WBGene00001403,59,345,404
WBGene00001404,621,5030,5651
WBGene00001405,7,535,542
WBGene00001406,84,248,332
WBGene00001410,33,218,251
WBGene00001411,9,336,345
WBGene00001412,7,236,243
WBGene00001413,4,36,40
WBGene00001414,0,7,7
WBGene00001423,210,12055,12265
WBGene00001424,0,0,0
WBGene00001425,126,491,617
WBGene00001426,179,2746,2925
WBGene00001427,1033,18734,19767
WBGene00001428,1,455,456
WBGene00001429,17,212,229
WBGene00001430,76,1659,1735
WBGene00001431,58,1577,1635
WBGene00001432,29,74,103
WBGene00001433,56,270,326
WBGene00001434,1,54,55
WBGene00001435,0,0,0
WBGene00001436,0,0,0
WBGene00001437,0,8,8
WBGene00001438,1,10,11
WBGene00001439,266,611,877
WBGene00001440,7,68,75
WBGene00001441,55,686,741
WBGene00001442,1,31,32
WBGene00001443,160,622,782
WBGene00001444,5112,16005,21117
WBGene00001445,35,198,233
WBGene00001446,2,40,42
WBGene00001447,50,501,551
WBGene00001448,390,2627,3017
WBGene00001449,144,544,688
WBGene00001450,14,255,269
WBGene00001451,173,807,980
WBGene00001452,42,2659,2701
WBGene00001453,1,163,164
WBGene00001454,5,1424,1429
WBGene00001455,220,1938,2158
WBGene00001456,3,601,604
WBGene00001457,1297,3874,5171
WBGene00001458,59,581,640
WBGene00001459,16,985,1001
WBGene00001460,14,109,123
WBGene00001461,572,1268,1840
WBGene00001462,21,1390,1411
WBGene00001463,13,186,199
WBGene00001464,104,1035,1139
WBGene00001465,5,9,14
WBGene00001466,4,59,63
WBGene00001468,2,8,10
WBGene00001470,35,422,457
WBGene00001475,26,267,293
WBGene00001476,8,36,44
WBGene00001477,7,70,77
WBGene00001478,9,73,82
WBGene00001479,0,97,97
WBGene00001480,246,1749,1995
WBGene00001481,8,46,54
WBGene00001482,1,35,36
WBGene00001483,1,29,30
WBGene00001484,78,290,368
WBGene00001485,134,196,330
WBGene00001486,8,171,179
WBGene00001487,0,0,0
WBGene00001488,183,6148,6331
WBGene00001489,76,236,312
WBGene00001490,67,496,563
WBGene00001491,102,697,799
WBGene00001492,13,280,293
WBGene00001493,43,413,456
WBGene00001494,81,242,323
WBGene00001495,67,101,168
WBGene00001496,224,865,1089
WBGene00001497,95,1341,1436
WBGene00001498,303,1548,1851
WBGene00001499,3,160,163
WBGene00001500,2,7,9
WBGene00001501,213,797,1010
WBGene00001502,243,11281,11524
WBGene00001503,82,2666,2748
WBGene00001505,11,73,84
WBGene00001506,4,7,11
WBGene00001507,8,22,30
WBGene00001508,30,249,279
WBGene00001509,43,579,622
WBGene00001510,40,463,503
WBGene00001511,9,187,196
WBGene00001512,19,91,110
WBGene00001513,3,278,281
WBGene00001514,8,56,64
WBGene00001515,15,36,51
WBGene00001516,140,514,654
WBGene00001517,29,185,214
WBGene00001518,89,390,479
WBGene00001519,79,496,575
WBGene00001520,119,2813,2932
WBGene00001522,14,51,65
WBGene00001523,30,387,417
WBGene00001526,29,174,203
WBGene00001527,11,331,342
WBGene00001528,0,0,0
WBGene00001529,1,0,1
WBGene00001530,1,17,18
WBGene00001531,3,17,20
WBGene00001532,3,10,13
WBGene00001533,8,2,10
WBGene00001534,3,29,32
WBGene00001535,4,22,26
WBGene00001536,6,19,25
WBGene00001537,114,136,250
WBGene00001538,25,266,291
WBGene00001539,35,13,48
WBGene00001540,1,10,11
WBGene00001541,2,70,72
WBGene00001542,6,21,27
WBGene00001543,6,16,22
WBGene00001544,15,47,62
WBGene00001545,0,9,9
WBGene00001546,25,4,29
WBGene00001547,29,50,79
WBGene00001548,6,14,20
WBGene00001549,15,20,35
WBGene00001550,4,11,15
WBGene00001551,15,17,32
WBGene00001552,14,119,133
WBGene00001553,59,170,229
WBGene00001554,37,122,159
WBGene00001555,100,195,295
WBGene00001556,71,212,283
WBGene00001557,32,137,169
WBGene00001558,34,2025,2059
WBGene00001559,44,236,280
WBGene00001560,6,30,36
WBGene00001561,397,1663,2060
WBGene00001562,10,507,517
WBGene00001563,26,361,387
WBGene00001564,264,16062,16326
WBGene00001565,61,381,442
WBGene00001566,49,545,594
WBGene00001568,14,212,226
WBGene00001569,0,13,13
WBGene00001570,79,579,658
WBGene00001571,3,35,38
WBGene00001572,254,1471,1725
WBGene00001574,90,464,554
WBGene00001575,24,87,111
WBGene00001577,4,30,34
WBGene00001578,10,37,47
WBGene00001579,28,372,400
WBGene00001580,20,238,258
WBGene00001581,1,129,130
WBGene00001582,116,464,580
WBGene00001583,15,147,162
WBGene00001584,61,161,222
WBGene00001585,31,261,292
WBGene00001586,20,46,66
WBGene00001587,53,74,127
WBGene00001588,12,70,82
WBGene00001589,76,240,316
WBGene00001590,12,187,199
WBGene00001591,1,48,49
WBGene00001592,9,107,116
WBGene00001593,12,47,59
WBGene00001594,74,485,559
WBGene00001595,2,30,32
WBGene00001596,33,565,598
WBGene00001597,10,38,48
WBGene00001598,10,342,352
WBGene00001599,3,38,41
WBGene00001600,1,39,40
WBGene00001601,20,108,128
WBGene00001602,21,268,289
WBGene00001603,0,7,7
WBGene00001604,29,4201,4230
WBGene00001606,11,85,96
WBGene00001607,6,28,34
WBGene00001608,5,5,10
WBGene00001609,5,60,65
WBGene00001612,7,33,40
WBGene00001613,50,125,175
WBGene00001614,14,33,47
WBGene00001615,52,164,216
WBGene00001616,53,199,252
WBGene00001617,95,127,222
WBGene00001618,5,5,10
WBGene00001619,6,27,33
WBGene00001620,69,1499,1568
WBGene00001621,3,19,22
WBGene00001622,7,14,21
WBGene00001623,3,26,29
WBGene00001624,0,3,3
WBGene00001625,0,2,2
WBGene00001626,0,4,4
WBGene00001627,20,70,90
WBGene00001628,15,295,310
WBGene00001629,107,341,448
WBGene00001630,167,323,490
WBGene00001631,56,406,462
WBGene00001632,8,448,456
WBGene00001633,73,197,270
WBGene00001635,17,373,390
WBGene00001636,24,144,168
WBGene00001637,33,219,252
WBGene00001638,10,137,147
WBGene00001639,5,7,12
WBGene00001640,1,0,1
WBGene00001641,0,0,0
WBGene00001642,0,0,0
WBGene00001643,11,37,48
WBGene00001644,1,6,7
WBGene00001645,31,281,312
WBGene00001646,0,267,267
WBGene00001647,2,78,80
WBGene00001648,125,1976,2101
WBGene00001649,28,687,715
WBGene00001650,168,518,686
WBGene00001651,84,340,424
WBGene00001653,50,197,247
WBGene00001660,8,162,170
WBGene00001661,71,396,467
WBGene00001662,32,1001,1033
WBGene00001663,97,161,258
WBGene00001664,4,85,89
WBGene00001665,4,65,69
WBGene00001666,4,52,56
WBGene00001667,3,4,7
WBGene00001668,4,4,8
WBGene00001669,70,332,402
WBGene00001670,12,34,46
WBGene00001671,41,347,388
WBGene00001672,6,13,19
WBGene00001673,17,27,44
WBGene00001674,4,91,95
WBGene00001675,0,2,2
WBGene00001676,52,43,95
WBGene00001677,11,50,61
WBGene00001678,37,50,87
WBGene00001679,107,3531,3638
WBGene00001680,25,483,508
WBGene00001681,2,168,170
WBGene00001682,320,5293,5613
WBGene00001683,24,106,130
WBGene00001684,22,8171,8193
WBGene00001685,14,12035,12049
WBGene00001686,31,163,194
WBGene00001687,5,11,16
WBGene00001688,6,113,119
WBGene00001689,7,162,169
WBGene00001690,7,24,31
WBGene00001691,0,1,1
WBGene00001692,152,2301,2453
WBGene00001693,0,0,0
WBGene00001694,3,531,534
WBGene00001695,0,2,2
WBGene00001696,6,14,20
WBGene00001697,0,2,2
WBGene00001698,4,10,14
WBGene00001699,216,8363,8579
WBGene00001700,6,1,7
WBGene00001701,0,9,9
WBGene00001702,1008,2912,3920
WBGene00001703,1,9,10
WBGene00001704,0,4,4
WBGene00001705,1,12,13
WBGene00001707,47,22,69
WBGene00001708,102,529,631
WBGene00001709,26,221,247
WBGene00001710,3,5,8
WBGene00001711,0,10,10
WBGene00001712,1,5,6
WBGene00001713,11,709,720
WBGene00001714,0,4,4
WBGene00001715,0,3,3
WBGene00001716,4,7,11
WBGene00001717,2,23,25
WBGene00001718,0,12,12
WBGene00001719,10,78,88
WBGene00001720,0,1,1
WBGene00001721,10,64,74
WBGene00001722,0,1,1
WBGene00001723,2,13,15
WBGene00001724,7,18,25
WBGene00001725,1,17,18
WBGene00001726,0,0,0
WBGene00001727,1,5,6
WBGene00001728,0,0,0
WBGene00001729,2,15,17
WBGene00001730,0,0,0
WBGene00001731,1,6,7
WBGene00001732,1,5,6
WBGene00001733,1,1,2
WBGene00001734,0,0,0
WBGene00001735,4,3,7
WBGene00001736,7,12,19
WBGene00001737,0,0,0
WBGene00001738,0,0,0
WBGene00001739,0,0,0
WBGene00001740,42,111,153
WBGene00001743,12,155,167
WBGene00001744,68,1268,1336
WBGene00001745,172,997,1169
WBGene00001746,58,1035,1093
WBGene00001747,38,1697,1735
WBGene00001748,192,2458,2650
WBGene00001749,2,676,678
WBGene00001750,28,117,145
WBGene00001751,25,355,380
WBGene00001752,31,810,841
WBGene00001753,50,4345,4395
WBGene00001754,0,55,55
WBGene00001755,13,3522,3535
WBGene00001756,0,21,21
WBGene00001757,4,27,31
WBGene00001758,3,395,398
WBGene00001759,9,146,155
WBGene00001760,2,237,239
WBGene00001761,13,71,84
WBGene00001762,2,12,14
WBGene00001763,0,60,60
WBGene00001764,1,100,101
WBGene00001765,0,2,2
WBGene00001766,2,0,2
WBGene00001767,0,23,23
WBGene00001768,7,1605,1612
WBGene00001769,5,58,63
WBGene00001770,0,59,59
WBGene00001771,2,43,45
WBGene00001772,6,950,956
WBGene00001773,0,13,13
WBGene00001774,1,91,92
WBGene00001775,1,246,247
WBGene00001776,4,128,132
WBGene00001777,0,2,2
WBGene00001778,1,13,14
WBGene00001779,0,15,15
WBGene00001780,0,13,13
WBGene00001781,26,197,223
WBGene00001782,3,76,79
WBGene00001783,7,83,90
WBGene00001784,78,310,388
WBGene00001785,0,1,1
WBGene00001786,0,29,29
WBGene00001787,1,381,382
WBGene00001788,41,131,172
WBGene00001789,0,189,189
WBGene00001790,42,303,345
WBGene00001791,78,332,410
WBGene00001792,7,42,49
WBGene00001793,192,1221,1413
WBGene00001794,1372,7775,9147
WBGene00001795,8,32,40
WBGene00001796,9,32,41
WBGene00001803,12,65,77
WBGene00001804,6,19,25
WBGene00001805,30,85,115
WBGene00001806,9,17,26
WBGene00001808,256,658,914
WBGene00001811,10,48,58
WBGene00001812,26,236,262
WBGene00001813,53,456,509
WBGene00001814,10,83,93
WBGene00001815,53,189,242
WBGene00001816,118,328,446
WBGene00001817,5,158,163
WBGene00001818,3,0,3
WBGene00001819,10,129,139
WBGene00001820,4,188,192
WBGene00001821,12,146,158
WBGene00001823,36,397,433
WBGene00001824,27,345,372
WBGene00001827,15,331,346
WBGene00001828,0,0,0
WBGene00001829,8,193,201
WBGene00001830,9,142,151
WBGene00001831,11,238,249
WBGene00001832,15,211,226
WBGene00001833,39,352,391
WBGene00001834,5,705,710
WBGene00001835,4,187,191
WBGene00001836,22,321,343
WBGene00001837,193,265,458
WBGene00001838,18,69,87
WBGene00001839,13,24,37
WBGene00001840,268,4612,4880
WBGene00001841,4,64,68
WBGene00001842,0,14,14
WBGene00001843,129,621,750
WBGene00001844,17,372,389
WBGene00001851,96,3221,3317
WBGene00001852,15,76,91
WBGene00001853,81,6437,6518
WBGene00001854,40,3037,3077
WBGene00001855,6,1463,1469
WBGene00001856,0,1161,1161
WBGene00001857,0,15,15
WBGene00001858,0,1188,1188
WBGene00001859,1,4,5
WBGene00001860,30,498,528
WBGene00001862,2,39,41
WBGene00001863,452,2795,3247
WBGene00001864,70,232,302
WBGene00001865,12,69,81
WBGene00001867,14,103,117
WBGene00001869,9,184,193
WBGene00001872,7,17,24
WBGene00001874,10,211,221
WBGene00001875,0,272,272
WBGene00001876,0,137,137
WBGene00001877,0,516,516
WBGene00001878,0,178,178
WBGene00001879,0,577,577
WBGene00001880,0,335,335
WBGene00001881,0,295,295
WBGene00001882,0,91,91
WBGene00001883,0,75,75
WBGene00001884,0,0,0
WBGene00001885,0,451,451
WBGene00001886,0,0,0
WBGene00001887,0,0,0
WBGene00001888,0,0,0
WBGene00001889,0,0,0
WBGene00001890,0,58,58
WBGene00001891,0,85,85
WBGene00001892,0,560,560
WBGene00001893,0,0,0
WBGene00001894,0,0,0
WBGene00001895,0,0,0
WBGene00001896,0,0,0
WBGene00001898,16,10718,10734
WBGene00001899,0,65,65
WBGene00001900,0,0,0
WBGene00001901,0,0,0
WBGene00001902,0,0,0
WBGene00001903,0,0,0
WBGene00001904,0,2,2
WBGene00001905,0,116,116
WBGene00001906,0,366,366
WBGene00001907,0,0,0
WBGene00001908,0,0,0
WBGene00001909,310,7524,7834
WBGene00001910,312,4916,5228
WBGene00001911,587,9177,9764
WBGene00001912,0,43,43
WBGene00001913,0,1,1
WBGene00001914,0,31,31
WBGene00001915,490,8062,8552
WBGene00001916,0,4,4
WBGene00001917,0,0,0
WBGene00001918,0,0,0
WBGene00001919,0,5,5
WBGene00001920,0,0,0
WBGene00001921,0,9,9
WBGene00001922,0,215,215
WBGene00001923,0,0,0
WBGene00001924,0,0,0
WBGene00001925,0,0,0
WBGene00001926,0,0,0
WBGene00001927,0,0,0
WBGene00001928,0,195,195
WBGene00001929,0,12,12
WBGene00001930,0,0,0
WBGene00001931,4,47,51
WBGene00001932,0,19,19
WBGene00001933,0,547,547
WBGene00001934,0,688,688
WBGene00001935,0,235,235
WBGene00001936,0,229,229
WBGene00001937,0,160,160
WBGene00001938,0,684,684
WBGene00001939,0,30,30
WBGene00001940,0,47,47
WBGene00001941,0,179,179
WBGene00001942,0,484,484
WBGene00001943,0,9,9
WBGene00001944,0,12,12
WBGene00001945,37,1628,1665
WBGene00001946,372,8089,8461
WBGene00001947,0,25,25
WBGene00001948,191,551,742
WBGene00001949,8,317,325
WBGene00001950,1,234,235
WBGene00001951,9,143,152
WBGene00001952,7,68,75
WBGene00001953,8,50,58
WBGene00001954,6,38,44
WBGene00001955,41,1352,1393
WBGene00001956,0,1,1
WBGene00001957,33,96,129
WBGene00001958,1,157,158
WBGene00001959,11,35,46
WBGene00001960,9,68,77
WBGene00001961,6,22,28
WBGene00001962,0,0,0
WBGene00001964,0,0,0
WBGene00001965,0,0,0
WBGene00001966,0,7,7
WBGene00001967,0,0,0
WBGene00001968,0,1,1
WBGene00001971,78,7601,7679
WBGene00001972,87,2242,2329
WBGene00001973,2,79,81
WBGene00001974,27,858,885
WBGene00001975,27,359,386
WBGene00001976,9,2979,2988
WBGene00001977,0,418,418
WBGene00001978,79,474,553
WBGene00001979,9,255,264
WBGene00001980,444,1079,1523
WBGene00001981,0,3,3
WBGene00001983,35,245,280
WBGene00001984,24,95,119
WBGene00001985,1,11,12
WBGene00001986,20,313,333
WBGene00001987,172,155,327
WBGene00001988,38,187,225
WBGene00001989,13,125,138
WBGene00001990,55,522,577
WBGene00001991,11,64,75
WBGene00001992,11,61,72
WBGene00001993,7,960,967
WBGene00001994,52,1077,1129
WBGene00001995,35,292,327
WBGene00001996,150,250,400
WBGene00001997,33,63,96
WBGene00001998,3,52,55
WBGene00001999,20,3961,3981
WBGene00002000,92,3331,3423
WBGene00002001,143,1001,1144
WBGene00002002,38,722,760
WBGene00002003,19,88,107
WBGene00002004,72,235,307
WBGene00002005,231,14445,14676
WBGene00002007,149,7661,7810
WBGene00002008,56,378,434
WBGene00002010,30,3691,3721
WBGene00002011,533,3590,4123
WBGene00002012,1,65,66
WBGene00002013,0,14,14
WBGene00002015,0,0,0
WBGene00002016,8,787,795
WBGene00002017,0,200,200
WBGene00002018,9,620,629
WBGene00002019,0,13150,13150
WBGene00002020,0,0,0
WBGene00002021,60,210,270
WBGene00002023,285,3832,4117
WBGene00002024,18,258,276
WBGene00002025,334,12239,12573
WBGene00002026,1,24,25
WBGene00002027,62,965,1027
WBGene00002028,4,116,120
WBGene00002029,2,80,82
WBGene00002030,24,58,82
WBGene00002031,20,73,93
WBGene00002032,3,47,50
WBGene00002033,0,8,8
WBGene00002034,1,53,54
WBGene00002035,68,259,327
WBGene00002036,42,318,360
WBGene00002037,35,136,171
WBGene00002038,40,280,320
WBGene00002039,36,178,214
WBGene00002040,108,552,660
WBGene00002041,13,38,51
WBGene00002042,14,102,116
WBGene00002043,20,112,132
WBGene00002044,11,370,381
WBGene00002045,4125,20073,24198
WBGene00002046,70,686,756
WBGene00002047,31,286,317
WBGene00002048,198,1001,1199
WBGene00002050,143,428,571
WBGene00002051,0,6,6
WBGene00002052,32,183,215
WBGene00002053,69,1667,1736
WBGene00002054,13,328,341
WBGene00002055,2,112,114
WBGene00002056,52,227,279
WBGene00002057,3,21,24
WBGene00002058,3,31,34
WBGene00002059,83,706,789
WBGene00002060,26,1494,1520
WBGene00002061,10,488,498
WBGene00002062,16,267,283
WBGene00002063,34,61,95
WBGene00002064,770,1792,2562
WBGene00002065,275,30986,31261
WBGene00002066,141,2217,2358
WBGene00002067,14,86,100
WBGene00002068,6,191,197
WBGene00002069,99,634,733
WBGene00002070,14,568,582
WBGene00002071,18,795,813
WBGene00002072,15,128,143
WBGene00002073,6,504,510
WBGene00002074,51,1272,1323
WBGene00002075,32,370,402
WBGene00002076,117,303,420
WBGene00002077,144,2605,2749
WBGene00002078,66,808,874
WBGene00002079,4,227,231
WBGene00002080,40,344,384
WBGene00002081,6,198,204
WBGene00002083,45,5507,5552
WBGene00002084,6,259,265
WBGene00002085,0,6,6
WBGene00002086,16,155,171
WBGene00002087,0,6,6
WBGene00002088,6,37,43
WBGene00002089,6,44,50
WBGene00002090,0,1,1
WBGene00002091,1,0,1
WBGene00002092,9,34,43
WBGene00002093,11,52,63
WBGene00002094,1,5,6
WBGene00002095,4,4,8
WBGene00002096,242,4,246
WBGene00002097,5,68,73
WBGene00002098,1,12,13
WBGene00002099,1,5,6
WBGene00002100,46,950,996
WBGene00002101,51,192,243
WBGene00002102,2,10,12
WBGene00002103,1,0,1
WBGene00002104,3,2,5
WBGene00002105,12,60,72
WBGene00002106,0,2,2
WBGene00002107,1,25,26
WBGene00002108,8,4,12
WBGene00002109,65,234,299
WBGene00002110,461,1630,2091
WBGene00002111,33,210,243
WBGene00002112,15,56,71
WBGene00002113,14,301,315
WBGene00002114,1,10,11
WBGene00002115,1,4,5
WBGene00002116,12,47,59
WBGene00002117,3,4,7
WBGene00002118,3,20,23
WBGene00002119,8,7,15
WBGene00002120,1,47,48
WBGene00002121,1,2,3
WBGene00002123,195,805,1000
WBGene00002124,2,36,38
WBGene00002125,0,73,73
WBGene00002127,7,990,997
WBGene00002128,16,95,111
WBGene00002129,16,236,252
WBGene00002130,2,7,9
WBGene00002131,3,11,14
WBGene00002132,9,138,147
WBGene00002133,46,121,167
WBGene00002134,68,1700,1768
WBGene00002135,46,1731,1777
WBGene00002136,18,54,72
WBGene00002137,4,20,24
WBGene00002138,1,7,8
WBGene00002139,0,17,17
WBGene00002140,46,225,271
WBGene00002141,21,14,35
WBGene00002142,18,36,54
WBGene00002143,4,26,30
WBGene00002144,3,11,14
WBGene00002146,39,205,244
WBGene00002147,50,196,246
WBGene00002148,26,255,281
WBGene00002149,15,55,70
WBGene00002150,36,47,83
WBGene00002151,48,147,195
WBGene00002152,161,1661,1822
WBGene00002153,22,282,304
WBGene00002162,1725,8905,10630
WBGene00002163,66,210,276
WBGene00002169,96,514,610
WBGene00002173,98,293,391
WBGene00002174,14,95,109
WBGene00002175,121,334,455
WBGene00002176,157,249,406
WBGene00002177,16,45,61
WBGene00002178,29,323,352
WBGene00002179,150,1669,1819
WBGene00002180,6,180,186
WBGene00002181,26,96,122
WBGene00002182,32,63,95
WBGene00002183,661,4082,4743
WBGene00002184,90,126,216
WBGene00002185,327,468,795
WBGene00002186,0,0,0
WBGene00002187,105,587,692
WBGene00002188,1,0,1
WBGene00002189,717,2030,2747
WBGene00002190,188,3017,3205
WBGene00002191,189,2810,2999
WBGene00002192,65,345,410
WBGene00002193,1,0,1
WBGene00002194,20,97,117
WBGene00002195,6,84,90
WBGene00002196,42,1470,1512
WBGene00002198,54,83,137
WBGene00002199,29,114,143
WBGene00002200,19,106,125
WBGene00002201,24,290,314
WBGene00002202,107,2519,2626
WBGene00002203,145,611,756
WBGene00002204,1,0,1
WBGene00002205,8,11,19
WBGene00002206,0,0,0
WBGene00002207,19,119,138
WBGene00002208,2,3,5
WBGene00002210,143,508,651
WBGene00002211,4,28,32
WBGene00002213,26,230,256
WBGene00002214,13,263,276
WBGene00002215,320,1093,1413
WBGene00002216,48,575,623
WBGene00002217,54,547,601
WBGene00002218,8,17,25
WBGene00002219,14,278,292
WBGene00002220,26,166,192
WBGene00002222,96,705,801
WBGene00002223,336,675,1011
WBGene00002224,28,24,52
WBGene00002225,0,81,81
WBGene00002226,0,254,254
WBGene00002227,1,3,4
WBGene00002228,8,96,104
WBGene00002229,25,214,239
WBGene00002230,44,65,109
WBGene00002231,14,224,238
WBGene00002232,46,486,532
WBGene00002233,18,56,74
WBGene00002234,2,8,10
WBGene00002235,12,13,25
WBGene00002238,10,2657,2667
WBGene00002239,33,155,188
WBGene00002240,51,54,105
WBGene00002241,150,393,543
WBGene00002242,51,98,149
WBGene00002243,52,71,123
WBGene00002244,85,1622,1707
WBGene00002245,48,198,246
WBGene00002246,0,133,133
WBGene00002247,113,2125,2238
WBGene00002248,10,15,25
WBGene00002249,9,428,437
WBGene00002250,5,589,594
WBGene00002251,32,246,278
WBGene00002252,21,36,57
WBGene00002253,1040,1902,2942
WBGene00002254,9800,24891,34691
WBGene00002255,1899,4665,6564
WBGene00002256,35,838,873
WBGene00002257,170,1076,1246
WBGene00002258,201,1907,2108
WBGene00002259,6,86,92
WBGene00002260,2,10,12
WBGene00002261,123,775,898
WBGene00002262,1160,6685,7845
WBGene00002263,102,1114,1216
WBGene00002264,74,3742,3816
WBGene00002265,389,2503,2892
WBGene00002266,120,2669,2789
WBGene00002267,199,3267,3466
WBGene00002268,1056,3786,4842
WBGene00002269,319,1904,2223
WBGene00002270,2,53,55
WBGene00002271,86,2147,2233
WBGene00002272,99,877,976
WBGene00002273,19,1349,1368
WBGene00002274,5,65,70
WBGene00002275,6,117,123
WBGene00002276,14,150,164
WBGene00002278,110,285,395
WBGene00002280,844,17744,18588
WBGene00002282,31,221,252
WBGene00002295,106,1393,1499
WBGene00002297,25,92,117
WBGene00002299,37,142,179
WBGene00002324,4,161,165
WBGene00002335,32,1699,1731
WBGene00002344,137,6305,6442
WBGene00002348,24,1342,1366
WBGene00002363,29,1637,1666
WBGene00002368,3,55,58
WBGene00002393,11,309,320
WBGene00002497,198,910,1108
WBGene00002583,108,826,934
WBGene00002601,20,175,195
WBGene00002632,19,282,301
WBGene00002637,93,1735,1828
WBGene00002694,13,280,293
WBGene00002696,74,641,715
WBGene00002717,178,1251,1429
WBGene00002783,283,962,1245
WBGene00002804,5,650,655
WBGene00002827,51,493,544
WBGene00002845,46,855,901
WBGene00002850,115,1601,1716
WBGene00002855,52,1625,1677
WBGene00002879,207,2124,2331
WBGene00002881,175,1140,1315
WBGene00002889,78,516,594
WBGene00002891,14,781,795
WBGene00002915,69,1263,1332
WBGene00002957,48,645,693
WBGene00002974,139,323,462
WBGene00002975,14,83,97
WBGene00002976,92,261,353
WBGene00002977,186,547,733
WBGene00002978,1169,46624,47793
WBGene00002979,66,220,286
WBGene00002980,94,8306,8400
WBGene00002981,50,1886,1936
WBGene00002982,46,166,212
WBGene00002983,5,14,19
WBGene00002985,28,296,324
WBGene00002986,22,340,362
WBGene00002987,9,70,79
WBGene00002988,13,143,156
WBGene00002989,59,168,227
WBGene00002990,196,484,680
WBGene00002991,86,430,516
WBGene00002992,18,95,113
WBGene00002994,15,561,576
WBGene00002996,33,74,107
WBGene00002997,21,145,166
WBGene00002998,25,250,275
WBGene00002999,167,579,746
WBGene00003000,14,101,115
WBGene00003001,34,71,105
WBGene00003002,251,871,1122
WBGene00003003,222,196,418
WBGene00003006,27,105,132
WBGene00003007,46,213,259
WBGene00003008,8,11,19
WBGene00003009,32,368,400
WBGene00003010,99,660,759
WBGene00003011,41,396,437
WBGene00003012,101,403,504
WBGene00003014,66,1053,1119
WBGene00003015,25,25,50
WBGene00003017,10,53,63
WBGene00003018,15,113,128
WBGene00003019,129,858,987
WBGene00003020,40,277,317
WBGene00003021,36,292,328
WBGene00003022,19,152,171
WBGene00003024,100,667,767
WBGene00003025,133,1257,1390
WBGene00003026,19,661,680
WBGene00003029,4,57,61
WBGene00003030,36,359,395
WBGene00003031,4,25,29
WBGene00003033,2,30,32
WBGene00003034,51,291,342
WBGene00003035,41,178,219
WBGene00003036,1,1357,1358
WBGene00003037,13,185,198
WBGene00003038,3,139,142
WBGene00003040,94,805,899
WBGene00003041,52,324,376
WBGene00003043,25,335,360
WBGene00003044,49,414,463
WBGene00003045,64,300,364
WBGene00003046,12,54,66
WBGene00003047,67,527,594
WBGene00003048,572,1174,1746
WBGene00003052,48,2892,2940
WBGene00003053,11,1099,1110
WBGene00003055,39,748,787
WBGene00003056,23,146,169
WBGene00003057,39,128,167
WBGene00003058,0,1,1
WBGene00003059,52,276,328
WBGene00003060,228,613,841
WBGene00003061,358,3392,3750
WBGene00003062,17,1404,1421
WBGene00003063,61,2054,2115
WBGene00003064,2,473,475
WBGene00003065,95,2008,2103
WBGene00003066,84,646,730
WBGene00003068,59,295,354
WBGene00003071,91,1101,1192
WBGene00003072,104,1026,1130
WBGene00003073,60,2013,2073
WBGene00003074,41,394,435
WBGene00003075,2,4,6
WBGene00003076,117,564,681
WBGene00003077,11,490,501
WBGene00003078,27,742,769
WBGene00003079,0,1563,1563
WBGene00003080,70,863,933
WBGene00003081,255,819,1074
WBGene00003082,18,523,541
WBGene00003083,7,149,156
WBGene00003084,23,451,474
WBGene00003085,103,1436,1539
WBGene00003086,88,300,388
WBGene00003087,9,543,552
WBGene00003089,36,350,386
WBGene00003090,1,134,135
WBGene00003091,0,56,56
WBGene00003092,0,24,24
WBGene00003093,1,29,30
WBGene00003094,0,1,1
WBGene00003095,1,1,2
WBGene00003096,0,31,31
WBGene00003097,1,182,183
WBGene00003098,0,0,0
WBGene00003099,0,0,0
WBGene00003100,2,4,6
WBGene00003102,34,195,229
WBGene00003104,7,8,15
WBGene00003106,6,27,33
WBGene00003107,2,10,12
WBGene00003111,39,467,506
WBGene00003112,39,217,256
WBGene00003114,81,60,141
WBGene00003119,133,429,562
WBGene00003123,9,2273,2282
WBGene00003124,98,467,565
WBGene00003129,103,405,508
WBGene00003130,394,762,1156
WBGene00003132,27,332,359
WBGene00003133,70,291,361
WBGene00003134,29,184,213
WBGene00003136,32,169,201
WBGene00003142,53,195,248
WBGene00003143,87,525,612
WBGene00003144,89,503,592
WBGene00003148,9,1928,1937
WBGene00003149,117,451,568
WBGene00003150,177,948,1125
WBGene00003151,11,134,145
WBGene00003153,1450,4893,6343
WBGene00003154,23,386,409
WBGene00003155,10,355,365
WBGene00003156,8,599,607
WBGene00003157,8,597,605
WBGene00003158,18,473,491
WBGene00003159,2,551,553
WBGene00003160,41,532,573
WBGene00003161,47,356,403
WBGene00003162,39,9851,9890
WBGene00003163,31,1716,1747
WBGene00003164,11,75,86
WBGene00003165,12,67,79
WBGene00003166,153,251,404
WBGene00003167,9,66,75
WBGene00003168,16,24,40
WBGene00003169,315,1366,1681
WBGene00003170,37,116,153
WBGene00003171,161,870,1031
WBGene00003172,43,553,596
WBGene00003173,9,39,48
WBGene00003174,5,15,20
WBGene00003175,51,1046,1097
WBGene00003176,1,5,6
WBGene00003177,43,172,215
WBGene00003178,15,403,418
WBGene00003179,5,91,96
WBGene00003180,3,2,5
WBGene00003181,0,11,11
WBGene00003182,83,807,890
WBGene00003183,1,157,158
WBGene00003184,4,45,49
WBGene00003185,0,393,393
WBGene00003186,36,526,562
WBGene00003196,91,300,391
WBGene00003209,100,415,515
WBGene00003210,76,358,434
WBGene00003214,89,908,997
WBGene00003216,0,28,28
WBGene00003218,17,717,734
WBGene00003219,1,4,5
WBGene00003220,29,131,160
WBGene00003221,54,213,267
WBGene00003222,22,155,177
WBGene00003224,9,24,33
WBGene00003225,588,4079,4667
WBGene00003228,4,16,20
WBGene00003229,30,405,435
WBGene00003230,1,21,22
WBGene00003231,1,10,11
WBGene00003232,29,85,114
WBGene00003233,33,43,76
WBGene00003234,210,575,785
WBGene00003235,252,801,1053
WBGene00003236,0,93,93
WBGene00003237,70,273,343
WBGene00003238,102,385,487
WBGene00003239,32,725,757
WBGene00003241,46,275,321
WBGene00003242,1640,5211,6851
WBGene00003243,97,890,987
WBGene00003245,5,91,96
WBGene00003246,57,159,216
WBGene00003247,192,1082,1274
WBGene00003248,44,146,190
WBGene00003249,234,1199,1433
WBGene00003252,2,4,6
WBGene00003253,6,422,428
WBGene00003254,11,183,194
WBGene00003258,147,91,238
WBGene00003367,159,1075,1234
WBGene00003368,26,234,260
WBGene00003369,152,16867,17019
WBGene00003370,15338,38131,53469
WBGene00003371,111,78003,78114
WBGene00003372,402,1568,1970
WBGene00003373,11,55,66
WBGene00003374,73,192,265
WBGene00003375,347,2012,2359
WBGene00003376,18,46,64
WBGene00003377,6,73,79
WBGene00003378,149,540,689
WBGene00003380,13,46,59
WBGene00003384,6,113,119
WBGene00003385,63,222,285
WBGene00003386,27,155,182
WBGene00003387,32,40,72
WBGene00003388,5,41,46
WBGene00003389,18,400,418
WBGene00003390,6,327,333
WBGene00003391,351,1161,1512
WBGene00003392,56,386,442
WBGene00003393,78,666,744
WBGene00003394,4,27,31
WBGene00003395,0,16,16
WBGene00003396,33,192,225
WBGene00003397,21,140,161
WBGene00003400,71,260,331
WBGene00003401,96,973,1069
WBGene00003402,37,116,153
WBGene00003403,10,40,50
WBGene00003404,404,1123,1527
WBGene00003405,13,180,193
WBGene00003406,20,730,750
WBGene00003407,256,996,1252
WBGene00003408,86,284,370
WBGene00003409,6,33,39
WBGene00003410,1,8,9
WBGene00003411,22,180,202
WBGene00003412,28,159,187
WBGene00003413,524,119,643
WBGene00003414,46,43,89
WBGene00003415,58,2438,2496
WBGene00003417,28,130,158
WBGene00003418,22,151,173
WBGene00003421,20,64,84
WBGene00003422,25,218,243
WBGene00003423,257,545,802
WBGene00003424,0,0,0
WBGene00003425,0,0,0
WBGene00003426,2,2,4
WBGene00003429,0,0,0
WBGene00003430,0,0,0
WBGene00003431,0,0,0
WBGene00003432,0,0,0
WBGene00003434,0,1,1
WBGene00003435,0,5,5
WBGene00003438,0,0,0
WBGene00003442,0,5,5
WBGene00003443,0,12,12
WBGene00003444,0,9,9
WBGene00003446,0,0,0
WBGene00003448,0,0,0
WBGene00003449,0,0,0
WBGene00003450,0,0,0
WBGene00003451,0,0,0
WBGene00003452,0,0,0
WBGene00003456,0,0,0
WBGene00003457,0,0,0
WBGene00003458,0,2,2
WBGene00003462,0,1,1
WBGene00003463,0,2,2
WBGene00003464,0,0,0
WBGene00003465,0,0,0
WBGene00003466,0,0,0
WBGene00003467,0,0,0
WBGene00003468,0,0,0
WBGene00003469,0,0,0
WBGene00003470,0,0,0
WBGene00003471,8,54,62
WBGene00003472,80,338,418
WBGene00003473,0,71,71
WBGene00003474,8,62,70
WBGene00003475,71,192,263
WBGene00003476,271,825,1096
WBGene00003477,14,144,158
WBGene00003478,100,257,357
WBGene00003479,55,268,323
WBGene00003480,10,139,149
WBGene00003482,101,898,999
WBGene00003485,186,1205,1391
WBGene00003495,329,20214,20543
WBGene00003497,37,740,777
WBGene00003499,4,28,32
WBGene00003504,0,144,144
WBGene00003507,0,51,51
WBGene00003508,31,180,211
WBGene00003509,25,148,173
WBGene00003510,76,273,349
WBGene00003511,19,2298,2317
WBGene00003514,62,2248,2310
WBGene00003515,104,4386,4490
WBGene00003516,32,310,342
WBGene00003517,24,203,227
WBGene00003518,9,31,40
WBGene00003519,57,1369,1426
WBGene00003520,7,14,21
WBGene00003521,0,0,0
WBGene00003522,32,228,260
WBGene00003523,10,11,21
WBGene00003524,2,34,36
WBGene00003525,7,8,15
WBGene00003526,1,14,15
WBGene00003527,7,31,38
WBGene00003528,3,49,52
WBGene00003529,2,3,5
WBGene00003530,43,184,227
WBGene00003531,1,17,18
WBGene00003532,4,5,9
WBGene00003533,1,0,1
WBGene00003534,0,0,0
WBGene00003535,0,0,0
WBGene00003536,0,0,0
WBGene00003537,0,0,0
WBGene00003538,0,0,0
WBGene00003539,0,1,1
WBGene00003540,0,0,0
WBGene00003541,7,0,7
WBGene00003542,1,4,5
WBGene00003543,3,1,4
WBGene00003544,15,61,76
WBGene00003545,3,1,4
WBGene00003546,4,20,24
WBGene00003547,5,15,20
WBGene00003548,2,1,3
WBGene00003549,23,251,274
WBGene00003550,183,406,589
WBGene00003551,1,17,18
WBGene00003552,65,105,170
WBGene00003553,38,174,212
WBGene00003554,2,0,2
WBGene00003555,45,69,114
WBGene00003558,52,160,212
WBGene00003559,246,2242,2488
WBGene00003561,62,136,198
WBGene00003562,6,17,23
WBGene00003563,36,68,104
WBGene00003564,11,1636,1647
WBGene00003565,99,557,656
WBGene00003566,149,623,772
WBGene00003567,166,3017,3183
WBGene00003568,45,405,450
WBGene00003569,29,331,360
WBGene00003570,0,12,12
WBGene00003571,1,1,2
WBGene00003572,2,13,15
WBGene00003573,0,11,11
WBGene00003574,0,0,0
WBGene00003575,2,16,18
WBGene00003576,81,251,332
WBGene00003577,12,33,45
WBGene00003578,239,583,822
WBGene00003579,5,98,103
WBGene00003580,26,128,154
WBGene00003581,39,353,392
WBGene00003582,75,250,325
WBGene00003583,19,148,167
WBGene00003584,32,260,292
WBGene00003585,6,10,16
WBGene00003586,3,112,115
WBGene00003587,85,1809,1894
WBGene00003588,3,2211,2214
WBGene00003589,47,516,563
WBGene00003590,30,87,117
WBGene00003591,37,201,238
WBGene00003592,80,427,507
WBGene00003593,78,252,330
WBGene00003594,62,247,309
WBGene00003595,0,0,0
WBGene00003596,211,1825,2036
WBGene00003597,105,526,631
WBGene00003598,21,269,290
WBGene00003599,65,295,360
WBGene00003600,402,1156,1558
WBGene00003601,1,29,30
WBGene00003602,22,325,347
WBGene00003603,43,285,328
WBGene00003604,15,71,86
WBGene00003605,38,325,363
WBGene00003606,95,314,409
WBGene00003607,8,25,33
WBGene00003608,0,15,15
WBGene00003609,66,445,511
WBGene00003610,33,99,132
WBGene00003611,45,190,235
WBGene00003612,35,65,100
WBGene00003613,7,218,225
WBGene00003614,23,137,160
WBGene00003615,0,13,13
WBGene00003616,82,167,249
WBGene00003617,2,45,47
WBGene00003618,167,997,1164
WBGene00003619,73,515,588
WBGene00003620,115,279,394
WBGene00003621,33,94,127
WBGene00003622,67,366,433
WBGene00003623,16,201,217
WBGene00003624,23,268,291
WBGene00003625,54,434,488
WBGene00003626,53,283,336
WBGene00003627,154,472,626
WBGene00003628,87,251,338
WBGene00003629,0,2,2
WBGene00003630,284,663,947
WBGene00003632,39,308,347
WBGene00003633,16,120,136
WBGene00003634,42,126,168
WBGene00003635,10,205,215
WBGene00003636,99,454,553
WBGene00003637,67,374,441
WBGene00003638,30,265,295
WBGene00003639,38,702,740
WBGene00003640,51,216,267
WBGene00003641,2,2,4
WBGene00003642,0,5,5
WBGene00003643,6,12,18
WBGene00003644,4,21,25
WBGene00003645,10,46,56
WBGene00003646,10,162,172
WBGene00003647,24,113,137
WBGene00003648,4,69,73
WBGene00003649,5,54,59
WBGene00003650,4,42,46
WBGene00003651,86,172,258
WBGene00003652,28,92,120
WBGene00003653,9,100,109
WBGene00003654,52,105,157
WBGene00003655,25,98,123
WBGene00003656,47,324,371
WBGene00003657,5,155,160
WBGene00003658,125,861,986
WBGene00003659,12,111,123
WBGene00003660,36,224,260
WBGene00003661,37,262,299
WBGene00003662,0,1,1
WBGene00003663,1,120,121
WBGene00003664,93,429,522
WBGene00003667,0,0,0
WBGene00003668,91,138,229
WBGene00003669,8,25,33
WBGene00003670,7,59,66
WBGene00003671,0,0,0
WBGene00003672,0,0,0
WBGene00003674,12,188,200
WBGene00003675,66,278,344
WBGene00003676,61,181,242
WBGene00003677,44,196,240
WBGene00003678,90,872,962
WBGene00003679,0,0,0
WBGene00003680,17,58,75
WBGene00003681,37,334,371
WBGene00003682,4,2,6
WBGene00003683,4,26,30
WBGene00003684,9,47,56
WBGene00003685,70,183,253
WBGene00003686,3,23,26
WBGene00003687,108,1797,1905
WBGene00003688,24,125,149
WBGene00003689,1,13,14
WBGene00003690,97,600,697
WBGene00003691,226,610,836
WBGene00003692,4,60,64
WBGene00003693,4,34,38
WBGene00003694,71,98,169
WBGene00003695,320,1187,1507
WBGene00003696,1,6,7
WBGene00003697,28,128,156
WBGene00003698,2,6,8
WBGene00003699,5,43,48
WBGene00003700,2,11,13
WBGene00003701,3,3,6
WBGene00003702,14,148,162
WBGene00003703,27,210,237
WBGene00003704,240,1203,1443
WBGene00003705,10,15,25
WBGene00003706,6,27,33
WBGene00003707,17,108,125
WBGene00003708,0,0,0
WBGene00003709,23,36,59
WBGene00003710,20,141,161
WBGene00003711,0,4,4
WBGene00003712,14,105,119
WBGene00003713,7,30,37
WBGene00003714,4,10,14
WBGene00003715,64,60,124
WBGene00003716,3,20,23
WBGene00003717,5,29,34
WBGene00003718,13,31,44
WBGene00003719,9,101,110
WBGene00003720,3,20,23
WBGene00003721,13,108,121
WBGene00003722,36,141,177
WBGene00003723,5,133,138
WBGene00003724,8,118,126
WBGene00003725,22,122,144
WBGene00003726,30,235,265
WBGene00003727,62,97,159
WBGene00003728,141,472,613
WBGene00003729,10,54,64
WBGene00003730,2,26,28
WBGene00003731,15,35,50
WBGene00003732,17,90,107
WBGene00003733,11,87,98
WBGene00003734,0,0,0
WBGene00003735,34,140,174
WBGene00003736,14,45,59
WBGene00003738,9,185,194
WBGene00003739,48,236,284
WBGene00003740,3,146,149
WBGene00003741,1,784,785
WBGene00003742,0,9,9
WBGene00003743,42,133,175
WBGene00003744,68,532,600
WBGene00003745,44,373,417
WBGene00003746,5,627,632
WBGene00003747,9,328,337
WBGene00003748,96,881,977
WBGene00003749,115,990,1105
WBGene00003750,137,564,701
WBGene00003751,9,1008,1017
WBGene00003752,3,471,474
WBGene00003753,253,756,1009
WBGene00003754,9,343,352
WBGene00003755,27,603,630
WBGene00003756,235,2714,2949
WBGene00003757,12,135,147
WBGene00003758,72,341,413
WBGene00003759,310,867,1177
WBGene00003760,0,3,3
WBGene00003761,0,12,12
WBGene00003762,364,1808,2172
WBGene00003763,22,38,60
WBGene00003764,81,468,549
WBGene00003765,114,923,1037
WBGene00003766,32,314,346
WBGene00003767,216,2182,2398
WBGene00003768,40,354,394
WBGene00003769,130,1110,1240
WBGene00003770,15,53,68
WBGene00003771,1207,4909,6116
WBGene00003772,27,129,156
WBGene00003773,41,126,167
WBGene00003774,4,16,20
WBGene00003775,23,33,56
WBGene00003776,166,1071,1237
WBGene00003777,78,1019,1097
WBGene00003778,7,19,26
WBGene00003779,3,69,72
WBGene00003783,1,17,18
WBGene00003784,0,5,5
WBGene00003785,15,254,269
WBGene00003786,100,347,447
WBGene00003787,17,322,339
WBGene00003788,175,491,666
WBGene00003789,42,439,481
WBGene00003790,13,234,247
WBGene00003791,5,293,298
WBGene00003792,77,454,531
WBGene00003793,15,463,478
WBGene00003794,128,342,470
WBGene00003795,11,854,865
WBGene00003796,57,614,671
WBGene00003797,65,592,657
WBGene00003798,19,583,602
WBGene00003799,186,523,709
WBGene00003800,8,505,513
WBGene00003801,6,245,251
WBGene00003802,11,860,871
WBGene00003803,9,544,553
WBGene00003804,24,441,465
WBGene00003805,19,333,352
WBGene00003806,103,665,768
WBGene00003807,21,37,58
WBGene00003808,27,180,207
WBGene00003812,21,596,617
WBGene00003813,12,72,84
WBGene00003815,79,1466,1545
WBGene00003816,0,86,86
WBGene00003818,59,657,716
WBGene00003821,160,1962,2122
WBGene00003822,22,464,486
WBGene00003825,64,1398,1462
WBGene00003826,216,507,723
WBGene00003827,55,553,608
WBGene00003828,23,76,99
WBGene00003829,6,742,748
WBGene00003830,40,278,318
WBGene00003831,1154,4221,5375
WBGene00003834,33,155,188
WBGene00003835,6,68,74
WBGene00003836,358,920,1278
WBGene00003837,180,639,819
WBGene00003838,4,30,34
WBGene00003839,9,35,44
WBGene00003840,4,18,22
WBGene00003841,5,18,23
WBGene00003842,22,45,67
WBGene00003843,12,160,172
WBGene00003844,1,289,290
WBGene00003845,0,2,2
WBGene00003846,1,82,83
WBGene00003847,32,356,388
WBGene00003848,4,7,11
WBGene00003849,63,281,344
WBGene00003850,11,95,106
WBGene00003851,53,475,528
WBGene00003854,4,6,10
WBGene00003856,17,53,70
WBGene00003858,172,1145,1317
WBGene00003859,51,203,254
WBGene00003860,228,1011,1239
WBGene00003861,42,313,355
WBGene00003862,6,35,41
WBGene00003863,0,0,0
WBGene00003864,0,13,13
WBGene00003865,3,16,19
WBGene00003868,39,245,284
WBGene00003870,7,250,257
WBGene00003876,10,55,65
WBGene00003877,7,81,88
WBGene00003878,7,114,121
WBGene00003879,0,1,1
WBGene00003882,19,142,161
WBGene00003883,26,82,108
WBGene00003884,21,51,72
WBGene00003885,35,57,92
WBGene00003886,11,52,63
WBGene00003887,29,136,165
WBGene00003888,0,5,5
WBGene00003889,3,26,29
WBGene00003890,6,26,32
WBGene00003891,10,1965,1975
WBGene00003892,19,32,51
WBGene00003893,9609,53744,63353
WBGene00003898,26,211,237
WBGene00003901,54,1720,1774
WBGene00003902,634,26642,27276
WBGene00003903,33,3134,3167
WBGene00003904,23,1264,1287
WBGene00003905,166,407,573
WBGene00003906,1,6,7
WBGene00003907,93,277,370
WBGene00003909,10,73,83
WBGene00003911,57,444,501
WBGene00003912,5,30,35
WBGene00003914,156,739,895
WBGene00003915,266,1991,2257
WBGene00003916,405,1061,1466
WBGene00003917,40,126,166
WBGene00003918,35,262,297
WBGene00003919,49,82,131
WBGene00003920,245,11049,11294
WBGene00003921,25,171,196
WBGene00003922,11,707,718
WBGene00003923,6,1894,1900
WBGene00003924,11,2113,2124
WBGene00003925,239,1605,1844
WBGene00003926,217,2763,2980
WBGene00003927,27,1771,1798
WBGene00003928,8,1077,1085
WBGene00003929,134,1911,2045
WBGene00003930,75,1814,1889
WBGene00003931,103,1530,1633
WBGene00003932,321,1528,1849
WBGene00003933,38,543,581
WBGene00003934,31323,112330,143653
WBGene00003936,106,853,959
WBGene00003937,1,2,3
WBGene00003938,0,8,8
WBGene00003939,12,122,134
WBGene00003941,84,239,323
WBGene00003943,8,30,38
WBGene00003947,14,1511,1525
WBGene00003948,3,1664,1667
WBGene00003949,29,1397,1426
WBGene00003950,216,1894,2110
WBGene00003951,77,927,1004
WBGene00003952,356,1317,1673
WBGene00003953,23,1997,2020
WBGene00003954,142,423,565
WBGene00003955,0,1474,1474
WBGene00003956,2,87,89
WBGene00003957,0,31,31
WBGene00003958,9,74,83
WBGene00003959,3,21,24
WBGene00003960,70,364,434
WBGene00003961,86,644,730
WBGene00003962,278,3245,3523
WBGene00003963,92,10889,10981
WBGene00003964,623,9202,9825
WBGene00003965,12,173,185
WBGene00003966,292,595,887
WBGene00003967,77,354,431
WBGene00003968,7,234,241
WBGene00003969,78,160,238
WBGene00003970,23,248,271
WBGene00003975,89,249,338
WBGene00003976,1,23,24
WBGene00003977,0,0,0
WBGene00003978,93,320,413
WBGene00003979,0,92,92
WBGene00003980,63,175,238
WBGene00003981,2,1,3
WBGene00003982,0,433,433
WBGene00003983,0,1,1
WBGene00003986,17,279,296
WBGene00003987,3,6,9
WBGene00003989,9,1719,1728
WBGene00003990,24,793,817
WBGene00003991,439,1955,2394
WBGene00003992,5,303,308
WBGene00003993,17,99,116
WBGene00003994,4,56,60
WBGene00003995,23,110,133
WBGene00003996,40,237,277
WBGene00003997,4,24,28
WBGene00003998,17,48,65
WBGene00003999,3,10,13
WBGene00004000,2,17,19
WBGene00004001,0,2,2
WBGene00004002,6,9,15
WBGene00004003,12,37,49
WBGene00004004,38,274,312
WBGene00004005,7,12,19
WBGene00004006,3,22,25
WBGene00004007,0,0,0
WBGene00004008,0,16,16
WBGene00004010,11,184,195
WBGene00004011,1,9,10
WBGene00004013,309,292,601
WBGene00004014,29,7346,7375
WBGene00004015,28,6315,6343
WBGene00004016,88,199,287
WBGene00004017,3,46,49
WBGene00004020,7,16,23
WBGene00004023,97,284,381
WBGene00004024,14,67,81
WBGene00004025,58,579,637
WBGene00004026,15,4,19
WBGene00004027,3,20,23
WBGene00004028,26,32,58
WBGene00004029,38,73,111
WBGene00004030,20,62,82
WBGene00004031,17,220,237
WBGene00004032,156,1134,1290
WBGene00004033,151,402,553
WBGene00004034,43,240,283
WBGene00004035,66,171,237
WBGene00004036,90,250,340
WBGene00004037,14,73,87
WBGene00004038,8,95,103
WBGene00004039,58,771,829
WBGene00004040,67,557,624
WBGene00004042,1,318,319
WBGene00004043,4,58,62
WBGene00004044,1,41,42
WBGene00004045,138,351,489
WBGene00004046,95,3144,3239
WBGene00004047,168,290,458
WBGene00004048,13,108,121
WBGene00004049,79,124,203
WBGene00004050,2,166,168
WBGene00004051,25,239,264
WBGene00004052,0,2,2
WBGene00004053,52,689,741
WBGene00004055,41,174,215
WBGene00004056,26,250,276
WBGene00004057,22,245,267
WBGene00004058,8,57,65
WBGene00004059,31,123,154
WBGene00004060,68,354,422
WBGene00004061,2,33,35
WBGene00004062,19,140,159
WBGene00004063,47,317,364
WBGene00004064,299,307,606
WBGene00004068,31,209,240
WBGene00004075,15,264,279
WBGene00004076,116,909,1025
WBGene00004077,59,184,243
WBGene00004078,0,18,18
WBGene00004083,26,361,387
WBGene00004084,0,0,0
WBGene00004085,35,628,663
WBGene00004086,15,72,87
WBGene00004087,90,493,583
WBGene00004088,142,622,764
WBGene00004089,11,133,144
WBGene00004090,131,347,478
WBGene00004091,93,636,729
WBGene00004092,43,236,279
WBGene00004093,3,233,236
WBGene00004094,10,226,236
WBGene00004095,105,977,1082
WBGene00004096,6,89,95
WBGene00004097,1,0,1
WBGene00004098,0,0,0
WBGene00004099,0,5,5
WBGene00004100,34,88,122
WBGene00004101,51,336,387
WBGene00004102,9,6,15
WBGene00004103,0,0,0
WBGene00004104,0,11,11
WBGene00004105,30,239,269
WBGene00004106,73,50,123
WBGene00004107,1,4,5
WBGene00004108,84,330,414
WBGene00004109,76,347,423
WBGene00004110,61,152,213
WBGene00004111,52,307,359
WBGene00004112,142,3194,3336
WBGene00004113,182,2561,2743
WBGene00004114,1,86,87
WBGene00004115,6,1,7
WBGene00004116,84,372,456
WBGene00004117,0,240,240
WBGene00004118,11,55,66
WBGene00004119,38,283,321
WBGene00004120,2,14,16
WBGene00004121,95,357,452
WBGene00004122,36,407,443
WBGene00004123,34,90,124
WBGene00004124,21,145,166
WBGene00004125,31,157,188
WBGene00004126,93,362,455
WBGene00004127,6,6,12
WBGene00004128,841,1224,2065
WBGene00004129,5,293,298
WBGene00004130,248,5020,5268
WBGene00004131,998,3637,4635
WBGene00004132,70,573,643
WBGene00004133,3,36,39
WBGene00004134,276,1658,1934
WBGene00004135,1105,3936,5041
WBGene00004136,52,1545,1597
WBGene00004138,183,875,1058
WBGene00004139,1,9,10
WBGene00004140,27,398,425
WBGene00004141,0,0,0
WBGene00004143,107,3328,3435
WBGene00004144,8,279,287
WBGene00004145,129,906,1035
WBGene00004146,0,7,7
WBGene00004147,113,354,467
WBGene00004148,96,403,499
WBGene00004149,0,1,1
WBGene00004150,2,6,8
WBGene00004151,110,376,486
WBGene00004152,111,1094,1205
WBGene00004153,0,0,0
WBGene00004154,13,12,25
WBGene00004155,0,7,7
WBGene00004156,2,54,56
WBGene00004157,2,496,498
WBGene00004158,0,0,0
WBGene00004159,0,0,0
WBGene00004160,0,0,0
WBGene00004161,175,374,549
WBGene00004163,6,18,24
WBGene00004164,108,710,818
WBGene00004165,3,3,6
WBGene00004166,93,437,530
WBGene00004167,352,1832,2184
WBGene00004168,5,150,155
WBGene00004169,17,120,137
WBGene00004170,0,0,0
WBGene00004171,0,0,0
WBGene00004172,17,186,203
WBGene00004173,93,781,874
WBGene00004174,0,15,15
WBGene00004175,2,118,120
WBGene00004176,0,0,0
WBGene00004177,0,3,3
WBGene00004178,17,565,582
WBGene00004179,6,158,164
WBGene00004180,38,211,249
WBGene00004181,59,234,293
WBGene00004182,138,531,669
WBGene00004183,21,19,40
WBGene00004184,26,792,818
WBGene00004185,24,1428,1452
WBGene00004186,68,602,670
WBGene00004187,98,2248,2346
WBGene00004188,50,512,562
WBGene00004189,314,2112,2426
WBGene00004190,29,303,332
WBGene00004191,21,20,41
WBGene00004192,271,116,387
WBGene00004193,9,32,41
WBGene00004194,15,61,76
WBGene00004195,7,28,35
WBGene00004196,0,74,74
WBGene00004197,18,48,66
WBGene00004198,7,69,76
WBGene00004199,1,102,103
WBGene00004201,38,1553,1591
WBGene00004202,153,416,569
WBGene00004203,77,542,619
WBGene00004204,239,1680,1919
WBGene00004205,10,93,103
WBGene00004206,35,218,253
WBGene00004207,54,388,442
WBGene00004208,76,1275,1351
WBGene00004209,0,0,0
WBGene00004210,38,285,323
WBGene00004211,5,6,11
WBGene00004212,151,353,504
WBGene00004213,110,493,603
WBGene00004214,15,439,454
WBGene00004215,236,526,762
WBGene00004216,10,73,83
WBGene00004217,8,20,28
WBGene00004218,6,35,41
WBGene00004219,20,326,346
WBGene00004220,33,142,175
WBGene00004221,7,74,81
WBGene00004222,23,301,324
WBGene00004223,2,5,7
WBGene00004224,46,145,191
WBGene00004225,5,54,59
WBGene00004226,53,556,609
WBGene00004227,25,105,130
WBGene00004228,29,217,246
WBGene00004229,4,45,49
WBGene00004230,35,3,38
WBGene00004231,5,9,14
WBGene00004232,18,45,63
WBGene00004233,0,0,0
WBGene00004234,1,13,14
WBGene00004235,18,150,168
WBGene00004236,74,1,75
WBGene00004237,5,207,212
WBGene00004238,81,307,388
WBGene00004239,0,20,20
WBGene00004241,0,6,6
WBGene00004242,1,13,14
WBGene00004243,0,14,14
WBGene00004244,12,83,95
WBGene00004245,62,1051,1113
WBGene00004248,4,454,458
WBGene00004249,227,934,1161
WBGene00004254,73,332,405
WBGene00004255,8,24,32
WBGene00004256,148,212,360
WBGene00004257,34,107,141
WBGene00004258,178,4146,4324
WBGene00004259,7,305,312
WBGene00004264,8,148,156
WBGene00004265,61,155,216
WBGene00004266,43,2694,2737
WBGene00004267,26,790,816
WBGene00004268,54,1252,1306
WBGene00004269,32,315,347
WBGene00004270,35,944,979
WBGene00004271,63,513,576
WBGene00004272,7,852,859
WBGene00004273,29,1155,1184
WBGene00004274,43,3593,3636
WBGene00004275,13,6,19
WBGene00004276,14,558,572
WBGene00004277,31,485,516
WBGene00004278,124,1346,1470
WBGene00004279,10,68,78
WBGene00004281,18,63,81
WBGene00004282,28,279,307
WBGene00004283,9,99,108
WBGene00004284,28,336,364
WBGene00004285,23,102,125
WBGene00004286,20,373,393
WBGene00004287,0,1,1
WBGene00004296,54,400,454
WBGene00004297,10,173,183
WBGene00004298,6,28,34
WBGene00004300,0,2099,2099
WBGene00004301,4,7,11
WBGene00004302,675,9048,9723
WBGene00004303,30,464,494
WBGene00004304,63,817,880
WBGene00004305,42,1740,1782
WBGene00004306,33,492,525
WBGene00004307,44,852,896
WBGene00004308,26,367,393
WBGene00004309,3,7,10
WBGene00004310,95,969,1064
WBGene00004311,168,575,743
WBGene00004312,85,282,367
WBGene00004313,43,487,530
WBGene00004314,154,268,422
WBGene00004315,47,927,974
WBGene00004316,215,405,620
WBGene00004317,37,212,249
WBGene00004318,76,421,497
WBGene00004319,46,624,670
WBGene00004320,130,1232,1362
WBGene00004321,13,845,858
WBGene00004322,74,251,325
WBGene00004323,65,349,414
WBGene00004324,35,153,188
WBGene00004326,27,841,868
WBGene00004328,0,33,33
WBGene00004332,2,63,65
WBGene00004333,16,39,55
WBGene00004334,0,27,27
WBGene00004335,37,229,266
WBGene00004336,317,3942,4259
WBGene00004337,95,488,583
WBGene00004338,84,247,331
WBGene00004339,36,130,166
WBGene00004340,70,353,423
WBGene00004341,38,233,271
WBGene00004342,0,8,8
WBGene00004343,36,349,385
WBGene00004344,15,161,176
WBGene00004345,95,251,346
WBGene00004346,14,125,139
WBGene00004347,139,29,168
WBGene00004348,10,231,241
WBGene00004349,62,270,332
WBGene00004350,45,250,295
WBGene00004351,0,0,0
WBGene00004352,0,1,1
WBGene00004353,2,1,3
WBGene00004354,1,4,5
WBGene00004355,23,379,402
WBGene00004356,9,419,428
WBGene00004357,311,2340,2651
WBGene00004358,167,818,985
WBGene00004359,13,42,55
WBGene00004360,19,193,212
WBGene00004361,6,71,77
WBGene00004363,30,560,590
WBGene00004364,106,1562,1668
WBGene00004367,78,311,389
WBGene00004368,63,168,231
WBGene00004369,50,244,294
WBGene00004370,9,328,337
WBGene00004371,27,347,374
WBGene00004372,28,71,99
WBGene00004373,128,818,946
WBGene00004374,3,14,17
WBGene00004375,26,189,215
WBGene00004377,16,145,161
WBGene00004378,47,433,480
WBGene00004380,24,99,123
WBGene00004381,23,303,326
WBGene00004382,276,752,1028
WBGene00004383,11,208,219
WBGene00004384,177,287,464
WBGene00004385,88,628,716
WBGene00004386,58,722,780
WBGene00004387,117,2099,2216
WBGene00004388,125,908,1033
WBGene00004389,175,798,973
WBGene00004390,178,1379,1557
WBGene00004391,20,930,950
WBGene00004392,11,1029,1040
WBGene00004393,82,189,271
WBGene00004394,0,0,0
WBGene00004395,15,146,161
WBGene00004397,16,81,97
WBGene00004398,77,356,433
WBGene00004400,1,79,80
WBGene00004401,84,119,203
WBGene00004402,0,0,0
WBGene00004403,81,215,296
WBGene00004404,47,139,186
WBGene00004405,17,552,569
WBGene00004408,128,93048,93176
WBGene00004409,7971,36558,44529
WBGene00004410,18397,36142,54539
WBGene00004411,48,484,532
WBGene00004412,22493,62238,84731
WBGene00004413,328,62171,62499
WBGene00004414,6704,63915,70619
WBGene00004415,124,36232,36356
WBGene00004416,12685,68693,81378
WBGene00004417,11696,56754,68450
WBGene00004418,18344,65039,83383
WBGene00004419,18485,77501,95986
WBGene00004420,18069,51797,69866
WBGene00004421,8532,80460,88992
WBGene00004422,408,3471,3879
WBGene00004423,19602,64051,83653
WBGene00004424,35468,122151,157619
WBGene00004425,12560,76235,88795
WBGene00004426,11994,51747,63741
WBGene00004427,1301,66346,67647
WBGene00004428,13951,65203,79154
WBGene00004429,31897,60342,92239
WBGene00004430,20906,64632,85538
WBGene00004431,13134,65098,78232
WBGene00004432,865,61227,62092
WBGene00004433,7954,64584,72538
WBGene00004434,12929,50092,63021
WBGene00004435,9370,52323,61693
WBGene00004436,24262,71657,95919
WBGene00004437,528,3755,4283
WBGene00004438,3864,11547,15411
WBGene00004439,9197,22527,31724
WBGene00004440,12075,45515,57590
WBGene00004441,11338,27188,38526
WBGene00004442,8970,30687,39657
WBGene00004443,34720,33727,68447
WBGene00004444,10148,36736,46884
WBGene00004445,757,45127,45884
WBGene00004446,27615,73628,101243
WBGene00004447,24739,50557,75296
WBGene00004448,7093,43755,50848
WBGene00004449,17482,66589,84071
WBGene00004450,7932,71264,79196
WBGene00004451,25769,200,25969
WBGene00004452,9209,73097,82306
WBGene00004453,4003,60049,64052
WBGene00004454,15666,50194,65860
WBGene00004455,1,2,3
WBGene00004456,0,59600,59600
WBGene00004457,3,208,211
WBGene00004458,47,970,1017
WBGene00004459,9,971,980
WBGene00004460,22,1386,1408
WBGene00004461,21,1143,1164
WBGene00004462,44,812,856
WBGene00004463,27,1364,1391
WBGene00004464,244,1243,1487
WBGene00004465,155,1344,1499
WBGene00004466,27,756,783
WBGene00004467,8,1261,1269
WBGene00004468,217,953,1170
WBGene00004469,1061,50810,51871
WBGene00004470,6620,60750,67370
WBGene00004471,50,49452,49502
WBGene00004472,15786,63094,78880
WBGene00004473,13804,56368,70172
WBGene00004474,21955,78304,100259
WBGene00004475,4414,35200,39614
WBGene00004476,28650,73296,101946
WBGene00004477,20016,70615,90631
WBGene00004478,21270,99361,120631
WBGene00004479,15747,60228,75975
WBGene00004480,36910,86834,123744
WBGene00004481,3215,63441,66656
WBGene00004482,9209,46191,55400
WBGene00004483,21445,82876,104321
WBGene00004484,20856,65107,85963
WBGene00004485,1840,23734,25574
WBGene00004486,10555,45678,56233
WBGene00004487,22601,72686,95287
WBGene00004488,19989,55792,75781
WBGene00004489,14077,62791,76868
WBGene00004490,21017,39663,60680
WBGene00004491,1071,42037,43108
WBGene00004492,17867,74617,92484
WBGene00004493,12140,54111,66251
WBGene00004494,34491,108579,143070
WBGene00004495,8854,68032,76886
WBGene00004496,11914,55379,67293
WBGene00004497,5305,56683,61988
WBGene00004498,37858,48270,86128
WBGene00004499,16020,54964,70984
WBGene00004501,13,752,765
WBGene00004502,34,1309,1343
WBGene00004503,3,746,749
WBGene00004504,371,1648,2019
WBGene00004505,10,949,959
WBGene00004506,24,1302,1326
WBGene00004507,21,516,537
WBGene00004508,28,221,249
WBGene00004509,21,75,96
WBGene00004510,19,179,198
WBGene00004679,221,924,1145
WBGene00004680,20,106,126
WBGene00004681,176,248,424
WBGene00004682,24,285,309
WBGene00004684,21,387,408
WBGene00004698,8,2063,2071
WBGene00004699,53,1176,1229
WBGene00004700,8,3399,3407
WBGene00004701,9,1092,1101
WBGene00004702,205,1100,1305
WBGene00004703,178,3470,3648
WBGene00004704,30,1059,1089
WBGene00004705,75,1299,1374
WBGene00004706,96,542,638
WBGene00004719,39,263,302
WBGene00004721,38,142,180
WBGene00004723,43,457,500
WBGene00004726,0,9,9
WBGene00004727,32,197,229
WBGene00004728,92,472,564
WBGene00004729,38,319,357
WBGene00004732,195,1116,1311
WBGene00004735,48,91,139
WBGene00004736,444,24556,25000
WBGene00004737,0,195,195
WBGene00004738,13,575,588
WBGene00004739,136,2055,2191
WBGene00004740,37,199,236
WBGene00004742,6,12,18
WBGene00004743,81,411,492
WBGene00004744,28,287,315
WBGene00004745,7,97,104
WBGene00004746,22,374,396
WBGene00004747,16,233,249
WBGene00004748,14,57,71
WBGene00004749,36,1077,1113
WBGene00004750,0,0,0
WBGene00004751,242,834,1076
WBGene00004752,24,221,245
WBGene00004753,39,179,218
WBGene00004754,244,782,1026
WBGene00004755,34,1015,1049
WBGene00004756,8,351,359
WBGene00004758,24,397,421
WBGene00004759,33,493,526
WBGene00004760,148,655,803
WBGene00004762,88,338,426
WBGene00004764,7,55,62
WBGene00004765,65,57,122
WBGene00004766,82,1556,1638
WBGene00004767,13,285,298
WBGene00004768,2,381,383
WBGene00004769,5,141,146
WBGene00004771,12,127,139
WBGene00004773,116,775,891
WBGene00004774,9,444,453
WBGene00004775,10,53,63
WBGene00004776,30,73,103
WBGene00004777,59,179,238
WBGene00004778,14,183,197
WBGene00004779,113,418,531
WBGene00004780,9,63,72
WBGene00004781,5,291,296
WBGene00004782,29,299,328
WBGene00004783,207,1127,1334
WBGene00004786,8,71,79
WBGene00004787,65,198,263
WBGene00004788,22,1475,1497
WBGene00004789,13,47,60
WBGene00004790,271,786,1057
WBGene00004793,8,53,61
WBGene00004795,12,69,81
WBGene00004796,7,10,17
WBGene00004798,201,933,1134
WBGene00004800,43,504,547
WBGene00004801,57,497,554
WBGene00004802,10,22,32
WBGene00004803,24,63,87
WBGene00004804,107,1014,1121
WBGene00004806,127,492,619
WBGene00004807,28,4080,4108
WBGene00004808,15,437,452
WBGene00004809,64,688,752
WBGene00004810,2,6,8
WBGene00004811,0,0,0
WBGene00004812,0,0,0
WBGene00004813,0,0,0
WBGene00004814,0,0,0
WBGene00004815,0,0,0
WBGene00004816,0,113,113
WBGene00004818,0,0,0
WBGene00004819,0,0,0
WBGene00004820,0,0,0
WBGene00004821,0,1,1
WBGene00004822,0,204,204
WBGene00004823,1,96,97
WBGene00004824,57,300,357
WBGene00004825,0,191,191
WBGene00004826,0,279,279
WBGene00004827,0,49,49
WBGene00004829,83,289,372
WBGene00004830,91,933,1024
WBGene00004831,97,335,432
WBGene00004854,96,433,529
WBGene00004855,103,1183,1286
WBGene00004856,95,167,262
WBGene00004857,41,210,251
WBGene00004858,37,111,148
WBGene00004859,23,98,121
WBGene00004860,28,232,260
WBGene00004862,204,1010,1214
WBGene00004873,169,574,743
WBGene00004874,49,537,586
WBGene00004875,14,46,60
WBGene00004876,3,37,40
WBGene00004877,0,1,1
WBGene00004878,5,21,26
WBGene00004879,82,486,568
WBGene00004880,54,634,688
WBGene00004881,182,267,449
WBGene00004882,26,367,393
WBGene00004883,1,103,104
WBGene00004884,94,606,700
WBGene00004885,5,157,162
WBGene00004886,44,137,181
WBGene00004887,51,619,670
WBGene00004888,825,5845,6670
WBGene00004889,35,313,348
WBGene00004890,14,112,126
WBGene00004891,54,708,762
WBGene00004892,114,677,791
WBGene00004893,4,187,191
WBGene00004894,180,228,408
WBGene00004895,2666,322,2988
WBGene00004896,256,791,1047
WBGene00004897,4,2777,2781
WBGene00004898,3,59,62
WBGene00004899,1,0,1
WBGene00004900,12,452,464
WBGene00004901,0,1,1
WBGene00004902,43,781,824
WBGene00004904,1,1,2
WBGene00004905,55,92,147
WBGene00004906,4,5,9
WBGene00004908,0,0,0
WBGene00004909,2,2,4
WBGene00004910,34,928,962
WBGene00004911,3,53,56
WBGene00004912,27,292,319
WBGene00004913,30,215,245
WBGene00004914,84,2845,2929
WBGene00004915,12,3129,3141
WBGene00004916,147,2231,2378
WBGene00004917,115,2524,2639
WBGene00004918,653,2392,3045
WBGene00004919,133,2210,2343
WBGene00004920,386,3663,4049
WBGene00004921,120,779,899
WBGene00004922,62,248,310
WBGene00004923,95,411,506
WBGene00004924,46,1465,1511
WBGene00004925,84,118,202
WBGene00004926,4,134,138
WBGene00004927,96,254,350
WBGene00004928,15,87,102
WBGene00004929,180,760,940
WBGene00004930,360,2711,3071
WBGene00004931,410,1159,1569
WBGene00004932,0,3,3
WBGene00004933,51,133,184
WBGene00004944,41,160,201
WBGene00004945,20,215,235
WBGene00004946,87,454,541
WBGene00004947,382,314,696
WBGene00004949,35,184,219
WBGene00004950,56,81,137
WBGene00004951,79,3018,3097
WBGene00004952,4,212,216
WBGene00004953,16,272,288
WBGene00004954,15,59,74
WBGene00004955,108,534,642
WBGene00004958,8,24,32
WBGene00004959,2,31,33
WBGene00004960,5,17,22
WBGene00004962,2,0,2
WBGene00004963,12,7,19
WBGene00004964,0,0,0
WBGene00004965,0,0,0
WBGene00004966,0,0,0
WBGene00004969,25,71,96
WBGene00004971,2,3,5
WBGene00004972,2,11,13
WBGene00004973,0,0,0
WBGene00004974,12,14,26
WBGene00004975,7,141,148
WBGene00004976,0,3,3
WBGene00004978,201,1353,1554
WBGene00004979,100,280,380
WBGene00004980,150,2130,2280
WBGene00004981,19,277,296
WBGene00004984,4,38,42
WBGene00004985,5,48,53
WBGene00004986,20,113,133
WBGene00004987,26,91,117
WBGene00004988,37,149,186
WBGene00004989,2,8,10
WBGene00004990,105,575,680
WBGene00004991,1,1,2
WBGene00004992,0,1,1
WBGene00004993,61,171,232
WBGene00004994,0,2,2
WBGene00004995,1424,3634,5058
WBGene00004996,0,0,0
WBGene00004997,3,6,9
WBGene00004998,8,19,27
WBGene00004999,162,581,743
WBGene00005000,706,3670,4376
WBGene00005001,14,37,51
WBGene00005002,22,242,264
WBGene00005003,25,90,115
WBGene00005004,62,232,294
WBGene00005005,1,0,1
WBGene00005006,26,164,190
WBGene00005007,33,747,780
WBGene00005008,4,21,25
WBGene00005009,9,410,419
WBGene00005010,68,306,374
WBGene00005011,35,107,142
WBGene00005012,0,0,0
WBGene00005013,1,5,6
WBGene00005014,16,224,240
WBGene00005015,45,734,779
WBGene00005016,1,418,419
WBGene00005017,33,127,160
WBGene00005018,15,300,315
WBGene00005019,17,205,222
WBGene00005020,63,86,149
WBGene00005021,8,66,74
WBGene00005022,11,394,405
WBGene00005023,21,189,210
WBGene00005024,64,53,117
WBGene00005025,42,98,140
WBGene00005026,5,230,235
WBGene00005027,0,2,2
WBGene00005028,0,0,0
WBGene00005029,0,0,0
WBGene00005030,0,2,2
WBGene00005032,0,0,0
WBGene00005033,2,7,9
WBGene00005034,0,0,0
WBGene00005035,0,0,0
WBGene00005036,7,46,53
WBGene00005037,0,5,5
WBGene00005038,2,3,5
WBGene00005039,1,1,2
WBGene00005040,3,11,14
WBGene00005043,1,3,4
WBGene00005044,1,1,2
WBGene00005046,0,0,0
WBGene00005047,0,3,3
WBGene00005048,0,0,0
WBGene00005049,0,0,0
WBGene00005050,0,0,0
WBGene00005051,3,1,4
WBGene00005052,0,3,3
WBGene00005053,1,4,5
WBGene00005054,1,0,1
WBGene00005055,0,1,1
WBGene00005056,12,0,12
WBGene00005057,2,5,7
WBGene00005058,1,0,1
WBGene00005059,0,7,7
WBGene00005060,2,2,4
WBGene00005061,2,0,2
WBGene00005062,1,0,1
WBGene00005063,1,19,20
WBGene00005064,1,1,2
WBGene00005065,1,0,1
WBGene00005066,0,0,0
WBGene00005067,0,3,3
WBGene00005068,0,2,2
WBGene00005070,0,1,1
WBGene00005071,1,0,1
WBGene00005072,0,19,19
WBGene00005073,1,1,2
WBGene00005076,1,0,1
WBGene00005077,62,333,395
WBGene00005078,65,154,219
WBGene00005079,0,7,7
WBGene00005080,0,1,1
WBGene00005081,0,1,1
WBGene00005082,0,0,0
WBGene00005083,0,0,0
WBGene00005085,0,0,0
WBGene00005086,1,0,1
WBGene00005087,0,0,0
WBGene00005088,4,1,5
WBGene00005089,1,1,2
WBGene00005090,2,4,6
WBGene00005091,0,2,2
WBGene00005093,2,10,12
WBGene00005094,0,0,0
WBGene00005095,0,1,1
WBGene00005096,2,6,8
WBGene00005097,0,1,1
WBGene00005098,0,1,1
WBGene00005099,0,0,0
WBGene00005101,3,32,35
WBGene00005103,0,0,0
WBGene00005104,0,0,0
WBGene00005105,0,0,0
WBGene00005106,0,0,0
WBGene00005107,0,6,6
WBGene00005108,0,13,13
WBGene00005109,1,0,1
WBGene00005110,15,31,46
WBGene00005111,2,30,32
WBGene00005112,0,1,1
WBGene00005113,10,21,31
WBGene00005114,0,2,2
WBGene00005116,12,0,12
WBGene00005117,0,0,0
WBGene00005118,0,1,1
WBGene00005119,0,1,1
WBGene00005120,0,2,2
WBGene00005121,0,0,0
WBGene00005122,1,0,1
WBGene00005123,0,3,3
WBGene00005124,1,1,2
WBGene00005125,0,1,1
WBGene00005126,0,3,3
WBGene00005127,7,32,39
WBGene00005128,8,5,13
WBGene00005129,23,28,51
WBGene00005131,7,36,43
WBGene00005132,0,2,2
WBGene00005133,1,8,9
WBGene00005134,0,0,0
WBGene00005135,0,0,0
WBGene00005136,0,0,0
WBGene00005137,0,0,0
WBGene00005138,0,0,0
WBGene00005140,0,1,1
WBGene00005141,3,1,4
WBGene00005142,0,1,1
WBGene00005143,1,2,3
WBGene00005144,2,0,2
WBGene00005145,0,0,0
WBGene00005146,4,1,5
WBGene00005147,5,19,24
WBGene00005148,0,0,0
WBGene00005149,2,7,9
WBGene00005150,8,46,54
WBGene00005153,25,86,111
WBGene00005159,0,0,0
WBGene00005160,0,3,3
WBGene00005161,0,0,0
WBGene00005162,6,9,15
WBGene00005163,0,14,14
WBGene00005164,2,0,2
WBGene00005165,0,9,9
WBGene00005166,0,0,0
WBGene00005167,0,0,0
WBGene00005168,1,5,6
WBGene00005169,4,10,14
WBGene00005170,1,1,2
WBGene00005171,5,10,15
WBGene00005172,1,10,11
WBGene00005173,1,1,2
WBGene00005174,11,27,38
WBGene00005177,3,0,3
WBGene00005178,1,1,2
WBGene00005179,1,0,1
WBGene00005180,1,1,2
WBGene00005181,1,0,1
WBGene00005182,2,4,6
WBGene00005183,4,9,13
WBGene00005184,0,1,1
WBGene00005185,0,0,0
WBGene00005186,3,1,4
WBGene00005187,1,2,3
WBGene00005188,1,6,7
WBGene00005189,2,2,4
WBGene00005190,0,0,0
WBGene00005191,0,2,2
WBGene00005193,0,0,0
WBGene00005194,0,1,1
WBGene00005195,3,3,6
WBGene00005196,0,2,2
WBGene00005197,1,2,3
WBGene00005198,0,1,1
WBGene00005199,1,1,2
WBGene00005201,0,0,0
WBGene00005202,2,3,5
WBGene00005203,1,4,5
WBGene00005204,0,1,1
WBGene00005205,5,19,24
WBGene00005207,1,2,3
WBGene00005208,3,6,9
WBGene00005210,0,8,8
WBGene00005211,1,0,1
WBGene00005212,0,0,0
WBGene00005213,3,1,4
WBGene00005214,0,0,0
WBGene00005215,0,1,1
WBGene00005216,1,0,1
WBGene00005217,0,0,0
WBGene00005218,0,0,0
WBGene00005219,3,1,4
WBGene00005221,1,0,1
WBGene00005222,0,1,1
WBGene00005223,3,0,3
WBGene00005224,0,0,0
WBGene00005225,1,0,1
WBGene00005226,8,22,30
WBGene00005227,0,1,1
WBGene00005228,201,43,244
WBGene00005229,3,2,5
WBGene00005230,0,0,0
WBGene00005231,0,0,0
WBGene00005233,0,2,2
WBGene00005234,0,0,0
WBGene00005236,0,1,1
WBGene00005237,1,3,4
WBGene00005240,2,6,8
WBGene00005241,1,6,7
WBGene00005242,0,0,0
WBGene00005243,1,5,6
WBGene00005244,0,0,0
WBGene00005245,0,5,5
WBGene00005246,0,6,6
WBGene00005247,1,0,1
WBGene00005248,2,1,3
WBGene00005249,0,0,0
WBGene00005250,0,0,0
WBGene00005251,8,27,35
WBGene00005253,10,28,38
WBGene00005254,1,1,2
WBGene00005255,0,0,0
WBGene00005256,0,0,0
WBGene00005257,0,2,2
WBGene00005258,0,2,2
WBGene00005259,0,0,0
WBGene00005260,0,5,5
WBGene00005261,3,0,3
WBGene00005262,1,5,6
WBGene00005263,0,0,0
WBGene00005264,0,2,2
WBGene00005265,0,0,0
WBGene00005267,1,4,5
WBGene00005268,0,2,2
WBGene00005269,2,14,16
WBGene00005270,2,2,4
WBGene00005271,4,5,9
WBGene00005272,1,1,2
WBGene00005273,0,1,1
WBGene00005274,1,0,1
WBGene00005275,0,0,0
WBGene00005278,0,0,0
WBGene00005279,0,1,1
WBGene00005280,0,0,0
WBGene00005281,0,0,0
WBGene00005282,0,0,0
WBGene00005283,0,6,6
WBGene00005284,0,2,2
WBGene00005285,1,0,1
WBGene00005288,0,0,0
WBGene00005289,0,7,7
WBGene00005290,2,10,12
WBGene00005291,0,0,0
WBGene00005292,1,13,14
WBGene00005293,0,5,5
WBGene00005294,0,0,0
WBGene00005295,1,1,2
WBGene00005296,0,4,4
WBGene00005297,0,1,1
WBGene00005299,5,13,18
WBGene00005300,0,0,0
WBGene00005301,0,0,0
WBGene00005303,1,1,2
WBGene00005304,0,0,0
WBGene00005306,1,2,3
WBGene00005308,1,2,3
WBGene00005309,0,0,0
WBGene00005310,0,0,0
WBGene00005313,3,0,3
WBGene00005315,4,0,4
WBGene00005316,0,0,0
WBGene00005317,0,0,0
WBGene00005318,2,1,3
WBGene00005319,1,3,4
WBGene00005321,0,0,0
WBGene00005323,0,0,0
WBGene00005324,13,1,14
WBGene00005328,0,0,0
WBGene00005330,0,1,1
WBGene00005331,0,0,0
WBGene00005332,0,1,1
WBGene00005334,2,2,4
WBGene00005335,2,1,3
WBGene00005337,2,1,3
WBGene00005338,0,2,2
WBGene00005339,0,4,4
WBGene00005340,0,0,0
WBGene00005341,0,0,0
WBGene00005342,1,2,3
WBGene00005344,4,4,8
WBGene00005345,3,2,5
WBGene00005346,0,9,9
WBGene00005347,0,0,0
WBGene00005348,0,1,1
WBGene00005349,0,1,1
WBGene00005350,1,0,1
WBGene00005351,1,1,2
WBGene00005352,0,0,0
WBGene00005353,0,8,8
WBGene00005354,0,0,0
WBGene00005355,0,1,1
WBGene00005356,0,0,0
WBGene00005357,0,2,2
WBGene00005358,1,0,1
WBGene00005359,0,0,0
WBGene00005361,0,0,0
WBGene00005362,1,3,4
WBGene00005363,0,0,0
WBGene00005364,4,1,5
WBGene00005365,0,0,0
WBGene00005370,0,4,4
WBGene00005375,0,0,0
WBGene00005382,0,0,0
WBGene00005383,0,3,3
WBGene00005385,0,0,0
WBGene00005386,2,1,3
WBGene00005387,10,6,16
WBGene00005388,2,1,3
WBGene00005389,0,1,1
WBGene00005390,0,0,0
WBGene00005392,1,0,1
WBGene00005393,0,1,1
WBGene00005394,0,1,1
WBGene00005395,0,1,1
WBGene00005396,1,0,1
WBGene00005397,0,1,1
WBGene00005398,6,1,7
WBGene00005399,0,1,1
WBGene00005400,0,1,1
WBGene00005401,0,0,0
WBGene00005402,0,1,1
WBGene00005404,0,0,0
WBGene00005405,5,3,8
WBGene00005406,0,3,3
WBGene00005407,1,1,2
WBGene00005408,0,2,2
WBGene00005410,3,0,3
WBGene00005411,0,1,1
WBGene00005412,1,1,2
WBGene00005414,0,2,2
WBGene00005415,1,5,6
WBGene00005416,0,0,0
WBGene00005417,0,0,0
WBGene00005418,0,0,0
WBGene00005419,0,3,3
WBGene00005421,0,3,3
WBGene00005422,1,1,2
WBGene00005423,3,0,3
WBGene00005424,0,0,0
WBGene00005425,0,0,0
WBGene00005426,1,2,3
WBGene00005427,1,1,2
WBGene00005428,0,0,0
WBGene00005429,0,0,0
WBGene00005430,0,0,0
WBGene00005432,0,0,0
WBGene00005433,0,0,0
WBGene00005435,0,0,0
WBGene00005436,0,0,0
WBGene00005437,1,2,3
WBGene00005439,0,0,0
WBGene00005440,0,0,0
WBGene00005441,0,0,0
WBGene00005442,0,0,0
WBGene00005443,0,0,0
WBGene00005444,0,0,0
WBGene00005446,0,0,0
WBGene00005447,0,0,0
WBGene00005448,0,1,1
WBGene00005449,1,0,1
WBGene00005450,0,0,0
WBGene00005451,0,0,0
WBGene00005452,0,2,2
WBGene00005453,0,0,0
WBGene00005454,0,0,0
WBGene00005456,0,1,1
WBGene00005457,0,0,0
WBGene00005458,0,0,0
WBGene00005461,0,0,0
WBGene00005463,6,0,6
WBGene00005464,1,2,3
WBGene00005470,0,0,0
WBGene00005471,1,1,2
WBGene00005472,0,0,0
WBGene00005474,0,2,2
WBGene00005475,5,1,6
WBGene00005476,1,1,2
WBGene00005477,2,8,10
WBGene00005478,0,0,0
WBGene00005479,0,0,0
WBGene00005480,0,1,1
WBGene00005481,1,8,9
WBGene00005482,0,2,2
WBGene00005484,0,0,0
WBGene00005486,0,1,1
WBGene00005487,2,2,4
WBGene00005488,2,3,5
WBGene00005489,2,0,2
WBGene00005490,1,0,1
WBGene00005491,0,0,0
WBGene00005492,0,0,0
WBGene00005493,0,0,0
WBGene00005494,2,1,3
WBGene00005495,3,0,3
WBGene00005496,0,0,0
WBGene00005497,0,0,0
WBGene00005499,0,0,0
WBGene00005500,0,0,0
WBGene00005501,0,0,0
WBGene00005502,0,0,0
WBGene00005503,0,0,0
WBGene00005504,0,0,0
WBGene00005505,1,1,2
WBGene00005507,0,0,0
WBGene00005508,0,0,0
WBGene00005509,0,0,0
WBGene00005512,0,0,0
WBGene00005513,0,2,2
WBGene00005514,3,11,14
WBGene00005516,0,2,2
WBGene00005517,5,6,11
WBGene00005518,2,5,7
WBGene00005519,0,0,0
WBGene00005521,1,1,2
WBGene00005522,4,2,6
WBGene00005523,0,9,9
WBGene00005524,1,2,3
WBGene00005525,0,0,0
WBGene00005526,0,0,0
WBGene00005527,8,2,10
WBGene00005528,5,12,17
WBGene00005529,10,8,18
WBGene00005530,2,6,8
WBGene00005531,18,32,50
WBGene00005532,0,3,3
WBGene00005533,0,2,2
WBGene00005536,0,0,0
WBGene00005537,1,0,1
WBGene00005538,0,0,0
WBGene00005539,0,0,0
WBGene00005540,1,1,2
WBGene00005541,1,0,1
WBGene00005542,0,1,1
WBGene00005543,1,0,1
WBGene00005544,0,0,0
WBGene00005545,0,0,0
WBGene00005546,0,0,0
WBGene00005548,1,0,1
WBGene00005549,0,0,0
WBGene00005550,0,0,0
WBGene00005551,0,0,0
WBGene00005552,14,32,46
WBGene00005554,1,0,1
WBGene00005555,0,0,0
WBGene00005557,3,7,10
WBGene00005558,0,3,3
WBGene00005559,4,7,11
WBGene00005560,15,25,40
WBGene00005562,0,0,0
WBGene00005563,1,0,1
WBGene00005565,2,1,3
WBGene00005566,0,0,0
WBGene00005569,1,0,1
WBGene00005572,0,1,1
WBGene00005573,0,2,2
WBGene00005574,1,1,2
WBGene00005575,4,12,16
WBGene00005577,0,2,2
WBGene00005578,1,1,2
WBGene00005579,1,0,1
WBGene00005581,0,2,2
WBGene00005582,0,0,0
WBGene00005583,0,0,0
WBGene00005584,0,0,0
WBGene00005585,2,5,7
WBGene00005586,0,0,0
WBGene00005589,4,0,4
WBGene00005590,0,1,1
WBGene00005591,7,4,11
WBGene00005592,1,2,3
WBGene00005593,0,0,0
WBGene00005594,0,0,0
WBGene00005595,1,0,1
WBGene00005596,0,0,0
WBGene00005597,0,0,0
WBGene00005598,0,0,0
WBGene00005599,0,0,0
WBGene00005601,1,0,1
WBGene00005602,13,114,127
WBGene00005603,1,6,7
WBGene00005604,1,0,1
WBGene00005606,9,6,15
WBGene00005607,0,0,0
WBGene00005608,0,0,0
WBGene00005609,0,1,1
WBGene00005610,0,2,2
WBGene00005611,7,15,22
WBGene00005612,6,1,7
WBGene00005613,3,0,3
WBGene00005614,0,0,0
WBGene00005615,0,0,0
WBGene00005616,0,1,1
WBGene00005617,1,1,2
WBGene00005618,0,0,0
WBGene00005621,1,2,3
WBGene00005622,1,1,2
WBGene00005623,0,0,0
WBGene00005624,1,0,1
WBGene00005625,0,0,0
WBGene00005626,0,0,0
WBGene00005627,0,0,0
WBGene00005628,0,0,0
WBGene00005629,0,0,0
WBGene00005631,0,0,0
WBGene00005632,0,0,0
WBGene00005633,0,0,0
WBGene00005634,1,0,1
WBGene00005635,0,0,0
WBGene00005638,1,5,6
WBGene00005639,1,0,1
WBGene00005640,0,1,1
WBGene00005641,5,18,23
WBGene00005642,8,25,33
WBGene00005643,1,7,8
WBGene00005644,84,306,390
WBGene00005647,37,141,178
WBGene00005648,280,640,920
WBGene00005649,6,4,10
WBGene00005652,27,147,174
WBGene00005653,6,19,25
WBGene00005654,8,58,66
WBGene00005655,26,360,386
WBGene00005657,2,54,56
WBGene00005658,0,1,1
WBGene00005659,0,1,1
WBGene00005660,1,7,8
WBGene00005661,0,20,20
WBGene00005662,107,358,465
WBGene00005663,427,2501,2928
WBGene00005664,1,7,8
WBGene00005665,0,4,4
WBGene00005666,0,5,5
WBGene00005667,0,0,0
WBGene00005669,0,0,0
WBGene00005670,2,7,9
WBGene00005671,0,40,40
WBGene00005672,0,0,0
WBGene00005674,1,0,1
WBGene00005675,1,2,3
WBGene00005676,1,2,3
WBGene00005678,0,0,0
WBGene00005679,0,1,1
WBGene00005680,1,0,1
WBGene00005681,0,0,0
WBGene00005682,0,0,0
WBGene00005683,0,1,1
WBGene00005684,1,0,1
WBGene00005685,0,2,2
WBGene00005686,0,6,6
WBGene00005687,2,1,3
WBGene00005688,0,0,0
WBGene00005689,3,5,8
WBGene00005690,0,5,5
WBGene00005691,0,2,2
WBGene00005692,1,2,3
WBGene00005693,0,0,0
WBGene00005694,0,0,0
WBGene00005696,1,1,2
WBGene00005698,1,1,2
WBGene00005699,0,1,1
WBGene00005700,0,4,4
WBGene00005701,1,2,3
WBGene00005702,0,18,18
WBGene00005703,2,2,4
WBGene00005705,0,6,6
WBGene00005707,0,0,0
WBGene00005708,0,0,0
WBGene00005710,9,6,15
WBGene00005711,0,4,4
WBGene00005712,5,11,16
WBGene00005713,0,9,9
WBGene00005714,0,1,1
WBGene00005715,4,1,5
WBGene00005716,3,15,18
WBGene00005717,3,15,18
WBGene00005718,5,26,31
WBGene00005719,3,8,11
WBGene00005720,1,0,1
WBGene00005721,2,2,4
WBGene00005722,2,0,2
WBGene00005723,2,1,3
WBGene00005724,11,10,21
WBGene00005725,4,10,14
WBGene00005726,5,6,11
WBGene00005727,4,4,8
WBGene00005728,0,0,0
WBGene00005730,0,0,0
WBGene00005732,0,0,0
WBGene00005733,0,0,0
WBGene00005735,5,3,8
WBGene00005736,1,0,1
WBGene00005737,2,1,3
WBGene00005738,1,4,5
WBGene00005739,5,13,18
WBGene00005740,1,0,1
WBGene00005741,0,0,0
WBGene00005742,0,0,0
WBGene00005743,0,2,2
WBGene00005744,2,1,3
WBGene00005745,1,0,1
WBGene00005748,4,7,11
WBGene00005749,0,0,0
WBGene00005750,0,0,0
WBGene00005751,1,0,1
WBGene00005753,1,3,4
WBGene00005754,0,0,0
WBGene00005755,0,5,5
WBGene00005756,0,3,3
WBGene00005757,2,15,17
WBGene00005758,1,4,5
WBGene00005759,0,27,27
WBGene00005760,1,0,1
WBGene00005761,1,0,1
WBGene00005762,1,1,2
WBGene00005763,1,1,2
WBGene00005764,0,0,0
WBGene00005766,0,0,0
WBGene00005767,2,1,3
WBGene00005768,2,0,2
WBGene00005769,0,0,0
WBGene00005770,1,2,3
WBGene00005771,0,0,0
WBGene00005773,1,0,1
WBGene00005776,0,0,0
WBGene00005777,0,0,0
WBGene00005778,2,1,3
WBGene00005779,0,0,0
WBGene00005780,0,0,0
WBGene00005781,0,0,0
WBGene00005782,0,0,0
WBGene00005783,1,1,2
WBGene00005785,1,0,1
WBGene00005786,2,0,2
WBGene00005787,0,0,0
WBGene00005788,0,0,0
WBGene00005789,0,0,0
WBGene00005790,0,0,0
WBGene00005791,1,2,3
WBGene00005795,1,0,1
WBGene00005798,0,0,0
WBGene00005800,0,0,0
WBGene00005801,0,0,0
WBGene00005802,1,1,2
WBGene00005803,1,0,1
WBGene00005804,0,0,0
WBGene00005806,0,0,0
WBGene00005807,0,0,0
WBGene00005808,1,1,2
WBGene00005809,1,1,2
WBGene00005810,0,2,2
WBGene00005812,0,0,0
WBGene00005813,0,1,1
WBGene00005814,0,1,1
WBGene00005815,97,514,611
WBGene00005816,73,127,200
WBGene00005818,49,182,231
WBGene00005819,0,0,0
WBGene00005820,5,6,11
WBGene00005822,0,0,0
WBGene00005823,0,0,0
WBGene00005824,0,0,0
WBGene00005826,0,0,0
WBGene00005829,0,0,0
WBGene00005830,0,0,0
WBGene00005831,2,1,3
WBGene00005832,47,290,337
WBGene00005833,0,13,13
WBGene00005834,0,3,3
WBGene00005835,0,0,0
WBGene00005836,0,0,0
WBGene00005837,0,1,1
WBGene00005838,2,6,8
WBGene00005841,1,0,1
WBGene00005842,1,0,1
WBGene00005844,0,0,0
WBGene00005845,0,1,1
WBGene00005846,0,0,0
WBGene00005847,0,1,1
WBGene00005848,1,1,2
WBGene00005849,0,0,0
WBGene00005850,1,0,1
WBGene00005854,1,1,2
WBGene00005855,0,1,1
WBGene00005856,2,0,2
WBGene00005858,0,0,0
WBGene00005859,0,1,1
WBGene00005860,0,1,1
WBGene00005862,0,0,0
WBGene00005864,0,0,0
WBGene00005865,0,1,1
WBGene00005866,0,0,0
WBGene00005867,0,0,0
WBGene00005868,0,0,0
WBGene00005869,1,1,2
WBGene00005870,0,0,0
WBGene00005871,0,0,0
WBGene00005874,0,0,0
WBGene00005876,0,0,0
WBGene00005877,1,0,1
WBGene00005880,1,0,1
WBGene00005881,0,0,0
WBGene00005882,0,0,0
WBGene00005883,0,0,0
WBGene00005884,0,0,0
WBGene00005885,1,0,1
WBGene00005886,1,0,1
WBGene00005887,0,0,0
WBGene00005888,0,0,0
WBGene00005889,0,1,1
WBGene00005890,0,0,0
WBGene00005891,0,0,0
WBGene00005892,0,1,1
WBGene00005893,10,25,35
WBGene00005894,2,1,3
WBGene00005895,1,1,2
WBGene00005896,0,0,0
WBGene00005897,1,1,2
WBGene00005898,5,4,9
WBGene00005899,0,0,0
WBGene00005900,2,3,5
WBGene00005901,1,0,1
WBGene00005903,1,4,5
WBGene00005904,4,0,4
WBGene00005905,3,1,4
WBGene00005907,0,0,0
WBGene00005908,0,3,3
WBGene00005909,1,2,3
WBGene00005910,4,17,21
WBGene00005911,0,0,0
WBGene00005912,0,0,0
WBGene00005913,0,0,0
WBGene00005914,0,0,0
WBGene00005915,3,0,3
WBGene00005917,1,0,1
WBGene00005919,0,0,0
WBGene00005920,0,0,0
WBGene00005922,0,0,0
WBGene00005923,0,0,0
WBGene00005924,0,0,0
WBGene00005925,1,4,5
WBGene00005926,0,7,7
WBGene00005927,1,1,2
WBGene00005929,1,5,6
WBGene00005930,0,0,0
WBGene00005931,0,12,12
WBGene00005932,4,10,14
WBGene00005933,0,1,1
WBGene00005934,0,0,0
WBGene00005935,3,2,5
WBGene00005936,12,59,71
WBGene00005937,6,9,15
WBGene00005938,16,30,46
WBGene00005939,1,0,1
WBGene00005941,6,6,12
WBGene00005942,0,0,0
WBGene00005944,0,0,0
WBGene00005945,1,0,1
WBGene00005946,0,0,0
WBGene00005947,10,25,35
WBGene00005949,4,6,10
WBGene00005950,0,0,0
WBGene00005951,0,0,0
WBGene00005953,0,1,1
WBGene00005954,0,0,0
WBGene00005955,0,0,0
WBGene00005956,0,0,0
WBGene00005957,0,0,0
WBGene00005958,3,3,6
WBGene00005959,5,26,31
WBGene00005964,2,1,3
WBGene00005965,44,0,44
WBGene00005967,23,35,58
WBGene00005968,0,3,3
WBGene00005969,2,3,5
WBGene00005971,0,6,6
WBGene00005973,3,3,6
WBGene00005975,10,21,31
WBGene00005976,1,14,15
WBGene00005977,1,21,22
WBGene00005978,0,0,0
WBGene00005979,0,0,0
WBGene00005980,1,3,4
WBGene00005981,1,2,3
WBGene00005983,0,0,0
WBGene00005984,1,0,1
WBGene00005986,1,8,9
WBGene00005987,0,1,1
WBGene00005988,0,1,1
WBGene00005989,0,0,0
WBGene00005992,0,0,0
WBGene00005993,2,1,3
WBGene00005995,0,1,1
WBGene00005996,1,2,3
WBGene00005999,1,1,2
WBGene00006001,2,0,2
WBGene00006002,0,8,8
WBGene00006003,1,0,1
WBGene00006004,0,1,1
WBGene00006005,2,4,6
WBGene00006006,1,2,3
WBGene00006007,1,1,2
WBGene00006008,4,9,13
WBGene00006009,2,2,4
WBGene00006010,0,0,0
WBGene00006011,0,1,1
WBGene00006012,0,3,3
WBGene00006013,0,0,0
WBGene00006016,1,16,17
WBGene00006019,1,2,3
WBGene00006020,2,4,6
WBGene00006021,0,1,1
WBGene00006022,0,0,0
WBGene00006024,0,0,0
WBGene00006025,0,7,7
WBGene00006026,1,1,2
WBGene00006027,2,3,5
WBGene00006028,4,6,10
WBGene00006038,0,1,1
WBGene00006039,0,1,1
WBGene00006040,0,0,0
WBGene00006044,0,3,3
WBGene00006047,0,0,0
WBGene00006048,0,0,0
WBGene00006049,0,0,0
WBGene00006050,32,124,156
WBGene00006051,1,9,10
WBGene00006052,0,0,0
WBGene00006053,0,0,0
WBGene00006055,51,155,206
WBGene00006056,0,1,1
WBGene00006058,0,1,1
WBGene00006059,57,499,556
WBGene00006060,0,0,0
WBGene00006061,26,703,729
WBGene00006062,263,703,966
WBGene00006063,4,95,99
WBGene00006064,32,102,134
WBGene00006065,0,5,5
WBGene00006066,29,534,563
WBGene00006067,174,715,889
WBGene00006068,23,72,95
WBGene00006069,2,1,3
WBGene00006070,1,0,1
WBGene00006071,2,0,2
WBGene00006072,0,1,1
WBGene00006073,0,0,0
WBGene00006074,0,0,0
WBGene00006075,10,25,35
WBGene00006076,0,0,0
WBGene00006077,1,0,1
WBGene00006078,0,0,0
WBGene00006080,0,0,0
WBGene00006081,0,0,0
WBGene00006082,1,0,1
WBGene00006083,0,0,0
WBGene00006084,5,0,5
WBGene00006085,1,3,4
WBGene00006086,0,3,3
WBGene00006087,1,0,1
WBGene00006090,0,1,1
WBGene00006092,0,1,1
WBGene00006093,0,2,2
WBGene00006094,0,0,0
WBGene00006096,0,3,3
WBGene00006097,1,0,1
WBGene00006098,0,1,1
WBGene00006099,0,0,0
WBGene00006101,10,0,10
WBGene00006102,0,0,0
WBGene00006103,0,1,1
WBGene00006104,1,0,1
WBGene00006105,2,2,4
WBGene00006106,0,1,1
WBGene00006108,1,0,1
WBGene00006109,1,4,5
WBGene00006110,0,3,3
WBGene00006111,0,0,0
WBGene00006112,0,2,2
WBGene00006113,7,5,12
WBGene00006117,0,0,0
WBGene00006120,0,0,0
WBGene00006121,1,2,3
WBGene00006122,0,1,1
WBGene00006124,0,0,0
WBGene00006125,0,0,0
WBGene00006126,0,0,0
WBGene00006127,0,1,1
WBGene00006128,0,0,0
WBGene00006129,0,1,1
WBGene00006130,0,2,2
WBGene00006131,0,0,0
WBGene00006133,0,0,0
WBGene00006134,0,0,0
WBGene00006135,2,3,5
WBGene00006136,0,0,0
WBGene00006137,2,0,2
WBGene00006138,0,1,1
WBGene00006139,1,8,9
WBGene00006140,22,3,25
WBGene00006141,0,0,0
WBGene00006142,1,0,1
WBGene00006143,1,1,2
WBGene00006144,0,0,0
WBGene00006145,0,0,0
WBGene00006146,0,0,0
WBGene00006147,0,0,0
WBGene00006148,1,0,1
WBGene00006149,1,0,1
WBGene00006150,0,0,0
WBGene00006151,0,0,0
WBGene00006152,1,3,4
WBGene00006153,0,0,0
WBGene00006154,3,5,8
WBGene00006155,1,2,3
WBGene00006156,0,1,1
WBGene00006157,0,0,0
WBGene00006158,1,0,1
WBGene00006159,0,1,1
WBGene00006160,0,2,2
WBGene00006161,0,0,0
WBGene00006162,2,2,4
WBGene00006163,10,10,20
WBGene00006164,4,2,6
WBGene00006165,0,1,1
WBGene00006166,0,0,0
WBGene00006167,1,1,2
WBGene00006169,3,5,8
WBGene00006170,0,0,0
WBGene00006171,0,0,0
WBGene00006172,4,1,5
WBGene00006173,0,0,0
WBGene00006174,0,0,0
WBGene00006175,0,0,0
WBGene00006176,0,0,0
WBGene00006178,0,1,1
WBGene00006179,0,5,5
WBGene00006180,1,2,3
WBGene00006182,3,1,4
WBGene00006183,1,0,1
WBGene00006184,0,0,0
WBGene00006186,0,0,0
WBGene00006187,1,0,1
WBGene00006188,2,3,5
WBGene00006189,2,4,6
WBGene00006190,0,0,0
WBGene00006191,1,4,5
WBGene00006192,0,0,0
WBGene00006193,1,2,3
WBGene00006195,1,7,8
WBGene00006196,0,1,1
WBGene00006197,2,0,2
WBGene00006198,2,7,9
WBGene00006199,1,4,5
WBGene00006200,0,0,0
WBGene00006201,1,2,3
WBGene00006202,1,0,1
WBGene00006203,0,1,1
WBGene00006204,0,0,0
WBGene00006205,3,2,5
WBGene00006206,0,0,0
WBGene00006207,11,9,20
WBGene00006208,2,0,2
WBGene00006209,0,6,6
WBGene00006210,4,1,5
WBGene00006211,5,16,21
WBGene00006212,0,15,15
WBGene00006213,3,2,5
WBGene00006214,2,0,2
WBGene00006215,1,0,1
WBGene00006216,0,0,0
WBGene00006217,0,0,0
WBGene00006218,1,2,3
WBGene00006219,0,3,3
WBGene00006220,23,86,109
WBGene00006221,1,1,2
WBGene00006222,2,0,2
WBGene00006224,0,0,0
WBGene00006225,0,1,1
WBGene00006226,0,8,8
WBGene00006228,0,0,0
WBGene00006229,0,2,2
WBGene00006230,2,1,3
WBGene00006231,0,0,0
WBGene00006232,1,0,1
WBGene00006233,0,0,0
WBGene00006234,0,0,0
WBGene00006235,1,1,2
WBGene00006236,0,0,0
WBGene00006237,0,5,5
WBGene00006238,0,0,0
WBGene00006239,0,2,2
WBGene00006240,0,0,0
WBGene00006241,2,1,3
WBGene00006242,1,0,1
WBGene00006244,0,5,5
WBGene00006247,0,0,0
WBGene00006249,1,0,1
WBGene00006251,0,1,1
WBGene00006252,1,1,2
WBGene00006253,3,0,3
WBGene00006255,3,3,6
WBGene00006256,0,3,3
WBGene00006257,0,0,0
WBGene00006258,1,2,3
WBGene00006259,0,0,0
WBGene00006260,1,0,1
WBGene00006261,0,0,0
WBGene00006262,0,1,1
WBGene00006263,1,0,1
WBGene00006264,0,0,0
WBGene00006265,0,0,0
WBGene00006266,25,0,25
WBGene00006268,0,1,1
WBGene00006270,1,0,1
WBGene00006271,0,0,0
WBGene00006272,3,7,10
WBGene00006273,0,0,0
WBGene00006274,0,0,0
WBGene00006275,0,1,1
WBGene00006276,0,2,2
WBGene00006277,0,0,0
WBGene00006278,0,0,0
WBGene00006279,1,7,8
WBGene00006280,1,2,3
WBGene00006281,1,0,1
WBGene00006282,0,0,0
WBGene00006283,0,0,0
WBGene00006284,0,0,0
WBGene00006286,0,1,1
WBGene00006287,5,2,7
WBGene00006288,5,13,18
WBGene00006289,0,0,0
WBGene00006306,117,479,596
WBGene00006307,46,448,494
WBGene00006308,14,42,56
WBGene00006309,22,541,563
WBGene00006310,16,29,45
WBGene00006311,0,34,34
WBGene00006318,105,344,449
WBGene00006319,19,208,227
WBGene00006321,115,1459,1574
WBGene00006324,9,312,321
WBGene00006331,76,2226,2302
WBGene00006342,217,788,1005
WBGene00006349,66,210,276
WBGene00006351,18,469,487
WBGene00006352,41,646,687
WBGene00006353,3,149,152
WBGene00006359,36,484,520
WBGene00006363,32,86,118
WBGene00006364,90,305,395
WBGene00006365,32,287,319
WBGene00006366,71,1716,1787
WBGene00006367,28,794,822
WBGene00006368,17,174,191
WBGene00006369,10,298,308
WBGene00006371,16,195,211
WBGene00006372,12,196,208
WBGene00006373,35,403,438
WBGene00006374,12,21,33
WBGene00006375,3,29,32
WBGene00006376,1,56,57
WBGene00006377,13,286,299
WBGene00006379,16,175,191
WBGene00006380,11,73,84
WBGene00006381,50,764,814
WBGene00006382,158,497,655
WBGene00006383,20,114,134
WBGene00006384,55,195,250
WBGene00006385,211,417,628
WBGene00006386,42,190,232
WBGene00006387,19,69,88
WBGene00006388,6,30,36
WBGene00006389,3,98,101
WBGene00006390,14,94,108
WBGene00006391,19,104,123
WBGene00006392,96,374,470
WBGene00006393,7,124,131
WBGene00006394,15,69,84
WBGene00006395,6,63,69
WBGene00006396,142,300,442
WBGene00006397,13,167,180
WBGene00006399,7,1,8
WBGene00006402,32,229,261
WBGene00006404,102,159,261
WBGene00006405,84,455,539
WBGene00006406,62,603,665
WBGene00006407,328,1599,1927
WBGene00006408,1738,5780,7518
WBGene00006409,0,0,0
WBGene00006410,14,456,470
WBGene00006411,2,13,15
WBGene00006412,100,610,710
WBGene00006414,1,375,376
WBGene00006415,70,369,439
WBGene00006416,0,3,3
WBGene00006418,0,12,12
WBGene00006419,1,0,1
WBGene00006423,312,1787,2099
WBGene00006424,54,225,279
WBGene00006428,30,44,74
WBGene00006429,1,3,4
WBGene00006430,13,79,92
WBGene00006431,14,103,117
WBGene00006432,34,279,313
WBGene00006433,498,3779,4277
WBGene00006434,199,7423,7622
WBGene00006435,2,12,14
WBGene00006436,1689,24290,25979
WBGene00006437,70,814,884
WBGene00006438,50,481,531
WBGene00006439,155,120744,120899
WBGene00006440,29,77,106
WBGene00006441,6,62,68
WBGene00006442,99,351,450
WBGene00006443,5,180,185
WBGene00006444,9,295,304
WBGene00006445,16,188,204
WBGene00006446,8,122,130
WBGene00006447,11,262,273
WBGene00006448,18,143,161
WBGene00006449,0,1,1
WBGene00006450,104,351,455
WBGene00006452,1714,5115,6829
WBGene00006454,1,6,7
WBGene00006459,23,161,184
WBGene00006460,53,1316,1369
WBGene00006461,10,41,51
WBGene00006462,72,367,439
WBGene00006463,21,90,111
WBGene00006464,1,4,5
WBGene00006465,18,432,450
WBGene00006466,28,118,146
WBGene00006467,15,256,271
WBGene00006468,24,160,184
WBGene00006470,4,359,363
WBGene00006471,1,0,1
WBGene00006472,18,476,494
WBGene00006473,8,224,232
WBGene00006474,17,376,393
WBGene00006475,17,55,72
WBGene00006476,90,192,282
WBGene00006477,24,58,82
WBGene00006478,48,459,507
WBGene00006479,43,550,593
WBGene00006481,152,529,681
WBGene00006483,90,580,670
WBGene00006484,0,0,0
WBGene00006486,12,41,53
WBGene00006487,0,4,4
WBGene00006488,0,0,0
WBGene00006489,24,500,524
WBGene00006490,52,254,306
WBGene00006491,5,218,223
WBGene00006492,26,123,149
WBGene00006493,40,339,379
WBGene00006494,15,771,786
WBGene00006495,223,1294,1517
WBGene00006496,82,257,339
WBGene00006497,115,1214,1329
WBGene00006498,50,479,529
WBGene00006499,26,217,243
WBGene00006503,14,271,285
WBGene00006504,8,204,212
WBGene00006505,17,59,76
WBGene00006508,362,1158,1520
WBGene00006509,0,0,0
WBGene00006510,218,857,1075
WBGene00006512,89,1333,1422
WBGene00006513,102,578,680
WBGene00006514,6,296,302
WBGene00006515,45,943,988
WBGene00006516,12,169,181
WBGene00006517,61,637,698
WBGene00006518,11,1287,1298
WBGene00006519,2865,10551,13416
WBGene00006520,0,98,98
WBGene00006522,10,43,53
WBGene00006523,22,430,452
WBGene00006524,28,308,336
WBGene00006525,5,50,55
WBGene00006526,3,21,24
WBGene00006527,198,2327,2525
WBGene00006528,46,7240,7286
WBGene00006529,1800,7943,9743
WBGene00006530,9,90,99
WBGene00006531,7,39,46
WBGene00006532,4,10,14
WBGene00006533,19,27,46
WBGene00006534,635,1536,2171
WBGene00006535,117,462,579
WBGene00006536,9,4650,4659
WBGene00006537,367,11481,11848
WBGene00006538,11,145,156
WBGene00006539,1,2,3
WBGene00006540,4,191,195
WBGene00006541,13,74,87
WBGene00006542,6,170,176
WBGene00006543,17,344,361
WBGene00006544,0,2,2
WBGene00006545,1,2,3
WBGene00006546,1,0,1
WBGene00006547,0,3,3
WBGene00006549,0,0,0
WBGene00006550,0,0,0
WBGene00006551,0,65246,65246
WBGene00006552,2,3,5
WBGene00006553,1,0,1
WBGene00006554,0,0,0
WBGene00006555,7,44,51
WBGene00006556,0,1,1
WBGene00006557,3,0,3
WBGene00006558,0,0,0
WBGene00006559,0,0,0
WBGene00006560,0,0,0
WBGene00006561,30,243,273
WBGene00006562,68,239,307
WBGene00006563,61,211,272
WBGene00006565,14,1442,1456
WBGene00006566,20,271,291
WBGene00006567,6,225,231
WBGene00006568,8,152,160
WBGene00006570,25,332,357
WBGene00006571,55,215,270
WBGene00006572,708,1954,2662
WBGene00006573,109,1021,1130
WBGene00006574,186,3081,3267
WBGene00006575,149,337,486
WBGene00006576,18,63,81
WBGene00006577,44,358,402
WBGene00006578,64,292,356
WBGene00006579,75,670,745
WBGene00006580,34,244,278
WBGene00006582,54,473,527
WBGene00006583,331,3765,4096
WBGene00006584,1047,8479,9526
WBGene00006585,249,4000,4249
WBGene00006586,90,1906,1996
WBGene00006587,807,7406,8213
WBGene00006588,974,4391,5365
WBGene00006589,108,977,1085
WBGene00006590,11,320,331
WBGene00006591,36,47,83
WBGene00006592,22,202,224
WBGene00006593,158,545,703
WBGene00006594,165,581,746
WBGene00006595,71,1634,1705
WBGene00006596,40,75,115
WBGene00006597,69,87,156
WBGene00006598,0,27,27
WBGene00006599,158,410,568
WBGene00006600,1,32,33
WBGene00006601,32,5497,5529
WBGene00006602,103,661,764
WBGene00006603,439,1449,1888
WBGene00006604,153,368,521
WBGene00006605,42,212,254
WBGene00006606,13,116,129
WBGene00006607,56,639,695
WBGene00006608,15,164,179
WBGene00006609,16,112,128
WBGene00006610,8,28,36
WBGene00006611,0,39,39
WBGene00006612,2,5,7
WBGene00006613,120,843,963
WBGene00006614,40,84,124
WBGene00006615,117,163,280
WBGene00006616,12,14,26
WBGene00006617,64,1651,1715
WBGene00006618,40,84,124
WBGene00006619,0,0,0
WBGene00006620,13,52,65
WBGene00006621,5,1,6
WBGene00006622,1,3,4
WBGene00006623,22,41,63
WBGene00006624,81,247,328
WBGene00006625,0,0,0
WBGene00006626,12,2928,2940
WBGene00006627,2,29,31
WBGene00006628,5,24,29
WBGene00006629,5,83,88
WBGene00006630,1,7,8
WBGene00006631,0,0,0
WBGene00006632,22,27,49
WBGene00006633,70,289,359
WBGene00006634,1093,3660,4753
WBGene00006635,2,107,109
WBGene00006636,3,2,5
WBGene00006637,6,149,155
WBGene00006638,14,208,222
WBGene00006639,10,9,19
WBGene00006640,28,280,308
WBGene00006641,12,203,215
WBGene00006642,19,110,129
WBGene00006643,16,236,252
WBGene00006644,0,10,10
WBGene00006645,10,18,28
WBGene00006646,4,65,69
WBGene00006647,40,224,264
WBGene00006648,132,308,440
WBGene00006649,111,713,824
WBGene00006652,28,137,165
WBGene00006654,6,33,39
WBGene00006655,4,60,64
WBGene00006656,9,41,50
WBGene00006657,81,71,152
WBGene00006658,5,21,26
WBGene00006659,4,2,6
WBGene00006660,11,65,76
WBGene00006661,2,3,5
WBGene00006662,22,171,193
WBGene00006663,290,1198,1488
WBGene00006664,11,29,40
WBGene00006665,7,5,12
WBGene00006666,3,39,42
WBGene00006667,75,202,277
WBGene00006668,89,199,288
WBGene00006669,14,39,53
WBGene00006670,2,7,9
WBGene00006671,37,190,227
WBGene00006672,127,2667,2794
WBGene00006673,13,40,53
WBGene00006674,3,8,11
WBGene00006675,5,19,24
WBGene00006676,6,20,26
WBGene00006677,16,166,182
WBGene00006678,5,43,48
WBGene00006679,8,16,24
WBGene00006680,25,87,112
WBGene00006681,48,137,185
WBGene00006682,17,36,53
WBGene00006683,167,539,706
WBGene00006684,80,65,145
WBGene00006685,19,79,98
WBGene00006686,8,34,42
WBGene00006687,3,13,16
WBGene00006688,2,1,3
WBGene00006689,0,0,0
WBGene00006690,11,10,21
WBGene00006691,25,67,92
WBGene00006692,115,330,445
WBGene00006693,294,668,962
WBGene00006694,1,11,12
WBGene00006695,66,44,110
WBGene00006696,14,65,79
WBGene00006697,131,998,1129
WBGene00006698,21,1329,1350
WBGene00006699,41,1572,1613
WBGene00006700,92,273,365
WBGene00006701,95,474,569
WBGene00006702,59,931,990
WBGene00006703,23,583,606
WBGene00006704,32,1353,1385
WBGene00006705,54,242,296
WBGene00006706,26,718,744
WBGene00006707,0,763,763
WBGene00006708,63,1669,1732
WBGene00006709,144,594,738
WBGene00006710,79,34,113
WBGene00006711,10,211,221
WBGene00006712,23,99,122
WBGene00006713,59,816,875
WBGene00006714,70,163,233
WBGene00006715,18,1193,1211
WBGene00006716,2,1,3
WBGene00006717,9,89,98
WBGene00006718,1,4,5
WBGene00006719,0,0,0
WBGene00006720,11,619,630
WBGene00006721,29,134,163
WBGene00006722,95,62,157
WBGene00006723,32,219,251
WBGene00006724,136,1371,1507
WBGene00006725,13302,51018,64320
WBGene00006726,137,812,949
WBGene00006727,67,3471,3538
WBGene00006728,12065,46672,58737
WBGene00006729,22,266,288
WBGene00006730,11,1609,1620
WBGene00006731,2,35,37
WBGene00006732,37,221,258
WBGene00006733,109,419,528
WBGene00006734,19,391,410
WBGene00006735,6,189,195
WBGene00006736,33,254,287
WBGene00006737,8,178,186
WBGene00006738,14,161,175
WBGene00006739,42,1043,1085
WBGene00006740,5,41,46
WBGene00006741,87,1259,1346
WBGene00006742,159,430,589
WBGene00006743,9,48,57
WBGene00006744,15,45,60
WBGene00006745,115,309,424
WBGene00006746,15,159,174
WBGene00006747,238,356,594
WBGene00006748,6,27,33
WBGene00006749,45,521,566
WBGene00006750,43,296,339
WBGene00006751,100,415,515
WBGene00006752,259,1055,1314
WBGene00006753,160,2025,2185
WBGene00006754,2427,32783,35210
WBGene00006755,150,935,1085
WBGene00006756,0,3,3
WBGene00006757,15,483,498
WBGene00006759,982,7662,8644
WBGene00006760,117,1299,1416
WBGene00006761,12,206,218
WBGene00006762,290,949,1239
WBGene00006763,65,350,415
WBGene00006764,4033,20296,24329
WBGene00006765,117,183,300
WBGene00006766,9,111,120
WBGene00006767,90,99,189
WBGene00006768,91,1258,1349
WBGene00006769,115,348,463
WBGene00006770,119,347,466
WBGene00006771,425,2501,2926
WBGene00006772,87,575,662
WBGene00006773,26,424,450
WBGene00006774,45,129,174
WBGene00006775,1,4,5
WBGene00006776,107,644,751
WBGene00006777,138,398,536
WBGene00006778,24,235,259
WBGene00006779,583,3695,4278
WBGene00006780,2465,8809,11274
WBGene00006781,91,559,650
WBGene00006782,2,66,68
WBGene00006783,11,72,83
WBGene00006784,187,1119,1306
WBGene00006785,9,235,244
WBGene00006786,66,946,1012
WBGene00006787,343,2375,2718
WBGene00006788,87,420,507
WBGene00006789,672,31312,31984
WBGene00006790,9,23,32
WBGene00006791,71,560,631
WBGene00006792,64,218,282
WBGene00006793,16,374,390
WBGene00006794,692,7883,8575
WBGene00006795,17,218,235
WBGene00006796,187,2038,2225
WBGene00006797,184,53,237
WBGene00006798,703,512,1215
WBGene00006801,915,5857,6772
WBGene00006802,227,1124,1351
WBGene00006803,187,2174,2361
WBGene00006804,18,133,151
WBGene00006805,1080,1872,2952
WBGene00006807,44,62,106
WBGene00006808,81,770,851
WBGene00006809,112,270,382
WBGene00006810,136,806,942
WBGene00006811,75,233,308
WBGene00006812,137,722,859
WBGene00006814,430,1307,1737
WBGene00006815,165,2503,2668
WBGene00006816,11,309,320
WBGene00006817,140,813,953
WBGene00006818,34,345,379
WBGene00006819,1286,15437,16723
WBGene00006820,1901,8660,10561
WBGene00006822,86,255,341
WBGene00006823,264,1846,2110
WBGene00006824,69,2694,2763
WBGene00006825,164,1178,1342
WBGene00006826,282,3415,3697
WBGene00006827,788,1334,2122
WBGene00006829,15,247,262
WBGene00006830,506,617,1123
WBGene00006831,191,923,1114
WBGene00006832,35,252,287
WBGene00006833,17,2979,2996
WBGene00006836,31,2444,2475
WBGene00006839,125,1491,1616
WBGene00006840,57,1186,1243
WBGene00006843,41,330,371
WBGene00006844,51,671,722
WBGene00006845,197,528,725
WBGene00006852,26,613,639
WBGene00006853,4,168,172
WBGene00006856,17,589,606
WBGene00006861,351,1453,1804
WBGene00006862,3,70,73
WBGene00006863,95,5250,5345
WBGene00006864,29,179,208
WBGene00006865,4,51,55
WBGene00006868,105,559,664
WBGene00006869,18,110,128
WBGene00006870,63,347,410
WBGene00006873,9,49,58
WBGene00006874,119,1085,1204
WBGene00006875,13,374,387
WBGene00006876,367,1896,2263
WBGene00006881,5,74,79
WBGene00006882,18,178,196
WBGene00006886,846,3483,4329
WBGene00006887,37,192,229
WBGene00006888,168,788,956
WBGene00006889,26,2323,2349
WBGene00006890,104,1193,1297
WBGene00006893,78,373,451
WBGene00006894,1,0,1
WBGene00006896,17,102,119
WBGene00006897,1,2,3
WBGene00006902,0,1,1
WBGene00006910,0,2415,2415
WBGene00006911,45,4022,4067
WBGene00006912,0,1415,1415
WBGene00006913,12,1413,1425
WBGene00006914,12,681,693
WBGene00006915,2,175,177
WBGene00006916,41,189,230
WBGene00006917,44,2774,2818
WBGene00006918,250,1754,2004
WBGene00006919,78,2647,2725
WBGene00006920,184,1438,1622
WBGene00006921,11,1515,1526
WBGene00006922,8,148,156
WBGene00006923,444,995,1439
WBGene00006924,84,9609,9693
WBGene00006925,0,1,1
WBGene00006926,0,4,4
WBGene00006927,0,4,4
WBGene00006928,0,4,4
WBGene00006929,0,0,0
WBGene00006930,0,3,3
WBGene00006931,38,372,410
WBGene00006932,81,482,563
WBGene00006933,17,348,365
WBGene00006934,46,281,327
WBGene00006935,15,539,554
WBGene00006936,103,1258,1361
WBGene00006937,122,1522,1644
WBGene00006938,0,2,2
WBGene00006940,2,76,78
WBGene00006941,89,644,733
WBGene00006942,35,711,746
WBGene00006943,10,121,131
WBGene00006944,7,98,105
WBGene00006945,53,831,884
WBGene00006946,64,153,217
WBGene00006947,1,68,69
WBGene00006948,1,49,50
WBGene00006949,23,132,155
WBGene00006950,8,11,19
WBGene00006951,50,351,401
WBGene00006952,2,66,68
WBGene00006953,0,0,0
WBGene00006954,0,0,0
WBGene00006955,19,33,52
WBGene00006956,63,1034,1097
WBGene00006957,60,315,375
WBGene00006958,26,119,145
WBGene00006959,497,11930,12427
WBGene00006960,5,14,19
WBGene00006961,210,1388,1598
WBGene00006962,2,6,8
WBGene00006963,16,220,236
WBGene00006964,90,692,782
WBGene00006965,0,34,34
WBGene00006966,3,15,18
WBGene00006968,59,399,458
WBGene00006970,4,221,225
WBGene00006971,34,216,250
WBGene00006974,3,217,220
WBGene00006975,240,1512,1752
WBGene00006976,248,120,368
WBGene00006977,5,63,68
WBGene00006978,85,1620,1705
WBGene00006979,1,27,28
WBGene00006980,2,38,40
WBGene00006981,1,111,112
WBGene00006982,33,223,256
WBGene00006983,15,80,95
WBGene00006984,591,1284,1875
WBGene00006985,66,228,294
WBGene00006986,71,309,380
WBGene00006987,24,56,80
WBGene00006988,11,109,120
WBGene00006993,73,185,258
WBGene00006994,32,479,511
WBGene00006996,11,313,324
WBGene00006997,5,134,139
WBGene00006999,1160,5705,6865
WBGene00007000,88,5010,5098
WBGene00007001,12,819,831
WBGene00007006,50,136,186
WBGene00007007,52,448,500
WBGene00007008,30,608,638
WBGene00007009,39,580,619
WBGene00007010,44,669,713
WBGene00007011,5,67,72
WBGene00007012,40,127,167
WBGene00007013,48,144,192
WBGene00007014,20,69,89
WBGene00007015,3,165,168
WBGene00007016,182,1343,1525
WBGene00007017,235,122,357
WBGene00007018,74,287,361
WBGene00007019,163,492,655
WBGene00007020,43,164,207
WBGene00007021,22,362,384
WBGene00007022,206,659,865
WBGene00007023,19,307,326
WBGene00007024,110,2581,2691
WBGene00007025,71,429,500
WBGene00007026,27,126,153
WBGene00007027,372,567,939
WBGene00007028,23,619,642
WBGene00007029,60,296,356
WBGene00007030,276,1951,2227
WBGene00007036,0,2,2
WBGene00007041,37,127,164
WBGene00007042,64,1260,1324
WBGene00007043,5,132,137
WBGene00007044,58,783,841
WBGene00007045,1,90,91
WBGene00007047,34,175,209
WBGene00007048,35,688,723
WBGene00007049,5,13,18
WBGene00007050,236,1202,1438
WBGene00007053,33,1210,1243
WBGene00007054,193,854,1047
WBGene00007055,47,838,885
WBGene00007056,40,116,156
WBGene00007057,0,9,9
WBGene00007058,53,1092,1145
WBGene00007059,19,140,159
WBGene00007060,1,1,2
WBGene00007062,0,0,0
WBGene00007063,22,44,66
WBGene00007064,113,93,206
WBGene00007065,10,96,106
WBGene00007067,19,102,121
WBGene00007068,34,234,268
WBGene00007069,1,0,1
WBGene00007070,15,192,207
WBGene00007071,37,422,459
WBGene00007072,2,5,7
WBGene00007073,15,95,110
WBGene00007075,0,0,0
WBGene00007076,0,0,0
WBGene00007079,0,0,0
WBGene00007080,1,1,2
WBGene00007081,1,0,1
WBGene00007082,0,5,5
WBGene00007083,0,2,2
WBGene00007084,8,32,40
WBGene00007085,0,61,61
WBGene00007087,14,151,165
WBGene00007088,36,365,401
WBGene00007089,22,276,298
WBGene00007090,9,141,150
WBGene00007091,205,1389,1594
WBGene00007092,5,28,33
WBGene00007093,13,140,153
WBGene00007094,52,106,158
WBGene00007096,20,170,190
WBGene00007097,4,26,30
WBGene00007099,202,1096,1298
WBGene00007100,10,172,182
WBGene00007101,10,622,632
WBGene00007102,7,51,58
WBGene00007103,45,327,372
WBGene00007104,59,238,297
WBGene00007105,32,941,973
WBGene00007106,32,430,462
WBGene00007107,430,2139,2569
WBGene00007108,79,575,654
WBGene00007109,0,20,20
WBGene00007110,56,456,512
WBGene00007111,24,426,450
WBGene00007112,32,95,127
WBGene00007113,69,690,759
WBGene00007114,11,33,44
WBGene00007115,1,52,53
WBGene00007116,7,40,47
WBGene00007117,3,18,21
WBGene00007118,33,184,217
WBGene00007119,53,206,259
WBGene00007122,88,2909,2997
WBGene00007123,0,0,0
WBGene00007124,15,40,55
WBGene00007125,0,1,1
WBGene00007126,54,423,477
WBGene00007127,1,0,1
WBGene00007128,14,138,152
WBGene00007129,13,1450,1463
WBGene00007130,15,55,70
WBGene00007131,3,4,7
WBGene00007132,0,9,9
WBGene00007133,9,117,126
WBGene00007134,3,0,3
WBGene00007135,67,224,291
WBGene00007136,129,404,533
WBGene00007137,58,395,453
WBGene00007138,23,81,104
WBGene00007139,80,913,993
WBGene00007140,3,3,6
WBGene00007141,1,4,5
WBGene00007142,304,1249,1553
WBGene00007143,14,362,376
WBGene00007144,7,210,217
WBGene00007145,58,205,263
WBGene00007146,1,29,30
WBGene00007148,0,1,1
WBGene00007149,1,13,14
WBGene00007150,8,321,329
WBGene00007152,0,6,6
WBGene00007153,1,16,17
WBGene00007154,15,66,81
WBGene00007155,248,3014,3262
WBGene00007156,0,0,0
WBGene00007158,1,0,1
WBGene00007159,0,2,2
WBGene00007161,0,0,0
WBGene00007162,39,44,83
WBGene00007163,0,1,1
WBGene00007164,0,1,1
WBGene00007166,0,99,99
WBGene00007167,36,247,283
WBGene00007168,8,163,171
WBGene00007169,7,8,15
WBGene00007170,7,48,55
WBGene00007171,0,16,16
WBGene00007172,3,23,26
WBGene00007173,0,0,0
WBGene00007174,7,65,72
WBGene00007175,33,274,307
WBGene00007176,292,291,583
WBGene00007177,1,6,7
WBGene00007178,3,170,173
WBGene00007179,0,1,1
WBGene00007180,34,289,323
WBGene00007182,1,0,1
WBGene00007183,1,13,14
WBGene00007184,136,1022,1158
WBGene00007185,41,185,226
WBGene00007186,13,213,226
WBGene00007187,27,78,105
WBGene00007188,71,184,255
WBGene00007189,4,76,80
WBGene00007190,1,2,3
WBGene00007191,10,21,31
WBGene00007192,279,2759,3038
WBGene00007193,66,245,311
WBGene00007194,8,294,302
WBGene00007195,46,301,347
WBGene00007196,39,145,184
WBGene00007197,212,1997,2209
WBGene00007200,147,612,759
WBGene00007201,113,1140,1253
WBGene00007202,4,69,73
WBGene00007203,2,68,70
WBGene00007204,0,0,0
WBGene00007206,0,0,0
WBGene00007207,53,451,504
WBGene00007208,0,0,0
WBGene00007209,1,0,1
WBGene00007210,4,18,22
WBGene00007211,0,0,0
WBGene00007212,6,10,16
WBGene00007213,17,120,137
WBGene00007214,138,317,455
WBGene00007215,33,657,690
WBGene00007216,124,334,458
WBGene00007217,60,719,779
WBGene00007218,47,0,47
WBGene00007219,7,367,374
WBGene00007220,1,5,6
WBGene00007221,9,143,152
WBGene00007222,21,22,43
WBGene00007223,225,1681,1906
WBGene00007224,8,17,25
WBGene00007225,0,10,10
WBGene00007226,15,245,260
WBGene00007227,118,2071,2189
WBGene00007228,18,61,79
WBGene00007229,11,17,28
WBGene00007230,2,2,4
WBGene00007231,53,74,127
WBGene00007232,22,70,92
WBGene00007233,126,1850,1976
WBGene00007234,0,141,141
WBGene00007235,297,2682,2979
WBGene00007236,0,123,123
WBGene00007237,27,91,118
WBGene00007239,0,0,0
WBGene00007240,300,2347,2647
WBGene00007241,56,132,188
WBGene00007242,7,169,176
WBGene00007243,0,6,6
WBGene00007244,2,3,5
WBGene00007245,0,0,0
WBGene00007246,0,12,12
WBGene00007247,14,46,60
WBGene00007248,0,5,5
WBGene00007249,1,0,1
WBGene00007250,0,0,0
WBGene00007251,0,4,4
WBGene00007252,14,52,66
WBGene00007253,13,66,79
WBGene00007254,6,16,22
WBGene00007255,4,22,26
WBGene00007256,91,947,1038
WBGene00007257,193,566,759
WBGene00007258,20,105,125
WBGene00007259,10,2,12
WBGene00007260,110,260,370
WBGene00007261,31,855,886
WBGene00007262,2,3,5
WBGene00007264,11,47,58
WBGene00007265,0,4,4
WBGene00007266,23,145,168
WBGene00007267,6,95,101
WBGene00007268,10,19,29
WBGene00007269,0,2,2
WBGene00007270,10,240,250
WBGene00007271,2,0,2
WBGene00007273,7,7,14
WBGene00007274,5,13,18
WBGene00007275,28,57,85
WBGene00007277,5,15,20
WBGene00007278,1,15,16
WBGene00007279,0,0,0
WBGene00007281,2,20,22
WBGene00007282,0,3,3
WBGene00007283,1,0,1
WBGene00007284,81,165,246
WBGene00007285,5,29,34
WBGene00007286,6,35,41
WBGene00007287,6,159,165
WBGene00007288,8,14,22
WBGene00007289,0,0,0
WBGene00007290,0,2,2
WBGene00007291,1,0,1
WBGene00007292,1,2,3
WBGene00007293,0,0,0
WBGene00007294,0,0,0
WBGene00007295,5,53,58
WBGene00007296,18,529,547
WBGene00007297,15,55,70
WBGene00007299,8,84,92
WBGene00007301,689754,21,689775
WBGene00007302,11,359,370
WBGene00007303,9,26,35
WBGene00007304,26,81,107
WBGene00007305,0,2,2
WBGene00007306,0,0,0
WBGene00007307,6,0,6
WBGene00007308,0,1,1
WBGene00007309,1,0,1
WBGene00007310,2,7,9
WBGene00007311,1,0,1
WBGene00007312,8,197,205
WBGene00007313,1,1,2
WBGene00007314,11,12,23
WBGene00007315,0,0,0
WBGene00007316,118,572,690
WBGene00007317,12,630,642
WBGene00007319,1,0,1
WBGene00007320,0,0,0
WBGene00007321,18,124,142
WBGene00007322,0,2,2
WBGene00007323,0,1,1
WBGene00007324,232,857,1089
WBGene00007325,2,3,5
WBGene00007326,4,10,14
WBGene00007327,6,21,27
WBGene00007328,2,3,5
WBGene00007329,32,194,226
WBGene00007330,174,6959,7133
WBGene00007331,229,436,665
WBGene00007332,0,120,120
WBGene00007333,54,372,426
WBGene00007334,13,74,87
WBGene00007335,0,0,0
WBGene00007336,5,38,43
WBGene00007337,0,1,1
WBGene00007338,0,33,33
WBGene00007339,0,26,26
WBGene00007340,3,19,22
WBGene00007341,0,6,6
WBGene00007342,0,0,0
WBGene00007343,9,62,71
WBGene00007344,4,14,18
WBGene00007345,14,62,76
WBGene00007346,3,16,19
WBGene00007347,12,26,38
WBGene00007348,25,77,102
WBGene00007349,31,148,179
WBGene00007350,388,4560,4948
WBGene00007351,6,9,15
WBGene00007352,96,1231,1327
WBGene00007353,311,1022,1333
WBGene00007354,3,8,11
WBGene00007355,0,1930,1930
WBGene00007356,0,0,0
WBGene00007357,114,266,380
WBGene00007358,0,3,3
WBGene00007359,0,0,0
WBGene00007360,1,1,2
WBGene00007361,1,1,2
WBGene00007362,13,45,58
WBGene00007363,17,457,474
WBGene00007364,0,3,3
WBGene00007365,328,2743,3071
WBGene00007366,60,120,180
WBGene00007367,14,56,70
WBGene00007368,1,4,5
WBGene00007369,0,0,0
WBGene00007370,0,0,0
WBGene00007372,2,7,9
WBGene00007373,0,0,0
WBGene00007374,4,7,11
WBGene00007375,23,69,92
WBGene00007377,1,11,12
WBGene00007378,1,4,5
WBGene00007379,0,0,0
WBGene00007380,0,1,1
WBGene00007381,0,0,0
WBGene00007382,0,4,4
WBGene00007383,0,0,0
WBGene00007384,0,76,76
WBGene00007385,3040,17642,20682
WBGene00007386,39,416,455
WBGene00007387,143,118,261
WBGene00007388,57,175,232
WBGene00007389,15,135,150
WBGene00007390,1,750,751
WBGene00007391,0,1,1
WBGene00007392,2,4,6
WBGene00007393,1,0,1
WBGene00007394,1,13,14
WBGene00007395,16,126,142
WBGene00007396,21,127,148
WBGene00007397,5,26,31
WBGene00007398,1,4,5
WBGene00007399,2,1,3
WBGene00007400,19,699,718
WBGene00007401,0,0,0
WBGene00007402,43,231,274
WBGene00007403,18,176,194
WBGene00007404,3,4,7
WBGene00007405,33,944,977
WBGene00007406,1,2,3
WBGene00007407,0,29,29
WBGene00007408,2,28,30
WBGene00007409,16,60,76
WBGene00007410,8,6,14
WBGene00007411,14,70,84
WBGene00007412,12,243,255
WBGene00007413,129,778,907
WBGene00007414,19,105,124
WBGene00007415,5,10,15
WBGene00007416,10,22,32
WBGene00007417,22,168,190
WBGene00007418,3,56,59
WBGene00007419,80,519,599
WBGene00007420,0,9,9
WBGene00007421,19,226,245
WBGene00007422,3,40,43
WBGene00007423,0,2,2
WBGene00007424,2,9,11
WBGene00007425,4,27,31
WBGene00007426,1,4,5
WBGene00007427,0,0,0
WBGene00007428,34,405,439
WBGene00007429,39,845,884
WBGene00007430,1,85,86
WBGene00007431,2,6,8
WBGene00007432,2,0,2
WBGene00007433,79,716,795
WBGene00007434,1,119,120
WBGene00007435,1,130,131
WBGene00007436,0,148,148
WBGene00007437,1,6,7
WBGene00007438,0,0,0
WBGene00007439,10,8,18
WBGene00007440,6,36,42
WBGene00007441,0,0,0
WBGene00007442,5,0,5
WBGene00007443,0,1906,1906
WBGene00007444,842,341,1183
WBGene00007445,11,63,74
WBGene00007446,0,0,0
WBGene00007447,1,2,3
WBGene00007448,3,3,6
WBGene00007449,361,2653,3014
WBGene00007450,589,1773,2362
WBGene00007452,2,6,8
WBGene00007453,1,2,3
WBGene00007454,0,2,2
WBGene00007455,9,79,88
WBGene00007456,0,0,0
WBGene00007457,0,0,0
WBGene00007458,0,0,0
WBGene00007459,0,0,0
WBGene00007460,23,136,159
WBGene00007462,17,56,73
WBGene00007463,53,3974,4027
WBGene00007464,9,95,104
WBGene00007465,16,10,26
WBGene00007466,0,9,9
WBGene00007467,0,12,12
WBGene00007469,1,7,8
WBGene00007470,1,7,8
WBGene00007471,3,12,15
WBGene00007472,1,0,1
WBGene00007473,0,0,0
WBGene00007474,25,218,243
WBGene00007476,106,312,418
WBGene00007478,1,2,3
WBGene00007479,16,612,628
WBGene00007480,35,97,132
WBGene00007482,2,19,21
WBGene00007483,1,17,18
WBGene00007484,7,13,20
WBGene00007485,3,2,5
WBGene00007486,35,141,176
WBGene00007487,37,233,270
WBGene00007488,49,284,333
WBGene00007489,1,1,2
WBGene00007490,24,45,69
WBGene00007492,225,976,1201
WBGene00007493,13,275,288
WBGene00007494,2,6,8
WBGene00007495,24,120,144
WBGene00007496,1,1,2
WBGene00007497,0,0,0
WBGene00007499,41,94,135
WBGene00007500,98,411,509
WBGene00007501,3,8,11
WBGene00007502,28,70,98
WBGene00007503,1,2,3
WBGene00007504,2,102,104
WBGene00007505,95,657,752
WBGene00007506,3,12,15
WBGene00007507,6,16,22
WBGene00007508,2,2,4
WBGene00007509,1,9,10
WBGene00007511,62,341,403
WBGene00007512,1,1,2
WBGene00007513,20,47,67
WBGene00007514,34,727,761
WBGene00007515,1,33,34
WBGene00007516,12,303,315
WBGene00007517,1,22,23
WBGene00007518,2,10,12
WBGene00007520,54,310,364
WBGene00007521,5,3,8
WBGene00007522,2,8,10
WBGene00007523,0,0,0
WBGene00007525,1,55,56
WBGene00007528,10,59,69
WBGene00007529,7,147,154
WBGene00007530,3,4,7
WBGene00007531,24,154,178
WBGene00007532,4,63,67
WBGene00007533,28,72,100
WBGene00007534,36,1447,1483
WBGene00007535,0,1,1
WBGene00007536,5,11,16
WBGene00007537,13,662,675
WBGene00007538,5,11,16
WBGene00007540,1,4,5
WBGene00007541,0,83,83
WBGene00007542,0,5,5
WBGene00007543,1,17,18
WBGene00007544,18,328,346
WBGene00007545,29,97,126
WBGene00007546,30,107,137
WBGene00007547,44,226,270
WBGene00007548,8,90,98
WBGene00007549,6,77,83
WBGene00007550,2,23,25
WBGene00007551,19,226,245
WBGene00007552,3,32,35
WBGene00007553,1,232,233
WBGene00007554,19,678,697
WBGene00007555,6,1330,1336
WBGene00007556,15,255,270
WBGene00007557,6,20,26
WBGene00007558,3,18,21
WBGene00007559,1,0,1
WBGene00007560,6,12,18
WBGene00007561,5,191,196
WBGene00007562,39,149,188
WBGene00007563,0,24,24
WBGene00007564,7,1045,1052
WBGene00007565,1,1,2
WBGene00007567,0,0,0
WBGene00007569,0,0,0
WBGene00007570,1,0,1
WBGene00007571,0,0,0
WBGene00007572,0,0,0
WBGene00007573,5,213,218
WBGene00007574,10,492,502
WBGene00007576,31,343,374
WBGene00007577,38,174,212
WBGene00007579,28,208,236
WBGene00007580,4,47,51
WBGene00007581,11,164,175
WBGene00007583,48,320,368
WBGene00007584,1,8,9
WBGene00007585,4,77,81
WBGene00007586,22,1132,1154
WBGene00007587,38,911,949
WBGene00007588,18,783,801
WBGene00007589,0,62,62
WBGene00007590,106,580,686
WBGene00007591,47,408,455
WBGene00007592,128,652,780
WBGene00007593,57,402,459
WBGene00007594,32,232,264
WBGene00007595,6,33,39
WBGene00007597,74,84,158
WBGene00007598,0,0,0
WBGene00007599,70,309,379
WBGene00007600,4,67,71
WBGene00007601,3,3,6
WBGene00007602,101,320,421
WBGene00007603,8,97,105
WBGene00007604,1,76,77
WBGene00007605,12,129,141
WBGene00007606,10,185,195
WBGene00007607,2,43,45
WBGene00007608,7,37,44
WBGene00007609,2,158,160
WBGene00007610,1,1,2
WBGene00007611,2,5,7
WBGene00007613,1,3,4
WBGene00007614,40,88,128
WBGene00007615,46,254,300
WBGene00007616,133,597,730
WBGene00007617,203,2011,2214
WBGene00007618,0,1,1
WBGene00007619,24,63,87
WBGene00007620,349,469,818
WBGene00007621,75,615,690
WBGene00007622,18,73,91
WBGene00007623,42,490,532
WBGene00007624,2,71,73
WBGene00007625,106,634,740
WBGene00007626,44,462,506
WBGene00007627,9,188,197
WBGene00007628,40,497,537
WBGene00007629,37,46,83
WBGene00007630,11,6008,6019
WBGene00007631,1,2,3
WBGene00007632,0,4,4
WBGene00007633,76,146,222
WBGene00007634,0,6,6
WBGene00007635,50,94,144
WBGene00007636,4,6,10
WBGene00007637,45,310,355
WBGene00007638,0,0,0
WBGene00007639,1,1,2
WBGene00007640,34,92,126
WBGene00007641,1,0,1
WBGene00007642,0,1,1
WBGene00007643,6,5,11
WBGene00007644,5,25,30
WBGene00007645,111,595,706
WBGene00007646,115,2277,2392
WBGene00007647,125,582,707
WBGene00007648,0,4,4
WBGene00007649,0,0,0
WBGene00007650,5,27,32
WBGene00007651,24,184,208
WBGene00007652,22,222,244
WBGene00007653,66,847,913
WBGene00007655,16,0,16
WBGene00007656,0,0,0
WBGene00007657,2,1,3
WBGene00007658,0,0,0
WBGene00007659,0,1,1
WBGene00007660,1,0,1
WBGene00007661,0,0,0
WBGene00007662,0,2,2
WBGene00007663,2,5,7
WBGene00007664,50,408,458
WBGene00007666,30,388,418
WBGene00007668,23,256,279
WBGene00007669,3,3,6
WBGene00007670,8,43,51
WBGene00007672,0,0,0
WBGene00007673,0,0,0
WBGene00007674,0,0,0
WBGene00007675,23,69,92
WBGene00007678,0,0,0
WBGene00007679,23,709,732
WBGene00007680,8,20,28
WBGene00007681,146,959,1105
WBGene00007682,2,4,6
WBGene00007683,445,1945,2390
WBGene00007684,1155,4723,5878
WBGene00007685,8,32,40
WBGene00007686,38,2033,2071
WBGene00007687,3,16,19
WBGene00007688,1,1,2
WBGene00007689,33,323,356
WBGene00007690,111,159,270
WBGene00007691,1,3,4
WBGene00007692,0,6,6
WBGene00007693,1,0,1
WBGene00007694,1,17,18
WBGene00007695,1,9,10
WBGene00007696,42,1914,1956
WBGene00007697,64,161,225
WBGene00007698,36,372,408
WBGene00007699,1,0,1
WBGene00007700,0,0,0
WBGene00007701,2,1,3
WBGene00007702,68,301,369
WBGene00007703,198,477,675
WBGene00007704,6,72,78
WBGene00007705,7,234,241
WBGene00007706,19,630,649
WBGene00007707,2,253,255
WBGene00007708,0,0,0
WBGene00007709,0,28,28
WBGene00007710,15,184,199
WBGene00007711,5,258,263
WBGene00007712,5,1274,1279
WBGene00007713,0,1,1
WBGene00007714,0,1,1
WBGene00007716,0,0,0
WBGene00007717,0,2,2
WBGene00007718,0,529,529
WBGene00007719,0,1,1
WBGene00007720,1,247,248
WBGene00007722,16,71,87
WBGene00007723,1,2,3
WBGene00007724,2,6,8
WBGene00007725,3,7,10
WBGene00007726,1,3,4
WBGene00007727,0,2,2
WBGene00007728,0,3,3
WBGene00007729,17,130,147
WBGene00007730,11,295,306
WBGene00007731,2,278,280
WBGene00007732,1,6,7
WBGene00007733,0,0,0
WBGene00007734,6,6,12
WBGene00007735,0,1,1
WBGene00007736,41,167,208
WBGene00007739,9,11,20
WBGene00007740,0,0,0
WBGene00007741,29,97,126
WBGene00007742,4,5,9
WBGene00007743,7,20,27
WBGene00007744,56,135,191
WBGene00007745,32,97,129
WBGene00007746,24,147,171
WBGene00007747,1,1,2
WBGene00007748,4,21,25
WBGene00007749,15,234,249
WBGene00007750,20,245,265
WBGene00007751,9,9,18
WBGene00007752,79,446,525
WBGene00007753,28,162,190
WBGene00007755,25,57,82
WBGene00007756,41,268,309
WBGene00007757,16,40,56
WBGene00007758,41,225,266
WBGene00007759,0,4,4
WBGene00007760,12,138,150
WBGene00007761,55,327,382
WBGene00007762,6,119,125
WBGene00007763,18,45,63
WBGene00007764,130,396,526
WBGene00007765,3,8,11
WBGene00007766,2,43,45
WBGene00007768,5,7,12
WBGene00007769,0,0,0
WBGene00007770,0,0,0
WBGene00007771,1,46,47
WBGene00007772,18,298,316
WBGene00007773,0,0,0
WBGene00007774,46,223,269
WBGene00007775,38,56,94
WBGene00007776,31,94,125
WBGene00007777,1,1,2
WBGene00007778,1,1,2
WBGene00007779,7,82,89
WBGene00007780,3,44,47
WBGene00007784,55,1096,1151
WBGene00007785,7,233,240
WBGene00007786,55,1766,1821
WBGene00007787,12,583,595
WBGene00007788,6,12,18
WBGene00007789,4,17,21
WBGene00007791,1,3,4
WBGene00007792,0,0,0
WBGene00007793,0,0,0
WBGene00007794,0,0,0
WBGene00007795,0,0,0
WBGene00007796,14,39,53
WBGene00007797,4,23,27
WBGene00007799,70,204,274
WBGene00007800,3,7,10
WBGene00007801,34,186,220
WBGene00007802,10,14,24
WBGene00007804,2,14,16
WBGene00007805,0,0,0
WBGene00007806,0,2,2
WBGene00007807,12,69,81
WBGene00007808,1,4,5
WBGene00007809,1,10,11
WBGene00007810,4,19,23
WBGene00007811,23,85,108
WBGene00007812,170,704,874
WBGene00007813,0,0,0
WBGene00007816,51,44,95
WBGene00007817,59,131,190
WBGene00007818,16,124,140
WBGene00007819,7,70,77
WBGene00007820,94,361,455
WBGene00007822,1,3,4
WBGene00007823,1,4,5
WBGene00007824,724,1460,2184
WBGene00007825,9,132,141
WBGene00007826,13,476,489
WBGene00007827,117,609,726
WBGene00007829,0,0,0
WBGene00007831,1,5,6
WBGene00007832,0,1,1
WBGene00007833,0,3,3
WBGene00007834,0,0,0
WBGene00007835,2,6,8
WBGene00007836,2,304,306
WBGene00007837,7,77,84
WBGene00007840,16,7,23
WBGene00007841,37,311,348
WBGene00007842,1,21,22
WBGene00007844,0,2,2
WBGene00007845,0,3,3
WBGene00007846,13,133,146
WBGene00007847,9,91,100
WBGene00007848,280,1904,2184
WBGene00007849,26,56,82
WBGene00007850,0,0,0
WBGene00007851,0,2,2
WBGene00007852,0,0,0
WBGene00007853,0,0,0
WBGene00007854,30,75,105
WBGene00007855,0,315,315
WBGene00007856,4,114,118
WBGene00007857,3,10,13
WBGene00007858,4,8,12
WBGene00007859,40,367,407
WBGene00007860,154,495,649
WBGene00007861,0,13,13
WBGene00007862,17,111,128
WBGene00007863,0,0,0
WBGene00007864,0,2,2
WBGene00007865,0,0,0
WBGene00007866,0,3,3
WBGene00007867,1,14,15
WBGene00007868,0,6,6
WBGene00007869,0,1,1
WBGene00007870,2,30,32
WBGene00007871,0,0,0
WBGene00007872,0,0,0
WBGene00007873,0,0,0
WBGene00007874,0,0,0
WBGene00007875,2,8,10
WBGene00007876,0,0,0
WBGene00007877,151,922,1073
WBGene00007878,56,79,135
WBGene00007880,1438,3673,5111
WBGene00007881,40,678,718
WBGene00007882,24,907,931
WBGene00007883,102,1327,1429
WBGene00007885,24,110,134
WBGene00007886,52,111,163
WBGene00007887,1,0,1
WBGene00007888,15,20,35
WBGene00007890,13,62,75
WBGene00007891,5,20,25
WBGene00007892,5,486,491
WBGene00007893,0,1,1
WBGene00007894,0,3,3
WBGene00007895,0,1,1
WBGene00007896,9,3,12
WBGene00007897,4,7,11
WBGene00007898,4,52,56
WBGene00007900,21,214,235
WBGene00007901,5,136,141
WBGene00007903,0,2,2
WBGene00007904,4,7,11
WBGene00007905,2,2,4
WBGene00007906,15,115,130
WBGene00007907,335,513,848
WBGene00007908,39,152,191
WBGene00007909,44,201,245
WBGene00007910,1,7,8
WBGene00007911,1,17,18
WBGene00007912,21,206,227
WBGene00007913,31,128,159
WBGene00007914,19,176,195
WBGene00007916,6,124,130
WBGene00007917,50,266,316
WBGene00007918,13,208,221
WBGene00007919,90,280,370
WBGene00007920,0,0,0
WBGene00007921,49,296,345
WBGene00007922,39,182,221
WBGene00007923,62,577,639
WBGene00007924,229,1841,2070
WBGene00007925,20,248,268
WBGene00007926,8,26,34
WBGene00007927,232,1420,1652
WBGene00007928,1,9,10
WBGene00007929,9,74,83
WBGene00007930,1,0,1
WBGene00007931,16,155,171
WBGene00007932,14,33,47
WBGene00007933,5,50,55
WBGene00007934,36,641,677
WBGene00007935,21,16,37
WBGene00007937,2,1,3
WBGene00007938,2,50,52
WBGene00007939,4,52,56
WBGene00007941,5,83,88
WBGene00007942,134,570,704
WBGene00007943,17,206,223
WBGene00007944,39,378,417
WBGene00007945,2,12,14
WBGene00007946,7,19,26
WBGene00007947,54,190,244
WBGene00007948,3,2,5
WBGene00007949,0,5,5
WBGene00007950,145,418,563
WBGene00007951,27,98,125
WBGene00007952,29,583,612
WBGene00007953,39,74,113
WBGene00007954,0,0,0
WBGene00007955,23,1084,1107
WBGene00007956,17,113,130
WBGene00007957,6,32,38
WBGene00007958,147,412,559
WBGene00007959,15,185,200
WBGene00007960,0,0,0
WBGene00007961,0,0,0
WBGene00007963,0,0,0
WBGene00007964,3,80,83
WBGene00007965,3,110,113
WBGene00007966,1,75,76
WBGene00007967,6,74,80
WBGene00007969,9,852,861
WBGene00007970,9,44,53
WBGene00007971,107,736,843
WBGene00007972,101,255,356
WBGene00007973,0,2,2
WBGene00007974,42,318,360
WBGene00007975,21,234,255
WBGene00007976,9,84,93
WBGene00007977,2,4,6
WBGene00007978,22,81,103
WBGene00007979,8,213,221
WBGene00007980,57,1069,1126
WBGene00007981,27,508,535
WBGene00007982,47,291,338
WBGene00007983,47,128,175
WBGene00007984,41,452,493
WBGene00007985,24,45,69
WBGene00007986,0,1,1
WBGene00007987,0,1,1
WBGene00007988,8,37,45
WBGene00007989,2,62,64
WBGene00007990,0,9,9
WBGene00007991,11,78,89
WBGene00007992,4,53,57
WBGene00007993,71,1699,1770
WBGene00007994,33,150,183
WBGene00007995,2,0,2
WBGene00007996,0,0,0
WBGene00007997,1321,15,1336
WBGene00007998,2,4,6
WBGene00007999,10,54,64
WBGene00008000,18,327,345
WBGene00008001,0,2,2
WBGene00008002,27,70,97
WBGene00008003,6,46,52
WBGene00008005,7,60,67
WBGene00008006,42,195,237
WBGene00008007,3,9,12
WBGene00008008,22,60,82
WBGene00008009,2,0,2
WBGene00008010,6,8,14
WBGene00008012,0,0,0
WBGene00008014,0,2,2
WBGene00008015,1,0,1
WBGene00008016,0,0,0
WBGene00008017,1,1,2
WBGene00008018,36,177,213
WBGene00008019,10,343,353
WBGene00008020,2,28,30
WBGene00008021,0,62,62
WBGene00008022,20,118,138
WBGene00008023,2,36,38
WBGene00008024,1,7,8
WBGene00008025,11,125,136
WBGene00008027,9,39,48
WBGene00008028,9,12,21
WBGene00008029,0,1,1
WBGene00008030,0,3,3
WBGene00008031,3,8,11
WBGene00008032,24,891,915
WBGene00008033,37,127,164
WBGene00008034,135,725,860
WBGene00008035,17,245,262
WBGene00008036,0,0,0
WBGene00008037,2,6,8
WBGene00008038,0,2,2
WBGene00008039,8,115,123
WBGene00008040,264,1271,1535
WBGene00008041,201,1341,1542
WBGene00008042,2,7,9
WBGene00008043,15,42,57
WBGene00008044,0,0,0
WBGene00008045,6,51,57
WBGene00008047,3,2,5
WBGene00008049,2,0,2
WBGene00008050,11,250,261
WBGene00008051,32,53,85
WBGene00008052,26,184,210
WBGene00008053,25,748,773
WBGene00008054,5,6,11
WBGene00008056,0,0,0
WBGene00008057,0,0,0
WBGene00008058,0,0,0
WBGene00008059,0,0,0
WBGene00008060,0,0,0
WBGene00008061,2,26,28
WBGene00008062,3,18,21
WBGene00008063,1,1,2
WBGene00008064,298,19,317
WBGene00008065,7,69,76
WBGene00008066,0,11,11
WBGene00008067,1,2,3
WBGene00008068,0,0,0
WBGene00008069,1,0,1
WBGene00008070,0,3,3
WBGene00008071,3,1,4
WBGene00008072,1,8,9
WBGene00008073,0,31,31
WBGene00008074,0,1,1
WBGene00008075,25,58,83
WBGene00008076,14,154,168
WBGene00008077,1,14,15
WBGene00008078,10,89,99
WBGene00008079,0,1,1
WBGene00008080,0,7,7
WBGene00008081,42,209,251
WBGene00008082,15,46,61
WBGene00008084,1,10,11
WBGene00008085,18,97,115
WBGene00008086,1,4,5
WBGene00008087,1,0,1
WBGene00008088,0,0,0
WBGene00008089,128,404,532
WBGene00008090,0,0,0
WBGene00008091,2,17,19
WBGene00008092,0,0,0
WBGene00008093,7,5,12
WBGene00008094,57,115,172
WBGene00008095,2,8,10
WBGene00008096,4,55,59
WBGene00008097,1,2,3
WBGene00008099,0,6,6
WBGene00008100,36,111,147
WBGene00008101,1,15,16
WBGene00008102,0,8,8
WBGene00008105,0,2,2
WBGene00008106,1,5,6
WBGene00008107,8,178,186
WBGene00008110,188,1379,1567
WBGene00008111,5,11,16
WBGene00008113,1,2,3
WBGene00008114,3,52,55
WBGene00008116,2,12,14
WBGene00008117,25,777,802
WBGene00008118,49,172,221
WBGene00008119,132,380,512
WBGene00008120,150,545,695
WBGene00008121,19,444,463
WBGene00008122,0,5,5
WBGene00008123,8,28,36
WBGene00008124,1,2,3
WBGene00008125,0,0,0
WBGene00008126,1,0,1
WBGene00008127,6,10,16
WBGene00008128,2,30,32
WBGene00008129,0,1,1
WBGene00008130,1,26,27
WBGene00008131,10,363,373
WBGene00008132,64,370,434
WBGene00008133,47,119,166
WBGene00008134,66,342,408
WBGene00008136,24,318,342
WBGene00008137,2,4,6
WBGene00008138,0,2,2
WBGene00008139,3,42,45
WBGene00008140,86,79,165
WBGene00008141,1,2,3
WBGene00008142,12,104,116
WBGene00008143,29,278,307
WBGene00008144,9,66,75
WBGene00008145,23,47,70
WBGene00008146,1,4,5
WBGene00008147,104,592,696
WBGene00008148,10,136,146
WBGene00008149,163,5567,5730
WBGene00008150,1,5,6
WBGene00008151,105,1219,1324
WBGene00008152,15,171,186
WBGene00008153,2,5,7
WBGene00008154,0,0,0
WBGene00008155,8,15,23
WBGene00008156,1,1,2
WBGene00008157,0,0,0
WBGene00008158,1,1,2
WBGene00008159,0,0,0
WBGene00008160,0,0,0
WBGene00008161,1,0,1
WBGene00008162,1,1,2
WBGene00008163,0,0,0
WBGene00008164,18,785,803
WBGene00008165,6,278,284
WBGene00008166,18,200,218
WBGene00008167,8,28,36
WBGene00008168,16,91,107
WBGene00008169,2,51,53
WBGene00008170,21,80,101
WBGene00008171,0,12,12
WBGene00008172,1,24,25
WBGene00008173,3,101,104
WBGene00008174,15,57,72
WBGene00008175,0,2,2
WBGene00008176,0,5,5
WBGene00008177,11,128,139
WBGene00008178,41,4,45
WBGene00008180,2,18,20
WBGene00008183,744,378,1122
WBGene00008184,0,7,7
WBGene00008185,7,0,7
WBGene00008186,5,3,8
WBGene00008187,3,3,6
WBGene00008188,1,0,1
WBGene00008190,6,5,11
WBGene00008191,156,2645,2801
WBGene00008194,16,74,90
WBGene00008195,49,166,215
WBGene00008196,48,190,238
WBGene00008197,24,80,104
WBGene00008198,9,319,328
WBGene00008199,3,11,14
WBGene00008200,1,3,4
WBGene00008201,0,1,1
WBGene00008202,0,7,7
WBGene00008203,50,186,236
WBGene00008204,13,106,119
WBGene00008205,348,10424,10772
WBGene00008206,23,158,181
WBGene00008207,0,0,0
WBGene00008208,4,15,19
WBGene00008209,0,1,1
WBGene00008210,0,8,8
WBGene00008211,0,130,130
WBGene00008212,14,38,52
WBGene00008213,55,13,68
WBGene00008214,40,170,210
WBGene00008215,1,526,527
WBGene00008216,2,12,14
WBGene00008217,0,0,0
WBGene00008218,11,445,456
WBGene00008219,7,167,174
WBGene00008220,1,39,40
WBGene00008221,14,162,176
WBGene00008222,7,31,38
WBGene00008223,2,0,2
WBGene00008224,44,680,724
WBGene00008225,20,299,319
WBGene00008226,26,121,147
WBGene00008227,35,110,145
WBGene00008228,0,83,83
WBGene00008229,11,122,133
WBGene00008230,7,26,33
WBGene00008231,0,0,0
WBGene00008232,12,100,112
WBGene00008233,3,141,144
WBGene00008234,2,10,12
WBGene00008235,3,32,35
WBGene00008236,22,61,83
WBGene00008237,28,368,396
WBGene00008238,21,216,237
WBGene00008239,1,10,11
WBGene00008240,1,0,1
WBGene00008241,0,1,1
WBGene00008242,0,3,3
WBGene00008243,0,5,5
WBGene00008244,0,0,0
WBGene00008245,0,3,3
WBGene00008246,0,1,1
WBGene00008247,1,0,1
WBGene00008248,1,19,20
WBGene00008249,3,6,9
WBGene00008250,3,6,9
WBGene00008251,4,12,16
WBGene00008252,4,31,35
WBGene00008254,140,1650,1790
WBGene00008255,24,101,125
WBGene00008256,17,77,94
WBGene00008257,1,59,60
WBGene00008258,15,254,269
WBGene00008259,0,0,0
WBGene00008260,4,44,48
WBGene00008261,6,5,11
WBGene00008262,717,18507,19224
WBGene00008263,65,38,103
WBGene00008265,35,76,111
WBGene00008266,30,99,129
WBGene00008267,3,18,21
WBGene00008268,0,0,0
WBGene00008269,0,6,6
WBGene00008270,40,102,142
WBGene00008271,4,5,9
WBGene00008272,7,14,21
WBGene00008273,17,166,183
WBGene00008274,111,687,798
WBGene00008275,14,148,162
WBGene00008277,2,1,3
WBGene00008278,15,44,59
WBGene00008279,16,2,18
WBGene00008280,36,34,70
WBGene00008281,16,103,119
WBGene00008283,17,197,214
WBGene00008284,62,220,282
WBGene00008285,5,3,8
WBGene00008286,1,5,6
WBGene00008287,67,201,268
WBGene00008288,18,260,278
WBGene00008289,0,0,0
WBGene00008290,1,0,1
WBGene00008291,0,0,0
WBGene00008292,11,94,105
WBGene00008293,1,0,1
WBGene00008294,0,1,1
WBGene00008295,0,0,0
WBGene00008296,43,150,193
WBGene00008297,0,0,0
WBGene00008298,488,2216,2704
WBGene00008299,0,1,1
WBGene00008300,6,87,93
WBGene00008301,1,2,3
WBGene00008302,0,3,3
WBGene00008303,5,11,16
WBGene00008304,3,17,20
WBGene00008306,4,5,9
WBGene00008307,61,106,167
WBGene00008308,0,0,0
WBGene00008309,1,17,18
WBGene00008310,51,278,329
WBGene00008311,31,502,533
WBGene00008312,1,3,4
WBGene00008313,1,5,6
WBGene00008314,5,17,22
WBGene00008315,113,339,452
WBGene00008316,23,122,145
WBGene00008317,5,235,240
WBGene00008318,4,110,114
WBGene00008319,0,0,0
WBGene00008320,13,51,64
WBGene00008321,0,0,0
WBGene00008322,0,3,3
WBGene00008323,14,166,180
WBGene00008324,0,12,12
WBGene00008325,0,7,7
WBGene00008326,0,0,0
WBGene00008327,0,0,0
WBGene00008328,4,0,4
WBGene00008329,1,0,1
WBGene00008330,5,275,280
WBGene00008331,113,630,743
WBGene00008332,26,109,135
WBGene00008333,6,83,89
WBGene00008334,56,151,207
WBGene00008335,20,163,183
WBGene00008336,2,25,27
WBGene00008338,138,595,733
WBGene00008339,9,194,203
WBGene00008340,2,0,2
WBGene00008341,2,63,65
WBGene00008342,11,37,48
WBGene00008343,4,165,169
WBGene00008344,80,315,395
WBGene00008345,23,476,499
WBGene00008346,3,24,27
WBGene00008348,84,154,238
WBGene00008352,1,5,6
WBGene00008353,4,125,129
WBGene00008354,13,93,106
WBGene00008355,8,20,28
WBGene00008356,10,16783,16793
WBGene00008357,10,2251,2261
WBGene00008358,16,2029,2045
WBGene00008359,24,4028,4052
WBGene00008360,0,2416,2416
WBGene00008361,16,89,105
WBGene00008362,57,110,167
WBGene00008363,5,91,96
WBGene00008364,6,196,202
WBGene00008365,1,0,1
WBGene00008366,87,310,397
WBGene00008367,0,0,0
WBGene00008368,26,84,110
WBGene00008369,21,81,102
WBGene00008370,125,392,517
WBGene00008371,82,316,398
WBGene00008372,4,4,8
WBGene00008375,7,361,368
WBGene00008376,7,27,34
WBGene00008377,0,1,1
WBGene00008378,0,0,0
WBGene00008379,2,76,78
WBGene00008380,30,223,253
WBGene00008381,0,0,0
WBGene00008382,21,44,65
WBGene00008383,0,3,3
WBGene00008384,10,24,34
WBGene00008385,3,75,78
WBGene00008386,115,813,928
WBGene00008387,5,18,23
WBGene00008388,18,23,41
WBGene00008389,39,317,356
WBGene00008390,43,168,211
WBGene00008392,926,2831,3757
WBGene00008393,0,2,2
WBGene00008394,0,0,0
WBGene00008395,394,1877,2271
WBGene00008396,0,10,10
WBGene00008397,0,0,0
WBGene00008398,262,964,1226
WBGene00008399,9,55,64
WBGene00008400,47,225,272
WBGene00008401,8,24,32
WBGene00008402,7,232,239
WBGene00008403,14,32,46
WBGene00008404,17,420,437
WBGene00008405,15,446,461
WBGene00008407,107,385,492
WBGene00008408,24,376,400
WBGene00008409,74,1173,1247
WBGene00008410,24,345,369
WBGene00008411,24,316,340
WBGene00008412,42,383,425
WBGene00008413,22,251,273
WBGene00008414,280,3367,3647
WBGene00008415,54,2281,2335
WBGene00008417,20,84,104
WBGene00008418,12,65,77
WBGene00008419,117,790,907
WBGene00008420,95,358,453
WBGene00008421,43,94,137
WBGene00008422,6,396,402
WBGene00008423,0,41,41
WBGene00008424,8,25,33
WBGene00008425,2,7,9
WBGene00008426,36,293,329
WBGene00008427,2,4,6
WBGene00008428,20,361,381
WBGene00008429,30,247,277
WBGene00008430,76,558,634
WBGene00008431,76,163,239
WBGene00008432,84,297,381
WBGene00008433,0,1,1
WBGene00008434,17,233,250
WBGene00008435,37,126,163
WBGene00008436,68,840,908
WBGene00008438,210,549,759
WBGene00008439,32,186,218
WBGene00008440,1,45,46
WBGene00008441,59,160,219
WBGene00008442,93,252,345
WBGene00008443,642,384,1026
WBGene00008444,165,229,394
WBGene00008446,535,1336,1871
WBGene00008447,15,79,94
WBGene00008448,0,7,7
WBGene00008449,3,7,10
WBGene00008450,4,367,371
WBGene00008451,3,17,20
WBGene00008452,86,1156,1242
WBGene00008453,85,511,596
WBGene00008454,7,151,158
WBGene00008455,87,550,637
WBGene00008456,0,156,156
WBGene00008457,33,109,142
WBGene00008458,57,275,332
WBGene00008459,49,454,503
WBGene00008460,20,6,26
WBGene00008462,0,9,9
WBGene00008463,3,5,8
WBGene00008464,0,0,0
WBGene00008468,8,1,9
WBGene00008470,0,0,0
WBGene00008471,0,1,1
WBGene00008472,1,0,1
WBGene00008473,1,0,1
WBGene00008474,0,0,0
WBGene00008475,3,8,11
WBGene00008476,12,63,75
WBGene00008477,0,12,12
WBGene00008478,0,0,0
WBGene00008479,0,0,0
WBGene00008480,54,1364,1418
WBGene00008481,8,22,30
WBGene00008482,2,1,3
WBGene00008483,3,6,9
WBGene00008484,12,555,567
WBGene00008485,0,0,0
WBGene00008486,0,32,32
WBGene00008488,12,102,114
WBGene00008489,3,8,11
WBGene00008490,16,109,125
WBGene00008491,57,52,109
WBGene00008492,0,6,6
WBGene00008493,0,0,0
WBGene00008494,0,8,8
WBGene00008495,2,26,28
WBGene00008496,2,9,11
WBGene00008497,0,0,0
WBGene00008498,2,6,8
WBGene00008499,12,33,45
WBGene00008500,20,37,57
WBGene00008502,59,425,484
WBGene00008503,0,33,33
WBGene00008504,5,347,352
WBGene00008505,1200,12803,14003
WBGene00008506,31,1527,1558
WBGene00008507,0,0,0
WBGene00008508,2,0,2
WBGene00008509,3,109,112
WBGene00008510,255,803,1058
WBGene00008511,2,23,25
WBGene00008512,3,10,13
WBGene00008513,37,65,102
WBGene00008514,135,1827,1962
WBGene00008515,39,112,151
WBGene00008516,1,31,32
WBGene00008517,12,23,35
WBGene00008518,2,8,10
WBGene00008519,68,106,174
WBGene00008520,10,5,15
WBGene00008521,31,569,600
WBGene00008522,2,200,202
WBGene00008523,0,0,0
WBGene00008524,0,0,0
WBGene00008526,0,0,0
WBGene00008527,1,1,2
WBGene00008528,97,327,424
WBGene00008529,5,11,16
WBGene00008530,119,909,1028
WBGene00008531,21,249,270
WBGene00008532,64,774,838
WBGene00008533,70,221,291
WBGene00008535,0,1,1
WBGene00008536,1,1,2
WBGene00008538,261,1300,1561
WBGene00008539,0,0,0
WBGene00008540,2,0,2
WBGene00008541,0,1,1
WBGene00008542,5,15,20
WBGene00008543,8,67,75
WBGene00008545,6,8,14
WBGene00008546,63,291,354
WBGene00008547,42,319,361
WBGene00008548,8,47,55
WBGene00008549,160,1602,1762
WBGene00008550,1,2,3
WBGene00008551,0,2,2
WBGene00008552,0,0,0
WBGene00008553,0,27,27
WBGene00008554,360,2304,2664
WBGene00008555,277,559,836
WBGene00008556,0,7,7
WBGene00008557,51,61,112
WBGene00008558,2,28,30
WBGene00008559,0,2,2
WBGene00008560,0,4,4
WBGene00008561,6,21,27
WBGene00008563,1,309,310
WBGene00008564,21,132,153
WBGene00008565,17,59,76
WBGene00008566,1,5,6
WBGene00008567,1,19,20
WBGene00008568,1,7,8
WBGene00008569,5,45,50
WBGene00008570,145,324,469
WBGene00008571,35,130,165
WBGene00008572,323,3074,3397
WBGene00008574,0,0,0
WBGene00008575,17,86,103
WBGene00008576,0,295,295
WBGene00008577,0,648,648
WBGene00008578,27,129,156
WBGene00008579,67,203,270
WBGene00008580,4,23,27
WBGene00008581,0,1,1
WBGene00008582,60,1033,1093
WBGene00008583,15,69,84
WBGene00008584,28,118,146
WBGene00008585,22,93,115
WBGene00008586,90,609,699
WBGene00008587,7,70,77
WBGene00008588,5,72,77
WBGene00008589,43,152,195
WBGene00008590,0,0,0
WBGene00008591,1,37,38
WBGene00008592,1,98,99
WBGene00008593,1,9,10
WBGene00008594,4,16,20
WBGene00008595,7,8,15
WBGene00008596,4,16,20
WBGene00008597,0,0,0
WBGene00008598,1,14,15
WBGene00008599,2,14,16
WBGene00008600,55,26,81
WBGene00008601,321,909,1230
WBGene00008602,9,54,63
WBGene00008603,297,2292,2589
WBGene00008604,73,221,294
WBGene00008605,25,112,137
WBGene00008606,26,206,232
WBGene00008607,38,110,148
WBGene00008609,1,1,2
WBGene00008610,42,713,755
WBGene00008611,0,0,0
WBGene00008612,3,0,3
WBGene00008613,1,14,15
WBGene00008615,2,7,9
WBGene00008616,0,12,12
WBGene00008617,1,3,4
WBGene00008618,1,0,1
WBGene00008619,2,0,2
WBGene00008620,0,0,0
WBGene00008621,9,39,48
WBGene00008622,72,597,669
WBGene00008623,25,2,27
WBGene00008624,71,537,608
WBGene00008625,8,19,27
WBGene00008626,7,37,44
WBGene00008627,1,0,1
WBGene00008628,62,2704,2766
WBGene00008629,5,72,77
WBGene00008630,2,7,9
WBGene00008631,0,0,0
WBGene00008632,2,5,7
WBGene00008633,0,2,2
WBGene00008634,1,13,14
WBGene00008636,0,5,5
WBGene00008637,0,0,0
WBGene00008638,0,0,0
WBGene00008639,14,112,126
WBGene00008640,1,4,5
WBGene00008641,12,90,102
WBGene00008642,2,269,271
WBGene00008643,1,16,17
WBGene00008644,4,11,15
WBGene00008645,10,260,270
WBGene00008646,7,126,133
WBGene00008647,1,13,14
WBGene00008648,39,167,206
WBGene00008649,6,2,8
WBGene00008650,3,5,8
WBGene00008651,0,2,2
WBGene00008652,2,16,18
WBGene00008654,21,9,30
WBGene00008655,0,7,7
WBGene00008656,6,56,62
WBGene00008659,0,2,2
WBGene00008660,0,2,2
WBGene00008661,0,1,1
WBGene00008662,27,72,99
WBGene00008663,9,132,141
WBGene00008664,6,517,523
WBGene00008665,916,178,1094
WBGene00008666,26,158,184
WBGene00008667,35,97,132
WBGene00008668,6,0,6
WBGene00008669,36,135,171
WBGene00008670,59,287,346
WBGene00008671,0,2,2
WBGene00008672,0,1,1
WBGene00008673,0,1,1
WBGene00008674,0,0,0
WBGene00008675,0,0,0
WBGene00008676,0,1,1
WBGene00008677,0,37,37
WBGene00008678,0,2,2
WBGene00008679,0,4,4
WBGene00008680,0,6,6
WBGene00008681,20,82,102
WBGene00008682,21,468,489
WBGene00008683,66,499,565
WBGene00008684,8,119,127
WBGene00008685,40,217,257
WBGene00008686,34,141,175
WBGene00008687,10,218,228
WBGene00008688,217,695,912
WBGene00008690,108,537,645
WBGene00008691,10,210,220
WBGene00008692,1,14,15
WBGene00008693,1,1,2
WBGene00008694,640,1629,2269
WBGene00008695,9,34,43
WBGene00008696,0,0,0
WBGene00008698,0,0,0
WBGene00008699,0,0,0
WBGene00008700,0,1,1
WBGene00008701,1,1,2
WBGene00008702,0,0,0
WBGene00008703,0,0,0
WBGene00008706,663,1731,2394
WBGene00008707,8,662,670
WBGene00008708,8,22,30
WBGene00008709,4,7,11
WBGene00008710,11,188,199
WBGene00008711,4,41,45
WBGene00008712,9,30,39
WBGene00008713,22,96,118
WBGene00008714,19,27,46
WBGene00008716,2,2,4
WBGene00008717,0,0,0
WBGene00008719,3,11,14
WBGene00008720,19,567,586
WBGene00008722,9,225,234
WBGene00008724,0,2,2
WBGene00008725,0,0,0
WBGene00008726,17,133,150
WBGene00008727,3,5,8
WBGene00008728,2,8,10
WBGene00008729,99,856,955
WBGene00008730,3,10,13
WBGene00008731,11,10,21
WBGene00008732,1,12,13
WBGene00008733,12,126,138
WBGene00008734,1,8,9
WBGene00008735,154,283,437
WBGene00008736,14,37,51
WBGene00008737,2,9,11
WBGene00008739,1,15,16
WBGene00008740,1,78,79
WBGene00008741,55,241,296
WBGene00008742,12,121,133
WBGene00008743,2,28,30
WBGene00008744,42,642,684
WBGene00008745,38,1528,1566
WBGene00008746,45,51,96
WBGene00008747,2,19,21
WBGene00008748,14,340,354
WBGene00008749,12,241,253
WBGene00008750,43,167,210
WBGene00008751,0,0,0
WBGene00008752,0,0,0
WBGene00008753,0,0,0
WBGene00008754,1,11,12
WBGene00008755,0,9,9
WBGene00008757,0,8,8
WBGene00008758,1,5,6
WBGene00008759,0,0,0
WBGene00008760,0,211,211
WBGene00008761,23,249,272
WBGene00008762,1,135,136
WBGene00008763,9,63,72
WBGene00008764,18,858,876
WBGene00008765,25,1385,1410
WBGene00008766,59,175,234
WBGene00008767,15,391,406
WBGene00008768,496,2440,2936
WBGene00008769,24,595,619
WBGene00008770,46,406,452
WBGene00008772,1,0,1
WBGene00008773,7,49,56
WBGene00008774,5,101,106
WBGene00008775,26,297,323
WBGene00008776,19,69,88
WBGene00008777,95,1190,1285
WBGene00008778,4,3,7
WBGene00008779,16,32,48
WBGene00008780,42,259,301
WBGene00008781,47,536,583
WBGene00008782,0,0,0
WBGene00008783,66,257,323
WBGene00008784,0,3,3
WBGene00008785,0,1,1
WBGene00008786,0,0,0
WBGene00008787,4,8,12
WBGene00008788,0,1,1
WBGene00008789,0,4,4
WBGene00008790,0,0,0
WBGene00008792,3,28,31
WBGene00008793,5,12,17
WBGene00008794,0,0,0
WBGene00008795,1,4,5
WBGene00008796,0,4,4
WBGene00008797,2,3,5
WBGene00008798,0,27,27
WBGene00008799,1,5,6
WBGene00008800,35,671,706
WBGene00008801,2,5,7
WBGene00008802,3,13,16
WBGene00008803,120,1085,1205
WBGene00008804,16,23,39
WBGene00008805,23,258,281
WBGene00008806,10,110,120
WBGene00008807,6,12,18
WBGene00008808,5,5,10
WBGene00008809,1,2,3
WBGene00008810,6,106,112
WBGene00008811,0,0,0
WBGene00008812,0,2,2
WBGene00008814,0,0,0
WBGene00008815,0,1,1
WBGene00008816,0,0,0
WBGene00008817,0,0,0
WBGene00008818,0,1,1
WBGene00008819,152,271,423
WBGene00008820,17,722,739
WBGene00008821,0,0,0
WBGene00008822,1,1,2
WBGene00008823,0,0,0
WBGene00008824,0,0,0
WBGene00008825,0,0,0
WBGene00008826,0,1,1
WBGene00008828,0,0,0
WBGene00008829,0,0,0
WBGene00008830,1,8,9
WBGene00008831,5,9,14
WBGene00008832,34,259,293
WBGene00008833,4,179,183
WBGene00008834,8,299,307
WBGene00008835,2,48,50
WBGene00008837,1,0,1
WBGene00008838,5,9,14
WBGene00008839,0,1,1
WBGene00008840,1,12,13
WBGene00008841,1251,3431,4682
WBGene00008843,0,0,0
WBGene00008844,0,1,1
WBGene00008847,1,1,2
WBGene00008848,3,72,75
WBGene00008849,6,2,8
WBGene00008850,1,4,5
WBGene00008851,16,95,111
WBGene00008852,192,1103,1295
WBGene00008853,2,1,3
WBGene00008854,2,1,3
WBGene00008855,0,0,0
WBGene00008856,140,712,852
WBGene00008857,12,3362,3374
WBGene00008858,2,1,3
WBGene00008859,1,108,109
WBGene00008860,564,3304,3868
WBGene00008861,10,147,157
WBGene00008862,7,9,16
WBGene00008863,2,5,7
WBGene00008865,59,674,733
WBGene00008866,5,2,7
WBGene00008868,40,46,86
WBGene00008869,3,41,44
WBGene00008870,1,1,2
WBGene00008871,0,1,1
WBGene00008872,0,0,0
WBGene00008874,2,8,10
WBGene00008875,0,14,14
WBGene00008876,30,176,206
WBGene00008877,16,178,194
WBGene00008878,267,666,933
WBGene00008879,10,22,32
WBGene00008880,6,60,66
WBGene00008881,0,2,2
WBGene00008882,19,255,274
WBGene00008883,2,12,14
WBGene00008884,0,6,6
WBGene00008885,23,183,206
WBGene00008886,10,26,36
WBGene00008887,11,145,156
WBGene00008889,0,2,2
WBGene00008890,10,29,39
WBGene00008891,0,15,15
WBGene00008892,7,19,26
WBGene00008893,0,0,0
WBGene00008894,1,1,2
WBGene00008897,3,11,14
WBGene00008898,1,0,1
WBGene00008899,1,0,1
WBGene00008900,6,7,13
WBGene00008901,216,1,217
WBGene00008902,2,1,3
WBGene00008903,0,0,0
WBGene00008904,0,6,6
WBGene00008905,2,14,16
WBGene00008906,0,0,0
WBGene00008907,0,0,0
WBGene00008908,0,0,0
WBGene00008909,0,0,0
WBGene00008910,61,587,648
WBGene00008911,0,0,0
WBGene00008912,1,31,32
WBGene00008914,115,1475,1590
WBGene00008915,56,1996,2052
WBGene00008916,12,13,25
WBGene00008917,16,8,24
WBGene00008918,3,150,153
WBGene00008919,138,834,972
WBGene00008920,14007,42944,56951
WBGene00008921,37,221,258
WBGene00008922,272,2116,2388
WBGene00008923,48,66,114
WBGene00008924,23,154,177
WBGene00008925,52,1241,1293
WBGene00008926,31,190,221
WBGene00008927,81,353,434
WBGene00008928,1,1,2
WBGene00008929,25,207,232
WBGene00008930,244,819,1063
WBGene00008932,108,146,254
WBGene00008934,90,470,560
WBGene00008935,1,5,6
WBGene00008936,2,16,18
WBGene00008937,0,1,1
WBGene00008939,75,311,386
WBGene00008940,33,211,244
WBGene00008944,11,47,58
WBGene00008945,1,10,11
WBGene00008946,2,0,2
WBGene00008947,2,0,2
WBGene00008948,33,794,827
WBGene00008949,2,9,11
WBGene00008950,0,1,1
WBGene00008951,47,281,328
WBGene00008952,22,80,102
WBGene00008953,47,106,153
WBGene00008954,2,5,7
WBGene00008955,6,7,13
WBGene00008956,35,54,89
WBGene00008957,19,432,451
WBGene00008958,0,0,0
WBGene00008959,0,1,1
WBGene00008960,1,0,1
WBGene00008961,11,267,278
WBGene00008963,53,939,992
WBGene00008964,152,287,439
WBGene00008965,35,17,52
WBGene00008967,0,2,2
WBGene00008968,4,18,22
WBGene00008969,18,94,112
WBGene00008970,16,53,69
WBGene00008971,6,235,241
WBGene00008972,1,0,1
WBGene00008973,3,643,646
WBGene00008974,48,190,238
WBGene00008975,13,529,542
WBGene00008976,3,30,33
WBGene00008977,17,61,78
WBGene00008978,10,80,90
WBGene00008979,15,329,344
WBGene00008980,56,558,614
WBGene00008981,0,0,0
WBGene00008982,0,0,0
WBGene00008983,0,0,0
WBGene00008984,0,0,0
WBGene00008985,6,30,36
WBGene00008986,108,332,440
WBGene00008987,127,311,438
WBGene00008988,7,23,30
WBGene00008989,5,48,53
WBGene00008990,32,378,410
WBGene00008991,3,6,9
WBGene00008992,0,23,23
WBGene00008993,21,63,84
WBGene00008994,0,9,9
WBGene00008995,23,35,58
WBGene00008996,15,63,78
WBGene00008997,22,64,86
WBGene00008998,156,609,765
WBGene00008999,183,1047,1230
WBGene00009000,3,7,10
WBGene00009001,1,0,1
WBGene00009002,87,597,684
WBGene00009004,275,2605,2880
WBGene00009005,3,4,7
WBGene00009006,3,100,103
WBGene00009007,15,236,251
WBGene00009008,20,126,146
WBGene00009009,6,60,66
WBGene00009010,21,236,257
WBGene00009011,30,302,332
WBGene00009012,47,1018,1065
WBGene00009013,53,1060,1113
WBGene00009014,3,32,35
WBGene00009015,5,3,8
WBGene00009016,4,0,4
WBGene00009017,0,0,0
WBGene00009018,18,74,92
WBGene00009021,0,0,0
WBGene00009022,0,0,0
WBGene00009023,5,41,46
WBGene00009024,0,3,3
WBGene00009025,20,102,122
WBGene00009026,7,45,52
WBGene00009027,35,137,172
WBGene00009028,4,4,8
WBGene00009029,0,12,12
WBGene00009030,8,33,41
WBGene00009031,0,8,8
WBGene00009032,0,0,0
WBGene00009033,0,2,2
WBGene00009035,8,22,30
WBGene00009036,0,0,0
WBGene00009038,8,0,8
WBGene00009039,1,3,4
WBGene00009041,0,12,12
WBGene00009042,1,117,118
WBGene00009043,3,3,6
WBGene00009044,1,2,3
WBGene00009045,11,593,604
WBGene00009046,0,0,0
WBGene00009048,8,844,852
WBGene00009049,54,852,906
WBGene00009050,132,3657,3789
WBGene00009051,454,2678,3132
WBGene00009052,74,473,547
WBGene00009054,37,113,150
WBGene00009056,390,1410,1800
WBGene00009057,20,223,243
WBGene00009058,31,1051,1082
WBGene00009059,12,171,183
WBGene00009060,41,111,152
WBGene00009061,0,4,4
WBGene00009063,0,0,0
WBGene00009064,7,108,115
WBGene00009065,66,347,413
WBGene00009067,0,1,1
WBGene00009068,5,36,41
WBGene00009069,0,1920,1920
WBGene00009070,447,10,457
WBGene00009073,3,8,11
WBGene00009075,0,0,0
WBGene00009077,1,1,2
WBGene00009078,492,1193,1685
WBGene00009079,1,2,3
WBGene00009081,21,191,212
WBGene00009082,53,2464,2517
WBGene00009084,57,935,992
WBGene00009085,2,3,5
WBGene00009086,0,1,1
WBGene00009087,3,36,39
WBGene00009088,0,0,0
WBGene00009089,11,87,98
WBGene00009090,7,208,215
WBGene00009091,147,1628,1775
WBGene00009092,130,2745,2875
WBGene00009093,19,93,112
WBGene00009094,37,234,271
WBGene00009095,31,114,145
WBGene00009096,184,8623,8807
WBGene00009097,85,6522,6607
WBGene00009098,207,576,783
WBGene00009099,2,1,3
WBGene00009100,15,177,192
WBGene00009101,1,6,7
WBGene00009102,3,23,26
WBGene00009103,61,803,864
WBGene00009106,21,214,235
WBGene00009107,25,47,72
WBGene00009108,1,10,11
WBGene00009109,24,68,92
WBGene00009110,5,196,201
WBGene00009112,7,295,302
WBGene00009113,1,33,34
WBGene00009114,0,1,1
WBGene00009115,4,8,12
WBGene00009116,23,228,251
WBGene00009117,2,0,2
WBGene00009118,34,588,622
WBGene00009119,818,67357,68175
WBGene00009120,59,355,414
WBGene00009121,5,108,113
WBGene00009122,97,14481,14578
WBGene00009123,38,130,168
WBGene00009124,34,102,136
WBGene00009125,31,68,99
WBGene00009126,203,3095,3298
WBGene00009127,23,223,246
WBGene00009128,0,423,423
WBGene00009129,0,2,2
WBGene00009130,7,283,290
WBGene00009131,39,291,330
WBGene00009132,15,454,469
WBGene00009133,15,145,160
WBGene00009134,2,1,3
WBGene00009135,11,33,44
WBGene00009136,1,6,7
WBGene00009137,4,107,111
WBGene00009138,5,285,290
WBGene00009139,35,384,419
WBGene00009140,44,190,234
WBGene00009141,244,734,978
WBGene00009142,24,1454,1478
WBGene00009143,0,9,9
WBGene00009144,1,4,5
WBGene00009145,85,208,293
WBGene00009146,16,66,82
WBGene00009147,5,3,8
WBGene00009148,11,10,21
WBGene00009149,0,0,0
WBGene00009150,0,0,0
WBGene00009151,0,0,0
WBGene00009152,0,0,0
WBGene00009153,6,9,15
WBGene00009154,0,0,0
WBGene00009155,24,66,90
WBGene00009156,21,61,82
WBGene00009157,59,204,263
WBGene00009158,188,660,848
WBGene00009159,9,210,219
WBGene00009160,8,2,10
WBGene00009161,855,12708,13563
WBGene00009162,18,46,64
WBGene00009163,26,76,102
WBGene00009164,23,419,442
WBGene00009165,1,157,158
WBGene00009166,3,11,14
WBGene00009167,0,0,0
WBGene00009168,3,10,13
WBGene00009169,1,6,7
WBGene00009170,0,5,5
WBGene00009171,1,0,1
WBGene00009172,39,146,185
WBGene00009173,2,3,5
WBGene00009174,68,280,348
WBGene00009176,5,158,163
WBGene00009177,4,129,133
WBGene00009178,4,10,14
WBGene00009179,116,267,383
WBGene00009180,854,5736,6590
WBGene00009182,3,6,9
WBGene00009183,3,14,17
WBGene00009184,1,1,2
WBGene00009185,0,4,4
WBGene00009186,2,2,4
WBGene00009187,697,2242,2939
WBGene00009188,26,538,564
WBGene00009189,393,2580,2973
WBGene00009190,58,130,188
WBGene00009191,1,181,182
WBGene00009192,7,18,25
WBGene00009193,2,2,4
WBGene00009194,7,12,19
WBGene00009195,0,0,0
WBGene00009196,4,4,8
WBGene00009197,1,0,1
WBGene00009198,0,0,0
WBGene00009199,0,0,0
WBGene00009200,67,445,512
WBGene00009201,20,296,316
WBGene00009202,1,13,14
WBGene00009203,1,18,19
WBGene00009204,10,37,47
WBGene00009205,10,42,52
WBGene00009207,32,539,571
WBGene00009208,4,4,8
WBGene00009209,0,3,3
WBGene00009211,11,830,841
WBGene00009212,0,12,12
WBGene00009213,0,0,0
WBGene00009214,0,0,0
WBGene00009215,0,2,2
WBGene00009216,0,112,112
WBGene00009217,17,26,43
WBGene00009218,12,92,104
WBGene00009219,117,703,820
WBGene00009220,97,70,167
WBGene00009221,62,2195,2257
WBGene00009222,0,41,41
WBGene00009223,9,117,126
WBGene00009224,32,29,61
WBGene00009225,14,15,29
WBGene00009226,1,11,12
WBGene00009227,0,1,1
WBGene00009228,5,1,6
WBGene00009229,2,1,3
WBGene00009231,18,50,68
WBGene00009232,0,4,4
WBGene00009233,25,90,115
WBGene00009234,17,103,120
WBGene00009235,0,2,2
WBGene00009236,1,12,13
WBGene00009237,2,107,109
WBGene00009238,0,1,1
WBGene00009239,2,7,9
WBGene00009240,7,9,16
WBGene00009241,3,120,123
WBGene00009242,1,23,24
WBGene00009243,6,150,156
WBGene00009245,26,143,169
WBGene00009246,48,2409,2457
WBGene00009247,2,12,14
WBGene00009248,0,0,0
WBGene00009250,2,24,26
WBGene00009251,4,1,5
WBGene00009252,3,1,4
WBGene00009254,33,388,421
WBGene00009255,5,20,25
WBGene00009256,70,416,486
WBGene00009257,6,14,20
WBGene00009258,15,46,61
WBGene00009259,11,160,171
WBGene00009260,43,358,401
WBGene00009261,1,5,6
WBGene00009262,22,414,436
WBGene00009263,19,40,59
WBGene00009264,124,504,628
WBGene00009266,50,1000,1050
WBGene00009267,18,345,363
WBGene00009268,2,11,13
WBGene00009269,2,2,4
WBGene00009270,5,83,88
WBGene00009271,25,101,126
WBGene00009272,1,75,76
WBGene00009274,32,152,184
WBGene00009276,26,327,353
WBGene00009277,28,162,190
WBGene00009278,5,58,63
WBGene00009279,0,0,0
WBGene00009280,0,14,14
WBGene00009281,1,0,1
WBGene00009283,5,35,40
WBGene00009284,45,237,282
WBGene00009285,18,288,306
WBGene00009286,11,80,91
WBGene00009287,54,125,179
WBGene00009288,23,141,164
WBGene00009289,12,354,366
WBGene00009290,32,632,664
WBGene00009291,25,66,91
WBGene00009292,7,37,44
WBGene00009293,0,33,33
WBGene00009294,641,3194,3835
WBGene00009296,0,4,4
WBGene00009297,0,0,0
WBGene00009298,0,0,0
WBGene00009299,9,21,30
WBGene00009300,0,0,0
WBGene00009301,0,0,0
WBGene00009302,1,0,1
WBGene00009303,1,2,3
WBGene00009304,114,392,506
WBGene00009305,58,296,354
WBGene00009306,4,512,516
WBGene00009307,18,1393,1411
WBGene00009308,2,1,3
WBGene00009311,2,6,8
WBGene00009312,966,8,974
WBGene00009313,1,0,1
WBGene00009314,76,338,414
WBGene00009315,117,250,367
WBGene00009316,0,4,4
WBGene00009318,3,6,9
WBGene00009319,67,937,1004
WBGene00009320,66,165,231
WBGene00009321,0,0,0
WBGene00009322,29,489,518
WBGene00009323,7,257,264
WBGene00009324,1,0,1
WBGene00009325,63,122,185
WBGene00009326,5,28,33
WBGene00009327,0,2,2
WBGene00009328,0,5,5
WBGene00009329,33,218,251
WBGene00009330,15,843,858
WBGene00009331,1,12,13
WBGene00009332,2,8,10
WBGene00009333,18,414,432
WBGene00009334,173,1075,1248
WBGene00009335,5,44,49
WBGene00009336,15,586,601
WBGene00009337,168,870,1038
WBGene00009338,0,1,1
WBGene00009339,1,4,5
WBGene00009340,208,1539,1747
WBGene00009341,10,178,188
WBGene00009342,149,4002,4151
WBGene00009343,27,196,223
WBGene00009344,0,0,0
WBGene00009345,3,1,4
WBGene00009346,19,60,79
WBGene00009347,9,34,43
WBGene00009349,0,89,89
WBGene00009350,11,43,54
WBGene00009352,15,376,391
WBGene00009353,98,3454,3552
WBGene00009354,63,132,195
WBGene00009355,1,41,42
WBGene00009356,1,11,12
WBGene00009357,6,8,14
WBGene00009358,128,821,949
WBGene00009359,0,0,0
WBGene00009360,2,3,5
WBGene00009361,40,95,135
WBGene00009362,0,0,0
WBGene00009363,0,0,0
WBGene00009364,5,190,195
WBGene00009365,28,174,202
WBGene00009366,15,139,154
WBGene00009367,279,2235,2514
WBGene00009368,46,259,305
WBGene00009369,70,269,339
WBGene00009370,29,68,97
WBGene00009371,34,95,129
WBGene00009372,49,216,265
WBGene00009373,43,143,186
WBGene00009374,103,1171,1274
WBGene00009375,70,273,343
WBGene00009377,0,0,0
WBGene00009378,4,2,6
WBGene00009379,2,26,28
WBGene00009380,16,301,317
WBGene00009381,2,5,7
WBGene00009382,4,5,9
WBGene00009383,341,1785,2126
WBGene00009384,1,18,19
WBGene00009385,16,233,249
WBGene00009386,0,49,49
WBGene00009387,12,15,27
WBGene00009388,838,3705,4543
WBGene00009389,43,170,213
WBGene00009390,16,25,41
WBGene00009391,0,0,0
WBGene00009392,0,1,1
WBGene00009393,1,6,7
WBGene00009394,37,251,288
WBGene00009395,0,1,1
WBGene00009396,7,14,21
WBGene00009397,2,16,18
WBGene00009398,0,2,2
WBGene00009399,9,27,36
WBGene00009400,8,33,41
WBGene00009401,0,6,6
WBGene00009402,0,3,3
WBGene00009403,3,46,49
WBGene00009404,3,115,118
WBGene00009405,13,128,141
WBGene00009406,116,497,613
WBGene00009408,123,893,1016
WBGene00009409,0,186,186
WBGene00009410,0,0,0
WBGene00009412,4,5,9
WBGene00009413,1,2,3
WBGene00009415,0,1,1
WBGene00009416,0,12,12
WBGene00009417,0,0,0
WBGene00009418,0,1,1
WBGene00009419,0,0,0
WBGene00009420,0,0,0
WBGene00009421,0,0,0
WBGene00009422,0,0,0
WBGene00009423,0,984,984
WBGene00009424,7,69,76
WBGene00009426,1,0,1
WBGene00009427,0,2,2
WBGene00009429,1,9,10
WBGene00009430,73,274,347
WBGene00009431,8,48,56
WBGene00009432,2,82,84
WBGene00009433,12,78,90
WBGene00009434,15,109,124
WBGene00009435,13,127,140
WBGene00009436,3,742,745
WBGene00009437,6,13,19
WBGene00009438,1,15,16
WBGene00009439,184,820,1004
WBGene00009440,66,1889,1955
WBGene00009441,13,140,153
WBGene00009442,4,27,31
WBGene00009443,64,409,473
WBGene00009444,21,320,341
WBGene00009445,17,473,490
WBGene00009446,0,0,0
WBGene00009447,3,31,34
WBGene00009448,14,153,167
WBGene00009449,0,3,3
WBGene00009450,16,516,532
WBGene00009451,53,487,540
WBGene00009452,87,303,390
WBGene00009453,104,298,402
WBGene00009454,1635,9736,11371
WBGene00009455,98,734,832
WBGene00009456,34,199,233
WBGene00009457,0,0,0
WBGene00009458,0,1,1
WBGene00009459,0,1,1
WBGene00009460,73,660,733
WBGene00009461,38,123,161
WBGene00009462,83,33,116
WBGene00009463,0,0,0
WBGene00009464,0,0,0
WBGene00009465,2,4,6
WBGene00009466,41,152,193
WBGene00009467,2,3,5
WBGene00009468,14,62,76
WBGene00009469,9,70,79
WBGene00009470,0,0,0
WBGene00009471,1,3,4
WBGene00009473,0,0,0
WBGene00009475,206,1152,1358
WBGene00009476,44,246,290
WBGene00009477,155,586,741
WBGene00009478,28,494,522
WBGene00009479,23,231,254
WBGene00009480,4,8,12
WBGene00009481,1,39,40
WBGene00009482,129,705,834
WBGene00009483,1,103,104
WBGene00009484,36,77,113
WBGene00009485,1,20,21
WBGene00009486,1,0,1
WBGene00009487,0,0,0
WBGene00009488,0,0,0
WBGene00009489,0,0,0
WBGene00009490,0,2,2
WBGene00009491,0,0,0
WBGene00009492,2,5,7
WBGene00009493,1,40,41
WBGene00009494,0,7,7
WBGene00009495,3,7,10
WBGene00009496,4,17,21
WBGene00009497,1,1,2
WBGene00009498,85,465,550
WBGene00009499,36,282,318
WBGene00009500,44,292,336
WBGene00009501,5,0,5
WBGene00009502,5,1,6
WBGene00009503,23,605,628
WBGene00009504,4,150,154
WBGene00009505,7,161,168
WBGene00009507,41,178,219
WBGene00009508,51,252,303
WBGene00009509,4,9,13
WBGene00009510,1,20,21
WBGene00009511,46,75,121
WBGene00009512,14,454,468
WBGene00009513,0,5,5
WBGene00009514,2303,6823,9126
WBGene00009515,4,4,8
WBGene00009517,1,0,1
WBGene00009518,4,12,16
WBGene00009519,0,0,0
WBGene00009520,0,0,0
WBGene00009521,179,606,785
WBGene00009522,3,9,12
WBGene00009523,0,0,0
WBGene00009524,0,0,0
WBGene00009525,0,0,0
WBGene00009526,2,3,5
WBGene00009528,15,26,41
WBGene00009529,2,85,87
WBGene00009530,40,31,71
WBGene00009531,1126,4587,5713
WBGene00009532,109,777,886
WBGene00009533,5,111,116
WBGene00009534,38,502,540
WBGene00009535,4,2,6
WBGene00009536,55,145,200
WBGene00009537,0,8,8
WBGene00009538,1,0,1
WBGene00009539,0,0,0
WBGene00009540,0,1,1
WBGene00009541,21,14,35
WBGene00009542,17,1080,1097
WBGene00009543,14,36,50
WBGene00009544,53,99,152
WBGene00009546,0,0,0
WBGene00009547,12,71,83
WBGene00009548,0,3,3
WBGene00009549,0,2,2
WBGene00009550,0,0,0
WBGene00009551,5,44,49
WBGene00009552,29,235,264
WBGene00009553,8,210,218
WBGene00009554,3,241,244
WBGene00009556,8,192,200
WBGene00009557,26,45,71
WBGene00009558,53,282,335
WBGene00009559,5,540,545
WBGene00009560,6,38,44
WBGene00009561,0,1,1
WBGene00009562,230,1608,1838
WBGene00009563,48,760,808
WBGene00009565,66,426,492
WBGene00009566,0,0,0
WBGene00009567,0,0,0
WBGene00009568,0,0,0
WBGene00009569,1,0,1
WBGene00009571,0,1,1
WBGene00009572,0,6,6
WBGene00009573,0,2,2
WBGene00009574,148,696,844
WBGene00009575,7,1233,1240
WBGene00009576,19,56,75
WBGene00009577,1046,3870,4916
WBGene00009578,208,3502,3710
WBGene00009579,19,84,103
WBGene00009580,150,1099,1249
WBGene00009581,7,27,34
WBGene00009582,17,62,79
WBGene00009583,81,1252,1333
WBGene00009584,595,2637,3232
WBGene00009585,17,9,26
WBGene00009586,26,440,466
WBGene00009587,62,595,657
WBGene00009588,1710,581,2291
WBGene00009589,1164,818,1982
WBGene00009592,0,0,0
WBGene00009593,1,1,2
WBGene00009594,100,459,559
WBGene00009595,2,10,12
WBGene00009596,1,4,5
WBGene00009597,2,13,15
WBGene00009599,0,0,0
WBGene00009600,0,10,10
WBGene00009601,25,90,115
WBGene00009602,0,3,3
WBGene00009603,0,1,1
WBGene00009604,0,2,2
WBGene00009605,0,0,0
WBGene00009606,0,0,0
WBGene00009607,1,1,2
WBGene00009608,9,23,32
WBGene00009609,0,0,0
WBGene00009610,0,0,0
WBGene00009611,15,21,36
WBGene00009612,0,0,0
WBGene00009613,0,0,0
WBGene00009614,4,12,16
WBGene00009615,0,0,0
WBGene00009616,0,1,1
WBGene00009617,6,51,57
WBGene00009618,1,9,10
WBGene00009619,9,108,117
WBGene00009620,433,1211,1644
WBGene00009621,0,3203,3203
WBGene00009622,7,19,26
WBGene00009623,201,129,330
WBGene00009624,680,1575,2255
WBGene00009625,3,8,11
WBGene00009626,29,443,472
WBGene00009627,8,83,91
WBGene00009628,10,593,603
WBGene00009629,16,94,110
WBGene00009630,0,4,4
WBGene00009632,37,405,442
WBGene00009633,0,16,16
WBGene00009634,9,390,399
WBGene00009635,16,100,116
WBGene00009636,19,63,82
WBGene00009637,0,154,154
WBGene00009638,61,4147,4208
WBGene00009639,1,529,530
WBGene00009640,2,118,120
WBGene00009641,1,1,2
WBGene00009642,7,28,35
WBGene00009643,1,2,3
WBGene00009644,0,0,0
WBGene00009645,60,185,245
WBGene00009646,0,2,2
WBGene00009647,10,26,36
WBGene00009648,5,190,195
WBGene00009649,20,17,37
WBGene00009650,10,337,347
WBGene00009652,0,1,1
WBGene00009653,26,93,119
WBGene00009654,64,220,284
WBGene00009657,26,164,190
WBGene00009658,0,4,4
WBGene00009659,0,0,0
WBGene00009660,162,788,950
WBGene00009661,44,842,886
WBGene00009662,0,2,2
WBGene00009663,0,2,2
WBGene00009664,118,4060,4178
WBGene00009665,4,217,221
WBGene00009666,19,474,493
WBGene00009667,122,41,163
WBGene00009668,29,487,516
WBGene00009670,0,0,0
WBGene00009671,84,747,831
WBGene00009672,76,315,391
WBGene00009673,21,97,118
WBGene00009674,101,841,942
WBGene00009675,4,12,16
WBGene00009676,62,218,280
WBGene00009677,2,55,57
WBGene00009678,97,195,292
WBGene00009679,16,49,65
WBGene00009680,0,0,0
WBGene00009681,0,4,4
WBGene00009682,0,0,0
WBGene00009683,0,1,1
WBGene00009684,0,0,0
WBGene00009685,0,0,0
WBGene00009686,10,24,34
WBGene00009687,0,0,0
WBGene00009688,1023,6290,7313
WBGene00009689,1,2,3
WBGene00009690,3,3,6
WBGene00009691,0,4227,4227
WBGene00009692,0,5818,5818
WBGene00009695,2,1,3
WBGene00009696,3,9,12
WBGene00009698,0,1,1
WBGene00009700,40,180,220
WBGene00009701,0,8,8
WBGene00009702,10,28,38
WBGene00009704,0,1,1
WBGene00009705,0,0,0
WBGene00009706,7,25,32
WBGene00009707,0,1,1
WBGene00009708,2,0,2
WBGene00009709,6,8,14
WBGene00009710,6,22,28
WBGene00009711,94,590,684
WBGene00009712,1,1987,1988
WBGene00009713,352,695,1047
WBGene00009714,0,18,18
WBGene00009715,28,545,573
WBGene00009716,7,24,31
WBGene00009717,57,515,572
WBGene00009720,1,3,4
WBGene00009721,10,2,12
WBGene00009722,5,603,608
WBGene00009723,15,2010,2025
WBGene00009724,18,1502,1520
WBGene00009725,0,1,1
WBGene00009726,26,68,94
WBGene00009727,10,25,35
WBGene00009728,0,13,13
WBGene00009729,5,19,24
WBGene00009730,165,855,1020
WBGene00009731,15,122,137
WBGene00009732,276,1921,2197
WBGene00009733,7,99,106
WBGene00009734,86,640,726
WBGene00009735,14,71,85
WBGene00009736,92,220,312
WBGene00009738,23,63,86
WBGene00009739,793,2515,3308
WBGene00009740,257,4165,4422
WBGene00009741,4,19,23
WBGene00009742,40,93,133
WBGene00009743,37,59,96
WBGene00009744,14,152,166
WBGene00009745,13,154,167
WBGene00009746,0,0,0
WBGene00009747,0,0,0
WBGene00009748,0,0,0
WBGene00009749,0,0,0
WBGene00009750,0,9,9
WBGene00009751,0,0,0
WBGene00009753,0,0,0
WBGene00009754,1,7,8
WBGene00009755,0,0,0
WBGene00009756,2,4,6
WBGene00009758,1,0,1
WBGene00009759,0,1,1
WBGene00009760,0,2,2
WBGene00009761,0,0,0
WBGene00009762,0,0,0
WBGene00009763,1,0,1
WBGene00009765,0,0,0
WBGene00009766,0,0,0
WBGene00009767,0,0,0
WBGene00009768,7,20,27
WBGene00009769,10,190,200
WBGene00009770,25,213,238
WBGene00009771,46,549,595
WBGene00009772,120,5600,5720
WBGene00009773,3,139,142
WBGene00009774,2,108,110
WBGene00009775,0,1,1
WBGene00009776,29,182,211
WBGene00009777,0,2,2
WBGene00009778,3,62,65
WBGene00009779,63,283,346
WBGene00009780,23,50,73
WBGene00009781,103,464,567
WBGene00009782,25,85,110
WBGene00009783,43,877,920
WBGene00009784,20,528,548
WBGene00009785,23,126,149
WBGene00009787,353,20077,20430
WBGene00009788,0,1,1
WBGene00009789,9,35,44
WBGene00009790,17,86,103
WBGene00009791,8,13,21
WBGene00009793,9,584,593
WBGene00009796,22,145,167
WBGene00009797,94,887,981
WBGene00009798,1,6,7
WBGene00009799,23,219,242
WBGene00009800,55,442,497
WBGene00009801,26,197,223
WBGene00009802,1,1,2
WBGene00009803,61,383,444
WBGene00009804,53,754,807
WBGene00009805,0,0,0
WBGene00009806,2,9,11
WBGene00009807,1,1,2
WBGene00009808,1,21,22
WBGene00009809,12,64,76
WBGene00009810,2,15,17
WBGene00009811,0,1,1
WBGene00009812,26,2530,2556
WBGene00009813,63,558,621
WBGene00009814,0,8,8
WBGene00009815,0,0,0
WBGene00009816,10,12,22
WBGene00009817,0,0,0
WBGene00009818,104,393,497
WBGene00009819,39,105,144
WBGene00009820,1,5,6
WBGene00009822,13,12,25
WBGene00009823,5,61,66
WBGene00009824,1,39,40
WBGene00009825,30,127,157
WBGene00009826,6,18,24
WBGene00009827,4,2,6
WBGene00009829,21,1629,1650
WBGene00009830,0,4,4
WBGene00009831,16,178,194
WBGene00009833,0,2,2
WBGene00009834,0,1,1
WBGene00009835,7,10,17
WBGene00009836,2,0,2
WBGene00009839,1,1,2
WBGene00009840,2,3,5
WBGene00009841,0,0,0
WBGene00009842,7,81,88
WBGene00009843,8,215,223
WBGene00009844,7,9,16
WBGene00009848,118,544,662
WBGene00009849,2,2,4
WBGene00009850,36,299,335
WBGene00009851,6,465,471
WBGene00009852,1,2,3
WBGene00009853,1,3,4
WBGene00009854,0,2,2
WBGene00009855,0,0,0
WBGene00009856,0,0,0
WBGene00009857,0,0,0
WBGene00009858,0,0,0
WBGene00009859,1,0,1
WBGene00009860,0,0,0
WBGene00009861,0,2,2
WBGene00009862,0,1,1
WBGene00009863,0,0,0
WBGene00009865,13,80,93
WBGene00009866,0,1,1
WBGene00009867,4,7,11
WBGene00009868,0,0,0
WBGene00009869,0,0,0
WBGene00009871,0,1,1
WBGene00009872,0,7,7
WBGene00009873,0,0,0
WBGene00009874,0,0,0
WBGene00009875,0,3,3
WBGene00009876,5,12,17
WBGene00009877,6,31,37
WBGene00009878,6,299,305
WBGene00009879,9,16,25
WBGene00009880,219,1379,1598
WBGene00009881,69,1589,1658
WBGene00009882,28,1727,1755
WBGene00009883,1,3,4
WBGene00009884,0,3,3
WBGene00009885,15,50,65
WBGene00009886,15,68,83
WBGene00009887,8,55,63
WBGene00009888,1399,7603,9002
WBGene00009889,15,334,349
WBGene00009890,4,20,24
WBGene00009891,2,2,4
WBGene00009892,0,1,1
WBGene00009893,0,0,0
WBGene00009894,0,1,1
WBGene00009895,8,12,20
WBGene00009896,152,972,1124
WBGene00009897,4,7,11
WBGene00009898,0,4,4
WBGene00009899,22,276,298
WBGene00009900,1,27,28
WBGene00009901,16,111,127
WBGene00009902,1,10,11
WBGene00009903,2,12,14
WBGene00009904,3,15,18
WBGene00009905,1,0,1
WBGene00009906,0,0,0
WBGene00009907,0,0,0
WBGene00009908,2,2,4
WBGene00009909,0,0,0
WBGene00009912,1,0,1
WBGene00009913,0,0,0
WBGene00009914,0,0,0
WBGene00009915,21,1531,1552
WBGene00009916,7,47,54
WBGene00009917,38,332,370
WBGene00009918,12,851,863
WBGene00009919,52,542,594
WBGene00009920,274,2080,2354
WBGene00009921,2,39,41
WBGene00009922,18,143,161
WBGene00009923,5,68,73
WBGene00009924,20,180,200
WBGene00009925,1,685,686
WBGene00009926,62,1233,1295
WBGene00009927,29,72,101
WBGene00009929,1,3,4
WBGene00009930,8,157,165
WBGene00009931,3,42,45
WBGene00009933,3,2,5
WBGene00009934,0,0,0
WBGene00009935,8,133,141
WBGene00009937,59,189,248
WBGene00009938,0,3,3
WBGene00009939,14,224,238
WBGene00009940,103,1193,1296
WBGene00009941,0,0,0
WBGene00009942,1,2,3
WBGene00009943,37,87,124
WBGene00009944,32,388,420
WBGene00009945,129,699,828
WBGene00009946,1,24,25
WBGene00009947,43,244,287
WBGene00009948,1,24,25
WBGene00009949,9,183,192
WBGene00009950,2,3,5
WBGene00009951,26,93,119
WBGene00009952,443,4220,4663
WBGene00009953,35,60,95
WBGene00009954,0,0,0
WBGene00009955,1,153,154
WBGene00009956,1,1,2
WBGene00009957,23,288,311
WBGene00009958,56,270,326
WBGene00009959,0,1,1
WBGene00009960,0,0,0
WBGene00009961,0,0,0
WBGene00009962,8,3,11
WBGene00009963,2,6,8
WBGene00009964,1,14,15
WBGene00009965,18,73,91
WBGene00009966,27,573,600
WBGene00009967,3,15,18
WBGene00009968,214,967,1181
WBGene00009969,17,147,164
WBGene00009971,7,20,27
WBGene00009973,406,2193,2599
WBGene00009974,67,1104,1171
WBGene00009975,264,557,821
WBGene00009976,20,299,319
WBGene00009977,16,160,176
WBGene00009978,292,761,1053
WBGene00009979,51,0,51
WBGene00009980,47,845,892
WBGene00009981,11,84,95
WBGene00009982,31,9469,9500
WBGene00009983,0,118,118
WBGene00009984,29,77,106
WBGene00009985,13,68,81
WBGene00009986,9,65,74
WBGene00009987,57,419,476
WBGene00009988,10,5,15
WBGene00009990,3,6,9
WBGene00009992,468,4814,5282
WBGene00009993,3,2090,2093
WBGene00009994,2,128,130
WBGene00009995,14250,32842,47092
WBGene00009996,19,321,340
WBGene00009997,0,2,2
WBGene00009998,0,0,0
WBGene00009999,0,0,0
WBGene00010000,0,2,2
WBGene00010001,7,545,552
WBGene00010002,20,174,194
WBGene00010003,28,68,96
WBGene00010004,9,8,17
WBGene00010005,4,4,8
WBGene00010006,544,288,832
WBGene00010007,0,1,1
WBGene00010008,10,24,34
WBGene00010009,8,39,47
WBGene00010010,14,82,96
WBGene00010011,2,8,10
WBGene00010012,375,1587,1962
WBGene00010013,57,633,690
WBGene00010014,0,5,5
WBGene00010015,43,1912,1955
WBGene00010016,1,1,2
WBGene00010017,0,0,0
WBGene00010018,0,12,12
WBGene00010019,22,81,103
WBGene00010020,0,2,2
WBGene00010021,0,0,0
WBGene00010022,0,1,1
WBGene00010023,0,6,6
WBGene00010025,1,5,6
WBGene00010026,0,1,1
WBGene00010027,5,27,32
WBGene00010028,11,267,278
WBGene00010030,0,8,8
WBGene00010031,92,11,103
WBGene00010032,32,487,519
WBGene00010033,58,264,322
WBGene00010034,6,1,7
WBGene00010035,0,9,9
WBGene00010036,0,3,3
WBGene00010037,92,1269,1361
WBGene00010038,32,355,387
WBGene00010039,23,76,99
WBGene00010040,14,302,316
WBGene00010041,0,37,37
WBGene00010042,39,508,547
WBGene00010043,34,108,142
WBGene00010044,145,914,1059
WBGene00010045,105,426,531
WBGene00010046,4,6,10
WBGene00010047,9,165,174
WBGene00010048,19,100,119
WBGene00010049,33,74,107
WBGene00010050,14,26,40
WBGene00010051,19,121,140
WBGene00010052,30,957,987
WBGene00010053,2,107,109
WBGene00010054,64,541,605
WBGene00010055,388,3336,3724
WBGene00010056,3,254,257
WBGene00010057,16,78,94
WBGene00010058,2,7,9
WBGene00010059,24,639,663
WBGene00010060,7,18,25
WBGene00010061,9,174,183
WBGene00010062,5,11,16
WBGene00010063,18,59,77
WBGene00010064,1,37,38
WBGene00010065,0,0,0
WBGene00010066,0,3,3
WBGene00010067,0,0,0
WBGene00010068,1,7,8
WBGene00010069,9,7,16
WBGene00010070,71,282,353
WBGene00010071,255,29,284
WBGene00010072,21,42,63
WBGene00010073,43,77,120
WBGene00010074,19,37,56
WBGene00010075,9,951,960
WBGene00010077,26,58,84
WBGene00010079,78,469,547
WBGene00010080,18,169,187
WBGene00010081,0,54,54
WBGene00010082,1,125,126
WBGene00010083,22,106,128
WBGene00010084,0,0,0
WBGene00010085,0,2,2
WBGene00010086,451,42,493
WBGene00010087,0,1,1
WBGene00010088,9,24,33
WBGene00010089,31,241,272
WBGene00010091,0,0,0
WBGene00010093,6,206,212
WBGene00010094,37,1475,1512
WBGene00010096,100,309,409
WBGene00010097,39,738,777
WBGene00010098,0,4,4
WBGene00010099,0,1,1
WBGene00010100,1,0,1
WBGene00010101,0,0,0
WBGene00010102,1,3,4
WBGene00010103,9,0,9
WBGene00010104,0,0,0
WBGene00010105,0,2,2
WBGene00010106,0,2,2
WBGene00010107,0,0,0
WBGene00010108,0,1,1
WBGene00010109,25,348,373
WBGene00010110,12,165,177
WBGene00010111,45,197,242
WBGene00010113,21,109,130
WBGene00010114,0,0,0
WBGene00010115,28,246,274
WBGene00010116,12,22,34
WBGene00010117,67,933,1000
WBGene00010118,0,7,7
WBGene00010119,1,1,2
WBGene00010120,1,3,4
WBGene00010121,0,0,0
WBGene00010122,1,7,8
WBGene00010123,3,18,21
WBGene00010124,0,1,1
WBGene00010125,1,3,4
WBGene00010126,0,0,0
WBGene00010127,0,0,0
WBGene00010128,2,6,8
WBGene00010129,0,0,0
WBGene00010130,39,1703,1742
WBGene00010131,6,171,177
WBGene00010132,47,173,220
WBGene00010133,0,416,416
WBGene00010134,2,8,10
WBGene00010135,1,450,451
WBGene00010136,2,2,4
WBGene00010137,46,55,101
WBGene00010138,7,21,28
WBGene00010139,51,1511,1562
WBGene00010140,17,86,103
WBGene00010141,34,125,159
WBGene00010142,138,28,166
WBGene00010143,5,45,50
WBGene00010144,3,37,40
WBGene00010145,1,1,2
WBGene00010146,114,293,407
WBGene00010147,1,0,1
WBGene00010148,10,22,32
WBGene00010149,0,0,0
WBGene00010150,22,15,37
WBGene00010152,4,2,6
WBGene00010153,0,3,3
WBGene00010155,3,11,14
WBGene00010157,0,0,0
WBGene00010158,0,0,0
WBGene00010159,114,234,348
WBGene00010160,101,242,343
WBGene00010161,90,220,310
WBGene00010162,0,0,0
WBGene00010163,15,46,61
WBGene00010164,0,0,0
WBGene00010165,6,5,11
WBGene00010166,0,0,0
WBGene00010167,1,1,2
WBGene00010168,2,5,7
WBGene00010169,0,0,0
WBGene00010170,1,0,1
WBGene00010171,0,0,0
WBGene00010172,1,0,1
WBGene00010173,1,2,3
WBGene00010174,434,2380,2814
WBGene00010175,62,228,290
WBGene00010176,3,7,10
WBGene00010177,86,880,966
WBGene00010178,31,612,643
WBGene00010179,54,159,213
WBGene00010180,1,2,3
WBGene00010181,0,0,0
WBGene00010182,0,9,9
WBGene00010183,0,3,3
WBGene00010184,0,8,8
WBGene00010185,0,5,5
WBGene00010186,2,6,8
WBGene00010187,4,5,9
WBGene00010188,6,75,81
WBGene00010189,1,5,6
WBGene00010191,14,442,456
WBGene00010192,3,154,157
WBGene00010193,6,68,74
WBGene00010194,0,9,9
WBGene00010195,7,28,35
WBGene00010196,0,3,3
WBGene00010197,17,352,369
WBGene00010198,19,91,110
WBGene00010199,35,604,639
WBGene00010200,27,36,63
WBGene00010202,8,108,116
WBGene00010203,0,3,3
WBGene00010204,5,286,291
WBGene00010205,4,42,46
WBGene00010206,0,0,0
WBGene00010212,43,3,46
WBGene00010214,24,55,79
WBGene00010215,2,2,4
WBGene00010216,0,0,0
WBGene00010217,1,4,5
WBGene00010218,1,2,3
WBGene00010219,0,0,0
WBGene00010220,0,4,4
WBGene00010221,16,1054,1070
WBGene00010222,10,21,31
WBGene00010223,14,17,31
WBGene00010224,22,65,87
WBGene00010225,65,644,709
WBGene00010226,0,2,2
WBGene00010227,19,93,112
WBGene00010228,3,1,4
WBGene00010229,45,128,173
WBGene00010230,68,969,1037
WBGene00010231,137,1078,1215
WBGene00010232,72,964,1036
WBGene00010233,13,139,152
WBGene00010234,1,400,401
WBGene00010235,41,149,190
WBGene00010236,20,374,394
WBGene00010237,1,10,11
WBGene00010238,9,43,52
WBGene00010239,12,119,131
WBGene00010241,0,7,7
WBGene00010242,41,99,140
WBGene00010243,5,12,17
WBGene00010244,71,2395,2466
WBGene00010245,1,0,1
WBGene00010246,0,13,13
WBGene00010247,0,0,0
WBGene00010248,8,160,168
WBGene00010249,14,4,18
WBGene00010250,8,6,14
WBGene00010251,88,169,257
WBGene00010253,4,12,16
WBGene00010254,0,2,2
WBGene00010255,0,1,1
WBGene00010256,2,14,16
WBGene00010257,1,4,5
WBGene00010258,20,86,106
WBGene00010259,182,759,941
WBGene00010260,89,4133,4222
WBGene00010261,0,1,1
WBGene00010262,56,772,828
WBGene00010263,0,43,43
WBGene00010264,45,71,116
WBGene00010265,0,1,1
WBGene00010266,77,319,396
WBGene00010267,5,22,27
WBGene00010268,8,96,104
WBGene00010269,14,551,565
WBGene00010270,0,0,0
WBGene00010272,89,465,554
WBGene00010273,3,5,8
WBGene00010274,2,9,11
WBGene00010275,25,72,97
WBGene00010277,0,9,9
WBGene00010278,0,9,9
WBGene00010279,53,592,645
WBGene00010280,19,733,752
WBGene00010281,4,49,53
WBGene00010282,7,6,13
WBGene00010283,15,93,108
WBGene00010284,47,808,855
WBGene00010285,8,26,34
WBGene00010286,12,144,156
WBGene00010288,14,208,222
WBGene00010289,0,0,0
WBGene00010290,17,622,639
WBGene00010291,37,144,181
WBGene00010292,0,1,1
WBGene00010293,3,18,21
WBGene00010296,1,27,28
WBGene00010297,1,3,4
WBGene00010298,0,0,0
WBGene00010299,2,2,4
WBGene00010300,0,1,1
WBGene00010301,0,0,0
WBGene00010302,83,168,251
WBGene00010303,198,7337,7535
WBGene00010304,59,158,217
WBGene00010305,49,490,539
WBGene00010306,123,620,743
WBGene00010307,1,92,93
WBGene00010308,36,128,164
WBGene00010309,7,29,36
WBGene00010310,2,47,49
WBGene00010311,1,36,37
WBGene00010314,0,1,1
WBGene00010315,25,38,63
WBGene00010316,95,144,239
WBGene00010317,72,5235,5307
WBGene00010318,10,36,46
WBGene00010319,15,148,163
WBGene00010320,36,216,252
WBGene00010321,34,236,270
WBGene00010322,9,6,15
WBGene00010323,0,1,1
WBGene00010324,0,0,0
WBGene00010325,9,294,303
WBGene00010326,569,2412,2981
WBGene00010327,59,119,178
WBGene00010328,3,28,31
WBGene00010329,19,214,233
WBGene00010330,414807,19,414826
WBGene00010331,32,67,99
WBGene00010332,5,64,69
WBGene00010333,145,1098,1243
WBGene00010334,6,12,18
WBGene00010335,176,404,580
WBGene00010336,10,34,44
WBGene00010337,626,2977,3603
WBGene00010338,26,222,248
WBGene00010339,3,296,299
WBGene00010340,3,25,28
WBGene00010341,5,12,17
WBGene00010342,13,13,26
WBGene00010343,0,0,0
WBGene00010344,10,49,59
WBGene00010345,13,15,28
WBGene00010348,5,122,127
WBGene00010349,4,43,47
WBGene00010350,70,253,323
WBGene00010351,3,23,26
WBGene00010352,7,6,13
WBGene00010353,0,10,10
WBGene00010354,24,81,105
WBGene00010355,0,0,0
WBGene00010356,15,213,228
WBGene00010357,20,175,195
WBGene00010358,0,2,2
WBGene00010359,1,0,1
WBGene00010360,4,7,11
WBGene00010361,1,1,2
WBGene00010362,0,35,35
WBGene00010363,9,27,36
WBGene00010364,0,29,29
WBGene00010365,0,3,3
WBGene00010366,2,0,2
WBGene00010367,5,27,32
WBGene00010368,1,0,1
WBGene00010369,69,632,701
WBGene00010370,283,1070,1353
WBGene00010372,7,8,15
WBGene00010373,1,8,9
WBGene00010374,131,380,511
WBGene00010375,11,60,71
WBGene00010377,0,0,0
WBGene00010378,0,0,0
WBGene00010379,0,0,0
WBGene00010380,1,0,1
WBGene00010381,0,0,0
WBGene00010382,0,9,9
WBGene00010383,27,95,122
WBGene00010385,62,104,166
WBGene00010386,29,40,69
WBGene00010387,0,1,1
WBGene00010388,0,2,2
WBGene00010389,11,0,11
WBGene00010391,1,3,4
WBGene00010392,2,1,3
WBGene00010394,0,0,0
WBGene00010395,0,0,0
WBGene00010396,2,47,49
WBGene00010397,7,144,151
WBGene00010399,0,0,0
WBGene00010401,0,0,0
WBGene00010403,1,8,9
WBGene00010404,0,0,0
WBGene00010405,57,1275,1332
WBGene00010406,25,698,723
WBGene00010407,33,471,504
WBGene00010408,30,455,485
WBGene00010409,29,116,145
WBGene00010410,0,0,0
WBGene00010411,0,0,0
WBGene00010412,0,0,0
WBGene00010413,0,3,3
WBGene00010414,2,1,3
WBGene00010415,0,0,0
WBGene00010416,78,627,705
WBGene00010417,0,0,0
WBGene00010418,7,281,288
WBGene00010419,977,27311,28288
WBGene00010420,28,197,225
WBGene00010421,13,85,98
WBGene00010422,26,145,171
WBGene00010423,3,7,10
WBGene00010424,2,15,17
WBGene00010425,78,2186,2264
WBGene00010426,2,3,5
WBGene00010427,129,149,278
WBGene00010428,14,537,551
WBGene00010429,1,1,2
WBGene00010432,0,285,285
WBGene00010433,16,264,280
WBGene00010434,11,19,30
WBGene00010435,138,1153,1291
WBGene00010436,0,52,52
WBGene00010437,27,234,261
WBGene00010439,10,153,163
WBGene00010440,191,4526,4717
WBGene00010442,63,154,217
WBGene00010444,82,361,443
WBGene00010446,1,10,11
WBGene00010447,4,5,9
WBGene00010448,9,80,89
WBGene00010449,15,165,180
WBGene00010450,51,512,563
WBGene00010451,9,4,13
WBGene00010453,7,73,80
WBGene00010454,10,71,81
WBGene00010455,9,29,38
WBGene00010456,22,375,397
WBGene00010457,1,24,25
WBGene00010458,13,521,534
WBGene00010459,2,176,178
WBGene00010460,2,1,3
WBGene00010461,0,8,8
WBGene00010464,0,2,2
WBGene00010465,22,237,259
WBGene00010466,0,3,3
WBGene00010467,0,3,3
WBGene00010468,1,11,12
WBGene00010469,0,7,7
WBGene00010470,43,182,225
WBGene00010471,170,1038,1208
WBGene00010472,4,328,332
WBGene00010473,10,61,71
WBGene00010474,0,0,0
WBGene00010475,121,377,498
WBGene00010476,15,318,333
WBGene00010477,1,56,57
WBGene00010478,29,5078,5107
WBGene00010479,77,377,454
WBGene00010480,165,972,1137
WBGene00010481,4,249,253
WBGene00010483,0,1,1
WBGene00010484,42,440,482
WBGene00010485,0,3,3
WBGene00010486,1,0,1
WBGene00010487,15,7,22
WBGene00010488,347,1150,1497
WBGene00010491,1,313,314
WBGene00010492,1,1,2
WBGene00010493,0,1,1
WBGene00010494,0,1,1
WBGene00010495,0,3,3
WBGene00010496,35,355,390
WBGene00010497,24,76,100
WBGene00010498,22,85,107
WBGene00010499,0,1,1
WBGene00010500,119,666,785
WBGene00010501,22,139,161
WBGene00010502,18,215,233
WBGene00010503,17,104,121
WBGene00010504,40,112,152
WBGene00010505,15,44,59
WBGene00010506,2,13,15
WBGene00010507,248,764,1012
WBGene00010508,4,1,5
WBGene00010509,0,0,0
WBGene00010510,4,0,4
WBGene00010511,0,0,0
WBGene00010512,252,1084,1336
WBGene00010513,403,1021,1424
WBGene00010514,406,1490,1896
WBGene00010515,259,1224,1483
WBGene00010516,62,257,319
WBGene00010518,45,90,135
WBGene00010519,0,3,3
WBGene00010520,5,74,79
WBGene00010521,15,40,55
WBGene00010522,1,62,63
WBGene00010523,0,1,1
WBGene00010524,0,68,68
WBGene00010525,17,104,121
WBGene00010526,0,0,0
WBGene00010527,0,0,0
WBGene00010528,0,0,0
WBGene00010530,1,2,3
WBGene00010531,0,0,0
WBGene00010534,3,1,4
WBGene00010535,1,2,3
WBGene00010536,0,0,0
WBGene00010537,61,172,233
WBGene00010538,8,21,29
WBGene00010539,186,731,917
WBGene00010540,7,13,20
WBGene00010541,381,1129,1510
WBGene00010542,1,116,117
WBGene00010544,0,1,1
WBGene00010545,2,18,20
WBGene00010546,1,84,85
WBGene00010547,0,0,0
WBGene00010550,27,264,291
WBGene00010551,43,191,234
WBGene00010552,5,85,90
WBGene00010553,1,40,41
WBGene00010554,2,3,5
WBGene00010555,0,0,0
WBGene00010556,668,52531,53199
WBGene00010557,6,279,285
WBGene00010558,15,36,51
WBGene00010559,0,25,25
WBGene00010560,111,3267,3378
WBGene00010562,40,288,328
WBGene00010563,7,4,11
WBGene00010564,68,464,532
WBGene00010565,5,124,129
WBGene00010566,6,43,49
WBGene00010567,49,281,330
WBGene00010568,1,6,7
WBGene00010569,26,90,116
WBGene00010570,0,0,0
WBGene00010571,2,0,2
WBGene00010572,5,73,78
WBGene00010573,6,3,9
WBGene00010574,1,4,5
WBGene00010575,15,89,104
WBGene00010576,0,0,0
WBGene00010577,0,0,0
WBGene00010578,0,0,0
WBGene00010579,22,1250,1272
WBGene00010580,7,5,12
WBGene00010581,0,6,6
WBGene00010582,118,578,696
WBGene00010583,3,289,292
WBGene00010584,1,1,2
WBGene00010585,38,74,112
WBGene00010586,1,4,5
WBGene00010587,8,40,48
WBGene00010588,0,0,0
WBGene00010589,1,13,14
WBGene00010590,0,0,0
WBGene00010591,0,0,0
WBGene00010592,4,40,44
WBGene00010593,537,2346,2883
WBGene00010594,18,26,44
WBGene00010595,109,385,494
WBGene00010596,2,3,5
WBGene00010597,44,69,113
WBGene00010598,0,0,0
WBGene00010599,9,10,19
WBGene00010600,2,1,3
WBGene00010601,0,0,0
WBGene00010602,0,2,2
WBGene00010603,3,7,10
WBGene00010604,0,11,11
WBGene00010605,60,156,216
WBGene00010606,0,6,6
WBGene00010607,4,7,11
WBGene00010608,17,73,90
WBGene00010609,134,361,495
WBGene00010610,118,403,521
WBGene00010611,1,0,1
WBGene00010612,0,4,4
WBGene00010613,1,2,3
WBGene00010614,1,7,8
WBGene00010615,36,322,358
WBGene00010616,104,1687,1791
WBGene00010617,1,19,20
WBGene00010619,64,237,301
WBGene00010620,36,417,453
WBGene00010621,2,81,83
WBGene00010622,20,206,226
WBGene00010623,3,14,17
WBGene00010624,174,910,1084
WBGene00010625,63,365,428
WBGene00010626,161,488,649
WBGene00010627,831,6782,7613
WBGene00010628,14,40,54
WBGene00010629,56,502,558
WBGene00010630,7,57,64
WBGene00010631,102,660,762
WBGene00010632,109,451,560
WBGene00010633,0,1,1
WBGene00010634,0,0,0
WBGene00010635,0,2,2
WBGene00010636,6,13,19
WBGene00010637,0,14,14
WBGene00010638,141,518,659
WBGene00010639,311,1619,1930
WBGene00010640,16,118,134
WBGene00010641,18,371,389
WBGene00010642,17,65,82
WBGene00010643,25,69,94
WBGene00010644,2,5,7
WBGene00010645,64,528,592
WBGene00010646,18,15,33
WBGene00010647,5,147,152
WBGene00010648,109,368,477
WBGene00010649,114,294,408
WBGene00010650,0,0,0
WBGene00010651,0,0,0
WBGene00010652,2,2,4
WBGene00010653,0,0,0
WBGene00010654,1,3,4
WBGene00010655,0,1,1
WBGene00010656,0,0,0
WBGene00010657,0,14,14
WBGene00010658,6,44,50
WBGene00010659,3,10,13
WBGene00010660,17,48,65
WBGene00010661,8,67,75
WBGene00010662,1,0,1
WBGene00010663,20,64,84
WBGene00010664,23,326,349
WBGene00010665,130,1760,1890
WBGene00010666,3,64,67
WBGene00010667,19,167,186
WBGene00010668,0,0,0
WBGene00010669,8,6,14
WBGene00010670,14,948,962
WBGene00010671,3,343,346
WBGene00010672,0,0,0
WBGene00010673,3,4,7
WBGene00010674,3,85,88
WBGene00010675,117,389,506
WBGene00010676,31,239,270
WBGene00010677,48,2392,2440
WBGene00010678,24,75,99
WBGene00010679,1,5,6
WBGene00010680,0,8,8
WBGene00010681,296,4208,4504
WBGene00010682,0,5,5
WBGene00010683,6,21,27
WBGene00010684,1,0,1
WBGene00010685,75,391,466
WBGene00010686,4,38,42
WBGene00010687,23,236,259
WBGene00010688,1,0,1
WBGene00010689,0,0,0
WBGene00010690,0,1,1
WBGene00010691,1,11,12
WBGene00010692,0,2,2
WBGene00010693,26,15,41
WBGene00010694,3,1,4
WBGene00010697,20,367,387
WBGene00010698,0,1,1
WBGene00010699,133,417,550
WBGene00010700,44,593,637
WBGene00010701,20,1015,1035
WBGene00010702,19,79,98
WBGene00010703,488,1599,2087
WBGene00010704,10,91,101
WBGene00010705,10,67,77
WBGene00010706,0,2,2
WBGene00010707,0,0,0
WBGene00010708,6,24,30
WBGene00010709,33,144,177
WBGene00010711,0,79,79
WBGene00010712,5,10,15
WBGene00010713,114,363,477
WBGene00010714,15,9,24
WBGene00010715,0,0,0
WBGene00010716,15,88,103
WBGene00010717,2,6,8
WBGene00010718,1,1,2
WBGene00010719,0,1,1
WBGene00010720,11,217,228
WBGene00010721,29,368,397
WBGene00010722,16,82,98
WBGene00010723,0,40,40
WBGene00010724,51,143,194
WBGene00010725,17,214,231
WBGene00010726,145,149,294
WBGene00010727,63,1680,1743
WBGene00010728,1,0,1
WBGene00010729,0,0,0
WBGene00010730,7,709,716
WBGene00010731,91,780,871
WBGene00010732,71,558,629
WBGene00010734,20,58,78
WBGene00010735,16,30,46
WBGene00010736,100,895,995
WBGene00010737,4,92,96
WBGene00010738,374,555,929
WBGene00010740,0,216,216
WBGene00010741,1,45,46
WBGene00010742,73,1185,1258
WBGene00010743,0,4,4
WBGene00010744,26,276,302
WBGene00010745,0,5,5
WBGene00010746,9,0,9
WBGene00010747,1,0,1
WBGene00010748,0,0,0
WBGene00010749,0,13,13
WBGene00010750,1,5,6
WBGene00010752,1,1,2
WBGene00010754,0,0,0
WBGene00010755,1,44,45
WBGene00010756,28,226,254
WBGene00010757,4,80,84
WBGene00010758,14,176,190
WBGene00010759,86,448,534
WBGene00010760,0,3,3
WBGene00010761,1,0,1
WBGene00010762,1,1,2
WBGene00010763,0,0,0
WBGene00010764,0,0,0
WBGene00010765,4,12,16
WBGene00010766,25,690,715
WBGene00010767,4,94,98
WBGene00010768,10,16,26
WBGene00010769,22,139,161
WBGene00010770,23,90,113
WBGene00010771,17,201,218
WBGene00010772,413,643,1056
WBGene00010773,159,699,858
WBGene00010774,3,6,9
WBGene00010775,0,6,6
WBGene00010776,38,190,228
WBGene00010778,116,1453,1569
WBGene00010779,4,3,7
WBGene00010780,33,662,695
WBGene00010781,7,21,28
WBGene00010782,0,21,21
WBGene00010783,156,919,1075
WBGene00010784,23,60,83
WBGene00010785,33,586,619
WBGene00010786,5,5,10
WBGene00010787,2,16,18
WBGene00010788,2,22,24
WBGene00010789,5,8,13
WBGene00010790,249,10486,10735
WBGene00010791,1,23,24
WBGene00010792,13,28,41
WBGene00010793,58,174,232
WBGene00010794,238,3843,4081
WBGene00010795,4,68,72
WBGene00010796,126,552,678
WBGene00010797,0,0,0
WBGene00010798,0,0,0
WBGene00010799,15,33,48
WBGene00010800,0,0,0
WBGene00010801,0,0,0
WBGene00010802,0,0,0
WBGene00010803,2,129,131
WBGene00010804,0,0,0
WBGene00010805,5,95,100
WBGene00010806,35,538,573
WBGene00010807,6,213,219
WBGene00010808,0,0,0
WBGene00010809,18,1042,1060
WBGene00010810,69,326,395
WBGene00010811,18,178,196
WBGene00010812,205,1913,2118
WBGene00010813,66,225,291
WBGene00010814,26,65,91
WBGene00010815,25,110,135
WBGene00010817,0,0,0
WBGene00010819,0,2,2
WBGene00010820,3,0,3
WBGene00010821,0,0,0
WBGene00010822,4,9,13
WBGene00010823,1,1,2
WBGene00010825,1,2,3
WBGene00010827,23,230,253
WBGene00010828,141,613,754
WBGene00010829,0,0,0
WBGene00010830,4,4,8
WBGene00010831,0,1,1
WBGene00010832,0,2,2
WBGene00010833,31,131,162
WBGene00010834,16,612,628
WBGene00010835,16,77,93
WBGene00010836,110,17,127
WBGene00010837,37,322,359
WBGene00010838,88,246,334
WBGene00010839,20,62,82
WBGene00010840,123,162,285
WBGene00010842,196,594,790
WBGene00010843,14,31,45
WBGene00010844,46,346,392
WBGene00010845,81,669,750
WBGene00010846,10,42,52
WBGene00010847,35,401,436
WBGene00010848,1,78,79
WBGene00010849,68,63,131
WBGene00010850,16,21,37
WBGene00010851,0,21,21
WBGene00010854,0,1,1
WBGene00010855,11,0,11
WBGene00010856,160,461,621
WBGene00010857,14,12,26
WBGene00010858,15,89,104
WBGene00010859,5,11,16
WBGene00010862,0,0,0
WBGene00010863,2,3,5
WBGene00010864,17,71,88
WBGene00010865,21,49,70
WBGene00010866,0,0,0
WBGene00010867,35,369,404
WBGene00010868,65,1548,1613
WBGene00010869,1,11,12
WBGene00010870,13,61,74
WBGene00010871,8,32,40
WBGene00010872,23,1029,1052
WBGene00010873,12,79,91
WBGene00010874,40,39,79
WBGene00010875,41,267,308
WBGene00010876,1,3,4
WBGene00010877,54,286,340
WBGene00010878,19,767,786
WBGene00010879,39,1955,1994
WBGene00010880,19,12,31
WBGene00010881,17,37,54
WBGene00010882,18,470,488
WBGene00010883,1,1,2
WBGene00010884,34,129,163
WBGene00010885,0,1,1
WBGene00010886,2,5,7
WBGene00010887,165,653,818
WBGene00010888,1394,3439,4833
WBGene00010889,4,97,101
WBGene00010890,53,504,557
WBGene00010891,3,155,158
WBGene00010892,5,107,112
WBGene00010893,4,87,91
WBGene00010894,1,0,1
WBGene00010895,0,0,0
WBGene00010896,280,10984,11264
WBGene00010897,42,131,173
WBGene00010898,25,74,99
WBGene00010899,8,18,26
WBGene00010900,0,0,0
WBGene00010901,0,6,6
WBGene00010902,48,253,301
WBGene00010904,2,23,25
WBGene00010905,91,1128,1219
WBGene00010906,7,13,20
WBGene00010907,17,70,87
WBGene00010908,69,680,749
WBGene00010909,112,911,1023
WBGene00010910,124,145,269
WBGene00010911,31,285,316
WBGene00010912,50,917,967
WBGene00010913,33,351,384
WBGene00010915,0,0,0
WBGene00010916,2,16,18
WBGene00010917,2,7,9
WBGene00010918,89,310,399
WBGene00010919,0,5,5
WBGene00010920,1,6,7
WBGene00010922,2,252,254
WBGene00010923,63,505,568
WBGene00010924,2,16,18
WBGene00010925,4,3,7
WBGene00010926,0,1,1
WBGene00010927,1,0,1
WBGene00010928,1,3,4
WBGene00010929,0,0,0
WBGene00010931,2,18,20
WBGene00010933,0,0,0
WBGene00010934,5,14,19
WBGene00010935,11,841,852
WBGene00010936,15,165,180
WBGene00010937,3,4,7
WBGene00010938,0,1,1
WBGene00010939,11,3,14
WBGene00010940,5,166,171
WBGene00010941,63,353,416
WBGene00010942,455,2287,2742
WBGene00010943,3,119,122
WBGene00010944,16,351,367
WBGene00010945,0,30,30
WBGene00010946,3,7,10
WBGene00010947,1,127,128
WBGene00010948,2,5,7
WBGene00010949,2,2,4
WBGene00010950,3,2,5
WBGene00010951,17,77,94
WBGene00010953,0,0,0
WBGene00010954,0,0,0
WBGene00010955,0,0,0
WBGene00010956,0,1,1
WBGene00010957,0,66776,66776
WBGene00010958,0,39888,39888
WBGene00010959,0,6588,6588
WBGene00010960,0,51636,51636
WBGene00010961,0,5203,5203
WBGene00010962,0,19884,19884
WBGene00010963,0,8148,8148
WBGene00010964,0,28459,28459
WBGene00010965,0,13288,13288
WBGene00010966,0,4884,4884
WBGene00010967,0,5062,5062
WBGene00010968,1,7,8
WBGene00010969,0,2,2
WBGene00010970,58,218,276
WBGene00010971,2,52,54
WBGene00010972,1,60,61
WBGene00010973,9,28,37
WBGene00010974,15,101,116
WBGene00010975,35,118,153
WBGene00010976,4,142,146
WBGene00010977,3,29,32
WBGene00010978,1,5,6
WBGene00010979,14,7,21
WBGene00010980,1,2,3
WBGene00010981,33,151,184
WBGene00010982,101,772,873
WBGene00010983,14,7,21
WBGene00010984,16,539,555
WBGene00010985,7,34,41
WBGene00010986,17,65,82
WBGene00010987,0,3,3
WBGene00010988,53,696,749
WBGene00010989,1,39,40
WBGene00010990,26,455,481
WBGene00010991,1,7,8
WBGene00010992,1,0,1
WBGene00010993,20,1315,1335
WBGene00010994,74,481,555
WBGene00010995,1,3,4
WBGene00010996,0,0,0
WBGene00010998,1,6,7
WBGene00010999,4,3,7
WBGene00011000,8,7,15
WBGene00011001,0,2,2
WBGene00011002,8,29,37
WBGene00011003,40,176,216
WBGene00011004,84,226,310
WBGene00011005,0,0,0
WBGene00011006,0,22,22
WBGene00011008,2,0,2
WBGene00011009,2,7,9
WBGene00011010,0,1,1
WBGene00011011,0,0,0
WBGene00011012,0,0,0
WBGene00011013,1,10,11
WBGene00011014,15,51,66
WBGene00011015,3519,16814,20333
WBGene00011016,11,251,262
WBGene00011017,5,662,667
WBGene00011018,462,647,1109
WBGene00011019,455,3125,3580
WBGene00011020,95,608,703
WBGene00011021,103,463,566
WBGene00011023,0,0,0
WBGene00011024,0,1,1
WBGene00011025,0,1,1
WBGene00011026,912,1659,2571
WBGene00011027,13,29,42
WBGene00011028,138,331,469
WBGene00011029,133,403,536
WBGene00011030,27,52,79
WBGene00011032,45,510,555
WBGene00011033,9,303,312
WBGene00011034,14,275,289
WBGene00011035,87,390,477
WBGene00011036,26,163,189
WBGene00011037,19,211,230
WBGene00011038,171,1756,1927
WBGene00011039,4,26,30
WBGene00011040,12,73,85
WBGene00011041,0,1,1
WBGene00011042,0,24,24
WBGene00011043,108,591,699
WBGene00011044,27,57,84
WBGene00011045,44,430,474
WBGene00011046,1,4,5
WBGene00011047,5,134,139
WBGene00011049,1,6,7
WBGene00011050,57,447,504
WBGene00011051,235,337,572
WBGene00011052,5,1,6
WBGene00011053,2,0,2
WBGene00011054,24,192,216
WBGene00011055,68,498,566
WBGene00011056,2,0,2
WBGene00011058,79,265,344
WBGene00011059,4463,25051,29514
WBGene00011060,33,309,342
WBGene00011061,16,131,147
WBGene00011062,0,18,18
WBGene00011063,9,21,30
WBGene00011064,68,477,545
WBGene00011065,5,50,55
WBGene00011066,11,32,43
WBGene00011067,17,200,217
WBGene00011068,7,157,164
WBGene00011069,1,35,36
WBGene00011070,179,1709,1888
WBGene00011071,41,296,337
WBGene00011072,1569,6927,8496
WBGene00011073,7,43,50
WBGene00011074,12,39,51
WBGene00011075,10,34,44
WBGene00011076,1,11,12
WBGene00011077,3,2,5
WBGene00011078,0,1,1
WBGene00011079,4,12,16
WBGene00011081,1,16,17
WBGene00011082,4,30,34
WBGene00011083,7,8,15
WBGene00011084,0,2,2
WBGene00011087,11,70,81
WBGene00011088,1,36,37
WBGene00011089,6,194,200
WBGene00011090,28,80,108
WBGene00011092,16,73,89
WBGene00011093,19,58,77
WBGene00011094,3,30,33
WBGene00011095,20,585,605
WBGene00011096,3,4,7
WBGene00011097,33,89,122
WBGene00011098,3,7,10
WBGene00011099,7,39,46
WBGene00011100,12,19,31
WBGene00011101,30,39,69
WBGene00011102,7,117,124
WBGene00011103,0,78,78
WBGene00011104,4,0,4
WBGene00011105,30,221,251
WBGene00011106,29,466,495
WBGene00011107,4,35,39
WBGene00011108,5,125,130
WBGene00011109,14,249,263
WBGene00011110,531,1590,2121
WBGene00011111,27,710,737
WBGene00011112,3,168,171
WBGene00011113,5,8,13
WBGene00011114,0,2,2
WBGene00011115,34,417,451
WBGene00011116,36,1019,1055
WBGene00011117,3,33,36
WBGene00011119,621,2961,3582
WBGene00011120,0,0,0
WBGene00011121,5,68,73
WBGene00011122,167,962,1129
WBGene00011123,134,279,413
WBGene00011124,1,62,63
WBGene00011127,0,1,1
WBGene00011128,23,2162,2185
WBGene00011129,2,5,7
WBGene00011130,3411,0,3411
WBGene00011131,43,91,134
WBGene00011132,0,0,0
WBGene00011133,3,5,8
WBGene00011134,0,1,1
WBGene00011135,0,0,0
WBGene00011136,0,5,5
WBGene00011137,0,60,60
WBGene00011139,44,258,302
WBGene00011140,6,24,30
WBGene00011141,33,114,147
WBGene00011142,59,280,339
WBGene00011143,35,201,236
WBGene00011144,162,526,688
WBGene00011145,20,144,164
WBGene00011146,86,455,541
WBGene00011147,10,49,59
WBGene00011150,1,0,1
WBGene00011151,0,2,2
WBGene00011152,0,2,2
WBGene00011153,0,1,1
WBGene00011154,14,236,250
WBGene00011155,399,2347,2746
WBGene00011156,7876,45896,53772
WBGene00011157,0,0,0
WBGene00011158,0,0,0
WBGene00011159,0,0,0
WBGene00011161,0,2,2
WBGene00011162,0,0,0
WBGene00011163,2,1,3
WBGene00011164,0,0,0
WBGene00011166,0,2,2
WBGene00011167,0,0,0
WBGene00011168,1,2,3
WBGene00011169,0,0,0
WBGene00011170,0,0,0
WBGene00011171,17,34,51
WBGene00011172,0,7,7
WBGene00011173,0,0,0
WBGene00011175,1,1,2
WBGene00011176,0,0,0
WBGene00011177,0,0,0
WBGene00011179,17,106,123
WBGene00011180,5,6,11
WBGene00011181,7,57,64
WBGene00011182,41,116,157
WBGene00011183,0,0,0
WBGene00011184,0,10,10
WBGene00011185,3,50,53
WBGene00011186,2,3,5
WBGene00011187,0,2,2
WBGene00011188,5,20,25
WBGene00011189,8,31,39
WBGene00011190,5,29,34
WBGene00011191,0,4,4
WBGene00011192,1,3,4
WBGene00011193,14,295,309
WBGene00011194,39,89,128
WBGene00011195,6,560,566
WBGene00011196,1,0,1
WBGene00011197,2,7,9
WBGene00011198,17,497,514
WBGene00011200,1,2,3
WBGene00011201,6,30,36
WBGene00011202,3,4,7
WBGene00011203,1,8,9
WBGene00011205,105,572,677
WBGene00011206,23,80,103
WBGene00011207,2,2,4
WBGene00011208,0,0,0
WBGene00011209,0,0,0
WBGene00011211,4,0,4
WBGene00011212,2,8,10
WBGene00011213,3,0,3
WBGene00011214,0,30,30
WBGene00011215,16,35,51
WBGene00011216,36,272,308
WBGene00011217,27,87,114
WBGene00011218,10,118,128
WBGene00011219,0,3,3
WBGene00011220,2,29,31
WBGene00011221,55,364,419
WBGene00011222,6,56,62
WBGene00011223,35,183,218
WBGene00011224,34,106,140
WBGene00011225,7,70,77
WBGene00011226,27,116,143
WBGene00011227,1,95,96
WBGene00011228,2,1,3
WBGene00011229,0,0,0
WBGene00011230,51,731,782
WBGene00011231,8,384,392
WBGene00011232,523,11411,11934
WBGene00011234,0,10,10
WBGene00011235,6,38,44
WBGene00011236,3,54,57
WBGene00011237,40,357,397
WBGene00011238,10,13,23
WBGene00011239,121,934,1055
WBGene00011240,112,746,858
WBGene00011241,7,20,27
WBGene00011242,16,153,169
WBGene00011243,0,6,6
WBGene00011244,3,225,228
WBGene00011245,0,0,0
WBGene00011246,8,10,18
WBGene00011247,235,1357,1592
WBGene00011248,26,230,256
WBGene00011249,0,2,2
WBGene00011250,6,375,381
WBGene00011251,18,55,73
WBGene00011252,0,1,1
WBGene00011253,12,258,270
WBGene00011254,18,779,797
WBGene00011255,7,18,25
WBGene00011257,0,60,60
WBGene00011258,5,47,52
WBGene00011259,93,546,639
WBGene00011260,2,13,15
WBGene00011261,92,89,181
WBGene00011262,8,23,31
WBGene00011263,3,368,371
WBGene00011264,3,10,13
WBGene00011265,1,89,90
WBGene00011266,2,28,30
WBGene00011267,0,22,22
WBGene00011268,70,194,264
WBGene00011269,8,10,18
WBGene00011270,93,1370,1463
WBGene00011271,27,158,185
WBGene00011272,17,250,267
WBGene00011273,1426,19856,21282
WBGene00011274,61,221,282
WBGene00011275,29,101,130
WBGene00011276,16,444,460
WBGene00011277,0,3,3
WBGene00011278,0,14,14
WBGene00011279,152,910,1062
WBGene00011280,17,292,309
WBGene00011281,122,501,623
WBGene00011282,105,628,733
WBGene00011283,175,937,1112
WBGene00011284,9,382,391
WBGene00011285,20,93,113
WBGene00011286,30,136,166
WBGene00011287,13,95,108
WBGene00011288,0,10,10
WBGene00011289,11,2223,2234
WBGene00011290,1,0,1
WBGene00011291,16,54,70
WBGene00011292,78,597,675
WBGene00011293,5,2,7
WBGene00011295,0,0,0
WBGene00011296,1,8,9
WBGene00011297,0,0,0
WBGene00011298,38,204,242
WBGene00011299,55,319,374
WBGene00011300,64,1575,1639
WBGene00011302,117,423,540
WBGene00011303,181,661,842
WBGene00011304,697,2577,3274
WBGene00011305,7,123,130
WBGene00011306,31,279,310
WBGene00011307,64,235,299
WBGene00011308,123,741,864
WBGene00011309,523,1251,1774
WBGene00011310,1,66,67
WBGene00011311,150,633,783
WBGene00011312,7,282,289
WBGene00011313,1,19,20
WBGene00011314,27,71,98
WBGene00011315,7,72,79
WBGene00011317,18,191,209
WBGene00011318,3,67,70
WBGene00011319,35,172,207
WBGene00011320,1,3,4
WBGene00011321,0,15,15
WBGene00011322,0,1,1
WBGene00011323,61,350,411
WBGene00011324,0,75,75
WBGene00011325,7,38,45
WBGene00011326,66,302,368
WBGene00011327,0,4,4
WBGene00011328,74,197,271
WBGene00011329,14,208,222
WBGene00011330,6,94,100
WBGene00011331,776,324,1100
WBGene00011333,40,427,467
WBGene00011334,28,841,869
WBGene00011335,0,19,19
WBGene00011336,0,0,0
WBGene00011337,100,1386,1486
WBGene00011338,43,331,374
WBGene00011339,19,55,74
WBGene00011340,0,14,14
WBGene00011341,0,1,1
WBGene00011342,2,1,3
WBGene00011344,73,343,416
WBGene00011345,0,133,133
WBGene00011348,50,175,225
WBGene00011349,65,375,440
WBGene00011350,0,9,9
WBGene00011351,3,15,18
WBGene00011352,69,674,743
WBGene00011353,62,186,248
WBGene00011354,1,4,5
WBGene00011355,2,21,23
WBGene00011356,1,0,1
WBGene00011358,1,0,1
WBGene00011359,4,0,4
WBGene00011360,3,7,10
WBGene00011361,5,25,30
WBGene00011362,0,2,2
WBGene00011363,0,10,10
WBGene00011364,2,6,8
WBGene00011365,0,2,2
WBGene00011366,5,52,57
WBGene00011367,20,195,215
WBGene00011368,19,161,180
WBGene00011371,16,66,82
WBGene00011372,72,110,182
WBGene00011373,0,0,0
WBGene00011374,989,2740,3729
WBGene00011375,45,203,248
WBGene00011376,4,34,38
WBGene00011378,5,11,16
WBGene00011379,0,2,2
WBGene00011380,21,91,112
WBGene00011381,3,52,55
WBGene00011382,19,153,172
WBGene00011383,60,973,1033
WBGene00011384,5,1,6
WBGene00011385,39,42,81
WBGene00011386,0,0,0
WBGene00011387,0,0,0
WBGene00011388,0,0,0
WBGene00011389,0,0,0
WBGene00011390,0,0,0
WBGene00011391,267,850,1117
WBGene00011392,100,5757,5857
WBGene00011393,24,267,291
WBGene00011394,4,16,20
WBGene00011395,1,1,2
WBGene00011396,1,11,12
WBGene00011397,0,3,3
WBGene00011398,233,1335,1568
WBGene00011399,0,85,85
WBGene00011400,30,65,95
WBGene00011401,0,1,1
WBGene00011402,6,5,11
WBGene00011403,1,2,3
WBGene00011404,7,34,41
WBGene00011407,31,155,186
WBGene00011408,176,1148,1324
WBGene00011409,21,998,1019
WBGene00011410,3,231,234
WBGene00011411,2,115,117
WBGene00011412,106,1081,1187
WBGene00011414,1,1,2
WBGene00011415,7,63,70
WBGene00011416,0,0,0
WBGene00011417,0,0,0
WBGene00011418,0,0,0
WBGene00011419,0,0,0
WBGene00011420,0,0,0
WBGene00011422,65,238,303
WBGene00011423,40,368,408
WBGene00011424,4,14,18
WBGene00011425,15,12,27
WBGene00011426,9,14,23
WBGene00011427,5,7,12
WBGene00011428,109,1848,1957
WBGene00011429,4,7,11
WBGene00011430,5,28,33
WBGene00011431,2,13,15
WBGene00011432,0,0,0
WBGene00011433,124,548,672
WBGene00011434,11,144,155
WBGene00011435,1,7,8
WBGene00011436,41,459,500
WBGene00011437,6,49,55
WBGene00011438,0,0,0
WBGene00011439,12,29,41
WBGene00011440,4,301,305
WBGene00011441,20,225,245
WBGene00011442,43,50,93
WBGene00011443,4,71,75
WBGene00011444,23,166,189
WBGene00011445,8,22,30
WBGene00011446,13,732,745
WBGene00011447,9,76,85
WBGene00011449,23,629,652
WBGene00011450,0,32,32
WBGene00011451,14,67,81
WBGene00011452,17,53,70
WBGene00011453,6,39,45
WBGene00011454,13,30,43
WBGene00011456,49,122,171
WBGene00011458,5,29,34
WBGene00011460,26,34,60
WBGene00011462,3,15,18
WBGene00011463,11,45,56
WBGene00011464,24,150,174
WBGene00011465,8,80,88
WBGene00011466,2,4,6
WBGene00011467,0,0,0
WBGene00011468,3,1,4
WBGene00011469,0,0,0
WBGene00011471,3,57,60
WBGene00011472,0,0,0
WBGene00011473,6,64,70
WBGene00011474,21,13576,13597
WBGene00011475,1,48,49
WBGene00011476,6,52,58
WBGene00011478,0,0,0
WBGene00011479,29,329,358
WBGene00011480,406,4141,4547
WBGene00011481,10,2602,2612
WBGene00011482,4,133,137
WBGene00011484,7,384,391
WBGene00011485,0,0,0
WBGene00011486,0,0,0
WBGene00011487,8,14,22
WBGene00011488,106,600,706
WBGene00011489,7,50,57
WBGene00011490,40,317,357
WBGene00011491,0,1,1
WBGene00011492,3,3,6
WBGene00011493,0,3,3
WBGene00011494,0,0,0
WBGene00011495,3,46,49
WBGene00011497,30,156,186
WBGene00011498,482,2088,2570
WBGene00011499,2,3,5
WBGene00011500,23,227,250
WBGene00011501,2,64,66
WBGene00011502,5,242,247
WBGene00011503,98,291,389
WBGene00011505,0,0,0
WBGene00011506,0,1,1
WBGene00011507,52,779,831
WBGene00011508,0,0,0
WBGene00011509,0,38,38
WBGene00011510,209,2265,2474
WBGene00011511,147,400,547
WBGene00011512,7,47,54
WBGene00011513,1,24,25
WBGene00011515,0,0,0
WBGene00011516,0,0,0
WBGene00011517,18,64,82
WBGene00011518,1,0,1
WBGene00011519,0,11,11
WBGene00011520,31,121,152
WBGene00011521,0,4,4
WBGene00011522,56,1197,1253
WBGene00011523,1,5,6
WBGene00011524,13,71,84
WBGene00011526,57,698,755
WBGene00011527,13,1242,1255
WBGene00011528,26,327,353
WBGene00011529,12,479,491
WBGene00011530,3,13,16
WBGene00011531,115,2391,2506
WBGene00011532,101,375,476
WBGene00011533,0,0,0
WBGene00011534,3,9,12
WBGene00011535,0,20,20
WBGene00011536,0,7,7
WBGene00011537,0,36,36
WBGene00011538,39,656,695
WBGene00011539,0,2,2
WBGene00011540,5,10,15
WBGene00011541,1,0,1
WBGene00011542,0,1,1
WBGene00011543,13,176,189
WBGene00011544,2,1,3
WBGene00011545,3,57,60
WBGene00011546,7,32,39
WBGene00011547,0,1,1
WBGene00011548,7,38,45
WBGene00011551,24,110,134
WBGene00011552,8,4,12
WBGene00011553,0,0,0
WBGene00011554,19,31,50
WBGene00011556,0,7,7
WBGene00011557,0,3,3
WBGene00011558,76,1242,1318
WBGene00011559,55,223,278
WBGene00011560,5,86,91
WBGene00011561,98,2583,2681
WBGene00011562,28,135,163
WBGene00011563,2,5,7
WBGene00011564,489,1656,2145
WBGene00011565,0,5,5
WBGene00011566,4,12,16
WBGene00011568,5,2,7
WBGene00011570,0,0,0
WBGene00011571,88,951,1039
WBGene00011572,12,20,32
WBGene00011573,25,1212,1237
WBGene00011574,0,2,2
WBGene00011575,7,52,59
WBGene00011576,11,51,62
WBGene00011577,0,0,0
WBGene00011578,3,5,8
WBGene00011579,63,433,496
WBGene00011580,24,299,323
WBGene00011581,0,12,12
WBGene00011582,2,4,6
WBGene00011583,0,0,0
WBGene00011584,0,0,0
WBGene00011586,24,538,562
WBGene00011587,2,23,25
WBGene00011589,12,188,200
WBGene00011590,23,102,125
WBGene00011591,4,20,24
WBGene00011592,21,19,40
WBGene00011593,3,109,112
WBGene00011594,1,3,4
WBGene00011595,0,0,0
WBGene00011596,4,26,30
WBGene00011597,131,17,148
WBGene00011600,0,12,12
WBGene00011601,12,24,36
WBGene00011604,76,315,391
WBGene00011605,70,889,959
WBGene00011606,6,14,20
WBGene00011609,0,0,0
WBGene00011610,0,5,5
WBGene00011611,2,73,75
WBGene00011612,10,3,13
WBGene00011613,9,18,27
WBGene00011614,1,31,32
WBGene00011615,0,55,55
WBGene00011616,0,0,0
WBGene00011618,0,0,0
WBGene00011619,0,0,0
WBGene00011620,0,0,0
WBGene00011621,0,0,0
WBGene00011622,3,2,5
WBGene00011623,20,35,55
WBGene00011624,102,303,405
WBGene00011625,8,157,165
WBGene00011626,0,0,0
WBGene00011627,0,0,0
WBGene00011628,0,0,0
WBGene00011629,181,2463,2644
WBGene00011630,9,37,46
WBGene00011631,199,757,956
WBGene00011633,7,91,98
WBGene00011634,79,599,678
WBGene00011635,13,264,277
WBGene00011636,71,377,448
WBGene00011637,52,239,291
WBGene00011638,24,1927,1951
WBGene00011639,125,686,811
WBGene00011640,4,59,63
WBGene00011641,0,606,606
WBGene00011642,0,12,12
WBGene00011643,0,8,8
WBGene00011644,9,49,58
WBGene00011645,9,110,119
WBGene00011646,0,3,3
WBGene00011647,126,1040,1166
WBGene00011648,46,325,371
WBGene00011649,4,1,5
WBGene00011650,0,0,0
WBGene00011651,1,0,1
WBGene00011652,0,0,0
WBGene00011653,0,0,0
WBGene00011654,0,0,0
WBGene00011655,0,0,0
WBGene00011656,0,0,0
WBGene00011657,0,2,2
WBGene00011658,0,0,0
WBGene00011659,0,0,0
WBGene00011661,33,575,608
WBGene00011662,20,487,507
WBGene00011663,28,117,145
WBGene00011664,11,89,100
WBGene00011665,0,7,7
WBGene00011666,0,0,0
WBGene00011668,0,0,0
WBGene00011669,1,1,2
WBGene00011670,0,3,3
WBGene00011671,1,0,1
WBGene00011672,27,176,203
WBGene00011673,1,19,20
WBGene00011674,1,3,4
WBGene00011675,1,7,8
WBGene00011676,20,310,330
WBGene00011677,4,16,20
WBGene00011678,20,100,120
WBGene00011679,45,1941,1986
WBGene00011680,12,129,141
WBGene00011681,34,928,962
WBGene00011682,24,125,149
WBGene00011683,247,851,1098
WBGene00011684,0,21,21
WBGene00011685,0,0,0
WBGene00011686,0,0,0
WBGene00011687,4,684,688
WBGene00011688,8,183,191
WBGene00011689,6,12,18
WBGene00011691,0,1,1
WBGene00011692,579,3043,3622
WBGene00011693,1,17,18
WBGene00011694,196,456,652
WBGene00011695,14,10,24
WBGene00011696,74,485,559
WBGene00011697,1,2,3
WBGene00011698,3,8,11
WBGene00011699,1,6,7
WBGene00011701,0,12,12
WBGene00011702,2,8,10
WBGene00011704,0,0,0
WBGene00011705,4,33,37
WBGene00011706,3,45,48
WBGene00011707,1,18,19
WBGene00011708,1046,3571,4617
WBGene00011709,2,39,41
WBGene00011710,0,0,0
WBGene00011712,0,8,8
WBGene00011713,3,134,137
WBGene00011714,0,0,0
WBGene00011715,0,0,0
WBGene00011717,6,158,164
WBGene00011718,34,82,116
WBGene00011719,20,124,144
WBGene00011720,109,395,504
WBGene00011722,71,612,683
WBGene00011723,65,953,1018
WBGene00011724,0,0,0
WBGene00011725,4,52,56
WBGene00011726,70,245,315
WBGene00011727,28,269,297
WBGene00011728,4,13,17
WBGene00011729,42,535,577
WBGene00011730,34,2182,2216
WBGene00011731,6,136,142
WBGene00011732,309,944,1253
WBGene00011733,2,135,137
WBGene00011734,109,1548,1657
WBGene00011735,157,1588,1745
WBGene00011736,221,3102,3323
WBGene00011737,66,943,1009
WBGene00011738,9,173,182
WBGene00011739,0,58,58
WBGene00011740,230,820,1050
WBGene00011741,4,13,17
WBGene00011742,22,319,341
WBGene00011743,185,1235,1420
WBGene00011744,7,28,35
WBGene00011745,13,41,54
WBGene00011746,8,36,44
WBGene00011747,23,284,307
WBGene00011749,0,8,8
WBGene00011750,1,3,4
WBGene00011751,0,1,1
WBGene00011752,6,16,22
WBGene00011753,2,5,7
WBGene00011754,2,8,10
WBGene00011755,292,1074,1366
WBGene00011756,18,116,134
WBGene00011757,3,10,13
WBGene00011758,63,715,778
WBGene00011759,12,1166,1178
WBGene00011760,15,288,303
WBGene00011761,14,230,244
WBGene00011762,8,64,72
WBGene00011763,93,1966,2059
WBGene00011765,47,128,175
WBGene00011767,405,840,1245
WBGene00011768,6,234,240
WBGene00011770,0,1,1
WBGene00011771,202,1330,1532
WBGene00011772,36,49,85
WBGene00011773,8,218,226
WBGene00011774,73,284,357
WBGene00011775,199,1284,1483
WBGene00011776,3,150,153
WBGene00011777,0,26,26
WBGene00011778,0,0,0
WBGene00011779,0,0,0
WBGene00011780,0,0,0
WBGene00011781,0,0,0
WBGene00011782,1,0,1
WBGene00011783,0,0,0
WBGene00011784,0,0,0
WBGene00011785,2,1,3
WBGene00011786,0,2,2
WBGene00011788,8,50,58
WBGene00011789,7,19,26
WBGene00011790,1,2,3
WBGene00011791,0,0,0
WBGene00011793,18,46,64
WBGene00011794,18,274,292
WBGene00011795,5,11,16
WBGene00011796,4,41,45
WBGene00011797,1,2,3
WBGene00011798,33,32,65
WBGene00011799,2,9,11
WBGene00011800,13,40,53
WBGene00011801,8,55,63
WBGene00011802,20,288,308
WBGene00011803,3,24,27
WBGene00011804,65,25,90
WBGene00011805,3,17,20
WBGene00011806,17,259,276
WBGene00011807,44,193,237
WBGene00011808,0,0,0
WBGene00011809,6,20,26
WBGene00011810,4,1,5
WBGene00011811,2,4,6
WBGene00011812,1,9,10
WBGene00011813,17,199,216
WBGene00011814,15,87,102
WBGene00011815,43,561,604
WBGene00011816,0,1,1
WBGene00011817,23,65,88
WBGene00011819,6,77,83
WBGene00011820,7,158,165
WBGene00011821,0,20,20
WBGene00011822,65,280,345
WBGene00011823,0,52,52
WBGene00011824,35,161,196
WBGene00011826,33,51,84
WBGene00011827,151,355,506
WBGene00011828,1,199,200
WBGene00011829,9,26,35
WBGene00011830,23,406,429
WBGene00011831,7,414,421
WBGene00011832,40,311,351
WBGene00011833,18,206,224
WBGene00011834,7,81,88
WBGene00011835,5,114,119
WBGene00011836,3,33,36
WBGene00011837,0,1,1
WBGene00011838,5,145,150
WBGene00011839,10,178,188
WBGene00011840,0,0,0
WBGene00011841,7,37,44
WBGene00011844,0,2,2
WBGene00011846,0,0,0
WBGene00011847,0,1,1
WBGene00011848,0,0,0
WBGene00011849,1,570,571
WBGene00011850,27,61,88
WBGene00011852,1,2,3
WBGene00011853,0,0,0
WBGene00011854,269,598,867
WBGene00011855,1,3,4
WBGene00011856,54,201,255
WBGene00011857,181,1241,1422
WBGene00011858,14,348,362
WBGene00011859,30,383,413
WBGene00011860,3,67,70
WBGene00011864,93,1089,1182
WBGene00011866,7,140,147
WBGene00011867,49,1412,1461
WBGene00011868,18,68,86
WBGene00011869,38,16795,16833
WBGene00011870,22,1382,1404
WBGene00011871,24,187,211
WBGene00011872,23,114,137
WBGene00011873,26,25,51
WBGene00011874,0,5,5
WBGene00011875,313,1996,2309
WBGene00011876,0,1,1
WBGene00011877,0,0,0
WBGene00011878,4,47,51
WBGene00011879,75,383,458
WBGene00011880,786,10266,11052
WBGene00011882,1,0,1
WBGene00011883,122,831,953
WBGene00011884,100,13770,13870
WBGene00011885,229,368,597
WBGene00011886,5,33,38
WBGene00011887,143,188,331
WBGene00011888,48,128,176
WBGene00011890,9,168,177
WBGene00011891,99,689,788
WBGene00011892,93,603,696
WBGene00011893,3,18,21
WBGene00011894,66,352,418
WBGene00011895,1,1,2
WBGene00011896,3,44,47
WBGene00011897,96,1585,1681
WBGene00011898,1,13,14
WBGene00011899,5,85,90
WBGene00011900,14,0,14
WBGene00011902,0,6,6
WBGene00011903,0,0,0
WBGene00011904,84,780,864
WBGene00011906,17,343,360
WBGene00011908,28,91,119
WBGene00011909,4,4,8
WBGene00011910,1,2,3
WBGene00011911,0,0,0
WBGene00011912,35,437,472
WBGene00011913,71,259,330
WBGene00011914,10,130,140
WBGene00011915,59,287,346
WBGene00011916,15,84,99
WBGene00011917,77,1146,1223
WBGene00011918,0,0,0
WBGene00011919,3,4,7
WBGene00011920,13,84,97
WBGene00011921,0,0,0
WBGene00011922,0,5,5
WBGene00011923,4,24,28
WBGene00011924,19,135,154
WBGene00011925,3,6,9
WBGene00011926,5,23,28
WBGene00011927,2,34,36
WBGene00011928,14,13,27
WBGene00011929,0,1,1
WBGene00011930,21,120,141
WBGene00011931,3,66,69
WBGene00011932,24,411,435
WBGene00011934,0,195,195
WBGene00011935,21,214,235
WBGene00011936,6,30,36
WBGene00011937,0,0,0
WBGene00011938,0,32,32
WBGene00011939,30,408,438
WBGene00011940,27,124,151
WBGene00011941,30,94,124
WBGene00011942,0,1,1
WBGene00011943,0,0,0
WBGene00011944,155,1010,1165
WBGene00011945,4,35,39
WBGene00011947,0,0,0
WBGene00011948,3,3,6
WBGene00011949,0,0,0
WBGene00011950,0,0,0
WBGene00011951,0,1,1
WBGene00011952,4,6,10
WBGene00011953,167,1468,1635
WBGene00011954,0,1,1
WBGene00011955,28,392,420
WBGene00011956,9,146,155
WBGene00011957,37,125,162
WBGene00011958,17,21,38
WBGene00011959,0,50,50
WBGene00011960,4,25,29
WBGene00011961,0,0,0
WBGene00011962,63,393,456
WBGene00011963,30,73,103
WBGene00011964,12,157,169
WBGene00011965,15,183,198
WBGene00011966,179,1356,1535
WBGene00011967,71,414,485
WBGene00011968,1,22,23
WBGene00011969,4,191,195
WBGene00011970,43,145,188
WBGene00011971,90,839,929
WBGene00011972,24,435,459
WBGene00011973,4,2,6
WBGene00011974,5,13,18
WBGene00011975,65,442,507
WBGene00011976,78,185,263
WBGene00011977,85,8339,8424
WBGene00011978,158,1114,1272
WBGene00011979,2,2,4
WBGene00011980,91,455,546
WBGene00011981,0,2,2
WBGene00011982,1,0,1
WBGene00011983,0,1,1
WBGene00011984,0,14,14
WBGene00011985,16,150,166
WBGene00011986,1,6,7
WBGene00011988,3,13,16
WBGene00011989,0,0,0
WBGene00011990,3,55,58
WBGene00011991,1,1,2
WBGene00011992,0,0,0
WBGene00011993,0,0,0
WBGene00011994,4,96,100
WBGene00011995,73,322,395
WBGene00011996,14,92,106
WBGene00011997,13,320,333
WBGene00011999,0,3,3
WBGene00012000,15,382,397
WBGene00012002,9,231,240
WBGene00012003,3,2,5
WBGene00012004,48,442,490
WBGene00012005,415,164,579
WBGene00012007,17,441,458
WBGene00012008,0,0,0
WBGene00012009,13,44,57
WBGene00012010,3,3,6
WBGene00012011,0,0,0
WBGene00012012,2,4,6
WBGene00012013,3,7,10
WBGene00012014,36,164,200
WBGene00012015,54,1381,1435
WBGene00012016,41,101,142
WBGene00012017,5,4,9
WBGene00012018,83,241,324
WBGene00012019,1570,789,2359
WBGene00012020,2,24,26
WBGene00012021,0,0,0
WBGene00012022,1,0,1
WBGene00012023,0,0,0
WBGene00012024,0,0,0
WBGene00012025,0,1,1
WBGene00012026,1,0,1
WBGene00012027,0,0,0
WBGene00012028,0,0,0
WBGene00012029,28,180,208
WBGene00012030,72,1386,1458
WBGene00012031,41,996,1037
WBGene00012032,12,45,57
WBGene00012033,60,479,539
WBGene00012034,4,33,37
WBGene00012035,17,205,222
WBGene00012036,1,0,1
WBGene00012037,497,1592,2089
WBGene00012038,0,1,1
WBGene00012039,0,0,0
WBGene00012040,0,6,6
WBGene00012041,0,1,1
WBGene00012042,2,47,49
WBGene00012043,1,1,2
WBGene00012044,1,6,7
WBGene00012045,4,10,14
WBGene00012046,2,6,8
WBGene00012049,0,0,0
WBGene00012050,1,0,1
WBGene00012051,0,1,1
WBGene00012052,0,0,0
WBGene00012054,1,0,1
WBGene00012055,0,0,0
WBGene00012056,0,1,1
WBGene00012057,0,0,0
WBGene00012059,115,826,941
WBGene00012060,0,0,0
WBGene00012061,0,0,0
WBGene00012062,12,57,69
WBGene00012063,0,0,0
WBGene00012064,0,0,0
WBGene00012065,0,0,0
WBGene00012066,2,0,2
WBGene00012067,0,0,0
WBGene00012068,1,12,13
WBGene00012069,0,0,0
WBGene00012070,4,1,5
WBGene00012072,0,3,3
WBGene00012073,29,158,187
WBGene00012074,0,0,0
WBGene00012075,0,0,0
WBGene00012076,0,0,0
WBGene00012077,0,0,0
WBGene00012080,0,0,0
WBGene00012081,0,0,0
WBGene00012083,0,0,0
WBGene00012084,17,130,147
WBGene00012085,39,850,889
WBGene00012086,10,9,19
WBGene00012087,0,0,0
WBGene00012088,0,2,2
WBGene00012089,1,0,1
WBGene00012090,0,0,0
WBGene00012091,0,0,0
WBGene00012093,2,0,2
WBGene00012094,0,8126,8126
WBGene00012095,48,73,121
WBGene00012096,0,0,0
WBGene00012097,94,4121,4215
WBGene00012099,46,60,106
WBGene00012100,99,733,832
WBGene00012101,1,69,70
WBGene00012102,0,3,3
WBGene00012103,0,8,8
WBGene00012104,6,158,164
WBGene00012105,10,107,117
WBGene00012106,8,186,194
WBGene00012107,4,35,39
WBGene00012108,0,0,0
WBGene00012109,4,22,26
WBGene00012110,7,20,27
WBGene00012111,4,53,57
WBGene00012112,18,51,69
WBGene00012113,12,2579,2591
WBGene00012114,7,17,24
WBGene00012115,1,9,10
WBGene00012116,5,11,16
WBGene00012117,71,848,919
WBGene00012118,133,591,724
WBGene00012119,1,8,9
WBGene00012120,1,31,32
WBGene00012121,138,1051,1189
WBGene00012122,6,135,141
WBGene00012123,210,933,1143
WBGene00012124,10,213,223
WBGene00012125,42,428,470
WBGene00012126,641,1115,1756
WBGene00012127,2,65,67
WBGene00012128,81,1053,1134
WBGene00012130,12,89,101
WBGene00012131,9,59,68
WBGene00012132,36,125,161
WBGene00012134,6,34,40
WBGene00012135,11,24,35
WBGene00012136,132,833,965
WBGene00012137,29,44,73
WBGene00012138,2,7,9
WBGene00012139,128,155,283
WBGene00012140,143,5216,5359
WBGene00012142,16,59,75
WBGene00012143,32,122,154
WBGene00012144,3,28,31
WBGene00012145,22,337,359
WBGene00012146,0,0,0
WBGene00012147,5,10,15
WBGene00012148,31,6548,6579
WBGene00012149,117,333,450
WBGene00012150,22,107,129
WBGene00012151,41,28,69
WBGene00012152,53,414,467
WBGene00012155,12,64,76
WBGene00012156,0,278,278
WBGene00012157,80,160,240
WBGene00012158,1060,4400,5460
WBGene00012159,0,1,1
WBGene00012162,3,18,21
WBGene00012163,0,3,3
WBGene00012164,41,34,75
WBGene00012165,61,85,146
WBGene00012166,2,3548,3550
WBGene00012167,11,147,158
WBGene00012168,11,27,38
WBGene00012169,0,0,0
WBGene00012170,1,3,4
WBGene00012171,0,3,3
WBGene00012172,4,5,9
WBGene00012173,1,1,2
WBGene00012174,1,1,2
WBGene00012175,0,14,14
WBGene00012176,0,11,11
WBGene00012177,0,0,0
WBGene00012178,26,70,96
WBGene00012179,2798,70386,73184
WBGene00012180,43,28,71
WBGene00012181,2,3,5
WBGene00012182,5,356,361
WBGene00012183,0,21,21
WBGene00012184,13,67,80
WBGene00012185,8,50,58
WBGene00012186,26,767,793
WBGene00012187,69,513,582
WBGene00012188,54,243,297
WBGene00012190,24,17,41
WBGene00012191,5,6,11
WBGene00012192,50,247,297
WBGene00012193,398,1914,2312
WBGene00012194,30,437,467
WBGene00012195,6,7,13
WBGene00012196,2,8,10
WBGene00012197,63,1110,1173
WBGene00012198,9,114,123
WBGene00012199,4,5,9
WBGene00012200,1,0,1
WBGene00012201,3,22,25
WBGene00012202,2,9,11
WBGene00012203,29,382,411
WBGene00012204,13,529,542
WBGene00012205,25,392,417
WBGene00012206,13,323,336
WBGene00012207,0,0,0
WBGene00012208,37,313,350
WBGene00012209,5,51,56
WBGene00012210,0,16,16
WBGene00012211,0,0,0
WBGene00012212,0,0,0
WBGene00012213,0,1,1
WBGene00012214,0,0,0
WBGene00012215,0,3,3
WBGene00012216,10,347,357
WBGene00012217,6,25,31
WBGene00012219,3,14,17
WBGene00012220,15,63,78
WBGene00012221,61,611,672
WBGene00012222,25,105,130
WBGene00012223,0,0,0
WBGene00012224,0,0,0
WBGene00012225,46,128,174
WBGene00012226,110,251,361
WBGene00012227,0,1,1
WBGene00012228,3,22,25
WBGene00012230,191,460,651
WBGene00012231,1,0,1
WBGene00012232,0,0,0
WBGene00012233,1,0,1
WBGene00012234,75,263,338
WBGene00012235,15,186,201
WBGene00012236,20,86,106
WBGene00012237,1,26,27
WBGene00012238,3,0,3
WBGene00012239,62,548,610
WBGene00012240,0,6,6
WBGene00012241,18,68,86
WBGene00012242,1,9,10
WBGene00012243,6,183,189
WBGene00012244,8,607,615
WBGene00012245,114,735,849
WBGene00012246,0,0,0
WBGene00012247,0,0,0
WBGene00012248,0,0,0
WBGene00012249,0,0,0
WBGene00012250,1,0,1
WBGene00012251,0,13,13
WBGene00012252,72,194,266
WBGene00012253,9,179,188
WBGene00012254,4,3,7
WBGene00012255,25,895,920
WBGene00012256,5,447,452
WBGene00012257,10,424,434
WBGene00012258,20,377,397
WBGene00012259,25,157,182
WBGene00012260,1,3,4
WBGene00012261,30,919,949
WBGene00012264,0,14,14
WBGene00012265,4,5,9
WBGene00012266,0,2,2
WBGene00012267,0,0,0
WBGene00012268,4,29,33
WBGene00012269,2,0,2
WBGene00012270,3,2,5
WBGene00012271,5,13,18
WBGene00012272,25,13,38
WBGene00012274,178,1416,1594
WBGene00012275,38,60,98
WBGene00012276,105,757,862
WBGene00012277,18,103,121
WBGene00012278,1,0,1
WBGene00012279,3,178,181
WBGene00012280,1,29,30
WBGene00012281,40,83,123
WBGene00012282,14,114,128
WBGene00012283,0,0,0
WBGene00012285,0,0,0
WBGene00012286,0,0,0
WBGene00012287,0,0,0
WBGene00012288,0,1,1
WBGene00012289,165,863,1028
WBGene00012290,4,113,117
WBGene00012291,661,1408,2069
WBGene00012293,30,247,277
WBGene00012294,0,1,1
WBGene00012295,3,8,11
WBGene00012296,0,4,4
WBGene00012297,2,2,4
WBGene00012298,26,343,369
WBGene00012299,0,4,4
WBGene00012300,0,0,0
WBGene00012301,0,1,1
WBGene00012302,0,0,0
WBGene00012303,0,0,0
WBGene00012304,33,1,34
WBGene00012305,0,0,0
WBGene00012306,35,80,115
WBGene00012307,3,9,12
WBGene00012308,0,0,0
WBGene00012309,0,0,0
WBGene00012310,0,1,1
WBGene00012311,0,0,0
WBGene00012312,0,0,0
WBGene00012313,0,2,2
WBGene00012314,0,0,0
WBGene00012315,18,107,125
WBGene00012316,40,252,292
WBGene00012317,38,604,642
WBGene00012318,0,1,1
WBGene00012319,41,138,179
WBGene00012321,0,1,1
WBGene00012322,92,675,767
WBGene00012323,0,18,18
WBGene00012324,2,41,43
WBGene00012325,18,48,66
WBGene00012326,193,462,655
WBGene00012328,4,21,25
WBGene00012329,2,2,4
WBGene00012330,7,167,174
WBGene00012332,5,24,29
WBGene00012333,6,8,14
WBGene00012334,2,2,4
WBGene00012335,4,4,8
WBGene00012336,6,29,35
WBGene00012337,177,695,872
WBGene00012339,17,124,141
WBGene00012340,11,94,105
WBGene00012341,56,497,553
WBGene00012342,120,872,992
WBGene00012343,89,800,889
WBGene00012344,206,2321,2527
WBGene00012345,1,3,4
WBGene00012346,0,1,1
WBGene00012347,685,147,832
WBGene00012348,355,1331,1686
WBGene00012349,6,0,6
WBGene00012351,797,2325,3122
WBGene00012352,57,150,207
WBGene00012353,30,333,363
WBGene00012354,356,10345,10701
WBGene00012356,2,24,26
WBGene00012357,0,1,1
WBGene00012358,101,825,926
WBGene00012359,19,324,343
WBGene00012360,33,159,192
WBGene00012361,48,2591,2639
WBGene00012362,248,612,860
WBGene00012363,81,175,256
WBGene00012364,45,132,177
WBGene00012365,72,627,699
WBGene00012366,18,312,330
WBGene00012369,49,328,377
WBGene00012370,90,142,232
WBGene00012371,323,375,698
WBGene00012372,8,37,45
WBGene00012373,1,1,2
WBGene00012374,1,10,11
WBGene00012375,23,641,664
WBGene00012376,227,3971,4198
WBGene00012378,0,0,0
WBGene00012379,0,1,1
WBGene00012380,0,0,0
WBGene00012381,34,100,134
WBGene00012382,7357,41058,48415
WBGene00012383,948,5614,6562
WBGene00012385,25,100,125
WBGene00012386,104223,408,104631
WBGene00012387,18,19,37
WBGene00012388,5,0,5
WBGene00012389,100,122,222
WBGene00012390,46,126,172
WBGene00012391,17,126,143
WBGene00012393,52,203,255
WBGene00012394,0,1,1
WBGene00012395,1,123,124
WBGene00012396,36,262,298
WBGene00012397,0,0,0
WBGene00012398,1,6,7
WBGene00012399,8,11,19
WBGene00012400,0,2,2
WBGene00012401,0,0,0
WBGene00012402,0,0,0
WBGene00012404,1,11,12
WBGene00012405,0,0,0
WBGene00012406,0,0,0
WBGene00012407,6,113,119
WBGene00012408,33,79,112
WBGene00012409,4,2,6
WBGene00012411,1,1,2
WBGene00012412,8,3,11
WBGene00012413,8,8,16
WBGene00012414,0,3,3
WBGene00012415,3,1,4
WBGene00012416,6,11,17
WBGene00012420,7,618,625
WBGene00012421,40,326,366
WBGene00012422,1,9,10
WBGene00012423,86,678,764
WBGene00012424,305,795,1100
WBGene00012425,26,61,87
WBGene00012428,6,44,50
WBGene00012429,5,35,40
WBGene00012431,4,64,68
WBGene00012432,2,7,9
WBGene00012433,5,39,44
WBGene00012434,258,1348,1606
WBGene00012435,0,36,36
WBGene00012436,0,22,22
WBGene00012437,336,1195,1531
WBGene00012439,10,324,334
WBGene00012440,2,252,254
WBGene00012441,11,76,87
WBGene00012442,6,15,21
WBGene00012443,129,986,1115
WBGene00012444,2,879,881
WBGene00012445,13,92,105
WBGene00012446,11,62,73
WBGene00012448,18,7,25
WBGene00012449,5,18,23
WBGene00012450,9,23,32
WBGene00012451,6,3,9
WBGene00012452,57,1797,1854
WBGene00012454,0,0,0
WBGene00012455,12,9,21
WBGene00012456,8,18,26
WBGene00012457,19,54,73
WBGene00012458,98,359,457
WBGene00012459,10,307,317
WBGene00012460,18,141,159
WBGene00012461,73,89,162
WBGene00012462,72,102,174
WBGene00012463,57,202,259
WBGene00012464,6,27,33
WBGene00012465,93,561,654
WBGene00012466,63,110,173
WBGene00012467,0,11,11
WBGene00012468,61,627,688
WBGene00012469,13,167,180
WBGene00012470,0,0,0
WBGene00012471,20,2407,2427
WBGene00012472,58,404,462
WBGene00012473,9,12,21
WBGene00012474,71,306,377
WBGene00012475,3,51,54
WBGene00012476,14,7,21
WBGene00012477,11,16,27
WBGene00012478,211,1284,1495
WBGene00012479,56,283,339
WBGene00012480,3,4,7
WBGene00012481,2,44,46
WBGene00012482,0,0,0
WBGene00012483,12,772,784
WBGene00012484,7,954,961
WBGene00012486,0,1,1
WBGene00012487,0,6,6
WBGene00012488,1,0,1
WBGene00012489,0,0,0
WBGene00012490,0,6,6
WBGene00012491,60,4,64
WBGene00012492,0,0,0
WBGene00012494,28,53,81
WBGene00012496,24,212,236
WBGene00012497,47,684,731
WBGene00012500,6,7,13
WBGene00012501,0,0,0
WBGene00012502,0,0,0
WBGene00012503,4,12,16
WBGene00012504,0,1,1
WBGene00012505,1,1,2
WBGene00012509,0,0,0
WBGene00012510,0,0,0
WBGene00012512,1,29,30
WBGene00012513,2,63,65
WBGene00012514,13,66,79
WBGene00012515,0,0,0
WBGene00012516,0,0,0
WBGene00012518,0,1,1
WBGene00012519,0,0,0
WBGene00012520,1,0,1
WBGene00012521,0,0,0
WBGene00012522,136,397,533
WBGene00012523,0,1,1
WBGene00012524,15,103,118
WBGene00012525,1,4,5
WBGene00012526,0,0,0
WBGene00012527,10,33,43
WBGene00012528,108,612,720
WBGene00012529,4,35,39
WBGene00012530,102,213,315
WBGene00012531,8,33,41
WBGene00012532,38,103,141
WBGene00012533,1,3,4
WBGene00012535,1,4,5
WBGene00012536,15,80,95
WBGene00012537,1,40,41
WBGene00012538,13,80,93
WBGene00012540,13,74,87
WBGene00012541,2,2,4
WBGene00012542,1,1,2
WBGene00012543,53,310,363
WBGene00012544,1275,5346,6621
WBGene00012545,47,224,271
WBGene00012546,6,110,116
WBGene00012547,0,3,3
WBGene00012548,19,274,293
WBGene00012549,22,0,22
WBGene00012550,12,1452,1464
WBGene00012551,1,146,147
WBGene00012552,0,68,68
WBGene00012553,3268,13707,16975
WBGene00012554,31,291,322
WBGene00012555,7,76,83
WBGene00012556,152,965,1117
WBGene00012557,1,1,2
WBGene00012558,60,367,427
WBGene00012559,52,63,115
WBGene00012560,184,374,558
WBGene00012561,0,4,4
WBGene00012562,41,265,306
WBGene00012564,5,78,83
WBGene00012565,7,42,49
WBGene00012566,0,6,6
WBGene00012567,1,4,5
WBGene00012570,2,2,4
WBGene00012571,0,0,0
WBGene00012573,6,26,32
WBGene00012574,0,0,0
WBGene00012575,0,0,0
WBGene00012576,27,116,143
WBGene00012577,0,0,0
WBGene00012578,108,223,331
WBGene00012579,0,0,0
WBGene00012580,0,0,0
WBGene00012581,0,0,0
WBGene00012582,0,0,0
WBGene00012583,0,3,3
WBGene00012584,208,402,610
WBGene00012585,6,5,11
WBGene00012586,0,3,3
WBGene00012587,3,2,5
WBGene00012589,0,7,7
WBGene00012590,0,0,0
WBGene00012591,0,141,141
WBGene00012592,0,57,57
WBGene00012593,0,7,7
WBGene00012594,0,7,7
WBGene00012595,0,27,27
WBGene00012596,7,12,19
WBGene00012597,21,116,137
WBGene00012598,98,8,106
WBGene00012600,20,138,158
WBGene00012602,474,3129,3603
WBGene00012603,2,1,3
WBGene00012604,0,24,24
WBGene00012605,7,40,47
WBGene00012606,32,149,181
WBGene00012607,4,20,24
WBGene00012608,1369,6098,7467
WBGene00012609,0,0,0
WBGene00012610,7,58,65
WBGene00012612,2,0,2
WBGene00012614,0,0,0
WBGene00012615,42,590,632
WBGene00012616,0,11,11
WBGene00012617,0,0,0
WBGene00012618,2,2,4
WBGene00012621,2,33,35
WBGene00012622,1,14,15
WBGene00012624,16,70,86
WBGene00012625,2,7,9
WBGene00012626,6,27,33
WBGene00012627,3,11,14
WBGene00012628,77,282,359
WBGene00012629,4,23,27
WBGene00012630,2,0,2
WBGene00012631,0,2,2
WBGene00012632,6,29,35
WBGene00012633,2,2,4
WBGene00012634,0,9,9
WBGene00012635,2,24,26
WBGene00012636,3,2,5
WBGene00012637,0,1,1
WBGene00012638,0,0,0
WBGene00012639,18,52,70
WBGene00012640,4,9,13
WBGene00012641,60,383,443
WBGene00012642,3,5,8
WBGene00012643,10,550,560
WBGene00012644,105,184,289
WBGene00012645,87,749,836
WBGene00012646,29,507,536
WBGene00012647,24,159,183
WBGene00012648,19,1265,1284
WBGene00012649,0,0,0
WBGene00012650,6,114,120
WBGene00012651,40,96,136
WBGene00012652,2,383,385
WBGene00012654,12,8,20
WBGene00012655,1,0,1
WBGene00012656,5,2,7
WBGene00012657,94,193,287
WBGene00012658,215,576,791
WBGene00012659,0,8,8
WBGene00012660,5,339,344
WBGene00012661,0,0,0
WBGene00012662,66,388,454
WBGene00012663,33,109,142
WBGene00012664,0,157,157
WBGene00012665,50,465,515
WBGene00012666,132,636,768
WBGene00012668,235,711,946
WBGene00012669,3,12,15
WBGene00012670,12,5,17
WBGene00012671,0,2,2
WBGene00012672,0,1,1
WBGene00012673,5,15,20
WBGene00012674,53,204,257
WBGene00012675,118,283,401
WBGene00012676,171,413,584
WBGene00012678,8,34,42
WBGene00012679,0,2,2
WBGene00012681,1,1,2
WBGene00012682,5,0,5
WBGene00012683,0,1,1
WBGene00012684,2,1,3
WBGene00012686,1,8,9
WBGene00012688,1,1,2
WBGene00012689,0,1,1
WBGene00012691,0,0,0
WBGene00012692,177,905,1082
WBGene00012693,145,467,612
WBGene00012694,48,301,349
WBGene00012695,3,201,204
WBGene00012696,1,41,42
WBGene00012697,30,674,704
WBGene00012698,9,95,104
WBGene00012699,3,1,4
WBGene00012700,4,38,42
WBGene00012701,21,119,140
WBGene00012702,1,4,5
WBGene00012703,26,57,83
WBGene00012704,37,83,120
WBGene00012705,5,20,25
WBGene00012707,0,6,6
WBGene00012708,1,0,1
WBGene00012709,7,10,17
WBGene00012710,5,156,161
WBGene00012711,7,20,27
WBGene00012712,35,58,93
WBGene00012713,60,1385,1445
WBGene00012714,38,964,1002
WBGene00012715,17,207,224
WBGene00012716,1,47,48
WBGene00012717,81,2083,2164
WBGene00012718,81,95,176
WBGene00012719,33,38,71
WBGene00012720,0,0,0
WBGene00012721,5,7,12
WBGene00012722,63,564,627
WBGene00012723,13,134,147
WBGene00012724,1,0,1
WBGene00012725,0,0,0
WBGene00012726,1,1,2
WBGene00012727,0,0,0
WBGene00012728,4,31,35
WBGene00012729,0,0,0
WBGene00012730,191,216,407
WBGene00012731,0,8,8
WBGene00012732,58,192,250
WBGene00012733,0,7,7
WBGene00012734,114,42,156
WBGene00012735,110,163,273
WBGene00012738,40,1746,1786
WBGene00012739,487,1331,1818
WBGene00012740,19,381,400
WBGene00012741,2,1,3
WBGene00012742,0,0,0
WBGene00012743,4,0,4
WBGene00012744,26,22,48
WBGene00012746,4,2,6
WBGene00012747,4,3,7
WBGene00012748,0,2,2
WBGene00012750,39,61,100
WBGene00012753,15,102,117
WBGene00012754,2,19,21
WBGene00012755,12,103,115
WBGene00012756,39,192,231
WBGene00012757,41,240,281
WBGene00012758,24,73,97
WBGene00012759,56,1255,1311
WBGene00012760,6116,1185,7301
WBGene00012761,0,0,0
WBGene00012762,47,704,751
WBGene00012763,102,219,321
WBGene00012764,1,123,124
WBGene00012765,49,698,747
WBGene00012766,42,816,858
WBGene00012767,152,191,343
WBGene00012768,31,13460,13491
WBGene00012769,90,661,751
WBGene00012770,41,20,61
WBGene00012771,1,2,3
WBGene00012772,7,0,7
WBGene00012773,1,1,2
WBGene00012775,13,2,15
WBGene00012776,31,85,116
WBGene00012777,2,26,28
WBGene00012778,19,66,85
WBGene00012779,33,130,163
WBGene00012780,10,13,23
WBGene00012781,0,3,3
WBGene00012782,5,59,64
WBGene00012783,4,239,243
WBGene00012784,1,4,5
WBGene00012785,0,1,1
WBGene00012786,0,13,13
WBGene00012787,1,5,6
WBGene00012788,18,0,18
WBGene00012789,1,0,1
WBGene00012790,0,0,0
WBGene00012791,74,8,82
WBGene00012792,1,0,1
WBGene00012794,17,590,607
WBGene00012795,0,1,1
WBGene00012796,10,111,121
WBGene00012798,1,4,5
WBGene00012799,2,8,10
WBGene00012802,26,159,185
WBGene00012803,18,1002,1020
WBGene00012804,20,273,293
WBGene00012806,12,153,165
WBGene00012807,49,357,406
WBGene00012808,7,17,24
WBGene00012809,4,0,4
WBGene00012810,0,3,3
WBGene00012811,24,145,169
WBGene00012812,470,2848,3318
WBGene00012813,543,3643,4186
WBGene00012814,10,14,24
WBGene00012815,12,18,30
WBGene00012816,0,0,0
WBGene00012818,0,0,0
WBGene00012819,24,61,85
WBGene00012820,34,0,34
WBGene00012821,35,251,286
WBGene00012822,0,0,0
WBGene00012823,0,4,4
WBGene00012824,2,3,5
WBGene00012825,44,198,242
WBGene00012826,15,76,91
WBGene00012827,1,2,3
WBGene00012828,154,25,179
WBGene00012829,151,703,854
WBGene00012830,27,669,696
WBGene00012831,0,1,1
WBGene00012832,677,4,681
WBGene00012833,14,179,193
WBGene00012834,8,35,43
WBGene00012835,7,39,46
WBGene00012836,0,0,0
WBGene00012837,0,0,0
WBGene00012838,0,0,0
WBGene00012839,1,0,1
WBGene00012840,108,403,511
WBGene00012841,0,0,0
WBGene00012844,0,0,0
WBGene00012845,16,24,40
WBGene00012846,1,2,3
WBGene00012847,0,1,1
WBGene00012848,1,1,2
WBGene00012849,0,0,0
WBGene00012850,316,2719,3035
WBGene00012851,1,9,10
WBGene00012852,12,21,33
WBGene00012853,75,4340,4415
WBGene00012854,61,709,770
WBGene00012855,2,3,5
WBGene00012856,4,10,14
WBGene00012857,41,226,267
WBGene00012858,16,233,249
WBGene00012859,2,32,34
WBGene00012860,15,165,180
WBGene00012861,10,351,361
WBGene00012862,1,0,1
WBGene00012863,2,2,4
WBGene00012864,10,25,35
WBGene00012866,15,23,38
WBGene00012867,8,101,109
WBGene00012868,171,345,516
WBGene00012869,8,197,205
WBGene00012871,0,0,0
WBGene00012872,0,1,1
WBGene00012873,1,4,5
WBGene00012874,0,0,0
WBGene00012875,842,3395,4237
WBGene00012877,19,17,36
WBGene00012878,0,0,0
WBGene00012879,3,35,38
WBGene00012880,2,3,5
WBGene00012883,2,36,38
WBGene00012885,217,978,1195
WBGene00012886,9,27,36
WBGene00012887,46,618,664
WBGene00012888,24,115,139
WBGene00012889,72,135,207
WBGene00012890,21,66,87
WBGene00012891,176,1244,1420
WBGene00012892,4,12,16
WBGene00012893,4,5,9
WBGene00012894,268,351,619
WBGene00012895,65,173,238
WBGene00012896,43,1074,1117
WBGene00012897,4,385,389
WBGene00012899,3,10,13
WBGene00012900,0,10,10
WBGene00012901,5,29,34
WBGene00012903,86,784,870
WBGene00012904,13,269,282
WBGene00012905,0,0,0
WBGene00012906,25,124,149
WBGene00012907,835,1972,2807
WBGene00012908,55,238,293
WBGene00012909,107,112,219
WBGene00012910,0,5,5
WBGene00012911,28,68,96
WBGene00012912,0,2,2
WBGene00012913,0,1,1
WBGene00012914,0,2,2
WBGene00012915,8,9,17
WBGene00012916,0,0,0
WBGene00012917,6,3,9
WBGene00012919,7,10,17
WBGene00012920,64,144,208
WBGene00012921,0,54,54
WBGene00012922,1,21,22
WBGene00012923,8,46,54
WBGene00012925,1,1,2
WBGene00012926,1,4,5
WBGene00012927,25,107,132
WBGene00012928,5,103,108
WBGene00012929,120,1092,1212
WBGene00012930,42,145,187
WBGene00012931,41,250,291
WBGene00012932,47,663,710
WBGene00012933,0,35,35
WBGene00012934,69,243,312
WBGene00012935,49,83,132
WBGene00012936,70,330,400
WBGene00012937,0,0,0
WBGene00012938,43,49,92
WBGene00012939,57,132,189
WBGene00012940,5,2,7
WBGene00012941,5,28,33
WBGene00012942,0,23,23
WBGene00012943,86,265,351
WBGene00012945,0,0,0
WBGene00012946,0,53,53
WBGene00012947,1,2,3
WBGene00012948,70,72,142
WBGene00012950,25,344,369
WBGene00012951,98,312,410
WBGene00012952,0,1,1
WBGene00012953,2,54,56
WBGene00012955,1,0,1
WBGene00012958,1,1,2
WBGene00012959,1,4,5
WBGene00012960,119,832,951
WBGene00012961,3,73,76
WBGene00012962,3,16,19
WBGene00012964,218,4367,4585
WBGene00012965,0,2,2
WBGene00012966,2,318,320
WBGene00012967,24,42,66
WBGene00012968,8,30,38
WBGene00012969,1,3,4
WBGene00012970,8,15,23
WBGene00012972,41,215,256
WBGene00012973,261,942,1203
WBGene00012976,48,104,152
WBGene00012977,63,155,218
WBGene00012978,279,1195,1474
WBGene00012979,6,18,24
WBGene00012980,416,682,1098
WBGene00012981,2,4,6
WBGene00012982,50,270,320
WBGene00012983,109,1024,1133
WBGene00012984,35,269,304
WBGene00012985,13,5,18
WBGene00012987,140,377,517
WBGene00012988,70,440,510
WBGene00012989,205,242,447
WBGene00012990,123,173,296
WBGene00012992,169,798,967
WBGene00012993,42,129,171
WBGene00012994,45,127,172
WBGene00012995,150,241,391
WBGene00012996,126,454,580
WBGene00012997,7,232,239
WBGene00012998,117,95,212
WBGene00012999,157,674,831
WBGene00013000,473,89,562
WBGene00013001,105,298,403
WBGene00013002,223,246,469
WBGene00013004,276,1165,1441
WBGene00013006,55,74,129
WBGene00013007,23,104,127
WBGene00013008,16,232,248
WBGene00013009,12,19,31
WBGene00013011,11,136,147
WBGene00013013,14,117,131
WBGene00013014,72,243,315
WBGene00013015,49,140,189
WBGene00013017,41,697,738
WBGene00013018,11,357,368
WBGene00013019,57,104,161
WBGene00013020,53,238,291
WBGene00013021,46,161,207
WBGene00013023,6,31,37
WBGene00013024,7,17,24
WBGene00013025,143,1906,2049
WBGene00013026,0,189,189
WBGene00013027,12,147,159
WBGene00013028,22,49,71
WBGene00013029,80,661,741
WBGene00013030,31,73,104
WBGene00013033,9,82,91
WBGene00013034,225,371,596
WBGene00013035,19,42,61
WBGene00013036,1,2,3
WBGene00013037,8,29,37
WBGene00013038,22,381,403
WBGene00013039,82,399,481
WBGene00013040,77,206,283
WBGene00013041,6,14,20
WBGene00013042,74,179,253
WBGene00013043,10,30,40
WBGene00013044,6,0,6
WBGene00013045,0,0,0
WBGene00013046,16,69,85
WBGene00013047,0,1,1
WBGene00013048,3,100,103
WBGene00013049,0,1,1
WBGene00013050,0,0,0
WBGene00013052,1,0,1
WBGene00013053,3,3,6
WBGene00013054,0,4,4
WBGene00013055,9,81,90
WBGene00013058,2,0,2
WBGene00013060,2,7,9
WBGene00013061,0,0,0
WBGene00013062,0,1,1
WBGene00013063,0,0,0
WBGene00013064,0,0,0
WBGene00013066,3,4,7
WBGene00013067,0,0,0
WBGene00013068,0,0,0
WBGene00013069,1,0,1
WBGene00013070,0,0,0
WBGene00013071,0,13,13
WBGene00013072,9,12,21
WBGene00013073,8,26,34
WBGene00013074,15,117,132
WBGene00013075,49,151,200
WBGene00013076,4,14,18
WBGene00013077,1398,5813,7211
WBGene00013078,719,3000,3719
WBGene00013079,1213,3728,4941
WBGene00013080,67,173,240
WBGene00013081,1290,10389,11679
WBGene00013082,70,104,174
WBGene00013083,32,137,169
WBGene00013085,0,0,0
WBGene00013086,0,0,0
WBGene00013087,0,0,0
WBGene00013088,0,2,2
WBGene00013089,0,0,0
WBGene00013090,0,0,0
WBGene00013091,0,1,1
WBGene00013093,190,148,338
WBGene00013094,1169,4219,5388
WBGene00013095,49,198,247
WBGene00013096,74,210,284
WBGene00013098,29,89,118
WBGene00013099,8,5,13
WBGene00013100,0,1,1
WBGene00013101,3,15,18
WBGene00013102,0,0,0
WBGene00013103,10,166,176
WBGene00013104,33,944,977
WBGene00013105,3,2,5
WBGene00013106,34,284,318
WBGene00013107,0,0,0
WBGene00013109,13,821,834
WBGene00013111,45,414,459
WBGene00013115,3,1,4
WBGene00013116,5,3,8
WBGene00013117,0,0,0
WBGene00013118,3,26,29
WBGene00013119,18,8,26
WBGene00013120,1,1,2
WBGene00013121,0,0,0
WBGene00013122,12,92,104
WBGene00013123,101,159,260
WBGene00013124,274,262,536
WBGene00013125,2,4,6
WBGene00013126,0,1,1
WBGene00013127,16,36,52
WBGene00013128,61,280,341
WBGene00013129,162,472,634
WBGene00013130,0,4,4
WBGene00013131,63,13,76
WBGene00013132,36,265,301
WBGene00013135,9,136,145
WBGene00013136,34,401,435
WBGene00013137,21,183,204
WBGene00013138,5,2,7
WBGene00013139,38,228,266
WBGene00013140,12,328,340
WBGene00013141,7,1,8
WBGene00013142,37,4,41
WBGene00013143,7,367,374
WBGene00013144,268,950,1218
WBGene00013145,3,32,35
WBGene00013146,17,80,97
WBGene00013147,0,7,7
WBGene00013148,0,0,0
WBGene00013149,10,9,19
WBGene00013150,23,363,386
WBGene00013151,37,415,452
WBGene00013152,0,0,0
WBGene00013154,0,1,1
WBGene00013156,4,104,108
WBGene00013157,0,0,0
WBGene00013158,1,6,7
WBGene00013159,18,85,103
WBGene00013160,112,239,351
WBGene00013161,106,428,534
WBGene00013162,1,0,1
WBGene00013163,1,1,2
WBGene00013164,19,107,126
WBGene00013165,2,7,9
WBGene00013166,3,49,52
WBGene00013167,93,67,160
WBGene00013168,33,802,835
WBGene00013169,17,87,104
WBGene00013170,1,0,1
WBGene00013171,9,2,11
WBGene00013172,0,0,0
WBGene00013173,4,6,10
WBGene00013175,3,4,7
WBGene00013176,19,369,388
WBGene00013177,51,612,663
WBGene00013178,46,229,275
WBGene00013179,2,1,3
WBGene00013180,29,193,222
WBGene00013181,1153,4086,5239
WBGene00013182,1,0,1
WBGene00013184,0,0,0
WBGene00013186,0,0,0
WBGene00013187,14,74,88
WBGene00013188,12,60,72
WBGene00013189,77,243,320
WBGene00013190,1,7,8
WBGene00013192,0,2,2
WBGene00013193,13,100,113
WBGene00013194,1,3,4
WBGene00013195,10,30,40
WBGene00013196,10,77,87
WBGene00013197,16,54,70
WBGene00013198,4,21,25
WBGene00013200,243,1250,1493
WBGene00013201,18,277,295
WBGene00013202,33,279,312
WBGene00013203,35,190,225
WBGene00013204,14,147,161
WBGene00013207,2,3,5
WBGene00013208,10,34,44
WBGene00013209,37,458,495
WBGene00013210,0,1933,1933
WBGene00013211,26,171,197
WBGene00013212,20,16,36
WBGene00013213,43,351,394
WBGene00013214,19,118,137
WBGene00013215,2,86,88
WBGene00013216,10,186,196
WBGene00013217,56,344,400
WBGene00013218,31,535,566
WBGene00013219,13,719,732
WBGene00013220,0,0,0
WBGene00013221,6,15,21
WBGene00013222,44,159,203
WBGene00013223,63,610,673
WBGene00013224,34,147,181
WBGene00013225,73,257,330
WBGene00013226,5,2,7
WBGene00013227,0,16,16
WBGene00013228,714,959,1673
WBGene00013230,0,0,0
WBGene00013231,15,144,159
WBGene00013232,169,179,348
WBGene00013233,0,0,0
WBGene00013234,0,2,2
WBGene00013235,4,12,16
WBGene00013236,20,617,637
WBGene00013237,53,3049,3102
WBGene00013238,422,3284,3706
WBGene00013239,58,477,535
WBGene00013240,59,110,169
WBGene00013241,25,189,214
WBGene00013242,28,62,90
WBGene00013243,29,81,110
WBGene00013244,34,32,66
WBGene00013246,17,20,37
WBGene00013247,42,16,58
WBGene00013248,7,35,42
WBGene00013249,5,10,15
WBGene00013250,0,12,12
WBGene00013252,7,7,14
WBGene00013253,21,40,61
WBGene00013254,0,3,3
WBGene00013255,144,752,896
WBGene00013256,28,304,332
WBGene00013257,2,9,11
WBGene00013258,205,98,303
WBGene00013259,50,214,264
WBGene00013260,9,139,148
WBGene00013261,44,57,101
WBGene00013263,224,850,1074
WBGene00013264,5,10,15
WBGene00013265,35,164,199
WBGene00013266,54,524,578
WBGene00013267,61,503,564
WBGene00013268,8,118,126
WBGene00013269,1,551,552
WBGene00013270,28,72,100
WBGene00013272,16,22,38
WBGene00013273,60,372,432
WBGene00013274,24,4,28
WBGene00013275,32,590,622
WBGene00013276,0,4,4
WBGene00013277,1,2,3
WBGene00013278,2,4,6
WBGene00013279,1,1,2
WBGene00013280,0,0,0
WBGene00013281,0,7,7
WBGene00013282,0,0,0
WBGene00013284,0,186,186
WBGene00013285,2,9,11
WBGene00013286,5,10,15
WBGene00013287,19,58,77
WBGene00013288,0,0,0
WBGene00013289,547,659,1206
WBGene00013290,0,0,0
WBGene00013292,48,339,387
WBGene00013293,15,68,83
WBGene00013294,3,2,5
WBGene00013295,0,55,55
WBGene00013296,0,0,0
WBGene00013297,3,1,4
WBGene00013298,1,10,11
WBGene00013299,0,0,0
WBGene00013300,1,3,4
WBGene00013301,4,806,810
WBGene00013302,4,137,141
WBGene00013303,18,38,56
WBGene00013304,8,18,26
WBGene00013305,0,0,0
WBGene00013306,1,3,4
WBGene00013307,38,917,955
WBGene00013308,1164,8412,9576
WBGene00013310,23,32,55
WBGene00013311,26,6235,6261
WBGene00013312,3,55,58
WBGene00013313,0,0,0
WBGene00013315,0,0,0
WBGene00013317,201,592,793
WBGene00013318,1,0,1
WBGene00013319,0,1,1
WBGene00013321,55,613,668
WBGene00013322,10,27,37
WBGene00013323,7,325,332
WBGene00013324,142,890,1032
WBGene00013325,13,97,110
WBGene00013326,48,188,236
WBGene00013327,458,772,1230
WBGene00013328,0,0,0
WBGene00013329,2,11,13
WBGene00013330,1,18,19
WBGene00013331,9,2,11
WBGene00013332,12,344,356
WBGene00013333,2,7,9
WBGene00013334,145,432,577
WBGene00013335,11,53,64
WBGene00013336,9,25,34
WBGene00013337,2,1,3
WBGene00013338,0,0,0
WBGene00013339,106,231,337
WBGene00013340,100,1349,1449
WBGene00013343,246,1213,1459
WBGene00013344,17,27,44
WBGene00013345,17,451,468
WBGene00013347,230,767,997
WBGene00013348,6,21,27
WBGene00013349,0,29,29
WBGene00013350,56,163,219
WBGene00013351,4,0,4
WBGene00013352,135,486,621
WBGene00013353,25,31,56
WBGene00013354,160,554,714
WBGene00013355,123,672,795
WBGene00013356,3,11,14
WBGene00013357,2,0,2
WBGene00013358,19,148,167
WBGene00013359,3,119,122
WBGene00013360,187,1317,1504
WBGene00013361,203,365,568
WBGene00013362,22,24,46
WBGene00013364,6,67,73
WBGene00013365,105,457,562
WBGene00013366,623,730,1353
WBGene00013367,1,1,2
WBGene00013368,2,8,10
WBGene00013370,0,1,1
WBGene00013371,0,0,0
WBGene00013373,23,676,699
WBGene00013374,0,0,0
WBGene00013375,8,16,24
WBGene00013376,40,186,226
WBGene00013378,9,560,569
WBGene00013379,165,643,808
WBGene00013380,0,22,22
WBGene00013381,37,25,62
WBGene00013382,10,74,84
WBGene00013383,6,15,21
WBGene00013385,20,118,138
WBGene00013387,49,275,324
WBGene00013388,0,2,2
WBGene00013389,0,0,0
WBGene00013390,0,0,0
WBGene00013391,0,0,0
WBGene00013392,0,0,0
WBGene00013393,0,0,0
WBGene00013394,0,0,0
WBGene00013395,2,0,2
WBGene00013396,1,0,1
WBGene00013397,0,1,1
WBGene00013398,0,1,1
WBGene00013399,1,4,5
WBGene00013400,0,0,0
WBGene00013401,11,36,47
WBGene00013402,4,15,19
WBGene00013403,3,26,29
WBGene00013404,1,57,58
WBGene00013405,12,72,84
WBGene00013406,585,3173,3758
WBGene00013407,16,133,149
WBGene00013408,0,2,2
WBGene00013409,0,37,37
WBGene00013411,3,1,4
WBGene00013412,0,2,2
WBGene00013415,59,310,369
WBGene00013416,35,99,134
WBGene00013417,12,20,32
WBGene00013418,118,432,550
WBGene00013419,2,6,8
WBGene00013421,0,4,4
WBGene00013422,64,246,310
WBGene00013424,3,3,6
WBGene00013425,20,47,67
WBGene00013426,11,162,173
WBGene00013427,1,10,11
WBGene00013429,0,2,2
WBGene00013431,41,61,102
WBGene00013432,6,27,33
WBGene00013433,2,90,92
WBGene00013434,40,217,257
WBGene00013435,73,796,869
WBGene00013436,74,441,515
WBGene00013437,0,8,8
WBGene00013438,0,158,158
WBGene00013439,1,6,7
WBGene00013440,2,11,13
WBGene00013441,60,269,329
WBGene00013442,5,36,41
WBGene00013443,35,63,98
WBGene00013445,6,36,42
WBGene00013446,143,275,418
WBGene00013447,64,278,342
WBGene00013448,68,243,311
WBGene00013449,1,1,2
WBGene00013450,1,1,2
WBGene00013451,1,6,7
WBGene00013452,1,1,2
WBGene00013453,27,274,301
WBGene00013454,2,3,5
WBGene00013455,68,203,271
WBGene00013456,18,114,132
WBGene00013457,8,34,42
WBGene00013458,28,261,289
WBGene00013459,539,1436,1975
WBGene00013460,126,269,395
WBGene00013461,96,382,478
WBGene00013462,87,563,650
WBGene00013463,0,3980,3980
WBGene00013464,24,130,154
WBGene00013465,22,172,194
WBGene00013466,0,1,1
WBGene00013468,0,0,0
WBGene00013469,1,0,1
WBGene00013470,0,0,0
WBGene00013471,0,0,0
WBGene00013472,0,0,0
WBGene00013473,0,0,0
WBGene00013474,0,2,2
WBGene00013475,0,0,0
WBGene00013476,0,0,0
WBGene00013477,95,1607,1702
WBGene00013478,1,1,2
WBGene00013479,34,110,144
WBGene00013480,21,1,22
WBGene00013481,483,2452,2935
WBGene00013482,29,193,222
WBGene00013483,0,1,1
WBGene00013484,3,6,9
WBGene00013485,66,95,161
WBGene00013486,9,9,18
WBGene00013487,2,5,7
WBGene00013489,16,3263,3279
WBGene00013490,2,10,12
WBGene00013491,0,0,0
WBGene00013492,0,0,0
WBGene00013493,0,7,7
WBGene00013494,0,5,5
WBGene00013496,9,55,64
WBGene00013497,13,67,80
WBGene00013498,0,0,0
WBGene00013499,31,187,218
WBGene00013500,0,0,0
WBGene00013501,0,6,6
WBGene00013502,4,1,5
WBGene00013503,5,0,5
WBGene00013505,6,3,9
WBGene00013506,27,94,121
WBGene00013507,6,19,25
WBGene00013508,0,1,1
WBGene00013509,3,41,44
WBGene00013511,1,5,6
WBGene00013512,7,15,22
WBGene00013513,1,1,2
WBGene00013514,881,3621,4502
WBGene00013515,241,1026,1267
WBGene00013516,50,202,252
WBGene00013517,15,11,26
WBGene00013518,47,162,209
WBGene00013519,0,0,0
WBGene00013520,5,4,9
WBGene00013521,0,1,1
WBGene00013522,100,129,229
WBGene00013523,0,0,0
WBGene00013524,0,0,0
WBGene00013525,2,4,6
WBGene00013526,0,0,0
WBGene00013527,2,0,2
WBGene00013528,1,0,1
WBGene00013529,76,253,329
WBGene00013530,79,384,463
WBGene00013531,122,524,646
WBGene00013532,7,469,476
WBGene00013534,16,22,38
WBGene00013536,27,15,42
WBGene00013538,86,221,307
WBGene00013539,4,11,15
WBGene00013540,29,80,109
WBGene00013541,5,27,32
WBGene00013542,16,141,157
WBGene00013543,36,47,83
WBGene00013544,139,548,687
WBGene00013545,84,399,483
WBGene00013547,1,19,20
WBGene00013548,104,141,245
WBGene00013549,49,135,184
WBGene00013550,16,518,534
WBGene00013551,11,59,70
WBGene00013552,1,35,36
WBGene00013553,100,334,434
WBGene00013554,20,62,82
WBGene00013555,4,9,13
WBGene00013556,73,363,436
WBGene00013557,177,428,605
WBGene00013558,39,306,345
WBGene00013559,13,28,41
WBGene00013560,27,81,108
WBGene00013561,76,254,330
WBGene00013562,2,6,8
WBGene00013563,15,20,35
WBGene00013564,4,3,7
WBGene00013565,0,0,0
WBGene00013566,0,0,0
WBGene00013567,7,30,37
WBGene00013568,53,204,257
WBGene00013569,1,87,88
WBGene00013570,0,0,0
WBGene00013572,0,0,0
WBGene00013573,31,11,42
WBGene00013574,13,8,21
WBGene00013575,21,255,276
WBGene00013576,3,75,78
WBGene00013577,921,4048,4969
WBGene00013578,4,37,41
WBGene00013579,4,0,4
WBGene00013580,304,385,689
WBGene00013581,0,0,0
WBGene00013583,0,0,0
WBGene00013584,13,45,58
WBGene00013585,7,68,75
WBGene00013586,0,0,0
WBGene00013587,16,33,49
WBGene00013588,307,1473,1780
WBGene00013590,0,0,0
WBGene00013591,16,279,295
WBGene00013592,12,10,22
WBGene00013593,45,227,272
WBGene00013594,54,43,97
WBGene00013595,48,233,281
WBGene00013596,9,143,152
WBGene00013597,205,1546,1751
WBGene00013598,41,459,500
WBGene00013599,91,126,217
WBGene00013601,34,258,292
WBGene00013602,8,117,125
WBGene00013603,27,433,460
WBGene00013604,30,262,292
WBGene00013605,69,406,475
WBGene00013606,59,430,489
WBGene00013607,0,0,0
WBGene00013608,0,0,0
WBGene00013609,1,0,1
WBGene00013610,4,51,55
WBGene00013611,1,24,25
WBGene00013613,0,3,3
WBGene00013616,0,0,0
WBGene00013619,0,1,1
WBGene00013620,1,1,2
WBGene00013621,0,0,0
WBGene00013622,0,1,1
WBGene00013623,17,87,104
WBGene00013626,0,0,0
WBGene00013628,0,0,0
WBGene00013629,0,0,0
WBGene00013631,0,1,1
WBGene00013632,5,79,84
WBGene00013633,17,63,80
WBGene00013634,8,6,14
WBGene00013635,0,0,0
WBGene00013636,0,23,23
WBGene00013637,1,1,2
WBGene00013639,513,178,691
WBGene00013642,41,191,232
WBGene00013643,2,14,16
WBGene00013645,0,1,1
WBGene00013646,3,4,7
WBGene00013647,106,736,842
WBGene00013649,4,2,6
WBGene00013650,6,55,61
WBGene00013651,7,3,10
WBGene00013653,2,2,4
WBGene00013654,0,7,7
WBGene00013655,2,0,2
WBGene00013656,0,2,2
WBGene00013657,0,0,0
WBGene00013658,10,57,67
WBGene00013659,0,4,4
WBGene00013662,5,31,36
WBGene00013665,12,26,38
WBGene00013666,31,73,104
WBGene00013667,48,277,325
WBGene00013668,48,328,376
WBGene00013669,16,66,82
WBGene00013670,121,386,507
WBGene00013671,56,440,496
WBGene00013672,17,42,59
WBGene00013673,39,107,146
WBGene00013674,20,162,182
WBGene00013676,55,359,414
WBGene00013677,154,648,802
WBGene00013678,156,439,595
WBGene00013679,47,253,300
WBGene00013680,124,308,432
WBGene00013682,410,407,817
WBGene00013683,66,707,773
WBGene00013684,3,0,3
WBGene00013685,12,25,37
WBGene00013687,50,278,328
WBGene00013688,141,841,982
WBGene00013689,9,306,315
WBGene00013690,12,263,275
WBGene00013691,16,161,177
WBGene00013692,73,292,365
WBGene00013693,26,33,59
WBGene00013694,19,171,190
WBGene00013695,61,317,378
WBGene00013696,0,3,3
WBGene00013697,4,127,131
WBGene00013698,9,185,194
WBGene00013699,1,2,3
WBGene00013700,5,11,16
WBGene00013701,0,13,13
WBGene00013702,80,106,186
WBGene00013703,52,229,281
WBGene00013704,28,95,123
WBGene00013705,0,0,0
WBGene00013708,4,89,93
WBGene00013709,30,701,731
WBGene00013710,0,4,4
WBGene00013711,21,86,107
WBGene00013712,0,0,0
WBGene00013713,1,20,21
WBGene00013715,1,16,17
WBGene00013716,5,19,24
WBGene00013717,5,56,61
WBGene00013718,15,362,377
WBGene00013719,9,140,149
WBGene00013720,0,175,175
WBGene00013721,0,6,6
WBGene00013723,0,16,16
WBGene00013724,32,102,134
WBGene00013725,26,190,216
WBGene00013726,39,148,187
WBGene00013727,5,35,40
WBGene00013728,30,232,262
WBGene00013729,1,78,79
WBGene00013730,269,471,740
WBGene00013732,520,246,766
WBGene00013734,186,646,832
WBGene00013735,379,721,1100
WBGene00013736,15,530,545
WBGene00013737,100,293,393
WBGene00013738,52,384,436
WBGene00013739,30,19,49
WBGene00013740,5,432,437
WBGene00013741,4,5,9
WBGene00013742,18,18,36
WBGene00013744,1,1,2
WBGene00013746,64,125,189
WBGene00013747,2,0,2
WBGene00013748,10,251,261
WBGene00013749,3,21,24
WBGene00013750,0,1,1
WBGene00013751,8,75,83
WBGene00013752,16,164,180
WBGene00013753,8,132,140
WBGene00013754,0,0,0
WBGene00013755,1,6,7
WBGene00013756,7,51,58
WBGene00013757,2,4,6
WBGene00013758,5,55,60
WBGene00013759,0,0,0
WBGene00013760,0,0,0
WBGene00013761,1,34,35
WBGene00013762,0,2,2
WBGene00013764,4,8,12
WBGene00013765,39,479,518
WBGene00013766,65,5496,5561
WBGene00013768,44,117,161
WBGene00013771,0,0,0
WBGene00013773,0,0,0
WBGene00013774,23,25,48
WBGene00013775,0,6,6
WBGene00013776,0,17,17
WBGene00013777,0,0,0
WBGene00013778,4,6,10
WBGene00013779,2,9,11
WBGene00013781,46,100,146
WBGene00013782,26,57,83
WBGene00013784,777,1979,2756
WBGene00013785,0,1,1
WBGene00013786,0,0,0
WBGene00013789,22,101,123
WBGene00013790,33,196,229
WBGene00013791,0,0,0
WBGene00013792,42,57,99
WBGene00013794,0,0,0
WBGene00013795,0,0,0
WBGene00013796,0,0,0
WBGene00013797,0,0,0
WBGene00013798,0,0,0
WBGene00013799,2,0,2
WBGene00013800,0,0,0
WBGene00013801,1,4,5
WBGene00013802,43,52,95
WBGene00013803,121,342,463
WBGene00013804,115,820,935
WBGene00013805,274,1231,1505
WBGene00013806,15,80,95
WBGene00013807,162,249,411
WBGene00013808,84,461,545
WBGene00013809,4,2,6
WBGene00013810,0,0,0
WBGene00013811,1,2,3
WBGene00013812,7,49,56
WBGene00013814,10,6,16
WBGene00013815,0,1,1
WBGene00013816,0,2,2
WBGene00013817,2,7,9
WBGene00013819,47,292,339
WBGene00013820,4,8,12
WBGene00013822,0,0,0
WBGene00013823,5,1,6
WBGene00013824,0,1,1
WBGene00013825,15,17,32
WBGene00013827,0,0,0
WBGene00013828,1,0,1
WBGene00013829,0,6,6
WBGene00013830,1,5,6
WBGene00013831,4,0,4
WBGene00013832,0,4,4
WBGene00013833,2,21,23
WBGene00013834,6,4,10
WBGene00013835,8,37,45
WBGene00013836,1,14,15
WBGene00013837,1,5,6
WBGene00013838,2,5,7
WBGene00013839,0,3,3
WBGene00013840,1,0,1
WBGene00013844,1,5,6
WBGene00013845,16,86,102
WBGene00013846,1,1,2
WBGene00013847,87,300,387
WBGene00013848,44,100,144
WBGene00013849,7,11,18
WBGene00013850,11,24,35
WBGene00013852,31,85,116
WBGene00013853,2,1392,1394
WBGene00013854,0,1,1
WBGene00013855,11,43,54
WBGene00013856,0,5,5
WBGene00013857,49,99,148
WBGene00013858,0,3,3
WBGene00013859,281,2228,2509
WBGene00013860,68,610,678
WBGene00013862,2,69,71
WBGene00013863,0,4,4
WBGene00013865,0,2,2
WBGene00013866,123,680,803
WBGene00013867,30,62,92
WBGene00013868,0,0,0
WBGene00013869,79,334,413
WBGene00013870,9,66,75
WBGene00013871,0,1,1
WBGene00013872,72,190,262
WBGene00013873,4,1,5
WBGene00013874,5,8,13
WBGene00013875,1,6,7
WBGene00013876,6,50,56
WBGene00013877,31,190,221
WBGene00013878,82,615,697
WBGene00013879,5,9,14
WBGene00013880,12,491,503
WBGene00013881,24,118,142
WBGene00013882,177,1914,2091
WBGene00013883,10,17,27
WBGene00013884,2543,5346,7889
WBGene00013886,4,2,6
WBGene00013887,0,1,1
WBGene00013888,0,0,0
WBGene00013889,0,0,0
WBGene00013890,0,0,0
WBGene00013891,0,5,5
WBGene00013892,100,475,575
WBGene00013893,9,319,328
WBGene00013894,66,170,236
WBGene00013895,12,106,118
WBGene00013896,21,93,114
WBGene00013897,7,127,134
WBGene00013898,45,402,447
WBGene00013899,5,166,171
WBGene00013900,0,8,8
WBGene00013901,1,37,38
WBGene00013902,13,43,56
WBGene00013903,0,0,0
WBGene00013904,0,0,0
WBGene00013905,0,6,6
WBGene00013906,2,13,15
WBGene00013907,2,8,10
WBGene00013908,1,4,5
WBGene00013909,0,0,0
WBGene00013910,0,0,0
WBGene00013911,0,4,4
WBGene00013912,1,1,2
WBGene00013913,3,0,3
WBGene00013914,13,19,32
WBGene00013915,1,0,1
WBGene00013916,0,0,0
WBGene00013917,11,101,112
WBGene00013919,77,376,453
WBGene00013920,22,617,639
WBGene00013921,36,184,220
WBGene00013922,0,0,0
WBGene00013923,4,42,46
WBGene00013924,31,1213,1244
WBGene00013925,30,327,357
WBGene00013926,0,55,55
WBGene00013927,1,0,1
WBGene00013928,1,0,1
WBGene00013929,0,1,1
WBGene00013930,0,0,0
WBGene00013931,1,1,2
WBGene00013932,0,0,0
WBGene00013933,1,3,4
WBGene00013934,127,537,664
WBGene00013935,0,0,0
WBGene00013937,0,0,0
WBGene00013938,20,141,161
WBGene00013939,0,7,7
WBGene00013940,0,0,0
WBGene00013941,0,0,0
WBGene00013942,1,2,3
WBGene00013943,0,0,0
WBGene00013944,0,0,0
WBGene00013946,82,96,178
WBGene00013947,31,79,110
WBGene00013949,19,64,83
WBGene00013950,26,78,104
WBGene00013951,0,0,0
WBGene00013953,1,0,1
WBGene00013954,0,1,1
WBGene00013955,22,13,35
WBGene00013956,0,0,0
WBGene00013957,28,46,74
WBGene00013958,85,965,1050
WBGene00013959,33,224,257
WBGene00013960,3,6,9
WBGene00013961,0,5,5
WBGene00013962,41,321,362
WBGene00013963,1,42,43
WBGene00013964,5,101,106
WBGene00013965,3,7,10
WBGene00013966,3,141,144
WBGene00013967,21,131,152
WBGene00013968,0,5,5
WBGene00013969,95,659,754
WBGene00013970,34,159,193
WBGene00013971,0,0,0
WBGene00013972,0,0,0
WBGene00013973,0,0,0
WBGene00013974,6,10,16
WBGene00013975,5,16,21
WBGene00013976,2,6,8
WBGene00013978,1,0,1
WBGene00013979,0,1,1
WBGene00013980,26,69,95
WBGene00013982,7,46,53
WBGene00013983,22,669,691
WBGene00013984,379,1086,1465
WBGene00013985,20,326,346
WBGene00013986,0,0,0
WBGene00013987,0,1,1
WBGene00013988,1,2,3
WBGene00013989,22,133,155
WBGene00013994,26,175,201
WBGene00013996,1,18,19
WBGene00013997,100,843,943
WBGene00013998,8,131,139
WBGene00013999,1,4,5
WBGene00014000,1,63,64
WBGene00014001,64,521,585
WBGene00014002,19,38,57
WBGene00014003,1,929,930
WBGene00014004,50,306,356
WBGene00014006,1,479,480
WBGene00014007,0,4,4
WBGene00014008,8,79,87
WBGene00014009,0,4,4
WBGene00014011,10,274,284
WBGene00014012,22,587,609
WBGene00014013,35,582,617
WBGene00014014,20,92,112
WBGene00014015,22,362,384
WBGene00014016,577,4902,5479
WBGene00014017,70,631,701
WBGene00014018,61,288,349
WBGene00014019,54,257,311
WBGene00014020,14,256,270
WBGene00014021,98,237,335
WBGene00014022,173,1385,1558
WBGene00014023,54,311,365
WBGene00014024,27,120,147
WBGene00014025,59,650,709
WBGene00014027,11,57,68
WBGene00014028,24,88,112
WBGene00014029,20,13,33
WBGene00014030,14,2028,2042
WBGene00014031,12,450,462
WBGene00014032,0,0,0
WBGene00014033,52,199,251
WBGene00014034,0,78,78
WBGene00014035,28,220,248
WBGene00014036,276,642,918
WBGene00014037,680,1,681
WBGene00014038,1,0,1
WBGene00014039,6,14,20
WBGene00014040,0,0,0
WBGene00014041,0,0,0
WBGene00014042,0,0,0
WBGene00014043,0,0,0
WBGene00014044,0,0,0
WBGene00014045,0,0,0
WBGene00014046,0,0,0
WBGene00014047,0,2,2
WBGene00014048,0,1,1
WBGene00014049,0,0,0
WBGene00014050,0,49,49
WBGene00014051,88,401,489
WBGene00014052,0,17,17
WBGene00014053,6,11,17
WBGene00014054,73,2165,2238
WBGene00014055,66,514,580
WBGene00014057,10,61,71
WBGene00014058,44,862,906
WBGene00014060,10,43,53
WBGene00014061,0,0,0
WBGene00014062,0,17,17
WBGene00014063,0,13,13
WBGene00014064,0,0,0
WBGene00014065,3,13,16
WBGene00014066,13,146,159
WBGene00014067,1,38,39
WBGene00014068,1,0,1
WBGene00014069,4,2,6
WBGene00014070,11,1,12
WBGene00014073,2,12,14
WBGene00014074,16,145,161
WBGene00014075,36,390,426
WBGene00014076,53,156,209
WBGene00014077,14,64,78
WBGene00014078,168,975,1143
WBGene00014079,15,98,113
WBGene00014080,17,93,110
WBGene00014081,17,121,138
WBGene00014082,1,2,3
WBGene00014083,130,813,943
WBGene00014084,0,0,0
WBGene00014085,0,14,14
WBGene00014086,1003,3545,4548
WBGene00014087,24,233,257
WBGene00014088,186,9611,9797
WBGene00014089,6,4,10
WBGene00014090,22,431,453
WBGene00014091,1032,8104,9136
WBGene00014092,370,1776,2146
WBGene00014093,11,43,54
WBGene00014094,6,11,17
WBGene00014095,63,14490,14553
WBGene00014096,11,964,975
WBGene00014097,0,12,12
WBGene00014098,50,885,935
WBGene00014099,10,124,134
WBGene00014100,2,11,13
WBGene00014101,60,170,230
WBGene00014102,0,0,0
WBGene00014103,16,16,32
WBGene00014104,0,0,0
WBGene00014105,4,7,11
WBGene00014106,34,89,123
WBGene00014107,5,79,84
WBGene00014108,355,4715,5070
WBGene00014109,23,870,893
WBGene00014111,9,214,223
WBGene00014112,66,354,420
WBGene00014113,4,45,49
WBGene00014114,22,155,177
WBGene00014115,61,232,293
WBGene00014116,1,35,36
WBGene00014117,1,11,12
WBGene00014118,33,133,166
WBGene00014119,175,314,489
WBGene00014120,0,156,156
WBGene00014121,9,10,19
WBGene00014122,18,43,61
WBGene00014123,15,375,390
WBGene00014124,5,197,202
WBGene00014125,8,396,404
WBGene00014127,0,2,2
WBGene00014128,0,0,0
WBGene00014129,0,7,7
WBGene00014130,0,2,2
WBGene00014131,0,5,5
WBGene00014132,3,0,3
WBGene00014135,1,2,3
WBGene00014136,20,26,46
WBGene00014137,1,45,46
WBGene00014138,8,19,27
WBGene00014139,49,128,177
WBGene00014140,135,172,307
WBGene00014141,5,39,44
WBGene00014142,0,7,7
WBGene00014143,0,0,0
WBGene00014144,0,0,0
WBGene00014145,5,13,18
WBGene00014148,84,816,900
WBGene00014149,0,3,3
WBGene00014150,22,78,100
WBGene00014151,39,199,238
WBGene00014152,3,7,10
WBGene00014153,91,261,352
WBGene00014154,0,8,8
WBGene00014155,2,6,8
WBGene00014156,30,161,191
WBGene00014157,0,0,0
WBGene00014158,1,1,2
WBGene00014159,7,129,136
WBGene00014160,0,2,2
WBGene00014161,5,11,16
WBGene00014162,4,1,5
WBGene00014163,0,31,31
WBGene00014164,8,53,61
WBGene00014165,162,2058,2220
WBGene00014166,3,18,21
WBGene00014168,0,0,0
WBGene00014169,0,7,7
WBGene00014170,0,0,0
WBGene00014171,409,1184,1593
WBGene00014172,50,207,257
WBGene00014173,1,1,2
WBGene00014174,0,0,0
WBGene00014175,109,298,407
WBGene00014176,29,243,272
WBGene00014177,51,356,407
WBGene00014178,2,12,14
WBGene00014179,0,0,0
WBGene00014181,1,11,12
WBGene00014182,0,0,0
WBGene00014183,27,93,120
WBGene00014184,1,6,7
WBGene00014186,0,0,0
WBGene00014188,0,0,0
WBGene00014189,0,31,31
WBGene00014190,0,0,0
WBGene00014191,0,1,1
WBGene00014192,0,0,0
WBGene00014193,0,0,0
WBGene00014194,0,0,0
WBGene00014195,3,11,14
WBGene00014196,1,3,4
WBGene00014197,1,0,1
WBGene00014198,0,22,22
WBGene00014199,0,1,1
WBGene00014200,0,14,14
WBGene00014201,0,0,0
WBGene00014202,84,1449,1533
WBGene00014203,5,45,50
WBGene00014204,28,1481,1509
WBGene00014205,7,133,140
WBGene00014206,7,84,91
WBGene00014207,104,1768,1872
WBGene00014208,16,192,208
WBGene00014209,41,223,264
WBGene00014210,9,41,50
WBGene00014213,50,1126,1176
WBGene00014214,248,514,762
WBGene00014215,67,229,296
WBGene00014216,2,1,3
WBGene00014217,0,0,0
WBGene00014218,69,687,756
WBGene00014219,21,224,245
WBGene00014220,16,84,100
WBGene00014221,33,526,559
WBGene00014222,44,205,249
WBGene00014223,33,38,71
WBGene00014224,120,1041,1161
WBGene00014225,3,14,17
WBGene00014226,7,174,181
WBGene00014227,73,209,282
WBGene00014228,3,100,103
WBGene00014229,0,0,0
WBGene00014230,5,134,139
WBGene00014232,81,588,669
WBGene00014233,25,179,204
WBGene00014234,2,242,244
WBGene00014235,2,10,12
WBGene00014236,3,2,5
WBGene00014238,0,0,0
WBGene00014239,0,0,0
WBGene00014240,1,0,1
WBGene00014241,0,1,1
WBGene00014242,0,0,0
WBGene00014243,51,412,463
WBGene00014244,10,170,180
WBGene00014245,1,4,5
WBGene00014246,0,0,0
WBGene00014247,0,1,1
WBGene00014248,39,170,209
WBGene00014249,31,875,906
WBGene00014250,5,143,148
WBGene00014251,64,257,321
WBGene00014252,25,61,86
WBGene00014253,9,34,43
WBGene00014254,6,74,80
WBGene00014255,1,24,25
WBGene00014256,2,67,69
WBGene00014258,110,1224,1334
WBGene00014259,91,518,609
WBGene00014260,14,18,32
WBGene00014261,154,479,633
WBGene00014262,1181,3241,4422
WBGene00014300,22,80,102
WBGene00014569,80,258,338
WBGene00014666,7,25,32
WBGene00014668,1,0,1
WBGene00014669,0,35,35
WBGene00014679,0,0,0
WBGene00014697,18,285,303
WBGene00014698,18,39,57
WBGene00014699,0,0,0
WBGene00014700,0,1,1
WBGene00014761,17,20,37
WBGene00014793,65,594,659
WBGene00014801,33,117,150
WBGene00014807,3,0,3
WBGene00014813,1,2,3
WBGene00014826,721,3519,4240
WBGene00014848,34,370,404
WBGene00014864,1,4,5
WBGene00014871,2,85,87
WBGene00014914,2,3,5
WBGene00014924,3,2,5
WBGene00014926,0,4,4
WBGene00014938,117,849,966
WBGene00014953,1,1,2
WBGene00014965,20,134,154
WBGene00014989,120,599,719
WBGene00014997,0,2,2
WBGene00014998,0,18,18
WBGene00014999,8,92,100
WBGene00015000,5,16,21
WBGene00015001,24,170,194
WBGene00015002,0,25,25
WBGene00015003,2,6,8
WBGene00015004,1,6,7
WBGene00015005,7,42,49
WBGene00015006,4,9,13
WBGene00015007,116,1131,1247
WBGene00015008,11,102,113
WBGene00015009,8,188,196
WBGene00015010,50,185,235
WBGene00015011,12,431,443
WBGene00015012,0,7,7
WBGene00015014,2,36,38
WBGene00015015,1,6,7
WBGene00015017,30,132,162
WBGene00015018,0,1,1
WBGene00015019,6,27,33
WBGene00015020,2,1,3
WBGene00015021,137,685,822
WBGene00015022,235,565,800
WBGene00015023,9,84,93
WBGene00015024,0,0,0
WBGene00015025,227,1023,1250
WBGene00015026,0,0,0
WBGene00015027,17,40,57
WBGene00015028,4,17,21
WBGene00015029,8,159,167
WBGene00015030,0,2,2
WBGene00015031,0,0,0
WBGene00015032,0,1,1
WBGene00015033,25,42,67
WBGene00015034,1,0,1
WBGene00015035,6,35,41
WBGene00015036,2,8,10
WBGene00015037,10,30,40
WBGene00015038,7,44,51
WBGene00015040,2,4,6
WBGene00015041,9,7,16
WBGene00015042,0,6,6
WBGene00015043,15,82,97
WBGene00015044,5,63,68
WBGene00015045,2,5,7
WBGene00015046,15,75,90
WBGene00015047,68,434,502
WBGene00015048,4,178,182
WBGene00015049,0,18,18
WBGene00015050,2,13,15
WBGene00015051,0,0,0
WBGene00015052,8,26,34
WBGene00015053,1,102,103
WBGene00015054,2,0,2
WBGene00015055,14,38,52
WBGene00015056,13,59,72
WBGene00015057,4,59,63
WBGene00015058,0,42,42
WBGene00015059,3,483,486
WBGene00015061,788,5735,6523
WBGene00015062,6,43,49
WBGene00015063,4,138,142
WBGene00015064,112,381,493
WBGene00015065,0,0,0
WBGene00015066,1,9,10
WBGene00015067,26,122,148
WBGene00015068,0,0,0
WBGene00015069,1,0,1
WBGene00015070,0,0,0
WBGene00015071,1,0,1
WBGene00015072,6,10,16
WBGene00015073,1,19,20
WBGene00015074,22,1088,1110
WBGene00015075,85,893,978
WBGene00015076,2,222,224
WBGene00015079,87,15,102
WBGene00015080,1,1,2
WBGene00015081,0,1,1
WBGene00015082,0,3,3
WBGene00015083,0,12,12
WBGene00015084,0,0,0
WBGene00015085,3,4,7
WBGene00015086,0,22,22
WBGene00015087,0,2,2
WBGene00015088,19,193,212
WBGene00015089,4,3,7
WBGene00015091,38,383,421
WBGene00015092,81,1227,1308
WBGene00015093,0,0,0
WBGene00015094,2,1,3
WBGene00015095,25,105,130
WBGene00015096,109,475,584
WBGene00015097,4,10,14
WBGene00015098,0,37,37
WBGene00015099,85,411,496
WBGene00015100,0,1,1
WBGene00015101,10,318,328
WBGene00015102,0,17,17
WBGene00015103,1,3,4
WBGene00015104,5,438,443
WBGene00015105,72,124,196
WBGene00015106,1,7,8
WBGene00015107,5,9,14
WBGene00015108,0,0,0
WBGene00015110,0,6,6
WBGene00015111,0,0,0
WBGene00015112,0,5,5
WBGene00015113,1,1,2
WBGene00015114,1,0,1
WBGene00015115,218,507,725
WBGene00015116,23,115,138
WBGene00015117,11,413,424
WBGene00015118,0,0,0
WBGene00015119,0,2,2
WBGene00015121,0,0,0
WBGene00015122,2,99,101
WBGene00015124,215,658,873
WBGene00015125,40,1266,1306
WBGene00015126,81,367,448
WBGene00015128,25,305,330
WBGene00015129,0,1,1
WBGene00015130,12,161,173
WBGene00015131,15,74,89
WBGene00015132,7,49,56
WBGene00015133,56,1672,1728
WBGene00015134,10,62,72
WBGene00015135,21,57,78
WBGene00015136,1,15,16
WBGene00015137,93,1684,1777
WBGene00015138,8,77,85
WBGene00015139,47,25,72
WBGene00015141,41,208,249
WBGene00015142,1,2,3
WBGene00015143,13,405,418
WBGene00015145,29,263,292
WBGene00015146,22,218,240
WBGene00015147,3,144,147
WBGene00015148,158,1695,1853
WBGene00015149,4,9,13
WBGene00015150,4,55,59
WBGene00015151,6,5,11
WBGene00015152,22,65,87
WBGene00015153,0,0,0
WBGene00015155,45,8,53
WBGene00015156,223,446,669
WBGene00015157,16,319,335
WBGene00015158,30,137,167
WBGene00015159,63,391,454
WBGene00015160,12,434,446
WBGene00015161,8,111,119
WBGene00015162,105,352,457
WBGene00015163,8,623,631
WBGene00015164,28,395,423
WBGene00015165,0,2,2
WBGene00015167,0,17,17
WBGene00015168,58,4869,4927
WBGene00015169,2,7,9
WBGene00015170,0,0,0
WBGene00015171,5,105,110
WBGene00015172,6,232,238
WBGene00015173,166,273,439
WBGene00015175,0,0,0
WBGene00015176,68,377,445
WBGene00015177,123,578,701
WBGene00015178,1,0,1
WBGene00015179,7,41,48
WBGene00015180,0,4,4
WBGene00015181,9,769,778
WBGene00015182,8,12,20
WBGene00015183,2,0,2
WBGene00015184,47,272,319
WBGene00015185,203,898,1101
WBGene00015186,175,534,709
WBGene00015188,11,41,52
WBGene00015189,50,23,73
WBGene00015190,0,30,30
WBGene00015191,26,63,89
WBGene00015192,1,1,2
WBGene00015193,0,0,0
WBGene00015194,30,62,92
WBGene00015196,8,35,43
WBGene00015197,5,67,72
WBGene00015198,2,0,2
WBGene00015199,0,1,1
WBGene00015200,20,68,88
WBGene00015202,57,398,455
WBGene00015203,66,490,556
WBGene00015204,12,208,220
WBGene00015205,184,821,1005
WBGene00015206,40,569,609
WBGene00015207,101,261,362
WBGene00015208,131,907,1038
WBGene00015210,8,73,81
WBGene00015211,5,23,28
WBGene00015214,1,6,7
WBGene00015215,1,7,8
WBGene00015216,23,85,108
WBGene00015217,12,138,150
WBGene00015218,1,35,36
WBGene00015219,61,336,397
WBGene00015220,2,17,19
WBGene00015221,0,0,0
WBGene00015222,0,0,0
WBGene00015223,2,0,2
WBGene00015224,1,1,2
WBGene00015225,3,7,10
WBGene00015226,0,2,2
WBGene00015227,0,5,5
WBGene00015228,20,160,180
WBGene00015229,0,0,0
WBGene00015230,0,3,3
WBGene00015231,5,22,27
WBGene00015232,395,1849,2244
WBGene00015233,1,188,189
WBGene00015235,0,121,121
WBGene00015236,9,12,21
WBGene00015237,66,356,422
WBGene00015238,12,100,112
WBGene00015241,2,0,2
WBGene00015242,2,0,2
WBGene00015243,0,0,0
WBGene00015244,4,2,6
WBGene00015245,47,90,137
WBGene00015246,1,2,3
WBGene00015247,110,10,120
WBGene00015248,3059,9476,12535
WBGene00015249,65,229,294
WBGene00015250,62,90,152
WBGene00015251,15,442,457
WBGene00015252,2,1,3
WBGene00015253,0,0,0
WBGene00015254,0,0,0
WBGene00015255,0,0,0
WBGene00015257,1,0,1
WBGene00015258,0,0,0
WBGene00015259,0,1,1
WBGene00015260,0,2,2
WBGene00015261,0,9,9
WBGene00015262,16,17,33
WBGene00015263,21,136,157
WBGene00015264,13,30,43
WBGene00015265,1,5,6
WBGene00015266,24,195,219
WBGene00015267,14,199,213
WBGene00015268,116,88,204
WBGene00015270,0,0,0
WBGene00015271,0,0,0
WBGene00015272,0,0,0
WBGene00015273,17,0,17
WBGene00015275,1,1,2
WBGene00015276,40,25,65
WBGene00015277,0,0,0
WBGene00015278,27,99,126
WBGene00015279,0,2,2
WBGene00015280,4,13,17
WBGene00015281,52,218,270
WBGene00015282,108,617,725
WBGene00015283,30,247,277
WBGene00015284,0,8,8
WBGene00015285,38,380,418
WBGene00015286,4,21,25
WBGene00015287,0,25,25
WBGene00015288,0,0,0
WBGene00015291,18,74,92
WBGene00015292,4,3,7
WBGene00015293,103,554,657
WBGene00015294,10,106,116
WBGene00015295,18,182,200
WBGene00015296,63,455,518
WBGene00015297,90,633,723
WBGene00015298,9,583,592
WBGene00015299,5,31,36
WBGene00015300,1,45,46
WBGene00015301,147,179,326
WBGene00015303,50,163,213
WBGene00015305,1,1,2
WBGene00015306,3,2,5
WBGene00015307,10,61,71
WBGene00015308,25,235,260
WBGene00015309,7,23,30
WBGene00015310,10,102,112
WBGene00015311,1,15,16
WBGene00015312,1,19,20
WBGene00015313,5,127,132
WBGene00015315,1,0,1
WBGene00015316,2,0,2
WBGene00015317,0,0,0
WBGene00015318,1,0,1
WBGene00015320,1,11,12
WBGene00015321,0,1,1
WBGene00015322,7,253,260
WBGene00015323,3,24,27
WBGene00015324,3,55,58
WBGene00015325,0,0,0
WBGene00015326,25,1439,1464
WBGene00015327,10,114,124
WBGene00015328,95,432,527
WBGene00015329,41,810,851
WBGene00015330,19,365,384
WBGene00015331,0,0,0
WBGene00015332,6,179,185
WBGene00015333,1,6,7
WBGene00015334,27,93,120
WBGene00015335,4,19,23
WBGene00015336,15,374,389
WBGene00015337,0,0,0
WBGene00015338,0,0,0
WBGene00015339,4,47,51
WBGene00015340,0,5,5
WBGene00015341,0,0,0
WBGene00015342,0,0,0
WBGene00015344,64,855,919
WBGene00015345,1,1,2
WBGene00015346,38,734,772
WBGene00015347,40,151,191
WBGene00015348,2,6,8
WBGene00015349,38,116,154
WBGene00015350,15,591,606
WBGene00015351,3,12,15
WBGene00015352,30,346,376
WBGene00015353,6,44,50
WBGene00015354,173,2836,3009
WBGene00015355,11,35,46
WBGene00015356,274,1835,2109
WBGene00015357,8,43,51
WBGene00015358,5,2,7
WBGene00015359,3,32,35
WBGene00015360,1,0,1
WBGene00015361,5,8,13
WBGene00015362,15,83,98
WBGene00015364,8,13,21
WBGene00015366,2,0,2
WBGene00015367,0,0,0
WBGene00015368,0,0,0
WBGene00015369,0,0,0
WBGene00015370,0,0,0
WBGene00015371,0,0,0
WBGene00015372,0,0,0
WBGene00015373,5,8,13
WBGene00015374,1,2,3
WBGene00015375,0,5,5
WBGene00015376,0,5,5
WBGene00015377,0,16,16
WBGene00015378,6,24,30
WBGene00015379,0,1,1
WBGene00015380,0,3,3
WBGene00015381,2,7,9
WBGene00015382,2,10,12
WBGene00015385,0,0,0
WBGene00015386,43,7,50
WBGene00015387,10,19,29
WBGene00015388,2,0,2
WBGene00015389,11,18,29
WBGene00015390,16,68,84
WBGene00015391,64,2424,2488
WBGene00015392,0,165,165
WBGene00015393,356,1495,1851
WBGene00015394,0,0,0
WBGene00015395,3,15,18
WBGene00015396,0,25,25
WBGene00015397,2,5,7
WBGene00015398,1,146,147
WBGene00015399,0,0,0
WBGene00015400,11,42,53
WBGene00015401,1,4,5
WBGene00015402,41,246,287
WBGene00015403,0,13,13
WBGene00015404,53,455,508
WBGene00015405,74,554,628
WBGene00015406,0,2,2
WBGene00015407,8,385,393
WBGene00015408,1,132,133
WBGene00015409,1,4,5
WBGene00015410,43,149,192
WBGene00015411,0,1,1
WBGene00015412,5,5,10
WBGene00015413,117,2224,2341
WBGene00015414,0,4,4
WBGene00015416,7,16,23
WBGene00015417,0,0,0
WBGene00015418,256,962,1218
WBGene00015419,2,5,7
WBGene00015420,0,0,0
WBGene00015421,1,0,1
WBGene00015422,2,8,10
WBGene00015423,4,106,110
WBGene00015424,12,106,118
WBGene00015425,71,493,564
WBGene00015426,0,2,2
WBGene00015427,58,315,373
WBGene00015428,2,1,3
WBGene00015429,27,215,242
WBGene00015430,13,87,100
WBGene00015431,13,81,94
WBGene00015433,3,30,33
WBGene00015434,52,166,218
WBGene00015435,2,3,5
WBGene00015437,2,7,9
WBGene00015438,5,0,5
WBGene00015442,0,3,3
WBGene00015444,6,7,13
WBGene00015446,1,1,2
WBGene00015447,0,3,3
WBGene00015448,1,5,6
WBGene00015449,4,63,67
WBGene00015450,4,280,284
WBGene00015451,17,108,125
WBGene00015453,0,1,1
WBGene00015454,5,228,233
WBGene00015455,381,529,910
WBGene00015456,3,32,35
WBGene00015457,3,0,3
WBGene00015458,0,0,0
WBGene00015459,0,0,0
WBGene00015460,2,149,151
WBGene00015461,126,932,1058
WBGene00015462,4,56,60
WBGene00015463,1,109,110
WBGene00015464,26,817,843
WBGene00015465,2,0,2
WBGene00015466,27,191,218
WBGene00015467,1,1,2
WBGene00015468,43,116,159
WBGene00015469,3,34,37
WBGene00015470,6,252,258
WBGene00015471,10,33,43
WBGene00015472,47,520,567
WBGene00015473,28,30,58
WBGene00015474,26,392,418
WBGene00015476,22,101,123
WBGene00015477,26,1058,1084
WBGene00015478,16,125,141
WBGene00015479,7,10,17
WBGene00015480,23,100,123
WBGene00015481,38,935,973
WBGene00015483,54,291,345
WBGene00015484,164,656,820
WBGene00015485,40,50,90
WBGene00015486,38,158,196
WBGene00015487,15,1456,1471
WBGene00015488,30,208,238
WBGene00015489,3,27,30
WBGene00015491,0,1,1
WBGene00015492,4,170,174
WBGene00015493,0,2,2
WBGene00015494,44,138,182
WBGene00015495,0,13,13
WBGene00015496,2,3,5
WBGene00015497,8,10,18
WBGene00015499,36,184,220
WBGene00015500,10,24,34
WBGene00015501,84,474,558
WBGene00015504,38,135,173
WBGene00015505,9,38,47
WBGene00015507,50,227,277
WBGene00015508,33,298,331
WBGene00015509,80,223,303
WBGene00015510,22,702,724
WBGene00015511,3,28,31
WBGene00015512,112,1108,1220
WBGene00015513,26,198,224
WBGene00015514,1060,9080,10140
WBGene00015515,14,222,236
WBGene00015516,3,15,18
WBGene00015517,107,339,446
WBGene00015518,0,33,33
WBGene00015519,3,68,71
WBGene00015520,0,2,2
WBGene00015521,0,0,0
WBGene00015522,2,5,7
WBGene00015523,11,110,121
WBGene00015524,9,130,139
WBGene00015525,53,478,531
WBGene00015526,17,13,30
WBGene00015527,2,85,87
WBGene00015528,1,1,2
WBGene00015529,6,39,45
WBGene00015530,0,1,1
WBGene00015531,13,180,193
WBGene00015532,3,18,21
WBGene00015534,0,1,1
WBGene00015535,2,8,10
WBGene00015536,7,107,114
WBGene00015537,4,8,12
WBGene00015538,15,1037,1052
WBGene00015539,14,176,190
WBGene00015540,3,566,569
WBGene00015541,23,172,195
WBGene00015544,2,12,14
WBGene00015545,4,50,54
WBGene00015546,1,10,11
WBGene00015547,23,1049,1072
WBGene00015549,7,38,45
WBGene00015551,281,1135,1416
WBGene00015552,19,368,387
WBGene00015553,137,716,853
WBGene00015554,21,113,134
WBGene00015555,151,497,648
WBGene00015557,12,77,89
WBGene00015558,5,31,36
WBGene00015559,20,73,93
WBGene00015560,7,156,163
WBGene00015561,93,412,505
WBGene00015564,0,12,12
WBGene00015565,211,986,1197
WBGene00015566,13,95,108
WBGene00015567,13,211,224
WBGene00015568,4,19,23
WBGene00015569,5,91,96
WBGene00015570,2,10,12
WBGene00015572,0,0,0
WBGene00015573,0,0,0
WBGene00015574,0,3,3
WBGene00015576,11,72,83
WBGene00015577,7,99,106
WBGene00015578,0,280,280
WBGene00015579,0,0,0
WBGene00015580,176,443,619
WBGene00015581,129,709,838
WBGene00015582,0,19,19
WBGene00015583,0,0,0
WBGene00015586,2,39,41
WBGene00015587,0,0,0
WBGene00015588,0,1,1
WBGene00015589,0,2,2
WBGene00015590,8,49,57
WBGene00015591,4,85,89
WBGene00015592,21,10,31
WBGene00015593,0,2,2
WBGene00015595,0,0,0
WBGene00015598,1,3,4
WBGene00015599,0,0,0
WBGene00015600,0,0,0
WBGene00015601,4,3,7
WBGene00015602,0,0,0
WBGene00015604,0,0,0
WBGene00015605,9,196,205
WBGene00015606,5,0,5
WBGene00015607,0,0,0
WBGene00015608,0,13,13
WBGene00015609,0,27,27
WBGene00015610,0,0,0
WBGene00015611,0,43,43
WBGene00015613,0,2,2
WBGene00015615,0,5,5
WBGene00015618,8,21,29
WBGene00015619,222,1196,1418
WBGene00015620,9,37,46
WBGene00015621,10,178,188
WBGene00015622,8,7,15
WBGene00015623,217,2850,3067
WBGene00015624,1,29,30
WBGene00015625,4,21,25
WBGene00015626,4,23,27
WBGene00015627,0,0,0
WBGene00015628,0,0,0
WBGene00015629,1,2,3
WBGene00015630,5,5,10
WBGene00015631,0,18,18
WBGene00015632,68,640,708
WBGene00015633,117,357,474
WBGene00015634,0,1,1
WBGene00015635,23,163,186
WBGene00015636,0,0,0
WBGene00015637,0,2,2
WBGene00015638,13,74,87
WBGene00015639,0,2,2
WBGene00015641,45,266,311
WBGene00015642,31,106,137
WBGene00015644,14,200,214
WBGene00015645,4,9,13
WBGene00015646,9,41,50
WBGene00015647,27,234,261
WBGene00015648,108,219,327
WBGene00015649,6,5,11
WBGene00015650,89,420,509
WBGene00015651,63,36,99
WBGene00015652,0,0,0
WBGene00015653,0,0,0
WBGene00015655,0,0,0
WBGene00015656,0,0,0
WBGene00015658,94,308,402
WBGene00015659,0,0,0
WBGene00015660,4,44,48
WBGene00015661,0,0,0
WBGene00015662,0,2,2
WBGene00015663,1,1,2
WBGene00015664,2,16,18
WBGene00015665,1,2,3
WBGene00015666,1,15,16
WBGene00015667,9,5,14
WBGene00015668,0,2,2
WBGene00015670,62,17,79
WBGene00015671,4,78,82
WBGene00015672,0,3,3
WBGene00015673,13,92,105
WBGene00015674,6,30,36
WBGene00015675,3,5,8
WBGene00015676,7,390,397
WBGene00015677,16,27,43
WBGene00015678,152,383,535
WBGene00015679,9,53,62
WBGene00015680,105,571,676
WBGene00015681,2,1,3
WBGene00015682,1,0,1
WBGene00015683,1,5,6
WBGene00015684,91,767,858
WBGene00015685,0,1,1
WBGene00015686,21,30,51
WBGene00015687,78,2206,2284
WBGene00015688,0,0,0
WBGene00015689,0,0,0
WBGene00015690,2,0,2
WBGene00015691,15,140,155
WBGene00015692,12,98,110
WBGene00015693,9,104,113
WBGene00015694,4,3,7
WBGene00015695,39,209,248
WBGene00015696,0,2,2
WBGene00015697,4,64,68
WBGene00015698,1,31,32
WBGene00015700,3,8,11
WBGene00015701,1,12,13
WBGene00015702,14,131,145
WBGene00015703,4,533,537
WBGene00015704,28,66,94
WBGene00015705,2,16,18
WBGene00015706,2,51,53
WBGene00015707,0,7,7
WBGene00015708,9,45,54
WBGene00015709,3,94,97
WBGene00015710,29,421,450
WBGene00015711,5,44,49
WBGene00015712,0,1,1
WBGene00015713,3,72,75
WBGene00015714,2,27,29
WBGene00015715,5,2,7
WBGene00015716,6,51,57
WBGene00015718,0,0,0
WBGene00015719,0,0,0
WBGene00015720,3,5,8
WBGene00015721,0,0,0
WBGene00015722,5,1,6
WBGene00015723,3,0,3
WBGene00015724,0,0,0
WBGene00015725,1,0,1
WBGene00015726,0,0,0
WBGene00015727,0,0,0
WBGene00015728,3,12,15
WBGene00015729,8,223,231
WBGene00015730,0,0,0
WBGene00015731,0,0,0
WBGene00015733,2,9,11
WBGene00015734,19,1029,1048
WBGene00015735,207,899,1106
WBGene00015736,0,7,7
WBGene00015737,1,0,1
WBGene00015738,0,0,0
WBGene00015739,9,11,20
WBGene00015740,34,345,379
WBGene00015741,267,887,1154
WBGene00015742,41,125,166
WBGene00015743,28,297,325
WBGene00015744,34,106,140
WBGene00015745,1,33,34
WBGene00015746,15,339,354
WBGene00015747,34,59,93
WBGene00015748,7,41,48
WBGene00015750,6,21,27
WBGene00015751,10,26,36
WBGene00015752,39,875,914
WBGene00015753,12,44,56
WBGene00015754,61,481,542
WBGene00015755,1190,8477,9667
WBGene00015756,3,14,17
WBGene00015757,3,4,7
WBGene00015758,1,4,5
WBGene00015759,41,117,158
WBGene00015760,0,1,1
WBGene00015762,0,0,0
WBGene00015764,0,1,1
WBGene00015765,0,0,0
WBGene00015766,0,31,31
WBGene00015767,29,229,258
WBGene00015768,3,5,8
WBGene00015769,1,175,176
WBGene00015770,0,0,0
WBGene00015772,0,1,1
WBGene00015773,0,0,0
WBGene00015774,0,0,0
WBGene00015775,0,1,1
WBGene00015776,38,486,524
WBGene00015777,49,432,481
WBGene00015778,8,4819,4827
WBGene00015779,64,282,346
WBGene00015780,2,8,10
WBGene00015781,173,373,546
WBGene00015782,7,83,90
WBGene00015783,3,19,22
WBGene00015784,3,1,4
WBGene00015785,0,0,0
WBGene00015786,159,573,732
WBGene00015787,14,85,99
WBGene00015788,4,54,58
WBGene00015789,2,67,69
WBGene00015790,1,109,110
WBGene00015791,15,575,590
WBGene00015792,3,14,17
WBGene00015793,7,46,53
WBGene00015794,13,27,40
WBGene00015795,36,251,287
WBGene00015796,234,519,753
WBGene00015797,7,20,27
WBGene00015798,6,15,21
WBGene00015799,5,27,32
WBGene00015800,82,198,280
WBGene00015801,36,354,390
WBGene00015802,90,247,337
WBGene00015803,1665,5884,7549
WBGene00015805,195,1303,1498
WBGene00015806,7,161,168
WBGene00015807,8,61,69
WBGene00015809,173,1116,1289
WBGene00015810,6,1958,1964
WBGene00015811,22,1585,1607
WBGene00015813,120,843,963
WBGene00015814,86,1037,1123
WBGene00015815,32,114,146
WBGene00015816,7,22,29
WBGene00015817,124,370,494
WBGene00015818,4,31,35
WBGene00015819,0,46,46
WBGene00015820,0,5,5
WBGene00015821,1,1,2
WBGene00015822,12,13,25
WBGene00015823,0,1155,1155
WBGene00015824,1,62,63
WBGene00015825,0,0,0
WBGene00015827,0,0,0
WBGene00015828,0,0,0
WBGene00015829,0,1,1
WBGene00015830,0,0,0
WBGene00015832,0,0,0
WBGene00015833,0,0,0
WBGene00015834,1,1,2
WBGene00015835,0,0,0
WBGene00015836,0,0,0
WBGene00015837,1,0,1
WBGene00015838,0,2,2
WBGene00015839,0,0,0
WBGene00015841,36,3,39
WBGene00015842,13,25,38
WBGene00015843,26,48,74
WBGene00015845,0,0,0
WBGene00015846,0,0,0
WBGene00015847,0,0,0
WBGene00015848,0,0,0
WBGene00015849,10,51,61
WBGene00015850,4,12,16
WBGene00015851,3,4,7
WBGene00015852,25,31,56
WBGene00015853,22,92,114
WBGene00015854,0,0,0
WBGene00015855,2,8,10
WBGene00015856,0,1,1
WBGene00015857,18,159,177
WBGene00015858,4,3,7
WBGene00015859,1,4,5
WBGene00015860,3,16,19
WBGene00015861,14,64,78
WBGene00015862,8,15,23
WBGene00015863,3,6,9
WBGene00015864,11,64,75
WBGene00015865,35,445,480
WBGene00015866,10,97,107
WBGene00015867,7,15,22
WBGene00015868,209,488,697
WBGene00015869,0,0,0
WBGene00015870,0,0,0
WBGene00015871,1,0,1
WBGene00015872,0,0,0
WBGene00015873,0,0,0
WBGene00015875,0,0,0
WBGene00015877,0,2,2
WBGene00015878,1,1,2
WBGene00015879,3,0,3
WBGene00015882,0,0,0
WBGene00015883,2,0,2
WBGene00015884,1,2,3
WBGene00015885,6,129,135
WBGene00015886,0,5,5
WBGene00015887,10,644,654
WBGene00015888,0,0,0
WBGene00015889,1,0,1
WBGene00015890,3,53,56
WBGene00015891,1,5,6
WBGene00015892,0,0,0
WBGene00015893,1,2,3
WBGene00015894,189,3325,3514
WBGene00015895,0,0,0
WBGene00015896,0,36,36
WBGene00015897,25,82,107
WBGene00015898,3,1,4
WBGene00015899,0,0,0
WBGene00015900,5,29,34
WBGene00015901,10,52,62
WBGene00015902,1,8,9
WBGene00015903,0,0,0
WBGene00015904,0,0,0
WBGene00015905,0,3,3
WBGene00015906,1,3,4
WBGene00015907,0,0,0
WBGene00015908,3,1,4
WBGene00015909,0,0,0
WBGene00015910,1,4,5
WBGene00015911,0,3,3
WBGene00015912,0,8,8
WBGene00015913,82,240,322
WBGene00015914,11,15,26
WBGene00015915,33,235,268
WBGene00015916,132,554,686
WBGene00015917,0,8,8
WBGene00015918,1,11,12
WBGene00015919,1,104,105
WBGene00015920,126,1891,2017
WBGene00015921,16,44,60
WBGene00015922,9,111,120
WBGene00015924,2,1,3
WBGene00015925,31,35,66
WBGene00015926,133,444,577
WBGene00015927,39,832,871
WBGene00015928,26,143,169
WBGene00015929,0,0,0
WBGene00015930,1,33,34
WBGene00015931,1,2,3
WBGene00015932,1,3,4
WBGene00015933,10,52,62
WBGene00015934,12,156,168
WBGene00015935,113,210,323
WBGene00015936,12,45,57
WBGene00015937,5,12,17
WBGene00015938,40,405,445
WBGene00015939,2,30,32
WBGene00015940,6,158,164
WBGene00015941,151,901,1052
WBGene00015942,28,291,319
WBGene00015943,17,1162,1179
WBGene00015944,2,7,9
WBGene00015945,128,249,377
WBGene00015946,6,21,27
WBGene00015947,76,271,347
WBGene00015948,99,440,539
WBGene00015949,6,20,26
WBGene00015950,6,12,18
WBGene00015951,0,1,1
WBGene00015952,10,85,95
WBGene00015953,19,57,76
WBGene00015954,1205,5770,6975
WBGene00015955,8,476,484
WBGene00015956,15,78,93
WBGene00015957,8,32,40
WBGene00015958,0,0,0
WBGene00015959,0,0,0
WBGene00015960,0,0,0
WBGene00015961,0,0,0
WBGene00015962,1,0,1
WBGene00015963,5,42,47
WBGene00015964,12,14,26
WBGene00015965,2,22,24
WBGene00015966,37,174,211
WBGene00015968,11,4,15
WBGene00015969,18,99,117
WBGene00015970,6,6,12
WBGene00015971,86,359,445
WBGene00015972,31,156,187
WBGene00015973,0,10,10
WBGene00015974,29,20,49
WBGene00015975,7,136,143
WBGene00015976,44,144,188
WBGene00015977,2,14,16
WBGene00015978,17,414,431
WBGene00015979,0,0,0
WBGene00015980,107,393,500
WBGene00015981,20,6,26
WBGene00015982,6,0,6
WBGene00015984,3,12,15
WBGene00015985,0,3,3
WBGene00015986,1,1,2
WBGene00015987,0,0,0
WBGene00015988,10,7,17
WBGene00015992,2,2,4
WBGene00015993,24,80,104
WBGene00015994,0,0,0
WBGene00015995,0,0,0
WBGene00015996,3,19,22
WBGene00015997,0,0,0
WBGene00015998,8,7,15
WBGene00015999,0,25,25
WBGene00016000,4,8,12
WBGene00016002,73,265,338
WBGene00016003,2,78,80
WBGene00016004,2,33,35
WBGene00016005,13,62,75
WBGene00016006,198,1366,1564
WBGene00016008,2,5,7
WBGene00016009,5,445,450
WBGene00016010,28,14,42
WBGene00016011,494,1547,2041
WBGene00016012,10,110,120
WBGene00016013,2,41,43
WBGene00016014,19,402,421
WBGene00016015,47,507,554
WBGene00016016,6,9,15
WBGene00016017,10,92,102
WBGene00016018,78,294,372
WBGene00016019,9,213,222
WBGene00016020,71,358,429
WBGene00016021,27,218,245
WBGene00016022,4,118,122
WBGene00016023,3,25,28
WBGene00016024,16,80,96
WBGene00016025,13,53,66
WBGene00016027,6,23,29
WBGene00016028,39,1062,1101
WBGene00016029,35,10,45
WBGene00016030,7,137,144
WBGene00016032,34,5,39
WBGene00016033,26,5249,5275
WBGene00016034,4,37,41
WBGene00016037,70,6,76
WBGene00016038,0,117,117
WBGene00016039,2,28,30
WBGene00016040,0,97,97
WBGene00016041,57,18,75
WBGene00016042,5,2,7
WBGene00016043,0,0,0
WBGene00016044,50,168,218
WBGene00016045,42,245,287
WBGene00016046,1,18,19
WBGene00016047,1,0,1
WBGene00016048,4,115,119
WBGene00016049,3,5,8
WBGene00016050,0,0,0
WBGene00016051,0,0,0
WBGene00016052,3,43,46
WBGene00016053,8,22,30
WBGene00016054,0,2,2
WBGene00016055,35,326,361
WBGene00016056,1,5,6
WBGene00016057,107,1000,1107
WBGene00016058,0,0,0
WBGene00016059,63,307,370
WBGene00016060,83,271,354
WBGene00016061,4,53,57
WBGene00016062,24,1265,1289
WBGene00016063,2,4,6
WBGene00016064,7,11,18
WBGene00016066,13,32,45
WBGene00016067,14,161,175
WBGene00016068,21,123,144
WBGene00016069,10,83,93
WBGene00016070,2,4,6
WBGene00016071,8,12,20
WBGene00016072,20,12,32
WBGene00016073,88,1210,1298
WBGene00016074,20,112,132
WBGene00016075,2,2,4
WBGene00016077,0,1,1
WBGene00016081,102,124,226
WBGene00016082,0,0,0
WBGene00016083,0,1,1
WBGene00016084,1,4,5
WBGene00016085,1,2,3
WBGene00016086,0,0,0
WBGene00016087,4,46,50
WBGene00016088,6,25,31
WBGene00016089,5,19,24
WBGene00016090,16,23,39
WBGene00016091,1,16,17
WBGene00016092,0,3,3
WBGene00016093,68,208,276
WBGene00016094,17,62,79
WBGene00016095,15,156,171
WBGene00016096,1,42,43
WBGene00016097,10,300,310
WBGene00016099,23,78,101
WBGene00016100,1,81,82
WBGene00016101,3,101,104
WBGene00016102,3,96,99
WBGene00016103,99,1066,1165
WBGene00016104,19,142,161
WBGene00016105,0,0,0
WBGene00016106,2,31,33
WBGene00016107,7,17,24
WBGene00016108,9,8,17
WBGene00016109,24,70,94
WBGene00016110,0,32,32
WBGene00016111,24,128,152
WBGene00016112,17,65,82
WBGene00016113,17,341,358
WBGene00016114,25,320,345
WBGene00016115,569,3390,3959
WBGene00016116,73,595,668
WBGene00016117,23,310,333
WBGene00016118,673,4172,4845
WBGene00016119,70,782,852
WBGene00016120,29,66,95
WBGene00016121,62,298,360
WBGene00016123,41,107,148
WBGene00016124,33,236,269
WBGene00016125,0,9,9
WBGene00016126,8,35,43
WBGene00016128,2,221,223
WBGene00016129,78,826,904
WBGene00016130,0,0,0
WBGene00016131,14,87,101
WBGene00016132,1,0,1
WBGene00016133,14,146,160
WBGene00016134,7,38,45
WBGene00016135,22,46,68
WBGene00016136,2,4,6
WBGene00016137,0,5,5
WBGene00016138,27,331,358
WBGene00016139,17,154,171
WBGene00016140,18,716,734
WBGene00016142,33,1186,1219
WBGene00016143,94,312,406
WBGene00016144,53,384,437
WBGene00016145,28,388,416
WBGene00016146,2,17,19
WBGene00016147,2,22,24
WBGene00016148,60,285,345
WBGene00016149,10,46,56
WBGene00016150,9,301,310
WBGene00016151,47,236,283
WBGene00016152,20,115,135
WBGene00016153,0,9,9
WBGene00016154,36,220,256
WBGene00016155,1,4,5
WBGene00016156,3,83,86
WBGene00016157,35,246,281
WBGene00016158,17,327,344
WBGene00016159,23,107,130
WBGene00016160,0,0,0
WBGene00016161,0,0,0
WBGene00016162,61,689,750
WBGene00016163,2,14,16
WBGene00016164,0,0,0
WBGene00016165,45,75,120
WBGene00016166,39,563,602
WBGene00016167,5,326,331
WBGene00016168,0,0,0
WBGene00016169,13,104,117
WBGene00016170,48,514,562
WBGene00016171,59,294,353
WBGene00016172,111,268,379
WBGene00016173,155,1723,1878
WBGene00016174,11,44,55
WBGene00016175,2,20,22
WBGene00016177,3,7,10
WBGene00016178,16,43,59
WBGene00016179,0,3,3
WBGene00016180,0,105,105
WBGene00016181,10,25,35
WBGene00016182,12,109,121
WBGene00016183,0,0,0
WBGene00016184,19,158,177
WBGene00016185,2,0,2
WBGene00016187,5,29,34
WBGene00016188,55,359,414
WBGene00016189,0,18,18
WBGene00016190,1,59,60
WBGene00016191,1,9,10
WBGene00016192,3,317,320
WBGene00016193,8,5,13
WBGene00016194,54,1996,2050
WBGene00016195,3,1031,1034
WBGene00016196,7,7,14
WBGene00016197,341,1095,1436
WBGene00016198,1,3,4
WBGene00016199,2,5,7
WBGene00016200,23,307,330
WBGene00016201,7,390,397
WBGene00016202,7,232,239
WBGene00016203,42,190,232
WBGene00016204,2,34,36
WBGene00016206,15,8,23
WBGene00016207,19,98,117
WBGene00016208,4,169,173
WBGene00016209,256,1444,1700
WBGene00016210,200,2542,2742
WBGene00016212,15,66,81
WBGene00016213,4,0,4
WBGene00016215,11,229,240
WBGene00016216,33,145,178
WBGene00016217,0,5,5
WBGene00016218,1,3,4
WBGene00016219,7,3,10
WBGene00016220,0,0,0
WBGene00016221,39,116,155
WBGene00016222,1,0,1
WBGene00016223,0,0,0
WBGene00016226,0,2,2
WBGene00016227,1,0,1
WBGene00016231,0,0,0
WBGene00016232,0,2,2
WBGene00016233,0,1,1
WBGene00016234,18,75,93
WBGene00016235,4,609,613
WBGene00016236,0,18,18
WBGene00016237,8,259,267
WBGene00016238,8,422,430
WBGene00016239,1,32,33
WBGene00016242,9,12,21
WBGene00016244,121,619,740
WBGene00016245,22,262,284
WBGene00016246,21,90,111
WBGene00016247,2,5,7
WBGene00016248,7,82,89
WBGene00016249,190,1032,1222
WBGene00016250,53,2251,2304
WBGene00016251,0,28,28
WBGene00016252,0,0,0
WBGene00016253,1,0,1
WBGene00016254,0,6,6
WBGene00016257,0,0,0
WBGene00016258,39,1785,1824
WBGene00016259,7,3,10
WBGene00016260,5,71,76
WBGene00016261,14,209,223
WBGene00016262,8,30,38
WBGene00016263,2,18,20
WBGene00016264,367,1013,1380
WBGene00016265,3,35,38
WBGene00016266,1239,1999,3238
WBGene00016268,4,9,13
WBGene00016269,135,966,1101
WBGene00016271,9247,1,9248
WBGene00016273,1,2,3
WBGene00016274,0,13,13
WBGene00016275,1,19,20
WBGene00016276,1,29,30
WBGene00016277,2,24,26
WBGene00016278,49,438,487
WBGene00016279,0,0,0
WBGene00016281,0,1,1
WBGene00016282,11,68,79
WBGene00016283,8,55,63
WBGene00016284,1,0,1
WBGene00016285,0,0,0
WBGene00016286,1,1,2
WBGene00016287,0,3,3
WBGene00016288,1,9,10
WBGene00016289,982,2698,3680
WBGene00016291,2,11,13
WBGene00016292,52,283,335
WBGene00016293,23,75,98
WBGene00016294,12,37,49
WBGene00016295,19,68,87
WBGene00016297,0,0,0
WBGene00016298,0,1,1
WBGene00016299,1,0,1
WBGene00016300,0,1,1
WBGene00016302,0,3,3
WBGene00016303,0,1,1
WBGene00016306,0,0,0
WBGene00016307,0,0,0
WBGene00016308,1,3,4
WBGene00016309,0,0,0
WBGene00016310,30,162,192
WBGene00016311,20,410,430
WBGene00016312,1,4,5
WBGene00016313,4,221,225
WBGene00016314,5,40,45
WBGene00016315,11,138,149
WBGene00016316,111,1836,1947
WBGene00016317,5,124,129
WBGene00016318,24,380,404
WBGene00016319,15,115,130
WBGene00016320,1,1,2
WBGene00016321,283,891,1174
WBGene00016322,0,1,1
WBGene00016323,60,368,428
WBGene00016324,14,44,58
WBGene00016325,133,907,1040
WBGene00016326,57,529,586
WBGene00016327,0,0,0
WBGene00016328,11,20,31
WBGene00016329,3,6,9
WBGene00016330,100,378,478
WBGene00016331,29,400,429
WBGene00016332,11,66,77
WBGene00016333,297,1556,1853
WBGene00016334,0,1,1
WBGene00016335,4,24,28
WBGene00016336,0,0,0
WBGene00016337,0,0,0
WBGene00016339,0,0,0
WBGene00016340,5,8,13
WBGene00016341,10,215,225
WBGene00016342,4,495,499
WBGene00016343,39,135,174
WBGene00016344,9,35,44
WBGene00016345,3,51,54
WBGene00016346,0,16,16
WBGene00016347,4,1,5
WBGene00016348,0,1,1
WBGene00016349,1,21,22
WBGene00016350,0,0,0
WBGene00016351,0,0,0
WBGene00016352,8,59,67
WBGene00016353,0,16,16
WBGene00016354,97,394,491
WBGene00016355,13,160,173
WBGene00016356,0,0,0
WBGene00016357,0,0,0
WBGene00016358,0,0,0
WBGene00016359,0,81,81
WBGene00016360,4,44,48
WBGene00016361,1,2,3
WBGene00016362,121,5665,5786
WBGene00016363,15,19,34
WBGene00016364,17,74,91
WBGene00016365,2,36,38
WBGene00016366,2,28,30
WBGene00016367,4,16,20
WBGene00016368,9,30,39
WBGene00016369,1,1,2
WBGene00016370,0,0,0
WBGene00016371,1,0,1
WBGene00016373,4,33,37
WBGene00016374,77,400,477
WBGene00016375,2,172,174
WBGene00016376,7,210,217
WBGene00016378,49,403,452
WBGene00016379,16,129,145
WBGene00016380,9,154,163
WBGene00016381,1,84,85
WBGene00016382,0,0,0
WBGene00016383,20,187,207
WBGene00016384,41,566,607
WBGene00016386,12,3,15
WBGene00016387,27,128,155
WBGene00016388,0,0,0
WBGene00016389,0,1,1
WBGene00016390,17,174,191
WBGene00016391,81,650,731
WBGene00016392,2,100,102
WBGene00016393,240,4569,4809
WBGene00016394,19,32,51
WBGene00016395,515,1888,2403
WBGene00016396,51,136,187
WBGene00016397,24,39,63
WBGene00016398,0,4,4
WBGene00016399,0,0,0
WBGene00016400,54,376,430
WBGene00016402,5,12,17
WBGene00016403,124,218,342
WBGene00016404,18,133,151
WBGene00016405,130,1287,1417
WBGene00016406,15,157,172
WBGene00016407,173,452,625
WBGene00016408,22,485,507
WBGene00016409,42,173,215
WBGene00016410,4,9,13
WBGene00016411,57,597,654
WBGene00016412,32,684,716
WBGene00016413,0,0,0
WBGene00016414,0,2,2
WBGene00016415,172,1215,1387
WBGene00016416,0,8,8
WBGene00016417,64,266,330
WBGene00016418,17,107,124
WBGene00016419,13,199,212
WBGene00016420,0,0,0
WBGene00016421,2,46,48
WBGene00016422,13,1196,1209
WBGene00016423,17,150,167
WBGene00016424,7,20,27
WBGene00016425,0,4,4
WBGene00016427,101,68,169
WBGene00016428,26,157,183
WBGene00016429,1,14,15
WBGene00016430,0,1,1
WBGene00016431,6,11,17
WBGene00016432,520,530,1050
WBGene00016433,0,0,0
WBGene00016434,0,0,0
WBGene00016435,154,983,1137
WBGene00016436,5,33,38
WBGene00016437,3,1,4
WBGene00016438,21,206,227
WBGene00016439,29,416,445
WBGene00016440,0,7,7
WBGene00016441,2,3,5
WBGene00016442,24,476,500
WBGene00016443,44,174,218
WBGene00016444,14,85,99
WBGene00016445,6,21,27
WBGene00016446,18,458,476
WBGene00016447,0,0,0
WBGene00016448,24,91,115
WBGene00016449,12,655,667
WBGene00016450,0,14,14
WBGene00016451,0,0,0
WBGene00016452,52,374,426
WBGene00016453,3,44,47
WBGene00016454,17,132,149
WBGene00016455,0,1,1
WBGene00016456,0,294,294
WBGene00016457,0,17,17
WBGene00016458,21,143,164
WBGene00016459,0,0,0
WBGene00016460,1,17,18
WBGene00016461,6,14,20
WBGene00016462,3,8,11
WBGene00016463,5,211,216
WBGene00016464,1,7,8
WBGene00016465,0,5,5
WBGene00016466,4,14,18
WBGene00016467,9,82,91
WBGene00016468,3,2,5
WBGene00016469,26,313,339
WBGene00016471,3,2,5
WBGene00016472,0,0,0
WBGene00016473,0,2,2
WBGene00016474,0,1,1
WBGene00016475,0,0,0
WBGene00016476,0,0,0
WBGene00016477,0,0,0
WBGene00016479,0,0,0
WBGene00016480,0,3,3
WBGene00016481,0,0,0
WBGene00016483,1,4,5
WBGene00016484,0,0,0
WBGene00016485,0,0,0
WBGene00016486,0,1,1
WBGene00016487,1,0,1
WBGene00016488,7,6,13
WBGene00016489,134,530,664
WBGene00016490,10,192,202
WBGene00016491,4,4,8
WBGene00016492,21,101,122
WBGene00016493,12242,45528,57770
WBGene00016494,146,699,845
WBGene00016495,4,159,163
WBGene00016496,109,2887,2996
WBGene00016497,0,16,16
WBGene00016499,12,58,70
WBGene00016500,5,232,237
WBGene00016501,13,195,208
WBGene00016502,0,12,12
WBGene00016503,2,36,38
WBGene00016504,1,193,194
WBGene00016505,1,336,337
WBGene00016506,6,37,43
WBGene00016507,44,195,239
WBGene00016508,160,802,962
WBGene00016509,70,3206,3276
WBGene00016511,60,1160,1220
WBGene00016512,7,10,17
WBGene00016513,16,472,488
WBGene00016514,7,45,52
WBGene00016517,0,7,7
WBGene00016518,14,12,26
WBGene00016519,0,0,0
WBGene00016520,122,37,159
WBGene00016521,0,1,1
WBGene00016522,4,65,69
WBGene00016523,1,8,9
WBGene00016524,30,185,215
WBGene00016525,0,4,4
WBGene00016527,2,2,4
WBGene00016528,0,0,0
WBGene00016529,0,0,0
WBGene00016530,25,189,214
WBGene00016531,138,404,542
WBGene00016532,11,60,71
WBGene00016533,60,273,333
WBGene00016534,3,11,14
WBGene00016535,2,274,276
WBGene00016537,0,0,0
WBGene00016538,26,82,108
WBGene00016539,154,423,577
WBGene00016540,30,69,99
WBGene00016541,0,2,2
WBGene00016542,10,40,50
WBGene00016543,1,2,3
WBGene00016544,0,5,5
WBGene00016545,7,16,23
WBGene00016546,6,15,21
WBGene00016547,2,69,71
WBGene00016548,0,0,0
WBGene00016549,3,14,17
WBGene00016550,1,0,1
WBGene00016551,0,0,0
WBGene00016554,0,0,0
WBGene00016555,1,7,8
WBGene00016556,0,0,0
WBGene00016557,0,0,0
WBGene00016558,2,15,17
WBGene00016559,19,60,79
WBGene00016561,148,211,359
WBGene00016562,1088,957,2045
WBGene00016564,9,82,91
WBGene00016565,0,5,5
WBGene00016566,27,132,159
WBGene00016567,0,48,48
WBGene00016568,25,78,103
WBGene00016570,16,164,180
WBGene00016571,0,1,1
WBGene00016572,0,0,0
WBGene00016573,1,92,93
WBGene00016574,1,108,109
WBGene00016575,1,116,117
WBGene00016576,0,173,173
WBGene00016577,0,0,0
WBGene00016578,0,0,0
WBGene00016579,13,46,59
WBGene00016580,20,43,63
WBGene00016581,0,6,6
WBGene00016582,12,143,155
WBGene00016583,6,395,401
WBGene00016585,8,13,21
WBGene00016586,0,23,23
WBGene00016587,1,5,6
WBGene00016588,139,487,626
WBGene00016589,30,249,279
WBGene00016590,50,170,220
WBGene00016591,5,241,246
WBGene00016592,11,71,82
WBGene00016594,19,1046,1065
WBGene00016595,1,1,2
WBGene00016596,0,32,32
WBGene00016597,0,0,0
WBGene00016598,0,2,2
WBGene00016599,6,11,17
WBGene00016600,8,18,26
WBGene00016601,112,707,819
WBGene00016602,9,105,114
WBGene00016603,119,625,744
WBGene00016605,5,6,11
WBGene00016606,35,290,325
WBGene00016607,146,977,1123
WBGene00016608,13,146,159
WBGene00016609,29,42,71
WBGene00016610,42,287,329
WBGene00016611,187,1049,1236
WBGene00016612,5,17,22
WBGene00016613,16,110,126
WBGene00016614,20,153,173
WBGene00016616,5,177,182
WBGene00016617,13,114,127
WBGene00016619,6,47,53
WBGene00016620,18,210,228
WBGene00016621,19,127,146
WBGene00016622,7,314,321
WBGene00016623,31,208,239
WBGene00016624,132,530,662
WBGene00016625,5,31,36
WBGene00016626,53,439,492
WBGene00016627,0,0,0
WBGene00016628,28,164,192
WBGene00016629,36,253,289
WBGene00016630,179,9151,9330
WBGene00016631,13,67,80
WBGene00016632,1,48,49
WBGene00016633,7,71,78
WBGene00016634,61,200,261
WBGene00016635,24,1259,1283
WBGene00016636,1,0,1
WBGene00016637,10,27,37
WBGene00016638,0,1,1
WBGene00016639,6,7,13
WBGene00016641,26,594,620
WBGene00016642,15,146,161
WBGene00016643,59,248,307
WBGene00016644,2,115,117
WBGene00016645,39,515,554
WBGene00016646,0,0,0
WBGene00016647,0,0,0
WBGene00016648,0,0,0
WBGene00016649,0,0,0
WBGene00016650,237,1683,1920
WBGene00016652,13,110,123
WBGene00016653,23,2803,2826
WBGene00016654,70,91,161
WBGene00016655,82,1011,1093
WBGene00016657,10,70,80
WBGene00016658,0,1,1
WBGene00016659,18,240,258
WBGene00016660,0,2,2
WBGene00016661,62,207,269
WBGene00016662,0,1,1
WBGene00016663,17,126,143
WBGene00016664,1,58,59
WBGene00016665,0,1,1
WBGene00016667,12,59,71
WBGene00016668,0,0,0
WBGene00016669,0,0,0
WBGene00016670,4,3,7
WBGene00016671,6,83,89
WBGene00016673,0,0,0
WBGene00016674,16,179,195
WBGene00016675,0,1,1
WBGene00016676,5,195,200
WBGene00016677,302,1654,1956
WBGene00016678,44,171,215
WBGene00016679,1,21,22
WBGene00016680,0,0,0
WBGene00016681,0,3,3
WBGene00016682,6,19,25
WBGene00016683,7,11,18
WBGene00016684,5,228,233
WBGene00016685,0,0,0
WBGene00016686,0,0,0
WBGene00016687,0,0,0
WBGene00016689,0,0,0
WBGene00016690,0,0,0
WBGene00016691,0,0,0
WBGene00016692,0,1,1
WBGene00016693,2,5,7
WBGene00016694,0,1,1
WBGene00016695,0,2,2
WBGene00016696,1,4,5
WBGene00016697,1,0,1
WBGene00016698,0,2,2
WBGene00016699,0,0,0
WBGene00016700,7,6,13
WBGene00016701,3,23,26
WBGene00016702,29,157,186
WBGene00016703,6,101,107
WBGene00016704,11,134,145
WBGene00016705,16,30,46
WBGene00016706,17,1121,1138
WBGene00016707,1,0,1
WBGene00016708,0,0,0
WBGene00016709,1,1,2
WBGene00016710,11,133,144
WBGene00016711,1,6,7
WBGene00016712,0,0,0
WBGene00016713,0,0,0
WBGene00016714,1,8,9
WBGene00016716,337,1824,2161
WBGene00016717,1,5,6
WBGene00016718,0,0,0
WBGene00016719,1,4,5
WBGene00016720,0,0,0
WBGene00016721,19,61,80
WBGene00016722,1946,3245,5191
WBGene00016724,4,4,8
WBGene00016725,36,113,149
WBGene00016727,2,0,2
WBGene00016728,1,27,28
WBGene00016729,0,0,0
WBGene00016730,15,34,49
WBGene00016731,0,0,0
WBGene00016732,0,0,0
WBGene00016733,0,11,11
WBGene00016734,35,330,365
WBGene00016735,27,220,247
WBGene00016736,0,1,1
WBGene00016738,0,69,69
WBGene00016739,80,1621,1701
WBGene00016740,21,307,328
WBGene00016741,30,186,216
WBGene00016742,3,3,6
WBGene00016743,2,4,6
WBGene00016744,18,52,70
WBGene00016745,1,36,37
WBGene00016746,259,2143,2402
WBGene00016747,3,35,38
WBGene00016748,6,39,45
WBGene00016749,57,1176,1233
WBGene00016750,16,266,282
WBGene00016751,63,315,378
WBGene00016752,0,7,7
WBGene00016753,0,0,0
WBGene00016754,163,562,725
WBGene00016755,0,0,0
WBGene00016756,2,3,5
WBGene00016757,2,6,8
WBGene00016758,5,15,20
WBGene00016759,4,12,16
WBGene00016760,3,16,19
WBGene00016761,5,27,32
WBGene00016762,5,29,34
WBGene00016763,13,168,181
WBGene00016764,55,203,258
WBGene00016765,4,1,5
WBGene00016766,1,99,100
WBGene00016767,2,67,69
WBGene00016768,16,69,85
WBGene00016769,11,54,65
WBGene00016770,1,0,1
WBGene00016772,0,4,4
WBGene00016773,1,1,2
WBGene00016775,0,0,0
WBGene00016776,0,0,0
WBGene00016777,0,0,0
WBGene00016778,2,0,2
WBGene00016779,0,0,0
WBGene00016781,15,7874,7889
WBGene00016782,0,89,89
WBGene00016783,8,15,23
WBGene00016785,7,22,29
WBGene00016786,0,1,1
WBGene00016788,138,419,557
WBGene00016789,0,1,1
WBGene00016790,478,2937,3415
WBGene00016791,10,147,157
WBGene00016792,56,344,400
WBGene00016793,25,422,447
WBGene00016794,28,218,246
WBGene00016795,0,2,2
WBGene00016796,14,35,49
WBGene00016797,20,18,38
WBGene00016798,0,2,2
WBGene00016799,7,39,46
WBGene00016800,4,25,29
WBGene00016801,10,291,301
WBGene00016803,1,365,366
WBGene00016804,0,3,3
WBGene00016805,0,0,0
WBGene00016806,1,53,54
WBGene00016807,0,0,0
WBGene00016808,45,1067,1112
WBGene00016809,5,170,175
WBGene00016810,13,172,185
WBGene00016811,25,96,121
WBGene00016812,38,194,232
WBGene00016813,0,0,0
WBGene00016814,0,0,0
WBGene00016815,0,0,0
WBGene00016816,24,112,136
WBGene00016817,17,54,71
WBGene00016818,1,4,5
WBGene00016819,0,0,0
WBGene00016820,0,11,11
WBGene00016821,0,0,0
WBGene00016822,0,0,0
WBGene00016823,0,2,2
WBGene00016824,0,0,0
WBGene00016825,1,0,1
WBGene00016826,3,0,3
WBGene00016827,0,1,1
WBGene00016828,3,1,4
WBGene00016829,0,0,0
WBGene00016830,4,2,6
WBGene00016831,0,0,0
WBGene00016832,2,4,6
WBGene00016833,1,2,3
WBGene00016834,2,0,2
WBGene00016835,25,67,92
WBGene00016836,38,188,226
WBGene00016837,28,603,631
WBGene00016838,265,401,666
WBGene00016839,0,0,0
WBGene00016840,30,162,192
WBGene00016841,47,197,244
WBGene00016842,1,50,51
WBGene00016843,1,0,1
WBGene00016844,43,901,944
WBGene00016845,0,19,19
WBGene00016846,82,338,420
WBGene00016847,0,1,1
WBGene00016848,11,30,41
WBGene00016849,9,38,47
WBGene00016850,0,26,26
WBGene00016852,0,1,1
WBGene00016853,0,0,0
WBGene00016855,0,6,6
WBGene00016856,1,0,1
WBGene00016857,1,0,1
WBGene00016858,1,1,2
WBGene00016859,0,0,0
WBGene00016860,38,112,150
WBGene00016862,46,178,224
WBGene00016863,0,1,1
WBGene00016864,0,1,1
WBGene00016865,15,9,24
WBGene00016866,28,74,102
WBGene00016867,14,356,370
WBGene00016868,9,358,367
WBGene00016869,0,15,15
WBGene00016870,0,0,0
WBGene00016871,49,382,431
WBGene00016872,4,35,39
WBGene00016873,11,0,11
WBGene00016874,3,19,22
WBGene00016877,0,7,7
WBGene00016879,41,278,319
WBGene00016880,0,0,0
WBGene00016881,0,0,0
WBGene00016882,0,0,0
WBGene00016883,1,0,1
WBGene00016884,0,1,1
WBGene00016885,0,0,0
WBGene00016886,0,0,0
WBGene00016888,138,833,971
WBGene00016889,66,612,678
WBGene00016890,16,55,71
WBGene00016891,3,7,10
WBGene00016892,4,442,446
WBGene00016893,0,2,2
WBGene00016894,1,353,354
WBGene00016895,0,0,0
WBGene00016896,22,74,96
WBGene00016898,53,701,754
WBGene00016899,9,20,29
WBGene00016900,14,32,46
WBGene00016901,0,0,0
WBGene00016902,123,509,632
WBGene00016903,18,224,242
WBGene00016904,1,1,2
WBGene00016905,31,201,232
WBGene00016906,9,123,132
WBGene00016907,10,1159,1169
WBGene00016909,10,22,32
WBGene00016910,0,0,0
WBGene00016911,21,283,304
WBGene00016912,0,21,21
WBGene00016913,94,1679,1773
WBGene00016914,11,62,73
WBGene00016915,0,0,0
WBGene00016916,14,233,247
WBGene00016917,5,18,23
WBGene00016918,922,3033,3955
WBGene00016919,36,203,239
WBGene00016920,29,96,125
WBGene00016921,0,3,3
WBGene00016922,0,3,3
WBGene00016923,70,566,636
WBGene00016924,109,197,306
WBGene00016925,4,5,9
WBGene00016926,1,9,10
WBGene00016927,1,4,5
WBGene00016928,3,6,9
WBGene00016929,0,3,3
WBGene00016930,16,37,53
WBGene00016931,1,1,2
WBGene00016932,16,21,37
WBGene00016933,5,15,20
WBGene00016934,21,1051,1072
WBGene00016935,19,55,74
WBGene00016937,19,139,158
WBGene00016938,6,15,21
WBGene00016939,0,12,12
WBGene00016940,0,0,0
WBGene00016941,1,0,1
WBGene00016942,12,54,66
WBGene00016943,943,6112,7055
WBGene00016944,9,172,181
WBGene00016945,7,27,34
WBGene00016946,0,1,1
WBGene00016947,4,46,50
WBGene00016948,0,0,0
WBGene00016949,1,0,1
WBGene00016950,0,0,0
WBGene00016951,8,11,19
WBGene00016953,1,1,2
WBGene00016954,1,1,2
WBGene00016955,19,199,218
WBGene00016956,0,1,1
WBGene00016957,52,105,157
WBGene00016958,30,147,177
WBGene00016959,0,0,0
WBGene00016960,26,87,113
WBGene00016961,53,1377,1430
WBGene00016962,0,9,9
WBGene00016963,1,2,3
WBGene00016964,27,281,308
WBGene00016965,17,64,81
WBGene00016966,26,179,205
WBGene00016967,4,136,140
WBGene00016968,4,34,38
WBGene00016970,25,19,44
WBGene00016971,9,140,149
WBGene00016972,4,6,10
WBGene00016973,6,35,41
WBGene00016974,11,79,90
WBGene00016975,34,210,244
WBGene00016976,15,27,42
WBGene00016977,420,1951,2371
WBGene00016978,23,220,243
WBGene00016979,3,111,114
WBGene00016980,1,0,1
WBGene00016981,33,696,729
WBGene00016982,7,43,50
WBGene00016983,18,99,117
WBGene00016984,63,72,135
WBGene00016985,0,3,3
WBGene00016987,16,1148,1164
WBGene00016988,124,751,875
WBGene00016989,89,379,468
WBGene00016990,7,528,535
WBGene00016991,11,2,13
WBGene00016992,21,70,91
WBGene00016993,29,94,123
WBGene00016995,17,350,367
WBGene00016996,39,297,336
WBGene00016997,16,2467,2483
WBGene00016998,13,68,81
WBGene00016999,9,40,49
WBGene00017000,4,59,63
WBGene00017001,5,11,16
WBGene00017002,3,110,113
WBGene00017003,4,207,211
WBGene00017004,13,360,373
WBGene00017005,0,46,46
WBGene00017006,1,1,2
WBGene00017007,33,107,140
WBGene00017009,4,31,35
WBGene00017010,15,89,104
WBGene00017011,4,252,256
WBGene00017012,5,71,76
WBGene00017013,5,56,61
WBGene00017014,13,54,67
WBGene00017015,46,24,70
WBGene00017016,286,965,1251
WBGene00017017,31,176,207
WBGene00017018,4,26,30
WBGene00017019,0,0,0
WBGene00017020,0,1,1
WBGene00017021,0,0,0
WBGene00017022,3,27,30
WBGene00017023,1,324,325
WBGene00017024,2,6,8
WBGene00017025,25,248,273
WBGene00017026,1,2,3
WBGene00017027,5,7,12
WBGene00017028,25,48,73
WBGene00017029,0,0,0
WBGene00017030,0,1,1
WBGene00017031,10,137,147
WBGene00017032,1,28,29
WBGene00017033,4,23,27
WBGene00017034,1,2,3
WBGene00017036,11,87,98
WBGene00017037,70,181,251
WBGene00017038,56,82,138
WBGene00017039,11,77,88
WBGene00017040,4,3,7
WBGene00017041,30,57,87
WBGene00017042,29,151,180
WBGene00017044,81,1073,1154
WBGene00017045,68,369,437
WBGene00017046,18,181,199
WBGene00017048,7,42,49
WBGene00017050,20,20,40
WBGene00017051,8,21,29
WBGene00017052,1,1,2
WBGene00017053,42,266,308
WBGene00017054,112,545,657
WBGene00017055,0,0,0
WBGene00017056,0,1,1
WBGene00017057,0,0,0
WBGene00017058,0,0,0
WBGene00017059,0,0,0
WBGene00017060,152,6872,7024
WBGene00017061,7,4,11
WBGene00017062,68,364,432
WBGene00017063,20,58,78
WBGene00017064,18,356,374
WBGene00017065,405,4908,5313
WBGene00017066,95,307,402
WBGene00017067,16,71,87
WBGene00017068,2,11,13
WBGene00017069,36,87,123
WBGene00017070,33,679,712
WBGene00017071,8,38,46
WBGene00017072,21,22,43
WBGene00017073,0,19,19
WBGene00017074,6,161,167
WBGene00017075,83,11066,11149
WBGene00017076,130,304,434
WBGene00017077,26,37,63
WBGene00017078,1,14,15
WBGene00017079,9,56,65
WBGene00017080,121,167,288
WBGene00017082,44,899,943
WBGene00017083,7,5,12
WBGene00017084,134,362,496
WBGene00017085,80,890,970
WBGene00017087,41,142,183
WBGene00017088,181,652,833
WBGene00017089,0,15,15
WBGene00017090,1,0,1
WBGene00017091,1,2,3
WBGene00017092,0,3,3
WBGene00017093,0,2,2
WBGene00017094,0,0,0
WBGene00017095,0,0,0
WBGene00017096,1,0,1
WBGene00017097,4,0,4
WBGene00017098,347,1740,2087
WBGene00017099,0,0,0
WBGene00017100,0,5,5
WBGene00017101,3,45,48
WBGene00017102,1,6,7
WBGene00017103,0,0,0
WBGene00017104,4,0,4
WBGene00017105,1,0,1
WBGene00017106,0,2,2
WBGene00017107,0,6,6
WBGene00017108,8,34,42
WBGene00017109,2,0,2
WBGene00017110,2,0,2
WBGene00017111,0,0,0
WBGene00017112,0,1,1
WBGene00017113,1,3,4
WBGene00017114,0,0,0
WBGene00017115,0,1,1
WBGene00017116,0,0,0
WBGene00017119,57,2177,2234
WBGene00017120,8,82,90
WBGene00017121,1707,22922,24629
WBGene00017122,6,15,21
WBGene00017123,7,116,123
WBGene00017124,5,14,19
WBGene00017125,44,360,404
WBGene00017126,30,199,229
WBGene00017127,420,1547,1967
WBGene00017128,182,892,1074
WBGene00017129,3,37,40
WBGene00017130,0,0,0
WBGene00017131,0,8,8
WBGene00017132,169,569,738
WBGene00017133,9,21,30
WBGene00017134,3,23,26
WBGene00017135,0,11,11
WBGene00017136,2,38,40
WBGene00017137,3,137,140
WBGene00017138,52,526,578
WBGene00017139,1,2,3
WBGene00017140,0,5,5
WBGene00017141,0,2,2
WBGene00017142,3,63,66
WBGene00017143,1,14,15
WBGene00017144,29,186,215
WBGene00017146,14,24,38
WBGene00017147,14,95,109
WBGene00017148,0,5,5
WBGene00017149,499,7080,7579
WBGene00017150,3,93,96
WBGene00017151,5,17,22
WBGene00017152,0,0,0
WBGene00017153,0,16,16
WBGene00017154,15,412,427
WBGene00017156,28,21,49
WBGene00017157,69,136,205
WBGene00017158,23,386,409
WBGene00017159,134,739,873
WBGene00017160,104,695,799
WBGene00017161,45,262,307
WBGene00017162,53,437,490
WBGene00017163,98,481,579
WBGene00017164,8,72,80
WBGene00017165,87,188,275
WBGene00017166,258,4242,4500
WBGene00017168,0,4,4
WBGene00017169,8,255,263
WBGene00017170,30,40,70
WBGene00017172,0,0,0
WBGene00017173,1,0,1
WBGene00017174,3,9,12
WBGene00017175,0,0,0
WBGene00017176,1,24,25
WBGene00017177,1,0,1
WBGene00017178,13,130,143
WBGene00017179,0,3,3
WBGene00017180,58,130,188
WBGene00017181,0,0,0
WBGene00017182,0,0,0
WBGene00017183,0,0,0
WBGene00017184,33,258,291
WBGene00017185,0,0,0
WBGene00017186,0,0,0
WBGene00017188,0,0,0
WBGene00017189,0,0,0
WBGene00017190,0,19,19
WBGene00017191,0,0,0
WBGene00017192,3,1,4
WBGene00017193,43,492,535
WBGene00017194,11,27,38
WBGene00017195,17,230,247
WBGene00017197,16,201,217
WBGene00017198,41,22,63
WBGene00017199,0,1,1
WBGene00017200,2,7,9
WBGene00017201,220,1382,1602
WBGene00017203,0,0,0
WBGene00017204,0,0,0
WBGene00017205,7,31,38
WBGene00017207,0,0,0
WBGene00017208,0,2,2
WBGene00017209,31,1,32
WBGene00017210,270,1234,1504
WBGene00017211,4,2,6
WBGene00017212,0,0,0
WBGene00017213,0,1,1
WBGene00017214,0,0,0
WBGene00017215,0,0,0
WBGene00017216,5,26,31
WBGene00017217,44,646,690
WBGene00017218,1,0,1
WBGene00017219,24,131,155
WBGene00017220,63,739,802
WBGene00017221,4,0,4
WBGene00017222,0,0,0
WBGene00017223,0,0,0
WBGene00017224,0,0,0
WBGene00017225,0,4,4
WBGene00017226,2,0,2
WBGene00017227,1,0,1
WBGene00017228,2,9,11
WBGene00017229,1,0,1
WBGene00017230,1,0,1
WBGene00017231,1,1,2
WBGene00017233,1,2,3
WBGene00017236,3,29,32
WBGene00017237,24,146,170
WBGene00017238,63,1202,1265
WBGene00017239,85,195,280
WBGene00017240,31,279,310
WBGene00017241,57,411,468
WBGene00017243,0,0,0
WBGene00017244,112,673,785
WBGene00017245,74,593,667
WBGene00017246,261,548,809
WBGene00017247,50,95,145
WBGene00017248,1,1,2
WBGene00017249,0,0,0
WBGene00017250,7,89,96
WBGene00017251,0,1,1
WBGene00017252,0,1,1
WBGene00017253,0,1,1
WBGene00017254,0,1,1
WBGene00017255,6,9,15
WBGene00017257,0,5,5
WBGene00017258,9,24,33
WBGene00017259,2,2,4
WBGene00017260,20,69,89
WBGene00017261,27,289,316
WBGene00017262,196,648,844
WBGene00017263,0,2,2
WBGene00017264,1,3,4
WBGene00017265,3,20,23
WBGene00017266,110,328,438
WBGene00017267,0,0,0
WBGene00017268,31,469,500
WBGene00017269,41,108,149
WBGene00017270,0,0,0
WBGene00017271,2,1,3
WBGene00017272,12,276,288
WBGene00017273,35,181,216
WBGene00017274,167,662,829
WBGene00017275,67,336,403
WBGene00017276,0,0,0
WBGene00017277,1,1,2
WBGene00017278,4,7,11
WBGene00017279,2,4,6
WBGene00017280,127,393,520
WBGene00017281,1,2,3
WBGene00017282,3,171,174
WBGene00017283,85,737,822
WBGene00017284,55,265,320
WBGene00017285,13,336,349
WBGene00017286,212,626,838
WBGene00017287,0,17,17
WBGene00017288,2,29,31
WBGene00017289,1,315,316
WBGene00017290,1,59,60
WBGene00017291,5,42,47
WBGene00017292,27,215,242
WBGene00017293,3,185,188
WBGene00017294,31,122,153
WBGene00017295,12,7,19
WBGene00017296,6,9,15
WBGene00017297,65,1638,1703
WBGene00017298,47,476,523
WBGene00017299,41,259,300
WBGene00017300,242,1624,1866
WBGene00017301,96,4493,4589
WBGene00017302,32,62,94
WBGene00017303,266,1535,1801
WBGene00017304,21,536,557
WBGene00017305,1,15,16
WBGene00017306,23,109,132
WBGene00017307,11,64,75
WBGene00017308,10,6,16
WBGene00017309,19,52,71
WBGene00017310,20,96,116
WBGene00017311,14,783,797
WBGene00017312,0,2,2
WBGene00017313,84,313,397
WBGene00017314,80,318,398
WBGene00017315,0,0,0
WBGene00017316,32,124,156
WBGene00017317,451,2674,3125
WBGene00017319,255,1042,1297
WBGene00017320,7,28,35
WBGene00017321,13,493,506
WBGene00017322,0,6,6
WBGene00017323,3,14,17
WBGene00017324,0,1,1
WBGene00017325,4,4,8
WBGene00017326,8,49,57
WBGene00017327,1,10,11
WBGene00017328,2,176,178
WBGene00017329,9,60,69
WBGene00017330,0,0,0
WBGene00017331,23,128,151
WBGene00017332,89,94,183
WBGene00017333,0,0,0
WBGene00017334,1,10,11
WBGene00017335,18,75,93
WBGene00017336,26,87,113
WBGene00017338,52,87,139
WBGene00017339,27,130,157
WBGene00017340,6,36,42
WBGene00017341,1,1,2
WBGene00017342,24,336,360
WBGene00017343,0,0,0
WBGene00017344,17,243,260
WBGene00017347,18,1763,1781
WBGene00017348,0,298,298
WBGene00017349,30,718,748
WBGene00017350,84,310,394
WBGene00017351,0,4,4
WBGene00017352,1,1,2
WBGene00017353,11,77,88
WBGene00017354,1,4,5
WBGene00017355,14,144,158
WBGene00017356,139,519,658
WBGene00017357,57,237,294
WBGene00017358,131,104,235
WBGene00017359,0,14,14
WBGene00017360,0,91,91
WBGene00017361,1,15,16
WBGene00017362,296,1510,1806
WBGene00017363,80,805,885
WBGene00017364,0,1,1
WBGene00017365,0,0,0
WBGene00017366,32,18,50
WBGene00017367,3,35,38
WBGene00017369,12,190,202
WBGene00017371,2,4,6
WBGene00017372,33,453,486
WBGene00017373,60,370,430
WBGene00017374,487,2402,2889
WBGene00017375,6,29,35
WBGene00017376,1525,7761,9286
WBGene00017378,3,7,10
WBGene00017379,295,1990,2285
WBGene00017380,77,383,460
WBGene00017381,15,118,133
WBGene00017382,1,1,2
WBGene00017383,1,1,2
WBGene00017384,1,0,1
WBGene00017385,46,307,353
WBGene00017386,0,117,117
WBGene00017387,0,4,4
WBGene00017388,0,2,2
WBGene00017389,120,107,227
WBGene00017390,11,56,67
WBGene00017393,1,0,1
WBGene00017394,44,111,155
WBGene00017395,0,1,1
WBGene00017396,1,1,2
WBGene00017397,26,120,146
WBGene00017398,2,7,9
WBGene00017399,10,4,14
WBGene00017400,19,97,116
WBGene00017401,0,0,0
WBGene00017402,0,0,0
WBGene00017403,0,0,0
WBGene00017405,0,0,0
WBGene00017406,0,0,0
WBGene00017407,0,0,0
WBGene00017408,0,0,0
WBGene00017410,1,6,7
WBGene00017411,2,41,43
WBGene00017412,0,0,0
WBGene00017413,0,1,1
WBGene00017414,0,0,0
WBGene00017416,0,35,35
WBGene00017417,4,36,40
WBGene00017418,43,451,494
WBGene00017419,65,667,732
WBGene00017420,10,46,56
WBGene00017421,28,111,139
WBGene00017422,21,36,57
WBGene00017423,158,1165,1323
WBGene00017424,8,10,18
WBGene00017426,100,788,888
WBGene00017427,8,23,31
WBGene00017428,285,1335,1620
WBGene00017429,57,117,174
WBGene00017430,51,577,628
WBGene00017431,63,261,324
WBGene00017433,6,16,22
WBGene00017434,3,29,32
WBGene00017435,93,531,624
WBGene00017436,0,11,11
WBGene00017437,6,34,40
WBGene00017438,4,8,12
WBGene00017439,13,47,60
WBGene00017440,643,6296,6939
WBGene00017441,3,18,21
WBGene00017442,9,55,64
WBGene00017443,0,5,5
WBGene00017444,0,0,0
WBGene00017445,78,336,414
WBGene00017446,3,21,24
WBGene00017447,11,66,77
WBGene00017448,31,175,206
WBGene00017449,11,21,32
WBGene00017450,2,21,23
WBGene00017451,0,1,1
WBGene00017452,11,11,22
WBGene00017453,3,5,8
WBGene00017454,0,0,0
WBGene00017455,1,0,1
WBGene00017456,4,2,6
WBGene00017459,9,32,41
WBGene00017460,4,20,24
WBGene00017461,1,34,35
WBGene00017462,2,29,31
WBGene00017463,26,89,115
WBGene00017464,9,55,64
WBGene00017465,0,0,0
WBGene00017466,0,4,4
WBGene00017467,5,46,51
WBGene00017468,7,7,14
WBGene00017469,14,10,24
WBGene00017470,0,0,0
WBGene00017471,22,299,321
WBGene00017472,95,424,519
WBGene00017473,0,17,17
WBGene00017474,0,1,1
WBGene00017475,0,5,5
WBGene00017476,0,0,0
WBGene00017477,11,76,87
WBGene00017478,28,149,177
WBGene00017480,49,457,506
WBGene00017481,0,25,25
WBGene00017482,3,50,53
WBGene00017483,0,8,8
WBGene00017484,17,645,662
WBGene00017485,13,132,145
WBGene00017486,0,34,34
WBGene00017487,2,14,16
WBGene00017488,12,56,68
WBGene00017489,13,10,23
WBGene00017490,0,0,0
WBGene00017491,0,0,0
WBGene00017492,0,0,0
WBGene00017493,1,0,1
WBGene00017497,0,0,0
WBGene00017498,21,195,216
WBGene00017499,0,0,0
WBGene00017500,0,0,0
WBGene00017501,0,82,82
WBGene00017502,0,33,33
WBGene00017503,14,49,63
WBGene00017504,21,27,48
WBGene00017506,43,661,704
WBGene00017507,49,61,110
WBGene00017508,7,30,37
WBGene00017509,5,20,25
WBGene00017510,12,45,57
WBGene00017511,0,0,0
WBGene00017512,4,56,60
WBGene00017513,39,198,237
WBGene00017514,85,792,877
WBGene00017515,4,25,29
WBGene00017516,0,1,1
WBGene00017517,0,0,0
WBGene00017518,1,0,1
WBGene00017519,0,0,0
WBGene00017520,0,0,0
WBGene00017521,0,0,0
WBGene00017522,0,0,0
WBGene00017523,0,0,0
WBGene00017524,0,0,0
WBGene00017525,0,1,1
WBGene00017526,0,0,0
WBGene00017527,0,0,0
WBGene00017528,2,2,4
WBGene00017530,10,54,64
WBGene00017532,2,3,5
WBGene00017534,25,341,366
WBGene00017535,11,101,112
WBGene00017536,7,173,180
WBGene00017537,7,47,54
WBGene00017538,2,40,42
WBGene00017539,0,0,0
WBGene00017540,0,0,0
WBGene00017541,0,0,0
WBGene00017542,0,1,1
WBGene00017543,0,2,2
WBGene00017544,2,3,5
WBGene00017545,4,27,31
WBGene00017546,97,794,891
WBGene00017547,13,105,118
WBGene00017548,12,29,41
WBGene00017549,29,143,172
WBGene00017550,0,3,3
WBGene00017551,1,0,1
WBGene00017552,0,0,0
WBGene00017553,0,0,0
WBGene00017554,0,0,0
WBGene00017555,0,0,0
WBGene00017556,1,1,2
WBGene00017557,7,276,283
WBGene00017559,1,1,2
WBGene00017560,0,7,7
WBGene00017562,0,0,0
WBGene00017563,27,386,413
WBGene00017564,0,2,2
WBGene00017565,1016,1285,2301
WBGene00017566,1,2,3
WBGene00017567,0,201,201
WBGene00017568,25,141,166
WBGene00017569,16,258,274
WBGene00017570,39,103,142
WBGene00017571,18,319,337
WBGene00017573,0,0,0
WBGene00017574,4,54,58
WBGene00017576,24,10,34
WBGene00017577,1,0,1
WBGene00017578,2,7,9
WBGene00017579,1,17,18
WBGene00017580,21,65,86
WBGene00017581,3,7,10
WBGene00017582,7,154,161
WBGene00017583,35,233,268
WBGene00017584,0,1,1
WBGene00017585,0,0,0
WBGene00017586,2,4,6
WBGene00017587,0,0,0
WBGene00017588,0,0,0
WBGene00017589,1,19,20
WBGene00017590,1,0,1
WBGene00017591,36,203,239
WBGene00017592,0,3,3
WBGene00017593,3,1,4
WBGene00017594,3,1,4
WBGene00017595,0,0,0
WBGene00017596,0,0,0
WBGene00017597,63,167,230
WBGene00017598,0,0,0
WBGene00017599,0,121,121
WBGene00017600,61,281,342
WBGene00017601,0,0,0
WBGene00017603,0,0,0
WBGene00017604,1,0,1
WBGene00017605,406,1606,2012
WBGene00017606,5,122,127
WBGene00017607,23,163,186
WBGene00017608,90,200,290
WBGene00017609,0,0,0
WBGene00017610,2,0,2
WBGene00017611,11,9,20
WBGene00017612,0,1,1
WBGene00017613,1004,17171,18175
WBGene00017614,2,8,10
WBGene00017615,1,6,7
WBGene00017616,5,26,31
WBGene00017618,130,141,271
WBGene00017619,2,8,10
WBGene00017620,88,233,321
WBGene00017621,76,1395,1471
WBGene00017625,5,1,6
WBGene00017627,2,1,3
WBGene00017628,25,54,79
WBGene00017629,0,0,0
WBGene00017630,0,0,0
WBGene00017631,3,0,3
WBGene00017632,17,44,61
WBGene00017633,4,5,9
WBGene00017634,0,0,0
WBGene00017635,13,19,32
WBGene00017636,3,2,5
WBGene00017637,8,85,93
WBGene00017638,0,0,0
WBGene00017639,109,292,401
WBGene00017640,72,280,352
WBGene00017641,17,87,104
WBGene00017642,96,502,598
WBGene00017643,55,371,426
WBGene00017644,275,672,947
WBGene00017645,1,1,2
WBGene00017646,34,122,156
WBGene00017647,25,37,62
WBGene00017648,3,15,18
WBGene00017650,1,16,17
WBGene00017651,16,29,45
WBGene00017652,0,1,1
WBGene00017653,185,495,680
WBGene00017654,1,2,3
WBGene00017655,0,0,0
WBGene00017656,0,5,5
WBGene00017657,401,1963,2364
WBGene00017658,54,183,237
WBGene00017659,38,839,877
WBGene00017660,8,14,22
WBGene00017661,3,28,31
WBGene00017662,1,6,7
WBGene00017663,69,857,926
WBGene00017664,6,5,11
WBGene00017666,7,9,16
WBGene00017667,0,4,4
WBGene00017668,0,0,0
WBGene00017670,0,0,0
WBGene00017671,122,3013,3135
WBGene00017672,0,1,1
WBGene00017673,2,9,11
WBGene00017674,1,20,21
WBGene00017675,76,1112,1188
WBGene00017676,28,304,332
WBGene00017678,0,1,1
WBGene00017679,0,4,4
WBGene00017681,4,34,38
WBGene00017683,39,226,265
WBGene00017684,0,0,0
WBGene00017685,0,1,1
WBGene00017686,24,386,410
WBGene00017687,3,64,67
WBGene00017688,31,441,472
WBGene00017690,28,55,83
WBGene00017691,81,297,378
WBGene00017692,7,33,40
WBGene00017693,0,0,0
WBGene00017694,1,0,1
WBGene00017695,1,1,2
WBGene00017696,14,111,125
WBGene00017698,58,493,551
WBGene00017699,281,683,964
WBGene00017700,11,27,38
WBGene00017701,8,26,34
WBGene00017702,19,170,189
WBGene00017703,11,14,25
WBGene00017704,1,0,1
WBGene00017705,0,1,1
WBGene00017706,0,6,6
WBGene00017707,0,0,0
WBGene00017708,13,48,61
WBGene00017709,38,0,38
WBGene00017710,1,0,1
WBGene00017711,1,61,62
WBGene00017712,0,3,3
WBGene00017713,0,5,5
WBGene00017714,0,19,19
WBGene00017715,6,100,106
WBGene00017716,10,34,44
WBGene00017717,2,26,28
WBGene00017718,0,2,2
WBGene00017719,179,923,1102
WBGene00017720,17,41,58
WBGene00017721,4,12,16
WBGene00017722,0,0,0
WBGene00017723,5,6,11
WBGene00017724,46,446,492
WBGene00017725,0,1,1
WBGene00017726,44,451,495
WBGene00017727,0,1566,1566
WBGene00017730,0,35,35
WBGene00017732,32,149,181
WBGene00017733,64,286,350
WBGene00017734,53,4206,4259
WBGene00017735,65,1395,1460
WBGene00017736,1,13,14
WBGene00017737,1,0,1
WBGene00017738,27,226,253
WBGene00017741,65,189,254
WBGene00017742,62,229,291
WBGene00017743,0,3,3
WBGene00017744,51,178,229
WBGene00017745,74,391,465
WBGene00017746,57,342,399
WBGene00017747,1,54,55
WBGene00017748,49,567,616
WBGene00017749,40,330,370
WBGene00017750,27,79,106
WBGene00017751,61,6,67
WBGene00017752,0,0,0
WBGene00017754,5,15,20
WBGene00017755,106,225,331
WBGene00017756,38,288,326
WBGene00017757,18,450,468
WBGene00017758,25,103,128
WBGene00017759,2,553,555
WBGene00017760,36,484,520
WBGene00017761,62,51,113
WBGene00017762,115,107,222
WBGene00017763,67,482,549
WBGene00017764,1,4,5
WBGene00017765,25,727,752
WBGene00017766,12,180,192
WBGene00017767,40,164,204
WBGene00017768,44,381,425
WBGene00017769,59,446,505
WBGene00017770,34,424,458
WBGene00017771,14,67,81
WBGene00017772,211,2014,2225
WBGene00017773,61,740,801
WBGene00017774,6,137,143
WBGene00017775,53,907,960
WBGene00017776,25,355,380
WBGene00017777,16,906,922
WBGene00017778,69,431,500
WBGene00017779,25,71,96
WBGene00017780,26,62,88
WBGene00017781,139,421,560
WBGene00017782,10,116,126
WBGene00017783,0,31,31
WBGene00017784,0,2,2
WBGene00017785,1,24,25
WBGene00017786,1,38,39
WBGene00017787,1,21,22
WBGene00017788,0,7,7
WBGene00017789,0,462,462
WBGene00017790,0,6,6
WBGene00017791,0,0,0
WBGene00017792,9,46,55
WBGene00017794,13,80,93
WBGene00017795,55,183,238
WBGene00017796,0,31,31
WBGene00017797,118,358,476
WBGene00017798,5,49,54
WBGene00017799,10,408,418
WBGene00017800,40,244,284
WBGene00017801,46,185,231
WBGene00017802,0,5,5
WBGene00017803,3,9,12
WBGene00017804,1,17,18
WBGene00017805,2,1,3
WBGene00017806,2,33,35
WBGene00017807,0,4,4
WBGene00017808,0,6,6
WBGene00017809,0,0,0
WBGene00017810,0,1,1
WBGene00017811,11,168,179
WBGene00017812,21,72,93
WBGene00017813,0,164,164
WBGene00017814,8,25,33
WBGene00017815,92,94,186
WBGene00017816,12,510,522
WBGene00017817,0,2,2
WBGene00017818,212,379,591
WBGene00017819,0,0,0
WBGene00017821,2,4,6
WBGene00017822,0,3,3
WBGene00017823,0,18,18
WBGene00017824,4,6,10
WBGene00017825,24,286,310
WBGene00017826,26,207,233
WBGene00017827,9,71,80
WBGene00017828,8,155,163
WBGene00017829,80,217,297
WBGene00017830,18,1124,1142
WBGene00017831,49,131,180
WBGene00017832,13,145,158
WBGene00017833,31,95,126
WBGene00017834,113,1557,1670
WBGene00017835,0,6,6
WBGene00017836,6,57,63
WBGene00017837,16,148,164
WBGene00017838,66,286,352
WBGene00017839,0,0,0
WBGene00017840,28,63,91
WBGene00017841,0,28,28
WBGene00017842,17,139,156
WBGene00017843,0,0,0
WBGene00017845,0,2,2
WBGene00017848,0,6,6
WBGene00017850,67,282,349
WBGene00017851,0,0,0
WBGene00017852,66,1084,1150
WBGene00017853,0,0,0
WBGene00017854,0,27,27
WBGene00017855,219,897,1116
WBGene00017858,19,46,65
WBGene00017860,4,5,9
WBGene00017861,10,42,52
WBGene00017862,0,0,0
WBGene00017863,3,0,3
WBGene00017864,404,5459,5863
WBGene00017865,0,0,0
WBGene00017866,0,474,474
WBGene00017867,2,2,4
WBGene00017868,2,9,11
WBGene00017869,0,0,0
WBGene00017871,0,0,0
WBGene00017872,0,0,0
WBGene00017873,1,8,9
WBGene00017874,249,2173,2422
WBGene00017875,0,8,8
WBGene00017876,0,0,0
WBGene00017879,2,9,11
WBGene00017880,11,68,79
WBGene00017881,3,14,17
WBGene00017885,118,549,667
WBGene00017886,11,43,54
WBGene00017887,20,390,410
WBGene00017888,28,166,194
WBGene00017889,43,838,881
WBGene00017890,0,8,8
WBGene00017891,51,203,254
WBGene00017892,26,77,103
WBGene00017893,3,22,25
WBGene00017894,2,253,255
WBGene00017895,14,211,225
WBGene00017896,0,1,1
WBGene00017898,22,89,111
WBGene00017899,0,0,0
WBGene00017900,98,615,713
WBGene00017901,53,232,285
WBGene00017902,1,1,2
WBGene00017904,83,312,395
WBGene00017905,3,61,64
WBGene00017906,38,68,106
WBGene00017907,66,154,220
WBGene00017908,0,59,59
WBGene00017909,19,559,578
WBGene00017910,8,4,12
WBGene00017911,0,5,5
WBGene00017912,0,0,0
WBGene00017913,0,1,1
WBGene00017914,18,112,130
WBGene00017915,0,0,0
WBGene00017916,120,316,436
WBGene00017918,0,0,0
WBGene00017919,14,100,114
WBGene00017920,82,645,727
WBGene00017921,46,296,342
WBGene00017922,2,4,6
WBGene00017923,6,548,554
WBGene00017924,48,581,629
WBGene00017925,1421,10662,12083
WBGene00017926,1043,13212,14255
WBGene00017927,1,1,2
WBGene00017928,25,282,307
WBGene00017929,823,351,1174
WBGene00017930,0,4,4
WBGene00017931,27,126,153
WBGene00017933,0,1,1
WBGene00017934,15,253,268
WBGene00017935,0,1,1
WBGene00017936,3,101,104
WBGene00017937,0,16,16
WBGene00017938,1,79,80
WBGene00017939,4,47,51
WBGene00017942,0,0,0
WBGene00017944,1,0,1
WBGene00017945,30,179,209
WBGene00017947,2,8,10
WBGene00017948,3,25,28
WBGene00017949,3,7,10
WBGene00017950,19,71,90
WBGene00017951,15,145,160
WBGene00017952,133,279,412
WBGene00017953,1,0,1
WBGene00017954,4,187,191
WBGene00017955,0,0,0
WBGene00017957,1,3,4
WBGene00017959,4,12,16
WBGene00017960,12,28,40
WBGene00017961,7,41,48
WBGene00017962,2,25,27
WBGene00017963,0,2,2
WBGene00017964,0,326,326
WBGene00017965,1,10,11
WBGene00017966,9,1,10
WBGene00017967,34,308,342
WBGene00017968,28,280,308
WBGene00017969,2,65,67
WBGene00017970,81,1606,1687
WBGene00017971,11,130,141
WBGene00017973,50,100,150
WBGene00017974,12,73,85
WBGene00017975,1,2,3
WBGene00017976,59,185,244
WBGene00017977,2,63,65
WBGene00017978,0,38,38
WBGene00017979,64,1919,1983
WBGene00017980,103,1351,1454
WBGene00017981,14,144,158
WBGene00017982,705,4497,5202
WBGene00017983,52,85,137
WBGene00017984,27,4696,4723
WBGene00017985,1,96,97
WBGene00017986,3,15,18
WBGene00017987,0,0,0
WBGene00017988,6,613,619
WBGene00017989,19,440,459
WBGene00017990,22,278,300
WBGene00017991,16,98,114
WBGene00017992,16,90,106
WBGene00017993,80,1949,2029
WBGene00017995,318,708,1026
WBGene00017996,33,336,369
WBGene00017997,140,1102,1242
WBGene00017998,2,18,20
WBGene00017999,84,1018,1102
WBGene00018000,0,0,0
WBGene00018001,0,0,0
WBGene00018002,14,29,43
WBGene00018003,0,0,0
WBGene00018004,0,3,3
WBGene00018005,39,139,178
WBGene00018006,18,155,173
WBGene00018007,9,377,386
WBGene00018008,26,620,646
WBGene00018009,15,191,206
WBGene00018010,6,23,29
WBGene00018011,15,123,138
WBGene00018013,39,122,161
WBGene00018014,31,103,134
WBGene00018015,10,117,127
WBGene00018016,9,44,53
WBGene00018017,24,491,515
WBGene00018018,17,501,518
WBGene00018019,0,0,0
WBGene00018020,0,0,0
WBGene00018021,0,9,9
WBGene00018022,8,15,23
WBGene00018023,19,35,54
WBGene00018024,129,2372,2501
WBGene00018025,38,276,314
WBGene00018026,1,7,8
WBGene00018027,0,2,2
WBGene00018028,2,0,2
WBGene00018030,0,0,0
WBGene00018031,1,7,8
WBGene00018033,465,1035,1500
WBGene00018034,0,0,0
WBGene00018035,0,0,0
WBGene00018036,1,24,25
WBGene00018037,12,55,67
WBGene00018038,0,0,0
WBGene00018039,1,1,2
WBGene00018040,0,4,4
WBGene00018041,0,16,16
WBGene00018042,9,46,55
WBGene00018043,17,53,70
WBGene00018044,13,69,82
WBGene00018045,1,291,292
WBGene00018046,54,1146,1200
WBGene00018047,0,1,1
WBGene00018048,1,7,8
WBGene00018049,0,0,0
WBGene00018050,6,23,29
WBGene00018051,39,144,183
WBGene00018052,14,49,63
WBGene00018053,0,0,0
WBGene00018054,0,1,1
WBGene00018055,0,12,12
WBGene00018056,0,0,0
WBGene00018057,0,1,1
WBGene00018058,0,0,0
WBGene00018060,34,200,234
WBGene00018061,29,110,139
WBGene00018062,0,0,0
WBGene00018063,0,0,0
WBGene00018064,57,409,466
WBGene00018065,1,3,4
WBGene00018066,8,11,19
WBGene00018067,12,110,122
WBGene00018068,1,158,159
WBGene00018069,73,213,286
WBGene00018070,12,59,71
WBGene00018071,5,152,157
WBGene00018072,26,139,165
WBGene00018073,18,368,386
WBGene00018074,41,151,192
WBGene00018075,107,349,456
WBGene00018076,18,92,110
WBGene00018077,1,74,75
WBGene00018078,47,116,163
WBGene00018080,0,0,0
WBGene00018081,0,0,0
WBGene00018082,0,0,0
WBGene00018083,3,9,12
WBGene00018084,10,8,18
WBGene00018085,0,21,21
WBGene00018086,0,0,0
WBGene00018087,6,21,27
WBGene00018088,42,192,234
WBGene00018089,19,76,95
WBGene00018090,34,511,545
WBGene00018091,1,3,4
WBGene00018092,1,5,6
WBGene00018093,0,1,1
WBGene00018094,2,0,2
WBGene00018096,0,1,1
WBGene00018097,0,0,0
WBGene00018098,0,0,0
WBGene00018099,4,36,40
WBGene00018100,0,6,6
WBGene00018101,3,2,5
WBGene00018102,2,2,4
WBGene00018103,0,0,0
WBGene00018104,0,7,7
WBGene00018105,0,0,0
WBGene00018106,0,0,0
WBGene00018107,0,1,1
WBGene00018108,0,8,8
WBGene00018110,2,0,2
WBGene00018111,5,3,8
WBGene00018112,13,79,92
WBGene00018113,4,25,29
WBGene00018114,4,3,7
WBGene00018115,8,74,82
WBGene00018117,10,495,505
WBGene00018118,4,15,19
WBGene00018119,0,1,1
WBGene00018120,0,0,0
WBGene00018121,2,20,22
WBGene00018122,0,0,0
WBGene00018123,0,0,0
WBGene00018124,0,0,0
WBGene00018130,6,4,10
WBGene00018131,68,403,471
WBGene00018132,55,396,451
WBGene00018133,6,28,34
WBGene00018134,1,0,1
WBGene00018135,0,2,2
WBGene00018136,0,16,16
WBGene00018137,2,96,98
WBGene00018138,17,100,117
WBGene00018139,0,0,0
WBGene00018140,26,67,93
WBGene00018141,0,0,0
WBGene00018142,1,4,5
WBGene00018143,0,2,2
WBGene00018144,48,249,297
WBGene00018145,250,2021,2271
WBGene00018146,6,31,37
WBGene00018148,0,1,1
WBGene00018149,110,294,404
WBGene00018150,10,149,159
WBGene00018151,297,1679,1976
WBGene00018152,8,763,771
WBGene00018153,3,9,12
WBGene00018154,963,357,1320
WBGene00018155,2,6,8
WBGene00018156,75,558,633
WBGene00018157,0,13,13
WBGene00018158,0,1,1
WBGene00018159,454,857,1311
WBGene00018160,9,338,347
WBGene00018161,25,589,614
WBGene00018162,0,0,0
WBGene00018163,1,1,2
WBGene00018164,0,671,671
WBGene00018165,0,4,4
WBGene00018166,15,54,69
WBGene00018167,4,45,49
WBGene00018168,1,0,1
WBGene00018169,0,1,1
WBGene00018170,37,198,235
WBGene00018172,7,7,14
WBGene00018173,7,24,31
WBGene00018174,2,9,11
WBGene00018175,43,102,145
WBGene00018176,2,2,4
WBGene00018178,1,0,1
WBGene00018179,0,2,2
WBGene00018180,11,14,25
WBGene00018181,29,490,519
WBGene00018182,0,0,0
WBGene00018183,0,0,0
WBGene00018184,4,54,58
WBGene00018186,0,3,3
WBGene00018187,681,1440,2121
WBGene00018188,53,217,270
WBGene00018189,4,2,6
WBGene00018190,0,0,0
WBGene00018191,6,79,85
WBGene00018192,0,26,26
WBGene00018193,31,545,576
WBGene00018195,1,4,5
WBGene00018196,1,0,1
WBGene00018198,1,8,9
WBGene00018200,1,0,1
WBGene00018201,3,43,46
WBGene00018202,0,0,0
WBGene00018203,0,5,5
WBGene00018204,31,114,145
WBGene00018205,0,0,0
WBGene00018206,13,128,141
WBGene00018207,3,13,16
WBGene00018208,9,304,313
WBGene00018209,2,2,4
WBGene00018210,2,49,51
WBGene00018211,2,1,3
WBGene00018212,28,112,140
WBGene00018213,8,22,30
WBGene00018214,147,872,1019
WBGene00018215,19,71,90
WBGene00018216,85,175,260
WBGene00018217,347,773,1120
WBGene00018218,11,1215,1226
WBGene00018219,47,282,329
WBGene00018221,599,3740,4339
WBGene00018222,4,35,39
WBGene00018223,9,13,22
WBGene00018226,12,138,150
WBGene00018227,2,2,4
WBGene00018228,0,0,0
WBGene00018229,0,0,0
WBGene00018230,6,310,316
WBGene00018231,0,0,0
WBGene00018232,80,50,130
WBGene00018233,0,9,9
WBGene00018234,1,9,10
WBGene00018235,0,0,0
WBGene00018236,0,15,15
WBGene00018237,65,354,419
WBGene00018238,18,689,707
WBGene00018239,18,152,170
WBGene00018240,74,494,568
WBGene00018241,1,4,5
WBGene00018242,2,4,6
WBGene00018243,0,0,0
WBGene00018244,0,0,0
WBGene00018245,1,1,2
WBGene00018246,0,0,0
WBGene00018247,0,0,0
WBGene00018248,1,1,2
WBGene00018249,75,841,916
WBGene00018250,35,167,202
WBGene00018251,22,64,86
WBGene00018252,5,36,41
WBGene00018253,0,3,3
WBGene00018254,3,0,3
WBGene00018255,8,7,15
WBGene00018256,2,14,16
WBGene00018257,28,1247,1275
WBGene00018258,44,230,274
WBGene00018259,125,523,648
WBGene00018260,15,53,68
WBGene00018261,10,41,51
WBGene00018262,2,13,15
WBGene00018264,1,6,7
WBGene00018265,41,152,193
WBGene00018266,4,168,172
WBGene00018267,0,0,0
WBGene00018268,7,149,156
WBGene00018269,46,212,258
WBGene00018270,10,420,430
WBGene00018271,227,36259,36486
WBGene00018272,11,62,73
WBGene00018273,23,15,38
WBGene00018274,33,70,103
WBGene00018275,21,109,130
WBGene00018276,0,1,1
WBGene00018277,0,0,0
WBGene00018278,0,0,0
WBGene00018279,0,0,0
WBGene00018280,1,3,4
WBGene00018281,17,96,113
WBGene00018282,29,264,293
WBGene00018283,1,6,7
WBGene00018284,0,0,0
WBGene00018285,219,1358,1577
WBGene00018286,10,57,67
WBGene00018288,4,111,115
WBGene00018289,9,0,9
WBGene00018290,52,1325,1377
WBGene00018291,8,8,16
WBGene00018292,0,8,8
WBGene00018293,40,218,258
WBGene00018294,14,582,596
WBGene00018295,3,9,12
WBGene00018296,0,0,0
WBGene00018297,0,83,83
WBGene00018298,168,1548,1716
WBGene00018299,5,12,17
WBGene00018300,2,6,8
WBGene00018301,3,6,9
WBGene00018302,3,94,97
WBGene00018303,357,1662,2019
WBGene00018304,51,145,196
WBGene00018305,198,558,756
WBGene00018307,16,72,88
WBGene00018308,0,17,17
WBGene00018309,2,2,4
WBGene00018310,53,58,111
WBGene00018311,26,196,222
WBGene00018312,3,4,7
WBGene00018313,2,5,7
WBGene00018314,1,6,7
WBGene00018315,1,0,1
WBGene00018316,20,227,247
WBGene00018317,49,440,489
WBGene00018318,0,48,48
WBGene00018319,94,304,398
WBGene00018321,3,119,122
WBGene00018322,0,0,0
WBGene00018323,2,0,2
WBGene00018324,0,1,1
WBGene00018327,0,1,1
WBGene00018328,59,156,215
WBGene00018330,6,198,204
WBGene00018332,2,1,3
WBGene00018333,2,5,7
WBGene00018334,14,109,123
WBGene00018335,55,205,260
WBGene00018336,0,0,0
WBGene00018337,43,132,175
WBGene00018338,2,24,26
WBGene00018339,24,1247,1271
WBGene00018340,40,1202,1242
WBGene00018341,38,1535,1573
WBGene00018342,14,53,67
WBGene00018343,1,48,49
WBGene00018344,20,76,96
WBGene00018345,11,17,28
WBGene00018346,15,89,104
WBGene00018347,3,21,24
WBGene00018348,23,67,90
WBGene00018349,60,979,1039
WBGene00018350,9,96,105
WBGene00018351,6,4,10
WBGene00018352,0,1,1
WBGene00018353,2,2,4
WBGene00018354,0,2,2
WBGene00018355,6,7,13
WBGene00018356,35,537,572
WBGene00018357,20,214,234
WBGene00018358,6,2,8
WBGene00018359,3,3,6
WBGene00018360,1,1,2
WBGene00018361,1007,4027,5034
WBGene00018362,17,1197,1214
WBGene00018363,29,240,269
WBGene00018364,26,65,91
WBGene00018365,2,25,27
WBGene00018366,61,210,271
WBGene00018367,40,566,606
WBGene00018369,34,179,213
WBGene00018370,87,421,508
WBGene00018371,9,128,137
WBGene00018373,85,722,807
WBGene00018374,5,41,46
WBGene00018375,5,10,15
WBGene00018376,121,1525,1646
WBGene00018377,2,4,6
WBGene00018378,1,1,2
WBGene00018379,0,0,0
WBGene00018380,1,37,38
WBGene00018381,5,0,5
WBGene00018383,0,44,44
WBGene00018384,4,8,12
WBGene00018385,0,0,0
WBGene00018386,2,85,87
WBGene00018387,0,0,0
WBGene00018388,242,0,242
WBGene00018389,1,0,1
WBGene00018390,1,141,142
WBGene00018391,21,853,874
WBGene00018392,61,265,326
WBGene00018393,5,651,656
WBGene00018394,5,25,30
WBGene00018395,54,3422,3476
WBGene00018397,3,3,6
WBGene00018398,16,66,82
WBGene00018399,15,78,93
WBGene00018400,57,354,411
WBGene00018402,5,122,127
WBGene00018403,7,74,81
WBGene00018404,1,2,3
WBGene00018405,112,515,627
WBGene00018406,3,5,8
WBGene00018407,519,1506,2025
WBGene00018408,68,230,298
WBGene00018409,5,326,331
WBGene00018410,4,3,7
WBGene00018411,12,28,40
WBGene00018412,2,4,6
WBGene00018413,10,47,57
WBGene00018414,0,3,3
WBGene00018415,2,69,71
WBGene00018417,88,422,510
WBGene00018418,7,459,466
WBGene00018419,75,318,393
WBGene00018420,37,318,355
WBGene00018421,4,266,270
WBGene00018422,21,609,630
WBGene00018423,25,135,160
WBGene00018424,2,257,259
WBGene00018425,2,3,5
WBGene00018426,39,1158,1197
WBGene00018427,2,384,386
WBGene00018428,1,6,7
WBGene00018429,5,6,11
WBGene00018430,19,44,63
WBGene00018431,7,555,562
WBGene00018432,2,1,3
WBGene00018433,0,0,0
WBGene00018434,0,0,0
WBGene00018435,0,10,10
WBGene00018436,0,0,0
WBGene00018437,0,0,0
WBGene00018438,0,0,0
WBGene00018439,0,0,0
WBGene00018440,0,3,3
WBGene00018441,0,0,0
WBGene00018442,1,0,1
WBGene00018443,0,0,0
WBGene00018444,0,0,0
WBGene00018445,0,0,0
WBGene00018446,2,4,6
WBGene00018447,3,5,8
WBGene00018452,0,0,0
WBGene00018455,3,3,6
WBGene00018456,2,3,5
WBGene00018457,0,1,1
WBGene00018458,0,0,0
WBGene00018459,0,16,16
WBGene00018460,0,0,0
WBGene00018461,0,0,0
WBGene00018462,7,134,141
WBGene00018463,0,0,0
WBGene00018465,7,34,41
WBGene00018466,7,50,57
WBGene00018467,31,103,134
WBGene00018468,201,1266,1467
WBGene00018470,94,209,303
WBGene00018471,2,6,8
WBGene00018472,24,58,82
WBGene00018473,13,57,70
WBGene00018474,8,266,274
WBGene00018475,312,2004,2316
WBGene00018476,8,43,51
WBGene00018477,0,2,2
WBGene00018478,2,14,16
WBGene00018479,0,3,3
WBGene00018480,1,6,7
WBGene00018481,63,584,647
WBGene00018482,102,487,589
WBGene00018483,6,55,61
WBGene00018484,5,6,11
WBGene00018485,297,865,1162
WBGene00018486,5,27,32
WBGene00018487,7,38,45
WBGene00018488,25,265,290
WBGene00018489,0,0,0
WBGene00018490,0,5,5
WBGene00018491,22,10454,10476
WBGene00018492,45,158,203
WBGene00018493,2,1,3
WBGene00018496,0,0,0
WBGene00018497,0,0,0
WBGene00018498,0,0,0
WBGene00018499,0,2,2
WBGene00018500,0,0,0
WBGene00018501,0,0,0
WBGene00018502,0,0,0
WBGene00018504,0,0,0
WBGene00018505,0,0,0
WBGene00018506,0,0,0
WBGene00018507,0,1,1
WBGene00018508,179,651,830
WBGene00018509,44,543,587
WBGene00018510,17,64,81
WBGene00018511,37,130,167
WBGene00018512,72,355,427
WBGene00018513,0,95,95
WBGene00018514,10,95,105
WBGene00018515,1,30,31
WBGene00018516,10,160,170
WBGene00018517,116,546,662
WBGene00018518,13,370,383
WBGene00018519,8348,80287,88635
WBGene00018520,38,262,300
WBGene00018521,5,20,25
WBGene00018522,88,854,942
WBGene00018523,27,64,91
WBGene00018525,0,0,0
WBGene00018526,0,0,0
WBGene00018527,0,0,0
WBGene00018528,0,2,2
WBGene00018529,0,0,0
WBGene00018530,0,0,0
WBGene00018531,1,0,1
WBGene00018532,775,9468,10243
WBGene00018533,176,308,484
WBGene00018534,1,1,2
WBGene00018535,1,7,8
WBGene00018536,0,0,0
WBGene00018537,2,3,5
WBGene00018538,70,245,315
WBGene00018539,6,2,8
WBGene00018541,1,16,17
WBGene00018542,0,43,43
WBGene00018543,2,11,13
WBGene00018544,3,7,10
WBGene00018545,3,1,4
WBGene00018547,17,6,23
WBGene00018548,0,0,0
WBGene00018549,0,1,1
WBGene00018550,0,0,0
WBGene00018551,3,5,8
WBGene00018552,3,26,29
WBGene00018554,0,0,0
WBGene00018555,1,0,1
WBGene00018556,0,0,0
WBGene00018557,0,0,0
WBGene00018558,2,9,11
WBGene00018559,0,0,0
WBGene00018560,28,130,158
WBGene00018561,2,20,22
WBGene00018562,69,278,347
WBGene00018563,0,5,5
WBGene00018564,114,511,625
WBGene00018565,23,113,136
WBGene00018566,6,31,37
WBGene00018567,17,12,29
WBGene00018568,2,4,6
WBGene00018569,43,148,191
WBGene00018570,3,0,3
WBGene00018571,6,7,13
WBGene00018572,109,659,768
WBGene00018573,0,0,0
WBGene00018575,0,0,0
WBGene00018576,18,77,95
WBGene00018578,0,59,59
WBGene00018579,340,992,1332
WBGene00018580,2,0,2
WBGene00018581,15,50,65
WBGene00018582,10,10,20
WBGene00018585,12,67,79
WBGene00018586,19,368,387
WBGene00018587,12,21,33
WBGene00018589,102,14,116
WBGene00018590,15,658,673
WBGene00018591,1,3,4
WBGene00018593,20,221,241
WBGene00018594,26,119,145
WBGene00018595,0,63,63
WBGene00018596,3,15,18
WBGene00018598,5,56,61
WBGene00018599,19,542,561
WBGene00018600,3,0,3
WBGene00018601,3,0,3
WBGene00018602,20,365,385
WBGene00018603,4,13,17
WBGene00018604,45,744,789
WBGene00018605,1,4,5
WBGene00018606,0,14,14
WBGene00018607,114,318,432
WBGene00018608,30,85,115
WBGene00018609,80,439,519
WBGene00018610,0,324,324
WBGene00018611,38,103,141
WBGene00018612,23,214,237
WBGene00018613,2,66,68
WBGene00018614,2,20,22
WBGene00018615,6,52,58
WBGene00018616,0,0,0
WBGene00018617,0,0,0
WBGene00018618,0,0,0
WBGene00018619,0,0,0
WBGene00018620,0,5,5
WBGene00018621,1,34,35
WBGene00018622,7,73,80
WBGene00018623,2,2,4
WBGene00018624,1,3,4
WBGene00018625,25,367,392
WBGene00018626,1,6,7
WBGene00018627,0,0,0
WBGene00018628,40,1,41
WBGene00018630,4,6,10
WBGene00018631,6,2,8
WBGene00018632,10,138,148
WBGene00018634,89,288,377
WBGene00018635,21,146,167
WBGene00018636,58,188,246
WBGene00018637,14,157,171
WBGene00018638,2,229,231
WBGene00018639,27,105,132
WBGene00018640,2,5,7
WBGene00018641,6,40,46
WBGene00018643,1,0,1
WBGene00018645,4,10,14
WBGene00018646,0,1,1
WBGene00018647,1,3,4
WBGene00018648,1,5,6
WBGene00018649,0,0,0
WBGene00018650,0,0,0
WBGene00018651,0,0,0
WBGene00018652,0,0,0
WBGene00018653,0,8,8
WBGene00018654,20,113,133
WBGene00018655,19,85,104
WBGene00018656,165,1169,1334
WBGene00018657,61,528,589
WBGene00018659,2,32,34
WBGene00018660,0,14,14
WBGene00018661,0,4,4
WBGene00018663,0,55,55
WBGene00018665,6,37,43
WBGene00018667,6,42,48
WBGene00018668,9,54,63
WBGene00018669,4,21,25
WBGene00018670,1,1,2
WBGene00018671,0,2,2
WBGene00018672,47,174,221
WBGene00018674,123,562,685
WBGene00018675,20,32,52
WBGene00018678,17,131,148
WBGene00018679,163,477,640
WBGene00018680,15,50,65
WBGene00018681,108,331,439
WBGene00018682,11,257,268
WBGene00018683,13,10,23
WBGene00018684,0,0,0
WBGene00018687,2,5,7
WBGene00018688,0,4,4
WBGene00018689,6,26,32
WBGene00018690,0,5,5
WBGene00018691,0,1,1
WBGene00018692,95,1308,1403
WBGene00018693,1,0,1
WBGene00018694,3,18,21
WBGene00018696,29,90,119
WBGene00018697,14,151,165
WBGene00018698,5,51,56
WBGene00018700,185,710,895
WBGene00018701,87,8178,8265
WBGene00018702,7,317,324
WBGene00018703,9,159,168
WBGene00018704,6,115,121
WBGene00018706,2,8,10
WBGene00018707,1,26,27
WBGene00018708,0,1,1
WBGene00018709,0,2,2
WBGene00018710,173,1147,1320
WBGene00018711,20,15,35
WBGene00018712,8,15,23
WBGene00018713,2,1,3
WBGene00018714,12,149,161
WBGene00018715,6,55,61
WBGene00018716,25,75,100
WBGene00018717,14,110,124
WBGene00018718,10,57,67
WBGene00018719,20,304,324
WBGene00018720,229,626,855
WBGene00018721,37,103,140
WBGene00018723,59,137,196
WBGene00018724,0,75,75
WBGene00018725,0,34,34
WBGene00018726,4,5,9
WBGene00018727,15,43,58
WBGene00018728,9,22,31
WBGene00018729,15,164,179
WBGene00018730,0,826,826
WBGene00018731,0,795,795
WBGene00018732,0,451,451
WBGene00018734,325,605,930
WBGene00018735,5,83,88
WBGene00018736,6,29,35
WBGene00018737,0,26,26
WBGene00018738,15,45,60
WBGene00018739,31,360,391
WBGene00018740,32,179,211
WBGene00018741,5,28,33
WBGene00018742,3,12,15
WBGene00018743,33,476,509
WBGene00018744,1,443,444
WBGene00018745,3,7,10
WBGene00018746,2,10,12
WBGene00018747,11,70,81
WBGene00018748,202,130,332
WBGene00018749,15,50,65
WBGene00018750,61,122,183
WBGene00018751,0,0,0
WBGene00018752,10,8,18
WBGene00018754,0,7,7
WBGene00018755,10,39,49
WBGene00018756,209,813,1022
WBGene00018757,54,327,381
WBGene00018758,22,376,398
WBGene00018760,14,40,54
WBGene00018761,80,22,102
WBGene00018762,48,726,774
WBGene00018763,11,575,586
WBGene00018764,37,1772,1809
WBGene00018765,652,1268,1920
WBGene00018766,8,23,31
WBGene00018767,5,1,6
WBGene00018768,0,0,0
WBGene00018769,92,837,929
WBGene00018770,0,0,0
WBGene00018771,1,2,3
WBGene00018772,16,21,37
WBGene00018773,2,8,10
WBGene00018774,19,41,60
WBGene00018776,194,912,1106
WBGene00018777,31,126,157
WBGene00018778,230,805,1035
WBGene00018779,2,20,22
WBGene00018781,27,174,201
WBGene00018782,171,1729,1900
WBGene00018783,7,24,31
WBGene00018784,174,2053,2227
WBGene00018785,84,193,277
WBGene00018786,4,93,97
WBGene00018787,52,104,156
WBGene00018788,27,77,104
WBGene00018789,13,92,105
WBGene00018791,14,34,48
WBGene00018792,0,1,1
WBGene00018793,262,747,1009
WBGene00018794,37,45,82
WBGene00018795,28,133,161
WBGene00018797,64,432,496
WBGene00018798,1,33,34
WBGene00018802,44,559,603
WBGene00018803,45,557,602
WBGene00018804,9,77,86
WBGene00018805,1,1,2
WBGene00018806,0,54,54
WBGene00018808,0,0,0
WBGene00018809,0,1,1
WBGene00018810,0,0,0
WBGene00018811,746,3247,3993
WBGene00018812,114,267,381
WBGene00018813,0,8,8
WBGene00018814,22,181,203
WBGene00018815,0,0,0
WBGene00018816,0,2,2
WBGene00018817,155,0,155
WBGene00018819,115,492,607
WBGene00018820,1,0,1
WBGene00018821,1,0,1
WBGene00018822,0,0,0
WBGene00018823,0,81,81
WBGene00018824,0,3,3
WBGene00018825,2,2,4
WBGene00018826,0,0,0
WBGene00018827,5,180,185
WBGene00018828,0,45,45
WBGene00018829,1,0,1
WBGene00018830,18,167,185
WBGene00018831,17,154,171
WBGene00018833,44,120,164
WBGene00018834,0,1,1
WBGene00018835,21,146,167
WBGene00018836,35,149,184
WBGene00018837,343,380,723
WBGene00018838,0,0,0
WBGene00018839,0,37,37
WBGene00018840,0,1,1
WBGene00018841,0,1,1
WBGene00018842,0,3,3
WBGene00018844,0,2,2
WBGene00018845,8,45,53
WBGene00018846,16100,44196,60296
WBGene00018847,26,282,308
WBGene00018848,15,136,151
WBGene00018849,15,906,921
WBGene00018850,4,28,32
WBGene00018851,2,5,7
WBGene00018853,45,448,493
WBGene00018854,29,575,604
WBGene00018855,7,26,33
WBGene00018857,49,391,440
WBGene00018859,33,84,117
WBGene00018860,45,145,190
WBGene00018861,9,41,50
WBGene00018863,5,173,178
WBGene00018864,46,272,318
WBGene00018865,5,9,14
WBGene00018866,95,702,797
WBGene00018867,13,56,69
WBGene00018868,7,32,39
WBGene00018869,59,981,1040
WBGene00018870,0,9,9
WBGene00018871,0,138,138
WBGene00018872,83,467,550
WBGene00018873,5,12,17
WBGene00018874,7,8,15
WBGene00018875,0,0,0
WBGene00018876,0,0,0
WBGene00018877,81,273,354
WBGene00018878,0,142,142
WBGene00018879,13,92,105
WBGene00018880,4,8,12
WBGene00018881,0,0,0
WBGene00018882,0,0,0
WBGene00018883,0,0,0
WBGene00018884,3,2,5
WBGene00018885,0,4,4
WBGene00018886,0,81,81
WBGene00018888,0,0,0
WBGene00018890,90,603,693
WBGene00018891,66,696,762
WBGene00018892,21,470,491
WBGene00018893,201,939,1140
WBGene00018894,2,79,81
WBGene00018895,0,0,0
WBGene00018896,4,4,8
WBGene00018897,11,152,163
WBGene00018898,124,1316,1440
WBGene00018899,1,14,15
WBGene00018900,15,247,262
WBGene00018901,0,6,6
WBGene00018902,1,53,54
WBGene00018903,1,35,36
WBGene00018904,6,256,262
WBGene00018906,10,13,23
WBGene00018907,20,27,47
WBGene00018908,9,52,61
WBGene00018909,31,78,109
WBGene00018910,0,0,0
WBGene00018911,0,0,0
WBGene00018912,0,0,0
WBGene00018913,0,0,0
WBGene00018915,0,0,0
WBGene00018917,0,0,0
WBGene00018918,0,0,0
WBGene00018920,0,0,0
WBGene00018921,1,10,11
WBGene00018923,34,101,135
WBGene00018924,21,25,46
WBGene00018925,1,163,164
WBGene00018926,0,0,0
WBGene00018927,0,0,0
WBGene00018928,22,124,146
WBGene00018930,0,0,0
WBGene00018931,1,2,3
WBGene00018932,47,793,840
WBGene00018933,0,0,0
WBGene00018934,3,987,990
WBGene00018935,4,281,285
WBGene00018937,17,56,73
WBGene00018938,1,0,1
WBGene00018939,1,6,7
WBGene00018940,0,0,0
WBGene00018941,1,0,1
WBGene00018942,0,0,0
WBGene00018943,0,0,0
WBGene00018944,0,1,1
WBGene00018945,6,44,50
WBGene00018946,3,8,11
WBGene00018948,2,16,18
WBGene00018949,0,1,1
WBGene00018950,20,65,85
WBGene00018951,9,126,135
WBGene00018952,10,50,60
WBGene00018953,121,981,1102
WBGene00018954,22,115,137
WBGene00018955,25,201,226
WBGene00018957,17,234,251
WBGene00018958,35,116,151
WBGene00018959,16,128,144
WBGene00018960,15,222,237
WBGene00018961,263,750,1013
WBGene00018963,512,5080,5592
WBGene00018964,16,75,91
WBGene00018965,8,15,23
WBGene00018966,9,31,40
WBGene00018967,32,579,611
WBGene00018968,0,3,3
WBGene00018969,16,349,365
WBGene00018970,0,0,0
WBGene00018971,6,18,24
WBGene00018972,0,0,0
WBGene00018973,0,0,0
WBGene00018974,60,253,313
WBGene00018975,115,266,381
WBGene00018976,82,31,113
WBGene00018978,0,0,0
WBGene00018979,0,0,0
WBGene00018980,0,0,0
WBGene00018981,0,2,2
WBGene00018982,0,0,0
WBGene00018984,9,45,54
WBGene00018985,72,248,320
WBGene00018986,23,220,243
WBGene00018987,21,111,132
WBGene00018988,5,47,52
WBGene00018989,34,182,216
WBGene00018990,22,59,81
WBGene00018991,11,40,51
WBGene00018994,1,0,1
WBGene00018995,29,148,177
WBGene00018996,8,333,341
WBGene00018997,1,13,14
WBGene00018998,61,465,526
WBGene00018999,0,0,0
WBGene00019001,281,3625,3906
WBGene00019002,15,36,51
WBGene00019003,49,888,937
WBGene00019004,11,205,216
WBGene00019005,73,369,442
WBGene00019006,55,340,395
WBGene00019007,897,3157,4054
WBGene00019008,4,186,190
WBGene00019009,12,55,67
WBGene00019010,29,5,34
WBGene00019011,27,189,216
WBGene00019012,11,39,50
WBGene00019013,2,48,50
WBGene00019014,12,55,67
WBGene00019015,0,1,1
WBGene00019016,2,1,3
WBGene00019017,14,588,602
WBGene00019018,191,626,817
WBGene00019019,5,13,18
WBGene00019020,14,73,87
WBGene00019021,2,36,38
WBGene00019022,14,29,43
WBGene00019023,17,50,67
WBGene00019024,0,3,3
WBGene00019025,6,37,43
WBGene00019026,0,0,0
WBGene00019027,0,1,1
WBGene00019028,1,1,2
WBGene00019029,7,16,23
WBGene00019030,57,52,109
WBGene00019032,3,18,21
WBGene00019034,0,2,2
WBGene00019035,0,1,1
WBGene00019036,4,0,4
WBGene00019037,0,1,1
WBGene00019038,1,0,1
WBGene00019039,0,0,0
WBGene00019040,0,0,0
WBGene00019041,0,0,0
WBGene00019042,0,0,0
WBGene00019043,0,0,0
WBGene00019044,0,0,0
WBGene00019045,0,0,0
WBGene00019046,1,2,3
WBGene00019047,2,35,37
WBGene00019048,11,79,90
WBGene00019049,0,4,4
WBGene00019051,0,0,0
WBGene00019052,0,0,0
WBGene00019053,0,0,0
WBGene00019054,1,0,1
WBGene00019055,28,175,203
WBGene00019057,1,3,4
WBGene00019058,0,5,5
WBGene00019059,1,0,1
WBGene00019060,17,53,70
WBGene00019061,2596,12201,14797
WBGene00019062,0,0,0
WBGene00019063,1,3,4
WBGene00019064,22,278,300
WBGene00019065,0,0,0
WBGene00019066,0,0,0
WBGene00019067,4,25,29
WBGene00019068,0,15,15
WBGene00019069,47,85,132
WBGene00019070,0,7,7
WBGene00019072,4,83,87
WBGene00019073,0,0,0
WBGene00019074,60,376,436
WBGene00019075,3,101,104
WBGene00019076,54,570,624
WBGene00019077,10,352,362
WBGene00019079,39,415,454
WBGene00019080,5,9,14
WBGene00019081,0,0,0
WBGene00019082,6,39,45
WBGene00019083,0,0,0
WBGene00019084,1,1,2
WBGene00019085,2,1,3
WBGene00019086,2,0,2
WBGene00019087,1,204,205
WBGene00019089,3,2,5
WBGene00019090,248,1051,1299
WBGene00019091,2,4,6
WBGene00019092,1169,2847,4016
WBGene00019094,3,0,3
WBGene00019096,2,0,2
WBGene00019097,11,87,98
WBGene00019098,1,6,7
WBGene00019099,1,1,2
WBGene00019100,8,26,34
WBGene00019101,2,8,10
WBGene00019102,137,543,680
WBGene00019103,9,25,34
WBGene00019104,0,0,0
WBGene00019105,0,19,19
WBGene00019106,4,3,7
WBGene00019108,4,58,62
WBGene00019109,59,119,178
WBGene00019111,54,130,184
WBGene00019112,2,2,4
WBGene00019113,25,78,103
WBGene00019114,8,32,40
WBGene00019115,7,38,45
WBGene00019116,3,71,74
WBGene00019118,6,222,228
WBGene00019119,0,0,0
WBGene00019120,22,344,366
WBGene00019121,18,314,332
WBGene00019122,5,78,83
WBGene00019123,0,0,0
WBGene00019124,53,404,457
WBGene00019125,24,83,107
WBGene00019126,9,402,411
WBGene00019127,19,186,205
WBGene00019128,23,68,91
WBGene00019129,38,109,147
WBGene00019130,51,64,115
WBGene00019132,1,6,7
WBGene00019133,0,2,2
WBGene00019136,0,0,0
WBGene00019138,0,1,1
WBGene00019139,4,22,26
WBGene00019140,6,18,24
WBGene00019141,23,69,92
WBGene00019142,15,131,146
WBGene00019143,26,185,211
WBGene00019144,1,5,6
WBGene00019145,0,1,1
WBGene00019146,0,0,0
WBGene00019148,8,101,109
WBGene00019149,10,29,39
WBGene00019150,15,12,27
WBGene00019151,0,1,1
WBGene00019152,1,6,7
WBGene00019153,2,61,63
WBGene00019154,2,140,142
WBGene00019155,2,0,2
WBGene00019156,27,298,325
WBGene00019157,77,149,226
WBGene00019158,17,338,355
WBGene00019159,4,0,4
WBGene00019160,166,15010,15176
WBGene00019162,33,4201,4234
WBGene00019163,44,420,464
WBGene00019164,4,44,48
WBGene00019165,1,0,1
WBGene00019166,82,130,212
WBGene00019167,42,241,283
WBGene00019168,504,2330,2834
WBGene00019169,1,1,2
WBGene00019170,95,780,875
WBGene00019171,3,1,4
WBGene00019174,43,25,68
WBGene00019177,2,68,70
WBGene00019178,1,1,2
WBGene00019179,0,0,0
WBGene00019180,106,235,341
WBGene00019182,17,46,63
WBGene00019183,769,10,779
WBGene00019184,2,20,22
WBGene00019185,11,230,241
WBGene00019186,0,0,0
WBGene00019187,24,72,96
WBGene00019188,33,301,334
WBGene00019189,0,2,2
WBGene00019190,9,0,9
WBGene00019192,1,1,2
WBGene00019194,4,14,18
WBGene00019196,8,463,471
WBGene00019197,3,9,12
WBGene00019198,32,89,121
WBGene00019199,27,289,316
WBGene00019200,51,173,224
WBGene00019201,1,1,2
WBGene00019202,3,0,3
WBGene00019203,301,1545,1846
WBGene00019204,118,202,320
WBGene00019205,418,1336,1754
WBGene00019207,171,1759,1930
WBGene00019209,72,738,810
WBGene00019211,69,333,402
WBGene00019212,19,302,321
WBGene00019213,8,33,41
WBGene00019214,0,0,0
WBGene00019215,2,2,4
WBGene00019216,0,0,0
WBGene00019217,102,373,475
WBGene00019218,10,110,120
WBGene00019219,26,277,303
WBGene00019220,36,886,922
WBGene00019221,1,79,80
WBGene00019222,3,2,5
WBGene00019224,2,42,44
WBGene00019225,0,6,6
WBGene00019226,0,44,44
WBGene00019227,116,466,582
WBGene00019228,2,41,43
WBGene00019229,1,2,3
WBGene00019230,22,38,60
WBGene00019231,10,16,26
WBGene00019232,117,241,358
WBGene00019233,1,10,11
WBGene00019234,6,87,93
WBGene00019235,0,12,12
WBGene00019236,5,9,14
WBGene00019237,70,443,513
WBGene00019239,11,2,13
WBGene00019240,62,686,748
WBGene00019241,71,325,396
WBGene00019242,10,5,15
WBGene00019243,2,188,190
WBGene00019244,14,69,83
WBGene00019245,67,277,344
WBGene00019246,267,912,1179
WBGene00019247,1,43,44
WBGene00019248,52,85,137
WBGene00019249,100,3686,3786
WBGene00019250,321,910,1231
WBGene00019251,1,3,4
WBGene00019253,0,4,4
WBGene00019254,3,10,13
WBGene00019255,0,2,2
WBGene00019257,0,0,0
WBGene00019259,17,469,486
WBGene00019260,1,3,4
WBGene00019261,0,15,15
WBGene00019262,1,2,3
WBGene00019263,44,229,273
WBGene00019264,54,232,286
WBGene00019265,5,166,171
WBGene00019266,0,11,11
WBGene00019267,0,0,0
WBGene00019268,29,116,145
WBGene00019269,2,9,11
WBGene00019270,56,112,168
WBGene00019272,28,94,122
WBGene00019273,1,15,16
WBGene00019274,27,241,268
WBGene00019275,65,401,466
WBGene00019276,45,309,354
WBGene00019277,116,585,701
WBGene00019279,450,334,784
WBGene00019280,8,155,163
WBGene00019281,1,0,1
WBGene00019282,672,13889,14561
WBGene00019283,0,0,0
WBGene00019284,11,327,338
WBGene00019285,49,132,181
WBGene00019286,38,76,114
WBGene00019287,9,14,23
WBGene00019288,0,4,4
WBGene00019289,62,296,358
WBGene00019290,3,55,58
WBGene00019292,0,1,1
WBGene00019293,2,83,85
WBGene00019294,94,759,853
WBGene00019295,127,500,627
WBGene00019296,13,443,456
WBGene00019297,0,0,0
WBGene00019298,14,194,208
WBGene00019299,52,195,247
WBGene00019300,13,157,170
WBGene00019301,156,1447,1603
WBGene00019302,0,0,0
WBGene00019303,11,8,19
WBGene00019304,4,65,69
WBGene00019305,14,536,550
WBGene00019306,0,2,2
WBGene00019309,1,1,2
WBGene00019312,0,1,1
WBGene00019313,0,0,0
WBGene00019314,1,3,4
WBGene00019315,55,242,297
WBGene00019316,0,30,30
WBGene00019317,26,156,182
WBGene00019318,47,36,83
WBGene00019319,22,71,93
WBGene00019320,11,27,38
WBGene00019321,16,106,122
WBGene00019322,85,15678,15763
WBGene00019323,186,741,927
WBGene00019324,183,3188,3371
WBGene00019326,83,296,379
WBGene00019327,124,3465,3589
WBGene00019328,221,957,1178
WBGene00019329,42,152,194
WBGene00019331,27,61,88
WBGene00019332,687,3040,3727
WBGene00019333,264,1046,1310
WBGene00019334,10,315,325
WBGene00019335,2,9,11
WBGene00019337,1,0,1
WBGene00019338,0,1,1
WBGene00019339,0,34,34
WBGene00019340,1,2,3
WBGene00019341,1,0,1
WBGene00019342,0,5,5
WBGene00019343,11,13,24
WBGene00019344,11,109,120
WBGene00019345,22,72,94
WBGene00019346,4,40,44
WBGene00019347,77,54,131
WBGene00019348,0,0,0
WBGene00019349,0,0,0
WBGene00019350,2,1,3
WBGene00019351,22,186,208
WBGene00019352,34,132,166
WBGene00019353,10,285,295
WBGene00019354,10,389,399
WBGene00019355,97,532,629
WBGene00019356,3,1,4
WBGene00019357,0,2744,2744
WBGene00019359,10,4,14
WBGene00019360,29,39,68
WBGene00019361,122,1162,1284
WBGene00019362,36,38,74
WBGene00019364,6,68,74
WBGene00019365,39,503,542
WBGene00019367,1,4,5
WBGene00019368,26,48,74
WBGene00019369,3,5,8
WBGene00019370,23,74,97
WBGene00019371,0,1,1
WBGene00019372,0,2,2
WBGene00019373,6,111,117
WBGene00019374,3,70,73
WBGene00019376,0,0,0
WBGene00019379,1,5,6
WBGene00019380,229,997,1226
WBGene00019381,0,2275,2275
WBGene00019382,0,9,9
WBGene00019383,0,0,0
WBGene00019386,0,1,1
WBGene00019387,0,0,0
WBGene00019388,8,24,32
WBGene00019389,0,0,0
WBGene00019391,3,6,9
WBGene00019392,2,1,3
WBGene00019393,4,7,11
WBGene00019394,39,102,141
WBGene00019395,12,48,60
WBGene00019396,34,235,269
WBGene00019399,20,400,420
WBGene00019400,54,244,298
WBGene00019401,64,2074,2138
WBGene00019402,54,736,790
WBGene00019403,27,194,221
WBGene00019404,3,23,26
WBGene00019405,2,7,9
WBGene00019406,7,19,26
WBGene00019407,51,241,292
WBGene00019408,25,237,262
WBGene00019409,0,0,0
WBGene00019410,0,5,5
WBGene00019411,0,8,8
WBGene00019412,0,0,0
WBGene00019413,0,0,0
WBGene00019414,0,0,0
WBGene00019415,0,3,3
WBGene00019416,0,0,0
WBGene00019417,0,0,0
WBGene00019418,0,0,0
WBGene00019419,0,0,0
WBGene00019420,0,0,0
WBGene00019421,2,0,2
WBGene00019422,0,1,1
WBGene00019423,9,0,9
WBGene00019424,14,52,66
WBGene00019425,0,1,1
WBGene00019426,1,62,63
WBGene00019427,32,208,240
WBGene00019428,61,167,228
WBGene00019429,12,117,129
WBGene00019430,0,17,17
WBGene00019431,4,2,6
WBGene00019432,65,549,614
WBGene00019433,48,1776,1824
WBGene00019434,71,99,170
WBGene00019435,8,40,48
WBGene00019436,13,134,147
WBGene00019437,140,466,606
WBGene00019438,0,0,0
WBGene00019442,0,0,0
WBGene00019443,3,0,3
WBGene00019444,4,11,15
WBGene00019445,11,28,39
WBGene00019448,12,90,102
WBGene00019449,0,0,0
WBGene00019450,0,0,0
WBGene00019451,0,0,0
WBGene00019452,0,0,0
WBGene00019453,0,0,0
WBGene00019455,10,20,30
WBGene00019456,19,97,116
WBGene00019457,137,277,414
WBGene00019458,24,79,103
WBGene00019459,0,0,0
WBGene00019460,26,213,239
WBGene00019461,10,6,16
WBGene00019462,69,24,93
WBGene00019464,4,71,75
WBGene00019465,103,809,912
WBGene00019466,953,6050,7003
WBGene00019467,3,248,251
WBGene00019470,2,1,3
WBGene00019471,0,0,0
WBGene00019472,1,1,2
WBGene00019473,1,3,4
WBGene00019476,18,98,116
WBGene00019477,6,58,64
WBGene00019478,699,1564,2263
WBGene00019479,55,526,581
WBGene00019480,32,279,311
WBGene00019481,31,748,779
WBGene00019482,28,130,158
WBGene00019483,1,0,1
WBGene00019484,2,81,83
WBGene00019485,31,99,130
WBGene00019486,0,2,2
WBGene00019487,9,82,91
WBGene00019488,130,949,1079
WBGene00019489,20,313,333
WBGene00019490,17,261,278
WBGene00019491,10,158,168
WBGene00019492,285,1049,1334
WBGene00019493,10,32,42
WBGene00019495,17,162,179
WBGene00019496,5,24,29
WBGene00019497,21,217,238
WBGene00019498,34,186,220
WBGene00019501,0,0,0
WBGene00019502,0,0,0
WBGene00019503,16,95,111
WBGene00019504,3,358,361
WBGene00019506,5,8,13
WBGene00019507,0,1,1
WBGene00019508,0,5,5
WBGene00019509,2,44,46
WBGene00019510,316,7180,7496
WBGene00019511,42,460,502
WBGene00019512,1,4,5
WBGene00019513,14,171,185
WBGene00019514,0,2,2
WBGene00019515,5,24,29
WBGene00019516,3,13,16
WBGene00019518,10,23,33
WBGene00019519,65,142,207
WBGene00019520,0,86,86
WBGene00019521,44,507,551
WBGene00019522,45,172,217
WBGene00019524,0,0,0
WBGene00019525,68,327,395
WBGene00019527,0,1,1
WBGene00019529,0,0,0
WBGene00019530,0,1,1
WBGene00019531,1,0,1
WBGene00019533,0,3,3
WBGene00019534,0,0,0
WBGene00019535,8,66,74
WBGene00019536,29,24,53
WBGene00019537,0,9568,9568
WBGene00019538,6,69,75
WBGene00019540,35,2072,2107
WBGene00019541,0,15,15
WBGene00019543,233,1413,1646
WBGene00019544,22,430,452
WBGene00019545,29,81,110
WBGene00019546,14,148,162
WBGene00019547,0,0,0
WBGene00019548,0,0,0
WBGene00019549,1,0,1
WBGene00019550,4,8,12
WBGene00019551,2,40,42
WBGene00019552,0,1,1
WBGene00019553,0,13,13
WBGene00019554,15,145,160
WBGene00019556,0,3,3
WBGene00019557,0,0,0
WBGene00019558,0,0,0
WBGene00019559,0,0,0
WBGene00019560,0,0,0
WBGene00019561,1,6,7
WBGene00019562,0,0,0
WBGene00019563,4,10,14
WBGene00019564,113,344,457
WBGene00019565,1,0,1
WBGene00019566,0,2,2
WBGene00019567,0,0,0
WBGene00019570,6,19,25
WBGene00019571,131,10,141
WBGene00019572,0,7,7
WBGene00019574,0,0,0
WBGene00019576,1,8,9
WBGene00019577,1,14,15
WBGene00019578,0,1,1
WBGene00019579,0,0,0
WBGene00019580,0,3,3
WBGene00019582,1,2,3
WBGene00019583,1,1,2
WBGene00019584,2,2,4
WBGene00019586,3,5,8
WBGene00019587,2,2,4
WBGene00019588,0,3,3
WBGene00019589,8,9,17
WBGene00019590,1,1,2
WBGene00019591,0,0,0
WBGene00019592,0,26,26
WBGene00019593,0,33,33
WBGene00019594,12,7,19
WBGene00019595,6,111,117
WBGene00019597,49,155,204
WBGene00019598,0,0,0
WBGene00019599,16,55,71
WBGene00019600,0,28,28
WBGene00019601,2,6,8
WBGene00019602,1,0,1
WBGene00019603,2,85,87
WBGene00019604,0,0,0
WBGene00019605,15,69,84
WBGene00019606,0,11,11
WBGene00019607,514,1307,1821
WBGene00019608,4,38,42
WBGene00019609,138,445,583
WBGene00019611,4,108,112
WBGene00019612,73,372,445
WBGene00019613,0,0,0
WBGene00019614,0,2,2
WBGene00019615,35,118,153
WBGene00019616,10,34,44
WBGene00019617,14,245,259
WBGene00019618,1,4,5
WBGene00019619,25,63,88
WBGene00019620,23,961,984
WBGene00019621,0,0,0
WBGene00019622,0,0,0
WBGene00019623,38,223,261
WBGene00019624,235,605,840
WBGene00019625,3,2,5
WBGene00019626,0,0,0
WBGene00019627,29,181,210
WBGene00019628,10,341,351
WBGene00019629,12,217,229
WBGene00019630,19,80,99
WBGene00019631,63,408,471
WBGene00019633,61,186,247
WBGene00019636,3,36,39
WBGene00019638,0,0,0
WBGene00019639,0,3,3
WBGene00019640,7,5,12
WBGene00019641,5,26,31
WBGene00019642,12,31,43
WBGene00019643,6,176,182
WBGene00019644,16,73,89
WBGene00019645,48,437,485
WBGene00019646,0,1,1
WBGene00019647,22,298,320
WBGene00019648,1,16,17
WBGene00019649,4,34,38
WBGene00019650,39,228,267
WBGene00019651,66,324,390
WBGene00019652,6,123,129
WBGene00019653,0,2,2
WBGene00019654,3,14,17
WBGene00019655,2,27,29
WBGene00019656,18,721,739
WBGene00019657,20,191,211
WBGene00019658,60,350,410
WBGene00019659,1,11,12
WBGene00019660,1,39,40
WBGene00019661,2,24,26
WBGene00019662,1,3,4
WBGene00019663,15,519,534
WBGene00019664,112,894,1006
WBGene00019665,6,71,77
WBGene00019666,13,113,126
WBGene00019667,1,2,3
WBGene00019668,1,6,7
WBGene00019669,13,21,34
WBGene00019670,0,0,0
WBGene00019673,23,213,236
WBGene00019674,6,1,7
WBGene00019675,0,0,0
WBGene00019677,40,117,157
WBGene00019678,223,840,1063
WBGene00019679,108,946,1054
WBGene00019680,0,4511,4511
WBGene00019681,0,0,0
WBGene00019682,36,168,204
WBGene00019683,349,14,363
WBGene00019684,0,0,0
WBGene00019685,1,1,2
WBGene00019686,147,482,629
WBGene00019687,0,1,1
WBGene00019688,2,0,2
WBGene00019689,0,2,2
WBGene00019690,0,7,7
WBGene00019691,8,27,35
WBGene00019692,26,79,105
WBGene00019693,19,1208,1227
WBGene00019697,138,442,580
WBGene00019698,139,1053,1192
WBGene00019699,0,1,1
WBGene00019700,0,1,1
WBGene00019702,0,0,0
WBGene00019703,1,0,1
WBGene00019704,0,0,0
WBGene00019705,0,5,5
WBGene00019709,0,0,0
WBGene00019710,1,101,102
WBGene00019711,42,487,529
WBGene00019712,6,44,50
WBGene00019713,16,72,88
WBGene00019714,0,0,0
WBGene00019715,32,154,186
WBGene00019716,199,544,743
WBGene00019717,7,21,28
WBGene00019718,0,0,0
WBGene00019719,682,2614,3296
WBGene00019720,36,90,126
WBGene00019721,8,2,10
WBGene00019722,1,6,7
WBGene00019723,0,33,33
WBGene00019724,48,119,167
WBGene00019725,11,39,50
WBGene00019726,99,239,338
WBGene00019727,279,5500,5779
WBGene00019728,0,1,1
WBGene00019729,20,84,104
WBGene00019730,15,184,199
WBGene00019731,14,11,25
WBGene00019732,0,482,482
WBGene00019733,104,368,472
WBGene00019734,253,1315,1568
WBGene00019735,2,14,16
WBGene00019736,3,3,6
WBGene00019738,4,10,14
WBGene00019740,0,0,0
WBGene00019741,10,111,121
WBGene00019742,19,35,54
WBGene00019743,18,67,85
WBGene00019744,66,493,559
WBGene00019745,0,5,5
WBGene00019746,20,45,65
WBGene00019747,122,341,463
WBGene00019748,49,484,533
WBGene00019749,21,102,123
WBGene00019750,419,476,895
WBGene00019751,17,437,454
WBGene00019753,15,42,57
WBGene00019754,3,49,52
WBGene00019755,1,1,2
WBGene00019756,0,1,1
WBGene00019757,68,154,222
WBGene00019758,0,2,2
WBGene00019759,45,5923,5968
WBGene00019760,220,5119,5339
WBGene00019761,2,4,6
WBGene00019762,58,652,710
WBGene00019763,11,14,25
WBGene00019764,19,145,164
WBGene00019765,61,64,125
WBGene00019766,28,106,134
WBGene00019767,14,2054,2068
WBGene00019768,33,146,179
WBGene00019769,0,43,43
WBGene00019770,638,1063,1701
WBGene00019771,98,461,559
WBGene00019772,133,666,799
WBGene00019773,1,4,5
WBGene00019774,62,111,173
WBGene00019776,2,33,35
WBGene00019777,11,36,47
WBGene00019778,6,149,155
WBGene00019779,11,59,70
WBGene00019780,64,5422,5486
WBGene00019781,47,237,284
WBGene00019782,3,8,11
WBGene00019783,2,2,4
WBGene00019784,1,4,5
WBGene00019785,2,2,4
WBGene00019786,78,212,290
WBGene00019787,24,150,174
WBGene00019788,0,8,8
WBGene00019791,0,0,0
WBGene00019792,11,55,66
WBGene00019793,1,0,1
WBGene00019794,0,0,0
WBGene00019795,0,0,0
WBGene00019796,0,0,0
WBGene00019797,0,0,0
WBGene00019798,0,0,0
WBGene00019799,0,1,1
WBGene00019800,1,1204,1205
WBGene00019801,33,157,190
WBGene00019803,4,35,39
WBGene00019804,3,1,4
WBGene00019805,11,51,62
WBGene00019806,2,68,70
WBGene00019807,13,119,132
WBGene00019808,33,431,464
WBGene00019809,0,0,0
WBGene00019810,0,9,9
WBGene00019811,0,7,7
WBGene00019812,32,32,64
WBGene00019813,8,420,428
WBGene00019814,9,18,27
WBGene00019815,1,0,1
WBGene00019816,30,110,140
WBGene00019817,15,30,45
WBGene00019818,42,294,336
WBGene00019819,26,1034,1060
WBGene00019820,13,301,314
WBGene00019821,26,313,339
WBGene00019822,17,178,195
WBGene00019823,70,466,536
WBGene00019824,40,135,175
WBGene00019825,29,89,118
WBGene00019826,1,3,4
WBGene00019827,33,314,347
WBGene00019828,45,49,94
WBGene00019829,8,175,183
WBGene00019830,8,166,174
WBGene00019831,119,3718,3837
WBGene00019832,41,105,146
WBGene00019833,0,0,0
WBGene00019834,0,1,1
WBGene00019835,0,0,0
WBGene00019836,44,518,562
WBGene00019837,13,55,68
WBGene00019838,184,708,892
WBGene00019839,2,7,9
WBGene00019840,15,82,97
WBGene00019841,19,416,435
WBGene00019842,164,179,343
WBGene00019843,22,260,282
WBGene00019844,27,164,191
WBGene00019845,2,12,14
WBGene00019846,1,12,13
WBGene00019847,34,251,285
WBGene00019849,0,9,9
WBGene00019850,0,0,0
WBGene00019851,1,4,5
WBGene00019854,36,38,74
WBGene00019855,97,539,636
WBGene00019856,1,1,2
WBGene00019857,1,1,2
WBGene00019858,3,26,29
WBGene00019859,0,17,17
WBGene00019861,4,6,10
WBGene00019862,8,164,172
WBGene00019863,58,137,195
WBGene00019864,21,118,139
WBGene00019865,4,27,31
WBGene00019866,5,20,25
WBGene00019867,46,141,187
WBGene00019868,23,113,136
WBGene00019869,4,6,10
WBGene00019870,14,168,182
WBGene00019871,6,260,266
WBGene00019872,30,114,144
WBGene00019873,13,135,148
WBGene00019874,0,3,3
WBGene00019875,30,615,645
WBGene00019877,12,215,227
WBGene00019878,2,25,27
WBGene00019879,0,0,0
WBGene00019880,0,0,0
WBGene00019881,20,201,221
WBGene00019882,120,396,516
WBGene00019883,32,391,423
WBGene00019884,34,229,263
WBGene00019885,13,96,109
WBGene00019886,2,3,5
WBGene00019887,9,7,16
WBGene00019888,70,807,877
WBGene00019890,18,1682,1700
WBGene00019891,1,2,3
WBGene00019892,10,186,196
WBGene00019893,35,2521,2556
WBGene00019894,5,31,36
WBGene00019895,40,492,532
WBGene00019896,5,28,33
WBGene00019898,37,308,345
WBGene00019899,44,80,124
WBGene00019900,280,19202,19482
WBGene00019901,0,4,4
WBGene00019902,74,172,246
WBGene00019903,0,0,0
WBGene00019904,73,532,605
WBGene00019905,0,1,1
WBGene00019906,0,0,0
WBGene00019907,10,81,91
WBGene00019908,233,701,934
WBGene00019909,17,11,28
WBGene00019911,43,220,263
WBGene00019913,4,0,4
WBGene00019914,13,36,49
WBGene00019915,58,135,193
WBGene00019916,0,0,0
WBGene00019917,0,1,1
WBGene00019918,14,44,58
WBGene00019919,0,0,0
WBGene00019920,0,0,0
WBGene00019921,0,4,4
WBGene00019922,4,7,11
WBGene00019923,1,1,2
WBGene00019924,16,72,88
WBGene00019925,0,4,4
WBGene00019926,0,1,1
WBGene00019927,2,3,5
WBGene00019928,0,4,4
WBGene00019929,0,0,0
WBGene00019931,0,1,1
WBGene00019933,2,1,3
WBGene00019935,10,39,49
WBGene00019937,0,1963,1963
WBGene00019938,14,86,100
WBGene00019939,3,10,13
WBGene00019940,106,942,1048
WBGene00019941,69,963,1032
WBGene00019943,23,144,167
WBGene00019944,26,466,492
WBGene00019945,0,0,0
WBGene00019946,41,873,914
WBGene00019947,20,4562,4582
WBGene00019948,2,6,8
WBGene00019949,0,0,0
WBGene00019950,1,0,1
WBGene00019951,1,4,5
WBGene00019952,1,99,100
WBGene00019953,69,609,678
WBGene00019954,0,0,0
WBGene00019955,69,156,225
WBGene00019956,0,2,2
WBGene00019957,18,43,61
WBGene00019959,22,122,144
WBGene00019960,28,141,169
WBGene00019961,0,17,17
WBGene00019962,19,110,129
WBGene00019963,13,215,228
WBGene00019964,2,1,3
WBGene00019965,3,18,21
WBGene00019966,2,4,6
WBGene00019967,10,232,242
WBGene00019968,2,67,69
WBGene00019970,0,12,12
WBGene00019971,18,315,333
WBGene00019972,0,4,4
WBGene00019973,6,5,11
WBGene00019975,69,282,351
WBGene00019977,5,8,13
WBGene00019978,2,13,15
WBGene00019979,4,26,30
WBGene00019980,0,1,1
WBGene00019981,3,1,4
WBGene00019982,9,8,17
WBGene00019983,12,1386,1398
WBGene00019986,9,36,45
WBGene00019987,2,176,178
WBGene00019988,4,207,211
WBGene00019989,1,6,7
WBGene00019991,0,0,0
WBGene00019992,0,0,0
WBGene00019993,12,354,366
WBGene00019994,84,150,234
WBGene00019995,14,45,59
WBGene00019996,0,0,0
WBGene00019997,2,20,22
WBGene00019998,338,837,1175
WBGene00019999,14,40,54
WBGene00020003,8,7,15
WBGene00020004,2,1,3
WBGene00020006,12,111,123
WBGene00020007,22,989,1011
WBGene00020008,7,60,67
WBGene00020009,3,31,34
WBGene00020010,5,20,25
WBGene00020011,105,20,125
WBGene00020012,98,1280,1378
WBGene00020013,0,0,0
WBGene00020014,3,16,19
WBGene00020015,0,4,4
WBGene00020016,1,3,4
WBGene00020017,9,5,14
WBGene00020018,22,127,149
WBGene00020019,3,7,10
WBGene00020020,11,7,18
WBGene00020021,0,0,0
WBGene00020022,10,236,246
WBGene00020023,20,89,109
WBGene00020024,1,0,1
WBGene00020025,54,1277,1331
WBGene00020026,92,442,534
WBGene00020027,82,591,673
WBGene00020029,81,580,661
WBGene00020030,8,153,161
WBGene00020031,29,324,353
WBGene00020032,0,0,0
WBGene00020033,11,56,67
WBGene00020034,3,1,4
WBGene00020035,1,8,9
WBGene00020036,126,724,850
WBGene00020037,14,956,970
WBGene00020038,82,659,741
WBGene00020039,5,26,31
WBGene00020040,4,11,15
WBGene00020041,0,1,1
WBGene00020042,0,0,0
WBGene00020043,23,140,163
WBGene00020044,0,0,0
WBGene00020045,45,132,177
WBGene00020046,0,2,2
WBGene00020047,24,101,125
WBGene00020048,6,54,60
WBGene00020049,10,260,270
WBGene00020050,2,39,41
WBGene00020051,32,429,461
WBGene00020052,7,139,146
WBGene00020053,0,0,0
WBGene00020054,68,1622,1690
WBGene00020055,0,2,2
WBGene00020056,0,0,0
WBGene00020057,2,1,3
WBGene00020058,135,388,523
WBGene00020060,5,5,10
WBGene00020062,3,137,140
WBGene00020063,0,0,0
WBGene00020064,76,183,259
WBGene00020066,1,22,23
WBGene00020067,0,0,0
WBGene00020068,126,1139,1265
WBGene00020069,29,215,244
WBGene00020070,4,1,5
WBGene00020071,0,0,0
WBGene00020072,0,0,0
WBGene00020073,0,0,0
WBGene00020076,0,0,0
WBGene00020077,1,1,2
WBGene00020078,1,1,2
WBGene00020080,7,1,8
WBGene00020082,130,326,456
WBGene00020083,29,114,143
WBGene00020084,0,0,0
WBGene00020086,5,29,34
WBGene00020088,13,40,53
WBGene00020089,243,521,764
WBGene00020090,24,121,145
WBGene00020091,9,26,35
WBGene00020092,192,524,716
WBGene00020093,25,58,83
WBGene00020094,10,215,225
WBGene00020095,25,138,163
WBGene00020096,3,191,194
WBGene00020097,386,2380,2766
WBGene00020098,6,56,62
WBGene00020099,38,210,248
WBGene00020100,41,77,118
WBGene00020101,48,202,250
WBGene00020102,77,358,435
WBGene00020103,0,32,32
WBGene00020104,14,231,245
WBGene00020105,30,43,73
WBGene00020106,106,577,683
WBGene00020107,19,1022,1041
WBGene00020109,0,12,12
WBGene00020110,0,252,252
WBGene00020111,0,26,26
WBGene00020112,0,1232,1232
WBGene00020113,0,1,1
WBGene00020114,780,2859,3639
WBGene00020115,254,1219,1473
WBGene00020116,2,1,3
WBGene00020117,0,0,0
WBGene00020118,0,0,0
WBGene00020119,0,0,0
WBGene00020120,1,0,1
WBGene00020121,0,3,3
WBGene00020122,0,4,4
WBGene00020123,4,5,9
WBGene00020125,14,65,79
WBGene00020126,44,520,564
WBGene00020127,0,0,0
WBGene00020128,13,15,28
WBGene00020129,1,0,1
WBGene00020130,2,21,23
WBGene00020131,302,1077,1379
WBGene00020134,227,197,424
WBGene00020135,19,320,339
WBGene00020136,0,1,1
WBGene00020137,13,79,92
WBGene00020138,3,10,13
WBGene00020139,20,316,336
WBGene00020140,0,1,1
WBGene00020141,12,82,94
WBGene00020142,71,397,468
WBGene00020143,397,2387,2784
WBGene00020144,8,1,9
WBGene00020146,56,2262,2318
WBGene00020148,4,49,53
WBGene00020149,11,103,114
WBGene00020150,0,0,0
WBGene00020151,2,15,17
WBGene00020152,8,14,22
WBGene00020153,10,35,45
WBGene00020154,0,6,6
WBGene00020155,7,11179,11186
WBGene00020156,45,5535,5580
WBGene00020157,9,4,13
WBGene00020158,19,119,138
WBGene00020160,49,393,442
WBGene00020163,46,109,155
WBGene00020166,85,648,733
WBGene00020168,1,33,34
WBGene00020169,15,598,613
WBGene00020170,8,9,17
WBGene00020171,142,434,576
WBGene00020172,20,96,116
WBGene00020173,0,0,0
WBGene00020174,0,0,0
WBGene00020175,4,7,11
WBGene00020176,0,0,0
WBGene00020177,0,0,0
WBGene00020178,0,0,0
WBGene00020179,1,3,4
WBGene00020180,0,0,0
WBGene00020181,3164,10876,14040
WBGene00020182,0,0,0
WBGene00020183,6,45,51
WBGene00020184,6,362,368
WBGene00020185,13,2834,2847
WBGene00020187,21,79,100
WBGene00020188,1,8,9
WBGene00020189,58,172,230
WBGene00020190,105,910,1015
WBGene00020191,2,5,7
WBGene00020192,91,4775,4866
WBGene00020193,27,132,159
WBGene00020194,68,424,492
WBGene00020195,31,1581,1612
WBGene00020196,27,51,78
WBGene00020197,29,295,324
WBGene00020199,3,123,126
WBGene00020200,194,973,1167
WBGene00020201,0,1,1
WBGene00020202,0,0,0
WBGene00020203,2,0,2
WBGene00020205,1,2,3
WBGene00020207,46,304,350
WBGene00020208,136,142,278
WBGene00020209,276,934,1210
WBGene00020210,0,3,3
WBGene00020211,0,1,1
WBGene00020212,12,12,24
WBGene00020214,7,106,113
WBGene00020215,78,694,772
WBGene00020216,24,3303,3327
WBGene00020217,2,1,3
WBGene00020218,4,10,14
WBGene00020219,21,72,93
WBGene00020220,7,1,8
WBGene00020221,0,11,11
WBGene00020222,9,129,138
WBGene00020223,0,4,4
WBGene00020224,11,46,57
WBGene00020225,3,4,7
WBGene00020227,2,7,9
WBGene00020228,0,1,1
WBGene00020229,566,1377,1943
WBGene00020230,148,288,436
WBGene00020231,20,44,64
WBGene00020232,0,2,2
WBGene00020233,3,5,8
WBGene00020234,89,334,423
WBGene00020235,36,262,298
WBGene00020236,26,25,51
WBGene00020237,0,125,125
WBGene00020239,0,0,0
WBGene00020240,0,0,0
WBGene00020241,0,0,0
WBGene00020242,0,74,74
WBGene00020243,0,1,1
WBGene00020244,0,2,2
WBGene00020245,6,89,95
WBGene00020246,68,1667,1735
WBGene00020247,0,1,1
WBGene00020248,11,168,179
WBGene00020249,83,267,350
WBGene00020250,6,78,84
WBGene00020251,203,849,1052
WBGene00020252,3,4,7
WBGene00020254,5,10,15
WBGene00020256,1,6,7
WBGene00020258,7,17,24
WBGene00020259,24,178,202
WBGene00020260,180,690,870
WBGene00020261,0,3,3
WBGene00020262,2,2,4
WBGene00020263,52,247,299
WBGene00020264,11,53,64
WBGene00020265,1,2,3
WBGene00020266,2,7,9
WBGene00020267,6,14,20
WBGene00020268,123,477,600
WBGene00020269,72,2081,2153
WBGene00020270,0,2,2
WBGene00020273,129,382,511
WBGene00020274,27,308,335
WBGene00020275,3084,12810,15894
WBGene00020276,0,36,36
WBGene00020277,1,9,10
WBGene00020279,40,150,190
WBGene00020280,6,10,16
WBGene00020281,17,30,47
WBGene00020282,0,1,1
WBGene00020283,7,15,22
WBGene00020284,116,508,624
WBGene00020285,3,11,14
WBGene00020286,9,299,308
WBGene00020287,57,626,683
WBGene00020288,3,2,5
WBGene00020289,0,4,4
WBGene00020290,0,2,2
WBGene00020291,0,0,0
WBGene00020292,1,0,1
WBGene00020293,0,0,0
WBGene00020294,93,505,598
WBGene00020295,9,63,72
WBGene00020296,26,488,514
WBGene00020297,619,4095,4714
WBGene00020298,97,387,484
WBGene00020299,71,267,338
WBGene00020300,11,106,117
WBGene00020301,57,254,311
WBGene00020302,0,44,44
WBGene00020305,1,1,2
WBGene00020307,25,54,79
WBGene00020311,13,164,177
WBGene00020313,5,22,27
WBGene00020314,6,109,115
WBGene00020315,36,1442,1478
WBGene00020316,96,226,322
WBGene00020317,357,3959,4316
WBGene00020318,0,7,7
WBGene00020319,1,19,20
WBGene00020320,4,186,190
WBGene00020321,1,187,188
WBGene00020322,7,202,209
WBGene00020323,13,32,45
WBGene00020324,8,541,549
WBGene00020325,0,11,11
WBGene00020326,0,0,0
WBGene00020327,0,0,0
WBGene00020328,0,0,0
WBGene00020329,1,4,5
WBGene00020330,8,229,237
WBGene00020333,0,8,8
WBGene00020334,63,419,482
WBGene00020335,8,60,68
WBGene00020339,5,65,70
WBGene00020340,8,41,49
WBGene00020341,15,74,89
WBGene00020342,0,2,2
WBGene00020343,30,105,135
WBGene00020345,1,11,12
WBGene00020346,128,485,613
WBGene00020347,137,1720,1857
WBGene00020348,5,638,643
WBGene00020349,6,22,28
WBGene00020350,0,2,2
WBGene00020351,0,0,0
WBGene00020353,0,0,0
WBGene00020354,1,0,1
WBGene00020356,0,0,0
WBGene00020357,5,0,5
WBGene00020358,0,2,2
WBGene00020359,0,3,3
WBGene00020360,20,80,100
WBGene00020361,0,3,3
WBGene00020362,0,1,1
WBGene00020363,15,55,70
WBGene00020364,0,1,1
WBGene00020365,17,27,44
WBGene00020366,190,1906,2096
WBGene00020368,6,431,437
WBGene00020369,31,164,195
WBGene00020370,0,3,3
WBGene00020371,0,0,0
WBGene00020372,3,3,6
WBGene00020373,2,214,216
WBGene00020374,354,565,919
WBGene00020375,3,52,55
WBGene00020376,23,101,124
WBGene00020377,19,52,71
WBGene00020378,28,76,104
WBGene00020379,6,389,395
WBGene00020380,6,34,40
WBGene00020381,5,28,33
WBGene00020382,913,6685,7598
WBGene00020383,163,927,1090
WBGene00020384,0,1,1
WBGene00020385,30,74,104
WBGene00020386,0,2,2
WBGene00020389,92,977,1069
WBGene00020390,63,462,525
WBGene00020391,21,3988,4009
WBGene00020392,32,282,314
WBGene00020393,1,17,18
WBGene00020394,13,59,72
WBGene00020396,10,65,75
WBGene00020397,324,1484,1808
WBGene00020398,50,424,474
WBGene00020399,71,484,555
WBGene00020400,2,0,2
WBGene00020401,2,16,18
WBGene00020402,66,451,517
WBGene00020403,57,314,371
WBGene00020404,27,113,140
WBGene00020406,0,0,0
WBGene00020407,4,100,104
WBGene00020408,11,108,119
WBGene00020409,0,0,0
WBGene00020410,0,0,0
WBGene00020411,3,96,99
WBGene00020412,28,109,137
WBGene00020413,76,318,394
WBGene00020414,0,1,1
WBGene00020415,44,95,139
WBGene00020416,0,0,0
WBGene00020417,22,2805,2827
WBGene00020418,10,31,41
WBGene00020419,7,7,14
WBGene00020420,10,2,12
WBGene00020421,6,3,9
WBGene00020422,9,196,205
WBGene00020423,10,989,999
WBGene00020424,0,23,23
WBGene00020425,22,151,173
WBGene00020426,1,98,99
WBGene00020427,32,215,247
WBGene00020428,0,0,0
WBGene00020430,1,0,1
WBGene00020431,0,1,1
WBGene00020432,0,0,0
WBGene00020433,0,0,0
WBGene00020435,1,1,2
WBGene00020436,18,33,51
WBGene00020437,21,1288,1309
WBGene00020438,0,1,1
WBGene00020439,0,0,0
WBGene00020440,0,0,0
WBGene00020441,62,355,417
WBGene00020442,26,289,315
WBGene00020443,75,303,378
WBGene00020444,6,17,23
WBGene00020445,38,123,161
WBGene00020446,14,446,460
WBGene00020447,39,611,650
WBGene00020448,1,6,7
WBGene00020449,0,2,2
WBGene00020450,4,55,59
WBGene00020451,7,59,66
WBGene00020452,0,3,3
WBGene00020453,2,11,13
WBGene00020454,0,0,0
WBGene00020455,0,9,9
WBGene00020456,1,15,16
WBGene00020457,10,157,167
WBGene00020459,28,11,39
WBGene00020460,2,11,13
WBGene00020461,6,21,27
WBGene00020462,31,133,164
WBGene00020463,2,82,84
WBGene00020464,1,104,105
WBGene00020465,11,9,20
WBGene00020466,6,86,92
WBGene00020467,1,10,11
WBGene00020468,2,1,3
WBGene00020469,0,58,58
WBGene00020471,217,694,911
WBGene00020472,2,8,10
WBGene00020473,2,0,2
WBGene00020474,1,5,6
WBGene00020475,100,513,613
WBGene00020476,0,0,0
WBGene00020478,47,55,102
WBGene00020479,207,874,1081
WBGene00020480,37,180,217
WBGene00020481,46,463,509
WBGene00020482,3,15,18
WBGene00020483,1,9,10
WBGene00020484,0,9,9
WBGene00020485,6,20,26
WBGene00020486,39,136,175
WBGene00020487,2,29,31
WBGene00020488,0,2,2
WBGene00020489,35,241,276
WBGene00020490,111,542,653
WBGene00020491,19,90,109
WBGene00020492,210,0,210
WBGene00020494,1,6,7
WBGene00020496,100,536,636
WBGene00020497,0,448,448
WBGene00020498,44,328,372
WBGene00020499,127,608,735
WBGene00020500,48,203,251
WBGene00020501,74,385,459
WBGene00020502,41,211,252
WBGene00020503,4,8,12
WBGene00020504,145,358,503
WBGene00020505,1,7,8
WBGene00020506,25,70,95
WBGene00020507,15,895,910
WBGene00020508,4,157,161
WBGene00020509,49,293,342
WBGene00020510,3,214,217
WBGene00020511,90,1238,1328
WBGene00020515,0,1,1
WBGene00020516,2,13,15
WBGene00020517,22,656,678
WBGene00020520,1,0,1
WBGene00020522,1,1,2
WBGene00020523,1,1,2
WBGene00020524,11,6,17
WBGene00020525,0,0,0
WBGene00020526,3,3,6
WBGene00020527,13,26,39
WBGene00020528,8,21,29
WBGene00020529,0,0,0
WBGene00020530,44,753,797
WBGene00020531,6,14,20
WBGene00020532,0,4,4
WBGene00020533,0,0,0
WBGene00020534,0,0,0
WBGene00020535,0,0,0
WBGene00020536,0,0,0
WBGene00020537,0,0,0
WBGene00020539,0,0,0
WBGene00020540,14,157,171
WBGene00020541,0,0,0
WBGene00020542,0,0,0
WBGene00020543,0,0,0
WBGene00020544,0,0,0
WBGene00020546,0,0,0
WBGene00020548,0,0,0
WBGene00020549,2,1099,1101
WBGene00020550,0,14,14
WBGene00020551,2,13,15
WBGene00020553,22,460,482
WBGene00020554,14,92,106
WBGene00020555,5,6,11
WBGene00020556,23,184,207
WBGene00020557,103,547,650
WBGene00020558,34,97,131
WBGene00020559,26,69,95
WBGene00020560,14,5,19
WBGene00020561,274,1385,1659
WBGene00020562,28,666,694
WBGene00020563,60,513,573
WBGene00020564,3,11,14
WBGene00020565,2,145,147
WBGene00020566,8,101,109
WBGene00020567,6,22,28
WBGene00020568,108,432,540
WBGene00020569,28,97,125
WBGene00020571,4,17,21
WBGene00020572,33,97,130
WBGene00020573,30,104,134
WBGene00020574,6,4,10
WBGene00020575,13,21,34
WBGene00020576,0,22,22
WBGene00020577,9,32,41
WBGene00020578,0,0,0
WBGene00020579,29,129,158
WBGene00020580,1,2,3
WBGene00020581,114,460,574
WBGene00020582,2,122,124
WBGene00020583,0,6,6
WBGene00020584,1,0,1
WBGene00020585,128,1399,1527
WBGene00020586,16,80,96
WBGene00020587,44,318,362
WBGene00020588,94,549,643
WBGene00020589,584,2145,2729
WBGene00020590,2,3,5
WBGene00020592,33,274,307
WBGene00020593,11,89,100
WBGene00020594,0,3,3
WBGene00020595,8,159,167
WBGene00020596,17,195,212
WBGene00020597,0,0,0
WBGene00020598,0,0,0
WBGene00020599,23,28,51
WBGene00020600,52,381,433
WBGene00020601,19,714,733
WBGene00020602,3,6,9
WBGene00020603,0,0,0
WBGene00020604,22,866,888
WBGene00020605,37,349,386
WBGene00020607,0,0,0
WBGene00020608,0,1,1
WBGene00020609,1,0,1
WBGene00020611,0,1,1
WBGene00020612,8,38,46
WBGene00020613,0,0,0
WBGene00020616,0,4,4
WBGene00020617,0,0,0
WBGene00020618,0,2,2
WBGene00020620,1,1,2
WBGene00020623,0,1,1
WBGene00020624,3,0,3
WBGene00020625,15,292,307
WBGene00020626,11,42,53
WBGene00020627,17,14,31
WBGene00020628,44,207,251
WBGene00020629,12,229,241
WBGene00020630,29,198,227
WBGene00020631,0,1,1
WBGene00020633,23,286,309
WBGene00020634,6,16,22
WBGene00020635,2,2,4
WBGene00020636,26,3610,3636
WBGene00020637,0,0,0
WBGene00020638,0,0,0
WBGene00020639,0,0,0
WBGene00020640,1,1,2
WBGene00020642,1,0,1
WBGene00020645,0,10,10
WBGene00020646,0,5,5
WBGene00020647,15,284,299
WBGene00020648,1,4,5
WBGene00020649,28,94,122
WBGene00020650,0,2,2
WBGene00020651,40,147,187
WBGene00020652,3,8,11
WBGene00020653,0,2,2
WBGene00020655,2,2,4
WBGene00020656,1,0,1
WBGene00020657,7,49,56
WBGene00020658,9,229,238
WBGene00020659,2,67,69
WBGene00020660,1,7,8
WBGene00020661,0,4,4
WBGene00020662,96,345,441
WBGene00020663,13,30,43
WBGene00020664,9,107,116
WBGene00020665,0,2,2
WBGene00020666,0,1,1
WBGene00020667,3,2,5
WBGene00020669,3,0,3
WBGene00020670,0,0,0
WBGene00020672,162,6,168
WBGene00020673,13,123,136
WBGene00020674,1,1,2
WBGene00020675,2,116,118
WBGene00020678,48,293,341
WBGene00020679,114,3225,3339
WBGene00020680,0,2,2
WBGene00020681,0,0,0
WBGene00020682,157,943,1100
WBGene00020683,39,2083,2122
WBGene00020684,2,24,26
WBGene00020685,0,0,0
WBGene00020686,2,2,4
WBGene00020687,29,740,769
WBGene00020688,1,3,4
WBGene00020689,78,228,306
WBGene00020690,71,287,358
WBGene00020691,32,39,71
WBGene00020692,7,43,50
WBGene00020693,35,351,386
WBGene00020694,4,20,24
WBGene00020695,16,308,324
WBGene00020696,96,4285,4381
WBGene00020697,17,44,61
WBGene00020698,0,1,1
WBGene00020699,19,15,34
WBGene00020700,0,252,252
WBGene00020701,10,109,119
WBGene00020702,2,1,3
WBGene00020703,84,777,861
WBGene00020704,2,8,10
WBGene00020705,61,262,323
WBGene00020706,51,98,149
WBGene00020707,1,0,1
WBGene00020708,2,17,19
WBGene00020709,7,249,256
WBGene00020710,14,843,857
WBGene00020712,14,67,81
WBGene00020713,1,2,3
WBGene00020714,9,67,76
WBGene00020715,0,3,3
WBGene00020716,15,101,116
WBGene00020717,121,549,670
WBGene00020718,4,389,393
WBGene00020719,25,447,472
WBGene00020720,5,11,16
WBGene00020721,12,83,95
WBGene00020722,78,418,496
WBGene00020725,2,62,64
WBGene00020726,8,120,128
WBGene00020727,2,54,56
WBGene00020728,8,14,22
WBGene00020730,1,1,2
WBGene00020732,190,3103,3293
WBGene00020735,143,425,568
WBGene00020736,460,920,1380
WBGene00020737,13,86,99
WBGene00020738,106,725,831
WBGene00020740,8,132,140
WBGene00020741,2,51,53
WBGene00020742,45,208,253
WBGene00020743,6,57,63
WBGene00020744,1,106,107
WBGene00020746,1,6,7
WBGene00020747,0,3,3
WBGene00020748,0,0,0
WBGene00020749,2,7,9
WBGene00020750,1,4,5
WBGene00020752,0,0,0
WBGene00020753,0,0,0
WBGene00020754,0,0,0
WBGene00020755,0,0,0
WBGene00020756,96,425,521
WBGene00020757,8,104,112
WBGene00020758,18,31,49
WBGene00020759,3,12,15
WBGene00020760,9,36,45
WBGene00020761,27,102,129
WBGene00020762,34,578,612
WBGene00020763,77,129,206
WBGene00020764,1,2,3
WBGene00020765,12,66,78
WBGene00020766,0,1,1
WBGene00020767,26,480,506
WBGene00020769,1,2,3
WBGene00020770,54,325,379
WBGene00020771,0,1,1
WBGene00020772,0,0,0
WBGene00020773,1,0,1
WBGene00020774,4,14,18
WBGene00020775,4,7,11
WBGene00020777,13,56,69
WBGene00020778,0,6,6
WBGene00020779,133,524,657
WBGene00020781,96,689,785
WBGene00020782,88,183,271
WBGene00020783,31,65,96
WBGene00020784,87,401,488
WBGene00020785,0,0,0
WBGene00020786,6,37,43
WBGene00020787,0,2,2
WBGene00020788,4,94,98
WBGene00020789,0,12,12
WBGene00020790,25,77,102
WBGene00020791,1,3,4
WBGene00020792,2,5,7
WBGene00020793,4,6,10
WBGene00020794,3,6,9
WBGene00020795,2,0,2
WBGene00020796,21,1014,1035
WBGene00020797,6,6,12
WBGene00020798,9,96,105
WBGene00020799,2,33,35
WBGene00020800,6,41,47
WBGene00020801,9,73,82
WBGene00020802,1,9,10
WBGene00020803,0,28,28
WBGene00020804,0,3,3
WBGene00020805,0,7,7
WBGene00020806,6,50,56
WBGene00020807,10,12,22
WBGene00020808,14285,47450,61735
WBGene00020809,0,1,1
WBGene00020810,1,0,1
WBGene00020811,60,272,332
WBGene00020812,165,2551,2716
WBGene00020813,3,3,6
WBGene00020817,7,85,92
WBGene00020819,7,44,51
WBGene00020820,6,117,123
WBGene00020821,64,463,527
WBGene00020822,35,129,164
WBGene00020823,49,124,173
WBGene00020824,76,496,572
WBGene00020825,24,68,92
WBGene00020826,15,13,28
WBGene00020827,17,1054,1071
WBGene00020828,0,1,1
WBGene00020829,0,0,0
WBGene00020830,24,75,99
WBGene00020831,18,425,443
WBGene00020832,5,3,8
WBGene00020833,12,60,72
WBGene00020834,10,11,21
WBGene00020835,16,3,19
WBGene00020836,37,1106,1143
WBGene00020837,1,25,26
WBGene00020838,230,2253,2483
WBGene00020839,41,354,395
WBGene00020840,0,7,7
WBGene00020841,0,0,0
WBGene00020842,9,88,97
WBGene00020843,4,77,81
WBGene00020844,0,149,149
WBGene00020845,1,0,1
WBGene00020846,30,89,119
WBGene00020847,12,47,59
WBGene00020849,10,27,37
WBGene00020850,4,7,11
WBGene00020851,8,6,14
WBGene00020852,81,247,328
WBGene00020853,1,11,12
WBGene00020854,132,3589,3721
WBGene00020855,24,108,132
WBGene00020856,0,0,0
WBGene00020857,3,3,6
WBGene00020858,10,19,29
WBGene00020859,2,1,3
WBGene00020860,0,12,12
WBGene00020861,59,124,183
WBGene00020862,1092,4710,5802
WBGene00020863,2,4,6
WBGene00020864,4,9,13
WBGene00020865,18,235,253
WBGene00020866,97,334,431
WBGene00020867,79,497,576
WBGene00020868,558,3643,4201
WBGene00020869,24,111,135
WBGene00020870,0,0,0
WBGene00020871,0,0,0
WBGene00020874,0,0,0
WBGene00020875,0,0,0
WBGene00020877,1,11,12
WBGene00020878,6,48,54
WBGene00020879,0,2,2
WBGene00020880,0,0,0
WBGene00020881,0,2,2
WBGene00020882,1,0,1
WBGene00020883,5,167,172
WBGene00020884,88,1197,1285
WBGene00020886,50,1635,1685
WBGene00020887,161,348,509
WBGene00020888,1,1,2
WBGene00020889,1,12,13
WBGene00020890,0,0,0
WBGene00020891,88,511,599
WBGene00020892,1,4,5
WBGene00020893,4,15,19
WBGene00020894,597,8919,9516
WBGene00020895,385,1506,1891
WBGene00020896,0,56,56
WBGene00020897,112,573,685
WBGene00020898,2,63,65
WBGene00020899,0,7,7
WBGene00020900,0,0,0
WBGene00020901,62,166,228
WBGene00020902,293,794,1087
WBGene00020903,5,14,19
WBGene00020904,33,39,72
WBGene00020905,0,3,3
WBGene00020906,3,20,23
WBGene00020907,1,5,6
WBGene00020908,24,148,172
WBGene00020909,31,164,195
WBGene00020910,3,35,38
WBGene00020911,4,55,59
WBGene00020912,40,761,801
WBGene00020913,2,1,3
WBGene00020914,3,5,8
WBGene00020915,101,6016,6117
WBGene00020917,192,955,1147
WBGene00020918,2,4,6
WBGene00020919,6,206,212
WBGene00020920,41,145,186
WBGene00020921,19,465,484
WBGene00020922,0,0,0
WBGene00020923,0,2,2
WBGene00020924,2,30,32
WBGene00020927,15,1,16
WBGene00020929,111,433,544
WBGene00020930,504,2375,2879
WBGene00020931,12,768,780
WBGene00020932,71,689,760
WBGene00020933,10,281,291
WBGene00020935,39,158,197
WBGene00020936,15,416,431
WBGene00020937,13,170,183
WBGene00020938,1,3,4
WBGene00020939,25,164,189
WBGene00020940,0,0,0
WBGene00020941,0,3,3
WBGene00020942,177,499,676
WBGene00020943,0,1,1
WBGene00020944,2,1,3
WBGene00020945,10,0,10
WBGene00020946,2,4,6
WBGene00020947,11,44,55
WBGene00020948,1,13,14
WBGene00020949,11,117,128
WBGene00020950,122,4079,4201
WBGene00020951,99,585,684
WBGene00020952,25,58,83
WBGene00020953,0,8,8
WBGene00020954,24,84,108
WBGene00020955,56,54,110
WBGene00020957,20,155,175
WBGene00020961,9,1,10
WBGene00020962,6,20,26
WBGene00020964,50,123,173
WBGene00020966,2,6,8
WBGene00020967,0,0,0
WBGene00020970,33,246,279
WBGene00020972,2,1,3
WBGene00020973,0,0,0
WBGene00020974,0,0,0
WBGene00020976,0,3,3
WBGene00020977,4,4,8
WBGene00020978,2,1,3
WBGene00020979,0,0,0
WBGene00020982,1,0,1
WBGene00020983,0,0,0
WBGene00020984,0,0,0
WBGene00020985,2,8,10
WBGene00020986,1,57,58
WBGene00020987,0,0,0
WBGene00020988,0,0,0
WBGene00020989,5,7,12
WBGene00020990,0,0,0
WBGene00020993,21,488,509
WBGene00020994,11,579,590
WBGene00020995,3,18,21
WBGene00020997,26,64,90
WBGene00020999,4,192,196
WBGene00021000,9,146,155
WBGene00021002,29,429,458
WBGene00021003,0,1,1
WBGene00021004,152,935,1087
WBGene00021005,1,32,33
WBGene00021006,0,0,0
WBGene00021007,1,1,2
WBGene00021008,12,16,28
WBGene00021009,511,707,1218
WBGene00021010,0,2,2
WBGene00021011,0,23,23
WBGene00021012,18,178,196
WBGene00021013,0,0,0
WBGene00021014,2,26,28
WBGene00021015,2,43,45
WBGene00021016,0,2,2
WBGene00021017,7,17,24
WBGene00021019,26,187,213
WBGene00021020,61,92,153
WBGene00021021,141,713,854
WBGene00021022,199,277,476
WBGene00021023,0,1,1
WBGene00021024,261,1329,1590
WBGene00021025,5,6,11
WBGene00021026,202,1770,1972
WBGene00021027,27,59,86
WBGene00021028,2,3,5
WBGene00021029,0,5,5
WBGene00021030,0,3,3
WBGene00021031,4,14,18
WBGene00021032,0,0,0
WBGene00021033,0,0,0
WBGene00021034,2,8,10
WBGene00021035,0,26,26
WBGene00021036,405,1829,2234
WBGene00021038,25,83,108
WBGene00021039,11,145,156
WBGene00021040,0,9,9
WBGene00021041,0,0,0
WBGene00021042,3,9,12
WBGene00021043,32,9448,9480
WBGene00021044,60,387,447
WBGene00021045,2,10,12
WBGene00021046,68,271,339
WBGene00021047,102,859,961
WBGene00021048,40,129,169
WBGene00021049,19,166,185
WBGene00021051,14,159,173
WBGene00021052,3,4,7
WBGene00021053,1,6,7
WBGene00021054,0,1,1
WBGene00021055,14,28,42
WBGene00021056,0,6,6
WBGene00021057,14,204,218
WBGene00021058,67,212,279
WBGene00021059,57,199,256
WBGene00021060,5,17,22
WBGene00021061,25,193,218
WBGene00021063,9,274,283
WBGene00021066,0,109,109
WBGene00021067,0,0,0
WBGene00021068,55,5211,5266
WBGene00021070,10,14,24
WBGene00021072,2,1,3
WBGene00021073,116,1342,1458
WBGene00021074,31,730,761
WBGene00021075,7069,37,7106
WBGene00021076,21,52,73
WBGene00021078,196,707,903
WBGene00021079,262,1523,1785
WBGene00021080,97,490,587
WBGene00021081,5,2,7
WBGene00021082,3,103,106
WBGene00021083,0,0,0
WBGene00021084,0,0,0
WBGene00021085,0,0,0
WBGene00021086,0,0,0
WBGene00021087,0,3,3
WBGene00021088,70,4213,4283
WBGene00021089,81,54,135
WBGene00021090,7,1,8
WBGene00021091,0,0,0
WBGene00021092,0,0,0
WBGene00021093,20,809,829
WBGene00021094,4,10,14
WBGene00021095,29,609,638
WBGene00021096,3,0,3
WBGene00021097,21,654,675
WBGene00021098,0,24,24
WBGene00021099,0,1,1
WBGene00021101,0,7,7
WBGene00021103,71,181,252
WBGene00021104,48,192,240
WBGene00021105,5,0,5
WBGene00021106,0,0,0
WBGene00021107,0,0,0
WBGene00021108,0,0,0
WBGene00021109,0,0,0
WBGene00021110,1,0,1
WBGene00021111,19,70,89
WBGene00021112,2,273,275
WBGene00021113,0,0,0
WBGene00021114,0,1,1
WBGene00021115,2,0,2
WBGene00021116,15,187,202
WBGene00021117,0,2,2
WBGene00021118,1,0,1
WBGene00021120,0,1,1
WBGene00021121,12,151,163
WBGene00021122,1,1,2
WBGene00021123,3,44,47
WBGene00021124,8,31,39
WBGene00021125,6,15,21
WBGene00021126,3,8,11
WBGene00021127,7,99,106
WBGene00021128,414,1863,2277
WBGene00021129,5,4,9
WBGene00021131,40,186,226
WBGene00021132,35,263,298
WBGene00021133,93,1455,1548
WBGene00021134,5,10,15
WBGene00021135,0,1,1
WBGene00021136,3,11,14
WBGene00021137,0,1,1
WBGene00021138,0,0,0
WBGene00021139,0,0,0
WBGene00021141,0,0,0
WBGene00021142,0,0,0
WBGene00021143,0,0,0
WBGene00021144,0,0,0
WBGene00021145,1,1,2
WBGene00021146,24,144,168
WBGene00021148,1,22,23
WBGene00021149,138,517,655
WBGene00021150,0,0,0
WBGene00021152,30,84,114
WBGene00021153,0,0,0
WBGene00021154,0,0,0
WBGene00021155,0,69,69
WBGene00021156,12,40,52
WBGene00021157,5,20,25
WBGene00021158,2,24,26
WBGene00021159,12,41,53
WBGene00021160,20,39,59
WBGene00021161,918,2823,3741
WBGene00021162,0,1,1
WBGene00021163,4,35,39
WBGene00021164,1,1,2
WBGene00021165,0,0,0
WBGene00021166,1,0,1
WBGene00021167,4,8,12
WBGene00021168,2,2,4
WBGene00021169,1,0,1
WBGene00021170,12,593,605
WBGene00021171,30,110,140
WBGene00021172,0,0,0
WBGene00021173,0,0,0
WBGene00021174,0,0,0
WBGene00021175,3,2,5
WBGene00021176,37,132,169
WBGene00021177,0,0,0
WBGene00021178,3,16,19
WBGene00021179,0,0,0
WBGene00021180,1,8,9
WBGene00021182,0,1,1
WBGene00021183,1,4,5
WBGene00021184,0,0,0
WBGene00021185,26,76,102
WBGene00021186,10,10,20
WBGene00021187,16,13,29
WBGene00021188,0,1,1
WBGene00021189,0,1,1
WBGene00021190,2,5,7
WBGene00021191,92,398,490
WBGene00021192,11,54,65
WBGene00021193,5,0,5
WBGene00021194,0,0,0
WBGene00021195,1,26,27
WBGene00021196,6,17,23
WBGene00021197,0,0,0
WBGene00021198,0,0,0
WBGene00021199,35,7,42
WBGene00021200,8,31,39
WBGene00021201,6,59,65
WBGene00021202,64,310,374
WBGene00021204,6,19,25
WBGene00021205,11,224,235
WBGene00021207,2,0,2
WBGene00021208,27,240,267
WBGene00021209,68,286,354
WBGene00021210,34,337,371
WBGene00021212,0,3,3
WBGene00021213,5,12,17
WBGene00021214,1,4,5
WBGene00021215,6,10,16
WBGene00021216,0,0,0
WBGene00021217,0,0,0
WBGene00021219,0,0,0
WBGene00021220,0,0,0
WBGene00021221,0,0,0
WBGene00021222,0,0,0
WBGene00021223,0,0,0
WBGene00021224,0,0,0
WBGene00021226,0,0,0
WBGene00021227,0,0,0
WBGene00021228,0,0,0
WBGene00021232,3,7,10
WBGene00021235,3,0,3
WBGene00021236,0,32,32
WBGene00021237,42,187,229
WBGene00021238,96,33,129
WBGene00021239,147,150,297
WBGene00021241,1,0,1
WBGene00021243,0,0,0
WBGene00021244,25,11,36
WBGene00021245,31,81,112
WBGene00021246,17,105,122
WBGene00021247,72,106,178
WBGene00021248,1550,16783,18333
WBGene00021249,2,12,14
WBGene00021250,0,0,0
WBGene00021251,0,1,1
WBGene00021252,3,0,3
WBGene00021253,7,33,40
WBGene00021254,22,36,58
WBGene00021256,3,2,5
WBGene00021257,1,12,13
WBGene00021259,3,1,4
WBGene00021260,46,167,213
WBGene00021261,1,1,2
WBGene00021262,0,1,1
WBGene00021263,5,7,12
WBGene00021264,12,109,121
WBGene00021266,0,0,0
WBGene00021267,3,9,12
WBGene00021268,1,141,142
WBGene00021269,26,94,120
WBGene00021270,2,571,573
WBGene00021271,30,93,123
WBGene00021272,23,160,183
WBGene00021274,60,231,291
WBGene00021275,40,83,123
WBGene00021276,140,438,578
WBGene00021277,41,765,806
WBGene00021279,1,1,2
WBGene00021280,0,0,0
WBGene00021281,335,1007,1342
WBGene00021282,6,42,48
WBGene00021283,2,9,11
WBGene00021284,0,2,2
WBGene00021285,0,7,7
WBGene00021286,100,720,820
WBGene00021287,1,8,9
WBGene00021288,1,2,3
WBGene00021289,0,0,0
WBGene00021290,1,0,1
WBGene00021291,0,0,0
WBGene00021292,77,1038,1115
WBGene00021293,0,0,0
WBGene00021294,76,244,320
WBGene00021295,45,166,211
WBGene00021296,5,265,270
WBGene00021297,0,0,0
WBGene00021298,1,0,1
WBGene00021299,0,3,3
WBGene00021300,1,1,2
WBGene00021301,3,8,11
WBGene00021302,2,4,6
WBGene00021303,0,0,0
WBGene00021304,25,70,95
WBGene00021305,40,310,350
WBGene00021309,5,45,50
WBGene00021310,0,9,9
WBGene00021311,33,239,272
WBGene00021312,34,713,747
WBGene00021313,20,229,249
WBGene00021314,10,159,169
WBGene00021315,21,308,329
WBGene00021316,75,514,589
WBGene00021317,0,0,0
WBGene00021319,49,146,195
WBGene00021320,31,128,159
WBGene00021321,4,4,8
WBGene00021322,81,224,305
WBGene00021323,27,375,402
WBGene00021324,13,116,129
WBGene00021325,30,88,118
WBGene00021326,5,19,24
WBGene00021327,669,1198,1867
WBGene00021328,7,90,97
WBGene00021329,61,241,302
WBGene00021331,77,1299,1376
WBGene00021332,39,43,82
WBGene00021333,22,72,94
WBGene00021334,173,397,570
WBGene00021335,0,42,42
WBGene00021336,0,3,3
WBGene00021337,1,5,6
WBGene00021338,0,9,9
WBGene00021339,1,0,1
WBGene00021340,40,93,133
WBGene00021343,29,66,95
WBGene00021344,141,28,169
WBGene00021345,0,0,0
WBGene00021346,129,465,594
WBGene00021347,124,1333,1457
WBGene00021348,135,1046,1181
WBGene00021349,19,74,93
WBGene00021350,34339,98458,132797
WBGene00021351,514,1058,1572
WBGene00021352,46,505,551
WBGene00021353,43,77,120
WBGene00021354,3,11,14
WBGene00021355,220,1018,1238
WBGene00021357,9,29,38
WBGene00021358,1,3,4
WBGene00021359,44,283,327
WBGene00021362,31,84,115
WBGene00021363,32,76,108
WBGene00021364,0,0,0
WBGene00021365,35,152,187
WBGene00021366,18,198,216
WBGene00021367,16,265,281
WBGene00021368,0,0,0
WBGene00021369,27,330,357
WBGene00021370,124,361,485
WBGene00021371,17,87,104
WBGene00021372,3,222,225
WBGene00021373,1,0,1
WBGene00021374,85,223,308
WBGene00021375,12,111,123
WBGene00021376,37,89,126
WBGene00021377,8,355,363
WBGene00021378,58,244,302
WBGene00021379,2,29,31
WBGene00021381,1,0,1
WBGene00021382,305,580,885
WBGene00021383,13,24,37
WBGene00021384,1,12,13
WBGene00021385,0,0,0
WBGene00021386,2,4,6
WBGene00021387,8,75,83
WBGene00021388,31,286,317
WBGene00021389,5,22,27
WBGene00021390,1,0,1
WBGene00021391,0,99,99
WBGene00021392,27,320,347
WBGene00021394,48,209,257
WBGene00021395,63,294,357
WBGene00021396,14,62,76
WBGene00021397,1,7,8
WBGene00021398,0,0,0
WBGene00021400,16,91,107
WBGene00021401,18,325,343
WBGene00021402,11,101,112
WBGene00021403,0,0,0
WBGene00021404,0,0,0
WBGene00021405,0,0,0
WBGene00021406,0,0,0
WBGene00021407,0,8,8
WBGene00021408,1,0,1
WBGene00021409,0,0,0
WBGene00021410,5,6,11
WBGene00021412,4,7,11
WBGene00021413,3,0,3
WBGene00021414,0,0,0
WBGene00021415,96,491,587
WBGene00021416,24,131,155
WBGene00021417,7,33,40
WBGene00021419,7,71,78
WBGene00021420,31,4301,4332
WBGene00021421,38,395,433
WBGene00021423,220,235,455
WBGene00021425,107,415,522
WBGene00021427,191,6378,6569
WBGene00021428,5,2,7
WBGene00021430,137,48,185
WBGene00021433,0,0,0
WBGene00021434,2,1,3
WBGene00021435,2,0,2
WBGene00021436,5,20,25
WBGene00021437,12,7,19
WBGene00021438,11,4,15
WBGene00021439,119,274,393
WBGene00021440,27,126,153
WBGene00021441,225,1316,1541
WBGene00021442,23,159,182
WBGene00021443,70,195,265
WBGene00021444,97,166,263
WBGene00021445,14,57,71
WBGene00021446,13,12,25
WBGene00021447,2,21,23
WBGene00021448,0,2,2
WBGene00021449,0,2,2
WBGene00021450,3,4,7
WBGene00021451,2,1,3
WBGene00021452,26,127,153
WBGene00021454,0,0,0
WBGene00021456,43,145,188
WBGene00021457,0,2,2
WBGene00021458,1,5,6
WBGene00021460,25,236,261
WBGene00021461,35,19,54
WBGene00021463,3,1,4
WBGene00021464,3,10,13
WBGene00021465,2,33,35
WBGene00021466,140,2514,2654
WBGene00021467,23,298,321
WBGene00021468,10,395,405
WBGene00021469,98,579,677
WBGene00021470,15,158,173
WBGene00021471,1,7,8
WBGene00021472,0,3,3
WBGene00021473,44,24,68
WBGene00021474,203,559,762
WBGene00021475,238,847,1085
WBGene00021476,18,258,276
WBGene00021477,3,3,6
WBGene00021478,29,142,171
WBGene00021479,2,1,3
WBGene00021482,91,77,168
WBGene00021484,0,1,1
WBGene00021485,2,46,48
WBGene00021486,290,3247,3537
WBGene00021487,43,146,189
WBGene00021488,0,1,1
WBGene00021490,7,7,14
WBGene00021491,0,4,4
WBGene00021492,12,63,75
WBGene00021493,15,65,80
WBGene00021494,2,8,10
WBGene00021495,0,19,19
WBGene00021496,3,1,4
WBGene00021497,42,103,145
WBGene00021498,0,8,8
WBGene00021499,0,41,41
WBGene00021500,0,1,1
WBGene00021501,1,1,2
WBGene00021502,15,74,89
WBGene00021503,4,56,60
WBGene00021504,5,8,13
WBGene00021505,6,8,14
WBGene00021506,34,673,707
WBGene00021507,159,538,697
WBGene00021508,9,202,211
WBGene00021509,162,315,477
WBGene00021510,49,97,146
WBGene00021511,9,20,29
WBGene00021512,67,71,138
WBGene00021513,5,1,6
WBGene00021514,32,561,593
WBGene00021515,15,78,93
WBGene00021516,2,5,7
WBGene00021517,3,155,158
WBGene00021518,0,32,32
WBGene00021519,0,2,2
WBGene00021521,7,36,43
WBGene00021522,215,306,521
WBGene00021524,14,47,61
WBGene00021525,0,2,2
WBGene00021526,14,34,48
WBGene00021527,36,97,133
WBGene00021528,63,178,241
WBGene00021529,6,412,418
WBGene00021530,0,0,0
WBGene00021531,139,9,148
WBGene00021532,146,2360,2506
WBGene00021533,4,206,210
WBGene00021534,273,2893,3166
WBGene00021535,243,52,295
WBGene00021536,17,637,654
WBGene00021537,5,2,7
WBGene00021538,9,121,130
WBGene00021539,50,357,407
WBGene00021540,12,53,65
WBGene00021541,2,37,39
WBGene00021542,12,0,12
WBGene00021543,20,574,594
WBGene00021544,61,247,308
WBGene00021545,110,327,437
WBGene00021546,29,177,206
WBGene00021547,20,138,158
WBGene00021548,26,537,563
WBGene00021549,114,115,229
WBGene00021551,88,578,666
WBGene00021552,88,343,431
WBGene00021553,1,3,4
WBGene00021554,24,389,413
WBGene00021555,1,12,13
WBGene00021556,18,120,138
WBGene00021557,0,8,8
WBGene00021558,41,278,319
WBGene00021559,28,183,211
WBGene00021560,5,25,30
WBGene00021561,62,220,282
WBGene00021562,112,1925,2037
WBGene00021563,33,385,418
WBGene00021564,140,231,371
WBGene00021565,1,2,3
WBGene00021566,0,0,0
WBGene00021567,0,0,0
WBGene00021568,0,0,0
WBGene00021569,0,0,0
WBGene00021570,0,0,0
WBGene00021571,0,0,0
WBGene00021572,0,0,0
WBGene00021573,0,0,0
WBGene00021576,0,4,4
WBGene00021577,0,1,1
WBGene00021578,0,0,0
WBGene00021579,0,0,0
WBGene00021580,0,0,0
WBGene00021581,1,0,1
WBGene00021582,1,1,2
WBGene00021583,10,10,20
WBGene00021585,2,3,5
WBGene00021586,5,18,23
WBGene00021587,4,5,9
WBGene00021589,1,617,618
WBGene00021590,5,39,44
WBGene00021591,0,0,0
WBGene00021592,0,0,0
WBGene00021593,4,0,4
WBGene00021594,1,10,11
WBGene00021595,43,720,763
WBGene00021596,23,56,79
WBGene00021597,461,543,1004
WBGene00021598,18,23,41
WBGene00021599,13,32,45
WBGene00021600,12,102,114
WBGene00021601,4,0,4
WBGene00021602,0,47,47
WBGene00021603,1,4,5
WBGene00021605,1,9,10
WBGene00021607,2,227,229
WBGene00021608,0,0,0
WBGene00021609,0,2,2
WBGene00021610,4,50,54
WBGene00021611,34,92,126
WBGene00021612,0,1,1
WBGene00021613,42,248,290
WBGene00021614,99,498,597
WBGene00021615,0,0,0
WBGene00021616,0,0,0
WBGene00021617,0,1,1
WBGene00021619,0,0,0
WBGene00021620,0,0,0
WBGene00021621,0,0,0
WBGene00021623,0,1,1
WBGene00021624,2,15,17
WBGene00021625,0,53,53
WBGene00021626,27,112,139
WBGene00021627,0,1,1
WBGene00021628,35,410,445
WBGene00021629,63,573,636
WBGene00021630,0,4,4
WBGene00021631,1,0,1
WBGene00021632,0,0,0
WBGene00021633,2,4,6
WBGene00021634,39,159,198
WBGene00021635,4,26,30
WBGene00021636,30,171,201
WBGene00021637,42,170,212
WBGene00021638,81,459,540
WBGene00021639,4,5,9
WBGene00021640,31,43,74
WBGene00021641,5,496,501
WBGene00021643,21,85,106
WBGene00021644,11,469,480
WBGene00021645,65,201,266
WBGene00021646,81,339,420
WBGene00021647,163,885,1048
WBGene00021648,1,171,172
WBGene00021649,6,50,56
WBGene00021650,0,1,1
WBGene00021653,0,1,1
WBGene00021654,0,12,12
WBGene00021655,9,156,165
WBGene00021656,0,0,0
WBGene00021657,27,104,131
WBGene00021658,4,35,39
WBGene00021660,105,569,674
WBGene00021661,14,36,50
WBGene00021662,0,7,7
WBGene00021666,30,229,259
WBGene00021667,0,14,14
WBGene00021671,69,41,110
WBGene00021672,23,14,37
WBGene00021675,7,20,27
WBGene00021676,10,91,101
WBGene00021677,5,149,154
WBGene00021678,4,1,5
WBGene00021679,6,73,79
WBGene00021681,128,260,388
WBGene00021682,148,276,424
WBGene00021683,28,81,109
WBGene00021685,254,323,577
WBGene00021686,218,724,942
WBGene00021687,34,172,206
WBGene00021689,46,133,179
WBGene00021690,4,30,34
WBGene00021691,23,563,586
WBGene00021692,4,84,88
WBGene00021693,16,54,70
WBGene00021694,7,13,20
WBGene00021697,469,1302,1771
WBGene00021698,105,309,414
WBGene00021700,1,0,1
WBGene00021701,5,20,25
WBGene00021702,40,268,308
WBGene00021703,1,1,2
WBGene00021704,18,24,42
WBGene00021705,1,3,4
WBGene00021706,5,5,10
WBGene00021707,0,3,3
WBGene00021708,0,2,2
WBGene00021709,3,52,55
WBGene00021710,0,7,7
WBGene00021711,1,0,1
WBGene00021713,0,0,0
WBGene00021714,14,89,103
WBGene00021715,157,717,874
WBGene00021716,0,0,0
WBGene00021717,0,0,0
WBGene00021718,0,0,0
WBGene00021719,0,0,0
WBGene00021720,1,1,2
WBGene00021721,0,28,28
WBGene00021722,1,3,4
WBGene00021724,2,2,4
WBGene00021725,10,24,34
WBGene00021726,2,7,9
WBGene00021727,0,0,0
WBGene00021728,10,2,12
WBGene00021729,0,0,0
WBGene00021730,1,4,5
WBGene00021731,2,9,11
WBGene00021732,35,92,127
WBGene00021733,98,233,331
WBGene00021734,23,18,41
WBGene00021735,69,254,323
WBGene00021736,276,228,504
WBGene00021738,93,239,332
WBGene00021739,0,63,63
WBGene00021740,51,218,269
WBGene00021741,9,1,10
WBGene00021743,53,83,136
WBGene00021744,0,0,0
WBGene00021745,15,40,55
WBGene00021746,0,2,2
WBGene00021748,28,126,154
WBGene00021749,33,120,153
WBGene00021750,8,51,59
WBGene00021751,182,44,226
WBGene00021752,119,77,196
WBGene00021753,124,379,503
WBGene00021754,296,866,1162
WBGene00021755,17,32,49
WBGene00021756,60,65,125
WBGene00021757,132,506,638
WBGene00021758,89,253,342
WBGene00021759,16,23,39
WBGene00021763,46,86,132
WBGene00021764,18,182,200
WBGene00021765,81,190,271
WBGene00021766,17,148,165
WBGene00021768,11,111,122
WBGene00021771,80,277,357
WBGene00021772,6,4,10
WBGene00021773,0,1,1
WBGene00021774,0,0,0
WBGene00021776,42,130,172
WBGene00021778,1,4,5
WBGene00021779,0,0,0
WBGene00021780,0,0,0
WBGene00021781,21,99,120
WBGene00021783,68,527,595
WBGene00021784,36,414,450
WBGene00021785,76,583,659
WBGene00021786,1,1,2
WBGene00021787,0,0,0
WBGene00021788,22,5,27
WBGene00021789,125,404,529
WBGene00021790,0,0,0
WBGene00021791,0,2,2
WBGene00021793,0,0,0
WBGene00021794,0,2,2
WBGene00021795,5,27,32
WBGene00021796,42,295,337
WBGene00021797,0,0,0
WBGene00021798,12,0,12
WBGene00021799,12,20,32
WBGene00021800,167,3010,3177
WBGene00021801,2,0,2
WBGene00021803,0,2,2
WBGene00021804,0,7,7
WBGene00021805,0,1,1
WBGene00021806,0,0,0
WBGene00021807,1,3,4
WBGene00021808,196,357,553
WBGene00021809,0,7,7
WBGene00021810,117,263,380
WBGene00021811,98,860,958
WBGene00021812,5,119,124
WBGene00021813,28,527,555
WBGene00021814,6,12,18
WBGene00021815,21,529,550
WBGene00021816,10,323,333
WBGene00021817,24,69,93
WBGene00021818,153,1525,1678
WBGene00021820,112,180,292
WBGene00021821,0,0,0
WBGene00021822,0,0,0
WBGene00021826,85,762,847
WBGene00021827,34,299,333
WBGene00021828,72,127,199
WBGene00021829,22,1019,1041
WBGene00021830,35,1153,1188
WBGene00021831,153,392,545
WBGene00021832,4,25,29
WBGene00021833,1,0,1
WBGene00021834,6,265,271
WBGene00021835,32,245,277
WBGene00021837,0,0,0
WBGene00021838,93,405,498
WBGene00021839,202,1243,1445
WBGene00021840,42,88,130
WBGene00021841,25,77,102
WBGene00021842,57,243,300
WBGene00021843,306,1303,1609
WBGene00021844,33,680,713
WBGene00021845,12,784,796
WBGene00021846,33,93,126
WBGene00021847,27,292,319
WBGene00021848,10,45,55
WBGene00021849,393,3708,4101
WBGene00021850,12,42,54
WBGene00021852,21,119,140
WBGene00021853,0,10,10
WBGene00021854,62,409,471
WBGene00021855,35,199,234
WBGene00021856,64,108,172
WBGene00021857,324,1258,1582
WBGene00021858,44,15,59
WBGene00021859,1,0,1
WBGene00021860,0,2,2
WBGene00021861,2,7,9
WBGene00021862,0,0,0
WBGene00021863,19,95,114
WBGene00021864,22,100,122
WBGene00021865,4,4,8
WBGene00021866,19,121,140
WBGene00021867,47,290,337
WBGene00021868,64,636,700
WBGene00021869,1,15,16
WBGene00021870,23,138,161
WBGene00021871,20,42,62
WBGene00021872,0,23,23
WBGene00021873,2,0,2
WBGene00021875,610,1930,2540
WBGene00021876,86,389,475
WBGene00021877,49,15,64
WBGene00021878,2,1,3
WBGene00021879,0,19,19
WBGene00021880,1,0,1
WBGene00021881,31,43,74
WBGene00021882,208,450,658
WBGene00021883,104,1525,1629
WBGene00021884,0,66,66
WBGene00021887,9,31,40
WBGene00021888,66,1482,1548
WBGene00021890,167,1221,1388
WBGene00021891,0,0,0
WBGene00021892,2,0,2
WBGene00021893,345,1308,1653
WBGene00021894,741,2449,3190
WBGene00021895,1,8,9
WBGene00021897,29,114,143
WBGene00021898,7,64,71
WBGene00021899,350,1345,1695
WBGene00021900,32,696,728
WBGene00021901,6,410,416
WBGene00021902,34,128,162
WBGene00021903,15,281,296
WBGene00021904,21,165,186
WBGene00021905,32,113,145
WBGene00021906,47,172,219
WBGene00021907,1,1,2
WBGene00021908,0,0,0
WBGene00021909,10,158,168
WBGene00021910,135,232,367
WBGene00021911,0,3,3
WBGene00021912,22,115,137
WBGene00021913,11,139,150
WBGene00021914,40,36,76
WBGene00021915,80,213,293
WBGene00021916,3,7,10
WBGene00021917,3,76,79
WBGene00021918,20,412,432
WBGene00021919,5,58,63
WBGene00021920,243,1073,1316
WBGene00021921,251,672,923
WBGene00021922,16,343,359
WBGene00021923,40,127,167
WBGene00021925,68,146,214
WBGene00021926,40,505,545
WBGene00021927,5,103,108
WBGene00021928,5,85,90
WBGene00021929,8,342,350
WBGene00021930,271,2141,2412
WBGene00021931,14,45,59
WBGene00021932,22,222,244
WBGene00021933,8,69,77
WBGene00021934,50,1953,2003
WBGene00021935,34,222,256
WBGene00021936,222,413,635
WBGene00021938,39,393,432
WBGene00021939,14,3,17
WBGene00021941,14,26,40
WBGene00021942,8,74,82
WBGene00021943,48,618,666
WBGene00021945,23,81,104
WBGene00021947,0,4,4
WBGene00021948,80,483,563
WBGene00021949,1,3,4
WBGene00021950,17,86,103
WBGene00021951,9,17,26
WBGene00021952,64,1358,1422
WBGene00021953,2,5,7
WBGene00021956,11,486,497
WBGene00021957,0,0,0
WBGene00021958,1,1,2
WBGene00021959,256,1584,1840
WBGene00021960,90,1202,1292
WBGene00021961,0,0,0
WBGene00021963,14,58,72
WBGene00021964,0,0,0
WBGene00021965,33,161,194
WBGene00021966,1,0,1
WBGene00021967,3,1,4
WBGene00021968,19,12,31
WBGene00021969,0,0,0
WBGene00021970,4,0,4
WBGene00021972,44,106,150
WBGene00021973,91,483,574
WBGene00021974,124,417,541
WBGene00021975,13,95,108
WBGene00021976,19,85,104
WBGene00021977,6,58,64
WBGene00021978,0,20,20
WBGene00021979,3,206,209
WBGene00021980,49,84,133
WBGene00021981,16,589,605
WBGene00021983,34,433,467
WBGene00021984,27,95,122
WBGene00021985,6,11,17
WBGene00021986,34,247,281
WBGene00021987,2,0,2
WBGene00021988,0,0,0
WBGene00021992,0,0,0
WBGene00021993,0,2,2
WBGene00021994,4,15,19
WBGene00021996,0,0,0
WBGene00021997,0,0,0
WBGene00021998,2,1,3
WBGene00021999,0,0,0
WBGene00022000,0,0,0
WBGene00022002,0,4,4
WBGene00022003,0,0,0
WBGene00022004,1,94,95
WBGene00022005,0,1,1
WBGene00022006,0,0,0
WBGene00022007,0,0,0
WBGene00022008,0,0,0
WBGene00022010,49,367,416
WBGene00022011,0,9,9
WBGene00022012,0,7,7
WBGene00022013,49,31,80
WBGene00022014,64,103,167
WBGene00022015,105,466,571
WBGene00022016,0,1,1
WBGene00022018,1,48,49
WBGene00022019,131,457,588
WBGene00022020,0,1,1
WBGene00022021,105,994,1099
WBGene00022022,13,237,250
WBGene00022024,4,25,29
WBGene00022025,49,355,404
WBGene00022026,111,547,658
WBGene00022027,283,1081,1364
WBGene00022028,0,0,0
WBGene00022029,31,742,773
WBGene00022030,0,0,0
WBGene00022031,25,183,208
WBGene00022032,2,0,2
WBGene00022033,28,695,723
WBGene00022034,10,101,111
WBGene00022035,3,13,16
WBGene00022036,10,27,37
WBGene00022037,14,333,347
WBGene00022038,3,50,53
WBGene00022039,4,9,13
WBGene00022040,2,35,37
WBGene00022042,2753,23706,26459
WBGene00022043,14,111,125
WBGene00022044,11,391,402
WBGene00022045,242,790,1032
WBGene00022046,5,4832,4837
WBGene00022047,6,37,43
WBGene00022048,392,5401,5793
WBGene00022051,76,171,247
WBGene00022052,19,166,185
WBGene00022053,478,2885,3363
WBGene00022054,23,141,164
WBGene00022055,22,122,144
WBGene00022056,43,122,165
WBGene00022057,14,313,327
WBGene00022059,482,601,1083
WBGene00022060,3,134,137
WBGene00022061,38,18,56
WBGene00022062,7,7,14
WBGene00022063,39,279,318
WBGene00022064,1,0,1
WBGene00022066,0,0,0
WBGene00022067,72,167,239
WBGene00022069,94,1855,1949
WBGene00022070,0,2,2
WBGene00022071,5,24,29
WBGene00022072,1310,8877,10187
WBGene00022073,28,134,162
WBGene00022074,99,247,346
WBGene00022075,232,2166,2398
WBGene00022076,2,5,7
WBGene00022077,37,396,433
WBGene00022078,182,487,669
WBGene00022083,0,3,3
WBGene00022086,9,12,21
WBGene00022087,237,306,543
WBGene00022089,860,14703,15563
WBGene00022090,0,0,0
WBGene00022092,169,660,829
WBGene00022093,833,3902,4735
WBGene00022094,0,0,0
WBGene00022095,0,0,0
WBGene00022096,1,3,4
WBGene00022097,2,0,2
WBGene00022099,184,1102,1286
WBGene00022100,231,618,849
WBGene00022101,8,37,45
WBGene00022102,13,12,25
WBGene00022103,95,104,199
WBGene00022104,72,99,171
WBGene00022106,52,88,140
WBGene00022107,17,308,325
WBGene00022108,5,12,17
WBGene00022110,3,33,36
WBGene00022111,0,37,37
WBGene00022112,4,3,7
WBGene00022113,8,35,43
WBGene00022114,64,3724,3788
WBGene00022115,82,425,507
WBGene00022116,23,55,78
WBGene00022117,172,78,250
WBGene00022118,61,150,211
WBGene00022119,11,978,989
WBGene00022121,97,210,307
WBGene00022122,22,4362,4384
WBGene00022123,13,105,118
WBGene00022124,58,80,138
WBGene00022125,45,204,249
WBGene00022126,40,138,178
WBGene00022127,2,3572,3574
WBGene00022128,27,254,281
WBGene00022129,10,123,133
WBGene00022130,15,22,37
WBGene00022131,55,143,198
WBGene00022133,0,0,0
WBGene00022134,250,503,753
WBGene00022138,148,169,317
WBGene00022139,62,276,338
WBGene00022140,8,4,12
WBGene00022141,7,287,294
WBGene00022142,1,3,4
WBGene00022143,0,4,4
WBGene00022144,22,2193,2215
WBGene00022145,2,3,5
WBGene00022146,23,805,828
WBGene00022148,313,700,1013
WBGene00022149,51,8214,8265
WBGene00022150,11,709,720
WBGene00022152,64,279,343
WBGene00022153,50,189,239
WBGene00022154,10,90,100
WBGene00022155,30,172,202
WBGene00022156,2,6,8
WBGene00022157,1,1,2
WBGene00022158,25,176,201
WBGene00022159,156,1136,1292
WBGene00022160,3,112,115
WBGene00022161,4,121,125
WBGene00022162,1,0,1
WBGene00022165,58,99,157
WBGene00022166,59,443,502
WBGene00022167,46,128,174
WBGene00022168,80,187,267
WBGene00022169,190,1069,1259
WBGene00022170,2109,12873,14982
WBGene00022171,18,135,153
WBGene00022172,14,36,50
WBGene00022173,120,977,1097
WBGene00022174,55,100,155
WBGene00022175,35,165,200
WBGene00022176,96,335,431
WBGene00022177,1,3,4
WBGene00022178,7,21,28
WBGene00022179,7,16,23
WBGene00022180,25,786,811
WBGene00022181,6,17,23
WBGene00022182,75,283,358
WBGene00022185,84,315,399
WBGene00022188,34,350,384
WBGene00022189,1,1,2
WBGene00022190,8,91,99
WBGene00022191,11,41,52
WBGene00022192,30,331,361
WBGene00022193,10,96,106
WBGene00022194,301,3469,3770
WBGene00022195,52,206,258
WBGene00022196,13,150,163
WBGene00022197,7,9,16
WBGene00022198,17,81,98
WBGene00022199,53,2359,2412
WBGene00022200,9,41,50
WBGene00022201,17,470,487
WBGene00022202,44,615,659
WBGene00022203,6,89,95
WBGene00022206,10,23,33
WBGene00022207,239,0,239
WBGene00022209,2,0,2
WBGene00022210,0,0,0
WBGene00022213,11,15,26
WBGene00022215,1,3,4
WBGene00022216,1,0,1
WBGene00022217,0,0,0
WBGene00022218,0,0,0
WBGene00022219,148,197,345
WBGene00022221,5,12,17
WBGene00022223,1,0,1
WBGene00022224,0,1,1
WBGene00022225,3,10,13
WBGene00022228,17,30,47
WBGene00022230,957,2779,3736
WBGene00022231,30,90,120
WBGene00022232,50,195,245
WBGene00022233,55,775,830
WBGene00022235,555,13790,14345
WBGene00022236,0,8,8
WBGene00022237,3,2,5
WBGene00022240,45,276,321
WBGene00022242,88,699,787
WBGene00022243,0,4,4
WBGene00022244,0,27,27
WBGene00022245,358,1725,2083
WBGene00022246,3,66,69
WBGene00022247,11,33,44
WBGene00022248,80,793,873
WBGene00022250,18,103,121
WBGene00022251,45,306,351
WBGene00022252,3,42,45
WBGene00022253,39,563,602
WBGene00022254,8,305,313
WBGene00022255,10,44,54
WBGene00022256,0,2,2
WBGene00022257,0,12,12
WBGene00022258,38,200,238
WBGene00022259,35,146,181
WBGene00022260,44,206,250
WBGene00022261,8,17,25
WBGene00022262,0,2,2
WBGene00022263,1,23,24
WBGene00022264,0,0,0
WBGene00022265,0,0,0
WBGene00022266,1,0,1
WBGene00022267,16,25,41
WBGene00022268,106,561,667
WBGene00022269,77,661,738
WBGene00022270,40,146,186
WBGene00022271,17,836,853
WBGene00022273,13,105,118
WBGene00022274,14,77,91
WBGene00022275,0,19,19
WBGene00022276,44,548,592
WBGene00022277,109,476,585
WBGene00022278,119,183,302
WBGene00022279,40,510,550
WBGene00022280,24,286,310
WBGene00022281,88,367,455
WBGene00022282,0,0,0
WBGene00022283,14,74,88
WBGene00022284,28,122,150
WBGene00022285,103,72,175
WBGene00022286,38,143,181
WBGene00022287,10,44,54
WBGene00022288,6,26,32
WBGene00022289,2,1,3
WBGene00022290,0,0,0
WBGene00022291,0,0,0
WBGene00022292,0,0,0
WBGene00022295,8,19,27
WBGene00022296,175,283,458
WBGene00022297,53,759,812
WBGene00022298,2,1,3
WBGene00022300,66,169,235
WBGene00022301,198,404,602
WBGene00022302,77,414,491
WBGene00022303,0,46,46
WBGene00022306,317,817,1134
WBGene00022307,7,227,234
WBGene00022308,0,0,0
WBGene00022309,69,158,227
WBGene00022310,46,236,282
WBGene00022311,0,1,1
WBGene00022312,0,1,1
WBGene00022313,26,59,85
WBGene00022314,44,108,152
WBGene00022315,0,1,1
WBGene00022316,18,0,18
WBGene00022317,5,14,19
WBGene00022318,0,0,0
WBGene00022319,0,0,0
WBGene00022320,3,0,3
WBGene00022321,0,0,0
WBGene00022322,0,0,0
WBGene00022323,0,0,0
WBGene00022324,0,3,3
WBGene00022325,2,22,24
WBGene00022326,7,31,38
WBGene00022327,3,8,11
WBGene00022328,0,1,1
WBGene00022329,7,19,26
WBGene00022330,1,3,4
WBGene00022331,1,2,3
WBGene00022332,0,0,0
WBGene00022333,1,0,1
WBGene00022334,2,13,15
WBGene00022335,6,23,29
WBGene00022336,1780,62907,64687
WBGene00022337,0,0,0
WBGene00022338,13,9,22
WBGene00022339,544,1426,1970
WBGene00022340,1,1,2
WBGene00022341,2,0,2
WBGene00022342,0,0,0
WBGene00022343,0,0,0
WBGene00022344,2,1,3
WBGene00022345,0,0,0
WBGene00022346,0,1,1
WBGene00022347,57,530,587
WBGene00022348,36,650,686
WBGene00022349,14,24,38
WBGene00022350,12,242,254
WBGene00022351,2,9,11
WBGene00022352,3,5,8
WBGene00022353,0,3,3
WBGene00022354,87,202,289
WBGene00022356,5,173,178
WBGene00022357,34,170,204
WBGene00022358,62,233,295
WBGene00022360,110,235,345
WBGene00022361,135,245,380
WBGene00022363,74,121,195
WBGene00022365,43,36,79
WBGene00022366,103,125,228
WBGene00022367,53,109,162
WBGene00022368,33,267,300
WBGene00022369,40,331,371
WBGene00022371,75,232,307
WBGene00022372,30,48,78
WBGene00022373,104,1237,1341
WBGene00022374,8,55,63
WBGene00022375,2,2,4
WBGene00022376,120,480,600
WBGene00022377,2,11,13
WBGene00022378,249,741,990
WBGene00022379,11,31,42
WBGene00022380,372,1661,2033
WBGene00022381,39,351,390
WBGene00022382,0,130,130
WBGene00022383,41,32,73
WBGene00022385,6,5,11
WBGene00022386,92,255,347
WBGene00022388,99,134,233
WBGene00022389,55,528,583
WBGene00022390,27,71,98
WBGene00022391,113,165,278
WBGene00022392,8,16,24
WBGene00022393,42,323,365
WBGene00022394,32,857,889
WBGene00022395,15,15,30
WBGene00022396,14,254,268
WBGene00022397,46,360,406
WBGene00022398,22,115,137
WBGene00022399,20,46,66
WBGene00022400,20,466,486
WBGene00022401,37,730,767
WBGene00022402,15,302,317
WBGene00022403,0,3,3
WBGene00022404,1,1,2
WBGene00022405,1,11,12
WBGene00022406,2,1,3
WBGene00022408,0,1,1
WBGene00022409,2,11,13
WBGene00022410,4,1963,1967
WBGene00022411,0,6,6
WBGene00022412,21,61,82
WBGene00022413,3,17,20
WBGene00022415,11,120,131
WBGene00022416,46,148,194
WBGene00022417,14,97,111
WBGene00022418,8,168,176
WBGene00022419,15,75,90
WBGene00022420,14,264,278
WBGene00022421,2,1,3
WBGene00022423,21,27,48
WBGene00022425,61,272,333
WBGene00022426,49,92,141
WBGene00022427,53,278,331
WBGene00022428,17,129,146
WBGene00022429,0,0,0
WBGene00022431,12,1,13
WBGene00022433,11,0,11
WBGene00022434,280,153,433
WBGene00022435,43,57,100
WBGene00022438,0,0,0
WBGene00022439,3,11,14
WBGene00022440,12,14,26
WBGene00022441,73,211,284
WBGene00022442,0,0,0
WBGene00022443,0,0,0
WBGene00022444,1,0,1
WBGene00022445,10,21,31
WBGene00022446,0,0,0
WBGene00022447,74,27,101
WBGene00022448,36,47,83
WBGene00022450,5,24,29
WBGene00022452,0,33,33
WBGene00022453,159,638,797
WBGene00022454,12,6,18
WBGene00022455,17,675,692
WBGene00022456,29,615,644
WBGene00022457,81,195,276
WBGene00022458,4,544,548
WBGene00022459,8,145,153
WBGene00022460,62,244,306
WBGene00022462,6,48,54
WBGene00022463,73,388,461
WBGene00022465,26,150,176
WBGene00022466,20,238,258
WBGene00022467,0,0,0
WBGene00022469,7,33,40
WBGene00022470,327,969,1296
WBGene00022471,20,77,97
WBGene00022472,259,1175,1434
WBGene00022473,628,775,1403
WBGene00022474,6,4,10
WBGene00022475,36,339,375
WBGene00022476,1,1,2
WBGene00022477,0,4,4
WBGene00022478,0,2,2
WBGene00022479,4,1,5
WBGene00022481,0,0,0
WBGene00022482,0,0,0
WBGene00022483,0,0,0
WBGene00022484,1,26,27
WBGene00022485,10,57,67
WBGene00022486,1,2,3
WBGene00022487,0,3,3
WBGene00022488,32,157,189
WBGene00022489,122,688,810
WBGene00022490,4,2,6
WBGene00022491,35,31,66
WBGene00022492,26,1052,1078
WBGene00022493,37,458,495
WBGene00022494,60,92,152
WBGene00022495,0,2,2
WBGene00022496,0,0,0
WBGene00022497,0,398,398
WBGene00022498,3,5,8
WBGene00022499,118,1566,1684
WBGene00022500,93,1355,1448
WBGene00022501,167,245,412
WBGene00022502,17,144,161
WBGene00022503,0,22,22
WBGene00022504,8,16,24
WBGene00022505,448,322,770
WBGene00022506,3,4,7
WBGene00022507,3,70,73
WBGene00022508,0,3,3
WBGene00022509,0,2,2
WBGene00022511,2,1,3
WBGene00022512,0,0,0
WBGene00022515,8,206,214
WBGene00022516,12,534,546
WBGene00022517,57,17,74
WBGene00022518,78,466,544
WBGene00022519,107,426,533
WBGene00022522,10,43,53
WBGene00022527,10,12,22
WBGene00022528,0,0,0
WBGene00022529,1,1,2
WBGene00022530,5,28,33
WBGene00022531,21,165,186
WBGene00022532,1,36,37
WBGene00022533,8,23,31
WBGene00022534,71,322,393
WBGene00022536,0,0,0
WBGene00022537,8,12,20
WBGene00022538,24,549,573
WBGene00022539,26,274,300
WBGene00022540,5,7,12
WBGene00022541,0,0,0
WBGene00022542,0,0,0
WBGene00022543,2,0,2
WBGene00022544,6,7,13
WBGene00022546,3,3,6
WBGene00022547,0,1,1
WBGene00022548,1,1,2
WBGene00022549,1,4,5
WBGene00022550,5,4,9
WBGene00022551,0,0,0
WBGene00022552,0,4,4
WBGene00022553,0,0,0
WBGene00022554,10,96,106
WBGene00022555,0,0,0
WBGene00022556,0,0,0
WBGene00022557,0,1,1
WBGene00022558,0,0,0
WBGene00022559,0,0,0
WBGene00022560,0,2,2
WBGene00022561,0,0,0
WBGene00022562,21,77,98
WBGene00022563,0,0,0
WBGene00022564,25,78,103
WBGene00022565,2,6,8
WBGene00022566,0,0,0
WBGene00022567,9,19,28
WBGene00022568,11,46,57
WBGene00022569,12,293,305
WBGene00022570,0,1,1
WBGene00022571,0,0,0
WBGene00022572,0,0,0
WBGene00022573,0,1,1
WBGene00022574,0,7,7
WBGene00022575,0,0,0
WBGene00022576,5,51,56
WBGene00022577,4,28,32
WBGene00022578,0,0,0
WBGene00022579,113,725,838
WBGene00022580,31,211,242
WBGene00022581,0,1,1
WBGene00022582,0,0,0
WBGene00022583,377,1289,1666
WBGene00022584,15,69,84
WBGene00022586,0,9,9
WBGene00022587,0,1,1
WBGene00022588,44,118,162
WBGene00022589,4,1,5
WBGene00022590,0,11,11
WBGene00022591,77,295,372
WBGene00022592,58,190,248
WBGene00022593,41,113,154
WBGene00022594,0,0,0
WBGene00022596,1,1,2
WBGene00022597,50,273,323
WBGene00022598,18,215,233
WBGene00022599,1028,7139,8167
WBGene00022600,0,0,0
WBGene00022601,3,3,6
WBGene00022602,2,0,2
WBGene00022603,45,267,312
WBGene00022604,0,0,0
WBGene00022605,0,4,4
WBGene00022606,8,7,15
WBGene00022607,0,0,0
WBGene00022608,44,276,320
WBGene00022609,20,95,115
WBGene00022610,12,71,83
WBGene00022611,11,25,36
WBGene00022612,9,39,48
WBGene00022613,14,138,152
WBGene00022614,24,317,341
WBGene00022615,11,324,335
WBGene00022616,0,5,5
WBGene00022617,0,0,0
WBGene00022618,64,826,890
WBGene00022619,0,12,12
WBGene00022620,55,250,305
WBGene00022621,1,0,1
WBGene00022623,2,59,61
WBGene00022624,12,26,38
WBGene00022625,0,0,0
WBGene00022627,2,4,6
WBGene00022628,4,5,9
WBGene00022629,6,45,51
WBGene00022631,7,43,50
WBGene00022632,4,2,6
WBGene00022633,11,97,108
WBGene00022634,0,0,0
WBGene00022635,33,133,166
WBGene00022637,2,0,2
WBGene00022638,0,0,0
WBGene00022639,1,0,1
WBGene00022640,0,0,0
WBGene00022641,1,1,2
WBGene00022642,12,36,48
WBGene00022643,1,6,7
WBGene00022644,9,69,78
WBGene00022645,16,61,77
WBGene00022646,1,272,273
WBGene00022647,24,186,210
WBGene00022648,53,97,150
WBGene00022649,4,22,26
WBGene00022650,43,42,85
WBGene00022651,0,2,2
WBGene00022652,0,2,2
WBGene00022653,2,6,8
WBGene00022654,0,0,0
WBGene00022655,3,8,11
WBGene00022656,1,24,25
WBGene00022657,6,275,281
WBGene00022660,0,2,2
WBGene00022661,6,45,51
WBGene00022662,1,4,5
WBGene00022663,55,307,362
WBGene00022664,13,388,401
WBGene00022665,19,97,116
WBGene00022666,27,314,341
WBGene00022667,63,281,344
WBGene00022668,57,319,376
WBGene00022669,0,0,0
WBGene00022670,0,0,0
WBGene00022671,0,4,4
WBGene00022672,65,195,260
WBGene00022673,15,142,157
WBGene00022674,0,0,0
WBGene00022675,289,354,643
WBGene00022677,18,161,179
WBGene00022678,50,1562,1612
WBGene00022679,0,26,26
WBGene00022680,0,6,6
WBGene00022681,7,34,41
WBGene00022682,9,39,48
WBGene00022683,53,112,165
WBGene00022685,0,2,2
WBGene00022689,0,0,0
WBGene00022690,1,0,1
WBGene00022691,0,0,0
WBGene00022692,0,0,0
WBGene00022694,31,143,174
WBGene00022695,58,220,278
WBGene00022696,12,43,55
WBGene00022697,28,437,465
WBGene00022698,1,5,6
WBGene00022699,0,2,2
WBGene00022700,4,30,34
WBGene00022702,0,153,153
WBGene00022703,72,443,515
WBGene00022704,26,178,204
WBGene00022705,3,14,17
WBGene00022706,11,37,48
WBGene00022707,0,1,1
WBGene00022708,1,1,2
WBGene00022709,17,21,38
WBGene00022710,1,0,1
WBGene00022711,4,0,4
WBGene00022712,3,30,33
WBGene00022713,0,0,0
WBGene00022714,0,0,0
WBGene00022715,1,5,6
WBGene00022716,0,0,0
WBGene00022717,27,281,308
WBGene00022718,56,554,610
WBGene00022719,30,479,509
WBGene00022720,7,110,117
WBGene00022721,8,145,153
WBGene00022722,64,697,761
WBGene00022723,1,1,2
WBGene00022724,1,2,3
WBGene00022725,2,4,6
WBGene00022726,0,0,0
WBGene00022727,16,175,191
WBGene00022728,3,2,5
WBGene00022729,0,0,0
WBGene00022730,87,116,203
WBGene00022731,2,2,4
WBGene00022732,2,15,17
WBGene00022733,21,24,45
WBGene00022734,43,675,718
WBGene00022735,4,17,21
WBGene00022736,23,143,166
WBGene00022737,1,60,61
WBGene00022738,113,1263,1376
WBGene00022739,124,666,790
WBGene00022741,5,4,9
WBGene00022742,78,532,610
WBGene00022743,29,204,233
WBGene00022744,14,40,54
WBGene00022745,275,2386,2661
WBGene00022746,0,0,0
WBGene00022747,1,12,13
WBGene00022748,147,6132,6279
WBGene00022749,34,549,583
WBGene00022750,161,485,646
WBGene00022751,0,0,0
WBGene00022752,10,49,59
WBGene00022753,2,1,3
WBGene00022754,0,1,1
WBGene00022756,1,16,17
WBGene00022757,0,1,1
WBGene00022758,0,0,0
WBGene00022759,4,493,497
WBGene00022761,0,7,7
WBGene00022762,13,87,100
WBGene00022765,257,1498,1755
WBGene00022766,37,682,719
WBGene00022767,5,80,85
WBGene00022769,13,163,176
WBGene00022770,15,183,198
WBGene00022771,36,131,167
WBGene00022772,9,24,33
WBGene00022773,95,117,212
WBGene00022774,22,519,541
WBGene00022775,1,23,24
WBGene00022776,10,749,759
WBGene00022778,0,0,0
WBGene00022780,0,4,4
WBGene00022781,16,1156,1172
WBGene00022782,34,262,296
WBGene00022783,242,1240,1482
WBGene00022785,28,318,346
WBGene00022786,4,157,161
WBGene00022787,21,239,260
WBGene00022788,9,225,234
WBGene00022789,1,9,10
WBGene00022790,15,54,69
WBGene00022791,161,739,900
WBGene00022792,34,313,347
WBGene00022793,31,1452,1483
WBGene00022794,120,785,905
WBGene00022795,2,16,18
WBGene00022796,28,142,170
WBGene00022797,5,110,115
WBGene00022798,50,533,583
WBGene00022799,0,1,1
WBGene00022800,41,347,388
WBGene00022801,33,1061,1094
WBGene00022802,13,98,111
WBGene00022803,23,159,182
WBGene00022804,0,4,4
WBGene00022805,44,250,294
WBGene00022807,0,2,2
WBGene00022808,1,5,6
WBGene00022809,0,1,1
WBGene00022810,6,69,75
WBGene00022811,13,7,20
WBGene00022812,47,288,335
WBGene00022813,40,129,169
WBGene00022814,20,101,121
WBGene00022815,2,15,17
WBGene00022816,92,653,745
WBGene00022817,154,1222,1376
WBGene00022820,2,0,2
WBGene00022821,0,0,0
WBGene00022822,1,3,4
WBGene00022823,15,379,394
WBGene00022824,5,31,36
WBGene00022825,1,86,87
WBGene00022826,0,1,1
WBGene00022827,4,9,13
WBGene00022829,6,14,20
WBGene00022830,18,115,133
WBGene00022831,48,273,321
WBGene00022832,40,462,502
WBGene00022833,0,1,1
WBGene00022834,0,8,8
WBGene00022835,31,145,176
WBGene00022836,46,414,460
WBGene00022837,30,109,139
WBGene00022838,3,15,18
WBGene00022840,0,0,0
WBGene00022842,7,64,71
WBGene00022843,3,8,11
WBGene00022845,0,4,4
WBGene00022846,16,12,28
WBGene00022847,13,32,45
WBGene00022848,9,112,121
WBGene00022849,5,15,20
WBGene00022850,96,215,311
WBGene00022851,39,490,529
WBGene00022852,2,423,425
WBGene00022853,22,695,717
WBGene00022854,2,16,18
WBGene00022855,23,561,584
WBGene00022856,12,2212,2224
WBGene00022857,3,50,53
WBGene00022858,7,9,16
WBGene00022861,1745,159,1904
WBGene00022862,10,208,218
WBGene00022864,67,975,1042
WBGene00022865,58,373,431
WBGene00022866,0,1,1
WBGene00022867,3,9,12
WBGene00022868,1,25,26
WBGene00022869,0,0,0
WBGene00022870,0,1,1
WBGene00022871,0,1,1
WBGene00022872,0,0,0
WBGene00022873,0,3,3
WBGene00022874,8,356,364
WBGene00022875,0,0,0
WBGene00022876,0,1,1
WBGene00022877,0,2,2
WBGene00022880,24,117,141
WBGene00022881,5,147,152
WBGene00022882,12,95,107
WBGene00022883,9,74,83
WBGene00022884,0,1,1
WBGene00022885,29,154,183
WBGene00022886,2,0,2
WBGene00022887,20,170,190
WBGene00022888,1,0,1
WBGene00022889,0,0,0
WBGene00022890,0,0,0
WBGene00022891,1,4,5
WBGene00022892,0,0,0
WBGene00022893,2,21,23
WBGene00023067,3180,6326,9506
WBGene00023068,85462,147984,233446
WBGene00023172,10,24,34
WBGene00023186,1,0,1
WBGene00023284,0,129,129
WBGene00023404,5,60,65
WBGene00023405,45,333,378
WBGene00023407,22,216,238
WBGene00023408,117,2506,2623
WBGene00023409,47,285,332
WBGene00023410,1,0,1
WBGene00023411,0,2,2
WBGene00023413,2,8,10
WBGene00023414,36,139,175
WBGene00023415,5,20,25
WBGene00023416,50,311,361
WBGene00023417,15,149,164
WBGene00023418,5,168,173
WBGene00023419,63,673,736
WBGene00023420,0,4,4
WBGene00023421,10,139,149
WBGene00023422,103,485,588
WBGene00023423,1,15,16
WBGene00023424,1,3,4
WBGene00023425,0,0,0
WBGene00023427,4,7,11
WBGene00023431,278,454,732
WBGene00023432,6,27,33
WBGene00023450,59,145,204
WBGene00023451,7,13,20
WBGene00023458,94,412,506
WBGene00023459,2,1,3
WBGene00023460,16,79,95
WBGene00023462,1,9,10
WBGene00023463,0,0,0
WBGene00023474,0,1,1
WBGene00023475,3,0,3
WBGene00023477,0,186,186
WBGene00023478,0,2,2
WBGene00023479,0,0,0
WBGene00023483,0,0,0
WBGene00023484,0,0,0
WBGene00023485,0,1,1
WBGene00023486,1,66,67
WBGene00023487,97,1286,1383
WBGene00023489,81,82,163
WBGene00023490,2,12,14
WBGene00023491,32,184,216
WBGene00023492,0,5,5
WBGene00023493,1,907,908
WBGene00023497,31,186,217
WBGene00023498,7,150,157
WBGene00023499,0,3,3
WBGene00023500,73,391,464
WBGene00023501,2,15,17
WBGene00023502,82,196,278
WBGene00023503,2,7,9
WBGene00023504,63,219,282
WBGene00023505,0,0,0
WBGene00023506,0,6,6
WBGene00023508,0,0,0
WBGene00023513,1,0,1
WBGene00023514,1,1,2
WBGene00023515,34,14,48
WBGene00023517,0,2,2
WBGene00023518,0,0,0
WBGene00023519,4,4,8
WBGene00023520,4,94,98
WBGene00043049,1,12,13
WBGene00043050,146,580,726
WBGene00043051,27,108,135
WBGene00043052,0,0,0
WBGene00043054,4,40,44
WBGene00043056,31,61,92
WBGene00043057,16,157,173
WBGene00043058,0,0,0
WBGene00043059,1,3,4
WBGene00043060,125,417,542
WBGene00043061,8,7,15
WBGene00043062,1,7,8
WBGene00043064,10,864,874
WBGene00043065,3,15,18
WBGene00043066,5,16,21
WBGene00043067,14,85,99
WBGene00043068,11,24,35
WBGene00043069,10,16,26
WBGene00043097,69,769,838
WBGene00043120,11,37,48
WBGene00043147,0,6,6
WBGene00043156,60,364,424
WBGene00043187,0,0,0
WBGene00043279,28,114,142
WBGene00043297,227,219,446
WBGene00043302,178,1019,1197
WBGene00043308,3,41,44
WBGene00043327,0,0,0
WBGene00043328,0,0,0
WBGene00043466,0,0,0
WBGene00043469,0,0,0
WBGene00043534,14,21,35
WBGene00043666,0,6,6
WBGene00043702,0,7,7
WBGene00043705,6,12,18
WBGene00043743,0,0,0
WBGene00043948,0,2,2
WBGene00043952,17,12,29
WBGene00043980,0,0,0
WBGene00043981,1,2,3
WBGene00043982,38,466,504
WBGene00043983,12,64,76
WBGene00043984,0,0,0
WBGene00043985,11,85,96
WBGene00043986,1,0,1
WBGene00043988,0,0,0
WBGene00043989,0,0,0
WBGene00043990,0,0,0
WBGene00043992,19,40,59
WBGene00043994,4,157,161
WBGene00043995,20,38,58
WBGene00043996,0,5,5
WBGene00043997,11,39,50
WBGene00043998,1,14,15
WBGene00044001,33,422,455
WBGene00044002,0,0,0
WBGene00044003,0,0,0
WBGene00044004,0,19,19
WBGene00044005,0,0,0
WBGene00044006,53,329,382
WBGene00044007,66,334,400
WBGene00044008,46,308,354
WBGene00044009,22,29,51
WBGene00044011,0,9,9
WBGene00044012,0,0,0
WBGene00044013,1,0,1
WBGene00044014,0,0,0
WBGene00044016,2,17,19
WBGene00044018,0,0,0
WBGene00044019,40,88,128
WBGene00044020,1,10,11
WBGene00044021,10,48,58
WBGene00044024,1,4,5
WBGene00044025,41,279,320
WBGene00044026,28,1099,1127
WBGene00044027,1,1,2
WBGene00044028,2,30,32
WBGene00044029,30,307,337
WBGene00044030,0,0,0
WBGene00044031,0,0,0
WBGene00044032,1,15,16
WBGene00044034,3,0,3
WBGene00044035,2,15,17
WBGene00044043,0,14,14
WBGene00044044,0,0,0
WBGene00044045,142,21,163
WBGene00044047,0,3,3
WBGene00044048,2,3,5
WBGene00044049,584,1324,1908
WBGene00044058,12,28,40
WBGene00044059,0,0,0
WBGene00044061,28,196,224
WBGene00044062,2,1,3
WBGene00044063,6,545,551
WBGene00044065,48,56,104
WBGene00044066,0,2,2
WBGene00044067,4,25,29
WBGene00044068,151,1141,1292
WBGene00044069,6,226,232
WBGene00044070,213,1431,1644
WBGene00044071,10,186,196
WBGene00044072,81,355,436
WBGene00044073,3,19,22
WBGene00044074,5,27,32
WBGene00044077,42,455,497
WBGene00044078,287,931,1218
WBGene00044079,216,1354,1570
WBGene00044080,0,0,0
WBGene00044081,0,1,1
WBGene00044082,33,284,317
WBGene00044083,39,62,101
WBGene00044084,0,3,3
WBGene00044086,0,0,0
WBGene00044087,1,1,2
WBGene00044088,0,0,0
WBGene00044089,0,0,0
WBGene00044090,0,0,0
WBGene00044091,1,4,5
WBGene00044092,2,1,3
WBGene00044094,35,354,389
WBGene00044099,0,0,0
WBGene00044100,0,0,0
WBGene00044105,0,0,0
WBGene00044106,0,1,1
WBGene00044107,23,63,86
WBGene00044109,0,3,3
WBGene00044112,0,0,0
WBGene00044113,0,0,0
WBGene00044114,1,0,1
WBGene00044115,1,7,8
WBGene00044116,2,0,2
WBGene00044117,2,4,6
WBGene00044120,0,5,5
WBGene00044121,1,0,1
WBGene00044122,19,22,41
WBGene00044124,0,0,0
WBGene00044125,1,2,3
WBGene00044127,0,0,0
WBGene00044131,0,0,0
WBGene00044132,10,88,98
WBGene00044133,1,0,1
WBGene00044134,9,72,81
WBGene00044135,4,53,57
WBGene00044136,2,0,2
WBGene00044137,0,6,6
WBGene00044138,20,47,67
WBGene00044139,7,33,40
WBGene00044140,0,1,1
WBGene00044141,1,4,5
WBGene00044142,0,2,2
WBGene00044143,37,219,256
WBGene00044144,3,98,101
WBGene00044145,0,1,1
WBGene00044146,0,0,0
WBGene00044147,1,4,5
WBGene00044148,0,1,1
WBGene00044149,1,0,1
WBGene00044150,1,2,3
WBGene00044151,57,222,279
WBGene00044152,9,42,51
WBGene00044153,5,7,12
WBGene00044154,8,8,16
WBGene00044156,4,29,33
WBGene00044157,0,0,0
WBGene00044158,0,0,0
WBGene00044159,0,0,0
WBGene00044160,5,3,8
WBGene00044162,1,0,1
WBGene00044163,13,24,37
WBGene00044164,0,0,0
WBGene00044166,2,11,13
WBGene00044167,24,147,171
WBGene00044169,3,8,11
WBGene00044174,25,306,331
WBGene00044175,15,207,222
WBGene00044176,28,577,605
WBGene00044177,0,0,0
WBGene00044178,0,0,0
WBGene00044179,0,0,0
WBGene00044180,14,30,44
WBGene00044181,1,5,6
WBGene00044182,1,1,2
WBGene00044183,0,0,0
WBGene00044184,1,1,2
WBGene00044185,0,0,0
WBGene00044187,2308,11,2319
WBGene00044188,12,110,122
WBGene00044189,1,2,3
WBGene00044191,36,187,223
WBGene00044192,0,0,0
WBGene00044193,0,1,1
WBGene00044194,0,0,0
WBGene00044195,0,0,0
WBGene00044197,0,1,1
WBGene00044198,0,10,10
WBGene00044199,0,2,2
WBGene00044200,39,52,91
WBGene00044201,0,3,3
WBGene00044202,0,0,0
WBGene00044203,1,2,3
WBGene00044204,13,118,131
WBGene00044205,1,11,12
WBGene00044206,0,1,1
WBGene00044207,0,1,1
WBGene00044208,0,0,0
WBGene00044210,31,166,197
WBGene00044211,1,0,1
WBGene00044212,0,0,0
WBGene00044213,2,13,15
WBGene00044215,1,0,1
WBGene00044218,0,38,38
WBGene00044221,0,7,7
WBGene00044222,0,3,3
WBGene00044225,0,16,16
WBGene00044227,2,0,2
WBGene00044228,5,10,15
WBGene00044230,0,1,1
WBGene00044232,0,2,2
WBGene00044233,52,115,167
WBGene00044235,0,0,0
WBGene00044236,2,113,115
WBGene00044237,1,2,3
WBGene00044238,0,7,7
WBGene00044239,15,56,71
WBGene00044240,23,33,56
WBGene00044241,3,22,25
WBGene00044242,0,0,0
WBGene00044243,1,1,2
WBGene00044244,0,1,1
WBGene00044245,0,6,6
WBGene00044246,0,0,0
WBGene00044247,1,1,2
WBGene00044249,2,1,3
WBGene00044250,0,1,1
WBGene00044251,8,30,38
WBGene00044253,8,84,92
WBGene00044254,0,0,0
WBGene00044256,3,0,3
WBGene00044257,0,1,1
WBGene00044258,7,56,63
WBGene00044259,1,0,1
WBGene00044260,33,1517,1550
WBGene00044261,1,0,1
WBGene00044263,0,0,0
WBGene00044264,0,1,1
WBGene00044265,6,20,26
WBGene00044266,0,0,0
WBGene00044271,0,0,0
WBGene00044272,0,1,1
WBGene00044273,0,0,0
WBGene00044274,0,0,0
WBGene00044275,0,0,0
WBGene00044278,0,1,1
WBGene00044280,205,257,462
WBGene00044281,1,0,1
WBGene00044282,0,0,0
WBGene00044283,257,512,769
WBGene00044284,0,0,0
WBGene00044286,0,0,0
WBGene00044287,0,2,2
WBGene00044288,0,7,7
WBGene00044289,2,20,22
WBGene00044290,23,39,62
WBGene00044291,3,7,10
WBGene00044292,4,5,9
WBGene00044293,3,7,10
WBGene00044294,109,513,622
WBGene00044295,6,23,29
WBGene00044296,1,43,44
WBGene00044297,2,23,25
WBGene00044298,0,1,1
WBGene00044299,2,14,16
WBGene00044300,1,1,2
WBGene00044301,87,456,543
WBGene00044302,0,0,0
WBGene00044303,5,43,48
WBGene00044304,11,59,70
WBGene00044305,28,481,509
WBGene00044306,0,0,0
WBGene00044307,0,0,0
WBGene00044310,25,163,188
WBGene00044311,5,26,31
WBGene00044312,3,5,8
WBGene00044313,1,17,18
WBGene00044314,0,0,0
WBGene00044315,0,0,0
WBGene00044316,30,96,126
WBGene00044317,0,3,3
WBGene00044318,35,806,841
WBGene00044319,1,105,106
WBGene00044321,233,907,1140
WBGene00044322,2,237,239
WBGene00044323,39,279,318
WBGene00044324,15,1851,1866
WBGene00044325,17,235,252
WBGene00044326,101,332,433
WBGene00044329,51,295,346
WBGene00044330,9,135,144
WBGene00044331,1,1,2
WBGene00044332,0,1,1
WBGene00044333,1,1,2
WBGene00044337,0,0,0
WBGene00044338,8,709,717
WBGene00044339,2,77,79
WBGene00044340,0,6,6
WBGene00044341,0,80,80
WBGene00044342,24,56,80
WBGene00044344,11,721,732
WBGene00044345,14,146,160
WBGene00044346,0,0,0
WBGene00044347,2,2,4
WBGene00044348,38,20,58
WBGene00044349,0,3,3
WBGene00044350,47,183,230
WBGene00044352,1,1,2
WBGene00044353,2,23,25
WBGene00044354,2,52,54
WBGene00044355,2,30,32
WBGene00044356,0,0,0
WBGene00044357,0,0,0
WBGene00044358,1,1,2
WBGene00044359,0,0,0
WBGene00044360,0,0,0
WBGene00044361,0,0,0
WBGene00044362,0,1,1
WBGene00044363,3,25,28
WBGene00044364,0,0,0
WBGene00044365,0,0,0
WBGene00044366,0,2,2
WBGene00044367,8,65,73
WBGene00044368,191,42,233
WBGene00044369,0,0,0
WBGene00044370,0,0,0
WBGene00044371,0,0,0
WBGene00044372,0,1,1
WBGene00044373,2,130,132
WBGene00044374,0,0,0
WBGene00044375,0,0,0
WBGene00044376,0,4,4
WBGene00044377,0,0,0
WBGene00044378,0,0,0
WBGene00044379,0,2,2
WBGene00044380,1,8,9
WBGene00044381,2,3,5
WBGene00044382,0,4,4
WBGene00044383,0,1,1
WBGene00044384,3,0,3
WBGene00044385,1,0,1
WBGene00044386,1,3,4
WBGene00044387,64,456,520
WBGene00044388,0,0,0
WBGene00044389,649,3083,3732
WBGene00044390,0,1,1
WBGene00044391,35,50,85
WBGene00044392,12,87,99
WBGene00044393,0,0,0
WBGene00044394,1,13,14
WBGene00044395,10,45,55
WBGene00044396,5,113,118
WBGene00044399,0,0,0
WBGene00044401,34,515,549
WBGene00044402,0,3,3
WBGene00044403,2,4,6
WBGene00044406,10,139,149
WBGene00044409,2,8,10
WBGene00044410,24,81,105
WBGene00044411,52,356,408
WBGene00044413,454,326,780
WBGene00044414,4,47,51
WBGene00044415,0,0,0
WBGene00044416,0,0,0
WBGene00044417,0,1,1
WBGene00044418,57,584,641
WBGene00044419,1,1,2
WBGene00044420,5,149,154
WBGene00044421,11,54,65
WBGene00044423,2,78,80
WBGene00044424,0,2,2
WBGene00044425,0,0,0
WBGene00044427,3,13,16
WBGene00044428,4,0,4
WBGene00044429,3,0,3
WBGene00044431,94,337,431
WBGene00044432,0,1,1
WBGene00044433,36,341,377
WBGene00044434,1,1,2
WBGene00044435,0,19,19
WBGene00044436,7,100,107
WBGene00044437,8,8,16
WBGene00044438,32,88,120
WBGene00044439,5,2,7
WBGene00044440,6,14,20
WBGene00044441,1,1,2
WBGene00044442,0,31,31
WBGene00044443,47,817,864
WBGene00044444,1,0,1
WBGene00044445,30,85,115
WBGene00044446,0,4,4
WBGene00044447,0,0,0
WBGene00044448,1,8,9
WBGene00044449,0,2,2
WBGene00044450,0,0,0
WBGene00044451,0,0,0
WBGene00044452,48,452,500
WBGene00044453,9,7,16
WBGene00044454,0,0,0
WBGene00044455,1,1,2
WBGene00044457,0,15,15
WBGene00044458,0,0,0
WBGene00044459,12,30,42
WBGene00044460,0,1,1
WBGene00044461,8,1,9
WBGene00044462,23,34,57
WBGene00044463,7,35,42
WBGene00044464,7,36,43
WBGene00044466,9,353,362
WBGene00044467,91,381,472
WBGene00044468,6,36,42
WBGene00044469,0,2,2
WBGene00044470,0,2,2
WBGene00044471,5,24,29
WBGene00044472,7,43,50
WBGene00044473,0,0,0
WBGene00044474,0,0,0
WBGene00044475,0,0,0
WBGene00044476,0,0,0
WBGene00044477,5,11,16
WBGene00044478,5,33,38
WBGene00044479,4,13,17
WBGene00044480,0,2,2
WBGene00044481,2,12,14
WBGene00044482,34,94,128
WBGene00044483,3,237,240
WBGene00044484,33,185,218
WBGene00044485,35,100,135
WBGene00044486,0,4,4
WBGene00044487,18,34,52
WBGene00044488,6,7,13
WBGene00044489,0,2,2
WBGene00044490,0,0,0
WBGene00044491,0,0,0
WBGene00044492,1,0,1
WBGene00044493,6,134,140
WBGene00044495,11,18,29
WBGene00044498,0,0,0
WBGene00044499,0,1,1
WBGene00044500,47,204,251
WBGene00044501,5,1,6
WBGene00044502,0,16,16
WBGene00044504,4,24,28
WBGene00044505,9,43,52
WBGene00044508,51,285,336
WBGene00044509,1,242,243
WBGene00044510,3,12,15
WBGene00044511,0,30,30
WBGene00044512,1,5,6
WBGene00044513,49,206,255
WBGene00044514,63,793,856
WBGene00044516,1,0,1
WBGene00044518,0,0,0
WBGene00044519,0,0,0
WBGene00044520,0,4,4
WBGene00044521,0,7,7
WBGene00044524,0,0,0
WBGene00044525,2,28,30
WBGene00044526,1,7,8
WBGene00044527,1,21,22
WBGene00044528,1,10,11
WBGene00044529,3,11,14
WBGene00044530,0,11,11
WBGene00044531,1,0,1
WBGene00044533,0,1,1
WBGene00044534,6,8,14
WBGene00044535,0,1,1
WBGene00044536,11,92,103
WBGene00044537,0,1,1
WBGene00044538,1,0,1
WBGene00044539,0,2,2
WBGene00044541,1,4,5
WBGene00044542,9,12,21
WBGene00044543,1,0,1
WBGene00044544,94,146,240
WBGene00044545,0,2,2
WBGene00044546,1,1,2
WBGene00044547,0,17,17
WBGene00044548,0,0,0
WBGene00044549,0,0,0
WBGene00044550,0,0,0
WBGene00044551,1,17,18
WBGene00044552,0,5,5
WBGene00044553,8,408,416
WBGene00044554,2,8,10
WBGene00044555,0,1,1
WBGene00044556,2,42,44
WBGene00044557,31,57,88
WBGene00044558,0,0,0
WBGene00044559,20,29,49
WBGene00044560,0,1,1
WBGene00044561,1,1,2
WBGene00044562,0,11,11
WBGene00044563,0,0,0
WBGene00044564,0,1,1
WBGene00044565,0,0,0
WBGene00044566,5,1,6
WBGene00044567,4,9,13
WBGene00044568,82,235,317
WBGene00044569,0,0,0
WBGene00044570,290,13,303
WBGene00044571,6,1,7
WBGene00044572,2,0,2
WBGene00044573,0,2,2
WBGene00044574,1,0,1
WBGene00044575,0,0,0
WBGene00044577,0,1,1
WBGene00044578,0,29,29
WBGene00044579,2,1,3
WBGene00044580,0,0,0
WBGene00044581,1,0,1
WBGene00044582,23,158,181
WBGene00044583,3,0,3
WBGene00044584,86,204,290
WBGene00044586,0,5,5
WBGene00044587,0,2,2
WBGene00044588,2,34,36
WBGene00044589,1,2,3
WBGene00044602,0,0,0
WBGene00044603,19,47,66
WBGene00044604,11,131,142
WBGene00044605,292,672,964
WBGene00044607,5,7,12
WBGene00044608,13,177,190
WBGene00044609,104,164,268
WBGene00044610,0,1,1
WBGene00044611,3,11,14
WBGene00044612,7,72,79
WBGene00044614,9,82,91
WBGene00044615,57,310,367
WBGene00044616,0,0,0
WBGene00044617,3,55,58
WBGene00044618,2,70,72
WBGene00044620,7,45,52
WBGene00044623,7,158,165
WBGene00044630,14,181,195
WBGene00044631,20,83,103
WBGene00044633,0,5,5
WBGene00044634,0,0,0
WBGene00044636,49,311,360
WBGene00044637,15,30,45
WBGene00044638,0,350,350
WBGene00044640,74,333,407
WBGene00044641,75,39,114
WBGene00044643,5,131,136
WBGene00044644,28,158,186
WBGene00044645,0,5,5
WBGene00044646,13,24,37
WBGene00044648,6,171,177
WBGene00044649,7,4,11
WBGene00044650,228,347,575
WBGene00044651,55,59,114
WBGene00044653,1,4,5
WBGene00044654,0,4,4
WBGene00044655,0,0,0
WBGene00044658,4,86,90
WBGene00044659,2,2,4
WBGene00044661,1,14,15
WBGene00044662,2,3,5
WBGene00044663,0,3,3
WBGene00044664,0,0,0
WBGene00044665,0,0,0
WBGene00044666,82,513,595
WBGene00044667,3,8,11
WBGene00044668,0,0,0
WBGene00044669,4,4,8
WBGene00044672,1,16,17
WBGene00044673,0,0,0
WBGene00044674,0,0,0
WBGene00044675,8,40,48
WBGene00044676,1,14,15
WBGene00044677,187,327,514
WBGene00044678,6,20,26
WBGene00044679,36,222,258
WBGene00044680,0,0,0
WBGene00044681,183,193,376
WBGene00044683,0,1,1
WBGene00044684,1,3,4
WBGene00044686,30,777,807
WBGene00044687,3,0,3
WBGene00044689,71,220,291
WBGene00044690,15,92,107
WBGene00044692,1,1,2
WBGene00044693,0,0,0
WBGene00044694,0,1,1
WBGene00044696,5,45,50
WBGene00044697,4,22,26
WBGene00044698,25,663,688
WBGene00044699,1,27,28
WBGene00044701,24,185,209
WBGene00044705,8,20,28
WBGene00044707,0,1,1
WBGene00044708,3,0,3
WBGene00044709,0,0,0
WBGene00044711,0,0,0
WBGene00044719,1,7,8
WBGene00044720,0,2,2
WBGene00044723,1,2,3
WBGene00044724,4,63,67
WBGene00044725,9,44,53
WBGene00044726,5,0,5
WBGene00044732,6,26,32
WBGene00044733,0,1,1
WBGene00044734,0,0,0
WBGene00044735,0,0,0
WBGene00044736,36,108,144
WBGene00044737,749,2152,2901
WBGene00044738,1,3,4
WBGene00044741,2,6,8
WBGene00044742,8,51,59
WBGene00044743,3,152,155
WBGene00044744,2,1,3
WBGene00044745,24,63,87
WBGene00044746,282,894,1176
WBGene00044753,0,0,0
WBGene00044754,3,0,3
WBGene00044755,0,0,0
WBGene00044756,13,32,45
WBGene00044757,2,15,17
WBGene00044758,0,17,17
WBGene00044759,0,1,1
WBGene00044760,1,17,18
WBGene00044761,0,6,6
WBGene00044762,15,288,303
WBGene00044763,2,3,5
WBGene00044767,1,82,83
WBGene00044770,8,57,65
WBGene00044771,3,49,52
WBGene00044772,8,326,334
WBGene00044773,0,0,0
WBGene00044774,73,268,341
WBGene00044775,0,0,0
WBGene00044776,3,6,9
WBGene00044777,0,0,0
WBGene00044778,0,0,0
WBGene00044779,5,24,29
WBGene00044780,1,1,2
WBGene00044783,0,0,0
WBGene00044784,11,554,565
WBGene00044786,0,0,0
WBGene00044788,2,6,8
WBGene00044789,16,494,510
WBGene00044790,51,180,231
WBGene00044791,0,0,0
WBGene00044792,0,5,5
WBGene00044794,0,0,0
WBGene00044795,3,50,53
WBGene00044796,0,0,0
WBGene00044797,0,40,40
WBGene00044798,2,0,2
WBGene00044799,0,18,18
WBGene00044801,0,0,0
WBGene00044802,0,0,0
WBGene00044803,10,10,20
WBGene00044805,0,1,1
WBGene00044807,0,4,4
WBGene00044810,0,0,0
WBGene00044811,13,89,102
WBGene00044889,0,0,0
WBGene00044891,35,180,215
WBGene00044892,0,1,1
WBGene00044894,9,101,110
WBGene00044895,2,6,8
WBGene00044896,4,1,5
WBGene00044897,1,8,9
WBGene00044898,4,1,5
WBGene00044900,0,13,13
WBGene00044901,0,34,34
WBGene00044903,19,50,69
WBGene00044906,3,43,46
WBGene00044908,0,0,0
WBGene00044911,2,2,4
WBGene00044912,1,0,1
WBGene00044916,80,399,479
WBGene00044917,0,6,6
WBGene00044921,213,2207,2420
WBGene00044922,24,199,223
WBGene00044924,44,147,191
WBGene00044949,25,164,189
WBGene00044953,1,2,3
WBGene00044977,42,326,368
WBGene00044978,0,0,0
WBGene00044979,1,4,5
WBGene00044987,23,47,70
WBGene00044988,0,227,227
WBGene00044989,91,577,668
WBGene00044990,147,543,690
WBGene00044991,6,90,96
WBGene00044998,0,0,0
WBGene00045013,5,13,18
WBGene00045024,3,1,4
WBGene00045036,0,7,7
WBGene00045038,0,0,0
WBGene00045048,0,17,17
WBGene00045050,8,77,85
WBGene00045052,3,9,12
WBGene00045053,8,5,13
WBGene00045056,29,175,204
WBGene00045058,3,8,11
WBGene00045060,0,0,0
WBGene00045061,0,0,0
WBGene00045063,47,104,151
WBGene00045067,0,14,14
WBGene00045069,0,0,0
WBGene00045078,64,395,459
WBGene00045096,0,66,66
WBGene00045101,0,3,3
WBGene00045103,0,0,0
WBGene00045108,0,1,1
WBGene00045122,1,0,1
WBGene00045128,0,0,0
WBGene00045144,2,2,4
WBGene00045146,4,18,22
WBGene00045177,0,1,1
WBGene00045178,4,43,47
WBGene00045180,0,0,0
WBGene00045183,5,29,34
WBGene00045190,23,85,108
WBGene00045192,1,258,259
WBGene00045195,111,116,227
WBGene00045198,0,1,1
WBGene00045207,0,0,0
WBGene00045208,0,1333,1333
WBGene00045209,0,1,1
WBGene00045210,4,45,49
WBGene00045211,1,1,2
WBGene00045212,12,24,36
WBGene00045215,7,16,23
WBGene00045234,0,1,1
WBGene00045237,7,69,76
WBGene00045239,0,1,1
WBGene00045242,0,0,0
WBGene00045245,2,5,7
WBGene00045246,34,342,376
WBGene00045247,2,8,10
WBGene00045248,27,56,83
WBGene00045249,134,937,1071
WBGene00045250,10,13,23
WBGene00045251,0,0,0
WBGene00045252,6,22,28
WBGene00045253,27,92,119
WBGene00045255,63,226,289
WBGene00045261,0,6,6
WBGene00045265,0,0,0
WBGene00045268,0,3,3
WBGene00045269,0,1,1
WBGene00045270,2,0,2
WBGene00045271,2,2,4
WBGene00045272,0,13867,13867
WBGene00045275,0,68,68
WBGene00045276,0,480,480
WBGene00045277,77,408,485
WBGene00045283,0,2,2
WBGene00045289,16,2,18
WBGene00045291,0,2,2
WBGene00045292,0,4,4
WBGene00045295,2,51,53
WBGene00045297,1,20,21
WBGene00045298,0,1,1
WBGene00045299,0,0,0
WBGene00045300,0,0,0
WBGene00045301,0,0,0
WBGene00045302,0,0,0
WBGene00045303,0,0,0
WBGene00045304,0,1,1
WBGene00045305,0,44,44
WBGene00045306,0,0,0
WBGene00045308,2,2,4
WBGene00045331,6,66,72
WBGene00045336,24,150,174
WBGene00045337,0,3,3
WBGene00045338,0,3,3
WBGene00045339,0,2,2
WBGene00045340,12,53,65
WBGene00045344,0,0,0
WBGene00045355,4,6,10
WBGene00045356,0,9,9
WBGene00045357,2,52,54
WBGene00045361,0,0,0
WBGene00045362,0,0,0
WBGene00045364,1,0,1
WBGene00045365,0,3,3
WBGene00045379,3,119,122
WBGene00045380,0,0,0
WBGene00045381,0,0,0
WBGene00045382,0,0,0
WBGene00045385,0,4,4
WBGene00045386,38,189,227
WBGene00045387,39,114,153
WBGene00045390,57,564,621
WBGene00045392,34,121,155
WBGene00045393,0,7,7
WBGene00045394,0,0,0
WBGene00045395,9,18,27
WBGene00045396,11,51,62
WBGene00045397,9,28,37
WBGene00045398,0,0,0
WBGene00045399,1,3,4
WBGene00045400,10,13,23
WBGene00045401,0,2,2
WBGene00045402,0,0,0
WBGene00045403,13,61,74
WBGene00045405,3,18,21
WBGene00045406,0,0,0
WBGene00045407,51,146,197
WBGene00045411,4,55,59
WBGene00045412,0,8,8
WBGene00045413,1,0,1
WBGene00045414,0,1,1
WBGene00045415,0,6,6
WBGene00045416,0,0,0
WBGene00045417,0,0,0
WBGene00045418,38,541,579
WBGene00045419,106,484,590
WBGene00045433,33,259,292
WBGene00045434,20,113,133
WBGene00045455,4,28,32
WBGene00045456,0,0,0
WBGene00045457,0,7,7
WBGene00045458,0,4,4
WBGene00045459,0,0,0
WBGene00045460,0,1,1
WBGene00045461,4,14,18
WBGene00045468,0,1,1
WBGene00045473,0,0,0
WBGene00045474,0,7,7
WBGene00045475,3,1,4
WBGene00045480,7,9,16
WBGene00045481,3,4,7
WBGene00045482,34,62,96
WBGene00045483,375,1736,2111
WBGene00045484,4,7,11
WBGene00045486,0,0,0
WBGene00045488,0,8,8
WBGene00045490,1,0,1
WBGene00045493,0,1,1
WBGene00045494,4,6,10
WBGene00045495,25,228,253
WBGene00045497,3,19,22
WBGene00045498,0,1,1
WBGene00045500,1,2,3
WBGene00045501,0,0,0
WBGene00045506,1,0,1
WBGene00045507,3,203,206
WBGene00045508,1,0,1
WBGene00045510,0,6,6
WBGene00045511,0,3,3
WBGene00045513,2,4,6
WBGene00045515,0,0,0
WBGene00045517,192,513,705
WBGene00050875,3,25,28
WBGene00050879,0,0,0
WBGene00050880,0,0,0
WBGene00050881,0,1,1
WBGene00050884,78,174,252
WBGene00050885,39,190,229
WBGene00050889,22,54,76
WBGene00050891,17,6,23
WBGene00050892,0,0,0
WBGene00050893,0,0,0
WBGene00050894,0,0,0
WBGene00050896,0,0,0
WBGene00050898,0,0,0
WBGene00050899,0,39,39
WBGene00050904,0,9,9
WBGene00050906,1,1,2
WBGene00050907,0,0,0
WBGene00050910,0,1,1
WBGene00050911,0,0,0
WBGene00050913,0,0,0
WBGene00050914,0,0,0
WBGene00050915,2,8,10
WBGene00050916,1,13,14
WBGene00050917,10,23,33
WBGene00050919,0,1,1
WBGene00050929,0,0,0
WBGene00050931,1,5,6
WBGene00050934,0,5,5
WBGene00050936,0,0,0
WBGene00050937,16,157,173
WBGene00050939,0,1429,1429
WBGene00050940,0,0,0
WBGene00050941,4,171,175
WBGene00050943,28,107,135
WBGene00050944,38,434,472
WBGene00050947,2,119,121
WBGene00050955,0,0,0
WBGene00050956,0,0,0
WBGene00050957,1,0,1
WBGene00050959,0,0,0
WBGene00050965,0,0,0
WBGene00050967,0,0,0
WBGene00050968,0,0,0
WBGene00050974,0,0,0
WBGene00050975,2,1,3
WBGene00077439,2,15,17
WBGene00077445,0,0,0
WBGene00077450,1,0,1
WBGene00077453,11,136,147
WBGene00077455,4,10,14
WBGene00077464,0,3,3
WBGene00077489,0,6,6
WBGene00077490,15,65,80
WBGene00077491,0,13,13
WBGene00077492,0,0,0
WBGene00077493,1,0,1
WBGene00077495,0,1,1
WBGene00077497,82,102,184
WBGene00077500,11,60,71
WBGene00077503,0,0,0
WBGene00077508,3,2,5
WBGene00077514,0,0,0
WBGene00077519,0,1,1
WBGene00077520,42,205,247
WBGene00077521,3,144,147
WBGene00077522,0,14,14
WBGene00077523,0,3,3
WBGene00077525,14,2,16
WBGene00077526,0,3730,3730
WBGene00077531,2,3,5
WBGene00077536,1,22,23
WBGene00077538,3,4,7
WBGene00077539,37,32,69
WBGene00077543,6,13,19
WBGene00077546,2,10,12
WBGene00077548,0,0,0
WBGene00077553,14,22,36
WBGene00077557,9,22,31
WBGene00077558,5,17,22
WBGene00077559,6,8,14
WBGene00077562,1,0,1
WBGene00077563,3,4,7
WBGene00077565,2,2,4
WBGene00077569,2,4,6
WBGene00077573,15,121,136
WBGene00077576,1,0,1
WBGene00077577,4,57,61
WBGene00077582,0,2,2
WBGene00077583,0,0,0
WBGene00077585,10,18,28
WBGene00077588,0,10,10
WBGene00077592,0,0,0
WBGene00077593,1,13,14
WBGene00077599,17,49,66
WBGene00077607,0,0,0
WBGene00077616,0,1,1
WBGene00077622,0,0,0
WBGene00077624,0,0,0
WBGene00077640,0,0,0
WBGene00077643,19,197,216
WBGene00077655,0,1,1
WBGene00077658,23,144,167
WBGene00077663,0,1,1
WBGene00077669,52,92,144
WBGene00077673,0,0,0
WBGene00077674,0,1,1
WBGene00077679,1,9,10
WBGene00077680,1,1,2
WBGene00077681,11,28,39
WBGene00077682,0,0,0
WBGene00077684,0,0,0
WBGene00077685,0,0,0
WBGene00077688,0,0,0
WBGene00077690,1,318,319
WBGene00077691,0,25,25
WBGene00077692,14,37,51
WBGene00077693,121,1102,1223
WBGene00077696,10,5,15
WBGene00077697,31,26,57
WBGene00077698,38,97,135
WBGene00077699,3,8,11
WBGene00077701,7,143,150
WBGene00077703,2,9,11
WBGene00077704,1,13,14
WBGene00077712,3,41,44
WBGene00077714,1,8,9
WBGene00077728,0,637,637
WBGene00077732,3,23,26
WBGene00077751,1,1,2
WBGene00077752,2,16,18
WBGene00077756,0,3,3
WBGene00077757,0,3,3
WBGene00077758,0,1,1
WBGene00077759,1,0,1
WBGene00077761,24,639,663
WBGene00077762,0,7,7
WBGene00077763,0,5,5
WBGene00077764,0,384,384
WBGene00077766,0,0,0
WBGene00077768,1,6,7
WBGene00077769,0,1,1
WBGene00077770,0,3,3
WBGene00077771,566,3449,4015
WBGene00077773,0,76,76
WBGene00077775,45,116,161
WBGene00077782,0,0,0
WBGene00077783,0,15,15
WBGene00077786,39,52,91
WBGene00077788,4,1,5
WBGene00086546,9,59,68
WBGene00086551,1,33,34
WBGene00086552,0,0,0
WBGene00086553,70,520,590
WBGene00086554,1,1,2
WBGene00086555,2,0,2
WBGene00086556,0,0,0
WBGene00086557,14,106,120
WBGene00086558,3,16,19
WBGene00086559,9,41,50
WBGene00086560,1,2,3
WBGene00086561,0,0,0
WBGene00086562,0,0,0
WBGene00086563,0,0,0
WBGene00086564,1,1,2
WBGene00086565,0,0,0
WBGene00086566,27,108,135
WBGene00086567,0,1,1
WBGene00086568,2,16,18
WBGene00086569,67,180,247
WBGene00119201,5,0,5
WBGene00119203,5,65,70
WBGene00119204,0,1,1
WBGene00138711,3,13,16
WBGene00138714,0,1,1
WBGene00138715,1,0,1
WBGene00138716,0,0,0
WBGene00138717,136,346,482
WBGene00138718,9,6,15
WBGene00138719,0,0,0
WBGene00138720,13,99,112
WBGene00138721,2,2,4
WBGene00138724,0,19,19
WBGene00138725,14,6,20
WBGene00164968,14,74,88
WBGene00164969,0,0,0
WBGene00164971,0,0,0
WBGene00164972,0,0,0
WBGene00164973,0,8,8
WBGene00164974,0,0,0
WBGene00164985,7,26,33
WBGene00164986,2,1,3
WBGene00175027,18,26,44
WBGene00175028,2,0,2
WBGene00175030,4,232,236
WBGene00175031,2,5,7
WBGene00175034,11,84,95
WBGene00175035,39,101,140
WBGene00184956,1,4,5
WBGene00184990,3,29,32
WBGene00185001,66,294,360
WBGene00185002,6,16,22
WBGene00185005,27,169,196
WBGene00185006,0,1,1
WBGene00185014,24,541,565
WBGene00185048,54,369,423
WBGene00185055,0,1,1
WBGene00185067,85,1332,1417
WBGene00185075,0,32,32
WBGene00185077,0,5,5
WBGene00185078,368,35,403
WBGene00185079,62,230,292
WBGene00185086,3,31,34
WBGene00185088,1,85,86
WBGene00185089,1,4,5
WBGene00185092,3,3,6
WBGene00185095,0,2,2
WBGene00185096,0,0,0
WBGene00185097,0,0,0
WBGene00185098,10,53,63
WBGene00185100,0,0,0
WBGene00185101,1,0,1
WBGene00185102,22,132,154
WBGene00185116,0,0,0
WBGene00185117,3,9,12
WBGene00185118,173,398,571
WBGene00189930,0,0,0
WBGene00189931,0,0,0
WBGene00189932,0,0,0
WBGene00189933,2,1,3
WBGene00189937,2,2,4
WBGene00189943,0,0,0
WBGene00189947,0,0,0
WBGene00189948,2,2,4
WBGene00189949,2,4,6
WBGene00189950,0,0,0
WBGene00189952,8,32,40
WBGene00189953,0,0,0
WBGene00189954,0,1,1
WBGene00189955,0,0,0
WBGene00189956,7,0,7
WBGene00189957,4,3,7
WBGene00189961,3,3,6
WBGene00189987,1,3,4
WBGene00189993,0,0,0
WBGene00189995,0,0,0
WBGene00194641,116,382,498
WBGene00194642,36,254,290
WBGene00194643,14,13,27
WBGene00194645,0,1,1
WBGene00194646,0,0,0
WBGene00194647,0,0,0
WBGene00194649,1,8,9
WBGene00194651,30,163,193
WBGene00194653,3,0,3
WBGene00194654,1,0,1
WBGene00194656,0,1,1
WBGene00194658,11,77,88
WBGene00194660,0,15,15
WBGene00194661,0,0,0
WBGene00194663,1,0,1
WBGene00194664,1,14,15
WBGene00194670,1,4,5
WBGene00194672,0,7,7
WBGene00194674,1,19,20
WBGene00194677,6,5,11
WBGene00194679,9,41,50
WBGene00194680,5,201,206
WBGene00194682,1,9,10
WBGene00194684,0,0,0
WBGene00194687,1,1,2
WBGene00194689,8,64,72
WBGene00194691,1,1,2
WBGene00194692,122,707,829
WBGene00194695,0,0,0
WBGene00194696,0,0,0
WBGene00194697,5,15,20
WBGene00194698,0,0,0
WBGene00194699,0,1,1
WBGene00194700,0,1,1
WBGene00194701,0,0,0
WBGene00194702,9,2,11
WBGene00194703,0,0,0
WBGene00194704,0,0,0
WBGene00194706,22,103,125
WBGene00194707,12,182,194
WBGene00194708,0,0,0
WBGene00194710,55,100,155
WBGene00194711,0,1,1
WBGene00194712,12,6,18
WBGene00194713,0,31,31
WBGene00194714,0,0,0
WBGene00194715,0,0,0
WBGene00194717,0,0,0
WBGene00194725,0,3,3
WBGene00194726,0,3,3
WBGene00194727,0,3,3
WBGene00194729,1,11,12
WBGene00194730,0,0,0
WBGene00194731,11,22,33
WBGene00194733,0,0,0
WBGene00194734,0,0,0
WBGene00194735,0,0,0
WBGene00194737,4,0,4
WBGene00194738,1,1,2
WBGene00194742,3,30,33
WBGene00194744,0,0,0
WBGene00194746,0,0,0
WBGene00194747,119,322,441
WBGene00194780,1,0,1
WBGene00194783,0,0,0
WBGene00194784,0,3,3
WBGene00194785,2,4,6
WBGene00194787,0,1,1
WBGene00194788,0,0,0
WBGene00194793,1,1,2
WBGene00194795,2,2,4
WBGene00194799,0,0,0
WBGene00194801,0,0,0
WBGene00194803,1,9,10
WBGene00194813,1,23,24
WBGene00194815,2,4,6
WBGene00194816,0,1,1
WBGene00194821,3,5,8
WBGene00194832,10,8,18
WBGene00194833,0,0,0
WBGene00194835,5,18,23
WBGene00194839,0,0,0
WBGene00194848,0,0,0
WBGene00194849,11,11,22
WBGene00194850,0,0,0
WBGene00194852,2,6,8
WBGene00194855,14,48,62
WBGene00194861,3,7,10
WBGene00194864,0,0,0
WBGene00194866,13,10,23
WBGene00194867,1,1,2
WBGene00194868,11,1,12
WBGene00194869,0,119,119
WBGene00194870,7,7,14
WBGene00194871,0,0,0
WBGene00194883,39,298,337
WBGene00194886,0,13,13
WBGene00194888,0,3,3
WBGene00194890,1,0,1
WBGene00194892,8,29,37
WBGene00194894,0,0,0
WBGene00194895,4,49,53
WBGene00194896,18,0,18
WBGene00194898,0,0,0
WBGene00194902,1,1,2
WBGene00194905,43,141,184
WBGene00194906,3,3,6
WBGene00194907,1,4,5
WBGene00194908,30,88,118
WBGene00194909,17,77,94
WBGene00194910,19,31,50
WBGene00194912,0,0,0
WBGene00194913,24,35,59
WBGene00194914,0,1,1
WBGene00194915,9,47,56
WBGene00194916,0,2,2
WBGene00194917,4,10,14
WBGene00194918,1,0,1
WBGene00194919,1,4,5
WBGene00194920,0,0,0
WBGene00194921,56,153,209
WBGene00194922,0,3,3
WBGene00194924,0,0,0
WBGene00194925,11,12,23
WBGene00194926,6,39,45
WBGene00194927,0,0,0
WBGene00194928,8,54,62
WBGene00194929,0,1,1
WBGene00194930,0,0,0
WBGene00194931,0,1,1
WBGene00194933,0,0,0
WBGene00194934,2,46,48
WBGene00194935,0,0,0
WBGene00194940,0,0,0
WBGene00194951,0,0,0
WBGene00194952,1,0,1
WBGene00194955,4,37,41
WBGene00194956,0,12,12
WBGene00194957,0,0,0
WBGene00194981,0,0,0
WBGene00194982,18,79,97
WBGene00194983,0,2,2
WBGene00194985,0,0,0
WBGene00194986,0,0,0
WBGene00194998,19,46,65
WBGene00195003,0,4,4
WBGene00195004,1,3,4
WBGene00195006,0,0,0
WBGene00195009,0,0,0
WBGene00195010,1,1,2
WBGene00195011,10,23,33
WBGene00195012,1,1,2
WBGene00195045,2,4,6
WBGene00195046,3,4,7
WBGene00195048,2,3,5
WBGene00195049,6,1,7
WBGene00195050,4,33,37
WBGene00195051,6,25,31
WBGene00195056,33,228,261
WBGene00195057,0,0,0
WBGene00195058,0,0,0
WBGene00195061,0,0,0
WBGene00195063,34,455,489
WBGene00195067,3,11,14
WBGene00195068,5,1,6
WBGene00195069,1,3,4
WBGene00195070,4,8,12
WBGene00195071,0,1,1
WBGene00195072,0,2,2
WBGene00195073,157,311,468
WBGene00195077,1,1,2
WBGene00195081,2,14,16
WBGene00195084,24,91,115
WBGene00195086,7,91,98
WBGene00195093,30,233,263
WBGene00195142,0,183,183
WBGene00195143,70,130,200
WBGene00195144,3,1,4
WBGene00195145,9,17,26
WBGene00195146,77,133,210
WBGene00195147,3,1,4
WBGene00195148,0,5,5
WBGene00195149,1,1,2
WBGene00195150,0,0,0
WBGene00195154,0,0,0
WBGene00195155,0,3,3
WBGene00195157,6,5,11
WBGene00195158,0,0,0
WBGene00195160,0,0,0
WBGene00195164,0,3,3
WBGene00195165,0,0,0
WBGene00195166,2,179,181
WBGene00195168,0,0,0
WBGene00195169,8,21,29
WBGene00195171,0,0,0
WBGene00195174,1,1,2
WBGene00195176,1,4,5
WBGene00195177,0,1,1
WBGene00195178,0,2,2
WBGene00195179,1,2,3
WBGene00195180,2,17,19
WBGene00195181,0,0,0
WBGene00195182,1,3,4
WBGene00195183,5,9,14
WBGene00195184,0,8,8
WBGene00195185,131,320,451
WBGene00195188,0,0,0
WBGene00195189,3,5,8
WBGene00195208,2,10,12
WBGene00195209,0,35,35
WBGene00195210,9,22,31
WBGene00195211,0,0,0
WBGene00195212,9,20,29
WBGene00195213,0,1,1
WBGene00195214,1,1,2
WBGene00195215,0,0,0
WBGene00195226,0,4,4
WBGene00195227,0,0,0
WBGene00195228,0,0,0
WBGene00195229,0,0,0
WBGene00195230,0,0,0
WBGene00195231,0,0,0
WBGene00195232,2,3,5
WBGene00195239,20,164,184
WBGene00195240,0,1,1
WBGene00195241,0,1,1
WBGene00195242,0,0,0
WBGene00195243,0,7,7
WBGene00195244,0,7,7
WBGene00195246,7,28,35
WBGene00195248,2,8,10
WBGene00195249,4,5,9
WBGene00195250,1,3,4
WBGene00195256,0,0,0
WBGene00202495,0,0,0
WBGene00202496,3,6,9
WBGene00202497,0,0,0
WBGene00202498,5,12,17
WBGene00202499,0,0,0
WBGene00202500,4,0,4
WBGene00202501,1,5,6
WBGene00202502,0,0,0
WBGene00202504,0,0,0
WBGene00202511,0,1,1
WBGene00202512,9,23,32
WBGene00202513,5,34,39
WBGene00202514,1,5,6
WBGene00206354,1,5,6
WBGene00206355,0,3,3
WBGene00206356,18,337,355
WBGene00206357,0,0,0
WBGene00206358,0,0,0
WBGene00206359,0,5,5
WBGene00206360,0,1,1
WBGene00206361,5,62,67
WBGene00206362,6,109,115
WBGene00206363,0,0,0
WBGene00206364,0,2,2
WBGene00206365,0,2,2
WBGene00206366,0,0,0
WBGene00206368,0,1,1
WBGene00206370,0,4,4
WBGene00206371,1,35,36
WBGene00206372,0,1,1
WBGene00206373,13,113,126
WBGene00206374,26,48,74
WBGene00206377,1,13,14
WBGene00206378,0,0,0
WBGene00206379,0,0,0
WBGene00206380,34,329,363
WBGene00206381,1,6,7
WBGene00206382,3,65,68
WBGene00206383,0,0,0
WBGene00206384,1,2,3
WBGene00206385,0,0,0
WBGene00206386,6,22,28
WBGene00206388,0,0,0
WBGene00206389,0,0,0
WBGene00206390,0,0,0
WBGene00206392,14,13,27
WBGene00206393,0,2,2
WBGene00206395,0,0,0
WBGene00206412,4,4,8
WBGene00206413,1,1,2
WBGene00206414,1,5,6
WBGene00206415,4,3,7
WBGene00206416,0,6,6
WBGene00206417,23,165,188
WBGene00206418,3,3,6
WBGene00206421,0,0,0
WBGene00206422,0,46,46
WBGene00206460,0,19,19
WBGene00206461,2,23,25
WBGene00206462,0,2,2
WBGene00206464,0,474,474
WBGene00206466,3,13,16
WBGene00206468,0,0,0
WBGene00206469,2,11,13
WBGene00206471,2,2,4
WBGene00206473,4,9,13
WBGene00206474,13,40,53
WBGene00206475,0,1,1
WBGene00206477,0,0,0
WBGene00206478,1,4,5
WBGene00206479,1,52,53
WBGene00206481,0,0,0
WBGene00206482,1,12,13
WBGene00206483,0,0,0
WBGene00206484,3,12,15
WBGene00206485,0,0,0
WBGene00206486,2,0,2
WBGene00206487,6,205,211
WBGene00206488,15,18,33
WBGene00206490,0,0,0
WBGene00206492,0,0,0
WBGene00206493,0,0,0
WBGene00206495,1,0,1
WBGene00206496,0,0,0
WBGene00206497,0,2,2
WBGene00206498,1,2,3
WBGene00206499,0,0,0
WBGene00206500,0,1,1
WBGene00206501,0,0,0
WBGene00206502,0,1,1
WBGene00206503,0,0,0
WBGene00206504,0,0,0
WBGene00206505,1,18,19
WBGene00206506,0,0,0
WBGene00206507,0,0,0
WBGene00206508,0,0,0
WBGene00206510,0,0,0
WBGene00206511,0,0,0
WBGene00206512,0,2,2
WBGene00206513,0,0,0
WBGene00206514,0,1,1
WBGene00206515,0,0,0
WBGene00206516,164,0,164
WBGene00206517,1,22,23
WBGene00206518,0,0,0
WBGene00206519,0,3,3
WBGene00206520,0,1,1
WBGene00206521,0,7,7
WBGene00206522,19,546,565
WBGene00206523,0,0,0
WBGene00206524,0,0,0
WBGene00206525,62,382,444
WBGene00206527,4,5,9
WBGene00206528,2,18,20
WBGene00206529,9,52,61
WBGene00206530,2,3,5
WBGene00206532,162,159,321
WBGene00206533,24,30,54
WBGene00206534,0,0,0
WBGene00206535,0,0,0
WBGene00206537,1,2,3
WBGene00206538,10,49,59
WBGene00219205,0,2,2
WBGene00219206,1,26,27
WBGene00219207,0,327,327
WBGene00219208,21,201,222
WBGene00219209,4,15,19
WBGene00219210,2,10,12
WBGene00219212,0,0,0
WBGene00219214,2,0,2
WBGene00219216,3,0,3
WBGene00219217,1,5,6
WBGene00219218,2,5,7
WBGene00219234,0,0,0
WBGene00219235,1,14,15
WBGene00219236,21,236,257
WBGene00219238,0,0,0
WBGene00219239,0,0,0
WBGene00219241,0,3,3
WBGene00219243,12,11,23
WBGene00219244,0,0,0
WBGene00219271,0,0,0
WBGene00219272,5,2,7
WBGene00219274,1,9,10
WBGene00219275,180,788,968
WBGene00219278,0,0,0
WBGene00219280,3,8,11
WBGene00219281,14,9,23
WBGene00219282,0,1,1
WBGene00219283,55,20,75
WBGene00219284,0,7042,7042
WBGene00219285,4,3,7
WBGene00219286,0,4,4
WBGene00219287,53,323,376
WBGene00219288,10,20,30
WBGene00219289,601,259,860
WBGene00219290,0,0,0
WBGene00219291,0,0,0
WBGene00219293,0,1,1
WBGene00219294,3,17,20
WBGene00219295,12,24,36
WBGene00219296,0,1,1
WBGene00219297,0,1,1
WBGene00219298,0,5,5
WBGene00219299,3,1,4
WBGene00219300,1,13,14
WBGene00219301,1,0,1
WBGene00219302,0,12,12
WBGene00219308,0,0,0
WBGene00219309,0,10,10
WBGene00219310,0,0,0
WBGene00219313,11,315,326
WBGene00219314,0,0,0
WBGene00219315,0,0,0
WBGene00219316,0,12,12
WBGene00219317,0,2,2
WBGene00219318,0,0,0
WBGene00219319,3,3,6
WBGene00219321,0,1,1
WBGene00219322,0,0,0
WBGene00219324,0,0,0
WBGene00219325,4,1,5
WBGene00219326,0,0,0
WBGene00219327,0,0,0
WBGene00219329,71,71,142
WBGene00219330,0,0,0
WBGene00219332,2,0,2
WBGene00219337,22,8,30
WBGene00219342,0,0,0
WBGene00219351,1,1,2
WBGene00219362,64,91,155
WBGene00219368,0,3,3
WBGene00219369,0,2,2
WBGene00219370,0,0,0
WBGene00219371,2,7,9
WBGene00219372,6,68,74
WBGene00219373,7,165,172
WBGene00219374,0,10,10
WBGene00219375,18,86,104
WBGene00219376,2,6,8
WBGene00219378,0,1,1
WBGene00219381,0,0,0
WBGene00219383,0,0,0
WBGene00219394,11,103,114
WBGene00219395,1,0,1
WBGene00219399,6,5,11
WBGene00219410,8,3,11
WBGene00219411,2,3,5
WBGene00219412,0,4,4
WBGene00219413,0,5,5
WBGene00219414,0,1,1
WBGene00219418,0,0,0
WBGene00219420,0,29,29
WBGene00219421,4,6,10
WBGene00219422,5,8,13
WBGene00219423,1,3,4
WBGene00219424,2,10,12
WBGene00219425,24,21,45
WBGene00219434,0,0,0
WBGene00219436,3,3,6
WBGene00219437,1,0,1
WBGene00219443,0,0,0
WBGene00219445,0,0,0
WBGene00219446,0,0,0
WBGene00219447,0,0,0
WBGene00219449,0,1,1
WBGene00219450,10,43,53
WBGene00219451,2,39,41
WBGene00219452,1,0,1
WBGene00219454,0,0,0
WBGene00219455,0,0,0
WBGene00219456,0,0,0
WBGene00219458,0,0,0
WBGene00219460,1,0,1
WBGene00219476,0,5,5
WBGene00219478,0,0,0
WBGene00219489,0,2,2
WBGene00219491,0,0,0
WBGene00219493,0,0,0
WBGene00219498,0,0,0
WBGene00219544,1,0,1
WBGene00219547,0,0,0
WBGene00219750,2,0,2
WBGene00219796,0,1,1
WBGene00220249,0,0,0
WBGene00220250,8,1,9
WBGene00220253,0,2,2
WBGene00220254,1,1,2
WBGene00220257,0,2,2
WBGene00220258,0,10,10
WBGene00220259,2,4,6
WBGene00220261,1,3,4
WBGene00235081,0,0,0
WBGene00235092,0,0,0
WBGene00235093,0,0,0
WBGene00235094,0,0,0
WBGene00235095,0,2,2
WBGene00235102,5,900,905
WBGene00235110,0,0,0
WBGene00235112,0,0,0
WBGene00235113,0,19,19
WBGene00235114,6,157,163
WBGene00235115,1,0,1
WBGene00235116,0,1,1
WBGene00235117,0,0,0
WBGene00235118,0,1,1
WBGene00235120,0,0,0
WBGene00235129,1,5,6
WBGene00235132,3,2,5
WBGene00235133,0,1,1
WBGene00235134,0,0,0
WBGene00235158,18,133,151
WBGene00235164,28,196,224
WBGene00235165,0,0,0
WBGene00235254,0,1,1
WBGene00235256,0,17,17
WBGene00235257,0,8,8
WBGene00235258,0,0,0
WBGene00235260,7,4,11
WBGene00235261,0,0,0
WBGene00235262,0,1,1
WBGene00235263,12,16,28
WBGene00235264,0,0,0
WBGene00235267,0,0,0
WBGene00235268,37,172,209
WBGene00235269,46,441,487
WBGene00235271,0,1,1
WBGene00235273,25,84,109
WBGene00235274,10,96,106
WBGene00235275,5,1,6
WBGene00235277,45,73,118
WBGene00235279,31,22,53
WBGene00235280,0,5,5
WBGene00235282,0,0,0
WBGene00235283,7,5,12
WBGene00235284,0,0,0
WBGene00235285,0,0,0
WBGene00235288,0,0,0
WBGene00235289,0,0,0
WBGene00235290,0,0,0
WBGene00235291,34,330,364
WBGene00235293,0,0,0
WBGene00235294,0,3,3
WBGene00235295,0,0,0
WBGene00235296,0,13,13
WBGene00235297,0,0,0
WBGene00235298,0,1,1
WBGene00235300,0,9,9
WBGene00235301,0,3,3
WBGene00235302,0,0,0
WBGene00235303,0,21,21
WBGene00235304,0,0,0
WBGene00235305,0,0,0
WBGene00235308,4,23,27
WBGene00235309,0,0,0
WBGene00235310,18,78,96
WBGene00235311,0,0,0
WBGene00235312,2,14,16
WBGene00235313,8,11,19
WBGene00235315,13,124,137
WBGene00235316,5,8,13
WBGene00235317,0,0,0
WBGene00235320,1,7,8
WBGene00235321,14,7,21
WBGene00235322,0,0,0
WBGene00235324,1,0,1
WBGene00235325,15,79,94
WBGene00235326,0,0,0
WBGene00235327,1,1,2
WBGene00235328,0,10,10
WBGene00235329,2,1,3
WBGene00235330,11,83,94
WBGene00235332,0,2,2
WBGene00235333,0,0,0
WBGene00235335,0,0,0
WBGene00235336,0,1,1
WBGene00235339,0,0,0
WBGene00235340,0,1,1
WBGene00235342,0,0,0
WBGene00235343,1,0,1
WBGene00235350,12,1,13
WBGene00235351,0,1,1
WBGene00235352,0,4,4
WBGene00235354,0,0,0
WBGene00235358,0,1,1
WBGene00235359,0,0,0
WBGene00235361,0,0,0
WBGene00235363,0,0,0
WBGene00235364,0,0,0
WBGene00235365,0,0,0
WBGene00235367,0,0,0
WBGene00235368,0,0,0
WBGene00235369,0,0,0
WBGene00235371,0,0,0
WBGene00235374,0,0,0
WBGene00235380,0,16,16
WBGene00235383,0,1,1
WBGene00235388,0,1,1
WBGene00235390,0,0,0
WBGene00235391,0,6,6
WBGene00236786,1,5,6
WBGene00236789,3,9,12
WBGene00236806,28,0,28
WBGene00236808,1,0,1
WBGene00236809,0,0,0
WBGene00249815,599,925,1524
WBGene00249817,16,100,116
WBGene00255375,0,0,0
WBGene00255420,1,1,2
WBGene00255457,30,20,50
WBGene00255469,2,6,8
WBGene00255522,0,0,0
WBGene00255545,0,0,0
WBGene00255546,0,0,0
WBGene00255550,0,0,0
WBGene00255553,0,0,0
WBGene00255594,0,12,12
WBGene00255595,0,85,85
WBGene00255597,0,2,2
WBGene00255598,14,10,24
WBGene00255600,1,9,10
WBGene00255605,0,0,0
WBGene00255607,0,3,3
WBGene00255611,0,1,1
WBGene00255702,2,14,16
WBGene00255704,0,38,38
WBGene00255714,0,14,14
WBGene00255729,5,11,16
WBGene00255731,2,10,12
WBGene00255732,0,1,1
WBGene00255733,2,7,9
WBGene00268194,3,0,3
WBGene00268196,17,45,62
WBGene00268197,1,0,1
WBGene00268198,0,0,0
WBGene00268199,0,0,0
WBGene00268206,1,3,4
WBGene00268213,0,0,0
WBGene00268215,0,0,0
WBGene00268216,1,0,1
WBGene00269332,0,0,0
WBGene00269352,0,0,0
WBGene00269355,1,37,38
WBGene00269373,0,34,34
WBGene00269374,0,0,0
WBGene00269375,0,1,1
WBGene00269378,12,79,91
WBGene00269379,1,1,2
WBGene00269381,0,0,0
WBGene00269382,10,81,91
WBGene00269385,0,0,0
WBGene00269387,8,75,83
WBGene00269388,0,0,0
WBGene00269389,0,2,2
WBGene00269391,24,59,83
WBGene00269392,0,1,1
WBGene00269394,0,0,0
WBGene00269421,267,711,978
WBGene00269422,0,3,3
WBGene00269424,0,2,2
WBGene00269425,0,0,0
WBGene00269429,0,42,42
WBGene00269431,0,2,2
WBGene00269432,20,84,104
WBGene00269433,4,50,54
WBGene00269434,0,3,3
WBGene00269435,0,1,1
WBGene00269437,0,0,0
WBGene00269438,0,3,3
WBGene00270290,0,1,1
WBGene00270293,0,1,1
WBGene00270303,0,1,1
WBGene00270309,10,12,22
WBGene00270318,3,2,5
WBGene00270319,13,169,182
WBGene00270320,0,3,3
WBGene00270321,3,5,8
WBGene00270322,13,157,170
WBGene00271414,8,115,123
WBGene00271415,1,1,2
WBGene00271437,6,13,19
WBGene00271444,0,2,2
WBGene00271567,0,1,1
WBGene00271577,0,0,0
WBGene00271605,3,3,6
WBGene00271606,16,83,99
WBGene00271657,1,3,4
WBGene00271694,8,63,71
WBGene00271701,2,6,8
WBGene00271703,0,0,0
WBGene00271706,5,66,71
WBGene00271707,1,1,2
WBGene00271715,0,0,0
