gene_id,total_unsp,total_sp,total
WBGene00000001,13,477,490
WBGene00000002,25,310,335
WBGene00000003,3,299,302
WBGene00000004,107,897,1004
WBGene00000005,1,1,2
WBGene00000006,245,1726,1971
WBGene00000007,4,20,24
WBGene00000008,12,5,17
WBGene00000009,8,28,36
WBGene00000010,27,188,215
WBGene00000012,7,20,27
WBGene00000013,0,107,107
WBGene00000014,0,1,1
WBGene00000015,2,61,63
WBGene00000016,39,1298,1337
WBGene00000017,4,1084,1088
WBGene00000018,195,708,903
WBGene00000019,5,2,7
WBGene00000020,115,333,448
WBGene00000022,6,92,98
WBGene00000023,6,16,22
WBGene00000024,0,0,0
WBGene00000025,0,5,5
WBGene00000027,0,1,1
WBGene00000028,0,0,0
WBGene00000029,0,0,0
WBGene00000030,0,0,0
WBGene00000031,12,13,25
WBGene00000032,0,0,0
WBGene00000033,0,3,3
WBGene00000034,2,4,6
WBGene00000035,582,625,1207
WBGene00000036,70,254,324
WBGene00000037,36,830,866
WBGene00000038,29,69,98
WBGene00000039,17,822,839
WBGene00000040,32,3193,3225
WBGene00000041,480,12783,13263
WBGene00000042,24,99,123
WBGene00000043,25,52,77
WBGene00000044,22,61,83
WBGene00000045,16,10,26
WBGene00000046,39,55,94
WBGene00000047,138,617,755
WBGene00000048,6,39,45
WBGene00000049,6,9,15
WBGene00000050,4,29,33
WBGene00000051,25,139,164
WBGene00000053,17,29,46
WBGene00000054,41,263,304
WBGene00000055,7,179,186
WBGene00000056,21,84,105
WBGene00000057,60,60,120
WBGene00000058,72,144,216
WBGene00000059,17,62,79
WBGene00000060,10,37,47
WBGene00000061,24,61,85
WBGene00000062,31,47,78
WBGene00000063,423,98149,98572
WBGene00000064,322,10380,10702
WBGene00000065,430,94551,94981
WBGene00000066,863,120996,121859
WBGene00000067,50,1196,1246
WBGene00000068,1226,1007,2233
WBGene00000069,25,88,113
WBGene00000070,200,1141,1341
WBGene00000071,27,120,147
WBGene00000072,70,433,503
WBGene00000073,64,323,387
WBGene00000074,96,351,447
WBGene00000075,19,85,104
WBGene00000079,148,2317,2465
WBGene00000080,2,156,158
WBGene00000081,30,265,295
WBGene00000082,31,38,69
WBGene00000083,387,2133,2520
WBGene00000084,21,26,47
WBGene00000085,47,202,249
WBGene00000086,87,401,488
WBGene00000088,45,138,183
WBGene00000089,67,1016,1083
WBGene00000090,59,543,602
WBGene00000092,176,1349,1525
WBGene00000093,46,499,545
WBGene00000094,56,458,514
WBGene00000095,121,1138,1259
WBGene00000096,100,277,377
WBGene00000097,81,817,898
WBGene00000098,60,764,824
WBGene00000099,78,615,693
WBGene00000100,311,2531,2842
WBGene00000101,110,1097,1207
WBGene00000102,259,3049,3308
WBGene00000103,75,868,943
WBGene00000105,62,2007,2069
WBGene00000106,51,888,939
WBGene00000107,615,4659,5274
WBGene00000108,4,2,6
WBGene00000109,20,501,521
WBGene00000110,85,1329,1414
WBGene00000111,79,309,388
WBGene00000112,294,2758,3052
WBGene00000113,180,382,562
WBGene00000114,268,36142,36410
WBGene00000115,29,1059,1088
WBGene00000116,97,410,507
WBGene00000117,206,335,541
WBGene00000118,21,6244,6265
WBGene00000120,3,1611,1614
WBGene00000121,44,1510,1554
WBGene00000122,59,5035,5094
WBGene00000123,150,3043,3193
WBGene00000133,3,9,12
WBGene00000134,54,112,166
WBGene00000135,17,115,132
WBGene00000136,5,62,67
WBGene00000137,53,240,293
WBGene00000138,55,262,317
WBGene00000139,37,41,78
WBGene00000140,632,27560,28192
WBGene00000142,39,690,729
WBGene00000143,89,541,630
WBGene00000144,46,299,345
WBGene00000145,8,304,312
WBGene00000146,229,1807,2036
WBGene00000147,4,333,337
WBGene00000148,102,809,911
WBGene00000149,263,5810,6073
WBGene00000150,82,621,703
WBGene00000151,18,506,524
WBGene00000155,14,574,588
WBGene00000156,47,552,599
WBGene00000157,57,1221,1278
WBGene00000158,288,1299,1587
WBGene00000159,39,1617,1656
WBGene00000160,401,1494,1895
WBGene00000161,88,1386,1474
WBGene00000162,297,1140,1437
WBGene00000163,63,1260,1323
WBGene00000164,102,563,665
WBGene00000165,28,679,707
WBGene00000166,15,166,181
WBGene00000168,241,159,400
WBGene00000169,13,335,348
WBGene00000170,1490,10839,12329
WBGene00000171,4,0,4
WBGene00000172,58,83,141
WBGene00000173,6,48,54
WBGene00000174,9,20,29
WBGene00000175,2521,23248,25769
WBGene00000176,5,670,675
WBGene00000177,295,1087,1382
WBGene00000178,155,1192,1347
WBGene00000179,282,1205,1487
WBGene00000180,48,583,631
WBGene00000181,786,3596,4382
WBGene00000182,151,8460,8611
WBGene00000183,196,9034,9230
WBGene00000184,136,975,1111
WBGene00000185,0,8,8
WBGene00000186,374,2935,3309
WBGene00000187,4,847,851
WBGene00000188,0,103,103
WBGene00000189,10,355,365
WBGene00000190,24,75,99
WBGene00000192,10,1304,1314
WBGene00000193,11,39,50
WBGene00000195,57,608,665
WBGene00000196,135,930,1065
WBGene00000197,44,2770,2814
WBGene00000198,168,1400,1568
WBGene00000199,147,2066,2213
WBGene00000200,106,1436,1542
WBGene00000201,686,2221,2907
WBGene00000202,5,207,212
WBGene00000203,15,1408,1423
WBGene00000204,71,1511,1582
WBGene00000205,16,1206,1222
WBGene00000206,151,1508,1659
WBGene00000207,1135,25754,26889
WBGene00000208,256,463,719
WBGene00000209,1320,9450,10770
WBGene00000210,4549,28271,32820
WBGene00000211,120,374,494
WBGene00000212,21,72,93
WBGene00000213,9,37,46
WBGene00000214,0,4513,4513
WBGene00000215,50,296,346
WBGene00000216,6,1245,1251
WBGene00000217,1902,13634,15536
WBGene00000218,20,858,878
WBGene00000219,1,1165,1166
WBGene00000220,51,388,439
WBGene00000221,918,5463,6381
WBGene00000222,85,755,840
WBGene00000223,429,3431,3860
WBGene00000224,266,2549,2815
WBGene00000225,2799,1990,4789
WBGene00000226,133,1031,1164
WBGene00000227,174,826,1000
WBGene00000228,587,11350,11937
WBGene00000229,2596,63112,65708
WBGene00000230,194,24254,24448
WBGene00000231,255,1528,1783
WBGene00000232,186,831,1017
WBGene00000233,84,301,385
WBGene00000235,13,4776,4789
WBGene00000236,186,995,1181
WBGene00000237,56,347,403
WBGene00000238,53,463,516
WBGene00000239,80,301,381
WBGene00000240,521,1950,2471
WBGene00000241,15,59,74
WBGene00000242,25,142,167
WBGene00000244,26,159,185
WBGene00000245,289,4572,4861
WBGene00000246,39,73,112
WBGene00000247,59,894,953
WBGene00000248,163,1555,1718
WBGene00000249,9,1194,1203
WBGene00000250,6,173,179
WBGene00000251,1,4,5
WBGene00000252,0,10,10
WBGene00000253,40,275,315
WBGene00000254,410,1297,1707
WBGene00000255,23,10,33
WBGene00000256,0,8,8
WBGene00000257,56,822,878
WBGene00000259,76,549,625
WBGene00000262,8,321,329
WBGene00000263,5534,32528,38062
WBGene00000264,174,319,493
WBGene00000265,89,297,386
WBGene00000266,182,1666,1848
WBGene00000267,37,93,130
WBGene00000268,300,785,1085
WBGene00000269,69,472,541
WBGene00000270,15,238,253
WBGene00000271,25,550,575
WBGene00000272,29,233,262
WBGene00000273,98,2261,2359
WBGene00000274,151,679,830
WBGene00000275,21,831,852
WBGene00000276,198,3550,3748
WBGene00000277,1085,7964,9049
WBGene00000279,15,146,161
WBGene00000280,41,265,306
WBGene00000281,54,2069,2123
WBGene00000282,249,2200,2449
WBGene00000283,147,2039,2186
WBGene00000284,8,620,628
WBGene00000285,257,3221,3478
WBGene00000286,883,6686,7569
WBGene00000287,58,229,287
WBGene00000288,162,1167,1329
WBGene00000289,217,1340,1557
WBGene00000292,342,3634,3976
WBGene00000293,264,4859,5123
WBGene00000294,186,3344,3530
WBGene00000295,30,315,345
WBGene00000296,33,87,120
WBGene00000298,12,673,685
WBGene00000301,5,3173,3178
WBGene00000302,8,52,60
WBGene00000366,173,2767,2940
WBGene00000367,334,1098,1432
WBGene00000368,231,1690,1921
WBGene00000369,4,1186,1190
WBGene00000370,3034,8246,11280
WBGene00000371,3617,33652,37269
WBGene00000372,0,28,28
WBGene00000373,61,325,386
WBGene00000375,24,160,184
WBGene00000376,266,968,1234
WBGene00000377,106,10782,10888
WBGene00000378,21,8363,8384
WBGene00000379,1001,10648,11649
WBGene00000380,736,17729,18465
WBGene00000381,105,7891,7996
WBGene00000382,28,456,484
WBGene00000383,169,1855,2024
WBGene00000386,6,209,215
WBGene00000387,369,329,698
WBGene00000388,2,10,12
WBGene00000389,1,1,2
WBGene00000390,135,3570,3705
WBGene00000391,100,412,512
WBGene00000392,0,33,33
WBGene00000393,39,382,421
WBGene00000395,40,255,295
WBGene00000396,62,1526,1588
WBGene00000397,0,7,7
WBGene00000399,35,510,545
WBGene00000401,14,41,55
WBGene00000402,154,342,496
WBGene00000403,390,4618,5008
WBGene00000405,79,2138,2217
WBGene00000406,23,280,303
WBGene00000407,144,532,676
WBGene00000408,250,835,1085
WBGene00000409,86,629,715
WBGene00000410,162,808,970
WBGene00000411,32,1506,1538
WBGene00000412,30,192,222
WBGene00000413,47,337,384
WBGene00000414,197,3380,3577
WBGene00000415,930,1144,2074
WBGene00000416,24,648,672
WBGene00000417,44,52,96
WBGene00000418,12,261,273
WBGene00000419,198,917,1115
WBGene00000420,53,560,613
WBGene00000421,159,1031,1190
WBGene00000422,8,27,35
WBGene00000423,42,436,478
WBGene00000424,74,948,1022
WBGene00000425,6,108,114
WBGene00000426,155,636,791
WBGene00000427,3,5,8
WBGene00000428,1,21,22
WBGene00000429,56,209,265
WBGene00000430,12,109,121
WBGene00000431,23,315,338
WBGene00000432,3,4,7
WBGene00000433,42,173,215
WBGene00000434,12,105,117
WBGene00000435,6,25,31
WBGene00000436,6,12,18
WBGene00000437,93,1589,1682
WBGene00000438,7,9,16
WBGene00000439,14,285,299
WBGene00000440,2,89,91
WBGene00000441,304,1035,1339
WBGene00000442,17,157,174
WBGene00000443,140,2671,2811
WBGene00000444,4,108,112
WBGene00000445,13,96,109
WBGene00000446,7,165,172
WBGene00000447,40,157,197
WBGene00000448,64,769,833
WBGene00000449,70,328,398
WBGene00000450,5,26,31
WBGene00000451,4,47,51
WBGene00000452,1,264,265
WBGene00000453,37,537,574
WBGene00000454,19,198,217
WBGene00000455,61,593,654
WBGene00000457,2,37,39
WBGene00000458,76,511,587
WBGene00000459,63,864,927
WBGene00000460,6,126,132
WBGene00000461,9,23,32
WBGene00000462,6,241,247
WBGene00000463,26,378,404
WBGene00000464,551,1393,1944
WBGene00000465,4,101,105
WBGene00000466,212,1150,1362
WBGene00000467,58,271,329
WBGene00000468,2,5,7
WBGene00000469,9,36,45
WBGene00000472,73,23995,24068
WBGene00000473,3,515,518
WBGene00000474,3,663,666
WBGene00000475,91,17504,17595
WBGene00000476,97,362,459
WBGene00000477,7,20,27
WBGene00000478,39,255,294
WBGene00000479,26,1965,1991
WBGene00000480,84,715,799
WBGene00000481,41,341,382
WBGene00000482,155,2610,2765
WBGene00000483,9,5,14
WBGene00000484,31,62,93
WBGene00000485,62,314,376
WBGene00000487,13,6,19
WBGene00000488,69,135,204
WBGene00000490,22,146,168
WBGene00000491,98,295,393
WBGene00000492,270,223,493
WBGene00000493,18,140,158
WBGene00000496,46,65,111
WBGene00000497,22,40,62
WBGene00000498,6,417,423
WBGene00000499,31,29,60
WBGene00000500,37,676,713
WBGene00000501,73,599,672
WBGene00000502,54,1439,1493
WBGene00000503,1,3,4
WBGene00000506,149,553,702
WBGene00000507,66,494,560
WBGene00000508,35,818,853
WBGene00000509,191,1082,1273
WBGene00000510,168,1228,1396
WBGene00000511,70,266,336
WBGene00000512,222,284,506
WBGene00000513,4,120,124
WBGene00000514,67,359,426
WBGene00000515,40,165,205
WBGene00000516,4,1675,1679
WBGene00000517,47,269,316
WBGene00000518,942,750,1692
WBGene00000519,379,404,783
WBGene00000520,67,366,433
WBGene00000521,2,8,10
WBGene00000522,55,138,193
WBGene00000523,36,315,351
WBGene00000524,24,248,272
WBGene00000525,9,171,180
WBGene00000526,13,318,331
WBGene00000527,172,643,815
WBGene00000528,118,623,741
WBGene00000529,117,298,415
WBGene00000530,11,75,86
WBGene00000531,8,13,21
WBGene00000532,37,830,867
WBGene00000533,14,194,208
WBGene00000534,34,5820,5854
WBGene00000535,206,2561,2767
WBGene00000536,54,387,441
WBGene00000537,20,261,281
WBGene00000539,9,27,36
WBGene00000540,61,211,272
WBGene00000541,62,60,122
WBGene00000542,321,3542,3863
WBGene00000543,90,446,536
WBGene00000544,38,6,44
WBGene00000545,509,1094,1603
WBGene00000546,3,8,11
WBGene00000547,193,688,881
WBGene00000548,99,1703,1802
WBGene00000549,558,1165,1723
WBGene00000550,109,8836,8945
WBGene00000551,0,0,0
WBGene00000552,1427,19747,21174
WBGene00000553,524,763,1287
WBGene00000554,527,3998,4525
WBGene00000555,0,0,0
WBGene00000556,38,206,244
WBGene00000557,167,2099,2266
WBGene00000558,156,2174,2330
WBGene00000559,0,0,0
WBGene00000560,0,0,0
WBGene00000561,0,80,80
WBGene00000562,53,106,159
WBGene00000563,18,8,26
WBGene00000564,203,577,780
WBGene00000565,269,267,536
WBGene00000566,284,747,1031
WBGene00000567,162,2728,2890
WBGene00000583,158,932,1090
WBGene00000584,7,158,165
WBGene00000585,119,1083,1202
WBGene00000591,116,621,737
WBGene00000592,18,180,198
WBGene00000593,0,25,25
WBGene00000594,1,4641,4642
WBGene00000596,0,0,0
WBGene00000597,3,11,14
WBGene00000598,1,8,9
WBGene00000599,36,3338,3374
WBGene00000601,1,60,61
WBGene00000602,0,43,43
WBGene00000603,0,53,53
WBGene00000606,53,218,271
WBGene00000608,0,2,2
WBGene00000609,0,1,1
WBGene00000610,7,8,15
WBGene00000611,60,384,444
WBGene00000612,0,5,5
WBGene00000613,0,11,11
WBGene00000614,0,3,3
WBGene00000615,1,9,10
WBGene00000616,1,519,520
WBGene00000617,0,1,1
WBGene00000618,0,40,40
WBGene00000620,1,1,2
WBGene00000621,0,8,8
WBGene00000622,3,23,26
WBGene00000623,12,80,92
WBGene00000624,20,27,47
WBGene00000625,19,54,73
WBGene00000626,0,0,0
WBGene00000627,0,6,6
WBGene00000628,0,5,5
WBGene00000629,1,2,3
WBGene00000630,13,50,63
WBGene00000631,2,9,11
WBGene00000632,3,126,129
WBGene00000633,4,25,29
WBGene00000634,1,7,8
WBGene00000636,1,8,9
WBGene00000637,1,34,35
WBGene00000638,0,2,2
WBGene00000639,0,109,109
WBGene00000640,5,24,29
WBGene00000641,8,602,610
WBGene00000644,0,10,10
WBGene00000645,39,208,247
WBGene00000646,0,2,2
WBGene00000647,0,51,51
WBGene00000648,60,3,63
WBGene00000649,1,15,16
WBGene00000650,0,8,8
WBGene00000651,2,8,10
WBGene00000652,7,51,58
WBGene00000653,0,58,58
WBGene00000654,2,9,11
WBGene00000655,0,56,56
WBGene00000656,7,1188,1195
WBGene00000657,11,168,179
WBGene00000658,8,5,13
WBGene00000659,0,1,1
WBGene00000660,3,2,5
WBGene00000661,2,6,8
WBGene00000662,9,6,15
WBGene00000663,0,11,11
WBGene00000664,1,84,85
WBGene00000665,23,165,188
WBGene00000666,0,140,140
WBGene00000667,0,77,77
WBGene00000668,1,506,507
WBGene00000669,10,2455,2465
WBGene00000670,1,32,33
WBGene00000671,0,3,3
WBGene00000672,1,59,60
WBGene00000673,15,11707,11722
WBGene00000674,48,217,265
WBGene00000675,1,46,47
WBGene00000676,0,7,7
WBGene00000677,37,11281,11318
WBGene00000678,0,7,7
WBGene00000679,1,6,7
WBGene00000680,0,2,2
WBGene00000681,10,7239,7249
WBGene00000682,2,20,22
WBGene00000683,9,64,73
WBGene00000684,7,27,34
WBGene00000685,4,56,60
WBGene00000687,14,82,96
WBGene00000688,1,33,34
WBGene00000689,23,32,55
WBGene00000690,0,3,3
WBGene00000691,1,4775,4776
WBGene00000692,136,944,1080
WBGene00000693,0,2,2
WBGene00000694,1,8,9
WBGene00000695,1,0,1
WBGene00000696,0,0,0
WBGene00000697,0,8,8
WBGene00000698,0,11,11
WBGene00000699,0,251,251
WBGene00000700,0,0,0
WBGene00000701,0,2,2
WBGene00000702,19,93,112
WBGene00000703,2,166,168
WBGene00000704,0,134,134
WBGene00000705,0,0,0
WBGene00000706,0,14,14
WBGene00000707,0,2,2
WBGene00000708,0,9,9
WBGene00000710,0,2,2
WBGene00000711,0,1,1
WBGene00000712,0,4,4
WBGene00000713,2,24,26
WBGene00000714,4,22,26
WBGene00000715,1,31,32
WBGene00000716,0,1,1
WBGene00000717,13,1561,1574
WBGene00000718,0,18,18
WBGene00000719,0,17,17
WBGene00000720,3,8685,8688
WBGene00000721,0,8,8
WBGene00000722,32,2919,2951
WBGene00000723,0,16,16
WBGene00000724,3,26,29
WBGene00000725,0,4,4
WBGene00000726,37,106,143
WBGene00000727,0,799,799
WBGene00000728,0,609,609
WBGene00000729,1,2,3
WBGene00000730,0,10,10
WBGene00000731,3,98,101
WBGene00000732,0,22,22
WBGene00000733,8,5353,5361
WBGene00000734,0,10,10
WBGene00000735,3,6,9
WBGene00000736,1,2,3
WBGene00000737,1,32,33
WBGene00000738,1,4,5
WBGene00000739,28,14884,14912
WBGene00000740,5,4281,4286
WBGene00000741,2,3240,3242
WBGene00000742,0,625,625
WBGene00000743,0,194,194
WBGene00000744,0,0,0
WBGene00000745,2,45,47
WBGene00000746,2,1,3
WBGene00000747,1,18,19
WBGene00000748,1,80,81
WBGene00000749,0,203,203
WBGene00000750,8,45,53
WBGene00000751,0,17,17
WBGene00000752,0,0,0
WBGene00000753,0,32,32
WBGene00000754,0,16,16
WBGene00000755,0,9,9
WBGene00000756,0,1,1
WBGene00000757,1,18,19
WBGene00000758,0,0,0
WBGene00000759,7,40,47
WBGene00000760,4,11,15
WBGene00000761,79,1101,1180
WBGene00000762,137,558,695
WBGene00000763,159,1064,1223
WBGene00000764,30,240,270
WBGene00000765,5,1783,1788
WBGene00000766,44,1101,1145
WBGene00000767,221,2450,2671
WBGene00000768,367,2961,3328
WBGene00000770,6,31,37
WBGene00000771,0,4,4
WBGene00000772,0,147,147
WBGene00000773,86,1044,1130
WBGene00000774,41,1076,1117
WBGene00000775,86,319,405
WBGene00000776,249,8913,9162
WBGene00000777,26,2046,2072
WBGene00000778,12,189,201
WBGene00000779,6341,58986,65327
WBGene00000780,122,783,905
WBGene00000781,7,947,954
WBGene00000782,0,1,1
WBGene00000783,15,90,105
WBGene00000784,4,1026,1030
WBGene00000785,12,775,787
WBGene00000786,26,247,273
WBGene00000787,25,1274,1299
WBGene00000788,68,3101,3169
WBGene00000789,27,513,540
WBGene00000792,44,111,155
WBGene00000793,2500,1200,3700
WBGene00000794,51,1056,1107
WBGene00000795,21,466,487
WBGene00000796,263,1542,1805
WBGene00000797,3,39,42
WBGene00000798,11,943,954
WBGene00000799,9,30,39
WBGene00000800,149,2348,2497
WBGene00000802,1066,52291,53357
WBGene00000803,10,97,107
WBGene00000804,8,700,708
WBGene00000812,201,608,809
WBGene00000813,113,935,1048
WBGene00000814,140,1532,1672
WBGene00000815,229,963,1192
WBGene00000816,147,765,912
WBGene00000817,28,709,737
WBGene00000818,65,653,718
WBGene00000819,9,10,19
WBGene00000820,65,227,292
WBGene00000821,2,3,5
WBGene00000822,2506,22037,24543
WBGene00000829,0,36913,36913
WBGene00000830,0,115,115
WBGene00000831,1,239,240
WBGene00000832,417,1952,2369
WBGene00000833,126,28174,28300
WBGene00000834,556,1042,1598
WBGene00000835,158,1727,1885
WBGene00000836,73,880,953
WBGene00000837,146,939,1085
WBGene00000838,75,472,547
WBGene00000839,54,1040,1094
WBGene00000840,139,1138,1277
WBGene00000841,16,33,49
WBGene00000843,18,2246,2264
WBGene00000845,415,2870,3285
WBGene00000846,86,386,472
WBGene00000851,0,2,2
WBGene00000853,3,2,5
WBGene00000854,250,1198,1448
WBGene00000857,18,609,627
WBGene00000858,116,1263,1379
WBGene00000859,4,11,15
WBGene00000860,15,68,83
WBGene00000861,2,5,7
WBGene00000862,88,133,221
WBGene00000863,25,727,752
WBGene00000864,5,22,27
WBGene00000865,10,358,368
WBGene00000866,0,32,32
WBGene00000867,1,15,16
WBGene00000868,23,1417,1440
WBGene00000869,234,9350,9584
WBGene00000870,42,922,964
WBGene00000871,35,306,341
WBGene00000872,48,705,753
WBGene00000874,80,1112,1192
WBGene00000875,22,791,813
WBGene00000876,234,1747,1981
WBGene00000877,36,9898,9934
WBGene00000878,9,41,50
WBGene00000879,1522,23288,24810
WBGene00000880,70,902,972
WBGene00000881,7,12098,12105
WBGene00000882,3,1820,1823
WBGene00000883,4858,69773,74631
WBGene00000884,51,1343,1394
WBGene00000885,353,376,729
WBGene00000886,99,702,801
WBGene00000887,219,1195,1414
WBGene00000888,64,1043,1107
WBGene00000889,83,1043,1126
WBGene00000890,65,443,508
WBGene00000891,199,1117,1316
WBGene00000892,105,463,568
WBGene00000893,5,3,8
WBGene00000894,23,1191,1214
WBGene00000895,43,41,84
WBGene00000896,360,5696,6056
WBGene00000897,92,589,681
WBGene00000898,1241,769,2010
WBGene00000899,132,1044,1176
WBGene00000900,586,1323,1909
WBGene00000901,304,2876,3180
WBGene00000902,6,40,46
WBGene00000903,15,1088,1103
WBGene00000904,18,130,148
WBGene00000905,16,230,246
WBGene00000906,80,132,212
WBGene00000907,51,133,184
WBGene00000908,416,1041,1457
WBGene00000910,385,1804,2189
WBGene00000911,247,1779,2026
WBGene00000912,485,1828,2313
WBGene00000913,47,580,627
WBGene00000914,278,772,1050
WBGene00000915,343,48791,49134
WBGene00000917,163,1174,1337
WBGene00000920,17,1016,1033
WBGene00000923,39,2416,2455
WBGene00000928,35,1536,1571
WBGene00000929,157,1100,1257
WBGene00000930,0,11,11
WBGene00000931,281,8155,8436
WBGene00000932,3,29,32
WBGene00000933,376,2114,2490
WBGene00000934,11,166,177
WBGene00000935,4,319,323
WBGene00000936,12,638,650
WBGene00000937,15,372,387
WBGene00000938,1000,2923,3923
WBGene00000939,200,1289,1489
WBGene00000940,234,1296,1530
WBGene00000941,1262,8226,9488
WBGene00000942,302,8771,9073
WBGene00000950,37,64,101
WBGene00000951,14,23,37
WBGene00000952,37,34,71
WBGene00000953,26,86,112
WBGene00000955,11,42,53
WBGene00000958,130,427,557
WBGene00000959,236,1161,1397
WBGene00000960,21,50,71
WBGene00000961,22,789,811
WBGene00000962,260,6040,6300
WBGene00000963,189,931,1120
WBGene00000964,137,3475,3612
WBGene00000965,60,763,823
WBGene00000966,34,140,174
WBGene00000967,108,184,292
WBGene00000968,49,216,265
WBGene00000969,28,811,839
WBGene00000970,57,1427,1484
WBGene00000971,4,32,36
WBGene00000972,51,461,512
WBGene00000973,56,573,629
WBGene00000974,8,101,109
WBGene00000975,213,1611,1824
WBGene00000976,111,856,967
WBGene00000977,4,33,37
WBGene00000978,41,1940,1981
WBGene00000979,5,77,82
WBGene00000980,191,618,809
WBGene00000981,8,308,316
WBGene00000982,182,3500,3682
WBGene00000983,28,194,222
WBGene00000984,91,751,842
WBGene00000985,28,780,808
WBGene00000986,2,33,35
WBGene00000987,180,746,926
WBGene00000988,724,9525,10249
WBGene00000989,6,7,13
WBGene00000990,140,739,879
WBGene00000991,148,735,883
WBGene00000992,0,646,646
WBGene00000993,231,908,1139
WBGene00000994,32,343,375
WBGene00000995,50,459,509
WBGene00000996,98,1790,1888
WBGene00000998,1340,28363,29703
WBGene00001000,1737,18957,20694
WBGene00001001,233,1697,1930
WBGene00001002,50,885,935
WBGene00001005,65,18989,19054
WBGene00001006,121,1558,1679
WBGene00001007,363,3365,3728
WBGene00001008,309,1640,1949
WBGene00001016,16,214,230
WBGene00001017,267,2447,2714
WBGene00001018,352,2039,2391
WBGene00001019,312,1502,1814
WBGene00001020,71,936,1007
WBGene00001021,85,221,306
WBGene00001022,31,211,242
WBGene00001023,209,2678,2887
WBGene00001025,118,1519,1637
WBGene00001026,66,1310,1376
WBGene00001027,172,1281,1453
WBGene00001028,248,2420,2668
WBGene00001029,528,3871,4399
WBGene00001030,104,4859,4963
WBGene00001031,20,2558,2578
WBGene00001032,39,631,670
WBGene00001033,95,457,552
WBGene00001034,64,1054,1118
WBGene00001035,107,1088,1195
WBGene00001036,24,564,588
WBGene00001037,61,5358,5419
WBGene00001038,176,4466,4642
WBGene00001039,274,874,1148
WBGene00001040,38,634,672
WBGene00001041,41,1342,1383
WBGene00001042,434,1658,2092
WBGene00001043,198,633,831
WBGene00001044,6,93,99
WBGene00001045,99,831,930
WBGene00001046,6,120,126
WBGene00001047,321,3425,3746
WBGene00001048,153,769,922
WBGene00001049,33,399,432
WBGene00001050,62,236,298
WBGene00001051,6,1983,1989
WBGene00001052,151,466,617
WBGene00001053,71,211,282
WBGene00001054,117,515,632
WBGene00001055,122,502,624
WBGene00001056,205,1698,1903
WBGene00001057,19,1028,1047
WBGene00001058,102,818,920
WBGene00001059,5,212,217
WBGene00001060,25,657,682
WBGene00001061,57,764,821
WBGene00001062,1,1,2
WBGene00001063,8,12,20
WBGene00001064,40,1167,1207
WBGene00001065,0,1477,1477
WBGene00001066,33,313,346
WBGene00001067,0,238,238
WBGene00001068,140,3061,3201
WBGene00001069,6,1154,1160
WBGene00001070,115,533,648
WBGene00001071,89,985,1074
WBGene00001072,73,902,975
WBGene00001073,184,3273,3457
WBGene00001074,43,309,352
WBGene00001075,36,69,105
WBGene00001076,0,113,113
WBGene00001077,130,2526,2656
WBGene00001078,129,560,689
WBGene00001079,25,173,198
WBGene00001080,481,2032,2513
WBGene00001081,157,2712,2869
WBGene00001082,185,1596,1781
WBGene00001085,98,1254,1352
WBGene00001086,98,1507,1605
WBGene00001087,971,955,1926
WBGene00001088,18,6863,6881
WBGene00001089,188,1165,1353
WBGene00001090,116,507,623
WBGene00001092,5,92,97
WBGene00001093,80,1765,1845
WBGene00001094,49,4810,4859
WBGene00001095,68,347,415
WBGene00001096,5,36,41
WBGene00001099,6,54,60
WBGene00001101,643,2171,2814
WBGene00001102,29,450,479
WBGene00001103,0,2,2
WBGene00001104,2,3,5
WBGene00001105,4,9,13
WBGene00001106,22,9,31
WBGene00001107,11,100,111
WBGene00001108,0,2,2
WBGene00001109,0,27,27
WBGene00001110,14,129,143
WBGene00001112,51,590,641
WBGene00001113,1452,8958,10410
WBGene00001115,310,911,1221
WBGene00001116,254,1468,1722
WBGene00001117,25,160,185
WBGene00001118,50,87,137
WBGene00001119,19,91,110
WBGene00001121,39,61,100
WBGene00001122,32,324,356
WBGene00001123,4,55,59
WBGene00001127,26,120,146
WBGene00001129,21,47,68
WBGene00001130,86,1978,2064
WBGene00001131,1112,7265,8377
WBGene00001132,327,3549,3876
WBGene00001133,5,10,15
WBGene00001134,188,2488,2676
WBGene00001135,44,434,478
WBGene00001136,26,99,125
WBGene00001137,313,14193,14506
WBGene00001145,1237,5289,6526
WBGene00001147,0,4,4
WBGene00001148,24,227,251
WBGene00001149,153,11009,11162
WBGene00001150,1,14,15
WBGene00001151,76,932,1008
WBGene00001152,3,280,283
WBGene00001153,8,1004,1012
WBGene00001154,36,1406,1442
WBGene00001155,4293,24800,29093
WBGene00001156,41,159,200
WBGene00001157,47,134,181
WBGene00001158,3,2,5
WBGene00001159,17,314,331
WBGene00001160,68,1767,1835
WBGene00001161,122,484,606
WBGene00001162,155,437,592
WBGene00001163,143,1925,2068
WBGene00001164,1,2,3
WBGene00001165,23,144,167
WBGene00001166,62,4027,4089
WBGene00001167,6710,100534,107244
WBGene00001168,11022,262728,273750
WBGene00001169,122,72406,72528
WBGene00001170,8,143,151
WBGene00001171,82,222,304
WBGene00001172,210,4281,4491
WBGene00001173,1610,4338,5948
WBGene00001174,9,145,154
WBGene00001175,12,35,47
WBGene00001177,1237,2411,3648
WBGene00001178,288,1186,1474
WBGene00001179,189,845,1034
WBGene00001182,81,681,762
WBGene00001184,64,763,827
WBGene00001185,15,177,192
WBGene00001186,196,1164,1360
WBGene00001187,187,2833,3020
WBGene00001188,66,273,339
WBGene00001189,638,6566,7204
WBGene00001190,117,169,286
WBGene00001193,2,191,193
WBGene00001194,376,3569,3945
WBGene00001196,775,10835,11610
WBGene00001202,43,104,147
WBGene00001204,23,22,45
WBGene00001207,18,78,96
WBGene00001208,230,1301,1531
WBGene00001209,149,7225,7374
WBGene00001210,13,930,943
WBGene00001211,31,135,166
WBGene00001214,33,327,360
WBGene00001215,253,1099,1352
WBGene00001223,1,2,3
WBGene00001224,26,1214,1240
WBGene00001225,30,5054,5084
WBGene00001226,379,9958,10337
WBGene00001227,1199,7079,8278
WBGene00001228,46,2322,2368
WBGene00001229,49,2959,3008
WBGene00001230,56,4651,4707
WBGene00001231,55,2744,2799
WBGene00001232,199,2611,2810
WBGene00001233,543,3824,4367
WBGene00001234,17,4508,4525
WBGene00001235,103,1759,1862
WBGene00001236,171,260,431
WBGene00001237,9,46,55
WBGene00001239,265,5591,5856
WBGene00001240,71,1555,1626
WBGene00001241,264,3154,3418
WBGene00001242,5,72,77
WBGene00001243,45,394,439
WBGene00001244,304,1914,2218
WBGene00001245,0,2,2
WBGene00001246,2,25,27
WBGene00001247,35,133,168
WBGene00001248,201,492,693
WBGene00001249,27,800,827
WBGene00001250,3,31,34
WBGene00001251,55,929,984
WBGene00001252,1,29,30
WBGene00001253,53,560,613
WBGene00001258,543,2727,3270
WBGene00001259,90,3022,3112
WBGene00001262,38,1137,1175
WBGene00001263,1075,27006,28081
WBGene00001281,73,635,708
WBGene00001284,113,1025,1138
WBGene00001303,407,21792,22199
WBGene00001309,150,2143,2293
WBGene00001310,8,5,13
WBGene00001311,1,1,2
WBGene00001320,4,1262,1266
WBGene00001324,56,574,630
WBGene00001325,161,592,753
WBGene00001328,252,10591,10843
WBGene00001329,71,1842,1913
WBGene00001330,383,1080,1463
WBGene00001331,181,3875,4056
WBGene00001332,94,347,441
WBGene00001333,170,2093,2263
WBGene00001334,323,1349,1672
WBGene00001335,138,947,1085
WBGene00001336,353,3569,3922
WBGene00001337,1073,5642,6715
WBGene00001338,47,982,1029
WBGene00001340,568,2321,2889
WBGene00001345,711,1231,1942
WBGene00001352,273,1741,2014
WBGene00001358,48,232,280
WBGene00001365,163,1116,1279
WBGene00001366,308,1224,1532
WBGene00001368,121,919,1040
WBGene00001371,39,499,538
WBGene00001372,80,259,339
WBGene00001373,84,48,132
WBGene00001374,112,430,542
WBGene00001377,88,224,312
WBGene00001385,75376,471119,546495
WBGene00001386,2147,28441,30588
WBGene00001387,16,80,96
WBGene00001388,0,3,3
WBGene00001389,44,446,490
WBGene00001390,28,440,468
WBGene00001391,104,1124,1228
WBGene00001392,217,8785,9002
WBGene00001393,54,5680,5734
WBGene00001394,54,4536,4590
WBGene00001395,641,4343,4984
WBGene00001396,194,2034,2228
WBGene00001397,0,70,70
WBGene00001398,40,1495,1535
WBGene00001399,0,7,7
WBGene00001400,4,121,125
WBGene00001401,6,128,134
WBGene00001402,3,152,155
WBGene00001403,169,979,1148
WBGene00001404,983,11022,12005
WBGene00001405,17,1232,1249
WBGene00001406,137,553,690
WBGene00001410,98,291,389
WBGene00001411,35,773,808
WBGene00001412,19,542,561
WBGene00001413,10,174,184
WBGene00001414,3,13,16
WBGene00001423,422,27582,28004
WBGene00001424,1,2,3
WBGene00001425,245,1341,1586
WBGene00001426,275,6462,6737
WBGene00001427,1570,46985,48555
WBGene00001428,6,1094,1100
WBGene00001429,31,451,482
WBGene00001430,140,4395,4535
WBGene00001431,94,3979,4073
WBGene00001432,49,221,270
WBGene00001433,57,576,633
WBGene00001434,2,74,76
WBGene00001435,0,1,1
WBGene00001436,0,0,0
WBGene00001437,0,23,23
WBGene00001438,2,24,26
WBGene00001439,976,1590,2566
WBGene00001440,14,123,137
WBGene00001441,153,1511,1664
WBGene00001442,3,97,100
WBGene00001443,396,1790,2186
WBGene00001444,9215,39256,48471
WBGene00001445,105,868,973
WBGene00001446,4,93,97
WBGene00001447,52,827,879
WBGene00001448,505,5258,5763
WBGene00001449,258,1413,1671
WBGene00001450,16,620,636
WBGene00001451,237,1632,1869
WBGene00001452,107,5148,5255
WBGene00001453,1,429,430
WBGene00001454,2,488,490
WBGene00001455,259,3327,3586
WBGene00001456,3,497,500
WBGene00001457,2387,10486,12873
WBGene00001458,178,1619,1797
WBGene00001459,56,2545,2601
WBGene00001460,25,554,579
WBGene00001461,884,3085,3969
WBGene00001462,97,4941,5038
WBGene00001463,29,740,769
WBGene00001464,240,2715,2955
WBGene00001465,3,17,20
WBGene00001466,8,262,270
WBGene00001468,4,17,21
WBGene00001470,83,1251,1334
WBGene00001475,90,897,987
WBGene00001476,21,62,83
WBGene00001477,18,190,208
WBGene00001478,17,123,140
WBGene00001479,21,275,296
WBGene00001480,815,3873,4688
WBGene00001481,23,188,211
WBGene00001482,2,127,129
WBGene00001483,5,95,100
WBGene00001484,199,592,791
WBGene00001485,369,541,910
WBGene00001486,38,425,463
WBGene00001487,2,2,4
WBGene00001488,539,16676,17215
WBGene00001489,151,589,740
WBGene00001490,179,1109,1288
WBGene00001491,305,1854,2159
WBGene00001492,42,728,770
WBGene00001493,93,1100,1193
WBGene00001494,285,584,869
WBGene00001495,111,281,392
WBGene00001496,471,1749,2220
WBGene00001497,214,3354,3568
WBGene00001498,472,3394,3866
WBGene00001499,15,348,363
WBGene00001500,7,18,25
WBGene00001501,421,2142,2563
WBGene00001502,637,25690,26327
WBGene00001503,149,6455,6604
WBGene00001505,30,145,175
WBGene00001506,5,8,13
WBGene00001507,17,60,77
WBGene00001508,80,608,688
WBGene00001509,149,1676,1825
WBGene00001510,122,977,1099
WBGene00001511,22,636,658
WBGene00001512,48,137,185
WBGene00001513,9,706,715
WBGene00001514,20,193,213
WBGene00001515,33,121,154
WBGene00001516,396,1358,1754
WBGene00001517,52,327,379
WBGene00001518,237,1018,1255
WBGene00001519,209,1074,1283
WBGene00001520,174,5710,5884
WBGene00001522,34,111,145
WBGene00001523,88,940,1028
WBGene00001526,59,528,587
WBGene00001527,29,705,734
WBGene00001528,1,2,3
WBGene00001529,1,1,2
WBGene00001530,1,29,30
WBGene00001531,0,18,18
WBGene00001532,2,13,15
WBGene00001533,12,6,18
WBGene00001534,7,37,44
WBGene00001535,13,40,53
WBGene00001536,19,54,73
WBGene00001537,361,423,784
WBGene00001538,58,561,619
WBGene00001539,30,20,50
WBGene00001540,2,14,16
WBGene00001541,1,99,100
WBGene00001542,12,15,27
WBGene00001543,10,46,56
WBGene00001544,22,56,78
WBGene00001545,0,10,10
WBGene00001546,29,38,67
WBGene00001547,47,97,144
WBGene00001548,7,46,53
WBGene00001549,27,45,72
WBGene00001550,6,18,24
WBGene00001551,48,45,93
WBGene00001552,35,182,217
WBGene00001553,53,236,289
WBGene00001554,77,268,345
WBGene00001555,131,304,435
WBGene00001556,89,360,449
WBGene00001557,68,268,336
WBGene00001558,45,4772,4817
WBGene00001559,141,600,741
WBGene00001560,30,94,124
WBGene00001561,972,4079,5051
WBGene00001562,47,1259,1306
WBGene00001563,85,1213,1298
WBGene00001564,773,32042,32815
WBGene00001565,200,1057,1257
WBGene00001566,92,1307,1399
WBGene00001568,46,591,637
WBGene00001569,2,27,29
WBGene00001570,116,1465,1581
WBGene00001571,11,187,198
WBGene00001572,520,3207,3727
WBGene00001574,194,1286,1480
WBGene00001575,30,146,176
WBGene00001577,31,167,198
WBGene00001578,19,114,133
WBGene00001579,48,834,882
WBGene00001580,61,706,767
WBGene00001581,0,219,219
WBGene00001582,249,1193,1442
WBGene00001583,19,307,326
WBGene00001584,231,566,797
WBGene00001585,51,772,823
WBGene00001586,70,105,175
WBGene00001587,123,194,317
WBGene00001588,15,159,174
WBGene00001589,197,654,851
WBGene00001590,21,442,463
WBGene00001591,0,112,112
WBGene00001592,17,251,268
WBGene00001593,35,142,177
WBGene00001594,129,829,958
WBGene00001595,8,185,193
WBGene00001596,94,1621,1715
WBGene00001597,16,112,128
WBGene00001598,57,1594,1651
WBGene00001599,2,152,154
WBGene00001600,5,120,125
WBGene00001601,47,386,433
WBGene00001602,38,616,654
WBGene00001603,0,10,10
WBGene00001604,68,8151,8219
WBGene00001606,23,254,277
WBGene00001607,19,137,156
WBGene00001608,1,1,2
WBGene00001609,24,258,282
WBGene00001612,21,86,107
WBGene00001613,183,331,514
WBGene00001614,22,98,120
WBGene00001615,153,410,563
WBGene00001616,64,406,470
WBGene00001617,219,298,517
WBGene00001618,21,9,30
WBGene00001619,10,54,64
WBGene00001620,181,2852,3033
WBGene00001621,5,24,29
WBGene00001622,33,57,90
WBGene00001623,11,162,173
WBGene00001624,10,9,19
WBGene00001625,3,5,8
WBGene00001626,1,9,10
WBGene00001627,37,162,199
WBGene00001628,39,748,787
WBGene00001629,274,789,1063
WBGene00001630,554,862,1416
WBGene00001631,177,1029,1206
WBGene00001632,44,1002,1046
WBGene00001633,132,497,629
WBGene00001635,68,927,995
WBGene00001636,94,388,482
WBGene00001637,50,476,526
WBGene00001638,19,258,277
WBGene00001639,27,37,64
WBGene00001640,8,0,8
WBGene00001641,0,0,0
WBGene00001642,0,0,0
WBGene00001643,15,89,104
WBGene00001644,8,33,41
WBGene00001645,73,683,756
WBGene00001646,0,567,567
WBGene00001647,0,169,169
WBGene00001648,370,5476,5846
WBGene00001649,109,1470,1579
WBGene00001650,399,1537,1936
WBGene00001651,242,945,1187
WBGene00001653,130,687,817
WBGene00001660,38,375,413
WBGene00001661,119,1061,1180
WBGene00001662,72,2180,2252
WBGene00001663,317,370,687
WBGene00001664,22,190,212
WBGene00001665,15,131,146
WBGene00001666,12,200,212
WBGene00001667,7,10,17
WBGene00001668,9,31,40
WBGene00001669,231,911,1142
WBGene00001670,28,84,112
WBGene00001671,73,631,704
WBGene00001672,3,34,37
WBGene00001673,20,64,84
WBGene00001674,10,206,216
WBGene00001675,0,13,13
WBGene00001676,86,99,185
WBGene00001677,18,106,124
WBGene00001678,112,208,320
WBGene00001679,341,8201,8542
WBGene00001680,48,1292,1340
WBGene00001681,16,335,351
WBGene00001682,551,14303,14854
WBGene00001683,36,306,342
WBGene00001684,40,21419,21459
WBGene00001685,32,28251,28283
WBGene00001686,52,421,473
WBGene00001687,5,8,13
WBGene00001688,22,395,417
WBGene00001689,19,450,469
WBGene00001690,10,50,60
WBGene00001691,0,0,0
WBGene00001692,293,5885,6178
WBGene00001693,0,5,5
WBGene00001694,15,1380,1395
WBGene00001695,2,13,15
WBGene00001696,25,46,71
WBGene00001697,5,11,16
WBGene00001698,12,24,36
WBGene00001699,316,19449,19765
WBGene00001700,1,2,3
WBGene00001701,3,38,41
WBGene00001702,1759,8377,10136
WBGene00001703,13,54,67
WBGene00001704,4,11,15
WBGene00001705,3,40,43
WBGene00001707,93,111,204
WBGene00001708,294,1428,1722
WBGene00001709,81,503,584
WBGene00001710,17,14,31
WBGene00001711,1,7,8
WBGene00001712,1,13,14
WBGene00001713,19,1490,1509
WBGene00001714,1,22,23
WBGene00001715,0,1,1
WBGene00001716,12,56,68
WBGene00001717,1,58,59
WBGene00001718,4,45,49
WBGene00001719,11,133,144
WBGene00001720,0,2,2
WBGene00001721,7,48,55
WBGene00001722,2,1,3
WBGene00001723,10,28,38
WBGene00001724,9,36,45
WBGene00001725,3,230,233
WBGene00001726,1,1,2
WBGene00001727,2,4,6
WBGene00001728,0,9,9
WBGene00001729,7,25,32
WBGene00001730,1,46,47
WBGene00001731,3,27,30
WBGene00001732,3,5,8
WBGene00001733,0,9,9
WBGene00001734,0,0,0
WBGene00001735,5,2,7
WBGene00001736,10,38,48
WBGene00001737,0,0,0
WBGene00001738,0,0,0
WBGene00001739,0,1,1
WBGene00001740,88,299,387
WBGene00001743,47,455,502
WBGene00001744,201,3236,3437
WBGene00001745,372,2817,3189
WBGene00001746,232,2272,2504
WBGene00001747,117,3935,4052
WBGene00001748,473,5198,5671
WBGene00001749,2,1709,1711
WBGene00001750,39,185,224
WBGene00001751,67,970,1037
WBGene00001752,27,1815,1842
WBGene00001753,193,7125,7318
WBGene00001754,0,175,175
WBGene00001755,72,6332,6404
WBGene00001756,2,74,76
WBGene00001757,18,87,105
WBGene00001758,5,924,929
WBGene00001759,22,331,353
WBGene00001760,9,550,559
WBGene00001761,28,320,348
WBGene00001762,3,38,41
WBGene00001763,2,91,93
WBGene00001764,5,280,285
WBGene00001765,0,2,2
WBGene00001766,9,0,9
WBGene00001767,2,90,92
WBGene00001768,21,3695,3716
WBGene00001769,16,241,257
WBGene00001770,0,99,99
WBGene00001771,0,83,83
WBGene00001772,4,1742,1746
WBGene00001773,0,31,31
WBGene00001774,1,166,167
WBGene00001775,3,553,556
WBGene00001776,5,261,266
WBGene00001777,2,9,11
WBGene00001778,0,65,65
WBGene00001779,1,44,45
WBGene00001780,2,28,30
WBGene00001781,27,362,389
WBGene00001782,13,23,36
WBGene00001783,33,162,195
WBGene00001784,108,657,765
WBGene00001785,0,0,0
WBGene00001786,0,32,32
WBGene00001787,0,627,627
WBGene00001788,32,286,318
WBGene00001789,0,135,135
WBGene00001790,45,677,722
WBGene00001791,141,708,849
WBGene00001792,10,122,132
WBGene00001793,667,2892,3559
WBGene00001794,2485,18766,21251
WBGene00001795,30,76,106
WBGene00001796,37,93,130
WBGene00001803,22,104,126
WBGene00001804,21,18,39
WBGene00001805,58,237,295
WBGene00001806,16,38,54
WBGene00001808,405,1578,1983
WBGene00001811,11,106,117
WBGene00001812,62,741,803
WBGene00001813,148,1038,1186
WBGene00001814,14,197,211
WBGene00001815,118,379,497
WBGene00001816,224,605,829
WBGene00001817,14,345,359
WBGene00001818,10,0,10
WBGene00001819,18,187,205
WBGene00001820,17,591,608
WBGene00001821,34,331,365
WBGene00001823,82,864,946
WBGene00001824,56,1131,1187
WBGene00001827,70,1008,1078
WBGene00001828,1,0,1
WBGene00001829,27,638,665
WBGene00001830,20,562,582
WBGene00001831,11,696,707
WBGene00001832,84,708,792
WBGene00001833,136,1208,1344
WBGene00001834,13,1646,1659
WBGene00001835,2,443,445
WBGene00001836,76,675,751
WBGene00001837,518,706,1224
WBGene00001838,62,226,288
WBGene00001839,38,65,103
WBGene00001840,642,9923,10565
WBGene00001841,7,160,167
WBGene00001842,9,17,26
WBGene00001843,271,1304,1575
WBGene00001844,33,723,756
WBGene00001851,306,6579,6885
WBGene00001852,28,202,230
WBGene00001853,124,15714,15838
WBGene00001854,55,8334,8389
WBGene00001855,17,3118,3135
WBGene00001856,5,2889,2894
WBGene00001857,0,21,21
WBGene00001858,0,2877,2877
WBGene00001859,16,13,29
WBGene00001860,115,1710,1825
WBGene00001862,13,161,174
WBGene00001863,1159,8774,9933
WBGene00001864,118,445,563
WBGene00001865,27,192,219
WBGene00001867,34,283,317
WBGene00001869,13,645,658
WBGene00001872,38,68,106
WBGene00001874,28,640,668
WBGene00001875,0,843,843
WBGene00001876,0,392,392
WBGene00001877,0,1347,1347
WBGene00001878,0,601,601
WBGene00001879,0,1154,1154
WBGene00001880,0,756,756
WBGene00001881,0,760,760
WBGene00001882,0,223,223
WBGene00001883,0,98,98
WBGene00001884,0,0,0
WBGene00001885,0,936,936
WBGene00001886,0,0,0
WBGene00001887,0,0,0
WBGene00001888,0,0,0
WBGene00001889,0,0,0
WBGene00001890,0,82,82
WBGene00001891,0,124,124
WBGene00001892,0,1372,1372
WBGene00001893,0,0,0
WBGene00001894,0,0,0
WBGene00001895,0,0,0
WBGene00001896,0,0,0
WBGene00001898,35,27172,27207
WBGene00001899,0,207,207
WBGene00001900,0,0,0
WBGene00001901,0,0,0
WBGene00001902,0,0,0
WBGene00001903,0,0,0
WBGene00001904,0,1,1
WBGene00001905,0,248,248
WBGene00001906,0,1469,1469
WBGene00001907,0,0,0
WBGene00001908,0,1,1
WBGene00001909,1239,18376,19615
WBGene00001910,328,8605,8933
WBGene00001911,988,26312,27300
WBGene00001912,0,77,77
WBGene00001913,0,3,3
WBGene00001914,0,75,75
WBGene00001915,776,19685,20461
WBGene00001916,0,33,33
WBGene00001917,0,0,0
WBGene00001918,0,0,0
WBGene00001919,0,15,15
WBGene00001920,0,0,0
WBGene00001921,0,25,25
WBGene00001922,0,675,675
WBGene00001923,0,0,0
WBGene00001924,0,0,0
WBGene00001925,0,0,0
WBGene00001926,0,0,0
WBGene00001927,0,0,0
WBGene00001928,0,391,391
WBGene00001929,0,19,19
WBGene00001930,0,0,0
WBGene00001931,12,66,78
WBGene00001932,0,24,24
WBGene00001933,0,1704,1704
WBGene00001934,0,2963,2963
WBGene00001935,0,838,838
WBGene00001936,0,1454,1454
WBGene00001937,0,731,731
WBGene00001938,0,2890,2890
WBGene00001939,0,38,38
WBGene00001940,0,51,51
WBGene00001941,0,625,625
WBGene00001942,0,1518,1518
WBGene00001943,0,22,22
WBGene00001944,0,24,24
WBGene00001945,102,4253,4355
WBGene00001946,582,20849,21431
WBGene00001947,0,74,74
WBGene00001948,290,1403,1693
WBGene00001949,23,851,874
WBGene00001950,4,736,740
WBGene00001951,29,260,289
WBGene00001952,13,161,174
WBGene00001953,8,77,85
WBGene00001954,12,65,77
WBGene00001955,133,2917,3050
WBGene00001956,0,0,0
WBGene00001957,61,204,265
WBGene00001958,3,256,259
WBGene00001959,7,66,73
WBGene00001960,7,111,118
WBGene00001961,1,18,19
WBGene00001962,2,2,4
WBGene00001964,0,0,0
WBGene00001965,0,3,3
WBGene00001966,0,13,13
WBGene00001967,0,0,0
WBGene00001968,0,1,1
WBGene00001971,99,19317,19416
WBGene00001972,237,5146,5383
WBGene00001973,8,361,369
WBGene00001974,52,2397,2449
WBGene00001975,62,1111,1173
WBGene00001976,20,7986,8006
WBGene00001977,3,1065,1068
WBGene00001978,155,1288,1443
WBGene00001979,38,733,771
WBGene00001980,1298,2738,4036
WBGene00001981,0,5,5
WBGene00001983,94,707,801
WBGene00001984,94,287,381
WBGene00001985,3,36,39
WBGene00001986,91,673,764
WBGene00001987,387,341,728
WBGene00001988,44,417,461
WBGene00001989,49,342,391
WBGene00001990,75,851,926
WBGene00001991,14,106,120
WBGene00001992,38,226,264
WBGene00001993,31,1929,1960
WBGene00001994,144,2979,3123
WBGene00001995,60,679,739
WBGene00001996,329,792,1121
WBGene00001997,103,189,292
WBGene00001998,7,137,144
WBGene00001999,44,9878,9922
WBGene00002000,234,7196,7430
WBGene00002001,235,2288,2523
WBGene00002002,65,1807,1872
WBGene00002003,64,276,340
WBGene00002004,201,548,749
WBGene00002005,381,40558,40939
WBGene00002007,467,18251,18718
WBGene00002008,141,1078,1219
WBGene00002010,45,7154,7199
WBGene00002011,394,4027,4421
WBGene00002012,4,187,191
WBGene00002013,8,56,64
WBGene00002015,0,0,0
WBGene00002016,15,1632,1647
WBGene00002017,0,427,427
WBGene00002018,16,1385,1401
WBGene00002019,0,14135,14135
WBGene00002020,0,0,0
WBGene00002021,61,421,482
WBGene00002023,527,9417,9944
WBGene00002024,36,450,486
WBGene00002025,636,26214,26850
WBGene00002026,1,65,66
WBGene00002027,164,3227,3391
WBGene00002028,14,283,297
WBGene00002029,11,190,201
WBGene00002030,51,157,208
WBGene00002031,33,234,267
WBGene00002032,11,176,187
WBGene00002033,9,65,74
WBGene00002034,3,222,225
WBGene00002035,194,868,1062
WBGene00002036,136,789,925
WBGene00002037,66,277,343
WBGene00002038,67,525,592
WBGene00002039,99,466,565
WBGene00002040,266,1343,1609
WBGene00002041,23,82,105
WBGene00002042,43,237,280
WBGene00002043,67,232,299
WBGene00002044,20,847,867
WBGene00002045,6909,57431,64340
WBGene00002046,134,1419,1553
WBGene00002047,52,992,1044
WBGene00002048,492,2468,2960
WBGene00002050,188,1018,1206
WBGene00002051,0,24,24
WBGene00002052,26,379,405
WBGene00002053,154,3999,4153
WBGene00002054,35,739,774
WBGene00002055,1,250,251
WBGene00002056,128,490,618
WBGene00002057,16,58,74
WBGene00002058,11,98,109
WBGene00002059,154,2272,2426
WBGene00002060,75,3666,3741
WBGene00002061,24,1254,1278
WBGene00002062,32,680,712
WBGene00002063,74,177,251
WBGene00002064,1222,5809,7031
WBGene00002065,600,74508,75108
WBGene00002066,443,6745,7188
WBGene00002067,22,135,157
WBGene00002068,5,483,488
WBGene00002069,208,1443,1651
WBGene00002070,47,1615,1662
WBGene00002071,44,1926,1970
WBGene00002072,32,354,386
WBGene00002073,11,1412,1423
WBGene00002074,129,3380,3509
WBGene00002075,84,889,973
WBGene00002076,288,818,1106
WBGene00002077,283,7347,7630
WBGene00002078,261,2599,2860
WBGene00002079,27,595,622
WBGene00002080,140,982,1122
WBGene00002081,29,589,618
WBGene00002083,77,14125,14202
WBGene00002084,11,721,732
WBGene00002085,0,9,9
WBGene00002086,6,203,209
WBGene00002087,3,25,28
WBGene00002088,13,176,189
WBGene00002089,19,182,201
WBGene00002090,0,0,0
WBGene00002091,2,2,4
WBGene00002092,10,35,45
WBGene00002093,20,167,187
WBGene00002094,5,22,27
WBGene00002095,13,10,23
WBGene00002096,305,11,316
WBGene00002097,8,113,121
WBGene00002098,2,12,14
WBGene00002099,1,8,9
WBGene00002100,81,2382,2463
WBGene00002101,134,709,843
WBGene00002102,5,9,14
WBGene00002103,2,4,6
WBGene00002104,4,8,12
WBGene00002105,11,96,107
WBGene00002106,1,4,5
WBGene00002107,10,67,77
WBGene00002108,30,17,47
WBGene00002109,45,408,453
WBGene00002110,783,4091,4874
WBGene00002111,83,584,667
WBGene00002112,28,172,200
WBGene00002113,25,595,620
WBGene00002114,3,18,21
WBGene00002115,0,0,0
WBGene00002116,46,134,180
WBGene00002117,3,13,16
WBGene00002118,7,54,61
WBGene00002119,24,19,43
WBGene00002120,0,49,49
WBGene00002121,0,0,0
WBGene00002123,523,1649,2172
WBGene00002124,1,43,44
WBGene00002125,2,174,176
WBGene00002127,27,2211,2238
WBGene00002128,41,281,322
WBGene00002129,43,589,632
WBGene00002130,4,21,25
WBGene00002131,6,24,30
WBGene00002132,34,355,389
WBGene00002133,80,214,294
WBGene00002134,143,4311,4454
WBGene00002135,107,3942,4049
WBGene00002136,38,171,209
WBGene00002137,6,67,73
WBGene00002138,4,20,24
WBGene00002139,0,33,33
WBGene00002140,120,547,667
WBGene00002141,58,41,99
WBGene00002142,15,37,52
WBGene00002143,18,84,102
WBGene00002144,11,35,46
WBGene00002146,68,585,653
WBGene00002147,172,506,678
WBGene00002148,58,810,868
WBGene00002149,37,124,161
WBGene00002150,81,129,210
WBGene00002151,171,368,539
WBGene00002152,254,4208,4462
WBGene00002153,49,734,783
WBGene00002162,2341,20971,23312
WBGene00002163,184,461,645
WBGene00002169,328,1763,2091
WBGene00002173,197,771,968
WBGene00002174,21,160,181
WBGene00002175,360,843,1203
WBGene00002176,417,654,1071
WBGene00002177,25,135,160
WBGene00002178,57,833,890
WBGene00002179,348,3360,3708
WBGene00002180,14,509,523
WBGene00002181,85,271,356
WBGene00002182,62,153,215
WBGene00002183,904,10272,11176
WBGene00002184,199,306,505
WBGene00002185,798,1042,1840
WBGene00002186,1,5,6
WBGene00002187,246,1295,1541
WBGene00002188,3,2,5
WBGene00002189,2023,4945,6968
WBGene00002190,504,6582,7086
WBGene00002191,904,6886,7790
WBGene00002192,192,861,1053
WBGene00002193,1,5,6
WBGene00002194,76,196,272
WBGene00002195,31,157,188
WBGene00002196,90,3458,3548
WBGene00002198,115,119,234
WBGene00002199,35,191,226
WBGene00002200,50,294,344
WBGene00002201,49,1024,1073
WBGene00002202,226,7239,7465
WBGene00002203,322,1412,1734
WBGene00002204,0,0,0
WBGene00002205,9,10,19
WBGene00002206,0,2,2
WBGene00002207,50,397,447
WBGene00002208,1,3,4
WBGene00002210,294,1333,1627
WBGene00002211,14,56,70
WBGene00002213,82,579,661
WBGene00002214,40,643,683
WBGene00002215,585,2760,3345
WBGene00002216,110,1404,1514
WBGene00002217,125,1224,1349
WBGene00002218,12,23,35
WBGene00002219,45,674,719
WBGene00002220,85,578,663
WBGene00002222,522,1832,2354
WBGene00002223,783,1986,2769
WBGene00002224,80,93,173
WBGene00002225,2,296,298
WBGene00002226,2,694,696
WBGene00002227,13,10,23
WBGene00002228,33,494,527
WBGene00002229,83,734,817
WBGene00002230,183,233,416
WBGene00002231,28,822,850
WBGene00002232,121,1161,1282
WBGene00002233,38,145,183
WBGene00002234,1,23,24
WBGene00002235,20,49,69
WBGene00002238,19,7249,7268
WBGene00002239,49,349,398
WBGene00002240,167,284,451
WBGene00002241,338,1156,1494
WBGene00002242,151,192,343
WBGene00002243,100,167,267
WBGene00002244,231,4131,4362
WBGene00002245,129,575,704
WBGene00002246,0,272,272
WBGene00002247,264,5663,5927
WBGene00002248,10,56,66
WBGene00002249,28,1061,1089
WBGene00002250,15,1729,1744
WBGene00002251,123,645,768
WBGene00002252,59,116,175
WBGene00002253,1403,3772,5175
WBGene00002254,10770,55758,66528
WBGene00002255,2319,10657,12976
WBGene00002256,61,2004,2065
WBGene00002257,340,3119,3459
WBGene00002258,278,4831,5109
WBGene00002259,14,287,301
WBGene00002260,2,36,38
WBGene00002261,312,1805,2117
WBGene00002262,1567,15813,17380
WBGene00002263,279,2908,3187
WBGene00002264,223,7652,7875
WBGene00002265,742,6782,7524
WBGene00002266,333,4870,5203
WBGene00002267,336,5957,6293
WBGene00002268,1460,9387,10847
WBGene00002269,300,3303,3603
WBGene00002270,3,57,60
WBGene00002271,59,2249,2308
WBGene00002272,142,1839,1981
WBGene00002273,27,2861,2888
WBGene00002274,7,137,144
WBGene00002275,11,410,421
WBGene00002276,25,367,392
WBGene00002278,365,843,1208
WBGene00002280,2745,39455,42200
WBGene00002282,52,556,608
WBGene00002295,228,4021,4249
WBGene00002297,91,348,439
WBGene00002299,71,367,438
WBGene00002324,12,491,503
WBGene00002335,102,3600,3702
WBGene00002344,280,15208,15488
WBGene00002348,30,2606,2636
WBGene00002363,112,3973,4085
WBGene00002368,17,149,166
WBGene00002393,16,684,700
WBGene00002497,406,2001,2407
WBGene00002583,319,2109,2428
WBGene00002601,107,486,593
WBGene00002632,36,737,773
WBGene00002637,213,5340,5553
WBGene00002694,31,891,922
WBGene00002696,128,1719,1847
WBGene00002717,477,3489,3966
WBGene00002783,764,2913,3677
WBGene00002804,24,1693,1717
WBGene00002827,108,1359,1467
WBGene00002845,141,2305,2446
WBGene00002850,313,4908,5221
WBGene00002855,98,4516,4614
WBGene00002879,283,4575,4858
WBGene00002881,417,2900,3317
WBGene00002889,230,1463,1693
WBGene00002891,33,1975,2008
WBGene00002915,167,3247,3414
WBGene00002957,136,1991,2127
WBGene00002974,195,667,862
WBGene00002975,33,130,163
WBGene00002976,173,789,962
WBGene00002977,260,1006,1266
WBGene00002978,1438,91978,93416
WBGene00002979,258,582,840
WBGene00002980,155,19186,19341
WBGene00002981,139,4394,4533
WBGene00002982,81,475,556
WBGene00002983,14,40,54
WBGene00002985,74,893,967
WBGene00002986,81,746,827
WBGene00002987,45,130,175
WBGene00002988,32,249,281
WBGene00002989,111,350,461
WBGene00002990,455,1060,1515
WBGene00002991,219,932,1151
WBGene00002992,69,226,295
WBGene00002994,32,1520,1552
WBGene00002996,44,292,336
WBGene00002997,48,356,404
WBGene00002998,83,786,869
WBGene00002999,340,1514,1854
WBGene00003000,36,235,271
WBGene00003001,69,201,270
WBGene00003002,450,2626,3076
WBGene00003003,743,758,1501
WBGene00003006,132,288,420
WBGene00003007,104,546,650
WBGene00003008,39,69,108
WBGene00003009,88,998,1086
WBGene00003010,299,1537,1836
WBGene00003011,108,996,1104
WBGene00003012,141,1133,1274
WBGene00003014,205,2718,2923
WBGene00003015,57,66,123
WBGene00003017,13,85,98
WBGene00003018,18,455,473
WBGene00003019,201,2023,2224
WBGene00003020,171,853,1024
WBGene00003021,110,1020,1130
WBGene00003022,93,398,491
WBGene00003024,199,1639,1838
WBGene00003025,285,3318,3603
WBGene00003026,87,1682,1769
WBGene00003029,13,211,224
WBGene00003030,173,913,1086
WBGene00003031,15,130,145
WBGene00003033,4,53,57
WBGene00003034,121,874,995
WBGene00003035,82,460,542
WBGene00003036,4,3495,3499
WBGene00003037,20,436,456
WBGene00003038,19,312,331
WBGene00003040,188,2244,2432
WBGene00003041,100,893,993
WBGene00003043,68,766,834
WBGene00003044,140,1402,1542
WBGene00003045,146,676,822
WBGene00003046,25,117,142
WBGene00003047,185,1398,1583
WBGene00003048,1688,2687,4375
WBGene00003052,155,7312,7467
WBGene00003053,20,2518,2538
WBGene00003055,82,1939,2021
WBGene00003056,89,295,384
WBGene00003057,31,364,395
WBGene00003058,2,1,3
WBGene00003059,123,787,910
WBGene00003060,592,1915,2507
WBGene00003061,529,8003,8532
WBGene00003062,46,3211,3257
WBGene00003063,124,6236,6360
WBGene00003064,3,811,814
WBGene00003065,184,5013,5197
WBGene00003066,136,1912,2048
WBGene00003068,100,817,917
WBGene00003071,230,3203,3433
WBGene00003072,233,3078,3311
WBGene00003073,193,5472,5665
WBGene00003074,94,1029,1123
WBGene00003075,11,14,25
WBGene00003076,166,1440,1606
WBGene00003077,23,1061,1084
WBGene00003078,50,2042,2092
WBGene00003079,0,3494,3494
WBGene00003080,128,2022,2150
WBGene00003081,438,2088,2526
WBGene00003082,84,1186,1270
WBGene00003083,9,356,365
WBGene00003084,68,901,969
WBGene00003085,238,4751,4989
WBGene00003086,293,752,1045
WBGene00003087,33,1157,1190
WBGene00003089,88,1030,1118
WBGene00003090,0,532,532
WBGene00003091,2,209,211
WBGene00003092,1,49,50
WBGene00003093,3,103,106
WBGene00003094,0,1,1
WBGene00003095,1,3,4
WBGene00003096,1,263,264
WBGene00003097,9,809,818
WBGene00003098,0,1,1
WBGene00003099,0,3,3
WBGene00003100,13,16,29
WBGene00003102,119,535,654
WBGene00003104,16,30,46
WBGene00003106,23,132,155
WBGene00003107,39,60,99
WBGene00003111,92,1066,1158
WBGene00003112,79,494,573
WBGene00003114,106,150,256
WBGene00003119,391,1202,1593
WBGene00003123,44,5870,5914
WBGene00003124,175,1352,1527
WBGene00003129,203,922,1125
WBGene00003130,505,2092,2597
WBGene00003132,71,973,1044
WBGene00003133,122,906,1028
WBGene00003134,47,507,554
WBGene00003136,58,349,407
WBGene00003142,126,612,738
WBGene00003143,220,1351,1571
WBGene00003144,314,1557,1871
WBGene00003148,32,4909,4941
WBGene00003149,205,1141,1346
WBGene00003150,452,2993,3445
WBGene00003151,35,391,426
WBGene00003153,3202,11503,14705
WBGene00003154,38,1043,1081
WBGene00003155,31,1136,1167
WBGene00003156,18,1471,1489
WBGene00003157,31,1613,1644
WBGene00003158,47,1493,1540
WBGene00003159,6,1341,1347
WBGene00003160,147,1760,1907
WBGene00003161,143,940,1083
WBGene00003162,90,18087,18177
WBGene00003163,79,3679,3758
WBGene00003164,19,220,239
WBGene00003165,33,178,211
WBGene00003166,341,450,791
WBGene00003167,18,107,125
WBGene00003168,35,94,129
WBGene00003169,525,3666,4191
WBGene00003170,60,247,307
WBGene00003171,160,2120,2280
WBGene00003172,148,1480,1628
WBGene00003173,42,164,206
WBGene00003174,10,35,45
WBGene00003175,138,2460,2598
WBGene00003176,3,13,16
WBGene00003177,73,434,507
WBGene00003178,22,1912,1934
WBGene00003179,39,248,287
WBGene00003180,9,6,15
WBGene00003181,0,20,20
WBGene00003182,216,1788,2004
WBGene00003183,8,558,566
WBGene00003184,10,143,153
WBGene00003185,0,925,925
WBGene00003186,127,1223,1350
WBGene00003196,214,911,1125
WBGene00003209,225,1033,1258
WBGene00003210,137,1282,1419
WBGene00003214,140,2016,2156
WBGene00003216,0,97,97
WBGene00003218,57,2105,2162
WBGene00003219,1,18,19
WBGene00003220,72,406,478
WBGene00003221,161,672,833
WBGene00003222,62,591,653
WBGene00003224,26,112,138
WBGene00003225,721,9336,10057
WBGene00003228,8,58,66
WBGene00003229,111,1060,1171
WBGene00003230,5,91,96
WBGene00003231,0,21,21
WBGene00003232,63,176,239
WBGene00003233,87,249,336
WBGene00003234,309,1489,1798
WBGene00003235,500,2245,2745
WBGene00003236,3,223,226
WBGene00003237,159,710,869
WBGene00003238,156,920,1076
WBGene00003239,48,1652,1700
WBGene00003241,91,730,821
WBGene00003242,2505,15561,18066
WBGene00003243,299,1853,2152
WBGene00003245,9,210,219
WBGene00003246,164,394,558
WBGene00003247,369,3237,3606
WBGene00003248,93,256,349
WBGene00003249,268,2672,2940
WBGene00003252,9,20,29
WBGene00003253,19,1065,1084
WBGene00003254,22,346,368
WBGene00003258,491,291,782
WBGene00003367,453,3720,4173
WBGene00003368,40,505,545
WBGene00003369,415,33888,34303
WBGene00003370,25344,98878,124222
WBGene00003371,435,159453,159888
WBGene00003372,503,3518,4021
WBGene00003373,24,175,199
WBGene00003374,130,411,541
WBGene00003375,536,5924,6460
WBGene00003376,17,74,91
WBGene00003377,22,172,194
WBGene00003378,361,1563,1924
WBGene00003380,33,158,191
WBGene00003384,13,230,243
WBGene00003385,111,605,716
WBGene00003386,87,409,496
WBGene00003387,110,83,193
WBGene00003388,15,119,134
WBGene00003389,53,1451,1504
WBGene00003390,19,1017,1036
WBGene00003391,693,2925,3618
WBGene00003392,94,1171,1265
WBGene00003393,179,2014,2193
WBGene00003394,4,61,65
WBGene00003395,3,95,98
WBGene00003396,136,504,640
WBGene00003397,53,429,482
WBGene00003400,230,562,792
WBGene00003401,259,1899,2158
WBGene00003402,54,212,266
WBGene00003403,13,71,84
WBGene00003404,1067,3256,4323
WBGene00003405,32,621,653
WBGene00003406,39,1794,1833
WBGene00003407,564,2544,3108
WBGene00003408,161,688,849
WBGene00003409,23,110,133
WBGene00003410,2,22,24
WBGene00003411,69,499,568
WBGene00003412,86,399,485
WBGene00003413,547,229,776
WBGene00003414,135,99,234
WBGene00003415,199,6464,6663
WBGene00003417,63,351,414
WBGene00003418,41,398,439
WBGene00003421,47,250,297
WBGene00003422,81,883,964
WBGene00003423,842,1227,2069
WBGene00003424,0,1,1
WBGene00003425,0,0,0
WBGene00003426,0,0,0
WBGene00003429,0,0,0
WBGene00003430,0,0,0
WBGene00003431,0,1,1
WBGene00003432,0,5,5
WBGene00003434,0,0,0
WBGene00003435,0,20,20
WBGene00003438,0,0,0
WBGene00003442,0,28,28
WBGene00003443,0,143,143
WBGene00003444,0,15,15
WBGene00003446,0,0,0
WBGene00003448,0,8,8
WBGene00003449,0,0,0
WBGene00003450,0,2,2
WBGene00003451,0,0,0
WBGene00003452,0,0,0
WBGene00003456,0,0,0
WBGene00003457,0,1,1
WBGene00003458,0,2,2
WBGene00003462,0,1,1
WBGene00003463,0,8,8
WBGene00003464,0,1,1
WBGene00003465,0,0,0
WBGene00003466,0,2,2
WBGene00003467,0,0,0
WBGene00003468,0,0,0
WBGene00003469,0,0,0
WBGene00003470,0,2,2
WBGene00003471,19,243,262
WBGene00003472,175,1046,1221
WBGene00003473,6,427,433
WBGene00003474,14,204,218
WBGene00003475,202,606,808
WBGene00003476,759,2330,3089
WBGene00003477,46,403,449
WBGene00003478,262,572,834
WBGene00003479,116,617,733
WBGene00003480,21,287,308
WBGene00003482,301,2746,3047
WBGene00003485,321,2512,2833
WBGene00003495,692,53354,54046
WBGene00003497,96,1747,1843
WBGene00003499,6,75,81
WBGene00003504,7,409,416
WBGene00003507,0,155,155
WBGene00003508,71,518,589
WBGene00003509,30,281,311
WBGene00003510,142,828,970
WBGene00003511,43,4301,4344
WBGene00003514,112,4289,4401
WBGene00003515,221,9955,10176
WBGene00003516,99,942,1041
WBGene00003517,46,463,509
WBGene00003518,22,59,81
WBGene00003519,193,3224,3417
WBGene00003520,11,15,26
WBGene00003521,0,0,0
WBGene00003522,32,503,535
WBGene00003523,37,36,73
WBGene00003524,6,33,39
WBGene00003525,6,23,29
WBGene00003526,11,78,89
WBGene00003527,19,81,100
WBGene00003528,9,147,156
WBGene00003529,9,7,16
WBGene00003530,67,506,573
WBGene00003531,8,23,31
WBGene00003532,6,9,15
WBGene00003533,1,8,9
WBGene00003534,0,3,3
WBGene00003535,1,1,2
WBGene00003536,0,0,0
WBGene00003537,0,0,0
WBGene00003538,0,1,1
WBGene00003539,1,1,2
WBGene00003540,0,4,4
WBGene00003541,10,1,11
WBGene00003542,0,8,8
WBGene00003543,3,2,5
WBGene00003544,25,94,119
WBGene00003545,13,1,14
WBGene00003546,15,66,81
WBGene00003547,1,11,12
WBGene00003548,11,16,27
WBGene00003549,48,643,691
WBGene00003550,328,887,1215
WBGene00003551,10,25,35
WBGene00003552,186,267,453
WBGene00003553,98,317,415
WBGene00003554,7,4,11
WBGene00003555,152,207,359
WBGene00003558,150,381,531
WBGene00003559,813,4781,5594
WBGene00003561,171,310,481
WBGene00003562,6,64,70
WBGene00003563,29,137,166
WBGene00003564,50,3674,3724
WBGene00003565,195,1368,1563
WBGene00003566,237,1557,1794
WBGene00003567,462,6775,7237
WBGene00003568,95,1030,1125
WBGene00003569,58,855,913
WBGene00003570,2,18,20
WBGene00003571,8,9,17
WBGene00003572,6,48,54
WBGene00003573,1,48,49
WBGene00003574,4,2,6
WBGene00003575,4,26,30
WBGene00003576,129,839,968
WBGene00003577,30,68,98
WBGene00003578,285,1255,1540
WBGene00003579,3,236,239
WBGene00003580,35,348,383
WBGene00003581,82,827,909
WBGene00003582,249,736,985
WBGene00003583,35,368,403
WBGene00003584,91,512,603
WBGene00003585,20,41,61
WBGene00003586,23,282,305
WBGene00003587,161,4245,4406
WBGene00003588,7,4174,4181
WBGene00003589,134,1010,1144
WBGene00003590,73,259,332
WBGene00003591,74,571,645
WBGene00003592,200,1280,1480
WBGene00003593,136,759,895
WBGene00003594,143,601,744
WBGene00003595,1,2,3
WBGene00003596,449,5180,5629
WBGene00003597,344,1204,1548
WBGene00003598,63,868,931
WBGene00003599,181,671,852
WBGene00003600,1040,2848,3888
WBGene00003601,6,60,66
WBGene00003602,44,730,774
WBGene00003603,68,705,773
WBGene00003604,44,233,277
WBGene00003605,82,699,781
WBGene00003606,201,607,808
WBGene00003607,12,48,60
WBGene00003608,1,21,22
WBGene00003609,170,1142,1312
WBGene00003610,58,210,268
WBGene00003611,60,412,472
WBGene00003612,56,147,203
WBGene00003613,18,518,536
WBGene00003614,45,289,334
WBGene00003615,4,36,40
WBGene00003616,181,390,571
WBGene00003617,4,110,114
WBGene00003618,453,2350,2803
WBGene00003619,166,1216,1382
WBGene00003620,308,675,983
WBGene00003621,73,296,369
WBGene00003622,199,913,1112
WBGene00003623,42,539,581
WBGene00003624,50,629,679
WBGene00003625,131,1176,1307
WBGene00003626,160,605,765
WBGene00003627,507,1221,1728
WBGene00003628,211,593,804
WBGene00003629,2,1,3
WBGene00003630,908,1881,2789
WBGene00003632,90,616,706
WBGene00003633,42,319,361
WBGene00003634,93,320,413
WBGene00003635,26,522,548
WBGene00003636,298,1138,1436
WBGene00003637,135,834,969
WBGene00003638,80,673,753
WBGene00003639,135,1856,1991
WBGene00003640,140,454,594
WBGene00003641,1,18,19
WBGene00003642,2,11,13
WBGene00003643,4,12,16
WBGene00003644,11,55,66
WBGene00003645,25,112,137
WBGene00003646,34,295,329
WBGene00003647,72,257,329
WBGene00003648,10,219,229
WBGene00003649,19,142,161
WBGene00003650,9,73,82
WBGene00003651,157,398,555
WBGene00003652,64,224,288
WBGene00003653,22,242,264
WBGene00003654,114,219,333
WBGene00003655,42,211,253
WBGene00003656,160,935,1095
WBGene00003657,19,227,246
WBGene00003658,199,1929,2128
WBGene00003659,17,226,243
WBGene00003660,72,586,658
WBGene00003661,81,534,615
WBGene00003662,3,7,10
WBGene00003663,1,188,189
WBGene00003664,260,1014,1274
WBGene00003667,1,5,6
WBGene00003668,183,311,494
WBGene00003669,11,55,66
WBGene00003670,18,163,181
WBGene00003671,0,1,1
WBGene00003672,1,3,4
WBGene00003674,40,542,582
WBGene00003675,231,786,1017
WBGene00003676,148,365,513
WBGene00003677,107,461,568
WBGene00003678,207,1568,1775
WBGene00003679,0,0,0
WBGene00003680,23,111,134
WBGene00003681,131,917,1048
WBGene00003682,7,12,19
WBGene00003683,1,33,34
WBGene00003684,23,105,128
WBGene00003685,109,402,511
WBGene00003686,2,70,72
WBGene00003687,213,4499,4712
WBGene00003688,65,210,275
WBGene00003689,5,22,27
WBGene00003690,141,1121,1262
WBGene00003691,462,1308,1770
WBGene00003692,25,141,166
WBGene00003693,12,75,87
WBGene00003694,135,344,479
WBGene00003695,545,2630,3175
WBGene00003696,10,7,17
WBGene00003697,38,200,238
WBGene00003698,8,12,20
WBGene00003699,5,88,93
WBGene00003700,3,26,29
WBGene00003701,3,9,12
WBGene00003702,21,247,268
WBGene00003703,83,525,608
WBGene00003704,405,2003,2408
WBGene00003705,19,64,83
WBGene00003706,12,73,85
WBGene00003707,41,269,310
WBGene00003708,0,0,0
WBGene00003709,45,95,140
WBGene00003710,63,319,382
WBGene00003711,9,14,23
WBGene00003712,33,154,187
WBGene00003713,14,67,81
WBGene00003714,22,18,40
WBGene00003715,151,183,334
WBGene00003716,9,52,61
WBGene00003717,8,58,66
WBGene00003718,25,58,83
WBGene00003719,18,181,199
WBGene00003720,21,74,95
WBGene00003721,20,186,206
WBGene00003722,55,283,338
WBGene00003723,11,227,238
WBGene00003724,11,225,236
WBGene00003725,86,249,335
WBGene00003726,77,556,633
WBGene00003727,211,268,479
WBGene00003728,357,1165,1522
WBGene00003729,14,105,119
WBGene00003730,4,52,56
WBGene00003731,39,89,128
WBGene00003732,42,266,308
WBGene00003733,31,253,284
WBGene00003734,0,1,1
WBGene00003735,144,345,489
WBGene00003736,28,78,106
WBGene00003738,25,469,494
WBGene00003739,84,649,733
WBGene00003740,4,141,145
WBGene00003741,8,1719,1727
WBGene00003742,0,34,34
WBGene00003743,166,590,756
WBGene00003744,133,1931,2064
WBGene00003745,81,1015,1096
WBGene00003746,19,1194,1213
WBGene00003747,25,834,859
WBGene00003748,193,2314,2507
WBGene00003749,200,2788,2988
WBGene00003750,404,2477,2881
WBGene00003751,20,1931,1951
WBGene00003752,22,1228,1250
WBGene00003753,536,2379,2915
WBGene00003754,37,606,643
WBGene00003755,45,1792,1837
WBGene00003756,365,7732,8097
WBGene00003757,28,501,529
WBGene00003758,88,672,760
WBGene00003759,475,2227,2702
WBGene00003760,13,5,18
WBGene00003761,1,23,24
WBGene00003762,690,5066,5756
WBGene00003763,49,138,187
WBGene00003764,130,1221,1351
WBGene00003765,306,2440,2746
WBGene00003766,75,984,1059
WBGene00003767,434,5890,6324
WBGene00003768,79,709,788
WBGene00003769,279,2738,3017
WBGene00003770,17,71,88
WBGene00003771,2969,12114,15083
WBGene00003772,76,298,374
WBGene00003773,130,547,677
WBGene00003774,7,32,39
WBGene00003775,45,65,110
WBGene00003776,344,3294,3638
WBGene00003777,196,3236,3432
WBGene00003778,21,60,81
WBGene00003779,7,210,217
WBGene00003783,1,95,96
WBGene00003784,2,24,26
WBGene00003785,65,999,1064
WBGene00003786,141,654,795
WBGene00003787,47,894,941
WBGene00003788,225,1296,1521
WBGene00003789,114,1424,1538
WBGene00003790,48,701,749
WBGene00003791,23,938,961
WBGene00003792,135,1341,1476
WBGene00003793,47,1430,1477
WBGene00003794,369,1158,1527
WBGene00003795,26,2198,2224
WBGene00003796,98,1949,2047
WBGene00003797,92,1142,1234
WBGene00003798,83,1722,1805
WBGene00003799,367,1491,1858
WBGene00003800,28,1425,1453
WBGene00003801,28,774,802
WBGene00003802,21,1886,1907
WBGene00003803,40,1233,1273
WBGene00003804,62,1077,1139
WBGene00003805,42,888,930
WBGene00003806,171,1865,2036
WBGene00003807,29,106,135
WBGene00003808,100,399,499
WBGene00003812,51,1307,1358
WBGene00003813,31,91,122
WBGene00003815,287,3479,3766
WBGene00003816,4,172,176
WBGene00003818,150,1743,1893
WBGene00003821,488,4967,5455
WBGene00003822,63,1307,1370
WBGene00003825,186,3535,3721
WBGene00003826,590,1363,1953
WBGene00003827,219,1488,1707
WBGene00003828,42,251,293
WBGene00003829,16,1754,1770
WBGene00003830,101,681,782
WBGene00003831,1654,9843,11497
WBGene00003834,93,650,743
WBGene00003835,6,195,201
WBGene00003836,481,2299,2780
WBGene00003837,454,1341,1795
WBGene00003838,10,25,35
WBGene00003839,13,65,78
WBGene00003840,7,35,42
WBGene00003841,4,14,18
WBGene00003842,30,122,152
WBGene00003843,41,446,487
WBGene00003844,3,625,628
WBGene00003845,0,1,1
WBGene00003846,1,158,159
WBGene00003847,124,1121,1245
WBGene00003848,16,38,54
WBGene00003849,177,545,722
WBGene00003850,22,242,264
WBGene00003851,96,1159,1255
WBGene00003854,1,9,10
WBGene00003856,10,49,59
WBGene00003858,476,3155,3631
WBGene00003859,63,389,452
WBGene00003860,358,2378,2736
WBGene00003861,31,469,500
WBGene00003862,12,172,184
WBGene00003863,0,0,0
WBGene00003864,0,47,47
WBGene00003865,2,73,75
WBGene00003868,99,743,842
WBGene00003870,18,705,723
WBGene00003876,12,82,94
WBGene00003877,20,119,139
WBGene00003878,17,212,229
WBGene00003879,1,12,13
WBGene00003882,34,373,407
WBGene00003883,82,229,311
WBGene00003884,25,119,144
WBGene00003885,60,150,210
WBGene00003886,22,113,135
WBGene00003887,55,307,362
WBGene00003888,1,12,13
WBGene00003889,4,22,26
WBGene00003890,7,88,95
WBGene00003891,24,4069,4093
WBGene00003892,37,77,114
WBGene00003893,13720,106827,120547
WBGene00003898,81,519,600
WBGene00003901,128,4435,4563
WBGene00003902,1200,61468,62668
WBGene00003903,101,7231,7332
WBGene00003904,52,3196,3248
WBGene00003905,456,980,1436
WBGene00003906,3,6,9
WBGene00003907,216,686,902
WBGene00003909,17,223,240
WBGene00003911,79,1012,1091
WBGene00003912,13,130,143
WBGene00003914,257,1800,2057
WBGene00003915,570,5096,5666
WBGene00003916,1143,2746,3889
WBGene00003917,85,378,463
WBGene00003918,92,704,796
WBGene00003919,116,273,389
WBGene00003920,371,27122,27493
WBGene00003921,47,432,479
WBGene00003922,24,2083,2107
WBGene00003923,27,4857,4884
WBGene00003924,11,5508,5519
WBGene00003925,350,4176,4526
WBGene00003926,342,6997,7339
WBGene00003927,66,4407,4473
WBGene00003928,48,3154,3202
WBGene00003929,283,5027,5310
WBGene00003930,205,4375,4580
WBGene00003931,161,3594,3755
WBGene00003932,459,3659,4118
WBGene00003933,143,1287,1430
WBGene00003934,30674,226222,256896
WBGene00003936,328,2101,2429
WBGene00003937,1,8,9
WBGene00003938,7,13,20
WBGene00003939,39,351,390
WBGene00003941,136,496,632
WBGene00003943,17,41,58
WBGene00003947,38,3729,3767
WBGene00003948,5,3802,3807
WBGene00003949,36,3464,3500
WBGene00003950,314,5016,5330
WBGene00003951,182,2544,2726
WBGene00003952,435,3319,3754
WBGene00003953,48,5183,5231
WBGene00003954,229,909,1138
WBGene00003955,10,3939,3949
WBGene00003956,6,199,205
WBGene00003957,0,24,24
WBGene00003958,19,133,152
WBGene00003959,5,62,67
WBGene00003960,102,825,927
WBGene00003961,313,1626,1939
WBGene00003962,392,7518,7910
WBGene00003963,164,24530,24694
WBGene00003964,1847,18338,20185
WBGene00003965,57,349,406
WBGene00003966,421,1279,1700
WBGene00003967,162,910,1072
WBGene00003968,22,495,517
WBGene00003969,209,547,756
WBGene00003970,71,630,701
WBGene00003975,135,649,784
WBGene00003976,5,94,99
WBGene00003977,0,0,0
WBGene00003978,183,637,820
WBGene00003979,3,190,193
WBGene00003980,92,416,508
WBGene00003981,2,2,4
WBGene00003982,11,1116,1127
WBGene00003983,0,0,0
WBGene00003986,42,629,671
WBGene00003987,5,3,8
WBGene00003989,44,4453,4497
WBGene00003990,41,1808,1849
WBGene00003991,627,4720,5347
WBGene00003992,11,1119,1130
WBGene00003993,54,249,303
WBGene00003994,3,183,186
WBGene00003995,38,158,196
WBGene00003996,119,441,560
WBGene00003997,4,34,38
WBGene00003998,52,131,183
WBGene00003999,4,15,19
WBGene00004000,13,46,59
WBGene00004001,2,2,4
WBGene00004002,5,7,12
WBGene00004003,19,57,76
WBGene00004004,111,634,745
WBGene00004005,17,24,41
WBGene00004006,7,45,52
WBGene00004007,1,2,3
WBGene00004008,0,104,104
WBGene00004010,72,482,554
WBGene00004011,4,25,29
WBGene00004013,380,614,994
WBGene00004014,67,16769,16836
WBGene00004015,98,15890,15988
WBGene00004016,132,483,615
WBGene00004017,1,54,55
WBGene00004020,19,73,92
WBGene00004023,102,445,547
WBGene00004024,13,168,181
WBGene00004025,132,1356,1488
WBGene00004026,22,7,29
WBGene00004027,0,55,55
WBGene00004028,121,175,296
WBGene00004029,121,236,357
WBGene00004030,31,131,162
WBGene00004031,41,574,615
WBGene00004032,446,2668,3114
WBGene00004033,344,913,1257
WBGene00004034,169,587,756
WBGene00004035,75,453,528
WBGene00004036,183,570,753
WBGene00004037,23,156,179
WBGene00004038,32,277,309
WBGene00004039,163,2017,2180
WBGene00004040,152,1517,1669
WBGene00004042,6,1004,1010
WBGene00004043,5,174,179
WBGene00004044,14,191,205
WBGene00004045,264,576,840
WBGene00004046,209,8152,8361
WBGene00004047,437,786,1223
WBGene00004048,34,290,324
WBGene00004049,225,468,693
WBGene00004050,14,567,581
WBGene00004051,94,760,854
WBGene00004052,2,6,8
WBGene00004053,145,1885,2030
WBGene00004055,104,592,696
WBGene00004056,80,537,617
WBGene00004057,95,603,698
WBGene00004058,8,56,64
WBGene00004059,91,352,443
WBGene00004060,188,776,964
WBGene00004061,4,71,75
WBGene00004062,29,286,315
WBGene00004063,84,707,791
WBGene00004064,788,760,1548
WBGene00004068,71,639,710
WBGene00004075,46,705,751
WBGene00004076,347,2290,2637
WBGene00004077,231,839,1070
WBGene00004078,0,45,45
WBGene00004083,35,752,787
WBGene00004084,0,2,2
WBGene00004085,105,1454,1559
WBGene00004086,51,238,289
WBGene00004087,270,1376,1646
WBGene00004088,241,1392,1633
WBGene00004089,23,334,357
WBGene00004090,230,909,1139
WBGene00004091,94,1318,1412
WBGene00004092,57,496,553
WBGene00004093,6,451,457
WBGene00004094,29,896,925
WBGene00004095,271,2578,2849
WBGene00004096,14,293,307
WBGene00004097,5,3,8
WBGene00004098,0,0,0
WBGene00004099,0,1,1
WBGene00004100,59,266,325
WBGene00004101,185,1016,1201
WBGene00004102,13,11,24
WBGene00004103,3,2,5
WBGene00004104,8,12,20
WBGene00004105,91,755,846
WBGene00004106,210,128,338
WBGene00004107,1,8,9
WBGene00004108,266,809,1075
WBGene00004109,237,940,1177
WBGene00004110,155,545,700
WBGene00004111,112,883,995
WBGene00004112,409,7351,7760
WBGene00004113,388,6227,6615
WBGene00004114,12,272,284
WBGene00004115,18,9,27
WBGene00004116,222,1007,1229
WBGene00004117,0,822,822
WBGene00004118,27,108,135
WBGene00004119,92,441,533
WBGene00004120,1,43,44
WBGene00004121,168,883,1051
WBGene00004122,81,823,904
WBGene00004123,32,140,172
WBGene00004124,40,345,385
WBGene00004125,84,475,559
WBGene00004126,169,932,1101
WBGene00004127,7,32,39
WBGene00004128,1518,3227,4745
WBGene00004129,25,476,501
WBGene00004130,607,11929,12536
WBGene00004131,2474,8090,10564
WBGene00004132,227,1915,2142
WBGene00004133,8,97,105
WBGene00004134,805,4744,5549
WBGene00004135,1271,8555,9826
WBGene00004136,194,3287,3481
WBGene00004138,311,2065,2376
WBGene00004139,0,7,7
WBGene00004140,53,1126,1179
WBGene00004141,0,0,0
WBGene00004143,230,8943,9173
WBGene00004144,16,504,520
WBGene00004145,257,2124,2381
WBGene00004146,1,6,7
WBGene00004147,302,1299,1601
WBGene00004148,208,987,1195
WBGene00004149,3,0,3
WBGene00004150,4,6,10
WBGene00004151,218,858,1076
WBGene00004152,229,2908,3137
WBGene00004153,0,0,0
WBGene00004154,41,43,84
WBGene00004155,4,16,20
WBGene00004156,8,140,148
WBGene00004157,25,1541,1566
WBGene00004158,0,0,0
WBGene00004159,0,0,0
WBGene00004160,0,0,0
WBGene00004161,464,1147,1611
WBGene00004163,7,38,45
WBGene00004164,280,1794,2074
WBGene00004165,17,6,23
WBGene00004166,263,1421,1684
WBGene00004167,928,4564,5492
WBGene00004168,13,394,407
WBGene00004169,62,268,330
WBGene00004170,0,0,0
WBGene00004171,0,0,0
WBGene00004172,57,413,470
WBGene00004173,82,950,1032
WBGene00004174,0,17,17
WBGene00004175,15,314,329
WBGene00004176,0,8,8
WBGene00004177,2,23,25
WBGene00004178,65,1442,1507
WBGene00004179,18,736,754
WBGene00004180,85,585,670
WBGene00004181,107,519,626
WBGene00004182,412,1453,1865
WBGene00004183,27,46,73
WBGene00004184,100,1797,1897
WBGene00004185,89,3546,3635
WBGene00004186,172,1780,1952
WBGene00004187,182,5806,5988
WBGene00004188,115,1199,1314
WBGene00004189,1220,5572,6792
WBGene00004190,58,671,729
WBGene00004191,65,70,135
WBGene00004192,679,740,1419
WBGene00004193,30,110,140
WBGene00004194,21,148,169
WBGene00004195,24,68,92
WBGene00004196,0,241,241
WBGene00004197,18,141,159
WBGene00004198,21,163,184
WBGene00004199,6,257,263
WBGene00004201,39,3466,3505
WBGene00004202,242,1073,1315
WBGene00004203,234,1549,1783
WBGene00004204,459,5273,5732
WBGene00004205,24,335,359
WBGene00004206,80,413,493
WBGene00004207,156,824,980
WBGene00004208,236,3339,3575
WBGene00004209,0,0,0
WBGene00004210,84,712,796
WBGene00004211,18,26,44
WBGene00004212,272,972,1244
WBGene00004213,305,1005,1310
WBGene00004214,68,1096,1164
WBGene00004215,782,1263,2045
WBGene00004216,26,154,180
WBGene00004217,21,152,173
WBGene00004218,19,90,109
WBGene00004219,82,781,863
WBGene00004220,70,414,484
WBGene00004221,21,184,205
WBGene00004222,34,778,812
WBGene00004223,10,54,64
WBGene00004224,92,377,469
WBGene00004225,22,127,149
WBGene00004226,119,1229,1348
WBGene00004227,73,243,316
WBGene00004228,83,642,725
WBGene00004229,7,111,118
WBGene00004230,76,30,106
WBGene00004231,19,26,45
WBGene00004232,46,137,183
WBGene00004233,16,6,22
WBGene00004234,2,22,24
WBGene00004235,44,316,360
WBGene00004236,73,16,89
WBGene00004237,41,504,545
WBGene00004238,207,639,846
WBGene00004239,0,60,60
WBGene00004241,1,28,29
WBGene00004242,6,30,36
WBGene00004243,2,62,64
WBGene00004244,26,308,334
WBGene00004245,192,2621,2813
WBGene00004248,16,1218,1234
WBGene00004249,425,2279,2704
WBGene00004254,192,856,1048
WBGene00004255,15,66,81
WBGene00004256,305,516,821
WBGene00004257,53,258,311
WBGene00004258,446,9425,9871
WBGene00004259,17,744,761
WBGene00004264,15,377,392
WBGene00004265,162,321,483
WBGene00004266,106,6908,7014
WBGene00004267,97,2208,2305
WBGene00004268,115,2908,3023
WBGene00004269,66,741,807
WBGene00004270,59,2052,2111
WBGene00004271,136,1363,1499
WBGene00004272,38,2075,2113
WBGene00004273,88,3306,3394
WBGene00004274,88,8730,8818
WBGene00004275,47,28,75
WBGene00004276,61,1396,1457
WBGene00004277,113,1056,1169
WBGene00004278,223,2478,2701
WBGene00004279,34,238,272
WBGene00004281,32,172,204
WBGene00004282,51,584,635
WBGene00004283,36,203,239
WBGene00004284,44,747,791
WBGene00004285,62,275,337
WBGene00004286,39,936,975
WBGene00004287,2,2,4
WBGene00004296,162,1417,1579
WBGene00004297,46,447,493
WBGene00004298,36,93,129
WBGene00004300,3,7800,7803
WBGene00004301,9,16,25
WBGene00004302,894,20072,20966
WBGene00004303,69,1202,1271
WBGene00004304,164,1899,2063
WBGene00004305,84,4179,4263
WBGene00004306,130,1330,1460
WBGene00004307,97,1965,2062
WBGene00004308,42,1022,1064
WBGene00004309,4,16,20
WBGene00004310,249,2075,2324
WBGene00004311,314,1243,1557
WBGene00004312,184,802,986
WBGene00004313,133,1287,1420
WBGene00004314,478,721,1199
WBGene00004315,103,2989,3092
WBGene00004316,577,914,1491
WBGene00004317,72,592,664
WBGene00004318,176,1052,1228
WBGene00004319,139,2064,2203
WBGene00004320,233,2963,3196
WBGene00004321,23,1649,1672
WBGene00004322,158,821,979
WBGene00004323,197,1036,1233
WBGene00004324,56,328,384
WBGene00004326,62,1983,2045
WBGene00004328,15,66,81
WBGene00004332,10,155,165
WBGene00004333,42,230,272
WBGene00004334,4,84,88
WBGene00004335,62,447,509
WBGene00004336,723,9684,10407
WBGene00004337,231,1697,1928
WBGene00004338,118,566,684
WBGene00004339,70,367,437
WBGene00004340,161,1139,1300
WBGene00004341,79,514,593
WBGene00004342,3,21,24
WBGene00004343,144,1041,1185
WBGene00004344,27,420,447
WBGene00004345,312,495,807
WBGene00004346,57,243,300
WBGene00004347,396,91,487
WBGene00004348,34,507,541
WBGene00004349,181,628,809
WBGene00004350,164,622,786
WBGene00004351,0,0,0
WBGene00004352,0,1,1
WBGene00004353,2,5,7
WBGene00004354,2,19,21
WBGene00004355,42,1100,1142
WBGene00004356,15,968,983
WBGene00004357,1017,6680,7697
WBGene00004358,249,1694,1943
WBGene00004359,55,174,229
WBGene00004360,76,381,457
WBGene00004361,19,234,253
WBGene00004363,68,1596,1664
WBGene00004364,287,3623,3910
WBGene00004367,182,756,938
WBGene00004368,114,359,473
WBGene00004369,110,591,701
WBGene00004370,44,640,684
WBGene00004371,104,1260,1364
WBGene00004372,55,139,194
WBGene00004373,276,2161,2437
WBGene00004374,21,98,119
WBGene00004375,59,462,521
WBGene00004377,58,398,456
WBGene00004378,153,1320,1473
WBGene00004380,36,256,292
WBGene00004381,65,700,765
WBGene00004382,438,2036,2474
WBGene00004383,29,568,597
WBGene00004384,429,771,1200
WBGene00004385,143,1564,1707
WBGene00004386,136,1394,1530
WBGene00004387,141,5505,5646
WBGene00004388,197,1938,2135
WBGene00004389,227,1751,1978
WBGene00004390,447,3545,3992
WBGene00004391,72,2600,2672
WBGene00004392,54,2576,2630
WBGene00004393,245,436,681
WBGene00004394,1,1,2
WBGene00004395,41,485,526
WBGene00004397,18,168,186
WBGene00004398,72,710,782
WBGene00004400,3,214,217
WBGene00004401,188,229,417
WBGene00004402,9,7,16
WBGene00004403,221,447,668
WBGene00004404,99,405,504
WBGene00004405,20,1288,1308
WBGene00004408,243,206216,206459
WBGene00004409,13457,95933,109390
WBGene00004410,36263,114592,150855
WBGene00004411,111,1468,1579
WBGene00004412,31849,165709,197558
WBGene00004413,633,162057,162690
WBGene00004414,9409,169866,179275
WBGene00004415,270,85028,85298
WBGene00004416,16540,175422,191962
WBGene00004417,16867,158532,175399
WBGene00004418,26217,178572,204789
WBGene00004419,32300,206150,238450
WBGene00004420,24827,148631,173458
WBGene00004421,11667,205628,217295
WBGene00004422,708,12215,12923
WBGene00004423,27194,175375,202569
WBGene00004424,31839,249065,280904
WBGene00004425,15264,176513,191777
WBGene00004426,20746,153537,174283
WBGene00004427,2060,172548,174608
WBGene00004428,19964,172568,192532
WBGene00004429,58862,160712,219574
WBGene00004430,28871,166496,195367
WBGene00004431,18577,186563,205140
WBGene00004432,1239,154250,155489
WBGene00004433,12035,172638,184673
WBGene00004434,17117,144810,161927
WBGene00004435,15313,156567,171880
WBGene00004436,27479,182844,210323
WBGene00004437,912,10460,11372
WBGene00004438,6176,31381,37557
WBGene00004439,12118,61704,73822
WBGene00004440,17004,138517,155521
WBGene00004441,32477,89627,122104
WBGene00004442,16132,105602,121734
WBGene00004443,89571,66411,155982
WBGene00004444,17417,106756,124173
WBGene00004445,3720,133716,137436
WBGene00004446,43810,216880,260690
WBGene00004447,34954,147609,182563
WBGene00004448,12222,134337,146559
WBGene00004449,23861,168250,192111
WBGene00004450,13115,193661,206776
WBGene00004451,58842,1193,60035
WBGene00004452,14357,195906,210263
WBGene00004453,6620,160936,167556
WBGene00004454,24419,147689,172108
WBGene00004455,3,13,16
WBGene00004456,0,168446,168446
WBGene00004457,8,468,476
WBGene00004458,115,2499,2614
WBGene00004459,22,2223,2245
WBGene00004460,49,3894,3943
WBGene00004461,60,2801,2861
WBGene00004462,129,2236,2365
WBGene00004463,141,3447,3588
WBGene00004464,425,3508,3933
WBGene00004465,225,2882,3107
WBGene00004466,45,1932,1977
WBGene00004467,21,2942,2963
WBGene00004468,310,2268,2578
WBGene00004469,2268,142091,144359
WBGene00004470,9963,181858,191821
WBGene00004471,90,126447,126537
WBGene00004472,20128,167200,187328
WBGene00004473,17926,156452,174378
WBGene00004474,30105,191733,221838
WBGene00004475,6484,92181,98665
WBGene00004476,34094,173898,207992
WBGene00004477,30292,205040,235332
WBGene00004478,23595,223591,247186
WBGene00004479,18931,159379,178310
WBGene00004480,40877,190260,231137
WBGene00004481,5202,165436,170638
WBGene00004482,18340,138568,156908
WBGene00004483,31105,215128,246233
WBGene00004484,23253,167107,190360
WBGene00004485,3355,66678,70033
WBGene00004486,14283,119878,134161
WBGene00004487,30911,177668,208579
WBGene00004488,26781,161802,188583
WBGene00004489,20876,162494,183370
WBGene00004490,58910,107743,166653
WBGene00004491,1685,113862,115547
WBGene00004492,28435,216394,244829
WBGene00004493,18925,168626,187551
WBGene00004494,47011,268790,315801
WBGene00004495,13350,181502,194852
WBGene00004496,24733,155910,180643
WBGene00004497,7853,141524,149377
WBGene00004498,102186,111806,213992
WBGene00004499,26660,149380,176040
WBGene00004501,55,1690,1745
WBGene00004502,67,3138,3205
WBGene00004503,7,2140,2147
WBGene00004504,648,3722,4370
WBGene00004505,25,2299,2324
WBGene00004506,45,3481,3526
WBGene00004507,36,1154,1190
WBGene00004508,85,774,859
WBGene00004509,24,124,148
WBGene00004510,29,484,513
WBGene00004679,379,2506,2885
WBGene00004680,73,264,337
WBGene00004681,456,979,1435
WBGene00004682,93,781,874
WBGene00004684,83,943,1026
WBGene00004698,6,5429,5435
WBGene00004699,111,3140,3251
WBGene00004700,19,8679,8698
WBGene00004701,28,2802,2830
WBGene00004702,325,3230,3555
WBGene00004703,310,8673,8983
WBGene00004704,84,3306,3390
WBGene00004705,206,3196,3402
WBGene00004706,153,1390,1543
WBGene00004719,143,592,735
WBGene00004721,49,409,458
WBGene00004723,77,1175,1252
WBGene00004726,0,26,26
WBGene00004727,83,554,637
WBGene00004728,236,1253,1489
WBGene00004729,164,981,1145
WBGene00004732,497,2900,3397
WBGene00004735,131,288,419
WBGene00004736,1459,45957,47416
WBGene00004737,3,567,570
WBGene00004738,36,1613,1649
WBGene00004739,462,4398,4860
WBGene00004740,91,434,525
WBGene00004742,10,22,32
WBGene00004743,290,1051,1341
WBGene00004744,58,714,772
WBGene00004745,40,310,350
WBGene00004746,24,972,996
WBGene00004747,49,698,747
WBGene00004748,36,197,233
WBGene00004749,86,2711,2797
WBGene00004750,0,0,0
WBGene00004751,698,2120,2818
WBGene00004752,74,638,712
WBGene00004753,120,475,595
WBGene00004754,594,1935,2529
WBGene00004755,83,2591,2674
WBGene00004756,24,926,950
WBGene00004758,92,941,1033
WBGene00004759,49,1258,1307
WBGene00004760,356,1977,2333
WBGene00004762,147,797,944
WBGene00004764,13,127,140
WBGene00004765,202,245,447
WBGene00004766,262,4745,5007
WBGene00004767,53,754,807
WBGene00004768,14,882,896
WBGene00004769,12,319,331
WBGene00004771,21,263,284
WBGene00004773,398,2055,2453
WBGene00004774,34,989,1023
WBGene00004775,29,252,281
WBGene00004776,94,123,217
WBGene00004777,141,375,516
WBGene00004778,43,397,440
WBGene00004779,282,818,1100
WBGene00004780,53,149,202
WBGene00004781,24,889,913
WBGene00004782,106,1023,1129
WBGene00004783,659,2582,3241
WBGene00004786,17,140,157
WBGene00004787,117,412,529
WBGene00004788,51,3504,3555
WBGene00004789,30,98,128
WBGene00004790,389,1917,2306
WBGene00004793,29,135,164
WBGene00004795,25,228,253
WBGene00004796,5,27,32
WBGene00004798,212,2155,2367
WBGene00004800,74,1229,1303
WBGene00004801,131,1217,1348
WBGene00004802,8,41,49
WBGene00004803,52,171,223
WBGene00004804,337,2260,2597
WBGene00004806,255,1279,1534
WBGene00004807,61,9281,9342
WBGene00004808,15,1189,1204
WBGene00004809,101,1715,1816
WBGene00004810,2,30,32
WBGene00004811,1,25,26
WBGene00004812,0,0,0
WBGene00004813,0,1,1
WBGene00004814,0,0,0
WBGene00004815,0,0,0
WBGene00004816,0,295,295
WBGene00004818,1,0,1
WBGene00004819,0,2,2
WBGene00004820,0,0,0
WBGene00004821,0,0,0
WBGene00004822,0,467,467
WBGene00004823,0,266,266
WBGene00004824,110,619,729
WBGene00004825,0,486,486
WBGene00004826,0,510,510
WBGene00004827,0,137,137
WBGene00004829,236,923,1159
WBGene00004830,202,1797,1999
WBGene00004831,241,704,945
WBGene00004854,166,1061,1227
WBGene00004855,322,4155,4477
WBGene00004856,206,384,590
WBGene00004857,98,503,601
WBGene00004858,76,254,330
WBGene00004859,48,323,371
WBGene00004860,54,485,539
WBGene00004862,604,2641,3245
WBGene00004873,479,2081,2560
WBGene00004874,128,2125,2253
WBGene00004875,19,83,102
WBGene00004876,14,98,112
WBGene00004877,2,3,5
WBGene00004878,8,11,19
WBGene00004879,234,1290,1524
WBGene00004880,95,1444,1539
WBGene00004881,337,875,1212
WBGene00004882,47,913,960
WBGene00004883,6,242,248
WBGene00004884,246,1641,1887
WBGene00004885,16,328,344
WBGene00004886,50,417,467
WBGene00004887,110,1532,1642
WBGene00004888,1195,14138,15333
WBGene00004889,142,928,1070
WBGene00004890,31,280,311
WBGene00004891,101,1871,1972
WBGene00004892,363,1606,1969
WBGene00004893,46,579,625
WBGene00004894,498,523,1021
WBGene00004895,3179,946,4125
WBGene00004896,548,1942,2490
WBGene00004897,16,6741,6757
WBGene00004898,9,173,182
WBGene00004899,4,1,5
WBGene00004900,39,985,1024
WBGene00004901,3,2,5
WBGene00004902,98,1495,1593
WBGene00004904,8,2,10
WBGene00004905,161,235,396
WBGene00004906,3,2,5
WBGene00004908,3,2,5
WBGene00004909,2,2,4
WBGene00004910,62,2207,2269
WBGene00004911,4,108,112
WBGene00004912,45,693,738
WBGene00004913,88,468,556
WBGene00004914,160,7339,7499
WBGene00004915,13,7457,7470
WBGene00004916,241,6481,6722
WBGene00004917,192,6383,6575
WBGene00004918,1230,6779,8009
WBGene00004919,264,5678,5942
WBGene00004920,879,9070,9949
WBGene00004921,290,2303,2593
WBGene00004922,144,398,542
WBGene00004923,316,963,1279
WBGene00004924,168,3111,3279
WBGene00004925,191,289,480
WBGene00004926,12,276,288
WBGene00004927,173,858,1031
WBGene00004928,37,205,242
WBGene00004929,582,1917,2499
WBGene00004930,499,6707,7206
WBGene00004931,684,3293,3977
WBGene00004932,3,6,9
WBGene00004933,100,366,466
WBGene00004944,137,471,608
WBGene00004945,55,759,814
WBGene00004946,217,1144,1361
WBGene00004947,1148,1262,2410
WBGene00004949,171,584,755
WBGene00004950,68,187,255
WBGene00004951,166,7029,7195
WBGene00004952,8,602,610
WBGene00004953,33,664,697
WBGene00004954,32,158,190
WBGene00004955,274,1937,2211
WBGene00004958,13,51,64
WBGene00004959,8,80,88
WBGene00004960,11,44,55
WBGene00004962,1,0,1
WBGene00004963,12,7,19
WBGene00004964,2,4,6
WBGene00004965,0,0,0
WBGene00004966,1,2,3
WBGene00004969,84,153,237
WBGene00004971,2,9,11
WBGene00004972,4,35,39
WBGene00004973,0,0,0
WBGene00004974,20,27,47
WBGene00004975,20,347,367
WBGene00004976,4,12,16
WBGene00004978,523,3929,4452
WBGene00004979,116,566,682
WBGene00004980,352,5953,6305
WBGene00004981,46,601,647
WBGene00004984,5,160,165
WBGene00004985,8,183,191
WBGene00004986,37,400,437
WBGene00004987,174,1328,1502
WBGene00004988,59,370,429
WBGene00004989,5,31,36
WBGene00004990,268,2010,2278
WBGene00004991,1,11,12
WBGene00004992,3,8,11
WBGene00004993,143,791,934
WBGene00004994,3,12,15
WBGene00004995,1950,8865,10815
WBGene00004996,2,2,4
WBGene00004997,1,12,13
WBGene00004998,5,23,28
WBGene00004999,177,1343,1520
WBGene00005000,871,7938,8809
WBGene00005001,16,105,121
WBGene00005002,42,477,519
WBGene00005003,66,463,529
WBGene00005004,74,509,583
WBGene00005005,1,0,1
WBGene00005006,57,510,567
WBGene00005007,34,1803,1837
WBGene00005008,6,91,97
WBGene00005009,30,1178,1208
WBGene00005010,239,768,1007
WBGene00005011,54,318,372
WBGene00005012,3,5,8
WBGene00005013,2,12,14
WBGene00005014,28,689,717
WBGene00005015,135,1949,2084
WBGene00005016,1,700,701
WBGene00005017,37,337,374
WBGene00005018,21,625,646
WBGene00005019,55,684,739
WBGene00005020,145,198,343
WBGene00005021,22,194,216
WBGene00005022,20,1138,1158
WBGene00005023,77,926,1003
WBGene00005024,138,249,387
WBGene00005025,39,320,359
WBGene00005026,6,663,669
WBGene00005027,0,5,5
WBGene00005028,0,0,0
WBGene00005029,1,1,2
WBGene00005030,0,0,0
WBGene00005032,1,5,6
WBGene00005033,3,16,19
WBGene00005034,0,0,0
WBGene00005035,0,1,1
WBGene00005036,2,46,48
WBGene00005037,0,8,8
WBGene00005038,1,4,5
WBGene00005039,1,7,8
WBGene00005040,3,8,11
WBGene00005043,0,2,2
WBGene00005044,0,2,2
WBGene00005046,0,0,0
WBGene00005047,0,6,6
WBGene00005048,1,1,2
WBGene00005049,0,0,0
WBGene00005050,0,1,1
WBGene00005051,0,3,3
WBGene00005052,2,2,4
WBGene00005053,2,5,7
WBGene00005054,3,5,8
WBGene00005055,0,0,0
WBGene00005056,31,3,34
WBGene00005057,4,1,5
WBGene00005058,2,4,6
WBGene00005059,10,9,19
WBGene00005060,3,5,8
WBGene00005061,7,3,10
WBGene00005062,1,3,4
WBGene00005063,5,46,51
WBGene00005064,2,10,12
WBGene00005065,2,4,6
WBGene00005066,1,1,2
WBGene00005067,0,3,3
WBGene00005068,1,2,3
WBGene00005070,1,2,3
WBGene00005071,0,2,2
WBGene00005072,2,49,51
WBGene00005073,1,2,3
WBGene00005076,2,3,5
WBGene00005077,129,840,969
WBGene00005078,86,382,468
WBGene00005079,1,25,26
WBGene00005080,3,0,3
WBGene00005081,5,8,13
WBGene00005082,0,7,7
WBGene00005083,3,1,4
WBGene00005085,2,2,4
WBGene00005086,1,0,1
WBGene00005087,0,2,2
WBGene00005088,4,1,5
WBGene00005089,4,8,12
WBGene00005090,1,2,3
WBGene00005091,7,13,20
WBGene00005093,2,8,10
WBGene00005094,1,2,3
WBGene00005095,1,6,7
WBGene00005096,3,2,5
WBGene00005097,0,2,2
WBGene00005098,0,3,3
WBGene00005099,0,1,1
WBGene00005101,12,68,80
WBGene00005103,0,0,0
WBGene00005104,0,0,0
WBGene00005105,0,3,3
WBGene00005106,0,0,0
WBGene00005107,0,7,7
WBGene00005108,2,11,13
WBGene00005109,0,0,0
WBGene00005110,48,60,108
WBGene00005111,10,61,71
WBGene00005112,1,1,2
WBGene00005113,25,63,88
WBGene00005114,1,4,5
WBGene00005116,6,0,6
WBGene00005117,1,1,2
WBGene00005118,1,3,4
WBGene00005119,3,1,4
WBGene00005120,5,5,10
WBGene00005121,3,1,4
WBGene00005122,0,2,2
WBGene00005123,1,0,1
WBGene00005124,0,0,0
WBGene00005125,0,0,0
WBGene00005126,1,5,6
WBGene00005127,12,43,55
WBGene00005128,27,12,39
WBGene00005129,43,64,107
WBGene00005131,21,72,93
WBGene00005132,2,9,11
WBGene00005133,14,33,47
WBGene00005134,0,1,1
WBGene00005135,0,0,0
WBGene00005136,0,3,3
WBGene00005137,0,0,0
WBGene00005138,0,0,0
WBGene00005140,2,2,4
WBGene00005141,1,2,3
WBGene00005142,3,4,7
WBGene00005143,9,3,12
WBGene00005144,9,8,17
WBGene00005145,2,1,3
WBGene00005146,5,4,9
WBGene00005147,9,58,67
WBGene00005148,0,0,0
WBGene00005149,9,31,40
WBGene00005150,33,70,103
WBGene00005153,102,240,342
WBGene00005159,2,2,4
WBGene00005160,0,10,10
WBGene00005161,1,1,2
WBGene00005162,17,21,38
WBGene00005163,1,22,23
WBGene00005164,0,1,1
WBGene00005165,3,14,17
WBGene00005166,1,2,3
WBGene00005167,3,2,5
WBGene00005168,0,11,11
WBGene00005169,6,8,14
WBGene00005170,6,10,16
WBGene00005171,3,9,12
WBGene00005172,3,14,17
WBGene00005173,0,0,0
WBGene00005174,22,60,82
WBGene00005177,2,5,7
WBGene00005178,0,4,4
WBGene00005179,0,0,0
WBGene00005180,7,5,12
WBGene00005181,3,1,4
WBGene00005182,2,9,11
WBGene00005183,5,14,19
WBGene00005184,0,2,2
WBGene00005185,5,6,11
WBGene00005186,3,4,7
WBGene00005187,2,15,17
WBGene00005188,3,2,5
WBGene00005189,4,5,9
WBGene00005190,0,0,0
WBGene00005191,8,11,19
WBGene00005193,1,0,1
WBGene00005194,9,28,37
WBGene00005195,4,11,15
WBGene00005196,0,20,20
WBGene00005197,3,27,30
WBGene00005198,4,5,9
WBGene00005199,5,2,7
WBGene00005201,1,0,1
WBGene00005202,11,10,21
WBGene00005203,3,6,9
WBGene00005204,1,1,2
WBGene00005205,7,27,34
WBGene00005207,1,6,7
WBGene00005208,3,9,12
WBGene00005210,0,11,11
WBGene00005211,3,3,6
WBGene00005212,2,2,4
WBGene00005213,6,6,12
WBGene00005214,1,1,2
WBGene00005215,0,0,0
WBGene00005216,1,0,1
WBGene00005217,1,1,2
WBGene00005218,0,4,4
WBGene00005219,11,14,25
WBGene00005221,0,1,1
WBGene00005222,4,2,6
WBGene00005223,0,2,2
WBGene00005224,3,1,4
WBGene00005225,0,0,0
WBGene00005226,9,17,26
WBGene00005227,0,2,2
WBGene00005228,552,105,657
WBGene00005229,1,1,2
WBGene00005230,0,0,0
WBGene00005231,1,4,5
WBGene00005233,1,0,1
WBGene00005234,1,0,1
WBGene00005236,0,15,15
WBGene00005237,1,8,9
WBGene00005240,1,5,6
WBGene00005241,7,10,17
WBGene00005242,8,7,15
WBGene00005243,1,38,39
WBGene00005244,2,2,4
WBGene00005245,0,1,1
WBGene00005246,1,9,10
WBGene00005247,0,0,0
WBGene00005248,0,1,1
WBGene00005249,2,1,3
WBGene00005250,0,1,1
WBGene00005251,13,36,49
WBGene00005253,18,61,79
WBGene00005254,2,0,2
WBGene00005255,1,1,2
WBGene00005256,3,0,3
WBGene00005257,0,11,11
WBGene00005258,1,4,5
WBGene00005259,0,0,0
WBGene00005260,0,6,6
WBGene00005261,1,0,1
WBGene00005262,6,20,26
WBGene00005263,0,3,3
WBGene00005264,4,4,8
WBGene00005265,1,3,4
WBGene00005267,7,13,20
WBGene00005268,0,1,1
WBGene00005269,2,11,13
WBGene00005270,2,2,4
WBGene00005271,15,10,25
WBGene00005272,3,5,8
WBGene00005273,2,3,5
WBGene00005274,0,1,1
WBGene00005275,2,2,4
WBGene00005278,0,0,0
WBGene00005279,1,4,5
WBGene00005280,0,0,0
WBGene00005281,2,0,2
WBGene00005282,0,3,3
WBGene00005283,1,9,10
WBGene00005284,0,0,0
WBGene00005285,0,0,0
WBGene00005288,0,2,2
WBGene00005289,1,19,20
WBGene00005290,0,19,19
WBGene00005291,0,2,2
WBGene00005292,1,25,26
WBGene00005293,0,13,13
WBGene00005294,0,0,0
WBGene00005295,1,2,3
WBGene00005296,2,7,9
WBGene00005297,2,13,15
WBGene00005299,14,33,47
WBGene00005300,1,3,4
WBGene00005301,4,2,6
WBGene00005303,1,7,8
WBGene00005304,0,0,0
WBGene00005306,1,2,3
WBGene00005308,0,0,0
WBGene00005309,0,0,0
WBGene00005310,0,2,2
WBGene00005313,3,0,3
WBGene00005315,0,3,3
WBGene00005316,1,0,1
WBGene00005317,0,5,5
WBGene00005318,2,1,3
WBGene00005319,1,3,4
WBGene00005321,1,1,2
WBGene00005323,0,1,1
WBGene00005324,27,5,32
WBGene00005328,1,0,1
WBGene00005330,0,0,0
WBGene00005331,0,1,1
WBGene00005332,1,3,4
WBGene00005334,0,1,1
WBGene00005335,1,1,2
WBGene00005337,4,1,5
WBGene00005338,0,4,4
WBGene00005339,1,5,6
WBGene00005340,0,0,0
WBGene00005341,1,0,1
WBGene00005342,2,12,14
WBGene00005344,7,4,11
WBGene00005345,6,5,11
WBGene00005346,0,13,13
WBGene00005347,3,12,15
WBGene00005348,0,1,1
WBGene00005349,0,1,1
WBGene00005350,0,7,7
WBGene00005351,1,2,3
WBGene00005352,0,3,3
WBGene00005353,0,14,14
WBGene00005354,0,3,3
WBGene00005355,1,0,1
WBGene00005356,0,0,0
WBGene00005357,0,1,1
WBGene00005358,1,0,1
WBGene00005359,3,3,6
WBGene00005361,0,1,1
WBGene00005362,2,8,10
WBGene00005363,2,3,5
WBGene00005364,3,9,12
WBGene00005365,1,2,3
WBGene00005370,3,5,8
WBGene00005375,0,1,1
WBGene00005382,0,1,1
WBGene00005383,1,3,4
WBGene00005385,0,1,1
WBGene00005386,4,4,8
WBGene00005387,13,12,25
WBGene00005388,0,4,4
WBGene00005389,1,1,2
WBGene00005390,0,1,1
WBGene00005392,0,0,0
WBGene00005393,0,3,3
WBGene00005394,0,2,2
WBGene00005395,0,4,4
WBGene00005396,8,1,9
WBGene00005397,0,3,3
WBGene00005398,9,0,9
WBGene00005399,2,4,6
WBGene00005400,0,0,0
WBGene00005401,0,1,1
WBGene00005402,1,1,2
WBGene00005404,0,3,3
WBGene00005405,11,17,28
WBGene00005406,1,1,2
WBGene00005407,1,1,2
WBGene00005408,1,1,2
WBGene00005410,7,6,13
WBGene00005411,0,4,4
WBGene00005412,0,0,0
WBGene00005414,0,2,2
WBGene00005415,1,5,6
WBGene00005416,0,1,1
WBGene00005417,0,7,7
WBGene00005418,0,0,0
WBGene00005419,0,4,4
WBGene00005421,0,4,4
WBGene00005422,0,5,5
WBGene00005423,3,3,6
WBGene00005424,1,1,2
WBGene00005425,0,1,1
WBGene00005426,0,1,1
WBGene00005427,1,6,7
WBGene00005428,1,3,4
WBGene00005429,2,2,4
WBGene00005430,0,1,1
WBGene00005432,0,3,3
WBGene00005433,1,1,2
WBGene00005435,0,0,0
WBGene00005436,0,0,0
WBGene00005437,1,6,7
WBGene00005439,0,0,0
WBGene00005440,4,5,9
WBGene00005441,0,0,0
WBGene00005442,0,0,0
WBGene00005443,0,0,0
WBGene00005444,0,5,5
WBGene00005446,0,0,0
WBGene00005447,0,2,2
WBGene00005448,1,2,3
WBGene00005449,0,0,0
WBGene00005450,0,0,0
WBGene00005451,0,0,0
WBGene00005452,0,1,1
WBGene00005453,0,1,1
WBGene00005454,0,0,0
WBGene00005456,0,0,0
WBGene00005457,0,0,0
WBGene00005458,0,2,2
WBGene00005461,1,1,2
WBGene00005463,13,1,14
WBGene00005464,0,0,0
WBGene00005470,0,2,2
WBGene00005471,2,2,4
WBGene00005472,1,6,7
WBGene00005474,5,6,11
WBGene00005475,13,3,16
WBGene00005476,0,0,0
WBGene00005477,2,10,12
WBGene00005478,1,0,1
WBGene00005479,0,0,0
WBGene00005480,0,4,4
WBGene00005481,2,8,10
WBGene00005482,0,1,1
WBGene00005484,1,11,12
WBGene00005486,1,8,9
WBGene00005487,0,1,1
WBGene00005488,1,2,3
WBGene00005489,2,0,2
WBGene00005490,5,0,5
WBGene00005491,0,1,1
WBGene00005492,0,0,0
WBGene00005493,1,1,2
WBGene00005494,1,1,2
WBGene00005495,4,0,4
WBGene00005496,0,0,0
WBGene00005497,0,0,0
WBGene00005499,0,0,0
WBGene00005500,1,2,3
WBGene00005501,1,0,1
WBGene00005502,0,0,0
WBGene00005503,0,0,0
WBGene00005504,0,1,1
WBGene00005505,5,0,5
WBGene00005507,1,0,1
WBGene00005508,0,0,0
WBGene00005509,0,0,0
WBGene00005512,0,2,2
WBGene00005513,0,5,5
WBGene00005514,4,23,27
WBGene00005516,0,4,4
WBGene00005517,5,8,13
WBGene00005518,8,11,19
WBGene00005519,0,2,2
WBGene00005521,0,0,0
WBGene00005522,5,0,5
WBGene00005523,4,24,28
WBGene00005524,0,2,2
WBGene00005525,0,0,0
WBGene00005526,0,0,0
WBGene00005527,9,3,12
WBGene00005528,2,7,9
WBGene00005529,12,18,30
WBGene00005530,29,33,62
WBGene00005531,43,52,95
WBGene00005532,9,23,32
WBGene00005533,1,5,6
WBGene00005536,0,0,0
WBGene00005537,0,2,2
WBGene00005538,1,4,5
WBGene00005539,0,1,1
WBGene00005540,1,0,1
WBGene00005541,0,1,1
WBGene00005542,7,6,13
WBGene00005543,0,3,3
WBGene00005544,0,1,1
WBGene00005545,2,0,2
WBGene00005546,0,1,1
WBGene00005548,1,0,1
WBGene00005549,2,0,2
WBGene00005550,0,2,2
WBGene00005551,1,6,7
WBGene00005552,36,70,106
WBGene00005554,4,0,4
WBGene00005555,1,0,1
WBGene00005557,3,10,13
WBGene00005558,2,5,7
WBGene00005559,2,12,14
WBGene00005560,13,28,41
WBGene00005562,0,3,3
WBGene00005563,4,0,4
WBGene00005565,5,0,5
WBGene00005566,1,2,3
WBGene00005569,2,1,3
WBGene00005572,0,0,0
WBGene00005573,1,2,3
WBGene00005574,2,4,6
WBGene00005575,4,17,21
WBGene00005577,1,4,5
WBGene00005578,0,1,1
WBGene00005579,7,1,8
WBGene00005581,0,0,0
WBGene00005582,1,0,1
WBGene00005583,1,1,2
WBGene00005584,1,1,2
WBGene00005585,1,8,9
WBGene00005586,1,2,3
WBGene00005589,6,4,10
WBGene00005590,2,1,3
WBGene00005591,39,30,69
WBGene00005592,0,7,7
WBGene00005593,0,0,0
WBGene00005594,0,0,0
WBGene00005595,0,0,0
WBGene00005596,1,0,1
WBGene00005597,0,4,4
WBGene00005598,0,0,0
WBGene00005599,0,3,3
WBGene00005601,0,0,0
WBGene00005602,26,300,326
WBGene00005603,0,13,13
WBGene00005604,0,0,0
WBGene00005606,5,10,15
WBGene00005607,3,5,8
WBGene00005608,3,3,6
WBGene00005609,3,11,14
WBGene00005610,2,1,3
WBGene00005611,14,39,53
WBGene00005612,15,2,17
WBGene00005613,15,4,19
WBGene00005614,1,1,2
WBGene00005615,0,2,2
WBGene00005616,0,3,3
WBGene00005617,0,0,0
WBGene00005618,0,0,0
WBGene00005621,1,0,1
WBGene00005622,6,5,11
WBGene00005623,1,0,1
WBGene00005624,1,0,1
WBGene00005625,0,1,1
WBGene00005626,0,0,0
WBGene00005627,0,0,0
WBGene00005628,0,0,0
WBGene00005629,0,0,0
WBGene00005631,0,0,0
WBGene00005632,2,0,2
WBGene00005633,0,0,0
WBGene00005634,1,2,3
WBGene00005635,0,0,0
WBGene00005638,3,19,22
WBGene00005639,1,0,1
WBGene00005640,7,7,14
WBGene00005641,22,76,98
WBGene00005642,9,53,62
WBGene00005643,0,27,27
WBGene00005644,192,678,870
WBGene00005647,46,356,402
WBGene00005648,352,1530,1882
WBGene00005649,15,10,25
WBGene00005652,38,305,343
WBGene00005653,3,34,37
WBGene00005654,11,92,103
WBGene00005655,72,775,847
WBGene00005657,6,110,116
WBGene00005658,1,1,2
WBGene00005659,2,4,6
WBGene00005660,3,8,11
WBGene00005661,3,30,33
WBGene00005662,163,974,1137
WBGene00005663,1148,6430,7578
WBGene00005664,3,13,16
WBGene00005665,3,19,22
WBGene00005666,0,1,1
WBGene00005667,0,1,1
WBGene00005669,1,0,1
WBGene00005670,3,15,18
WBGene00005671,3,100,103
WBGene00005672,2,1,3
WBGene00005674,0,1,1
WBGene00005675,1,5,6
WBGene00005676,1,12,13
WBGene00005678,4,1,5
WBGene00005679,3,4,7
WBGene00005680,0,1,1
WBGene00005681,0,0,0
WBGene00005682,1,0,1
WBGene00005683,1,4,5
WBGene00005684,3,1,4
WBGene00005685,3,6,9
WBGene00005686,1,6,7
WBGene00005687,4,4,8
WBGene00005688,0,0,0
WBGene00005689,5,5,10
WBGene00005690,0,6,6
WBGene00005691,3,2,5
WBGene00005692,0,8,8
WBGene00005693,0,0,0
WBGene00005694,2,2,4
WBGene00005696,1,1,2
WBGene00005698,2,0,2
WBGene00005699,1,1,2
WBGene00005700,0,1,1
WBGene00005701,2,4,6
WBGene00005702,2,24,26
WBGene00005703,3,20,23
WBGene00005705,1,10,11
WBGene00005707,0,1,1
WBGene00005708,1,1,2
WBGene00005710,25,27,52
WBGene00005711,0,3,3
WBGene00005712,8,58,66
WBGene00005713,2,21,23
WBGene00005714,3,1,4
WBGene00005715,18,9,27
WBGene00005716,8,29,37
WBGene00005717,5,16,21
WBGene00005718,9,54,63
WBGene00005719,16,25,41
WBGene00005720,8,2,10
WBGene00005721,14,6,20
WBGene00005722,6,3,9
WBGene00005723,5,4,9
WBGene00005724,19,18,37
WBGene00005725,7,17,24
WBGene00005726,10,16,26
WBGene00005727,6,8,14
WBGene00005728,0,0,0
WBGene00005730,0,1,1
WBGene00005732,0,0,0
WBGene00005733,1,1,2
WBGene00005735,2,11,13
WBGene00005736,12,9,21
WBGene00005737,3,0,3
WBGene00005738,0,6,6
WBGene00005739,5,8,13
WBGene00005740,0,0,0
WBGene00005741,3,3,6
WBGene00005742,3,4,7
WBGene00005743,2,17,19
WBGene00005744,0,0,0
WBGene00005745,4,9,13
WBGene00005748,4,8,12
WBGene00005749,2,1,3
WBGene00005750,1,2,3
WBGene00005751,2,1,3
WBGene00005753,6,10,16
WBGene00005754,0,5,5
WBGene00005755,3,7,10
WBGene00005756,2,7,9
WBGene00005757,3,36,39
WBGene00005758,1,9,10
WBGene00005759,1,88,89
WBGene00005760,1,1,2
WBGene00005761,0,0,0
WBGene00005762,0,1,1
WBGene00005763,1,1,2
WBGene00005764,1,5,6
WBGene00005766,2,5,7
WBGene00005767,2,0,2
WBGene00005768,0,0,0
WBGene00005769,0,0,0
WBGene00005770,0,1,1
WBGene00005771,0,0,0
WBGene00005773,1,0,1
WBGene00005776,0,0,0
WBGene00005777,1,2,3
WBGene00005778,0,0,0
WBGene00005779,0,0,0
WBGene00005780,2,1,3
WBGene00005781,0,0,0
WBGene00005782,1,0,1
WBGene00005783,0,0,0
WBGene00005785,3,0,3
WBGene00005786,3,0,3
WBGene00005787,1,3,4
WBGene00005788,0,0,0
WBGene00005789,0,0,0
WBGene00005790,0,0,0
WBGene00005791,0,3,3
WBGene00005795,0,0,0
WBGene00005798,0,0,0
WBGene00005800,1,0,1
WBGene00005801,0,0,0
WBGene00005802,0,3,3
WBGene00005803,0,0,0
WBGene00005804,0,1,1
WBGene00005806,0,0,0
WBGene00005807,3,2,5
WBGene00005808,0,0,0
WBGene00005809,0,2,2
WBGene00005810,0,13,13
WBGene00005812,0,0,0
WBGene00005813,0,0,0
WBGene00005814,5,7,12
WBGene00005815,225,937,1162
WBGene00005816,185,313,498
WBGene00005818,165,488,653
WBGene00005819,0,0,0
WBGene00005820,8,10,18
WBGene00005822,0,1,1
WBGene00005823,0,0,0
WBGene00005824,0,1,1
WBGene00005826,1,2,3
WBGene00005829,1,0,1
WBGene00005830,0,1,1
WBGene00005831,2,2,4
WBGene00005832,120,735,855
WBGene00005833,2,18,20
WBGene00005834,0,6,6
WBGene00005835,0,1,1
WBGene00005836,1,4,5
WBGene00005837,0,5,5
WBGene00005838,4,11,15
WBGene00005841,7,9,16
WBGene00005842,3,1,4
WBGene00005844,1,0,1
WBGene00005845,8,6,14
WBGene00005846,0,2,2
WBGene00005847,5,1,6
WBGene00005848,2,1,3
WBGene00005849,0,1,1
WBGene00005850,1,2,3
WBGene00005854,3,1,4
WBGene00005855,0,2,2
WBGene00005856,6,0,6
WBGene00005858,4,0,4
WBGene00005859,0,1,1
WBGene00005860,1,1,2
WBGene00005862,2,1,3
WBGene00005864,0,0,0
WBGene00005865,0,0,0
WBGene00005866,0,0,0
WBGene00005867,0,1,1
WBGene00005868,0,0,0
WBGene00005869,2,0,2
WBGene00005870,0,0,0
WBGene00005871,0,0,0
WBGene00005874,1,0,1
WBGene00005876,3,1,4
WBGene00005877,3,1,4
WBGene00005880,1,1,2
WBGene00005881,0,0,0
WBGene00005882,0,0,0
WBGene00005883,0,0,0
WBGene00005884,2,3,5
WBGene00005885,0,0,0
WBGene00005886,0,1,1
WBGene00005887,2,1,3
WBGene00005888,0,0,0
WBGene00005889,0,0,0
WBGene00005890,1,0,1
WBGene00005891,0,1,1
WBGene00005892,0,2,2
WBGene00005893,11,51,62
WBGene00005894,2,5,7
WBGene00005895,2,3,5
WBGene00005896,0,0,0
WBGene00005897,0,2,2
WBGene00005898,5,15,20
WBGene00005899,0,1,1
WBGene00005900,2,0,2
WBGene00005901,0,2,2
WBGene00005903,7,11,18
WBGene00005904,10,3,13
WBGene00005905,3,6,9
WBGene00005907,1,1,2
WBGene00005908,4,5,9
WBGene00005909,7,13,20
WBGene00005910,16,28,44
WBGene00005911,0,0,0
WBGene00005912,1,2,3
WBGene00005913,0,0,0
WBGene00005914,3,1,4
WBGene00005915,1,3,4
WBGene00005917,1,0,1
WBGene00005919,0,0,0
WBGene00005920,0,0,0
WBGene00005922,0,0,0
WBGene00005923,0,0,0
WBGene00005924,0,0,0
WBGene00005925,2,2,4
WBGene00005926,8,13,21
WBGene00005927,2,2,4
WBGene00005929,3,12,15
WBGene00005930,2,0,2
WBGene00005931,4,64,68
WBGene00005932,6,13,19
WBGene00005933,1,2,3
WBGene00005934,2,5,7
WBGene00005935,5,4,9
WBGene00005936,25,169,194
WBGene00005937,13,29,42
WBGene00005938,20,44,64
WBGene00005939,2,0,2
WBGene00005941,8,5,13
WBGene00005942,0,0,0
WBGene00005944,0,1,1
WBGene00005945,3,2,5
WBGene00005946,1,0,1
WBGene00005947,5,21,26
WBGene00005949,6,24,30
WBGene00005950,3,5,8
WBGene00005951,0,0,0
WBGene00005953,0,1,1
WBGene00005954,1,0,1
WBGene00005955,0,0,0
WBGene00005956,0,0,0
WBGene00005957,0,1,1
WBGene00005958,3,4,7
WBGene00005959,1,17,18
WBGene00005964,1,1,2
WBGene00005965,101,5,106
WBGene00005967,48,93,141
WBGene00005968,0,3,3
WBGene00005969,2,2,4
WBGene00005971,3,14,17
WBGene00005973,1,1,2
WBGene00005975,13,33,46
WBGene00005976,1,10,11
WBGene00005977,2,27,29
WBGene00005978,1,3,4
WBGene00005979,3,2,5
WBGene00005980,2,2,4
WBGene00005981,3,6,9
WBGene00005983,1,0,1
WBGene00005984,1,0,1
WBGene00005986,2,3,5
WBGene00005987,5,10,15
WBGene00005988,2,4,6
WBGene00005989,2,1,3
WBGene00005992,0,1,1
WBGene00005993,0,0,0
WBGene00005995,1,1,2
WBGene00005996,0,1,1
WBGene00005999,3,9,12
WBGene00006001,0,0,0
WBGene00006002,0,3,3
WBGene00006003,1,2,3
WBGene00006004,5,4,9
WBGene00006005,4,17,21
WBGene00006006,1,7,8
WBGene00006007,2,1,3
WBGene00006008,2,8,10
WBGene00006009,2,3,5
WBGene00006010,1,5,6
WBGene00006011,1,1,2
WBGene00006012,1,5,6
WBGene00006013,1,1,2
WBGene00006016,5,98,103
WBGene00006019,2,1,3
WBGene00006020,3,8,11
WBGene00006021,0,0,0
WBGene00006022,0,0,0
WBGene00006024,1,2,3
WBGene00006025,1,0,1
WBGene00006026,2,9,11
WBGene00006027,1,3,4
WBGene00006028,7,13,20
WBGene00006038,0,2,2
WBGene00006039,0,1,1
WBGene00006040,0,0,0
WBGene00006044,0,2,2
WBGene00006047,0,0,0
WBGene00006048,0,0,0
WBGene00006049,0,0,0
WBGene00006050,31,283,314
WBGene00006051,1,14,15
WBGene00006052,0,0,0
WBGene00006053,1,3,4
WBGene00006055,84,326,410
WBGene00006056,5,13,18
WBGene00006058,3,2,5
WBGene00006059,184,1397,1581
WBGene00006060,0,0,0
WBGene00006061,64,1735,1799
WBGene00006062,459,1540,1999
WBGene00006063,7,181,188
WBGene00006064,123,241,364
WBGene00006065,2,11,13
WBGene00006066,86,1397,1483
WBGene00006067,365,1671,2036
WBGene00006068,45,185,230
WBGene00006069,3,4,7
WBGene00006070,0,0,0
WBGene00006071,7,4,11
WBGene00006072,0,5,5
WBGene00006073,0,0,0
WBGene00006074,0,0,0
WBGene00006075,10,70,80
WBGene00006076,0,1,1
WBGene00006077,3,5,8
WBGene00006078,0,0,0
WBGene00006080,4,7,11
WBGene00006081,0,0,0
WBGene00006082,4,0,4
WBGene00006083,2,0,2
WBGene00006084,3,0,3
WBGene00006085,1,1,2
WBGene00006086,0,1,1
WBGene00006087,0,3,3
WBGene00006090,0,0,0
WBGene00006092,0,1,1
WBGene00006093,3,5,8
WBGene00006094,0,0,0
WBGene00006096,0,5,5
WBGene00006097,1,4,5
WBGene00006098,1,1,2
WBGene00006099,0,0,0
WBGene00006101,21,1,22
WBGene00006102,0,4,4
WBGene00006103,1,8,9
WBGene00006104,2,0,2
WBGene00006105,0,0,0
WBGene00006106,0,2,2
WBGene00006108,1,0,1
WBGene00006109,4,5,9
WBGene00006110,0,2,2
WBGene00006111,0,0,0
WBGene00006112,0,1,1
WBGene00006113,4,8,12
WBGene00006117,0,3,3
WBGene00006120,0,0,0
WBGene00006121,1,3,4
WBGene00006122,0,3,3
WBGene00006124,2,4,6
WBGene00006125,0,0,0
WBGene00006126,0,2,2
WBGene00006127,0,4,4
WBGene00006128,1,2,3
WBGene00006129,2,1,3
WBGene00006130,6,7,13
WBGene00006131,1,0,1
WBGene00006133,1,1,2
WBGene00006134,2,0,2
WBGene00006135,2,15,17
WBGene00006136,0,0,0
WBGene00006137,1,1,2
WBGene00006138,0,3,3
WBGene00006139,3,15,18
WBGene00006140,57,7,64
WBGene00006141,0,1,1
WBGene00006142,1,0,1
WBGene00006143,3,3,6
WBGene00006144,1,1,2
WBGene00006145,0,1,1
WBGene00006146,0,0,0
WBGene00006147,0,0,0
WBGene00006148,2,6,8
WBGene00006149,3,5,8
WBGene00006150,0,4,4
WBGene00006151,0,7,7
WBGene00006152,1,3,4
WBGene00006153,1,4,5
WBGene00006154,7,17,24
WBGene00006155,0,4,4
WBGene00006156,0,1,1
WBGene00006157,1,2,3
WBGene00006158,0,0,0
WBGene00006159,1,2,3
WBGene00006160,0,0,0
WBGene00006161,0,4,4
WBGene00006162,1,2,3
WBGene00006163,21,18,39
WBGene00006164,2,1,3
WBGene00006165,3,0,3
WBGene00006166,0,3,3
WBGene00006167,2,4,6
WBGene00006169,17,16,33
WBGene00006170,0,0,0
WBGene00006171,0,0,0
WBGene00006172,11,11,22
WBGene00006173,3,0,3
WBGene00006174,4,2,6
WBGene00006175,1,0,1
WBGene00006176,0,2,2
WBGene00006178,0,4,4
WBGene00006179,0,11,11
WBGene00006180,1,6,7
WBGene00006182,6,6,12
WBGene00006183,1,0,1
WBGene00006184,1,0,1
WBGene00006186,0,0,0
WBGene00006187,5,5,10
WBGene00006188,6,4,10
WBGene00006189,5,4,9
WBGene00006190,1,1,2
WBGene00006191,2,6,8
WBGene00006192,0,1,1
WBGene00006193,1,1,2
WBGene00006195,5,10,15
WBGene00006196,0,0,0
WBGene00006197,4,0,4
WBGene00006198,8,30,38
WBGene00006199,6,3,9
WBGene00006200,0,0,0
WBGene00006201,4,5,9
WBGene00006202,3,4,7
WBGene00006203,1,0,1
WBGene00006204,1,2,3
WBGene00006205,5,2,7
WBGene00006206,1,0,1
WBGene00006207,12,20,32
WBGene00006208,5,12,17
WBGene00006209,2,5,7
WBGene00006210,19,7,26
WBGene00006211,18,47,65
WBGene00006212,4,11,15
WBGene00006213,8,10,18
WBGene00006214,7,4,11
WBGene00006215,2,0,2
WBGene00006216,1,0,1
WBGene00006217,7,7,14
WBGene00006218,10,7,17
WBGene00006219,6,3,9
WBGene00006220,46,213,259
WBGene00006221,1,2,3
WBGene00006222,1,7,8
WBGene00006224,1,1,2
WBGene00006225,1,0,1
WBGene00006226,1,17,18
WBGene00006228,1,1,2
WBGene00006229,3,2,5
WBGene00006230,2,0,2
WBGene00006231,0,1,1
WBGene00006232,1,0,1
WBGene00006233,4,5,9
WBGene00006234,0,0,0
WBGene00006235,0,0,0
WBGene00006236,0,0,0
WBGene00006237,2,9,11
WBGene00006238,0,1,1
WBGene00006239,4,2,6
WBGene00006240,0,0,0
WBGene00006241,0,14,14
WBGene00006242,6,0,6
WBGene00006244,0,5,5
WBGene00006247,1,1,2
WBGene00006249,0,0,0
WBGene00006251,3,4,7
WBGene00006252,0,0,0
WBGene00006253,4,3,7
WBGene00006255,10,16,26
WBGene00006256,4,4,8
WBGene00006257,0,0,0
WBGene00006258,1,0,1
WBGene00006259,0,1,1
WBGene00006260,1,3,4
WBGene00006261,1,0,1
WBGene00006262,0,0,0
WBGene00006263,1,3,4
WBGene00006264,2,1,3
WBGene00006265,3,2,5
WBGene00006266,63,0,63
WBGene00006268,1,10,11
WBGene00006270,0,1,1
WBGene00006271,0,0,0
WBGene00006272,2,18,20
WBGene00006273,1,2,3
WBGene00006274,0,0,0
WBGene00006275,2,0,2
WBGene00006276,0,3,3
WBGene00006277,0,0,0
WBGene00006278,6,9,15
WBGene00006279,3,7,10
WBGene00006280,2,2,4
WBGene00006281,2,1,3
WBGene00006282,0,0,0
WBGene00006283,0,0,0
WBGene00006284,0,0,0
WBGene00006286,3,2,5
WBGene00006287,3,12,15
WBGene00006288,8,15,23
WBGene00006289,0,0,0
WBGene00006306,256,1066,1322
WBGene00006307,92,1446,1538
WBGene00006308,27,140,167
WBGene00006309,48,1185,1233
WBGene00006310,61,106,167
WBGene00006311,4,110,114
WBGene00006318,127,697,824
WBGene00006319,37,483,520
WBGene00006321,243,3558,3801
WBGene00006324,43,870,913
WBGene00006331,230,5868,6098
WBGene00006342,573,2243,2816
WBGene00006349,161,664,825
WBGene00006351,32,946,978
WBGene00006352,94,1751,1845
WBGene00006353,30,312,342
WBGene00006359,100,1314,1414
WBGene00006363,90,255,345
WBGene00006364,242,975,1217
WBGene00006365,75,645,720
WBGene00006366,231,4993,5224
WBGene00006367,123,1889,2012
WBGene00006368,72,327,399
WBGene00006369,34,600,634
WBGene00006371,51,376,427
WBGene00006372,36,435,471
WBGene00006373,96,1303,1399
WBGene00006374,23,108,131
WBGene00006375,6,166,172
WBGene00006376,11,181,192
WBGene00006377,20,643,663
WBGene00006379,62,569,631
WBGene00006380,9,202,211
WBGene00006381,67,1951,2018
WBGene00006382,579,1629,2208
WBGene00006383,53,252,305
WBGene00006384,113,527,640
WBGene00006385,497,939,1436
WBGene00006386,109,497,606
WBGene00006387,34,213,247
WBGene00006388,15,45,60
WBGene00006389,16,256,272
WBGene00006390,50,291,341
WBGene00006391,36,285,321
WBGene00006392,135,1092,1227
WBGene00006393,20,326,346
WBGene00006394,20,173,193
WBGene00006395,16,141,157
WBGene00006396,283,875,1158
WBGene00006397,37,497,534
WBGene00006399,5,2,7
WBGene00006402,73,460,533
WBGene00006404,85,337,422
WBGene00006405,218,1362,1580
WBGene00006406,186,1725,1911
WBGene00006407,818,3766,4584
WBGene00006408,1929,11710,13639
WBGene00006409,2,3,5
WBGene00006410,67,1132,1199
WBGene00006411,17,73,90
WBGene00006412,263,1302,1565
WBGene00006414,4,798,802
WBGene00006415,115,905,1020
WBGene00006416,0,9,9
WBGene00006418,1,66,67
WBGene00006419,3,1,4
WBGene00006423,767,5424,6191
WBGene00006424,194,569,763
WBGene00006428,59,71,130
WBGene00006429,1,14,15
WBGene00006430,38,256,294
WBGene00006431,17,245,262
WBGene00006432,99,730,829
WBGene00006433,669,8065,8734
WBGene00006434,358,16920,17278
WBGene00006435,3,15,18
WBGene00006436,3471,71789,75260
WBGene00006437,168,2772,2940
WBGene00006438,179,1175,1354
WBGene00006439,332,236413,236745
WBGene00006440,63,254,317
WBGene00006441,31,157,188
WBGene00006442,227,1049,1276
WBGene00006443,19,372,391
WBGene00006444,40,771,811
WBGene00006445,52,425,477
WBGene00006446,20,244,264
WBGene00006447,16,895,911
WBGene00006448,35,370,405
WBGene00006449,1,2,3
WBGene00006450,319,869,1188
WBGene00006452,2356,12509,14865
WBGene00006454,2,12,14
WBGene00006459,38,403,441
WBGene00006460,136,3285,3421
WBGene00006461,42,123,165
WBGene00006462,182,890,1072
WBGene00006463,52,302,354
WBGene00006464,0,11,11
WBGene00006465,37,1294,1331
WBGene00006466,57,277,334
WBGene00006467,35,630,665
WBGene00006468,58,344,402
WBGene00006470,16,694,710
WBGene00006471,0,0,0
WBGene00006472,34,1278,1312
WBGene00006473,20,513,533
WBGene00006474,32,999,1031
WBGene00006475,30,201,231
WBGene00006476,221,527,748
WBGene00006477,53,127,180
WBGene00006478,123,1047,1170
WBGene00006479,128,1245,1373
WBGene00006481,341,1397,1738
WBGene00006483,240,1499,1739
WBGene00006484,1,0,1
WBGene00006486,27,137,164
WBGene00006487,9,19,28
WBGene00006488,0,1,1
WBGene00006489,49,1292,1341
WBGene00006490,158,550,708
WBGene00006491,11,454,465
WBGene00006492,83,297,380
WBGene00006493,104,768,872
WBGene00006494,14,1754,1768
WBGene00006495,476,3013,3489
WBGene00006496,267,614,881
WBGene00006497,221,2850,3071
WBGene00006498,217,1245,1462
WBGene00006499,92,739,831
WBGene00006503,51,802,853
WBGene00006504,53,443,496
WBGene00006505,77,164,241
WBGene00006508,928,2809,3737
WBGene00006509,0,4,4
WBGene00006510,387,1918,2305
WBGene00006512,186,3885,4071
WBGene00006513,242,985,1227
WBGene00006514,24,865,889
WBGene00006515,82,2711,2793
WBGene00006516,26,476,502
WBGene00006517,161,1575,1736
WBGene00006518,29,2766,2795
WBGene00006519,4202,22855,27057
WBGene00006520,0,262,262
WBGene00006522,33,89,122
WBGene00006523,76,1035,1111
WBGene00006524,59,628,687
WBGene00006525,18,124,142
WBGene00006526,7,39,46
WBGene00006527,575,5555,6130
WBGene00006528,125,17886,18011
WBGene00006529,2424,18202,20626
WBGene00006530,29,198,227
WBGene00006531,23,106,129
WBGene00006532,9,24,33
WBGene00006533,29,54,83
WBGene00006534,991,3647,4638
WBGene00006535,222,1027,1249
WBGene00006536,13,11090,11103
WBGene00006537,656,28059,28715
WBGene00006538,17,276,293
WBGene00006539,2,6,8
WBGene00006540,21,579,600
WBGene00006541,45,278,323
WBGene00006542,22,485,507
WBGene00006543,74,1013,1087
WBGene00006544,5,3,8
WBGene00006545,4,7,11
WBGene00006546,0,0,0
WBGene00006547,0,3,3
WBGene00006549,0,0,0
WBGene00006550,0,0,0
WBGene00006551,0,83174,83174
WBGene00006552,7,7,14
WBGene00006553,0,0,0
WBGene00006554,1,2,3
WBGene00006555,5,52,57
WBGene00006556,1,1,2
WBGene00006557,8,4,12
WBGene00006558,0,0,0
WBGene00006559,0,3,3
WBGene00006560,1,1,2
WBGene00006561,95,821,916
WBGene00006562,81,409,490
WBGene00006563,132,610,742
WBGene00006565,34,2964,2998
WBGene00006566,66,760,826
WBGene00006567,27,579,606
WBGene00006568,13,380,393
WBGene00006570,46,750,796
WBGene00006571,108,670,778
WBGene00006572,982,4953,5935
WBGene00006573,220,2018,2238
WBGene00006574,254,7525,7779
WBGene00006575,347,838,1185
WBGene00006576,31,135,166
WBGene00006577,142,1109,1251
WBGene00006578,119,702,821
WBGene00006579,236,1954,2190
WBGene00006580,97,709,806
WBGene00006582,152,1152,1304
WBGene00006583,190,3739,3929
WBGene00006584,2796,23052,25848
WBGene00006585,367,6774,7141
WBGene00006586,141,2464,2605
WBGene00006587,1280,16747,18027
WBGene00006588,934,7824,8758
WBGene00006589,204,1566,1770
WBGene00006590,26,795,821
WBGene00006591,96,165,261
WBGene00006592,52,547,599
WBGene00006593,518,1258,1776
WBGene00006594,458,1475,1933
WBGene00006595,163,5365,5528
WBGene00006596,73,173,246
WBGene00006597,109,172,281
WBGene00006598,0,39,39
WBGene00006599,470,1082,1552
WBGene00006600,2,63,65
WBGene00006601,96,13352,13448
WBGene00006602,246,1632,1878
WBGene00006603,1257,3978,5235
WBGene00006604,329,1024,1353
WBGene00006605,115,583,698
WBGene00006606,37,325,362
WBGene00006607,141,1332,1473
WBGene00006608,58,520,578
WBGene00006609,42,251,293
WBGene00006610,23,35,58
WBGene00006611,1,76,77
WBGene00006612,0,2,2
WBGene00006613,393,2384,2777
WBGene00006614,106,290,396
WBGene00006615,289,362,651
WBGene00006616,32,20,52
WBGene00006617,187,4515,4702
WBGene00006618,89,293,382
WBGene00006619,0,5,5
WBGene00006620,52,122,174
WBGene00006621,18,16,34
WBGene00006622,7,4,11
WBGene00006623,68,96,164
WBGene00006624,199,397,596
WBGene00006625,2,8,10
WBGene00006626,31,6479,6510
WBGene00006627,7,41,48
WBGene00006628,4,20,24
WBGene00006629,5,92,97
WBGene00006630,0,5,5
WBGene00006631,1,0,1
WBGene00006632,59,60,119
WBGene00006633,163,726,889
WBGene00006634,1348,8076,9424
WBGene00006635,13,261,274
WBGene00006636,8,10,18
WBGene00006637,28,311,339
WBGene00006638,23,504,527
WBGene00006639,16,26,42
WBGene00006640,78,647,725
WBGene00006641,14,317,331
WBGene00006642,31,154,185
WBGene00006643,46,652,698
WBGene00006644,2,9,11
WBGene00006645,26,32,58
WBGene00006646,12,117,129
WBGene00006647,92,566,658
WBGene00006648,310,721,1031
WBGene00006649,181,1724,1905
WBGene00006652,84,256,340
WBGene00006654,10,64,74
WBGene00006655,14,112,126
WBGene00006656,15,75,90
WBGene00006657,147,250,397
WBGene00006658,22,84,106
WBGene00006659,11,4,15
WBGene00006660,8,128,136
WBGene00006661,5,0,5
WBGene00006662,84,424,508
WBGene00006663,647,3791,4438
WBGene00006664,23,81,104
WBGene00006665,19,24,43
WBGene00006666,11,96,107
WBGene00006667,141,574,715
WBGene00006668,384,495,879
WBGene00006669,25,61,86
WBGene00006670,7,18,25
WBGene00006671,70,434,504
WBGene00006672,295,6559,6854
WBGene00006673,12,80,92
WBGene00006674,7,27,34
WBGene00006675,7,61,68
WBGene00006676,14,55,69
WBGene00006677,31,492,523
WBGene00006678,18,156,174
WBGene00006679,12,25,37
WBGene00006680,56,203,259
WBGene00006681,72,310,382
WBGene00006682,61,125,186
WBGene00006683,502,1406,1908
WBGene00006684,169,139,308
WBGene00006685,27,160,187
WBGene00006686,12,62,74
WBGene00006687,7,35,42
WBGene00006688,5,7,12
WBGene00006689,0,0,0
WBGene00006690,17,42,59
WBGene00006691,69,100,169
WBGene00006692,123,803,926
WBGene00006693,587,1579,2166
WBGene00006694,4,27,31
WBGene00006695,173,87,260
WBGene00006696,36,189,225
WBGene00006697,357,2445,2802
WBGene00006698,131,3460,3591
WBGene00006699,74,4023,4097
WBGene00006700,272,801,1073
WBGene00006701,296,1095,1391
WBGene00006702,141,2592,2733
WBGene00006703,46,1244,1290
WBGene00006704,139,3504,3643
WBGene00006705,131,483,614
WBGene00006706,62,2090,2152
WBGene00006707,1,1641,1642
WBGene00006708,135,3460,3595
WBGene00006709,316,1597,1913
WBGene00006710,186,95,281
WBGene00006711,41,495,536
WBGene00006712,65,294,359
WBGene00006713,89,1953,2042
WBGene00006714,122,455,577
WBGene00006715,42,2733,2775
WBGene00006716,6,3,9
WBGene00006717,17,187,204
WBGene00006718,12,21,33
WBGene00006719,0,0,0
WBGene00006720,46,1897,1943
WBGene00006721,62,389,451
WBGene00006722,182,182,364
WBGene00006723,96,706,802
WBGene00006724,217,3317,3534
WBGene00006725,18088,136555,154643
WBGene00006726,229,2399,2628
WBGene00006727,189,8248,8437
WBGene00006728,17297,127341,144638
WBGene00006729,53,548,601
WBGene00006730,15,4034,4049
WBGene00006731,4,55,59
WBGene00006732,120,428,548
WBGene00006733,220,1037,1257
WBGene00006734,47,1002,1049
WBGene00006735,21,464,485
WBGene00006736,101,742,843
WBGene00006737,19,479,498
WBGene00006738,28,446,474
WBGene00006739,155,2979,3134
WBGene00006740,15,117,132
WBGene00006741,210,3116,3326
WBGene00006742,454,1099,1553
WBGene00006743,31,113,144
WBGene00006744,19,105,124
WBGene00006745,277,544,821
WBGene00006746,20,357,377
WBGene00006747,665,715,1380
WBGene00006748,13,66,79
WBGene00006749,129,1190,1319
WBGene00006750,121,661,782
WBGene00006751,272,1069,1341
WBGene00006752,759,2733,3492
WBGene00006753,340,4470,4810
WBGene00006754,3686,69337,73023
WBGene00006755,374,2347,2721
WBGene00006756,0,6,6
WBGene00006757,29,1266,1295
WBGene00006759,2163,21511,23674
WBGene00006760,235,2907,3142
WBGene00006761,32,454,486
WBGene00006762,546,2412,2958
WBGene00006763,135,848,983
WBGene00006764,5277,45204,50481
WBGene00006765,249,381,630
WBGene00006766,39,207,246
WBGene00006767,298,299,597
WBGene00006768,264,3165,3429
WBGene00006769,313,776,1089
WBGene00006770,348,1199,1547
WBGene00006771,880,6761,7641
WBGene00006772,228,1551,1779
WBGene00006773,93,1162,1255
WBGene00006774,60,295,355
WBGene00006775,5,69,74
WBGene00006776,256,1839,2095
WBGene00006777,235,1099,1334
WBGene00006778,50,461,511
WBGene00006779,1603,7190,8793
WBGene00006780,3263,22155,25418
WBGene00006781,180,1296,1476
WBGene00006782,10,181,191
WBGene00006783,35,223,258
WBGene00006784,543,2636,3179
WBGene00006785,27,468,495
WBGene00006786,157,1911,2068
WBGene00006787,628,5408,6036
WBGene00006788,258,1072,1330
WBGene00006789,1435,71344,72779
WBGene00006790,17,32,49
WBGene00006791,200,1387,1587
WBGene00006792,199,442,641
WBGene00006793,43,984,1027
WBGene00006794,1000,19122,20122
WBGene00006795,43,720,763
WBGene00006796,484,4249,4733
WBGene00006797,566,226,792
WBGene00006798,1763,1747,3510
WBGene00006801,2024,16512,18536
WBGene00006802,197,2357,2554
WBGene00006803,484,5826,6310
WBGene00006804,44,310,354
WBGene00006805,2105,4976,7081
WBGene00006807,151,245,396
WBGene00006808,216,1755,1971
WBGene00006809,297,598,895
WBGene00006810,213,1777,1990
WBGene00006811,212,572,784
WBGene00006812,387,2211,2598
WBGene00006814,1231,3253,4484
WBGene00006815,526,5980,6506
WBGene00006816,31,800,831
WBGene00006817,188,1821,2009
WBGene00006818,66,767,833
WBGene00006819,1816,36886,38702
WBGene00006820,3864,24057,27921
WBGene00006822,120,601,721
WBGene00006823,755,4446,5201
WBGene00006824,140,5591,5731
WBGene00006825,350,3028,3378
WBGene00006826,441,7259,7700
WBGene00006827,1745,2908,4653
WBGene00006829,55,687,742
WBGene00006830,1343,1377,2720
WBGene00006831,481,2272,2753
WBGene00006832,98,625,723
WBGene00006833,79,7554,7633
WBGene00006836,103,5249,5352
WBGene00006839,363,3782,4145
WBGene00006840,186,3514,3700
WBGene00006843,102,812,914
WBGene00006844,143,1901,2044
WBGene00006845,341,1457,1798
WBGene00006852,74,1652,1726
WBGene00006853,9,353,362
WBGene00006856,30,1358,1388
WBGene00006861,612,3536,4148
WBGene00006862,20,162,182
WBGene00006863,156,11547,11703
WBGene00006864,47,353,400
WBGene00006865,8,105,113
WBGene00006868,306,1225,1531
WBGene00006869,47,263,310
WBGene00006870,170,681,851
WBGene00006873,21,124,145
WBGene00006874,304,3027,3331
WBGene00006875,20,877,897
WBGene00006876,606,4671,5277
WBGene00006881,17,167,184
WBGene00006882,63,513,576
WBGene00006886,1175,7009,8184
WBGene00006887,152,488,640
WBGene00006888,257,2383,2640
WBGene00006889,43,5329,5372
WBGene00006890,370,2898,3268
WBGene00006893,156,1191,1347
WBGene00006894,14,6,20
WBGene00006896,30,267,297
WBGene00006897,4,16,20
WBGene00006902,0,3,3
WBGene00006910,0,6074,6074
WBGene00006911,88,9501,9589
WBGene00006912,0,3996,3996
WBGene00006913,45,3348,3393
WBGene00006914,20,1869,1889
WBGene00006915,7,329,336
WBGene00006916,116,637,753
WBGene00006917,88,6461,6549
WBGene00006918,364,4081,4445
WBGene00006919,146,6804,6950
WBGene00006920,379,3469,3848
WBGene00006921,19,3159,3178
WBGene00006922,13,292,305
WBGene00006923,1368,2218,3586
WBGene00006924,261,24700,24961
WBGene00006925,0,4,4
WBGene00006926,0,0,0
WBGene00006927,0,4,4
WBGene00006928,0,14,14
WBGene00006929,0,1,1
WBGene00006930,0,15,15
WBGene00006931,76,971,1047
WBGene00006932,222,1450,1672
WBGene00006933,53,990,1043
WBGene00006934,141,757,898
WBGene00006935,48,1527,1575
WBGene00006936,284,3618,3902
WBGene00006937,301,4205,4506
WBGene00006938,0,8,8
WBGene00006940,7,243,250
WBGene00006941,257,1998,2255
WBGene00006942,100,2198,2298
WBGene00006943,47,402,449
WBGene00006944,18,330,348
WBGene00006945,97,1870,1967
WBGene00006946,111,462,573
WBGene00006947,3,37,40
WBGene00006948,4,87,91
WBGene00006949,50,291,341
WBGene00006950,6,25,31
WBGene00006951,108,708,816
WBGene00006952,0,170,170
WBGene00006953,3,1,4
WBGene00006954,1,2,3
WBGene00006955,53,45,98
WBGene00006956,159,2939,3098
WBGene00006957,153,838,991
WBGene00006958,54,284,338
WBGene00006959,912,29371,30283
WBGene00006960,9,25,34
WBGene00006961,480,4018,4498
WBGene00006962,4,13,17
WBGene00006963,43,671,714
WBGene00006964,236,1914,2150
WBGene00006965,0,69,69
WBGene00006966,4,39,43
WBGene00006968,85,909,994
WBGene00006970,21,659,680
WBGene00006971,60,512,572
WBGene00006974,16,666,682
WBGene00006975,535,3826,4361
WBGene00006976,490,221,711
WBGene00006977,6,123,129
WBGene00006978,150,3644,3794
WBGene00006979,0,53,53
WBGene00006980,1,97,98
WBGene00006981,4,297,301
WBGene00006982,58,631,689
WBGene00006983,75,402,477
WBGene00006984,933,2892,3825
WBGene00006985,194,510,704
WBGene00006986,205,623,828
WBGene00006987,73,156,229
WBGene00006988,61,335,396
WBGene00006993,206,488,694
WBGene00006994,102,1719,1821
WBGene00006996,25,647,672
WBGene00006997,8,355,363
WBGene00006999,1687,13000,14687
WBGene00007000,319,11354,11673
WBGene00007001,28,2254,2282
WBGene00007006,68,345,413
WBGene00007007,116,1072,1188
WBGene00007008,91,1711,1802
WBGene00007009,123,1649,1772
WBGene00007010,140,1589,1729
WBGene00007011,16,191,207
WBGene00007012,84,410,494
WBGene00007013,170,426,596
WBGene00007014,51,205,256
WBGene00007015,9,383,392
WBGene00007016,497,3716,4213
WBGene00007017,565,378,943
WBGene00007018,102,733,835
WBGene00007019,264,1553,1817
WBGene00007020,128,399,527
WBGene00007021,44,968,1012
WBGene00007022,251,1454,1705
WBGene00007023,54,817,871
WBGene00007024,219,6035,6254
WBGene00007025,165,1198,1363
WBGene00007026,54,381,435
WBGene00007027,904,2186,3090
WBGene00007028,73,1807,1880
WBGene00007029,140,788,928
WBGene00007030,803,5908,6711
WBGene00007036,0,4,4
WBGene00007041,69,277,346
WBGene00007042,139,3696,3835
WBGene00007043,3,315,318
WBGene00007044,175,1862,2037
WBGene00007045,2,291,293
WBGene00007047,52,400,452
WBGene00007048,82,2271,2353
WBGene00007049,6,19,25
WBGene00007050,631,3861,4492
WBGene00007053,128,3315,3443
WBGene00007054,516,2086,2602
WBGene00007055,89,1824,1913
WBGene00007056,88,361,449
WBGene00007057,0,13,13
WBGene00007058,178,2405,2583
WBGene00007059,29,310,339
WBGene00007060,0,4,4
WBGene00007062,0,0,0
WBGene00007063,61,167,228
WBGene00007064,221,207,428
WBGene00007065,22,196,218
WBGene00007067,62,310,372
WBGene00007068,74,544,618
WBGene00007069,2,4,6
WBGene00007070,22,449,471
WBGene00007071,163,1165,1328
WBGene00007072,1,14,15
WBGene00007073,18,203,221
WBGene00007075,0,0,0
WBGene00007076,0,0,0
WBGene00007079,0,0,0
WBGene00007080,1,3,4
WBGene00007081,0,0,0
WBGene00007082,0,8,8
WBGene00007083,0,4,4
WBGene00007084,21,150,171
WBGene00007085,0,97,97
WBGene00007087,42,580,622
WBGene00007088,76,1117,1193
WBGene00007089,57,677,734
WBGene00007090,18,345,363
WBGene00007091,391,2804,3195
WBGene00007092,23,152,175
WBGene00007093,19,338,357
WBGene00007094,111,283,394
WBGene00007096,31,310,341
WBGene00007097,6,9,15
WBGene00007099,328,2815,3143
WBGene00007100,10,416,426
WBGene00007101,40,1708,1748
WBGene00007102,23,129,152
WBGene00007103,118,680,798
WBGene00007104,82,480,562
WBGene00007105,87,1847,1934
WBGene00007106,59,1049,1108
WBGene00007107,656,5366,6022
WBGene00007108,134,1351,1485
WBGene00007109,5,99,104
WBGene00007110,103,1218,1321
WBGene00007111,74,1220,1294
WBGene00007112,43,190,233
WBGene00007113,111,1589,1700
WBGene00007114,21,92,113
WBGene00007115,23,192,215
WBGene00007116,21,98,119
WBGene00007117,6,26,32
WBGene00007118,66,556,622
WBGene00007119,104,441,545
WBGene00007122,145,6654,6799
WBGene00007123,0,1,1
WBGene00007124,20,121,141
WBGene00007125,0,6,6
WBGene00007126,151,877,1028
WBGene00007127,0,2,2
WBGene00007128,28,264,292
WBGene00007129,34,3367,3401
WBGene00007130,73,182,255
WBGene00007131,8,32,40
WBGene00007132,2,21,23
WBGene00007133,33,213,246
WBGene00007134,9,1,10
WBGene00007135,215,638,853
WBGene00007136,119,826,945
WBGene00007137,105,1042,1147
WBGene00007138,25,135,160
WBGene00007139,203,1962,2165
WBGene00007140,5,14,19
WBGene00007141,2,3,5
WBGene00007142,391,3189,3580
WBGene00007143,38,788,826
WBGene00007144,17,662,679
WBGene00007145,86,487,573
WBGene00007146,6,72,78
WBGene00007148,4,10,14
WBGene00007149,0,11,11
WBGene00007150,23,884,907
WBGene00007152,4,3,7
WBGene00007153,0,31,31
WBGene00007154,30,150,180
WBGene00007155,438,6431,6869
WBGene00007156,4,5,9
WBGene00007158,4,1,5
WBGene00007159,2,14,16
WBGene00007161,0,1,1
WBGene00007162,123,122,245
WBGene00007163,0,2,2
WBGene00007164,0,5,5
WBGene00007166,3,252,255
WBGene00007167,123,617,740
WBGene00007168,14,491,505
WBGene00007169,19,23,42
WBGene00007170,22,154,176
WBGene00007171,5,86,91
WBGene00007172,8,56,64
WBGene00007173,0,0,0
WBGene00007174,20,189,209
WBGene00007175,63,563,626
WBGene00007176,868,597,1465
WBGene00007177,5,11,16
WBGene00007178,10,346,356
WBGene00007179,9,9,18
WBGene00007180,69,536,605
WBGene00007182,0,2,2
WBGene00007183,0,33,33
WBGene00007184,212,2950,3162
WBGene00007185,98,583,681
WBGene00007186,31,776,807
WBGene00007187,40,194,234
WBGene00007188,95,483,578
WBGene00007189,39,271,310
WBGene00007190,1,9,10
WBGene00007191,20,74,94
WBGene00007192,621,6353,6974
WBGene00007193,107,594,701
WBGene00007194,12,808,820
WBGene00007195,115,847,962
WBGene00007196,126,332,458
WBGene00007197,757,4794,5551
WBGene00007200,190,956,1146
WBGene00007201,180,2845,3025
WBGene00007202,32,198,230
WBGene00007203,7,199,206
WBGene00007204,1,3,4
WBGene00007206,0,0,0
WBGene00007207,116,1044,1160
WBGene00007208,0,0,0
WBGene00007209,0,0,0
WBGene00007210,14,41,55
WBGene00007211,1,0,1
WBGene00007212,16,28,44
WBGene00007213,25,186,211
WBGene00007214,235,747,982
WBGene00007215,89,1564,1653
WBGene00007216,274,709,983
WBGene00007217,115,2125,2240
WBGene00007218,100,6,106
WBGene00007219,57,1760,1817
WBGene00007220,8,17,25
WBGene00007221,49,323,372
WBGene00007222,28,41,69
WBGene00007223,324,4012,4336
WBGene00007224,14,38,52
WBGene00007225,0,23,23
WBGene00007226,89,623,712
WBGene00007227,229,4919,5148
WBGene00007228,19,113,132
WBGene00007229,13,29,42
WBGene00007230,2,13,15
WBGene00007231,46,62,108
WBGene00007232,20,81,101
WBGene00007233,84,1521,1605
WBGene00007234,1,376,377
WBGene00007235,468,6979,7447
WBGene00007236,5,253,258
WBGene00007237,53,263,316
WBGene00007239,0,1,1
WBGene00007240,180,2025,2205
WBGene00007241,56,158,214
WBGene00007242,13,278,291
WBGene00007243,0,8,8
WBGene00007244,0,2,2
WBGene00007245,0,0,0
WBGene00007246,0,23,23
WBGene00007247,37,110,147
WBGene00007248,1,3,4
WBGene00007249,2,2,4
WBGene00007250,0,0,0
WBGene00007251,0,2,2
WBGene00007252,30,173,203
WBGene00007253,24,149,173
WBGene00007254,14,32,46
WBGene00007255,14,66,80
WBGene00007256,177,2989,3166
WBGene00007257,441,1408,1849
WBGene00007258,44,411,455
WBGene00007259,15,0,15
WBGene00007260,275,547,822
WBGene00007261,99,2101,2200
WBGene00007262,12,23,35
WBGene00007264,3,17,20
WBGene00007265,0,8,8
WBGene00007266,32,401,433
WBGene00007267,25,243,268
WBGene00007268,7,45,52
WBGene00007269,8,5,13
WBGene00007270,33,686,719
WBGene00007271,6,0,6
WBGene00007273,22,16,38
WBGene00007274,3,17,20
WBGene00007275,53,113,166
WBGene00007277,16,62,78
WBGene00007278,7,31,38
WBGene00007279,0,0,0
WBGene00007281,2,37,39
WBGene00007282,1,8,9
WBGene00007283,1,0,1
WBGene00007284,141,383,524
WBGene00007285,6,111,117
WBGene00007286,21,123,144
WBGene00007287,23,420,443
WBGene00007288,12,50,62
WBGene00007289,0,0,0
WBGene00007290,1,1,2
WBGene00007291,1,0,1
WBGene00007292,1,4,5
WBGene00007293,0,0,0
WBGene00007294,1,0,1
WBGene00007295,9,128,137
WBGene00007296,54,1135,1189
WBGene00007297,34,189,223
WBGene00007299,11,237,248
WBGene00007301,2001433,31,2001464
WBGene00007302,34,802,836
WBGene00007303,11,51,62
WBGene00007304,63,278,341
WBGene00007305,3,1,4
WBGene00007306,0,1,1
WBGene00007307,2,0,2
WBGene00007308,0,1,1
WBGene00007309,3,4,7
WBGene00007310,5,5,10
WBGene00007311,5,0,5
WBGene00007312,11,685,696
WBGene00007313,2,7,9
WBGene00007314,13,30,43
WBGene00007315,3,0,3
WBGene00007316,233,1119,1352
WBGene00007317,42,1864,1906
WBGene00007319,1,0,1
WBGene00007320,0,0,0
WBGene00007321,47,366,413
WBGene00007322,4,16,20
WBGene00007323,4,12,16
WBGene00007324,351,1991,2342
WBGene00007325,0,13,13
WBGene00007326,10,23,33
WBGene00007327,23,61,84
WBGene00007328,3,4,7
WBGene00007329,86,581,667
WBGene00007330,424,15013,15437
WBGene00007331,483,1805,2288
WBGene00007332,2,222,224
WBGene00007333,135,895,1030
WBGene00007334,40,286,326
WBGene00007335,1,1,2
WBGene00007336,7,108,115
WBGene00007337,1,10,11
WBGene00007338,1,60,61
WBGene00007339,7,45,52
WBGene00007340,10,38,48
WBGene00007341,0,12,12
WBGene00007342,0,1,1
WBGene00007343,20,127,147
WBGene00007344,6,19,25
WBGene00007345,47,178,225
WBGene00007346,1,56,57
WBGene00007347,17,53,70
WBGene00007348,42,179,221
WBGene00007349,54,343,397
WBGene00007350,765,10764,11529
WBGene00007351,18,35,53
WBGene00007352,324,3585,3909
WBGene00007353,597,2592,3189
WBGene00007354,8,25,33
WBGene00007355,0,5443,5443
WBGene00007356,0,2,2
WBGene00007357,133,562,695
WBGene00007358,2,10,12
WBGene00007359,3,3,6
WBGene00007360,9,5,14
WBGene00007361,13,5,18
WBGene00007362,28,130,158
WBGene00007363,39,1026,1065
WBGene00007364,4,12,16
WBGene00007365,555,7633,8188
WBGene00007366,147,271,418
WBGene00007367,39,219,258
WBGene00007368,3,12,15
WBGene00007369,0,13,13
WBGene00007370,0,2,2
WBGene00007372,4,47,51
WBGene00007373,1,0,1
WBGene00007374,2,12,14
WBGene00007375,45,129,174
WBGene00007377,0,25,25
WBGene00007378,6,9,15
WBGene00007379,1,2,3
WBGene00007380,0,1,1
WBGene00007381,0,1,1
WBGene00007382,1,21,22
WBGene00007383,0,0,0
WBGene00007384,6,237,243
WBGene00007385,4233,36960,41193
WBGene00007386,106,1096,1202
WBGene00007387,300,307,607
WBGene00007388,71,388,459
WBGene00007389,31,272,303
WBGene00007390,9,1806,1815
WBGene00007391,1,5,6
WBGene00007392,1,10,11
WBGene00007393,7,10,17
WBGene00007394,9,20,29
WBGene00007395,45,328,373
WBGene00007396,46,350,396
WBGene00007397,6,98,104
WBGene00007398,0,5,5
WBGene00007399,8,5,13
WBGene00007400,50,1528,1578
WBGene00007401,0,0,0
WBGene00007402,76,511,587
WBGene00007403,38,398,436
WBGene00007404,12,18,30
WBGene00007405,127,2270,2397
WBGene00007406,3,2,5
WBGene00007407,1,84,85
WBGene00007408,9,79,88
WBGene00007409,41,142,183
WBGene00007410,9,15,24
WBGene00007411,22,219,241
WBGene00007412,41,628,669
WBGene00007413,309,2071,2380
WBGene00007414,34,228,262
WBGene00007415,6,15,21
WBGene00007416,13,57,70
WBGene00007417,28,395,423
WBGene00007418,7,78,85
WBGene00007419,201,1246,1447
WBGene00007420,0,39,39
WBGene00007421,47,451,498
WBGene00007422,10,106,116
WBGene00007423,1,7,8
WBGene00007424,1,46,47
WBGene00007425,10,91,101
WBGene00007426,5,5,10
WBGene00007427,3,0,3
WBGene00007428,137,1120,1257
WBGene00007429,62,1762,1824
WBGene00007430,9,230,239
WBGene00007431,3,12,15
WBGene00007432,0,1,1
WBGene00007433,217,2177,2394
WBGene00007434,6,347,353
WBGene00007435,5,246,251
WBGene00007436,2,401,403
WBGene00007437,1,6,7
WBGene00007438,1,0,1
WBGene00007439,13,24,37
WBGene00007440,9,65,74
WBGene00007441,0,3,3
WBGene00007442,6,1,7
WBGene00007443,0,4972,4972
WBGene00007444,1065,790,1855
WBGene00007445,25,195,220
WBGene00007446,1,5,6
WBGene00007447,1,0,1
WBGene00007448,3,10,13
WBGene00007449,567,6502,7069
WBGene00007450,569,2884,3453
WBGene00007452,2,12,14
WBGene00007453,2,11,13
WBGene00007454,1,7,8
WBGene00007455,16,152,168
WBGene00007456,1,0,1
WBGene00007457,0,1,1
WBGene00007458,0,0,0
WBGene00007459,0,0,0
WBGene00007460,23,242,265
WBGene00007462,19,102,121
WBGene00007463,106,9901,10007
WBGene00007464,24,239,263
WBGene00007465,40,40,80
WBGene00007466,0,7,7
WBGene00007467,1,38,39
WBGene00007469,5,23,28
WBGene00007470,0,21,21
WBGene00007471,3,11,14
WBGene00007472,1,0,1
WBGene00007473,0,0,0
WBGene00007474,31,478,509
WBGene00007476,129,688,817
WBGene00007478,4,3,7
WBGene00007479,38,1612,1650
WBGene00007480,77,205,282
WBGene00007482,11,75,86
WBGene00007483,9,48,57
WBGene00007484,6,21,27
WBGene00007485,10,11,21
WBGene00007486,57,361,418
WBGene00007487,75,591,666
WBGene00007488,82,790,872
WBGene00007489,7,6,13
WBGene00007490,42,136,178
WBGene00007492,325,2242,2567
WBGene00007493,22,670,692
WBGene00007494,4,9,13
WBGene00007495,29,211,240
WBGene00007496,0,1,1
WBGene00007497,0,0,0
WBGene00007499,100,223,323
WBGene00007500,143,1217,1360
WBGene00007501,15,34,49
WBGene00007502,41,148,189
WBGene00007503,7,19,26
WBGene00007504,12,299,311
WBGene00007505,267,1777,2044
WBGene00007506,11,28,39
WBGene00007507,3,19,22
WBGene00007508,1,7,8
WBGene00007509,6,32,38
WBGene00007511,60,621,681
WBGene00007512,2,4,6
WBGene00007513,22,121,143
WBGene00007514,81,2118,2199
WBGene00007515,5,61,66
WBGene00007516,29,466,495
WBGene00007517,3,50,53
WBGene00007518,6,41,47
WBGene00007520,95,747,842
WBGene00007521,7,6,13
WBGene00007522,5,27,32
WBGene00007523,1,0,1
WBGene00007525,5,81,86
WBGene00007528,18,150,168
WBGene00007529,27,428,455
WBGene00007530,14,26,40
WBGene00007531,45,392,437
WBGene00007532,4,239,243
WBGene00007533,42,243,285
WBGene00007534,66,3495,3561
WBGene00007535,0,2,2
WBGene00007536,4,54,58
WBGene00007537,8,294,302
WBGene00007538,0,20,20
WBGene00007540,1,4,5
WBGene00007541,4,299,303
WBGene00007542,0,1,1
WBGene00007543,1,22,23
WBGene00007544,11,197,208
WBGene00007545,102,210,312
WBGene00007546,55,266,321
WBGene00007547,89,459,548
WBGene00007548,8,219,227
WBGene00007549,23,207,230
WBGene00007550,6,43,49
WBGene00007551,40,443,483
WBGene00007552,10,94,104
WBGene00007553,3,693,696
WBGene00007554,59,1952,2011
WBGene00007555,15,3590,3605
WBGene00007556,47,522,569
WBGene00007557,4,43,47
WBGene00007558,8,26,34
WBGene00007559,1,1,2
WBGene00007560,2,10,12
WBGene00007561,16,518,534
WBGene00007562,91,299,390
WBGene00007563,6,38,44
WBGene00007564,4,2663,2667
WBGene00007565,1,8,9
WBGene00007567,0,0,0
WBGene00007569,2,1,3
WBGene00007570,3,0,3
WBGene00007571,0,0,0
WBGene00007572,0,1,1
WBGene00007573,14,506,520
WBGene00007574,26,903,929
WBGene00007576,70,755,825
WBGene00007577,99,436,535
WBGene00007579,62,584,646
WBGene00007580,11,127,138
WBGene00007581,30,406,436
WBGene00007583,135,878,1013
WBGene00007584,3,19,22
WBGene00007585,33,168,201
WBGene00007586,46,2794,2840
WBGene00007587,105,2137,2242
WBGene00007588,40,2217,2257
WBGene00007589,2,150,152
WBGene00007590,161,1152,1313
WBGene00007591,111,1080,1191
WBGene00007592,299,1580,1879
WBGene00007593,164,892,1056
WBGene00007594,36,514,550
WBGene00007595,10,74,84
WBGene00007597,195,176,371
WBGene00007598,1,3,4
WBGene00007599,151,731,882
WBGene00007600,5,157,162
WBGene00007601,0,1,1
WBGene00007602,328,795,1123
WBGene00007603,25,197,222
WBGene00007604,1,191,192
WBGene00007605,23,360,383
WBGene00007606,30,532,562
WBGene00007607,3,74,77
WBGene00007608,9,42,51
WBGene00007609,10,456,466
WBGene00007610,0,1,1
WBGene00007611,3,15,18
WBGene00007613,1,5,6
WBGene00007614,67,173,240
WBGene00007615,90,671,761
WBGene00007616,227,1565,1792
WBGene00007617,329,6191,6520
WBGene00007618,0,2,2
WBGene00007619,55,135,190
WBGene00007620,956,1127,2083
WBGene00007621,209,1637,1846
WBGene00007622,42,188,230
WBGene00007623,147,1373,1520
WBGene00007624,7,320,327
WBGene00007625,127,1743,1870
WBGene00007626,68,1223,1291
WBGene00007627,32,717,749
WBGene00007628,124,1226,1350
WBGene00007629,59,133,192
WBGene00007630,24,14438,14462
WBGene00007631,8,6,14
WBGene00007632,1,19,20
WBGene00007633,84,176,260
WBGene00007634,0,25,25
WBGene00007635,121,215,336
WBGene00007636,6,7,13
WBGene00007637,118,709,827
WBGene00007638,0,0,0
WBGene00007639,4,2,6
WBGene00007640,93,419,512
WBGene00007641,1,0,1
WBGene00007642,0,2,2
WBGene00007643,9,41,50
WBGene00007644,8,39,47
WBGene00007645,263,1437,1700
WBGene00007646,307,4703,5010
WBGene00007647,367,1762,2129
WBGene00007648,0,2,2
WBGene00007649,2,4,6
WBGene00007650,13,57,70
WBGene00007651,57,448,505
WBGene00007652,43,437,480
WBGene00007653,134,2144,2278
WBGene00007655,69,0,69
WBGene00007656,2,2,4
WBGene00007657,3,3,6
WBGene00007658,1,4,5
WBGene00007659,0,1,1
WBGene00007660,1,1,2
WBGene00007661,0,0,0
WBGene00007662,0,2,2
WBGene00007663,2,7,9
WBGene00007664,100,939,1039
WBGene00007666,101,761,862
WBGene00007668,68,710,778
WBGene00007669,7,22,29
WBGene00007670,30,90,120
WBGene00007672,0,14,14
WBGene00007673,0,0,0
WBGene00007674,0,1,1
WBGene00007675,30,170,200
WBGene00007678,0,1,1
WBGene00007679,40,1525,1565
WBGene00007680,31,83,114
WBGene00007681,388,2674,3062
WBGene00007682,0,5,5
WBGene00007683,739,5492,6231
WBGene00007684,1411,10578,11989
WBGene00007685,18,80,98
WBGene00007686,78,5202,5280
WBGene00007687,7,27,34
WBGene00007688,0,2,2
WBGene00007689,20,610,630
WBGene00007690,333,431,764
WBGene00007691,2,5,7
WBGene00007692,3,14,17
WBGene00007693,3,4,7
WBGene00007694,3,25,28
WBGene00007695,3,17,20
WBGene00007696,80,4503,4583
WBGene00007697,82,400,482
WBGene00007698,76,749,825
WBGene00007699,0,0,0
WBGene00007700,0,0,0
WBGene00007701,1,1,2
WBGene00007702,163,512,675
WBGene00007703,656,1615,2271
WBGene00007704,7,160,167
WBGene00007705,7,642,649
WBGene00007706,50,1367,1417
WBGene00007707,11,601,612
WBGene00007708,0,0,0
WBGene00007709,4,235,239
WBGene00007710,19,453,472
WBGene00007711,16,578,594
WBGene00007712,11,2684,2695
WBGene00007713,0,12,12
WBGene00007714,0,1,1
WBGene00007716,0,0,0
WBGene00007717,2,16,18
WBGene00007718,2,1240,1242
WBGene00007719,0,3,3
WBGene00007720,4,526,530
WBGene00007722,13,150,163
WBGene00007723,6,12,18
WBGene00007724,3,12,15
WBGene00007725,5,12,17
WBGene00007726,1,9,10
WBGene00007727,1,1,2
WBGene00007728,0,11,11
WBGene00007729,26,194,220
WBGene00007730,28,843,871
WBGene00007731,5,640,645
WBGene00007732,1,32,33
WBGene00007733,0,5,5
WBGene00007734,5,6,11
WBGene00007735,4,2,6
WBGene00007736,59,463,522
WBGene00007739,43,25,68
WBGene00007740,2,2,4
WBGene00007741,60,205,265
WBGene00007742,15,7,22
WBGene00007743,14,54,68
WBGene00007744,216,334,550
WBGene00007745,62,255,317
WBGene00007746,35,302,337
WBGene00007747,0,4,4
WBGene00007748,9,35,44
WBGene00007749,34,515,549
WBGene00007750,44,574,618
WBGene00007751,12,33,45
WBGene00007752,235,1165,1400
WBGene00007753,71,330,401
WBGene00007755,49,131,180
WBGene00007756,109,670,779
WBGene00007757,33,66,99
WBGene00007758,155,863,1018
WBGene00007759,0,0,0
WBGene00007760,30,389,419
WBGene00007761,171,1052,1223
WBGene00007762,9,347,356
WBGene00007763,36,111,147
WBGene00007764,276,1115,1391
WBGene00007765,9,28,37
WBGene00007766,1,175,176
WBGene00007768,5,16,21
WBGene00007769,0,0,0
WBGene00007770,0,0,0
WBGene00007771,3,110,113
WBGene00007772,44,653,697
WBGene00007773,0,1,1
WBGene00007774,76,567,643
WBGene00007775,90,100,190
WBGene00007776,22,130,152
WBGene00007777,0,4,4
WBGene00007778,2,4,6
WBGene00007779,21,178,199
WBGene00007780,7,93,100
WBGene00007784,85,2854,2939
WBGene00007785,14,680,694
WBGene00007786,128,4479,4607
WBGene00007787,15,1448,1463
WBGene00007788,16,67,83
WBGene00007789,15,78,93
WBGene00007791,7,20,27
WBGene00007792,1,7,8
WBGene00007793,0,0,0
WBGene00007794,0,0,0
WBGene00007795,1,0,1
WBGene00007796,25,106,131
WBGene00007797,18,106,124
WBGene00007799,184,501,685
WBGene00007800,18,27,45
WBGene00007801,119,493,612
WBGene00007802,22,14,36
WBGene00007804,1,13,14
WBGene00007805,1,1,2
WBGene00007806,1,7,8
WBGene00007807,10,72,82
WBGene00007808,2,8,10
WBGene00007809,5,19,24
WBGene00007810,14,90,104
WBGene00007811,15,187,202
WBGene00007812,236,1644,1880
WBGene00007813,6,3,9
WBGene00007816,116,91,207
WBGene00007817,95,207,302
WBGene00007818,39,462,501
WBGene00007819,11,170,181
WBGene00007820,143,808,951
WBGene00007822,7,10,17
WBGene00007823,4,22,26
WBGene00007824,1539,3340,4879
WBGene00007825,28,325,353
WBGene00007826,18,951,969
WBGene00007827,228,1761,1989
WBGene00007829,2,1,3
WBGene00007831,1,8,9
WBGene00007832,1,7,8
WBGene00007833,2,7,9
WBGene00007834,0,1,1
WBGene00007835,1,19,20
WBGene00007836,12,845,857
WBGene00007837,17,187,204
WBGene00007840,96,10,106
WBGene00007841,68,736,804
WBGene00007842,1,30,31
WBGene00007844,4,2,6
WBGene00007845,0,6,6
WBGene00007846,33,341,374
WBGene00007847,25,203,228
WBGene00007848,392,4133,4525
WBGene00007849,53,178,231
WBGene00007850,2,2,4
WBGene00007851,10,31,41
WBGene00007852,0,0,0
WBGene00007853,0,1,1
WBGene00007854,56,157,213
WBGene00007855,0,876,876
WBGene00007856,9,232,241
WBGene00007857,7,58,65
WBGene00007858,8,33,41
WBGene00007859,65,1372,1437
WBGene00007860,318,1251,1569
WBGene00007861,3,26,29
WBGene00007862,65,184,249
WBGene00007863,5,5,10
WBGene00007864,2,19,21
WBGene00007865,0,0,0
WBGene00007866,2,8,10
WBGene00007867,7,48,55
WBGene00007868,1,105,106
WBGene00007869,1,17,18
WBGene00007870,7,104,111
WBGene00007871,0,0,0
WBGene00007872,0,0,0
WBGene00007873,0,0,0
WBGene00007874,0,0,0
WBGene00007875,5,53,58
WBGene00007876,0,0,0
WBGene00007877,368,2452,2820
WBGene00007878,105,217,322
WBGene00007880,2086,8670,10756
WBGene00007881,89,1862,1951
WBGene00007882,66,2333,2399
WBGene00007883,142,2224,2366
WBGene00007885,28,175,203
WBGene00007886,89,259,348
WBGene00007887,1,2,3
WBGene00007888,28,35,63
WBGene00007890,34,162,196
WBGene00007891,10,36,46
WBGene00007892,4,1196,1200
WBGene00007893,2,5,7
WBGene00007894,1,6,7
WBGene00007895,0,0,0
WBGene00007896,13,5,18
WBGene00007897,6,17,23
WBGene00007898,5,110,115
WBGene00007900,59,629,688
WBGene00007901,11,338,349
WBGene00007903,2,23,25
WBGene00007904,10,17,27
WBGene00007905,3,4,7
WBGene00007906,23,225,248
WBGene00007907,757,1228,1985
WBGene00007908,106,325,431
WBGene00007909,92,300,392
WBGene00007910,2,13,15
WBGene00007911,7,45,52
WBGene00007912,52,594,646
WBGene00007913,107,239,346
WBGene00007914,64,525,589
WBGene00007916,10,299,309
WBGene00007917,88,717,805
WBGene00007918,44,469,513
WBGene00007919,150,638,788
WBGene00007920,2,9,11
WBGene00007921,107,816,923
WBGene00007922,132,618,750
WBGene00007923,127,1289,1416
WBGene00007924,299,4622,4921
WBGene00007925,73,672,745
WBGene00007926,24,53,77
WBGene00007927,380,3567,3947
WBGene00007928,1,33,34
WBGene00007929,14,213,227
WBGene00007930,0,0,0
WBGene00007931,32,296,328
WBGene00007932,46,176,222
WBGene00007933,18,128,146
WBGene00007934,43,1165,1208
WBGene00007935,45,32,77
WBGene00007937,2,9,11
WBGene00007938,5,142,147
WBGene00007939,19,87,106
WBGene00007941,31,155,186
WBGene00007942,143,1407,1550
WBGene00007943,34,570,604
WBGene00007944,83,830,913
WBGene00007945,4,22,26
WBGene00007946,8,58,66
WBGene00007947,118,699,817
WBGene00007948,6,4,10
WBGene00007949,4,31,35
WBGene00007950,276,1057,1333
WBGene00007951,96,306,402
WBGene00007952,72,1522,1594
WBGene00007953,53,153,206
WBGene00007954,3,4,7
WBGene00007955,100,2667,2767
WBGene00007956,52,309,361
WBGene00007957,22,122,144
WBGene00007958,336,840,1176
WBGene00007959,66,335,401
WBGene00007960,0,1,1
WBGene00007961,0,1,1
WBGene00007963,3,6,9
WBGene00007964,13,157,170
WBGene00007965,25,322,347
WBGene00007966,6,188,194
WBGene00007967,14,206,220
WBGene00007969,55,1878,1933
WBGene00007970,10,87,97
WBGene00007971,185,1943,2128
WBGene00007972,125,628,753
WBGene00007973,1,11,12
WBGene00007974,83,859,942
WBGene00007975,81,698,779
WBGene00007976,36,321,357
WBGene00007977,1,3,4
WBGene00007978,33,265,298
WBGene00007979,23,503,526
WBGene00007980,163,3123,3286
WBGene00007981,91,1485,1576
WBGene00007982,123,719,842
WBGene00007983,59,326,385
WBGene00007984,56,1041,1097
WBGene00007985,61,154,215
WBGene00007986,0,0,0
WBGene00007987,0,1,1
WBGene00007988,15,85,100
WBGene00007989,5,82,87
WBGene00007990,0,4,4
WBGene00007991,25,229,254
WBGene00007992,2,107,109
WBGene00007993,119,3497,3616
WBGene00007994,60,260,320
WBGene00007995,6,1,7
WBGene00007996,4,6,10
WBGene00007997,2972,34,3006
WBGene00007998,2,1,3
WBGene00007999,31,97,128
WBGene00008000,36,909,945
WBGene00008001,4,0,4
WBGene00008002,59,207,266
WBGene00008003,4,161,165
WBGene00008005,19,249,268
WBGene00008006,117,532,649
WBGene00008007,6,30,36
WBGene00008008,88,258,346
WBGene00008009,2,3,5
WBGene00008010,11,6,17
WBGene00008012,0,0,0
WBGene00008014,2,0,2
WBGene00008015,0,3,3
WBGene00008016,0,0,0
WBGene00008017,0,2,2
WBGene00008018,111,456,567
WBGene00008019,32,743,775
WBGene00008020,4,69,73
WBGene00008021,10,99,109
WBGene00008022,46,255,301
WBGene00008023,6,103,109
WBGene00008024,1,5,6
WBGene00008025,4,122,126
WBGene00008027,10,75,85
WBGene00008028,9,16,25
WBGene00008029,0,1,1
WBGene00008030,0,2,2
WBGene00008031,8,10,18
WBGene00008032,82,1434,1516
WBGene00008033,64,239,303
WBGene00008034,198,2027,2225
WBGene00008035,32,796,828
WBGene00008036,1,2,3
WBGene00008037,4,25,29
WBGene00008038,5,6,11
WBGene00008039,18,306,324
WBGene00008040,416,3356,3772
WBGene00008041,273,3278,3551
WBGene00008042,1,9,10
WBGene00008043,25,87,112
WBGene00008044,2,5,7
WBGene00008045,20,128,148
WBGene00008047,4,11,15
WBGene00008049,8,9,17
WBGene00008050,16,466,482
WBGene00008051,69,152,221
WBGene00008052,53,442,495
WBGene00008053,95,1940,2035
WBGene00008054,9,8,17
WBGene00008056,2,2,4
WBGene00008057,3,5,8
WBGene00008058,0,4,4
WBGene00008059,0,0,0
WBGene00008060,0,1,1
WBGene00008061,5,74,79
WBGene00008062,13,110,123
WBGene00008063,7,15,22
WBGene00008064,549,54,603
WBGene00008065,24,146,170
WBGene00008066,2,39,41
WBGene00008067,0,0,0
WBGene00008068,0,0,0
WBGene00008069,0,0,0
WBGene00008070,0,16,16
WBGene00008071,5,5,10
WBGene00008072,2,9,11
WBGene00008073,1,58,59
WBGene00008074,0,3,3
WBGene00008075,27,104,131
WBGene00008076,24,338,362
WBGene00008077,1,9,10
WBGene00008078,20,292,312
WBGene00008079,1,14,15
WBGene00008080,0,32,32
WBGene00008081,124,520,644
WBGene00008082,38,152,190
WBGene00008084,3,9,12
WBGene00008085,20,229,249
WBGene00008086,3,18,21
WBGene00008087,2,0,2
WBGene00008088,0,2,2
WBGene00008089,166,755,921
WBGene00008090,1,1,2
WBGene00008091,2,22,24
WBGene00008092,0,1,1
WBGene00008093,26,10,36
WBGene00008094,266,332,598
WBGene00008095,6,37,43
WBGene00008096,2,133,135
WBGene00008097,0,11,11
WBGene00008099,3,23,26
WBGene00008100,108,376,484
WBGene00008101,3,35,38
WBGene00008102,1,9,10
WBGene00008105,2,5,7
WBGene00008106,2,14,16
WBGene00008107,23,688,711
WBGene00008110,329,3100,3429
WBGene00008111,4,20,24
WBGene00008113,9,13,22
WBGene00008114,10,93,103
WBGene00008116,8,32,40
WBGene00008117,27,1878,1905
WBGene00008118,143,549,692
WBGene00008119,310,1113,1423
WBGene00008120,367,1085,1452
WBGene00008121,53,1230,1283
WBGene00008122,0,4,4
WBGene00008123,7,57,64
WBGene00008124,4,8,12
WBGene00008125,0,0,0
WBGene00008126,3,2,5
WBGene00008127,22,41,63
WBGene00008128,7,71,78
WBGene00008129,4,4,8
WBGene00008130,3,93,96
WBGene00008131,41,846,887
WBGene00008132,141,802,943
WBGene00008133,137,313,450
WBGene00008134,99,821,920
WBGene00008136,58,787,845
WBGene00008137,1,10,11
WBGene00008138,0,9,9
WBGene00008139,6,59,65
WBGene00008140,278,283,561
WBGene00008141,2,3,5
WBGene00008142,31,237,268
WBGene00008143,68,848,916
WBGene00008144,26,174,200
WBGene00008145,59,208,267
WBGene00008146,10,8,18
WBGene00008147,168,1511,1679
WBGene00008148,18,382,400
WBGene00008149,261,11528,11789
WBGene00008150,5,16,21
WBGene00008151,167,3145,3312
WBGene00008152,32,460,492
WBGene00008153,5,2,7
WBGene00008154,0,0,0
WBGene00008155,20,30,50
WBGene00008156,1,2,3
WBGene00008157,0,0,0
WBGene00008158,2,3,5
WBGene00008159,0,0,0
WBGene00008160,1,1,2
WBGene00008161,0,0,0
WBGene00008162,1,2,3
WBGene00008163,0,0,0
WBGene00008164,40,1720,1760
WBGene00008165,34,605,639
WBGene00008166,40,693,733
WBGene00008167,18,60,78
WBGene00008168,34,288,322
WBGene00008169,13,133,146
WBGene00008170,20,271,291
WBGene00008171,7,82,89
WBGene00008172,2,116,118
WBGene00008173,8,313,321
WBGene00008174,26,131,157
WBGene00008175,1,3,4
WBGene00008176,3,16,19
WBGene00008177,34,230,264
WBGene00008178,103,38,141
WBGene00008180,5,31,36
WBGene00008183,1161,989,2150
WBGene00008184,0,17,17
WBGene00008185,8,1,9
WBGene00008186,9,7,16
WBGene00008187,28,8,36
WBGene00008188,2,0,2
WBGene00008190,15,22,37
WBGene00008191,252,7280,7532
WBGene00008194,24,102,126
WBGene00008195,58,369,427
WBGene00008196,67,538,605
WBGene00008197,34,229,263
WBGene00008198,20,633,653
WBGene00008199,10,31,41
WBGene00008200,4,12,16
WBGene00008201,1,3,4
WBGene00008202,0,22,22
WBGene00008203,50,295,345
WBGene00008204,16,220,236
WBGene00008205,593,24018,24611
WBGene00008206,64,441,505
WBGene00008207,1,4,5
WBGene00008208,6,28,34
WBGene00008209,0,7,7
WBGene00008210,0,14,14
WBGene00008211,0,357,357
WBGene00008212,20,97,117
WBGene00008213,150,27,177
WBGene00008214,85,441,526
WBGene00008215,11,1586,1597
WBGene00008216,11,21,32
WBGene00008217,0,4,4
WBGene00008218,21,1151,1172
WBGene00008219,19,522,541
WBGene00008220,1,55,56
WBGene00008221,40,414,454
WBGene00008222,7,74,81
WBGene00008223,1,2,3
WBGene00008224,130,1634,1764
WBGene00008225,31,886,917
WBGene00008226,33,168,201
WBGene00008227,53,201,254
WBGene00008228,1,126,127
WBGene00008229,13,247,260
WBGene00008230,24,67,91
WBGene00008231,2,7,9
WBGene00008232,26,272,298
WBGene00008233,13,495,508
WBGene00008234,8,44,52
WBGene00008235,6,51,57
WBGene00008236,89,194,283
WBGene00008237,94,830,924
WBGene00008238,56,527,583
WBGene00008239,4,44,48
WBGene00008240,4,1,5
WBGene00008241,0,1,1
WBGene00008242,2,12,14
WBGene00008243,0,2,2
WBGene00008244,0,0,0
WBGene00008245,0,6,6
WBGene00008246,3,5,8
WBGene00008247,2,4,6
WBGene00008248,17,45,62
WBGene00008249,5,13,18
WBGene00008250,4,12,16
WBGene00008251,7,25,32
WBGene00008252,7,65,72
WBGene00008254,330,4014,4344
WBGene00008255,43,332,375
WBGene00008256,35,151,186
WBGene00008257,3,145,148
WBGene00008258,43,632,675
WBGene00008259,1,11,12
WBGene00008260,14,103,117
WBGene00008261,10,8,18
WBGene00008262,1348,37906,39254
WBGene00008263,170,115,285
WBGene00008265,99,212,311
WBGene00008266,43,346,389
WBGene00008267,3,42,45
WBGene00008268,1,0,1
WBGene00008269,1,53,54
WBGene00008270,120,285,405
WBGene00008271,2,3,5
WBGene00008272,25,22,47
WBGene00008273,37,343,380
WBGene00008274,281,2064,2345
WBGene00008275,39,349,388
WBGene00008277,28,17,45
WBGene00008278,34,76,110
WBGene00008279,44,1,45
WBGene00008280,61,101,162
WBGene00008281,31,385,416
WBGene00008283,45,368,413
WBGene00008284,98,587,685
WBGene00008285,20,11,31
WBGene00008286,4,9,13
WBGene00008287,121,545,666
WBGene00008288,61,535,596
WBGene00008289,0,0,0
WBGene00008290,3,1,4
WBGene00008291,1,2,3
WBGene00008292,32,305,337
WBGene00008293,1,0,1
WBGene00008294,1,6,7
WBGene00008295,0,0,0
WBGene00008296,44,285,329
WBGene00008297,1,1,2
WBGene00008298,221,1822,2043
WBGene00008299,0,2,2
WBGene00008300,10,213,223
WBGene00008301,1,7,8
WBGene00008302,1,7,8
WBGene00008303,4,5,9
WBGene00008304,6,53,59
WBGene00008306,6,13,19
WBGene00008307,128,251,379
WBGene00008308,3,3,6
WBGene00008309,2,17,19
WBGene00008310,76,652,728
WBGene00008311,80,1074,1154
WBGene00008312,0,4,4
WBGene00008313,0,6,6
WBGene00008314,18,33,51
WBGene00008315,174,757,931
WBGene00008316,51,315,366
WBGene00008317,39,485,524
WBGene00008318,10,278,288
WBGene00008319,0,0,0
WBGene00008320,22,154,176
WBGene00008321,0,0,0
WBGene00008322,2,10,12
WBGene00008323,7,143,150
WBGene00008324,2,12,14
WBGene00008325,0,4,4
WBGene00008326,0,0,0
WBGene00008327,0,3,3
WBGene00008328,6,1,7
WBGene00008329,2,0,2
WBGene00008330,13,715,728
WBGene00008331,202,1481,1683
WBGene00008332,44,254,298
WBGene00008333,18,291,309
WBGene00008334,94,341,435
WBGene00008335,41,319,360
WBGene00008336,12,77,89
WBGene00008338,230,1559,1789
WBGene00008339,40,537,577
WBGene00008340,1,6,7
WBGene00008341,17,244,261
WBGene00008342,56,149,205
WBGene00008343,6,399,405
WBGene00008344,139,864,1003
WBGene00008345,47,1012,1059
WBGene00008346,22,58,80
WBGene00008348,115,260,375
WBGene00008352,3,12,15
WBGene00008353,3,335,338
WBGene00008354,24,304,328
WBGene00008355,3,45,48
WBGene00008356,33,23939,23972
WBGene00008357,6,3268,3274
WBGene00008358,32,3744,3776
WBGene00008359,59,6830,6889
WBGene00008360,3,4207,4210
WBGene00008361,33,322,355
WBGene00008362,109,299,408
WBGene00008363,15,271,286
WBGene00008364,17,437,454
WBGene00008365,6,18,24
WBGene00008366,206,682,888
WBGene00008367,1,2,3
WBGene00008368,63,226,289
WBGene00008369,64,231,295
WBGene00008370,174,925,1099
WBGene00008371,154,756,910
WBGene00008372,3,8,11
WBGene00008375,19,643,662
WBGene00008376,15,103,118
WBGene00008377,0,0,0
WBGene00008378,0,2,2
WBGene00008379,13,171,184
WBGene00008380,57,752,809
WBGene00008381,2,1,3
WBGene00008382,26,140,166
WBGene00008383,1,14,15
WBGene00008384,11,79,90
WBGene00008385,16,282,298
WBGene00008386,241,2338,2579
WBGene00008387,26,130,156
WBGene00008388,37,72,109
WBGene00008389,69,891,960
WBGene00008390,69,442,511
WBGene00008392,1231,5989,7220
WBGene00008393,0,0,0
WBGene00008394,1,1,2
WBGene00008395,549,4345,4894
WBGene00008396,0,24,24
WBGene00008397,0,0,0
WBGene00008398,391,2467,2858
WBGene00008399,52,234,286
WBGene00008400,125,801,926
WBGene00008401,15,62,77
WBGene00008402,33,557,590
WBGene00008403,26,90,116
WBGene00008404,25,972,997
WBGene00008405,37,1178,1215
WBGene00008407,279,845,1124
WBGene00008408,35,805,840
WBGene00008409,95,2382,2477
WBGene00008410,42,810,852
WBGene00008411,92,734,826
WBGene00008412,105,758,863
WBGene00008413,54,742,796
WBGene00008414,451,8531,8982
WBGene00008415,210,5724,5934
WBGene00008417,33,246,279
WBGene00008418,38,184,222
WBGene00008419,369,1764,2133
WBGene00008420,136,953,1089
WBGene00008421,55,165,220
WBGene00008422,27,909,936
WBGene00008423,1,276,277
WBGene00008424,12,126,138
WBGene00008425,6,28,34
WBGene00008426,128,649,777
WBGene00008427,8,39,47
WBGene00008428,35,932,967
WBGene00008429,94,619,713
WBGene00008430,189,1237,1426
WBGene00008431,166,443,609
WBGene00008432,114,629,743
WBGene00008433,3,1,4
WBGene00008434,20,514,534
WBGene00008435,57,294,351
WBGene00008436,192,2166,2358
WBGene00008438,480,1433,1913
WBGene00008439,77,461,538
WBGene00008440,3,128,131
WBGene00008441,152,444,596
WBGene00008442,192,609,801
WBGene00008443,1711,813,2524
WBGene00008444,439,701,1140
WBGene00008446,679,3136,3815
WBGene00008447,30,318,348
WBGene00008448,0,9,9
WBGene00008449,3,37,40
WBGene00008450,19,911,930
WBGene00008451,8,38,46
WBGene00008452,187,2512,2699
WBGene00008453,102,884,986
WBGene00008454,6,442,448
WBGene00008455,145,1448,1593
WBGene00008456,11,423,434
WBGene00008457,80,249,329
WBGene00008458,117,855,972
WBGene00008459,138,1136,1274
WBGene00008460,52,44,96
WBGene00008462,2,5,7
WBGene00008463,5,16,21
WBGene00008464,2,2,4
WBGene00008468,12,8,20
WBGene00008470,0,0,0
WBGene00008471,0,0,0
WBGene00008472,0,1,1
WBGene00008473,1,1,2
WBGene00008474,0,0,0
WBGene00008475,7,26,33
WBGene00008476,28,112,140
WBGene00008477,0,84,84
WBGene00008478,0,0,0
WBGene00008479,1,0,1
WBGene00008480,141,3429,3570
WBGene00008481,11,66,77
WBGene00008482,5,10,15
WBGene00008483,1,2,3
WBGene00008484,11,1077,1088
WBGene00008485,0,3,3
WBGene00008486,5,151,156
WBGene00008488,50,280,330
WBGene00008489,7,13,20
WBGene00008490,29,288,317
WBGene00008491,96,99,195
WBGene00008492,3,31,34
WBGene00008493,0,3,3
WBGene00008494,1,34,35
WBGene00008495,6,71,77
WBGene00008496,1,38,39
WBGene00008497,1,1,2
WBGene00008498,9,31,40
WBGene00008499,36,97,133
WBGene00008500,54,88,142
WBGene00008502,157,1070,1227
WBGene00008503,7,213,220
WBGene00008504,21,675,696
WBGene00008505,1299,30358,31657
WBGene00008506,58,3408,3466
WBGene00008507,1,0,1
WBGene00008508,0,2,2
WBGene00008509,2,132,134
WBGene00008510,343,2230,2573
WBGene00008511,14,56,70
WBGene00008512,7,21,28
WBGene00008513,87,216,303
WBGene00008514,311,4008,4319
WBGene00008515,58,209,267
WBGene00008516,2,78,80
WBGene00008517,18,79,97
WBGene00008518,15,36,51
WBGene00008519,165,347,512
WBGene00008520,23,40,63
WBGene00008521,105,1293,1398
WBGene00008522,3,444,447
WBGene00008523,0,0,0
WBGene00008524,2,4,6
WBGene00008526,1,2,3
WBGene00008527,0,0,0
WBGene00008528,159,860,1019
WBGene00008529,6,46,52
WBGene00008530,148,2229,2377
WBGene00008531,64,557,621
WBGene00008532,142,1749,1891
WBGene00008533,159,588,747
WBGene00008535,0,6,6
WBGene00008536,0,0,0
WBGene00008538,520,3285,3805
WBGene00008539,0,1,1
WBGene00008540,6,1,7
WBGene00008541,2,3,5
WBGene00008542,24,55,79
WBGene00008543,37,200,237
WBGene00008545,12,12,24
WBGene00008546,141,811,952
WBGene00008547,84,713,797
WBGene00008548,25,121,146
WBGene00008549,439,4581,5020
WBGene00008550,5,5,10
WBGene00008551,1,5,6
WBGene00008552,0,1,1
WBGene00008553,7,66,73
WBGene00008554,333,3985,4318
WBGene00008555,777,1381,2158
WBGene00008556,5,16,21
WBGene00008557,90,134,224
WBGene00008558,11,68,79
WBGene00008559,1,22,23
WBGene00008560,2,9,11
WBGene00008561,9,51,60
WBGene00008563,3,741,744
WBGene00008564,29,288,317
WBGene00008565,37,254,291
WBGene00008566,3,5,8
WBGene00008567,0,55,55
WBGene00008568,14,20,34
WBGene00008569,17,216,233
WBGene00008570,371,755,1126
WBGene00008571,71,271,342
WBGene00008572,457,6531,6988
WBGene00008574,0,0,0
WBGene00008575,34,311,345
WBGene00008576,0,663,663
WBGene00008577,0,1467,1467
WBGene00008578,62,343,405
WBGene00008579,285,407,692
WBGene00008580,13,58,71
WBGene00008581,0,0,0
WBGene00008582,173,2813,2986
WBGene00008583,45,120,165
WBGene00008584,30,176,206
WBGene00008585,45,345,390
WBGene00008586,137,1540,1677
WBGene00008587,14,140,154
WBGene00008588,9,111,120
WBGene00008589,158,599,757
WBGene00008590,0,9,9
WBGene00008591,3,73,76
WBGene00008592,4,225,229
WBGene00008593,4,2,6
WBGene00008594,13,39,52
WBGene00008595,8,25,33
WBGene00008596,4,17,21
WBGene00008597,3,28,31
WBGene00008598,4,31,35
WBGene00008599,7,30,37
WBGene00008600,129,40,169
WBGene00008601,1152,2044,3196
WBGene00008602,30,196,226
WBGene00008603,692,5702,6394
WBGene00008604,99,555,654
WBGene00008605,76,198,274
WBGene00008606,36,416,452
WBGene00008607,52,260,312
WBGene00008609,3,6,9
WBGene00008610,96,1710,1806
WBGene00008611,0,1,1
WBGene00008612,12,0,12
WBGene00008613,3,31,34
WBGene00008615,1,12,13
WBGene00008616,8,25,33
WBGene00008617,0,3,3
WBGene00008618,1,5,6
WBGene00008619,0,1,1
WBGene00008620,0,1,1
WBGene00008621,17,44,61
WBGene00008622,153,1562,1715
WBGene00008623,61,11,72
WBGene00008624,175,1235,1410
WBGene00008625,6,22,28
WBGene00008626,12,149,161
WBGene00008627,2,4,6
WBGene00008628,53,2621,2674
WBGene00008629,17,168,185
WBGene00008630,1,28,29
WBGene00008631,0,1,1
WBGene00008632,0,9,9
WBGene00008633,0,9,9
WBGene00008634,3,22,25
WBGene00008636,2,3,5
WBGene00008637,0,2,2
WBGene00008638,0,0,0
WBGene00008639,37,325,362
WBGene00008640,2,30,32
WBGene00008641,12,224,236
WBGene00008642,12,663,675
WBGene00008643,1,33,34
WBGene00008644,8,32,40
WBGene00008645,30,630,660
WBGene00008646,24,347,371
WBGene00008647,6,62,68
WBGene00008648,87,467,554
WBGene00008649,7,5,12
WBGene00008650,1,11,12
WBGene00008651,0,2,2
WBGene00008652,3,52,55
WBGene00008654,40,33,73
WBGene00008655,13,82,95
WBGene00008656,23,162,185
WBGene00008659,1,4,5
WBGene00008660,1,3,4
WBGene00008661,4,3,7
WBGene00008662,42,135,177
WBGene00008663,9,282,291
WBGene00008664,11,1273,1284
WBGene00008665,3317,430,3747
WBGene00008666,79,474,553
WBGene00008667,97,345,442
WBGene00008668,23,8,31
WBGene00008669,60,294,354
WBGene00008670,195,776,971
WBGene00008671,0,9,9
WBGene00008672,0,0,0
WBGene00008673,1,0,1
WBGene00008674,0,0,0
WBGene00008675,0,0,0
WBGene00008676,0,0,0
WBGene00008677,4,265,269
WBGene00008678,1,19,20
WBGene00008679,0,3,3
WBGene00008680,6,7,13
WBGene00008681,24,190,214
WBGene00008682,74,1529,1603
WBGene00008683,135,1088,1223
WBGene00008684,25,388,413
WBGene00008685,91,571,662
WBGene00008686,60,340,400
WBGene00008687,12,553,565
WBGene00008688,373,2470,2843
WBGene00008690,174,1184,1358
WBGene00008691,30,541,571
WBGene00008692,25,43,68
WBGene00008693,2,16,18
WBGene00008694,1125,4395,5520
WBGene00008695,25,60,85
WBGene00008696,1,4,5
WBGene00008698,0,1,1
WBGene00008699,2,0,2
WBGene00008700,1,2,3
WBGene00008701,0,2,2
WBGene00008702,0,0,0
WBGene00008703,0,0,0
WBGene00008706,1951,4906,6857
WBGene00008707,22,1410,1432
WBGene00008708,9,45,54
WBGene00008709,9,16,25
WBGene00008710,33,744,777
WBGene00008711,23,101,124
WBGene00008712,13,61,74
WBGene00008713,33,148,181
WBGene00008714,31,48,79
WBGene00008716,0,1,1
WBGene00008717,0,0,0
WBGene00008719,12,30,42
WBGene00008720,59,1534,1593
WBGene00008722,23,552,575
WBGene00008724,3,2,5
WBGene00008725,0,0,0
WBGene00008726,32,234,266
WBGene00008727,2,16,18
WBGene00008728,4,12,16
WBGene00008729,186,2473,2659
WBGene00008730,5,10,15
WBGene00008731,14,28,42
WBGene00008732,4,49,53
WBGene00008733,22,396,418
WBGene00008734,4,14,18
WBGene00008735,312,908,1220
WBGene00008736,17,88,105
WBGene00008737,4,28,32
WBGene00008739,21,59,80
WBGene00008740,5,266,271
WBGene00008741,63,389,452
WBGene00008742,28,224,252
WBGene00008743,2,55,57
WBGene00008744,88,1349,1437
WBGene00008745,56,3528,3584
WBGene00008746,96,99,195
WBGene00008747,8,55,63
WBGene00008748,27,934,961
WBGene00008749,20,475,495
WBGene00008750,176,460,636
WBGene00008751,0,1,1
WBGene00008752,0,0,0
WBGene00008753,0,2,2
WBGene00008754,3,32,35
WBGene00008755,0,23,23
WBGene00008757,1,51,52
WBGene00008758,2,3,5
WBGene00008759,0,0,0
WBGene00008760,9,396,405
WBGene00008761,27,356,383
WBGene00008762,2,344,346
WBGene00008763,50,208,258
WBGene00008764,36,1760,1796
WBGene00008765,103,3494,3597
WBGene00008766,99,510,609
WBGene00008767,26,906,932
WBGene00008768,1012,5462,6474
WBGene00008769,37,1631,1668
WBGene00008770,80,1063,1143
WBGene00008772,0,2,2
WBGene00008773,25,149,174
WBGene00008774,23,249,272
WBGene00008775,83,660,743
WBGene00008776,20,104,124
WBGene00008777,160,2051,2211
WBGene00008778,12,14,26
WBGene00008779,66,108,174
WBGene00008780,151,705,856
WBGene00008781,142,1534,1676
WBGene00008782,0,1,1
WBGene00008783,119,492,611
WBGene00008784,1,6,7
WBGene00008785,3,3,6
WBGene00008786,0,0,0
WBGene00008787,2,14,16
WBGene00008788,1,0,1
WBGene00008789,4,9,13
WBGene00008790,2,4,6
WBGene00008792,0,1,1
WBGene00008793,6,17,23
WBGene00008794,0,15,15
WBGene00008795,2,27,29
WBGene00008796,2,4,6
WBGene00008797,2,11,13
WBGene00008798,4,47,51
WBGene00008799,4,18,22
WBGene00008800,120,2011,2131
WBGene00008801,3,10,13
WBGene00008802,7,22,29
WBGene00008803,499,2806,3305
WBGene00008804,27,61,88
WBGene00008805,57,687,744
WBGene00008806,15,261,276
WBGene00008807,4,13,17
WBGene00008808,13,9,22
WBGene00008809,9,5,14
WBGene00008810,41,315,356
WBGene00008811,0,4,4
WBGene00008812,5,5,10
WBGene00008814,0,0,0
WBGene00008815,0,1,1
WBGene00008816,0,0,0
WBGene00008817,0,0,0
WBGene00008818,1,11,12
WBGene00008819,396,774,1170
WBGene00008820,23,1689,1712
WBGene00008821,1,0,1
WBGene00008822,4,2,6
WBGene00008823,0,0,0
WBGene00008824,0,0,0
WBGene00008825,0,0,0
WBGene00008826,1,4,5
WBGene00008828,0,0,0
WBGene00008829,0,1,1
WBGene00008830,3,9,12
WBGene00008831,13,29,42
WBGene00008832,75,559,634
WBGene00008833,8,443,451
WBGene00008834,5,546,551
WBGene00008835,4,90,94
WBGene00008837,1,1,2
WBGene00008838,11,18,29
WBGene00008839,0,3,3
WBGene00008840,5,79,84
WBGene00008841,916,5000,5916
WBGene00008843,0,0,0
WBGene00008844,0,4,4
WBGene00008847,1,1,2
WBGene00008848,14,238,252
WBGene00008849,30,2,32
WBGene00008850,1,11,12
WBGene00008851,35,152,187
WBGene00008852,557,2747,3304
WBGene00008853,2,0,2
WBGene00008854,15,3,18
WBGene00008855,4,3,7
WBGene00008856,354,1495,1849
WBGene00008857,20,8358,8378
WBGene00008858,8,8,16
WBGene00008859,2,270,272
WBGene00008860,1332,8437,9769
WBGene00008861,23,269,292
WBGene00008862,15,50,65
WBGene00008863,3,5,8
WBGene00008865,61,1484,1545
WBGene00008866,9,11,20
WBGene00008868,128,124,252
WBGene00008869,6,54,60
WBGene00008870,0,1,1
WBGene00008871,3,1,4
WBGene00008872,1,0,1
WBGene00008874,5,11,16
WBGene00008875,7,56,63
WBGene00008876,119,437,556
WBGene00008877,69,496,565
WBGene00008878,883,1846,2729
WBGene00008879,28,51,79
WBGene00008880,34,254,288
WBGene00008881,6,12,18
WBGene00008882,96,766,862
WBGene00008883,9,37,46
WBGene00008884,1,14,15
WBGene00008885,37,359,396
WBGene00008886,41,145,186
WBGene00008887,47,496,543
WBGene00008889,2,6,8
WBGene00008890,52,116,168
WBGene00008891,0,34,34
WBGene00008892,14,48,62
WBGene00008893,2,0,2
WBGene00008894,7,17,24
WBGene00008897,5,33,38
WBGene00008898,0,0,0
WBGene00008899,0,1,1
WBGene00008900,3,23,26
WBGene00008901,557,5,562
WBGene00008902,2,3,5
WBGene00008903,1,8,9
WBGene00008904,0,5,5
WBGene00008905,1,9,10
WBGene00008906,0,0,0
WBGene00008907,0,0,0
WBGene00008908,3,0,3
WBGene00008909,1,1,2
WBGene00008910,104,1268,1372
WBGene00008911,1,0,1
WBGene00008912,5,54,59
WBGene00008914,160,3817,3977
WBGene00008915,129,5361,5490
WBGene00008916,51,28,79
WBGene00008917,33,22,55
WBGene00008918,11,442,453
WBGene00008919,226,2029,2255
WBGene00008920,16981,100172,117153
WBGene00008921,91,770,861
WBGene00008922,217,2525,2742
WBGene00008923,97,159,256
WBGene00008924,68,369,437
WBGene00008925,129,2738,2867
WBGene00008926,90,580,670
WBGene00008927,184,655,839
WBGene00008928,2,1,3
WBGene00008929,55,770,825
WBGene00008930,399,1973,2372
WBGene00008932,192,414,606
WBGene00008934,275,1326,1601
WBGene00008935,6,6,12
WBGene00008936,6,31,37
WBGene00008937,3,9,12
WBGene00008939,158,650,808
WBGene00008940,76,530,606
WBGene00008944,47,211,258
WBGene00008945,0,15,15
WBGene00008946,4,0,4
WBGene00008947,2,1,3
WBGene00008948,95,2151,2246
WBGene00008949,2,19,21
WBGene00008950,1,1,2
WBGene00008951,151,917,1068
WBGene00008952,56,174,230
WBGene00008953,89,290,379
WBGene00008954,8,9,17
WBGene00008955,9,19,28
WBGene00008956,64,215,279
WBGene00008957,40,818,858
WBGene00008958,0,1,1
WBGene00008959,1,0,1
WBGene00008960,0,0,0
WBGene00008961,15,529,544
WBGene00008963,110,2238,2348
WBGene00008964,419,775,1194
WBGene00008965,75,81,156
WBGene00008967,0,7,7
WBGene00008968,6,76,82
WBGene00008969,48,211,259
WBGene00008970,25,143,168
WBGene00008971,35,606,641
WBGene00008972,1,2,3
WBGene00008973,32,1480,1512
WBGene00008974,123,564,687
WBGene00008975,32,1091,1123
WBGene00008976,1,35,36
WBGene00008977,32,83,115
WBGene00008978,21,153,174
WBGene00008979,36,668,704
WBGene00008980,76,1292,1368
WBGene00008981,0,0,0
WBGene00008982,1,0,1
WBGene00008983,0,0,0
WBGene00008984,1,0,1
WBGene00008985,10,38,48
WBGene00008986,138,749,887
WBGene00008987,131,696,827
WBGene00008988,15,41,56
WBGene00008989,24,140,164
WBGene00008990,81,1397,1478
WBGene00008991,29,26,55
WBGene00008992,0,37,37
WBGene00008993,31,117,148
WBGene00008994,1,18,19
WBGene00008995,78,149,227
WBGene00008996,26,114,140
WBGene00008997,76,123,199
WBGene00008998,234,1381,1615
WBGene00008999,489,2909,3398
WBGene00009000,18,40,58
WBGene00009001,0,0,0
WBGene00009002,167,1616,1783
WBGene00009004,386,6931,7317
WBGene00009005,7,2,9
WBGene00009006,14,269,283
WBGene00009007,31,844,875
WBGene00009008,25,137,162
WBGene00009009,11,164,175
WBGene00009010,42,554,596
WBGene00009011,35,844,879
WBGene00009012,104,2651,2755
WBGene00009013,131,2324,2455
WBGene00009014,8,54,62
WBGene00009015,7,11,18
WBGene00009016,1,0,1
WBGene00009017,0,0,0
WBGene00009018,20,120,140
WBGene00009021,0,2,2
WBGene00009022,7,11,18
WBGene00009023,9,150,159
WBGene00009024,3,17,20
WBGene00009025,43,262,305
WBGene00009026,15,165,180
WBGene00009027,88,344,432
WBGene00009028,4,0,4
WBGene00009029,1,11,12
WBGene00009030,12,82,94
WBGene00009031,3,10,13
WBGene00009032,1,3,4
WBGene00009033,1,5,6
WBGene00009035,4,57,61
WBGene00009036,0,0,0
WBGene00009038,29,0,29
WBGene00009039,4,12,16
WBGene00009041,1,24,25
WBGene00009042,9,251,260
WBGene00009043,6,6,12
WBGene00009044,6,8,14
WBGene00009045,31,1445,1476
WBGene00009046,0,0,0
WBGene00009048,32,1695,1727
WBGene00009049,143,2174,2317
WBGene00009050,287,8238,8525
WBGene00009051,668,6737,7405
WBGene00009052,107,1389,1496
WBGene00009054,60,350,410
WBGene00009056,427,2819,3246
WBGene00009057,65,366,431
WBGene00009058,80,2719,2799
WBGene00009059,24,356,380
WBGene00009060,126,233,359
WBGene00009061,1,3,4
WBGene00009063,0,0,0
WBGene00009064,46,334,380
WBGene00009065,251,1029,1280
WBGene00009067,0,5,5
WBGene00009068,16,145,161
WBGene00009069,0,2577,2577
WBGene00009070,1062,18,1080
WBGene00009073,9,20,29
WBGene00009075,4,4,8
WBGene00009077,0,0,0
WBGene00009078,972,2966,3938
WBGene00009079,0,0,0
WBGene00009081,51,619,670
WBGene00009082,153,5746,5899
WBGene00009084,116,2557,2673
WBGene00009085,1,10,11
WBGene00009086,2,4,6
WBGene00009087,3,118,121
WBGene00009088,0,1,1
WBGene00009089,15,213,228
WBGene00009090,8,216,224
WBGene00009091,221,4566,4787
WBGene00009092,230,6899,7129
WBGene00009093,49,192,241
WBGene00009094,66,808,874
WBGene00009095,52,196,248
WBGene00009096,110,6545,6655
WBGene00009097,42,4398,4440
WBGene00009098,556,1538,2094
WBGene00009099,9,5,14
WBGene00009100,63,423,486
WBGene00009101,3,21,24
WBGene00009102,6,94,100
WBGene00009103,129,2257,2386
WBGene00009106,52,648,700
WBGene00009107,58,129,187
WBGene00009108,7,35,42
WBGene00009109,55,138,193
WBGene00009110,10,468,478
WBGene00009112,42,959,1001
WBGene00009113,3,55,58
WBGene00009114,7,2,9
WBGene00009115,29,11,40
WBGene00009116,55,676,731
WBGene00009117,10,11,21
WBGene00009118,69,1516,1585
WBGene00009119,1009,143955,144964
WBGene00009120,126,847,973
WBGene00009121,11,317,328
WBGene00009122,264,46882,47146
WBGene00009123,73,314,387
WBGene00009124,81,316,397
WBGene00009125,60,112,172
WBGene00009126,361,6595,6956
WBGene00009127,84,774,858
WBGene00009128,0,1112,1112
WBGene00009129,5,10,15
WBGene00009130,6,1127,1133
WBGene00009131,101,743,844
WBGene00009132,39,1316,1355
WBGene00009133,43,665,708
WBGene00009134,4,4,8
WBGene00009135,11,127,138
WBGene00009136,6,8,14
WBGene00009137,19,263,282
WBGene00009138,19,726,745
WBGene00009139,113,1092,1205
WBGene00009140,89,518,607
WBGene00009141,672,2555,3227
WBGene00009142,67,3132,3199
WBGene00009143,8,19,27
WBGene00009144,3,16,19
WBGene00009145,161,593,754
WBGene00009146,16,121,137
WBGene00009147,8,1,9
WBGene00009148,25,40,65
WBGene00009149,3,3,6
WBGene00009150,0,2,2
WBGene00009151,0,0,0
WBGene00009152,0,0,0
WBGene00009153,2,31,33
WBGene00009154,0,0,0
WBGene00009155,32,116,148
WBGene00009156,61,105,166
WBGene00009157,76,405,481
WBGene00009158,344,1659,2003
WBGene00009159,64,833,897
WBGene00009160,3,4,7
WBGene00009161,1511,31221,32732
WBGene00009162,41,71,112
WBGene00009163,67,223,290
WBGene00009164,46,1054,1100
WBGene00009165,9,488,497
WBGene00009166,10,50,60
WBGene00009167,0,0,0
WBGene00009168,2,22,24
WBGene00009169,5,21,26
WBGene00009170,1,8,9
WBGene00009171,4,0,4
WBGene00009172,104,333,437
WBGene00009173,4,35,39
WBGene00009174,144,812,956
WBGene00009176,12,381,393
WBGene00009177,26,325,351
WBGene00009178,13,20,33
WBGene00009179,156,720,876
WBGene00009180,1431,13896,15327
WBGene00009182,15,26,41
WBGene00009183,3,15,18
WBGene00009184,0,7,7
WBGene00009185,2,3,5
WBGene00009186,1,21,22
WBGene00009187,967,5072,6039
WBGene00009188,43,1494,1537
WBGene00009189,711,6625,7336
WBGene00009190,124,403,527
WBGene00009191,1,513,514
WBGene00009192,25,48,73
WBGene00009193,2,7,9
WBGene00009194,14,18,32
WBGene00009195,0,0,0
WBGene00009196,1,1,2
WBGene00009197,0,0,0
WBGene00009198,0,0,0
WBGene00009199,0,0,0
WBGene00009200,112,1198,1310
WBGene00009201,57,825,882
WBGene00009202,1,17,18
WBGene00009203,4,63,67
WBGene00009204,54,116,170
WBGene00009205,13,103,116
WBGene00009207,63,1199,1262
WBGene00009208,7,15,22
WBGene00009209,0,1,1
WBGene00009211,26,2279,2305
WBGene00009212,0,50,50
WBGene00009213,0,5,5
WBGene00009214,0,0,0
WBGene00009215,0,1,1
WBGene00009216,0,272,272
WBGene00009217,62,68,130
WBGene00009218,44,220,264
WBGene00009219,129,1618,1747
WBGene00009220,283,222,505
WBGene00009221,145,4256,4401
WBGene00009222,0,142,142
WBGene00009223,25,339,364
WBGene00009224,84,138,222
WBGene00009225,25,46,71
WBGene00009226,2,65,67
WBGene00009227,2,6,8
WBGene00009228,2,4,6
WBGene00009229,1,8,9
WBGene00009231,33,125,158
WBGene00009232,1,20,21
WBGene00009233,52,262,314
WBGene00009234,65,271,336
WBGene00009235,0,2,2
WBGene00009236,2,11,13
WBGene00009237,1,343,344
WBGene00009238,0,1,1
WBGene00009239,11,39,50
WBGene00009240,11,39,50
WBGene00009241,9,269,278
WBGene00009242,7,24,31
WBGene00009243,21,506,527
WBGene00009245,74,367,441
WBGene00009246,122,6011,6133
WBGene00009247,2,18,20
WBGene00009248,0,10,10
WBGene00009250,2,33,35
WBGene00009251,4,8,12
WBGene00009252,10,5,15
WBGene00009254,66,1191,1257
WBGene00009255,7,49,56
WBGene00009256,129,1008,1137
WBGene00009257,21,60,81
WBGene00009258,48,133,181
WBGene00009259,32,287,319
WBGene00009260,74,883,957
WBGene00009261,3,20,23
WBGene00009262,43,911,954
WBGene00009263,34,78,112
WBGene00009264,187,1263,1450
WBGene00009266,139,3120,3259
WBGene00009267,43,1146,1189
WBGene00009268,5,35,40
WBGene00009269,2,0,2
WBGene00009270,13,209,222
WBGene00009271,58,195,253
WBGene00009272,5,171,176
WBGene00009274,39,314,353
WBGene00009276,51,744,795
WBGene00009277,131,450,581
WBGene00009278,21,98,119
WBGene00009279,0,0,0
WBGene00009280,1,35,36
WBGene00009281,1,1,2
WBGene00009283,9,94,103
WBGene00009284,143,667,810
WBGene00009285,48,833,881
WBGene00009286,14,203,217
WBGene00009287,79,341,420
WBGene00009288,55,328,383
WBGene00009289,31,920,951
WBGene00009290,93,1739,1832
WBGene00009291,56,242,298
WBGene00009292,18,81,99
WBGene00009293,4,97,101
WBGene00009294,937,8036,8973
WBGene00009296,0,15,15
WBGene00009297,0,2,2
WBGene00009298,1,1,2
WBGene00009299,7,46,53
WBGene00009300,0,0,0
WBGene00009301,0,0,0
WBGene00009302,0,0,0
WBGene00009303,4,2,6
WBGene00009304,355,853,1208
WBGene00009305,116,813,929
WBGene00009306,19,966,985
WBGene00009307,36,3339,3375
WBGene00009308,0,8,8
WBGene00009311,6,5,11
WBGene00009312,1124,7,1131
WBGene00009313,2,2,4
WBGene00009314,212,822,1034
WBGene00009315,154,596,750
WBGene00009316,0,16,16
WBGene00009318,0,3,3
WBGene00009319,151,2371,2522
WBGene00009320,127,430,557
WBGene00009321,0,0,0
WBGene00009322,79,1298,1377
WBGene00009323,22,516,538
WBGene00009324,8,13,21
WBGene00009325,87,281,368
WBGene00009326,14,49,63
WBGene00009327,4,5,9
WBGene00009328,0,11,11
WBGene00009329,60,432,492
WBGene00009330,37,1748,1785
WBGene00009331,4,52,56
WBGene00009332,7,29,36
WBGene00009333,39,930,969
WBGene00009334,358,3306,3664
WBGene00009335,1,97,98
WBGene00009336,71,1592,1663
WBGene00009337,480,2311,2791
WBGene00009338,6,2,8
WBGene00009339,4,18,22
WBGene00009340,333,2735,3068
WBGene00009341,17,424,441
WBGene00009342,501,10764,11265
WBGene00009343,47,529,576
WBGene00009344,0,0,0
WBGene00009345,3,1,4
WBGene00009346,22,128,150
WBGene00009347,14,73,87
WBGene00009349,0,204,204
WBGene00009350,16,105,121
WBGene00009352,58,1136,1194
WBGene00009353,172,7579,7751
WBGene00009354,111,325,436
WBGene00009355,8,100,108
WBGene00009356,8,20,28
WBGene00009357,11,17,28
WBGene00009358,203,1831,2034
WBGene00009359,2,3,5
WBGene00009360,6,17,23
WBGene00009361,43,235,278
WBGene00009362,0,0,0
WBGene00009363,0,0,0
WBGene00009364,9,491,500
WBGene00009365,72,609,681
WBGene00009366,38,365,403
WBGene00009367,408,5785,6193
WBGene00009368,106,752,858
WBGene00009369,118,743,861
WBGene00009370,79,171,250
WBGene00009371,74,392,466
WBGene00009372,116,719,835
WBGene00009373,54,303,357
WBGene00009374,213,2623,2836
WBGene00009375,104,399,503
WBGene00009377,0,0,0
WBGene00009378,5,10,15
WBGene00009379,0,96,96
WBGene00009380,43,624,667
WBGene00009381,2,16,18
WBGene00009382,3,5,8
WBGene00009383,279,2167,2446
WBGene00009384,1,19,20
WBGene00009385,25,667,692
WBGene00009386,1,61,62
WBGene00009387,27,46,73
WBGene00009388,702,6877,7579
WBGene00009389,101,336,437
WBGene00009390,24,46,70
WBGene00009391,0,0,0
WBGene00009392,0,0,0
WBGene00009393,1,20,21
WBGene00009394,75,640,715
WBGene00009395,4,11,15
WBGene00009396,16,67,83
WBGene00009397,10,13,23
WBGene00009398,1,1,2
WBGene00009399,18,55,73
WBGene00009400,12,38,50
WBGene00009401,0,5,5
WBGene00009402,0,3,3
WBGene00009403,10,95,105
WBGene00009404,5,187,192
WBGene00009405,20,292,312
WBGene00009406,122,697,819
WBGene00009408,244,2152,2396
WBGene00009409,1,421,422
WBGene00009410,2,2,4
WBGene00009412,6,9,15
WBGene00009413,6,13,19
WBGene00009415,0,0,0
WBGene00009416,3,30,33
WBGene00009417,0,0,0
WBGene00009418,0,1,1
WBGene00009419,0,0,0
WBGene00009420,0,0,0
WBGene00009421,1,0,1
WBGene00009422,0,0,0
WBGene00009423,0,1055,1055
WBGene00009424,7,71,78
WBGene00009426,8,1,9
WBGene00009427,0,2,2
WBGene00009429,2,13,15
WBGene00009430,112,583,695
WBGene00009431,22,88,110
WBGene00009432,11,179,190
WBGene00009433,33,152,185
WBGene00009434,36,239,275
WBGene00009435,48,315,363
WBGene00009436,13,1533,1546
WBGene00009437,5,17,22
WBGene00009438,5,50,55
WBGene00009439,319,1696,2015
WBGene00009440,173,4499,4672
WBGene00009441,46,367,413
WBGene00009442,12,64,76
WBGene00009443,72,960,1032
WBGene00009444,51,777,828
WBGene00009445,36,1011,1047
WBGene00009446,1,1,2
WBGene00009447,9,81,90
WBGene00009448,15,354,369
WBGene00009449,0,2,2
WBGene00009450,40,1301,1341
WBGene00009451,112,1343,1455
WBGene00009452,167,694,861
WBGene00009453,186,687,873
WBGene00009454,3134,23434,26568
WBGene00009455,198,1792,1990
WBGene00009456,92,622,714
WBGene00009457,0,3,3
WBGene00009458,3,5,8
WBGene00009459,2,3,5
WBGene00009460,216,2181,2397
WBGene00009461,97,308,405
WBGene00009462,189,79,268
WBGene00009463,0,0,0
WBGene00009464,7,5,12
WBGene00009465,3,6,9
WBGene00009466,47,322,369
WBGene00009467,3,2,5
WBGene00009468,28,90,118
WBGene00009469,42,267,309
WBGene00009470,3,2,5
WBGene00009471,1,6,7
WBGene00009473,0,1,1
WBGene00009475,325,2299,2624
WBGene00009476,40,350,390
WBGene00009477,444,2074,2518
WBGene00009478,60,1119,1179
WBGene00009479,55,574,629
WBGene00009480,5,13,18
WBGene00009481,3,76,79
WBGene00009482,268,1594,1862
WBGene00009483,3,228,231
WBGene00009484,62,158,220
WBGene00009485,7,39,46
WBGene00009486,2,4,6
WBGene00009487,0,8,8
WBGene00009488,1,3,4
WBGene00009489,0,2,2
WBGene00009490,1,7,8
WBGene00009491,1,0,1
WBGene00009492,3,3,6
WBGene00009493,3,78,81
WBGene00009494,2,26,28
WBGene00009495,17,27,44
WBGene00009496,9,29,38
WBGene00009497,3,2,5
WBGene00009498,257,1176,1433
WBGene00009499,160,644,804
WBGene00009500,78,810,888
WBGene00009501,12,4,16
WBGene00009502,3,1,4
WBGene00009503,99,1223,1322
WBGene00009504,17,356,373
WBGene00009505,16,506,522
WBGene00009507,93,423,516
WBGene00009508,97,716,813
WBGene00009509,3,26,29
WBGene00009510,4,38,42
WBGene00009511,105,140,245
WBGene00009512,29,1364,1393
WBGene00009513,5,3,8
WBGene00009514,2311,14186,16497
WBGene00009515,12,15,27
WBGene00009517,8,4,12
WBGene00009518,9,24,33
WBGene00009519,0,0,0
WBGene00009520,0,4,4
WBGene00009521,387,1760,2147
WBGene00009522,3,19,22
WBGene00009523,0,0,0
WBGene00009524,1,0,1
WBGene00009525,2,0,2
WBGene00009526,15,19,34
WBGene00009528,40,92,132
WBGene00009529,7,335,342
WBGene00009530,138,98,236
WBGene00009531,1621,10746,12367
WBGene00009532,369,1697,2066
WBGene00009533,5,171,176
WBGene00009534,79,993,1072
WBGene00009535,7,7,14
WBGene00009536,103,310,413
WBGene00009537,0,22,22
WBGene00009538,0,0,0
WBGene00009539,0,0,0
WBGene00009540,2,5,7
WBGene00009541,79,64,143
WBGene00009542,57,2520,2577
WBGene00009543,18,124,142
WBGene00009544,122,242,364
WBGene00009546,0,2,2
WBGene00009547,27,135,162
WBGene00009548,2,7,9
WBGene00009549,2,13,15
WBGene00009550,0,0,0
WBGene00009551,13,121,134
WBGene00009552,78,514,592
WBGene00009553,26,501,527
WBGene00009554,8,537,545
WBGene00009556,22,361,383
WBGene00009557,35,132,167
WBGene00009558,134,615,749
WBGene00009559,11,1367,1378
WBGene00009560,17,53,70
WBGene00009561,7,8,15
WBGene00009562,406,4970,5376
WBGene00009563,108,1946,2054
WBGene00009565,116,1031,1147
WBGene00009566,0,0,0
WBGene00009567,0,0,0
WBGene00009568,1,0,1
WBGene00009569,1,3,4
WBGene00009571,0,2,2
WBGene00009572,1,14,15
WBGene00009573,1,4,5
WBGene00009574,283,1640,1923
WBGene00009575,21,2859,2880
WBGene00009576,40,138,178
WBGene00009577,879,6975,7854
WBGene00009578,528,8812,9340
WBGene00009579,69,201,270
WBGene00009580,303,2664,2967
WBGene00009581,15,64,79
WBGene00009582,23,149,172
WBGene00009583,214,3318,3532
WBGene00009584,1880,5750,7630
WBGene00009585,34,19,53
WBGene00009586,67,1222,1289
WBGene00009587,165,1801,1966
WBGene00009588,4220,1353,5573
WBGene00009589,3123,1628,4751
WBGene00009592,0,0,0
WBGene00009593,8,0,8
WBGene00009594,389,1146,1535
WBGene00009595,9,40,49
WBGene00009596,3,8,11
WBGene00009597,0,6,6
WBGene00009599,0,0,0
WBGene00009600,2,21,23
WBGene00009601,25,197,222
WBGene00009602,0,2,2
WBGene00009603,0,2,2
WBGene00009604,0,6,6
WBGene00009605,4,10,14
WBGene00009606,0,3,3
WBGene00009607,1,1,2
WBGene00009608,36,155,191
WBGene00009609,0,3,3
WBGene00009610,0,0,0
WBGene00009611,48,75,123
WBGene00009612,0,4,4
WBGene00009613,0,0,0
WBGene00009614,7,16,23
WBGene00009615,1,0,1
WBGene00009616,1,2,3
WBGene00009617,12,74,86
WBGene00009618,7,42,49
WBGene00009619,20,219,239
WBGene00009620,1201,2915,4116
WBGene00009621,0,7487,7487
WBGene00009622,19,36,55
WBGene00009623,536,310,846
WBGene00009624,1588,3126,4714
WBGene00009625,2,13,15
WBGene00009626,83,1216,1299
WBGene00009627,13,209,222
WBGene00009628,20,1420,1440
WBGene00009629,38,156,194
WBGene00009630,2,4,6
WBGene00009632,114,1078,1192
WBGene00009633,2,32,34
WBGene00009634,26,855,881
WBGene00009635,32,244,276
WBGene00009636,32,197,229
WBGene00009637,1,253,254
WBGene00009638,135,7621,7756
WBGene00009639,3,1156,1159
WBGene00009640,3,196,199
WBGene00009641,6,3,9
WBGene00009642,17,55,72
WBGene00009643,0,2,2
WBGene00009644,1,3,4
WBGene00009645,72,532,604
WBGene00009646,0,3,3
WBGene00009647,24,49,73
WBGene00009648,6,385,391
WBGene00009649,45,46,91
WBGene00009650,33,977,1010
WBGene00009652,2,9,11
WBGene00009653,56,289,345
WBGene00009654,187,637,824
WBGene00009657,43,363,406
WBGene00009658,0,9,9
WBGene00009659,0,0,0
WBGene00009660,261,1566,1827
WBGene00009661,99,2331,2430
WBGene00009662,2,3,5
WBGene00009663,0,6,6
WBGene00009664,187,8602,8789
WBGene00009665,12,469,481
WBGene00009666,43,1355,1398
WBGene00009667,315,174,489
WBGene00009668,64,1368,1432
WBGene00009670,0,3,3
WBGene00009671,129,2083,2212
WBGene00009672,204,1151,1355
WBGene00009673,46,229,275
WBGene00009674,182,2062,2244
WBGene00009675,9,34,43
WBGene00009676,116,582,698
WBGene00009677,6,168,174
WBGene00009678,173,420,593
WBGene00009679,16,86,102
WBGene00009680,0,0,0
WBGene00009681,0,8,8
WBGene00009682,0,0,0
WBGene00009683,1,10,11
WBGene00009684,0,0,0
WBGene00009685,0,0,0
WBGene00009686,5,29,34
WBGene00009687,0,0,0
WBGene00009688,2096,14693,16789
WBGene00009689,1,1,2
WBGene00009690,10,4,14
WBGene00009691,0,3943,3943
WBGene00009692,0,5254,5254
WBGene00009695,3,2,5
WBGene00009696,10,36,46
WBGene00009698,0,3,3
WBGene00009700,83,368,451
WBGene00009701,3,69,72
WBGene00009702,12,71,83
WBGene00009704,1,0,1
WBGene00009705,1,0,1
WBGene00009706,5,43,48
WBGene00009707,1,4,5
WBGene00009708,2,1,3
WBGene00009709,24,20,44
WBGene00009710,5,23,28
WBGene00009711,202,1604,1806
WBGene00009712,9,5192,5201
WBGene00009713,476,1648,2124
WBGene00009714,0,42,42
WBGene00009715,47,1161,1208
WBGene00009716,10,59,69
WBGene00009717,148,1176,1324
WBGene00009720,1,5,6
WBGene00009721,15,10,25
WBGene00009722,27,1509,1536
WBGene00009723,39,4309,4348
WBGene00009724,31,3009,3040
WBGene00009725,0,0,0
WBGene00009726,48,211,259
WBGene00009727,14,69,83
WBGene00009728,2,27,29
WBGene00009729,3,53,56
WBGene00009730,397,2263,2660
WBGene00009731,54,402,456
WBGene00009732,334,4140,4474
WBGene00009733,6,257,263
WBGene00009734,148,1502,1650
WBGene00009735,41,170,211
WBGene00009736,164,623,787
WBGene00009738,65,105,170
WBGene00009739,2095,5877,7972
WBGene00009740,477,8544,9021
WBGene00009741,15,67,82
WBGene00009742,62,180,242
WBGene00009743,35,93,128
WBGene00009744,45,490,535
WBGene00009745,28,514,542
WBGene00009746,0,0,0
WBGene00009747,0,0,0
WBGene00009748,0,0,0
WBGene00009749,0,0,0
WBGene00009750,0,22,22
WBGene00009751,0,6,6
WBGene00009753,1,2,3
WBGene00009754,0,3,3
WBGene00009755,1,3,4
WBGene00009756,2,6,8
WBGene00009758,1,2,3
WBGene00009759,0,1,1
WBGene00009760,0,6,6
WBGene00009761,0,0,0
WBGene00009762,0,0,0
WBGene00009763,0,0,0
WBGene00009765,0,0,0
WBGene00009766,1,0,1
WBGene00009767,0,1,1
WBGene00009768,10,28,38
WBGene00009769,20,372,392
WBGene00009770,83,698,781
WBGene00009771,104,1418,1522
WBGene00009772,209,12141,12350
WBGene00009773,14,343,357
WBGene00009774,2,228,230
WBGene00009775,0,0,0
WBGene00009776,51,503,554
WBGene00009777,8,14,22
WBGene00009778,7,191,198
WBGene00009779,123,772,895
WBGene00009780,41,107,148
WBGene00009781,262,1209,1471
WBGene00009782,27,183,210
WBGene00009783,66,2386,2452
WBGene00009784,49,1370,1419
WBGene00009785,47,436,483
WBGene00009787,498,40703,41201
WBGene00009788,1,0,1
WBGene00009789,70,93,163
WBGene00009790,31,190,221
WBGene00009791,6,17,23
WBGene00009793,30,1456,1486
WBGene00009796,42,387,429
WBGene00009797,230,2182,2412
WBGene00009798,16,10,26
WBGene00009799,71,427,498
WBGene00009800,146,1117,1263
WBGene00009801,81,453,534
WBGene00009802,1,11,12
WBGene00009803,67,779,846
WBGene00009804,147,1574,1721
WBGene00009805,0,1,1
WBGene00009806,3,20,23
WBGene00009807,4,21,25
WBGene00009808,0,9,9
WBGene00009809,14,156,170
WBGene00009810,0,42,42
WBGene00009811,1,7,8
WBGene00009812,72,6050,6122
WBGene00009813,129,1345,1474
WBGene00009814,3,21,24
WBGene00009815,0,4,4
WBGene00009816,7,16,23
WBGene00009817,0,1,1
WBGene00009818,152,861,1013
WBGene00009819,72,213,285
WBGene00009820,8,29,37
WBGene00009822,28,27,55
WBGene00009823,12,183,195
WBGene00009824,5,75,80
WBGene00009825,68,251,319
WBGene00009826,8,41,49
WBGene00009827,6,13,19
WBGene00009829,59,4044,4103
WBGene00009830,5,21,26
WBGene00009831,28,473,501
WBGene00009833,1,0,1
WBGene00009834,0,1,1
WBGene00009835,9,35,44
WBGene00009836,8,1,9
WBGene00009839,4,6,10
WBGene00009840,6,14,20
WBGene00009841,0,0,0
WBGene00009842,10,160,170
WBGene00009843,36,412,448
WBGene00009844,9,20,29
WBGene00009848,282,1431,1713
WBGene00009849,14,14,28
WBGene00009850,108,636,744
WBGene00009851,18,1256,1274
WBGene00009852,0,1,1
WBGene00009853,4,13,17
WBGene00009854,0,2,2
WBGene00009855,0,0,0
WBGene00009856,2,1,3
WBGene00009857,0,13,13
WBGene00009858,0,1,1
WBGene00009859,0,0,0
WBGene00009860,2,0,2
WBGene00009861,0,0,0
WBGene00009862,0,6,6
WBGene00009863,1,5,6
WBGene00009865,45,224,269
WBGene00009866,0,0,0
WBGene00009867,14,27,41
WBGene00009868,0,0,0
WBGene00009869,0,2,2
WBGene00009871,0,1,1
WBGene00009872,0,3,3
WBGene00009873,1,3,4
WBGene00009874,0,0,0
WBGene00009875,2,4,6
WBGene00009876,4,19,23
WBGene00009877,13,108,121
WBGene00009878,9,783,792
WBGene00009879,9,19,28
WBGene00009880,589,4156,4745
WBGene00009881,214,3910,4124
WBGene00009882,70,4495,4565
WBGene00009883,17,39,56
WBGene00009884,4,8,12
WBGene00009885,20,73,93
WBGene00009886,28,158,186
WBGene00009887,9,240,249
WBGene00009888,3097,21119,24216
WBGene00009889,39,1324,1363
WBGene00009890,8,26,34
WBGene00009891,13,15,28
WBGene00009892,0,0,0
WBGene00009893,1,3,4
WBGene00009894,1,1,2
WBGene00009895,19,144,163
WBGene00009896,210,2482,2692
WBGene00009897,4,14,18
WBGene00009898,0,3,3
WBGene00009899,53,733,786
WBGene00009900,1,65,66
WBGene00009901,10,177,187
WBGene00009902,6,30,36
WBGene00009903,4,46,50
WBGene00009904,5,38,43
WBGene00009905,0,0,0
WBGene00009906,0,1,1
WBGene00009907,0,6,6
WBGene00009908,2,4,6
WBGene00009909,0,0,0
WBGene00009912,3,4,7
WBGene00009913,0,0,0
WBGene00009914,0,0,0
WBGene00009915,45,4330,4375
WBGene00009916,26,71,97
WBGene00009917,141,789,930
WBGene00009918,47,2278,2325
WBGene00009919,125,1250,1375
WBGene00009920,682,5034,5716
WBGene00009921,7,163,170
WBGene00009922,63,599,662
WBGene00009923,24,139,163
WBGene00009924,89,702,791
WBGene00009925,11,1719,1730
WBGene00009926,153,3159,3312
WBGene00009927,53,163,216
WBGene00009929,14,21,35
WBGene00009930,16,360,376
WBGene00009931,7,96,103
WBGene00009933,2,4,6
WBGene00009934,1,1,2
WBGene00009935,27,233,260
WBGene00009937,88,505,593
WBGene00009938,2,2,4
WBGene00009939,40,674,714
WBGene00009940,190,2780,2970
WBGene00009941,0,0,0
WBGene00009942,1,5,6
WBGene00009943,82,169,251
WBGene00009944,58,896,954
WBGene00009945,186,1560,1746
WBGene00009946,11,70,81
WBGene00009947,63,505,568
WBGene00009948,1,27,28
WBGene00009949,25,384,409
WBGene00009950,7,7,14
WBGene00009951,43,220,263
WBGene00009952,573,8624,9197
WBGene00009953,52,184,236
WBGene00009954,0,0,0
WBGene00009955,2,328,330
WBGene00009956,2,1,3
WBGene00009957,65,603,668
WBGene00009958,138,748,886
WBGene00009959,0,12,12
WBGene00009960,0,2,2
WBGene00009961,1,0,1
WBGene00009962,16,4,20
WBGene00009963,1,3,4
WBGene00009964,5,28,33
WBGene00009965,30,218,248
WBGene00009966,55,1451,1506
WBGene00009967,6,27,33
WBGene00009968,352,2120,2472
WBGene00009969,43,354,397
WBGene00009971,5,21,26
WBGene00009973,479,5082,5561
WBGene00009974,123,2504,2627
WBGene00009975,757,1520,2277
WBGene00009976,61,839,900
WBGene00009977,59,504,563
WBGene00009978,834,1591,2425
WBGene00009979,68,5,73
WBGene00009980,93,1991,2084
WBGene00009981,22,220,242
WBGene00009982,98,20482,20580
WBGene00009983,1,815,816
WBGene00009984,114,224,338
WBGene00009985,20,137,157
WBGene00009986,21,101,122
WBGene00009987,107,1265,1372
WBGene00009988,24,18,42
WBGene00009990,0,0,0
WBGene00009992,598,10681,11279
WBGene00009993,9,5593,5602
WBGene00009994,14,375,389
WBGene00009995,13960,59252,73212
WBGene00009996,53,1103,1156
WBGene00009997,0,3,3
WBGene00009998,4,0,4
WBGene00009999,2,23,25
WBGene00010000,2,7,9
WBGene00010001,24,1396,1420
WBGene00010002,53,515,568
WBGene00010003,57,210,267
WBGene00010004,19,19,38
WBGene00010005,14,17,31
WBGene00010006,1668,1028,2696
WBGene00010007,0,0,0
WBGene00010008,9,73,82
WBGene00010009,12,82,94
WBGene00010010,24,174,198
WBGene00010011,7,21,28
WBGene00010012,914,4403,5317
WBGene00010013,128,2035,2163
WBGene00010014,0,9,9
WBGene00010015,68,4989,5057
WBGene00010016,0,3,3
WBGene00010017,0,0,0
WBGene00010018,8,43,51
WBGene00010019,43,171,214
WBGene00010020,1,1,2
WBGene00010021,0,4,4
WBGene00010022,0,1,1
WBGene00010023,1,17,18
WBGene00010025,0,6,6
WBGene00010026,0,0,0
WBGene00010027,5,19,24
WBGene00010028,33,500,533
WBGene00010030,1,16,17
WBGene00010031,217,12,229
WBGene00010032,56,827,883
WBGene00010033,80,783,863
WBGene00010034,6,1,7
WBGene00010035,3,9,12
WBGene00010036,2,30,32
WBGene00010037,197,3532,3729
WBGene00010038,75,939,1014
WBGene00010039,49,172,221
WBGene00010040,29,820,849
WBGene00010041,0,352,352
WBGene00010042,78,1043,1121
WBGene00010043,50,251,301
WBGene00010044,393,2870,3263
WBGene00010045,202,1036,1238
WBGene00010046,0,13,13
WBGene00010047,20,288,308
WBGene00010048,28,235,263
WBGene00010049,69,260,329
WBGene00010050,15,56,71
WBGene00010051,47,431,478
WBGene00010052,83,2270,2353
WBGene00010053,3,267,270
WBGene00010054,111,1272,1383
WBGene00010055,540,7648,8188
WBGene00010056,12,854,866
WBGene00010057,31,104,135
WBGene00010058,7,34,41
WBGene00010059,60,1461,1521
WBGene00010060,12,53,65
WBGene00010061,41,569,610
WBGene00010062,7,41,48
WBGene00010063,46,172,218
WBGene00010064,6,159,165
WBGene00010065,1,3,4
WBGene00010066,1,3,4
WBGene00010067,0,3,3
WBGene00010068,0,17,17
WBGene00010069,19,52,71
WBGene00010070,126,547,673
WBGene00010071,414,57,471
WBGene00010072,42,115,157
WBGene00010073,90,163,253
WBGene00010074,53,124,177
WBGene00010075,17,2434,2451
WBGene00010077,71,191,262
WBGene00010079,210,1262,1472
WBGene00010080,35,413,448
WBGene00010081,9,134,143
WBGene00010082,3,185,188
WBGene00010083,57,176,233
WBGene00010084,0,0,0
WBGene00010085,1,1,2
WBGene00010086,746,85,831
WBGene00010087,1,1,2
WBGene00010088,9,35,44
WBGene00010089,78,506,584
WBGene00010091,0,1,1
WBGene00010093,13,503,516
WBGene00010094,77,3558,3635
WBGene00010096,199,827,1026
WBGene00010097,104,2131,2235
WBGene00010098,0,5,5
WBGene00010099,0,0,0
WBGene00010100,0,1,1
WBGene00010101,0,3,3
WBGene00010102,0,4,4
WBGene00010103,25,0,25
WBGene00010104,0,0,0
WBGene00010105,0,0,0
WBGene00010106,1,23,24
WBGene00010107,0,0,0
WBGene00010108,0,2,2
WBGene00010109,35,921,956
WBGene00010110,30,542,572
WBGene00010111,73,385,458
WBGene00010113,73,323,396
WBGene00010114,1,2,3
WBGene00010115,46,669,715
WBGene00010116,36,51,87
WBGene00010117,182,2263,2445
WBGene00010118,6,22,28
WBGene00010119,2,17,19
WBGene00010120,2,7,9
WBGene00010121,2,1,3
WBGene00010122,1,8,9
WBGene00010123,3,14,17
WBGene00010124,3,7,10
WBGene00010125,1,6,7
WBGene00010126,1,1,2
WBGene00010127,1,0,1
WBGene00010128,2,9,11
WBGene00010129,0,0,0
WBGene00010130,108,3767,3875
WBGene00010131,16,530,546
WBGene00010132,142,481,623
WBGene00010133,0,1225,1225
WBGene00010134,17,23,40
WBGene00010135,4,845,849
WBGene00010136,7,9,16
WBGene00010137,90,137,227
WBGene00010138,9,31,40
WBGene00010139,144,3756,3900
WBGene00010140,33,207,240
WBGene00010141,80,361,441
WBGene00010142,152,78,230
WBGene00010143,10,55,65
WBGene00010144,4,32,36
WBGene00010145,4,2,6
WBGene00010146,234,580,814
WBGene00010147,0,0,0
WBGene00010148,13,63,76
WBGene00010149,0,0,0
WBGene00010150,94,70,164
WBGene00010152,2,8,10
WBGene00010153,0,7,7
WBGene00010155,10,16,26
WBGene00010157,2,0,2
WBGene00010158,0,1,1
WBGene00010159,257,675,932
WBGene00010160,189,444,633
WBGene00010161,213,505,718
WBGene00010162,2,0,2
WBGene00010163,61,151,212
WBGene00010164,0,3,3
WBGene00010165,8,15,23
WBGene00010166,1,1,2
WBGene00010167,10,4,14
WBGene00010168,15,17,32
WBGene00010169,1,1,2
WBGene00010170,0,0,0
WBGene00010171,2,1,3
WBGene00010172,1,3,4
WBGene00010173,2,6,8
WBGene00010174,789,7523,8312
WBGene00010175,137,484,621
WBGene00010176,9,61,70
WBGene00010177,284,1857,2141
WBGene00010178,77,1452,1529
WBGene00010179,87,403,490
WBGene00010180,0,6,6
WBGene00010181,1,1,2
WBGene00010182,2,10,12
WBGene00010183,6,16,22
WBGene00010184,0,15,15
WBGene00010185,3,28,31
WBGene00010186,2,19,21
WBGene00010187,12,9,21
WBGene00010188,16,206,222
WBGene00010189,2,33,35
WBGene00010191,40,1153,1193
WBGene00010192,12,377,389
WBGene00010193,2,172,174
WBGene00010194,1,43,44
WBGene00010195,9,87,96
WBGene00010196,2,7,9
WBGene00010197,33,883,916
WBGene00010198,36,213,249
WBGene00010199,71,1811,1882
WBGene00010200,68,94,162
WBGene00010202,5,157,162
WBGene00010203,7,22,29
WBGene00010204,5,738,743
WBGene00010205,8,93,101
WBGene00010206,0,0,0
WBGene00010212,154,19,173
WBGene00010214,43,118,161
WBGene00010215,5,5,10
WBGene00010216,1,0,1
WBGene00010217,2,2,4
WBGene00010218,1,2,3
WBGene00010219,0,0,0
WBGene00010220,7,8,15
WBGene00010221,49,2973,3022
WBGene00010222,32,59,91
WBGene00010223,32,36,68
WBGene00010224,48,148,196
WBGene00010225,103,1379,1482
WBGene00010226,1,8,9
WBGene00010227,38,292,330
WBGene00010228,8,6,14
WBGene00010229,73,305,378
WBGene00010230,98,2432,2530
WBGene00010231,313,3081,3394
WBGene00010232,98,2704,2802
WBGene00010233,45,332,377
WBGene00010234,1,733,734
WBGene00010235,29,202,231
WBGene00010236,46,876,922
WBGene00010237,4,22,26
WBGene00010238,17,120,137
WBGene00010239,23,346,369
WBGene00010241,1,14,15
WBGene00010242,46,194,240
WBGene00010243,11,47,58
WBGene00010244,251,5106,5357
WBGene00010245,1,2,3
WBGene00010246,1,25,26
WBGene00010247,1,0,1
WBGene00010248,25,922,947
WBGene00010249,16,5,21
WBGene00010250,19,33,52
WBGene00010251,198,447,645
WBGene00010253,5,23,28
WBGene00010254,0,1,1
WBGene00010255,0,1,1
WBGene00010256,1,11,12
WBGene00010257,1,10,11
WBGene00010258,32,217,249
WBGene00010259,576,1608,2184
WBGene00010260,190,10297,10487
WBGene00010261,9,15,24
WBGene00010262,152,1956,2108
WBGene00010263,12,111,123
WBGene00010264,70,199,269
WBGene00010265,4,5,9
WBGene00010266,98,790,888
WBGene00010267,10,43,53
WBGene00010268,29,312,341
WBGene00010269,40,1161,1201
WBGene00010270,1,5,6
WBGene00010272,176,1086,1262
WBGene00010273,6,4,10
WBGene00010274,4,16,20
WBGene00010275,82,187,269
WBGene00010277,2,6,8
WBGene00010278,1,17,18
WBGene00010279,90,1836,1926
WBGene00010280,74,1641,1715
WBGene00010281,3,143,146
WBGene00010282,21,22,43
WBGene00010283,45,273,318
WBGene00010284,139,2331,2470
WBGene00010285,5,37,42
WBGene00010286,26,369,395
WBGene00010288,42,585,627
WBGene00010289,0,6,6
WBGene00010290,33,1687,1720
WBGene00010291,52,270,322
WBGene00010292,0,0,0
WBGene00010293,7,103,110
WBGene00010296,0,96,96
WBGene00010297,2,7,9
WBGene00010298,1,0,1
WBGene00010299,2,0,2
WBGene00010300,2,1,3
WBGene00010301,1,0,1
WBGene00010302,253,668,921
WBGene00010303,348,20312,20660
WBGene00010304,127,458,585
WBGene00010305,137,1217,1354
WBGene00010306,305,1356,1661
WBGene00010307,2,225,227
WBGene00010308,54,223,277
WBGene00010309,33,139,172
WBGene00010310,17,101,118
WBGene00010311,3,54,57
WBGene00010314,1,2,3
WBGene00010315,37,151,188
WBGene00010316,139,320,459
WBGene00010317,218,12781,12999
WBGene00010318,15,71,86
WBGene00010319,27,222,249
WBGene00010320,76,446,522
WBGene00010321,38,474,512
WBGene00010322,11,14,25
WBGene00010323,1,1,2
WBGene00010324,0,3,3
WBGene00010325,18,768,786
WBGene00010326,1089,5988,7077
WBGene00010327,219,365,584
WBGene00010328,3,51,54
WBGene00010329,46,431,477
WBGene00010330,501246,45,501291
WBGene00010331,71,237,308
WBGene00010332,10,150,160
WBGene00010333,229,3035,3264
WBGene00010334,10,35,45
WBGene00010335,218,599,817
WBGene00010336,21,96,117
WBGene00010337,1046,7280,8326
WBGene00010338,63,524,587
WBGene00010339,19,564,583
WBGene00010340,15,43,58
WBGene00010341,14,35,49
WBGene00010342,21,28,49
WBGene00010343,0,0,0
WBGene00010344,20,94,114
WBGene00010345,23,53,76
WBGene00010348,8,188,196
WBGene00010349,11,77,88
WBGene00010350,218,541,759
WBGene00010351,5,154,159
WBGene00010352,10,14,24
WBGene00010353,2,48,50
WBGene00010354,105,170,275
WBGene00010355,0,0,0
WBGene00010356,49,493,542
WBGene00010357,55,338,393
WBGene00010358,1,3,4
WBGene00010359,2,2,4
WBGene00010360,0,0,0
WBGene00010361,5,6,11
WBGene00010362,3,156,159
WBGene00010363,14,90,104
WBGene00010364,1,57,58
WBGene00010365,4,10,14
WBGene00010366,6,1,7
WBGene00010367,13,150,163
WBGene00010368,6,6,12
WBGene00010369,138,1984,2122
WBGene00010370,517,2605,3122
WBGene00010372,12,28,40
WBGene00010373,5,11,16
WBGene00010374,294,1013,1307
WBGene00010375,17,163,180
WBGene00010377,0,0,0
WBGene00010378,0,4,4
WBGene00010379,0,0,0
WBGene00010380,1,1,2
WBGene00010381,1,0,1
WBGene00010382,0,23,23
WBGene00010383,42,228,270
WBGene00010385,134,230,364
WBGene00010386,92,101,193
WBGene00010387,2,3,5
WBGene00010388,1,6,7
WBGene00010389,20,3,23
WBGene00010391,0,2,2
WBGene00010392,3,1,4
WBGene00010394,3,2,5
WBGene00010395,0,0,0
WBGene00010396,13,93,106
WBGene00010397,11,355,366
WBGene00010399,0,0,0
WBGene00010401,0,0,0
WBGene00010403,2,3,5
WBGene00010404,0,0,0
WBGene00010405,117,3153,3270
WBGene00010406,60,2127,2187
WBGene00010407,57,1208,1265
WBGene00010408,80,1177,1257
WBGene00010409,39,306,345
WBGene00010410,1,1,2
WBGene00010411,2,0,2
WBGene00010412,0,0,0
WBGene00010413,0,0,0
WBGene00010414,1,1,2
WBGene00010415,2,4,6
WBGene00010416,237,1489,1726
WBGene00010417,0,0,0
WBGene00010418,16,544,560
WBGene00010419,3014,58897,61911
WBGene00010420,64,503,567
WBGene00010421,29,153,182
WBGene00010422,25,321,346
WBGene00010423,31,36,67
WBGene00010424,3,41,44
WBGene00010425,187,5744,5931
WBGene00010426,3,11,14
WBGene00010427,423,540,963
WBGene00010428,77,1207,1284
WBGene00010429,4,5,9
WBGene00010432,1,937,938
WBGene00010433,33,623,656
WBGene00010434,48,57,105
WBGene00010435,235,2836,3071
WBGene00010436,0,173,173
WBGene00010437,57,604,661
WBGene00010439,46,465,511
WBGene00010440,881,10849,11730
WBGene00010442,76,388,464
WBGene00010444,212,919,1131
WBGene00010446,3,21,24
WBGene00010447,4,9,13
WBGene00010448,34,182,216
WBGene00010449,41,317,358
WBGene00010450,123,1097,1220
WBGene00010451,22,2,24
WBGene00010453,14,96,110
WBGene00010454,19,136,155
WBGene00010455,8,52,60
WBGene00010456,57,699,756
WBGene00010457,3,63,66
WBGene00010458,40,1250,1290
WBGene00010459,3,457,460
WBGene00010460,4,17,21
WBGene00010461,0,0,0
WBGene00010464,0,3,3
WBGene00010465,54,620,674
WBGene00010466,3,2,5
WBGene00010467,0,0,0
WBGene00010468,1,15,16
WBGene00010469,3,18,21
WBGene00010470,88,343,431
WBGene00010471,277,2240,2517
WBGene00010472,9,694,703
WBGene00010473,46,165,211
WBGene00010474,0,0,0
WBGene00010475,303,644,947
WBGene00010476,27,825,852
WBGene00010477,2,84,86
WBGene00010478,128,13099,13227
WBGene00010479,182,1063,1245
WBGene00010480,508,2447,2955
WBGene00010481,9,486,495
WBGene00010483,0,5,5
WBGene00010484,100,1220,1320
WBGene00010485,0,24,24
WBGene00010486,1,0,1
WBGene00010487,11,9,20
WBGene00010488,584,2550,3134
WBGene00010491,4,788,792
WBGene00010492,0,5,5
WBGene00010493,4,0,4
WBGene00010494,5,4,9
WBGene00010495,0,7,7
WBGene00010496,93,810,903
WBGene00010497,57,246,303
WBGene00010498,109,318,427
WBGene00010499,1,13,14
WBGene00010500,255,1691,1946
WBGene00010501,28,186,214
WBGene00010502,52,657,709
WBGene00010503,37,279,316
WBGene00010504,27,194,221
WBGene00010505,28,119,147
WBGene00010506,14,31,45
WBGene00010507,328,1627,1955
WBGene00010508,10,2,12
WBGene00010509,0,1,1
WBGene00010510,5,1,6
WBGene00010511,2,2,4
WBGene00010512,269,2109,2378
WBGene00010513,424,1985,2409
WBGene00010514,494,2940,3434
WBGene00010515,211,2153,2364
WBGene00010516,79,667,746
WBGene00010518,52,206,258
WBGene00010519,2,1,3
WBGene00010520,20,205,225
WBGene00010521,12,36,48
WBGene00010522,8,147,155
WBGene00010523,3,8,11
WBGene00010524,1,137,138
WBGene00010525,19,212,231
WBGene00010526,0,0,0
WBGene00010527,1,3,4
WBGene00010528,1,4,5
WBGene00010530,2,0,2
WBGene00010531,0,1,1
WBGene00010534,17,0,17
WBGene00010535,3,0,3
WBGene00010536,0,0,0
WBGene00010537,148,380,528
WBGene00010538,28,107,135
WBGene00010539,261,1831,2092
WBGene00010540,19,134,153
WBGene00010541,352,1986,2338
WBGene00010542,2,355,357
WBGene00010544,0,2,2
WBGene00010545,6,29,35
WBGene00010546,3,109,112
WBGene00010547,1,0,1
WBGene00010550,45,618,663
WBGene00010551,81,516,597
WBGene00010552,12,221,233
WBGene00010553,13,163,176
WBGene00010554,6,10,16
WBGene00010555,0,1,1
WBGene00010556,727,138484,139211
WBGene00010557,32,802,834
WBGene00010558,61,114,175
WBGene00010559,2,50,52
WBGene00010560,270,8288,8558
WBGene00010562,83,798,881
WBGene00010563,24,34,58
WBGene00010564,149,1375,1524
WBGene00010565,5,302,307
WBGene00010566,36,105,141
WBGene00010567,75,709,784
WBGene00010568,9,22,31
WBGene00010569,35,226,261
WBGene00010570,0,0,0
WBGene00010571,3,11,14
WBGene00010572,17,192,209
WBGene00010573,16,25,41
WBGene00010574,1,8,9
WBGene00010575,34,349,383
WBGene00010576,0,1,1
WBGene00010577,0,0,0
WBGene00010578,1,0,1
WBGene00010579,21,3306,3327
WBGene00010580,27,8,35
WBGene00010581,2,30,32
WBGene00010582,216,1570,1786
WBGene00010583,2,805,807
WBGene00010584,4,18,22
WBGene00010585,86,242,328
WBGene00010586,6,6,12
WBGene00010587,45,146,191
WBGene00010588,0,3,3
WBGene00010589,0,16,16
WBGene00010590,0,0,0
WBGene00010591,4,4,8
WBGene00010592,18,120,138
WBGene00010593,717,5770,6487
WBGene00010594,47,73,120
WBGene00010595,180,913,1093
WBGene00010596,0,4,4
WBGene00010597,130,169,299
WBGene00010598,0,2,2
WBGene00010599,14,15,29
WBGene00010600,0,4,4
WBGene00010601,0,1,1
WBGene00010602,0,6,6
WBGene00010603,2,13,15
WBGene00010604,1,17,18
WBGene00010605,82,266,348
WBGene00010606,4,8,12
WBGene00010607,12,12,24
WBGene00010608,55,350,405
WBGene00010609,176,1029,1205
WBGene00010610,138,879,1017
WBGene00010611,2,3,5
WBGene00010612,0,2,2
WBGene00010613,2,3,5
WBGene00010614,3,11,14
WBGene00010615,87,801,888
WBGene00010616,150,3904,4054
WBGene00010617,4,46,50
WBGene00010619,70,514,584
WBGene00010620,101,1222,1323
WBGene00010621,5,241,246
WBGene00010622,37,529,566
WBGene00010623,21,43,64
WBGene00010624,286,2295,2581
WBGene00010625,90,803,893
WBGene00010626,373,1445,1818
WBGene00010627,1534,16154,17688
WBGene00010628,20,129,149
WBGene00010629,82,1549,1631
WBGene00010630,19,173,192
WBGene00010631,251,2065,2316
WBGene00010632,238,1011,1249
WBGene00010633,0,1,1
WBGene00010634,0,1,1
WBGene00010635,2,16,18
WBGene00010636,13,48,61
WBGene00010637,8,70,78
WBGene00010638,262,1349,1611
WBGene00010639,517,3658,4175
WBGene00010640,63,279,342
WBGene00010641,52,933,985
WBGene00010642,38,175,213
WBGene00010643,22,48,70
WBGene00010644,2,10,12
WBGene00010645,140,1336,1476
WBGene00010646,73,52,125
WBGene00010647,3,494,497
WBGene00010648,148,996,1144
WBGene00010649,160,781,941
WBGene00010650,0,1,1
WBGene00010651,0,0,0
WBGene00010652,3,15,18
WBGene00010653,0,0,0
WBGene00010654,3,10,13
WBGene00010655,4,4,8
WBGene00010656,0,2,2
WBGene00010657,0,20,20
WBGene00010658,2,88,90
WBGene00010659,4,32,36
WBGene00010660,27,98,125
WBGene00010661,2,163,165
WBGene00010662,4,3,7
WBGene00010663,47,125,172
WBGene00010664,51,839,890
WBGene00010665,205,3436,3641
WBGene00010666,4,140,144
WBGene00010667,36,301,337
WBGene00010668,2,3,5
WBGene00010669,20,39,59
WBGene00010670,32,2470,2502
WBGene00010671,11,683,694
WBGene00010672,1,2,3
WBGene00010673,2,10,12
WBGene00010674,12,292,304
WBGene00010675,166,917,1083
WBGene00010676,79,805,884
WBGene00010677,140,5827,5967
WBGene00010678,28,238,266
WBGene00010679,11,18,29
WBGene00010680,2,14,16
WBGene00010681,582,9774,10356
WBGene00010682,7,22,29
WBGene00010683,15,37,52
WBGene00010684,4,4,8
WBGene00010685,119,926,1045
WBGene00010686,1,45,46
WBGene00010687,56,720,776
WBGene00010688,0,0,0
WBGene00010689,0,4,4
WBGene00010690,0,1,1
WBGene00010691,1,8,9
WBGene00010692,0,0,0
WBGene00010693,33,30,63
WBGene00010694,8,3,11
WBGene00010697,50,958,1008
WBGene00010698,3,9,12
WBGene00010699,255,1254,1509
WBGene00010700,147,1426,1573
WBGene00010701,64,2361,2425
WBGene00010702,47,234,281
WBGene00010703,947,4129,5076
WBGene00010704,14,233,247
WBGene00010705,5,73,78
WBGene00010706,2,4,6
WBGene00010707,1,1,2
WBGene00010708,12,62,74
WBGene00010709,91,330,421
WBGene00010711,0,129,129
WBGene00010712,12,21,33
WBGene00010713,241,856,1097
WBGene00010714,24,19,43
WBGene00010715,1,0,1
WBGene00010716,25,143,168
WBGene00010717,1,16,17
WBGene00010718,2,5,7
WBGene00010719,1,1,2
WBGene00010720,14,619,633
WBGene00010721,82,867,949
WBGene00010722,29,198,227
WBGene00010723,7,454,461
WBGene00010724,85,348,433
WBGene00010725,43,534,577
WBGene00010726,399,330,729
WBGene00010727,144,3575,3719
WBGene00010728,0,4,4
WBGene00010729,1,0,1
WBGene00010730,20,1631,1651
WBGene00010731,227,1938,2165
WBGene00010732,244,1372,1616
WBGene00010734,32,150,182
WBGene00010735,63,105,168
WBGene00010736,250,1912,2162
WBGene00010737,21,187,208
WBGene00010738,858,1028,1886
WBGene00010740,0,580,580
WBGene00010741,6,109,115
WBGene00010742,192,2758,2950
WBGene00010743,2,13,15
WBGene00010744,101,593,694
WBGene00010745,4,19,23
WBGene00010746,23,1,24
WBGene00010747,3,6,9
WBGene00010748,0,0,0
WBGene00010749,1,19,20
WBGene00010750,1,4,5
WBGene00010752,2,6,8
WBGene00010754,0,0,0
WBGene00010755,6,119,125
WBGene00010756,47,522,569
WBGene00010757,12,157,169
WBGene00010758,65,432,497
WBGene00010759,153,1282,1435
WBGene00010760,0,10,10
WBGene00010761,1,2,3
WBGene00010762,2,4,6
WBGene00010763,0,1,1
WBGene00010764,1,4,5
WBGene00010765,11,51,62
WBGene00010766,46,1612,1658
WBGene00010767,8,197,205
WBGene00010768,25,42,67
WBGene00010769,81,789,870
WBGene00010770,86,177,263
WBGene00010771,33,401,434
WBGene00010772,789,1386,2175
WBGene00010773,109,1168,1277
WBGene00010774,6,16,22
WBGene00010775,6,8,14
WBGene00010776,85,471,556
WBGene00010778,236,3706,3942
WBGene00010779,3,1,4
WBGene00010780,127,1484,1611
WBGene00010781,11,65,76
WBGene00010782,6,32,38
WBGene00010783,272,2238,2510
WBGene00010784,75,192,267
WBGene00010785,53,2029,2082
WBGene00010786,9,13,22
WBGene00010787,6,55,61
WBGene00010788,25,73,98
WBGene00010789,34,55,89
WBGene00010790,318,19736,20054
WBGene00010791,2,43,45
WBGene00010792,27,63,90
WBGene00010793,98,380,478
WBGene00010794,391,7769,8160
WBGene00010795,14,168,182
WBGene00010796,292,1578,1870
WBGene00010797,1,0,1
WBGene00010798,0,0,0
WBGene00010799,11,81,92
WBGene00010800,1,4,5
WBGene00010801,0,0,0
WBGene00010802,2,0,2
WBGene00010803,11,298,309
WBGene00010804,0,2,2
WBGene00010805,18,229,247
WBGene00010806,136,1441,1577
WBGene00010807,7,567,574
WBGene00010808,0,1,1
WBGene00010809,26,2753,2779
WBGene00010810,163,906,1069
WBGene00010811,39,361,400
WBGene00010812,328,3993,4321
WBGene00010813,163,487,650
WBGene00010814,56,139,195
WBGene00010815,70,268,338
WBGene00010817,0,0,0
WBGene00010819,0,2,2
WBGene00010820,3,0,3
WBGene00010821,0,4,4
WBGene00010822,0,15,15
WBGene00010823,0,1,1
WBGene00010825,3,6,9
WBGene00010827,62,561,623
WBGene00010828,564,1552,2116
WBGene00010829,3,9,12
WBGene00010830,5,7,12
WBGene00010831,5,14,19
WBGene00010832,0,0,0
WBGene00010833,53,344,397
WBGene00010834,31,1635,1666
WBGene00010835,16,89,105
WBGene00010836,454,60,514
WBGene00010837,40,681,721
WBGene00010838,107,571,678
WBGene00010839,44,189,233
WBGene00010840,333,608,941
WBGene00010842,318,1453,1771
WBGene00010843,19,76,95
WBGene00010844,107,1118,1225
WBGene00010845,156,2034,2190
WBGene00010846,33,118,151
WBGene00010847,92,927,1019
WBGene00010848,1,107,108
WBGene00010849,192,123,315
WBGene00010850,24,41,65
WBGene00010851,0,15,15
WBGene00010854,0,3,3
WBGene00010855,31,2,33
WBGene00010856,310,1019,1329
WBGene00010857,25,40,65
WBGene00010858,36,182,218
WBGene00010859,7,26,33
WBGene00010862,0,4,4
WBGene00010863,13,15,28
WBGene00010864,24,146,170
WBGene00010865,27,92,119
WBGene00010866,0,0,0
WBGene00010867,90,831,921
WBGene00010868,165,3737,3902
WBGene00010869,0,19,19
WBGene00010870,12,151,163
WBGene00010871,22,99,121
WBGene00010872,73,1884,1957
WBGene00010873,23,193,216
WBGene00010874,88,72,160
WBGene00010875,88,681,769
WBGene00010876,7,11,18
WBGene00010877,129,784,913
WBGene00010878,87,1991,2078
WBGene00010879,124,4715,4839
WBGene00010880,58,54,112
WBGene00010881,34,84,118
WBGene00010882,53,961,1014
WBGene00010883,0,1,1
WBGene00010884,63,292,355
WBGene00010885,0,0,0
WBGene00010886,2,3,5
WBGene00010887,246,1646,1892
WBGene00010888,1726,7504,9230
WBGene00010889,15,230,245
WBGene00010890,95,1364,1459
WBGene00010891,11,468,479
WBGene00010892,10,352,362
WBGene00010893,21,196,217
WBGene00010894,1,0,1
WBGene00010895,0,0,0
WBGene00010896,618,30520,31138
WBGene00010897,110,392,502
WBGene00010898,49,195,244
WBGene00010899,17,31,48
WBGene00010900,0,1,1
WBGene00010901,0,38,38
WBGene00010902,108,561,669
WBGene00010904,6,69,75
WBGene00010905,145,2698,2843
WBGene00010906,5,18,23
WBGene00010907,13,83,96
WBGene00010908,171,1886,2057
WBGene00010909,162,1951,2113
WBGene00010910,288,360,648
WBGene00010911,126,710,836
WBGene00010912,153,1942,2095
WBGene00010913,59,687,746
WBGene00010915,1,1,2
WBGene00010916,8,30,38
WBGene00010917,4,19,23
WBGene00010918,160,794,954
WBGene00010919,1,11,12
WBGene00010920,4,12,16
WBGene00010922,2,624,626
WBGene00010923,156,875,1031
WBGene00010924,2,32,34
WBGene00010925,3,5,8
WBGene00010926,0,4,4
WBGene00010927,0,2,2
WBGene00010928,0,6,6
WBGene00010929,1,2,3
WBGene00010931,16,49,65
WBGene00010933,0,2,2
WBGene00010934,4,29,33
WBGene00010935,17,2014,2031
WBGene00010936,48,360,408
WBGene00010937,0,22,22
WBGene00010938,4,2,6
WBGene00010939,21,16,37
WBGene00010940,2,318,320
WBGene00010941,113,634,747
WBGene00010942,559,5023,5582
WBGene00010943,15,303,318
WBGene00010944,52,801,853
WBGene00010945,7,110,117
WBGene00010946,12,9,21
WBGene00010947,1,264,265
WBGene00010948,3,12,15
WBGene00010949,2,4,6
WBGene00010950,1,3,4
WBGene00010951,34,216,250
WBGene00010953,1,0,1
WBGene00010954,0,0,0
WBGene00010955,1,1,2
WBGene00010956,0,1,1
WBGene00010957,0,262534,262534
WBGene00010958,0,214238,214238
WBGene00010959,0,55393,55393
WBGene00010960,0,247709,247709
WBGene00010961,0,21777,21777
WBGene00010962,0,181796,181796
WBGene00010963,0,27394,27394
WBGene00010964,0,116887,116887
WBGene00010965,0,161657,161657
WBGene00010966,0,12066,12066
WBGene00010967,0,25096,25096
WBGene00010968,1,17,18
WBGene00010969,0,12,12
WBGene00010970,82,603,685
WBGene00010971,9,73,82
WBGene00010972,7,100,107
WBGene00010973,8,29,37
WBGene00010974,36,180,216
WBGene00010975,84,364,448
WBGene00010976,3,333,336
WBGene00010977,19,118,137
WBGene00010978,0,7,7
WBGene00010979,56,33,89
WBGene00010980,1,3,4
WBGene00010981,55,411,466
WBGene00010982,191,1790,1981
WBGene00010983,29,28,57
WBGene00010984,23,1108,1131
WBGene00010985,18,79,97
WBGene00010986,53,174,227
WBGene00010987,3,6,9
WBGene00010988,129,1664,1793
WBGene00010989,2,85,87
WBGene00010990,110,1165,1275
WBGene00010991,8,15,23
WBGene00010992,3,0,3
WBGene00010993,91,3534,3625
WBGene00010994,283,1439,1722
WBGene00010995,2,3,5
WBGene00010996,0,0,0
WBGene00010998,4,7,11
WBGene00010999,19,4,23
WBGene00011000,10,5,15
WBGene00011001,5,9,14
WBGene00011002,31,86,117
WBGene00011003,83,411,494
WBGene00011004,151,489,640
WBGene00011005,1,6,7
WBGene00011006,3,25,28
WBGene00011008,1,0,1
WBGene00011009,6,18,24
WBGene00011010,1,1,2
WBGene00011011,0,0,0
WBGene00011012,1,1,2
WBGene00011013,3,13,16
WBGene00011014,38,88,126
WBGene00011015,4749,39108,43857
WBGene00011016,26,865,891
WBGene00011017,11,1632,1643
WBGene00011018,646,1592,2238
WBGene00011019,508,6271,6779
WBGene00011020,104,1263,1367
WBGene00011021,173,1008,1181
WBGene00011023,0,10,10
WBGene00011024,0,1,1
WBGene00011025,0,1,1
WBGene00011026,1704,3865,5569
WBGene00011027,28,61,89
WBGene00011028,508,702,1210
WBGene00011029,239,1052,1291
WBGene00011030,36,164,200
WBGene00011032,96,1499,1595
WBGene00011033,37,839,876
WBGene00011034,44,660,704
WBGene00011035,164,1244,1408
WBGene00011036,50,515,565
WBGene00011037,50,549,599
WBGene00011038,242,4776,5018
WBGene00011039,9,88,97
WBGene00011040,20,258,278
WBGene00011041,0,2,2
WBGene00011042,0,68,68
WBGene00011043,321,1609,1930
WBGene00011044,53,116,169
WBGene00011045,167,1026,1193
WBGene00011046,1,6,7
WBGene00011047,17,393,410
WBGene00011049,2,10,12
WBGene00011050,146,1231,1377
WBGene00011051,469,1160,1629
WBGene00011052,7,1,8
WBGene00011053,7,0,7
WBGene00011054,46,522,568
WBGene00011055,125,1181,1306
WBGene00011056,5,4,9
WBGene00011058,239,733,972
WBGene00011059,5876,52604,58480
WBGene00011060,73,638,711
WBGene00011061,49,593,642
WBGene00011062,0,45,45
WBGene00011063,5,35,40
WBGene00011064,145,1258,1403
WBGene00011065,6,96,102
WBGene00011066,21,153,174
WBGene00011067,47,516,563
WBGene00011068,26,490,516
WBGene00011069,15,101,116
WBGene00011070,155,2304,2459
WBGene00011071,102,714,816
WBGene00011072,2408,13268,15676
WBGene00011073,8,152,160
WBGene00011074,15,88,103
WBGene00011075,7,52,59
WBGene00011076,3,5,8
WBGene00011077,17,16,33
WBGene00011078,0,3,3
WBGene00011079,5,29,34
WBGene00011081,3,25,28
WBGene00011082,10,87,97
WBGene00011083,13,10,23
WBGene00011084,0,1,1
WBGene00011087,19,199,218
WBGene00011088,1,51,52
WBGene00011089,23,477,500
WBGene00011090,28,131,159
WBGene00011092,46,165,211
WBGene00011093,33,186,219
WBGene00011094,7,62,69
WBGene00011095,36,1415,1451
WBGene00011096,0,3,3
WBGene00011097,64,207,271
WBGene00011098,9,34,43
WBGene00011099,11,71,82
WBGene00011100,45,90,135
WBGene00011101,63,62,125
WBGene00011102,11,299,310
WBGene00011103,1,132,133
WBGene00011104,5,5,10
WBGene00011105,53,515,568
WBGene00011106,58,1021,1079
WBGene00011107,7,80,87
WBGene00011108,18,335,353
WBGene00011109,44,720,764
WBGene00011110,741,3652,4393
WBGene00011111,51,1919,1970
WBGene00011112,16,430,446
WBGene00011113,2,13,15
WBGene00011114,4,5,9
WBGene00011115,44,1049,1093
WBGene00011116,115,2656,2771
WBGene00011117,3,120,123
WBGene00011119,983,6792,7775
WBGene00011120,0,6,6
WBGene00011121,5,135,140
WBGene00011122,301,1931,2232
WBGene00011123,242,562,804
WBGene00011124,3,88,91
WBGene00011127,0,3,3
WBGene00011128,76,5288,5364
WBGene00011129,2,14,16
WBGene00011130,4765,1,4766
WBGene00011131,95,168,263
WBGene00011132,0,2,2
WBGene00011133,0,4,4
WBGene00011134,0,0,0
WBGene00011135,0,0,0
WBGene00011136,4,25,29
WBGene00011137,6,136,142
WBGene00011139,86,562,648
WBGene00011140,12,50,62
WBGene00011141,62,247,309
WBGene00011142,70,873,943
WBGene00011143,80,554,634
WBGene00011144,275,1243,1518
WBGene00011145,38,483,521
WBGene00011146,248,1271,1519
WBGene00011147,29,118,147
WBGene00011150,1,2,3
WBGene00011151,0,0,0
WBGene00011152,6,2,8
WBGene00011153,4,1,5
WBGene00011154,27,577,604
WBGene00011155,959,8451,9410
WBGene00011156,11520,100842,112362
WBGene00011157,0,3,3
WBGene00011158,0,1,1
WBGene00011159,0,0,0
WBGene00011161,1,6,7
WBGene00011162,0,0,0
WBGene00011163,1,0,1
WBGene00011164,1,0,1
WBGene00011166,3,32,35
WBGene00011167,2,11,13
WBGene00011168,0,3,3
WBGene00011169,5,0,5
WBGene00011170,0,0,0
WBGene00011171,35,80,115
WBGene00011172,2,12,14
WBGene00011173,1,0,1
WBGene00011175,4,0,4
WBGene00011176,0,3,3
WBGene00011177,0,1,1
WBGene00011179,21,192,213
WBGene00011180,10,30,40
WBGene00011181,21,214,235
WBGene00011182,67,189,256
WBGene00011183,0,0,0
WBGene00011184,0,14,14
WBGene00011185,5,171,176
WBGene00011186,7,3,10
WBGene00011187,0,24,24
WBGene00011188,7,44,51
WBGene00011189,15,80,95
WBGene00011190,9,91,100
WBGene00011191,4,12,16
WBGene00011192,11,7,18
WBGene00011193,20,657,677
WBGene00011194,96,345,441
WBGene00011195,24,1182,1206
WBGene00011196,4,0,4
WBGene00011197,15,37,52
WBGene00011198,47,1261,1308
WBGene00011200,2,7,9
WBGene00011201,16,89,105
WBGene00011202,9,7,16
WBGene00011203,3,23,26
WBGene00011205,173,1450,1623
WBGene00011206,42,304,346
WBGene00011207,11,12,23
WBGene00011208,0,0,0
WBGene00011209,1,0,1
WBGene00011211,6,1,7
WBGene00011212,3,25,28
WBGene00011213,2,0,2
WBGene00011214,8,59,67
WBGene00011215,22,62,84
WBGene00011216,111,760,871
WBGene00011217,38,242,280
WBGene00011218,36,244,280
WBGene00011219,3,9,12
WBGene00011220,3,52,55
WBGene00011221,128,977,1105
WBGene00011222,17,173,190
WBGene00011223,50,428,478
WBGene00011224,50,261,311
WBGene00011225,26,181,207
WBGene00011226,97,308,405
WBGene00011227,4,211,215
WBGene00011228,4,6,10
WBGene00011229,0,3,3
WBGene00011230,74,1950,2024
WBGene00011231,14,986,1000
WBGene00011232,1458,23001,24459
WBGene00011234,0,21,21
WBGene00011235,26,147,173
WBGene00011236,24,269,293
WBGene00011237,66,1019,1085
WBGene00011238,19,33,52
WBGene00011239,195,2258,2453
WBGene00011240,249,2346,2595
WBGene00011241,4,35,39
WBGene00011242,44,360,404
WBGene00011243,0,14,14
WBGene00011244,6,558,564
WBGene00011245,0,0,0
WBGene00011246,2,13,15
WBGene00011247,316,3045,3361
WBGene00011248,44,478,522
WBGene00011249,3,2,5
WBGene00011250,36,779,815
WBGene00011251,30,127,157
WBGene00011252,2,15,17
WBGene00011253,30,902,932
WBGene00011254,24,1073,1097
WBGene00011255,15,43,58
WBGene00011257,2,346,348
WBGene00011258,7,71,78
WBGene00011259,229,1299,1528
WBGene00011260,7,19,26
WBGene00011261,239,181,420
WBGene00011262,34,137,171
WBGene00011263,18,819,837
WBGene00011264,8,13,21
WBGene00011265,6,185,191
WBGene00011266,1,52,53
WBGene00011267,1,33,34
WBGene00011268,119,560,679
WBGene00011269,54,62,116
WBGene00011270,289,3212,3501
WBGene00011271,71,421,492
WBGene00011272,43,795,838
WBGene00011273,2068,48700,50768
WBGene00011274,130,519,649
WBGene00011275,29,264,293
WBGene00011276,52,898,950
WBGene00011277,3,2,5
WBGene00011278,0,97,97
WBGene00011279,392,2112,2504
WBGene00011280,79,674,753
WBGene00011281,156,1200,1356
WBGene00011282,286,1606,1892
WBGene00011283,490,2649,3139
WBGene00011284,14,963,977
WBGene00011285,24,238,262
WBGene00011286,34,203,237
WBGene00011287,43,225,268
WBGene00011288,0,47,47
WBGene00011289,12,3664,3676
WBGene00011290,0,1,1
WBGene00011291,30,129,159
WBGene00011292,179,1616,1795
WBGene00011293,25,12,37
WBGene00011295,0,0,0
WBGene00011296,4,19,23
WBGene00011297,1,1,2
WBGene00011298,92,407,499
WBGene00011299,171,827,998
WBGene00011300,153,4104,4257
WBGene00011302,349,1021,1370
WBGene00011303,369,1597,1966
WBGene00011304,2107,5496,7603
WBGene00011305,17,252,269
WBGene00011306,82,840,922
WBGene00011307,154,676,830
WBGene00011308,181,2091,2272
WBGene00011309,911,2653,3564
WBGene00011310,6,84,90
WBGene00011311,352,2031,2383
WBGene00011312,5,645,650
WBGene00011313,2,24,26
WBGene00011314,35,183,218
WBGene00011315,16,163,179
WBGene00011317,36,487,523
WBGene00011318,11,292,303
WBGene00011319,75,515,590
WBGene00011320,0,15,15
WBGene00011321,1,112,113
WBGene00011322,1,11,12
WBGene00011323,74,778,852
WBGene00011324,4,238,242
WBGene00011325,8,102,110
WBGene00011326,101,790,891
WBGene00011327,2,11,13
WBGene00011328,221,470,691
WBGene00011329,62,656,718
WBGene00011330,17,164,181
WBGene00011331,1579,702,2281
WBGene00011333,112,1561,1673
WBGene00011334,117,1975,2092
WBGene00011335,11,33,44
WBGene00011336,1,1,2
WBGene00011337,102,3452,3554
WBGene00011338,119,942,1061
WBGene00011339,39,170,209
WBGene00011340,3,27,30
WBGene00011341,0,11,11
WBGene00011342,2,1,3
WBGene00011344,200,865,1065
WBGene00011345,4,252,256
WBGene00011348,83,498,581
WBGene00011349,90,1048,1138
WBGene00011350,0,25,25
WBGene00011351,8,58,66
WBGene00011352,156,1448,1604
WBGene00011353,77,400,477
WBGene00011354,7,25,32
WBGene00011355,9,67,76
WBGene00011356,1,7,8
WBGene00011358,3,3,6
WBGene00011359,20,9,29
WBGene00011360,1,8,9
WBGene00011361,18,63,81
WBGene00011362,4,14,18
WBGene00011363,0,14,14
WBGene00011364,5,13,18
WBGene00011365,2,11,13
WBGene00011366,2,100,102
WBGene00011367,33,509,542
WBGene00011368,70,412,482
WBGene00011371,18,103,121
WBGene00011372,186,202,388
WBGene00011373,0,0,0
WBGene00011374,1651,7453,9104
WBGene00011375,102,639,741
WBGene00011376,12,197,209
WBGene00011378,5,8,13
WBGene00011379,3,0,3
WBGene00011380,32,216,248
WBGene00011381,23,129,152
WBGene00011382,59,427,486
WBGene00011383,133,2631,2764
WBGene00011384,13,9,22
WBGene00011385,73,183,256
WBGene00011386,0,0,0
WBGene00011387,2,0,2
WBGene00011388,2,4,6
WBGene00011389,0,0,0
WBGene00011390,0,0,0
WBGene00011391,456,2096,2552
WBGene00011392,173,10808,10981
WBGene00011393,51,658,709
WBGene00011394,4,17,21
WBGene00011395,2,1,3
WBGene00011396,2,12,14
WBGene00011397,3,7,10
WBGene00011398,369,3326,3695
WBGene00011399,2,222,224
WBGene00011400,61,163,224
WBGene00011401,0,17,17
WBGene00011402,12,9,21
WBGene00011403,1,3,4
WBGene00011404,22,133,155
WBGene00011407,60,331,391
WBGene00011408,295,2941,3236
WBGene00011409,39,2220,2259
WBGene00011410,5,705,710
WBGene00011411,2,335,337
WBGene00011412,158,2844,3002
WBGene00011414,1,3,4
WBGene00011415,34,201,235
WBGene00011416,0,0,0
WBGene00011417,0,0,0
WBGene00011418,0,0,0
WBGene00011419,0,0,0
WBGene00011420,0,0,0
WBGene00011422,101,623,724
WBGene00011423,151,824,975
WBGene00011424,7,34,41
WBGene00011425,33,29,62
WBGene00011426,11,28,39
WBGene00011427,10,20,30
WBGene00011428,281,5034,5315
WBGene00011429,1,12,13
WBGene00011430,15,94,109
WBGene00011431,5,34,39
WBGene00011432,0,0,0
WBGene00011433,193,872,1065
WBGene00011434,17,389,406
WBGene00011435,11,35,46
WBGene00011436,90,1489,1579
WBGene00011437,11,96,107
WBGene00011438,1,1,2
WBGene00011439,11,47,58
WBGene00011440,21,517,538
WBGene00011441,109,556,665
WBGene00011442,55,129,184
WBGene00011443,11,177,188
WBGene00011444,74,446,520
WBGene00011445,12,49,61
WBGene00011446,50,1653,1703
WBGene00011447,10,179,189
WBGene00011449,60,1413,1473
WBGene00011450,6,156,162
WBGene00011451,20,188,208
WBGene00011452,29,130,159
WBGene00011453,3,62,65
WBGene00011454,43,110,153
WBGene00011456,66,190,256
WBGene00011458,13,92,105
WBGene00011460,63,77,140
WBGene00011462,19,31,50
WBGene00011463,43,180,223
WBGene00011464,34,366,400
WBGene00011465,8,73,81
WBGene00011466,7,24,31
WBGene00011467,1,2,3
WBGene00011468,6,3,9
WBGene00011469,0,0,0
WBGene00011471,19,149,168
WBGene00011472,0,3,3
WBGene00011473,6,137,143
WBGene00011474,50,31536,31586
WBGene00011475,5,104,109
WBGene00011476,21,79,100
WBGene00011478,1,4,5
WBGene00011479,52,734,786
WBGene00011480,820,10862,11682
WBGene00011481,19,6561,6580
WBGene00011482,10,178,188
WBGene00011484,13,675,688
WBGene00011485,0,0,0
WBGene00011486,0,2,2
WBGene00011487,11,25,36
WBGene00011488,256,1505,1761
WBGene00011489,15,224,239
WBGene00011490,98,923,1021
WBGene00011491,0,0,0
WBGene00011492,5,13,18
WBGene00011493,0,1,1
WBGene00011494,0,3,3
WBGene00011495,7,132,139
WBGene00011497,23,341,364
WBGene00011498,1147,7215,8362
WBGene00011499,5,4,9
WBGene00011500,41,630,671
WBGene00011501,1,111,112
WBGene00011502,24,519,543
WBGene00011503,254,799,1053
WBGene00011505,0,0,0
WBGene00011506,0,0,0
WBGene00011507,79,2243,2322
WBGene00011508,1,7,8
WBGene00011509,2,97,99
WBGene00011510,387,5291,5678
WBGene00011511,318,1038,1356
WBGene00011512,14,71,85
WBGene00011513,0,113,113
WBGene00011515,4,4,8
WBGene00011516,1,21,22
WBGene00011517,22,115,137
WBGene00011518,1,0,1
WBGene00011519,3,3,6
WBGene00011520,34,169,203
WBGene00011521,0,5,5
WBGene00011522,130,2872,3002
WBGene00011523,8,18,26
WBGene00011524,45,121,166
WBGene00011526,144,1703,1847
WBGene00011527,43,2529,2572
WBGene00011528,67,862,929
WBGene00011529,64,1351,1415
WBGene00011530,9,24,33
WBGene00011531,295,5572,5867
WBGene00011532,227,1080,1307
WBGene00011533,0,3,3
WBGene00011534,0,16,16
WBGene00011535,0,3,3
WBGene00011536,2,2,4
WBGene00011537,0,5,5
WBGene00011538,61,1839,1900
WBGene00011539,2,3,5
WBGene00011540,9,31,40
WBGene00011541,0,0,0
WBGene00011542,0,0,0
WBGene00011543,42,478,520
WBGene00011544,1,0,1
WBGene00011545,12,142,154
WBGene00011546,18,113,131
WBGene00011547,0,3,3
WBGene00011548,5,101,106
WBGene00011551,24,231,255
WBGene00011552,19,6,25
WBGene00011553,0,0,0
WBGene00011554,54,116,170
WBGene00011556,20,32,52
WBGene00011557,11,23,34
WBGene00011558,142,3458,3600
WBGene00011559,83,533,616
WBGene00011560,13,296,309
WBGene00011561,194,6022,6216
WBGene00011562,80,482,562
WBGene00011563,3,9,12
WBGene00011564,551,2715,3266
WBGene00011565,0,6,6
WBGene00011566,1,24,25
WBGene00011568,4,7,11
WBGene00011570,1,1,2
WBGene00011571,142,2593,2735
WBGene00011572,20,70,90
WBGene00011573,36,2525,2561
WBGene00011574,1,8,9
WBGene00011575,25,169,194
WBGene00011576,62,201,263
WBGene00011577,2,3,5
WBGene00011578,10,26,36
WBGene00011579,214,1478,1692
WBGene00011580,72,844,916
WBGene00011581,6,45,51
WBGene00011582,3,15,18
WBGene00011583,1,0,1
WBGene00011584,0,0,0
WBGene00011586,42,1363,1405
WBGene00011587,12,83,95
WBGene00011589,23,546,569
WBGene00011590,87,242,329
WBGene00011591,11,76,87
WBGene00011592,58,46,104
WBGene00011593,6,197,203
WBGene00011594,3,21,24
WBGene00011595,0,0,0
WBGene00011596,7,65,72
WBGene00011597,545,81,626
WBGene00011600,12,91,103
WBGene00011601,41,109,150
WBGene00011604,200,1002,1202
WBGene00011605,146,2585,2731
WBGene00011606,10,66,76
WBGene00011609,0,1,1
WBGene00011610,1,8,9
WBGene00011611,21,158,179
WBGene00011612,22,15,37
WBGene00011613,18,73,91
WBGene00011614,6,122,128
WBGene00011615,11,137,148
WBGene00011616,1,2,3
WBGene00011618,1,0,1
WBGene00011619,4,0,4
WBGene00011620,0,0,0
WBGene00011621,0,0,0
WBGene00011622,13,4,17
WBGene00011623,21,72,93
WBGene00011624,197,797,994
WBGene00011625,25,400,425
WBGene00011626,0,0,0
WBGene00011627,0,0,0
WBGene00011628,0,0,0
WBGene00011629,433,7274,7707
WBGene00011630,10,33,43
WBGene00011631,347,1818,2165
WBGene00011633,14,179,193
WBGene00011634,156,1429,1585
WBGene00011635,42,670,712
WBGene00011636,232,1132,1364
WBGene00011637,85,663,748
WBGene00011638,46,4679,4725
WBGene00011639,327,1456,1783
WBGene00011640,6,115,121
WBGene00011641,0,1497,1497
WBGene00011642,2,29,31
WBGene00011643,2,18,20
WBGene00011644,12,131,143
WBGene00011645,20,311,331
WBGene00011646,5,11,16
WBGene00011647,417,2631,3048
WBGene00011648,100,803,903
WBGene00011649,2,8,10
WBGene00011650,0,0,0
WBGene00011651,5,1,6
WBGene00011652,0,0,0
WBGene00011653,1,1,2
WBGene00011654,0,1,1
WBGene00011655,0,0,0
WBGene00011656,0,0,0
WBGene00011657,2,1,3
WBGene00011658,0,0,0
WBGene00011659,0,1,1
WBGene00011661,58,1264,1322
WBGene00011662,61,1091,1152
WBGene00011663,130,306,436
WBGene00011664,28,287,315
WBGene00011665,2,36,38
WBGene00011666,0,3,3
WBGene00011668,0,2,2
WBGene00011669,1,0,1
WBGene00011670,0,4,4
WBGene00011671,3,5,8
WBGene00011672,67,570,637
WBGene00011673,3,53,56
WBGene00011674,3,15,18
WBGene00011675,17,6,23
WBGene00011676,41,617,658
WBGene00011677,30,39,69
WBGene00011678,19,243,262
WBGene00011679,94,4279,4373
WBGene00011680,16,324,340
WBGene00011681,96,2166,2262
WBGene00011682,60,274,334
WBGene00011683,349,1843,2192
WBGene00011684,8,58,66
WBGene00011685,0,0,0
WBGene00011686,0,0,0
WBGene00011687,30,1853,1883
WBGene00011688,13,325,338
WBGene00011689,7,37,44
WBGene00011691,4,4,8
WBGene00011692,1416,7033,8449
WBGene00011693,7,13,20
WBGene00011694,384,1326,1710
WBGene00011695,14,29,43
WBGene00011696,262,1576,1838
WBGene00011697,6,1,7
WBGene00011698,7,24,31
WBGene00011699,2,13,15
WBGene00011701,2,16,18
WBGene00011702,4,12,16
WBGene00011704,0,1,1
WBGene00011705,26,90,116
WBGene00011706,16,134,150
WBGene00011707,6,38,44
WBGene00011708,1151,6705,7856
WBGene00011709,11,51,62
WBGene00011710,0,3,3
WBGene00011712,1,33,34
WBGene00011713,10,343,353
WBGene00011714,0,0,0
WBGene00011715,0,3,3
WBGene00011717,20,396,416
WBGene00011718,23,162,185
WBGene00011719,46,325,371
WBGene00011720,238,1165,1403
WBGene00011722,139,1616,1755
WBGene00011723,195,1701,1896
WBGene00011724,2,1,3
WBGene00011725,24,128,152
WBGene00011726,142,635,777
WBGene00011727,51,560,611
WBGene00011728,9,37,46
WBGene00011729,121,1395,1516
WBGene00011730,74,4934,5008
WBGene00011731,13,337,350
WBGene00011732,488,2281,2769
WBGene00011733,10,380,390
WBGene00011734,244,4494,4738
WBGene00011735,502,3791,4293
WBGene00011736,299,7606,7905
WBGene00011737,99,2085,2184
WBGene00011738,41,450,491
WBGene00011739,9,228,237
WBGene00011740,324,2064,2388
WBGene00011741,3,21,24
WBGene00011742,34,812,846
WBGene00011743,353,3089,3442
WBGene00011744,14,73,87
WBGene00011745,27,74,101
WBGene00011746,7,130,137
WBGene00011747,78,781,859
WBGene00011749,0,29,29
WBGene00011750,3,10,13
WBGene00011751,0,0,0
WBGene00011752,6,47,53
WBGene00011753,2,35,37
WBGene00011754,3,13,16
WBGene00011755,674,2535,3209
WBGene00011756,41,313,354
WBGene00011757,5,7,12
WBGene00011758,112,1920,2032
WBGene00011759,16,2898,2914
WBGene00011760,37,653,690
WBGene00011761,23,639,662
WBGene00011762,8,161,169
WBGene00011763,168,4524,4692
WBGene00011765,75,252,327
WBGene00011767,706,1952,2658
WBGene00011768,32,747,779
WBGene00011770,0,12,12
WBGene00011771,425,3706,4131
WBGene00011772,63,88,151
WBGene00011773,9,597,606
WBGene00011774,91,582,673
WBGene00011775,274,2856,3130
WBGene00011776,8,357,365
WBGene00011777,1,85,86
WBGene00011778,1,0,1
WBGene00011779,1,0,1
WBGene00011780,0,0,0
WBGene00011781,2,2,4
WBGene00011782,0,1,1
WBGene00011783,0,0,0
WBGene00011784,0,0,0
WBGene00011785,0,2,2
WBGene00011786,2,9,11
WBGene00011788,11,145,156
WBGene00011789,8,49,57
WBGene00011790,3,4,7
WBGene00011791,0,5,5
WBGene00011793,54,111,165
WBGene00011794,50,720,770
WBGene00011795,14,59,73
WBGene00011796,6,89,95
WBGene00011797,2,3,5
WBGene00011798,56,107,163
WBGene00011799,6,29,35
WBGene00011800,14,73,87
WBGene00011801,18,213,231
WBGene00011802,42,855,897
WBGene00011803,6,42,48
WBGene00011804,114,44,158
WBGene00011805,6,24,30
WBGene00011806,36,627,663
WBGene00011807,128,558,686
WBGene00011808,0,0,0
WBGene00011809,3,11,14
WBGene00011810,6,1,7
WBGene00011811,12,31,43
WBGene00011812,3,22,25
WBGene00011813,34,423,457
WBGene00011814,42,209,251
WBGene00011815,123,1319,1442
WBGene00011816,2,1,3
WBGene00011817,58,153,211
WBGene00011819,13,211,224
WBGene00011820,14,536,550
WBGene00011821,1,30,31
WBGene00011822,35,208,243
WBGene00011823,0,135,135
WBGene00011824,85,341,426
WBGene00011826,65,134,199
WBGene00011827,450,938,1388
WBGene00011828,4,531,535
WBGene00011829,28,45,73
WBGene00011830,95,1102,1197
WBGene00011831,15,865,880
WBGene00011832,51,621,672
WBGene00011833,51,621,672
WBGene00011834,11,222,233
WBGene00011835,16,312,328
WBGene00011836,2,35,37
WBGene00011837,0,11,11
WBGene00011838,23,469,492
WBGene00011839,21,357,378
WBGene00011840,0,2,2
WBGene00011841,2,19,21
WBGene00011844,4,53,57
WBGene00011846,2,11,13
WBGene00011847,0,1,1
WBGene00011848,3,2,5
WBGene00011849,10,1426,1436
WBGene00011850,70,179,249
WBGene00011852,0,5,5
WBGene00011853,2,0,2
WBGene00011854,628,974,1602
WBGene00011855,1,13,14
WBGene00011856,78,534,612
WBGene00011857,277,3208,3485
WBGene00011858,34,849,883
WBGene00011859,60,936,996
WBGene00011860,5,278,283
WBGene00011864,175,2453,2628
WBGene00011866,8,226,234
WBGene00011867,92,3633,3725
WBGene00011868,24,104,128
WBGene00011869,58,35772,35830
WBGene00011870,18,1793,1811
WBGene00011871,57,483,540
WBGene00011872,61,308,369
WBGene00011873,64,60,124
WBGene00011874,2,12,14
WBGene00011875,447,4455,4902
WBGene00011876,0,10,10
WBGene00011877,0,3,3
WBGene00011878,28,143,171
WBGene00011879,123,926,1049
WBGene00011880,1382,20943,22325
WBGene00011882,2,8,10
WBGene00011883,237,1901,2138
WBGene00011884,194,33139,33333
WBGene00011885,491,1117,1608
WBGene00011886,9,145,154
WBGene00011887,378,434,812
WBGene00011888,125,296,421
WBGene00011890,35,555,590
WBGene00011891,209,1521,1730
WBGene00011892,124,1287,1411
WBGene00011893,10,51,61
WBGene00011894,42,440,482
WBGene00011895,1,8,9
WBGene00011896,1,82,83
WBGene00011897,275,3603,3878
WBGene00011898,0,34,34
WBGene00011899,18,343,361
WBGene00011900,24,3,27
WBGene00011902,0,9,9
WBGene00011903,0,2,2
WBGene00011904,280,1686,1966
WBGene00011906,26,763,789
WBGene00011908,51,300,351
WBGene00011909,6,4,10
WBGene00011910,2,3,5
WBGene00011911,0,2,2
WBGene00011912,107,1209,1316
WBGene00011913,112,259,371
WBGene00011914,15,287,302
WBGene00011915,65,579,644
WBGene00011916,52,308,360
WBGene00011917,266,3348,3614
WBGene00011918,2,0,2
WBGene00011919,7,9,16
WBGene00011920,26,201,227
WBGene00011921,4,0,4
WBGene00011922,0,7,7
WBGene00011923,3,41,44
WBGene00011924,33,315,348
WBGene00011925,6,33,39
WBGene00011926,12,54,66
WBGene00011927,8,69,77
WBGene00011928,9,39,48
WBGene00011929,0,0,0
WBGene00011930,42,287,329
WBGene00011931,7,98,105
WBGene00011932,80,907,987
WBGene00011934,0,483,483
WBGene00011935,41,557,598
WBGene00011936,9,88,97
WBGene00011937,0,7,7
WBGene00011938,3,49,52
WBGene00011939,73,937,1010
WBGene00011940,125,394,519
WBGene00011941,71,248,319
WBGene00011942,0,0,0
WBGene00011943,0,0,0
WBGene00011944,323,2638,2961
WBGene00011945,45,171,216
WBGene00011947,0,0,0
WBGene00011948,1,2,3
WBGene00011949,0,0,0
WBGene00011950,0,0,0
WBGene00011951,1,4,5
WBGene00011952,15,34,49
WBGene00011953,533,3123,3656
WBGene00011954,3,8,11
WBGene00011955,88,880,968
WBGene00011956,27,381,408
WBGene00011957,50,213,263
WBGene00011958,19,41,60
WBGene00011959,3,140,143
WBGene00011960,19,59,78
WBGene00011961,1,0,1
WBGene00011962,136,1032,1168
WBGene00011963,40,169,209
WBGene00011964,45,425,470
WBGene00011965,62,455,517
WBGene00011966,391,4051,4442
WBGene00011967,91,991,1082
WBGene00011968,0,65,65
WBGene00011969,8,525,533
WBGene00011970,178,409,587
WBGene00011971,210,1902,2112
WBGene00011972,47,919,966
WBGene00011973,2,3,5
WBGene00011974,19,51,70
WBGene00011975,178,1227,1405
WBGene00011976,176,497,673
WBGene00011977,274,22024,22298
WBGene00011978,321,2959,3280
WBGene00011979,0,7,7
WBGene00011980,258,1513,1771
WBGene00011981,0,3,3
WBGene00011982,0,0,0
WBGene00011983,2,1,3
WBGene00011984,5,67,72
WBGene00011985,35,457,492
WBGene00011986,0,24,24
WBGene00011988,18,83,101
WBGene00011989,0,0,0
WBGene00011990,2,137,139
WBGene00011991,2,0,2
WBGene00011992,0,0,0
WBGene00011993,0,1,1
WBGene00011994,13,361,374
WBGene00011995,180,776,956
WBGene00011996,13,171,184
WBGene00011997,36,1203,1239
WBGene00011999,5,18,23
WBGene00012000,50,1199,1249
WBGene00012002,36,575,611
WBGene00012003,22,14,36
WBGene00012004,155,1198,1353
WBGene00012005,1316,456,1772
WBGene00012007,21,977,998
WBGene00012008,0,7,7
WBGene00012009,32,142,174
WBGene00012010,6,9,15
WBGene00012011,1,1,2
WBGene00012012,0,7,7
WBGene00012013,12,42,54
WBGene00012014,66,403,469
WBGene00012015,132,3370,3502
WBGene00012016,62,233,295
WBGene00012017,8,14,22
WBGene00012018,90,434,524
WBGene00012019,4488,1561,6049
WBGene00012020,3,81,84
WBGene00012021,2,1,3
WBGene00012022,3,1,4
WBGene00012023,1,6,7
WBGene00012024,0,2,2
WBGene00012025,2,1,3
WBGene00012026,1,2,3
WBGene00012027,1,1,2
WBGene00012028,0,1,1
WBGene00012029,94,542,636
WBGene00012030,178,3386,3564
WBGene00012031,95,2424,2519
WBGene00012032,7,46,53
WBGene00012033,186,1089,1275
WBGene00012034,9,56,65
WBGene00012035,33,533,566
WBGene00012036,0,9,9
WBGene00012037,700,3785,4485
WBGene00012038,1,1,2
WBGene00012039,0,0,0
WBGene00012040,0,10,10
WBGene00012041,2,0,2
WBGene00012042,15,125,140
WBGene00012043,0,4,4
WBGene00012044,0,8,8
WBGene00012045,4,51,55
WBGene00012046,5,20,25
WBGene00012049,0,0,0
WBGene00012050,0,0,0
WBGene00012051,6,2,8
WBGene00012052,0,0,0
WBGene00012054,1,0,1
WBGene00012055,0,1,1
WBGene00012056,0,5,5
WBGene00012057,0,0,0
WBGene00012059,206,2113,2319
WBGene00012060,0,0,0
WBGene00012061,0,0,0
WBGene00012062,14,119,133
WBGene00012063,0,0,0
WBGene00012064,0,0,0
WBGene00012065,0,0,0
WBGene00012066,2,0,2
WBGene00012067,1,0,1
WBGene00012068,5,20,25
WBGene00012069,0,0,0
WBGene00012070,7,5,12
WBGene00012072,0,4,4
WBGene00012073,56,449,505
WBGene00012074,1,0,1
WBGene00012075,0,0,0
WBGene00012076,0,0,0
WBGene00012077,4,1,5
WBGene00012080,0,0,0
WBGene00012081,1,0,1
WBGene00012083,0,0,0
WBGene00012084,22,288,310
WBGene00012085,92,1926,2018
WBGene00012086,15,12,27
WBGene00012087,1,2,3
WBGene00012088,2,1,3
WBGene00012089,0,0,0
WBGene00012090,0,0,0
WBGene00012091,0,1,1
WBGene00012093,0,0,0
WBGene00012094,0,21434,21434
WBGene00012095,181,299,480
WBGene00012096,0,4,4
WBGene00012097,163,11125,11288
WBGene00012099,105,153,258
WBGene00012100,218,1789,2007
WBGene00012101,1,390,391
WBGene00012102,2,3,5
WBGene00012103,3,26,29
WBGene00012104,50,748,798
WBGene00012105,19,332,351
WBGene00012106,40,449,489
WBGene00012107,11,107,118
WBGene00012108,3,0,3
WBGene00012109,16,97,113
WBGene00012110,15,116,131
WBGene00012111,33,185,218
WBGene00012112,35,203,238
WBGene00012113,16,6399,6415
WBGene00012114,24,55,79
WBGene00012115,4,7,11
WBGene00012116,10,31,41
WBGene00012117,236,2388,2624
WBGene00012118,325,1422,1747
WBGene00012119,1,24,25
WBGene00012120,2,101,103
WBGene00012121,342,3243,3585
WBGene00012122,13,367,380
WBGene00012123,202,1769,1971
WBGene00012124,27,443,470
WBGene00012125,85,802,887
WBGene00012126,1061,2563,3624
WBGene00012127,19,158,177
WBGene00012128,240,3196,3436
WBGene00012130,23,141,164
WBGene00012131,11,160,171
WBGene00012132,19,151,170
WBGene00012134,5,67,72
WBGene00012135,29,65,94
WBGene00012136,445,1882,2327
WBGene00012137,48,94,142
WBGene00012138,15,34,49
WBGene00012139,320,364,684
WBGene00012140,240,12000,12240
WBGene00012142,53,200,253
WBGene00012143,60,247,307
WBGene00012144,19,121,140
WBGene00012145,46,852,898
WBGene00012146,0,0,0
WBGene00012147,2,5,7
WBGene00012148,140,20246,20386
WBGene00012149,180,702,882
WBGene00012150,45,296,341
WBGene00012151,59,32,91
WBGene00012152,75,629,704
WBGene00012155,21,150,171
WBGene00012156,6,529,535
WBGene00012157,140,481,621
WBGene00012158,1666,8310,9976
WBGene00012159,2,0,2
WBGene00012162,2,43,45
WBGene00012163,3,16,19
WBGene00012164,124,89,213
WBGene00012165,157,153,310
WBGene00012166,16,8640,8656
WBGene00012167,21,452,473
WBGene00012168,48,75,123
WBGene00012169,0,0,0
WBGene00012170,3,6,9
WBGene00012171,0,4,4
WBGene00012172,10,27,37
WBGene00012173,1,4,5
WBGene00012174,2,1,3
WBGene00012175,5,31,36
WBGene00012176,8,23,31
WBGene00012177,0,0,0
WBGene00012178,69,185,254
WBGene00012179,2950,155920,158870
WBGene00012180,121,49,170
WBGene00012181,5,4,9
WBGene00012182,14,610,624
WBGene00012183,0,37,37
WBGene00012184,15,168,183
WBGene00012185,7,74,81
WBGene00012186,86,2367,2453
WBGene00012187,88,1356,1444
WBGene00012188,113,581,694
WBGene00012190,41,28,69
WBGene00012191,26,42,68
WBGene00012192,100,543,643
WBGene00012193,604,4068,4672
WBGene00012194,51,960,1011
WBGene00012195,22,32,54
WBGene00012196,8,51,59
WBGene00012197,82,2275,2357
WBGene00012198,25,275,300
WBGene00012199,17,76,93
WBGene00012200,6,3,9
WBGene00012201,5,34,39
WBGene00012202,6,26,32
WBGene00012203,85,1142,1227
WBGene00012204,26,1246,1272
WBGene00012205,36,1046,1082
WBGene00012206,39,820,859
WBGene00012207,0,2,2
WBGene00012208,95,749,844
WBGene00012209,9,149,158
WBGene00012210,2,80,82
WBGene00012211,1,1,2
WBGene00012212,0,0,0
WBGene00012213,0,1,1
WBGene00012214,0,1,1
WBGene00012215,1,3,4
WBGene00012216,12,691,703
WBGene00012217,10,24,34
WBGene00012219,5,25,30
WBGene00012220,31,163,194
WBGene00012221,107,1690,1797
WBGene00012222,57,258,315
WBGene00012223,0,0,0
WBGene00012224,1,4,5
WBGene00012225,104,258,362
WBGene00012226,269,645,914
WBGene00012227,3,9,12
WBGene00012228,9,45,54
WBGene00012230,428,1247,1675
WBGene00012231,1,3,4
WBGene00012232,0,0,0
WBGene00012233,2,0,2
WBGene00012234,252,979,1231
WBGene00012235,45,446,491
WBGene00012236,59,315,374
WBGene00012237,7,103,110
WBGene00012238,17,0,17
WBGene00012239,82,1494,1576
WBGene00012240,1,3,4
WBGene00012241,66,198,264
WBGene00012242,1,38,39
WBGene00012243,22,494,516
WBGene00012244,20,1583,1603
WBGene00012245,305,2226,2531
WBGene00012246,1,1,2
WBGene00012247,1,1,2
WBGene00012248,0,0,0
WBGene00012249,2,0,2
WBGene00012250,1,0,1
WBGene00012251,0,16,16
WBGene00012252,185,510,695
WBGene00012253,23,506,529
WBGene00012254,12,9,21
WBGene00012255,60,2140,2200
WBGene00012256,22,975,997
WBGene00012257,37,952,989
WBGene00012258,37,857,894
WBGene00012259,113,316,429
WBGene00012260,0,8,8
WBGene00012261,59,2733,2792
WBGene00012264,0,20,20
WBGene00012265,3,9,12
WBGene00012266,3,3,6
WBGene00012267,1,2,3
WBGene00012268,14,77,91
WBGene00012269,3,2,5
WBGene00012270,15,18,33
WBGene00012271,2,16,18
WBGene00012272,71,48,119
WBGene00012274,458,3033,3491
WBGene00012275,152,166,318
WBGene00012276,124,1525,1649
WBGene00012277,55,375,430
WBGene00012278,0,0,0
WBGene00012279,12,485,497
WBGene00012280,8,31,39
WBGene00012281,55,162,217
WBGene00012282,22,240,262
WBGene00012283,0,0,0
WBGene00012285,0,0,0
WBGene00012286,0,0,0
WBGene00012287,1,1,2
WBGene00012288,0,0,0
WBGene00012289,402,2270,2672
WBGene00012290,13,281,294
WBGene00012291,1020,3599,4619
WBGene00012293,71,694,765
WBGene00012294,0,12,12
WBGene00012295,13,37,50
WBGene00012296,3,10,13
WBGene00012297,2,9,11
WBGene00012298,67,910,977
WBGene00012299,0,23,23
WBGene00012300,0,0,0
WBGene00012301,0,0,0
WBGene00012302,0,0,0
WBGene00012303,0,0,0
WBGene00012304,42,1,43
WBGene00012305,1,0,1
WBGene00012306,80,153,233
WBGene00012307,4,15,19
WBGene00012308,3,0,3
WBGene00012309,0,0,0
WBGene00012310,1,0,1
WBGene00012311,0,1,1
WBGene00012312,0,0,0
WBGene00012313,0,0,0
WBGene00012314,0,0,0
WBGene00012315,42,374,416
WBGene00012316,138,824,962
WBGene00012317,117,1695,1812
WBGene00012318,0,2,2
WBGene00012319,153,468,621
WBGene00012321,1,3,4
WBGene00012322,127,1334,1461
WBGene00012323,2,16,18
WBGene00012324,4,149,153
WBGene00012325,27,92,119
WBGene00012326,339,1171,1510
WBGene00012328,7,33,40
WBGene00012329,7,9,16
WBGene00012330,30,353,383
WBGene00012332,3,67,70
WBGene00012333,8,17,25
WBGene00012334,9,0,9
WBGene00012335,5,10,15
WBGene00012336,11,32,43
WBGene00012337,432,2234,2666
WBGene00012339,31,297,328
WBGene00012340,20,117,137
WBGene00012341,123,1131,1254
WBGene00012342,265,1963,2228
WBGene00012343,177,1995,2172
WBGene00012344,413,5897,6310
WBGene00012345,2,6,8
WBGene00012346,7,13,20
WBGene00012347,982,335,1317
WBGene00012348,905,3386,4291
WBGene00012349,7,0,7
WBGene00012351,1239,6844,8083
WBGene00012352,130,383,513
WBGene00012353,68,924,992
WBGene00012354,490,26066,26556
WBGene00012356,9,73,82
WBGene00012357,0,0,0
WBGene00012358,272,1970,2242
WBGene00012359,53,802,855
WBGene00012360,67,421,488
WBGene00012361,130,6210,6340
WBGene00012362,642,1408,2050
WBGene00012363,178,388,566
WBGene00012364,67,233,300
WBGene00012365,132,1449,1581
WBGene00012366,71,747,818
WBGene00012369,108,756,864
WBGene00012370,203,373,576
WBGene00012371,864,1049,1913
WBGene00012372,12,90,102
WBGene00012373,2,5,7
WBGene00012374,3,29,32
WBGene00012375,54,1778,1832
WBGene00012376,362,8868,9230
WBGene00012378,3,9,12
WBGene00012379,0,5,5
WBGene00012380,0,0,0
WBGene00012381,87,387,474
WBGene00012382,8236,80794,89030
WBGene00012383,1611,14089,15700
WBGene00012385,45,262,307
WBGene00012386,346520,1315,347835
WBGene00012387,30,79,109
WBGene00012388,33,2,35
WBGene00012389,254,463,717
WBGene00012390,144,384,528
WBGene00012391,35,267,302
WBGene00012393,97,501,598
WBGene00012394,4,14,18
WBGene00012395,3,350,353
WBGene00012396,69,881,950
WBGene00012397,0,4,4
WBGene00012398,6,18,24
WBGene00012399,23,33,56
WBGene00012400,1,4,5
WBGene00012401,0,1,1
WBGene00012402,0,0,0
WBGene00012404,2,18,20
WBGene00012405,0,0,0
WBGene00012406,1,2,3
WBGene00012407,24,199,223
WBGene00012408,34,210,244
WBGene00012409,2,1,3
WBGene00012411,0,0,0
WBGene00012412,17,7,24
WBGene00012413,2,11,13
WBGene00012414,2,6,8
WBGene00012415,3,4,7
WBGene00012416,10,20,30
WBGene00012420,8,1229,1237
WBGene00012421,76,857,933
WBGene00012422,0,21,21
WBGene00012423,193,1630,1823
WBGene00012424,477,1774,2251
WBGene00012425,38,99,137
WBGene00012428,7,71,78
WBGene00012429,1,19,20
WBGene00012431,7,111,118
WBGene00012432,1,10,11
WBGene00012433,10,98,108
WBGene00012434,521,3856,4377
WBGene00012435,1,139,140
WBGene00012436,0,52,52
WBGene00012437,672,3783,4455
WBGene00012439,34,746,780
WBGene00012440,7,546,553
WBGene00012441,23,235,258
WBGene00012442,24,39,63
WBGene00012443,290,2534,2824
WBGene00012444,7,1769,1776
WBGene00012445,28,204,232
WBGene00012446,30,108,138
WBGene00012448,23,2,25
WBGene00012449,8,34,42
WBGene00012450,11,35,46
WBGene00012451,12,3,15
WBGene00012452,168,3765,3933
WBGene00012454,1,2,3
WBGene00012455,29,16,45
WBGene00012456,16,35,51
WBGene00012457,18,57,75
WBGene00012458,241,1099,1340
WBGene00012459,29,748,777
WBGene00012460,32,360,392
WBGene00012461,134,168,302
WBGene00012462,150,181,331
WBGene00012463,159,575,734
WBGene00012464,7,26,33
WBGene00012465,148,1411,1559
WBGene00012466,166,229,395
WBGene00012467,4,18,22
WBGene00012468,171,1436,1607
WBGene00012469,43,479,522
WBGene00012470,1,0,1
WBGene00012471,84,5427,5511
WBGene00012472,179,899,1078
WBGene00012473,21,33,54
WBGene00012474,234,1117,1351
WBGene00012475,10,79,89
WBGene00012476,65,54,119
WBGene00012477,24,33,57
WBGene00012478,606,3302,3908
WBGene00012479,84,633,717
WBGene00012480,6,22,28
WBGene00012481,11,138,149
WBGene00012482,0,5,5
WBGene00012483,22,1839,1861
WBGene00012484,22,2558,2580
WBGene00012486,1,0,1
WBGene00012487,2,20,22
WBGene00012488,2,0,2
WBGene00012489,0,0,0
WBGene00012490,1,23,24
WBGene00012491,70,5,75
WBGene00012492,1,1,2
WBGene00012494,36,69,105
WBGene00012496,75,577,652
WBGene00012497,69,1756,1825
WBGene00012500,4,14,18
WBGene00012501,0,0,0
WBGene00012502,0,1,1
WBGene00012503,2,17,19
WBGene00012504,0,1,1
WBGene00012505,3,0,3
WBGene00012509,0,0,0
WBGene00012510,0,0,0
WBGene00012512,6,76,82
WBGene00012513,7,171,178
WBGene00012514,13,126,139
WBGene00012515,0,1,1
WBGene00012516,0,0,0
WBGene00012518,0,1,1
WBGene00012519,4,4,8
WBGene00012520,0,0,0
WBGene00012521,0,1,1
WBGene00012522,285,1190,1475
WBGene00012523,1,1,2
WBGene00012524,44,316,360
WBGene00012525,0,4,4
WBGene00012526,0,2,2
WBGene00012527,24,144,168
WBGene00012528,450,1729,2179
WBGene00012529,10,63,73
WBGene00012530,191,674,865
WBGene00012531,32,98,130
WBGene00012532,102,252,354
WBGene00012533,1,6,7
WBGene00012535,8,9,17
WBGene00012536,26,185,211
WBGene00012537,0,118,118
WBGene00012538,32,205,237
WBGene00012540,7,39,46
WBGene00012541,3,5,8
WBGene00012542,4,4,8
WBGene00012543,122,823,945
WBGene00012544,1317,11728,13045
WBGene00012545,90,494,584
WBGene00012546,13,294,307
WBGene00012547,1,9,10
WBGene00012548,47,643,690
WBGene00012549,71,0,71
WBGene00012550,37,3738,3775
WBGene00012551,5,398,403
WBGene00012552,2,106,108
WBGene00012553,4683,32549,37232
WBGene00012554,56,686,742
WBGene00012555,17,347,364
WBGene00012556,231,2107,2338
WBGene00012557,1,1,2
WBGene00012558,137,1194,1331
WBGene00012559,175,293,468
WBGene00012560,435,898,1333
WBGene00012561,2,23,25
WBGene00012562,117,632,749
WBGene00012564,22,178,200
WBGene00012565,12,124,136
WBGene00012566,3,54,57
WBGene00012567,2,5,7
WBGene00012570,1,2,3
WBGene00012571,0,0,0
WBGene00012573,10,35,45
WBGene00012574,0,1,1
WBGene00012575,0,0,0
WBGene00012576,59,266,325
WBGene00012577,1,0,1
WBGene00012578,274,627,901
WBGene00012579,0,0,0
WBGene00012580,0,1,1
WBGene00012581,0,1,1
WBGene00012582,1,9,10
WBGene00012583,1,1,2
WBGene00012584,651,1515,2166
WBGene00012585,18,18,36
WBGene00012586,3,13,16
WBGene00012587,0,9,9
WBGene00012589,0,0,0
WBGene00012590,0,0,0
WBGene00012591,0,396,396
WBGene00012592,6,150,156
WBGene00012593,3,9,12
WBGene00012594,8,28,36
WBGene00012595,3,88,91
WBGene00012596,21,42,63
WBGene00012597,37,430,467
WBGene00012598,262,36,298
WBGene00012600,78,431,509
WBGene00012602,673,6264,6937
WBGene00012603,1,0,1
WBGene00012604,0,61,61
WBGene00012605,19,79,98
WBGene00012606,58,298,356
WBGene00012607,3,34,37
WBGene00012608,1699,13043,14742
WBGene00012609,1,0,1
WBGene00012610,12,184,196
WBGene00012612,0,1,1
WBGene00012614,3,10,13
WBGene00012615,114,1635,1749
WBGene00012616,1,23,24
WBGene00012617,0,1,1
WBGene00012618,6,3,9
WBGene00012621,2,41,43
WBGene00012622,11,26,37
WBGene00012624,36,175,211
WBGene00012625,1,9,10
WBGene00012626,11,46,57
WBGene00012627,14,24,38
WBGene00012628,120,911,1031
WBGene00012629,6,49,55
WBGene00012630,0,2,2
WBGene00012631,0,3,3
WBGene00012632,19,67,86
WBGene00012633,9,4,13
WBGene00012634,3,37,40
WBGene00012635,13,83,96
WBGene00012636,2,7,9
WBGene00012637,0,3,3
WBGene00012638,0,0,0
WBGene00012639,26,75,101
WBGene00012640,18,41,59
WBGene00012641,174,1017,1191
WBGene00012642,5,9,14
WBGene00012643,16,1136,1152
WBGene00012644,274,524,798
WBGene00012645,184,1705,1889
WBGene00012646,102,1082,1184
WBGene00012647,62,317,379
WBGene00012648,115,3531,3646
WBGene00012649,0,1,1
WBGene00012650,12,486,498
WBGene00012651,67,261,328
WBGene00012652,8,1199,1207
WBGene00012654,44,36,80
WBGene00012655,8,2,10
WBGene00012656,8,4,12
WBGene00012657,163,416,579
WBGene00012658,365,1317,1682
WBGene00012659,0,9,9
WBGene00012660,17,764,781
WBGene00012661,3,0,3
WBGene00012662,104,826,930
WBGene00012663,91,407,498
WBGene00012664,2,444,446
WBGene00012665,91,905,996
WBGene00012666,192,1458,1650
WBGene00012668,460,1718,2178
WBGene00012669,9,24,33
WBGene00012670,12,8,20
WBGene00012671,3,12,15
WBGene00012672,0,2,2
WBGene00012673,19,52,71
WBGene00012674,133,470,603
WBGene00012675,163,681,844
WBGene00012676,373,1507,1880
WBGene00012678,31,66,97
WBGene00012679,1,5,6
WBGene00012681,4,0,4
WBGene00012682,6,4,10
WBGene00012683,0,3,3
WBGene00012684,1,0,1
WBGene00012686,0,8,8
WBGene00012688,0,0,0
WBGene00012689,5,4,9
WBGene00012691,1,0,1
WBGene00012692,483,2842,3325
WBGene00012693,201,1069,1270
WBGene00012694,83,799,882
WBGene00012695,11,542,553
WBGene00012696,5,151,156
WBGene00012697,58,1825,1883
WBGene00012698,21,182,203
WBGene00012699,3,2,5
WBGene00012700,10,102,112
WBGene00012701,75,309,384
WBGene00012702,8,15,23
WBGene00012703,49,130,179
WBGene00012704,37,170,207
WBGene00012705,9,62,71
WBGene00012707,0,3,3
WBGene00012708,1,3,4
WBGene00012709,15,30,45
WBGene00012710,6,363,369
WBGene00012711,12,28,40
WBGene00012712,87,203,290
WBGene00012713,138,2988,3126
WBGene00012714,93,2236,2329
WBGene00012715,36,508,544
WBGene00012716,3,138,141
WBGene00012717,302,4546,4848
WBGene00012718,237,234,471
WBGene00012719,84,166,250
WBGene00012720,3,1,4
WBGene00012721,11,18,29
WBGene00012722,74,1362,1436
WBGene00012723,15,260,275
WBGene00012724,1,3,4
WBGene00012725,0,1,1
WBGene00012726,2,2,4
WBGene00012727,0,0,0
WBGene00012728,4,97,101
WBGene00012729,0,3,3
WBGene00012730,534,722,1256
WBGene00012731,2,11,13
WBGene00012732,218,502,720
WBGene00012733,9,12,21
WBGene00012734,280,142,422
WBGene00012735,394,589,983
WBGene00012738,79,4737,4816
WBGene00012739,1111,3185,4296
WBGene00012740,84,899,983
WBGene00012741,0,4,4
WBGene00012742,0,0,0
WBGene00012743,4,1,5
WBGene00012744,113,105,218
WBGene00012746,0,0,0
WBGene00012747,6,16,22
WBGene00012748,0,5,5
WBGene00012750,141,183,324
WBGene00012753,41,331,372
WBGene00012754,8,47,55
WBGene00012755,24,218,242
WBGene00012756,134,435,569
WBGene00012757,46,368,414
WBGene00012758,33,153,186
WBGene00012759,127,2918,3045
WBGene00012760,8931,1136,10067
WBGene00012761,0,0,0
WBGene00012762,109,1858,1967
WBGene00012763,153,360,513
WBGene00012764,1,275,276
WBGene00012765,166,1639,1805
WBGene00012766,96,1821,1917
WBGene00012767,305,621,926
WBGene00012768,66,33607,33673
WBGene00012769,336,2067,2403
WBGene00012770,161,60,221
WBGene00012771,2,1,3
WBGene00012772,16,3,19
WBGene00012773,1,1,2
WBGene00012775,24,1,25
WBGene00012776,76,218,294
WBGene00012777,5,71,76
WBGene00012778,24,144,168
WBGene00012779,39,163,202
WBGene00012780,15,37,52
WBGene00012781,0,8,8
WBGene00012782,23,138,161
WBGene00012783,18,871,889
WBGene00012784,9,7,16
WBGene00012785,0,4,4
WBGene00012786,0,10,10
WBGene00012787,0,11,11
WBGene00012788,30,3,33
WBGene00012789,1,0,1
WBGene00012790,0,0,0
WBGene00012791,176,18,194
WBGene00012792,0,0,0
WBGene00012794,46,1176,1222
WBGene00012795,1,40,41
WBGene00012796,30,180,210
WBGene00012798,5,7,12
WBGene00012799,1,20,21
WBGene00012802,75,344,419
WBGene00012803,49,2778,2827
WBGene00012804,75,732,807
WBGene00012806,29,335,364
WBGene00012807,94,832,926
WBGene00012808,8,11,19
WBGene00012809,3,2,5
WBGene00012810,0,3,3
WBGene00012811,39,233,272
WBGene00012812,713,6396,7109
WBGene00012813,1086,6526,7612
WBGene00012814,44,36,80
WBGene00012815,16,65,81
WBGene00012816,0,0,0
WBGene00012818,2,1,3
WBGene00012819,45,191,236
WBGene00012820,40,3,43
WBGene00012821,73,573,646
WBGene00012822,0,2,2
WBGene00012823,1,3,4
WBGene00012824,1,4,5
WBGene00012825,76,396,472
WBGene00012826,38,172,210
WBGene00012827,2,1,3
WBGene00012828,372,110,482
WBGene00012829,271,1686,1957
WBGene00012830,39,1437,1476
WBGene00012831,0,6,6
WBGene00012832,755,2,757
WBGene00012833,23,330,353
WBGene00012834,20,82,102
WBGene00012835,25,185,210
WBGene00012836,0,0,0
WBGene00012837,0,0,0
WBGene00012838,0,4,4
WBGene00012839,2,0,2
WBGene00012840,160,701,861
WBGene00012841,0,1,1
WBGene00012844,0,0,0
WBGene00012845,76,121,197
WBGene00012846,0,1,1
WBGene00012847,6,3,9
WBGene00012848,0,1,1
WBGene00012849,0,0,0
WBGene00012850,1173,6002,7175
WBGene00012851,0,29,29
WBGene00012852,27,23,50
WBGene00012853,170,9391,9561
WBGene00012854,233,1771,2004
WBGene00012855,3,3,6
WBGene00012856,17,33,50
WBGene00012857,103,578,681
WBGene00012858,49,734,783
WBGene00012859,15,126,141
WBGene00012860,52,379,431
WBGene00012861,30,762,792
WBGene00012862,1,2,3
WBGene00012863,12,70,82
WBGene00012864,16,57,73
WBGene00012866,18,56,74
WBGene00012867,20,276,296
WBGene00012868,447,895,1342
WBGene00012869,37,428,465
WBGene00012871,0,0,0
WBGene00012872,0,1,1
WBGene00012873,1,8,9
WBGene00012874,0,0,0
WBGene00012875,1231,8627,9858
WBGene00012877,35,29,64
WBGene00012878,0,0,0
WBGene00012879,6,77,83
WBGene00012880,5,2,7
WBGene00012883,12,181,193
WBGene00012885,278,2354,2632
WBGene00012886,5,70,75
WBGene00012887,159,1697,1856
WBGene00012888,52,489,541
WBGene00012889,106,250,356
WBGene00012890,67,205,272
WBGene00012891,568,3261,3829
WBGene00012892,7,9,16
WBGene00012893,5,13,18
WBGene00012894,879,706,1585
WBGene00012895,150,533,683
WBGene00012896,103,2815,2918
WBGene00012897,16,863,879
WBGene00012899,10,42,52
WBGene00012900,1,11,12
WBGene00012901,20,54,74
WBGene00012903,166,1864,2030
WBGene00012904,47,591,638
WBGene00012905,0,3,3
WBGene00012906,31,251,282
WBGene00012907,1976,4111,6087
WBGene00012908,133,607,740
WBGene00012909,234,240,474
WBGene00012910,3,14,17
WBGene00012911,43,178,221
WBGene00012912,0,4,4
WBGene00012913,0,0,0
WBGene00012914,0,2,2
WBGene00012915,14,28,42
WBGene00012916,0,0,0
WBGene00012917,26,14,40
WBGene00012919,6,16,22
WBGene00012920,162,324,486
WBGene00012921,0,120,120
WBGene00012922,4,74,78
WBGene00012923,11,82,93
WBGene00012925,4,1,5
WBGene00012926,0,1,1
WBGene00012927,33,250,283
WBGene00012928,21,415,436
WBGene00012929,295,2506,2801
WBGene00012930,128,356,484
WBGene00012931,86,577,663
WBGene00012932,130,1807,1937
WBGene00012933,0,68,68
WBGene00012934,183,664,847
WBGene00012935,158,315,473
WBGene00012936,220,1314,1534
WBGene00012937,0,1,1
WBGene00012938,131,161,292
WBGene00012939,129,495,624
WBGene00012940,9,9,18
WBGene00012941,9,114,123
WBGene00012942,0,22,22
WBGene00012943,217,667,884
WBGene00012945,0,0,0
WBGene00012946,3,128,131
WBGene00012947,0,4,4
WBGene00012948,170,221,391
WBGene00012950,69,816,885
WBGene00012951,144,870,1014
WBGene00012952,1,11,12
WBGene00012953,13,133,146
WBGene00012955,1,0,1
WBGene00012958,8,2,10
WBGene00012959,4,19,23
WBGene00012960,287,1575,1862
WBGene00012961,5,127,132
WBGene00012962,11,76,87
WBGene00012964,279,10032,10311
WBGene00012965,0,6,6
WBGene00012966,7,748,755
WBGene00012967,44,75,119
WBGene00012968,37,136,173
WBGene00012969,3,10,13
WBGene00012970,15,50,65
WBGene00012972,122,685,807
WBGene00012973,705,2696,3401
WBGene00012976,180,385,565
WBGene00012977,214,500,714
WBGene00012978,344,2446,2790
WBGene00012979,10,23,33
WBGene00012980,1336,1592,2928
WBGene00012981,8,9,17
WBGene00012982,161,767,928
WBGene00012983,200,2488,2688
WBGene00012984,91,587,678
WBGene00012985,30,8,38
WBGene00012987,180,837,1017
WBGene00012988,217,1168,1385
WBGene00012989,718,521,1239
WBGene00012990,379,669,1048
WBGene00012992,203,1935,2138
WBGene00012993,78,276,354
WBGene00012994,141,360,501
WBGene00012995,319,628,947
WBGene00012996,229,948,1177
WBGene00012997,25,508,533
WBGene00012998,265,405,670
WBGene00012999,347,1927,2274
WBGene00013000,751,199,950
WBGene00013001,381,801,1182
WBGene00013002,505,637,1142
WBGene00013004,488,2801,3289
WBGene00013006,153,265,418
WBGene00013007,40,257,297
WBGene00013008,40,492,532
WBGene00013009,7,31,38
WBGene00013011,39,315,354
WBGene00013013,36,201,237
WBGene00013014,160,536,696
WBGene00013015,149,352,501
WBGene00013017,68,1470,1538
WBGene00013018,20,978,998
WBGene00013019,123,354,477
WBGene00013020,139,780,919
WBGene00013021,107,577,684
WBGene00013023,15,27,42
WBGene00013024,21,88,109
WBGene00013025,242,4487,4729
WBGene00013026,3,466,469
WBGene00013027,23,382,405
WBGene00013028,17,73,90
WBGene00013029,139,1621,1760
WBGene00013030,59,252,311
WBGene00013033,13,188,201
WBGene00013034,546,983,1529
WBGene00013035,36,120,156
WBGene00013036,3,1,4
WBGene00013037,25,71,96
WBGene00013038,54,1213,1267
WBGene00013039,219,1071,1290
WBGene00013040,299,595,894
WBGene00013041,7,52,59
WBGene00013042,155,469,624
WBGene00013043,32,40,72
WBGene00013044,26,2,28
WBGene00013045,1,0,1
WBGene00013046,19,142,161
WBGene00013047,0,0,0
WBGene00013048,5,166,171
WBGene00013049,1,1,2
WBGene00013050,4,0,4
WBGene00013052,2,6,8
WBGene00013053,7,10,17
WBGene00013054,0,6,6
WBGene00013055,24,159,183
WBGene00013058,5,0,5
WBGene00013060,4,25,29
WBGene00013061,0,2,2
WBGene00013062,1,2,3
WBGene00013063,0,0,0
WBGene00013064,0,0,0
WBGene00013066,8,9,17
WBGene00013067,1,0,1
WBGene00013068,1,0,1
WBGene00013069,1,0,1
WBGene00013070,0,0,0
WBGene00013071,0,16,16
WBGene00013072,12,14,26
WBGene00013073,20,53,73
WBGene00013074,26,136,162
WBGene00013075,107,417,524
WBGene00013076,7,35,42
WBGene00013077,2575,18394,20969
WBGene00013078,841,7072,7913
WBGene00013079,979,4109,5088
WBGene00013080,140,379,519
WBGene00013081,1867,31981,33848
WBGene00013082,125,347,472
WBGene00013083,72,334,406
WBGene00013085,0,0,0
WBGene00013086,0,0,0
WBGene00013087,0,0,0
WBGene00013088,2,8,10
WBGene00013089,2,0,2
WBGene00013090,1,0,1
WBGene00013091,3,8,11
WBGene00013093,547,357,904
WBGene00013094,1319,10394,11713
WBGene00013095,170,534,704
WBGene00013096,280,605,885
WBGene00013098,68,175,243
WBGene00013099,31,29,60
WBGene00013100,3,21,24
WBGene00013101,12,58,70
WBGene00013102,0,0,0
WBGene00013103,46,427,473
WBGene00013104,100,1873,1973
WBGene00013105,0,0,0
WBGene00013106,42,822,864
WBGene00013107,2,15,17
WBGene00013109,32,2255,2287
WBGene00013111,110,1051,1161
WBGene00013115,3,0,3
WBGene00013116,13,20,33
WBGene00013117,0,0,0
WBGene00013118,9,56,65
WBGene00013119,38,32,70
WBGene00013120,0,0,0
WBGene00013121,6,0,6
WBGene00013122,29,281,310
WBGene00013123,215,391,606
WBGene00013124,655,453,1108
WBGene00013125,2,23,25
WBGene00013126,3,4,7
WBGene00013127,16,73,89
WBGene00013128,123,647,770
WBGene00013129,332,1343,1675
WBGene00013130,0,0,0
WBGene00013131,179,37,216
WBGene00013132,86,516,602
WBGene00013135,28,331,359
WBGene00013136,49,813,862
WBGene00013137,41,397,438
WBGene00013138,4,1,5
WBGene00013139,71,621,692
WBGene00013140,27,811,838
WBGene00013141,15,5,20
WBGene00013142,246,13,259
WBGene00013143,12,932,944
WBGene00013144,662,2756,3418
WBGene00013145,2,76,78
WBGene00013146,38,264,302
WBGene00013147,1,14,15
WBGene00013148,1,0,1
WBGene00013149,17,13,30
WBGene00013150,39,917,956
WBGene00013151,136,803,939
WBGene00013152,2,1,3
WBGene00013154,0,0,0
WBGene00013156,7,342,349
WBGene00013157,2,7,9
WBGene00013158,5,6,11
WBGene00013159,64,167,231
WBGene00013160,418,713,1131
WBGene00013161,408,1068,1476
WBGene00013162,4,7,11
WBGene00013163,1,1,2
WBGene00013164,53,215,268
WBGene00013165,5,13,18
WBGene00013166,13,100,113
WBGene00013167,311,215,526
WBGene00013168,84,2085,2169
WBGene00013169,21,192,213
WBGene00013170,0,2,2
WBGene00013171,36,15,51
WBGene00013172,0,0,0
WBGene00013173,13,35,48
WBGene00013175,4,5,9
WBGene00013176,80,1003,1083
WBGene00013177,156,1352,1508
WBGene00013178,78,594,672
WBGene00013179,0,0,0
WBGene00013180,24,231,255
WBGene00013181,2488,8936,11424
WBGene00013182,3,1,4
WBGene00013184,0,0,0
WBGene00013186,0,1,1
WBGene00013187,13,118,131
WBGene00013188,35,150,185
WBGene00013189,257,656,913
WBGene00013190,7,20,27
WBGene00013192,0,3,3
WBGene00013193,50,376,426
WBGene00013194,0,0,0
WBGene00013195,12,77,89
WBGene00013196,19,167,186
WBGene00013197,28,110,138
WBGene00013198,13,39,52
WBGene00013200,435,3871,4306
WBGene00013201,65,633,698
WBGene00013202,63,671,734
WBGene00013203,50,407,457
WBGene00013204,28,441,469
WBGene00013207,4,9,13
WBGene00013208,25,99,124
WBGene00013209,71,1170,1241
WBGene00013210,0,4436,4436
WBGene00013211,61,462,523
WBGene00013212,43,61,104
WBGene00013213,145,1294,1439
WBGene00013214,51,282,333
WBGene00013215,19,137,156
WBGene00013216,20,349,369
WBGene00013217,148,910,1058
WBGene00013218,65,1126,1191
WBGene00013219,51,2094,2145
WBGene00013220,0,1,1
WBGene00013221,8,30,38
WBGene00013222,94,378,472
WBGene00013223,193,1417,1610
WBGene00013224,85,468,553
WBGene00013225,178,721,899
WBGene00013226,17,5,22
WBGene00013227,5,41,46
WBGene00013228,1611,2295,3906
WBGene00013230,0,0,0
WBGene00013231,28,294,322
WBGene00013232,208,402,610
WBGene00013233,1,4,5
WBGene00013234,0,5,5
WBGene00013235,5,50,55
WBGene00013236,34,2028,2062
WBGene00013237,139,6439,6578
WBGene00013238,792,10025,10817
WBGene00013239,120,1128,1248
WBGene00013240,157,351,508
WBGene00013241,55,476,531
WBGene00013242,39,112,151
WBGene00013243,90,222,312
WBGene00013244,84,124,208
WBGene00013246,33,93,126
WBGene00013247,70,66,136
WBGene00013248,29,86,115
WBGene00013249,14,40,54
WBGene00013250,4,59,63
WBGene00013252,42,58,100
WBGene00013253,43,106,149
WBGene00013254,2,5,7
WBGene00013255,312,1985,2297
WBGene00013256,56,832,888
WBGene00013257,7,28,35
WBGene00013258,561,209,770
WBGene00013259,91,509,600
WBGene00013260,20,564,584
WBGene00013261,112,143,255
WBGene00013263,287,2370,2657
WBGene00013264,8,9,17
WBGene00013265,114,399,513
WBGene00013266,63,1257,1320
WBGene00013267,149,1203,1352
WBGene00013268,18,343,361
WBGene00013269,8,1425,1433
WBGene00013270,81,258,339
WBGene00013272,33,40,73
WBGene00013273,143,792,935
WBGene00013274,64,7,71
WBGene00013275,60,1549,1609
WBGene00013276,5,10,15
WBGene00013277,0,2,2
WBGene00013278,4,18,22
WBGene00013279,0,0,0
WBGene00013280,0,0,0
WBGene00013281,0,25,25
WBGene00013282,0,0,0
WBGene00013284,6,477,483
WBGene00013285,8,18,26
WBGene00013286,2,29,31
WBGene00013287,27,153,180
WBGene00013288,0,2,2
WBGene00013289,1001,1738,2739
WBGene00013290,0,0,0
WBGene00013292,116,670,786
WBGene00013293,28,155,183
WBGene00013294,2,8,10
WBGene00013295,1,78,79
WBGene00013296,0,0,0
WBGene00013297,6,0,6
WBGene00013298,5,30,35
WBGene00013299,0,2,2
WBGene00013300,0,3,3
WBGene00013301,27,1908,1935
WBGene00013302,14,373,387
WBGene00013303,76,149,225
WBGene00013304,17,32,49
WBGene00013305,0,0,0
WBGene00013306,1,31,32
WBGene00013307,101,2451,2552
WBGene00013308,1334,16896,18230
WBGene00013310,60,58,118
WBGene00013311,82,14977,15059
WBGene00013312,6,136,142
WBGene00013313,6,3,9
WBGene00013315,0,0,0
WBGene00013317,423,1133,1556
WBGene00013318,5,4,9
WBGene00013319,0,4,4
WBGene00013321,118,1544,1662
WBGene00013322,17,65,82
WBGene00013323,9,876,885
WBGene00013324,248,2539,2787
WBGene00013325,40,267,307
WBGene00013326,145,463,608
WBGene00013327,555,1346,1901
WBGene00013328,5,0,5
WBGene00013329,0,16,16
WBGene00013330,1,66,67
WBGene00013331,11,6,17
WBGene00013332,17,733,750
WBGene00013333,27,85,112
WBGene00013334,291,1319,1610
WBGene00013335,21,108,129
WBGene00013336,17,53,70
WBGene00013337,0,0,0
WBGene00013338,0,2,2
WBGene00013339,185,590,775
WBGene00013340,239,3651,3890
WBGene00013343,594,2658,3252
WBGene00013344,30,81,111
WBGene00013345,51,1107,1158
WBGene00013347,638,2473,3111
WBGene00013348,18,90,108
WBGene00013349,4,93,97
WBGene00013350,142,317,459
WBGene00013351,2,1,3
WBGene00013352,237,1288,1525
WBGene00013353,53,111,164
WBGene00013354,433,1592,2025
WBGene00013355,258,1301,1559
WBGene00013356,7,31,38
WBGene00013357,3,0,3
WBGene00013358,45,301,346
WBGene00013359,34,340,374
WBGene00013360,341,3839,4180
WBGene00013361,362,823,1185
WBGene00013362,73,106,179
WBGene00013364,4,95,99
WBGene00013365,201,1199,1400
WBGene00013366,970,1837,2807
WBGene00013367,6,7,13
WBGene00013368,9,17,26
WBGene00013370,0,3,3
WBGene00013371,0,0,0
WBGene00013373,51,1906,1957
WBGene00013374,1,2,3
WBGene00013375,14,48,62
WBGene00013376,73,463,536
WBGene00013378,24,1372,1396
WBGene00013379,438,1729,2167
WBGene00013380,0,84,84
WBGene00013381,107,45,152
WBGene00013382,31,298,329
WBGene00013383,6,32,38
WBGene00013385,25,198,223
WBGene00013387,150,737,887
WBGene00013388,3,5,8
WBGene00013389,4,2,6
WBGene00013390,1,2,3
WBGene00013391,0,0,0
WBGene00013392,0,1,1
WBGene00013393,0,0,0
WBGene00013394,0,0,0
WBGene00013395,1,0,1
WBGene00013396,0,0,0
WBGene00013397,0,1,1
WBGene00013398,2,4,6
WBGene00013399,1,7,8
WBGene00013400,0,0,0
WBGene00013401,33,93,126
WBGene00013402,6,48,54
WBGene00013403,4,18,22
WBGene00013404,4,153,157
WBGene00013405,28,176,204
WBGene00013406,711,7314,8025
WBGene00013407,35,323,358
WBGene00013408,0,0,0
WBGene00013409,1,52,53
WBGene00013411,2,0,2
WBGene00013412,3,11,14
WBGene00013415,164,868,1032
WBGene00013416,127,291,418
WBGene00013417,37,38,75
WBGene00013418,182,1129,1311
WBGene00013419,10,31,41
WBGene00013421,1,4,5
WBGene00013422,110,635,745
WBGene00013424,2,13,15
WBGene00013425,84,151,235
WBGene00013426,31,290,321
WBGene00013427,0,40,40
WBGene00013429,6,8,14
WBGene00013431,78,114,192
WBGene00013432,3,72,75
WBGene00013433,1,238,239
WBGene00013434,149,668,817
WBGene00013435,165,2062,2227
WBGene00013436,111,925,1036
WBGene00013437,10,11,21
WBGene00013438,1,432,433
WBGene00013439,4,7,11
WBGene00013440,4,19,23
WBGene00013441,123,626,749
WBGene00013442,27,138,165
WBGene00013443,65,179,244
WBGene00013445,20,134,154
WBGene00013446,271,622,893
WBGene00013447,134,635,769
WBGene00013448,130,609,739
WBGene00013449,1,5,6
WBGene00013450,1,5,6
WBGene00013451,0,1,1
WBGene00013452,3,2,5
WBGene00013453,51,641,692
WBGene00013454,5,7,12
WBGene00013455,146,426,572
WBGene00013456,61,244,305
WBGene00013457,24,68,92
WBGene00013458,87,850,937
WBGene00013459,570,2586,3156
WBGene00013460,342,742,1084
WBGene00013461,277,976,1253
WBGene00013462,174,1456,1630
WBGene00013463,0,9598,9598
WBGene00013464,83,397,480
WBGene00013465,45,495,540
WBGene00013466,0,0,0
WBGene00013468,2,3,5
WBGene00013469,1,1,2
WBGene00013470,0,2,2
WBGene00013471,3,2,5
WBGene00013472,0,1,1
WBGene00013473,0,0,0
WBGene00013474,0,1,1
WBGene00013475,0,0,0
WBGene00013476,0,0,0
WBGene00013477,107,3336,3443
WBGene00013478,0,2,2
WBGene00013479,59,185,244
WBGene00013480,32,9,41
WBGene00013481,659,4683,5342
WBGene00013482,50,496,546
WBGene00013483,0,0,0
WBGene00013484,8,9,17
WBGene00013485,88,204,292
WBGene00013486,20,25,45
WBGene00013487,4,7,11
WBGene00013489,48,8889,8937
WBGene00013490,3,24,27
WBGene00013491,0,0,0
WBGene00013492,0,0,0
WBGene00013493,0,46,46
WBGene00013494,3,6,9
WBGene00013496,31,82,113
WBGene00013497,20,166,186
WBGene00013498,3,6,9
WBGene00013499,57,341,398
WBGene00013500,0,0,0
WBGene00013501,0,9,9
WBGene00013502,5,1,6
WBGene00013503,9,0,9
WBGene00013505,9,7,16
WBGene00013506,100,198,298
WBGene00013507,13,35,48
WBGene00013508,3,4,7
WBGene00013509,6,112,118
WBGene00013511,1,5,6
WBGene00013512,20,24,44
WBGene00013513,1,9,10
WBGene00013514,1048,8732,9780
WBGene00013515,358,2773,3131
WBGene00013516,78,593,671
WBGene00013517,32,25,57
WBGene00013518,102,383,485
WBGene00013519,0,0,0
WBGene00013520,8,3,11
WBGene00013521,0,5,5
WBGene00013522,201,341,542
WBGene00013523,0,0,0
WBGene00013524,1,0,1
WBGene00013525,1,2,3
WBGene00013526,1,0,1
WBGene00013527,0,0,0
WBGene00013528,3,2,5
WBGene00013529,173,642,815
WBGene00013530,249,941,1190
WBGene00013531,195,1095,1290
WBGene00013532,14,1166,1180
WBGene00013534,39,49,88
WBGene00013536,111,35,146
WBGene00013538,158,573,731
WBGene00013539,18,72,90
WBGene00013540,41,110,151
WBGene00013541,20,54,74
WBGene00013542,49,365,414
WBGene00013543,123,170,293
WBGene00013544,289,2100,2389
WBGene00013545,264,846,1110
WBGene00013547,9,45,54
WBGene00013548,347,841,1188
WBGene00013549,152,418,570
WBGene00013550,39,1358,1397
WBGene00013551,28,212,240
WBGene00013552,4,166,170
WBGene00013553,117,801,918
WBGene00013554,64,199,263
WBGene00013555,3,5,8
WBGene00013556,124,733,857
WBGene00013557,363,1091,1454
WBGene00013558,78,659,737
WBGene00013559,21,47,68
WBGene00013560,50,204,254
WBGene00013561,117,713,830
WBGene00013562,0,8,8
WBGene00013563,61,45,106
WBGene00013564,8,10,18
WBGene00013565,0,2,2
WBGene00013566,0,0,0
WBGene00013567,10,95,105
WBGene00013568,70,381,451
WBGene00013569,10,333,343
WBGene00013570,0,0,0
WBGene00013572,0,0,0
WBGene00013573,61,25,86
WBGene00013574,36,19,55
WBGene00013575,31,464,495
WBGene00013576,7,196,203
WBGene00013577,1485,9400,10885
WBGene00013578,46,126,172
WBGene00013579,9,2,11
WBGene00013580,676,917,1593
WBGene00013581,0,4,4
WBGene00013583,3,0,3
WBGene00013584,38,151,189
WBGene00013585,12,173,185
WBGene00013586,4,2,6
WBGene00013587,22,75,97
WBGene00013588,669,4956,5625
WBGene00013590,0,4,4
WBGene00013591,74,641,715
WBGene00013592,11,15,26
WBGene00013593,96,614,710
WBGene00013594,120,162,282
WBGene00013595,84,509,593
WBGene00013596,20,532,552
WBGene00013597,480,3836,4316
WBGene00013598,74,1164,1238
WBGene00013599,277,359,636
WBGene00013601,68,596,664
WBGene00013602,17,179,196
WBGene00013603,50,1254,1304
WBGene00013604,65,677,742
WBGene00013605,153,1231,1384
WBGene00013606,197,1107,1304
WBGene00013607,0,2,2
WBGene00013608,6,4,10
WBGene00013609,0,36,36
WBGene00013610,11,154,165
WBGene00013611,5,62,67
WBGene00013613,0,7,7
WBGene00013616,0,1,1
WBGene00013619,0,0,0
WBGene00013620,5,4,9
WBGene00013621,1,0,1
WBGene00013622,0,1,1
WBGene00013623,23,164,187
WBGene00013626,0,0,0
WBGene00013628,0,0,0
WBGene00013629,3,6,9
WBGene00013631,1,2,3
WBGene00013632,17,191,208
WBGene00013633,37,155,192
WBGene00013634,5,6,11
WBGene00013635,0,0,0
WBGene00013636,0,48,48
WBGene00013637,9,7,16
WBGene00013639,1139,448,1587
WBGene00013642,86,315,401
WBGene00013643,7,28,35
WBGene00013645,2,2,4
WBGene00013646,2,3,5
WBGene00013647,240,1669,1909
WBGene00013649,2,2,4
WBGene00013650,2,135,137
WBGene00013651,3,1,4
WBGene00013653,2,20,22
WBGene00013654,2,11,13
WBGene00013655,12,3,15
WBGene00013656,0,0,0
WBGene00013657,0,0,0
WBGene00013658,11,108,119
WBGene00013659,0,9,9
WBGene00013662,13,93,106
WBGene00013665,9,72,81
WBGene00013666,75,258,333
WBGene00013667,129,639,768
WBGene00013668,109,875,984
WBGene00013669,18,144,162
WBGene00013670,214,1136,1350
WBGene00013671,80,1059,1139
WBGene00013672,72,105,177
WBGene00013673,87,154,241
WBGene00013674,72,458,530
WBGene00013676,150,1010,1160
WBGene00013677,333,1585,1918
WBGene00013678,245,978,1223
WBGene00013679,128,840,968
WBGene00013680,248,733,981
WBGene00013682,1196,1353,2549
WBGene00013683,181,1958,2139
WBGene00013684,4,2,6
WBGene00013685,19,46,65
WBGene00013687,154,670,824
WBGene00013688,249,2473,2722
WBGene00013689,10,620,630
WBGene00013690,44,624,668
WBGene00013691,37,441,478
WBGene00013692,81,626,707
WBGene00013693,92,56,148
WBGene00013694,42,487,529
WBGene00013695,181,853,1034
WBGene00013696,0,4,4
WBGene00013697,4,340,344
WBGene00013698,23,370,393
WBGene00013699,0,2,2
WBGene00013700,3,18,21
WBGene00013701,2,24,26
WBGene00013702,108,290,398
WBGene00013703,212,710,922
WBGene00013704,29,174,203
WBGene00013705,0,3,3
WBGene00013708,14,223,237
WBGene00013709,121,1922,2043
WBGene00013710,1,8,9
WBGene00013711,52,289,341
WBGene00013712,1,1,2
WBGene00013713,7,53,60
WBGene00013715,7,60,67
WBGene00013716,10,65,75
WBGene00013717,6,139,145
WBGene00013718,48,893,941
WBGene00013719,25,433,458
WBGene00013720,9,430,439
WBGene00013721,2,8,10
WBGene00013723,1,21,22
WBGene00013724,48,279,327
WBGene00013725,80,606,686
WBGene00013726,80,413,493
WBGene00013727,12,118,130
WBGene00013728,60,650,710
WBGene00013729,4,200,204
WBGene00013730,567,1497,2064
WBGene00013732,1562,982,2544
WBGene00013734,497,1700,2197
WBGene00013735,1059,2306,3365
WBGene00013736,34,940,974
WBGene00013737,243,723,966
WBGene00013738,152,829,981
WBGene00013739,89,46,135
WBGene00013740,15,967,982
WBGene00013741,10,22,32
WBGene00013742,64,65,129
WBGene00013744,1,5,6
WBGene00013746,125,284,409
WBGene00013747,8,1,9
WBGene00013748,23,364,387
WBGene00013749,4,30,34
WBGene00013750,4,7,11
WBGene00013751,19,185,204
WBGene00013752,20,370,390
WBGene00013753,27,134,161
WBGene00013754,0,1,1
WBGene00013755,2,26,28
WBGene00013756,16,201,217
WBGene00013757,0,6,6
WBGene00013758,6,203,209
WBGene00013759,0,0,0
WBGene00013760,0,1,1
WBGene00013761,5,96,101
WBGene00013762,0,5,5
WBGene00013764,17,9,26
WBGene00013765,123,1214,1337
WBGene00013766,127,15474,15601
WBGene00013768,158,312,470
WBGene00013771,2,3,5
WBGene00013773,1,7,8
WBGene00013774,69,68,137
WBGene00013775,1,14,15
WBGene00013776,2,49,51
WBGene00013777,0,0,0
WBGene00013778,10,36,46
WBGene00013779,1,23,24
WBGene00013781,55,136,191
WBGene00013782,54,126,180
WBGene00013784,954,4440,5394
WBGene00013785,0,3,3
WBGene00013786,1,2,3
WBGene00013789,70,292,362
WBGene00013790,63,496,559
WBGene00013791,0,0,0
WBGene00013792,106,174,280
WBGene00013794,0,6,6
WBGene00013795,0,0,0
WBGene00013796,0,0,0
WBGene00013797,0,0,0
WBGene00013798,0,0,0
WBGene00013799,0,9,9
WBGene00013800,6,0,6
WBGene00013801,7,6,13
WBGene00013802,72,90,162
WBGene00013803,315,1230,1545
WBGene00013804,316,2337,2653
WBGene00013805,487,2801,3288
WBGene00013806,41,224,265
WBGene00013807,316,597,913
WBGene00013808,213,1210,1423
WBGene00013809,7,8,15
WBGene00013810,0,1,1
WBGene00013811,0,0,0
WBGene00013812,26,30,56
WBGene00013814,19,11,30
WBGene00013815,0,2,2
WBGene00013816,2,3,5
WBGene00013817,2,17,19
WBGene00013819,72,800,872
WBGene00013820,6,11,17
WBGene00013822,2,4,6
WBGene00013823,20,1,21
WBGene00013824,0,1,1
WBGene00013825,33,32,65
WBGene00013827,1,0,1
WBGene00013828,16,2,18
WBGene00013829,0,6,6
WBGene00013830,0,2,2
WBGene00013831,6,1,7
WBGene00013832,0,4,4
WBGene00013833,0,75,75
WBGene00013834,8,2,10
WBGene00013835,18,71,89
WBGene00013836,12,37,49
WBGene00013837,0,24,24
WBGene00013838,8,32,40
WBGene00013839,6,2,8
WBGene00013840,0,2,2
WBGene00013844,3,10,13
WBGene00013845,14,155,169
WBGene00013846,2,10,12
WBGene00013847,120,727,847
WBGene00013848,107,249,356
WBGene00013849,12,27,39
WBGene00013850,39,45,84
WBGene00013852,32,158,190
WBGene00013853,3,1393,1396
WBGene00013854,0,0,0
WBGene00013855,37,245,282
WBGene00013856,0,26,26
WBGene00013857,85,294,379
WBGene00013858,0,1,1
WBGene00013859,550,6875,7425
WBGene00013860,181,1554,1735
WBGene00013862,13,217,230
WBGene00013863,0,1,1
WBGene00013865,1,7,8
WBGene00013866,218,1689,1907
WBGene00013867,41,89,130
WBGene00013868,0,7,7
WBGene00013869,147,913,1060
WBGene00013870,18,172,190
WBGene00013871,1,11,12
WBGene00013872,134,395,529
WBGene00013873,6,3,9
WBGene00013874,7,32,39
WBGene00013875,1,10,11
WBGene00013876,6,125,131
WBGene00013877,79,503,582
WBGene00013878,243,1313,1556
WBGene00013879,4,11,15
WBGene00013880,27,1061,1088
WBGene00013881,48,359,407
WBGene00013882,646,4771,5417
WBGene00013883,11,45,56
WBGene00013884,3162,13970,17132
WBGene00013886,7,13,20
WBGene00013887,0,0,0
WBGene00013888,0,0,0
WBGene00013889,0,0,0
WBGene00013890,0,0,0
WBGene00013891,0,18,18
WBGene00013892,129,1269,1398
WBGene00013893,36,906,942
WBGene00013894,61,430,491
WBGene00013895,25,252,277
WBGene00013896,13,62,75
WBGene00013897,8,313,321
WBGene00013898,98,1024,1122
WBGene00013899,21,371,392
WBGene00013900,2,23,25
WBGene00013901,3,145,148
WBGene00013902,18,48,66
WBGene00013903,0,10,10
WBGene00013904,0,6,6
WBGene00013905,0,3,3
WBGene00013906,6,37,43
WBGene00013907,3,11,14
WBGene00013908,1,4,5
WBGene00013909,0,6,6
WBGene00013910,0,0,0
WBGene00013911,5,15,20
WBGene00013912,5,8,13
WBGene00013913,3,2,5
WBGene00013914,28,40,68
WBGene00013915,0,0,0
WBGene00013916,4,2,6
WBGene00013917,42,325,367
WBGene00013919,179,1062,1241
WBGene00013920,40,1484,1524
WBGene00013921,108,521,629
WBGene00013922,0,0,0
WBGene00013923,22,157,179
WBGene00013924,150,2642,2792
WBGene00013925,59,724,783
WBGene00013926,1,108,109
WBGene00013927,0,0,0
WBGene00013928,0,0,0
WBGene00013929,4,4,8
WBGene00013930,1,0,1
WBGene00013931,5,0,5
WBGene00013932,0,0,0
WBGene00013933,7,10,17
WBGene00013934,367,1188,1555
WBGene00013935,1,0,1
WBGene00013937,1,4,5
WBGene00013938,52,352,404
WBGene00013939,0,13,13
WBGene00013940,0,0,0
WBGene00013941,0,0,0
WBGene00013942,10,13,23
WBGene00013943,0,1,1
WBGene00013944,1,1,2
WBGene00013946,76,223,299
WBGene00013947,57,226,283
WBGene00013949,42,136,178
WBGene00013950,38,109,147
WBGene00013951,2,0,2
WBGene00013953,1,4,5
WBGene00013954,0,2,2
WBGene00013955,69,35,104
WBGene00013956,0,1,1
WBGene00013957,63,117,180
WBGene00013958,250,2735,2985
WBGene00013959,94,568,662
WBGene00013960,9,40,49
WBGene00013961,0,4,4
WBGene00013962,92,849,941
WBGene00013963,7,78,85
WBGene00013964,20,440,460
WBGene00013965,5,16,21
WBGene00013966,10,346,356
WBGene00013967,63,296,359
WBGene00013968,2,8,10
WBGene00013969,241,1752,1993
WBGene00013970,99,466,565
WBGene00013971,0,0,0
WBGene00013972,0,0,0
WBGene00013973,1,1,2
WBGene00013974,29,22,51
WBGene00013975,6,38,44
WBGene00013976,11,15,26
WBGene00013978,2,0,2
WBGene00013979,1,0,1
WBGene00013980,43,191,234
WBGene00013982,18,130,148
WBGene00013983,47,2010,2057
WBGene00013984,972,2457,3429
WBGene00013985,55,871,926
WBGene00013986,0,5,5
WBGene00013987,1,6,7
WBGene00013988,1,0,1
WBGene00013989,37,316,353
WBGene00013994,70,516,586
WBGene00013996,6,42,48
WBGene00013997,277,2099,2376
WBGene00013998,14,302,316
WBGene00013999,4,3,7
WBGene00014000,24,304,328
WBGene00014001,104,1145,1249
WBGene00014002,35,102,137
WBGene00014003,20,2901,2921
WBGene00014004,153,767,920
WBGene00014006,3,1191,1194
WBGene00014007,0,11,11
WBGene00014008,18,161,179
WBGene00014009,1,16,17
WBGene00014011,23,939,962
WBGene00014012,52,1341,1393
WBGene00014013,77,1750,1827
WBGene00014014,86,274,360
WBGene00014015,67,1013,1080
WBGene00014016,960,10643,11603
WBGene00014017,129,1525,1654
WBGene00014018,183,817,1000
WBGene00014019,143,726,869
WBGene00014020,33,612,645
WBGene00014021,167,485,652
WBGene00014022,293,3548,3841
WBGene00014023,126,741,867
WBGene00014024,43,226,269
WBGene00014025,145,1578,1723
WBGene00014027,12,107,119
WBGene00014028,51,211,262
WBGene00014029,22,7,29
WBGene00014030,30,3631,3661
WBGene00014031,24,897,921
WBGene00014032,0,0,0
WBGene00014033,72,287,359
WBGene00014034,3,194,197
WBGene00014035,62,382,444
WBGene00014036,564,1569,2133
WBGene00014037,1796,0,1796
WBGene00014038,2,0,2
WBGene00014039,2,14,16
WBGene00014040,1,1,2
WBGene00014041,0,0,0
WBGene00014042,0,0,0
WBGene00014043,0,0,0
WBGene00014044,0,0,0
WBGene00014045,0,0,0
WBGene00014046,1,0,1
WBGene00014047,1,8,9
WBGene00014048,2,3,5
WBGene00014049,0,0,0
WBGene00014050,0,235,235
WBGene00014051,323,1154,1477
WBGene00014052,4,53,57
WBGene00014053,10,19,29
WBGene00014054,107,4248,4355
WBGene00014055,127,749,876
WBGene00014057,25,163,188
WBGene00014058,107,2193,2300
WBGene00014060,16,76,92
WBGene00014061,0,0,0
WBGene00014062,3,15,18
WBGene00014063,0,31,31
WBGene00014064,0,2,2
WBGene00014065,18,41,59
WBGene00014066,39,429,468
WBGene00014067,5,104,109
WBGene00014068,3,4,7
WBGene00014069,8,3,11
WBGene00014070,35,2,37
WBGene00014073,13,30,43
WBGene00014074,51,323,374
WBGene00014075,122,969,1091
WBGene00014076,84,400,484
WBGene00014077,24,106,130
WBGene00014078,303,2292,2595
WBGene00014079,35,246,281
WBGene00014080,36,276,312
WBGene00014081,50,287,337
WBGene00014082,11,5,16
WBGene00014083,155,1746,1901
WBGene00014084,0,9,9
WBGene00014085,4,60,64
WBGene00014086,1410,8885,10295
WBGene00014087,52,734,786
WBGene00014088,790,22053,22843
WBGene00014089,16,29,45
WBGene00014090,21,821,842
WBGene00014091,1142,15437,16579
WBGene00014092,651,4265,4916
WBGene00014093,22,45,67
WBGene00014094,18,29,47
WBGene00014095,139,29154,29293
WBGene00014096,22,2425,2447
WBGene00014097,1,22,23
WBGene00014098,164,2050,2214
WBGene00014099,15,199,214
WBGene00014100,5,24,29
WBGene00014101,167,385,552
WBGene00014102,1,4,5
WBGene00014103,17,21,38
WBGene00014104,1,3,4
WBGene00014105,7,8,15
WBGene00014106,61,240,301
WBGene00014107,12,291,303
WBGene00014108,573,12165,12738
WBGene00014109,76,2047,2123
WBGene00014111,18,522,540
WBGene00014112,130,1007,1137
WBGene00014113,9,165,174
WBGene00014114,42,450,492
WBGene00014115,139,818,957
WBGene00014116,3,142,145
WBGene00014117,2,33,35
WBGene00014118,63,329,392
WBGene00014119,314,689,1003
WBGene00014120,0,335,335
WBGene00014121,18,24,42
WBGene00014122,31,107,138
WBGene00014123,24,805,829
WBGene00014124,32,555,587
WBGene00014125,9,627,636
WBGene00014127,1,3,4
WBGene00014128,0,1,1
WBGene00014129,0,9,9
WBGene00014130,0,1,1
WBGene00014131,1,16,17
WBGene00014132,1,1,2
WBGene00014135,4,5,9
WBGene00014136,34,24,58
WBGene00014137,10,110,120
WBGene00014138,18,48,66
WBGene00014139,126,327,453
WBGene00014140,272,306,578
WBGene00014141,8,63,71
WBGene00014142,1,17,18
WBGene00014143,0,0,0
WBGene00014144,0,3,3
WBGene00014145,11,50,61
WBGene00014148,180,1786,1966
WBGene00014149,0,13,13
WBGene00014150,36,206,242
WBGene00014151,81,630,711
WBGene00014152,14,17,31
WBGene00014153,115,625,740
WBGene00014154,0,9,9
WBGene00014155,10,18,28
WBGene00014156,75,559,634
WBGene00014157,0,0,0
WBGene00014158,0,0,0
WBGene00014159,1,212,213
WBGene00014160,1,11,12
WBGene00014161,7,15,22
WBGene00014162,9,3,12
WBGene00014163,0,78,78
WBGene00014164,9,126,135
WBGene00014165,450,6749,7199
WBGene00014166,7,42,49
WBGene00014168,1,1,2
WBGene00014169,2,7,9
WBGene00014170,1,4,5
WBGene00014171,1241,3026,4267
WBGene00014172,128,591,719
WBGene00014173,1,15,16
WBGene00014174,0,2,2
WBGene00014175,224,647,871
WBGene00014176,58,675,733
WBGene00014177,84,973,1057
WBGene00014178,9,18,27
WBGene00014179,2,3,5
WBGene00014181,6,26,32
WBGene00014182,0,0,0
WBGene00014183,26,329,355
WBGene00014184,1,25,26
WBGene00014186,0,0,0
WBGene00014188,0,0,0
WBGene00014189,0,34,34
WBGene00014190,0,0,0
WBGene00014191,0,0,0
WBGene00014192,0,0,0
WBGene00014193,1,1,2
WBGene00014194,0,2,2
WBGene00014195,7,23,30
WBGene00014196,4,10,14
WBGene00014197,1,1,2
WBGene00014198,2,81,83
WBGene00014199,3,4,7
WBGene00014200,3,39,42
WBGene00014201,0,0,0
WBGene00014202,202,3493,3695
WBGene00014203,12,118,130
WBGene00014204,57,3711,3768
WBGene00014205,22,328,350
WBGene00014206,24,383,407
WBGene00014207,241,4015,4256
WBGene00014208,52,664,716
WBGene00014209,87,705,792
WBGene00014210,12,77,89
WBGene00014213,178,2832,3010
WBGene00014214,550,1077,1627
WBGene00014215,177,543,720
WBGene00014216,1,0,1
WBGene00014217,0,2,2
WBGene00014218,125,2095,2220
WBGene00014219,50,608,658
WBGene00014220,26,246,272
WBGene00014221,58,993,1051
WBGene00014222,88,529,617
WBGene00014223,62,56,118
WBGene00014224,177,2414,2591
WBGene00014225,15,26,41
WBGene00014226,38,450,488
WBGene00014227,130,688,818
WBGene00014228,8,269,277
WBGene00014229,0,2,2
WBGene00014230,27,370,397
WBGene00014232,216,1476,1692
WBGene00014233,41,459,500
WBGene00014234,6,746,752
WBGene00014235,8,27,35
WBGene00014236,7,8,15
WBGene00014238,0,0,0
WBGene00014239,1,1,2
WBGene00014240,0,0,0
WBGene00014241,0,7,7
WBGene00014242,0,1,1
WBGene00014243,121,1432,1553
WBGene00014244,18,436,454
WBGene00014245,4,15,19
WBGene00014246,0,0,0
WBGene00014247,1,0,1
WBGene00014248,112,343,455
WBGene00014249,64,2258,2322
WBGene00014250,7,376,383
WBGene00014251,92,670,762
WBGene00014252,27,186,213
WBGene00014253,13,70,83
WBGene00014254,16,133,149
WBGene00014255,6,73,79
WBGene00014256,9,175,184
WBGene00014258,224,3219,3443
WBGene00014259,123,1148,1271
WBGene00014260,31,33,64
WBGene00014261,420,1061,1481
WBGene00014262,2597,6960,9557
WBGene00014300,38,217,255
WBGene00014569,118,567,685
WBGene00014666,8,55,63
WBGene00014668,10,5,15
WBGene00014669,2,50,52
WBGene00014679,0,3,3
WBGene00014697,56,769,825
WBGene00014698,44,91,135
WBGene00014699,0,0,0
WBGene00014700,0,0,0
WBGene00014761,27,36,63
WBGene00014793,130,1228,1358
WBGene00014801,66,438,504
WBGene00014807,1,2,3
WBGene00014813,1,3,4
WBGene00014826,975,7807,8782
WBGene00014848,70,881,951
WBGene00014864,2,0,2
WBGene00014871,11,151,162
WBGene00014914,6,13,19
WBGene00014924,2,2,4
WBGene00014926,0,0,0
WBGene00014938,177,2270,2447
WBGene00014953,0,0,0
WBGene00014965,29,380,409
WBGene00014989,376,1386,1762
WBGene00014997,1,4,5
WBGene00014998,13,42,55
WBGene00014999,17,222,239
WBGene00015000,10,21,31
WBGene00015001,67,504,571
WBGene00015002,3,89,92
WBGene00015003,3,12,15
WBGene00015004,1,7,8
WBGene00015005,12,116,128
WBGene00015006,6,12,18
WBGene00015007,374,3072,3446
WBGene00015008,30,270,300
WBGene00015009,55,577,632
WBGene00015010,78,439,517
WBGene00015011,25,1021,1046
WBGene00015012,4,18,22
WBGene00015014,6,59,65
WBGene00015015,5,16,21
WBGene00015017,71,385,456
WBGene00015018,8,8,16
WBGene00015019,28,59,87
WBGene00015020,10,13,23
WBGene00015021,260,1742,2002
WBGene00015022,510,1945,2455
WBGene00015023,19,223,242
WBGene00015024,0,5,5
WBGene00015025,320,2431,2751
WBGene00015026,1,0,1
WBGene00015027,38,107,145
WBGene00015028,14,13,27
WBGene00015029,19,385,404
WBGene00015030,1,5,6
WBGene00015031,2,2,4
WBGene00015032,0,1,1
WBGene00015033,73,96,169
WBGene00015034,4,5,9
WBGene00015035,21,32,53
WBGene00015036,4,19,23
WBGene00015037,29,91,120
WBGene00015038,11,84,95
WBGene00015040,1,11,12
WBGene00015041,10,21,31
WBGene00015042,3,4,7
WBGene00015043,40,243,283
WBGene00015044,20,168,188
WBGene00015045,7,33,40
WBGene00015046,28,222,250
WBGene00015047,102,959,1061
WBGene00015048,16,359,375
WBGene00015049,0,41,41
WBGene00015050,8,26,34
WBGene00015051,0,0,0
WBGene00015052,3,19,22
WBGene00015053,6,146,152
WBGene00015054,12,7,19
WBGene00015055,29,61,90
WBGene00015056,28,153,181
WBGene00015057,9,181,190
WBGene00015058,3,128,131
WBGene00015059,20,1132,1152
WBGene00015061,2457,16905,19362
WBGene00015062,11,85,96
WBGene00015063,5,333,338
WBGene00015064,170,1063,1233
WBGene00015065,4,5,9
WBGene00015066,4,16,20
WBGene00015067,30,230,260
WBGene00015068,0,0,0
WBGene00015069,0,0,0
WBGene00015070,1,1,2
WBGene00015071,2,2,4
WBGene00015072,9,21,30
WBGene00015073,1,96,97
WBGene00015074,61,2070,2131
WBGene00015075,157,2472,2629
WBGene00015076,8,336,344
WBGene00015079,233,26,259
WBGene00015080,3,1,4
WBGene00015081,2,3,5
WBGene00015082,0,5,5
WBGene00015083,2,66,68
WBGene00015084,1,4,5
WBGene00015085,5,12,17
WBGene00015086,5,52,57
WBGene00015087,5,15,20
WBGene00015088,51,407,458
WBGene00015089,16,9,25
WBGene00015091,86,909,995
WBGene00015092,184,3186,3370
WBGene00015093,0,0,0
WBGene00015094,10,10,20
WBGene00015095,52,350,402
WBGene00015096,239,1147,1386
WBGene00015097,9,35,44
WBGene00015098,9,87,96
WBGene00015099,218,1045,1263
WBGene00015100,3,5,8
WBGene00015101,10,746,756
WBGene00015102,1,69,70
WBGene00015103,11,257,268
WBGene00015104,22,1269,1291
WBGene00015105,158,384,542
WBGene00015106,3,11,14
WBGene00015107,4,29,33
WBGene00015108,0,1,1
WBGene00015110,3,16,19
WBGene00015111,0,0,0
WBGene00015112,1,11,12
WBGene00015113,1,9,10
WBGene00015114,0,0,0
WBGene00015115,317,1170,1487
WBGene00015116,57,388,445
WBGene00015117,16,707,723
WBGene00015118,2,0,2
WBGene00015119,0,4,4
WBGene00015121,0,0,0
WBGene00015122,3,192,195
WBGene00015124,305,1429,1734
WBGene00015125,99,2882,2981
WBGene00015126,171,965,1136
WBGene00015128,65,752,817
WBGene00015129,0,0,0
WBGene00015130,38,411,449
WBGene00015131,39,196,235
WBGene00015132,12,139,151
WBGene00015133,120,4303,4423
WBGene00015134,26,222,248
WBGene00015135,70,235,305
WBGene00015136,16,93,109
WBGene00015137,196,3249,3445
WBGene00015138,23,199,222
WBGene00015139,79,75,154
WBGene00015141,62,396,458
WBGene00015142,0,3,3
WBGene00015143,24,1022,1046
WBGene00015145,82,617,699
WBGene00015146,62,581,643
WBGene00015147,11,301,312
WBGene00015148,418,3963,4381
WBGene00015149,8,23,31
WBGene00015150,10,184,194
WBGene00015151,6,11,17
WBGene00015152,101,156,257
WBGene00015153,3,4,7
WBGene00015155,149,27,176
WBGene00015156,535,1339,1874
WBGene00015157,38,799,837
WBGene00015158,76,334,410
WBGene00015159,237,938,1175
WBGene00015160,21,1020,1041
WBGene00015161,19,233,252
WBGene00015162,137,964,1101
WBGene00015163,11,1628,1639
WBGene00015164,57,941,998
WBGene00015165,2,11,13
WBGene00015167,1,39,40
WBGene00015168,151,10482,10633
WBGene00015169,11,26,37
WBGene00015170,2,0,2
WBGene00015171,13,207,220
WBGene00015172,11,775,786
WBGene00015173,392,638,1030
WBGene00015175,2,1,3
WBGene00015176,95,929,1024
WBGene00015177,254,1634,1888
WBGene00015178,1,0,1
WBGene00015179,7,59,66
WBGene00015180,0,3,3
WBGene00015181,22,1976,1998
WBGene00015182,16,48,64
WBGene00015183,4,8,12
WBGene00015184,83,742,825
WBGene00015185,358,1857,2215
WBGene00015186,273,1525,1798
WBGene00015188,38,130,168
WBGene00015189,96,29,125
WBGene00015190,2,93,95
WBGene00015191,47,221,268
WBGene00015192,2,3,5
WBGene00015193,1,2,3
WBGene00015194,42,190,232
WBGene00015196,18,67,85
WBGene00015197,6,127,133
WBGene00015198,3,0,3
WBGene00015199,8,1,9
WBGene00015200,24,196,220
WBGene00015202,65,876,941
WBGene00015203,153,1477,1630
WBGene00015204,23,468,491
WBGene00015205,303,2121,2424
WBGene00015206,93,1471,1564
WBGene00015207,310,865,1175
WBGene00015208,240,2282,2522
WBGene00015210,14,140,154
WBGene00015211,14,87,101
WBGene00015214,3,9,12
WBGene00015215,2,13,15
WBGene00015216,42,249,291
WBGene00015217,27,483,510
WBGene00015218,24,182,206
WBGene00015219,105,848,953
WBGene00015220,1,26,27
WBGene00015221,0,0,0
WBGene00015222,0,0,0
WBGene00015223,5,1,6
WBGene00015224,0,0,0
WBGene00015225,4,8,12
WBGene00015226,1,1,2
WBGene00015227,1,23,24
WBGene00015228,71,440,511
WBGene00015229,0,3,3
WBGene00015230,0,2,2
WBGene00015231,8,94,102
WBGene00015232,621,4874,5495
WBGene00015233,11,578,589
WBGene00015235,4,391,395
WBGene00015236,35,38,73
WBGene00015237,168,1045,1213
WBGene00015238,36,216,252
WBGene00015241,6,0,6
WBGene00015242,0,3,3
WBGene00015243,0,0,0
WBGene00015244,7,2,9
WBGene00015245,123,402,525
WBGene00015246,19,6,25
WBGene00015247,277,11,288
WBGene00015248,4019,23268,27287
WBGene00015249,242,551,793
WBGene00015250,168,264,432
WBGene00015251,49,1089,1138
WBGene00015252,5,5,10
WBGene00015253,0,0,0
WBGene00015254,0,0,0
WBGene00015255,0,0,0
WBGene00015257,4,0,4
WBGene00015258,1,1,2
WBGene00015259,0,1,1
WBGene00015260,1,6,7
WBGene00015261,1,30,31
WBGene00015262,25,37,62
WBGene00015263,72,335,407
WBGene00015264,17,63,80
WBGene00015265,2,30,32
WBGene00015266,76,543,619
WBGene00015267,55,490,545
WBGene00015268,271,242,513
WBGene00015270,0,0,0
WBGene00015271,0,0,0
WBGene00015272,0,0,0
WBGene00015273,58,0,58
WBGene00015275,3,4,7
WBGene00015276,120,151,271
WBGene00015277,0,0,0
WBGene00015278,34,182,216
WBGene00015279,1,5,6
WBGene00015280,29,94,123
WBGene00015281,52,255,307
WBGene00015282,160,1515,1675
WBGene00015283,61,612,673
WBGene00015284,2,25,27
WBGene00015285,136,1087,1223
WBGene00015286,9,57,66
WBGene00015287,4,35,39
WBGene00015288,1,3,4
WBGene00015291,48,316,364
WBGene00015292,5,8,13
WBGene00015293,195,1354,1549
WBGene00015294,27,250,277
WBGene00015295,58,421,479
WBGene00015296,144,1467,1611
WBGene00015297,112,1471,1583
WBGene00015298,26,1393,1419
WBGene00015299,12,96,108
WBGene00015300,11,39,50
WBGene00015301,203,434,637
WBGene00015303,146,360,506
WBGene00015305,0,1,1
WBGene00015306,3,3,6
WBGene00015307,23,102,125
WBGene00015308,61,748,809
WBGene00015309,12,48,60
WBGene00015310,28,314,342
WBGene00015311,2,16,18
WBGene00015312,3,60,63
WBGene00015313,13,320,333
WBGene00015315,1,0,1
WBGene00015316,1,0,1
WBGene00015317,0,0,0
WBGene00015318,0,0,0
WBGene00015320,6,37,43
WBGene00015321,0,1,1
WBGene00015322,6,360,366
WBGene00015323,7,29,36
WBGene00015324,11,182,193
WBGene00015325,0,0,0
WBGene00015326,40,2877,2917
WBGene00015327,24,328,352
WBGene00015328,271,1123,1394
WBGene00015329,121,2339,2460
WBGene00015330,70,1011,1081
WBGene00015331,0,0,0
WBGene00015332,30,385,415
WBGene00015333,3,13,16
WBGene00015334,64,257,321
WBGene00015335,11,71,82
WBGene00015336,20,762,782
WBGene00015337,1,10,11
WBGene00015338,0,0,0
WBGene00015339,24,260,284
WBGene00015340,9,109,118
WBGene00015341,0,0,0
WBGene00015342,2,5,7
WBGene00015344,89,2330,2419
WBGene00015345,4,2,6
WBGene00015346,73,2221,2294
WBGene00015347,67,398,465
WBGene00015348,4,4,8
WBGene00015349,118,351,469
WBGene00015350,76,1306,1382
WBGene00015351,4,28,32
WBGene00015352,85,792,877
WBGene00015353,7,182,189
WBGene00015354,226,6852,7078
WBGene00015355,15,57,72
WBGene00015356,630,5031,5661
WBGene00015357,12,96,108
WBGene00015358,22,0,22
WBGene00015359,1,83,84
WBGene00015360,0,2,2
WBGene00015361,10,9,19
WBGene00015362,18,92,110
WBGene00015364,23,42,65
WBGene00015366,2,2,4
WBGene00015367,0,2,2
WBGene00015368,0,5,5
WBGene00015369,0,1,1
WBGene00015370,0,0,0
WBGene00015371,0,0,0
WBGene00015372,0,1,1
WBGene00015373,10,38,48
WBGene00015374,1,7,8
WBGene00015375,1,23,24
WBGene00015376,3,6,9
WBGene00015377,3,40,43
WBGene00015378,9,72,81
WBGene00015379,0,4,4
WBGene00015380,0,8,8
WBGene00015381,2,13,15
WBGene00015382,1,10,11
WBGene00015385,0,0,0
WBGene00015386,129,16,145
WBGene00015387,27,54,81
WBGene00015388,0,2,2
WBGene00015389,18,70,88
WBGene00015390,28,160,188
WBGene00015391,169,5155,5324
WBGene00015392,0,138,138
WBGene00015393,489,4589,5078
WBGene00015394,2,2,4
WBGene00015395,11,28,39
WBGene00015396,8,97,105
WBGene00015397,0,11,11
WBGene00015398,2,536,538
WBGene00015399,0,1,1
WBGene00015400,13,85,98
WBGene00015401,2,8,10
WBGene00015402,98,515,613
WBGene00015403,1,33,34
WBGene00015404,100,1250,1350
WBGene00015405,152,1412,1564
WBGene00015406,0,5,5
WBGene00015407,25,768,793
WBGene00015408,4,225,229
WBGene00015409,3,13,16
WBGene00015410,103,400,503
WBGene00015411,0,5,5
WBGene00015412,2,15,17
WBGene00015413,204,4825,5029
WBGene00015414,0,4,4
WBGene00015416,8,23,31
WBGene00015417,1,1,2
WBGene00015418,613,2675,3288
WBGene00015419,2,2,4
WBGene00015420,0,0,0
WBGene00015421,1,0,1
WBGene00015422,2,12,14
WBGene00015423,13,275,288
WBGene00015424,25,238,263
WBGene00015425,182,1185,1367
WBGene00015426,1,9,10
WBGene00015427,77,614,691
WBGene00015428,4,3,7
WBGene00015429,53,435,488
WBGene00015430,32,353,385
WBGene00015431,48,175,223
WBGene00015433,6,55,61
WBGene00015434,114,445,559
WBGene00015435,0,0,0
WBGene00015437,3,15,18
WBGene00015438,6,0,6
WBGene00015442,15,27,42
WBGene00015444,16,12,28
WBGene00015446,1,1,2
WBGene00015447,2,4,6
WBGene00015448,3,15,18
WBGene00015449,8,170,178
WBGene00015450,9,634,643
WBGene00015451,40,268,308
WBGene00015453,1,2,3
WBGene00015454,25,473,498
WBGene00015455,523,585,1108
WBGene00015456,14,161,175
WBGene00015457,2,0,2
WBGene00015458,0,0,0
WBGene00015459,1,0,1
WBGene00015460,9,369,378
WBGene00015461,192,2407,2599
WBGene00015462,12,252,264
WBGene00015463,2,276,278
WBGene00015464,77,1903,1980
WBGene00015465,3,3,6
WBGene00015466,53,432,485
WBGene00015467,3,7,10
WBGene00015468,77,348,425
WBGene00015469,23,76,99
WBGene00015470,12,615,627
WBGene00015471,24,81,105
WBGene00015472,84,961,1045
WBGene00015473,83,31,114
WBGene00015474,58,982,1040
WBGene00015476,44,213,257
WBGene00015477,159,2368,2527
WBGene00015478,22,225,247
WBGene00015479,2,15,17
WBGene00015480,57,257,314
WBGene00015481,90,2500,2590
WBGene00015483,65,581,646
WBGene00015484,363,1416,1779
WBGene00015485,157,195,352
WBGene00015486,75,514,589
WBGene00015487,42,3135,3177
WBGene00015488,75,523,598
WBGene00015489,9,28,37
WBGene00015491,0,2,2
WBGene00015492,8,467,475
WBGene00015493,4,3,7
WBGene00015494,59,270,329
WBGene00015495,1,98,99
WBGene00015496,3,15,18
WBGene00015497,10,20,30
WBGene00015499,95,696,791
WBGene00015500,10,46,56
WBGene00015501,184,1461,1645
WBGene00015504,73,390,463
WBGene00015505,23,94,117
WBGene00015507,158,696,854
WBGene00015508,78,697,775
WBGene00015509,125,510,635
WBGene00015510,41,1575,1616
WBGene00015511,6,48,54
WBGene00015512,280,2514,2794
WBGene00015513,53,576,629
WBGene00015514,1075,13888,14963
WBGene00015515,47,611,658
WBGene00015516,3,20,23
WBGene00015517,171,907,1078
WBGene00015518,0,89,89
WBGene00015519,3,193,196
WBGene00015520,0,12,12
WBGene00015521,0,0,0
WBGene00015522,6,22,28
WBGene00015523,22,402,424
WBGene00015524,30,403,433
WBGene00015525,157,1231,1388
WBGene00015526,4,18,22
WBGene00015527,12,246,258
WBGene00015528,4,11,15
WBGene00015529,23,123,146
WBGene00015530,0,4,4
WBGene00015531,41,398,439
WBGene00015532,6,85,91
WBGene00015534,2,4,6
WBGene00015535,2,26,28
WBGene00015536,16,205,221
WBGene00015537,10,20,30
WBGene00015538,20,2856,2876
WBGene00015539,36,427,463
WBGene00015540,14,1357,1371
WBGene00015541,47,365,412
WBGene00015544,17,27,44
WBGene00015545,25,139,164
WBGene00015546,0,31,31
WBGene00015547,67,2720,2787
WBGene00015549,5,60,65
WBGene00015551,537,2995,3532
WBGene00015552,24,939,963
WBGene00015553,347,2320,2667
WBGene00015554,46,332,378
WBGene00015555,334,1308,1642
WBGene00015557,32,250,282
WBGene00015558,5,94,99
WBGene00015559,62,173,235
WBGene00015560,16,317,333
WBGene00015561,140,861,1001
WBGene00015564,1,23,24
WBGene00015565,286,2124,2410
WBGene00015566,27,251,278
WBGene00015567,57,530,587
WBGene00015568,11,63,74
WBGene00015569,11,280,291
WBGene00015570,3,29,32
WBGene00015572,0,1,1
WBGene00015573,1,0,1
WBGene00015574,1,3,4
WBGene00015576,13,127,140
WBGene00015577,39,233,272
WBGene00015578,1,682,683
WBGene00015579,0,0,0
WBGene00015580,245,896,1141
WBGene00015581,327,2163,2490
WBGene00015582,6,45,51
WBGene00015583,6,0,6
WBGene00015586,1,88,89
WBGene00015587,0,6,6
WBGene00015588,0,13,13
WBGene00015589,1,14,15
WBGene00015590,12,139,151
WBGene00015591,18,326,344
WBGene00015592,56,18,74
WBGene00015593,2,2,4
WBGene00015595,0,0,0
WBGene00015598,0,1,1
WBGene00015599,0,2,2
WBGene00015600,0,1,1
WBGene00015601,10,4,14
WBGene00015602,0,2,2
WBGene00015604,0,0,0
WBGene00015605,15,510,525
WBGene00015606,13,1,14
WBGene00015607,0,0,0
WBGene00015608,3,38,41
WBGene00015609,1,45,46
WBGene00015610,0,2,2
WBGene00015611,2,121,123
WBGene00015613,0,0,0
WBGene00015615,0,47,47
WBGene00015618,22,50,72
WBGene00015619,368,2613,2981
WBGene00015620,15,111,126
WBGene00015621,39,373,412
WBGene00015622,7,15,22
WBGene00015623,413,6096,6509
WBGene00015624,10,80,90
WBGene00015625,11,50,61
WBGene00015626,9,41,50
WBGene00015627,1,0,1
WBGene00015628,0,0,0
WBGene00015629,3,8,11
WBGene00015630,9,12,21
WBGene00015631,2,27,29
WBGene00015632,185,1511,1696
WBGene00015633,180,1026,1206
WBGene00015634,2,16,18
WBGene00015635,48,505,553
WBGene00015636,0,5,5
WBGene00015637,0,1,1
WBGene00015638,14,191,205
WBGene00015639,8,22,30
WBGene00015641,110,739,849
WBGene00015642,88,289,377
WBGene00015644,49,421,470
WBGene00015645,1,22,23
WBGene00015646,15,126,141
WBGene00015647,67,660,727
WBGene00015648,238,534,772
WBGene00015649,36,17,53
WBGene00015650,302,1020,1322
WBGene00015651,175,46,221
WBGene00015652,1,1,2
WBGene00015653,0,0,0
WBGene00015655,0,0,0
WBGene00015656,1,1,2
WBGene00015658,240,599,839
WBGene00015659,0,1,1
WBGene00015660,5,93,98
WBGene00015661,0,0,0
WBGene00015662,1,3,4
WBGene00015663,0,0,0
WBGene00015664,2,63,65
WBGene00015665,2,14,16
WBGene00015666,20,61,81
WBGene00015667,4,9,13
WBGene00015668,1,4,5
WBGene00015670,74,73,147
WBGene00015671,11,189,200
WBGene00015672,5,19,24
WBGene00015673,52,269,321
WBGene00015674,20,132,152
WBGene00015675,17,10,27
WBGene00015676,12,995,1007
WBGene00015677,32,99,131
WBGene00015678,267,794,1061
WBGene00015679,14,76,90
WBGene00015680,271,1632,1903
WBGene00015681,6,4,10
WBGene00015682,4,4,8
WBGene00015683,1,11,12
WBGene00015684,192,2062,2254
WBGene00015685,0,0,0
WBGene00015686,80,95,175
WBGene00015687,162,5984,6146
WBGene00015688,0,0,0
WBGene00015689,0,0,0
WBGene00015690,4,2,6
WBGene00015691,51,439,490
WBGene00015692,49,254,303
WBGene00015693,16,199,215
WBGene00015694,8,5,13
WBGene00015695,50,444,494
WBGene00015696,2,7,9
WBGene00015697,18,183,201
WBGene00015698,0,117,117
WBGene00015700,0,19,19
WBGene00015701,12,48,60
WBGene00015702,11,324,335
WBGene00015703,12,1449,1461
WBGene00015704,76,136,212
WBGene00015705,5,29,34
WBGene00015706,4,81,85
WBGene00015707,2,15,17
WBGene00015708,19,113,132
WBGene00015709,24,238,262
WBGene00015710,33,726,759
WBGene00015711,2,109,111
WBGene00015712,1,2,3
WBGene00015713,11,114,125
WBGene00015714,9,53,62
WBGene00015715,6,2,8
WBGene00015716,15,129,144
WBGene00015718,0,0,0
WBGene00015719,0,0,0
WBGene00015720,5,23,28
WBGene00015721,0,0,0
WBGene00015722,2,0,2
WBGene00015723,3,0,3
WBGene00015724,1,0,1
WBGene00015725,0,0,0
WBGene00015726,2,0,2
WBGene00015727,1,2,3
WBGene00015728,9,28,37
WBGene00015729,21,623,644
WBGene00015730,0,0,0
WBGene00015731,0,0,0
WBGene00015733,10,31,41
WBGene00015734,27,2534,2561
WBGene00015735,632,1730,2362
WBGene00015736,1,21,22
WBGene00015737,0,0,0
WBGene00015738,1,1,2
WBGene00015739,15,17,32
WBGene00015740,77,825,902
WBGene00015741,368,2159,2527
WBGene00015742,44,275,319
WBGene00015743,74,845,919
WBGene00015744,61,237,298
WBGene00015745,17,151,168
WBGene00015746,41,871,912
WBGene00015747,77,169,246
WBGene00015748,11,113,124
WBGene00015750,8,59,67
WBGene00015751,39,63,102
WBGene00015752,47,1981,2028
WBGene00015753,20,131,151
WBGene00015754,126,1236,1362
WBGene00015755,1948,20700,22648
WBGene00015756,7,73,80
WBGene00015757,4,9,13
WBGene00015758,5,30,35
WBGene00015759,33,233,266
WBGene00015760,1,1,2
WBGene00015762,1,1,2
WBGene00015764,8,0,8
WBGene00015765,0,3,3
WBGene00015766,1,39,40
WBGene00015767,50,432,482
WBGene00015768,9,21,30
WBGene00015769,11,449,460
WBGene00015770,0,3,3
WBGene00015772,0,0,0
WBGene00015773,2,3,5
WBGene00015774,3,5,8
WBGene00015775,0,1,1
WBGene00015776,73,1114,1187
WBGene00015777,71,1074,1145
WBGene00015778,23,11546,11569
WBGene00015779,159,753,912
WBGene00015780,1,18,19
WBGene00015781,212,723,935
WBGene00015782,5,112,117
WBGene00015783,7,37,44
WBGene00015784,2,3,5
WBGene00015785,0,1,1
WBGene00015786,233,1080,1313
WBGene00015787,22,191,213
WBGene00015788,10,126,136
WBGene00015789,5,165,170
WBGene00015790,8,299,307
WBGene00015791,38,1560,1598
WBGene00015792,8,18,26
WBGene00015793,10,130,140
WBGene00015794,31,74,105
WBGene00015795,85,653,738
WBGene00015796,481,1045,1526
WBGene00015797,7,67,74
WBGene00015798,14,49,63
WBGene00015799,15,57,72
WBGene00015800,233,619,852
WBGene00015801,142,862,1004
WBGene00015802,129,591,720
WBGene00015803,2101,11675,13776
WBGene00015805,84,1132,1216
WBGene00015806,38,509,547
WBGene00015807,10,158,168
WBGene00015809,255,2929,3184
WBGene00015810,11,4611,4622
WBGene00015811,38,4338,4376
WBGene00015813,314,2914,3228
WBGene00015814,164,2568,2732
WBGene00015815,90,355,445
WBGene00015816,17,121,138
WBGene00015817,166,1016,1182
WBGene00015818,12,89,101
WBGene00015819,0,106,106
WBGene00015820,1,5,6
WBGene00015821,0,2,2
WBGene00015822,34,30,64
WBGene00015823,0,1806,1806
WBGene00015824,3,126,129
WBGene00015825,0,0,0
WBGene00015827,0,2,2
WBGene00015828,1,1,2
WBGene00015829,0,1,1
WBGene00015830,0,1,1
WBGene00015832,0,0,0
WBGene00015833,1,0,1
WBGene00015834,1,0,1
WBGene00015835,1,1,2
WBGene00015836,1,3,4
WBGene00015837,3,0,3
WBGene00015838,0,1,1
WBGene00015839,1,2,3
WBGene00015841,25,23,48
WBGene00015842,15,75,90
WBGene00015843,71,187,258
WBGene00015845,0,0,0
WBGene00015846,0,0,0
WBGene00015847,0,0,0
WBGene00015848,0,0,0
WBGene00015849,24,137,161
WBGene00015850,5,39,44
WBGene00015851,13,17,30
WBGene00015852,48,82,130
WBGene00015853,36,278,314
WBGene00015854,2,0,2
WBGene00015855,7,8,15
WBGene00015856,0,0,0
WBGene00015857,11,187,198
WBGene00015858,4,5,9
WBGene00015859,4,7,11
WBGene00015860,13,60,73
WBGene00015861,29,168,197
WBGene00015862,16,26,42
WBGene00015863,5,1,6
WBGene00015864,27,251,278
WBGene00015865,77,1081,1158
WBGene00015866,24,232,256
WBGene00015867,7,56,63
WBGene00015868,594,1371,1965
WBGene00015869,1,0,1
WBGene00015870,1,0,1
WBGene00015871,0,0,0
WBGene00015872,0,0,0
WBGene00015873,1,1,2
WBGene00015875,1,0,1
WBGene00015877,0,2,2
WBGene00015878,1,3,4
WBGene00015879,7,3,10
WBGene00015882,1,1,2
WBGene00015883,2,1,3
WBGene00015884,0,2,2
WBGene00015885,7,351,358
WBGene00015886,1,6,7
WBGene00015887,33,1522,1555
WBGene00015888,0,0,0
WBGene00015889,3,4,7
WBGene00015890,2,88,90
WBGene00015891,3,9,12
WBGene00015892,2,0,2
WBGene00015893,1,0,1
WBGene00015894,363,7974,8337
WBGene00015895,0,0,0
WBGene00015896,0,73,73
WBGene00015897,31,165,196
WBGene00015898,5,1,6
WBGene00015899,0,0,0
WBGene00015900,10,49,59
WBGene00015901,9,96,105
WBGene00015902,2,15,17
WBGene00015903,1,0,1
WBGene00015904,0,0,0
WBGene00015905,0,2,2
WBGene00015906,2,2,4
WBGene00015907,0,0,0
WBGene00015908,1,13,14
WBGene00015909,0,0,0
WBGene00015910,0,4,4
WBGene00015911,0,1,1
WBGene00015912,2,27,29
WBGene00015913,91,424,515
WBGene00015914,24,43,67
WBGene00015915,72,627,699
WBGene00015916,168,1296,1464
WBGene00015917,0,10,10
WBGene00015918,24,46,70
WBGene00015919,5,230,235
WBGene00015920,339,4691,5030
WBGene00015921,54,107,161
WBGene00015922,36,254,290
WBGene00015924,1,0,1
WBGene00015925,58,66,124
WBGene00015926,270,873,1143
WBGene00015927,162,2005,2167
WBGene00015928,59,476,535
WBGene00015929,1,12,13
WBGene00015930,10,63,73
WBGene00015931,2,5,7
WBGene00015932,1,5,6
WBGene00015933,19,76,95
WBGene00015934,38,374,412
WBGene00015935,185,421,606
WBGene00015936,26,128,154
WBGene00015937,9,19,28
WBGene00015938,165,880,1045
WBGene00015939,9,80,89
WBGene00015940,14,397,411
WBGene00015941,317,2432,2749
WBGene00015942,78,746,824
WBGene00015943,39,3056,3095
WBGene00015944,5,9,14
WBGene00015945,256,477,733
WBGene00015946,12,36,48
WBGene00015947,103,566,669
WBGene00015948,122,810,932
WBGene00015949,5,24,29
WBGene00015950,10,18,28
WBGene00015951,0,1,1
WBGene00015952,19,123,142
WBGene00015953,32,108,140
WBGene00015954,1809,12463,14272
WBGene00015955,26,1151,1177
WBGene00015956,35,218,253
WBGene00015957,16,79,95
WBGene00015958,0,1,1
WBGene00015959,0,0,0
WBGene00015960,0,0,0
WBGene00015961,0,0,0
WBGene00015962,2,3,5
WBGene00015963,13,97,110
WBGene00015964,45,43,88
WBGene00015965,13,69,82
WBGene00015966,103,573,676
WBGene00015968,31,23,54
WBGene00015969,38,180,218
WBGene00015970,1,21,22
WBGene00015971,150,798,948
WBGene00015972,90,522,612
WBGene00015973,0,16,16
WBGene00015974,91,47,138
WBGene00015975,14,537,551
WBGene00015976,70,422,492
WBGene00015977,2,32,34
WBGene00015978,20,877,897
WBGene00015979,1,1,2
WBGene00015980,191,938,1129
WBGene00015981,31,29,60
WBGene00015982,7,0,7
WBGene00015984,7,28,35
WBGene00015985,7,8,15
WBGene00015986,3,2,5
WBGene00015987,2,0,2
WBGene00015988,22,30,52
WBGene00015992,3,8,11
WBGene00015993,55,217,272
WBGene00015994,5,2,7
WBGene00015995,4,0,4
WBGene00015996,6,55,61
WBGene00015997,0,0,0
WBGene00015998,5,23,28
WBGene00015999,0,35,35
WBGene00016000,9,25,34
WBGene00016002,175,940,1115
WBGene00016003,20,204,224
WBGene00016004,4,115,119
WBGene00016005,17,157,174
WBGene00016006,488,3880,4368
WBGene00016008,10,15,25
WBGene00016009,22,854,876
WBGene00016010,32,23,55
WBGene00016011,739,3510,4249
WBGene00016012,18,297,315
WBGene00016013,17,105,122
WBGene00016014,56,885,941
WBGene00016015,81,1559,1640
WBGene00016016,5,21,26
WBGene00016017,33,337,370
WBGene00016018,155,765,920
WBGene00016019,22,508,530
WBGene00016020,176,900,1076
WBGene00016021,77,634,711
WBGene00016022,18,298,316
WBGene00016023,5,37,42
WBGene00016024,36,293,329
WBGene00016025,6,77,83
WBGene00016027,23,97,120
WBGene00016028,75,2138,2213
WBGene00016029,99,8,107
WBGene00016030,18,306,324
WBGene00016032,102,32,134
WBGene00016033,31,10025,10056
WBGene00016034,16,74,90
WBGene00016037,150,29,179
WBGene00016038,0,255,255
WBGene00016039,1,69,70
WBGene00016040,0,317,317
WBGene00016041,227,76,303
WBGene00016042,24,13,37
WBGene00016043,4,3,7
WBGene00016044,149,364,513
WBGene00016045,79,640,719
WBGene00016046,1,54,55
WBGene00016047,4,2,6
WBGene00016048,6,245,251
WBGene00016049,4,2,6
WBGene00016050,0,1,1
WBGene00016051,0,1,1
WBGene00016052,32,412,444
WBGene00016053,6,33,39
WBGene00016054,3,2,5
WBGene00016055,80,726,806
WBGene00016056,2,20,22
WBGene00016057,166,2534,2700
WBGene00016058,0,1,1
WBGene00016059,162,790,952
WBGene00016060,146,681,827
WBGene00016061,11,92,103
WBGene00016062,76,2866,2942
WBGene00016063,0,7,7
WBGene00016064,8,30,38
WBGene00016066,48,63,111
WBGene00016067,22,511,533
WBGene00016068,34,282,316
WBGene00016069,14,219,233
WBGene00016070,0,9,9
WBGene00016071,6,32,38
WBGene00016072,37,44,81
WBGene00016073,183,3324,3507
WBGene00016074,37,295,332
WBGene00016075,3,2,5
WBGene00016077,0,0,0
WBGene00016081,139,316,455
WBGene00016082,0,0,0
WBGene00016083,1,1,2
WBGene00016084,2,5,7
WBGene00016085,1,5,6
WBGene00016086,4,4,8
WBGene00016087,3,106,109
WBGene00016088,10,14,24
WBGene00016089,9,7,16
WBGene00016090,31,32,63
WBGene00016091,6,12,18
WBGene00016092,0,3,3
WBGene00016093,135,389,524
WBGene00016094,42,178,220
WBGene00016095,42,336,378
WBGene00016096,1,88,89
WBGene00016097,13,517,530
WBGene00016099,39,195,234
WBGene00016100,8,127,135
WBGene00016101,14,377,391
WBGene00016102,3,249,252
WBGene00016103,192,2384,2576
WBGene00016104,57,415,472
WBGene00016105,0,8,8
WBGene00016106,5,61,66
WBGene00016107,12,51,63
WBGene00016108,33,37,70
WBGene00016109,31,153,184
WBGene00016110,6,63,69
WBGene00016111,20,270,290
WBGene00016112,63,204,267
WBGene00016113,44,972,1016
WBGene00016114,76,1266,1342
WBGene00016115,948,8051,8999
WBGene00016116,99,1208,1307
WBGene00016117,58,971,1029
WBGene00016118,919,10103,11022
WBGene00016119,149,2045,2194
WBGene00016120,109,352,461
WBGene00016121,88,709,797
WBGene00016123,47,266,313
WBGene00016124,77,635,712
WBGene00016125,0,26,26
WBGene00016126,13,54,67
WBGene00016128,8,577,585
WBGene00016129,115,1963,2078
WBGene00016130,2,2,4
WBGene00016131,56,249,305
WBGene00016132,6,0,6
WBGene00016133,13,310,323
WBGene00016134,25,91,116
WBGene00016135,25,117,142
WBGene00016136,0,1,1
WBGene00016137,0,11,11
WBGene00016138,71,887,958
WBGene00016139,45,373,418
WBGene00016140,63,1867,1930
WBGene00016142,58,2632,2690
WBGene00016143,260,872,1132
WBGene00016144,127,1008,1135
WBGene00016145,46,1090,1136
WBGene00016146,5,26,31
WBGene00016147,8,70,78
WBGene00016148,101,753,854
WBGene00016149,16,109,125
WBGene00016150,23,656,679
WBGene00016151,99,823,922
WBGene00016152,33,176,209
WBGene00016153,0,6,6
WBGene00016154,102,640,742
WBGene00016155,1,29,30
WBGene00016156,4,206,210
WBGene00016157,47,651,698
WBGene00016158,62,821,883
WBGene00016159,41,232,273
WBGene00016160,5,3,8
WBGene00016161,2,4,6
WBGene00016162,176,1904,2080
WBGene00016163,4,55,59
WBGene00016164,0,3,3
WBGene00016165,75,135,210
WBGene00016166,105,1577,1682
WBGene00016167,15,798,813
WBGene00016168,0,1,1
WBGene00016169,37,209,246
WBGene00016170,120,1484,1604
WBGene00016171,106,641,747
WBGene00016172,297,689,986
WBGene00016173,395,4338,4733
WBGene00016174,21,90,111
WBGene00016175,16,52,68
WBGene00016177,8,14,22
WBGene00016178,18,117,135
WBGene00016179,0,8,8
WBGene00016180,0,223,223
WBGene00016181,10,62,72
WBGene00016182,27,387,414
WBGene00016183,4,0,4
WBGene00016184,55,275,330
WBGene00016185,1,0,1
WBGene00016187,8,74,82
WBGene00016188,111,883,994
WBGene00016189,0,20,20
WBGene00016190,1,130,131
WBGene00016191,7,15,22
WBGene00016192,8,957,965
WBGene00016193,15,20,35
WBGene00016194,90,5760,5850
WBGene00016195,7,2527,2534
WBGene00016196,7,4,11
WBGene00016197,549,2823,3372
WBGene00016198,6,7,13
WBGene00016199,5,17,22
WBGene00016200,63,934,997
WBGene00016201,40,1034,1074
WBGene00016202,20,702,722
WBGene00016203,134,583,717
WBGene00016204,6,88,94
WBGene00016206,13,20,33
WBGene00016207,33,239,272
WBGene00016208,4,415,419
WBGene00016209,341,3612,3953
WBGene00016210,442,6152,6594
WBGene00016212,23,168,191
WBGene00016213,6,1,7
WBGene00016215,18,484,502
WBGene00016216,42,350,392
WBGene00016217,5,35,40
WBGene00016218,0,13,13
WBGene00016219,9,14,23
WBGene00016220,0,0,0
WBGene00016221,45,283,328
WBGene00016222,18,2,20
WBGene00016223,0,0,0
WBGene00016226,0,1,1
WBGene00016227,0,2,2
WBGene00016231,3,4,7
WBGene00016232,0,6,6
WBGene00016233,0,4,4
WBGene00016234,35,211,246
WBGene00016235,13,1590,1603
WBGene00016236,10,79,89
WBGene00016237,31,626,657
WBGene00016238,14,1087,1101
WBGene00016239,3,65,68
WBGene00016242,6,29,35
WBGene00016244,202,1525,1727
WBGene00016245,52,831,883
WBGene00016246,43,170,213
WBGene00016247,2,12,14
WBGene00016248,23,176,199
WBGene00016249,322,2466,2788
WBGene00016250,85,5786,5871
WBGene00016251,2,56,58
WBGene00016252,2,2,4
WBGene00016253,3,0,3
WBGene00016254,0,10,10
WBGene00016257,1,1,2
WBGene00016258,97,3919,4016
WBGene00016259,7,25,32
WBGene00016260,21,162,183
WBGene00016261,51,526,577
WBGene00016262,20,101,121
WBGene00016263,1,48,49
WBGene00016264,564,2769,3333
WBGene00016265,4,49,53
WBGene00016266,1492,4550,6042
WBGene00016268,9,33,42
WBGene00016269,312,2203,2515
WBGene00016271,19398,2,19400
WBGene00016273,1,6,7
WBGene00016274,3,55,58
WBGene00016275,4,26,30
WBGene00016276,3,87,90
WBGene00016277,14,110,124
WBGene00016278,118,931,1049
WBGene00016279,0,2,2
WBGene00016281,4,4,8
WBGene00016282,13,137,150
WBGene00016283,22,133,155
WBGene00016284,1,0,1
WBGene00016285,2,1,3
WBGene00016286,4,6,10
WBGene00016287,1,8,9
WBGene00016288,8,14,22
WBGene00016289,2535,6084,8619
WBGene00016291,10,64,74
WBGene00016292,154,686,840
WBGene00016293,40,242,282
WBGene00016294,46,90,136
WBGene00016295,17,115,132
WBGene00016297,0,1,1
WBGene00016298,0,2,2
WBGene00016299,0,0,0
WBGene00016300,5,2,7
WBGene00016302,2,6,8
WBGene00016303,1,17,18
WBGene00016306,1,1,2
WBGene00016307,0,3,3
WBGene00016308,5,16,21
WBGene00016309,0,1,1
WBGene00016310,44,363,407
WBGene00016311,54,959,1013
WBGene00016312,2,8,10
WBGene00016313,21,509,530
WBGene00016314,4,86,90
WBGene00016315,24,277,301
WBGene00016316,202,4480,4682
WBGene00016317,16,376,392
WBGene00016318,109,908,1017
WBGene00016319,52,435,487
WBGene00016320,3,8,11
WBGene00016321,462,2148,2610
WBGene00016322,2,4,6
WBGene00016323,158,919,1077
WBGene00016324,12,21,33
WBGene00016325,171,1814,1985
WBGene00016326,161,1497,1658
WBGene00016327,1,1,2
WBGene00016328,19,62,81
WBGene00016329,4,4,8
WBGene00016330,219,955,1174
WBGene00016331,109,1098,1207
WBGene00016332,24,233,257
WBGene00016333,433,3451,3884
WBGene00016334,3,0,3
WBGene00016335,11,17,28
WBGene00016336,0,0,0
WBGene00016337,0,0,0
WBGene00016339,1,3,4
WBGene00016340,10,16,26
WBGene00016341,10,461,471
WBGene00016342,11,950,961
WBGene00016343,99,343,442
WBGene00016344,15,97,112
WBGene00016345,0,95,95
WBGene00016346,0,19,19
WBGene00016347,4,3,7
WBGene00016348,1,4,5
WBGene00016349,0,28,28
WBGene00016350,0,1,1
WBGene00016351,0,0,0
WBGene00016352,36,222,258
WBGene00016353,2,51,53
WBGene00016354,267,960,1227
WBGene00016355,54,512,566
WBGene00016356,3,8,11
WBGene00016357,0,0,0
WBGene00016358,0,0,0
WBGene00016359,2,185,187
WBGene00016360,26,203,229
WBGene00016361,2,12,14
WBGene00016362,132,11892,12024
WBGene00016363,16,50,66
WBGene00016364,39,188,227
WBGene00016365,11,68,79
WBGene00016366,13,91,104
WBGene00016367,10,40,50
WBGene00016368,21,76,97
WBGene00016369,0,2,2
WBGene00016370,2,0,2
WBGene00016371,2,2,4
WBGene00016373,13,74,87
WBGene00016374,110,841,951
WBGene00016375,5,408,413
WBGene00016376,12,500,512
WBGene00016378,100,878,978
WBGene00016379,28,433,461
WBGene00016380,34,502,536
WBGene00016381,23,276,299
WBGene00016382,4,1,5
WBGene00016383,24,482,506
WBGene00016384,116,1336,1452
WBGene00016386,29,12,41
WBGene00016387,49,427,476
WBGene00016388,0,0,0
WBGene00016389,0,1,1
WBGene00016390,24,470,494
WBGene00016391,197,1858,2055
WBGene00016392,9,359,368
WBGene00016393,386,11207,11593
WBGene00016394,26,28,54
WBGene00016395,753,4426,5179
WBGene00016396,140,282,422
WBGene00016397,37,92,129
WBGene00016398,1,7,8
WBGene00016399,0,0,0
WBGene00016400,99,842,941
WBGene00016402,11,49,60
WBGene00016403,257,529,786
WBGene00016404,46,269,315
WBGene00016405,323,3530,3853
WBGene00016406,57,441,498
WBGene00016407,510,1050,1560
WBGene00016408,113,1180,1293
WBGene00016409,83,620,703
WBGene00016410,6,18,24
WBGene00016411,66,1644,1710
WBGene00016412,73,1649,1722
WBGene00016413,0,3,3
WBGene00016414,0,0,0
WBGene00016415,342,2638,2980
WBGene00016416,7,45,52
WBGene00016417,83,470,553
WBGene00016418,105,290,395
WBGene00016419,41,522,563
WBGene00016420,0,3,3
WBGene00016421,10,125,135
WBGene00016422,43,3409,3452
WBGene00016423,69,385,454
WBGene00016424,20,63,83
WBGene00016425,0,14,14
WBGene00016427,203,186,389
WBGene00016428,39,391,430
WBGene00016429,9,97,106
WBGene00016430,3,0,3
WBGene00016431,10,23,33
WBGene00016432,1181,1324,2505
WBGene00016433,0,0,0
WBGene00016434,0,1,1
WBGene00016435,229,2629,2858
WBGene00016436,4,106,110
WBGene00016437,12,7,19
WBGene00016438,46,350,396
WBGene00016439,64,975,1039
WBGene00016440,1,13,14
WBGene00016441,1,10,11
WBGene00016442,36,1206,1242
WBGene00016443,77,499,576
WBGene00016444,69,343,412
WBGene00016445,17,49,66
WBGene00016446,37,963,1000
WBGene00016447,0,0,0
WBGene00016448,54,249,303
WBGene00016449,23,1634,1657
WBGene00016450,0,25,25
WBGene00016451,1,7,8
WBGene00016452,137,958,1095
WBGene00016453,5,76,81
WBGene00016454,37,326,363
WBGene00016455,1,11,12
WBGene00016456,11,838,849
WBGene00016457,0,45,45
WBGene00016458,54,698,752
WBGene00016459,0,1,1
WBGene00016460,10,57,67
WBGene00016461,9,19,28
WBGene00016462,3,18,21
WBGene00016463,16,508,524
WBGene00016464,5,14,19
WBGene00016465,1,7,8
WBGene00016466,6,29,35
WBGene00016467,16,187,203
WBGene00016468,9,17,26
WBGene00016469,39,768,807
WBGene00016471,2,7,9
WBGene00016472,0,5,5
WBGene00016473,0,0,0
WBGene00016474,1,2,3
WBGene00016475,0,1,1
WBGene00016476,2,1,3
WBGene00016477,2,6,8
WBGene00016479,2,0,2
WBGene00016480,4,9,13
WBGene00016481,1,0,1
WBGene00016483,0,5,5
WBGene00016484,0,2,2
WBGene00016485,0,2,2
WBGene00016486,0,0,0
WBGene00016487,0,2,2
WBGene00016488,14,31,45
WBGene00016489,214,1032,1246
WBGene00016490,44,492,536
WBGene00016491,11,22,33
WBGene00016492,46,216,262
WBGene00016493,33640,149268,182908
WBGene00016494,207,1989,2196
WBGene00016495,8,445,453
WBGene00016496,295,7098,7393
WBGene00016497,2,41,43
WBGene00016499,51,157,208
WBGene00016500,26,591,617
WBGene00016501,21,413,434
WBGene00016502,0,15,15
WBGene00016503,3,136,139
WBGene00016504,2,431,433
WBGene00016505,4,691,695
WBGene00016506,23,125,148
WBGene00016507,79,440,519
WBGene00016508,347,2438,2785
WBGene00016509,186,7698,7884
WBGene00016511,215,2861,3076
WBGene00016512,11,14,25
WBGene00016513,49,1194,1243
WBGene00016514,17,76,93
WBGene00016517,0,21,21
WBGene00016518,24,14,38
WBGene00016519,2,1,3
WBGene00016520,172,79,251
WBGene00016521,1,12,13
WBGene00016522,11,162,173
WBGene00016523,5,7,12
WBGene00016524,67,391,458
WBGene00016525,0,4,4
WBGene00016527,1,4,5
WBGene00016528,1,0,1
WBGene00016529,0,2,2
WBGene00016530,87,517,604
WBGene00016531,209,940,1149
WBGene00016532,17,175,192
WBGene00016533,61,494,555
WBGene00016534,5,20,25
WBGene00016535,5,674,679
WBGene00016537,0,5,5
WBGene00016538,46,175,221
WBGene00016539,296,1034,1330
WBGene00016540,66,191,257
WBGene00016541,1,4,5
WBGene00016542,34,120,154
WBGene00016543,1,14,15
WBGene00016544,1,7,8
WBGene00016545,6,30,36
WBGene00016546,3,27,30
WBGene00016547,5,106,111
WBGene00016548,1,1,2
WBGene00016549,3,28,31
WBGene00016550,1,0,1
WBGene00016551,0,3,3
WBGene00016554,0,0,0
WBGene00016555,2,17,19
WBGene00016556,2,1,3
WBGene00016557,0,1,1
WBGene00016558,9,38,47
WBGene00016559,24,147,171
WBGene00016561,402,685,1087
WBGene00016562,1566,2627,4193
WBGene00016564,21,273,294
WBGene00016565,0,26,26
WBGene00016566,56,378,434
WBGene00016567,3,146,149
WBGene00016568,50,213,263
WBGene00016570,50,350,400
WBGene00016571,3,4,7
WBGene00016572,1,0,1
WBGene00016573,1,240,241
WBGene00016574,12,314,326
WBGene00016575,0,195,195
WBGene00016576,3,332,335
WBGene00016577,1,2,3
WBGene00016578,0,3,3
WBGene00016579,26,115,141
WBGene00016580,31,87,118
WBGene00016581,5,24,29
WBGene00016582,36,468,504
WBGene00016583,17,1020,1037
WBGene00016585,32,37,69
WBGene00016586,2,119,121
WBGene00016587,14,16,30
WBGene00016588,175,1220,1395
WBGene00016589,61,568,629
WBGene00016590,92,480,572
WBGene00016591,16,565,581
WBGene00016592,25,187,212
WBGene00016594,64,2161,2225
WBGene00016595,4,14,18
WBGene00016596,4,101,105
WBGene00016597,2,4,6
WBGene00016598,1,9,10
WBGene00016599,9,17,26
WBGene00016600,15,54,69
WBGene00016601,264,2278,2542
WBGene00016602,29,323,352
WBGene00016603,301,1908,2209
WBGene00016605,4,21,25
WBGene00016606,101,749,850
WBGene00016607,265,2529,2794
WBGene00016608,33,392,425
WBGene00016609,53,145,198
WBGene00016610,133,727,860
WBGene00016611,404,3020,3424
WBGene00016612,5,22,27
WBGene00016613,41,221,262
WBGene00016614,54,378,432
WBGene00016616,10,419,429
WBGene00016617,45,355,400
WBGene00016619,17,75,92
WBGene00016620,45,439,484
WBGene00016621,51,330,381
WBGene00016622,23,816,839
WBGene00016623,62,433,495
WBGene00016624,307,1555,1862
WBGene00016625,6,41,47
WBGene00016626,57,882,939
WBGene00016627,1,3,4
WBGene00016628,64,227,291
WBGene00016629,55,458,513
WBGene00016630,423,20117,20540
WBGene00016631,43,213,256
WBGene00016632,19,93,112
WBGene00016633,4,119,123
WBGene00016634,124,516,640
WBGene00016635,35,2673,2708
WBGene00016636,3,3,6
WBGene00016637,14,59,73
WBGene00016638,1,0,1
WBGene00016639,16,21,37
WBGene00016641,35,1620,1655
WBGene00016642,37,344,381
WBGene00016643,62,598,660
WBGene00016644,6,241,247
WBGene00016645,71,1228,1299
WBGene00016646,0,0,0
WBGene00016647,0,0,0
WBGene00016648,0,0,0
WBGene00016649,0,0,0
WBGene00016650,476,5163,5639
WBGene00016652,44,281,325
WBGene00016653,80,8047,8127
WBGene00016654,152,256,408
WBGene00016655,238,2579,2817
WBGene00016657,34,186,220
WBGene00016658,0,0,0
WBGene00016659,24,540,564
WBGene00016660,0,4,4
WBGene00016661,116,559,675
WBGene00016662,1,1,2
WBGene00016663,32,361,393
WBGene00016664,10,128,138
WBGene00016665,2,3,5
WBGene00016667,21,134,155
WBGene00016668,0,0,0
WBGene00016669,0,0,0
WBGene00016670,4,12,16
WBGene00016671,9,176,185
WBGene00016673,2,3,5
WBGene00016674,38,476,514
WBGene00016675,0,1,1
WBGene00016676,15,485,500
WBGene00016677,146,1770,1916
WBGene00016678,115,542,657
WBGene00016679,3,68,71
WBGene00016680,0,0,0
WBGene00016681,0,0,0
WBGene00016682,13,61,74
WBGene00016683,36,42,78
WBGene00016684,14,633,647
WBGene00016685,1,1,2
WBGene00016686,1,1,2
WBGene00016687,1,0,1
WBGene00016689,0,0,0
WBGene00016690,1,0,1
WBGene00016691,0,0,0
WBGene00016692,1,2,3
WBGene00016693,4,1,5
WBGene00016694,0,0,0
WBGene00016695,0,5,5
WBGene00016696,1,7,8
WBGene00016697,4,15,19
WBGene00016698,1,1,2
WBGene00016699,0,5,5
WBGene00016700,11,20,31
WBGene00016701,4,66,70
WBGene00016702,72,573,645
WBGene00016703,7,214,221
WBGene00016704,35,367,402
WBGene00016705,35,75,110
WBGene00016706,44,2378,2422
WBGene00016707,1,4,5
WBGene00016708,0,0,0
WBGene00016709,0,0,0
WBGene00016710,18,400,418
WBGene00016711,3,36,39
WBGene00016712,0,0,0
WBGene00016713,0,0,0
WBGene00016714,1,18,19
WBGene00016716,875,4969,5844
WBGene00016717,2,8,10
WBGene00016718,0,0,0
WBGene00016719,1,6,7
WBGene00016720,0,0,0
WBGene00016721,51,324,375
WBGene00016722,4460,8787,13247
WBGene00016724,4,25,29
WBGene00016725,100,214,314
WBGene00016727,7,1,8
WBGene00016728,14,96,110
WBGene00016729,2,5,7
WBGene00016730,21,80,101
WBGene00016731,1,1,2
WBGene00016732,1,6,7
WBGene00016733,37,332,369
WBGene00016734,33,850,883
WBGene00016735,44,559,603
WBGene00016736,0,0,0
WBGene00016738,0,293,293
WBGene00016739,238,4203,4441
WBGene00016740,23,746,769
WBGene00016741,54,493,547
WBGene00016742,14,6,20
WBGene00016743,7,2,9
WBGene00016744,43,172,215
WBGene00016745,8,86,94
WBGene00016746,498,5767,6265
WBGene00016747,13,92,105
WBGene00016748,23,97,120
WBGene00016749,140,2608,2748
WBGene00016750,51,754,805
WBGene00016751,159,815,974
WBGene00016752,0,11,11
WBGene00016753,0,0,0
WBGene00016754,229,1508,1737
WBGene00016755,1,1,2
WBGene00016756,7,7,14
WBGene00016757,8,27,35
WBGene00016758,14,43,57
WBGene00016759,2,45,47
WBGene00016760,2,45,47
WBGene00016761,7,78,85
WBGene00016762,9,98,107
WBGene00016763,23,375,398
WBGene00016764,86,480,566
WBGene00016765,1,0,1
WBGene00016766,4,274,278
WBGene00016767,4,122,126
WBGene00016768,48,211,259
WBGene00016769,36,101,137
WBGene00016770,2,1,3
WBGene00016772,1,15,16
WBGene00016773,1,1,2
WBGene00016775,0,0,0
WBGene00016776,0,0,0
WBGene00016777,0,1,1
WBGene00016778,1,0,1
WBGene00016779,1,3,4
WBGene00016781,47,14219,14266
WBGene00016782,0,150,150
WBGene00016783,5,22,27
WBGene00016785,6,7,13
WBGene00016786,1,1,2
WBGene00016788,196,556,752
WBGene00016789,1,5,6
WBGene00016790,612,7346,7958
WBGene00016791,34,359,393
WBGene00016792,137,1098,1235
WBGene00016793,59,1022,1081
WBGene00016794,50,592,642
WBGene00016795,0,22,22
WBGene00016796,29,138,167
WBGene00016797,68,60,128
WBGene00016798,1,0,1
WBGene00016799,14,102,116
WBGene00016800,11,72,83
WBGene00016801,32,739,771
WBGene00016803,15,878,893
WBGene00016804,0,10,10
WBGene00016805,5,38,43
WBGene00016806,4,134,138
WBGene00016807,1,1,2
WBGene00016808,96,2958,3054
WBGene00016809,25,346,371
WBGene00016810,16,420,436
WBGene00016811,66,366,432
WBGene00016812,75,501,576
WBGene00016813,0,1,1
WBGene00016814,0,0,0
WBGene00016815,0,0,0
WBGene00016816,41,292,333
WBGene00016817,21,121,142
WBGene00016818,6,10,16
WBGene00016819,1,0,1
WBGene00016820,2,14,16
WBGene00016821,0,0,0
WBGene00016822,0,0,0
WBGene00016823,0,0,0
WBGene00016824,1,3,4
WBGene00016825,0,3,3
WBGene00016826,8,0,8
WBGene00016827,5,0,5
WBGene00016828,13,8,21
WBGene00016829,1,1,2
WBGene00016830,1,3,4
WBGene00016831,1,4,5
WBGene00016832,1,5,6
WBGene00016833,2,3,5
WBGene00016834,4,1,5
WBGene00016835,71,119,190
WBGene00016836,110,627,737
WBGene00016837,90,1633,1723
WBGene00016838,735,1375,2110
WBGene00016839,2,9,11
WBGene00016840,75,358,433
WBGene00016841,79,471,550
WBGene00016842,4,86,90
WBGene00016843,4,4,8
WBGene00016844,82,2052,2134
WBGene00016845,7,47,54
WBGene00016846,173,994,1167
WBGene00016847,5,7,12
WBGene00016848,13,60,73
WBGene00016849,17,133,150
WBGene00016850,0,56,56
WBGene00016852,1,4,5
WBGene00016853,0,2,2
WBGene00016855,2,44,46
WBGene00016856,1,3,4
WBGene00016857,2,3,5
WBGene00016858,5,10,15
WBGene00016859,2,1,3
WBGene00016860,45,248,293
WBGene00016862,74,341,415
WBGene00016863,1,6,7
WBGene00016864,2,0,2
WBGene00016865,30,38,68
WBGene00016866,36,148,184
WBGene00016867,53,771,824
WBGene00016868,39,830,869
WBGene00016869,1,31,32
WBGene00016870,0,3,3
WBGene00016871,170,823,993
WBGene00016872,8,69,77
WBGene00016873,35,2,37
WBGene00016874,5,38,43
WBGene00016877,11,26,37
WBGene00016879,89,614,703
WBGene00016880,0,2,2
WBGene00016881,0,0,0
WBGene00016882,0,1,1
WBGene00016883,0,13,13
WBGene00016884,0,4,4
WBGene00016885,0,0,0
WBGene00016886,0,0,0
WBGene00016888,374,2451,2825
WBGene00016889,187,1714,1901
WBGene00016890,24,83,107
WBGene00016891,4,21,25
WBGene00016892,24,758,782
WBGene00016893,1,2,3
WBGene00016894,6,660,666
WBGene00016895,0,0,0
WBGene00016896,12,44,56
WBGene00016898,84,622,706
WBGene00016899,24,43,67
WBGene00016900,66,85,151
WBGene00016901,0,2,2
WBGene00016902,273,914,1187
WBGene00016903,40,520,560
WBGene00016904,1,1,2
WBGene00016905,65,472,537
WBGene00016906,25,194,219
WBGene00016907,27,3326,3353
WBGene00016909,25,43,68
WBGene00016910,1,0,1
WBGene00016911,34,607,641
WBGene00016912,0,51,51
WBGene00016913,204,4897,5101
WBGene00016914,15,109,124
WBGene00016915,4,3,7
WBGene00016916,15,523,538
WBGene00016917,8,63,71
WBGene00016918,1832,7569,9401
WBGene00016919,104,326,430
WBGene00016920,64,297,361
WBGene00016921,5,15,20
WBGene00016922,8,11,19
WBGene00016923,82,1176,1258
WBGene00016924,337,516,853
WBGene00016925,3,2,5
WBGene00016926,3,23,26
WBGene00016927,5,17,22
WBGene00016928,8,10,18
WBGene00016929,1,7,8
WBGene00016930,45,126,171
WBGene00016931,3,15,18
WBGene00016932,30,45,75
WBGene00016933,0,22,22
WBGene00016934,42,2098,2140
WBGene00016935,32,156,188
WBGene00016937,33,404,437
WBGene00016938,17,31,48
WBGene00016939,3,15,18
WBGene00016940,0,0,0
WBGene00016941,8,8,16
WBGene00016942,29,118,147
WBGene00016943,1331,11502,12833
WBGene00016944,26,507,533
WBGene00016945,18,60,78
WBGene00016946,0,2,2
WBGene00016947,9,117,126
WBGene00016948,0,2,2
WBGene00016949,1,2,3
WBGene00016950,0,0,0
WBGene00016951,24,43,67
WBGene00016953,2,4,6
WBGene00016954,1,1,2
WBGene00016955,83,565,648
WBGene00016956,3,4,7
WBGene00016957,113,228,341
WBGene00016958,55,306,361
WBGene00016959,0,0,0
WBGene00016960,37,262,299
WBGene00016961,179,3462,3641
WBGene00016962,1,54,55
WBGene00016963,0,10,10
WBGene00016964,78,616,694
WBGene00016965,30,232,262
WBGene00016966,46,449,495
WBGene00016967,10,378,388
WBGene00016968,23,155,178
WBGene00016970,72,79,151
WBGene00016971,20,403,423
WBGene00016972,6,8,14
WBGene00016973,10,47,57
WBGene00016974,13,221,234
WBGene00016975,66,409,475
WBGene00016976,61,106,167
WBGene00016977,1186,6659,7845
WBGene00016978,62,604,666
WBGene00016979,13,229,242
WBGene00016980,1,7,8
WBGene00016981,60,1871,1931
WBGene00016982,12,63,75
WBGene00016983,25,200,225
WBGene00016984,110,137,247
WBGene00016985,1,9,10
WBGene00016987,32,2190,2222
WBGene00016988,209,1834,2043
WBGene00016989,118,891,1009
WBGene00016990,33,1204,1237
WBGene00016991,16,5,21
WBGene00016992,21,254,275
WBGene00016993,42,223,265
WBGene00016995,47,881,928
WBGene00016996,59,534,593
WBGene00016997,30,5143,5173
WBGene00016998,19,158,177
WBGene00016999,15,89,104
WBGene00017000,26,170,196
WBGene00017001,6,15,21
WBGene00017002,3,264,267
WBGene00017003,13,484,497
WBGene00017004,62,1117,1179
WBGene00017005,2,128,130
WBGene00017006,3,2,5
WBGene00017007,75,262,337
WBGene00017009,9,92,101
WBGene00017010,31,229,260
WBGene00017011,11,701,712
WBGene00017012,39,178,217
WBGene00017013,27,175,202
WBGene00017014,13,94,107
WBGene00017015,96,78,174
WBGene00017016,792,2259,3051
WBGene00017017,74,350,424
WBGene00017018,8,156,164
WBGene00017019,2,0,2
WBGene00017020,0,1,1
WBGene00017021,0,0,0
WBGene00017022,10,72,82
WBGene00017023,4,740,744
WBGene00017024,4,6,10
WBGene00017025,77,752,829
WBGene00017026,7,3,10
WBGene00017027,4,18,22
WBGene00017028,65,187,252
WBGene00017029,0,4,4
WBGene00017030,3,1,4
WBGene00017031,45,401,446
WBGene00017032,3,55,58
WBGene00017033,6,53,59
WBGene00017034,3,3,6
WBGene00017036,26,245,271
WBGene00017037,135,560,695
WBGene00017038,151,182,333
WBGene00017039,46,195,241
WBGene00017040,6,11,17
WBGene00017041,53,159,212
WBGene00017042,53,348,401
WBGene00017044,127,2231,2358
WBGene00017045,149,929,1078
WBGene00017046,46,409,455
WBGene00017048,34,111,145
WBGene00017050,33,28,61
WBGene00017051,20,74,94
WBGene00017052,0,9,9
WBGene00017053,130,662,792
WBGene00017054,139,1550,1689
WBGene00017055,0,2,2
WBGene00017056,0,1,1
WBGene00017057,0,0,0
WBGene00017058,0,0,0
WBGene00017059,0,0,0
WBGene00017060,232,13788,14020
WBGene00017061,23,18,41
WBGene00017062,145,893,1038
WBGene00017063,41,124,165
WBGene00017064,53,1027,1080
WBGene00017065,679,11629,12308
WBGene00017066,273,1063,1336
WBGene00017067,82,146,228
WBGene00017068,1,24,25
WBGene00017069,72,298,370
WBGene00017070,55,1723,1778
WBGene00017071,20,68,88
WBGene00017072,22,56,78
WBGene00017073,3,29,32
WBGene00017074,24,434,458
WBGene00017075,208,25528,25736
WBGene00017076,142,736,878
WBGene00017077,80,84,164
WBGene00017078,2,44,46
WBGene00017079,14,266,280
WBGene00017080,275,345,620
WBGene00017082,76,1848,1924
WBGene00017083,14,18,32
WBGene00017084,294,846,1140
WBGene00017085,280,2190,2470
WBGene00017087,52,296,348
WBGene00017088,292,1948,2240
WBGene00017089,1,43,44
WBGene00017090,2,0,2
WBGene00017091,0,2,2
WBGene00017092,0,2,2
WBGene00017093,0,10,10
WBGene00017094,0,0,0
WBGene00017095,0,0,0
WBGene00017096,0,6,6
WBGene00017097,13,0,13
WBGene00017098,462,4281,4743
WBGene00017099,1,1,2
WBGene00017100,5,6,11
WBGene00017101,39,210,249
WBGene00017102,11,13,24
WBGene00017103,0,6,6
WBGene00017104,12,0,12
WBGene00017105,0,0,0
WBGene00017106,0,8,8
WBGene00017107,2,9,11
WBGene00017108,5,74,79
WBGene00017109,2,1,3
WBGene00017110,2,1,3
WBGene00017111,2,2,4
WBGene00017112,2,6,8
WBGene00017113,4,9,13
WBGene00017114,0,0,0
WBGene00017115,1,1,2
WBGene00017116,0,0,0
WBGene00017119,200,5599,5799
WBGene00017120,36,148,184
WBGene00017121,2713,61728,64441
WBGene00017122,12,30,42
WBGene00017123,21,379,400
WBGene00017124,4,40,44
WBGene00017125,82,865,947
WBGene00017126,61,575,636
WBGene00017127,662,3875,4537
WBGene00017128,316,2538,2854
WBGene00017129,10,78,88
WBGene00017130,1,3,4
WBGene00017131,2,15,17
WBGene00017132,234,1431,1665
WBGene00017133,12,78,90
WBGene00017134,3,43,46
WBGene00017135,0,15,15
WBGene00017136,7,85,92
WBGene00017137,14,469,483
WBGene00017138,131,1248,1379
WBGene00017139,1,6,7
WBGene00017140,0,12,12
WBGene00017141,0,21,21
WBGene00017142,10,270,280
WBGene00017143,2,38,40
WBGene00017144,54,511,565
WBGene00017146,20,45,65
WBGene00017147,25,226,251
WBGene00017148,2,18,20
WBGene00017149,748,16120,16868
WBGene00017150,2,189,191
WBGene00017151,10,40,50
WBGene00017152,0,0,0
WBGene00017153,0,41,41
WBGene00017154,17,875,892
WBGene00017156,60,51,111
WBGene00017157,179,310,489
WBGene00017158,62,856,918
WBGene00017159,306,2106,2412
WBGene00017160,154,1392,1546
WBGene00017161,104,726,830
WBGene00017162,122,1386,1508
WBGene00017163,139,1154,1293
WBGene00017164,30,188,218
WBGene00017165,227,494,721
WBGene00017166,486,9180,9666
WBGene00017168,1,23,24
WBGene00017169,20,571,591
WBGene00017170,70,123,193
WBGene00017172,0,0,0
WBGene00017173,1,3,4
WBGene00017174,2,20,22
WBGene00017175,2,0,2
WBGene00017176,9,59,68
WBGene00017177,0,2,2
WBGene00017178,23,310,333
WBGene00017179,1,2,3
WBGene00017180,81,260,341
WBGene00017181,0,1,1
WBGene00017182,0,0,0
WBGene00017183,0,0,0
WBGene00017184,68,716,784
WBGene00017185,0,0,0
WBGene00017186,0,0,0
WBGene00017188,0,0,0
WBGene00017189,2,6,8
WBGene00017190,0,52,52
WBGene00017191,0,0,0
WBGene00017192,4,1,5
WBGene00017193,108,1306,1414
WBGene00017194,29,90,119
WBGene00017195,45,540,585
WBGene00017197,16,308,324
WBGene00017198,67,58,125
WBGene00017199,2,6,8
WBGene00017200,2,33,35
WBGene00017201,226,3514,3740
WBGene00017203,0,0,0
WBGene00017204,0,0,0
WBGene00017205,3,34,37
WBGene00017207,0,0,0
WBGene00017208,0,5,5
WBGene00017209,61,0,61
WBGene00017210,422,3165,3587
WBGene00017211,5,8,13
WBGene00017212,0,0,0
WBGene00017213,0,0,0
WBGene00017214,7,0,7
WBGene00017215,2,2,4
WBGene00017216,11,65,76
WBGene00017217,134,1450,1584
WBGene00017218,0,6,6
WBGene00017219,29,298,327
WBGene00017220,90,2013,2103
WBGene00017221,4,0,4
WBGene00017222,0,0,0
WBGene00017223,0,2,2
WBGene00017224,0,0,0
WBGene00017225,1,19,20
WBGene00017226,3,18,21
WBGene00017227,0,0,0
WBGene00017228,1,3,4
WBGene00017229,8,3,11
WBGene00017230,1,1,2
WBGene00017231,6,5,11
WBGene00017233,1,5,6
WBGene00017236,5,38,43
WBGene00017237,67,423,490
WBGene00017238,102,2872,2974
WBGene00017239,120,471,591
WBGene00017240,86,691,777
WBGene00017241,166,1087,1253
WBGene00017243,0,4,4
WBGene00017244,267,1452,1719
WBGene00017245,158,1633,1791
WBGene00017246,49,206,255
WBGene00017247,23,92,115
WBGene00017248,1,0,1
WBGene00017249,5,0,5
WBGene00017250,9,234,243
WBGene00017251,0,2,2
WBGene00017252,0,1,1
WBGene00017253,0,3,3
WBGene00017254,0,1,1
WBGene00017255,13,30,43
WBGene00017257,2,16,18
WBGene00017258,7,17,24
WBGene00017259,2,22,24
WBGene00017260,23,190,213
WBGene00017261,64,670,734
WBGene00017262,238,1498,1736
WBGene00017263,1,3,4
WBGene00017264,3,2,5
WBGene00017265,5,58,63
WBGene00017266,142,779,921
WBGene00017267,0,0,0
WBGene00017268,71,1167,1238
WBGene00017269,106,319,425
WBGene00017270,0,0,0
WBGene00017271,2,5,7
WBGene00017272,54,546,600
WBGene00017273,89,535,624
WBGene00017274,328,1555,1883
WBGene00017275,136,782,918
WBGene00017276,1,0,1
WBGene00017277,3,5,8
WBGene00017278,4,8,12
WBGene00017279,1,2,3
WBGene00017280,414,1012,1426
WBGene00017281,2,6,8
WBGene00017282,9,338,347
WBGene00017283,132,1548,1680
WBGene00017284,152,716,868
WBGene00017285,33,774,807
WBGene00017286,350,1535,1885
WBGene00017287,0,53,53
WBGene00017288,5,116,121
WBGene00017289,7,776,783
WBGene00017290,4,68,72
WBGene00017291,17,272,289
WBGene00017292,39,616,655
WBGene00017293,7,401,408
WBGene00017294,58,285,343
WBGene00017295,76,22,98
WBGene00017296,36,35,71
WBGene00017297,101,2290,2391
WBGene00017298,166,1130,1296
WBGene00017299,107,760,867
WBGene00017300,514,3953,4467
WBGene00017301,182,10934,11116
WBGene00017302,74,152,226
WBGene00017303,480,3876,4356
WBGene00017304,52,1635,1687
WBGene00017305,3,28,31
WBGene00017306,27,159,186
WBGene00017307,10,58,68
WBGene00017308,26,24,50
WBGene00017309,73,167,240
WBGene00017310,53,218,271
WBGene00017311,33,1998,2031
WBGene00017312,1,8,9
WBGene00017313,163,1093,1256
WBGene00017314,134,778,912
WBGene00017315,0,0,0
WBGene00017316,61,280,341
WBGene00017317,1328,7416,8744
WBGene00017319,398,2483,2881
WBGene00017320,16,94,110
WBGene00017321,9,1282,1291
WBGene00017322,3,6,9
WBGene00017323,2,17,19
WBGene00017324,0,0,0
WBGene00017325,1,1,2
WBGene00017326,5,95,100
WBGene00017327,8,37,45
WBGene00017328,8,570,578
WBGene00017329,27,127,154
WBGene00017330,3,4,7
WBGene00017331,53,212,265
WBGene00017332,279,277,556
WBGene00017333,0,0,0
WBGene00017334,5,14,19
WBGene00017335,25,224,249
WBGene00017336,40,214,254
WBGene00017338,116,171,287
WBGene00017339,40,269,309
WBGene00017340,18,112,130
WBGene00017341,3,7,10
WBGene00017342,103,729,832
WBGene00017343,1,2,3
WBGene00017344,63,711,774
WBGene00017347,58,5262,5320
WBGene00017348,4,794,798
WBGene00017349,93,1941,2034
WBGene00017350,128,850,978
WBGene00017351,2,13,15
WBGene00017352,0,14,14
WBGene00017353,32,211,243
WBGene00017354,2,6,8
WBGene00017355,30,405,435
WBGene00017356,289,1582,1871
WBGene00017357,75,776,851
WBGene00017358,188,274,462
WBGene00017359,0,14,14
WBGene00017360,0,177,177
WBGene00017361,1,37,38
WBGene00017362,439,4289,4728
WBGene00017363,142,1657,1799
WBGene00017364,1,5,6
WBGene00017365,0,0,0
WBGene00017366,70,41,111
WBGene00017367,13,84,97
WBGene00017369,24,414,438
WBGene00017371,8,19,27
WBGene00017372,93,1352,1445
WBGene00017373,166,1037,1203
WBGene00017374,649,5256,5905
WBGene00017375,15,109,124
WBGene00017376,1364,12098,13462
WBGene00017378,6,26,32
WBGene00017379,248,3464,3712
WBGene00017380,140,678,818
WBGene00017381,53,446,499
WBGene00017382,1,1,2
WBGene00017383,0,0,0
WBGene00017384,2,1,3
WBGene00017385,54,735,789
WBGene00017386,0,219,219
WBGene00017387,0,0,0
WBGene00017388,1,5,6
WBGene00017389,330,320,650
WBGene00017390,27,163,190
WBGene00017393,1,0,1
WBGene00017394,73,299,372
WBGene00017395,1,2,3
WBGene00017396,5,7,12
WBGene00017397,62,294,356
WBGene00017398,3,18,21
WBGene00017399,17,15,32
WBGene00017400,18,169,187
WBGene00017401,0,1,1
WBGene00017402,0,1,1
WBGene00017403,0,1,1
WBGene00017405,0,1,1
WBGene00017406,0,2,2
WBGene00017407,0,0,0
WBGene00017408,0,1,1
WBGene00017410,2,15,17
WBGene00017411,15,86,101
WBGene00017412,4,2,6
WBGene00017413,1,2,3
WBGene00017414,0,0,0
WBGene00017416,0,71,71
WBGene00017417,5,89,94
WBGene00017418,149,1287,1436
WBGene00017419,138,1992,2130
WBGene00017420,52,151,203
WBGene00017421,70,219,289
WBGene00017422,49,100,149
WBGene00017423,265,3384,3649
WBGene00017424,10,23,33
WBGene00017426,92,898,990
WBGene00017427,14,41,55
WBGene00017428,450,3258,3708
WBGene00017429,102,328,430
WBGene00017430,142,1221,1363
WBGene00017431,140,686,826
WBGene00017433,12,85,97
WBGene00017434,8,63,71
WBGene00017435,180,1667,1847
WBGene00017436,1,27,28
WBGene00017437,15,87,102
WBGene00017438,4,15,19
WBGene00017439,15,86,101
WBGene00017440,1225,17877,19102
WBGene00017441,9,23,32
WBGene00017442,20,154,174
WBGene00017443,3,15,18
WBGene00017444,1,1,2
WBGene00017445,109,805,914
WBGene00017446,2,61,63
WBGene00017447,23,105,128
WBGene00017448,57,313,370
WBGene00017449,25,48,73
WBGene00017450,5,63,68
WBGene00017451,5,17,22
WBGene00017452,50,61,111
WBGene00017453,7,8,15
WBGene00017454,0,0,0
WBGene00017455,0,0,0
WBGene00017456,15,15,30
WBGene00017459,10,91,101
WBGene00017460,1,85,86
WBGene00017461,1,119,120
WBGene00017462,1,76,77
WBGene00017463,64,255,319
WBGene00017464,34,185,219
WBGene00017465,1,0,1
WBGene00017466,1,10,11
WBGene00017467,6,154,160
WBGene00017468,14,13,27
WBGene00017469,15,7,22
WBGene00017470,0,0,0
WBGene00017471,12,244,256
WBGene00017472,177,1096,1273
WBGene00017473,0,32,32
WBGene00017474,0,1,1
WBGene00017475,0,2,2
WBGene00017476,0,2,2
WBGene00017477,24,183,207
WBGene00017478,55,457,512
WBGene00017480,139,981,1120
WBGene00017481,2,53,55
WBGene00017482,12,214,226
WBGene00017483,0,56,56
WBGene00017484,31,1029,1060
WBGene00017485,29,284,313
WBGene00017486,0,89,89
WBGene00017487,35,95,130
WBGene00017488,36,162,198
WBGene00017489,17,32,49
WBGene00017490,0,0,0
WBGene00017491,0,0,0
WBGene00017492,4,0,4
WBGene00017493,2,4,6
WBGene00017497,2,0,2
WBGene00017498,14,140,154
WBGene00017499,0,0,0
WBGene00017500,0,0,0
WBGene00017501,1,147,148
WBGene00017502,0,51,51
WBGene00017503,15,109,124
WBGene00017504,33,49,82
WBGene00017506,126,1519,1645
WBGene00017507,97,123,220
WBGene00017508,11,63,74
WBGene00017509,21,63,84
WBGene00017510,33,70,103
WBGene00017511,1,3,4
WBGene00017512,7,88,95
WBGene00017513,86,385,471
WBGene00017514,121,1330,1451
WBGene00017515,9,66,75
WBGene00017516,1,0,1
WBGene00017517,1,0,1
WBGene00017518,2,0,2
WBGene00017519,0,1,1
WBGene00017520,0,0,0
WBGene00017521,1,0,1
WBGene00017522,0,0,0
WBGene00017523,0,0,0
WBGene00017524,1,2,3
WBGene00017525,1,0,1
WBGene00017526,3,0,3
WBGene00017527,0,0,0
WBGene00017528,1,2,3
WBGene00017530,47,159,206
WBGene00017532,1,10,11
WBGene00017534,92,924,1016
WBGene00017535,48,317,365
WBGene00017536,19,357,376
WBGene00017537,30,213,243
WBGene00017538,13,144,157
WBGene00017539,1,0,1
WBGene00017540,0,0,0
WBGene00017541,2,0,2
WBGene00017542,0,4,4
WBGene00017543,4,18,22
WBGene00017544,3,21,24
WBGene00017545,30,83,113
WBGene00017546,152,2016,2168
WBGene00017547,60,318,378
WBGene00017548,31,120,151
WBGene00017549,80,313,393
WBGene00017550,2,17,19
WBGene00017551,0,0,0
WBGene00017552,1,1,2
WBGene00017553,1,2,3
WBGene00017554,3,2,5
WBGene00017555,3,0,3
WBGene00017556,2,3,5
WBGene00017557,14,483,497
WBGene00017559,0,0,0
WBGene00017560,2,2,4
WBGene00017562,0,0,0
WBGene00017563,58,853,911
WBGene00017564,1,2,3
WBGene00017565,2374,2963,5337
WBGene00017566,3,12,15
WBGene00017567,0,524,524
WBGene00017568,41,358,399
WBGene00017569,43,670,713
WBGene00017570,47,159,206
WBGene00017571,48,779,827
WBGene00017573,1,2,3
WBGene00017574,11,169,180
WBGene00017576,63,49,112
WBGene00017577,4,12,16
WBGene00017578,8,13,21
WBGene00017579,3,34,37
WBGene00017580,47,153,200
WBGene00017581,5,4,9
WBGene00017582,9,344,353
WBGene00017583,41,501,542
WBGene00017584,0,3,3
WBGene00017585,1,0,1
WBGene00017586,4,29,33
WBGene00017587,0,0,0
WBGene00017588,0,0,0
WBGene00017589,5,46,51
WBGene00017590,0,0,0
WBGene00017591,50,525,575
WBGene00017592,4,11,15
WBGene00017593,6,11,17
WBGene00017594,1,1,2
WBGene00017595,0,3,3
WBGene00017596,0,0,0
WBGene00017597,169,321,490
WBGene00017598,0,0,0
WBGene00017599,0,182,182
WBGene00017600,47,362,409
WBGene00017601,1,1,2
WBGene00017603,0,0,0
WBGene00017604,2,0,2
WBGene00017605,756,4787,5543
WBGene00017606,28,319,347
WBGene00017607,56,423,479
WBGene00017608,150,507,657
WBGene00017609,0,4,4
WBGene00017610,3,1,4
WBGene00017611,23,21,44
WBGene00017612,0,4,4
WBGene00017613,1315,29001,30316
WBGene00017614,3,14,17
WBGene00017615,2,2,4
WBGene00017616,15,61,76
WBGene00017618,258,335,593
WBGene00017619,6,18,24
WBGene00017620,120,560,680
WBGene00017621,128,2724,2852
WBGene00017625,12,5,17
WBGene00017627,4,1,5
WBGene00017628,78,119,197
WBGene00017629,0,0,0
WBGene00017630,1,0,1
WBGene00017631,8,5,13
WBGene00017632,28,83,111
WBGene00017633,19,17,36
WBGene00017634,4,4,8
WBGene00017635,32,25,57
WBGene00017636,0,2,2
WBGene00017637,41,243,284
WBGene00017638,0,0,0
WBGene00017639,267,956,1223
WBGene00017640,128,658,786
WBGene00017641,58,311,369
WBGene00017642,173,1461,1634
WBGene00017643,108,1039,1147
WBGene00017644,456,1774,2230
WBGene00017645,6,7,13
WBGene00017646,102,359,461
WBGene00017647,36,61,97
WBGene00017648,3,38,41
WBGene00017650,4,28,32
WBGene00017651,53,70,123
WBGene00017652,0,4,4
WBGene00017653,304,1192,1496
WBGene00017654,2,12,14
WBGene00017655,0,0,0
WBGene00017656,0,13,13
WBGene00017657,764,5429,6193
WBGene00017658,56,397,453
WBGene00017659,61,1602,1663
WBGene00017660,14,63,77
WBGene00017661,8,98,106
WBGene00017662,1,7,8
WBGene00017663,122,2141,2263
WBGene00017664,10,25,35
WBGene00017666,0,16,16
WBGene00017667,0,28,28
WBGene00017668,0,0,0
WBGene00017670,0,0,0
WBGene00017671,269,7896,8165
WBGene00017672,0,1,1
WBGene00017673,3,29,32
WBGene00017674,7,60,67
WBGene00017675,165,2851,3016
WBGene00017676,96,786,882
WBGene00017678,3,11,14
WBGene00017679,0,1,1
WBGene00017681,1,34,35
WBGene00017683,55,541,596
WBGene00017684,0,0,0
WBGene00017685,2,1,3
WBGene00017686,125,1173,1298
WBGene00017687,10,141,151
WBGene00017688,69,979,1048
WBGene00017690,56,102,158
WBGene00017691,85,460,545
WBGene00017692,20,79,99
WBGene00017693,1,0,1
WBGene00017694,0,0,0
WBGene00017695,3,7,10
WBGene00017696,27,378,405
WBGene00017698,127,1184,1311
WBGene00017699,845,1918,2763
WBGene00017700,28,49,77
WBGene00017701,46,83,129
WBGene00017702,84,487,571
WBGene00017703,19,31,50
WBGene00017704,1,0,1
WBGene00017705,0,4,4
WBGene00017706,5,15,20
WBGene00017707,2,0,2
WBGene00017708,27,145,172
WBGene00017709,102,1,103
WBGene00017710,1,4,5
WBGene00017711,11,163,174
WBGene00017712,0,13,13
WBGene00017713,0,2,2
WBGene00017714,1,29,30
WBGene00017715,8,169,177
WBGene00017716,8,40,48
WBGene00017717,3,135,138
WBGene00017718,1,10,11
WBGene00017719,269,1865,2134
WBGene00017720,41,88,129
WBGene00017721,7,30,37
WBGene00017722,2,1,3
WBGene00017723,12,15,27
WBGene00017724,137,874,1011
WBGene00017725,1,4,5
WBGene00017726,56,554,610
WBGene00017727,0,2931,2931
WBGene00017730,2,61,63
WBGene00017732,53,367,420
WBGene00017733,96,670,766
WBGene00017734,85,10006,10091
WBGene00017735,281,3274,3555
WBGene00017736,2,31,33
WBGene00017737,2,7,9
WBGene00017738,80,582,662
WBGene00017741,108,395,503
WBGene00017742,93,563,656
WBGene00017743,1,2,3
WBGene00017744,75,381,456
WBGene00017745,120,988,1108
WBGene00017746,258,756,1014
WBGene00017747,11,90,101
WBGene00017748,92,877,969
WBGene00017749,97,902,999
WBGene00017750,35,178,213
WBGene00017751,170,11,181
WBGene00017752,0,0,0
WBGene00017754,3,32,35
WBGene00017755,642,1010,1652
WBGene00017756,82,833,915
WBGene00017757,41,1257,1298
WBGene00017758,70,331,401
WBGene00017759,6,1671,1677
WBGene00017760,95,1155,1250
WBGene00017761,182,101,283
WBGene00017762,212,203,415
WBGene00017763,160,974,1134
WBGene00017764,1,4,5
WBGene00017765,80,1793,1873
WBGene00017766,26,529,555
WBGene00017767,58,411,469
WBGene00017768,132,997,1129
WBGene00017769,92,1149,1241
WBGene00017770,93,1031,1124
WBGene00017771,27,151,178
WBGene00017772,384,4814,5198
WBGene00017773,146,1765,1911
WBGene00017774,29,357,386
WBGene00017775,120,1858,1978
WBGene00017776,42,750,792
WBGene00017777,25,1893,1918
WBGene00017778,213,1276,1489
WBGene00017779,52,198,250
WBGene00017780,47,142,189
WBGene00017781,294,1021,1315
WBGene00017782,21,325,346
WBGene00017783,5,58,63
WBGene00017784,0,8,8
WBGene00017785,0,42,42
WBGene00017786,8,108,116
WBGene00017787,6,62,68
WBGene00017788,0,18,18
WBGene00017789,0,1408,1408
WBGene00017790,1,15,16
WBGene00017791,0,2,2
WBGene00017792,11,144,155
WBGene00017794,28,154,182
WBGene00017795,119,375,494
WBGene00017796,0,95,95
WBGene00017797,300,1141,1441
WBGene00017798,11,110,121
WBGene00017799,27,1107,1134
WBGene00017800,43,712,755
WBGene00017801,71,520,591
WBGene00017802,3,5,8
WBGene00017803,6,11,17
WBGene00017804,1,36,37
WBGene00017805,3,1,4
WBGene00017806,6,67,73
WBGene00017807,9,12,21
WBGene00017808,0,3,3
WBGene00017809,1,0,1
WBGene00017810,1,1,2
WBGene00017811,35,418,453
WBGene00017812,83,327,410
WBGene00017813,0,422,422
WBGene00017814,13,103,116
WBGene00017815,262,168,430
WBGene00017816,46,1397,1443
WBGene00017817,4,2,6
WBGene00017818,422,989,1411
WBGene00017819,6,10,16
WBGene00017821,5,5,10
WBGene00017822,2,2,4
WBGene00017823,4,84,88
WBGene00017824,9,4,13
WBGene00017825,46,718,764
WBGene00017826,56,458,514
WBGene00017827,48,195,243
WBGene00017828,19,579,598
WBGene00017829,194,648,842
WBGene00017830,36,2910,2946
WBGene00017831,84,388,472
WBGene00017832,41,423,464
WBGene00017833,40,191,231
WBGene00017834,276,3521,3797
WBGene00017835,4,27,31
WBGene00017836,17,182,199
WBGene00017837,56,509,565
WBGene00017838,174,879,1053
WBGene00017839,0,0,0
WBGene00017840,36,133,169
WBGene00017841,0,75,75
WBGene00017842,27,274,301
WBGene00017843,1,1,2
WBGene00017845,3,6,9
WBGene00017848,0,17,17
WBGene00017850,101,637,738
WBGene00017851,0,1,1
WBGene00017852,140,2986,3126
WBGene00017853,1,0,1
WBGene00017854,0,61,61
WBGene00017855,459,2289,2748
WBGene00017858,35,73,108
WBGene00017860,15,8,23
WBGene00017861,18,104,122
WBGene00017862,0,2,2
WBGene00017863,5,0,5
WBGene00017864,748,11146,11894
WBGene00017865,0,4,4
WBGene00017866,0,1050,1050
WBGene00017867,0,0,0
WBGene00017868,8,16,24
WBGene00017869,0,0,0
WBGene00017871,1,8,9
WBGene00017872,0,1,1
WBGene00017873,0,5,5
WBGene00017874,425,4809,5234
WBGene00017875,0,14,14
WBGene00017876,0,0,0
WBGene00017879,12,27,39
WBGene00017880,13,157,170
WBGene00017881,3,24,27
WBGene00017885,310,1477,1787
WBGene00017886,21,164,185
WBGene00017887,42,1073,1115
WBGene00017888,54,389,443
WBGene00017889,106,1894,2000
WBGene00017890,0,18,18
WBGene00017891,126,470,596
WBGene00017892,41,274,315
WBGene00017893,12,79,91
WBGene00017894,12,590,602
WBGene00017895,27,775,802
WBGene00017896,0,2,2
WBGene00017898,66,212,278
WBGene00017899,0,0,0
WBGene00017900,236,1236,1472
WBGene00017901,64,275,339
WBGene00017902,0,4,4
WBGene00017904,266,739,1005
WBGene00017905,8,220,228
WBGene00017906,48,121,169
WBGene00017907,116,477,593
WBGene00017908,0,104,104
WBGene00017909,31,908,939
WBGene00017910,21,6,27
WBGene00017911,0,4,4
WBGene00017912,4,1,5
WBGene00017913,0,2,2
WBGene00017914,38,359,397
WBGene00017915,0,0,0
WBGene00017916,180,760,940
WBGene00017918,0,0,0
WBGene00017919,35,252,287
WBGene00017920,160,1915,2075
WBGene00017921,57,781,838
WBGene00017922,1,5,6
WBGene00017923,38,1169,1207
WBGene00017924,77,1100,1177
WBGene00017925,2488,24949,27437
WBGene00017926,1435,28980,30415
WBGene00017927,4,4,8
WBGene00017928,45,698,743
WBGene00017929,977,801,1778
WBGene00017930,0,28,28
WBGene00017931,84,406,490
WBGene00017933,3,2,5
WBGene00017934,66,551,617
WBGene00017935,0,0,0
WBGene00017936,9,152,161
WBGene00017937,3,20,23
WBGene00017938,7,279,286
WBGene00017939,24,109,133
WBGene00017942,0,0,0
WBGene00017944,5,7,12
WBGene00017945,40,267,307
WBGene00017947,10,22,32
WBGene00017948,26,75,101
WBGene00017949,11,46,57
WBGene00017950,28,136,164
WBGene00017951,44,506,550
WBGene00017952,373,793,1166
WBGene00017953,3,4,7
WBGene00017954,14,467,481
WBGene00017955,1,0,1
WBGene00017957,2,13,15
WBGene00017959,6,57,63
WBGene00017960,19,99,118
WBGene00017961,18,98,116
WBGene00017962,6,60,66
WBGene00017963,1,7,8
WBGene00017964,0,717,717
WBGene00017965,7,27,34
WBGene00017966,28,4,32
WBGene00017967,105,1082,1187
WBGene00017968,103,990,1093
WBGene00017969,14,184,198
WBGene00017970,82,2397,2479
WBGene00017971,31,314,345
WBGene00017973,107,250,357
WBGene00017974,23,198,221
WBGene00017975,2,7,9
WBGene00017976,116,391,507
WBGene00017977,7,152,159
WBGene00017978,0,68,68
WBGene00017979,141,3666,3807
WBGene00017980,228,2126,2354
WBGene00017981,36,477,513
WBGene00017982,1568,10801,12369
WBGene00017983,143,202,345
WBGene00017984,34,11799,11833
WBGene00017985,5,258,263
WBGene00017986,11,67,78
WBGene00017987,2,5,7
WBGene00017988,18,1590,1608
WBGene00017989,67,1030,1097
WBGene00017990,49,846,895
WBGene00017991,28,187,215
WBGene00017992,55,229,284
WBGene00017993,146,5092,5238
WBGene00017995,406,1773,2179
WBGene00017996,57,886,943
WBGene00017997,333,2558,2891
WBGene00017998,10,102,112
WBGene00017999,134,2574,2708
WBGene00018000,0,0,0
WBGene00018001,1,1,2
WBGene00018002,29,96,125
WBGene00018003,0,0,0
WBGene00018004,2,0,2
WBGene00018005,72,393,465
WBGene00018006,38,400,438
WBGene00018007,18,1112,1130
WBGene00018008,50,1996,2046
WBGene00018009,43,526,569
WBGene00018010,11,85,96
WBGene00018011,27,282,309
WBGene00018013,81,368,449
WBGene00018014,61,258,319
WBGene00018015,24,301,325
WBGene00018016,24,138,162
WBGene00018017,36,1297,1333
WBGene00018018,55,1286,1341
WBGene00018019,0,0,0
WBGene00018020,0,0,0
WBGene00018021,1,8,9
WBGene00018022,21,33,54
WBGene00018023,47,79,126
WBGene00018024,303,6360,6663
WBGene00018025,60,817,877
WBGene00018026,2,6,8
WBGene00018027,6,3,9
WBGene00018028,4,1,5
WBGene00018030,0,0,0
WBGene00018031,1,9,10
WBGene00018033,1098,2318,3416
WBGene00018034,2,3,5
WBGene00018035,4,7,11
WBGene00018036,1,32,33
WBGene00018037,28,106,134
WBGene00018038,5,1,6
WBGene00018039,3,1,4
WBGene00018040,0,8,8
WBGene00018041,4,58,62
WBGene00018042,16,119,135
WBGene00018043,14,52,66
WBGene00018044,10,147,157
WBGene00018045,1,888,889
WBGene00018046,116,2769,2885
WBGene00018047,0,6,6
WBGene00018048,2,4,6
WBGene00018049,1,2,3
WBGene00018050,9,34,43
WBGene00018051,68,401,469
WBGene00018052,22,126,148
WBGene00018053,1,1,2
WBGene00018054,3,0,3
WBGene00018055,0,7,7
WBGene00018056,2,0,2
WBGene00018057,0,1,1
WBGene00018058,2,1,3
WBGene00018060,31,462,493
WBGene00018061,51,292,343
WBGene00018062,1,0,1
WBGene00018063,1,0,1
WBGene00018064,164,1175,1339
WBGene00018065,5,23,28
WBGene00018066,19,38,57
WBGene00018067,31,282,313
WBGene00018068,4,407,411
WBGene00018069,89,509,598
WBGene00018070,9,131,140
WBGene00018071,18,397,415
WBGene00018072,69,319,388
WBGene00018073,50,1103,1153
WBGene00018074,84,359,443
WBGene00018075,233,793,1026
WBGene00018076,36,201,237
WBGene00018077,5,148,153
WBGene00018078,97,312,409
WBGene00018080,0,3,3
WBGene00018081,0,3,3
WBGene00018082,0,0,0
WBGene00018083,4,8,12
WBGene00018084,17,16,33
WBGene00018085,2,52,54
WBGene00018086,0,0,0
WBGene00018087,12,22,34
WBGene00018088,89,398,487
WBGene00018089,40,133,173
WBGene00018090,125,1191,1316
WBGene00018091,3,2,5
WBGene00018092,0,9,9
WBGene00018093,2,0,2
WBGene00018094,5,3,8
WBGene00018096,2,0,2
WBGene00018097,1,0,1
WBGene00018098,0,0,0
WBGene00018099,12,88,100
WBGene00018100,0,10,10
WBGene00018101,4,6,10
WBGene00018102,1,0,1
WBGene00018103,1,1,2
WBGene00018104,0,6,6
WBGene00018105,0,0,0
WBGene00018106,0,0,0
WBGene00018107,0,0,0
WBGene00018108,0,14,14
WBGene00018110,2,2,4
WBGene00018111,6,10,16
WBGene00018112,38,304,342
WBGene00018113,8,36,44
WBGene00018114,11,10,21
WBGene00018115,18,195,213
WBGene00018117,24,1309,1333
WBGene00018118,6,63,69
WBGene00018119,0,5,5
WBGene00018120,1,0,1
WBGene00018121,3,64,67
WBGene00018122,0,1,1
WBGene00018123,0,0,0
WBGene00018124,0,0,0
WBGene00018130,7,3,10
WBGene00018131,164,968,1132
WBGene00018132,99,1209,1308
WBGene00018133,16,108,124
WBGene00018134,5,1,6
WBGene00018135,0,2,2
WBGene00018136,5,18,23
WBGene00018137,13,221,234
WBGene00018138,20,177,197
WBGene00018139,1,0,1
WBGene00018140,30,195,225
WBGene00018141,0,0,0
WBGene00018142,2,38,40
WBGene00018143,4,18,22
WBGene00018144,108,615,723
WBGene00018145,514,3606,4120
WBGene00018146,5,56,61
WBGene00018148,9,5,14
WBGene00018149,178,691,869
WBGene00018150,32,399,431
WBGene00018151,695,3989,4684
WBGene00018152,49,1948,1997
WBGene00018153,3,32,35
WBGene00018154,1755,911,2666
WBGene00018155,0,14,14
WBGene00018156,166,1604,1770
WBGene00018157,5,47,52
WBGene00018158,0,5,5
WBGene00018159,543,2207,2750
WBGene00018160,34,730,764
WBGene00018161,58,1397,1455
WBGene00018162,0,0,0
WBGene00018163,1,0,1
WBGene00018164,2,1561,1563
WBGene00018165,0,1,1
WBGene00018166,11,64,75
WBGene00018167,7,39,46
WBGene00018168,4,3,7
WBGene00018169,0,1,1
WBGene00018170,16,254,270
WBGene00018172,8,6,14
WBGene00018173,17,58,75
WBGene00018174,4,23,27
WBGene00018175,81,219,300
WBGene00018176,5,4,9
WBGene00018178,1,0,1
WBGene00018179,5,8,13
WBGene00018180,50,36,86
WBGene00018181,34,1089,1123
WBGene00018182,1,2,3
WBGene00018183,6,6,12
WBGene00018184,7,105,112
WBGene00018186,0,3,3
WBGene00018187,1467,3032,4499
WBGene00018188,107,594,701
WBGene00018189,5,5,10
WBGene00018190,1,3,4
WBGene00018191,17,140,157
WBGene00018192,0,56,56
WBGene00018193,84,1686,1770
WBGene00018195,2,28,30
WBGene00018196,2,4,6
WBGene00018198,3,10,13
WBGene00018200,2,22,24
WBGene00018201,4,89,93
WBGene00018202,0,2,2
WBGene00018203,0,2,2
WBGene00018204,65,251,316
WBGene00018205,0,0,0
WBGene00018206,29,296,325
WBGene00018207,4,35,39
WBGene00018208,19,993,1012
WBGene00018209,3,4,7
WBGene00018210,17,69,86
WBGene00018211,6,3,9
WBGene00018212,48,268,316
WBGene00018213,19,78,97
WBGene00018214,216,2286,2502
WBGene00018215,45,195,240
WBGene00018216,173,309,482
WBGene00018217,612,1484,2096
WBGene00018218,27,2728,2755
WBGene00018219,44,330,374
WBGene00018221,837,7708,8545
WBGene00018222,25,98,123
WBGene00018223,20,31,51
WBGene00018226,42,310,352
WBGene00018227,6,20,26
WBGene00018228,1,0,1
WBGene00018229,0,0,0
WBGene00018230,12,847,859
WBGene00018231,1,1,2
WBGene00018232,199,116,315
WBGene00018233,0,10,10
WBGene00018234,0,3,3
WBGene00018235,0,4,4
WBGene00018236,0,40,40
WBGene00018237,79,584,663
WBGene00018238,79,1293,1372
WBGene00018239,16,372,388
WBGene00018240,186,1132,1318
WBGene00018241,6,16,22
WBGene00018242,1,2,3
WBGene00018243,0,0,0
WBGene00018244,0,0,0
WBGene00018245,0,0,0
WBGene00018246,0,0,0
WBGene00018247,1,0,1
WBGene00018248,1,1,2
WBGene00018249,178,1883,2061
WBGene00018250,54,476,530
WBGene00018251,38,163,201
WBGene00018252,5,90,95
WBGene00018253,3,13,16
WBGene00018254,0,3,3
WBGene00018255,10,8,18
WBGene00018256,0,23,23
WBGene00018257,114,2674,2788
WBGene00018258,61,494,555
WBGene00018259,174,1089,1263
WBGene00018260,15,97,112
WBGene00018261,18,69,87
WBGene00018262,5,48,53
WBGene00018264,1,14,15
WBGene00018265,76,359,435
WBGene00018266,15,277,292
WBGene00018267,1,0,1
WBGene00018268,6,267,273
WBGene00018269,83,570,653
WBGene00018270,35,1154,1189
WBGene00018271,411,89574,89985
WBGene00018272,31,177,208
WBGene00018273,38,42,80
WBGene00018274,51,179,230
WBGene00018275,57,347,404
WBGene00018276,0,0,0
WBGene00018277,0,0,0
WBGene00018278,0,0,0
WBGene00018279,0,4,4
WBGene00018280,4,7,11
WBGene00018281,62,240,302
WBGene00018282,42,468,510
WBGene00018283,1,27,28
WBGene00018284,3,5,8
WBGene00018285,737,4095,4832
WBGene00018286,25,108,133
WBGene00018288,6,128,134
WBGene00018289,22,8,30
WBGene00018290,165,3323,3488
WBGene00018291,4,15,19
WBGene00018292,3,5,8
WBGene00018293,72,484,556
WBGene00018294,46,1466,1512
WBGene00018295,11,35,46
WBGene00018296,0,2,2
WBGene00018297,0,891,891
WBGene00018298,194,2673,2867
WBGene00018299,1,2,3
WBGene00018300,2,12,14
WBGene00018301,6,12,18
WBGene00018302,8,204,212
WBGene00018303,291,2764,3055
WBGene00018304,107,403,510
WBGene00018305,210,1288,1498
WBGene00018307,22,127,149
WBGene00018308,0,29,29
WBGene00018309,3,5,8
WBGene00018310,76,106,182
WBGene00018311,50,469,519
WBGene00018312,0,1,1
WBGene00018313,6,27,33
WBGene00018314,3,4,7
WBGene00018315,2,6,8
WBGene00018316,46,704,750
WBGene00018317,71,1098,1169
WBGene00018318,1,124,125
WBGene00018319,232,869,1101
WBGene00018321,2,243,245
WBGene00018322,0,1,1
WBGene00018323,10,0,10
WBGene00018324,0,2,2
WBGene00018327,4,1,5
WBGene00018328,135,389,524
WBGene00018330,33,461,494
WBGene00018332,5,6,11
WBGene00018333,0,14,14
WBGene00018334,35,140,175
WBGene00018335,131,719,850
WBGene00018336,1,0,1
WBGene00018337,81,359,440
WBGene00018338,1,75,76
WBGene00018339,74,3080,3154
WBGene00018340,76,2180,2256
WBGene00018341,73,3453,3526
WBGene00018342,41,189,230
WBGene00018343,5,118,123
WBGene00018344,36,157,193
WBGene00018345,13,21,34
WBGene00018346,20,181,201
WBGene00018347,8,24,32
WBGene00018348,50,179,229
WBGene00018349,104,2648,2752
WBGene00018350,8,185,193
WBGene00018351,10,20,30
WBGene00018352,2,8,10
WBGene00018353,2,11,13
WBGene00018354,1,1,2
WBGene00018355,8,17,25
WBGene00018356,104,1138,1242
WBGene00018357,35,631,666
WBGene00018358,7,2,9
WBGene00018359,7,1,8
WBGene00018360,7,3,10
WBGene00018361,1573,9373,10946
WBGene00018362,23,3882,3905
WBGene00018363,47,594,641
WBGene00018364,73,176,249
WBGene00018365,1,49,50
WBGene00018366,59,525,584
WBGene00018367,141,1243,1384
WBGene00018369,46,472,518
WBGene00018370,180,1070,1250
WBGene00018371,26,378,404
WBGene00018373,220,1469,1689
WBGene00018374,23,103,126
WBGene00018375,4,4,8
WBGene00018376,204,3032,3236
WBGene00018377,3,2,5
WBGene00018378,1,0,1
WBGene00018379,0,0,0
WBGene00018380,4,130,134
WBGene00018381,8,0,8
WBGene00018383,0,72,72
WBGene00018384,15,55,70
WBGene00018385,3,1,4
WBGene00018386,10,169,179
WBGene00018387,2,0,2
WBGene00018388,678,0,678
WBGene00018389,0,0,0
WBGene00018390,16,347,363
WBGene00018391,46,2025,2071
WBGene00018392,181,726,907
WBGene00018393,3,1745,1748
WBGene00018394,4,35,39
WBGene00018395,126,8122,8248
WBGene00018397,12,2,14
WBGene00018398,11,130,141
WBGene00018399,23,329,352
WBGene00018400,133,939,1072
WBGene00018402,20,230,250
WBGene00018403,43,181,224
WBGene00018404,2,7,9
WBGene00018405,301,1301,1602
WBGene00018406,5,8,13
WBGene00018407,794,3635,4429
WBGene00018408,151,582,733
WBGene00018409,33,927,960
WBGene00018410,4,14,18
WBGene00018411,19,47,66
WBGene00018412,4,6,10
WBGene00018413,11,95,106
WBGene00018414,3,9,12
WBGene00018415,5,105,110
WBGene00018417,171,1079,1250
WBGene00018418,14,1224,1238
WBGene00018419,150,707,857
WBGene00018420,106,1043,1149
WBGene00018421,13,837,850
WBGene00018422,26,1584,1610
WBGene00018423,43,210,253
WBGene00018424,13,630,643
WBGene00018425,4,5,9
WBGene00018426,93,2994,3087
WBGene00018427,12,742,754
WBGene00018428,2,2,4
WBGene00018429,2,4,6
WBGene00018430,32,103,135
WBGene00018431,26,1429,1455
WBGene00018432,6,7,13
WBGene00018433,0,3,3
WBGene00018434,0,1,1
WBGene00018435,0,10,10
WBGene00018436,0,0,0
WBGene00018437,0,0,0
WBGene00018438,0,1,1
WBGene00018439,0,2,2
WBGene00018440,1,1,2
WBGene00018441,0,0,0
WBGene00018442,5,0,5
WBGene00018443,0,0,0
WBGene00018444,1,0,1
WBGene00018445,0,5,5
WBGene00018446,5,12,17
WBGene00018447,0,2,2
WBGene00018452,0,1,1
WBGene00018455,2,4,6
WBGene00018456,4,14,18
WBGene00018457,0,0,0
WBGene00018458,0,0,0
WBGene00018459,0,36,36
WBGene00018460,0,0,0
WBGene00018461,0,0,0
WBGene00018462,9,334,343
WBGene00018463,0,2,2
WBGene00018465,21,184,205
WBGene00018466,13,93,106
WBGene00018467,61,260,321
WBGene00018468,401,3363,3764
WBGene00018470,122,446,568
WBGene00018471,1,21,22
WBGene00018472,63,143,206
WBGene00018473,20,181,201
WBGene00018474,45,584,629
WBGene00018475,401,5087,5488
WBGene00018476,23,120,143
WBGene00018477,1,15,16
WBGene00018478,9,46,55
WBGene00018479,1,4,5
WBGene00018480,4,25,29
WBGene00018481,112,1118,1230
WBGene00018482,255,1709,1964
WBGene00018483,14,180,194
WBGene00018484,7,13,20
WBGene00018485,657,1753,2410
WBGene00018486,5,62,67
WBGene00018487,18,98,116
WBGene00018488,61,514,575
WBGene00018489,0,1,1
WBGene00018490,2,5,7
WBGene00018491,30,22175,22205
WBGene00018492,41,259,300
WBGene00018493,1,0,1
WBGene00018496,2,0,2
WBGene00018497,0,0,0
WBGene00018498,1,1,2
WBGene00018499,0,9,9
WBGene00018500,0,0,0
WBGene00018501,0,0,0
WBGene00018502,3,0,3
WBGene00018504,0,0,0
WBGene00018505,1,0,1
WBGene00018506,0,0,0
WBGene00018507,0,3,3
WBGene00018508,442,2137,2579
WBGene00018509,115,1140,1255
WBGene00018510,18,112,130
WBGene00018511,45,253,298
WBGene00018512,133,812,945
WBGene00018513,0,195,195
WBGene00018514,38,234,272
WBGene00018515,7,48,55
WBGene00018516,22,393,415
WBGene00018517,213,1179,1392
WBGene00018518,26,734,760
WBGene00018519,7766,123222,130988
WBGene00018520,131,895,1026
WBGene00018521,5,61,66
WBGene00018522,184,2086,2270
WBGene00018523,38,140,178
WBGene00018525,0,0,0
WBGene00018526,0,0,0
WBGene00018527,0,0,0
WBGene00018528,1,4,5
WBGene00018529,0,0,0
WBGene00018530,0,0,0
WBGene00018531,2,0,2
WBGene00018532,1814,20735,22549
WBGene00018533,430,881,1311
WBGene00018534,2,3,5
WBGene00018535,0,0,0
WBGene00018536,0,6,6
WBGene00018537,1,6,7
WBGene00018538,128,528,656
WBGene00018539,4,2,6
WBGene00018541,6,21,27
WBGene00018542,3,80,83
WBGene00018543,9,39,48
WBGene00018544,9,27,36
WBGene00018545,1,7,8
WBGene00018547,52,34,86
WBGene00018548,2,9,11
WBGene00018549,0,0,0
WBGene00018550,0,0,0
WBGene00018551,10,12,22
WBGene00018552,4,11,15
WBGene00018554,0,0,0
WBGene00018555,1,0,1
WBGene00018556,0,0,0
WBGene00018557,0,0,0
WBGene00018558,13,8,21
WBGene00018559,0,0,0
WBGene00018560,44,339,383
WBGene00018561,19,48,67
WBGene00018562,108,665,773
WBGene00018563,5,9,14
WBGene00018564,409,1426,1835
WBGene00018565,42,183,225
WBGene00018566,12,86,98
WBGene00018567,52,45,97
WBGene00018568,2,11,13
WBGene00018569,84,248,332
WBGene00018570,21,0,21
WBGene00018571,15,8,23
WBGene00018572,344,1750,2094
WBGene00018573,2,0,2
WBGene00018575,0,3,3
WBGene00018576,47,202,249
WBGene00018578,10,145,155
WBGene00018579,474,1920,2394
WBGene00018580,6,1,7
WBGene00018581,60,269,329
WBGene00018582,19,33,52
WBGene00018585,42,226,268
WBGene00018586,59,697,756
WBGene00018587,24,57,81
WBGene00018589,257,26,283
WBGene00018590,5,1172,1177
WBGene00018591,1,12,13
WBGene00018593,35,556,591
WBGene00018594,60,233,293
WBGene00018595,2,118,120
WBGene00018596,4,27,31
WBGene00018598,14,100,114
WBGene00018599,65,1384,1449
WBGene00018600,4,6,10
WBGene00018601,1,0,1
WBGene00018602,55,1332,1387
WBGene00018603,24,29,53
WBGene00018604,102,1936,2038
WBGene00018605,7,8,15
WBGene00018606,0,37,37
WBGene00018607,228,729,957
WBGene00018608,92,180,272
WBGene00018609,139,1169,1308
WBGene00018610,16,837,853
WBGene00018611,104,398,502
WBGene00018612,58,646,704
WBGene00018613,3,207,210
WBGene00018614,2,29,31
WBGene00018615,8,116,124
WBGene00018616,0,0,0
WBGene00018617,1,0,1
WBGene00018618,0,1,1
WBGene00018619,0,3,3
WBGene00018620,2,9,11
WBGene00018621,0,55,55
WBGene00018622,15,142,157
WBGene00018623,4,9,13
WBGene00018624,2,8,10
WBGene00018625,40,1003,1043
WBGene00018626,8,26,34
WBGene00018627,1,1,2
WBGene00018628,143,1,144
WBGene00018630,8,12,20
WBGene00018631,2,0,2
WBGene00018632,15,339,354
WBGene00018634,115,537,652
WBGene00018635,42,371,413
WBGene00018636,79,466,545
WBGene00018637,25,329,354
WBGene00018638,14,559,573
WBGene00018639,62,298,360
WBGene00018640,3,13,16
WBGene00018641,12,81,93
WBGene00018643,0,1,1
WBGene00018645,18,96,114
WBGene00018646,3,31,34
WBGene00018647,1,9,10
WBGene00018648,8,30,38
WBGene00018649,0,0,0
WBGene00018650,0,5,5
WBGene00018651,0,0,0
WBGene00018652,0,0,0
WBGene00018653,1,12,13
WBGene00018654,35,262,297
WBGene00018655,25,253,278
WBGene00018656,364,3389,3753
WBGene00018657,150,1203,1353
WBGene00018659,7,151,158
WBGene00018660,0,42,42
WBGene00018661,0,15,15
WBGene00018663,0,154,154
WBGene00018665,7,77,84
WBGene00018667,9,148,157
WBGene00018668,10,99,109
WBGene00018669,11,62,73
WBGene00018670,2,1,3
WBGene00018671,2,6,8
WBGene00018672,119,441,560
WBGene00018674,240,1401,1641
WBGene00018675,43,127,170
WBGene00018678,66,414,480
WBGene00018679,274,1062,1336
WBGene00018680,42,116,158
WBGene00018681,289,787,1076
WBGene00018682,42,811,853
WBGene00018683,20,21,41
WBGene00018684,0,3,3
WBGene00018687,2,22,24
WBGene00018688,0,12,12
WBGene00018689,10,75,85
WBGene00018690,1,10,11
WBGene00018691,2,0,2
WBGene00018692,120,2444,2564
WBGene00018693,10,2,12
WBGene00018694,13,18,31
WBGene00018696,55,282,337
WBGene00018697,39,345,384
WBGene00018698,11,111,122
WBGene00018700,590,1864,2454
WBGene00018701,246,16851,17097
WBGene00018702,3,510,513
WBGene00018703,23,396,419
WBGene00018704,8,298,306
WBGene00018706,5,12,17
WBGene00018707,5,24,29
WBGene00018708,1,1,2
WBGene00018709,2,4,6
WBGene00018710,423,3070,3493
WBGene00018711,87,63,150
WBGene00018712,33,76,109
WBGene00018713,3,11,14
WBGene00018714,36,434,470
WBGene00018715,13,113,126
WBGene00018716,73,179,252
WBGene00018717,34,233,267
WBGene00018718,19,144,163
WBGene00018719,71,636,707
WBGene00018720,320,1471,1791
WBGene00018721,79,264,343
WBGene00018723,83,281,364
WBGene00018724,0,214,214
WBGene00018725,0,439,439
WBGene00018726,4,12,16
WBGene00018727,42,131,173
WBGene00018728,27,59,86
WBGene00018729,55,468,523
WBGene00018730,0,1418,1418
WBGene00018731,0,1189,1189
WBGene00018732,0,575,575
WBGene00018734,900,1362,2262
WBGene00018735,13,186,199
WBGene00018736,7,89,96
WBGene00018737,5,78,83
WBGene00018738,29,94,123
WBGene00018739,98,736,834
WBGene00018740,140,530,670
WBGene00018741,31,59,90
WBGene00018742,5,27,32
WBGene00018743,90,1213,1303
WBGene00018744,3,994,997
WBGene00018745,7,21,28
WBGene00018746,4,27,31
WBGene00018747,27,148,175
WBGene00018748,471,230,701
WBGene00018749,24,121,145
WBGene00018750,132,285,417
WBGene00018751,0,2,2
WBGene00018752,7,14,21
WBGene00018754,3,12,15
WBGene00018755,13,85,98
WBGene00018756,469,1957,2426
WBGene00018757,89,675,764
WBGene00018758,64,651,715
WBGene00018760,38,80,118
WBGene00018761,186,43,229
WBGene00018762,179,1978,2157
WBGene00018763,54,1483,1537
WBGene00018764,49,4183,4232
WBGene00018765,992,3166,4158
WBGene00018766,31,52,83
WBGene00018767,2,3,5
WBGene00018768,0,0,0
WBGene00018769,303,2157,2460
WBGene00018770,0,1,1
WBGene00018771,4,17,21
WBGene00018772,43,56,99
WBGene00018773,4,23,27
WBGene00018774,27,60,87
WBGene00018776,428,2701,3129
WBGene00018777,99,334,433
WBGene00018778,461,2920,3381
WBGene00018779,6,42,48
WBGene00018781,153,441,594
WBGene00018782,464,4739,5203
WBGene00018783,2,56,58
WBGene00018784,256,4445,4701
WBGene00018785,162,547,709
WBGene00018786,5,213,218
WBGene00018787,72,277,349
WBGene00018788,84,245,329
WBGene00018789,27,192,219
WBGene00018791,39,124,163
WBGene00018792,0,4,4
WBGene00018793,455,1771,2226
WBGene00018794,165,186,351
WBGene00018795,38,300,338
WBGene00018797,155,844,999
WBGene00018798,36,147,183
WBGene00018802,75,1661,1736
WBGene00018803,61,1359,1420
WBGene00018804,7,213,220
WBGene00018805,5,19,24
WBGene00018806,1,141,142
WBGene00018808,0,0,0
WBGene00018809,0,2,2
WBGene00018810,0,0,0
WBGene00018811,960,7396,8356
WBGene00018812,316,735,1051
WBGene00018813,1,6,7
WBGene00018814,41,627,668
WBGene00018815,0,0,0
WBGene00018816,0,0,0
WBGene00018817,154,0,154
WBGene00018819,214,1459,1673
WBGene00018820,13,1,14
WBGene00018821,1,2,3
WBGene00018822,0,0,0
WBGene00018823,2,138,140
WBGene00018824,0,4,4
WBGene00018825,2,9,11
WBGene00018826,1,2,3
WBGene00018827,24,478,502
WBGene00018828,2,120,122
WBGene00018829,6,10,16
WBGene00018830,54,528,582
WBGene00018831,52,475,527
WBGene00018833,161,424,585
WBGene00018834,0,1,1
WBGene00018835,51,399,450
WBGene00018836,78,460,538
WBGene00018837,835,957,1792
WBGene00018838,0,0,0
WBGene00018839,1,88,89
WBGene00018840,0,4,4
WBGene00018841,0,0,0
WBGene00018842,0,5,5
WBGene00018844,0,3,3
WBGene00018845,17,105,122
WBGene00018846,16640,97439,114079
WBGene00018847,73,894,967
WBGene00018848,58,387,445
WBGene00018849,39,2760,2799
WBGene00018850,3,50,53
WBGene00018851,1,26,27
WBGene00018853,56,1038,1094
WBGene00018854,80,1356,1436
WBGene00018855,5,59,64
WBGene00018857,100,1025,1125
WBGene00018859,23,91,114
WBGene00018860,100,249,349
WBGene00018861,27,97,124
WBGene00018863,9,370,379
WBGene00018864,125,671,796
WBGene00018865,8,24,32
WBGene00018866,170,1688,1858
WBGene00018867,20,137,157
WBGene00018868,21,96,117
WBGene00018869,194,2415,2609
WBGene00018870,1,18,19
WBGene00018871,12,401,413
WBGene00018872,265,1383,1648
WBGene00018873,3,16,19
WBGene00018874,19,44,63
WBGene00018875,0,1,1
WBGene00018876,0,0,0
WBGene00018877,137,893,1030
WBGene00018878,4,328,332
WBGene00018879,31,224,255
WBGene00018880,16,27,43
WBGene00018881,0,2,2
WBGene00018882,0,0,0
WBGene00018883,0,5,5
WBGene00018884,9,4,13
WBGene00018885,1,9,10
WBGene00018886,2,183,185
WBGene00018888,0,2,2
WBGene00018890,199,1750,1949
WBGene00018891,169,1719,1888
WBGene00018892,53,1708,1761
WBGene00018893,367,2559,2926
WBGene00018894,5,327,332
WBGene00018895,0,0,0
WBGene00018896,2,11,13
WBGene00018897,24,349,373
WBGene00018898,328,4309,4637
WBGene00018899,7,24,31
WBGene00018900,37,903,940
WBGene00018901,1,36,37
WBGene00018902,3,161,164
WBGene00018903,4,78,82
WBGene00018904,13,710,723
WBGene00018906,28,37,65
WBGene00018907,41,60,101
WBGene00018908,37,190,227
WBGene00018909,62,197,259
WBGene00018910,0,0,0
WBGene00018911,1,0,1
WBGene00018912,0,0,0
WBGene00018913,0,0,0
WBGene00018915,0,0,0
WBGene00018917,0,0,0
WBGene00018918,0,0,0
WBGene00018920,0,0,0
WBGene00018921,0,13,13
WBGene00018923,117,326,443
WBGene00018924,29,72,101
WBGene00018925,10,387,397
WBGene00018926,0,0,0
WBGene00018927,0,0,0
WBGene00018928,53,290,343
WBGene00018930,0,0,0
WBGene00018931,2,8,10
WBGene00018932,89,1979,2068
WBGene00018933,0,0,0
WBGene00018934,33,2255,2288
WBGene00018935,13,864,877
WBGene00018937,9,55,64
WBGene00018938,1,1,2
WBGene00018939,1,10,11
WBGene00018940,0,0,0
WBGene00018941,3,1,4
WBGene00018942,0,0,0
WBGene00018943,2,1,3
WBGene00018944,0,1,1
WBGene00018945,13,70,83
WBGene00018946,2,6,8
WBGene00018948,5,96,101
WBGene00018949,3,4,7
WBGene00018950,32,205,237
WBGene00018951,11,244,255
WBGene00018952,15,101,116
WBGene00018953,348,2894,3242
WBGene00018954,59,274,333
WBGene00018955,35,507,542
WBGene00018957,47,503,550
WBGene00018958,87,354,441
WBGene00018959,33,476,509
WBGene00018960,18,489,507
WBGene00018961,396,1875,2271
WBGene00018963,897,11027,11924
WBGene00018964,33,189,222
WBGene00018965,12,27,39
WBGene00018966,20,82,102
WBGene00018967,88,1267,1355
WBGene00018968,1,7,8
WBGene00018969,38,1183,1221
WBGene00018970,3,0,3
WBGene00018971,11,46,57
WBGene00018972,1,8,9
WBGene00018973,1,0,1
WBGene00018974,144,638,782
WBGene00018975,342,884,1226
WBGene00018976,152,113,265
WBGene00018978,0,0,0
WBGene00018979,0,1,1
WBGene00018980,3,0,3
WBGene00018981,2,3,5
WBGene00018982,2,0,2
WBGene00018984,21,78,99
WBGene00018985,80,520,600
WBGene00018986,48,481,529
WBGene00018987,70,349,419
WBGene00018988,18,94,112
WBGene00018989,47,380,427
WBGene00018990,43,167,210
WBGene00018991,25,138,163
WBGene00018994,0,4,4
WBGene00018995,74,410,484
WBGene00018996,31,945,976
WBGene00018997,5,23,28
WBGene00018998,105,1121,1226
WBGene00018999,1,9,10
WBGene00019001,550,8460,9010
WBGene00019002,48,193,241
WBGene00019003,87,2535,2622
WBGene00019004,43,550,593
WBGene00019005,166,1223,1389
WBGene00019006,123,1055,1178
WBGene00019007,2828,6783,9611
WBGene00019008,8,389,397
WBGene00019009,34,144,178
WBGene00019010,112,15,127
WBGene00019011,94,623,717
WBGene00019012,33,98,131
WBGene00019013,8,154,162
WBGene00019014,17,118,135
WBGene00019015,1,9,10
WBGene00019016,5,4,9
WBGene00019017,21,1085,1106
WBGene00019018,669,1489,2158
WBGene00019019,9,28,37
WBGene00019020,41,185,226
WBGene00019021,1,77,78
WBGene00019022,45,88,133
WBGene00019023,17,82,99
WBGene00019024,0,0,0
WBGene00019025,6,57,63
WBGene00019026,0,0,0
WBGene00019027,1,2,3
WBGene00019028,3,5,8
WBGene00019029,17,19,36
WBGene00019030,85,188,273
WBGene00019032,8,43,51
WBGene00019034,0,0,0
WBGene00019035,1,4,5
WBGene00019036,5,0,5
WBGene00019037,0,0,0
WBGene00019038,2,2,4
WBGene00019039,0,0,0
WBGene00019040,1,0,1
WBGene00019041,0,1,1
WBGene00019042,0,0,0
WBGene00019043,1,1,2
WBGene00019044,0,0,0
WBGene00019045,0,0,0
WBGene00019046,3,3,6
WBGene00019047,4,88,92
WBGene00019048,12,163,175
WBGene00019049,4,18,22
WBGene00019051,0,0,0
WBGene00019052,2,0,2
WBGene00019053,0,1,1
WBGene00019054,0,0,0
WBGene00019055,26,286,312
WBGene00019057,5,16,21
WBGene00019058,2,12,14
WBGene00019059,2,2,4
WBGene00019060,23,129,152
WBGene00019061,3359,27808,31167
WBGene00019062,1,0,1
WBGene00019063,1,2,3
WBGene00019064,51,862,913
WBGene00019065,0,0,0
WBGene00019066,0,0,0
WBGene00019067,9,32,41
WBGene00019068,2,29,31
WBGene00019069,102,213,315
WBGene00019070,0,30,30
WBGene00019072,12,172,184
WBGene00019073,0,0,0
WBGene00019074,136,959,1095
WBGene00019075,28,254,282
WBGene00019076,116,1367,1483
WBGene00019077,25,818,843
WBGene00019079,91,946,1037
WBGene00019080,4,18,22
WBGene00019081,6,2,8
WBGene00019082,6,97,103
WBGene00019083,2,1,3
WBGene00019084,1,11,12
WBGene00019085,0,0,0
WBGene00019086,2,3,5
WBGene00019087,18,676,694
WBGene00019089,5,6,11
WBGene00019090,451,3266,3717
WBGene00019091,4,6,10
WBGene00019092,1085,5417,6502
WBGene00019094,4,5,9
WBGene00019096,0,0,0
WBGene00019097,11,202,213
WBGene00019098,0,3,3
WBGene00019099,1,1,2
WBGene00019100,54,162,216
WBGene00019101,4,20,24
WBGene00019102,317,1516,1833
WBGene00019103,24,75,99
WBGene00019104,0,1,1
WBGene00019105,8,67,75
WBGene00019106,13,12,25
WBGene00019108,5,127,132
WBGene00019109,72,179,251
WBGene00019111,88,312,400
WBGene00019112,10,5,15
WBGene00019113,52,197,249
WBGene00019114,15,101,116
WBGene00019115,15,59,74
WBGene00019116,14,218,232
WBGene00019118,12,678,690
WBGene00019119,2,0,2
WBGene00019120,43,883,926
WBGene00019121,17,935,952
WBGene00019122,15,229,244
WBGene00019123,1,1,2
WBGene00019124,155,1448,1603
WBGene00019125,24,181,205
WBGene00019126,39,1013,1052
WBGene00019127,37,489,526
WBGene00019128,49,135,184
WBGene00019129,65,341,406
WBGene00019130,89,252,341
WBGene00019132,9,33,42
WBGene00019133,1,6,7
WBGene00019136,0,0,0
WBGene00019138,0,10,10
WBGene00019139,9,66,75
WBGene00019140,7,64,71
WBGene00019141,25,167,192
WBGene00019142,10,217,227
WBGene00019143,47,413,460
WBGene00019144,10,16,26
WBGene00019145,0,1,1
WBGene00019146,0,7,7
WBGene00019148,23,201,224
WBGene00019149,28,76,104
WBGene00019150,11,8,19
WBGene00019151,0,1,1
WBGene00019152,1,1,2
WBGene00019153,0,89,89
WBGene00019154,11,297,308
WBGene00019155,2,1,3
WBGene00019156,43,674,717
WBGene00019157,279,583,862
WBGene00019158,37,973,1010
WBGene00019159,2,7,9
WBGene00019160,532,35705,36237
WBGene00019162,74,10580,10654
WBGene00019163,170,1205,1375
WBGene00019164,9,100,109
WBGene00019165,2,3,5
WBGene00019166,203,350,553
WBGene00019167,107,686,793
WBGene00019168,1115,7425,8540
WBGene00019169,0,7,7
WBGene00019170,175,1803,1978
WBGene00019171,0,3,3
WBGene00019174,63,35,98
WBGene00019177,6,111,117
WBGene00019178,0,0,0
WBGene00019179,2,0,2
WBGene00019180,255,432,687
WBGene00019182,25,135,160
WBGene00019183,878,24,902
WBGene00019184,10,112,122
WBGene00019185,22,548,570
WBGene00019186,0,1,1
WBGene00019187,46,130,176
WBGene00019188,82,643,725
WBGene00019189,0,11,11
WBGene00019190,10,1,11
WBGene00019192,0,1,1
WBGene00019194,7,8,15
WBGene00019196,19,947,966
WBGene00019197,6,22,28
WBGene00019198,52,214,266
WBGene00019199,102,641,743
WBGene00019200,78,353,431
WBGene00019201,7,4,11
WBGene00019202,9,1,10
WBGene00019203,539,4374,4913
WBGene00019204,268,457,725
WBGene00019205,1208,3027,4235
WBGene00019207,338,3327,3665
WBGene00019209,218,1752,1970
WBGene00019211,261,910,1171
WBGene00019212,80,966,1046
WBGene00019213,24,93,117
WBGene00019214,3,0,3
WBGene00019215,4,7,11
WBGene00019216,1,1,2
WBGene00019217,289,1258,1547
WBGene00019218,35,288,323
WBGene00019219,52,765,817
WBGene00019220,76,2045,2121
WBGene00019221,8,221,229
WBGene00019222,2,5,7
WBGene00019224,12,97,109
WBGene00019225,5,10,15
WBGene00019226,5,31,36
WBGene00019227,155,1170,1325
WBGene00019228,3,80,83
WBGene00019229,3,11,14
WBGene00019230,40,66,106
WBGene00019231,15,32,47
WBGene00019232,257,513,770
WBGene00019233,6,22,28
WBGene00019234,39,310,349
WBGene00019235,3,30,33
WBGene00019236,9,30,39
WBGene00019237,182,1122,1304
WBGene00019239,31,4,35
WBGene00019240,108,1650,1758
WBGene00019241,169,792,961
WBGene00019242,37,47,84
WBGene00019243,8,370,378
WBGene00019244,45,207,252
WBGene00019245,128,734,862
WBGene00019246,479,2385,2864
WBGene00019247,10,115,125
WBGene00019248,202,251,453
WBGene00019249,393,7142,7535
WBGene00019250,800,2045,2845
WBGene00019251,2,5,7
WBGene00019253,0,7,7
WBGene00019254,5,52,57
WBGene00019255,1,9,10
WBGene00019257,1,1,2
WBGene00019259,52,1160,1212
WBGene00019260,1,1,2
WBGene00019261,4,123,127
WBGene00019262,3,3,6
WBGene00019263,83,573,656
WBGene00019264,159,650,809
WBGene00019265,4,183,187
WBGene00019266,3,18,21
WBGene00019267,1,0,1
WBGene00019268,57,237,294
WBGene00019269,7,21,28
WBGene00019270,142,200,342
WBGene00019272,38,151,189
WBGene00019273,5,32,37
WBGene00019274,76,493,569
WBGene00019275,171,923,1094
WBGene00019276,101,811,912
WBGene00019277,126,1314,1440
WBGene00019279,1878,1207,3085
WBGene00019280,22,365,387
WBGene00019281,0,0,0
WBGene00019282,1073,34238,35311
WBGene00019283,0,0,0
WBGene00019284,48,917,965
WBGene00019285,63,245,308
WBGene00019286,68,104,172
WBGene00019287,16,57,73
WBGene00019288,0,5,5
WBGene00019289,83,614,697
WBGene00019290,6,109,115
WBGene00019292,0,0,0
WBGene00019293,3,125,128
WBGene00019294,220,1669,1889
WBGene00019295,217,1428,1645
WBGene00019296,21,1216,1237
WBGene00019297,3,0,3
WBGene00019298,54,702,756
WBGene00019299,72,450,522
WBGene00019300,24,366,390
WBGene00019301,386,3742,4128
WBGene00019302,2,0,2
WBGene00019303,42,21,63
WBGene00019304,12,229,241
WBGene00019305,62,1362,1424
WBGene00019306,2,10,12
WBGene00019309,2,4,6
WBGene00019312,2,9,11
WBGene00019313,0,1,1
WBGene00019314,1,9,10
WBGene00019315,109,783,892
WBGene00019316,2,53,55
WBGene00019317,46,319,365
WBGene00019318,72,60,132
WBGene00019319,34,183,217
WBGene00019320,12,55,67
WBGene00019321,26,213,239
WBGene00019322,147,33277,33424
WBGene00019323,541,1972,2513
WBGene00019324,303,6175,6478
WBGene00019326,150,1066,1216
WBGene00019327,295,8231,8526
WBGene00019328,266,2096,2362
WBGene00019329,109,406,515
WBGene00019331,83,211,294
WBGene00019332,1359,8398,9757
WBGene00019333,396,2183,2579
WBGene00019334,18,814,832
WBGene00019335,1,19,20
WBGene00019337,3,2,5
WBGene00019338,3,1,4
WBGene00019339,0,80,80
WBGene00019340,0,1,1
WBGene00019341,1,0,1
WBGene00019342,0,19,19
WBGene00019343,18,23,41
WBGene00019344,38,259,297
WBGene00019345,31,175,206
WBGene00019346,11,138,149
WBGene00019347,248,178,426
WBGene00019348,1,19,20
WBGene00019349,4,3,7
WBGene00019350,1,2,3
WBGene00019351,43,539,582
WBGene00019352,54,268,322
WBGene00019353,39,674,713
WBGene00019354,24,797,821
WBGene00019355,162,1310,1472
WBGene00019356,0,0,0
WBGene00019357,0,6333,6333
WBGene00019359,39,5,44
WBGene00019360,46,94,140
WBGene00019361,136,1321,1457
WBGene00019362,103,144,247
WBGene00019364,8,126,134
WBGene00019365,102,1198,1300
WBGene00019367,1,3,4
WBGene00019368,29,107,136
WBGene00019369,8,17,25
WBGene00019370,49,130,179
WBGene00019371,1,1,2
WBGene00019372,0,10,10
WBGene00019373,21,175,196
WBGene00019374,9,163,172
WBGene00019376,1,3,4
WBGene00019379,0,11,11
WBGene00019380,392,2408,2800
WBGene00019381,0,5900,5900
WBGene00019382,10,28,38
WBGene00019383,3,2,5
WBGene00019386,2,4,6
WBGene00019387,1,1,2
WBGene00019388,11,44,55
WBGene00019389,2,7,9
WBGene00019391,10,14,24
WBGene00019392,5,4,9
WBGene00019393,11,18,29
WBGene00019394,64,177,241
WBGene00019395,15,101,116
WBGene00019396,49,486,535
WBGene00019399,43,1080,1123
WBGene00019400,126,816,942
WBGene00019401,139,5326,5465
WBGene00019402,91,1966,2057
WBGene00019403,78,397,475
WBGene00019404,6,22,28
WBGene00019405,6,17,23
WBGene00019406,9,22,31
WBGene00019407,130,607,737
WBGene00019408,80,562,642
WBGene00019409,0,2,2
WBGene00019410,1,2,3
WBGene00019411,0,10,10
WBGene00019412,0,1,1
WBGene00019413,1,0,1
WBGene00019414,0,1,1
WBGene00019415,0,5,5
WBGene00019416,1,7,8
WBGene00019417,0,0,0
WBGene00019418,1,2,3
WBGene00019419,0,0,0
WBGene00019420,0,1,1
WBGene00019421,2,6,8
WBGene00019422,0,10,10
WBGene00019423,18,4,22
WBGene00019424,12,119,131
WBGene00019425,1,5,6
WBGene00019426,7,162,169
WBGene00019427,47,577,624
WBGene00019428,207,412,619
WBGene00019429,52,428,480
WBGene00019430,0,83,83
WBGene00019431,4,9,13
WBGene00019432,106,1655,1761
WBGene00019433,95,4108,4203
WBGene00019434,230,269,499
WBGene00019435,15,85,100
WBGene00019436,45,351,396
WBGene00019437,241,1341,1582
WBGene00019438,0,0,0
WBGene00019442,0,0,0
WBGene00019443,10,6,16
WBGene00019444,17,31,48
WBGene00019445,20,37,57
WBGene00019448,15,137,152
WBGene00019449,0,0,0
WBGene00019450,1,0,1
WBGene00019451,3,0,3
WBGene00019452,0,0,0
WBGene00019453,5,1,6
WBGene00019455,11,46,57
WBGene00019456,37,237,274
WBGene00019457,230,942,1172
WBGene00019458,44,272,316
WBGene00019459,1,1,2
WBGene00019460,58,505,563
WBGene00019461,24,39,63
WBGene00019462,166,68,234
WBGene00019464,5,251,256
WBGene00019465,253,1949,2202
WBGene00019466,1105,16049,17154
WBGene00019467,12,836,848
WBGene00019470,0,0,0
WBGene00019471,2,0,2
WBGene00019472,3,7,10
WBGene00019473,4,14,18
WBGene00019476,17,184,201
WBGene00019477,6,71,77
WBGene00019478,833,3465,4298
WBGene00019479,173,1398,1571
WBGene00019480,69,594,663
WBGene00019481,84,1750,1834
WBGene00019482,27,257,284
WBGene00019483,6,4,10
WBGene00019484,1,218,219
WBGene00019485,50,216,266
WBGene00019486,3,1,4
WBGene00019487,19,191,210
WBGene00019488,184,2251,2435
WBGene00019489,36,791,827
WBGene00019490,44,787,831
WBGene00019491,38,393,431
WBGene00019492,540,2251,2791
WBGene00019493,24,90,114
WBGene00019495,42,542,584
WBGene00019496,19,64,83
WBGene00019497,33,490,523
WBGene00019498,78,473,551
WBGene00019501,2,3,5
WBGene00019502,2,2,4
WBGene00019503,47,292,339
WBGene00019504,26,1047,1073
WBGene00019506,2,7,9
WBGene00019507,0,3,3
WBGene00019508,8,21,29
WBGene00019509,3,79,82
WBGene00019510,744,23312,24056
WBGene00019511,101,1073,1174
WBGene00019512,12,13,25
WBGene00019513,29,415,444
WBGene00019514,0,1,1
WBGene00019515,6,73,79
WBGene00019516,19,67,86
WBGene00019518,20,46,66
WBGene00019519,123,274,397
WBGene00019520,1,84,85
WBGene00019521,101,1419,1520
WBGene00019522,112,327,439
WBGene00019524,1,2,3
WBGene00019525,114,786,900
WBGene00019527,0,3,3
WBGene00019529,0,0,0
WBGene00019530,0,7,7
WBGene00019531,1,0,1
WBGene00019533,0,3,3
WBGene00019534,6,0,6
WBGene00019535,17,121,138
WBGene00019536,51,56,107
WBGene00019537,0,25830,25830
WBGene00019538,22,160,182
WBGene00019540,101,4140,4241
WBGene00019541,2,55,57
WBGene00019543,444,3437,3881
WBGene00019544,55,970,1025
WBGene00019545,37,164,201
WBGene00019546,51,317,368
WBGene00019547,1,2,3
WBGene00019548,1,0,1
WBGene00019549,2,0,2
WBGene00019550,14,33,47
WBGene00019551,1,77,78
WBGene00019552,4,1,5
WBGene00019553,5,40,45
WBGene00019554,26,260,286
WBGene00019556,3,7,10
WBGene00019557,4,2,6
WBGene00019558,1,1,2
WBGene00019559,1,0,1
WBGene00019560,0,0,0
WBGene00019561,1,3,4
WBGene00019562,1,0,1
WBGene00019563,1,26,27
WBGene00019564,63,362,425
WBGene00019565,3,6,9
WBGene00019566,1,1,2
WBGene00019567,1,2,3
WBGene00019570,18,38,56
WBGene00019571,150,34,184
WBGene00019572,0,27,27
WBGene00019574,0,2,2
WBGene00019576,0,15,15
WBGene00019577,6,37,43
WBGene00019578,2,5,7
WBGene00019579,4,16,20
WBGene00019580,0,7,7
WBGene00019582,2,1,3
WBGene00019583,0,2,2
WBGene00019584,4,9,13
WBGene00019586,3,8,11
WBGene00019587,0,6,6
WBGene00019588,0,3,3
WBGene00019589,16,25,41
WBGene00019590,3,9,12
WBGene00019591,0,0,0
WBGene00019592,0,89,89
WBGene00019593,7,149,156
WBGene00019594,41,17,58
WBGene00019595,9,269,278
WBGene00019597,65,361,426
WBGene00019598,0,7,7
WBGene00019599,39,155,194
WBGene00019600,4,80,84
WBGene00019601,1,10,11
WBGene00019602,0,0,0
WBGene00019603,11,180,191
WBGene00019604,0,3,3
WBGene00019605,23,99,122
WBGene00019606,0,29,29
WBGene00019607,620,2793,3413
WBGene00019608,10,243,253
WBGene00019609,293,961,1254
WBGene00019611,11,307,318
WBGene00019612,157,822,979
WBGene00019613,0,2,2
WBGene00019614,1,2,3
WBGene00019615,53,272,325
WBGene00019616,7,55,62
WBGene00019617,17,400,417
WBGene00019618,10,22,32
WBGene00019619,27,186,213
WBGene00019620,61,2140,2201
WBGene00019621,0,0,0
WBGene00019622,0,0,0
WBGene00019623,61,351,412
WBGene00019624,339,1651,1990
WBGene00019625,10,8,18
WBGene00019626,0,3,3
WBGene00019627,75,575,650
WBGene00019628,29,879,908
WBGene00019629,34,653,687
WBGene00019630,58,281,339
WBGene00019631,96,959,1055
WBGene00019633,105,372,477
WBGene00019636,6,59,65
WBGene00019638,1,0,1
WBGene00019639,0,3,3
WBGene00019640,15,14,29
WBGene00019641,33,96,129
WBGene00019642,17,70,87
WBGene00019643,8,285,293
WBGene00019644,23,77,100
WBGene00019645,94,1018,1112
WBGene00019646,0,1,1
WBGene00019647,72,956,1028
WBGene00019648,0,22,22
WBGene00019649,7,74,81
WBGene00019650,115,530,645
WBGene00019651,113,515,628
WBGene00019652,16,349,365
WBGene00019653,1,8,9
WBGene00019654,6,49,55
WBGene00019655,5,80,85
WBGene00019656,43,1299,1342
WBGene00019657,58,548,606
WBGene00019658,136,1206,1342
WBGene00019659,4,16,20
WBGene00019660,2,89,91
WBGene00019661,0,37,37
WBGene00019662,6,5,11
WBGene00019663,38,1140,1178
WBGene00019664,194,1828,2022
WBGene00019665,16,132,148
WBGene00019666,26,339,365
WBGene00019667,14,18,32
WBGene00019668,2,10,12
WBGene00019669,18,73,91
WBGene00019670,0,0,0
WBGene00019673,48,514,562
WBGene00019674,8,14,22
WBGene00019675,0,0,0
WBGene00019677,93,280,373
WBGene00019678,422,2003,2425
WBGene00019679,237,2168,2405
WBGene00019680,0,9857,9857
WBGene00019681,0,0,0
WBGene00019682,56,355,411
WBGene00019683,376,59,435
WBGene00019684,0,2,2
WBGene00019685,2,1,3
WBGene00019686,212,1080,1292
WBGene00019687,0,0,0
WBGene00019688,8,12,20
WBGene00019689,1,7,8
WBGene00019690,1,3,4
WBGene00019691,19,50,69
WBGene00019692,36,189,225
WBGene00019693,37,2795,2832
WBGene00019697,314,892,1206
WBGene00019698,296,2742,3038
WBGene00019699,3,5,8
WBGene00019700,0,1,1
WBGene00019702,0,0,0
WBGene00019703,0,1,1
WBGene00019704,0,1,1
WBGene00019705,1,11,12
WBGene00019709,0,0,0
WBGene00019710,3,228,231
WBGene00019711,94,1236,1330
WBGene00019712,30,211,241
WBGene00019713,46,231,277
WBGene00019714,2,1,3
WBGene00019715,89,507,596
WBGene00019716,393,1186,1579
WBGene00019717,21,80,101
WBGene00019718,0,6,6
WBGene00019719,1798,5999,7797
WBGene00019720,41,157,198
WBGene00019721,17,4,21
WBGene00019722,2,8,10
WBGene00019723,0,84,84
WBGene00019724,73,271,344
WBGene00019725,14,174,188
WBGene00019726,227,461,688
WBGene00019727,452,13429,13881
WBGene00019728,2,7,9
WBGene00019729,26,260,286
WBGene00019730,46,441,487
WBGene00019731,31,23,54
WBGene00019732,1,712,713
WBGene00019733,320,988,1308
WBGene00019734,330,2278,2608
WBGene00019735,17,15,32
WBGene00019736,6,13,19
WBGene00019738,10,59,69
WBGene00019740,1,0,1
WBGene00019741,13,266,279
WBGene00019742,32,88,120
WBGene00019743,44,171,215
WBGene00019744,106,854,960
WBGene00019745,1,8,9
WBGene00019746,58,121,179
WBGene00019747,286,953,1239
WBGene00019748,101,1381,1482
WBGene00019749,40,262,302
WBGene00019750,1228,1111,2339
WBGene00019751,55,796,851
WBGene00019753,58,211,269
WBGene00019754,2,64,66
WBGene00019755,0,8,8
WBGene00019756,2,0,2
WBGene00019757,119,382,501
WBGene00019758,1,12,13
WBGene00019759,106,18508,18614
WBGene00019760,835,14164,14999
WBGene00019761,3,17,20
WBGene00019762,200,1858,2058
WBGene00019763,8,23,31
WBGene00019764,23,260,283
WBGene00019765,170,176,346
WBGene00019766,68,315,383
WBGene00019767,40,4875,4915
WBGene00019768,120,485,605
WBGene00019769,4,76,80
WBGene00019770,1577,2576,4153
WBGene00019771,399,1102,1501
WBGene00019772,185,1527,1712
WBGene00019773,3,4,7
WBGene00019774,169,252,421
WBGene00019776,8,65,73
WBGene00019777,26,112,138
WBGene00019778,30,420,450
WBGene00019779,22,87,109
WBGene00019780,214,12307,12521
WBGene00019781,93,464,557
WBGene00019782,2,14,16
WBGene00019783,3,0,3
WBGene00019784,1,9,10
WBGene00019785,2,14,16
WBGene00019786,150,440,590
WBGene00019787,95,332,427
WBGene00019788,0,12,12
WBGene00019791,0,8,8
WBGene00019792,56,258,314
WBGene00019793,2,0,2
WBGene00019794,0,1,1
WBGene00019795,0,1,1
WBGene00019796,0,5,5
WBGene00019797,0,0,0
WBGene00019798,0,0,0
WBGene00019799,0,6,6
WBGene00019800,20,2919,2939
WBGene00019801,86,476,562
WBGene00019803,4,30,34
WBGene00019804,6,2,8
WBGene00019805,31,204,235
WBGene00019806,2,161,163
WBGene00019807,54,340,394
WBGene00019808,55,1178,1233
WBGene00019809,0,0,0
WBGene00019810,0,17,17
WBGene00019811,3,61,64
WBGene00019812,98,113,211
WBGene00019813,29,886,915
WBGene00019814,8,32,40
WBGene00019815,2,2,4
WBGene00019816,48,240,288
WBGene00019817,11,43,54
WBGene00019818,42,440,482
WBGene00019819,91,2311,2402
WBGene00019820,52,793,845
WBGene00019821,79,901,980
WBGene00019822,65,508,573
WBGene00019823,134,1253,1387
WBGene00019824,37,327,364
WBGene00019825,45,213,258
WBGene00019826,0,0,0
WBGene00019827,102,733,835
WBGene00019828,82,80,162
WBGene00019829,16,384,400
WBGene00019830,21,554,575
WBGene00019831,155,8421,8576
WBGene00019832,75,243,318
WBGene00019833,2,29,31
WBGene00019834,0,6,6
WBGene00019835,0,0,0
WBGene00019836,78,1013,1091
WBGene00019837,33,158,191
WBGene00019838,288,2044,2332
WBGene00019839,1,23,24
WBGene00019840,19,222,241
WBGene00019841,68,1087,1155
WBGene00019842,579,476,1055
WBGene00019843,56,530,586
WBGene00019844,116,318,434
WBGene00019845,11,25,36
WBGene00019846,7,36,43
WBGene00019847,96,580,676
WBGene00019849,3,14,17
WBGene00019850,1,1,2
WBGene00019851,4,5,9
WBGene00019854,73,96,169
WBGene00019855,281,1418,1699
WBGene00019856,1,0,1
WBGene00019857,2,1,3
WBGene00019858,5,69,74
WBGene00019859,0,32,32
WBGene00019861,1,6,7
WBGene00019862,24,503,527
WBGene00019863,142,378,520
WBGene00019864,44,263,307
WBGene00019865,15,63,78
WBGene00019866,13,47,60
WBGene00019867,82,456,538
WBGene00019868,35,357,392
WBGene00019869,4,14,18
WBGene00019870,15,315,330
WBGene00019871,18,592,610
WBGene00019872,160,356,516
WBGene00019873,43,368,411
WBGene00019874,1,10,11
WBGene00019875,74,1333,1407
WBGene00019877,26,805,831
WBGene00019878,13,76,89
WBGene00019879,0,0,0
WBGene00019880,0,0,0
WBGene00019881,67,547,614
WBGene00019882,253,1214,1467
WBGene00019883,71,1167,1238
WBGene00019884,69,584,653
WBGene00019885,26,207,233
WBGene00019886,0,5,5
WBGene00019887,17,16,33
WBGene00019888,143,1731,1874
WBGene00019890,38,3602,3640
WBGene00019891,8,6,14
WBGene00019892,24,459,483
WBGene00019893,95,6379,6474
WBGene00019894,25,77,102
WBGene00019895,109,979,1088
WBGene00019896,17,57,74
WBGene00019898,105,800,905
WBGene00019899,115,231,346
WBGene00019900,563,38178,38741
WBGene00019901,10,357,367
WBGene00019902,201,424,625
WBGene00019903,3,3,6
WBGene00019904,130,1268,1398
WBGene00019905,0,3,3
WBGene00019906,4,5,9
WBGene00019907,28,197,225
WBGene00019908,340,1251,1591
WBGene00019909,36,35,71
WBGene00019911,81,443,524
WBGene00019913,5,3,8
WBGene00019914,41,74,115
WBGene00019915,108,336,444
WBGene00019916,0,0,0
WBGene00019917,0,8,8
WBGene00019918,20,122,142
WBGene00019919,0,0,0
WBGene00019920,3,0,3
WBGene00019921,0,4,4
WBGene00019922,2,21,23
WBGene00019923,0,3,3
WBGene00019924,19,167,186
WBGene00019925,1,5,6
WBGene00019926,0,2,2
WBGene00019927,5,6,11
WBGene00019928,1,8,9
WBGene00019929,2,4,6
WBGene00019931,1,2,3
WBGene00019933,4,0,4
WBGene00019935,40,105,145
WBGene00019937,0,4890,4890
WBGene00019938,36,266,302
WBGene00019939,8,21,29
WBGene00019940,218,2992,3210
WBGene00019941,133,2458,2591
WBGene00019943,50,392,442
WBGene00019944,39,1170,1209
WBGene00019945,0,0,0
WBGene00019946,96,1765,1861
WBGene00019947,23,10984,11007
WBGene00019948,5,18,23
WBGene00019949,0,2,2
WBGene00019950,2,3,5
WBGene00019951,2,6,8
WBGene00019952,0,187,187
WBGene00019953,153,1647,1800
WBGene00019954,0,0,0
WBGene00019955,195,488,683
WBGene00019956,0,6,6
WBGene00019957,22,101,123
WBGene00019959,56,333,389
WBGene00019960,65,359,424
WBGene00019961,4,30,34
WBGene00019962,23,235,258
WBGene00019963,11,442,453
WBGene00019964,7,11,18
WBGene00019965,20,61,81
WBGene00019966,3,3,6
WBGene00019967,34,449,483
WBGene00019968,2,122,124
WBGene00019970,3,53,56
WBGene00019971,44,952,996
WBGene00019972,11,8,19
WBGene00019973,6,14,20
WBGene00019975,77,605,682
WBGene00019977,4,19,23
WBGene00019978,3,33,36
WBGene00019979,9,94,103
WBGene00019980,2,0,2
WBGene00019981,4,1,5
WBGene00019982,10,15,25
WBGene00019983,59,3052,3111
WBGene00019986,11,82,93
WBGene00019987,10,291,301
WBGene00019988,6,724,730
WBGene00019989,3,10,13
WBGene00019991,2,2,4
WBGene00019992,0,0,0
WBGene00019993,17,751,768
WBGene00019994,174,320,494
WBGene00019995,14,113,127
WBGene00019996,2,4,6
WBGene00019997,4,27,31
WBGene00019998,366,1803,2169
WBGene00019999,37,105,142
WBGene00020003,16,26,42
WBGene00020004,3,5,8
WBGene00020006,39,329,368
WBGene00020007,70,2191,2261
WBGene00020008,23,129,152
WBGene00020009,4,75,79
WBGene00020010,6,18,24
WBGene00020011,261,34,295
WBGene00020012,187,2641,2828
WBGene00020013,0,2,2
WBGene00020014,2,27,29
WBGene00020015,3,7,10
WBGene00020016,5,8,13
WBGene00020017,8,3,11
WBGene00020018,41,327,368
WBGene00020019,6,26,32
WBGene00020020,44,22,66
WBGene00020021,0,2,2
WBGene00020022,24,519,543
WBGene00020023,35,205,240
WBGene00020024,0,0,0
WBGene00020025,75,3007,3082
WBGene00020026,176,1012,1188
WBGene00020027,127,1477,1604
WBGene00020029,136,1290,1426
WBGene00020030,15,354,369
WBGene00020031,103,884,987
WBGene00020032,1,2,3
WBGene00020033,6,57,63
WBGene00020034,20,77,97
WBGene00020035,7,64,71
WBGene00020036,223,1798,2021
WBGene00020037,39,2293,2332
WBGene00020038,164,1925,2089
WBGene00020039,5,87,92
WBGene00020040,7,36,43
WBGene00020041,4,0,4
WBGene00020042,0,0,0
WBGene00020043,62,442,504
WBGene00020044,1,0,1
WBGene00020045,43,266,309
WBGene00020046,7,3,10
WBGene00020047,41,249,290
WBGene00020048,14,96,110
WBGene00020049,16,768,784
WBGene00020050,19,92,111
WBGene00020051,80,976,1056
WBGene00020052,8,406,414
WBGene00020053,0,8,8
WBGene00020054,89,3337,3426
WBGene00020055,0,1,1
WBGene00020056,1,2,3
WBGene00020057,3,2,5
WBGene00020058,171,851,1022
WBGene00020060,10,5,15
WBGene00020062,11,461,472
WBGene00020063,0,0,0
WBGene00020064,90,406,496
WBGene00020066,0,44,44
WBGene00020067,0,2,2
WBGene00020068,348,3330,3678
WBGene00020069,104,304,408
WBGene00020070,2,6,8
WBGene00020071,0,0,0
WBGene00020072,0,0,0
WBGene00020073,0,0,0
WBGene00020076,0,0,0
WBGene00020077,1,0,1
WBGene00020078,3,3,6
WBGene00020080,7,2,9
WBGene00020082,279,988,1267
WBGene00020083,54,328,382
WBGene00020084,3,11,14
WBGene00020086,26,71,97
WBGene00020088,36,83,119
WBGene00020089,488,1237,1725
WBGene00020090,66,278,344
WBGene00020091,23,138,161
WBGene00020092,358,1403,1761
WBGene00020093,42,166,208
WBGene00020094,19,473,492
WBGene00020095,37,354,391
WBGene00020096,8,474,482
WBGene00020097,1258,7460,8718
WBGene00020098,16,215,231
WBGene00020099,103,524,627
WBGene00020100,79,145,224
WBGene00020101,96,543,639
WBGene00020102,200,946,1146
WBGene00020103,3,94,97
WBGene00020104,19,469,488
WBGene00020105,69,118,187
WBGene00020106,243,1174,1417
WBGene00020107,75,2303,2378
WBGene00020109,0,29,29
WBGene00020110,0,773,773
WBGene00020111,0,97,97
WBGene00020112,0,2674,2674
WBGene00020113,0,0,0
WBGene00020114,2377,7009,9386
WBGene00020115,458,3013,3471
WBGene00020116,6,3,9
WBGene00020117,0,2,2
WBGene00020118,1,4,5
WBGene00020119,0,0,0
WBGene00020120,1,1,2
WBGene00020121,0,2,2
WBGene00020122,1,9,10
WBGene00020123,3,0,3
WBGene00020125,18,179,197
WBGene00020126,115,1733,1848
WBGene00020127,0,0,0
WBGene00020128,63,42,105
WBGene00020129,2,0,2
WBGene00020130,17,55,72
WBGene00020131,742,2705,3447
WBGene00020134,740,437,1177
WBGene00020135,72,796,868
WBGene00020136,2,6,8
WBGene00020137,26,248,274
WBGene00020138,3,37,40
WBGene00020139,51,769,820
WBGene00020140,0,3,3
WBGene00020141,24,240,264
WBGene00020142,149,1059,1208
WBGene00020143,681,5847,6528
WBGene00020144,23,21,44
WBGene00020146,132,5871,6003
WBGene00020148,14,154,168
WBGene00020149,25,365,390
WBGene00020150,4,4,8
WBGene00020151,3,37,40
WBGene00020152,8,16,24
WBGene00020153,14,64,78
WBGene00020154,4,14,18
WBGene00020155,25,19815,19840
WBGene00020156,74,10354,10428
WBGene00020157,17,11,28
WBGene00020158,22,247,269
WBGene00020160,150,1129,1279
WBGene00020163,52,232,284
WBGene00020166,160,1544,1704
WBGene00020168,4,91,95
WBGene00020169,61,1243,1304
WBGene00020170,36,42,78
WBGene00020171,421,1139,1560
WBGene00020172,56,310,366
WBGene00020173,1,0,1
WBGene00020174,0,0,0
WBGene00020175,5,7,12
WBGene00020176,0,2,2
WBGene00020177,0,0,0
WBGene00020178,0,0,0
WBGene00020179,1,5,6
WBGene00020180,0,0,0
WBGene00020181,3971,24322,28293
WBGene00020182,4,7,11
WBGene00020183,12,129,141
WBGene00020184,27,774,801
WBGene00020185,31,6873,6904
WBGene00020187,24,135,159
WBGene00020188,4,39,43
WBGene00020189,97,303,400
WBGene00020190,280,2048,2328
WBGene00020191,9,24,33
WBGene00020192,63,4453,4516
WBGene00020193,33,375,408
WBGene00020194,136,1383,1519
WBGene00020195,77,3906,3983
WBGene00020196,67,121,188
WBGene00020197,58,729,787
WBGene00020199,12,265,277
WBGene00020200,287,2399,2686
WBGene00020201,2,2,4
WBGene00020202,0,1,1
WBGene00020203,4,1,5
WBGene00020205,0,2,2
WBGene00020207,117,670,787
WBGene00020208,306,517,823
WBGene00020209,645,2406,3051
WBGene00020210,0,4,4
WBGene00020211,0,5,5
WBGene00020212,31,27,58
WBGene00020214,34,250,284
WBGene00020215,130,1484,1614
WBGene00020216,67,7361,7428
WBGene00020217,2,0,2
WBGene00020218,12,49,61
WBGene00020219,38,217,255
WBGene00020220,12,5,17
WBGene00020221,0,36,36
WBGene00020222,16,234,250
WBGene00020223,2,18,20
WBGene00020224,11,81,92
WBGene00020225,2,6,8
WBGene00020227,0,4,4
WBGene00020228,2,7,9
WBGene00020229,1013,1966,2979
WBGene00020230,347,1081,1428
WBGene00020231,50,75,125
WBGene00020232,0,0,0
WBGene00020233,5,46,51
WBGene00020234,254,1086,1340
WBGene00020235,87,646,733
WBGene00020236,32,31,63
WBGene00020237,0,1198,1198
WBGene00020239,1,2,3
WBGene00020240,0,0,0
WBGene00020241,0,32,32
WBGene00020242,0,35,35
WBGene00020243,0,24,24
WBGene00020244,0,8,8
WBGene00020245,10,184,194
WBGene00020246,120,4005,4125
WBGene00020247,2,4,6
WBGene00020248,16,300,316
WBGene00020249,186,572,758
WBGene00020250,17,198,215
WBGene00020251,503,2341,2844
WBGene00020252,11,6,17
WBGene00020254,4,14,18
WBGene00020256,5,24,29
WBGene00020258,15,61,76
WBGene00020259,54,448,502
WBGene00020260,257,1495,1752
WBGene00020261,1,11,12
WBGene00020262,0,14,14
WBGene00020263,187,687,874
WBGene00020264,25,178,203
WBGene00020265,0,0,0
WBGene00020266,5,12,17
WBGene00020267,10,54,64
WBGene00020268,270,1224,1494
WBGene00020269,139,5925,6064
WBGene00020270,4,11,15
WBGene00020273,260,952,1212
WBGene00020274,60,935,995
WBGene00020275,4299,27622,31921
WBGene00020276,2,78,80
WBGene00020277,4,28,32
WBGene00020279,98,404,502
WBGene00020280,6,15,21
WBGene00020281,5,26,31
WBGene00020282,1,0,1
WBGene00020283,16,58,74
WBGene00020284,314,1249,1563
WBGene00020285,5,14,19
WBGene00020286,9,744,753
WBGene00020287,189,1473,1662
WBGene00020288,1,4,5
WBGene00020289,2,1,3
WBGene00020290,2,1,3
WBGene00020291,0,0,0
WBGene00020292,1,1,2
WBGene00020293,0,1,1
WBGene00020294,303,1033,1336
WBGene00020295,28,193,221
WBGene00020296,111,1103,1214
WBGene00020297,1026,11345,12371
WBGene00020298,108,1017,1125
WBGene00020299,112,676,788
WBGene00020300,21,288,309
WBGene00020301,183,546,729
WBGene00020302,0,97,97
WBGene00020305,1,0,1
WBGene00020307,85,141,226
WBGene00020311,6,341,347
WBGene00020313,14,19,33
WBGene00020314,23,326,349
WBGene00020315,91,3468,3559
WBGene00020316,191,625,816
WBGene00020317,540,7783,8323
WBGene00020318,0,15,15
WBGene00020319,3,27,30
WBGene00020320,17,406,423
WBGene00020321,11,410,421
WBGene00020322,11,425,436
WBGene00020323,15,33,48
WBGene00020324,24,1164,1188
WBGene00020325,3,14,17
WBGene00020326,1,3,4
WBGene00020327,2,2,4
WBGene00020328,0,2,2
WBGene00020329,0,11,11
WBGene00020330,33,445,478
WBGene00020333,0,8,8
WBGene00020334,189,1173,1362
WBGene00020335,8,136,144
WBGene00020339,10,219,229
WBGene00020340,17,88,105
WBGene00020341,22,165,187
WBGene00020342,1,2,3
WBGene00020343,28,194,222
WBGene00020345,9,29,38
WBGene00020346,335,1289,1624
WBGene00020347,577,3828,4405
WBGene00020348,18,1474,1492
WBGene00020349,17,50,67
WBGene00020350,0,10,10
WBGene00020351,0,1,1
WBGene00020353,2,1,3
WBGene00020354,0,5,5
WBGene00020356,0,2,2
WBGene00020357,5,0,5
WBGene00020358,0,8,8
WBGene00020359,1,6,7
WBGene00020360,55,132,187
WBGene00020361,2,6,8
WBGene00020362,0,0,0
WBGene00020363,27,161,188
WBGene00020364,0,1,1
WBGene00020365,45,41,86
WBGene00020366,398,4381,4779
WBGene00020368,36,890,926
WBGene00020369,54,422,476
WBGene00020370,0,8,8
WBGene00020371,1,1,2
WBGene00020372,4,8,12
WBGene00020373,10,559,569
WBGene00020374,1092,1530,2622
WBGene00020375,8,167,175
WBGene00020376,33,272,305
WBGene00020377,39,127,166
WBGene00020378,34,214,248
WBGene00020379,30,1246,1276
WBGene00020380,20,132,152
WBGene00020381,15,43,58
WBGene00020382,1317,16058,17375
WBGene00020383,630,2250,2880
WBGene00020384,2,0,2
WBGene00020385,15,58,73
WBGene00020386,0,3,3
WBGene00020389,171,2433,2604
WBGene00020390,91,1094,1185
WBGene00020391,40,10359,10399
WBGene00020392,50,711,761
WBGene00020393,4,55,59
WBGene00020394,27,179,206
WBGene00020396,21,130,151
WBGene00020397,442,3156,3598
WBGene00020398,119,1011,1130
WBGene00020399,118,1274,1392
WBGene00020400,1,0,1
WBGene00020401,15,33,48
WBGene00020402,86,904,990
WBGene00020403,167,1012,1179
WBGene00020404,42,384,426
WBGene00020406,0,0,0
WBGene00020407,15,242,257
WBGene00020408,75,327,402
WBGene00020409,0,1,1
WBGene00020410,2,0,2
WBGene00020411,15,247,262
WBGene00020412,46,324,370
WBGene00020413,88,762,850
WBGene00020414,2,5,7
WBGene00020415,62,268,330
WBGene00020416,1,1,2
WBGene00020417,51,6716,6767
WBGene00020418,17,65,82
WBGene00020419,17,45,62
WBGene00020420,17,1,18
WBGene00020421,11,6,17
WBGene00020422,27,514,541
WBGene00020423,34,2383,2417
WBGene00020424,1,50,51
WBGene00020425,53,453,506
WBGene00020426,6,271,277
WBGene00020427,53,465,518
WBGene00020428,2,1,3
WBGene00020430,3,2,5
WBGene00020431,2,1,3
WBGene00020432,2,1,3
WBGene00020433,1,0,1
WBGene00020435,1,2,3
WBGene00020436,74,76,150
WBGene00020437,35,3139,3174
WBGene00020438,0,1,1
WBGene00020439,2,0,2
WBGene00020440,0,1,1
WBGene00020441,178,963,1141
WBGene00020442,54,808,862
WBGene00020443,214,847,1061
WBGene00020444,12,35,47
WBGene00020445,56,316,372
WBGene00020446,31,888,919
WBGene00020447,117,1268,1385
WBGene00020448,0,0,0
WBGene00020449,0,24,24
WBGene00020450,7,129,136
WBGene00020451,17,205,222
WBGene00020452,0,0,0
WBGene00020453,5,23,28
WBGene00020454,0,0,0
WBGene00020455,0,27,27
WBGene00020456,1,40,41
WBGene00020457,21,427,448
WBGene00020459,94,31,125
WBGene00020460,0,21,21
WBGene00020461,19,55,74
WBGene00020462,108,465,573
WBGene00020463,22,296,318
WBGene00020464,5,294,299
WBGene00020465,10,19,29
WBGene00020466,15,294,309
WBGene00020467,6,26,32
WBGene00020468,5,1,6
WBGene00020469,0,85,85
WBGene00020471,408,1755,2163
WBGene00020472,7,18,25
WBGene00020473,2,2,4
WBGene00020474,6,6,12
WBGene00020475,125,1178,1303
WBGene00020476,2,0,2
WBGene00020478,97,166,263
WBGene00020479,331,1921,2252
WBGene00020480,77,448,525
WBGene00020481,70,1227,1297
WBGene00020482,17,33,50
WBGene00020483,3,30,33
WBGene00020484,1,11,12
WBGene00020485,13,26,39
WBGene00020486,86,356,442
WBGene00020487,3,30,33
WBGene00020488,2,29,31
WBGene00020489,76,459,535
WBGene00020490,257,1109,1366
WBGene00020491,33,236,269
WBGene00020492,567,2,569
WBGene00020494,1,20,21
WBGene00020496,255,1579,1834
WBGene00020497,1,1111,1112
WBGene00020498,99,899,998
WBGene00020499,222,1159,1381
WBGene00020500,72,514,586
WBGene00020501,141,861,1002
WBGene00020502,88,452,540
WBGene00020503,13,27,40
WBGene00020504,383,912,1295
WBGene00020505,9,36,45
WBGene00020506,68,172,240
WBGene00020507,37,1991,2028
WBGene00020508,14,347,361
WBGene00020509,111,776,887
WBGene00020510,10,540,550
WBGene00020511,170,2850,3020
WBGene00020515,0,0,0
WBGene00020516,10,41,51
WBGene00020517,53,1734,1787
WBGene00020520,1,3,4
WBGene00020522,3,2,5
WBGene00020523,3,2,5
WBGene00020524,6,8,14
WBGene00020525,0,0,0
WBGene00020526,3,1,4
WBGene00020527,25,48,73
WBGene00020528,17,72,89
WBGene00020529,0,2,2
WBGene00020530,194,1844,2038
WBGene00020531,12,18,30
WBGene00020532,8,10,18
WBGene00020533,0,0,0
WBGene00020534,0,0,0
WBGene00020535,0,0,0
WBGene00020536,0,0,0
WBGene00020537,1,1,2
WBGene00020539,0,0,0
WBGene00020540,24,307,331
WBGene00020541,0,0,0
WBGene00020542,0,0,0
WBGene00020543,0,0,0
WBGene00020544,0,1,1
WBGene00020546,2,1,3
WBGene00020548,0,0,0
WBGene00020549,3,2492,2495
WBGene00020550,1,32,33
WBGene00020551,9,43,52
WBGene00020553,68,1446,1514
WBGene00020554,18,176,194
WBGene00020555,6,34,40
WBGene00020556,60,457,517
WBGene00020557,204,1193,1397
WBGene00020558,50,327,377
WBGene00020559,40,212,252
WBGene00020560,38,12,50
WBGene00020561,571,3609,4180
WBGene00020562,111,1605,1716
WBGene00020563,98,945,1043
WBGene00020564,26,73,99
WBGene00020565,7,341,348
WBGene00020566,35,309,344
WBGene00020567,15,25,40
WBGene00020568,216,1273,1489
WBGene00020569,59,258,317
WBGene00020571,6,22,28
WBGene00020572,65,258,323
WBGene00020573,47,239,286
WBGene00020574,9,17,26
WBGene00020575,14,36,50
WBGene00020576,1,65,66
WBGene00020577,9,94,103
WBGene00020578,1,3,4
WBGene00020579,50,229,279
WBGene00020580,0,1,1
WBGene00020581,294,1042,1336
WBGene00020582,4,114,118
WBGene00020583,0,11,11
WBGene00020584,1,1,2
WBGene00020585,258,3556,3814
WBGene00020586,52,194,246
WBGene00020587,108,870,978
WBGene00020588,94,1339,1433
WBGene00020589,609,4223,4832
WBGene00020590,26,50,76
WBGene00020592,80,655,735
WBGene00020593,19,148,167
WBGene00020594,1,15,16
WBGene00020595,21,222,243
WBGene00020596,44,434,478
WBGene00020597,0,1,1
WBGene00020598,3,2,5
WBGene00020599,19,36,55
WBGene00020600,152,1031,1183
WBGene00020601,69,1758,1827
WBGene00020602,1,13,14
WBGene00020603,0,0,0
WBGene00020604,47,2246,2293
WBGene00020605,76,678,754
WBGene00020607,2,2,4
WBGene00020608,0,1,1
WBGene00020609,2,0,2
WBGene00020611,3,2,5
WBGene00020612,24,114,138
WBGene00020613,0,0,0
WBGene00020616,0,4,4
WBGene00020617,0,2,2
WBGene00020618,0,0,0
WBGene00020620,2,2,4
WBGene00020623,1,0,1
WBGene00020624,0,0,0
WBGene00020625,39,774,813
WBGene00020626,21,65,86
WBGene00020627,45,50,95
WBGene00020628,79,670,749
WBGene00020629,47,727,774
WBGene00020630,49,439,488
WBGene00020631,3,5,8
WBGene00020633,39,683,722
WBGene00020634,2,9,11
WBGene00020635,2,3,5
WBGene00020636,82,8210,8292
WBGene00020637,1,0,1
WBGene00020638,2,4,6
WBGene00020639,0,2,2
WBGene00020640,0,4,4
WBGene00020642,3,5,8
WBGene00020645,2,13,15
WBGene00020646,1,4,5
WBGene00020647,53,839,892
WBGene00020648,1,13,14
WBGene00020649,52,207,259
WBGene00020650,0,6,6
WBGene00020651,44,293,337
WBGene00020652,6,33,39
WBGene00020653,0,7,7
WBGene00020655,2,3,5
WBGene00020656,0,2,2
WBGene00020657,51,113,164
WBGene00020658,30,551,581
WBGene00020659,0,266,266
WBGene00020660,0,40,40
WBGene00020661,3,4,7
WBGene00020662,98,644,742
WBGene00020663,26,42,68
WBGene00020664,36,439,475
WBGene00020665,0,3,3
WBGene00020666,1,2,3
WBGene00020667,5,8,13
WBGene00020669,4,0,4
WBGene00020670,0,0,0
WBGene00020672,205,18,223
WBGene00020673,43,387,430
WBGene00020674,2,11,13
WBGene00020675,7,345,352
WBGene00020678,78,535,613
WBGene00020679,286,7530,7816
WBGene00020680,1,4,5
WBGene00020681,0,0,0
WBGene00020682,305,2126,2431
WBGene00020683,85,5217,5302
WBGene00020684,4,56,60
WBGene00020685,0,0,0
WBGene00020686,20,8,28
WBGene00020687,113,1917,2030
WBGene00020688,5,15,20
WBGene00020689,147,425,572
WBGene00020690,157,426,583
WBGene00020691,112,118,230
WBGene00020692,15,104,119
WBGene00020693,76,713,789
WBGene00020694,22,69,91
WBGene00020695,43,808,851
WBGene00020696,236,9410,9646
WBGene00020697,19,67,86
WBGene00020698,0,4,4
WBGene00020699,44,60,104
WBGene00020700,12,1232,1244
WBGene00020701,22,209,231
WBGene00020702,10,2,12
WBGene00020703,147,2423,2570
WBGene00020704,7,14,21
WBGene00020705,232,861,1093
WBGene00020706,179,333,512
WBGene00020707,1,3,4
WBGene00020708,3,28,31
WBGene00020709,21,701,722
WBGene00020710,40,2072,2112
WBGene00020712,44,151,195
WBGene00020713,1,1,2
WBGene00020714,7,75,82
WBGene00020715,0,19,19
WBGene00020716,34,230,264
WBGene00020717,251,1297,1548
WBGene00020718,23,1025,1048
WBGene00020719,41,1207,1248
WBGene00020720,2,22,24
WBGene00020721,33,256,289
WBGene00020722,51,442,493
WBGene00020725,7,121,128
WBGene00020726,31,302,333
WBGene00020727,13,89,102
WBGene00020728,5,3,8
WBGene00020730,7,10,17
WBGene00020732,478,6159,6637
WBGene00020735,306,1384,1690
WBGene00020736,807,1610,2417
WBGene00020737,30,163,193
WBGene00020738,190,2048,2238
WBGene00020740,17,203,220
WBGene00020741,8,124,132
WBGene00020742,137,712,849
WBGene00020743,15,89,104
WBGene00020744,4,254,258
WBGene00020746,2,16,18
WBGene00020747,3,10,13
WBGene00020748,3,8,11
WBGene00020749,3,5,8
WBGene00020750,1,7,8
WBGene00020752,0,0,0
WBGene00020753,0,0,0
WBGene00020754,0,0,0
WBGene00020755,1,1,2
WBGene00020756,94,750,844
WBGene00020757,28,325,353
WBGene00020758,36,52,88
WBGene00020759,7,43,50
WBGene00020760,6,43,49
WBGene00020761,69,302,371
WBGene00020762,105,1544,1649
WBGene00020763,109,382,491
WBGene00020764,4,12,16
WBGene00020765,27,134,161
WBGene00020766,1,8,9
WBGene00020767,61,1155,1216
WBGene00020769,2,1,3
WBGene00020770,175,486,661
WBGene00020771,0,0,0
WBGene00020772,1,2,3
WBGene00020773,1,1,2
WBGene00020774,14,66,80
WBGene00020775,4,13,17
WBGene00020777,35,109,144
WBGene00020778,5,19,24
WBGene00020779,445,1624,2069
WBGene00020781,246,2364,2610
WBGene00020782,118,551,669
WBGene00020783,38,139,177
WBGene00020784,137,898,1035
WBGene00020785,1,7,8
WBGene00020786,10,68,78
WBGene00020787,1,12,13
WBGene00020788,9,114,123
WBGene00020789,1,17,18
WBGene00020790,27,210,237
WBGene00020791,1,2,3
WBGene00020792,4,10,14
WBGene00020793,21,12,33
WBGene00020794,3,4,7
WBGene00020795,5,2,7
WBGene00020796,35,2117,2152
WBGene00020797,6,14,20
WBGene00020798,41,247,288
WBGene00020799,5,92,97
WBGene00020800,14,152,166
WBGene00020801,3,280,283
WBGene00020802,1,10,11
WBGene00020803,1,5,6
WBGene00020804,1,11,12
WBGene00020805,0,11,11
WBGene00020806,11,124,135
WBGene00020807,5,35,40
WBGene00020808,14019,103756,117775
WBGene00020809,0,0,0
WBGene00020810,2,0,2
WBGene00020811,131,691,822
WBGene00020812,442,6169,6611
WBGene00020813,21,13,34
WBGene00020817,8,108,116
WBGene00020819,14,133,147
WBGene00020820,21,326,347
WBGene00020821,108,1491,1599
WBGene00020822,88,426,514
WBGene00020823,62,285,347
WBGene00020824,184,1202,1386
WBGene00020825,56,175,231
WBGene00020826,28,28,56
WBGene00020827,34,1998,2032
WBGene00020828,0,4,4
WBGene00020829,4,0,4
WBGene00020830,60,238,298
WBGene00020831,58,1054,1112
WBGene00020832,5,2,7
WBGene00020833,13,102,115
WBGene00020834,19,17,36
WBGene00020835,40,1,41
WBGene00020836,138,2712,2850
WBGene00020837,3,62,65
WBGene00020838,550,4001,4551
WBGene00020839,74,974,1048
WBGene00020840,0,17,17
WBGene00020841,0,0,0
WBGene00020842,19,213,232
WBGene00020843,5,177,182
WBGene00020844,0,261,261
WBGene00020845,0,1,1
WBGene00020846,62,222,284
WBGene00020847,27,99,126
WBGene00020849,12,26,38
WBGene00020850,4,14,18
WBGene00020851,3,16,19
WBGene00020852,114,535,649
WBGene00020853,5,43,48
WBGene00020854,258,8231,8489
WBGene00020855,58,269,327
WBGene00020856,1,0,1
WBGene00020857,10,15,25
WBGene00020858,24,45,69
WBGene00020859,4,7,11
WBGene00020860,0,54,54
WBGene00020861,129,316,445
WBGene00020862,442,3204,3646
WBGene00020863,7,3,10
WBGene00020864,34,29,63
WBGene00020865,55,478,533
WBGene00020866,267,915,1182
WBGene00020867,258,1475,1733
WBGene00020868,964,9720,10684
WBGene00020869,24,309,333
WBGene00020870,0,1,1
WBGene00020871,0,0,0
WBGene00020874,1,1,2
WBGene00020875,0,0,0
WBGene00020877,3,25,28
WBGene00020878,12,129,141
WBGene00020879,1,0,1
WBGene00020880,2,1,3
WBGene00020881,1,1,2
WBGene00020882,3,3,6
WBGene00020883,13,388,401
WBGene00020884,211,2254,2465
WBGene00020886,96,4779,4875
WBGene00020887,124,497,621
WBGene00020888,0,2,2
WBGene00020889,6,30,36
WBGene00020890,0,1,1
WBGene00020891,205,1205,1410
WBGene00020892,0,3,3
WBGene00020893,14,30,44
WBGene00020894,1095,24590,25685
WBGene00020895,534,3281,3815
WBGene00020896,4,194,198
WBGene00020897,286,1473,1759
WBGene00020898,7,121,128
WBGene00020899,0,10,10
WBGene00020900,3,1,4
WBGene00020901,67,448,515
WBGene00020902,530,2200,2730
WBGene00020903,22,11,33
WBGene00020904,98,77,175
WBGene00020905,0,2,2
WBGene00020906,6,15,21
WBGene00020907,3,5,8
WBGene00020908,44,318,362
WBGene00020909,92,401,493
WBGene00020910,13,136,149
WBGene00020911,10,86,96
WBGene00020912,84,1685,1769
WBGene00020913,5,19,24
WBGene00020914,4,4,8
WBGene00020915,210,16032,16242
WBGene00020917,257,2002,2259
WBGene00020918,4,9,13
WBGene00020919,14,495,509
WBGene00020920,130,351,481
WBGene00020921,52,984,1036
WBGene00020922,0,4,4
WBGene00020923,0,14,14
WBGene00020924,11,106,117
WBGene00020927,56,2,58
WBGene00020929,159,858,1017
WBGene00020930,1452,5659,7111
WBGene00020931,15,2329,2344
WBGene00020932,180,1610,1790
WBGene00020933,34,789,823
WBGene00020935,138,694,832
WBGene00020936,39,995,1034
WBGene00020937,19,504,523
WBGene00020938,1,72,73
WBGene00020939,38,444,482
WBGene00020940,0,1,1
WBGene00020941,6,22,28
WBGene00020942,234,1128,1362
WBGene00020943,5,22,27
WBGene00020944,18,8,26
WBGene00020945,23,0,23
WBGene00020946,2,8,10
WBGene00020947,35,133,168
WBGene00020948,8,38,46
WBGene00020949,27,322,349
WBGene00020950,277,9541,9818
WBGene00020951,147,1395,1542
WBGene00020952,106,145,251
WBGene00020953,0,18,18
WBGene00020954,34,190,224
WBGene00020955,134,157,291
WBGene00020957,61,368,429
WBGene00020961,5,3,8
WBGene00020962,11,70,81
WBGene00020964,110,353,463
WBGene00020966,2,15,17
WBGene00020967,2,8,10
WBGene00020970,105,785,890
WBGene00020972,6,12,18
WBGene00020973,3,2,5
WBGene00020974,0,0,0
WBGene00020976,4,10,14
WBGene00020977,10,21,31
WBGene00020978,5,0,5
WBGene00020979,0,0,0
WBGene00020982,0,0,0
WBGene00020983,2,2,4
WBGene00020984,0,2,2
WBGene00020985,5,15,20
WBGene00020986,6,79,85
WBGene00020987,0,0,0
WBGene00020988,0,2,2
WBGene00020989,15,13,28
WBGene00020990,0,4,4
WBGene00020993,49,1251,1300
WBGene00020994,33,1486,1519
WBGene00020995,8,39,47
WBGene00020997,44,94,138
WBGene00020999,31,556,587
WBGene00021000,11,302,313
WBGene00021002,58,777,835
WBGene00021003,0,5,5
WBGene00021004,236,2640,2876
WBGene00021005,2,14,16
WBGene00021006,1,0,1
WBGene00021007,2,2,4
WBGene00021008,23,46,69
WBGene00021009,1375,2255,3630
WBGene00021010,0,0,0
WBGene00021011,0,69,69
WBGene00021012,76,439,515
WBGene00021013,7,1,8
WBGene00021014,7,105,112
WBGene00021015,2,107,109
WBGene00021016,5,1,6
WBGene00021017,10,52,62
WBGene00021019,60,389,449
WBGene00021020,177,208,385
WBGene00021021,462,1771,2233
WBGene00021022,315,622,937
WBGene00021023,0,1,1
WBGene00021024,352,3047,3399
WBGene00021025,4,12,16
WBGene00021026,326,4023,4349
WBGene00021027,34,117,151
WBGene00021028,10,13,23
WBGene00021029,0,17,17
WBGene00021030,0,13,13
WBGene00021031,5,33,38
WBGene00021032,5,3,8
WBGene00021033,0,0,0
WBGene00021034,0,24,24
WBGene00021035,4,71,75
WBGene00021036,984,4669,5653
WBGene00021038,93,247,340
WBGene00021039,23,294,317
WBGene00021040,13,28,41
WBGene00021041,0,6,6
WBGene00021042,12,46,58
WBGene00021043,59,19896,19955
WBGene00021044,104,832,936
WBGene00021045,4,35,39
WBGene00021046,95,540,635
WBGene00021047,212,1749,1961
WBGene00021048,90,357,447
WBGene00021049,58,523,581
WBGene00021051,27,408,435
WBGene00021052,2,6,8
WBGene00021053,3,33,36
WBGene00021054,0,4,4
WBGene00021055,19,84,103
WBGene00021056,8,32,40
WBGene00021057,26,511,537
WBGene00021058,117,456,573
WBGene00021059,159,534,693
WBGene00021060,9,54,63
WBGene00021061,52,492,544
WBGene00021063,25,617,642
WBGene00021066,1,156,157
WBGene00021067,2,4,6
WBGene00021068,194,12205,12399
WBGene00021070,17,29,46
WBGene00021072,9,5,14
WBGene00021073,295,3785,4080
WBGene00021074,79,1895,1974
WBGene00021075,13281,63,13344
WBGene00021076,29,129,158
WBGene00021078,555,1833,2388
WBGene00021079,688,4252,4940
WBGene00021080,207,1257,1464
WBGene00021081,23,11,34
WBGene00021082,2,270,272
WBGene00021083,8,1,9
WBGene00021084,0,0,0
WBGene00021085,0,0,0
WBGene00021086,0,0,0
WBGene00021087,1,7,8
WBGene00021088,125,10607,10732
WBGene00021089,76,136,212
WBGene00021090,14,7,21
WBGene00021091,1,1,2
WBGene00021092,0,0,0
WBGene00021093,34,1972,2006
WBGene00021094,12,35,47
WBGene00021095,32,1548,1580
WBGene00021096,10,3,13
WBGene00021097,106,1442,1548
WBGene00021098,0,38,38
WBGene00021099,1,2,3
WBGene00021101,1,18,19
WBGene00021103,128,564,692
WBGene00021104,89,510,599
WBGene00021105,20,2,22
WBGene00021106,0,0,0
WBGene00021107,0,0,0
WBGene00021108,0,0,0
WBGene00021109,0,1,1
WBGene00021110,1,2,3
WBGene00021111,13,156,169
WBGene00021112,10,760,770
WBGene00021113,0,0,0
WBGene00021114,0,4,4
WBGene00021115,8,4,12
WBGene00021116,60,442,502
WBGene00021117,0,9,9
WBGene00021118,0,5,5
WBGene00021120,1,14,15
WBGene00021121,7,108,115
WBGene00021122,2,3,5
WBGene00021123,8,164,172
WBGene00021124,35,89,124
WBGene00021125,14,38,52
WBGene00021126,5,17,22
WBGene00021127,8,160,168
WBGene00021128,405,3589,3994
WBGene00021129,13,7,20
WBGene00021131,59,377,436
WBGene00021132,116,645,761
WBGene00021133,227,3298,3525
WBGene00021134,6,20,26
WBGene00021135,0,1,1
WBGene00021136,2,26,28
WBGene00021137,1,1,2
WBGene00021138,0,0,0
WBGene00021139,0,0,0
WBGene00021141,0,0,0
WBGene00021142,0,0,0
WBGene00021143,0,0,0
WBGene00021144,1,0,1
WBGene00021145,0,0,0
WBGene00021146,47,312,359
WBGene00021148,10,39,49
WBGene00021149,213,1345,1558
WBGene00021150,0,1,1
WBGene00021152,146,166,312
WBGene00021153,1,4,5
WBGene00021154,1,2,3
WBGene00021155,14,297,311
WBGene00021156,41,182,223
WBGene00021157,17,76,93
WBGene00021158,8,54,62
WBGene00021159,32,124,156
WBGene00021160,47,187,234
WBGene00021161,1162,5835,6997
WBGene00021162,0,0,0
WBGene00021163,8,63,71
WBGene00021164,3,0,3
WBGene00021165,0,1,1
WBGene00021166,0,1,1
WBGene00021167,8,41,49
WBGene00021168,2,3,5
WBGene00021169,0,1,1
WBGene00021170,30,1387,1417
WBGene00021171,104,511,615
WBGene00021172,0,0,0
WBGene00021173,0,1,1
WBGene00021174,0,0,0
WBGene00021175,3,3,6
WBGene00021176,60,249,309
WBGene00021177,1,1,2
WBGene00021178,2,53,55
WBGene00021179,0,0,0
WBGene00021180,5,7,12
WBGene00021182,1,11,12
WBGene00021183,2,7,9
WBGene00021184,0,0,0
WBGene00021185,40,244,284
WBGene00021186,36,50,86
WBGene00021187,47,43,90
WBGene00021188,1,2,3
WBGene00021189,1,1,2
WBGene00021190,8,16,24
WBGene00021191,168,997,1165
WBGene00021192,36,214,250
WBGene00021193,5,3,8
WBGene00021194,0,0,0
WBGene00021195,3,87,90
WBGene00021196,9,44,53
WBGene00021197,0,1,1
WBGene00021198,0,3,3
WBGene00021199,85,19,104
WBGene00021200,37,97,134
WBGene00021201,5,230,235
WBGene00021202,80,814,894
WBGene00021204,6,44,50
WBGene00021205,42,560,602
WBGene00021207,5,1,6
WBGene00021208,78,671,749
WBGene00021209,137,621,758
WBGene00021210,65,737,802
WBGene00021212,3,8,11
WBGene00021213,19,32,51
WBGene00021214,1,12,13
WBGene00021215,20,29,49
WBGene00021216,0,0,0
WBGene00021217,0,0,0
WBGene00021219,0,0,0
WBGene00021220,0,0,0
WBGene00021221,0,0,0
WBGene00021222,0,0,0
WBGene00021223,0,0,0
WBGene00021224,0,0,0
WBGene00021226,0,0,0
WBGene00021227,0,0,0
WBGene00021228,0,0,0
WBGene00021232,2,3,5
WBGene00021235,3,4,7
WBGene00021236,0,108,108
WBGene00021237,164,417,581
WBGene00021238,273,114,387
WBGene00021239,303,368,671
WBGene00021241,3,0,3
WBGene00021243,0,0,0
WBGene00021244,91,28,119
WBGene00021245,46,243,289
WBGene00021246,54,245,299
WBGene00021247,119,217,336
WBGene00021248,2537,42481,45018
WBGene00021249,8,30,38
WBGene00021250,2,1,3
WBGene00021251,0,0,0
WBGene00021252,7,0,7
WBGene00021253,23,240,263
WBGene00021254,59,66,125
WBGene00021256,14,7,21
WBGene00021257,7,20,27
WBGene00021259,9,5,14
WBGene00021260,107,469,576
WBGene00021261,4,1,5
WBGene00021262,0,2,2
WBGene00021263,6,4,10
WBGene00021264,24,231,255
WBGene00021266,7,2,9
WBGene00021267,12,57,69
WBGene00021268,9,478,487
WBGene00021269,64,242,306
WBGene00021270,8,1545,1553
WBGene00021271,48,166,214
WBGene00021272,38,391,429
WBGene00021274,70,458,528
WBGene00021275,91,182,273
WBGene00021276,352,1161,1513
WBGene00021277,95,1900,1995
WBGene00021279,0,15,15
WBGene00021280,0,0,0
WBGene00021281,875,2906,3781
WBGene00021282,10,112,122
WBGene00021283,7,19,26
WBGene00021284,11,12,23
WBGene00021285,0,27,27
WBGene00021286,195,1879,2074
WBGene00021287,1,8,9
WBGene00021288,2,4,6
WBGene00021289,0,1,1
WBGene00021290,0,0,0
WBGene00021291,1,2,3
WBGene00021292,182,2397,2579
WBGene00021293,0,3,3
WBGene00021294,207,598,805
WBGene00021295,123,538,661
WBGene00021296,18,612,630
WBGene00021297,2,5,7
WBGene00021298,2,1,3
WBGene00021299,0,8,8
WBGene00021300,0,1,1
WBGene00021301,8,15,23
WBGene00021302,3,2,5
WBGene00021303,0,2,2
WBGene00021304,55,100,155
WBGene00021305,143,680,823
WBGene00021309,15,84,99
WBGene00021310,0,9,9
WBGene00021311,62,648,710
WBGene00021312,56,1757,1813
WBGene00021313,76,559,635
WBGene00021314,58,490,548
WBGene00021315,44,667,711
WBGene00021316,201,1602,1803
WBGene00021317,0,0,0
WBGene00021319,82,356,438
WBGene00021320,84,334,418
WBGene00021321,9,31,40
WBGene00021322,76,483,559
WBGene00021323,83,816,899
WBGene00021324,25,266,291
WBGene00021325,43,236,279
WBGene00021326,8,44,52
WBGene00021327,1191,2891,4082
WBGene00021328,35,231,266
WBGene00021329,137,684,821
WBGene00021331,121,3300,3421
WBGene00021332,130,123,253
WBGene00021333,61,134,195
WBGene00021334,469,800,1269
WBGene00021335,0,132,132
WBGene00021336,0,6,6
WBGene00021337,2,19,21
WBGene00021338,0,21,21
WBGene00021339,0,5,5
WBGene00021340,67,300,367
WBGene00021343,55,132,187
WBGene00021344,456,93,549
WBGene00021345,0,0,0
WBGene00021346,227,1028,1255
WBGene00021347,307,3422,3729
WBGene00021348,251,2566,2817
WBGene00021349,34,113,147
WBGene00021350,37846,214464,252310
WBGene00021351,955,2337,3292
WBGene00021352,121,1358,1479
WBGene00021353,76,187,263
WBGene00021354,12,22,34
WBGene00021355,527,2717,3244
WBGene00021357,29,73,102
WBGene00021358,2,5,7
WBGene00021359,89,700,789
WBGene00021362,72,169,241
WBGene00021363,84,263,347
WBGene00021364,0,14,14
WBGene00021365,129,645,774
WBGene00021366,82,524,606
WBGene00021367,43,515,558
WBGene00021368,3,2,5
WBGene00021369,72,669,741
WBGene00021370,133,758,891
WBGene00021371,39,215,254
WBGene00021372,9,509,518
WBGene00021373,0,1,1
WBGene00021374,199,452,651
WBGene00021375,20,231,251
WBGene00021376,51,278,329
WBGene00021377,19,803,822
WBGene00021378,82,617,699
WBGene00021379,14,102,116
WBGene00021381,3,0,3
WBGene00021382,458,830,1288
WBGene00021383,18,28,46
WBGene00021384,9,28,37
WBGene00021385,0,2,2
WBGene00021386,10,19,29
WBGene00021387,29,208,237
WBGene00021388,78,529,607
WBGene00021389,14,60,74
WBGene00021390,0,3,3
WBGene00021391,13,271,284
WBGene00021392,55,946,1001
WBGene00021394,133,556,689
WBGene00021395,113,679,792
WBGene00021396,30,116,146
WBGene00021397,0,9,9
WBGene00021398,0,3,3
WBGene00021400,34,165,199
WBGene00021401,23,689,712
WBGene00021402,27,281,308
WBGene00021403,0,0,0
WBGene00021404,0,0,0
WBGene00021405,0,0,0
WBGene00021406,6,1,7
WBGene00021407,0,9,9
WBGene00021408,1,0,1
WBGene00021409,0,0,0
WBGene00021410,13,12,25
WBGene00021412,17,25,42
WBGene00021413,13,1,14
WBGene00021414,1,0,1
WBGene00021415,207,1398,1605
WBGene00021416,48,209,257
WBGene00021417,19,83,102
WBGene00021419,22,125,147
WBGene00021420,52,10676,10728
WBGene00021421,78,1036,1114
WBGene00021423,582,807,1389
WBGene00021425,226,1150,1376
WBGene00021427,418,16165,16583
WBGene00021428,13,10,23
WBGene00021430,272,128,400
WBGene00021433,0,1,1
WBGene00021434,3,2,5
WBGene00021435,10,3,13
WBGene00021436,16,23,39
WBGene00021437,44,27,71
WBGene00021438,49,13,62
WBGene00021439,266,647,913
WBGene00021440,74,329,403
WBGene00021441,307,2402,2709
WBGene00021442,40,318,358
WBGene00021443,249,613,862
WBGene00021444,243,401,644
WBGene00021445,30,116,146
WBGene00021446,40,41,81
WBGene00021447,7,41,48
WBGene00021448,0,4,4
WBGene00021449,0,11,11
WBGene00021450,4,9,13
WBGene00021451,2,0,2
WBGene00021452,35,340,375
WBGene00021454,0,1,1
WBGene00021456,108,369,477
WBGene00021457,2,12,14
WBGene00021458,4,16,20
WBGene00021460,45,653,698
WBGene00021461,75,47,122
WBGene00021463,10,4,14
WBGene00021464,6,86,92
WBGene00021465,4,108,112
WBGene00021466,319,5752,6071
WBGene00021467,38,689,727
WBGene00021468,20,1111,1131
WBGene00021469,175,1571,1746
WBGene00021470,44,411,455
WBGene00021471,5,23,28
WBGene00021472,3,5,8
WBGene00021473,170,72,242
WBGene00021474,590,1818,2408
WBGene00021475,369,2268,2637
WBGene00021476,32,573,605
WBGene00021477,4,11,15
WBGene00021478,26,156,182
WBGene00021479,10,4,14
WBGene00021482,154,301,455
WBGene00021484,0,1,1
WBGene00021485,1,41,42
WBGene00021486,454,8458,8912
WBGene00021487,62,248,310
WBGene00021488,0,2,2
WBGene00021490,14,19,33
WBGene00021491,2,8,10
WBGene00021492,18,92,110
WBGene00021493,27,167,194
WBGene00021494,2,13,15
WBGene00021495,1,49,50
WBGene00021496,17,9,26
WBGene00021497,133,194,327
WBGene00021498,2,11,13
WBGene00021499,0,73,73
WBGene00021500,0,7,7
WBGene00021501,4,6,10
WBGene00021502,32,217,249
WBGene00021503,5,86,91
WBGene00021504,7,29,36
WBGene00021505,11,17,28
WBGene00021506,119,1752,1871
WBGene00021507,562,1427,1989
WBGene00021508,44,499,543
WBGene00021509,457,694,1151
WBGene00021510,120,265,385
WBGene00021511,30,62,92
WBGene00021512,187,248,435
WBGene00021513,49,8,57
WBGene00021514,43,1522,1565
WBGene00021515,45,229,274
WBGene00021516,6,16,22
WBGene00021517,8,524,532
WBGene00021518,1,53,54
WBGene00021519,0,13,13
WBGene00021521,3,35,38
WBGene00021522,533,826,1359
WBGene00021524,23,89,112
WBGene00021525,3,14,17
WBGene00021526,25,61,86
WBGene00021527,124,228,352
WBGene00021528,164,433,597
WBGene00021529,37,843,880
WBGene00021530,6,5,11
WBGene00021531,377,17,394
WBGene00021532,160,3447,3607
WBGene00021533,11,524,535
WBGene00021534,814,6385,7199
WBGene00021535,707,126,833
WBGene00021536,77,1455,1532
WBGene00021537,10,6,16
WBGene00021538,46,301,347
WBGene00021539,130,1102,1232
WBGene00021540,21,113,134
WBGene00021541,1,89,90
WBGene00021542,21,1,22
WBGene00021543,54,1366,1420
WBGene00021544,94,451,545
WBGene00021545,372,836,1208
WBGene00021546,56,426,482
WBGene00021547,37,263,300
WBGene00021548,44,1170,1214
WBGene00021549,345,329,674
WBGene00021551,241,1487,1728
WBGene00021552,167,823,990
WBGene00021553,6,8,14
WBGene00021554,59,975,1034
WBGene00021555,5,81,86
WBGene00021556,47,270,317
WBGene00021557,0,40,40
WBGene00021558,133,846,979
WBGene00021559,54,556,610
WBGene00021560,21,89,110
WBGene00021561,156,568,724
WBGene00021562,291,3675,3966
WBGene00021563,59,890,949
WBGene00021564,311,579,890
WBGene00021565,2,9,11
WBGene00021566,0,0,0
WBGene00021567,0,0,0
WBGene00021568,0,0,0
WBGene00021569,0,0,0
WBGene00021570,0,0,0
WBGene00021571,0,0,0
WBGene00021572,0,0,0
WBGene00021573,0,1,1
WBGene00021576,1,18,19
WBGene00021577,0,0,0
WBGene00021578,1,1,2
WBGene00021579,0,0,0
WBGene00021580,0,4,4
WBGene00021581,4,4,8
WBGene00021582,0,0,0
WBGene00021583,18,33,51
WBGene00021585,2,0,2
WBGene00021586,8,58,66
WBGene00021587,8,55,63
WBGene00021589,6,1030,1036
WBGene00021590,10,106,116
WBGene00021591,1,3,4
WBGene00021592,1,0,1
WBGene00021593,5,1,6
WBGene00021594,5,21,26
WBGene00021595,131,1679,1810
WBGene00021596,49,128,177
WBGene00021597,1309,1509,2818
WBGene00021598,36,70,106
WBGene00021599,14,60,74
WBGene00021600,25,296,321
WBGene00021601,2,4,6
WBGene00021602,4,192,196
WBGene00021603,2,4,6
WBGene00021605,13,55,68
WBGene00021607,5,724,729
WBGene00021608,0,0,0
WBGene00021609,10,9,19
WBGene00021610,11,120,131
WBGene00021611,46,138,184
WBGene00021612,0,0,0
WBGene00021613,133,721,854
WBGene00021614,274,1835,2109
WBGene00021615,0,0,0
WBGene00021616,0,0,0
WBGene00021617,0,0,0
WBGene00021619,0,0,0
WBGene00021620,0,1,1
WBGene00021621,0,0,0
WBGene00021623,0,0,0
WBGene00021624,2,2,4
WBGene00021625,0,351,351
WBGene00021626,66,274,340
WBGene00021627,0,2,2
WBGene00021628,109,913,1022
WBGene00021629,173,1244,1417
WBGene00021630,1,7,8
WBGene00021631,1,2,3
WBGene00021632,0,1,1
WBGene00021633,6,5,11
WBGene00021634,134,382,516
WBGene00021635,8,58,66
WBGene00021636,51,492,543
WBGene00021637,72,363,435
WBGene00021638,175,1246,1421
WBGene00021639,5,23,28
WBGene00021640,66,128,194
WBGene00021641,17,635,652
WBGene00021643,60,259,319
WBGene00021644,56,1099,1155
WBGene00021645,116,555,671
WBGene00021646,184,743,927
WBGene00021647,260,1985,2245
WBGene00021648,6,493,499
WBGene00021649,12,153,165
WBGene00021650,0,2,2
WBGene00021653,0,6,6
WBGene00021654,0,53,53
WBGene00021655,14,484,498
WBGene00021656,2,3,5
WBGene00021657,51,282,333
WBGene00021658,7,145,152
WBGene00021660,390,1531,1921
WBGene00021661,28,102,130
WBGene00021662,1,23,24
WBGene00021666,47,393,440
WBGene00021667,4,52,56
WBGene00021671,153,177,330
WBGene00021672,35,23,58
WBGene00021675,23,100,123
WBGene00021676,18,227,245
WBGene00021677,24,371,395
WBGene00021678,7,5,12
WBGene00021679,19,184,203
WBGene00021681,480,799,1279
WBGene00021682,318,635,953
WBGene00021683,108,246,354
WBGene00021685,698,698,1396
WBGene00021686,625,1663,2288
WBGene00021687,80,427,507
WBGene00021689,127,309,436
WBGene00021690,15,200,215
WBGene00021691,72,1438,1510
WBGene00021692,24,181,205
WBGene00021693,35,124,159
WBGene00021694,6,36,42
WBGene00021697,1193,3603,4796
WBGene00021698,340,812,1152
WBGene00021700,1,8,9
WBGene00021701,7,22,29
WBGene00021702,131,687,818
WBGene00021703,2,0,2
WBGene00021704,55,73,128
WBGene00021705,3,8,11
WBGene00021706,5,22,27
WBGene00021707,1,12,13
WBGene00021708,2,11,13
WBGene00021709,1,75,76
WBGene00021710,3,15,18
WBGene00021711,1,4,5
WBGene00021713,0,0,0
WBGene00021714,42,274,316
WBGene00021715,207,1914,2121
WBGene00021716,2,5,7
WBGene00021717,0,0,0
WBGene00021718,0,0,0
WBGene00021719,0,0,0
WBGene00021720,4,2,6
WBGene00021721,12,89,101
WBGene00021722,1,2,3
WBGene00021724,2,1,3
WBGene00021725,21,64,85
WBGene00021726,1,13,14
WBGene00021727,0,1,1
WBGene00021728,42,9,51
WBGene00021729,0,0,0
WBGene00021730,1,4,5
WBGene00021731,0,23,23
WBGene00021732,73,213,286
WBGene00021733,272,567,839
WBGene00021734,29,31,60
WBGene00021735,175,740,915
WBGene00021736,596,666,1262
WBGene00021738,148,425,573
WBGene00021739,0,96,96
WBGene00021740,99,357,456
WBGene00021741,31,21,52
WBGene00021743,82,195,277
WBGene00021744,4,0,4
WBGene00021745,56,169,225
WBGene00021746,2,6,8
WBGene00021748,65,350,415
WBGene00021749,81,363,444
WBGene00021750,21,158,179
WBGene00021751,593,149,742
WBGene00021752,372,241,613
WBGene00021753,243,918,1161
WBGene00021754,634,2912,3546
WBGene00021755,44,73,117
WBGene00021756,210,271,481
WBGene00021757,273,1189,1462
WBGene00021758,107,543,650
WBGene00021759,26,55,81
WBGene00021763,73,188,261
WBGene00021764,26,369,395
WBGene00021765,231,448,679
WBGene00021766,61,332,393
WBGene00021768,25,315,340
WBGene00021771,251,581,832
WBGene00021772,14,4,18
WBGene00021773,0,1,1
WBGene00021774,0,1,1
WBGene00021776,91,250,341
WBGene00021778,2,5,7
WBGene00021779,0,2,2
WBGene00021780,0,0,0
WBGene00021781,32,214,246
WBGene00021783,229,1378,1607
WBGene00021784,65,1051,1116
WBGene00021785,93,1254,1347
WBGene00021786,0,0,0
WBGene00021787,1,2,3
WBGene00021788,94,16,110
WBGene00021789,286,897,1183
WBGene00021790,3,1,4
WBGene00021791,0,0,0
WBGene00021793,0,0,0
WBGene00021794,3,7,10
WBGene00021795,9,55,64
WBGene00021796,42,483,525
WBGene00021797,6,2,8
WBGene00021798,10,0,10
WBGene00021799,13,64,77
WBGene00021800,357,7183,7540
WBGene00021801,0,0,0
WBGene00021803,0,8,8
WBGene00021804,8,17,25
WBGene00021805,4,12,16
WBGene00021806,2,0,2
WBGene00021807,10,9,19
WBGene00021808,289,671,960
WBGene00021809,0,14,14
WBGene00021810,361,757,1118
WBGene00021811,285,2229,2514
WBGene00021812,26,298,324
WBGene00021813,63,1312,1375
WBGene00021814,17,26,43
WBGene00021815,58,1071,1129
WBGene00021816,72,1138,1210
WBGene00021817,31,136,167
WBGene00021818,477,3156,3633
WBGene00021820,281,386,667
WBGene00021821,0,7,7
WBGene00021822,0,0,0
WBGene00021826,149,1907,2056
WBGene00021827,73,547,620
WBGene00021828,217,550,767
WBGene00021829,37,2769,2806
WBGene00021830,71,2718,2789
WBGene00021831,338,990,1328
WBGene00021832,42,115,157
WBGene00021833,7,0,7
WBGene00021834,14,561,575
WBGene00021835,49,483,532
WBGene00021837,0,0,0
WBGene00021838,246,898,1144
WBGene00021839,352,3217,3569
WBGene00021840,133,297,430
WBGene00021841,74,200,274
WBGene00021842,189,589,778
WBGene00021843,513,3150,3663
WBGene00021844,78,1808,1886
WBGene00021845,17,2135,2152
WBGene00021846,98,299,397
WBGene00021847,123,803,926
WBGene00021848,46,92,138
WBGene00021849,612,8970,9582
WBGene00021850,20,61,81
WBGene00021852,40,188,228
WBGene00021853,0,37,37
WBGene00021854,152,1065,1217
WBGene00021855,86,405,491
WBGene00021856,241,503,744
WBGene00021857,1020,4001,5021
WBGene00021858,126,69,195
WBGene00021859,3,1,4
WBGene00021860,2,5,7
WBGene00021861,3,15,18
WBGene00021862,1,2,3
WBGene00021863,55,280,335
WBGene00021864,36,239,275
WBGene00021865,7,9,16
WBGene00021866,35,298,333
WBGene00021867,92,712,804
WBGene00021868,104,1496,1600
WBGene00021869,3,19,22
WBGene00021870,45,328,373
WBGene00021871,23,106,129
WBGene00021872,0,39,39
WBGene00021873,3,5,8
WBGene00021875,462,3058,3520
WBGene00021876,260,909,1169
WBGene00021877,109,78,187
WBGene00021878,2,4,6
WBGene00021879,1,28,29
WBGene00021880,0,1,1
WBGene00021881,52,95,147
WBGene00021882,573,836,1409
WBGene00021883,155,3847,4002
WBGene00021884,0,184,184
WBGene00021887,28,97,125
WBGene00021888,147,3646,3793
WBGene00021890,388,2837,3225
WBGene00021891,0,3,3
WBGene00021892,5,1,6
WBGene00021893,1105,2986,4091
WBGene00021894,758,4755,5513
WBGene00021895,6,10,16
WBGene00021897,94,248,342
WBGene00021898,27,150,177
WBGene00021899,487,4114,4601
WBGene00021900,112,1867,1979
WBGene00021901,28,1144,1172
WBGene00021902,66,344,410
WBGene00021903,30,832,862
WBGene00021904,26,464,490
WBGene00021905,100,331,431
WBGene00021906,131,568,699
WBGene00021907,2,1,3
WBGene00021908,0,1,1
WBGene00021909,13,400,413
WBGene00021910,224,601,825
WBGene00021911,4,14,18
WBGene00021912,51,284,335
WBGene00021913,29,444,473
WBGene00021914,107,156,263
WBGene00021915,191,658,849
WBGene00021916,2,19,21
WBGene00021917,9,169,178
WBGene00021918,23,999,1022
WBGene00021919,5,123,128
WBGene00021920,423,2536,2959
WBGene00021921,697,1677,2374
WBGene00021922,43,966,1009
WBGene00021923,122,326,448
WBGene00021925,120,314,434
WBGene00021926,119,1104,1223
WBGene00021927,17,227,244
WBGene00021928,7,154,161
WBGene00021929,19,878,897
WBGene00021930,366,4708,5074
WBGene00021931,55,112,167
WBGene00021932,64,582,646
WBGene00021933,22,173,195
WBGene00021934,129,3776,3905
WBGene00021935,84,442,526
WBGene00021936,558,1272,1830
WBGene00021938,82,1026,1108
WBGene00021939,41,25,66
WBGene00021941,34,59,93
WBGene00021942,17,152,169
WBGene00021943,133,1660,1793
WBGene00021945,81,244,325
WBGene00021947,5,21,26
WBGene00021948,250,1122,1372
WBGene00021949,2,0,2
WBGene00021950,26,162,188
WBGene00021951,13,25,38
WBGene00021952,184,3250,3434
WBGene00021953,5,20,25
WBGene00021956,52,1190,1242
WBGene00021957,0,0,0
WBGene00021958,0,0,0
WBGene00021959,406,3790,4196
WBGene00021960,207,2938,3145
WBGene00021961,0,0,0
WBGene00021963,18,177,195
WBGene00021964,3,0,3
WBGene00021965,37,236,273
WBGene00021966,2,1,3
WBGene00021967,1,2,3
WBGene00021968,29,15,44
WBGene00021969,0,3,3
WBGene00021970,18,5,23
WBGene00021972,35,164,199
WBGene00021973,186,1195,1381
WBGene00021974,160,1022,1182
WBGene00021975,11,188,199
WBGene00021976,24,161,185
WBGene00021977,9,131,140
WBGene00021978,1,45,46
WBGene00021979,16,484,500
WBGene00021980,144,243,387
WBGene00021981,18,1332,1350
WBGene00021983,67,994,1061
WBGene00021984,54,232,286
WBGene00021985,30,68,98
WBGene00021986,105,560,665
WBGene00021987,7,0,7
WBGene00021988,0,0,0
WBGene00021992,2,0,2
WBGene00021993,0,6,6
WBGene00021994,11,53,64
WBGene00021996,2,2,4
WBGene00021997,0,0,0
WBGene00021998,2,6,8
WBGene00021999,1,0,1
WBGene00022000,0,0,0
WBGene00022002,0,10,10
WBGene00022003,0,0,0
WBGene00022004,9,203,212
WBGene00022005,0,3,3
WBGene00022006,0,0,0
WBGene00022007,0,0,0
WBGene00022008,2,0,2
WBGene00022010,132,968,1100
WBGene00022011,1,20,21
WBGene00022012,5,34,39
WBGene00022013,81,66,147
WBGene00022014,169,210,379
WBGene00022015,301,1196,1497
WBGene00022016,1,5,6
WBGene00022018,2,111,113
WBGene00022019,405,1648,2053
WBGene00022020,0,13,13
WBGene00022021,284,2662,2946
WBGene00022022,27,595,622
WBGene00022024,2,30,32
WBGene00022025,93,1049,1142
WBGene00022026,194,1097,1291
WBGene00022027,324,2513,2837
WBGene00022028,0,6,6
WBGene00022029,72,1459,1531
WBGene00022030,5,9,14
WBGene00022031,64,466,530
WBGene00022032,9,5,14
WBGene00022033,83,1502,1585
WBGene00022034,58,453,511
WBGene00022035,23,37,60
WBGene00022036,40,92,132
WBGene00022037,64,855,919
WBGene00022038,16,118,134
WBGene00022039,4,13,17
WBGene00022040,4,52,56
WBGene00022042,3906,60336,64242
WBGene00022043,13,419,432
WBGene00022044,27,988,1015
WBGene00022045,381,2042,2423
WBGene00022046,10,13214,13224
WBGene00022047,12,104,116
WBGene00022048,956,12321,13277
WBGene00022051,114,388,502
WBGene00022052,58,405,463
WBGene00022053,748,6873,7621
WBGene00022054,53,327,380
WBGene00022055,29,277,306
WBGene00022056,93,262,355
WBGene00022057,35,809,844
WBGene00022059,1278,1483,2761
WBGene00022060,4,211,215
WBGene00022061,56,42,98
WBGene00022062,16,33,49
WBGene00022063,65,722,787
WBGene00022064,0,1,1
WBGene00022066,0,4,4
WBGene00022067,191,394,585
WBGene00022069,219,4775,4994
WBGene00022070,2,11,13
WBGene00022071,8,59,67
WBGene00022072,2060,18518,20578
WBGene00022073,65,476,541
WBGene00022074,190,743,933
WBGene00022075,409,5312,5721
WBGene00022076,3,7,10
WBGene00022077,84,757,841
WBGene00022078,651,1255,1906
WBGene00022083,1,10,11
WBGene00022086,11,28,39
WBGene00022087,658,854,1512
WBGene00022089,1296,33724,35020
WBGene00022090,1,5,6
WBGene00022092,233,1681,1914
WBGene00022093,756,6319,7075
WBGene00022094,1,1,2
WBGene00022095,0,0,0
WBGene00022096,0,0,0
WBGene00022097,1,0,1
WBGene00022099,255,2483,2738
WBGene00022100,493,1209,1702
WBGene00022101,40,151,191
WBGene00022102,35,32,67
WBGene00022103,141,256,397
WBGene00022104,228,210,438
WBGene00022106,142,255,397
WBGene00022107,44,691,735
WBGene00022108,5,15,20
WBGene00022110,5,101,106
WBGene00022111,0,77,77
WBGene00022112,10,13,23
WBGene00022113,32,79,111
WBGene00022114,101,9323,9424
WBGene00022115,127,892,1019
WBGene00022116,54,161,215
WBGene00022117,323,229,552
WBGene00022118,88,436,524
WBGene00022119,21,2469,2490
WBGene00022121,219,463,682
WBGene00022122,76,10938,11014
WBGene00022123,25,182,207
WBGene00022124,133,287,420
WBGene00022125,67,464,531
WBGene00022126,78,344,422
WBGene00022127,9,7503,7512
WBGene00022128,66,592,658
WBGene00022129,56,254,310
WBGene00022130,31,73,104
WBGene00022131,118,403,521
WBGene00022133,1,0,1
WBGene00022134,523,1641,2164
WBGene00022138,391,462,853
WBGene00022139,206,697,903
WBGene00022140,24,5,29
WBGene00022141,14,722,736
WBGene00022142,21,19,40
WBGene00022143,2,6,8
WBGene00022144,72,5484,5556
WBGene00022145,16,6,22
WBGene00022146,52,1998,2050
WBGene00022148,697,1870,2567
WBGene00022149,180,11724,11904
WBGene00022150,35,1788,1823
WBGene00022152,187,696,883
WBGene00022153,197,511,708
WBGene00022154,27,192,219
WBGene00022155,41,385,426
WBGene00022156,3,11,14
WBGene00022157,5,2,7
WBGene00022158,59,377,436
WBGene00022159,217,2238,2455
WBGene00022160,17,221,238
WBGene00022161,7,236,243
WBGene00022162,1,1,2
WBGene00022165,93,303,396
WBGene00022166,163,1073,1236
WBGene00022167,160,297,457
WBGene00022168,283,537,820
WBGene00022169,291,2301,2592
WBGene00022170,3349,31920,35269
WBGene00022171,37,351,388
WBGene00022172,37,79,116
WBGene00022173,206,1940,2146
WBGene00022174,152,362,514
WBGene00022175,69,345,414
WBGene00022176,203,788,991
WBGene00022177,3,10,13
WBGene00022178,22,65,87
WBGene00022179,14,13,27
WBGene00022180,114,1994,2108
WBGene00022181,12,76,88
WBGene00022182,258,1060,1318
WBGene00022185,141,816,957
WBGene00022188,81,833,914
WBGene00022189,1,0,1
WBGene00022190,15,223,238
WBGene00022191,14,42,56
WBGene00022192,80,895,975
WBGene00022193,24,340,364
WBGene00022194,453,6926,7379
WBGene00022195,132,452,584
WBGene00022196,26,333,359
WBGene00022197,22,50,72
WBGene00022198,40,173,213
WBGene00022199,107,5584,5691
WBGene00022200,30,102,132
WBGene00022201,44,865,909
WBGene00022202,93,1474,1567
WBGene00022203,22,285,307
WBGene00022206,32,71,103
WBGene00022207,610,9,619
WBGene00022209,17,3,20
WBGene00022210,1,0,1
WBGene00022213,41,34,75
WBGene00022215,0,1,1
WBGene00022216,0,0,0
WBGene00022217,0,0,0
WBGene00022218,1,5,6
WBGene00022219,318,449,767
WBGene00022221,8,72,80
WBGene00022223,3,3,6
WBGene00022224,0,4,4
WBGene00022225,1,7,8
WBGene00022228,42,58,100
WBGene00022230,711,4375,5086
WBGene00022231,78,327,405
WBGene00022232,96,473,569
WBGene00022233,128,1886,2014
WBGene00022235,834,26156,26990
WBGene00022236,0,9,9
WBGene00022237,4,3,7
WBGene00022240,77,753,830
WBGene00022242,134,1280,1414
WBGene00022243,0,6,6
WBGene00022244,1,129,130
WBGene00022245,424,3063,3487
WBGene00022246,22,111,133
WBGene00022247,53,72,125
WBGene00022248,151,1952,2103
WBGene00022250,34,295,329
WBGene00022251,79,774,853
WBGene00022252,21,125,146
WBGene00022253,90,1647,1737
WBGene00022254,68,1996,2064
WBGene00022255,12,70,82
WBGene00022256,0,1,1
WBGene00022257,0,56,56
WBGene00022258,54,395,449
WBGene00022259,58,393,451
WBGene00022260,88,522,610
WBGene00022261,12,50,62
WBGene00022262,0,4,4
WBGene00022263,10,71,81
WBGene00022264,0,2,2
WBGene00022265,0,3,3
WBGene00022266,0,0,0
WBGene00022267,34,85,119
WBGene00022268,247,1744,1991
WBGene00022269,281,1741,2022
WBGene00022270,135,303,438
WBGene00022271,35,1899,1934
WBGene00022273,29,285,314
WBGene00022274,26,93,119
WBGene00022275,6,36,42
WBGene00022276,133,1343,1476
WBGene00022277,185,1165,1350
WBGene00022278,410,644,1054
WBGene00022279,87,1372,1459
WBGene00022280,64,830,894
WBGene00022281,255,938,1193
WBGene00022282,0,1,1
WBGene00022283,11,111,122
WBGene00022284,73,345,418
WBGene00022285,375,228,603
WBGene00022286,92,365,457
WBGene00022287,27,211,238
WBGene00022288,18,74,92
WBGene00022289,4,11,15
WBGene00022290,0,0,0
WBGene00022291,0,0,0
WBGene00022292,0,0,0
WBGene00022295,11,22,33
WBGene00022296,449,875,1324
WBGene00022297,131,2269,2400
WBGene00022298,7,9,16
WBGene00022300,148,542,690
WBGene00022301,383,1097,1480
WBGene00022302,98,1084,1182
WBGene00022303,1,91,92
WBGene00022306,663,1654,2317
WBGene00022307,17,498,515
WBGene00022308,2,1,3
WBGene00022309,135,496,631
WBGene00022310,159,729,888
WBGene00022311,2,3,5
WBGene00022312,2,0,2
WBGene00022313,81,126,207
WBGene00022314,58,305,363
WBGene00022315,2,4,6
WBGene00022316,69,0,69
WBGene00022317,9,42,51
WBGene00022318,0,0,0
WBGene00022319,6,0,6
WBGene00022320,9,1,10
WBGene00022321,1,2,3
WBGene00022322,0,2,2
WBGene00022323,0,1,1
WBGene00022324,0,0,0
WBGene00022325,9,65,74
WBGene00022326,4,30,34
WBGene00022327,5,16,21
WBGene00022328,1,3,4
WBGene00022329,6,51,57
WBGene00022330,2,10,12
WBGene00022331,3,3,6
WBGene00022332,3,3,6
WBGene00022333,2,9,11
WBGene00022334,9,17,26
WBGene00022335,22,75,97
WBGene00022336,2131,171918,174049
WBGene00022337,3,10,13
WBGene00022338,11,9,20
WBGene00022339,967,3217,4184
WBGene00022340,0,0,0
WBGene00022341,3,1,4
WBGene00022342,1,1,2
WBGene00022343,0,1,1
WBGene00022344,1,7,8
WBGene00022345,0,4,4
WBGene00022346,5,29,34
WBGene00022347,149,1233,1382
WBGene00022348,82,1691,1773
WBGene00022349,16,71,87
WBGene00022350,26,528,554
WBGene00022351,15,27,42
WBGene00022352,7,1,8
WBGene00022353,2,16,18
WBGene00022354,299,571,870
WBGene00022356,4,378,382
WBGene00022357,73,565,638
WBGene00022358,136,572,708
WBGene00022360,300,812,1112
WBGene00022361,271,724,995
WBGene00022363,176,307,483
WBGene00022365,128,155,283
WBGene00022366,247,419,666
WBGene00022367,141,319,460
WBGene00022368,93,846,939
WBGene00022369,107,769,876
WBGene00022371,221,605,826
WBGene00022372,65,170,235
WBGene00022373,247,3181,3428
WBGene00022374,11,54,65
WBGene00022375,3,8,11
WBGene00022376,151,987,1138
WBGene00022377,5,35,40
WBGene00022378,657,2505,3162
WBGene00022379,22,66,88
WBGene00022380,705,3863,4568
WBGene00022381,72,950,1022
WBGene00022382,0,358,358
WBGene00022383,43,138,181
WBGene00022385,13,11,24
WBGene00022386,149,534,683
WBGene00022388,267,493,760
WBGene00022389,137,1013,1150
WBGene00022390,32,150,182
WBGene00022391,278,540,818
WBGene00022392,9,48,57
WBGene00022393,71,809,880
WBGene00022394,45,2112,2157
WBGene00022395,17,29,46
WBGene00022396,27,480,507
WBGene00022397,188,1046,1234
WBGene00022398,49,344,393
WBGene00022399,42,148,190
WBGene00022400,30,1143,1173
WBGene00022401,89,2012,2101
WBGene00022402,24,813,837
WBGene00022403,5,6,11
WBGene00022404,0,7,7
WBGene00022405,0,9,9
WBGene00022406,3,5,8
WBGene00022408,0,6,6
WBGene00022409,8,18,26
WBGene00022410,14,5282,5296
WBGene00022411,3,5,8
WBGene00022412,27,119,146
WBGene00022413,14,70,84
WBGene00022415,12,191,203
WBGene00022416,67,231,298
WBGene00022417,13,184,197
WBGene00022418,26,416,442
WBGene00022419,30,141,171
WBGene00022420,39,743,782
WBGene00022421,2,2,4
WBGene00022423,98,78,176
WBGene00022425,127,697,824
WBGene00022426,92,345,437
WBGene00022427,163,605,768
WBGene00022428,55,315,370
WBGene00022429,0,0,0
WBGene00022431,15,2,17
WBGene00022433,31,4,35
WBGene00022434,668,508,1176
WBGene00022435,128,163,291
WBGene00022438,1,0,1
WBGene00022439,2,1,3
WBGene00022440,10,41,51
WBGene00022441,80,508,588
WBGene00022442,0,0,0
WBGene00022443,0,0,0
WBGene00022444,0,1,1
WBGene00022445,5,23,28
WBGene00022446,0,4,4
WBGene00022447,175,99,274
WBGene00022448,104,189,293
WBGene00022450,26,110,136
WBGene00022452,3,88,91
WBGene00022453,243,1376,1619
WBGene00022454,56,37,93
WBGene00022455,16,1183,1199
WBGene00022456,92,1454,1546
WBGene00022457,71,417,488
WBGene00022458,5,1434,1439
WBGene00022459,42,396,438
WBGene00022460,89,628,717
WBGene00022462,15,190,205
WBGene00022463,198,1206,1404
WBGene00022465,31,212,243
WBGene00022466,60,610,670
WBGene00022467,1,5,6
WBGene00022469,9,62,71
WBGene00022470,428,2294,2722
WBGene00022471,49,226,275
WBGene00022472,361,2810,3171
WBGene00022473,1179,2318,3497
WBGene00022474,5,31,36
WBGene00022475,54,862,916
WBGene00022476,1,2,3
WBGene00022477,0,13,13
WBGene00022478,1,9,10
WBGene00022479,4,1,5
WBGene00022481,0,0,0
WBGene00022482,0,0,0
WBGene00022483,0,0,0
WBGene00022484,3,88,91
WBGene00022485,44,147,191
WBGene00022486,4,10,14
WBGene00022487,3,14,17
WBGene00022488,95,446,541
WBGene00022489,245,1835,2080
WBGene00022490,16,41,57
WBGene00022491,70,82,152
WBGene00022492,55,2232,2287
WBGene00022493,127,924,1051
WBGene00022494,47,102,149
WBGene00022495,0,4,4
WBGene00022496,0,0,0
WBGene00022497,0,947,947
WBGene00022498,4,16,20
WBGene00022499,234,4012,4246
WBGene00022500,311,3172,3483
WBGene00022501,412,550,962
WBGene00022502,34,322,356
WBGene00022503,2,57,59
WBGene00022504,39,46,85
WBGene00022505,377,238,615
WBGene00022506,3,10,13
WBGene00022507,8,212,220
WBGene00022508,0,3,3
WBGene00022509,0,3,3
WBGene00022511,4,3,7
WBGene00022512,2,0,2
WBGene00022515,29,406,435
WBGene00022516,39,1381,1420
WBGene00022517,75,47,122
WBGene00022518,287,1048,1335
WBGene00022519,217,1027,1244
WBGene00022522,13,93,106
WBGene00022527,27,22,49
WBGene00022528,0,4,4
WBGene00022529,1,1,2
WBGene00022530,8,74,82
WBGene00022531,31,515,546
WBGene00022532,5,98,103
WBGene00022533,10,61,71
WBGene00022534,141,961,1102
WBGene00022536,3,8,11
WBGene00022537,11,44,55
WBGene00022538,82,1681,1763
WBGene00022539,100,1454,1554
WBGene00022540,22,30,52
WBGene00022541,0,0,0
WBGene00022542,3,3,6
WBGene00022543,2,0,2
WBGene00022544,16,18,34
WBGene00022546,0,3,3
WBGene00022547,4,12,16
WBGene00022548,3,1,4
WBGene00022549,5,12,17
WBGene00022550,4,8,12
WBGene00022551,2,7,9
WBGene00022552,2,17,19
WBGene00022553,0,1,1
WBGene00022554,18,275,293
WBGene00022555,0,0,0
WBGene00022556,0,0,0
WBGene00022557,0,0,0
WBGene00022558,0,0,0
WBGene00022559,0,0,0
WBGene00022560,0,2,2
WBGene00022561,0,1,1
WBGene00022562,47,255,302
WBGene00022563,2,2,4
WBGene00022564,35,190,225
WBGene00022565,0,6,6
WBGene00022566,11,3,14
WBGene00022567,15,39,54
WBGene00022568,9,114,123
WBGene00022569,19,698,717
WBGene00022570,2,2,4
WBGene00022571,0,1,1
WBGene00022572,0,0,0
WBGene00022573,0,1,1
WBGene00022574,0,29,29
WBGene00022575,0,3,3
WBGene00022576,18,94,112
WBGene00022577,16,98,114
WBGene00022578,0,0,0
WBGene00022579,288,1776,2064
WBGene00022580,113,630,743
WBGene00022581,2,7,9
WBGene00022582,0,0,0
WBGene00022583,536,3407,3943
WBGene00022584,35,180,215
WBGene00022586,5,23,28
WBGene00022587,0,7,7
WBGene00022588,32,185,217
WBGene00022589,28,0,28
WBGene00022590,0,21,21
WBGene00022591,117,822,939
WBGene00022592,140,480,620
WBGene00022593,73,228,301
WBGene00022594,0,3,3
WBGene00022596,0,1,1
WBGene00022597,90,626,716
WBGene00022598,64,715,779
WBGene00022599,1396,17651,19047
WBGene00022600,0,1,1
WBGene00022601,22,39,61
WBGene00022602,7,0,7
WBGene00022603,74,820,894
WBGene00022604,0,2,2
WBGene00022605,1,6,7
WBGene00022606,7,13,20
WBGene00022607,0,0,0
WBGene00022608,73,580,653
WBGene00022609,55,245,300
WBGene00022610,29,84,113
WBGene00022611,9,30,39
WBGene00022612,14,91,105
WBGene00022613,63,322,385
WBGene00022614,40,665,705
WBGene00022615,20,492,512
WBGene00022616,0,1,1
WBGene00022617,0,0,0
WBGene00022618,127,1979,2106
WBGene00022619,0,10,10
WBGene00022620,79,750,829
WBGene00022621,0,0,0
WBGene00022623,3,137,140
WBGene00022624,22,36,58
WBGene00022625,0,0,0
WBGene00022627,9,16,25
WBGene00022628,3,6,9
WBGene00022629,11,167,178
WBGene00022631,14,127,141
WBGene00022632,3,1,4
WBGene00022633,35,187,222
WBGene00022634,1,3,4
WBGene00022635,112,255,367
WBGene00022637,1,3,4
WBGene00022638,1,0,1
WBGene00022639,1,9,10
WBGene00022640,0,4,4
WBGene00022641,0,6,6
WBGene00022642,16,65,81
WBGene00022643,8,17,25
WBGene00022644,15,100,115
WBGene00022645,14,94,108
WBGene00022646,10,588,598
WBGene00022647,52,366,418
WBGene00022648,136,203,339
WBGene00022649,10,75,85
WBGene00022650,107,99,206
WBGene00022651,0,3,3
WBGene00022652,1,2,3
WBGene00022653,6,46,52
WBGene00022654,2,0,2
WBGene00022655,6,20,26
WBGene00022656,4,54,58
WBGene00022657,13,465,478
WBGene00022660,0,13,13
WBGene00022661,26,53,79
WBGene00022662,10,22,32
WBGene00022663,90,734,824
WBGene00022664,33,634,667
WBGene00022665,24,228,252
WBGene00022666,67,654,721
WBGene00022667,182,963,1145
WBGene00022668,190,779,969
WBGene00022669,0,0,0
WBGene00022670,0,0,0
WBGene00022671,2,7,9
WBGene00022672,136,495,631
WBGene00022673,34,353,387
WBGene00022674,0,1,1
WBGene00022675,571,944,1515
WBGene00022677,40,324,364
WBGene00022678,136,3734,3870
WBGene00022679,2,245,247
WBGene00022680,13,37,50
WBGene00022681,30,84,114
WBGene00022682,25,61,86
WBGene00022683,76,258,334
WBGene00022685,3,1,4
WBGene00022689,0,1,1
WBGene00022690,0,4,4
WBGene00022691,4,1,5
WBGene00022692,0,0,0
WBGene00022694,46,480,526
WBGene00022695,78,376,454
WBGene00022696,14,81,95
WBGene00022697,125,1033,1158
WBGene00022698,9,21,30
WBGene00022699,1,3,4
WBGene00022700,11,79,90
WBGene00022702,4,324,328
WBGene00022703,135,1112,1247
WBGene00022704,39,370,409
WBGene00022705,11,37,48
WBGene00022706,8,73,81
WBGene00022707,0,1,1
WBGene00022708,0,3,3
WBGene00022709,16,28,44
WBGene00022710,0,0,0
WBGene00022711,5,1,6
WBGene00022712,20,114,134
WBGene00022713,0,0,0
WBGene00022714,3,3,6
WBGene00022715,5,10,15
WBGene00022716,2,0,2
WBGene00022717,73,681,754
WBGene00022718,148,1433,1581
WBGene00022719,131,1231,1362
WBGene00022720,11,253,264
WBGene00022721,26,321,347
WBGene00022722,147,1806,1953
WBGene00022723,5,2,7
WBGene00022724,1,0,1
WBGene00022725,2,5,7
WBGene00022726,3,3,6
WBGene00022727,53,405,458
WBGene00022728,13,2,15
WBGene00022729,0,0,0
WBGene00022730,200,319,519
WBGene00022731,12,16,28
WBGene00022732,5,24,29
WBGene00022733,33,37,70
WBGene00022734,95,2061,2156
WBGene00022735,12,42,54
WBGene00022736,19,229,248
WBGene00022737,4,177,181
WBGene00022738,224,3377,3601
WBGene00022739,203,1625,1828
WBGene00022741,9,13,22
WBGene00022742,132,1474,1606
WBGene00022743,84,562,646
WBGene00022744,19,54,73
WBGene00022745,875,4955,5830
WBGene00022746,0,4,4
WBGene00022747,0,6,6
WBGene00022748,192,13431,13623
WBGene00022749,50,1422,1472
WBGene00022750,440,1585,2025
WBGene00022751,0,2,2
WBGene00022752,14,72,86
WBGene00022753,4,0,4
WBGene00022754,0,1,1
WBGene00022756,7,44,51
WBGene00022757,0,0,0
WBGene00022758,2,0,2
WBGene00022759,39,1151,1190
WBGene00022761,0,6,6
WBGene00022762,45,221,266
WBGene00022765,697,4401,5098
WBGene00022766,116,1732,1848
WBGene00022767,14,217,231
WBGene00022769,45,358,403
WBGene00022770,34,442,476
WBGene00022771,31,165,196
WBGene00022772,15,59,74
WBGene00022773,146,292,438
WBGene00022774,56,1409,1465
WBGene00022775,2,107,109
WBGene00022776,20,1714,1734
WBGene00022778,0,1,1
WBGene00022780,0,2,2
WBGene00022781,72,2530,2602
WBGene00022782,34,441,475
WBGene00022783,488,3245,3733
WBGene00022785,106,924,1030
WBGene00022786,7,428,435
WBGene00022787,67,614,681
WBGene00022788,15,548,563
WBGene00022789,1,10,11
WBGene00022790,25,134,159
WBGene00022791,348,1940,2288
WBGene00022792,74,853,927
WBGene00022793,41,3330,3371
WBGene00022794,193,2175,2368
WBGene00022795,3,81,84
WBGene00022796,72,303,375
WBGene00022797,16,204,220
WBGene00022798,118,1389,1507
WBGene00022799,1,4,5
WBGene00022800,120,1036,1156
WBGene00022801,120,2584,2704
WBGene00022802,31,286,317
WBGene00022803,33,416,449
WBGene00022804,5,12,17
WBGene00022805,89,573,662
WBGene00022807,9,7,16
WBGene00022808,2,7,9
WBGene00022809,3,12,15
WBGene00022810,13,190,203
WBGene00022811,48,37,85
WBGene00022812,83,760,843
WBGene00022813,43,248,291
WBGene00022814,20,204,224
WBGene00022815,12,53,65
WBGene00022816,286,2101,2387
WBGene00022817,286,2907,3193
WBGene00022820,6,0,6
WBGene00022821,0,0,0
WBGene00022822,0,7,7
WBGene00022823,23,1120,1143
WBGene00022824,19,89,108
WBGene00022825,5,151,156
WBGene00022826,0,9,9
WBGene00022827,8,18,26
WBGene00022829,23,30,53
WBGene00022830,28,458,486
WBGene00022831,116,932,1048
WBGene00022832,83,1047,1130
WBGene00022833,1,4,5
WBGene00022834,5,13,18
WBGene00022835,50,377,427
WBGene00022836,67,859,926
WBGene00022837,18,166,184
WBGene00022838,14,37,51
WBGene00022840,10,11,21
WBGene00022842,19,171,190
WBGene00022843,20,38,58
WBGene00022845,0,24,24
WBGene00022846,43,33,76
WBGene00022847,37,92,129
WBGene00022848,30,296,326
WBGene00022849,23,67,90
WBGene00022850,217,564,781
WBGene00022851,75,1534,1609
WBGene00022852,5,1157,1162
WBGene00022853,44,1546,1590
WBGene00022854,10,96,106
WBGene00022855,36,1984,2020
WBGene00022856,16,5676,5692
WBGene00022857,16,141,157
WBGene00022858,28,30,58
WBGene00022861,3752,280,4032
WBGene00022862,23,457,480
WBGene00022864,102,2409,2511
WBGene00022865,129,1215,1344
WBGene00022866,2,7,9
WBGene00022867,2,23,25
WBGene00022868,2,84,86
WBGene00022869,0,0,0
WBGene00022870,0,1,1
WBGene00022871,0,0,0
WBGene00022872,4,11,15
WBGene00022873,3,6,9
WBGene00022874,31,1086,1117
WBGene00022875,0,0,0
WBGene00022876,0,0,0
WBGene00022877,1,1,2
WBGene00022880,67,425,492
WBGene00022881,16,390,406
WBGene00022882,52,268,320
WBGene00022883,15,242,257
WBGene00022884,0,12,12
WBGene00022885,49,406,455
WBGene00022886,1,0,1
WBGene00022887,31,386,417
WBGene00022888,1,0,1
WBGene00022889,0,1,1
WBGene00022890,0,4,4
WBGene00022891,3,13,16
WBGene00022892,0,0,0
WBGene00022893,18,68,86
WBGene00023067,8433,14434,22867
WBGene00023068,213830,312646,526476
WBGene00023172,27,33,60
WBGene00023186,0,0,0
WBGene00023284,6,295,301
WBGene00023404,17,158,175
WBGene00023405,135,1148,1283
WBGene00023407,18,512,530
WBGene00023408,323,5204,5527
WBGene00023409,88,644,732
WBGene00023410,3,0,3
WBGene00023411,1,7,8
WBGene00023413,4,1,5
WBGene00023414,117,368,485
WBGene00023415,8,44,52
WBGene00023416,29,354,383
WBGene00023417,18,595,613
WBGene00023418,8,409,417
WBGene00023419,103,1287,1390
WBGene00023420,0,6,6
WBGene00023421,12,347,359
WBGene00023422,158,1149,1307
WBGene00023423,31,28,59
WBGene00023424,1,4,5
WBGene00023425,0,1,1
WBGene00023427,16,29,45
WBGene00023431,533,658,1191
WBGene00023432,23,214,237
WBGene00023450,135,377,512
WBGene00023451,25,15,40
WBGene00023458,138,976,1114
WBGene00023459,3,2,5
WBGene00023460,23,120,143
WBGene00023462,4,16,20
WBGene00023463,1,3,4
WBGene00023474,1,0,1
WBGene00023475,1,1,2
WBGene00023477,0,126,126
WBGene00023478,4,3,7
WBGene00023479,2,3,5
WBGene00023483,1,0,1
WBGene00023484,9,3,12
WBGene00023485,0,14,14
WBGene00023486,10,159,169
WBGene00023487,139,2938,3077
WBGene00023489,203,312,515
WBGene00023490,4,30,34
WBGene00023491,110,483,593
WBGene00023492,4,14,18
WBGene00023493,3,945,948
WBGene00023497,77,590,667
WBGene00023498,10,343,353
WBGene00023499,4,2,6
WBGene00023500,105,943,1048
WBGene00023501,3,66,69
WBGene00023502,143,360,503
WBGene00023503,10,20,30
WBGene00023504,75,320,395
WBGene00023505,1,1,2
WBGene00023506,0,4,4
WBGene00023508,0,1,1
WBGene00023513,0,1,1
WBGene00023514,0,1,1
WBGene00023515,116,72,188
WBGene00023517,1,3,4
WBGene00023518,0,0,0
WBGene00023519,11,8,19
WBGene00023520,17,152,169
WBGene00043049,5,30,35
WBGene00043050,226,1374,1600
WBGene00043051,69,306,375
WBGene00043052,0,1,1
WBGene00043054,10,95,105
WBGene00043056,79,140,219
WBGene00043057,68,405,473
WBGene00043058,0,0,0
WBGene00043059,2,5,7
WBGene00043060,287,1238,1525
WBGene00043061,16,10,26
WBGene00043062,3,15,18
WBGene00043064,25,1976,2001
WBGene00043065,5,22,27
WBGene00043066,8,34,42
WBGene00043067,13,115,128
WBGene00043068,16,87,103
WBGene00043069,30,54,84
WBGene00043097,117,1587,1704
WBGene00043120,8,55,63
WBGene00043147,0,8,8
WBGene00043156,86,757,843
WBGene00043187,0,2,2
WBGene00043279,49,262,311
WBGene00043297,210,287,497
WBGene00043302,279,2104,2383
WBGene00043308,1,78,79
WBGene00043327,0,0,0
WBGene00043328,0,0,0
WBGene00043466,2,5,7
WBGene00043469,0,0,0
WBGene00043534,25,20,45
WBGene00043666,0,3,3
WBGene00043702,0,7,7
WBGene00043705,18,38,56
WBGene00043743,0,0,0
WBGene00043948,0,0,0
WBGene00043952,25,16,41
WBGene00043980,0,1,1
WBGene00043981,12,18,30
WBGene00043982,84,951,1035
WBGene00043983,9,110,119
WBGene00043984,0,0,0
WBGene00043985,25,249,274
WBGene00043986,3,1,4
WBGene00043988,0,0,0
WBGene00043989,0,0,0
WBGene00043990,0,0,0
WBGene00043992,36,91,127
WBGene00043994,17,418,435
WBGene00043995,27,99,126
WBGene00043996,1,24,25
WBGene00043997,28,73,101
WBGene00043998,9,33,42
WBGene00044001,42,1158,1200
WBGene00044002,0,0,0
WBGene00044003,2,0,2
WBGene00044004,0,52,52
WBGene00044005,1,2,3
WBGene00044006,93,748,841
WBGene00044007,101,712,813
WBGene00044008,85,631,716
WBGene00044009,47,133,180
WBGene00044011,0,1,1
WBGene00044012,0,2,2
WBGene00044013,1,0,1
WBGene00044014,0,0,0
WBGene00044016,0,4,4
WBGene00044018,2,2,4
WBGene00044019,78,216,294
WBGene00044020,1,46,47
WBGene00044021,11,93,104
WBGene00044024,6,15,21
WBGene00044025,61,694,755
WBGene00044026,60,2733,2793
WBGene00044027,3,9,12
WBGene00044028,7,81,88
WBGene00044029,30,560,590
WBGene00044030,7,2,9
WBGene00044031,0,1,1
WBGene00044032,5,47,52
WBGene00044034,10,14,24
WBGene00044035,14,53,67
WBGene00044043,0,2,2
WBGene00044044,3,0,3
WBGene00044045,414,45,459
WBGene00044047,0,1,1
WBGene00044048,7,17,24
WBGene00044049,797,3223,4020
WBGene00044058,15,61,76
WBGene00044059,2,6,8
WBGene00044061,94,486,580
WBGene00044062,1,0,1
WBGene00044063,37,1366,1403
WBGene00044065,79,159,238
WBGene00044066,0,8,8
WBGene00044067,9,90,99
WBGene00044068,303,3023,3326
WBGene00044069,38,607,645
WBGene00044070,290,3119,3409
WBGene00044071,36,431,467
WBGene00044072,181,945,1126
WBGene00044073,9,55,64
WBGene00044074,8,28,36
WBGene00044077,97,1149,1246
WBGene00044078,458,2264,2722
WBGene00044079,559,3739,4298
WBGene00044080,1,0,1
WBGene00044081,3,1,4
WBGene00044082,71,613,684
WBGene00044083,132,163,295
WBGene00044084,1,3,4
WBGene00044086,2,0,2
WBGene00044087,0,1,1
WBGene00044088,3,1,4
WBGene00044089,3,2,5
WBGene00044090,2,6,8
WBGene00044091,3,9,12
WBGene00044092,8,5,13
WBGene00044094,66,814,880
WBGene00044099,0,0,0
WBGene00044100,0,0,0
WBGene00044105,0,0,0
WBGene00044106,0,0,0
WBGene00044107,19,72,91
WBGene00044109,0,7,7
WBGene00044112,0,2,2
WBGene00044113,0,2,2
WBGene00044114,1,0,1
WBGene00044115,1,6,7
WBGene00044116,1,0,1
WBGene00044117,2,24,26
WBGene00044120,4,11,15
WBGene00044121,0,3,3
WBGene00044122,34,17,51
WBGene00044124,0,2,2
WBGene00044125,15,15,30
WBGene00044127,2,1,3
WBGene00044131,0,0,0
WBGene00044132,10,150,160
WBGene00044133,1,0,1
WBGene00044134,47,283,330
WBGene00044135,8,94,102
WBGene00044136,0,0,0
WBGene00044137,0,17,17
WBGene00044138,28,92,120
WBGene00044139,14,85,99
WBGene00044140,0,4,4
WBGene00044141,9,23,32
WBGene00044142,5,12,17
WBGene00044143,167,704,871
WBGene00044144,8,179,187
WBGene00044145,0,2,2
WBGene00044146,0,0,0
WBGene00044147,1,11,12
WBGene00044148,1,2,3
WBGene00044149,0,2,2
WBGene00044150,9,8,17
WBGene00044151,75,479,554
WBGene00044152,22,107,129
WBGene00044153,18,13,31
WBGene00044154,3,9,12
WBGene00044156,10,54,64
WBGene00044157,3,0,3
WBGene00044158,3,0,3
WBGene00044159,0,0,0
WBGene00044160,8,3,11
WBGene00044162,1,2,3
WBGene00044163,36,102,138
WBGene00044164,0,0,0
WBGene00044166,7,19,26
WBGene00044167,23,290,313
WBGene00044169,4,33,37
WBGene00044174,5,88,93
WBGene00044175,8,82,90
WBGene00044176,64,1256,1320
WBGene00044177,6,3,9
WBGene00044178,0,0,0
WBGene00044179,0,0,0
WBGene00044180,25,42,67
WBGene00044181,3,10,13
WBGene00044182,1,6,7
WBGene00044183,0,0,0
WBGene00044184,1,6,7
WBGene00044185,0,0,0
WBGene00044187,2624,23,2647
WBGene00044188,32,272,304
WBGene00044189,0,3,3
WBGene00044191,41,267,308
WBGene00044192,1,1,2
WBGene00044193,0,11,11
WBGene00044194,0,1,1
WBGene00044195,0,0,0
WBGene00044197,1,20,21
WBGene00044198,1,3,4
WBGene00044199,1,1,2
WBGene00044200,65,128,193
WBGene00044201,0,4,4
WBGene00044202,0,0,0
WBGene00044203,0,5,5
WBGene00044204,24,333,357
WBGene00044205,0,13,13
WBGene00044206,1,8,9
WBGene00044207,0,3,3
WBGene00044208,0,1,1
WBGene00044210,71,382,453
WBGene00044211,6,3,9
WBGene00044212,1,3,4
WBGene00044213,3,28,31
WBGene00044215,0,0,0
WBGene00044218,0,84,84
WBGene00044221,0,32,32
WBGene00044222,0,1,1
WBGene00044225,0,30,30
WBGene00044227,4,8,12
WBGene00044228,13,10,23
WBGene00044230,3,3,6
WBGene00044232,6,2,8
WBGene00044233,116,296,412
WBGene00044235,0,0,0
WBGene00044236,2,361,363
WBGene00044237,4,1,5
WBGene00044238,28,34,62
WBGene00044239,21,122,143
WBGene00044240,20,42,62
WBGene00044241,4,64,68
WBGene00044242,0,2,2
WBGene00044243,1,6,7
WBGene00044244,0,1,1
WBGene00044245,0,14,14
WBGene00044246,0,0,0
WBGene00044247,1,3,4
WBGene00044249,1,3,4
WBGene00044250,2,4,6
WBGene00044251,20,59,79
WBGene00044253,21,236,257
WBGene00044254,0,0,0
WBGene00044256,13,4,17
WBGene00044257,3,4,7
WBGene00044258,28,135,163
WBGene00044259,0,5,5
WBGene00044260,52,2059,2111
WBGene00044261,7,1,8
WBGene00044263,0,1,1
WBGene00044264,3,2,5
WBGene00044265,2,31,33
WBGene00044266,2,0,2
WBGene00044271,0,0,0
WBGene00044272,0,31,31
WBGene00044273,0,0,0
WBGene00044274,0,0,0
WBGene00044275,0,0,0
WBGene00044278,0,1,1
WBGene00044280,372,341,713
WBGene00044281,1,2,3
WBGene00044282,0,0,0
WBGene00044283,540,1282,1822
WBGene00044284,0,7,7
WBGene00044286,0,5,5
WBGene00044287,0,1,1
WBGene00044288,0,18,18
WBGene00044289,5,87,92
WBGene00044290,81,132,213
WBGene00044291,9,27,36
WBGene00044292,8,14,22
WBGene00044293,1,2,3
WBGene00044294,222,1023,1245
WBGene00044295,7,59,66
WBGene00044296,10,81,91
WBGene00044297,10,86,96
WBGene00044298,0,0,0
WBGene00044299,3,29,32
WBGene00044300,7,14,21
WBGene00044301,117,1098,1215
WBGene00044302,0,0,0
WBGene00044303,12,111,123
WBGene00044304,60,153,213
WBGene00044305,52,1072,1124
WBGene00044306,0,1,1
WBGene00044307,0,0,0
WBGene00044310,55,395,450
WBGene00044311,18,92,110
WBGene00044312,8,22,30
WBGene00044313,5,36,41
WBGene00044314,1,1,2
WBGene00044315,0,2,2
WBGene00044316,33,172,205
WBGene00044317,0,6,6
WBGene00044318,71,1885,1956
WBGene00044319,6,206,212
WBGene00044321,458,2383,2841
WBGene00044322,15,587,602
WBGene00044323,95,754,849
WBGene00044324,30,4496,4526
WBGene00044325,38,596,634
WBGene00044326,176,939,1115
WBGene00044329,63,624,687
WBGene00044330,18,270,288
WBGene00044331,2,4,6
WBGene00044332,0,6,6
WBGene00044333,1,1,2
WBGene00044337,0,0,0
WBGene00044338,26,1046,1072
WBGene00044339,5,132,137
WBGene00044340,0,3,3
WBGene00044341,0,207,207
WBGene00044342,72,155,227
WBGene00044344,33,1670,1703
WBGene00044345,32,379,411
WBGene00044346,0,0,0
WBGene00044347,4,5,9
WBGene00044348,107,74,181
WBGene00044349,8,7,15
WBGene00044350,99,513,612
WBGene00044352,1,3,4
WBGene00044353,7,90,97
WBGene00044354,4,66,70
WBGene00044355,2,95,97
WBGene00044356,0,2,2
WBGene00044357,0,0,0
WBGene00044358,3,3,6
WBGene00044359,0,7,7
WBGene00044360,0,0,0
WBGene00044361,0,1,1
WBGene00044362,1,0,1
WBGene00044363,4,45,49
WBGene00044364,0,0,0
WBGene00044365,0,0,0
WBGene00044366,0,6,6
WBGene00044367,16,127,143
WBGene00044368,413,70,483
WBGene00044369,0,0,0
WBGene00044370,0,0,0
WBGene00044371,0,1,1
WBGene00044372,0,0,0
WBGene00044373,6,124,130
WBGene00044374,2,1,3
WBGene00044375,0,0,0
WBGene00044376,0,22,22
WBGene00044377,0,2,2
WBGene00044378,0,1,1
WBGene00044379,0,2,2
WBGene00044380,0,8,8
WBGene00044381,0,1,1
WBGene00044382,1,5,6
WBGene00044383,0,1,1
WBGene00044384,12,0,12
WBGene00044385,3,3,6
WBGene00044386,1,12,13
WBGene00044387,64,852,916
WBGene00044388,0,0,0
WBGene00044389,823,6981,7804
WBGene00044390,0,0,0
WBGene00044391,103,94,197
WBGene00044392,16,159,175
WBGene00044393,1,0,1
WBGene00044394,4,51,55
WBGene00044395,12,49,61
WBGene00044396,8,244,252
WBGene00044399,0,0,0
WBGene00044401,101,1300,1401
WBGene00044402,1,4,5
WBGene00044403,5,13,18
WBGene00044406,19,262,281
WBGene00044409,8,27,35
WBGene00044410,27,177,204
WBGene00044411,106,745,851
WBGene00044413,967,482,1449
WBGene00044414,7,88,95
WBGene00044415,0,0,0
WBGene00044416,0,1,1
WBGene00044417,0,2,2
WBGene00044418,149,1047,1196
WBGene00044419,10,4,14
WBGene00044420,14,257,271
WBGene00044421,36,122,158
WBGene00044423,10,162,172
WBGene00044424,1,8,9
WBGene00044425,0,0,0
WBGene00044427,13,15,28
WBGene00044428,23,7,30
WBGene00044429,0,1,1
WBGene00044431,161,791,952
WBGene00044432,0,3,3
WBGene00044433,81,376,457
WBGene00044434,1,1,2
WBGene00044435,0,58,58
WBGene00044436,7,152,159
WBGene00044437,24,27,51
WBGene00044438,95,273,368
WBGene00044439,16,4,20
WBGene00044440,31,54,85
WBGene00044441,2,1,3
WBGene00044442,4,88,92
WBGene00044443,120,2315,2435
WBGene00044444,4,4,8
WBGene00044445,31,78,109
WBGene00044446,0,9,9
WBGene00044447,1,1,2
WBGene00044448,2,21,23
WBGene00044449,0,1,1
WBGene00044450,0,0,0
WBGene00044451,0,0,0
WBGene00044452,121,1218,1339
WBGene00044453,9,13,22
WBGene00044454,0,0,0
WBGene00044455,5,3,8
WBGene00044457,0,35,35
WBGene00044458,0,2,2
WBGene00044459,35,70,105
WBGene00044460,1,3,4
WBGene00044461,22,20,42
WBGene00044462,47,114,161
WBGene00044463,9,75,84
WBGene00044464,31,72,103
WBGene00044466,15,571,586
WBGene00044467,212,847,1059
WBGene00044468,10,88,98
WBGene00044469,0,7,7
WBGene00044470,4,5,9
WBGene00044471,9,51,60
WBGene00044472,19,53,72
WBGene00044473,0,0,0
WBGene00044474,0,0,0
WBGene00044475,0,0,0
WBGene00044476,0,0,0
WBGene00044477,3,49,52
WBGene00044478,11,68,79
WBGene00044479,7,66,73
WBGene00044480,1,11,12
WBGene00044481,8,18,26
WBGene00044482,54,172,226
WBGene00044483,3,530,533
WBGene00044484,77,513,590
WBGene00044485,48,213,261
WBGene00044486,4,14,18
WBGene00044487,15,57,72
WBGene00044488,7,12,19
WBGene00044489,0,2,2
WBGene00044490,0,1,1
WBGene00044491,1,2,3
WBGene00044492,6,2,8
WBGene00044493,4,309,313
WBGene00044495,17,42,59
WBGene00044498,0,0,0
WBGene00044499,0,5,5
WBGene00044500,91,480,571
WBGene00044501,17,0,17
WBGene00044502,2,53,55
WBGene00044504,13,38,51
WBGene00044505,20,47,67
WBGene00044508,112,677,789
WBGene00044509,7,466,473
WBGene00044510,5,19,24
WBGene00044511,8,57,65
WBGene00044512,2,111,113
WBGene00044513,91,445,536
WBGene00044514,120,2632,2752
WBGene00044516,0,0,0
WBGene00044518,1,0,1
WBGene00044519,2,0,2
WBGene00044520,0,9,9
WBGene00044521,1,5,6
WBGene00044524,0,0,0
WBGene00044525,17,53,70
WBGene00044526,2,14,16
WBGene00044527,8,57,65
WBGene00044528,17,14,31
WBGene00044529,7,12,19
WBGene00044530,0,10,10
WBGene00044531,12,2,14
WBGene00044533,1,2,3
WBGene00044534,18,33,51
WBGene00044535,0,3,3
WBGene00044536,20,255,275
WBGene00044537,0,0,0
WBGene00044538,2,1,3
WBGene00044539,3,6,9
WBGene00044541,2,4,6
WBGene00044542,15,19,34
WBGene00044543,0,0,0
WBGene00044544,179,317,496
WBGene00044545,2,8,10
WBGene00044546,1,0,1
WBGene00044547,0,67,67
WBGene00044548,0,0,0
WBGene00044549,3,1,4
WBGene00044550,3,1,4
WBGene00044551,3,18,21
WBGene00044552,0,9,9
WBGene00044553,20,962,982
WBGene00044554,16,25,41
WBGene00044555,0,4,4
WBGene00044556,2,120,122
WBGene00044557,65,136,201
WBGene00044558,0,0,0
WBGene00044559,29,71,100
WBGene00044560,4,3,7
WBGene00044561,1,0,1
WBGene00044562,0,24,24
WBGene00044563,3,1,4
WBGene00044564,2,2,4
WBGene00044565,0,4,4
WBGene00044566,30,6,36
WBGene00044567,5,9,14
WBGene00044568,52,237,289
WBGene00044569,0,0,0
WBGene00044570,631,10,641
WBGene00044571,23,3,26
WBGene00044572,7,1,8
WBGene00044573,0,0,0
WBGene00044574,7,4,11
WBGene00044575,0,2,2
WBGene00044577,0,0,0
WBGene00044578,1,39,40
WBGene00044579,0,0,0
WBGene00044580,2,1,3
WBGene00044581,0,0,0
WBGene00044582,24,336,360
WBGene00044583,15,1,16
WBGene00044584,116,463,579
WBGene00044586,1,30,31
WBGene00044587,1,1,2
WBGene00044588,31,86,117
WBGene00044589,2,6,8
WBGene00044602,0,0,0
WBGene00044603,48,96,144
WBGene00044604,23,296,319
WBGene00044605,388,1621,2009
WBGene00044607,2,8,10
WBGene00044608,29,519,548
WBGene00044609,254,347,601
WBGene00044610,0,4,4
WBGene00044611,10,23,33
WBGene00044612,13,134,147
WBGene00044614,39,302,341
WBGene00044615,62,593,655
WBGene00044616,0,2,2
WBGene00044617,8,63,71
WBGene00044618,8,125,133
WBGene00044620,19,171,190
WBGene00044623,24,627,651
WBGene00044630,48,587,635
WBGene00044631,32,182,214
WBGene00044633,3,24,27
WBGene00044634,1,1,2
WBGene00044636,56,670,726
WBGene00044637,28,58,86
WBGene00044638,0,684,684
WBGene00044640,129,746,875
WBGene00044641,240,76,316
WBGene00044643,4,356,360
WBGene00044644,38,200,238
WBGene00044645,7,18,25
WBGene00044646,24,43,67
WBGene00044648,34,353,387
WBGene00044649,19,3,22
WBGene00044650,586,890,1476
WBGene00044651,187,233,420
WBGene00044653,2,3,5
WBGene00044654,5,10,15
WBGene00044655,0,2,2
WBGene00044658,5,50,55
WBGene00044659,0,0,0
WBGene00044661,2,25,27
WBGene00044662,3,6,9
WBGene00044663,0,9,9
WBGene00044664,3,4,7
WBGene00044665,0,0,0
WBGene00044666,97,1220,1317
WBGene00044667,1,9,10
WBGene00044668,0,2,2
WBGene00044669,4,2,6
WBGene00044672,7,54,61
WBGene00044673,0,6,6
WBGene00044674,1,0,1
WBGene00044675,10,118,128
WBGene00044676,0,27,27
WBGene00044677,378,704,1082
WBGene00044678,2,14,16
WBGene00044679,36,411,447
WBGene00044680,0,2,2
WBGene00044681,272,298,570
WBGene00044683,2,2,4
WBGene00044684,2,5,7
WBGene00044686,117,3026,3143
WBGene00044687,1,0,1
WBGene00044689,152,584,736
WBGene00044690,29,208,237
WBGene00044692,0,1,1
WBGene00044693,0,0,0
WBGene00044694,0,0,0
WBGene00044696,20,124,144
WBGene00044697,3,47,50
WBGene00044698,56,1494,1550
WBGene00044699,7,58,65
WBGene00044701,79,373,452
WBGene00044705,16,25,41
WBGene00044707,0,0,0
WBGene00044708,4,0,4
WBGene00044709,0,0,0
WBGene00044711,0,0,0
WBGene00044719,0,8,8
WBGene00044720,0,10,10
WBGene00044723,2,6,8
WBGene00044724,11,105,116
WBGene00044725,12,142,154
WBGene00044726,9,10,19
WBGene00044732,7,72,79
WBGene00044733,1,0,1
WBGene00044734,0,0,0
WBGene00044735,0,0,0
WBGene00044736,41,169,210
WBGene00044737,1180,5826,7006
WBGene00044738,6,5,11
WBGene00044741,2,8,10
WBGene00044742,17,81,98
WBGene00044743,22,445,467
WBGene00044744,0,1,1
WBGene00044745,68,193,261
WBGene00044746,727,2089,2816
WBGene00044753,3,0,3
WBGene00044754,5,0,5
WBGene00044755,2,0,2
WBGene00044756,24,97,121
WBGene00044757,6,25,31
WBGene00044758,7,44,51
WBGene00044759,0,2,2
WBGene00044760,11,69,80
WBGene00044761,4,15,19
WBGene00044762,43,665,708
WBGene00044763,4,10,14
WBGene00044767,2,169,171
WBGene00044770,31,124,155
WBGene00044771,20,75,95
WBGene00044772,19,880,899
WBGene00044773,2,1,3
WBGene00044774,147,645,792
WBGene00044775,0,0,0
WBGene00044776,7,17,24
WBGene00044777,1,1,2
WBGene00044778,0,0,0
WBGene00044779,17,89,106
WBGene00044780,4,1,5
WBGene00044783,0,2,2
WBGene00044784,26,1543,1569
WBGene00044786,0,0,0
WBGene00044788,6,17,23
WBGene00044789,35,1397,1432
WBGene00044790,36,355,391
WBGene00044791,0,3,3
WBGene00044792,13,30,43
WBGene00044794,0,0,0
WBGene00044795,5,119,124
WBGene00044796,0,1,1
WBGene00044797,0,67,67
WBGene00044798,1,0,1
WBGene00044799,0,43,43
WBGene00044801,0,0,0
WBGene00044802,0,0,0
WBGene00044803,6,5,11
WBGene00044805,1,3,4
WBGene00044807,1,9,10
WBGene00044810,1,0,1
WBGene00044811,23,235,258
WBGene00044889,0,0,0
WBGene00044891,64,539,603
WBGene00044892,0,2,2
WBGene00044894,38,289,327
WBGene00044895,12,4,16
WBGene00044896,7,2,9
WBGene00044897,1,16,17
WBGene00044898,21,8,29
WBGene00044900,7,17,24
WBGene00044901,0,120,120
WBGene00044903,57,191,248
WBGene00044906,3,111,114
WBGene00044908,1,1,2
WBGene00044911,2,1,3
WBGene00044912,4,0,4
WBGene00044916,134,1007,1141
WBGene00044917,1,9,10
WBGene00044921,323,5090,5413
WBGene00044922,43,621,664
WBGene00044924,91,268,359
WBGene00044949,60,412,472
WBGene00044953,0,0,0
WBGene00044977,59,749,808
WBGene00044978,0,1,1
WBGene00044979,9,9,18
WBGene00044987,45,155,200
WBGene00044988,0,441,441
WBGene00044989,236,1592,1828
WBGene00044990,107,922,1029
WBGene00044991,14,184,198
WBGene00044998,1,1,2
WBGene00045013,11,35,46
WBGene00045024,1,10,11
WBGene00045036,2,13,15
WBGene00045038,0,0,0
WBGene00045048,0,78,78
WBGene00045050,13,144,157
WBGene00045052,10,19,29
WBGene00045053,8,14,22
WBGene00045056,57,385,442
WBGene00045058,7,28,35
WBGene00045060,3,0,3
WBGene00045061,0,0,0
WBGene00045063,116,218,334
WBGene00045067,3,31,34
WBGene00045069,0,0,0
WBGene00045078,159,1093,1252
WBGene00045096,0,105,105
WBGene00045101,0,2,2
WBGene00045103,0,0,0
WBGene00045108,4,0,4
WBGene00045122,1,0,1
WBGene00045128,0,0,0
WBGene00045144,2,4,6
WBGene00045146,15,6,21
WBGene00045177,4,3,7
WBGene00045178,2,48,50
WBGene00045180,0,0,0
WBGene00045183,0,29,29
WBGene00045190,25,160,185
WBGene00045192,1,630,631
WBGene00045195,134,107,241
WBGene00045198,3,3,6
WBGene00045207,1,1,2
WBGene00045208,0,2690,2690
WBGene00045209,0,8,8
WBGene00045210,23,93,116
WBGene00045211,0,0,0
WBGene00045212,28,53,81
WBGene00045215,6,20,26
WBGene00045234,5,4,9
WBGene00045237,13,183,196
WBGene00045239,0,2,2
WBGene00045242,0,6,6
WBGene00045245,1,10,11
WBGene00045246,48,522,570
WBGene00045247,12,22,34
WBGene00045248,49,97,146
WBGene00045249,184,2213,2397
WBGene00045250,20,44,64
WBGene00045251,0,0,0
WBGene00045252,13,68,81
WBGene00045253,56,233,289
WBGene00045255,134,446,580
WBGene00045261,2,7,9
WBGene00045265,0,1,1
WBGene00045268,0,0,0
WBGene00045269,1,5,6
WBGene00045270,2,0,2
WBGene00045271,3,7,10
WBGene00045272,0,26018,26018
WBGene00045275,0,167,167
WBGene00045276,0,1507,1507
WBGene00045277,205,1048,1253
WBGene00045283,0,3,3
WBGene00045289,39,6,45
WBGene00045291,4,4,8
WBGene00045292,0,1,1
WBGene00045295,9,121,130
WBGene00045297,13,60,73
WBGene00045298,0,0,0
WBGene00045299,0,0,0
WBGene00045300,0,0,0
WBGene00045301,0,0,0
WBGene00045302,0,0,0
WBGene00045303,0,0,0
WBGene00045304,3,2,5
WBGene00045305,0,181,181
WBGene00045306,0,0,0
WBGene00045308,3,6,9
WBGene00045331,3,42,45
WBGene00045336,75,458,533
WBGene00045337,1,3,4
WBGene00045338,0,8,8
WBGene00045339,0,14,14
WBGene00045340,25,120,145
WBGene00045344,1,0,1
WBGene00045355,4,3,7
WBGene00045356,0,5,5
WBGene00045357,30,203,233
WBGene00045361,0,0,0
WBGene00045362,0,0,0
WBGene00045364,7,2,9
WBGene00045365,2,5,7
WBGene00045379,11,213,224
WBGene00045380,0,0,0
WBGene00045381,1,1,2
WBGene00045382,1,6,7
WBGene00045385,4,8,12
WBGene00045386,57,235,292
WBGene00045387,52,288,340
WBGene00045390,96,1125,1221
WBGene00045392,56,334,390
WBGene00045393,3,8,11
WBGene00045394,0,1,1
WBGene00045395,11,44,55
WBGene00045396,15,158,173
WBGene00045397,20,104,124
WBGene00045398,4,5,9
WBGene00045399,1,16,17
WBGene00045400,1,18,19
WBGene00045401,2,7,9
WBGene00045402,0,0,0
WBGene00045403,13,105,118
WBGene00045405,4,22,26
WBGene00045406,0,2,2
WBGene00045407,66,496,562
WBGene00045411,6,97,103
WBGene00045412,0,16,16
WBGene00045413,1,1,2
WBGene00045414,0,1,1
WBGene00045415,2,9,11
WBGene00045416,0,0,0
WBGene00045417,0,1,1
WBGene00045418,81,1520,1601
WBGene00045419,246,1389,1635
WBGene00045433,86,851,937
WBGene00045434,71,271,342
WBGene00045455,2,44,46
WBGene00045456,1,0,1
WBGene00045457,3,52,55
WBGene00045458,2,6,8
WBGene00045459,0,0,0
WBGene00045460,0,5,5
WBGene00045461,5,33,38
WBGene00045468,0,6,6
WBGene00045473,0,2,2
WBGene00045474,5,11,16
WBGene00045475,8,5,13
WBGene00045480,12,9,21
WBGene00045481,8,4,12
WBGene00045482,71,173,244
WBGene00045483,496,3948,4444
WBGene00045484,14,16,30
WBGene00045486,0,0,0
WBGene00045488,2,20,22
WBGene00045490,0,0,0
WBGene00045493,5,7,12
WBGene00045494,0,9,9
WBGene00045495,46,344,390
WBGene00045497,4,28,32
WBGene00045498,0,1,1
WBGene00045500,3,4,7
WBGene00045501,2,2,4
WBGene00045506,1,0,1
WBGene00045507,4,473,477
WBGene00045508,4,3,7
WBGene00045510,24,150,174
WBGene00045511,8,9,17
WBGene00045513,6,2,8
WBGene00045515,1,0,1
WBGene00045517,206,1054,1260
WBGene00050875,11,51,62
WBGene00050879,0,0,0
WBGene00050880,6,0,6
WBGene00050881,0,0,0
WBGene00050884,124,390,514
WBGene00050885,83,436,519
WBGene00050889,21,127,148
WBGene00050891,24,12,36
WBGene00050892,0,1,1
WBGene00050893,0,2,2
WBGene00050894,0,0,0
WBGene00050896,0,0,0
WBGene00050898,0,0,0
WBGene00050899,0,70,70
WBGene00050904,1,7,8
WBGene00050906,0,0,0
WBGene00050907,0,0,0
WBGene00050910,1,1,2
WBGene00050911,0,4,4
WBGene00050913,1,0,1
WBGene00050914,0,0,0
WBGene00050915,4,8,12
WBGene00050916,4,17,21
WBGene00050917,17,47,64
WBGene00050919,4,0,4
WBGene00050929,0,0,0
WBGene00050931,0,15,15
WBGene00050934,3,20,23
WBGene00050936,0,0,0
WBGene00050937,36,363,399
WBGene00050939,0,2845,2845
WBGene00050940,0,18,18
WBGene00050941,9,526,535
WBGene00050943,37,188,225
WBGene00050944,57,867,924
WBGene00050947,2,294,296
WBGene00050955,0,0,0
WBGene00050956,2,0,2
WBGene00050957,0,0,0
WBGene00050959,0,0,0
WBGene00050965,0,0,0
WBGene00050967,0,5,5
WBGene00050968,0,0,0
WBGene00050974,1,5,6
WBGene00050975,2,3,5
WBGene00077439,0,17,17
WBGene00077445,0,0,0
WBGene00077450,6,2,8
WBGene00077453,11,313,324
WBGene00077455,8,21,29
WBGene00077464,0,0,0
WBGene00077489,2,16,18
WBGene00077490,22,236,258
WBGene00077491,4,41,45
WBGene00077492,0,0,0
WBGene00077493,0,3,3
WBGene00077495,0,2,2
WBGene00077497,217,253,470
WBGene00077500,20,134,154
WBGene00077503,0,0,0
WBGene00077508,13,15,28
WBGene00077514,0,0,0
WBGene00077519,0,4,4
WBGene00077520,63,482,545
WBGene00077521,3,287,290
WBGene00077522,0,7,7
WBGene00077523,1,9,10
WBGene00077525,33,4,37
WBGene00077526,0,9385,9385
WBGene00077531,2,8,10
WBGene00077536,6,51,57
WBGene00077538,2,6,8
WBGene00077539,90,39,129
WBGene00077543,3,21,24
WBGene00077546,2,6,8
WBGene00077548,3,1,4
WBGene00077553,41,39,80
WBGene00077557,9,35,44
WBGene00077558,15,23,38
WBGene00077559,7,31,38
WBGene00077562,1,0,1
WBGene00077563,10,9,19
WBGene00077565,0,7,7
WBGene00077569,8,12,20
WBGene00077573,25,301,326
WBGene00077576,1,0,1
WBGene00077577,7,137,144
WBGene00077582,2,2,4
WBGene00077583,1,2,3
WBGene00077585,21,52,73
WBGene00077588,2,35,37
WBGene00077592,2,0,2
WBGene00077593,6,16,22
WBGene00077599,40,183,223
WBGene00077607,1,1,2
WBGene00077616,4,19,23
WBGene00077622,0,0,0
WBGene00077624,0,0,0
WBGene00077640,0,3,3
WBGene00077643,36,415,451
WBGene00077655,0,3,3
WBGene00077658,43,328,371
WBGene00077663,0,0,0
WBGene00077669,140,297,437
WBGene00077673,0,0,0
WBGene00077674,0,1,1
WBGene00077679,4,26,30
WBGene00077680,0,10,10
WBGene00077681,15,56,71
WBGene00077682,1,2,3
WBGene00077684,0,1,1
WBGene00077685,0,0,0
WBGene00077688,1,4,5
WBGene00077690,14,682,696
WBGene00077691,0,5,5
WBGene00077692,9,39,48
WBGene00077693,192,3034,3226
WBGene00077696,40,34,74
WBGene00077697,68,54,122
WBGene00077698,81,262,343
WBGene00077699,5,17,22
WBGene00077701,17,299,316
WBGene00077703,15,27,42
WBGene00077704,1,17,18
WBGene00077712,6,123,129
WBGene00077714,1,6,7
WBGene00077728,0,1549,1549
WBGene00077732,4,108,112
WBGene00077751,3,1,4
WBGene00077752,2,36,38
WBGene00077756,0,6,6
WBGene00077757,10,41,51
WBGene00077758,0,1,1
WBGene00077759,2,0,2
WBGene00077761,74,1529,1603
WBGene00077762,2,10,12
WBGene00077763,5,26,31
WBGene00077764,0,611,611
WBGene00077766,0,0,0
WBGene00077768,4,10,14
WBGene00077769,0,8,8
WBGene00077770,2,15,17
WBGene00077771,800,7806,8606
WBGene00077773,0,141,141
WBGene00077775,41,201,242
WBGene00077782,3,1,4
WBGene00077783,4,47,51
WBGene00077786,112,176,288
WBGene00077788,8,7,15
WBGene00086546,40,174,214
WBGene00086551,7,139,146
WBGene00086552,0,0,0
WBGene00086553,90,414,504
WBGene00086554,0,3,3
WBGene00086555,3,0,3
WBGene00086556,2,4,6
WBGene00086557,27,244,271
WBGene00086558,9,65,74
WBGene00086559,32,125,157
WBGene00086560,2,7,9
WBGene00086561,0,0,0
WBGene00086562,2,1,3
WBGene00086563,1,2,3
WBGene00086564,0,3,3
WBGene00086565,0,0,0
WBGene00086566,45,348,393
WBGene00086567,1,3,4
WBGene00086568,6,27,33
WBGene00086569,110,475,585
WBGene00119201,3,0,3
WBGene00119203,14,179,193
WBGene00119204,0,3,3
WBGene00138711,4,21,25
WBGene00138714,0,0,0
WBGene00138715,0,0,0
WBGene00138716,0,1,1
WBGene00138717,250,892,1142
WBGene00138718,26,24,50
WBGene00138719,1,0,1
WBGene00138720,26,284,310
WBGene00138721,4,8,12
WBGene00138724,0,72,72
WBGene00138725,30,37,67
WBGene00164968,22,144,166
WBGene00164969,0,0,0
WBGene00164971,0,1,1
WBGene00164972,0,1,1
WBGene00164973,0,25,25
WBGene00164974,0,0,0
WBGene00164985,16,45,61
WBGene00164986,5,7,12
WBGene00175027,52,37,89
WBGene00175028,1,0,1
WBGene00175030,9,494,503
WBGene00175031,1,10,11
WBGene00175034,4,142,146
WBGene00175035,40,219,259
WBGene00184956,1,10,11
WBGene00184990,7,95,102
WBGene00185001,81,600,681
WBGene00185002,36,81,117
WBGene00185005,21,261,282
WBGene00185006,4,3,7
WBGene00185014,59,1251,1310
WBGene00185048,117,859,976
WBGene00185055,3,4,7
WBGene00185067,136,3232,3368
WBGene00185075,0,83,83
WBGene00185077,0,15,15
WBGene00185078,472,84,556
WBGene00185079,111,572,683
WBGene00185086,6,73,79
WBGene00185088,5,156,161
WBGene00185089,3,31,34
WBGene00185092,3,8,11
WBGene00185095,0,0,0
WBGene00185096,0,0,0
WBGene00185097,1,1,2
WBGene00185098,27,161,188
WBGene00185100,2,1,3
WBGene00185101,4,3,7
WBGene00185102,28,285,313
WBGene00185116,0,3,3
WBGene00185117,7,29,36
WBGene00185118,404,857,1261
WBGene00189930,0,0,0
WBGene00189931,0,0,0
WBGene00189932,0,0,0
WBGene00189933,7,20,27
WBGene00189937,1,1,2
WBGene00189943,1,0,1
WBGene00189947,0,0,0
WBGene00189948,7,4,11
WBGene00189949,6,8,14
WBGene00189950,7,5,12
WBGene00189952,12,50,62
WBGene00189953,0,0,0
WBGene00189954,0,0,0
WBGene00189955,0,0,0
WBGene00189956,18,8,26
WBGene00189957,5,13,18
WBGene00189961,4,4,8
WBGene00189987,3,12,15
WBGene00189993,1,3,4
WBGene00189995,3,0,3
WBGene00194641,228,974,1202
WBGene00194642,124,508,632
WBGene00194643,36,42,78
WBGene00194645,0,0,0
WBGene00194646,2,1,3
WBGene00194647,1,0,1
WBGene00194649,5,28,33
WBGene00194651,59,371,430
WBGene00194653,0,0,0
WBGene00194654,0,3,3
WBGene00194656,2,1,3
WBGene00194658,20,169,189
WBGene00194660,0,16,16
WBGene00194661,2,11,13
WBGene00194663,0,4,4
WBGene00194664,8,51,59
WBGene00194670,0,1,1
WBGene00194672,0,7,7
WBGene00194674,6,39,45
WBGene00194677,5,6,11
WBGene00194679,10,83,93
WBGene00194680,23,418,441
WBGene00194682,7,21,28
WBGene00194684,2,3,5
WBGene00194687,13,0,13
WBGene00194689,10,130,140
WBGene00194691,1,7,8
WBGene00194692,222,1736,1958
WBGene00194695,1,0,1
WBGene00194696,0,0,0
WBGene00194697,6,24,30
WBGene00194698,0,6,6
WBGene00194699,0,13,13
WBGene00194700,1,8,9
WBGene00194701,0,0,0
WBGene00194702,4,4,8
WBGene00194703,0,0,0
WBGene00194704,0,0,0
WBGene00194706,23,213,236
WBGene00194707,28,518,546
WBGene00194708,2,3,5
WBGene00194710,32,115,147
WBGene00194711,0,0,0
WBGene00194712,20,20,40
WBGene00194713,0,98,98
WBGene00194714,0,0,0
WBGene00194715,0,0,0
WBGene00194717,1,0,1
WBGene00194725,0,9,9
WBGene00194726,1,5,6
WBGene00194727,2,8,10
WBGene00194729,11,35,46
WBGene00194730,7,0,7
WBGene00194731,25,46,71
WBGene00194733,1,0,1
WBGene00194734,1,2,3
WBGene00194735,10,0,10
WBGene00194737,9,0,9
WBGene00194738,1,1,2
WBGene00194742,10,76,86
WBGene00194744,0,10,10
WBGene00194746,0,1,1
WBGene00194747,128,646,774
WBGene00194780,0,0,0
WBGene00194783,2,0,2
WBGene00194784,5,3,8
WBGene00194785,4,4,8
WBGene00194787,0,0,0
WBGene00194788,1,1,2
WBGene00194793,2,2,4
WBGene00194795,2,5,7
WBGene00194799,0,0,0
WBGene00194801,0,0,0
WBGene00194803,1,8,9
WBGene00194813,2,42,44
WBGene00194815,5,6,11
WBGene00194816,2,8,10
WBGene00194821,2,3,5
WBGene00194832,24,40,64
WBGene00194833,1,0,1
WBGene00194835,1,35,36
WBGene00194839,0,4,4
WBGene00194848,4,6,10
WBGene00194849,10,7,17
WBGene00194850,0,1,1
WBGene00194852,8,36,44
WBGene00194855,15,24,39
WBGene00194861,4,19,23
WBGene00194864,0,0,0
WBGene00194866,55,44,99
WBGene00194867,0,1,1
WBGene00194868,17,1,18
WBGene00194869,0,242,242
WBGene00194870,11,23,34
WBGene00194871,0,0,0
WBGene00194883,40,498,538
WBGene00194886,1,23,24
WBGene00194888,0,1,1
WBGene00194890,28,0,28
WBGene00194892,21,96,117
WBGene00194894,0,0,0
WBGene00194895,2,75,77
WBGene00194896,46,1,47
WBGene00194898,0,0,0
WBGene00194902,7,4,11
WBGene00194905,52,208,260
WBGene00194906,1,7,8
WBGene00194907,0,3,3
WBGene00194908,48,207,255
WBGene00194909,27,214,241
WBGene00194910,41,75,116
WBGene00194912,1,2,3
WBGene00194913,78,100,178
WBGene00194914,0,0,0
WBGene00194915,17,129,146
WBGene00194916,1,4,5
WBGene00194917,9,25,34
WBGene00194918,0,1,1
WBGene00194919,6,7,13
WBGene00194920,2,3,5
WBGene00194921,120,340,460
WBGene00194922,0,4,4
WBGene00194924,0,0,0
WBGene00194925,15,40,55
WBGene00194926,14,120,134
WBGene00194927,0,1,1
WBGene00194928,15,119,134
WBGene00194929,0,2,2
WBGene00194930,0,1,1
WBGene00194931,0,1,1
WBGene00194933,0,1,1
WBGene00194934,6,106,112
WBGene00194935,0,0,0
WBGene00194940,1,9,10
WBGene00194951,0,0,0
WBGene00194952,0,2,2
WBGene00194955,22,156,178
WBGene00194956,0,31,31
WBGene00194957,4,0,4
WBGene00194981,5,6,11
WBGene00194982,25,145,170
WBGene00194983,0,3,3
WBGene00194985,0,0,0
WBGene00194986,0,0,0
WBGene00194998,48,149,197
WBGene00195003,1,1,2
WBGene00195004,7,5,12
WBGene00195006,3,4,7
WBGene00195009,1,0,1
WBGene00195010,0,1,1
WBGene00195011,26,64,90
WBGene00195012,16,9,25
WBGene00195045,7,10,17
WBGene00195046,4,7,11
WBGene00195048,2,5,7
WBGene00195049,25,22,47
WBGene00195050,15,51,66
WBGene00195051,10,67,77
WBGene00195056,65,530,595
WBGene00195057,1,2,3
WBGene00195058,2,2,4
WBGene00195061,3,1,4
WBGene00195063,64,889,953
WBGene00195067,9,44,53
WBGene00195068,36,3,39
WBGene00195069,4,12,16
WBGene00195070,20,13,33
WBGene00195071,2,6,8
WBGene00195072,1,4,5
WBGene00195073,263,685,948
WBGene00195077,0,1,1
WBGene00195081,5,28,33
WBGene00195084,47,270,317
WBGene00195086,5,226,231
WBGene00195093,49,653,702
WBGene00195142,0,298,298
WBGene00195143,146,306,452
WBGene00195144,4,3,7
WBGene00195145,13,23,36
WBGene00195146,197,282,479
WBGene00195147,16,17,33
WBGene00195148,9,10,19
WBGene00195149,0,3,3
WBGene00195150,0,1,1
WBGene00195154,4,4,8
WBGene00195155,0,5,5
WBGene00195157,9,9,18
WBGene00195158,1,0,1
WBGene00195160,0,0,0
WBGene00195164,0,4,4
WBGene00195165,1,0,1
WBGene00195166,9,347,356
WBGene00195168,0,1,1
WBGene00195169,18,37,55
WBGene00195171,1,0,1
WBGene00195174,6,8,14
WBGene00195176,0,8,8
WBGene00195177,0,0,0
WBGene00195178,3,4,7
WBGene00195179,11,5,16
WBGene00195180,8,35,43
WBGene00195181,0,0,0
WBGene00195182,7,5,12
WBGene00195183,6,20,26
WBGene00195184,1,9,10
WBGene00195185,261,656,917
WBGene00195188,0,1,1
WBGene00195189,5,18,23
WBGene00195208,3,19,22
WBGene00195209,0,107,107
WBGene00195210,7,37,44
WBGene00195211,1,0,1
WBGene00195212,18,39,57
WBGene00195213,3,21,24
WBGene00195214,2,14,16
WBGene00195215,0,2,2
WBGene00195226,5,8,13
WBGene00195227,0,0,0
WBGene00195228,0,0,0
WBGene00195229,0,0,0
WBGene00195230,0,0,0
WBGene00195231,0,0,0
WBGene00195232,2,9,11
WBGene00195239,63,445,508
WBGene00195240,0,0,0
WBGene00195241,3,6,9
WBGene00195242,0,1,1
WBGene00195243,1,4,5
WBGene00195244,1,3,4
WBGene00195246,5,36,41
WBGene00195248,18,37,55
WBGene00195249,13,7,20
WBGene00195250,0,2,2
WBGene00195256,0,0,0
WBGene00202495,0,0,0
WBGene00202496,3,12,15
WBGene00202497,5,1,6
WBGene00202498,7,21,28
WBGene00202499,1,1,2
WBGene00202500,5,1,6
WBGene00202501,0,4,4
WBGene00202502,0,2,2
WBGene00202504,0,0,0
WBGene00202511,0,7,7
WBGene00202512,22,74,96
WBGene00202513,5,68,73
WBGene00202514,2,7,9
WBGene00206354,1,16,17
WBGene00206355,0,15,15
WBGene00206356,32,542,574
WBGene00206357,3,3,6
WBGene00206358,0,0,0
WBGene00206359,2,5,7
WBGene00206360,0,0,0
WBGene00206361,8,149,157
WBGene00206362,14,182,196
WBGene00206363,0,1,1
WBGene00206364,3,9,12
WBGene00206365,0,6,6
WBGene00206366,2,12,14
WBGene00206368,0,0,0
WBGene00206370,1,9,10
WBGene00206371,4,110,114
WBGene00206372,2,1,3
WBGene00206373,14,180,194
WBGene00206374,60,134,194
WBGene00206377,2,31,33
WBGene00206378,11,4,15
WBGene00206379,0,4,4
WBGene00206380,60,877,937
WBGene00206381,2,14,16
WBGene00206382,38,240,278
WBGene00206383,0,0,0
WBGene00206384,20,19,39
WBGene00206385,0,0,0
WBGene00206386,0,4,4
WBGene00206388,0,0,0
WBGene00206389,0,3,3
WBGene00206390,1,2,3
WBGene00206392,7,13,20
WBGene00206393,1,5,6
WBGene00206395,0,0,0
WBGene00206412,2,8,10
WBGene00206413,1,1,2
WBGene00206414,2,18,20
WBGene00206415,4,14,18
WBGene00206416,5,25,30
WBGene00206417,33,547,580
WBGene00206418,3,18,21
WBGene00206421,0,0,0
WBGene00206422,0,78,78
WBGene00206460,0,5,5
WBGene00206461,9,42,51
WBGene00206462,0,12,12
WBGene00206464,0,981,981
WBGene00206466,3,45,48
WBGene00206468,0,0,0
WBGene00206469,16,28,44
WBGene00206471,4,6,10
WBGene00206473,2,21,23
WBGene00206474,11,43,54
WBGene00206475,2,4,6
WBGene00206477,0,0,0
WBGene00206478,0,2,2
WBGene00206479,5,204,209
WBGene00206481,0,0,0
WBGene00206482,1,13,14
WBGene00206483,0,2,2
WBGene00206484,18,58,76
WBGene00206485,0,1,1
WBGene00206486,18,13,31
WBGene00206487,18,372,390
WBGene00206488,61,47,108
WBGene00206490,1,0,1
WBGene00206492,0,1,1
WBGene00206493,3,1,4
WBGene00206495,2,2,4
WBGene00206496,1,0,1
WBGene00206497,5,7,12
WBGene00206498,0,0,0
WBGene00206499,0,0,0
WBGene00206500,0,8,8
WBGene00206501,0,0,0
WBGene00206502,1,1,2
WBGene00206503,0,0,0
WBGene00206504,0,0,0
WBGene00206505,4,45,49
WBGene00206506,1,0,1
WBGene00206507,0,1,1
WBGene00206508,1,0,1
WBGene00206510,0,0,0
WBGene00206511,2,1,3
WBGene00206512,1,11,12
WBGene00206513,0,3,3
WBGene00206514,3,2,5
WBGene00206515,1,6,7
WBGene00206516,220,1,221
WBGene00206517,4,56,60
WBGene00206518,0,0,0
WBGene00206519,0,3,3
WBGene00206520,1,1,2
WBGene00206521,1,19,20
WBGene00206522,55,1771,1826
WBGene00206523,0,0,0
WBGene00206524,1,12,13
WBGene00206525,53,361,414
WBGene00206527,5,13,18
WBGene00206528,2,45,47
WBGene00206529,40,121,161
WBGene00206530,14,15,29
WBGene00206532,393,283,676
WBGene00206533,64,65,129
WBGene00206534,0,0,0
WBGene00206535,8,0,8
WBGene00206537,2,3,5
WBGene00206538,11,126,137
WBGene00219205,0,6,6
WBGene00219206,3,116,119
WBGene00219207,0,840,840
WBGene00219208,35,443,478
WBGene00219209,11,44,55
WBGene00219210,3,31,34
WBGene00219212,0,0,0
WBGene00219214,1,0,1
WBGene00219216,7,5,12
WBGene00219217,0,0,0
WBGene00219218,2,9,11
WBGene00219234,1,0,1
WBGene00219235,3,28,31
WBGene00219236,21,335,356
WBGene00219238,0,0,0
WBGene00219239,0,0,0
WBGene00219241,0,3,3
WBGene00219243,35,37,72
WBGene00219244,0,2,2
WBGene00219271,0,2,2
WBGene00219272,15,3,18
WBGene00219274,18,37,55
WBGene00219275,258,1704,1962
WBGene00219278,1,1,2
WBGene00219280,5,44,49
WBGene00219281,23,11,34
WBGene00219282,0,6,6
WBGene00219283,144,41,185
WBGene00219284,1,14324,14325
WBGene00219285,6,10,16
WBGene00219286,1,14,15
WBGene00219287,68,608,676
WBGene00219288,28,71,99
WBGene00219289,1356,435,1791
WBGene00219290,0,0,0
WBGene00219291,0,0,0
WBGene00219293,0,8,8
WBGene00219294,2,27,29
WBGene00219295,47,46,93
WBGene00219296,1,4,5
WBGene00219297,6,1,7
WBGene00219298,1,9,10
WBGene00219299,3,5,8
WBGene00219300,3,27,30
WBGene00219301,0,0,0
WBGene00219302,0,69,69
WBGene00219308,0,0,0
WBGene00219309,1,31,32
WBGene00219310,0,2,2
WBGene00219313,27,980,1007
WBGene00219314,1,0,1
WBGene00219315,0,0,0
WBGene00219316,3,15,18
WBGene00219317,4,9,13
WBGene00219318,0,0,0
WBGene00219319,14,27,41
WBGene00219321,0,0,0
WBGene00219322,1,0,1
WBGene00219324,0,0,0
WBGene00219325,8,14,22
WBGene00219326,0,1,1
WBGene00219327,0,2,2
WBGene00219329,155,169,324
WBGene00219330,2,0,2
WBGene00219332,7,1,8
WBGene00219337,79,54,133
WBGene00219342,2,1,3
WBGene00219351,5,4,9
WBGene00219362,84,154,238
WBGene00219368,0,2,2
WBGene00219369,0,0,0
WBGene00219370,0,0,0
WBGene00219371,4,15,19
WBGene00219372,7,81,88
WBGene00219373,7,322,329
WBGene00219374,0,26,26
WBGene00219375,29,125,154
WBGene00219376,1,21,22
WBGene00219378,0,0,0
WBGene00219381,2,0,2
WBGene00219383,0,6,6
WBGene00219394,24,160,184
WBGene00219395,0,0,0
WBGene00219399,11,17,28
WBGene00219410,17,10,27
WBGene00219411,4,4,8
WBGene00219412,0,8,8
WBGene00219413,2,26,28
WBGene00219414,0,0,0
WBGene00219418,0,1,1
WBGene00219420,0,102,102
WBGene00219421,0,9,9
WBGene00219422,8,8,16
WBGene00219423,0,3,3
WBGene00219424,1,9,10
WBGene00219425,68,79,147
WBGene00219434,0,1,1
WBGene00219436,6,23,29
WBGene00219437,0,0,0
WBGene00219443,0,0,0
WBGene00219445,0,0,0
WBGene00219446,0,0,0
WBGene00219447,0,0,0
WBGene00219449,1,2,3
WBGene00219450,21,81,102
WBGene00219451,3,85,88
WBGene00219452,0,2,2
WBGene00219454,0,0,0
WBGene00219455,0,6,6
WBGene00219456,0,2,2
WBGene00219458,0,1,1
WBGene00219460,6,2,8
WBGene00219476,3,8,11
WBGene00219478,0,0,0
WBGene00219489,0,1,1
WBGene00219491,0,0,0
WBGene00219493,0,3,3
WBGene00219498,1,0,1
WBGene00219544,4,2,6
WBGene00219547,0,0,0
WBGene00219750,2,1,3
WBGene00219796,0,31,31
WBGene00220249,2,4,6
WBGene00220250,12,3,15
WBGene00220253,0,6,6
WBGene00220254,0,0,0
WBGene00220257,1,11,12
WBGene00220258,0,18,18
WBGene00220259,3,17,20
WBGene00220261,3,5,8
WBGene00235081,0,0,0
WBGene00235092,1,0,1
WBGene00235093,0,0,0
WBGene00235094,0,1,1
WBGene00235095,4,5,9
WBGene00235102,14,2278,2292
WBGene00235110,2,2,4
WBGene00235112,0,0,0
WBGene00235113,0,16,16
WBGene00235114,26,464,490
WBGene00235115,0,0,0
WBGene00235116,4,2,6
WBGene00235117,2,2,4
WBGene00235118,1,2,3
WBGene00235120,0,0,0
WBGene00235129,4,18,22
WBGene00235132,10,6,16
WBGene00235133,0,1,1
WBGene00235134,3,0,3
WBGene00235158,21,251,272
WBGene00235164,42,425,467
WBGene00235165,0,0,0
WBGene00235254,2,2,4
WBGene00235256,0,29,29
WBGene00235257,1,10,11
WBGene00235258,0,1,1
WBGene00235260,23,3,26
WBGene00235261,0,7,7
WBGene00235262,0,0,0
WBGene00235263,28,17,45
WBGene00235264,0,0,0
WBGene00235267,1,4,5
WBGene00235268,37,306,343
WBGene00235269,69,773,842
WBGene00235271,0,0,0
WBGene00235273,43,102,145
WBGene00235274,11,158,169
WBGene00235275,9,7,16
WBGene00235277,128,176,304
WBGene00235279,105,40,145
WBGene00235280,1,5,6
WBGene00235282,0,0,0
WBGene00235283,10,22,32
WBGene00235284,0,5,5
WBGene00235285,0,0,0
WBGene00235288,0,0,0
WBGene00235289,0,3,3
WBGene00235290,3,0,3
WBGene00235291,104,560,664
WBGene00235293,0,0,0
WBGene00235294,1,0,1
WBGene00235295,0,1,1
WBGene00235296,0,10,10
WBGene00235297,0,0,0
WBGene00235298,0,2,2
WBGene00235300,0,9,9
WBGene00235301,0,2,2
WBGene00235302,0,1,1
WBGene00235303,0,36,36
WBGene00235304,0,2,2
WBGene00235305,0,2,2
WBGene00235308,10,53,63
WBGene00235309,0,1,1
WBGene00235310,53,102,155
WBGene00235311,0,0,0
WBGene00235312,5,58,63
WBGene00235313,10,18,28
WBGene00235315,34,211,245
WBGene00235316,5,30,35
WBGene00235317,1,0,1
WBGene00235320,5,14,19
WBGene00235321,9,2,11
WBGene00235322,0,0,0
WBGene00235324,0,0,0
WBGene00235325,34,177,211
WBGene00235326,0,0,0
WBGene00235327,1,0,1
WBGene00235328,0,10,10
WBGene00235329,1,1,2
WBGene00235330,17,108,125
WBGene00235332,0,2,2
WBGene00235333,0,4,4
WBGene00235335,0,7,7
WBGene00235336,0,3,3
WBGene00235339,0,0,0
WBGene00235340,0,3,3
WBGene00235342,0,0,0
WBGene00235343,0,0,0
WBGene00235350,59,3,62
WBGene00235351,0,1,1
WBGene00235352,2,10,12
WBGene00235354,1,1,2
WBGene00235358,0,1,1
WBGene00235359,0,0,0
WBGene00235361,0,0,0
WBGene00235363,0,0,0
WBGene00235364,0,0,0
WBGene00235365,0,0,0
WBGene00235367,0,5,5
WBGene00235368,0,0,0
WBGene00235369,1,0,1
WBGene00235371,0,1,1
WBGene00235374,1,1,2
WBGene00235380,0,33,33
WBGene00235383,0,1,1
WBGene00235388,3,2,5
WBGene00235390,0,0,0
WBGene00235391,0,2,2
WBGene00236786,1,20,21
WBGene00236789,4,24,28
WBGene00236806,64,0,64
WBGene00236808,2,3,5
WBGene00236809,2,4,6
WBGene00249815,1450,1655,3105
WBGene00249817,18,224,242
WBGene00255375,0,1,1
WBGene00255420,13,0,13
WBGene00255457,71,40,111
WBGene00255469,5,6,11
WBGene00255522,0,0,0
WBGene00255545,0,0,0
WBGene00255546,0,0,0
WBGene00255550,0,1,1
WBGene00255553,1,0,1
WBGene00255594,3,35,38
WBGene00255595,0,145,145
WBGene00255597,1,4,5
WBGene00255598,24,30,54
WBGene00255600,2,16,18
WBGene00255605,0,5,5
WBGene00255607,0,6,6
WBGene00255611,0,0,0
WBGene00255702,9,47,56
WBGene00255704,0,122,122
WBGene00255714,3,73,76
WBGene00255729,7,11,18
WBGene00255731,5,20,25
WBGene00255732,0,0,0
WBGene00255733,5,10,15
WBGene00268194,3,0,3
WBGene00268196,44,59,103
WBGene00268197,0,1,1
WBGene00268198,0,0,0
WBGene00268199,0,0,0
WBGene00268206,0,1,1
WBGene00268213,3,6,9
WBGene00268215,1,2,3
WBGene00268216,2,0,2
WBGene00269332,0,0,0
WBGene00269352,0,0,0
WBGene00269355,5,31,36
WBGene00269373,3,33,36
WBGene00269374,0,1,1
WBGene00269375,1,13,14
WBGene00269378,44,188,232
WBGene00269379,4,3,7
WBGene00269381,1,1,2
WBGene00269382,10,98,108
WBGene00269385,0,0,0
WBGene00269387,8,133,141
WBGene00269388,0,0,0
WBGene00269389,0,1,1
WBGene00269391,74,153,227
WBGene00269392,0,0,0
WBGene00269394,1,1,2
WBGene00269421,441,1321,1762
WBGene00269422,0,11,11
WBGene00269424,0,1,1
WBGene00269425,2,2,4
WBGene00269429,0,85,85
WBGene00269431,0,6,6
WBGene00269432,18,161,179
WBGene00269433,4,169,173
WBGene00269434,1,14,15
WBGene00269435,0,0,0
WBGene00269437,0,0,0
WBGene00269438,4,14,18
WBGene00270290,0,4,4
WBGene00270293,0,1,1
WBGene00270303,1,5,6
WBGene00270309,28,41,69
WBGene00270318,10,13,23
WBGene00270319,45,550,595
WBGene00270320,0,2,2
WBGene00270321,7,31,38
WBGene00270322,14,377,391
WBGene00271414,29,389,418
WBGene00271415,2,4,6
WBGene00271437,3,4,7
WBGene00271444,1,14,15
WBGene00271567,2,8,10
WBGene00271577,0,0,0
WBGene00271605,10,21,31
WBGene00271606,11,102,113
WBGene00271657,1,15,16
WBGene00271694,11,177,188
WBGene00271701,4,14,18
WBGene00271703,4,5,9
WBGene00271706,12,189,201
WBGene00271707,1,10,11
WBGene00271715,3,1,4
