gene_id,total_unsp,total_sp,total
WBGene00000001.,13,477,490
WBGene00000002.,25,309,334
WBGene00000003.,3,302,305
WBGene00000004.,106,905,1011
WBGene00000005.,1,1,2
WBGene00000006.,245,1733,1978
WBGene00000007.,4,20,24
WBGene00000008.,12,5,17
WBGene00000009.,8,18,26
WBGene00000010.,27,188,215
WBGene00000012.,7,17,24
WBGene00000013.,0,79,79
WBGene00000014.,0,1,1
WBGene00000015.,2,61,63
WBGene00000016.,39,1282,1321
WBGene00000017.,4,1083,1087
WBGene00000018.,195,714,909
WBGene00000019.,4,2,6
WBGene00000020.,114,333,447
WBGene00000021.,1,0,1
WBGene00000022.,6,92,98
WBGene00000023.,5,17,22
WBGene00000024.,0,0,0
WBGene00000025.,0,6,6
WBGene00000026.,0,0,0
WBGene00000027.,0,0,0
WBGene00000028.,0,0,0
WBGene00000029.,0,0,0
WBGene00000030.,0,0,0
WBGene00000031.,0,16,16
WBGene00000032.,0,0,0
WBGene00000033.,0,3,3
WBGene00000034.,2,4,6
WBGene00000035.,165,627,792
WBGene00000036.,70,333,403
WBGene00000037.,36,832,868
WBGene00000038.,29,69,98
WBGene00000039.,17,799,816
WBGene00000040.,32,3190,3222
WBGene00000041.,469,12829,13298
WBGene00000042.,24,97,121
WBGene00000043.,25,52,77
WBGene00000044.,20,57,77
WBGene00000045.,15,12,27
WBGene00000046.,39,57,96
WBGene00000047.,106,676,782
WBGene00000048.,6,39,45
WBGene00000049.,5,9,14
WBGene00000050.,4,32,36
WBGene00000051.,25,139,164
WBGene00000053.,17,26,43
WBGene00000054.,41,264,305
WBGene00000055.,7,179,186
WBGene00000056.,21,83,104
WBGene00000057.,56,60,116
WBGene00000058.,72,155,227
WBGene00000059.,17,62,79
WBGene00000060.,51,117,168
WBGene00000061.,24,62,86
WBGene00000062.,32,50,82
WBGene00000063.,6,97066,97072
WBGene00000064.,322,10374,10696
WBGene00000065.,436,94516,94952
WBGene00000066.,1248,121227,122475
WBGene00000067.,50,1194,1244
WBGene00000068.,1213,1009,2222
WBGene00000069.,25,88,113
WBGene00000070.,187,1147,1334
WBGene00000071.,27,120,147
WBGene00000072.,71,429,500
WBGene00000073.,58,319,377
WBGene00000074.,95,362,457
WBGene00000075.,19,90,109
WBGene00000079.,156,900,1056
WBGene00000080.,30,620,650
WBGene00000081.,30,261,291
WBGene00000082.,31,30,61
WBGene00000083.,247,2138,2385
WBGene00000084.,21,25,46
WBGene00000085.,47,205,252
WBGene00000086.,86,402,488
WBGene00000088.,45,133,178
WBGene00000089.,67,1035,1102
WBGene00000090.,59,541,600
WBGene00000092.,173,1351,1524
WBGene00000093.,52,496,548
WBGene00000094.,56,460,516
WBGene00000095.,121,1137,1258
WBGene00000096.,100,284,384
WBGene00000097.,81,819,900
WBGene00000098.,30,761,791
WBGene00000099.,79,617,696
WBGene00000100.,293,2530,2823
WBGene00000101.,98,1107,1205
WBGene00000102.,266,3044,3310
WBGene00000103.,75,867,942
WBGene00000105.,29,2026,2055
WBGene00000106.,50,903,953
WBGene00000107.,608,4664,5272
WBGene00000108.,4,2,6
WBGene00000109.,20,504,524
WBGene00000110.,70,1335,1405
WBGene00000111.,79,309,388
WBGene00000112.,227,2808,3035
WBGene00000113.,35,380,415
WBGene00000114.,308,35658,35966
WBGene00000115.,29,1057,1086
WBGene00000116.,97,409,506
WBGene00000117.,178,333,511
WBGene00000118.,21,6238,6259
WBGene00000120.,3,1610,1613
WBGene00000121.,44,1508,1552
WBGene00000122.,59,5028,5087
WBGene00000123.,149,3055,3204
WBGene00000133.,3,9,12
WBGene00000134.,54,112,166
WBGene00000135.,17,125,142
WBGene00000136.,5,63,68
WBGene00000137.,53,244,297
WBGene00000138.,25,284,309
WBGene00000139.,38,45,83
WBGene00000140.,684,27484,28168
WBGene00000142.,39,689,728
WBGene00000143.,120,488,608
WBGene00000144.,46,298,344
WBGene00000145.,8,293,301
WBGene00000146.,229,1815,2044
WBGene00000147.,4,333,337
WBGene00000148.,102,811,913
WBGene00000149.,262,5850,6112
WBGene00000150.,82,622,704
WBGene00000151.,18,500,518
WBGene00000155.,14,584,598
WBGene00000156.,46,550,596
WBGene00000157.,57,1224,1281
WBGene00000158.,285,1303,1588
WBGene00000159.,39,1621,1660
WBGene00000160.,401,1705,2106
WBGene00000161.,30,1406,1436
WBGene00000162.,296,1139,1435
WBGene00000163.,63,1260,1323
WBGene00000164.,99,557,656
WBGene00000165.,28,679,707
WBGene00000166.,15,182,197
WBGene00000168.,239,159,398
WBGene00000169.,13,346,359
WBGene00000170.,446,11429,11875
WBGene00000171.,4,0,4
WBGene00000172.,58,83,141
WBGene00000173.,6,48,54
WBGene00000174.,9,21,30
WBGene00000175.,2580,23216,25796
WBGene00000176.,5,689,694
WBGene00000177.,295,1135,1430
WBGene00000178.,155,1188,1343
WBGene00000179.,282,1206,1488
WBGene00000180.,48,585,633
WBGene00000181.,790,3596,4386
WBGene00000182.,151,8463,8614
WBGene00000183.,196,8410,8606
WBGene00000184.,136,553,689
WBGene00000185.,0,1,1
WBGene00000186.,374,2935,3309
WBGene00000187.,4,847,851
WBGene00000188.,0,103,103
WBGene00000189.,10,355,365
WBGene00000190.,10,34,44
WBGene00000191.,8,39,47
WBGene00000192.,10,1309,1319
WBGene00000193.,11,65,76
WBGene00000195.,57,611,668
WBGene00000196.,135,1017,1152
WBGene00000197.,44,2751,2795
WBGene00000198.,168,1397,1565
WBGene00000199.,147,2063,2210
WBGene00000200.,106,1448,1554
WBGene00000201.,462,2271,2733
WBGene00000202.,5,500,505
WBGene00000203.,15,1405,1420
WBGene00000204.,70,1514,1584
WBGene00000205.,16,1205,1221
WBGene00000206.,151,1508,1659
WBGene00000207.,1134,25764,26898
WBGene00000208.,259,466,725
WBGene00000209.,1320,9444,10764
WBGene00000210.,4548,28337,32885
WBGene00000211.,120,366,486
WBGene00000212.,21,72,93
WBGene00000213.,9,37,46
WBGene00000214.,0,4368,4368
WBGene00000215.,28,297,325
WBGene00000216.,7,1245,1252
WBGene00000217.,1901,13386,15287
WBGene00000218.,20,858,878
WBGene00000219.,1,1162,1163
WBGene00000220.,51,386,437
WBGene00000221.,0,1403,1403
WBGene00000222.,85,755,840
WBGene00000223.,439,3423,3862
WBGene00000224.,265,2546,2811
WBGene00000225.,152,1597,1749
WBGene00000226.,134,1028,1162
WBGene00000227.,174,823,997
WBGene00000228.,587,11369,11956
WBGene00000229.,2597,63094,65691
WBGene00000230.,198,24244,24442
WBGene00000231.,173,1598,1771
WBGene00000232.,169,842,1011
WBGene00000233.,83,324,407
WBGene00000235.,13,4777,4790
WBGene00000236.,185,995,1180
WBGene00000237.,56,347,403
WBGene00000238.,53,463,516
WBGene00000239.,80,300,380
WBGene00000240.,521,1956,2477
WBGene00000241.,15,60,75
WBGene00000242.,25,143,168
WBGene00000244.,26,158,184
WBGene00000245.,289,4566,4855
WBGene00000246.,39,72,111
WBGene00000247.,59,897,956
WBGene00000248.,163,1563,1726
WBGene00000249.,22,1191,1213
WBGene00000250.,6,176,182
WBGene00000251.,1,4,5
WBGene00000252.,0,10,10
WBGene00000253.,40,292,332
WBGene00000254.,332,1393,1725
WBGene00000255.,5,3,8
WBGene00000256.,0,8,8
WBGene00000257.,56,822,878
WBGene00000259.,76,544,620
WBGene00000262.,8,321,329
WBGene00000263.,5528,32547,38075
WBGene00000264.,168,317,485
WBGene00000265.,88,297,385
WBGene00000266.,189,1656,1845
WBGene00000267.,42,110,152
WBGene00000268.,289,793,1082
WBGene00000269.,70,472,542
WBGene00000270.,14,245,259
WBGene00000271.,25,560,585
WBGene00000272.,29,234,263
WBGene00000273.,97,2266,2363
WBGene00000274.,151,679,830
WBGene00000275.,21,830,851
WBGene00000276.,198,3573,3771
WBGene00000277.,1084,7959,9043
WBGene00000279.,14,81,95
WBGene00000280.,41,265,306
WBGene00000281.,54,2081,2135
WBGene00000282.,250,2201,2451
WBGene00000283.,147,2039,2186
WBGene00000284.,13,620,633
WBGene00000285.,267,3258,3525
WBGene00000286.,882,6615,7497
WBGene00000287.,58,251,309
WBGene00000288.,171,1165,1336
WBGene00000289.,217,1340,1557
WBGene00000292.,342,3644,3986
WBGene00000293.,264,4857,5121
WBGene00000294.,164,3360,3524
WBGene00000295.,27,330,357
WBGene00000296.,16,99,115
WBGene00000298.,12,674,686
WBGene00000301.,5,3182,3187
WBGene00000302.,8,52,60
WBGene00000308.,2,1,3
WBGene00000310.,0,0,0
WBGene00000311.,0,0,0
WBGene00000366.,173,2762,2935
WBGene00000367.,332,1097,1429
WBGene00000368.,231,1785,2016
WBGene00000369.,4,1186,1190
WBGene00000370.,3032,8268,11300
WBGene00000371.,3617,33642,37259
WBGene00000372.,0,28,28
WBGene00000373.,60,322,382
WBGene00000374.,117,611,728
WBGene00000375.,24,152,176
WBGene00000376.,265,969,1234
WBGene00000377.,106,10785,10891
WBGene00000378.,21,8360,8381
WBGene00000379.,1001,10648,11649
WBGene00000380.,736,17742,18478
WBGene00000381.,104,7891,7995
WBGene00000382.,28,457,485
WBGene00000383.,111,1802,1913
WBGene00000386.,6,208,214
WBGene00000387.,381,320,701
WBGene00000388.,2,10,12
WBGene00000389.,1,1,2
WBGene00000390.,135,3566,3701
WBGene00000391.,100,415,515
WBGene00000392.,0,33,33
WBGene00000393.,57,394,451
WBGene00000395.,40,260,300
WBGene00000396.,62,1526,1588
WBGene00000397.,0,8,8
WBGene00000399.,35,497,532
WBGene00000401.,14,42,56
WBGene00000402.,165,344,509
WBGene00000403.,388,4632,5020
WBGene00000405.,79,2120,2199
WBGene00000406.,25,290,315
WBGene00000407.,144,519,663
WBGene00000408.,249,833,1082
WBGene00000409.,85,628,713
WBGene00000410.,162,807,969
WBGene00000411.,32,1506,1538
WBGene00000412.,30,193,223
WBGene00000413.,47,337,384
WBGene00000414.,197,3378,3575
WBGene00000415.,850,1221,2071
WBGene00000416.,24,648,672
WBGene00000417.,44,55,99
WBGene00000418.,12,260,272
WBGene00000419.,198,892,1090
WBGene00000420.,53,547,600
WBGene00000421.,161,1031,1192
WBGene00000422.,8,29,37
WBGene00000423.,42,438,480
WBGene00000424.,74,965,1039
WBGene00000425.,6,108,114
WBGene00000426.,155,631,786
WBGene00000427.,3,7,10
WBGene00000428.,1,22,23
WBGene00000429.,56,213,269
WBGene00000430.,12,110,122
WBGene00000431.,23,320,343
WBGene00000432.,3,3,6
WBGene00000433.,42,182,224
WBGene00000434.,12,105,117
WBGene00000435.,6,28,34
WBGene00000436.,3,13,16
WBGene00000437.,93,1552,1645
WBGene00000438.,7,33,40
WBGene00000439.,44,289,333
WBGene00000440.,2,89,91
WBGene00000441.,305,1027,1332
WBGene00000442.,17,158,175
WBGene00000443.,140,2670,2810
WBGene00000444.,10,107,117
WBGene00000445.,13,104,117
WBGene00000446.,7,165,172
WBGene00000447.,42,179,221
WBGene00000448.,64,768,832
WBGene00000449.,68,381,449
WBGene00000450.,5,26,31
WBGene00000451.,3,47,50
WBGene00000452.,1,265,266
WBGene00000453.,37,538,575
WBGene00000454.,19,202,221
WBGene00000455.,61,618,679
WBGene00000457.,3,38,41
WBGene00000458.,70,511,581
WBGene00000459.,63,869,932
WBGene00000460.,7,126,133
WBGene00000461.,6,30,36
WBGene00000462.,6,242,248
WBGene00000463.,26,378,404
WBGene00000464.,0,25,25
WBGene00000465.,4,101,105
WBGene00000466.,209,1151,1360
WBGene00000467.,35,282,317
WBGene00000468.,2,5,7
WBGene00000469.,10,38,48
WBGene00000472.,72,23981,24053
WBGene00000473.,3,516,519
WBGene00000474.,3,666,669
WBGene00000475.,91,17479,17570
WBGene00000476.,96,596,692
WBGene00000477.,7,23,30
WBGene00000478.,39,255,294
WBGene00000479.,24,1965,1989
WBGene00000480.,84,696,780
WBGene00000481.,41,344,385
WBGene00000482.,155,2608,2763
WBGene00000483.,9,6,15
WBGene00000484.,31,54,85
WBGene00000485.,62,319,381
WBGene00000487.,67,6,73
WBGene00000488.,74,139,213
WBGene00000490.,22,150,172
WBGene00000491.,93,307,400
WBGene00000492.,270,283,553
WBGene00000493.,18,140,158
WBGene00000496.,46,65,111
WBGene00000497.,23,39,62
WBGene00000498.,6,402,408
WBGene00000499.,30,47,77
WBGene00000500.,37,671,708
WBGene00000501.,71,600,671
WBGene00000502.,75,1414,1489
WBGene00000503.,1,3,4
WBGene00000506.,148,543,691
WBGene00000507.,66,511,577
WBGene00000508.,31,817,848
WBGene00000509.,191,1084,1275
WBGene00000510.,165,1234,1399
WBGene00000511.,70,271,341
WBGene00000512.,49,282,331
WBGene00000513.,4,123,127
WBGene00000514.,67,358,425
WBGene00000515.,9,182,191
WBGene00000516.,4,1675,1679
WBGene00000517.,47,271,318
WBGene00000518.,942,753,1695
WBGene00000519.,380,408,788
WBGene00000520.,72,363,435
WBGene00000521.,2,8,10
WBGene00000522.,55,139,194
WBGene00000523.,34,314,348
WBGene00000524.,24,248,272
WBGene00000525.,9,7,16
WBGene00000526.,13,323,336
WBGene00000527.,171,654,825
WBGene00000528.,146,603,749
WBGene00000529.,157,299,456
WBGene00000530.,13,76,89
WBGene00000531.,8,13,21
WBGene00000532.,35,830,865
WBGene00000533.,14,194,208
WBGene00000534.,34,5812,5846
WBGene00000535.,205,2566,2771
WBGene00000536.,54,389,443
WBGene00000537.,20,272,292
WBGene00000539.,9,29,38
WBGene00000540.,61,216,277
WBGene00000541.,63,55,118
WBGene00000542.,412,3513,3925
WBGene00000543.,94,441,535
WBGene00000544.,38,6,44
WBGene00000545.,509,1097,1606
WBGene00000546.,2,10,12
WBGene00000547.,192,682,874
WBGene00000548.,99,1705,1804
WBGene00000549.,22,1577,1599
WBGene00000550.,109,8833,8942
WBGene00000551.,0,0,0
WBGene00000552.,1391,19805,21196
WBGene00000553.,528,785,1313
WBGene00000554.,527,4001,4528
WBGene00000555.,0,0,0
WBGene00000556.,38,206,244
WBGene00000557.,167,2097,2264
WBGene00000558.,156,2174,2330
WBGene00000559.,0,0,0
WBGene00000560.,0,0,0
WBGene00000561.,0,88,88
WBGene00000562.,50,109,159
WBGene00000563.,17,8,25
WBGene00000564.,115,586,701
WBGene00000565.,268,238,506
WBGene00000566.,298,737,1035
WBGene00000567.,158,2728,2886
WBGene00000583.,158,942,1100
WBGene00000584.,7,158,165
WBGene00000585.,118,1092,1210
WBGene00000591.,116,622,738
WBGene00000592.,18,183,201
WBGene00000593.,0,25,25
WBGene00000594.,1,5092,5093
WBGene00000596.,0,1,1
WBGene00000597.,3,11,14
WBGene00000598.,1,9,10
WBGene00000599.,36,3362,3398
WBGene00000601.,0,62,62
WBGene00000602.,0,43,43
WBGene00000603.,0,54,54
WBGene00000606.,53,218,271
WBGene00000608.,0,2,2
WBGene00000609.,0,1,1
WBGene00000610.,7,9,16
WBGene00000611.,60,384,444
WBGene00000612.,0,5,5
WBGene00000613.,0,11,11
WBGene00000614.,0,3,3
WBGene00000615.,1,9,10
WBGene00000616.,1,518,519
WBGene00000617.,0,1,1
WBGene00000618.,0,40,40
WBGene00000620.,1,1,2
WBGene00000621.,0,10,10
WBGene00000622.,3,23,26
WBGene00000623.,12,88,100
WBGene00000624.,22,26,48
WBGene00000625.,19,55,74
WBGene00000626.,0,0,0
WBGene00000627.,0,6,6
WBGene00000628.,0,5,5
WBGene00000629.,31,2,33
WBGene00000630.,13,50,63
WBGene00000631.,0,9,9
WBGene00000632.,1,123,124
WBGene00000633.,4,25,29
WBGene00000634.,1,7,8
WBGene00000636.,1,8,9
WBGene00000637.,1,38,39
WBGene00000638.,0,0,0
WBGene00000639.,0,130,130
WBGene00000640.,5,27,32
WBGene00000641.,8,594,602
WBGene00000642.,4,7,11
WBGene00000644.,0,10,10
WBGene00000645.,39,227,266
WBGene00000646.,0,2,2
WBGene00000647.,0,51,51
WBGene00000648.,42,3,45
WBGene00000649.,1,15,16
WBGene00000650.,0,9,9
WBGene00000651.,2,8,10
WBGene00000652.,7,51,58
WBGene00000653.,0,58,58
WBGene00000654.,2,9,11
WBGene00000655.,0,55,55
WBGene00000656.,7,1192,1199
WBGene00000657.,11,12,23
WBGene00000658.,8,5,13
WBGene00000659.,0,1,1
WBGene00000660.,3,2,5
WBGene00000661.,2,6,8
WBGene00000662.,9,19,28
WBGene00000663.,0,11,11
WBGene00000664.,1,84,85
WBGene00000665.,23,165,188
WBGene00000666.,0,140,140
WBGene00000667.,0,77,77
WBGene00000668.,1,506,507
WBGene00000669.,10,2397,2407
WBGene00000670.,1,32,33
WBGene00000671.,0,3,3
WBGene00000672.,1,59,60
WBGene00000673.,15,11703,11718
WBGene00000674.,46,367,413
WBGene00000675.,1,47,48
WBGene00000676.,0,7,7
WBGene00000677.,37,11267,11304
WBGene00000678.,0,7,7
WBGene00000679.,0,7,7
WBGene00000680.,0,1,1
WBGene00000681.,10,7224,7234
WBGene00000682.,1,22,23
WBGene00000683.,9,64,73
WBGene00000684.,7,27,34
WBGene00000685.,4,55,59
WBGene00000687.,14,82,96
WBGene00000688.,1,33,34
WBGene00000689.,23,32,55
WBGene00000690.,0,5,5
WBGene00000691.,1,4555,4556
WBGene00000692.,136,945,1081
WBGene00000693.,0,0,0
WBGene00000694.,1,8,9
WBGene00000695.,1,1,2
WBGene00000696.,0,0,0
WBGene00000697.,0,9,9
WBGene00000698.,0,11,11
WBGene00000699.,0,256,256
WBGene00000700.,0,1,1
WBGene00000701.,0,2,2
WBGene00000702.,19,93,112
WBGene00000703.,2,168,170
WBGene00000704.,0,135,135
WBGene00000705.,0,0,0
WBGene00000706.,0,14,14
WBGene00000707.,0,2,2
WBGene00000708.,0,9,9
WBGene00000709.,1,0,1
WBGene00000710.,0,2,2
WBGene00000711.,0,1,1
WBGene00000712.,0,4,4
WBGene00000713.,2,24,26
WBGene00000714.,4,26,30
WBGene00000715.,1,31,32
WBGene00000716.,0,1,1
WBGene00000717.,13,1567,1580
WBGene00000718.,0,19,19
WBGene00000719.,0,17,17
WBGene00000720.,3,8721,8724
WBGene00000721.,0,8,8
WBGene00000722.,32,2892,2924
WBGene00000723.,0,16,16
WBGene00000724.,3,26,29
WBGene00000725.,0,4,4
WBGene00000726.,37,107,144
WBGene00000727.,0,800,800
WBGene00000728.,0,606,606
WBGene00000729.,1,2,3
WBGene00000730.,0,12,12
WBGene00000731.,3,98,101
WBGene00000732.,5,23,28
WBGene00000733.,8,23,31
WBGene00000734.,0,10,10
WBGene00000735.,3,6,9
WBGene00000736.,1,3,4
WBGene00000737.,1,32,33
WBGene00000738.,1,4,5
WBGene00000739.,0,14465,14465
WBGene00000740.,0,4155,4155
WBGene00000741.,0,3138,3138
WBGene00000742.,0,613,613
WBGene00000743.,0,187,187
WBGene00000744.,0,0,0
WBGene00000745.,2,45,47
WBGene00000746.,2,1,3
WBGene00000747.,1,18,19
WBGene00000748.,1,80,81
WBGene00000749.,0,208,208
WBGene00000750.,8,45,53
WBGene00000751.,0,17,17
WBGene00000752.,0,0,0
WBGene00000753.,0,32,32
WBGene00000754.,0,16,16
WBGene00000755.,0,10,10
WBGene00000756.,0,1,1
WBGene00000757.,1,18,19
WBGene00000758.,0,0,0
WBGene00000759.,7,49,56
WBGene00000760.,4,11,15
WBGene00000761.,79,1101,1180
WBGene00000762.,137,559,696
WBGene00000763.,160,1109,1269
WBGene00000764.,30,241,271
WBGene00000765.,5,1783,1788
WBGene00000766.,44,1100,1144
WBGene00000767.,221,2453,2674
WBGene00000768.,367,2979,3346
WBGene00000770.,6,31,37
WBGene00000771.,0,4,4
WBGene00000772.,0,147,147
WBGene00000773.,113,1002,1115
WBGene00000774.,41,1066,1107
WBGene00000775.,165,307,472
WBGene00000776.,248,8940,9188
WBGene00000777.,29,1990,2019
WBGene00000778.,12,188,200
WBGene00000779.,6342,59082,65424
WBGene00000780.,122,785,907
WBGene00000781.,7,946,953
WBGene00000782.,0,1,1
WBGene00000783.,15,90,105
WBGene00000784.,4,1025,1029
WBGene00000785.,12,776,788
WBGene00000786.,26,247,273
WBGene00000787.,25,1223,1248
WBGene00000788.,64,3099,3163
WBGene00000789.,27,513,540
WBGene00000792.,44,114,158
WBGene00000793.,2393,1278,3671
WBGene00000794.,51,1056,1107
WBGene00000795.,21,466,487
WBGene00000796.,263,1543,1806
WBGene00000797.,3,38,41
WBGene00000798.,11,943,954
WBGene00000799.,9,30,39
WBGene00000800.,145,2258,2403
WBGene00000801.,72,507,579
WBGene00000802.,1065,52762,53827
WBGene00000803.,10,97,107
WBGene00000804.,8,691,699
WBGene00000812.,201,606,807
WBGene00000813.,113,935,1048
WBGene00000814.,139,1534,1673
WBGene00000815.,228,962,1190
WBGene00000816.,147,764,911
WBGene00000817.,28,675,703
WBGene00000818.,41,666,707
WBGene00000819.,9,7,16
WBGene00000820.,62,229,291
WBGene00000821.,2,3,5
WBGene00000822.,2511,22010,24521
WBGene00000829.,0,36883,36883
WBGene00000830.,0,0,0
WBGene00000831.,1,236,237
WBGene00000832.,408,1958,2366
WBGene00000833.,126,28164,28290
WBGene00000834.,497,1045,1542
WBGene00000835.,158,1727,1885
WBGene00000836.,73,871,944
WBGene00000837.,142,945,1087
WBGene00000838.,75,513,588
WBGene00000839.,54,1042,1096
WBGene00000840.,139,1140,1279
WBGene00000841.,16,36,52
WBGene00000843.,18,2171,2189
WBGene00000845.,414,2879,3293
WBGene00000846.,86,386,472
WBGene00000851.,0,2,2
WBGene00000853.,3,2,5
WBGene00000854.,250,1197,1447
WBGene00000857.,18,611,629
WBGene00000858.,116,1261,1377
WBGene00000859.,3,11,14
WBGene00000860.,17,69,86
WBGene00000861.,2,5,7
WBGene00000862.,88,137,225
WBGene00000863.,25,731,756
WBGene00000864.,0,2,2
WBGene00000865.,10,357,367
WBGene00000866.,0,33,33
WBGene00000867.,0,15,15
WBGene00000868.,23,1465,1488
WBGene00000869.,234,9337,9571
WBGene00000870.,41,928,969
WBGene00000871.,35,307,342
WBGene00000872.,48,704,752
WBGene00000874.,79,1105,1184
WBGene00000875.,21,783,804
WBGene00000876.,234,1747,1981
WBGene00000877.,36,9894,9930
WBGene00000878.,9,42,51
WBGene00000879.,1523,23286,24809
WBGene00000880.,70,899,969
WBGene00000881.,7,11905,11912
WBGene00000882.,3,1820,1823
WBGene00000883.,4858,69777,74635
WBGene00000884.,52,1345,1397
WBGene00000885.,353,376,729
WBGene00000886.,66,726,792
WBGene00000887.,219,1194,1413
WBGene00000888.,66,1045,1111
WBGene00000889.,87,1048,1135
WBGene00000890.,64,433,497
WBGene00000891.,194,1120,1314
WBGene00000892.,105,543,648
WBGene00000893.,5,3,8
WBGene00000894.,200,1282,1482
WBGene00000895.,42,43,85
WBGene00000896.,360,5710,6070
WBGene00000897.,92,592,684
WBGene00000898.,1211,1331,2542
WBGene00000899.,129,1047,1176
WBGene00000900.,341,1327,1668
WBGene00000901.,775,2951,3726
WBGene00000902.,6,42,48
WBGene00000903.,15,1090,1105
WBGene00000904.,18,109,127
WBGene00000905.,16,230,246
WBGene00000906.,80,132,212
WBGene00000907.,31,146,177
WBGene00000908.,553,1036,1589
WBGene00000910.,385,1857,2242
WBGene00000911.,247,1779,2026
WBGene00000912.,558,1801,2359
WBGene00000913.,47,578,625
WBGene00000914.,276,776,1052
WBGene00000915.,755,48393,49148
WBGene00000917.,166,1176,1342
WBGene00000920.,17,1013,1030
WBGene00000923.,39,2419,2458
WBGene00000928.,35,1496,1531
WBGene00000929.,157,1099,1256
WBGene00000930.,0,11,11
WBGene00000931.,281,8124,8405
WBGene00000932.,6,31,37
WBGene00000933.,374,2113,2487
WBGene00000934.,10,166,176
WBGene00000935.,4,318,322
WBGene00000936.,12,637,649
WBGene00000937.,15,373,388
WBGene00000938.,288,3663,3951
WBGene00000939.,200,1288,1488
WBGene00000940.,237,1297,1534
WBGene00000941.,1260,8220,9480
WBGene00000942.,308,8664,8972
WBGene00000950.,41,67,108
WBGene00000951.,1,29,30
WBGene00000952.,43,40,83
WBGene00000953.,25,98,123
WBGene00000955.,7,56,63
WBGene00000958.,130,659,789
WBGene00000959.,213,1183,1396
WBGene00000960.,21,47,68
WBGene00000961.,22,787,809
WBGene00000962.,261,6037,6298
WBGene00000963.,205,921,1126
WBGene00000964.,137,3541,3678
WBGene00000965.,60,769,829
WBGene00000966.,35,143,178
WBGene00000967.,83,195,278
WBGene00000968.,49,216,265
WBGene00000969.,28,812,840
WBGene00000970.,57,1435,1492
WBGene00000971.,4,32,36
WBGene00000972.,51,463,514
WBGene00000973.,54,607,661
WBGene00000974.,8,101,109
WBGene00000975.,389,1623,2012
WBGene00000976.,111,877,988
WBGene00000977.,4,33,37
WBGene00000978.,41,2008,2049
WBGene00000979.,5,92,97
WBGene00000980.,191,617,808
WBGene00000981.,6,299,305
WBGene00000982.,417,3497,3914
WBGene00000983.,28,194,222
WBGene00000984.,91,789,880
WBGene00000985.,28,757,785
WBGene00000986.,0,33,33
WBGene00000987.,163,818,981
WBGene00000988.,731,9505,10236
WBGene00000989.,6,7,13
WBGene00000990.,140,740,880
WBGene00000991.,148,734,882
WBGene00000992.,259,1089,1348
WBGene00000993.,230,911,1141
WBGene00000994.,32,350,382
WBGene00000995.,17,457,474
WBGene00000996.,98,1792,1890
WBGene00000998.,1458,28309,29767
WBGene00001000.,1737,18944,20681
WBGene00001001.,233,1696,1929
WBGene00001002.,50,873,923
WBGene00001005.,65,18984,19049
WBGene00001006.,124,1555,1679
WBGene00001007.,363,3356,3719
WBGene00001008.,334,1620,1954
WBGene00001016.,16,217,233
WBGene00001017.,267,2500,2767
WBGene00001018.,352,2035,2387
WBGene00001019.,322,1512,1834
WBGene00001020.,71,890,961
WBGene00001021.,85,221,306
WBGene00001022.,31,211,242
WBGene00001023.,185,2690,2875
WBGene00001025.,118,1522,1640
WBGene00001026.,66,1311,1377
WBGene00001027.,171,1280,1451
WBGene00001028.,248,2420,2668
WBGene00001029.,528,3865,4393
WBGene00001030.,104,4775,4879
WBGene00001031.,20,2404,2424
WBGene00001032.,35,649,684
WBGene00001033.,95,458,553
WBGene00001034.,65,1051,1116
WBGene00001035.,107,1086,1193
WBGene00001036.,23,557,580
WBGene00001037.,61,5350,5411
WBGene00001038.,172,4465,4637
WBGene00001039.,274,878,1152
WBGene00001040.,38,633,671
WBGene00001041.,41,1342,1383
WBGene00001042.,558,1667,2225
WBGene00001043.,198,631,829
WBGene00001044.,6,93,99
WBGene00001045.,98,857,955
WBGene00001046.,7,119,126
WBGene00001047.,321,3404,3725
WBGene00001048.,152,770,922
WBGene00001049.,33,400,433
WBGene00001050.,7,100,107
WBGene00001051.,6,1983,1989
WBGene00001052.,162,528,690
WBGene00001053.,71,211,282
WBGene00001054.,117,535,652
WBGene00001055.,122,502,624
WBGene00001056.,205,1698,1903
WBGene00001057.,19,1034,1053
WBGene00001058.,102,818,920
WBGene00001059.,9,209,218
WBGene00001060.,21,663,684
WBGene00001061.,58,764,822
WBGene00001062.,1,1,2
WBGene00001063.,6,9,15
WBGene00001064.,39,1169,1208
WBGene00001065.,0,1483,1483
WBGene00001066.,33,312,345
WBGene00001067.,0,238,238
WBGene00001068.,140,3058,3198
WBGene00001069.,6,1153,1159
WBGene00001070.,115,532,647
WBGene00001071.,89,987,1076
WBGene00001072.,10,839,849
WBGene00001073.,183,3276,3459
WBGene00001074.,43,308,351
WBGene00001075.,36,72,108
WBGene00001076.,0,122,122
WBGene00001077.,130,2527,2657
WBGene00001078.,129,560,689
WBGene00001079.,25,188,213
WBGene00001080.,480,2079,2559
WBGene00001081.,157,2712,2869
WBGene00001082.,159,1652,1811
WBGene00001085.,98,1252,1350
WBGene00001086.,98,1567,1665
WBGene00001087.,977,633,1610
WBGene00001088.,556,6633,7189
WBGene00001089.,186,1166,1352
WBGene00001090.,43,468,511
WBGene00001091.,161,601,762
WBGene00001092.,5,52,57
WBGene00001093.,44,1779,1823
WBGene00001094.,49,4807,4856
WBGene00001095.,68,349,417
WBGene00001096.,6,36,42
WBGene00001099.,6,54,60
WBGene00001101.,480,2272,2752
WBGene00001102.,29,455,484
WBGene00001103.,0,2,2
WBGene00001104.,2,3,5
WBGene00001105.,4,9,13
WBGene00001106.,3,9,12
WBGene00001107.,11,114,125
WBGene00001108.,0,2,2
WBGene00001109.,0,27,27
WBGene00001110.,14,129,143
WBGene00001111.,41,11,52
WBGene00001112.,51,591,642
WBGene00001113.,1546,9063,10609
WBGene00001115.,308,884,1192
WBGene00001116.,254,1467,1721
WBGene00001117.,17,165,182
WBGene00001118.,45,89,134
WBGene00001119.,25,96,121
WBGene00001121.,39,65,104
WBGene00001122.,27,285,312
WBGene00001123.,4,57,61
WBGene00001127.,26,120,146
WBGene00001129.,21,51,72
WBGene00001130.,86,583,669
WBGene00001131.,1115,7323,8438
WBGene00001132.,362,3550,3912
WBGene00001133.,5,10,15
WBGene00001134.,187,2486,2673
WBGene00001135.,44,443,487
WBGene00001136.,26,98,124
WBGene00001137.,313,14207,14520
WBGene00001145.,1235,5229,6464
WBGene00001147.,0,5,5
WBGene00001148.,1500,227,1727
WBGene00001149.,152,11030,11182
WBGene00001150.,1,14,15
WBGene00001151.,77,929,1006
WBGene00001152.,3,284,287
WBGene00001153.,8,983,991
WBGene00001154.,36,1394,1430
WBGene00001155.,4292,24513,28805
WBGene00001156.,41,160,201
WBGene00001157.,47,134,181
WBGene00001158.,3,2,5
WBGene00001159.,17,314,331
WBGene00001160.,68,1763,1831
WBGene00001161.,122,503,625
WBGene00001162.,297,314,611
WBGene00001163.,143,1927,2070
WBGene00001164.,1,2,3
WBGene00001165.,30,158,188
WBGene00001166.,62,4025,4087
WBGene00001167.,7429,100303,107732
WBGene00001168.,9894,263428,273322
WBGene00001169.,122,72549,72671
WBGene00001170.,8,144,152
WBGene00001171.,80,106,186
WBGene00001172.,217,4296,4513
WBGene00001173.,1615,4283,5898
WBGene00001174.,9,146,155
WBGene00001175.,12,36,48
WBGene00001177.,1231,2411,3642
WBGene00001178.,274,1189,1463
WBGene00001179.,194,1368,1562
WBGene00001182.,77,681,758
WBGene00001184.,62,762,824
WBGene00001185.,11,178,189
WBGene00001186.,187,1163,1350
WBGene00001187.,188,2837,3025
WBGene00001188.,63,294,357
WBGene00001189.,639,6678,7317
WBGene00001190.,118,173,291
WBGene00001193.,2,191,193
WBGene00001194.,364,3582,3946
WBGene00001196.,439,11090,11529
WBGene00001202.,43,104,147
WBGene00001204.,23,109,132
WBGene00001207.,18,116,134
WBGene00001208.,286,1303,1589
WBGene00001209.,149,7217,7366
WBGene00001210.,13,959,972
WBGene00001211.,31,119,150
WBGene00001214.,33,329,362
WBGene00001215.,253,1228,1481
WBGene00001223.,1,2,3
WBGene00001224.,26,1210,1236
WBGene00001225.,30,5059,5089
WBGene00001226.,379,9952,10331
WBGene00001227.,1197,7075,8272
WBGene00001228.,46,2328,2374
WBGene00001229.,49,3030,3079
WBGene00001230.,55,4791,4846
WBGene00001231.,55,2741,2796
WBGene00001232.,199,2611,2810
WBGene00001233.,541,3826,4367
WBGene00001234.,17,4507,4524
WBGene00001235.,103,1759,1862
WBGene00001236.,48,1071,1119
WBGene00001237.,9,57,66
WBGene00001239.,271,5628,5899
WBGene00001240.,71,1553,1624
WBGene00001241.,264,3170,3434
WBGene00001242.,5,72,77
WBGene00001243.,38,392,430
WBGene00001244.,304,1914,2218
WBGene00001245.,0,2,2
WBGene00001246.,2,25,27
WBGene00001247.,35,134,169
WBGene00001248.,200,493,693
WBGene00001249.,27,807,834
WBGene00001250.,3,31,34
WBGene00001251.,62,923,985
WBGene00001252.,1,29,30
WBGene00001253.,53,555,608
WBGene00001258.,561,2714,3275
WBGene00001259.,90,3025,3115
WBGene00001262.,38,1091,1129
WBGene00001263.,1076,27023,28099
WBGene00001281.,73,634,707
WBGene00001284.,113,943,1056
WBGene00001303.,407,21825,22232
WBGene00001309.,150,2141,2291
WBGene00001310.,8,5,13
WBGene00001311.,1,1,2
WBGene00001320.,4,1262,1266
WBGene00001324.,55,564,619
WBGene00001325.,162,592,754
WBGene00001328.,251,10593,10844
WBGene00001329.,71,1875,1946
WBGene00001330.,296,1138,1434
WBGene00001331.,83,3758,3841
WBGene00001332.,94,347,441
WBGene00001333.,170,2098,2268
WBGene00001334.,264,1339,1603
WBGene00001335.,152,959,1111
WBGene00001336.,353,3568,3921
WBGene00001337.,1103,5628,6731
WBGene00001338.,47,981,1028
WBGene00001340.,324,2489,2813
WBGene00001345.,616,729,1345
WBGene00001352.,273,1739,2012
WBGene00001358.,47,231,278
WBGene00001362.,7,32,39
WBGene00001365.,163,1119,1282
WBGene00001366.,309,1231,1540
WBGene00001368.,115,971,1086
WBGene00001371.,39,497,536
WBGene00001372.,80,264,344
WBGene00001373.,84,49,133
WBGene00001374.,321,610,931
WBGene00001377.,90,245,335
WBGene00001385.,75727,471200,546927
WBGene00001386.,2142,28455,30597
WBGene00001387.,16,80,96
WBGene00001388.,0,3,3
WBGene00001389.,44,447,491
WBGene00001390.,28,436,464
WBGene00001391.,42,1153,1195
WBGene00001392.,217,8792,9009
WBGene00001393.,54,5677,5731
WBGene00001394.,56,4535,4591
WBGene00001395.,649,4350,4999
WBGene00001396.,88,2143,2231
WBGene00001397.,0,70,70
WBGene00001398.,107,1412,1519
WBGene00001399.,0,7,7
WBGene00001400.,7,128,135
WBGene00001401.,6,128,134
WBGene00001402.,3,152,155
WBGene00001403.,169,979,1148
WBGene00001404.,983,10911,11894
WBGene00001405.,17,1234,1251
WBGene00001406.,137,553,690
WBGene00001410.,99,291,390
WBGene00001411.,35,774,809
WBGene00001412.,19,542,561
WBGene00001413.,10,170,180
WBGene00001414.,3,8,11
WBGene00001423.,421,27561,27982
WBGene00001424.,1,2,3
WBGene00001425.,244,1338,1582
WBGene00001426.,275,5212,5487
WBGene00001427.,1569,47028,48597
WBGene00001428.,6,1090,1096
WBGene00001429.,31,453,484
WBGene00001430.,231,4359,4590
WBGene00001431.,94,3976,4070
WBGene00001432.,49,221,270
WBGene00001433.,82,574,656
WBGene00001434.,2,74,76
WBGene00001435.,0,1,1
WBGene00001436.,0,0,0
WBGene00001437.,0,24,24
WBGene00001438.,2,25,27
WBGene00001439.,976,1591,2567
WBGene00001440.,14,123,137
WBGene00001441.,116,1538,1654
WBGene00001442.,3,97,100
WBGene00001443.,395,1749,2144
WBGene00001444.,8819,39550,48369
WBGene00001445.,105,868,973
WBGene00001446.,4,95,99
WBGene00001447.,88,821,909
WBGene00001448.,505,5274,5779
WBGene00001449.,257,1417,1674
WBGene00001450.,16,621,637
WBGene00001451.,237,1631,1868
WBGene00001452.,107,5167,5274
WBGene00001453.,1,429,430
WBGene00001454.,2,487,489
WBGene00001455.,259,3331,3590
WBGene00001456.,3,496,499
WBGene00001457.,2376,9952,12328
WBGene00001458.,177,1618,1795
WBGene00001459.,56,2543,2599
WBGene00001460.,25,553,578
WBGene00001461.,881,3093,3974
WBGene00001462.,97,4941,5038
WBGene00001463.,29,740,769
WBGene00001464.,240,2730,2970
WBGene00001465.,3,17,20
WBGene00001466.,8,264,272
WBGene00001468.,4,17,21
WBGene00001470.,83,1250,1333
WBGene00001475.,90,899,989
WBGene00001476.,22,65,87
WBGene00001477.,18,191,209
WBGene00001478.,19,120,139
WBGene00001479.,21,275,296
WBGene00001480.,812,3870,4682
WBGene00001481.,23,184,207
WBGene00001482.,2,127,129
WBGene00001483.,5,95,100
WBGene00001484.,262,689,951
WBGene00001485.,366,549,915
WBGene00001486.,38,425,463
WBGene00001487.,2,2,4
WBGene00001488.,538,16668,17206
WBGene00001489.,151,589,740
WBGene00001490.,188,1111,1299
WBGene00001491.,424,1936,2360
WBGene00001492.,42,17,59
WBGene00001493.,90,1096,1186
WBGene00001494.,286,584,870
WBGene00001495.,0,1,1
WBGene00001496.,513,1716,2229
WBGene00001497.,119,3428,3547
WBGene00001498.,472,3394,3866
WBGene00001499.,15,349,364
WBGene00001500.,6,17,23
WBGene00001501.,421,2148,2569
WBGene00001502.,661,25691,26352
WBGene00001503.,151,6549,6700
WBGene00001505.,33,156,189
WBGene00001506.,3,10,13
WBGene00001507.,17,62,79
WBGene00001508.,173,537,710
WBGene00001509.,149,1671,1820
WBGene00001510.,120,971,1091
WBGene00001511.,25,634,659
WBGene00001512.,48,139,187
WBGene00001513.,9,706,715
WBGene00001514.,20,193,213
WBGene00001515.,33,124,157
WBGene00001516.,372,1411,1783
WBGene00001517.,51,329,380
WBGene00001518.,238,1020,1258
WBGene00001519.,208,1070,1278
WBGene00001520.,174,5704,5878
WBGene00001522.,33,112,145
WBGene00001523.,88,935,1023
WBGene00001526.,47,538,585
WBGene00001527.,29,703,732
WBGene00001528.,1,2,3
WBGene00001529.,1,1,2
WBGene00001530.,1,27,28
WBGene00001531.,0,15,15
WBGene00001532.,2,15,17
WBGene00001533.,10,7,17
WBGene00001534.,9,21,30
WBGene00001535.,13,39,52
WBGene00001536.,19,54,73
WBGene00001537.,344,409,753
WBGene00001538.,58,561,619
WBGene00001539.,28,21,49
WBGene00001540.,2,14,16
WBGene00001541.,1,102,103
WBGene00001542.,12,16,28
WBGene00001543.,10,47,57
WBGene00001544.,20,63,83
WBGene00001545.,0,10,10
WBGene00001546.,1,49,50
WBGene00001547.,47,136,183
WBGene00001548.,4,46,50
WBGene00001549.,27,48,75
WBGene00001550.,6,20,26
WBGene00001551.,48,48,96
WBGene00001552.,39,187,226
WBGene00001553.,52,246,298
WBGene00001554.,77,268,345
WBGene00001555.,131,313,444
WBGene00001556.,88,360,448
WBGene00001557.,68,268,336
WBGene00001558.,46,4765,4811
WBGene00001559.,138,612,750
WBGene00001560.,27,91,118
WBGene00001561.,544,4160,4704
WBGene00001562.,47,1259,1306
WBGene00001563.,85,1209,1294
WBGene00001564.,771,31983,32754
WBGene00001565.,100,1074,1174
WBGene00001566.,92,1265,1357
WBGene00001568.,45,589,634
WBGene00001569.,2,27,29
WBGene00001570.,116,1462,1578
WBGene00001571.,11,186,197
WBGene00001572.,520,3202,3722
WBGene00001574.,194,1326,1520
WBGene00001575.,30,147,177
WBGene00001577.,31,176,207
WBGene00001578.,19,112,131
WBGene00001579.,48,840,888
WBGene00001580.,61,699,760
WBGene00001581.,0,250,250
WBGene00001582.,200,1222,1422
WBGene00001583.,19,309,328
WBGene00001584.,224,617,841
WBGene00001585.,52,774,826
WBGene00001586.,70,113,183
WBGene00001587.,84,210,294
WBGene00001588.,16,182,198
WBGene00001589.,197,654,851
WBGene00001590.,21,442,463
WBGene00001591.,0,111,111
WBGene00001592.,17,262,279
WBGene00001593.,35,143,178
WBGene00001594.,129,829,958
WBGene00001595.,8,188,196
WBGene00001596.,116,1625,1741
WBGene00001597.,17,112,129
WBGene00001598.,57,1599,1656
WBGene00001599.,2,152,154
WBGene00001600.,5,120,125
WBGene00001601.,8,335,343
WBGene00001602.,38,617,655
WBGene00001603.,0,9,9
WBGene00001604.,108,8100,8208
WBGene00001605.,0,2,2
WBGene00001606.,23,254,277
WBGene00001607.,19,137,156
WBGene00001608.,1,2,3
WBGene00001609.,24,256,280
WBGene00001612.,21,90,111
WBGene00001613.,123,346,469
WBGene00001614.,22,107,129
WBGene00001615.,153,411,564
WBGene00001616.,63,380,443
WBGene00001617.,202,338,540
WBGene00001618.,21,8,29
WBGene00001619.,13,42,55
WBGene00001620.,182,2850,3032
WBGene00001621.,5,24,29
WBGene00001622.,31,408,439
WBGene00001623.,11,162,173
WBGene00001624.,10,9,19
WBGene00001625.,3,5,8
WBGene00001626.,1,9,10
WBGene00001627.,37,158,195
WBGene00001628.,39,750,789
WBGene00001629.,274,792,1066
WBGene00001630.,554,860,1414
WBGene00001631.,177,1025,1202
WBGene00001632.,44,1001,1045
WBGene00001633.,107,511,618
WBGene00001635.,68,929,997
WBGene00001636.,92,387,479
WBGene00001637.,52,472,524
WBGene00001638.,19,258,277
WBGene00001639.,27,37,64
WBGene00001640.,8,0,8
WBGene00001641.,0,0,0
WBGene00001642.,0,0,0
WBGene00001643.,15,89,104
WBGene00001644.,6,36,42
WBGene00001645.,73,685,758
WBGene00001646.,0,511,511
WBGene00001647.,0,170,170
WBGene00001648.,370,5557,5927
WBGene00001649.,107,1473,1580
WBGene00001650.,393,1712,2105
WBGene00001651.,242,945,1187
WBGene00001653.,131,686,817
WBGene00001660.,38,374,412
WBGene00001661.,119,1061,1180
WBGene00001662.,72,2179,2251
WBGene00001663.,45,378,423
WBGene00001664.,22,190,212
WBGene00001665.,15,132,147
WBGene00001666.,12,197,209
WBGene00001667.,7,10,17
WBGene00001668.,9,31,40
WBGene00001669.,231,942,1173
WBGene00001670.,29,84,113
WBGene00001671.,72,647,719
WBGene00001672.,4,35,39
WBGene00001673.,32,56,88
WBGene00001674.,39,203,242
WBGene00001675.,0,15,15
WBGene00001676.,65,144,209
WBGene00001677.,18,115,133
WBGene00001678.,110,360,470
WBGene00001679.,340,8213,8553
WBGene00001680.,48,1291,1339
WBGene00001681.,17,338,355
WBGene00001682.,552,14301,14853
WBGene00001683.,36,305,341
WBGene00001684.,40,21453,21493
WBGene00001685.,32,28260,28292
WBGene00001686.,52,420,472
WBGene00001687.,5,8,13
WBGene00001688.,22,397,419
WBGene00001689.,19,450,469
WBGene00001690.,10,50,60
WBGene00001691.,0,0,0
WBGene00001692.,293,5890,6183
WBGene00001693.,0,5,5
WBGene00001694.,15,1378,1393
WBGene00001695.,2,13,15
WBGene00001696.,7,36,43
WBGene00001697.,5,3,8
WBGene00001698.,12,24,36
WBGene00001699.,316,19498,19814
WBGene00001700.,1,2,3
WBGene00001701.,3,38,41
WBGene00001702.,1762,8398,10160
WBGene00001703.,13,54,67
WBGene00001704.,4,11,15
WBGene00001705.,2,53,55
WBGene00001706.,16,185,201
WBGene00001707.,93,315,408
WBGene00001708.,291,1439,1730
WBGene00001709.,80,502,582
WBGene00001710.,17,14,31
WBGene00001711.,1,7,8
WBGene00001712.,1,13,14
WBGene00001713.,19,1496,1515
WBGene00001714.,1,22,23
WBGene00001715.,0,1,1
WBGene00001716.,12,56,68
WBGene00001717.,1,58,59
WBGene00001718.,4,48,52
WBGene00001719.,11,133,144
WBGene00001720.,0,2,2
WBGene00001721.,7,48,55
WBGene00001722.,2,1,3
WBGene00001723.,10,28,38
WBGene00001724.,9,38,47
WBGene00001725.,3,230,233
WBGene00001726.,1,1,2
WBGene00001727.,2,7,9
WBGene00001728.,0,4,4
WBGene00001729.,7,25,32
WBGene00001730.,1,46,47
WBGene00001731.,3,27,30
WBGene00001732.,3,9,12
WBGene00001733.,0,9,9
WBGene00001734.,0,0,0
WBGene00001735.,1,2,3
WBGene00001736.,5,21,26
WBGene00001737.,0,0,0
WBGene00001738.,0,0,0
WBGene00001739.,0,1,1
WBGene00001740.,88,299,387
WBGene00001743.,47,455,502
WBGene00001744.,200,3233,3433
WBGene00001745.,379,1040,1419
WBGene00001746.,230,2374,2604
WBGene00001747.,117,3947,4064
WBGene00001748.,471,5205,5676
WBGene00001749.,2,1749,1751
WBGene00001750.,43,203,246
WBGene00001751.,67,993,1060
WBGene00001752.,0,180,180
WBGene00001753.,195,7131,7326
WBGene00001754.,0,175,175
WBGene00001755.,72,6356,6428
WBGene00001756.,2,74,76
WBGene00001757.,20,87,107
WBGene00001758.,5,924,929
WBGene00001759.,22,336,358
WBGene00001760.,9,551,560
WBGene00001761.,28,320,348
WBGene00001762.,3,38,41
WBGene00001763.,2,91,93
WBGene00001764.,5,279,284
WBGene00001765.,0,2,2
WBGene00001766.,0,0,0
WBGene00001767.,2,90,92
WBGene00001768.,20,3696,3716
WBGene00001769.,16,261,277
WBGene00001770.,0,98,98
WBGene00001771.,0,85,85
WBGene00001772.,4,1741,1745
WBGene00001773.,0,33,33
WBGene00001774.,1,167,168
WBGene00001775.,2,551,553
WBGene00001776.,6,261,267
WBGene00001777.,2,10,12
WBGene00001778.,0,66,66
WBGene00001779.,1,45,46
WBGene00001780.,2,28,30
WBGene00001781.,27,362,389
WBGene00001782.,13,27,40
WBGene00001783.,33,162,195
WBGene00001784.,108,657,765
WBGene00001785.,0,0,0
WBGene00001786.,0,33,33
WBGene00001787.,0,631,631
WBGene00001788.,32,307,339
WBGene00001789.,0,136,136
WBGene00001790.,45,681,726
WBGene00001791.,140,707,847
WBGene00001792.,10,122,132
WBGene00001793.,666,2893,3559
WBGene00001794.,2491,18578,21069
WBGene00001795.,30,76,106
WBGene00001796.,37,97,134
WBGene00001803.,22,104,126
WBGene00001804.,21,19,40
WBGene00001805.,52,242,294
WBGene00001806.,16,38,54
WBGene00001808.,405,1579,1984
WBGene00001811.,11,103,114
WBGene00001812.,62,741,803
WBGene00001813.,148,1028,1176
WBGene00001814.,14,197,211
WBGene00001815.,82,374,456
WBGene00001816.,223,603,826
WBGene00001817.,14,344,358
WBGene00001818.,10,0,10
WBGene00001819.,18,187,205
WBGene00001820.,17,584,601
WBGene00001821.,30,329,359
WBGene00001823.,82,866,948
WBGene00001824.,56,1136,1192
WBGene00001827.,70,1011,1081
WBGene00001828.,1,0,1
WBGene00001829.,27,637,664
WBGene00001830.,20,561,581
WBGene00001831.,11,696,707
WBGene00001832.,84,709,793
WBGene00001833.,136,1201,1337
WBGene00001834.,13,1648,1661
WBGene00001835.,2,441,443
WBGene00001836.,76,676,752
WBGene00001837.,515,828,1343
WBGene00001838.,62,225,287
WBGene00001839.,38,64,102
WBGene00001840.,640,9918,10558
WBGene00001841.,7,160,167
WBGene00001842.,9,19,28
WBGene00001843.,266,1306,1572
WBGene00001844.,49,720,769
WBGene00001851.,305,6576,6881
WBGene00001852.,28,204,232
WBGene00001853.,124,15713,15837
WBGene00001854.,55,8362,8417
WBGene00001855.,17,3122,3139
WBGene00001856.,5,2892,2897
WBGene00001857.,0,21,21
WBGene00001858.,326,2839,3165
WBGene00001859.,16,13,29
WBGene00001860.,114,1710,1824
WBGene00001862.,2,164,166
WBGene00001863.,1075,8853,9928
WBGene00001864.,118,508,626
WBGene00001865.,24,191,215
WBGene00001867.,34,287,321
WBGene00001869.,13,644,657
WBGene00001872.,26,57,83
WBGene00001874.,28,640,668
WBGene00001875.,0,793,793
WBGene00001876.,0,394,394
WBGene00001877.,0,798,798
WBGene00001878.,0,593,593
WBGene00001879.,0,821,821
WBGene00001880.,0,674,674
WBGene00001881.,0,779,779
WBGene00001882.,0,160,160
WBGene00001883.,0,0,0
WBGene00001884.,0,0,0
WBGene00001885.,0,0,0
WBGene00001886.,0,0,0
WBGene00001887.,0,0,0
WBGene00001888.,0,0,0
WBGene00001889.,0,0,0
WBGene00001890.,0,62,62
WBGene00001891.,0,102,102
WBGene00001892.,0,779,779
WBGene00001893.,0,0,0
WBGene00001894.,0,0,0
WBGene00001895.,0,0,0
WBGene00001896.,0,0,0
WBGene00001898.,35,27205,27240
WBGene00001899.,0,0,0
WBGene00001900.,0,174,174
WBGene00001901.,0,0,0
WBGene00001902.,0,0,0
WBGene00001903.,0,0,0
WBGene00001904.,0,0,0
WBGene00001905.,0,217,217
WBGene00001906.,0,1406,1406
WBGene00001907.,0,0,0
WBGene00001908.,0,0,0
WBGene00001909.,1239,18366,19605
WBGene00001910.,328,8626,8954
WBGene00001911.,988,26267,27255
WBGene00001912.,0,66,66
WBGene00001913.,0,6,6
WBGene00001914.,0,61,61
WBGene00001915.,776,19665,20441
WBGene00001916.,0,65,65
WBGene00001917.,0,0,0
WBGene00001918.,0,0,0
WBGene00001919.,0,0,0
WBGene00001920.,0,0,0
WBGene00001921.,0,0,0
WBGene00001922.,0,661,661
WBGene00001923.,0,0,0
WBGene00001924.,0,0,0
WBGene00001925.,0,0,0
WBGene00001926.,0,0,0
WBGene00001927.,0,0,0
WBGene00001928.,0,0,0
WBGene00001929.,0,0,0
WBGene00001930.,0,0,0
WBGene00001931.,163,1294,1457
WBGene00001932.,0,0,0
WBGene00001933.,0,1282,1282
WBGene00001934.,0,2864,2864
WBGene00001935.,0,572,572
WBGene00001936.,0,1457,1457
WBGene00001937.,0,652,652
WBGene00001938.,0,2017,2017
WBGene00001939.,0,0,0
WBGene00001940.,0,0,0
WBGene00001941.,0,505,505
WBGene00001942.,0,1487,1487
WBGene00001943.,0,19,19
WBGene00001944.,0,23,23
WBGene00001945.,102,4257,4359
WBGene00001946.,576,20849,21425
WBGene00001947.,0,0,0
WBGene00001948.,282,1434,1716
WBGene00001949.,23,856,879
WBGene00001950.,4,741,745
WBGene00001951.,29,264,293
WBGene00001952.,13,166,179
WBGene00001953.,10,78,88
WBGene00001954.,12,65,77
WBGene00001955.,133,2917,3050
WBGene00001956.,0,0,0
WBGene00001957.,61,205,266
WBGene00001958.,3,257,260
WBGene00001959.,7,66,73
WBGene00001960.,6,111,117
WBGene00001961.,1,18,19
WBGene00001962.,2,2,4
WBGene00001963.,12,26,38
WBGene00001964.,0,0,0
WBGene00001965.,0,3,3
WBGene00001966.,0,13,13
WBGene00001967.,0,0,0
WBGene00001968.,0,1,1
WBGene00001971.,99,19317,19416
WBGene00001972.,236,5149,5385
WBGene00001973.,8,361,369
WBGene00001974.,52,2397,2449
WBGene00001975.,62,1113,1175
WBGene00001976.,0,15,15
WBGene00001977.,3,1066,1069
WBGene00001978.,114,1325,1439
WBGene00001979.,38,731,769
WBGene00001980.,1274,2009,3283
WBGene00001981.,0,5,5
WBGene00001983.,94,707,801
WBGene00001984.,94,287,381
WBGene00001985.,3,36,39
WBGene00001986.,92,684,776
WBGene00001987.,387,343,730
WBGene00001988.,44,416,460
WBGene00001989.,70,337,407
WBGene00001990.,75,859,934
WBGene00001991.,14,112,126
WBGene00001992.,36,238,274
WBGene00001993.,31,1932,1963
WBGene00001994.,141,2973,3114
WBGene00001995.,60,681,741
WBGene00001996.,331,840,1171
WBGene00001997.,102,186,288
WBGene00001998.,7,137,144
WBGene00001999.,72,9857,9929
WBGene00002000.,234,7198,7432
WBGene00002001.,236,2289,2525
WBGene00002002.,65,1812,1877
WBGene00002003.,52,281,333
WBGene00002004.,216,557,773
WBGene00002005.,380,40547,40927
WBGene00002006.,0,3,3
WBGene00002007.,500,18234,18734
WBGene00002008.,141,1079,1220
WBGene00002010.,45,7185,7230
WBGene00002011.,394,4024,4418
WBGene00002012.,4,187,191
WBGene00002013.,11,70,81
WBGene00002015.,0,0,0
WBGene00002016.,15,1635,1650
WBGene00002017.,0,427,427
WBGene00002018.,16,1400,1416
WBGene00002019.,0,0,0
WBGene00002020.,0,0,0
WBGene00002021.,61,418,479
WBGene00002023.,522,9406,9928
WBGene00002024.,36,451,487
WBGene00002025.,647,26378,27025
WBGene00002026.,1,62,63
WBGene00002027.,164,3229,3393
WBGene00002028.,14,285,299
WBGene00002029.,11,193,204
WBGene00002030.,51,178,229
WBGene00002031.,18,242,260
WBGene00002032.,11,177,188
WBGene00002033.,9,67,76
WBGene00002034.,3,224,227
WBGene00002035.,193,868,1061
WBGene00002036.,134,785,919
WBGene00002037.,61,283,344
WBGene00002038.,67,525,592
WBGene00002039.,99,466,565
WBGene00002040.,262,1345,1607
WBGene00002041.,21,82,103
WBGene00002042.,43,239,282
WBGene00002043.,67,225,292
WBGene00002044.,20,846,866
WBGene00002045.,7211,57204,64415
WBGene00002046.,134,1426,1560
WBGene00002047.,52,992,1044
WBGene00002048.,491,2468,2959
WBGene00002050.,190,1016,1206
WBGene00002051.,0,25,25
WBGene00002052.,26,379,405
WBGene00002053.,153,3987,4140
WBGene00002054.,35,740,775
WBGene00002055.,1,250,251
WBGene00002056.,112,496,608
WBGene00002057.,18,58,76
WBGene00002058.,11,98,109
WBGene00002059.,126,2271,2397
WBGene00002060.,75,3667,3742
WBGene00002061.,24,1271,1295
WBGene00002062.,32,680,712
WBGene00002063.,85,177,262
WBGene00002064.,1232,5786,7018
WBGene00002065.,592,74458,75050
WBGene00002066.,445,6736,7181
WBGene00002067.,22,136,158
WBGene00002068.,6,457,463
WBGene00002069.,208,1443,1651
WBGene00002070.,47,1497,1544
WBGene00002071.,44,1926,1970
WBGene00002072.,32,354,386
WBGene00002073.,11,1413,1424
WBGene00002074.,129,3377,3506
WBGene00002075.,134,878,1012
WBGene00002076.,288,834,1122
WBGene00002077.,283,8047,8330
WBGene00002078.,220,2625,2845
WBGene00002079.,27,601,628
WBGene00002080.,149,964,1113
WBGene00002081.,29,584,613
WBGene00002083.,85,14075,14160
WBGene00002084.,11,720,731
WBGene00002085.,0,9,9
WBGene00002086.,6,205,211
WBGene00002087.,3,25,28
WBGene00002088.,13,176,189
WBGene00002089.,19,182,201
WBGene00002090.,0,0,0
WBGene00002091.,2,2,4
WBGene00002092.,8,36,44
WBGene00002093.,20,173,193
WBGene00002094.,5,26,31
WBGene00002095.,14,14,28
WBGene00002096.,16,13,29
WBGene00002097.,8,114,122
WBGene00002098.,2,10,12
WBGene00002099.,1,10,11
WBGene00002100.,81,2261,2342
WBGene00002101.,134,697,831
WBGene00002102.,5,9,14
WBGene00002103.,2,4,6
WBGene00002104.,1,10,11
WBGene00002105.,11,97,108
WBGene00002106.,1,4,5
WBGene00002107.,10,67,77
WBGene00002108.,12,56,68
WBGene00002109.,45,409,454
WBGene00002110.,785,4112,4897
WBGene00002111.,75,587,662
WBGene00002112.,30,171,201
WBGene00002113.,25,603,628
WBGene00002114.,3,18,21
WBGene00002115.,0,1,1
WBGene00002116.,44,135,179
WBGene00002117.,3,11,14
WBGene00002118.,7,54,61
WBGene00002119.,21,28,49
WBGene00002120.,0,88,88
WBGene00002121.,0,0,0
WBGene00002123.,510,1654,2164
WBGene00002124.,1,43,44
WBGene00002125.,2,174,176
WBGene00002127.,27,2211,2238
WBGene00002128.,41,280,321
WBGene00002129.,42,585,627
WBGene00002130.,4,21,25
WBGene00002131.,6,24,30
WBGene00002132.,22,371,393
WBGene00002133.,66,215,281
WBGene00002134.,142,4311,4453
WBGene00002135.,107,3943,4050
WBGene00002136.,38,171,209
WBGene00002137.,5,66,71
WBGene00002138.,3,21,24
WBGene00002139.,0,33,33
WBGene00002140.,101,557,658
WBGene00002141.,59,41,100
WBGene00002142.,15,40,55
WBGene00002143.,18,85,103
WBGene00002144.,7,35,42
WBGene00002146.,66,584,650
WBGene00002147.,172,505,677
WBGene00002148.,58,832,890
WBGene00002149.,57,134,191
WBGene00002150.,96,97,193
WBGene00002151.,171,378,549
WBGene00002152.,575,4001,4576
WBGene00002153.,41,737,778
WBGene00002162.,2339,20631,22970
WBGene00002163.,173,480,653
WBGene00002169.,328,1763,2091
WBGene00002173.,196,770,966
WBGene00002174.,20,159,179
WBGene00002175.,358,868,1226
WBGene00002176.,411,654,1065
WBGene00002177.,26,141,167
WBGene00002178.,56,833,889
WBGene00002179.,347,3359,3706
WBGene00002180.,13,511,524
WBGene00002181.,85,272,357
WBGene00002182.,65,159,224
WBGene00002183.,880,10207,11087
WBGene00002184.,185,331,516
WBGene00002185.,799,1043,1842
WBGene00002186.,1,5,6
WBGene00002187.,217,1302,1519
WBGene00002188.,3,2,5
WBGene00002189.,2090,5160,7250
WBGene00002190.,504,6828,7332
WBGene00002191.,904,6886,7790
WBGene00002192.,192,862,1054
WBGene00002193.,1,5,6
WBGene00002194.,68,206,274
WBGene00002195.,31,155,186
WBGene00002196.,95,3457,3552
WBGene00002198.,115,115,230
WBGene00002199.,35,193,228
WBGene00002200.,50,292,342
WBGene00002201.,49,1026,1075
WBGene00002202.,226,7237,7463
WBGene00002203.,199,1491,1690
WBGene00002204.,0,0,0
WBGene00002205.,7,10,17
WBGene00002206.,0,2,2
WBGene00002207.,50,396,446
WBGene00002208.,1,3,4
WBGene00002210.,310,1316,1626
WBGene00002211.,14,58,72
WBGene00002212.,0,3,3
WBGene00002213.,82,588,670
WBGene00002214.,40,643,683
WBGene00002215.,339,2878,3217
WBGene00002216.,152,1391,1543
WBGene00002217.,120,1220,1340
WBGene00002218.,13,30,43
WBGene00002219.,45,674,719
WBGene00002220.,86,580,666
WBGene00002221.,7,119,126
WBGene00002222.,2,16,18
WBGene00002223.,785,1978,2763
WBGene00002224.,78,94,172
WBGene00002225.,2,295,297
WBGene00002226.,2,693,695
WBGene00002227.,13,10,23
WBGene00002228.,15,460,475
WBGene00002229.,66,733,799
WBGene00002230.,180,233,413
WBGene00002231.,28,494,522
WBGene00002232.,121,1159,1280
WBGene00002233.,38,145,183
WBGene00002234.,1,23,24
WBGene00002235.,63,45,108
WBGene00002238.,21,7248,7269
WBGene00002239.,49,348,397
WBGene00002240.,169,309,478
WBGene00002241.,332,1156,1488
WBGene00002242.,148,216,364
WBGene00002243.,99,194,293
WBGene00002244.,226,3960,4186
WBGene00002245.,112,596,708
WBGene00002246.,0,292,292
WBGene00002247.,264,5707,5971
WBGene00002248.,10,57,67
WBGene00002249.,28,1079,1107
WBGene00002250.,15,1662,1677
WBGene00002251.,122,644,766
WBGene00002252.,58,112,170
WBGene00002253.,1403,3771,5174
WBGene00002254.,10772,55765,66537
WBGene00002255.,2316,10634,12950
WBGene00002256.,61,2008,2069
WBGene00002257.,340,3125,3465
WBGene00002258.,277,4758,5035
WBGene00002259.,14,288,302
WBGene00002260.,2,36,38
WBGene00002261.,312,1804,2116
WBGene00002262.,1565,15847,17412
WBGene00002263.,281,2865,3146
WBGene00002264.,223,7695,7918
WBGene00002265.,735,6897,7632
WBGene00002266.,317,4885,5202
WBGene00002267.,367,5926,6293
WBGene00002268.,1461,9386,10847
WBGene00002269.,300,3310,3610
WBGene00002270.,3,70,73
WBGene00002271.,59,2248,2307
WBGene00002272.,142,1841,1983
WBGene00002273.,27,2861,2888
WBGene00002274.,7,134,141
WBGene00002275.,10,448,458
WBGene00002276.,25,367,392
WBGene00002278.,212,611,823
WBGene00002280.,2421,39429,41850
WBGene00002282.,51,558,609
WBGene00002285.,0,2668,2668
WBGene00002295.,228,4017,4245
WBGene00002297.,92,350,442
WBGene00002299.,61,364,425
WBGene00002324.,12,490,502
WBGene00002335.,102,3603,3705
WBGene00002344.,280,15193,15473
WBGene00002348.,30,2597,2627
WBGene00002363.,31,4017,4048
WBGene00002368.,6,134,140
WBGene00002393.,16,685,701
WBGene00002497.,402,2014,2416
WBGene00002583.,316,2139,2455
WBGene00002601.,107,485,592
WBGene00002632.,60,569,629
WBGene00002637.,212,5336,5548
WBGene00002694.,31,893,924
WBGene00002696.,128,1691,1819
WBGene00002717.,478,3487,3965
WBGene00002783.,759,2909,3668
WBGene00002804.,24,2706,2730
WBGene00002827.,108,1358,1466
WBGene00002845.,143,2298,2441
WBGene00002850.,312,4942,5254
WBGene00002855.,98,4533,4631
WBGene00002879.,285,4720,5005
WBGene00002881.,412,2917,3329
WBGene00002889.,230,1548,1778
WBGene00002891.,50,1898,1948
WBGene00002915.,164,3241,3405
WBGene00002957.,136,1996,2132
WBGene00002974.,195,668,863
WBGene00002975.,33,127,160
WBGene00002976.,173,791,964
WBGene00002977.,62,24,86
WBGene00002978.,1565,91943,93508
WBGene00002979.,220,584,804
WBGene00002980.,155,19237,19392
WBGene00002981.,141,4375,4516
WBGene00002982.,81,475,556
WBGene00002983.,14,44,58
WBGene00002985.,74,891,965
WBGene00002986.,83,586,669
WBGene00002987.,45,140,185
WBGene00002988.,22,252,274
WBGene00002989.,111,367,478
WBGene00002990.,439,1060,1499
WBGene00002991.,229,928,1157
WBGene00002992.,69,162,231
WBGene00002993.,0,0,0
WBGene00002994.,32,1518,1550
WBGene00002996.,49,300,349
WBGene00002997.,48,356,404
WBGene00002998.,77,783,860
WBGene00002999.,340,1516,1856
WBGene00003000.,36,235,271
WBGene00003001.,61,202,263
WBGene00003002.,303,2608,2911
WBGene00003003.,726,2782,3508
WBGene00003006.,133,288,421
WBGene00003007.,103,532,635
WBGene00003008.,39,113,152
WBGene00003009.,88,1021,1109
WBGene00003010.,299,1536,1835
WBGene00003011.,133,911,1044
WBGene00003012.,29,1136,1165
WBGene00003014.,205,2718,2923
WBGene00003015.,50,66,116
WBGene00003017.,12,86,98
WBGene00003018.,18,455,473
WBGene00003019.,208,2013,2221
WBGene00003020.,170,852,1022
WBGene00003021.,111,1021,1132
WBGene00003022.,92,385,477
WBGene00003024.,198,1641,1839
WBGene00003025.,271,3329,3600
WBGene00003026.,84,1694,1778
WBGene00003029.,13,212,225
WBGene00003030.,170,919,1089
WBGene00003031.,15,130,145
WBGene00003033.,5,55,60
WBGene00003034.,120,875,995
WBGene00003035.,82,454,536
WBGene00003036.,4,3494,3498
WBGene00003037.,20,436,456
WBGene00003038.,19,464,483
WBGene00003039.,0,1,1
WBGene00003040.,188,1315,1503
WBGene00003041.,141,878,1019
WBGene00003043.,68,763,831
WBGene00003044.,133,1377,1510
WBGene00003045.,145,686,831
WBGene00003046.,25,117,142
WBGene00003047.,185,1402,1587
WBGene00003048.,1733,2496,4229
WBGene00003052.,155,7314,7469
WBGene00003053.,20,2524,2544
WBGene00003055.,81,1935,2016
WBGene00003056.,89,298,387
WBGene00003057.,31,364,395
WBGene00003058.,2,1,3
WBGene00003059.,123,788,911
WBGene00003060.,592,1933,2525
WBGene00003061.,529,8003,8532
WBGene00003062.,45,3172,3217
WBGene00003063.,124,6237,6361
WBGene00003064.,3,811,814
WBGene00003065.,184,5021,5205
WBGene00003066.,45,1414,1459
WBGene00003067.,5,105,110
WBGene00003068.,111,821,932
WBGene00003071.,230,3217,3447
WBGene00003072.,232,3080,3312
WBGene00003073.,193,5472,5665
WBGene00003074.,94,1035,1129
WBGene00003075.,11,14,25
WBGene00003076.,166,1440,1606
WBGene00003077.,151,1021,1172
WBGene00003078.,38,2042,2080
WBGene00003079.,0,3327,3327
WBGene00003080.,128,2022,2150
WBGene00003081.,437,2088,2525
WBGene00003082.,84,1204,1288
WBGene00003083.,9,355,364
WBGene00003084.,67,902,969
WBGene00003085.,243,4752,4995
WBGene00003086.,298,743,1041
WBGene00003087.,34,1153,1187
WBGene00003088.,0,2,2
WBGene00003089.,88,1032,1120
WBGene00003090.,0,531,531
WBGene00003091.,2,209,211
WBGene00003092.,1,56,57
WBGene00003093.,3,103,106
WBGene00003094.,0,1,1
WBGene00003095.,1,3,4
WBGene00003096.,1,264,265
WBGene00003097.,9,807,816
WBGene00003098.,0,1,1
WBGene00003099.,0,3,3
WBGene00003100.,13,16,29
WBGene00003102.,119,537,656
WBGene00003104.,16,30,46
WBGene00003106.,22,137,159
WBGene00003107.,37,60,97
WBGene00003111.,84,1070,1154
WBGene00003112.,79,468,547
WBGene00003114.,104,147,251
WBGene00003119.,205,1205,1410
WBGene00003123.,44,5840,5884
WBGene00003124.,175,1381,1556
WBGene00003129.,157,973,1130
WBGene00003130.,229,2247,2476
WBGene00003132.,69,987,1056
WBGene00003133.,157,994,1151
WBGene00003134.,47,507,554
WBGene00003136.,58,348,406
WBGene00003142.,128,648,776
WBGene00003143.,284,1345,1629
WBGene00003144.,313,1556,1869
WBGene00003148.,32,4915,4947
WBGene00003149.,205,1142,1347
WBGene00003150.,422,3036,3458
WBGene00003151.,34,390,424
WBGene00003153.,3060,11529,14589
WBGene00003154.,37,1044,1081
WBGene00003155.,31,1134,1165
WBGene00003156.,18,1469,1487
WBGene00003157.,31,1611,1642
WBGene00003158.,44,1496,1540
WBGene00003159.,6,1342,1348
WBGene00003160.,147,1762,1909
WBGene00003161.,60,1011,1071
WBGene00003162.,90,17943,18033
WBGene00003163.,79,3682,3761
WBGene00003164.,19,217,236
WBGene00003165.,34,177,211
WBGene00003166.,294,620,914
WBGene00003167.,18,112,130
WBGene00003168.,35,102,137
WBGene00003169.,523,3673,4196
WBGene00003170.,58,253,311
WBGene00003171.,159,2159,2318
WBGene00003172.,34,1502,1536
WBGene00003173.,42,162,204
WBGene00003174.,10,35,45
WBGene00003175.,140,2448,2588
WBGene00003176.,3,14,17
WBGene00003177.,73,434,507
WBGene00003178.,23,1918,1941
WBGene00003179.,39,243,282
WBGene00003180.,0,6,6
WBGene00003181.,0,24,24
WBGene00003182.,216,1779,1995
WBGene00003183.,8,559,567
WBGene00003184.,10,143,153
WBGene00003185.,0,925,925
WBGene00003186.,127,1222,1349
WBGene00003196.,213,909,1122
WBGene00003209.,225,1036,1261
WBGene00003210.,137,1285,1422
WBGene00003214.,138,2017,2155
WBGene00003216.,0,99,99
WBGene00003218.,57,2108,2165
WBGene00003219.,1,18,19
WBGene00003220.,72,406,478
WBGene00003221.,159,674,833
WBGene00003222.,62,590,652
WBGene00003224.,25,110,135
WBGene00003225.,722,9333,10055
WBGene00003228.,8,58,66
WBGene00003229.,111,1061,1172
WBGene00003230.,5,90,95
WBGene00003231.,0,21,21
WBGene00003232.,62,175,237
WBGene00003233.,75,250,325
WBGene00003234.,310,1481,1791
WBGene00003235.,501,2247,2748
WBGene00003236.,3,223,226
WBGene00003237.,160,719,879
WBGene00003238.,156,922,1078
WBGene00003239.,48,1652,1700
WBGene00003241.,91,720,811
WBGene00003242.,658,17026,17684
WBGene00003243.,298,1849,2147
WBGene00003245.,9,211,220
WBGene00003246.,164,395,559
WBGene00003247.,369,3236,3605
WBGene00003248.,93,251,344
WBGene00003249.,268,2674,2942
WBGene00003252.,4,30,34
WBGene00003253.,19,1064,1083
WBGene00003254.,22,351,373
WBGene00003258.,487,291,778
WBGene00003260.,0,3,3
WBGene00003261.,0,0,0
WBGene00003262.,0,7,7
WBGene00003263.,0,0,0
WBGene00003264.,0,1,1
WBGene00003265.,0,0,0
WBGene00003266.,0,0,0
WBGene00003267.,0,0,0
WBGene00003268.,0,0,0
WBGene00003269.,0,1,1
WBGene00003270.,0,0,0
WBGene00003271.,0,0,0
WBGene00003272.,0,1,1
WBGene00003273.,0,1,1
WBGene00003274.,0,0,0
WBGene00003275.,0,5,5
WBGene00003277.,0,0,0
WBGene00003278.,0,0,0
WBGene00003279.,0,3,3
WBGene00003280.,0,4,4
WBGene00003281.,0,34,34
WBGene00003282.,0,0,0
WBGene00003283.,0,0,0
WBGene00003284.,0,0,0
WBGene00003285.,0,0,0
WBGene00003286.,0,0,0
WBGene00003287.,0,0,0
WBGene00003288.,0,0,0
WBGene00003289.,0,0,0
WBGene00003290.,0,0,0
WBGene00003291.,0,7,7
WBGene00003292.,0,0,0
WBGene00003293.,0,0,0
WBGene00003294.,0,0,0
WBGene00003295.,0,0,0
WBGene00003296.,0,0,0
WBGene00003297.,0,0,0
WBGene00003298.,0,0,0
WBGene00003299.,0,0,0
WBGene00003300.,0,3,3
WBGene00003301.,0,0,0
WBGene00003302.,0,1,1
WBGene00003303.,0,0,0
WBGene00003304.,0,3,3
WBGene00003305.,0,0,0
WBGene00003306.,0,0,0
WBGene00003307.,0,9,9
WBGene00003308.,0,36,36
WBGene00003309.,0,0,0
WBGene00003310.,0,0,0
WBGene00003311.,0,2,2
WBGene00003312.,0,1,1
WBGene00003313.,0,0,0
WBGene00003314.,0,0,0
WBGene00003315.,0,0,0
WBGene00003316.,0,0,0
WBGene00003317.,0,0,0
WBGene00003318.,0,0,0
WBGene00003319.,0,0,0
WBGene00003321.,0,2,2
WBGene00003322.,0,0,0
WBGene00003323.,0,3,3
WBGene00003324.,0,12,12
WBGene00003325.,0,2,2
WBGene00003326.,0,0,0
WBGene00003327.,0,0,0
WBGene00003328.,0,4,4
WBGene00003329.,0,0,0
WBGene00003330.,0,0,0
WBGene00003331.,0,3,3
WBGene00003332.,0,1,1
WBGene00003333.,0,1,1
WBGene00003334.,0,0,0
WBGene00003335.,0,0,0
WBGene00003336.,0,2,2
WBGene00003337.,0,0,0
WBGene00003338.,0,12,12
WBGene00003339.,0,1,1
WBGene00003340.,0,1,1
WBGene00003341.,0,0,0
WBGene00003342.,0,0,0
WBGene00003343.,0,0,0
WBGene00003344.,0,0,0
WBGene00003345.,0,0,0
WBGene00003346.,0,0,0
WBGene00003347.,0,0,0
WBGene00003348.,0,0,0
WBGene00003349.,0,256,256
WBGene00003350.,0,0,0
WBGene00003351.,0,0,0
WBGene00003352.,0,0,0
WBGene00003353.,0,0,0
WBGene00003354.,0,0,0
WBGene00003355.,0,0,0
WBGene00003356.,0,0,0
WBGene00003357.,0,3,3
WBGene00003358.,0,0,0
WBGene00003359.,0,7,7
WBGene00003360.,0,0,0
WBGene00003361.,0,0,0
WBGene00003362.,0,0,0
WBGene00003363.,0,0,0
WBGene00003364.,0,0,0
WBGene00003365.,0,0,0
WBGene00003366.,0,0,0
WBGene00003367.,447,3720,4167
WBGene00003368.,40,512,552
WBGene00003369.,293,33839,34132
WBGene00003370.,25328,97193,122521
WBGene00003371.,8919,158717,167636
WBGene00003372.,502,3518,4020
WBGene00003373.,24,176,200
WBGene00003374.,128,409,537
WBGene00003375.,163,6041,6204
WBGene00003376.,17,74,91
WBGene00003377.,22,172,194
WBGene00003378.,358,1568,1926
WBGene00003380.,32,160,192
WBGene00003384.,13,230,243
WBGene00003385.,110,619,729
WBGene00003386.,87,428,515
WBGene00003387.,103,90,193
WBGene00003388.,15,123,138
WBGene00003389.,53,1434,1487
WBGene00003390.,19,1014,1033
WBGene00003391.,692,2922,3614
WBGene00003392.,95,1164,1259
WBGene00003393.,179,2014,2193
WBGene00003394.,3,62,65
WBGene00003395.,2,95,97
WBGene00003396.,136,495,631
WBGene00003397.,53,426,479
WBGene00003400.,231,564,795
WBGene00003401.,258,1900,2158
WBGene00003402.,55,212,267
WBGene00003403.,13,66,79
WBGene00003404.,1078,3273,4351
WBGene00003405.,38,615,653
WBGene00003406.,40,1807,1847
WBGene00003407.,597,2530,3127
WBGene00003408.,160,689,849
WBGene00003409.,22,111,133
WBGene00003410.,2,22,24
WBGene00003411.,69,499,568
WBGene00003412.,86,384,470
WBGene00003413.,536,228,764
WBGene00003414.,118,109,227
WBGene00003415.,202,6461,6663
WBGene00003417.,72,359,431
WBGene00003418.,41,409,450
WBGene00003420.,4,9,13
WBGene00003421.,47,251,298
WBGene00003422.,83,886,969
WBGene00003423.,842,1233,2075
WBGene00003424.,0,1,1
WBGene00003425.,0,0,0
WBGene00003426.,0,0,0
WBGene00003429.,0,0,0
WBGene00003430.,0,0,0
WBGene00003431.,0,1,1
WBGene00003432.,0,5,5
WBGene00003433.,0,0,0
WBGene00003434.,0,0,0
WBGene00003435.,0,0,0
WBGene00003437.,0,0,0
WBGene00003438.,0,0,0
WBGene00003442.,0,28,28
WBGene00003443.,0,141,141
WBGene00003444.,0,0,0
WBGene00003445.,0,68,68
WBGene00003446.,0,0,0
WBGene00003448.,0,7,7
WBGene00003449.,0,0,0
WBGene00003450.,0,2,2
WBGene00003451.,0,0,0
WBGene00003452.,0,0,0
WBGene00003456.,0,0,0
WBGene00003457.,0,1,1
WBGene00003458.,0,2,2
WBGene00003460.,0,1,1
WBGene00003462.,0,3,3
WBGene00003463.,0,8,8
WBGene00003464.,0,1,1
WBGene00003465.,0,0,0
WBGene00003466.,0,2,2
WBGene00003467.,0,0,0
WBGene00003468.,0,0,0
WBGene00003469.,0,0,0
WBGene00003470.,0,2,2
WBGene00003471.,19,246,265
WBGene00003472.,229,1033,1262
WBGene00003473.,6,427,433
WBGene00003474.,14,205,219
WBGene00003475.,202,601,803
WBGene00003476.,751,2327,3078
WBGene00003477.,45,403,448
WBGene00003478.,248,549,797
WBGene00003479.,116,605,721
WBGene00003480.,27,286,313
WBGene00003482.,290,2755,3045
WBGene00003485.,321,2513,2834
WBGene00003495.,691,53324,54015
WBGene00003497.,81,1757,1838
WBGene00003499.,1,76,77
WBGene00003504.,7,411,418
WBGene00003507.,0,155,155
WBGene00003508.,71,527,598
WBGene00003509.,30,280,310
WBGene00003510.,171,830,1001
WBGene00003511.,43,4302,4345
WBGene00003514.,112,4331,4443
WBGene00003515.,213,9960,10173
WBGene00003516.,93,976,1069
WBGene00003517.,46,467,513
WBGene00003518.,22,59,81
WBGene00003519.,197,3221,3418
WBGene00003520.,11,15,26
WBGene00003521.,0,0,0
WBGene00003522.,32,506,538
WBGene00003523.,48,46,94
WBGene00003524.,6,33,39
WBGene00003525.,6,23,29
WBGene00003526.,11,78,89
WBGene00003527.,19,81,100
WBGene00003528.,9,146,155
WBGene00003529.,3,7,10
WBGene00003530.,67,498,565
WBGene00003531.,8,29,37
WBGene00003532.,6,9,15
WBGene00003533.,1,8,9
WBGene00003534.,0,3,3
WBGene00003535.,1,1,2
WBGene00003536.,0,0,0
WBGene00003537.,0,0,0
WBGene00003538.,0,1,1
WBGene00003539.,1,1,2
WBGene00003540.,0,4,4
WBGene00003541.,8,1,9
WBGene00003542.,0,8,8
WBGene00003543.,3,2,5
WBGene00003544.,25,93,118
WBGene00003545.,13,2,15
WBGene00003546.,15,94,109
WBGene00003547.,1,11,12
WBGene00003548.,67,145,212
WBGene00003549.,48,646,694
WBGene00003550.,327,906,1233
WBGene00003551.,10,26,36
WBGene00003552.,186,271,457
WBGene00003553.,98,310,408
WBGene00003554.,7,5,12
WBGene00003555.,87,246,333
WBGene00003556.,23,0,23
WBGene00003558.,150,193,343
WBGene00003559.,839,4631,5470
WBGene00003561.,171,314,485
WBGene00003562.,6,64,70
WBGene00003563.,29,142,171
WBGene00003564.,50,3673,3723
WBGene00003565.,195,1371,1566
WBGene00003566.,237,1551,1788
WBGene00003567.,466,6786,7252
WBGene00003568.,95,1031,1126
WBGene00003569.,58,855,913
WBGene00003570.,2,13,15
WBGene00003571.,8,10,18
WBGene00003572.,6,48,54
WBGene00003573.,1,48,49
WBGene00003574.,4,2,6
WBGene00003575.,4,23,27
WBGene00003576.,129,838,967
WBGene00003577.,30,68,98
WBGene00003578.,286,1256,1542
WBGene00003579.,3,235,238
WBGene00003580.,35,347,382
WBGene00003581.,82,859,941
WBGene00003582.,250,732,982
WBGene00003583.,35,363,398
WBGene00003584.,91,512,603
WBGene00003585.,121,44,165
WBGene00003586.,23,277,300
WBGene00003587.,161,4248,4409
WBGene00003588.,7,4172,4179
WBGene00003589.,134,980,1114
WBGene00003590.,73,259,332
WBGene00003591.,69,605,674
WBGene00003592.,189,1293,1482
WBGene00003593.,136,778,914
WBGene00003594.,142,530,672
WBGene00003595.,1,2,3
WBGene00003596.,449,5181,5630
WBGene00003597.,344,1205,1549
WBGene00003598.,62,1975,2037
WBGene00003599.,183,672,855
WBGene00003600.,1199,2844,4043
WBGene00003601.,6,60,66
WBGene00003602.,44,727,771
WBGene00003603.,68,689,757
WBGene00003604.,44,245,289
WBGene00003605.,80,696,776
WBGene00003606.,201,621,822
WBGene00003607.,11,48,59
WBGene00003608.,1,22,23
WBGene00003609.,170,1142,1312
WBGene00003610.,58,210,268
WBGene00003611.,59,413,472
WBGene00003612.,56,146,202
WBGene00003613.,18,519,537
WBGene00003614.,333,313,646
WBGene00003615.,4,36,40
WBGene00003616.,180,378,558
WBGene00003617.,4,110,114
WBGene00003618.,453,2382,2835
WBGene00003619.,166,1211,1377
WBGene00003620.,233,747,980
WBGene00003621.,73,286,359
WBGene00003622.,199,445,644
WBGene00003623.,43,543,586
WBGene00003624.,49,631,680
WBGene00003625.,131,1173,1304
WBGene00003626.,160,604,764
WBGene00003627.,498,1217,1715
WBGene00003628.,210,593,803
WBGene00003629.,2,1,3
WBGene00003630.,908,1885,2793
WBGene00003632.,90,615,705
WBGene00003633.,41,328,369
WBGene00003634.,93,347,440
WBGene00003635.,26,522,548
WBGene00003636.,355,1111,1466
WBGene00003637.,135,833,968
WBGene00003638.,85,701,786
WBGene00003639.,137,1851,1988
WBGene00003640.,58,516,574
WBGene00003641.,1,20,21
WBGene00003642.,2,11,13
WBGene00003643.,4,12,16
WBGene00003644.,11,55,66
WBGene00003645.,25,112,137
WBGene00003646.,32,297,329
WBGene00003647.,71,267,338
WBGene00003648.,10,221,231
WBGene00003649.,19,148,167
WBGene00003650.,12,74,86
WBGene00003651.,74,416,490
WBGene00003652.,63,223,286
WBGene00003653.,22,247,269
WBGene00003654.,88,225,313
WBGene00003655.,42,216,258
WBGene00003656.,81,1018,1099
WBGene00003657.,20,231,251
WBGene00003658.,203,1928,2131
WBGene00003659.,17,224,241
WBGene00003660.,72,585,657
WBGene00003661.,81,568,649
WBGene00003662.,2,7,9
WBGene00003663.,1,187,188
WBGene00003664.,192,37,229
WBGene00003665.,0,0,0
WBGene00003667.,1,5,6
WBGene00003668.,182,311,493
WBGene00003669.,11,55,66
WBGene00003670.,18,165,183
WBGene00003671.,0,1,1
WBGene00003672.,1,4,5
WBGene00003673.,6,41,47
WBGene00003674.,40,546,586
WBGene00003675.,234,759,993
WBGene00003676.,147,366,513
WBGene00003677.,102,509,611
WBGene00003678.,224,1543,1767
WBGene00003679.,0,0,0
WBGene00003680.,23,110,133
WBGene00003681.,123,924,1047
WBGene00003682.,8,12,20
WBGene00003683.,0,45,45
WBGene00003684.,20,110,130
WBGene00003685.,107,406,513
WBGene00003686.,2,72,74
WBGene00003687.,85,4584,4669
WBGene00003688.,65,228,293
WBGene00003689.,5,22,27
WBGene00003690.,140,1118,1258
WBGene00003691.,484,1200,1684
WBGene00003692.,25,143,168
WBGene00003693.,12,78,90
WBGene00003694.,71,369,440
WBGene00003695.,549,2606,3155
WBGene00003696.,10,7,17
WBGene00003697.,38,198,236
WBGene00003698.,1,17,18
WBGene00003699.,2,98,100
WBGene00003700.,3,28,31
WBGene00003701.,1,0,1
WBGene00003702.,21,246,267
WBGene00003703.,43,276,319
WBGene00003704.,405,1935,2340
WBGene00003705.,15,62,77
WBGene00003706.,14,72,86
WBGene00003707.,40,242,282
WBGene00003708.,0,0,0
WBGene00003709.,44,201,245
WBGene00003710.,63,319,382
WBGene00003711.,10,14,24
WBGene00003712.,33,157,190
WBGene00003713.,14,67,81
WBGene00003714.,23,18,41
WBGene00003715.,123,182,305
WBGene00003716.,9,57,66
WBGene00003717.,8,58,66
WBGene00003718.,11,70,81
WBGene00003719.,18,182,200
WBGene00003720.,21,74,95
WBGene00003721.,20,186,206
WBGene00003722.,55,287,342
WBGene00003723.,11,225,236
WBGene00003724.,11,216,227
WBGene00003725.,87,249,336
WBGene00003726.,74,509,583
WBGene00003727.,211,267,478
WBGene00003728.,312,1168,1480
WBGene00003729.,14,104,118
WBGene00003730.,4,52,56
WBGene00003731.,40,90,130
WBGene00003732.,45,266,311
WBGene00003733.,29,250,279
WBGene00003734.,0,5,5
WBGene00003735.,144,348,492
WBGene00003736.,28,78,106
WBGene00003738.,25,469,494
WBGene00003739.,84,650,734
WBGene00003740.,4,141,145
WBGene00003741.,8,1719,1727
WBGene00003742.,0,34,34
WBGene00003743.,170,596,766
WBGene00003744.,172,1904,2076
WBGene00003745.,81,1019,1100
WBGene00003746.,19,1199,1218
WBGene00003747.,25,846,871
WBGene00003748.,191,2312,2503
WBGene00003749.,200,2793,2993
WBGene00003750.,404,2502,2906
WBGene00003751.,20,1930,1950
WBGene00003752.,22,1229,1251
WBGene00003753.,536,2392,2928
WBGene00003754.,37,649,686
WBGene00003755.,45,1792,1837
WBGene00003756.,365,7736,8101
WBGene00003757.,28,556,584
WBGene00003758.,88,672,760
WBGene00003759.,481,2219,2700
WBGene00003760.,13,3,16
WBGene00003761.,1,31,32
WBGene00003762.,689,5061,5750
WBGene00003763.,49,154,203
WBGene00003764.,130,1219,1349
WBGene00003765.,306,2452,2758
WBGene00003766.,75,1002,1077
WBGene00003767.,434,5883,6317
WBGene00003768.,79,710,789
WBGene00003769.,279,2745,3024
WBGene00003770.,18,74,92
WBGene00003771.,2976,12150,15126
WBGene00003772.,40,281,321
WBGene00003773.,125,549,674
WBGene00003774.,7,32,39
WBGene00003775.,37,73,110
WBGene00003776.,321,3301,3622
WBGene00003777.,195,3235,3430
WBGene00003778.,21,65,86
WBGene00003779.,3,210,213
WBGene00003783.,1,95,96
WBGene00003784.,0,9,9
WBGene00003785.,63,1017,1080
WBGene00003786.,123,662,785
WBGene00003787.,18,911,929
WBGene00003788.,225,1294,1519
WBGene00003789.,114,1054,1168
WBGene00003790.,48,706,754
WBGene00003791.,23,938,961
WBGene00003792.,162,1317,1479
WBGene00003793.,47,1416,1463
WBGene00003794.,367,1183,1550
WBGene00003795.,26,2196,2222
WBGene00003796.,98,1947,2045
WBGene00003797.,92,1145,1237
WBGene00003798.,63,1708,1771
WBGene00003799.,369,1493,1862
WBGene00003800.,28,1423,1451
WBGene00003801.,28,777,805
WBGene00003802.,23,1866,1889
WBGene00003803.,40,1235,1275
WBGene00003804.,62,1055,1117
WBGene00003805.,42,889,931
WBGene00003806.,170,1864,2034
WBGene00003807.,29,106,135
WBGene00003808.,102,399,501
WBGene00003812.,51,1288,1339
WBGene00003813.,30,91,121
WBGene00003815.,286,3482,3768
WBGene00003816.,3,172,175
WBGene00003818.,151,1744,1895
WBGene00003821.,488,4956,5444
WBGene00003822.,63,1338,1401
WBGene00003825.,161,3556,3717
WBGene00003826.,591,1380,1971
WBGene00003827.,219,1485,1704
WBGene00003828.,42,251,293
WBGene00003829.,16,1755,1771
WBGene00003830.,96,690,786
WBGene00003831.,1653,9834,11487
WBGene00003834.,63,1378,1441
WBGene00003835.,6,195,201
WBGene00003836.,481,2299,2780
WBGene00003837.,448,1344,1792
WBGene00003838.,10,31,41
WBGene00003839.,13,68,81
WBGene00003840.,7,37,44
WBGene00003841.,4,15,19
WBGene00003842.,30,122,152
WBGene00003843.,41,444,485
WBGene00003844.,3,629,632
WBGene00003845.,0,1,1
WBGene00003846.,1,157,158
WBGene00003847.,124,1184,1308
WBGene00003848.,17,45,62
WBGene00003849.,174,553,727
WBGene00003850.,22,253,275
WBGene00003851.,95,1165,1260
WBGene00003854.,1,13,14
WBGene00003856.,10,49,59
WBGene00003858.,465,3163,3628
WBGene00003859.,63,390,453
WBGene00003860.,358,2384,2742
WBGene00003861.,31,462,493
WBGene00003862.,12,197,209
WBGene00003863.,0,0,0
WBGene00003864.,0,47,47
WBGene00003865.,2,74,76
WBGene00003868.,83,740,823
WBGene00003870.,18,704,722
WBGene00003876.,12,80,92
WBGene00003877.,16,118,134
WBGene00003878.,17,212,229
WBGene00003879.,1,13,14
WBGene00003882.,34,365,399
WBGene00003883.,82,230,312
WBGene00003884.,20,150,170
WBGene00003885.,58,158,216
WBGene00003886.,22,116,138
WBGene00003887.,55,308,363
WBGene00003888.,1,12,13
WBGene00003889.,4,12,16
WBGene00003890.,7,93,100
WBGene00003891.,24,4070,4094
WBGene00003892.,36,97,133
WBGene00003893.,13728,106919,120647
WBGene00003898.,81,517,598
WBGene00003901.,83,4475,4558
WBGene00003902.,1237,61417,62654
WBGene00003903.,86,7159,7245
WBGene00003904.,51,3270,3321
WBGene00003905.,456,982,1438
WBGene00003906.,3,6,9
WBGene00003907.,215,688,903
WBGene00003909.,16,227,243
WBGene00003911.,79,1013,1092
WBGene00003912.,13,131,144
WBGene00003914.,257,1799,2056
WBGene00003915.,569,5088,5657
WBGene00003916.,1169,2880,4049
WBGene00003917.,132,209,341
WBGene00003918.,93,704,797
WBGene00003919.,116,161,277
WBGene00003920.,378,27127,27505
WBGene00003921.,47,431,478
WBGene00003922.,24,2097,2121
WBGene00003923.,26,4857,4883
WBGene00003924.,11,5508,5519
WBGene00003925.,350,4205,4555
WBGene00003926.,342,6996,7338
WBGene00003927.,66,4403,4469
WBGene00003928.,48,3152,3200
WBGene00003929.,283,5004,5287
WBGene00003930.,204,4379,4583
WBGene00003931.,154,3589,3743
WBGene00003932.,459,3663,4122
WBGene00003933.,86,1295,1381
WBGene00003934.,23693,227300,250993
WBGene00003936.,340,2088,2428
WBGene00003937.,1,9,10
WBGene00003938.,11,17,28
WBGene00003939.,39,352,391
WBGene00003941.,134,498,632
WBGene00003943.,17,41,58
WBGene00003947.,37,3732,3769
WBGene00003948.,5,3806,3811
WBGene00003949.,36,3460,3496
WBGene00003950.,312,5018,5330
WBGene00003951.,182,2538,2720
WBGene00003952.,435,3319,3754
WBGene00003953.,47,4981,5028
WBGene00003954.,230,925,1155
WBGene00003955.,10,3944,3954
WBGene00003956.,8,196,204
WBGene00003957.,0,24,24
WBGene00003958.,0,145,145
WBGene00003959.,5,62,67
WBGene00003960.,105,849,954
WBGene00003961.,313,1627,1940
WBGene00003962.,392,7524,7916
WBGene00003963.,164,24513,24677
WBGene00003964.,771,18454,19225
WBGene00003965.,57,352,409
WBGene00003966.,421,1279,1700
WBGene00003967.,76,713,789
WBGene00003968.,72,474,546
WBGene00003969.,200,576,776
WBGene00003970.,71,629,700
WBGene00003975.,137,648,785
WBGene00003976.,5,98,103
WBGene00003977.,0,0,0
WBGene00003978.,293,720,1013
WBGene00003979.,3,189,192
WBGene00003980.,92,414,506
WBGene00003981.,1,3,4
WBGene00003982.,11,1115,1126
WBGene00003983.,0,2,2
WBGene00003986.,41,629,670
WBGene00003987.,5,3,8
WBGene00003989.,44,4466,4510
WBGene00003990.,42,1806,1848
WBGene00003991.,627,4735,5362
WBGene00003992.,11,1118,1129
WBGene00003993.,60,248,308
WBGene00003994.,3,183,186
WBGene00003995.,36,158,194
WBGene00003996.,117,442,559
WBGene00003997.,4,34,38
WBGene00003998.,52,131,183
WBGene00003999.,4,16,20
WBGene00004000.,13,48,61
WBGene00004001.,2,1,3
WBGene00004002.,5,7,12
WBGene00004003.,19,60,79
WBGene00004004.,107,632,739
WBGene00004005.,18,23,41
WBGene00004006.,7,46,53
WBGene00004007.,1,2,3
WBGene00004008.,0,104,104
WBGene00004009.,0,1,1
WBGene00004010.,72,480,552
WBGene00004011.,4,26,30
WBGene00004013.,207,610,817
WBGene00004014.,67,16797,16864
WBGene00004015.,98,15781,15879
WBGene00004016.,130,487,617
WBGene00004017.,1,54,55
WBGene00004020.,19,73,92
WBGene00004023.,102,442,544
WBGene00004024.,13,166,179
WBGene00004025.,132,1358,1490
WBGene00004026.,22,7,29
WBGene00004027.,0,55,55
WBGene00004028.,119,175,294
WBGene00004029.,120,237,357
WBGene00004030.,34,134,168
WBGene00004031.,41,573,614
WBGene00004032.,442,2667,3109
WBGene00004033.,285,952,1237
WBGene00004034.,169,594,763
WBGene00004035.,75,463,538
WBGene00004036.,296,808,1104
WBGene00004037.,20,156,176
WBGene00004038.,32,277,309
WBGene00004039.,162,1996,2158
WBGene00004040.,152,1517,1669
WBGene00004041.,1,425,426
WBGene00004042.,9,1003,1012
WBGene00004043.,5,175,180
WBGene00004044.,13,186,199
WBGene00004045.,281,582,863
WBGene00004046.,209,8354,8563
WBGene00004047.,436,775,1211
WBGene00004048.,29,294,323
WBGene00004049.,218,402,620
WBGene00004050.,14,566,580
WBGene00004051.,107,743,850
WBGene00004052.,2,8,10
WBGene00004053.,145,1880,2025
WBGene00004054.,23,4,27
WBGene00004055.,104,668,772
WBGene00004056.,80,536,616
WBGene00004057.,94,607,701
WBGene00004058.,8,56,64
WBGene00004059.,91,352,443
WBGene00004060.,188,781,969
WBGene00004061.,4,74,78
WBGene00004062.,33,283,316
WBGene00004063.,83,707,790
WBGene00004064.,155,728,883
WBGene00004068.,71,640,711
WBGene00004075.,42,711,753
WBGene00004076.,327,2286,2613
WBGene00004077.,231,1224,1455
WBGene00004078.,0,45,45
WBGene00004083.,35,753,788
WBGene00004084.,0,1,1
WBGene00004085.,106,1444,1550
WBGene00004086.,53,238,291
WBGene00004087.,249,1400,1649
WBGene00004088.,241,1394,1635
WBGene00004089.,23,334,357
WBGene00004090.,229,911,1140
WBGene00004091.,94,1318,1412
WBGene00004092.,57,499,556
WBGene00004093.,15,446,461
WBGene00004094.,29,896,925
WBGene00004095.,254,2586,2840
WBGene00004096.,14,274,288
WBGene00004098.,0,0,0
WBGene00004099.,0,1,1
WBGene00004100.,59,267,326
WBGene00004101.,183,1032,1215
WBGene00004102.,3,10,13
WBGene00004103.,1,2,3
WBGene00004104.,8,12,20
WBGene00004105.,93,723,816
WBGene00004106.,47,934,981
WBGene00004107.,1,8,9
WBGene00004108.,266,897,1163
WBGene00004109.,247,954,1201
WBGene00004110.,153,1052,1205
WBGene00004111.,112,885,997
WBGene00004112.,411,7353,7764
WBGene00004113.,386,6234,6620
WBGene00004114.,12,275,287
WBGene00004115.,18,8,26
WBGene00004116.,222,1009,1231
WBGene00004117.,282,1606,1888
WBGene00004118.,27,117,144
WBGene00004119.,92,434,526
WBGene00004120.,1,43,44
WBGene00004121.,168,882,1050
WBGene00004122.,81,823,904
WBGene00004123.,32,140,172
WBGene00004124.,41,344,385
WBGene00004125.,84,484,568
WBGene00004126.,166,932,1098
WBGene00004127.,7,32,39
WBGene00004128.,1403,3233,4636
WBGene00004129.,25,476,501
WBGene00004130.,732,11838,12570
WBGene00004131.,2529,8030,10559
WBGene00004132.,226,1916,2142
WBGene00004133.,8,100,108
WBGene00004134.,805,5034,5839
WBGene00004135.,1270,8548,9818
WBGene00004136.,445,3035,3480
WBGene00004138.,311,2065,2376
WBGene00004139.,0,7,7
WBGene00004140.,53,1126,1179
WBGene00004141.,0,0,0
WBGene00004143.,230,8943,9173
WBGene00004144.,16,502,518
WBGene00004145.,260,2131,2391
WBGene00004146.,1,6,7
WBGene00004147.,282,1621,1903
WBGene00004148.,177,1003,1180
WBGene00004149.,3,2,5
WBGene00004150.,4,6,10
WBGene00004151.,218,857,1075
WBGene00004152.,229,2904,3133
WBGene00004153.,0,0,0
WBGene00004154.,41,42,83
WBGene00004155.,6,15,21
WBGene00004156.,8,139,147
WBGene00004157.,25,1541,1566
WBGene00004158.,0,0,0
WBGene00004159.,0,0,0
WBGene00004160.,0,0,0
WBGene00004161.,342,1240,1582
WBGene00004163.,7,18,25
WBGene00004164.,278,1795,2073
WBGene00004165.,14,13,27
WBGene00004166.,275,1433,1708
WBGene00004167.,926,4614,5540
WBGene00004168.,13,394,407
WBGene00004169.,62,269,331
WBGene00004170.,0,0,0
WBGene00004171.,0,0,0
WBGene00004172.,56,414,470
WBGene00004173.,81,926,1007
WBGene00004174.,0,17,17
WBGene00004175.,15,149,164
WBGene00004176.,0,8,8
WBGene00004177.,2,23,25
WBGene00004178.,65,1441,1506
WBGene00004179.,18,484,502
WBGene00004180.,85,583,668
WBGene00004181.,107,519,626
WBGene00004182.,410,1454,1864
WBGene00004183.,26,45,71
WBGene00004184.,100,1795,1895
WBGene00004185.,89,3563,3652
WBGene00004186.,514,1536,2050
WBGene00004187.,177,5801,5978
WBGene00004188.,113,1202,1315
WBGene00004189.,170,6327,6497
WBGene00004190.,33,282,315
WBGene00004191.,61,73,134
WBGene00004192.,679,738,1417
WBGene00004193.,31,102,133
WBGene00004194.,21,148,169
WBGene00004195.,24,67,91
WBGene00004196.,0,0,0
WBGene00004197.,18,141,159
WBGene00004198.,21,163,184
WBGene00004199.,6,260,266
WBGene00004201.,39,3488,3527
WBGene00004202.,238,1137,1375
WBGene00004203.,188,1593,1781
WBGene00004204.,458,5284,5742
WBGene00004205.,24,344,368
WBGene00004206.,86,415,501
WBGene00004207.,155,835,990
WBGene00004208.,230,3342,3572
WBGene00004209.,0,0,0
WBGene00004210.,83,712,795
WBGene00004211.,18,27,45
WBGene00004212.,41,1062,1103
WBGene00004213.,304,1013,1317
WBGene00004214.,68,1097,1165
WBGene00004215.,720,1300,2020
WBGene00004216.,26,153,179
WBGene00004217.,21,152,173
WBGene00004218.,19,90,109
WBGene00004219.,82,783,865
WBGene00004220.,70,412,482
WBGene00004221.,21,186,207
WBGene00004222.,33,746,779
WBGene00004223.,10,59,69
WBGene00004224.,92,376,468
WBGene00004225.,40,129,169
WBGene00004226.,120,1231,1351
WBGene00004227.,73,244,317
WBGene00004228.,83,641,724
WBGene00004229.,7,101,108
WBGene00004230.,77,30,107
WBGene00004231.,17,24,41
WBGene00004232.,44,138,182
WBGene00004233.,17,3,20
WBGene00004234.,2,22,24
WBGene00004235.,40,360,400
WBGene00004236.,67,16,83
WBGene00004237.,57,502,559
WBGene00004238.,207,642,849
WBGene00004239.,0,60,60
WBGene00004240.,18,2,20
WBGene00004241.,1,28,29
WBGene00004242.,2,30,32
WBGene00004243.,0,56,56
WBGene00004244.,26,309,335
WBGene00004245.,191,2629,2820
WBGene00004246.,1,2,3
WBGene00004248.,16,1209,1225
WBGene00004249.,426,2280,2706
WBGene00004254.,160,869,1029
WBGene00004255.,15,66,81
WBGene00004256.,109,536,645
WBGene00004257.,53,258,311
WBGene00004258.,450,9419,9869
WBGene00004259.,17,742,759
WBGene00004264.,15,375,390
WBGene00004265.,162,322,484
WBGene00004266.,106,6906,7012
WBGene00004267.,98,2246,2344
WBGene00004268.,115,2916,3031
WBGene00004269.,66,740,806
WBGene00004270.,59,2124,2183
WBGene00004271.,136,618,754
WBGene00004272.,38,2066,2104
WBGene00004273.,88,2537,2625
WBGene00004274.,89,8735,8824
WBGene00004275.,9,29,38
WBGene00004276.,61,1396,1457
WBGene00004277.,113,1080,1193
WBGene00004278.,211,2472,2683
WBGene00004279.,34,238,272
WBGene00004281.,32,172,204
WBGene00004282.,114,577,691
WBGene00004283.,36,196,232
WBGene00004284.,43,734,777
WBGene00004285.,62,289,351
WBGene00004286.,39,944,983
WBGene00004287.,2,0,2
WBGene00004296.,159,1417,1576
WBGene00004297.,46,449,495
WBGene00004298.,38,94,132
WBGene00004300.,3,7808,7811
WBGene00004301.,9,15,24
WBGene00004302.,894,20053,20947
WBGene00004303.,69,1201,1270
WBGene00004304.,164,1899,2063
WBGene00004305.,84,4158,4242
WBGene00004306.,130,1330,1460
WBGene00004307.,97,1963,2060
WBGene00004308.,42,1021,1063
WBGene00004309.,4,20,24
WBGene00004310.,249,2080,2329
WBGene00004311.,314,1243,1557
WBGene00004312.,184,799,983
WBGene00004313.,130,1364,1494
WBGene00004314.,470,859,1329
WBGene00004315.,103,2992,3095
WBGene00004316.,581,972,1553
WBGene00004317.,72,591,663
WBGene00004318.,177,1052,1229
WBGene00004319.,139,2064,2203
WBGene00004320.,233,2961,3194
WBGene00004321.,23,1650,1673
WBGene00004322.,111,742,853
WBGene00004323.,197,1038,1235
WBGene00004324.,56,333,389
WBGene00004326.,62,1983,2045
WBGene00004328.,15,65,80
WBGene00004332.,11,157,168
WBGene00004333.,42,229,271
WBGene00004334.,4,86,90
WBGene00004335.,60,446,506
WBGene00004336.,731,9685,10416
WBGene00004337.,231,1696,1927
WBGene00004338.,119,566,685
WBGene00004339.,70,366,436
WBGene00004340.,161,1140,1301
WBGene00004341.,79,511,590
WBGene00004342.,10,22,32
WBGene00004343.,145,1102,1247
WBGene00004344.,22,424,446
WBGene00004345.,278,532,810
WBGene00004346.,42,261,303
WBGene00004347.,812,425,1237
WBGene00004348.,34,510,544
WBGene00004349.,256,629,885
WBGene00004350.,164,630,794
WBGene00004351.,0,0,0
WBGene00004352.,0,1,1
WBGene00004353.,2,5,7
WBGene00004354.,2,19,21
WBGene00004355.,42,1098,1140
WBGene00004356.,15,970,985
WBGene00004357.,1017,6717,7734
WBGene00004358.,249,1696,1945
WBGene00004359.,55,175,230
WBGene00004360.,91,358,449
WBGene00004361.,24,230,254
WBGene00004363.,68,1601,1669
WBGene00004364.,286,3625,3911
WBGene00004367.,181,754,935
WBGene00004368.,115,359,474
WBGene00004369.,69,636,705
WBGene00004370.,42,698,740
WBGene00004371.,107,1258,1365
WBGene00004372.,55,141,196
WBGene00004373.,269,2165,2434
WBGene00004374.,21,96,117
WBGene00004375.,75,461,536
WBGene00004377.,58,398,456
WBGene00004378.,152,1364,1516
WBGene00004380.,36,257,293
WBGene00004381.,65,700,765
WBGene00004382.,431,2055,2486
WBGene00004383.,29,568,597
WBGene00004384.,428,748,1176
WBGene00004385.,143,1563,1706
WBGene00004386.,136,1388,1524
WBGene00004387.,141,5587,5728
WBGene00004388.,197,1937,2134
WBGene00004389.,210,1767,1977
WBGene00004390.,448,3542,3990
WBGene00004391.,72,2605,2677
WBGene00004392.,54,2576,2630
WBGene00004393.,239,440,679
WBGene00004394.,1,1,2
WBGene00004395.,41,499,540
WBGene00004397.,18,169,187
WBGene00004398.,72,711,783
WBGene00004400.,3,216,219
WBGene00004401.,96,296,392
WBGene00004402.,9,7,16
WBGene00004403.,206,446,652
WBGene00004404.,97,406,503
WBGene00004405.,20,1285,1305
WBGene00004408.,244,206295,206539
WBGene00004409.,13458,95869,109327
WBGene00004410.,36263,114545,150808
WBGene00004411.,111,1467,1578
WBGene00004412.,31869,165858,197727
WBGene00004413.,373,126778,127151
WBGene00004414.,9409,169803,179212
WBGene00004415.,269,85006,85275
WBGene00004416.,16521,175399,191920
WBGene00004417.,16872,158540,175412
WBGene00004418.,34636,175473,210109
WBGene00004419.,32024,206306,238330
WBGene00004420.,24815,148606,173421
WBGene00004421.,11659,205769,217428
WBGene00004422.,1136,12215,13351
WBGene00004423.,27179,175356,202535
WBGene00004424.,46118,248133,294251
WBGene00004425.,15261,176554,191815
WBGene00004426.,20728,153553,174281
WBGene00004427.,2032,172528,174560
WBGene00004428.,19962,172573,192535
WBGene00004429.,58857,160684,219541
WBGene00004430.,28864,166431,195295
WBGene00004431.,18582,186444,205026
WBGene00004432.,1238,154366,155604
WBGene00004433.,12022,172733,184755
WBGene00004434.,17119,146521,163640
WBGene00004435.,15301,156513,171814
WBGene00004436.,27411,182883,210294
WBGene00004437.,910,10449,11359
WBGene00004438.,6170,31432,37602
WBGene00004439.,11867,61888,73755
WBGene00004440.,5898,140907,146805
WBGene00004441.,32461,89679,122140
WBGene00004442.,16127,106151,122278
WBGene00004443.,89580,66544,156124
WBGene00004444.,17326,106824,124150
WBGene00004445.,8144,133399,141543
WBGene00004446.,44319,216832,261151
WBGene00004447.,34942,147482,182424
WBGene00004448.,12220,133824,146044
WBGene00004449.,23835,168312,192147
WBGene00004450.,13123,193649,206772
WBGene00004451.,0,41,41
WBGene00004452.,14352,195847,210199
WBGene00004453.,6613,160894,167507
WBGene00004454.,24405,147718,172123
WBGene00004455.,3,17,20
WBGene00004456.,0,164830,164830
WBGene00004457.,8,467,475
WBGene00004458.,115,2488,2603
WBGene00004459.,13,2228,2241
WBGene00004460.,49,3897,3946
WBGene00004461.,60,2799,2859
WBGene00004462.,129,2254,2383
WBGene00004463.,142,3440,3582
WBGene00004464.,423,3502,3925
WBGene00004465.,224,2876,3100
WBGene00004466.,45,1976,2021
WBGene00004467.,21,2939,2960
WBGene00004468.,309,2268,2577
WBGene00004469.,2265,142263,144528
WBGene00004470.,9958,182869,192827
WBGene00004471.,89,126436,126525
WBGene00004472.,20120,167196,187316
WBGene00004473.,17917,156444,174361
WBGene00004474.,30091,191692,221783
WBGene00004475.,6511,92246,98757
WBGene00004476.,34081,173842,207923
WBGene00004477.,30437,205144,235581
WBGene00004478.,23598,223561,247159
WBGene00004479.,18944,159356,178300
WBGene00004480.,40839,190417,231256
WBGene00004481.,5038,165411,170449
WBGene00004482.,18322,138547,156869
WBGene00004483.,31094,215303,246397
WBGene00004484.,23247,167179,190426
WBGene00004485.,3353,66738,70091
WBGene00004486.,14268,119939,134207
WBGene00004487.,30915,177439,208354
WBGene00004488.,24576,162966,187542
WBGene00004489.,21206,156958,178164
WBGene00004490.,58909,107806,166715
WBGene00004491.,2153,113756,115909
WBGene00004492.,26883,217141,244024
WBGene00004493.,18922,168560,187482
WBGene00004494.,46988,268884,315872
WBGene00004495.,13279,180960,194239
WBGene00004496.,24744,155916,180660
WBGene00004497.,7846,141596,149442
WBGene00004498.,101788,111732,213520
WBGene00004499.,26641,149468,176109
WBGene00004501.,56,1690,1746
WBGene00004502.,67,3096,3163
WBGene00004503.,7,2139,2146
WBGene00004504.,648,3725,4373
WBGene00004505.,25,2304,2329
WBGene00004506.,45,3367,3412
WBGene00004507.,35,1149,1184
WBGene00004508.,83,774,857
WBGene00004509.,24,124,148
WBGene00004510.,29,483,512
WBGene00004512.,0,0,0
WBGene00004513.,0,0,0
WBGene00004567.,0,158603,158603
WBGene00004622.,0,6040266,6040266
WBGene00004677.,0,110976,110976
WBGene00004679.,347,2530,2877
WBGene00004680.,73,263,336
WBGene00004681.,478,960,1438
WBGene00004682.,93,782,875
WBGene00004684.,83,942,1025
WBGene00004698.,11,5438,5449
WBGene00004699.,111,3140,3251
WBGene00004700.,562,8459,9021
WBGene00004701.,14,2803,2817
WBGene00004702.,19,3290,3309
WBGene00004703.,310,8678,8988
WBGene00004704.,85,3305,3390
WBGene00004705.,206,3187,3393
WBGene00004706.,143,1397,1540
WBGene00004708.,0,0,0
WBGene00004716.,0,1,1
WBGene00004717.,0,0,0
WBGene00004719.,140,592,732
WBGene00004721.,49,406,455
WBGene00004723.,77,1172,1249
WBGene00004726.,37,486,523
WBGene00004727.,83,556,639
WBGene00004728.,236,1252,1488
WBGene00004729.,164,1019,1183
WBGene00004732.,491,2896,3387
WBGene00004735.,132,288,420
WBGene00004736.,1910,45737,47647
WBGene00004737.,3,569,572
WBGene00004738.,36,1613,1649
WBGene00004739.,825,4421,5246
WBGene00004740.,91,438,529
WBGene00004742.,10,26,36
WBGene00004743.,290,1050,1340
WBGene00004744.,58,713,771
WBGene00004745.,39,314,353
WBGene00004746.,24,970,994
WBGene00004747.,43,391,434
WBGene00004748.,36,197,233
WBGene00004749.,86,2713,2799
WBGene00004750.,0,0,0
WBGene00004751.,694,2111,2805
WBGene00004752.,73,643,716
WBGene00004753.,120,476,596
WBGene00004754.,592,1933,2525
WBGene00004755.,83,2596,2679
WBGene00004756.,24,930,954
WBGene00004758.,64,945,1009
WBGene00004759.,49,1260,1309
WBGene00004760.,352,1982,2334
WBGene00004762.,147,775,922
WBGene00004764.,13,127,140
WBGene00004765.,202,247,449
WBGene00004766.,262,4741,5003
WBGene00004767.,39,761,800
WBGene00004768.,14,883,897
WBGene00004769.,12,320,332
WBGene00004771.,24,265,289
WBGene00004773.,398,2070,2468
WBGene00004774.,34,992,1026
WBGene00004775.,19,249,268
WBGene00004776.,93,53,146
WBGene00004777.,123,430,553
WBGene00004778.,43,402,445
WBGene00004779.,282,824,1106
WBGene00004780.,64,148,212
WBGene00004781.,23,889,912
WBGene00004782.,106,1030,1136
WBGene00004783.,689,2563,3252
WBGene00004786.,17,141,158
WBGene00004787.,117,423,540
WBGene00004788.,51,3504,3555
WBGene00004789.,30,98,128
WBGene00004790.,389,1918,2307
WBGene00004793.,83,136,219
WBGene00004795.,25,227,252
WBGene00004796.,5,27,32
WBGene00004798.,212,2164,2376
WBGene00004800.,56,1214,1270
WBGene00004801.,131,1222,1353
WBGene00004802.,21,41,62
WBGene00004803.,47,176,223
WBGene00004804.,342,2266,2608
WBGene00004806.,254,1277,1531
WBGene00004807.,62,9170,9232
WBGene00004808.,13,1199,1212
WBGene00004809.,191,1718,1909
WBGene00004810.,2,30,32
WBGene00004811.,1,26,27
WBGene00004812.,0,0,0
WBGene00004813.,0,1,1
WBGene00004814.,0,0,0
WBGene00004815.,0,0,0
WBGene00004816.,0,294,294
WBGene00004817.,0,4,4
WBGene00004818.,0,0,0
WBGene00004819.,0,2,2
WBGene00004820.,0,0,0
WBGene00004821.,0,0,0
WBGene00004822.,0,463,463
WBGene00004823.,0,267,267
WBGene00004824.,110,630,740
WBGene00004825.,0,60,60
WBGene00004826.,0,482,482
WBGene00004827.,0,35,35
WBGene00004829.,236,927,1163
WBGene00004830.,203,1798,2001
WBGene00004831.,242,701,943
WBGene00004833.,0,268,268
WBGene00004834.,0,6,6
WBGene00004835.,0,11,11
WBGene00004836.,0,752,752
WBGene00004837.,0,0,0
WBGene00004838.,0,0,0
WBGene00004839.,0,27,27
WBGene00004840.,0,36,36
WBGene00004841.,0,27,27
WBGene00004842.,0,4,4
WBGene00004843.,0,0,0
WBGene00004844.,0,1,1
WBGene00004845.,0,1,1
WBGene00004846.,0,9,9
WBGene00004847.,0,0,0
WBGene00004848.,0,12,12
WBGene00004849.,0,54,54
WBGene00004850.,0,0,0
WBGene00004851.,0,3,3
WBGene00004854.,165,1063,1228
WBGene00004855.,329,4152,4481
WBGene00004856.,204,404,608
WBGene00004857.,98,501,599
WBGene00004858.,76,257,333
WBGene00004859.,49,340,389
WBGene00004860.,54,486,540
WBGene00004862.,638,2627,3265
WBGene00004873.,479,2125,2604
WBGene00004874.,128,2118,2246
WBGene00004875.,1,88,89
WBGene00004876.,14,98,112
WBGene00004877.,2,3,5
WBGene00004878.,8,10,18
WBGene00004879.,234,1287,1521
WBGene00004880.,94,1367,1461
WBGene00004881.,205,954,1159
WBGene00004882.,47,914,961
WBGene00004883.,6,242,248
WBGene00004884.,245,1640,1885
WBGene00004885.,16,327,343
WBGene00004886.,58,443,501
WBGene00004887.,110,1535,1645
WBGene00004888.,1194,14141,15335
WBGene00004889.,140,928,1068
WBGene00004890.,31,303,334
WBGene00004891.,101,1870,1971
WBGene00004892.,361,1608,1969
WBGene00004893.,46,579,625
WBGene00004894.,500,525,1025
WBGene00004895.,3166,948,4114
WBGene00004896.,548,1944,2492
WBGene00004897.,16,6751,6767
WBGene00004898.,9,172,181
WBGene00004899.,4,3,7
WBGene00004900.,39,990,1029
WBGene00004901.,3,2,5
WBGene00004902.,98,1493,1591
WBGene00004903.,1,3,4
WBGene00004904.,8,2,10
WBGene00004905.,153,166,319
WBGene00004906.,10,2,12
WBGene00004907.,89,132,221
WBGene00004908.,3,2,5
WBGene00004909.,2,3,5
WBGene00004910.,62,2210,2272
WBGene00004911.,4,109,113
WBGene00004912.,45,704,749
WBGene00004913.,88,471,559
WBGene00004914.,160,7334,7494
WBGene00004915.,13,7458,7471
WBGene00004916.,241,6473,6714
WBGene00004917.,191,6384,6575
WBGene00004918.,1230,6774,8004
WBGene00004919.,264,5677,5941
WBGene00004920.,879,9069,9948
WBGene00004921.,290,2304,2594
WBGene00004922.,144,395,539
WBGene00004923.,518,962,1480
WBGene00004924.,180,3109,3289
WBGene00004925.,192,284,476
WBGene00004926.,12,279,291
WBGene00004927.,89,902,991
WBGene00004928.,37,205,242
WBGene00004929.,619,1901,2520
WBGene00004930.,499,6706,7205
WBGene00004931.,527,3273,3800
WBGene00004932.,3,6,9
WBGene00004933.,101,377,478
WBGene00004944.,135,474,609
WBGene00004945.,55,758,813
WBGene00004946.,217,1147,1364
WBGene00004947.,1146,2144,3290
WBGene00004949.,181,573,754
WBGene00004950.,3,227,230
WBGene00004951.,165,7030,7195
WBGene00004952.,8,600,608
WBGene00004953.,35,623,658
WBGene00004954.,33,160,193
WBGene00004955.,186,1941,2127
WBGene00004958.,13,59,72
WBGene00004959.,8,81,89
WBGene00004960.,11,45,56
WBGene00004962.,1,0,1
WBGene00004963.,7,8,15
WBGene00004964.,2,5,7
WBGene00004965.,0,0,0
WBGene00004966.,1,2,3
WBGene00004969.,84,153,237
WBGene00004971.,2,11,13
WBGene00004972.,4,35,39
WBGene00004973.,0,0,0
WBGene00004974.,15,37,52
WBGene00004975.,20,348,368
WBGene00004976.,4,14,18
WBGene00004978.,520,3938,4458
WBGene00004979.,120,563,683
WBGene00004980.,286,6000,6286
WBGene00004981.,46,600,646
WBGene00004984.,5,159,164
WBGene00004985.,11,150,161
WBGene00004986.,37,401,438
WBGene00004987.,174,1331,1505
WBGene00004988.,59,371,430
WBGene00004989.,5,31,36
WBGene00004990.,268,2014,2282
WBGene00004991.,0,12,12
WBGene00004992.,3,8,11
WBGene00004993.,143,793,936
WBGene00004994.,3,9,12
WBGene00004995.,2165,8729,10894
WBGene00004996.,1,3,4
WBGene00004997.,1,12,13
WBGene00004998.,5,23,28
WBGene00004999.,177,1346,1523
WBGene00005000.,870,7939,8809
WBGene00005001.,16,109,125
WBGene00005002.,42,477,519
WBGene00005003.,66,464,530
WBGene00005004.,74,515,589
WBGene00005005.,0,0,0
WBGene00005006.,57,509,566
WBGene00005007.,34,1802,1836
WBGene00005008.,6,92,98
WBGene00005009.,30,1177,1207
WBGene00005010.,239,768,1007
WBGene00005011.,54,317,371
WBGene00005012.,3,1,4
WBGene00005013.,2,15,17
WBGene00005014.,28,692,720
WBGene00005015.,135,1937,2072
WBGene00005016.,1,701,702
WBGene00005017.,37,337,374
WBGene00005018.,21,630,651
WBGene00005019.,56,628,684
WBGene00005020.,145,201,346
WBGene00005021.,22,194,216
WBGene00005022.,20,1139,1159
WBGene00005023.,77,926,1003
WBGene00005024.,138,398,536
WBGene00005025.,42,318,360
WBGene00005026.,90,634,724
WBGene00005027.,0,5,5
WBGene00005028.,0,0,0
WBGene00005029.,1,1,2
WBGene00005030.,0,0,0
WBGene00005031.,3,1,4
WBGene00005032.,1,5,6
WBGene00005033.,3,16,19
WBGene00005034.,0,0,0
WBGene00005035.,0,1,1
WBGene00005036.,2,48,50
WBGene00005037.,0,8,8
WBGene00005038.,1,4,5
WBGene00005039.,1,7,8
WBGene00005040.,5,8,13
WBGene00005041.,0,0,0
WBGene00005042.,1,2,3
WBGene00005043.,0,2,2
WBGene00005044.,0,2,2
WBGene00005045.,1,2,3
WBGene00005046.,0,0,0
WBGene00005047.,0,6,6
WBGene00005048.,1,2,3
WBGene00005049.,0,0,0
WBGene00005050.,0,1,1
WBGene00005051.,0,3,3
WBGene00005052.,2,2,4
WBGene00005053.,2,5,7
WBGene00005054.,2,5,7
WBGene00005055.,0,0,0
WBGene00005056.,16,3,19
WBGene00005057.,4,1,5
WBGene00005058.,2,4,6
WBGene00005059.,10,9,19
WBGene00005060.,3,5,8
WBGene00005061.,7,3,10
WBGene00005062.,1,2,3
WBGene00005063.,5,46,51
WBGene00005064.,1,10,11
WBGene00005065.,5,4,9
WBGene00005066.,1,1,2
WBGene00005067.,0,3,3
WBGene00005068.,1,3,4
WBGene00005069.,1,0,1
WBGene00005070.,1,2,3
WBGene00005071.,0,2,2
WBGene00005072.,2,0,2
WBGene00005073.,0,0,0
WBGene00005074.,0,0,0
WBGene00005075.,1,2,3
WBGene00005076.,2,3,5
WBGene00005077.,117,843,960
WBGene00005078.,46,384,430
WBGene00005079.,1,3,4
WBGene00005080.,3,0,3
WBGene00005081.,4,9,13
WBGene00005082.,0,7,7
WBGene00005083.,3,1,4
WBGene00005084.,7,3,10
WBGene00005085.,2,2,4
WBGene00005086.,0,1,1
WBGene00005087.,0,2,2
WBGene00005088.,4,1,5
WBGene00005089.,4,8,12
WBGene00005090.,1,2,3
WBGene00005091.,4,2,6
WBGene00005092.,20,39,59
WBGene00005093.,2,8,10
WBGene00005094.,1,2,3
WBGene00005095.,1,4,5
WBGene00005096.,3,2,5
WBGene00005097.,0,3,3
WBGene00005098.,0,3,3
WBGene00005099.,0,1,1
WBGene00005100.,0,1,1
WBGene00005101.,12,71,83
WBGene00005102.,0,0,0
WBGene00005103.,0,0,0
WBGene00005104.,0,0,0
WBGene00005105.,0,1,1
WBGene00005106.,0,0,0
WBGene00005107.,0,7,7
WBGene00005108.,2,12,14
WBGene00005109.,0,0,0
WBGene00005110.,48,63,111
WBGene00005111.,11,69,80
WBGene00005112.,1,1,2
WBGene00005113.,26,63,89
WBGene00005114.,1,4,5
WBGene00005115.,0,4,4
WBGene00005116.,6,0,6
WBGene00005117.,1,1,2
WBGene00005118.,1,3,4
WBGene00005119.,3,1,4
WBGene00005120.,5,6,11
WBGene00005121.,3,1,4
WBGene00005122.,0,2,2
WBGene00005123.,1,0,1
WBGene00005124.,0,0,0
WBGene00005125.,0,0,0
WBGene00005126.,1,5,6
WBGene00005127.,12,55,67
WBGene00005128.,28,11,39
WBGene00005129.,43,75,118
WBGene00005130.,0,0,0
WBGene00005131.,21,82,103
WBGene00005132.,2,9,11
WBGene00005133.,14,11,25
WBGene00005134.,0,1,1
WBGene00005135.,0,0,0
WBGene00005136.,0,3,3
WBGene00005137.,0,0,0
WBGene00005138.,0,0,0
WBGene00005139.,0,1,1
WBGene00005140.,2,2,4
WBGene00005141.,1,2,3
WBGene00005142.,2,4,6
WBGene00005143.,9,3,12
WBGene00005144.,9,9,18
WBGene00005145.,2,1,3
WBGene00005146.,5,4,9
WBGene00005147.,9,70,79
WBGene00005148.,0,0,0
WBGene00005149.,9,35,44
WBGene00005150.,33,71,104
WBGene00005153.,102,244,346
WBGene00005159.,2,2,4
WBGene00005160.,0,2,2
WBGene00005161.,1,1,2
WBGene00005162.,17,21,38
WBGene00005163.,2,22,24
WBGene00005164.,0,1,1
WBGene00005165.,3,4,7
WBGene00005166.,1,2,3
WBGene00005167.,3,2,5
WBGene00005168.,0,13,13
WBGene00005169.,6,8,14
WBGene00005170.,6,9,15
WBGene00005171.,3,9,12
WBGene00005172.,3,14,17
WBGene00005173.,0,0,0
WBGene00005174.,22,64,86
WBGene00005175.,3,8,11
WBGene00005176.,3,3,6
WBGene00005177.,2,4,6
WBGene00005178.,1,4,5
WBGene00005179.,0,0,0
WBGene00005180.,3,0,3
WBGene00005181.,3,1,4
WBGene00005182.,2,9,11
WBGene00005183.,5,14,19
WBGene00005184.,0,2,2
WBGene00005185.,5,6,11
WBGene00005186.,3,6,9
WBGene00005187.,0,15,15
WBGene00005188.,1,0,1
WBGene00005189.,4,6,10
WBGene00005190.,0,0,0
WBGene00005191.,8,11,19
WBGene00005192.,1,2,3
WBGene00005193.,24,0,24
WBGene00005194.,1,10,11
WBGene00005195.,3,12,15
WBGene00005196.,0,0,0
WBGene00005197.,3,14,17
WBGene00005198.,3,8,11
WBGene00005199.,1,2,3
WBGene00005200.,2,0,2
WBGene00005201.,0,0,0
WBGene00005202.,10,10,20
WBGene00005203.,3,8,11
WBGene00005204.,1,1,2
WBGene00005205.,2,8,10
WBGene00005206.,0,16,16
WBGene00005207.,1,6,7
WBGene00005208.,3,9,12
WBGene00005210.,0,11,11
WBGene00005211.,3,3,6
WBGene00005212.,2,2,4
WBGene00005213.,6,10,16
WBGene00005214.,1,1,2
WBGene00005215.,0,0,0
WBGene00005216.,1,0,1
WBGene00005217.,1,1,2
WBGene00005218.,0,5,5
WBGene00005219.,4,14,18
WBGene00005220.,1,0,1
WBGene00005221.,0,1,1
WBGene00005222.,4,2,6
WBGene00005223.,0,2,2
WBGene00005224.,3,1,4
WBGene00005225.,0,0,0
WBGene00005226.,9,23,32
WBGene00005227.,0,2,2
WBGene00005228.,542,118,660
WBGene00005229.,0,1,1
WBGene00005230.,0,0,0
WBGene00005231.,1,7,8
WBGene00005232.,0,1,1
WBGene00005233.,1,0,1
WBGene00005234.,1,0,1
WBGene00005235.,0,0,0
WBGene00005236.,0,14,14
WBGene00005237.,1,8,9
WBGene00005238.,0,0,0
WBGene00005239.,0,0,0
WBGene00005240.,1,5,6
WBGene00005241.,2,11,13
WBGene00005242.,8,12,20
WBGene00005243.,1,38,39
WBGene00005244.,2,2,4
WBGene00005245.,0,1,1
WBGene00005246.,1,9,10
WBGene00005247.,0,0,0
WBGene00005248.,0,1,1
WBGene00005249.,2,0,2
WBGene00005250.,0,1,1
WBGene00005251.,11,35,46
WBGene00005252.,1,3,4
WBGene00005253.,18,68,86
WBGene00005254.,1,0,1
WBGene00005255.,1,2,3
WBGene00005256.,3,0,3
WBGene00005257.,0,12,12
WBGene00005258.,1,4,5
WBGene00005259.,0,0,0
WBGene00005260.,0,7,7
WBGene00005261.,1,0,1
WBGene00005262.,6,14,20
WBGene00005263.,0,3,3
WBGene00005264.,4,4,8
WBGene00005265.,1,3,4
WBGene00005266.,0,0,0
WBGene00005267.,7,13,20
WBGene00005268.,0,1,1
WBGene00005269.,2,11,13
WBGene00005270.,2,2,4
WBGene00005271.,14,13,27
WBGene00005272.,3,5,8
WBGene00005273.,2,3,5
WBGene00005274.,0,1,1
WBGene00005275.,2,2,4
WBGene00005276.,0,1,1
WBGene00005277.,0,1,1
WBGene00005278.,0,0,0
WBGene00005279.,1,4,5
WBGene00005280.,0,0,0
WBGene00005281.,0,0,0
WBGene00005282.,0,3,3
WBGene00005283.,1,9,10
WBGene00005284.,0,0,0
WBGene00005285.,0,0,0
WBGene00005286.,0,1,1
WBGene00005287.,0,0,0
WBGene00005288.,0,3,3
WBGene00005289.,1,21,22
WBGene00005290.,0,19,19
WBGene00005291.,0,3,3
WBGene00005292.,1,7,8
WBGene00005293.,0,13,13
WBGene00005294.,0,0,0
WBGene00005295.,1,2,3
WBGene00005296.,2,7,9
WBGene00005297.,2,13,15
WBGene00005298.,8,0,8
WBGene00005299.,14,40,54
WBGene00005300.,1,4,5
WBGene00005301.,4,2,6
WBGene00005302.,0,2,2
WBGene00005303.,1,7,8
WBGene00005304.,0,0,0
WBGene00005305.,0,5,5
WBGene00005306.,0,3,3
WBGene00005307.,0,1,1
WBGene00005308.,0,0,0
WBGene00005309.,0,1,1
WBGene00005310.,0,2,2
WBGene00005311.,12,4,16
WBGene00005312.,0,1,1
WBGene00005313.,2,2,4
WBGene00005314.,0,0,0
WBGene00005315.,0,3,3
WBGene00005316.,1,0,1
WBGene00005317.,0,2,2
WBGene00005318.,2,1,3
WBGene00005319.,1,3,4
WBGene00005320.,1,4,5
WBGene00005321.,1,0,1
WBGene00005322.,0,0,0
WBGene00005323.,0,1,1
WBGene00005324.,40,6,46
WBGene00005325.,0,3,3
WBGene00005326.,0,0,0
WBGene00005327.,0,8,8
WBGene00005328.,1,1,2
WBGene00005329.,0,0,0
WBGene00005330.,0,0,0
WBGene00005331.,0,1,1
WBGene00005332.,1,2,3
WBGene00005333.,0,0,0
WBGene00005334.,0,1,1
WBGene00005335.,1,1,2
WBGene00005336.,1,2,3
WBGene00005337.,3,1,4
WBGene00005338.,0,0,0
WBGene00005339.,1,3,4
WBGene00005340.,0,0,0
WBGene00005341.,1,0,1
WBGene00005342.,2,14,16
WBGene00005343.,26,44,70
WBGene00005344.,6,5,11
WBGene00005345.,6,5,11
WBGene00005346.,0,13,13
WBGene00005347.,3,14,17
WBGene00005348.,0,1,1
WBGene00005349.,0,0,0
WBGene00005350.,0,4,4
WBGene00005351.,1,1,2
WBGene00005352.,0,1,1
WBGene00005353.,0,14,14
WBGene00005354.,0,2,2
WBGene00005355.,1,0,1
WBGene00005356.,0,0,0
WBGene00005357.,0,1,1
WBGene00005358.,0,0,0
WBGene00005359.,3,3,6
WBGene00005360.,0,0,0
WBGene00005361.,0,1,1
WBGene00005362.,2,9,11
WBGene00005363.,2,4,6
WBGene00005364.,3,9,12
WBGene00005365.,1,2,3
WBGene00005366.,0,3,3
WBGene00005367.,0,0,0
WBGene00005368.,0,0,0
WBGene00005369.,0,0,0
WBGene00005370.,2,4,6
WBGene00005371.,2,2,4
WBGene00005372.,1,0,1
WBGene00005373.,0,0,0
WBGene00005374.,0,0,0
WBGene00005375.,0,1,1
WBGene00005376.,0,2,2
WBGene00005377.,0,0,0
WBGene00005378.,0,1,1
WBGene00005379.,0,2,2
WBGene00005380.,2,7,9
WBGene00005381.,0,0,0
WBGene00005382.,0,1,1
WBGene00005383.,1,3,4
WBGene00005384.,0,3,3
WBGene00005385.,0,1,1
WBGene00005386.,4,4,8
WBGene00005387.,17,11,28
WBGene00005388.,0,4,4
WBGene00005389.,1,3,4
WBGene00005390.,0,0,0
WBGene00005391.,0,1,1
WBGene00005392.,0,0,0
WBGene00005393.,0,1,1
WBGene00005394.,0,0,0
WBGene00005395.,0,1,1
WBGene00005396.,8,1,9
WBGene00005397.,0,1,1
WBGene00005398.,9,0,9
WBGene00005399.,2,5,7
WBGene00005400.,0,0,0
WBGene00005401.,0,2,2
WBGene00005402.,1,1,2
WBGene00005403.,7,51,58
WBGene00005404.,0,3,3
WBGene00005405.,11,18,29
WBGene00005406.,1,1,2
WBGene00005407.,1,1,2
WBGene00005408.,1,1,2
WBGene00005409.,0,5,5
WBGene00005410.,5,6,11
WBGene00005411.,0,5,5
WBGene00005412.,0,0,0
WBGene00005413.,0,3,3
WBGene00005414.,0,0,0
WBGene00005415.,1,5,6
WBGene00005416.,0,1,1
WBGene00005417.,0,9,9
WBGene00005418.,0,1,1
WBGene00005419.,0,4,4
WBGene00005420.,0,14,14
WBGene00005421.,5,4,9
WBGene00005422.,0,5,5
WBGene00005423.,1,3,4
WBGene00005424.,1,2,3
WBGene00005425.,0,1,1
WBGene00005426.,0,1,1
WBGene00005427.,3,8,11
WBGene00005428.,1,2,3
WBGene00005429.,2,2,4
WBGene00005430.,0,1,1
WBGene00005431.,3,4,7
WBGene00005432.,0,3,3
WBGene00005433.,1,1,2
WBGene00005434.,7,1,8
WBGene00005435.,0,0,0
WBGene00005436.,0,0,0
WBGene00005437.,1,6,7
WBGene00005438.,1,15,16
WBGene00005439.,0,0,0
WBGene00005440.,4,5,9
WBGene00005441.,0,0,0
WBGene00005442.,0,0,0
WBGene00005443.,0,1,1
WBGene00005444.,0,8,8
WBGene00005445.,16,0,16
WBGene00005446.,0,0,0
WBGene00005447.,0,2,2
WBGene00005448.,1,2,3
WBGene00005449.,0,0,0
WBGene00005450.,0,2,2
WBGene00005451.,0,0,0
WBGene00005452.,0,1,1
WBGene00005453.,0,1,1
WBGene00005454.,0,0,0
WBGene00005455.,0,0,0
WBGene00005456.,0,0,0
WBGene00005457.,0,0,0
WBGene00005458.,0,1,1
WBGene00005459.,0,1,1
WBGene00005460.,0,2,2
WBGene00005461.,1,1,2
WBGene00005462.,0,0,0
WBGene00005463.,14,1,15
WBGene00005464.,0,0,0
WBGene00005465.,0,0,0
WBGene00005466.,0,0,0
WBGene00005467.,1,0,1
WBGene00005468.,2,2,4
WBGene00005469.,1,4,5
WBGene00005470.,0,2,2
WBGene00005471.,2,2,4
WBGene00005472.,1,6,7
WBGene00005473.,2,7,9
WBGene00005474.,5,4,9
WBGene00005475.,12,2,14
WBGene00005476.,0,0,0
WBGene00005477.,2,13,15
WBGene00005478.,2,0,2
WBGene00005479.,0,0,0
WBGene00005480.,0,4,4
WBGene00005481.,2,8,10
WBGene00005482.,0,1,1
WBGene00005483.,0,0,0
WBGene00005484.,1,16,17
WBGene00005485.,6,7,13
WBGene00005486.,1,0,1
WBGene00005487.,0,1,1
WBGene00005488.,1,2,3
WBGene00005489.,2,0,2
WBGene00005490.,3,0,3
WBGene00005491.,0,1,1
WBGene00005492.,0,0,0
WBGene00005493.,1,1,2
WBGene00005494.,1,1,2
WBGene00005495.,4,0,4
WBGene00005496.,0,0,0
WBGene00005497.,0,0,0
WBGene00005498.,0,1,1
WBGene00005499.,0,0,0
WBGene00005500.,1,2,3
WBGene00005501.,1,0,1
WBGene00005502.,0,0,0
WBGene00005503.,0,0,0
WBGene00005504.,0,1,1
WBGene00005505.,6,0,6
WBGene00005506.,0,3,3
WBGene00005507.,0,0,0
WBGene00005508.,0,0,0
WBGene00005509.,0,0,0
WBGene00005510.,0,0,0
WBGene00005511.,0,11,11
WBGene00005512.,0,2,2
WBGene00005513.,0,5,5
WBGene00005514.,4,26,30
WBGene00005515.,1,3,4
WBGene00005516.,0,4,4
WBGene00005517.,3,9,12
WBGene00005518.,8,13,21
WBGene00005519.,0,2,2
WBGene00005520.,2,3,5
WBGene00005521.,0,0,0
WBGene00005522.,6,0,6
WBGene00005523.,14,581,595
WBGene00005524.,0,2,2
WBGene00005525.,0,0,0
WBGene00005526.,0,0,0
WBGene00005527.,9,3,12
WBGene00005528.,2,6,8
WBGene00005529.,12,14,26
WBGene00005530.,29,37,66
WBGene00005531.,43,50,93
WBGene00005532.,9,25,34
WBGene00005533.,1,5,6
WBGene00005534.,1,6,7
WBGene00005535.,4,3,7
WBGene00005536.,1,0,1
WBGene00005537.,0,2,2
WBGene00005538.,0,4,4
WBGene00005539.,0,1,1
WBGene00005540.,1,0,1
WBGene00005541.,0,1,1
WBGene00005542.,7,6,13
WBGene00005543.,1,3,4
WBGene00005544.,0,1,1
WBGene00005545.,2,0,2
WBGene00005546.,0,1,1
WBGene00005547.,0,11,11
WBGene00005548.,1,0,1
WBGene00005549.,2,0,2
WBGene00005550.,1,2,3
WBGene00005551.,1,7,8
WBGene00005552.,36,70,106
WBGene00005553.,0,1,1
WBGene00005554.,5,0,5
WBGene00005555.,1,0,1
WBGene00005556.,1,0,1
WBGene00005557.,4,10,14
WBGene00005558.,2,5,7
WBGene00005559.,1,12,13
WBGene00005560.,13,28,41
WBGene00005561.,0,1,1
WBGene00005562.,0,1,1
WBGene00005563.,3,0,3
WBGene00005564.,2,0,2
WBGene00005565.,1,0,1
WBGene00005566.,1,1,2
WBGene00005567.,0,0,0
WBGene00005568.,13,18,31
WBGene00005569.,1,2,3
WBGene00005570.,0,1,1
WBGene00005571.,0,0,0
WBGene00005572.,0,0,0
WBGene00005573.,1,2,3
WBGene00005574.,1,4,5
WBGene00005575.,3,4,7
WBGene00005576.,0,2,2
WBGene00005577.,1,4,5
WBGene00005578.,0,1,1
WBGene00005579.,7,1,8
WBGene00005580.,0,1,1
WBGene00005581.,0,0,0
WBGene00005582.,1,0,1
WBGene00005583.,1,1,2
WBGene00005584.,1,1,2
WBGene00005585.,1,8,9
WBGene00005586.,1,2,3
WBGene00005587.,0,0,0
WBGene00005588.,0,1,1
WBGene00005589.,6,3,9
WBGene00005590.,1,1,2
WBGene00005591.,28,23,51
WBGene00005592.,0,2,2
WBGene00005593.,0,0,0
WBGene00005594.,0,0,0
WBGene00005595.,0,0,0
WBGene00005596.,1,0,1
WBGene00005597.,0,4,4
WBGene00005598.,0,0,0
WBGene00005599.,0,3,3
WBGene00005600.,1,1,2
WBGene00005601.,0,0,0
WBGene00005602.,31,300,331
WBGene00005603.,0,15,15
WBGene00005604.,0,0,0
WBGene00005605.,2,3,5
WBGene00005606.,5,9,14
WBGene00005607.,3,5,8
WBGene00005608.,3,3,6
WBGene00005609.,2,12,14
WBGene00005610.,2,1,3
WBGene00005611.,14,46,60
WBGene00005612.,15,2,17
WBGene00005613.,15,4,19
WBGene00005614.,1,1,2
WBGene00005615.,0,2,2
WBGene00005616.,0,3,3
WBGene00005617.,0,0,0
WBGene00005618.,0,0,0
WBGene00005619.,0,2,2
WBGene00005620.,271,10,281
WBGene00005621.,1,0,1
WBGene00005622.,6,6,12
WBGene00005623.,1,0,1
WBGene00005624.,1,0,1
WBGene00005625.,0,1,1
WBGene00005626.,0,0,0
WBGene00005627.,0,0,0
WBGene00005628.,0,0,0
WBGene00005629.,0,0,0
WBGene00005630.,2,0,2
WBGene00005631.,0,0,0
WBGene00005632.,2,0,2
WBGene00005633.,0,0,0
WBGene00005634.,1,2,3
WBGene00005635.,0,0,0
WBGene00005638.,3,19,22
WBGene00005639.,1,0,1
WBGene00005640.,7,10,17
WBGene00005641.,38,81,119
WBGene00005642.,9,54,63
WBGene00005643.,0,27,27
WBGene00005644.,192,678,870
WBGene00005646.,1,0,1
WBGene00005647.,33,341,374
WBGene00005648.,367,1532,1899
WBGene00005649.,21,12,33
WBGene00005650.,0,0,0
WBGene00005651.,0,1,1
WBGene00005652.,37,292,329
WBGene00005653.,3,34,37
WBGene00005654.,11,92,103
WBGene00005655.,72,776,848
WBGene00005656.,17,37,54
WBGene00005657.,6,111,117
WBGene00005658.,1,1,2
WBGene00005659.,2,4,6
WBGene00005660.,3,8,11
WBGene00005661.,3,33,36
WBGene00005662.,163,974,1137
WBGene00005663.,1148,6334,7482
WBGene00005664.,3,13,16
WBGene00005665.,3,19,22
WBGene00005666.,0,2,2
WBGene00005667.,0,1,1
WBGene00005668.,0,8,8
WBGene00005669.,1,0,1
WBGene00005670.,3,15,18
WBGene00005671.,3,15,18
WBGene00005672.,1,1,2
WBGene00005673.,1,0,1
WBGene00005674.,0,1,1
WBGene00005675.,1,5,6
WBGene00005676.,1,12,13
WBGene00005677.,5,20,25
WBGene00005678.,4,1,5
WBGene00005679.,3,4,7
WBGene00005680.,0,1,1
WBGene00005681.,0,0,0
WBGene00005682.,1,0,1
WBGene00005683.,0,5,5
WBGene00005684.,6,1,7
WBGene00005685.,3,6,9
WBGene00005686.,1,5,6
WBGene00005687.,4,4,8
WBGene00005688.,0,0,0
WBGene00005689.,5,5,10
WBGene00005690.,0,6,6
WBGene00005691.,3,2,5
WBGene00005692.,0,8,8
WBGene00005693.,0,0,0
WBGene00005694.,2,2,4
WBGene00005695.,1,1,2
WBGene00005696.,1,1,2
WBGene00005697.,0,0,0
WBGene00005698.,2,0,2
WBGene00005699.,1,1,2
WBGene00005700.,0,1,1
WBGene00005701.,2,4,6
WBGene00005702.,2,26,28
WBGene00005703.,3,20,23
WBGene00005704.,4,3,7
WBGene00005705.,1,2,3
WBGene00005706.,0,2,2
WBGene00005707.,0,1,1
WBGene00005708.,1,1,2
WBGene00005709.,4,5,9
WBGene00005710.,24,34,58
WBGene00005711.,0,0,0
WBGene00005712.,20,62,82
WBGene00005713.,2,21,23
WBGene00005714.,3,1,4
WBGene00005715.,17,13,30
WBGene00005716.,8,30,38
WBGene00005717.,5,16,21
WBGene00005718.,12,55,67
WBGene00005719.,16,25,41
WBGene00005720.,8,2,10
WBGene00005721.,9,16,25
WBGene00005722.,6,4,10
WBGene00005723.,5,4,9
WBGene00005724.,18,18,36
WBGene00005725.,7,17,24
WBGene00005726.,10,16,26
WBGene00005727.,3,8,11
WBGene00005728.,0,0,0
WBGene00005729.,0,0,0
WBGene00005730.,0,0,0
WBGene00005731.,0,0,0
WBGene00005732.,0,0,0
WBGene00005733.,1,1,2
WBGene00005734.,0,1,1
WBGene00005735.,2,11,13
WBGene00005736.,6,12,18
WBGene00005737.,3,1,4
WBGene00005738.,0,9,9
WBGene00005739.,5,6,11
WBGene00005740.,0,0,0
WBGene00005741.,3,3,6
WBGene00005742.,3,4,7
WBGene00005743.,2,17,19
WBGene00005744.,0,0,0
WBGene00005745.,4,8,12
WBGene00005746.,0,0,0
WBGene00005747.,16,1,17
WBGene00005748.,7,9,16
WBGene00005749.,2,1,3
WBGene00005750.,1,2,3
WBGene00005751.,2,1,3
WBGene00005752.,5,35,40
WBGene00005753.,6,11,17
WBGene00005754.,0,8,8
WBGene00005755.,3,7,10
WBGene00005756.,3,7,10
WBGene00005757.,3,37,40
WBGene00005758.,1,9,10
WBGene00005759.,1,84,85
WBGene00005760.,1,1,2
WBGene00005761.,0,0,0
WBGene00005762.,0,1,1
WBGene00005763.,1,1,2
WBGene00005764.,1,5,6
WBGene00005765.,0,0,0
WBGene00005766.,2,6,8
WBGene00005767.,2,0,2
WBGene00005768.,0,0,0
WBGene00005769.,0,0,0
WBGene00005770.,0,0,0
WBGene00005771.,0,0,0
WBGene00005772.,5,4,9
WBGene00005773.,1,0,1
WBGene00005774.,0,0,0
WBGene00005775.,0,0,0
WBGene00005776.,0,0,0
WBGene00005777.,1,2,3
WBGene00005778.,0,0,0
WBGene00005779.,0,0,0
WBGene00005780.,2,1,3
WBGene00005781.,0,0,0
WBGene00005782.,0,2,2
WBGene00005783.,0,0,0
WBGene00005784.,1,1,2
WBGene00005785.,3,0,3
WBGene00005786.,3,0,3
WBGene00005787.,0,3,3
WBGene00005788.,0,0,0
WBGene00005789.,0,1,1
WBGene00005790.,0,0,0
WBGene00005791.,0,2,2
WBGene00005792.,50,0,50
WBGene00005793.,0,0,0
WBGene00005794.,0,0,0
WBGene00005795.,0,0,0
WBGene00005796.,2,0,2
WBGene00005797.,0,0,0
WBGene00005798.,0,0,0
WBGene00005799.,0,0,0
WBGene00005800.,1,0,1
WBGene00005801.,0,0,0
WBGene00005802.,0,3,3
WBGene00005803.,0,0,0
WBGene00005804.,0,1,1
WBGene00005805.,0,0,0
WBGene00005806.,0,0,0
WBGene00005807.,1,3,4
WBGene00005808.,0,0,0
WBGene00005809.,0,1,1
WBGene00005810.,0,9,9
WBGene00005811.,4,18,22
WBGene00005812.,0,0,0
WBGene00005813.,0,0,0
WBGene00005814.,5,1,6
WBGene00005815.,199,139,338
WBGene00005816.,185,240,425
WBGene00005817.,0,3,3
WBGene00005818.,165,535,700
WBGene00005819.,0,0,0
WBGene00005820.,8,11,19
WBGene00005821.,0,2,2
WBGene00005822.,0,1,1
WBGene00005823.,0,0,0
WBGene00005824.,0,1,1
WBGene00005825.,13,17,30
WBGene00005826.,0,2,2
WBGene00005827.,1,17,18
WBGene00005828.,8,12,20
WBGene00005829.,1,1,2
WBGene00005830.,0,1,1
WBGene00005831.,2,2,4
WBGene00005832.,94,810,904
WBGene00005833.,2,20,22
WBGene00005834.,0,7,7
WBGene00005835.,0,2,2
WBGene00005836.,1,4,5
WBGene00005837.,0,2,2
WBGene00005838.,5,12,17
WBGene00005839.,0,2,2
WBGene00005840.,0,5,5
WBGene00005841.,5,10,15
WBGene00005842.,3,1,4
WBGene00005843.,0,3,3
WBGene00005844.,1,0,1
WBGene00005845.,9,6,15
WBGene00005846.,0,2,2
WBGene00005847.,5,2,7
WBGene00005848.,2,1,3
WBGene00005849.,0,1,1
WBGene00005850.,1,2,3
WBGene00005851.,2,1,3
WBGene00005852.,2,0,2
WBGene00005853.,2,1,3
WBGene00005854.,3,1,4
WBGene00005855.,0,2,2
WBGene00005856.,0,0,0
WBGene00005857.,0,0,0
WBGene00005858.,9,0,9
WBGene00005859.,0,1,1
WBGene00005860.,1,0,1
WBGene00005861.,0,0,0
WBGene00005862.,2,1,3
WBGene00005863.,0,1,1
WBGene00005864.,0,0,0
WBGene00005865.,0,1,1
WBGene00005866.,0,0,0
WBGene00005867.,0,1,1
WBGene00005868.,0,0,0
WBGene00005869.,2,0,2
WBGene00005870.,0,0,0
WBGene00005871.,0,0,0
WBGene00005872.,0,0,0
WBGene00005873.,1,1,2
WBGene00005874.,1,0,1
WBGene00005875.,0,1,1
WBGene00005876.,3,1,4
WBGene00005877.,1,1,2
WBGene00005878.,1,0,1
WBGene00005879.,1,1,2
WBGene00005880.,0,2,2
WBGene00005881.,0,0,0
WBGene00005882.,0,1,1
WBGene00005883.,0,0,0
WBGene00005884.,2,3,5
WBGene00005885.,0,0,0
WBGene00005886.,0,1,1
WBGene00005887.,2,2,4
WBGene00005888.,0,0,0
WBGene00005889.,0,0,0
WBGene00005890.,1,0,1
WBGene00005891.,0,1,1
WBGene00005892.,0,3,3
WBGene00005893.,11,66,77
WBGene00005894.,2,5,7
WBGene00005895.,2,3,5
WBGene00005896.,0,0,0
WBGene00005897.,0,2,2
WBGene00005898.,5,15,20
WBGene00005899.,0,1,1
WBGene00005900.,2,0,2
WBGene00005901.,0,2,2
WBGene00005902.,2,0,2
WBGene00005903.,6,11,17
WBGene00005904.,13,4,17
WBGene00005905.,3,4,7
WBGene00005906.,1,11,12
WBGene00005907.,1,1,2
WBGene00005908.,3,5,8
WBGene00005909.,7,12,19
WBGene00005910.,16,28,44
WBGene00005911.,0,0,0
WBGene00005912.,1,2,3
WBGene00005913.,0,0,0
WBGene00005914.,3,1,4
WBGene00005915.,1,3,4
WBGene00005916.,2,1,3
WBGene00005917.,1,0,1
WBGene00005918.,0,0,0
WBGene00005919.,0,0,0
WBGene00005920.,0,0,0
WBGene00005921.,2,2,4
WBGene00005922.,0,0,0
WBGene00005923.,0,0,0
WBGene00005924.,0,0,0
WBGene00005925.,2,2,4
WBGene00005926.,8,13,21
WBGene00005927.,2,2,4
WBGene00005928.,1,1,2
WBGene00005929.,3,12,15
WBGene00005930.,2,0,2
WBGene00005931.,4,7,11
WBGene00005932.,6,10,16
WBGene00005933.,1,2,3
WBGene00005934.,2,5,7
WBGene00005935.,5,5,10
WBGene00005936.,25,169,194
WBGene00005937.,13,29,42
WBGene00005938.,20,60,80
WBGene00005939.,2,1,3
WBGene00005940.,4,5,9
WBGene00005941.,8,5,13
WBGene00005942.,0,0,0
WBGene00005943.,0,0,0
WBGene00005944.,0,0,0
WBGene00005945.,3,2,5
WBGene00005946.,1,0,1
WBGene00005947.,5,33,38
WBGene00005948.,0,0,0
WBGene00005949.,6,24,30
WBGene00005950.,3,5,8
WBGene00005951.,0,0,0
WBGene00005952.,1,2,3
WBGene00005953.,0,1,1
WBGene00005954.,1,0,1
WBGene00005955.,0,0,0
WBGene00005956.,0,0,0
WBGene00005957.,0,1,1
WBGene00005958.,3,8,11
WBGene00005959.,1,17,18
WBGene00005960.,3,0,3
WBGene00005961.,0,1,1
WBGene00005962.,12,20,32
WBGene00005963.,1,4,5
WBGene00005964.,1,3,4
WBGene00005965.,65,5,70
WBGene00005966.,1,1,2
WBGene00005967.,48,111,159
WBGene00005968.,0,2,2
WBGene00005969.,2,2,4
WBGene00005970.,3,3,6
WBGene00005971.,3,14,17
WBGene00005972.,1,9,10
WBGene00005973.,1,1,2
WBGene00005974.,2,2,4
WBGene00005975.,13,36,49
WBGene00005976.,1,7,8
WBGene00005977.,1,23,24
WBGene00005978.,1,3,4
WBGene00005979.,3,2,5
WBGene00005980.,2,2,4
WBGene00005981.,3,6,9
WBGene00005982.,35,37,72
WBGene00005983.,1,0,1
WBGene00005984.,0,0,0
WBGene00005985.,1,3,4
WBGene00005986.,2,3,5
WBGene00005987.,5,5,10
WBGene00005988.,3,4,7
WBGene00005989.,1,0,1
WBGene00005990.,0,0,0
WBGene00005991.,2,1,3
WBGene00005992.,0,1,1
WBGene00005993.,0,0,0
WBGene00005994.,117,0,117
WBGene00005995.,1,1,2
WBGene00005996.,0,1,1
WBGene00005997.,0,0,0
WBGene00005998.,1,3,4
WBGene00005999.,2,8,10
WBGene00006000.,1,3,4
WBGene00006001.,0,0,0
WBGene00006002.,0,4,4
WBGene00006003.,1,2,3
WBGene00006004.,5,4,9
WBGene00006005.,4,17,21
WBGene00006006.,1,7,8
WBGene00006007.,2,1,3
WBGene00006008.,0,11,11
WBGene00006009.,2,3,5
WBGene00006010.,1,5,6
WBGene00006011.,1,1,2
WBGene00006012.,1,5,6
WBGene00006013.,1,1,2
WBGene00006014.,4,14,18
WBGene00006015.,12,8,20
WBGene00006016.,5,15,20
WBGene00006017.,0,4,4
WBGene00006018.,1,1,2
WBGene00006019.,2,1,3
WBGene00006020.,3,8,11
WBGene00006021.,0,0,0
WBGene00006022.,0,0,0
WBGene00006023.,0,0,0
WBGene00006024.,1,2,3
WBGene00006025.,1,0,1
WBGene00006026.,2,12,14
WBGene00006027.,1,5,6
WBGene00006028.,7,13,20
WBGene00006029.,3,1,4
WBGene00006038.,0,2,2
WBGene00006039.,0,1,1
WBGene00006040.,0,0,0
WBGene00006044.,0,2,2
WBGene00006047.,0,0,0
WBGene00006048.,0,0,0
WBGene00006049.,0,0,0
WBGene00006050.,31,283,314
WBGene00006051.,1,14,15
WBGene00006052.,0,0,0
WBGene00006053.,1,3,4
WBGene00006055.,87,323,410
WBGene00006056.,1,3,4
WBGene00006057.,0,0,0
WBGene00006058.,3,2,5
WBGene00006059.,184,1405,1589
WBGene00006060.,0,0,0
WBGene00006061.,64,1801,1865
WBGene00006062.,443,1542,1985
WBGene00006063.,7,181,188
WBGene00006064.,116,250,366
WBGene00006065.,2,11,13
WBGene00006066.,86,1399,1485
WBGene00006067.,451,1760,2211
WBGene00006068.,45,192,237
WBGene00006069.,3,4,7
WBGene00006070.,0,0,0
WBGene00006071.,7,4,11
WBGene00006072.,0,5,5
WBGene00006073.,0,0,0
WBGene00006074.,0,0,0
WBGene00006075.,9,70,79
WBGene00006076.,0,1,1
WBGene00006077.,3,5,8
WBGene00006078.,0,0,0
WBGene00006079.,0,0,0
WBGene00006080.,4,6,10
WBGene00006081.,0,0,0
WBGene00006082.,4,0,4
WBGene00006083.,1,1,2
WBGene00006084.,3,1,4
WBGene00006085.,1,1,2
WBGene00006086.,0,1,1
WBGene00006087.,0,3,3
WBGene00006088.,2,2,4
WBGene00006089.,0,0,0
WBGene00006090.,0,0,0
WBGene00006091.,2,0,2
WBGene00006092.,0,1,1
WBGene00006093.,3,5,8
WBGene00006094.,0,0,0
WBGene00006095.,3,3,6
WBGene00006096.,0,1,1
WBGene00006097.,1,4,5
WBGene00006098.,1,1,2
WBGene00006099.,0,0,0
WBGene00006100.,0,0,0
WBGene00006101.,1,1,2
WBGene00006102.,0,4,4
WBGene00006103.,1,11,12
WBGene00006104.,2,0,2
WBGene00006105.,0,0,0
WBGene00006106.,0,2,2
WBGene00006107.,0,1,1
WBGene00006108.,1,0,1
WBGene00006109.,4,7,11
WBGene00006110.,0,1,1
WBGene00006111.,0,0,0
WBGene00006112.,0,1,1
WBGene00006113.,2,12,14
WBGene00006114.,43,74,117
WBGene00006115.,18,0,18
WBGene00006116.,0,0,0
WBGene00006117.,0,3,3
WBGene00006118.,0,0,0
WBGene00006119.,0,2,2
WBGene00006120.,0,0,0
WBGene00006121.,1,4,5
WBGene00006122.,0,3,3
WBGene00006123.,1,1,2
WBGene00006124.,2,4,6
WBGene00006125.,0,0,0
WBGene00006126.,0,2,2
WBGene00006127.,0,4,4
WBGene00006128.,1,2,3
WBGene00006129.,2,0,2
WBGene00006130.,3,12,15
WBGene00006131.,1,0,1
WBGene00006132.,0,3,3
WBGene00006133.,1,1,2
WBGene00006134.,2,0,2
WBGene00006135.,2,16,18
WBGene00006136.,1,0,1
WBGene00006137.,1,1,2
WBGene00006138.,0,3,3
WBGene00006139.,3,14,17
WBGene00006140.,44,4,48
WBGene00006141.,0,1,1
WBGene00006142.,1,0,1
WBGene00006143.,2,5,7
WBGene00006144.,1,1,2
WBGene00006145.,0,1,1
WBGene00006146.,0,0,0
WBGene00006147.,0,0,0
WBGene00006148.,2,5,7
WBGene00006149.,3,6,9
WBGene00006150.,0,4,4
WBGene00006151.,0,7,7
WBGene00006152.,1,3,4
WBGene00006153.,1,1,2
WBGene00006154.,4,22,26
WBGene00006155.,0,3,3
WBGene00006156.,0,1,1
WBGene00006157.,0,2,2
WBGene00006158.,0,0,0
WBGene00006159.,1,3,4
WBGene00006160.,0,0,0
WBGene00006161.,0,3,3
WBGene00006162.,1,2,3
WBGene00006163.,21,18,39
WBGene00006164.,1,1,2
WBGene00006165.,3,0,3
WBGene00006166.,0,3,3
WBGene00006167.,2,4,6
WBGene00006168.,1,0,1
WBGene00006169.,24,5,29
WBGene00006170.,0,0,0
WBGene00006171.,0,0,0
WBGene00006172.,9,12,21
WBGene00006173.,3,0,3
WBGene00006174.,4,2,6
WBGene00006175.,1,0,1
WBGene00006176.,0,3,3
WBGene00006177.,0,2,2
WBGene00006178.,0,4,4
WBGene00006179.,0,11,11
WBGene00006180.,1,6,7
WBGene00006181.,2,4,6
WBGene00006182.,6,8,14
WBGene00006183.,0,0,0
WBGene00006184.,1,0,1
WBGene00006185.,0,0,0
WBGene00006186.,0,0,0
WBGene00006187.,5,3,8
WBGene00006188.,6,5,11
WBGene00006189.,5,3,8
WBGene00006190.,1,1,2
WBGene00006191.,2,6,8
WBGene00006192.,0,1,1
WBGene00006193.,1,1,2
WBGene00006194.,1,0,1
WBGene00006195.,5,10,15
WBGene00006196.,0,0,0
WBGene00006197.,4,1,5
WBGene00006198.,9,29,38
WBGene00006199.,4,5,9
WBGene00006200.,0,0,0
WBGene00006201.,2,9,11
WBGene00006202.,1,6,7
WBGene00006203.,1,0,1
WBGene00006204.,1,2,3
WBGene00006205.,3,4,7
WBGene00006206.,1,0,1
WBGene00006207.,6,22,28
WBGene00006208.,3,12,15
WBGene00006209.,2,3,5
WBGene00006210.,16,9,25
WBGene00006211.,18,47,65
WBGene00006212.,4,11,15
WBGene00006213.,7,11,18
WBGene00006214.,6,7,13
WBGene00006215.,2,0,2
WBGene00006216.,1,0,1
WBGene00006217.,7,7,14
WBGene00006218.,10,15,25
WBGene00006219.,0,3,3
WBGene00006220.,46,213,259
WBGene00006221.,1,2,3
WBGene00006222.,1,7,8
WBGene00006223.,0,0,0
WBGene00006224.,1,1,2
WBGene00006225.,1,0,1
WBGene00006226.,1,9,10
WBGene00006227.,0,5,5
WBGene00006228.,1,1,2
WBGene00006229.,3,2,5
WBGene00006230.,2,0,2
WBGene00006231.,0,1,1
WBGene00006232.,1,0,1
WBGene00006233.,4,5,9
WBGene00006234.,0,0,0
WBGene00006235.,0,0,0
WBGene00006236.,0,0,0
WBGene00006237.,2,10,12
WBGene00006238.,0,1,1
WBGene00006239.,4,2,6
WBGene00006240.,0,0,0
WBGene00006241.,0,3,3
WBGene00006242.,4,0,4
WBGene00006243.,5,1,6
WBGene00006244.,0,5,5
WBGene00006245.,0,0,0
WBGene00006246.,0,0,0
WBGene00006247.,1,1,2
WBGene00006248.,0,0,0
WBGene00006249.,0,0,0
WBGene00006250.,1,3,4
WBGene00006251.,3,4,7
WBGene00006252.,0,0,0
WBGene00006253.,4,3,7
WBGene00006254.,0,0,0
WBGene00006255.,10,7,17
WBGene00006256.,4,2,6
WBGene00006257.,0,0,0
WBGene00006258.,1,0,1
WBGene00006259.,0,1,1
WBGene00006260.,1,3,4
WBGene00006261.,1,0,1
WBGene00006262.,0,0,0
WBGene00006263.,1,3,4
WBGene00006264.,2,1,3
WBGene00006265.,3,2,5
WBGene00006266.,63,0,63
WBGene00006267.,0,1,1
WBGene00006268.,1,10,11
WBGene00006269.,0,1,1
WBGene00006270.,0,0,0
WBGene00006271.,0,0,0
WBGene00006272.,1,14,15
WBGene00006273.,1,2,3
WBGene00006274.,0,0,0
WBGene00006275.,2,0,2
WBGene00006276.,0,2,2
WBGene00006277.,0,0,0
WBGene00006278.,6,10,16
WBGene00006279.,3,7,10
WBGene00006280.,2,2,4
WBGene00006281.,2,1,3
WBGene00006282.,0,0,0
WBGene00006283.,0,0,0
WBGene00006284.,0,0,0
WBGene00006285.,9,24,33
WBGene00006286.,2,2,4
WBGene00006287.,4,12,16
WBGene00006288.,10,7,17
WBGene00006289.,0,0,0
WBGene00006306.,256,1073,1329
WBGene00006307.,92,1444,1536
WBGene00006308.,27,140,167
WBGene00006309.,47,1194,1241
WBGene00006310.,59,103,162
WBGene00006311.,4,110,114
WBGene00006314.,0,0,0
WBGene00006315.,0,0,0
WBGene00006316.,0,0,0
WBGene00006318.,127,710,837
WBGene00006319.,37,482,519
WBGene00006321.,170,3652,3822
WBGene00006324.,33,879,912
WBGene00006327.,0,0,0
WBGene00006330.,0,0,0
WBGene00006331.,207,6272,6479
WBGene00006333.,0,0,0
WBGene00006334.,0,0,0
WBGene00006338.,0,0,0
WBGene00006342.,240,2647,2887
WBGene00006344.,0,0,0
WBGene00006349.,161,666,827
WBGene00006351.,32,945,977
WBGene00006352.,94,1768,1862
WBGene00006353.,29,312,341
WBGene00006359.,88,1323,1411
WBGene00006363.,90,269,359
WBGene00006364.,242,1011,1253
WBGene00006365.,67,645,712
WBGene00006366.,231,4991,5222
WBGene00006367.,0,0,0
WBGene00006368.,104,327,431
WBGene00006369.,34,592,626
WBGene00006371.,53,91,144
WBGene00006372.,36,425,461
WBGene00006373.,95,1300,1395
WBGene00006374.,22,108,130
WBGene00006375.,6,166,172
WBGene00006376.,11,183,194
WBGene00006377.,52,656,708
WBGene00006379.,64,561,625
WBGene00006380.,9,205,214
WBGene00006381.,68,1951,2019
WBGene00006382.,485,1665,2150
WBGene00006383.,49,252,301
WBGene00006384.,113,524,637
WBGene00006385.,517,889,1406
WBGene00006386.,111,496,607
WBGene00006387.,34,212,246
WBGene00006388.,15,45,60
WBGene00006389.,16,303,319
WBGene00006390.,49,291,340
WBGene00006391.,36,281,317
WBGene00006392.,135,1091,1226
WBGene00006393.,20,326,346
WBGene00006394.,20,173,193
WBGene00006395.,16,144,160
WBGene00006396.,282,879,1161
WBGene00006397.,37,497,534
WBGene00006399.,10,5,15
WBGene00006402.,73,459,532
WBGene00006404.,82,347,429
WBGene00006405.,218,1359,1577
WBGene00006406.,166,1741,1907
WBGene00006407.,840,3752,4592
WBGene00006408.,1922,11712,13634
WBGene00006409.,2,3,5
WBGene00006410.,70,1131,1201
WBGene00006411.,17,75,92
WBGene00006412.,252,1316,1568
WBGene00006414.,4,801,805
WBGene00006415.,197,916,1113
WBGene00006416.,0,9,9
WBGene00006418.,1,67,68
WBGene00006419.,3,1,4
WBGene00006423.,674,5645,6319
WBGene00006424.,193,587,780
WBGene00006428.,57,72,129
WBGene00006429.,1,16,17
WBGene00006430.,34,256,290
WBGene00006431.,15,246,261
WBGene00006432.,68,751,819
WBGene00006433.,670,8040,8710
WBGene00006434.,439,16855,17294
WBGene00006435.,3,18,21
WBGene00006436.,3389,71642,75031
WBGene00006437.,168,2775,2943
WBGene00006438.,180,1175,1355
WBGene00006439.,649,236346,236995
WBGene00006440.,64,254,318
WBGene00006441.,31,156,187
WBGene00006442.,227,1035,1262
WBGene00006443.,18,372,390
WBGene00006444.,40,792,832
WBGene00006445.,52,429,481
WBGene00006446.,19,247,266
WBGene00006447.,16,895,911
WBGene00006448.,35,369,404
WBGene00006449.,1,2,3
WBGene00006450.,320,864,1184
WBGene00006452.,2353,12528,14881
WBGene00006454.,2,12,14
WBGene00006459.,38,404,442
WBGene00006460.,136,3284,3420
WBGene00006461.,20,124,144
WBGene00006462.,179,928,1107
WBGene00006463.,52,299,351
WBGene00006464.,0,11,11
WBGene00006465.,38,1296,1334
WBGene00006466.,52,278,330
WBGene00006467.,174,835,1009
WBGene00006468.,57,343,400
WBGene00006470.,16,666,682
WBGene00006471.,0,0,0
WBGene00006472.,35,1276,1311
WBGene00006473.,20,515,535
WBGene00006474.,32,1003,1035
WBGene00006475.,28,206,234
WBGene00006476.,220,527,747
WBGene00006477.,54,128,182
WBGene00006478.,123,1050,1173
WBGene00006479.,128,1254,1382
WBGene00006481.,352,1390,1742
WBGene00006483.,240,1500,1740
WBGene00006484.,0,1,1
WBGene00006486.,27,157,184
WBGene00006487.,9,20,29
WBGene00006488.,0,1,1
WBGene00006489.,49,1293,1342
WBGene00006490.,157,551,708
WBGene00006491.,11,455,466
WBGene00006492.,84,298,382
WBGene00006493.,104,768,872
WBGene00006494.,14,1756,1770
WBGene00006495.,476,3014,3490
WBGene00006496.,260,618,878
WBGene00006497.,219,2847,3066
WBGene00006498.,217,1283,1500
WBGene00006499.,90,740,830
WBGene00006503.,50,839,889
WBGene00006504.,55,441,496
WBGene00006505.,79,162,241
WBGene00006508.,845,2885,3730
WBGene00006509.,2,3,5
WBGene00006510.,387,1902,2289
WBGene00006512.,186,3886,4072
WBGene00006513.,263,988,1251
WBGene00006514.,24,909,933
WBGene00006515.,82,2713,2795
WBGene00006516.,26,477,503
WBGene00006517.,112,1876,1988
WBGene00006518.,29,2768,2797
WBGene00006519.,4201,22864,27065
WBGene00006520.,0,222,222
WBGene00006522.,33,94,127
WBGene00006523.,77,1037,1114
WBGene00006524.,59,626,685
WBGene00006525.,18,130,148
WBGene00006526.,7,41,48
WBGene00006527.,568,5521,6089
WBGene00006528.,125,17876,18001
WBGene00006529.,2464,18154,20618
WBGene00006530.,29,155,184
WBGene00006531.,21,117,138
WBGene00006532.,9,28,37
WBGene00006533.,26,55,81
WBGene00006534.,988,3644,4632
WBGene00006535.,221,1034,1255
WBGene00006536.,13,11089,11102
WBGene00006537.,656,28048,28704
WBGene00006538.,17,277,294
WBGene00006539.,5,6,11
WBGene00006540.,21,579,600
WBGene00006541.,45,278,323
WBGene00006542.,22,485,507
WBGene00006543.,74,1016,1090
WBGene00006544.,5,3,8
WBGene00006545.,4,7,11
WBGene00006546.,0,0,0
WBGene00006547.,0,3,3
WBGene00006549.,0,0,0
WBGene00006550.,0,0,0
WBGene00006551.,0,1,1
WBGene00006552.,7,7,14
WBGene00006553.,0,0,0
WBGene00006554.,1,2,3
WBGene00006555.,5,52,57
WBGene00006556.,1,1,2
WBGene00006557.,3,4,7
WBGene00006558.,0,0,0
WBGene00006559.,0,3,3
WBGene00006560.,1,1,2
WBGene00006561.,97,818,915
WBGene00006562.,81,411,492
WBGene00006563.,249,520,769
WBGene00006565.,32,3021,3053
WBGene00006566.,66,760,826
WBGene00006567.,27,579,606
WBGene00006568.,13,380,393
WBGene00006570.,45,767,812
WBGene00006571.,106,670,776
WBGene00006572.,590,5175,5765
WBGene00006573.,220,2019,2239
WBGene00006574.,254,7623,7877
WBGene00006575.,335,854,1189
WBGene00006576.,31,131,162
WBGene00006577.,142,1160,1302
WBGene00006578.,119,705,824
WBGene00006579.,235,1921,2156
WBGene00006580.,97,715,812
WBGene00006582.,253,1100,1353
WBGene00006583.,190,3748,3938
WBGene00006584.,2793,23071,25864
WBGene00006585.,264,6760,7024
WBGene00006586.,141,2466,2607
WBGene00006587.,1428,16695,18123
WBGene00006588.,911,7840,8751
WBGene00006589.,204,1569,1773
WBGene00006590.,49,776,825
WBGene00006591.,97,165,262
WBGene00006592.,68,546,614
WBGene00006593.,518,1266,1784
WBGene00006594.,458,1483,1941
WBGene00006595.,164,5353,5517
WBGene00006596.,73,174,247
WBGene00006597.,8,211,219
WBGene00006598.,0,37,37
WBGene00006599.,462,1104,1566
WBGene00006600.,2,63,65
WBGene00006601.,96,13415,13511
WBGene00006602.,246,1637,1883
WBGene00006603.,1253,3984,5237
WBGene00006604.,265,977,1242
WBGene00006605.,115,582,697
WBGene00006606.,35,321,356
WBGene00006607.,141,1337,1478
WBGene00006608.,56,520,576
WBGene00006609.,42,252,294
WBGene00006610.,25,34,59
WBGene00006611.,1,76,77
WBGene00006612.,0,3,3
WBGene00006613.,166,2431,2597
WBGene00006614.,98,289,387
WBGene00006615.,289,389,678
WBGene00006616.,31,20,51
WBGene00006617.,188,4539,4727
WBGene00006618.,148,289,437
WBGene00006619.,0,5,5
WBGene00006620.,51,122,173
WBGene00006621.,18,16,34
WBGene00006622.,7,14,21
WBGene00006623.,49,91,140
WBGene00006624.,199,418,617
WBGene00006625.,2,8,10
WBGene00006626.,31,6489,6520
WBGene00006627.,7,41,48
WBGene00006628.,4,20,24
WBGene00006629.,5,92,97
WBGene00006630.,0,5,5
WBGene00006631.,1,0,1
WBGene00006632.,58,43,101
WBGene00006633.,163,731,894
WBGene00006634.,1348,8073,9421
WBGene00006635.,13,260,273
WBGene00006636.,5,13,18
WBGene00006637.,27,320,347
WBGene00006638.,23,504,527
WBGene00006639.,16,26,42
WBGene00006640.,103,649,752
WBGene00006641.,16,316,332
WBGene00006642.,31,157,188
WBGene00006643.,46,652,698
WBGene00006644.,2,6,8
WBGene00006645.,26,36,62
WBGene00006646.,12,120,132
WBGene00006647.,93,607,700
WBGene00006648.,287,766,1053
WBGene00006649.,151,1729,1880
WBGene00006650.,0,31741,31741
WBGene00006651.,6,1295,1301
WBGene00006652.,84,258,342
WBGene00006654.,10,64,74
WBGene00006655.,14,112,126
WBGene00006656.,15,75,90
WBGene00006657.,149,239,388
WBGene00006658.,22,88,110
WBGene00006659.,16,4,20
WBGene00006660.,8,128,136
WBGene00006661.,5,0,5
WBGene00006662.,84,427,511
WBGene00006663.,649,3814,4463
WBGene00006664.,23,81,104
WBGene00006665.,18,28,46
WBGene00006666.,13,96,109
WBGene00006667.,141,582,723
WBGene00006668.,379,547,926
WBGene00006669.,24,61,85
WBGene00006670.,7,19,26
WBGene00006671.,70,437,507
WBGene00006672.,295,6611,6906
WBGene00006673.,12,75,87
WBGene00006674.,7,29,36
WBGene00006675.,10,61,71
WBGene00006676.,14,59,73
WBGene00006677.,31,493,524
WBGene00006678.,18,157,175
WBGene00006679.,12,25,37
WBGene00006680.,56,225,281
WBGene00006681.,57,320,377
WBGene00006682.,62,138,200
WBGene00006683.,502,1407,1909
WBGene00006684.,169,80,249
WBGene00006685.,27,160,187
WBGene00006686.,12,69,81
WBGene00006687.,7,37,44
WBGene00006688.,5,7,12
WBGene00006689.,0,0,0
WBGene00006690.,15,35,50
WBGene00006691.,69,103,172
WBGene00006692.,154,824,978
WBGene00006693.,587,1599,2186
WBGene00006694.,4,22,26
WBGene00006695.,168,88,256
WBGene00006696.,34,188,222
WBGene00006697.,376,2434,2810
WBGene00006698.,137,3455,3592
WBGene00006699.,74,4015,4089
WBGene00006700.,272,818,1090
WBGene00006701.,297,1360,1657
WBGene00006702.,139,2592,2731
WBGene00006703.,47,1240,1287
WBGene00006704.,139,3506,3645
WBGene00006705.,31,115,146
WBGene00006706.,62,2077,2139
WBGene00006707.,1,1641,1642
WBGene00006708.,134,3460,3594
WBGene00006709.,316,1597,1913
WBGene00006710.,188,96,284
WBGene00006711.,41,494,535
WBGene00006712.,65,299,364
WBGene00006713.,89,1953,2042
WBGene00006714.,123,442,565
WBGene00006715.,42,2724,2766
WBGene00006716.,6,3,9
WBGene00006717.,17,191,208
WBGene00006718.,12,21,33
WBGene00006719.,0,0,0
WBGene00006720.,46,1898,1944
WBGene00006721.,62,388,450
WBGene00006722.,46,251,297
WBGene00006723.,96,707,803
WBGene00006724.,217,3320,3537
WBGene00006725.,18073,136545,154618
WBGene00006726.,229,2405,2634
WBGene00006727.,189,8247,8436
WBGene00006728.,17288,127348,144636
WBGene00006729.,64,551,615
WBGene00006730.,15,4029,4044
WBGene00006731.,4,58,62
WBGene00006732.,122,425,547
WBGene00006733.,220,1034,1254
WBGene00006734.,47,1022,1069
WBGene00006735.,20,465,485
WBGene00006736.,100,746,846
WBGene00006737.,19,481,500
WBGene00006738.,17,449,466
WBGene00006739.,152,2974,3126
WBGene00006740.,15,117,132
WBGene00006741.,213,3117,3330
WBGene00006742.,495,1098,1593
WBGene00006743.,29,114,143
WBGene00006744.,19,105,124
WBGene00006745.,286,539,825
WBGene00006746.,20,361,381
WBGene00006747.,635,744,1379
WBGene00006748.,13,65,78
WBGene00006749.,234,1226,1460
WBGene00006750.,118,658,776
WBGene00006751.,273,1069,1342
WBGene00006752.,759,2740,3499
WBGene00006753.,338,4464,4802
WBGene00006754.,3679,69426,73105
WBGene00006755.,321,2407,2728
WBGene00006756.,6,6,12
WBGene00006757.,106,1285,1391
WBGene00006759.,2152,21466,23618
WBGene00006760.,235,3027,3262
WBGene00006761.,69,437,506
WBGene00006762.,546,2414,2960
WBGene00006763.,135,844,979
WBGene00006764.,5266,45410,50676
WBGene00006765.,249,382,631
WBGene00006766.,36,208,244
WBGene00006767.,296,458,754
WBGene00006768.,264,3162,3426
WBGene00006769.,311,770,1081
WBGene00006770.,472,1715,2187
WBGene00006771.,715,7141,7856
WBGene00006772.,228,1552,1780
WBGene00006773.,95,1137,1232
WBGene00006774.,60,294,354
WBGene00006775.,5,79,84
WBGene00006776.,256,1840,2096
WBGene00006777.,88,1108,1196
WBGene00006778.,50,544,594
WBGene00006779.,1545,7243,8788
WBGene00006780.,2956,22204,25160
WBGene00006781.,180,1297,1477
WBGene00006782.,10,199,209
WBGene00006783.,36,222,258
WBGene00006784.,656,2577,3233
WBGene00006785.,27,466,493
WBGene00006786.,156,1912,2068
WBGene00006787.,671,5370,6041
WBGene00006788.,257,1080,1337
WBGene00006789.,1436,71040,72476
WBGene00006790.,17,41,58
WBGene00006791.,199,1392,1591
WBGene00006792.,277,468,745
WBGene00006793.,43,984,1027
WBGene00006794.,515,14720,15235
WBGene00006795.,43,722,765
WBGene00006796.,390,4333,4723
WBGene00006797.,258,226,484
WBGene00006798.,756,2714,3470
WBGene00006801.,1947,16575,18522
WBGene00006802.,20,2446,2466
WBGene00006803.,484,5712,6196
WBGene00006804.,44,310,354
WBGene00006805.,1762,5317,7079
WBGene00006807.,152,256,408
WBGene00006808.,219,1751,1970
WBGene00006809.,300,597,897
WBGene00006810.,214,1775,1989
WBGene00006811.,231,585,816
WBGene00006812.,387,2357,2744
WBGene00006814.,1234,3245,4479
WBGene00006815.,514,5987,6501
WBGene00006816.,61,774,835
WBGene00006817.,188,1820,2008
WBGene00006818.,65,768,833
WBGene00006819.,1816,36890,38706
WBGene00006820.,3782,24111,27893
WBGene00006822.,120,601,721
WBGene00006823.,696,4496,5192
WBGene00006824.,140,5596,5736
WBGene00006825.,350,3033,3383
WBGene00006826.,441,7262,7703
WBGene00006827.,1563,2706,4269
WBGene00006829.,55,687,742
WBGene00006830.,1324,1355,2679
WBGene00006831.,481,2273,2754
WBGene00006832.,119,661,780
WBGene00006833.,332,7532,7864
WBGene00006836.,104,5093,5197
WBGene00006839.,359,3785,4144
WBGene00006840.,199,4056,4255
WBGene00006843.,101,810,911
WBGene00006844.,143,1902,2045
WBGene00006845.,340,1471,1811
WBGene00006852.,74,1651,1725
WBGene00006853.,9,356,365
WBGene00006856.,30,1364,1394
WBGene00006861.,536,3464,4000
WBGene00006862.,20,162,182
WBGene00006863.,156,11548,11704
WBGene00006864.,146,389,535
WBGene00006865.,8,105,113
WBGene00006868.,306,1185,1491
WBGene00006869.,47,260,307
WBGene00006870.,187,703,890
WBGene00006873.,25,63,88
WBGene00006874.,294,3040,3334
WBGene00006875.,20,876,896
WBGene00006876.,2382,3310,5692
WBGene00006881.,17,166,183
WBGene00006882.,63,296,359
WBGene00006886.,1175,6982,8157
WBGene00006887.,153,486,639
WBGene00006888.,49,2294,2343
WBGene00006889.,43,5364,5407
WBGene00006890.,292,2915,3207
WBGene00006893.,156,1190,1346
WBGene00006894.,13,6,19
WBGene00006895.,3,0,3
WBGene00006896.,30,268,298
WBGene00006897.,4,16,20
WBGene00006902.,0,3,3
WBGene00006910.,0,2225,2225
WBGene00006911.,88,7548,7636
WBGene00006912.,0,1972,1972
WBGene00006913.,45,3382,3427
WBGene00006914.,20,1935,1955
WBGene00006915.,7,328,335
WBGene00006916.,116,636,752
WBGene00006917.,88,6398,6486
WBGene00006918.,364,4085,4449
WBGene00006919.,146,6801,6947
WBGene00006920.,379,3468,3847
WBGene00006921.,17,3161,3178
WBGene00006922.,13,292,305
WBGene00006923.,1168,2388,3556
WBGene00006924.,261,24528,24789
WBGene00006925.,0,4,4
WBGene00006926.,0,0,0
WBGene00006927.,0,6,6
WBGene00006928.,0,14,14
WBGene00006929.,0,1,1
WBGene00006930.,0,15,15
WBGene00006931.,76,971,1047
WBGene00006932.,235,1447,1682
WBGene00006933.,53,990,1043
WBGene00006934.,141,734,875
WBGene00006935.,48,1533,1581
WBGene00006936.,284,3556,3840
WBGene00006937.,308,4260,4568
WBGene00006938.,0,8,8
WBGene00006939.,1,5,6
WBGene00006940.,6,239,245
WBGene00006941.,256,1993,2249
WBGene00006942.,102,2191,2293
WBGene00006943.,47,408,455
WBGene00006944.,18,332,350
WBGene00006945.,97,1911,2008
WBGene00006946.,61,486,547
WBGene00006947.,3,37,40
WBGene00006948.,4,87,91
WBGene00006949.,50,319,369
WBGene00006950.,5,25,30
WBGene00006951.,108,712,820
WBGene00006952.,0,175,175
WBGene00006953.,3,1,4
WBGene00006954.,1,2,3
WBGene00006955.,58,50,108
WBGene00006956.,159,2944,3103
WBGene00006957.,154,836,990
WBGene00006958.,32,296,328
WBGene00006959.,914,29429,30343
WBGene00006960.,9,25,34
WBGene00006961.,479,3978,4457
WBGene00006962.,4,13,17
WBGene00006963.,43,670,713
WBGene00006964.,235,1757,1992
WBGene00006965.,0,70,70
WBGene00006966.,4,40,44
WBGene00006967.,0,38,38
WBGene00006968.,80,913,993
WBGene00006970.,21,663,684
WBGene00006971.,69,508,577
WBGene00006974.,16,665,681
WBGene00006975.,500,3929,4429
WBGene00006976.,489,224,713
WBGene00006977.,6,123,129
WBGene00006978.,150,3643,3793
WBGene00006979.,0,53,53
WBGene00006980.,1,97,98
WBGene00006981.,4,296,300
WBGene00006982.,58,703,761
WBGene00006983.,75,404,479
WBGene00006984.,925,2890,3815
WBGene00006985.,192,487,679
WBGene00006986.,181,649,830
WBGene00006987.,72,157,229
WBGene00006988.,44,337,381
WBGene00006993.,147,367,514
WBGene00006994.,94,1720,1814
WBGene00006996.,25,646,671
WBGene00006997.,8,356,364
WBGene00006999.,1689,12983,14672
WBGene00007000.,319,10826,11145
WBGene00007001.,28,2256,2284
WBGene00007006.,68,345,413
WBGene00007007.,116,1071,1187
WBGene00007008.,91,1803,1894
WBGene00007009.,119,1649,1768
WBGene00007010.,134,1589,1723
WBGene00007011.,16,193,209
WBGene00007012.,70,411,481
WBGene00007013.,161,426,587
WBGene00007014.,51,205,256
WBGene00007015.,9,405,414
WBGene00007016.,329,4256,4585
WBGene00007017.,434,480,914
WBGene00007018.,100,746,846
WBGene00007019.,111,1603,1714
WBGene00007020.,128,400,528
WBGene00007021.,44,967,1011
WBGene00007022.,250,1404,1654
WBGene00007023.,54,814,868
WBGene00007024.,1427,5465,6892
WBGene00007025.,190,1187,1377
WBGene00007026.,54,381,435
WBGene00007027.,903,3234,4137
WBGene00007028.,68,1807,1875
WBGene00007029.,140,781,921
WBGene00007030.,801,5114,5915
WBGene00007036.,0,4,4
WBGene00007041.,67,279,346
WBGene00007042.,129,3697,3826
WBGene00007043.,3,319,322
WBGene00007044.,174,1864,2038
WBGene00007045.,2,292,294
WBGene00007047.,52,397,449
WBGene00007048.,82,2271,2353
WBGene00007049.,8,23,31
WBGene00007050.,590,3899,4489
WBGene00007053.,127,3320,3447
WBGene00007054.,519,1117,1636
WBGene00007055.,89,1823,1912
WBGene00007056.,88,363,451
WBGene00007057.,0,13,13
WBGene00007058.,188,2401,2589
WBGene00007059.,29,308,337
WBGene00007060.,0,4,4
WBGene00007062.,0,0,0
WBGene00007063.,61,200,261
WBGene00007064.,62,373,435
WBGene00007065.,22,195,217
WBGene00007066.,1,3,4
WBGene00007067.,62,311,373
WBGene00007068.,74,549,623
WBGene00007070.,21,433,454
WBGene00007071.,131,1158,1289
WBGene00007072.,1,14,15
WBGene00007073.,18,199,217
WBGene00007074.,0,0,0
WBGene00007075.,0,0,0
WBGene00007076.,0,0,0
WBGene00007077.,3,2,5
WBGene00007078.,0,0,0
WBGene00007079.,0,0,0
WBGene00007080.,1,3,4
WBGene00007081.,0,0,0
WBGene00007082.,0,10,10
WBGene00007083.,0,4,4
WBGene00007085.,0,141,141
WBGene00007087.,42,581,623
WBGene00007088.,70,1078,1148
WBGene00007089.,57,677,734
WBGene00007090.,18,345,363
WBGene00007091.,391,2808,3199
WBGene00007092.,23,150,173
WBGene00007093.,5,342,347
WBGene00007094.,112,284,396
WBGene00007096.,31,315,346
WBGene00007097.,6,9,15
WBGene00007099.,328,2766,3094
WBGene00007100.,10,417,427
WBGene00007101.,40,1709,1749
WBGene00007102.,23,130,153
WBGene00007103.,117,681,798
WBGene00007104.,81,477,558
WBGene00007105.,87,1848,1935
WBGene00007106.,84,1035,1119
WBGene00007107.,654,5351,6005
WBGene00007108.,134,1351,1485
WBGene00007109.,5,101,106
WBGene00007110.,103,1214,1317
WBGene00007111.,74,1219,1293
WBGene00007112.,43,183,226
WBGene00007113.,111,1551,1662
WBGene00007114.,21,95,116
WBGene00007115.,62,173,235
WBGene00007116.,18,100,118
WBGene00007117.,6,26,32
WBGene00007118.,66,559,625
WBGene00007119.,103,442,545
WBGene00007120.,0,22,22
WBGene00007121.,44,99,143
WBGene00007122.,146,6663,6809
WBGene00007123.,1,1,2
WBGene00007124.,20,71,91
WBGene00007125.,0,1,1
WBGene00007126.,107,744,851
WBGene00007127.,0,2,2
WBGene00007128.,28,264,292
WBGene00007129.,34,3368,3402
WBGene00007130.,73,183,256
WBGene00007131.,11,26,37
WBGene00007132.,3,22,25
WBGene00007133.,17,236,253
WBGene00007134.,9,1,10
WBGene00007135.,211,854,1065
WBGene00007136.,119,826,945
WBGene00007137.,105,1044,1149
WBGene00007138.,30,152,182
WBGene00007139.,202,1967,2169
WBGene00007140.,5,15,20
WBGene00007141.,2,3,5
WBGene00007142.,391,3190,3581
WBGene00007143.,38,789,827
WBGene00007144.,17,665,682
WBGene00007145.,9,491,500
WBGene00007146.,6,73,79
WBGene00007147.,0,1,1
WBGene00007148.,4,5,9
WBGene00007149.,0,11,11
WBGene00007150.,13,870,883
WBGene00007151.,6,2,8
WBGene00007152.,4,3,7
WBGene00007153.,0,34,34
WBGene00007154.,30,152,182
WBGene00007155.,432,6434,6866
WBGene00007156.,0,6,6
WBGene00007158.,0,3,3
WBGene00007159.,2,12,14
WBGene00007160.,0,0,0
WBGene00007161.,0,1,1
WBGene00007162.,81,123,204
WBGene00007163.,0,2,2
WBGene00007164.,0,28,28
WBGene00007165.,114,125,239
WBGene00007166.,3,275,278
WBGene00007167.,123,616,739
WBGene00007168.,4,482,486
WBGene00007169.,19,23,42
WBGene00007170.,21,158,179
WBGene00007171.,5,86,91
WBGene00007172.,8,63,71
WBGene00007173.,0,0,0
WBGene00007174.,19,189,208
WBGene00007175.,50,802,852
WBGene00007176.,653,596,1249
WBGene00007177.,5,11,16
WBGene00007178.,6,339,345
WBGene00007179.,8,7,15
WBGene00007180.,69,537,606
WBGene00007181.,2,1,3
WBGene00007182.,0,2,2
WBGene00007183.,0,33,33
WBGene00007184.,211,2959,3170
WBGene00007185.,98,582,680
WBGene00007186.,31,773,804
WBGene00007187.,40,193,233
WBGene00007188.,95,485,580
WBGene00007189.,39,316,355
WBGene00007190.,1,9,10
WBGene00007191.,20,85,105
WBGene00007192.,621,6387,7008
WBGene00007193.,108,596,704
WBGene00007194.,12,806,818
WBGene00007195.,149,846,995
WBGene00007196.,126,327,453
WBGene00007197.,768,4801,5569
WBGene00007198.,7,12,19
WBGene00007199.,7,6,13
WBGene00007200.,161,923,1084
WBGene00007201.,0,181,181
WBGene00007202.,32,204,236
WBGene00007203.,7,205,212
WBGene00007204.,1,3,4
WBGene00007206.,0,0,0
WBGene00007207.,117,1045,1162
WBGene00007208.,0,0,0
WBGene00007209.,0,0,0
WBGene00007210.,15,41,56
WBGene00007211.,1,0,1
WBGene00007212.,16,28,44
WBGene00007213.,13,221,234
WBGene00007214.,235,751,986
WBGene00007215.,89,1387,1476
WBGene00007216.,273,710,983
WBGene00007217.,115,2126,2241
WBGene00007218.,99,6,105
WBGene00007219.,56,1758,1814
WBGene00007220.,8,17,25
WBGene00007221.,49,327,376
WBGene00007222.,5,39,44
WBGene00007223.,324,4012,4336
WBGene00007224.,13,43,56
WBGene00007225.,0,23,23
WBGene00007226.,89,624,713
WBGene00007227.,229,4929,5158
WBGene00007228.,19,112,131
WBGene00007229.,12,29,41
WBGene00007230.,2,16,18
WBGene00007231.,47,63,110
WBGene00007232.,20,81,101
WBGene00007233.,84,1536,1620
WBGene00007234.,1,372,373
WBGene00007235.,452,6997,7449
WBGene00007236.,5,254,259
WBGene00007237.,53,258,311
WBGene00007238.,0,0,0
WBGene00007239.,0,1,1
WBGene00007240.,354,2016,2370
WBGene00007241.,55,174,229
WBGene00007242.,13,283,296
WBGene00007243.,0,14,14
WBGene00007244.,0,1,1
WBGene00007245.,0,0,0
WBGene00007246.,0,20,20
WBGene00007247.,37,109,146
WBGene00007248.,1,3,4
WBGene00007249.,2,2,4
WBGene00007250.,0,0,0
WBGene00007251.,0,2,2
WBGene00007252.,30,173,203
WBGene00007253.,24,149,173
WBGene00007254.,13,33,46
WBGene00007255.,14,70,84
WBGene00007256.,1097,2211,3308
WBGene00007257.,437,1410,1847
WBGene00007258.,44,409,453
WBGene00007259.,5,1,6
WBGene00007260.,275,537,812
WBGene00007261.,162,2129,2291
WBGene00007262.,12,28,40
WBGene00007264.,3,19,22
WBGene00007265.,0,8,8
WBGene00007266.,32,433,465
WBGene00007267.,25,243,268
WBGene00007268.,7,48,55
WBGene00007269.,9,5,14
WBGene00007270.,33,686,719
WBGene00007271.,26,84,110
WBGene00007273.,22,16,38
WBGene00007274.,3,17,20
WBGene00007275.,53,119,172
WBGene00007277.,16,62,78
WBGene00007278.,7,32,39
WBGene00007279.,0,0,0
WBGene00007281.,2,38,40
WBGene00007282.,1,7,8
WBGene00007283.,1,1,2
WBGene00007284.,134,386,520
WBGene00007285.,7,113,120
WBGene00007286.,21,125,146
WBGene00007287.,22,239,261
WBGene00007288.,9,50,59
WBGene00007289.,0,0,0
WBGene00007290.,1,1,2
WBGene00007291.,1,0,1
WBGene00007292.,1,4,5
WBGene00007293.,0,0,0
WBGene00007294.,1,0,1
WBGene00007295.,9,128,137
WBGene00007296.,54,1137,1191
WBGene00007297.,34,194,228
WBGene00007299.,11,236,247
WBGene00007300.,0,3,3
WBGene00007301.,1956629,31,1956660
WBGene00007302.,34,804,838
WBGene00007303.,11,52,63
WBGene00007304.,63,277,340
WBGene00007305.,3,1,4
WBGene00007306.,0,1,1
WBGene00007307.,0,0,0
WBGene00007308.,0,1,1
WBGene00007309.,3,4,7
WBGene00007310.,4,6,10
WBGene00007311.,5,0,5
WBGene00007312.,11,817,828
WBGene00007313.,2,6,8
WBGene00007314.,12,35,47
WBGene00007315.,1,0,1
WBGene00007316.,233,1124,1357
WBGene00007317.,42,2053,2095
WBGene00007319.,1,0,1
WBGene00007320.,0,0,0
WBGene00007321.,47,366,413
WBGene00007322.,5,11,16
WBGene00007323.,4,12,16
WBGene00007324.,352,2003,2355
WBGene00007325.,0,13,13
WBGene00007326.,10,25,35
WBGene00007327.,18,48,66
WBGene00007328.,3,2,5
WBGene00007329.,76,585,661
WBGene00007330.,424,15224,15648
WBGene00007331.,483,1804,2287
WBGene00007332.,2,222,224
WBGene00007333.,135,902,1037
WBGene00007334.,40,287,327
WBGene00007335.,1,1,2
WBGene00007336.,7,105,112
WBGene00007337.,1,10,11
WBGene00007338.,11,61,72
WBGene00007339.,7,45,52
WBGene00007340.,10,40,50
WBGene00007341.,0,0,0
WBGene00007342.,0,1,1
WBGene00007343.,16,131,147
WBGene00007344.,5,20,25
WBGene00007345.,47,184,231
WBGene00007346.,1,58,59
WBGene00007347.,16,54,70
WBGene00007348.,42,196,238
WBGene00007349.,54,343,397
WBGene00007350.,764,10723,11487
WBGene00007351.,17,36,53
WBGene00007352.,255,3595,3850
WBGene00007353.,451,2629,3080
WBGene00007354.,8,25,33
WBGene00007355.,0,4903,4903
WBGene00007356.,0,1,1
WBGene00007357.,133,563,696
WBGene00007358.,2,11,13
WBGene00007359.,3,3,6
WBGene00007360.,9,5,14
WBGene00007361.,10,9,19
WBGene00007362.,28,130,158
WBGene00007363.,39,1005,1044
WBGene00007364.,4,12,16
WBGene00007365.,552,7497,8049
WBGene00007366.,146,288,434
WBGene00007367.,14,241,255
WBGene00007368.,4,11,15
WBGene00007369.,0,8,8
WBGene00007370.,0,3,3
WBGene00007372.,4,47,51
WBGene00007373.,1,0,1
WBGene00007374.,2,13,15
WBGene00007375.,45,130,175
WBGene00007376.,0,2,2
WBGene00007377.,0,21,21
WBGene00007378.,7,10,17
WBGene00007379.,1,2,3
WBGene00007380.,0,1,1
WBGene00007381.,0,1,1
WBGene00007382.,1,21,22
WBGene00007383.,0,0,0
WBGene00007384.,6,238,244
WBGene00007385.,4231,36921,41152
WBGene00007386.,106,1105,1211
WBGene00007387.,163,386,549
WBGene00007388.,71,391,462
WBGene00007389.,31,276,307
WBGene00007390.,25,1806,1831
WBGene00007391.,1,9,10
WBGene00007392.,1,10,11
WBGene00007393.,6,10,16
WBGene00007394.,9,26,35
WBGene00007395.,44,328,372
WBGene00007396.,44,359,403
WBGene00007397.,6,99,105
WBGene00007398.,0,5,5
WBGene00007399.,8,6,14
WBGene00007400.,50,1525,1575
WBGene00007401.,0,0,0
WBGene00007402.,76,519,595
WBGene00007403.,38,398,436
WBGene00007404.,12,19,31
WBGene00007405.,127,2272,2399
WBGene00007406.,2,2,4
WBGene00007407.,1,11,12
WBGene00007408.,9,80,89
WBGene00007409.,34,158,192
WBGene00007410.,9,15,24
WBGene00007411.,16,243,259
WBGene00007412.,41,625,666
WBGene00007413.,309,2068,2377
WBGene00007414.,34,227,261
WBGene00007415.,6,16,22
WBGene00007416.,34,86,120
WBGene00007417.,28,395,423
WBGene00007418.,7,13,20
WBGene00007419.,201,1273,1474
WBGene00007420.,0,39,39
WBGene00007421.,47,451,498
WBGene00007422.,10,106,116
WBGene00007423.,1,2,3
WBGene00007424.,1,47,48
WBGene00007425.,4,68,72
WBGene00007426.,5,5,10
WBGene00007427.,3,0,3
WBGene00007428.,135,1121,1256
WBGene00007429.,76,1763,1839
WBGene00007430.,9,227,236
WBGene00007431.,3,12,15
WBGene00007432.,0,3,3
WBGene00007433.,155,2208,2363
WBGene00007434.,6,347,353
WBGene00007435.,7,247,254
WBGene00007436.,1,399,400
WBGene00007437.,1,6,7
WBGene00007438.,1,0,1
WBGene00007439.,7,30,37
WBGene00007440.,9,65,74
WBGene00007441.,0,3,3
WBGene00007442.,0,1,1
WBGene00007443.,805,6576,7381
WBGene00007444.,78,793,871
WBGene00007445.,25,194,219
WBGene00007446.,1,5,6
WBGene00007447.,1,0,1
WBGene00007448.,3,11,14
WBGene00007449.,566,6498,7064
WBGene00007450.,569,2886,3455
WBGene00007451.,0,0,0
WBGene00007452.,2,12,14
WBGene00007453.,2,11,13
WBGene00007454.,1,8,9
WBGene00007455.,16,149,165
WBGene00007456.,1,0,1
WBGene00007457.,0,1,1
WBGene00007458.,0,0,0
WBGene00007459.,0,0,0
WBGene00007460.,8,246,254
WBGene00007461.,1,0,1
WBGene00007462.,15,97,112
WBGene00007463.,105,9914,10019
WBGene00007464.,24,239,263
WBGene00007465.,5,39,44
WBGene00007466.,0,7,7
WBGene00007467.,1,40,41
WBGene00007468.,6,2,8
WBGene00007469.,8,24,32
WBGene00007470.,0,21,21
WBGene00007471.,3,15,18
WBGene00007472.,1,0,1
WBGene00007473.,0,0,0
WBGene00007474.,31,478,509
WBGene00007475.,0,0,0
WBGene00007476.,7,869,876
WBGene00007478.,8,5,13
WBGene00007479.,26,1654,1680
WBGene00007480.,22,106,128
WBGene00007481.,0,0,0
WBGene00007482.,11,75,86
WBGene00007483.,9,48,57
WBGene00007484.,6,21,27
WBGene00007485.,8,6,14
WBGene00007486.,124,363,487
WBGene00007487.,66,595,661
WBGene00007488.,81,769,850
WBGene00007489.,7,6,13
WBGene00007490.,38,139,177
WBGene00007492.,324,2245,2569
WBGene00007493.,22,670,692
WBGene00007494.,4,8,12
WBGene00007495.,29,211,240
WBGene00007496.,0,1,1
WBGene00007497.,0,0,0
WBGene00007499.,105,216,321
WBGene00007500.,142,1214,1356
WBGene00007502.,41,139,180
WBGene00007503.,7,19,26
WBGene00007504.,11,293,304
WBGene00007505.,270,1771,2041
WBGene00007506.,11,28,39
WBGene00007507.,2,20,22
WBGene00007508.,1,7,8
WBGene00007509.,5,33,38
WBGene00007511.,60,624,684
WBGene00007512.,2,4,6
WBGene00007513.,22,119,141
WBGene00007514.,75,2109,2184
WBGene00007515.,5,66,71
WBGene00007516.,29,466,495
WBGene00007517.,3,52,55
WBGene00007518.,6,41,47
WBGene00007520.,95,744,839
WBGene00007521.,7,6,13
WBGene00007522.,67,119,186
WBGene00007523.,1,2,3
WBGene00007525.,5,81,86
WBGene00007528.,18,158,176
WBGene00007529.,27,431,458
WBGene00007530.,14,28,42
WBGene00007531.,45,392,437
WBGene00007533.,42,243,285
WBGene00007534.,66,3499,3565
WBGene00007535.,0,3,3
WBGene00007536.,4,53,57
WBGene00007537.,7,271,278
WBGene00007538.,0,20,20
WBGene00007539.,0,0,0
WBGene00007540.,1,4,5
WBGene00007541.,4,299,303
WBGene00007542.,0,2,2
WBGene00007543.,1,22,23
WBGene00007544.,11,198,209
WBGene00007545.,101,210,311
WBGene00007546.,57,303,360
WBGene00007547.,89,511,600
WBGene00007548.,24,228,252
WBGene00007549.,23,209,232
WBGene00007550.,6,42,48
WBGene00007551.,39,536,575
WBGene00007552.,9,95,104
WBGene00007553.,3,695,698
WBGene00007554.,162,2168,2330
WBGene00007555.,15,3589,3604
WBGene00007556.,47,529,576
WBGene00007557.,4,43,47
WBGene00007558.,8,26,34
WBGene00007559.,1,1,2
WBGene00007560.,2,10,12
WBGene00007561.,16,520,536
WBGene00007562.,91,300,391
WBGene00007563.,6,38,44
WBGene00007564.,4,2669,2673
WBGene00007565.,1,8,9
WBGene00007567.,0,0,0
WBGene00007569.,2,1,3
WBGene00007570.,3,0,3
WBGene00007571.,0,1,1
WBGene00007572.,0,1,1
WBGene00007573.,14,515,529
WBGene00007574.,26,907,933
WBGene00007576.,70,755,825
WBGene00007577.,99,447,546
WBGene00007578.,2,148,150
WBGene00007579.,66,581,647
WBGene00007580.,11,127,138
WBGene00007581.,28,473,501
WBGene00007583.,215,912,1127
WBGene00007584.,3,19,22
WBGene00007585.,33,168,201
WBGene00007586.,46,2783,2829
WBGene00007587.,105,2139,2244
WBGene00007588.,40,2221,2261
WBGene00007589.,2,149,151
WBGene00007590.,161,1149,1310
WBGene00007591.,111,1079,1190
WBGene00007592.,269,1587,1856
WBGene00007593.,168,889,1057
WBGene00007594.,36,518,554
WBGene00007595.,10,76,86
WBGene00007597.,140,223,363
WBGene00007598.,1,3,4
WBGene00007599.,151,731,882
WBGene00007600.,5,159,164
WBGene00007601.,0,1,1
WBGene00007602.,328,795,1123
WBGene00007603.,25,197,222
WBGene00007604.,1,190,191
WBGene00007605.,23,359,382
WBGene00007606.,30,534,564
WBGene00007607.,3,75,78
WBGene00007608.,9,53,62
WBGene00007609.,10,483,493
WBGene00007610.,0,1,1
WBGene00007611.,3,16,19
WBGene00007613.,1,5,6
WBGene00007614.,67,184,251
WBGene00007615.,90,691,781
WBGene00007616.,227,1561,1788
WBGene00007617.,329,6195,6524
WBGene00007618.,5,5,10
WBGene00007619.,55,143,198
WBGene00007620.,957,1127,2084
WBGene00007621.,208,1635,1843
WBGene00007622.,42,188,230
WBGene00007623.,147,1362,1509
WBGene00007624.,7,318,325
WBGene00007625.,127,1747,1874
WBGene00007626.,68,1226,1294
WBGene00007627.,32,718,750
WBGene00007628.,124,1211,1335
WBGene00007629.,21,150,171
WBGene00007630.,24,14434,14458
WBGene00007631.,8,6,14
WBGene00007632.,1,19,20
WBGene00007633.,34,38,72
WBGene00007635.,121,228,349
WBGene00007637.,118,112,230
WBGene00007638.,0,0,0
WBGene00007639.,4,2,6
WBGene00007640.,93,421,514
WBGene00007641.,1,0,1
WBGene00007642.,0,2,2
WBGene00007643.,9,41,50
WBGene00007644.,8,39,47
WBGene00007645.,263,1438,1701
WBGene00007646.,307,4722,5029
WBGene00007647.,367,1748,2115
WBGene00007648.,0,2,2
WBGene00007649.,2,4,6
WBGene00007650.,13,57,70
WBGene00007651.,44,454,498
WBGene00007652.,49,436,485
WBGene00007653.,134,2145,2279
WBGene00007654.,4,7,11
WBGene00007655.,50,0,50
WBGene00007656.,2,2,4
WBGene00007657.,3,2,5
WBGene00007658.,1,4,5
WBGene00007659.,0,1,1
WBGene00007660.,1,1,2
WBGene00007661.,0,0,0
WBGene00007662.,0,2,2
WBGene00007664.,99,1000,1099
WBGene00007666.,98,762,860
WBGene00007667.,16,168,184
WBGene00007668.,68,713,781
WBGene00007669.,7,22,29
WBGene00007670.,30,111,141
WBGene00007672.,0,14,14
WBGene00007673.,0,0,0
WBGene00007674.,1,0,1
WBGene00007675.,34,170,204
WBGene00007676.,0,2,2
WBGene00007677.,1,2,3
WBGene00007678.,0,1,1
WBGene00007679.,57,1507,1564
WBGene00007680.,31,82,113
WBGene00007681.,384,2697,3081
WBGene00007682.,0,5,5
WBGene00007683.,739,5489,6228
WBGene00007684.,1411,10599,12010
WBGene00007685.,18,80,98
WBGene00007686.,77,5198,5275
WBGene00007687.,6,27,33
WBGene00007688.,0,2,2
WBGene00007689.,20,613,633
WBGene00007690.,329,433,762
WBGene00007691.,2,7,9
WBGene00007692.,3,14,17
WBGene00007693.,3,4,7
WBGene00007694.,3,26,29
WBGene00007695.,3,17,20
WBGene00007696.,80,4507,4587
WBGene00007697.,82,384,466
WBGene00007698.,79,748,827
WBGene00007699.,0,0,0
WBGene00007700.,0,1,1
WBGene00007701.,1,1,2
WBGene00007702.,163,514,677
WBGene00007703.,654,1748,2402
WBGene00007704.,7,160,167
WBGene00007705.,7,643,650
WBGene00007707.,11,602,613
WBGene00007708.,0,0,0
WBGene00007709.,4,236,240
WBGene00007710.,19,459,478
WBGene00007711.,16,576,592
WBGene00007712.,11,2686,2697
WBGene00007713.,0,13,13
WBGene00007714.,0,1,1
WBGene00007715.,0,0,0
WBGene00007716.,0,0,0
WBGene00007717.,2,17,19
WBGene00007718.,2,1220,1222
WBGene00007719.,0,3,3
WBGene00007720.,4,530,534
WBGene00007721.,0,0,0
WBGene00007722.,13,160,173
WBGene00007723.,6,12,18
WBGene00007724.,13,11,24
WBGene00007725.,5,12,17
WBGene00007726.,1,9,10
WBGene00007727.,1,1,2
WBGene00007728.,0,11,11
WBGene00007729.,26,195,221
WBGene00007730.,28,855,883
WBGene00007731.,5,640,645
WBGene00007732.,1,32,33
WBGene00007733.,0,5,5
WBGene00007734.,2,9,11
WBGene00007735.,3,2,5
WBGene00007736.,56,1142,1198
WBGene00007739.,47,25,72
WBGene00007740.,2,2,4
WBGene00007741.,45,273,318
WBGene00007742.,13,12,25
WBGene00007743.,14,56,70
WBGene00007744.,216,335,551
WBGene00007745.,61,254,315
WBGene00007746.,35,302,337
WBGene00007747.,0,4,4
WBGene00007748.,9,36,45
WBGene00007749.,35,514,549
WBGene00007750.,44,578,622
WBGene00007751.,12,32,44
WBGene00007752.,232,1167,1399
WBGene00007753.,59,321,380
WBGene00007754.,3,4,7
WBGene00007755.,49,137,186
WBGene00007756.,110,647,757
WBGene00007757.,33,65,98
WBGene00007758.,155,776,931
WBGene00007759.,0,0,0
WBGene00007760.,30,391,421
WBGene00007761.,161,1056,1217
WBGene00007762.,9,347,356
WBGene00007763.,36,120,156
WBGene00007764.,276,1130,1406
WBGene00007765.,9,27,36
WBGene00007766.,1,175,176
WBGene00007767.,0,0,0
WBGene00007768.,5,16,21
WBGene00007769.,0,0,0
WBGene00007770.,0,0,0
WBGene00007771.,3,110,113
WBGene00007772.,44,656,700
WBGene00007773.,0,0,0
WBGene00007774.,76,578,654
WBGene00007775.,90,105,195
WBGene00007776.,22,130,152
WBGene00007777.,0,4,4
WBGene00007778.,2,15,17
WBGene00007779.,17,176,193
WBGene00007780.,7,94,101
WBGene00007784.,85,2852,2937
WBGene00007785.,14,685,699
WBGene00007786.,167,4454,4621
WBGene00007787.,15,1446,1461
WBGene00007788.,16,67,83
WBGene00007789.,15,79,94
WBGene00007791.,7,20,27
WBGene00007792.,1,7,8
WBGene00007793.,0,0,0
WBGene00007794.,0,0,0
WBGene00007795.,1,0,1
WBGene00007796.,25,127,152
WBGene00007797.,17,108,125
WBGene00007798.,1,0,1
WBGene00007799.,193,500,693
WBGene00007800.,18,30,48
WBGene00007801.,117,491,608
WBGene00007802.,22,20,42
WBGene00007804.,1,13,14
WBGene00007805.,0,1,1
WBGene00007806.,1,7,8
WBGene00007807.,10,73,83
WBGene00007808.,2,8,10
WBGene00007809.,5,19,24
WBGene00007810.,22,94,116
WBGene00007811.,15,187,202
WBGene00007812.,236,1645,1881
WBGene00007813.,6,2,8
WBGene00007816.,115,96,211
WBGene00007817.,95,212,307
WBGene00007818.,301,462,763
WBGene00007819.,7,173,180
WBGene00007820.,143,810,953
WBGene00007821.,28,78,106
WBGene00007822.,7,10,17
WBGene00007823.,4,22,26
WBGene00007824.,1541,3345,4886
WBGene00007825.,28,325,353
WBGene00007826.,18,948,966
WBGene00007827.,227,1764,1991
WBGene00007829.,1,1,2
WBGene00007831.,1,8,9
WBGene00007832.,1,7,8
WBGene00007833.,2,7,9
WBGene00007834.,0,1,1
WBGene00007835.,1,19,20
WBGene00007836.,12,846,858
WBGene00007837.,17,188,205
WBGene00007838.,0,17,17
WBGene00007840.,81,9,90
WBGene00007841.,68,735,803
WBGene00007842.,0,4,4
WBGene00007844.,9,7,16
WBGene00007846.,33,342,375
WBGene00007847.,25,204,229
WBGene00007848.,392,4132,4524
WBGene00007849.,52,177,229
WBGene00007850.,2,2,4
WBGene00007851.,9,38,47
WBGene00007852.,0,0,0
WBGene00007853.,0,1,1
WBGene00007854.,53,124,177
WBGene00007855.,0,702,702
WBGene00007856.,9,235,244
WBGene00007857.,7,58,65
WBGene00007858.,5,34,39
WBGene00007859.,65,1661,1726
WBGene00007860.,318,1249,1567
WBGene00007861.,3,33,36
WBGene00007862.,64,194,258
WBGene00007863.,5,5,10
WBGene00007864.,4,18,22
WBGene00007865.,0,0,0
WBGene00007866.,2,9,11
WBGene00007867.,7,48,55
WBGene00007868.,1,105,106
WBGene00007869.,1,17,18
WBGene00007870.,1,4,5
WBGene00007871.,0,0,0
WBGene00007872.,0,0,0
WBGene00007873.,0,0,0
WBGene00007874.,0,0,0
WBGene00007875.,5,48,53
WBGene00007876.,0,0,0
WBGene00007877.,368,2452,2820
WBGene00007878.,105,217,322
WBGene00007880.,2085,8667,10752
WBGene00007881.,89,1864,1953
WBGene00007882.,86,2322,2408
WBGene00007883.,142,2217,2359
WBGene00007885.,28,175,203
WBGene00007886.,89,261,350
WBGene00007887.,1,2,3
WBGene00007888.,28,39,67
WBGene00007889.,6,1,7
WBGene00007890.,34,163,197
WBGene00007891.,10,37,47
WBGene00007892.,70,1185,1255
WBGene00007893.,2,5,7
WBGene00007894.,1,6,7
WBGene00007895.,0,0,0
WBGene00007896.,12,5,17
WBGene00007897.,6,18,24
WBGene00007898.,5,107,112
WBGene00007899.,52,185,237
WBGene00007900.,121,513,634
WBGene00007901.,11,360,371
WBGene00007902.,0,28,28
WBGene00007903.,3,23,26
WBGene00007904.,10,17,27
WBGene00007905.,3,3,6
WBGene00007906.,23,231,254
WBGene00007907.,755,3973,4728
WBGene00007908.,106,327,433
WBGene00007909.,92,93,185
WBGene00007910.,3,6,9
WBGene00007911.,7,46,53
WBGene00007912.,52,596,648
WBGene00007913.,107,254,361
WBGene00007914.,64,550,614
WBGene00007916.,8,301,309
WBGene00007917.,88,721,809
WBGene00007918.,40,472,512
WBGene00007919.,150,639,789
WBGene00007920.,0,0,0
WBGene00007921.,107,823,930
WBGene00007922.,133,606,739
WBGene00007923.,129,1294,1423
WBGene00007924.,299,4784,5083
WBGene00007925.,73,667,740
WBGene00007926.,24,54,78
WBGene00007927.,379,3578,3957
WBGene00007928.,1,22,23
WBGene00007929.,54,208,262
WBGene00007931.,32,284,316
WBGene00007932.,52,173,225
WBGene00007933.,20,117,137
WBGene00007934.,43,1163,1206
WBGene00007935.,45,33,78
WBGene00007937.,2,9,11
WBGene00007938.,5,143,148
WBGene00007939.,18,87,105
WBGene00007941.,31,155,186
WBGene00007942.,45,1443,1488
WBGene00007943.,34,562,596
WBGene00007944.,115,834,949
WBGene00007945.,4,21,25
WBGene00007946.,8,58,66
WBGene00007947.,118,697,815
WBGene00007948.,6,4,10
WBGene00007949.,4,33,37
WBGene00007950.,277,1054,1331
WBGene00007951.,96,319,415
WBGene00007952.,72,1523,1595
WBGene00007953.,53,165,218
WBGene00007954.,3,5,8
WBGene00007955.,100,2683,2783
WBGene00007956.,52,314,366
WBGene00007957.,21,123,144
WBGene00007958.,272,850,1122
WBGene00007959.,47,342,389
WBGene00007960.,0,1,1
WBGene00007961.,0,1,1
WBGene00007962.,2,0,2
WBGene00007963.,3,7,10
WBGene00007964.,13,157,170
WBGene00007965.,20,304,324
WBGene00007966.,4,186,190
WBGene00007967.,10,161,171
WBGene00007969.,35,1881,1916
WBGene00007970.,10,113,123
WBGene00007971.,185,1947,2132
WBGene00007972.,125,627,752
WBGene00007973.,1,11,12
WBGene00007974.,83,862,945
WBGene00007975.,81,700,781
WBGene00007976.,36,368,404
WBGene00007977.,1,3,4
WBGene00007978.,33,266,299
WBGene00007979.,22,501,523
WBGene00007980.,163,3104,3267
WBGene00007981.,74,1524,1598
WBGene00007982.,123,720,843
WBGene00007983.,59,339,398
WBGene00007984.,56,622,678
WBGene00007985.,61,154,215
WBGene00007986.,0,0,0
WBGene00007987.,0,1,1
WBGene00007988.,13,83,96
WBGene00007989.,5,82,87
WBGene00007990.,0,4,4
WBGene00007991.,26,228,254
WBGene00007992.,2,92,94
WBGene00007993.,119,3530,3649
WBGene00007994.,60,261,321
WBGene00007995.,1,0,1
WBGene00007996.,4,6,10
WBGene00007997.,22,32,54
WBGene00007998.,5,1,6
WBGene00007999.,31,97,128
WBGene00008000.,36,910,946
WBGene00008001.,3,1,4
WBGene00008002.,59,224,283
WBGene00008003.,4,156,160
WBGene00008005.,19,248,267
WBGene00008006.,117,536,653
WBGene00008007.,6,30,36
WBGene00008008.,88,258,346
WBGene00008009.,2,3,5
WBGene00008010.,7,11,18
WBGene00008012.,0,0,0
WBGene00008013.,2,3,5
WBGene00008014.,2,0,2
WBGene00008015.,0,3,3
WBGene00008016.,0,0,0
WBGene00008017.,0,2,2
WBGene00008018.,111,457,568
WBGene00008019.,32,742,774
WBGene00008020.,4,69,73
WBGene00008021.,10,110,120
WBGene00008022.,46,262,308
WBGene00008023.,6,109,115
WBGene00008024.,1,2,3
WBGene00008025.,4,122,126
WBGene00008026.,1,5,6
WBGene00008027.,10,76,86
WBGene00008028.,0,22,22
WBGene00008029.,0,1,1
WBGene00008030.,0,2,2
WBGene00008031.,8,10,18
WBGene00008032.,191,1385,1576
WBGene00008033.,64,246,310
WBGene00008034.,199,1996,2195
WBGene00008035.,32,796,828
WBGene00008036.,1,3,4
WBGene00008037.,10,22,32
WBGene00008038.,5,6,11
WBGene00008039.,18,227,245
WBGene00008040.,416,3362,3778
WBGene00008041.,273,3279,3552
WBGene00008042.,1,9,10
WBGene00008043.,20,87,107
WBGene00008044.,2,6,8
WBGene00008045.,87,161,248
WBGene00008047.,4,11,15
WBGene00008048.,1,3,4
WBGene00008050.,16,515,531
WBGene00008051.,69,152,221
WBGene00008052.,53,442,495
WBGene00008053.,85,1916,2001
WBGene00008054.,9,8,17
WBGene00008055.,3,6,9
WBGene00008056.,2,2,4
WBGene00008057.,3,5,8
WBGene00008058.,0,0,0
WBGene00008059.,0,0,0
WBGene00008060.,0,1,1
WBGene00008061.,5,74,79
WBGene00008062.,13,110,123
WBGene00008063.,6,15,21
WBGene00008064.,506,113,619
WBGene00008065.,26,147,173
WBGene00008066.,2,39,41
WBGene00008067.,0,0,0
WBGene00008068.,0,2,2
WBGene00008069.,0,0,0
WBGene00008070.,0,16,16
WBGene00008071.,5,0,5
WBGene00008072.,2,9,11
WBGene00008073.,1,59,60
WBGene00008074.,0,3,3
WBGene00008075.,7,122,129
WBGene00008076.,24,340,364
WBGene00008077.,1,9,10
WBGene00008078.,20,304,324
WBGene00008079.,1,14,15
WBGene00008080.,0,33,33
WBGene00008081.,130,526,656
WBGene00008082.,38,151,189
WBGene00008083.,5,5,10
WBGene00008084.,3,9,12
WBGene00008085.,20,231,251
WBGene00008086.,4,21,25
WBGene00008087.,2,0,2
WBGene00008088.,0,2,2
WBGene00008089.,112,777,889
WBGene00008090.,1,1,2
WBGene00008091.,2,22,24
WBGene00008092.,0,2,2
WBGene00008093.,26,16,42
WBGene00008094.,259,331,590
WBGene00008095.,6,40,46
WBGene00008096.,2,142,144
WBGene00008097.,0,15,15
WBGene00008098.,2,14,16
WBGene00008099.,3,22,25
WBGene00008100.,104,421,525
WBGene00008101.,3,35,38
WBGene00008102.,1,10,11
WBGene00008104.,0,0,0
WBGene00008105.,2,5,7
WBGene00008106.,2,6,8
WBGene00008107.,23,694,717
WBGene00008110.,236,3175,3411
WBGene00008111.,4,10,14
WBGene00008112.,3,8,11
WBGene00008113.,9,13,22
WBGene00008114.,10,92,102
WBGene00008117.,27,1873,1900
WBGene00008118.,143,550,693
WBGene00008119.,312,1107,1419
WBGene00008120.,366,1085,1451
WBGene00008121.,52,1228,1280
WBGene00008122.,0,1,1
WBGene00008123.,7,57,64
WBGene00008124.,4,5,9
WBGene00008125.,0,0,0
WBGene00008126.,3,3,6
WBGene00008127.,22,41,63
WBGene00008128.,7,71,78
WBGene00008129.,4,4,8
WBGene00008130.,4,94,98
WBGene00008131.,41,851,892
WBGene00008132.,3258,801,4059
WBGene00008133.,66,79,145
WBGene00008134.,133,816,949
WBGene00008135.,0,0,0
WBGene00008136.,58,785,843
WBGene00008137.,1,10,11
WBGene00008138.,0,10,10
WBGene00008139.,6,59,65
WBGene00008140.,278,283,561
WBGene00008141.,2,3,5
WBGene00008142.,31,236,267
WBGene00008143.,68,787,855
WBGene00008144.,18,207,225
WBGene00008145.,59,207,266
WBGene00008146.,10,10,20
WBGene00008147.,167,1515,1682
WBGene00008148.,18,380,398
WBGene00008149.,284,11527,11811
WBGene00008150.,5,16,21
WBGene00008151.,167,3114,3281
WBGene00008152.,32,460,492
WBGene00008153.,5,2,7
WBGene00008154.,0,0,0
WBGene00008155.,17,31,48
WBGene00008156.,1,2,3
WBGene00008157.,0,0,0
WBGene00008158.,2,3,5
WBGene00008159.,0,0,0
WBGene00008160.,1,1,2
WBGene00008161.,0,0,0
WBGene00008162.,1,2,3
WBGene00008163.,0,0,0
WBGene00008164.,40,1719,1759
WBGene00008165.,34,605,639
WBGene00008166.,40,696,736
WBGene00008167.,18,60,78
WBGene00008168.,34,303,337
WBGene00008169.,13,133,146
WBGene00008170.,20,271,291
WBGene00008171.,7,83,90
WBGene00008172.,2,117,119
WBGene00008173.,8,315,323
WBGene00008174.,26,131,157
WBGene00008175.,1,3,4
WBGene00008176.,3,16,19
WBGene00008177.,34,230,264
WBGene00008178.,88,39,127
WBGene00008179.,0,0,0
WBGene00008180.,5,32,37
WBGene00008183.,1175,986,2161
WBGene00008184.,0,18,18
WBGene00008185.,8,1,9
WBGene00008186.,8,10,18
WBGene00008187.,27,10,37
WBGene00008188.,2,0,2
WBGene00008190.,15,22,37
WBGene00008191.,252,7296,7548
WBGene00008192.,0,0,0
WBGene00008193.,7,26,33
WBGene00008194.,24,102,126
WBGene00008195.,58,387,445
WBGene00008196.,0,72,72
WBGene00008197.,27,232,259
WBGene00008198.,20,632,652
WBGene00008199.,10,31,41
WBGene00008200.,4,12,16
WBGene00008201.,1,3,4
WBGene00008202.,0,22,22
WBGene00008203.,50,295,345
WBGene00008204.,15,213,228
WBGene00008205.,1397,24132,25529
WBGene00008206.,75,452,527
WBGene00008207.,1,7,8
WBGene00008208.,6,32,38
WBGene00008209.,2,10,12
WBGene00008210.,18,69,87
WBGene00008211.,77,1603,1680
WBGene00008212.,20,96,116
WBGene00008213.,7,155,162
WBGene00008214.,85,507,592
WBGene00008215.,11,1612,1623
WBGene00008216.,11,21,32
WBGene00008217.,0,1,1
WBGene00008218.,21,1150,1171
WBGene00008219.,19,522,541
WBGene00008220.,1,56,57
WBGene00008221.,40,421,461
WBGene00008222.,7,74,81
WBGene00008223.,2,0,2
WBGene00008224.,130,1625,1755
WBGene00008225.,31,902,933
WBGene00008226.,33,168,201
WBGene00008227.,53,202,255
WBGene00008228.,1,125,126
WBGene00008229.,13,247,260
WBGene00008230.,24,68,92
WBGene00008231.,2,6,8
WBGene00008232.,26,270,296
WBGene00008233.,13,495,508
WBGene00008234.,8,44,52
WBGene00008235.,6,24,30
WBGene00008236.,46,247,293
WBGene00008237.,94,830,924
WBGene00008238.,56,528,584
WBGene00008239.,4,44,48
WBGene00008240.,3,2,5
WBGene00008241.,0,1,1
WBGene00008242.,2,12,14
WBGene00008243.,0,2,2
WBGene00008244.,0,0,0
WBGene00008245.,0,6,6
WBGene00008246.,3,5,8
WBGene00008247.,186,59,245
WBGene00008248.,11,35,46
WBGene00008249.,5,16,21
WBGene00008250.,4,12,16
WBGene00008251.,7,25,32
WBGene00008252.,7,65,72
WBGene00008253.,3,30,33
WBGene00008254.,164,878,1042
WBGene00008255.,43,345,388
WBGene00008256.,35,158,193
WBGene00008257.,4,22,26
WBGene00008258.,26,641,667
WBGene00008259.,1,9,10
WBGene00008260.,14,103,117
WBGene00008261.,5,15,20
WBGene00008262.,1347,37907,39254
WBGene00008263.,141,256,397
WBGene00008265.,102,262,364
WBGene00008266.,37,514,551
WBGene00008267.,3,48,51
WBGene00008268.,1,1,2
WBGene00008269.,0,45,45
WBGene00008270.,120,293,413
WBGene00008271.,2,0,2
WBGene00008272.,24,23,47
WBGene00008273.,75,313,388
WBGene00008274.,281,2059,2340
WBGene00008275.,40,351,391
WBGene00008277.,22,17,39
WBGene00008278.,69,82,151
WBGene00008279.,25,1,26
WBGene00008280.,36,122,158
WBGene00008281.,31,384,415
WBGene00008282.,1,2,3
WBGene00008283.,47,367,414
WBGene00008284.,98,586,684
WBGene00008285.,19,17,36
WBGene00008286.,4,3,7
WBGene00008287.,121,545,666
WBGene00008288.,61,537,598
WBGene00008289.,0,1,1
WBGene00008290.,2,1,3
WBGene00008291.,0,2,2
WBGene00008292.,32,305,337
WBGene00008293.,1,0,1
WBGene00008294.,1,2,3
WBGene00008295.,0,0,0
WBGene00008296.,44,285,329
WBGene00008297.,1,1,2
WBGene00008298.,221,1818,2039
WBGene00008299.,0,2,2
WBGene00008300.,10,211,221
WBGene00008301.,1,8,9
WBGene00008302.,1,8,9
WBGene00008303.,3,8,11
WBGene00008304.,6,52,58
WBGene00008306.,0,2,2
WBGene00008307.,126,253,379
WBGene00008308.,0,2,2
WBGene00008309.,2,18,20
WBGene00008310.,76,668,744
WBGene00008311.,78,1097,1175
WBGene00008312.,0,4,4
WBGene00008313.,0,6,6
WBGene00008314.,17,34,51
WBGene00008315.,174,761,935
WBGene00008316.,51,314,365
WBGene00008317.,37,418,455
WBGene00008318.,10,278,288
WBGene00008319.,0,0,0
WBGene00008320.,21,154,175
WBGene00008321.,0,0,0
WBGene00008322.,0,9,9
WBGene00008323.,7,143,150
WBGene00008324.,2,11,13
WBGene00008325.,2,4,6
WBGene00008326.,0,0,0
WBGene00008327.,0,3,3
WBGene00008328.,6,0,6
WBGene00008330.,13,723,736
WBGene00008331.,202,1480,1682
WBGene00008332.,46,251,297
WBGene00008333.,18,291,309
WBGene00008334.,94,341,435
WBGene00008335.,41,319,360
WBGene00008336.,12,77,89
WBGene00008337.,0,0,0
WBGene00008338.,229,1547,1776
WBGene00008339.,40,535,575
WBGene00008340.,1,6,7
WBGene00008341.,17,245,262
WBGene00008342.,56,166,222
WBGene00008343.,6,400,406
WBGene00008344.,139,860,999
WBGene00008345.,46,1012,1058
WBGene00008346.,22,58,80
WBGene00008348.,114,261,375
WBGene00008349.,2,26,28
WBGene00008350.,7,23,30
WBGene00008351.,0,1,1
WBGene00008352.,3,12,15
WBGene00008353.,3,335,338
WBGene00008354.,24,305,329
WBGene00008355.,3,45,48
WBGene00008356.,22,23811,23833
WBGene00008357.,8,3324,3332
WBGene00008358.,40,3820,3860
WBGene00008359.,59,6834,6893
WBGene00008360.,3,5179,5182
WBGene00008361.,33,316,349
WBGene00008362.,88,1174,1262
WBGene00008363.,15,266,281
WBGene00008364.,17,437,454
WBGene00008365.,6,19,25
WBGene00008366.,192,680,872
WBGene00008367.,1,2,3
WBGene00008368.,64,228,292
WBGene00008369.,61,234,295
WBGene00008370.,174,922,1096
WBGene00008371.,154,751,905
WBGene00008372.,3,8,11
WBGene00008373.,5,3,8
WBGene00008374.,1,3,4
WBGene00008375.,20,639,659
WBGene00008376.,15,103,118
WBGene00008377.,0,0,0
WBGene00008378.,0,2,2
WBGene00008379.,13,170,183
WBGene00008380.,57,752,809
WBGene00008381.,1,2,3
WBGene00008382.,26,143,169
WBGene00008383.,1,10,11
WBGene00008384.,1,74,75
WBGene00008385.,16,282,298
WBGene00008386.,241,2338,2579
WBGene00008387.,15,92,107
WBGene00008388.,37,84,121
WBGene00008389.,69,968,1037
WBGene00008390.,69,441,510
WBGene00008392.,1231,6021,7252
WBGene00008393.,0,0,0
WBGene00008394.,1,1,2
WBGene00008395.,549,4590,5139
WBGene00008396.,0,24,24
WBGene00008397.,0,0,0
WBGene00008398.,391,2479,2870
WBGene00008399.,51,236,287
WBGene00008400.,125,802,927
WBGene00008401.,15,63,78
WBGene00008402.,32,558,590
WBGene00008403.,26,90,116
WBGene00008404.,25,984,1009
WBGene00008405.,37,1177,1214
WBGene00008407.,283,856,1139
WBGene00008408.,35,803,838
WBGene00008409.,95,2383,2478
WBGene00008410.,43,809,852
WBGene00008411.,56,730,786
WBGene00008412.,107,756,863
WBGene00008413.,54,730,784
WBGene00008414.,451,8527,8978
WBGene00008415.,210,5737,5947
WBGene00008417.,12,229,241
WBGene00008418.,38,185,223
WBGene00008419.,370,1888,2258
WBGene00008420.,211,900,1111
WBGene00008421.,52,166,218
WBGene00008422.,27,910,937
WBGene00008423.,1,26,27
WBGene00008424.,13,128,141
WBGene00008425.,6,27,33
WBGene00008426.,60,289,349
WBGene00008427.,8,39,47
WBGene00008428.,35,933,968
WBGene00008429.,94,618,712
WBGene00008430.,180,1236,1416
WBGene00008431.,166,443,609
WBGene00008432.,114,628,742
WBGene00008433.,3,1,4
WBGene00008434.,20,529,549
WBGene00008435.,62,290,352
WBGene00008436.,193,2173,2366
WBGene00008438.,483,1459,1942
WBGene00008439.,77,461,538
WBGene00008440.,3,130,133
WBGene00008441.,151,443,594
WBGene00008442.,192,595,787
WBGene00008443.,1692,888,2580
WBGene00008444.,436,869,1305
WBGene00008446.,375,3305,3680
WBGene00008447.,30,294,324
WBGene00008448.,0,9,9
WBGene00008449.,3,37,40
WBGene00008450.,20,912,932
WBGene00008451.,8,38,46
WBGene00008452.,188,2515,2703
WBGene00008453.,160,909,1069
WBGene00008454.,6,443,449
WBGene00008455.,144,1444,1588
WBGene00008456.,11,425,436
WBGene00008457.,80,250,330
WBGene00008458.,117,855,972
WBGene00008459.,139,1135,1274
WBGene00008460.,71,53,124
WBGene00008462.,2,5,7
WBGene00008463.,0,13,13
WBGene00008464.,2,2,4
WBGene00008465.,20,0,20
WBGene00008468.,3,5,8
WBGene00008470.,0,0,0
WBGene00008471.,0,0,0
WBGene00008472.,0,1,1
WBGene00008473.,1,1,2
WBGene00008474.,0,0,0
WBGene00008475.,7,29,36
WBGene00008476.,27,111,138
WBGene00008477.,0,84,84
WBGene00008478.,0,0,0
WBGene00008479.,1,0,1
WBGene00008480.,129,3372,3501
WBGene00008481.,11,83,94
WBGene00008482.,5,10,15
WBGene00008483.,1,2,3
WBGene00008484.,11,1079,1090
WBGene00008485.,0,3,3
WBGene00008486.,5,151,156
WBGene00008487.,27,82,109
WBGene00008488.,50,282,332
WBGene00008489.,7,12,19
WBGene00008490.,30,306,336
WBGene00008491.,95,91,186
WBGene00008492.,3,31,34
WBGene00008493.,0,4,4
WBGene00008494.,1,34,35
WBGene00008495.,6,72,78
WBGene00008496.,1,42,43
WBGene00008497.,1,1,2
WBGene00008498.,8,32,40
WBGene00008499.,36,98,134
WBGene00008500.,47,88,135
WBGene00008501.,0,0,0
WBGene00008502.,157,1095,1252
WBGene00008503.,7,214,221
WBGene00008504.,34,688,722
WBGene00008505.,390,30763,31153
WBGene00008506.,58,3405,3463
WBGene00008507.,1,0,1
WBGene00008508.,0,2,2
WBGene00008509.,2,132,134
WBGene00008510.,345,2179,2524
WBGene00008511.,14,61,75
WBGene00008512.,7,21,28
WBGene00008513.,87,216,303
WBGene00008514.,52,2075,2127
WBGene00008515.,58,210,268
WBGene00008516.,2,81,83
WBGene00008517.,17,102,119
WBGene00008518.,13,22,35
WBGene00008519.,161,349,510
WBGene00008520.,23,39,62
WBGene00008521.,105,1291,1396
WBGene00008522.,3,447,450
WBGene00008523.,0,1,1
WBGene00008524.,2,2,4
WBGene00008526.,1,2,3
WBGene00008527.,0,0,0
WBGene00008528.,159,865,1024
WBGene00008529.,6,30,36
WBGene00008530.,152,2230,2382
WBGene00008531.,110,544,654
WBGene00008532.,142,1753,1895
WBGene00008533.,159,637,796
WBGene00008534.,1,1,2
WBGene00008535.,0,6,6
WBGene00008536.,0,0,0
WBGene00008537.,11,2,13
WBGene00008538.,520,3278,3798
WBGene00008539.,0,1,1
WBGene00008540.,6,1,7
WBGene00008541.,2,3,5
WBGene00008542.,24,55,79
WBGene00008543.,36,212,248
WBGene00008545.,11,22,33
WBGene00008546.,126,819,945
WBGene00008547.,138,711,849
WBGene00008548.,25,120,145
WBGene00008549.,448,4252,4700
WBGene00008550.,5,5,10
WBGene00008551.,1,8,9
WBGene00008552.,0,1,1
WBGene00008553.,7,65,72
WBGene00008554.,333,4050,4383
WBGene00008555.,710,1456,2166
WBGene00008556.,5,7,12
WBGene00008557.,46,156,202
WBGene00008558.,11,73,84
WBGene00008559.,1,22,23
WBGene00008560.,2,9,11
WBGene00008561.,9,51,60
WBGene00008563.,3,859,862
WBGene00008564.,26,289,315
WBGene00008565.,37,258,295
WBGene00008566.,3,7,10
WBGene00008567.,0,51,51
WBGene00008568.,13,20,33
WBGene00008569.,17,216,233
WBGene00008570.,371,754,1125
WBGene00008571.,70,270,340
WBGene00008572.,457,6538,6995
WBGene00008574.,0,0,0
WBGene00008575.,35,314,349
WBGene00008576.,0,645,645
WBGene00008577.,0,909,909
WBGene00008578.,62,344,406
WBGene00008579.,100,410,510
WBGene00008580.,13,58,71
WBGene00008581.,0,0,0
WBGene00008582.,171,2810,2981
WBGene00008583.,63,125,188
WBGene00008584.,30,177,207
WBGene00008585.,45,359,404
WBGene00008586.,137,1537,1674
WBGene00008587.,14,147,161
WBGene00008588.,9,111,120
WBGene00008589.,158,603,761
WBGene00008590.,0,9,9
WBGene00008591.,3,78,81
WBGene00008592.,0,198,198
WBGene00008593.,4,2,6
WBGene00008594.,13,39,52
WBGene00008595.,8,25,33
WBGene00008596.,4,17,21
WBGene00008597.,3,29,32
WBGene00008598.,4,31,35
WBGene00008599.,6,30,36
WBGene00008600.,99,40,139
WBGene00008601.,1177,2011,3188
WBGene00008602.,30,195,225
WBGene00008603.,692,5698,6390
WBGene00008604.,99,600,699
WBGene00008605.,76,197,273
WBGene00008606.,36,419,455
WBGene00008607.,52,260,312
WBGene00008609.,2,6,8
WBGene00008610.,102,1824,1926
WBGene00008611.,0,1,1
WBGene00008612.,11,0,11
WBGene00008613.,3,31,34
WBGene00008615.,1,12,13
WBGene00008616.,8,25,33
WBGene00008617.,1,3,4
WBGene00008618.,1,5,6
WBGene00008619.,0,1,1
WBGene00008620.,0,1,1
WBGene00008621.,16,44,60
WBGene00008622.,152,1567,1719
WBGene00008623.,59,11,70
WBGene00008624.,176,1237,1413
WBGene00008625.,6,23,29
WBGene00008626.,12,148,160
WBGene00008627.,2,5,7
WBGene00008628.,53,2627,2680
WBGene00008629.,14,151,165
WBGene00008630.,1,30,31
WBGene00008631.,0,1,1
WBGene00008632.,0,9,9
WBGene00008633.,0,9,9
WBGene00008634.,3,22,25
WBGene00008635.,2,5,7
WBGene00008636.,2,3,5
WBGene00008637.,0,1,1
WBGene00008638.,0,0,0
WBGene00008639.,37,325,362
WBGene00008640.,2,30,32
WBGene00008641.,12,223,235
WBGene00008642.,12,665,677
WBGene00008643.,1,34,35
WBGene00008644.,8,36,44
WBGene00008645.,30,632,662
WBGene00008646.,24,351,375
WBGene00008647.,6,62,68
WBGene00008648.,105,461,566
WBGene00008649.,0,8,8
WBGene00008650.,1,11,12
WBGene00008651.,0,3,3
WBGene00008652.,3,52,55
WBGene00008654.,40,33,73
WBGene00008655.,13,82,95
WBGene00008656.,23,167,190
WBGene00008657.,1,1,2
WBGene00008658.,0,1,1
WBGene00008659.,1,2,3
WBGene00008660.,0,0,0
WBGene00008661.,4,4,8
WBGene00008662.,42,137,179
WBGene00008663.,9,282,291
WBGene00008664.,11,1271,1282
WBGene00008665.,3249,470,3719
WBGene00008666.,79,472,551
WBGene00008667.,97,342,439
WBGene00008669.,60,267,327
WBGene00008670.,195,775,970
WBGene00008671.,0,9,9
WBGene00008672.,0,0,0
WBGene00008673.,1,0,1
WBGene00008675.,0,0,0
WBGene00008676.,0,1,1
WBGene00008677.,4,263,267
WBGene00008678.,1,19,20
WBGene00008679.,0,0,0
WBGene00008680.,6,7,13
WBGene00008681.,24,195,219
WBGene00008682.,74,1514,1588
WBGene00008683.,135,1091,1226
WBGene00008684.,18,196,214
WBGene00008685.,91,570,661
WBGene00008686.,71,338,409
WBGene00008687.,17,558,575
WBGene00008688.,276,2540,2816
WBGene00008690.,170,1213,1383
WBGene00008691.,30,540,570
WBGene00008692.,25,45,70
WBGene00008693.,2,22,24
WBGene00008694.,1128,4397,5525
WBGene00008695.,25,48,73
WBGene00008696.,1,4,5
WBGene00008698.,0,1,1
WBGene00008699.,1,0,1
WBGene00008700.,1,2,3
WBGene00008701.,0,2,2
WBGene00008702.,0,0,0
WBGene00008703.,0,0,0
WBGene00008706.,1949,4903,6852
WBGene00008707.,24,1404,1428
WBGene00008708.,9,46,55
WBGene00008709.,9,16,25
WBGene00008710.,33,744,777
WBGene00008711.,22,104,126
WBGene00008712.,13,54,67
WBGene00008713.,33,149,182
WBGene00008714.,29,55,84
WBGene00008716.,0,1,1
WBGene00008717.,0,0,0
WBGene00008719.,12,30,42
WBGene00008720.,182,1487,1669
WBGene00008722.,38,530,568
WBGene00008723.,2,3,5
WBGene00008724.,3,2,5
WBGene00008725.,0,0,0
WBGene00008726.,40,232,272
WBGene00008727.,2,19,21
WBGene00008728.,4,12,16
WBGene00008729.,186,2470,2656
WBGene00008730.,5,10,15
WBGene00008731.,10,28,38
WBGene00008732.,4,49,53
WBGene00008733.,22,396,418
WBGene00008734.,3,14,17
WBGene00008735.,312,1038,1350
WBGene00008736.,17,90,107
WBGene00008737.,4,37,41
WBGene00008739.,21,62,83
WBGene00008740.,5,265,270
WBGene00008741.,62,387,449
WBGene00008742.,28,224,252
WBGene00008743.,2,57,59
WBGene00008744.,88,1379,1467
WBGene00008745.,56,3540,3596
WBGene00008746.,78,122,200
WBGene00008747.,8,56,64
WBGene00008748.,27,989,1016
WBGene00008749.,20,475,495
WBGene00008750.,176,461,637
WBGene00008751.,0,1,1
WBGene00008752.,0,0,0
WBGene00008753.,0,2,2
WBGene00008754.,3,33,36
WBGene00008755.,0,25,25
WBGene00008757.,1,53,54
WBGene00008758.,2,3,5
WBGene00008759.,0,0,0
WBGene00008760.,13,389,402
WBGene00008761.,27,356,383
WBGene00008762.,2,253,255
WBGene00008763.,50,208,258
WBGene00008764.,36,1760,1796
WBGene00008765.,104,3481,3585
WBGene00008766.,99,511,610
WBGene00008767.,26,904,930
WBGene00008768.,891,5486,6377
WBGene00008769.,37,1666,1703
WBGene00008770.,80,1061,1141
WBGene00008772.,0,2,2
WBGene00008773.,25,150,175
WBGene00008774.,23,251,274
WBGene00008775.,83,659,742
WBGene00008776.,20,106,126
WBGene00008777.,537,1811,2348
WBGene00008778.,5,24,29
WBGene00008779.,66,114,180
WBGene00008780.,151,705,856
WBGene00008781.,141,1539,1680
WBGene00008782.,0,1,1
WBGene00008783.,119,493,612
WBGene00008784.,1,6,7
WBGene00008785.,3,3,6
WBGene00008786.,0,0,0
WBGene00008787.,2,14,16
WBGene00008788.,1,0,1
WBGene00008789.,4,10,14
WBGene00008790.,1,0,1
WBGene00008791.,4,76,80
WBGene00008792.,0,3,3
WBGene00008793.,6,17,23
WBGene00008794.,0,15,15
WBGene00008795.,2,27,29
WBGene00008796.,2,4,6
WBGene00008797.,2,15,17
WBGene00008798.,4,50,54
WBGene00008799.,4,19,23
WBGene00008800.,120,2008,2128
WBGene00008801.,3,10,13
WBGene00008802.,7,22,29
WBGene00008803.,499,2813,3312
WBGene00008804.,29,61,90
WBGene00008805.,57,692,749
WBGene00008806.,15,261,276
WBGene00008807.,4,13,17
WBGene00008808.,13,10,23
WBGene00008809.,9,7,16
WBGene00008810.,41,303,344
WBGene00008811.,0,4,4
WBGene00008812.,4,5,9
WBGene00008813.,1,0,1
WBGene00008814.,0,0,0
WBGene00008815.,0,1,1
WBGene00008816.,0,1,1
WBGene00008817.,0,0,0
WBGene00008818.,2,11,13
WBGene00008819.,389,784,1173
WBGene00008820.,23,1691,1714
WBGene00008821.,1,0,1
WBGene00008822.,4,0,4
WBGene00008823.,0,0,0
WBGene00008824.,0,0,0
WBGene00008825.,0,0,0
WBGene00008826.,1,4,5
WBGene00008827.,0,6,6
WBGene00008828.,0,0,0
WBGene00008829.,0,1,1
WBGene00008830.,3,9,12
WBGene00008831.,13,29,42
WBGene00008832.,73,560,633
WBGene00008833.,8,442,450
WBGene00008834.,5,264,269
WBGene00008835.,4,88,92
WBGene00008837.,1,1,2
WBGene00008838.,9,18,27
WBGene00008839.,0,2,2
WBGene00008840.,5,80,85
WBGene00008841.,914,5004,5918
WBGene00008842.,4,24,28
WBGene00008843.,0,0,0
WBGene00008844.,0,4,4
WBGene00008847.,1,1,2
WBGene00008848.,14,238,252
WBGene00008849.,26,3,29
WBGene00008850.,1,12,13
WBGene00008851.,35,153,188
WBGene00008852.,543,2742,3285
WBGene00008853.,2,0,2
WBGene00008854.,14,5,19
WBGene00008855.,4,2,6
WBGene00008856.,354,1569,1923
WBGene00008857.,20,8360,8380
WBGene00008858.,8,8,16
WBGene00008859.,2,269,271
WBGene00008860.,1332,8429,9761
WBGene00008861.,23,269,292
WBGene00008862.,20,41,61
WBGene00008863.,0,3,3
WBGene00008865.,63,1524,1587
WBGene00008866.,9,4,13
WBGene00008868.,128,315,443
WBGene00008869.,6,54,60
WBGene00008870.,0,1,1
WBGene00008871.,3,1,4
WBGene00008872.,0,1,1
WBGene00008873.,0,1,1
WBGene00008874.,5,11,16
WBGene00008875.,7,56,63
WBGene00008876.,119,439,558
WBGene00008877.,69,495,564
WBGene00008878.,875,1843,2718
WBGene00008879.,32,57,89
WBGene00008880.,34,254,288
WBGene00008881.,4,14,18
WBGene00008882.,90,785,875
WBGene00008883.,9,40,49
WBGene00008884.,1,4,5
WBGene00008885.,38,243,281
WBGene00008886.,41,145,186
WBGene00008887.,42,497,539
WBGene00008889.,2,6,8
WBGene00008890.,52,116,168
WBGene00008891.,0,34,34
WBGene00008892.,7,65,72
WBGene00008893.,2,0,2
WBGene00008894.,12,13,25
WBGene00008897.,5,33,38
WBGene00008898.,6,0,6
WBGene00008899.,0,1,1
WBGene00008900.,3,23,26
WBGene00008901.,481,7,488
WBGene00008902.,1,3,4
WBGene00008903.,1,0,1
WBGene00008904.,0,5,5
WBGene00008905.,1,9,10
WBGene00008906.,0,0,0
WBGene00008907.,0,0,0
WBGene00008908.,3,0,3
WBGene00008909.,1,1,2
WBGene00008910.,104,1279,1383
WBGene00008911.,1,0,1
WBGene00008912.,5,65,70
WBGene00008914.,24,3886,3910
WBGene00008915.,129,5339,5468
WBGene00008916.,50,34,84
WBGene00008917.,16,31,47
WBGene00008918.,11,423,434
WBGene00008919.,226,2022,2248
WBGene00008920.,16448,100279,116727
WBGene00008921.,90,768,858
WBGene00008922.,224,2540,2764
WBGene00008923.,97,159,256
WBGene00008924.,35,379,414
WBGene00008925.,135,2776,2911
WBGene00008926.,89,580,669
WBGene00008927.,184,664,848
WBGene00008928.,1,1,2
WBGene00008929.,54,911,965
WBGene00008930.,528,1832,2360
WBGene00008932.,314,482,796
WBGene00008933.,4,36,40
WBGene00008934.,275,1325,1600
WBGene00008935.,6,6,12
WBGene00008936.,5,31,36
WBGene00008937.,3,9,12
WBGene00008939.,158,649,807
WBGene00008940.,76,522,598
WBGene00008941.,45,1,46
WBGene00008942.,1,4,5
WBGene00008943.,1,1,2
WBGene00008944.,15,236,251
WBGene00008945.,0,13,13
WBGene00008946.,4,0,4
WBGene00008947.,2,1,3
WBGene00008948.,103,2204,2307
WBGene00008949.,2,19,21
WBGene00008950.,1,1,2
WBGene00008951.,151,897,1048
WBGene00008952.,56,192,248
WBGene00008953.,89,295,384
WBGene00008954.,6,9,15
WBGene00008955.,9,25,34
WBGene00008956.,66,214,280
WBGene00008957.,35,819,854
WBGene00008958.,0,1,1
WBGene00008959.,1,0,1
WBGene00008960.,0,0,0
WBGene00008961.,15,946,961
WBGene00008963.,120,2231,2351
WBGene00008964.,418,775,1193
WBGene00008965.,75,77,152
WBGene00008966.,0,0,0
WBGene00008967.,0,7,7
WBGene00008968.,6,76,82
WBGene00008969.,48,213,261
WBGene00008970.,0,102,102
WBGene00008971.,35,608,643
WBGene00008972.,1,2,3
WBGene00008973.,32,1478,1510
WBGene00008974.,122,562,684
WBGene00008975.,32,1095,1127
WBGene00008976.,1,17,18
WBGene00008977.,33,83,116
WBGene00008978.,21,153,174
WBGene00008979.,36,673,709
WBGene00008980.,76,1279,1355
WBGene00008981.,0,0,0
WBGene00008982.,1,0,1
WBGene00008983.,0,0,0
WBGene00008984.,1,1,2
WBGene00008985.,10,38,48
WBGene00008986.,138,749,887
WBGene00008987.,130,694,824
WBGene00008988.,15,42,57
WBGene00008989.,24,161,185
WBGene00008990.,88,1396,1484
WBGene00008991.,29,23,52
WBGene00008992.,0,38,38
WBGene00008993.,31,118,149
WBGene00008994.,1,20,21
WBGene00008995.,50,165,215
WBGene00008996.,26,163,189
WBGene00008997.,78,125,203
WBGene00008998.,232,1411,1643
WBGene00008999.,608,2796,3404
WBGene00009000.,18,39,57
WBGene00009001.,0,0,0
WBGene00009002.,171,1615,1786
WBGene00009004.,456,6870,7326
WBGene00009005.,7,2,9
WBGene00009006.,14,270,284
WBGene00009007.,31,841,872
WBGene00009008.,24,137,161
WBGene00009009.,11,164,175
WBGene00009010.,42,554,596
WBGene00009011.,35,843,878
WBGene00009012.,103,2630,2733
WBGene00009013.,131,2329,2460
WBGene00009014.,8,54,62
WBGene00009015.,7,11,18
WBGene00009016.,1,0,1
WBGene00009017.,0,0,0
WBGene00009018.,20,121,141
WBGene00009019.,0,2,2
WBGene00009020.,1,61,62
WBGene00009021.,0,2,2
WBGene00009023.,9,145,154
WBGene00009024.,3,18,21
WBGene00009025.,43,263,306
WBGene00009026.,15,182,197
WBGene00009027.,88,340,428
WBGene00009028.,4,0,4
WBGene00009029.,10,12,22
WBGene00009030.,12,80,92
WBGene00009031.,3,10,13
WBGene00009032.,1,3,4
WBGene00009033.,1,5,6
WBGene00009035.,4,57,61
WBGene00009036.,0,0,0
WBGene00009038.,8,0,8
WBGene00009039.,3,6,9
WBGene00009041.,1,24,25
WBGene00009042.,9,254,263
WBGene00009043.,6,6,12
WBGene00009044.,6,8,14
WBGene00009045.,31,1451,1482
WBGene00009046.,0,0,0
WBGene00009047.,0,0,0
WBGene00009048.,32,1696,1728
WBGene00009049.,143,2172,2315
WBGene00009050.,359,9030,9389
WBGene00009051.,668,6605,7273
WBGene00009052.,107,1047,1154
WBGene00009054.,64,277,341
WBGene00009055.,104,413,517
WBGene00009056.,428,2814,3242
WBGene00009057.,65,352,417
WBGene00009058.,80,2718,2798
WBGene00009059.,24,357,381
WBGene00009060.,124,235,359
WBGene00009061.,1,3,4
WBGene00009063.,0,0,0
WBGene00009064.,45,339,384
WBGene00009065.,255,1026,1281
WBGene00009067.,0,4,4
WBGene00009068.,16,136,152
WBGene00009069.,0,2883,2883
WBGene00009070.,1066,18,1084
WBGene00009071.,0,1,1
WBGene00009073.,9,13,22
WBGene00009075.,4,4,8
WBGene00009076.,0,1,1
WBGene00009077.,0,0,0
WBGene00009078.,972,2969,3941
WBGene00009079.,0,0,0
WBGene00009081.,54,616,670
WBGene00009082.,50,5776,5826
WBGene00009084.,116,2555,2671
WBGene00009085.,1,11,12
WBGene00009086.,2,4,6
WBGene00009087.,3,118,121
WBGene00009088.,0,1,1
WBGene00009089.,15,214,229
WBGene00009090.,8,214,222
WBGene00009091.,221,4565,4786
WBGene00009092.,230,6897,7127
WBGene00009093.,56,188,244
WBGene00009094.,66,806,872
WBGene00009095.,52,202,254
WBGene00009096.,110,6539,6649
WBGene00009097.,42,4396,4438
WBGene00009098.,504,1570,2074
WBGene00009099.,6,8,14
WBGene00009100.,63,427,490
WBGene00009101.,2,31,33
WBGene00009102.,6,94,100
WBGene00009103.,128,2257,2385
WBGene00009104.,2,5,7
WBGene00009106.,52,518,570
WBGene00009107.,58,128,186
WBGene00009108.,7,41,48
WBGene00009109.,55,138,193
WBGene00009110.,10,462,472
WBGene00009112.,42,960,1002
WBGene00009113.,3,54,57
WBGene00009114.,7,2,9
WBGene00009115.,29,11,40
WBGene00009116.,55,676,731
WBGene00009117.,10,11,21
WBGene00009118.,69,1526,1595
WBGene00009119.,1008,143947,144955
WBGene00009120.,126,850,976
WBGene00009121.,11,317,328
WBGene00009122.,6,116,122
WBGene00009123.,72,4594,4666
WBGene00009124.,81,316,397
WBGene00009125.,60,114,174
WBGene00009126.,246,6684,6930
WBGene00009127.,84,782,866
WBGene00009128.,0,1075,1075
WBGene00009129.,4,10,14
WBGene00009130.,6,6,12
WBGene00009131.,101,734,835
WBGene00009132.,39,1315,1354
WBGene00009133.,43,662,705
WBGene00009134.,5,5,10
WBGene00009135.,11,127,138
WBGene00009136.,6,9,15
WBGene00009137.,19,263,282
WBGene00009138.,19,728,747
WBGene00009139.,113,1092,1205
WBGene00009140.,89,516,605
WBGene00009141.,560,2791,3351
WBGene00009142.,67,3144,3211
WBGene00009143.,8,19,27
WBGene00009144.,3,20,23
WBGene00009145.,163,604,767
WBGene00009146.,21,121,142
WBGene00009147.,9,0,9
WBGene00009148.,12,47,59
WBGene00009149.,3,3,6
WBGene00009150.,0,2,2
WBGene00009151.,0,0,0
WBGene00009152.,0,0,0
WBGene00009153.,2,31,33
WBGene00009154.,0,0,0
WBGene00009155.,32,116,148
WBGene00009156.,61,106,167
WBGene00009157.,76,407,483
WBGene00009158.,344,1660,2004
WBGene00009159.,64,833,897
WBGene00009160.,3,4,7
WBGene00009161.,1508,31237,32745
WBGene00009162.,48,70,118
WBGene00009163.,67,230,297
WBGene00009164.,46,1063,1109
WBGene00009165.,9,482,491
WBGene00009166.,10,47,57
WBGene00009167.,0,0,0
WBGene00009168.,2,22,24
WBGene00009169.,5,20,25
WBGene00009170.,0,8,8
WBGene00009171.,4,0,4
WBGene00009172.,105,320,425
WBGene00009173.,4,34,38
WBGene00009174.,203,815,1018
WBGene00009176.,12,383,395
WBGene00009177.,29,325,354
WBGene00009178.,13,20,33
WBGene00009179.,138,727,865
WBGene00009180.,1382,13880,15262
WBGene00009182.,15,27,42
WBGene00009183.,0,20,20
WBGene00009184.,0,7,7
WBGene00009185.,2,3,5
WBGene00009186.,1,21,22
WBGene00009187.,968,4873,5841
WBGene00009188.,412,1370,1782
WBGene00009189.,710,6636,7346
WBGene00009190.,122,405,527
WBGene00009191.,1,514,515
WBGene00009192.,25,48,73
WBGene00009193.,2,7,9
WBGene00009194.,13,18,31
WBGene00009195.,0,0,0
WBGene00009196.,1,1,2
WBGene00009197.,0,0,0
WBGene00009200.,112,1192,1304
WBGene00009201.,57,825,882
WBGene00009202.,0,18,18
WBGene00009203.,4,64,68
WBGene00009204.,55,116,171
WBGene00009205.,13,105,118
WBGene00009206.,0,0,0
WBGene00009207.,63,1197,1260
WBGene00009208.,5,16,21
WBGene00009209.,0,1,1
WBGene00009210.,0,0,0
WBGene00009211.,26,2271,2297
WBGene00009212.,0,50,50
WBGene00009213.,0,4,4
WBGene00009214.,0,0,0
WBGene00009215.,0,1,1
WBGene00009216.,0,269,269
WBGene00009217.,62,69,131
WBGene00009218.,42,220,262
WBGene00009219.,129,1617,1746
WBGene00009220.,170,302,472
WBGene00009221.,145,4316,4461
WBGene00009222.,44,243,287
WBGene00009223.,25,337,362
WBGene00009224.,79,145,224
WBGene00009225.,11,51,62
WBGene00009226.,2,64,66
WBGene00009227.,2,6,8
WBGene00009228.,2,4,6
WBGene00009229.,1,8,9
WBGene00009230.,1,1,2
WBGene00009231.,21,125,146
WBGene00009232.,1,22,23
WBGene00009233.,52,263,315
WBGene00009234.,61,271,332
WBGene00009235.,0,2,2
WBGene00009236.,2,16,18
WBGene00009237.,1,345,346
WBGene00009238.,0,1,1
WBGene00009239.,11,44,55
WBGene00009240.,12,40,52
WBGene00009241.,9,269,278
WBGene00009242.,7,28,35
WBGene00009243.,31,500,531
WBGene00009245.,75,367,442
WBGene00009246.,121,5764,5885
WBGene00009247.,2,19,21
WBGene00009248.,0,10,10
WBGene00009249.,0,0,0
WBGene00009250.,2,50,52
WBGene00009251.,4,8,12
WBGene00009252.,10,4,14
WBGene00009254.,66,1196,1262
WBGene00009255.,7,49,56
WBGene00009256.,129,975,1104
WBGene00009257.,21,60,81
WBGene00009258.,48,133,181
WBGene00009259.,29,289,318
WBGene00009260.,74,883,957
WBGene00009261.,3,20,23
WBGene00009262.,44,913,957
WBGene00009263.,34,76,110
WBGene00009264.,188,1263,1451
WBGene00009266.,139,3124,3263
WBGene00009267.,98,1133,1231
WBGene00009268.,5,39,44
WBGene00009269.,2,0,2
WBGene00009270.,13,210,223
WBGene00009271.,58,195,253
WBGene00009272.,5,173,178
WBGene00009274.,39,315,354
WBGene00009276.,51,744,795
WBGene00009277.,122,466,588
WBGene00009278.,21,102,123
WBGene00009279.,0,0,0
WBGene00009280.,1,35,36
WBGene00009281.,1,1,2
WBGene00009283.,9,94,103
WBGene00009284.,149,670,819
WBGene00009285.,48,833,881
WBGene00009286.,14,203,217
WBGene00009287.,79,342,421
WBGene00009288.,55,330,385
WBGene00009289.,31,919,950
WBGene00009290.,93,1739,1832
WBGene00009291.,56,241,297
WBGene00009292.,18,81,99
WBGene00009293.,4,97,101
WBGene00009294.,936,8041,8977
WBGene00009295.,2,1,3
WBGene00009296.,0,7,7
WBGene00009297.,0,2,2
WBGene00009298.,0,0,0
WBGene00009299.,8,49,57
WBGene00009300.,0,0,0
WBGene00009301.,0,1,1
WBGene00009302.,0,0,0
WBGene00009303.,4,2,6
WBGene00009304.,284,962,1246
WBGene00009305.,93,825,918
WBGene00009306.,19,993,1012
WBGene00009307.,36,3333,3369
WBGene00009308.,0,8,8
WBGene00009309.,0,3,3
WBGene00009310.,2,0,2
WBGene00009311.,6,7,13
WBGene00009312.,1134,8,1142
WBGene00009313.,2,3,5
WBGene00009314.,225,702,927
WBGene00009315.,155,594,749
WBGene00009316.,0,1,1
WBGene00009318.,0,7,7
WBGene00009319.,151,2369,2520
WBGene00009320.,127,433,560
WBGene00009321.,0,0,0
WBGene00009322.,104,1273,1377
WBGene00009323.,22,517,539
WBGene00009324.,8,13,21
WBGene00009325.,87,281,368
WBGene00009326.,14,49,63
WBGene00009327.,4,5,9
WBGene00009328.,0,11,11
WBGene00009329.,60,418,478
WBGene00009330.,37,1750,1787
WBGene00009331.,4,52,56
WBGene00009332.,7,29,36
WBGene00009333.,39,922,961
WBGene00009334.,258,2228,2486
WBGene00009335.,30,111,141
WBGene00009336.,71,1594,1665
WBGene00009337.,497,2295,2792
WBGene00009338.,6,2,8
WBGene00009339.,2,22,24
WBGene00009340.,331,2735,3066
WBGene00009341.,17,420,437
WBGene00009342.,496,10640,11136
WBGene00009343.,66,530,596
WBGene00009344.,0,0,0
WBGene00009345.,3,1,4
WBGene00009346.,22,127,149
WBGene00009347.,14,72,86
WBGene00009349.,0,204,204
WBGene00009350.,25,103,128
WBGene00009352.,58,1137,1195
WBGene00009353.,172,7603,7775
WBGene00009354.,111,326,437
WBGene00009355.,8,99,107
WBGene00009356.,8,20,28
WBGene00009357.,3,57,60
WBGene00009358.,203,1831,2034
WBGene00009359.,2,3,5
WBGene00009360.,10,10,20
WBGene00009361.,28,233,261
WBGene00009362.,0,0,0
WBGene00009363.,0,1,1
WBGene00009364.,9,490,499
WBGene00009365.,69,582,651
WBGene00009366.,38,363,401
WBGene00009367.,408,5792,6200
WBGene00009368.,106,750,856
WBGene00009369.,117,742,859
WBGene00009370.,81,176,257
WBGene00009371.,74,392,466
WBGene00009372.,115,719,834
WBGene00009373.,54,301,355
WBGene00009374.,212,2623,2835
WBGene00009375.,111,397,508
WBGene00009377.,0,0,0
WBGene00009378.,0,1,1
WBGene00009380.,27,626,653
WBGene00009381.,1,16,17
WBGene00009382.,3,10,13
WBGene00009383.,279,2164,2443
WBGene00009384.,1,20,21
WBGene00009385.,39,646,685
WBGene00009386.,1,61,62
WBGene00009387.,27,46,73
WBGene00009388.,702,6860,7562
WBGene00009389.,100,370,470
WBGene00009390.,20,54,74
WBGene00009391.,0,0,0
WBGene00009392.,0,0,0
WBGene00009393.,1,20,21
WBGene00009394.,75,640,715
WBGene00009395.,4,11,15
WBGene00009396.,16,67,83
WBGene00009397.,10,13,23
WBGene00009398.,1,1,2
WBGene00009399.,17,54,71
WBGene00009400.,12,38,50
WBGene00009401.,0,43,43
WBGene00009402.,0,5,5
WBGene00009403.,10,101,111
WBGene00009404.,5,186,191
WBGene00009405.,20,292,312
WBGene00009406.,121,710,831
WBGene00009408.,3,168,171
WBGene00009409.,1,0,1
WBGene00009410.,2,2,4
WBGene00009411.,2,1,3
WBGene00009412.,6,9,15
WBGene00009413.,4,9,13
WBGene00009414.,3,0,3
WBGene00009415.,0,0,0
WBGene00009416.,3,32,35
WBGene00009417.,1,0,1
WBGene00009418.,0,1,1
WBGene00009419.,0,0,0
WBGene00009420.,0,0,0
WBGene00009421.,1,1,2
WBGene00009422.,0,0,0
WBGene00009423.,0,0,0
WBGene00009424.,7,2,9
WBGene00009425.,3,2,5
WBGene00009426.,8,1,9
WBGene00009427.,0,2,2
WBGene00009428.,18,21,39
WBGene00009429.,2,13,15
WBGene00009430.,86,597,683
WBGene00009431.,22,88,110
WBGene00009432.,11,179,190
WBGene00009433.,34,153,187
WBGene00009434.,36,244,280
WBGene00009435.,39,326,365
WBGene00009436.,13,1534,1547
WBGene00009437.,5,21,26
WBGene00009438.,5,50,55
WBGene00009439.,318,1698,2016
WBGene00009440.,157,4493,4650
WBGene00009441.,46,367,413
WBGene00009442.,15,67,82
WBGene00009443.,72,968,1040
WBGene00009444.,51,776,827
WBGene00009445.,36,1018,1054
WBGene00009446.,1,1,2
WBGene00009447.,9,82,91
WBGene00009448.,15,355,370
WBGene00009449.,0,1,1
WBGene00009450.,41,1301,1342
WBGene00009451.,112,1342,1454
WBGene00009452.,167,694,861
WBGene00009453.,205,680,885
WBGene00009454.,3134,23456,26590
WBGene00009455.,198,1793,1991
WBGene00009456.,92,620,712
WBGene00009457.,0,3,3
WBGene00009458.,3,5,8
WBGene00009459.,2,3,5
WBGene00009460.,216,2183,2399
WBGene00009461.,97,310,407
WBGene00009462.,217,85,302
WBGene00009463.,0,0,0
WBGene00009464.,7,5,12
WBGene00009465.,3,6,9
WBGene00009466.,48,322,370
WBGene00009467.,3,2,5
WBGene00009468.,28,92,120
WBGene00009469.,42,267,309
WBGene00009470.,3,1,4
WBGene00009471.,1,3,4
WBGene00009472.,1,0,1
WBGene00009473.,0,1,1
WBGene00009474.,0,0,0
WBGene00009475.,347,2255,2602
WBGene00009476.,41,349,390
WBGene00009477.,442,2148,2590
WBGene00009478.,60,1112,1172
WBGene00009479.,55,573,628
WBGene00009480.,5,13,18
WBGene00009481.,3,90,93
WBGene00009482.,267,1611,1878
WBGene00009483.,3,229,232
WBGene00009484.,59,163,222
WBGene00009485.,7,39,46
WBGene00009486.,2,4,6
WBGene00009487.,0,8,8
WBGene00009488.,1,3,4
WBGene00009489.,0,2,2
WBGene00009490.,1,7,8
WBGene00009491.,1,0,1
WBGene00009492.,3,6,9
WBGene00009493.,3,80,83
WBGene00009494.,3,26,29
WBGene00009495.,11,43,54
WBGene00009496.,9,29,38
WBGene00009497.,3,3,6
WBGene00009498.,257,1178,1435
WBGene00009499.,159,643,802
WBGene00009500.,54,819,873
WBGene00009501.,3,2,5
WBGene00009502.,3,2,5
WBGene00009503.,99,1222,1321
WBGene00009504.,17,359,376
WBGene00009505.,16,506,522
WBGene00009507.,93,428,521
WBGene00009508.,95,716,811
WBGene00009509.,4,25,29
WBGene00009510.,1,39,40
WBGene00009511.,24,61,85
WBGene00009512.,29,1362,1391
WBGene00009513.,5,3,8
WBGene00009514.,2312,14194,16506
WBGene00009515.,8,15,23
WBGene00009517.,7,4,11
WBGene00009518.,9,24,33
WBGene00009519.,0,0,0
WBGene00009520.,1,4,5
WBGene00009521.,387,1803,2190
WBGene00009522.,3,14,17
WBGene00009523.,0,0,0
WBGene00009524.,1,0,1
WBGene00009525.,2,0,2
WBGene00009526.,15,19,34
WBGene00009527.,31,0,31
WBGene00009528.,40,92,132
WBGene00009529.,7,336,343
WBGene00009530.,99,125,224
WBGene00009531.,1621,10724,12345
WBGene00009532.,417,1665,2082
WBGene00009533.,5,171,176
WBGene00009534.,79,991,1070
WBGene00009535.,10,2,12
WBGene00009536.,103,310,413
WBGene00009537.,0,22,22
WBGene00009538.,0,0,0
WBGene00009539.,0,0,0
WBGene00009540.,2,5,7
WBGene00009541.,77,66,143
WBGene00009542.,57,2670,2727
WBGene00009543.,14,124,138
WBGene00009544.,62,251,313
WBGene00009546.,0,2,2
WBGene00009547.,27,138,165
WBGene00009548.,4,3,7
WBGene00009549.,2,16,18
WBGene00009550.,0,0,0
WBGene00009551.,13,122,135
WBGene00009552.,79,523,602
WBGene00009553.,15,450,465
WBGene00009554.,8,535,543
WBGene00009555.,0,0,0
WBGene00009556.,22,363,385
WBGene00009557.,33,132,165
WBGene00009558.,134,614,748
WBGene00009559.,11,1369,1380
WBGene00009560.,17,54,71
WBGene00009561.,7,9,16
WBGene00009562.,406,4971,5377
WBGene00009563.,108,1942,2050
WBGene00009565.,116,1020,1136
WBGene00009566.,0,0,0
WBGene00009567.,0,0,0
WBGene00009568.,1,0,1
WBGene00009569.,1,2,3
WBGene00009570.,0,1,1
WBGene00009571.,0,2,2
WBGene00009572.,1,14,15
WBGene00009573.,1,4,5
WBGene00009574.,283,1659,1942
WBGene00009575.,19,2867,2886
WBGene00009576.,4,97,101
WBGene00009577.,879,6980,7859
WBGene00009578.,529,8924,9453
WBGene00009579.,68,214,282
WBGene00009580.,77,2747,2824
WBGene00009581.,15,64,79
WBGene00009582.,22,148,170
WBGene00009583.,214,3321,3535
WBGene00009584.,809,6806,7615
WBGene00009585.,34,20,54
WBGene00009586.,67,1225,1292
WBGene00009587.,165,1807,1972
WBGene00009588.,4210,1390,5600
WBGene00009589.,3118,1485,4603
WBGene00009590.,0,0,0
WBGene00009592.,0,0,0
WBGene00009593.,5,0,5
WBGene00009594.,390,1145,1535
WBGene00009595.,26,51,77
WBGene00009596.,3,8,11
WBGene00009597.,0,6,6
WBGene00009598.,2,2,4
WBGene00009599.,0,0,0
WBGene00009600.,2,21,23
WBGene00009601.,25,201,226
WBGene00009602.,50,7,57
WBGene00009603.,0,1,1
WBGene00009604.,0,7,7
WBGene00009605.,4,10,14
WBGene00009606.,0,3,3
WBGene00009607.,1,1,2
WBGene00009608.,24,172,196
WBGene00009609.,0,3,3
WBGene00009610.,0,0,0
WBGene00009611.,30,84,114
WBGene00009612.,0,5,5
WBGene00009613.,0,0,0
WBGene00009614.,9,18,27
WBGene00009615.,1,0,1
WBGene00009616.,1,2,3
WBGene00009617.,12,73,85
WBGene00009618.,7,44,51
WBGene00009619.,20,219,239
WBGene00009620.,1196,2915,4111
WBGene00009621.,0,7443,7443
WBGene00009622.,19,23,42
WBGene00009623.,540,315,855
WBGene00009624.,1588,3181,4769
WBGene00009625.,2,13,15
WBGene00009626.,83,1215,1298
WBGene00009627.,13,210,223
WBGene00009628.,20,1430,1450
WBGene00009629.,39,156,195
WBGene00009630.,2,4,6
WBGene00009631.,0,2,2
WBGene00009632.,113,1080,1193
WBGene00009633.,2,9,11
WBGene00009634.,26,857,883
WBGene00009635.,32,245,277
WBGene00009636.,32,197,229
WBGene00009637.,1,254,255
WBGene00009638.,128,7639,7767
WBGene00009639.,2,1071,1073
WBGene00009640.,3,196,199
WBGene00009641.,6,4,10
WBGene00009642.,17,54,71
WBGene00009643.,0,2,2
WBGene00009644.,1,13,14
WBGene00009645.,71,531,602
WBGene00009646.,0,0,0
WBGene00009647.,24,49,73
WBGene00009648.,6,386,392
WBGene00009649.,42,49,91
WBGene00009650.,34,978,1012
WBGene00009651.,2,4,6
WBGene00009652.,2,9,11
WBGene00009653.,56,294,350
WBGene00009654.,190,597,787
WBGene00009656.,3,65,68
WBGene00009657.,43,363,406
WBGene00009658.,0,3,3
WBGene00009659.,0,1,1
WBGene00009660.,262,1568,1830
WBGene00009661.,99,2341,2440
WBGene00009662.,2,3,5
WBGene00009663.,0,5,5
WBGene00009664.,187,8577,8764
WBGene00009665.,12,468,480
WBGene00009666.,43,1358,1401
WBGene00009667.,315,174,489
WBGene00009668.,64,1366,1430
WBGene00009670.,0,3,3
WBGene00009671.,129,2080,2209
WBGene00009672.,204,1151,1355
WBGene00009673.,46,208,254
WBGene00009674.,182,2059,2241
WBGene00009675.,9,33,42
WBGene00009676.,116,582,698
WBGene00009677.,9,168,177
WBGene00009678.,126,462,588
WBGene00009679.,16,91,107
WBGene00009680.,0,0,0
WBGene00009681.,0,8,8
WBGene00009682.,0,0,0
WBGene00009683.,1,10,11
WBGene00009684.,0,0,0
WBGene00009685.,0,0,0
WBGene00009686.,7,28,35
WBGene00009687.,0,0,0
WBGene00009688.,2093,14791,16884
WBGene00009689.,1,2,3
WBGene00009690.,9,5,14
WBGene00009691.,0,11624,11624
WBGene00009692.,0,5238,5238
WBGene00009693.,0,3,3
WBGene00009695.,2,1,3
WBGene00009696.,10,42,52
WBGene00009697.,0,21,21
WBGene00009698.,0,4,4
WBGene00009700.,83,368,451
WBGene00009701.,3,69,72
WBGene00009702.,12,73,85
WBGene00009704.,1,0,1
WBGene00009705.,1,0,1
WBGene00009706.,5,45,50
WBGene00009707.,1,5,6
WBGene00009708.,2,1,3
WBGene00009709.,21,18,39
WBGene00009710.,5,25,30
WBGene00009711.,202,1603,1805
WBGene00009712.,9,5180,5189
WBGene00009713.,475,1648,2123
WBGene00009714.,0,36,36
WBGene00009715.,47,1164,1211
WBGene00009716.,10,59,69
WBGene00009717.,148,1179,1327
WBGene00009720.,1,5,6
WBGene00009721.,15,10,25
WBGene00009722.,27,1511,1538
WBGene00009723.,39,4311,4350
WBGene00009724.,31,2848,2879
WBGene00009725.,0,0,0
WBGene00009726.,48,259,307
WBGene00009727.,14,70,84
WBGene00009728.,2,4,6
WBGene00009729.,3,54,57
WBGene00009730.,386,2285,2671
WBGene00009731.,54,419,473
WBGene00009732.,311,4180,4491
WBGene00009733.,6,258,264
WBGene00009734.,148,1504,1652
WBGene00009735.,41,169,210
WBGene00009736.,164,623,787
WBGene00009738.,65,107,172
WBGene00009739.,2095,5849,7944
WBGene00009740.,477,8548,9025
WBGene00009741.,15,67,82
WBGene00009742.,2,213,215
WBGene00009743.,12,101,113
WBGene00009744.,39,496,535
WBGene00009745.,28,514,542
WBGene00009746.,0,0,0
WBGene00009747.,0,0,0
WBGene00009748.,0,0,0
WBGene00009749.,0,0,0
WBGene00009750.,0,0,0
WBGene00009751.,0,7,7
WBGene00009752.,2,11,13
WBGene00009753.,1,2,3
WBGene00009754.,0,3,3
WBGene00009755.,1,3,4
WBGene00009756.,1,0,1
WBGene00009757.,1,12,13
WBGene00009758.,1,2,3
WBGene00009759.,0,1,1
WBGene00009760.,0,6,6
WBGene00009761.,0,0,0
WBGene00009762.,0,0,0
WBGene00009763.,0,0,0
WBGene00009764.,1,10,11
WBGene00009765.,0,0,0
WBGene00009766.,1,0,1
WBGene00009767.,0,0,0
WBGene00009768.,10,28,38
WBGene00009769.,20,374,394
WBGene00009770.,83,699,782
WBGene00009771.,104,1418,1522
WBGene00009772.,209,12117,12326
WBGene00009773.,14,345,359
WBGene00009774.,2,230,232
WBGene00009775.,0,4,4
WBGene00009776.,51,503,554
WBGene00009777.,8,14,22
WBGene00009778.,6,190,196
WBGene00009779.,123,772,895
WBGene00009780.,40,109,149
WBGene00009781.,262,1207,1469
WBGene00009782.,23,188,211
WBGene00009783.,66,2388,2454
WBGene00009784.,49,1369,1418
WBGene00009785.,47,441,488
WBGene00009786.,0,3,3
WBGene00009787.,499,40723,41222
WBGene00009788.,1,0,1
WBGene00009789.,69,92,161
WBGene00009790.,31,196,227
WBGene00009791.,7,16,23
WBGene00009793.,28,1484,1512
WBGene00009796.,42,388,430
WBGene00009797.,230,2183,2413
WBGene00009798.,16,10,26
WBGene00009799.,71,430,501
WBGene00009800.,146,1123,1269
WBGene00009801.,81,454,535
WBGene00009802.,1,12,13
WBGene00009803.,67,781,848
WBGene00009804.,147,1573,1720
WBGene00009805.,0,1,1
WBGene00009806.,3,20,23
WBGene00009807.,4,21,25
WBGene00009808.,0,9,9
WBGene00009809.,14,156,170
WBGene00009810.,0,43,43
WBGene00009811.,1,8,9
WBGene00009812.,72,6059,6131
WBGene00009813.,129,1343,1472
WBGene00009814.,3,14,17
WBGene00009815.,0,4,4
WBGene00009816.,7,16,23
WBGene00009817.,0,1,1
WBGene00009818.,152,866,1018
WBGene00009819.,33,255,288
WBGene00009820.,8,28,36
WBGene00009822.,27,30,57
WBGene00009823.,12,184,196
WBGene00009824.,5,64,69
WBGene00009825.,68,251,319
WBGene00009826.,8,41,49
WBGene00009827.,6,13,19
WBGene00009828.,9,5,14
WBGene00009829.,59,4052,4111
WBGene00009830.,3,21,24
WBGene00009831.,28,475,503
WBGene00009833.,1,0,1
WBGene00009834.,0,1,1
WBGene00009835.,9,35,44
WBGene00009836.,8,1,9
WBGene00009837.,1,1,2
WBGene00009838.,0,3,3
WBGene00009839.,1,13,14
WBGene00009840.,5,15,20
WBGene00009841.,0,0,0
WBGene00009842.,10,173,183
WBGene00009843.,36,413,449
WBGene00009844.,9,20,29
WBGene00009846.,42,52,94
WBGene00009848.,282,1446,1728
WBGene00009849.,14,14,28
WBGene00009850.,25,676,701
WBGene00009851.,18,1257,1275
WBGene00009852.,0,1,1
WBGene00009853.,0,1,1
WBGene00009854.,0,2,2
WBGene00009855.,0,0,0
WBGene00009856.,2,1,3
WBGene00009857.,0,13,13
WBGene00009858.,0,1,1
WBGene00009859.,0,0,0
WBGene00009860.,2,0,2
WBGene00009861.,0,0,0
WBGene00009862.,0,8,8
WBGene00009863.,0,4,4
WBGene00009864.,4,1,5
WBGene00009865.,45,224,269
WBGene00009866.,0,0,0
WBGene00009867.,12,21,33
WBGene00009868.,0,0,0
WBGene00009869.,0,3,3
WBGene00009871.,0,1,1
WBGene00009872.,0,5,5
WBGene00009873.,1,4,5
WBGene00009874.,0,0,0
WBGene00009875.,2,5,7
WBGene00009876.,4,19,23
WBGene00009877.,13,106,119
WBGene00009878.,10,783,793
WBGene00009879.,9,20,29
WBGene00009880.,432,4155,4587
WBGene00009881.,214,3906,4120
WBGene00009882.,70,4404,4474
WBGene00009883.,17,39,56
WBGene00009884.,4,8,12
WBGene00009885.,19,75,94
WBGene00009886.,23,159,182
WBGene00009887.,14,247,261
WBGene00009888.,2905,21138,24043
WBGene00009889.,39,76,115
WBGene00009890.,8,27,35
WBGene00009891.,13,16,29
WBGene00009892.,0,0,0
WBGene00009893.,2,3,5
WBGene00009894.,1,1,2
WBGene00009895.,19,143,162
WBGene00009896.,211,2482,2693
WBGene00009897.,4,15,19
WBGene00009898.,0,3,3
WBGene00009899.,53,733,786
WBGene00009900.,1,65,66
WBGene00009901.,10,178,188
WBGene00009902.,6,31,37
WBGene00009903.,4,49,53
WBGene00009904.,5,38,43
WBGene00009905.,0,0,0
WBGene00009906.,0,1,1
WBGene00009907.,0,7,7
WBGene00009908.,1,7,8
WBGene00009909.,0,0,0
WBGene00009910.,0,0,0
WBGene00009911.,1,1,2
WBGene00009912.,9,4,13
WBGene00009913.,0,0,0
WBGene00009914.,0,0,0
WBGene00009915.,45,4324,4369
WBGene00009916.,26,71,97
WBGene00009917.,143,803,946
WBGene00009918.,46,2287,2333
WBGene00009919.,117,1276,1393
WBGene00009920.,675,5037,5712
WBGene00009921.,7,163,170
WBGene00009922.,63,601,664
WBGene00009923.,24,143,167
WBGene00009924.,89,856,945
WBGene00009925.,11,1710,1721
WBGene00009926.,153,3162,3315
WBGene00009927.,53,181,234
WBGene00009929.,14,19,33
WBGene00009930.,16,361,377
WBGene00009931.,7,97,104
WBGene00009933.,1,8,9
WBGene00009935.,27,235,262
WBGene00009936.,0,0,0
WBGene00009937.,89,505,594
WBGene00009938.,2,2,4
WBGene00009939.,40,436,476
WBGene00009940.,154,2751,2905
WBGene00009941.,0,0,0
WBGene00009942.,1,27,28
WBGene00009943.,82,169,251
WBGene00009944.,56,903,959
WBGene00009945.,186,1583,1769
WBGene00009946.,11,70,81
WBGene00009947.,63,506,569
WBGene00009948.,1,30,31
WBGene00009949.,25,69,94
WBGene00009950.,7,11,18
WBGene00009951.,42,224,266
WBGene00009952.,581,8644,9225
WBGene00009953.,53,245,298
WBGene00009954.,0,0,0
WBGene00009955.,2,350,352
WBGene00009956.,2,1,3
WBGene00009957.,65,621,686
WBGene00009958.,139,749,888
WBGene00009959.,0,12,12
WBGene00009960.,0,2,2
WBGene00009961.,1,0,1
WBGene00009962.,16,4,20
WBGene00009963.,1,3,4
WBGene00009964.,5,29,34
WBGene00009965.,30,218,248
WBGene00009966.,55,1451,1506
WBGene00009967.,6,27,33
WBGene00009968.,352,2124,2476
WBGene00009969.,43,356,399
WBGene00009971.,5,21,26
WBGene00009972.,64,32,96
WBGene00009973.,480,5073,5553
WBGene00009974.,188,2310,2498
WBGene00009975.,798,1479,2277
WBGene00009976.,61,851,912
WBGene00009977.,59,504,563
WBGene00009978.,977,1677,2654
WBGene00009979.,69,5,74
WBGene00009980.,93,1991,2084
WBGene00009981.,23,219,242
WBGene00009982.,99,20503,20602
WBGene00009983.,1,820,821
WBGene00009984.,114,221,335
WBGene00009985.,20,141,161
WBGene00009986.,21,104,125
WBGene00009987.,107,1264,1371
WBGene00009988.,24,22,46
WBGene00009990.,0,0,0
WBGene00009991.,8,34,42
WBGene00009992.,593,10655,11248
WBGene00009993.,9,5599,5608
WBGene00009994.,14,378,392
WBGene00009995.,14223,59212,73435
WBGene00009996.,53,1131,1184
WBGene00009997.,0,3,3
WBGene00009998.,4,0,4
WBGene00009999.,2,23,25
WBGene00010000.,2,7,9
WBGene00010001.,24,1397,1421
WBGene00010002.,53,515,568
WBGene00010003.,114,226,340
WBGene00010004.,19,20,39
WBGene00010005.,14,17,31
WBGene00010006.,825,663,1488
WBGene00010007.,0,0,0
WBGene00010008.,9,73,82
WBGene00010009.,12,82,94
WBGene00010010.,24,175,199
WBGene00010011.,7,84,91
WBGene00010012.,914,4239,5153
WBGene00010013.,127,2064,2191
WBGene00010014.,0,9,9
WBGene00010015.,68,5034,5102
WBGene00010016.,0,3,3
WBGene00010017.,0,0,0
WBGene00010018.,5,53,58
WBGene00010019.,45,172,217
WBGene00010020.,1,1,2
WBGene00010021.,0,4,4
WBGene00010022.,0,2,2
WBGene00010023.,1,14,15
WBGene00010024.,0,0,0
WBGene00010025.,0,6,6
WBGene00010026.,0,0,0
WBGene00010027.,6,14,20
WBGene00010028.,33,502,535
WBGene00010030.,1,0,1
WBGene00010031.,4,216,220
WBGene00010032.,56,825,881
WBGene00010033.,80,787,867
WBGene00010034.,3,4,7
WBGene00010035.,3,10,13
WBGene00010036.,2,30,32
WBGene00010037.,198,3533,3731
WBGene00010038.,75,942,1017
WBGene00010039.,49,176,225
WBGene00010040.,24,820,844
WBGene00010041.,0,344,344
WBGene00010042.,78,1045,1123
WBGene00010043.,50,261,311
WBGene00010044.,393,2869,3262
WBGene00010045.,201,1037,1238
WBGene00010046.,0,13,13
WBGene00010047.,20,279,299
WBGene00010048.,28,236,264
WBGene00010049.,69,260,329
WBGene00010050.,15,56,71
WBGene00010051.,47,430,477
WBGene00010052.,24,1970,1994
WBGene00010053.,0,11,11
WBGene00010054.,0,209,209
WBGene00010055.,930,7655,8585
WBGene00010056.,12,853,865
WBGene00010057.,29,105,134
WBGene00010058.,7,3,10
WBGene00010059.,60,1489,1549
WBGene00010060.,12,52,64
WBGene00010061.,41,569,610
WBGene00010062.,7,39,46
WBGene00010063.,46,173,219
WBGene00010064.,6,159,165
WBGene00010065.,1,3,4
WBGene00010066.,1,3,4
WBGene00010067.,0,3,3
WBGene00010068.,0,15,15
WBGene00010069.,18,52,70
WBGene00010070.,127,547,674
WBGene00010071.,389,65,454
WBGene00010072.,44,70,114
WBGene00010073.,90,169,259
WBGene00010074.,54,138,192
WBGene00010075.,16,2440,2456
WBGene00010077.,70,192,262
WBGene00010079.,209,574,783
WBGene00010080.,35,405,440
WBGene00010081.,9,134,143
WBGene00010082.,3,201,204
WBGene00010083.,57,176,233
WBGene00010084.,0,0,0
WBGene00010085.,0,0,0
WBGene00010086.,726,85,811
WBGene00010087.,1,1,2
WBGene00010088.,9,35,44
WBGene00010089.,78,503,581
WBGene00010091.,0,1,1
WBGene00010092.,1,3,4
WBGene00010093.,13,503,516
WBGene00010094.,77,3560,3637
WBGene00010095.,3,22,25
WBGene00010096.,198,825,1023
WBGene00010097.,104,2132,2236
WBGene00010098.,0,5,5
WBGene00010099.,0,0,0
WBGene00010100.,0,1,1
WBGene00010101.,0,3,3
WBGene00010102.,0,7,7
WBGene00010103.,7,0,7
WBGene00010104.,0,0,0
WBGene00010105.,0,1,1
WBGene00010106.,1,23,24
WBGene00010107.,0,2,2
WBGene00010108.,0,1,1
WBGene00010109.,34,923,957
WBGene00010110.,55,533,588
WBGene00010111.,67,379,446
WBGene00010112.,1,0,1
WBGene00010113.,73,322,395
WBGene00010114.,1,2,3
WBGene00010115.,105,625,730
WBGene00010116.,36,52,88
WBGene00010117.,180,2259,2439
WBGene00010118.,5,25,30
WBGene00010119.,2,17,19
WBGene00010120.,2,7,9
WBGene00010121.,2,1,3
WBGene00010122.,1,8,9
WBGene00010123.,3,14,17
WBGene00010124.,3,7,10
WBGene00010125.,1,6,7
WBGene00010126.,1,1,2
WBGene00010127.,1,0,1
WBGene00010128.,2,9,11
WBGene00010129.,0,0,0
WBGene00010130.,107,3767,3874
WBGene00010131.,16,528,544
WBGene00010132.,142,481,623
WBGene00010133.,885,531,1416
WBGene00010134.,17,26,43
WBGene00010135.,4,830,834
WBGene00010136.,3,10,13
WBGene00010137.,86,146,232
WBGene00010138.,10,33,43
WBGene00010139.,148,3746,3894
WBGene00010140.,33,207,240
WBGene00010141.,80,361,441
WBGene00010142.,20,194,214
WBGene00010143.,7,55,62
WBGene00010144.,4,33,37
WBGene00010145.,4,2,6
WBGene00010146.,218,599,817
WBGene00010147.,0,0,0
WBGene00010148.,13,65,78
WBGene00010149.,0,0,0
WBGene00010150.,72,74,146
WBGene00010152.,1,4,5
WBGene00010153.,0,5,5
WBGene00010155.,10,15,25
WBGene00010157.,2,1,3
WBGene00010158.,0,1,1
WBGene00010159.,257,679,936
WBGene00010160.,189,443,632
WBGene00010161.,213,507,720
WBGene00010162.,2,0,2
WBGene00010163.,60,211,271
WBGene00010165.,8,11,19
WBGene00010166.,1,1,2
WBGene00010167.,10,4,14
WBGene00010168.,15,17,32
WBGene00010169.,1,1,2
WBGene00010170.,0,0,0
WBGene00010171.,2,1,3
WBGene00010172.,1,3,4
WBGene00010173.,2,6,8
WBGene00010174.,789,7525,8314
WBGene00010175.,145,485,630
WBGene00010176.,9,20,29
WBGene00010177.,282,1852,2134
WBGene00010178.,102,1450,1552
WBGene00010179.,87,423,510
WBGene00010180.,0,6,6
WBGene00010181.,1,1,2
WBGene00010182.,2,10,12
WBGene00010183.,6,17,23
WBGene00010184.,0,16,16
WBGene00010185.,3,28,31
WBGene00010186.,2,20,22
WBGene00010187.,12,9,21
WBGene00010188.,16,225,241
WBGene00010189.,2,33,35
WBGene00010191.,40,1179,1219
WBGene00010192.,12,383,395
WBGene00010193.,2,173,175
WBGene00010194.,1,43,44
WBGene00010195.,9,87,96
WBGene00010196.,2,7,9
WBGene00010197.,33,888,921
WBGene00010198.,36,213,249
WBGene00010199.,74,1806,1880
WBGene00010200.,69,96,165
WBGene00010202.,5,162,167
WBGene00010203.,7,22,29
WBGene00010204.,5,738,743
WBGene00010205.,8,93,101
WBGene00010206.,0,0,0
WBGene00010209.,1,6,7
WBGene00010212.,154,19,173
WBGene00010214.,43,118,161
WBGene00010215.,5,5,10
WBGene00010216.,1,0,1
WBGene00010217.,2,3,5
WBGene00010218.,1,2,3
WBGene00010219.,0,0,0
WBGene00010220.,7,11,18
WBGene00010221.,49,2973,3022
WBGene00010222.,32,67,99
WBGene00010223.,18,59,77
WBGene00010224.,48,152,200
WBGene00010225.,103,1378,1481
WBGene00010226.,1,8,9
WBGene00010227.,38,293,331
WBGene00010228.,12,6,18
WBGene00010229.,72,306,378
WBGene00010230.,98,2421,2519
WBGene00010231.,311,3082,3393
WBGene00010232.,98,2712,2810
WBGene00010233.,45,330,375
WBGene00010234.,1,730,731
WBGene00010235.,30,205,235
WBGene00010236.,46,934,980
WBGene00010237.,4,6,10
WBGene00010238.,17,120,137
WBGene00010239.,27,405,432
WBGene00010240.,5,2,7
WBGene00010241.,1,14,15
WBGene00010242.,42,204,246
WBGene00010243.,11,47,58
WBGene00010244.,250,5210,5460
WBGene00010245.,1,2,3
WBGene00010246.,1,26,27
WBGene00010247.,1,0,1
WBGene00010248.,25,79,104
WBGene00010249.,9,0,9
WBGene00010250.,18,33,51
WBGene00010251.,197,449,646
WBGene00010253.,5,24,29
WBGene00010254.,0,1,1
WBGene00010255.,0,1,1
WBGene00010256.,1,11,12
WBGene00010257.,1,13,14
WBGene00010258.,32,225,257
WBGene00010259.,567,1605,2172
WBGene00010260.,189,10306,10495
WBGene00010261.,9,14,23
WBGene00010262.,152,1955,2107
WBGene00010263.,6,105,111
WBGene00010264.,70,199,269
WBGene00010265.,4,4,8
WBGene00010266.,98,790,888
WBGene00010267.,10,43,53
WBGene00010268.,26,333,359
WBGene00010269.,24,1158,1182
WBGene00010270.,1,5,6
WBGene00010271.,1,4,5
WBGene00010272.,176,1067,1243
WBGene00010273.,3,8,11
WBGene00010274.,4,16,20
WBGene00010275.,81,227,308
WBGene00010276.,0,0,0
WBGene00010277.,2,6,8
WBGene00010278.,1,18,19
WBGene00010279.,90,1842,1932
WBGene00010280.,74,1636,1710
WBGene00010281.,3,143,146
WBGene00010282.,21,23,44
WBGene00010283.,45,273,318
WBGene00010284.,138,2334,2472
WBGene00010285.,4,37,41
WBGene00010286.,29,367,396
WBGene00010288.,41,589,630
WBGene00010289.,0,6,6
WBGene00010290.,33,1689,1722
WBGene00010291.,52,185,237
WBGene00010292.,0,0,0
WBGene00010293.,10,103,113
WBGene00010294.,7,55,62
WBGene00010295.,17,127,144
WBGene00010296.,0,96,96
WBGene00010297.,2,7,9
WBGene00010298.,1,0,1
WBGene00010299.,3,0,3
WBGene00010300.,2,1,3
WBGene00010301.,1,0,1
WBGene00010303.,357,20284,20641
WBGene00010304.,128,458,586
WBGene00010305.,137,1220,1357
WBGene00010306.,607,2037,2644
WBGene00010307.,3,227,230
WBGene00010308.,27,238,265
WBGene00010309.,33,140,173
WBGene00010310.,9,121,130
WBGene00010311.,3,55,58
WBGene00010313.,17,33,50
WBGene00010314.,1,2,3
WBGene00010315.,31,154,185
WBGene00010316.,131,390,521
WBGene00010317.,238,12756,12994
WBGene00010318.,15,75,90
WBGene00010319.,27,223,250
WBGene00010320.,62,462,524
WBGene00010321.,39,476,515
WBGene00010322.,9,13,22
WBGene00010323.,1,1,2
WBGene00010324.,0,3,3
WBGene00010325.,18,772,790
WBGene00010326.,1087,5995,7082
WBGene00010327.,219,364,583
WBGene00010328.,3,51,54
WBGene00010329.,46,436,482
WBGene00010330.,493564,50,493614
WBGene00010331.,72,258,330
WBGene00010332.,10,152,162
WBGene00010333.,229,3035,3264
WBGene00010334.,10,35,45
WBGene00010335.,220,608,828
WBGene00010336.,18,96,114
WBGene00010337.,1041,7335,8376
WBGene00010338.,63,524,587
WBGene00010339.,19,580,599
WBGene00010340.,15,43,58
WBGene00010341.,13,35,48
WBGene00010342.,21,28,49
WBGene00010343.,0,0,0
WBGene00010344.,16,95,111
WBGene00010345.,23,56,79
WBGene00010348.,8,190,198
WBGene00010349.,11,79,90
WBGene00010350.,211,540,751
WBGene00010351.,5,154,159
WBGene00010352.,6,12,18
WBGene00010353.,1,47,48
WBGene00010354.,12,76,88
WBGene00010355.,0,0,0
WBGene00010356.,49,491,540
WBGene00010357.,55,339,394
WBGene00010358.,1,1,2
WBGene00010359.,2,2,4
WBGene00010360.,0,0,0
WBGene00010361.,0,6,6
WBGene00010362.,3,162,165
WBGene00010363.,14,90,104
WBGene00010364.,1,12,13
WBGene00010365.,4,4,8
WBGene00010366.,6,1,7
WBGene00010367.,13,149,162
WBGene00010368.,5,6,11
WBGene00010369.,137,2001,2138
WBGene00010370.,519,2606,3125
WBGene00010371.,0,16,16
WBGene00010372.,12,27,39
WBGene00010373.,5,11,16
WBGene00010374.,289,1012,1301
WBGene00010375.,14,191,205
WBGene00010376.,0,0,0
WBGene00010377.,0,0,0
WBGene00010378.,3,53,56
WBGene00010379.,0,0,0
WBGene00010380.,1,1,2
WBGene00010381.,1,0,1
WBGene00010382.,0,23,23
WBGene00010383.,32,234,266
WBGene00010385.,133,232,365
WBGene00010386.,94,99,193
WBGene00010387.,2,3,5
WBGene00010388.,1,4,5
WBGene00010389.,10,3,13
WBGene00010390.,0,4,4
WBGene00010391.,0,1,1
WBGene00010392.,3,1,4
WBGene00010394.,3,2,5
WBGene00010395.,0,0,0
WBGene00010396.,13,93,106
WBGene00010397.,12,354,366
WBGene00010399.,0,0,0
WBGene00010400.,0,0,0
WBGene00010401.,0,0,0
WBGene00010402.,4,17,21
WBGene00010403.,2,3,5
WBGene00010404.,0,0,0
WBGene00010405.,117,3156,3273
WBGene00010406.,60,2190,2250
WBGene00010407.,57,1083,1140
WBGene00010408.,79,1192,1271
WBGene00010409.,39,312,351
WBGene00010410.,0,1,1
WBGene00010411.,0,0,0
WBGene00010412.,0,0,0
WBGene00010413.,0,0,0
WBGene00010414.,1,1,2
WBGene00010415.,0,4,4
WBGene00010416.,237,1488,1725
WBGene00010417.,0,0,0
WBGene00010418.,16,543,559
WBGene00010419.,3238,58774,62012
WBGene00010420.,64,505,569
WBGene00010421.,29,151,180
WBGene00010422.,25,322,347
WBGene00010423.,32,36,68
WBGene00010424.,3,41,44
WBGene00010425.,186,5757,5943
WBGene00010426.,3,9,12
WBGene00010427.,482,611,1093
WBGene00010428.,78,1209,1287
WBGene00010430.,0,0,0
WBGene00010431.,0,0,0
WBGene00010432.,1,14,15
WBGene00010433.,33,623,656
WBGene00010434.,33,55,88
WBGene00010435.,235,2832,3067
WBGene00010436.,0,173,173
WBGene00010437.,57,608,665
WBGene00010439.,46,464,510
WBGene00010440.,880,10644,11524
WBGene00010442.,76,384,460
WBGene00010444.,196,942,1138
WBGene00010446.,3,21,24
WBGene00010447.,3,5,8
WBGene00010448.,34,183,217
WBGene00010449.,32,351,383
WBGene00010450.,122,1096,1218
WBGene00010451.,22,2,24
WBGene00010453.,13,97,110
WBGene00010454.,19,136,155
WBGene00010455.,12,55,67
WBGene00010456.,57,699,756
WBGene00010457.,4,66,70
WBGene00010458.,40,1234,1274
WBGene00010459.,3,468,471
WBGene00010460.,4,17,21
WBGene00010461.,0,0,0
WBGene00010463.,4,1,5
WBGene00010464.,0,3,3
WBGene00010465.,54,634,688
WBGene00010466.,0,2,2
WBGene00010467.,0,0,0
WBGene00010468.,1,15,16
WBGene00010469.,3,18,21
WBGene00010470.,89,399,488
WBGene00010471.,276,2242,2518
WBGene00010472.,9,694,703
WBGene00010473.,46,165,211
WBGene00010474.,0,0,0
WBGene00010475.,300,644,944
WBGene00010476.,27,828,855
WBGene00010477.,2,91,93
WBGene00010478.,128,13249,13377
WBGene00010479.,183,1089,1272
WBGene00010480.,506,2451,2957
WBGene00010481.,9,486,495
WBGene00010483.,0,4,4
WBGene00010484.,100,1222,1322
WBGene00010485.,0,24,24
WBGene00010486.,1,0,1
WBGene00010487.,11,9,20
WBGene00010488.,584,2412,2996
WBGene00010491.,4,789,793
WBGene00010492.,0,5,5
WBGene00010493.,4,0,4
WBGene00010494.,5,4,9
WBGene00010495.,0,8,8
WBGene00010496.,93,803,896
WBGene00010497.,56,250,306
WBGene00010498.,74,336,410
WBGene00010499.,1,11,12
WBGene00010500.,253,1689,1942
WBGene00010501.,28,186,214
WBGene00010502.,53,672,725
WBGene00010503.,51,279,330
WBGene00010504.,12,202,214
WBGene00010505.,28,120,148
WBGene00010506.,12,37,49
WBGene00010507.,88,1707,1795
WBGene00010508.,5,3,8
WBGene00010509.,0,1,1
WBGene00010510.,6,0,6
WBGene00010511.,2,2,4
WBGene00010512.,269,2074,2343
WBGene00010513.,356,1997,2353
WBGene00010514.,493,2951,3444
WBGene00010515.,211,2237,2448
WBGene00010516.,79,667,746
WBGene00010517.,0,0,0
WBGene00010518.,0,0,0
WBGene00010519.,2,2,4
WBGene00010520.,50,201,251
WBGene00010521.,12,35,47
WBGene00010522.,12,153,165
WBGene00010523.,0,0,0
WBGene00010524.,1,137,138
WBGene00010525.,19,213,232
WBGene00010526.,0,0,0
WBGene00010527.,1,3,4
WBGene00010528.,1,4,5
WBGene00010529.,0,0,0
WBGene00010530.,2,1,3
WBGene00010531.,0,1,1
WBGene00010534.,17,0,17
WBGene00010535.,0,0,0
WBGene00010536.,0,0,0
WBGene00010537.,149,378,527
WBGene00010538.,7,49,56
WBGene00010539.,261,1832,2093
WBGene00010540.,19,135,154
WBGene00010541.,353,2003,2356
WBGene00010542.,2,355,357
WBGene00010543.,1,7,8
WBGene00010544.,0,8,8
WBGene00010545.,0,16,16
WBGene00010546.,3,109,112
WBGene00010547.,1,0,1
WBGene00010550.,40,623,663
WBGene00010551.,80,516,596
WBGene00010552.,12,221,233
WBGene00010553.,13,166,179
WBGene00010554.,6,9,15
WBGene00010555.,0,1,1
WBGene00010556.,2428,138085,140513
WBGene00010557.,32,807,839
WBGene00010558.,57,117,174
WBGene00010559.,2,51,53
WBGene00010560.,270,8282,8552
WBGene00010562.,83,798,881
WBGene00010563.,24,33,57
WBGene00010564.,140,1431,1571
WBGene00010565.,5,304,309
WBGene00010566.,36,106,142
WBGene00010567.,75,708,783
WBGene00010568.,0,22,22
WBGene00010569.,35,227,262
WBGene00010570.,0,0,0
WBGene00010571.,3,11,14
WBGene00010572.,17,198,215
WBGene00010573.,8,32,40
WBGene00010574.,1,10,11
WBGene00010575.,33,348,381
WBGene00010576.,0,2,2
WBGene00010577.,0,0,0
WBGene00010578.,0,1,1
WBGene00010579.,18,3303,3321
WBGene00010580.,13,18,31
WBGene00010581.,1,31,32
WBGene00010582.,215,1567,1782
WBGene00010583.,2,806,808
WBGene00010584.,0,17,17
WBGene00010585.,88,277,365
WBGene00010586.,6,6,12
WBGene00010587.,120,146,266
WBGene00010588.,0,0,0
WBGene00010589.,0,16,16
WBGene00010590.,0,0,0
WBGene00010591.,4,5,9
WBGene00010592.,18,120,138
WBGene00010593.,717,5783,6500
WBGene00010594.,22,73,95
WBGene00010595.,205,902,1107
WBGene00010596.,0,4,4
WBGene00010597.,130,159,289
WBGene00010598.,0,1,1
WBGene00010599.,11,25,36
WBGene00010600.,0,4,4
WBGene00010601.,0,1,1
WBGene00010602.,0,6,6
WBGene00010603.,2,14,16
WBGene00010604.,1,17,18
WBGene00010605.,82,266,348
WBGene00010606.,4,8,12
WBGene00010607.,8,7,15
WBGene00010608.,55,349,404
WBGene00010609.,176,1027,1203
WBGene00010610.,138,881,1019
WBGene00010611.,1,2,3
WBGene00010612.,0,1,1
WBGene00010613.,2,3,5
WBGene00010614.,3,8,11
WBGene00010615.,88,799,887
WBGene00010616.,155,3836,3991
WBGene00010617.,4,46,50
WBGene00010618.,0,1,1
WBGene00010619.,167,508,675
WBGene00010620.,101,1216,1317
WBGene00010621.,5,241,246
WBGene00010622.,37,528,565
WBGene00010623.,20,77,97
WBGene00010624.,285,2298,2583
WBGene00010625.,89,806,895
WBGene00010626.,373,1448,1821
WBGene00010627.,1498,16142,17640
WBGene00010628.,20,129,149
WBGene00010629.,81,1548,1629
WBGene00010630.,19,173,192
WBGene00010631.,215,2073,2288
WBGene00010632.,238,1013,1251
WBGene00010633.,0,1,1
WBGene00010634.,0,1,1
WBGene00010635.,1,16,17
WBGene00010636.,13,48,61
WBGene00010637.,8,70,78
WBGene00010638.,262,1349,1611
WBGene00010639.,306,3302,3608
WBGene00010640.,3,317,320
WBGene00010641.,52,933,985
WBGene00010642.,38,175,213
WBGene00010643.,19,56,75
WBGene00010644.,2,10,12
WBGene00010645.,141,1324,1465
WBGene00010646.,23,52,75
WBGene00010647.,3,495,498
WBGene00010648.,161,975,1136
WBGene00010649.,157,780,937
WBGene00010650.,0,1,1
WBGene00010651.,0,0,0
WBGene00010652.,3,17,20
WBGene00010653.,0,0,0
WBGene00010654.,4,10,14
WBGene00010655.,4,4,8
WBGene00010656.,0,2,2
WBGene00010657.,0,20,20
WBGene00010658.,2,88,90
WBGene00010659.,4,32,36
WBGene00010660.,27,101,128
WBGene00010661.,2,163,165
WBGene00010662.,4,3,7
WBGene00010663.,47,125,172
WBGene00010664.,51,836,887
WBGene00010665.,216,3420,3636
WBGene00010666.,4,140,144
WBGene00010667.,42,290,332
WBGene00010669.,20,41,61
WBGene00010670.,32,2471,2503
WBGene00010671.,11,675,686
WBGene00010672.,1,3,4
WBGene00010673.,2,10,12
WBGene00010674.,12,292,304
WBGene00010675.,177,890,1067
WBGene00010676.,78,801,879
WBGene00010677.,140,5832,5972
WBGene00010678.,27,238,265
WBGene00010679.,8,19,27
WBGene00010680.,2,14,16
WBGene00010681.,393,9932,10325
WBGene00010682.,7,127,134
WBGene00010683.,0,30,30
WBGene00010684.,6,4,10
WBGene00010685.,119,933,1052
WBGene00010686.,1,46,47
WBGene00010687.,57,721,778
WBGene00010688.,0,0,0
WBGene00010689.,0,4,4
WBGene00010690.,0,1,1
WBGene00010691.,1,9,10
WBGene00010692.,0,0,0
WBGene00010693.,17,42,59
WBGene00010694.,8,3,11
WBGene00010697.,50,957,1007
WBGene00010698.,3,9,12
WBGene00010699.,255,1251,1506
WBGene00010700.,146,1429,1575
WBGene00010701.,64,2357,2421
WBGene00010702.,47,234,281
WBGene00010703.,950,5185,6135
WBGene00010704.,14,233,247
WBGene00010705.,5,73,78
WBGene00010706.,2,4,6
WBGene00010707.,1,2,3
WBGene00010708.,7,58,65
WBGene00010709.,91,331,422
WBGene00010711.,0,19,19
WBGene00010712.,3,1,4
WBGene00010713.,241,839,1080
WBGene00010714.,24,22,46
WBGene00010715.,1,0,1
WBGene00010716.,25,143,168
WBGene00010717.,1,22,23
WBGene00010718.,2,6,8
WBGene00010719.,1,1,2
WBGene00010720.,14,637,651
WBGene00010721.,82,870,952
WBGene00010722.,29,198,227
WBGene00010723.,7,449,456
WBGene00010724.,87,346,433
WBGene00010725.,46,536,582
WBGene00010726.,5,666,671
WBGene00010727.,144,3575,3719
WBGene00010728.,0,4,4
WBGene00010730.,20,1632,1652
WBGene00010731.,226,1946,2172
WBGene00010732.,244,1370,1614
WBGene00010733.,0,0,0
WBGene00010734.,32,151,183
WBGene00010735.,62,105,167
WBGene00010736.,250,1898,2148
WBGene00010737.,21,162,183
WBGene00010738.,45,1010,1055
WBGene00010740.,0,381,381
WBGene00010741.,6,105,111
WBGene00010742.,65,2782,2847
WBGene00010743.,4,13,17
WBGene00010744.,99,594,693
WBGene00010745.,4,19,23
WBGene00010746.,23,1,24
WBGene00010747.,3,6,9
WBGene00010748.,0,0,0
WBGene00010749.,1,19,20
WBGene00010750.,1,4,5
WBGene00010752.,2,6,8
WBGene00010753.,0,0,0
WBGene00010754.,0,0,0
WBGene00010755.,6,119,125
WBGene00010756.,47,524,571
WBGene00010757.,12,183,195
WBGene00010758.,65,432,497
WBGene00010759.,153,1234,1387
WBGene00010760.,0,10,10
WBGene00010761.,1,2,3
WBGene00010762.,2,4,6
WBGene00010763.,0,1,1
WBGene00010764.,1,4,5
WBGene00010765.,11,52,63
WBGene00010766.,68,1623,1691
WBGene00010767.,8,200,208
WBGene00010768.,25,43,68
WBGene00010769.,72,792,864
WBGene00010770.,86,182,268
WBGene00010771.,33,400,433
WBGene00010772.,799,1375,2174
WBGene00010773.,110,1174,1284
WBGene00010774.,6,16,22
WBGene00010775.,6,10,16
WBGene00010776.,87,468,555
WBGene00010777.,0,0,0
WBGene00010778.,253,3696,3949
WBGene00010779.,0,3,3
WBGene00010780.,77,1456,1533
WBGene00010781.,11,58,69
WBGene00010782.,6,38,44
WBGene00010783.,272,2239,2511
WBGene00010784.,71,193,264
WBGene00010785.,50,2027,2077
WBGene00010786.,9,12,21
WBGene00010787.,6,62,68
WBGene00010788.,25,73,98
WBGene00010789.,29,61,90
WBGene00010790.,316,19850,20166
WBGene00010791.,2,42,44
WBGene00010792.,26,63,89
WBGene00010793.,98,379,477
WBGene00010794.,391,7771,8162
WBGene00010795.,13,171,184
WBGene00010796.,292,1584,1876
WBGene00010797.,1,0,1
WBGene00010798.,0,0,0
WBGene00010799.,11,84,95
WBGene00010800.,1,4,5
WBGene00010801.,0,0,0
WBGene00010802.,2,0,2
WBGene00010803.,11,285,296
WBGene00010804.,1,1,2
WBGene00010805.,18,211,229
WBGene00010806.,136,1445,1581
WBGene00010807.,7,569,576
WBGene00010808.,0,1,1
WBGene00010809.,26,2739,2765
WBGene00010810.,164,906,1070
WBGene00010811.,39,380,419
WBGene00010812.,328,3935,4263
WBGene00010813.,190,479,669
WBGene00010814.,56,142,198
WBGene00010815.,70,271,341
WBGene00010817.,0,0,0
WBGene00010818.,8,6,14
WBGene00010819.,0,2,2
WBGene00010820.,0,0,0
WBGene00010821.,0,2,2
WBGene00010822.,0,15,15
WBGene00010823.,0,1,1
WBGene00010824.,0,0,0
WBGene00010825.,2,7,9
WBGene00010827.,62,560,622
WBGene00010828.,564,1531,2095
WBGene00010829.,3,3,6
WBGene00010830.,5,7,12
WBGene00010831.,5,14,19
WBGene00010832.,0,2,2
WBGene00010833.,53,360,413
WBGene00010834.,31,1637,1668
WBGene00010835.,17,89,106
WBGene00010836.,1,56,57
WBGene00010837.,33,703,736
WBGene00010838.,108,574,682
WBGene00010839.,44,189,233
WBGene00010840.,310,997,1307
WBGene00010842.,213,1514,1727
WBGene00010843.,19,76,95
WBGene00010844.,106,1117,1223
WBGene00010845.,156,2036,2192
WBGene00010846.,32,99,131
WBGene00010847.,92,926,1018
WBGene00010848.,1,107,108
WBGene00010849.,192,139,331
WBGene00010850.,23,41,64
WBGene00010851.,0,15,15
WBGene00010854.,0,4,4
WBGene00010855.,24,2,26
WBGene00010856.,312,1018,1330
WBGene00010857.,27,41,68
WBGene00010858.,37,180,217
WBGene00010859.,7,26,33
WBGene00010862.,0,10,10
WBGene00010863.,13,17,30
WBGene00010864.,24,167,191
WBGene00010865.,27,92,119
WBGene00010866.,0,0,0
WBGene00010867.,90,832,922
WBGene00010868.,87,3774,3861
WBGene00010869.,0,8,8
WBGene00010870.,12,148,160
WBGene00010871.,23,99,122
WBGene00010872.,73,1884,1957
WBGene00010873.,23,193,216
WBGene00010874.,30,72,102
WBGene00010875.,88,680,768
WBGene00010876.,7,13,20
WBGene00010877.,127,823,950
WBGene00010878.,87,1973,2060
WBGene00010879.,201,4661,4862
WBGene00010880.,58,55,113
WBGene00010881.,19,87,106
WBGene00010882.,53,968,1021
WBGene00010883.,0,1,1
WBGene00010884.,63,291,354
WBGene00010885.,0,0,0
WBGene00010886.,2,3,5
WBGene00010887.,246,1651,1897
WBGene00010888.,1727,7518,9245
WBGene00010889.,15,234,249
WBGene00010890.,95,1367,1462
WBGene00010891.,11,463,474
WBGene00010892.,10,351,361
WBGene00010893.,21,195,216
WBGene00010894.,1,0,1
WBGene00010895.,0,0,0
WBGene00010896.,619,30554,31173
WBGene00010897.,110,388,498
WBGene00010898.,49,198,247
WBGene00010899.,17,31,48
WBGene00010900.,0,1,1
WBGene00010901.,0,38,38
WBGene00010902.,108,564,672
WBGene00010904.,5,69,74
WBGene00010905.,144,2685,2829
WBGene00010906.,3,8,11
WBGene00010907.,13,83,96
WBGene00010908.,155,2080,2235
WBGene00010909.,159,1951,2110
WBGene00010910.,155,240,395
WBGene00010911.,126,720,846
WBGene00010912.,151,1946,2097
WBGene00010913.,59,689,748
WBGene00010915.,1,1,2
WBGene00010916.,8,30,38
WBGene00010917.,4,19,23
WBGene00010918.,160,847,1007
WBGene00010919.,80,35,115
WBGene00010920.,4,12,16
WBGene00010921.,5,6,11
WBGene00010922.,2,633,635
WBGene00010923.,155,876,1031
WBGene00010924.,33,4,37
WBGene00010925.,3,5,8
WBGene00010926.,0,4,4
WBGene00010927.,0,2,2
WBGene00010928.,0,6,6
WBGene00010929.,1,1,2
WBGene00010930.,0,2,2
WBGene00010931.,15,50,65
WBGene00010932.,0,0,0
WBGene00010933.,0,2,2
WBGene00010934.,3,19,22
WBGene00010935.,0,265,265
WBGene00010936.,51,359,410
WBGene00010937.,3,19,22
WBGene00010938.,3,2,5
WBGene00010939.,2,7,9
WBGene00010940.,2,317,319
WBGene00010941.,113,634,747
WBGene00010942.,559,5028,5587
WBGene00010943.,18,306,324
WBGene00010944.,52,801,853
WBGene00010945.,7,111,118
WBGene00010946.,11,9,20
WBGene00010947.,1,264,265
WBGene00010948.,3,13,16
WBGene00010949.,2,4,6
WBGene00010950.,1,3,4
WBGene00010951.,34,217,251
WBGene00010952.,1,0,1
WBGene00010953.,1,0,1
WBGene00010954.,0,0,0
WBGene00010955.,1,0,1
WBGene00010956.,0,1,1
WBGene00010957.,0,262365,262365
WBGene00010958.,0,68671,68671
WBGene00010959.,0,55208,55208
WBGene00010960.,0,247610,247610
WBGene00010961.,0,21720,21720
WBGene00010962.,0,181663,181663
WBGene00010963.,0,27229,27229
WBGene00010964.,0,116834,116834
WBGene00010965.,0,161485,161485
WBGene00010966.,0,11958,11958
WBGene00010967.,0,25083,25083
WBGene00010968.,1,17,18
WBGene00010969.,0,12,12
WBGene00010970.,82,606,688
WBGene00010971.,9,76,85
WBGene00010972.,7,100,107
WBGene00010973.,8,30,38
WBGene00010974.,36,182,218
WBGene00010975.,66,386,452
WBGene00010976.,3,342,345
WBGene00010977.,19,117,136
WBGene00010978.,0,12,12
WBGene00010979.,39,66,105
WBGene00010980.,1,3,4
WBGene00010981.,55,412,467
WBGene00010982.,191,1790,1981
WBGene00010983.,26,31,57
WBGene00010984.,23,1115,1138
WBGene00010985.,18,77,95
WBGene00010986.,27,204,231
WBGene00010987.,3,6,9
WBGene00010988.,129,1663,1792
WBGene00010989.,0,52,52
WBGene00010990.,228,1157,1385
WBGene00010991.,8,15,23
WBGene00010992.,3,0,3
WBGene00010993.,91,3546,3637
WBGene00010994.,282,1498,1780
WBGene00010995.,2,3,5
WBGene00010996.,0,0,0
WBGene00010998.,4,7,11
WBGene00010999.,19,6,25
WBGene00011000.,10,5,15
WBGene00011001.,5,10,15
WBGene00011002.,31,92,123
WBGene00011003.,83,438,521
WBGene00011004.,151,494,645
WBGene00011005.,1,5,6
WBGene00011006.,3,24,27
WBGene00011007.,2,2,4
WBGene00011008.,1,0,1
WBGene00011009.,2,19,21
WBGene00011010.,1,1,2
WBGene00011011.,0,0,0
WBGene00011012.,1,1,2
WBGene00011013.,3,13,16
WBGene00011014.,38,88,126
WBGene00011015.,4746,39164,43910
WBGene00011016.,26,865,891
WBGene00011017.,11,1633,1644
WBGene00011018.,105,1721,1826
WBGene00011019.,509,6261,6770
WBGene00011020.,104,1272,1376
WBGene00011021.,173,1010,1183
WBGene00011022.,1,2,3
WBGene00011023.,0,10,10
WBGene00011024.,0,1,1
WBGene00011025.,0,1,1
WBGene00011026.,1706,3870,5576
WBGene00011027.,28,67,95
WBGene00011028.,472,835,1307
WBGene00011029.,239,1053,1292
WBGene00011030.,35,166,201
WBGene00011032.,96,1504,1600
WBGene00011033.,37,843,880
WBGene00011034.,44,658,702
WBGene00011035.,164,1240,1404
WBGene00011036.,50,515,565
WBGene00011037.,50,550,600
WBGene00011038.,242,4775,5017
WBGene00011039.,9,94,103
WBGene00011040.,20,229,249
WBGene00011041.,0,3,3
WBGene00011042.,0,68,68
WBGene00011043.,321,1608,1929
WBGene00011044.,73,116,189
WBGene00011045.,167,1035,1202
WBGene00011046.,1,6,7
WBGene00011047.,17,394,411
WBGene00011049.,2,10,12
WBGene00011050.,147,1237,1384
WBGene00011051.,39,1407,1446
WBGene00011052.,7,1,8
WBGene00011053.,7,0,7
WBGene00011054.,46,522,568
WBGene00011055.,125,1180,1305
WBGene00011056.,5,2,7
WBGene00011058.,239,743,982
WBGene00011059.,5969,52469,58438
WBGene00011060.,68,653,721
WBGene00011061.,41,588,629
WBGene00011062.,0,48,48
WBGene00011063.,5,35,40
WBGene00011064.,145,1253,1398
WBGene00011065.,6,96,102
WBGene00011066.,21,153,174
WBGene00011067.,47,448,495
WBGene00011068.,26,489,515
WBGene00011069.,9,117,126
WBGene00011070.,155,2307,2462
WBGene00011071.,101,714,815
WBGene00011072.,2407,13273,15680
WBGene00011073.,8,152,160
WBGene00011074.,15,89,104
WBGene00011075.,7,53,60
WBGene00011076.,3,5,8
WBGene00011077.,3,24,27
WBGene00011078.,3,3,6
WBGene00011079.,0,0,0
WBGene00011081.,3,25,28
WBGene00011082.,10,92,102
WBGene00011083.,13,11,24
WBGene00011084.,0,1,1
WBGene00011087.,19,199,218
WBGene00011088.,1,61,62
WBGene00011089.,23,478,501
WBGene00011090.,28,131,159
WBGene00011092.,46,166,212
WBGene00011093.,33,187,220
WBGene00011094.,7,75,82
WBGene00011095.,36,1419,1455
WBGene00011096.,0,3,3
WBGene00011097.,64,207,271
WBGene00011098.,9,43,52
WBGene00011099.,11,70,81
WBGene00011100.,45,105,150
WBGene00011101.,63,80,143
WBGene00011102.,11,299,310
WBGene00011103.,1,116,117
WBGene00011104.,5,5,10
WBGene00011105.,95,509,604
WBGene00011106.,58,1014,1072
WBGene00011107.,7,80,87
WBGene00011108.,71,324,395
WBGene00011109.,44,732,776
WBGene00011110.,740,3662,4402
WBGene00011111.,51,1920,1971
WBGene00011112.,16,431,447
WBGene00011113.,2,13,15
WBGene00011114.,4,5,9
WBGene00011115.,44,1053,1097
WBGene00011116.,104,1829,1933
WBGene00011117.,3,121,124
WBGene00011119.,984,6792,7776
WBGene00011120.,0,6,6
WBGene00011121.,5,134,139
WBGene00011122.,308,1947,2255
WBGene00011123.,241,582,823
WBGene00011124.,8,85,93
WBGene00011127.,0,1,1
WBGene00011128.,76,5283,5359
WBGene00011129.,2,14,16
WBGene00011130.,2746,1,2747
WBGene00011131.,83,168,251
WBGene00011132.,0,2,2
WBGene00011133.,0,4,4
WBGene00011134.,0,1,1
WBGene00011135.,0,0,0
WBGene00011136.,4,25,29
WBGene00011137.,6,136,142
WBGene00011139.,86,562,648
WBGene00011140.,12,50,62
WBGene00011141.,62,247,309
WBGene00011142.,70,874,944
WBGene00011143.,79,544,623
WBGene00011144.,5,1384,1389
WBGene00011145.,38,482,520
WBGene00011146.,248,1269,1517
WBGene00011147.,33,123,156
WBGene00011149.,2,1,3
WBGene00011150.,1,1,2
WBGene00011151.,0,0,0
WBGene00011152.,5,2,7
WBGene00011153.,4,1,5
WBGene00011154.,27,582,609
WBGene00011155.,902,8461,9363
WBGene00011156.,11519,100854,112373
WBGene00011157.,0,3,3
WBGene00011158.,0,1,1
WBGene00011159.,0,0,0
WBGene00011160.,0,1,1
WBGene00011161.,1,6,7
WBGene00011162.,0,0,0
WBGene00011163.,1,0,1
WBGene00011164.,1,0,1
WBGene00011165.,1,4,5
WBGene00011166.,3,32,35
WBGene00011167.,1,12,13
WBGene00011168.,0,3,3
WBGene00011169.,5,0,5
WBGene00011170.,0,0,0
WBGene00011171.,26,135,161
WBGene00011172.,2,11,13
WBGene00011173.,1,0,1
WBGene00011174.,1,0,1
WBGene00011175.,4,3,7
WBGene00011176.,0,3,3
WBGene00011177.,0,1,1
WBGene00011178.,4,0,4
WBGene00011179.,21,196,217
WBGene00011180.,10,43,53
WBGene00011181.,14,208,222
WBGene00011182.,68,182,250
WBGene00011183.,1,2,3
WBGene00011184.,0,15,15
WBGene00011185.,5,170,175
WBGene00011186.,5,8,13
WBGene00011187.,0,16,16
WBGene00011188.,7,50,57
WBGene00011189.,15,83,98
WBGene00011190.,9,88,97
WBGene00011191.,4,12,16
WBGene00011192.,11,7,18
WBGene00011193.,20,658,678
WBGene00011194.,97,366,463
WBGene00011195.,24,1177,1201
WBGene00011196.,0,0,0
WBGene00011197.,11,90,101
WBGene00011198.,47,1263,1310
WBGene00011200.,2,7,9
WBGene00011201.,16,89,105
WBGene00011202.,3,7,10
WBGene00011203.,3,22,25
WBGene00011205.,174,1453,1627
WBGene00011206.,42,408,450
WBGene00011207.,10,12,22
WBGene00011208.,0,0,0
WBGene00011209.,0,0,0
WBGene00011210.,2,1,3
WBGene00011211.,8,1,9
WBGene00011212.,3,12,15
WBGene00011213.,2,0,2
WBGene00011214.,8,67,75
WBGene00011215.,22,64,86
WBGene00011216.,111,758,869
WBGene00011217.,38,242,280
WBGene00011218.,51,273,324
WBGene00011219.,3,9,12
WBGene00011220.,3,61,64
WBGene00011221.,123,998,1121
WBGene00011222.,17,174,191
WBGene00011223.,50,428,478
WBGene00011224.,50,259,309
WBGene00011225.,26,180,206
WBGene00011226.,83,309,392
WBGene00011227.,4,211,215
WBGene00011228.,3,6,9
WBGene00011229.,0,2,2
WBGene00011230.,73,2141,2214
WBGene00011231.,14,988,1002
WBGene00011232.,1263,23222,24485
WBGene00011234.,0,12,12
WBGene00011235.,26,144,170
WBGene00011236.,24,269,293
WBGene00011237.,66,1016,1082
WBGene00011238.,13,34,47
WBGene00011239.,195,2268,2463
WBGene00011240.,245,2347,2592
WBGene00011241.,4,36,40
WBGene00011242.,44,362,406
WBGene00011243.,0,15,15
WBGene00011244.,6,560,566
WBGene00011245.,0,0,0
WBGene00011246.,2,13,15
WBGene00011247.,317,3055,3372
WBGene00011248.,43,460,503
WBGene00011249.,3,2,5
WBGene00011250.,36,781,817
WBGene00011251.,30,128,158
WBGene00011252.,2,15,17
WBGene00011253.,30,902,932
WBGene00011254.,24,1072,1096
WBGene00011255.,15,34,49
WBGene00011257.,2,2,4
WBGene00011258.,7,71,78
WBGene00011259.,228,1315,1543
WBGene00011260.,7,18,25
WBGene00011261.,239,183,422
WBGene00011262.,33,137,170
WBGene00011263.,18,830,848
WBGene00011264.,6,14,20
WBGene00011265.,6,184,190
WBGene00011266.,1,51,52
WBGene00011267.,1,34,35
WBGene00011268.,118,561,679
WBGene00011269.,55,36,91
WBGene00011270.,248,3230,3478
WBGene00011271.,71,416,487
WBGene00011272.,43,778,821
WBGene00011273.,2067,48735,50802
WBGene00011274.,108,535,643
WBGene00011275.,29,264,293
WBGene00011276.,51,900,951
WBGene00011277.,3,2,5
WBGene00011278.,0,98,98
WBGene00011279.,204,2256,2460
WBGene00011280.,82,671,753
WBGene00011281.,157,1203,1360
WBGene00011282.,266,1603,1869
WBGene00011283.,490,2666,3156
WBGene00011284.,14,965,979
WBGene00011285.,24,239,263
WBGene00011286.,34,203,237
WBGene00011287.,43,261,304
WBGene00011288.,2,101,103
WBGene00011289.,8,3434,3442
WBGene00011290.,0,1,1
WBGene00011291.,29,129,158
WBGene00011292.,178,1614,1792
WBGene00011293.,18,17,35
WBGene00011294.,0,0,0
WBGene00011295.,0,0,0
WBGene00011296.,4,19,23
WBGene00011297.,1,1,2
WBGene00011298.,92,408,500
WBGene00011299.,165,831,996
WBGene00011300.,153,4101,4254
WBGene00011302.,348,1018,1366
WBGene00011303.,369,1607,1976
WBGene00011304.,2028,5562,7590
WBGene00011305.,17,252,269
WBGene00011306.,82,840,922
WBGene00011307.,150,675,825
WBGene00011308.,181,2085,2266
WBGene00011309.,911,2653,3564
WBGene00011310.,6,92,98
WBGene00011311.,186,2110,2296
WBGene00011312.,5,645,650
WBGene00011313.,2,25,27
WBGene00011314.,27,186,213
WBGene00011315.,16,163,179
WBGene00011317.,36,488,524
WBGene00011318.,12,292,304
WBGene00011319.,75,515,590
WBGene00011320.,0,16,16
WBGene00011321.,1,112,113
WBGene00011322.,1,11,12
WBGene00011323.,74,777,851
WBGene00011324.,4,230,234
WBGene00011325.,7,37,44
WBGene00011326.,101,791,892
WBGene00011327.,2,11,13
WBGene00011328.,104,569,673
WBGene00011329.,46,658,704
WBGene00011330.,17,164,181
WBGene00011331.,42,1811,1853
WBGene00011333.,112,1563,1675
WBGene00011334.,116,1981,2097
WBGene00011335.,11,33,44
WBGene00011336.,1,1,2
WBGene00011337.,102,3468,3570
WBGene00011338.,114,940,1054
WBGene00011339.,39,170,209
WBGene00011340.,3,27,30
WBGene00011341.,0,12,12
WBGene00011342.,2,1,3
WBGene00011344.,200,819,1019
WBGene00011345.,4,260,264
WBGene00011346.,0,0,0
WBGene00011348.,98,468,566
WBGene00011349.,90,1047,1137
WBGene00011350.,0,25,25
WBGene00011351.,8,60,68
WBGene00011352.,151,1460,1611
WBGene00011353.,77,401,478
WBGene00011354.,7,22,29
WBGene00011355.,9,62,71
WBGene00011356.,1,7,8
WBGene00011357.,0,0,0
WBGene00011358.,3,3,6
WBGene00011359.,15,9,24
WBGene00011360.,1,10,11
WBGene00011361.,18,63,81
WBGene00011362.,4,15,19
WBGene00011363.,0,12,12
WBGene00011364.,5,13,18
WBGene00011365.,2,11,13
WBGene00011366.,2,100,102
WBGene00011367.,33,511,544
WBGene00011368.,70,413,483
WBGene00011369.,2,8,10
WBGene00011371.,18,104,122
WBGene00011372.,186,203,389
WBGene00011373.,0,0,0
WBGene00011374.,1650,7437,9087
WBGene00011375.,136,635,771
WBGene00011376.,15,195,210
WBGene00011378.,5,8,13
WBGene00011379.,3,0,3
WBGene00011380.,32,226,258
WBGene00011381.,22,130,152
WBGene00011382.,52,428,480
WBGene00011383.,134,2627,2761
WBGene00011386.,0,0,0
WBGene00011387.,2,0,2
WBGene00011388.,0,6,6
WBGene00011389.,0,0,0
WBGene00011390.,0,0,0
WBGene00011391.,456,2109,2565
WBGene00011392.,173,10750,10923
WBGene00011393.,51,607,658
WBGene00011394.,4,17,21
WBGene00011395.,2,1,3
WBGene00011396.,2,9,11
WBGene00011397.,3,7,10
WBGene00011398.,367,3325,3692
WBGene00011399.,2,222,224
WBGene00011400.,61,175,236
WBGene00011401.,0,17,17
WBGene00011402.,12,14,26
WBGene00011403.,1,2,3
WBGene00011404.,22,135,157
WBGene00011405.,3,83,86
WBGene00011407.,60,334,394
WBGene00011408.,295,2942,3237
WBGene00011409.,32,2227,2259
WBGene00011410.,5,704,709
WBGene00011411.,2,342,344
WBGene00011412.,157,2845,3002
WBGene00011414.,1,3,4
WBGene00011415.,34,202,236
WBGene00011416.,0,47,47
WBGene00011417.,0,0,0
WBGene00011418.,0,0,0
WBGene00011419.,0,0,0
WBGene00011420.,0,0,0
WBGene00011421.,1,1,2
WBGene00011422.,101,637,738
WBGene00011423.,151,826,977
WBGene00011424.,7,34,41
WBGene00011425.,32,36,68
WBGene00011426.,11,33,44
WBGene00011427.,10,20,30
WBGene00011428.,309,5023,5332
WBGene00011429.,1,15,16
WBGene00011430.,15,95,110
WBGene00011431.,5,34,39
WBGene00011432.,0,0,0
WBGene00011433.,191,880,1071
WBGene00011434.,17,381,398
WBGene00011435.,11,35,46
WBGene00011436.,90,1522,1612
WBGene00011437.,4,113,117
WBGene00011438.,1,1,2
WBGene00011439.,11,45,56
WBGene00011440.,21,518,539
WBGene00011441.,109,556,665
WBGene00011442.,17,151,168
WBGene00011443.,11,177,188
WBGene00011444.,74,446,520
WBGene00011445.,12,49,61
WBGene00011446.,48,1682,1730
WBGene00011447.,18,30,48
WBGene00011448.,9,44,53
WBGene00011449.,60,1416,1476
WBGene00011450.,6,131,137
WBGene00011451.,20,190,210
WBGene00011452.,26,127,153
WBGene00011453.,3,62,65
WBGene00011454.,45,116,161
WBGene00011456.,65,174,239
WBGene00011458.,13,16,29
WBGene00011459.,7,1,8
WBGene00011460.,63,76,139
WBGene00011462.,19,32,51
WBGene00011463.,43,181,224
WBGene00011464.,35,364,399
WBGene00011465.,5,102,107
WBGene00011466.,7,24,31
WBGene00011467.,1,2,3
WBGene00011468.,6,4,10
WBGene00011469.,0,0,0
WBGene00011470.,0,0,0
WBGene00011471.,19,81,100
WBGene00011472.,0,3,3
WBGene00011473.,5,142,147
WBGene00011474.,51,31547,31598
WBGene00011475.,5,105,110
WBGene00011476.,21,79,100
WBGene00011478.,1,4,5
WBGene00011479.,52,747,799
WBGene00011480.,839,10896,11735
WBGene00011481.,19,6559,6578
WBGene00011482.,10,180,190
WBGene00011483.,2,5,7
WBGene00011484.,13,677,690
WBGene00011485.,0,0,0
WBGene00011486.,0,2,2
WBGene00011487.,7,24,31
WBGene00011488.,257,1524,1781
WBGene00011489.,28,194,222
WBGene00011490.,98,925,1023
WBGene00011491.,0,0,0
WBGene00011492.,5,16,21
WBGene00011493.,0,1,1
WBGene00011494.,0,3,3
WBGene00011495.,7,127,134
WBGene00011497.,23,341,364
WBGene00011498.,1145,7223,8368
WBGene00011499.,5,2,7
WBGene00011500.,42,649,691
WBGene00011501.,1,112,113
WBGene00011502.,24,520,544
WBGene00011503.,254,799,1053
WBGene00011505.,0,0,0
WBGene00011506.,0,0,0
WBGene00011507.,79,2246,2325
WBGene00011508.,1,7,8
WBGene00011509.,1,98,99
WBGene00011510.,417,5270,5687
WBGene00011511.,318,1042,1360
WBGene00011512.,14,71,85
WBGene00011513.,0,114,114
WBGene00011514.,10,55,65
WBGene00011515.,4,4,8
WBGene00011516.,1,24,25
WBGene00011517.,22,116,138
WBGene00011518.,1,1,2
WBGene00011519.,6,3,9
WBGene00011520.,34,169,203
WBGene00011521.,0,5,5
WBGene00011522.,145,2854,2999
WBGene00011523.,8,18,26
WBGene00011524.,39,121,160
WBGene00011526.,144,1702,1846
WBGene00011527.,40,2530,2570
WBGene00011528.,67,863,930
WBGene00011529.,75,1362,1437
WBGene00011530.,9,23,32
WBGene00011531.,158,5618,5776
WBGene00011532.,227,1085,1312
WBGene00011533.,0,2,2
WBGene00011534.,0,16,16
WBGene00011535.,0,3,3
WBGene00011536.,2,2,4
WBGene00011537.,0,5,5
WBGene00011538.,61,1844,1905
WBGene00011539.,2,3,5
WBGene00011540.,9,31,40
WBGene00011541.,0,0,0
WBGene00011542.,0,0,0
WBGene00011543.,42,477,519
WBGene00011544.,1,0,1
WBGene00011545.,12,142,154
WBGene00011546.,18,115,133
WBGene00011547.,0,3,3
WBGene00011548.,5,101,106
WBGene00011549.,0,2,2
WBGene00011550.,1,5,6
WBGene00011551.,24,226,250
WBGene00011554.,54,117,171
WBGene00011556.,20,29,49
WBGene00011557.,11,22,33
WBGene00011558.,0,3221,3221
WBGene00011559.,84,631,715
WBGene00011560.,13,296,309
WBGene00011561.,193,6020,6213
WBGene00011562.,80,483,563
WBGene00011563.,3,6,9
WBGene00011564.,572,2692,3264
WBGene00011565.,0,6,6
WBGene00011566.,2,23,25
WBGene00011567.,0,0,0
WBGene00011568.,2,12,14
WBGene00011570.,1,1,2
WBGene00011571.,142,2597,2739
WBGene00011572.,19,72,91
WBGene00011573.,36,2362,2398
WBGene00011574.,1,7,8
WBGene00011575.,24,169,193
WBGene00011576.,62,203,265
WBGene00011577.,2,3,5
WBGene00011578.,10,30,40
WBGene00011579.,216,1465,1681
WBGene00011580.,72,847,919
WBGene00011581.,6,45,51
WBGene00011582.,25,20,45
WBGene00011583.,0,1,1
WBGene00011584.,0,0,0
WBGene00011585.,0,0,0
WBGene00011586.,41,1353,1394
WBGene00011587.,12,83,95
WBGene00011589.,23,535,558
WBGene00011590.,87,242,329
WBGene00011591.,10,54,64
WBGene00011592.,47,54,101
WBGene00011593.,6,200,206
WBGene00011594.,3,21,24
WBGene00011595.,0,0,0
WBGene00011596.,7,68,75
WBGene00011597.,47,84,131
WBGene00011599.,0,346,346
WBGene00011600.,12,91,103
WBGene00011601.,27,117,144
WBGene00011604.,204,1000,1204
WBGene00011605.,145,2583,2728
WBGene00011606.,10,35,45
WBGene00011607.,27,47,74
WBGene00011608.,3,26,29
WBGene00011609.,0,1,1
WBGene00011610.,2,13,15
WBGene00011611.,10,22,32
WBGene00011612.,22,16,38
WBGene00011613.,17,68,85
WBGene00011614.,6,121,127
WBGene00011615.,11,139,150
WBGene00011616.,1,2,3
WBGene00011617.,1,1,2
WBGene00011618.,1,0,1
WBGene00011619.,4,0,4
WBGene00011620.,0,0,0
WBGene00011621.,0,0,0
WBGene00011622.,13,4,17
WBGene00011623.,21,204,225
WBGene00011624.,197,794,991
WBGene00011625.,25,399,424
WBGene00011626.,0,0,0
WBGene00011627.,0,0,0
WBGene00011628.,0,0,0
WBGene00011629.,433,7271,7704
WBGene00011630.,10,32,42
WBGene00011631.,345,1786,2131
WBGene00011633.,14,77,91
WBGene00011634.,155,1441,1596
WBGene00011635.,42,671,713
WBGene00011636.,232,1135,1367
WBGene00011637.,85,662,747
WBGene00011638.,40,4681,4721
WBGene00011639.,327,1454,1781
WBGene00011640.,6,122,128
WBGene00011641.,0,1487,1487
WBGene00011642.,2,29,31
WBGene00011643.,2,18,20
WBGene00011644.,11,132,143
WBGene00011645.,20,310,330
WBGene00011646.,5,9,14
WBGene00011647.,501,2611,3112
WBGene00011648.,99,803,902
WBGene00011649.,2,8,10
WBGene00011650.,0,0,0
WBGene00011651.,2,1,3
WBGene00011652.,0,0,0
WBGene00011653.,1,1,2
WBGene00011654.,0,1,1
WBGene00011655.,0,0,0
WBGene00011656.,0,0,0
WBGene00011657.,2,1,3
WBGene00011658.,0,0,0
WBGene00011659.,0,1,1
WBGene00011660.,4,10,14
WBGene00011661.,58,1267,1325
WBGene00011662.,61,1093,1154
WBGene00011663.,130,318,448
WBGene00011664.,28,288,316
WBGene00011665.,2,36,38
WBGene00011666.,0,3,3
WBGene00011668.,0,2,2
WBGene00011669.,1,0,1
WBGene00011670.,0,4,4
WBGene00011671.,1,8,9
WBGene00011672.,67,570,637
WBGene00011673.,3,55,58
WBGene00011674.,3,16,19
WBGene00011675.,16,6,22
WBGene00011676.,41,627,668
WBGene00011677.,22,48,70
WBGene00011678.,19,252,271
WBGene00011679.,94,4281,4375
WBGene00011680.,15,325,340
WBGene00011681.,96,2168,2264
WBGene00011682.,60,290,350
WBGene00011683.,349,1844,2193
WBGene00011684.,8,54,62
WBGene00011685.,0,0,0
WBGene00011686.,0,0,0
WBGene00011687.,30,1868,1898
WBGene00011688.,13,326,339
WBGene00011689.,3,9,12
WBGene00011690.,0,0,0
WBGene00011691.,7,8,15
WBGene00011692.,1385,6858,8243
WBGene00011693.,7,24,31
WBGene00011694.,279,1403,1682
WBGene00011695.,9,32,41
WBGene00011696.,262,1581,1843
WBGene00011697.,5,3,8
WBGene00011698.,7,28,35
WBGene00011699.,2,13,15
WBGene00011701.,2,5,7
WBGene00011702.,4,9,13
WBGene00011703.,5,1,6
WBGene00011704.,0,1,1
WBGene00011705.,14,96,110
WBGene00011706.,15,135,150
WBGene00011707.,4,41,45
WBGene00011708.,1149,6706,7855
WBGene00011709.,17,41,58
WBGene00011710.,0,0,0
WBGene00011712.,1,33,34
WBGene00011713.,10,343,353
WBGene00011714.,0,0,0
WBGene00011715.,0,0,0
WBGene00011716.,0,3,3
WBGene00011717.,23,394,417
WBGene00011718.,23,159,182
WBGene00011719.,46,320,366
WBGene00011720.,167,927,1094
WBGene00011721.,0,1,1
WBGene00011722.,139,1616,1755
WBGene00011723.,191,1709,1900
WBGene00011724.,2,1,3
WBGene00011725.,29,123,152
WBGene00011726.,139,657,796
WBGene00011727.,51,516,567
WBGene00011728.,10,33,43
WBGene00011729.,121,1404,1525
WBGene00011730.,74,4933,5007
WBGene00011731.,13,338,351
WBGene00011732.,488,2271,2759
WBGene00011733.,10,342,352
WBGene00011734.,245,4503,4748
WBGene00011735.,502,3794,4296
WBGene00011736.,299,7830,8129
WBGene00011737.,100,2075,2175
WBGene00011738.,41,449,490
WBGene00011739.,5,193,198
WBGene00011740.,324,2066,2390
WBGene00011741.,3,21,24
WBGene00011742.,34,815,849
WBGene00011743.,354,3087,3441
WBGene00011744.,14,76,90
WBGene00011745.,27,89,116
WBGene00011746.,7,130,137
WBGene00011747.,78,782,860
WBGene00011748.,0,10,10
WBGene00011749.,0,1,1
WBGene00011750.,1,5,6
WBGene00011751.,0,3,3
WBGene00011752.,6,51,57
WBGene00011753.,2,28,30
WBGene00011754.,3,14,17
WBGene00011755.,695,2532,3227
WBGene00011756.,18,317,335
WBGene00011757.,5,7,12
WBGene00011758.,112,1922,2034
WBGene00011759.,16,2896,2912
WBGene00011760.,37,650,687
WBGene00011761.,23,638,661
WBGene00011762.,8,163,171
WBGene00011763.,168,4527,4695
WBGene00011765.,75,306,381
WBGene00011767.,706,1968,2674
WBGene00011768.,32,746,778
WBGene00011770.,0,13,13
WBGene00011771.,425,3703,4128
WBGene00011772.,12,67,79
WBGene00011773.,9,519,528
WBGene00011774.,91,586,677
WBGene00011775.,274,2859,3133
WBGene00011776.,8,363,371
WBGene00011777.,1,82,83
WBGene00011778.,1,0,1
WBGene00011779.,1,0,1
WBGene00011780.,0,0,0
WBGene00011781.,0,2,2
WBGene00011782.,0,1,1
WBGene00011783.,0,0,0
WBGene00011784.,0,0,0
WBGene00011785.,0,2,2
WBGene00011786.,2,11,13
WBGene00011788.,11,145,156
WBGene00011789.,8,48,56
WBGene00011790.,3,3,6
WBGene00011791.,0,4,4
WBGene00011793.,33,142,175
WBGene00011794.,106,719,825
WBGene00011795.,13,62,75
WBGene00011796.,6,89,95
WBGene00011797.,2,5,7
WBGene00011798.,19,130,149
WBGene00011799.,6,30,36
WBGene00011800.,14,72,86
WBGene00011801.,18,214,232
WBGene00011802.,42,894,936
WBGene00011803.,6,42,48
WBGene00011804.,7,40,47
WBGene00011805.,0,17,17
WBGene00011806.,45,613,658
WBGene00011807.,122,625,747
WBGene00011808.,0,0,0
WBGene00011809.,0,0,0
WBGene00011810.,1,2,3
WBGene00011811.,1,38,39
WBGene00011812.,3,22,25
WBGene00011813.,34,424,458
WBGene00011814.,39,141,180
WBGene00011815.,123,1320,1443
WBGene00011816.,2,1,3
WBGene00011817.,56,173,229
WBGene00011818.,30,2,32
WBGene00011819.,26,215,241
WBGene00011820.,14,535,549
WBGene00011821.,1,33,34
WBGene00011822.,35,216,251
WBGene00011823.,0,140,140
WBGene00011824.,86,345,431
WBGene00011826.,66,134,200
WBGene00011827.,448,993,1441
WBGene00011828.,4,552,556
WBGene00011829.,28,45,73
WBGene00011830.,95,1108,1203
WBGene00011831.,15,865,880
WBGene00011832.,51,634,685
WBGene00011833.,51,621,672
WBGene00011834.,11,222,233
WBGene00011835.,16,312,328
WBGene00011836.,2,36,38
WBGene00011837.,0,10,10
WBGene00011838.,23,477,500
WBGene00011839.,16,391,407
WBGene00011840.,0,2,2
WBGene00011841.,2,21,23
WBGene00011842.,0,0,0
WBGene00011844.,4,54,58
WBGene00011846.,2,12,14
WBGene00011847.,0,1,1
WBGene00011848.,3,2,5
WBGene00011849.,10,1419,1429
WBGene00011850.,71,182,253
WBGene00011851.,0,2,2
WBGene00011852.,0,6,6
WBGene00011853.,2,0,2
WBGene00011854.,628,935,1563
WBGene00011855.,1,14,15
WBGene00011856.,78,534,612
WBGene00011857.,170,2571,2741
WBGene00011858.,33,848,881
WBGene00011859.,60,936,996
WBGene00011860.,5,277,282
WBGene00011864.,173,2449,2622
WBGene00011867.,92,3630,3722
WBGene00011868.,24,104,128
WBGene00011869.,58,35817,35875
WBGene00011870.,18,1791,1809
WBGene00011871.,57,482,539
WBGene00011872.,60,309,369
WBGene00011873.,64,71,135
WBGene00011874.,2,14,16
WBGene00011875.,21,105,126
WBGene00011876.,0,12,12
WBGene00011877.,0,3,3
WBGene00011878.,28,143,171
WBGene00011879.,123,928,1051
WBGene00011880.,1379,20949,22328
WBGene00011882.,1,7,8
WBGene00011883.,237,1905,2142
WBGene00011884.,194,33176,33370
WBGene00011885.,477,1136,1613
WBGene00011886.,9,145,154
WBGene00011887.,377,433,810
WBGene00011888.,125,297,422
WBGene00011890.,33,559,592
WBGene00011891.,54,1654,1708
WBGene00011892.,124,1284,1408
WBGene00011893.,10,51,61
WBGene00011894.,42,437,479
WBGene00011895.,1,8,9
WBGene00011896.,1,82,83
WBGene00011897.,244,3611,3855
WBGene00011898.,0,34,34
WBGene00011899.,18,343,361
WBGene00011900.,10,3,13
WBGene00011902.,0,9,9
WBGene00011903.,0,2,2
WBGene00011904.,283,1767,2050
WBGene00011906.,26,762,788
WBGene00011908.,51,300,351
WBGene00011909.,1,4,5
WBGene00011910.,3,3,6
WBGene00011911.,0,2,2
WBGene00011912.,108,1209,1317
WBGene00011913.,113,273,386
WBGene00011914.,15,221,236
WBGene00011915.,61,582,643
WBGene00011916.,52,308,360
WBGene00011917.,266,3347,3613
WBGene00011918.,2,0,2
WBGene00011919.,6,9,15
WBGene00011920.,26,201,227
WBGene00011921.,4,0,4
WBGene00011922.,0,7,7
WBGene00011923.,3,42,45
WBGene00011924.,29,257,286
WBGene00011925.,3,50,53
WBGene00011926.,12,54,66
WBGene00011927.,8,75,83
WBGene00011928.,8,41,49
WBGene00011929.,0,1,1
WBGene00011930.,34,287,321
WBGene00011931.,7,100,107
WBGene00011932.,80,912,992
WBGene00011933.,0,0,0
WBGene00011934.,0,0,0
WBGene00011935.,4,572,576
WBGene00011936.,9,88,97
WBGene00011937.,0,7,7
WBGene00011938.,4,49,53
WBGene00011939.,71,937,1008
WBGene00011940.,122,181,303
WBGene00011941.,71,254,325
WBGene00011942.,0,0,0
WBGene00011943.,0,0,0
WBGene00011944.,322,2638,2960
WBGene00011945.,44,169,213
WBGene00011947.,0,0,0
WBGene00011948.,1,2,3
WBGene00011949.,0,0,0
WBGene00011950.,0,0,0
WBGene00011951.,1,4,5
WBGene00011952.,15,35,50
WBGene00011953.,328,3220,3548
WBGene00011954.,3,9,12
WBGene00011955.,87,876,963
WBGene00011956.,27,382,409
WBGene00011957.,51,217,268
WBGene00011958.,6,65,71
WBGene00011959.,3,140,143
WBGene00011960.,19,63,82
WBGene00011961.,1,0,1
WBGene00011962.,113,1057,1170
WBGene00011963.,40,183,223
WBGene00011964.,45,422,467
WBGene00011965.,62,456,518
WBGene00011966.,390,4048,4438
WBGene00011967.,90,1096,1186
WBGene00011968.,0,69,69
WBGene00011969.,8,525,533
WBGene00011970.,178,410,588
WBGene00011971.,208,1821,2029
WBGene00011972.,40,928,968
WBGene00011973.,2,3,5
WBGene00011974.,19,173,192
WBGene00011975.,178,1228,1406
WBGene00011976.,176,497,673
WBGene00011977.,394,22056,22450
WBGene00011978.,332,1595,1927
WBGene00011979.,0,7,7
WBGene00011980.,258,1751,2009
WBGene00011981.,0,3,3
WBGene00011982.,0,0,0
WBGene00011983.,2,1,3
WBGene00011984.,13,67,80
WBGene00011985.,35,458,493
WBGene00011986.,0,24,24
WBGene00011988.,17,83,100
WBGene00011989.,0,0,0
WBGene00011990.,2,137,139
WBGene00011991.,2,0,2
WBGene00011992.,0,0,0
WBGene00011993.,0,1,1
WBGene00011994.,11,358,369
WBGene00011995.,180,776,956
WBGene00011996.,13,171,184
WBGene00011997.,36,1207,1243
WBGene00011999.,5,18,23
WBGene00012000.,50,1188,1238
WBGene00012002.,36,578,614
WBGene00012003.,22,6,28
WBGene00012004.,155,1198,1353
WBGene00012005.,1305,528,1833
WBGene00012007.,21,971,992
WBGene00012008.,0,8,8
WBGene00012009.,32,142,174
WBGene00012010.,0,0,0
WBGene00012011.,1,1,2
WBGene00012012.,0,6,6
WBGene00012013.,12,42,54
WBGene00012014.,67,392,459
WBGene00012015.,132,3379,3511
WBGene00012016.,62,248,310
WBGene00012017.,7,4,11
WBGene00012018.,90,437,527
WBGene00012019.,4428,1564,5992
WBGene00012020.,0,31,31
WBGene00012021.,2,1,3
WBGene00012022.,2,1,3
WBGene00012023.,1,8,9
WBGene00012024.,0,1,1
WBGene00012025.,2,1,3
WBGene00012026.,1,2,3
WBGene00012027.,1,2,3
WBGene00012028.,0,1,1
WBGene00012029.,87,542,629
WBGene00012030.,178,3389,3567
WBGene00012031.,96,2426,2522
WBGene00012032.,7,49,56
WBGene00012033.,187,1114,1301
WBGene00012034.,8,55,63
WBGene00012035.,33,518,551
WBGene00012036.,0,9,9
WBGene00012037.,700,3788,4488
WBGene00012038.,1,1,2
WBGene00012039.,0,0,0
WBGene00012040.,3,10,13
WBGene00012041.,2,0,2
WBGene00012042.,9,134,143
WBGene00012043.,0,7,7
WBGene00012044.,0,8,8
WBGene00012045.,4,28,32
WBGene00012046.,4,23,27
WBGene00012047.,2,0,2
WBGene00012048.,0,0,0
WBGene00012049.,0,0,0
WBGene00012050.,0,0,0
WBGene00012051.,5,5,10
WBGene00012052.,0,0,0
WBGene00012053.,0,0,0
WBGene00012054.,1,0,1
WBGene00012055.,0,1,1
WBGene00012056.,0,5,5
WBGene00012057.,0,0,0
WBGene00012058.,11,14,25
WBGene00012059.,205,2028,2233
WBGene00012060.,0,0,0
WBGene00012061.,0,0,0
WBGene00012062.,13,126,139
WBGene00012063.,0,0,0
WBGene00012064.,0,0,0
WBGene00012065.,0,0,0
WBGene00012066.,2,0,2
WBGene00012067.,0,0,0
WBGene00012068.,5,20,25
WBGene00012069.,0,1,1
WBGene00012070.,7,6,13
WBGene00012072.,0,4,4
WBGene00012073.,59,452,511
WBGene00012074.,1,2,3
WBGene00012075.,0,0,0
WBGene00012077.,7,0,7
WBGene00012078.,0,0,0
WBGene00012079.,0,0,0
WBGene00012080.,0,0,0
WBGene00012081.,1,0,1
WBGene00012083.,0,0,0
WBGene00012084.,164,237,401
WBGene00012085.,93,1926,2019
WBGene00012086.,15,12,27
WBGene00012087.,1,2,3
WBGene00012088.,2,2,4
WBGene00012089.,0,1,1
WBGene00012090.,0,0,0
WBGene00012091.,0,1,1
WBGene00012093.,0,0,0
WBGene00012094.,0,20384,20384
WBGene00012095.,181,298,479
WBGene00012096.,0,4,4
WBGene00012097.,163,11141,11304
WBGene00012098.,0,3,3
WBGene00012099.,110,146,256
WBGene00012100.,218,1793,2011
WBGene00012101.,1,391,392
WBGene00012102.,2,4,6
WBGene00012103.,3,28,31
WBGene00012104.,50,542,592
WBGene00012105.,28,330,358
WBGene00012106.,41,449,490
WBGene00012107.,11,103,114
WBGene00012108.,3,2,5
WBGene00012109.,16,95,111
WBGene00012110.,15,117,132
WBGene00012111.,33,184,217
WBGene00012112.,35,204,239
WBGene00012113.,16,6423,6439
WBGene00012114.,23,55,78
WBGene00012115.,4,10,14
WBGene00012116.,10,32,42
WBGene00012117.,256,2379,2635
WBGene00012118.,77,762,839
WBGene00012119.,1,24,25
WBGene00012120.,2,14,16
WBGene00012121.,341,3244,3585
WBGene00012122.,13,367,380
WBGene00012123.,202,1741,1943
WBGene00012124.,26,445,471
WBGene00012125.,76,822,898
WBGene00012126.,1061,2561,3622
WBGene00012127.,10,165,175
WBGene00012128.,240,3196,3436
WBGene00012130.,22,141,163
WBGene00012131.,11,171,182
WBGene00012132.,19,151,170
WBGene00012133.,3,2,5
WBGene00012134.,5,70,75
WBGene00012135.,29,77,106
WBGene00012136.,506,1824,2330
WBGene00012137.,48,104,152
WBGene00012138.,14,36,50
WBGene00012139.,315,380,695
WBGene00012140.,240,11990,12230
WBGene00012142.,42,200,242
WBGene00012143.,60,373,433
WBGene00012144.,18,120,138
WBGene00012145.,46,841,887
WBGene00012146.,0,0,0
WBGene00012147.,2,5,7
WBGene00012148.,140,20242,20382
WBGene00012149.,178,702,880
WBGene00012150.,45,294,339
WBGene00012151.,3,22,25
WBGene00012152.,75,629,704
WBGene00012155.,21,172,193
WBGene00012156.,6,528,534
WBGene00012157.,140,475,615
WBGene00012158.,1197,8306,9503
WBGene00012159.,2,0,2
WBGene00012162.,2,42,44
WBGene00012163.,3,16,19
WBGene00012164.,38,78,116
WBGene00012165.,157,163,320
WBGene00012166.,16,8599,8615
WBGene00012167.,21,451,472
WBGene00012168.,48,78,126
WBGene00012169.,0,0,0
WBGene00012170.,3,7,10
WBGene00012171.,0,1,1
WBGene00012172.,10,28,38
WBGene00012173.,2,4,6
WBGene00012174.,2,0,2
WBGene00012175.,2,36,38
WBGene00012176.,9,22,31
WBGene00012177.,0,0,0
WBGene00012178.,69,186,255
WBGene00012179.,3463,159876,163339
WBGene00012180.,112,52,164
WBGene00012181.,5,4,9
WBGene00012182.,9,611,620
WBGene00012183.,0,38,38
WBGene00012184.,15,168,183
WBGene00012185.,7,74,81
WBGene00012186.,86,2465,2551
WBGene00012187.,88,1358,1446
WBGene00012188.,113,581,694
WBGene00012189.,7,18,25
WBGene00012190.,41,28,69
WBGene00012191.,26,42,68
WBGene00012192.,100,546,646
WBGene00012193.,603,4083,4686
WBGene00012194.,50,963,1013
WBGene00012195.,27,34,61
WBGene00012196.,8,53,61
WBGene00012197.,79,2327,2406
WBGene00012198.,24,276,300
WBGene00012199.,17,52,69
WBGene00012200.,6,4,10
WBGene00012201.,5,34,39
WBGene00012202.,5,6,11
WBGene00012203.,85,1140,1225
WBGene00012204.,22,1252,1274
WBGene00012205.,36,1049,1085
WBGene00012206.,39,836,875
WBGene00012207.,0,2,2
WBGene00012208.,95,739,834
WBGene00012209.,9,148,157
WBGene00012210.,2,80,82
WBGene00012211.,1,3,4
WBGene00012212.,0,0,0
WBGene00012213.,0,1,1
WBGene00012214.,0,0,0
WBGene00012215.,1,2,3
WBGene00012216.,12,691,703
WBGene00012217.,10,24,34
WBGene00012218.,0,3,3
WBGene00012219.,5,17,22
WBGene00012220.,33,168,201
WBGene00012221.,108,1701,1809
WBGene00012222.,56,247,303
WBGene00012223.,0,0,0
WBGene00012224.,1,4,5
WBGene00012225.,104,258,362
WBGene00012226.,91,842,933
WBGene00012227.,3,9,12
WBGene00012228.,9,47,56
WBGene00012230.,361,1067,1428
WBGene00012231.,1,3,4
WBGene00012232.,0,0,0
WBGene00012233.,2,0,2
WBGene00012234.,250,978,1228
WBGene00012235.,45,453,498
WBGene00012236.,48,300,348
WBGene00012237.,4,99,103
WBGene00012238.,15,0,15
WBGene00012239.,82,1518,1600
WBGene00012240.,1,3,4
WBGene00012241.,67,149,216
WBGene00012242.,1,35,36
WBGene00012243.,22,495,517
WBGene00012244.,20,1581,1601
WBGene00012245.,302,2224,2526
WBGene00012246.,1,1,2
WBGene00012247.,1,1,2
WBGene00012248.,0,0,0
WBGene00012249.,2,0,2
WBGene00012250.,0,0,0
WBGene00012251.,0,16,16
WBGene00012252.,182,509,691
WBGene00012253.,23,503,526
WBGene00012254.,12,10,22
WBGene00012255.,60,2139,2199
WBGene00012256.,22,976,998
WBGene00012257.,37,951,988
WBGene00012258.,36,857,893
WBGene00012259.,113,317,430
WBGene00012260.,0,11,11
WBGene00012261.,59,2733,2792
WBGene00012264.,0,1,1
WBGene00012265.,1,11,12
WBGene00012266.,3,1,4
WBGene00012267.,1,2,3
WBGene00012268.,14,77,91
WBGene00012269.,3,1,4
WBGene00012270.,15,18,33
WBGene00012271.,2,16,18
WBGene00012272.,72,51,123
WBGene00012274.,502,2993,3495
WBGene00012275.,152,168,320
WBGene00012276.,124,1527,1651
WBGene00012277.,54,375,429
WBGene00012278.,0,0,0
WBGene00012279.,12,486,498
WBGene00012280.,8,31,39
WBGene00012281.,55,165,220
WBGene00012282.,22,251,273
WBGene00012283.,0,1,1
WBGene00012284.,0,6,6
WBGene00012285.,0,0,0
WBGene00012286.,0,0,0
WBGene00012287.,1,1,2
WBGene00012288.,0,1,1
WBGene00012289.,399,2270,2669
WBGene00012290.,11,42,53
WBGene00012291.,1005,3600,4605
WBGene00012292.,0,0,0
WBGene00012293.,72,33,105
WBGene00012294.,0,0,0
WBGene00012295.,39,37,76
WBGene00012296.,3,10,13
WBGene00012297.,2,9,11
WBGene00012298.,67,904,971
WBGene00012299.,0,24,24
WBGene00012300.,0,0,0
WBGene00012301.,0,0,0
WBGene00012302.,0,1,1
WBGene00012303.,0,0,0
WBGene00012304.,40,1,41
WBGene00012305.,1,0,1
WBGene00012306.,81,153,234
WBGene00012307.,5,16,21
WBGene00012308.,3,0,3
WBGene00012309.,0,0,0
WBGene00012310.,4,0,4
WBGene00012311.,0,2,2
WBGene00012312.,0,0,0
WBGene00012313.,0,0,0
WBGene00012314.,0,0,0
WBGene00012315.,42,373,415
WBGene00012316.,136,1451,1587
WBGene00012317.,117,1766,1883
WBGene00012318.,0,3,3
WBGene00012319.,154,470,624
WBGene00012320.,0,0,0
WBGene00012321.,1,4,5
WBGene00012322.,160,1343,1503
WBGene00012323.,2,16,18
WBGene00012324.,4,149,153
WBGene00012325.,27,92,119
WBGene00012326.,243,1310,1553
WBGene00012328.,7,27,34
WBGene00012329.,6,9,15
WBGene00012330.,30,353,383
WBGene00012332.,3,70,73
WBGene00012333.,8,16,24
WBGene00012334.,9,0,9
WBGene00012335.,5,13,18
WBGene00012336.,12,35,47
WBGene00012337.,233,2673,2906
WBGene00012339.,30,294,324
WBGene00012340.,19,121,140
WBGene00012341.,123,1119,1242
WBGene00012342.,265,1963,2228
WBGene00012343.,177,1848,2025
WBGene00012344.,412,5899,6311
WBGene00012345.,2,6,8
WBGene00012346.,7,13,20
WBGene00012347.,364,335,699
WBGene00012348.,905,3389,4294
WBGene00012349.,7,0,7
WBGene00012350.,0,0,0
WBGene00012351.,1239,6869,8108
WBGene00012352.,129,383,512
WBGene00012353.,68,923,991
WBGene00012354.,490,26058,26548
WBGene00012355.,31,0,31
WBGene00012356.,9,76,85
WBGene00012357.,0,0,0
WBGene00012358.,263,1969,2232
WBGene00012359.,53,803,856
WBGene00012360.,66,412,478
WBGene00012361.,130,6211,6341
WBGene00012362.,642,1407,2049
WBGene00012363.,131,463,594
WBGene00012364.,64,236,300
WBGene00012365.,131,1463,1594
WBGene00012366.,71,768,839
WBGene00012368.,2,44,46
WBGene00012369.,104,756,860
WBGene00012370.,138,354,492
WBGene00012371.,677,1079,1756
WBGene00012372.,12,91,103
WBGene00012373.,0,1,1
WBGene00012374.,54,65,119
WBGene00012375.,54,1775,1829
WBGene00012376.,362,8871,9233
WBGene00012377.,0,0,0
WBGene00012378.,2,0,2
WBGene00012379.,0,5,5
WBGene00012381.,88,385,473
WBGene00012382.,8228,78890,87118
WBGene00012383.,1609,14196,15805
WBGene00012384.,34,134,168
WBGene00012385.,45,265,310
WBGene00012386.,329459,1317,330776
WBGene00012387.,28,79,107
WBGene00012388.,3,1,4
WBGene00012389.,180,522,702
WBGene00012390.,144,384,528
WBGene00012391.,35,270,305
WBGene00012393.,98,502,600
WBGene00012394.,4,15,19
WBGene00012395.,3,318,321
WBGene00012396.,69,907,976
WBGene00012397.,0,2,2
WBGene00012398.,6,21,27
WBGene00012399.,18,21,39
WBGene00012400.,1,5,6
WBGene00012401.,0,1,1
WBGene00012402.,0,0,0
WBGene00012403.,2,8,10
WBGene00012404.,2,18,20
WBGene00012405.,0,0,0
WBGene00012406.,1,2,3
WBGene00012407.,24,199,223
WBGene00012408.,34,211,245
WBGene00012409.,0,0,0
WBGene00012411.,0,0,0
WBGene00012412.,0,17,17
WBGene00012413.,2,3,5
WBGene00012414.,1,7,8
WBGene00012415.,3,3,6
WBGene00012416.,10,21,31
WBGene00012418.,14,12,26
WBGene00012419.,0,0,0
WBGene00012420.,8,1224,1232
WBGene00012421.,65,866,931
WBGene00012423.,191,1633,1824
WBGene00012424.,474,1781,2255
WBGene00012425.,36,111,147
WBGene00012426.,19,14,33
WBGene00012428.,7,71,78
WBGene00012429.,1,19,20
WBGene00012431.,7,112,119
WBGene00012432.,1,10,11
WBGene00012433.,10,100,110
WBGene00012434.,288,3885,4173
WBGene00012435.,1,139,140
WBGene00012436.,0,53,53
WBGene00012437.,671,3706,4377
WBGene00012439.,34,746,780
WBGene00012440.,7,545,552
WBGene00012441.,23,101,124
WBGene00012442.,24,39,63
WBGene00012443.,290,2533,2823
WBGene00012444.,158,1772,1930
WBGene00012445.,28,205,233
WBGene00012446.,30,108,138
WBGene00012448.,23,3,26
WBGene00012449.,8,34,42
WBGene00012450.,13,36,49
WBGene00012451.,12,3,15
WBGene00012452.,0,3550,3550
WBGene00012453.,0,4,4
WBGene00012454.,1,2,3
WBGene00012455.,10,16,26
WBGene00012456.,16,41,57
WBGene00012457.,18,47,65
WBGene00012458.,240,1099,1339
WBGene00012459.,29,639,668
WBGene00012460.,32,360,392
WBGene00012461.,134,169,303
WBGene00012462.,150,198,348
WBGene00012463.,159,575,734
WBGene00012464.,7,26,33
WBGene00012465.,148,1384,1532
WBGene00012466.,164,232,396
WBGene00012467.,4,3,7
WBGene00012468.,171,1445,1616
WBGene00012469.,43,481,524
WBGene00012470.,1,0,1
WBGene00012471.,84,5411,5495
WBGene00012472.,129,969,1098
WBGene00012473.,25,53,78
WBGene00012474.,234,1119,1353
WBGene00012475.,10,12,22
WBGene00012476.,1,134,135
WBGene00012477.,24,25,49
WBGene00012478.,606,3306,3912
WBGene00012479.,84,632,716
WBGene00012480.,6,26,32
WBGene00012481.,11,138,149
WBGene00012482.,0,5,5
WBGene00012483.,0,1808,1808
WBGene00012484.,22,2362,2384
WBGene00012485.,3,35,38
WBGene00012486.,1,0,1
WBGene00012487.,2,20,22
WBGene00012488.,1,0,1
WBGene00012489.,0,0,0
WBGene00012490.,0,1,1
WBGene00012491.,72,6,78
WBGene00012492.,1,1,2
WBGene00012493.,0,0,0
WBGene00012494.,36,69,105
WBGene00012496.,75,615,690
WBGene00012497.,69,1756,1825
WBGene00012498.,0,17,17
WBGene00012499.,0,7,7
WBGene00012500.,4,14,18
WBGene00012501.,0,0,0
WBGene00012502.,0,1,1
WBGene00012503.,2,17,19
WBGene00012504.,0,1,1
WBGene00012505.,1,0,1
WBGene00012509.,0,0,0
WBGene00012512.,6,76,82
WBGene00012513.,27,173,200
WBGene00012514.,13,127,140
WBGene00012515.,0,1,1
WBGene00012516.,0,0,0
WBGene00012517.,0,0,0
WBGene00012518.,0,1,1
WBGene00012519.,3,4,7
WBGene00012520.,0,0,0
WBGene00012521.,0,1,1
WBGene00012522.,286,1190,1476
WBGene00012523.,1,1,2
WBGene00012524.,43,316,359
WBGene00012525.,0,4,4
WBGene00012526.,0,1,1
WBGene00012527.,24,144,168
WBGene00012528.,73,2028,2101
WBGene00012529.,11,63,74
WBGene00012530.,335,600,935
WBGene00012531.,32,98,130
WBGene00012532.,102,253,355
WBGene00012533.,1,11,12
WBGene00012535.,11,9,20
WBGene00012536.,26,185,211
WBGene00012537.,0,7,7
WBGene00012538.,32,203,235
WBGene00012540.,7,39,46
WBGene00012541.,3,5,8
WBGene00012542.,4,4,8
WBGene00012543.,214,825,1039
WBGene00012544.,1316,11631,12947
WBGene00012545.,90,495,585
WBGene00012546.,13,294,307
WBGene00012547.,1,10,11
WBGene00012548.,150,639,789
WBGene00012549.,1,0,1
WBGene00012550.,38,3731,3769
WBGene00012551.,5,396,401
WBGene00012552.,2,95,97
WBGene00012553.,4679,32544,37223
WBGene00012554.,56,688,744
WBGene00012555.,17,750,767
WBGene00012556.,231,2119,2350
WBGene00012557.,1,1,2
WBGene00012558.,137,1197,1334
WBGene00012559.,113,686,799
WBGene00012560.,435,902,1337
WBGene00012561.,2,6,8
WBGene00012562.,119,636,755
WBGene00012564.,22,178,200
WBGene00012565.,12,128,140
WBGene00012566.,3,57,60
WBGene00012567.,1,4,5
WBGene00012568.,4,16,20
WBGene00012569.,0,43,43
WBGene00012570.,1,2,3
WBGene00012571.,0,0,0
WBGene00012572.,5,1,6
WBGene00012573.,6,39,45
WBGene00012574.,0,1,1
WBGene00012575.,0,0,0
WBGene00012576.,58,266,324
WBGene00012577.,1,0,1
WBGene00012578.,273,710,983
WBGene00012579.,0,0,0
WBGene00012580.,0,0,0
WBGene00012581.,0,1,1
WBGene00012582.,1,9,10
WBGene00012583.,1,1,2
WBGene00012584.,649,1516,2165
WBGene00012585.,18,104,122
WBGene00012586.,3,12,15
WBGene00012587.,0,9,9
WBGene00012588.,7,41,48
WBGene00012589.,0,1,1
WBGene00012590.,0,0,0
WBGene00012591.,0,357,357
WBGene00012592.,6,160,166
WBGene00012593.,3,9,12
WBGene00012594.,8,28,36
WBGene00012595.,3,84,87
WBGene00012596.,12,50,62
WBGene00012597.,37,425,462
WBGene00012600.,79,430,509
WBGene00012602.,673,7629,8302
WBGene00012603.,1,0,1
WBGene00012604.,0,57,57
WBGene00012605.,19,81,100
WBGene00012606.,58,298,356
WBGene00012607.,5,36,41
WBGene00012608.,1766,13021,14787
WBGene00012609.,1,0,1
WBGene00012610.,12,186,198
WBGene00012612.,0,1,1
WBGene00012614.,3,10,13
WBGene00012615.,138,1632,1770
WBGene00012616.,1,25,26
WBGene00012617.,0,1,1
WBGene00012618.,6,4,10
WBGene00012620.,0,3,3
WBGene00012621.,2,46,48
WBGene00012622.,11,25,36
WBGene00012623.,7,47,54
WBGene00012624.,36,181,217
WBGene00012625.,1,2,3
WBGene00012626.,11,51,62
WBGene00012627.,19,24,43
WBGene00012628.,129,910,1039
WBGene00012629.,6,52,58
WBGene00012630.,0,2,2
WBGene00012631.,0,3,3
WBGene00012632.,19,67,86
WBGene00012633.,9,4,13
WBGene00012634.,3,37,40
WBGene00012635.,13,83,96
WBGene00012636.,2,7,9
WBGene00012637.,0,3,3
WBGene00012638.,0,0,0
WBGene00012639.,26,76,102
WBGene00012640.,1,70,71
WBGene00012641.,174,1019,1193
WBGene00012642.,4,9,13
WBGene00012643.,16,1137,1153
WBGene00012644.,267,264,531
WBGene00012645.,184,1704,1888
WBGene00012646.,102,1083,1185
WBGene00012647.,62,333,395
WBGene00012648.,115,3541,3656
WBGene00012649.,0,1,1
WBGene00012650.,12,480,492
WBGene00012651.,67,260,327
WBGene00012652.,8,1200,1208
WBGene00012653.,0,0,0
WBGene00012654.,42,46,88
WBGene00012655.,0,0,0
WBGene00012656.,8,5,13
WBGene00012657.,163,419,582
WBGene00012658.,312,1317,1629
WBGene00012659.,39,9,48
WBGene00012660.,0,49,49
WBGene00012661.,3,0,3
WBGene00012662.,104,946,1050
WBGene00012663.,91,437,528
WBGene00012664.,2,446,448
WBGene00012665.,91,910,1001
WBGene00012666.,192,1464,1656
WBGene00012668.,459,1694,2153
WBGene00012669.,9,24,33
WBGene00012670.,5,8,13
WBGene00012671.,3,13,16
WBGene00012672.,0,2,2
WBGene00012673.,16,53,69
WBGene00012674.,133,469,602
WBGene00012675.,163,682,845
WBGene00012676.,371,1510,1881
WBGene00012678.,31,169,200
WBGene00012679.,1,4,5
WBGene00012680.,1,26,27
WBGene00012681.,4,0,4
WBGene00012682.,6,4,10
WBGene00012683.,0,3,3
WBGene00012684.,0,0,0
WBGene00012686.,0,8,8
WBGene00012688.,0,0,0
WBGene00012689.,5,6,11
WBGene00012690.,1,0,1
WBGene00012692.,480,2887,3367
WBGene00012693.,201,1072,1273
WBGene00012694.,83,801,884
WBGene00012695.,13,543,556
WBGene00012696.,5,164,169
WBGene00012697.,56,1828,1884
WBGene00012698.,17,185,202
WBGene00012699.,3,2,5
WBGene00012700.,10,113,123
WBGene00012701.,74,306,380
WBGene00012702.,8,34,42
WBGene00012703.,51,131,182
WBGene00012704.,32,170,202
WBGene00012705.,9,62,71
WBGene00012706.,0,0,0
WBGene00012707.,0,4,4
WBGene00012708.,1,3,4
WBGene00012709.,10,33,43
WBGene00012710.,6,397,403
WBGene00012711.,12,35,47
WBGene00012712.,68,204,272
WBGene00012713.,138,3001,3139
WBGene00012714.,92,2237,2329
WBGene00012715.,36,511,547
WBGene00012716.,3,138,141
WBGene00012717.,454,2026,2480
WBGene00012718.,216,115,331
WBGene00012719.,80,257,337
WBGene00012720.,3,1,4
WBGene00012721.,11,18,29
WBGene00012722.,102,1361,1463
WBGene00012723.,16,238,254
WBGene00012724.,1,5,6
WBGene00012725.,0,1,1
WBGene00012726.,2,2,4
WBGene00012727.,0,0,0
WBGene00012728.,5,97,102
WBGene00012729.,0,3,3
WBGene00012730.,529,1139,1668
WBGene00012731.,3,15,18
WBGene00012732.,218,500,718
WBGene00012734.,289,485,774
WBGene00012735.,388,787,1175
WBGene00012738.,79,4739,4818
WBGene00012739.,1112,3187,4299
WBGene00012740.,84,841,925
WBGene00012741.,0,0,0
WBGene00012742.,0,0,0
WBGene00012743.,3,1,4
WBGene00012744.,101,101,202
WBGene00012745.,0,7,7
WBGene00012746.,0,0,0
WBGene00012747.,5,13,18
WBGene00012748.,0,6,6
WBGene00012749.,35,26,61
WBGene00012750.,140,179,319
WBGene00012752.,0,0,0
WBGene00012753.,42,338,380
WBGene00012754.,8,63,71
WBGene00012755.,24,218,242
WBGene00012756.,119,433,552
WBGene00012757.,46,369,415
WBGene00012758.,33,155,188
WBGene00012759.,126,2925,3051
WBGene00012760.,8736,1533,10269
WBGene00012761.,0,0,0
WBGene00012762.,109,1780,1889
WBGene00012763.,133,387,520
WBGene00012764.,0,175,175
WBGene00012765.,164,1644,1808
WBGene00012766.,49,1815,1864
WBGene00012767.,304,623,927
WBGene00012768.,47,33627,33674
WBGene00012769.,335,2120,2455
WBGene00012770.,159,5,164
WBGene00012771.,2,2,4
WBGene00012772.,34,0,34
WBGene00012773.,1,1,2
WBGene00012775.,22,1,23
WBGene00012776.,75,228,303
WBGene00012777.,5,70,75
WBGene00012778.,24,144,168
WBGene00012779.,38,168,206
WBGene00012780.,15,38,53
WBGene00012781.,0,8,8
WBGene00012782.,23,138,161
WBGene00012783.,18,868,886
WBGene00012784.,8,5,13
WBGene00012785.,0,4,4
WBGene00012786.,0,21,21
WBGene00012787.,0,0,0
WBGene00012788.,27,3,30
WBGene00012789.,1,0,1
WBGene00012790.,0,0,0
WBGene00012791.,13,19,32
WBGene00012792.,0,0,0
WBGene00012793.,1,2,3
WBGene00012794.,46,1177,1223
WBGene00012795.,1,43,44
WBGene00012796.,30,181,211
WBGene00012798.,2,7,9
WBGene00012799.,1,22,23
WBGene00012802.,75,363,438
WBGene00012803.,49,2734,2783
WBGene00012804.,75,731,806
WBGene00012806.,39,323,362
WBGene00012807.,94,832,926
WBGene00012808.,4,24,28
WBGene00012809.,3,2,5
WBGene00012810.,0,3,3
WBGene00012811.,39,239,278
WBGene00012812.,298,6503,6801
WBGene00012813.,1091,6497,7588
WBGene00012814.,36,38,74
WBGene00012815.,14,65,79
WBGene00012816.,0,0,0
WBGene00012817.,4,7,11
WBGene00012818.,2,1,3
WBGene00012819.,29,204,233
WBGene00012820.,40,3,43
WBGene00012821.,73,574,647
WBGene00012822.,0,2,2
WBGene00012823.,1,3,4
WBGene00012824.,4,5,9
WBGene00012825.,76,422,498
WBGene00012826.,50,172,222
WBGene00012827.,2,1,3
WBGene00012828.,369,110,479
WBGene00012829.,235,1686,1921
WBGene00012830.,39,1437,1476
WBGene00012831.,0,6,6
WBGene00012832.,331,3,334
WBGene00012833.,23,330,353
WBGene00012834.,20,82,102
WBGene00012835.,24,185,209
WBGene00012836.,0,0,0
WBGene00012837.,0,0,0
WBGene00012838.,0,4,4
WBGene00012839.,0,0,0
WBGene00012840.,160,791,951
WBGene00012841.,0,1,1
WBGene00012844.,0,0,0
WBGene00012845.,79,121,200
WBGene00012846.,0,6,6
WBGene00012847.,6,3,9
WBGene00012848.,0,1,1
WBGene00012849.,0,0,0
WBGene00012850.,1173,6012,7185
WBGene00012851.,0,31,31
WBGene00012852.,487,111,598
WBGene00012853.,83,9372,9455
WBGene00012854.,233,1771,2004
WBGene00012855.,3,3,6
WBGene00012856.,16,34,50
WBGene00012857.,103,576,679
WBGene00012858.,49,734,783
WBGene00012859.,15,102,117
WBGene00012860.,53,373,426
WBGene00012861.,30,774,804
WBGene00012862.,1,2,3
WBGene00012863.,11,72,83
WBGene00012864.,16,57,73
WBGene00012866.,18,57,75
WBGene00012867.,26,275,301
WBGene00012868.,447,895,1342
WBGene00012869.,35,432,467
WBGene00012870.,1,0,1
WBGene00012871.,0,0,0
WBGene00012872.,0,1,1
WBGene00012873.,1,5,6
WBGene00012874.,0,0,0
WBGene00012875.,1232,8626,9858
WBGene00012876.,2,3,5
WBGene00012877.,3,0,3
WBGene00012878.,0,0,0
WBGene00012879.,6,78,84
WBGene00012880.,5,2,7
WBGene00012883.,12,183,195
WBGene00012885.,276,2355,2631
WBGene00012886.,5,64,69
WBGene00012887.,159,1730,1889
WBGene00012888.,52,487,539
WBGene00012889.,106,250,356
WBGene00012890.,68,205,273
WBGene00012891.,569,3258,3827
WBGene00012892.,7,12,19
WBGene00012893.,3,15,18
WBGene00012894.,879,709,1588
WBGene00012895.,150,675,825
WBGene00012896.,97,2798,2895
WBGene00012897.,2,865,867
WBGene00012898.,4,20,24
WBGene00012899.,10,42,52
WBGene00012900.,1,11,12
WBGene00012901.,20,54,74
WBGene00012903.,165,1858,2023
WBGene00012904.,47,591,638
WBGene00012905.,0,7,7
WBGene00012906.,31,254,285
WBGene00012907.,1976,4117,6093
WBGene00012908.,138,624,762
WBGene00012909.,170,235,405
WBGene00012910.,3,14,17
WBGene00012911.,41,177,218
WBGene00012912.,0,2,2
WBGene00012913.,0,0,0
WBGene00012914.,0,2,2
WBGene00012915.,9,41,50
WBGene00012916.,0,0,0
WBGene00012917.,24,14,38
WBGene00012919.,5,16,21
WBGene00012920.,161,321,482
WBGene00012921.,0,101,101
WBGene00012922.,4,74,78
WBGene00012923.,13,84,97
WBGene00012924.,8,9,17
WBGene00012925.,4,2,6
WBGene00012926.,0,1,1
WBGene00012927.,33,250,283
WBGene00012928.,21,935,956
WBGene00012929.,295,2507,2802
WBGene00012930.,129,357,486
WBGene00012931.,85,579,664
WBGene00012932.,130,1808,1938
WBGene00012933.,0,65,65
WBGene00012934.,172,670,842
WBGene00012935.,162,308,470
WBGene00012936.,227,1311,1538
WBGene00012937.,0,0,0
WBGene00012938.,131,162,293
WBGene00012939.,129,494,623
WBGene00012940.,9,9,18
WBGene00012941.,10,125,135
WBGene00012942.,1,21,22
WBGene00012943.,86,728,814
WBGene00012945.,0,0,0
WBGene00012946.,3,0,3
WBGene00012947.,0,4,4
WBGene00012948.,158,224,382
WBGene00012950.,69,815,884
WBGene00012951.,144,867,1011
WBGene00012952.,1,12,13
WBGene00012953.,9,141,150
WBGene00012954.,4,56,60
WBGene00012955.,1,2,3
WBGene00012956.,56,54,110
WBGene00012958.,8,2,10
WBGene00012959.,4,16,20
WBGene00012960.,279,1576,1855
WBGene00012961.,5,127,132
WBGene00012962.,11,89,100
WBGene00012964.,279,10028,10307
WBGene00012965.,0,6,6
WBGene00012966.,7,770,777
WBGene00012967.,44,77,121
WBGene00012968.,37,131,168
WBGene00012969.,3,10,13
WBGene00012970.,15,50,65
WBGene00012972.,121,686,807
WBGene00012973.,671,2702,3373
WBGene00012974.,94,10,104
WBGene00012975.,1174,194,1368
WBGene00012976.,62,237,299
WBGene00012977.,179,482,661
WBGene00012978.,345,2440,2785
WBGene00012979.,10,23,33
WBGene00012980.,1336,1587,2923
WBGene00012981.,7,9,16
WBGene00012982.,162,777,939
WBGene00012983.,200,2489,2689
WBGene00012984.,91,590,681
WBGene00012985.,28,16,44
WBGene00012987.,180,835,1015
WBGene00012988.,202,1214,1416
WBGene00012989.,727,521,1248
WBGene00012990.,399,1216,1615
WBGene00012992.,203,1940,2143
WBGene00012993.,134,276,410
WBGene00012994.,123,344,467
WBGene00012995.,317,633,950
WBGene00012996.,229,965,1194
WBGene00012997.,25,508,533
WBGene00012998.,113,590,703
WBGene00012999.,346,1924,2270
WBGene00013000.,690,254,944
WBGene00013001.,310,643,953
WBGene00013002.,506,634,1140
WBGene00013004.,488,2802,3290
WBGene00013006.,149,308,457
WBGene00013007.,40,257,297
WBGene00013008.,42,493,535
WBGene00013009.,7,31,38
WBGene00013010.,0,0,0
WBGene00013011.,34,300,334
WBGene00013013.,38,211,249
WBGene00013014.,160,534,694
WBGene00013015.,146,359,505
WBGene00013017.,67,1471,1538
WBGene00013018.,20,938,958
WBGene00013019.,119,354,473
WBGene00013020.,133,1267,1400
WBGene00013021.,97,546,643
WBGene00013023.,15,29,44
WBGene00013024.,22,308,330
WBGene00013025.,10,4441,4451
WBGene00013026.,3,475,478
WBGene00013027.,25,461,486
WBGene00013028.,17,75,92
WBGene00013029.,139,1663,1802
WBGene00013030.,39,260,299
WBGene00013031.,0,6,6
WBGene00013032.,8,5,13
WBGene00013033.,2,1,3
WBGene00013034.,530,989,1519
WBGene00013035.,37,120,157
WBGene00013036.,3,1,4
WBGene00013037.,24,71,95
WBGene00013038.,136,1162,1298
WBGene00013039.,219,1070,1289
WBGene00013040.,379,565,944
WBGene00013041.,7,52,59
WBGene00013042.,159,467,626
WBGene00013043.,32,41,73
WBGene00013044.,22,2,24
WBGene00013045.,1,0,1
WBGene00013046.,19,145,164
WBGene00013047.,0,0,0
WBGene00013048.,5,170,175
WBGene00013049.,1,1,2
WBGene00013050.,4,0,4
WBGene00013051.,0,0,0
WBGene00013052.,2,6,8
WBGene00013053.,7,11,18
WBGene00013054.,0,5,5
WBGene00013055.,24,168,192
WBGene00013056.,2,2,4
WBGene00013058.,3,0,3
WBGene00013059.,0,0,0
WBGene00013060.,5,27,32
WBGene00013061.,0,2,2
WBGene00013062.,0,0,0
WBGene00013063.,0,0,0
WBGene00013064.,0,0,0
WBGene00013066.,7,8,15
WBGene00013067.,1,0,1
WBGene00013068.,1,0,1
WBGene00013069.,1,0,1
WBGene00013070.,0,0,0
WBGene00013071.,0,9,9
WBGene00013072.,12,14,26
WBGene00013073.,20,53,73
WBGene00013074.,26,137,163
WBGene00013075.,106,418,524
WBGene00013076.,6,35,41
WBGene00013077.,2578,18391,20969
WBGene00013078.,841,7068,7909
WBGene00013079.,976,4103,5079
WBGene00013080.,141,378,519
WBGene00013081.,1866,32020,33886
WBGene00013082.,97,371,468
WBGene00013083.,72,338,410
WBGene00013085.,0,0,0
WBGene00013086.,0,0,0
WBGene00013087.,0,0,0
WBGene00013088.,2,8,10
WBGene00013089.,2,0,2
WBGene00013090.,1,0,1
WBGene00013091.,3,8,11
WBGene00013093.,542,338,880
WBGene00013094.,530,10668,11198
WBGene00013095.,170,536,706
WBGene00013096.,280,619,899
WBGene00013098.,68,185,253
WBGene00013100.,3,21,24
WBGene00013101.,12,58,70
WBGene00013102.,0,0,0
WBGene00013103.,46,427,473
WBGene00013104.,101,1876,1977
WBGene00013105.,0,4,4
WBGene00013106.,42,489,531
WBGene00013107.,2,16,18
WBGene00013109.,32,2258,2290
WBGene00013111.,130,985,1115
WBGene00013112.,0,0,0
WBGene00013113.,0,0,0
WBGene00013114.,1,0,1
WBGene00013116.,13,20,33
WBGene00013117.,0,0,0
WBGene00013118.,15,52,67
WBGene00013119.,41,26,67
WBGene00013120.,0,0,0
WBGene00013121.,6,0,6
WBGene00013122.,29,285,314
WBGene00013123.,196,398,594
WBGene00013124.,523,567,1090
WBGene00013125.,2,23,25
WBGene00013126.,2,3,5
WBGene00013127.,16,73,89
WBGene00013128.,123,647,770
WBGene00013129.,332,1353,1685
WBGene00013130.,0,0,0
WBGene00013131.,147,126,273
WBGene00013132.,86,507,593
WBGene00013134.,2,4,6
WBGene00013135.,27,333,360
WBGene00013136.,49,803,852
WBGene00013137.,41,402,443
WBGene00013138.,0,0,0
WBGene00013139.,71,623,694
WBGene00013140.,32,813,845
WBGene00013141.,9,42,51
WBGene00013142.,2,4,6
WBGene00013143.,12,932,944
WBGene00013144.,662,2753,3415
WBGene00013145.,2,83,85
WBGene00013146.,41,156,197
WBGene00013147.,1,16,17
WBGene00013148.,1,0,1
WBGene00013149.,17,12,29
WBGene00013150.,39,919,958
WBGene00013151.,89,804,893
WBGene00013152.,2,7,9
WBGene00013153.,2,36,38
WBGene00013154.,0,0,0
WBGene00013155.,1,3,4
WBGene00013156.,7,342,349
WBGene00013157.,0,7,7
WBGene00013158.,5,6,11
WBGene00013159.,64,169,233
WBGene00013160.,418,743,1161
WBGene00013161.,407,1079,1486
WBGene00013162.,1,3,4
WBGene00013163.,40,6,46
WBGene00013164.,53,129,182
WBGene00013165.,5,13,18
WBGene00013166.,13,100,113
WBGene00013167.,307,214,521
WBGene00013168.,84,2088,2172
WBGene00013169.,21,192,213
WBGene00013170.,0,2,2
WBGene00013171.,59,15,74
WBGene00013172.,0,0,0
WBGene00013173.,9,35,44
WBGene00013175.,4,6,10
WBGene00013176.,79,1050,1129
WBGene00013177.,156,1349,1505
WBGene00013178.,65,564,629
WBGene00013179.,0,0,0
WBGene00013180.,24,247,271
WBGene00013181.,2484,8988,11472
WBGene00013182.,3,0,3
WBGene00013184.,0,0,0
WBGene00013186.,2,1,3
WBGene00013187.,13,119,132
WBGene00013188.,30,163,193
WBGene00013189.,252,656,908
WBGene00013190.,5,20,25
WBGene00013192.,0,2,2
WBGene00013193.,50,376,426
WBGene00013194.,0,1,1
WBGene00013195.,12,84,96
WBGene00013196.,19,167,186
WBGene00013197.,31,110,141
WBGene00013198.,13,39,52
WBGene00013200.,435,3876,4311
WBGene00013201.,243,621,864
WBGene00013202.,61,595,656
WBGene00013203.,53,400,453
WBGene00013204.,28,499,527
WBGene00013207.,4,9,13
WBGene00013208.,25,98,123
WBGene00013209.,71,1171,1242
WBGene00013210.,0,4120,4120
WBGene00013211.,61,461,522
WBGene00013212.,42,49,91
WBGene00013213.,145,1294,1439
WBGene00013214.,51,286,337
WBGene00013215.,19,147,166
WBGene00013216.,20,334,354
WBGene00013217.,117,934,1051
WBGene00013218.,29,518,547
WBGene00013219.,51,2124,2175
WBGene00013220.,0,4,4
WBGene00013221.,8,29,37
WBGene00013222.,93,378,471
WBGene00013223.,192,1416,1608
WBGene00013224.,59,479,538
WBGene00013225.,178,722,900
WBGene00013226.,15,5,20
WBGene00013227.,5,39,44
WBGene00013228.,1506,2298,3804
WBGene00013230.,0,0,0
WBGene00013231.,31,294,325
WBGene00013232.,167,402,569
WBGene00013233.,1,2,3
WBGene00013234.,0,7,7
WBGene00013235.,5,144,149
WBGene00013236.,34,2025,2059
WBGene00013237.,139,6444,6583
WBGene00013238.,789,10033,10822
WBGene00013239.,120,1126,1246
WBGene00013240.,157,381,538
WBGene00013241.,54,474,528
WBGene00013242.,39,111,150
WBGene00013243.,85,241,326
WBGene00013244.,35,140,175
WBGene00013246.,30,85,115
WBGene00013247.,14,66,80
WBGene00013248.,27,89,116
WBGene00013249.,13,39,52
WBGene00013250.,4,57,61
WBGene00013251.,3,37,40
WBGene00013252.,9,48,57
WBGene00013253.,42,108,150
WBGene00013254.,2,5,7
WBGene00013255.,200,2377,2577
WBGene00013256.,56,833,889
WBGene00013257.,7,28,35
WBGene00013258.,554,212,766
WBGene00013259.,91,513,604
WBGene00013260.,19,764,783
WBGene00013261.,112,151,263
WBGene00013263.,22,2473,2495
WBGene00013264.,8,9,17
WBGene00013265.,114,398,512
WBGene00013266.,63,1252,1315
WBGene00013267.,149,1206,1355
WBGene00013268.,18,334,352
WBGene00013269.,8,1427,1435
WBGene00013270.,81,259,340
WBGene00013272.,33,40,73
WBGene00013273.,242,857,1099
WBGene00013275.,60,1549,1609
WBGene00013276.,5,10,15
WBGene00013277.,0,2,2
WBGene00013278.,4,18,22
WBGene00013279.,0,0,0
WBGene00013280.,0,0,0
WBGene00013281.,0,27,27
WBGene00013282.,0,0,0
WBGene00013283.,1,4,5
WBGene00013284.,6,477,483
WBGene00013285.,8,22,30
WBGene00013286.,3,31,34
WBGene00013287.,110,135,245
WBGene00013288.,0,2,2
WBGene00013289.,991,1744,2735
WBGene00013290.,0,0,0
WBGene00013292.,115,671,786
WBGene00013293.,28,156,184
WBGene00013294.,2,8,10
WBGene00013295.,1,80,81
WBGene00013296.,0,0,0
WBGene00013297.,1,0,1
WBGene00013298.,5,33,38
WBGene00013299.,0,2,2
WBGene00013300.,0,3,3
WBGene00013301.,24,1445,1469
WBGene00013302.,13,381,394
WBGene00013303.,69,152,221
WBGene00013304.,17,32,49
WBGene00013305.,0,0,0
WBGene00013306.,1,27,28
WBGene00013307.,32,2524,2556
WBGene00013308.,0,1067,1067
WBGene00013310.,60,58,118
WBGene00013311.,84,14988,15072
WBGene00013312.,6,136,142
WBGene00013313.,7,4,11
WBGene00013315.,0,0,0
WBGene00013316.,0,0,0
WBGene00013317.,392,1076,1468
WBGene00013318.,5,4,9
WBGene00013319.,0,4,4
WBGene00013320.,0,1,1
WBGene00013321.,198,1529,1727
WBGene00013322.,17,65,82
WBGene00013323.,9,876,885
WBGene00013324.,248,2544,2792
WBGene00013325.,40,271,311
WBGene00013326.,144,465,609
WBGene00013327.,332,1496,1828
WBGene00013328.,5,0,5
WBGene00013329.,0,15,15
WBGene00013330.,1,66,67
WBGene00013331.,7,6,13
WBGene00013332.,17,733,750
WBGene00013333.,29,86,115
WBGene00013334.,300,1326,1626
WBGene00013335.,21,108,129
WBGene00013336.,14,56,70
WBGene00013337.,0,0,0
WBGene00013338.,0,2,2
WBGene00013339.,185,590,775
WBGene00013340.,239,3649,3888
WBGene00013341.,0,0,0
WBGene00013343.,593,2660,3253
WBGene00013344.,29,1731,1760
WBGene00013345.,51,112,163
WBGene00013347.,638,2476,3114
WBGene00013348.,14,93,107
WBGene00013349.,4,92,96
WBGene00013350.,156,308,464
WBGene00013351.,0,2,2
WBGene00013352.,236,1286,1522
WBGene00013353.,53,89,142
WBGene00013354.,434,1632,2066
WBGene00013355.,250,933,1183
WBGene00013356.,0,0,0
WBGene00013357.,3,0,3
WBGene00013358.,46,298,344
WBGene00013359.,29,322,351
WBGene00013360.,359,3836,4195
WBGene00013361.,308,825,1133
WBGene00013362.,57,132,189
WBGene00013363.,3,11,14
WBGene00013364.,5,9,14
WBGene00013365.,185,1201,1386
WBGene00013366.,915,1909,2824
WBGene00013367.,6,5,11
WBGene00013368.,11,18,29
WBGene00013369.,0,0,0
WBGene00013370.,0,2,2
WBGene00013371.,0,0,0
WBGene00013372.,1,0,1
WBGene00013373.,10,22,32
WBGene00013374.,1,2,3
WBGene00013375.,14,48,62
WBGene00013376.,73,464,537
WBGene00013378.,24,1365,1389
WBGene00013379.,430,1760,2190
WBGene00013380.,0,84,84
WBGene00013381.,4,52,56
WBGene00013382.,29,299,328
WBGene00013383.,6,32,38
WBGene00013385.,24,202,226
WBGene00013386.,0,3,3
WBGene00013387.,149,733,882
WBGene00013388.,3,5,8
WBGene00013389.,3,2,5
WBGene00013390.,1,2,3
WBGene00013391.,0,0,0
WBGene00013392.,0,1,1
WBGene00013393.,0,0,0
WBGene00013394.,0,0,0
WBGene00013395.,0,0,0
WBGene00013396.,0,0,0
WBGene00013397.,0,1,1
WBGene00013398.,1,4,5
WBGene00013399.,4,7,11
WBGene00013400.,0,0,0
WBGene00013401.,1,8,9
WBGene00013402.,5,51,56
WBGene00013403.,4,18,22
WBGene00013404.,4,154,158
WBGene00013405.,28,176,204
WBGene00013406.,712,7322,8034
WBGene00013407.,34,326,360
WBGene00013408.,0,0,0
WBGene00013409.,0,1,1
WBGene00013410.,1,7,8
WBGene00013411.,2,1,3
WBGene00013412.,3,10,13
WBGene00013415.,161,868,1029
WBGene00013416.,128,308,436
WBGene00013417.,35,38,73
WBGene00013418.,182,1124,1306
WBGene00013419.,11,37,48
WBGene00013421.,1,4,5
WBGene00013422.,110,639,749
WBGene00013424.,2,13,15
WBGene00013425.,84,151,235
WBGene00013426.,24,291,315
WBGene00013427.,37,2,39
WBGene00013429.,6,8,14
WBGene00013431.,74,116,190
WBGene00013432.,3,74,77
WBGene00013433.,1,240,241
WBGene00013434.,159,666,825
WBGene00013435.,165,2073,2238
WBGene00013436.,111,919,1030
WBGene00013437.,5,12,17
WBGene00013438.,1,431,432
WBGene00013439.,2,7,9
WBGene00013440.,7,19,26
WBGene00013441.,116,626,742
WBGene00013442.,21,182,203
WBGene00013443.,60,177,237
WBGene00013445.,20,169,189
WBGene00013446.,272,623,895
WBGene00013447.,133,636,769
WBGene00013448.,130,609,739
WBGene00013449.,1,8,9
WBGene00013450.,1,5,6
WBGene00013451.,0,3,3
WBGene00013452.,3,2,5
WBGene00013453.,49,723,772
WBGene00013454.,5,3,8
WBGene00013455.,127,510,637
WBGene00013456.,61,246,307
WBGene00013457.,27,70,97
WBGene00013458.,86,848,934
WBGene00013459.,570,2588,3158
WBGene00013460.,341,770,1111
WBGene00013461.,228,975,1203
WBGene00013462.,154,1468,1622
WBGene00013463.,0,9345,9345
WBGene00013464.,76,409,485
WBGene00013465.,46,499,545
WBGene00013466.,0,0,0
WBGene00013467.,1,0,1
WBGene00013468.,2,3,5
WBGene00013469.,0,2,2
WBGene00013470.,0,2,2
WBGene00013471.,3,2,5
WBGene00013472.,0,1,1
WBGene00013473.,0,0,0
WBGene00013474.,0,1,1
WBGene00013475.,0,1,1
WBGene00013476.,0,0,0
WBGene00013477.,107,3329,3436
WBGene00013478.,0,2,2
WBGene00013479.,56,185,241
WBGene00013480.,32,9,41
WBGene00013481.,657,4687,5344
WBGene00013482.,50,500,550
WBGene00013483.,0,0,0
WBGene00013484.,7,9,16
WBGene00013485.,90,203,293
WBGene00013486.,20,25,45
WBGene00013487.,4,2,6
WBGene00013489.,48,8885,8933
WBGene00013490.,3,20,23
WBGene00013491.,0,0,0
WBGene00013492.,0,1,1
WBGene00013493.,0,46,46
WBGene00013494.,3,7,10
WBGene00013495.,5,1,6
WBGene00013496.,11,103,114
WBGene00013497.,20,167,187
WBGene00013498.,3,6,9
WBGene00013499.,54,326,380
WBGene00013500.,0,0,0
WBGene00013501.,1,0,1
WBGene00013502.,5,1,6
WBGene00013503.,9,0,9
WBGene00013505.,9,7,16
WBGene00013506.,100,213,313
WBGene00013507.,12,35,47
WBGene00013508.,3,4,7
WBGene00013509.,5,112,117
WBGene00013510.,74,31,105
WBGene00013511.,0,3,3
WBGene00013512.,20,24,44
WBGene00013513.,1,9,10
WBGene00013514.,1047,8719,9766
WBGene00013515.,359,2770,3129
WBGene00013516.,78,594,672
WBGene00013517.,26,39,65
WBGene00013518.,102,383,485
WBGene00013519.,0,0,0
WBGene00013520.,5,3,8
WBGene00013521.,0,0,0
WBGene00013522.,114,395,509
WBGene00013523.,0,0,0
WBGene00013524.,1,0,1
WBGene00013525.,1,2,3
WBGene00013526.,1,0,1
WBGene00013527.,0,0,0
WBGene00013528.,3,2,5
WBGene00013529.,172,641,813
WBGene00013530.,234,955,1189
WBGene00013531.,197,1098,1295
WBGene00013532.,14,1164,1178
WBGene00013534.,45,44,89
WBGene00013535.,7,47,54
WBGene00013536.,110,40,150
WBGene00013537.,3,5,8
WBGene00013538.,158,550,708
WBGene00013539.,18,73,91
WBGene00013540.,41,114,155
WBGene00013541.,20,54,74
WBGene00013542.,44,377,421
WBGene00013543.,122,552,674
WBGene00013544.,287,2238,2525
WBGene00013545.,264,844,1108
WBGene00013547.,11,49,60
WBGene00013548.,164,919,1083
WBGene00013549.,151,497,648
WBGene00013550.,39,1356,1395
WBGene00013551.,27,212,239
WBGene00013552.,4,186,190
WBGene00013553.,117,797,914
WBGene00013554.,64,197,261
WBGene00013555.,3,5,8
WBGene00013556.,124,710,834
WBGene00013557.,356,1123,1479
WBGene00013558.,78,659,737
WBGene00013559.,21,55,76
WBGene00013560.,50,198,248
WBGene00013561.,117,709,826
WBGene00013562.,0,8,8
WBGene00013563.,61,45,106
WBGene00013564.,8,10,18
WBGene00013565.,0,0,0
WBGene00013566.,0,0,0
WBGene00013567.,0,97,97
WBGene00013568.,70,379,449
WBGene00013569.,10,344,354
WBGene00013570.,0,0,0
WBGene00013571.,0,0,0
WBGene00013572.,0,0,0
WBGene00013573.,61,25,86
WBGene00013574.,36,18,54
WBGene00013575.,31,465,496
WBGene00013576.,7,196,203
WBGene00013577.,1485,9417,10902
WBGene00013578.,46,139,185
WBGene00013579.,9,2,11
WBGene00013580.,672,919,1591
WBGene00013581.,0,4,4
WBGene00013583.,3,0,3
WBGene00013584.,38,157,195
WBGene00013585.,12,173,185
WBGene00013586.,4,2,6
WBGene00013587.,22,75,97
WBGene00013588.,670,5018,5688
WBGene00013589.,0,4,4
WBGene00013590.,0,4,4
WBGene00013591.,50,632,682
WBGene00013592.,10,17,27
WBGene00013593.,90,614,704
WBGene00013594.,99,168,267
WBGene00013595.,79,494,573
WBGene00013596.,20,536,556
WBGene00013597.,491,3858,4349
WBGene00013598.,74,1165,1239
WBGene00013599.,270,345,615
WBGene00013601.,67,601,668
WBGene00013602.,17,204,221
WBGene00013603.,160,1346,1506
WBGene00013604.,65,680,745
WBGene00013605.,153,1235,1388
WBGene00013606.,198,1179,1377
WBGene00013607.,0,2,2
WBGene00013608.,6,4,10
WBGene00013609.,0,36,36
WBGene00013610.,11,155,166
WBGene00013611.,5,63,68
WBGene00013612.,4,50,54
WBGene00013613.,0,6,6
WBGene00013614.,0,0,0
WBGene00013615.,4,4,8
WBGene00013616.,0,1,1
WBGene00013617.,0,0,0
WBGene00013618.,0,0,0
WBGene00013619.,0,0,0
WBGene00013620.,0,1,1
WBGene00013621.,1,0,1
WBGene00013622.,0,1,1
WBGene00013623.,23,163,186
WBGene00013624.,0,3,3
WBGene00013625.,0,1,1
WBGene00013626.,0,0,0
WBGene00013627.,1,0,1
WBGene00013628.,0,0,0
WBGene00013629.,3,1,4
WBGene00013631.,2,1,3
WBGene00013632.,138,187,325
WBGene00013633.,37,156,193
WBGene00013634.,5,7,12
WBGene00013635.,0,0,0
WBGene00013636.,0,0,0
WBGene00013637.,10,55,65
WBGene00013638.,226,1258,1484
WBGene00013639.,847,509,1356
WBGene00013640.,108,26,134
WBGene00013642.,86,315,401
WBGene00013643.,7,28,35
WBGene00013644.,0,7,7
WBGene00013645.,2,3,5
WBGene00013646.,2,2,4
WBGene00013647.,240,1670,1910
WBGene00013648.,4,1,5
WBGene00013649.,2,7,9
WBGene00013650.,1,135,136
WBGene00013651.,3,1,4
WBGene00013652.,0,10,10
WBGene00013653.,2,21,23
WBGene00013654.,2,11,13
WBGene00013655.,12,2,14
WBGene00013656.,0,0,0
WBGene00013657.,0,0,0
WBGene00013658.,11,108,119
WBGene00013659.,0,9,9
WBGene00013661.,3,0,3
WBGene00013662.,13,79,92
WBGene00013665.,9,70,79
WBGene00013666.,75,272,347
WBGene00013667.,128,639,767
WBGene00013668.,108,858,966
WBGene00013669.,19,145,164
WBGene00013670.,214,1140,1354
WBGene00013671.,80,1058,1138
WBGene00013672.,62,105,167
WBGene00013673.,89,154,243
WBGene00013674.,72,461,533
WBGene00013676.,150,1023,1173
WBGene00013677.,333,1550,1883
WBGene00013678.,245,979,1224
WBGene00013679.,128,857,985
WBGene00013680.,245,733,978
WBGene00013682.,1196,1351,2547
WBGene00013683.,181,1989,2170
WBGene00013684.,4,2,6
WBGene00013685.,18,47,65
WBGene00013687.,153,663,816
WBGene00013688.,249,2481,2730
WBGene00013689.,10,430,440
WBGene00013690.,44,632,676
WBGene00013691.,37,422,459
WBGene00013692.,81,627,708
WBGene00013693.,35,56,91
WBGene00013694.,42,485,527
WBGene00013695.,180,852,1032
WBGene00013696.,0,4,4
WBGene00013697.,4,340,344
WBGene00013698.,21,377,398
WBGene00013699.,0,2,2
WBGene00013700.,3,18,21
WBGene00013701.,2,38,40
WBGene00013702.,68,286,354
WBGene00013703.,212,709,921
WBGene00013704.,29,171,200
WBGene00013705.,0,3,3
WBGene00013706.,0,1,1
WBGene00013707.,0,0,0
WBGene00013708.,14,223,237
WBGene00013709.,203,1970,2173
WBGene00013710.,1,9,10
WBGene00013711.,254,559,813
WBGene00013712.,1,1,2
WBGene00013713.,0,3,3
WBGene00013716.,10,65,75
WBGene00013717.,6,141,147
WBGene00013718.,48,898,946
WBGene00013719.,25,416,441
WBGene00013720.,9,431,440
WBGene00013721.,0,1,1
WBGene00013722.,0,0,0
WBGene00013723.,0,21,21
WBGene00013724.,48,284,332
WBGene00013725.,81,605,686
WBGene00013726.,80,413,493
WBGene00013727.,12,118,130
WBGene00013728.,60,651,711
WBGene00013729.,4,202,206
WBGene00013730.,563,1621,2184
WBGene00013732.,1549,988,2537
WBGene00013734.,12,2554,2566
WBGene00013735.,1056,2313,3369
WBGene00013736.,33,942,975
WBGene00013737.,243,722,965
WBGene00013738.,152,805,957
WBGene00013739.,83,56,139
WBGene00013740.,15,967,982
WBGene00013741.,7,27,34
WBGene00013742.,63,96,159
WBGene00013744.,1,4,5
WBGene00013746.,119,284,403
WBGene00013747.,8,1,9
WBGene00013748.,23,427,450
WBGene00013749.,13,32,45
WBGene00013750.,4,7,11
WBGene00013751.,19,188,207
WBGene00013752.,202,310,512
WBGene00013753.,27,140,167
WBGene00013754.,0,1,1
WBGene00013755.,2,26,28
WBGene00013756.,16,201,217
WBGene00013757.,0,6,6
WBGene00013758.,6,203,209
WBGene00013759.,0,0,0
WBGene00013760.,0,1,1
WBGene00013761.,5,96,101
WBGene00013762.,0,5,5
WBGene00013763.,2,33,35
WBGene00013764.,17,10,27
WBGene00013765.,121,1213,1334
WBGene00013766.,127,15483,15610
WBGene00013768.,169,298,467
WBGene00013770.,0,0,0
WBGene00013771.,2,3,5
WBGene00013772.,3,0,3
WBGene00013773.,1,10,11
WBGene00013774.,67,61,128
WBGene00013775.,1,14,15
WBGene00013776.,2,83,85
WBGene00013777.,0,0,0
WBGene00013778.,9,36,45
WBGene00013779.,1,25,26
WBGene00013781.,55,137,192
WBGene00013782.,51,127,178
WBGene00013783.,2,0,2
WBGene00013784.,956,4455,5411
WBGene00013785.,0,3,3
WBGene00013786.,1,2,3
WBGene00013788.,0,0,0
WBGene00013789.,70,355,425
WBGene00013790.,63,499,562
WBGene00013791.,0,1,1
WBGene00013792.,106,172,278
WBGene00013794.,0,5,5
WBGene00013795.,0,0,0
WBGene00013796.,0,0,0
WBGene00013797.,0,0,0
WBGene00013798.,0,0,0
WBGene00013799.,0,9,9
WBGene00013800.,4,0,4
WBGene00013801.,6,6,12
WBGene00013802.,66,85,151
WBGene00013803.,307,1530,1837
WBGene00013804.,317,2315,2632
WBGene00013805.,542,2807,3349
WBGene00013806.,41,224,265
WBGene00013807.,315,582,897
WBGene00013808.,213,1207,1420
WBGene00013809.,7,8,15
WBGene00013810.,0,1,1
WBGene00013811.,0,0,0
WBGene00013812.,25,35,60
WBGene00013814.,21,10,31
WBGene00013815.,0,3,3
WBGene00013816.,2,3,5
WBGene00013817.,2,23,25
WBGene00013819.,125,793,918
WBGene00013820.,6,18,24
WBGene00013821.,5,1,6
WBGene00013822.,2,4,6
WBGene00013823.,17,2,19
WBGene00013824.,0,1,1
WBGene00013825.,28,32,60
WBGene00013826.,2,13,15
WBGene00013827.,0,1,1
WBGene00013828.,16,0,16
WBGene00013829.,0,6,6
WBGene00013830.,0,2,2
WBGene00013831.,8,1,9
WBGene00013832.,0,11,11
WBGene00013833.,0,23,23
WBGene00013834.,4,2,6
WBGene00013835.,18,71,89
WBGene00013836.,3,39,42
WBGene00013837.,0,0,0
WBGene00013838.,4,110,114
WBGene00013839.,5,2,7
WBGene00013840.,0,4,4
WBGene00013841.,5,24,29
WBGene00013842.,15,71,86
WBGene00013843.,1,8,9
WBGene00013844.,3,11,14
WBGene00013845.,13,161,174
WBGene00013846.,2,7,9
WBGene00013847.,120,713,833
WBGene00013848.,106,275,381
WBGene00013849.,12,29,41
WBGene00013850.,39,46,85
WBGene00013852.,32,159,191
WBGene00013853.,3,1396,1399
WBGene00013854.,0,0,0
WBGene00013855.,37,247,284
WBGene00013856.,0,29,29
WBGene00013857.,85,295,380
WBGene00013858.,0,1,1
WBGene00013859.,550,6875,7425
WBGene00013860.,180,1595,1775
WBGene00013862.,13,217,230
WBGene00013863.,0,1,1
WBGene00013865.,1,7,8
WBGene00013866.,217,1686,1903
WBGene00013867.,41,89,130
WBGene00013868.,0,9,9
WBGene00013869.,154,913,1067
WBGene00013870.,18,173,191
WBGene00013871.,1,7,8
WBGene00013872.,108,421,529
WBGene00013873.,6,4,10
WBGene00013874.,7,32,39
WBGene00013875.,1,10,11
WBGene00013876.,7,125,132
WBGene00013877.,78,504,582
WBGene00013878.,243,1319,1562
WBGene00013879.,4,12,16
WBGene00013880.,27,1062,1089
WBGene00013881.,49,328,377
WBGene00013882.,674,4766,5440
WBGene00013883.,11,47,58
WBGene00013884.,3034,14041,17075
WBGene00013886.,3,19,22
WBGene00013887.,0,0,0
WBGene00013888.,0,0,0
WBGene00013889.,0,0,0
WBGene00013890.,0,0,0
WBGene00013891.,0,18,18
WBGene00013892.,129,1269,1398
WBGene00013893.,28,911,939
WBGene00013894.,62,428,490
WBGene00013895.,25,250,275
WBGene00013896.,13,63,76
WBGene00013897.,8,336,344
WBGene00013898.,98,1024,1122
WBGene00013899.,14,379,393
WBGene00013900.,2,23,25
WBGene00013901.,3,145,148
WBGene00013902.,18,48,66
WBGene00013903.,0,10,10
WBGene00013904.,0,6,6
WBGene00013905.,0,3,3
WBGene00013906.,3,40,43
WBGene00013907.,3,12,15
WBGene00013908.,1,4,5
WBGene00013909.,0,5,5
WBGene00013910.,0,0,0
WBGene00013911.,5,16,21
WBGene00013912.,5,8,13
WBGene00013913.,3,3,6
WBGene00013914.,28,44,72
WBGene00013915.,0,0,0
WBGene00013916.,4,4,8
WBGene00013917.,42,324,366
WBGene00013918.,0,0,0
WBGene00013919.,179,1061,1240
WBGene00013920.,40,1451,1491
WBGene00013921.,108,522,630
WBGene00013923.,22,156,178
WBGene00013924.,150,2638,2788
WBGene00013925.,58,719,777
WBGene00013926.,1,108,109
WBGene00013927.,0,0,0
WBGene00013928.,1,0,1
WBGene00013929.,4,8,12
WBGene00013930.,1,0,1
WBGene00013931.,1,0,1
WBGene00013932.,0,0,0
WBGene00013933.,4,10,14
WBGene00013934.,366,1457,1823
WBGene00013935.,1,0,1
WBGene00013937.,1,4,5
WBGene00013938.,52,364,416
WBGene00013939.,0,15,15
WBGene00013940.,0,0,0
WBGene00013941.,0,0,0
WBGene00013942.,0,0,0
WBGene00013943.,0,1,1
WBGene00013944.,1,1,2
WBGene00013946.,76,224,300
WBGene00013947.,57,304,361
WBGene00013948.,0,0,0
WBGene00013949.,42,143,185
WBGene00013950.,37,150,187
WBGene00013951.,2,0,2
WBGene00013953.,1,0,1
WBGene00013954.,0,3,3
WBGene00013955.,69,36,105
WBGene00013956.,0,1,1
WBGene00013957.,63,122,185
WBGene00013958.,250,2731,2981
WBGene00013959.,93,572,665
WBGene00013960.,9,40,49
WBGene00013961.,0,4,4
WBGene00013962.,92,849,941
WBGene00013963.,7,78,85
WBGene00013964.,20,440,460
WBGene00013965.,5,16,21
WBGene00013966.,10,346,356
WBGene00013967.,56,299,355
WBGene00013968.,2,6,8
WBGene00013969.,204,1757,1961
WBGene00013970.,99,482,581
WBGene00013971.,0,0,0
WBGene00013972.,0,0,0
WBGene00013973.,1,1,2
WBGene00013974.,13,27,40
WBGene00013975.,6,44,50
WBGene00013976.,11,15,26
WBGene00013978.,2,0,2
WBGene00013979.,1,0,1
WBGene00013980.,43,190,233
WBGene00013982.,18,129,147
WBGene00013983.,47,2007,2054
WBGene00013984.,974,2462,3436
WBGene00013985.,54,866,920
WBGene00013986.,0,5,5
WBGene00013987.,1,6,7
WBGene00013988.,1,0,1
WBGene00013989.,37,318,355
WBGene00013993.,0,0,0
WBGene00013994.,70,519,589
WBGene00013995.,2,8,10
WBGene00013996.,6,15,21
WBGene00013997.,277,2099,2376
WBGene00013998.,14,302,316
WBGene00013999.,4,3,7
WBGene00014000.,24,305,329
WBGene00014001.,104,1146,1250
WBGene00014002.,34,105,139
WBGene00014003.,27,2899,2926
WBGene00014004.,153,766,919
WBGene00014005.,1,6,7
WBGene00014006.,3,1192,1195
WBGene00014007.,0,14,14
WBGene00014008.,18,161,179
WBGene00014009.,1,20,21
WBGene00014011.,23,938,961
WBGene00014012.,52,1327,1379
WBGene00014013.,77,1754,1831
WBGene00014014.,86,274,360
WBGene00014015.,72,1013,1085
WBGene00014016.,960,10695,11655
WBGene00014017.,129,1531,1660
WBGene00014018.,180,817,997
WBGene00014019.,142,727,869
WBGene00014020.,33,608,641
WBGene00014021.,167,487,654
WBGene00014022.,293,3549,3842
WBGene00014023.,125,267,392
WBGene00014024.,42,233,275
WBGene00014025.,144,1577,1721
WBGene00014026.,0,0,0
WBGene00014027.,12,107,119
WBGene00014028.,51,213,264
WBGene00014029.,0,4,4
WBGene00014030.,30,3650,3680
WBGene00014031.,24,920,944
WBGene00014032.,0,0,0
WBGene00014033.,71,306,377
WBGene00014034.,3,194,197
WBGene00014035.,62,382,444
WBGene00014036.,565,1566,2131
WBGene00014037.,1796,0,1796
WBGene00014039.,2,13,15
WBGene00014040.,0,0,0
WBGene00014041.,0,0,0
WBGene00014042.,0,0,0
WBGene00014043.,0,0,0
WBGene00014044.,0,0,0
WBGene00014045.,0,0,0
WBGene00014046.,1,0,1
WBGene00014047.,1,9,10
WBGene00014048.,2,3,5
WBGene00014049.,0,0,0
WBGene00014050.,0,3,3
WBGene00014051.,314,1158,1472
WBGene00014052.,3,55,58
WBGene00014053.,12,19,31
WBGene00014054.,107,4238,4345
WBGene00014055.,127,746,873
WBGene00014057.,26,166,192
WBGene00014058.,107,1019,1126
WBGene00014060.,16,77,93
WBGene00014061.,0,0,0
WBGene00014062.,3,15,18
WBGene00014063.,0,27,27
WBGene00014064.,0,2,2
WBGene00014065.,57,44,101
WBGene00014066.,39,432,471
WBGene00014067.,5,104,109
WBGene00014068.,6,5,11
WBGene00014069.,0,8,8
WBGene00014070.,26,4,30
WBGene00014073.,13,30,43
WBGene00014074.,61,324,385
WBGene00014075.,123,979,1102
WBGene00014076.,84,401,485
WBGene00014077.,24,111,135
WBGene00014078.,303,2292,2595
WBGene00014079.,35,245,280
WBGene00014080.,36,276,312
WBGene00014081.,50,288,338
WBGene00014082.,11,5,16
WBGene00014083.,155,1747,1902
WBGene00014084.,0,1,1
WBGene00014085.,4,60,64
WBGene00014086.,1408,8885,10293
WBGene00014087.,52,733,785
WBGene00014088.,790,22283,23073
WBGene00014089.,15,30,45
WBGene00014090.,21,823,844
WBGene00014091.,1143,15443,16586
WBGene00014092.,650,4679,5329
WBGene00014093.,22,46,68
WBGene00014094.,18,29,47
WBGene00014095.,139,29152,29291
WBGene00014096.,22,2423,2445
WBGene00014097.,1,22,23
WBGene00014098.,167,2046,2213
WBGene00014099.,15,199,214
WBGene00014100.,5,22,27
WBGene00014101.,160,395,555
WBGene00014102.,1,5,6
WBGene00014103.,16,21,37
WBGene00014104.,1,3,4
WBGene00014105.,7,8,15
WBGene00014106.,56,245,301
WBGene00014107.,19,295,314
WBGene00014108.,573,12162,12735
WBGene00014109.,76,2048,2124
WBGene00014111.,18,525,543
WBGene00014112.,72,1050,1122
WBGene00014113.,9,164,173
WBGene00014114.,42,450,492
WBGene00014115.,138,1335,1473
WBGene00014116.,3,12,15
WBGene00014117.,2,33,35
WBGene00014118.,76,329,405
WBGene00014119.,221,744,965
WBGene00014120.,0,334,334
WBGene00014121.,18,24,42
WBGene00014122.,31,107,138
WBGene00014123.,24,801,825
WBGene00014124.,32,560,592
WBGene00014125.,9,630,639
WBGene00014126.,0,0,0
WBGene00014127.,1,3,4
WBGene00014128.,0,1,1
WBGene00014129.,0,0,0
WBGene00014130.,0,1,1
WBGene00014131.,1,16,17
WBGene00014132.,1,1,2
WBGene00014134.,3,5,8
WBGene00014135.,1,7,8
WBGene00014136.,32,24,56
WBGene00014137.,10,110,120
WBGene00014138.,18,48,66
WBGene00014139.,126,326,452
WBGene00014140.,267,287,554
WBGene00014141.,8,63,71
WBGene00014142.,1,18,19
WBGene00014143.,0,0,0
WBGene00014144.,0,3,3
WBGene00014145.,11,64,75
WBGene00014147.,0,0,0
WBGene00014148.,180,1787,1967
WBGene00014149.,0,13,13
WBGene00014150.,36,207,243
WBGene00014151.,81,631,712
WBGene00014152.,14,17,31
WBGene00014153.,37,641,678
WBGene00014154.,0,9,9
WBGene00014155.,13,11,24
WBGene00014156.,75,644,719
WBGene00014157.,0,0,0
WBGene00014158.,0,0,0
WBGene00014159.,1,219,220
WBGene00014160.,1,11,12
WBGene00014161.,7,15,22
WBGene00014162.,3,3,6
WBGene00014163.,0,78,78
WBGene00014164.,9,126,135
WBGene00014165.,450,6768,7218
WBGene00014166.,7,40,47
WBGene00014168.,1,1,2
WBGene00014169.,2,7,9
WBGene00014170.,1,4,5
WBGene00014171.,1237,3042,4279
WBGene00014172.,127,646,773
WBGene00014173.,1,15,16
WBGene00014174.,0,2,2
WBGene00014175.,122,728,850
WBGene00014176.,58,673,731
WBGene00014177.,84,974,1058
WBGene00014178.,9,19,28
WBGene00014179.,2,3,5
WBGene00014180.,1,1,2
WBGene00014181.,6,26,32
WBGene00014182.,0,0,0
WBGene00014183.,6,343,349
WBGene00014184.,1,15,16
WBGene00014185.,0,3,3
WBGene00014186.,0,0,0
WBGene00014188.,0,0,0
WBGene00014189.,0,37,37
WBGene00014190.,0,0,0
WBGene00014191.,0,0,0
WBGene00014192.,0,0,0
WBGene00014193.,1,2,3
WBGene00014194.,0,2,2
WBGene00014195.,7,23,30
WBGene00014196.,3,8,11
WBGene00014197.,1,1,2
WBGene00014198.,2,81,83
WBGene00014199.,2,5,7
WBGene00014200.,3,39,42
WBGene00014201.,0,0,0
WBGene00014202.,202,3488,3690
WBGene00014203.,12,119,131
WBGene00014204.,58,3710,3768
WBGene00014205.,22,316,338
WBGene00014206.,24,388,412
WBGene00014207.,315,4021,4336
WBGene00014208.,52,682,734
WBGene00014209.,87,708,795
WBGene00014210.,12,77,89
WBGene00014213.,178,2843,3021
WBGene00014214.,519,961,1480
WBGene00014215.,177,569,746
WBGene00014216.,1,0,1
WBGene00014217.,0,2,2
WBGene00014218.,125,2098,2223
WBGene00014219.,50,610,660
WBGene00014220.,26,254,280
WBGene00014221.,57,987,1044
WBGene00014222.,88,538,626
WBGene00014223.,62,53,115
WBGene00014224.,177,2322,2499
WBGene00014225.,15,32,47
WBGene00014226.,0,79,79
WBGene00014227.,130,681,811
WBGene00014228.,8,273,281
WBGene00014229.,1,2,3
WBGene00014230.,27,371,398
WBGene00014232.,137,1557,1694
WBGene00014233.,41,458,499
WBGene00014234.,6,749,755
WBGene00014235.,8,27,35
WBGene00014236.,7,8,15
WBGene00014238.,0,0,0
WBGene00014239.,1,1,2
WBGene00014240.,0,0,0
WBGene00014241.,0,7,7
WBGene00014242.,0,0,0
WBGene00014243.,121,1431,1552
WBGene00014244.,18,436,454
WBGene00014245.,4,15,19
WBGene00014246.,0,0,0
WBGene00014247.,1,0,1
WBGene00014248.,112,345,457
WBGene00014249.,64,2257,2321
WBGene00014250.,7,376,383
WBGene00014251.,92,670,762
WBGene00014252.,27,186,213
WBGene00014253.,13,70,83
WBGene00014254.,16,132,148
WBGene00014255.,6,85,91
WBGene00014256.,9,176,185
WBGene00014258.,220,3211,3431
WBGene00014259.,124,1156,1280
WBGene00014260.,32,33,65
WBGene00014261.,432,1069,1501
WBGene00014262.,947,8156,9103
WBGene00014263.,0,0,0
WBGene00014264.,0,0,0
WBGene00014265.,0,0,0
WBGene00014266.,0,0,0
WBGene00014267.,0,0,0
WBGene00014268.,0,0,0
WBGene00014269.,0,0,0
WBGene00014270.,0,0,0
WBGene00014271.,0,0,0
WBGene00014272.,0,0,0
WBGene00014273.,0,1,1
WBGene00014274.,0,0,0
WBGene00014275.,0,0,0
WBGene00014276.,0,0,0
WBGene00014277.,0,0,0
WBGene00014278.,0,0,0
WBGene00014279.,0,0,0
WBGene00014280.,0,0,0
WBGene00014281.,0,0,0
WBGene00014282.,0,0,0
WBGene00014283.,0,0,0
WBGene00014284.,0,0,0
WBGene00014285.,0,0,0
WBGene00014286.,0,0,0
WBGene00014287.,0,0,0
WBGene00014288.,0,0,0
WBGene00014289.,0,0,0
WBGene00014290.,0,0,0
WBGene00014291.,0,16,16
WBGene00014292.,0,0,0
WBGene00014293.,0,0,0
WBGene00014294.,1254,3410,4664
WBGene00014295.,0,0,0
WBGene00014296.,0,0,0
WBGene00014297.,0,0,0
WBGene00014298.,0,0,0
WBGene00014299.,0,0,0
WBGene00014300.,38,216,254
WBGene00014301.,0,0,0
WBGene00014302.,0,0,0
WBGene00014303.,0,0,0
WBGene00014304.,0,0,0
WBGene00014305.,0,0,0
WBGene00014306.,0,0,0
WBGene00014307.,2792,25001,27793
WBGene00014308.,54,7035,7089
WBGene00014309.,5471,41639,47110
WBGene00014310.,0,0,0
WBGene00014311.,0,0,0
WBGene00014312.,0,0,0
WBGene00014313.,0,0,0
WBGene00014314.,0,0,0
WBGene00014315.,0,0,0
WBGene00014316.,0,0,0
WBGene00014317.,0,6,6
WBGene00014318.,0,0,0
WBGene00014319.,0,0,0
WBGene00014320.,0,2,2
WBGene00014321.,0,0,0
WBGene00014322.,0,3,3
WBGene00014323.,0,0,0
WBGene00014324.,0,0,0
WBGene00014325.,0,0,0
WBGene00014326.,0,0,0
WBGene00014327.,0,0,0
WBGene00014328.,0,0,0
WBGene00014329.,0,2,2
WBGene00014330.,0,0,0
WBGene00014331.,0,0,0
WBGene00014332.,0,0,0
WBGene00014333.,0,0,0
WBGene00014334.,0,0,0
WBGene00014335.,0,0,0
WBGene00014336.,0,0,0
WBGene00014337.,0,0,0
WBGene00014338.,0,0,0
WBGene00014339.,0,0,0
WBGene00014340.,0,2,2
WBGene00014341.,0,0,0
WBGene00014342.,0,0,0
WBGene00014343.,0,0,0
WBGene00014344.,0,0,0
WBGene00014345.,0,0,0
WBGene00014346.,0,0,0
WBGene00014347.,0,0,0
WBGene00014348.,0,2,2
WBGene00014349.,0,4,4
WBGene00014350.,0,4,4
WBGene00014351.,0,0,0
WBGene00014352.,0,0,0
WBGene00014353.,0,0,0
WBGene00014354.,0,0,0
WBGene00014355.,0,0,0
WBGene00014356.,0,0,0
WBGene00014357.,0,0,0
WBGene00014358.,0,0,0
WBGene00014359.,0,0,0
WBGene00014360.,0,0,0
WBGene00014361.,0,0,0
WBGene00014362.,0,0,0
WBGene00014363.,0,0,0
WBGene00014364.,0,0,0
WBGene00014365.,0,0,0
WBGene00014366.,0,0,0
WBGene00014367.,0,0,0
WBGene00014368.,0,0,0
WBGene00014369.,0,0,0
WBGene00014370.,0,0,0
WBGene00014371.,0,10,10
WBGene00014372.,0,0,0
WBGene00014373.,2,0,2
WBGene00014374.,0,0,0
WBGene00014375.,0,1,1
WBGene00014376.,0,0,0
WBGene00014377.,0,0,0
WBGene00014378.,0,0,0
WBGene00014379.,0,0,0
WBGene00014380.,0,0,0
WBGene00014381.,0,0,0
WBGene00014382.,0,0,0
WBGene00014384.,0,0,0
WBGene00014385.,0,2,2
WBGene00014386.,0,0,0
WBGene00014387.,0,0,0
WBGene00014388.,0,0,0
WBGene00014389.,0,0,0
WBGene00014390.,0,0,0
WBGene00014391.,0,0,0
WBGene00014392.,0,0,0
WBGene00014393.,0,0,0
WBGene00014394.,0,11,11
WBGene00014395.,0,0,0
WBGene00014396.,0,0,0
WBGene00014397.,0,0,0
WBGene00014398.,0,0,0
WBGene00014399.,0,0,0
WBGene00014400.,0,0,0
WBGene00014401.,0,0,0
WBGene00014402.,0,2,2
WBGene00014403.,0,0,0
WBGene00014404.,0,1,1
WBGene00014405.,0,0,0
WBGene00014406.,0,0,0
WBGene00014407.,0,0,0
WBGene00014408.,0,0,0
WBGene00014409.,0,0,0
WBGene00014410.,0,0,0
WBGene00014411.,0,0,0
WBGene00014413.,0,0,0
WBGene00014414.,0,0,0
WBGene00014415.,0,0,0
WBGene00014416.,0,0,0
WBGene00014417.,0,12,12
WBGene00014418.,0,0,0
WBGene00014419.,0,0,0
WBGene00014420.,0,0,0
WBGene00014421.,0,0,0
WBGene00014422.,0,0,0
WBGene00014423.,0,0,0
WBGene00014424.,0,0,0
WBGene00014425.,0,0,0
WBGene00014426.,0,0,0
WBGene00014427.,0,0,0
WBGene00014428.,0,0,0
WBGene00014429.,0,0,0
WBGene00014430.,0,0,0
WBGene00014431.,0,0,0
WBGene00014432.,0,0,0
WBGene00014433.,0,0,0
WBGene00014434.,0,0,0
WBGene00014435.,0,0,0
WBGene00014436.,0,0,0
WBGene00014437.,0,0,0
WBGene00014438.,0,0,0
WBGene00014439.,0,8,8
WBGene00014440.,0,0,0
WBGene00014441.,0,0,0
WBGene00014442.,0,0,0
WBGene00014443.,0,0,0
WBGene00014444.,0,0,0
WBGene00014445.,0,0,0
WBGene00014446.,0,0,0
WBGene00014447.,0,0,0
WBGene00014448.,0,0,0
WBGene00014449.,0,0,0
WBGene00014450.,0,41,41
WBGene00014451.,0,23,23
WBGene00014452.,0,81,81
WBGene00014453.,0,11,11
WBGene00014454.,0,178695,178695
WBGene00014455.,0,16,16
WBGene00014456.,0,29,29
WBGene00014457.,0,498,498
WBGene00014458.,0,8,8
WBGene00014459.,0,99,99
WBGene00014460.,0,36,36
WBGene00014461.,0,19,19
WBGene00014462.,0,450,450
WBGene00014463.,0,16,16
WBGene00014464.,0,3,3
WBGene00014465.,0,11,11
WBGene00014466.,0,320,320
WBGene00014467.,0,118,118
WBGene00014468.,0,13,13
WBGene00014469.,0,17,17
WBGene00014470.,0,126,126
WBGene00014471.,0,18,18
WBGene00014472.,0,74712,74712
WBGene00014473.,0,485,485
WBGene00014474.,0,0,0
WBGene00014475.,0,0,0
WBGene00014476.,0,3,3
WBGene00014477.,0,0,0
WBGene00014478.,0,0,0
WBGene00014479.,0,0,0
WBGene00014480.,0,0,0
WBGene00014481.,0,0,0
WBGene00014482.,0,0,0
WBGene00014483.,0,0,0
WBGene00014484.,0,0,0
WBGene00014485.,0,0,0
WBGene00014486.,0,0,0
WBGene00014487.,0,0,0
WBGene00014488.,0,0,0
WBGene00014489.,0,0,0
WBGene00014490.,0,0,0
WBGene00014491.,0,0,0
WBGene00014493.,0,0,0
WBGene00014494.,0,0,0
WBGene00014495.,0,0,0
WBGene00014496.,0,0,0
WBGene00014497.,0,0,0
WBGene00014498.,0,0,0
WBGene00014499.,0,0,0
WBGene00014500.,0,4,4
WBGene00014501.,0,0,0
WBGene00014502.,0,0,0
WBGene00014503.,0,0,0
WBGene00014504.,0,0,0
WBGene00014505.,0,30007,30007
WBGene00014506.,0,0,0
WBGene00014507.,0,0,0
WBGene00014508.,0,0,0
WBGene00014509.,0,0,0
WBGene00014510.,0,0,0
WBGene00014511.,0,0,0
WBGene00014512.,0,0,0
WBGene00014513.,0,1,1
WBGene00014514.,0,0,0
WBGene00014515.,0,0,0
WBGene00014516.,0,0,0
WBGene00014517.,0,0,0
WBGene00014518.,0,0,0
WBGene00014519.,0,0,0
WBGene00014520.,0,0,0
WBGene00014521.,0,0,0
WBGene00014522.,0,0,0
WBGene00014523.,0,2,2
WBGene00014524.,0,0,0
WBGene00014525.,0,0,0
WBGene00014526.,0,0,0
WBGene00014527.,0,0,0
WBGene00014528.,0,0,0
WBGene00014529.,0,0,0
WBGene00014530.,0,0,0
WBGene00014531.,0,0,0
WBGene00014532.,0,0,0
WBGene00014533.,0,0,0
WBGene00014534.,0,3,3
WBGene00014535.,0,1,1
WBGene00014536.,0,2,2
WBGene00014537.,0,0,0
WBGene00014538.,0,0,0
WBGene00014539.,0,0,0
WBGene00014540.,0,0,0
WBGene00014541.,0,0,0
WBGene00014542.,0,51,51
WBGene00014543.,0,0,0
WBGene00014544.,0,0,0
WBGene00014545.,0,0,0
WBGene00014546.,0,0,0
WBGene00014547.,0,0,0
WBGene00014548.,0,0,0
WBGene00014549.,0,0,0
WBGene00014550.,0,0,0
WBGene00014551.,0,0,0
WBGene00014552.,0,0,0
WBGene00014553.,0,0,0
WBGene00014554.,0,0,0
WBGene00014555.,0,0,0
WBGene00014556.,0,0,0
WBGene00014557.,0,0,0
WBGene00014558.,0,0,0
WBGene00014559.,0,0,0
WBGene00014560.,0,0,0
WBGene00014561.,0,0,0
WBGene00014562.,30,147,177
WBGene00014563.,0,0,0
WBGene00014564.,0,0,0
WBGene00014565.,0,0,0
WBGene00014566.,0,0,0
WBGene00014567.,0,0,0
WBGene00014568.,0,0,0
WBGene00014569.,228,540,768
WBGene00014570.,0,0,0
WBGene00014571.,0,0,0
WBGene00014572.,0,0,0
WBGene00014573.,0,0,0
WBGene00014574.,0,0,0
WBGene00014575.,0,0,0
WBGene00014576.,17,97,114
WBGene00014577.,0,20,20
WBGene00014578.,0,0,0
WBGene00014579.,0,1,1
WBGene00014580.,0,0,0
WBGene00014581.,0,0,0
WBGene00014582.,0,0,0
WBGene00014583.,0,0,0
WBGene00014584.,0,1,1
WBGene00014585.,0,0,0
WBGene00014586.,0,0,0
WBGene00014587.,0,0,0
WBGene00014588.,0,0,0
WBGene00014589.,0,5,5
WBGene00014590.,0,0,0
WBGene00014591.,0,0,0
WBGene00014592.,0,0,0
WBGene00014593.,0,0,0
WBGene00014594.,0,0,0
WBGene00014595.,0,0,0
WBGene00014596.,0,1,1
WBGene00014597.,0,0,0
WBGene00014598.,0,0,0
WBGene00014599.,0,0,0
WBGene00014600.,0,0,0
WBGene00014601.,0,0,0
WBGene00014602.,0,0,0
WBGene00014603.,0,0,0
WBGene00014604.,0,0,0
WBGene00014605.,0,0,0
WBGene00014606.,0,0,0
WBGene00014607.,0,0,0
WBGene00014608.,0,0,0
WBGene00014609.,0,0,0
WBGene00014610.,0,0,0
WBGene00014611.,0,0,0
WBGene00014612.,0,0,0
WBGene00014613.,140,477,617
WBGene00014614.,0,0,0
WBGene00014615.,5,4,9
WBGene00014616.,0,0,0
WBGene00014617.,0,0,0
WBGene00014618.,0,0,0
WBGene00014619.,0,0,0
WBGene00014620.,0,0,0
WBGene00014621.,0,0,0
WBGene00014622.,0,0,0
WBGene00014623.,0,0,0
WBGene00014624.,0,0,0
WBGene00014625.,0,0,0
WBGene00014626.,0,0,0
WBGene00014627.,0,0,0
WBGene00014628.,0,0,0
WBGene00014629.,0,0,0
WBGene00014630.,0,0,0
WBGene00014631.,0,0,0
WBGene00014632.,0,0,0
WBGene00014633.,0,0,0
WBGene00014634.,0,0,0
WBGene00014635.,0,0,0
WBGene00014636.,0,0,0
WBGene00014637.,0,0,0
WBGene00014638.,0,0,0
WBGene00014639.,0,0,0
WBGene00014640.,0,0,0
WBGene00014641.,2,7,9
WBGene00014643.,0,37,37
WBGene00014644.,0,0,0
WBGene00014645.,0,0,0
WBGene00014646.,0,0,0
WBGene00014647.,0,0,0
WBGene00014648.,0,0,0
WBGene00014649.,0,0,0
WBGene00014650.,0,0,0
WBGene00014651.,0,0,0
WBGene00014652.,0,0,0
WBGene00014653.,0,0,0
WBGene00014654.,0,0,0
WBGene00014655.,0,1,1
WBGene00014656.,0,0,0
WBGene00014657.,0,1,1
WBGene00014658.,0,0,0
WBGene00014659.,0,0,0
WBGene00014660.,2,5,7
WBGene00014663.,0,116,116
WBGene00014664.,0,0,0
WBGene00014665.,0,1,1
WBGene00014666.,11,61,72
WBGene00014667.,1,9,10
WBGene00014668.,5,5,10
WBGene00014669.,2,50,52
WBGene00014670.,0,0,0
WBGene00014671.,0,0,0
WBGene00014672.,0,14,14
WBGene00014673.,0,0,0
WBGene00014674.,0,5,5
WBGene00014675.,0,1,1
WBGene00014676.,0,1,1
WBGene00014677.,0,0,0
WBGene00014678.,0,1,1
WBGene00014679.,0,2,2
WBGene00014681.,0,0,0
WBGene00014682.,0,1,1
WBGene00014683.,0,1,1
WBGene00014684.,0,0,0
WBGene00014685.,0,0,0
WBGene00014686.,0,1,1
WBGene00014689.,0,0,0
WBGene00014691.,0,0,0
WBGene00014692.,0,0,0
WBGene00014693.,0,0,0
WBGene00014694.,0,1,1
WBGene00014695.,0,0,0
WBGene00014696.,0,0,0
WBGene00014697.,134,792,926
WBGene00014698.,16,109,125
WBGene00014699.,0,0,0
WBGene00014700.,0,0,0
WBGene00014701.,0,18,18
WBGene00014702.,0,10,10
WBGene00014703.,0,1,1
WBGene00014704.,0,0,0
WBGene00014705.,0,1,1
WBGene00014706.,0,0,0
WBGene00014707.,0,0,0
WBGene00014708.,0,0,0
WBGene00014710.,1,2,3
WBGene00014711.,2,2,4
WBGene00014714.,1,6,7
WBGene00014715.,0,0,0
WBGene00014716.,0,0,0
WBGene00014717.,0,0,0
WBGene00014718.,0,0,0
WBGene00014719.,0,0,0
WBGene00014720.,0,0,0
WBGene00014721.,0,0,0
WBGene00014722.,0,0,0
WBGene00014723.,1,0,1
WBGene00014724.,0,0,0
WBGene00014727.,0,0,0
WBGene00014728.,0,1,1
WBGene00014729.,0,2,2
WBGene00014730.,0,7,7
WBGene00014731.,0,14,14
WBGene00014732.,10,69,79
WBGene00014733.,0,0,0
WBGene00014734.,1,2,3
WBGene00014735.,0,0,0
WBGene00014738.,0,0,0
WBGene00014740.,0,0,0
WBGene00014741.,0,8,8
WBGene00014744.,0,16,16
WBGene00014745.,0,1,1
WBGene00014746.,2,122,124
WBGene00014748.,0,0,0
WBGene00014751.,23,70,93
WBGene00014752.,0,0,0
WBGene00014753.,0,2,2
WBGene00014754.,0,0,0
WBGene00014755.,0,0,0
WBGene00014757.,0,2,2
WBGene00014758.,0,1,1
WBGene00014759.,9,4,13
WBGene00014760.,0,1,1
WBGene00014761.,27,36,63
WBGene00014763.,0,0,0
WBGene00014764.,0,0,0
WBGene00014766.,0,0,0
WBGene00014767.,0,0,0
WBGene00014768.,0,2,2
WBGene00014769.,1,2,3
WBGene00014770.,1,0,1
WBGene00014771.,0,0,0
WBGene00014772.,819,2255,3074
WBGene00014773.,0,0,0
WBGene00014775.,0,0,0
WBGene00014776.,0,0,0
WBGene00014777.,0,0,0
WBGene00014778.,0,13,13
WBGene00014779.,0,0,0
WBGene00014781.,0,0,0
WBGene00014782.,0,0,0
WBGene00014783.,0,0,0
WBGene00014784.,0,0,0
WBGene00014785.,0,0,0
WBGene00014786.,0,0,0
WBGene00014787.,0,0,0
WBGene00014788.,0,0,0
WBGene00014789.,3,0,3
WBGene00014790.,1,2,3
WBGene00014793.,0,398,398
WBGene00014794.,2,3,5
WBGene00014796.,2,1,3
WBGene00014798.,5,14,19
WBGene00014799.,0,8,8
WBGene00014800.,1,1,2
WBGene00014801.,49,544,593
WBGene00014803.,0,1,1
WBGene00014805.,0,0,0
WBGene00014806.,0,1,1
WBGene00014807.,1,4,5
WBGene00014809.,0,0,0
WBGene00014811.,7,60,67
WBGene00014813.,1,2,3
WBGene00014814.,0,18,18
WBGene00014817.,0,1,1
WBGene00014818.,1,2,3
WBGene00014819.,0,0,0
WBGene00014820.,27,65,92
WBGene00014821.,26,13,39
WBGene00014822.,9,3,12
WBGene00014824.,0,0,0
WBGene00014825.,0,2,2
WBGene00014826.,965,7800,8765
WBGene00014827.,1,2,3
WBGene00014828.,0,0,0
WBGene00014829.,0,0,0
WBGene00014832.,0,0,0
WBGene00014833.,6,2,8
WBGene00014834.,6,0,6
WBGene00014835.,1,6,7
WBGene00014836.,3,59,62
WBGene00014837.,0,2,2
WBGene00014838.,5,9,14
WBGene00014839.,0,0,0
WBGene00014841.,20,16,36
WBGene00014842.,0,2,2
WBGene00014843.,0,0,0
WBGene00014844.,2,0,2
WBGene00014845.,0,0,0
WBGene00014846.,1,0,1
WBGene00014848.,62,988,1050
WBGene00014849.,0,0,0
WBGene00014850.,0,0,0
WBGene00014851.,1,0,1
WBGene00014852.,0,73,73
WBGene00014853.,0,0,0
WBGene00014854.,0,0,0
WBGene00014855.,0,0,0
WBGene00014856.,0,0,0
WBGene00014857.,0,0,0
WBGene00014858.,0,0,0
WBGene00014861.,0,9,9
WBGene00014862.,2,3,5
WBGene00014863.,1,0,1
WBGene00014864.,0,3,3
WBGene00014865.,0,1,1
WBGene00014866.,0,0,0
WBGene00014867.,0,0,0
WBGene00014868.,0,0,0
WBGene00014869.,0,0,0
WBGene00014870.,1,19,20
WBGene00014871.,0,57,57
WBGene00014872.,0,0,0
WBGene00014873.,0,0,0
WBGene00014874.,2,1,3
WBGene00014875.,0,1,1
WBGene00014876.,0,0,0
WBGene00014877.,0,1,1
WBGene00014878.,0,0,0
WBGene00014879.,0,2,2
WBGene00014880.,0,0,0
WBGene00014881.,0,1,1
WBGene00014882.,0,0,0
WBGene00014883.,0,2,2
WBGene00014884.,3,48,51
WBGene00014885.,0,0,0
WBGene00014886.,0,21,21
WBGene00014887.,0,1,1
WBGene00014888.,0,3,3
WBGene00014889.,0,0,0
WBGene00014890.,0,0,0
WBGene00014891.,0,0,0
WBGene00014892.,0,0,0
WBGene00014893.,0,2,2
WBGene00014894.,0,2,2
WBGene00014895.,0,0,0
WBGene00014896.,0,0,0
WBGene00014897.,0,0,0
WBGene00014898.,0,4,4
WBGene00014902.,0,0,0
WBGene00014903.,0,0,0
WBGene00014904.,2,8,10
WBGene00014905.,1,2,3
WBGene00014906.,1,3,4
WBGene00014907.,0,17,17
WBGene00014908.,0,0,0
WBGene00014909.,0,0,0
WBGene00014910.,0,0,0
WBGene00014911.,0,0,0
WBGene00014912.,0,0,0
WBGene00014914.,6,13,19
WBGene00014915.,13,95,108
WBGene00014916.,2,67,69
WBGene00014917.,10,46,56
WBGene00014918.,6,77,83
WBGene00014920.,2,8,10
WBGene00014921.,0,0,0
WBGene00014922.,0,1,1
WBGene00014923.,0,0,0
WBGene00014924.,2,3,5
WBGene00014925.,0,0,0
WBGene00014926.,0,0,0
WBGene00014927.,0,1,1
WBGene00014928.,0,0,0
WBGene00014929.,0,0,0
WBGene00014930.,0,0,0
WBGene00014931.,0,0,0
WBGene00014932.,0,0,0
WBGene00014933.,0,0,0
WBGene00014934.,0,2,2
WBGene00014935.,0,0,0
WBGene00014936.,0,0,0
WBGene00014937.,0,0,0
WBGene00014938.,169,1870,2039
WBGene00014939.,0,14,14
WBGene00014941.,22,115,137
WBGene00014943.,0,0,0
WBGene00014944.,0,10,10
WBGene00014945.,0,0,0
WBGene00014946.,0,15,15
WBGene00014947.,5,28,33
WBGene00014948.,1,1,2
WBGene00014949.,0,0,0
WBGene00014950.,0,0,0
WBGene00014951.,0,0,0
WBGene00014952.,0,0,0
WBGene00014953.,0,0,0
WBGene00014954.,4,3,7
WBGene00014955.,0,63,63
WBGene00014956.,0,7,7
WBGene00014957.,0,1,1
WBGene00014958.,0,2,2
WBGene00014961.,0,0,0
WBGene00014962.,0,0,0
WBGene00014963.,0,5,5
WBGene00014964.,0,3,3
WBGene00014965.,29,479,508
WBGene00014966.,0,0,0
WBGene00014967.,0,3,3
WBGene00014969.,0,1,1
WBGene00014970.,0,0,0
WBGene00014971.,0,0,0
WBGene00014972.,0,0,0
WBGene00014973.,0,0,0
WBGene00014974.,0,0,0
WBGene00014975.,13,180,193
WBGene00014976.,0,1,1
WBGene00014977.,2,14,16
WBGene00014978.,2,14,16
WBGene00014979.,0,11,11
WBGene00014980.,0,2,2
WBGene00014981.,0,1,1
WBGene00014983.,0,0,0
WBGene00014984.,0,0,0
WBGene00014987.,0,108,108
WBGene00014989.,376,1346,1722
WBGene00014990.,0,0,0
WBGene00014991.,0,45,45
WBGene00014992.,0,2,2
WBGene00014993.,0,2,2
WBGene00014994.,12,17,29
WBGene00014996.,1,2,3
WBGene00014997.,1,4,5
WBGene00014998.,13,48,61
WBGene00014999.,19,223,242
WBGene00015000.,10,21,31
WBGene00015001.,67,503,570
WBGene00015002.,7,89,96
WBGene00015003.,3,5,8
WBGene00015004.,1,8,9
WBGene00015005.,12,117,129
WBGene00015006.,6,14,20
WBGene00015007.,374,3073,3447
WBGene00015008.,24,284,308
WBGene00015009.,55,574,629
WBGene00015010.,78,439,517
WBGene00015011.,25,979,1004
WBGene00015012.,6,24,30
WBGene00015013.,2,38,40
WBGene00015014.,6,59,65
WBGene00015015.,5,19,24
WBGene00015016.,5,48,53
WBGene00015017.,72,387,459
WBGene00015018.,1,15,16
WBGene00015019.,29,59,88
WBGene00015020.,0,15,15
WBGene00015021.,260,1749,2009
WBGene00015022.,499,1997,2496
WBGene00015023.,19,225,244
WBGene00015024.,0,5,5
WBGene00015025.,320,2440,2760
WBGene00015026.,1,0,1
WBGene00015027.,82,133,215
WBGene00015028.,14,13,27
WBGene00015029.,19,383,402
WBGene00015030.,1,4,5
WBGene00015032.,0,1,1
WBGene00015033.,73,96,169
WBGene00015034.,4,6,10
WBGene00015035.,21,33,54
WBGene00015036.,4,19,23
WBGene00015037.,29,91,120
WBGene00015038.,10,85,95
WBGene00015040.,1,11,12
WBGene00015041.,10,21,31
WBGene00015042.,3,5,8
WBGene00015043.,40,242,282
WBGene00015044.,20,168,188
WBGene00015045.,7,34,41
WBGene00015046.,28,222,250
WBGene00015047.,102,953,1055
WBGene00015048.,16,361,377
WBGene00015049.,2,51,53
WBGene00015050.,8,30,38
WBGene00015051.,0,1,1
WBGene00015052.,3,19,22
WBGene00015053.,6,140,146
WBGene00015054.,12,10,22
WBGene00015055.,29,61,90
WBGene00015056.,28,153,181
WBGene00015057.,9,181,190
WBGene00015058.,0,5,5
WBGene00015059.,20,1140,1160
WBGene00015061.,2477,17416,19893
WBGene00015062.,11,84,95
WBGene00015063.,5,331,336
WBGene00015064.,175,1068,1243
WBGene00015065.,4,5,9
WBGene00015066.,4,17,21
WBGene00015067.,25,229,254
WBGene00015068.,0,0,0
WBGene00015069.,0,0,0
WBGene00015070.,1,1,2
WBGene00015071.,2,2,4
WBGene00015072.,9,18,27
WBGene00015073.,1,95,96
WBGene00015074.,61,2068,2129
WBGene00015075.,157,2493,2650
WBGene00015076.,8,375,383
WBGene00015077.,2,3,5
WBGene00015078.,0,0,0
WBGene00015079.,233,26,259
WBGene00015080.,3,1,4
WBGene00015081.,3,3,6
WBGene00015082.,0,5,5
WBGene00015083.,2,66,68
WBGene00015084.,1,2,3
WBGene00015085.,5,15,20
WBGene00015087.,5,15,20
WBGene00015088.,48,426,474
WBGene00015089.,0,2,2
WBGene00015091.,85,912,997
WBGene00015092.,184,3186,3370
WBGene00015093.,0,0,0
WBGene00015094.,10,10,20
WBGene00015095.,52,359,411
WBGene00015096.,240,1149,1389
WBGene00015097.,9,35,44
WBGene00015098.,5,66,71
WBGene00015099.,159,1101,1260
WBGene00015100.,3,5,8
WBGene00015101.,10,747,757
WBGene00015102.,1,69,70
WBGene00015103.,11,257,268
WBGene00015104.,22,1270,1292
WBGene00015105.,210,317,527
WBGene00015106.,3,6,9
WBGene00015107.,4,29,33
WBGene00015108.,0,1,1
WBGene00015110.,3,16,19
WBGene00015111.,0,0,0
WBGene00015112.,1,11,12
WBGene00015113.,1,9,10
WBGene00015114.,0,0,0
WBGene00015115.,259,1175,1434
WBGene00015116.,57,381,438
WBGene00015117.,16,707,723
WBGene00015118.,2,0,2
WBGene00015119.,0,5,5
WBGene00015121.,0,0,0
WBGene00015122.,3,192,195
WBGene00015124.,305,1427,1732
WBGene00015125.,101,2565,2666
WBGene00015126.,122,974,1096
WBGene00015128.,65,757,822
WBGene00015129.,0,0,0
WBGene00015130.,38,410,448
WBGene00015131.,39,198,237
WBGene00015132.,12,140,152
WBGene00015133.,120,4304,4424
WBGene00015134.,26,222,248
WBGene00015135.,70,237,307
WBGene00015136.,16,94,110
WBGene00015137.,159,3405,3564
WBGene00015138.,23,203,226
WBGene00015139.,54,107,161
WBGene00015141.,58,400,458
WBGene00015142.,0,3,3
WBGene00015143.,23,1021,1044
WBGene00015145.,82,616,698
WBGene00015146.,62,581,643
WBGene00015147.,11,319,330
WBGene00015148.,129,4203,4332
WBGene00015149.,0,5,5
WBGene00015150.,10,184,194
WBGene00015151.,6,18,24
WBGene00015152.,110,152,262
WBGene00015153.,1,4,5
WBGene00015155.,209,861,1070
WBGene00015156.,533,1314,1847
WBGene00015157.,38,791,829
WBGene00015158.,50,373,423
WBGene00015159.,237,933,1170
WBGene00015160.,21,1019,1040
WBGene00015161.,19,240,259
WBGene00015162.,137,974,1111
WBGene00015163.,11,1620,1631
WBGene00015164.,57,942,999
WBGene00015165.,2,11,13
WBGene00015167.,1,40,41
WBGene00015168.,151,10502,10653
WBGene00015169.,11,26,37
WBGene00015170.,0,2,2
WBGene00015171.,13,208,221
WBGene00015172.,11,792,803
WBGene00015173.,388,639,1027
WBGene00015175.,1,1,2
WBGene00015176.,95,929,1024
WBGene00015177.,253,1635,1888
WBGene00015178.,1,0,1
WBGene00015179.,4,67,71
WBGene00015180.,0,3,3
WBGene00015181.,22,1975,1997
WBGene00015182.,16,48,64
WBGene00015183.,4,9,13
WBGene00015184.,83,744,827
WBGene00015185.,358,1868,2226
WBGene00015186.,125,1643,1768
WBGene00015188.,38,132,170
WBGene00015189.,27,88,115
WBGene00015190.,2,93,95
WBGene00015191.,55,216,271
WBGene00015192.,2,3,5
WBGene00015193.,1,2,3
WBGene00015194.,46,185,231
WBGene00015196.,18,67,85
WBGene00015197.,6,128,134
WBGene00015198.,3,0,3
WBGene00015199.,7,1,8
WBGene00015200.,24,198,222
WBGene00015202.,66,875,941
WBGene00015203.,145,1491,1636
WBGene00015204.,23,467,490
WBGene00015205.,303,2117,2420
WBGene00015206.,93,1456,1549
WBGene00015207.,280,879,1159
WBGene00015208.,240,2280,2520
WBGene00015210.,17,112,129
WBGene00015211.,15,60,75
WBGene00015214.,0,4,4
WBGene00015215.,2,15,17
WBGene00015216.,43,248,291
WBGene00015217.,27,484,511
WBGene00015218.,24,182,206
WBGene00015219.,105,849,954
WBGene00015220.,1,26,27
WBGene00015221.,0,0,0
WBGene00015222.,0,0,0
WBGene00015223.,4,2,6
WBGene00015224.,0,0,0
WBGene00015225.,4,9,13
WBGene00015226.,1,1,2
WBGene00015227.,1,23,24
WBGene00015228.,3,7,10
WBGene00015229.,0,3,3
WBGene00015230.,0,2,2
WBGene00015231.,8,94,102
WBGene00015232.,621,4873,5494
WBGene00015233.,11,577,588
WBGene00015235.,4,392,396
WBGene00015236.,35,39,74
WBGene00015237.,167,1045,1212
WBGene00015238.,36,216,252
WBGene00015241.,6,0,6
WBGene00015242.,0,3,3
WBGene00015243.,14,8,22
WBGene00015244.,6,2,8
WBGene00015245.,77,868,945
WBGene00015246.,19,7,26
WBGene00015247.,0,8,8
WBGene00015248.,4017,23271,27288
WBGene00015249.,243,549,792
WBGene00015250.,169,325,494
WBGene00015251.,135,1040,1175
WBGene00015252.,5,5,10
WBGene00015253.,0,0,0
WBGene00015254.,0,0,0
WBGene00015255.,0,0,0
WBGene00015257.,4,0,4
WBGene00015258.,1,1,2
WBGene00015259.,0,2,2
WBGene00015260.,1,8,9
WBGene00015261.,1,33,34
WBGene00015262.,25,36,61
WBGene00015263.,142,302,444
WBGene00015264.,17,82,99
WBGene00015265.,2,31,33
WBGene00015266.,76,550,626
WBGene00015267.,55,489,544
WBGene00015268.,150,298,448
WBGene00015269.,0,0,0
WBGene00015270.,0,0,0
WBGene00015271.,0,0,0
WBGene00015272.,0,0,0
WBGene00015273.,122,0,122
WBGene00015277.,0,0,0
WBGene00015278.,34,182,216
WBGene00015279.,1,5,6
WBGene00015280.,29,95,124
WBGene00015281.,52,255,307
WBGene00015282.,172,1512,1684
WBGene00015283.,61,612,673
WBGene00015284.,2,25,27
WBGene00015285.,136,1095,1231
WBGene00015286.,9,58,67
WBGene00015287.,4,33,37
WBGene00015288.,1,3,4
WBGene00015291.,48,316,364
WBGene00015292.,5,13,18
WBGene00015293.,222,1504,1726
WBGene00015294.,27,252,279
WBGene00015295.,58,424,482
WBGene00015296.,144,1464,1608
WBGene00015297.,112,1453,1565
WBGene00015298.,26,1388,1414
WBGene00015299.,12,97,109
WBGene00015300.,11,39,50
WBGene00015301.,192,434,626
WBGene00015303.,167,352,519
WBGene00015305.,1,1,2
WBGene00015306.,3,3,6
WBGene00015307.,23,104,127
WBGene00015308.,61,753,814
WBGene00015309.,21,45,66
WBGene00015310.,28,317,345
WBGene00015311.,2,15,17
WBGene00015312.,3,54,57
WBGene00015313.,13,323,336
WBGene00015315.,1,0,1
WBGene00015316.,1,0,1
WBGene00015317.,0,0,0
WBGene00015318.,0,2,2
WBGene00015320.,6,36,42
WBGene00015321.,0,1,1
WBGene00015322.,6,361,367
WBGene00015323.,7,5,12
WBGene00015324.,11,185,196
WBGene00015325.,0,0,0
WBGene00015326.,40,2839,2879
WBGene00015327.,24,327,351
WBGene00015328.,270,1131,1401
WBGene00015329.,120,2340,2460
WBGene00015330.,69,1041,1110
WBGene00015331.,0,0,0
WBGene00015332.,30,386,416
WBGene00015333.,3,13,16
WBGene00015334.,71,257,328
WBGene00015335.,11,72,83
WBGene00015336.,20,769,789
WBGene00015337.,1,10,11
WBGene00015338.,0,0,0
WBGene00015339.,24,260,284
WBGene00015340.,9,109,118
WBGene00015341.,0,0,0
WBGene00015342.,1,1,2
WBGene00015344.,89,2327,2416
WBGene00015345.,4,2,6
WBGene00015346.,73,2219,2292
WBGene00015347.,67,397,464
WBGene00015348.,4,4,8
WBGene00015349.,118,359,477
WBGene00015350.,30,1249,1279
WBGene00015351.,4,27,31
WBGene00015352.,85,794,879
WBGene00015353.,7,182,189
WBGene00015354.,226,6877,7103
WBGene00015355.,15,61,76
WBGene00015356.,628,5023,5651
WBGene00015357.,12,96,108
WBGene00015359.,1,79,80
WBGene00015360.,0,4,4
WBGene00015361.,10,9,19
WBGene00015362.,18,88,106
WBGene00015364.,23,49,72
WBGene00015366.,2,2,4
WBGene00015367.,1,3,4
WBGene00015368.,11,9,20
WBGene00015369.,4,9,13
WBGene00015371.,7,0,7
WBGene00015372.,0,1,1
WBGene00015373.,2,41,43
WBGene00015374.,1,5,6
WBGene00015375.,1,16,17
WBGene00015376.,3,6,9
WBGene00015377.,3,39,42
WBGene00015378.,11,72,83
WBGene00015379.,0,4,4
WBGene00015380.,0,8,8
WBGene00015381.,2,15,17
WBGene00015382.,1,10,11
WBGene00015385.,0,31,31
WBGene00015386.,112,18,130
WBGene00015387.,26,54,80
WBGene00015388.,0,2,2
WBGene00015389.,18,71,89
WBGene00015390.,22,165,187
WBGene00015391.,167,5175,5342
WBGene00015392.,0,141,141
WBGene00015393.,487,4537,5024
WBGene00015394.,2,2,4
WBGene00015395.,12,29,41
WBGene00015396.,8,95,103
WBGene00015397.,0,11,11
WBGene00015398.,2,539,541
WBGene00015399.,0,1,1
WBGene00015400.,13,85,98
WBGene00015401.,2,11,13
WBGene00015402.,97,516,613
WBGene00015403.,1,33,34
WBGene00015404.,100,1253,1353
WBGene00015405.,153,1413,1566
WBGene00015406.,0,6,6
WBGene00015407.,25,768,793
WBGene00015408.,4,97,101
WBGene00015409.,3,13,16
WBGene00015410.,107,393,500
WBGene00015411.,3,0,3
WBGene00015412.,2,15,17
WBGene00015413.,205,4837,5042
WBGene00015414.,0,1,1
WBGene00015416.,8,23,31
WBGene00015417.,1,5,6
WBGene00015418.,606,2731,3337
WBGene00015419.,2,1,3
WBGene00015421.,1,0,1
WBGene00015422.,2,12,14
WBGene00015423.,13,275,288
WBGene00015424.,25,236,261
WBGene00015425.,182,1189,1371
WBGene00015426.,1,9,10
WBGene00015427.,78,647,725
WBGene00015428.,4,3,7
WBGene00015429.,53,435,488
WBGene00015430.,122,537,659
WBGene00015432.,0,2,2
WBGene00015433.,10,55,65
WBGene00015434.,104,394,498
WBGene00015435.,0,2,2
WBGene00015436.,0,0,0
WBGene00015437.,3,16,19
WBGene00015438.,6,0,6
WBGene00015439.,3,1,4
WBGene00015440.,6,60,66
WBGene00015441.,1,0,1
WBGene00015442.,15,27,42
WBGene00015444.,14,16,30
WBGene00015446.,1,1,2
WBGene00015447.,2,4,6
WBGene00015448.,3,15,18
WBGene00015449.,8,170,178
WBGene00015450.,9,631,640
WBGene00015451.,40,270,310
WBGene00015453.,1,2,3
WBGene00015454.,25,474,499
WBGene00015455.,523,593,1116
WBGene00015456.,0,40,40
WBGene00015457.,1,1,2
WBGene00015458.,0,0,0
WBGene00015459.,1,0,1
WBGene00015460.,9,369,378
WBGene00015461.,192,2381,2573
WBGene00015462.,12,249,261
WBGene00015463.,2,276,278
WBGene00015464.,77,1899,1976
WBGene00015465.,3,4,7
WBGene00015466.,7,453,460
WBGene00015467.,3,7,10
WBGene00015468.,57,343,400
WBGene00015469.,23,76,99
WBGene00015470.,12,603,615
WBGene00015471.,23,77,100
WBGene00015472.,80,1199,1279
WBGene00015473.,67,50,117
WBGene00015474.,58,982,1040
WBGene00015476.,44,213,257
WBGene00015477.,160,2367,2527
WBGene00015478.,22,230,252
WBGene00015479.,2,22,24
WBGene00015480.,58,256,314
WBGene00015481.,90,2505,2595
WBGene00015483.,65,566,631
WBGene00015484.,39,1423,1462
WBGene00015485.,35,538,573
WBGene00015486.,75,514,589
WBGene00015487.,42,3163,3205
WBGene00015488.,156,545,701
WBGene00015489.,9,22,31
WBGene00015491.,0,2,2
WBGene00015492.,5,470,475
WBGene00015493.,4,3,7
WBGene00015494.,59,278,337
WBGene00015495.,1,99,100
WBGene00015496.,3,16,19
WBGene00015497.,10,20,30
WBGene00015499.,95,699,794
WBGene00015500.,10,57,67
WBGene00015501.,184,1462,1646
WBGene00015504.,72,398,470
WBGene00015505.,23,94,117
WBGene00015507.,160,702,862
WBGene00015508.,78,696,774
WBGene00015509.,125,513,638
WBGene00015510.,41,1577,1618
WBGene00015511.,6,43,49
WBGene00015512.,271,2528,2799
WBGene00015513.,53,577,630
WBGene00015514.,1073,13866,14939
WBGene00015515.,47,611,658
WBGene00015516.,3,13,16
WBGene00015517.,154,923,1077
WBGene00015518.,0,88,88
WBGene00015519.,3,194,197
WBGene00015520.,0,12,12
WBGene00015521.,0,0,0
WBGene00015522.,6,22,28
WBGene00015523.,22,409,431
WBGene00015524.,30,407,437
WBGene00015525.,157,1235,1392
WBGene00015526.,1,18,19
WBGene00015527.,12,246,258
WBGene00015528.,4,12,16
WBGene00015529.,23,123,146
WBGene00015530.,0,3,3
WBGene00015531.,39,397,436
WBGene00015532.,6,85,91
WBGene00015533.,0,1,1
WBGene00015534.,2,4,6
WBGene00015535.,2,29,31
WBGene00015536.,16,197,213
WBGene00015537.,10,20,30
WBGene00015538.,7,2835,2842
WBGene00015539.,36,428,464
WBGene00015540.,14,1338,1352
WBGene00015541.,47,367,414
WBGene00015544.,17,27,44
WBGene00015545.,24,139,163
WBGene00015546.,0,31,31
WBGene00015547.,70,1727,1797
WBGene00015549.,10,64,74
WBGene00015550.,6,26,32
WBGene00015551.,536,3012,3548
WBGene00015552.,11,942,953
WBGene00015553.,347,2371,2718
WBGene00015554.,46,286,332
WBGene00015555.,335,1300,1635
WBGene00015557.,32,251,283
WBGene00015558.,5,12,17
WBGene00015559.,62,189,251
WBGene00015560.,16,318,334
WBGene00015561.,150,858,1008
WBGene00015562.,1,9,10
WBGene00015564.,1,1,2
WBGene00015565.,286,2130,2416
WBGene00015566.,27,251,278
WBGene00015567.,59,527,586
WBGene00015568.,12,60,72
WBGene00015569.,11,279,290
WBGene00015570.,3,29,32
WBGene00015572.,0,1,1
WBGene00015573.,1,0,1
WBGene00015574.,1,3,4
WBGene00015575.,2,7,9
WBGene00015576.,13,137,150
WBGene00015577.,36,236,272
WBGene00015578.,1,723,724
WBGene00015579.,0,1265,1265
WBGene00015580.,245,897,1142
WBGene00015581.,319,2149,2468
WBGene00015582.,6,49,55
WBGene00015583.,6,0,6
WBGene00015586.,1,88,89
WBGene00015587.,0,6,6
WBGene00015588.,0,11,11
WBGene00015589.,1,12,13
WBGene00015590.,11,142,153
WBGene00015591.,18,325,343
WBGene00015592.,42,18,60
WBGene00015593.,2,73,75
WBGene00015594.,1,1,2
WBGene00015595.,0,0,0
WBGene00015596.,0,0,0
WBGene00015597.,1,2,3
WBGene00015598.,0,1,1
WBGene00015599.,0,2,2
WBGene00015600.,0,1,1
WBGene00015601.,5,4,9
WBGene00015602.,0,2,2
WBGene00015603.,0,0,0
WBGene00015604.,0,0,0
WBGene00015605.,15,160,175
WBGene00015606.,0,1,1
WBGene00015607.,0,3,3
WBGene00015608.,7,41,48
WBGene00015609.,1,47,48
WBGene00015610.,0,2,2
WBGene00015611.,2,121,123
WBGene00015613.,0,0,0
WBGene00015614.,1,0,1
WBGene00015615.,0,5,5
WBGene00015616.,2,4,6
WBGene00015618.,22,50,72
WBGene00015619.,368,2614,2982
WBGene00015620.,15,110,125
WBGene00015621.,39,373,412
WBGene00015622.,7,16,23
WBGene00015623.,412,6122,6534
WBGene00015624.,10,81,91
WBGene00015625.,11,50,61
WBGene00015626.,9,45,54
WBGene00015627.,1,0,1
WBGene00015628.,0,0,0
WBGene00015629.,3,9,12
WBGene00015630.,6,17,23
WBGene00015631.,2,27,29
WBGene00015632.,177,1516,1693
WBGene00015633.,180,1032,1212
WBGene00015634.,2,16,18
WBGene00015635.,46,510,556
WBGene00015636.,0,2,2
WBGene00015637.,0,1,1
WBGene00015638.,14,191,205
WBGene00015639.,8,21,29
WBGene00015640.,40,170,210
WBGene00015641.,44,445,489
WBGene00015642.,45,222,267
WBGene00015644.,49,417,466
WBGene00015645.,3,23,26
WBGene00015646.,15,100,115
WBGene00015647.,66,681,747
WBGene00015648.,223,543,766
WBGene00015649.,7,36,43
WBGene00015650.,312,1011,1323
WBGene00015651.,172,47,219
WBGene00015652.,1,1,2
WBGene00015653.,0,0,0
WBGene00015654.,2,1,3
WBGene00015655.,0,0,0
WBGene00015656.,1,1,2
WBGene00015658.,232,605,837
WBGene00015660.,5,93,98
WBGene00015661.,0,0,0
WBGene00015662.,0,4,4
WBGene00015663.,0,0,0
WBGene00015664.,2,67,69
WBGene00015665.,2,14,16
WBGene00015666.,16,67,83
WBGene00015667.,1,8,9
WBGene00015668.,2,3,5
WBGene00015670.,7,73,80
WBGene00015671.,22,188,210
WBGene00015672.,5,20,25
WBGene00015673.,75,301,376
WBGene00015675.,49,153,202
WBGene00015676.,12,1007,1019
WBGene00015677.,33,97,130
WBGene00015678.,266,795,1061
WBGene00015679.,14,78,92
WBGene00015680.,109,1715,1824
WBGene00015681.,5,1,6
WBGene00015682.,4,6,10
WBGene00015683.,1,11,12
WBGene00015684.,194,2064,2258
WBGene00015685.,0,1,1
WBGene00015686.,77,97,174
WBGene00015687.,106,6018,6124
WBGene00015688.,0,1,1
WBGene00015689.,0,0,0
WBGene00015690.,4,2,6
WBGene00015691.,49,436,485
WBGene00015692.,49,254,303
WBGene00015693.,16,200,216
WBGene00015694.,8,5,13
WBGene00015695.,50,444,494
WBGene00015696.,2,3,5
WBGene00015697.,18,184,202
WBGene00015698.,0,63,63
WBGene00015700.,0,19,19
WBGene00015701.,12,53,65
WBGene00015702.,11,325,336
WBGene00015703.,12,1447,1459
WBGene00015704.,76,143,219
WBGene00015705.,5,29,34
WBGene00015706.,4,81,85
WBGene00015707.,0,16,16
WBGene00015708.,19,115,134
WBGene00015709.,24,238,262
WBGene00015710.,33,730,763
WBGene00015711.,2,110,112
WBGene00015712.,1,2,3
WBGene00015713.,11,113,124
WBGene00015714.,9,56,65
WBGene00015716.,10,129,139
WBGene00015718.,0,0,0
WBGene00015719.,0,0,0
WBGene00015720.,5,24,29
WBGene00015721.,0,0,0
WBGene00015722.,2,0,2
WBGene00015723.,2,0,2
WBGene00015724.,1,0,1
WBGene00015725.,0,0,0
WBGene00015726.,2,0,2
WBGene00015727.,1,2,3
WBGene00015728.,4,31,35
WBGene00015729.,21,626,647
WBGene00015730.,0,0,0
WBGene00015731.,0,0,0
WBGene00015733.,18,39,57
WBGene00015734.,27,2469,2496
WBGene00015735.,627,1736,2363
WBGene00015736.,1,21,22
WBGene00015737.,0,0,0
WBGene00015738.,1,1,2
WBGene00015739.,15,17,32
WBGene00015740.,77,846,923
WBGene00015741.,390,2147,2537
WBGene00015742.,44,275,319
WBGene00015743.,73,843,916
WBGene00015744.,61,238,299
WBGene00015745.,17,149,166
WBGene00015746.,40,819,859
WBGene00015747.,45,168,213
WBGene00015748.,11,113,124
WBGene00015750.,8,64,72
WBGene00015751.,28,70,98
WBGene00015752.,47,1981,2028
WBGene00015753.,14,129,143
WBGene00015754.,119,1242,1361
WBGene00015755.,1946,20722,22668
WBGene00015756.,7,73,80
WBGene00015757.,4,9,13
WBGene00015758.,5,30,35
WBGene00015759.,33,232,265
WBGene00015760.,1,1,2
WBGene00015761.,2,1,3
WBGene00015762.,1,1,2
WBGene00015763.,16,33,49
WBGene00015764.,8,0,8
WBGene00015765.,0,2,2
WBGene00015766.,1,39,40
WBGene00015767.,50,431,481
WBGene00015768.,8,24,32
WBGene00015769.,11,461,472
WBGene00015770.,0,1,1
WBGene00015771.,0,2,2
WBGene00015772.,0,0,0
WBGene00015773.,2,3,5
WBGene00015774.,3,6,9
WBGene00015775.,2,2,4
WBGene00015776.,73,1113,1186
WBGene00015777.,71,1066,1137
WBGene00015778.,24,11542,11566
WBGene00015779.,180,746,926
WBGene00015780.,1,18,19
WBGene00015781.,114,758,872
WBGene00015782.,5,112,117
WBGene00015783.,7,37,44
WBGene00015784.,2,3,5
WBGene00015785.,0,1,1
WBGene00015786.,234,1081,1315
WBGene00015787.,21,191,212
WBGene00015788.,10,125,135
WBGene00015789.,5,165,170
WBGene00015790.,109,300,409
WBGene00015791.,38,1561,1599
WBGene00015792.,8,21,29
WBGene00015793.,10,129,139
WBGene00015794.,16,80,96
WBGene00015795.,85,655,740
WBGene00015796.,391,1054,1445
WBGene00015797.,30,71,101
WBGene00015798.,14,51,65
WBGene00015799.,15,59,74
WBGene00015800.,428,699,1127
WBGene00015801.,143,860,1003
WBGene00015802.,129,593,722
WBGene00015803.,2099,10676,12775
WBGene00015805.,84,1090,1174
WBGene00015806.,38,508,546
WBGene00015807.,10,157,167
WBGene00015809.,255,2931,3186
WBGene00015810.,11,4608,4619
WBGene00015811.,101,4320,4421
WBGene00015813.,316,2921,3237
WBGene00015814.,168,2557,2725
WBGene00015815.,89,358,447
WBGene00015816.,17,121,138
WBGene00015817.,166,1020,1186
WBGene00015818.,10,89,99
WBGene00015819.,0,108,108
WBGene00015820.,1,4,5
WBGene00015821.,0,2,2
WBGene00015822.,33,41,74
WBGene00015823.,0,1768,1768
WBGene00015824.,3,128,131
WBGene00015825.,0,0,0
WBGene00015826.,1,1,2
WBGene00015827.,0,2,2
WBGene00015828.,1,1,2
WBGene00015829.,0,0,0
WBGene00015830.,0,1,1
WBGene00015832.,0,0,0
WBGene00015833.,1,0,1
WBGene00015834.,1,0,1
WBGene00015835.,1,1,2
WBGene00015836.,1,3,4
WBGene00015837.,3,0,3
WBGene00015838.,0,1,1
WBGene00015839.,1,2,3
WBGene00015840.,0,1,1
WBGene00015841.,19,24,43
WBGene00015842.,15,75,90
WBGene00015843.,71,187,258
WBGene00015845.,0,1,1
WBGene00015846.,0,0,0
WBGene00015847.,0,0,0
WBGene00015848.,0,0,0
WBGene00015849.,24,137,161
WBGene00015850.,5,39,44
WBGene00015851.,24,24,48
WBGene00015852.,0,56,56
WBGene00015853.,36,279,315
WBGene00015854.,0,2,2
WBGene00015855.,2,5,7
WBGene00015856.,0,0,0
WBGene00015857.,11,187,198
WBGene00015858.,3,5,8
WBGene00015859.,4,8,12
WBGene00015860.,13,60,73
WBGene00015861.,29,169,198
WBGene00015862.,12,31,43
WBGene00015863.,5,2,7
WBGene00015864.,27,257,284
WBGene00015865.,77,1083,1160
WBGene00015866.,17,235,252
WBGene00015867.,21,58,79
WBGene00015868.,594,1372,1966
WBGene00015869.,1,0,1
WBGene00015870.,1,0,1
WBGene00015871.,0,0,0
WBGene00015872.,0,0,0
WBGene00015873.,1,1,2
WBGene00015874.,1,0,1
WBGene00015875.,1,1,2
WBGene00015876.,0,5,5
WBGene00015877.,0,2,2
WBGene00015878.,0,2,2
WBGene00015879.,6,3,9
WBGene00015882.,1,1,2
WBGene00015883.,2,0,2
WBGene00015884.,0,2,2
WBGene00015885.,7,351,358
WBGene00015886.,1,6,7
WBGene00015887.,37,1509,1546
WBGene00015888.,0,0,0
WBGene00015889.,3,4,7
WBGene00015890.,2,49,51
WBGene00015891.,3,9,12
WBGene00015892.,2,0,2
WBGene00015893.,1,0,1
WBGene00015894.,407,7839,8246
WBGene00015895.,0,0,0
WBGene00015896.,0,77,77
WBGene00015897.,31,166,197
WBGene00015898.,4,2,6
WBGene00015899.,0,0,0
WBGene00015900.,10,23,33
WBGene00015901.,41,94,135
WBGene00015902.,2,14,16
WBGene00015903.,1,0,1
WBGene00015904.,0,0,0
WBGene00015905.,0,2,2
WBGene00015906.,2,2,4
WBGene00015907.,0,0,0
WBGene00015908.,1,14,15
WBGene00015909.,0,0,0
WBGene00015910.,0,4,4
WBGene00015911.,0,1,1
WBGene00015912.,2,27,29
WBGene00015913.,91,425,516
WBGene00015914.,24,43,67
WBGene00015915.,72,627,699
WBGene00015916.,168,1298,1466
WBGene00015917.,0,10,10
WBGene00015918.,24,46,70
WBGene00015919.,5,229,234
WBGene00015920.,84,4372,4456
WBGene00015921.,54,114,168
WBGene00015922.,36,254,290
WBGene00015924.,1,1,2
WBGene00015925.,58,68,126
WBGene00015926.,262,889,1151
WBGene00015927.,259,1942,2201
WBGene00015928.,169,447,616
WBGene00015929.,1,11,12
WBGene00015930.,10,63,73
WBGene00015931.,2,5,7
WBGene00015932.,1,5,6
WBGene00015933.,19,76,95
WBGene00015934.,37,377,414
WBGene00015935.,184,424,608
WBGene00015936.,66,123,189
WBGene00015937.,8,19,27
WBGene00015938.,170,936,1106
WBGene00015939.,9,77,86
WBGene00015940.,14,395,409
WBGene00015941.,316,2424,2740
WBGene00015942.,78,745,823
WBGene00015943.,54,3045,3099
WBGene00015944.,5,11,16
WBGene00015945.,256,480,736
WBGene00015946.,12,36,48
WBGene00015947.,103,567,670
WBGene00015948.,123,810,933
WBGene00015949.,5,25,30
WBGene00015950.,12,26,38
WBGene00015952.,19,122,141
WBGene00015953.,31,109,140
WBGene00015954.,1809,12272,14081
WBGene00015955.,26,1150,1176
WBGene00015956.,35,218,253
WBGene00015957.,16,69,85
WBGene00015958.,0,1,1
WBGene00015959.,0,0,0
WBGene00015960.,0,0,0
WBGene00015961.,0,0,0
WBGene00015962.,2,3,5
WBGene00015963.,13,97,110
WBGene00015964.,42,28,70
WBGene00015965.,13,69,82
WBGene00015968.,191,599,790
WBGene00015969.,38,188,226
WBGene00015970.,0,21,21
WBGene00015971.,158,799,957
WBGene00015972.,90,520,610
WBGene00015974.,179,128,307
WBGene00015975.,10,536,546
WBGene00015976.,68,421,489
WBGene00015977.,2,32,34
WBGene00015978.,20,877,897
WBGene00015979.,1,1,2
WBGene00015980.,191,944,1135
WBGene00015981.,31,28,59
WBGene00015982.,6,0,6
WBGene00015984.,7,30,37
WBGene00015985.,7,8,15
WBGene00015986.,3,2,5
WBGene00015987.,2,0,2
WBGene00015988.,3,9,12
WBGene00015989.,5,181,186
WBGene00015990.,3,6,9
WBGene00015991.,2,7,9
WBGene00015992.,3,8,11
WBGene00015993.,54,218,272
WBGene00015994.,5,2,7
WBGene00015996.,6,55,61
WBGene00015997.,0,0,0
WBGene00015998.,5,24,29
WBGene00015999.,18,117,135
WBGene00016000.,9,15,24
WBGene00016002.,163,1530,1693
WBGene00016003.,20,30,50
WBGene00016004.,4,117,121
WBGene00016005.,14,161,175
WBGene00016006.,473,3913,4386
WBGene00016008.,6,5,11
WBGene00016009.,22,854,876
WBGene00016010.,32,19,51
WBGene00016011.,739,3522,4261
WBGene00016012.,17,232,249
WBGene00016013.,17,105,122
WBGene00016014.,56,891,947
WBGene00016015.,81,1559,1640
WBGene00016016.,5,22,27
WBGene00016017.,33,339,372
WBGene00016018.,156,762,918
WBGene00016019.,19,514,533
WBGene00016020.,145,932,1077
WBGene00016021.,77,622,699
WBGene00016022.,18,298,316
WBGene00016023.,5,37,42
WBGene00016024.,41,294,335
WBGene00016025.,6,77,83
WBGene00016027.,23,97,120
WBGene00016028.,75,2140,2215
WBGene00016029.,90,6,96
WBGene00016030.,18,325,343
WBGene00016032.,104,21,125
WBGene00016033.,31,10015,10046
WBGene00016034.,16,74,90
WBGene00016037.,91,29,120
WBGene00016038.,7,260,267
WBGene00016039.,1,69,70
WBGene00016040.,0,15,15
WBGene00016044.,150,379,529
WBGene00016045.,79,642,721
WBGene00016046.,1,55,56
WBGene00016047.,3,2,5
WBGene00016048.,7,173,180
WBGene00016049.,2,2,4
WBGene00016050.,0,1,1
WBGene00016051.,0,0,0
WBGene00016052.,32,412,444
WBGene00016053.,6,34,40
WBGene00016054.,3,2,5
WBGene00016055.,80,727,807
WBGene00016056.,2,20,22
WBGene00016057.,165,2534,2699
WBGene00016058.,0,1,1
WBGene00016059.,167,800,967
WBGene00016060.,146,682,828
WBGene00016061.,11,92,103
WBGene00016062.,11,2721,2732
WBGene00016063.,0,7,7
WBGene00016064.,8,30,38
WBGene00016066.,49,63,112
WBGene00016067.,54,503,557
WBGene00016068.,34,283,317
WBGene00016069.,14,226,240
WBGene00016070.,0,11,11
WBGene00016071.,3,26,29
WBGene00016072.,13,53,66
WBGene00016073.,183,3324,3507
WBGene00016074.,37,294,331
WBGene00016075.,3,0,3
WBGene00016076.,0,0,0
WBGene00016077.,0,2,2
WBGene00016078.,0,0,0
WBGene00016080.,1,5,6
WBGene00016081.,62,385,447
WBGene00016082.,0,0,0
WBGene00016083.,1,1,2
WBGene00016084.,2,6,8
WBGene00016085.,1,5,6
WBGene00016087.,3,110,113
WBGene00016088.,8,15,23
WBGene00016089.,10,5,15
WBGene00016090.,31,36,67
WBGene00016091.,6,12,18
WBGene00016092.,0,3,3
WBGene00016093.,61,455,516
WBGene00016094.,42,178,220
WBGene00016095.,42,345,387
WBGene00016096.,1,88,89
WBGene00016097.,12,519,531
WBGene00016099.,39,195,234
WBGene00016100.,9,129,138
WBGene00016101.,14,383,397
WBGene00016102.,3,249,252
WBGene00016103.,192,2379,2571
WBGene00016104.,61,368,429
WBGene00016105.,0,3,3
WBGene00016106.,5,60,65
WBGene00016107.,12,51,63
WBGene00016108.,32,34,66
WBGene00016109.,31,162,193
WBGene00016110.,6,63,69
WBGene00016111.,15,461,476
WBGene00016112.,12,189,201
WBGene00016113.,44,969,1013
WBGene00016114.,75,1240,1315
WBGene00016115.,712,8168,8880
WBGene00016116.,100,1208,1308
WBGene00016118.,920,10118,11038
WBGene00016119.,149,2092,2241
WBGene00016120.,206,1275,1481
WBGene00016121.,89,756,845
WBGene00016123.,48,266,314
WBGene00016124.,77,629,706
WBGene00016125.,0,25,25
WBGene00016126.,13,57,70
WBGene00016128.,8,575,583
WBGene00016129.,115,1917,2032
WBGene00016130.,2,2,4
WBGene00016131.,55,253,308
WBGene00016132.,6,0,6
WBGene00016133.,13,308,321
WBGene00016134.,25,90,115
WBGene00016135.,25,136,161
WBGene00016136.,0,1,1
WBGene00016137.,0,7,7
WBGene00016138.,71,887,958
WBGene00016139.,45,374,419
WBGene00016140.,63,1871,1934
WBGene00016142.,58,2635,2693
WBGene00016143.,131,950,1081
WBGene00016144.,143,1005,1148
WBGene00016145.,46,1094,1140
WBGene00016146.,5,26,31
WBGene00016147.,8,70,78
WBGene00016148.,101,752,853
WBGene00016149.,16,113,129
WBGene00016150.,97,585,682
WBGene00016151.,100,824,924
WBGene00016152.,33,181,214
WBGene00016153.,0,6,6
WBGene00016154.,101,641,742
WBGene00016155.,1,29,30
WBGene00016156.,4,206,210
WBGene00016157.,139,573,712
WBGene00016158.,66,806,872
WBGene00016159.,41,237,278
WBGene00016160.,3,3,6
WBGene00016161.,2,4,6
WBGene00016162.,213,1886,2099
WBGene00016163.,4,55,59
WBGene00016164.,0,3,3
WBGene00016165.,74,136,210
WBGene00016166.,104,1577,1681
WBGene00016167.,49,802,851
WBGene00016168.,0,1,1
WBGene00016169.,21,148,169
WBGene00016170.,120,1481,1601
WBGene00016171.,106,642,748
WBGene00016172.,270,696,966
WBGene00016173.,395,4338,4733
WBGene00016174.,20,87,107
WBGene00016175.,16,52,68
WBGene00016177.,7,14,21
WBGene00016178.,18,118,136
WBGene00016179.,0,8,8
WBGene00016180.,0,224,224
WBGene00016181.,10,62,72
WBGene00016182.,27,387,414
WBGene00016183.,4,0,4
WBGene00016184.,63,275,338
WBGene00016185.,1,0,1
WBGene00016187.,8,162,170
WBGene00016188.,111,874,985
WBGene00016189.,0,22,22
WBGene00016190.,2,130,132
WBGene00016191.,7,19,26
WBGene00016192.,8,960,968
WBGene00016193.,38,31,69
WBGene00016194.,90,5755,5845
WBGene00016195.,7,2528,2535
WBGene00016196.,7,4,11
WBGene00016197.,928,2615,3543
WBGene00016198.,6,12,18
WBGene00016199.,5,17,22
WBGene00016200.,63,940,1003
WBGene00016201.,40,1032,1072
WBGene00016202.,19,702,721
WBGene00016203.,130,584,714
WBGene00016204.,6,88,94
WBGene00016206.,13,21,34
WBGene00016207.,32,239,271
WBGene00016208.,4,416,420
WBGene00016209.,341,3574,3915
WBGene00016210.,442,6148,6590
WBGene00016211.,78,322,400
WBGene00016212.,16,167,183
WBGene00016213.,0,0,0
WBGene00016215.,18,546,564
WBGene00016216.,42,350,392
WBGene00016217.,5,36,41
WBGene00016218.,10,12,22
WBGene00016219.,7,14,21
WBGene00016220.,0,1,1
WBGene00016221.,45,283,328
WBGene00016222.,2,2,4
WBGene00016223.,0,0,0
WBGene00016224.,1,3,4
WBGene00016225.,0,1,1
WBGene00016226.,0,2,2
WBGene00016227.,0,2,2
WBGene00016230.,0,4,4
WBGene00016231.,3,4,7
WBGene00016232.,0,5,5
WBGene00016233.,0,4,4
WBGene00016234.,35,211,246
WBGene00016235.,13,1585,1598
WBGene00016236.,10,79,89
WBGene00016237.,31,629,660
WBGene00016238.,14,1086,1100
WBGene00016239.,3,75,78
WBGene00016242.,6,25,31
WBGene00016244.,203,1528,1731
WBGene00016245.,52,832,884
WBGene00016246.,43,171,214
WBGene00016247.,2,12,14
WBGene00016248.,23,177,200
WBGene00016249.,322,2467,2789
WBGene00016250.,85,5826,5911
WBGene00016253.,6,60,66
WBGene00016254.,0,11,11
WBGene00016255.,19,22,41
WBGene00016257.,1,1,2
WBGene00016258.,98,3921,4019
WBGene00016259.,7,26,33
WBGene00016260.,21,164,185
WBGene00016261.,50,515,565
WBGene00016262.,20,102,122
WBGene00016263.,1,48,49
WBGene00016264.,359,2891,3250
WBGene00016265.,4,49,53
WBGene00016266.,997,4942,5939
WBGene00016268.,9,25,34
WBGene00016269.,443,2048,2491
WBGene00016271.,18259,2,18261
WBGene00016273.,1,6,7
WBGene00016274.,2,39,41
WBGene00016276.,3,86,89
WBGene00016277.,14,109,123
WBGene00016278.,118,932,1050
WBGene00016279.,0,3,3
WBGene00016280.,4,1,5
WBGene00016281.,4,4,8
WBGene00016282.,13,137,150
WBGene00016283.,22,134,156
WBGene00016284.,1,0,1
WBGene00016285.,2,1,3
WBGene00016286.,4,7,11
WBGene00016287.,1,0,1
WBGene00016288.,8,14,22
WBGene00016289.,2536,6091,8627
WBGene00016291.,10,63,73
WBGene00016292.,182,684,866
WBGene00016293.,39,242,281
WBGene00016294.,46,89,135
WBGene00016295.,16,119,135
WBGene00016296.,0,0,0
WBGene00016297.,0,1,1
WBGene00016298.,0,2,2
WBGene00016299.,0,0,0
WBGene00016300.,3,2,5
WBGene00016301.,2,23,25
WBGene00016302.,2,8,10
WBGene00016303.,1,17,18
WBGene00016304.,19,99,118
WBGene00016305.,11,44,55
WBGene00016306.,1,1,2
WBGene00016307.,0,3,3
WBGene00016308.,5,15,20
WBGene00016309.,0,1,1
WBGene00016310.,44,357,401
WBGene00016311.,53,959,1012
WBGene00016312.,2,9,11
WBGene00016313.,21,511,532
WBGene00016314.,4,86,90
WBGene00016315.,24,286,310
WBGene00016316.,202,4486,4688
WBGene00016317.,16,377,393
WBGene00016318.,68,919,987
WBGene00016319.,48,445,493
WBGene00016320.,3,8,11
WBGene00016321.,462,2153,2615
WBGene00016322.,0,1,1
WBGene00016323.,157,918,1075
WBGene00016324.,12,21,33
WBGene00016325.,171,1816,1987
WBGene00016326.,161,1499,1660
WBGene00016327.,1,1,2
WBGene00016328.,19,62,81
WBGene00016329.,4,4,8
WBGene00016330.,215,952,1167
WBGene00016331.,109,1038,1147
WBGene00016332.,24,233,257
WBGene00016333.,433,3447,3880
WBGene00016334.,0,0,0
WBGene00016335.,13,21,34
WBGene00016336.,0,0,0
WBGene00016337.,0,0,0
WBGene00016338.,3,5,8
WBGene00016339.,1,3,4
WBGene00016340.,9,16,25
WBGene00016341.,10,460,470
WBGene00016343.,96,350,446
WBGene00016344.,15,100,115
WBGene00016345.,0,64,64
WBGene00016346.,0,19,19
WBGene00016347.,7,0,7
WBGene00016349.,0,8,8
WBGene00016350.,0,1,1
WBGene00016351.,0,0,0
WBGene00016352.,30,226,256
WBGene00016353.,2,51,53
WBGene00016354.,377,842,1219
WBGene00016355.,53,559,612
WBGene00016356.,3,10,13
WBGene00016357.,0,0,0
WBGene00016358.,0,0,0
WBGene00016359.,2,194,196
WBGene00016360.,24,209,233
WBGene00016361.,2,12,14
WBGene00016362.,132,11910,12042
WBGene00016363.,16,55,71
WBGene00016364.,39,187,226
WBGene00016365.,11,69,80
WBGene00016366.,13,90,103
WBGene00016367.,10,40,50
WBGene00016368.,21,77,98
WBGene00016369.,0,2,2
WBGene00016370.,2,0,2
WBGene00016371.,2,2,4
WBGene00016373.,13,74,87
WBGene00016374.,109,848,957
WBGene00016375.,5,408,413
WBGene00016376.,12,501,513
WBGene00016378.,100,876,976
WBGene00016379.,28,432,460
WBGene00016380.,34,502,536
WBGene00016381.,30,268,298
WBGene00016382.,4,3,7
WBGene00016383.,24,499,523
WBGene00016384.,116,1314,1430
WBGene00016386.,29,12,41
WBGene00016387.,49,429,478
WBGene00016388.,0,0,0
WBGene00016389.,0,1,1
WBGene00016390.,24,470,494
WBGene00016391.,194,1858,2052
WBGene00016392.,9,360,369
WBGene00016393.,385,11208,11593
WBGene00016394.,26,30,56
WBGene00016395.,750,4411,5161
WBGene00016396.,140,282,422
WBGene00016397.,37,95,132
WBGene00016398.,1,7,8
WBGene00016399.,0,0,0
WBGene00016400.,99,843,942
WBGene00016402.,11,48,59
WBGene00016403.,221,567,788
WBGene00016404.,46,269,315
WBGene00016405.,190,3634,3824
WBGene00016406.,57,453,510
WBGene00016407.,474,1068,1542
WBGene00016408.,113,1182,1295
WBGene00016409.,83,621,704
WBGene00016410.,5,20,25
WBGene00016411.,66,1617,1683
WBGene00016412.,23,1668,1691
WBGene00016413.,0,3,3
WBGene00016414.,0,0,0
WBGene00016415.,334,2658,2992
WBGene00016416.,7,44,51
WBGene00016417.,83,468,551
WBGene00016418.,105,284,389
WBGene00016419.,41,520,561
WBGene00016420.,0,3,3
WBGene00016421.,10,126,136
WBGene00016422.,43,3407,3450
WBGene00016423.,69,400,469
WBGene00016424.,20,65,85
WBGene00016425.,0,14,14
WBGene00016427.,120,186,306
WBGene00016428.,39,392,431
WBGene00016429.,9,98,107
WBGene00016430.,1,0,1
WBGene00016431.,10,26,36
WBGene00016432.,1035,1421,2456
WBGene00016433.,0,0,0
WBGene00016434.,0,1,1
WBGene00016435.,229,2632,2861
WBGene00016436.,4,106,110
WBGene00016437.,12,7,19
WBGene00016438.,49,352,401
WBGene00016439.,64,976,1040
WBGene00016440.,1,15,16
WBGene00016441.,1,10,11
WBGene00016442.,36,1204,1240
WBGene00016443.,77,499,576
WBGene00016444.,69,340,409
WBGene00016445.,17,52,69
WBGene00016446.,37,949,986
WBGene00016447.,0,0,0
WBGene00016448.,52,252,304
WBGene00016449.,23,1637,1660
WBGene00016450.,0,25,25
WBGene00016451.,1,8,9
WBGene00016452.,137,960,1097
WBGene00016453.,5,77,82
WBGene00016454.,37,326,363
WBGene00016455.,1,12,13
WBGene00016456.,11,838,849
WBGene00016457.,0,46,46
WBGene00016458.,53,986,1039
WBGene00016459.,0,1,1
WBGene00016460.,10,57,67
WBGene00016461.,9,19,28
WBGene00016462.,3,18,21
WBGene00016463.,16,535,551
WBGene00016464.,5,10,15
WBGene00016465.,1,9,10
WBGene00016466.,6,29,35
WBGene00016467.,16,186,202
WBGene00016468.,7,17,24
WBGene00016469.,39,777,816
WBGene00016470.,2,0,2
WBGene00016471.,2,7,9
WBGene00016472.,0,5,5
WBGene00016473.,0,0,0
WBGene00016474.,1,2,3
WBGene00016475.,0,1,1
WBGene00016476.,2,1,3
WBGene00016477.,2,5,7
WBGene00016478.,5,5,10
WBGene00016479.,2,0,2
WBGene00016480.,4,10,14
WBGene00016481.,1,0,1
WBGene00016483.,0,5,5
WBGene00016484.,0,2,2
WBGene00016485.,0,2,2
WBGene00016486.,0,0,0
WBGene00016487.,0,3,3
WBGene00016488.,15,36,51
WBGene00016489.,212,1033,1245
WBGene00016490.,43,518,561
WBGene00016491.,11,22,33
WBGene00016492.,46,215,261
WBGene00016493.,33637,149209,182846
WBGene00016494.,207,1960,2167
WBGene00016495.,8,458,466
WBGene00016496.,167,5818,5985
WBGene00016497.,2,1,3
WBGene00016499.,51,299,350
WBGene00016500.,13,600,613
WBGene00016501.,21,861,882
WBGene00016502.,0,15,15
WBGene00016503.,3,138,141
WBGene00016504.,2,430,432
WBGene00016505.,4,661,665
WBGene00016506.,23,126,149
WBGene00016507.,79,440,519
WBGene00016508.,346,2439,2785
WBGene00016509.,186,7696,7882
WBGene00016511.,215,3179,3394
WBGene00016512.,11,9,20
WBGene00016513.,49,1222,1271
WBGene00016514.,17,76,93
WBGene00016516.,2,3,5
WBGene00016517.,0,23,23
WBGene00016518.,24,14,38
WBGene00016519.,2,1,3
WBGene00016520.,11,73,84
WBGene00016521.,1,6,7
WBGene00016522.,11,163,174
WBGene00016523.,5,8,13
WBGene00016524.,67,391,458
WBGene00016525.,0,4,4
WBGene00016526.,1,3,4
WBGene00016527.,1,4,5
WBGene00016528.,0,1,1
WBGene00016529.,0,2,2
WBGene00016530.,87,500,587
WBGene00016531.,209,943,1152
WBGene00016532.,17,189,206
WBGene00016533.,61,494,555
WBGene00016534.,5,20,25
WBGene00016535.,5,676,681
WBGene00016537.,0,0,0
WBGene00016538.,46,181,227
WBGene00016539.,308,1039,1347
WBGene00016540.,66,191,257
WBGene00016541.,1,4,5
WBGene00016542.,34,112,146
WBGene00016543.,1,12,13
WBGene00016544.,1,4,5
WBGene00016545.,4,30,34
WBGene00016546.,3,26,29
WBGene00016547.,5,106,111
WBGene00016548.,1,1,2
WBGene00016549.,3,28,31
WBGene00016550.,2,0,2
WBGene00016551.,0,2,2
WBGene00016553.,19,195,214
WBGene00016554.,0,0,0
WBGene00016555.,2,16,18
WBGene00016556.,2,1,3
WBGene00016557.,0,1,1
WBGene00016558.,9,38,47
WBGene00016559.,24,148,172
WBGene00016561.,319,665,984
WBGene00016562.,1582,2645,4227
WBGene00016564.,21,273,294
WBGene00016565.,0,9,9
WBGene00016566.,61,377,438
WBGene00016567.,3,147,150
WBGene00016568.,49,211,260
WBGene00016570.,50,350,400
WBGene00016572.,4,6,10
WBGene00016573.,1,200,201
WBGene00016574.,12,319,331
WBGene00016575.,5,218,223
WBGene00016576.,3,332,335
WBGene00016577.,1,2,3
WBGene00016578.,0,3,3
WBGene00016579.,26,116,142
WBGene00016580.,31,109,140
WBGene00016581.,5,6,11
WBGene00016582.,36,467,503
WBGene00016583.,23,1018,1041
WBGene00016585.,23,37,60
WBGene00016586.,2,119,121
WBGene00016587.,13,17,30
WBGene00016588.,0,58,58
WBGene00016589.,1,588,589
WBGene00016590.,91,482,573
WBGene00016591.,23,566,589
WBGene00016592.,25,187,212
WBGene00016594.,66,2161,2227
WBGene00016595.,4,15,19
WBGene00016596.,4,101,105
WBGene00016597.,1,4,5
WBGene00016598.,1,9,10
WBGene00016599.,9,17,26
WBGene00016600.,104,56,160
WBGene00016601.,264,2284,2548
WBGene00016602.,17,337,354
WBGene00016603.,285,2073,2358
WBGene00016605.,4,22,26
WBGene00016606.,101,751,852
WBGene00016607.,265,2527,2792
WBGene00016608.,32,395,427
WBGene00016609.,97,144,241
WBGene00016610.,88,723,811
WBGene00016611.,404,3018,3422
WBGene00016612.,5,21,26
WBGene00016613.,32,227,259
WBGene00016614.,54,378,432
WBGene00016616.,10,420,430
WBGene00016617.,45,356,401
WBGene00016619.,17,75,92
WBGene00016620.,45,437,482
WBGene00016621.,51,330,381
WBGene00016622.,28,789,817
WBGene00016623.,62,422,484
WBGene00016624.,306,1562,1868
WBGene00016625.,6,41,47
WBGene00016626.,57,883,940
WBGene00016627.,1,3,4
WBGene00016628.,64,222,286
WBGene00016629.,55,459,514
WBGene00016630.,423,20136,20559
WBGene00016631.,42,215,257
WBGene00016632.,19,95,114
WBGene00016633.,4,52,56
WBGene00016634.,123,515,638
WBGene00016635.,0,2458,2458
WBGene00016636.,3,3,6
WBGene00016637.,16,60,76
WBGene00016638.,1,0,1
WBGene00016639.,16,20,36
WBGene00016641.,35,1627,1662
WBGene00016642.,37,344,381
WBGene00016643.,65,602,667
WBGene00016644.,6,242,248
WBGene00016645.,71,1231,1302
WBGene00016646.,0,0,0
WBGene00016647.,0,0,0
WBGene00016648.,0,0,0
WBGene00016649.,0,0,0
WBGene00016650.,496,5133,5629
WBGene00016652.,44,280,324
WBGene00016653.,80,8054,8134
WBGene00016654.,151,256,407
WBGene00016655.,238,2580,2818
WBGene00016657.,34,186,220
WBGene00016658.,0,0,0
WBGene00016659.,24,543,567
WBGene00016660.,0,3,3
WBGene00016661.,130,566,696
WBGene00016662.,1,1,2
WBGene00016663.,32,362,394
WBGene00016664.,10,129,139
WBGene00016665.,2,3,5
WBGene00016666.,1,4,5
WBGene00016667.,21,135,156
WBGene00016668.,0,0,0
WBGene00016669.,0,0,0
WBGene00016670.,4,15,19
WBGene00016671.,9,178,187
WBGene00016673.,2,3,5
WBGene00016674.,38,467,505
WBGene00016675.,0,2,2
WBGene00016676.,15,485,500
WBGene00016677.,145,1771,1916
WBGene00016678.,132,551,683
WBGene00016679.,3,79,82
WBGene00016680.,0,0,0
WBGene00016681.,0,0,0
WBGene00016682.,13,61,74
WBGene00016683.,36,49,85
WBGene00016684.,14,634,648
WBGene00016685.,1,1,2
WBGene00016686.,1,2,3
WBGene00016687.,1,0,1
WBGene00016688.,5,8,13
WBGene00016689.,0,0,0
WBGene00016690.,1,0,1
WBGene00016691.,0,0,0
WBGene00016692.,1,3,4
WBGene00016693.,4,1,5
WBGene00016694.,0,0,0
WBGene00016695.,0,5,5
WBGene00016696.,1,8,9
WBGene00016697.,7,15,22
WBGene00016698.,1,1,2
WBGene00016699.,0,5,5
WBGene00016700.,11,20,31
WBGene00016701.,4,66,70
WBGene00016702.,72,575,647
WBGene00016703.,22,205,227
WBGene00016704.,35,368,403
WBGene00016705.,35,73,108
WBGene00016706.,141,2357,2498
WBGene00016707.,1,4,5
WBGene00016708.,0,0,0
WBGene00016709.,0,0,0
WBGene00016710.,19,391,410
WBGene00016711.,3,36,39
WBGene00016712.,0,0,0
WBGene00016713.,0,0,0
WBGene00016714.,1,18,19
WBGene00016716.,920,4903,5823
WBGene00016717.,2,9,11
WBGene00016718.,0,0,0
WBGene00016719.,1,7,8
WBGene00016720.,0,0,0
WBGene00016721.,51,322,373
WBGene00016722.,4458,8807,13265
WBGene00016724.,4,25,29
WBGene00016725.,100,214,314
WBGene00016727.,7,2,9
WBGene00016728.,14,96,110
WBGene00016729.,2,7,9
WBGene00016730.,18,84,102
WBGene00016731.,1,0,1
WBGene00016732.,1,6,7
WBGene00016733.,37,333,370
WBGene00016734.,34,869,903
WBGene00016735.,44,562,606
WBGene00016737.,0,2,2
WBGene00016738.,0,296,296
WBGene00016739.,116,4176,4292
WBGene00016740.,23,746,769
WBGene00016741.,54,493,547
WBGene00016742.,10,8,18
WBGene00016743.,7,2,9
WBGene00016744.,40,178,218
WBGene00016745.,12,94,106
WBGene00016746.,498,5780,6278
WBGene00016747.,13,93,106
WBGene00016748.,23,110,133
WBGene00016749.,140,2606,2746
WBGene00016750.,51,742,793
WBGene00016751.,149,858,1007
WBGene00016752.,0,11,11
WBGene00016753.,0,0,0
WBGene00016754.,230,1317,1547
WBGene00016755.,1,1,2
WBGene00016756.,7,7,14
WBGene00016757.,9,29,38
WBGene00016758.,14,42,56
WBGene00016759.,2,45,47
WBGene00016760.,2,46,48
WBGene00016761.,7,78,85
WBGene00016762.,9,131,140
WBGene00016763.,23,375,398
WBGene00016764.,86,492,578
WBGene00016765.,1,0,1
WBGene00016766.,4,294,298
WBGene00016767.,4,122,126
WBGene00016768.,47,211,258
WBGene00016769.,36,101,137
WBGene00016770.,2,1,3
WBGene00016772.,1,15,16
WBGene00016773.,1,1,2
WBGene00016775.,0,1,1
WBGene00016776.,0,0,0
WBGene00016777.,0,1,1
WBGene00016778.,1,0,1
WBGene00016779.,1,3,4
WBGene00016781.,47,14210,14257
WBGene00016782.,0,151,151
WBGene00016783.,5,23,28
WBGene00016785.,6,7,13
WBGene00016786.,1,1,2
WBGene00016788.,196,555,751
WBGene00016789.,1,5,6
WBGene00016790.,612,7349,7961
WBGene00016791.,34,355,389
WBGene00016792.,137,1102,1239
WBGene00016793.,59,1012,1071
WBGene00016794.,63,595,658
WBGene00016795.,0,22,22
WBGene00016796.,32,136,168
WBGene00016797.,52,61,113
WBGene00016798.,1,0,1
WBGene00016799.,14,97,111
WBGene00016800.,11,70,81
WBGene00016801.,32,739,771
WBGene00016803.,15,877,892
WBGene00016804.,0,6,6
WBGene00016805.,5,39,44
WBGene00016806.,4,134,138
WBGene00016807.,0,1,1
WBGene00016808.,96,2993,3089
WBGene00016809.,31,337,368
WBGene00016810.,16,421,437
WBGene00016811.,66,387,453
WBGene00016812.,75,440,515
WBGene00016813.,0,1,1
WBGene00016815.,0,0,0
WBGene00016816.,41,297,338
WBGene00016817.,21,120,141
WBGene00016818.,6,9,15
WBGene00016820.,1,14,15
WBGene00016821.,0,0,0
WBGene00016822.,0,0,0
WBGene00016823.,0,0,0
WBGene00016824.,1,3,4
WBGene00016825.,0,3,3
WBGene00016826.,5,0,5
WBGene00016827.,5,0,5
WBGene00016828.,13,10,23
WBGene00016829.,1,1,2
WBGene00016830.,1,4,5
WBGene00016831.,1,4,5
WBGene00016832.,1,7,8
WBGene00016833.,2,4,6
WBGene00016834.,3,1,4
WBGene00016835.,43,157,200
WBGene00016836.,110,615,725
WBGene00016837.,90,1636,1726
WBGene00016838.,241,1857,2098
WBGene00016839.,2,7,9
WBGene00016840.,75,362,437
WBGene00016841.,79,473,552
WBGene00016842.,4,95,99
WBGene00016843.,4,4,8
WBGene00016844.,82,2057,2139
WBGene00016845.,0,48,48
WBGene00016846.,173,995,1168
WBGene00016847.,5,7,12
WBGene00016848.,12,60,72
WBGene00016849.,17,133,150
WBGene00016850.,0,0,0
WBGene00016851.,0,1,1
WBGene00016852.,1,4,5
WBGene00016853.,0,0,0
WBGene00016854.,0,2,2
WBGene00016855.,2,43,45
WBGene00016856.,1,3,4
WBGene00016857.,2,3,5
WBGene00016858.,7,10,17
WBGene00016859.,2,1,3
WBGene00016860.,44,251,295
WBGene00016861.,0,5,5
WBGene00016862.,74,339,413
WBGene00016863.,1,6,7
WBGene00016864.,2,0,2
WBGene00016865.,3,26,29
WBGene00016866.,36,155,191
WBGene00016867.,53,772,825
WBGene00016868.,56,142,198
WBGene00016869.,1,35,36
WBGene00016870.,1,2,3
WBGene00016871.,170,822,992
WBGene00016872.,8,69,77
WBGene00016873.,9,34,43
WBGene00016874.,5,38,43
WBGene00016877.,11,26,37
WBGene00016879.,89,614,703
WBGene00016880.,0,2,2
WBGene00016881.,0,0,0
WBGene00016882.,0,1,1
WBGene00016883.,0,13,13
WBGene00016884.,0,0,0
WBGene00016885.,0,0,0
WBGene00016886.,0,0,0
WBGene00016888.,374,2456,2830
WBGene00016889.,183,1718,1901
WBGene00016890.,24,83,107
WBGene00016891.,4,3,7
WBGene00016892.,24,760,784
WBGene00016893.,1,2,3
WBGene00016894.,6,661,667
WBGene00016895.,0,0,0
WBGene00016896.,12,35,47
WBGene00016898.,209,2607,2816
WBGene00016899.,12,45,57
WBGene00016900.,66,102,168
WBGene00016901.,0,1,1
WBGene00016902.,273,924,1197
WBGene00016903.,81,501,582
WBGene00016905.,65,473,538
WBGene00016906.,25,115,140
WBGene00016907.,27,3321,3348
WBGene00016909.,25,43,68
WBGene00016911.,33,647,680
WBGene00016912.,0,51,51
WBGene00016913.,204,5191,5395
WBGene00016914.,15,109,124
WBGene00016915.,4,4,8
WBGene00016916.,15,525,540
WBGene00016917.,8,63,71
WBGene00016918.,1844,7498,9342
WBGene00016919.,104,326,430
WBGene00016920.,64,300,364
WBGene00016921.,5,15,20
WBGene00016922.,10,13,23
WBGene00016923.,82,1182,1264
WBGene00016924.,0,0,0
WBGene00016925.,3,3,6
WBGene00016926.,3,24,27
WBGene00016927.,5,17,22
WBGene00016928.,8,11,19
WBGene00016929.,1,8,9
WBGene00016930.,45,126,171
WBGene00016931.,3,19,22
WBGene00016932.,30,63,93
WBGene00016933.,0,19,19
WBGene00016934.,42,2098,2140
WBGene00016935.,32,164,196
WBGene00016937.,33,407,440
WBGene00016938.,13,33,46
WBGene00016939.,3,15,18
WBGene00016940.,0,0,0
WBGene00016941.,2,21,23
WBGene00016942.,34,99,133
WBGene00016943.,339,11766,12105
WBGene00016944.,22,496,518
WBGene00016945.,15,71,86
WBGene00016946.,0,3,3
WBGene00016947.,9,117,126
WBGene00016948.,0,2,2
WBGene00016949.,1,2,3
WBGene00016950.,0,0,0
WBGene00016951.,24,44,68
WBGene00016953.,2,4,6
WBGene00016954.,1,2,3
WBGene00016955.,83,569,652
WBGene00016956.,2,4,6
WBGene00016957.,113,246,359
WBGene00016958.,55,318,373
WBGene00016959.,0,0,0
WBGene00016960.,37,264,301
WBGene00016961.,179,3780,3959
WBGene00016962.,1,50,51
WBGene00016963.,0,11,11
WBGene00016964.,78,618,696
WBGene00016965.,30,233,263
WBGene00016966.,46,450,496
WBGene00016968.,105,538,643
WBGene00016970.,4,71,75
WBGene00016971.,36,403,439
WBGene00016972.,6,8,14
WBGene00016973.,10,47,57
WBGene00016974.,13,232,245
WBGene00016975.,74,409,483
WBGene00016976.,57,109,166
WBGene00016977.,1177,6830,8007
WBGene00016978.,62,608,670
WBGene00016979.,13,229,242
WBGene00016980.,1,7,8
WBGene00016981.,49,2087,2136
WBGene00016982.,13,77,90
WBGene00016983.,25,200,225
WBGene00016984.,109,138,247
WBGene00016985.,0,4,4
WBGene00016987.,32,2195,2227
WBGene00016988.,208,1835,2043
WBGene00016989.,118,885,1003
WBGene00016990.,33,1203,1236
WBGene00016992.,21,254,275
WBGene00016993.,43,228,271
WBGene00016995.,47,306,353
WBGene00016996.,59,539,598
WBGene00016997.,30,862,892
WBGene00016998.,19,158,177
WBGene00016999.,15,89,104
WBGene00017000.,26,158,184
WBGene00017001.,6,21,27
WBGene00017002.,3,264,267
WBGene00017003.,13,486,499
WBGene00017004.,62,1116,1178
WBGene00017005.,2,129,131
WBGene00017007.,72,264,336
WBGene00017009.,9,97,106
WBGene00017010.,31,255,286
WBGene00017011.,11,702,713
WBGene00017012.,45,170,215
WBGene00017013.,47,189,236
WBGene00017014.,13,95,108
WBGene00017015.,0,64,64
WBGene00017016.,205,2408,2613
WBGene00017017.,252,325,577
WBGene00017018.,8,157,165
WBGene00017019.,2,0,2
WBGene00017020.,0,2,2
WBGene00017021.,0,0,0
WBGene00017022.,10,75,85
WBGene00017023.,17,731,748
WBGene00017024.,4,6,10
WBGene00017025.,77,756,833
WBGene00017026.,7,3,10
WBGene00017027.,4,18,22
WBGene00017028.,45,194,239
WBGene00017029.,0,4,4
WBGene00017031.,42,404,446
WBGene00017032.,4,55,59
WBGene00017033.,6,55,61
WBGene00017034.,3,3,6
WBGene00017035.,2,6,8
WBGene00017036.,26,244,270
WBGene00017037.,127,828,955
WBGene00017038.,152,201,353
WBGene00017039.,43,57,100
WBGene00017040.,25,218,243
WBGene00017041.,53,168,221
WBGene00017042.,53,348,401
WBGene00017044.,127,2235,2362
WBGene00017045.,149,910,1059
WBGene00017046.,46,412,458
WBGene00017048.,35,114,149
WBGene00017050.,33,28,61
WBGene00017051.,20,73,93
WBGene00017052.,0,9,9
WBGene00017053.,46,685,731
WBGene00017054.,139,1547,1686
WBGene00017055.,0,2,2
WBGene00017056.,0,1,1
WBGene00017057.,0,0,0
WBGene00017058.,0,0,0
WBGene00017059.,0,0,0
WBGene00017060.,231,14082,14313
WBGene00017061.,25,16,41
WBGene00017062.,145,858,1003
WBGene00017063.,37,128,165
WBGene00017064.,53,1027,1080
WBGene00017065.,679,11652,12331
WBGene00017066.,273,1059,1332
WBGene00017068.,1,24,25
WBGene00017069.,71,297,368
WBGene00017070.,54,1723,1777
WBGene00017071.,20,68,88
WBGene00017072.,26,56,82
WBGene00017073.,3,29,32
WBGene00017074.,25,433,458
WBGene00017075.,157,25526,25683
WBGene00017076.,140,734,874
WBGene00017077.,31,88,119
WBGene00017078.,3,64,67
WBGene00017079.,14,266,280
WBGene00017080.,273,346,619
WBGene00017082.,77,1850,1927
WBGene00017083.,13,24,37
WBGene00017084.,300,846,1146
WBGene00017085.,213,2223,2436
WBGene00017087.,51,295,346
WBGene00017088.,80,2073,2153
WBGene00017089.,1,43,44
WBGene00017090.,2,0,2
WBGene00017091.,0,2,2
WBGene00017092.,0,2,2
WBGene00017093.,0,10,10
WBGene00017094.,1,0,1
WBGene00017095.,0,0,0
WBGene00017096.,0,6,6
WBGene00017097.,13,0,13
WBGene00017098.,216,4062,4278
WBGene00017099.,1,1,2
WBGene00017100.,2,13,15
WBGene00017101.,55,210,265
WBGene00017102.,0,2,2
WBGene00017103.,0,6,6
WBGene00017104.,0,0,0
WBGene00017105.,0,0,0
WBGene00017106.,0,3,3
WBGene00017107.,2,10,12
WBGene00017108.,5,68,73
WBGene00017109.,2,1,3
WBGene00017110.,2,1,3
WBGene00017111.,2,2,4
WBGene00017112.,2,3,5
WBGene00017113.,4,10,14
WBGene00017114.,0,0,0
WBGene00017115.,1,1,2
WBGene00017116.,0,0,0
WBGene00017117.,2,14,16
WBGene00017118.,0,2,2
WBGene00017119.,200,5638,5838
WBGene00017120.,36,148,184
WBGene00017121.,3139,61519,64658
WBGene00017122.,11,29,40
WBGene00017123.,21,379,400
WBGene00017124.,4,40,44
WBGene00017125.,115,875,990
WBGene00017126.,61,589,650
WBGene00017127.,662,3875,4537
WBGene00017128.,315,2543,2858
WBGene00017129.,10,89,99
WBGene00017131.,2,15,17
WBGene00017132.,234,1434,1668
WBGene00017133.,11,78,89
WBGene00017134.,1,44,45
WBGene00017135.,0,17,17
WBGene00017136.,7,28,35
WBGene00017137.,14,467,481
WBGene00017138.,131,1250,1381
WBGene00017139.,1,3,4
WBGene00017140.,0,12,12
WBGene00017141.,0,21,21
WBGene00017142.,10,271,281
WBGene00017143.,2,38,40
WBGene00017144.,54,510,564
WBGene00017146.,20,46,66
WBGene00017147.,25,226,251
WBGene00017148.,0,22,22
WBGene00017149.,748,16155,16903
WBGene00017150.,2,190,192
WBGene00017151.,10,39,49
WBGene00017152.,0,0,0
WBGene00017153.,0,41,41
WBGene00017154.,17,876,893
WBGene00017156.,105,127,232
WBGene00017157.,179,314,493
WBGene00017158.,61,913,974
WBGene00017159.,306,2100,2406
WBGene00017160.,154,1448,1602
WBGene00017161.,110,695,805
WBGene00017162.,141,1390,1531
WBGene00017163.,148,1171,1319
WBGene00017164.,30,187,217
WBGene00017165.,205,415,620
WBGene00017166.,486,9171,9657
WBGene00017168.,1,11,12
WBGene00017169.,22,571,593
WBGene00017170.,86,59,145
WBGene00017172.,0,0,0
WBGene00017173.,1,3,4
WBGene00017174.,2,21,23
WBGene00017175.,2,0,2
WBGene00017176.,9,59,68
WBGene00017177.,0,2,2
WBGene00017178.,23,307,330
WBGene00017179.,1,2,3
WBGene00017180.,81,266,347
WBGene00017181.,0,0,0
WBGene00017182.,0,1,1
WBGene00017183.,0,0,0
WBGene00017184.,56,728,784
WBGene00017185.,0,0,0
WBGene00017186.,0,0,0
WBGene00017188.,0,0,0
WBGene00017189.,0,0,0
WBGene00017190.,0,15,15
WBGene00017191.,0,0,0
WBGene00017192.,0,0,0
WBGene00017193.,108,1438,1546
WBGene00017194.,16,89,105
WBGene00017195.,45,542,587
WBGene00017197.,16,307,323
WBGene00017198.,11,92,103
WBGene00017199.,2,6,8
WBGene00017200.,2,33,35
WBGene00017201.,225,3516,3741
WBGene00017202.,0,2,2
WBGene00017203.,0,0,0
WBGene00017204.,0,0,0
WBGene00017205.,3,34,37
WBGene00017207.,0,0,0
WBGene00017208.,0,5,5
WBGene00017209.,58,0,58
WBGene00017210.,422,3166,3588
WBGene00017211.,2,5,7
WBGene00017212.,0,0,0
WBGene00017213.,0,0,0
WBGene00017214.,5,1,6
WBGene00017215.,2,2,4
WBGene00017216.,11,68,79
WBGene00017217.,122,397,519
WBGene00017218.,0,6,6
WBGene00017219.,29,298,327
WBGene00017220.,90,2031,2121
WBGene00017221.,7,0,7
WBGene00017222.,0,0,0
WBGene00017223.,0,0,0
WBGene00017224.,0,0,0
WBGene00017225.,11,19,30
WBGene00017226.,3,18,21
WBGene00017227.,0,0,0
WBGene00017228.,1,3,4
WBGene00017229.,1,3,4
WBGene00017230.,1,1,2
WBGene00017231.,3,6,9
WBGene00017232.,1,3,4
WBGene00017233.,1,5,6
WBGene00017235.,56,154,210
WBGene00017236.,5,38,43
WBGene00017237.,67,423,490
WBGene00017238.,102,2875,2977
WBGene00017239.,120,470,590
WBGene00017240.,86,690,776
WBGene00017241.,166,1086,1252
WBGene00017243.,0,6,6
WBGene00017244.,268,1451,1719
WBGene00017245.,157,1790,1947
WBGene00017246.,49,206,255
WBGene00017247.,23,92,115
WBGene00017248.,1,0,1
WBGene00017249.,0,0,0
WBGene00017250.,10,234,244
WBGene00017251.,0,2,2
WBGene00017252.,0,1,1
WBGene00017253.,0,3,3
WBGene00017254.,0,1,1
WBGene00017255.,13,31,44
WBGene00017257.,2,16,18
WBGene00017258.,9,16,25
WBGene00017259.,2,11,13
WBGene00017260.,23,202,225
WBGene00017261.,64,670,734
WBGene00017262.,238,1499,1737
WBGene00017263.,1,4,5
WBGene00017264.,1,2,3
WBGene00017265.,5,58,63
WBGene00017266.,142,778,920
WBGene00017267.,0,0,0
WBGene00017268.,71,1167,1238
WBGene00017269.,106,295,401
WBGene00017270.,0,0,0
WBGene00017271.,2,5,7
WBGene00017272.,54,547,601
WBGene00017273.,89,536,625
WBGene00017274.,315,1532,1847
WBGene00017275.,135,786,921
WBGene00017277.,3,5,8
WBGene00017278.,4,8,12
WBGene00017279.,1,2,3
WBGene00017280.,414,1012,1426
WBGene00017281.,2,6,8
WBGene00017282.,9,343,352
WBGene00017283.,132,1545,1677
WBGene00017284.,152,745,897
WBGene00017285.,33,768,801
WBGene00017286.,350,1535,1885
WBGene00017287.,10,78,88
WBGene00017288.,4,124,128
WBGene00017289.,7,776,783
WBGene00017290.,12,65,77
WBGene00017291.,17,288,305
WBGene00017292.,39,621,660
WBGene00017293.,7,403,410
WBGene00017294.,58,285,343
WBGene00017295.,76,22,98
WBGene00017296.,36,41,77
WBGene00017297.,101,2286,2387
WBGene00017298.,165,1131,1296
WBGene00017299.,107,380,487
WBGene00017300.,513,3956,4469
WBGene00017301.,231,10890,11121
WBGene00017302.,62,161,223
WBGene00017303.,478,3872,4350
WBGene00017304.,52,1640,1692
WBGene00017305.,3,28,31
WBGene00017306.,27,159,186
WBGene00017307.,10,58,68
WBGene00017308.,26,42,68
WBGene00017309.,73,51,124
WBGene00017310.,16,231,247
WBGene00017311.,33,1999,2032
WBGene00017312.,1,8,9
WBGene00017313.,163,1103,1266
WBGene00017314.,134,780,914
WBGene00017315.,0,0,0
WBGene00017316.,61,256,317
WBGene00017317.,1327,7414,8741
WBGene00017319.,398,2546,2944
WBGene00017320.,16,95,111
WBGene00017321.,9,1173,1182
WBGene00017322.,3,6,9
WBGene00017323.,10,33,43
WBGene00017324.,0,0,0
WBGene00017325.,0,1,1
WBGene00017326.,5,98,103
WBGene00017327.,3,38,41
WBGene00017328.,8,573,581
WBGene00017329.,27,128,155
WBGene00017330.,3,6,9
WBGene00017331.,53,209,262
WBGene00017332.,186,292,478
WBGene00017333.,0,5,5
WBGene00017334.,5,13,18
WBGene00017335.,25,223,248
WBGene00017336.,39,214,253
WBGene00017338.,12,109,121
WBGene00017339.,39,266,305
WBGene00017340.,18,111,129
WBGene00017341.,4,7,11
WBGene00017342.,84,728,812
WBGene00017343.,1,2,3
WBGene00017344.,42,845,887
WBGene00017345.,4,1,5
WBGene00017347.,58,5263,5321
WBGene00017348.,4,792,796
WBGene00017349.,106,1937,2043
WBGene00017350.,128,872,1000
WBGene00017351.,2,13,15
WBGene00017352.,58,82,140
WBGene00017353.,32,212,244
WBGene00017354.,3,6,9
WBGene00017355.,30,446,476
WBGene00017356.,289,1615,1904
WBGene00017357.,75,778,853
WBGene00017358.,6,274,280
WBGene00017359.,8,30,38
WBGene00017360.,202,1335,1537
WBGene00017361.,1,38,39
WBGene00017362.,439,4287,4726
WBGene00017363.,142,1656,1798
WBGene00017364.,1,5,6
WBGene00017365.,0,0,0
WBGene00017366.,2,14,16
WBGene00017367.,8,102,110
WBGene00017369.,24,414,438
WBGene00017370.,2,5,7
WBGene00017371.,8,20,28
WBGene00017372.,333,1120,1453
WBGene00017373.,165,1037,1202
WBGene00017374.,648,5267,5915
WBGene00017375.,15,115,130
WBGene00017376.,1363,12104,13467
WBGene00017378.,6,26,32
WBGene00017379.,248,3473,3721
WBGene00017380.,140,675,815
WBGene00017381.,46,456,502
WBGene00017382.,1,1,2
WBGene00017383.,0,0,0
WBGene00017384.,2,1,3
WBGene00017385.,9,771,780
WBGene00017386.,0,153,153
WBGene00017387.,0,0,0
WBGene00017388.,1,8,9
WBGene00017389.,325,321,646
WBGene00017390.,27,163,190
WBGene00017391.,0,1,1
WBGene00017392.,1,1,2
WBGene00017393.,1,0,1
WBGene00017394.,73,300,373
WBGene00017395.,1,0,1
WBGene00017396.,5,7,12
WBGene00017397.,62,260,322
WBGene00017398.,3,18,21
WBGene00017399.,12,21,33
WBGene00017400.,21,170,191
WBGene00017401.,0,1,1
WBGene00017402.,0,1,1
WBGene00017403.,0,0,0
WBGene00017404.,0,1,1
WBGene00017405.,0,1,1
WBGene00017406.,0,2,2
WBGene00017407.,0,0,0
WBGene00017408.,0,1,1
WBGene00017410.,3,15,18
WBGene00017411.,6,79,85
WBGene00017412.,4,2,6
WBGene00017413.,1,2,3
WBGene00017414.,0,0,0
WBGene00017415.,1,1,2
WBGene00017416.,0,71,71
WBGene00017417.,5,89,94
WBGene00017418.,141,1288,1429
WBGene00017419.,132,2011,2143
WBGene00017420.,52,151,203
WBGene00017421.,54,219,273
WBGene00017422.,7,143,150
WBGene00017423.,265,3397,3662
WBGene00017424.,12,14,26
WBGene00017426.,92,896,988
WBGene00017427.,14,41,55
WBGene00017428.,450,3281,3731
WBGene00017429.,102,324,426
WBGene00017430.,138,1213,1351
WBGene00017431.,137,678,815
WBGene00017432.,42,101,143
WBGene00017433.,12,85,97
WBGene00017434.,8,65,73
WBGene00017435.,180,1665,1845
WBGene00017436.,1,29,30
WBGene00017437.,15,87,102
WBGene00017438.,4,21,25
WBGene00017439.,15,86,101
WBGene00017440.,1222,17912,19134
WBGene00017441.,9,23,32
WBGene00017442.,20,151,171
WBGene00017443.,3,15,18
WBGene00017444.,1,1,2
WBGene00017445.,109,805,914
WBGene00017446.,2,62,64
WBGene00017447.,23,104,127
WBGene00017448.,57,314,371
WBGene00017449.,25,49,74
WBGene00017450.,5,66,71
WBGene00017451.,0,2,2
WBGene00017452.,53,59,112
WBGene00017453.,7,8,15
WBGene00017454.,0,0,0
WBGene00017455.,0,0,0
WBGene00017456.,15,15,30
WBGene00017459.,10,91,101
WBGene00017460.,1,87,88
WBGene00017461.,1,119,120
WBGene00017462.,1,78,79
WBGene00017463.,63,252,315
WBGene00017464.,34,187,221
WBGene00017465.,1,0,1
WBGene00017466.,1,8,9
WBGene00017467.,6,154,160
WBGene00017468.,14,13,27
WBGene00017469.,0,8,8
WBGene00017470.,0,0,0
WBGene00017471.,12,242,254
WBGene00017472.,115,1094,1209
WBGene00017473.,0,32,32
WBGene00017474.,0,2,2
WBGene00017475.,0,2,2
WBGene00017476.,0,1,1
WBGene00017478.,55,470,525
WBGene00017480.,139,983,1122
WBGene00017481.,2,53,55
WBGene00017482.,12,245,257
WBGene00017483.,0,56,56
WBGene00017484.,31,1054,1085
WBGene00017485.,29,284,313
WBGene00017486.,0,47,47
WBGene00017487.,35,94,129
WBGene00017488.,36,162,198
WBGene00017489.,17,34,51
WBGene00017490.,0,0,0
WBGene00017491.,0,0,0
WBGene00017492.,4,0,4
WBGene00017493.,2,4,6
WBGene00017494.,1,5,6
WBGene00017496.,1,0,1
WBGene00017497.,2,0,2
WBGene00017498.,14,140,154
WBGene00017499.,0,0,0
WBGene00017500.,0,0,0
WBGene00017501.,0,143,143
WBGene00017502.,0,40,40
WBGene00017503.,15,109,124
WBGene00017504.,21,58,79
WBGene00017505.,0,5,5
WBGene00017506.,126,1519,1645
WBGene00017507.,45,210,255
WBGene00017508.,11,76,87
WBGene00017509.,21,60,81
WBGene00017510.,32,71,103
WBGene00017511.,1,3,4
WBGene00017512.,7,88,95
WBGene00017513.,51,414,465
WBGene00017514.,121,1333,1454
WBGene00017515.,9,65,74
WBGene00017516.,1,0,1
WBGene00017517.,1,0,1
WBGene00017518.,2,0,2
WBGene00017519.,0,1,1
WBGene00017520.,0,0,0
WBGene00017521.,1,0,1
WBGene00017522.,0,0,0
WBGene00017523.,0,0,0
WBGene00017524.,1,2,3
WBGene00017525.,1,0,1
WBGene00017526.,1,1,2
WBGene00017527.,0,0,0
WBGene00017528.,1,0,1
WBGene00017529.,0,4,4
WBGene00017530.,47,159,206
WBGene00017532.,1,10,11
WBGene00017533.,2,2,4
WBGene00017534.,92,925,1017
WBGene00017535.,48,318,366
WBGene00017536.,19,357,376
WBGene00017537.,30,259,289
WBGene00017538.,13,148,161
WBGene00017539.,0,0,0
WBGene00017540.,0,0,0
WBGene00017541.,2,0,2
WBGene00017542.,0,4,4
WBGene00017543.,4,18,22
WBGene00017544.,3,22,25
WBGene00017545.,29,84,113
WBGene00017546.,152,2020,2172
WBGene00017547.,74,308,382
WBGene00017548.,31,120,151
WBGene00017549.,80,315,395
WBGene00017550.,2,1,3
WBGene00017551.,0,0,0
WBGene00017552.,1,1,2
WBGene00017553.,1,2,3
WBGene00017554.,3,4,7
WBGene00017555.,3,0,3
WBGene00017556.,1,3,4
WBGene00017557.,14,489,503
WBGene00017559.,1,0,1
WBGene00017560.,1,2,3
WBGene00017562.,0,0,0
WBGene00017563.,58,92,150
WBGene00017564.,1,2,3
WBGene00017565.,2372,3004,5376
WBGene00017566.,2,3,5
WBGene00017567.,0,492,492
WBGene00017568.,41,359,400
WBGene00017569.,43,670,713
WBGene00017570.,47,162,209
WBGene00017571.,35,789,824
WBGene00017573.,1,2,3
WBGene00017574.,11,171,182
WBGene00017576.,35,67,102
WBGene00017577.,4,12,16
WBGene00017578.,8,14,22
WBGene00017579.,3,24,27
WBGene00017580.,47,152,199
WBGene00017581.,2,9,11
WBGene00017582.,9,347,356
WBGene00017583.,41,437,478
WBGene00017584.,0,3,3
WBGene00017585.,0,0,0
WBGene00017586.,6,30,36
WBGene00017587.,0,0,0
WBGene00017588.,0,0,0
WBGene00017589.,5,46,51
WBGene00017590.,0,0,0
WBGene00017591.,50,525,575
WBGene00017592.,4,13,17
WBGene00017593.,1,10,11
WBGene00017594.,1,1,2
WBGene00017597.,169,321,490
WBGene00017598.,0,0,0
WBGene00017599.,0,181,181
WBGene00017600.,47,362,409
WBGene00017601.,1,1,2
WBGene00017602.,0,0,0
WBGene00017603.,4,0,4
WBGene00017605.,756,4771,5527
WBGene00017606.,28,321,349
WBGene00017607.,56,423,479
WBGene00017608.,143,517,660
WBGene00017609.,0,0,0
WBGene00017610.,2,1,3
WBGene00017611.,10,27,37
WBGene00017612.,0,0,0
WBGene00017613.,1304,29021,30325
WBGene00017614.,3,14,17
WBGene00017615.,2,2,4
WBGene00017616.,14,69,83
WBGene00017618.,259,337,596
WBGene00017619.,6,19,25
WBGene00017620.,100,562,662
WBGene00017621.,128,2730,2858
WBGene00017625.,12,5,17
WBGene00017627.,2,1,3
WBGene00017628.,90,119,209
WBGene00017629.,0,0,0
WBGene00017630.,1,0,1
WBGene00017631.,0,2,2
WBGene00017632.,28,47,75
WBGene00017633.,19,17,36
WBGene00017634.,4,4,8
WBGene00017635.,32,25,57
WBGene00017636.,0,2,2
WBGene00017637.,41,243,284
WBGene00017638.,0,2,2
WBGene00017639.,267,955,1222
WBGene00017640.,128,657,785
WBGene00017641.,3,42,45
WBGene00017642.,173,1460,1633
WBGene00017643.,108,1040,1148
WBGene00017644.,457,1778,2235
WBGene00017645.,6,7,13
WBGene00017646.,102,360,462
WBGene00017647.,36,61,97
WBGene00017648.,3,38,41
WBGene00017650.,4,46,50
WBGene00017651.,53,69,122
WBGene00017652.,0,4,4
WBGene00017653.,211,1234,1445
WBGene00017654.,2,12,14
WBGene00017655.,0,0,0
WBGene00017656.,3,14,17
WBGene00017657.,762,5432,6194
WBGene00017658.,29,409,438
WBGene00017659.,61,1596,1657
WBGene00017660.,10,38,48
WBGene00017661.,8,107,115
WBGene00017662.,9,4,13
WBGene00017663.,265,2184,2449
WBGene00017664.,10,26,36
WBGene00017666.,0,16,16
WBGene00017667.,2,27,29
WBGene00017668.,0,0,0
WBGene00017670.,3,0,3
WBGene00017671.,238,7890,8128
WBGene00017672.,0,1,1
WBGene00017673.,3,30,33
WBGene00017674.,8,67,75
WBGene00017675.,165,2845,3010
WBGene00017676.,96,784,880
WBGene00017677.,0,2,2
WBGene00017678.,3,11,14
WBGene00017679.,0,1,1
WBGene00017680.,0,0,0
WBGene00017681.,1,34,35
WBGene00017683.,55,535,590
WBGene00017684.,0,0,0
WBGene00017685.,0,4,4
WBGene00017686.,125,1182,1307
WBGene00017687.,9,150,159
WBGene00017688.,69,978,1047
WBGene00017690.,56,101,157
WBGene00017691.,85,462,547
WBGene00017692.,17,70,87
WBGene00017693.,1,0,1
WBGene00017694.,0,0,0
WBGene00017695.,3,8,11
WBGene00017696.,28,596,624
WBGene00017698.,126,1188,1314
WBGene00017699.,872,1977,2849
WBGene00017700.,27,64,91
WBGene00017701.,0,8,8
WBGene00017702.,84,487,571
WBGene00017703.,9,31,40
WBGene00017704.,0,1,1
WBGene00017705.,0,4,4
WBGene00017706.,5,15,20
WBGene00017707.,0,0,0
WBGene00017708.,19,149,168
WBGene00017709.,1,2,3
WBGene00017710.,2,65,67
WBGene00017711.,14,166,180
WBGene00017712.,0,13,13
WBGene00017713.,0,2,2
WBGene00017714.,1,29,30
WBGene00017715.,8,172,180
WBGene00017716.,8,42,50
WBGene00017717.,3,135,138
WBGene00017718.,0,10,10
WBGene00017719.,269,1862,2131
WBGene00017720.,41,82,123
WBGene00017721.,7,32,39
WBGene00017722.,2,1,3
WBGene00017723.,10,18,28
WBGene00017724.,137,873,1010
WBGene00017725.,1,5,6
WBGene00017726.,0,593,593
WBGene00017727.,0,2839,2839
WBGene00017729.,0,10,10
WBGene00017730.,2,67,69
WBGene00017731.,1,58,59
WBGene00017732.,52,367,419
WBGene00017733.,96,670,766
WBGene00017734.,100,9609,9709
WBGene00017735.,281,3272,3553
WBGene00017736.,2,34,36
WBGene00017737.,2,7,9
WBGene00017738.,80,582,662
WBGene00017739.,2,15,17
WBGene00017741.,108,429,537
WBGene00017742.,87,534,621
WBGene00017743.,1,2,3
WBGene00017744.,75,381,456
WBGene00017745.,120,994,1114
WBGene00017746.,258,692,950
WBGene00017747.,11,90,101
WBGene00017748.,92,877,969
WBGene00017749.,96,902,998
WBGene00017750.,35,178,213
WBGene00017751.,7,11,18
WBGene00017752.,0,0,0
WBGene00017754.,3,35,38
WBGene00017755.,32,1259,1291
WBGene00017756.,82,835,917
WBGene00017757.,41,1256,1297
WBGene00017758.,68,379,447
WBGene00017759.,6,1672,1678
WBGene00017760.,94,1152,1246
WBGene00017761.,182,110,292
WBGene00017762.,213,206,419
WBGene00017763.,160,980,1140
WBGene00017764.,1,4,5
WBGene00017765.,113,1756,1869
WBGene00017766.,80,507,587
WBGene00017767.,58,410,468
WBGene00017768.,132,997,1129
WBGene00017769.,92,1152,1244
WBGene00017770.,94,1027,1121
WBGene00017771.,27,151,178
WBGene00017772.,385,4833,5218
WBGene00017773.,146,1767,1913
WBGene00017774.,29,357,386
WBGene00017775.,129,1853,1982
WBGene00017776.,42,749,791
WBGene00017777.,25,1893,1918
WBGene00017778.,213,1252,1465
WBGene00017779.,52,202,254
WBGene00017780.,47,144,191
WBGene00017781.,294,1028,1322
WBGene00017782.,21,327,348
WBGene00017783.,9,58,67
WBGene00017784.,0,8,8
WBGene00017785.,0,42,42
WBGene00017786.,26,99,125
WBGene00017787.,6,83,89
WBGene00017788.,0,18,18
WBGene00017789.,94,1383,1477
WBGene00017790.,1,13,14
WBGene00017791.,0,2,2
WBGene00017792.,11,151,162
WBGene00017794.,27,154,181
WBGene00017795.,119,392,511
WBGene00017796.,0,95,95
WBGene00017797.,264,1142,1406
WBGene00017798.,11,117,128
WBGene00017799.,27,1103,1130
WBGene00017800.,43,678,721
WBGene00017801.,71,521,592
WBGene00017802.,3,5,8
WBGene00017803.,6,11,17
WBGene00017805.,15,38,53
WBGene00017806.,6,72,78
WBGene00017807.,9,12,21
WBGene00017808.,0,3,3
WBGene00017809.,1,0,1
WBGene00017810.,1,1,2
WBGene00017811.,111,757,868
WBGene00017813.,12,423,435
WBGene00017814.,29,101,130
WBGene00017815.,92,327,419
WBGene00017816.,44,1377,1421
WBGene00017817.,4,2,6
WBGene00017818.,244,320,564
WBGene00017819.,6,10,16
WBGene00017821.,3,6,9
WBGene00017822.,2,2,4
WBGene00017823.,4,85,89
WBGene00017824.,9,4,13
WBGene00017825.,26,729,755
WBGene00017826.,56,449,505
WBGene00017827.,48,196,244
WBGene00017828.,28,575,603
WBGene00017829.,220,623,843
WBGene00017830.,36,2906,2942
WBGene00017831.,84,378,462
WBGene00017832.,41,423,464
WBGene00017833.,39,191,230
WBGene00017834.,232,3569,3801
WBGene00017835.,4,28,32
WBGene00017836.,31,179,210
WBGene00017837.,56,509,565
WBGene00017838.,173,877,1050
WBGene00017839.,0,0,0
WBGene00017840.,36,132,168
WBGene00017841.,0,77,77
WBGene00017842.,40,286,326
WBGene00017843.,1,1,2
WBGene00017845.,3,4,7
WBGene00017848.,0,17,17
WBGene00017849.,24,166,190
WBGene00017850.,100,631,731
WBGene00017851.,0,1,1
WBGene00017852.,141,2977,3118
WBGene00017853.,1,0,1
WBGene00017854.,0,47,47
WBGene00017855.,460,2297,2757
WBGene00017858.,39,79,118
WBGene00017860.,15,8,23
WBGene00017861.,18,105,123
WBGene00017864.,299,11189,11488
WBGene00017865.,9,28,37
WBGene00017866.,435,1439,1874
WBGene00017867.,0,0,0
WBGene00017868.,7,18,25
WBGene00017869.,0,0,0
WBGene00017870.,1,0,1
WBGene00017871.,1,8,9
WBGene00017872.,0,1,1
WBGene00017873.,0,5,5
WBGene00017874.,425,4811,5236
WBGene00017875.,0,15,15
WBGene00017876.,0,0,0
WBGene00017877.,0,0,0
WBGene00017878.,0,0,0
WBGene00017879.,12,27,39
WBGene00017880.,13,153,166
WBGene00017881.,3,23,26
WBGene00017885.,298,1474,1772
WBGene00017886.,21,113,134
WBGene00017887.,41,1077,1118
WBGene00017888.,54,397,451
WBGene00017889.,111,1888,1999
WBGene00017890.,0,0,0
WBGene00017891.,126,470,596
WBGene00017892.,40,278,318
WBGene00017893.,12,77,89
WBGene00017894.,147,535,682
WBGene00017895.,27,776,803
WBGene00017896.,0,3,3
WBGene00017898.,67,214,281
WBGene00017899.,0,0,0
WBGene00017900.,236,1238,1474
WBGene00017901.,48,294,342
WBGene00017902.,0,0,0
WBGene00017904.,290,584,874
WBGene00017905.,8,88,96
WBGene00017906.,48,123,171
WBGene00017907.,120,479,599
WBGene00017908.,0,4,4
WBGene00017909.,31,189,220
WBGene00017910.,5,16,21
WBGene00017911.,0,4,4
WBGene00017912.,4,2,6
WBGene00017913.,0,0,0
WBGene00017914.,32,359,391
WBGene00017916.,180,759,939
WBGene00017917.,0,2,2
WBGene00017918.,0,0,0
WBGene00017919.,35,252,287
WBGene00017920.,160,1915,2075
WBGene00017921.,56,788,844
WBGene00017922.,1,5,6
WBGene00017923.,38,1165,1203
WBGene00017924.,77,1101,1178
WBGene00017925.,2488,24817,27305
WBGene00017926.,1434,28978,30412
WBGene00017927.,0,4,4
WBGene00017928.,45,695,740
WBGene00017929.,978,785,1763
WBGene00017930.,0,7,7
WBGene00017931.,84,405,489
WBGene00017933.,1,1,2
WBGene00017934.,65,550,615
WBGene00017935.,0,0,0
WBGene00017936.,11,160,171
WBGene00017937.,3,20,23
WBGene00017938.,7,287,294
WBGene00017939.,38,110,148
WBGene00017941.,18,35,53
WBGene00017942.,0,0,0
WBGene00017944.,3,8,11
WBGene00017945.,40,266,306
WBGene00017947.,8,26,34
WBGene00017948.,25,78,103
WBGene00017949.,11,45,56
WBGene00017950.,21,143,164
WBGene00017951.,44,508,552
WBGene00017952.,402,798,1200
WBGene00017954.,14,484,498
WBGene00017955.,1,0,1
WBGene00017956.,3,2,5
WBGene00017957.,3,16,19
WBGene00017959.,6,57,63
WBGene00017960.,19,99,118
WBGene00017961.,18,98,116
WBGene00017962.,6,61,67
WBGene00017963.,1,7,8
WBGene00017964.,13,710,723
WBGene00017965.,7,27,34
WBGene00017967.,105,1080,1185
WBGene00017968.,103,1000,1103
WBGene00017969.,14,184,198
WBGene00017970.,82,2415,2497
WBGene00017971.,31,29,60
WBGene00017973.,106,255,361
WBGene00017974.,23,198,221
WBGene00017975.,2,7,9
WBGene00017976.,116,416,532
WBGene00017977.,7,20,27
WBGene00017978.,0,65,65
WBGene00017979.,140,3669,3809
WBGene00017980.,228,2125,2353
WBGene00017981.,35,481,516
WBGene00017982.,1568,10813,12381
WBGene00017983.,137,203,340
WBGene00017984.,37,11804,11841
WBGene00017985.,5,259,264
WBGene00017986.,11,67,78
WBGene00017987.,4,5,9
WBGene00017988.,18,1610,1628
WBGene00017989.,67,1030,1097
WBGene00017990.,49,848,897
WBGene00017991.,28,187,215
WBGene00017992.,55,230,285
WBGene00017993.,146,5107,5253
WBGene00017995.,405,1777,2182
WBGene00017996.,57,886,943
WBGene00017997.,437,2561,2998
WBGene00017998.,10,102,112
WBGene00017999.,24,15,39
WBGene00018000.,0,0,0
WBGene00018001.,1,1,2
WBGene00018002.,29,99,128
WBGene00018003.,0,0,0
WBGene00018004.,2,0,2
WBGene00018005.,72,406,478
WBGene00018006.,31,404,435
WBGene00018007.,18,1112,1130
WBGene00018008.,50,2031,2081
WBGene00018009.,43,526,569
WBGene00018010.,11,84,95
WBGene00018011.,27,282,309
WBGene00018013.,79,524,603
WBGene00018014.,61,238,299
WBGene00018015.,24,301,325
WBGene00018016.,24,139,163
WBGene00018017.,32,1302,1334
WBGene00018018.,55,1287,1342
WBGene00018019.,0,0,0
WBGene00018021.,1,1,2
WBGene00018022.,21,34,55
WBGene00018023.,33,87,120
WBGene00018024.,303,6363,6666
WBGene00018025.,58,819,877
WBGene00018026.,2,6,8
WBGene00018027.,6,3,9
WBGene00018030.,6,1,7
WBGene00018031.,1,9,10
WBGene00018033.,1098,2389,3487
WBGene00018034.,2,3,5
WBGene00018035.,4,9,13
WBGene00018036.,1,34,35
WBGene00018037.,29,106,135
WBGene00018038.,4,0,4
WBGene00018039.,3,1,4
WBGene00018040.,0,8,8
WBGene00018041.,4,58,62
WBGene00018042.,15,135,150
WBGene00018043.,14,52,66
WBGene00018044.,8,149,157
WBGene00018045.,1,886,887
WBGene00018046.,116,2768,2884
WBGene00018047.,0,6,6
WBGene00018048.,2,4,6
WBGene00018049.,1,2,3
WBGene00018050.,9,34,43
WBGene00018051.,79,401,480
WBGene00018052.,20,124,144
WBGene00018053.,0,0,0
WBGene00018054.,4,10,14
WBGene00018055.,0,8,8
WBGene00018056.,2,0,2
WBGene00018057.,0,1,1
WBGene00018058.,2,0,2
WBGene00018059.,3,1,4
WBGene00018060.,27,445,472
WBGene00018061.,49,285,334
WBGene00018062.,1,0,1
WBGene00018063.,1,0,1
WBGene00018064.,163,1169,1332
WBGene00018065.,5,23,28
WBGene00018066.,0,46,46
WBGene00018067.,31,286,317
WBGene00018068.,4,407,411
WBGene00018069.,89,508,597
WBGene00018070.,9,131,140
WBGene00018071.,18,390,408
WBGene00018072.,69,320,389
WBGene00018073.,50,1098,1148
WBGene00018074.,84,359,443
WBGene00018075.,233,793,1026
WBGene00018076.,36,201,237
WBGene00018077.,8,144,152
WBGene00018078.,4,322,326
WBGene00018080.,0,3,3
WBGene00018081.,0,3,3
WBGene00018082.,0,0,0
WBGene00018083.,4,8,12
WBGene00018084.,20,12,32
WBGene00018085.,1,52,53
WBGene00018087.,12,24,36
WBGene00018088.,89,398,487
WBGene00018089.,95,140,235
WBGene00018090.,89,1213,1302
WBGene00018091.,1,3,4
WBGene00018092.,0,9,9
WBGene00018093.,2,0,2
WBGene00018094.,6,2,8
WBGene00018096.,2,0,2
WBGene00018097.,1,0,1
WBGene00018098.,0,0,0
WBGene00018099.,12,88,100
WBGene00018100.,4,18,22
WBGene00018101.,2,6,8
WBGene00018102.,1,1,2
WBGene00018103.,1,1,2
WBGene00018104.,0,15,15
WBGene00018105.,0,1,1
WBGene00018106.,0,0,0
WBGene00018107.,0,0,0
WBGene00018108.,0,0,0
WBGene00018109.,0,0,0
WBGene00018110.,2,4,6
WBGene00018111.,4,13,17
WBGene00018112.,38,305,343
WBGene00018113.,8,36,44
WBGene00018114.,11,10,21
WBGene00018115.,18,201,219
WBGene00018117.,24,1313,1337
WBGene00018118.,6,63,69
WBGene00018119.,0,5,5
WBGene00018120.,0,0,0
WBGene00018121.,3,65,68
WBGene00018122.,0,0,0
WBGene00018123.,0,0,0
WBGene00018124.,0,0,0
WBGene00018125.,0,0,0
WBGene00018127.,3,0,3
WBGene00018130.,7,3,10
WBGene00018131.,164,968,1132
WBGene00018132.,99,1208,1307
WBGene00018133.,16,111,127
WBGene00018134.,5,1,6
WBGene00018135.,0,2,2
WBGene00018136.,5,10,15
WBGene00018137.,13,220,233
WBGene00018138.,21,176,197
WBGene00018139.,1,0,1
WBGene00018140.,30,197,227
WBGene00018141.,0,0,0
WBGene00018142.,2,38,40
WBGene00018143.,4,18,22
WBGene00018144.,107,609,716
WBGene00018145.,338,3656,3994
WBGene00018146.,6,75,81
WBGene00018148.,8,5,13
WBGene00018149.,181,690,871
WBGene00018150.,31,389,420
WBGene00018151.,695,3992,4687
WBGene00018152.,48,1948,1996
WBGene00018153.,3,32,35
WBGene00018154.,107,909,1016
WBGene00018155.,0,10,10
WBGene00018156.,176,1494,1670
WBGene00018157.,5,39,44
WBGene00018158.,0,5,5
WBGene00018159.,544,2204,2748
WBGene00018160.,34,732,766
WBGene00018161.,58,1392,1450
WBGene00018162.,0,0,0
WBGene00018163.,1,0,1
WBGene00018164.,2,1562,1564
WBGene00018165.,0,1,1
WBGene00018166.,11,89,100
WBGene00018167.,8,65,73
WBGene00018168.,13,3,16
WBGene00018169.,0,1,1
WBGene00018170.,1,136,137
WBGene00018172.,8,8,16
WBGene00018173.,18,63,81
WBGene00018174.,4,23,27
WBGene00018175.,81,220,301
WBGene00018176.,5,4,9
WBGene00018178.,1,1,2
WBGene00018179.,12,14,26
WBGene00018180.,50,38,88
WBGene00018181.,34,1087,1121
WBGene00018182.,1,2,3
WBGene00018184.,7,150,157
WBGene00018186.,0,3,3
WBGene00018187.,1468,3071,4539
WBGene00018188.,126,619,745
WBGene00018189.,5,5,10
WBGene00018190.,1,2,3
WBGene00018191.,121,139,260
WBGene00018192.,0,0,0
WBGene00018193.,76,1706,1782
WBGene00018194.,5,112,117
WBGene00018195.,2,29,31
WBGene00018196.,2,4,6
WBGene00018198.,65,29,94
WBGene00018199.,14,240,254
WBGene00018200.,2,22,24
WBGene00018201.,4,89,93
WBGene00018202.,0,2,2
WBGene00018203.,0,2,2
WBGene00018204.,29,260,289
WBGene00018205.,0,0,0
WBGene00018206.,29,296,325
WBGene00018207.,3,35,38
WBGene00018208.,19,991,1010
WBGene00018209.,3,4,7
WBGene00018210.,4,74,78
WBGene00018211.,6,3,9
WBGene00018212.,47,286,333
WBGene00018213.,19,86,105
WBGene00018214.,216,2290,2506
WBGene00018215.,45,195,240
WBGene00018216.,173,316,489
WBGene00018217.,612,1487,2099
WBGene00018218.,27,2734,2761
WBGene00018219.,44,330,374
WBGene00018221.,838,7446,8284
WBGene00018222.,25,94,119
WBGene00018223.,2,30,32
WBGene00018224.,7,17,24
WBGene00018225.,2,2,4
WBGene00018226.,53,310,363
WBGene00018227.,9,15,24
WBGene00018228.,1,0,1
WBGene00018229.,10,200,210
WBGene00018230.,6,841,847
WBGene00018231.,1,1,2
WBGene00018232.,185,115,300
WBGene00018233.,0,10,10
WBGene00018234.,0,3,3
WBGene00018235.,0,4,4
WBGene00018236.,0,14,14
WBGene00018237.,79,582,661
WBGene00018238.,85,1284,1369
WBGene00018239.,16,371,387
WBGene00018240.,185,1136,1321
WBGene00018241.,6,19,25
WBGene00018242.,1,3,4
WBGene00018243.,0,0,0
WBGene00018244.,0,0,0
WBGene00018245.,0,0,0
WBGene00018246.,0,0,0
WBGene00018247.,1,0,1
WBGene00018248.,1,1,2
WBGene00018249.,180,1892,2072
WBGene00018250.,54,391,445
WBGene00018251.,36,168,204
WBGene00018252.,8,97,105
WBGene00018253.,3,12,15
WBGene00018254.,0,3,3
WBGene00018255.,10,8,18
WBGene00018256.,0,23,23
WBGene00018257.,114,2677,2791
WBGene00018258.,62,493,555
WBGene00018259.,174,1092,1266
WBGene00018260.,15,97,112
WBGene00018261.,18,69,87
WBGene00018262.,5,48,53
WBGene00018264.,1,15,16
WBGene00018265.,70,368,438
WBGene00018266.,15,277,292
WBGene00018267.,1,0,1
WBGene00018268.,6,262,268
WBGene00018269.,83,573,656
WBGene00018270.,35,1161,1196
WBGene00018271.,411,89530,89941
WBGene00018273.,142,238,380
WBGene00018274.,51,179,230
WBGene00018275.,55,304,359
WBGene00018278.,0,0,0
WBGene00018279.,0,4,4
WBGene00018280.,4,7,11
WBGene00018281.,61,242,303
WBGene00018282.,42,466,508
WBGene00018283.,1,28,29
WBGene00018284.,3,5,8
WBGene00018285.,715,3875,4590
WBGene00018286.,25,108,133
WBGene00018288.,6,136,142
WBGene00018289.,5,16,21
WBGene00018290.,164,3320,3484
WBGene00018291.,4,3,7
WBGene00018292.,3,5,8
WBGene00018293.,72,484,556
WBGene00018294.,46,1473,1519
WBGene00018295.,11,36,47
WBGene00018296.,0,2,2
WBGene00018297.,0,866,866
WBGene00018298.,194,2691,2885
WBGene00018300.,3,24,27
WBGene00018301.,6,14,20
WBGene00018302.,8,216,224
WBGene00018303.,291,2765,3056
WBGene00018304.,107,403,510
WBGene00018305.,210,1288,1498
WBGene00018307.,22,131,153
WBGene00018309.,6,38,44
WBGene00018310.,7,104,111
WBGene00018311.,50,468,518
WBGene00018312.,0,1,1
WBGene00018313.,6,35,41
WBGene00018314.,3,4,7
WBGene00018315.,2,6,8
WBGene00018316.,46,739,785
WBGene00018317.,71,1097,1168
WBGene00018318.,1,124,125
WBGene00018319.,250,859,1109
WBGene00018321.,2,243,245
WBGene00018322.,0,1,1
WBGene00018323.,10,0,10
WBGene00018324.,0,2,2
WBGene00018325.,6,4,10
WBGene00018326.,0,5,5
WBGene00018327.,4,2,6
WBGene00018328.,137,389,526
WBGene00018329.,4,2,6
WBGene00018330.,33,461,494
WBGene00018332.,5,7,12
WBGene00018333.,0,14,14
WBGene00018334.,34,140,174
WBGene00018335.,131,748,879
WBGene00018336.,1,0,1
WBGene00018337.,81,362,443
WBGene00018338.,1,68,69
WBGene00018339.,50,3096,3146
WBGene00018340.,76,2178,2254
WBGene00018341.,322,3321,3643
WBGene00018342.,41,188,229
WBGene00018343.,5,118,123
WBGene00018344.,36,158,194
WBGene00018345.,13,24,37
WBGene00018346.,20,181,201
WBGene00018347.,8,24,32
WBGene00018348.,50,192,242
WBGene00018349.,104,2668,2772
WBGene00018350.,8,186,194
WBGene00018351.,1,22,23
WBGene00018352.,2,8,10
WBGene00018353.,2,11,13
WBGene00018354.,1,1,2
WBGene00018355.,9,17,26
WBGene00018356.,104,1114,1218
WBGene00018357.,35,639,674
WBGene00018358.,1,5,6
WBGene00018359.,7,1,8
WBGene00018360.,7,3,10
WBGene00018361.,1573,9364,10937
WBGene00018362.,23,3912,3935
WBGene00018363.,62,598,660
WBGene00018364.,73,176,249
WBGene00018365.,2,52,54
WBGene00018366.,59,527,586
WBGene00018367.,141,1245,1386
WBGene00018369.,46,473,519
WBGene00018370.,180,1071,1251
WBGene00018371.,26,378,404
WBGene00018373.,217,1603,1820
WBGene00018374.,22,103,125
WBGene00018375.,4,4,8
WBGene00018376.,391,2999,3390
WBGene00018377.,3,2,5
WBGene00018378.,1,0,1
WBGene00018379.,0,0,0
WBGene00018380.,4,129,133
WBGene00018381.,6,0,6
WBGene00018382.,0,1,1
WBGene00018383.,0,73,73
WBGene00018384.,14,60,74
WBGene00018385.,3,1,4
WBGene00018386.,23,164,187
WBGene00018387.,2,0,2
WBGene00018388.,673,0,673
WBGene00018389.,0,0,0
WBGene00018390.,16,351,367
WBGene00018391.,46,2027,2073
WBGene00018392.,179,752,931
WBGene00018393.,3,1690,1693
WBGene00018394.,1,21,22
WBGene00018395.,126,8087,8213
WBGene00018397.,2,5,7
WBGene00018398.,11,132,143
WBGene00018399.,23,331,354
WBGene00018400.,133,951,1084
WBGene00018402.,20,241,261
WBGene00018403.,43,181,224
WBGene00018404.,2,8,10
WBGene00018405.,325,1304,1629
WBGene00018406.,5,10,15
WBGene00018407.,794,3634,4428
WBGene00018408.,150,582,732
WBGene00018409.,33,928,961
WBGene00018410.,4,14,18
WBGene00018411.,18,47,65
WBGene00018412.,4,6,10
WBGene00018413.,11,108,119
WBGene00018414.,3,9,12
WBGene00018415.,5,106,111
WBGene00018417.,171,1086,1257
WBGene00018418.,14,1229,1243
WBGene00018419.,149,706,855
WBGene00018420.,182,997,1179
WBGene00018421.,13,836,849
WBGene00018422.,26,1588,1614
WBGene00018423.,43,211,254
WBGene00018424.,48,626,674
WBGene00018425.,4,5,9
WBGene00018426.,80,2992,3072
WBGene00018427.,12,745,757
WBGene00018428.,2,2,4
WBGene00018429.,1,4,5
WBGene00018430.,32,116,148
WBGene00018431.,26,1620,1646
WBGene00018432.,6,7,13
WBGene00018433.,0,3,3
WBGene00018434.,0,1,1
WBGene00018435.,0,10,10
WBGene00018436.,0,0,0
WBGene00018437.,0,1,1
WBGene00018438.,0,1,1
WBGene00018439.,0,0,0
WBGene00018440.,1,1,2
WBGene00018441.,0,0,0
WBGene00018442.,5,0,5
WBGene00018443.,0,0,0
WBGene00018444.,1,0,1
WBGene00018445.,0,5,5
WBGene00018446.,5,12,17
WBGene00018447.,0,2,2
WBGene00018448.,14,280,294
WBGene00018449.,0,0,0
WBGene00018450.,0,0,0
WBGene00018451.,0,0,0
WBGene00018452.,0,1,1
WBGene00018454.,0,1,1
WBGene00018455.,1,2,3
WBGene00018456.,4,17,21
WBGene00018457.,3,0,3
WBGene00018458.,0,0,0
WBGene00018459.,0,36,36
WBGene00018460.,0,0,0
WBGene00018461.,0,0,0
WBGene00018462.,9,339,348
WBGene00018463.,0,0,0
WBGene00018465.,21,183,204
WBGene00018466.,13,95,108
WBGene00018467.,61,260,321
WBGene00018468.,542,3272,3814
WBGene00018470.,121,449,570
WBGene00018471.,1,22,23
WBGene00018472.,63,140,203
WBGene00018473.,20,182,202
WBGene00018474.,45,593,638
WBGene00018475.,400,5093,5493
WBGene00018476.,23,117,140
WBGene00018477.,1,8,9
WBGene00018478.,9,49,58
WBGene00018479.,1,4,5
WBGene00018480.,4,25,29
WBGene00018481.,138,1119,1257
WBGene00018482.,160,1800,1960
WBGene00018483.,12,184,196
WBGene00018484.,7,13,20
WBGene00018485.,657,1764,2421
WBGene00018486.,5,62,67
WBGene00018487.,18,98,116
WBGene00018488.,61,514,575
WBGene00018489.,0,1,1
WBGene00018490.,2,1,3
WBGene00018491.,345,22131,22476
WBGene00018492.,41,260,301
WBGene00018493.,1,0,1
WBGene00018494.,0,0,0
WBGene00018495.,0,0,0
WBGene00018496.,0,0,0
WBGene00018497.,0,0,0
WBGene00018498.,1,1,2
WBGene00018499.,0,7,7
WBGene00018500.,0,0,0
WBGene00018501.,0,0,0
WBGene00018502.,3,0,3
WBGene00018503.,0,0,0
WBGene00018504.,0,0,0
WBGene00018505.,1,0,1
WBGene00018506.,0,0,0
WBGene00018507.,0,6,6
WBGene00018508.,442,2135,2577
WBGene00018509.,115,1142,1257
WBGene00018510.,21,112,133
WBGene00018511.,45,253,298
WBGene00018512.,128,812,940
WBGene00018513.,0,195,195
WBGene00018514.,37,239,276
WBGene00018515.,7,49,56
WBGene00018516.,22,397,419
WBGene00018517.,213,1150,1363
WBGene00018518.,22,743,765
WBGene00018519.,1109,128946,130055
WBGene00018520.,125,898,1023
WBGene00018521.,5,61,66
WBGene00018522.,204,2078,2282
WBGene00018523.,38,142,180
WBGene00018525.,0,0,0
WBGene00018526.,0,0,0
WBGene00018527.,0,0,0
WBGene00018528.,1,1,2
WBGene00018529.,0,0,0
WBGene00018530.,0,0,0
WBGene00018531.,0,0,0
WBGene00018532.,1814,20742,22556
WBGene00018533.,222,1019,1241
WBGene00018534.,2,3,5
WBGene00018535.,1,1,2
WBGene00018536.,0,3,3
WBGene00018537.,1,4,5
WBGene00018538.,81,572,653
WBGene00018539.,4,3,7
WBGene00018540.,2,4,6
WBGene00018541.,6,21,27
WBGene00018542.,3,83,86
WBGene00018543.,9,40,49
WBGene00018544.,9,29,38
WBGene00018545.,1,8,9
WBGene00018547.,52,34,86
WBGene00018548.,2,9,11
WBGene00018549.,0,1,1
WBGene00018550.,0,0,0
WBGene00018551.,10,17,27
WBGene00018552.,4,11,15
WBGene00018553.,1,0,1
WBGene00018554.,0,0,0
WBGene00018555.,1,0,1
WBGene00018556.,0,0,0
WBGene00018557.,0,0,0
WBGene00018558.,8,10,18
WBGene00018559.,0,0,0
WBGene00018560.,44,354,398
WBGene00018561.,18,50,68
WBGene00018562.,108,667,775
WBGene00018563.,5,9,14
WBGene00018564.,411,1416,1827
WBGene00018565.,27,184,211
WBGene00018566.,12,86,98
WBGene00018567.,0,1,1
WBGene00018568.,2,12,14
WBGene00018569.,84,249,333
WBGene00018571.,15,28,43
WBGene00018572.,342,1757,2099
WBGene00018573.,2,0,2
WBGene00018575.,0,3,3
WBGene00018576.,44,203,247
WBGene00018577.,12,75,87
WBGene00018578.,10,144,154
WBGene00018579.,466,1936,2402
WBGene00018580.,3,1,4
WBGene00018582.,313,324,637
WBGene00018585.,42,225,267
WBGene00018586.,55,501,556
WBGene00018587.,24,58,82
WBGene00018589.,256,26,282
WBGene00018590.,5,1171,1176
WBGene00018591.,1,12,13
WBGene00018593.,35,557,592
WBGene00018594.,34,247,281
WBGene00018595.,2,121,123
WBGene00018596.,4,4,8
WBGene00018598.,14,100,114
WBGene00018599.,65,1387,1452
WBGene00018600.,4,6,10
WBGene00018601.,1,0,1
WBGene00018602.,55,1333,1388
WBGene00018603.,24,32,56
WBGene00018604.,102,1938,2040
WBGene00018605.,7,7,14
WBGene00018606.,0,35,35
WBGene00018607.,209,762,971
WBGene00018608.,92,181,273
WBGene00018609.,139,1169,1308
WBGene00018610.,16,835,851
WBGene00018611.,105,414,519
WBGene00018612.,58,645,703
WBGene00018613.,3,207,210
WBGene00018614.,2,29,31
WBGene00018615.,8,117,125
WBGene00018616.,0,0,0
WBGene00018617.,1,0,1
WBGene00018618.,0,2,2
WBGene00018619.,0,4,4
WBGene00018620.,2,9,11
WBGene00018621.,0,57,57
WBGene00018622.,15,111,126
WBGene00018623.,4,9,13
WBGene00018624.,2,10,12
WBGene00018625.,40,1000,1040
WBGene00018626.,8,33,41
WBGene00018627.,1,1,2
WBGene00018628.,9,1,10
WBGene00018630.,9,14,23
WBGene00018631.,2,0,2
WBGene00018632.,11,340,351
WBGene00018634.,115,539,654
WBGene00018635.,35,362,397
WBGene00018636.,79,465,544
WBGene00018637.,25,384,409
WBGene00018638.,14,419,433
WBGene00018639.,62,301,363
WBGene00018640.,3,13,16
WBGene00018641.,12,82,94
WBGene00018643.,0,1,1
WBGene00018644.,0,0,0
WBGene00018645.,6,98,104
WBGene00018646.,3,31,34
WBGene00018647.,0,9,9
WBGene00018648.,8,28,36
WBGene00018649.,0,0,0
WBGene00018650.,0,5,5
WBGene00018651.,0,0,0
WBGene00018652.,0,1,1
WBGene00018653.,9,9,18
WBGene00018654.,35,265,300
WBGene00018655.,25,253,278
WBGene00018656.,364,3390,3754
WBGene00018657.,150,1202,1352
WBGene00018658.,4,32,36
WBGene00018659.,7,151,158
WBGene00018660.,0,42,42
WBGene00018661.,0,15,15
WBGene00018662.,0,0,0
WBGene00018663.,0,2,2
WBGene00018664.,8,45,53
WBGene00018665.,7,77,84
WBGene00018666.,4,29,33
WBGene00018667.,9,149,158
WBGene00018668.,8,101,109
WBGene00018669.,11,63,74
WBGene00018670.,0,7,7
WBGene00018671.,2,5,7
WBGene00018672.,119,441,560
WBGene00018674.,240,1398,1638
WBGene00018675.,35,134,169
WBGene00018678.,66,426,492
WBGene00018679.,273,1064,1337
WBGene00018680.,42,117,159
WBGene00018681.,294,811,1105
WBGene00018682.,42,811,853
WBGene00018683.,11,33,44
WBGene00018684.,0,0,0
WBGene00018687.,2,24,26
WBGene00018688.,2,12,14
WBGene00018689.,10,75,85
WBGene00018690.,9,10,19
WBGene00018691.,1,0,1
WBGene00018692.,120,2444,2564
WBGene00018693.,4,7,11
WBGene00018694.,6,18,24
WBGene00018696.,68,345,413
WBGene00018697.,41,344,385
WBGene00018698.,11,111,122
WBGene00018699.,0,0,0
WBGene00018700.,592,1861,2453
WBGene00018701.,294,16399,16693
WBGene00018702.,3,517,520
WBGene00018703.,23,399,422
WBGene00018704.,8,302,310
WBGene00018706.,5,12,17
WBGene00018707.,5,24,29
WBGene00018708.,1,2,3
WBGene00018709.,2,5,7
WBGene00018710.,422,3086,3508
WBGene00018711.,56,89,145
WBGene00018712.,33,75,108
WBGene00018713.,3,11,14
WBGene00018714.,23,448,471
WBGene00018715.,13,112,125
WBGene00018716.,66,196,262
WBGene00018717.,31,240,271
WBGene00018718.,11,76,87
WBGene00018719.,71,647,718
WBGene00018720.,319,1468,1787
WBGene00018721.,79,264,343
WBGene00018723.,83,281,364
WBGene00018724.,0,210,210
WBGene00018725.,0,390,390
WBGene00018726.,2,14,16
WBGene00018727.,42,135,177
WBGene00018728.,27,37,64
WBGene00018729.,0,469,469
WBGene00018730.,0,1267,1267
WBGene00018731.,0,1168,1168
WBGene00018732.,0,566,566
WBGene00018734.,875,1367,2242
WBGene00018735.,13,186,199
WBGene00018736.,7,104,111
WBGene00018738.,25,104,129
WBGene00018739.,98,740,838
WBGene00018740.,140,530,670
WBGene00018741.,31,59,90
WBGene00018742.,5,30,35
WBGene00018743.,90,1214,1304
WBGene00018744.,3,995,998
WBGene00018745.,7,21,28
WBGene00018746.,4,31,35
WBGene00018747.,27,147,174
WBGene00018748.,28,226,254
WBGene00018749.,0,0,0
WBGene00018750.,132,604,736
WBGene00018751.,0,5,5
WBGene00018752.,7,14,21
WBGene00018754.,3,12,15
WBGene00018755.,13,85,98
WBGene00018756.,350,2082,2432
WBGene00018757.,89,676,765
WBGene00018758.,68,653,721
WBGene00018759.,0,0,0
WBGene00018760.,38,76,114
WBGene00018761.,204,21,225
WBGene00018762.,178,1977,2155
WBGene00018763.,54,1481,1535
WBGene00018764.,8,4576,4584
WBGene00018765.,990,3174,4164
WBGene00018766.,32,68,100
WBGene00018767.,0,2,2
WBGene00018768.,0,0,0
WBGene00018769.,84,1729,1813
WBGene00018771.,4,12,16
WBGene00018772.,37,61,98
WBGene00018773.,4,23,27
WBGene00018774.,27,60,87
WBGene00018776.,262,2443,2705
WBGene00018777.,100,335,435
WBGene00018778.,451,2886,3337
WBGene00018779.,6,41,47
WBGene00018781.,152,483,635
WBGene00018782.,460,4743,5203
WBGene00018783.,2,22,24
WBGene00018784.,255,4450,4705
WBGene00018785.,130,558,688
WBGene00018786.,5,211,216
WBGene00018787.,29,281,310
WBGene00018788.,84,243,327
WBGene00018789.,27,192,219
WBGene00018791.,39,131,170
WBGene00018792.,0,4,4
WBGene00018793.,455,1776,2231
WBGene00018794.,164,231,395
WBGene00018795.,38,301,339
WBGene00018797.,155,857,1012
WBGene00018798.,36,164,200
WBGene00018802.,75,1662,1737
WBGene00018803.,61,1375,1436
WBGene00018804.,6,212,218
WBGene00018805.,2,21,23
WBGene00018806.,1,138,139
WBGene00018807.,5,62,67
WBGene00018808.,0,0,0
WBGene00018809.,0,2,2
WBGene00018810.,0,0,0
WBGene00018811.,961,7404,8365
WBGene00018812.,145,808,953
WBGene00018813.,1,6,7
WBGene00018814.,26,553,579
WBGene00018815.,0,0,0
WBGene00018816.,0,0,0
WBGene00018819.,213,2154,2367
WBGene00018820.,9,10,19
WBGene00018821.,1,2,3
WBGene00018822.,0,0,0
WBGene00018823.,2,139,141
WBGene00018824.,0,6,6
WBGene00018825.,2,11,13
WBGene00018826.,1,2,3
WBGene00018827.,24,476,500
WBGene00018828.,2,120,122
WBGene00018829.,6,12,18
WBGene00018830.,55,529,584
WBGene00018831.,52,475,527
WBGene00018833.,160,434,594
WBGene00018834.,0,1,1
WBGene00018835.,51,398,449
WBGene00018836.,77,465,542
WBGene00018837.,795,975,1770
WBGene00018838.,0,0,0
WBGene00018839.,1,88,89
WBGene00018840.,0,4,4
WBGene00018841.,0,0,0
WBGene00018842.,0,6,6
WBGene00018844.,0,3,3
WBGene00018845.,17,105,122
WBGene00018846.,16634,97519,114153
WBGene00018847.,73,905,978
WBGene00018848.,57,385,442
WBGene00018849.,35,2673,2708
WBGene00018850.,24,38,62
WBGene00018851.,3,6,9
WBGene00018852.,4,97,101
WBGene00018853.,56,1054,1110
WBGene00018854.,65,1383,1448
WBGene00018855.,5,103,108
WBGene00018856.,13,8,21
WBGene00018857.,89,1026,1115
WBGene00018859.,23,91,114
WBGene00018860.,102,249,351
WBGene00018861.,27,97,124
WBGene00018862.,23,250,273
WBGene00018863.,9,370,379
WBGene00018864.,125,669,794
WBGene00018865.,1,2,3
WBGene00018866.,169,1687,1856
WBGene00018867.,44,132,176
WBGene00018868.,21,16,37
WBGene00018869.,190,1445,1635
WBGene00018870.,1,18,19
WBGene00018871.,12,399,411
WBGene00018872.,266,1410,1676
WBGene00018873.,3,26,29
WBGene00018874.,11,13,24
WBGene00018875.,0,1,1
WBGene00018877.,136,886,1022
WBGene00018878.,4,328,332
WBGene00018879.,31,226,257
WBGene00018880.,16,28,44
WBGene00018881.,0,2,2
WBGene00018882.,0,0,0
WBGene00018883.,0,6,6
WBGene00018884.,5,3,8
WBGene00018885.,1,9,10
WBGene00018886.,2,183,185
WBGene00018888.,0,1,1
WBGene00018890.,198,1738,1936
WBGene00018891.,169,1715,1884
WBGene00018892.,53,1704,1757
WBGene00018893.,367,2452,2819
WBGene00018894.,5,637,642
WBGene00018895.,0,0,0
WBGene00018896.,2,12,14
WBGene00018897.,23,350,373
WBGene00018898.,312,4087,4399
WBGene00018899.,7,26,33
WBGene00018900.,27,809,836
WBGene00018901.,1,35,36
WBGene00018902.,3,161,164
WBGene00018903.,4,78,82
WBGene00018904.,13,723,736
WBGene00018906.,28,41,69
WBGene00018907.,39,76,115
WBGene00018908.,37,190,227
WBGene00018909.,62,198,260
WBGene00018910.,0,0,0
WBGene00018911.,1,0,1
WBGene00018912.,0,0,0
WBGene00018913.,0,0,0
WBGene00018914.,0,0,0
WBGene00018915.,0,0,0
WBGene00018917.,0,0,0
WBGene00018918.,0,0,0
WBGene00018919.,0,0,0
WBGene00018920.,0,0,0
WBGene00018921.,0,13,13
WBGene00018923.,112,326,438
WBGene00018924.,28,82,110
WBGene00018925.,10,385,395
WBGene00018926.,0,0,0
WBGene00018928.,53,292,345
WBGene00018929.,6,13,19
WBGene00018930.,0,0,0
WBGene00018931.,4,8,12
WBGene00018932.,88,1980,2068
WBGene00018933.,0,1,1
WBGene00018934.,33,2265,2298
WBGene00018935.,16,861,877
WBGene00018937.,9,57,66
WBGene00018938.,0,1,1
WBGene00018939.,1,11,12
WBGene00018940.,0,0,0
WBGene00018941.,0,1,1
WBGene00018942.,0,0,0
WBGene00018943.,2,0,2
WBGene00018944.,0,1,1
WBGene00018945.,13,70,83
WBGene00018946.,2,7,9
WBGene00018948.,5,96,101
WBGene00018949.,3,4,7
WBGene00018950.,32,194,226
WBGene00018951.,11,244,255
WBGene00018952.,15,101,116
WBGene00018953.,347,2893,3240
WBGene00018954.,59,273,332
WBGene00018955.,35,524,559
WBGene00018957.,46,504,550
WBGene00018958.,87,354,441
WBGene00018959.,33,473,506
WBGene00018960.,18,539,557
WBGene00018961.,222,1542,1764
WBGene00018963.,891,10989,11880
WBGene00018964.,27,196,223
WBGene00018965.,12,27,39
WBGene00018966.,20,83,103
WBGene00018967.,88,1261,1349
WBGene00018968.,1,7,8
WBGene00018969.,41,1175,1216
WBGene00018970.,3,0,3
WBGene00018971.,9,45,54
WBGene00018972.,1,4,5
WBGene00018973.,1,0,1
WBGene00018974.,141,637,778
WBGene00018975.,342,889,1231
WBGene00018976.,127,136,263
WBGene00018978.,0,0,0
WBGene00018979.,0,1,1
WBGene00018980.,3,0,3
WBGene00018981.,2,3,5
WBGene00018982.,4,1,5
WBGene00018984.,20,77,97
WBGene00018985.,91,581,672
WBGene00018986.,48,518,566
WBGene00018987.,69,366,435
WBGene00018988.,18,95,113
WBGene00018989.,47,395,442
WBGene00018990.,43,168,211
WBGene00018991.,24,138,162
WBGene00018992.,12,19,31
WBGene00018993.,2,1,3
WBGene00018994.,0,4,4
WBGene00018995.,74,410,484
WBGene00018996.,41,940,981
WBGene00018997.,5,23,28
WBGene00018998.,105,1124,1229
WBGene00018999.,1,9,10
WBGene00019001.,550,8459,9009
WBGene00019002.,47,195,242
WBGene00019003.,87,2534,2621
WBGene00019004.,43,554,597
WBGene00019005.,166,1219,1385
WBGene00019006.,123,963,1086
WBGene00019007.,2825,6783,9608
WBGene00019008.,8,388,396
WBGene00019009.,34,205,239
WBGene00019010.,112,14,126
WBGene00019011.,100,619,719
WBGene00019012.,33,99,132
WBGene00019013.,8,154,162
WBGene00019014.,17,118,135
WBGene00019015.,1,9,10
WBGene00019016.,0,4,4
WBGene00019017.,21,1086,1107
WBGene00019018.,572,1608,2180
WBGene00019019.,113,30,143
WBGene00019020.,0,97,97
WBGene00019021.,1,78,79
WBGene00019022.,38,89,127
WBGene00019023.,17,82,99
WBGene00019024.,0,0,0
WBGene00019025.,6,57,63
WBGene00019026.,0,0,0
WBGene00019027.,1,2,3
WBGene00019028.,4,5,9
WBGene00019029.,15,19,34
WBGene00019030.,95,191,286
WBGene00019032.,8,42,50
WBGene00019034.,0,0,0
WBGene00019035.,1,4,5
WBGene00019036.,4,0,4
WBGene00019037.,0,0,0
WBGene00019038.,1,2,3
WBGene00019039.,0,0,0
WBGene00019040.,1,0,1
WBGene00019041.,0,1,1
WBGene00019042.,0,0,0
WBGene00019043.,1,1,2
WBGene00019044.,0,0,0
WBGene00019045.,0,0,0
WBGene00019046.,3,4,7
WBGene00019047.,4,87,91
WBGene00019048.,14,166,180
WBGene00019049.,4,18,22
WBGene00019050.,0,2,2
WBGene00019051.,0,0,0
WBGene00019053.,0,3,3
WBGene00019054.,0,2,2
WBGene00019055.,24,384,408
WBGene00019057.,4,16,20
WBGene00019058.,2,12,14
WBGene00019059.,2,3,5
WBGene00019060.,23,130,153
WBGene00019061.,3356,27795,31151
WBGene00019062.,1,0,1
WBGene00019063.,1,2,3
WBGene00019064.,51,862,913
WBGene00019065.,0,0,0
WBGene00019066.,0,0,0
WBGene00019067.,7,48,55
WBGene00019068.,2,29,31
WBGene00019069.,101,253,354
WBGene00019070.,0,30,30
WBGene00019072.,0,0,0
WBGene00019073.,0,0,0
WBGene00019074.,136,957,1093
WBGene00019075.,28,253,281
WBGene00019076.,116,1329,1445
WBGene00019077.,17,822,839
WBGene00019079.,92,944,1036
WBGene00019080.,4,18,22
WBGene00019081.,6,2,8
WBGene00019082.,12,100,112
WBGene00019084.,1,11,12
WBGene00019085.,0,0,0
WBGene00019086.,2,3,5
WBGene00019087.,18,678,696
WBGene00019089.,5,6,11
WBGene00019090.,451,3267,3718
WBGene00019091.,4,6,10
WBGene00019092.,703,5550,6253
WBGene00019094.,4,8,12
WBGene00019095.,11,90,101
WBGene00019096.,0,0,0
WBGene00019097.,10,188,198
WBGene00019098.,0,5,5
WBGene00019099.,1,2,3
WBGene00019100.,54,161,215
WBGene00019101.,4,20,24
WBGene00019102.,316,1516,1832
WBGene00019103.,19,76,95
WBGene00019104.,0,1,1
WBGene00019105.,7,67,74
WBGene00019106.,11,13,24
WBGene00019107.,3,4,7
WBGene00019108.,5,127,132
WBGene00019109.,72,194,266
WBGene00019111.,51,339,390
WBGene00019112.,10,4,14
WBGene00019113.,10,220,230
WBGene00019114.,19,104,123
WBGene00019115.,13,61,74
WBGene00019116.,14,218,232
WBGene00019117.,13,116,129
WBGene00019118.,12,676,688
WBGene00019119.,2,0,2
WBGene00019120.,43,884,927
WBGene00019121.,17,945,962
WBGene00019122.,181,11,192
WBGene00019123.,1,1,2
WBGene00019124.,155,1447,1602
WBGene00019125.,32,182,214
WBGene00019126.,15,38,53
WBGene00019127.,35,490,525
WBGene00019128.,49,138,187
WBGene00019129.,65,342,407
WBGene00019130.,89,255,344
WBGene00019131.,11,42,53
WBGene00019132.,10,33,43
WBGene00019133.,1,6,7
WBGene00019134.,2,51,53
WBGene00019135.,0,1,1
WBGene00019137.,0,0,0
WBGene00019138.,56,14,70
WBGene00019139.,9,66,75
WBGene00019140.,7,64,71
WBGene00019141.,25,167,192
WBGene00019142.,10,204,214
WBGene00019143.,47,413,460
WBGene00019144.,10,17,27
WBGene00019145.,0,1,1
WBGene00019146.,0,1,1
WBGene00019148.,23,207,230
WBGene00019149.,37,78,115
WBGene00019150.,0,2,2
WBGene00019151.,0,1,1
WBGene00019152.,1,1,2
WBGene00019153.,0,89,89
WBGene00019154.,11,296,307
WBGene00019155.,2,1,3
WBGene00019156.,44,685,729
WBGene00019157.,257,1143,1400
WBGene00019158.,30,973,1003
WBGene00019159.,1,7,8
WBGene00019160.,531,35691,36222
WBGene00019162.,74,10584,10658
WBGene00019163.,9,819,828
WBGene00019164.,9,100,109
WBGene00019165.,2,3,5
WBGene00019166.,213,327,540
WBGene00019167.,103,688,791
WBGene00019168.,1108,7422,8530
WBGene00019169.,0,8,8
WBGene00019170.,333,1831,2164
WBGene00019171.,0,4,4
WBGene00019174.,5,35,40
WBGene00019176.,26,26,52
WBGene00019177.,6,119,125
WBGene00019178.,0,0,0
WBGene00019179.,2,0,2
WBGene00019180.,253,436,689
WBGene00019181.,4,19,23
WBGene00019182.,16,137,153
WBGene00019183.,925,25,950
WBGene00019184.,10,112,122
WBGene00019185.,22,546,568
WBGene00019186.,0,1,1
WBGene00019187.,52,135,187
WBGene00019188.,78,678,756
WBGene00019189.,0,11,11
WBGene00019190.,33,1,34
WBGene00019192.,0,1,1
WBGene00019193.,0,0,0
WBGene00019194.,7,8,15
WBGene00019196.,19,950,969
WBGene00019197.,6,23,29
WBGene00019198.,52,212,264
WBGene00019199.,101,642,743
WBGene00019200.,78,354,432
WBGene00019202.,9,1,10
WBGene00019203.,538,4342,4880
WBGene00019204.,121,611,732
WBGene00019205.,1149,3076,4225
WBGene00019207.,338,3324,3662
WBGene00019208.,3,8,11
WBGene00019209.,218,1751,1969
WBGene00019211.,271,1002,1273
WBGene00019212.,75,989,1064
WBGene00019213.,24,92,116
WBGene00019214.,3,0,3
WBGene00019215.,4,7,11
WBGene00019216.,1,1,2
WBGene00019217.,288,1265,1553
WBGene00019218.,87,332,419
WBGene00019219.,59,721,780
WBGene00019220.,76,2055,2131
WBGene00019221.,8,251,259
WBGene00019222.,2,5,7
WBGene00019224.,12,98,110
WBGene00019225.,5,11,16
WBGene00019226.,4,33,37
WBGene00019227.,142,1172,1314
WBGene00019228.,3,78,81
WBGene00019229.,3,11,14
WBGene00019230.,40,66,106
WBGene00019231.,15,32,47
WBGene00019232.,257,517,774
WBGene00019233.,6,22,28
WBGene00019234.,39,311,350
WBGene00019235.,16,25,41
WBGene00019236.,9,30,39
WBGene00019237.,184,1142,1326
WBGene00019239.,29,4,33
WBGene00019240.,107,1644,1751
WBGene00019241.,169,789,958
WBGene00019242.,37,35,72
WBGene00019243.,5,512,517
WBGene00019244.,45,208,253
WBGene00019245.,128,737,865
WBGene00019246.,479,2380,2859
WBGene00019247.,10,115,125
WBGene00019248.,207,247,454
WBGene00019249.,393,7143,7536
WBGene00019250.,504,2240,2744
WBGene00019251.,18,2,20
WBGene00019253.,0,7,7
WBGene00019254.,5,51,56
WBGene00019255.,1,9,10
WBGene00019257.,1,1,2
WBGene00019259.,52,1161,1213
WBGene00019260.,1,1,2
WBGene00019261.,4,124,128
WBGene00019262.,3,3,6
WBGene00019263.,82,572,654
WBGene00019264.,96,650,746
WBGene00019265.,4,188,192
WBGene00019266.,3,18,21
WBGene00019267.,1,4,5
WBGene00019268.,57,237,294
WBGene00019269.,7,21,28
WBGene00019270.,142,198,340
WBGene00019272.,37,150,187
WBGene00019273.,5,32,37
WBGene00019274.,156,408,564
WBGene00019275.,171,923,1094
WBGene00019276.,100,815,915
WBGene00019277.,126,1317,1443
WBGene00019278.,145,498,643
WBGene00019279.,722,638,1360
WBGene00019280.,36,365,401
WBGene00019281.,0,5,5
WBGene00019282.,704,5647,6351
WBGene00019283.,0,0,0
WBGene00019284.,48,919,967
WBGene00019285.,57,247,304
WBGene00019286.,98,105,203
WBGene00019287.,14,10,24
WBGene00019288.,0,0,0
WBGene00019289.,84,610,694
WBGene00019290.,5,126,131
WBGene00019292.,0,0,0
WBGene00019293.,3,143,146
WBGene00019294.,309,1637,1946
WBGene00019295.,217,1428,1645
WBGene00019296.,21,1209,1230
WBGene00019297.,1,3,4
WBGene00019298.,54,702,756
WBGene00019299.,72,457,529
WBGene00019300.,24,366,390
WBGene00019301.,307,3767,4074
WBGene00019302.,2,0,2
WBGene00019303.,42,21,63
WBGene00019304.,12,229,241
WBGene00019305.,61,1362,1423
WBGene00019306.,2,10,12
WBGene00019309.,2,2,4
WBGene00019310.,1,46,47
WBGene00019311.,66,1215,1281
WBGene00019312.,2,1,3
WBGene00019313.,0,1,1
WBGene00019314.,1,9,10
WBGene00019315.,111,797,908
WBGene00019316.,0,40,40
WBGene00019317.,46,316,362
WBGene00019318.,72,61,133
WBGene00019319.,34,188,222
WBGene00019320.,12,55,67
WBGene00019321.,34,224,258
WBGene00019322.,147,33303,33450
WBGene00019323.,541,1989,2530
WBGene00019324.,302,6179,6481
WBGene00019326.,149,2466,2615
WBGene00019327.,658,8108,8766
WBGene00019328.,266,2100,2366
WBGene00019329.,109,406,515
WBGene00019331.,83,94,177
WBGene00019332.,1360,8403,9763
WBGene00019333.,394,2183,2577
WBGene00019334.,18,813,831
WBGene00019335.,0,22,22
WBGene00019337.,3,2,5
WBGene00019338.,3,1,4
WBGene00019339.,1,45,46
WBGene00019340.,0,1,1
WBGene00019341.,12,0,12
WBGene00019342.,0,24,24
WBGene00019343.,19,33,52
WBGene00019344.,39,258,297
WBGene00019345.,31,177,208
WBGene00019346.,5,144,149
WBGene00019347.,261,767,1028
WBGene00019348.,1,14,15
WBGene00019349.,4,3,7
WBGene00019350.,0,2,2
WBGene00019351.,28,540,568
WBGene00019352.,59,300,359
WBGene00019353.,39,673,712
WBGene00019354.,24,803,827
WBGene00019355.,164,1311,1475
WBGene00019356.,0,0,0
WBGene00019357.,166,6305,6471
WBGene00019360.,45,94,139
WBGene00019361.,136,1321,1457
WBGene00019362.,103,265,368
WBGene00019364.,8,128,136
WBGene00019365.,102,1200,1302
WBGene00019367.,1,4,5
WBGene00019368.,27,107,134
WBGene00019369.,5,18,23
WBGene00019370.,49,134,183
WBGene00019371.,2,3,5
WBGene00019372.,0,11,11
WBGene00019373.,39,169,208
WBGene00019374.,7,70,77
WBGene00019376.,1,3,4
WBGene00019379.,0,10,10
WBGene00019380.,392,2411,2803
WBGene00019381.,59,5886,5945
WBGene00019382.,10,27,37
WBGene00019383.,3,2,5
WBGene00019384.,1,1,2
WBGene00019385.,2,1,3
WBGene00019386.,2,4,6
WBGene00019387.,1,1,2
WBGene00019388.,10,44,54
WBGene00019389.,2,7,9
WBGene00019390.,0,2,2
WBGene00019391.,7,18,25
WBGene00019392.,5,4,9
WBGene00019393.,11,18,29
WBGene00019394.,64,181,245
WBGene00019395.,20,100,120
WBGene00019396.,49,488,537
WBGene00019399.,43,1079,1122
WBGene00019400.,126,799,925
WBGene00019401.,140,5330,5470
WBGene00019402.,91,1965,2056
WBGene00019403.,99,404,503
WBGene00019404.,6,22,28
WBGene00019405.,6,18,24
WBGene00019406.,9,22,31
WBGene00019407.,130,611,741
WBGene00019408.,48,597,645
WBGene00019409.,0,2,2
WBGene00019410.,1,1,2
WBGene00019411.,2,101,103
WBGene00019412.,0,2,2
WBGene00019413.,1,0,1
WBGene00019414.,0,1,1
WBGene00019415.,0,5,5
WBGene00019416.,1,7,8
WBGene00019417.,0,0,0
WBGene00019418.,1,2,3
WBGene00019419.,0,0,0
WBGene00019420.,0,1,1
WBGene00019421.,2,6,8
WBGene00019422.,0,5,5
WBGene00019423.,18,4,22
WBGene00019424.,12,115,127
WBGene00019425.,1,7,8
WBGene00019426.,7,161,168
WBGene00019427.,47,577,624
WBGene00019428.,194,469,663
WBGene00019429.,42,435,477
WBGene00019430.,0,6,6
WBGene00019431.,4,12,16
WBGene00019432.,82,1657,1739
WBGene00019433.,95,4193,4288
WBGene00019434.,213,285,498
WBGene00019435.,14,86,100
WBGene00019436.,45,352,397
WBGene00019437.,205,1428,1633
WBGene00019438.,0,0,0
WBGene00019439.,118,3,121
WBGene00019441.,40,60,100
WBGene00019442.,0,0,0
WBGene00019444.,18,32,50
WBGene00019445.,20,44,64
WBGene00019448.,15,144,159
WBGene00019449.,0,0,0
WBGene00019450.,1,0,1
WBGene00019451.,3,0,3
WBGene00019452.,0,0,0
WBGene00019453.,4,1,5
WBGene00019454.,0,1,1
WBGene00019455.,11,50,61
WBGene00019456.,38,238,276
WBGene00019457.,156,981,1137
WBGene00019458.,36,270,306
WBGene00019459.,1,1,2
WBGene00019460.,58,508,566
WBGene00019461.,24,46,70
WBGene00019462.,166,133,299
WBGene00019464.,5,250,255
WBGene00019465.,256,1949,2205
WBGene00019466.,775,16152,16927
WBGene00019467.,12,839,851
WBGene00019469.,0,3,3
WBGene00019470.,0,0,0
WBGene00019471.,2,0,2
WBGene00019472.,3,7,10
WBGene00019473.,4,14,18
WBGene00019476.,17,172,189
WBGene00019477.,6,73,79
WBGene00019478.,833,3469,4302
WBGene00019479.,171,1410,1581
WBGene00019480.,68,597,665
WBGene00019481.,84,1749,1833
WBGene00019482.,27,255,282
WBGene00019483.,0,2,2
WBGene00019484.,1,218,219
WBGene00019485.,51,216,267
WBGene00019486.,3,1,4
WBGene00019487.,19,193,212
WBGene00019488.,184,2301,2485
WBGene00019489.,36,790,826
WBGene00019490.,24,821,845
WBGene00019491.,28,395,423
WBGene00019492.,540,2254,2794
WBGene00019493.,24,94,118
WBGene00019494.,1,27,28
WBGene00019495.,42,542,584
WBGene00019496.,16,69,85
WBGene00019497.,26,502,528
WBGene00019498.,78,473,551
WBGene00019501.,2,3,5
WBGene00019502.,2,2,4
WBGene00019503.,47,306,353
WBGene00019504.,15,1053,1068
WBGene00019506.,9,10,19
WBGene00019507.,0,4,4
WBGene00019508.,8,19,27
WBGene00019509.,3,73,76
WBGene00019510.,743,23321,24064
WBGene00019511.,101,1072,1173
WBGene00019512.,12,15,27
WBGene00019513.,28,471,499
WBGene00019514.,0,2,2
WBGene00019515.,6,73,79
WBGene00019516.,19,68,87
WBGene00019517.,4,5,9
WBGene00019518.,18,47,65
WBGene00019519.,80,273,353
WBGene00019520.,1,89,90
WBGene00019521.,101,1449,1550
WBGene00019522.,93,327,420
WBGene00019524.,1,2,3
WBGene00019525.,93,810,903
WBGene00019526.,8,0,8
WBGene00019527.,0,3,3
WBGene00019529.,0,0,0
WBGene00019530.,0,2,2
WBGene00019531.,0,0,0
WBGene00019532.,5,1,6
WBGene00019533.,0,1,1
WBGene00019534.,2,0,2
WBGene00019535.,17,122,139
WBGene00019536.,50,72,122
WBGene00019537.,15,25850,25865
WBGene00019538.,22,159,181
WBGene00019540.,101,4137,4238
WBGene00019541.,2,43,45
WBGene00019543.,443,3401,3844
WBGene00019544.,40,909,949
WBGene00019545.,37,167,204
WBGene00019546.,51,318,369
WBGene00019547.,1,2,3
WBGene00019548.,1,0,1
WBGene00019549.,1,1,2
WBGene00019550.,14,33,47
WBGene00019552.,4,65,69
WBGene00019553.,5,34,39
WBGene00019554.,26,265,291
WBGene00019556.,3,7,10
WBGene00019557.,3,4,7
WBGene00019558.,1,1,2
WBGene00019559.,0,0,0
WBGene00019560.,0,0,0
WBGene00019561.,0,1,1
WBGene00019562.,0,0,0
WBGene00019563.,1,26,27
WBGene00019564.,62,361,423
WBGene00019565.,3,6,9
WBGene00019566.,1,1,2
WBGene00019567.,1,2,3
WBGene00019568.,3,5,8
WBGene00019569.,0,1,1
WBGene00019570.,18,37,55
WBGene00019571.,50,32,82
WBGene00019572.,0,30,30
WBGene00019574.,0,2,2
WBGene00019575.,4,10,14
WBGene00019576.,0,15,15
WBGene00019577.,6,37,43
WBGene00019578.,2,5,7
WBGene00019579.,4,16,20
WBGene00019580.,1,5,6
WBGene00019582.,0,3,3
WBGene00019583.,0,0,0
WBGene00019584.,4,9,13
WBGene00019586.,3,8,11
WBGene00019587.,0,6,6
WBGene00019588.,0,1,1
WBGene00019589.,6,13,19
WBGene00019590.,3,8,11
WBGene00019591.,0,0,0
WBGene00019592.,0,65,65
WBGene00019593.,2,143,145
WBGene00019594.,5,2,7
WBGene00019595.,9,269,278
WBGene00019597.,65,361,426
WBGene00019598.,86,102,188
WBGene00019599.,39,153,192
WBGene00019600.,4,80,84
WBGene00019601.,1,11,12
WBGene00019603.,11,184,195
WBGene00019604.,0,3,3
WBGene00019605.,23,99,122
WBGene00019606.,0,29,29
WBGene00019607.,621,2795,3416
WBGene00019608.,10,244,254
WBGene00019609.,255,974,1229
WBGene00019611.,11,328,339
WBGene00019612.,176,810,986
WBGene00019613.,0,2,2
WBGene00019614.,0,2,2
WBGene00019615.,53,271,324
WBGene00019616.,7,55,62
WBGene00019617.,17,398,415
WBGene00019618.,10,22,32
WBGene00019619.,27,186,213
WBGene00019620.,61,2140,2201
WBGene00019621.,0,0,0
WBGene00019622.,0,0,0
WBGene00019623.,61,351,412
WBGene00019624.,338,1654,1992
WBGene00019625.,10,4,14
WBGene00019626.,0,0,0
WBGene00019627.,70,579,649
WBGene00019628.,29,866,895
WBGene00019629.,27,659,686
WBGene00019630.,58,282,340
WBGene00019631.,95,965,1060
WBGene00019633.,106,383,489
WBGene00019636.,6,55,61
WBGene00019638.,1,2,3
WBGene00019639.,0,3,3
WBGene00019640.,13,18,31
WBGene00019641.,31,106,137
WBGene00019642.,17,70,87
WBGene00019643.,8,284,292
WBGene00019644.,23,77,100
WBGene00019645.,94,1021,1115
WBGene00019646.,0,1,1
WBGene00019647.,72,953,1025
WBGene00019648.,0,21,21
WBGene00019649.,7,74,81
WBGene00019650.,120,531,651
WBGene00019651.,113,513,626
WBGene00019652.,18,261,279
WBGene00019653.,1,8,9
WBGene00019654.,6,49,55
WBGene00019655.,5,80,85
WBGene00019656.,43,1288,1331
WBGene00019657.,59,553,612
WBGene00019658.,136,1205,1341
WBGene00019659.,4,18,22
WBGene00019660.,2,90,92
WBGene00019661.,2,37,39
WBGene00019662.,6,5,11
WBGene00019663.,38,1141,1179
WBGene00019664.,181,1827,2008
WBGene00019665.,16,129,145
WBGene00019666.,26,338,364
WBGene00019667.,13,18,31
WBGene00019668.,2,10,12
WBGene00019669.,19,80,99
WBGene00019672.,0,0,0
WBGene00019673.,48,510,558
WBGene00019674.,8,14,22
WBGene00019675.,0,0,0
WBGene00019676.,2,4,6
WBGene00019677.,92,280,372
WBGene00019678.,422,2006,2428
WBGene00019679.,237,2169,2406
WBGene00019680.,0,8914,8914
WBGene00019681.,0,0,0
WBGene00019682.,57,354,411
WBGene00019683.,375,57,432
WBGene00019684.,0,2,2
WBGene00019685.,2,2,4
WBGene00019686.,203,1227,1430
WBGene00019687.,0,0,0
WBGene00019688.,8,7,15
WBGene00019689.,1,8,9
WBGene00019690.,1,3,4
WBGene00019691.,20,46,66
WBGene00019692.,36,191,227
WBGene00019693.,37,2679,2716
WBGene00019697.,307,908,1215
WBGene00019698.,295,2753,3048
WBGene00019699.,4,7,11
WBGene00019700.,0,1,1
WBGene00019702.,0,0,0
WBGene00019703.,0,1,1
WBGene00019704.,0,2,2
WBGene00019705.,0,12,12
WBGene00019706.,5,0,5
WBGene00019709.,0,0,0
WBGene00019710.,3,227,230
WBGene00019711.,94,1233,1327
WBGene00019712.,30,211,241
WBGene00019713.,46,231,277
WBGene00019714.,2,2,4
WBGene00019715.,101,499,600
WBGene00019716.,180,1231,1411
WBGene00019717.,21,80,101
WBGene00019718.,0,11,11
WBGene00019719.,1508,6341,7849
WBGene00019720.,29,147,176
WBGene00019721.,17,4,21
WBGene00019722.,2,8,10
WBGene00019723.,0,82,82
WBGene00019724.,73,272,345
WBGene00019725.,14,198,212
WBGene00019726.,227,191,418
WBGene00019727.,452,13456,13908
WBGene00019728.,1,4,5
WBGene00019729.,26,260,286
WBGene00019730.,47,442,489
WBGene00019731.,30,23,53
WBGene00019732.,1,716,717
WBGene00019733.,285,1007,1292
WBGene00019734.,330,2285,2615
WBGene00019735.,4,5,9
WBGene00019736.,6,10,16
WBGene00019738.,10,61,71
WBGene00019739.,4,25,29
WBGene00019740.,1,0,1
WBGene00019741.,16,286,302
WBGene00019742.,32,82,114
WBGene00019743.,44,173,217
WBGene00019744.,104,856,960
WBGene00019745.,1,5,6
WBGene00019746.,59,123,182
WBGene00019747.,285,952,1237
WBGene00019748.,149,1365,1514
WBGene00019749.,47,259,306
WBGene00019750.,1228,1043,2271
WBGene00019751.,55,795,850
WBGene00019753.,58,222,280
WBGene00019754.,2,65,67
WBGene00019755.,0,0,0
WBGene00019756.,2,0,2
WBGene00019757.,119,384,503
WBGene00019758.,0,2,2
WBGene00019759.,112,438,550
WBGene00019760.,145,14754,14899
WBGene00019761.,3,17,20
WBGene00019762.,200,1858,2058
WBGene00019763.,6,23,29
WBGene00019764.,23,246,269
WBGene00019765.,13,232,245
WBGene00019766.,68,189,257
WBGene00019767.,11,4877,4888
WBGene00019768.,18,356,374
WBGene00019769.,4,76,80
WBGene00019770.,522,3216,3738
WBGene00019771.,399,1104,1503
WBGene00019772.,185,1527,1712
WBGene00019773.,3,4,7
WBGene00019774.,169,252,421
WBGene00019776.,8,65,73
WBGene00019777.,24,125,149
WBGene00019778.,29,416,445
WBGene00019779.,22,87,109
WBGene00019780.,213,12318,12531
WBGene00019781.,93,485,578
WBGene00019782.,2,14,16
WBGene00019783.,3,0,3
WBGene00019784.,1,10,11
WBGene00019785.,2,14,16
WBGene00019786.,105,374,479
WBGene00019787.,95,330,425
WBGene00019788.,0,0,0
WBGene00019789.,3,280,283
WBGene00019791.,0,0,0
WBGene00019792.,39,187,226
WBGene00019793.,2,1,3
WBGene00019794.,0,1,1
WBGene00019795.,0,1,1
WBGene00019796.,0,5,5
WBGene00019797.,0,0,0
WBGene00019798.,0,0,0
WBGene00019799.,0,6,6
WBGene00019800.,20,2930,2950
WBGene00019801.,70,482,552
WBGene00019803.,4,30,34
WBGene00019804.,0,3,3
WBGene00019805.,31,204,235
WBGene00019806.,2,162,164
WBGene00019807.,53,340,393
WBGene00019808.,55,1178,1233
WBGene00019809.,0,0,0
WBGene00019810.,0,17,17
WBGene00019811.,3,61,64
WBGene00019812.,60,132,192
WBGene00019813.,29,887,916
WBGene00019814.,8,39,47
WBGene00019815.,3,2,5
WBGene00019816.,48,261,309
WBGene00019817.,15,51,66
WBGene00019818.,42,440,482
WBGene00019819.,89,2325,2414
WBGene00019820.,52,792,844
WBGene00019821.,79,900,979
WBGene00019822.,65,507,572
WBGene00019823.,134,1257,1391
WBGene00019824.,37,325,362
WBGene00019825.,45,211,256
WBGene00019826.,1,7,8
WBGene00019827.,102,782,884
WBGene00019828.,8,61,69
WBGene00019829.,16,385,401
WBGene00019830.,21,559,580
WBGene00019831.,161,8414,8575
WBGene00019832.,70,251,321
WBGene00019833.,2,30,32
WBGene00019834.,0,9,9
WBGene00019835.,0,0,0
WBGene00019836.,77,1008,1085
WBGene00019837.,33,158,191
WBGene00019838.,288,2050,2338
WBGene00019839.,1,33,34
WBGene00019840.,19,229,248
WBGene00019841.,68,1076,1144
WBGene00019842.,578,478,1056
WBGene00019843.,56,528,584
WBGene00019844.,116,317,433
WBGene00019845.,11,24,35
WBGene00019846.,7,36,43
WBGene00019847.,348,604,952
WBGene00019849.,3,15,18
WBGene00019850.,1,2,3
WBGene00019851.,4,5,9
WBGene00019853.,11,45,56
WBGene00019854.,14,120,134
WBGene00019855.,281,1424,1705
WBGene00019856.,1,0,1
WBGene00019857.,2,1,3
WBGene00019858.,5,71,76
WBGene00019859.,0,33,33
WBGene00019861.,1,6,7
WBGene00019862.,24,502,526
WBGene00019863.,142,379,521
WBGene00019864.,44,265,309
WBGene00019865.,15,67,82
WBGene00019866.,13,48,61
WBGene00019867.,82,456,538
WBGene00019868.,35,357,392
WBGene00019869.,4,14,18
WBGene00019870.,15,82,97
WBGene00019871.,18,601,619
WBGene00019872.,162,135,297
WBGene00019873.,43,398,441
WBGene00019874.,1,22,23
WBGene00019875.,74,1291,1365
WBGene00019877.,26,805,831
WBGene00019878.,11,82,93
WBGene00019879.,0,0,0
WBGene00019880.,0,0,0
WBGene00019881.,67,534,601
WBGene00019882.,251,1212,1463
WBGene00019883.,70,1202,1272
WBGene00019884.,70,582,652
WBGene00019885.,26,211,237
WBGene00019886.,0,5,5
WBGene00019887.,16,17,33
WBGene00019888.,143,1729,1872
WBGene00019890.,38,3604,3642
WBGene00019891.,8,6,14
WBGene00019892.,24,458,482
WBGene00019893.,95,6382,6477
WBGene00019894.,25,77,102
WBGene00019895.,111,978,1089
WBGene00019896.,34,73,107
WBGene00019898.,105,768,873
WBGene00019899.,117,268,385
WBGene00019900.,564,38100,38664
WBGene00019901.,10,357,367
WBGene00019902.,202,425,627
WBGene00019903.,1,4,5
WBGene00019904.,131,1355,1486
WBGene00019905.,0,3,3
WBGene00019906.,4,5,9
WBGene00019907.,28,196,224
WBGene00019908.,318,1277,1595
WBGene00019909.,79,51,130
WBGene00019911.,70,479,549
WBGene00019912.,0,2,2
WBGene00019913.,5,3,8
WBGene00019914.,41,74,115
WBGene00019915.,72,358,430
WBGene00019916.,0,0,0
WBGene00019917.,0,8,8
WBGene00019918.,19,123,142
WBGene00019919.,0,0,0
WBGene00019920.,3,0,3
WBGene00019921.,0,4,4
WBGene00019922.,2,21,23
WBGene00019923.,0,3,3
WBGene00019924.,19,168,187
WBGene00019925.,1,6,7
WBGene00019926.,0,4,4
WBGene00019927.,5,6,11
WBGene00019928.,1,14,15
WBGene00019929.,2,4,6
WBGene00019930.,0,0,0
WBGene00019931.,0,0,0
WBGene00019932.,6,9,15
WBGene00019933.,2,0,2
WBGene00019934.,0,0,0
WBGene00019935.,40,115,155
WBGene00019937.,0,4824,4824
WBGene00019938.,36,268,304
WBGene00019939.,8,21,29
WBGene00019940.,220,2983,3203
WBGene00019941.,133,2458,2591
WBGene00019943.,48,395,443
WBGene00019944.,39,1170,1209
WBGene00019945.,0,0,0
WBGene00019946.,97,1367,1464
WBGene00019947.,23,10991,11014
WBGene00019948.,8,20,28
WBGene00019949.,0,2,2
WBGene00019950.,2,3,5
WBGene00019951.,2,6,8
WBGene00019952.,0,190,190
WBGene00019953.,155,1619,1774
WBGene00019954.,0,0,0
WBGene00019955.,166,573,739
WBGene00019956.,0,6,6
WBGene00019957.,14,106,120
WBGene00019959.,55,333,388
WBGene00019960.,64,358,422
WBGene00019961.,3,31,34
WBGene00019962.,23,232,255
WBGene00019963.,11,439,450
WBGene00019964.,5,14,19
WBGene00019965.,20,66,86
WBGene00019966.,2,4,6
WBGene00019967.,34,450,484
WBGene00019968.,2,122,124
WBGene00019969.,1,0,1
WBGene00019970.,3,52,55
WBGene00019971.,43,953,996
WBGene00019972.,10,10,20
WBGene00019973.,6,14,20
WBGene00019975.,78,612,690
WBGene00019976.,0,5,5
WBGene00019977.,4,19,23
WBGene00019978.,3,32,35
WBGene00019979.,12,90,102
WBGene00019980.,2,0,2
WBGene00019981.,4,2,6
WBGene00019982.,10,9,19
WBGene00019983.,61,3011,3072
WBGene00019986.,11,82,93
WBGene00019987.,10,296,306
WBGene00019988.,6,724,730
WBGene00019989.,3,10,13
WBGene00019991.,2,3,5
WBGene00019992.,0,0,0
WBGene00019993.,23,732,755
WBGene00019994.,121,356,477
WBGene00019995.,22,134,156
WBGene00019996.,2,4,6
WBGene00019997.,4,28,32
WBGene00019998.,367,1807,2174
WBGene00019999.,38,109,147
WBGene00020003.,16,17,33
WBGene00020004.,3,4,7
WBGene00020006.,108,356,464
WBGene00020007.,70,2191,2261
WBGene00020008.,23,137,160
WBGene00020010.,4,21,25
WBGene00020011.,56,265,321
WBGene00020012.,186,2649,2835
WBGene00020013.,0,2,2
WBGene00020014.,2,28,30
WBGene00020015.,3,9,12
WBGene00020016.,6,8,14
WBGene00020017.,6,3,9
WBGene00020018.,41,328,369
WBGene00020019.,6,27,33
WBGene00020020.,0,20,20
WBGene00020021.,0,2,2
WBGene00020022.,24,516,540
WBGene00020023.,35,211,246
WBGene00020025.,75,3010,3085
WBGene00020026.,179,1016,1195
WBGene00020027.,127,1479,1606
WBGene00020028.,24,242,266
WBGene00020029.,136,1287,1423
WBGene00020030.,15,355,370
WBGene00020031.,103,884,987
WBGene00020032.,1,2,3
WBGene00020033.,4,58,62
WBGene00020034.,20,78,98
WBGene00020035.,7,63,70
WBGene00020036.,222,1802,2024
WBGene00020037.,39,2295,2334
WBGene00020038.,164,1924,2088
WBGene00020039.,5,87,92
WBGene00020040.,7,36,43
WBGene00020041.,4,0,4
WBGene00020042.,0,0,0
WBGene00020043.,62,446,508
WBGene00020045.,43,267,310
WBGene00020046.,6,8,14
WBGene00020047.,41,249,290
WBGene00020048.,14,106,120
WBGene00020049.,16,767,783
WBGene00020050.,19,90,109
WBGene00020051.,80,973,1053
WBGene00020052.,8,406,414
WBGene00020053.,0,8,8
WBGene00020054.,89,3338,3427
WBGene00020055.,0,1,1
WBGene00020056.,1,2,3
WBGene00020057.,3,2,5
WBGene00020058.,172,847,1019
WBGene00020059.,5,2,7
WBGene00020060.,7,7,14
WBGene00020062.,11,462,473
WBGene00020063.,0,0,0
WBGene00020064.,90,420,510
WBGene00020065.,1,0,1
WBGene00020066.,0,3,3
WBGene00020067.,0,2,2
WBGene00020068.,347,3328,3675
WBGene00020069.,98,366,464
WBGene00020070.,0,0,0
WBGene00020071.,0,2,2
WBGene00020072.,0,0,0
WBGene00020073.,0,1,1
WBGene00020075.,5,16,21
WBGene00020076.,0,0,0
WBGene00020077.,1,0,1
WBGene00020078.,3,3,6
WBGene00020080.,5,2,7
WBGene00020081.,4,0,4
WBGene00020082.,279,988,1267
WBGene00020083.,54,327,381
WBGene00020084.,3,11,14
WBGene00020086.,26,71,97
WBGene00020087.,36,83,119
WBGene00020088.,36,111,147
WBGene00020089.,489,1241,1730
WBGene00020090.,68,278,346
WBGene00020091.,17,140,157
WBGene00020092.,258,1482,1740
WBGene00020093.,42,167,209
WBGene00020094.,18,473,491
WBGene00020095.,37,366,403
WBGene00020096.,8,474,482
WBGene00020097.,587,7443,8030
WBGene00020098.,16,215,231
WBGene00020099.,102,528,630
WBGene00020100.,37,98,135
WBGene00020101.,94,544,638
WBGene00020102.,189,1124,1313
WBGene00020103.,3,95,98
WBGene00020104.,38,463,501
WBGene00020105.,67,118,185
WBGene00020106.,244,1193,1437
WBGene00020107.,77,2324,2401
WBGene00020109.,24,591,615
WBGene00020110.,269,2165,2434
WBGene00020111.,38,453,491
WBGene00020112.,700,4878,5578
WBGene00020113.,2,526,528
WBGene00020114.,2427,6963,9390
WBGene00020115.,458,3012,3470
WBGene00020116.,6,3,9
WBGene00020117.,2,2,4
WBGene00020118.,1,4,5
WBGene00020119.,2,1,3
WBGene00020120.,1,1,2
WBGene00020121.,0,1,1
WBGene00020122.,5,5,10
WBGene00020123.,0,1,1
WBGene00020125.,19,180,199
WBGene00020126.,115,1736,1851
WBGene00020127.,0,0,0
WBGene00020128.,63,43,106
WBGene00020129.,0,0,0
WBGene00020130.,30,63,93
WBGene00020131.,770,2710,3480
WBGene00020134.,739,451,1190
WBGene00020135.,74,796,870
WBGene00020136.,2,6,8
WBGene00020137.,27,278,305
WBGene00020138.,3,39,42
WBGene00020139.,51,773,824
WBGene00020140.,0,3,3
WBGene00020141.,24,246,270
WBGene00020142.,149,1062,1211
WBGene00020143.,681,5845,6526
WBGene00020144.,18,94,112
WBGene00020145.,6,3,9
WBGene00020146.,132,5877,6009
WBGene00020148.,15,156,171
WBGene00020149.,25,365,390
WBGene00020150.,4,5,9
WBGene00020151.,3,44,47
WBGene00020152.,8,18,26
WBGene00020153.,14,65,79
WBGene00020154.,4,17,21
WBGene00020155.,25,19821,19846
WBGene00020156.,74,10365,10439
WBGene00020157.,17,12,29
WBGene00020158.,22,245,267
WBGene00020160.,148,1131,1279
WBGene00020163.,51,240,291
WBGene00020164.,16,57,73
WBGene00020166.,160,1558,1718
WBGene00020167.,2,9,11
WBGene00020168.,4,91,95
WBGene00020169.,61,1247,1308
WBGene00020170.,35,39,74
WBGene00020171.,387,1140,1527
WBGene00020172.,56,309,365
WBGene00020173.,1,0,1
WBGene00020174.,0,0,0
WBGene00020175.,5,8,13
WBGene00020176.,0,2,2
WBGene00020177.,0,0,0
WBGene00020178.,0,0,0
WBGene00020179.,1,5,6
WBGene00020180.,0,0,0
WBGene00020181.,3970,24360,28330
WBGene00020182.,4,7,11
WBGene00020183.,12,129,141
WBGene00020184.,28,774,802
WBGene00020185.,31,6889,6920
WBGene00020187.,24,135,159
WBGene00020188.,4,39,43
WBGene00020189.,97,310,407
WBGene00020190.,279,2050,2329
WBGene00020191.,9,24,33
WBGene00020192.,63,4449,4512
WBGene00020193.,33,375,408
WBGene00020194.,136,1384,1520
WBGene00020195.,77,3909,3986
WBGene00020196.,67,121,188
WBGene00020197.,58,743,801
WBGene00020199.,12,265,277
WBGene00020200.,313,2409,2722
WBGene00020201.,2,2,4
WBGene00020202.,0,1,1
WBGene00020203.,4,1,5
WBGene00020204.,1,8,9
WBGene00020205.,0,2,2
WBGene00020207.,117,670,787
WBGene00020208.,349,1126,1475
WBGene00020209.,644,2415,3059
WBGene00020210.,0,4,4
WBGene00020211.,0,2,2
WBGene00020212.,31,33,64
WBGene00020214.,34,255,289
WBGene00020215.,128,1470,1598
WBGene00020216.,67,7361,7428
WBGene00020217.,2,0,2
WBGene00020218.,12,49,61
WBGene00020219.,35,220,255
WBGene00020220.,12,355,367
WBGene00020221.,0,0,0
WBGene00020222.,16,236,252
WBGene00020223.,2,19,21
WBGene00020224.,11,83,94
WBGene00020225.,2,6,8
WBGene00020227.,0,5,5
WBGene00020228.,2,7,9
WBGene00020229.,114,1880,1994
WBGene00020230.,347,1173,1520
WBGene00020231.,16,77,93
WBGene00020232.,0,0,0
WBGene00020233.,5,46,51
WBGene00020234.,265,1067,1332
WBGene00020235.,87,647,734
WBGene00020236.,27,33,60
WBGene00020237.,0,1198,1198
WBGene00020238.,0,1,1
WBGene00020239.,1,2,3
WBGene00020240.,0,0,0
WBGene00020241.,0,30,30
WBGene00020242.,0,35,35
WBGene00020243.,0,24,24
WBGene00020244.,0,11,11
WBGene00020245.,26,183,209
WBGene00020246.,120,3949,4069
WBGene00020247.,2,6,8
WBGene00020248.,16,311,327
WBGene00020249.,181,570,751
WBGene00020250.,17,199,216
WBGene00020251.,499,2341,2840
WBGene00020252.,9,9,18
WBGene00020254.,4,13,17
WBGene00020256.,5,24,29
WBGene00020258.,15,61,76
WBGene00020259.,53,447,500
WBGene00020260.,255,1494,1749
WBGene00020261.,1,11,12
WBGene00020262.,21,53,74
WBGene00020263.,186,684,870
WBGene00020264.,29,329,358
WBGene00020265.,0,0,0
WBGene00020266.,5,12,17
WBGene00020267.,10,55,65
WBGene00020268.,271,1223,1494
WBGene00020269.,621,5776,6397
WBGene00020270.,4,11,15
WBGene00020271.,2,1,3
WBGene00020273.,259,953,1212
WBGene00020274.,53,1050,1103
WBGene00020275.,4300,27325,31625
WBGene00020276.,2,79,81
WBGene00020277.,4,28,32
WBGene00020279.,174,391,565
WBGene00020280.,6,15,21
WBGene00020281.,4,26,30
WBGene00020282.,1,0,1
WBGene00020283.,14,60,74
WBGene00020284.,311,1267,1578
WBGene00020285.,4,15,19
WBGene00020286.,9,744,753
WBGene00020287.,53,1545,1598
WBGene00020288.,1,4,5
WBGene00020289.,2,1,3
WBGene00020290.,2,1,3
WBGene00020291.,0,0,0
WBGene00020292.,1,1,2
WBGene00020293.,0,1,1
WBGene00020294.,430,1046,1476
WBGene00020295.,28,159,187
WBGene00020296.,111,1105,1216
WBGene00020297.,1545,11124,12669
WBGene00020298.,120,1000,1120
WBGene00020299.,106,681,787
WBGene00020300.,21,288,309
WBGene00020301.,166,498,664
WBGene00020302.,0,70,70
WBGene00020304.,7,1,8
WBGene00020305.,1,0,1
WBGene00020306.,18,2,20
WBGene00020307.,54,147,201
WBGene00020308.,8,11,19
WBGene00020309.,6,2,8
WBGene00020311.,6,341,347
WBGene00020313.,7,38,45
WBGene00020314.,38,331,369
WBGene00020315.,91,3469,3560
WBGene00020316.,191,625,816
WBGene00020317.,205,7866,8071
WBGene00020318.,5,15,20
WBGene00020319.,3,30,33
WBGene00020320.,17,238,255
WBGene00020321.,11,412,423
WBGene00020322.,11,425,436
WBGene00020323.,13,34,47
WBGene00020324.,131,1129,1260
WBGene00020325.,3,14,17
WBGene00020326.,1,3,4
WBGene00020327.,2,2,4
WBGene00020328.,0,2,2
WBGene00020329.,0,11,11
WBGene00020330.,41,456,497
WBGene00020333.,0,7,7
WBGene00020334.,189,1174,1363
WBGene00020335.,21,128,149
WBGene00020338.,1,5,6
WBGene00020339.,10,220,230
WBGene00020340.,17,88,105
WBGene00020341.,22,177,199
WBGene00020342.,0,2,2
WBGene00020343.,28,194,222
WBGene00020345.,9,33,42
WBGene00020346.,348,1234,1582
WBGene00020347.,574,3828,4402
WBGene00020348.,18,1477,1495
WBGene00020349.,17,50,67
WBGene00020350.,0,8,8
WBGene00020351.,0,1,1
WBGene00020352.,2,2,4
WBGene00020353.,2,1,3
WBGene00020354.,0,5,5
WBGene00020356.,0,2,2
WBGene00020357.,5,0,5
WBGene00020358.,0,8,8
WBGene00020359.,1,6,7
WBGene00020360.,52,132,184
WBGene00020361.,8,4,12
WBGene00020362.,0,0,0
WBGene00020363.,27,174,201
WBGene00020364.,0,1,1
WBGene00020365.,45,9,54
WBGene00020366.,398,4397,4795
WBGene00020368.,36,893,929
WBGene00020369.,54,422,476
WBGene00020370.,0,9,9
WBGene00020371.,1,0,1
WBGene00020372.,4,8,12
WBGene00020373.,10,561,571
WBGene00020374.,1092,1515,2607
WBGene00020375.,8,167,175
WBGene00020376.,33,272,305
WBGene00020377.,39,197,236
WBGene00020378.,34,215,249
WBGene00020379.,30,1275,1305
WBGene00020380.,20,31,51
WBGene00020381.,15,37,52
WBGene00020382.,1315,16073,17388
WBGene00020383.,630,2259,2889
WBGene00020384.,2,0,2
WBGene00020385.,31,47,78
WBGene00020386.,0,3,3
WBGene00020388.,13,15,28
WBGene00020389.,171,2447,2618
WBGene00020390.,91,1124,1215
WBGene00020391.,41,10335,10376
WBGene00020392.,50,711,761
WBGene00020393.,4,55,59
WBGene00020394.,26,181,207
WBGene00020396.,21,134,155
WBGene00020397.,442,3155,3597
WBGene00020398.,114,1012,1126
WBGene00020399.,119,1282,1401
WBGene00020400.,1,0,1
WBGene00020401.,29,34,63
WBGene00020402.,86,903,989
WBGene00020403.,167,1013,1180
WBGene00020404.,42,392,434
WBGene00020406.,0,0,0
WBGene00020407.,15,242,257
WBGene00020408.,76,326,402
WBGene00020409.,0,1,1
WBGene00020410.,2,0,2
WBGene00020411.,15,247,262
WBGene00020412.,46,324,370
WBGene00020413.,88,761,849
WBGene00020414.,2,5,7
WBGene00020415.,39,286,325
WBGene00020416.,1,1,2
WBGene00020417.,51,6719,6770
WBGene00020418.,17,65,82
WBGene00020419.,17,46,63
WBGene00020420.,2,17,19
WBGene00020421.,5,9,14
WBGene00020422.,27,534,561
WBGene00020423.,34,2385,2419
WBGene00020424.,1,50,51
WBGene00020425.,53,450,503
WBGene00020426.,6,271,277
WBGene00020427.,54,466,520
WBGene00020428.,2,1,3
WBGene00020430.,3,2,5
WBGene00020431.,2,1,3
WBGene00020432.,2,1,3
WBGene00020433.,1,0,1
WBGene00020434.,0,0,0
WBGene00020435.,1,2,3
WBGene00020436.,73,76,149
WBGene00020437.,35,3131,3166
WBGene00020438.,0,1,1
WBGene00020439.,0,0,0
WBGene00020440.,0,1,1
WBGene00020441.,179,922,1101
WBGene00020442.,54,916,970
WBGene00020443.,224,920,1144
WBGene00020444.,12,36,48
WBGene00020445.,56,318,374
WBGene00020446.,31,889,920
WBGene00020447.,117,1273,1390
WBGene00020448.,0,0,0
WBGene00020449.,0,24,24
WBGene00020450.,6,128,134
WBGene00020451.,17,205,222
WBGene00020452.,0,0,0
WBGene00020453.,5,23,28
WBGene00020454.,0,0,0
WBGene00020455.,2,42,44
WBGene00020456.,1,37,38
WBGene00020457.,21,478,499
WBGene00020458.,1,0,1
WBGene00020459.,0,0,0
WBGene00020460.,0,20,20
WBGene00020461.,19,57,76
WBGene00020462.,108,466,574
WBGene00020463.,22,296,318
WBGene00020464.,5,294,299
WBGene00020465.,7,19,26
WBGene00020466.,15,294,309
WBGene00020467.,5,19,24
WBGene00020468.,5,4,9
WBGene00020469.,0,0,0
WBGene00020471.,407,1753,2160
WBGene00020472.,8,20,28
WBGene00020473.,2,2,4
WBGene00020474.,5,7,12
WBGene00020475.,125,1179,1304
WBGene00020476.,2,0,2
WBGene00020478.,98,193,291
WBGene00020479.,315,1934,2249
WBGene00020480.,77,449,526
WBGene00020481.,70,1239,1309
WBGene00020482.,17,36,53
WBGene00020483.,3,30,33
WBGene00020484.,4,15,19
WBGene00020485.,13,26,39
WBGene00020486.,101,419,520
WBGene00020487.,3,32,35
WBGene00020488.,2,29,31
WBGene00020489.,76,483,559
WBGene00020490.,259,1113,1372
WBGene00020491.,33,251,284
WBGene00020492.,1,2,3
WBGene00020494.,27,22,49
WBGene00020496.,255,1574,1829
WBGene00020497.,1,1110,1111
WBGene00020498.,99,899,998
WBGene00020499.,222,1159,1381
WBGene00020500.,72,514,586
WBGene00020501.,141,861,1002
WBGene00020502.,90,480,570
WBGene00020503.,13,32,45
WBGene00020504.,399,897,1296
WBGene00020505.,9,21,30
WBGene00020506.,67,172,239
WBGene00020507.,37,1998,2035
WBGene00020508.,14,350,364
WBGene00020509.,120,770,890
WBGene00020510.,9,538,547
WBGene00020511.,170,2848,3018
WBGene00020515.,0,0,0
WBGene00020516.,10,41,51
WBGene00020517.,51,1767,1818
WBGene00020520.,1,0,1
WBGene00020522.,3,4,7
WBGene00020523.,3,5,8
WBGene00020524.,6,8,14
WBGene00020525.,0,0,0
WBGene00020526.,3,2,5
WBGene00020527.,25,50,75
WBGene00020528.,27,73,100
WBGene00020530.,202,1892,2094
WBGene00020531.,12,20,32
WBGene00020532.,5,10,15
WBGene00020533.,0,0,0
WBGene00020534.,0,1,1
WBGene00020535.,0,0,0
WBGene00020536.,0,0,0
WBGene00020537.,1,1,2
WBGene00020539.,0,0,0
WBGene00020540.,25,307,332
WBGene00020541.,0,0,0
WBGene00020542.,0,1,1
WBGene00020543.,0,0,0
WBGene00020544.,0,0,0
WBGene00020545.,0,0,0
WBGene00020546.,2,1,3
WBGene00020547.,1,0,1
WBGene00020548.,0,0,0
WBGene00020549.,3,2490,2493
WBGene00020550.,1,31,32
WBGene00020551.,8,44,52
WBGene00020553.,68,1430,1498
WBGene00020554.,18,176,194
WBGene00020555.,3,33,36
WBGene00020556.,58,159,217
WBGene00020557.,211,1192,1403
WBGene00020558.,50,327,377
WBGene00020559.,66,221,287
WBGene00020560.,27,25,52
WBGene00020561.,570,3618,4188
WBGene00020562.,111,1612,1723
WBGene00020563.,87,755,842
WBGene00020564.,16,147,163
WBGene00020565.,7,353,360
WBGene00020566.,35,308,343
WBGene00020567.,15,25,40
WBGene00020568.,219,1351,1570
WBGene00020569.,63,256,319
WBGene00020571.,6,22,28
WBGene00020572.,66,255,321
WBGene00020573.,47,240,287
WBGene00020574.,9,17,26
WBGene00020575.,14,51,65
WBGene00020576.,1,65,66
WBGene00020577.,8,94,102
WBGene00020578.,1,3,4
WBGene00020579.,50,228,278
WBGene00020580.,0,2,2
WBGene00020581.,294,1043,1337
WBGene00020582.,4,114,118
WBGene00020583.,0,11,11
WBGene00020584.,1,1,2
WBGene00020585.,258,3537,3795
WBGene00020586.,52,194,246
WBGene00020587.,108,871,979
WBGene00020588.,94,1337,1431
WBGene00020589.,607,4227,4834
WBGene00020590.,4,7,11
WBGene00020591.,13,27,40
WBGene00020592.,80,663,743
WBGene00020593.,19,150,169
WBGene00020594.,1,15,16
WBGene00020595.,21,222,243
WBGene00020596.,44,432,476
WBGene00020598.,3,4,7
WBGene00020599.,12,43,55
WBGene00020600.,123,1030,1153
WBGene00020601.,69,1764,1833
WBGene00020602.,1,4,5
WBGene00020603.,0,0,0
WBGene00020604.,47,2250,2297
WBGene00020605.,76,669,745
WBGene00020607.,2,2,4
WBGene00020608.,0,1,1
WBGene00020609.,2,0,2
WBGene00020611.,3,2,5
WBGene00020612.,15,113,128
WBGene00020613.,0,0,0
WBGene00020614.,1,1,2
WBGene00020615.,0,1,1
WBGene00020616.,0,4,4
WBGene00020617.,0,2,2
WBGene00020618.,0,0,0
WBGene00020619.,0,1,1
WBGene00020620.,1,6,7
WBGene00020622.,0,1,1
WBGene00020623.,1,0,1
WBGene00020624.,0,0,0
WBGene00020625.,39,773,812
WBGene00020626.,21,63,84
WBGene00020627.,43,58,101
WBGene00020628.,79,658,737
WBGene00020629.,47,730,777
WBGene00020630.,49,440,489
WBGene00020631.,3,5,8
WBGene00020632.,59,125,184
WBGene00020633.,39,688,727
WBGene00020634.,1,9,10
WBGene00020635.,2,3,5
WBGene00020636.,82,8211,8293
WBGene00020637.,1,0,1
WBGene00020638.,1,6,7
WBGene00020639.,0,2,2
WBGene00020640.,0,4,4
WBGene00020641.,0,1,1
WBGene00020642.,6,5,11
WBGene00020645.,0,2,2
WBGene00020646.,1,4,5
WBGene00020647.,53,840,893
WBGene00020648.,1,17,18
WBGene00020649.,60,207,267
WBGene00020650.,0,4,4
WBGene00020651.,44,294,338
WBGene00020652.,6,32,38
WBGene00020653.,0,7,7
WBGene00020655.,2,4,6
WBGene00020656.,0,2,2
WBGene00020657.,51,115,166
WBGene00020658.,30,552,582
WBGene00020659.,0,4,4
WBGene00020660.,0,2,2
WBGene00020661.,3,5,8
WBGene00020662.,98,644,742
WBGene00020663.,26,44,70
WBGene00020664.,36,11,47
WBGene00020665.,0,3,3
WBGene00020666.,1,2,3
WBGene00020667.,4,2,6
WBGene00020669.,3,0,3
WBGene00020670.,0,0,0
WBGene00020672.,202,19,221
WBGene00020673.,42,419,461
WBGene00020674.,2,11,13
WBGene00020675.,7,4,11
WBGene00020678.,188,512,700
WBGene00020679.,288,7712,8000
WBGene00020680.,1,4,5
WBGene00020682.,308,2126,2434
WBGene00020683.,85,5220,5305
WBGene00020684.,4,54,58
WBGene00020686.,70,18,88
WBGene00020687.,103,1911,2014
WBGene00020688.,5,15,20
WBGene00020689.,146,430,576
WBGene00020690.,171,424,595
WBGene00020691.,95,113,208
WBGene00020692.,15,109,124
WBGene00020693.,75,713,788
WBGene00020694.,22,69,91
WBGene00020695.,43,806,849
WBGene00020696.,231,9406,9637
WBGene00020697.,17,62,79
WBGene00020698.,0,4,4
WBGene00020699.,30,115,145
WBGene00020700.,12,1231,1243
WBGene00020701.,21,209,230
WBGene00020702.,21,16,37
WBGene00020703.,148,2418,2566
WBGene00020705.,232,861,1093
WBGene00020706.,172,409,581
WBGene00020707.,1,3,4
WBGene00020708.,3,33,36
WBGene00020709.,21,702,723
WBGene00020710.,40,2068,2108
WBGene00020711.,0,0,0
WBGene00020712.,44,152,196
WBGene00020713.,1,1,2
WBGene00020714.,7,75,82
WBGene00020715.,0,13,13
WBGene00020716.,34,228,262
WBGene00020717.,250,1299,1549
WBGene00020718.,22,1026,1048
WBGene00020719.,41,1199,1240
WBGene00020720.,2,22,24
WBGene00020721.,33,256,289
WBGene00020722.,51,442,493
WBGene00020725.,7,121,128
WBGene00020726.,31,303,334
WBGene00020727.,13,89,102
WBGene00020728.,6,4,10
WBGene00020729.,52,64,116
WBGene00020730.,8,68,76
WBGene00020732.,490,6135,6625
WBGene00020735.,319,1725,2044
WBGene00020736.,807,1620,2427
WBGene00020737.,30,75,105
WBGene00020738.,135,2060,2195
WBGene00020739.,3,0,3
WBGene00020740.,17,203,220
WBGene00020741.,5,125,130
WBGene00020742.,137,712,849
WBGene00020743.,15,91,106
WBGene00020744.,3,63,66
WBGene00020746.,2,16,18
WBGene00020747.,3,11,14
WBGene00020748.,3,8,11
WBGene00020749.,3,7,10
WBGene00020750.,1,7,8
WBGene00020751.,0,0,0
WBGene00020752.,0,0,0
WBGene00020753.,0,0,0
WBGene00020754.,0,0,0
WBGene00020755.,1,0,1
WBGene00020756.,93,751,844
WBGene00020757.,28,320,348
WBGene00020758.,34,89,123
WBGene00020759.,7,45,52
WBGene00020760.,6,43,49
WBGene00020761.,68,303,371
WBGene00020762.,100,1557,1657
WBGene00020763.,32,397,429
WBGene00020764.,0,5,5
WBGene00020765.,27,133,160
WBGene00020766.,1,8,9
WBGene00020767.,61,1136,1197
WBGene00020769.,2,1,3
WBGene00020770.,176,146,322
WBGene00020771.,0,0,0
WBGene00020772.,1,2,3
WBGene00020773.,1,1,2
WBGene00020774.,14,68,82
WBGene00020775.,5,13,18
WBGene00020777.,38,124,162
WBGene00020778.,5,19,24
WBGene00020779.,445,1772,2217
WBGene00020781.,190,2365,2555
WBGene00020782.,120,550,670
WBGene00020783.,38,140,178
WBGene00020784.,9,60,69
WBGene00020785.,1,8,9
WBGene00020786.,9,67,76
WBGene00020787.,12,14,26
WBGene00020788.,9,114,123
WBGene00020789.,1,16,17
WBGene00020790.,27,211,238
WBGene00020791.,1,2,3
WBGene00020792.,4,12,16
WBGene00020793.,17,9,26
WBGene00020794.,3,4,7
WBGene00020795.,32,14,46
WBGene00020796.,34,2085,2119
WBGene00020797.,6,14,20
WBGene00020798.,41,254,295
WBGene00020799.,5,92,97
WBGene00020800.,14,157,171
WBGene00020801.,3,281,284
WBGene00020802.,1,10,11
WBGene00020803.,1,6,7
WBGene00020804.,2,6,8
WBGene00020805.,0,12,12
WBGene00020806.,11,124,135
WBGene00020807.,5,35,40
WBGene00020808.,13649,104126,117775
WBGene00020809.,3,2,5
WBGene00020811.,133,691,824
WBGene00020812.,442,6175,6617
WBGene00020813.,21,13,34
WBGene00020817.,0,15,15
WBGene00020819.,14,138,152
WBGene00020820.,21,324,345
WBGene00020821.,108,1493,1601
WBGene00020822.,81,438,519
WBGene00020823.,62,285,347
WBGene00020824.,183,1204,1387
WBGene00020825.,51,176,227
WBGene00020826.,31,38,69
WBGene00020827.,214,2041,2255
WBGene00020829.,4,0,4
WBGene00020830.,59,238,297
WBGene00020831.,60,1056,1116
WBGene00020832.,5,2,7
WBGene00020833.,13,106,119
WBGene00020834.,17,10,27
WBGene00020835.,40,0,40
WBGene00020836.,138,2720,2858
WBGene00020837.,3,63,66
WBGene00020838.,222,4301,4523
WBGene00020839.,72,977,1049
WBGene00020840.,0,17,17
WBGene00020841.,0,0,0
WBGene00020842.,18,212,230
WBGene00020843.,5,177,182
WBGene00020844.,0,123,123
WBGene00020845.,0,1,1
WBGene00020846.,48,238,286
WBGene00020847.,27,99,126
WBGene00020849.,12,29,41
WBGene00020850.,4,14,18
WBGene00020851.,3,15,18
WBGene00020852.,114,541,655
WBGene00020853.,4,44,48
WBGene00020854.,258,8214,8472
WBGene00020855.,53,269,322
WBGene00020856.,3,14,17
WBGene00020857.,10,16,26
WBGene00020858.,24,46,70
WBGene00020859.,4,7,11
WBGene00020860.,0,54,54
WBGene00020861.,129,323,452
WBGene00020862.,442,3197,3639
WBGene00020863.,7,4,11
WBGene00020864.,34,28,62
WBGene00020865.,55,491,546
WBGene00020866.,228,382,610
WBGene00020867.,254,1502,1756
WBGene00020868.,1274,9707,10981
WBGene00020869.,19,303,322
WBGene00020870.,0,1,1
WBGene00020871.,0,0,0
WBGene00020872.,0,1,1
WBGene00020873.,1,12,13
WBGene00020874.,1,1,2
WBGene00020875.,0,0,0
WBGene00020877.,3,15,18
WBGene00020878.,12,118,130
WBGene00020879.,1,0,1
WBGene00020880.,2,3,5
WBGene00020881.,1,0,1
WBGene00020882.,3,3,6
WBGene00020883.,14,389,403
WBGene00020884.,208,2251,2459
WBGene00020885.,13,3,16
WBGene00020886.,96,4779,4875
WBGene00020887.,125,496,621
WBGene00020888.,0,2,2
WBGene00020889.,6,30,36
WBGene00020890.,0,1,1
WBGene00020891.,201,1205,1406
WBGene00020892.,0,3,3
WBGene00020893.,14,30,44
WBGene00020894.,1092,24544,25636
WBGene00020895.,574,3280,3854
WBGene00020896.,4,193,197
WBGene00020897.,286,1474,1760
WBGene00020898.,7,125,132
WBGene00020899.,0,1,1
WBGene00020900.,1,2,3
WBGene00020901.,67,447,514
WBGene00020902.,496,2202,2698
WBGene00020903.,21,11,32
WBGene00020904.,39,84,123
WBGene00020905.,0,2,2
WBGene00020906.,6,15,21
WBGene00020908.,44,318,362
WBGene00020909.,92,401,493
WBGene00020910.,13,138,151
WBGene00020911.,10,86,96
WBGene00020912.,84,1687,1771
WBGene00020913.,5,20,25
WBGene00020914.,4,4,8
WBGene00020915.,210,16042,16252
WBGene00020917.,256,1991,2247
WBGene00020918.,4,1,5
WBGene00020919.,14,544,558
WBGene00020920.,87,455,542
WBGene00020921.,52,1022,1074
WBGene00020922.,0,4,4
WBGene00020923.,0,14,14
WBGene00020924.,11,106,117
WBGene00020927.,54,3,57
WBGene00020929.,159,860,1019
WBGene00020930.,1652,5671,7323
WBGene00020931.,15,2331,2346
WBGene00020932.,179,1608,1787
WBGene00020933.,33,790,823
WBGene00020935.,138,699,837
WBGene00020936.,39,997,1036
WBGene00020937.,19,519,538
WBGene00020938.,1,72,73
WBGene00020939.,38,472,510
WBGene00020940.,0,1,1
WBGene00020941.,6,22,28
WBGene00020942.,233,1127,1360
WBGene00020943.,5,22,27
WBGene00020944.,12,22,34
WBGene00020945.,23,0,23
WBGene00020946.,2,8,10
WBGene00020947.,35,40,75
WBGene00020948.,8,38,46
WBGene00020949.,17,325,342
WBGene00020950.,277,9536,9813
WBGene00020951.,147,1398,1545
WBGene00020952.,102,149,251
WBGene00020953.,0,18,18
WBGene00020954.,33,190,223
WBGene00020955.,135,106,241
WBGene00020957.,61,161,222
WBGene00020961.,4,2,6
WBGene00020962.,11,70,81
WBGene00020964.,101,365,466
WBGene00020966.,2,5,7
WBGene00020967.,2,15,17
WBGene00020970.,127,780,907
WBGene00020971.,0,0,0
WBGene00020972.,6,13,19
WBGene00020973.,0,7,7
WBGene00020974.,0,0,0
WBGene00020976.,4,10,14
WBGene00020977.,10,21,31
WBGene00020978.,5,5,10
WBGene00020979.,0,0,0
WBGene00020981.,2,6,8
WBGene00020982.,0,0,0
WBGene00020983.,2,2,4
WBGene00020984.,0,2,2
WBGene00020985.,0,19,19
WBGene00020986.,6,17,23
WBGene00020987.,0,0,0
WBGene00020988.,0,2,2
WBGene00020989.,4,13,17
WBGene00020990.,0,4,4
WBGene00020991.,0,0,0
WBGene00020992.,1,3,4
WBGene00020993.,31,1227,1258
WBGene00020994.,33,1492,1525
WBGene00020995.,8,39,47
WBGene00020997.,44,98,142
WBGene00020999.,41,553,594
WBGene00021000.,11,311,322
WBGene00021001.,4,4,8
WBGene00021002.,58,784,842
WBGene00021003.,0,5,5
WBGene00021004.,236,2616,2852
WBGene00021005.,2,14,16
WBGene00021006.,1,0,1
WBGene00021007.,2,2,4
WBGene00021008.,23,46,69
WBGene00021009.,1365,2255,3620
WBGene00021010.,0,0,0
WBGene00021011.,0,76,76
WBGene00021012.,43,470,513
WBGene00021013.,0,73,73
WBGene00021014.,5,107,112
WBGene00021015.,2,108,110
WBGene00021016.,5,1,6
WBGene00021017.,10,53,63
WBGene00021018.,0,6,6
WBGene00021019.,7,12,19
WBGene00021020.,177,206,383
WBGene00021021.,462,1762,2224
WBGene00021022.,140,627,767
WBGene00021023.,0,123,123
WBGene00021024.,351,3053,3404
WBGene00021025.,4,13,17
WBGene00021026.,325,3986,4311
WBGene00021027.,44,118,162
WBGene00021028.,10,14,24
WBGene00021029.,0,18,18
WBGene00021030.,0,8,8
WBGene00021031.,5,35,40
WBGene00021032.,4,3,7
WBGene00021033.,0,0,0
WBGene00021034.,0,4,4
WBGene00021035.,4,71,75
WBGene00021036.,852,4667,5519
WBGene00021037.,11,83,94
WBGene00021038.,81,226,307
WBGene00021039.,22,294,316
WBGene00021040.,5,31,36
WBGene00021041.,0,9,9
WBGene00021042.,13,41,54
WBGene00021043.,647,19814,20461
WBGene00021044.,104,836,940
WBGene00021045.,1,6,7
WBGene00021046.,95,544,639
WBGene00021047.,317,1678,1995
WBGene00021048.,90,359,449
WBGene00021049.,58,523,581
WBGene00021050.,0,32423,32423
WBGene00021051.,27,409,436
WBGene00021052.,6,84,90
WBGene00021053.,3,34,37
WBGene00021054.,0,4,4
WBGene00021055.,16,80,96
WBGene00021056.,8,32,40
WBGene00021057.,26,512,538
WBGene00021058.,117,456,573
WBGene00021059.,159,535,694
WBGene00021060.,9,54,63
WBGene00021061.,52,508,560
WBGene00021063.,25,621,646
WBGene00021066.,1,158,159
WBGene00021067.,2,4,6
WBGene00021068.,194,675,869
WBGene00021070.,18,29,47
WBGene00021072.,9,5,14
WBGene00021073.,295,3678,3973
WBGene00021074.,79,1894,1973
WBGene00021075.,12166,74,12240
WBGene00021076.,25,182,207
WBGene00021078.,550,1867,2417
WBGene00021079.,689,4345,5034
WBGene00021080.,206,1260,1466
WBGene00021081.,23,11,34
WBGene00021082.,2,254,256
WBGene00021083.,8,1,9
WBGene00021084.,0,1,1
WBGene00021085.,0,0,0
WBGene00021086.,0,0,0
WBGene00021087.,1,7,8
WBGene00021088.,125,10601,10726
WBGene00021089.,10,137,147
WBGene00021090.,14,4,18
WBGene00021091.,1,1,2
WBGene00021092.,0,0,0
WBGene00021093.,34,1982,2016
WBGene00021094.,12,35,47
WBGene00021095.,32,1551,1583
WBGene00021096.,10,3,13
WBGene00021097.,105,1448,1553
WBGene00021098.,0,0,0
WBGene00021099.,1,3,4
WBGene00021100.,6,52,58
WBGene00021101.,4,5,9
WBGene00021103.,128,564,692
WBGene00021104.,146,522,668
WBGene00021106.,0,0,0
WBGene00021107.,0,0,0
WBGene00021108.,0,0,0
WBGene00021109.,0,1,1
WBGene00021110.,1,4,5
WBGene00021111.,13,162,175
WBGene00021112.,10,762,772
WBGene00021113.,0,0,0
WBGene00021114.,0,4,4
WBGene00021115.,1,8,9
WBGene00021116.,60,447,507
WBGene00021117.,0,9,9
WBGene00021118.,0,4,4
WBGene00021120.,1,5,6
WBGene00021121.,7,108,115
WBGene00021122.,2,3,5
WBGene00021123.,8,165,173
WBGene00021124.,35,83,118
WBGene00021125.,14,44,58
WBGene00021127.,9,162,171
WBGene00021128.,405,3585,3990
WBGene00021129.,11,9,20
WBGene00021130.,12,12,24
WBGene00021131.,87,366,453
WBGene00021132.,116,647,763
WBGene00021133.,228,3301,3529
WBGene00021134.,6,20,26
WBGene00021135.,0,1,1
WBGene00021136.,2,25,27
WBGene00021137.,0,2,2
WBGene00021138.,0,0,0
WBGene00021139.,0,0,0
WBGene00021140.,0,0,0
WBGene00021141.,0,0,0
WBGene00021142.,0,0,0
WBGene00021143.,0,0,0
WBGene00021144.,1,0,1
WBGene00021145.,0,0,0
WBGene00021146.,46,331,377
WBGene00021148.,10,39,49
WBGene00021149.,213,1344,1557
WBGene00021150.,0,1,1
WBGene00021151.,4,0,4
WBGene00021152.,40,171,211
WBGene00021153.,4,4,8
WBGene00021154.,1,2,3
WBGene00021155.,14,297,311
WBGene00021156.,40,191,231
WBGene00021157.,17,83,100
WBGene00021158.,2,61,63
WBGene00021159.,32,124,156
WBGene00021160.,47,182,229
WBGene00021161.,839,5945,6784
WBGene00021162.,0,0,0
WBGene00021163.,7,64,71
WBGene00021164.,3,0,3
WBGene00021165.,0,1,1
WBGene00021166.,0,1,1
WBGene00021167.,8,41,49
WBGene00021168.,1,6,7
WBGene00021169.,0,1,1
WBGene00021170.,30,1388,1418
WBGene00021171.,103,516,619
WBGene00021173.,2,0,2
WBGene00021174.,0,0,0
WBGene00021175.,3,3,6
WBGene00021176.,60,248,308
WBGene00021177.,1,1,2
WBGene00021178.,2,55,57
WBGene00021179.,0,0,0
WBGene00021180.,4,6,10
WBGene00021181.,2,1,3
WBGene00021182.,1,7,8
WBGene00021183.,2,7,9
WBGene00021184.,0,0,0
WBGene00021185.,39,203,242
WBGene00021186.,34,101,135
WBGene00021187.,2,727,729
WBGene00021188.,1,1,2
WBGene00021190.,8,20,28
WBGene00021191.,168,1031,1199
WBGene00021192.,36,214,250
WBGene00021193.,1,2,3
WBGene00021195.,3,88,91
WBGene00021196.,7,44,51
WBGene00021197.,0,1,1
WBGene00021198.,0,3,3
WBGene00021199.,3,19,22
WBGene00021200.,37,83,120
WBGene00021201.,5,242,247
WBGene00021202.,80,816,896
WBGene00021204.,6,48,54
WBGene00021205.,37,559,596
WBGene00021207.,4,1,5
WBGene00021208.,72,671,743
WBGene00021209.,131,618,749
WBGene00021210.,65,737,802
WBGene00021212.,3,8,11
WBGene00021213.,16,33,49
WBGene00021214.,1,9,10
WBGene00021215.,32,34,66
WBGene00021216.,0,0,0
WBGene00021217.,0,0,0
WBGene00021218.,0,0,0
WBGene00021219.,0,0,0
WBGene00021220.,0,5,5
WBGene00021221.,0,0,0
WBGene00021222.,0,1,1
WBGene00021223.,0,0,0
WBGene00021224.,0,0,0
WBGene00021225.,0,0,0
WBGene00021226.,0,0,0
WBGene00021227.,0,0,0
WBGene00021228.,0,0,0
WBGene00021230.,0,0,0
WBGene00021232.,2,3,5
WBGene00021233.,0,0,0
WBGene00021234.,2,0,2
WBGene00021235.,1,3,4
WBGene00021236.,0,108,108
WBGene00021237.,163,256,419
WBGene00021238.,266,118,384
WBGene00021239.,1063,382,1445
WBGene00021241.,0,1,1
WBGene00021243.,0,0,0
WBGene00021244.,80,32,112
WBGene00021245.,46,240,286
WBGene00021246.,53,245,298
WBGene00021247.,117,217,334
WBGene00021248.,2534,42530,45064
WBGene00021249.,8,33,41
WBGene00021252.,7,0,7
WBGene00021253.,23,240,263
WBGene00021254.,58,69,127
WBGene00021256.,14,7,21
WBGene00021257.,6,20,26
WBGene00021259.,9,5,14
WBGene00021260.,106,524,630
WBGene00021261.,4,1,5
WBGene00021262.,0,3,3
WBGene00021263.,6,4,10
WBGene00021264.,24,233,257
WBGene00021265.,39,159,198
WBGene00021266.,4,2,6
WBGene00021267.,12,58,70
WBGene00021268.,26,467,493
WBGene00021269.,64,242,306
WBGene00021270.,8,1554,1562
WBGene00021271.,46,165,211
WBGene00021272.,38,390,428
WBGene00021273.,0,2,2
WBGene00021274.,70,461,531
WBGene00021275.,90,183,273
WBGene00021276.,352,1162,1514
WBGene00021277.,95,1925,2020
WBGene00021278.,29,4,33
WBGene00021279.,0,15,15
WBGene00021280.,0,0,0
WBGene00021281.,730,2938,3668
WBGene00021282.,12,115,127
WBGene00021284.,11,11,22
WBGene00021285.,0,6,6
WBGene00021286.,193,1629,1822
WBGene00021287.,1,7,8
WBGene00021288.,2,4,6
WBGene00021289.,0,1,1
WBGene00021290.,0,0,0
WBGene00021291.,1,2,3
WBGene00021292.,182,2399,2581
WBGene00021293.,0,3,3
WBGene00021294.,302,476,778
WBGene00021295.,122,662,784
WBGene00021296.,18,620,638
WBGene00021297.,3,5,8
WBGene00021298.,2,1,3
WBGene00021299.,0,8,8
WBGene00021300.,0,1,1
WBGene00021301.,9,17,26
WBGene00021302.,3,2,5
WBGene00021303.,0,2,2
WBGene00021304.,51,114,165
WBGene00021305.,282,663,945
WBGene00021309.,6,87,93
WBGene00021310.,0,9,9
WBGene00021311.,62,648,710
WBGene00021312.,56,1759,1815
WBGene00021313.,75,561,636
WBGene00021314.,58,492,550
WBGene00021315.,44,667,711
WBGene00021316.,196,1747,1943
WBGene00021317.,0,0,0
WBGene00021319.,82,355,437
WBGene00021320.,88,334,422
WBGene00021321.,9,31,40
WBGene00021322.,75,483,558
WBGene00021323.,83,815,898
WBGene00021324.,38,287,325
WBGene00021325.,43,237,280
WBGene00021326.,8,44,52
WBGene00021327.,1185,2904,4089
WBGene00021328.,35,240,275
WBGene00021329.,136,686,822
WBGene00021331.,121,3242,3363
WBGene00021332.,131,321,452
WBGene00021333.,64,196,260
WBGene00021334.,469,800,1269
WBGene00021335.,0,132,132
WBGene00021336.,0,6,6
WBGene00021337.,2,22,24
WBGene00021338.,8,22,30
WBGene00021339.,3,6,9
WBGene00021340.,69,305,374
WBGene00021342.,46,13,59
WBGene00021343.,55,131,186
WBGene00021344.,80,92,172
WBGene00021345.,0,12,12
WBGene00021346.,227,1004,1231
WBGene00021347.,307,3436,3743
WBGene00021348.,251,2564,2815
WBGene00021349.,28,127,155
WBGene00021350.,44144,214093,258237
WBGene00021351.,123,2741,2864
WBGene00021352.,118,1393,1511
WBGene00021353.,76,209,285
WBGene00021354.,11,22,33
WBGene00021355.,492,2714,3206
WBGene00021357.,29,72,101
WBGene00021358.,2,5,7
WBGene00021359.,93,693,786
WBGene00021360.,2,8,10
WBGene00021362.,72,170,242
WBGene00021363.,87,249,336
WBGene00021364.,0,14,14
WBGene00021365.,136,627,763
WBGene00021366.,83,522,605
WBGene00021367.,10,498,508
WBGene00021368.,3,2,5
WBGene00021369.,72,219,291
WBGene00021370.,142,758,900
WBGene00021371.,39,215,254
WBGene00021372.,9,509,518
WBGene00021373.,0,1,1
WBGene00021374.,147,457,604
WBGene00021375.,32,668,700
WBGene00021376.,51,288,339
WBGene00021377.,19,806,825
WBGene00021378.,82,616,698
WBGene00021379.,14,101,115
WBGene00021380.,1,0,1
WBGene00021381.,3,0,3
WBGene00021382.,1593,1692,3285
WBGene00021383.,12,17,29
WBGene00021384.,9,30,39
WBGene00021385.,0,2,2
WBGene00021386.,10,19,29
WBGene00021387.,26,211,237
WBGene00021388.,78,532,610
WBGene00021389.,14,60,74
WBGene00021390.,0,3,3
WBGene00021391.,13,270,283
WBGene00021392.,49,949,998
WBGene00021394.,131,553,684
WBGene00021395.,108,688,796
WBGene00021396.,30,116,146
WBGene00021397.,0,9,9
WBGene00021398.,0,3,3
WBGene00021400.,34,166,200
WBGene00021401.,23,691,714
WBGene00021402.,27,280,307
WBGene00021403.,0,0,0
WBGene00021404.,0,0,0
WBGene00021405.,0,0,0
WBGene00021406.,1,0,1
WBGene00021407.,0,0,0
WBGene00021408.,1,0,1
WBGene00021409.,0,0,0
WBGene00021410.,13,12,25
WBGene00021412.,17,25,42
WBGene00021413.,13,1,14
WBGene00021414.,0,0,0
WBGene00021415.,212,1402,1614
WBGene00021416.,48,208,256
WBGene00021417.,19,84,103
WBGene00021418.,7,87,94
WBGene00021419.,22,125,147
WBGene00021420.,52,10669,10721
WBGene00021421.,78,1036,1114
WBGene00021423.,520,882,1402
WBGene00021425.,212,1127,1339
WBGene00021427.,419,16172,16591
WBGene00021428.,13,10,23
WBGene00021430.,70,136,206
WBGene00021433.,0,1,1
WBGene00021434.,3,2,5
WBGene00021435.,8,5,13
WBGene00021436.,16,23,39
WBGene00021437.,39,32,71
WBGene00021438.,29,26,55
WBGene00021439.,274,639,913
WBGene00021440.,73,332,405
WBGene00021441.,308,2410,2718
WBGene00021442.,40,317,357
WBGene00021443.,247,769,1016
WBGene00021444.,243,449,692
WBGene00021446.,84,170,254
WBGene00021448.,0,4,4
WBGene00021449.,0,13,13
WBGene00021450.,4,9,13
WBGene00021451.,5,0,5
WBGene00021452.,35,341,376
WBGene00021453.,0,1,1
WBGene00021454.,0,0,0
WBGene00021456.,108,375,483
WBGene00021457.,2,12,14
WBGene00021458.,4,7,11
WBGene00021460.,45,652,697
WBGene00021461.,81,47,128
WBGene00021463.,10,4,14
WBGene00021464.,6,86,92
WBGene00021465.,4,108,112
WBGene00021466.,319,5744,6063
WBGene00021467.,30,685,715
WBGene00021468.,19,1084,1103
WBGene00021469.,16,1677,1693
WBGene00021470.,44,395,439
WBGene00021471.,4,16,20
WBGene00021472.,2,0,2
WBGene00021473.,170,71,241
WBGene00021474.,558,1865,2423
WBGene00021475.,369,2267,2636
WBGene00021476.,32,577,609
WBGene00021477.,6,12,18
WBGene00021478.,27,167,194
WBGene00021479.,10,4,14
WBGene00021482.,62,416,478
WBGene00021483.,5,4,9
WBGene00021484.,0,0,0
WBGene00021485.,1,0,1
WBGene00021486.,455,8448,8903
WBGene00021487.,59,239,298
WBGene00021488.,0,0,0
WBGene00021489.,6,0,6
WBGene00021490.,7,30,37
WBGene00021491.,2,8,10
WBGene00021492.,18,93,111
WBGene00021493.,27,172,199
WBGene00021494.,2,12,14
WBGene00021495.,1,37,38
WBGene00021496.,17,9,26
WBGene00021497.,112,208,320
WBGene00021500.,0,2,2
WBGene00021502.,32,218,250
WBGene00021503.,5,87,92
WBGene00021504.,7,29,36
WBGene00021505.,12,18,30
WBGene00021506.,111,1068,1179
WBGene00021507.,565,1464,2029
WBGene00021508.,42,566,608
WBGene00021509.,438,1097,1535
WBGene00021510.,59,355,414
WBGene00021511.,30,62,92
WBGene00021512.,186,364,550
WBGene00021513.,49,11,60
WBGene00021514.,50,1523,1573
WBGene00021515.,45,236,281
WBGene00021516.,5,16,21
WBGene00021517.,8,6,14
WBGene00021518.,1,53,54
WBGene00021519.,0,13,13
WBGene00021520.,1,55,56
WBGene00021521.,3,35,38
WBGene00021522.,535,851,1386
WBGene00021524.,24,97,121
WBGene00021525.,3,14,17
WBGene00021526.,25,61,86
WBGene00021527.,92,262,354
WBGene00021528.,164,458,622
WBGene00021529.,37,843,880
WBGene00021530.,1,2,3
WBGene00021531.,89,17,106
WBGene00021532.,161,3421,3582
WBGene00021533.,11,505,516
WBGene00021534.,748,6783,7531
WBGene00021535.,697,128,825
WBGene00021536.,75,1454,1529
WBGene00021537.,10,7,17
WBGene00021538.,46,301,347
WBGene00021539.,130,1102,1232
WBGene00021540.,21,113,134
WBGene00021541.,1,90,91
WBGene00021542.,19,1,20
WBGene00021543.,54,1363,1417
WBGene00021544.,94,450,544
WBGene00021545.,371,850,1221
WBGene00021546.,57,283,340
WBGene00021547.,41,260,301
WBGene00021548.,44,1170,1214
WBGene00021549.,344,507,851
WBGene00021551.,238,1497,1735
WBGene00021552.,167,826,993
WBGene00021553.,5,9,14
WBGene00021554.,59,971,1030
WBGene00021555.,5,81,86
WBGene00021556.,47,270,317
WBGene00021557.,0,42,42
WBGene00021558.,134,833,967
WBGene00021559.,57,557,614
WBGene00021560.,20,41,61
WBGene00021561.,262,536,798
WBGene00021562.,301,3310,3611
WBGene00021563.,58,893,951
WBGene00021564.,320,577,897
WBGene00021565.,2,9,11
WBGene00021566.,0,0,0
WBGene00021567.,0,0,0
WBGene00021568.,0,0,0
WBGene00021569.,0,0,0
WBGene00021570.,0,0,0
WBGene00021571.,0,0,0
WBGene00021572.,0,0,0
WBGene00021573.,0,1,1
WBGene00021574.,0,0,0
WBGene00021576.,1,18,19
WBGene00021578.,1,1,2
WBGene00021579.,0,0,0
WBGene00021580.,0,4,4
WBGene00021581.,2,4,6
WBGene00021582.,0,0,0
WBGene00021583.,16,33,49
WBGene00021585.,2,0,2
WBGene00021586.,1,1,2
WBGene00021587.,8,55,63
WBGene00021589.,6,922,928
WBGene00021590.,4,8,12
WBGene00021591.,1,3,4
WBGene00021592.,0,0,0
WBGene00021593.,5,1,6
WBGene00021594.,5,19,24
WBGene00021595.,138,1719,1857
WBGene00021596.,49,134,183
WBGene00021597.,1776,1411,3187
WBGene00021599.,14,53,67
WBGene00021600.,25,299,324
WBGene00021601.,3,5,8
WBGene00021602.,4,5,9
WBGene00021603.,2,5,7
WBGene00021604.,0,2,2
WBGene00021605.,10,40,50
WBGene00021606.,4,13,17
WBGene00021607.,1,131,132
WBGene00021608.,0,0,0
WBGene00021609.,10,8,18
WBGene00021610.,11,126,137
WBGene00021611.,46,138,184
WBGene00021612.,0,0,0
WBGene00021613.,133,724,857
WBGene00021614.,271,2318,2589
WBGene00021615.,1,0,1
WBGene00021616.,0,0,0
WBGene00021617.,0,0,0
WBGene00021619.,0,0,0
WBGene00021620.,0,1,1
WBGene00021621.,0,0,0
WBGene00021622.,0,0,0
WBGene00021623.,0,0,0
WBGene00021624.,2,2,4
WBGene00021625.,0,336,336
WBGene00021626.,64,263,327
WBGene00021627.,0,2,2
WBGene00021628.,145,890,1035
WBGene00021629.,176,1245,1421
WBGene00021630.,0,0,0
WBGene00021631.,1,2,3
WBGene00021632.,0,1,1
WBGene00021633.,6,5,11
WBGene00021634.,134,381,515
WBGene00021635.,8,57,65
WBGene00021636.,51,500,551
WBGene00021637.,72,363,435
WBGene00021638.,175,1252,1427
WBGene00021639.,5,23,28
WBGene00021640.,66,128,194
WBGene00021641.,17,17,34
WBGene00021643.,58,258,316
WBGene00021644.,55,1094,1149
WBGene00021645.,127,555,682
WBGene00021646.,160,744,904
WBGene00021647.,260,1993,2253
WBGene00021648.,6,492,498
WBGene00021649.,12,154,166
WBGene00021650.,0,2,2
WBGene00021651.,5,11,16
WBGene00021653.,0,6,6
WBGene00021654.,0,55,55
WBGene00021655.,14,486,500
WBGene00021656.,3,19,22
WBGene00021657.,51,284,335
WBGene00021658.,7,145,152
WBGene00021660.,323,1556,1879
WBGene00021661.,28,102,130
WBGene00021662.,1,23,24
WBGene00021664.,4,4,8
WBGene00021666.,47,388,435
WBGene00021667.,4,37,41
WBGene00021668.,9,22,31
WBGene00021671.,1,23,24
WBGene00021672.,35,19,54
WBGene00021673.,9,4,13
WBGene00021675.,22,74,96
WBGene00021676.,18,226,244
WBGene00021677.,24,371,395
WBGene00021678.,7,5,12
WBGene00021679.,19,190,209
WBGene00021681.,479,835,1314
WBGene00021682.,318,633,951
WBGene00021683.,108,266,374
WBGene00021685.,695,701,1396
WBGene00021686.,624,1649,2273
WBGene00021687.,80,415,495
WBGene00021689.,135,309,444
WBGene00021690.,15,166,181
WBGene00021691.,72,1521,1593
WBGene00021692.,24,179,203
WBGene00021693.,38,124,162
WBGene00021694.,6,37,43
WBGene00021697.,1155,3632,4787
WBGene00021698.,340,812,1152
WBGene00021700.,1,8,9
WBGene00021701.,23,23,46
WBGene00021702.,130,682,812
WBGene00021703.,2,0,2
WBGene00021704.,52,71,123
WBGene00021706.,5,22,27
WBGene00021707.,1,14,15
WBGene00021708.,2,11,13
WBGene00021709.,2,74,76
WBGene00021710.,3,15,18
WBGene00021711.,1,4,5
WBGene00021713.,0,0,0
WBGene00021714.,39,303,342
WBGene00021715.,207,1916,2123
WBGene00021716.,0,4,4
WBGene00021717.,0,0,0
WBGene00021718.,0,0,0
WBGene00021719.,0,0,0
WBGene00021720.,6,2,8
WBGene00021721.,12,89,101
WBGene00021722.,1,1,2
WBGene00021723.,0,0,0
WBGene00021724.,0,1,1
WBGene00021725.,17,65,82
WBGene00021726.,1,13,14
WBGene00021727.,0,0,0
WBGene00021728.,12,30,42
WBGene00021729.,0,0,0
WBGene00021730.,1,4,5
WBGene00021731.,0,25,25
WBGene00021732.,67,216,283
WBGene00021733.,271,561,832
WBGene00021734.,29,33,62
WBGene00021735.,175,733,908
WBGene00021736.,84,817,901
WBGene00021737.,2,1,3
WBGene00021738.,144,406,550
WBGene00021739.,17,643,660
WBGene00021740.,92,358,450
WBGene00021741.,11,82,93
WBGene00021743.,82,195,277
WBGene00021744.,4,0,4
WBGene00021745.,55,179,234
WBGene00021746.,1,2,3
WBGene00021747.,3,12,15
WBGene00021748.,65,347,412
WBGene00021749.,81,517,598
WBGene00021750.,21,159,180
WBGene00021751.,586,145,731
WBGene00021752.,435,306,741
WBGene00021753.,244,918,1162
WBGene00021754.,631,3798,4429
WBGene00021755.,44,74,118
WBGene00021756.,282,325,607
WBGene00021757.,271,1189,1460
WBGene00021758.,107,541,648
WBGene00021763.,55,204,259
WBGene00021764.,25,95,120
WBGene00021765.,230,449,679
WBGene00021766.,61,332,393
WBGene00021768.,25,314,339
WBGene00021771.,249,583,832
WBGene00021772.,11,4,15
WBGene00021773.,0,1,1
WBGene00021774.,0,1,1
WBGene00021776.,91,250,341
WBGene00021778.,10,87,97
WBGene00021779.,0,2,2
WBGene00021780.,0,0,0
WBGene00021781.,32,210,242
WBGene00021783.,230,1421,1651
WBGene00021784.,62,1003,1065
WBGene00021785.,93,1255,1348
WBGene00021786.,0,1,1
WBGene00021787.,1,0,1
WBGene00021788.,94,21,115
WBGene00021789.,275,913,1188
WBGene00021790.,3,3,6
WBGene00021791.,0,0,0
WBGene00021792.,0,0,0
WBGene00021793.,0,0,0
WBGene00021794.,3,7,10
WBGene00021795.,9,55,64
WBGene00021796.,42,483,525
WBGene00021797.,6,3,9
WBGene00021798.,5,0,5
WBGene00021799.,13,73,86
WBGene00021800.,358,7199,7557
WBGene00021801.,0,0,0
WBGene00021804.,8,17,25
WBGene00021805.,4,12,16
WBGene00021806.,0,0,0
WBGene00021807.,19,27,46
WBGene00021808.,216,717,933
WBGene00021809.,0,2,2
WBGene00021810.,361,772,1133
WBGene00021811.,285,2237,2522
WBGene00021812.,26,301,327
WBGene00021813.,63,1310,1373
WBGene00021814.,16,26,42
WBGene00021815.,57,1060,1117
WBGene00021816.,72,1195,1267
WBGene00021817.,31,156,187
WBGene00021818.,477,3179,3656
WBGene00021819.,11,13,24
WBGene00021820.,279,386,665
WBGene00021821.,0,6,6
WBGene00021826.,148,1906,2054
WBGene00021827.,72,397,469
WBGene00021828.,219,793,1012
WBGene00021829.,37,2772,2809
WBGene00021830.,71,2720,2791
WBGene00021831.,336,990,1326
WBGene00021832.,40,130,170
WBGene00021833.,5,1,6
WBGene00021834.,14,560,574
WBGene00021835.,56,529,585
WBGene00021838.,166,932,1098
WBGene00021839.,352,3154,3506
WBGene00021840.,142,310,452
WBGene00021841.,29,213,242
WBGene00021842.,189,588,777
WBGene00021843.,513,3151,3664
WBGene00021844.,78,1790,1868
WBGene00021845.,17,2071,2088
WBGene00021846.,98,299,397
WBGene00021847.,113,816,929
WBGene00021848.,46,92,138
WBGene00021849.,612,8980,9592
WBGene00021850.,20,62,82
WBGene00021852.,40,186,226
WBGene00021853.,0,42,42
WBGene00021854.,136,1051,1187
WBGene00021855.,86,405,491
WBGene00021856.,240,645,885
WBGene00021857.,1020,3993,5013
WBGene00021858.,8,16,24
WBGene00021859.,3,2,5
WBGene00021860.,2,5,7
WBGene00021861.,3,9,12
WBGene00021862.,1,2,3
WBGene00021863.,54,281,335
WBGene00021864.,31,246,277
WBGene00021865.,8,9,17
WBGene00021866.,35,310,345
WBGene00021867.,92,672,764
WBGene00021868.,120,1492,1612
WBGene00021869.,3,19,22
WBGene00021870.,44,326,370
WBGene00021871.,23,134,157
WBGene00021872.,12,39,51
WBGene00021873.,3,5,8
WBGene00021875.,450,3060,3510
WBGene00021876.,216,946,1162
WBGene00021877.,32,79,111
WBGene00021878.,2,3,5
WBGene00021879.,1,28,29
WBGene00021880.,0,1,1
WBGene00021881.,52,97,149
WBGene00021882.,574,868,1442
WBGene00021883.,155,3847,4002
WBGene00021884.,0,185,185
WBGene00021885.,1,0,1
WBGene00021886.,324,101,425
WBGene00021887.,28,99,127
WBGene00021888.,148,3651,3799
WBGene00021889.,0,1,1
WBGene00021890.,393,3003,3396
WBGene00021892.,5,1,6
WBGene00021893.,1102,3008,4110
WBGene00021894.,990,4691,5681
WBGene00021895.,6,9,15
WBGene00021897.,94,274,368
WBGene00021898.,1,111,112
WBGene00021899.,336,4184,4520
WBGene00021900.,112,1865,1977
WBGene00021901.,28,1144,1172
WBGene00021902.,68,348,416
WBGene00021904.,26,465,491
WBGene00021905.,52,378,430
WBGene00021906.,179,553,732
WBGene00021907.,2,2,4
WBGene00021908.,0,1,1
WBGene00021909.,13,410,423
WBGene00021910.,156,643,799
WBGene00021911.,3,16,19
WBGene00021912.,51,285,336
WBGene00021913.,29,441,470
WBGene00021914.,107,352,459
WBGene00021915.,189,660,849
WBGene00021917.,9,171,180
WBGene00021918.,23,999,1022
WBGene00021919.,8,123,131
WBGene00021920.,423,2555,2978
WBGene00021921.,323,1982,2305
WBGene00021922.,44,953,997
WBGene00021923.,122,301,423
WBGene00021925.,120,319,439
WBGene00021926.,119,1109,1228
WBGene00021927.,17,228,245
WBGene00021928.,15,155,170
WBGene00021929.,19,877,896
WBGene00021930.,366,4713,5079
WBGene00021931.,55,136,191
WBGene00021932.,64,596,660
WBGene00021933.,21,299,320
WBGene00021934.,129,3770,3899
WBGene00021935.,83,437,520
WBGene00021936.,525,1294,1819
WBGene00021938.,82,1026,1108
WBGene00021939.,36,26,62
WBGene00021941.,38,63,101
WBGene00021942.,17,152,169
WBGene00021943.,134,1669,1803
WBGene00021945.,81,243,324
WBGene00021947.,5,10,15
WBGene00021948.,312,1036,1348
WBGene00021949.,1,0,1
WBGene00021950.,28,181,209
WBGene00021951.,13,19,32
WBGene00021952.,184,3247,3431
WBGene00021953.,5,30,35
WBGene00021956.,58,1194,1252
WBGene00021957.,0,0,0
WBGene00021958.,5,15,20
WBGene00021959.,405,3786,4191
WBGene00021960.,207,2936,3143
WBGene00021961.,0,0,0
WBGene00021963.,18,198,216
WBGene00021964.,1,0,1
WBGene00021965.,37,236,273
WBGene00021966.,2,1,3
WBGene00021967.,1,2,3
WBGene00021968.,29,14,43
WBGene00021969.,0,3,3
WBGene00021970.,32,5,37
WBGene00021971.,0,4,4
WBGene00021972.,35,166,201
WBGene00021973.,186,1193,1379
WBGene00021974.,160,1077,1237
WBGene00021975.,12,189,201
WBGene00021976.,24,162,186
WBGene00021977.,9,131,140
WBGene00021978.,1,49,50
WBGene00021979.,0,488,488
WBGene00021980.,140,277,417
WBGene00021981.,19,1323,1342
WBGene00021983.,67,1007,1074
WBGene00021984.,55,232,287
WBGene00021985.,180,1012,1192
WBGene00021986.,106,560,666
WBGene00021987.,0,0,0
WBGene00021988.,0,0,0
WBGene00021990.,18,26,44
WBGene00021992.,2,0,2
WBGene00021993.,0,6,6
WBGene00021994.,11,54,65
WBGene00021995.,0,1,1
WBGene00021996.,2,1,3
WBGene00021997.,0,0,0
WBGene00021998.,0,0,0
WBGene00021999.,0,1,1
WBGene00022000.,0,0,0
WBGene00022001.,3,0,3
WBGene00022002.,0,0,0
WBGene00022003.,0,0,0
WBGene00022004.,9,203,212
WBGene00022005.,0,2,2
WBGene00022006.,0,0,0
WBGene00022007.,0,0,0
WBGene00022008.,2,0,2
WBGene00022010.,130,1001,1131
WBGene00022011.,1,0,1
WBGene00022012.,5,38,43
WBGene00022013.,1,65,66
WBGene00022014.,170,210,380
WBGene00022015.,331,1160,1491
WBGene00022016.,1,7,8
WBGene00022017.,0,3,3
WBGene00022018.,2,112,114
WBGene00022019.,407,1646,2053
WBGene00022020.,0,4,4
WBGene00022021.,284,2665,2949
WBGene00022022.,27,597,624
WBGene00022023.,0,0,0
WBGene00022024.,2,30,32
WBGene00022025.,93,1202,1295
WBGene00022026.,194,1100,1294
WBGene00022027.,323,2514,2837
WBGene00022028.,10,9,19
WBGene00022029.,71,1440,1511
WBGene00022030.,5,9,14
WBGene00022031.,65,461,526
WBGene00022032.,8,6,14
WBGene00022033.,42,168,210
WBGene00022034.,62,452,514
WBGene00022035.,24,37,61
WBGene00022036.,42,92,134
WBGene00022037.,64,678,742
WBGene00022038.,21,118,139
WBGene00022039.,2,11,13
WBGene00022040.,4,55,59
WBGene00022042.,10992,59976,70968
WBGene00022043.,13,419,432
WBGene00022044.,28,994,1022
WBGene00022045.,381,2042,2423
WBGene00022046.,10,13191,13201
WBGene00022047.,12,104,116
WBGene00022048.,970,12286,13256
WBGene00022051.,119,389,508
WBGene00022052.,58,404,462
WBGene00022053.,749,6891,7640
WBGene00022054.,45,334,379
WBGene00022055.,29,276,305
WBGene00022056.,67,211,278
WBGene00022057.,35,806,841
WBGene00022059.,1508,1378,2886
WBGene00022060.,4,212,216
WBGene00022061.,14,40,54
WBGene00022062.,16,35,51
WBGene00022063.,64,722,786
WBGene00022064.,0,1,1
WBGene00022066.,0,4,4
WBGene00022067.,99,334,433
WBGene00022069.,190,4780,4970
WBGene00022070.,2,11,13
WBGene00022071.,8,60,68
WBGene00022072.,2059,18538,20597
WBGene00022073.,62,475,537
WBGene00022074.,189,743,932
WBGene00022075.,408,5319,5727
WBGene00022076.,3,7,10
WBGene00022077.,84,758,842
WBGene00022078.,651,1248,1899
WBGene00022079.,4,4,8
WBGene00022082.,0,3,3
WBGene00022083.,1,5,6
WBGene00022085.,10,8,18
WBGene00022086.,25,37,62
WBGene00022087.,650,853,1503
WBGene00022089.,1298,33682,34980
WBGene00022090.,1,6,7
WBGene00022092.,233,1685,1918
WBGene00022093.,758,6348,7106
WBGene00022094.,1,1,2
WBGene00022095.,0,0,0
WBGene00022096.,0,2,2
WBGene00022097.,1,0,1
WBGene00022099.,254,2484,2738
WBGene00022100.,490,1211,1701
WBGene00022101.,43,146,189
WBGene00022102.,11,32,43
WBGene00022103.,139,256,395
WBGene00022104.,207,208,415
WBGene00022106.,142,266,408
WBGene00022107.,46,675,721
WBGene00022108.,5,14,19
WBGene00022110.,6,101,107
WBGene00022111.,0,77,77
WBGene00022112.,0,10,10
WBGene00022113.,32,79,111
WBGene00022114.,101,9324,9425
WBGene00022115.,126,890,1016
WBGene00022117.,302,359,661
WBGene00022118.,88,449,537
WBGene00022119.,21,2463,2484
WBGene00022121.,191,465,656
WBGene00022122.,76,10926,11002
WBGene00022123.,25,186,211
WBGene00022124.,133,290,423
WBGene00022125.,67,464,531
WBGene00022126.,78,344,422
WBGene00022127.,6,7514,7520
WBGene00022128.,68,590,658
WBGene00022129.,56,250,306
WBGene00022130.,31,68,99
WBGene00022131.,119,399,518
WBGene00022133.,1,0,1
WBGene00022134.,440,1752,2192
WBGene00022138.,278,480,758
WBGene00022139.,206,812,1018
WBGene00022140.,24,5,29
WBGene00022141.,14,691,705
WBGene00022142.,20,24,44
WBGene00022143.,2,6,8
WBGene00022144.,92,5479,5571
WBGene00022145.,16,7,23
WBGene00022146.,57,2004,2061
WBGene00022148.,691,1869,2560
WBGene00022149.,182,803,985
WBGene00022150.,35,1786,1821
WBGene00022152.,186,695,881
WBGene00022153.,197,568,765
WBGene00022154.,27,212,239
WBGene00022155.,41,383,424
WBGene00022156.,3,13,16
WBGene00022157.,5,2,7
WBGene00022158.,59,381,440
WBGene00022159.,204,2245,2449
WBGene00022160.,17,246,263
WBGene00022161.,7,241,248
WBGene00022162.,1,1,2
WBGene00022163.,4,8,12
WBGene00022165.,92,330,422
WBGene00022166.,121,273,394
WBGene00022167.,53,390,443
WBGene00022168.,283,690,973
WBGene00022169.,291,2300,2591
WBGene00022170.,4182,31877,36059
WBGene00022171.,0,109,109
WBGene00022172.,0,57,57
WBGene00022173.,0,359,359
WBGene00022174.,152,367,519
WBGene00022175.,69,356,425
WBGene00022176.,187,740,927
WBGene00022177.,3,10,13
WBGene00022178.,21,65,86
WBGene00022179.,14,13,27
WBGene00022180.,113,1978,2091
WBGene00022181.,12,74,86
WBGene00022182.,256,1060,1316
WBGene00022185.,129,814,943
WBGene00022188.,81,837,918
WBGene00022189.,1,0,1
WBGene00022190.,15,224,239
WBGene00022191.,14,42,56
WBGene00022192.,80,896,976
WBGene00022193.,24,302,326
WBGene00022194.,453,6947,7400
WBGene00022195.,131,458,589
WBGene00022196.,26,319,345
WBGene00022197.,37,200,237
WBGene00022198.,45,184,229
WBGene00022199.,107,5593,5700
WBGene00022200.,13,112,125
WBGene00022201.,45,864,909
WBGene00022202.,93,1475,1568
WBGene00022203.,22,443,465
WBGene00022204.,4,16,20
WBGene00022205.,22,76,98
WBGene00022206.,32,79,111
WBGene00022207.,1,1,2
WBGene00022209.,0,0,0
WBGene00022210.,2,1,3
WBGene00022211.,75,325,400
WBGene00022213.,12,32,44
WBGene00022214.,1,1,2
WBGene00022215.,0,0,0
WBGene00022216.,0,1,1
WBGene00022217.,0,0,0
WBGene00022218.,1,0,1
WBGene00022219.,95,310,405
WBGene00022221.,136,288,424
WBGene00022222.,7,26,33
WBGene00022223.,3,2,5
WBGene00022224.,0,9,9
WBGene00022225.,5,12,17
WBGene00022227.,43,147,190
WBGene00022228.,39,72,111
WBGene00022229.,21,16,37
WBGene00022230.,711,4372,5083
WBGene00022231.,76,329,405
WBGene00022232.,96,473,569
WBGene00022233.,128,1889,2017
WBGene00022235.,841,26123,26964
WBGene00022236.,0,6,6
WBGene00022237.,3,2,5
WBGene00022240.,77,758,835
WBGene00022242.,133,1280,1413
WBGene00022243.,0,6,6
WBGene00022244.,1,129,130
WBGene00022245.,425,3066,3491
WBGene00022246.,22,111,133
WBGene00022247.,51,77,128
WBGene00022248.,151,1953,2104
WBGene00022249.,0,0,0
WBGene00022250.,30,299,329
WBGene00022251.,79,782,861
WBGene00022252.,25,126,151
WBGene00022253.,90,1655,1745
WBGene00022254.,67,2000,2067
WBGene00022255.,12,266,278
WBGene00022256.,0,1,1
WBGene00022257.,0,56,56
WBGene00022258.,54,395,449
WBGene00022259.,58,395,453
WBGene00022260.,88,525,613
WBGene00022261.,12,50,62
WBGene00022262.,0,4,4
WBGene00022263.,6,48,54
WBGene00022264.,0,2,2
WBGene00022265.,0,3,3
WBGene00022266.,0,0,0
WBGene00022267.,34,102,136
WBGene00022268.,244,1743,1987
WBGene00022269.,280,1790,2070
WBGene00022270.,137,303,440
WBGene00022271.,35,2013,2048
WBGene00022272.,2,14,16
WBGene00022273.,29,286,315
WBGene00022274.,23,93,116
WBGene00022275.,6,29,35
WBGene00022276.,130,1345,1475
WBGene00022277.,185,1167,1352
WBGene00022278.,255,644,899
WBGene00022279.,102,1363,1465
WBGene00022280.,62,830,892
WBGene00022281.,255,941,1196
WBGene00022282.,0,0,0
WBGene00022283.,11,111,122
WBGene00022284.,73,358,431
WBGene00022285.,374,229,603
WBGene00022286.,90,223,313
WBGene00022287.,26,219,245
WBGene00022288.,18,75,93
WBGene00022289.,4,225,229
WBGene00022290.,0,1,1
WBGene00022291.,0,0,0
WBGene00022292.,0,0,0
WBGene00022295.,11,27,38
WBGene00022296.,449,888,1337
WBGene00022297.,131,2266,2397
WBGene00022298.,6,9,15
WBGene00022300.,146,537,683
WBGene00022301.,383,1096,1479
WBGene00022302.,97,1091,1188
WBGene00022303.,1,102,103
WBGene00022306.,616,1655,2271
WBGene00022307.,17,499,516
WBGene00022308.,2,1,3
WBGene00022309.,97,522,619
WBGene00022310.,159,337,496
WBGene00022311.,2,3,5
WBGene00022312.,2,0,2
WBGene00022313.,81,126,207
WBGene00022314.,73,306,379
WBGene00022315.,2,4,6
WBGene00022316.,0,0,0
WBGene00022317.,9,42,51
WBGene00022318.,0,1,1
WBGene00022319.,0,0,0
WBGene00022320.,5,1,6
WBGene00022321.,1,1,2
WBGene00022322.,0,2,2
WBGene00022323.,0,1,1
WBGene00022324.,0,0,0
WBGene00022325.,9,65,74
WBGene00022326.,4,29,33
WBGene00022327.,5,19,24
WBGene00022328.,1,2,3
WBGene00022329.,6,51,57
WBGene00022330.,2,10,12
WBGene00022331.,4,8,12
WBGene00022332.,3,3,6
WBGene00022333.,2,9,11
WBGene00022334.,8,6,14
WBGene00022335.,15,50,65
WBGene00022336.,435,172448,172883
WBGene00022337.,3,12,15
WBGene00022338.,11,10,21
WBGene00022339.,521,3444,3965
WBGene00022340.,0,0,0
WBGene00022341.,0,0,0
WBGene00022342.,1,1,2
WBGene00022343.,0,1,1
WBGene00022344.,2,7,9
WBGene00022345.,0,4,4
WBGene00022346.,5,29,34
WBGene00022347.,165,1208,1373
WBGene00022348.,66,1697,1763
WBGene00022349.,13,73,86
WBGene00022350.,191,735,926
WBGene00022351.,82,150,232
WBGene00022352.,0,0,0
WBGene00022353.,2,28,30
WBGene00022354.,299,581,880
WBGene00022356.,4,386,390
WBGene00022357.,73,567,640
WBGene00022358.,133,572,705
WBGene00022360.,194,920,1114
WBGene00022361.,275,771,1046
WBGene00022363.,131,397,528
WBGene00022365.,14,87,101
WBGene00022366.,248,418,666
WBGene00022367.,77,86,163
WBGene00022368.,94,849,943
WBGene00022369.,107,767,874
WBGene00022370.,112,124,236
WBGene00022371.,209,604,813
WBGene00022372.,65,178,243
WBGene00022373.,249,3211,3460
WBGene00022374.,11,54,65
WBGene00022375.,3,8,11
WBGene00022376.,151,986,1137
WBGene00022377.,5,35,40
WBGene00022378.,660,2554,3214
WBGene00022379.,22,147,169
WBGene00022380.,704,3907,4611
WBGene00022381.,67,953,1020
WBGene00022382.,0,296,296
WBGene00022385.,10,10,20
WBGene00022386.,158,539,697
WBGene00022388.,266,621,887
WBGene00022389.,184,956,1140
WBGene00022390.,32,151,183
WBGene00022391.,265,603,868
WBGene00022392.,10,49,59
WBGene00022393.,75,809,884
WBGene00022394.,44,2110,2154
WBGene00022395.,7,37,44
WBGene00022396.,27,499,526
WBGene00022397.,188,1050,1238
WBGene00022398.,46,344,390
WBGene00022399.,32,149,181
WBGene00022400.,30,1149,1179
WBGene00022401.,89,2020,2109
WBGene00022402.,24,815,839
WBGene00022403.,5,0,5
WBGene00022404.,0,10,10
WBGene00022405.,0,13,13
WBGene00022406.,3,4,7
WBGene00022407.,0,3,3
WBGene00022408.,0,5,5
WBGene00022409.,8,20,28
WBGene00022410.,14,5269,5283
WBGene00022411.,3,6,9
WBGene00022412.,27,120,147
WBGene00022413.,14,70,84
WBGene00022415.,12,189,201
WBGene00022416.,64,237,301
WBGene00022417.,13,191,204
WBGene00022418.,26,408,434
WBGene00022419.,30,142,172
WBGene00022420.,39,762,801
WBGene00022421.,2,0,2
WBGene00022423.,94,77,171
WBGene00022425.,127,696,823
WBGene00022426.,92,360,452
WBGene00022427.,163,710,873
WBGene00022428.,55,309,364
WBGene00022429.,0,0,0
WBGene00022431.,11,4,15
WBGene00022432.,0,15,15
WBGene00022433.,2,2,4
WBGene00022434.,365,643,1008
WBGene00022435.,128,163,291
WBGene00022438.,1,0,1
WBGene00022439.,2,1,3
WBGene00022440.,10,42,52
WBGene00022441.,77,506,583
WBGene00022442.,0,0,0
WBGene00022443.,0,0,0
WBGene00022444.,0,1,1
WBGene00022445.,5,23,28
WBGene00022446.,0,4,4
WBGene00022447.,177,283,460
WBGene00022448.,104,498,602
WBGene00022450.,44,420,464
WBGene00022452.,3,87,90
WBGene00022453.,117,1413,1530
WBGene00022454.,55,38,93
WBGene00022455.,16,1168,1184
WBGene00022456.,96,1459,1555
WBGene00022457.,71,420,491
WBGene00022458.,5,1437,1442
WBGene00022459.,40,398,438
WBGene00022460.,89,629,718
WBGene00022462.,15,180,195
WBGene00022463.,184,1218,1402
WBGene00022465.,31,221,252
WBGene00022466.,60,610,670
WBGene00022467.,1,5,6
WBGene00022469.,9,64,73
WBGene00022470.,428,2293,2721
WBGene00022471.,48,229,277
WBGene00022472.,361,2812,3173
WBGene00022473.,1368,2105,3473
WBGene00022474.,5,32,37
WBGene00022475.,54,859,913
WBGene00022476.,1,2,3
WBGene00022477.,0,0,0
WBGene00022478.,1,1,2
WBGene00022479.,0,1,1
WBGene00022481.,0,1,1
WBGene00022482.,0,0,0
WBGene00022483.,0,0,0
WBGene00022484.,2,24,26
WBGene00022485.,46,158,204
WBGene00022486.,4,10,14
WBGene00022487.,1,11,12
WBGene00022488.,95,447,542
WBGene00022489.,242,1832,2074
WBGene00022490.,17,42,59
WBGene00022491.,70,82,152
WBGene00022492.,55,2231,2286
WBGene00022493.,127,924,1051
WBGene00022494.,0,62,62
WBGene00022495.,0,2,2
WBGene00022496.,0,22,22
WBGene00022497.,0,901,901
WBGene00022498.,4,16,20
WBGene00022499.,234,4010,4244
WBGene00022500.,335,3181,3516
WBGene00022501.,412,554,966
WBGene00022502.,34,323,357
WBGene00022503.,2,62,64
WBGene00022504.,28,52,80
WBGene00022505.,37,521,558
WBGene00022506.,6,8,14
WBGene00022507.,8,6,14
WBGene00022508.,0,3,3
WBGene00022509.,0,3,3
WBGene00022511.,1,4,5
WBGene00022512.,2,0,2
WBGene00022515.,29,406,435
WBGene00022516.,39,1378,1417
WBGene00022517.,79,46,125
WBGene00022518.,282,299,581
WBGene00022519.,226,1021,1247
WBGene00022521.,15,16,31
WBGene00022522.,13,74,87
WBGene00022526.,18,4,22
WBGene00022527.,27,25,52
WBGene00022528.,0,4,4
WBGene00022529.,2,1,3
WBGene00022530.,7,86,93
WBGene00022531.,31,521,552
WBGene00022532.,5,97,102
WBGene00022533.,10,61,71
WBGene00022534.,143,958,1101
WBGene00022536.,3,8,11
WBGene00022537.,11,36,47
WBGene00022538.,82,1777,1859
WBGene00022539.,9,16,25
WBGene00022540.,21,30,51
WBGene00022541.,0,0,0
WBGene00022542.,2,3,5
WBGene00022544.,28,8,36
WBGene00022545.,3,0,3
WBGene00022546.,0,3,3
WBGene00022547.,4,13,17
WBGene00022548.,3,1,4
WBGene00022549.,5,13,18
WBGene00022550.,3,8,11
WBGene00022551.,2,7,9
WBGene00022552.,4,20,24
WBGene00022553.,0,1,1
WBGene00022554.,17,274,291
WBGene00022555.,0,0,0
WBGene00022556.,0,0,0
WBGene00022557.,0,1,1
WBGene00022558.,0,0,0
WBGene00022559.,0,0,0
WBGene00022560.,0,2,2
WBGene00022561.,0,1,1
WBGene00022562.,47,256,303
WBGene00022563.,2,2,4
WBGene00022564.,35,190,225
WBGene00022565.,0,7,7
WBGene00022566.,11,53,64
WBGene00022567.,15,39,54
WBGene00022568.,9,146,155
WBGene00022569.,19,325,344
WBGene00022570.,2,2,4
WBGene00022571.,0,1,1
WBGene00022572.,0,0,0
WBGene00022573.,0,1,1
WBGene00022574.,0,29,29
WBGene00022575.,0,3,3
WBGene00022576.,18,94,112
WBGene00022577.,16,98,114
WBGene00022578.,0,0,0
WBGene00022579.,294,1812,2106
WBGene00022580.,114,1164,1278
WBGene00022581.,2,4,6
WBGene00022582.,0,0,0
WBGene00022583.,191,2680,2871
WBGene00022584.,35,180,215
WBGene00022586.,5,23,28
WBGene00022587.,0,4,4
WBGene00022588.,32,187,219
WBGene00022589.,12,0,12
WBGene00022590.,0,22,22
WBGene00022591.,117,868,985
WBGene00022592.,156,474,630
WBGene00022593.,72,224,296
WBGene00022594.,0,2,2
WBGene00022596.,0,1,1
WBGene00022597.,90,628,718
WBGene00022598.,64,710,774
WBGene00022599.,1395,17673,19068
WBGene00022600.,0,1,1
WBGene00022601.,15,103,118
WBGene00022603.,74,820,894
WBGene00022604.,0,0,0
WBGene00022605.,1,5,6
WBGene00022606.,6,16,22
WBGene00022608.,73,580,653
WBGene00022609.,55,246,301
WBGene00022610.,29,84,113
WBGene00022611.,8,30,38
WBGene00022612.,13,91,104
WBGene00022613.,62,328,390
WBGene00022614.,76,689,765
WBGene00022615.,20,493,513
WBGene00022616.,0,0,0
WBGene00022617.,0,0,0
WBGene00022618.,127,1977,2104
WBGene00022619.,0,4,4
WBGene00022620.,80,748,828
WBGene00022621.,0,0,0
WBGene00022622.,3,2,5
WBGene00022623.,6,135,141
WBGene00022624.,19,42,61
WBGene00022627.,9,17,26
WBGene00022628.,4,6,10
WBGene00022629.,11,402,413
WBGene00022630.,0,0,0
WBGene00022631.,14,122,136
WBGene00022632.,3,1,4
WBGene00022633.,35,187,222
WBGene00022634.,1,3,4
WBGene00022635.,66,302,368
WBGene00022636.,0,2,2
WBGene00022637.,1,3,4
WBGene00022638.,1,0,1
WBGene00022639.,1,9,10
WBGene00022640.,0,4,4
WBGene00022641.,0,6,6
WBGene00022642.,16,65,81
WBGene00022643.,8,17,25
WBGene00022644.,15,101,116
WBGene00022645.,14,94,108
WBGene00022646.,10,591,601
WBGene00022647.,56,361,417
WBGene00022648.,84,231,315
WBGene00022649.,10,75,85
WBGene00022650.,107,100,207
WBGene00022651.,0,3,3
WBGene00022652.,0,2,2
WBGene00022653.,8,48,56
WBGene00022654.,2,0,2
WBGene00022655.,4,15,19
WBGene00022656.,4,54,58
WBGene00022657.,13,465,478
WBGene00022658.,0,8,8
WBGene00022660.,0,13,13
WBGene00022661.,26,57,83
WBGene00022662.,10,21,31
WBGene00022663.,79,734,813
WBGene00022664.,33,179,212
WBGene00022665.,24,229,253
WBGene00022666.,67,642,709
WBGene00022667.,182,963,1145
WBGene00022668.,190,784,974
WBGene00022669.,0,0,0
WBGene00022670.,0,0,0
WBGene00022671.,2,7,9
WBGene00022672.,136,494,630
WBGene00022673.,36,357,393
WBGene00022674.,0,1,1
WBGene00022675.,529,1099,1628
WBGene00022677.,40,324,364
WBGene00022678.,136,3746,3882
WBGene00022679.,2,245,247
WBGene00022680.,13,36,49
WBGene00022681.,30,86,116
WBGene00022682.,25,61,86
WBGene00022683.,47,283,330
WBGene00022685.,3,1,4
WBGene00022688.,0,0,0
WBGene00022689.,0,2,2
WBGene00022690.,0,4,4
WBGene00022691.,3,1,4
WBGene00022694.,46,479,525
WBGene00022695.,78,376,454
WBGene00022696.,14,83,97
WBGene00022697.,125,1034,1159
WBGene00022698.,9,22,31
WBGene00022699.,1,4,5
WBGene00022700.,11,76,87
WBGene00022702.,4,324,328
WBGene00022703.,135,1109,1244
WBGene00022704.,39,372,411
WBGene00022705.,11,38,49
WBGene00022706.,7,73,80
WBGene00022707.,0,1,1
WBGene00022708.,0,3,3
WBGene00022709.,5,26,31
WBGene00022710.,0,0,0
WBGene00022711.,5,1,6
WBGene00022712.,22,113,135
WBGene00022713.,0,0,0
WBGene00022714.,3,3,6
WBGene00022715.,5,10,15
WBGene00022716.,2,0,2
WBGene00022717.,65,683,748
WBGene00022718.,142,1487,1629
WBGene00022719.,131,1233,1364
WBGene00022720.,53,262,315
WBGene00022721.,39,321,360
WBGene00022722.,147,1768,1915
WBGene00022723.,5,3,8
WBGene00022724.,0,0,0
WBGene00022725.,3,4,7
WBGene00022726.,4,3,7
WBGene00022727.,51,412,463
WBGene00022728.,1,3,4
WBGene00022729.,0,0,0
WBGene00022730.,41,273,314
WBGene00022731.,9,17,26
WBGene00022732.,6,23,29
WBGene00022733.,33,42,75
WBGene00022734.,94,2058,2152
WBGene00022735.,12,43,55
WBGene00022736.,19,228,247
WBGene00022737.,4,178,182
WBGene00022738.,224,3373,3597
WBGene00022739.,203,1623,1826
WBGene00022741.,5,13,18
WBGene00022742.,132,1472,1604
WBGene00022743.,86,555,641
WBGene00022744.,21,60,81
WBGene00022745.,1056,4763,5819
WBGene00022746.,0,4,4
WBGene00022747.,0,6,6
WBGene00022748.,206,13441,13647
WBGene00022749.,50,1425,1475
WBGene00022750.,444,1586,2030
WBGene00022751.,0,2,2
WBGene00022752.,13,102,115
WBGene00022753.,4,0,4
WBGene00022754.,0,1,1
WBGene00022755.,0,12,12
WBGene00022756.,7,44,51
WBGene00022757.,0,0,0
WBGene00022758.,2,0,2
WBGene00022759.,33,1157,1190
WBGene00022760.,0,67,67
WBGene00022761.,0,6,6
WBGene00022762.,44,224,268
WBGene00022763.,0,11,11
WBGene00022765.,693,4397,5090
WBGene00022766.,116,1728,1844
WBGene00022767.,12,230,242
WBGene00022769.,43,360,403
WBGene00022770.,34,441,475
WBGene00022771.,43,177,220
WBGene00022772.,15,59,74
WBGene00022773.,84,343,427
WBGene00022774.,54,1372,1426
WBGene00022775.,2,106,108
WBGene00022776.,20,1712,1732
WBGene00022778.,0,1,1
WBGene00022780.,0,2,2
WBGene00022781.,82,2521,2603
WBGene00022782.,34,441,475
WBGene00022783.,488,2851,3339
WBGene00022785.,105,927,1032
WBGene00022786.,7,445,452
WBGene00022787.,67,613,680
WBGene00022788.,15,548,563
WBGene00022789.,1,10,11
WBGene00022790.,22,138,160
WBGene00022791.,344,1942,2286
WBGene00022792.,78,866,944
WBGene00022793.,41,3330,3371
WBGene00022794.,193,2174,2367
WBGene00022795.,3,5,8
WBGene00022796.,72,273,345
WBGene00022797.,16,205,221
WBGene00022798.,117,1390,1507
WBGene00022799.,1,5,6
WBGene00022800.,85,1056,1141
WBGene00022801.,126,2572,2698
WBGene00022802.,31,286,317
WBGene00022803.,33,417,450
WBGene00022804.,5,8,13
WBGene00022805.,88,575,663
WBGene00022806.,1,1,2
WBGene00022807.,9,7,16
WBGene00022808.,2,7,9
WBGene00022809.,3,11,14
WBGene00022810.,13,205,218
WBGene00022811.,48,37,85
WBGene00022812.,79,953,1032
WBGene00022813.,43,241,284
WBGene00022814.,20,204,224
WBGene00022815.,12,50,62
WBGene00022816.,286,2116,2402
WBGene00022817.,276,2883,3159
WBGene00022818.,3,5,8
WBGene00022820.,1,0,1
WBGene00022821.,0,0,0
WBGene00022822.,0,7,7
WBGene00022823.,23,1183,1206
WBGene00022824.,19,94,113
WBGene00022825.,31,165,196
WBGene00022826.,0,3,3
WBGene00022827.,17,11,28
WBGene00022829.,29,68,97
WBGene00022830.,28,459,487
WBGene00022831.,116,933,1049
WBGene00022832.,83,1009,1092
WBGene00022833.,1,4,5
WBGene00022834.,5,89,94
WBGene00022835.,50,377,427
WBGene00022836.,67,853,920
WBGene00022837.,18,169,187
WBGene00022838.,14,38,52
WBGene00022840.,10,11,21
WBGene00022842.,31,176,207
WBGene00022843.,20,54,74
WBGene00022845.,0,34,34
WBGene00022846.,16,1,17
WBGene00022847.,35,92,127
WBGene00022848.,30,296,326
WBGene00022849.,23,68,91
WBGene00022850.,217,564,781
WBGene00022851.,75,1537,1612
WBGene00022852.,5,1160,1165
WBGene00022853.,0,18,18
WBGene00022854.,10,97,107
WBGene00022855.,32,2601,2633
WBGene00022856.,16,5665,5681
WBGene00022857.,16,215,231
WBGene00022858.,25,31,56
WBGene00022861.,3525,284,3809
WBGene00022862.,23,503,526
WBGene00022864.,102,2397,2499
WBGene00022865.,126,1215,1341
WBGene00022866.,2,6,8
WBGene00022867.,2,23,25
WBGene00022868.,11,80,91
WBGene00022869.,0,0,0
WBGene00022870.,0,1,1
WBGene00022871.,0,0,0
WBGene00022872.,3,13,16
WBGene00022873.,3,6,9
WBGene00022874.,31,68,99
WBGene00022875.,0,0,0
WBGene00022876.,0,0,0
WBGene00022877.,0,0,0
WBGene00022880.,67,420,487
WBGene00022881.,16,392,408
WBGene00022882.,52,268,320
WBGene00022883.,15,242,257
WBGene00022884.,0,9,9
WBGene00022885.,49,406,455
WBGene00022886.,1,0,1
WBGene00022887.,31,386,417
WBGene00022888.,1,0,1
WBGene00022889.,0,1,1
WBGene00022890.,0,4,4
WBGene00022891.,3,13,16
WBGene00022892.,0,0,0
WBGene00022893.,18,68,86
WBGene00022894.,0,0,0
WBGene00022895.,0,0,0
WBGene00022896.,0,0,0
WBGene00022897.,0,0,0
WBGene00022898.,0,0,0
WBGene00022899.,0,0,0
WBGene00022900.,0,0,0
WBGene00022901.,0,0,0
WBGene00022902.,0,0,0
WBGene00022903.,0,0,0
WBGene00022904.,0,0,0
WBGene00022905.,0,0,0
WBGene00022906.,0,0,0
WBGene00022907.,0,0,0
WBGene00022908.,0,0,0
WBGene00022909.,0,0,0
WBGene00022910.,0,0,0
WBGene00022911.,0,0,0
WBGene00022912.,0,0,0
WBGene00022913.,0,0,0
WBGene00022914.,0,0,0
WBGene00022915.,0,0,0
WBGene00022916.,0,2,2
WBGene00022917.,0,4,4
WBGene00022918.,0,3,3
WBGene00022919.,0,6,6
WBGene00022920.,0,0,0
WBGene00022921.,0,0,0
WBGene00022922.,0,8,8
WBGene00022923.,0,0,0
WBGene00022924.,0,0,0
WBGene00022925.,0,0,0
WBGene00022926.,0,5,5
WBGene00022927.,0,0,0
WBGene00022928.,0,0,0
WBGene00022929.,0,0,0
WBGene00022930.,0,0,0
WBGene00022931.,0,0,0
WBGene00022932.,0,12,12
WBGene00022933.,0,0,0
WBGene00022934.,0,0,0
WBGene00022935.,0,0,0
WBGene00022936.,0,0,0
WBGene00022937.,0,0,0
WBGene00022938.,0,1,1
WBGene00022939.,0,0,0
WBGene00022940.,0,2,2
WBGene00022941.,0,0,0
WBGene00022942.,0,0,0
WBGene00022943.,0,0,0
WBGene00022944.,0,0,0
WBGene00022945.,0,0,0
WBGene00022946.,0,0,0
WBGene00022947.,0,0,0
WBGene00022948.,0,0,0
WBGene00022949.,0,0,0
WBGene00022950.,0,8,8
WBGene00022951.,0,81145,81145
WBGene00022952.,0,1,1
WBGene00022953.,0,0,0
WBGene00022954.,0,0,0
WBGene00022955.,0,0,0
WBGene00022956.,0,23,23
WBGene00022957.,0,0,0
WBGene00022958.,0,0,0
WBGene00022959.,0,0,0
WBGene00022960.,0,0,0
WBGene00022961.,0,0,0
WBGene00022962.,0,6,6
WBGene00022963.,0,0,0
WBGene00022964.,0,0,0
WBGene00022965.,0,0,0
WBGene00022966.,0,0,0
WBGene00022967.,0,0,0
WBGene00022968.,0,0,0
WBGene00022969.,0,0,0
WBGene00022970.,0,125,125
WBGene00022971.,0,0,0
WBGene00022972.,0,0,0
WBGene00022973.,0,0,0
WBGene00022974.,0,0,0
WBGene00022975.,0,0,0
WBGene00022976.,0,0,0
WBGene00022977.,0,0,0
WBGene00022978.,0,0,0
WBGene00022979.,0,0,0
WBGene00022980.,0,0,0
WBGene00022981.,0,1,1
WBGene00022982.,0,12,12
WBGene00022983.,0,35,35
WBGene00022984.,0,0,0
WBGene00022985.,0,0,0
WBGene00022986.,0,0,0
WBGene00022987.,0,0,0
WBGene00022988.,0,0,0
WBGene00022989.,0,0,0
WBGene00022990.,0,0,0
WBGene00022991.,0,0,0
WBGene00022992.,0,0,0
WBGene00022993.,0,0,0
WBGene00022994.,0,0,0
WBGene00022995.,0,0,0
WBGene00022996.,0,0,0
WBGene00022997.,0,0,0
WBGene00022998.,0,0,0
WBGene00022999.,0,1,1
WBGene00023000.,0,0,0
WBGene00023001.,0,0,0
WBGene00023002.,0,0,0
WBGene00023003.,0,3,3
WBGene00023004.,0,0,0
WBGene00023005.,0,0,0
WBGene00023006.,0,1,1
WBGene00023007.,0,0,0
WBGene00023008.,0,0,0
WBGene00023009.,0,0,0
WBGene00023010.,0,0,0
WBGene00023011.,0,0,0
WBGene00023012.,0,0,0
WBGene00023013.,0,0,0
WBGene00023014.,0,0,0
WBGene00023015.,0,1,1
WBGene00023016.,0,0,0
WBGene00023017.,0,0,0
WBGene00023018.,0,0,0
WBGene00023019.,0,0,0
WBGene00023020.,0,273,273
WBGene00023021.,0,519,519
WBGene00023022.,0,0,0
WBGene00023023.,0,0,0
WBGene00023024.,0,0,0
WBGene00023025.,0,0,0
WBGene00023026.,0,0,0
WBGene00023027.,0,0,0
WBGene00023028.,0,0,0
WBGene00023029.,0,0,0
WBGene00023030.,0,0,0
WBGene00023031.,0,0,0
WBGene00023032.,0,0,0
WBGene00023033.,0,0,0
WBGene00023034.,0,0,0
WBGene00023035.,0,0,0
WBGene00023036.,174,994,1168
WBGene00023037.,0,0,0
WBGene00023038.,0,0,0
WBGene00023039.,5,10,15
WBGene00023040.,0,0,0
WBGene00023041.,0,0,0
WBGene00023042.,0,0,0
WBGene00023043.,0,0,0
WBGene00023044.,0,0,0
WBGene00023045.,0,1,1
WBGene00023046.,0,0,0
WBGene00023047.,0,0,0
WBGene00023048.,0,0,0
WBGene00023049.,0,2,2
WBGene00023050.,0,0,0
WBGene00023051.,0,0,0
WBGene00023052.,0,0,0
WBGene00023053.,0,0,0
WBGene00023054.,0,0,0
WBGene00023055.,0,0,0
WBGene00023056.,0,0,0
WBGene00023057.,0,0,0
WBGene00023058.,0,0,0
WBGene00023059.,0,0,0
WBGene00023060.,0,0,0
WBGene00023061.,0,0,0
WBGene00023062.,0,0,0
WBGene00023063.,0,0,0
WBGene00023064.,0,0,0
WBGene00023065.,0,0,0
WBGene00023066.,0,98,98
WBGene00023067.,8432,14446,22878
WBGene00023068.,213780,312585,526365
WBGene00023069.,2,220,222
WBGene00023070.,0,0,0
WBGene00023071.,0,0,0
WBGene00023072.,0,0,0
WBGene00023073.,0,0,0
WBGene00023074.,0,0,0
WBGene00023075.,0,0,0
WBGene00023076.,0,0,0
WBGene00023077.,0,0,0
WBGene00023078.,0,0,0
WBGene00023079.,0,0,0
WBGene00023080.,0,0,0
WBGene00023081.,0,0,0
WBGene00023082.,0,0,0
WBGene00023083.,0,53,53
WBGene00023084.,0,1,1
WBGene00023085.,0,0,0
WBGene00023086.,0,0,0
WBGene00023087.,0,0,0
WBGene00023088.,0,0,0
WBGene00023089.,0,0,0
WBGene00023090.,0,0,0
WBGene00023091.,0,0,0
WBGene00023092.,0,0,0
WBGene00023093.,0,0,0
WBGene00023094.,0,0,0
WBGene00023095.,0,0,0
WBGene00023096.,0,0,0
WBGene00023097.,0,0,0
WBGene00023098.,0,0,0
WBGene00023099.,0,0,0
WBGene00023100.,0,0,0
WBGene00023101.,0,0,0
WBGene00023102.,0,0,0
WBGene00023103.,0,0,0
WBGene00023104.,0,5,5
WBGene00023105.,0,0,0
WBGene00023106.,0,0,0
WBGene00023107.,0,0,0
WBGene00023108.,0,0,0
WBGene00023109.,0,1,1
WBGene00023110.,0,3,3
WBGene00023111.,0,0,0
WBGene00023112.,0,0,0
WBGene00023113.,0,1,1
WBGene00023115.,0,0,0
WBGene00023116.,0,1,1
WBGene00023117.,0,0,0
WBGene00023118.,0,1,1
WBGene00023119.,0,0,0
WBGene00023120.,0,0,0
WBGene00023121.,0,0,0
WBGene00023122.,0,0,0
WBGene00023123.,0,0,0
WBGene00023124.,0,0,0
WBGene00023125.,0,0,0
WBGene00023126.,0,0,0
WBGene00023127.,0,0,0
WBGene00023128.,0,0,0
WBGene00023129.,0,0,0
WBGene00023130.,0,0,0
WBGene00023131.,0,1,1
WBGene00023132.,0,0,0
WBGene00023133.,0,0,0
WBGene00023134.,0,0,0
WBGene00023135.,0,0,0
WBGene00023136.,0,0,0
WBGene00023137.,0,0,0
WBGene00023138.,0,0,0
WBGene00023139.,0,1,1
WBGene00023140.,0,0,0
WBGene00023141.,0,0,0
WBGene00023142.,0,1,1
WBGene00023143.,0,0,0
WBGene00023144.,0,0,0
WBGene00023145.,0,0,0
WBGene00023146.,0,0,0
WBGene00023147.,0,0,0
WBGene00023148.,0,1,1
WBGene00023149.,0,0,0
WBGene00023150.,0,2,2
WBGene00023151.,0,0,0
WBGene00023152.,0,0,0
WBGene00023153.,0,0,0
WBGene00023154.,0,0,0
WBGene00023155.,0,0,0
WBGene00023156.,0,0,0
WBGene00023157.,0,0,0
WBGene00023158.,0,0,0
WBGene00023159.,0,0,0
WBGene00023160.,0,0,0
WBGene00023161.,0,1,1
WBGene00023162.,0,4,4
WBGene00023163.,0,0,0
WBGene00023164.,0,0,0
WBGene00023165.,0,3,3
WBGene00023166.,0,0,0
WBGene00023167.,0,0,0
WBGene00023168.,0,1,1
WBGene00023169.,0,0,0
WBGene00023170.,0,0,0
WBGene00023171.,0,0,0
WBGene00023172.,27,39,66
WBGene00023173.,0,0,0
WBGene00023174.,0,0,0
WBGene00023175.,0,0,0
WBGene00023176.,0,0,0
WBGene00023177.,0,0,0
WBGene00023178.,0,0,0
WBGene00023179.,0,0,0
WBGene00023180.,0,0,0
WBGene00023181.,0,0,0
WBGene00023182.,0,0,0
WBGene00023183.,0,13,13
WBGene00023184.,0,0,0
WBGene00023185.,0,0,0
WBGene00023186.,0,0,0
WBGene00023187.,0,0,0
WBGene00023188.,0,0,0
WBGene00023189.,0,0,0
WBGene00023190.,0,0,0
WBGene00023191.,0,6,6
WBGene00023192.,0,0,0
WBGene00023193.,0,52,52
WBGene00023194.,0,0,0
WBGene00023195.,0,0,0
WBGene00023196.,0,0,0
WBGene00023197.,0,0,0
WBGene00023198.,0,0,0
WBGene00023199.,0,0,0
WBGene00023200.,0,0,0
WBGene00023201.,0,0,0
WBGene00023202.,0,0,0
WBGene00023203.,0,0,0
WBGene00023204.,0,0,0
WBGene00023205.,0,29,29
WBGene00023206.,0,0,0
WBGene00023207.,0,0,0
WBGene00023208.,0,0,0
WBGene00023209.,125,19159,19284
WBGene00023210.,0,0,0
WBGene00023211.,0,0,0
WBGene00023212.,0,0,0
WBGene00023213.,0,0,0
WBGene00023214.,0,0,0
WBGene00023215.,0,1,1
WBGene00023216.,0,0,0
WBGene00023217.,0,0,0
WBGene00023218.,0,0,0
WBGene00023219.,0,0,0
WBGene00023220.,0,0,0
WBGene00023221.,0,0,0
WBGene00023222.,0,0,0
WBGene00023223.,17,20,37
WBGene00023224.,0,0,0
WBGene00023225.,0,6,6
WBGene00023226.,0,3,3
WBGene00023227.,0,0,0
WBGene00023228.,0,0,0
WBGene00023229.,0,0,0
WBGene00023230.,0,0,0
WBGene00023231.,0,0,0
WBGene00023232.,0,0,0
WBGene00023233.,0,0,0
WBGene00023234.,0,0,0
WBGene00023235.,0,0,0
WBGene00023236.,0,0,0
WBGene00023237.,0,1,1
WBGene00023238.,0,0,0
WBGene00023239.,1,6,7
WBGene00023240.,0,1,1
WBGene00023241.,0,1,1
WBGene00023242.,0,0,0
WBGene00023243.,0,0,0
WBGene00023244.,4,1,5
WBGene00023245.,4,65,69
WBGene00023246.,0,17,17
WBGene00023247.,1,1,2
WBGene00023248.,1,0,1
WBGene00023249.,0,1,1
WBGene00023250.,0,0,0
WBGene00023251.,0,0,0
WBGene00023252.,0,31,31
WBGene00023253.,0,0,0
WBGene00023254.,0,0,0
WBGene00023255.,0,0,0
WBGene00023256.,0,0,0
WBGene00023257.,0,0,0
WBGene00023259.,0,0,0
WBGene00023260.,0,0,0
WBGene00023262.,0,5,5
WBGene00023263.,0,10234,10234
WBGene00023264.,18,4,22
WBGene00023265.,0,0,0
WBGene00023266.,0,0,0
WBGene00023267.,0,0,0
WBGene00023268.,0,2,2
WBGene00023269.,0,0,0
WBGene00023270.,1,3,4
WBGene00023271.,0,16,16
WBGene00023272.,0,2,2
WBGene00023273.,3,4,7
WBGene00023274.,2,1,3
WBGene00023275.,0,0,0
WBGene00023276.,0,18,18
WBGene00023277.,0,20,20
WBGene00023278.,0,1,1
WBGene00023279.,0,5,5
WBGene00023281.,3,13,16
WBGene00023282.,0,5,5
WBGene00023283.,0,0,0
WBGene00023284.,6,119,125
WBGene00023285.,0,3,3
WBGene00023287.,0,2,2
WBGene00023288.,0,1,1
WBGene00023289.,0,0,0
WBGene00023290.,0,0,0
WBGene00023291.,0,0,0
WBGene00023293.,0,2,2
WBGene00023294.,0,1,1
WBGene00023295.,0,0,0
WBGene00023296.,0,0,0
WBGene00023297.,0,0,0
WBGene00023298.,0,0,0
WBGene00023299.,0,0,0
WBGene00023300.,0,0,0
WBGene00023301.,3,1,4
WBGene00023302.,0,30,30
WBGene00023303.,1,3,4
WBGene00023304.,0,0,0
WBGene00023305.,0,1,1
WBGene00023306.,0,0,0
WBGene00023307.,0,0,0
WBGene00023308.,36,0,36
WBGene00023309.,0,0,0
WBGene00023310.,0,0,0
WBGene00023311.,0,0,0
WBGene00023312.,0,0,0
WBGene00023313.,0,0,0
WBGene00023314.,0,17,17
WBGene00023315.,0,0,0
WBGene00023316.,0,0,0
WBGene00023317.,2,1,3
WBGene00023318.,1,44,45
WBGene00023319.,0,3,3
WBGene00023320.,0,0,0
WBGene00023321.,1,4,5
WBGene00023322.,0,0,0
WBGene00023323.,8,116,124
WBGene00023324.,0,0,0
WBGene00023325.,0,2,2
WBGene00023326.,0,4,4
WBGene00023327.,0,0,0
WBGene00023328.,0,0,0
WBGene00023329.,0,0,0
WBGene00023330.,0,0,0
WBGene00023331.,0,2,2
WBGene00023332.,0,0,0
WBGene00023333.,0,0,0
WBGene00023334.,0,0,0
WBGene00023335.,0,0,0
WBGene00023336.,0,0,0
WBGene00023337.,1,0,1
WBGene00023338.,1,0,1
WBGene00023339.,0,0,0
WBGene00023340.,1,0,1
WBGene00023341.,0,0,0
WBGene00023342.,0,0,0
WBGene00023343.,0,0,0
WBGene00023344.,0,0,0
WBGene00023345.,0,0,0
WBGene00023346.,0,0,0
WBGene00023348.,0,5,5
WBGene00023349.,0,3,3
WBGene00023351.,0,8,8
WBGene00023352.,0,0,0
WBGene00023353.,0,0,0
WBGene00023354.,0,0,0
WBGene00023355.,91,37,128
WBGene00023356.,0,0,0
WBGene00023357.,0,0,0
WBGene00023358.,0,2,2
WBGene00023359.,0,0,0
WBGene00023360.,0,0,0
WBGene00023361.,0,0,0
WBGene00023362.,0,0,0
WBGene00023363.,0,0,0
WBGene00023364.,0,17,17
WBGene00023365.,0,0,0
WBGene00023366.,0,0,0
WBGene00023367.,0,0,0
WBGene00023368.,0,0,0
WBGene00023369.,0,0,0
WBGene00023370.,0,0,0
WBGene00023371.,0,0,0
WBGene00023372.,0,0,0
WBGene00023373.,0,6,6
WBGene00023375.,0,0,0
WBGene00023376.,0,2,2
WBGene00023377.,0,1,1
WBGene00023378.,0,0,0
WBGene00023379.,0,0,0
WBGene00023380.,0,0,0
WBGene00023381.,0,0,0
WBGene00023382.,0,0,0
WBGene00023383.,0,0,0
WBGene00023384.,0,0,0
WBGene00023385.,0,0,0
WBGene00023386.,0,0,0
WBGene00023387.,0,0,0
WBGene00023388.,0,0,0
WBGene00023389.,0,0,0
WBGene00023390.,0,2,2
WBGene00023391.,0,0,0
WBGene00023392.,0,0,0
WBGene00023393.,0,0,0
WBGene00023394.,0,0,0
WBGene00023395.,0,5,5
WBGene00023396.,0,7,7
WBGene00023397.,0,0,0
WBGene00023398.,0,0,0
WBGene00023399.,0,3,3
WBGene00023400.,0,0,0
WBGene00023401.,0,1962,1962
WBGene00023402.,0,0,0
WBGene00023404.,17,158,175
WBGene00023405.,135,1148,1283
WBGene00023407.,18,515,533
WBGene00023408.,171,5295,5466
WBGene00023409.,88,643,731
WBGene00023410.,3,0,3
WBGene00023411.,0,8,8
WBGene00023413.,2,8,10
WBGene00023414.,117,369,486
WBGene00023415.,8,48,56
WBGene00023416.,29,365,394
WBGene00023417.,18,608,626
WBGene00023418.,8,405,413
WBGene00023419.,102,1280,1382
WBGene00023420.,0,6,6
WBGene00023421.,43,321,364
WBGene00023422.,158,1153,1311
WBGene00023423.,31,27,58
WBGene00023424.,1,4,5
WBGene00023425.,0,2,2
WBGene00023427.,22,29,51
WBGene00023428.,0,0,0
WBGene00023429.,0,0,0
WBGene00023430.,0,0,0
WBGene00023431.,405,718,1123
WBGene00023432.,22,215,237
WBGene00023450.,135,380,515
WBGene00023451.,9,17,26
WBGene00023452.,0,0,0
WBGene00023453.,0,1,1
WBGene00023454.,0,0,0
WBGene00023455.,0,0,0
WBGene00023456.,0,1,1
WBGene00023457.,0,0,0
WBGene00023458.,26,885,911
WBGene00023459.,0,0,0
WBGene00023460.,23,126,149
WBGene00023461.,0,0,0
WBGene00023462.,4,4,8
WBGene00023463.,1,3,4
WBGene00023464.,2,8,10
WBGene00023465.,3,4,7
WBGene00023466.,0,0,0
WBGene00023467.,0,0,0
WBGene00023468.,0,0,0
WBGene00023469.,0,0,0
WBGene00023470.,0,3,3
WBGene00023471.,8,1,9
WBGene00023472.,14,207,221
WBGene00023474.,1,0,1
WBGene00023475.,1,1,2
WBGene00023476.,0,0,0
WBGene00023477.,0,126,126
WBGene00023478.,4,3,7
WBGene00023479.,2,3,5
WBGene00023480.,1,8,9
WBGene00023481.,0,3,3
WBGene00023482.,0,0,0
WBGene00023483.,1,0,1
WBGene00023484.,9,3,12
WBGene00023485.,0,14,14
WBGene00023486.,10,160,170
WBGene00023487.,139,2941,3080
WBGene00023488.,21,1,22
WBGene00023489.,203,64,267
WBGene00023490.,4,30,34
WBGene00023491.,110,483,593
WBGene00023492.,4,14,18
WBGene00023493.,3,30,33
WBGene00023497.,77,589,666
WBGene00023498.,10,343,353
WBGene00023499.,4,2,6
WBGene00023500.,105,892,997
WBGene00023501.,3,46,49
WBGene00023502.,143,359,502
WBGene00023503.,10,24,34
WBGene00023504.,75,321,396
WBGene00023505.,1,0,1
WBGene00023506.,0,4,4
WBGene00023507.,0,1,1
WBGene00023508.,0,1,1
WBGene00023509.,0,0,0
WBGene00023510.,1,0,1
WBGene00023511.,1,0,1
WBGene00023512.,0,1,1
WBGene00023513.,0,1,1
WBGene00023514.,0,1,1
WBGene00023515.,121,141,262
WBGene00023516.,0,0,0
WBGene00023517.,1,5,6
WBGene00023518.,0,0,0
WBGene00023519.,7,11,18
WBGene00023520.,17,155,172
WBGene00043049.,5,32,37
WBGene00043050.,226,1372,1598
WBGene00043051.,68,307,375
WBGene00043052.,0,1,1
WBGene00043053.,120,7,127
WBGene00043054.,10,97,107
WBGene00043055.,0,0,0
WBGene00043056.,78,140,218
WBGene00043057.,68,408,476
WBGene00043058.,0,0,0
WBGene00043059.,2,2,4
WBGene00043060.,287,1238,1525
WBGene00043061.,17,5,22
WBGene00043062.,3,16,19
WBGene00043064.,25,1976,2001
WBGene00043065.,5,23,28
WBGene00043066.,8,34,42
WBGene00043067.,13,116,129
WBGene00043068.,12,94,106
WBGene00043069.,23,27,50
WBGene00043097.,75,1618,1693
WBGene00043120.,8,55,63
WBGene00043147.,0,8,8
WBGene00043156.,42,117,159
WBGene00043187.,0,2,2
WBGene00043239.,11,0,11
WBGene00043279.,112,262,374
WBGene00043283.,1,0,1
WBGene00043297.,91,681,772
WBGene00043302.,192,2254,2446
WBGene00043308.,1,84,85
WBGene00043327.,0,0,0
WBGene00043328.,0,0,0
WBGene00043466.,3,4,7
WBGene00043469.,0,0,0
WBGene00043534.,24,21,45
WBGene00043666.,0,3,3
WBGene00043702.,0,7,7
WBGene00043705.,18,37,55
WBGene00043743.,0,0,0
WBGene00043948.,0,0,0
WBGene00043952.,24,16,40
WBGene00043980.,0,1,1
WBGene00043981.,12,19,31
WBGene00043982.,84,956,1040
WBGene00043983.,8,111,119
WBGene00043984.,0,1,1
WBGene00043985.,28,248,276
WBGene00043986.,3,3,6
WBGene00043987.,0,0,0
WBGene00043988.,50,20,70
WBGene00043989.,0,0,0
WBGene00043990.,0,0,0
WBGene00043991.,0,0,0
WBGene00043992.,36,93,129
WBGene00043993.,1,26,27
WBGene00043994.,17,419,436
WBGene00043995.,44,116,160
WBGene00043996.,86,42,128
WBGene00043997.,33,68,101
WBGene00043998.,9,34,43
WBGene00044000.,5,6,11
WBGene00044001.,44,1158,1202
WBGene00044002.,0,0,0
WBGene00044003.,2,0,2
WBGene00044004.,0,37,37
WBGene00044005.,1,2,3
WBGene00044006.,94,748,842
WBGene00044007.,101,711,812
WBGene00044008.,85,630,715
WBGene00044009.,31,144,175
WBGene00044011.,0,2,2
WBGene00044012.,0,1,1
WBGene00044013.,1,0,1
WBGene00044014.,0,0,0
WBGene00044015.,0,10,10
WBGene00044016.,0,4,4
WBGene00044018.,2,0,2
WBGene00044019.,34,241,275
WBGene00044020.,1,47,48
WBGene00044021.,10,106,116
WBGene00044022.,0,2,2
WBGene00044024.,6,16,22
WBGene00044025.,61,693,754
WBGene00044026.,60,2692,2752
WBGene00044027.,3,9,12
WBGene00044028.,7,81,88
WBGene00044029.,30,560,590
WBGene00044030.,3,6,9
WBGene00044031.,0,1,1
WBGene00044032.,5,47,52
WBGene00044034.,0,14,14
WBGene00044035.,14,52,66
WBGene00044036.,0,0,0
WBGene00044037.,0,3,3
WBGene00044038.,26,12,38
WBGene00044040.,0,0,0
WBGene00044041.,3,3,6
WBGene00044042.,0,0,0
WBGene00044043.,0,2,2
WBGene00044044.,3,0,3
WBGene00044045.,18,51,69
WBGene00044046.,0,1,1
WBGene00044047.,0,1,1
WBGene00044048.,7,22,29
WBGene00044049.,858,3188,4046
WBGene00044051.,0,5,5
WBGene00044052.,0,0,0
WBGene00044053.,2,86,88
WBGene00044054.,5,1,6
WBGene00044056.,1,1,2
WBGene00044057.,1,1,2
WBGene00044058.,15,61,76
WBGene00044059.,2,6,8
WBGene00044061.,94,486,580
WBGene00044062.,1,0,1
WBGene00044063.,37,1365,1402
WBGene00044065.,79,159,238
WBGene00044066.,0,8,8
WBGene00044067.,5,91,96
WBGene00044068.,396,2975,3371
WBGene00044069.,37,606,643
WBGene00044070.,289,3103,3392
WBGene00044071.,36,423,459
WBGene00044072.,181,946,1127
WBGene00044073.,9,56,65
WBGene00044074.,8,31,39
WBGene00044077.,102,1146,1248
WBGene00044078.,459,2273,2732
WBGene00044079.,683,3795,4478
WBGene00044080.,1,0,1
WBGene00044081.,3,1,4
WBGene00044082.,71,615,686
WBGene00044083.,0,0,0
WBGene00044084.,1,3,4
WBGene00044085.,0,6,6
WBGene00044086.,2,0,2
WBGene00044087.,0,1,1
WBGene00044088.,3,1,4
WBGene00044089.,3,1,4
WBGene00044090.,2,6,8
WBGene00044091.,3,11,14
WBGene00044092.,4,5,9
WBGene00044093.,0,4,4
WBGene00044094.,64,812,876
WBGene00044095.,0,0,0
WBGene00044096.,0,0,0
WBGene00044097.,0,0,0
WBGene00044099.,0,0,0
WBGene00044100.,0,0,0
WBGene00044101.,1,0,1
WBGene00044102.,0,0,0
WBGene00044103.,0,6,6
WBGene00044104.,3,1,4
WBGene00044105.,0,0,0
WBGene00044106.,0,0,0
WBGene00044107.,3,77,80
WBGene00044109.,0,7,7
WBGene00044112.,0,2,2
WBGene00044113.,0,4,4
WBGene00044114.,1,0,1
WBGene00044115.,1,6,7
WBGene00044116.,1,0,1
WBGene00044117.,2,25,27
WBGene00044119.,0,0,0
WBGene00044120.,4,11,15
WBGene00044121.,0,2,2
WBGene00044122.,32,19,51
WBGene00044124.,0,2,2
WBGene00044125.,15,16,31
WBGene00044126.,8,4,12
WBGene00044127.,1,1,2
WBGene00044128.,0,2,2
WBGene00044129.,0,0,0
WBGene00044130.,4,8,12
WBGene00044131.,0,0,0
WBGene00044132.,10,150,160
WBGene00044133.,1,0,1
WBGene00044134.,47,283,330
WBGene00044135.,6,21,27
WBGene00044136.,0,0,0
WBGene00044137.,0,19,19
WBGene00044138.,27,93,120
WBGene00044139.,14,86,100
WBGene00044140.,0,4,4
WBGene00044141.,0,21,21
WBGene00044142.,5,15,20
WBGene00044143.,166,353,519
WBGene00044144.,10,182,192
WBGene00044145.,0,3,3
WBGene00044146.,0,0,0
WBGene00044147.,1,11,12
WBGene00044148.,1,2,3
WBGene00044149.,0,1,1
WBGene00044150.,9,17,26
WBGene00044151.,75,439,514
WBGene00044152.,22,92,114
WBGene00044153.,18,13,31
WBGene00044154.,3,9,12
WBGene00044155.,17,19,36
WBGene00044156.,10,54,64
WBGene00044157.,2,0,2
WBGene00044158.,3,0,3
WBGene00044159.,0,0,0
WBGene00044160.,8,2,10
WBGene00044161.,0,6,6
WBGene00044162.,0,0,0
WBGene00044163.,36,103,139
WBGene00044164.,0,0,0
WBGene00044166.,7,19,26
WBGene00044167.,23,282,305
WBGene00044168.,36,564,600
WBGene00044169.,4,33,37
WBGene00044170.,2,2,4
WBGene00044171.,0,0,0
WBGene00044174.,5,88,93
WBGene00044175.,8,104,112
WBGene00044176.,64,1252,1316
WBGene00044177.,5,3,8
WBGene00044178.,0,0,0
WBGene00044179.,0,0,0
WBGene00044180.,25,41,66
WBGene00044181.,3,10,13
WBGene00044182.,1,6,7
WBGene00044183.,0,0,0
WBGene00044184.,1,7,8
WBGene00044185.,0,0,0
WBGene00044187.,2614,23,2637
WBGene00044188.,32,282,314
WBGene00044189.,0,2,2
WBGene00044191.,40,267,307
WBGene00044192.,1,1,2
WBGene00044193.,0,10,10
WBGene00044194.,0,5,5
WBGene00044195.,0,0,0
WBGene00044196.,1,0,1
WBGene00044197.,1,19,20
WBGene00044198.,1,3,4
WBGene00044199.,1,1,2
WBGene00044200.,65,226,291
WBGene00044201.,0,4,4
WBGene00044202.,0,0,0
WBGene00044203.,0,6,6
WBGene00044204.,24,333,357
WBGene00044205.,0,21,21
WBGene00044206.,1,8,9
WBGene00044207.,0,3,3
WBGene00044208.,0,1,1
WBGene00044209.,0,28,28
WBGene00044210.,71,382,453
WBGene00044211.,6,3,9
WBGene00044212.,1,3,4
WBGene00044213.,3,28,31
WBGene00044215.,0,0,0
WBGene00044216.,0,4,4
WBGene00044217.,0,6,6
WBGene00044218.,0,42,42
WBGene00044219.,0,0,0
WBGene00044220.,1,7,8
WBGene00044221.,0,22,22
WBGene00044222.,0,1,1
WBGene00044224.,14,9,23
WBGene00044225.,0,18,18
WBGene00044226.,0,6,6
WBGene00044227.,4,8,12
WBGene00044228.,13,10,23
WBGene00044229.,7,6,13
WBGene00044230.,3,3,6
WBGene00044232.,5,2,7
WBGene00044233.,102,325,427
WBGene00044235.,0,2,2
WBGene00044236.,2,360,362
WBGene00044237.,4,1,5
WBGene00044238.,28,35,63
WBGene00044239.,8,142,150
WBGene00044240.,20,43,63
WBGene00044241.,4,64,68
WBGene00044242.,0,2,2
WBGene00044243.,1,6,7
WBGene00044244.,0,1,1
WBGene00044245.,0,10,10
WBGene00044246.,0,0,0
WBGene00044247.,1,3,4
WBGene00044249.,3,8,11
WBGene00044250.,2,4,6
WBGene00044251.,20,62,82
WBGene00044253.,20,214,234
WBGene00044256.,0,8,8
WBGene00044257.,3,5,8
WBGene00044258.,38,80,118
WBGene00044259.,0,5,5
WBGene00044260.,52,2064,2116
WBGene00044261.,7,1,8
WBGene00044262.,3,25,28
WBGene00044263.,0,1,1
WBGene00044264.,3,2,5
WBGene00044265.,2,31,33
WBGene00044266.,0,2,2
WBGene00044267.,0,0,0
WBGene00044268.,1,17,18
WBGene00044270.,0,1,1
WBGene00044271.,0,0,0
WBGene00044272.,0,0,0
WBGene00044273.,0,0,0
WBGene00044274.,0,0,0
WBGene00044275.,0,0,0
WBGene00044276.,0,2,2
WBGene00044277.,0,0,0
WBGene00044278.,0,1,1
WBGene00044279.,0,2,2
WBGene00044280.,373,351,724
WBGene00044281.,1,2,3
WBGene00044282.,0,0,0
WBGene00044283.,538,1287,1825
WBGene00044284.,0,7,7
WBGene00044285.,0,1,1
WBGene00044286.,0,5,5
WBGene00044287.,0,1,1
WBGene00044288.,0,23,23
WBGene00044289.,4,89,93
WBGene00044290.,81,132,213
WBGene00044291.,9,26,35
WBGene00044292.,8,14,22
WBGene00044293.,1,2,3
WBGene00044294.,222,1023,1245
WBGene00044295.,7,59,66
WBGene00044296.,10,81,91
WBGene00044297.,10,89,99
WBGene00044298.,0,0,0
WBGene00044299.,3,29,32
WBGene00044300.,10,13,23
WBGene00044301.,117,1099,1216
WBGene00044302.,0,1,1
WBGene00044303.,12,119,131
WBGene00044304.,61,155,216
WBGene00044305.,52,1068,1120
WBGene00044306.,0,1,1
WBGene00044307.,0,0,0
WBGene00044308.,4,13,17
WBGene00044309.,0,5,5
WBGene00044310.,55,397,452
WBGene00044311.,7,102,109
WBGene00044312.,8,17,25
WBGene00044313.,6,36,42
WBGene00044314.,1,1,2
WBGene00044315.,0,2,2
WBGene00044316.,33,172,205
WBGene00044317.,0,6,6
WBGene00044318.,71,1888,1959
WBGene00044319.,6,206,212
WBGene00044321.,457,2381,2838
WBGene00044322.,15,588,603
WBGene00044323.,81,760,841
WBGene00044324.,30,4494,4524
WBGene00044325.,38,597,635
WBGene00044326.,176,943,1119
WBGene00044329.,63,627,690
WBGene00044330.,18,290,308
WBGene00044331.,2,4,6
WBGene00044332.,0,6,6
WBGene00044333.,1,1,2
WBGene00044337.,0,0,0
WBGene00044338.,26,1181,1207
WBGene00044339.,5,97,102
WBGene00044340.,0,13,13
WBGene00044341.,71,385,456
WBGene00044342.,82,160,242
WBGene00044343.,2,20,22
WBGene00044344.,33,1670,1703
WBGene00044345.,31,380,411
WBGene00044346.,0,0,0
WBGene00044347.,5,5,10
WBGene00044348.,107,73,180
WBGene00044349.,8,7,15
WBGene00044350.,98,525,623
WBGene00044352.,1,4,5
WBGene00044353.,13,94,107
WBGene00044354.,9,72,81
WBGene00044355.,2,102,104
WBGene00044356.,0,2,2
WBGene00044357.,0,0,0
WBGene00044358.,3,3,6
WBGene00044359.,0,7,7
WBGene00044360.,0,4,4
WBGene00044361.,0,0,0
WBGene00044362.,0,3,3
WBGene00044363.,4,44,48
WBGene00044364.,0,1,1
WBGene00044365.,0,0,0
WBGene00044366.,0,7,7
WBGene00044367.,16,127,143
WBGene00044368.,416,91,507
WBGene00044369.,0,0,0
WBGene00044370.,0,0,0
WBGene00044371.,0,1,1
WBGene00044372.,0,0,0
WBGene00044373.,6,124,130
WBGene00044374.,2,1,3
WBGene00044375.,0,0,0
WBGene00044376.,0,22,22
WBGene00044377.,0,2,2
WBGene00044378.,0,1,1
WBGene00044379.,0,2,2
WBGene00044380.,0,13,13
WBGene00044381.,0,1,1
WBGene00044382.,1,5,6
WBGene00044383.,0,1,1
WBGene00044384.,11,0,11
WBGene00044385.,3,3,6
WBGene00044386.,1,13,14
WBGene00044387.,63,857,920
WBGene00044388.,0,0,0
WBGene00044389.,823,6935,7758
WBGene00044390.,0,0,0
WBGene00044391.,103,97,200
WBGene00044392.,16,83,99
WBGene00044393.,1,0,1
WBGene00044394.,4,51,55
WBGene00044395.,12,51,63
WBGene00044396.,11,244,255
WBGene00044397.,0,11,11
WBGene00044398.,0,2,2
WBGene00044399.,0,0,0
WBGene00044401.,101,1298,1399
WBGene00044402.,2,6,8
WBGene00044403.,5,14,19
WBGene00044405.,7,3,10
WBGene00044406.,19,262,281
WBGene00044409.,8,24,32
WBGene00044410.,38,165,203
WBGene00044411.,103,747,850
WBGene00044412.,13,229,242
WBGene00044413.,967,468,1435
WBGene00044414.,7,88,95
WBGene00044415.,0,0,0
WBGene00044416.,0,1,1
WBGene00044417.,0,3,3
WBGene00044418.,149,1048,1197
WBGene00044419.,9,4,13
WBGene00044420.,11,280,291
WBGene00044421.,36,122,158
WBGene00044423.,10,26,36
WBGene00044424.,1,6,7
WBGene00044425.,0,0,0
WBGene00044427.,12,24,36
WBGene00044428.,23,9,32
WBGene00044429.,0,1,1
WBGene00044430.,1,0,1
WBGene00044431.,161,793,954
WBGene00044432.,0,3,3
WBGene00044433.,81,378,459
WBGene00044434.,1,1,2
WBGene00044435.,0,29,29
WBGene00044436.,7,152,159
WBGene00044437.,24,27,51
WBGene00044438.,92,236,328
WBGene00044439.,0,3,3
WBGene00044440.,31,98,129
WBGene00044441.,0,2,2
WBGene00044442.,4,85,89
WBGene00044443.,120,2352,2472
WBGene00044444.,4,4,8
WBGene00044445.,31,78,109
WBGene00044446.,0,9,9
WBGene00044447.,1,1,2
WBGene00044448.,2,21,23
WBGene00044449.,0,1,1
WBGene00044450.,0,0,0
WBGene00044451.,0,0,0
WBGene00044452.,108,1216,1324
WBGene00044453.,2,22,24
WBGene00044454.,0,0,0
WBGene00044455.,5,3,8
WBGene00044457.,0,35,35
WBGene00044458.,0,2,2
WBGene00044459.,41,75,116
WBGene00044460.,1,3,4
WBGene00044461.,22,22,44
WBGene00044462.,47,115,162
WBGene00044463.,9,76,85
WBGene00044464.,32,84,116
WBGene00044466.,16,572,588
WBGene00044467.,194,870,1064
WBGene00044468.,10,89,99
WBGene00044469.,0,6,6
WBGene00044470.,4,5,9
WBGene00044471.,8,58,66
WBGene00044472.,19,54,73
WBGene00044473.,0,0,0
WBGene00044474.,0,0,0
WBGene00044475.,0,0,0
WBGene00044476.,0,0,0
WBGene00044477.,4,51,55
WBGene00044478.,9,74,83
WBGene00044479.,7,61,68
WBGene00044480.,1,12,13
WBGene00044481.,6,18,24
WBGene00044482.,53,171,224
WBGene00044483.,3,530,533
WBGene00044484.,77,520,597
WBGene00044485.,48,214,262
WBGene00044486.,4,14,18
WBGene00044487.,14,60,74
WBGene00044488.,6,13,19
WBGene00044489.,0,2,2
WBGene00044490.,0,1,1
WBGene00044491.,1,2,3
WBGene00044492.,3,2,5
WBGene00044493.,6,308,314
WBGene00044495.,16,38,54
WBGene00044498.,0,0,0
WBGene00044499.,0,5,5
WBGene00044500.,90,481,571
WBGene00044501.,12,2,14
WBGene00044502.,3,53,56
WBGene00044503.,0,7,7
WBGene00044504.,13,38,51
WBGene00044505.,71,12,83
WBGene00044508.,112,677,789
WBGene00044509.,7,481,488
WBGene00044510.,5,22,27
WBGene00044511.,8,78,86
WBGene00044512.,2,115,117
WBGene00044513.,91,454,545
WBGene00044514.,115,2641,2756
WBGene00044515.,8,49,57
WBGene00044516.,0,0,0
WBGene00044517.,50,29,79
WBGene00044518.,1,0,1
WBGene00044519.,1,0,1
WBGene00044520.,0,10,10
WBGene00044521.,1,3,4
WBGene00044523.,0,1,1
WBGene00044524.,0,0,0
WBGene00044525.,17,50,67
WBGene00044526.,2,14,16
WBGene00044527.,8,58,66
WBGene00044528.,17,9,26
WBGene00044529.,7,12,19
WBGene00044530.,0,10,10
WBGene00044531.,12,2,14
WBGene00044533.,1,10,11
WBGene00044534.,9,33,42
WBGene00044535.,0,3,3
WBGene00044536.,20,256,276
WBGene00044537.,0,0,0
WBGene00044538.,2,1,3
WBGene00044539.,3,6,9
WBGene00044541.,0,6,6
WBGene00044542.,44,19,63
WBGene00044543.,0,0,0
WBGene00044544.,195,355,550
WBGene00044545.,2,5,7
WBGene00044546.,0,1,1
WBGene00044547.,0,45,45
WBGene00044548.,0,0,0
WBGene00044549.,3,1,4
WBGene00044550.,4,1,5
WBGene00044551.,3,12,15
WBGene00044552.,0,9,9
WBGene00044553.,19,962,981
WBGene00044554.,16,22,38
WBGene00044556.,2,127,129
WBGene00044557.,46,147,193
WBGene00044558.,0,0,0
WBGene00044559.,0,18,18
WBGene00044560.,0,2,2
WBGene00044561.,1,0,1
WBGene00044562.,0,26,26
WBGene00044563.,3,1,4
WBGene00044564.,2,2,4
WBGene00044565.,0,4,4
WBGene00044567.,5,10,15
WBGene00044568.,52,237,289
WBGene00044569.,0,0,0
WBGene00044570.,628,11,639
WBGene00044571.,23,4,27
WBGene00044573.,0,0,0
WBGene00044574.,7,4,11
WBGene00044575.,0,2,2
WBGene00044577.,0,0,0
WBGene00044578.,1,25,26
WBGene00044579.,0,0,0
WBGene00044580.,0,2,2
WBGene00044581.,0,0,0
WBGene00044582.,24,345,369
WBGene00044583.,0,2,2
WBGene00044584.,112,493,605
WBGene00044585.,3,4,7
WBGene00044586.,1,14,15
WBGene00044587.,1,1,2
WBGene00044588.,30,87,117
WBGene00044589.,2,3,5
WBGene00044602.,0,0,0
WBGene00044603.,49,138,187
WBGene00044604.,23,297,320
WBGene00044605.,388,1621,2009
WBGene00044606.,0,0,0
WBGene00044607.,2,8,10
WBGene00044608.,29,525,554
WBGene00044609.,228,351,579
WBGene00044610.,0,4,4
WBGene00044611.,10,21,31
WBGene00044612.,13,134,147
WBGene00044614.,39,302,341
WBGene00044615.,62,590,652
WBGene00044616.,0,2,2
WBGene00044617.,8,64,72
WBGene00044618.,8,141,149
WBGene00044620.,19,171,190
WBGene00044621.,5,78,83
WBGene00044623.,15,596,611
WBGene00044630.,48,600,648
WBGene00044631.,32,183,215
WBGene00044632.,2,9,11
WBGene00044633.,3,24,27
WBGene00044634.,1,1,2
WBGene00044636.,58,670,728
WBGene00044637.,28,64,92
WBGene00044638.,0,949,949
WBGene00044639.,1,0,1
WBGene00044640.,129,741,870
WBGene00044641.,97,78,175
WBGene00044642.,1,2,3
WBGene00044643.,4,356,360
WBGene00044644.,38,200,238
WBGene00044645.,7,18,25
WBGene00044646.,15,49,64
WBGene00044648.,34,354,388
WBGene00044649.,18,3,21
WBGene00044650.,585,1347,1932
WBGene00044651.,191,221,412
WBGene00044653.,0,3,3
WBGene00044654.,5,12,17
WBGene00044655.,0,0,0
WBGene00044657.,0,1,1
WBGene00044658.,5,50,55
WBGene00044659.,0,0,0
WBGene00044660.,1,5,6
WBGene00044661.,2,25,27
WBGene00044662.,3,7,10
WBGene00044663.,0,4,4
WBGene00044664.,3,4,7
WBGene00044665.,0,0,0
WBGene00044666.,97,1225,1322
WBGene00044667.,1,9,10
WBGene00044668.,0,2,2
WBGene00044670.,29,2,31
WBGene00044672.,7,54,61
WBGene00044673.,0,0,0
WBGene00044674.,1,0,1
WBGene00044675.,10,125,135
WBGene00044676.,0,30,30
WBGene00044677.,375,714,1089
WBGene00044678.,2,19,21
WBGene00044679.,45,446,491
WBGene00044680.,0,2,2
WBGene00044681.,68,354,422
WBGene00044683.,2,2,4
WBGene00044684.,2,6,8
WBGene00044686.,117,3028,3145
WBGene00044687.,1,3,4
WBGene00044689.,149,594,743
WBGene00044690.,29,214,243
WBGene00044691.,0,0,0
WBGene00044692.,0,1,1
WBGene00044693.,0,0,0
WBGene00044694.,0,0,0
WBGene00044695.,0,0,0
WBGene00044696.,20,124,144
WBGene00044697.,12,61,73
WBGene00044698.,46,1523,1569
WBGene00044699.,7,58,65
WBGene00044700.,4,21,25
WBGene00044701.,81,398,479
WBGene00044702.,0,0,0
WBGene00044703.,0,1,1
WBGene00044704.,0,1,1
WBGene00044705.,16,25,41
WBGene00044706.,0,0,0
WBGene00044707.,0,0,0
WBGene00044708.,3,0,3
WBGene00044709.,0,0,0
WBGene00044710.,0,0,0
WBGene00044711.,0,0,0
WBGene00044712.,2,5,7
WBGene00044713.,0,1,1
WBGene00044714.,3,0,3
WBGene00044716.,0,1,1
WBGene00044718.,4,6,10
WBGene00044719.,0,8,8
WBGene00044720.,0,10,10
WBGene00044722.,2,0,2
WBGene00044723.,2,6,8
WBGene00044724.,11,105,116
WBGene00044725.,12,142,154
WBGene00044726.,8,10,18
WBGene00044727.,0,0,0
WBGene00044728.,0,4723,4723
WBGene00044729.,0,7,7
WBGene00044732.,7,79,86
WBGene00044733.,1,0,1
WBGene00044734.,0,0,0
WBGene00044735.,0,0,0
WBGene00044736.,29,171,200
WBGene00044737.,1179,5826,7005
WBGene00044738.,6,6,12
WBGene00044739.,0,0,0
WBGene00044741.,2,8,10
WBGene00044742.,0,8,8
WBGene00044743.,47,445,492
WBGene00044744.,0,1,1
WBGene00044745.,60,196,256
WBGene00044746.,0,2219,2219
WBGene00044747.,0,0,0
WBGene00044748.,0,1,1
WBGene00044749.,0,0,0
WBGene00044750.,0,0,0
WBGene00044751.,0,0,0
WBGene00044752.,0,2,2
WBGene00044753.,3,1,4
WBGene00044754.,1,0,1
WBGene00044755.,0,0,0
WBGene00044756.,24,99,123
WBGene00044757.,6,39,45
WBGene00044758.,7,44,51
WBGene00044759.,0,2,2
WBGene00044760.,11,74,85
WBGene00044761.,4,14,18
WBGene00044762.,43,666,709
WBGene00044763.,4,10,14
WBGene00044764.,23,57,80
WBGene00044767.,2,170,172
WBGene00044768.,11,3,14
WBGene00044769.,0,0,0
WBGene00044770.,23,131,154
WBGene00044771.,24,95,119
WBGene00044772.,67,320,387
WBGene00044773.,2,1,3
WBGene00044774.,147,666,813
WBGene00044775.,0,0,0
WBGene00044776.,7,17,24
WBGene00044777.,1,1,2
WBGene00044778.,0,0,0
WBGene00044779.,17,89,106
WBGene00044780.,6,14,20
WBGene00044781.,0,0,0
WBGene00044782.,0,0,0
WBGene00044783.,0,2,2
WBGene00044784.,26,1536,1562
WBGene00044786.,0,0,0
WBGene00044787.,2,0,2
WBGene00044788.,6,17,23
WBGene00044789.,35,1397,1432
WBGene00044790.,36,358,394
WBGene00044791.,0,4,4
WBGene00044792.,7,30,37
WBGene00044794.,0,0,0
WBGene00044795.,5,133,138
WBGene00044796.,0,1,1
WBGene00044797.,0,67,67
WBGene00044798.,1,0,1
WBGene00044799.,0,39,39
WBGene00044800.,0,1,1
WBGene00044801.,0,0,0
WBGene00044802.,0,0,0
WBGene00044803.,6,6,12
WBGene00044804.,0,6,6
WBGene00044805.,1,1,2
WBGene00044806.,1,2,3
WBGene00044807.,1,10,11
WBGene00044808.,0,0,0
WBGene00044809.,0,0,0
WBGene00044810.,0,0,0
WBGene00044811.,22,239,261
WBGene00044889.,0,0,0
WBGene00044891.,73,572,645
WBGene00044892.,0,0,0
WBGene00044894.,38,289,327
WBGene00044895.,6,4,10
WBGene00044896.,7,2,9
WBGene00044897.,1,58,59
WBGene00044898.,21,15,36
WBGene00044900.,7,18,25
WBGene00044901.,1,120,121
WBGene00044902.,0,0,0
WBGene00044903.,56,208,264
WBGene00044905.,0,1,1
WBGene00044906.,3,114,117
WBGene00044907.,12,10,22
WBGene00044908.,1,1,2
WBGene00044909.,2,20,22
WBGene00044911.,2,0,2
WBGene00044912.,4,0,4
WBGene00044914.,0,1,1
WBGene00044916.,136,1005,1141
WBGene00044917.,1,16,17
WBGene00044920.,6,81,87
WBGene00044921.,323,5085,5408
WBGene00044922.,44,633,677
WBGene00044923.,0,4,4
WBGene00044924.,91,269,360
WBGene00044925.,0,0,0
WBGene00044926.,0,1,1
WBGene00044927.,0,102,102
WBGene00044928.,0,0,0
WBGene00044929.,0,0,0
WBGene00044930.,0,2,2
WBGene00044931.,0,0,0
WBGene00044932.,0,0,0
WBGene00044933.,0,31,31
WBGene00044934.,0,43,43
WBGene00044935.,0,0,0
WBGene00044936.,0,0,0
WBGene00044937.,0,0,0
WBGene00044938.,0,3,3
WBGene00044939.,0,0,0
WBGene00044940.,0,0,0
WBGene00044941.,0,0,0
WBGene00044942.,0,0,0
WBGene00044943.,0,0,0
WBGene00044944.,0,0,0
WBGene00044945.,0,0,0
WBGene00044946.,0,0,0
WBGene00044947.,0,6,6
WBGene00044948.,0,0,0
WBGene00044949.,59,420,479
WBGene00044951.,0,0,0
WBGene00044952.,0,0,0
WBGene00044953.,0,0,0
WBGene00044954.,0,0,0
WBGene00044955.,0,0,0
WBGene00044956.,0,0,0
WBGene00044957.,0,0,0
WBGene00044958.,0,0,0
WBGene00044960.,0,1,1
WBGene00044961.,0,1,1
WBGene00044962.,0,0,0
WBGene00044963.,0,0,0
WBGene00044964.,0,0,0
WBGene00044965.,0,0,0
WBGene00044966.,0,0,0
WBGene00044967.,0,12,12
WBGene00044968.,0,0,0
WBGene00044969.,0,0,0
WBGene00044970.,0,0,0
WBGene00044971.,0,0,0
WBGene00044972.,0,0,0
WBGene00044973.,0,10,10
WBGene00044974.,0,0,0
WBGene00044975.,0,12,12
WBGene00044976.,0,7,7
WBGene00044977.,60,503,563
WBGene00044978.,0,1,1
WBGene00044979.,6,14,20
WBGene00044980.,0,0,0
WBGene00044981.,0,0,0
WBGene00044982.,0,0,0
WBGene00044983.,0,0,0
WBGene00044984.,0,0,0
WBGene00044985.,0,0,0
WBGene00044986.,0,0,0
WBGene00044987.,45,157,202
WBGene00044988.,0,5,5
WBGene00044989.,236,1603,1839
WBGene00044990.,107,915,1022
WBGene00044991.,15,187,202
WBGene00044995.,0,0,0
WBGene00044997.,0,9,9
WBGene00044998.,1,1,2
WBGene00045000.,0,3,3
WBGene00045002.,0,0,0
WBGene00045003.,0,0,0
WBGene00045006.,0,0,0
WBGene00045007.,0,0,0
WBGene00045009.,0,1,1
WBGene00045011.,0,1,1
WBGene00045012.,0,2,2
WBGene00045013.,0,45,45
WBGene00045016.,0,0,0
WBGene00045017.,0,3,3
WBGene00045018.,0,2,2
WBGene00045019.,0,0,0
WBGene00045022.,0,0,0
WBGene00045024.,1,10,11
WBGene00045025.,1,1,2
WBGene00045026.,0,0,0
WBGene00045027.,0,3,3
WBGene00045028.,1,0,1
WBGene00045029.,0,2,2
WBGene00045036.,2,13,15
WBGene00045037.,1,0,1
WBGene00045038.,0,0,0
WBGene00045040.,0,0,0
WBGene00045043.,68,9,77
WBGene00045045.,7,12,19
WBGene00045046.,0,0,0
WBGene00045048.,0,54,54
WBGene00045050.,11,143,154
WBGene00045051.,0,0,0
WBGene00045052.,10,19,29
WBGene00045053.,8,14,22
WBGene00045055.,0,0,0
WBGene00045056.,57,387,444
WBGene00045057.,0,0,0
WBGene00045058.,8,37,45
WBGene00045059.,1,5,6
WBGene00045060.,3,0,3
WBGene00045061.,0,0,0
WBGene00045062.,0,26,26
WBGene00045063.,115,222,337
WBGene00045065.,0,0,0
WBGene00045066.,5,0,5
WBGene00045067.,3,31,34
WBGene00045068.,1,0,1
WBGene00045069.,0,0,0
WBGene00045071.,0,0,0
WBGene00045072.,0,0,0
WBGene00045074.,0,0,0
WBGene00045075.,0,1,1
WBGene00045076.,0,4,4
WBGene00045077.,9,122,131
WBGene00045078.,119,924,1043
WBGene00045082.,0,0,0
WBGene00045083.,0,5,5
WBGene00045084.,0,0,0
WBGene00045085.,0,0,0
WBGene00045086.,0,0,0
WBGene00045087.,0,0,0
WBGene00045088.,0,0,0
WBGene00045089.,0,18,18
WBGene00045090.,0,0,0
WBGene00045091.,0,0,0
WBGene00045092.,0,0,0
WBGene00045093.,0,159,159
WBGene00045094.,0,0,0
WBGene00045095.,0,146,146
WBGene00045096.,0,106,106
WBGene00045097.,1,0,1
WBGene00045098.,0,0,0
WBGene00045099.,1,1,2
WBGene00045100.,0,6,6
WBGene00045101.,0,2,2
WBGene00045102.,0,0,0
WBGene00045103.,0,0,0
WBGene00045104.,0,2,2
WBGene00045105.,0,0,0
WBGene00045106.,0,0,0
WBGene00045107.,0,0,0
WBGene00045108.,4,0,4
WBGene00045109.,0,0,0
WBGene00045110.,0,0,0
WBGene00045111.,0,0,0
WBGene00045112.,0,0,0
WBGene00045113.,0,0,0
WBGene00045114.,0,14,14
WBGene00045115.,0,7,7
WBGene00045116.,0,0,0
WBGene00045117.,0,5,5
WBGene00045118.,0,145,145
WBGene00045119.,0,18,18
WBGene00045120.,0,0,0
WBGene00045121.,0,38,38
WBGene00045122.,1,0,1
WBGene00045123.,0,7,7
WBGene00045124.,0,25,25
WBGene00045125.,0,0,0
WBGene00045126.,0,0,0
WBGene00045127.,0,0,0
WBGene00045128.,0,0,0
WBGene00045129.,0,178,178
WBGene00045130.,0,0,0
WBGene00045131.,0,0,0
WBGene00045132.,0,2721,2721
WBGene00045133.,0,3,3
WBGene00045134.,0,0,0
WBGene00045136.,0,0,0
WBGene00045137.,0,0,0
WBGene00045138.,0,0,0
WBGene00045139.,0,0,0
WBGene00045140.,0,14,14
WBGene00045141.,0,13,13
WBGene00045142.,0,84,84
WBGene00045143.,0,0,0
WBGene00045144.,2,6,8
WBGene00045145.,0,0,0
WBGene00045146.,14,6,20
WBGene00045147.,0,96,96
WBGene00045148.,0,0,0
WBGene00045149.,0,2,2
WBGene00045150.,0,6,6
WBGene00045151.,0,0,0
WBGene00045152.,0,0,0
WBGene00045153.,0,0,0
WBGene00045154.,0,0,0
WBGene00045155.,0,0,0
WBGene00045156.,0,12,12
WBGene00045157.,0,97,97
WBGene00045158.,0,1,1
WBGene00045159.,0,34,34
WBGene00045160.,0,0,0
WBGene00045161.,0,0,0
WBGene00045162.,0,22,22
WBGene00045163.,0,18,18
WBGene00045164.,0,21,21
WBGene00045165.,0,0,0
WBGene00045167.,0,11,11
WBGene00045168.,0,0,0
WBGene00045169.,0,0,0
WBGene00045170.,0,0,0
WBGene00045171.,0,489,489
WBGene00045172.,0,0,0
WBGene00045174.,0,0,0
WBGene00045175.,0,248,248
WBGene00045176.,0,12,12
WBGene00045177.,4,3,7
WBGene00045178.,2,51,53
WBGene00045179.,0,0,0
WBGene00045180.,0,0,0
WBGene00045182.,0,0,0
WBGene00045183.,0,110,110
WBGene00045184.,0,0,0
WBGene00045185.,0,0,0
WBGene00045188.,2,10,12
WBGene00045189.,0,32,32
WBGene00045190.,25,160,185
WBGene00045192.,1,627,628
WBGene00045193.,4,8,12
WBGene00045194.,0,0,0
WBGene00045195.,134,105,239
WBGene00045197.,0,4,4
WBGene00045198.,3,3,6
WBGene00045199.,0,0,0
WBGene00045200.,0,0,0
WBGene00045201.,0,4,4
WBGene00045202.,0,0,0
WBGene00045203.,0,2,2
WBGene00045204.,0,0,0
WBGene00045205.,0,0,0
WBGene00045207.,1,1,2
WBGene00045208.,0,2656,2656
WBGene00045209.,0,10,10
WBGene00045210.,23,96,119
WBGene00045211.,0,0,0
WBGene00045212.,12,54,66
WBGene00045215.,6,26,32
WBGene00045218.,4,37,41
WBGene00045234.,0,1,1
WBGene00045235.,0,4,4
WBGene00045236.,3,3,6
WBGene00045237.,13,180,193
WBGene00045238.,0,380,380
WBGene00045239.,0,2,2
WBGene00045242.,0,8,8
WBGene00045245.,1,10,11
WBGene00045246.,49,532,581
WBGene00045247.,12,23,35
WBGene00045248.,49,118,167
WBGene00045249.,184,2211,2395
WBGene00045250.,40,89,129
WBGene00045251.,0,0,0
WBGene00045252.,13,68,81
WBGene00045253.,56,235,291
WBGene00045254.,1,0,1
WBGene00045255.,133,459,592
WBGene00045261.,2,7,9
WBGene00045265.,0,1,1
WBGene00045268.,0,0,0
WBGene00045269.,1,5,6
WBGene00045270.,2,0,2
WBGene00045271.,3,7,10
WBGene00045272.,0,18879,18879
WBGene00045273.,1,0,1
WBGene00045275.,0,151,151
WBGene00045276.,0,1340,1340
WBGene00045277.,204,714,918
WBGene00045278.,0,0,0
WBGene00045279.,0,0,0
WBGene00045280.,0,0,0
WBGene00045281.,0,0,0
WBGene00045282.,2,3,5
WBGene00045283.,0,3,3
WBGene00045285.,0,0,0
WBGene00045286.,0,0,0
WBGene00045287.,0,0,0
WBGene00045289.,9,30,39
WBGene00045290.,0,0,0
WBGene00045291.,4,4,8
WBGene00045292.,0,1,1
WBGene00045293.,16,25,41
WBGene00045294.,0,0,0
WBGene00045295.,24,147,171
WBGene00045297.,1,67,68
WBGene00045298.,0,0,0
WBGene00045299.,0,0,0
WBGene00045300.,0,0,0
WBGene00045301.,0,0,0
WBGene00045302.,0,0,0
WBGene00045303.,0,0,0
WBGene00045304.,0,1,1
WBGene00045305.,0,180,180
WBGene00045306.,0,0,0
WBGene00045308.,3,6,9
WBGene00045309.,2,1,3
WBGene00045311.,0,0,0
WBGene00045313.,0,0,0
WBGene00045314.,2,29,31
WBGene00045315.,0,2,2
WBGene00045316.,55,48,103
WBGene00045319.,0,1,1
WBGene00045321.,0,14,14
WBGene00045322.,0,4,4
WBGene00045323.,0,0,0
WBGene00045324.,0,1,1
WBGene00045325.,0,0,0
WBGene00045326.,0,0,0
WBGene00045327.,0,0,0
WBGene00045328.,0,0,0
WBGene00045329.,0,2,2
WBGene00045330.,0,0,0
WBGene00045331.,3,42,45
WBGene00045332.,0,0,0
WBGene00045336.,77,457,534
WBGene00045337.,1,3,4
WBGene00045338.,0,8,8
WBGene00045339.,0,20,20
WBGene00045340.,39,124,163
WBGene00045341.,0,0,0
WBGene00045342.,0,0,0
WBGene00045343.,0,0,0
WBGene00045344.,0,0,0
WBGene00045345.,3,0,3
WBGene00045346.,1,0,1
WBGene00045347.,0,0,0
WBGene00045348.,0,1,1
WBGene00045350.,0,1,1
WBGene00045351.,0,1,1
WBGene00045352.,0,0,0
WBGene00045353.,0,1,1
WBGene00045354.,0,0,0
WBGene00045355.,4,3,7
WBGene00045356.,0,6,6
WBGene00045357.,25,32,57
WBGene00045358.,0,2,2
WBGene00045359.,0,2,2
WBGene00045360.,0,1,1
WBGene00045361.,0,0,0
WBGene00045362.,0,2,2
WBGene00045363.,0,1,1
WBGene00045364.,11,2,13
WBGene00045365.,2,6,8
WBGene00045366.,500,1504,2004
WBGene00045367.,0,0,0
WBGene00045368.,0,0,0
WBGene00045369.,0,0,0
WBGene00045370.,0,0,0
WBGene00045371.,0,0,0
WBGene00045372.,0,0,0
WBGene00045373.,0,0,0
WBGene00045374.,0,0,0
WBGene00045375.,0,52,52
WBGene00045376.,0,0,0
WBGene00045377.,0,0,0
WBGene00045378.,0,2,2
WBGene00045379.,11,216,227
WBGene00045380.,0,0,0
WBGene00045381.,1,1,2
WBGene00045382.,3,9,12
WBGene00045383.,50,1365,1415
WBGene00045385.,4,8,12
WBGene00045386.,60,247,307
WBGene00045387.,52,287,339
WBGene00045388.,0,0,0
WBGene00045389.,0,0,0
WBGene00045390.,96,1124,1220
WBGene00045391.,0,4,4
WBGene00045392.,65,329,394
WBGene00045393.,3,8,11
WBGene00045394.,0,1,1
WBGene00045395.,11,44,55
WBGene00045396.,161,113,274
WBGene00045397.,20,104,124
WBGene00045398.,4,5,9
WBGene00045399.,1,15,16
WBGene00045400.,1,18,19
WBGene00045401.,2,7,9
WBGene00045402.,0,0,0
WBGene00045403.,13,106,119
WBGene00045404.,4,15,19
WBGene00045405.,4,22,26
WBGene00045406.,0,2,2
WBGene00045407.,66,489,555
WBGene00045408.,0,0,0
WBGene00045410.,87,578,665
WBGene00045411.,6,98,104
WBGene00045412.,0,17,17
WBGene00045413.,2,1,3
WBGene00045414.,0,1,1
WBGene00045415.,4,8,12
WBGene00045416.,0,0,0
WBGene00045417.,0,1,1
WBGene00045418.,81,1526,1607
WBGene00045419.,223,1432,1655
WBGene00045433.,87,852,939
WBGene00045434.,72,272,344
WBGene00045455.,2,44,46
WBGene00045456.,1,0,1
WBGene00045457.,3,52,55
WBGene00045458.,0,6,6
WBGene00045459.,0,1,1
WBGene00045460.,0,5,5
WBGene00045461.,5,33,38
WBGene00045468.,0,6,6
WBGene00045473.,0,2,2
WBGene00045474.,5,11,16
WBGene00045475.,8,9,17
WBGene00045480.,12,9,21
WBGene00045481.,8,4,12
WBGene00045482.,72,180,252
WBGene00045483.,496,3950,4446
WBGene00045484.,14,18,32
WBGene00045486.,0,0,0
WBGene00045487.,1,1,2
WBGene00045488.,4,18,22
WBGene00045490.,0,0,0
WBGene00045491.,0,5,5
WBGene00045492.,0,1,1
WBGene00045493.,5,6,11
WBGene00045494.,0,9,9
WBGene00045495.,46,344,390
WBGene00045496.,0,0,0
WBGene00045497.,4,8,12
WBGene00045498.,0,1,1
WBGene00045500.,3,4,7
WBGene00045501.,2,2,4
WBGene00045502.,0,0,0
WBGene00045506.,1,0,1
WBGene00045507.,4,473,477
WBGene00045508.,4,3,7
WBGene00045509.,10,35,45
WBGene00045510.,24,151,175
WBGene00045511.,8,9,17
WBGene00045513.,6,0,6
WBGene00045514.,1,0,1
WBGene00045515.,1,0,1
WBGene00045516.,0,24,24
WBGene00045517.,206,979,1185
WBGene00045518.,0,0,0
WBGene00045519.,0,0,0
WBGene00045520.,0,0,0
WBGene00045521.,0,0,0
WBGene00045522.,0,0,0
WBGene00045523.,0,0,0
WBGene00045524.,0,0,0
WBGene00045525.,0,0,0
WBGene00045526.,0,0,0
WBGene00045527.,0,0,0
WBGene00045528.,0,0,0
WBGene00045529.,0,0,0
WBGene00045530.,0,0,0
WBGene00045531.,0,0,0
WBGene00045532.,0,0,0
WBGene00045533.,0,0,0
WBGene00045534.,0,0,0
WBGene00045535.,0,0,0
WBGene00045536.,0,1,1
WBGene00045537.,0,4,4
WBGene00045538.,0,1,1
WBGene00045539.,0,0,0
WBGene00045540.,0,22,22
WBGene00045541.,0,0,0
WBGene00045542.,0,0,0
WBGene00045543.,0,0,0
WBGene00045544.,0,0,0
WBGene00045545.,0,0,0
WBGene00045546.,0,0,0
WBGene00045547.,0,0,0
WBGene00045548.,0,0,0
WBGene00045549.,0,0,0
WBGene00045550.,0,0,0
WBGene00045551.,0,0,0
WBGene00045552.,0,0,0
WBGene00045553.,0,0,0
WBGene00045554.,0,0,0
WBGene00045555.,0,0,0
WBGene00045556.,0,0,0
WBGene00045557.,0,0,0
WBGene00045558.,0,0,0
WBGene00045559.,0,0,0
WBGene00045560.,0,1,1
WBGene00045561.,0,0,0
WBGene00045562.,0,0,0
WBGene00045563.,0,0,0
WBGene00045564.,0,0,0
WBGene00045565.,0,0,0
WBGene00045566.,0,0,0
WBGene00045567.,0,0,0
WBGene00045568.,0,0,0
WBGene00045569.,0,1,1
WBGene00045570.,0,0,0
WBGene00045571.,0,0,0
WBGene00045572.,0,0,0
WBGene00045573.,0,0,0
WBGene00045574.,0,0,0
WBGene00045575.,0,0,0
WBGene00045576.,0,0,0
WBGene00045577.,0,1,1
WBGene00045578.,0,0,0
WBGene00045579.,0,0,0
WBGene00045580.,0,0,0
WBGene00045581.,0,0,0
WBGene00045582.,0,0,0
WBGene00045583.,0,1,1
WBGene00045584.,0,0,0
WBGene00045585.,0,0,0
WBGene00045586.,0,0,0
WBGene00045587.,0,0,0
WBGene00045588.,0,0,0
WBGene00045589.,0,0,0
WBGene00045590.,0,0,0
WBGene00045591.,0,1,1
WBGene00045592.,0,0,0
WBGene00045593.,0,0,0
WBGene00045594.,0,0,0
WBGene00045595.,0,0,0
WBGene00045596.,0,0,0
WBGene00045597.,0,0,0
WBGene00045598.,0,0,0
WBGene00045599.,0,0,0
WBGene00045600.,0,0,0
WBGene00045601.,0,0,0
WBGene00045602.,0,0,0
WBGene00045603.,0,0,0
WBGene00045604.,0,0,0
WBGene00045605.,0,0,0
WBGene00045606.,0,0,0
WBGene00045607.,0,0,0
WBGene00045608.,0,0,0
WBGene00045609.,0,0,0
WBGene00045610.,0,0,0
WBGene00045611.,0,0,0
WBGene00045612.,0,0,0
WBGene00045613.,0,0,0
WBGene00045614.,0,0,0
WBGene00045615.,0,0,0
WBGene00045616.,0,0,0
WBGene00045617.,0,0,0
WBGene00045618.,0,0,0
WBGene00045619.,0,0,0
WBGene00045620.,0,0,0
WBGene00045621.,0,0,0
WBGene00045622.,0,0,0
WBGene00045623.,0,0,0
WBGene00045624.,0,0,0
WBGene00045625.,0,0,0
WBGene00045626.,0,0,0
WBGene00045627.,0,0,0
WBGene00045628.,0,0,0
WBGene00045629.,0,0,0
WBGene00045630.,0,0,0
WBGene00045631.,0,0,0
WBGene00045632.,0,0,0
WBGene00045633.,0,0,0
WBGene00045634.,0,0,0
WBGene00045635.,0,0,0
WBGene00045636.,0,0,0
WBGene00045637.,0,0,0
WBGene00045638.,0,0,0
WBGene00045639.,0,0,0
WBGene00045640.,0,0,0
WBGene00045641.,0,2,2
WBGene00045642.,0,0,0
WBGene00045643.,0,0,0
WBGene00045644.,0,0,0
WBGene00045645.,0,0,0
WBGene00045646.,0,0,0
WBGene00045647.,0,0,0
WBGene00045648.,0,0,0
WBGene00045649.,0,0,0
WBGene00045650.,0,0,0
WBGene00045651.,0,0,0
WBGene00045652.,0,0,0
WBGene00045653.,0,1,1
WBGene00045654.,0,0,0
WBGene00045655.,0,0,0
WBGene00045656.,0,0,0
WBGene00045657.,0,0,0
WBGene00045658.,0,0,0
WBGene00045659.,0,0,0
WBGene00045660.,0,0,0
WBGene00045661.,0,0,0
WBGene00045662.,0,0,0
WBGene00045663.,0,0,0
WBGene00045664.,0,0,0
WBGene00045665.,0,0,0
WBGene00045666.,0,0,0
WBGene00045667.,0,0,0
WBGene00045668.,0,58,58
WBGene00045669.,0,0,0
WBGene00045670.,0,0,0
WBGene00045671.,0,0,0
WBGene00045672.,0,0,0
WBGene00045673.,0,0,0
WBGene00045674.,0,0,0
WBGene00045675.,0,0,0
WBGene00045676.,0,1,1
WBGene00045677.,0,0,0
WBGene00045678.,0,0,0
WBGene00045679.,0,0,0
WBGene00045680.,0,0,0
WBGene00045681.,0,0,0
WBGene00045682.,0,0,0
WBGene00045683.,0,1,1
WBGene00045684.,0,0,0
WBGene00045685.,0,0,0
WBGene00045686.,0,1,1
WBGene00045687.,0,0,0
WBGene00045688.,0,0,0
WBGene00045689.,0,0,0
WBGene00045690.,0,0,0
WBGene00045691.,0,0,0
WBGene00045692.,0,0,0
WBGene00045693.,0,0,0
WBGene00045694.,0,8,8
WBGene00045695.,0,0,0
WBGene00045696.,0,0,0
WBGene00045697.,0,0,0
WBGene00045698.,0,0,0
WBGene00045699.,0,0,0
WBGene00045700.,0,0,0
WBGene00045701.,0,0,0
WBGene00045702.,0,0,0
WBGene00045703.,0,0,0
WBGene00045704.,0,0,0
WBGene00045705.,0,0,0
WBGene00045706.,0,0,0
WBGene00045707.,0,0,0
WBGene00045708.,0,0,0
WBGene00045709.,0,0,0
WBGene00045710.,0,0,0
WBGene00045711.,0,0,0
WBGene00045712.,0,0,0
WBGene00045713.,0,0,0
WBGene00045714.,0,0,0
WBGene00045715.,0,0,0
WBGene00045716.,0,0,0
WBGene00045717.,0,0,0
WBGene00045718.,0,0,0
WBGene00045719.,0,0,0
WBGene00045720.,0,0,0
WBGene00045721.,0,0,0
WBGene00045722.,0,0,0
WBGene00045723.,0,0,0
WBGene00045724.,0,1,1
WBGene00045725.,0,0,0
WBGene00045726.,0,0,0
WBGene00045727.,0,0,0
WBGene00045728.,0,8,8
WBGene00045729.,0,0,0
WBGene00045730.,0,0,0
WBGene00045731.,0,1,1
WBGene00045732.,0,0,0
WBGene00045733.,0,0,0
WBGene00045734.,0,0,0
WBGene00045735.,0,0,0
WBGene00045736.,0,0,0
WBGene00045737.,0,0,0
WBGene00045738.,0,0,0
WBGene00045739.,0,0,0
WBGene00045740.,0,0,0
WBGene00045741.,0,0,0
WBGene00045743.,0,0,0
WBGene00045744.,0,1,1
WBGene00045745.,0,0,0
WBGene00045746.,0,0,0
WBGene00045747.,0,0,0
WBGene00045748.,0,0,0
WBGene00045749.,0,0,0
WBGene00045750.,0,0,0
WBGene00045751.,0,0,0
WBGene00045752.,0,0,0
WBGene00045753.,0,0,0
WBGene00045754.,0,0,0
WBGene00045755.,0,0,0
WBGene00045756.,0,0,0
WBGene00045757.,0,0,0
WBGene00045758.,0,0,0
WBGene00045759.,0,0,0
WBGene00045760.,0,0,0
WBGene00045761.,0,0,0
WBGene00045762.,0,0,0
WBGene00045763.,0,0,0
WBGene00045764.,0,0,0
WBGene00045765.,0,0,0
WBGene00045766.,0,0,0
WBGene00045767.,0,0,0
WBGene00045768.,0,0,0
WBGene00045769.,0,0,0
WBGene00045770.,0,0,0
WBGene00045771.,0,0,0
WBGene00045772.,0,0,0
WBGene00045773.,0,0,0
WBGene00045774.,0,0,0
WBGene00045775.,0,0,0
WBGene00045776.,0,0,0
WBGene00045777.,0,0,0
WBGene00045778.,0,0,0
WBGene00045779.,0,0,0
WBGene00045780.,0,0,0
WBGene00045781.,0,0,0
WBGene00045782.,0,0,0
WBGene00045783.,0,0,0
WBGene00045784.,0,0,0
WBGene00045785.,0,0,0
WBGene00045786.,0,0,0
WBGene00045787.,0,0,0
WBGene00045788.,0,1,1
WBGene00045789.,0,0,0
WBGene00045790.,0,1,1
WBGene00045791.,0,0,0
WBGene00045792.,0,1,1
WBGene00045793.,0,0,0
WBGene00045794.,0,0,0
WBGene00045795.,0,0,0
WBGene00045796.,0,2,2
WBGene00045797.,0,0,0
WBGene00045798.,0,0,0
WBGene00045799.,0,0,0
WBGene00045800.,0,0,0
WBGene00045801.,0,0,0
WBGene00045802.,0,0,0
WBGene00045803.,0,0,0
WBGene00045804.,0,0,0
WBGene00045805.,0,0,0
WBGene00045806.,0,0,0
WBGene00045807.,0,0,0
WBGene00045808.,0,0,0
WBGene00045809.,0,0,0
WBGene00045810.,0,0,0
WBGene00045811.,0,0,0
WBGene00045812.,0,0,0
WBGene00045813.,0,0,0
WBGene00045814.,0,0,0
WBGene00045815.,0,0,0
WBGene00045816.,0,0,0
WBGene00045817.,0,0,0
WBGene00045818.,0,0,0
WBGene00045819.,0,0,0
WBGene00045820.,0,0,0
WBGene00045821.,0,1,1
WBGene00045822.,0,4,4
WBGene00045823.,0,0,0
WBGene00045824.,0,0,0
WBGene00045825.,0,0,0
WBGene00045826.,0,0,0
WBGene00045827.,0,0,0
WBGene00045828.,0,0,0
WBGene00045829.,0,0,0
WBGene00045830.,0,0,0
WBGene00045831.,0,0,0
WBGene00045832.,0,0,0
WBGene00045833.,0,0,0
WBGene00045834.,0,0,0
WBGene00045835.,0,0,0
WBGene00045836.,0,0,0
WBGene00045837.,0,0,0
WBGene00045838.,0,0,0
WBGene00045839.,0,3,3
WBGene00045840.,0,0,0
WBGene00045841.,0,1,1
WBGene00045842.,0,0,0
WBGene00045843.,0,1,1
WBGene00045844.,0,0,0
WBGene00045845.,0,0,0
WBGene00045846.,0,0,0
WBGene00045847.,0,0,0
WBGene00045848.,0,0,0
WBGene00045849.,0,0,0
WBGene00045850.,0,0,0
WBGene00045851.,0,0,0
WBGene00045852.,0,0,0
WBGene00045853.,0,0,0
WBGene00045854.,0,0,0
WBGene00045855.,0,0,0
WBGene00045856.,0,0,0
WBGene00045857.,0,0,0
WBGene00045858.,0,0,0
WBGene00045859.,0,0,0
WBGene00045860.,0,1,1
WBGene00045861.,0,0,0
WBGene00045862.,0,0,0
WBGene00045863.,0,0,0
WBGene00045864.,0,0,0
WBGene00045865.,0,0,0
WBGene00045866.,0,0,0
WBGene00045867.,0,0,0
WBGene00045868.,0,0,0
WBGene00045869.,0,0,0
WBGene00045870.,0,1,1
WBGene00045871.,0,0,0
WBGene00045872.,0,0,0
WBGene00045873.,0,0,0
WBGene00045874.,0,0,0
WBGene00045875.,0,0,0
WBGene00045876.,0,0,0
WBGene00045877.,0,0,0
WBGene00045878.,0,0,0
WBGene00045879.,0,0,0
WBGene00045880.,0,0,0
WBGene00045881.,0,0,0
WBGene00045882.,0,0,0
WBGene00045883.,0,0,0
WBGene00045884.,0,0,0
WBGene00045885.,0,0,0
WBGene00045886.,0,0,0
WBGene00045887.,0,0,0
WBGene00045888.,0,0,0
WBGene00045889.,0,0,0
WBGene00045890.,0,0,0
WBGene00045891.,0,0,0
WBGene00045892.,0,0,0
WBGene00045893.,0,0,0
WBGene00045894.,0,0,0
WBGene00045895.,0,0,0
WBGene00045896.,0,1,1
WBGene00045897.,0,0,0
WBGene00045898.,0,0,0
WBGene00045899.,0,0,0
WBGene00045900.,0,0,0
WBGene00045901.,0,0,0
WBGene00045902.,0,0,0
WBGene00045903.,0,1,1
WBGene00045904.,0,0,0
WBGene00045905.,0,0,0
WBGene00045906.,0,0,0
WBGene00045907.,0,0,0
WBGene00045908.,0,0,0
WBGene00045909.,0,0,0
WBGene00045910.,0,0,0
WBGene00045911.,0,0,0
WBGene00045912.,0,0,0
WBGene00045913.,0,0,0
WBGene00045914.,0,0,0
WBGene00045915.,0,0,0
WBGene00045916.,0,0,0
WBGene00045917.,0,0,0
WBGene00045918.,0,0,0
WBGene00045919.,0,0,0
WBGene00045920.,0,0,0
WBGene00045921.,0,0,0
WBGene00045922.,0,0,0
WBGene00045923.,0,0,0
WBGene00045924.,0,0,0
WBGene00045925.,0,0,0
WBGene00045926.,0,0,0
WBGene00045927.,0,0,0
WBGene00045928.,0,3,3
WBGene00045929.,0,0,0
WBGene00045930.,0,0,0
WBGene00045931.,0,0,0
WBGene00045932.,0,0,0
WBGene00045933.,0,0,0
WBGene00045934.,0,0,0
WBGene00045935.,0,0,0
WBGene00045936.,0,0,0
WBGene00045937.,0,0,0
WBGene00045938.,0,0,0
WBGene00045939.,0,0,0
WBGene00045940.,0,0,0
WBGene00045941.,0,0,0
WBGene00045942.,0,0,0
WBGene00045943.,0,0,0
WBGene00045944.,0,0,0
WBGene00045945.,0,0,0
WBGene00045946.,0,0,0
WBGene00045947.,0,0,0
WBGene00045948.,0,0,0
WBGene00045949.,0,0,0
WBGene00045950.,0,0,0
WBGene00045951.,0,0,0
WBGene00045952.,0,0,0
WBGene00045953.,0,0,0
WBGene00045954.,0,0,0
WBGene00045955.,0,1,1
WBGene00045956.,0,1,1
WBGene00045957.,0,0,0
WBGene00045958.,0,0,0
WBGene00045959.,0,0,0
WBGene00045960.,0,0,0
WBGene00045961.,0,0,0
WBGene00045962.,0,0,0
WBGene00045963.,0,0,0
WBGene00045964.,0,0,0
WBGene00045965.,0,0,0
WBGene00045966.,0,0,0
WBGene00045967.,0,0,0
WBGene00045968.,0,0,0
WBGene00045969.,0,0,0
WBGene00045970.,0,0,0
WBGene00045971.,0,0,0
WBGene00045972.,0,0,0
WBGene00045973.,0,0,0
WBGene00045974.,0,0,0
WBGene00045975.,0,0,0
WBGene00045976.,0,0,0
WBGene00045977.,0,0,0
WBGene00045978.,0,0,0
WBGene00045979.,0,0,0
WBGene00045980.,0,0,0
WBGene00045981.,0,2,2
WBGene00045982.,0,0,0
WBGene00045983.,0,0,0
WBGene00045984.,0,0,0
WBGene00045985.,0,0,0
WBGene00045986.,0,0,0
WBGene00045987.,0,0,0
WBGene00045988.,0,0,0
WBGene00045989.,0,0,0
WBGene00045990.,0,0,0
WBGene00045991.,0,0,0
WBGene00045992.,0,0,0
WBGene00045993.,0,0,0
WBGene00045994.,0,0,0
WBGene00045995.,0,0,0
WBGene00045996.,0,0,0
WBGene00045997.,0,0,0
WBGene00045998.,0,0,0
WBGene00045999.,0,0,0
WBGene00046000.,0,0,0
WBGene00046001.,0,0,0
WBGene00046002.,0,0,0
WBGene00046003.,0,0,0
WBGene00046004.,0,0,0
WBGene00046005.,0,0,0
WBGene00046006.,0,0,0
WBGene00046007.,0,0,0
WBGene00046008.,0,0,0
WBGene00046009.,0,0,0
WBGene00046010.,0,1,1
WBGene00046011.,0,4,4
WBGene00046012.,0,0,0
WBGene00046013.,0,0,0
WBGene00046014.,0,0,0
WBGene00046015.,0,0,0
WBGene00046016.,0,0,0
WBGene00046017.,0,0,0
WBGene00046018.,0,0,0
WBGene00046019.,0,0,0
WBGene00046020.,0,0,0
WBGene00046021.,0,0,0
WBGene00046022.,0,0,0
WBGene00046023.,0,0,0
WBGene00046024.,0,0,0
WBGene00046025.,0,1,1
WBGene00046026.,0,0,0
WBGene00046027.,0,1,1
WBGene00046028.,0,0,0
WBGene00046029.,0,0,0
WBGene00046030.,0,0,0
WBGene00046031.,0,0,0
WBGene00046032.,0,0,0
WBGene00046033.,0,0,0
WBGene00046034.,0,0,0
WBGene00046035.,0,0,0
WBGene00046036.,0,0,0
WBGene00046037.,0,1,1
WBGene00046038.,0,0,0
WBGene00046039.,0,0,0
WBGene00046040.,0,0,0
WBGene00046041.,0,1,1
WBGene00046042.,0,0,0
WBGene00046043.,0,0,0
WBGene00046044.,0,0,0
WBGene00046045.,0,0,0
WBGene00046046.,0,0,0
WBGene00046047.,0,0,0
WBGene00046048.,0,0,0
WBGene00046049.,0,0,0
WBGene00046050.,0,0,0
WBGene00046051.,0,0,0
WBGene00046052.,0,0,0
WBGene00046053.,0,0,0
WBGene00046054.,0,0,0
WBGene00046055.,0,0,0
WBGene00046056.,0,0,0
WBGene00046057.,0,0,0
WBGene00046058.,0,0,0
WBGene00046059.,0,2,2
WBGene00046060.,0,0,0
WBGene00046061.,0,0,0
WBGene00046062.,0,0,0
WBGene00046063.,0,0,0
WBGene00046064.,0,0,0
WBGene00046065.,0,0,0
WBGene00046066.,0,0,0
WBGene00046067.,0,0,0
WBGene00046068.,0,0,0
WBGene00046069.,0,0,0
WBGene00046070.,0,0,0
WBGene00046071.,0,0,0
WBGene00046072.,0,0,0
WBGene00046073.,0,0,0
WBGene00046074.,0,0,0
WBGene00046075.,0,0,0
WBGene00046076.,0,0,0
WBGene00046077.,0,0,0
WBGene00046078.,0,0,0
WBGene00046079.,0,0,0
WBGene00046080.,0,0,0
WBGene00046081.,0,0,0
WBGene00046082.,0,0,0
WBGene00046083.,0,0,0
WBGene00046084.,0,0,0
WBGene00046085.,0,0,0
WBGene00046086.,0,0,0
WBGene00046087.,0,0,0
WBGene00046088.,0,0,0
WBGene00046089.,0,0,0
WBGene00046090.,0,0,0
WBGene00046091.,0,0,0
WBGene00046092.,0,2,2
WBGene00046093.,0,0,0
WBGene00046094.,0,0,0
WBGene00046095.,0,0,0
WBGene00046096.,0,0,0
WBGene00046097.,0,0,0
WBGene00046098.,0,0,0
WBGene00046099.,0,0,0
WBGene00046100.,0,0,0
WBGene00046101.,0,0,0
WBGene00046102.,0,1,1
WBGene00046103.,0,0,0
WBGene00046104.,0,0,0
WBGene00046105.,0,0,0
WBGene00046106.,0,0,0
WBGene00046107.,0,0,0
WBGene00046108.,0,0,0
WBGene00046109.,0,7,7
WBGene00046110.,0,0,0
WBGene00046111.,0,0,0
WBGene00046112.,0,0,0
WBGene00046113.,0,0,0
WBGene00046114.,0,1,1
WBGene00046115.,0,0,0
WBGene00046116.,0,0,0
WBGene00046117.,0,0,0
WBGene00046118.,0,0,0
WBGene00046119.,0,0,0
WBGene00046120.,0,0,0
WBGene00046121.,0,0,0
WBGene00046122.,0,0,0
WBGene00046123.,0,1,1
WBGene00046124.,0,0,0
WBGene00046125.,0,0,0
WBGene00046126.,0,0,0
WBGene00046127.,0,0,0
WBGene00046128.,0,0,0
WBGene00046129.,0,1,1
WBGene00046130.,0,0,0
WBGene00046131.,0,0,0
WBGene00046132.,0,2,2
WBGene00046133.,0,0,0
WBGene00046134.,0,0,0
WBGene00046135.,0,0,0
WBGene00046136.,0,0,0
WBGene00046137.,0,0,0
WBGene00046138.,0,0,0
WBGene00046139.,0,0,0
WBGene00046140.,0,0,0
WBGene00046141.,0,0,0
WBGene00046142.,0,0,0
WBGene00046143.,0,3,3
WBGene00046144.,0,0,0
WBGene00046145.,0,0,0
WBGene00046146.,0,0,0
WBGene00046147.,0,0,0
WBGene00046148.,0,0,0
WBGene00046149.,0,0,0
WBGene00046150.,0,0,0
WBGene00046151.,0,0,0
WBGene00046152.,0,0,0
WBGene00046153.,0,0,0
WBGene00046154.,0,0,0
WBGene00046155.,0,0,0
WBGene00046156.,0,0,0
WBGene00046157.,0,0,0
WBGene00046158.,0,0,0
WBGene00046159.,0,0,0
WBGene00046160.,0,0,0
WBGene00046161.,0,0,0
WBGene00046162.,0,0,0
WBGene00046163.,0,0,0
WBGene00046164.,0,0,0
WBGene00046165.,0,0,0
WBGene00046166.,0,0,0
WBGene00046167.,0,0,0
WBGene00046168.,0,0,0
WBGene00046169.,0,0,0
WBGene00046170.,0,0,0
WBGene00046171.,0,0,0
WBGene00046172.,0,0,0
WBGene00046173.,0,0,0
WBGene00046174.,0,0,0
WBGene00046175.,0,0,0
WBGene00046176.,0,6,6
WBGene00046177.,0,0,0
WBGene00046178.,0,0,0
WBGene00046179.,0,1,1
WBGene00046180.,0,0,0
WBGene00046181.,0,0,0
WBGene00046182.,0,1,1
WBGene00046183.,0,0,0
WBGene00046184.,0,0,0
WBGene00046185.,0,0,0
WBGene00046186.,0,0,0
WBGene00046187.,0,0,0
WBGene00046188.,0,0,0
WBGene00046189.,0,0,0
WBGene00046190.,0,0,0
WBGene00046191.,0,0,0
WBGene00046192.,0,0,0
WBGene00046193.,0,0,0
WBGene00046194.,0,0,0
WBGene00046195.,0,0,0
WBGene00046196.,0,1,1
WBGene00046197.,0,0,0
WBGene00046198.,0,0,0
WBGene00046199.,0,0,0
WBGene00046200.,0,0,0
WBGene00046201.,0,0,0
WBGene00046202.,0,2,2
WBGene00046203.,0,0,0
WBGene00046204.,0,0,0
WBGene00046205.,0,0,0
WBGene00046206.,0,0,0
WBGene00046207.,0,0,0
WBGene00046208.,0,0,0
WBGene00046209.,0,4,4
WBGene00046210.,0,0,0
WBGene00046211.,0,0,0
WBGene00046212.,0,0,0
WBGene00046213.,0,0,0
WBGene00046214.,0,0,0
WBGene00046215.,0,0,0
WBGene00046216.,0,0,0
WBGene00046217.,0,0,0
WBGene00046218.,0,0,0
WBGene00046219.,0,1,1
WBGene00046220.,0,1,1
WBGene00046221.,0,0,0
WBGene00046222.,0,0,0
WBGene00046223.,0,0,0
WBGene00046224.,0,0,0
WBGene00046225.,0,0,0
WBGene00046226.,0,1,1
WBGene00046227.,0,0,0
WBGene00046228.,0,0,0
WBGene00046229.,0,0,0
WBGene00046230.,0,0,0
WBGene00046231.,0,0,0
WBGene00046232.,0,0,0
WBGene00046233.,0,0,0
WBGene00046234.,0,0,0
WBGene00046235.,0,0,0
WBGene00046236.,0,0,0
WBGene00046237.,0,0,0
WBGene00046238.,0,0,0
WBGene00046239.,0,0,0
WBGene00046240.,0,0,0
WBGene00046241.,0,0,0
WBGene00046242.,0,0,0
WBGene00046243.,0,0,0
WBGene00046244.,0,0,0
WBGene00046245.,0,0,0
WBGene00046246.,0,0,0
WBGene00046247.,0,0,0
WBGene00046248.,0,0,0
WBGene00046249.,0,0,0
WBGene00046250.,0,0,0
WBGene00046251.,0,2,2
WBGene00046252.,0,0,0
WBGene00046253.,0,0,0
WBGene00046254.,0,0,0
WBGene00046255.,0,0,0
WBGene00046256.,0,1,1
WBGene00046257.,0,0,0
WBGene00046258.,0,0,0
WBGene00046259.,0,0,0
WBGene00046260.,0,0,0
WBGene00046261.,0,0,0
WBGene00046262.,0,0,0
WBGene00046263.,0,1,1
WBGene00046264.,0,3,3
WBGene00046265.,0,0,0
WBGene00046266.,0,0,0
WBGene00046267.,0,0,0
WBGene00046268.,0,0,0
WBGene00046269.,0,0,0
WBGene00046270.,0,0,0
WBGene00046271.,0,0,0
WBGene00046272.,0,0,0
WBGene00046273.,0,0,0
WBGene00046274.,0,0,0
WBGene00046275.,0,0,0
WBGene00046276.,0,0,0
WBGene00046277.,0,0,0
WBGene00046278.,0,0,0
WBGene00046279.,0,0,0
WBGene00046280.,0,0,0
WBGene00046281.,0,0,0
WBGene00046282.,0,0,0
WBGene00046283.,0,0,0
WBGene00046284.,0,0,0
WBGene00046285.,0,0,0
WBGene00046286.,0,1,1
WBGene00046287.,0,0,0
WBGene00046288.,0,0,0
WBGene00046289.,0,3,3
WBGene00046290.,0,0,0
WBGene00046291.,0,0,0
WBGene00046292.,0,0,0
WBGene00046293.,0,0,0
WBGene00046294.,0,0,0
WBGene00046295.,0,0,0
WBGene00046296.,0,0,0
WBGene00046297.,0,1,1
WBGene00046298.,0,0,0
WBGene00046299.,0,0,0
WBGene00046300.,0,0,0
WBGene00046301.,0,0,0
WBGene00046302.,0,0,0
WBGene00046303.,0,0,0
WBGene00046304.,0,0,0
WBGene00046305.,0,0,0
WBGene00046306.,0,0,0
WBGene00046307.,0,0,0
WBGene00046308.,0,0,0
WBGene00046309.,0,0,0
WBGene00046310.,0,0,0
WBGene00046311.,0,0,0
WBGene00046312.,0,0,0
WBGene00046313.,0,0,0
WBGene00046314.,0,0,0
WBGene00046315.,0,1,1
WBGene00046316.,0,0,0
WBGene00046317.,0,1,1
WBGene00046318.,0,0,0
WBGene00046319.,0,0,0
WBGene00046320.,0,0,0
WBGene00046321.,0,1,1
WBGene00046322.,0,0,0
WBGene00046323.,0,0,0
WBGene00046324.,0,0,0
WBGene00046325.,0,0,0
WBGene00046326.,0,0,0
WBGene00046327.,0,0,0
WBGene00046328.,0,0,0
WBGene00046329.,0,0,0
WBGene00046330.,0,0,0
WBGene00046331.,0,0,0
WBGene00046332.,0,0,0
WBGene00046333.,0,0,0
WBGene00046334.,0,1,1
WBGene00046335.,0,4,4
WBGene00046336.,0,0,0
WBGene00046337.,0,1,1
WBGene00046338.,0,0,0
WBGene00046339.,0,0,0
WBGene00046340.,0,0,0
WBGene00046341.,0,0,0
WBGene00046342.,0,0,0
WBGene00046343.,0,0,0
WBGene00046344.,0,0,0
WBGene00046345.,0,3,3
WBGene00046346.,0,0,0
WBGene00046347.,0,0,0
WBGene00046348.,0,0,0
WBGene00046349.,0,0,0
WBGene00046350.,0,0,0
WBGene00046351.,0,0,0
WBGene00046352.,0,0,0
WBGene00046353.,0,0,0
WBGene00046354.,0,0,0
WBGene00046355.,0,0,0
WBGene00046356.,0,1,1
WBGene00046357.,0,0,0
WBGene00046358.,0,0,0
WBGene00046359.,0,0,0
WBGene00046360.,0,0,0
WBGene00046361.,0,0,0
WBGene00046362.,0,0,0
WBGene00046363.,0,1,1
WBGene00046364.,0,1,1
WBGene00046365.,0,0,0
WBGene00046366.,0,1,1
WBGene00046367.,0,1,1
WBGene00046368.,0,0,0
WBGene00046369.,0,0,0
WBGene00046370.,0,0,0
WBGene00046371.,0,0,0
WBGene00046372.,0,0,0
WBGene00046373.,0,0,0
WBGene00046374.,0,0,0
WBGene00046375.,0,1,1
WBGene00046376.,0,0,0
WBGene00046377.,0,0,0
WBGene00046378.,0,0,0
WBGene00046379.,0,0,0
WBGene00046380.,0,0,0
WBGene00046381.,0,0,0
WBGene00046382.,0,0,0
WBGene00046383.,0,0,0
WBGene00046384.,0,0,0
WBGene00046385.,0,0,0
WBGene00046386.,0,0,0
WBGene00046387.,0,0,0
WBGene00046388.,0,0,0
WBGene00046389.,0,0,0
WBGene00046390.,0,0,0
WBGene00046391.,0,0,0
WBGene00046392.,0,0,0
WBGene00046393.,0,2,2
WBGene00046394.,0,0,0
WBGene00046395.,0,0,0
WBGene00046396.,0,0,0
WBGene00046397.,0,0,0
WBGene00046398.,0,0,0
WBGene00046399.,0,2,2
WBGene00046400.,0,0,0
WBGene00046401.,0,0,0
WBGene00046402.,0,0,0
WBGene00046403.,0,0,0
WBGene00046404.,0,0,0
WBGene00046405.,0,0,0
WBGene00046406.,0,2,2
WBGene00046407.,0,0,0
WBGene00046408.,0,0,0
WBGene00046409.,0,0,0
WBGene00046410.,0,0,0
WBGene00046411.,0,0,0
WBGene00046412.,0,0,0
WBGene00046413.,0,0,0
WBGene00046414.,0,0,0
WBGene00046415.,0,0,0
WBGene00046416.,0,1,1
WBGene00046417.,0,0,0
WBGene00046418.,0,0,0
WBGene00046419.,0,0,0
WBGene00046420.,0,0,0
WBGene00046421.,0,2,2
WBGene00046422.,0,0,0
WBGene00046423.,0,0,0
WBGene00046424.,0,0,0
WBGene00046425.,0,0,0
WBGene00046426.,0,0,0
WBGene00046427.,0,0,0
WBGene00046428.,0,0,0
WBGene00046429.,0,0,0
WBGene00046430.,0,0,0
WBGene00046431.,0,0,0
WBGene00046432.,0,0,0
WBGene00046433.,0,0,0
WBGene00046434.,0,0,0
WBGene00046435.,0,1,1
WBGene00046436.,0,0,0
WBGene00046437.,0,0,0
WBGene00046438.,0,1,1
WBGene00046439.,0,0,0
WBGene00046440.,0,0,0
WBGene00046441.,0,0,0
WBGene00046442.,0,0,0
WBGene00046443.,0,1,1
WBGene00046444.,0,0,0
WBGene00046445.,0,0,0
WBGene00046446.,0,0,0
WBGene00046447.,0,0,0
WBGene00046448.,0,0,0
WBGene00046449.,0,0,0
WBGene00046450.,0,0,0
WBGene00046451.,0,0,0
WBGene00046452.,0,1,1
WBGene00046453.,0,0,0
WBGene00046454.,0,0,0
WBGene00046455.,0,0,0
WBGene00046456.,0,0,0
WBGene00046457.,0,0,0
WBGene00046458.,0,0,0
WBGene00046459.,0,0,0
WBGene00046460.,0,0,0
WBGene00046461.,0,0,0
WBGene00046462.,0,0,0
WBGene00046463.,0,0,0
WBGene00046464.,0,0,0
WBGene00046465.,0,0,0
WBGene00046466.,0,0,0
WBGene00046467.,0,0,0
WBGene00046468.,0,0,0
WBGene00046469.,0,0,0
WBGene00046470.,0,0,0
WBGene00046471.,0,0,0
WBGene00046472.,0,0,0
WBGene00046473.,0,0,0
WBGene00046474.,0,0,0
WBGene00046475.,0,0,0
WBGene00046476.,0,0,0
WBGene00046477.,0,0,0
WBGene00046478.,0,0,0
WBGene00046479.,0,0,0
WBGene00046480.,0,0,0
WBGene00046481.,0,0,0
WBGene00046482.,0,2,2
WBGene00046483.,0,1,1
WBGene00046484.,0,0,0
WBGene00046485.,0,0,0
WBGene00046486.,0,0,0
WBGene00046487.,0,0,0
WBGene00046488.,0,0,0
WBGene00046489.,0,0,0
WBGene00046490.,0,0,0
WBGene00046491.,0,0,0
WBGene00046492.,0,0,0
WBGene00046493.,0,1,1
WBGene00046494.,0,0,0
WBGene00046495.,0,0,0
WBGene00046496.,0,0,0
WBGene00046497.,0,0,0
WBGene00046498.,0,1,1
WBGene00046499.,0,0,0
WBGene00046500.,0,0,0
WBGene00046501.,0,0,0
WBGene00046502.,0,0,0
WBGene00046503.,0,0,0
WBGene00046504.,0,0,0
WBGene00046505.,0,0,0
WBGene00046506.,0,0,0
WBGene00046507.,0,0,0
WBGene00046508.,0,0,0
WBGene00046509.,0,0,0
WBGene00046510.,0,0,0
WBGene00046511.,0,0,0
WBGene00046512.,0,1,1
WBGene00046513.,0,0,0
WBGene00046514.,0,1,1
WBGene00046515.,0,0,0
WBGene00046516.,0,0,0
WBGene00046517.,0,0,0
WBGene00046518.,0,0,0
WBGene00046519.,0,0,0
WBGene00046520.,0,0,0
WBGene00046521.,0,0,0
WBGene00046522.,0,0,0
WBGene00046523.,0,0,0
WBGene00046524.,0,0,0
WBGene00046525.,0,0,0
WBGene00046526.,0,0,0
WBGene00046527.,0,0,0
WBGene00046528.,0,0,0
WBGene00046529.,0,0,0
WBGene00046530.,0,0,0
WBGene00046531.,0,0,0
WBGene00046532.,0,0,0
WBGene00046533.,0,2,2
WBGene00046534.,0,0,0
WBGene00046535.,0,0,0
WBGene00046536.,0,0,0
WBGene00046537.,0,0,0
WBGene00046538.,0,0,0
WBGene00046539.,0,0,0
WBGene00046540.,0,0,0
WBGene00046541.,0,0,0
WBGene00046542.,0,0,0
WBGene00046543.,0,0,0
WBGene00046544.,0,0,0
WBGene00046545.,0,0,0
WBGene00046546.,0,0,0
WBGene00046547.,0,5,5
WBGene00046548.,0,0,0
WBGene00046549.,0,0,0
WBGene00046550.,0,1,1
WBGene00046551.,0,0,0
WBGene00046552.,0,0,0
WBGene00046553.,0,0,0
WBGene00046554.,0,0,0
WBGene00046555.,0,0,0
WBGene00046556.,0,0,0
WBGene00046557.,0,0,0
WBGene00046558.,0,0,0
WBGene00046559.,0,0,0
WBGene00046560.,0,0,0
WBGene00046561.,0,0,0
WBGene00046562.,0,0,0
WBGene00046563.,0,1,1
WBGene00046564.,0,0,0
WBGene00046565.,0,0,0
WBGene00046566.,0,5,5
WBGene00046567.,0,0,0
WBGene00046568.,0,0,0
WBGene00046569.,0,0,0
WBGene00046570.,0,0,0
WBGene00046571.,0,0,0
WBGene00046572.,0,0,0
WBGene00046573.,0,5,5
WBGene00046574.,0,0,0
WBGene00046575.,0,0,0
WBGene00046576.,0,0,0
WBGene00046577.,0,1,1
WBGene00046578.,0,0,0
WBGene00046579.,0,0,0
WBGene00046580.,0,0,0
WBGene00046581.,0,0,0
WBGene00046582.,0,0,0
WBGene00046583.,0,0,0
WBGene00046584.,0,0,0
WBGene00046585.,0,0,0
WBGene00046586.,0,0,0
WBGene00046587.,0,0,0
WBGene00046588.,0,0,0
WBGene00046589.,0,0,0
WBGene00046590.,0,0,0
WBGene00046591.,0,0,0
WBGene00046592.,0,0,0
WBGene00046593.,0,0,0
WBGene00046594.,0,1,1
WBGene00046595.,0,0,0
WBGene00046596.,0,0,0
WBGene00046597.,0,0,0
WBGene00046598.,0,0,0
WBGene00046599.,0,0,0
WBGene00046600.,0,0,0
WBGene00046601.,0,0,0
WBGene00046602.,0,0,0
WBGene00046603.,0,1,1
WBGene00046604.,0,0,0
WBGene00046605.,0,1,1
WBGene00046606.,0,0,0
WBGene00046607.,0,0,0
WBGene00046608.,0,1,1
WBGene00046609.,0,0,0
WBGene00046610.,0,0,0
WBGene00046611.,0,0,0
WBGene00046612.,0,0,0
WBGene00046613.,0,0,0
WBGene00046614.,0,0,0
WBGene00046615.,0,0,0
WBGene00046616.,0,0,0
WBGene00046617.,0,0,0
WBGene00046618.,0,1,1
WBGene00046619.,0,0,0
WBGene00046620.,0,0,0
WBGene00046621.,0,0,0
WBGene00046622.,0,0,0
WBGene00046623.,0,0,0
WBGene00046624.,0,0,0
WBGene00046625.,0,0,0
WBGene00046626.,0,0,0
WBGene00046627.,0,0,0
WBGene00046628.,0,0,0
WBGene00046629.,0,0,0
WBGene00046630.,0,0,0
WBGene00046631.,0,0,0
WBGene00046632.,0,0,0
WBGene00046633.,0,0,0
WBGene00046634.,0,0,0
WBGene00046635.,0,0,0
WBGene00046636.,0,0,0
WBGene00046637.,0,0,0
WBGene00046638.,0,1,1
WBGene00046639.,0,0,0
WBGene00046640.,0,0,0
WBGene00046641.,0,0,0
WBGene00046642.,0,0,0
WBGene00046643.,0,0,0
WBGene00046644.,0,1,1
WBGene00046645.,0,0,0
WBGene00046646.,0,0,0
WBGene00046647.,0,0,0
WBGene00046648.,0,1,1
WBGene00046649.,0,0,0
WBGene00046650.,0,0,0
WBGene00046651.,0,0,0
WBGene00046652.,0,3,3
WBGene00046653.,0,0,0
WBGene00046654.,0,0,0
WBGene00046655.,0,0,0
WBGene00046656.,0,0,0
WBGene00046657.,0,0,0
WBGene00046658.,0,0,0
WBGene00046659.,0,0,0
WBGene00046660.,0,0,0
WBGene00046661.,0,0,0
WBGene00046662.,0,0,0
WBGene00046663.,0,7,7
WBGene00046664.,0,0,0
WBGene00046665.,0,0,0
WBGene00046666.,0,3,3
WBGene00046667.,0,1,1
WBGene00046668.,0,0,0
WBGene00046669.,0,0,0
WBGene00046670.,0,0,0
WBGene00046671.,0,1,1
WBGene00046672.,0,1,1
WBGene00046673.,0,0,0
WBGene00046674.,0,0,0
WBGene00046675.,0,0,0
WBGene00046676.,0,0,0
WBGene00046677.,0,0,0
WBGene00046678.,0,0,0
WBGene00046679.,0,0,0
WBGene00046680.,0,0,0
WBGene00046681.,0,0,0
WBGene00046682.,0,0,0
WBGene00046683.,0,1,1
WBGene00046684.,0,0,0
WBGene00046685.,0,0,0
WBGene00046686.,0,0,0
WBGene00046687.,0,0,0
WBGene00046688.,0,0,0
WBGene00046689.,0,0,0
WBGene00046690.,0,0,0
WBGene00046691.,0,0,0
WBGene00046692.,0,0,0
WBGene00046693.,0,0,0
WBGene00046694.,0,0,0
WBGene00046695.,0,0,0
WBGene00046696.,0,1,1
WBGene00046697.,0,5,5
WBGene00046698.,0,10733,10733
WBGene00046699.,0,0,0
WBGene00046700.,0,1,1
WBGene00046701.,0,0,0
WBGene00046702.,0,0,0
WBGene00046703.,0,0,0
WBGene00046704.,0,0,0
WBGene00046705.,0,0,0
WBGene00046706.,0,0,0
WBGene00046707.,0,0,0
WBGene00046708.,0,0,0
WBGene00046709.,0,0,0
WBGene00046710.,0,0,0
WBGene00046711.,0,0,0
WBGene00046712.,0,0,0
WBGene00046713.,0,0,0
WBGene00046714.,0,0,0
WBGene00046715.,0,0,0
WBGene00046716.,0,0,0
WBGene00046717.,0,0,0
WBGene00046718.,0,0,0
WBGene00046719.,0,0,0
WBGene00046720.,0,0,0
WBGene00046721.,0,0,0
WBGene00046722.,0,0,0
WBGene00046723.,0,0,0
WBGene00046724.,0,0,0
WBGene00046725.,0,0,0
WBGene00046726.,0,0,0
WBGene00046727.,0,0,0
WBGene00046728.,0,0,0
WBGene00046729.,0,0,0
WBGene00046730.,0,1,1
WBGene00046731.,0,0,0
WBGene00046732.,0,0,0
WBGene00046733.,0,0,0
WBGene00046734.,0,0,0
WBGene00046735.,0,0,0
WBGene00046736.,0,0,0
WBGene00046737.,0,0,0
WBGene00046738.,0,1,1
WBGene00046739.,0,2,2
WBGene00046740.,0,0,0
WBGene00046741.,0,0,0
WBGene00046742.,0,0,0
WBGene00046743.,0,1,1
WBGene00046744.,0,0,0
WBGene00046745.,0,0,0
WBGene00046746.,0,0,0
WBGene00046747.,0,0,0
WBGene00046748.,0,1,1
WBGene00046749.,0,0,0
WBGene00046750.,0,0,0
WBGene00046751.,0,0,0
WBGene00046752.,0,0,0
WBGene00046753.,0,0,0
WBGene00046754.,0,0,0
WBGene00046755.,0,1,1
WBGene00046756.,0,0,0
WBGene00046757.,0,0,0
WBGene00046758.,0,0,0
WBGene00046759.,0,0,0
WBGene00046760.,0,0,0
WBGene00046761.,0,16,16
WBGene00046762.,0,0,0
WBGene00046763.,0,0,0
WBGene00046764.,0,0,0
WBGene00046765.,0,0,0
WBGene00046766.,0,0,0
WBGene00046767.,0,0,0
WBGene00046768.,0,1,1
WBGene00046769.,0,0,0
WBGene00046770.,0,0,0
WBGene00046771.,0,0,0
WBGene00046772.,0,0,0
WBGene00046773.,0,0,0
WBGene00046774.,0,0,0
WBGene00046775.,0,0,0
WBGene00046776.,0,0,0
WBGene00046777.,0,0,0
WBGene00046778.,0,0,0
WBGene00046779.,0,0,0
WBGene00046780.,0,0,0
WBGene00046781.,0,0,0
WBGene00046782.,0,0,0
WBGene00046783.,0,0,0
WBGene00046784.,0,0,0
WBGene00046785.,0,4,4
WBGene00046786.,0,0,0
WBGene00046787.,0,1,1
WBGene00046788.,0,0,0
WBGene00046789.,0,0,0
WBGene00046790.,0,0,0
WBGene00046791.,0,0,0
WBGene00046792.,0,0,0
WBGene00046793.,0,0,0
WBGene00046794.,0,0,0
WBGene00046795.,0,0,0
WBGene00046796.,0,1,1
WBGene00046797.,0,0,0
WBGene00046798.,0,0,0
WBGene00046799.,0,0,0
WBGene00046800.,0,0,0
WBGene00046801.,0,0,0
WBGene00046802.,0,0,0
WBGene00046803.,0,0,0
WBGene00046804.,0,0,0
WBGene00046805.,0,0,0
WBGene00046806.,0,0,0
WBGene00046807.,0,0,0
WBGene00046808.,0,3,3
WBGene00046809.,0,0,0
WBGene00046810.,0,0,0
WBGene00046811.,0,0,0
WBGene00046812.,0,0,0
WBGene00046813.,0,0,0
WBGene00046814.,0,0,0
WBGene00046815.,0,0,0
WBGene00046816.,0,0,0
WBGene00046817.,0,0,0
WBGene00046818.,0,0,0
WBGene00046819.,0,0,0
WBGene00046820.,0,0,0
WBGene00046821.,0,1,1
WBGene00046822.,0,0,0
WBGene00046823.,0,0,0
WBGene00046824.,0,0,0
WBGene00046825.,0,0,0
WBGene00046826.,0,0,0
WBGene00046827.,0,0,0
WBGene00046828.,0,2,2
WBGene00046829.,0,0,0
WBGene00046830.,0,0,0
WBGene00046831.,0,0,0
WBGene00046832.,0,0,0
WBGene00046833.,0,0,0
WBGene00046834.,0,0,0
WBGene00046835.,0,0,0
WBGene00046836.,0,0,0
WBGene00046837.,0,1,1
WBGene00046838.,0,0,0
WBGene00046839.,0,5,5
WBGene00046840.,0,0,0
WBGene00046841.,0,0,0
WBGene00046842.,0,0,0
WBGene00046843.,0,0,0
WBGene00046844.,0,0,0
WBGene00046845.,0,0,0
WBGene00046846.,0,0,0
WBGene00046847.,0,0,0
WBGene00046848.,0,0,0
WBGene00046849.,0,0,0
WBGene00046850.,0,0,0
WBGene00046851.,0,0,0
WBGene00046852.,0,0,0
WBGene00046853.,0,0,0
WBGene00046854.,0,0,0
WBGene00046855.,0,0,0
WBGene00046856.,0,0,0
WBGene00046857.,0,0,0
WBGene00046858.,0,1,1
WBGene00046859.,0,20,20
WBGene00046860.,0,1,1
WBGene00046861.,0,0,0
WBGene00046862.,0,0,0
WBGene00046863.,0,0,0
WBGene00046864.,0,0,0
WBGene00046865.,0,0,0
WBGene00046866.,0,0,0
WBGene00046867.,0,0,0
WBGene00046868.,0,0,0
WBGene00046869.,0,5,5
WBGene00046870.,0,0,0
WBGene00046871.,0,0,0
WBGene00046872.,0,0,0
WBGene00046873.,0,0,0
WBGene00046874.,0,0,0
WBGene00046875.,0,0,0
WBGene00046876.,0,0,0
WBGene00046877.,0,0,0
WBGene00046878.,0,1,1
WBGene00046879.,0,0,0
WBGene00046880.,0,0,0
WBGene00046881.,0,0,0
WBGene00046882.,0,0,0
WBGene00046883.,0,1,1
WBGene00046884.,0,0,0
WBGene00046885.,0,0,0
WBGene00046886.,0,0,0
WBGene00046887.,0,0,0
WBGene00046888.,0,0,0
WBGene00046889.,0,0,0
WBGene00046890.,0,0,0
WBGene00046891.,0,0,0
WBGene00046892.,0,0,0
WBGene00046893.,0,0,0
WBGene00046894.,0,0,0
WBGene00046895.,0,0,0
WBGene00046896.,0,0,0
WBGene00046897.,0,0,0
WBGene00046898.,0,0,0
WBGene00046899.,0,0,0
WBGene00046900.,0,0,0
WBGene00046901.,0,0,0
WBGene00046902.,0,0,0
WBGene00046903.,0,0,0
WBGene00046904.,0,0,0
WBGene00046905.,0,0,0
WBGene00046906.,0,0,0
WBGene00046907.,0,0,0
WBGene00046908.,0,0,0
WBGene00046909.,0,0,0
WBGene00046910.,0,0,0
WBGene00046911.,0,0,0
WBGene00046912.,0,0,0
WBGene00046913.,0,0,0
WBGene00046914.,0,0,0
WBGene00046915.,0,0,0
WBGene00046916.,0,0,0
WBGene00046917.,0,0,0
WBGene00046918.,0,0,0
WBGene00046919.,0,0,0
WBGene00046920.,0,0,0
WBGene00046921.,0,0,0
WBGene00046922.,0,0,0
WBGene00046923.,0,0,0
WBGene00046924.,0,0,0
WBGene00046925.,0,0,0
WBGene00046926.,0,0,0
WBGene00046927.,0,0,0
WBGene00046928.,0,0,0
WBGene00046929.,0,0,0
WBGene00046930.,0,0,0
WBGene00046931.,0,0,0
WBGene00046932.,0,0,0
WBGene00046933.,0,0,0
WBGene00046934.,0,0,0
WBGene00046935.,0,0,0
WBGene00046936.,0,0,0
WBGene00046937.,0,1,1
WBGene00046938.,0,0,0
WBGene00046939.,0,0,0
WBGene00046940.,0,0,0
WBGene00046941.,0,0,0
WBGene00046942.,0,0,0
WBGene00046943.,0,0,0
WBGene00046944.,0,0,0
WBGene00046945.,0,0,0
WBGene00046946.,0,0,0
WBGene00046947.,0,0,0
WBGene00046948.,0,0,0
WBGene00046949.,0,0,0
WBGene00046950.,0,1,1
WBGene00046951.,0,0,0
WBGene00046952.,0,0,0
WBGene00046953.,0,0,0
WBGene00046954.,0,0,0
WBGene00046955.,0,0,0
WBGene00046956.,0,0,0
WBGene00046957.,0,0,0
WBGene00046958.,0,0,0
WBGene00046959.,0,0,0
WBGene00046960.,0,0,0
WBGene00046961.,0,0,0
WBGene00046962.,0,0,0
WBGene00046963.,0,0,0
WBGene00046964.,0,0,0
WBGene00046965.,0,1,1
WBGene00046966.,0,0,0
WBGene00046967.,0,0,0
WBGene00046968.,0,0,0
WBGene00046969.,0,0,0
WBGene00046970.,0,0,0
WBGene00046971.,0,0,0
WBGene00046972.,0,0,0
WBGene00046973.,0,0,0
WBGene00046974.,0,0,0
WBGene00046975.,0,0,0
WBGene00046976.,0,0,0
WBGene00046977.,0,0,0
WBGene00046978.,0,0,0
WBGene00046979.,0,0,0
WBGene00046980.,0,0,0
WBGene00046981.,0,0,0
WBGene00046982.,0,0,0
WBGene00046983.,0,0,0
WBGene00046984.,0,0,0
WBGene00046985.,0,0,0
WBGene00046986.,0,0,0
WBGene00046987.,0,0,0
WBGene00046988.,0,0,0
WBGene00046989.,0,0,0
WBGene00046990.,0,0,0
WBGene00046991.,0,0,0
WBGene00046992.,0,1,1
WBGene00046993.,0,0,0
WBGene00046994.,0,0,0
WBGene00046995.,0,0,0
WBGene00046996.,0,0,0
WBGene00046997.,0,0,0
WBGene00046998.,0,0,0
WBGene00046999.,0,0,0
WBGene00047000.,0,0,0
WBGene00047001.,0,0,0
WBGene00047002.,0,0,0
WBGene00047003.,0,0,0
WBGene00047004.,0,0,0
WBGene00047005.,0,0,0
WBGene00047006.,0,0,0
WBGene00047007.,0,0,0
WBGene00047008.,0,0,0
WBGene00047009.,0,0,0
WBGene00047010.,0,0,0
WBGene00047011.,0,0,0
WBGene00047012.,0,0,0
WBGene00047013.,0,0,0
WBGene00047014.,0,0,0
WBGene00047015.,0,0,0
WBGene00047016.,0,0,0
WBGene00047017.,0,3,3
WBGene00047018.,0,0,0
WBGene00047019.,0,0,0
WBGene00047020.,0,0,0
WBGene00047021.,0,0,0
WBGene00047022.,0,0,0
WBGene00047023.,0,0,0
WBGene00047024.,0,0,0
WBGene00047025.,0,0,0
WBGene00047026.,0,0,0
WBGene00047027.,0,0,0
WBGene00047028.,0,0,0
WBGene00047029.,0,0,0
WBGene00047030.,0,0,0
WBGene00047031.,0,0,0
WBGene00047032.,0,0,0
WBGene00047033.,0,0,0
WBGene00047034.,0,0,0
WBGene00047035.,0,0,0
WBGene00047036.,0,0,0
WBGene00047037.,0,0,0
WBGene00047038.,0,4,4
WBGene00047039.,0,0,0
WBGene00047040.,0,0,0
WBGene00047041.,0,0,0
WBGene00047042.,0,0,0
WBGene00047043.,0,0,0
WBGene00047044.,0,17,17
WBGene00047045.,0,0,0
WBGene00047046.,0,0,0
WBGene00047047.,0,0,0
WBGene00047048.,0,0,0
WBGene00047049.,0,0,0
WBGene00047050.,0,0,0
WBGene00047051.,0,0,0
WBGene00047052.,0,0,0
WBGene00047053.,0,2,2
WBGene00047054.,0,0,0
WBGene00047055.,0,0,0
WBGene00047056.,0,0,0
WBGene00047057.,0,0,0
WBGene00047058.,0,0,0
WBGene00047059.,0,0,0
WBGene00047060.,0,0,0
WBGene00047061.,0,0,0
WBGene00047062.,0,0,0
WBGene00047063.,0,0,0
WBGene00047064.,0,0,0
WBGene00047065.,0,0,0
WBGene00047066.,0,0,0
WBGene00047067.,0,2,2
WBGene00047068.,0,0,0
WBGene00047069.,0,0,0
WBGene00047070.,0,0,0
WBGene00047071.,0,2,2
WBGene00047072.,0,0,0
WBGene00047073.,0,0,0
WBGene00047074.,0,0,0
WBGene00047075.,0,0,0
WBGene00047076.,0,0,0
WBGene00047077.,0,0,0
WBGene00047078.,0,1,1
WBGene00047079.,0,1,1
WBGene00047080.,0,0,0
WBGene00047081.,0,0,0
WBGene00047082.,0,0,0
WBGene00047083.,0,0,0
WBGene00047084.,0,6,6
WBGene00047085.,0,0,0
WBGene00047086.,0,0,0
WBGene00047087.,0,0,0
WBGene00047088.,0,0,0
WBGene00047089.,0,0,0
WBGene00047090.,0,0,0
WBGene00047091.,0,0,0
WBGene00047092.,0,1,1
WBGene00047093.,0,0,0
WBGene00047094.,0,0,0
WBGene00047095.,0,0,0
WBGene00047096.,0,0,0
WBGene00047097.,0,0,0
WBGene00047098.,0,2,2
WBGene00047099.,0,0,0
WBGene00047100.,0,1,1
WBGene00047101.,0,0,0
WBGene00047102.,0,0,0
WBGene00047103.,0,0,0
WBGene00047104.,0,0,0
WBGene00047105.,0,1,1
WBGene00047106.,0,0,0
WBGene00047107.,0,0,0
WBGene00047108.,0,0,0
WBGene00047109.,0,0,0
WBGene00047110.,0,1,1
WBGene00047111.,0,0,0
WBGene00047112.,0,0,0
WBGene00047113.,0,0,0
WBGene00047114.,0,3,3
WBGene00047115.,0,0,0
WBGene00047116.,0,0,0
WBGene00047117.,0,1,1
WBGene00047118.,0,9,9
WBGene00047119.,0,0,0
WBGene00047120.,0,0,0
WBGene00047121.,0,0,0
WBGene00047122.,0,0,0
WBGene00047123.,0,0,0
WBGene00047124.,0,0,0
WBGene00047125.,0,0,0
WBGene00047126.,0,0,0
WBGene00047127.,0,0,0
WBGene00047128.,0,0,0
WBGene00047129.,0,0,0
WBGene00047130.,0,0,0
WBGene00047131.,0,0,0
WBGene00047132.,0,0,0
WBGene00047133.,0,0,0
WBGene00047134.,0,0,0
WBGene00047135.,0,0,0
WBGene00047136.,0,1,1
WBGene00047137.,0,0,0
WBGene00047138.,0,0,0
WBGene00047139.,0,0,0
WBGene00047140.,0,0,0
WBGene00047141.,0,13,13
WBGene00047142.,0,0,0
WBGene00047143.,0,0,0
WBGene00047144.,0,0,0
WBGene00047145.,0,0,0
WBGene00047146.,0,0,0
WBGene00047147.,0,0,0
WBGene00047148.,0,0,0
WBGene00047149.,0,0,0
WBGene00047150.,0,0,0
WBGene00047151.,0,0,0
WBGene00047152.,0,0,0
WBGene00047153.,0,0,0
WBGene00047154.,0,0,0
WBGene00047155.,0,2,2
WBGene00047156.,0,0,0
WBGene00047157.,0,0,0
WBGene00047158.,0,0,0
WBGene00047159.,0,0,0
WBGene00047160.,0,1,1
WBGene00047161.,0,0,0
WBGene00047162.,0,0,0
WBGene00047163.,0,0,0
WBGene00047164.,0,0,0
WBGene00047165.,0,0,0
WBGene00047166.,0,0,0
WBGene00047167.,0,0,0
WBGene00047168.,0,0,0
WBGene00047169.,0,0,0
WBGene00047170.,0,5,5
WBGene00047171.,0,0,0
WBGene00047172.,0,0,0
WBGene00047173.,0,0,0
WBGene00047174.,0,0,0
WBGene00047175.,0,0,0
WBGene00047176.,0,0,0
WBGene00047177.,0,0,0
WBGene00047178.,0,0,0
WBGene00047179.,0,0,0
WBGene00047180.,0,0,0
WBGene00047181.,0,0,0
WBGene00047182.,0,0,0
WBGene00047183.,0,0,0
WBGene00047184.,0,0,0
WBGene00047185.,0,0,0
WBGene00047186.,0,0,0
WBGene00047187.,0,0,0
WBGene00047188.,0,0,0
WBGene00047189.,0,0,0
WBGene00047190.,0,0,0
WBGene00047191.,0,0,0
WBGene00047192.,0,0,0
WBGene00047193.,0,0,0
WBGene00047194.,0,1,1
WBGene00047195.,0,0,0
WBGene00047196.,0,0,0
WBGene00047197.,0,0,0
WBGene00047198.,0,0,0
WBGene00047199.,0,0,0
WBGene00047200.,0,1,1
WBGene00047201.,0,0,0
WBGene00047202.,0,0,0
WBGene00047203.,0,0,0
WBGene00047204.,0,0,0
WBGene00047205.,0,0,0
WBGene00047206.,0,0,0
WBGene00047207.,0,0,0
WBGene00047208.,0,0,0
WBGene00047209.,0,0,0
WBGene00047210.,0,0,0
WBGene00047211.,0,0,0
WBGene00047212.,0,0,0
WBGene00047213.,0,0,0
WBGene00047214.,0,1,1
WBGene00047215.,0,0,0
WBGene00047216.,0,0,0
WBGene00047217.,0,0,0
WBGene00047218.,0,0,0
WBGene00047219.,0,0,0
WBGene00047220.,0,0,0
WBGene00047221.,0,0,0
WBGene00047222.,0,0,0
WBGene00047223.,0,0,0
WBGene00047224.,0,1,1
WBGene00047225.,0,0,0
WBGene00047226.,0,0,0
WBGene00047227.,0,0,0
WBGene00047228.,0,0,0
WBGene00047229.,0,0,0
WBGene00047230.,0,1,1
WBGene00047231.,0,0,0
WBGene00047232.,0,0,0
WBGene00047233.,0,0,0
WBGene00047234.,0,0,0
WBGene00047235.,0,0,0
WBGene00047236.,0,0,0
WBGene00047237.,0,0,0
WBGene00047238.,0,1,1
WBGene00047239.,0,0,0
WBGene00047240.,0,0,0
WBGene00047241.,0,0,0
WBGene00047242.,0,0,0
WBGene00047243.,0,0,0
WBGene00047244.,0,0,0
WBGene00047245.,0,0,0
WBGene00047246.,0,1,1
WBGene00047247.,0,0,0
WBGene00047248.,0,0,0
WBGene00047249.,0,0,0
WBGene00047250.,0,0,0
WBGene00047251.,0,0,0
WBGene00047252.,0,0,0
WBGene00047253.,0,0,0
WBGene00047254.,0,0,0
WBGene00047255.,0,0,0
WBGene00047256.,0,1,1
WBGene00047257.,0,0,0
WBGene00047258.,0,0,0
WBGene00047259.,0,0,0
WBGene00047260.,0,0,0
WBGene00047261.,0,0,0
WBGene00047262.,0,0,0
WBGene00047263.,0,0,0
WBGene00047264.,0,0,0
WBGene00047265.,0,0,0
WBGene00047266.,0,0,0
WBGene00047267.,0,0,0
WBGene00047268.,0,0,0
WBGene00047269.,0,0,0
WBGene00047270.,0,0,0
WBGene00047271.,0,0,0
WBGene00047272.,0,0,0
WBGene00047273.,0,0,0
WBGene00047274.,0,0,0
WBGene00047275.,0,0,0
WBGene00047276.,0,1,1
WBGene00047277.,0,0,0
WBGene00047278.,0,0,0
WBGene00047279.,0,2,2
WBGene00047280.,0,0,0
WBGene00047281.,0,1,1
WBGene00047282.,0,0,0
WBGene00047283.,0,0,0
WBGene00047284.,0,0,0
WBGene00047285.,0,0,0
WBGene00047286.,0,0,0
WBGene00047287.,0,0,0
WBGene00047288.,0,0,0
WBGene00047289.,0,1,1
WBGene00047290.,0,0,0
WBGene00047291.,0,0,0
WBGene00047292.,0,0,0
WBGene00047293.,0,0,0
WBGene00047294.,0,0,0
WBGene00047295.,0,0,0
WBGene00047296.,0,0,0
WBGene00047297.,0,2,2
WBGene00047298.,0,0,0
WBGene00047299.,0,0,0
WBGene00047300.,0,0,0
WBGene00047301.,0,0,0
WBGene00047302.,0,1,1
WBGene00047303.,0,0,0
WBGene00047304.,0,2,2
WBGene00047305.,0,0,0
WBGene00047306.,0,0,0
WBGene00047307.,0,0,0
WBGene00047308.,0,0,0
WBGene00047309.,0,0,0
WBGene00047310.,0,0,0
WBGene00047311.,0,0,0
WBGene00047312.,0,4,4
WBGene00047313.,0,0,0
WBGene00047314.,0,0,0
WBGene00047315.,0,0,0
WBGene00047316.,0,0,0
WBGene00047317.,0,0,0
WBGene00047318.,0,0,0
WBGene00047319.,0,0,0
WBGene00047320.,0,0,0
WBGene00047321.,0,0,0
WBGene00047322.,0,0,0
WBGene00047323.,0,0,0
WBGene00047324.,0,0,0
WBGene00047325.,0,0,0
WBGene00047326.,0,0,0
WBGene00047327.,0,0,0
WBGene00047328.,0,0,0
WBGene00047329.,0,1,1
WBGene00047330.,0,0,0
WBGene00047331.,0,0,0
WBGene00047332.,0,0,0
WBGene00047333.,0,0,0
WBGene00047334.,0,0,0
WBGene00047335.,0,0,0
WBGene00047336.,0,0,0
WBGene00047337.,0,0,0
WBGene00047338.,0,0,0
WBGene00047339.,0,13,13
WBGene00047340.,0,0,0
WBGene00047341.,0,0,0
WBGene00047342.,0,0,0
WBGene00047343.,0,0,0
WBGene00047344.,0,0,0
WBGene00047345.,0,1,1
WBGene00047346.,0,0,0
WBGene00047347.,0,0,0
WBGene00047348.,0,0,0
WBGene00047349.,0,0,0
WBGene00047350.,0,0,0
WBGene00047351.,0,0,0
WBGene00047352.,0,0,0
WBGene00047353.,0,0,0
WBGene00047354.,0,0,0
WBGene00047355.,0,0,0
WBGene00047356.,0,0,0
WBGene00047357.,0,0,0
WBGene00047358.,0,0,0
WBGene00047359.,0,0,0
WBGene00047360.,0,0,0
WBGene00047361.,0,0,0
WBGene00047362.,0,0,0
WBGene00047363.,0,0,0
WBGene00047364.,0,0,0
WBGene00047365.,0,0,0
WBGene00047366.,0,0,0
WBGene00047367.,0,0,0
WBGene00047368.,0,0,0
WBGene00047369.,0,0,0
WBGene00047370.,0,0,0
WBGene00047371.,0,0,0
WBGene00047372.,0,0,0
WBGene00047373.,0,0,0
WBGene00047374.,0,0,0
WBGene00047375.,0,0,0
WBGene00047376.,0,0,0
WBGene00047377.,0,0,0
WBGene00047378.,0,4,4
WBGene00047379.,0,0,0
WBGene00047380.,0,2,2
WBGene00047381.,0,0,0
WBGene00047382.,0,0,0
WBGene00047383.,0,0,0
WBGene00047384.,0,0,0
WBGene00047385.,0,0,0
WBGene00047386.,0,0,0
WBGene00047387.,0,0,0
WBGene00047388.,0,0,0
WBGene00047389.,0,0,0
WBGene00047390.,0,0,0
WBGene00047391.,0,0,0
WBGene00047392.,0,0,0
WBGene00047393.,0,0,0
WBGene00047394.,0,0,0
WBGene00047395.,0,0,0
WBGene00047396.,0,0,0
WBGene00047397.,0,0,0
WBGene00047398.,0,0,0
WBGene00047399.,0,0,0
WBGene00047400.,0,0,0
WBGene00047401.,0,0,0
WBGene00047402.,0,0,0
WBGene00047403.,0,1,1
WBGene00047404.,0,0,0
WBGene00047405.,0,0,0
WBGene00047406.,0,0,0
WBGene00047407.,0,5,5
WBGene00047408.,0,0,0
WBGene00047409.,0,0,0
WBGene00047410.,0,0,0
WBGene00047411.,0,9,9
WBGene00047412.,0,0,0
WBGene00047413.,0,0,0
WBGene00047414.,0,0,0
WBGene00047415.,0,0,0
WBGene00047416.,0,0,0
WBGene00047417.,0,0,0
WBGene00047418.,0,0,0
WBGene00047419.,0,0,0
WBGene00047420.,0,0,0
WBGene00047421.,0,0,0
WBGene00047422.,0,0,0
WBGene00047423.,0,0,0
WBGene00047424.,0,0,0
WBGene00047425.,0,0,0
WBGene00047426.,0,0,0
WBGene00047427.,0,0,0
WBGene00047428.,0,0,0
WBGene00047429.,0,0,0
WBGene00047430.,0,0,0
WBGene00047431.,0,1,1
WBGene00047432.,0,0,0
WBGene00047433.,0,0,0
WBGene00047434.,0,0,0
WBGene00047435.,0,0,0
WBGene00047436.,0,0,0
WBGene00047437.,0,0,0
WBGene00047438.,0,0,0
WBGene00047439.,0,0,0
WBGene00047440.,0,0,0
WBGene00047441.,0,0,0
WBGene00047442.,0,0,0
WBGene00047443.,0,0,0
WBGene00047444.,0,0,0
WBGene00047445.,0,0,0
WBGene00047446.,0,0,0
WBGene00047447.,0,0,0
WBGene00047448.,0,0,0
WBGene00047449.,0,0,0
WBGene00047450.,0,0,0
WBGene00047451.,0,0,0
WBGene00047452.,0,0,0
WBGene00047453.,0,0,0
WBGene00047454.,0,0,0
WBGene00047455.,0,0,0
WBGene00047456.,0,0,0
WBGene00047457.,0,0,0
WBGene00047458.,0,0,0
WBGene00047459.,0,0,0
WBGene00047460.,0,0,0
WBGene00047461.,0,0,0
WBGene00047462.,0,1,1
WBGene00047463.,0,0,0
WBGene00047464.,0,0,0
WBGene00047465.,0,0,0
WBGene00047466.,0,0,0
WBGene00047467.,0,1,1
WBGene00047468.,0,0,0
WBGene00047469.,0,0,0
WBGene00047470.,0,0,0
WBGene00047471.,0,0,0
WBGene00047472.,0,0,0
WBGene00047473.,0,0,0
WBGene00047474.,0,0,0
WBGene00047475.,0,0,0
WBGene00047476.,0,0,0
WBGene00047477.,0,0,0
WBGene00047478.,0,0,0
WBGene00047479.,0,1,1
WBGene00047480.,0,0,0
WBGene00047481.,0,0,0
WBGene00047482.,0,0,0
WBGene00047483.,0,0,0
WBGene00047484.,0,0,0
WBGene00047485.,0,0,0
WBGene00047486.,0,0,0
WBGene00047487.,0,0,0
WBGene00047488.,0,0,0
WBGene00047489.,0,0,0
WBGene00047490.,0,0,0
WBGene00047491.,0,0,0
WBGene00047492.,0,0,0
WBGene00047493.,0,0,0
WBGene00047494.,0,0,0
WBGene00047495.,0,0,0
WBGene00047496.,0,0,0
WBGene00047497.,0,0,0
WBGene00047498.,0,2,2
WBGene00047499.,0,0,0
WBGene00047500.,0,0,0
WBGene00047501.,0,0,0
WBGene00047502.,0,0,0
WBGene00047503.,0,0,0
WBGene00047504.,0,1,1
WBGene00047505.,0,0,0
WBGene00047506.,0,0,0
WBGene00047507.,0,0,0
WBGene00047508.,0,0,0
WBGene00047509.,0,0,0
WBGene00047510.,0,1,1
WBGene00047511.,0,0,0
WBGene00047512.,0,0,0
WBGene00047513.,0,0,0
WBGene00047514.,0,2,2
WBGene00047515.,0,0,0
WBGene00047516.,0,1,1
WBGene00047517.,0,0,0
WBGene00047518.,0,0,0
WBGene00047519.,0,0,0
WBGene00047520.,0,0,0
WBGene00047521.,0,0,0
WBGene00047522.,0,0,0
WBGene00047523.,0,0,0
WBGene00047524.,0,0,0
WBGene00047525.,0,0,0
WBGene00047526.,0,0,0
WBGene00047527.,0,0,0
WBGene00047528.,0,0,0
WBGene00047529.,0,1,1
WBGene00047530.,0,0,0
WBGene00047531.,0,0,0
WBGene00047532.,0,0,0
WBGene00047533.,0,1,1
WBGene00047534.,0,0,0
WBGene00047535.,0,0,0
WBGene00047536.,0,0,0
WBGene00047537.,0,0,0
WBGene00047538.,0,0,0
WBGene00047539.,0,0,0
WBGene00047540.,0,0,0
WBGene00047541.,0,0,0
WBGene00047542.,0,0,0
WBGene00047543.,0,0,0
WBGene00047544.,0,0,0
WBGene00047545.,0,0,0
WBGene00047546.,0,0,0
WBGene00047547.,0,0,0
WBGene00047548.,0,0,0
WBGene00047549.,0,0,0
WBGene00047550.,0,0,0
WBGene00047551.,0,1,1
WBGene00047552.,0,0,0
WBGene00047553.,0,0,0
WBGene00047554.,0,0,0
WBGene00047555.,0,0,0
WBGene00047556.,0,0,0
WBGene00047557.,0,0,0
WBGene00047558.,0,0,0
WBGene00047559.,0,0,0
WBGene00047560.,0,1,1
WBGene00047561.,0,0,0
WBGene00047562.,0,0,0
WBGene00047563.,0,0,0
WBGene00047564.,0,0,0
WBGene00047565.,0,0,0
WBGene00047566.,0,0,0
WBGene00047567.,0,0,0
WBGene00047568.,0,0,0
WBGene00047569.,0,0,0
WBGene00047570.,0,0,0
WBGene00047571.,0,0,0
WBGene00047572.,0,0,0
WBGene00047573.,0,0,0
WBGene00047574.,0,0,0
WBGene00047575.,0,0,0
WBGene00047576.,0,0,0
WBGene00047577.,0,0,0
WBGene00047578.,0,0,0
WBGene00047579.,0,0,0
WBGene00047580.,0,0,0
WBGene00047581.,0,0,0
WBGene00047582.,0,0,0
WBGene00047583.,0,0,0
WBGene00047584.,0,0,0
WBGene00047585.,0,1,1
WBGene00047586.,0,0,0
WBGene00047587.,0,0,0
WBGene00047588.,0,0,0
WBGene00047589.,0,0,0
WBGene00047590.,0,0,0
WBGene00047591.,0,0,0
WBGene00047592.,0,0,0
WBGene00047593.,0,0,0
WBGene00047594.,0,0,0
WBGene00047595.,0,1,1
WBGene00047596.,0,0,0
WBGene00047597.,0,0,0
WBGene00047598.,0,0,0
WBGene00047599.,0,0,0
WBGene00047600.,0,0,0
WBGene00047601.,0,1,1
WBGene00047602.,0,0,0
WBGene00047603.,0,0,0
WBGene00047604.,0,0,0
WBGene00047605.,0,0,0
WBGene00047606.,0,0,0
WBGene00047607.,0,0,0
WBGene00047608.,0,0,0
WBGene00047609.,0,5,5
WBGene00047610.,0,0,0
WBGene00047611.,0,0,0
WBGene00047612.,0,0,0
WBGene00047613.,0,0,0
WBGene00047614.,0,0,0
WBGene00047615.,0,0,0
WBGene00047616.,0,0,0
WBGene00047617.,0,0,0
WBGene00047618.,0,0,0
WBGene00047619.,0,0,0
WBGene00047620.,0,0,0
WBGene00047621.,0,0,0
WBGene00047622.,0,1,1
WBGene00047623.,0,0,0
WBGene00047624.,0,0,0
WBGene00047625.,0,0,0
WBGene00047626.,0,0,0
WBGene00047627.,0,0,0
WBGene00047628.,0,0,0
WBGene00047629.,0,0,0
WBGene00047630.,0,0,0
WBGene00047631.,0,0,0
WBGene00047632.,0,0,0
WBGene00047633.,0,0,0
WBGene00047634.,0,0,0
WBGene00047635.,0,0,0
WBGene00047636.,0,0,0
WBGene00047637.,0,0,0
WBGene00047638.,0,0,0
WBGene00047639.,0,0,0
WBGene00047640.,0,0,0
WBGene00047641.,0,0,0
WBGene00047642.,0,0,0
WBGene00047643.,0,0,0
WBGene00047644.,0,0,0
WBGene00047645.,0,0,0
WBGene00047646.,0,0,0
WBGene00047647.,0,0,0
WBGene00047648.,0,0,0
WBGene00047649.,0,0,0
WBGene00047650.,0,0,0
WBGene00047651.,0,0,0
WBGene00047652.,0,0,0
WBGene00047653.,0,0,0
WBGene00047654.,0,0,0
WBGene00047655.,0,1,1
WBGene00047656.,0,0,0
WBGene00047657.,0,0,0
WBGene00047658.,0,0,0
WBGene00047659.,0,0,0
WBGene00047660.,0,0,0
WBGene00047661.,0,0,0
WBGene00047662.,0,0,0
WBGene00047663.,0,0,0
WBGene00047664.,0,0,0
WBGene00047665.,0,0,0
WBGene00047666.,0,0,0
WBGene00047667.,0,0,0
WBGene00047668.,0,0,0
WBGene00047669.,0,0,0
WBGene00047670.,0,0,0
WBGene00047671.,0,0,0
WBGene00047672.,0,0,0
WBGene00047673.,0,1,1
WBGene00047674.,0,0,0
WBGene00047675.,0,0,0
WBGene00047676.,0,0,0
WBGene00047677.,0,0,0
WBGene00047678.,0,0,0
WBGene00047679.,0,0,0
WBGene00047680.,0,0,0
WBGene00047681.,0,0,0
WBGene00047682.,0,0,0
WBGene00047683.,0,1,1
WBGene00047684.,0,0,0
WBGene00047685.,0,0,0
WBGene00047686.,0,0,0
WBGene00047687.,0,0,0
WBGene00047688.,0,1,1
WBGene00047689.,0,0,0
WBGene00047690.,0,3,3
WBGene00047691.,0,1,1
WBGene00047692.,0,0,0
WBGene00047693.,0,0,0
WBGene00047694.,0,0,0
WBGene00047695.,0,6,6
WBGene00047696.,0,0,0
WBGene00047697.,0,3,3
WBGene00047698.,0,0,0
WBGene00047699.,0,0,0
WBGene00047700.,0,0,0
WBGene00047701.,0,0,0
WBGene00047702.,0,0,0
WBGene00047703.,0,2,2
WBGene00047704.,0,0,0
WBGene00047705.,0,0,0
WBGene00047706.,0,0,0
WBGene00047707.,0,0,0
WBGene00047708.,0,0,0
WBGene00047709.,0,0,0
WBGene00047710.,0,0,0
WBGene00047711.,0,0,0
WBGene00047712.,0,0,0
WBGene00047713.,0,0,0
WBGene00047714.,0,0,0
WBGene00047715.,0,0,0
WBGene00047716.,0,0,0
WBGene00047717.,0,0,0
WBGene00047718.,0,0,0
WBGene00047719.,0,0,0
WBGene00047720.,0,0,0
WBGene00047721.,0,0,0
WBGene00047722.,0,0,0
WBGene00047723.,0,2,2
WBGene00047724.,0,0,0
WBGene00047725.,0,0,0
WBGene00047726.,0,0,0
WBGene00047727.,0,0,0
WBGene00047728.,0,0,0
WBGene00047729.,0,0,0
WBGene00047730.,0,0,0
WBGene00047731.,0,0,0
WBGene00047732.,0,0,0
WBGene00047733.,0,0,0
WBGene00047734.,0,0,0
WBGene00047735.,0,0,0
WBGene00047736.,0,0,0
WBGene00047737.,0,0,0
WBGene00047738.,0,0,0
WBGene00047739.,0,0,0
WBGene00047740.,0,0,0
WBGene00047741.,0,0,0
WBGene00047742.,0,0,0
WBGene00047743.,0,0,0
WBGene00047744.,0,0,0
WBGene00047745.,0,0,0
WBGene00047746.,0,0,0
WBGene00047747.,0,0,0
WBGene00047748.,0,0,0
WBGene00047749.,0,0,0
WBGene00047750.,0,1,1
WBGene00047751.,0,0,0
WBGene00047752.,0,0,0
WBGene00047753.,0,0,0
WBGene00047754.,0,0,0
WBGene00047755.,0,0,0
WBGene00047756.,0,19,19
WBGene00047757.,0,0,0
WBGene00047758.,0,1,1
WBGene00047759.,0,1,1
WBGene00047760.,0,0,0
WBGene00047761.,0,0,0
WBGene00047762.,0,0,0
WBGene00047763.,0,3,3
WBGene00047764.,0,0,0
WBGene00047765.,0,0,0
WBGene00047766.,0,0,0
WBGene00047767.,0,0,0
WBGene00047768.,0,0,0
WBGene00047769.,0,0,0
WBGene00047770.,0,0,0
WBGene00047771.,0,0,0
WBGene00047772.,0,0,0
WBGene00047773.,0,0,0
WBGene00047774.,0,0,0
WBGene00047775.,0,0,0
WBGene00047776.,0,0,0
WBGene00047777.,0,0,0
WBGene00047778.,0,0,0
WBGene00047779.,0,0,0
WBGene00047780.,0,0,0
WBGene00047781.,0,0,0
WBGene00047782.,0,0,0
WBGene00047783.,0,0,0
WBGene00047784.,0,0,0
WBGene00047785.,0,0,0
WBGene00047786.,0,0,0
WBGene00047787.,0,0,0
WBGene00047788.,0,0,0
WBGene00047789.,0,0,0
WBGene00047790.,0,0,0
WBGene00047791.,0,0,0
WBGene00047792.,0,0,0
WBGene00047793.,0,0,0
WBGene00047794.,0,0,0
WBGene00047795.,0,0,0
WBGene00047796.,0,0,0
WBGene00047797.,0,0,0
WBGene00047798.,0,0,0
WBGene00047799.,0,0,0
WBGene00047800.,0,0,0
WBGene00047801.,0,0,0
WBGene00047802.,0,0,0
WBGene00047803.,0,6,6
WBGene00047804.,0,0,0
WBGene00047805.,0,2,2
WBGene00047806.,0,0,0
WBGene00047807.,0,0,0
WBGene00047808.,0,4,4
WBGene00047809.,0,0,0
WBGene00047810.,0,0,0
WBGene00047811.,0,0,0
WBGene00047812.,0,0,0
WBGene00047813.,0,0,0
WBGene00047814.,0,0,0
WBGene00047815.,0,0,0
WBGene00047816.,0,0,0
WBGene00047817.,0,0,0
WBGene00047818.,0,0,0
WBGene00047819.,0,0,0
WBGene00047820.,0,0,0
WBGene00047821.,0,0,0
WBGene00047822.,0,0,0
WBGene00047823.,0,0,0
WBGene00047824.,0,0,0
WBGene00047825.,0,0,0
WBGene00047826.,0,0,0
WBGene00047827.,0,0,0
WBGene00047828.,0,0,0
WBGene00047829.,0,0,0
WBGene00047830.,0,0,0
WBGene00047831.,0,0,0
WBGene00047832.,0,0,0
WBGene00047833.,0,0,0
WBGene00047834.,0,0,0
WBGene00047835.,0,0,0
WBGene00047836.,0,1,1
WBGene00047837.,0,0,0
WBGene00047838.,0,0,0
WBGene00047839.,0,0,0
WBGene00047840.,0,0,0
WBGene00047841.,0,0,0
WBGene00047842.,0,0,0
WBGene00047843.,0,4,4
WBGene00047844.,0,0,0
WBGene00047845.,0,0,0
WBGene00047846.,0,4,4
WBGene00047847.,0,0,0
WBGene00047848.,0,0,0
WBGene00047849.,0,0,0
WBGene00047850.,0,0,0
WBGene00047851.,0,0,0
WBGene00047852.,0,0,0
WBGene00047853.,0,1,1
WBGene00047854.,0,0,0
WBGene00047855.,0,0,0
WBGene00047856.,0,0,0
WBGene00047857.,0,0,0
WBGene00047858.,0,0,0
WBGene00047859.,0,0,0
WBGene00047860.,0,0,0
WBGene00047861.,0,0,0
WBGene00047862.,0,0,0
WBGene00047863.,0,0,0
WBGene00047864.,0,0,0
WBGene00047865.,0,0,0
WBGene00047866.,0,0,0
WBGene00047867.,0,0,0
WBGene00047868.,0,0,0
WBGene00047869.,0,0,0
WBGene00047870.,0,0,0
WBGene00047871.,0,0,0
WBGene00047872.,0,0,0
WBGene00047873.,0,0,0
WBGene00047874.,0,0,0
WBGene00047875.,0,0,0
WBGene00047876.,0,0,0
WBGene00047877.,0,0,0
WBGene00047878.,0,0,0
WBGene00047879.,0,0,0
WBGene00047880.,0,0,0
WBGene00047881.,0,0,0
WBGene00047882.,0,0,0
WBGene00047883.,0,1,1
WBGene00047884.,0,0,0
WBGene00047885.,0,0,0
WBGene00047886.,0,0,0
WBGene00047887.,0,1,1
WBGene00047888.,0,0,0
WBGene00047889.,0,0,0
WBGene00047890.,0,0,0
WBGene00047891.,0,0,0
WBGene00047892.,0,1,1
WBGene00047893.,0,0,0
WBGene00047894.,0,0,0
WBGene00047895.,0,0,0
WBGene00047896.,0,0,0
WBGene00047897.,0,0,0
WBGene00047898.,0,0,0
WBGene00047899.,0,0,0
WBGene00047900.,0,0,0
WBGene00047901.,0,0,0
WBGene00047902.,0,0,0
WBGene00047903.,0,0,0
WBGene00047905.,0,0,0
WBGene00047906.,0,0,0
WBGene00047907.,0,0,0
WBGene00047908.,0,0,0
WBGene00047909.,0,0,0
WBGene00047910.,0,0,0
WBGene00047911.,0,0,0
WBGene00047912.,0,0,0
WBGene00047913.,0,0,0
WBGene00047914.,0,0,0
WBGene00047915.,0,0,0
WBGene00047916.,0,7,7
WBGene00047917.,0,0,0
WBGene00047918.,0,0,0
WBGene00047919.,0,0,0
WBGene00047920.,0,0,0
WBGene00047921.,0,0,0
WBGene00047922.,0,0,0
WBGene00047923.,0,0,0
WBGene00047924.,0,0,0
WBGene00047925.,0,0,0
WBGene00047926.,0,0,0
WBGene00047927.,0,4,4
WBGene00047928.,0,0,0
WBGene00047929.,0,0,0
WBGene00047930.,0,3,3
WBGene00047931.,0,1,1
WBGene00047932.,0,0,0
WBGene00047933.,0,0,0
WBGene00047934.,0,0,0
WBGene00047935.,0,0,0
WBGene00047936.,0,0,0
WBGene00047937.,0,0,0
WBGene00047938.,0,0,0
WBGene00047939.,0,0,0
WBGene00047940.,0,0,0
WBGene00047941.,0,0,0
WBGene00047942.,0,0,0
WBGene00047943.,0,0,0
WBGene00047944.,0,0,0
WBGene00047945.,0,0,0
WBGene00047946.,0,0,0
WBGene00047947.,0,0,0
WBGene00047948.,0,0,0
WBGene00047949.,0,0,0
WBGene00047950.,0,0,0
WBGene00047951.,0,0,0
WBGene00047952.,0,0,0
WBGene00047953.,0,1,1
WBGene00047954.,0,0,0
WBGene00047955.,0,0,0
WBGene00047956.,0,0,0
WBGene00047957.,0,0,0
WBGene00047958.,0,0,0
WBGene00047959.,0,0,0
WBGene00047960.,0,0,0
WBGene00047961.,0,0,0
WBGene00047962.,0,0,0
WBGene00047963.,0,0,0
WBGene00047964.,0,0,0
WBGene00047965.,0,0,0
WBGene00047966.,0,0,0
WBGene00047967.,0,1,1
WBGene00047968.,0,1,1
WBGene00047969.,0,0,0
WBGene00047970.,0,0,0
WBGene00047971.,0,0,0
WBGene00047972.,0,0,0
WBGene00047973.,0,0,0
WBGene00047974.,0,0,0
WBGene00047975.,0,0,0
WBGene00047976.,0,0,0
WBGene00047977.,0,0,0
WBGene00047978.,0,0,0
WBGene00047979.,0,0,0
WBGene00047980.,0,0,0
WBGene00047981.,0,0,0
WBGene00047982.,0,0,0
WBGene00047983.,0,0,0
WBGene00047984.,0,0,0
WBGene00047985.,0,0,0
WBGene00047986.,0,0,0
WBGene00047987.,0,0,0
WBGene00047988.,0,0,0
WBGene00047989.,0,0,0
WBGene00047990.,0,0,0
WBGene00047991.,0,0,0
WBGene00047992.,0,0,0
WBGene00047993.,0,0,0
WBGene00047994.,0,0,0
WBGene00047995.,0,0,0
WBGene00047996.,0,0,0
WBGene00047997.,0,0,0
WBGene00047998.,0,0,0
WBGene00047999.,0,0,0
WBGene00048000.,0,0,0
WBGene00048001.,0,0,0
WBGene00048002.,0,0,0
WBGene00048003.,0,1,1
WBGene00048004.,0,0,0
WBGene00048005.,0,0,0
WBGene00048006.,0,0,0
WBGene00048007.,0,0,0
WBGene00048008.,0,0,0
WBGene00048009.,0,0,0
WBGene00048010.,0,0,0
WBGene00048011.,0,0,0
WBGene00048012.,0,0,0
WBGene00048013.,0,0,0
WBGene00048014.,0,0,0
WBGene00048015.,0,0,0
WBGene00048016.,0,1,1
WBGene00048017.,0,0,0
WBGene00048018.,0,0,0
WBGene00048019.,0,0,0
WBGene00048020.,0,0,0
WBGene00048021.,0,0,0
WBGene00048022.,0,0,0
WBGene00048023.,0,0,0
WBGene00048024.,0,0,0
WBGene00048025.,0,0,0
WBGene00048026.,0,0,0
WBGene00048027.,0,1,1
WBGene00048028.,0,1,1
WBGene00048029.,0,0,0
WBGene00048030.,0,0,0
WBGene00048031.,0,0,0
WBGene00048032.,0,0,0
WBGene00048033.,0,0,0
WBGene00048034.,0,0,0
WBGene00048035.,0,0,0
WBGene00048036.,0,0,0
WBGene00048037.,0,0,0
WBGene00048038.,0,0,0
WBGene00048039.,0,0,0
WBGene00048040.,0,0,0
WBGene00048041.,0,0,0
WBGene00048042.,0,0,0
WBGene00048043.,0,0,0
WBGene00048044.,0,0,0
WBGene00048045.,0,0,0
WBGene00048046.,0,0,0
WBGene00048047.,0,0,0
WBGene00048048.,0,0,0
WBGene00048049.,0,0,0
WBGene00048050.,0,0,0
WBGene00048051.,0,0,0
WBGene00048052.,0,0,0
WBGene00048053.,0,0,0
WBGene00048054.,0,0,0
WBGene00048055.,0,0,0
WBGene00048056.,0,0,0
WBGene00048057.,0,0,0
WBGene00048058.,0,0,0
WBGene00048059.,0,0,0
WBGene00048060.,0,0,0
WBGene00048061.,0,0,0
WBGene00048062.,0,0,0
WBGene00048063.,0,0,0
WBGene00048064.,0,0,0
WBGene00048065.,0,0,0
WBGene00048066.,0,0,0
WBGene00048067.,0,0,0
WBGene00048068.,0,0,0
WBGene00048069.,0,0,0
WBGene00048070.,0,0,0
WBGene00048071.,0,0,0
WBGene00048072.,0,0,0
WBGene00048073.,0,0,0
WBGene00048074.,0,0,0
WBGene00048075.,0,0,0
WBGene00048076.,0,0,0
WBGene00048077.,0,0,0
WBGene00048078.,0,0,0
WBGene00048079.,0,0,0
WBGene00048080.,0,0,0
WBGene00048081.,0,0,0
WBGene00048082.,0,0,0
WBGene00048083.,0,0,0
WBGene00048084.,0,0,0
WBGene00048085.,0,0,0
WBGene00048086.,0,0,0
WBGene00048087.,0,0,0
WBGene00048088.,0,0,0
WBGene00048089.,0,0,0
WBGene00048090.,0,0,0
WBGene00048091.,0,0,0
WBGene00048092.,0,0,0
WBGene00048093.,0,0,0
WBGene00048094.,0,0,0
WBGene00048095.,0,0,0
WBGene00048096.,0,0,0
WBGene00048097.,0,1,1
WBGene00048098.,0,0,0
WBGene00048099.,0,0,0
WBGene00048100.,0,0,0
WBGene00048101.,0,0,0
WBGene00048102.,0,0,0
WBGene00048103.,0,0,0
WBGene00048104.,0,0,0
WBGene00048105.,0,0,0
WBGene00048106.,0,0,0
WBGene00048107.,0,0,0
WBGene00048108.,0,0,0
WBGene00048109.,0,0,0
WBGene00048110.,0,0,0
WBGene00048111.,0,0,0
WBGene00048112.,0,0,0
WBGene00048113.,0,0,0
WBGene00048114.,0,0,0
WBGene00048115.,0,0,0
WBGene00048116.,0,0,0
WBGene00048117.,0,0,0
WBGene00048118.,0,2,2
WBGene00048119.,0,0,0
WBGene00048120.,0,0,0
WBGene00048121.,0,0,0
WBGene00048122.,0,0,0
WBGene00048123.,0,0,0
WBGene00048124.,0,0,0
WBGene00048125.,0,0,0
WBGene00048126.,0,0,0
WBGene00048127.,0,0,0
WBGene00048128.,0,1,1
WBGene00048129.,0,0,0
WBGene00048130.,0,0,0
WBGene00048131.,0,0,0
WBGene00048132.,0,0,0
WBGene00048133.,0,0,0
WBGene00048134.,0,0,0
WBGene00048135.,0,0,0
WBGene00048136.,0,0,0
WBGene00048137.,0,0,0
WBGene00048138.,0,0,0
WBGene00048139.,0,0,0
WBGene00048140.,0,0,0
WBGene00048141.,0,0,0
WBGene00048142.,0,0,0
WBGene00048143.,0,0,0
WBGene00048144.,0,0,0
WBGene00048145.,0,0,0
WBGene00048146.,0,0,0
WBGene00048147.,0,0,0
WBGene00048148.,0,0,0
WBGene00048149.,0,0,0
WBGene00048150.,0,0,0
WBGene00048151.,0,0,0
WBGene00048152.,0,0,0
WBGene00048153.,0,0,0
WBGene00048154.,0,0,0
WBGene00048155.,0,0,0
WBGene00048156.,0,0,0
WBGene00048157.,0,0,0
WBGene00048158.,0,0,0
WBGene00048159.,0,0,0
WBGene00048160.,0,0,0
WBGene00048161.,0,0,0
WBGene00048162.,0,0,0
WBGene00048163.,0,0,0
WBGene00048164.,0,0,0
WBGene00048165.,0,0,0
WBGene00048166.,0,2,2
WBGene00048167.,0,0,0
WBGene00048168.,0,0,0
WBGene00048169.,0,3,3
WBGene00048170.,0,0,0
WBGene00048171.,0,0,0
WBGene00048172.,0,0,0
WBGene00048173.,0,0,0
WBGene00048174.,0,0,0
WBGene00048175.,0,0,0
WBGene00048176.,0,0,0
WBGene00048177.,0,0,0
WBGene00048178.,0,0,0
WBGene00048179.,0,0,0
WBGene00048180.,0,0,0
WBGene00048181.,0,0,0
WBGene00048182.,0,0,0
WBGene00048183.,0,0,0
WBGene00048184.,0,0,0
WBGene00048185.,0,0,0
WBGene00048186.,0,0,0
WBGene00048187.,0,0,0
WBGene00048188.,0,0,0
WBGene00048189.,0,0,0
WBGene00048190.,0,0,0
WBGene00048191.,0,0,0
WBGene00048192.,0,0,0
WBGene00048193.,0,0,0
WBGene00048194.,0,0,0
WBGene00048195.,0,1,1
WBGene00048196.,0,0,0
WBGene00048197.,0,0,0
WBGene00048198.,0,0,0
WBGene00048199.,0,0,0
WBGene00048200.,0,0,0
WBGene00048201.,0,0,0
WBGene00048202.,0,0,0
WBGene00048203.,0,0,0
WBGene00048204.,0,0,0
WBGene00048205.,0,0,0
WBGene00048206.,0,0,0
WBGene00048207.,0,0,0
WBGene00048208.,0,0,0
WBGene00048209.,0,0,0
WBGene00048210.,0,1,1
WBGene00048211.,0,0,0
WBGene00048212.,0,0,0
WBGene00048213.,0,0,0
WBGene00048214.,0,0,0
WBGene00048215.,0,0,0
WBGene00048216.,0,0,0
WBGene00048217.,0,0,0
WBGene00048218.,0,1,1
WBGene00048219.,0,0,0
WBGene00048220.,0,0,0
WBGene00048221.,0,7,7
WBGene00048222.,0,0,0
WBGene00048223.,0,0,0
WBGene00048224.,0,3,3
WBGene00048225.,0,0,0
WBGene00048226.,0,0,0
WBGene00048227.,0,0,0
WBGene00048228.,0,0,0
WBGene00048229.,0,0,0
WBGene00048230.,0,0,0
WBGene00048231.,0,0,0
WBGene00048232.,0,0,0
WBGene00048233.,0,2,2
WBGene00048234.,0,0,0
WBGene00048235.,0,0,0
WBGene00048236.,0,0,0
WBGene00048237.,0,0,0
WBGene00048238.,0,0,0
WBGene00048239.,0,0,0
WBGene00048240.,0,0,0
WBGene00048241.,0,0,0
WBGene00048242.,0,0,0
WBGene00048243.,0,0,0
WBGene00048244.,0,0,0
WBGene00048245.,0,0,0
WBGene00048246.,0,1,1
WBGene00048247.,0,0,0
WBGene00048248.,0,0,0
WBGene00048249.,0,0,0
WBGene00048250.,0,0,0
WBGene00048251.,0,0,0
WBGene00048252.,0,0,0
WBGene00048253.,0,0,0
WBGene00048254.,0,0,0
WBGene00048255.,0,0,0
WBGene00048256.,0,0,0
WBGene00048257.,0,0,0
WBGene00048258.,0,0,0
WBGene00048259.,0,0,0
WBGene00048260.,0,0,0
WBGene00048261.,0,0,0
WBGene00048262.,0,0,0
WBGene00048263.,0,0,0
WBGene00048264.,0,0,0
WBGene00048265.,0,0,0
WBGene00048266.,0,0,0
WBGene00048267.,0,0,0
WBGene00048268.,0,0,0
WBGene00048269.,0,0,0
WBGene00048270.,0,0,0
WBGene00048271.,0,1,1
WBGene00048272.,0,0,0
WBGene00048273.,0,1,1
WBGene00048274.,0,0,0
WBGene00048275.,0,0,0
WBGene00048276.,0,0,0
WBGene00048277.,0,0,0
WBGene00048278.,0,0,0
WBGene00048279.,0,0,0
WBGene00048280.,0,0,0
WBGene00048281.,0,0,0
WBGene00048282.,0,0,0
WBGene00048283.,0,0,0
WBGene00048284.,0,0,0
WBGene00048285.,0,0,0
WBGene00048286.,0,0,0
WBGene00048287.,0,0,0
WBGene00048288.,0,2,2
WBGene00048289.,0,0,0
WBGene00048290.,0,0,0
WBGene00048291.,0,0,0
WBGene00048292.,0,0,0
WBGene00048293.,0,0,0
WBGene00048294.,0,0,0
WBGene00048295.,0,0,0
WBGene00048296.,0,0,0
WBGene00048297.,0,0,0
WBGene00048298.,0,0,0
WBGene00048299.,0,0,0
WBGene00048300.,0,0,0
WBGene00048301.,0,0,0
WBGene00048302.,0,0,0
WBGene00048303.,0,0,0
WBGene00048304.,0,0,0
WBGene00048305.,0,0,0
WBGene00048306.,0,0,0
WBGene00048307.,0,0,0
WBGene00048308.,0,0,0
WBGene00048309.,0,0,0
WBGene00048310.,0,0,0
WBGene00048311.,0,0,0
WBGene00048312.,0,0,0
WBGene00048313.,0,0,0
WBGene00048314.,0,0,0
WBGene00048315.,0,0,0
WBGene00048316.,0,0,0
WBGene00048317.,0,0,0
WBGene00048318.,0,0,0
WBGene00048319.,0,0,0
WBGene00048320.,0,0,0
WBGene00048321.,0,0,0
WBGene00048322.,0,1,1
WBGene00048323.,0,0,0
WBGene00048324.,0,0,0
WBGene00048325.,0,0,0
WBGene00048326.,0,0,0
WBGene00048327.,0,0,0
WBGene00048328.,0,3,3
WBGene00048329.,0,0,0
WBGene00048330.,0,3,3
WBGene00048331.,0,0,0
WBGene00048332.,0,1,1
WBGene00048333.,0,0,0
WBGene00048334.,0,1,1
WBGene00048335.,0,0,0
WBGene00048336.,0,0,0
WBGene00048337.,0,0,0
WBGene00048338.,0,1,1
WBGene00048339.,0,0,0
WBGene00048340.,0,1,1
WBGene00048341.,0,0,0
WBGene00048342.,0,0,0
WBGene00048343.,0,0,0
WBGene00048344.,0,0,0
WBGene00048345.,0,1,1
WBGene00048346.,0,0,0
WBGene00048347.,0,0,0
WBGene00048348.,0,0,0
WBGene00048349.,0,0,0
WBGene00048350.,0,0,0
WBGene00048351.,0,0,0
WBGene00048352.,0,0,0
WBGene00048353.,0,0,0
WBGene00048354.,0,0,0
WBGene00048355.,0,0,0
WBGene00048356.,0,0,0
WBGene00048357.,0,0,0
WBGene00048358.,0,0,0
WBGene00048359.,0,0,0
WBGene00048360.,0,0,0
WBGene00048361.,0,0,0
WBGene00048362.,0,0,0
WBGene00048363.,0,0,0
WBGene00048364.,0,0,0
WBGene00048365.,0,0,0
WBGene00048366.,0,1,1
WBGene00048367.,0,0,0
WBGene00048368.,0,0,0
WBGene00048369.,0,0,0
WBGene00048370.,0,0,0
WBGene00048371.,0,0,0
WBGene00048372.,0,0,0
WBGene00048373.,0,0,0
WBGene00048374.,0,2,2
WBGene00048375.,0,1,1
WBGene00048376.,0,0,0
WBGene00048377.,0,0,0
WBGene00048378.,0,0,0
WBGene00048379.,0,0,0
WBGene00048380.,0,0,0
WBGene00048381.,0,0,0
WBGene00048382.,0,0,0
WBGene00048383.,0,0,0
WBGene00048384.,0,0,0
WBGene00048385.,0,0,0
WBGene00048386.,0,0,0
WBGene00048387.,0,0,0
WBGene00048388.,0,0,0
WBGene00048389.,0,0,0
WBGene00048390.,0,0,0
WBGene00048391.,0,0,0
WBGene00048392.,0,0,0
WBGene00048393.,0,0,0
WBGene00048394.,0,0,0
WBGene00048395.,0,0,0
WBGene00048396.,0,0,0
WBGene00048397.,0,0,0
WBGene00048398.,0,0,0
WBGene00048399.,0,0,0
WBGene00048400.,0,0,0
WBGene00048401.,0,0,0
WBGene00048402.,0,1,1
WBGene00048403.,0,0,0
WBGene00048404.,0,1,1
WBGene00048405.,0,0,0
WBGene00048406.,0,3,3
WBGene00048407.,0,0,0
WBGene00048408.,0,0,0
WBGene00048409.,0,0,0
WBGene00048410.,0,0,0
WBGene00048411.,0,0,0
WBGene00048412.,0,0,0
WBGene00048413.,0,0,0
WBGene00048414.,0,2,2
WBGene00048415.,0,0,0
WBGene00048416.,0,0,0
WBGene00048417.,0,1,1
WBGene00048418.,0,1,1
WBGene00048419.,0,0,0
WBGene00048420.,0,1,1
WBGene00048421.,0,0,0
WBGene00048422.,0,0,0
WBGene00048423.,0,0,0
WBGene00048424.,0,0,0
WBGene00048425.,0,0,0
WBGene00048426.,0,0,0
WBGene00048427.,0,0,0
WBGene00048428.,0,1,1
WBGene00048429.,0,0,0
WBGene00048430.,0,0,0
WBGene00048431.,0,0,0
WBGene00048432.,0,0,0
WBGene00048433.,0,0,0
WBGene00048434.,0,0,0
WBGene00048435.,0,0,0
WBGene00048436.,0,2,2
WBGene00048437.,0,0,0
WBGene00048438.,0,0,0
WBGene00048439.,0,0,0
WBGene00048440.,0,1,1
WBGene00048441.,0,0,0
WBGene00048442.,0,0,0
WBGene00048443.,0,0,0
WBGene00048444.,0,0,0
WBGene00048445.,0,0,0
WBGene00048446.,0,0,0
WBGene00048447.,0,0,0
WBGene00048448.,0,0,0
WBGene00048449.,0,0,0
WBGene00048450.,0,0,0
WBGene00048451.,0,0,0
WBGene00048452.,0,0,0
WBGene00048453.,0,1,1
WBGene00048454.,0,0,0
WBGene00048455.,0,0,0
WBGene00048456.,0,0,0
WBGene00048457.,0,0,0
WBGene00048458.,0,0,0
WBGene00048459.,0,0,0
WBGene00048460.,0,0,0
WBGene00048461.,0,0,0
WBGene00048462.,0,0,0
WBGene00048463.,0,1,1
WBGene00048464.,0,0,0
WBGene00048465.,0,0,0
WBGene00048466.,0,0,0
WBGene00048467.,0,0,0
WBGene00048468.,0,0,0
WBGene00048469.,0,0,0
WBGene00048470.,0,0,0
WBGene00048471.,0,0,0
WBGene00048472.,0,0,0
WBGene00048473.,0,0,0
WBGene00048474.,0,0,0
WBGene00048475.,0,0,0
WBGene00048476.,0,0,0
WBGene00048477.,0,0,0
WBGene00048478.,0,0,0
WBGene00048479.,0,0,0
WBGene00048480.,0,0,0
WBGene00048481.,0,0,0
WBGene00048482.,0,0,0
WBGene00048483.,0,1,1
WBGene00048484.,0,0,0
WBGene00048485.,0,0,0
WBGene00048486.,0,0,0
WBGene00048487.,0,0,0
WBGene00048488.,0,0,0
WBGene00048489.,0,0,0
WBGene00048490.,0,0,0
WBGene00048491.,0,0,0
WBGene00048492.,0,0,0
WBGene00048493.,0,0,0
WBGene00048494.,0,0,0
WBGene00048495.,0,0,0
WBGene00048496.,0,0,0
WBGene00048497.,0,0,0
WBGene00048498.,0,0,0
WBGene00048499.,0,0,0
WBGene00048500.,0,0,0
WBGene00048501.,0,0,0
WBGene00048502.,0,0,0
WBGene00048503.,0,0,0
WBGene00048504.,0,0,0
WBGene00048505.,0,0,0
WBGene00048506.,0,0,0
WBGene00048507.,0,0,0
WBGene00048508.,0,0,0
WBGene00048509.,0,0,0
WBGene00048510.,0,0,0
WBGene00048511.,0,0,0
WBGene00048512.,0,0,0
WBGene00048513.,0,0,0
WBGene00048514.,0,0,0
WBGene00048515.,0,0,0
WBGene00048516.,0,0,0
WBGene00048517.,0,0,0
WBGene00048518.,0,2,2
WBGene00048519.,0,0,0
WBGene00048520.,0,0,0
WBGene00048521.,0,0,0
WBGene00048522.,0,0,0
WBGene00048523.,0,0,0
WBGene00048524.,0,0,0
WBGene00048525.,0,0,0
WBGene00048526.,0,0,0
WBGene00048527.,0,0,0
WBGene00048528.,0,0,0
WBGene00048529.,0,0,0
WBGene00048530.,0,1,1
WBGene00048531.,0,0,0
WBGene00048532.,0,0,0
WBGene00048533.,0,0,0
WBGene00048534.,0,0,0
WBGene00048535.,0,0,0
WBGene00048536.,0,0,0
WBGene00048537.,0,0,0
WBGene00048538.,0,0,0
WBGene00048539.,0,0,0
WBGene00048540.,0,0,0
WBGene00048541.,0,0,0
WBGene00048542.,0,0,0
WBGene00048543.,0,0,0
WBGene00048544.,0,0,0
WBGene00048545.,0,0,0
WBGene00048546.,0,0,0
WBGene00048547.,0,0,0
WBGene00048548.,0,0,0
WBGene00048549.,0,0,0
WBGene00048550.,0,0,0
WBGene00048551.,0,0,0
WBGene00048552.,0,0,0
WBGene00048553.,0,0,0
WBGene00048554.,0,0,0
WBGene00048555.,0,0,0
WBGene00048556.,0,0,0
WBGene00048557.,0,0,0
WBGene00048558.,0,0,0
WBGene00048559.,0,0,0
WBGene00048560.,0,0,0
WBGene00048561.,0,0,0
WBGene00048562.,0,0,0
WBGene00048563.,0,0,0
WBGene00048564.,0,0,0
WBGene00048565.,0,0,0
WBGene00048566.,0,0,0
WBGene00048567.,0,0,0
WBGene00048568.,0,0,0
WBGene00048569.,0,1,1
WBGene00048570.,0,2,2
WBGene00048571.,0,0,0
WBGene00048572.,0,0,0
WBGene00048573.,0,1,1
WBGene00048574.,0,0,0
WBGene00048575.,0,0,0
WBGene00048576.,0,0,0
WBGene00048577.,0,0,0
WBGene00048578.,0,0,0
WBGene00048579.,0,0,0
WBGene00048580.,0,0,0
WBGene00048581.,0,0,0
WBGene00048582.,0,0,0
WBGene00048583.,0,1,1
WBGene00048584.,0,0,0
WBGene00048585.,0,0,0
WBGene00048586.,0,0,0
WBGene00048587.,0,0,0
WBGene00048588.,0,0,0
WBGene00048589.,0,0,0
WBGene00048590.,0,0,0
WBGene00048591.,0,0,0
WBGene00048592.,0,0,0
WBGene00048593.,0,0,0
WBGene00048594.,0,0,0
WBGene00048595.,0,0,0
WBGene00048596.,0,1,1
WBGene00048597.,0,0,0
WBGene00048598.,0,1,1
WBGene00048599.,0,0,0
WBGene00048600.,0,0,0
WBGene00048601.,0,0,0
WBGene00048602.,0,0,0
WBGene00048603.,0,2,2
WBGene00048604.,0,0,0
WBGene00048605.,0,10,10
WBGene00048606.,0,0,0
WBGene00048607.,0,0,0
WBGene00048608.,0,0,0
WBGene00048609.,0,1,1
WBGene00048610.,0,0,0
WBGene00048611.,0,0,0
WBGene00048612.,0,0,0
WBGene00048613.,0,1,1
WBGene00048614.,0,0,0
WBGene00048615.,0,0,0
WBGene00048616.,0,0,0
WBGene00048617.,0,0,0
WBGene00048618.,0,0,0
WBGene00048619.,0,0,0
WBGene00048620.,0,0,0
WBGene00048621.,0,0,0
WBGene00048622.,0,0,0
WBGene00048623.,0,0,0
WBGene00048624.,0,0,0
WBGene00048625.,0,0,0
WBGene00048626.,0,1,1
WBGene00048627.,0,0,0
WBGene00048628.,0,0,0
WBGene00048629.,0,0,0
WBGene00048630.,0,0,0
WBGene00048631.,0,1,1
WBGene00048632.,0,0,0
WBGene00048633.,0,0,0
WBGene00048634.,0,3,3
WBGene00048635.,0,0,0
WBGene00048636.,0,0,0
WBGene00048637.,0,0,0
WBGene00048638.,0,0,0
WBGene00048639.,0,0,0
WBGene00048640.,0,0,0
WBGene00048641.,0,0,0
WBGene00048642.,0,0,0
WBGene00048643.,0,0,0
WBGene00048644.,0,1,1
WBGene00048645.,0,0,0
WBGene00048646.,0,0,0
WBGene00048647.,0,2,2
WBGene00048648.,0,0,0
WBGene00048649.,0,0,0
WBGene00048650.,0,0,0
WBGene00048651.,0,3,3
WBGene00048652.,0,0,0
WBGene00048653.,0,0,0
WBGene00048654.,0,0,0
WBGene00048655.,0,0,0
WBGene00048656.,0,0,0
WBGene00048657.,0,0,0
WBGene00048658.,0,0,0
WBGene00048659.,0,0,0
WBGene00048660.,0,0,0
WBGene00048661.,0,0,0
WBGene00048662.,0,0,0
WBGene00048663.,0,0,0
WBGene00048664.,0,0,0
WBGene00048665.,0,0,0
WBGene00048666.,0,0,0
WBGene00048667.,0,0,0
WBGene00048668.,0,0,0
WBGene00048669.,0,0,0
WBGene00048670.,0,0,0
WBGene00048671.,0,0,0
WBGene00048672.,0,0,0
WBGene00048673.,0,0,0
WBGene00048674.,0,0,0
WBGene00048675.,0,0,0
WBGene00048676.,0,0,0
WBGene00048677.,0,0,0
WBGene00048678.,0,0,0
WBGene00048679.,0,2,2
WBGene00048680.,0,0,0
WBGene00048681.,0,0,0
WBGene00048682.,0,0,0
WBGene00048683.,0,0,0
WBGene00048684.,0,0,0
WBGene00048685.,0,0,0
WBGene00048686.,0,0,0
WBGene00048687.,0,0,0
WBGene00048688.,0,0,0
WBGene00048689.,0,0,0
WBGene00048690.,0,1,1
WBGene00048691.,0,0,0
WBGene00048692.,0,0,0
WBGene00048693.,0,0,0
WBGene00048694.,0,1,1
WBGene00048695.,0,0,0
WBGene00048696.,0,0,0
WBGene00048697.,0,0,0
WBGene00048698.,0,0,0
WBGene00048699.,0,1,1
WBGene00048700.,0,0,0
WBGene00048701.,0,0,0
WBGene00048702.,0,0,0
WBGene00048703.,0,0,0
WBGene00048704.,0,0,0
WBGene00048705.,0,0,0
WBGene00048706.,0,0,0
WBGene00048707.,0,0,0
WBGene00048708.,0,0,0
WBGene00048709.,0,0,0
WBGene00048710.,0,0,0
WBGene00048711.,0,0,0
WBGene00048712.,0,0,0
WBGene00048713.,0,0,0
WBGene00048714.,0,0,0
WBGene00048715.,0,0,0
WBGene00048716.,0,0,0
WBGene00048717.,0,0,0
WBGene00048718.,0,0,0
WBGene00048719.,0,1,1
WBGene00048720.,0,0,0
WBGene00048721.,0,0,0
WBGene00048722.,0,0,0
WBGene00048723.,0,0,0
WBGene00048724.,0,0,0
WBGene00048725.,0,0,0
WBGene00048726.,0,0,0
WBGene00048727.,0,3,3
WBGene00048728.,0,0,0
WBGene00048729.,0,0,0
WBGene00048730.,0,0,0
WBGene00048731.,0,0,0
WBGene00048732.,0,0,0
WBGene00048733.,0,0,0
WBGene00048734.,0,0,0
WBGene00048735.,0,0,0
WBGene00048736.,0,0,0
WBGene00048737.,0,0,0
WBGene00048738.,0,0,0
WBGene00048739.,0,1,1
WBGene00048740.,0,1,1
WBGene00048741.,0,0,0
WBGene00048742.,0,0,0
WBGene00048743.,0,0,0
WBGene00048744.,0,0,0
WBGene00048745.,0,0,0
WBGene00048746.,0,0,0
WBGene00048747.,0,0,0
WBGene00048748.,0,0,0
WBGene00048749.,0,0,0
WBGene00048750.,0,0,0
WBGene00048751.,0,0,0
WBGene00048752.,0,0,0
WBGene00048753.,0,0,0
WBGene00048754.,0,0,0
WBGene00048755.,0,0,0
WBGene00048756.,0,0,0
WBGene00048757.,0,0,0
WBGene00048758.,0,0,0
WBGene00048759.,0,0,0
WBGene00048760.,0,0,0
WBGene00048761.,0,0,0
WBGene00048762.,0,0,0
WBGene00048763.,0,0,0
WBGene00048764.,0,0,0
WBGene00048765.,0,0,0
WBGene00048766.,0,0,0
WBGene00048767.,0,2,2
WBGene00048768.,0,0,0
WBGene00048769.,0,2,2
WBGene00048770.,0,0,0
WBGene00048771.,0,0,0
WBGene00048772.,0,0,0
WBGene00048773.,0,0,0
WBGene00048774.,0,0,0
WBGene00048775.,0,0,0
WBGene00048776.,0,0,0
WBGene00048777.,0,0,0
WBGene00048778.,0,0,0
WBGene00048779.,0,0,0
WBGene00048780.,0,0,0
WBGene00048781.,0,0,0
WBGene00048782.,0,0,0
WBGene00048783.,0,0,0
WBGene00048784.,0,0,0
WBGene00048785.,0,0,0
WBGene00048786.,0,0,0
WBGene00048787.,0,0,0
WBGene00048788.,0,0,0
WBGene00048789.,0,0,0
WBGene00048790.,0,0,0
WBGene00048791.,0,0,0
WBGene00048792.,0,0,0
WBGene00048793.,0,0,0
WBGene00048794.,0,0,0
WBGene00048795.,0,0,0
WBGene00048796.,0,0,0
WBGene00048797.,0,0,0
WBGene00048798.,0,0,0
WBGene00048799.,0,0,0
WBGene00048800.,0,0,0
WBGene00048801.,0,0,0
WBGene00048802.,0,0,0
WBGene00048803.,0,0,0
WBGene00048804.,0,0,0
WBGene00048805.,0,0,0
WBGene00048806.,0,0,0
WBGene00048807.,0,0,0
WBGene00048808.,0,0,0
WBGene00048809.,0,0,0
WBGene00048810.,0,0,0
WBGene00048811.,0,0,0
WBGene00048812.,0,0,0
WBGene00048813.,0,0,0
WBGene00048814.,0,0,0
WBGene00048815.,0,0,0
WBGene00048816.,0,0,0
WBGene00048817.,0,0,0
WBGene00048819.,0,0,0
WBGene00048820.,0,6,6
WBGene00048821.,0,0,0
WBGene00048822.,0,0,0
WBGene00048823.,0,7,7
WBGene00048824.,0,0,0
WBGene00048825.,0,1,1
WBGene00048826.,0,0,0
WBGene00048827.,0,0,0
WBGene00048828.,0,0,0
WBGene00048829.,0,0,0
WBGene00048830.,0,0,0
WBGene00048831.,0,0,0
WBGene00048832.,0,0,0
WBGene00048833.,0,0,0
WBGene00048834.,0,0,0
WBGene00048835.,0,0,0
WBGene00048836.,0,0,0
WBGene00048837.,0,0,0
WBGene00048838.,0,0,0
WBGene00048839.,0,0,0
WBGene00048840.,0,0,0
WBGene00048841.,0,0,0
WBGene00048842.,0,0,0
WBGene00048843.,0,0,0
WBGene00048844.,0,0,0
WBGene00048845.,0,0,0
WBGene00048846.,0,0,0
WBGene00048847.,0,0,0
WBGene00048848.,0,0,0
WBGene00048849.,0,0,0
WBGene00048850.,0,0,0
WBGene00048851.,0,0,0
WBGene00048852.,0,0,0
WBGene00048853.,0,0,0
WBGene00048854.,0,0,0
WBGene00048855.,0,0,0
WBGene00048856.,0,0,0
WBGene00048857.,0,0,0
WBGene00048858.,0,0,0
WBGene00048859.,0,0,0
WBGene00048860.,0,0,0
WBGene00048861.,0,0,0
WBGene00048862.,0,0,0
WBGene00048863.,0,0,0
WBGene00048864.,0,0,0
WBGene00048865.,0,0,0
WBGene00048866.,0,0,0
WBGene00048867.,0,0,0
WBGene00048868.,0,0,0
WBGene00048869.,0,0,0
WBGene00048870.,0,1,1
WBGene00048871.,0,0,0
WBGene00048872.,0,0,0
WBGene00048873.,0,0,0
WBGene00048874.,0,0,0
WBGene00048875.,0,0,0
WBGene00048876.,0,0,0
WBGene00048877.,0,0,0
WBGene00048878.,0,0,0
WBGene00048879.,0,0,0
WBGene00048880.,0,0,0
WBGene00048881.,0,0,0
WBGene00048882.,0,0,0
WBGene00048883.,0,0,0
WBGene00048884.,0,0,0
WBGene00048885.,0,2,2
WBGene00048886.,0,0,0
WBGene00048887.,0,0,0
WBGene00048888.,0,0,0
WBGene00048889.,0,1,1
WBGene00048890.,0,0,0
WBGene00048891.,0,1,1
WBGene00048892.,0,0,0
WBGene00048893.,0,0,0
WBGene00048894.,0,0,0
WBGene00048895.,0,0,0
WBGene00048896.,0,0,0
WBGene00048897.,0,0,0
WBGene00048898.,0,0,0
WBGene00048899.,0,0,0
WBGene00048900.,0,0,0
WBGene00048901.,0,0,0
WBGene00048902.,0,0,0
WBGene00048903.,0,0,0
WBGene00048904.,0,0,0
WBGene00048905.,0,0,0
WBGene00048906.,0,0,0
WBGene00048907.,0,0,0
WBGene00048908.,0,0,0
WBGene00048909.,0,0,0
WBGene00048910.,0,0,0
WBGene00048911.,0,0,0
WBGene00048912.,0,0,0
WBGene00048913.,0,0,0
WBGene00048914.,0,0,0
WBGene00048915.,0,0,0
WBGene00048916.,0,0,0
WBGene00048917.,0,0,0
WBGene00048918.,0,0,0
WBGene00048919.,0,0,0
WBGene00048920.,0,1,1
WBGene00048921.,0,0,0
WBGene00048922.,0,0,0
WBGene00048923.,0,0,0
WBGene00048924.,0,5,5
WBGene00048925.,0,0,0
WBGene00048926.,0,0,0
WBGene00048927.,0,0,0
WBGene00048928.,0,0,0
WBGene00048929.,0,0,0
WBGene00048930.,0,0,0
WBGene00048931.,0,0,0
WBGene00048932.,0,0,0
WBGene00048933.,0,0,0
WBGene00048934.,0,0,0
WBGene00048935.,0,0,0
WBGene00048936.,0,0,0
WBGene00048937.,0,1,1
WBGene00048938.,0,9,9
WBGene00048939.,0,0,0
WBGene00048940.,0,0,0
WBGene00048941.,0,0,0
WBGene00048942.,0,0,0
WBGene00048943.,0,0,0
WBGene00048944.,0,1,1
WBGene00048945.,0,1,1
WBGene00048946.,0,0,0
WBGene00048947.,0,0,0
WBGene00048948.,0,0,0
WBGene00048949.,0,1,1
WBGene00048950.,0,0,0
WBGene00048951.,0,0,0
WBGene00048952.,0,0,0
WBGene00048953.,0,0,0
WBGene00048954.,0,0,0
WBGene00048955.,0,0,0
WBGene00048956.,0,0,0
WBGene00048957.,0,0,0
WBGene00048958.,0,0,0
WBGene00048959.,0,0,0
WBGene00048960.,0,0,0
WBGene00048961.,0,0,0
WBGene00048962.,0,0,0
WBGene00048963.,0,0,0
WBGene00048964.,0,0,0
WBGene00048965.,0,0,0
WBGene00048966.,0,0,0
WBGene00048967.,0,0,0
WBGene00048968.,0,0,0
WBGene00048969.,0,0,0
WBGene00048970.,0,0,0
WBGene00048971.,0,2,2
WBGene00048972.,0,0,0
WBGene00048973.,0,0,0
WBGene00048974.,0,0,0
WBGene00048975.,0,0,0
WBGene00048976.,0,0,0
WBGene00048977.,0,0,0
WBGene00048978.,0,0,0
WBGene00048979.,0,0,0
WBGene00048980.,0,0,0
WBGene00048981.,0,0,0
WBGene00048982.,0,0,0
WBGene00048983.,0,0,0
WBGene00048984.,0,0,0
WBGene00048985.,0,0,0
WBGene00048986.,0,1,1
WBGene00048987.,0,0,0
WBGene00048988.,0,0,0
WBGene00048989.,0,0,0
WBGene00048990.,0,0,0
WBGene00048991.,0,0,0
WBGene00048992.,0,0,0
WBGene00048993.,0,0,0
WBGene00048994.,0,0,0
WBGene00048995.,0,0,0
WBGene00048996.,0,0,0
WBGene00048997.,0,0,0
WBGene00048998.,0,0,0
WBGene00048999.,0,1,1
WBGene00049000.,0,0,0
WBGene00049001.,0,0,0
WBGene00049002.,0,0,0
WBGene00049003.,0,0,0
WBGene00049004.,0,3,3
WBGene00049005.,0,0,0
WBGene00049006.,0,0,0
WBGene00049007.,0,0,0
WBGene00049008.,0,0,0
WBGene00049009.,0,0,0
WBGene00049010.,0,0,0
WBGene00049011.,0,0,0
WBGene00049012.,0,0,0
WBGene00049013.,0,0,0
WBGene00049014.,0,0,0
WBGene00049015.,0,0,0
WBGene00049016.,0,0,0
WBGene00049017.,0,0,0
WBGene00049018.,0,0,0
WBGene00049019.,0,0,0
WBGene00049020.,0,0,0
WBGene00049021.,0,0,0
WBGene00049022.,0,1,1
WBGene00049023.,0,0,0
WBGene00049024.,0,0,0
WBGene00049025.,0,0,0
WBGene00049026.,0,0,0
WBGene00049027.,0,0,0
WBGene00049028.,0,0,0
WBGene00049029.,0,0,0
WBGene00049030.,0,0,0
WBGene00049031.,0,0,0
WBGene00049032.,0,0,0
WBGene00049033.,0,0,0
WBGene00049034.,0,0,0
WBGene00049035.,0,0,0
WBGene00049036.,0,0,0
WBGene00049037.,0,0,0
WBGene00049038.,0,0,0
WBGene00049039.,0,0,0
WBGene00049040.,0,0,0
WBGene00049041.,0,0,0
WBGene00049042.,0,0,0
WBGene00049043.,0,0,0
WBGene00049044.,0,0,0
WBGene00049045.,0,0,0
WBGene00049046.,0,0,0
WBGene00049047.,0,0,0
WBGene00049048.,0,0,0
WBGene00049049.,0,0,0
WBGene00049050.,0,0,0
WBGene00049051.,0,0,0
WBGene00049052.,0,0,0
WBGene00049053.,0,0,0
WBGene00049054.,0,0,0
WBGene00049055.,0,1,1
WBGene00049056.,0,0,0
WBGene00049057.,0,2,2
WBGene00049058.,0,0,0
WBGene00049059.,0,0,0
WBGene00049060.,0,0,0
WBGene00049061.,0,0,0
WBGene00049062.,0,0,0
WBGene00049063.,0,0,0
WBGene00049064.,0,0,0
WBGene00049065.,0,0,0
WBGene00049066.,0,0,0
WBGene00049067.,0,0,0
WBGene00049068.,0,0,0
WBGene00049069.,0,0,0
WBGene00049070.,0,0,0
WBGene00049071.,0,0,0
WBGene00049072.,0,0,0
WBGene00049073.,0,0,0
WBGene00049074.,0,1,1
WBGene00049075.,0,0,0
WBGene00049076.,0,0,0
WBGene00049077.,0,0,0
WBGene00049078.,0,0,0
WBGene00049079.,0,1,1
WBGene00049080.,0,0,0
WBGene00049081.,0,0,0
WBGene00049082.,0,0,0
WBGene00049083.,0,0,0
WBGene00049084.,0,0,0
WBGene00049085.,0,0,0
WBGene00049086.,0,0,0
WBGene00049087.,0,0,0
WBGene00049088.,0,0,0
WBGene00049089.,0,0,0
WBGene00049090.,0,1,1
WBGene00049091.,0,0,0
WBGene00049092.,0,0,0
WBGene00049093.,0,0,0
WBGene00049094.,0,0,0
WBGene00049095.,0,0,0
WBGene00049096.,0,0,0
WBGene00049097.,0,0,0
WBGene00049098.,0,0,0
WBGene00049099.,0,0,0
WBGene00049100.,0,0,0
WBGene00049101.,0,0,0
WBGene00049102.,0,0,0
WBGene00049103.,0,0,0
WBGene00049104.,0,0,0
WBGene00049105.,0,0,0
WBGene00049106.,0,0,0
WBGene00049107.,0,0,0
WBGene00049108.,0,0,0
WBGene00049109.,0,0,0
WBGene00049110.,0,0,0
WBGene00049111.,0,0,0
WBGene00049112.,0,0,0
WBGene00049113.,0,1,1
WBGene00049114.,0,0,0
WBGene00049115.,0,0,0
WBGene00049116.,0,0,0
WBGene00049117.,0,0,0
WBGene00049118.,0,1,1
WBGene00049119.,0,0,0
WBGene00049120.,0,0,0
WBGene00049121.,0,0,0
WBGene00049122.,0,0,0
WBGene00049123.,0,0,0
WBGene00049124.,0,0,0
WBGene00049125.,0,0,0
WBGene00049126.,0,0,0
WBGene00049127.,0,0,0
WBGene00049128.,0,0,0
WBGene00049129.,0,0,0
WBGene00049130.,0,0,0
WBGene00049131.,0,0,0
WBGene00049132.,0,2,2
WBGene00049133.,0,0,0
WBGene00049134.,0,0,0
WBGene00049135.,0,4,4
WBGene00049136.,0,2,2
WBGene00049137.,0,0,0
WBGene00049138.,0,0,0
WBGene00049139.,0,0,0
WBGene00049140.,0,0,0
WBGene00049141.,0,0,0
WBGene00049142.,0,0,0
WBGene00049143.,0,0,0
WBGene00049144.,0,0,0
WBGene00049145.,0,0,0
WBGene00049146.,0,0,0
WBGene00049147.,0,0,0
WBGene00049148.,0,0,0
WBGene00049149.,0,0,0
WBGene00049150.,0,0,0
WBGene00049151.,0,0,0
WBGene00049152.,0,1,1
WBGene00049153.,0,0,0
WBGene00049154.,0,1,1
WBGene00049155.,0,0,0
WBGene00049156.,0,0,0
WBGene00049157.,0,0,0
WBGene00049158.,0,0,0
WBGene00049159.,0,0,0
WBGene00049160.,0,0,0
WBGene00049161.,0,0,0
WBGene00049162.,0,0,0
WBGene00049163.,0,0,0
WBGene00049164.,0,0,0
WBGene00049165.,0,2,2
WBGene00049166.,0,0,0
WBGene00049167.,0,0,0
WBGene00049168.,0,2,2
WBGene00049169.,0,0,0
WBGene00049170.,0,0,0
WBGene00049171.,0,0,0
WBGene00049172.,0,0,0
WBGene00049173.,0,0,0
WBGene00049174.,0,0,0
WBGene00049175.,0,1,1
WBGene00049176.,0,0,0
WBGene00049177.,0,0,0
WBGene00049178.,0,0,0
WBGene00049179.,0,0,0
WBGene00049180.,0,0,0
WBGene00049181.,0,0,0
WBGene00049182.,0,0,0
WBGene00049183.,0,0,0
WBGene00049184.,0,0,0
WBGene00049185.,0,0,0
WBGene00049186.,0,0,0
WBGene00049187.,0,0,0
WBGene00049188.,0,0,0
WBGene00049189.,0,1,1
WBGene00049190.,0,2,2
WBGene00049191.,0,0,0
WBGene00049192.,0,0,0
WBGene00049193.,0,0,0
WBGene00049194.,0,0,0
WBGene00049195.,0,0,0
WBGene00049196.,0,1,1
WBGene00049197.,0,0,0
WBGene00049198.,0,0,0
WBGene00049199.,0,0,0
WBGene00049200.,0,0,0
WBGene00049201.,0,0,0
WBGene00049202.,0,23,23
WBGene00049203.,0,0,0
WBGene00049204.,0,0,0
WBGene00049205.,0,0,0
WBGene00049206.,0,0,0
WBGene00049207.,0,0,0
WBGene00049208.,0,0,0
WBGene00049209.,0,0,0
WBGene00049210.,0,0,0
WBGene00049211.,0,0,0
WBGene00049212.,0,0,0
WBGene00049213.,0,0,0
WBGene00049214.,0,1,1
WBGene00049215.,0,0,0
WBGene00049216.,0,0,0
WBGene00049217.,0,0,0
WBGene00049218.,0,2,2
WBGene00049219.,0,0,0
WBGene00049220.,0,0,0
WBGene00049221.,0,0,0
WBGene00049222.,0,0,0
WBGene00049223.,0,0,0
WBGene00049224.,0,0,0
WBGene00049225.,0,0,0
WBGene00049226.,0,0,0
WBGene00049227.,0,0,0
WBGene00049228.,0,0,0
WBGene00049229.,0,0,0
WBGene00049230.,0,0,0
WBGene00049231.,0,0,0
WBGene00049232.,0,0,0
WBGene00049233.,0,0,0
WBGene00049234.,0,0,0
WBGene00049235.,0,0,0
WBGene00049236.,0,0,0
WBGene00049237.,0,0,0
WBGene00049238.,0,0,0
WBGene00049239.,0,0,0
WBGene00049240.,0,0,0
WBGene00049241.,0,0,0
WBGene00049242.,0,0,0
WBGene00049243.,0,0,0
WBGene00049244.,0,0,0
WBGene00049245.,0,1,1
WBGene00049246.,0,0,0
WBGene00049247.,0,0,0
WBGene00049248.,0,0,0
WBGene00049249.,0,0,0
WBGene00049250.,0,0,0
WBGene00049251.,0,0,0
WBGene00049252.,0,0,0
WBGene00049253.,0,0,0
WBGene00049254.,0,0,0
WBGene00049255.,0,0,0
WBGene00049256.,0,0,0
WBGene00049257.,0,0,0
WBGene00049258.,0,0,0
WBGene00049259.,0,0,0
WBGene00049260.,0,0,0
WBGene00049261.,0,1,1
WBGene00049262.,0,0,0
WBGene00049263.,0,0,0
WBGene00049264.,0,0,0
WBGene00049265.,0,0,0
WBGene00049266.,0,0,0
WBGene00049267.,0,0,0
WBGene00049268.,0,0,0
WBGene00049269.,0,0,0
WBGene00049270.,0,1,1
WBGene00049271.,0,0,0
WBGene00049272.,0,0,0
WBGene00049273.,0,1,1
WBGene00049274.,0,1,1
WBGene00049275.,0,0,0
WBGene00049276.,0,0,0
WBGene00049277.,0,0,0
WBGene00049278.,0,0,0
WBGene00049279.,0,0,0
WBGene00049280.,0,0,0
WBGene00049281.,0,0,0
WBGene00049282.,0,0,0
WBGene00049283.,0,0,0
WBGene00049284.,0,0,0
WBGene00049285.,0,0,0
WBGene00049286.,0,0,0
WBGene00049287.,0,0,0
WBGene00049288.,0,0,0
WBGene00049289.,0,0,0
WBGene00049290.,0,1,1
WBGene00049291.,0,0,0
WBGene00049292.,0,0,0
WBGene00049293.,0,3,3
WBGene00049294.,0,0,0
WBGene00049295.,0,6,6
WBGene00049296.,0,0,0
WBGene00049297.,0,0,0
WBGene00049298.,0,0,0
WBGene00049299.,0,0,0
WBGene00049300.,0,0,0
WBGene00049301.,0,0,0
WBGene00049302.,0,1,1
WBGene00049303.,0,0,0
WBGene00049304.,0,0,0
WBGene00049305.,0,0,0
WBGene00049306.,0,0,0
WBGene00049307.,0,0,0
WBGene00049308.,0,0,0
WBGene00049309.,0,0,0
WBGene00049310.,0,0,0
WBGene00049311.,0,0,0
WBGene00049312.,0,0,0
WBGene00049313.,0,0,0
WBGene00049314.,0,0,0
WBGene00049315.,0,0,0
WBGene00049316.,0,0,0
WBGene00049317.,0,0,0
WBGene00049318.,0,0,0
WBGene00049319.,0,2,2
WBGene00049320.,0,0,0
WBGene00049321.,0,0,0
WBGene00049322.,0,0,0
WBGene00049323.,0,0,0
WBGene00049324.,0,0,0
WBGene00049325.,0,0,0
WBGene00049326.,0,0,0
WBGene00049327.,0,1,1
WBGene00049328.,0,0,0
WBGene00049329.,0,0,0
WBGene00049330.,0,0,0
WBGene00049331.,0,0,0
WBGene00049332.,0,0,0
WBGene00049333.,0,2,2
WBGene00049334.,0,0,0
WBGene00049335.,0,0,0
WBGene00049336.,0,0,0
WBGene00049337.,0,0,0
WBGene00049338.,0,0,0
WBGene00049339.,0,0,0
WBGene00049340.,0,6,6
WBGene00049341.,0,0,0
WBGene00049342.,0,0,0
WBGene00049343.,0,0,0
WBGene00049344.,0,0,0
WBGene00049345.,0,0,0
WBGene00049346.,0,0,0
WBGene00049347.,0,0,0
WBGene00049348.,0,0,0
WBGene00049349.,0,0,0
WBGene00049350.,0,0,0
WBGene00049351.,0,0,0
WBGene00049352.,0,0,0
WBGene00049353.,0,0,0
WBGene00049354.,0,0,0
WBGene00049355.,0,0,0
WBGene00049356.,0,0,0
WBGene00049357.,0,0,0
WBGene00049358.,0,0,0
WBGene00049359.,0,0,0
WBGene00049360.,0,0,0
WBGene00049361.,0,0,0
WBGene00049362.,0,0,0
WBGene00049363.,0,0,0
WBGene00049364.,0,0,0
WBGene00049365.,0,0,0
WBGene00049366.,0,0,0
WBGene00049367.,0,0,0
WBGene00049368.,0,0,0
WBGene00049369.,0,0,0
WBGene00049370.,0,1,1
WBGene00049371.,0,0,0
WBGene00049372.,0,0,0
WBGene00049373.,0,0,0
WBGene00049374.,0,0,0
WBGene00049375.,0,0,0
WBGene00049376.,0,0,0
WBGene00049377.,0,0,0
WBGene00049378.,0,0,0
WBGene00049379.,0,0,0
WBGene00049380.,0,0,0
WBGene00049381.,0,0,0
WBGene00049382.,0,0,0
WBGene00049383.,0,0,0
WBGene00049384.,0,0,0
WBGene00049385.,0,0,0
WBGene00049386.,0,0,0
WBGene00049387.,0,0,0
WBGene00049388.,0,0,0
WBGene00049389.,0,0,0
WBGene00049390.,0,0,0
WBGene00049391.,0,0,0
WBGene00049392.,0,0,0
WBGene00049393.,0,0,0
WBGene00049394.,0,0,0
WBGene00049395.,0,1,1
WBGene00049396.,0,0,0
WBGene00049397.,0,0,0
WBGene00049398.,0,0,0
WBGene00049399.,0,0,0
WBGene00049400.,0,22,22
WBGene00049401.,0,0,0
WBGene00049402.,0,0,0
WBGene00049403.,0,0,0
WBGene00049404.,0,0,0
WBGene00049405.,0,0,0
WBGene00049406.,0,0,0
WBGene00049407.,0,0,0
WBGene00049408.,0,0,0
WBGene00049409.,0,0,0
WBGene00049410.,0,1,1
WBGene00049411.,0,1,1
WBGene00049412.,0,0,0
WBGene00049413.,0,0,0
WBGene00049414.,0,0,0
WBGene00049415.,0,0,0
WBGene00049416.,0,0,0
WBGene00049417.,0,0,0
WBGene00049418.,0,0,0
WBGene00049419.,0,0,0
WBGene00049420.,0,0,0
WBGene00049421.,0,0,0
WBGene00049422.,0,0,0
WBGene00049423.,0,0,0
WBGene00049424.,0,0,0
WBGene00049425.,0,0,0
WBGene00049426.,0,0,0
WBGene00049427.,0,0,0
WBGene00049428.,0,0,0
WBGene00049429.,0,0,0
WBGene00049430.,0,0,0
WBGene00049431.,0,0,0
WBGene00049432.,0,1,1
WBGene00049433.,0,0,0
WBGene00049434.,0,0,0
WBGene00049435.,0,0,0
WBGene00049436.,0,0,0
WBGene00049437.,0,0,0
WBGene00049438.,0,0,0
WBGene00049439.,0,0,0
WBGene00049440.,0,0,0
WBGene00049441.,0,0,0
WBGene00049443.,0,0,0
WBGene00049444.,0,0,0
WBGene00049445.,0,1,1
WBGene00049446.,0,2,2
WBGene00049447.,0,0,0
WBGene00049448.,0,0,0
WBGene00049449.,0,0,0
WBGene00049450.,0,0,0
WBGene00049451.,0,0,0
WBGene00049452.,0,0,0
WBGene00049453.,0,0,0
WBGene00049454.,0,0,0
WBGene00049455.,0,0,0
WBGene00049456.,0,0,0
WBGene00049457.,0,0,0
WBGene00049458.,0,0,0
WBGene00049459.,0,0,0
WBGene00049460.,0,0,0
WBGene00049461.,0,0,0
WBGene00049462.,0,0,0
WBGene00049463.,0,0,0
WBGene00049464.,0,0,0
WBGene00049465.,0,0,0
WBGene00049466.,0,0,0
WBGene00049467.,0,0,0
WBGene00049468.,0,0,0
WBGene00049469.,0,0,0
WBGene00049470.,0,8,8
WBGene00049471.,0,0,0
WBGene00049472.,0,0,0
WBGene00049473.,0,0,0
WBGene00049474.,0,0,0
WBGene00049475.,0,0,0
WBGene00049476.,0,0,0
WBGene00049477.,0,0,0
WBGene00049478.,0,0,0
WBGene00049479.,0,1,1
WBGene00049480.,0,0,0
WBGene00049481.,0,1,1
WBGene00049482.,0,0,0
WBGene00049483.,0,0,0
WBGene00049484.,0,0,0
WBGene00049485.,0,0,0
WBGene00049486.,0,0,0
WBGene00049487.,0,0,0
WBGene00049488.,0,0,0
WBGene00049489.,0,0,0
WBGene00049490.,0,0,0
WBGene00049491.,0,0,0
WBGene00049492.,0,0,0
WBGene00049493.,0,0,0
WBGene00049494.,0,0,0
WBGene00049495.,0,0,0
WBGene00049496.,0,0,0
WBGene00049497.,0,0,0
WBGene00049498.,0,1,1
WBGene00049499.,0,0,0
WBGene00049500.,0,0,0
WBGene00049501.,0,0,0
WBGene00049502.,0,0,0
WBGene00049503.,0,0,0
WBGene00049504.,0,0,0
WBGene00049505.,0,0,0
WBGene00049506.,0,0,0
WBGene00049507.,0,0,0
WBGene00049508.,0,0,0
WBGene00049509.,0,0,0
WBGene00049510.,0,0,0
WBGene00049511.,0,0,0
WBGene00049512.,0,0,0
WBGene00049513.,0,0,0
WBGene00049514.,0,0,0
WBGene00049515.,0,0,0
WBGene00049516.,0,0,0
WBGene00049517.,0,0,0
WBGene00049518.,0,0,0
WBGene00049519.,0,0,0
WBGene00049520.,0,0,0
WBGene00049521.,0,0,0
WBGene00049522.,0,0,0
WBGene00049523.,0,0,0
WBGene00049524.,0,1,1
WBGene00049525.,0,0,0
WBGene00049526.,0,0,0
WBGene00049527.,0,0,0
WBGene00049528.,0,0,0
WBGene00049529.,0,0,0
WBGene00049530.,0,0,0
WBGene00049531.,0,1,1
WBGene00049532.,0,0,0
WBGene00049533.,0,0,0
WBGene00049534.,0,0,0
WBGene00049535.,0,0,0
WBGene00049536.,0,0,0
WBGene00049537.,0,0,0
WBGene00049538.,0,2,2
WBGene00049539.,0,1,1
WBGene00049540.,0,0,0
WBGene00049541.,0,0,0
WBGene00049542.,0,0,0
WBGene00049543.,0,0,0
WBGene00049544.,0,0,0
WBGene00049545.,0,0,0
WBGene00049546.,0,0,0
WBGene00049547.,0,0,0
WBGene00049548.,0,0,0
WBGene00049549.,0,0,0
WBGene00049550.,0,0,0
WBGene00049551.,0,0,0
WBGene00049552.,0,0,0
WBGene00049553.,0,0,0
WBGene00049554.,0,0,0
WBGene00049555.,0,0,0
WBGene00049556.,0,0,0
WBGene00049557.,0,0,0
WBGene00049558.,0,0,0
WBGene00049559.,0,0,0
WBGene00049560.,0,0,0
WBGene00049561.,0,0,0
WBGene00049562.,0,0,0
WBGene00049563.,0,0,0
WBGene00049564.,0,0,0
WBGene00049565.,0,0,0
WBGene00049566.,0,0,0
WBGene00049567.,0,0,0
WBGene00049568.,0,0,0
WBGene00049569.,0,0,0
WBGene00049570.,0,0,0
WBGene00049571.,0,0,0
WBGene00049572.,0,0,0
WBGene00049573.,0,0,0
WBGene00049574.,0,0,0
WBGene00049575.,0,0,0
WBGene00049576.,0,0,0
WBGene00049577.,0,1,1
WBGene00049578.,0,0,0
WBGene00049579.,0,0,0
WBGene00049580.,0,0,0
WBGene00049581.,0,0,0
WBGene00049582.,0,0,0
WBGene00049583.,0,0,0
WBGene00049584.,0,0,0
WBGene00049585.,0,0,0
WBGene00049586.,0,0,0
WBGene00049587.,0,0,0
WBGene00049588.,0,0,0
WBGene00049589.,0,0,0
WBGene00049590.,0,0,0
WBGene00049591.,0,0,0
WBGene00049592.,0,0,0
WBGene00049593.,0,0,0
WBGene00049594.,0,0,0
WBGene00049595.,0,0,0
WBGene00049596.,0,0,0
WBGene00049597.,0,0,0
WBGene00049598.,0,0,0
WBGene00049599.,0,0,0
WBGene00049600.,0,0,0
WBGene00049601.,0,6,6
WBGene00049602.,0,2,2
WBGene00049603.,0,0,0
WBGene00049604.,0,6,6
WBGene00049605.,0,0,0
WBGene00049606.,0,0,0
WBGene00049607.,0,1,1
WBGene00049608.,0,0,0
WBGene00049609.,0,0,0
WBGene00049610.,0,0,0
WBGene00049611.,0,0,0
WBGene00049612.,0,0,0
WBGene00049613.,0,0,0
WBGene00049614.,0,0,0
WBGene00049615.,0,0,0
WBGene00049616.,0,1,1
WBGene00049617.,0,0,0
WBGene00049618.,0,1,1
WBGene00049619.,0,0,0
WBGene00049620.,0,0,0
WBGene00049621.,0,0,0
WBGene00049622.,0,0,0
WBGene00049623.,0,0,0
WBGene00049624.,0,0,0
WBGene00049625.,0,0,0
WBGene00049626.,0,0,0
WBGene00049627.,0,0,0
WBGene00049628.,0,0,0
WBGene00049629.,0,1,1
WBGene00049630.,0,0,0
WBGene00049631.,0,0,0
WBGene00049632.,0,0,0
WBGene00049633.,0,0,0
WBGene00049634.,0,0,0
WBGene00049635.,0,0,0
WBGene00049636.,0,0,0
WBGene00049637.,0,0,0
WBGene00049638.,0,0,0
WBGene00049639.,0,0,0
WBGene00049640.,0,0,0
WBGene00049641.,0,0,0
WBGene00049642.,0,0,0
WBGene00049643.,0,0,0
WBGene00049644.,0,0,0
WBGene00049645.,0,0,0
WBGene00049646.,0,0,0
WBGene00049647.,0,0,0
WBGene00049648.,0,0,0
WBGene00049649.,0,0,0
WBGene00049650.,0,0,0
WBGene00049651.,0,0,0
WBGene00049652.,0,0,0
WBGene00049653.,0,0,0
WBGene00049654.,0,0,0
WBGene00049655.,0,0,0
WBGene00049656.,0,0,0
WBGene00049657.,0,0,0
WBGene00049658.,0,0,0
WBGene00049659.,0,0,0
WBGene00049660.,0,0,0
WBGene00049661.,0,0,0
WBGene00049662.,0,0,0
WBGene00049663.,0,0,0
WBGene00049664.,0,0,0
WBGene00049665.,0,0,0
WBGene00049666.,0,0,0
WBGene00049667.,0,5,5
WBGene00049668.,0,0,0
WBGene00049669.,0,0,0
WBGene00049670.,0,0,0
WBGene00049671.,0,1,1
WBGene00049672.,0,0,0
WBGene00049673.,0,0,0
WBGene00049674.,0,0,0
WBGene00049675.,0,0,0
WBGene00049676.,0,0,0
WBGene00049677.,0,0,0
WBGene00049678.,0,1,1
WBGene00049679.,0,0,0
WBGene00049680.,0,15,15
WBGene00049681.,0,0,0
WBGene00049682.,0,0,0
WBGene00049683.,0,0,0
WBGene00049684.,0,0,0
WBGene00049685.,0,0,0
WBGene00049686.,0,0,0
WBGene00049687.,0,0,0
WBGene00049688.,0,0,0
WBGene00049689.,0,0,0
WBGene00049690.,0,0,0
WBGene00049691.,0,0,0
WBGene00049692.,0,0,0
WBGene00049693.,0,0,0
WBGene00049694.,0,2,2
WBGene00049695.,0,0,0
WBGene00049696.,0,0,0
WBGene00049697.,0,0,0
WBGene00049698.,0,0,0
WBGene00049699.,0,0,0
WBGene00049700.,0,1,1
WBGene00049701.,0,0,0
WBGene00049702.,0,0,0
WBGene00049703.,0,1,1
WBGene00049704.,0,0,0
WBGene00049705.,0,0,0
WBGene00049706.,0,0,0
WBGene00049707.,0,0,0
WBGene00049708.,0,0,0
WBGene00049709.,0,0,0
WBGene00049710.,0,1,1
WBGene00049711.,0,0,0
WBGene00049712.,0,0,0
WBGene00049713.,0,0,0
WBGene00049714.,0,0,0
WBGene00049715.,0,0,0
WBGene00049716.,0,0,0
WBGene00049717.,0,0,0
WBGene00049718.,0,0,0
WBGene00049719.,0,0,0
WBGene00049720.,0,0,0
WBGene00049721.,0,0,0
WBGene00049722.,0,0,0
WBGene00049723.,0,0,0
WBGene00049724.,0,0,0
WBGene00049725.,0,0,0
WBGene00049726.,0,0,0
WBGene00049727.,0,0,0
WBGene00049728.,0,0,0
WBGene00049729.,0,2,2
WBGene00049730.,0,0,0
WBGene00049731.,0,0,0
WBGene00049732.,0,2,2
WBGene00049733.,0,0,0
WBGene00049734.,0,0,0
WBGene00049735.,0,0,0
WBGene00049736.,0,0,0
WBGene00049737.,0,4,4
WBGene00049738.,0,0,0
WBGene00049739.,0,0,0
WBGene00049740.,0,0,0
WBGene00049741.,0,0,0
WBGene00049742.,0,0,0
WBGene00049743.,0,0,0
WBGene00049744.,0,0,0
WBGene00049745.,0,0,0
WBGene00049746.,0,0,0
WBGene00049747.,0,0,0
WBGene00049748.,0,0,0
WBGene00049749.,0,0,0
WBGene00049750.,0,0,0
WBGene00049751.,0,0,0
WBGene00049752.,0,0,0
WBGene00049753.,0,0,0
WBGene00049754.,0,0,0
WBGene00049755.,0,0,0
WBGene00049756.,0,0,0
WBGene00049757.,0,0,0
WBGene00049758.,0,0,0
WBGene00049759.,0,0,0
WBGene00049760.,0,0,0
WBGene00049761.,0,0,0
WBGene00049762.,0,0,0
WBGene00049763.,0,0,0
WBGene00049764.,0,0,0
WBGene00049765.,0,0,0
WBGene00049766.,0,0,0
WBGene00049767.,0,0,0
WBGene00049768.,0,0,0
WBGene00049769.,0,0,0
WBGene00049770.,0,0,0
WBGene00049771.,0,0,0
WBGene00049772.,0,0,0
WBGene00049773.,0,0,0
WBGene00049774.,0,0,0
WBGene00049775.,0,0,0
WBGene00049776.,0,0,0
WBGene00049777.,0,0,0
WBGene00049778.,0,0,0
WBGene00049779.,0,0,0
WBGene00049780.,0,0,0
WBGene00049781.,0,0,0
WBGene00049782.,0,0,0
WBGene00049783.,0,0,0
WBGene00049784.,0,0,0
WBGene00049785.,0,0,0
WBGene00049786.,0,0,0
WBGene00049787.,0,0,0
WBGene00049788.,0,1,1
WBGene00049789.,0,0,0
WBGene00049790.,0,0,0
WBGene00049791.,0,0,0
WBGene00049792.,0,0,0
WBGene00049793.,0,0,0
WBGene00049794.,0,0,0
WBGene00049795.,0,0,0
WBGene00049796.,0,1,1
WBGene00049797.,0,0,0
WBGene00049798.,0,0,0
WBGene00049799.,0,0,0
WBGene00049800.,0,0,0
WBGene00049801.,0,0,0
WBGene00049802.,0,0,0
WBGene00049803.,0,0,0
WBGene00049804.,0,0,0
WBGene00049805.,0,0,0
WBGene00049806.,0,1,1
WBGene00049807.,0,2,2
WBGene00049808.,0,0,0
WBGene00049809.,0,0,0
WBGene00049810.,0,0,0
WBGene00049811.,0,0,0
WBGene00049812.,0,0,0
WBGene00049813.,0,0,0
WBGene00049814.,0,0,0
WBGene00049815.,0,0,0
WBGene00049816.,0,1,1
WBGene00049817.,0,0,0
WBGene00049818.,0,0,0
WBGene00049819.,0,0,0
WBGene00049820.,0,0,0
WBGene00049821.,0,0,0
WBGene00049822.,0,0,0
WBGene00049823.,0,0,0
WBGene00049824.,0,0,0
WBGene00049825.,0,0,0
WBGene00049826.,0,0,0
WBGene00049827.,0,0,0
WBGene00049828.,0,0,0
WBGene00049829.,0,2,2
WBGene00049830.,0,0,0
WBGene00049831.,0,0,0
WBGene00049832.,0,0,0
WBGene00049833.,0,0,0
WBGene00049834.,0,0,0
WBGene00049835.,0,0,0
WBGene00049836.,0,0,0
WBGene00049837.,0,0,0
WBGene00049838.,0,0,0
WBGene00049839.,0,1,1
WBGene00049840.,0,0,0
WBGene00049841.,0,0,0
WBGene00049842.,0,0,0
WBGene00049843.,0,0,0
WBGene00049844.,0,0,0
WBGene00049845.,0,0,0
WBGene00049846.,0,1,1
WBGene00049847.,0,0,0
WBGene00049848.,0,0,0
WBGene00049849.,0,0,0
WBGene00049850.,0,0,0
WBGene00049851.,0,0,0
WBGene00049852.,0,0,0
WBGene00049853.,0,0,0
WBGene00049854.,0,0,0
WBGene00049855.,0,0,0
WBGene00049856.,0,0,0
WBGene00049857.,0,0,0
WBGene00049858.,0,0,0
WBGene00049859.,0,0,0
WBGene00049860.,0,0,0
WBGene00049861.,0,0,0
WBGene00049862.,0,0,0
WBGene00049863.,0,0,0
WBGene00049864.,0,0,0
WBGene00049865.,0,0,0
WBGene00049866.,0,0,0
WBGene00049867.,0,0,0
WBGene00049868.,0,0,0
WBGene00049869.,0,0,0
WBGene00049870.,0,0,0
WBGene00049871.,0,0,0
WBGene00049872.,0,0,0
WBGene00049873.,0,0,0
WBGene00049874.,0,0,0
WBGene00049875.,0,0,0
WBGene00049876.,0,0,0
WBGene00049877.,0,0,0
WBGene00049878.,0,0,0
WBGene00049879.,0,0,0
WBGene00049880.,0,0,0
WBGene00049881.,0,0,0
WBGene00049882.,0,1,1
WBGene00049883.,0,0,0
WBGene00049884.,0,0,0
WBGene00049885.,0,0,0
WBGene00049886.,0,5,5
WBGene00049887.,0,0,0
WBGene00049888.,0,0,0
WBGene00049889.,0,0,0
WBGene00049890.,0,0,0
WBGene00049891.,0,1,1
WBGene00049892.,0,0,0
WBGene00049893.,0,0,0
WBGene00049894.,0,0,0
WBGene00049895.,0,0,0
WBGene00049896.,0,0,0
WBGene00049897.,0,0,0
WBGene00049898.,0,1,1
WBGene00049899.,0,0,0
WBGene00049900.,0,0,0
WBGene00049901.,0,0,0
WBGene00049902.,0,0,0
WBGene00049903.,0,0,0
WBGene00049904.,0,0,0
WBGene00049905.,0,0,0
WBGene00049906.,0,0,0
WBGene00049907.,0,0,0
WBGene00049908.,0,0,0
WBGene00049909.,0,0,0
WBGene00049910.,0,0,0
WBGene00049911.,0,0,0
WBGene00049912.,0,0,0
WBGene00049913.,0,0,0
WBGene00049914.,0,0,0
WBGene00049915.,0,0,0
WBGene00049916.,0,0,0
WBGene00049917.,0,1,1
WBGene00049918.,0,0,0
WBGene00049919.,0,0,0
WBGene00049920.,0,0,0
WBGene00049921.,0,0,0
WBGene00049922.,0,0,0
WBGene00049923.,0,0,0
WBGene00049924.,0,0,0
WBGene00049925.,0,0,0
WBGene00049926.,0,0,0
WBGene00049927.,0,0,0
WBGene00049928.,0,0,0
WBGene00049929.,0,0,0
WBGene00049930.,0,0,0
WBGene00049931.,0,0,0
WBGene00049932.,0,0,0
WBGene00049933.,0,7,7
WBGene00049934.,0,0,0
WBGene00049935.,0,0,0
WBGene00049936.,0,1,1
WBGene00049937.,0,0,0
WBGene00049938.,0,0,0
WBGene00049939.,0,0,0
WBGene00049940.,0,0,0
WBGene00049941.,0,0,0
WBGene00049942.,0,0,0
WBGene00049943.,0,0,0
WBGene00049944.,0,0,0
WBGene00049945.,0,0,0
WBGene00049946.,0,4,4
WBGene00049947.,0,0,0
WBGene00049948.,0,0,0
WBGene00049949.,0,0,0
WBGene00049950.,0,0,0
WBGene00049951.,0,0,0
WBGene00049952.,0,0,0
WBGene00049953.,0,0,0
WBGene00049954.,0,0,0
WBGene00049955.,0,0,0
WBGene00049956.,0,2,2
WBGene00049957.,0,0,0
WBGene00049958.,0,1,1
WBGene00049959.,0,0,0
WBGene00049960.,0,0,0
WBGene00049961.,0,0,0
WBGene00049962.,0,0,0
WBGene00049963.,0,0,0
WBGene00049964.,0,0,0
WBGene00049965.,0,0,0
WBGene00049966.,0,0,0
WBGene00049967.,0,0,0
WBGene00049968.,0,0,0
WBGene00049969.,0,0,0
WBGene00049970.,0,0,0
WBGene00049971.,0,0,0
WBGene00049972.,0,0,0
WBGene00049973.,0,1,1
WBGene00049974.,0,0,0
WBGene00049975.,0,0,0
WBGene00049976.,0,0,0
WBGene00049977.,0,0,0
WBGene00049978.,0,0,0
WBGene00049979.,0,0,0
WBGene00049980.,0,0,0
WBGene00049981.,0,0,0
WBGene00049982.,0,0,0
WBGene00049983.,0,0,0
WBGene00049984.,0,0,0
WBGene00049985.,0,3,3
WBGene00049986.,0,0,0
WBGene00049987.,0,0,0
WBGene00049988.,0,0,0
WBGene00049989.,0,0,0
WBGene00049990.,0,0,0
WBGene00049991.,0,0,0
WBGene00049992.,0,0,0
WBGene00049993.,0,0,0
WBGene00049994.,0,0,0
WBGene00049995.,0,0,0
WBGene00049996.,0,0,0
WBGene00049997.,0,0,0
WBGene00049998.,0,0,0
WBGene00049999.,0,0,0
WBGene00050000.,0,0,0
WBGene00050001.,0,0,0
WBGene00050002.,0,0,0
WBGene00050003.,0,0,0
WBGene00050004.,0,0,0
WBGene00050005.,0,0,0
WBGene00050006.,0,2,2
WBGene00050007.,0,0,0
WBGene00050008.,0,0,0
WBGene00050009.,0,0,0
WBGene00050010.,0,0,0
WBGene00050011.,0,0,0
WBGene00050012.,0,0,0
WBGene00050013.,0,0,0
WBGene00050014.,0,0,0
WBGene00050015.,0,3,3
WBGene00050016.,0,0,0
WBGene00050017.,0,0,0
WBGene00050018.,0,0,0
WBGene00050019.,0,0,0
WBGene00050020.,0,0,0
WBGene00050021.,0,0,0
WBGene00050022.,0,0,0
WBGene00050023.,0,0,0
WBGene00050024.,0,0,0
WBGene00050025.,0,0,0
WBGene00050026.,0,0,0
WBGene00050027.,0,0,0
WBGene00050028.,0,0,0
WBGene00050029.,0,0,0
WBGene00050030.,0,1,1
WBGene00050031.,0,0,0
WBGene00050032.,0,0,0
WBGene00050033.,0,0,0
WBGene00050034.,0,0,0
WBGene00050035.,0,0,0
WBGene00050036.,0,0,0
WBGene00050037.,0,0,0
WBGene00050038.,0,0,0
WBGene00050039.,0,0,0
WBGene00050040.,0,0,0
WBGene00050041.,0,0,0
WBGene00050042.,0,0,0
WBGene00050043.,0,0,0
WBGene00050044.,0,0,0
WBGene00050045.,0,0,0
WBGene00050046.,0,0,0
WBGene00050047.,0,0,0
WBGene00050048.,0,0,0
WBGene00050049.,0,0,0
WBGene00050050.,0,0,0
WBGene00050051.,0,1,1
WBGene00050052.,0,0,0
WBGene00050053.,0,0,0
WBGene00050054.,0,0,0
WBGene00050055.,0,0,0
WBGene00050056.,0,0,0
WBGene00050057.,0,0,0
WBGene00050058.,0,0,0
WBGene00050059.,0,0,0
WBGene00050060.,0,0,0
WBGene00050061.,0,1,1
WBGene00050062.,0,0,0
WBGene00050063.,0,0,0
WBGene00050064.,0,0,0
WBGene00050065.,0,0,0
WBGene00050066.,0,0,0
WBGene00050067.,0,0,0
WBGene00050068.,0,0,0
WBGene00050069.,0,0,0
WBGene00050070.,0,0,0
WBGene00050071.,0,0,0
WBGene00050072.,0,0,0
WBGene00050073.,0,0,0
WBGene00050074.,0,0,0
WBGene00050075.,0,0,0
WBGene00050076.,0,0,0
WBGene00050077.,0,0,0
WBGene00050078.,0,0,0
WBGene00050079.,0,0,0
WBGene00050080.,0,0,0
WBGene00050081.,0,0,0
WBGene00050082.,0,0,0
WBGene00050083.,0,0,0
WBGene00050084.,0,0,0
WBGene00050085.,0,0,0
WBGene00050086.,0,0,0
WBGene00050087.,0,0,0
WBGene00050088.,0,0,0
WBGene00050089.,0,0,0
WBGene00050090.,0,0,0
WBGene00050091.,0,0,0
WBGene00050092.,0,0,0
WBGene00050093.,0,0,0
WBGene00050094.,0,0,0
WBGene00050095.,0,0,0
WBGene00050096.,0,0,0
WBGene00050097.,0,0,0
WBGene00050098.,0,0,0
WBGene00050099.,0,0,0
WBGene00050100.,0,0,0
WBGene00050101.,0,0,0
WBGene00050102.,0,0,0
WBGene00050103.,0,2,2
WBGene00050104.,0,0,0
WBGene00050105.,0,0,0
WBGene00050106.,0,0,0
WBGene00050107.,0,0,0
WBGene00050108.,0,0,0
WBGene00050109.,0,0,0
WBGene00050110.,0,0,0
WBGene00050111.,0,0,0
WBGene00050112.,0,0,0
WBGene00050113.,0,0,0
WBGene00050114.,0,0,0
WBGene00050115.,0,0,0
WBGene00050116.,0,0,0
WBGene00050117.,0,0,0
WBGene00050118.,0,0,0
WBGene00050119.,0,0,0
WBGene00050120.,0,0,0
WBGene00050121.,0,0,0
WBGene00050122.,0,0,0
WBGene00050123.,0,0,0
WBGene00050124.,0,0,0
WBGene00050125.,0,0,0
WBGene00050126.,0,0,0
WBGene00050127.,0,0,0
WBGene00050128.,0,0,0
WBGene00050129.,0,0,0
WBGene00050130.,0,0,0
WBGene00050131.,0,0,0
WBGene00050132.,0,0,0
WBGene00050133.,0,0,0
WBGene00050134.,0,0,0
WBGene00050135.,0,0,0
WBGene00050136.,0,1,1
WBGene00050137.,0,0,0
WBGene00050138.,0,1,1
WBGene00050139.,0,0,0
WBGene00050140.,0,1,1
WBGene00050141.,0,0,0
WBGene00050142.,0,0,0
WBGene00050143.,0,0,0
WBGene00050144.,0,0,0
WBGene00050145.,0,0,0
WBGene00050146.,0,0,0
WBGene00050147.,0,0,0
WBGene00050148.,0,0,0
WBGene00050149.,0,0,0
WBGene00050150.,0,0,0
WBGene00050151.,0,0,0
WBGene00050152.,0,0,0
WBGene00050153.,0,0,0
WBGene00050154.,0,0,0
WBGene00050155.,0,0,0
WBGene00050156.,0,0,0
WBGene00050157.,0,0,0
WBGene00050158.,0,0,0
WBGene00050159.,0,0,0
WBGene00050160.,0,0,0
WBGene00050161.,0,0,0
WBGene00050162.,0,0,0
WBGene00050163.,0,0,0
WBGene00050164.,0,0,0
WBGene00050165.,0,0,0
WBGene00050166.,0,0,0
WBGene00050167.,0,0,0
WBGene00050168.,0,0,0
WBGene00050169.,0,0,0
WBGene00050170.,0,0,0
WBGene00050171.,0,0,0
WBGene00050172.,0,0,0
WBGene00050173.,0,0,0
WBGene00050174.,0,0,0
WBGene00050175.,0,0,0
WBGene00050176.,0,0,0
WBGene00050177.,0,2,2
WBGene00050178.,0,0,0
WBGene00050179.,0,0,0
WBGene00050180.,0,0,0
WBGene00050181.,0,2,2
WBGene00050182.,0,0,0
WBGene00050183.,0,0,0
WBGene00050184.,0,0,0
WBGene00050185.,0,0,0
WBGene00050186.,0,0,0
WBGene00050187.,0,0,0
WBGene00050188.,0,0,0
WBGene00050189.,0,0,0
WBGene00050190.,0,0,0
WBGene00050191.,0,0,0
WBGene00050192.,0,0,0
WBGene00050193.,0,0,0
WBGene00050194.,0,2,2
WBGene00050195.,0,0,0
WBGene00050196.,0,0,0
WBGene00050197.,0,0,0
WBGene00050198.,0,0,0
WBGene00050199.,0,0,0
WBGene00050200.,0,0,0
WBGene00050201.,0,0,0
WBGene00050202.,0,0,0
WBGene00050203.,0,0,0
WBGene00050204.,0,0,0
WBGene00050205.,0,0,0
WBGene00050206.,0,2,2
WBGene00050207.,0,0,0
WBGene00050208.,0,0,0
WBGene00050209.,0,0,0
WBGene00050210.,0,1,1
WBGene00050211.,0,0,0
WBGene00050212.,0,0,0
WBGene00050213.,0,0,0
WBGene00050214.,0,0,0
WBGene00050215.,0,0,0
WBGene00050216.,0,0,0
WBGene00050217.,0,0,0
WBGene00050218.,0,0,0
WBGene00050219.,0,0,0
WBGene00050220.,0,0,0
WBGene00050221.,0,0,0
WBGene00050222.,0,0,0
WBGene00050223.,0,0,0
WBGene00050224.,0,0,0
WBGene00050225.,0,0,0
WBGene00050226.,0,0,0
WBGene00050227.,0,0,0
WBGene00050228.,0,0,0
WBGene00050229.,0,0,0
WBGene00050230.,0,0,0
WBGene00050231.,0,0,0
WBGene00050232.,0,0,0
WBGene00050233.,0,0,0
WBGene00050234.,0,0,0
WBGene00050235.,0,0,0
WBGene00050236.,0,0,0
WBGene00050237.,0,0,0
WBGene00050238.,0,0,0
WBGene00050239.,0,0,0
WBGene00050240.,0,0,0
WBGene00050241.,0,0,0
WBGene00050242.,0,0,0
WBGene00050243.,0,2,2
WBGene00050244.,0,0,0
WBGene00050245.,0,0,0
WBGene00050246.,0,1,1
WBGene00050247.,0,0,0
WBGene00050248.,0,0,0
WBGene00050249.,0,0,0
WBGene00050250.,0,0,0
WBGene00050251.,0,1,1
WBGene00050252.,0,2,2
WBGene00050253.,0,0,0
WBGene00050254.,0,0,0
WBGene00050255.,0,0,0
WBGene00050256.,0,0,0
WBGene00050257.,0,0,0
WBGene00050258.,0,0,0
WBGene00050259.,0,0,0
WBGene00050260.,0,0,0
WBGene00050261.,0,0,0
WBGene00050262.,0,0,0
WBGene00050263.,0,0,0
WBGene00050264.,0,0,0
WBGene00050265.,0,0,0
WBGene00050266.,0,0,0
WBGene00050267.,0,0,0
WBGene00050268.,0,0,0
WBGene00050269.,0,0,0
WBGene00050270.,0,1,1
WBGene00050271.,0,0,0
WBGene00050272.,0,0,0
WBGene00050273.,0,3,3
WBGene00050274.,0,0,0
WBGene00050275.,0,4,4
WBGene00050276.,0,0,0
WBGene00050277.,0,1,1
WBGene00050278.,0,4,4
WBGene00050279.,0,0,0
WBGene00050280.,0,0,0
WBGene00050281.,0,1,1
WBGene00050282.,0,0,0
WBGene00050283.,0,0,0
WBGene00050284.,0,0,0
WBGene00050285.,0,0,0
WBGene00050286.,0,0,0
WBGene00050287.,0,5,5
WBGene00050288.,0,1,1
WBGene00050289.,0,0,0
WBGene00050290.,0,0,0
WBGene00050291.,0,1,1
WBGene00050292.,0,0,0
WBGene00050293.,0,0,0
WBGene00050294.,0,0,0
WBGene00050295.,0,0,0
WBGene00050296.,0,0,0
WBGene00050297.,0,0,0
WBGene00050298.,0,0,0
WBGene00050299.,0,0,0
WBGene00050300.,0,0,0
WBGene00050301.,0,0,0
WBGene00050302.,0,6,6
WBGene00050303.,0,0,0
WBGene00050304.,0,0,0
WBGene00050305.,0,0,0
WBGene00050306.,0,0,0
WBGene00050307.,0,0,0
WBGene00050308.,0,0,0
WBGene00050309.,0,1,1
WBGene00050310.,0,0,0
WBGene00050311.,0,0,0
WBGene00050312.,0,0,0
WBGene00050313.,0,0,0
WBGene00050314.,0,0,0
WBGene00050315.,0,0,0
WBGene00050316.,0,0,0
WBGene00050317.,0,0,0
WBGene00050318.,0,0,0
WBGene00050319.,0,0,0
WBGene00050320.,0,0,0
WBGene00050321.,0,0,0
WBGene00050322.,0,0,0
WBGene00050323.,0,0,0
WBGene00050324.,0,0,0
WBGene00050325.,0,0,0
WBGene00050326.,0,0,0
WBGene00050327.,0,0,0
WBGene00050328.,0,0,0
WBGene00050329.,0,0,0
WBGene00050330.,0,0,0
WBGene00050331.,0,0,0
WBGene00050332.,0,0,0
WBGene00050333.,0,0,0
WBGene00050334.,0,0,0
WBGene00050335.,0,0,0
WBGene00050336.,0,0,0
WBGene00050337.,0,0,0
WBGene00050338.,0,0,0
WBGene00050339.,0,0,0
WBGene00050340.,0,0,0
WBGene00050341.,0,0,0
WBGene00050342.,0,0,0
WBGene00050343.,0,0,0
WBGene00050344.,0,0,0
WBGene00050345.,0,0,0
WBGene00050346.,0,0,0
WBGene00050347.,0,0,0
WBGene00050348.,0,0,0
WBGene00050349.,0,0,0
WBGene00050350.,0,0,0
WBGene00050351.,0,0,0
WBGene00050352.,0,0,0
WBGene00050353.,0,0,0
WBGene00050354.,0,0,0
WBGene00050355.,0,0,0
WBGene00050356.,0,2,2
WBGene00050357.,0,0,0
WBGene00050358.,0,0,0
WBGene00050359.,0,0,0
WBGene00050360.,0,0,0
WBGene00050361.,0,0,0
WBGene00050362.,0,0,0
WBGene00050363.,0,0,0
WBGene00050364.,0,0,0
WBGene00050365.,0,0,0
WBGene00050366.,0,0,0
WBGene00050367.,0,0,0
WBGene00050368.,0,0,0
WBGene00050369.,0,0,0
WBGene00050370.,0,0,0
WBGene00050371.,0,0,0
WBGene00050372.,0,0,0
WBGene00050373.,0,0,0
WBGene00050374.,0,0,0
WBGene00050375.,0,0,0
WBGene00050376.,0,0,0
WBGene00050377.,0,1,1
WBGene00050378.,0,0,0
WBGene00050379.,0,0,0
WBGene00050380.,0,0,0
WBGene00050381.,0,0,0
WBGene00050382.,0,0,0
WBGene00050383.,0,0,0
WBGene00050384.,0,0,0
WBGene00050385.,0,0,0
WBGene00050386.,0,0,0
WBGene00050387.,0,4,4
WBGene00050388.,0,0,0
WBGene00050389.,0,0,0
WBGene00050390.,0,0,0
WBGene00050391.,0,0,0
WBGene00050392.,0,0,0
WBGene00050393.,0,0,0
WBGene00050394.,0,0,0
WBGene00050395.,0,0,0
WBGene00050396.,0,0,0
WBGene00050397.,0,0,0
WBGene00050398.,0,2,2
WBGene00050399.,0,0,0
WBGene00050400.,0,0,0
WBGene00050401.,0,0,0
WBGene00050402.,0,0,0
WBGene00050403.,0,0,0
WBGene00050404.,0,0,0
WBGene00050405.,0,0,0
WBGene00050406.,0,0,0
WBGene00050407.,0,0,0
WBGene00050408.,0,0,0
WBGene00050409.,0,0,0
WBGene00050410.,0,1,1
WBGene00050411.,0,0,0
WBGene00050412.,0,0,0
WBGene00050413.,0,1,1
WBGene00050414.,0,1,1
WBGene00050415.,0,0,0
WBGene00050416.,0,0,0
WBGene00050417.,0,0,0
WBGene00050418.,0,0,0
WBGene00050419.,0,0,0
WBGene00050420.,0,0,0
WBGene00050421.,0,0,0
WBGene00050422.,0,0,0
WBGene00050423.,0,0,0
WBGene00050424.,0,0,0
WBGene00050425.,0,0,0
WBGene00050426.,0,0,0
WBGene00050427.,0,0,0
WBGene00050428.,0,1,1
WBGene00050429.,0,0,0
WBGene00050430.,0,0,0
WBGene00050431.,0,0,0
WBGene00050432.,0,0,0
WBGene00050433.,0,0,0
WBGene00050434.,0,0,0
WBGene00050435.,0,0,0
WBGene00050436.,0,0,0
WBGene00050437.,0,0,0
WBGene00050438.,0,0,0
WBGene00050439.,0,0,0
WBGene00050440.,0,3,3
WBGene00050441.,0,0,0
WBGene00050442.,0,0,0
WBGene00050443.,0,0,0
WBGene00050444.,0,0,0
WBGene00050445.,0,0,0
WBGene00050446.,0,0,0
WBGene00050447.,0,0,0
WBGene00050448.,0,0,0
WBGene00050449.,0,0,0
WBGene00050450.,0,0,0
WBGene00050451.,0,3,3
WBGene00050452.,0,0,0
WBGene00050453.,0,0,0
WBGene00050454.,0,0,0
WBGene00050455.,0,0,0
WBGene00050456.,0,2,2
WBGene00050457.,0,0,0
WBGene00050458.,0,0,0
WBGene00050459.,0,0,0
WBGene00050460.,0,0,0
WBGene00050461.,0,5,5
WBGene00050462.,0,1,1
WBGene00050463.,0,0,0
WBGene00050464.,0,0,0
WBGene00050465.,0,0,0
WBGene00050466.,0,0,0
WBGene00050467.,0,0,0
WBGene00050468.,0,0,0
WBGene00050469.,0,0,0
WBGene00050470.,0,1,1
WBGene00050471.,0,0,0
WBGene00050472.,0,2,2
WBGene00050473.,0,0,0
WBGene00050474.,0,0,0
WBGene00050475.,0,0,0
WBGene00050476.,0,0,0
WBGene00050477.,0,0,0
WBGene00050478.,0,0,0
WBGene00050479.,0,0,0
WBGene00050480.,0,2,2
WBGene00050481.,0,0,0
WBGene00050482.,0,0,0
WBGene00050483.,0,0,0
WBGene00050484.,0,0,0
WBGene00050485.,0,0,0
WBGene00050486.,0,1,1
WBGene00050487.,0,0,0
WBGene00050488.,0,0,0
WBGene00050489.,0,0,0
WBGene00050490.,0,0,0
WBGene00050491.,0,0,0
WBGene00050492.,0,0,0
WBGene00050493.,0,0,0
WBGene00050494.,0,0,0
WBGene00050495.,0,0,0
WBGene00050496.,0,1,1
WBGene00050497.,0,1,1
WBGene00050498.,0,1,1
WBGene00050499.,0,0,0
WBGene00050500.,0,0,0
WBGene00050501.,0,2,2
WBGene00050502.,0,0,0
WBGene00050503.,0,0,0
WBGene00050504.,0,0,0
WBGene00050505.,0,0,0
WBGene00050506.,0,0,0
WBGene00050507.,0,0,0
WBGene00050508.,0,0,0
WBGene00050509.,0,0,0
WBGene00050510.,0,0,0
WBGene00050511.,0,1,1
WBGene00050512.,0,0,0
WBGene00050513.,0,1,1
WBGene00050514.,0,1,1
WBGene00050515.,0,0,0
WBGene00050516.,0,1,1
WBGene00050517.,0,0,0
WBGene00050518.,0,0,0
WBGene00050519.,0,0,0
WBGene00050520.,0,0,0
WBGene00050521.,0,0,0
WBGene00050522.,0,0,0
WBGene00050523.,0,0,0
WBGene00050524.,0,0,0
WBGene00050525.,0,0,0
WBGene00050526.,0,0,0
WBGene00050527.,0,5,5
WBGene00050528.,0,0,0
WBGene00050529.,0,0,0
WBGene00050530.,0,0,0
WBGene00050531.,0,0,0
WBGene00050532.,0,0,0
WBGene00050533.,0,0,0
WBGene00050534.,0,0,0
WBGene00050535.,0,0,0
WBGene00050536.,0,0,0
WBGene00050537.,0,0,0
WBGene00050538.,0,0,0
WBGene00050539.,0,0,0
WBGene00050540.,0,0,0
WBGene00050541.,0,0,0
WBGene00050542.,0,0,0
WBGene00050543.,0,0,0
WBGene00050544.,0,0,0
WBGene00050545.,0,0,0
WBGene00050546.,0,0,0
WBGene00050547.,0,0,0
WBGene00050548.,0,0,0
WBGene00050549.,0,0,0
WBGene00050550.,0,0,0
WBGene00050551.,0,1,1
WBGene00050552.,0,0,0
WBGene00050553.,0,0,0
WBGene00050554.,0,0,0
WBGene00050555.,0,0,0
WBGene00050556.,0,0,0
WBGene00050557.,0,0,0
WBGene00050558.,0,0,0
WBGene00050559.,0,0,0
WBGene00050560.,0,0,0
WBGene00050561.,0,0,0
WBGene00050562.,0,0,0
WBGene00050563.,0,0,0
WBGene00050564.,0,0,0
WBGene00050565.,0,0,0
WBGene00050566.,0,0,0
WBGene00050567.,0,0,0
WBGene00050568.,0,0,0
WBGene00050569.,0,0,0
WBGene00050570.,0,0,0
WBGene00050571.,0,1,1
WBGene00050572.,0,0,0
WBGene00050573.,0,0,0
WBGene00050574.,0,1,1
WBGene00050575.,0,0,0
WBGene00050576.,0,0,0
WBGene00050577.,0,0,0
WBGene00050578.,0,0,0
WBGene00050579.,0,0,0
WBGene00050580.,0,0,0
WBGene00050581.,0,1,1
WBGene00050582.,0,0,0
WBGene00050583.,0,0,0
WBGene00050584.,0,0,0
WBGene00050585.,0,0,0
WBGene00050586.,0,0,0
WBGene00050587.,0,0,0
WBGene00050588.,0,0,0
WBGene00050589.,0,0,0
WBGene00050590.,0,4,4
WBGene00050591.,0,0,0
WBGene00050592.,0,0,0
WBGene00050593.,0,0,0
WBGene00050594.,0,0,0
WBGene00050595.,0,0,0
WBGene00050596.,0,0,0
WBGene00050597.,0,0,0
WBGene00050598.,0,0,0
WBGene00050599.,0,0,0
WBGene00050600.,0,0,0
WBGene00050601.,0,0,0
WBGene00050602.,0,0,0
WBGene00050603.,0,0,0
WBGene00050604.,0,1,1
WBGene00050605.,0,0,0
WBGene00050606.,0,0,0
WBGene00050607.,0,0,0
WBGene00050608.,0,0,0
WBGene00050609.,0,0,0
WBGene00050610.,0,0,0
WBGene00050611.,0,0,0
WBGene00050612.,0,0,0
WBGene00050613.,0,0,0
WBGene00050614.,0,0,0
WBGene00050615.,0,0,0
WBGene00050616.,0,0,0
WBGene00050617.,0,0,0
WBGene00050618.,0,0,0
WBGene00050619.,0,0,0
WBGene00050620.,0,0,0
WBGene00050621.,0,0,0
WBGene00050622.,0,0,0
WBGene00050623.,0,0,0
WBGene00050624.,0,0,0
WBGene00050625.,0,0,0
WBGene00050626.,0,0,0
WBGene00050627.,0,0,0
WBGene00050628.,0,0,0
WBGene00050629.,0,1,1
WBGene00050630.,0,0,0
WBGene00050631.,0,0,0
WBGene00050632.,0,0,0
WBGene00050633.,0,0,0
WBGene00050634.,0,0,0
WBGene00050635.,0,0,0
WBGene00050636.,0,0,0
WBGene00050637.,0,0,0
WBGene00050638.,0,0,0
WBGene00050639.,0,0,0
WBGene00050640.,0,0,0
WBGene00050641.,0,0,0
WBGene00050642.,0,0,0
WBGene00050643.,0,0,0
WBGene00050644.,0,0,0
WBGene00050645.,0,0,0
WBGene00050646.,0,0,0
WBGene00050647.,0,2,2
WBGene00050648.,0,1,1
WBGene00050649.,0,0,0
WBGene00050650.,0,0,0
WBGene00050651.,0,0,0
WBGene00050652.,0,0,0
WBGene00050653.,0,6,6
WBGene00050654.,0,0,0
WBGene00050655.,0,0,0
WBGene00050656.,0,0,0
WBGene00050657.,0,0,0
WBGene00050658.,0,1,1
WBGene00050659.,0,0,0
WBGene00050660.,0,0,0
WBGene00050661.,0,0,0
WBGene00050662.,0,0,0
WBGene00050663.,0,0,0
WBGene00050664.,0,0,0
WBGene00050665.,0,0,0
WBGene00050666.,0,0,0
WBGene00050667.,0,0,0
WBGene00050668.,0,0,0
WBGene00050669.,0,0,0
WBGene00050670.,0,0,0
WBGene00050671.,0,0,0
WBGene00050672.,0,0,0
WBGene00050673.,0,0,0
WBGene00050674.,0,0,0
WBGene00050675.,0,0,0
WBGene00050676.,0,0,0
WBGene00050677.,0,0,0
WBGene00050678.,0,0,0
WBGene00050679.,0,0,0
WBGene00050680.,0,1,1
WBGene00050681.,0,1,1
WBGene00050682.,0,0,0
WBGene00050683.,0,0,0
WBGene00050684.,0,0,0
WBGene00050685.,0,2,2
WBGene00050686.,0,1,1
WBGene00050687.,0,0,0
WBGene00050688.,0,0,0
WBGene00050689.,0,1,1
WBGene00050690.,0,0,0
WBGene00050691.,0,0,0
WBGene00050692.,0,0,0
WBGene00050693.,0,0,0
WBGene00050694.,0,0,0
WBGene00050695.,0,0,0
WBGene00050696.,0,0,0
WBGene00050697.,0,0,0
WBGene00050698.,0,0,0
WBGene00050699.,0,0,0
WBGene00050700.,0,0,0
WBGene00050701.,0,0,0
WBGene00050702.,0,0,0
WBGene00050703.,0,0,0
WBGene00050704.,0,0,0
WBGene00050705.,0,0,0
WBGene00050706.,0,0,0
WBGene00050707.,0,0,0
WBGene00050708.,0,0,0
WBGene00050709.,0,0,0
WBGene00050710.,0,0,0
WBGene00050711.,0,0,0
WBGene00050712.,0,0,0
WBGene00050713.,0,0,0
WBGene00050714.,0,0,0
WBGene00050715.,0,0,0
WBGene00050716.,0,0,0
WBGene00050717.,0,0,0
WBGene00050718.,0,0,0
WBGene00050719.,0,0,0
WBGene00050720.,0,0,0
WBGene00050721.,0,0,0
WBGene00050722.,0,0,0
WBGene00050723.,0,0,0
WBGene00050724.,0,0,0
WBGene00050725.,0,0,0
WBGene00050726.,0,0,0
WBGene00050727.,0,0,0
WBGene00050728.,0,0,0
WBGene00050729.,0,2,2
WBGene00050730.,0,0,0
WBGene00050731.,0,0,0
WBGene00050732.,0,0,0
WBGene00050733.,0,0,0
WBGene00050734.,0,0,0
WBGene00050735.,0,0,0
WBGene00050736.,0,0,0
WBGene00050737.,0,0,0
WBGene00050738.,0,0,0
WBGene00050739.,0,0,0
WBGene00050740.,0,0,0
WBGene00050741.,0,0,0
WBGene00050742.,0,0,0
WBGene00050743.,0,0,0
WBGene00050744.,0,0,0
WBGene00050745.,0,0,0
WBGene00050746.,0,0,0
WBGene00050747.,0,0,0
WBGene00050748.,0,0,0
WBGene00050749.,0,0,0
WBGene00050750.,0,0,0
WBGene00050751.,0,0,0
WBGene00050752.,0,0,0
WBGene00050753.,0,0,0
WBGene00050754.,0,0,0
WBGene00050755.,0,0,0
WBGene00050756.,0,0,0
WBGene00050757.,0,0,0
WBGene00050758.,0,0,0
WBGene00050759.,0,0,0
WBGene00050760.,0,0,0
WBGene00050761.,0,2,2
WBGene00050762.,0,0,0
WBGene00050763.,0,0,0
WBGene00050764.,0,1,1
WBGene00050765.,0,0,0
WBGene00050766.,0,0,0
WBGene00050767.,0,0,0
WBGene00050768.,0,0,0
WBGene00050769.,0,0,0
WBGene00050770.,0,0,0
WBGene00050771.,0,0,0
WBGene00050772.,0,0,0
WBGene00050773.,0,0,0
WBGene00050774.,0,0,0
WBGene00050775.,0,0,0
WBGene00050776.,0,0,0
WBGene00050777.,0,0,0
WBGene00050778.,0,2,2
WBGene00050779.,0,0,0
WBGene00050780.,0,0,0
WBGene00050781.,0,0,0
WBGene00050782.,0,0,0
WBGene00050783.,0,0,0
WBGene00050784.,0,1,1
WBGene00050785.,0,0,0
WBGene00050786.,0,0,0
WBGene00050787.,0,0,0
WBGene00050788.,0,0,0
WBGene00050789.,0,1,1
WBGene00050790.,0,0,0
WBGene00050791.,0,0,0
WBGene00050792.,0,0,0
WBGene00050793.,0,0,0
WBGene00050794.,0,0,0
WBGene00050795.,0,0,0
WBGene00050796.,0,0,0
WBGene00050797.,0,0,0
WBGene00050798.,0,0,0
WBGene00050799.,0,0,0
WBGene00050800.,0,0,0
WBGene00050801.,0,0,0
WBGene00050802.,0,0,0
WBGene00050803.,0,0,0
WBGene00050804.,0,2,2
WBGene00050805.,0,0,0
WBGene00050806.,0,0,0
WBGene00050807.,0,0,0
WBGene00050808.,0,0,0
WBGene00050809.,0,0,0
WBGene00050810.,0,0,0
WBGene00050811.,0,0,0
WBGene00050812.,0,0,0
WBGene00050813.,0,1,1
WBGene00050814.,0,0,0
WBGene00050815.,0,0,0
WBGene00050816.,0,0,0
WBGene00050817.,0,0,0
WBGene00050818.,0,0,0
WBGene00050819.,0,0,0
WBGene00050820.,0,0,0
WBGene00050821.,0,0,0
WBGene00050822.,0,0,0
WBGene00050823.,0,0,0
WBGene00050824.,0,0,0
WBGene00050825.,0,0,0
WBGene00050826.,0,0,0
WBGene00050827.,0,0,0
WBGene00050828.,0,0,0
WBGene00050829.,0,1,1
WBGene00050830.,0,0,0
WBGene00050831.,0,0,0
WBGene00050832.,0,0,0
WBGene00050833.,0,0,0
WBGene00050834.,0,0,0
WBGene00050835.,0,0,0
WBGene00050836.,0,0,0
WBGene00050837.,0,3,3
WBGene00050838.,0,0,0
WBGene00050839.,0,0,0
WBGene00050840.,0,0,0
WBGene00050841.,0,0,0
WBGene00050842.,0,0,0
WBGene00050843.,0,0,0
WBGene00050844.,0,1,1
WBGene00050845.,0,0,0
WBGene00050846.,0,0,0
WBGene00050847.,0,0,0
WBGene00050848.,0,0,0
WBGene00050849.,0,1,1
WBGene00050850.,0,0,0
WBGene00050851.,0,0,0
WBGene00050852.,0,1,1
WBGene00050853.,0,0,0
WBGene00050854.,0,1,1
WBGene00050855.,0,0,0
WBGene00050856.,0,0,0
WBGene00050857.,0,0,0
WBGene00050858.,0,0,0
WBGene00050859.,0,0,0
WBGene00050860.,0,2,2
WBGene00050861.,0,0,0
WBGene00050862.,0,0,0
WBGene00050863.,0,0,0
WBGene00050864.,0,0,0
WBGene00050865.,0,0,0
WBGene00050866.,0,0,0
WBGene00050867.,0,0,0
WBGene00050868.,0,0,0
WBGene00050869.,0,0,0
WBGene00050870.,0,0,0
WBGene00050871.,0,0,0
WBGene00050873.,0,32,32
WBGene00050874.,0,3,3
WBGene00050875.,3,31,34
WBGene00050878.,0,3,3
WBGene00050879.,0,0,0
WBGene00050880.,6,0,6
WBGene00050881.,0,1,1
WBGene00050883.,0,2,2
WBGene00050884.,120,442,562
WBGene00050885.,83,436,519
WBGene00050889.,18,138,156
WBGene00050890.,0,22,22
WBGene00050891.,0,34,34
WBGene00050892.,0,1,1
WBGene00050893.,0,2,2
WBGene00050894.,0,0,0
WBGene00050896.,0,0,0
WBGene00050897.,0,1,1
WBGene00050898.,0,0,0
WBGene00050899.,3,70,73
WBGene00050900.,0,0,0
WBGene00050902.,0,0,0
WBGene00050903.,183,869,1052
WBGene00050904.,1,7,8
WBGene00050906.,0,1,1
WBGene00050907.,0,0,0
WBGene00050910.,1,1,2
WBGene00050911.,0,4,4
WBGene00050912.,0,0,0
WBGene00050913.,1,0,1
WBGene00050914.,0,0,0
WBGene00050915.,5,9,14
WBGene00050916.,4,4,8
WBGene00050917.,17,49,66
WBGene00050919.,3,1,4
WBGene00050920.,6,86,92
WBGene00050921.,0,0,0
WBGene00050922.,0,0,0
WBGene00050923.,0,1,1
WBGene00050924.,0,0,0
WBGene00050926.,1,3,4
WBGene00050927.,65,100,165
WBGene00050928.,0,1,1
WBGene00050929.,0,0,0
WBGene00050930.,0,1,1
WBGene00050931.,0,3,3
WBGene00050932.,0,1,1
WBGene00050933.,0,0,0
WBGene00050934.,3,20,23
WBGene00050935.,318,16,334
WBGene00050936.,0,294,294
WBGene00050937.,36,364,400
WBGene00050938.,0,2,2
WBGene00050939.,0,0,0
WBGene00050940.,0,2,2
WBGene00050941.,9,519,528
WBGene00050943.,37,188,225
WBGene00050944.,58,753,811
WBGene00050945.,9,95,104
WBGene00050946.,3,13,16
WBGene00050947.,2,294,296
WBGene00050948.,16,46,62
WBGene00050949.,0,0,0
WBGene00050950.,0,0,0
WBGene00050951.,0,0,0
WBGene00050954.,0,0,0
WBGene00050955.,0,0,0
WBGene00050956.,2,0,2
WBGene00050957.,0,0,0
WBGene00050958.,0,4,4
WBGene00050959.,0,0,0
WBGene00050960.,0,0,0
WBGene00050961.,0,0,0
WBGene00050962.,0,0,0
WBGene00050963.,0,0,0
WBGene00050964.,0,16,16
WBGene00050965.,0,0,0
WBGene00050967.,0,5,5
WBGene00050968.,0,0,0
WBGene00050970.,0,4,4
WBGene00050971.,0,1,1
WBGene00050972.,0,0,0
WBGene00050973.,0,1,1
WBGene00050974.,0,6,6
WBGene00050976.,0,0,0
WBGene00050977.,0,15,15
WBGene00077434.,41,2,43
WBGene00077436.,1,1,2
WBGene00077437.,535,2389,2924
WBGene00077438.,3,4,7
WBGene00077439.,0,17,17
WBGene00077440.,0,1,1
WBGene00077441.,0,0,0
WBGene00077442.,1,2,3
WBGene00077443.,0,27,27
WBGene00077444.,0,6,6
WBGene00077445.,0,0,0
WBGene00077446.,0,0,0
WBGene00077447.,0,1,1
WBGene00077448.,7,1,8
WBGene00077449.,0,8,8
WBGene00077450.,5,2,7
WBGene00077451.,0,0,0
WBGene00077452.,0,0,0
WBGene00077453.,11,318,329
WBGene00077454.,0,0,0
WBGene00077455.,8,23,31
WBGene00077456.,0,0,0
WBGene00077457.,4,87,91
WBGene00077459.,0,1,1
WBGene00077460.,0,2,2
WBGene00077461.,0,7,7
WBGene00077462.,0,0,0
WBGene00077463.,0,0,0
WBGene00077464.,0,0,0
WBGene00077465.,0,5,5
WBGene00077466.,0,0,0
WBGene00077467.,0,0,0
WBGene00077468.,0,0,0
WBGene00077469.,0,1,1
WBGene00077470.,0,1,1
WBGene00077471.,0,0,0
WBGene00077472.,0,0,0
WBGene00077473.,0,0,0
WBGene00077474.,0,0,0
WBGene00077475.,0,0,0
WBGene00077476.,0,0,0
WBGene00077477.,0,0,0
WBGene00077478.,0,0,0
WBGene00077479.,0,0,0
WBGene00077480.,0,0,0
WBGene00077481.,0,0,0
WBGene00077482.,0,0,0
WBGene00077483.,0,0,0
WBGene00077484.,0,0,0
WBGene00077485.,0,0,0
WBGene00077486.,0,0,0
WBGene00077487.,0,0,0
WBGene00077488.,0,0,0
WBGene00077489.,2,17,19
WBGene00077490.,22,243,265
WBGene00077491.,1,43,44
WBGene00077492.,0,0,0
WBGene00077493.,0,3,3
WBGene00077494.,0,0,0
WBGene00077495.,0,2,2
WBGene00077496.,0,0,0
WBGene00077497.,218,276,494
WBGene00077498.,0,0,0
WBGene00077499.,0,1,1
WBGene00077500.,20,133,153
WBGene00077501.,0,5,5
WBGene00077502.,0,0,0
WBGene00077503.,0,0,0
WBGene00077504.,0,0,0
WBGene00077506.,0,1,1
WBGene00077508.,13,15,28
WBGene00077510.,0,0,0
WBGene00077514.,0,0,0
WBGene00077515.,0,0,0
WBGene00077516.,0,0,0
WBGene00077517.,0,0,0
WBGene00077519.,0,4,4
WBGene00077520.,104,504,608
WBGene00077521.,0,274,274
WBGene00077522.,2,10,12
WBGene00077523.,1,9,10
WBGene00077524.,0,0,0
WBGene00077525.,2,33,35
WBGene00077526.,1776,11294,13070
WBGene00077527.,0,6,6
WBGene00077531.,0,4,4
WBGene00077534.,0,0,0
WBGene00077535.,2,0,2
WBGene00077536.,6,52,58
WBGene00077537.,3,61,64
WBGene00077538.,2,6,8
WBGene00077539.,82,40,122
WBGene00077543.,3,21,24
WBGene00077546.,2,6,8
WBGene00077548.,1,2,3
WBGene00077549.,0,1,1
WBGene00077551.,0,12,12
WBGene00077552.,80,8,88
WBGene00077553.,41,66,107
WBGene00077555.,0,0,0
WBGene00077556.,1,30,31
WBGene00077557.,9,36,45
WBGene00077558.,14,23,37
WBGene00077559.,7,31,38
WBGene00077561.,0,1,1
WBGene00077562.,1,0,1
WBGene00077563.,10,9,19
WBGene00077564.,1,1,2
WBGene00077565.,0,7,7
WBGene00077566.,0,1,1
WBGene00077567.,0,0,0
WBGene00077568.,0,43,43
WBGene00077569.,8,12,20
WBGene00077570.,5,55,60
WBGene00077571.,0,0,0
WBGene00077572.,106,243,349
WBGene00077573.,25,301,326
WBGene00077574.,3,29,32
WBGene00077575.,0,0,0
WBGene00077576.,1,1,2
WBGene00077577.,7,4,11
WBGene00077579.,1,1,2
WBGene00077580.,0,1,1
WBGene00077581.,0,0,0
WBGene00077582.,2,2,4
WBGene00077583.,1,2,3
WBGene00077584.,0,0,0
WBGene00077585.,11,8,19
WBGene00077586.,0,4,4
WBGene00077588.,2,12,14
WBGene00077589.,0,0,0
WBGene00077590.,0,0,0
WBGene00077592.,2,0,2
WBGene00077593.,6,19,25
WBGene00077594.,114,137,251
WBGene00077595.,0,0,0
WBGene00077596.,0,0,0
WBGene00077597.,0,0,0
WBGene00077598.,0,0,0
WBGene00077599.,40,189,229
WBGene00077600.,1,0,1
WBGene00077601.,0,0,0
WBGene00077602.,0,0,0
WBGene00077603.,0,0,0
WBGene00077604.,0,1,1
WBGene00077605.,0,0,0
WBGene00077606.,0,0,0
WBGene00077607.,0,1,1
WBGene00077608.,0,1,1
WBGene00077609.,0,0,0
WBGene00077610.,0,0,0
WBGene00077611.,0,1,1
WBGene00077612.,0,1,1
WBGene00077613.,0,1,1
WBGene00077614.,0,0,0
WBGene00077615.,3,4,7
WBGene00077616.,4,19,23
WBGene00077617.,0,0,0
WBGene00077618.,0,0,0
WBGene00077619.,0,0,0
WBGene00077620.,0,0,0
WBGene00077621.,0,0,0
WBGene00077622.,0,0,0
WBGene00077624.,0,0,0
WBGene00077625.,0,0,0
WBGene00077626.,0,1,1
WBGene00077627.,0,0,0
WBGene00077629.,0,0,0
WBGene00077630.,0,0,0
WBGene00077631.,0,0,0
WBGene00077632.,0,0,0
WBGene00077633.,0,0,0
WBGene00077634.,0,0,0
WBGene00077635.,0,1,1
WBGene00077636.,32,25,57
WBGene00077637.,0,1,1
WBGene00077638.,0,0,0
WBGene00077640.,0,3,3
WBGene00077641.,0,0,0
WBGene00077642.,0,0,0
WBGene00077643.,36,417,453
WBGene00077644.,0,1,1
WBGene00077646.,0,0,0
WBGene00077647.,0,0,0
WBGene00077648.,0,1,1
WBGene00077649.,0,0,0
WBGene00077650.,0,0,0
WBGene00077651.,0,0,0
WBGene00077652.,4,3,7
WBGene00077653.,0,0,0
WBGene00077654.,0,0,0
WBGene00077655.,0,0,0
WBGene00077656.,0,0,0
WBGene00077657.,0,2,2
WBGene00077658.,43,328,371
WBGene00077659.,1,2,3
WBGene00077660.,0,0,0
WBGene00077662.,0,0,0
WBGene00077663.,0,0,0
WBGene00077664.,0,2,2
WBGene00077666.,0,1,1
WBGene00077667.,0,0,0
WBGene00077669.,122,303,425
WBGene00077670.,0,0,0
WBGene00077671.,0,0,0
WBGene00077673.,0,0,0
WBGene00077674.,0,0,0
WBGene00077679.,4,23,27
WBGene00077680.,0,12,12
WBGene00077681.,15,56,71
WBGene00077682.,1,2,3
WBGene00077684.,0,1,1
WBGene00077685.,0,0,0
WBGene00077686.,0,0,0
WBGene00077687.,0,2,2
WBGene00077688.,1,4,5
WBGene00077689.,0,1,1
WBGene00077690.,9,665,674
WBGene00077691.,0,5,5
WBGene00077692.,9,39,48
WBGene00077693.,192,3038,3230
WBGene00077694.,0,0,0
WBGene00077695.,0,0,0
WBGene00077696.,40,34,74
WBGene00077697.,68,51,119
WBGene00077698.,81,278,359
WBGene00077699.,5,23,28
WBGene00077701.,17,273,290
WBGene00077703.,15,27,42
WBGene00077704.,1,20,21
WBGene00077705.,0,0,0
WBGene00077706.,0,0,0
WBGene00077707.,0,0,0
WBGene00077708.,0,0,0
WBGene00077709.,0,0,0
WBGene00077712.,6,123,129
WBGene00077714.,2,7,9
WBGene00077715.,0,0,0
WBGene00077716.,0,0,0
WBGene00077717.,0,0,0
WBGene00077718.,0,0,0
WBGene00077719.,0,0,0
WBGene00077720.,0,0,0
WBGene00077721.,0,0,0
WBGene00077722.,0,0,0
WBGene00077723.,0,0,0
WBGene00077724.,0,0,0
WBGene00077725.,0,0,0
WBGene00077726.,0,0,0
WBGene00077727.,0,0,0
WBGene00077728.,0,210,210
WBGene00077732.,4,108,112
WBGene00077750.,0,1,1
WBGene00077751.,1,1,2
WBGene00077752.,2,37,39
WBGene00077753.,5,4,9
WBGene00077754.,0,1,1
WBGene00077755.,0,0,0
WBGene00077756.,0,5,5
WBGene00077757.,10,41,51
WBGene00077758.,0,1,1
WBGene00077759.,2,0,2
WBGene00077761.,34,1499,1533
WBGene00077762.,0,10,10
WBGene00077763.,6,25,31
WBGene00077764.,0,219,219
WBGene00077765.,0,24,24
WBGene00077766.,0,0,0
WBGene00077767.,0,0,0
WBGene00077768.,4,10,14
WBGene00077769.,0,10,10
WBGene00077770.,2,15,17
WBGene00077771.,798,7820,8618
WBGene00077772.,1,14,15
WBGene00077773.,0,141,141
WBGene00077775.,40,201,241
WBGene00077781.,1,20,21
WBGene00077782.,4,1,5
WBGene00077783.,5,33,38
WBGene00077784.,2,19,21
WBGene00077785.,2,4,6
WBGene00077786.,163,444,607
WBGene00077787.,0,6,6
WBGene00077788.,0,18,18
WBGene00077789.,0,0,0
WBGene00086546.,40,122,162
WBGene00086551.,7,139,146
WBGene00086552.,0,0,0
WBGene00086553.,89,585,674
WBGene00086554.,0,3,3
WBGene00086555.,3,0,3
WBGene00086556.,2,5,7
WBGene00086557.,27,249,276
WBGene00086558.,9,68,77
WBGene00086559.,32,128,160
WBGene00086560.,2,7,9
WBGene00086561.,0,0,0
WBGene00086562.,2,2,4
WBGene00086563.,1,2,3
WBGene00086564.,0,3,3
WBGene00086565.,0,0,0
WBGene00086566.,45,348,393
WBGene00086567.,1,3,4
WBGene00086568.,6,27,33
WBGene00086569.,110,493,603
WBGene00119201.,3,0,3
WBGene00119203.,13,190,203
WBGene00119204.,0,3,3
WBGene00138711.,0,23,23
WBGene00138714.,0,0,0
WBGene00138715.,0,0,0
WBGene00138716.,0,2,2
WBGene00138717.,230,891,1121
WBGene00138719.,1,0,1
WBGene00138720.,26,284,310
WBGene00138721.,1,6,7
WBGene00138724.,0,53,53
WBGene00164968.,23,144,167
WBGene00164969.,0,0,0
WBGene00164971.,0,0,0
WBGene00164972.,0,1,1
WBGene00164973.,0,25,25
WBGene00164974.,0,0,0
WBGene00164983.,2,26,28
WBGene00164985.,18,45,63
WBGene00164986.,4,1,5
WBGene00164991.,0,0,0
WBGene00164992.,0,0,0
WBGene00164993.,0,0,0
WBGene00164994.,0,0,0
WBGene00164995.,0,0,0
WBGene00164996.,0,0,0
WBGene00164997.,0,0,0
WBGene00164998.,0,0,0
WBGene00164999.,0,0,0
WBGene00165000.,0,0,0
WBGene00165001.,0,0,0
WBGene00165002.,0,0,0
WBGene00165003.,0,0,0
WBGene00165004.,0,0,0
WBGene00165005.,0,0,0
WBGene00165006.,0,0,0
WBGene00165007.,0,1,1
WBGene00165009.,0,0,0
WBGene00165010.,0,0,0
WBGene00165011.,0,0,0
WBGene00165012.,0,0,0
WBGene00165013.,0,0,0
WBGene00165014.,0,0,0
WBGene00165015.,0,0,0
WBGene00165016.,0,0,0
WBGene00165017.,0,0,0
WBGene00165018.,0,1,1
WBGene00165019.,0,0,0
WBGene00165020.,0,0,0
WBGene00165021.,0,0,0
WBGene00165022.,0,0,0
WBGene00165023.,0,0,0
WBGene00165024.,0,0,0
WBGene00165025.,0,0,0
WBGene00165026.,0,0,0
WBGene00165027.,0,0,0
WBGene00165028.,0,0,0
WBGene00165029.,0,0,0
WBGene00165030.,0,0,0
WBGene00165031.,0,0,0
WBGene00165032.,0,0,0
WBGene00165033.,0,0,0
WBGene00165034.,0,0,0
WBGene00165035.,0,0,0
WBGene00165036.,0,0,0
WBGene00165037.,0,0,0
WBGene00165038.,0,0,0
WBGene00165039.,0,0,0
WBGene00165040.,0,0,0
WBGene00165041.,0,0,0
WBGene00165042.,0,0,0
WBGene00165043.,0,0,0
WBGene00165044.,0,0,0
WBGene00165045.,0,0,0
WBGene00165046.,0,1,1
WBGene00165047.,0,0,0
WBGene00165048.,0,0,0
WBGene00165049.,0,0,0
WBGene00165050.,0,0,0
WBGene00165051.,0,0,0
WBGene00165052.,0,0,0
WBGene00165053.,0,0,0
WBGene00165054.,0,0,0
WBGene00165055.,0,0,0
WBGene00165056.,0,4,4
WBGene00165057.,0,0,0
WBGene00165058.,0,0,0
WBGene00165059.,0,0,0
WBGene00165060.,0,0,0
WBGene00165061.,0,0,0
WBGene00165062.,0,0,0
WBGene00165063.,0,0,0
WBGene00165064.,0,0,0
WBGene00165065.,0,0,0
WBGene00165066.,0,0,0
WBGene00165067.,0,0,0
WBGene00165068.,0,0,0
WBGene00165069.,0,0,0
WBGene00165070.,0,0,0
WBGene00165071.,0,0,0
WBGene00165072.,0,0,0
WBGene00165073.,0,0,0
WBGene00165074.,0,0,0
WBGene00165075.,0,0,0
WBGene00165076.,0,0,0
WBGene00165077.,0,1,1
WBGene00165078.,0,0,0
WBGene00165079.,0,0,0
WBGene00165080.,0,0,0
WBGene00165081.,0,0,0
WBGene00165082.,0,0,0
WBGene00165083.,0,0,0
WBGene00165084.,0,0,0
WBGene00165085.,0,0,0
WBGene00165086.,0,0,0
WBGene00165087.,0,0,0
WBGene00165088.,0,0,0
WBGene00165089.,0,0,0
WBGene00165090.,0,0,0
WBGene00165091.,0,1,1
WBGene00165092.,0,0,0
WBGene00165093.,0,0,0
WBGene00165094.,0,0,0
WBGene00165095.,0,0,0
WBGene00165096.,0,0,0
WBGene00165097.,0,0,0
WBGene00165098.,0,0,0
WBGene00165099.,0,0,0
WBGene00165100.,0,0,0
WBGene00165101.,0,0,0
WBGene00165102.,0,4,4
WBGene00165103.,0,0,0
WBGene00165104.,0,0,0
WBGene00165105.,0,0,0
WBGene00165106.,0,0,0
WBGene00165107.,0,0,0
WBGene00165108.,0,0,0
WBGene00165109.,0,0,0
WBGene00165110.,0,0,0
WBGene00165111.,0,0,0
WBGene00165112.,0,0,0
WBGene00165113.,0,0,0
WBGene00165114.,0,0,0
WBGene00165115.,0,0,0
WBGene00165116.,0,0,0
WBGene00165117.,0,0,0
WBGene00165118.,0,0,0
WBGene00165119.,0,0,0
WBGene00165120.,0,0,0
WBGene00165121.,0,0,0
WBGene00165122.,0,0,0
WBGene00165123.,0,0,0
WBGene00165124.,0,0,0
WBGene00165125.,0,0,0
WBGene00165126.,0,0,0
WBGene00165127.,0,0,0
WBGene00165128.,0,0,0
WBGene00165129.,0,0,0
WBGene00165130.,0,0,0
WBGene00165131.,0,0,0
WBGene00165132.,0,0,0
WBGene00165133.,0,0,0
WBGene00165134.,0,0,0
WBGene00165135.,0,0,0
WBGene00165136.,0,0,0
WBGene00165137.,0,0,0
WBGene00165138.,0,0,0
WBGene00165139.,0,0,0
WBGene00165140.,0,0,0
WBGene00165141.,0,0,0
WBGene00165142.,0,0,0
WBGene00165143.,0,0,0
WBGene00165144.,0,0,0
WBGene00165146.,0,0,0
WBGene00165147.,0,0,0
WBGene00165148.,0,0,0
WBGene00165149.,0,0,0
WBGene00165150.,0,0,0
WBGene00165151.,0,0,0
WBGene00165152.,0,0,0
WBGene00165153.,0,0,0
WBGene00165154.,0,0,0
WBGene00165155.,0,0,0
WBGene00165156.,0,0,0
WBGene00165157.,0,0,0
WBGene00165158.,0,0,0
WBGene00165159.,0,1,1
WBGene00165160.,0,0,0
WBGene00165161.,0,0,0
WBGene00165162.,0,0,0
WBGene00165163.,0,0,0
WBGene00165164.,0,0,0
WBGene00165165.,0,0,0
WBGene00165166.,0,0,0
WBGene00165167.,0,0,0
WBGene00165168.,0,0,0
WBGene00165169.,0,0,0
WBGene00165170.,0,0,0
WBGene00165171.,0,0,0
WBGene00165172.,0,0,0
WBGene00165173.,0,0,0
WBGene00165174.,0,0,0
WBGene00165175.,0,0,0
WBGene00165176.,0,2,2
WBGene00165177.,0,0,0
WBGene00165178.,0,0,0
WBGene00165179.,0,0,0
WBGene00165180.,0,0,0
WBGene00165181.,0,0,0
WBGene00165182.,0,0,0
WBGene00165183.,0,0,0
WBGene00165184.,0,0,0
WBGene00165185.,0,0,0
WBGene00165186.,0,0,0
WBGene00165187.,0,0,0
WBGene00165188.,0,0,0
WBGene00165189.,0,0,0
WBGene00165190.,0,0,0
WBGene00165191.,0,0,0
WBGene00165192.,0,0,0
WBGene00165193.,0,0,0
WBGene00165194.,0,0,0
WBGene00165195.,0,0,0
WBGene00165196.,0,0,0
WBGene00165197.,0,0,0
WBGene00165198.,0,0,0
WBGene00165199.,0,0,0
WBGene00165200.,0,0,0
WBGene00165201.,0,0,0
WBGene00165202.,0,0,0
WBGene00165203.,0,0,0
WBGene00165204.,0,0,0
WBGene00165205.,0,0,0
WBGene00165206.,0,0,0
WBGene00165207.,0,0,0
WBGene00165208.,0,3,3
WBGene00165209.,0,0,0
WBGene00165210.,0,0,0
WBGene00165211.,0,0,0
WBGene00165212.,0,0,0
WBGene00165213.,0,0,0
WBGene00165214.,0,0,0
WBGene00165215.,0,0,0
WBGene00165217.,0,0,0
WBGene00165218.,0,0,0
WBGene00165219.,0,0,0
WBGene00165220.,0,0,0
WBGene00165221.,0,0,0
WBGene00165222.,0,0,0
WBGene00165223.,0,0,0
WBGene00165224.,0,0,0
WBGene00165225.,0,0,0
WBGene00165226.,0,0,0
WBGene00165227.,0,0,0
WBGene00165228.,0,2,2
WBGene00165229.,0,0,0
WBGene00165230.,0,0,0
WBGene00165231.,0,0,0
WBGene00165232.,0,0,0
WBGene00165233.,0,0,0
WBGene00165234.,0,0,0
WBGene00165235.,0,3,3
WBGene00165236.,0,0,0
WBGene00165237.,0,0,0
WBGene00165238.,0,0,0
WBGene00165239.,0,0,0
WBGene00165240.,0,15,15
WBGene00165241.,0,0,0
WBGene00165242.,0,0,0
WBGene00165243.,0,0,0
WBGene00165244.,0,1,1
WBGene00165245.,0,0,0
WBGene00165246.,0,0,0
WBGene00165247.,0,0,0
WBGene00165248.,0,0,0
WBGene00165249.,0,1,1
WBGene00165250.,0,0,0
WBGene00165251.,0,0,0
WBGene00165252.,0,0,0
WBGene00165253.,0,0,0
WBGene00165254.,0,0,0
WBGene00165255.,0,0,0
WBGene00165256.,0,0,0
WBGene00165257.,0,0,0
WBGene00165258.,0,0,0
WBGene00165259.,0,0,0
WBGene00165260.,0,0,0
WBGene00165261.,0,0,0
WBGene00165262.,0,0,0
WBGene00165263.,0,0,0
WBGene00165264.,0,0,0
WBGene00165265.,0,0,0
WBGene00165266.,0,2,2
WBGene00165267.,0,0,0
WBGene00165268.,0,0,0
WBGene00165269.,0,0,0
WBGene00165270.,0,0,0
WBGene00165271.,0,0,0
WBGene00165272.,0,0,0
WBGene00165273.,0,0,0
WBGene00165274.,0,0,0
WBGene00165275.,0,0,0
WBGene00165276.,0,0,0
WBGene00165277.,0,0,0
WBGene00165278.,0,0,0
WBGene00165279.,0,0,0
WBGene00165280.,0,0,0
WBGene00165281.,0,0,0
WBGene00165282.,0,0,0
WBGene00165283.,0,0,0
WBGene00165284.,0,1,1
WBGene00165285.,0,0,0
WBGene00165286.,0,0,0
WBGene00165287.,0,0,0
WBGene00165288.,0,0,0
WBGene00165289.,0,0,0
WBGene00165290.,0,0,0
WBGene00165291.,0,0,0
WBGene00165292.,0,0,0
WBGene00165293.,0,0,0
WBGene00165294.,0,0,0
WBGene00165295.,0,0,0
WBGene00165296.,0,0,0
WBGene00165297.,0,0,0
WBGene00165298.,0,0,0
WBGene00165299.,0,0,0
WBGene00165300.,0,0,0
WBGene00165301.,0,0,0
WBGene00165302.,0,0,0
WBGene00165303.,0,2,2
WBGene00165304.,0,0,0
WBGene00165305.,0,0,0
WBGene00165306.,0,0,0
WBGene00165307.,0,0,0
WBGene00165308.,0,1,1
WBGene00165309.,0,0,0
WBGene00165310.,0,0,0
WBGene00165311.,0,0,0
WBGene00165312.,0,0,0
WBGene00165313.,0,0,0
WBGene00165314.,0,0,0
WBGene00165315.,0,0,0
WBGene00165316.,0,0,0
WBGene00165317.,0,0,0
WBGene00165318.,0,0,0
WBGene00165319.,0,0,0
WBGene00165320.,0,0,0
WBGene00165321.,0,0,0
WBGene00165322.,0,0,0
WBGene00165323.,0,1,1
WBGene00165324.,0,0,0
WBGene00165325.,0,2,2
WBGene00165326.,0,0,0
WBGene00165327.,0,0,0
WBGene00165328.,0,0,0
WBGene00165329.,0,0,0
WBGene00165330.,0,0,0
WBGene00165331.,0,0,0
WBGene00165332.,0,0,0
WBGene00165333.,0,0,0
WBGene00165334.,0,1,1
WBGene00165335.,0,0,0
WBGene00165336.,0,0,0
WBGene00165337.,0,0,0
WBGene00165338.,0,0,0
WBGene00165339.,0,0,0
WBGene00165340.,0,0,0
WBGene00165341.,0,0,0
WBGene00165342.,0,0,0
WBGene00165343.,0,0,0
WBGene00165344.,0,0,0
WBGene00165345.,0,0,0
WBGene00165346.,0,0,0
WBGene00165347.,0,0,0
WBGene00165348.,0,1,1
WBGene00165349.,0,0,0
WBGene00165350.,0,1,1
WBGene00165351.,0,0,0
WBGene00165352.,0,0,0
WBGene00165353.,0,1,1
WBGene00165354.,0,0,0
WBGene00165355.,0,0,0
WBGene00165356.,0,0,0
WBGene00165357.,0,0,0
WBGene00165358.,0,0,0
WBGene00165359.,0,0,0
WBGene00165360.,0,0,0
WBGene00165361.,0,0,0
WBGene00165362.,0,0,0
WBGene00165363.,0,0,0
WBGene00165364.,0,1,1
WBGene00165365.,0,0,0
WBGene00165366.,0,0,0
WBGene00165367.,0,0,0
WBGene00165368.,0,0,0
WBGene00165369.,0,0,0
WBGene00165370.,0,0,0
WBGene00165371.,0,0,0
WBGene00165372.,0,0,0
WBGene00165373.,0,5,5
WBGene00165374.,0,0,0
WBGene00165375.,0,1,1
WBGene00165376.,0,2,2
WBGene00165377.,0,0,0
WBGene00165378.,0,0,0
WBGene00165379.,0,2,2
WBGene00165380.,0,0,0
WBGene00165381.,0,0,0
WBGene00165382.,0,0,0
WBGene00165383.,0,0,0
WBGene00165384.,0,0,0
WBGene00165385.,0,0,0
WBGene00165386.,0,0,0
WBGene00165387.,0,0,0
WBGene00165388.,0,1,1
WBGene00165389.,0,0,0
WBGene00165390.,0,0,0
WBGene00165391.,0,0,0
WBGene00165392.,0,0,0
WBGene00165393.,0,0,0
WBGene00165394.,0,0,0
WBGene00165395.,0,0,0
WBGene00165396.,0,0,0
WBGene00165397.,0,0,0
WBGene00165398.,0,0,0
WBGene00165399.,0,1,1
WBGene00165400.,0,1,1
WBGene00165401.,0,0,0
WBGene00165402.,0,0,0
WBGene00165403.,0,0,0
WBGene00165404.,0,0,0
WBGene00165405.,0,0,0
WBGene00165406.,0,0,0
WBGene00165407.,0,0,0
WBGene00165408.,0,0,0
WBGene00165409.,0,0,0
WBGene00165410.,0,0,0
WBGene00165411.,0,0,0
WBGene00165412.,0,0,0
WBGene00165413.,0,0,0
WBGene00165414.,0,0,0
WBGene00165415.,0,0,0
WBGene00165416.,0,1,1
WBGene00165417.,0,0,0
WBGene00165418.,0,0,0
WBGene00165419.,0,0,0
WBGene00165420.,0,0,0
WBGene00165421.,0,0,0
WBGene00165422.,0,0,0
WBGene00165423.,0,0,0
WBGene00165424.,0,0,0
WBGene00165425.,0,0,0
WBGene00165426.,0,0,0
WBGene00165427.,0,0,0
WBGene00165428.,0,0,0
WBGene00165429.,0,0,0
WBGene00165430.,0,0,0
WBGene00165431.,0,0,0
WBGene00165432.,0,0,0
WBGene00165433.,0,0,0
WBGene00165434.,0,0,0
WBGene00165435.,0,0,0
WBGene00165436.,0,0,0
WBGene00165438.,0,1,1
WBGene00165439.,0,0,0
WBGene00165440.,0,0,0
WBGene00165441.,0,0,0
WBGene00165442.,0,0,0
WBGene00165443.,0,0,0
WBGene00165444.,0,0,0
WBGene00165445.,0,0,0
WBGene00165446.,0,0,0
WBGene00165447.,0,0,0
WBGene00165448.,0,0,0
WBGene00165449.,0,0,0
WBGene00165450.,0,0,0
WBGene00165451.,0,0,0
WBGene00165452.,0,0,0
WBGene00165453.,0,0,0
WBGene00165454.,0,0,0
WBGene00165455.,0,0,0
WBGene00165456.,0,0,0
WBGene00165457.,0,0,0
WBGene00165458.,0,0,0
WBGene00165459.,0,1,1
WBGene00165460.,0,0,0
WBGene00165461.,0,0,0
WBGene00165462.,0,1,1
WBGene00165463.,0,0,0
WBGene00165464.,0,1,1
WBGene00165465.,0,0,0
WBGene00165466.,0,0,0
WBGene00165467.,0,0,0
WBGene00165468.,0,0,0
WBGene00165469.,0,0,0
WBGene00165470.,0,0,0
WBGene00165471.,0,0,0
WBGene00165472.,0,0,0
WBGene00165473.,0,0,0
WBGene00165474.,0,0,0
WBGene00165475.,0,0,0
WBGene00165476.,0,0,0
WBGene00165477.,0,0,0
WBGene00165478.,0,0,0
WBGene00165479.,0,3,3
WBGene00165480.,0,0,0
WBGene00165481.,0,0,0
WBGene00165482.,0,0,0
WBGene00165483.,0,0,0
WBGene00165484.,0,0,0
WBGene00165485.,0,0,0
WBGene00165486.,0,2,2
WBGene00165487.,0,0,0
WBGene00165488.,0,0,0
WBGene00165489.,0,0,0
WBGene00165490.,0,0,0
WBGene00165491.,0,0,0
WBGene00165492.,0,0,0
WBGene00165493.,0,0,0
WBGene00165494.,0,0,0
WBGene00165495.,0,0,0
WBGene00165496.,0,0,0
WBGene00165497.,0,0,0
WBGene00165498.,0,0,0
WBGene00165499.,0,1,1
WBGene00165500.,0,0,0
WBGene00165501.,0,0,0
WBGene00165502.,0,0,0
WBGene00165503.,0,0,0
WBGene00165504.,0,0,0
WBGene00165505.,0,0,0
WBGene00165506.,0,1,1
WBGene00165507.,0,0,0
WBGene00165508.,0,0,0
WBGene00165509.,0,0,0
WBGene00165510.,0,0,0
WBGene00165511.,0,0,0
WBGene00165512.,0,0,0
WBGene00165513.,0,7,7
WBGene00165514.,0,0,0
WBGene00165515.,0,3,3
WBGene00165516.,0,0,0
WBGene00165517.,0,0,0
WBGene00165518.,0,0,0
WBGene00165519.,0,0,0
WBGene00165520.,0,0,0
WBGene00165521.,0,0,0
WBGene00165522.,0,0,0
WBGene00165523.,0,0,0
WBGene00165524.,0,0,0
WBGene00165525.,0,3,3
WBGene00165526.,0,0,0
WBGene00165527.,0,0,0
WBGene00165528.,0,0,0
WBGene00165529.,0,3,3
WBGene00165530.,0,0,0
WBGene00165531.,0,0,0
WBGene00165532.,0,0,0
WBGene00165533.,0,0,0
WBGene00165534.,0,0,0
WBGene00165535.,0,0,0
WBGene00165536.,0,0,0
WBGene00165537.,0,0,0
WBGene00165538.,0,0,0
WBGene00165539.,0,0,0
WBGene00165540.,0,0,0
WBGene00165541.,0,0,0
WBGene00165542.,0,2,2
WBGene00165543.,0,0,0
WBGene00165544.,0,0,0
WBGene00165545.,0,0,0
WBGene00165546.,0,0,0
WBGene00165547.,0,0,0
WBGene00165548.,0,0,0
WBGene00165549.,0,0,0
WBGene00165550.,0,0,0
WBGene00165551.,0,0,0
WBGene00165552.,0,2,2
WBGene00165553.,0,0,0
WBGene00165554.,0,0,0
WBGene00165555.,0,0,0
WBGene00165556.,0,0,0
WBGene00165557.,0,0,0
WBGene00165558.,0,47,47
WBGene00165559.,0,0,0
WBGene00165560.,0,0,0
WBGene00165561.,0,0,0
WBGene00165562.,0,0,0
WBGene00165563.,0,0,0
WBGene00165564.,0,0,0
WBGene00165565.,0,0,0
WBGene00165566.,0,4,4
WBGene00165567.,0,0,0
WBGene00165568.,0,0,0
WBGene00165569.,0,0,0
WBGene00165570.,0,0,0
WBGene00165571.,0,0,0
WBGene00165572.,0,0,0
WBGene00165573.,0,0,0
WBGene00165574.,0,0,0
WBGene00165575.,0,0,0
WBGene00165576.,0,0,0
WBGene00165577.,0,0,0
WBGene00165578.,0,0,0
WBGene00165579.,0,0,0
WBGene00165580.,0,0,0
WBGene00165581.,0,0,0
WBGene00165582.,0,0,0
WBGene00165583.,0,0,0
WBGene00165584.,0,0,0
WBGene00165585.,0,0,0
WBGene00165586.,0,0,0
WBGene00165587.,0,0,0
WBGene00165588.,0,0,0
WBGene00165589.,0,0,0
WBGene00165590.,0,0,0
WBGene00165591.,0,0,0
WBGene00165592.,0,0,0
WBGene00165593.,0,0,0
WBGene00165594.,0,0,0
WBGene00165595.,0,0,0
WBGene00165596.,0,0,0
WBGene00165597.,0,0,0
WBGene00165598.,0,0,0
WBGene00165599.,0,0,0
WBGene00165600.,0,0,0
WBGene00165601.,0,0,0
WBGene00165602.,0,0,0
WBGene00165603.,0,0,0
WBGene00165604.,0,0,0
WBGene00165605.,0,1,1
WBGene00165606.,0,0,0
WBGene00165607.,0,0,0
WBGene00165608.,0,0,0
WBGene00165609.,0,4,4
WBGene00165610.,0,0,0
WBGene00165611.,0,0,0
WBGene00165612.,0,0,0
WBGene00165613.,0,0,0
WBGene00165614.,0,0,0
WBGene00165615.,0,0,0
WBGene00165616.,0,0,0
WBGene00165617.,0,0,0
WBGene00165618.,0,0,0
WBGene00165619.,0,0,0
WBGene00165620.,0,0,0
WBGene00165621.,0,0,0
WBGene00165622.,0,0,0
WBGene00165623.,0,0,0
WBGene00165624.,0,0,0
WBGene00165625.,0,0,0
WBGene00165626.,0,0,0
WBGene00165627.,0,0,0
WBGene00165628.,0,0,0
WBGene00165629.,0,0,0
WBGene00165630.,0,0,0
WBGene00165631.,0,0,0
WBGene00165632.,0,0,0
WBGene00165633.,0,0,0
WBGene00165634.,0,0,0
WBGene00165635.,0,0,0
WBGene00165636.,0,0,0
WBGene00165637.,0,0,0
WBGene00165638.,0,0,0
WBGene00165639.,0,0,0
WBGene00165640.,0,0,0
WBGene00165641.,0,0,0
WBGene00165642.,0,0,0
WBGene00165643.,0,0,0
WBGene00165644.,0,0,0
WBGene00165645.,0,1,1
WBGene00165646.,0,0,0
WBGene00165647.,0,0,0
WBGene00165648.,0,0,0
WBGene00165649.,0,0,0
WBGene00165650.,0,1,1
WBGene00165651.,0,0,0
WBGene00165652.,0,0,0
WBGene00165653.,0,0,0
WBGene00165654.,0,0,0
WBGene00165655.,0,0,0
WBGene00165656.,0,0,0
WBGene00165657.,0,0,0
WBGene00165658.,0,0,0
WBGene00165659.,0,0,0
WBGene00165660.,0,0,0
WBGene00165661.,0,0,0
WBGene00165662.,0,0,0
WBGene00165663.,0,1,1
WBGene00165664.,0,0,0
WBGene00165665.,0,0,0
WBGene00165666.,0,4,4
WBGene00165667.,0,0,0
WBGene00165668.,0,0,0
WBGene00165669.,0,0,0
WBGene00165670.,0,0,0
WBGene00165671.,0,0,0
WBGene00165672.,0,0,0
WBGene00165673.,0,0,0
WBGene00165674.,0,0,0
WBGene00165675.,0,0,0
WBGene00165676.,0,0,0
WBGene00165677.,0,0,0
WBGene00165678.,0,0,0
WBGene00165679.,0,0,0
WBGene00165680.,0,0,0
WBGene00165681.,0,0,0
WBGene00165682.,0,0,0
WBGene00165683.,0,0,0
WBGene00165684.,0,0,0
WBGene00165685.,0,0,0
WBGene00165686.,0,0,0
WBGene00165687.,0,1,1
WBGene00165688.,0,0,0
WBGene00165689.,0,0,0
WBGene00165690.,0,1,1
WBGene00165691.,0,0,0
WBGene00165692.,0,0,0
WBGene00165693.,0,0,0
WBGene00165694.,0,0,0
WBGene00165695.,0,0,0
WBGene00165696.,0,0,0
WBGene00165697.,0,0,0
WBGene00165698.,0,0,0
WBGene00165699.,0,1,1
WBGene00165700.,0,1,1
WBGene00165701.,0,0,0
WBGene00165702.,0,0,0
WBGene00165703.,0,0,0
WBGene00165704.,0,0,0
WBGene00165705.,0,4,4
WBGene00165706.,0,0,0
WBGene00165707.,0,0,0
WBGene00165708.,0,0,0
WBGene00165709.,0,0,0
WBGene00165710.,0,0,0
WBGene00165711.,0,0,0
WBGene00165712.,0,0,0
WBGene00165713.,0,0,0
WBGene00165714.,0,0,0
WBGene00165715.,0,0,0
WBGene00165716.,0,0,0
WBGene00165717.,0,0,0
WBGene00165718.,0,1,1
WBGene00165719.,0,0,0
WBGene00165720.,0,0,0
WBGene00165721.,0,0,0
WBGene00165722.,0,0,0
WBGene00165723.,0,0,0
WBGene00165724.,0,0,0
WBGene00165725.,0,0,0
WBGene00165726.,0,0,0
WBGene00165727.,0,0,0
WBGene00165728.,0,0,0
WBGene00165729.,0,0,0
WBGene00165730.,0,0,0
WBGene00165731.,0,0,0
WBGene00165732.,0,0,0
WBGene00165733.,0,0,0
WBGene00165734.,0,7,7
WBGene00165735.,0,0,0
WBGene00165736.,0,0,0
WBGene00165737.,0,0,0
WBGene00165738.,0,0,0
WBGene00165739.,0,1,1
WBGene00165740.,0,0,0
WBGene00165741.,0,0,0
WBGene00165742.,0,0,0
WBGene00165743.,0,0,0
WBGene00165744.,0,0,0
WBGene00165745.,0,0,0
WBGene00165746.,0,0,0
WBGene00165747.,0,0,0
WBGene00165748.,0,0,0
WBGene00165749.,0,0,0
WBGene00165750.,0,0,0
WBGene00165751.,0,0,0
WBGene00165752.,0,0,0
WBGene00165753.,0,0,0
WBGene00165754.,0,0,0
WBGene00165755.,0,0,0
WBGene00165756.,0,0,0
WBGene00165757.,0,0,0
WBGene00165758.,0,0,0
WBGene00165759.,0,0,0
WBGene00165760.,0,0,0
WBGene00165761.,0,0,0
WBGene00165762.,0,0,0
WBGene00165763.,0,0,0
WBGene00165764.,0,0,0
WBGene00165765.,0,0,0
WBGene00165766.,0,0,0
WBGene00165767.,0,0,0
WBGene00165768.,0,0,0
WBGene00165769.,0,0,0
WBGene00165770.,0,0,0
WBGene00165771.,0,0,0
WBGene00165772.,0,0,0
WBGene00165773.,0,0,0
WBGene00165774.,0,0,0
WBGene00165775.,0,0,0
WBGene00165776.,0,1,1
WBGene00165777.,0,0,0
WBGene00165778.,0,0,0
WBGene00165779.,0,5,5
WBGene00165780.,0,0,0
WBGene00165781.,0,0,0
WBGene00165782.,0,0,0
WBGene00165783.,0,0,0
WBGene00165784.,0,0,0
WBGene00165785.,0,0,0
WBGene00165786.,0,0,0
WBGene00165787.,0,0,0
WBGene00165788.,0,0,0
WBGene00165789.,0,0,0
WBGene00165790.,0,0,0
WBGene00165791.,0,0,0
WBGene00165792.,0,0,0
WBGene00165793.,0,0,0
WBGene00165794.,0,0,0
WBGene00165795.,0,0,0
WBGene00165796.,0,0,0
WBGene00165797.,0,0,0
WBGene00165798.,0,0,0
WBGene00165799.,0,0,0
WBGene00165800.,0,0,0
WBGene00165801.,0,0,0
WBGene00165802.,0,0,0
WBGene00165803.,0,0,0
WBGene00165804.,0,0,0
WBGene00165805.,0,0,0
WBGene00165806.,0,0,0
WBGene00165807.,0,0,0
WBGene00165808.,0,0,0
WBGene00165809.,0,0,0
WBGene00165810.,0,0,0
WBGene00165811.,0,0,0
WBGene00165812.,0,0,0
WBGene00165813.,0,0,0
WBGene00165814.,0,0,0
WBGene00165815.,0,0,0
WBGene00165816.,0,0,0
WBGene00165817.,0,0,0
WBGene00165818.,0,0,0
WBGene00165819.,0,0,0
WBGene00165820.,0,1,1
WBGene00165821.,0,0,0
WBGene00165822.,0,0,0
WBGene00165823.,0,0,0
WBGene00165824.,0,0,0
WBGene00165825.,0,0,0
WBGene00165826.,0,5,5
WBGene00165827.,0,0,0
WBGene00165828.,0,0,0
WBGene00165829.,0,0,0
WBGene00165830.,0,1,1
WBGene00165831.,0,0,0
WBGene00165832.,0,0,0
WBGene00165833.,0,0,0
WBGene00165834.,0,0,0
WBGene00165835.,0,0,0
WBGene00165836.,0,0,0
WBGene00165837.,0,0,0
WBGene00165838.,0,0,0
WBGene00165839.,0,1,1
WBGene00165840.,0,0,0
WBGene00165841.,0,0,0
WBGene00165842.,0,0,0
WBGene00165843.,0,1,1
WBGene00165844.,0,0,0
WBGene00165845.,0,0,0
WBGene00165846.,0,0,0
WBGene00165847.,0,0,0
WBGene00165848.,0,0,0
WBGene00165849.,0,0,0
WBGene00165850.,0,0,0
WBGene00165851.,0,0,0
WBGene00165852.,0,0,0
WBGene00165853.,0,0,0
WBGene00165854.,0,0,0
WBGene00165855.,0,0,0
WBGene00165856.,0,0,0
WBGene00165857.,0,0,0
WBGene00165858.,0,0,0
WBGene00165859.,0,0,0
WBGene00165860.,0,0,0
WBGene00165861.,0,0,0
WBGene00165862.,0,0,0
WBGene00165863.,0,0,0
WBGene00165864.,0,0,0
WBGene00165865.,0,0,0
WBGene00165866.,0,0,0
WBGene00165867.,0,0,0
WBGene00165868.,0,0,0
WBGene00165869.,0,0,0
WBGene00165870.,0,0,0
WBGene00165871.,0,0,0
WBGene00165872.,0,0,0
WBGene00165873.,0,0,0
WBGene00165874.,0,0,0
WBGene00165875.,0,0,0
WBGene00165876.,0,0,0
WBGene00165877.,0,0,0
WBGene00165878.,0,0,0
WBGene00165879.,0,0,0
WBGene00165880.,0,0,0
WBGene00165881.,0,0,0
WBGene00165882.,0,0,0
WBGene00165883.,0,0,0
WBGene00165884.,0,0,0
WBGene00165885.,0,0,0
WBGene00165886.,0,0,0
WBGene00165887.,0,0,0
WBGene00165888.,0,1,1
WBGene00165889.,0,1,1
WBGene00165890.,0,0,0
WBGene00165891.,0,0,0
WBGene00165892.,0,0,0
WBGene00165893.,0,1,1
WBGene00165894.,0,0,0
WBGene00165895.,0,0,0
WBGene00165896.,0,0,0
WBGene00165897.,0,0,0
WBGene00165898.,0,0,0
WBGene00165899.,0,0,0
WBGene00165900.,0,0,0
WBGene00165901.,0,0,0
WBGene00165902.,0,0,0
WBGene00165903.,0,0,0
WBGene00165904.,0,0,0
WBGene00165905.,0,0,0
WBGene00165906.,0,0,0
WBGene00165907.,0,1,1
WBGene00165908.,0,0,0
WBGene00165909.,0,0,0
WBGene00165910.,0,0,0
WBGene00165911.,0,0,0
WBGene00165912.,0,0,0
WBGene00165913.,0,1,1
WBGene00165914.,0,0,0
WBGene00165915.,0,0,0
WBGene00165916.,0,0,0
WBGene00165917.,0,0,0
WBGene00165918.,0,0,0
WBGene00165919.,0,0,0
WBGene00165920.,0,0,0
WBGene00165921.,0,0,0
WBGene00165922.,0,0,0
WBGene00165923.,0,0,0
WBGene00165924.,0,0,0
WBGene00165925.,0,0,0
WBGene00165926.,0,0,0
WBGene00165927.,0,0,0
WBGene00165928.,0,0,0
WBGene00165929.,0,0,0
WBGene00165930.,0,0,0
WBGene00165931.,0,0,0
WBGene00165932.,0,1,1
WBGene00165933.,0,1,1
WBGene00165934.,0,0,0
WBGene00165935.,0,0,0
WBGene00165936.,0,0,0
WBGene00165937.,0,0,0
WBGene00165938.,0,0,0
WBGene00165939.,0,4,4
WBGene00165940.,0,0,0
WBGene00165941.,0,0,0
WBGene00165942.,0,0,0
WBGene00165943.,0,0,0
WBGene00165944.,0,0,0
WBGene00165945.,0,1,1
WBGene00165946.,0,0,0
WBGene00165947.,0,5,5
WBGene00165948.,0,0,0
WBGene00165949.,0,12,12
WBGene00165950.,0,0,0
WBGene00165951.,0,0,0
WBGene00165952.,0,0,0
WBGene00165953.,0,0,0
WBGene00165954.,0,1,1
WBGene00165955.,0,0,0
WBGene00165956.,0,2,2
WBGene00165957.,0,0,0
WBGene00165958.,0,1,1
WBGene00165959.,0,0,0
WBGene00165960.,0,0,0
WBGene00165961.,0,1,1
WBGene00165962.,0,0,0
WBGene00165963.,0,0,0
WBGene00165964.,0,0,0
WBGene00165965.,0,0,0
WBGene00165966.,0,0,0
WBGene00165967.,0,1,1
WBGene00165968.,0,0,0
WBGene00165969.,0,0,0
WBGene00165970.,0,0,0
WBGene00165971.,0,0,0
WBGene00165972.,0,0,0
WBGene00165973.,0,0,0
WBGene00165974.,0,0,0
WBGene00165975.,0,0,0
WBGene00165976.,0,0,0
WBGene00165977.,0,0,0
WBGene00165978.,0,0,0
WBGene00165979.,0,0,0
WBGene00165980.,0,0,0
WBGene00165981.,0,0,0
WBGene00165982.,0,0,0
WBGene00165983.,0,0,0
WBGene00165984.,0,0,0
WBGene00165985.,0,0,0
WBGene00165986.,0,0,0
WBGene00165987.,0,0,0
WBGene00165988.,0,0,0
WBGene00165989.,0,0,0
WBGene00165990.,0,16,16
WBGene00165991.,0,0,0
WBGene00165992.,0,0,0
WBGene00165993.,0,2,2
WBGene00165994.,0,0,0
WBGene00165995.,0,0,0
WBGene00165996.,0,0,0
WBGene00165997.,0,0,0
WBGene00165998.,0,0,0
WBGene00165999.,0,0,0
WBGene00166000.,0,0,0
WBGene00166001.,0,0,0
WBGene00166002.,0,0,0
WBGene00166003.,0,0,0
WBGene00166004.,0,0,0
WBGene00166005.,0,0,0
WBGene00166006.,0,0,0
WBGene00166007.,0,0,0
WBGene00166008.,0,0,0
WBGene00166009.,0,0,0
WBGene00166010.,0,2,2
WBGene00166011.,0,0,0
WBGene00166012.,0,0,0
WBGene00166013.,0,0,0
WBGene00166014.,0,0,0
WBGene00166015.,0,0,0
WBGene00166016.,0,0,0
WBGene00166017.,0,0,0
WBGene00166018.,0,0,0
WBGene00166019.,0,0,0
WBGene00166020.,0,0,0
WBGene00166021.,0,0,0
WBGene00166022.,0,0,0
WBGene00166023.,0,0,0
WBGene00166024.,0,0,0
WBGene00166025.,0,0,0
WBGene00166026.,0,0,0
WBGene00166027.,0,0,0
WBGene00166028.,0,0,0
WBGene00166029.,0,0,0
WBGene00166030.,0,0,0
WBGene00166031.,0,0,0
WBGene00166032.,0,0,0
WBGene00166033.,0,0,0
WBGene00166034.,0,0,0
WBGene00166035.,0,0,0
WBGene00166036.,0,0,0
WBGene00166037.,0,0,0
WBGene00166038.,0,0,0
WBGene00166039.,0,0,0
WBGene00166040.,0,0,0
WBGene00166041.,0,21,21
WBGene00166042.,0,0,0
WBGene00166043.,0,0,0
WBGene00166044.,0,0,0
WBGene00166045.,0,0,0
WBGene00166046.,0,0,0
WBGene00166047.,0,0,0
WBGene00166048.,0,0,0
WBGene00166049.,0,0,0
WBGene00166050.,0,0,0
WBGene00166051.,0,0,0
WBGene00166052.,0,0,0
WBGene00166053.,0,0,0
WBGene00166054.,0,0,0
WBGene00166055.,0,0,0
WBGene00166057.,0,0,0
WBGene00166058.,0,0,0
WBGene00166059.,0,0,0
WBGene00166060.,0,0,0
WBGene00166062.,0,0,0
WBGene00166063.,0,0,0
WBGene00166064.,0,0,0
WBGene00166065.,0,2,2
WBGene00166066.,0,0,0
WBGene00166067.,0,0,0
WBGene00166068.,0,0,0
WBGene00166069.,0,0,0
WBGene00166070.,0,0,0
WBGene00166071.,0,0,0
WBGene00166072.,0,0,0
WBGene00166073.,0,0,0
WBGene00166074.,0,0,0
WBGene00166075.,0,0,0
WBGene00166076.,0,0,0
WBGene00166077.,0,0,0
WBGene00166078.,0,0,0
WBGene00166079.,0,0,0
WBGene00166080.,0,0,0
WBGene00166081.,0,0,0
WBGene00166082.,0,0,0
WBGene00166083.,0,0,0
WBGene00166084.,0,0,0
WBGene00166085.,0,0,0
WBGene00166086.,0,0,0
WBGene00166087.,0,0,0
WBGene00166088.,0,0,0
WBGene00166089.,0,0,0
WBGene00166090.,0,0,0
WBGene00166091.,0,0,0
WBGene00166092.,0,0,0
WBGene00166093.,0,1,1
WBGene00166094.,0,0,0
WBGene00166095.,0,0,0
WBGene00166096.,0,0,0
WBGene00166097.,0,0,0
WBGene00166098.,0,0,0
WBGene00166099.,0,0,0
WBGene00166100.,0,0,0
WBGene00166101.,0,0,0
WBGene00166102.,0,0,0
WBGene00166103.,0,0,0
WBGene00166104.,0,0,0
WBGene00166105.,0,2,2
WBGene00166106.,0,0,0
WBGene00166107.,0,0,0
WBGene00166108.,0,0,0
WBGene00166109.,0,0,0
WBGene00166110.,0,0,0
WBGene00166111.,0,0,0
WBGene00166112.,0,0,0
WBGene00166113.,0,0,0
WBGene00166114.,0,0,0
WBGene00166115.,0,0,0
WBGene00166116.,0,0,0
WBGene00166117.,0,0,0
WBGene00166118.,0,0,0
WBGene00166119.,0,0,0
WBGene00166120.,0,0,0
WBGene00166121.,0,0,0
WBGene00166122.,0,0,0
WBGene00166123.,0,0,0
WBGene00166124.,0,0,0
WBGene00166125.,0,0,0
WBGene00166126.,0,0,0
WBGene00166127.,0,0,0
WBGene00166128.,0,0,0
WBGene00166129.,0,0,0
WBGene00166130.,0,0,0
WBGene00166131.,0,0,0
WBGene00166132.,0,0,0
WBGene00166133.,0,0,0
WBGene00166134.,0,0,0
WBGene00166135.,0,0,0
WBGene00166136.,0,0,0
WBGene00166137.,0,0,0
WBGene00166138.,0,0,0
WBGene00166139.,0,0,0
WBGene00166140.,0,0,0
WBGene00166141.,0,0,0
WBGene00166142.,0,0,0
WBGene00166143.,0,0,0
WBGene00166144.,0,0,0
WBGene00166145.,0,0,0
WBGene00166146.,0,0,0
WBGene00166147.,0,0,0
WBGene00166148.,0,0,0
WBGene00166149.,0,0,0
WBGene00166150.,0,0,0
WBGene00166151.,0,0,0
WBGene00166152.,0,0,0
WBGene00166153.,0,0,0
WBGene00166154.,0,0,0
WBGene00166155.,0,0,0
WBGene00166156.,0,0,0
WBGene00166157.,0,0,0
WBGene00166158.,0,0,0
WBGene00166159.,0,0,0
WBGene00166160.,0,4,4
WBGene00166161.,0,0,0
WBGene00166162.,0,0,0
WBGene00166163.,0,0,0
WBGene00166164.,0,0,0
WBGene00166165.,0,0,0
WBGene00166166.,0,0,0
WBGene00166167.,0,0,0
WBGene00166168.,0,0,0
WBGene00166169.,0,0,0
WBGene00166170.,0,0,0
WBGene00166171.,0,0,0
WBGene00166172.,0,0,0
WBGene00166173.,0,0,0
WBGene00166174.,0,0,0
WBGene00166175.,0,0,0
WBGene00166176.,0,1,1
WBGene00166177.,0,0,0
WBGene00166178.,0,0,0
WBGene00166179.,0,0,0
WBGene00166180.,0,0,0
WBGene00166181.,0,0,0
WBGene00166182.,0,0,0
WBGene00166183.,0,0,0
WBGene00166184.,0,0,0
WBGene00166185.,0,0,0
WBGene00166186.,0,0,0
WBGene00166187.,0,0,0
WBGene00166188.,0,0,0
WBGene00166189.,0,0,0
WBGene00166190.,0,0,0
WBGene00166191.,0,0,0
WBGene00166192.,0,1,1
WBGene00166193.,0,0,0
WBGene00166194.,0,0,0
WBGene00166195.,0,0,0
WBGene00166196.,0,0,0
WBGene00166197.,0,0,0
WBGene00166198.,0,0,0
WBGene00166199.,0,0,0
WBGene00166200.,0,0,0
WBGene00166201.,0,0,0
WBGene00166202.,0,0,0
WBGene00166203.,0,0,0
WBGene00166204.,0,0,0
WBGene00166205.,0,0,0
WBGene00166206.,0,0,0
WBGene00166207.,0,0,0
WBGene00166208.,0,0,0
WBGene00166209.,0,0,0
WBGene00166210.,0,0,0
WBGene00166211.,0,0,0
WBGene00166212.,0,0,0
WBGene00166213.,0,0,0
WBGene00166214.,0,0,0
WBGene00166215.,0,0,0
WBGene00166216.,0,1,1
WBGene00166217.,0,2,2
WBGene00166218.,0,0,0
WBGene00166219.,0,0,0
WBGene00166220.,0,0,0
WBGene00166221.,0,0,0
WBGene00166222.,0,0,0
WBGene00166223.,0,0,0
WBGene00166224.,0,0,0
WBGene00166225.,0,0,0
WBGene00166226.,0,0,0
WBGene00166227.,0,0,0
WBGene00166228.,0,0,0
WBGene00166229.,0,0,0
WBGene00166230.,0,0,0
WBGene00166231.,0,0,0
WBGene00166232.,0,0,0
WBGene00166233.,0,0,0
WBGene00166234.,0,0,0
WBGene00166235.,0,0,0
WBGene00166236.,0,0,0
WBGene00166237.,0,1,1
WBGene00166238.,0,0,0
WBGene00166239.,0,0,0
WBGene00166240.,0,0,0
WBGene00166241.,0,1,1
WBGene00166242.,0,0,0
WBGene00166243.,0,0,0
WBGene00166244.,0,0,0
WBGene00166245.,0,0,0
WBGene00166246.,0,0,0
WBGene00166247.,0,0,0
WBGene00166248.,0,0,0
WBGene00166249.,0,0,0
WBGene00166250.,0,0,0
WBGene00166251.,0,0,0
WBGene00166252.,0,0,0
WBGene00166253.,0,0,0
WBGene00166254.,0,0,0
WBGene00166255.,0,0,0
WBGene00166256.,0,0,0
WBGene00166257.,0,1,1
WBGene00166258.,0,0,0
WBGene00166259.,0,0,0
WBGene00166260.,0,0,0
WBGene00166261.,0,0,0
WBGene00166262.,0,0,0
WBGene00166263.,0,0,0
WBGene00166264.,0,0,0
WBGene00166265.,0,0,0
WBGene00166266.,0,0,0
WBGene00166267.,0,0,0
WBGene00166268.,0,1,1
WBGene00166269.,0,0,0
WBGene00166270.,0,0,0
WBGene00166271.,0,0,0
WBGene00166272.,0,0,0
WBGene00166273.,0,0,0
WBGene00166274.,0,0,0
WBGene00166275.,0,3,3
WBGene00166276.,0,0,0
WBGene00166277.,0,0,0
WBGene00166278.,0,0,0
WBGene00166279.,0,0,0
WBGene00166280.,0,0,0
WBGene00166281.,0,0,0
WBGene00166282.,0,0,0
WBGene00166283.,0,0,0
WBGene00166284.,0,0,0
WBGene00166285.,0,1,1
WBGene00166286.,0,0,0
WBGene00166287.,0,0,0
WBGene00166288.,0,0,0
WBGene00166289.,0,1,1
WBGene00166290.,0,0,0
WBGene00166291.,0,0,0
WBGene00166292.,0,0,0
WBGene00166293.,0,0,0
WBGene00166294.,0,0,0
WBGene00166295.,0,0,0
WBGene00166296.,0,3,3
WBGene00166297.,0,0,0
WBGene00166298.,0,0,0
WBGene00166299.,0,0,0
WBGene00166300.,0,2,2
WBGene00166301.,0,0,0
WBGene00166302.,0,0,0
WBGene00166303.,0,0,0
WBGene00166304.,0,0,0
WBGene00166305.,0,0,0
WBGene00166306.,0,0,0
WBGene00166307.,0,0,0
WBGene00166308.,0,0,0
WBGene00166309.,0,0,0
WBGene00166310.,0,0,0
WBGene00166311.,0,0,0
WBGene00166312.,0,0,0
WBGene00166313.,0,0,0
WBGene00166314.,0,1,1
WBGene00166315.,0,0,0
WBGene00166316.,0,0,0
WBGene00166317.,0,0,0
WBGene00166318.,0,0,0
WBGene00166319.,0,0,0
WBGene00166320.,0,0,0
WBGene00166321.,0,0,0
WBGene00166322.,0,3,3
WBGene00166323.,0,0,0
WBGene00166324.,0,0,0
WBGene00166325.,0,0,0
WBGene00166326.,0,0,0
WBGene00166327.,0,0,0
WBGene00166328.,0,0,0
WBGene00166329.,0,0,0
WBGene00166330.,0,0,0
WBGene00166331.,0,0,0
WBGene00166332.,0,0,0
WBGene00166333.,0,0,0
WBGene00166334.,0,0,0
WBGene00166335.,0,0,0
WBGene00166336.,0,2,2
WBGene00166337.,0,0,0
WBGene00166338.,0,0,0
WBGene00166339.,0,1,1
WBGene00166340.,0,0,0
WBGene00166341.,0,0,0
WBGene00166342.,0,0,0
WBGene00166343.,0,0,0
WBGene00166344.,0,0,0
WBGene00166345.,0,0,0
WBGene00166346.,0,0,0
WBGene00166347.,0,0,0
WBGene00166348.,0,0,0
WBGene00166349.,0,0,0
WBGene00166350.,0,0,0
WBGene00166351.,0,0,0
WBGene00166352.,0,0,0
WBGene00166353.,0,0,0
WBGene00166354.,0,0,0
WBGene00166355.,0,0,0
WBGene00166356.,0,0,0
WBGene00166357.,0,0,0
WBGene00166358.,0,0,0
WBGene00166359.,0,0,0
WBGene00166360.,0,0,0
WBGene00166361.,0,0,0
WBGene00166362.,0,0,0
WBGene00166363.,0,0,0
WBGene00166364.,0,1,1
WBGene00166365.,0,0,0
WBGene00166366.,0,0,0
WBGene00166367.,0,0,0
WBGene00166368.,0,0,0
WBGene00166369.,0,0,0
WBGene00166370.,0,0,0
WBGene00166371.,0,0,0
WBGene00166372.,0,0,0
WBGene00166373.,0,0,0
WBGene00166374.,0,2,2
WBGene00166375.,0,0,0
WBGene00166376.,0,0,0
WBGene00166377.,0,0,0
WBGene00166378.,0,0,0
WBGene00166379.,0,0,0
WBGene00166380.,0,0,0
WBGene00166381.,0,0,0
WBGene00166382.,0,0,0
WBGene00166383.,0,0,0
WBGene00166384.,0,0,0
WBGene00166385.,0,0,0
WBGene00166386.,0,0,0
WBGene00166387.,0,0,0
WBGene00166388.,0,0,0
WBGene00166389.,0,1,1
WBGene00166390.,0,0,0
WBGene00166391.,0,0,0
WBGene00166392.,0,0,0
WBGene00166393.,0,0,0
WBGene00166394.,0,0,0
WBGene00166395.,0,0,0
WBGene00166396.,0,0,0
WBGene00166397.,0,4,4
WBGene00166398.,0,0,0
WBGene00166399.,0,0,0
WBGene00166400.,0,0,0
WBGene00166401.,0,0,0
WBGene00166402.,0,0,0
WBGene00166403.,0,0,0
WBGene00166404.,0,0,0
WBGene00166405.,0,0,0
WBGene00166406.,0,0,0
WBGene00166407.,0,0,0
WBGene00166408.,0,0,0
WBGene00166409.,0,0,0
WBGene00166410.,0,0,0
WBGene00166411.,0,0,0
WBGene00166412.,0,2,2
WBGene00166413.,0,0,0
WBGene00166414.,0,0,0
WBGene00166415.,0,0,0
WBGene00166416.,0,0,0
WBGene00166417.,0,0,0
WBGene00166418.,0,0,0
WBGene00166419.,0,0,0
WBGene00166420.,0,0,0
WBGene00166421.,0,0,0
WBGene00166422.,0,0,0
WBGene00166423.,0,0,0
WBGene00166424.,0,0,0
WBGene00166425.,0,0,0
WBGene00166426.,0,0,0
WBGene00166427.,0,0,0
WBGene00166428.,0,0,0
WBGene00166429.,0,0,0
WBGene00166430.,0,0,0
WBGene00166431.,0,0,0
WBGene00166432.,0,0,0
WBGene00166433.,0,0,0
WBGene00166434.,0,0,0
WBGene00166435.,0,0,0
WBGene00166436.,0,0,0
WBGene00166437.,0,0,0
WBGene00166438.,0,0,0
WBGene00166439.,0,0,0
WBGene00166440.,0,0,0
WBGene00166441.,0,0,0
WBGene00166442.,0,0,0
WBGene00166443.,0,0,0
WBGene00166444.,0,0,0
WBGene00166445.,0,0,0
WBGene00166446.,0,0,0
WBGene00166447.,0,0,0
WBGene00166448.,0,0,0
WBGene00166449.,0,2,2
WBGene00166450.,0,0,0
WBGene00166451.,0,0,0
WBGene00166452.,0,0,0
WBGene00166453.,0,0,0
WBGene00166454.,0,0,0
WBGene00166455.,0,0,0
WBGene00166456.,0,0,0
WBGene00166457.,0,0,0
WBGene00166458.,0,0,0
WBGene00166459.,0,0,0
WBGene00166460.,0,0,0
WBGene00166461.,0,0,0
WBGene00166462.,0,0,0
WBGene00166463.,0,0,0
WBGene00166464.,0,0,0
WBGene00166465.,0,0,0
WBGene00166466.,0,0,0
WBGene00166467.,0,0,0
WBGene00166468.,0,0,0
WBGene00166469.,0,0,0
WBGene00166470.,0,0,0
WBGene00166471.,0,0,0
WBGene00166472.,0,0,0
WBGene00166473.,0,0,0
WBGene00166474.,0,0,0
WBGene00166475.,0,0,0
WBGene00166476.,0,0,0
WBGene00166477.,0,0,0
WBGene00166478.,0,0,0
WBGene00166479.,0,0,0
WBGene00166480.,0,1,1
WBGene00166481.,0,0,0
WBGene00166482.,0,0,0
WBGene00166483.,0,0,0
WBGene00166484.,0,0,0
WBGene00166485.,0,0,0
WBGene00166486.,0,0,0
WBGene00166487.,0,0,0
WBGene00166488.,0,0,0
WBGene00166489.,0,1,1
WBGene00166490.,0,0,0
WBGene00166491.,0,0,0
WBGene00166492.,0,0,0
WBGene00166493.,0,1,1
WBGene00166494.,0,0,0
WBGene00166495.,0,0,0
WBGene00166496.,0,3,3
WBGene00166497.,0,0,0
WBGene00166498.,0,0,0
WBGene00166499.,0,0,0
WBGene00166500.,0,0,0
WBGene00166501.,0,0,0
WBGene00166502.,0,0,0
WBGene00166503.,0,0,0
WBGene00166504.,0,0,0
WBGene00166505.,0,0,0
WBGene00166506.,0,0,0
WBGene00166507.,0,0,0
WBGene00166508.,0,0,0
WBGene00166509.,0,0,0
WBGene00166510.,0,0,0
WBGene00166511.,0,0,0
WBGene00166512.,0,0,0
WBGene00166513.,0,1,1
WBGene00166514.,0,0,0
WBGene00166515.,0,0,0
WBGene00166516.,0,0,0
WBGene00166517.,0,0,0
WBGene00166518.,0,0,0
WBGene00166519.,0,1,1
WBGene00166520.,0,0,0
WBGene00166521.,0,0,0
WBGene00166522.,0,0,0
WBGene00166523.,0,0,0
WBGene00166524.,0,0,0
WBGene00166525.,0,0,0
WBGene00166526.,0,0,0
WBGene00166527.,0,0,0
WBGene00166528.,0,0,0
WBGene00166529.,0,0,0
WBGene00166530.,0,0,0
WBGene00166531.,0,0,0
WBGene00166532.,0,0,0
WBGene00166533.,0,0,0
WBGene00166534.,0,0,0
WBGene00166535.,0,0,0
WBGene00166536.,0,0,0
WBGene00166537.,0,0,0
WBGene00166538.,0,0,0
WBGene00166539.,0,4,4
WBGene00166540.,0,0,0
WBGene00166541.,0,0,0
WBGene00166542.,0,0,0
WBGene00166543.,0,0,0
WBGene00166544.,0,0,0
WBGene00166545.,0,0,0
WBGene00166546.,0,1,1
WBGene00166547.,0,0,0
WBGene00166548.,0,2,2
WBGene00166549.,0,0,0
WBGene00166550.,0,0,0
WBGene00166551.,0,0,0
WBGene00166552.,0,0,0
WBGene00166553.,0,0,0
WBGene00166554.,0,0,0
WBGene00166555.,0,0,0
WBGene00166556.,0,0,0
WBGene00166557.,0,0,0
WBGene00166558.,0,0,0
WBGene00166559.,0,0,0
WBGene00166560.,0,0,0
WBGene00166561.,0,0,0
WBGene00166562.,0,0,0
WBGene00166563.,0,0,0
WBGene00166564.,0,0,0
WBGene00166565.,0,0,0
WBGene00166566.,0,0,0
WBGene00166567.,0,0,0
WBGene00166568.,0,0,0
WBGene00166569.,0,0,0
WBGene00166570.,0,0,0
WBGene00166571.,0,0,0
WBGene00166572.,0,0,0
WBGene00166573.,0,0,0
WBGene00166574.,0,0,0
WBGene00166575.,0,0,0
WBGene00166576.,0,0,0
WBGene00166577.,0,0,0
WBGene00166578.,0,0,0
WBGene00166579.,0,0,0
WBGene00166580.,0,0,0
WBGene00166581.,0,2,2
WBGene00166582.,0,0,0
WBGene00166583.,0,0,0
WBGene00166584.,0,0,0
WBGene00166585.,0,0,0
WBGene00166586.,0,0,0
WBGene00166587.,0,0,0
WBGene00166588.,0,0,0
WBGene00166589.,0,0,0
WBGene00166590.,0,0,0
WBGene00166591.,0,0,0
WBGene00166592.,0,0,0
WBGene00166593.,0,0,0
WBGene00166594.,0,0,0
WBGene00166595.,0,0,0
WBGene00166596.,0,0,0
WBGene00166597.,0,0,0
WBGene00166598.,0,0,0
WBGene00166599.,0,0,0
WBGene00166600.,0,0,0
WBGene00166601.,0,0,0
WBGene00166602.,0,0,0
WBGene00166603.,0,0,0
WBGene00166604.,0,0,0
WBGene00166605.,0,0,0
WBGene00166606.,0,0,0
WBGene00166607.,0,0,0
WBGene00166608.,0,0,0
WBGene00166609.,0,5,5
WBGene00166610.,0,0,0
WBGene00166611.,0,0,0
WBGene00166612.,0,0,0
WBGene00166613.,0,0,0
WBGene00166614.,0,0,0
WBGene00166615.,0,0,0
WBGene00166616.,0,0,0
WBGene00166617.,0,0,0
WBGene00166618.,0,0,0
WBGene00166619.,0,0,0
WBGene00166620.,0,0,0
WBGene00166621.,0,0,0
WBGene00166622.,0,0,0
WBGene00166623.,0,0,0
WBGene00166624.,0,0,0
WBGene00166625.,0,0,0
WBGene00166626.,0,0,0
WBGene00166627.,0,0,0
WBGene00166628.,0,0,0
WBGene00166629.,0,0,0
WBGene00166630.,0,0,0
WBGene00166631.,0,0,0
WBGene00166632.,0,0,0
WBGene00166633.,0,0,0
WBGene00166634.,0,0,0
WBGene00166635.,0,0,0
WBGene00166636.,0,0,0
WBGene00166637.,0,0,0
WBGene00166638.,0,0,0
WBGene00166639.,0,0,0
WBGene00166640.,0,0,0
WBGene00166641.,0,0,0
WBGene00166642.,0,0,0
WBGene00166643.,0,0,0
WBGene00166644.,0,0,0
WBGene00166645.,0,0,0
WBGene00166646.,0,0,0
WBGene00166647.,0,0,0
WBGene00166648.,0,0,0
WBGene00166649.,0,0,0
WBGene00166650.,0,0,0
WBGene00166651.,0,0,0
WBGene00166652.,0,0,0
WBGene00166653.,0,0,0
WBGene00166654.,0,0,0
WBGene00166655.,0,0,0
WBGene00166656.,0,0,0
WBGene00166657.,0,0,0
WBGene00166658.,0,0,0
WBGene00166659.,0,0,0
WBGene00166660.,0,0,0
WBGene00166661.,0,0,0
WBGene00166662.,0,4,4
WBGene00166663.,0,0,0
WBGene00166664.,0,0,0
WBGene00166665.,0,0,0
WBGene00166666.,0,0,0
WBGene00166667.,0,0,0
WBGene00166668.,0,0,0
WBGene00166669.,0,0,0
WBGene00166670.,0,0,0
WBGene00166671.,0,0,0
WBGene00166672.,0,0,0
WBGene00166673.,0,0,0
WBGene00166674.,0,0,0
WBGene00166675.,0,0,0
WBGene00166676.,0,1,1
WBGene00166677.,0,0,0
WBGene00166678.,0,0,0
WBGene00166679.,0,0,0
WBGene00166680.,0,0,0
WBGene00166681.,0,0,0
WBGene00166682.,0,0,0
WBGene00166683.,0,0,0
WBGene00166684.,0,0,0
WBGene00166685.,0,0,0
WBGene00166686.,0,0,0
WBGene00166687.,0,0,0
WBGene00166688.,0,0,0
WBGene00166689.,0,0,0
WBGene00166690.,0,0,0
WBGene00166691.,0,0,0
WBGene00166692.,0,0,0
WBGene00166693.,0,0,0
WBGene00166694.,0,0,0
WBGene00166695.,0,0,0
WBGene00166696.,0,0,0
WBGene00166697.,0,0,0
WBGene00166698.,0,0,0
WBGene00166699.,0,0,0
WBGene00166700.,0,0,0
WBGene00166701.,0,0,0
WBGene00166702.,0,0,0
WBGene00166703.,0,0,0
WBGene00166704.,0,0,0
WBGene00166705.,0,0,0
WBGene00166706.,0,0,0
WBGene00166707.,0,0,0
WBGene00166708.,0,1,1
WBGene00166709.,0,0,0
WBGene00166710.,0,0,0
WBGene00166711.,0,1,1
WBGene00166712.,0,0,0
WBGene00166713.,0,0,0
WBGene00166714.,0,0,0
WBGene00166715.,0,0,0
WBGene00166716.,0,0,0
WBGene00166717.,0,0,0
WBGene00166718.,0,0,0
WBGene00166719.,0,0,0
WBGene00166720.,0,0,0
WBGene00166721.,0,0,0
WBGene00166722.,0,0,0
WBGene00166723.,0,0,0
WBGene00166724.,0,0,0
WBGene00166725.,0,0,0
WBGene00166726.,0,0,0
WBGene00166727.,0,0,0
WBGene00166728.,0,0,0
WBGene00166729.,0,0,0
WBGene00166730.,0,0,0
WBGene00166731.,0,0,0
WBGene00166732.,0,0,0
WBGene00166733.,0,0,0
WBGene00166734.,0,0,0
WBGene00166735.,0,1,1
WBGene00166736.,0,0,0
WBGene00166737.,0,0,0
WBGene00166738.,0,0,0
WBGene00166739.,0,0,0
WBGene00166740.,0,0,0
WBGene00166741.,0,1,1
WBGene00166742.,0,0,0
WBGene00166743.,0,0,0
WBGene00166744.,0,0,0
WBGene00166745.,0,0,0
WBGene00166746.,0,0,0
WBGene00166747.,0,0,0
WBGene00166748.,0,0,0
WBGene00166749.,0,0,0
WBGene00166750.,0,0,0
WBGene00166751.,0,0,0
WBGene00166752.,0,0,0
WBGene00166753.,0,0,0
WBGene00166754.,0,0,0
WBGene00166755.,0,0,0
WBGene00166756.,0,0,0
WBGene00166757.,0,0,0
WBGene00166758.,0,0,0
WBGene00166759.,0,0,0
WBGene00166760.,0,4,4
WBGene00166761.,0,0,0
WBGene00166762.,0,0,0
WBGene00166763.,0,0,0
WBGene00166764.,0,0,0
WBGene00166765.,0,0,0
WBGene00166766.,0,0,0
WBGene00166767.,0,0,0
WBGene00166768.,0,0,0
WBGene00166769.,0,0,0
WBGene00166770.,0,0,0
WBGene00166771.,0,0,0
WBGene00166772.,0,0,0
WBGene00166773.,0,0,0
WBGene00166774.,0,0,0
WBGene00166775.,0,0,0
WBGene00166776.,0,0,0
WBGene00166777.,0,0,0
WBGene00166778.,0,0,0
WBGene00166779.,0,0,0
WBGene00166780.,0,0,0
WBGene00166781.,0,0,0
WBGene00166782.,0,0,0
WBGene00166783.,0,0,0
WBGene00166784.,0,0,0
WBGene00166785.,0,0,0
WBGene00166786.,0,0,0
WBGene00166787.,0,0,0
WBGene00166788.,0,0,0
WBGene00166789.,0,0,0
WBGene00166790.,0,0,0
WBGene00166791.,0,0,0
WBGene00166792.,0,0,0
WBGene00166793.,0,0,0
WBGene00166794.,0,0,0
WBGene00166795.,0,0,0
WBGene00166796.,0,0,0
WBGene00166797.,0,0,0
WBGene00166798.,0,0,0
WBGene00166799.,0,0,0
WBGene00166800.,0,0,0
WBGene00166801.,0,0,0
WBGene00166802.,0,0,0
WBGene00166803.,0,0,0
WBGene00166804.,0,0,0
WBGene00166805.,0,0,0
WBGene00166806.,0,0,0
WBGene00166807.,0,0,0
WBGene00166808.,0,0,0
WBGene00166809.,0,0,0
WBGene00166810.,0,0,0
WBGene00166811.,0,6,6
WBGene00166812.,0,0,0
WBGene00166813.,0,0,0
WBGene00166814.,0,0,0
WBGene00166815.,0,0,0
WBGene00166816.,0,0,0
WBGene00166817.,0,0,0
WBGene00166819.,0,0,0
WBGene00166820.,0,0,0
WBGene00166821.,0,0,0
WBGene00166822.,0,0,0
WBGene00166823.,0,0,0
WBGene00166824.,0,0,0
WBGene00166825.,0,0,0
WBGene00166826.,0,0,0
WBGene00166827.,0,0,0
WBGene00166828.,0,0,0
WBGene00166829.,0,0,0
WBGene00166830.,0,0,0
WBGene00166831.,0,1,1
WBGene00166832.,0,0,0
WBGene00166833.,0,0,0
WBGene00166834.,0,0,0
WBGene00166835.,0,0,0
WBGene00166836.,0,0,0
WBGene00166837.,0,0,0
WBGene00166838.,0,0,0
WBGene00166839.,0,0,0
WBGene00166840.,0,0,0
WBGene00166841.,0,1,1
WBGene00166842.,0,0,0
WBGene00166843.,0,0,0
WBGene00166844.,0,0,0
WBGene00166845.,0,0,0
WBGene00166846.,0,0,0
WBGene00166847.,0,0,0
WBGene00166848.,0,0,0
WBGene00166849.,0,0,0
WBGene00166850.,0,0,0
WBGene00166851.,0,0,0
WBGene00166852.,0,0,0
WBGene00166853.,0,0,0
WBGene00166854.,0,0,0
WBGene00166855.,0,0,0
WBGene00166856.,0,0,0
WBGene00166857.,0,0,0
WBGene00166858.,0,0,0
WBGene00166859.,0,0,0
WBGene00166860.,0,0,0
WBGene00166861.,0,0,0
WBGene00166862.,0,0,0
WBGene00166863.,0,0,0
WBGene00166864.,0,0,0
WBGene00166865.,0,0,0
WBGene00166866.,0,0,0
WBGene00166867.,0,0,0
WBGene00166868.,0,0,0
WBGene00166869.,0,0,0
WBGene00166870.,0,0,0
WBGene00166871.,0,0,0
WBGene00166872.,0,0,0
WBGene00166873.,0,0,0
WBGene00166874.,0,0,0
WBGene00166875.,0,0,0
WBGene00166876.,0,0,0
WBGene00166877.,0,0,0
WBGene00166878.,0,0,0
WBGene00166879.,0,0,0
WBGene00166880.,0,0,0
WBGene00166881.,0,0,0
WBGene00166882.,0,0,0
WBGene00166883.,0,0,0
WBGene00166884.,0,0,0
WBGene00166885.,0,12,12
WBGene00166886.,0,0,0
WBGene00166887.,0,0,0
WBGene00166888.,0,0,0
WBGene00166889.,0,0,0
WBGene00166890.,0,0,0
WBGene00166891.,0,0,0
WBGene00166892.,0,0,0
WBGene00166893.,0,0,0
WBGene00166894.,0,2,2
WBGene00166895.,0,0,0
WBGene00166896.,0,7,7
WBGene00166897.,0,0,0
WBGene00166898.,0,0,0
WBGene00166899.,0,0,0
WBGene00166900.,0,0,0
WBGene00166901.,0,0,0
WBGene00166902.,0,0,0
WBGene00166903.,0,0,0
WBGene00166904.,0,0,0
WBGene00166905.,0,0,0
WBGene00166906.,0,0,0
WBGene00166907.,0,0,0
WBGene00166908.,0,0,0
WBGene00166909.,0,0,0
WBGene00166910.,0,0,0
WBGene00166911.,0,0,0
WBGene00166912.,0,0,0
WBGene00166913.,0,0,0
WBGene00166914.,0,0,0
WBGene00166915.,0,0,0
WBGene00166916.,0,0,0
WBGene00166917.,0,0,0
WBGene00166918.,0,0,0
WBGene00166919.,0,0,0
WBGene00166920.,0,0,0
WBGene00166921.,0,0,0
WBGene00166922.,0,0,0
WBGene00166923.,0,0,0
WBGene00166924.,0,0,0
WBGene00166925.,0,0,0
WBGene00166926.,0,0,0
WBGene00166927.,0,0,0
WBGene00166928.,0,0,0
WBGene00166929.,0,0,0
WBGene00166930.,0,0,0
WBGene00166931.,0,0,0
WBGene00166932.,0,0,0
WBGene00166933.,0,0,0
WBGene00166934.,0,1,1
WBGene00166935.,0,0,0
WBGene00166936.,0,0,0
WBGene00166937.,0,0,0
WBGene00166938.,0,20,20
WBGene00166939.,0,0,0
WBGene00166940.,0,0,0
WBGene00166941.,0,0,0
WBGene00166942.,0,0,0
WBGene00166943.,0,0,0
WBGene00166944.,0,0,0
WBGene00166945.,0,2,2
WBGene00166946.,0,0,0
WBGene00166947.,0,0,0
WBGene00166948.,0,0,0
WBGene00166949.,0,0,0
WBGene00166950.,0,0,0
WBGene00166951.,0,0,0
WBGene00166952.,0,0,0
WBGene00166953.,0,0,0
WBGene00166954.,0,0,0
WBGene00166955.,0,0,0
WBGene00166956.,0,0,0
WBGene00166957.,0,0,0
WBGene00166958.,0,0,0
WBGene00166959.,0,0,0
WBGene00166960.,0,0,0
WBGene00166961.,0,0,0
WBGene00166962.,0,1,1
WBGene00166963.,0,0,0
WBGene00166964.,0,0,0
WBGene00166965.,0,0,0
WBGene00166966.,0,0,0
WBGene00166967.,0,0,0
WBGene00166968.,0,0,0
WBGene00166969.,0,0,0
WBGene00166970.,0,0,0
WBGene00166971.,0,0,0
WBGene00166972.,0,0,0
WBGene00166973.,0,0,0
WBGene00166974.,0,0,0
WBGene00166975.,0,1,1
WBGene00166976.,0,0,0
WBGene00166977.,0,0,0
WBGene00166978.,0,0,0
WBGene00166979.,0,1,1
WBGene00166980.,0,0,0
WBGene00166981.,0,1,1
WBGene00166982.,0,0,0
WBGene00166983.,0,0,0
WBGene00166984.,0,0,0
WBGene00166985.,0,0,0
WBGene00166986.,0,0,0
WBGene00166987.,0,0,0
WBGene00166988.,0,0,0
WBGene00166989.,0,0,0
WBGene00166990.,0,0,0
WBGene00166991.,0,0,0
WBGene00166992.,0,0,0
WBGene00166993.,0,0,0
WBGene00166994.,0,0,0
WBGene00166995.,0,0,0
WBGene00166996.,0,0,0
WBGene00166997.,0,0,0
WBGene00166998.,0,0,0
WBGene00166999.,0,0,0
WBGene00167000.,0,0,0
WBGene00167001.,0,0,0
WBGene00167002.,0,0,0
WBGene00167003.,0,0,0
WBGene00167004.,0,9,9
WBGene00167005.,0,0,0
WBGene00167006.,0,1,1
WBGene00167007.,0,0,0
WBGene00167008.,0,0,0
WBGene00167009.,0,0,0
WBGene00167010.,0,0,0
WBGene00167011.,0,0,0
WBGene00167012.,0,0,0
WBGene00167013.,0,0,0
WBGene00167014.,0,0,0
WBGene00167015.,0,0,0
WBGene00167016.,0,0,0
WBGene00167017.,0,0,0
WBGene00167018.,0,0,0
WBGene00167019.,0,0,0
WBGene00167020.,0,0,0
WBGene00167021.,0,0,0
WBGene00167022.,0,0,0
WBGene00167023.,0,0,0
WBGene00167024.,0,0,0
WBGene00167025.,0,3,3
WBGene00167026.,0,0,0
WBGene00167027.,0,0,0
WBGene00167028.,0,0,0
WBGene00167029.,0,0,0
WBGene00167030.,0,2,2
WBGene00167031.,0,0,0
WBGene00167032.,0,0,0
WBGene00167033.,0,0,0
WBGene00167034.,0,0,0
WBGene00167035.,0,0,0
WBGene00167036.,0,0,0
WBGene00167037.,0,0,0
WBGene00167038.,0,0,0
WBGene00167039.,0,0,0
WBGene00167040.,0,0,0
WBGene00167041.,0,0,0
WBGene00167042.,0,0,0
WBGene00167043.,0,0,0
WBGene00167044.,0,0,0
WBGene00167045.,0,0,0
WBGene00167046.,0,0,0
WBGene00167047.,0,0,0
WBGene00167048.,0,0,0
WBGene00167049.,0,0,0
WBGene00167050.,0,0,0
WBGene00167051.,0,0,0
WBGene00167052.,0,0,0
WBGene00167053.,0,0,0
WBGene00167054.,0,0,0
WBGene00167055.,0,1,1
WBGene00167056.,0,0,0
WBGene00167057.,0,0,0
WBGene00167058.,0,0,0
WBGene00167059.,0,0,0
WBGene00167060.,0,0,0
WBGene00167061.,0,0,0
WBGene00167062.,0,0,0
WBGene00167063.,0,0,0
WBGene00167064.,0,0,0
WBGene00167065.,0,0,0
WBGene00167066.,0,0,0
WBGene00167067.,0,0,0
WBGene00167068.,0,1,1
WBGene00167069.,0,0,0
WBGene00167070.,0,0,0
WBGene00167071.,0,0,0
WBGene00167072.,0,0,0
WBGene00167073.,0,0,0
WBGene00167074.,0,0,0
WBGene00167075.,0,0,0
WBGene00167076.,0,0,0
WBGene00167077.,0,0,0
WBGene00167078.,0,0,0
WBGene00167079.,0,0,0
WBGene00167080.,0,0,0
WBGene00167081.,0,0,0
WBGene00167082.,0,0,0
WBGene00167083.,0,0,0
WBGene00167084.,0,0,0
WBGene00167085.,0,0,0
WBGene00167086.,0,0,0
WBGene00167087.,0,0,0
WBGene00167088.,0,0,0
WBGene00167089.,0,0,0
WBGene00167090.,0,0,0
WBGene00167091.,0,0,0
WBGene00167092.,0,0,0
WBGene00167093.,0,0,0
WBGene00167094.,0,0,0
WBGene00167095.,0,0,0
WBGene00167096.,0,0,0
WBGene00167097.,0,0,0
WBGene00167098.,0,0,0
WBGene00167099.,0,0,0
WBGene00167100.,0,0,0
WBGene00167101.,0,0,0
WBGene00167102.,0,0,0
WBGene00167103.,0,5,5
WBGene00167104.,0,0,0
WBGene00167105.,0,0,0
WBGene00167106.,0,0,0
WBGene00167107.,0,0,0
WBGene00167108.,0,0,0
WBGene00167109.,0,0,0
WBGene00167110.,0,0,0
WBGene00167111.,0,0,0
WBGene00167112.,0,0,0
WBGene00167113.,0,0,0
WBGene00167114.,0,0,0
WBGene00167115.,0,0,0
WBGene00167116.,0,0,0
WBGene00167117.,0,0,0
WBGene00167118.,0,2,2
WBGene00167119.,0,0,0
WBGene00167120.,0,0,0
WBGene00167121.,0,0,0
WBGene00167122.,0,0,0
WBGene00167123.,0,0,0
WBGene00167124.,0,0,0
WBGene00167125.,0,0,0
WBGene00167126.,0,0,0
WBGene00167127.,0,0,0
WBGene00167128.,0,0,0
WBGene00167129.,0,0,0
WBGene00167130.,0,0,0
WBGene00167131.,0,0,0
WBGene00167132.,0,0,0
WBGene00167133.,0,0,0
WBGene00167134.,0,0,0
WBGene00167135.,0,0,0
WBGene00167136.,0,0,0
WBGene00167137.,0,0,0
WBGene00167138.,0,0,0
WBGene00167139.,0,0,0
WBGene00167140.,0,0,0
WBGene00167141.,0,0,0
WBGene00167142.,0,0,0
WBGene00167143.,0,1,1
WBGene00167144.,0,0,0
WBGene00167145.,0,0,0
WBGene00167146.,0,0,0
WBGene00167147.,0,0,0
WBGene00167148.,0,0,0
WBGene00167149.,0,0,0
WBGene00167150.,0,0,0
WBGene00167151.,0,0,0
WBGene00167152.,0,0,0
WBGene00167153.,0,0,0
WBGene00167154.,0,0,0
WBGene00167155.,0,0,0
WBGene00167156.,0,0,0
WBGene00167157.,0,0,0
WBGene00167158.,0,2,2
WBGene00167159.,0,0,0
WBGene00167160.,0,0,0
WBGene00167161.,0,0,0
WBGene00167162.,0,0,0
WBGene00167163.,0,0,0
WBGene00167164.,0,0,0
WBGene00167165.,0,0,0
WBGene00167166.,0,0,0
WBGene00167167.,0,0,0
WBGene00167168.,0,0,0
WBGene00167169.,0,0,0
WBGene00167170.,0,0,0
WBGene00167171.,0,1,1
WBGene00167172.,0,0,0
WBGene00167173.,0,0,0
WBGene00167174.,0,0,0
WBGene00167175.,0,0,0
WBGene00167176.,0,2,2
WBGene00167177.,0,0,0
WBGene00167178.,0,1,1
WBGene00167179.,0,0,0
WBGene00167180.,0,0,0
WBGene00167181.,0,1,1
WBGene00167182.,0,0,0
WBGene00167183.,0,0,0
WBGene00167184.,0,0,0
WBGene00167185.,0,0,0
WBGene00167186.,0,0,0
WBGene00167187.,0,0,0
WBGene00167188.,0,0,0
WBGene00167189.,0,0,0
WBGene00167190.,0,0,0
WBGene00167191.,0,0,0
WBGene00167192.,0,0,0
WBGene00167193.,0,0,0
WBGene00167194.,0,0,0
WBGene00167195.,0,0,0
WBGene00167196.,0,0,0
WBGene00167197.,0,0,0
WBGene00167198.,0,0,0
WBGene00167199.,0,0,0
WBGene00167200.,0,0,0
WBGene00167201.,0,0,0
WBGene00167202.,0,0,0
WBGene00167203.,0,0,0
WBGene00167204.,0,0,0
WBGene00167205.,0,1,1
WBGene00167206.,0,0,0
WBGene00167207.,0,1,1
WBGene00167208.,0,0,0
WBGene00167209.,0,0,0
WBGene00167210.,0,0,0
WBGene00167211.,0,0,0
WBGene00167212.,0,0,0
WBGene00167213.,0,0,0
WBGene00167214.,0,0,0
WBGene00167215.,0,0,0
WBGene00167216.,0,0,0
WBGene00167217.,0,0,0
WBGene00167218.,0,0,0
WBGene00167219.,0,0,0
WBGene00167220.,0,0,0
WBGene00167221.,0,0,0
WBGene00167222.,0,0,0
WBGene00167223.,0,0,0
WBGene00167224.,0,0,0
WBGene00167225.,0,4,4
WBGene00167226.,0,0,0
WBGene00167227.,0,0,0
WBGene00167228.,0,0,0
WBGene00167229.,0,0,0
WBGene00167230.,0,0,0
WBGene00167231.,0,0,0
WBGene00167232.,0,0,0
WBGene00167233.,0,0,0
WBGene00167234.,0,0,0
WBGene00167235.,0,0,0
WBGene00167236.,0,0,0
WBGene00167237.,0,0,0
WBGene00167238.,0,0,0
WBGene00167239.,0,0,0
WBGene00167240.,0,0,0
WBGene00167241.,0,0,0
WBGene00167242.,0,0,0
WBGene00167243.,0,0,0
WBGene00167244.,0,0,0
WBGene00167245.,0,0,0
WBGene00167246.,0,0,0
WBGene00167247.,0,0,0
WBGene00167248.,0,0,0
WBGene00167249.,0,0,0
WBGene00167250.,0,0,0
WBGene00167251.,0,0,0
WBGene00167252.,0,0,0
WBGene00167253.,0,0,0
WBGene00167254.,0,0,0
WBGene00167255.,0,0,0
WBGene00167256.,0,0,0
WBGene00167257.,0,0,0
WBGene00167258.,0,0,0
WBGene00167259.,0,0,0
WBGene00167260.,0,0,0
WBGene00167261.,0,1,1
WBGene00167262.,0,0,0
WBGene00167263.,0,0,0
WBGene00167264.,0,0,0
WBGene00167265.,0,0,0
WBGene00167266.,0,0,0
WBGene00167267.,0,0,0
WBGene00167268.,0,0,0
WBGene00167269.,0,2,2
WBGene00167270.,0,0,0
WBGene00167271.,0,0,0
WBGene00167272.,0,0,0
WBGene00167273.,0,0,0
WBGene00167274.,0,0,0
WBGene00167275.,0,0,0
WBGene00167276.,0,0,0
WBGene00167277.,0,0,0
WBGene00167278.,0,0,0
WBGene00167279.,0,2,2
WBGene00167280.,0,0,0
WBGene00167281.,0,0,0
WBGene00167282.,0,0,0
WBGene00167283.,0,0,0
WBGene00167284.,0,0,0
WBGene00167285.,0,0,0
WBGene00167286.,0,0,0
WBGene00167287.,0,0,0
WBGene00167288.,0,0,0
WBGene00167289.,0,0,0
WBGene00167290.,0,0,0
WBGene00167291.,0,0,0
WBGene00167292.,0,1,1
WBGene00167293.,0,0,0
WBGene00167294.,0,0,0
WBGene00167295.,0,0,0
WBGene00167296.,0,0,0
WBGene00167297.,0,0,0
WBGene00167298.,0,0,0
WBGene00167299.,0,0,0
WBGene00167300.,0,0,0
WBGene00167301.,0,2,2
WBGene00167302.,0,0,0
WBGene00167303.,0,0,0
WBGene00167304.,0,0,0
WBGene00167305.,0,0,0
WBGene00167306.,0,0,0
WBGene00167307.,0,0,0
WBGene00167308.,0,0,0
WBGene00167309.,0,0,0
WBGene00167310.,0,0,0
WBGene00167311.,0,0,0
WBGene00167312.,0,0,0
WBGene00167313.,0,0,0
WBGene00167314.,0,0,0
WBGene00167315.,0,0,0
WBGene00167316.,0,0,0
WBGene00167317.,0,0,0
WBGene00167318.,0,0,0
WBGene00167319.,0,0,0
WBGene00167320.,0,0,0
WBGene00167321.,0,0,0
WBGene00167322.,0,0,0
WBGene00167323.,0,0,0
WBGene00167324.,0,0,0
WBGene00167325.,0,1,1
WBGene00167326.,0,0,0
WBGene00167327.,0,0,0
WBGene00167328.,0,0,0
WBGene00167329.,0,0,0
WBGene00167330.,0,0,0
WBGene00167331.,0,0,0
WBGene00167332.,0,0,0
WBGene00167333.,0,0,0
WBGene00167334.,0,0,0
WBGene00167335.,0,0,0
WBGene00167336.,0,0,0
WBGene00167337.,0,0,0
WBGene00167338.,0,1,1
WBGene00167339.,0,0,0
WBGene00167340.,0,0,0
WBGene00167341.,0,0,0
WBGene00167342.,0,0,0
WBGene00167343.,0,0,0
WBGene00167344.,0,0,0
WBGene00167345.,0,0,0
WBGene00167346.,0,0,0
WBGene00167347.,0,0,0
WBGene00167348.,0,0,0
WBGene00167349.,0,0,0
WBGene00167350.,0,0,0
WBGene00167351.,0,0,0
WBGene00167352.,0,0,0
WBGene00167353.,0,0,0
WBGene00167354.,0,0,0
WBGene00167355.,0,0,0
WBGene00167356.,0,0,0
WBGene00167357.,0,0,0
WBGene00167358.,0,0,0
WBGene00167359.,0,0,0
WBGene00167360.,0,0,0
WBGene00167361.,0,0,0
WBGene00167362.,0,0,0
WBGene00167363.,0,0,0
WBGene00167364.,0,0,0
WBGene00167365.,0,0,0
WBGene00167366.,0,0,0
WBGene00167367.,0,0,0
WBGene00167368.,0,0,0
WBGene00167369.,0,0,0
WBGene00167370.,0,0,0
WBGene00167371.,0,0,0
WBGene00167372.,0,0,0
WBGene00167373.,0,0,0
WBGene00167374.,0,0,0
WBGene00167375.,0,0,0
WBGene00167376.,0,0,0
WBGene00167377.,0,0,0
WBGene00167378.,0,0,0
WBGene00167379.,0,0,0
WBGene00167380.,0,0,0
WBGene00167381.,0,0,0
WBGene00167382.,0,1,1
WBGene00167383.,0,0,0
WBGene00167384.,0,0,0
WBGene00167385.,0,0,0
WBGene00167386.,0,0,0
WBGene00167387.,0,0,0
WBGene00167388.,0,0,0
WBGene00167389.,0,0,0
WBGene00167390.,0,0,0
WBGene00167391.,0,0,0
WBGene00167392.,0,0,0
WBGene00167393.,0,0,0
WBGene00167394.,0,0,0
WBGene00167395.,0,0,0
WBGene00167396.,0,0,0
WBGene00167397.,0,0,0
WBGene00167398.,0,0,0
WBGene00167399.,0,0,0
WBGene00167400.,0,0,0
WBGene00167401.,0,0,0
WBGene00167402.,0,0,0
WBGene00167403.,0,0,0
WBGene00167404.,0,0,0
WBGene00167405.,0,0,0
WBGene00167406.,0,0,0
WBGene00167407.,0,0,0
WBGene00167408.,0,0,0
WBGene00167409.,0,0,0
WBGene00167410.,0,0,0
WBGene00167411.,0,0,0
WBGene00167412.,0,0,0
WBGene00167413.,0,0,0
WBGene00167414.,0,0,0
WBGene00167415.,0,0,0
WBGene00167416.,0,0,0
WBGene00167417.,0,0,0
WBGene00167418.,0,0,0
WBGene00167419.,0,0,0
WBGene00167420.,0,1,1
WBGene00167421.,0,0,0
WBGene00167422.,0,0,0
WBGene00167423.,0,0,0
WBGene00167424.,0,0,0
WBGene00167425.,0,0,0
WBGene00167426.,0,0,0
WBGene00167427.,0,0,0
WBGene00167428.,0,0,0
WBGene00167429.,0,0,0
WBGene00167430.,0,0,0
WBGene00167431.,0,0,0
WBGene00167432.,0,0,0
WBGene00167433.,0,0,0
WBGene00167434.,0,0,0
WBGene00167435.,0,0,0
WBGene00167436.,0,1,1
WBGene00167437.,0,0,0
WBGene00167438.,0,0,0
WBGene00167439.,0,0,0
WBGene00167440.,0,0,0
WBGene00167441.,0,0,0
WBGene00167442.,0,0,0
WBGene00167443.,0,0,0
WBGene00167444.,0,0,0
WBGene00167445.,0,0,0
WBGene00167446.,0,0,0
WBGene00167447.,0,2,2
WBGene00167448.,0,0,0
WBGene00167449.,0,0,0
WBGene00167450.,0,0,0
WBGene00167451.,0,0,0
WBGene00167452.,0,0,0
WBGene00167453.,0,0,0
WBGene00167454.,0,0,0
WBGene00167455.,0,0,0
WBGene00167456.,0,4,4
WBGene00167457.,0,0,0
WBGene00167458.,0,0,0
WBGene00167459.,0,0,0
WBGene00167460.,0,0,0
WBGene00167461.,0,0,0
WBGene00167462.,0,0,0
WBGene00167463.,0,2,2
WBGene00167464.,0,0,0
WBGene00167465.,0,0,0
WBGene00167466.,0,0,0
WBGene00167467.,0,0,0
WBGene00167468.,0,0,0
WBGene00167469.,0,0,0
WBGene00167470.,0,0,0
WBGene00167471.,0,0,0
WBGene00167472.,0,0,0
WBGene00167473.,0,2,2
WBGene00167474.,0,0,0
WBGene00167475.,0,0,0
WBGene00167476.,0,0,0
WBGene00167477.,0,2,2
WBGene00167478.,0,0,0
WBGene00167479.,0,0,0
WBGene00167480.,0,0,0
WBGene00167481.,0,0,0
WBGene00167482.,0,0,0
WBGene00167483.,0,0,0
WBGene00167484.,0,0,0
WBGene00167485.,0,0,0
WBGene00167487.,0,0,0
WBGene00167488.,0,1,1
WBGene00167489.,0,0,0
WBGene00167490.,0,0,0
WBGene00167491.,0,0,0
WBGene00167492.,0,1,1
WBGene00167493.,0,0,0
WBGene00167494.,0,0,0
WBGene00167495.,0,0,0
WBGene00167496.,0,0,0
WBGene00167497.,0,0,0
WBGene00167498.,0,0,0
WBGene00167499.,0,0,0
WBGene00167500.,0,0,0
WBGene00167501.,0,0,0
WBGene00167502.,0,0,0
WBGene00167503.,0,0,0
WBGene00167504.,0,0,0
WBGene00167505.,0,0,0
WBGene00167506.,0,0,0
WBGene00167507.,0,6,6
WBGene00167508.,0,0,0
WBGene00167509.,0,0,0
WBGene00167510.,0,0,0
WBGene00167511.,0,0,0
WBGene00167512.,0,0,0
WBGene00167513.,0,0,0
WBGene00167514.,0,0,0
WBGene00167515.,0,0,0
WBGene00167516.,0,0,0
WBGene00167517.,0,0,0
WBGene00167518.,0,0,0
WBGene00167519.,0,0,0
WBGene00167520.,0,0,0
WBGene00167521.,0,0,0
WBGene00167522.,0,0,0
WBGene00167523.,0,0,0
WBGene00167524.,0,1,1
WBGene00167525.,0,0,0
WBGene00167526.,0,0,0
WBGene00167527.,0,0,0
WBGene00167528.,0,0,0
WBGene00167529.,0,2,2
WBGene00167530.,0,0,0
WBGene00167531.,0,0,0
WBGene00167532.,0,0,0
WBGene00167533.,0,0,0
WBGene00167534.,0,0,0
WBGene00167535.,0,0,0
WBGene00167536.,0,0,0
WBGene00167537.,0,6,6
WBGene00167538.,0,0,0
WBGene00167539.,0,0,0
WBGene00167540.,0,0,0
WBGene00167541.,0,0,0
WBGene00167542.,0,0,0
WBGene00167543.,0,0,0
WBGene00167544.,0,5,5
WBGene00167545.,0,1,1
WBGene00167546.,0,0,0
WBGene00167547.,0,0,0
WBGene00167548.,0,0,0
WBGene00167549.,0,0,0
WBGene00167550.,0,1,1
WBGene00167551.,0,0,0
WBGene00167552.,0,0,0
WBGene00167553.,0,0,0
WBGene00167554.,0,0,0
WBGene00167555.,0,0,0
WBGene00167556.,0,0,0
WBGene00167557.,0,0,0
WBGene00167558.,0,0,0
WBGene00167559.,0,0,0
WBGene00167560.,0,0,0
WBGene00167561.,0,2,2
WBGene00167562.,0,0,0
WBGene00167563.,0,0,0
WBGene00167564.,0,0,0
WBGene00167565.,0,0,0
WBGene00167566.,0,0,0
WBGene00167567.,0,0,0
WBGene00167568.,0,0,0
WBGene00167569.,0,0,0
WBGene00167570.,0,0,0
WBGene00167571.,0,0,0
WBGene00167572.,0,0,0
WBGene00167573.,0,0,0
WBGene00167574.,0,0,0
WBGene00167575.,0,0,0
WBGene00167576.,0,0,0
WBGene00167577.,0,0,0
WBGene00167578.,0,1,1
WBGene00167579.,0,0,0
WBGene00167580.,0,0,0
WBGene00167581.,0,0,0
WBGene00167582.,0,0,0
WBGene00167583.,0,0,0
WBGene00167584.,0,0,0
WBGene00167585.,0,0,0
WBGene00167586.,0,0,0
WBGene00167587.,0,0,0
WBGene00167588.,0,0,0
WBGene00167589.,0,0,0
WBGene00167590.,0,0,0
WBGene00167591.,0,0,0
WBGene00167592.,0,0,0
WBGene00167593.,0,0,0
WBGene00167594.,0,0,0
WBGene00167595.,0,0,0
WBGene00167596.,0,0,0
WBGene00167597.,0,0,0
WBGene00167598.,0,0,0
WBGene00167599.,0,0,0
WBGene00167600.,0,0,0
WBGene00167601.,0,8,8
WBGene00167602.,0,0,0
WBGene00167603.,0,0,0
WBGene00167604.,0,0,0
WBGene00167605.,0,0,0
WBGene00167606.,0,0,0
WBGene00167607.,0,3,3
WBGene00167608.,0,0,0
WBGene00167609.,0,0,0
WBGene00167610.,0,3,3
WBGene00167611.,0,0,0
WBGene00167612.,0,0,0
WBGene00167613.,0,0,0
WBGene00167614.,0,1,1
WBGene00167615.,0,0,0
WBGene00167616.,0,0,0
WBGene00167617.,0,0,0
WBGene00167618.,0,0,0
WBGene00167619.,0,0,0
WBGene00167620.,0,0,0
WBGene00167621.,0,0,0
WBGene00167622.,0,0,0
WBGene00167623.,0,0,0
WBGene00167624.,0,0,0
WBGene00167625.,0,0,0
WBGene00167626.,0,0,0
WBGene00167627.,0,0,0
WBGene00167628.,0,0,0
WBGene00167629.,0,0,0
WBGene00167630.,0,0,0
WBGene00167631.,0,0,0
WBGene00167632.,0,0,0
WBGene00167633.,0,0,0
WBGene00167634.,0,0,0
WBGene00167635.,0,0,0
WBGene00167636.,0,0,0
WBGene00167637.,0,0,0
WBGene00167638.,0,0,0
WBGene00167639.,0,0,0
WBGene00167640.,0,0,0
WBGene00167641.,0,0,0
WBGene00167642.,0,0,0
WBGene00167643.,0,0,0
WBGene00167644.,0,0,0
WBGene00167645.,0,0,0
WBGene00167646.,0,0,0
WBGene00167647.,0,0,0
WBGene00167648.,0,0,0
WBGene00167649.,0,1,1
WBGene00167650.,0,0,0
WBGene00167651.,0,0,0
WBGene00167652.,0,0,0
WBGene00167653.,0,0,0
WBGene00167654.,0,0,0
WBGene00167655.,0,1,1
WBGene00167656.,0,0,0
WBGene00167657.,0,0,0
WBGene00167658.,0,0,0
WBGene00167659.,0,0,0
WBGene00167660.,0,0,0
WBGene00167661.,0,0,0
WBGene00167662.,0,0,0
WBGene00167663.,0,0,0
WBGene00167664.,0,1,1
WBGene00167665.,0,0,0
WBGene00167666.,0,0,0
WBGene00167667.,0,0,0
WBGene00167668.,0,0,0
WBGene00167669.,0,0,0
WBGene00167670.,0,0,0
WBGene00167671.,0,0,0
WBGene00167672.,0,0,0
WBGene00167673.,0,0,0
WBGene00167674.,0,0,0
WBGene00167675.,0,0,0
WBGene00167676.,0,0,0
WBGene00167677.,0,1,1
WBGene00167678.,0,0,0
WBGene00167679.,0,0,0
WBGene00167680.,0,0,0
WBGene00167681.,0,0,0
WBGene00167682.,0,6,6
WBGene00167683.,0,0,0
WBGene00167684.,0,0,0
WBGene00167685.,0,0,0
WBGene00167686.,0,0,0
WBGene00167687.,0,0,0
WBGene00167688.,0,1,1
WBGene00167689.,0,0,0
WBGene00167690.,0,0,0
WBGene00167691.,0,0,0
WBGene00167692.,0,0,0
WBGene00167693.,0,0,0
WBGene00167694.,0,0,0
WBGene00167695.,0,0,0
WBGene00167696.,0,0,0
WBGene00167697.,0,0,0
WBGene00167698.,0,0,0
WBGene00167699.,0,0,0
WBGene00167700.,0,0,0
WBGene00167701.,0,1,1
WBGene00167702.,0,0,0
WBGene00167703.,0,0,0
WBGene00167704.,0,0,0
WBGene00167705.,0,0,0
WBGene00167706.,0,0,0
WBGene00167707.,0,0,0
WBGene00167708.,0,0,0
WBGene00167709.,0,0,0
WBGene00167710.,0,0,0
WBGene00167711.,0,0,0
WBGene00167712.,0,0,0
WBGene00167713.,0,0,0
WBGene00167714.,0,0,0
WBGene00167715.,0,0,0
WBGene00167716.,0,0,0
WBGene00167717.,0,0,0
WBGene00167718.,0,0,0
WBGene00167719.,0,0,0
WBGene00167720.,0,1,1
WBGene00167721.,0,0,0
WBGene00167722.,0,0,0
WBGene00167723.,0,0,0
WBGene00167724.,0,0,0
WBGene00167725.,0,0,0
WBGene00167726.,0,0,0
WBGene00167727.,0,0,0
WBGene00167728.,0,0,0
WBGene00167729.,0,0,0
WBGene00167730.,0,1,1
WBGene00167731.,0,0,0
WBGene00167732.,0,0,0
WBGene00167733.,0,0,0
WBGene00167734.,0,0,0
WBGene00167735.,0,0,0
WBGene00167736.,0,0,0
WBGene00167737.,0,0,0
WBGene00167738.,0,0,0
WBGene00167739.,0,0,0
WBGene00167740.,0,0,0
WBGene00167741.,0,0,0
WBGene00167742.,0,0,0
WBGene00167743.,0,0,0
WBGene00167744.,0,0,0
WBGene00167745.,0,0,0
WBGene00167746.,0,0,0
WBGene00167747.,0,0,0
WBGene00167748.,0,0,0
WBGene00167749.,0,0,0
WBGene00167750.,0,0,0
WBGene00167751.,0,0,0
WBGene00167752.,0,0,0
WBGene00167753.,0,0,0
WBGene00167754.,0,0,0
WBGene00167755.,0,0,0
WBGene00167756.,0,0,0
WBGene00167757.,0,0,0
WBGene00167758.,0,0,0
WBGene00167759.,0,1,1
WBGene00167760.,0,0,0
WBGene00167761.,0,0,0
WBGene00167762.,0,0,0
WBGene00167763.,0,0,0
WBGene00167764.,0,0,0
WBGene00167765.,0,0,0
WBGene00167766.,0,0,0
WBGene00167767.,0,0,0
WBGene00167768.,0,0,0
WBGene00167769.,0,0,0
WBGene00167770.,0,0,0
WBGene00167771.,0,0,0
WBGene00167772.,0,6,6
WBGene00167773.,0,0,0
WBGene00167774.,0,0,0
WBGene00167775.,0,0,0
WBGene00167776.,0,0,0
WBGene00167777.,0,0,0
WBGene00167778.,0,0,0
WBGene00167779.,0,0,0
WBGene00167780.,0,0,0
WBGene00167781.,0,0,0
WBGene00167782.,0,0,0
WBGene00167783.,0,0,0
WBGene00167784.,0,0,0
WBGene00167785.,0,0,0
WBGene00167786.,0,0,0
WBGene00167787.,0,0,0
WBGene00167788.,0,1,1
WBGene00167789.,0,0,0
WBGene00167790.,0,0,0
WBGene00167791.,0,0,0
WBGene00167792.,0,0,0
WBGene00167793.,0,3,3
WBGene00167794.,0,0,0
WBGene00167795.,0,0,0
WBGene00167796.,0,0,0
WBGene00167797.,0,1,1
WBGene00167799.,0,0,0
WBGene00167800.,0,0,0
WBGene00167801.,0,0,0
WBGene00167802.,0,0,0
WBGene00167803.,0,1,1
WBGene00167804.,0,0,0
WBGene00167805.,0,1,1
WBGene00167806.,0,0,0
WBGene00167807.,0,0,0
WBGene00167808.,0,0,0
WBGene00167809.,0,0,0
WBGene00167810.,0,0,0
WBGene00167811.,0,0,0
WBGene00167812.,0,0,0
WBGene00167813.,0,0,0
WBGene00167814.,0,0,0
WBGene00167815.,0,0,0
WBGene00167816.,0,0,0
WBGene00167817.,0,0,0
WBGene00167818.,0,0,0
WBGene00167819.,0,0,0
WBGene00167820.,0,0,0
WBGene00167821.,0,0,0
WBGene00167822.,0,0,0
WBGene00167823.,0,0,0
WBGene00167824.,0,0,0
WBGene00167825.,0,0,0
WBGene00167826.,0,0,0
WBGene00167827.,0,0,0
WBGene00167828.,0,0,0
WBGene00167829.,0,0,0
WBGene00167830.,0,0,0
WBGene00167831.,0,0,0
WBGene00167832.,0,0,0
WBGene00167833.,0,0,0
WBGene00167834.,0,0,0
WBGene00167835.,0,0,0
WBGene00167836.,0,0,0
WBGene00167837.,0,0,0
WBGene00167838.,0,0,0
WBGene00167839.,0,0,0
WBGene00167840.,0,0,0
WBGene00167841.,0,0,0
WBGene00167842.,0,0,0
WBGene00167843.,0,0,0
WBGene00167845.,0,0,0
WBGene00167846.,0,0,0
WBGene00167847.,0,0,0
WBGene00167848.,0,0,0
WBGene00167849.,0,0,0
WBGene00167850.,0,0,0
WBGene00167851.,0,0,0
WBGene00167852.,0,0,0
WBGene00167853.,0,0,0
WBGene00167854.,0,0,0
WBGene00167855.,0,0,0
WBGene00167856.,0,0,0
WBGene00167857.,0,0,0
WBGene00167858.,0,0,0
WBGene00167859.,0,0,0
WBGene00167860.,0,0,0
WBGene00167861.,0,0,0
WBGene00167862.,0,0,0
WBGene00167863.,0,0,0
WBGene00167864.,0,0,0
WBGene00167865.,0,0,0
WBGene00167866.,0,0,0
WBGene00167867.,0,0,0
WBGene00167868.,0,0,0
WBGene00167869.,0,0,0
WBGene00167870.,0,0,0
WBGene00167871.,0,0,0
WBGene00167872.,0,1,1
WBGene00167873.,0,0,0
WBGene00167874.,0,0,0
WBGene00167875.,0,0,0
WBGene00167876.,0,0,0
WBGene00167877.,0,1,1
WBGene00167878.,0,0,0
WBGene00167879.,0,0,0
WBGene00167880.,0,0,0
WBGene00167881.,0,1,1
WBGene00167882.,0,2,2
WBGene00167883.,0,1,1
WBGene00167884.,0,0,0
WBGene00167885.,0,0,0
WBGene00167886.,0,0,0
WBGene00167887.,0,0,0
WBGene00167888.,0,0,0
WBGene00167889.,0,0,0
WBGene00167890.,0,0,0
WBGene00167891.,0,1,1
WBGene00167892.,0,0,0
WBGene00167893.,0,0,0
WBGene00167894.,0,0,0
WBGene00167895.,0,0,0
WBGene00167896.,0,0,0
WBGene00167897.,0,0,0
WBGene00167898.,0,0,0
WBGene00167899.,0,0,0
WBGene00167900.,0,0,0
WBGene00167901.,0,0,0
WBGene00167902.,0,0,0
WBGene00167903.,0,0,0
WBGene00167904.,0,0,0
WBGene00167905.,0,0,0
WBGene00167906.,0,0,0
WBGene00167907.,0,0,0
WBGene00167908.,0,0,0
WBGene00167909.,0,0,0
WBGene00167910.,0,0,0
WBGene00167911.,0,0,0
WBGene00167912.,0,0,0
WBGene00167913.,0,0,0
WBGene00167914.,0,0,0
WBGene00167915.,0,0,0
WBGene00167916.,0,0,0
WBGene00167917.,0,0,0
WBGene00167918.,0,0,0
WBGene00167919.,0,0,0
WBGene00167920.,0,0,0
WBGene00167921.,0,0,0
WBGene00167922.,0,0,0
WBGene00167923.,0,0,0
WBGene00167924.,0,0,0
WBGene00167925.,0,0,0
WBGene00167926.,0,0,0
WBGene00167927.,0,0,0
WBGene00167928.,0,0,0
WBGene00167929.,0,0,0
WBGene00167930.,0,0,0
WBGene00167931.,0,0,0
WBGene00167932.,0,0,0
WBGene00167933.,0,0,0
WBGene00167934.,0,0,0
WBGene00167935.,0,0,0
WBGene00167936.,0,1,1
WBGene00167937.,0,0,0
WBGene00167938.,0,0,0
WBGene00167939.,0,0,0
WBGene00167940.,0,0,0
WBGene00167941.,0,0,0
WBGene00167942.,0,0,0
WBGene00167943.,0,0,0
WBGene00167944.,0,0,0
WBGene00167945.,0,0,0
WBGene00167946.,0,0,0
WBGene00167947.,0,0,0
WBGene00167948.,0,2,2
WBGene00167949.,0,0,0
WBGene00167950.,0,0,0
WBGene00167951.,0,0,0
WBGene00167952.,0,0,0
WBGene00167953.,0,0,0
WBGene00167954.,0,0,0
WBGene00167955.,0,1,1
WBGene00167956.,0,0,0
WBGene00167957.,0,0,0
WBGene00167958.,0,0,0
WBGene00167959.,0,0,0
WBGene00167960.,0,0,0
WBGene00167961.,0,0,0
WBGene00167962.,0,0,0
WBGene00167963.,0,0,0
WBGene00167964.,0,0,0
WBGene00167965.,0,0,0
WBGene00167966.,0,0,0
WBGene00167967.,0,0,0
WBGene00167968.,0,1,1
WBGene00167969.,0,0,0
WBGene00167970.,0,0,0
WBGene00167971.,0,0,0
WBGene00167972.,0,0,0
WBGene00167973.,0,0,0
WBGene00167974.,0,0,0
WBGene00167975.,0,0,0
WBGene00167976.,0,0,0
WBGene00167977.,0,0,0
WBGene00167978.,0,0,0
WBGene00167979.,0,0,0
WBGene00167980.,0,0,0
WBGene00167981.,0,0,0
WBGene00167982.,0,0,0
WBGene00167983.,0,0,0
WBGene00167984.,0,2,2
WBGene00167985.,0,0,0
WBGene00167986.,0,0,0
WBGene00167987.,0,1,1
WBGene00167988.,0,0,0
WBGene00167989.,0,0,0
WBGene00167990.,0,0,0
WBGene00167991.,0,0,0
WBGene00167992.,0,0,0
WBGene00167993.,0,0,0
WBGene00167994.,0,0,0
WBGene00167995.,0,0,0
WBGene00167996.,0,1,1
WBGene00167997.,0,0,0
WBGene00167998.,0,0,0
WBGene00167999.,0,0,0
WBGene00168000.,0,0,0
WBGene00168001.,0,0,0
WBGene00168002.,0,0,0
WBGene00168003.,0,0,0
WBGene00168004.,0,0,0
WBGene00168005.,0,0,0
WBGene00168006.,0,0,0
WBGene00168007.,0,0,0
WBGene00168008.,0,0,0
WBGene00168009.,0,0,0
WBGene00168010.,0,0,0
WBGene00168011.,0,0,0
WBGene00168012.,0,0,0
WBGene00168013.,0,0,0
WBGene00168014.,0,0,0
WBGene00168015.,0,13,13
WBGene00168016.,0,0,0
WBGene00168017.,0,0,0
WBGene00168018.,0,0,0
WBGene00168019.,0,0,0
WBGene00168020.,0,5,5
WBGene00168021.,0,0,0
WBGene00168022.,0,0,0
WBGene00168023.,0,0,0
WBGene00168024.,0,0,0
WBGene00168025.,0,0,0
WBGene00168026.,0,0,0
WBGene00168027.,0,0,0
WBGene00168028.,0,0,0
WBGene00168029.,0,0,0
WBGene00168030.,0,0,0
WBGene00168031.,0,0,0
WBGene00168032.,0,0,0
WBGene00168033.,0,2,2
WBGene00168034.,0,0,0
WBGene00168035.,0,0,0
WBGene00168036.,0,0,0
WBGene00168037.,0,0,0
WBGene00168038.,0,0,0
WBGene00168039.,0,0,0
WBGene00168040.,0,0,0
WBGene00168041.,0,0,0
WBGene00168042.,0,0,0
WBGene00168043.,0,0,0
WBGene00168044.,0,0,0
WBGene00168045.,0,0,0
WBGene00168046.,0,0,0
WBGene00168047.,0,0,0
WBGene00168048.,0,0,0
WBGene00168049.,0,0,0
WBGene00168050.,0,0,0
WBGene00168051.,0,0,0
WBGene00168052.,0,0,0
WBGene00168053.,0,0,0
WBGene00168054.,0,0,0
WBGene00168055.,0,0,0
WBGene00168056.,0,0,0
WBGene00168057.,0,0,0
WBGene00168058.,0,0,0
WBGene00168059.,0,0,0
WBGene00168060.,0,0,0
WBGene00168061.,0,1,1
WBGene00168062.,0,0,0
WBGene00168063.,0,0,0
WBGene00168064.,0,0,0
WBGene00168065.,0,0,0
WBGene00168066.,0,0,0
WBGene00168067.,0,0,0
WBGene00168068.,0,0,0
WBGene00168069.,0,0,0
WBGene00168070.,0,0,0
WBGene00168071.,0,0,0
WBGene00168072.,0,0,0
WBGene00168073.,0,0,0
WBGene00168074.,0,0,0
WBGene00168075.,0,0,0
WBGene00168076.,0,0,0
WBGene00168077.,0,0,0
WBGene00168078.,0,0,0
WBGene00168079.,0,0,0
WBGene00168080.,0,0,0
WBGene00168081.,0,0,0
WBGene00168082.,0,0,0
WBGene00168083.,0,6,6
WBGene00168084.,0,0,0
WBGene00168085.,0,0,0
WBGene00168086.,0,0,0
WBGene00168087.,0,0,0
WBGene00168088.,0,0,0
WBGene00168089.,0,1,1
WBGene00168090.,0,3,3
WBGene00168091.,0,0,0
WBGene00168092.,0,2,2
WBGene00168093.,0,0,0
WBGene00168094.,0,0,0
WBGene00168095.,0,0,0
WBGene00168096.,0,0,0
WBGene00168097.,0,0,0
WBGene00168098.,0,0,0
WBGene00168099.,0,0,0
WBGene00168100.,0,0,0
WBGene00168101.,0,0,0
WBGene00168102.,0,0,0
WBGene00168103.,0,0,0
WBGene00168104.,0,0,0
WBGene00168105.,0,0,0
WBGene00168106.,0,0,0
WBGene00168107.,0,0,0
WBGene00168108.,0,0,0
WBGene00168109.,0,0,0
WBGene00168110.,0,0,0
WBGene00168111.,0,3,3
WBGene00168112.,0,0,0
WBGene00168113.,0,0,0
WBGene00168114.,0,0,0
WBGene00168115.,0,0,0
WBGene00168116.,0,4,4
WBGene00168117.,0,0,0
WBGene00168118.,0,0,0
WBGene00168119.,0,0,0
WBGene00168120.,0,0,0
WBGene00168121.,0,0,0
WBGene00168122.,0,0,0
WBGene00168123.,0,0,0
WBGene00168124.,0,1,1
WBGene00168125.,0,0,0
WBGene00168126.,0,0,0
WBGene00168127.,0,0,0
WBGene00168128.,0,0,0
WBGene00168129.,0,1,1
WBGene00168130.,0,2,2
WBGene00168131.,0,0,0
WBGene00168132.,0,0,0
WBGene00168133.,0,0,0
WBGene00168134.,0,0,0
WBGene00168135.,0,0,0
WBGene00168136.,0,0,0
WBGene00168137.,0,0,0
WBGene00168138.,0,1,1
WBGene00168139.,0,0,0
WBGene00168140.,0,0,0
WBGene00168141.,0,0,0
WBGene00168142.,0,0,0
WBGene00168143.,0,0,0
WBGene00168144.,0,0,0
WBGene00168145.,0,0,0
WBGene00168146.,0,0,0
WBGene00168147.,0,2,2
WBGene00168148.,0,0,0
WBGene00168149.,0,0,0
WBGene00168150.,0,0,0
WBGene00168151.,0,0,0
WBGene00168152.,0,0,0
WBGene00168153.,0,0,0
WBGene00168154.,0,0,0
WBGene00168155.,0,0,0
WBGene00168156.,0,0,0
WBGene00168157.,0,0,0
WBGene00168158.,0,0,0
WBGene00168159.,0,0,0
WBGene00168160.,0,0,0
WBGene00168161.,0,0,0
WBGene00168162.,0,0,0
WBGene00168163.,0,0,0
WBGene00168164.,0,0,0
WBGene00168165.,0,0,0
WBGene00168166.,0,0,0
WBGene00168167.,0,0,0
WBGene00168168.,0,0,0
WBGene00168169.,0,0,0
WBGene00168170.,0,0,0
WBGene00168171.,0,0,0
WBGene00168172.,0,0,0
WBGene00168173.,0,0,0
WBGene00168174.,0,0,0
WBGene00168175.,0,0,0
WBGene00168176.,0,0,0
WBGene00168177.,0,0,0
WBGene00168178.,0,0,0
WBGene00168179.,0,1,1
WBGene00168180.,0,0,0
WBGene00168181.,0,0,0
WBGene00168182.,0,0,0
WBGene00168183.,0,0,0
WBGene00168184.,0,0,0
WBGene00168185.,0,0,0
WBGene00168186.,0,0,0
WBGene00168187.,0,0,0
WBGene00168188.,0,4,4
WBGene00168189.,0,0,0
WBGene00168190.,0,0,0
WBGene00168191.,0,0,0
WBGene00168192.,0,0,0
WBGene00168193.,0,0,0
WBGene00168194.,0,0,0
WBGene00168195.,0,0,0
WBGene00168196.,0,0,0
WBGene00168197.,0,0,0
WBGene00168198.,0,0,0
WBGene00168199.,0,0,0
WBGene00168200.,0,0,0
WBGene00168201.,0,0,0
WBGene00168202.,0,0,0
WBGene00168203.,0,0,0
WBGene00168204.,0,0,0
WBGene00168205.,0,0,0
WBGene00168206.,0,0,0
WBGene00168207.,0,0,0
WBGene00168208.,0,0,0
WBGene00168209.,0,2,2
WBGene00168210.,0,0,0
WBGene00168211.,0,0,0
WBGene00168212.,0,0,0
WBGene00168213.,0,0,0
WBGene00168214.,0,0,0
WBGene00168215.,0,0,0
WBGene00168216.,0,0,0
WBGene00168217.,0,0,0
WBGene00168218.,0,0,0
WBGene00168219.,0,0,0
WBGene00168220.,0,0,0
WBGene00168221.,0,0,0
WBGene00168222.,0,0,0
WBGene00168223.,0,0,0
WBGene00168224.,0,0,0
WBGene00168225.,0,0,0
WBGene00168226.,0,0,0
WBGene00168227.,0,0,0
WBGene00168228.,0,0,0
WBGene00168229.,0,0,0
WBGene00168230.,0,0,0
WBGene00168231.,0,0,0
WBGene00168232.,0,0,0
WBGene00168233.,0,0,0
WBGene00168234.,0,0,0
WBGene00168235.,0,0,0
WBGene00168236.,0,1,1
WBGene00168237.,0,0,0
WBGene00168238.,0,0,0
WBGene00168239.,0,0,0
WBGene00168240.,0,0,0
WBGene00168241.,0,0,0
WBGene00168242.,0,0,0
WBGene00168243.,0,0,0
WBGene00168244.,0,0,0
WBGene00168245.,0,0,0
WBGene00168246.,0,0,0
WBGene00168247.,0,0,0
WBGene00168248.,0,0,0
WBGene00168249.,0,0,0
WBGene00168250.,0,0,0
WBGene00168251.,0,0,0
WBGene00168252.,0,0,0
WBGene00168253.,0,0,0
WBGene00168254.,0,1,1
WBGene00168255.,0,0,0
WBGene00168256.,0,0,0
WBGene00168257.,0,0,0
WBGene00168258.,0,0,0
WBGene00168259.,0,0,0
WBGene00168260.,0,0,0
WBGene00168261.,0,0,0
WBGene00168262.,0,3,3
WBGene00168263.,0,0,0
WBGene00168264.,0,1,1
WBGene00168265.,0,0,0
WBGene00168266.,0,0,0
WBGene00168267.,0,0,0
WBGene00168268.,0,0,0
WBGene00168269.,0,0,0
WBGene00168270.,0,0,0
WBGene00168271.,0,0,0
WBGene00168272.,0,0,0
WBGene00168273.,0,0,0
WBGene00168274.,0,0,0
WBGene00168275.,0,2,2
WBGene00168276.,0,0,0
WBGene00168277.,0,0,0
WBGene00168278.,0,1,1
WBGene00168279.,0,0,0
WBGene00168280.,0,0,0
WBGene00168281.,0,0,0
WBGene00168282.,0,0,0
WBGene00168283.,0,0,0
WBGene00168284.,0,0,0
WBGene00168285.,0,0,0
WBGene00168286.,0,1,1
WBGene00168287.,0,0,0
WBGene00168288.,0,0,0
WBGene00168289.,0,0,0
WBGene00168290.,0,0,0
WBGene00168291.,0,0,0
WBGene00168292.,0,0,0
WBGene00168293.,0,0,0
WBGene00168294.,0,0,0
WBGene00168295.,0,1,1
WBGene00168296.,0,0,0
WBGene00168297.,0,0,0
WBGene00168298.,0,1,1
WBGene00168299.,0,0,0
WBGene00168300.,0,0,0
WBGene00168301.,0,0,0
WBGene00168302.,0,0,0
WBGene00168303.,0,1,1
WBGene00168304.,0,0,0
WBGene00168305.,0,0,0
WBGene00168306.,0,1,1
WBGene00168307.,0,0,0
WBGene00168308.,0,0,0
WBGene00168309.,0,1,1
WBGene00168310.,0,0,0
WBGene00168311.,0,0,0
WBGene00168312.,0,0,0
WBGene00168313.,0,0,0
WBGene00168314.,0,1,1
WBGene00168315.,0,0,0
WBGene00168316.,0,0,0
WBGene00168317.,0,0,0
WBGene00168318.,0,0,0
WBGene00168319.,0,0,0
WBGene00168320.,0,0,0
WBGene00168321.,0,0,0
WBGene00168322.,0,0,0
WBGene00168323.,0,0,0
WBGene00168324.,0,0,0
WBGene00168325.,0,0,0
WBGene00168326.,0,0,0
WBGene00168327.,0,0,0
WBGene00168328.,0,0,0
WBGene00168329.,0,0,0
WBGene00168330.,0,0,0
WBGene00168331.,0,0,0
WBGene00168332.,0,0,0
WBGene00168333.,0,0,0
WBGene00168334.,0,0,0
WBGene00168335.,0,0,0
WBGene00168336.,0,1,1
WBGene00168337.,0,0,0
WBGene00168338.,0,0,0
WBGene00168339.,0,0,0
WBGene00168340.,0,1,1
WBGene00168341.,0,0,0
WBGene00168342.,0,0,0
WBGene00168343.,0,0,0
WBGene00168344.,0,0,0
WBGene00168345.,0,0,0
WBGene00168346.,0,0,0
WBGene00168347.,0,0,0
WBGene00168348.,0,0,0
WBGene00168349.,0,0,0
WBGene00168350.,0,0,0
WBGene00168351.,0,0,0
WBGene00168352.,0,0,0
WBGene00168353.,0,0,0
WBGene00168354.,0,0,0
WBGene00168355.,0,0,0
WBGene00168356.,0,0,0
WBGene00168357.,0,0,0
WBGene00168358.,0,0,0
WBGene00168359.,0,0,0
WBGene00168360.,0,0,0
WBGene00168361.,0,0,0
WBGene00168362.,0,0,0
WBGene00168363.,0,0,0
WBGene00168364.,0,0,0
WBGene00168365.,0,0,0
WBGene00168366.,0,0,0
WBGene00168367.,0,4,4
WBGene00168368.,0,0,0
WBGene00168369.,0,7,7
WBGene00168370.,0,0,0
WBGene00168371.,0,0,0
WBGene00168372.,0,0,0
WBGene00168373.,0,0,0
WBGene00168374.,0,0,0
WBGene00168375.,0,0,0
WBGene00168376.,0,0,0
WBGene00168377.,0,1,1
WBGene00168378.,0,0,0
WBGene00168379.,0,0,0
WBGene00168380.,0,0,0
WBGene00168381.,0,0,0
WBGene00168382.,0,0,0
WBGene00168383.,0,0,0
WBGene00168384.,0,0,0
WBGene00168385.,0,0,0
WBGene00168386.,0,0,0
WBGene00168387.,0,0,0
WBGene00168388.,0,5,5
WBGene00168389.,0,0,0
WBGene00168390.,0,0,0
WBGene00168391.,0,1,1
WBGene00168392.,0,0,0
WBGene00168393.,0,0,0
WBGene00168394.,0,0,0
WBGene00168395.,0,0,0
WBGene00168396.,0,0,0
WBGene00168397.,0,0,0
WBGene00168398.,0,0,0
WBGene00168399.,0,0,0
WBGene00168400.,0,0,0
WBGene00168401.,0,0,0
WBGene00168402.,0,0,0
WBGene00168403.,0,0,0
WBGene00168404.,0,0,0
WBGene00168405.,0,0,0
WBGene00168406.,0,0,0
WBGene00168407.,0,0,0
WBGene00168408.,0,0,0
WBGene00168409.,0,0,0
WBGene00168410.,0,0,0
WBGene00168411.,0,0,0
WBGene00168412.,0,0,0
WBGene00168413.,0,0,0
WBGene00168414.,0,0,0
WBGene00168415.,0,0,0
WBGene00168416.,0,0,0
WBGene00168417.,0,0,0
WBGene00168418.,0,0,0
WBGene00168419.,0,0,0
WBGene00168420.,0,0,0
WBGene00168421.,0,0,0
WBGene00168422.,0,0,0
WBGene00168423.,0,0,0
WBGene00168424.,0,0,0
WBGene00168425.,0,0,0
WBGene00168426.,0,0,0
WBGene00168427.,0,0,0
WBGene00168428.,0,0,0
WBGene00168429.,0,0,0
WBGene00168430.,0,0,0
WBGene00168431.,0,0,0
WBGene00168432.,0,0,0
WBGene00168433.,0,0,0
WBGene00168434.,0,0,0
WBGene00168435.,0,0,0
WBGene00168436.,0,0,0
WBGene00168437.,0,0,0
WBGene00168438.,0,0,0
WBGene00168439.,0,0,0
WBGene00168440.,0,0,0
WBGene00168441.,0,0,0
WBGene00168442.,0,7,7
WBGene00168443.,0,0,0
WBGene00168444.,0,0,0
WBGene00168445.,0,0,0
WBGene00168446.,0,0,0
WBGene00168447.,0,0,0
WBGene00168448.,0,0,0
WBGene00168449.,0,0,0
WBGene00168450.,0,0,0
WBGene00168451.,0,0,0
WBGene00168452.,0,0,0
WBGene00168453.,0,0,0
WBGene00168454.,0,0,0
WBGene00168455.,0,0,0
WBGene00168456.,0,0,0
WBGene00168457.,0,15,15
WBGene00168458.,0,0,0
WBGene00168459.,0,0,0
WBGene00168460.,0,0,0
WBGene00168461.,0,0,0
WBGene00168462.,0,0,0
WBGene00168463.,0,0,0
WBGene00168464.,0,0,0
WBGene00168465.,0,0,0
WBGene00168466.,0,0,0
WBGene00168467.,0,0,0
WBGene00168468.,0,0,0
WBGene00168469.,0,1,1
WBGene00168470.,0,0,0
WBGene00168472.,0,0,0
WBGene00168473.,0,0,0
WBGene00168474.,0,0,0
WBGene00168475.,0,0,0
WBGene00168476.,0,0,0
WBGene00168477.,0,0,0
WBGene00168478.,0,0,0
WBGene00168479.,0,0,0
WBGene00168480.,0,0,0
WBGene00168481.,0,0,0
WBGene00168482.,0,0,0
WBGene00168483.,0,0,0
WBGene00168484.,0,0,0
WBGene00168485.,0,0,0
WBGene00168486.,0,0,0
WBGene00168487.,0,0,0
WBGene00168488.,0,0,0
WBGene00168489.,0,0,0
WBGene00168490.,0,0,0
WBGene00168491.,0,0,0
WBGene00168492.,0,0,0
WBGene00168493.,0,0,0
WBGene00168494.,0,0,0
WBGene00168495.,0,0,0
WBGene00168496.,0,0,0
WBGene00168497.,0,0,0
WBGene00168498.,0,0,0
WBGene00168499.,0,0,0
WBGene00168500.,0,0,0
WBGene00168501.,0,0,0
WBGene00168502.,0,0,0
WBGene00168503.,0,1,1
WBGene00168504.,0,0,0
WBGene00168505.,0,0,0
WBGene00168506.,0,0,0
WBGene00168507.,0,0,0
WBGene00168508.,0,0,0
WBGene00168509.,0,0,0
WBGene00168510.,0,1,1
WBGene00168511.,0,0,0
WBGene00168512.,0,0,0
WBGene00168513.,0,2,2
WBGene00168514.,0,0,0
WBGene00168515.,0,0,0
WBGene00168516.,0,0,0
WBGene00168517.,0,0,0
WBGene00168518.,0,0,0
WBGene00168519.,0,0,0
WBGene00168520.,0,0,0
WBGene00168521.,0,0,0
WBGene00168522.,0,0,0
WBGene00168523.,0,0,0
WBGene00168524.,0,0,0
WBGene00168525.,0,0,0
WBGene00168526.,0,0,0
WBGene00168527.,0,0,0
WBGene00168528.,0,0,0
WBGene00168529.,0,0,0
WBGene00168530.,0,0,0
WBGene00168531.,0,0,0
WBGene00168532.,0,0,0
WBGene00168533.,0,0,0
WBGene00168534.,0,0,0
WBGene00168535.,0,0,0
WBGene00168536.,0,0,0
WBGene00168537.,0,2,2
WBGene00168538.,0,0,0
WBGene00168539.,0,0,0
WBGene00168540.,0,0,0
WBGene00168541.,0,0,0
WBGene00168542.,0,0,0
WBGene00168543.,0,0,0
WBGene00168544.,0,0,0
WBGene00168545.,0,0,0
WBGene00168546.,0,0,0
WBGene00168547.,0,0,0
WBGene00168548.,0,2,2
WBGene00168549.,0,0,0
WBGene00168550.,0,0,0
WBGene00168551.,0,0,0
WBGene00168552.,0,0,0
WBGene00168553.,0,0,0
WBGene00168554.,0,0,0
WBGene00168555.,0,10,10
WBGene00168556.,0,0,0
WBGene00168557.,0,0,0
WBGene00168558.,0,0,0
WBGene00168559.,0,0,0
WBGene00168560.,0,0,0
WBGene00168561.,0,0,0
WBGene00168562.,0,0,0
WBGene00168563.,0,0,0
WBGene00168564.,0,0,0
WBGene00168565.,0,0,0
WBGene00168566.,0,0,0
WBGene00168567.,0,0,0
WBGene00168568.,0,0,0
WBGene00168569.,0,0,0
WBGene00168570.,0,0,0
WBGene00168571.,0,0,0
WBGene00168572.,0,0,0
WBGene00168573.,0,2,2
WBGene00168574.,0,0,0
WBGene00168575.,0,0,0
WBGene00168576.,0,0,0
WBGene00168577.,0,0,0
WBGene00168578.,0,0,0
WBGene00168579.,0,0,0
WBGene00168580.,0,0,0
WBGene00168581.,0,0,0
WBGene00168582.,0,0,0
WBGene00168583.,0,0,0
WBGene00168584.,0,0,0
WBGene00168585.,0,0,0
WBGene00168586.,0,0,0
WBGene00168587.,0,0,0
WBGene00168588.,0,0,0
WBGene00168589.,0,0,0
WBGene00168590.,0,0,0
WBGene00168591.,0,0,0
WBGene00168592.,0,0,0
WBGene00168593.,0,0,0
WBGene00168594.,0,0,0
WBGene00168595.,0,0,0
WBGene00168596.,0,0,0
WBGene00168597.,0,0,0
WBGene00168598.,0,0,0
WBGene00168599.,0,0,0
WBGene00168600.,0,0,0
WBGene00168601.,0,0,0
WBGene00168602.,0,0,0
WBGene00168603.,0,0,0
WBGene00168604.,0,0,0
WBGene00168605.,0,0,0
WBGene00168606.,0,0,0
WBGene00168607.,0,0,0
WBGene00168608.,0,0,0
WBGene00168609.,0,0,0
WBGene00168610.,0,0,0
WBGene00168611.,0,0,0
WBGene00168612.,0,0,0
WBGene00168613.,0,0,0
WBGene00168614.,0,0,0
WBGene00168615.,0,0,0
WBGene00168616.,0,0,0
WBGene00168617.,0,1,1
WBGene00168618.,0,0,0
WBGene00168619.,0,0,0
WBGene00168620.,0,0,0
WBGene00168621.,0,0,0
WBGene00168622.,0,0,0
WBGene00168623.,0,0,0
WBGene00168624.,0,0,0
WBGene00168625.,0,0,0
WBGene00168626.,0,0,0
WBGene00168627.,0,0,0
WBGene00168628.,0,0,0
WBGene00168629.,0,0,0
WBGene00168630.,0,0,0
WBGene00168631.,0,0,0
WBGene00168632.,0,0,0
WBGene00168633.,0,0,0
WBGene00168634.,0,0,0
WBGene00168635.,0,0,0
WBGene00168636.,0,0,0
WBGene00168637.,0,0,0
WBGene00168638.,0,0,0
WBGene00168639.,0,0,0
WBGene00168640.,0,0,0
WBGene00168641.,0,0,0
WBGene00168642.,0,0,0
WBGene00168643.,0,0,0
WBGene00168644.,0,0,0
WBGene00168645.,0,0,0
WBGene00168646.,0,0,0
WBGene00168647.,0,0,0
WBGene00168648.,0,0,0
WBGene00168649.,0,0,0
WBGene00168650.,0,0,0
WBGene00168651.,0,0,0
WBGene00168652.,0,0,0
WBGene00168653.,0,0,0
WBGene00168654.,0,2,2
WBGene00168655.,0,0,0
WBGene00168656.,0,0,0
WBGene00168657.,0,0,0
WBGene00168658.,0,0,0
WBGene00168659.,0,0,0
WBGene00168660.,0,0,0
WBGene00168661.,0,1,1
WBGene00168662.,0,1,1
WBGene00168663.,0,0,0
WBGene00168664.,0,1,1
WBGene00168665.,0,0,0
WBGene00168666.,0,0,0
WBGene00168667.,0,0,0
WBGene00168668.,0,0,0
WBGene00168669.,0,0,0
WBGene00168670.,0,0,0
WBGene00168671.,0,0,0
WBGene00168672.,0,0,0
WBGene00168673.,0,0,0
WBGene00168674.,0,0,0
WBGene00168675.,0,0,0
WBGene00168676.,0,0,0
WBGene00168677.,0,0,0
WBGene00168678.,0,0,0
WBGene00168679.,0,0,0
WBGene00168680.,0,0,0
WBGene00168681.,0,0,0
WBGene00168682.,0,0,0
WBGene00168683.,0,0,0
WBGene00168684.,0,0,0
WBGene00168685.,0,0,0
WBGene00168686.,0,0,0
WBGene00168687.,0,0,0
WBGene00168688.,0,0,0
WBGene00168689.,0,0,0
WBGene00168690.,0,0,0
WBGene00168691.,0,0,0
WBGene00168692.,0,0,0
WBGene00168693.,0,0,0
WBGene00168694.,0,0,0
WBGene00168695.,0,0,0
WBGene00168696.,0,0,0
WBGene00168697.,0,0,0
WBGene00168698.,0,0,0
WBGene00168699.,0,0,0
WBGene00168700.,0,0,0
WBGene00168701.,0,0,0
WBGene00168702.,0,0,0
WBGene00168703.,0,0,0
WBGene00168704.,0,0,0
WBGene00168705.,0,0,0
WBGene00168706.,0,0,0
WBGene00168707.,0,0,0
WBGene00168708.,0,0,0
WBGene00168709.,0,0,0
WBGene00168710.,0,2,2
WBGene00168711.,0,0,0
WBGene00168712.,0,0,0
WBGene00168713.,0,0,0
WBGene00168714.,0,0,0
WBGene00168715.,0,0,0
WBGene00168716.,0,0,0
WBGene00168717.,0,0,0
WBGene00168718.,0,0,0
WBGene00168719.,0,0,0
WBGene00168720.,0,1,1
WBGene00168721.,0,1,1
WBGene00168722.,0,0,0
WBGene00168723.,0,0,0
WBGene00168724.,0,0,0
WBGene00168725.,0,0,0
WBGene00168726.,0,0,0
WBGene00168727.,0,0,0
WBGene00168728.,0,0,0
WBGene00168729.,0,0,0
WBGene00168730.,0,0,0
WBGene00168731.,0,0,0
WBGene00168732.,0,1,1
WBGene00168733.,0,0,0
WBGene00168734.,0,0,0
WBGene00168735.,0,0,0
WBGene00168736.,0,0,0
WBGene00168737.,0,0,0
WBGene00168738.,0,0,0
WBGene00168739.,0,0,0
WBGene00168740.,0,0,0
WBGene00168741.,0,0,0
WBGene00168742.,0,0,0
WBGene00168743.,0,1,1
WBGene00168744.,0,0,0
WBGene00168745.,0,0,0
WBGene00168746.,0,0,0
WBGene00168747.,0,0,0
WBGene00168748.,0,0,0
WBGene00168749.,0,1,1
WBGene00168750.,0,1,1
WBGene00168751.,0,0,0
WBGene00168752.,0,0,0
WBGene00168753.,0,0,0
WBGene00168754.,0,0,0
WBGene00168755.,0,0,0
WBGene00168756.,0,1,1
WBGene00168757.,0,0,0
WBGene00168758.,0,0,0
WBGene00168759.,0,0,0
WBGene00168760.,0,0,0
WBGene00168761.,0,0,0
WBGene00168762.,0,0,0
WBGene00168763.,0,0,0
WBGene00168764.,0,0,0
WBGene00168765.,0,0,0
WBGene00168766.,0,0,0
WBGene00168767.,0,0,0
WBGene00168768.,0,0,0
WBGene00168769.,0,0,0
WBGene00168770.,0,0,0
WBGene00168771.,0,0,0
WBGene00168772.,0,0,0
WBGene00168773.,0,0,0
WBGene00168774.,0,0,0
WBGene00168775.,0,2,2
WBGene00168776.,0,0,0
WBGene00168777.,0,0,0
WBGene00168778.,0,0,0
WBGene00168779.,0,1,1
WBGene00168780.,0,0,0
WBGene00168781.,0,0,0
WBGene00168782.,0,0,0
WBGene00168783.,0,0,0
WBGene00168784.,0,0,0
WBGene00168785.,0,0,0
WBGene00168786.,0,0,0
WBGene00168787.,0,0,0
WBGene00168788.,0,0,0
WBGene00168789.,0,0,0
WBGene00168790.,0,0,0
WBGene00168791.,0,0,0
WBGene00168792.,0,0,0
WBGene00168793.,0,0,0
WBGene00168794.,0,0,0
WBGene00168795.,0,0,0
WBGene00168796.,0,0,0
WBGene00168797.,0,0,0
WBGene00168798.,0,0,0
WBGene00168799.,0,0,0
WBGene00168800.,0,0,0
WBGene00168801.,0,0,0
WBGene00168802.,0,0,0
WBGene00168803.,0,0,0
WBGene00168804.,0,0,0
WBGene00168805.,0,0,0
WBGene00168806.,0,0,0
WBGene00168807.,0,0,0
WBGene00168808.,0,0,0
WBGene00168809.,0,1,1
WBGene00168810.,0,0,0
WBGene00168811.,0,0,0
WBGene00168812.,0,0,0
WBGene00168813.,0,0,0
WBGene00168814.,0,0,0
WBGene00168815.,0,8,8
WBGene00168816.,0,0,0
WBGene00168817.,0,0,0
WBGene00168818.,0,0,0
WBGene00168819.,0,0,0
WBGene00168820.,0,0,0
WBGene00168821.,0,0,0
WBGene00168822.,0,0,0
WBGene00168823.,0,1,1
WBGene00168824.,0,0,0
WBGene00168825.,0,0,0
WBGene00168826.,0,0,0
WBGene00168827.,0,0,0
WBGene00168828.,0,0,0
WBGene00168829.,0,0,0
WBGene00168830.,0,0,0
WBGene00168831.,0,0,0
WBGene00168832.,0,0,0
WBGene00168833.,0,0,0
WBGene00168834.,0,0,0
WBGene00168835.,0,0,0
WBGene00168836.,0,0,0
WBGene00168837.,0,0,0
WBGene00168838.,0,0,0
WBGene00168839.,0,0,0
WBGene00168840.,0,0,0
WBGene00168841.,0,0,0
WBGene00168842.,0,0,0
WBGene00168843.,0,0,0
WBGene00168844.,0,0,0
WBGene00168845.,0,0,0
WBGene00168846.,0,0,0
WBGene00168847.,0,0,0
WBGene00168848.,0,0,0
WBGene00168849.,0,0,0
WBGene00168850.,0,0,0
WBGene00168851.,0,0,0
WBGene00168852.,0,0,0
WBGene00168853.,0,0,0
WBGene00168854.,0,0,0
WBGene00168855.,0,0,0
WBGene00168856.,0,0,0
WBGene00168857.,0,0,0
WBGene00168858.,0,0,0
WBGene00168859.,0,0,0
WBGene00168860.,0,0,0
WBGene00168861.,0,0,0
WBGene00168862.,0,0,0
WBGene00168863.,0,0,0
WBGene00168864.,0,3,3
WBGene00168865.,0,0,0
WBGene00168866.,0,0,0
WBGene00168867.,0,0,0
WBGene00168868.,0,0,0
WBGene00168869.,0,0,0
WBGene00168870.,0,0,0
WBGene00168871.,0,0,0
WBGene00168872.,0,0,0
WBGene00168873.,0,0,0
WBGene00168874.,0,0,0
WBGene00168875.,0,0,0
WBGene00168876.,0,9,9
WBGene00168877.,0,0,0
WBGene00168878.,0,0,0
WBGene00168879.,0,0,0
WBGene00168880.,0,0,0
WBGene00168881.,0,0,0
WBGene00168882.,0,0,0
WBGene00168883.,0,0,0
WBGene00168884.,0,0,0
WBGene00168885.,0,0,0
WBGene00168886.,0,0,0
WBGene00168887.,0,0,0
WBGene00168888.,0,0,0
WBGene00168889.,0,0,0
WBGene00168890.,0,0,0
WBGene00168891.,0,0,0
WBGene00168892.,0,0,0
WBGene00168893.,0,2,2
WBGene00168894.,0,0,0
WBGene00168895.,0,0,0
WBGene00168896.,0,0,0
WBGene00168897.,0,0,0
WBGene00168898.,0,0,0
WBGene00168899.,0,0,0
WBGene00168900.,0,0,0
WBGene00168901.,0,0,0
WBGene00168902.,0,0,0
WBGene00168903.,0,0,0
WBGene00168904.,0,0,0
WBGene00168905.,0,0,0
WBGene00168906.,0,0,0
WBGene00168907.,0,0,0
WBGene00168908.,0,0,0
WBGene00168909.,0,0,0
WBGene00168910.,0,0,0
WBGene00168911.,0,0,0
WBGene00168912.,0,0,0
WBGene00168913.,0,0,0
WBGene00168914.,0,4,4
WBGene00168915.,0,0,0
WBGene00168916.,0,0,0
WBGene00168917.,0,0,0
WBGene00168918.,0,0,0
WBGene00168919.,0,0,0
WBGene00168920.,0,0,0
WBGene00168921.,0,0,0
WBGene00168922.,0,0,0
WBGene00168923.,0,0,0
WBGene00168924.,0,0,0
WBGene00168925.,0,0,0
WBGene00168926.,0,0,0
WBGene00168927.,0,0,0
WBGene00168928.,0,1,1
WBGene00168929.,0,0,0
WBGene00168930.,0,0,0
WBGene00168931.,0,0,0
WBGene00168932.,0,0,0
WBGene00168933.,0,0,0
WBGene00168934.,0,0,0
WBGene00168935.,0,0,0
WBGene00168936.,0,0,0
WBGene00168937.,0,0,0
WBGene00168938.,0,0,0
WBGene00168939.,0,0,0
WBGene00168940.,0,0,0
WBGene00168941.,0,0,0
WBGene00168942.,0,0,0
WBGene00168943.,0,0,0
WBGene00168944.,0,0,0
WBGene00168945.,0,0,0
WBGene00168946.,0,0,0
WBGene00168947.,0,0,0
WBGene00168948.,0,0,0
WBGene00168949.,0,0,0
WBGene00168950.,0,0,0
WBGene00168951.,0,1,1
WBGene00168952.,0,0,0
WBGene00168953.,0,0,0
WBGene00168954.,0,0,0
WBGene00168955.,0,0,0
WBGene00168956.,0,0,0
WBGene00168957.,0,0,0
WBGene00168958.,0,0,0
WBGene00168959.,0,0,0
WBGene00168960.,0,0,0
WBGene00168961.,0,0,0
WBGene00168962.,0,1,1
WBGene00168963.,0,0,0
WBGene00168964.,0,0,0
WBGene00168965.,0,0,0
WBGene00168966.,0,1,1
WBGene00168967.,0,0,0
WBGene00168968.,0,0,0
WBGene00168969.,0,0,0
WBGene00168970.,0,5,5
WBGene00168971.,0,0,0
WBGene00168972.,0,0,0
WBGene00168973.,0,0,0
WBGene00168974.,0,0,0
WBGene00168975.,0,0,0
WBGene00168976.,0,0,0
WBGene00168977.,0,0,0
WBGene00168978.,0,0,0
WBGene00168979.,0,0,0
WBGene00168980.,0,0,0
WBGene00168981.,0,0,0
WBGene00168982.,0,0,0
WBGene00168983.,0,0,0
WBGene00168984.,0,0,0
WBGene00168985.,0,8,8
WBGene00168986.,0,0,0
WBGene00168987.,0,0,0
WBGene00168988.,0,0,0
WBGene00168989.,0,0,0
WBGene00168990.,0,0,0
WBGene00168991.,0,0,0
WBGene00168992.,0,0,0
WBGene00168993.,0,0,0
WBGene00168994.,0,0,0
WBGene00168995.,0,1,1
WBGene00168996.,0,2,2
WBGene00168997.,0,0,0
WBGene00168998.,0,0,0
WBGene00168999.,0,0,0
WBGene00169000.,0,0,0
WBGene00169001.,0,0,0
WBGene00169002.,0,0,0
WBGene00169003.,0,0,0
WBGene00169004.,0,0,0
WBGene00169005.,0,0,0
WBGene00169006.,0,0,0
WBGene00169007.,0,0,0
WBGene00169008.,0,0,0
WBGene00169009.,0,0,0
WBGene00169010.,0,0,0
WBGene00169011.,0,0,0
WBGene00169012.,0,0,0
WBGene00169013.,0,0,0
WBGene00169014.,0,0,0
WBGene00169015.,0,0,0
WBGene00169016.,0,0,0
WBGene00169017.,0,0,0
WBGene00169018.,0,0,0
WBGene00169019.,0,0,0
WBGene00169020.,0,1,1
WBGene00169021.,0,0,0
WBGene00169022.,0,0,0
WBGene00169023.,0,0,0
WBGene00169024.,0,0,0
WBGene00169025.,0,0,0
WBGene00169026.,0,0,0
WBGene00169027.,0,0,0
WBGene00169028.,0,0,0
WBGene00169029.,0,0,0
WBGene00169030.,0,0,0
WBGene00169031.,0,0,0
WBGene00169032.,0,0,0
WBGene00169033.,0,0,0
WBGene00169034.,0,0,0
WBGene00169035.,0,0,0
WBGene00169036.,0,0,0
WBGene00169037.,0,0,0
WBGene00169038.,0,0,0
WBGene00169039.,0,0,0
WBGene00169040.,0,0,0
WBGene00169041.,0,0,0
WBGene00169042.,0,0,0
WBGene00169043.,0,0,0
WBGene00169044.,0,0,0
WBGene00169045.,0,0,0
WBGene00169046.,0,0,0
WBGene00169047.,0,0,0
WBGene00169048.,0,0,0
WBGene00169049.,0,0,0
WBGene00169050.,0,0,0
WBGene00169051.,0,0,0
WBGene00169052.,0,0,0
WBGene00169053.,0,0,0
WBGene00169054.,0,0,0
WBGene00169055.,0,0,0
WBGene00169056.,0,0,0
WBGene00169057.,0,0,0
WBGene00169058.,0,0,0
WBGene00169059.,0,1,1
WBGene00169060.,0,0,0
WBGene00169061.,0,0,0
WBGene00169062.,0,0,0
WBGene00169063.,0,0,0
WBGene00169064.,0,0,0
WBGene00169065.,0,0,0
WBGene00169066.,0,0,0
WBGene00169067.,0,0,0
WBGene00169068.,0,0,0
WBGene00169069.,0,0,0
WBGene00169070.,0,0,0
WBGene00169071.,0,0,0
WBGene00169072.,0,0,0
WBGene00169073.,0,0,0
WBGene00169074.,0,0,0
WBGene00169075.,0,0,0
WBGene00169076.,0,0,0
WBGene00169077.,0,0,0
WBGene00169078.,0,0,0
WBGene00169079.,0,0,0
WBGene00169080.,0,0,0
WBGene00169081.,0,0,0
WBGene00169082.,0,0,0
WBGene00169083.,0,0,0
WBGene00169084.,0,0,0
WBGene00169085.,0,0,0
WBGene00169086.,0,0,0
WBGene00169087.,0,0,0
WBGene00169088.,0,0,0
WBGene00169089.,0,0,0
WBGene00169090.,0,0,0
WBGene00169091.,0,0,0
WBGene00169092.,0,0,0
WBGene00169093.,0,0,0
WBGene00169094.,0,0,0
WBGene00169095.,0,0,0
WBGene00169096.,0,0,0
WBGene00169097.,0,0,0
WBGene00169098.,0,0,0
WBGene00169099.,0,0,0
WBGene00169100.,0,4,4
WBGene00169101.,0,0,0
WBGene00169102.,0,0,0
WBGene00169103.,0,0,0
WBGene00169104.,0,0,0
WBGene00169105.,0,0,0
WBGene00169106.,0,0,0
WBGene00169107.,0,0,0
WBGene00169108.,0,0,0
WBGene00169109.,0,0,0
WBGene00169110.,0,0,0
WBGene00169111.,0,0,0
WBGene00169112.,0,0,0
WBGene00169113.,0,0,0
WBGene00169114.,0,0,0
WBGene00169115.,0,0,0
WBGene00169116.,0,0,0
WBGene00169117.,0,0,0
WBGene00169118.,0,0,0
WBGene00169119.,0,0,0
WBGene00169120.,0,0,0
WBGene00169121.,0,0,0
WBGene00169122.,0,0,0
WBGene00169123.,0,0,0
WBGene00169124.,0,0,0
WBGene00169125.,0,0,0
WBGene00169126.,0,1,1
WBGene00169127.,0,0,0
WBGene00169128.,0,0,0
WBGene00169129.,0,0,0
WBGene00169130.,0,0,0
WBGene00169131.,0,0,0
WBGene00169132.,0,0,0
WBGene00169133.,0,0,0
WBGene00169134.,0,0,0
WBGene00169135.,0,0,0
WBGene00169136.,0,0,0
WBGene00169137.,0,0,0
WBGene00169138.,0,0,0
WBGene00169139.,0,0,0
WBGene00169140.,0,0,0
WBGene00169141.,0,0,0
WBGene00169142.,0,0,0
WBGene00169143.,0,0,0
WBGene00169144.,0,0,0
WBGene00169145.,0,0,0
WBGene00169146.,0,0,0
WBGene00169147.,0,0,0
WBGene00169148.,0,0,0
WBGene00169149.,0,0,0
WBGene00169150.,0,0,0
WBGene00169151.,0,0,0
WBGene00169152.,0,0,0
WBGene00169153.,0,1,1
WBGene00169154.,0,0,0
WBGene00169155.,0,0,0
WBGene00169156.,0,0,0
WBGene00169157.,0,0,0
WBGene00169158.,0,0,0
WBGene00169159.,0,1,1
WBGene00169160.,0,0,0
WBGene00169161.,0,0,0
WBGene00169162.,0,0,0
WBGene00169163.,0,2,2
WBGene00169164.,0,0,0
WBGene00169165.,0,0,0
WBGene00169166.,0,0,0
WBGene00169167.,0,0,0
WBGene00169168.,0,0,0
WBGene00169169.,0,0,0
WBGene00169170.,0,0,0
WBGene00169171.,0,6,6
WBGene00169172.,0,0,0
WBGene00169173.,0,0,0
WBGene00169174.,0,0,0
WBGene00169175.,0,0,0
WBGene00169176.,0,0,0
WBGene00169177.,0,0,0
WBGene00169178.,0,0,0
WBGene00169179.,0,0,0
WBGene00169180.,0,0,0
WBGene00169181.,0,0,0
WBGene00169182.,0,0,0
WBGene00169183.,0,0,0
WBGene00169184.,0,0,0
WBGene00169185.,0,0,0
WBGene00169186.,0,0,0
WBGene00169187.,0,0,0
WBGene00169188.,0,0,0
WBGene00169189.,0,1,1
WBGene00169190.,0,0,0
WBGene00169191.,0,1,1
WBGene00169192.,0,0,0
WBGene00169193.,0,0,0
WBGene00169194.,0,0,0
WBGene00169195.,0,0,0
WBGene00169196.,0,0,0
WBGene00169197.,0,0,0
WBGene00169198.,0,0,0
WBGene00169199.,0,0,0
WBGene00169200.,0,0,0
WBGene00169201.,0,0,0
WBGene00169202.,0,0,0
WBGene00169203.,0,0,0
WBGene00169204.,0,0,0
WBGene00169205.,0,0,0
WBGene00169206.,0,0,0
WBGene00169207.,0,0,0
WBGene00169208.,0,0,0
WBGene00169209.,0,0,0
WBGene00169210.,0,0,0
WBGene00169211.,0,0,0
WBGene00169212.,0,0,0
WBGene00169213.,0,0,0
WBGene00169214.,0,0,0
WBGene00169215.,0,0,0
WBGene00169216.,0,0,0
WBGene00169217.,0,0,0
WBGene00169218.,0,0,0
WBGene00169219.,0,0,0
WBGene00169220.,0,3,3
WBGene00169221.,0,0,0
WBGene00169222.,0,1,1
WBGene00169223.,0,0,0
WBGene00169224.,0,0,0
WBGene00169225.,0,0,0
WBGene00169226.,0,0,0
WBGene00169227.,0,0,0
WBGene00169228.,0,0,0
WBGene00169229.,0,0,0
WBGene00169230.,0,0,0
WBGene00169231.,0,0,0
WBGene00169232.,0,0,0
WBGene00169233.,0,0,0
WBGene00169234.,0,0,0
WBGene00169235.,0,0,0
WBGene00169236.,0,0,0
WBGene00169237.,0,0,0
WBGene00169238.,0,0,0
WBGene00169239.,0,0,0
WBGene00169240.,0,5,5
WBGene00169242.,0,0,0
WBGene00169243.,0,0,0
WBGene00169244.,0,0,0
WBGene00169245.,0,0,0
WBGene00169246.,0,0,0
WBGene00169247.,0,0,0
WBGene00169248.,0,1,1
WBGene00169249.,0,0,0
WBGene00169250.,0,0,0
WBGene00169251.,0,0,0
WBGene00169252.,0,0,0
WBGene00169253.,0,1,1
WBGene00169254.,0,0,0
WBGene00169255.,0,0,0
WBGene00169256.,0,0,0
WBGene00169257.,0,0,0
WBGene00169258.,0,0,0
WBGene00169259.,0,0,0
WBGene00169260.,0,0,0
WBGene00169261.,0,0,0
WBGene00169262.,0,0,0
WBGene00169263.,0,0,0
WBGene00169264.,0,0,0
WBGene00169265.,0,0,0
WBGene00169266.,0,0,0
WBGene00169267.,0,0,0
WBGene00169268.,0,0,0
WBGene00169269.,0,2,2
WBGene00169270.,0,0,0
WBGene00169271.,0,0,0
WBGene00169272.,0,0,0
WBGene00169273.,0,0,0
WBGene00169274.,0,0,0
WBGene00169275.,0,1,1
WBGene00169276.,0,0,0
WBGene00169277.,0,0,0
WBGene00169278.,0,0,0
WBGene00169279.,0,0,0
WBGene00169280.,0,0,0
WBGene00169281.,0,0,0
WBGene00169282.,0,0,0
WBGene00169283.,0,0,0
WBGene00169284.,0,0,0
WBGene00169285.,0,0,0
WBGene00169286.,0,1,1
WBGene00169287.,0,0,0
WBGene00169288.,0,0,0
WBGene00169289.,0,0,0
WBGene00169290.,0,0,0
WBGene00169291.,0,0,0
WBGene00169292.,0,0,0
WBGene00169293.,0,1,1
WBGene00169294.,0,0,0
WBGene00169295.,0,0,0
WBGene00169296.,0,0,0
WBGene00169297.,0,0,0
WBGene00169298.,0,2,2
WBGene00169299.,0,0,0
WBGene00169300.,0,0,0
WBGene00169301.,0,0,0
WBGene00169302.,0,0,0
WBGene00169303.,0,0,0
WBGene00169304.,0,0,0
WBGene00169305.,0,0,0
WBGene00169306.,0,0,0
WBGene00169307.,0,0,0
WBGene00169308.,0,0,0
WBGene00169309.,0,0,0
WBGene00169310.,0,0,0
WBGene00169311.,0,0,0
WBGene00169312.,0,0,0
WBGene00169313.,0,0,0
WBGene00169314.,0,0,0
WBGene00169315.,0,0,0
WBGene00169316.,0,0,0
WBGene00169317.,0,0,0
WBGene00169318.,0,0,0
WBGene00169319.,0,0,0
WBGene00169320.,0,0,0
WBGene00169321.,0,0,0
WBGene00169322.,0,1,1
WBGene00169323.,0,0,0
WBGene00169324.,0,0,0
WBGene00169325.,0,0,0
WBGene00169326.,0,0,0
WBGene00169327.,0,1,1
WBGene00169328.,0,0,0
WBGene00169329.,0,0,0
WBGene00169330.,0,2,2
WBGene00169331.,0,0,0
WBGene00169332.,0,0,0
WBGene00169333.,0,0,0
WBGene00169334.,0,0,0
WBGene00169335.,0,0,0
WBGene00169336.,0,0,0
WBGene00169337.,0,0,0
WBGene00169338.,0,0,0
WBGene00169339.,0,0,0
WBGene00169340.,0,0,0
WBGene00169341.,0,0,0
WBGene00169342.,0,0,0
WBGene00169343.,0,0,0
WBGene00169344.,0,1,1
WBGene00169345.,0,0,0
WBGene00169346.,0,1,1
WBGene00169347.,0,0,0
WBGene00169348.,0,0,0
WBGene00169349.,0,0,0
WBGene00169350.,0,0,0
WBGene00169351.,0,0,0
WBGene00169352.,0,0,0
WBGene00169353.,0,0,0
WBGene00169354.,0,6,6
WBGene00169355.,0,0,0
WBGene00169356.,0,0,0
WBGene00169357.,0,1,1
WBGene00169358.,0,0,0
WBGene00169359.,0,1,1
WBGene00169360.,0,0,0
WBGene00169361.,0,0,0
WBGene00169362.,0,0,0
WBGene00169363.,0,0,0
WBGene00169364.,0,0,0
WBGene00169365.,0,0,0
WBGene00169366.,0,0,0
WBGene00169367.,0,0,0
WBGene00169368.,0,0,0
WBGene00169369.,0,0,0
WBGene00169370.,0,0,0
WBGene00169371.,0,0,0
WBGene00169372.,0,0,0
WBGene00169373.,0,0,0
WBGene00169374.,0,0,0
WBGene00169375.,0,0,0
WBGene00169376.,0,0,0
WBGene00169377.,0,0,0
WBGene00169378.,0,0,0
WBGene00169379.,0,0,0
WBGene00169380.,0,1,1
WBGene00169381.,0,0,0
WBGene00169382.,0,0,0
WBGene00169383.,0,0,0
WBGene00169384.,0,0,0
WBGene00169385.,0,0,0
WBGene00169386.,0,0,0
WBGene00169387.,0,0,0
WBGene00169388.,0,0,0
WBGene00169389.,0,0,0
WBGene00169390.,0,0,0
WBGene00169391.,0,0,0
WBGene00169392.,0,0,0
WBGene00169393.,0,0,0
WBGene00169394.,0,0,0
WBGene00169395.,0,0,0
WBGene00169396.,0,0,0
WBGene00169397.,0,0,0
WBGene00169398.,0,0,0
WBGene00169399.,0,0,0
WBGene00169401.,0,0,0
WBGene00169402.,0,4,4
WBGene00169403.,0,0,0
WBGene00169404.,0,0,0
WBGene00169405.,0,0,0
WBGene00169406.,0,0,0
WBGene00169407.,0,0,0
WBGene00169408.,0,0,0
WBGene00169409.,0,0,0
WBGene00169410.,0,0,0
WBGene00169411.,0,0,0
WBGene00169412.,0,0,0
WBGene00169413.,0,0,0
WBGene00169414.,0,0,0
WBGene00169415.,0,0,0
WBGene00169416.,0,0,0
WBGene00169417.,0,0,0
WBGene00169418.,0,0,0
WBGene00169419.,0,0,0
WBGene00169420.,0,0,0
WBGene00169421.,0,0,0
WBGene00169422.,0,0,0
WBGene00169423.,0,0,0
WBGene00169424.,0,0,0
WBGene00169425.,0,1,1
WBGene00169426.,0,1,1
WBGene00169427.,0,0,0
WBGene00169428.,0,0,0
WBGene00169429.,0,0,0
WBGene00169430.,0,0,0
WBGene00169431.,0,7,7
WBGene00169432.,0,0,0
WBGene00169433.,0,0,0
WBGene00169434.,0,0,0
WBGene00169435.,0,0,0
WBGene00169436.,0,0,0
WBGene00169437.,0,0,0
WBGene00169438.,0,1,1
WBGene00169439.,0,0,0
WBGene00169440.,0,0,0
WBGene00169441.,0,0,0
WBGene00169442.,0,0,0
WBGene00169443.,0,0,0
WBGene00169444.,0,0,0
WBGene00169445.,0,0,0
WBGene00169446.,0,0,0
WBGene00169447.,0,0,0
WBGene00169448.,0,0,0
WBGene00169449.,0,0,0
WBGene00169450.,0,0,0
WBGene00169451.,0,0,0
WBGene00169452.,0,0,0
WBGene00169453.,0,0,0
WBGene00169454.,0,0,0
WBGene00169455.,0,0,0
WBGene00169456.,0,0,0
WBGene00169457.,0,0,0
WBGene00169458.,0,0,0
WBGene00169459.,0,0,0
WBGene00169460.,0,0,0
WBGene00169461.,0,1,1
WBGene00169462.,0,0,0
WBGene00169463.,0,0,0
WBGene00169464.,0,1,1
WBGene00169465.,0,0,0
WBGene00169466.,0,0,0
WBGene00169467.,0,0,0
WBGene00169468.,0,0,0
WBGene00169469.,0,0,0
WBGene00169470.,0,0,0
WBGene00169471.,0,0,0
WBGene00169472.,0,0,0
WBGene00169473.,0,0,0
WBGene00169474.,0,0,0
WBGene00169475.,0,0,0
WBGene00169476.,0,0,0
WBGene00169477.,0,0,0
WBGene00169478.,0,0,0
WBGene00169479.,0,0,0
WBGene00169480.,0,0,0
WBGene00169481.,0,0,0
WBGene00169482.,0,0,0
WBGene00169483.,0,0,0
WBGene00169484.,0,0,0
WBGene00169485.,0,0,0
WBGene00169486.,0,0,0
WBGene00169487.,0,0,0
WBGene00169488.,0,0,0
WBGene00169489.,0,0,0
WBGene00169490.,0,0,0
WBGene00169491.,0,0,0
WBGene00169492.,0,0,0
WBGene00169493.,0,0,0
WBGene00169494.,0,0,0
WBGene00169495.,0,0,0
WBGene00169496.,0,0,0
WBGene00169497.,0,0,0
WBGene00169498.,0,0,0
WBGene00169499.,0,0,0
WBGene00169500.,0,0,0
WBGene00169501.,0,0,0
WBGene00169502.,0,0,0
WBGene00169503.,0,0,0
WBGene00169504.,0,0,0
WBGene00169505.,0,0,0
WBGene00169506.,0,0,0
WBGene00169507.,0,0,0
WBGene00169508.,0,0,0
WBGene00169509.,0,0,0
WBGene00169510.,0,0,0
WBGene00169511.,0,0,0
WBGene00169512.,0,0,0
WBGene00169513.,0,0,0
WBGene00169514.,0,0,0
WBGene00169515.,0,5,5
WBGene00169516.,0,0,0
WBGene00169517.,0,0,0
WBGene00169518.,0,0,0
WBGene00169519.,0,0,0
WBGene00169520.,0,0,0
WBGene00169521.,0,0,0
WBGene00169522.,0,1,1
WBGene00169523.,0,0,0
WBGene00169524.,0,0,0
WBGene00169525.,0,2,2
WBGene00169526.,0,0,0
WBGene00169527.,0,0,0
WBGene00169528.,0,0,0
WBGene00169529.,0,0,0
WBGene00169530.,0,0,0
WBGene00169531.,0,0,0
WBGene00169532.,0,0,0
WBGene00169533.,0,0,0
WBGene00169534.,0,0,0
WBGene00169535.,0,0,0
WBGene00169536.,0,0,0
WBGene00169537.,0,0,0
WBGene00169538.,0,0,0
WBGene00169539.,0,0,0
WBGene00169540.,0,2,2
WBGene00169541.,0,0,0
WBGene00169542.,0,0,0
WBGene00169543.,0,0,0
WBGene00169544.,0,0,0
WBGene00169545.,0,0,0
WBGene00169546.,0,0,0
WBGene00169547.,0,0,0
WBGene00169548.,0,0,0
WBGene00169549.,0,0,0
WBGene00169550.,0,0,0
WBGene00169551.,0,0,0
WBGene00169552.,0,1,1
WBGene00169553.,0,0,0
WBGene00169554.,0,16,16
WBGene00169555.,0,1,1
WBGene00169556.,0,0,0
WBGene00169557.,0,0,0
WBGene00169558.,0,0,0
WBGene00169559.,0,0,0
WBGene00169560.,0,0,0
WBGene00169561.,0,0,0
WBGene00169562.,0,0,0
WBGene00169563.,0,0,0
WBGene00169564.,0,0,0
WBGene00169565.,0,0,0
WBGene00169566.,0,0,0
WBGene00169567.,0,0,0
WBGene00169568.,0,0,0
WBGene00169569.,0,0,0
WBGene00169570.,0,0,0
WBGene00169571.,0,0,0
WBGene00169572.,0,0,0
WBGene00169573.,0,0,0
WBGene00169574.,0,1,1
WBGene00169575.,0,0,0
WBGene00169576.,0,0,0
WBGene00169577.,0,0,0
WBGene00169578.,0,0,0
WBGene00169579.,0,0,0
WBGene00169580.,0,0,0
WBGene00169581.,0,0,0
WBGene00169582.,0,0,0
WBGene00169583.,0,0,0
WBGene00169584.,0,0,0
WBGene00169585.,0,0,0
WBGene00169586.,0,0,0
WBGene00169587.,0,0,0
WBGene00169588.,0,0,0
WBGene00169589.,0,0,0
WBGene00169590.,0,0,0
WBGene00169591.,0,0,0
WBGene00169592.,0,0,0
WBGene00169593.,0,0,0
WBGene00169594.,0,0,0
WBGene00169595.,0,2,2
WBGene00169596.,0,0,0
WBGene00169597.,0,0,0
WBGene00169598.,0,0,0
WBGene00169599.,0,0,0
WBGene00169600.,0,0,0
WBGene00169601.,0,0,0
WBGene00169602.,0,0,0
WBGene00169603.,0,0,0
WBGene00169604.,0,0,0
WBGene00169605.,0,0,0
WBGene00169606.,0,0,0
WBGene00169607.,0,0,0
WBGene00169608.,0,0,0
WBGene00169609.,0,0,0
WBGene00169610.,0,0,0
WBGene00169611.,0,0,0
WBGene00169612.,0,0,0
WBGene00169613.,0,0,0
WBGene00169614.,0,0,0
WBGene00169615.,0,0,0
WBGene00169617.,0,0,0
WBGene00169618.,0,0,0
WBGene00169619.,0,0,0
WBGene00169620.,0,1,1
WBGene00169621.,0,0,0
WBGene00169622.,0,0,0
WBGene00169623.,0,0,0
WBGene00169624.,0,0,0
WBGene00169625.,0,0,0
WBGene00169626.,0,0,0
WBGene00169627.,0,0,0
WBGene00169628.,0,0,0
WBGene00169629.,0,0,0
WBGene00169630.,0,0,0
WBGene00169631.,0,0,0
WBGene00169632.,0,0,0
WBGene00169633.,0,0,0
WBGene00169634.,0,0,0
WBGene00169635.,0,0,0
WBGene00169636.,0,0,0
WBGene00169637.,0,0,0
WBGene00169638.,0,0,0
WBGene00169639.,0,0,0
WBGene00169640.,0,0,0
WBGene00169641.,0,0,0
WBGene00169642.,0,0,0
WBGene00169643.,0,0,0
WBGene00169644.,0,0,0
WBGene00169645.,0,3,3
WBGene00169646.,0,0,0
WBGene00169647.,0,2,2
WBGene00169648.,0,0,0
WBGene00169649.,0,0,0
WBGene00169650.,0,11,11
WBGene00169651.,0,0,0
WBGene00169652.,0,0,0
WBGene00169653.,0,0,0
WBGene00169654.,0,0,0
WBGene00169655.,0,0,0
WBGene00169656.,0,0,0
WBGene00169657.,0,0,0
WBGene00169658.,0,0,0
WBGene00169659.,0,0,0
WBGene00169660.,0,0,0
WBGene00169661.,0,0,0
WBGene00169662.,0,2,2
WBGene00169663.,0,0,0
WBGene00169664.,0,0,0
WBGene00169665.,0,0,0
WBGene00169666.,0,0,0
WBGene00169667.,0,0,0
WBGene00169668.,0,0,0
WBGene00169669.,0,0,0
WBGene00169670.,0,0,0
WBGene00169671.,0,0,0
WBGene00169672.,0,0,0
WBGene00169673.,0,0,0
WBGene00169674.,0,0,0
WBGene00169675.,0,0,0
WBGene00169676.,0,0,0
WBGene00169677.,0,0,0
WBGene00169678.,0,0,0
WBGene00169679.,0,0,0
WBGene00169680.,0,0,0
WBGene00169681.,0,0,0
WBGene00169682.,0,0,0
WBGene00169683.,0,0,0
WBGene00169684.,0,0,0
WBGene00169685.,0,0,0
WBGene00169686.,0,0,0
WBGene00169687.,0,0,0
WBGene00169688.,0,0,0
WBGene00169689.,0,0,0
WBGene00169690.,0,0,0
WBGene00169691.,0,2,2
WBGene00169692.,0,0,0
WBGene00169693.,0,0,0
WBGene00169694.,0,1,1
WBGene00169695.,0,2,2
WBGene00169696.,0,0,0
WBGene00169697.,0,0,0
WBGene00169698.,0,0,0
WBGene00169699.,0,4,4
WBGene00169700.,0,3,3
WBGene00169701.,0,0,0
WBGene00169702.,0,0,0
WBGene00169703.,0,0,0
WBGene00169704.,0,0,0
WBGene00169705.,0,0,0
WBGene00169706.,0,0,0
WBGene00169707.,0,0,0
WBGene00169708.,0,0,0
WBGene00169709.,0,0,0
WBGene00169710.,0,0,0
WBGene00169711.,0,0,0
WBGene00169712.,0,0,0
WBGene00169713.,0,0,0
WBGene00169714.,0,0,0
WBGene00169715.,0,0,0
WBGene00169716.,0,0,0
WBGene00169717.,0,0,0
WBGene00169718.,0,0,0
WBGene00169719.,0,0,0
WBGene00169720.,0,0,0
WBGene00169721.,0,0,0
WBGene00169722.,0,0,0
WBGene00169723.,0,0,0
WBGene00169724.,0,0,0
WBGene00169725.,0,0,0
WBGene00169726.,0,0,0
WBGene00169727.,0,0,0
WBGene00169728.,0,0,0
WBGene00169729.,0,0,0
WBGene00169730.,0,0,0
WBGene00169731.,0,0,0
WBGene00169732.,0,0,0
WBGene00169733.,0,0,0
WBGene00169734.,0,0,0
WBGene00169735.,0,0,0
WBGene00169736.,0,0,0
WBGene00169737.,0,0,0
WBGene00169738.,0,0,0
WBGene00169739.,0,0,0
WBGene00169740.,0,0,0
WBGene00169741.,0,0,0
WBGene00169742.,0,0,0
WBGene00169743.,0,0,0
WBGene00169744.,0,0,0
WBGene00169745.,0,0,0
WBGene00169746.,0,0,0
WBGene00169747.,0,0,0
WBGene00169748.,0,0,0
WBGene00169749.,0,0,0
WBGene00169750.,0,0,0
WBGene00169751.,0,0,0
WBGene00169752.,0,0,0
WBGene00169753.,0,0,0
WBGene00169754.,0,0,0
WBGene00169755.,0,0,0
WBGene00169756.,0,0,0
WBGene00169757.,0,0,0
WBGene00169758.,0,0,0
WBGene00169759.,0,0,0
WBGene00169760.,0,0,0
WBGene00169761.,0,0,0
WBGene00169762.,0,0,0
WBGene00169763.,0,0,0
WBGene00169764.,0,0,0
WBGene00169765.,0,0,0
WBGene00169766.,0,0,0
WBGene00169767.,0,0,0
WBGene00169768.,0,0,0
WBGene00169769.,0,0,0
WBGene00169770.,0,0,0
WBGene00169771.,0,0,0
WBGene00169772.,0,0,0
WBGene00169773.,0,0,0
WBGene00169774.,0,0,0
WBGene00169775.,0,0,0
WBGene00169776.,0,0,0
WBGene00169777.,0,0,0
WBGene00169778.,0,0,0
WBGene00169779.,0,0,0
WBGene00169780.,0,0,0
WBGene00169781.,0,0,0
WBGene00169782.,0,0,0
WBGene00169783.,0,0,0
WBGene00169784.,0,0,0
WBGene00169785.,0,0,0
WBGene00169786.,0,0,0
WBGene00169787.,0,0,0
WBGene00169788.,0,0,0
WBGene00169789.,0,0,0
WBGene00169790.,0,0,0
WBGene00169791.,0,0,0
WBGene00169792.,0,0,0
WBGene00169793.,0,0,0
WBGene00169794.,0,0,0
WBGene00169795.,0,0,0
WBGene00169796.,0,0,0
WBGene00169797.,0,0,0
WBGene00169798.,0,0,0
WBGene00169799.,0,5,5
WBGene00169800.,0,1,1
WBGene00169801.,0,0,0
WBGene00169802.,0,1,1
WBGene00169803.,0,0,0
WBGene00169804.,0,0,0
WBGene00169805.,0,0,0
WBGene00169806.,0,0,0
WBGene00169807.,0,0,0
WBGene00169808.,0,0,0
WBGene00169809.,0,0,0
WBGene00169810.,0,0,0
WBGene00169811.,0,0,0
WBGene00169812.,0,0,0
WBGene00169813.,0,0,0
WBGene00169814.,0,0,0
WBGene00169815.,0,0,0
WBGene00169816.,0,0,0
WBGene00169817.,0,0,0
WBGene00169818.,0,0,0
WBGene00169819.,0,3,3
WBGene00169820.,0,0,0
WBGene00169821.,0,0,0
WBGene00169822.,0,0,0
WBGene00169823.,0,0,0
WBGene00169824.,0,0,0
WBGene00169825.,0,2,2
WBGene00169826.,0,0,0
WBGene00169827.,0,0,0
WBGene00169828.,0,0,0
WBGene00169829.,0,0,0
WBGene00169830.,0,0,0
WBGene00169831.,0,0,0
WBGene00169832.,0,0,0
WBGene00169833.,0,0,0
WBGene00169834.,0,1,1
WBGene00169835.,0,0,0
WBGene00169836.,0,0,0
WBGene00169837.,0,0,0
WBGene00169838.,0,5,5
WBGene00169839.,0,0,0
WBGene00169840.,0,0,0
WBGene00169841.,0,0,0
WBGene00169842.,0,0,0
WBGene00169843.,0,0,0
WBGene00169844.,0,0,0
WBGene00169845.,0,0,0
WBGene00169846.,0,0,0
WBGene00169847.,0,0,0
WBGene00169848.,0,0,0
WBGene00169849.,0,0,0
WBGene00169850.,0,0,0
WBGene00169851.,0,0,0
WBGene00169852.,0,0,0
WBGene00169853.,0,0,0
WBGene00169854.,0,0,0
WBGene00169855.,0,0,0
WBGene00169856.,0,0,0
WBGene00169857.,0,0,0
WBGene00169858.,0,0,0
WBGene00169859.,0,0,0
WBGene00169860.,0,0,0
WBGene00169861.,0,0,0
WBGene00169862.,0,0,0
WBGene00169863.,0,0,0
WBGene00169864.,0,0,0
WBGene00169865.,0,0,0
WBGene00169866.,0,0,0
WBGene00169867.,0,0,0
WBGene00169868.,0,0,0
WBGene00169869.,0,0,0
WBGene00169870.,0,0,0
WBGene00169871.,0,0,0
WBGene00169872.,0,0,0
WBGene00169873.,0,0,0
WBGene00169874.,0,0,0
WBGene00169875.,0,0,0
WBGene00169876.,0,0,0
WBGene00169877.,0,0,0
WBGene00169878.,0,0,0
WBGene00169879.,0,0,0
WBGene00169880.,0,8,8
WBGene00169881.,0,0,0
WBGene00169882.,0,0,0
WBGene00169883.,0,0,0
WBGene00169884.,0,0,0
WBGene00169885.,0,0,0
WBGene00169886.,0,0,0
WBGene00169887.,0,0,0
WBGene00169888.,0,0,0
WBGene00169889.,0,0,0
WBGene00169890.,0,0,0
WBGene00169891.,0,0,0
WBGene00169892.,0,0,0
WBGene00169893.,0,0,0
WBGene00169894.,0,3,3
WBGene00169895.,0,0,0
WBGene00169896.,0,1,1
WBGene00169897.,0,1,1
WBGene00169898.,0,0,0
WBGene00169899.,0,0,0
WBGene00169900.,0,0,0
WBGene00169901.,0,0,0
WBGene00169902.,0,0,0
WBGene00169903.,0,0,0
WBGene00169904.,0,0,0
WBGene00169905.,0,0,0
WBGene00169906.,0,0,0
WBGene00169907.,0,0,0
WBGene00169908.,0,0,0
WBGene00169909.,0,0,0
WBGene00169910.,0,0,0
WBGene00169911.,0,0,0
WBGene00169912.,0,0,0
WBGene00169913.,0,0,0
WBGene00169914.,0,0,0
WBGene00169915.,0,0,0
WBGene00169916.,0,0,0
WBGene00169917.,0,0,0
WBGene00169918.,0,0,0
WBGene00169919.,0,0,0
WBGene00169920.,0,0,0
WBGene00169921.,0,0,0
WBGene00169922.,0,0,0
WBGene00169923.,0,0,0
WBGene00169924.,0,0,0
WBGene00169925.,0,0,0
WBGene00169926.,0,0,0
WBGene00169927.,0,0,0
WBGene00169928.,0,1,1
WBGene00169929.,0,0,0
WBGene00169930.,0,0,0
WBGene00169931.,0,0,0
WBGene00169932.,0,0,0
WBGene00169933.,0,0,0
WBGene00169934.,0,0,0
WBGene00169935.,0,0,0
WBGene00169936.,0,0,0
WBGene00169937.,0,2,2
WBGene00169938.,0,0,0
WBGene00169939.,0,0,0
WBGene00169940.,0,0,0
WBGene00169941.,0,0,0
WBGene00169942.,0,1,1
WBGene00169943.,0,0,0
WBGene00169944.,0,0,0
WBGene00169946.,0,0,0
WBGene00169947.,0,0,0
WBGene00169948.,0,0,0
WBGene00169949.,0,0,0
WBGene00169950.,0,0,0
WBGene00169951.,0,0,0
WBGene00169952.,0,0,0
WBGene00169953.,0,0,0
WBGene00169954.,0,0,0
WBGene00169955.,0,0,0
WBGene00169956.,0,0,0
WBGene00169957.,0,1,1
WBGene00169958.,0,0,0
WBGene00169959.,0,0,0
WBGene00169960.,0,0,0
WBGene00169961.,0,0,0
WBGene00169962.,0,0,0
WBGene00169963.,0,0,0
WBGene00169964.,0,0,0
WBGene00169965.,0,0,0
WBGene00169966.,0,0,0
WBGene00169967.,0,0,0
WBGene00169968.,0,0,0
WBGene00169969.,0,0,0
WBGene00169970.,0,0,0
WBGene00169971.,0,0,0
WBGene00169972.,0,0,0
WBGene00169973.,0,0,0
WBGene00169974.,0,0,0
WBGene00169975.,0,0,0
WBGene00169976.,0,0,0
WBGene00169977.,0,0,0
WBGene00169978.,0,0,0
WBGene00169979.,0,13,13
WBGene00169980.,0,0,0
WBGene00169981.,0,0,0
WBGene00169982.,0,0,0
WBGene00169983.,0,0,0
WBGene00169984.,0,0,0
WBGene00169985.,0,0,0
WBGene00169986.,0,0,0
WBGene00169987.,0,0,0
WBGene00169988.,0,0,0
WBGene00169989.,0,0,0
WBGene00169990.,0,0,0
WBGene00169991.,0,0,0
WBGene00169992.,0,0,0
WBGene00169993.,0,0,0
WBGene00169994.,0,0,0
WBGene00169995.,0,0,0
WBGene00169996.,0,0,0
WBGene00169997.,0,0,0
WBGene00169998.,0,0,0
WBGene00169999.,0,0,0
WBGene00170000.,0,0,0
WBGene00170001.,0,0,0
WBGene00170002.,0,0,0
WBGene00170003.,0,0,0
WBGene00170004.,0,0,0
WBGene00170005.,0,0,0
WBGene00170006.,0,0,0
WBGene00170007.,0,0,0
WBGene00170008.,0,1,1
WBGene00170009.,0,0,0
WBGene00170010.,0,0,0
WBGene00170011.,0,0,0
WBGene00170012.,0,0,0
WBGene00170013.,0,0,0
WBGene00170014.,0,0,0
WBGene00170015.,0,0,0
WBGene00170016.,0,0,0
WBGene00170017.,0,0,0
WBGene00170018.,0,0,0
WBGene00170019.,0,0,0
WBGene00170020.,0,0,0
WBGene00170021.,0,1,1
WBGene00170022.,0,0,0
WBGene00170023.,0,0,0
WBGene00170024.,0,0,0
WBGene00170025.,0,0,0
WBGene00170026.,0,0,0
WBGene00170027.,0,0,0
WBGene00170028.,0,0,0
WBGene00170029.,0,0,0
WBGene00170030.,0,0,0
WBGene00170031.,0,2,2
WBGene00170032.,0,0,0
WBGene00170033.,0,0,0
WBGene00170034.,0,1,1
WBGene00170035.,0,0,0
WBGene00170036.,0,0,0
WBGene00170037.,0,1,1
WBGene00170038.,0,0,0
WBGene00170039.,0,0,0
WBGene00170040.,0,0,0
WBGene00170041.,0,1,1
WBGene00170042.,0,0,0
WBGene00170043.,0,0,0
WBGene00170044.,0,0,0
WBGene00170045.,0,1,1
WBGene00170046.,0,0,0
WBGene00170047.,0,0,0
WBGene00170048.,0,0,0
WBGene00170049.,0,0,0
WBGene00170050.,0,3,3
WBGene00170051.,0,0,0
WBGene00170052.,0,0,0
WBGene00170053.,0,0,0
WBGene00170054.,0,0,0
WBGene00170055.,0,0,0
WBGene00170056.,0,0,0
WBGene00170057.,0,0,0
WBGene00170058.,0,0,0
WBGene00170059.,0,0,0
WBGene00170060.,0,0,0
WBGene00170061.,0,0,0
WBGene00170062.,0,0,0
WBGene00170063.,0,0,0
WBGene00170064.,0,0,0
WBGene00170065.,0,0,0
WBGene00170066.,0,0,0
WBGene00170067.,0,0,0
WBGene00170068.,0,0,0
WBGene00170069.,0,0,0
WBGene00170070.,0,0,0
WBGene00170071.,0,0,0
WBGene00170072.,0,0,0
WBGene00170073.,0,0,0
WBGene00170074.,0,0,0
WBGene00170075.,0,0,0
WBGene00170076.,0,0,0
WBGene00170077.,0,0,0
WBGene00170078.,0,2,2
WBGene00170079.,0,0,0
WBGene00170080.,0,0,0
WBGene00170081.,0,0,0
WBGene00170082.,0,0,0
WBGene00170083.,0,0,0
WBGene00170084.,0,0,0
WBGene00170085.,0,0,0
WBGene00170086.,0,0,0
WBGene00170087.,0,1,1
WBGene00170088.,0,0,0
WBGene00170089.,0,0,0
WBGene00170090.,0,1,1
WBGene00170091.,0,0,0
WBGene00170092.,0,1,1
WBGene00170093.,0,1,1
WBGene00170094.,0,0,0
WBGene00170095.,0,0,0
WBGene00170096.,0,0,0
WBGene00170097.,0,0,0
WBGene00170098.,0,0,0
WBGene00170099.,0,0,0
WBGene00170100.,0,0,0
WBGene00170101.,0,0,0
WBGene00170102.,0,0,0
WBGene00170103.,0,0,0
WBGene00170104.,0,0,0
WBGene00170105.,0,2,2
WBGene00170106.,0,0,0
WBGene00170107.,0,0,0
WBGene00170108.,0,0,0
WBGene00170109.,0,0,0
WBGene00170110.,0,0,0
WBGene00170111.,0,2,2
WBGene00170112.,0,0,0
WBGene00170113.,0,0,0
WBGene00170114.,0,0,0
WBGene00170115.,0,0,0
WBGene00170116.,0,0,0
WBGene00170117.,0,0,0
WBGene00170118.,0,0,0
WBGene00170119.,0,0,0
WBGene00170120.,0,1,1
WBGene00170121.,0,0,0
WBGene00170122.,0,0,0
WBGene00170123.,0,0,0
WBGene00170124.,0,0,0
WBGene00170125.,0,0,0
WBGene00170126.,0,0,0
WBGene00170127.,0,0,0
WBGene00170128.,0,0,0
WBGene00170129.,0,0,0
WBGene00170130.,0,0,0
WBGene00170131.,0,0,0
WBGene00170132.,0,2,2
WBGene00170133.,0,0,0
WBGene00170134.,0,0,0
WBGene00170135.,0,0,0
WBGene00170136.,0,0,0
WBGene00170137.,0,0,0
WBGene00170138.,0,0,0
WBGene00170139.,0,0,0
WBGene00170140.,0,0,0
WBGene00170141.,0,0,0
WBGene00170142.,0,0,0
WBGene00170143.,0,0,0
WBGene00170144.,0,0,0
WBGene00170145.,0,0,0
WBGene00170146.,0,0,0
WBGene00170147.,0,0,0
WBGene00170148.,0,0,0
WBGene00170149.,0,0,0
WBGene00170150.,0,0,0
WBGene00170151.,0,0,0
WBGene00170152.,0,0,0
WBGene00170153.,0,0,0
WBGene00170154.,0,0,0
WBGene00170155.,0,0,0
WBGene00170156.,0,1,1
WBGene00170157.,0,0,0
WBGene00170158.,0,0,0
WBGene00170159.,0,0,0
WBGene00170160.,0,0,0
WBGene00170161.,0,0,0
WBGene00170162.,0,0,0
WBGene00170163.,0,0,0
WBGene00170164.,0,0,0
WBGene00170165.,0,0,0
WBGene00170166.,0,0,0
WBGene00170167.,0,0,0
WBGene00170168.,0,0,0
WBGene00170169.,0,0,0
WBGene00170170.,0,0,0
WBGene00170171.,0,0,0
WBGene00170172.,0,0,0
WBGene00170173.,0,0,0
WBGene00170174.,0,0,0
WBGene00170175.,0,0,0
WBGene00170176.,0,0,0
WBGene00170177.,0,0,0
WBGene00170178.,0,0,0
WBGene00170179.,0,1,1
WBGene00170180.,0,0,0
WBGene00170181.,0,0,0
WBGene00170182.,0,0,0
WBGene00170183.,0,0,0
WBGene00170184.,0,0,0
WBGene00170185.,0,2,2
WBGene00170186.,0,0,0
WBGene00170187.,0,0,0
WBGene00170188.,0,0,0
WBGene00170189.,0,0,0
WBGene00170190.,0,0,0
WBGene00170191.,0,0,0
WBGene00170192.,0,1,1
WBGene00170193.,0,0,0
WBGene00170194.,0,0,0
WBGene00170195.,0,0,0
WBGene00170196.,0,0,0
WBGene00170197.,0,0,0
WBGene00170198.,0,0,0
WBGene00170199.,0,0,0
WBGene00170200.,0,0,0
WBGene00170201.,0,0,0
WBGene00170202.,0,0,0
WBGene00170203.,0,0,0
WBGene00170204.,0,0,0
WBGene00170205.,0,0,0
WBGene00170206.,0,0,0
WBGene00170207.,0,0,0
WBGene00170208.,0,0,0
WBGene00170209.,0,0,0
WBGene00170210.,0,0,0
WBGene00170211.,0,0,0
WBGene00170212.,0,0,0
WBGene00170213.,0,0,0
WBGene00170214.,0,0,0
WBGene00170215.,0,0,0
WBGene00170216.,0,0,0
WBGene00170217.,0,0,0
WBGene00170218.,0,0,0
WBGene00170219.,0,0,0
WBGene00170220.,0,0,0
WBGene00170221.,0,0,0
WBGene00170222.,0,0,0
WBGene00170223.,0,0,0
WBGene00170224.,0,2,2
WBGene00170225.,0,0,0
WBGene00170226.,0,0,0
WBGene00170227.,0,0,0
WBGene00170228.,0,0,0
WBGene00170229.,0,0,0
WBGene00170230.,0,0,0
WBGene00170231.,0,0,0
WBGene00170232.,0,0,0
WBGene00170233.,0,0,0
WBGene00170234.,0,0,0
WBGene00170235.,0,0,0
WBGene00170236.,0,0,0
WBGene00170237.,0,1,1
WBGene00170238.,0,0,0
WBGene00170239.,0,0,0
WBGene00170240.,0,0,0
WBGene00170241.,0,0,0
WBGene00170242.,0,0,0
WBGene00170243.,0,0,0
WBGene00170244.,0,0,0
WBGene00170245.,0,0,0
WBGene00170246.,0,0,0
WBGene00170247.,0,1,1
WBGene00170248.,0,0,0
WBGene00170249.,0,0,0
WBGene00170250.,0,0,0
WBGene00170251.,0,0,0
WBGene00170252.,0,0,0
WBGene00170253.,0,0,0
WBGene00170254.,0,0,0
WBGene00170255.,0,0,0
WBGene00170256.,0,0,0
WBGene00170257.,0,0,0
WBGene00170258.,0,0,0
WBGene00170259.,0,0,0
WBGene00170260.,0,0,0
WBGene00170261.,0,0,0
WBGene00170262.,0,0,0
WBGene00170263.,0,0,0
WBGene00170264.,0,0,0
WBGene00170265.,0,0,0
WBGene00170266.,0,4,4
WBGene00170267.,0,0,0
WBGene00170268.,0,0,0
WBGene00170269.,0,0,0
WBGene00170270.,0,0,0
WBGene00170271.,0,0,0
WBGene00170272.,0,0,0
WBGene00170273.,0,0,0
WBGene00170274.,0,0,0
WBGene00170275.,0,0,0
WBGene00170276.,0,0,0
WBGene00170277.,0,0,0
WBGene00170278.,0,2,2
WBGene00170279.,0,0,0
WBGene00170280.,0,0,0
WBGene00170281.,0,0,0
WBGene00170282.,0,1,1
WBGene00170283.,0,0,0
WBGene00170284.,0,0,0
WBGene00170285.,0,0,0
WBGene00170286.,0,0,0
WBGene00170287.,0,0,0
WBGene00170288.,0,0,0
WBGene00170289.,0,1,1
WBGene00170290.,0,0,0
WBGene00170291.,0,1,1
WBGene00170292.,0,0,0
WBGene00170293.,0,0,0
WBGene00170294.,0,0,0
WBGene00170295.,0,1,1
WBGene00170296.,0,0,0
WBGene00170297.,0,0,0
WBGene00170298.,0,0,0
WBGene00170299.,0,0,0
WBGene00170300.,0,0,0
WBGene00170301.,0,0,0
WBGene00170302.,0,0,0
WBGene00170303.,0,0,0
WBGene00170304.,0,0,0
WBGene00170305.,0,0,0
WBGene00170306.,0,0,0
WBGene00170307.,0,0,0
WBGene00170308.,0,0,0
WBGene00170309.,0,0,0
WBGene00170310.,0,0,0
WBGene00170311.,0,0,0
WBGene00170312.,0,0,0
WBGene00170313.,0,0,0
WBGene00170314.,0,0,0
WBGene00170315.,0,0,0
WBGene00170316.,0,0,0
WBGene00170317.,0,0,0
WBGene00170318.,0,0,0
WBGene00170319.,0,0,0
WBGene00170320.,0,0,0
WBGene00170321.,0,1,1
WBGene00170322.,0,0,0
WBGene00170323.,0,0,0
WBGene00170324.,0,0,0
WBGene00170325.,0,0,0
WBGene00170326.,0,0,0
WBGene00170327.,0,0,0
WBGene00170328.,0,0,0
WBGene00170329.,0,0,0
WBGene00170330.,0,0,0
WBGene00170331.,0,0,0
WBGene00170332.,0,0,0
WBGene00170333.,0,0,0
WBGene00170334.,0,0,0
WBGene00170335.,0,0,0
WBGene00170336.,0,0,0
WBGene00170337.,0,0,0
WBGene00170338.,0,0,0
WBGene00170339.,0,0,0
WBGene00170340.,0,0,0
WBGene00170341.,0,0,0
WBGene00170342.,0,0,0
WBGene00170343.,0,0,0
WBGene00170344.,0,0,0
WBGene00170345.,0,0,0
WBGene00170346.,0,1,1
WBGene00170347.,0,0,0
WBGene00170348.,0,0,0
WBGene00170349.,0,0,0
WBGene00170350.,0,0,0
WBGene00170351.,0,0,0
WBGene00170352.,0,0,0
WBGene00170353.,0,0,0
WBGene00170354.,0,0,0
WBGene00170355.,0,0,0
WBGene00170356.,0,0,0
WBGene00170357.,0,0,0
WBGene00170358.,0,0,0
WBGene00170359.,0,0,0
WBGene00170360.,0,0,0
WBGene00170361.,0,0,0
WBGene00170362.,0,0,0
WBGene00170363.,0,0,0
WBGene00170364.,0,0,0
WBGene00170365.,0,0,0
WBGene00170366.,0,0,0
WBGene00170367.,0,0,0
WBGene00170368.,0,0,0
WBGene00170369.,0,0,0
WBGene00170370.,0,0,0
WBGene00170371.,0,0,0
WBGene00170372.,0,0,0
WBGene00170373.,0,1,1
WBGene00170374.,0,0,0
WBGene00170375.,0,0,0
WBGene00170376.,0,1,1
WBGene00170377.,0,0,0
WBGene00170378.,0,0,0
WBGene00170379.,0,0,0
WBGene00170380.,0,0,0
WBGene00170381.,0,0,0
WBGene00170382.,0,0,0
WBGene00170383.,0,2,2
WBGene00170384.,0,0,0
WBGene00170385.,0,0,0
WBGene00170386.,0,0,0
WBGene00170387.,0,0,0
WBGene00170388.,0,0,0
WBGene00170389.,0,0,0
WBGene00170390.,0,0,0
WBGene00170391.,0,0,0
WBGene00170392.,0,0,0
WBGene00170393.,0,0,0
WBGene00170394.,0,1,1
WBGene00170395.,0,0,0
WBGene00170396.,0,0,0
WBGene00170397.,0,0,0
WBGene00170398.,0,0,0
WBGene00170399.,0,0,0
WBGene00170400.,0,0,0
WBGene00170401.,0,0,0
WBGene00170402.,0,0,0
WBGene00170403.,0,1,1
WBGene00170404.,0,0,0
WBGene00170405.,0,0,0
WBGene00170406.,0,5,5
WBGene00170407.,0,0,0
WBGene00170408.,0,0,0
WBGene00170409.,0,0,0
WBGene00170410.,0,0,0
WBGene00170411.,0,0,0
WBGene00170412.,0,0,0
WBGene00170413.,0,0,0
WBGene00170414.,0,0,0
WBGene00170415.,0,0,0
WBGene00170416.,0,0,0
WBGene00170417.,0,1,1
WBGene00170418.,0,0,0
WBGene00170419.,0,0,0
WBGene00170420.,0,0,0
WBGene00170421.,0,0,0
WBGene00170422.,0,0,0
WBGene00170423.,0,0,0
WBGene00170424.,0,0,0
WBGene00170425.,0,1,1
WBGene00170426.,0,0,0
WBGene00170427.,0,0,0
WBGene00170428.,0,0,0
WBGene00170429.,0,1,1
WBGene00170430.,0,0,0
WBGene00170431.,0,0,0
WBGene00170432.,0,0,0
WBGene00170433.,0,0,0
WBGene00170434.,0,0,0
WBGene00170435.,0,0,0
WBGene00170436.,0,0,0
WBGene00170437.,0,0,0
WBGene00170438.,0,0,0
WBGene00170439.,0,0,0
WBGene00170440.,0,0,0
WBGene00170441.,0,0,0
WBGene00170442.,0,1,1
WBGene00170443.,0,0,0
WBGene00170444.,0,0,0
WBGene00170445.,0,0,0
WBGene00170446.,0,0,0
WBGene00170447.,0,0,0
WBGene00170448.,0,2,2
WBGene00170449.,0,0,0
WBGene00170450.,0,0,0
WBGene00170451.,0,0,0
WBGene00170452.,0,0,0
WBGene00170453.,0,0,0
WBGene00170454.,0,0,0
WBGene00170455.,0,0,0
WBGene00170456.,0,0,0
WBGene00170457.,0,0,0
WBGene00170458.,0,0,0
WBGene00170459.,0,0,0
WBGene00170460.,0,0,0
WBGene00170461.,0,0,0
WBGene00170462.,0,0,0
WBGene00170463.,0,0,0
WBGene00170464.,0,0,0
WBGene00170465.,0,0,0
WBGene00170466.,0,0,0
WBGene00170467.,0,0,0
WBGene00170468.,0,0,0
WBGene00170469.,0,0,0
WBGene00170470.,0,0,0
WBGene00170471.,0,0,0
WBGene00170472.,0,0,0
WBGene00170473.,0,0,0
WBGene00170474.,0,0,0
WBGene00170475.,0,0,0
WBGene00170476.,0,0,0
WBGene00170477.,0,0,0
WBGene00170478.,0,0,0
WBGene00170479.,0,0,0
WBGene00170480.,0,0,0
WBGene00170481.,0,0,0
WBGene00170482.,0,0,0
WBGene00170483.,0,0,0
WBGene00170484.,0,0,0
WBGene00170485.,0,0,0
WBGene00170486.,0,0,0
WBGene00170487.,0,0,0
WBGene00170488.,0,0,0
WBGene00170489.,0,0,0
WBGene00170490.,0,0,0
WBGene00170491.,0,0,0
WBGene00170492.,0,0,0
WBGene00170493.,0,1,1
WBGene00170494.,0,0,0
WBGene00170495.,0,0,0
WBGene00170496.,0,0,0
WBGene00170497.,0,0,0
WBGene00170498.,0,0,0
WBGene00170499.,0,0,0
WBGene00170500.,0,0,0
WBGene00170501.,0,0,0
WBGene00170502.,0,1,1
WBGene00170503.,0,0,0
WBGene00170504.,0,0,0
WBGene00170505.,0,0,0
WBGene00170506.,0,0,0
WBGene00170507.,0,0,0
WBGene00170508.,0,0,0
WBGene00170509.,0,0,0
WBGene00170510.,0,0,0
WBGene00170511.,0,0,0
WBGene00170512.,0,0,0
WBGene00170513.,0,0,0
WBGene00170514.,0,0,0
WBGene00170515.,0,1,1
WBGene00170516.,0,0,0
WBGene00170517.,0,0,0
WBGene00170518.,0,0,0
WBGene00170519.,0,0,0
WBGene00170520.,0,0,0
WBGene00170521.,0,0,0
WBGene00170522.,0,0,0
WBGene00170523.,0,0,0
WBGene00170524.,0,0,0
WBGene00170525.,0,0,0
WBGene00170526.,0,0,0
WBGene00170527.,0,0,0
WBGene00170528.,0,0,0
WBGene00170529.,0,0,0
WBGene00170530.,0,0,0
WBGene00170531.,0,0,0
WBGene00170532.,0,0,0
WBGene00170533.,0,0,0
WBGene00170534.,0,0,0
WBGene00170535.,0,0,0
WBGene00170536.,0,0,0
WBGene00170537.,0,0,0
WBGene00170538.,0,0,0
WBGene00170539.,0,0,0
WBGene00170540.,0,0,0
WBGene00170541.,0,0,0
WBGene00170542.,0,0,0
WBGene00170543.,0,0,0
WBGene00170544.,0,0,0
WBGene00170545.,0,0,0
WBGene00170546.,0,0,0
WBGene00170547.,0,0,0
WBGene00170548.,0,1,1
WBGene00170549.,0,0,0
WBGene00170550.,0,0,0
WBGene00170551.,0,0,0
WBGene00170552.,0,0,0
WBGene00170553.,0,0,0
WBGene00170554.,0,0,0
WBGene00170555.,0,0,0
WBGene00170556.,0,0,0
WBGene00170557.,0,0,0
WBGene00170558.,0,0,0
WBGene00170559.,0,0,0
WBGene00170560.,0,0,0
WBGene00170561.,0,0,0
WBGene00170562.,0,0,0
WBGene00170563.,0,0,0
WBGene00170564.,0,0,0
WBGene00170565.,0,0,0
WBGene00170566.,0,0,0
WBGene00170567.,0,0,0
WBGene00170568.,0,0,0
WBGene00170569.,0,0,0
WBGene00170570.,0,0,0
WBGene00170571.,0,0,0
WBGene00170572.,0,0,0
WBGene00170573.,0,0,0
WBGene00170574.,0,0,0
WBGene00170575.,0,0,0
WBGene00170576.,0,6,6
WBGene00170577.,0,0,0
WBGene00170578.,0,0,0
WBGene00170579.,0,0,0
WBGene00170580.,0,0,0
WBGene00170581.,0,0,0
WBGene00170582.,0,0,0
WBGene00170583.,0,0,0
WBGene00170584.,0,0,0
WBGene00170585.,0,0,0
WBGene00170586.,0,0,0
WBGene00170587.,0,0,0
WBGene00170588.,0,0,0
WBGene00170589.,0,0,0
WBGene00170590.,0,0,0
WBGene00170591.,0,0,0
WBGene00170592.,0,0,0
WBGene00170593.,0,0,0
WBGene00170594.,0,0,0
WBGene00170595.,0,0,0
WBGene00170596.,0,0,0
WBGene00170597.,0,0,0
WBGene00170598.,0,0,0
WBGene00170599.,0,0,0
WBGene00170600.,0,4,4
WBGene00170601.,0,0,0
WBGene00170602.,0,0,0
WBGene00170603.,0,0,0
WBGene00170604.,0,0,0
WBGene00170605.,0,0,0
WBGene00170606.,0,0,0
WBGene00170607.,0,0,0
WBGene00170608.,0,0,0
WBGene00170609.,0,0,0
WBGene00170610.,0,0,0
WBGene00170611.,0,0,0
WBGene00170612.,0,0,0
WBGene00170613.,0,0,0
WBGene00170614.,0,0,0
WBGene00170615.,0,0,0
WBGene00170616.,0,0,0
WBGene00170617.,0,0,0
WBGene00170618.,0,0,0
WBGene00170619.,0,0,0
WBGene00170620.,0,0,0
WBGene00170621.,0,0,0
WBGene00170622.,0,0,0
WBGene00170623.,0,0,0
WBGene00170624.,0,0,0
WBGene00170625.,0,0,0
WBGene00170626.,0,0,0
WBGene00170627.,0,0,0
WBGene00170628.,0,0,0
WBGene00170629.,0,0,0
WBGene00170630.,0,0,0
WBGene00170631.,0,0,0
WBGene00170632.,0,0,0
WBGene00170633.,0,16,16
WBGene00170634.,0,1,1
WBGene00170635.,0,0,0
WBGene00170636.,0,0,0
WBGene00170637.,0,0,0
WBGene00170638.,0,1,1
WBGene00170639.,0,0,0
WBGene00170640.,0,0,0
WBGene00170641.,0,0,0
WBGene00170642.,0,0,0
WBGene00170643.,0,1,1
WBGene00170644.,0,0,0
WBGene00170645.,0,0,0
WBGene00170646.,0,0,0
WBGene00170647.,0,0,0
WBGene00170648.,0,0,0
WBGene00170649.,0,0,0
WBGene00170650.,0,0,0
WBGene00170651.,0,0,0
WBGene00170652.,0,0,0
WBGene00170653.,0,0,0
WBGene00170654.,0,0,0
WBGene00170655.,0,0,0
WBGene00170656.,0,0,0
WBGene00170657.,0,0,0
WBGene00170658.,0,0,0
WBGene00170659.,0,0,0
WBGene00170660.,0,0,0
WBGene00170661.,0,0,0
WBGene00170662.,0,0,0
WBGene00170663.,0,0,0
WBGene00170664.,0,1,1
WBGene00170665.,0,0,0
WBGene00170666.,0,0,0
WBGene00170667.,0,0,0
WBGene00170668.,0,0,0
WBGene00170669.,0,0,0
WBGene00170670.,0,0,0
WBGene00170671.,0,0,0
WBGene00170672.,0,0,0
WBGene00170673.,0,0,0
WBGene00170674.,0,2,2
WBGene00170675.,0,0,0
WBGene00170676.,0,0,0
WBGene00170677.,0,0,0
WBGene00170678.,0,0,0
WBGene00170679.,0,0,0
WBGene00170680.,0,0,0
WBGene00170681.,0,0,0
WBGene00170682.,0,0,0
WBGene00170683.,0,0,0
WBGene00170684.,0,0,0
WBGene00170685.,0,0,0
WBGene00170686.,0,1,1
WBGene00170687.,0,0,0
WBGene00170688.,0,2,2
WBGene00170689.,0,0,0
WBGene00170690.,0,0,0
WBGene00170691.,0,0,0
WBGene00170692.,0,0,0
WBGene00170693.,0,0,0
WBGene00170694.,0,0,0
WBGene00170695.,0,0,0
WBGene00170697.,0,0,0
WBGene00170698.,0,0,0
WBGene00170699.,0,0,0
WBGene00170700.,0,0,0
WBGene00170701.,0,0,0
WBGene00170702.,0,0,0
WBGene00170703.,0,1,1
WBGene00170704.,0,0,0
WBGene00170705.,0,0,0
WBGene00170706.,0,0,0
WBGene00170707.,0,0,0
WBGene00170708.,0,0,0
WBGene00170709.,0,0,0
WBGene00170710.,0,0,0
WBGene00170711.,0,0,0
WBGene00170712.,0,0,0
WBGene00170713.,0,0,0
WBGene00170714.,0,0,0
WBGene00170715.,0,0,0
WBGene00170716.,0,0,0
WBGene00170717.,0,0,0
WBGene00170718.,0,0,0
WBGene00170719.,0,0,0
WBGene00170720.,0,0,0
WBGene00170721.,0,0,0
WBGene00170722.,0,0,0
WBGene00170723.,0,0,0
WBGene00170724.,0,0,0
WBGene00170725.,0,1,1
WBGene00170726.,0,0,0
WBGene00170727.,0,0,0
WBGene00170728.,0,0,0
WBGene00170729.,0,0,0
WBGene00170730.,0,0,0
WBGene00170731.,0,0,0
WBGene00170732.,0,0,0
WBGene00170733.,0,0,0
WBGene00170734.,0,0,0
WBGene00170735.,0,0,0
WBGene00170736.,0,0,0
WBGene00170737.,0,0,0
WBGene00170738.,0,0,0
WBGene00170739.,0,0,0
WBGene00170740.,0,0,0
WBGene00170741.,0,0,0
WBGene00170742.,0,0,0
WBGene00170743.,0,0,0
WBGene00170744.,0,0,0
WBGene00170745.,0,0,0
WBGene00170746.,0,0,0
WBGene00170747.,0,0,0
WBGene00170748.,0,0,0
WBGene00170749.,0,0,0
WBGene00170750.,0,0,0
WBGene00170751.,0,0,0
WBGene00170752.,0,0,0
WBGene00170753.,0,0,0
WBGene00170754.,0,0,0
WBGene00170755.,0,0,0
WBGene00170756.,0,0,0
WBGene00170757.,0,0,0
WBGene00170758.,0,0,0
WBGene00170759.,0,0,0
WBGene00170760.,0,0,0
WBGene00170761.,0,0,0
WBGene00170762.,0,0,0
WBGene00170763.,0,0,0
WBGene00170764.,0,0,0
WBGene00170765.,0,0,0
WBGene00170766.,0,0,0
WBGene00170767.,0,0,0
WBGene00170768.,0,0,0
WBGene00170769.,0,0,0
WBGene00170770.,0,0,0
WBGene00170771.,0,0,0
WBGene00170772.,0,0,0
WBGene00170773.,0,0,0
WBGene00170774.,0,0,0
WBGene00170775.,0,0,0
WBGene00170776.,0,0,0
WBGene00170777.,0,0,0
WBGene00170778.,0,0,0
WBGene00170779.,0,0,0
WBGene00170780.,0,0,0
WBGene00170781.,0,0,0
WBGene00170782.,0,0,0
WBGene00170783.,0,0,0
WBGene00170784.,0,0,0
WBGene00170785.,0,0,0
WBGene00170786.,0,0,0
WBGene00170787.,0,0,0
WBGene00170788.,0,0,0
WBGene00170789.,0,0,0
WBGene00170790.,0,0,0
WBGene00170791.,0,0,0
WBGene00170792.,0,0,0
WBGene00170793.,0,0,0
WBGene00170794.,0,0,0
WBGene00170795.,0,1,1
WBGene00170796.,0,0,0
WBGene00170797.,0,0,0
WBGene00170798.,0,0,0
WBGene00170799.,0,0,0
WBGene00170800.,0,0,0
WBGene00170801.,0,0,0
WBGene00170802.,0,0,0
WBGene00170803.,0,0,0
WBGene00170804.,0,0,0
WBGene00170805.,0,0,0
WBGene00170806.,0,0,0
WBGene00170807.,0,0,0
WBGene00170808.,0,0,0
WBGene00170809.,0,0,0
WBGene00170810.,0,0,0
WBGene00170811.,0,1,1
WBGene00170812.,0,0,0
WBGene00170813.,0,0,0
WBGene00170814.,0,0,0
WBGene00170815.,0,0,0
WBGene00170816.,0,0,0
WBGene00170817.,0,0,0
WBGene00170818.,0,0,0
WBGene00170819.,0,0,0
WBGene00170820.,0,0,0
WBGene00170821.,0,0,0
WBGene00170822.,0,0,0
WBGene00170823.,0,0,0
WBGene00170824.,0,1,1
WBGene00170825.,0,0,0
WBGene00170826.,0,0,0
WBGene00170827.,0,0,0
WBGene00170828.,0,0,0
WBGene00170829.,0,0,0
WBGene00170830.,0,2,2
WBGene00170831.,0,0,0
WBGene00170832.,0,0,0
WBGene00170833.,0,0,0
WBGene00170834.,0,0,0
WBGene00170835.,0,9,9
WBGene00170836.,0,0,0
WBGene00170837.,0,0,0
WBGene00170838.,0,0,0
WBGene00170839.,0,0,0
WBGene00170840.,0,0,0
WBGene00170841.,0,0,0
WBGene00170842.,0,2,2
WBGene00170843.,0,0,0
WBGene00170844.,0,0,0
WBGene00170845.,0,0,0
WBGene00170846.,0,0,0
WBGene00170847.,0,0,0
WBGene00170848.,0,0,0
WBGene00170849.,0,0,0
WBGene00170850.,0,0,0
WBGene00170851.,0,0,0
WBGene00170852.,0,0,0
WBGene00170853.,0,0,0
WBGene00170854.,0,0,0
WBGene00170855.,0,0,0
WBGene00170856.,0,0,0
WBGene00170857.,0,0,0
WBGene00170858.,0,0,0
WBGene00170859.,0,0,0
WBGene00170860.,0,0,0
WBGene00170861.,0,0,0
WBGene00170862.,0,0,0
WBGene00170863.,0,0,0
WBGene00170864.,0,0,0
WBGene00170865.,0,0,0
WBGene00170866.,0,0,0
WBGene00170867.,0,0,0
WBGene00170868.,0,0,0
WBGene00170869.,0,0,0
WBGene00170870.,0,0,0
WBGene00170871.,0,0,0
WBGene00170872.,0,0,0
WBGene00170873.,0,0,0
WBGene00170874.,0,0,0
WBGene00170875.,0,0,0
WBGene00170876.,0,0,0
WBGene00170877.,0,0,0
WBGene00170878.,0,0,0
WBGene00170879.,0,0,0
WBGene00170880.,0,0,0
WBGene00170881.,0,0,0
WBGene00170882.,0,0,0
WBGene00170883.,0,0,0
WBGene00170884.,0,0,0
WBGene00170885.,0,0,0
WBGene00170886.,0,0,0
WBGene00170887.,0,0,0
WBGene00170888.,0,0,0
WBGene00170889.,0,0,0
WBGene00170890.,0,1,1
WBGene00170891.,0,0,0
WBGene00170892.,0,0,0
WBGene00170893.,0,0,0
WBGene00170894.,0,0,0
WBGene00170895.,0,0,0
WBGene00170896.,0,0,0
WBGene00170897.,0,0,0
WBGene00170898.,0,0,0
WBGene00170899.,0,0,0
WBGene00170900.,0,0,0
WBGene00170901.,0,0,0
WBGene00170902.,0,0,0
WBGene00170903.,0,0,0
WBGene00170904.,0,1,1
WBGene00170905.,0,0,0
WBGene00170906.,0,0,0
WBGene00170907.,0,0,0
WBGene00170908.,0,0,0
WBGene00170909.,0,0,0
WBGene00170910.,0,0,0
WBGene00170911.,0,0,0
WBGene00170912.,0,0,0
WBGene00170913.,0,0,0
WBGene00170914.,0,0,0
WBGene00170915.,0,0,0
WBGene00170916.,0,0,0
WBGene00170917.,0,0,0
WBGene00170918.,0,0,0
WBGene00170919.,0,0,0
WBGene00170920.,0,0,0
WBGene00170921.,0,0,0
WBGene00170922.,0,0,0
WBGene00170923.,0,0,0
WBGene00170924.,0,0,0
WBGene00170925.,0,0,0
WBGene00170926.,0,3,3
WBGene00170927.,0,0,0
WBGene00170928.,0,0,0
WBGene00170929.,0,0,0
WBGene00170930.,0,0,0
WBGene00170931.,0,0,0
WBGene00170932.,0,0,0
WBGene00170933.,0,0,0
WBGene00170934.,0,0,0
WBGene00170935.,0,0,0
WBGene00170936.,0,0,0
WBGene00170937.,0,0,0
WBGene00170938.,0,0,0
WBGene00170939.,0,0,0
WBGene00170940.,0,0,0
WBGene00170941.,0,0,0
WBGene00170942.,0,0,0
WBGene00170943.,0,0,0
WBGene00170944.,0,0,0
WBGene00170945.,0,0,0
WBGene00170946.,0,0,0
WBGene00170947.,0,0,0
WBGene00170948.,0,0,0
WBGene00170949.,0,0,0
WBGene00170950.,0,0,0
WBGene00170951.,0,5,5
WBGene00170952.,0,4,4
WBGene00170953.,0,0,0
WBGene00170954.,0,1,1
WBGene00170955.,0,0,0
WBGene00170956.,0,0,0
WBGene00170957.,0,0,0
WBGene00170958.,0,0,0
WBGene00170959.,0,1,1
WBGene00170960.,0,0,0
WBGene00170961.,0,0,0
WBGene00170962.,0,0,0
WBGene00170963.,0,1,1
WBGene00170964.,0,3,3
WBGene00170965.,0,2,2
WBGene00170966.,0,0,0
WBGene00170967.,0,0,0
WBGene00170968.,0,0,0
WBGene00170969.,0,0,0
WBGene00170970.,0,0,0
WBGene00170971.,0,0,0
WBGene00170972.,0,0,0
WBGene00170973.,0,0,0
WBGene00170974.,0,3,3
WBGene00170975.,0,1,1
WBGene00170976.,0,0,0
WBGene00170977.,0,0,0
WBGene00170978.,0,2,2
WBGene00170979.,0,0,0
WBGene00170980.,0,6,6
WBGene00170981.,0,0,0
WBGene00170982.,0,0,0
WBGene00170983.,0,0,0
WBGene00170984.,0,0,0
WBGene00170985.,0,0,0
WBGene00170986.,0,1,1
WBGene00170987.,0,0,0
WBGene00170988.,0,0,0
WBGene00170989.,0,0,0
WBGene00170990.,0,0,0
WBGene00170991.,0,0,0
WBGene00170992.,0,0,0
WBGene00170993.,0,0,0
WBGene00170994.,0,0,0
WBGene00170995.,0,0,0
WBGene00170996.,0,0,0
WBGene00170997.,0,0,0
WBGene00170998.,0,0,0
WBGene00170999.,0,0,0
WBGene00171000.,0,0,0
WBGene00171001.,0,1,1
WBGene00171002.,0,0,0
WBGene00171003.,0,0,0
WBGene00171004.,0,0,0
WBGene00171005.,0,2,2
WBGene00171006.,0,0,0
WBGene00171007.,0,0,0
WBGene00171008.,0,0,0
WBGene00171009.,0,0,0
WBGene00171010.,0,0,0
WBGene00171011.,0,0,0
WBGene00171012.,0,0,0
WBGene00171013.,0,0,0
WBGene00171014.,0,3,3
WBGene00171015.,0,0,0
WBGene00171016.,0,0,0
WBGene00171017.,0,0,0
WBGene00171018.,0,0,0
WBGene00171019.,0,0,0
WBGene00171020.,0,0,0
WBGene00171021.,0,0,0
WBGene00171022.,0,0,0
WBGene00171023.,0,0,0
WBGene00171024.,0,0,0
WBGene00171025.,0,0,0
WBGene00171026.,0,0,0
WBGene00171027.,0,0,0
WBGene00171028.,0,0,0
WBGene00171029.,0,1,1
WBGene00171030.,0,0,0
WBGene00171031.,0,0,0
WBGene00171032.,0,0,0
WBGene00171033.,0,0,0
WBGene00171034.,0,0,0
WBGene00171035.,0,0,0
WBGene00171036.,0,0,0
WBGene00171037.,0,0,0
WBGene00171038.,0,0,0
WBGene00171039.,0,0,0
WBGene00171040.,0,0,0
WBGene00171041.,0,7,7
WBGene00171042.,0,0,0
WBGene00171043.,0,0,0
WBGene00171044.,0,0,0
WBGene00171045.,0,0,0
WBGene00171046.,0,0,0
WBGene00171047.,0,1,1
WBGene00171048.,0,0,0
WBGene00171049.,0,0,0
WBGene00171050.,0,0,0
WBGene00171051.,0,0,0
WBGene00171052.,0,0,0
WBGene00171053.,0,0,0
WBGene00171054.,0,0,0
WBGene00171055.,0,0,0
WBGene00171056.,0,0,0
WBGene00171057.,0,0,0
WBGene00171058.,0,0,0
WBGene00171059.,0,0,0
WBGene00171060.,0,1,1
WBGene00171061.,0,2,2
WBGene00171062.,0,0,0
WBGene00171063.,0,0,0
WBGene00171064.,0,0,0
WBGene00171065.,0,0,0
WBGene00171066.,0,0,0
WBGene00171067.,0,0,0
WBGene00171068.,0,0,0
WBGene00171069.,0,0,0
WBGene00171070.,0,0,0
WBGene00171071.,0,0,0
WBGene00171072.,0,0,0
WBGene00171073.,0,0,0
WBGene00171074.,0,0,0
WBGene00171075.,0,0,0
WBGene00171076.,0,0,0
WBGene00171077.,0,0,0
WBGene00171078.,0,0,0
WBGene00171079.,0,0,0
WBGene00171080.,0,0,0
WBGene00171081.,0,0,0
WBGene00171082.,0,0,0
WBGene00171083.,0,0,0
WBGene00171084.,0,0,0
WBGene00171085.,0,0,0
WBGene00171086.,0,0,0
WBGene00171087.,0,2,2
WBGene00171088.,0,0,0
WBGene00171089.,0,0,0
WBGene00171090.,0,0,0
WBGene00171091.,0,0,0
WBGene00171092.,0,0,0
WBGene00171093.,0,0,0
WBGene00171094.,0,0,0
WBGene00171095.,0,0,0
WBGene00171096.,0,0,0
WBGene00171097.,0,0,0
WBGene00171098.,0,0,0
WBGene00171099.,0,0,0
WBGene00171100.,0,1,1
WBGene00171101.,0,0,0
WBGene00171102.,0,0,0
WBGene00171103.,0,0,0
WBGene00171104.,0,0,0
WBGene00171105.,0,0,0
WBGene00171106.,0,0,0
WBGene00171107.,0,3,3
WBGene00171108.,0,0,0
WBGene00171109.,0,0,0
WBGene00171110.,0,0,0
WBGene00171111.,0,0,0
WBGene00171112.,0,0,0
WBGene00171113.,0,6,6
WBGene00171114.,0,0,0
WBGene00171115.,0,0,0
WBGene00171116.,0,0,0
WBGene00171117.,0,2,2
WBGene00171118.,0,0,0
WBGene00171119.,0,0,0
WBGene00171120.,0,0,0
WBGene00171121.,0,0,0
WBGene00171122.,0,0,0
WBGene00171123.,0,0,0
WBGene00171124.,0,0,0
WBGene00171125.,0,0,0
WBGene00171126.,0,0,0
WBGene00171127.,0,0,0
WBGene00171128.,0,0,0
WBGene00171129.,0,0,0
WBGene00171130.,0,0,0
WBGene00171131.,0,0,0
WBGene00171132.,0,0,0
WBGene00171133.,0,0,0
WBGene00171134.,0,0,0
WBGene00171135.,0,0,0
WBGene00171136.,0,0,0
WBGene00171137.,0,0,0
WBGene00171138.,0,0,0
WBGene00171139.,0,0,0
WBGene00171140.,0,0,0
WBGene00171141.,0,0,0
WBGene00171142.,0,0,0
WBGene00171143.,0,0,0
WBGene00171144.,0,0,0
WBGene00171145.,0,0,0
WBGene00171146.,0,0,0
WBGene00171147.,0,0,0
WBGene00171148.,0,0,0
WBGene00171149.,0,0,0
WBGene00171150.,0,0,0
WBGene00171151.,0,0,0
WBGene00171152.,0,2,2
WBGene00171153.,0,0,0
WBGene00171154.,0,0,0
WBGene00171155.,0,1,1
WBGene00171156.,0,1,1
WBGene00171157.,0,0,0
WBGene00171158.,0,0,0
WBGene00171159.,0,0,0
WBGene00171160.,0,0,0
WBGene00171161.,0,0,0
WBGene00171162.,0,0,0
WBGene00171163.,0,0,0
WBGene00171164.,0,0,0
WBGene00171165.,0,0,0
WBGene00171166.,0,0,0
WBGene00171167.,0,0,0
WBGene00171168.,0,0,0
WBGene00171169.,0,2,2
WBGene00171170.,0,0,0
WBGene00171171.,0,0,0
WBGene00171172.,0,0,0
WBGene00171173.,0,0,0
WBGene00171174.,0,0,0
WBGene00171175.,0,0,0
WBGene00171176.,0,0,0
WBGene00171177.,0,0,0
WBGene00171178.,0,0,0
WBGene00171179.,0,0,0
WBGene00171180.,0,0,0
WBGene00171181.,0,1,1
WBGene00171182.,0,0,0
WBGene00171183.,0,0,0
WBGene00171184.,0,0,0
WBGene00171185.,0,0,0
WBGene00171186.,0,0,0
WBGene00171187.,0,0,0
WBGene00171188.,0,0,0
WBGene00171189.,0,0,0
WBGene00171190.,0,1,1
WBGene00171191.,0,0,0
WBGene00171192.,0,0,0
WBGene00171193.,0,0,0
WBGene00171194.,0,1,1
WBGene00171195.,0,0,0
WBGene00171196.,0,0,0
WBGene00171197.,0,0,0
WBGene00171198.,0,0,0
WBGene00171199.,0,0,0
WBGene00171200.,0,0,0
WBGene00171201.,0,0,0
WBGene00171202.,0,0,0
WBGene00171203.,0,0,0
WBGene00171204.,0,0,0
WBGene00171205.,0,0,0
WBGene00171206.,0,0,0
WBGene00171207.,0,0,0
WBGene00171208.,0,1,1
WBGene00171209.,0,1,1
WBGene00171210.,0,0,0
WBGene00171211.,0,0,0
WBGene00171212.,0,0,0
WBGene00171213.,0,0,0
WBGene00171214.,0,0,0
WBGene00171215.,0,0,0
WBGene00171216.,0,0,0
WBGene00171217.,0,0,0
WBGene00171218.,0,0,0
WBGene00171219.,0,0,0
WBGene00171220.,0,2,2
WBGene00171221.,0,0,0
WBGene00171222.,0,0,0
WBGene00171223.,0,0,0
WBGene00171224.,0,0,0
WBGene00171225.,0,0,0
WBGene00171226.,0,0,0
WBGene00171227.,0,0,0
WBGene00171228.,0,0,0
WBGene00171229.,0,0,0
WBGene00171230.,0,0,0
WBGene00171231.,0,0,0
WBGene00171232.,0,0,0
WBGene00171233.,0,0,0
WBGene00171234.,0,0,0
WBGene00171235.,0,0,0
WBGene00171236.,0,0,0
WBGene00171237.,0,0,0
WBGene00171238.,0,0,0
WBGene00171239.,0,0,0
WBGene00171240.,0,0,0
WBGene00171241.,0,0,0
WBGene00171242.,0,0,0
WBGene00171243.,0,0,0
WBGene00171244.,0,0,0
WBGene00171245.,0,0,0
WBGene00171246.,0,0,0
WBGene00171247.,0,0,0
WBGene00171248.,0,0,0
WBGene00171249.,0,0,0
WBGene00171250.,0,0,0
WBGene00171251.,0,0,0
WBGene00171252.,0,1,1
WBGene00171253.,0,0,0
WBGene00171254.,0,0,0
WBGene00171255.,0,0,0
WBGene00171256.,0,0,0
WBGene00171257.,0,0,0
WBGene00171258.,0,0,0
WBGene00171259.,0,0,0
WBGene00171260.,0,0,0
WBGene00171261.,0,0,0
WBGene00171262.,0,0,0
WBGene00171263.,0,0,0
WBGene00171264.,0,0,0
WBGene00171265.,0,6,6
WBGene00171266.,0,0,0
WBGene00171267.,0,0,0
WBGene00171268.,0,0,0
WBGene00171269.,0,0,0
WBGene00171270.,0,0,0
WBGene00171271.,0,0,0
WBGene00171272.,0,0,0
WBGene00171273.,0,0,0
WBGene00171274.,0,0,0
WBGene00171275.,0,0,0
WBGene00171276.,0,0,0
WBGene00171277.,0,0,0
WBGene00171278.,0,0,0
WBGene00171279.,0,0,0
WBGene00171280.,0,0,0
WBGene00171281.,0,0,0
WBGene00171282.,0,0,0
WBGene00171283.,0,0,0
WBGene00171284.,0,0,0
WBGene00171285.,0,0,0
WBGene00171286.,0,9,9
WBGene00171287.,0,0,0
WBGene00171288.,0,0,0
WBGene00171289.,0,2,2
WBGene00171290.,0,3,3
WBGene00171291.,0,0,0
WBGene00171292.,0,0,0
WBGene00171293.,0,0,0
WBGene00171294.,0,0,0
WBGene00171295.,0,0,0
WBGene00171296.,0,0,0
WBGene00171297.,0,0,0
WBGene00171298.,0,0,0
WBGene00171299.,0,0,0
WBGene00171300.,0,0,0
WBGene00171301.,0,0,0
WBGene00171302.,0,0,0
WBGene00171303.,0,0,0
WBGene00171304.,0,0,0
WBGene00171305.,0,0,0
WBGene00171306.,0,0,0
WBGene00171307.,0,0,0
WBGene00171308.,0,0,0
WBGene00171309.,0,2,2
WBGene00171310.,0,0,0
WBGene00171311.,0,7,7
WBGene00171312.,0,0,0
WBGene00171313.,0,0,0
WBGene00171314.,0,0,0
WBGene00171315.,0,0,0
WBGene00171316.,0,0,0
WBGene00171317.,0,0,0
WBGene00171318.,0,0,0
WBGene00171319.,0,0,0
WBGene00171320.,0,0,0
WBGene00171321.,0,0,0
WBGene00171322.,0,0,0
WBGene00171323.,0,3,3
WBGene00171324.,0,0,0
WBGene00171325.,0,0,0
WBGene00171326.,0,0,0
WBGene00171327.,0,0,0
WBGene00171328.,0,0,0
WBGene00171329.,0,0,0
WBGene00171330.,0,0,0
WBGene00171331.,0,0,0
WBGene00171332.,0,0,0
WBGene00171333.,0,1,1
WBGene00171334.,0,0,0
WBGene00171335.,0,1,1
WBGene00171336.,0,0,0
WBGene00171337.,0,0,0
WBGene00171338.,0,0,0
WBGene00171339.,0,0,0
WBGene00171340.,0,0,0
WBGene00171341.,0,0,0
WBGene00171342.,0,0,0
WBGene00171343.,0,0,0
WBGene00171344.,0,0,0
WBGene00171345.,0,0,0
WBGene00171346.,0,0,0
WBGene00171347.,0,5,5
WBGene00171348.,0,0,0
WBGene00171349.,0,0,0
WBGene00171350.,0,0,0
WBGene00171351.,0,0,0
WBGene00171352.,0,0,0
WBGene00171353.,0,0,0
WBGene00171354.,0,0,0
WBGene00171355.,0,0,0
WBGene00171356.,0,0,0
WBGene00171357.,0,0,0
WBGene00171358.,0,0,0
WBGene00171359.,0,4,4
WBGene00171360.,0,0,0
WBGene00171361.,0,0,0
WBGene00171362.,0,0,0
WBGene00171363.,0,0,0
WBGene00171364.,0,3,3
WBGene00171365.,0,0,0
WBGene00171366.,0,0,0
WBGene00171367.,0,0,0
WBGene00171368.,0,0,0
WBGene00171369.,0,0,0
WBGene00171370.,0,0,0
WBGene00171371.,0,0,0
WBGene00171372.,0,0,0
WBGene00171373.,0,0,0
WBGene00171374.,0,0,0
WBGene00171375.,0,3,3
WBGene00171376.,0,0,0
WBGene00171377.,0,0,0
WBGene00171378.,0,0,0
WBGene00171379.,0,0,0
WBGene00171380.,0,0,0
WBGene00171381.,0,0,0
WBGene00171382.,0,0,0
WBGene00171383.,0,0,0
WBGene00171384.,0,0,0
WBGene00171385.,0,0,0
WBGene00171386.,0,0,0
WBGene00171387.,0,0,0
WBGene00171388.,0,0,0
WBGene00171389.,0,0,0
WBGene00171390.,0,0,0
WBGene00171391.,0,0,0
WBGene00171392.,0,0,0
WBGene00171393.,0,0,0
WBGene00171394.,0,0,0
WBGene00171395.,0,0,0
WBGene00171396.,0,0,0
WBGene00171397.,0,0,0
WBGene00171398.,0,0,0
WBGene00171399.,0,0,0
WBGene00171400.,0,0,0
WBGene00171401.,0,0,0
WBGene00171402.,0,0,0
WBGene00171403.,0,0,0
WBGene00171404.,0,0,0
WBGene00171405.,0,0,0
WBGene00171406.,0,0,0
WBGene00171407.,0,0,0
WBGene00171408.,0,0,0
WBGene00171409.,0,0,0
WBGene00171410.,0,0,0
WBGene00171411.,0,1,1
WBGene00171412.,0,2,2
WBGene00171413.,0,0,0
WBGene00171414.,0,2,2
WBGene00171415.,0,0,0
WBGene00171416.,0,0,0
WBGene00171417.,0,0,0
WBGene00171418.,0,0,0
WBGene00171419.,0,0,0
WBGene00171420.,0,0,0
WBGene00171421.,0,0,0
WBGene00171422.,0,0,0
WBGene00171423.,0,4,4
WBGene00171424.,0,0,0
WBGene00171425.,0,0,0
WBGene00171426.,0,0,0
WBGene00171427.,0,0,0
WBGene00171428.,0,4,4
WBGene00171429.,0,0,0
WBGene00171430.,0,0,0
WBGene00171431.,0,0,0
WBGene00171432.,0,0,0
WBGene00171433.,0,0,0
WBGene00171434.,0,0,0
WBGene00171435.,0,0,0
WBGene00171436.,0,0,0
WBGene00171437.,0,0,0
WBGene00171438.,0,0,0
WBGene00171439.,0,0,0
WBGene00171440.,0,0,0
WBGene00171441.,0,0,0
WBGene00171442.,0,0,0
WBGene00171443.,0,0,0
WBGene00171444.,0,0,0
WBGene00171445.,0,0,0
WBGene00171446.,0,0,0
WBGene00171447.,0,0,0
WBGene00171448.,0,0,0
WBGene00171449.,0,0,0
WBGene00171450.,0,0,0
WBGene00171451.,0,1,1
WBGene00171452.,0,0,0
WBGene00171453.,0,0,0
WBGene00171454.,0,0,0
WBGene00171455.,0,0,0
WBGene00171456.,0,4,4
WBGene00171457.,0,0,0
WBGene00171458.,0,0,0
WBGene00171459.,0,0,0
WBGene00171460.,0,0,0
WBGene00171461.,0,1,1
WBGene00171462.,0,0,0
WBGene00171463.,0,0,0
WBGene00171464.,0,1,1
WBGene00171465.,0,0,0
WBGene00171466.,0,0,0
WBGene00171467.,0,0,0
WBGene00171468.,0,0,0
WBGene00171469.,0,0,0
WBGene00171470.,0,18,18
WBGene00171471.,0,0,0
WBGene00171472.,0,0,0
WBGene00171473.,0,2,2
WBGene00171474.,0,1,1
WBGene00171475.,0,0,0
WBGene00171476.,0,0,0
WBGene00171477.,0,0,0
WBGene00171478.,0,1,1
WBGene00171479.,0,0,0
WBGene00171480.,0,0,0
WBGene00171481.,0,0,0
WBGene00171482.,0,0,0
WBGene00171483.,0,0,0
WBGene00171484.,0,1,1
WBGene00171485.,0,0,0
WBGene00171486.,0,0,0
WBGene00171487.,0,0,0
WBGene00171488.,0,0,0
WBGene00171489.,0,0,0
WBGene00171490.,0,0,0
WBGene00171491.,0,0,0
WBGene00171492.,0,0,0
WBGene00171493.,0,0,0
WBGene00171494.,0,0,0
WBGene00171495.,0,0,0
WBGene00171496.,0,0,0
WBGene00171497.,0,0,0
WBGene00171498.,0,0,0
WBGene00171499.,0,0,0
WBGene00171500.,0,0,0
WBGene00171501.,0,0,0
WBGene00171502.,0,0,0
WBGene00171503.,0,0,0
WBGene00171504.,0,0,0
WBGene00171505.,0,0,0
WBGene00171506.,0,0,0
WBGene00171507.,0,0,0
WBGene00171508.,0,0,0
WBGene00171509.,0,0,0
WBGene00171510.,0,0,0
WBGene00171511.,0,0,0
WBGene00171512.,0,0,0
WBGene00171513.,0,0,0
WBGene00171514.,0,0,0
WBGene00171515.,0,0,0
WBGene00171516.,0,0,0
WBGene00171517.,0,0,0
WBGene00171518.,0,0,0
WBGene00171519.,0,0,0
WBGene00171520.,0,0,0
WBGene00171521.,0,0,0
WBGene00171522.,0,0,0
WBGene00171523.,0,0,0
WBGene00171524.,0,0,0
WBGene00171525.,0,2,2
WBGene00171526.,0,1,1
WBGene00171527.,0,0,0
WBGene00171528.,0,0,0
WBGene00171529.,0,1,1
WBGene00171530.,0,0,0
WBGene00171531.,0,0,0
WBGene00171532.,0,0,0
WBGene00171533.,0,0,0
WBGene00171534.,0,0,0
WBGene00171535.,0,0,0
WBGene00171536.,0,0,0
WBGene00171537.,0,0,0
WBGene00171538.,0,0,0
WBGene00171539.,0,0,0
WBGene00171540.,0,0,0
WBGene00171541.,0,0,0
WBGene00171542.,0,0,0
WBGene00171543.,0,0,0
WBGene00171544.,0,0,0
WBGene00171545.,0,0,0
WBGene00171546.,0,0,0
WBGene00171547.,0,0,0
WBGene00171548.,0,0,0
WBGene00171549.,0,0,0
WBGene00171550.,0,0,0
WBGene00171551.,0,0,0
WBGene00171552.,0,0,0
WBGene00171553.,0,0,0
WBGene00171554.,0,0,0
WBGene00171555.,0,0,0
WBGene00171556.,0,0,0
WBGene00171557.,0,0,0
WBGene00171558.,0,0,0
WBGene00171559.,0,0,0
WBGene00171560.,0,0,0
WBGene00171561.,0,0,0
WBGene00171562.,0,0,0
WBGene00171563.,0,0,0
WBGene00171564.,0,0,0
WBGene00171565.,0,0,0
WBGene00171566.,0,0,0
WBGene00171567.,0,0,0
WBGene00171568.,0,26,26
WBGene00171569.,0,0,0
WBGene00171570.,0,0,0
WBGene00171571.,0,0,0
WBGene00171572.,0,0,0
WBGene00171573.,0,0,0
WBGene00171574.,0,0,0
WBGene00171575.,0,0,0
WBGene00171576.,0,0,0
WBGene00171577.,0,0,0
WBGene00171578.,0,0,0
WBGene00171579.,0,0,0
WBGene00171580.,0,0,0
WBGene00171581.,0,0,0
WBGene00171582.,0,0,0
WBGene00171583.,0,0,0
WBGene00171584.,0,0,0
WBGene00171585.,0,0,0
WBGene00171586.,0,0,0
WBGene00171587.,0,5,5
WBGene00171588.,0,0,0
WBGene00171589.,0,0,0
WBGene00171590.,0,0,0
WBGene00171591.,0,0,0
WBGene00171592.,0,0,0
WBGene00171593.,0,0,0
WBGene00171594.,0,0,0
WBGene00171595.,0,0,0
WBGene00171596.,0,0,0
WBGene00171597.,0,1,1
WBGene00171598.,0,0,0
WBGene00171599.,0,0,0
WBGene00171600.,0,0,0
WBGene00171601.,0,0,0
WBGene00171602.,0,0,0
WBGene00171603.,0,0,0
WBGene00171604.,0,0,0
WBGene00171605.,0,0,0
WBGene00171606.,0,0,0
WBGene00171607.,0,0,0
WBGene00171608.,0,1,1
WBGene00171609.,0,0,0
WBGene00171610.,0,0,0
WBGene00171611.,0,0,0
WBGene00171612.,0,0,0
WBGene00171613.,0,0,0
WBGene00171614.,0,0,0
WBGene00171615.,0,0,0
WBGene00171616.,0,0,0
WBGene00171617.,0,1,1
WBGene00171618.,0,0,0
WBGene00171619.,0,0,0
WBGene00171620.,0,0,0
WBGene00171621.,0,0,0
WBGene00171622.,0,0,0
WBGene00171623.,0,1,1
WBGene00171624.,0,0,0
WBGene00171625.,0,0,0
WBGene00171626.,0,0,0
WBGene00171627.,0,0,0
WBGene00171628.,0,0,0
WBGene00171629.,0,0,0
WBGene00171630.,0,0,0
WBGene00171631.,0,0,0
WBGene00171632.,0,0,0
WBGene00171633.,0,0,0
WBGene00171634.,0,0,0
WBGene00171635.,0,0,0
WBGene00171636.,0,0,0
WBGene00171637.,0,0,0
WBGene00171638.,0,0,0
WBGene00171639.,0,0,0
WBGene00171640.,0,0,0
WBGene00171641.,0,0,0
WBGene00171642.,0,0,0
WBGene00171643.,0,0,0
WBGene00171644.,0,0,0
WBGene00171645.,0,0,0
WBGene00171646.,0,0,0
WBGene00171647.,0,0,0
WBGene00171648.,0,0,0
WBGene00171649.,0,0,0
WBGene00171650.,0,0,0
WBGene00171651.,0,0,0
WBGene00171652.,0,0,0
WBGene00171653.,0,0,0
WBGene00171654.,0,0,0
WBGene00171655.,0,0,0
WBGene00171656.,0,0,0
WBGene00171657.,0,0,0
WBGene00171658.,0,0,0
WBGene00171659.,0,0,0
WBGene00171660.,0,0,0
WBGene00171661.,0,0,0
WBGene00171662.,0,0,0
WBGene00171663.,0,0,0
WBGene00171664.,0,0,0
WBGene00171665.,0,0,0
WBGene00171666.,0,0,0
WBGene00171667.,0,1,1
WBGene00171668.,0,0,0
WBGene00171669.,0,0,0
WBGene00171670.,0,0,0
WBGene00171671.,0,0,0
WBGene00171672.,0,0,0
WBGene00171673.,0,0,0
WBGene00171674.,0,0,0
WBGene00171675.,0,1,1
WBGene00171676.,0,3,3
WBGene00171677.,0,0,0
WBGene00171678.,0,0,0
WBGene00171679.,0,0,0
WBGene00171680.,0,0,0
WBGene00171681.,0,1,1
WBGene00171682.,0,0,0
WBGene00171683.,0,0,0
WBGene00171684.,0,0,0
WBGene00171685.,0,0,0
WBGene00171686.,0,0,0
WBGene00171687.,0,0,0
WBGene00171688.,0,0,0
WBGene00171689.,0,0,0
WBGene00171690.,0,0,0
WBGene00171691.,0,0,0
WBGene00171692.,0,0,0
WBGene00171693.,0,0,0
WBGene00171694.,0,1,1
WBGene00171695.,0,0,0
WBGene00171696.,0,0,0
WBGene00171697.,0,0,0
WBGene00171698.,0,0,0
WBGene00171699.,0,1,1
WBGene00171700.,0,0,0
WBGene00171701.,0,0,0
WBGene00171702.,0,0,0
WBGene00171703.,0,1,1
WBGene00171704.,0,0,0
WBGene00171705.,0,0,0
WBGene00171706.,0,0,0
WBGene00171707.,0,0,0
WBGene00171708.,0,0,0
WBGene00171709.,0,0,0
WBGene00171710.,0,0,0
WBGene00171712.,0,0,0
WBGene00171713.,0,0,0
WBGene00171714.,0,0,0
WBGene00171715.,0,0,0
WBGene00171716.,0,0,0
WBGene00171717.,0,0,0
WBGene00171718.,0,1,1
WBGene00171719.,0,1,1
WBGene00171720.,0,0,0
WBGene00171721.,0,0,0
WBGene00171722.,0,0,0
WBGene00171723.,0,0,0
WBGene00171724.,0,0,0
WBGene00171725.,0,0,0
WBGene00171726.,0,0,0
WBGene00171727.,0,0,0
WBGene00171728.,0,0,0
WBGene00171729.,0,0,0
WBGene00171730.,0,0,0
WBGene00171731.,0,0,0
WBGene00171732.,0,0,0
WBGene00171733.,0,0,0
WBGene00171734.,0,0,0
WBGene00171735.,0,0,0
WBGene00171736.,0,0,0
WBGene00171737.,0,0,0
WBGene00171738.,0,0,0
WBGene00171739.,0,0,0
WBGene00171740.,0,0,0
WBGene00171741.,0,0,0
WBGene00171742.,0,0,0
WBGene00171743.,0,0,0
WBGene00171744.,0,0,0
WBGene00171745.,0,0,0
WBGene00171746.,0,0,0
WBGene00171747.,0,0,0
WBGene00171748.,0,0,0
WBGene00171749.,0,0,0
WBGene00171750.,0,0,0
WBGene00171751.,0,0,0
WBGene00171752.,0,0,0
WBGene00171753.,0,0,0
WBGene00171754.,0,7,7
WBGene00171755.,0,0,0
WBGene00171756.,0,0,0
WBGene00171757.,0,0,0
WBGene00171758.,0,0,0
WBGene00171759.,0,0,0
WBGene00171760.,0,0,0
WBGene00171761.,0,0,0
WBGene00171762.,0,0,0
WBGene00171763.,0,0,0
WBGene00171764.,0,0,0
WBGene00171765.,0,3,3
WBGene00171766.,0,0,0
WBGene00171767.,0,0,0
WBGene00171768.,0,0,0
WBGene00171769.,0,0,0
WBGene00171770.,0,0,0
WBGene00171771.,0,0,0
WBGene00171772.,0,0,0
WBGene00171773.,0,0,0
WBGene00171774.,0,0,0
WBGene00171775.,0,0,0
WBGene00171776.,0,0,0
WBGene00171777.,0,0,0
WBGene00171778.,0,0,0
WBGene00171779.,0,0,0
WBGene00171780.,0,0,0
WBGene00171781.,0,0,0
WBGene00171782.,0,0,0
WBGene00171783.,0,0,0
WBGene00171784.,0,0,0
WBGene00171785.,0,0,0
WBGene00171786.,0,1,1
WBGene00171787.,0,0,0
WBGene00171788.,0,0,0
WBGene00171789.,0,0,0
WBGene00171790.,0,0,0
WBGene00171791.,0,0,0
WBGene00171792.,0,0,0
WBGene00171793.,0,0,0
WBGene00171794.,0,0,0
WBGene00171795.,0,0,0
WBGene00171796.,0,0,0
WBGene00171797.,0,0,0
WBGene00171798.,0,0,0
WBGene00171799.,0,2,2
WBGene00171800.,0,1,1
WBGene00171801.,0,0,0
WBGene00171802.,0,0,0
WBGene00171803.,0,0,0
WBGene00171804.,0,0,0
WBGene00171805.,0,0,0
WBGene00171806.,0,0,0
WBGene00171807.,0,0,0
WBGene00171809.,0,0,0
WBGene00171810.,0,0,0
WBGene00171811.,0,0,0
WBGene00171812.,0,0,0
WBGene00171813.,0,0,0
WBGene00171814.,0,0,0
WBGene00171815.,0,0,0
WBGene00171816.,0,0,0
WBGene00171817.,0,0,0
WBGene00171818.,0,0,0
WBGene00171819.,0,0,0
WBGene00171820.,0,0,0
WBGene00171821.,0,0,0
WBGene00171822.,0,0,0
WBGene00171823.,0,0,0
WBGene00171824.,0,0,0
WBGene00171825.,0,0,0
WBGene00171826.,0,0,0
WBGene00171827.,0,0,0
WBGene00171828.,0,0,0
WBGene00171829.,0,0,0
WBGene00171830.,0,0,0
WBGene00171831.,0,0,0
WBGene00171832.,0,0,0
WBGene00171833.,0,0,0
WBGene00171834.,0,0,0
WBGene00171835.,0,0,0
WBGene00171836.,0,0,0
WBGene00171837.,0,0,0
WBGene00171838.,0,1,1
WBGene00171839.,0,0,0
WBGene00171840.,0,0,0
WBGene00171841.,0,0,0
WBGene00171842.,0,0,0
WBGene00171843.,0,0,0
WBGene00171844.,0,0,0
WBGene00171845.,0,0,0
WBGene00171846.,0,0,0
WBGene00171847.,0,0,0
WBGene00171848.,0,0,0
WBGene00171849.,0,0,0
WBGene00171850.,0,0,0
WBGene00171851.,0,0,0
WBGene00171852.,0,0,0
WBGene00171853.,0,0,0
WBGene00171854.,0,0,0
WBGene00171855.,0,0,0
WBGene00171856.,0,0,0
WBGene00171857.,0,0,0
WBGene00171858.,0,0,0
WBGene00171859.,0,0,0
WBGene00171860.,0,0,0
WBGene00171861.,0,0,0
WBGene00171862.,0,0,0
WBGene00171863.,0,0,0
WBGene00171864.,0,0,0
WBGene00171865.,0,0,0
WBGene00171866.,0,1,1
WBGene00171867.,0,0,0
WBGene00171868.,0,0,0
WBGene00171869.,0,0,0
WBGene00171870.,0,0,0
WBGene00171871.,0,0,0
WBGene00171872.,0,0,0
WBGene00171873.,0,0,0
WBGene00171875.,0,0,0
WBGene00171876.,0,2,2
WBGene00171877.,0,0,0
WBGene00171878.,0,0,0
WBGene00171879.,0,0,0
WBGene00171880.,0,0,0
WBGene00171881.,0,0,0
WBGene00171882.,0,0,0
WBGene00171883.,0,0,0
WBGene00171884.,0,0,0
WBGene00171885.,0,0,0
WBGene00171886.,0,0,0
WBGene00171887.,0,0,0
WBGene00171888.,0,0,0
WBGene00171889.,0,0,0
WBGene00171890.,0,0,0
WBGene00171891.,0,0,0
WBGene00171892.,0,2,2
WBGene00171893.,0,0,0
WBGene00171894.,0,0,0
WBGene00171895.,0,3,3
WBGene00171896.,0,0,0
WBGene00171897.,0,0,0
WBGene00171898.,0,0,0
WBGene00171899.,0,0,0
WBGene00171900.,0,0,0
WBGene00171901.,0,0,0
WBGene00171902.,0,0,0
WBGene00171903.,0,1,1
WBGene00171904.,0,0,0
WBGene00171905.,0,0,0
WBGene00171906.,0,0,0
WBGene00171907.,0,3,3
WBGene00171908.,0,0,0
WBGene00171909.,0,0,0
WBGene00171910.,0,0,0
WBGene00171911.,0,0,0
WBGene00171912.,0,0,0
WBGene00171913.,0,0,0
WBGene00171914.,0,0,0
WBGene00171915.,0,0,0
WBGene00171916.,0,0,0
WBGene00171917.,0,0,0
WBGene00171918.,0,0,0
WBGene00171919.,0,0,0
WBGene00171920.,0,0,0
WBGene00171921.,0,0,0
WBGene00171922.,0,0,0
WBGene00171923.,0,2,2
WBGene00171924.,0,2,2
WBGene00171925.,0,0,0
WBGene00171926.,0,0,0
WBGene00171927.,0,0,0
WBGene00171928.,0,0,0
WBGene00171929.,0,0,0
WBGene00171930.,0,0,0
WBGene00171931.,0,0,0
WBGene00171932.,0,1,1
WBGene00171933.,0,0,0
WBGene00171934.,0,0,0
WBGene00171935.,0,0,0
WBGene00171936.,0,0,0
WBGene00171937.,0,0,0
WBGene00171938.,0,0,0
WBGene00171939.,0,0,0
WBGene00171940.,0,1,1
WBGene00171941.,0,0,0
WBGene00171942.,0,0,0
WBGene00171943.,0,0,0
WBGene00171944.,0,0,0
WBGene00171945.,0,0,0
WBGene00171946.,0,1,1
WBGene00171947.,0,0,0
WBGene00171948.,0,0,0
WBGene00171949.,0,0,0
WBGene00171950.,0,0,0
WBGene00171951.,0,0,0
WBGene00171952.,0,0,0
WBGene00171953.,0,0,0
WBGene00171954.,0,0,0
WBGene00171955.,0,0,0
WBGene00171956.,0,0,0
WBGene00171957.,0,0,0
WBGene00171958.,0,0,0
WBGene00171959.,0,0,0
WBGene00171960.,0,0,0
WBGene00171961.,0,0,0
WBGene00171962.,0,0,0
WBGene00171963.,0,0,0
WBGene00171964.,0,0,0
WBGene00171965.,0,0,0
WBGene00171966.,0,0,0
WBGene00171967.,0,0,0
WBGene00171968.,0,0,0
WBGene00171969.,0,0,0
WBGene00171970.,0,0,0
WBGene00171971.,0,0,0
WBGene00171972.,0,0,0
WBGene00171973.,0,0,0
WBGene00171974.,0,0,0
WBGene00171975.,0,0,0
WBGene00171976.,0,0,0
WBGene00171977.,0,0,0
WBGene00171978.,0,2,2
WBGene00171979.,0,0,0
WBGene00171980.,0,0,0
WBGene00171981.,0,0,0
WBGene00171982.,0,0,0
WBGene00171983.,0,0,0
WBGene00171984.,0,0,0
WBGene00171985.,0,0,0
WBGene00171986.,0,0,0
WBGene00171987.,0,0,0
WBGene00171988.,0,0,0
WBGene00171989.,0,0,0
WBGene00171990.,0,0,0
WBGene00171991.,0,0,0
WBGene00171992.,0,0,0
WBGene00171993.,0,0,0
WBGene00171994.,0,0,0
WBGene00171995.,0,0,0
WBGene00171996.,0,0,0
WBGene00171997.,0,0,0
WBGene00171998.,0,0,0
WBGene00171999.,0,0,0
WBGene00172000.,0,0,0
WBGene00172001.,0,0,0
WBGene00172002.,0,0,0
WBGene00172003.,0,0,0
WBGene00172004.,0,0,0
WBGene00172006.,0,0,0
WBGene00172007.,0,0,0
WBGene00172008.,0,0,0
WBGene00172009.,0,0,0
WBGene00172010.,0,0,0
WBGene00172011.,0,0,0
WBGene00172012.,0,0,0
WBGene00172013.,0,0,0
WBGene00172014.,0,0,0
WBGene00172015.,0,0,0
WBGene00172016.,0,20,20
WBGene00172017.,0,0,0
WBGene00172018.,0,0,0
WBGene00172019.,0,4,4
WBGene00172020.,0,0,0
WBGene00172021.,0,0,0
WBGene00172022.,0,0,0
WBGene00172023.,0,0,0
WBGene00172024.,0,0,0
WBGene00172025.,0,0,0
WBGene00172026.,0,0,0
WBGene00172027.,0,0,0
WBGene00172028.,0,0,0
WBGene00172029.,0,0,0
WBGene00172030.,0,0,0
WBGene00172031.,0,0,0
WBGene00172032.,0,0,0
WBGene00172033.,0,0,0
WBGene00172034.,0,0,0
WBGene00172035.,0,0,0
WBGene00172036.,0,0,0
WBGene00172037.,0,1,1
WBGene00172038.,0,0,0
WBGene00172039.,0,0,0
WBGene00172040.,0,0,0
WBGene00172041.,0,0,0
WBGene00172042.,0,0,0
WBGene00172043.,0,0,0
WBGene00172044.,0,0,0
WBGene00172045.,0,0,0
WBGene00172046.,0,0,0
WBGene00172047.,0,0,0
WBGene00172048.,0,0,0
WBGene00172049.,0,0,0
WBGene00172050.,0,0,0
WBGene00172051.,0,0,0
WBGene00172052.,0,0,0
WBGene00172053.,0,0,0
WBGene00172054.,0,0,0
WBGene00172055.,0,0,0
WBGene00172056.,0,1,1
WBGene00172057.,0,0,0
WBGene00172058.,0,0,0
WBGene00172059.,0,0,0
WBGene00172060.,0,0,0
WBGene00172061.,0,0,0
WBGene00172062.,0,0,0
WBGene00172063.,0,0,0
WBGene00172064.,0,0,0
WBGene00172065.,0,0,0
WBGene00172066.,0,0,0
WBGene00172067.,0,0,0
WBGene00172068.,0,0,0
WBGene00172069.,0,0,0
WBGene00172070.,0,0,0
WBGene00172071.,0,0,0
WBGene00172072.,0,2,2
WBGene00172073.,0,2,2
WBGene00172074.,0,0,0
WBGene00172075.,0,0,0
WBGene00172076.,0,0,0
WBGene00172077.,0,0,0
WBGene00172078.,0,0,0
WBGene00172079.,0,0,0
WBGene00172080.,0,0,0
WBGene00172081.,0,0,0
WBGene00172082.,0,0,0
WBGene00172083.,0,0,0
WBGene00172084.,0,0,0
WBGene00172085.,0,0,0
WBGene00172086.,0,0,0
WBGene00172087.,0,0,0
WBGene00172088.,0,0,0
WBGene00172089.,0,0,0
WBGene00172090.,0,0,0
WBGene00172091.,0,0,0
WBGene00172092.,0,0,0
WBGene00172093.,0,0,0
WBGene00172094.,0,0,0
WBGene00172095.,0,0,0
WBGene00172096.,0,0,0
WBGene00172097.,0,0,0
WBGene00172098.,0,0,0
WBGene00172099.,0,0,0
WBGene00172100.,0,0,0
WBGene00172101.,0,0,0
WBGene00172102.,0,0,0
WBGene00172103.,0,0,0
WBGene00172104.,0,0,0
WBGene00172105.,0,0,0
WBGene00172106.,0,0,0
WBGene00172107.,0,3,3
WBGene00172108.,0,0,0
WBGene00172109.,0,0,0
WBGene00172110.,0,0,0
WBGene00172111.,0,0,0
WBGene00172112.,0,0,0
WBGene00172113.,0,0,0
WBGene00172114.,0,0,0
WBGene00172115.,0,0,0
WBGene00172116.,0,0,0
WBGene00172117.,0,0,0
WBGene00172118.,0,0,0
WBGene00172119.,0,0,0
WBGene00172120.,0,0,0
WBGene00172121.,0,0,0
WBGene00172122.,0,0,0
WBGene00172123.,0,0,0
WBGene00172124.,0,0,0
WBGene00172125.,0,0,0
WBGene00172126.,0,0,0
WBGene00172127.,0,0,0
WBGene00172128.,0,0,0
WBGene00172129.,0,0,0
WBGene00172130.,0,0,0
WBGene00172131.,0,0,0
WBGene00172132.,0,1,1
WBGene00172133.,0,0,0
WBGene00172134.,0,0,0
WBGene00172135.,0,0,0
WBGene00172136.,0,0,0
WBGene00172137.,0,0,0
WBGene00172138.,0,0,0
WBGene00172139.,0,0,0
WBGene00172140.,0,0,0
WBGene00172141.,0,0,0
WBGene00172142.,0,0,0
WBGene00172143.,0,0,0
WBGene00172144.,0,0,0
WBGene00172145.,0,0,0
WBGene00172146.,0,0,0
WBGene00172147.,0,0,0
WBGene00172148.,0,0,0
WBGene00172149.,0,0,0
WBGene00172150.,0,0,0
WBGene00172151.,0,0,0
WBGene00172152.,0,0,0
WBGene00172153.,0,0,0
WBGene00172154.,0,4,4
WBGene00172155.,0,0,0
WBGene00172156.,0,0,0
WBGene00172157.,0,0,0
WBGene00172158.,0,0,0
WBGene00172159.,0,0,0
WBGene00172160.,0,0,0
WBGene00172161.,0,1,1
WBGene00172162.,0,0,0
WBGene00172163.,0,0,0
WBGene00172164.,0,0,0
WBGene00172165.,0,0,0
WBGene00172166.,0,0,0
WBGene00172167.,0,0,0
WBGene00172168.,0,0,0
WBGene00172169.,0,4,4
WBGene00172170.,0,0,0
WBGene00172171.,0,0,0
WBGene00172172.,0,0,0
WBGene00172173.,0,0,0
WBGene00172174.,0,15,15
WBGene00172175.,0,0,0
WBGene00172176.,0,0,0
WBGene00172177.,0,0,0
WBGene00172178.,0,0,0
WBGene00172179.,0,0,0
WBGene00172180.,0,0,0
WBGene00172181.,0,0,0
WBGene00172182.,0,0,0
WBGene00172183.,0,0,0
WBGene00172184.,0,0,0
WBGene00172185.,0,2,2
WBGene00172186.,0,0,0
WBGene00172187.,0,0,0
WBGene00172188.,0,0,0
WBGene00172189.,0,0,0
WBGene00172190.,0,0,0
WBGene00172191.,0,0,0
WBGene00172192.,0,1,1
WBGene00172193.,0,0,0
WBGene00172194.,0,0,0
WBGene00172195.,0,0,0
WBGene00172196.,0,0,0
WBGene00172197.,0,0,0
WBGene00172198.,0,0,0
WBGene00172199.,0,0,0
WBGene00172200.,0,0,0
WBGene00172201.,0,0,0
WBGene00172202.,0,0,0
WBGene00172203.,0,0,0
WBGene00172204.,0,0,0
WBGene00172205.,0,0,0
WBGene00172206.,0,0,0
WBGene00172207.,0,0,0
WBGene00172208.,0,0,0
WBGene00172209.,0,0,0
WBGene00172210.,0,0,0
WBGene00172211.,0,0,0
WBGene00172212.,0,0,0
WBGene00172213.,0,0,0
WBGene00172214.,0,1,1
WBGene00172215.,0,0,0
WBGene00172216.,0,0,0
WBGene00172217.,0,0,0
WBGene00172218.,0,0,0
WBGene00172219.,0,0,0
WBGene00172220.,0,0,0
WBGene00172221.,0,0,0
WBGene00172222.,0,0,0
WBGene00172223.,0,0,0
WBGene00172224.,0,0,0
WBGene00172225.,0,0,0
WBGene00172226.,0,0,0
WBGene00172227.,0,0,0
WBGene00172228.,0,0,0
WBGene00172229.,0,0,0
WBGene00172230.,0,2,2
WBGene00172231.,0,0,0
WBGene00172232.,0,0,0
WBGene00172233.,0,0,0
WBGene00172234.,0,0,0
WBGene00172235.,0,0,0
WBGene00172236.,0,0,0
WBGene00172237.,0,0,0
WBGene00172238.,0,0,0
WBGene00172239.,0,0,0
WBGene00172240.,0,0,0
WBGene00172241.,0,0,0
WBGene00172242.,0,0,0
WBGene00172243.,0,0,0
WBGene00172244.,0,0,0
WBGene00172245.,0,0,0
WBGene00172246.,0,0,0
WBGene00172247.,0,0,0
WBGene00172248.,0,0,0
WBGene00172249.,0,0,0
WBGene00172250.,0,0,0
WBGene00172251.,0,0,0
WBGene00172252.,0,0,0
WBGene00172253.,0,0,0
WBGene00172254.,0,0,0
WBGene00172255.,0,1,1
WBGene00172256.,0,0,0
WBGene00172257.,0,0,0
WBGene00172258.,0,0,0
WBGene00172259.,0,0,0
WBGene00172260.,0,0,0
WBGene00172261.,0,1,1
WBGene00172262.,0,0,0
WBGene00172263.,0,0,0
WBGene00172264.,0,0,0
WBGene00172265.,0,0,0
WBGene00172266.,0,0,0
WBGene00172267.,0,0,0
WBGene00172268.,0,0,0
WBGene00172269.,0,0,0
WBGene00172270.,0,0,0
WBGene00172271.,0,11,11
WBGene00172272.,0,0,0
WBGene00172273.,0,0,0
WBGene00172274.,0,0,0
WBGene00172275.,0,0,0
WBGene00172276.,0,0,0
WBGene00172277.,0,0,0
WBGene00172278.,0,0,0
WBGene00172279.,0,0,0
WBGene00172280.,0,0,0
WBGene00172281.,0,0,0
WBGene00172282.,0,0,0
WBGene00172283.,0,0,0
WBGene00172284.,0,1,1
WBGene00172285.,0,0,0
WBGene00172286.,0,0,0
WBGene00172287.,0,1,1
WBGene00172288.,0,0,0
WBGene00172289.,0,0,0
WBGene00172290.,0,0,0
WBGene00172291.,0,0,0
WBGene00172292.,0,0,0
WBGene00172293.,0,0,0
WBGene00172294.,0,0,0
WBGene00172295.,0,0,0
WBGene00172296.,0,0,0
WBGene00172297.,0,0,0
WBGene00172298.,0,0,0
WBGene00172299.,0,0,0
WBGene00172300.,0,0,0
WBGene00172301.,0,0,0
WBGene00172302.,0,0,0
WBGene00172303.,0,0,0
WBGene00172304.,0,0,0
WBGene00172305.,0,0,0
WBGene00172306.,0,0,0
WBGene00172307.,0,0,0
WBGene00172308.,0,0,0
WBGene00172309.,0,3,3
WBGene00172310.,0,0,0
WBGene00172311.,0,2,2
WBGene00172312.,0,0,0
WBGene00172313.,0,0,0
WBGene00172314.,0,0,0
WBGene00172315.,0,0,0
WBGene00172316.,0,0,0
WBGene00172317.,0,0,0
WBGene00172318.,0,0,0
WBGene00172319.,0,0,0
WBGene00172320.,0,0,0
WBGene00172321.,0,0,0
WBGene00172322.,0,0,0
WBGene00172323.,0,0,0
WBGene00172324.,0,0,0
WBGene00172325.,0,0,0
WBGene00172326.,0,0,0
WBGene00172327.,0,0,0
WBGene00172328.,0,0,0
WBGene00172329.,0,0,0
WBGene00172330.,0,0,0
WBGene00172331.,0,0,0
WBGene00172332.,0,0,0
WBGene00172333.,0,0,0
WBGene00172334.,0,0,0
WBGene00172335.,0,0,0
WBGene00172336.,0,0,0
WBGene00172337.,0,0,0
WBGene00172338.,0,0,0
WBGene00172339.,0,0,0
WBGene00172340.,0,6,6
WBGene00172341.,0,0,0
WBGene00172342.,0,0,0
WBGene00172343.,0,0,0
WBGene00172344.,0,0,0
WBGene00172345.,0,0,0
WBGene00172346.,0,0,0
WBGene00172347.,0,0,0
WBGene00172348.,0,0,0
WBGene00172349.,0,0,0
WBGene00172350.,0,0,0
WBGene00172351.,0,0,0
WBGene00172352.,0,0,0
WBGene00172353.,0,0,0
WBGene00172354.,0,0,0
WBGene00172355.,0,0,0
WBGene00172356.,0,0,0
WBGene00172357.,0,0,0
WBGene00172358.,0,0,0
WBGene00172359.,0,1,1
WBGene00172360.,0,0,0
WBGene00172361.,0,0,0
WBGene00172362.,0,0,0
WBGene00172363.,0,0,0
WBGene00172364.,0,0,0
WBGene00172365.,0,0,0
WBGene00172366.,0,0,0
WBGene00172367.,0,0,0
WBGene00172368.,0,0,0
WBGene00172369.,0,0,0
WBGene00172370.,0,0,0
WBGene00172371.,0,0,0
WBGene00172372.,0,1,1
WBGene00172373.,0,0,0
WBGene00172374.,0,0,0
WBGene00172375.,0,0,0
WBGene00172376.,0,0,0
WBGene00172377.,0,0,0
WBGene00172378.,0,0,0
WBGene00172379.,0,0,0
WBGene00172380.,0,0,0
WBGene00172381.,0,0,0
WBGene00172382.,0,0,0
WBGene00172383.,0,0,0
WBGene00172384.,0,0,0
WBGene00172385.,0,0,0
WBGene00172386.,0,0,0
WBGene00172387.,0,0,0
WBGene00172388.,0,0,0
WBGene00172389.,0,0,0
WBGene00172390.,0,2,2
WBGene00172391.,0,0,0
WBGene00172392.,0,0,0
WBGene00172393.,0,0,0
WBGene00172394.,0,1,1
WBGene00172395.,0,0,0
WBGene00172396.,0,0,0
WBGene00172397.,0,0,0
WBGene00172398.,0,0,0
WBGene00172399.,0,0,0
WBGene00172400.,0,0,0
WBGene00172401.,0,0,0
WBGene00172402.,0,0,0
WBGene00172403.,0,0,0
WBGene00172404.,0,0,0
WBGene00172405.,0,0,0
WBGene00172406.,0,0,0
WBGene00172407.,0,0,0
WBGene00172408.,0,0,0
WBGene00172409.,0,1,1
WBGene00172410.,0,0,0
WBGene00172411.,0,0,0
WBGene00172412.,0,0,0
WBGene00172413.,0,1,1
WBGene00172414.,0,0,0
WBGene00172415.,0,0,0
WBGene00172416.,0,0,0
WBGene00172417.,0,0,0
WBGene00172418.,0,0,0
WBGene00172419.,0,1,1
WBGene00172420.,0,0,0
WBGene00172421.,0,0,0
WBGene00172422.,0,0,0
WBGene00172423.,0,0,0
WBGene00172424.,0,0,0
WBGene00172425.,0,0,0
WBGene00172426.,0,2,2
WBGene00172427.,0,0,0
WBGene00172428.,0,0,0
WBGene00172429.,0,0,0
WBGene00172430.,0,0,0
WBGene00172431.,0,0,0
WBGene00172432.,0,0,0
WBGene00172433.,0,1,1
WBGene00172434.,0,0,0
WBGene00172435.,0,0,0
WBGene00172436.,0,2,2
WBGene00172437.,0,2,2
WBGene00172438.,0,0,0
WBGene00172439.,0,0,0
WBGene00172440.,0,0,0
WBGene00172441.,0,0,0
WBGene00172442.,0,0,0
WBGene00172443.,0,0,0
WBGene00172444.,0,2,2
WBGene00172445.,0,0,0
WBGene00172446.,0,0,0
WBGene00172447.,0,0,0
WBGene00172448.,0,0,0
WBGene00172449.,0,0,0
WBGene00172450.,0,0,0
WBGene00172451.,0,0,0
WBGene00172452.,0,0,0
WBGene00172453.,0,0,0
WBGene00172454.,0,0,0
WBGene00172455.,0,0,0
WBGene00172456.,0,0,0
WBGene00172457.,0,2,2
WBGene00172458.,0,0,0
WBGene00172459.,0,0,0
WBGene00172460.,0,1,1
WBGene00172462.,0,0,0
WBGene00172463.,0,0,0
WBGene00172464.,0,0,0
WBGene00172465.,0,0,0
WBGene00172466.,0,0,0
WBGene00172467.,0,0,0
WBGene00172468.,0,0,0
WBGene00172469.,0,0,0
WBGene00172470.,0,0,0
WBGene00172471.,0,0,0
WBGene00172472.,0,0,0
WBGene00172473.,0,0,0
WBGene00172474.,0,0,0
WBGene00172475.,0,1,1
WBGene00172476.,0,0,0
WBGene00172477.,0,2,2
WBGene00172478.,0,0,0
WBGene00172479.,0,0,0
WBGene00172480.,0,0,0
WBGene00172481.,0,0,0
WBGene00172482.,0,0,0
WBGene00172483.,0,0,0
WBGene00172484.,0,0,0
WBGene00172485.,0,0,0
WBGene00172486.,0,0,0
WBGene00172487.,0,0,0
WBGene00172488.,0,0,0
WBGene00172489.,0,0,0
WBGene00172490.,0,0,0
WBGene00172491.,0,0,0
WBGene00172492.,0,0,0
WBGene00172493.,0,1,1
WBGene00172494.,0,0,0
WBGene00172495.,0,0,0
WBGene00172496.,0,0,0
WBGene00172497.,0,0,0
WBGene00172498.,0,0,0
WBGene00172499.,0,0,0
WBGene00172500.,0,0,0
WBGene00172501.,0,0,0
WBGene00172502.,0,2,2
WBGene00172503.,0,0,0
WBGene00172504.,0,0,0
WBGene00172505.,0,0,0
WBGene00172506.,0,1,1
WBGene00172507.,0,0,0
WBGene00172508.,0,0,0
WBGene00172509.,0,0,0
WBGene00172510.,0,0,0
WBGene00172511.,0,0,0
WBGene00172512.,0,0,0
WBGene00172513.,0,0,0
WBGene00172514.,0,0,0
WBGene00172515.,0,1,1
WBGene00172516.,0,2,2
WBGene00172517.,0,0,0
WBGene00172518.,0,0,0
WBGene00172519.,0,0,0
WBGene00172520.,0,0,0
WBGene00172521.,0,0,0
WBGene00172522.,0,0,0
WBGene00172523.,0,0,0
WBGene00172524.,0,0,0
WBGene00172525.,0,0,0
WBGene00172526.,0,0,0
WBGene00172527.,0,0,0
WBGene00172528.,0,0,0
WBGene00172529.,0,0,0
WBGene00172530.,0,0,0
WBGene00172531.,0,0,0
WBGene00172532.,0,0,0
WBGene00172533.,0,0,0
WBGene00172534.,0,1,1
WBGene00172535.,0,0,0
WBGene00172536.,0,0,0
WBGene00172537.,0,0,0
WBGene00172538.,0,0,0
WBGene00172539.,0,0,0
WBGene00172540.,0,0,0
WBGene00172541.,0,0,0
WBGene00172542.,0,0,0
WBGene00172543.,0,0,0
WBGene00172544.,0,0,0
WBGene00172545.,0,0,0
WBGene00172546.,0,0,0
WBGene00172547.,0,0,0
WBGene00172548.,0,0,0
WBGene00172549.,0,1,1
WBGene00172550.,0,0,0
WBGene00172551.,0,0,0
WBGene00172552.,0,0,0
WBGene00172553.,0,0,0
WBGene00172554.,0,0,0
WBGene00172555.,0,0,0
WBGene00172556.,0,0,0
WBGene00172557.,0,0,0
WBGene00172558.,0,0,0
WBGene00172559.,0,0,0
WBGene00172560.,0,0,0
WBGene00172561.,0,0,0
WBGene00172562.,0,0,0
WBGene00172563.,0,0,0
WBGene00172564.,0,0,0
WBGene00172565.,0,0,0
WBGene00172566.,0,0,0
WBGene00172567.,0,0,0
WBGene00172568.,0,0,0
WBGene00172569.,0,0,0
WBGene00172570.,0,0,0
WBGene00172571.,0,3,3
WBGene00172572.,0,0,0
WBGene00172573.,0,0,0
WBGene00172574.,0,0,0
WBGene00172575.,0,0,0
WBGene00172576.,0,0,0
WBGene00172577.,0,0,0
WBGene00172578.,0,0,0
WBGene00172579.,0,0,0
WBGene00172580.,0,0,0
WBGene00172581.,0,0,0
WBGene00172582.,0,0,0
WBGene00172583.,0,0,0
WBGene00172584.,0,0,0
WBGene00172585.,0,0,0
WBGene00172586.,0,0,0
WBGene00172587.,0,0,0
WBGene00172588.,0,0,0
WBGene00172589.,0,0,0
WBGene00172590.,0,0,0
WBGene00172591.,0,0,0
WBGene00172592.,0,0,0
WBGene00172593.,0,0,0
WBGene00172594.,0,0,0
WBGene00172595.,0,0,0
WBGene00172596.,0,0,0
WBGene00172597.,0,0,0
WBGene00172598.,0,0,0
WBGene00172599.,0,0,0
WBGene00172600.,0,0,0
WBGene00172601.,0,0,0
WBGene00172602.,0,0,0
WBGene00172603.,0,1,1
WBGene00172604.,0,0,0
WBGene00172605.,0,0,0
WBGene00172606.,0,0,0
WBGene00172607.,0,2,2
WBGene00172608.,0,0,0
WBGene00172609.,0,0,0
WBGene00172610.,0,1,1
WBGene00172611.,0,0,0
WBGene00172612.,0,0,0
WBGene00172613.,0,0,0
WBGene00172614.,0,0,0
WBGene00172615.,0,0,0
WBGene00172616.,0,0,0
WBGene00172617.,0,1,1
WBGene00172618.,0,0,0
WBGene00172619.,0,8,8
WBGene00172620.,0,1,1
WBGene00172621.,0,1,1
WBGene00172622.,0,0,0
WBGene00172623.,0,0,0
WBGene00172624.,0,0,0
WBGene00172625.,0,0,0
WBGene00172626.,0,0,0
WBGene00172627.,0,0,0
WBGene00172628.,0,0,0
WBGene00172629.,0,0,0
WBGene00172630.,0,3,3
WBGene00172631.,0,0,0
WBGene00172632.,0,0,0
WBGene00172633.,0,0,0
WBGene00172634.,0,0,0
WBGene00172635.,0,0,0
WBGene00172636.,0,0,0
WBGene00172637.,0,0,0
WBGene00172638.,0,0,0
WBGene00172639.,0,0,0
WBGene00172640.,0,0,0
WBGene00172641.,0,0,0
WBGene00172642.,0,0,0
WBGene00172643.,0,0,0
WBGene00172644.,0,0,0
WBGene00172645.,0,0,0
WBGene00172646.,0,0,0
WBGene00172647.,0,0,0
WBGene00172648.,0,0,0
WBGene00172649.,0,0,0
WBGene00172650.,0,0,0
WBGene00172651.,0,0,0
WBGene00172652.,0,0,0
WBGene00172653.,0,0,0
WBGene00172654.,0,0,0
WBGene00172655.,0,0,0
WBGene00172656.,0,0,0
WBGene00172657.,0,0,0
WBGene00172658.,0,0,0
WBGene00172659.,0,0,0
WBGene00172660.,0,0,0
WBGene00172661.,0,0,0
WBGene00172662.,0,0,0
WBGene00172663.,0,0,0
WBGene00172664.,0,0,0
WBGene00172665.,0,0,0
WBGene00172666.,0,0,0
WBGene00172667.,0,0,0
WBGene00172668.,0,0,0
WBGene00172669.,0,0,0
WBGene00172670.,0,0,0
WBGene00172671.,0,0,0
WBGene00172672.,0,0,0
WBGene00172673.,0,0,0
WBGene00172674.,0,0,0
WBGene00172675.,0,0,0
WBGene00172676.,0,0,0
WBGene00172677.,0,0,0
WBGene00172678.,0,0,0
WBGene00172679.,0,0,0
WBGene00172680.,0,0,0
WBGene00172681.,0,0,0
WBGene00172682.,0,0,0
WBGene00172683.,0,0,0
WBGene00172684.,0,0,0
WBGene00172685.,0,0,0
WBGene00172686.,0,0,0
WBGene00172687.,0,0,0
WBGene00172688.,0,0,0
WBGene00172689.,0,0,0
WBGene00172690.,0,0,0
WBGene00172691.,0,0,0
WBGene00172692.,0,0,0
WBGene00172693.,0,0,0
WBGene00172694.,0,0,0
WBGene00172695.,0,0,0
WBGene00172696.,0,0,0
WBGene00172697.,0,0,0
WBGene00172698.,0,0,0
WBGene00172699.,0,0,0
WBGene00172700.,0,0,0
WBGene00172701.,0,0,0
WBGene00172702.,0,0,0
WBGene00172703.,0,0,0
WBGene00172704.,0,0,0
WBGene00172705.,0,0,0
WBGene00172706.,0,0,0
WBGene00172707.,0,0,0
WBGene00172708.,0,0,0
WBGene00172709.,0,0,0
WBGene00172710.,0,0,0
WBGene00172711.,0,0,0
WBGene00172712.,0,0,0
WBGene00172713.,0,0,0
WBGene00172714.,0,1,1
WBGene00172715.,0,0,0
WBGene00172716.,0,0,0
WBGene00172717.,0,0,0
WBGene00172718.,0,0,0
WBGene00172719.,0,0,0
WBGene00172720.,0,0,0
WBGene00172721.,0,0,0
WBGene00172722.,0,0,0
WBGene00172723.,0,1,1
WBGene00172724.,0,0,0
WBGene00172725.,0,0,0
WBGene00172726.,0,0,0
WBGene00172727.,0,0,0
WBGene00172728.,0,2,2
WBGene00172729.,0,0,0
WBGene00172730.,0,0,0
WBGene00172731.,0,0,0
WBGene00172732.,0,0,0
WBGene00172733.,0,0,0
WBGene00172734.,0,0,0
WBGene00172735.,0,0,0
WBGene00172736.,0,1,1
WBGene00172737.,0,0,0
WBGene00172738.,0,0,0
WBGene00172739.,0,0,0
WBGene00172740.,0,0,0
WBGene00172741.,0,0,0
WBGene00172742.,0,1,1
WBGene00172743.,0,3,3
WBGene00172744.,0,0,0
WBGene00172745.,0,0,0
WBGene00172746.,0,0,0
WBGene00172747.,0,0,0
WBGene00172748.,0,0,0
WBGene00172749.,0,0,0
WBGene00172750.,0,0,0
WBGene00172751.,0,0,0
WBGene00172752.,0,0,0
WBGene00172753.,0,0,0
WBGene00172754.,0,1,1
WBGene00172755.,0,2,2
WBGene00172756.,0,0,0
WBGene00172757.,0,0,0
WBGene00172758.,0,0,0
WBGene00172759.,0,0,0
WBGene00172760.,0,0,0
WBGene00172761.,0,0,0
WBGene00172762.,0,0,0
WBGene00172763.,0,0,0
WBGene00172764.,0,0,0
WBGene00172765.,0,0,0
WBGene00172766.,0,0,0
WBGene00172767.,0,0,0
WBGene00172768.,0,0,0
WBGene00172769.,0,0,0
WBGene00172770.,0,0,0
WBGene00172771.,0,0,0
WBGene00172772.,0,0,0
WBGene00172773.,0,0,0
WBGene00172774.,0,0,0
WBGene00172775.,0,0,0
WBGene00172776.,0,0,0
WBGene00172777.,0,0,0
WBGene00172778.,0,0,0
WBGene00172779.,0,0,0
WBGene00172780.,0,0,0
WBGene00172781.,0,0,0
WBGene00172782.,0,0,0
WBGene00172783.,0,0,0
WBGene00172784.,0,0,0
WBGene00172785.,0,0,0
WBGene00172786.,0,0,0
WBGene00172787.,0,0,0
WBGene00172788.,0,0,0
WBGene00172789.,0,0,0
WBGene00172790.,0,0,0
WBGene00172791.,0,0,0
WBGene00172792.,0,0,0
WBGene00172793.,0,0,0
WBGene00172794.,0,0,0
WBGene00172795.,0,0,0
WBGene00172796.,0,0,0
WBGene00172797.,0,0,0
WBGene00172798.,0,0,0
WBGene00172799.,0,0,0
WBGene00172800.,0,0,0
WBGene00172801.,0,0,0
WBGene00172802.,0,0,0
WBGene00172803.,0,0,0
WBGene00172804.,0,0,0
WBGene00172805.,0,0,0
WBGene00172806.,0,0,0
WBGene00172807.,0,0,0
WBGene00172808.,0,0,0
WBGene00172809.,0,0,0
WBGene00172810.,0,0,0
WBGene00172811.,0,0,0
WBGene00172812.,0,6,6
WBGene00172813.,0,0,0
WBGene00172814.,0,0,0
WBGene00172815.,0,0,0
WBGene00172816.,0,0,0
WBGene00172817.,0,0,0
WBGene00172818.,0,0,0
WBGene00172819.,0,0,0
WBGene00172820.,0,0,0
WBGene00172821.,0,0,0
WBGene00172822.,0,0,0
WBGene00172823.,0,0,0
WBGene00172824.,0,0,0
WBGene00172825.,0,0,0
WBGene00172826.,0,0,0
WBGene00172827.,0,1,1
WBGene00172828.,0,0,0
WBGene00172829.,0,0,0
WBGene00172830.,0,0,0
WBGene00172831.,0,0,0
WBGene00172832.,0,1,1
WBGene00172833.,0,0,0
WBGene00172834.,0,0,0
WBGene00172835.,0,0,0
WBGene00172836.,0,0,0
WBGene00172837.,0,0,0
WBGene00172838.,0,0,0
WBGene00172839.,0,0,0
WBGene00172840.,0,6,6
WBGene00172841.,0,0,0
WBGene00172842.,0,0,0
WBGene00172843.,0,0,0
WBGene00172844.,0,0,0
WBGene00172845.,0,0,0
WBGene00172846.,0,0,0
WBGene00172847.,0,0,0
WBGene00172848.,0,0,0
WBGene00172849.,0,0,0
WBGene00172850.,0,0,0
WBGene00172851.,0,0,0
WBGene00172852.,0,0,0
WBGene00172853.,0,0,0
WBGene00172854.,0,0,0
WBGene00172855.,0,0,0
WBGene00172856.,0,0,0
WBGene00172857.,0,0,0
WBGene00172858.,0,0,0
WBGene00172859.,0,0,0
WBGene00172860.,0,0,0
WBGene00172861.,0,4,4
WBGene00172862.,0,9,9
WBGene00172863.,0,0,0
WBGene00172864.,0,1,1
WBGene00172865.,0,0,0
WBGene00172866.,0,0,0
WBGene00172867.,0,1,1
WBGene00172868.,0,0,0
WBGene00172869.,0,1,1
WBGene00172870.,0,0,0
WBGene00172871.,0,0,0
WBGene00172872.,0,0,0
WBGene00172873.,0,0,0
WBGene00172874.,0,0,0
WBGene00172875.,0,0,0
WBGene00172876.,0,0,0
WBGene00172877.,0,0,0
WBGene00172878.,0,0,0
WBGene00172879.,0,0,0
WBGene00172880.,0,0,0
WBGene00172881.,0,1,1
WBGene00172882.,0,0,0
WBGene00172883.,0,0,0
WBGene00172884.,0,0,0
WBGene00172885.,0,1,1
WBGene00172886.,0,0,0
WBGene00172887.,0,0,0
WBGene00172888.,0,0,0
WBGene00172889.,0,0,0
WBGene00172890.,0,0,0
WBGene00172891.,0,3,3
WBGene00172892.,0,0,0
WBGene00172893.,0,0,0
WBGene00172894.,0,0,0
WBGene00172895.,0,0,0
WBGene00172896.,0,0,0
WBGene00172897.,0,1,1
WBGene00172898.,0,0,0
WBGene00172899.,0,0,0
WBGene00172900.,0,0,0
WBGene00172901.,0,0,0
WBGene00172902.,0,0,0
WBGene00172903.,0,0,0
WBGene00172904.,0,0,0
WBGene00172905.,0,0,0
WBGene00172906.,0,0,0
WBGene00172907.,0,0,0
WBGene00172908.,0,0,0
WBGene00172909.,0,1,1
WBGene00172910.,0,0,0
WBGene00172911.,0,0,0
WBGene00172912.,0,0,0
WBGene00172913.,0,0,0
WBGene00172914.,0,0,0
WBGene00172915.,0,0,0
WBGene00172916.,0,0,0
WBGene00172917.,0,0,0
WBGene00172918.,0,0,0
WBGene00172919.,0,0,0
WBGene00172920.,0,0,0
WBGene00172921.,0,0,0
WBGene00172922.,0,0,0
WBGene00172923.,0,0,0
WBGene00172924.,0,0,0
WBGene00172925.,0,0,0
WBGene00172926.,0,0,0
WBGene00172927.,0,0,0
WBGene00172928.,0,0,0
WBGene00172929.,0,0,0
WBGene00172930.,0,0,0
WBGene00172931.,0,0,0
WBGene00172932.,0,0,0
WBGene00172933.,0,3,3
WBGene00172934.,0,0,0
WBGene00172935.,0,0,0
WBGene00172936.,0,1,1
WBGene00172937.,0,0,0
WBGene00172938.,0,0,0
WBGene00172939.,0,0,0
WBGene00172940.,0,0,0
WBGene00172941.,0,0,0
WBGene00172942.,0,0,0
WBGene00172943.,0,1,1
WBGene00172944.,0,0,0
WBGene00172945.,0,0,0
WBGene00172946.,0,0,0
WBGene00172947.,0,0,0
WBGene00172948.,0,0,0
WBGene00172949.,0,0,0
WBGene00172950.,0,0,0
WBGene00172951.,0,0,0
WBGene00172952.,0,0,0
WBGene00172953.,0,0,0
WBGene00172954.,0,0,0
WBGene00172955.,0,0,0
WBGene00172956.,0,0,0
WBGene00172957.,0,0,0
WBGene00172958.,0,0,0
WBGene00172959.,0,0,0
WBGene00172960.,0,0,0
WBGene00172961.,0,0,0
WBGene00172962.,0,0,0
WBGene00172963.,0,0,0
WBGene00172964.,0,0,0
WBGene00172965.,0,0,0
WBGene00172966.,0,0,0
WBGene00172967.,0,0,0
WBGene00172968.,0,0,0
WBGene00172969.,0,0,0
WBGene00172970.,0,0,0
WBGene00172971.,0,0,0
WBGene00172972.,0,0,0
WBGene00172973.,0,0,0
WBGene00172974.,0,0,0
WBGene00172975.,0,0,0
WBGene00172976.,0,0,0
WBGene00172977.,0,0,0
WBGene00172978.,0,0,0
WBGene00172979.,0,0,0
WBGene00172980.,0,0,0
WBGene00172981.,0,0,0
WBGene00172982.,0,0,0
WBGene00172983.,0,0,0
WBGene00172984.,0,0,0
WBGene00172985.,0,1,1
WBGene00172986.,0,0,0
WBGene00172987.,0,0,0
WBGene00172988.,0,0,0
WBGene00172989.,0,0,0
WBGene00172990.,0,0,0
WBGene00172991.,0,0,0
WBGene00172992.,0,0,0
WBGene00172993.,0,0,0
WBGene00172994.,0,0,0
WBGene00172995.,0,0,0
WBGene00172996.,0,0,0
WBGene00172997.,0,0,0
WBGene00172998.,0,0,0
WBGene00172999.,0,0,0
WBGene00173000.,0,1,1
WBGene00173001.,0,0,0
WBGene00173002.,0,0,0
WBGene00173003.,0,1,1
WBGene00173004.,0,0,0
WBGene00173005.,0,0,0
WBGene00173006.,0,0,0
WBGene00173007.,0,0,0
WBGene00173008.,0,0,0
WBGene00173009.,0,0,0
WBGene00173010.,0,0,0
WBGene00173011.,0,0,0
WBGene00173012.,0,0,0
WBGene00173013.,0,0,0
WBGene00173014.,0,0,0
WBGene00173015.,0,0,0
WBGene00173016.,0,0,0
WBGene00173017.,0,0,0
WBGene00173018.,0,0,0
WBGene00173019.,0,0,0
WBGene00173020.,0,0,0
WBGene00173021.,0,0,0
WBGene00173022.,0,0,0
WBGene00173023.,0,0,0
WBGene00173024.,0,0,0
WBGene00173025.,0,0,0
WBGene00173026.,0,0,0
WBGene00173027.,0,0,0
WBGene00173028.,0,0,0
WBGene00173029.,0,1,1
WBGene00173030.,0,1,1
WBGene00173031.,0,0,0
WBGene00173032.,0,0,0
WBGene00173033.,0,0,0
WBGene00173034.,0,0,0
WBGene00173035.,0,1,1
WBGene00173036.,0,0,0
WBGene00173037.,0,0,0
WBGene00173038.,0,0,0
WBGene00173039.,0,0,0
WBGene00173040.,0,0,0
WBGene00173041.,0,2,2
WBGene00173042.,0,0,0
WBGene00173043.,0,0,0
WBGene00173044.,0,0,0
WBGene00173045.,0,0,0
WBGene00173046.,0,0,0
WBGene00173047.,0,1,1
WBGene00173048.,0,0,0
WBGene00173049.,0,0,0
WBGene00173050.,0,0,0
WBGene00173051.,0,0,0
WBGene00173052.,0,0,0
WBGene00173053.,0,7,7
WBGene00173054.,0,1,1
WBGene00173055.,0,0,0
WBGene00173056.,0,0,0
WBGene00173057.,0,0,0
WBGene00173058.,0,0,0
WBGene00173059.,0,0,0
WBGene00173060.,0,0,0
WBGene00173061.,0,4,4
WBGene00173062.,0,0,0
WBGene00173063.,0,0,0
WBGene00173064.,0,0,0
WBGene00173065.,0,1,1
WBGene00173066.,0,0,0
WBGene00173067.,0,0,0
WBGene00173068.,0,0,0
WBGene00173069.,0,0,0
WBGene00173070.,0,1,1
WBGene00173071.,0,0,0
WBGene00173072.,0,0,0
WBGene00173073.,0,0,0
WBGene00173074.,0,0,0
WBGene00173075.,0,0,0
WBGene00173076.,0,0,0
WBGene00173077.,0,0,0
WBGene00173078.,0,0,0
WBGene00173079.,0,0,0
WBGene00173080.,0,0,0
WBGene00173081.,0,0,0
WBGene00173082.,0,0,0
WBGene00173083.,0,0,0
WBGene00173084.,0,0,0
WBGene00173085.,0,0,0
WBGene00173086.,0,0,0
WBGene00173087.,0,0,0
WBGene00173088.,0,0,0
WBGene00173089.,0,0,0
WBGene00173090.,0,1,1
WBGene00173091.,0,0,0
WBGene00173092.,0,0,0
WBGene00173093.,0,0,0
WBGene00173094.,0,0,0
WBGene00173095.,0,0,0
WBGene00173096.,0,0,0
WBGene00173097.,0,0,0
WBGene00173098.,0,0,0
WBGene00173099.,0,0,0
WBGene00173100.,0,0,0
WBGene00173101.,0,0,0
WBGene00173102.,0,0,0
WBGene00173103.,0,0,0
WBGene00173104.,0,0,0
WBGene00173105.,0,0,0
WBGene00173106.,0,0,0
WBGene00173107.,0,0,0
WBGene00173108.,0,0,0
WBGene00173109.,0,0,0
WBGene00173110.,0,0,0
WBGene00173111.,0,0,0
WBGene00173112.,0,0,0
WBGene00173113.,0,0,0
WBGene00173114.,0,0,0
WBGene00173115.,0,0,0
WBGene00173116.,0,0,0
WBGene00173117.,0,0,0
WBGene00173118.,0,0,0
WBGene00173119.,0,2,2
WBGene00173120.,0,0,0
WBGene00173121.,0,0,0
WBGene00173122.,0,0,0
WBGene00173123.,0,0,0
WBGene00173124.,0,0,0
WBGene00173125.,0,0,0
WBGene00173126.,0,0,0
WBGene00173127.,0,0,0
WBGene00173128.,0,0,0
WBGene00173129.,0,0,0
WBGene00173130.,0,0,0
WBGene00173131.,0,0,0
WBGene00173132.,0,0,0
WBGene00173133.,0,0,0
WBGene00173134.,0,0,0
WBGene00173135.,0,0,0
WBGene00173136.,0,0,0
WBGene00173137.,0,0,0
WBGene00173138.,0,0,0
WBGene00173139.,0,0,0
WBGene00173140.,0,0,0
WBGene00173141.,0,0,0
WBGene00173142.,0,0,0
WBGene00173143.,0,0,0
WBGene00173144.,0,0,0
WBGene00173145.,0,0,0
WBGene00173146.,0,0,0
WBGene00173147.,0,0,0
WBGene00173148.,0,0,0
WBGene00173149.,0,0,0
WBGene00173150.,0,0,0
WBGene00173151.,0,0,0
WBGene00173152.,0,0,0
WBGene00173153.,0,0,0
WBGene00173154.,0,0,0
WBGene00173155.,0,0,0
WBGene00173156.,0,0,0
WBGene00173157.,0,0,0
WBGene00173158.,0,0,0
WBGene00173159.,0,0,0
WBGene00173160.,0,0,0
WBGene00173161.,0,0,0
WBGene00173162.,0,0,0
WBGene00173163.,0,0,0
WBGene00173164.,0,0,0
WBGene00173165.,0,0,0
WBGene00173166.,0,0,0
WBGene00173167.,0,0,0
WBGene00173168.,0,0,0
WBGene00173169.,0,0,0
WBGene00173170.,0,0,0
WBGene00173171.,0,0,0
WBGene00173172.,0,0,0
WBGene00173173.,0,0,0
WBGene00173174.,0,0,0
WBGene00173175.,0,0,0
WBGene00173176.,0,0,0
WBGene00173177.,0,0,0
WBGene00173178.,0,0,0
WBGene00173179.,0,0,0
WBGene00173180.,0,0,0
WBGene00173181.,0,0,0
WBGene00173182.,0,0,0
WBGene00173183.,0,0,0
WBGene00173184.,0,0,0
WBGene00173185.,0,0,0
WBGene00173186.,0,0,0
WBGene00173187.,0,0,0
WBGene00173188.,0,5,5
WBGene00173189.,0,0,0
WBGene00173190.,0,0,0
WBGene00173191.,0,0,0
WBGene00173192.,0,0,0
WBGene00173193.,0,0,0
WBGene00173194.,0,0,0
WBGene00173195.,0,0,0
WBGene00173196.,0,0,0
WBGene00173197.,0,0,0
WBGene00173198.,0,0,0
WBGene00173199.,0,0,0
WBGene00173200.,0,0,0
WBGene00173201.,0,0,0
WBGene00173202.,0,1,1
WBGene00173203.,0,0,0
WBGene00173204.,0,0,0
WBGene00173205.,0,0,0
WBGene00173206.,0,0,0
WBGene00173207.,0,0,0
WBGene00173208.,0,0,0
WBGene00173209.,0,0,0
WBGene00173210.,0,0,0
WBGene00173211.,0,0,0
WBGene00173212.,0,0,0
WBGene00173213.,0,0,0
WBGene00173214.,0,0,0
WBGene00173215.,0,0,0
WBGene00173216.,0,0,0
WBGene00173217.,0,0,0
WBGene00173218.,0,0,0
WBGene00173219.,0,0,0
WBGene00173220.,0,0,0
WBGene00173221.,0,0,0
WBGene00173222.,0,0,0
WBGene00173223.,0,0,0
WBGene00173224.,0,0,0
WBGene00173225.,0,0,0
WBGene00173226.,0,0,0
WBGene00173227.,0,0,0
WBGene00173228.,0,0,0
WBGene00173229.,0,0,0
WBGene00173230.,0,0,0
WBGene00173231.,0,0,0
WBGene00173232.,0,0,0
WBGene00173233.,0,1,1
WBGene00173234.,0,0,0
WBGene00173235.,0,0,0
WBGene00173236.,0,0,0
WBGene00173237.,0,0,0
WBGene00173238.,0,1,1
WBGene00173239.,0,0,0
WBGene00173240.,0,0,0
WBGene00173241.,0,1,1
WBGene00173242.,0,0,0
WBGene00173243.,0,1,1
WBGene00173244.,0,1,1
WBGene00173245.,0,0,0
WBGene00173246.,0,0,0
WBGene00173247.,0,0,0
WBGene00173248.,0,1,1
WBGene00173249.,0,0,0
WBGene00173250.,0,0,0
WBGene00173251.,0,0,0
WBGene00173252.,0,1,1
WBGene00173253.,0,0,0
WBGene00173254.,0,0,0
WBGene00173255.,0,0,0
WBGene00173256.,0,0,0
WBGene00173257.,0,0,0
WBGene00173258.,0,0,0
WBGene00173259.,0,0,0
WBGene00173260.,0,0,0
WBGene00173261.,0,0,0
WBGene00173262.,0,0,0
WBGene00173263.,0,0,0
WBGene00173264.,0,0,0
WBGene00173265.,0,1,1
WBGene00173266.,0,0,0
WBGene00173267.,0,0,0
WBGene00173268.,0,0,0
WBGene00173269.,0,0,0
WBGene00173270.,0,2,2
WBGene00173271.,0,0,0
WBGene00173272.,0,0,0
WBGene00173273.,0,0,0
WBGene00173274.,0,0,0
WBGene00173275.,0,0,0
WBGene00173276.,0,0,0
WBGene00173277.,0,0,0
WBGene00173278.,0,0,0
WBGene00173279.,0,0,0
WBGene00173280.,0,0,0
WBGene00173281.,0,0,0
WBGene00173282.,0,0,0
WBGene00173283.,0,0,0
WBGene00173284.,0,1,1
WBGene00173285.,0,2,2
WBGene00173286.,0,0,0
WBGene00173287.,0,1,1
WBGene00173288.,0,0,0
WBGene00173289.,0,0,0
WBGene00173290.,0,0,0
WBGene00173291.,0,0,0
WBGene00173292.,0,0,0
WBGene00173293.,0,0,0
WBGene00173294.,0,0,0
WBGene00173295.,0,0,0
WBGene00173296.,0,0,0
WBGene00173297.,0,0,0
WBGene00173298.,0,3,3
WBGene00173299.,0,0,0
WBGene00173300.,0,0,0
WBGene00173301.,0,2,2
WBGene00173302.,0,0,0
WBGene00173303.,0,7,7
WBGene00173304.,0,0,0
WBGene00173305.,0,0,0
WBGene00173306.,0,0,0
WBGene00173307.,0,0,0
WBGene00173308.,0,0,0
WBGene00173309.,0,0,0
WBGene00173310.,0,0,0
WBGene00173311.,0,0,0
WBGene00173312.,0,0,0
WBGene00173313.,0,0,0
WBGene00173314.,0,0,0
WBGene00173315.,0,0,0
WBGene00173316.,0,0,0
WBGene00173317.,0,0,0
WBGene00173318.,0,0,0
WBGene00173319.,0,2,2
WBGene00173320.,0,0,0
WBGene00173321.,0,0,0
WBGene00173322.,0,1,1
WBGene00173323.,0,3,3
WBGene00173324.,0,0,0
WBGene00173325.,0,0,0
WBGene00173326.,0,0,0
WBGene00173327.,0,0,0
WBGene00173328.,0,0,0
WBGene00173329.,0,0,0
WBGene00173330.,0,0,0
WBGene00173331.,0,0,0
WBGene00173332.,0,1,1
WBGene00173333.,0,0,0
WBGene00173334.,0,0,0
WBGene00173335.,0,0,0
WBGene00173336.,0,0,0
WBGene00173337.,0,2,2
WBGene00173338.,0,3,3
WBGene00173339.,0,0,0
WBGene00173340.,0,0,0
WBGene00173341.,0,0,0
WBGene00173342.,0,0,0
WBGene00173343.,0,0,0
WBGene00173344.,0,0,0
WBGene00173345.,0,0,0
WBGene00173346.,0,0,0
WBGene00173347.,0,0,0
WBGene00173348.,0,0,0
WBGene00173349.,0,0,0
WBGene00173350.,0,0,0
WBGene00173351.,0,0,0
WBGene00173352.,0,0,0
WBGene00173353.,0,0,0
WBGene00173354.,0,0,0
WBGene00173355.,0,3,3
WBGene00173356.,0,0,0
WBGene00173357.,0,0,0
WBGene00173358.,0,0,0
WBGene00173359.,0,0,0
WBGene00173360.,0,12,12
WBGene00173361.,0,0,0
WBGene00173362.,0,0,0
WBGene00173363.,0,0,0
WBGene00173364.,0,0,0
WBGene00173365.,0,0,0
WBGene00173366.,0,0,0
WBGene00173367.,0,0,0
WBGene00173368.,0,2,2
WBGene00173369.,0,0,0
WBGene00173370.,0,0,0
WBGene00173371.,0,0,0
WBGene00173372.,0,0,0
WBGene00173373.,0,0,0
WBGene00173374.,0,0,0
WBGene00173375.,0,0,0
WBGene00173376.,0,0,0
WBGene00173377.,0,1,1
WBGene00173378.,0,0,0
WBGene00173379.,0,0,0
WBGene00173380.,0,0,0
WBGene00173381.,0,0,0
WBGene00173382.,0,0,0
WBGene00173383.,0,0,0
WBGene00173384.,0,0,0
WBGene00173385.,0,0,0
WBGene00173386.,0,0,0
WBGene00173387.,0,0,0
WBGene00173388.,0,0,0
WBGene00173389.,0,0,0
WBGene00173390.,0,0,0
WBGene00173391.,0,0,0
WBGene00173392.,0,0,0
WBGene00173393.,0,0,0
WBGene00173394.,0,0,0
WBGene00173395.,0,0,0
WBGene00173396.,0,2,2
WBGene00173397.,0,0,0
WBGene00173398.,0,0,0
WBGene00173399.,0,0,0
WBGene00173400.,0,0,0
WBGene00173401.,0,0,0
WBGene00173402.,0,0,0
WBGene00173403.,0,0,0
WBGene00173404.,0,1,1
WBGene00173405.,0,0,0
WBGene00173406.,0,0,0
WBGene00173407.,0,0,0
WBGene00173408.,0,0,0
WBGene00173409.,0,0,0
WBGene00173410.,0,0,0
WBGene00173411.,0,0,0
WBGene00173412.,0,0,0
WBGene00173413.,0,0,0
WBGene00173414.,0,0,0
WBGene00173415.,0,0,0
WBGene00173416.,0,0,0
WBGene00173417.,0,0,0
WBGene00173418.,0,0,0
WBGene00173419.,0,0,0
WBGene00173420.,0,1,1
WBGene00173421.,0,0,0
WBGene00173422.,0,0,0
WBGene00173423.,0,0,0
WBGene00173424.,0,0,0
WBGene00173425.,0,0,0
WBGene00173426.,0,0,0
WBGene00173427.,0,0,0
WBGene00173428.,0,0,0
WBGene00173429.,0,0,0
WBGene00173430.,0,0,0
WBGene00173431.,0,0,0
WBGene00173432.,0,0,0
WBGene00173433.,0,0,0
WBGene00173434.,0,0,0
WBGene00173435.,0,0,0
WBGene00173436.,0,0,0
WBGene00173437.,0,1,1
WBGene00173438.,0,0,0
WBGene00173439.,0,0,0
WBGene00173440.,0,0,0
WBGene00173441.,0,0,0
WBGene00173442.,0,0,0
WBGene00173443.,0,0,0
WBGene00173444.,0,0,0
WBGene00173445.,0,0,0
WBGene00173446.,0,0,0
WBGene00173447.,0,0,0
WBGene00173448.,0,0,0
WBGene00173449.,0,0,0
WBGene00173450.,0,0,0
WBGene00173451.,0,0,0
WBGene00173452.,0,0,0
WBGene00173453.,0,0,0
WBGene00173454.,0,0,0
WBGene00173455.,0,0,0
WBGene00173456.,0,0,0
WBGene00173457.,0,0,0
WBGene00173458.,0,0,0
WBGene00173459.,0,0,0
WBGene00173460.,0,0,0
WBGene00173461.,0,0,0
WBGene00173462.,0,0,0
WBGene00173463.,0,2,2
WBGene00173464.,0,0,0
WBGene00173465.,0,1,1
WBGene00173466.,0,0,0
WBGene00173467.,0,0,0
WBGene00173468.,0,0,0
WBGene00173469.,0,0,0
WBGene00173470.,0,0,0
WBGene00173471.,0,0,0
WBGene00173472.,0,0,0
WBGene00173473.,0,0,0
WBGene00173474.,0,0,0
WBGene00173475.,0,0,0
WBGene00173476.,0,0,0
WBGene00173477.,0,0,0
WBGene00173478.,0,0,0
WBGene00173480.,0,0,0
WBGene00173481.,0,0,0
WBGene00173482.,0,0,0
WBGene00173483.,0,0,0
WBGene00173484.,0,0,0
WBGene00173485.,0,0,0
WBGene00173486.,0,0,0
WBGene00173487.,0,0,0
WBGene00173488.,0,0,0
WBGene00173489.,0,0,0
WBGene00173490.,0,0,0
WBGene00173491.,0,0,0
WBGene00173492.,0,0,0
WBGene00173493.,0,0,0
WBGene00173494.,0,0,0
WBGene00173495.,0,0,0
WBGene00173496.,0,1,1
WBGene00173497.,0,0,0
WBGene00173498.,0,0,0
WBGene00173499.,0,0,0
WBGene00173500.,0,0,0
WBGene00173501.,0,0,0
WBGene00173502.,0,0,0
WBGene00173503.,0,0,0
WBGene00173504.,0,0,0
WBGene00173505.,0,0,0
WBGene00173506.,0,0,0
WBGene00173507.,0,0,0
WBGene00173508.,0,0,0
WBGene00173509.,0,0,0
WBGene00173510.,0,0,0
WBGene00173511.,0,0,0
WBGene00173512.,0,0,0
WBGene00173513.,0,0,0
WBGene00173514.,0,0,0
WBGene00173515.,0,0,0
WBGene00173516.,0,0,0
WBGene00173517.,0,0,0
WBGene00173518.,0,0,0
WBGene00173519.,0,0,0
WBGene00173520.,0,0,0
WBGene00173521.,0,0,0
WBGene00173522.,0,0,0
WBGene00173523.,0,0,0
WBGene00173524.,0,1,1
WBGene00173525.,0,0,0
WBGene00173526.,0,0,0
WBGene00173527.,0,0,0
WBGene00173528.,0,0,0
WBGene00173529.,0,0,0
WBGene00173530.,0,0,0
WBGene00173531.,0,0,0
WBGene00173532.,0,0,0
WBGene00173533.,0,0,0
WBGene00173534.,0,0,0
WBGene00173535.,0,0,0
WBGene00173536.,0,0,0
WBGene00173537.,0,0,0
WBGene00173538.,0,0,0
WBGene00173539.,0,1,1
WBGene00173540.,0,0,0
WBGene00173541.,0,0,0
WBGene00173542.,0,0,0
WBGene00173543.,0,0,0
WBGene00173544.,0,0,0
WBGene00173545.,0,3,3
WBGene00173546.,0,0,0
WBGene00173547.,0,0,0
WBGene00173548.,0,0,0
WBGene00173550.,0,0,0
WBGene00173551.,0,0,0
WBGene00173552.,0,0,0
WBGene00173553.,0,0,0
WBGene00173554.,0,0,0
WBGene00173555.,0,0,0
WBGene00173556.,0,0,0
WBGene00173557.,0,0,0
WBGene00173558.,0,0,0
WBGene00173559.,0,0,0
WBGene00173560.,0,0,0
WBGene00173561.,0,0,0
WBGene00173562.,0,0,0
WBGene00173563.,0,0,0
WBGene00173564.,0,0,0
WBGene00173565.,0,0,0
WBGene00173566.,0,0,0
WBGene00173567.,0,0,0
WBGene00173568.,0,0,0
WBGene00173569.,0,0,0
WBGene00173570.,0,0,0
WBGene00173571.,0,0,0
WBGene00173572.,0,0,0
WBGene00173573.,0,0,0
WBGene00173574.,0,0,0
WBGene00173575.,0,0,0
WBGene00173576.,0,0,0
WBGene00173577.,0,1,1
WBGene00173578.,0,0,0
WBGene00173579.,0,0,0
WBGene00173580.,0,0,0
WBGene00173581.,0,0,0
WBGene00173582.,0,1,1
WBGene00173583.,0,0,0
WBGene00173584.,0,0,0
WBGene00173585.,0,0,0
WBGene00173586.,0,0,0
WBGene00173587.,0,0,0
WBGene00173588.,0,0,0
WBGene00173589.,0,0,0
WBGene00173590.,0,0,0
WBGene00173591.,0,0,0
WBGene00173592.,0,0,0
WBGene00173593.,0,0,0
WBGene00173594.,0,0,0
WBGene00173595.,0,0,0
WBGene00173596.,0,0,0
WBGene00173597.,0,1,1
WBGene00173598.,0,0,0
WBGene00173599.,0,0,0
WBGene00173600.,0,1,1
WBGene00173601.,0,0,0
WBGene00173602.,0,0,0
WBGene00173603.,0,5,5
WBGene00173604.,0,0,0
WBGene00173605.,0,0,0
WBGene00173606.,0,0,0
WBGene00173607.,0,5,5
WBGene00173608.,0,0,0
WBGene00173609.,0,2,2
WBGene00173610.,0,0,0
WBGene00173611.,0,0,0
WBGene00173612.,0,0,0
WBGene00173613.,0,0,0
WBGene00173614.,0,0,0
WBGene00173615.,0,26,26
WBGene00173616.,0,0,0
WBGene00173617.,0,0,0
WBGene00173618.,0,0,0
WBGene00173619.,0,0,0
WBGene00173620.,0,0,0
WBGene00173621.,0,3,3
WBGene00173622.,0,0,0
WBGene00173623.,0,0,0
WBGene00173624.,0,0,0
WBGene00173625.,0,0,0
WBGene00173626.,0,0,0
WBGene00173627.,0,0,0
WBGene00173628.,0,0,0
WBGene00173629.,0,1,1
WBGene00173630.,0,0,0
WBGene00173631.,0,0,0
WBGene00173632.,0,0,0
WBGene00173633.,0,0,0
WBGene00173634.,0,1,1
WBGene00173635.,0,0,0
WBGene00173636.,0,0,0
WBGene00173637.,0,0,0
WBGene00173638.,0,0,0
WBGene00173639.,0,0,0
WBGene00173640.,0,0,0
WBGene00173641.,0,0,0
WBGene00173642.,0,0,0
WBGene00173643.,0,0,0
WBGene00173644.,0,0,0
WBGene00173645.,0,0,0
WBGene00173646.,0,0,0
WBGene00173647.,0,0,0
WBGene00173648.,0,0,0
WBGene00173649.,0,0,0
WBGene00173650.,0,0,0
WBGene00173651.,0,0,0
WBGene00173652.,0,0,0
WBGene00173653.,0,0,0
WBGene00173654.,0,0,0
WBGene00173655.,0,0,0
WBGene00173656.,0,0,0
WBGene00173657.,0,0,0
WBGene00173658.,0,0,0
WBGene00173659.,0,0,0
WBGene00173660.,0,0,0
WBGene00173661.,0,0,0
WBGene00173662.,0,0,0
WBGene00173663.,0,0,0
WBGene00173664.,0,0,0
WBGene00173665.,0,0,0
WBGene00173666.,0,0,0
WBGene00173667.,0,0,0
WBGene00173668.,0,1,1
WBGene00173669.,0,0,0
WBGene00173670.,0,0,0
WBGene00173671.,0,0,0
WBGene00173672.,0,0,0
WBGene00173673.,0,0,0
WBGene00173674.,0,0,0
WBGene00173675.,0,0,0
WBGene00173676.,0,0,0
WBGene00173677.,0,0,0
WBGene00173678.,0,0,0
WBGene00173679.,0,0,0
WBGene00173680.,0,0,0
WBGene00173681.,0,0,0
WBGene00173682.,0,2,2
WBGene00173683.,0,0,0
WBGene00173684.,0,0,0
WBGene00173685.,0,0,0
WBGene00173686.,0,0,0
WBGene00173687.,0,2,2
WBGene00173688.,0,0,0
WBGene00173689.,0,0,0
WBGene00173690.,0,0,0
WBGene00173691.,0,0,0
WBGene00173692.,0,0,0
WBGene00173693.,0,0,0
WBGene00173694.,0,0,0
WBGene00173695.,0,0,0
WBGene00173696.,0,0,0
WBGene00173697.,0,0,0
WBGene00173698.,0,3,3
WBGene00173699.,0,0,0
WBGene00173700.,0,0,0
WBGene00173701.,0,0,0
WBGene00173702.,0,0,0
WBGene00173703.,0,0,0
WBGene00173704.,0,0,0
WBGene00173705.,0,0,0
WBGene00173706.,0,0,0
WBGene00173707.,0,0,0
WBGene00173708.,0,0,0
WBGene00173709.,0,0,0
WBGene00173710.,0,0,0
WBGene00173711.,0,0,0
WBGene00173712.,0,0,0
WBGene00173713.,0,3,3
WBGene00173714.,0,0,0
WBGene00173715.,0,0,0
WBGene00173716.,0,0,0
WBGene00173717.,0,0,0
WBGene00173718.,0,0,0
WBGene00173719.,0,0,0
WBGene00173720.,0,0,0
WBGene00173721.,0,0,0
WBGene00173722.,0,0,0
WBGene00173723.,0,0,0
WBGene00173724.,0,0,0
WBGene00173725.,0,0,0
WBGene00173726.,0,0,0
WBGene00173727.,0,0,0
WBGene00173728.,0,1,1
WBGene00173729.,0,7,7
WBGene00173730.,0,0,0
WBGene00173731.,0,0,0
WBGene00173732.,0,0,0
WBGene00173733.,0,0,0
WBGene00173734.,0,0,0
WBGene00173735.,0,0,0
WBGene00173736.,0,0,0
WBGene00173737.,0,0,0
WBGene00173738.,0,0,0
WBGene00173739.,0,0,0
WBGene00173740.,0,0,0
WBGene00173741.,0,0,0
WBGene00173742.,0,0,0
WBGene00173743.,0,0,0
WBGene00173744.,0,0,0
WBGene00173745.,0,0,0
WBGene00173746.,0,0,0
WBGene00173747.,0,0,0
WBGene00173748.,0,0,0
WBGene00173749.,0,0,0
WBGene00173750.,0,0,0
WBGene00173751.,0,0,0
WBGene00173752.,0,0,0
WBGene00173753.,0,0,0
WBGene00173754.,0,0,0
WBGene00173755.,0,0,0
WBGene00173756.,0,0,0
WBGene00173757.,0,0,0
WBGene00173758.,0,2,2
WBGene00173759.,0,0,0
WBGene00173760.,0,0,0
WBGene00173761.,0,0,0
WBGene00173762.,0,0,0
WBGene00173763.,0,0,0
WBGene00173764.,0,0,0
WBGene00173765.,0,1,1
WBGene00173766.,0,0,0
WBGene00173767.,0,0,0
WBGene00173768.,0,1,1
WBGene00173769.,0,0,0
WBGene00173770.,0,0,0
WBGene00173771.,0,0,0
WBGene00173772.,0,0,0
WBGene00173773.,0,0,0
WBGene00173774.,0,0,0
WBGene00173775.,0,0,0
WBGene00173776.,0,0,0
WBGene00173777.,0,0,0
WBGene00173778.,0,0,0
WBGene00173779.,0,0,0
WBGene00173780.,0,0,0
WBGene00173781.,0,0,0
WBGene00173782.,0,0,0
WBGene00173783.,0,0,0
WBGene00173784.,0,0,0
WBGene00173785.,0,0,0
WBGene00173786.,0,1,1
WBGene00173787.,0,0,0
WBGene00173788.,0,0,0
WBGene00173789.,0,0,0
WBGene00173790.,0,0,0
WBGene00173791.,0,0,0
WBGene00173792.,0,0,0
WBGene00173793.,0,0,0
WBGene00173794.,0,0,0
WBGene00173795.,0,0,0
WBGene00173796.,0,0,0
WBGene00173797.,0,0,0
WBGene00173798.,0,0,0
WBGene00173799.,0,0,0
WBGene00173800.,0,0,0
WBGene00173801.,0,0,0
WBGene00173802.,0,0,0
WBGene00173803.,0,0,0
WBGene00173804.,0,0,0
WBGene00173805.,0,0,0
WBGene00173806.,0,0,0
WBGene00173807.,0,0,0
WBGene00173808.,0,0,0
WBGene00173809.,0,0,0
WBGene00173810.,0,0,0
WBGene00173811.,0,0,0
WBGene00173812.,0,0,0
WBGene00173813.,0,0,0
WBGene00173814.,0,1,1
WBGene00173815.,0,0,0
WBGene00173816.,0,0,0
WBGene00173817.,0,0,0
WBGene00173818.,0,0,0
WBGene00173819.,0,0,0
WBGene00173820.,0,0,0
WBGene00173821.,0,0,0
WBGene00173822.,0,0,0
WBGene00173823.,0,0,0
WBGene00173824.,0,0,0
WBGene00173825.,0,0,0
WBGene00173826.,0,0,0
WBGene00173827.,0,0,0
WBGene00173828.,0,0,0
WBGene00173829.,0,0,0
WBGene00173830.,0,0,0
WBGene00173831.,0,0,0
WBGene00173832.,0,1,1
WBGene00173833.,0,0,0
WBGene00173834.,0,0,0
WBGene00173835.,0,0,0
WBGene00173836.,0,0,0
WBGene00173837.,0,0,0
WBGene00173838.,0,0,0
WBGene00173839.,0,0,0
WBGene00173840.,0,1,1
WBGene00173841.,0,0,0
WBGene00173842.,0,0,0
WBGene00173843.,0,0,0
WBGene00173844.,0,0,0
WBGene00173845.,0,0,0
WBGene00173846.,0,1,1
WBGene00173847.,0,0,0
WBGene00173848.,0,0,0
WBGene00173849.,0,0,0
WBGene00173850.,0,0,0
WBGene00173851.,0,0,0
WBGene00173852.,0,0,0
WBGene00173853.,0,0,0
WBGene00173854.,0,0,0
WBGene00173855.,0,0,0
WBGene00173856.,0,0,0
WBGene00173857.,0,0,0
WBGene00173858.,0,0,0
WBGene00173859.,0,0,0
WBGene00173860.,0,0,0
WBGene00173861.,0,0,0
WBGene00173862.,0,0,0
WBGene00173863.,0,0,0
WBGene00173864.,0,0,0
WBGene00173865.,0,1,1
WBGene00173866.,0,0,0
WBGene00173867.,0,0,0
WBGene00173868.,0,0,0
WBGene00173869.,0,0,0
WBGene00173870.,0,0,0
WBGene00173871.,0,0,0
WBGene00173872.,0,0,0
WBGene00173873.,0,0,0
WBGene00173874.,0,0,0
WBGene00173875.,0,0,0
WBGene00173876.,0,0,0
WBGene00173877.,0,0,0
WBGene00173878.,0,0,0
WBGene00173879.,0,0,0
WBGene00173880.,0,0,0
WBGene00173881.,0,0,0
WBGene00173882.,0,0,0
WBGene00173883.,0,0,0
WBGene00173884.,0,0,0
WBGene00173885.,0,0,0
WBGene00173886.,0,0,0
WBGene00173887.,0,1,1
WBGene00173888.,0,0,0
WBGene00173889.,0,0,0
WBGene00173890.,0,0,0
WBGene00173891.,0,0,0
WBGene00173892.,0,0,0
WBGene00173893.,0,0,0
WBGene00173894.,0,0,0
WBGene00173895.,0,0,0
WBGene00173896.,0,0,0
WBGene00173897.,0,0,0
WBGene00173898.,0,0,0
WBGene00173899.,0,0,0
WBGene00173900.,0,0,0
WBGene00173901.,0,0,0
WBGene00173902.,0,0,0
WBGene00173903.,0,0,0
WBGene00173904.,0,1,1
WBGene00173905.,0,1,1
WBGene00173906.,0,0,0
WBGene00173907.,0,0,0
WBGene00173908.,0,0,0
WBGene00173909.,0,0,0
WBGene00173910.,0,0,0
WBGene00173911.,0,0,0
WBGene00173912.,0,0,0
WBGene00173913.,0,0,0
WBGene00173914.,0,0,0
WBGene00173915.,0,0,0
WBGene00173916.,0,0,0
WBGene00173917.,0,0,0
WBGene00173918.,0,0,0
WBGene00173919.,0,0,0
WBGene00173920.,0,0,0
WBGene00173921.,0,0,0
WBGene00173922.,0,0,0
WBGene00173923.,0,0,0
WBGene00173924.,0,0,0
WBGene00173925.,0,0,0
WBGene00173926.,0,0,0
WBGene00173927.,0,0,0
WBGene00173928.,0,0,0
WBGene00173929.,0,0,0
WBGene00173930.,0,0,0
WBGene00173931.,0,0,0
WBGene00173932.,0,0,0
WBGene00173933.,0,0,0
WBGene00173934.,0,0,0
WBGene00173935.,0,3,3
WBGene00173936.,0,0,0
WBGene00173937.,0,0,0
WBGene00173938.,0,0,0
WBGene00173939.,0,0,0
WBGene00173940.,0,0,0
WBGene00173941.,0,0,0
WBGene00173942.,0,0,0
WBGene00173943.,0,0,0
WBGene00173944.,0,0,0
WBGene00173945.,0,0,0
WBGene00173946.,0,0,0
WBGene00173947.,0,0,0
WBGene00173948.,0,0,0
WBGene00173949.,0,0,0
WBGene00173950.,0,1,1
WBGene00173951.,0,0,0
WBGene00173952.,0,0,0
WBGene00173953.,0,0,0
WBGene00173954.,0,0,0
WBGene00173955.,0,0,0
WBGene00173956.,0,0,0
WBGene00173957.,0,0,0
WBGene00173958.,0,0,0
WBGene00173959.,0,2,2
WBGene00173960.,0,6,6
WBGene00173961.,0,0,0
WBGene00173962.,0,0,0
WBGene00173963.,0,0,0
WBGene00173964.,0,0,0
WBGene00173965.,0,0,0
WBGene00173966.,0,0,0
WBGene00173967.,0,0,0
WBGene00173968.,0,0,0
WBGene00173969.,0,0,0
WBGene00173970.,0,0,0
WBGene00173971.,0,0,0
WBGene00173972.,0,0,0
WBGene00173973.,0,0,0
WBGene00173974.,0,0,0
WBGene00173975.,0,0,0
WBGene00173976.,0,0,0
WBGene00173977.,0,0,0
WBGene00173978.,0,0,0
WBGene00173979.,0,0,0
WBGene00173980.,0,5,5
WBGene00173981.,0,0,0
WBGene00173982.,0,0,0
WBGene00173983.,0,0,0
WBGene00173984.,0,0,0
WBGene00173985.,0,0,0
WBGene00173986.,0,0,0
WBGene00173987.,0,0,0
WBGene00173988.,0,0,0
WBGene00173989.,0,0,0
WBGene00173990.,0,0,0
WBGene00173991.,0,0,0
WBGene00173992.,0,0,0
WBGene00173993.,0,0,0
WBGene00173994.,0,0,0
WBGene00173995.,0,0,0
WBGene00173996.,0,0,0
WBGene00173997.,0,0,0
WBGene00173998.,0,0,0
WBGene00173999.,0,0,0
WBGene00174000.,0,0,0
WBGene00174001.,0,0,0
WBGene00174002.,0,0,0
WBGene00174003.,0,0,0
WBGene00174004.,0,0,0
WBGene00174005.,0,0,0
WBGene00174006.,0,0,0
WBGene00174007.,0,0,0
WBGene00174008.,0,0,0
WBGene00174009.,0,0,0
WBGene00174010.,0,0,0
WBGene00174011.,0,0,0
WBGene00174012.,0,0,0
WBGene00174013.,0,0,0
WBGene00174014.,0,0,0
WBGene00174015.,0,0,0
WBGene00174016.,0,0,0
WBGene00174017.,0,0,0
WBGene00174018.,0,0,0
WBGene00174019.,0,0,0
WBGene00174020.,0,1,1
WBGene00174021.,0,0,0
WBGene00174022.,0,1,1
WBGene00174023.,0,0,0
WBGene00174024.,0,0,0
WBGene00174025.,0,0,0
WBGene00174026.,0,0,0
WBGene00174027.,0,0,0
WBGene00174028.,0,0,0
WBGene00174029.,0,0,0
WBGene00174030.,0,0,0
WBGene00174031.,0,0,0
WBGene00174032.,0,1,1
WBGene00174033.,0,0,0
WBGene00174034.,0,0,0
WBGene00174035.,0,0,0
WBGene00174036.,0,0,0
WBGene00174037.,0,0,0
WBGene00174038.,0,0,0
WBGene00174039.,0,0,0
WBGene00174040.,0,0,0
WBGene00174041.,0,0,0
WBGene00174042.,0,0,0
WBGene00174043.,0,0,0
WBGene00174044.,0,0,0
WBGene00174045.,0,0,0
WBGene00174046.,0,0,0
WBGene00174047.,0,0,0
WBGene00174048.,0,0,0
WBGene00174049.,0,0,0
WBGene00174050.,0,0,0
WBGene00174051.,0,0,0
WBGene00174052.,0,0,0
WBGene00174053.,0,0,0
WBGene00174054.,0,0,0
WBGene00174055.,0,0,0
WBGene00174056.,0,0,0
WBGene00174057.,0,0,0
WBGene00174058.,0,0,0
WBGene00174059.,0,0,0
WBGene00174060.,0,0,0
WBGene00174061.,0,0,0
WBGene00174062.,0,0,0
WBGene00174063.,0,0,0
WBGene00174064.,0,0,0
WBGene00174065.,0,0,0
WBGene00174066.,0,0,0
WBGene00174067.,0,0,0
WBGene00174068.,0,0,0
WBGene00174069.,0,0,0
WBGene00174070.,0,0,0
WBGene00174071.,0,0,0
WBGene00174072.,0,0,0
WBGene00174073.,0,0,0
WBGene00174074.,0,0,0
WBGene00174075.,0,0,0
WBGene00174076.,0,0,0
WBGene00174077.,0,0,0
WBGene00174078.,0,0,0
WBGene00174079.,0,0,0
WBGene00174080.,0,0,0
WBGene00174081.,0,1,1
WBGene00174082.,0,0,0
WBGene00174083.,0,0,0
WBGene00174084.,0,1,1
WBGene00174085.,0,0,0
WBGene00174086.,0,0,0
WBGene00174087.,0,0,0
WBGene00174088.,0,0,0
WBGene00174089.,0,1,1
WBGene00174090.,0,0,0
WBGene00174091.,0,0,0
WBGene00174092.,0,0,0
WBGene00174093.,0,0,0
WBGene00174094.,0,0,0
WBGene00174095.,0,0,0
WBGene00174096.,0,0,0
WBGene00174097.,0,0,0
WBGene00174098.,0,0,0
WBGene00174099.,0,0,0
WBGene00174100.,0,0,0
WBGene00174101.,0,0,0
WBGene00174102.,0,0,0
WBGene00174103.,0,0,0
WBGene00174104.,0,0,0
WBGene00174105.,0,0,0
WBGene00174106.,0,0,0
WBGene00174107.,0,0,0
WBGene00174108.,0,0,0
WBGene00174109.,0,0,0
WBGene00174110.,0,0,0
WBGene00174111.,0,0,0
WBGene00174112.,0,0,0
WBGene00174113.,0,0,0
WBGene00174114.,0,0,0
WBGene00174115.,0,0,0
WBGene00174116.,0,0,0
WBGene00174117.,0,0,0
WBGene00174118.,0,0,0
WBGene00174119.,0,4,4
WBGene00174120.,0,0,0
WBGene00174121.,0,0,0
WBGene00174122.,0,0,0
WBGene00174123.,0,0,0
WBGene00174124.,0,0,0
WBGene00174125.,0,0,0
WBGene00174126.,0,0,0
WBGene00174127.,0,0,0
WBGene00174128.,0,9,9
WBGene00174129.,0,0,0
WBGene00174130.,0,0,0
WBGene00174131.,0,0,0
WBGene00174132.,0,0,0
WBGene00174133.,0,0,0
WBGene00174134.,0,0,0
WBGene00174135.,0,0,0
WBGene00174136.,0,0,0
WBGene00174137.,0,0,0
WBGene00174138.,0,0,0
WBGene00174139.,0,0,0
WBGene00174140.,0,0,0
WBGene00174141.,0,0,0
WBGene00174142.,0,0,0
WBGene00174143.,0,0,0
WBGene00174144.,0,1,1
WBGene00174145.,0,0,0
WBGene00174146.,0,0,0
WBGene00174147.,0,0,0
WBGene00174148.,0,0,0
WBGene00174149.,0,0,0
WBGene00174150.,0,0,0
WBGene00174151.,0,0,0
WBGene00174152.,0,0,0
WBGene00174153.,0,0,0
WBGene00174154.,0,0,0
WBGene00174155.,0,0,0
WBGene00174156.,0,0,0
WBGene00174157.,0,0,0
WBGene00174158.,0,0,0
WBGene00174159.,0,0,0
WBGene00174160.,0,0,0
WBGene00174161.,0,0,0
WBGene00174162.,0,0,0
WBGene00174163.,0,0,0
WBGene00174164.,0,0,0
WBGene00174165.,0,0,0
WBGene00174166.,0,0,0
WBGene00174167.,0,0,0
WBGene00174168.,0,2,2
WBGene00174169.,0,0,0
WBGene00174170.,0,0,0
WBGene00174171.,0,0,0
WBGene00174172.,0,0,0
WBGene00174173.,0,0,0
WBGene00174174.,0,0,0
WBGene00174175.,0,0,0
WBGene00174176.,0,0,0
WBGene00174177.,0,0,0
WBGene00174178.,0,0,0
WBGene00174179.,0,0,0
WBGene00174180.,0,0,0
WBGene00174181.,0,0,0
WBGene00174182.,0,0,0
WBGene00174183.,0,0,0
WBGene00174184.,0,1,1
WBGene00174185.,0,0,0
WBGene00174186.,0,0,0
WBGene00174187.,0,0,0
WBGene00174188.,0,0,0
WBGene00174189.,0,0,0
WBGene00174190.,0,0,0
WBGene00174191.,0,0,0
WBGene00174192.,0,0,0
WBGene00174193.,0,0,0
WBGene00174194.,0,0,0
WBGene00174195.,0,0,0
WBGene00174196.,0,0,0
WBGene00174197.,0,0,0
WBGene00174198.,0,0,0
WBGene00174199.,0,0,0
WBGene00174200.,0,0,0
WBGene00174201.,0,0,0
WBGene00174202.,0,0,0
WBGene00174203.,0,0,0
WBGene00174204.,0,0,0
WBGene00174205.,0,0,0
WBGene00174206.,0,0,0
WBGene00174207.,0,0,0
WBGene00174208.,0,0,0
WBGene00174209.,0,0,0
WBGene00174210.,0,0,0
WBGene00174211.,0,0,0
WBGene00174212.,0,1,1
WBGene00174213.,0,0,0
WBGene00174214.,0,0,0
WBGene00174215.,0,0,0
WBGene00174216.,0,0,0
WBGene00174217.,0,0,0
WBGene00174218.,0,0,0
WBGene00174219.,0,0,0
WBGene00174220.,0,0,0
WBGene00174221.,0,0,0
WBGene00174222.,0,0,0
WBGene00174223.,0,0,0
WBGene00174224.,0,1,1
WBGene00174225.,0,0,0
WBGene00174226.,0,0,0
WBGene00174227.,0,0,0
WBGene00174228.,0,0,0
WBGene00174229.,0,0,0
WBGene00174230.,0,0,0
WBGene00174231.,0,0,0
WBGene00174232.,0,0,0
WBGene00174233.,0,0,0
WBGene00174234.,0,2,2
WBGene00174235.,0,0,0
WBGene00174236.,0,0,0
WBGene00174237.,0,0,0
WBGene00174238.,0,0,0
WBGene00174239.,0,0,0
WBGene00174240.,0,0,0
WBGene00174241.,0,0,0
WBGene00174242.,0,1,1
WBGene00174243.,0,0,0
WBGene00174244.,0,0,0
WBGene00174245.,0,0,0
WBGene00174246.,0,0,0
WBGene00174247.,0,0,0
WBGene00174248.,0,2,2
WBGene00174249.,0,0,0
WBGene00174250.,0,0,0
WBGene00174251.,0,0,0
WBGene00174252.,0,0,0
WBGene00174253.,0,0,0
WBGene00174254.,0,0,0
WBGene00174255.,0,0,0
WBGene00174256.,0,0,0
WBGene00174257.,0,0,0
WBGene00174258.,0,0,0
WBGene00174259.,0,0,0
WBGene00174260.,0,0,0
WBGene00174261.,0,0,0
WBGene00174262.,0,0,0
WBGene00174263.,0,0,0
WBGene00174264.,0,0,0
WBGene00174265.,0,0,0
WBGene00174266.,0,0,0
WBGene00174267.,0,0,0
WBGene00174268.,0,0,0
WBGene00174269.,0,0,0
WBGene00174270.,0,0,0
WBGene00174271.,0,0,0
WBGene00174272.,0,1,1
WBGene00174273.,0,0,0
WBGene00174274.,0,0,0
WBGene00174275.,0,0,0
WBGene00174276.,0,0,0
WBGene00174277.,0,1,1
WBGene00174278.,0,0,0
WBGene00174279.,0,0,0
WBGene00174280.,0,0,0
WBGene00174281.,0,1,1
WBGene00174282.,0,0,0
WBGene00174283.,0,3,3
WBGene00174284.,0,0,0
WBGene00174285.,0,0,0
WBGene00174286.,0,0,0
WBGene00174287.,0,0,0
WBGene00174288.,0,0,0
WBGene00174289.,0,0,0
WBGene00174290.,0,0,0
WBGene00174291.,0,0,0
WBGene00174292.,0,0,0
WBGene00174293.,0,6,6
WBGene00174294.,0,0,0
WBGene00174295.,0,0,0
WBGene00174296.,0,0,0
WBGene00174297.,0,2,2
WBGene00174298.,0,0,0
WBGene00174299.,0,0,0
WBGene00174300.,0,0,0
WBGene00174301.,0,0,0
WBGene00174302.,0,0,0
WBGene00174303.,0,0,0
WBGene00174304.,0,0,0
WBGene00174305.,0,0,0
WBGene00174306.,0,0,0
WBGene00174307.,0,0,0
WBGene00174308.,0,0,0
WBGene00174309.,0,0,0
WBGene00174310.,0,0,0
WBGene00174311.,0,1,1
WBGene00174312.,0,0,0
WBGene00174313.,0,0,0
WBGene00174314.,0,0,0
WBGene00174315.,0,0,0
WBGene00174316.,0,0,0
WBGene00174317.,0,2,2
WBGene00174318.,0,0,0
WBGene00174319.,0,0,0
WBGene00174320.,0,0,0
WBGene00174321.,0,0,0
WBGene00174322.,0,0,0
WBGene00174323.,0,0,0
WBGene00174324.,0,0,0
WBGene00174325.,0,0,0
WBGene00174326.,0,0,0
WBGene00174327.,0,0,0
WBGene00174328.,0,0,0
WBGene00174329.,0,0,0
WBGene00174330.,0,0,0
WBGene00174331.,0,0,0
WBGene00174332.,0,0,0
WBGene00174333.,0,0,0
WBGene00174334.,0,0,0
WBGene00174335.,0,0,0
WBGene00174336.,0,0,0
WBGene00174337.,0,0,0
WBGene00174338.,0,0,0
WBGene00174339.,0,0,0
WBGene00174340.,0,0,0
WBGene00174341.,0,1,1
WBGene00174342.,0,0,0
WBGene00174343.,0,0,0
WBGene00174344.,0,0,0
WBGene00174345.,0,0,0
WBGene00174346.,0,0,0
WBGene00174347.,0,0,0
WBGene00174348.,0,0,0
WBGene00174349.,0,0,0
WBGene00174350.,0,0,0
WBGene00174351.,0,0,0
WBGene00174352.,0,0,0
WBGene00174353.,0,0,0
WBGene00174354.,0,1,1
WBGene00174355.,0,0,0
WBGene00174356.,0,0,0
WBGene00174357.,0,0,0
WBGene00174358.,0,0,0
WBGene00174359.,0,0,0
WBGene00174360.,0,1,1
WBGene00174361.,0,0,0
WBGene00174362.,0,0,0
WBGene00174363.,0,0,0
WBGene00174364.,0,0,0
WBGene00174365.,0,0,0
WBGene00174366.,0,0,0
WBGene00174367.,0,0,0
WBGene00174368.,0,1,1
WBGene00174369.,0,0,0
WBGene00174370.,0,0,0
WBGene00174371.,0,0,0
WBGene00174372.,0,0,0
WBGene00174373.,0,0,0
WBGene00174374.,0,0,0
WBGene00174375.,0,0,0
WBGene00174376.,0,1,1
WBGene00174377.,0,1,1
WBGene00174378.,0,0,0
WBGene00174379.,0,0,0
WBGene00174380.,0,1,1
WBGene00174381.,0,0,0
WBGene00174382.,0,1,1
WBGene00174383.,0,0,0
WBGene00174384.,0,0,0
WBGene00174385.,0,0,0
WBGene00174386.,0,0,0
WBGene00174387.,0,0,0
WBGene00174388.,0,0,0
WBGene00174389.,0,0,0
WBGene00174390.,0,0,0
WBGene00174391.,0,0,0
WBGene00174392.,0,0,0
WBGene00174393.,0,0,0
WBGene00174394.,0,1,1
WBGene00174395.,0,1,1
WBGene00174396.,0,0,0
WBGene00174397.,0,0,0
WBGene00174398.,0,0,0
WBGene00174399.,0,0,0
WBGene00174400.,0,0,0
WBGene00174401.,0,0,0
WBGene00174402.,0,0,0
WBGene00174403.,0,0,0
WBGene00174404.,0,0,0
WBGene00174405.,0,0,0
WBGene00174406.,0,17,17
WBGene00174407.,0,0,0
WBGene00174408.,0,0,0
WBGene00174409.,0,15,15
WBGene00174410.,0,2,2
WBGene00174411.,0,0,0
WBGene00174412.,0,1,1
WBGene00174413.,0,0,0
WBGene00174414.,0,0,0
WBGene00174415.,0,0,0
WBGene00174416.,0,1,1
WBGene00174417.,0,0,0
WBGene00174418.,0,0,0
WBGene00174419.,0,0,0
WBGene00174420.,0,0,0
WBGene00174421.,0,0,0
WBGene00174422.,0,0,0
WBGene00174423.,0,0,0
WBGene00174424.,0,0,0
WBGene00174425.,0,0,0
WBGene00174426.,0,1,1
WBGene00174427.,0,0,0
WBGene00174428.,0,0,0
WBGene00174429.,0,0,0
WBGene00174430.,0,0,0
WBGene00174431.,0,0,0
WBGene00174432.,0,0,0
WBGene00174433.,0,0,0
WBGene00174434.,0,0,0
WBGene00174435.,0,0,0
WBGene00174436.,0,0,0
WBGene00174437.,0,0,0
WBGene00174438.,0,0,0
WBGene00174439.,0,0,0
WBGene00174440.,0,2,2
WBGene00174441.,0,0,0
WBGene00174442.,0,0,0
WBGene00174443.,0,0,0
WBGene00174444.,0,0,0
WBGene00174445.,0,0,0
WBGene00174446.,0,0,0
WBGene00174447.,0,0,0
WBGene00174448.,0,0,0
WBGene00174449.,0,0,0
WBGene00174450.,0,0,0
WBGene00174451.,0,0,0
WBGene00174452.,0,1,1
WBGene00174453.,0,8,8
WBGene00174454.,0,0,0
WBGene00174455.,0,0,0
WBGene00174456.,0,0,0
WBGene00174457.,0,0,0
WBGene00174458.,0,0,0
WBGene00174459.,0,0,0
WBGene00174460.,0,0,0
WBGene00174461.,0,0,0
WBGene00174462.,0,0,0
WBGene00174463.,0,0,0
WBGene00174464.,0,0,0
WBGene00174465.,0,0,0
WBGene00174466.,0,0,0
WBGene00174467.,0,0,0
WBGene00174468.,0,0,0
WBGene00174469.,0,0,0
WBGene00174470.,0,0,0
WBGene00174471.,0,0,0
WBGene00174472.,0,0,0
WBGene00174473.,0,0,0
WBGene00174474.,0,0,0
WBGene00174475.,0,1,1
WBGene00174476.,0,0,0
WBGene00174477.,0,0,0
WBGene00174478.,0,2,2
WBGene00174479.,0,0,0
WBGene00174480.,0,0,0
WBGene00174481.,0,0,0
WBGene00174482.,0,0,0
WBGene00174483.,0,0,0
WBGene00174484.,0,0,0
WBGene00174485.,0,2,2
WBGene00174486.,0,0,0
WBGene00174487.,0,0,0
WBGene00174488.,0,0,0
WBGene00174489.,0,0,0
WBGene00174490.,0,0,0
WBGene00174491.,0,0,0
WBGene00174492.,0,0,0
WBGene00174493.,0,0,0
WBGene00174494.,0,0,0
WBGene00174495.,0,0,0
WBGene00174496.,0,4,4
WBGene00174497.,0,0,0
WBGene00174498.,0,0,0
WBGene00174499.,0,2,2
WBGene00174500.,0,0,0
WBGene00174501.,0,0,0
WBGene00174502.,0,0,0
WBGene00174503.,0,0,0
WBGene00174504.,0,0,0
WBGene00174505.,0,0,0
WBGene00174506.,0,0,0
WBGene00174507.,0,0,0
WBGene00174508.,0,0,0
WBGene00174509.,0,0,0
WBGene00174510.,0,0,0
WBGene00174511.,0,0,0
WBGene00174512.,0,2,2
WBGene00174513.,0,1,1
WBGene00174514.,0,0,0
WBGene00174515.,0,0,0
WBGene00174516.,0,0,0
WBGene00174517.,0,0,0
WBGene00174518.,0,0,0
WBGene00174519.,0,0,0
WBGene00174520.,0,0,0
WBGene00174521.,0,0,0
WBGene00174522.,0,0,0
WBGene00174523.,0,0,0
WBGene00174524.,0,0,0
WBGene00174525.,0,0,0
WBGene00174526.,0,0,0
WBGene00174527.,0,0,0
WBGene00174528.,0,0,0
WBGene00174529.,0,0,0
WBGene00174530.,0,0,0
WBGene00174531.,0,0,0
WBGene00174532.,0,0,0
WBGene00174533.,0,0,0
WBGene00174534.,0,0,0
WBGene00174535.,0,0,0
WBGene00174536.,0,0,0
WBGene00174537.,0,0,0
WBGene00174538.,0,0,0
WBGene00174539.,0,0,0
WBGene00174540.,0,0,0
WBGene00174541.,0,0,0
WBGene00174542.,0,0,0
WBGene00174543.,0,0,0
WBGene00174544.,0,0,0
WBGene00174545.,0,0,0
WBGene00174546.,0,1,1
WBGene00174547.,0,0,0
WBGene00174548.,0,0,0
WBGene00174549.,0,0,0
WBGene00174550.,0,0,0
WBGene00174551.,0,2,2
WBGene00174552.,0,1,1
WBGene00174553.,0,0,0
WBGene00174554.,0,0,0
WBGene00174555.,0,0,0
WBGene00174556.,0,1,1
WBGene00174557.,0,0,0
WBGene00174558.,0,0,0
WBGene00174559.,0,1,1
WBGene00174560.,0,1,1
WBGene00174561.,0,0,0
WBGene00174562.,0,0,0
WBGene00174563.,0,0,0
WBGene00174564.,0,0,0
WBGene00174565.,0,0,0
WBGene00174566.,0,0,0
WBGene00174567.,0,0,0
WBGene00174568.,0,0,0
WBGene00174569.,0,0,0
WBGene00174570.,0,0,0
WBGene00174571.,0,0,0
WBGene00174572.,0,0,0
WBGene00174573.,0,0,0
WBGene00174574.,0,0,0
WBGene00174575.,0,0,0
WBGene00174576.,0,0,0
WBGene00174577.,0,0,0
WBGene00174578.,0,0,0
WBGene00174579.,0,2,2
WBGene00174580.,0,0,0
WBGene00174581.,0,0,0
WBGene00174582.,0,0,0
WBGene00174583.,0,0,0
WBGene00174584.,0,0,0
WBGene00174585.,0,0,0
WBGene00174586.,0,0,0
WBGene00174587.,0,0,0
WBGene00174588.,0,0,0
WBGene00174589.,0,0,0
WBGene00174590.,0,0,0
WBGene00174591.,0,0,0
WBGene00174592.,0,0,0
WBGene00174593.,0,0,0
WBGene00174594.,0,0,0
WBGene00174595.,0,0,0
WBGene00174596.,0,0,0
WBGene00174597.,0,0,0
WBGene00174598.,0,0,0
WBGene00174599.,0,0,0
WBGene00174600.,0,0,0
WBGene00174601.,0,0,0
WBGene00174602.,0,0,0
WBGene00174603.,0,2,2
WBGene00174604.,0,0,0
WBGene00174605.,0,0,0
WBGene00174606.,0,0,0
WBGene00174607.,0,3,3
WBGene00174608.,0,0,0
WBGene00174609.,0,0,0
WBGene00174610.,0,5,5
WBGene00174611.,0,0,0
WBGene00174612.,0,0,0
WBGene00174613.,0,0,0
WBGene00174614.,0,0,0
WBGene00174615.,0,2,2
WBGene00174616.,0,0,0
WBGene00174617.,0,0,0
WBGene00174618.,0,0,0
WBGene00174619.,0,0,0
WBGene00174620.,0,0,0
WBGene00174621.,0,0,0
WBGene00174622.,0,1,1
WBGene00174623.,0,0,0
WBGene00174624.,0,0,0
WBGene00174625.,0,0,0
WBGene00174626.,0,0,0
WBGene00174627.,0,0,0
WBGene00174628.,0,0,0
WBGene00174629.,0,0,0
WBGene00174630.,0,0,0
WBGene00174631.,0,0,0
WBGene00174632.,0,0,0
WBGene00174633.,0,0,0
WBGene00174634.,0,1,1
WBGene00174635.,0,0,0
WBGene00174636.,0,0,0
WBGene00174637.,0,0,0
WBGene00174638.,0,0,0
WBGene00174639.,0,0,0
WBGene00174640.,0,0,0
WBGene00174641.,0,0,0
WBGene00174642.,0,0,0
WBGene00174643.,0,0,0
WBGene00174644.,0,0,0
WBGene00174645.,0,0,0
WBGene00174646.,0,0,0
WBGene00174647.,0,0,0
WBGene00174648.,0,0,0
WBGene00174649.,0,0,0
WBGene00174650.,0,0,0
WBGene00174651.,0,0,0
WBGene00174652.,0,0,0
WBGene00174653.,0,2,2
WBGene00174654.,0,0,0
WBGene00174655.,0,0,0
WBGene00174656.,0,0,0
WBGene00174657.,0,0,0
WBGene00174658.,0,0,0
WBGene00174659.,0,1,1
WBGene00174660.,0,0,0
WBGene00174661.,0,0,0
WBGene00174662.,0,0,0
WBGene00174663.,0,0,0
WBGene00174664.,0,0,0
WBGene00174665.,0,0,0
WBGene00174666.,0,0,0
WBGene00174667.,0,0,0
WBGene00174668.,0,0,0
WBGene00174669.,0,0,0
WBGene00174670.,0,0,0
WBGene00174671.,0,0,0
WBGene00174672.,0,0,0
WBGene00174673.,0,13,13
WBGene00174674.,0,0,0
WBGene00174675.,0,0,0
WBGene00174676.,0,1,1
WBGene00174677.,0,0,0
WBGene00174678.,0,0,0
WBGene00174679.,0,0,0
WBGene00174680.,0,0,0
WBGene00174681.,0,0,0
WBGene00174682.,0,0,0
WBGene00174683.,0,0,0
WBGene00174684.,0,0,0
WBGene00174685.,0,0,0
WBGene00174686.,0,0,0
WBGene00174687.,0,0,0
WBGene00174688.,0,0,0
WBGene00174689.,0,0,0
WBGene00174690.,0,0,0
WBGene00174691.,0,0,0
WBGene00174692.,0,9,9
WBGene00174693.,0,0,0
WBGene00174694.,0,0,0
WBGene00174695.,0,1,1
WBGene00174696.,0,0,0
WBGene00174697.,0,1,1
WBGene00174698.,0,0,0
WBGene00174699.,0,0,0
WBGene00174700.,0,0,0
WBGene00174701.,0,0,0
WBGene00174702.,0,2,2
WBGene00174703.,0,0,0
WBGene00174704.,0,0,0
WBGene00174705.,0,0,0
WBGene00174706.,0,0,0
WBGene00174707.,0,2,2
WBGene00174708.,0,0,0
WBGene00174709.,0,0,0
WBGene00174710.,0,3,3
WBGene00174711.,0,1,1
WBGene00174712.,0,0,0
WBGene00174713.,0,0,0
WBGene00174714.,0,0,0
WBGene00174715.,0,1,1
WBGene00174716.,0,0,0
WBGene00174717.,0,0,0
WBGene00174718.,0,0,0
WBGene00174719.,0,0,0
WBGene00174720.,0,0,0
WBGene00174721.,0,1,1
WBGene00174722.,0,0,0
WBGene00174723.,0,0,0
WBGene00174724.,0,0,0
WBGene00174725.,0,0,0
WBGene00174726.,0,1,1
WBGene00174727.,0,0,0
WBGene00174728.,0,0,0
WBGene00174729.,0,0,0
WBGene00174730.,0,0,0
WBGene00174731.,0,0,0
WBGene00174732.,0,0,0
WBGene00174733.,0,0,0
WBGene00174734.,0,0,0
WBGene00174735.,0,0,0
WBGene00174736.,0,0,0
WBGene00174737.,0,0,0
WBGene00174738.,0,0,0
WBGene00174739.,0,0,0
WBGene00174740.,0,0,0
WBGene00174741.,0,3,3
WBGene00174742.,0,0,0
WBGene00174743.,0,0,0
WBGene00174744.,0,0,0
WBGene00174745.,0,0,0
WBGene00174746.,0,1,1
WBGene00174747.,0,0,0
WBGene00174748.,0,0,0
WBGene00174749.,0,0,0
WBGene00174750.,0,0,0
WBGene00174751.,0,0,0
WBGene00174752.,0,0,0
WBGene00174753.,0,0,0
WBGene00174754.,0,0,0
WBGene00174755.,0,0,0
WBGene00174756.,0,0,0
WBGene00174757.,0,0,0
WBGene00174758.,0,0,0
WBGene00174759.,0,0,0
WBGene00174760.,0,0,0
WBGene00174761.,0,0,0
WBGene00174762.,0,0,0
WBGene00174763.,0,0,0
WBGene00174764.,0,0,0
WBGene00174765.,0,0,0
WBGene00174766.,0,0,0
WBGene00174767.,0,0,0
WBGene00174768.,0,3,3
WBGene00174769.,0,0,0
WBGene00174770.,0,0,0
WBGene00174771.,0,0,0
WBGene00174772.,0,0,0
WBGene00174773.,0,1,1
WBGene00174774.,0,0,0
WBGene00174775.,0,0,0
WBGene00174776.,0,0,0
WBGene00174777.,0,0,0
WBGene00174778.,0,0,0
WBGene00174779.,0,0,0
WBGene00174780.,0,0,0
WBGene00174781.,0,0,0
WBGene00174782.,0,0,0
WBGene00174783.,0,0,0
WBGene00174784.,0,0,0
WBGene00174785.,0,0,0
WBGene00174786.,0,0,0
WBGene00174787.,0,1,1
WBGene00174788.,0,0,0
WBGene00174789.,0,0,0
WBGene00174790.,0,0,0
WBGene00174791.,0,0,0
WBGene00174792.,0,0,0
WBGene00174793.,0,1,1
WBGene00174794.,0,0,0
WBGene00174795.,0,0,0
WBGene00174796.,0,0,0
WBGene00174797.,0,0,0
WBGene00174798.,0,1,1
WBGene00174799.,0,0,0
WBGene00174800.,0,0,0
WBGene00174801.,0,0,0
WBGene00174802.,0,2,2
WBGene00174803.,0,0,0
WBGene00174804.,0,1,1
WBGene00174805.,0,0,0
WBGene00174806.,0,0,0
WBGene00174807.,0,0,0
WBGene00174808.,0,0,0
WBGene00174809.,0,0,0
WBGene00174810.,0,0,0
WBGene00174811.,0,0,0
WBGene00174812.,0,0,0
WBGene00174813.,0,0,0
WBGene00174814.,0,0,0
WBGene00174815.,0,0,0
WBGene00174816.,0,0,0
WBGene00174817.,0,0,0
WBGene00174818.,0,0,0
WBGene00174819.,0,0,0
WBGene00174820.,0,0,0
WBGene00174821.,0,2,2
WBGene00174822.,0,0,0
WBGene00174823.,0,0,0
WBGene00174824.,0,0,0
WBGene00174825.,0,0,0
WBGene00174826.,0,0,0
WBGene00174827.,0,0,0
WBGene00174828.,0,0,0
WBGene00174829.,0,0,0
WBGene00174830.,0,0,0
WBGene00174831.,0,0,0
WBGene00174832.,0,0,0
WBGene00174833.,0,2,2
WBGene00174834.,0,0,0
WBGene00174835.,0,0,0
WBGene00174836.,0,0,0
WBGene00174837.,0,0,0
WBGene00174838.,0,0,0
WBGene00174839.,0,0,0
WBGene00174840.,0,0,0
WBGene00174841.,0,1,1
WBGene00174842.,0,0,0
WBGene00174843.,0,0,0
WBGene00174844.,0,0,0
WBGene00174845.,0,0,0
WBGene00174846.,0,0,0
WBGene00174847.,0,0,0
WBGene00174848.,0,0,0
WBGene00174849.,0,0,0
WBGene00174850.,0,1,1
WBGene00174851.,0,0,0
WBGene00174852.,0,0,0
WBGene00174853.,0,0,0
WBGene00174854.,0,0,0
WBGene00174855.,0,0,0
WBGene00174856.,0,0,0
WBGene00174857.,0,0,0
WBGene00174858.,0,0,0
WBGene00174859.,0,0,0
WBGene00174860.,0,0,0
WBGene00174861.,0,0,0
WBGene00174862.,0,0,0
WBGene00174863.,0,0,0
WBGene00174864.,0,0,0
WBGene00174865.,0,0,0
WBGene00174866.,0,0,0
WBGene00174867.,0,0,0
WBGene00174868.,0,0,0
WBGene00174869.,0,0,0
WBGene00174870.,0,0,0
WBGene00174871.,0,0,0
WBGene00174872.,0,3,3
WBGene00174873.,0,0,0
WBGene00174874.,0,1,1
WBGene00174875.,0,0,0
WBGene00174876.,0,0,0
WBGene00174877.,0,0,0
WBGene00174878.,0,0,0
WBGene00174879.,0,0,0
WBGene00174880.,0,0,0
WBGene00174881.,0,0,0
WBGene00174882.,0,0,0
WBGene00174883.,0,0,0
WBGene00174884.,0,1,1
WBGene00174885.,0,0,0
WBGene00174886.,0,0,0
WBGene00174887.,0,0,0
WBGene00174888.,0,0,0
WBGene00174889.,0,0,0
WBGene00174890.,0,0,0
WBGene00174891.,0,0,0
WBGene00174892.,0,0,0
WBGene00174893.,0,0,0
WBGene00174894.,0,0,0
WBGene00174895.,0,2,2
WBGene00174896.,0,0,0
WBGene00174897.,0,0,0
WBGene00174898.,0,0,0
WBGene00174899.,0,0,0
WBGene00174900.,0,3,3
WBGene00174901.,0,0,0
WBGene00174902.,0,0,0
WBGene00174903.,0,0,0
WBGene00174904.,0,0,0
WBGene00174905.,0,0,0
WBGene00174906.,0,0,0
WBGene00174907.,0,0,0
WBGene00174908.,0,0,0
WBGene00174909.,0,0,0
WBGene00174910.,0,0,0
WBGene00174911.,0,0,0
WBGene00174912.,0,0,0
WBGene00174913.,0,0,0
WBGene00174914.,0,0,0
WBGene00174915.,0,0,0
WBGene00174916.,0,0,0
WBGene00174917.,0,0,0
WBGene00174918.,0,0,0
WBGene00174919.,0,0,0
WBGene00174920.,0,0,0
WBGene00174921.,0,0,0
WBGene00174922.,0,0,0
WBGene00174923.,0,0,0
WBGene00174924.,0,0,0
WBGene00174925.,0,0,0
WBGene00174926.,0,0,0
WBGene00174927.,0,0,0
WBGene00174928.,0,0,0
WBGene00174929.,0,0,0
WBGene00174930.,0,0,0
WBGene00174931.,0,0,0
WBGene00174932.,0,0,0
WBGene00174933.,0,0,0
WBGene00174934.,0,0,0
WBGene00174935.,0,0,0
WBGene00174936.,0,0,0
WBGene00174937.,0,0,0
WBGene00174938.,0,1,1
WBGene00174939.,0,0,0
WBGene00174940.,0,0,0
WBGene00174941.,0,0,0
WBGene00174942.,0,0,0
WBGene00174943.,0,0,0
WBGene00174944.,0,0,0
WBGene00174945.,0,0,0
WBGene00174946.,0,0,0
WBGene00174947.,0,0,0
WBGene00174948.,0,0,0
WBGene00174949.,0,1,1
WBGene00174950.,0,0,0
WBGene00174951.,0,0,0
WBGene00174952.,0,0,0
WBGene00174953.,0,0,0
WBGene00174954.,0,0,0
WBGene00174955.,0,3,3
WBGene00174956.,0,0,0
WBGene00174957.,0,0,0
WBGene00174958.,0,0,0
WBGene00174959.,0,0,0
WBGene00174960.,0,0,0
WBGene00174961.,0,0,0
WBGene00174962.,0,0,0
WBGene00174963.,0,0,0
WBGene00174964.,0,0,0
WBGene00174965.,0,0,0
WBGene00174966.,0,0,0
WBGene00174967.,0,0,0
WBGene00174968.,0,0,0
WBGene00174969.,0,0,0
WBGene00174970.,0,0,0
WBGene00174971.,0,13,13
WBGene00174972.,0,0,0
WBGene00174973.,0,0,0
WBGene00174974.,0,0,0
WBGene00174975.,0,0,0
WBGene00174976.,0,0,0
WBGene00174977.,0,0,0
WBGene00174978.,0,0,0
WBGene00174979.,0,0,0
WBGene00174980.,0,0,0
WBGene00174981.,0,0,0
WBGene00174982.,0,1,1
WBGene00174983.,0,0,0
WBGene00174984.,0,0,0
WBGene00174985.,0,0,0
WBGene00174986.,0,0,0
WBGene00174987.,0,0,0
WBGene00174988.,0,3,3
WBGene00174989.,0,0,0
WBGene00174990.,0,0,0
WBGene00174991.,0,0,0
WBGene00174992.,0,0,0
WBGene00174993.,0,0,0
WBGene00174994.,0,0,0
WBGene00174995.,0,0,0
WBGene00174996.,0,0,0
WBGene00174997.,0,0,0
WBGene00174998.,0,0,0
WBGene00174999.,0,0,0
WBGene00175000.,0,0,0
WBGene00175001.,0,0,0
WBGene00175002.,0,0,0
WBGene00175003.,0,0,0
WBGene00175004.,0,0,0
WBGene00175005.,0,1,1
WBGene00175006.,0,2,2
WBGene00175007.,0,0,0
WBGene00175008.,0,0,0
WBGene00175009.,0,0,0
WBGene00175010.,0,0,0
WBGene00175011.,0,0,0
WBGene00175012.,0,0,0
WBGene00175013.,0,0,0
WBGene00175014.,0,0,0
WBGene00175015.,0,0,0
WBGene00175016.,0,0,0
WBGene00175017.,0,0,0
WBGene00175018.,0,0,0
WBGene00175019.,0,0,0
WBGene00175020.,0,0,0
WBGene00175021.,0,0,0
WBGene00175022.,0,0,0
WBGene00175023.,0,0,0
WBGene00175024.,0,0,0
WBGene00175025.,0,0,0
WBGene00175027.,52,37,89
WBGene00175028.,1,1,2
WBGene00175029.,40,126,166
WBGene00175030.,9,494,503
WBGene00175031.,1,0,1
WBGene00175034.,4,143,147
WBGene00175035.,40,219,259
WBGene00175036.,0,6,6
WBGene00184956.,1,10,11
WBGene00184990.,7,96,103
WBGene00185001.,80,600,680
WBGene00185002.,33,82,115
WBGene00185005.,13,266,279
WBGene00185006.,4,3,7
WBGene00185014.,59,262,321
WBGene00185048.,117,860,977
WBGene00185055.,0,4,4
WBGene00185067.,0,0,0
WBGene00185076.,84,339,423
WBGene00185077.,0,17,17
WBGene00185078.,412,127,539
WBGene00185079.,111,572,683
WBGene00185086.,6,73,79
WBGene00185088.,5,156,161
WBGene00185089.,3,36,39
WBGene00185092.,3,9,12
WBGene00185093.,0,0,0
WBGene00185095.,0,0,0
WBGene00185096.,0,0,0
WBGene00185097.,1,1,2
WBGene00185098.,27,162,189
WBGene00185100.,2,2,4
WBGene00185101.,4,1,5
WBGene00185102.,27,298,325
WBGene00185116.,0,3,3
WBGene00185117.,7,29,36
WBGene00185118.,395,862,1257
WBGene00185119.,0,0,0
WBGene00189930.,0,0,0
WBGene00189931.,0,0,0
WBGene00189932.,0,0,0
WBGene00189933.,7,20,27
WBGene00189937.,1,3,4
WBGene00189943.,1,0,1
WBGene00189944.,8,18,26
WBGene00189946.,0,0,0
WBGene00189947.,0,2,2
WBGene00189948.,1,8,9
WBGene00189949.,6,8,14
WBGene00189950.,7,5,12
WBGene00189951.,25,132,157
WBGene00189952.,12,50,62
WBGene00189953.,0,0,0
WBGene00189954.,0,1,1
WBGene00189955.,0,0,0
WBGene00189956.,17,9,26
WBGene00189957.,5,14,19
WBGene00189958.,24,703,727
WBGene00189961.,4,5,9
WBGene00189964.,0,0,0
WBGene00189966.,0,0,0
WBGene00189967.,0,0,0
WBGene00189968.,0,0,0
WBGene00189969.,0,0,0
WBGene00189970.,0,0,0
WBGene00189971.,0,0,0
WBGene00189972.,0,0,0
WBGene00189973.,0,0,0
WBGene00189974.,0,0,0
WBGene00189975.,0,0,0
WBGene00189976.,0,0,0
WBGene00189977.,0,0,0
WBGene00189978.,0,0,0
WBGene00189979.,0,0,0
WBGene00189980.,0,0,0
WBGene00189981.,0,0,0
WBGene00189982.,0,0,0
WBGene00189983.,0,0,0
WBGene00189984.,0,0,0
WBGene00189985.,0,0,0
WBGene00189986.,0,0,0
WBGene00189987.,3,12,15
WBGene00189993.,1,4,5
WBGene00189995.,3,0,3
WBGene00194641.,228,976,1204
WBGene00194642.,124,508,632
WBGene00194643.,47,45,92
WBGene00194644.,31,81,112
WBGene00194645.,0,0,0
WBGene00194646.,2,1,3
WBGene00194647.,1,0,1
WBGene00194649.,5,27,32
WBGene00194650.,6,10,16
WBGene00194651.,57,373,430
WBGene00194652.,9,8,17
WBGene00194653.,0,0,0
WBGene00194654.,0,2,2
WBGene00194656.,2,1,3
WBGene00194657.,39,113,152
WBGene00194658.,21,170,191
WBGene00194659.,6,43,49
WBGene00194660.,0,16,16
WBGene00194661.,2,11,13
WBGene00194663.,0,4,4
WBGene00194664.,8,52,60
WBGene00194665.,19,16,35
WBGene00194666.,0,0,0
WBGene00194667.,149,54,203
WBGene00194668.,0,2,2
WBGene00194669.,13,16,29
WBGene00194670.,0,1,1
WBGene00194672.,0,3,3
WBGene00194673.,0,1,1
WBGene00194674.,6,39,45
WBGene00194675.,0,0,0
WBGene00194676.,4,7,11
WBGene00194677.,5,6,11
WBGene00194678.,0,3,3
WBGene00194679.,10,83,93
WBGene00194680.,22,419,441
WBGene00194681.,122,944,1066
WBGene00194682.,5,30,35
WBGene00194683.,22,144,166
WBGene00194684.,2,2,4
WBGene00194686.,1,0,1
WBGene00194687.,2,0,2
WBGene00194689.,10,130,140
WBGene00194690.,16,24,40
WBGene00194691.,1,7,8
WBGene00194692.,223,1820,2043
WBGene00194695.,1,0,1
WBGene00194696.,0,0,0
WBGene00194697.,6,24,30
WBGene00194698.,0,0,0
WBGene00194699.,0,12,12
WBGene00194700.,1,8,9
WBGene00194701.,0,0,0
WBGene00194702.,4,0,4
WBGene00194703.,0,0,0
WBGene00194704.,0,0,0
WBGene00194706.,23,213,236
WBGene00194707.,28,516,544
WBGene00194708.,2,3,5
WBGene00194710.,36,115,151
WBGene00194711.,0,0,0
WBGene00194712.,17,27,44
WBGene00194713.,0,14,14
WBGene00194714.,0,0,0
WBGene00194715.,0,0,0
WBGene00194716.,0,28,28
WBGene00194717.,1,0,1
WBGene00194725.,0,9,9
WBGene00194726.,1,6,7
WBGene00194727.,2,8,10
WBGene00194729.,11,36,47
WBGene00194730.,7,0,7
WBGene00194731.,25,49,74
WBGene00194733.,1,0,1
WBGene00194734.,1,3,4
WBGene00194735.,10,0,10
WBGene00194737.,9,0,9
WBGene00194738.,1,1,2
WBGene00194742.,10,51,61
WBGene00194744.,0,11,11
WBGene00194746.,0,1,1
WBGene00194747.,69,669,738
WBGene00194748.,0,158,158
WBGene00194759.,0,0,0
WBGene00194768.,0,2,2
WBGene00194769.,12,13,25
WBGene00194771.,1,0,1
WBGene00194780.,0,0,0
WBGene00194783.,2,0,2
WBGene00194784.,5,3,8
WBGene00194785.,4,7,11
WBGene00194786.,9,0,9
WBGene00194787.,0,0,0
WBGene00194788.,1,0,1
WBGene00194792.,4,2,6
WBGene00194793.,2,5,7
WBGene00194794.,0,19,19
WBGene00194795.,0,7,7
WBGene00194799.,0,0,0
WBGene00194800.,1,1,2
WBGene00194801.,0,0,0
WBGene00194802.,0,0,0
WBGene00194803.,1,8,9
WBGene00194804.,0,0,0
WBGene00194805.,0,0,0
WBGene00194806.,0,0,0
WBGene00194807.,0,2,2
WBGene00194808.,0,0,0
WBGene00194809.,0,0,0
WBGene00194810.,0,1,1
WBGene00194811.,0,1,1
WBGene00194812.,0,52,52
WBGene00194814.,18,143,161
WBGene00194815.,8,6,14
WBGene00194816.,2,8,10
WBGene00194821.,2,2,4
WBGene00194822.,0,0,0
WBGene00194823.,0,0,0
WBGene00194824.,0,1,1
WBGene00194825.,0,0,0
WBGene00194826.,0,1,1
WBGene00194827.,0,2,2
WBGene00194828.,0,0,0
WBGene00194829.,0,0,0
WBGene00194830.,0,1,1
WBGene00194831.,0,0,0
WBGene00194832.,0,25,25
WBGene00194833.,0,0,0
WBGene00194834.,0,0,0
WBGene00194835.,1,7,8
WBGene00194836.,430,163,593
WBGene00194839.,0,4,4
WBGene00194840.,0,0,0
WBGene00194841.,1,0,1
WBGene00194842.,4,1,5
WBGene00194843.,1,7,8
WBGene00194844.,0,4,4
WBGene00194847.,3,5,8
WBGene00194848.,4,7,11
WBGene00194849.,8,10,18
WBGene00194850.,0,1,1
WBGene00194851.,0,0,0
WBGene00194852.,8,39,47
WBGene00194853.,3,0,3
WBGene00194854.,0,0,0
WBGene00194855.,13,31,44
WBGene00194856.,224,91,315
WBGene00194861.,8,20,28
WBGene00194864.,0,0,0
WBGene00194865.,2,1,3
WBGene00194866.,49,56,105
WBGene00194867.,0,1,1
WBGene00194868.,17,1,18
WBGene00194869.,0,222,222
WBGene00194870.,11,28,39
WBGene00194871.,0,0,0
WBGene00194883.,40,498,538
WBGene00194884.,5,3,8
WBGene00194885.,0,0,0
WBGene00194886.,1,14,15
WBGene00194888.,0,1,1
WBGene00194890.,26,0,26
WBGene00194891.,0,5,5
WBGene00194892.,21,97,118
WBGene00194894.,0,0,0
WBGene00194895.,2,74,76
WBGene00194896.,45,0,45
WBGene00194898.,0,0,0
WBGene00194902.,8,2,10
WBGene00194905.,52,208,260
WBGene00194906.,1,7,8
WBGene00194907.,0,3,3
WBGene00194908.,48,211,259
WBGene00194909.,29,223,252
WBGene00194910.,41,78,119
WBGene00194912.,1,2,3
WBGene00194913.,79,92,171
WBGene00194914.,0,2,2
WBGene00194915.,12,134,146
WBGene00194916.,1,5,6
WBGene00194917.,9,24,33
WBGene00194918.,0,1,1
WBGene00194919.,6,7,13
WBGene00194920.,2,0,2
WBGene00194921.,62,360,422
WBGene00194922.,0,5,5
WBGene00194923.,0,0,0
WBGene00194924.,0,0,0
WBGene00194925.,0,0,0
WBGene00194926.,24,189,213
WBGene00194927.,0,1,1
WBGene00194928.,15,118,133
WBGene00194929.,0,2,2
WBGene00194930.,0,0,0
WBGene00194931.,0,1,1
WBGene00194932.,0,0,0
WBGene00194933.,0,1,1
WBGene00194934.,6,105,111
WBGene00194935.,0,0,0
WBGene00194939.,2,2,4
WBGene00194940.,0,3,3
WBGene00194945.,0,0,0
WBGene00194951.,0,1,1
WBGene00194952.,0,3,3
WBGene00194955.,60,41,101
WBGene00194957.,4,11,15
WBGene00194981.,3,0,3
WBGene00194982.,24,146,170
WBGene00194983.,0,0,0
WBGene00194984.,0,0,0
WBGene00194985.,0,0,0
WBGene00194986.,0,0,0
WBGene00194987.,0,0,0
WBGene00194988.,0,0,0
WBGene00194989.,0,0,0
WBGene00194990.,0,0,0
WBGene00194991.,0,0,0
WBGene00194992.,0,13,13
WBGene00194993.,0,12,12
WBGene00194994.,0,0,0
WBGene00194995.,0,0,0
WBGene00194996.,0,0,0
WBGene00194997.,0,0,0
WBGene00194998.,9,83,92
WBGene00194999.,0,0,0
WBGene00195000.,0,36,36
WBGene00195001.,0,0,0
WBGene00195002.,0,0,0
WBGene00195003.,1,1,2
WBGene00195004.,6,5,11
WBGene00195005.,0,140,140
WBGene00195006.,3,4,7
WBGene00195007.,0,0,0
WBGene00195008.,0,0,0
WBGene00195009.,1,0,1
WBGene00195010.,0,1,1
WBGene00195011.,26,64,90
WBGene00195012.,18,4,22
WBGene00195016.,0,23,23
WBGene00195017.,0,25,25
WBGene00195018.,0,0,0
WBGene00195019.,0,0,0
WBGene00195020.,0,0,0
WBGene00195021.,0,3,3
WBGene00195022.,0,0,0
WBGene00195023.,0,0,0
WBGene00195024.,0,0,0
WBGene00195025.,0,0,0
WBGene00195026.,0,0,0
WBGene00195027.,0,0,0
WBGene00195028.,0,0,0
WBGene00195029.,0,0,0
WBGene00195030.,0,0,0
WBGene00195031.,0,0,0
WBGene00195032.,0,0,0
WBGene00195033.,0,0,0
WBGene00195034.,0,0,0
WBGene00195035.,0,0,0
WBGene00195036.,0,0,0
WBGene00195037.,0,0,0
WBGene00195038.,0,0,0
WBGene00195039.,0,0,0
WBGene00195040.,0,3,3
WBGene00195043.,0,281,281
WBGene00195045.,7,11,18
WBGene00195046.,6,7,13
WBGene00195048.,1,7,8
WBGene00195049.,25,22,47
WBGene00195050.,15,46,61
WBGene00195051.,0,56,56
WBGene00195056.,77,534,611
WBGene00195057.,1,1,2
WBGene00195058.,11,3,14
WBGene00195060.,93,849,942
WBGene00195061.,3,2,5
WBGene00195063.,62,921,983
WBGene00195064.,12,0,12
WBGene00195065.,1,1,2
WBGene00195067.,9,44,53
WBGene00195068.,20,54,74
WBGene00195069.,4,13,17
WBGene00195070.,0,8,8
WBGene00195071.,0,4,4
WBGene00195072.,1,4,5
WBGene00195073.,216,703,919
WBGene00195077.,0,1,1
WBGene00195081.,5,28,33
WBGene00195084.,61,271,332
WBGene00195086.,5,235,240
WBGene00195093.,49,655,704
WBGene00195117.,0,1,1
WBGene00195142.,0,276,276
WBGene00195143.,113,325,438
WBGene00195144.,4,3,7
WBGene00195145.,13,23,36
WBGene00195146.,0,239,239
WBGene00195147.,16,18,34
WBGene00195148.,9,0,9
WBGene00195149.,0,1,1
WBGene00195150.,0,1,1
WBGene00195151.,0,1,1
WBGene00195154.,4,2,6
WBGene00195155.,1,8,9
WBGene00195157.,8,10,18
WBGene00195158.,1,1,2
WBGene00195159.,0,17,17
WBGene00195160.,0,0,0
WBGene00195164.,0,5,5
WBGene00195165.,1,0,1
WBGene00195166.,9,381,390
WBGene00195168.,0,1,1
WBGene00195169.,14,39,53
WBGene00195170.,1,5,6
WBGene00195171.,1,0,1
WBGene00195172.,0,0,0
WBGene00195174.,5,8,13
WBGene00195175.,0,493,493
WBGene00195176.,0,8,8
WBGene00195177.,0,0,0
WBGene00195178.,3,3,6
WBGene00195179.,11,5,16
WBGene00195180.,8,30,38
WBGene00195181.,0,0,0
WBGene00195182.,7,6,13
WBGene00195183.,6,21,27
WBGene00195184.,2,17,19
WBGene00195185.,474,604,1078
WBGene00195186.,18,125,143
WBGene00195188.,0,1,1
WBGene00195189.,5,18,23
WBGene00195192.,19,39,58
WBGene00195208.,3,20,23
WBGene00195209.,0,52,52
WBGene00195210.,7,24,31
WBGene00195211.,6,3,9
WBGene00195212.,18,40,58
WBGene00195213.,3,5,8
WBGene00195214.,0,0,0
WBGene00195215.,0,2,2
WBGene00195226.,3,10,13
WBGene00195227.,0,0,0
WBGene00195228.,0,1,1
WBGene00195229.,0,0,0
WBGene00195230.,0,0,0
WBGene00195231.,0,0,0
WBGene00195232.,2,9,11
WBGene00195233.,157,1579,1736
WBGene00195234.,3,6,9
WBGene00195235.,0,0,0
WBGene00195236.,0,0,0
WBGene00195237.,0,0,0
WBGene00195238.,0,0,0
WBGene00195239.,62,411,473
WBGene00195240.,0,0,0
WBGene00195241.,0,0,0
WBGene00195242.,0,1,1
WBGene00195243.,1,4,5
WBGene00195244.,1,4,5
WBGene00195245.,0,74,74
WBGene00195246.,5,27,32
WBGene00195247.,0,0,0
WBGene00195248.,18,37,55
WBGene00195250.,0,2,2
WBGene00195252.,15,4,19
WBGene00195253.,7,72,79
WBGene00195254.,2,0,2
WBGene00195255.,5,17,22
WBGene00195256.,0,0,0
WBGene00195257.,74,107,181
WBGene00195258.,0,3,3
WBGene00195259.,0,0,0
WBGene00195260.,0,0,0
WBGene00195261.,0,1,1
WBGene00195262.,0,0,0
WBGene00195263.,0,0,0
WBGene00195264.,0,0,0
WBGene00195265.,0,4,4
WBGene00195266.,0,2,2
WBGene00195267.,0,1,1
WBGene00195268.,0,1,1
WBGene00195269.,0,0,0
WBGene00195270.,0,0,0
WBGene00195271.,0,0,0
WBGene00195272.,0,0,0
WBGene00195273.,0,0,0
WBGene00195274.,0,0,0
WBGene00195275.,0,3,3
WBGene00195276.,0,1,1
WBGene00195277.,0,0,0
WBGene00195278.,0,1,1
WBGene00195279.,0,1,1
WBGene00195280.,0,0,0
WBGene00195281.,0,0,0
WBGene00195282.,0,0,0
WBGene00195283.,0,1,1
WBGene00195284.,0,0,0
WBGene00195285.,0,0,0
WBGene00195286.,0,4,4
WBGene00195287.,0,1,1
WBGene00195288.,0,0,0
WBGene00195289.,0,1,1
WBGene00195290.,0,0,0
WBGene00195291.,0,0,0
WBGene00195292.,0,0,0
WBGene00195293.,0,0,0
WBGene00195294.,0,2,2
WBGene00195295.,0,5,5
WBGene00195296.,0,1,1
WBGene00195297.,0,0,0
WBGene00195298.,0,0,0
WBGene00195299.,0,2,2
WBGene00195300.,0,1,1
WBGene00195301.,0,0,0
WBGene00195302.,0,0,0
WBGene00195303.,0,0,0
WBGene00195304.,0,0,0
WBGene00195305.,0,0,0
WBGene00195306.,0,1,1
WBGene00195307.,0,0,0
WBGene00195308.,0,3,3
WBGene00195309.,0,4,4
WBGene00195310.,0,0,0
WBGene00195311.,0,0,0
WBGene00195312.,0,0,0
WBGene00195313.,0,0,0
WBGene00195314.,0,0,0
WBGene00195315.,0,0,0
WBGene00195316.,0,0,0
WBGene00195317.,0,0,0
WBGene00195318.,0,0,0
WBGene00195319.,0,1,1
WBGene00195320.,0,0,0
WBGene00195321.,0,0,0
WBGene00195322.,0,0,0
WBGene00195323.,0,0,0
WBGene00195324.,0,0,0
WBGene00195325.,0,6,6
WBGene00195326.,0,0,0
WBGene00195327.,0,0,0
WBGene00195328.,0,0,0
WBGene00195329.,0,0,0
WBGene00195330.,0,27,27
WBGene00195331.,0,0,0
WBGene00195332.,0,0,0
WBGene00195333.,0,3,3
WBGene00195334.,0,0,0
WBGene00195335.,0,0,0
WBGene00195336.,0,2,2
WBGene00195337.,0,0,0
WBGene00195338.,0,1,1
WBGene00195339.,0,0,0
WBGene00195340.,0,0,0
WBGene00195341.,0,0,0
WBGene00195342.,0,0,0
WBGene00195343.,0,0,0
WBGene00195344.,0,0,0
WBGene00195345.,0,0,0
WBGene00195346.,0,0,0
WBGene00195347.,0,2,2
WBGene00195348.,0,0,0
WBGene00195349.,0,0,0
WBGene00195350.,0,0,0
WBGene00195351.,0,3,3
WBGene00195352.,0,0,0
WBGene00195353.,0,0,0
WBGene00195354.,0,1,1
WBGene00195355.,0,0,0
WBGene00195356.,0,32,32
WBGene00195357.,0,0,0
WBGene00195358.,0,0,0
WBGene00195359.,0,6,6
WBGene00195360.,0,1,1
WBGene00195361.,0,0,0
WBGene00195362.,0,0,0
WBGene00195363.,0,27,27
WBGene00195364.,0,3,3
WBGene00195365.,0,0,0
WBGene00195366.,0,11,11
WBGene00195367.,0,0,0
WBGene00195368.,0,0,0
WBGene00195369.,0,2,2
WBGene00195370.,0,4,4
WBGene00195371.,0,1,1
WBGene00195372.,0,0,0
WBGene00195373.,0,0,0
WBGene00195374.,0,3,3
WBGene00195375.,0,1,1
WBGene00195376.,0,0,0
WBGene00195377.,0,0,0
WBGene00195378.,0,2,2
WBGene00195379.,0,0,0
WBGene00195380.,0,0,0
WBGene00195381.,0,0,0
WBGene00195382.,0,2,2
WBGene00195383.,0,0,0
WBGene00195384.,0,1,1
WBGene00195385.,0,1,1
WBGene00195386.,0,7,7
WBGene00195387.,0,0,0
WBGene00195388.,0,0,0
WBGene00195389.,0,0,0
WBGene00195390.,0,0,0
WBGene00195391.,0,1,1
WBGene00195392.,0,0,0
WBGene00195393.,0,0,0
WBGene00195394.,0,1,1
WBGene00195395.,0,0,0
WBGene00195396.,0,0,0
WBGene00195397.,0,0,0
WBGene00195398.,0,1,1
WBGene00195399.,0,0,0
WBGene00195400.,0,0,0
WBGene00195401.,0,2,2
WBGene00195402.,0,3,3
WBGene00195403.,0,2,2
WBGene00195404.,0,0,0
WBGene00195405.,0,8,8
WBGene00195406.,0,3,3
WBGene00195407.,0,0,0
WBGene00195408.,0,0,0
WBGene00195409.,0,0,0
WBGene00195410.,0,0,0
WBGene00195411.,0,0,0
WBGene00195412.,0,0,0
WBGene00195413.,0,1,1
WBGene00195414.,0,6,6
WBGene00195415.,0,0,0
WBGene00195416.,0,2,2
WBGene00195417.,0,1,1
WBGene00195418.,0,0,0
WBGene00195419.,0,0,0
WBGene00195420.,0,0,0
WBGene00195421.,0,1,1
WBGene00195422.,0,0,0
WBGene00195423.,0,2,2
WBGene00195424.,0,4,4
WBGene00195425.,0,0,0
WBGene00195426.,0,3,3
WBGene00195427.,0,1,1
WBGene00195428.,0,0,0
WBGene00195429.,0,0,0
WBGene00195430.,0,0,0
WBGene00195431.,0,0,0
WBGene00195432.,0,2,2
WBGene00195433.,0,0,0
WBGene00195434.,0,0,0
WBGene00195435.,0,0,0
WBGene00195436.,0,20,20
WBGene00195437.,0,0,0
WBGene00195438.,0,0,0
WBGene00195439.,0,0,0
WBGene00195440.,0,2,2
WBGene00195441.,0,2,2
WBGene00195442.,0,1,1
WBGene00195443.,0,0,0
WBGene00195444.,0,0,0
WBGene00195445.,0,0,0
WBGene00195446.,0,0,0
WBGene00195447.,0,0,0
WBGene00195448.,0,0,0
WBGene00195449.,0,1,1
WBGene00195450.,0,0,0
WBGene00195451.,0,1,1
WBGene00195452.,0,0,0
WBGene00195453.,0,8,8
WBGene00195454.,0,10,10
WBGene00195455.,0,0,0
WBGene00195456.,0,1,1
WBGene00195457.,0,0,0
WBGene00195458.,0,1,1
WBGene00195459.,0,0,0
WBGene00195460.,0,0,0
WBGene00195461.,0,0,0
WBGene00195462.,0,0,0
WBGene00195463.,0,0,0
WBGene00195464.,0,1,1
WBGene00195465.,0,0,0
WBGene00195466.,0,0,0
WBGene00195467.,0,1,1
WBGene00195468.,0,0,0
WBGene00195469.,0,0,0
WBGene00195470.,0,0,0
WBGene00195471.,0,1,1
WBGene00195472.,0,0,0
WBGene00195473.,0,1,1
WBGene00195474.,0,1,1
WBGene00195475.,0,0,0
WBGene00195476.,0,0,0
WBGene00195477.,0,0,0
WBGene00195478.,0,0,0
WBGene00195479.,0,0,0
WBGene00195480.,0,0,0
WBGene00195481.,0,0,0
WBGene00195482.,0,0,0
WBGene00195483.,0,1,1
WBGene00195484.,0,9,9
WBGene00195485.,0,3,3
WBGene00195486.,0,1,1
WBGene00195487.,0,2,2
WBGene00195488.,0,0,0
WBGene00195489.,0,0,0
WBGene00195490.,0,1,1
WBGene00195491.,0,0,0
WBGene00195492.,0,0,0
WBGene00195493.,0,0,0
WBGene00195494.,0,4,4
WBGene00195495.,0,2,2
WBGene00195496.,0,0,0
WBGene00195497.,0,4,4
WBGene00195498.,0,0,0
WBGene00195499.,0,0,0
WBGene00195500.,0,0,0
WBGene00195501.,0,2,2
WBGene00195502.,0,0,0
WBGene00195503.,0,0,0
WBGene00195504.,0,1,1
WBGene00195505.,0,0,0
WBGene00195506.,0,0,0
WBGene00195507.,0,2,2
WBGene00195508.,0,0,0
WBGene00195509.,0,1,1
WBGene00195510.,0,0,0
WBGene00195511.,0,3,3
WBGene00195512.,0,0,0
WBGene00195513.,0,1,1
WBGene00195514.,0,0,0
WBGene00195515.,0,0,0
WBGene00195516.,0,0,0
WBGene00195517.,0,0,0
WBGene00195518.,0,0,0
WBGene00195519.,0,0,0
WBGene00195520.,0,0,0
WBGene00195521.,0,2,2
WBGene00195522.,0,1,1
WBGene00195523.,0,0,0
WBGene00195524.,0,0,0
WBGene00195525.,0,1,1
WBGene00195526.,0,0,0
WBGene00195527.,0,0,0
WBGene00195528.,0,1,1
WBGene00195529.,0,1,1
WBGene00195530.,0,0,0
WBGene00195531.,0,1,1
WBGene00195532.,0,0,0
WBGene00195533.,0,0,0
WBGene00195534.,0,0,0
WBGene00195535.,0,0,0
WBGene00195536.,0,3,3
WBGene00195537.,0,0,0
WBGene00195538.,0,0,0
WBGene00195539.,0,0,0
WBGene00195540.,0,0,0
WBGene00195541.,0,1,1
WBGene00195542.,0,32,32
WBGene00195543.,0,1,1
WBGene00195544.,0,0,0
WBGene00195545.,0,0,0
WBGene00195546.,0,0,0
WBGene00195547.,0,3,3
WBGene00195548.,0,0,0
WBGene00195549.,0,2,2
WBGene00195550.,0,5,5
WBGene00195551.,0,2,2
WBGene00195552.,0,3,3
WBGene00195553.,0,1,1
WBGene00195554.,0,0,0
WBGene00195555.,0,0,0
WBGene00195556.,0,1,1
WBGene00195557.,0,0,0
WBGene00195558.,0,1,1
WBGene00195559.,0,4,4
WBGene00195560.,0,2,2
WBGene00195561.,0,0,0
WBGene00195562.,0,3,3
WBGene00195563.,0,3,3
WBGene00195564.,0,4,4
WBGene00195565.,0,1,1
WBGene00195566.,0,2,2
WBGene00195567.,0,0,0
WBGene00195568.,0,0,0
WBGene00195569.,0,0,0
WBGene00195570.,0,1,1
WBGene00195571.,0,0,0
WBGene00195572.,0,1,1
WBGene00195573.,0,0,0
WBGene00195574.,0,1,1
WBGene00195575.,0,3,3
WBGene00195576.,0,0,0
WBGene00195577.,0,0,0
WBGene00195578.,0,1,1
WBGene00195579.,0,0,0
WBGene00195580.,0,0,0
WBGene00195581.,0,0,0
WBGene00195582.,0,0,0
WBGene00195583.,0,1,1
WBGene00195584.,0,0,0
WBGene00195585.,0,2,2
WBGene00195586.,0,6,6
WBGene00195587.,0,0,0
WBGene00195588.,0,10,10
WBGene00195589.,0,0,0
WBGene00195590.,0,2,2
WBGene00195591.,0,3,3
WBGene00195592.,0,0,0
WBGene00195593.,0,0,0
WBGene00195594.,0,1,1
WBGene00195595.,0,0,0
WBGene00195596.,0,2,2
WBGene00195597.,0,0,0
WBGene00195598.,0,1,1
WBGene00195599.,0,0,0
WBGene00195600.,0,0,0
WBGene00195601.,0,2,2
WBGene00195602.,0,0,0
WBGene00195603.,0,0,0
WBGene00195604.,0,1,1
WBGene00195605.,0,0,0
WBGene00195606.,0,0,0
WBGene00195607.,0,0,0
WBGene00195608.,0,0,0
WBGene00195609.,0,0,0
WBGene00195610.,0,0,0
WBGene00195611.,0,1,1
WBGene00195612.,0,0,0
WBGene00195613.,0,1,1
WBGene00195614.,0,0,0
WBGene00195615.,0,3,3
WBGene00195616.,0,13,13
WBGene00195617.,0,0,0
WBGene00195618.,0,0,0
WBGene00195619.,0,0,0
WBGene00195620.,0,0,0
WBGene00195621.,0,0,0
WBGene00195622.,0,0,0
WBGene00195623.,0,5,5
WBGene00195624.,0,0,0
WBGene00195625.,0,0,0
WBGene00195626.,0,0,0
WBGene00195627.,0,0,0
WBGene00195628.,0,1,1
WBGene00195629.,0,0,0
WBGene00195630.,0,1,1
WBGene00195631.,0,0,0
WBGene00195632.,0,0,0
WBGene00195633.,0,0,0
WBGene00195634.,0,0,0
WBGene00195635.,0,0,0
WBGene00195636.,0,2,2
WBGene00195637.,0,0,0
WBGene00195638.,0,0,0
WBGene00195639.,0,4,4
WBGene00195640.,0,0,0
WBGene00195641.,0,0,0
WBGene00195642.,0,0,0
WBGene00195643.,0,0,0
WBGene00195644.,0,0,0
WBGene00195645.,0,0,0
WBGene00195646.,0,1,1
WBGene00195647.,0,0,0
WBGene00195648.,0,2,2
WBGene00195649.,0,0,0
WBGene00195650.,0,1,1
WBGene00195651.,0,0,0
WBGene00195652.,0,0,0
WBGene00195653.,0,0,0
WBGene00195654.,0,0,0
WBGene00195655.,0,0,0
WBGene00195656.,0,9,9
WBGene00195657.,0,0,0
WBGene00195658.,0,0,0
WBGene00195659.,0,0,0
WBGene00195660.,0,0,0
WBGene00195661.,0,2,2
WBGene00195662.,0,3,3
WBGene00195663.,0,0,0
WBGene00195664.,0,0,0
WBGene00195665.,0,0,0
WBGene00195666.,0,1,1
WBGene00195667.,0,1,1
WBGene00195668.,0,0,0
WBGene00195669.,0,0,0
WBGene00195670.,0,1,1
WBGene00195671.,0,0,0
WBGene00195672.,0,0,0
WBGene00195673.,0,0,0
WBGene00195674.,0,0,0
WBGene00195675.,0,0,0
WBGene00195676.,0,0,0
WBGene00195677.,0,3,3
WBGene00195678.,0,0,0
WBGene00195679.,0,0,0
WBGene00195680.,0,0,0
WBGene00195681.,0,0,0
WBGene00195682.,0,0,0
WBGene00195683.,0,0,0
WBGene00195684.,0,0,0
WBGene00195685.,0,9,9
WBGene00195686.,0,0,0
WBGene00195687.,0,2,2
WBGene00195688.,0,0,0
WBGene00195689.,0,2,2
WBGene00195690.,0,0,0
WBGene00195691.,0,5,5
WBGene00195692.,0,0,0
WBGene00195693.,0,3,3
WBGene00195694.,0,0,0
WBGene00195695.,0,0,0
WBGene00195696.,0,0,0
WBGene00195697.,0,0,0
WBGene00195698.,0,0,0
WBGene00195699.,0,0,0
WBGene00195700.,0,0,0
WBGene00195701.,0,1,1
WBGene00195702.,0,0,0
WBGene00195703.,0,0,0
WBGene00195704.,0,0,0
WBGene00195705.,0,9,9
WBGene00195706.,0,0,0
WBGene00195707.,0,0,0
WBGene00195708.,0,3,3
WBGene00195709.,0,1,1
WBGene00195710.,0,0,0
WBGene00195711.,0,0,0
WBGene00195712.,0,2,2
WBGene00195713.,0,2,2
WBGene00195714.,0,0,0
WBGene00195715.,0,0,0
WBGene00195716.,0,4,4
WBGene00195717.,0,0,0
WBGene00195718.,0,0,0
WBGene00195719.,0,0,0
WBGene00195720.,0,5,5
WBGene00195721.,0,0,0
WBGene00195722.,0,2,2
WBGene00195723.,0,6,6
WBGene00195724.,0,0,0
WBGene00195725.,0,1,1
WBGene00195726.,0,0,0
WBGene00195727.,0,0,0
WBGene00195728.,0,108,108
WBGene00195729.,0,0,0
WBGene00195730.,0,1,1
WBGene00195731.,0,3,3
WBGene00195732.,0,2,2
WBGene00195733.,0,0,0
WBGene00195734.,0,0,0
WBGene00195735.,0,0,0
WBGene00195736.,0,0,0
WBGene00195737.,0,1,1
WBGene00195738.,0,0,0
WBGene00195739.,0,2,2
WBGene00195740.,0,4,4
WBGene00195741.,0,0,0
WBGene00195742.,0,0,0
WBGene00195743.,0,0,0
WBGene00195744.,0,0,0
WBGene00195745.,0,2,2
WBGene00195746.,0,0,0
WBGene00195747.,0,3,3
WBGene00195748.,0,0,0
WBGene00195749.,0,0,0
WBGene00195750.,0,0,0
WBGene00195751.,0,0,0
WBGene00195752.,0,2,2
WBGene00195753.,0,0,0
WBGene00195754.,0,1,1
WBGene00195755.,0,1,1
WBGene00195756.,0,0,0
WBGene00195757.,0,0,0
WBGene00195758.,0,0,0
WBGene00195759.,0,0,0
WBGene00195760.,0,1,1
WBGene00195761.,0,5,5
WBGene00195762.,0,1,1
WBGene00195763.,0,0,0
WBGene00195764.,0,0,0
WBGene00195765.,0,2,2
WBGene00195766.,0,0,0
WBGene00195767.,0,1,1
WBGene00195768.,0,0,0
WBGene00195769.,0,0,0
WBGene00195770.,0,0,0
WBGene00195771.,0,0,0
WBGene00195772.,0,0,0
WBGene00195773.,0,0,0
WBGene00195774.,0,0,0
WBGene00195775.,0,1,1
WBGene00195776.,0,0,0
WBGene00195777.,0,1,1
WBGene00195778.,0,0,0
WBGene00195779.,0,0,0
WBGene00195780.,0,3,3
WBGene00195781.,0,0,0
WBGene00195782.,0,4,4
WBGene00195783.,0,1,1
WBGene00195784.,0,23,23
WBGene00195785.,0,28,28
WBGene00195786.,0,3,3
WBGene00195787.,0,4,4
WBGene00195788.,0,0,0
WBGene00195789.,0,0,0
WBGene00195790.,0,3,3
WBGene00195791.,0,9,9
WBGene00195792.,0,0,0
WBGene00195793.,0,3,3
WBGene00195794.,0,0,0
WBGene00195795.,0,1,1
WBGene00195796.,0,0,0
WBGene00195797.,0,0,0
WBGene00195798.,0,0,0
WBGene00195799.,0,0,0
WBGene00195800.,0,0,0
WBGene00195801.,0,0,0
WBGene00195802.,0,3,3
WBGene00195803.,0,1,1
WBGene00195804.,0,0,0
WBGene00195805.,0,0,0
WBGene00195806.,0,1,1
WBGene00195807.,0,4,4
WBGene00195808.,0,1,1
WBGene00195809.,0,0,0
WBGene00195810.,0,1,1
WBGene00195811.,0,0,0
WBGene00195812.,0,0,0
WBGene00195813.,0,0,0
WBGene00195814.,0,17,17
WBGene00195815.,0,0,0
WBGene00195816.,0,0,0
WBGene00195817.,0,0,0
WBGene00195818.,0,1,1
WBGene00195819.,0,10,10
WBGene00195820.,0,0,0
WBGene00195821.,0,0,0
WBGene00195822.,0,0,0
WBGene00195823.,0,1,1
WBGene00195824.,0,1,1
WBGene00195825.,0,0,0
WBGene00195826.,0,27,27
WBGene00195827.,0,0,0
WBGene00195828.,0,0,0
WBGene00195829.,0,0,0
WBGene00195830.,0,1,1
WBGene00195831.,0,0,0
WBGene00195832.,0,0,0
WBGene00195833.,0,6,6
WBGene00195834.,0,0,0
WBGene00195835.,0,0,0
WBGene00195836.,0,0,0
WBGene00195837.,0,1,1
WBGene00195838.,0,0,0
WBGene00195839.,0,0,0
WBGene00195840.,0,11,11
WBGene00195841.,0,0,0
WBGene00195842.,0,0,0
WBGene00195843.,0,1,1
WBGene00195844.,0,0,0
WBGene00195845.,0,0,0
WBGene00195846.,0,1,1
WBGene00195847.,0,0,0
WBGene00195848.,0,0,0
WBGene00195849.,0,0,0
WBGene00195850.,0,0,0
WBGene00195851.,0,0,0
WBGene00195852.,0,0,0
WBGene00195853.,0,4,4
WBGene00195854.,0,0,0
WBGene00195855.,0,1,1
WBGene00195856.,0,1,1
WBGene00195857.,0,0,0
WBGene00195858.,0,0,0
WBGene00195859.,0,1,1
WBGene00195860.,0,0,0
WBGene00195861.,0,0,0
WBGene00195862.,0,0,0
WBGene00195863.,0,0,0
WBGene00195864.,0,1,1
WBGene00195865.,0,0,0
WBGene00195866.,0,2,2
WBGene00195867.,0,1,1
WBGene00195868.,0,1,1
WBGene00195869.,0,0,0
WBGene00195870.,0,0,0
WBGene00195871.,0,2,2
WBGene00195872.,0,0,0
WBGene00195873.,0,2,2
WBGene00195874.,0,0,0
WBGene00195875.,0,1,1
WBGene00195876.,0,0,0
WBGene00195877.,0,5,5
WBGene00195878.,0,1,1
WBGene00195879.,0,3,3
WBGene00195880.,0,0,0
WBGene00195881.,0,1,1
WBGene00195882.,0,17,17
WBGene00195883.,0,1,1
WBGene00195884.,0,0,0
WBGene00195885.,0,1,1
WBGene00195886.,0,0,0
WBGene00195887.,0,27,27
WBGene00195888.,0,0,0
WBGene00195889.,0,28,28
WBGene00195890.,0,0,0
WBGene00195891.,0,1,1
WBGene00195892.,0,0,0
WBGene00195893.,0,0,0
WBGene00195894.,0,0,0
WBGene00195895.,0,0,0
WBGene00195896.,0,2,2
WBGene00195897.,0,3,3
WBGene00195898.,0,0,0
WBGene00195899.,0,5,5
WBGene00195900.,0,1,1
WBGene00195901.,0,0,0
WBGene00195902.,0,0,0
WBGene00195903.,0,0,0
WBGene00195904.,0,0,0
WBGene00195905.,0,0,0
WBGene00195906.,0,0,0
WBGene00195907.,0,7,7
WBGene00195908.,0,0,0
WBGene00195909.,0,0,0
WBGene00195910.,0,11,11
WBGene00195911.,0,1,1
WBGene00195912.,0,1,1
WBGene00195913.,0,0,0
WBGene00195914.,0,4,4
WBGene00195915.,0,2,2
WBGene00195916.,0,0,0
WBGene00195917.,0,0,0
WBGene00195918.,0,0,0
WBGene00195919.,0,0,0
WBGene00195920.,0,0,0
WBGene00195921.,0,50,50
WBGene00195922.,0,0,0
WBGene00195923.,0,0,0
WBGene00195924.,0,0,0
WBGene00195925.,0,0,0
WBGene00195926.,0,0,0
WBGene00195927.,0,1,1
WBGene00195928.,0,0,0
WBGene00195929.,0,0,0
WBGene00195930.,0,1,1
WBGene00195931.,0,0,0
WBGene00195932.,0,0,0
WBGene00195933.,0,0,0
WBGene00195934.,0,1,1
WBGene00195935.,0,10,10
WBGene00195936.,0,0,0
WBGene00195937.,0,0,0
WBGene00195938.,0,0,0
WBGene00195939.,0,3,3
WBGene00195940.,0,0,0
WBGene00195941.,0,2,2
WBGene00195942.,0,0,0
WBGene00195943.,0,0,0
WBGene00195944.,0,1,1
WBGene00195945.,0,0,0
WBGene00195946.,0,0,0
WBGene00195947.,0,12,12
WBGene00195948.,0,0,0
WBGene00195949.,0,0,0
WBGene00195950.,0,0,0
WBGene00195951.,0,0,0
WBGene00195952.,0,2,2
WBGene00195953.,0,1,1
WBGene00195954.,0,2,2
WBGene00195955.,0,0,0
WBGene00195956.,0,0,0
WBGene00195957.,0,1,1
WBGene00195958.,0,0,0
WBGene00195959.,0,0,0
WBGene00195960.,0,0,0
WBGene00195961.,0,8,8
WBGene00195962.,0,0,0
WBGene00195963.,0,0,0
WBGene00195964.,0,0,0
WBGene00195965.,0,0,0
WBGene00195966.,0,1,1
WBGene00195967.,0,0,0
WBGene00195968.,0,0,0
WBGene00195969.,0,0,0
WBGene00195970.,0,0,0
WBGene00195971.,0,2,2
WBGene00195972.,0,0,0
WBGene00195973.,0,4,4
WBGene00195974.,0,1,1
WBGene00195975.,0,1,1
WBGene00195976.,0,0,0
WBGene00195977.,0,0,0
WBGene00195978.,0,0,0
WBGene00195979.,0,22,22
WBGene00195980.,0,0,0
WBGene00195981.,0,0,0
WBGene00195982.,0,0,0
WBGene00195983.,0,5,5
WBGene00195984.,0,2,2
WBGene00195985.,0,0,0
WBGene00195986.,0,0,0
WBGene00195987.,0,0,0
WBGene00195988.,0,2,2
WBGene00195989.,0,0,0
WBGene00195990.,0,11,11
WBGene00195991.,0,0,0
WBGene00195992.,0,8,8
WBGene00195993.,0,0,0
WBGene00195994.,0,1,1
WBGene00195995.,0,1,1
WBGene00195996.,0,0,0
WBGene00195997.,0,0,0
WBGene00195998.,0,0,0
WBGene00195999.,0,0,0
WBGene00196000.,0,0,0
WBGene00196001.,0,0,0
WBGene00196002.,0,2,2
WBGene00196003.,0,2,2
WBGene00196004.,0,1,1
WBGene00196005.,0,13,13
WBGene00196006.,0,0,0
WBGene00196007.,0,0,0
WBGene00196008.,0,0,0
WBGene00196009.,0,1,1
WBGene00196010.,0,0,0
WBGene00196011.,0,0,0
WBGene00196012.,0,0,0
WBGene00196013.,0,4,4
WBGene00196014.,0,0,0
WBGene00196015.,0,0,0
WBGene00196016.,0,0,0
WBGene00196017.,0,0,0
WBGene00196018.,0,0,0
WBGene00196019.,0,1,1
WBGene00196020.,0,1,1
WBGene00196021.,0,2,2
WBGene00196022.,0,0,0
WBGene00196023.,0,2,2
WBGene00196024.,0,3,3
WBGene00196025.,0,2,2
WBGene00196026.,0,0,0
WBGene00196027.,0,0,0
WBGene00196028.,0,0,0
WBGene00196029.,0,0,0
WBGene00196030.,0,0,0
WBGene00196031.,0,0,0
WBGene00196032.,0,0,0
WBGene00196033.,0,0,0
WBGene00196034.,0,1,1
WBGene00196035.,0,0,0
WBGene00196036.,0,0,0
WBGene00196037.,0,0,0
WBGene00196038.,0,0,0
WBGene00196039.,0,0,0
WBGene00196040.,0,0,0
WBGene00196041.,0,3,3
WBGene00196042.,0,0,0
WBGene00196043.,0,0,0
WBGene00196044.,0,0,0
WBGene00196045.,0,2,2
WBGene00196046.,0,5,5
WBGene00196047.,0,0,0
WBGene00196048.,0,1,1
WBGene00196049.,0,0,0
WBGene00196050.,0,0,0
WBGene00196051.,0,2,2
WBGene00196052.,0,1,1
WBGene00196053.,0,0,0
WBGene00196054.,0,0,0
WBGene00196055.,0,0,0
WBGene00196056.,0,0,0
WBGene00196057.,0,3,3
WBGene00196058.,0,0,0
WBGene00196059.,0,0,0
WBGene00196060.,0,0,0
WBGene00196061.,0,2,2
WBGene00196062.,0,0,0
WBGene00196063.,0,0,0
WBGene00196064.,0,0,0
WBGene00196065.,0,0,0
WBGene00196066.,0,0,0
WBGene00196067.,0,0,0
WBGene00196068.,0,0,0
WBGene00196069.,0,3,3
WBGene00196070.,0,3,3
WBGene00196071.,0,6,6
WBGene00196072.,0,44,44
WBGene00196073.,0,0,0
WBGene00196074.,0,0,0
WBGene00196075.,0,0,0
WBGene00196076.,0,0,0
WBGene00196077.,0,1,1
WBGene00196078.,0,5,5
WBGene00196079.,0,1,1
WBGene00196080.,0,1,1
WBGene00196081.,0,1,1
WBGene00196082.,0,0,0
WBGene00196083.,0,1,1
WBGene00196084.,0,0,0
WBGene00196085.,0,0,0
WBGene00196086.,0,0,0
WBGene00196087.,0,0,0
WBGene00196088.,0,4,4
WBGene00196089.,0,2,2
WBGene00196090.,0,4,4
WBGene00196091.,0,3,3
WBGene00196092.,0,0,0
WBGene00196093.,0,0,0
WBGene00196094.,0,0,0
WBGene00196095.,0,0,0
WBGene00196096.,0,0,0
WBGene00196097.,0,1,1
WBGene00196098.,0,0,0
WBGene00196099.,0,0,0
WBGene00196100.,0,2,2
WBGene00196101.,0,0,0
WBGene00196102.,0,0,0
WBGene00196103.,0,1,1
WBGene00196104.,0,2,2
WBGene00196105.,0,1,1
WBGene00196106.,0,1,1
WBGene00196107.,0,0,0
WBGene00196108.,0,0,0
WBGene00196109.,0,1,1
WBGene00196110.,0,0,0
WBGene00196111.,0,0,0
WBGene00196112.,0,0,0
WBGene00196113.,0,6,6
WBGene00196114.,0,6,6
WBGene00196115.,0,1,1
WBGene00196116.,0,0,0
WBGene00196117.,0,3,3
WBGene00196118.,0,1,1
WBGene00196119.,0,3,3
WBGene00196120.,0,0,0
WBGene00196121.,0,6,6
WBGene00196122.,0,0,0
WBGene00196123.,0,10,10
WBGene00196124.,0,0,0
WBGene00196125.,0,2,2
WBGene00196126.,0,0,0
WBGene00196127.,0,0,0
WBGene00196128.,0,0,0
WBGene00196129.,0,2,2
WBGene00196130.,0,0,0
WBGene00196131.,0,0,0
WBGene00196132.,0,0,0
WBGene00196133.,0,0,0
WBGene00196134.,0,1,1
WBGene00196135.,0,0,0
WBGene00196136.,0,0,0
WBGene00196137.,0,0,0
WBGene00196138.,0,0,0
WBGene00196139.,0,1,1
WBGene00196140.,0,0,0
WBGene00196141.,0,3,3
WBGene00196142.,0,0,0
WBGene00196143.,0,0,0
WBGene00196144.,0,0,0
WBGene00196145.,0,0,0
WBGene00196146.,0,1,1
WBGene00196147.,0,1,1
WBGene00196148.,0,0,0
WBGene00196149.,0,3,3
WBGene00196150.,0,0,0
WBGene00196151.,0,0,0
WBGene00196152.,0,0,0
WBGene00196153.,0,0,0
WBGene00196154.,0,0,0
WBGene00196155.,0,0,0
WBGene00196156.,0,2,2
WBGene00196157.,0,0,0
WBGene00196158.,0,0,0
WBGene00196159.,0,0,0
WBGene00196160.,0,0,0
WBGene00196161.,0,0,0
WBGene00196162.,0,0,0
WBGene00196163.,0,0,0
WBGene00196164.,0,3,3
WBGene00196165.,0,0,0
WBGene00196166.,0,0,0
WBGene00196167.,0,0,0
WBGene00196168.,0,0,0
WBGene00196169.,0,0,0
WBGene00196170.,0,2,2
WBGene00196171.,0,0,0
WBGene00196172.,0,0,0
WBGene00196173.,0,2,2
WBGene00196174.,0,1,1
WBGene00196175.,0,0,0
WBGene00196176.,0,0,0
WBGene00196177.,0,0,0
WBGene00196178.,0,3,3
WBGene00196179.,0,0,0
WBGene00196180.,0,6,6
WBGene00196181.,0,0,0
WBGene00196182.,0,0,0
WBGene00196183.,0,0,0
WBGene00196184.,0,5,5
WBGene00196185.,0,0,0
WBGene00196186.,0,0,0
WBGene00196187.,0,0,0
WBGene00196188.,0,0,0
WBGene00196189.,0,1,1
WBGene00196190.,0,0,0
WBGene00196191.,0,0,0
WBGene00196192.,0,0,0
WBGene00196193.,0,1,1
WBGene00196194.,0,1,1
WBGene00196195.,0,1,1
WBGene00196196.,0,0,0
WBGene00196197.,0,0,0
WBGene00196198.,0,4,4
WBGene00196199.,0,1,1
WBGene00196200.,0,0,0
WBGene00196201.,0,0,0
WBGene00196202.,0,2,2
WBGene00196203.,0,1,1
WBGene00196204.,0,4,4
WBGene00196205.,0,0,0
WBGene00196206.,0,1,1
WBGene00196207.,0,0,0
WBGene00196208.,0,0,0
WBGene00196209.,0,0,0
WBGene00196210.,0,1,1
WBGene00196211.,0,1,1
WBGene00196212.,0,0,0
WBGene00196213.,0,0,0
WBGene00196214.,0,0,0
WBGene00196215.,0,0,0
WBGene00196216.,0,2,2
WBGene00196217.,0,0,0
WBGene00196218.,0,0,0
WBGene00196219.,0,2,2
WBGene00196220.,0,0,0
WBGene00196221.,0,0,0
WBGene00196222.,0,0,0
WBGene00196223.,0,3,3
WBGene00196224.,0,0,0
WBGene00196225.,0,1,1
WBGene00196226.,0,4,4
WBGene00196227.,0,0,0
WBGene00196228.,0,0,0
WBGene00196229.,0,0,0
WBGene00196230.,0,0,0
WBGene00196231.,0,1,1
WBGene00196232.,0,0,0
WBGene00196233.,0,0,0
WBGene00196234.,0,0,0
WBGene00196235.,0,4,4
WBGene00196236.,0,0,0
WBGene00196237.,0,3,3
WBGene00196238.,0,0,0
WBGene00196239.,0,0,0
WBGene00196240.,0,12,12
WBGene00196241.,0,0,0
WBGene00196242.,0,0,0
WBGene00196243.,0,0,0
WBGene00196244.,0,0,0
WBGene00196245.,0,0,0
WBGene00196246.,0,2,2
WBGene00196247.,0,0,0
WBGene00196248.,0,1,1
WBGene00196249.,0,0,0
WBGene00196250.,0,0,0
WBGene00196251.,0,0,0
WBGene00196252.,0,2,2
WBGene00196253.,0,0,0
WBGene00196254.,0,3,3
WBGene00196255.,0,0,0
WBGene00196256.,0,0,0
WBGene00196257.,0,28,28
WBGene00196258.,0,1,1
WBGene00196259.,0,0,0
WBGene00196260.,0,1,1
WBGene00196261.,0,0,0
WBGene00196262.,0,0,0
WBGene00196263.,0,1,1
WBGene00196264.,0,8,8
WBGene00196265.,0,1,1
WBGene00196266.,0,0,0
WBGene00196267.,0,2,2
WBGene00196268.,0,0,0
WBGene00196269.,0,0,0
WBGene00196270.,0,0,0
WBGene00196271.,0,0,0
WBGene00196272.,0,0,0
WBGene00196273.,0,1,1
WBGene00196274.,0,0,0
WBGene00196275.,0,2,2
WBGene00196276.,0,0,0
WBGene00196277.,0,0,0
WBGene00196278.,0,0,0
WBGene00196279.,0,0,0
WBGene00196280.,0,2,2
WBGene00196281.,0,0,0
WBGene00196282.,0,6,6
WBGene00196283.,0,0,0
WBGene00196284.,0,0,0
WBGene00196285.,0,12,12
WBGene00196286.,0,1,1
WBGene00196287.,0,2,2
WBGene00196288.,0,8,8
WBGene00196289.,0,3,3
WBGene00196290.,0,3,3
WBGene00196291.,0,0,0
WBGene00196292.,0,0,0
WBGene00196293.,0,0,0
WBGene00196294.,0,1,1
WBGene00196295.,0,0,0
WBGene00196296.,0,0,0
WBGene00196297.,0,0,0
WBGene00196298.,0,0,0
WBGene00196299.,0,0,0
WBGene00196300.,0,11,11
WBGene00196301.,0,0,0
WBGene00196302.,0,0,0
WBGene00196303.,0,7,7
WBGene00196304.,0,0,0
WBGene00196305.,0,2,2
WBGene00196306.,0,0,0
WBGene00196307.,0,6,6
WBGene00196308.,0,3,3
WBGene00196309.,0,0,0
WBGene00196310.,0,0,0
WBGene00196311.,0,0,0
WBGene00196312.,0,0,0
WBGene00196313.,0,0,0
WBGene00196314.,0,0,0
WBGene00196315.,0,6,6
WBGene00196316.,0,0,0
WBGene00196317.,0,1,1
WBGene00196318.,0,2,2
WBGene00196319.,0,1,1
WBGene00196320.,0,0,0
WBGene00196321.,0,0,0
WBGene00196322.,0,2,2
WBGene00196323.,0,0,0
WBGene00196324.,0,0,0
WBGene00196325.,0,1,1
WBGene00196326.,0,0,0
WBGene00196327.,0,0,0
WBGene00196328.,0,0,0
WBGene00196329.,0,0,0
WBGene00196330.,0,0,0
WBGene00196331.,0,1,1
WBGene00196332.,0,0,0
WBGene00196333.,0,0,0
WBGene00196334.,0,8,8
WBGene00196335.,0,1,1
WBGene00196336.,0,0,0
WBGene00196337.,0,0,0
WBGene00196338.,0,0,0
WBGene00196339.,0,0,0
WBGene00196340.,0,8,8
WBGene00196341.,0,0,0
WBGene00196342.,0,0,0
WBGene00196343.,0,0,0
WBGene00196344.,0,6,6
WBGene00196345.,0,0,0
WBGene00196346.,0,3,3
WBGene00196347.,0,0,0
WBGene00196348.,0,0,0
WBGene00196349.,0,0,0
WBGene00196350.,0,0,0
WBGene00196351.,0,0,0
WBGene00196352.,0,0,0
WBGene00196353.,0,0,0
WBGene00196354.,0,0,0
WBGene00196355.,0,2,2
WBGene00196356.,0,0,0
WBGene00196357.,0,0,0
WBGene00196358.,0,0,0
WBGene00196359.,0,0,0
WBGene00196360.,0,0,0
WBGene00196361.,0,0,0
WBGene00196362.,0,0,0
WBGene00196363.,0,0,0
WBGene00196364.,0,1,1
WBGene00196365.,0,0,0
WBGene00196366.,0,0,0
WBGene00196367.,0,0,0
WBGene00196368.,0,0,0
WBGene00196369.,0,0,0
WBGene00196370.,0,0,0
WBGene00196371.,0,0,0
WBGene00196372.,0,0,0
WBGene00196373.,0,0,0
WBGene00196374.,0,10,10
WBGene00196375.,0,0,0
WBGene00196376.,0,1,1
WBGene00196377.,0,1,1
WBGene00196378.,0,0,0
WBGene00196379.,0,1,1
WBGene00196380.,0,1,1
WBGene00196381.,0,0,0
WBGene00196382.,0,0,0
WBGene00196383.,0,0,0
WBGene00196384.,0,1,1
WBGene00196385.,0,0,0
WBGene00196386.,0,0,0
WBGene00196387.,0,0,0
WBGene00196388.,0,0,0
WBGene00196389.,0,0,0
WBGene00196390.,0,2,2
WBGene00196391.,0,0,0
WBGene00196392.,0,0,0
WBGene00196393.,0,1,1
WBGene00196394.,0,0,0
WBGene00196395.,0,0,0
WBGene00196396.,0,8855,8855
WBGene00196397.,0,0,0
WBGene00196398.,0,2,2
WBGene00196399.,0,0,0
WBGene00196400.,0,0,0
WBGene00196401.,0,0,0
WBGene00196402.,0,1,1
WBGene00196403.,0,1,1
WBGene00196404.,0,0,0
WBGene00196405.,0,0,0
WBGene00196406.,0,1,1
WBGene00196407.,0,2,2
WBGene00196408.,0,0,0
WBGene00196409.,0,0,0
WBGene00196410.,0,0,0
WBGene00196411.,0,0,0
WBGene00196412.,0,0,0
WBGene00196413.,0,0,0
WBGene00196414.,0,0,0
WBGene00196415.,0,0,0
WBGene00196416.,0,0,0
WBGene00196417.,0,3,3
WBGene00196418.,0,0,0
WBGene00196419.,0,0,0
WBGene00196420.,0,1,1
WBGene00196421.,0,1,1
WBGene00196422.,0,0,0
WBGene00196423.,0,1,1
WBGene00196424.,0,0,0
WBGene00196425.,0,1,1
WBGene00196426.,0,0,0
WBGene00196427.,0,1,1
WBGene00196428.,0,1,1
WBGene00196429.,0,1,1
WBGene00196430.,0,1,1
WBGene00196431.,0,0,0
WBGene00196432.,0,7,7
WBGene00196433.,0,0,0
WBGene00196434.,0,0,0
WBGene00196435.,0,0,0
WBGene00196436.,0,0,0
WBGene00196437.,0,1,1
WBGene00196438.,0,0,0
WBGene00196439.,0,0,0
WBGene00196440.,0,0,0
WBGene00196441.,0,0,0
WBGene00196442.,0,0,0
WBGene00196443.,0,3,3
WBGene00196444.,0,0,0
WBGene00196445.,0,0,0
WBGene00196446.,0,1,1
WBGene00196447.,0,6,6
WBGene00196448.,0,0,0
WBGene00196449.,0,1,1
WBGene00196450.,0,0,0
WBGene00196451.,0,0,0
WBGene00196452.,0,3,3
WBGene00196453.,0,6,6
WBGene00196454.,0,0,0
WBGene00196455.,0,0,0
WBGene00196456.,0,0,0
WBGene00196457.,0,2,2
WBGene00196458.,0,1,1
WBGene00196459.,0,0,0
WBGene00196460.,0,2,2
WBGene00196461.,0,1,1
WBGene00196462.,0,0,0
WBGene00196463.,0,0,0
WBGene00196464.,0,1,1
WBGene00196465.,0,5,5
WBGene00196466.,0,0,0
WBGene00196467.,0,0,0
WBGene00196468.,0,0,0
WBGene00196469.,0,0,0
WBGene00196470.,0,0,0
WBGene00196471.,0,0,0
WBGene00196472.,0,2,2
WBGene00196473.,0,1,1
WBGene00196474.,0,0,0
WBGene00196475.,0,1,1
WBGene00196476.,0,0,0
WBGene00196477.,0,1,1
WBGene00196478.,0,1,1
WBGene00196479.,0,0,0
WBGene00196480.,0,0,0
WBGene00196481.,0,0,0
WBGene00196482.,0,0,0
WBGene00196483.,0,0,0
WBGene00196484.,0,0,0
WBGene00196485.,0,0,0
WBGene00196486.,0,1,1
WBGene00196487.,0,0,0
WBGene00196488.,0,0,0
WBGene00196489.,0,1,1
WBGene00196490.,0,5,5
WBGene00196491.,0,0,0
WBGene00196492.,0,0,0
WBGene00196493.,0,0,0
WBGene00196494.,0,0,0
WBGene00196495.,0,0,0
WBGene00196496.,0,0,0
WBGene00196497.,0,0,0
WBGene00196498.,0,0,0
WBGene00196499.,0,1,1
WBGene00196500.,0,1,1
WBGene00196501.,0,0,0
WBGene00196502.,0,0,0
WBGene00196503.,0,0,0
WBGene00196504.,0,0,0
WBGene00196505.,0,2,2
WBGene00196506.,0,5,5
WBGene00196507.,0,0,0
WBGene00196508.,0,0,0
WBGene00196509.,0,3,3
WBGene00196510.,0,0,0
WBGene00196511.,0,0,0
WBGene00196512.,0,0,0
WBGene00196513.,0,0,0
WBGene00196514.,0,1,1
WBGene00196515.,0,0,0
WBGene00196516.,0,0,0
WBGene00196517.,0,2,2
WBGene00196518.,0,1,1
WBGene00196519.,0,0,0
WBGene00196520.,0,0,0
WBGene00196521.,0,0,0
WBGene00196522.,0,0,0
WBGene00196523.,0,9,9
WBGene00196524.,0,0,0
WBGene00196525.,0,0,0
WBGene00196526.,0,0,0
WBGene00196527.,0,0,0
WBGene00196528.,0,0,0
WBGene00196529.,0,0,0
WBGene00196530.,0,0,0
WBGene00196531.,0,0,0
WBGene00196532.,0,0,0
WBGene00196533.,0,0,0
WBGene00196534.,0,5,5
WBGene00196535.,0,1,1
WBGene00196536.,0,3,3
WBGene00196537.,0,7,7
WBGene00196538.,0,0,0
WBGene00196539.,0,0,0
WBGene00196540.,0,1,1
WBGene00196541.,0,0,0
WBGene00196542.,0,4,4
WBGene00196543.,0,0,0
WBGene00196544.,0,0,0
WBGene00196545.,0,1,1
WBGene00196546.,0,14,14
WBGene00196547.,0,2,2
WBGene00196548.,0,0,0
WBGene00196549.,0,0,0
WBGene00196550.,0,4,4
WBGene00196551.,0,0,0
WBGene00196552.,0,1,1
WBGene00196553.,0,0,0
WBGene00196554.,0,0,0
WBGene00196555.,0,0,0
WBGene00196556.,0,0,0
WBGene00196557.,0,0,0
WBGene00196558.,0,1,1
WBGene00196559.,0,0,0
WBGene00196560.,0,0,0
WBGene00196561.,0,0,0
WBGene00196562.,0,0,0
WBGene00196563.,0,8,8
WBGene00196564.,0,0,0
WBGene00196565.,0,2,2
WBGene00196566.,0,0,0
WBGene00196567.,0,1,1
WBGene00196568.,0,0,0
WBGene00196569.,0,0,0
WBGene00196570.,0,0,0
WBGene00196571.,0,0,0
WBGene00196572.,0,0,0
WBGene00196573.,0,0,0
WBGene00196574.,0,0,0
WBGene00196575.,0,1,1
WBGene00196576.,0,1,1
WBGene00196577.,0,0,0
WBGene00196578.,0,1,1
WBGene00196579.,0,1,1
WBGene00196580.,0,2,2
WBGene00196581.,0,0,0
WBGene00196582.,0,0,0
WBGene00196583.,0,1,1
WBGene00196584.,0,1,1
WBGene00196585.,0,1,1
WBGene00196586.,0,2,2
WBGene00196587.,0,0,0
WBGene00196588.,0,16,16
WBGene00196589.,0,0,0
WBGene00196590.,0,13,13
WBGene00196591.,0,9,9
WBGene00196592.,0,19,19
WBGene00196593.,0,1,1
WBGene00196594.,0,0,0
WBGene00196595.,0,1,1
WBGene00196596.,0,1,1
WBGene00196597.,0,2,2
WBGene00196598.,0,9,9
WBGene00196599.,0,4,4
WBGene00196600.,0,0,0
WBGene00196601.,0,1,1
WBGene00196602.,0,0,0
WBGene00196603.,0,0,0
WBGene00196604.,0,16,16
WBGene00196605.,0,1,1
WBGene00196606.,0,3,3
WBGene00196607.,0,0,0
WBGene00196608.,0,0,0
WBGene00196609.,0,0,0
WBGene00196610.,0,1,1
WBGene00196611.,0,0,0
WBGene00196612.,0,1,1
WBGene00196613.,0,0,0
WBGene00196614.,0,0,0
WBGene00196615.,0,0,0
WBGene00196616.,0,0,0
WBGene00196617.,0,0,0
WBGene00196618.,0,0,0
WBGene00196619.,0,0,0
WBGene00196620.,0,0,0
WBGene00196621.,0,0,0
WBGene00196622.,0,0,0
WBGene00196623.,0,6,6
WBGene00196624.,0,0,0
WBGene00196625.,0,4,4
WBGene00196626.,0,0,0
WBGene00196627.,0,0,0
WBGene00196628.,0,0,0
WBGene00196629.,0,2,2
WBGene00196630.,0,0,0
WBGene00196631.,0,2,2
WBGene00196632.,0,2,2
WBGene00196633.,0,0,0
WBGene00196634.,0,4,4
WBGene00196635.,0,29,29
WBGene00196636.,0,0,0
WBGene00196637.,0,0,0
WBGene00196638.,0,0,0
WBGene00196639.,0,0,0
WBGene00196640.,0,0,0
WBGene00196641.,0,0,0
WBGene00196642.,0,0,0
WBGene00196643.,0,2,2
WBGene00196644.,0,0,0
WBGene00196645.,0,0,0
WBGene00196646.,0,1,1
WBGene00196647.,0,0,0
WBGene00196648.,0,0,0
WBGene00196649.,0,0,0
WBGene00196650.,0,0,0
WBGene00196651.,0,0,0
WBGene00196652.,0,0,0
WBGene00196653.,0,14,14
WBGene00196654.,0,0,0
WBGene00196655.,0,0,0
WBGene00196656.,0,0,0
WBGene00196657.,0,0,0
WBGene00196658.,0,0,0
WBGene00196659.,0,0,0
WBGene00196660.,0,0,0
WBGene00196661.,0,0,0
WBGene00196662.,0,0,0
WBGene00196663.,0,0,0
WBGene00196664.,0,0,0
WBGene00196665.,0,0,0
WBGene00196666.,0,0,0
WBGene00196667.,0,0,0
WBGene00196668.,0,0,0
WBGene00196669.,0,0,0
WBGene00196670.,0,0,0
WBGene00196671.,0,0,0
WBGene00196672.,0,0,0
WBGene00196673.,0,0,0
WBGene00196674.,0,0,0
WBGene00196675.,0,0,0
WBGene00196676.,0,0,0
WBGene00196677.,0,0,0
WBGene00196678.,0,0,0
WBGene00196679.,0,2,2
WBGene00196680.,0,1,1
WBGene00196681.,0,0,0
WBGene00196682.,0,3,3
WBGene00196683.,0,0,0
WBGene00196684.,0,0,0
WBGene00196685.,0,5,5
WBGene00196686.,0,1,1
WBGene00196687.,0,2,2
WBGene00196688.,0,0,0
WBGene00196689.,0,0,0
WBGene00196690.,0,0,0
WBGene00196691.,0,0,0
WBGene00196692.,0,0,0
WBGene00196693.,0,1,1
WBGene00196694.,0,0,0
WBGene00196695.,0,5,5
WBGene00196696.,0,0,0
WBGene00196697.,0,2,2
WBGene00196698.,0,4,4
WBGene00196699.,0,0,0
WBGene00196700.,0,3,3
WBGene00196701.,0,0,0
WBGene00196702.,0,8,8
WBGene00196703.,0,0,0
WBGene00196704.,0,0,0
WBGene00196705.,0,2,2
WBGene00196706.,0,0,0
WBGene00196707.,0,2,2
WBGene00196708.,0,0,0
WBGene00196709.,0,5,5
WBGene00196710.,0,0,0
WBGene00196711.,0,0,0
WBGene00196712.,0,0,0
WBGene00196713.,0,0,0
WBGene00196714.,0,0,0
WBGene00196715.,0,0,0
WBGene00196716.,0,0,0
WBGene00196717.,0,0,0
WBGene00196718.,0,0,0
WBGene00196719.,0,0,0
WBGene00196720.,0,1,1
WBGene00196721.,0,8,8
WBGene00196722.,0,1,1
WBGene00196723.,0,0,0
WBGene00196724.,0,16,16
WBGene00196725.,0,2,2
WBGene00196726.,0,0,0
WBGene00196727.,0,1,1
WBGene00196728.,0,3,3
WBGene00196729.,0,1,1
WBGene00196730.,0,0,0
WBGene00196731.,0,0,0
WBGene00196732.,0,0,0
WBGene00196733.,0,0,0
WBGene00196734.,0,0,0
WBGene00196735.,0,0,0
WBGene00196736.,0,0,0
WBGene00196737.,0,0,0
WBGene00196738.,0,0,0
WBGene00196739.,0,2,2
WBGene00196740.,0,0,0
WBGene00196741.,0,0,0
WBGene00196742.,0,7,7
WBGene00196743.,0,0,0
WBGene00196744.,0,1,1
WBGene00196745.,0,0,0
WBGene00196746.,0,1,1
WBGene00196747.,0,1,1
WBGene00196748.,0,2,2
WBGene00196749.,0,0,0
WBGene00196750.,0,0,0
WBGene00196751.,0,0,0
WBGene00196752.,0,3,3
WBGene00196753.,0,8,8
WBGene00196754.,0,0,0
WBGene00196755.,0,0,0
WBGene00196756.,0,0,0
WBGene00196757.,0,0,0
WBGene00196758.,0,2,2
WBGene00196759.,0,3,3
WBGene00196760.,0,0,0
WBGene00196761.,0,0,0
WBGene00196762.,0,0,0
WBGene00196763.,0,0,0
WBGene00196764.,0,0,0
WBGene00196765.,0,0,0
WBGene00196766.,0,0,0
WBGene00196767.,0,0,0
WBGene00196768.,0,0,0
WBGene00196769.,0,0,0
WBGene00196770.,0,0,0
WBGene00196771.,0,0,0
WBGene00196772.,0,0,0
WBGene00196773.,0,0,0
WBGene00196774.,0,0,0
WBGene00196775.,0,9,9
WBGene00196776.,0,0,0
WBGene00196777.,0,9,9
WBGene00196778.,0,0,0
WBGene00196779.,0,4,4
WBGene00196780.,0,2,2
WBGene00196781.,0,0,0
WBGene00196782.,0,2,2
WBGene00196783.,0,0,0
WBGene00196784.,0,0,0
WBGene00196785.,0,4,4
WBGene00196786.,0,0,0
WBGene00196787.,0,4,4
WBGene00196788.,0,0,0
WBGene00196789.,0,0,0
WBGene00196790.,0,0,0
WBGene00196791.,0,0,0
WBGene00196792.,0,0,0
WBGene00196793.,0,12,12
WBGene00196794.,0,0,0
WBGene00196795.,0,0,0
WBGene00196796.,0,1,1
WBGene00196797.,0,14,14
WBGene00196798.,0,0,0
WBGene00196799.,0,2,2
WBGene00196800.,0,0,0
WBGene00196801.,0,3,3
WBGene00196802.,0,1,1
WBGene00196803.,0,0,0
WBGene00196804.,0,0,0
WBGene00196805.,0,4,4
WBGene00196806.,0,0,0
WBGene00196807.,0,4,4
WBGene00196808.,0,0,0
WBGene00196809.,0,1,1
WBGene00196810.,0,9,9
WBGene00196811.,0,1,1
WBGene00196812.,0,2,2
WBGene00196813.,0,0,0
WBGene00196814.,0,0,0
WBGene00196815.,0,2,2
WBGene00196816.,0,3,3
WBGene00196817.,0,8,8
WBGene00196818.,0,1,1
WBGene00196819.,0,3,3
WBGene00196820.,0,5,5
WBGene00196821.,0,4,4
WBGene00196822.,0,0,0
WBGene00196823.,0,2,2
WBGene00196824.,0,0,0
WBGene00196825.,0,5,5
WBGene00196826.,0,0,0
WBGene00196827.,0,29,29
WBGene00196828.,0,0,0
WBGene00196829.,0,0,0
WBGene00196830.,0,0,0
WBGene00196831.,0,27,27
WBGene00196832.,0,0,0
WBGene00196833.,0,0,0
WBGene00196834.,0,0,0
WBGene00196835.,0,0,0
WBGene00196836.,0,0,0
WBGene00196837.,0,0,0
WBGene00196838.,0,10,10
WBGene00196839.,0,0,0
WBGene00196840.,0,0,0
WBGene00196841.,0,2,2
WBGene00196842.,0,0,0
WBGene00196843.,0,1,1
WBGene00196844.,0,0,0
WBGene00196845.,0,0,0
WBGene00196846.,0,11,11
WBGene00196847.,0,0,0
WBGene00196848.,0,0,0
WBGene00196849.,0,0,0
WBGene00196850.,0,1,1
WBGene00196851.,0,0,0
WBGene00196852.,0,17,17
WBGene00196853.,0,0,0
WBGene00196854.,0,11,11
WBGene00196855.,0,0,0
WBGene00196856.,0,18,18
WBGene00196857.,0,0,0
WBGene00196858.,0,0,0
WBGene00196859.,0,0,0
WBGene00196860.,0,0,0
WBGene00196861.,0,0,0
WBGene00196862.,0,2,2
WBGene00196863.,0,0,0
WBGene00196864.,0,0,0
WBGene00196865.,0,0,0
WBGene00196866.,0,0,0
WBGene00196867.,0,6,6
WBGene00196868.,0,4,4
WBGene00196869.,0,0,0
WBGene00196870.,0,2,2
WBGene00196871.,0,138,138
WBGene00196872.,0,10,10
WBGene00196873.,0,0,0
WBGene00196874.,0,2,2
WBGene00196875.,0,0,0
WBGene00196876.,0,0,0
WBGene00196877.,0,4,4
WBGene00196878.,0,0,0
WBGene00196879.,0,6,6
WBGene00196880.,0,0,0
WBGene00196881.,0,0,0
WBGene00196882.,0,0,0
WBGene00196883.,0,0,0
WBGene00196884.,0,1,1
WBGene00196885.,0,2,2
WBGene00196886.,0,0,0
WBGene00196887.,0,0,0
WBGene00196888.,0,0,0
WBGene00196889.,0,0,0
WBGene00196890.,0,0,0
WBGene00196891.,0,0,0
WBGene00196892.,0,0,0
WBGene00196893.,0,2,2
WBGene00196894.,0,1,1
WBGene00196895.,0,0,0
WBGene00196896.,0,0,0
WBGene00196897.,0,0,0
WBGene00196898.,0,0,0
WBGene00196899.,0,0,0
WBGene00196900.,0,0,0
WBGene00196901.,0,0,0
WBGene00196902.,0,0,0
WBGene00196903.,0,0,0
WBGene00196904.,0,3,3
WBGene00196905.,0,0,0
WBGene00196906.,0,4,4
WBGene00196907.,0,0,0
WBGene00196908.,0,4,4
WBGene00196909.,0,0,0
WBGene00196910.,0,0,0
WBGene00196911.,0,0,0
WBGene00196912.,0,3,3
WBGene00196913.,0,3,3
WBGene00196914.,0,1,1
WBGene00196915.,0,1,1
WBGene00196916.,0,10,10
WBGene00196917.,0,3,3
WBGene00196918.,0,2,2
WBGene00196919.,0,0,0
WBGene00196920.,0,0,0
WBGene00196921.,0,2,2
WBGene00196922.,0,5,5
WBGene00196923.,0,0,0
WBGene00196924.,0,0,0
WBGene00196925.,0,3,3
WBGene00196926.,0,0,0
WBGene00196927.,0,0,0
WBGene00196928.,0,0,0
WBGene00196929.,0,0,0
WBGene00196930.,0,2,2
WBGene00196931.,0,0,0
WBGene00196932.,0,0,0
WBGene00196933.,0,0,0
WBGene00196934.,0,0,0
WBGene00196935.,0,2,2
WBGene00196936.,0,0,0
WBGene00196937.,0,0,0
WBGene00196938.,0,0,0
WBGene00196939.,0,0,0
WBGene00196940.,0,0,0
WBGene00196941.,0,2,2
WBGene00196942.,0,1,1
WBGene00196943.,0,1,1
WBGene00196944.,0,0,0
WBGene00196945.,0,0,0
WBGene00196946.,0,1,1
WBGene00196947.,0,3,3
WBGene00196948.,0,1,1
WBGene00196949.,0,0,0
WBGene00196950.,0,1,1
WBGene00196951.,0,0,0
WBGene00196952.,0,0,0
WBGene00196953.,0,0,0
WBGene00196954.,0,2,2
WBGene00196955.,0,1,1
WBGene00196956.,0,0,0
WBGene00196957.,0,0,0
WBGene00196958.,0,0,0
WBGene00196959.,0,1,1
WBGene00196960.,0,0,0
WBGene00196961.,0,10,10
WBGene00196962.,0,0,0
WBGene00196963.,0,0,0
WBGene00196964.,0,1,1
WBGene00196965.,0,1,1
WBGene00196966.,0,0,0
WBGene00196967.,0,0,0
WBGene00196968.,0,1,1
WBGene00196969.,0,14,14
WBGene00196970.,0,2,2
WBGene00196971.,0,2,2
WBGene00196972.,0,0,0
WBGene00196973.,0,0,0
WBGene00196974.,0,0,0
WBGene00196975.,0,0,0
WBGene00196976.,0,0,0
WBGene00196977.,0,0,0
WBGene00196978.,0,0,0
WBGene00196979.,0,3,3
WBGene00196980.,0,0,0
WBGene00196981.,0,1,1
WBGene00196982.,0,10,10
WBGene00196983.,0,3,3
WBGene00196984.,0,0,0
WBGene00196985.,0,2,2
WBGene00196986.,0,6,6
WBGene00196987.,0,0,0
WBGene00196988.,0,0,0
WBGene00196989.,0,4,4
WBGene00196990.,0,1,1
WBGene00196991.,0,0,0
WBGene00196992.,0,0,0
WBGene00196993.,0,3,3
WBGene00196994.,0,2,2
WBGene00196995.,0,0,0
WBGene00196996.,0,1,1
WBGene00196997.,0,0,0
WBGene00196998.,0,0,0
WBGene00196999.,0,0,0
WBGene00197000.,0,0,0
WBGene00197001.,0,0,0
WBGene00197002.,0,0,0
WBGene00197003.,0,0,0
WBGene00197004.,0,0,0
WBGene00197005.,0,0,0
WBGene00197006.,0,0,0
WBGene00197007.,0,1,1
WBGene00197008.,0,0,0
WBGene00197009.,0,0,0
WBGene00197010.,0,0,0
WBGene00197011.,0,0,0
WBGene00197012.,0,0,0
WBGene00197013.,0,0,0
WBGene00197014.,0,0,0
WBGene00197015.,0,3,3
WBGene00197016.,0,0,0
WBGene00197017.,0,0,0
WBGene00197018.,0,1,1
WBGene00197019.,0,0,0
WBGene00197020.,0,0,0
WBGene00197021.,0,0,0
WBGene00197022.,0,0,0
WBGene00197023.,0,0,0
WBGene00197024.,0,0,0
WBGene00197025.,0,1,1
WBGene00197026.,0,0,0
WBGene00197027.,0,2,2
WBGene00197028.,0,2,2
WBGene00197029.,0,0,0
WBGene00197030.,0,0,0
WBGene00197031.,0,2,2
WBGene00197032.,0,0,0
WBGene00197033.,0,8,8
WBGene00197034.,0,0,0
WBGene00197035.,0,0,0
WBGene00197036.,0,0,0
WBGene00197037.,0,0,0
WBGene00197038.,0,0,0
WBGene00197039.,0,11,11
WBGene00197040.,0,1,1
WBGene00197041.,0,0,0
WBGene00197042.,0,0,0
WBGene00197043.,0,2,2
WBGene00197044.,0,0,0
WBGene00197045.,0,1,1
WBGene00197046.,0,4,4
WBGene00197047.,0,1,1
WBGene00197048.,0,9,9
WBGene00197049.,0,0,0
WBGene00197050.,0,3,3
WBGene00197051.,0,0,0
WBGene00197052.,0,2,2
WBGene00197053.,0,3,3
WBGene00197054.,0,0,0
WBGene00197055.,0,2,2
WBGene00197056.,0,0,0
WBGene00197057.,0,0,0
WBGene00197058.,0,0,0
WBGene00197059.,0,0,0
WBGene00197060.,0,1,1
WBGene00197061.,0,3,3
WBGene00197062.,0,0,0
WBGene00197063.,0,1,1
WBGene00197064.,0,0,0
WBGene00197065.,0,5,5
WBGene00197066.,0,8,8
WBGene00197067.,0,0,0
WBGene00197068.,0,3,3
WBGene00197069.,0,4,4
WBGene00197070.,0,0,0
WBGene00197071.,0,0,0
WBGene00197072.,0,2,2
WBGene00197073.,0,0,0
WBGene00197074.,0,0,0
WBGene00197075.,0,0,0
WBGene00197076.,0,0,0
WBGene00197077.,0,0,0
WBGene00197078.,0,1,1
WBGene00197079.,0,0,0
WBGene00197080.,0,3,3
WBGene00197081.,0,5,5
WBGene00197082.,0,0,0
WBGene00197083.,0,3,3
WBGene00197084.,0,0,0
WBGene00197085.,0,3,3
WBGene00197086.,0,2,2
WBGene00197087.,0,0,0
WBGene00197088.,0,0,0
WBGene00197089.,0,1,1
WBGene00197090.,0,10,10
WBGene00197091.,0,0,0
WBGene00197092.,0,0,0
WBGene00197093.,0,0,0
WBGene00197094.,0,2,2
WBGene00197095.,0,2,2
WBGene00197096.,0,2,2
WBGene00197097.,0,19,19
WBGene00197098.,0,0,0
WBGene00197099.,0,1,1
WBGene00197100.,0,1,1
WBGene00197101.,0,0,0
WBGene00197102.,0,0,0
WBGene00197103.,0,0,0
WBGene00197104.,0,0,0
WBGene00197105.,0,0,0
WBGene00197106.,0,0,0
WBGene00197107.,0,0,0
WBGene00197108.,0,0,0
WBGene00197109.,0,0,0
WBGene00197110.,0,3,3
WBGene00197111.,0,0,0
WBGene00197112.,0,0,0
WBGene00197113.,0,0,0
WBGene00197114.,0,3,3
WBGene00197115.,0,4,4
WBGene00197116.,0,0,0
WBGene00197117.,0,1,1
WBGene00197118.,0,0,0
WBGene00197119.,0,2,2
WBGene00197120.,0,0,0
WBGene00197121.,0,2,2
WBGene00197122.,0,0,0
WBGene00197123.,0,0,0
WBGene00197124.,0,0,0
WBGene00197125.,0,0,0
WBGene00197126.,0,4,4
WBGene00197127.,0,13,13
WBGene00197128.,0,0,0
WBGene00197129.,0,1,1
WBGene00197130.,0,5,5
WBGene00197131.,0,0,0
WBGene00197132.,0,0,0
WBGene00197133.,0,0,0
WBGene00197134.,0,0,0
WBGene00197135.,0,0,0
WBGene00197136.,0,0,0
WBGene00197137.,0,0,0
WBGene00197138.,0,0,0
WBGene00197139.,0,0,0
WBGene00197140.,0,5,5
WBGene00197141.,0,3,3
WBGene00197142.,0,0,0
WBGene00197143.,0,0,0
WBGene00197144.,0,3,3
WBGene00197145.,0,0,0
WBGene00197146.,0,0,0
WBGene00197147.,0,2,2
WBGene00197148.,0,1,1
WBGene00197149.,0,0,0
WBGene00197150.,0,0,0
WBGene00197151.,0,0,0
WBGene00197152.,0,0,0
WBGene00197153.,0,0,0
WBGene00197154.,0,0,0
WBGene00197155.,0,2,2
WBGene00197156.,0,0,0
WBGene00197157.,0,1,1
WBGene00197158.,0,0,0
WBGene00197159.,0,0,0
WBGene00197160.,0,0,0
WBGene00197161.,0,3,3
WBGene00197162.,0,0,0
WBGene00197163.,0,0,0
WBGene00197164.,0,0,0
WBGene00197165.,0,0,0
WBGene00197166.,0,0,0
WBGene00197167.,0,0,0
WBGene00197168.,0,15,15
WBGene00197169.,0,0,0
WBGene00197170.,0,0,0
WBGene00197171.,0,365,365
WBGene00197172.,0,0,0
WBGene00197173.,0,0,0
WBGene00197174.,0,20,20
WBGene00197175.,0,1,1
WBGene00197176.,0,0,0
WBGene00197177.,0,0,0
WBGene00197178.,0,0,0
WBGene00197179.,0,0,0
WBGene00197180.,0,2,2
WBGene00197181.,0,0,0
WBGene00197182.,0,0,0
WBGene00197183.,0,5,5
WBGene00197184.,0,2,2
WBGene00197185.,0,3,3
WBGene00197186.,0,0,0
WBGene00197187.,0,0,0
WBGene00197188.,0,3,3
WBGene00197189.,0,2,2
WBGene00197190.,0,0,0
WBGene00197191.,0,0,0
WBGene00197192.,0,0,0
WBGene00197193.,0,0,0
WBGene00197194.,0,0,0
WBGene00197195.,0,0,0
WBGene00197196.,0,3,3
WBGene00197197.,0,0,0
WBGene00197198.,0,0,0
WBGene00197199.,0,0,0
WBGene00197200.,0,0,0
WBGene00197201.,0,0,0
WBGene00197202.,0,2,2
WBGene00197203.,0,0,0
WBGene00197204.,0,3,3
WBGene00197205.,0,5,5
WBGene00197206.,0,1,1
WBGene00197207.,0,1,1
WBGene00197208.,0,1,1
WBGene00197209.,0,13,13
WBGene00197210.,0,0,0
WBGene00197211.,0,0,0
WBGene00197212.,0,0,0
WBGene00197213.,0,0,0
WBGene00197214.,0,7,7
WBGene00197215.,0,444,444
WBGene00197216.,0,0,0
WBGene00197217.,0,1,1
WBGene00197218.,0,7,7
WBGene00197219.,0,0,0
WBGene00197220.,0,0,0
WBGene00197221.,0,0,0
WBGene00197222.,0,10,10
WBGene00197223.,0,0,0
WBGene00197224.,0,0,0
WBGene00197225.,0,1,1
WBGene00197226.,0,0,0
WBGene00197227.,0,3,3
WBGene00197228.,0,2,2
WBGene00197229.,0,0,0
WBGene00197230.,0,0,0
WBGene00197231.,0,7,7
WBGene00197232.,0,0,0
WBGene00197233.,0,2,2
WBGene00197234.,0,5,5
WBGene00197235.,0,0,0
WBGene00197236.,0,1,1
WBGene00197237.,0,0,0
WBGene00197238.,0,0,0
WBGene00197239.,0,1,1
WBGene00197240.,0,0,0
WBGene00197241.,0,0,0
WBGene00197242.,0,2,2
WBGene00197243.,0,4,4
WBGene00197244.,0,3,3
WBGene00197245.,0,0,0
WBGene00197246.,0,3,3
WBGene00197247.,0,0,0
WBGene00197248.,0,0,0
WBGene00197249.,0,2,2
WBGene00197250.,0,8,8
WBGene00197251.,0,0,0
WBGene00197252.,0,0,0
WBGene00197253.,0,0,0
WBGene00197254.,0,2,2
WBGene00197255.,0,0,0
WBGene00197256.,0,0,0
WBGene00197257.,0,8,8
WBGene00197258.,0,3,3
WBGene00197259.,0,6,6
WBGene00197260.,0,0,0
WBGene00197261.,0,0,0
WBGene00197262.,0,0,0
WBGene00197263.,0,0,0
WBGene00197264.,0,0,0
WBGene00197265.,0,2,2
WBGene00197266.,0,0,0
WBGene00197267.,0,0,0
WBGene00197268.,0,0,0
WBGene00197269.,0,2,2
WBGene00197270.,0,0,0
WBGene00197271.,0,0,0
WBGene00197272.,0,0,0
WBGene00197273.,0,0,0
WBGene00197274.,0,2,2
WBGene00197275.,0,0,0
WBGene00197276.,0,1,1
WBGene00197277.,0,0,0
WBGene00197278.,0,3,3
WBGene00197279.,0,13,13
WBGene00197280.,0,1,1
WBGene00197281.,0,0,0
WBGene00197282.,0,0,0
WBGene00197283.,0,0,0
WBGene00197284.,0,0,0
WBGene00197285.,0,2,2
WBGene00197286.,0,0,0
WBGene00197287.,0,0,0
WBGene00197288.,0,1,1
WBGene00197289.,0,0,0
WBGene00197290.,0,0,0
WBGene00197291.,0,0,0
WBGene00197292.,0,0,0
WBGene00197293.,0,0,0
WBGene00197294.,0,0,0
WBGene00197295.,0,0,0
WBGene00197296.,0,0,0
WBGene00197297.,0,5,5
WBGene00197298.,0,0,0
WBGene00197299.,0,0,0
WBGene00197300.,0,0,0
WBGene00197301.,0,0,0
WBGene00197302.,0,0,0
WBGene00197303.,0,0,0
WBGene00197304.,0,0,0
WBGene00197305.,0,0,0
WBGene00197306.,0,0,0
WBGene00197307.,0,3,3
WBGene00197308.,0,5,5
WBGene00197309.,0,0,0
WBGene00197310.,0,0,0
WBGene00197311.,0,0,0
WBGene00197312.,0,0,0
WBGene00197313.,0,0,0
WBGene00197314.,0,0,0
WBGene00197315.,0,0,0
WBGene00197316.,0,0,0
WBGene00197317.,0,0,0
WBGene00197318.,0,0,0
WBGene00197319.,0,0,0
WBGene00197320.,0,0,0
WBGene00197321.,0,0,0
WBGene00197322.,0,1,1
WBGene00197323.,0,2,2
WBGene00197324.,0,3,3
WBGene00197325.,0,0,0
WBGene00197326.,0,16,16
WBGene00197327.,0,0,0
WBGene00197328.,0,1,1
WBGene00197329.,0,0,0
WBGene00197330.,0,0,0
WBGene00197331.,0,0,0
WBGene00197332.,0,0,0
WBGene00197333.,0,0,0
WBGene00197334.,0,0,0
WBGene00197335.,0,5,5
WBGene00197336.,0,0,0
WBGene00197337.,0,0,0
WBGene00197338.,0,0,0
WBGene00197339.,0,269,269
WBGene00197340.,0,2,2
WBGene00197341.,0,2,2
WBGene00197342.,0,2,2
WBGene00197343.,0,0,0
WBGene00197344.,0,0,0
WBGene00197345.,0,0,0
WBGene00197346.,0,0,0
WBGene00197347.,0,0,0
WBGene00197348.,0,0,0
WBGene00197349.,0,0,0
WBGene00197350.,0,0,0
WBGene00197351.,0,0,0
WBGene00197352.,0,0,0
WBGene00197353.,0,0,0
WBGene00197354.,0,0,0
WBGene00197355.,0,0,0
WBGene00197356.,0,2,2
WBGene00197357.,0,1,1
WBGene00197358.,0,0,0
WBGene00197359.,0,1,1
WBGene00197360.,0,0,0
WBGene00197361.,0,0,0
WBGene00197362.,0,5,5
WBGene00197363.,0,1,1
WBGene00197364.,0,0,0
WBGene00197365.,0,0,0
WBGene00197366.,0,1,1
WBGene00197367.,0,0,0
WBGene00197368.,0,0,0
WBGene00197369.,0,0,0
WBGene00197370.,0,0,0
WBGene00197371.,0,0,0
WBGene00197372.,0,0,0
WBGene00197373.,0,2,2
WBGene00197374.,0,0,0
WBGene00197375.,0,1,1
WBGene00197376.,0,0,0
WBGene00197377.,0,0,0
WBGene00197378.,0,0,0
WBGene00197379.,0,0,0
WBGene00197380.,0,0,0
WBGene00197381.,0,0,0
WBGene00197382.,0,4,4
WBGene00197383.,0,0,0
WBGene00197384.,0,0,0
WBGene00197385.,0,0,0
WBGene00197386.,0,1,1
WBGene00197387.,0,0,0
WBGene00197388.,0,1,1
WBGene00197389.,0,0,0
WBGene00197390.,0,0,0
WBGene00197391.,0,0,0
WBGene00197392.,0,0,0
WBGene00197393.,0,0,0
WBGene00197394.,0,0,0
WBGene00197395.,0,1,1
WBGene00197396.,0,2,2
WBGene00197397.,0,0,0
WBGene00197398.,0,1,1
WBGene00197399.,0,4,4
WBGene00197400.,0,0,0
WBGene00197401.,0,0,0
WBGene00197402.,0,0,0
WBGene00197403.,0,1,1
WBGene00197404.,0,8,8
WBGene00197405.,0,0,0
WBGene00197406.,0,52,52
WBGene00197407.,0,0,0
WBGene00197408.,0,0,0
WBGene00197409.,0,0,0
WBGene00197410.,0,0,0
WBGene00197411.,0,9,9
WBGene00197412.,0,1,1
WBGene00197413.,0,0,0
WBGene00197414.,0,1,1
WBGene00197415.,0,1,1
WBGene00197416.,0,6,6
WBGene00197417.,0,0,0
WBGene00197418.,0,0,0
WBGene00197419.,0,0,0
WBGene00197420.,0,3,3
WBGene00197421.,0,0,0
WBGene00197422.,0,0,0
WBGene00197423.,0,0,0
WBGene00197424.,0,19,19
WBGene00197425.,0,0,0
WBGene00197426.,0,2,2
WBGene00197427.,0,0,0
WBGene00197428.,0,0,0
WBGene00197429.,0,1,1
WBGene00197430.,0,0,0
WBGene00197431.,0,0,0
WBGene00197432.,0,0,0
WBGene00197433.,0,0,0
WBGene00197434.,0,0,0
WBGene00197435.,0,2,2
WBGene00197436.,0,0,0
WBGene00197437.,0,1,1
WBGene00197438.,0,0,0
WBGene00197439.,0,0,0
WBGene00197440.,0,0,0
WBGene00197441.,0,0,0
WBGene00197442.,0,0,0
WBGene00197443.,0,0,0
WBGene00197444.,0,7,7
WBGene00197445.,0,1,1
WBGene00197446.,0,1,1
WBGene00197447.,0,0,0
WBGene00197448.,0,0,0
WBGene00197449.,0,0,0
WBGene00197450.,0,1,1
WBGene00197451.,0,1,1
WBGene00197452.,0,15,15
WBGene00197453.,0,0,0
WBGene00197454.,0,7,7
WBGene00197455.,0,3,3
WBGene00197456.,0,0,0
WBGene00197457.,0,0,0
WBGene00197458.,0,3,3
WBGene00197459.,0,0,0
WBGene00197460.,0,0,0
WBGene00197461.,0,2,2
WBGene00197462.,0,0,0
WBGene00197463.,0,0,0
WBGene00197464.,0,10,10
WBGene00197465.,0,1,1
WBGene00197466.,0,0,0
WBGene00197467.,0,3,3
WBGene00197468.,0,0,0
WBGene00197469.,0,0,0
WBGene00197470.,0,0,0
WBGene00197471.,0,0,0
WBGene00197472.,0,0,0
WBGene00197473.,0,0,0
WBGene00197474.,0,0,0
WBGene00197475.,0,2,2
WBGene00197476.,0,0,0
WBGene00197477.,0,8,8
WBGene00197478.,0,0,0
WBGene00197479.,0,0,0
WBGene00197480.,0,0,0
WBGene00197481.,0,0,0
WBGene00197482.,0,6,6
WBGene00197483.,0,8,8
WBGene00197484.,0,0,0
WBGene00197485.,0,0,0
WBGene00197486.,0,1,1
WBGene00197487.,0,0,0
WBGene00197488.,0,0,0
WBGene00197489.,0,2,2
WBGene00197490.,0,0,0
WBGene00197491.,0,5,5
WBGene00197492.,0,0,0
WBGene00197493.,0,0,0
WBGene00197494.,0,0,0
WBGene00197495.,0,0,0
WBGene00197496.,0,0,0
WBGene00197497.,0,1,1
WBGene00197498.,0,0,0
WBGene00197499.,0,0,0
WBGene00197500.,0,0,0
WBGene00197501.,0,0,0
WBGene00197502.,0,2,2
WBGene00197503.,0,0,0
WBGene00197504.,0,0,0
WBGene00197505.,0,0,0
WBGene00197506.,0,0,0
WBGene00197507.,0,0,0
WBGene00197508.,0,0,0
WBGene00197509.,0,1,1
WBGene00197510.,0,0,0
WBGene00197511.,0,34,34
WBGene00197512.,0,0,0
WBGene00197513.,0,1,1
WBGene00197514.,0,0,0
WBGene00197515.,0,15,15
WBGene00197516.,0,9,9
WBGene00197517.,0,0,0
WBGene00197518.,0,1,1
WBGene00197519.,0,0,0
WBGene00197520.,0,1,1
WBGene00197521.,0,0,0
WBGene00197522.,0,0,0
WBGene00197523.,0,0,0
WBGene00197524.,0,0,0
WBGene00197525.,0,2,2
WBGene00197526.,0,0,0
WBGene00197527.,0,0,0
WBGene00197528.,0,0,0
WBGene00197529.,0,10,10
WBGene00197530.,0,0,0
WBGene00197531.,0,1,1
WBGene00197532.,0,2,2
WBGene00197533.,0,0,0
WBGene00197534.,0,3,3
WBGene00197535.,0,0,0
WBGene00197536.,0,0,0
WBGene00197537.,0,0,0
WBGene00197538.,0,0,0
WBGene00197539.,0,0,0
WBGene00197540.,0,0,0
WBGene00197541.,0,1,1
WBGene00197542.,0,0,0
WBGene00197543.,0,1,1
WBGene00197544.,0,0,0
WBGene00197545.,0,0,0
WBGene00197546.,0,2,2
WBGene00197547.,0,0,0
WBGene00197548.,0,2,2
WBGene00197549.,0,0,0
WBGene00197550.,0,1,1
WBGene00197551.,0,0,0
WBGene00197552.,0,0,0
WBGene00197553.,0,3,3
WBGene00197554.,0,0,0
WBGene00197555.,0,2,2
WBGene00197556.,0,0,0
WBGene00197557.,0,0,0
WBGene00197558.,0,0,0
WBGene00197559.,0,0,0
WBGene00197560.,0,2,2
WBGene00197561.,0,0,0
WBGene00197562.,0,0,0
WBGene00197563.,0,0,0
WBGene00197564.,0,1,1
WBGene00197565.,0,0,0
WBGene00197566.,0,0,0
WBGene00197567.,0,0,0
WBGene00197568.,0,0,0
WBGene00197569.,0,0,0
WBGene00197570.,0,0,0
WBGene00197571.,0,0,0
WBGene00197572.,0,0,0
WBGene00197573.,0,0,0
WBGene00197574.,0,1,1
WBGene00197575.,0,0,0
WBGene00197576.,0,0,0
WBGene00197577.,0,6,6
WBGene00197578.,0,7,7
WBGene00197579.,0,7,7
WBGene00197580.,0,4,4
WBGene00197581.,0,0,0
WBGene00197582.,0,1,1
WBGene00197583.,0,14,14
WBGene00197584.,0,0,0
WBGene00197585.,0,3,3
WBGene00197586.,0,1,1
WBGene00197587.,0,1,1
WBGene00197588.,0,0,0
WBGene00197589.,0,0,0
WBGene00197590.,0,0,0
WBGene00197591.,0,15,15
WBGene00197592.,0,0,0
WBGene00197593.,0,0,0
WBGene00197594.,0,0,0
WBGene00197595.,0,1,1
WBGene00197596.,0,2,2
WBGene00197597.,0,1,1
WBGene00197598.,0,1,1
WBGene00197599.,0,2,2
WBGene00197600.,0,1,1
WBGene00197601.,0,1,1
WBGene00197602.,0,0,0
WBGene00197603.,0,0,0
WBGene00197604.,0,8,8
WBGene00197605.,0,0,0
WBGene00197606.,0,1,1
WBGene00197607.,0,0,0
WBGene00197608.,0,1,1
WBGene00197609.,0,3,3
WBGene00197610.,0,0,0
WBGene00197611.,0,3,3
WBGene00197612.,0,0,0
WBGene00197613.,0,0,0
WBGene00197614.,0,0,0
WBGene00197615.,0,9,9
WBGene00197616.,0,0,0
WBGene00197617.,0,0,0
WBGene00197618.,0,0,0
WBGene00197619.,0,0,0
WBGene00197620.,0,1,1
WBGene00197621.,0,0,0
WBGene00197622.,0,0,0
WBGene00197623.,0,0,0
WBGene00197624.,0,0,0
WBGene00197625.,0,4,4
WBGene00197626.,0,0,0
WBGene00197627.,0,0,0
WBGene00197628.,0,0,0
WBGene00197629.,0,0,0
WBGene00197630.,0,0,0
WBGene00197631.,0,0,0
WBGene00197632.,0,3,3
WBGene00197633.,0,16,16
WBGene00197634.,0,6,6
WBGene00197635.,0,0,0
WBGene00197636.,0,3,3
WBGene00197637.,0,0,0
WBGene00197638.,0,0,0
WBGene00197639.,0,0,0
WBGene00197640.,0,0,0
WBGene00197641.,0,1,1
WBGene00197642.,0,5,5
WBGene00197643.,0,0,0
WBGene00197644.,0,0,0
WBGene00197645.,0,0,0
WBGene00197646.,0,1,1
WBGene00197647.,0,11,11
WBGene00197648.,0,1,1
WBGene00197649.,0,0,0
WBGene00197650.,0,1,1
WBGene00197651.,0,0,0
WBGene00197652.,0,3,3
WBGene00197653.,0,0,0
WBGene00197654.,0,0,0
WBGene00197655.,0,0,0
WBGene00197656.,0,1,1
WBGene00197657.,0,1,1
WBGene00197658.,0,0,0
WBGene00197659.,0,0,0
WBGene00197660.,0,1,1
WBGene00197661.,0,0,0
WBGene00197662.,0,0,0
WBGene00197663.,0,0,0
WBGene00197664.,0,0,0
WBGene00197665.,0,0,0
WBGene00197666.,0,0,0
WBGene00197667.,0,3,3
WBGene00197668.,0,1,1
WBGene00197669.,0,5,5
WBGene00197670.,0,6,6
WBGene00197671.,0,0,0
WBGene00197672.,0,1,1
WBGene00197673.,0,0,0
WBGene00197674.,0,1,1
WBGene00197675.,0,0,0
WBGene00197676.,0,0,0
WBGene00197677.,0,0,0
WBGene00197678.,0,0,0
WBGene00197679.,0,7,7
WBGene00197680.,0,0,0
WBGene00197681.,0,0,0
WBGene00197682.,0,0,0
WBGene00197683.,0,0,0
WBGene00197684.,0,1,1
WBGene00197685.,0,0,0
WBGene00197686.,0,10,10
WBGene00197687.,0,1,1
WBGene00197688.,0,1,1
WBGene00197689.,0,0,0
WBGene00197690.,0,0,0
WBGene00197691.,0,18,18
WBGene00197692.,0,0,0
WBGene00197693.,0,0,0
WBGene00197694.,0,0,0
WBGene00197695.,0,0,0
WBGene00197696.,0,0,0
WBGene00197697.,0,0,0
WBGene00197698.,0,5,5
WBGene00197699.,0,0,0
WBGene00197700.,0,0,0
WBGene00197701.,0,1,1
WBGene00197702.,0,1,1
WBGene00197703.,0,0,0
WBGene00197704.,0,2,2
WBGene00197705.,0,1,1
WBGene00197706.,0,0,0
WBGene00197707.,0,0,0
WBGene00197708.,0,0,0
WBGene00197709.,0,1,1
WBGene00197710.,0,5,5
WBGene00197711.,0,0,0
WBGene00197712.,0,2,2
WBGene00197713.,0,0,0
WBGene00197714.,0,0,0
WBGene00197715.,0,1,1
WBGene00197716.,0,0,0
WBGene00197717.,0,0,0
WBGene00197718.,0,0,0
WBGene00197719.,0,1,1
WBGene00197720.,0,0,0
WBGene00197721.,0,0,0
WBGene00197722.,0,0,0
WBGene00197723.,0,0,0
WBGene00197724.,0,2,2
WBGene00197725.,0,0,0
WBGene00197726.,0,2,2
WBGene00197727.,0,0,0
WBGene00197728.,0,1,1
WBGene00197729.,0,0,0
WBGene00197730.,0,0,0
WBGene00197731.,0,0,0
WBGene00197732.,0,4,4
WBGene00197733.,0,0,0
WBGene00197734.,0,0,0
WBGene00197735.,0,0,0
WBGene00197736.,0,0,0
WBGene00197737.,0,0,0
WBGene00197738.,0,0,0
WBGene00197739.,0,1,1
WBGene00197740.,0,0,0
WBGene00197741.,0,0,0
WBGene00197742.,0,0,0
WBGene00197743.,0,0,0
WBGene00197744.,0,0,0
WBGene00197745.,0,2,2
WBGene00197746.,0,0,0
WBGene00197747.,0,0,0
WBGene00197748.,0,0,0
WBGene00197749.,0,0,0
WBGene00197750.,0,0,0
WBGene00197751.,0,1,1
WBGene00197752.,0,0,0
WBGene00197753.,0,1,1
WBGene00197754.,0,0,0
WBGene00197755.,0,0,0
WBGene00197756.,0,0,0
WBGene00197757.,0,1,1
WBGene00197758.,0,5,5
WBGene00197759.,0,1,1
WBGene00197760.,0,0,0
WBGene00197761.,0,1,1
WBGene00197762.,0,0,0
WBGene00197763.,0,0,0
WBGene00197764.,0,0,0
WBGene00197765.,0,0,0
WBGene00197766.,0,1,1
WBGene00197767.,0,1,1
WBGene00197768.,0,0,0
WBGene00197769.,0,1,1
WBGene00197770.,0,1,1
WBGene00197771.,0,0,0
WBGene00197772.,0,0,0
WBGene00197773.,0,0,0
WBGene00197774.,0,0,0
WBGene00197775.,0,1,1
WBGene00197776.,0,0,0
WBGene00197777.,0,0,0
WBGene00197778.,0,0,0
WBGene00197779.,0,1,1
WBGene00197780.,0,0,0
WBGene00197781.,0,0,0
WBGene00197782.,0,2,2
WBGene00197783.,0,1,1
WBGene00197784.,0,1,1
WBGene00197785.,0,0,0
WBGene00197786.,0,0,0
WBGene00197787.,0,0,0
WBGene00197788.,0,0,0
WBGene00197789.,0,0,0
WBGene00197790.,0,0,0
WBGene00197791.,0,2,2
WBGene00197792.,0,0,0
WBGene00197793.,0,0,0
WBGene00197794.,0,0,0
WBGene00197795.,0,0,0
WBGene00197796.,0,2,2
WBGene00197797.,0,0,0
WBGene00197798.,0,0,0
WBGene00197799.,0,0,0
WBGene00197800.,0,4,4
WBGene00197801.,0,1,1
WBGene00197802.,0,1,1
WBGene00197803.,0,77,77
WBGene00197804.,0,0,0
WBGene00197805.,0,2,2
WBGene00197806.,0,0,0
WBGene00197807.,0,0,0
WBGene00197808.,0,0,0
WBGene00197809.,0,0,0
WBGene00197810.,0,0,0
WBGene00197811.,0,0,0
WBGene00197812.,0,2,2
WBGene00197813.,0,2,2
WBGene00197814.,0,0,0
WBGene00197815.,0,0,0
WBGene00197816.,0,0,0
WBGene00197817.,0,1,1
WBGene00197818.,0,0,0
WBGene00197819.,0,1,1
WBGene00197820.,0,0,0
WBGene00197821.,0,1,1
WBGene00197822.,0,2,2
WBGene00197823.,0,0,0
WBGene00197824.,0,0,0
WBGene00197825.,0,0,0
WBGene00197826.,0,0,0
WBGene00197827.,0,0,0
WBGene00197828.,0,0,0
WBGene00197829.,0,1,1
WBGene00197830.,0,0,0
WBGene00197831.,0,0,0
WBGene00197832.,0,0,0
WBGene00197833.,0,2,2
WBGene00197834.,0,1,1
WBGene00197835.,0,0,0
WBGene00197836.,0,4,4
WBGene00197837.,0,0,0
WBGene00197838.,0,0,0
WBGene00197839.,0,0,0
WBGene00197840.,0,1,1
WBGene00197841.,0,1,1
WBGene00197842.,0,0,0
WBGene00197843.,0,0,0
WBGene00197844.,0,0,0
WBGene00197845.,0,2,2
WBGene00197846.,0,0,0
WBGene00197847.,0,1,1
WBGene00197848.,0,1,1
WBGene00197849.,0,0,0
WBGene00197850.,0,5,5
WBGene00197851.,0,0,0
WBGene00197852.,0,1,1
WBGene00197853.,0,2,2
WBGene00197854.,0,1,1
WBGene00197855.,0,2,2
WBGene00197856.,0,0,0
WBGene00197857.,0,14,14
WBGene00197858.,0,0,0
WBGene00197859.,0,0,0
WBGene00197860.,0,23,23
WBGene00197861.,0,0,0
WBGene00197862.,0,1,1
WBGene00197863.,0,0,0
WBGene00197864.,0,0,0
WBGene00197865.,0,0,0
WBGene00197866.,0,0,0
WBGene00197867.,0,2,2
WBGene00197868.,0,0,0
WBGene00197869.,0,0,0
WBGene00197870.,0,0,0
WBGene00197871.,0,0,0
WBGene00197872.,0,0,0
WBGene00197873.,0,10,10
WBGene00197874.,0,2,2
WBGene00197875.,0,3,3
WBGene00197876.,0,1,1
WBGene00197877.,0,0,0
WBGene00197878.,0,1,1
WBGene00197879.,0,9,9
WBGene00197880.,0,2,2
WBGene00197881.,0,0,0
WBGene00197882.,0,0,0
WBGene00197883.,0,13,13
WBGene00197884.,0,9,9
WBGene00197885.,0,1,1
WBGene00197886.,0,0,0
WBGene00197887.,0,1,1
WBGene00197888.,0,0,0
WBGene00197889.,0,1,1
WBGene00197890.,0,1,1
WBGene00197891.,0,0,0
WBGene00197892.,0,0,0
WBGene00197893.,0,0,0
WBGene00197894.,0,0,0
WBGene00197895.,0,0,0
WBGene00197896.,0,2,2
WBGene00197897.,0,0,0
WBGene00197898.,0,1,1
WBGene00197899.,0,2,2
WBGene00197900.,0,0,0
WBGene00197901.,0,0,0
WBGene00197902.,0,0,0
WBGene00197903.,0,1,1
WBGene00197904.,0,0,0
WBGene00197905.,0,0,0
WBGene00197906.,0,34,34
WBGene00197907.,0,0,0
WBGene00197908.,0,0,0
WBGene00197909.,0,1,1
WBGene00197910.,0,0,0
WBGene00197911.,0,0,0
WBGene00197912.,0,3,3
WBGene00197913.,0,0,0
WBGene00197914.,0,0,0
WBGene00197915.,0,1,1
WBGene00197916.,0,0,0
WBGene00197917.,0,0,0
WBGene00197918.,0,0,0
WBGene00197919.,0,0,0
WBGene00197920.,0,1,1
WBGene00197921.,0,83,83
WBGene00197922.,0,0,0
WBGene00197923.,0,15,15
WBGene00197924.,0,0,0
WBGene00197925.,0,3,3
WBGene00197926.,0,0,0
WBGene00197927.,0,1,1
WBGene00197928.,0,2,2
WBGene00197929.,0,0,0
WBGene00197930.,0,0,0
WBGene00197931.,0,1,1
WBGene00197932.,0,0,0
WBGene00197933.,0,0,0
WBGene00197934.,0,17,17
WBGene00197935.,0,1,1
WBGene00197936.,0,0,0
WBGene00197937.,0,1,1
WBGene00197938.,0,1,1
WBGene00197939.,0,0,0
WBGene00197940.,0,0,0
WBGene00197941.,0,0,0
WBGene00197942.,0,0,0
WBGene00197943.,0,0,0
WBGene00197944.,0,9,9
WBGene00197945.,0,0,0
WBGene00197946.,0,1,1
WBGene00197947.,0,0,0
WBGene00197948.,0,0,0
WBGene00197949.,0,1,1
WBGene00197950.,0,0,0
WBGene00197951.,0,0,0
WBGene00197952.,0,1,1
WBGene00197953.,0,0,0
WBGene00197954.,0,0,0
WBGene00197955.,0,0,0
WBGene00197956.,0,4,4
WBGene00197957.,0,1,1
WBGene00197958.,0,1,1
WBGene00197959.,0,2,2
WBGene00197960.,0,0,0
WBGene00197961.,0,1,1
WBGene00197962.,0,0,0
WBGene00197963.,0,0,0
WBGene00197964.,0,0,0
WBGene00197965.,0,0,0
WBGene00197966.,0,0,0
WBGene00197967.,0,0,0
WBGene00197968.,0,0,0
WBGene00197969.,0,0,0
WBGene00197970.,0,0,0
WBGene00197971.,0,10,10
WBGene00197972.,0,0,0
WBGene00197973.,0,4,4
WBGene00197974.,0,0,0
WBGene00197975.,0,0,0
WBGene00197976.,0,3,3
WBGene00197977.,0,0,0
WBGene00197978.,0,0,0
WBGene00197979.,0,0,0
WBGene00197980.,0,0,0
WBGene00197981.,0,0,0
WBGene00197982.,0,0,0
WBGene00197983.,0,1,1
WBGene00197984.,0,1,1
WBGene00197985.,0,0,0
WBGene00197986.,0,0,0
WBGene00197987.,0,1,1
WBGene00197988.,0,0,0
WBGene00197989.,0,0,0
WBGene00197990.,0,0,0
WBGene00197991.,0,2,2
WBGene00197992.,0,0,0
WBGene00197993.,0,0,0
WBGene00197994.,0,0,0
WBGene00197995.,0,2,2
WBGene00197996.,0,0,0
WBGene00197997.,0,3,3
WBGene00197998.,0,0,0
WBGene00197999.,0,0,0
WBGene00198000.,0,1,1
WBGene00198001.,0,0,0
WBGene00198002.,0,0,0
WBGene00198003.,0,2,2
WBGene00198004.,0,1,1
WBGene00198005.,0,0,0
WBGene00198006.,0,0,0
WBGene00198007.,0,0,0
WBGene00198008.,0,0,0
WBGene00198009.,0,0,0
WBGene00198010.,0,1,1
WBGene00198011.,0,0,0
WBGene00198012.,0,0,0
WBGene00198013.,0,1,1
WBGene00198014.,0,7,7
WBGene00198015.,0,0,0
WBGene00198016.,0,0,0
WBGene00198017.,0,0,0
WBGene00198018.,0,0,0
WBGene00198019.,0,1,1
WBGene00198020.,0,1,1
WBGene00198021.,0,12,12
WBGene00198022.,0,0,0
WBGene00198023.,0,0,0
WBGene00198024.,0,0,0
WBGene00198025.,0,2,2
WBGene00198026.,0,0,0
WBGene00198027.,0,0,0
WBGene00198028.,0,0,0
WBGene00198029.,0,1,1
WBGene00198030.,0,0,0
WBGene00198031.,0,0,0
WBGene00198032.,0,1,1
WBGene00198033.,0,0,0
WBGene00198034.,0,0,0
WBGene00198035.,0,0,0
WBGene00198036.,0,1,1
WBGene00198037.,0,0,0
WBGene00198038.,0,0,0
WBGene00198039.,0,0,0
WBGene00198040.,0,0,0
WBGene00198041.,0,0,0
WBGene00198042.,0,5,5
WBGene00198043.,0,0,0
WBGene00198044.,0,0,0
WBGene00198045.,0,0,0
WBGene00198046.,0,0,0
WBGene00198047.,0,15,15
WBGene00198048.,0,0,0
WBGene00198049.,0,0,0
WBGene00198050.,0,0,0
WBGene00198051.,0,0,0
WBGene00198052.,0,0,0
WBGene00198053.,0,1,1
WBGene00198054.,0,0,0
WBGene00198055.,0,0,0
WBGene00198056.,0,3,3
WBGene00198057.,0,1,1
WBGene00198058.,0,0,0
WBGene00198059.,0,0,0
WBGene00198060.,0,0,0
WBGene00198061.,0,3,3
WBGene00198062.,0,0,0
WBGene00198063.,0,0,0
WBGene00198064.,0,0,0
WBGene00198065.,0,1,1
WBGene00198066.,0,0,0
WBGene00198067.,0,0,0
WBGene00198068.,0,1,1
WBGene00198069.,0,1,1
WBGene00198070.,0,0,0
WBGene00198071.,0,0,0
WBGene00198072.,0,0,0
WBGene00198073.,0,0,0
WBGene00198074.,0,0,0
WBGene00198075.,0,21,21
WBGene00198076.,0,0,0
WBGene00198077.,0,0,0
WBGene00198078.,0,0,0
WBGene00198079.,0,0,0
WBGene00198080.,0,0,0
WBGene00198081.,0,0,0
WBGene00198082.,0,0,0
WBGene00198083.,0,2,2
WBGene00198084.,0,0,0
WBGene00198085.,0,0,0
WBGene00198086.,0,0,0
WBGene00198087.,0,0,0
WBGene00198088.,0,0,0
WBGene00198089.,0,0,0
WBGene00198090.,0,1,1
WBGene00198091.,0,6,6
WBGene00198092.,0,1,1
WBGene00198093.,0,0,0
WBGene00198094.,0,0,0
WBGene00198095.,0,1,1
WBGene00198096.,0,1,1
WBGene00198097.,0,0,0
WBGene00198098.,0,0,0
WBGene00198099.,0,0,0
WBGene00198100.,0,0,0
WBGene00198101.,0,3,3
WBGene00198102.,0,0,0
WBGene00198103.,0,0,0
WBGene00198104.,0,3,3
WBGene00198105.,0,0,0
WBGene00198106.,0,0,0
WBGene00198107.,0,0,0
WBGene00198108.,0,3,3
WBGene00198109.,0,0,0
WBGene00198110.,0,1,1
WBGene00198111.,0,0,0
WBGene00198112.,0,1,1
WBGene00198113.,0,0,0
WBGene00198114.,0,0,0
WBGene00198115.,0,0,0
WBGene00198116.,0,1,1
WBGene00198117.,0,2,2
WBGene00198118.,0,0,0
WBGene00198119.,0,0,0
WBGene00198120.,0,0,0
WBGene00198121.,0,3,3
WBGene00198122.,0,2,2
WBGene00198123.,0,0,0
WBGene00198124.,0,11,11
WBGene00198125.,0,0,0
WBGene00198126.,0,1,1
WBGene00198127.,0,1,1
WBGene00198128.,0,0,0
WBGene00198129.,0,0,0
WBGene00198130.,0,0,0
WBGene00198131.,0,0,0
WBGene00198132.,0,2,2
WBGene00198133.,0,0,0
WBGene00198134.,0,3,3
WBGene00198135.,0,6,6
WBGene00198136.,0,0,0
WBGene00198137.,0,0,0
WBGene00198138.,0,1,1
WBGene00198139.,0,3,3
WBGene00198140.,0,0,0
WBGene00198141.,0,2,2
WBGene00198142.,0,9,9
WBGene00198143.,0,0,0
WBGene00198144.,0,0,0
WBGene00198145.,0,0,0
WBGene00198146.,0,0,0
WBGene00198147.,0,0,0
WBGene00198148.,0,1,1
WBGene00198149.,0,0,0
WBGene00198150.,0,0,0
WBGene00198151.,0,1,1
WBGene00198152.,0,2,2
WBGene00198153.,0,1,1
WBGene00198154.,0,0,0
WBGene00198155.,0,0,0
WBGene00198156.,0,0,0
WBGene00198157.,0,0,0
WBGene00198158.,0,0,0
WBGene00198159.,0,0,0
WBGene00198160.,0,0,0
WBGene00198161.,0,0,0
WBGene00198162.,0,4,4
WBGene00198163.,0,0,0
WBGene00198164.,0,0,0
WBGene00198165.,0,0,0
WBGene00198166.,0,0,0
WBGene00198167.,0,0,0
WBGene00198168.,0,0,0
WBGene00198169.,0,0,0
WBGene00198170.,0,0,0
WBGene00198171.,0,5,5
WBGene00198172.,0,0,0
WBGene00198173.,0,0,0
WBGene00198174.,0,9,9
WBGene00198175.,0,1,1
WBGene00198176.,0,0,0
WBGene00198177.,0,0,0
WBGene00198178.,0,1,1
WBGene00198179.,0,0,0
WBGene00198180.,0,0,0
WBGene00198181.,0,1,1
WBGene00198182.,0,11,11
WBGene00198183.,0,7,7
WBGene00198184.,0,2,2
WBGene00198185.,0,1,1
WBGene00198186.,0,1,1
WBGene00198187.,0,1,1
WBGene00198188.,0,2,2
WBGene00198189.,0,0,0
WBGene00198190.,0,0,0
WBGene00198191.,0,0,0
WBGene00198192.,0,0,0
WBGene00198193.,0,1,1
WBGene00198194.,0,0,0
WBGene00198195.,0,1,1
WBGene00198196.,0,1,1
WBGene00198197.,0,0,0
WBGene00198198.,0,0,0
WBGene00198199.,0,0,0
WBGene00198200.,0,0,0
WBGene00198201.,0,0,0
WBGene00198202.,0,0,0
WBGene00198203.,0,0,0
WBGene00198204.,0,0,0
WBGene00198205.,0,0,0
WBGene00198206.,0,1,1
WBGene00198207.,0,0,0
WBGene00198208.,0,0,0
WBGene00198209.,0,4,4
WBGene00198210.,0,1,1
WBGene00198211.,0,0,0
WBGene00198212.,0,0,0
WBGene00198213.,0,13,13
WBGene00198214.,0,2,2
WBGene00198215.,0,4,4
WBGene00198216.,0,1,1
WBGene00198217.,0,0,0
WBGene00198218.,0,0,0
WBGene00198219.,0,0,0
WBGene00198220.,0,0,0
WBGene00198221.,0,0,0
WBGene00198222.,0,0,0
WBGene00198223.,0,0,0
WBGene00198224.,0,0,0
WBGene00198225.,0,26,26
WBGene00198226.,0,3,3
WBGene00198227.,0,1,1
WBGene00198228.,0,0,0
WBGene00198229.,0,0,0
WBGene00198230.,0,0,0
WBGene00198231.,0,0,0
WBGene00198232.,0,0,0
WBGene00198233.,0,0,0
WBGene00198234.,0,1,1
WBGene00198235.,0,0,0
WBGene00198236.,0,4,4
WBGene00198237.,0,1,1
WBGene00198238.,0,0,0
WBGene00198239.,0,0,0
WBGene00198240.,0,2,2
WBGene00198241.,0,1,1
WBGene00198242.,0,11,11
WBGene00198243.,0,0,0
WBGene00198244.,0,2,2
WBGene00198245.,0,0,0
WBGene00198246.,0,3,3
WBGene00198247.,0,3,3
WBGene00198248.,0,0,0
WBGene00198249.,0,2,2
WBGene00198250.,0,1,1
WBGene00198251.,0,1,1
WBGene00198252.,0,0,0
WBGene00198253.,0,0,0
WBGene00198254.,0,0,0
WBGene00198255.,0,0,0
WBGene00198256.,0,0,0
WBGene00198257.,0,6,6
WBGene00198258.,0,4,4
WBGene00198259.,0,1,1
WBGene00198260.,0,0,0
WBGene00198261.,0,0,0
WBGene00198262.,0,2,2
WBGene00198263.,0,5,5
WBGene00198264.,0,0,0
WBGene00198265.,0,0,0
WBGene00198266.,0,0,0
WBGene00198267.,0,0,0
WBGene00198268.,0,5,5
WBGene00198269.,0,0,0
WBGene00198270.,0,1,1
WBGene00198271.,0,0,0
WBGene00198272.,0,0,0
WBGene00198273.,0,0,0
WBGene00198274.,0,0,0
WBGene00198275.,0,1,1
WBGene00198276.,0,0,0
WBGene00198277.,0,15,15
WBGene00198278.,0,4,4
WBGene00198279.,0,0,0
WBGene00198280.,0,0,0
WBGene00198281.,0,0,0
WBGene00198282.,0,0,0
WBGene00198283.,0,0,0
WBGene00198284.,0,0,0
WBGene00198285.,0,0,0
WBGene00198286.,0,0,0
WBGene00198287.,0,8,8
WBGene00198288.,0,0,0
WBGene00198289.,0,2,2
WBGene00198290.,0,0,0
WBGene00198291.,0,0,0
WBGene00198292.,0,1,1
WBGene00198293.,0,0,0
WBGene00198294.,0,0,0
WBGene00198295.,0,0,0
WBGene00198296.,0,0,0
WBGene00198297.,0,0,0
WBGene00198298.,0,3,3
WBGene00198299.,0,4,4
WBGene00198300.,0,77,77
WBGene00198301.,0,0,0
WBGene00198302.,0,0,0
WBGene00198303.,0,1,1
WBGene00198304.,0,0,0
WBGene00198305.,0,0,0
WBGene00198306.,0,0,0
WBGene00198307.,0,47,47
WBGene00198308.,0,2,2
WBGene00198309.,0,0,0
WBGene00198310.,0,3,3
WBGene00198311.,0,0,0
WBGene00198312.,0,1,1
WBGene00198313.,0,0,0
WBGene00198314.,0,6,6
WBGene00198315.,0,6,6
WBGene00198316.,0,2,2
WBGene00198317.,0,0,0
WBGene00198318.,0,0,0
WBGene00198319.,0,1,1
WBGene00198320.,0,6,6
WBGene00198321.,0,0,0
WBGene00198322.,0,0,0
WBGene00198323.,0,0,0
WBGene00198324.,0,2,2
WBGene00198325.,0,1,1
WBGene00198326.,0,6,6
WBGene00198327.,0,0,0
WBGene00198328.,0,0,0
WBGene00198329.,0,0,0
WBGene00198330.,0,0,0
WBGene00198331.,0,1,1
WBGene00198332.,0,0,0
WBGene00198333.,0,0,0
WBGene00198334.,0,1,1
WBGene00198335.,0,0,0
WBGene00198336.,0,0,0
WBGene00198337.,0,0,0
WBGene00198338.,0,0,0
WBGene00198339.,0,0,0
WBGene00198340.,0,1,1
WBGene00198341.,0,2,2
WBGene00198342.,0,0,0
WBGene00198343.,0,0,0
WBGene00198344.,0,1,1
WBGene00198345.,0,0,0
WBGene00198346.,0,0,0
WBGene00198347.,0,1,1
WBGene00198348.,0,4,4
WBGene00198349.,0,1,1
WBGene00198350.,0,0,0
WBGene00198351.,0,2,2
WBGene00198352.,0,0,0
WBGene00198353.,0,0,0
WBGene00198354.,0,1,1
WBGene00198355.,0,0,0
WBGene00198356.,0,0,0
WBGene00198357.,0,0,0
WBGene00198358.,0,0,0
WBGene00198359.,0,0,0
WBGene00198360.,0,0,0
WBGene00198361.,0,0,0
WBGene00198362.,0,1,1
WBGene00198363.,0,0,0
WBGene00198364.,0,0,0
WBGene00198365.,0,0,0
WBGene00198366.,0,1,1
WBGene00198367.,0,2,2
WBGene00198368.,0,17,17
WBGene00198369.,0,0,0
WBGene00198370.,0,1,1
WBGene00198371.,0,0,0
WBGene00198372.,0,1,1
WBGene00198373.,0,0,0
WBGene00198374.,0,0,0
WBGene00198375.,0,0,0
WBGene00198376.,0,0,0
WBGene00198377.,0,0,0
WBGene00198378.,0,0,0
WBGene00198379.,0,0,0
WBGene00198380.,0,0,0
WBGene00198381.,0,2,2
WBGene00198382.,0,0,0
WBGene00198383.,0,0,0
WBGene00198384.,0,0,0
WBGene00198385.,0,4,4
WBGene00198386.,0,7,7
WBGene00198387.,0,0,0
WBGene00198388.,0,0,0
WBGene00198389.,0,0,0
WBGene00198390.,0,0,0
WBGene00198391.,0,0,0
WBGene00198392.,0,0,0
WBGene00198393.,0,8,8
WBGene00198394.,0,5,5
WBGene00198395.,0,0,0
WBGene00198396.,0,1,1
WBGene00198397.,0,0,0
WBGene00198398.,0,1,1
WBGene00198399.,0,7,7
WBGene00198400.,0,0,0
WBGene00198401.,0,0,0
WBGene00198402.,0,2,2
WBGene00198403.,0,0,0
WBGene00198404.,0,0,0
WBGene00198405.,0,0,0
WBGene00198406.,0,1,1
WBGene00198407.,0,0,0
WBGene00198408.,0,0,0
WBGene00198409.,0,0,0
WBGene00198410.,0,0,0
WBGene00198411.,0,0,0
WBGene00198412.,0,0,0
WBGene00198413.,0,0,0
WBGene00198414.,0,0,0
WBGene00198415.,0,0,0
WBGene00198416.,0,0,0
WBGene00198417.,0,0,0
WBGene00198418.,0,0,0
WBGene00198419.,0,1,1
WBGene00198420.,0,0,0
WBGene00198421.,0,0,0
WBGene00198422.,0,0,0
WBGene00198423.,0,4,4
WBGene00198424.,0,0,0
WBGene00198425.,0,0,0
WBGene00198426.,0,6,6
WBGene00198427.,0,0,0
WBGene00198428.,0,2,2
WBGene00198429.,0,0,0
WBGene00198430.,0,1,1
WBGene00198431.,0,0,0
WBGene00198432.,0,0,0
WBGene00198433.,0,3,3
WBGene00198434.,0,0,0
WBGene00198435.,0,0,0
WBGene00198436.,0,1,1
WBGene00198437.,0,0,0
WBGene00198438.,0,0,0
WBGene00198439.,0,0,0
WBGene00198440.,0,1,1
WBGene00198441.,0,6,6
WBGene00198442.,0,0,0
WBGene00198443.,0,0,0
WBGene00198444.,0,0,0
WBGene00198445.,0,0,0
WBGene00198446.,0,0,0
WBGene00198447.,0,0,0
WBGene00198448.,0,0,0
WBGene00198449.,0,0,0
WBGene00198450.,0,3,3
WBGene00198451.,0,0,0
WBGene00198452.,0,0,0
WBGene00198453.,0,0,0
WBGene00198454.,0,0,0
WBGene00198455.,0,0,0
WBGene00198456.,0,1,1
WBGene00198457.,0,0,0
WBGene00198458.,0,0,0
WBGene00198459.,0,0,0
WBGene00198460.,0,0,0
WBGene00198461.,0,0,0
WBGene00198462.,0,0,0
WBGene00198463.,0,0,0
WBGene00198464.,0,0,0
WBGene00198465.,0,0,0
WBGene00198466.,0,10,10
WBGene00198467.,0,2,2
WBGene00198468.,0,0,0
WBGene00198469.,0,1,1
WBGene00198470.,0,0,0
WBGene00198471.,0,0,0
WBGene00198472.,0,6,6
WBGene00198473.,0,0,0
WBGene00198474.,0,0,0
WBGene00198475.,0,0,0
WBGene00198476.,0,3,3
WBGene00198477.,0,2,2
WBGene00198478.,0,0,0
WBGene00198479.,0,2,2
WBGene00198480.,0,0,0
WBGene00198481.,0,0,0
WBGene00198482.,0,0,0
WBGene00198483.,0,0,0
WBGene00198484.,0,0,0
WBGene00198485.,0,3,3
WBGene00198486.,0,334,334
WBGene00198487.,0,0,0
WBGene00198488.,0,0,0
WBGene00198489.,0,4,4
WBGene00198490.,0,0,0
WBGene00198491.,0,2,2
WBGene00198492.,0,0,0
WBGene00198493.,0,0,0
WBGene00198494.,0,0,0
WBGene00198495.,0,0,0
WBGene00198496.,0,0,0
WBGene00198497.,0,1,1
WBGene00198498.,0,0,0
WBGene00198499.,0,0,0
WBGene00198500.,0,0,0
WBGene00198501.,0,0,0
WBGene00198502.,0,0,0
WBGene00198503.,0,0,0
WBGene00198504.,0,1,1
WBGene00198505.,0,0,0
WBGene00198506.,0,2,2
WBGene00198507.,0,0,0
WBGene00198508.,0,1,1
WBGene00198509.,0,0,0
WBGene00198510.,0,0,0
WBGene00198511.,0,0,0
WBGene00198512.,0,2,2
WBGene00198513.,0,0,0
WBGene00198514.,0,0,0
WBGene00198515.,0,0,0
WBGene00198516.,0,0,0
WBGene00198517.,0,0,0
WBGene00198518.,0,0,0
WBGene00198519.,0,1,1
WBGene00198520.,0,1,1
WBGene00198521.,0,2,2
WBGene00198522.,0,1,1
WBGene00198523.,0,0,0
WBGene00198524.,0,0,0
WBGene00198525.,0,0,0
WBGene00198526.,0,4,4
WBGene00198527.,0,0,0
WBGene00198528.,0,0,0
WBGene00198529.,0,2,2
WBGene00198530.,0,3,3
WBGene00198531.,0,0,0
WBGene00198532.,0,1,1
WBGene00198533.,0,0,0
WBGene00198534.,0,6,6
WBGene00198535.,0,0,0
WBGene00198536.,0,1,1
WBGene00198537.,0,0,0
WBGene00198538.,0,0,0
WBGene00198539.,0,0,0
WBGene00198540.,0,0,0
WBGene00198541.,0,0,0
WBGene00198542.,0,1,1
WBGene00198543.,0,0,0
WBGene00198544.,0,0,0
WBGene00198545.,0,0,0
WBGene00198546.,0,1,1
WBGene00198547.,0,0,0
WBGene00198548.,0,0,0
WBGene00198549.,0,0,0
WBGene00198550.,0,2,2
WBGene00198551.,0,1,1
WBGene00198552.,0,1,1
WBGene00198553.,0,0,0
WBGene00198554.,0,1,1
WBGene00198555.,0,0,0
WBGene00198556.,0,0,0
WBGene00198557.,0,0,0
WBGene00198558.,0,3,3
WBGene00198559.,0,0,0
WBGene00198560.,0,0,0
WBGene00198561.,0,0,0
WBGene00198562.,0,0,0
WBGene00198563.,0,14,14
WBGene00198564.,0,1,1
WBGene00198565.,0,0,0
WBGene00198566.,0,0,0
WBGene00198567.,0,0,0
WBGene00198568.,0,0,0
WBGene00198569.,0,0,0
WBGene00198570.,0,0,0
WBGene00198571.,0,0,0
WBGene00198572.,0,0,0
WBGene00198573.,0,0,0
WBGene00198574.,0,0,0
WBGene00198575.,0,8,8
WBGene00198576.,0,4,4
WBGene00198577.,0,0,0
WBGene00198578.,0,0,0
WBGene00198579.,0,3,3
WBGene00198580.,0,0,0
WBGene00198581.,0,0,0
WBGene00198582.,0,2,2
WBGene00198583.,0,0,0
WBGene00198584.,0,0,0
WBGene00198585.,0,0,0
WBGene00198586.,0,2,2
WBGene00198587.,0,0,0
WBGene00198588.,0,0,0
WBGene00198589.,0,0,0
WBGene00198590.,0,0,0
WBGene00198591.,0,0,0
WBGene00198592.,0,1,1
WBGene00198593.,0,0,0
WBGene00198594.,0,0,0
WBGene00198595.,0,2,2
WBGene00198596.,0,2,2
WBGene00198597.,0,0,0
WBGene00198598.,0,4,4
WBGene00198599.,0,5,5
WBGene00198600.,0,0,0
WBGene00198601.,0,1,1
WBGene00198602.,0,0,0
WBGene00198603.,0,0,0
WBGene00198604.,0,1,1
WBGene00198605.,0,0,0
WBGene00198606.,0,0,0
WBGene00198607.,0,0,0
WBGene00198608.,0,2,2
WBGene00198609.,0,0,0
WBGene00198610.,0,0,0
WBGene00198611.,0,0,0
WBGene00198612.,0,0,0
WBGene00198613.,0,1,1
WBGene00198614.,0,0,0
WBGene00198615.,0,0,0
WBGene00198616.,0,0,0
WBGene00198617.,0,0,0
WBGene00198618.,0,1,1
WBGene00198619.,0,0,0
WBGene00198620.,0,0,0
WBGene00198621.,0,23,23
WBGene00198622.,0,0,0
WBGene00198623.,0,0,0
WBGene00198624.,0,0,0
WBGene00198625.,0,0,0
WBGene00198626.,0,0,0
WBGene00198627.,0,0,0
WBGene00198628.,0,0,0
WBGene00198629.,0,0,0
WBGene00198630.,0,1,1
WBGene00198631.,0,0,0
WBGene00198632.,0,1,1
WBGene00198633.,0,7,7
WBGene00198634.,0,8,8
WBGene00198635.,0,1,1
WBGene00198636.,0,0,0
WBGene00198637.,0,0,0
WBGene00198638.,0,0,0
WBGene00198639.,0,0,0
WBGene00198640.,0,0,0
WBGene00198641.,0,10,10
WBGene00198642.,0,57,57
WBGene00198643.,0,1,1
WBGene00198644.,0,0,0
WBGene00198645.,0,1,1
WBGene00198646.,0,0,0
WBGene00198647.,0,0,0
WBGene00198648.,0,1,1
WBGene00198649.,0,2,2
WBGene00198650.,0,0,0
WBGene00198651.,0,0,0
WBGene00198652.,0,0,0
WBGene00198653.,0,0,0
WBGene00198654.,0,0,0
WBGene00198655.,0,0,0
WBGene00198656.,0,0,0
WBGene00198657.,0,0,0
WBGene00198658.,0,2,2
WBGene00198659.,0,1,1
WBGene00198660.,0,0,0
WBGene00198661.,0,0,0
WBGene00198662.,0,6,6
WBGene00198663.,0,0,0
WBGene00198664.,0,1,1
WBGene00198665.,0,1,1
WBGene00198666.,0,0,0
WBGene00198667.,0,0,0
WBGene00198668.,0,10,10
WBGene00198669.,0,0,0
WBGene00198670.,0,2,2
WBGene00198671.,0,3,3
WBGene00198672.,0,1,1
WBGene00198673.,0,0,0
WBGene00198674.,0,1,1
WBGene00198675.,0,0,0
WBGene00198676.,0,0,0
WBGene00198677.,0,1,1
WBGene00198678.,0,0,0
WBGene00198679.,0,2,2
WBGene00198680.,0,0,0
WBGene00198681.,0,1,1
WBGene00198682.,0,0,0
WBGene00198683.,0,3,3
WBGene00198684.,0,1,1
WBGene00198685.,0,1,1
WBGene00198686.,0,3,3
WBGene00198687.,0,0,0
WBGene00198688.,0,0,0
WBGene00198689.,0,1,1
WBGene00198690.,0,0,0
WBGene00198691.,0,0,0
WBGene00198692.,0,5,5
WBGene00198693.,0,0,0
WBGene00198694.,0,0,0
WBGene00198695.,0,0,0
WBGene00198696.,0,2,2
WBGene00198697.,0,5,5
WBGene00198698.,0,0,0
WBGene00198699.,0,0,0
WBGene00198700.,0,0,0
WBGene00198701.,0,0,0
WBGene00198702.,0,1,1
WBGene00198703.,0,1,1
WBGene00198704.,0,1,1
WBGene00198705.,0,0,0
WBGene00198706.,0,0,0
WBGene00198707.,0,1,1
WBGene00198708.,0,1,1
WBGene00198709.,0,4,4
WBGene00198710.,0,0,0
WBGene00198711.,0,0,0
WBGene00198712.,0,0,0
WBGene00198713.,0,3,3
WBGene00198714.,0,2,2
WBGene00198715.,0,0,0
WBGene00198716.,0,0,0
WBGene00198717.,0,0,0
WBGene00198718.,0,0,0
WBGene00198719.,0,0,0
WBGene00198720.,0,0,0
WBGene00198721.,0,5,5
WBGene00198722.,0,1,1
WBGene00198723.,0,0,0
WBGene00198724.,0,0,0
WBGene00198725.,0,1,1
WBGene00198726.,0,0,0
WBGene00198727.,0,0,0
WBGene00198728.,0,1,1
WBGene00198729.,0,1,1
WBGene00198730.,0,0,0
WBGene00198731.,0,7,7
WBGene00198732.,0,0,0
WBGene00198733.,0,0,0
WBGene00198734.,0,1,1
WBGene00198735.,0,0,0
WBGene00198736.,0,0,0
WBGene00198737.,0,1,1
WBGene00198738.,0,0,0
WBGene00198739.,0,1,1
WBGene00198740.,0,2,2
WBGene00198741.,0,0,0
WBGene00198742.,0,0,0
WBGene00198743.,0,0,0
WBGene00198744.,0,1,1
WBGene00198745.,0,0,0
WBGene00198746.,0,7,7
WBGene00198747.,0,0,0
WBGene00198748.,0,0,0
WBGene00198749.,0,0,0
WBGene00198750.,0,0,0
WBGene00198751.,0,0,0
WBGene00198752.,0,0,0
WBGene00198753.,0,0,0
WBGene00198754.,0,0,0
WBGene00198755.,0,0,0
WBGene00198756.,0,7,7
WBGene00198757.,0,0,0
WBGene00198758.,0,0,0
WBGene00198759.,0,1,1
WBGene00198760.,0,0,0
WBGene00198761.,0,0,0
WBGene00198762.,0,0,0
WBGene00198763.,0,0,0
WBGene00198764.,0,0,0
WBGene00198765.,0,0,0
WBGene00198766.,0,0,0
WBGene00198767.,0,1,1
WBGene00198768.,0,1,1
WBGene00198769.,0,0,0
WBGene00198770.,0,0,0
WBGene00198771.,0,6,6
WBGene00198772.,0,0,0
WBGene00198773.,0,0,0
WBGene00198774.,0,3,3
WBGene00198775.,0,1,1
WBGene00198776.,0,0,0
WBGene00198777.,0,0,0
WBGene00198778.,0,0,0
WBGene00198779.,0,0,0
WBGene00198780.,0,1,1
WBGene00198781.,0,0,0
WBGene00198782.,0,7,7
WBGene00198783.,0,0,0
WBGene00198784.,0,0,0
WBGene00198785.,0,0,0
WBGene00198786.,0,4,4
WBGene00198787.,0,1,1
WBGene00198788.,0,0,0
WBGene00198789.,0,0,0
WBGene00198790.,0,0,0
WBGene00198791.,0,0,0
WBGene00198792.,0,0,0
WBGene00198793.,0,0,0
WBGene00198794.,0,0,0
WBGene00198795.,0,0,0
WBGene00198796.,0,0,0
WBGene00198797.,0,0,0
WBGene00198798.,0,0,0
WBGene00198799.,0,0,0
WBGene00198800.,0,0,0
WBGene00198801.,0,4,4
WBGene00198802.,0,0,0
WBGene00198803.,0,2,2
WBGene00198804.,0,4,4
WBGene00198805.,0,0,0
WBGene00198806.,0,1,1
WBGene00198807.,0,0,0
WBGene00198808.,0,0,0
WBGene00198809.,0,0,0
WBGene00198810.,0,9,9
WBGene00198811.,0,0,0
WBGene00198812.,0,0,0
WBGene00198813.,0,1,1
WBGene00198814.,0,33868,33868
WBGene00198815.,0,0,0
WBGene00198816.,0,0,0
WBGene00198817.,0,0,0
WBGene00198818.,0,1,1
WBGene00198819.,0,0,0
WBGene00198820.,0,0,0
WBGene00198821.,0,0,0
WBGene00198822.,0,2,2
WBGene00198823.,0,0,0
WBGene00198824.,0,0,0
WBGene00198825.,0,0,0
WBGene00198826.,0,2,2
WBGene00198827.,0,7,7
WBGene00198828.,0,0,0
WBGene00198829.,0,0,0
WBGene00198830.,0,1,1
WBGene00198831.,0,2,2
WBGene00198832.,0,1,1
WBGene00198833.,0,0,0
WBGene00198834.,0,0,0
WBGene00198835.,0,2,2
WBGene00198836.,0,0,0
WBGene00198837.,0,0,0
WBGene00198838.,0,0,0
WBGene00198839.,0,0,0
WBGene00198840.,0,0,0
WBGene00198841.,0,5,5
WBGene00198842.,0,0,0
WBGene00198843.,0,0,0
WBGene00198844.,0,1,1
WBGene00198845.,0,0,0
WBGene00198846.,0,0,0
WBGene00198847.,0,0,0
WBGene00198848.,0,0,0
WBGene00198849.,0,1,1
WBGene00198850.,0,0,0
WBGene00198851.,0,0,0
WBGene00198852.,0,4,4
WBGene00198853.,0,1,1
WBGene00198854.,0,0,0
WBGene00198855.,0,3,3
WBGene00198856.,0,3,3
WBGene00198857.,0,0,0
WBGene00198858.,0,3,3
WBGene00198859.,0,0,0
WBGene00198860.,0,0,0
WBGene00198861.,0,0,0
WBGene00198862.,0,0,0
WBGene00198863.,0,0,0
WBGene00198864.,0,0,0
WBGene00198865.,0,0,0
WBGene00198866.,0,0,0
WBGene00198867.,0,0,0
WBGene00198868.,0,0,0
WBGene00198869.,0,0,0
WBGene00198870.,0,0,0
WBGene00198871.,0,0,0
WBGene00198872.,0,0,0
WBGene00198873.,0,1,1
WBGene00198874.,0,1,1
WBGene00198875.,0,0,0
WBGene00198876.,0,1,1
WBGene00198877.,0,0,0
WBGene00198878.,0,0,0
WBGene00198879.,0,0,0
WBGene00198880.,0,1,1
WBGene00198881.,0,0,0
WBGene00198882.,0,2,2
WBGene00198883.,0,0,0
WBGene00198884.,0,0,0
WBGene00198885.,0,6,6
WBGene00198886.,0,0,0
WBGene00198887.,0,5,5
WBGene00198888.,0,1,1
WBGene00198889.,0,0,0
WBGene00198890.,0,15,15
WBGene00198891.,0,0,0
WBGene00198892.,0,0,0
WBGene00198893.,0,0,0
WBGene00198894.,0,0,0
WBGene00198895.,0,0,0
WBGene00198896.,0,1,1
WBGene00198897.,0,1,1
WBGene00198898.,0,1,1
WBGene00198899.,0,0,0
WBGene00198900.,0,1,1
WBGene00198901.,0,1,1
WBGene00198902.,0,0,0
WBGene00198903.,0,0,0
WBGene00198904.,0,2,2
WBGene00198905.,0,8,8
WBGene00198906.,0,0,0
WBGene00198907.,0,0,0
WBGene00198908.,0,0,0
WBGene00198909.,0,0,0
WBGene00198910.,0,0,0
WBGene00198911.,0,0,0
WBGene00198912.,0,0,0
WBGene00198913.,0,0,0
WBGene00198914.,0,1,1
WBGene00198915.,0,0,0
WBGene00198916.,0,1,1
WBGene00198917.,0,0,0
WBGene00198918.,0,0,0
WBGene00198919.,0,0,0
WBGene00198920.,0,0,0
WBGene00198921.,0,0,0
WBGene00198922.,0,2,2
WBGene00198923.,0,0,0
WBGene00198924.,0,0,0
WBGene00198925.,0,0,0
WBGene00198926.,0,0,0
WBGene00198927.,0,8,8
WBGene00198928.,0,0,0
WBGene00198929.,0,8,8
WBGene00198930.,0,2,2
WBGene00198931.,0,0,0
WBGene00198932.,0,0,0
WBGene00198933.,0,0,0
WBGene00198934.,0,2,2
WBGene00198935.,0,1,1
WBGene00198936.,0,0,0
WBGene00198937.,0,0,0
WBGene00198938.,0,1,1
WBGene00198939.,0,0,0
WBGene00198940.,0,1,1
WBGene00198941.,0,0,0
WBGene00198942.,0,0,0
WBGene00198943.,0,0,0
WBGene00198944.,0,0,0
WBGene00198945.,0,3,3
WBGene00198946.,0,1,1
WBGene00198947.,0,0,0
WBGene00198948.,0,0,0
WBGene00198949.,0,0,0
WBGene00198950.,0,1,1
WBGene00198951.,0,0,0
WBGene00198952.,0,0,0
WBGene00198953.,0,0,0
WBGene00198954.,0,4,4
WBGene00198955.,0,4,4
WBGene00198956.,0,0,0
WBGene00198957.,0,0,0
WBGene00198958.,0,0,0
WBGene00198959.,0,4,4
WBGene00198960.,0,0,0
WBGene00198961.,0,0,0
WBGene00198962.,0,2,2
WBGene00198963.,0,0,0
WBGene00198964.,0,6,6
WBGene00198965.,0,1,1
WBGene00198966.,0,0,0
WBGene00198967.,0,0,0
WBGene00198968.,0,0,0
WBGene00198969.,0,0,0
WBGene00198970.,0,0,0
WBGene00198971.,0,0,0
WBGene00198972.,0,0,0
WBGene00198973.,0,0,0
WBGene00198974.,0,0,0
WBGene00198975.,0,12,12
WBGene00198976.,0,1,1
WBGene00198977.,0,0,0
WBGene00198978.,0,0,0
WBGene00198979.,0,0,0
WBGene00198980.,0,1,1
WBGene00198981.,0,0,0
WBGene00198982.,0,0,0
WBGene00198983.,0,0,0
WBGene00198984.,0,1,1
WBGene00198985.,0,0,0
WBGene00198986.,0,2,2
WBGene00198987.,0,0,0
WBGene00198988.,0,0,0
WBGene00198989.,0,3,3
WBGene00198990.,0,0,0
WBGene00198991.,0,7,7
WBGene00198992.,0,0,0
WBGene00198993.,0,0,0
WBGene00198994.,0,1,1
WBGene00198995.,0,1,1
WBGene00198996.,0,1,1
WBGene00198997.,0,0,0
WBGene00198998.,0,0,0
WBGene00198999.,0,0,0
WBGene00199000.,0,0,0
WBGene00199001.,0,0,0
WBGene00199002.,0,0,0
WBGene00199003.,0,0,0
WBGene00199004.,0,0,0
WBGene00199005.,0,0,0
WBGene00199006.,0,0,0
WBGene00199007.,0,2,2
WBGene00199008.,0,1,1
WBGene00199009.,0,0,0
WBGene00199010.,0,2,2
WBGene00199011.,0,1,1
WBGene00199012.,0,0,0
WBGene00199013.,0,0,0
WBGene00199014.,0,0,0
WBGene00199015.,0,1,1
WBGene00199016.,0,20,20
WBGene00199017.,0,0,0
WBGene00199018.,0,0,0
WBGene00199019.,0,0,0
WBGene00199020.,0,0,0
WBGene00199021.,0,0,0
WBGene00199022.,0,2,2
WBGene00199023.,0,0,0
WBGene00199024.,0,6,6
WBGene00199025.,0,0,0
WBGene00199026.,0,0,0
WBGene00199027.,0,0,0
WBGene00199028.,0,0,0
WBGene00199029.,0,0,0
WBGene00199030.,0,0,0
WBGene00199031.,0,9,9
WBGene00199032.,0,0,0
WBGene00199033.,0,0,0
WBGene00199034.,0,0,0
WBGene00199035.,0,0,0
WBGene00199036.,0,2,2
WBGene00199037.,0,2,2
WBGene00199038.,0,0,0
WBGene00199039.,0,1,1
WBGene00199040.,0,6,6
WBGene00199041.,0,0,0
WBGene00199042.,0,0,0
WBGene00199043.,0,7,7
WBGene00199044.,0,0,0
WBGene00199045.,0,0,0
WBGene00199046.,0,0,0
WBGene00199047.,0,0,0
WBGene00199048.,0,0,0
WBGene00199049.,0,0,0
WBGene00199050.,0,0,0
WBGene00199051.,0,36,36
WBGene00199052.,0,0,0
WBGene00199053.,0,4,4
WBGene00199054.,0,0,0
WBGene00199055.,0,0,0
WBGene00199056.,0,0,0
WBGene00199057.,0,0,0
WBGene00199058.,0,0,0
WBGene00199059.,0,1,1
WBGene00199060.,0,1,1
WBGene00199061.,0,0,0
WBGene00199062.,0,0,0
WBGene00199063.,0,6,6
WBGene00199064.,0,0,0
WBGene00199065.,0,0,0
WBGene00199066.,0,0,0
WBGene00199067.,0,0,0
WBGene00199068.,0,1,1
WBGene00199069.,0,0,0
WBGene00199070.,0,0,0
WBGene00199071.,0,0,0
WBGene00199072.,0,0,0
WBGene00199073.,0,1,1
WBGene00199074.,0,0,0
WBGene00199075.,0,0,0
WBGene00199076.,0,0,0
WBGene00199077.,0,5,5
WBGene00199078.,0,0,0
WBGene00199079.,0,0,0
WBGene00199080.,0,1,1
WBGene00199081.,0,1,1
WBGene00199082.,0,0,0
WBGene00199083.,0,3,3
WBGene00199084.,0,0,0
WBGene00199085.,0,0,0
WBGene00199086.,0,4,4
WBGene00199087.,0,0,0
WBGene00199088.,0,0,0
WBGene00199089.,0,1,1
WBGene00199090.,0,0,0
WBGene00199091.,0,3,3
WBGene00199092.,0,0,0
WBGene00199093.,0,6,6
WBGene00199094.,0,0,0
WBGene00199095.,0,1,1
WBGene00199096.,0,0,0
WBGene00199097.,0,0,0
WBGene00199098.,0,0,0
WBGene00199099.,0,0,0
WBGene00199100.,0,1,1
WBGene00199101.,0,1,1
WBGene00199102.,0,7,7
WBGene00199103.,0,0,0
WBGene00199104.,0,4,4
WBGene00199105.,0,0,0
WBGene00199106.,0,1,1
WBGene00199107.,0,0,0
WBGene00199108.,0,1,1
WBGene00199109.,0,0,0
WBGene00199110.,0,5,5
WBGene00199111.,0,0,0
WBGene00199112.,0,17,17
WBGene00199113.,0,0,0
WBGene00199114.,0,8,8
WBGene00199115.,0,7,7
WBGene00199116.,0,1,1
WBGene00199117.,0,0,0
WBGene00199118.,0,0,0
WBGene00199119.,0,1,1
WBGene00199120.,0,0,0
WBGene00199121.,0,1,1
WBGene00199122.,0,0,0
WBGene00199123.,0,0,0
WBGene00199124.,0,0,0
WBGene00199125.,0,1,1
WBGene00199126.,0,3,3
WBGene00199127.,0,1,1
WBGene00199128.,0,0,0
WBGene00199129.,0,1,1
WBGene00199130.,0,0,0
WBGene00199131.,0,0,0
WBGene00199132.,0,14,14
WBGene00199133.,0,0,0
WBGene00199134.,0,0,0
WBGene00199135.,0,2,2
WBGene00199136.,0,0,0
WBGene00199137.,0,1,1
WBGene00199138.,0,0,0
WBGene00199139.,0,0,0
WBGene00199140.,0,0,0
WBGene00199141.,0,1,1
WBGene00199142.,0,0,0
WBGene00199143.,0,0,0
WBGene00199144.,0,0,0
WBGene00199145.,0,0,0
WBGene00199146.,0,0,0
WBGene00199147.,0,0,0
WBGene00199148.,0,0,0
WBGene00199149.,0,0,0
WBGene00199150.,0,0,0
WBGene00199151.,0,0,0
WBGene00199152.,0,0,0
WBGene00199153.,0,0,0
WBGene00199154.,0,2,2
WBGene00199155.,0,0,0
WBGene00199156.,0,3,3
WBGene00199157.,0,1,1
WBGene00199158.,0,2,2
WBGene00199159.,0,0,0
WBGene00199160.,0,0,0
WBGene00199161.,0,0,0
WBGene00199162.,0,0,0
WBGene00199163.,0,0,0
WBGene00199164.,0,0,0
WBGene00199165.,0,0,0
WBGene00199166.,0,21,21
WBGene00199167.,0,0,0
WBGene00199168.,0,1,1
WBGene00199169.,0,2,2
WBGene00199170.,0,0,0
WBGene00199171.,0,0,0
WBGene00199172.,0,0,0
WBGene00199173.,0,1,1
WBGene00199174.,0,1,1
WBGene00199175.,0,0,0
WBGene00199176.,0,0,0
WBGene00199177.,0,18,18
WBGene00199178.,0,0,0
WBGene00199179.,0,0,0
WBGene00199180.,0,2,2
WBGene00199181.,0,1,1
WBGene00199182.,0,0,0
WBGene00199183.,0,0,0
WBGene00199184.,0,2,2
WBGene00199185.,0,0,0
WBGene00199186.,0,0,0
WBGene00199187.,0,0,0
WBGene00199188.,0,0,0
WBGene00199189.,0,0,0
WBGene00199190.,0,1,1
WBGene00199191.,0,2,2
WBGene00199192.,0,0,0
WBGene00199193.,0,0,0
WBGene00199194.,0,0,0
WBGene00199195.,0,0,0
WBGene00199196.,0,0,0
WBGene00199197.,0,0,0
WBGene00199198.,0,0,0
WBGene00199199.,0,0,0
WBGene00199200.,0,3,3
WBGene00199201.,0,1,1
WBGene00199202.,0,0,0
WBGene00199203.,0,0,0
WBGene00199204.,0,0,0
WBGene00199205.,0,3,3
WBGene00199206.,0,5,5
WBGene00199207.,0,0,0
WBGene00199208.,0,0,0
WBGene00199209.,0,2,2
WBGene00199210.,0,0,0
WBGene00199211.,0,3,3
WBGene00199212.,0,2,2
WBGene00199213.,0,0,0
WBGene00199214.,0,0,0
WBGene00199215.,0,0,0
WBGene00199216.,0,0,0
WBGene00199217.,0,1,1
WBGene00199218.,0,2,2
WBGene00199219.,0,0,0
WBGene00199220.,0,0,0
WBGene00199221.,0,0,0
WBGene00199222.,0,2,2
WBGene00199223.,0,2,2
WBGene00199224.,0,0,0
WBGene00199225.,0,22,22
WBGene00199226.,0,0,0
WBGene00199227.,0,1,1
WBGene00199228.,0,0,0
WBGene00199229.,0,4,4
WBGene00199230.,0,0,0
WBGene00199231.,0,0,0
WBGene00199232.,0,0,0
WBGene00199233.,0,2,2
WBGene00199234.,0,0,0
WBGene00199235.,0,0,0
WBGene00199236.,0,1,1
WBGene00199237.,0,2,2
WBGene00199238.,0,6,6
WBGene00199239.,0,0,0
WBGene00199240.,0,0,0
WBGene00199241.,0,1,1
WBGene00199242.,0,3,3
WBGene00199243.,0,0,0
WBGene00199244.,0,0,0
WBGene00199245.,0,0,0
WBGene00199246.,0,3,3
WBGene00199247.,0,6,6
WBGene00199248.,0,1,1
WBGene00199249.,0,8,8
WBGene00199250.,0,0,0
WBGene00199251.,0,0,0
WBGene00199252.,0,4,4
WBGene00199253.,0,0,0
WBGene00199254.,0,0,0
WBGene00199255.,0,0,0
WBGene00199256.,0,0,0
WBGene00199257.,0,0,0
WBGene00199258.,0,5,5
WBGene00199259.,0,1,1
WBGene00199260.,0,2,2
WBGene00199261.,0,1,1
WBGene00199262.,0,1,1
WBGene00199263.,0,0,0
WBGene00199264.,0,0,0
WBGene00199265.,0,3,3
WBGene00199266.,0,0,0
WBGene00199267.,0,0,0
WBGene00199268.,0,0,0
WBGene00199269.,0,3,3
WBGene00199270.,0,1,1
WBGene00199271.,0,1,1
WBGene00199272.,0,0,0
WBGene00199273.,0,0,0
WBGene00199274.,0,19,19
WBGene00199275.,0,0,0
WBGene00199276.,0,0,0
WBGene00199277.,0,0,0
WBGene00199278.,0,19,19
WBGene00199279.,0,0,0
WBGene00199280.,0,0,0
WBGene00199281.,0,0,0
WBGene00199282.,0,0,0
WBGene00199283.,0,0,0
WBGene00199284.,0,0,0
WBGene00199285.,0,1,1
WBGene00199286.,0,0,0
WBGene00199287.,0,0,0
WBGene00199288.,0,0,0
WBGene00199289.,0,0,0
WBGene00199290.,0,1,1
WBGene00199291.,0,1,1
WBGene00199292.,0,1,1
WBGene00199293.,0,0,0
WBGene00199294.,0,0,0
WBGene00199295.,0,2,2
WBGene00199296.,0,2,2
WBGene00199297.,0,0,0
WBGene00199298.,0,0,0
WBGene00199299.,0,2,2
WBGene00199300.,0,0,0
WBGene00199301.,0,0,0
WBGene00199302.,0,1,1
WBGene00199303.,0,0,0
WBGene00199304.,0,5,5
WBGene00199305.,5,0,5
WBGene00199306.,0,3,3
WBGene00199307.,0,1,1
WBGene00199308.,0,1,1
WBGene00199309.,0,0,0
WBGene00199310.,0,1,1
WBGene00199311.,0,0,0
WBGene00199312.,0,2,2
WBGene00199313.,0,4,4
WBGene00199314.,0,1,1
WBGene00199315.,0,0,0
WBGene00199316.,0,0,0
WBGene00199317.,0,0,0
WBGene00199318.,0,0,0
WBGene00199319.,0,0,0
WBGene00199320.,0,1,1
WBGene00199321.,0,1,1
WBGene00199322.,0,0,0
WBGene00199323.,0,0,0
WBGene00199324.,0,1,1
WBGene00199325.,0,0,0
WBGene00199326.,0,0,0
WBGene00199327.,0,3,3
WBGene00199328.,0,1,1
WBGene00199329.,0,0,0
WBGene00199330.,0,1,1
WBGene00199331.,0,0,0
WBGene00199332.,0,0,0
WBGene00199333.,0,0,0
WBGene00199334.,0,0,0
WBGene00199335.,0,0,0
WBGene00199336.,0,16,16
WBGene00199337.,0,1,1
WBGene00199338.,0,0,0
WBGene00199339.,0,87,87
WBGene00199340.,0,0,0
WBGene00199341.,0,0,0
WBGene00199342.,0,0,0
WBGene00199343.,0,0,0
WBGene00199344.,0,0,0
WBGene00199345.,0,1,1
WBGene00199346.,0,0,0
WBGene00199347.,0,0,0
WBGene00199348.,0,0,0
WBGene00199349.,0,0,0
WBGene00199350.,0,4,4
WBGene00199351.,0,0,0
WBGene00199352.,0,0,0
WBGene00199353.,0,9,9
WBGene00199354.,0,0,0
WBGene00199355.,0,0,0
WBGene00199356.,0,3,3
WBGene00199357.,0,0,0
WBGene00199358.,0,0,0
WBGene00199359.,0,3,3
WBGene00199360.,0,5,5
WBGene00199361.,0,8,8
WBGene00199362.,0,0,0
WBGene00199363.,0,12,12
WBGene00199364.,0,1,1
WBGene00199365.,0,0,0
WBGene00199366.,0,0,0
WBGene00199367.,0,0,0
WBGene00199368.,0,4,4
WBGene00199369.,0,0,0
WBGene00199370.,0,3,3
WBGene00199371.,0,0,0
WBGene00199372.,0,5,5
WBGene00199373.,0,0,0
WBGene00199374.,0,2,2
WBGene00199375.,0,0,0
WBGene00199376.,0,1,1
WBGene00199377.,0,0,0
WBGene00199378.,0,0,0
WBGene00199379.,0,0,0
WBGene00199380.,0,1,1
WBGene00199381.,0,0,0
WBGene00199382.,0,2,2
WBGene00199383.,0,1,1
WBGene00199384.,0,0,0
WBGene00199385.,0,0,0
WBGene00199386.,0,1,1
WBGene00199387.,0,0,0
WBGene00199388.,0,0,0
WBGene00199389.,0,0,0
WBGene00199390.,0,0,0
WBGene00199391.,0,1,1
WBGene00199392.,0,1,1
WBGene00199393.,0,0,0
WBGene00199394.,0,0,0
WBGene00199395.,0,18,18
WBGene00199396.,0,2,2
WBGene00199397.,0,3,3
WBGene00199398.,0,1,1
WBGene00199399.,0,0,0
WBGene00199400.,0,0,0
WBGene00199401.,0,8,8
WBGene00199402.,0,0,0
WBGene00199403.,0,0,0
WBGene00199404.,0,16,16
WBGene00199405.,0,0,0
WBGene00199406.,0,0,0
WBGene00199407.,0,0,0
WBGene00199408.,0,1,1
WBGene00199409.,0,0,0
WBGene00199410.,0,23,23
WBGene00199411.,0,0,0
WBGene00199412.,0,0,0
WBGene00199413.,0,0,0
WBGene00199414.,0,2,2
WBGene00199415.,0,1,1
WBGene00199416.,0,5,5
WBGene00199417.,0,0,0
WBGene00199418.,0,0,0
WBGene00199419.,0,1,1
WBGene00199420.,0,1,1
WBGene00199421.,0,15,15
WBGene00199422.,0,0,0
WBGene00199423.,0,0,0
WBGene00199424.,0,0,0
WBGene00199425.,0,0,0
WBGene00199426.,0,0,0
WBGene00199427.,0,0,0
WBGene00199428.,0,0,0
WBGene00199429.,0,0,0
WBGene00199430.,0,0,0
WBGene00199431.,0,0,0
WBGene00199432.,0,0,0
WBGene00199433.,0,0,0
WBGene00199434.,0,22,22
WBGene00199435.,0,0,0
WBGene00199436.,0,0,0
WBGene00199437.,0,1,1
WBGene00199438.,0,0,0
WBGene00199439.,0,0,0
WBGene00199440.,0,3,3
WBGene00199441.,0,6,6
WBGene00199442.,0,0,0
WBGene00199443.,0,2,2
WBGene00199444.,0,0,0
WBGene00199445.,0,6,6
WBGene00199446.,0,0,0
WBGene00199447.,0,0,0
WBGene00199448.,0,1,1
WBGene00199449.,0,0,0
WBGene00199450.,0,4,4
WBGene00199451.,0,15,15
WBGene00199452.,0,0,0
WBGene00199453.,0,0,0
WBGene00199454.,0,0,0
WBGene00199455.,0,0,0
WBGene00199456.,0,2,2
WBGene00199457.,0,0,0
WBGene00199458.,0,8,8
WBGene00199459.,0,0,0
WBGene00199460.,0,1,1
WBGene00199461.,0,1,1
WBGene00199462.,0,9,9
WBGene00199463.,0,3,3
WBGene00199464.,0,2,2
WBGene00199465.,0,4,4
WBGene00199466.,0,0,0
WBGene00199467.,0,1,1
WBGene00199468.,0,2,2
WBGene00199469.,0,0,0
WBGene00199470.,0,0,0
WBGene00199471.,0,1,1
WBGene00199472.,0,1,1
WBGene00199473.,0,0,0
WBGene00199474.,0,0,0
WBGene00199475.,0,16,16
WBGene00199476.,0,3,3
WBGene00199477.,0,4,4
WBGene00199478.,0,0,0
WBGene00199479.,0,2,2
WBGene00199480.,0,0,0
WBGene00199481.,0,1,1
WBGene00199482.,0,0,0
WBGene00199483.,0,1,1
WBGene00199484.,0,0,0
WBGene00199485.,0,24,24
WBGene00199486.,0,2,2
WBGene00199487.,0,1,1
WBGene00199488.,0,3,3
WBGene00199489.,0,1,1
WBGene00199490.,0,0,0
WBGene00199491.,0,4,4
WBGene00199492.,0,0,0
WBGene00199493.,0,0,0
WBGene00199494.,0,0,0
WBGene00199495.,0,1,1
WBGene00199496.,0,0,0
WBGene00199497.,0,0,0
WBGene00199498.,0,0,0
WBGene00199499.,0,2,2
WBGene00199500.,0,0,0
WBGene00199501.,0,0,0
WBGene00199502.,0,0,0
WBGene00199503.,0,0,0
WBGene00199504.,0,0,0
WBGene00199505.,0,2,2
WBGene00199506.,0,2,2
WBGene00199507.,0,0,0
WBGene00199508.,0,1,1
WBGene00199509.,0,0,0
WBGene00199510.,0,0,0
WBGene00199511.,0,0,0
WBGene00199512.,0,1,1
WBGene00199513.,0,14,14
WBGene00199514.,0,0,0
WBGene00199515.,0,4,4
WBGene00199516.,0,0,0
WBGene00199517.,0,3,3
WBGene00199518.,0,0,0
WBGene00199519.,0,0,0
WBGene00199520.,0,0,0
WBGene00199521.,0,0,0
WBGene00199522.,0,2,2
WBGene00199523.,0,22,22
WBGene00199524.,0,1,1
WBGene00199525.,0,0,0
WBGene00199526.,0,3,3
WBGene00199527.,0,0,0
WBGene00199528.,0,0,0
WBGene00199529.,0,0,0
WBGene00199530.,0,0,0
WBGene00199531.,0,0,0
WBGene00199532.,0,0,0
WBGene00199533.,0,0,0
WBGene00199534.,0,0,0
WBGene00199535.,0,0,0
WBGene00199536.,0,0,0
WBGene00199537.,0,0,0
WBGene00199538.,0,1,1
WBGene00199539.,0,0,0
WBGene00199540.,0,0,0
WBGene00199541.,0,12,12
WBGene00199542.,0,0,0
WBGene00199543.,0,0,0
WBGene00199544.,0,0,0
WBGene00199545.,0,0,0
WBGene00199546.,0,0,0
WBGene00199547.,0,0,0
WBGene00199548.,0,0,0
WBGene00199549.,0,3,3
WBGene00199550.,0,0,0
WBGene00199551.,0,0,0
WBGene00199552.,0,0,0
WBGene00199553.,0,1,1
WBGene00199554.,0,1,1
WBGene00199555.,0,0,0
WBGene00199556.,0,0,0
WBGene00199557.,0,1,1
WBGene00199558.,0,0,0
WBGene00199559.,0,0,0
WBGene00199560.,0,0,0
WBGene00199561.,0,0,0
WBGene00199562.,0,3,3
WBGene00199563.,0,4,4
WBGene00199564.,0,0,0
WBGene00199565.,0,0,0
WBGene00199566.,0,0,0
WBGene00199567.,0,3,3
WBGene00199568.,0,0,0
WBGene00199569.,0,0,0
WBGene00199570.,0,9,9
WBGene00199571.,0,0,0
WBGene00199572.,0,0,0
WBGene00199573.,0,0,0
WBGene00199574.,0,0,0
WBGene00199575.,0,1,1
WBGene00199576.,0,1,1
WBGene00199577.,0,0,0
WBGene00199578.,0,0,0
WBGene00199579.,0,0,0
WBGene00199580.,0,0,0
WBGene00199581.,0,0,0
WBGene00199582.,0,0,0
WBGene00199583.,0,0,0
WBGene00199584.,0,3,3
WBGene00199585.,0,1,1
WBGene00199586.,0,2,2
WBGene00199587.,0,0,0
WBGene00199588.,0,0,0
WBGene00199589.,0,1,1
WBGene00199590.,0,0,0
WBGene00199591.,0,0,0
WBGene00199592.,0,0,0
WBGene00199593.,0,3,3
WBGene00199594.,0,0,0
WBGene00199595.,0,0,0
WBGene00199596.,0,0,0
WBGene00199597.,0,0,0
WBGene00199598.,0,0,0
WBGene00199599.,0,0,0
WBGene00199600.,0,0,0
WBGene00199601.,0,16,16
WBGene00199602.,0,0,0
WBGene00199603.,0,0,0
WBGene00199604.,0,0,0
WBGene00199605.,0,2,2
WBGene00199606.,0,0,0
WBGene00199607.,0,0,0
WBGene00199608.,0,2,2
WBGene00199609.,0,0,0
WBGene00199610.,0,1,1
WBGene00199611.,0,0,0
WBGene00199612.,0,6,6
WBGene00199613.,0,0,0
WBGene00199614.,0,3,3
WBGene00199615.,0,4,4
WBGene00199616.,0,0,0
WBGene00199617.,0,0,0
WBGene00199618.,0,0,0
WBGene00199619.,0,0,0
WBGene00199620.,0,0,0
WBGene00199621.,0,0,0
WBGene00199622.,0,6,6
WBGene00199623.,0,0,0
WBGene00199624.,0,0,0
WBGene00199625.,0,0,0
WBGene00199626.,0,2,2
WBGene00199627.,0,4,4
WBGene00199628.,0,2,2
WBGene00199629.,0,0,0
WBGene00199630.,0,0,0
WBGene00199631.,0,0,0
WBGene00199632.,0,0,0
WBGene00199633.,0,2,2
WBGene00199634.,0,0,0
WBGene00199635.,0,0,0
WBGene00199636.,0,3,3
WBGene00199637.,0,0,0
WBGene00199638.,0,0,0
WBGene00199639.,0,0,0
WBGene00199640.,0,0,0
WBGene00199641.,0,0,0
WBGene00199642.,0,0,0
WBGene00199643.,0,0,0
WBGene00199644.,0,3,3
WBGene00199645.,0,0,0
WBGene00199646.,0,0,0
WBGene00199647.,0,0,0
WBGene00199648.,0,1,1
WBGene00199649.,0,0,0
WBGene00199650.,0,1,1
WBGene00199651.,0,3,3
WBGene00199652.,0,0,0
WBGene00199653.,0,0,0
WBGene00199654.,0,1,1
WBGene00199655.,0,0,0
WBGene00199656.,0,1,1
WBGene00199657.,0,8,8
WBGene00199658.,0,0,0
WBGene00199659.,0,0,0
WBGene00199660.,0,0,0
WBGene00199661.,0,2,2
WBGene00199662.,0,0,0
WBGene00199663.,0,2,2
WBGene00199664.,0,0,0
WBGene00199665.,0,0,0
WBGene00199666.,0,2,2
WBGene00199667.,0,2,2
WBGene00199668.,0,0,0
WBGene00199669.,0,0,0
WBGene00199670.,0,0,0
WBGene00199671.,0,0,0
WBGene00199672.,0,6,6
WBGene00199673.,0,0,0
WBGene00199674.,0,6,6
WBGene00199675.,0,0,0
WBGene00199676.,0,0,0
WBGene00199677.,0,1,1
WBGene00199678.,0,1,1
WBGene00199679.,0,0,0
WBGene00199680.,0,0,0
WBGene00199681.,0,0,0
WBGene00199682.,0,0,0
WBGene00199683.,0,0,0
WBGene00199684.,0,0,0
WBGene00199685.,0,0,0
WBGene00199686.,0,2,2
WBGene00199687.,0,0,0
WBGene00199688.,0,0,0
WBGene00199689.,0,0,0
WBGene00199690.,0,0,0
WBGene00199691.,0,0,0
WBGene00199692.,0,3,3
WBGene00199693.,0,1,1
WBGene00199694.,0,0,0
WBGene00199695.,0,1,1
WBGene00199696.,0,0,0
WBGene00199697.,0,2,2
WBGene00199698.,0,0,0
WBGene00199699.,0,4,4
WBGene00199700.,0,0,0
WBGene00199701.,0,0,0
WBGene00199702.,0,3,3
WBGene00199703.,0,1,1
WBGene00199704.,0,0,0
WBGene00199705.,0,0,0
WBGene00199706.,0,0,0
WBGene00199707.,0,0,0
WBGene00199708.,0,1,1
WBGene00199709.,0,0,0
WBGene00199710.,0,4,4
WBGene00199711.,0,12,12
WBGene00199712.,0,0,0
WBGene00199713.,0,2,2
WBGene00199714.,0,0,0
WBGene00199715.,0,0,0
WBGene00199716.,0,1,1
WBGene00199717.,0,0,0
WBGene00199718.,0,1,1
WBGene00199719.,0,0,0
WBGene00199720.,0,0,0
WBGene00199721.,0,0,0
WBGene00199722.,0,0,0
WBGene00199723.,0,0,0
WBGene00199724.,0,1,1
WBGene00199725.,0,0,0
WBGene00199726.,0,0,0
WBGene00199727.,0,3,3
WBGene00199728.,0,0,0
WBGene00199729.,0,1,1
WBGene00199730.,0,0,0
WBGene00199731.,0,0,0
WBGene00199732.,0,0,0
WBGene00199733.,0,0,0
WBGene00199734.,0,0,0
WBGene00199735.,0,1,1
WBGene00199736.,0,0,0
WBGene00199737.,0,0,0
WBGene00199738.,0,1,1
WBGene00199739.,0,0,0
WBGene00199740.,0,11,11
WBGene00199741.,0,2,2
WBGene00199742.,0,7,7
WBGene00199743.,0,7,7
WBGene00199744.,0,0,0
WBGene00199745.,0,2,2
WBGene00199746.,0,0,0
WBGene00199747.,0,0,0
WBGene00199748.,0,0,0
WBGene00199749.,0,0,0
WBGene00199750.,0,1,1
WBGene00199751.,0,7,7
WBGene00199752.,0,0,0
WBGene00199753.,0,417,417
WBGene00199754.,0,0,0
WBGene00199755.,0,0,0
WBGene00199756.,0,0,0
WBGene00199757.,0,0,0
WBGene00199758.,0,1,1
WBGene00199759.,0,2,2
WBGene00199760.,0,1,1
WBGene00199761.,0,4,4
WBGene00199762.,0,0,0
WBGene00199763.,0,0,0
WBGene00199764.,0,1,1
WBGene00199765.,0,0,0
WBGene00199766.,0,0,0
WBGene00199767.,0,2,2
WBGene00199768.,0,1,1
WBGene00199769.,0,0,0
WBGene00199770.,0,0,0
WBGene00199771.,0,0,0
WBGene00199772.,0,0,0
WBGene00199773.,0,5,5
WBGene00199774.,0,0,0
WBGene00199775.,0,0,0
WBGene00199776.,0,0,0
WBGene00199777.,0,0,0
WBGene00199778.,0,0,0
WBGene00199779.,0,3,3
WBGene00199780.,0,1,1
WBGene00199781.,0,0,0
WBGene00199782.,0,0,0
WBGene00199783.,0,17,17
WBGene00199784.,0,1,1
WBGene00199785.,0,0,0
WBGene00199786.,0,2,2
WBGene00199787.,0,2,2
WBGene00199788.,0,0,0
WBGene00199789.,0,0,0
WBGene00199790.,0,0,0
WBGene00199791.,0,2,2
WBGene00199792.,0,0,0
WBGene00199793.,0,0,0
WBGene00199794.,0,2,2
WBGene00199795.,0,0,0
WBGene00199796.,0,0,0
WBGene00199797.,0,0,0
WBGene00199798.,0,0,0
WBGene00199799.,0,0,0
WBGene00199800.,0,0,0
WBGene00199801.,0,0,0
WBGene00199802.,0,0,0
WBGene00199803.,0,0,0
WBGene00199804.,0,0,0
WBGene00199805.,0,1,1
WBGene00199806.,0,1,1
WBGene00199807.,0,1,1
WBGene00199808.,0,0,0
WBGene00199809.,0,2,2
WBGene00199810.,0,0,0
WBGene00199811.,0,0,0
WBGene00199812.,0,0,0
WBGene00199813.,0,0,0
WBGene00199814.,0,0,0
WBGene00199815.,0,1,1
WBGene00199816.,0,0,0
WBGene00199817.,0,1,1
WBGene00199818.,0,0,0
WBGene00199819.,0,26,26
WBGene00199820.,0,7,7
WBGene00199821.,0,0,0
WBGene00199822.,0,0,0
WBGene00199823.,0,0,0
WBGene00199824.,0,12,12
WBGene00199825.,0,0,0
WBGene00199826.,0,0,0
WBGene00199827.,0,0,0
WBGene00199828.,0,0,0
WBGene00199829.,0,1,1
WBGene00199830.,0,0,0
WBGene00199831.,0,0,0
WBGene00199832.,0,1,1
WBGene00199833.,0,0,0
WBGene00199834.,0,0,0
WBGene00199835.,0,1,1
WBGene00199836.,0,0,0
WBGene00199837.,0,1,1
WBGene00199838.,0,0,0
WBGene00199839.,0,0,0
WBGene00199840.,0,0,0
WBGene00199841.,0,0,0
WBGene00199842.,0,1,1
WBGene00199843.,0,3,3
WBGene00199844.,0,0,0
WBGene00199845.,0,0,0
WBGene00199846.,0,0,0
WBGene00199847.,0,0,0
WBGene00199848.,0,0,0
WBGene00199849.,0,1,1
WBGene00199850.,0,7,7
WBGene00199851.,0,5,5
WBGene00199852.,0,0,0
WBGene00199853.,0,0,0
WBGene00199854.,0,0,0
WBGene00199855.,0,1,1
WBGene00199856.,0,0,0
WBGene00199857.,0,0,0
WBGene00199858.,0,5,5
WBGene00199859.,0,0,0
WBGene00199860.,0,0,0
WBGene00199861.,0,0,0
WBGene00199862.,0,0,0
WBGene00199863.,0,0,0
WBGene00199864.,0,0,0
WBGene00199865.,0,0,0
WBGene00199866.,0,2,2
WBGene00199867.,0,1,1
WBGene00199868.,0,0,0
WBGene00199869.,0,0,0
WBGene00199870.,0,0,0
WBGene00199871.,0,7,7
WBGene00199872.,0,0,0
WBGene00199873.,0,1,1
WBGene00199874.,0,0,0
WBGene00199875.,0,1,1
WBGene00199876.,0,0,0
WBGene00199877.,0,0,0
WBGene00199878.,0,0,0
WBGene00199879.,0,1,1
WBGene00199880.,0,0,0
WBGene00199881.,0,0,0
WBGene00199882.,0,0,0
WBGene00199883.,0,0,0
WBGene00199884.,0,0,0
WBGene00199885.,0,0,0
WBGene00199886.,0,0,0
WBGene00199887.,0,0,0
WBGene00199888.,0,0,0
WBGene00199889.,0,0,0
WBGene00199890.,0,1,1
WBGene00199891.,0,0,0
WBGene00199892.,0,0,0
WBGene00199893.,0,7,7
WBGene00199894.,0,1,1
WBGene00199895.,0,1,1
WBGene00199896.,0,0,0
WBGene00199897.,0,43,43
WBGene00199898.,0,21,21
WBGene00199899.,0,13,13
WBGene00199900.,0,5,5
WBGene00199901.,0,0,0
WBGene00199902.,0,0,0
WBGene00199903.,0,0,0
WBGene00199904.,0,0,0
WBGene00199905.,0,1,1
WBGene00199906.,0,0,0
WBGene00199907.,0,0,0
WBGene00199908.,0,8,8
WBGene00199909.,0,7,7
WBGene00199910.,0,0,0
WBGene00199911.,0,0,0
WBGene00199912.,0,0,0
WBGene00199913.,0,0,0
WBGene00199914.,0,0,0
WBGene00199915.,0,0,0
WBGene00199916.,0,1,1
WBGene00199917.,0,2,2
WBGene00199918.,0,0,0
WBGene00199919.,0,0,0
WBGene00199920.,0,0,0
WBGene00199921.,0,0,0
WBGene00199922.,0,0,0
WBGene00199923.,0,0,0
WBGene00199924.,0,0,0
WBGene00199925.,0,0,0
WBGene00199926.,0,1,1
WBGene00199927.,0,0,0
WBGene00199928.,0,0,0
WBGene00199929.,0,0,0
WBGene00199930.,0,0,0
WBGene00199931.,0,1,1
WBGene00199932.,0,0,0
WBGene00199933.,0,1,1
WBGene00199934.,0,0,0
WBGene00199935.,0,3,3
WBGene00199936.,0,0,0
WBGene00199937.,0,0,0
WBGene00199938.,0,1,1
WBGene00199939.,0,0,0
WBGene00199940.,0,3,3
WBGene00199941.,0,0,0
WBGene00199942.,0,0,0
WBGene00199943.,0,0,0
WBGene00199944.,0,2,2
WBGene00199945.,0,0,0
WBGene00199946.,0,104,104
WBGene00199947.,0,5,5
WBGene00199948.,0,0,0
WBGene00199949.,0,0,0
WBGene00199950.,0,0,0
WBGene00199951.,0,0,0
WBGene00199952.,0,0,0
WBGene00199953.,0,2,2
WBGene00199954.,0,0,0
WBGene00199955.,0,3,3
WBGene00199956.,0,0,0
WBGene00199957.,0,7,7
WBGene00199958.,0,0,0
WBGene00199959.,0,1,1
WBGene00199960.,0,0,0
WBGene00199961.,0,0,0
WBGene00199962.,0,0,0
WBGene00199963.,0,0,0
WBGene00199964.,0,0,0
WBGene00199965.,0,0,0
WBGene00199966.,0,0,0
WBGene00199967.,0,0,0
WBGene00199968.,0,0,0
WBGene00199969.,0,0,0
WBGene00199970.,0,0,0
WBGene00199971.,0,0,0
WBGene00199972.,0,1,1
WBGene00199973.,0,0,0
WBGene00199974.,0,0,0
WBGene00199975.,0,0,0
WBGene00199976.,0,1,1
WBGene00199977.,0,1,1
WBGene00199978.,0,6,6
WBGene00199979.,0,0,0
WBGene00199980.,0,0,0
WBGene00199981.,0,0,0
WBGene00199982.,0,1,1
WBGene00199983.,0,0,0
WBGene00199984.,0,0,0
WBGene00199985.,0,0,0
WBGene00199986.,0,3,3
WBGene00199987.,0,0,0
WBGene00199988.,0,1,1
WBGene00199989.,0,5,5
WBGene00199990.,0,1,1
WBGene00199991.,0,0,0
WBGene00199992.,0,0,0
WBGene00199993.,0,0,0
WBGene00199994.,0,0,0
WBGene00199995.,0,0,0
WBGene00199996.,0,0,0
WBGene00199997.,0,2,2
WBGene00199998.,0,3,3
WBGene00199999.,0,0,0
WBGene00200000.,0,0,0
WBGene00200001.,0,1,1
WBGene00200002.,0,0,0
WBGene00200003.,0,8,8
WBGene00200004.,0,0,0
WBGene00200005.,0,0,0
WBGene00200006.,0,0,0
WBGene00200007.,0,0,0
WBGene00200008.,0,1,1
WBGene00200009.,0,16,16
WBGene00200010.,0,1,1
WBGene00200011.,0,0,0
WBGene00200012.,0,0,0
WBGene00200013.,0,1,1
WBGene00200014.,0,3,3
WBGene00200015.,0,0,0
WBGene00200016.,0,0,0
WBGene00200017.,0,0,0
WBGene00200018.,0,0,0
WBGene00200019.,0,2,2
WBGene00200020.,0,1,1
WBGene00200021.,0,0,0
WBGene00200022.,0,0,0
WBGene00200023.,0,0,0
WBGene00200024.,0,0,0
WBGene00200025.,0,110,110
WBGene00200026.,0,0,0
WBGene00200027.,0,0,0
WBGene00200028.,0,13,13
WBGene00200029.,0,1,1
WBGene00200030.,0,2,2
WBGene00200031.,0,2,2
WBGene00200032.,0,6,6
WBGene00200033.,0,0,0
WBGene00200034.,0,3,3
WBGene00200035.,0,0,0
WBGene00200036.,0,2,2
WBGene00200037.,0,0,0
WBGene00200038.,0,0,0
WBGene00200039.,0,0,0
WBGene00200040.,0,0,0
WBGene00200041.,0,1,1
WBGene00200042.,0,1,1
WBGene00200043.,0,2,2
WBGene00200044.,0,2,2
WBGene00200045.,0,1,1
WBGene00200046.,0,0,0
WBGene00200047.,0,12,12
WBGene00200048.,0,0,0
WBGene00200049.,0,2,2
WBGene00200050.,0,3,3
WBGene00200051.,0,0,0
WBGene00200052.,0,0,0
WBGene00200053.,0,0,0
WBGene00200054.,0,1,1
WBGene00200055.,0,0,0
WBGene00200056.,0,0,0
WBGene00200057.,0,18,18
WBGene00200058.,0,3,3
WBGene00200059.,0,2,2
WBGene00200060.,0,1,1
WBGene00200061.,0,0,0
WBGene00200062.,0,2,2
WBGene00200063.,0,0,0
WBGene00200064.,0,0,0
WBGene00200065.,0,0,0
WBGene00200066.,0,0,0
WBGene00200067.,0,0,0
WBGene00200068.,0,0,0
WBGene00200069.,0,0,0
WBGene00200070.,0,5,5
WBGene00200071.,0,0,0
WBGene00200072.,0,0,0
WBGene00200073.,0,0,0
WBGene00200074.,0,0,0
WBGene00200075.,0,2,2
WBGene00200076.,0,0,0
WBGene00200077.,0,0,0
WBGene00200078.,0,0,0
WBGene00200079.,0,0,0
WBGene00200080.,0,7,7
WBGene00200081.,0,1,1
WBGene00200082.,0,1,1
WBGene00200083.,0,0,0
WBGene00200084.,0,0,0
WBGene00200085.,0,0,0
WBGene00200086.,0,0,0
WBGene00200087.,0,0,0
WBGene00200088.,0,2,2
WBGene00200089.,0,0,0
WBGene00200090.,0,0,0
WBGene00200091.,0,0,0
WBGene00200092.,0,1,1
WBGene00200093.,0,0,0
WBGene00200094.,0,0,0
WBGene00200095.,0,0,0
WBGene00200096.,0,0,0
WBGene00200097.,0,0,0
WBGene00200098.,0,7,7
WBGene00200099.,0,0,0
WBGene00200100.,0,7,7
WBGene00200101.,0,0,0
WBGene00200102.,0,0,0
WBGene00200103.,0,2,2
WBGene00200104.,0,0,0
WBGene00200105.,0,0,0
WBGene00200106.,0,1,1
WBGene00200107.,0,4,4
WBGene00200108.,0,0,0
WBGene00200109.,0,2,2
WBGene00200110.,0,0,0
WBGene00200111.,0,1,1
WBGene00200112.,0,0,0
WBGene00200113.,0,1,1
WBGene00200114.,0,0,0
WBGene00200115.,0,0,0
WBGene00200116.,0,5,5
WBGene00200117.,0,0,0
WBGene00200118.,0,0,0
WBGene00200119.,0,0,0
WBGene00200120.,0,0,0
WBGene00200121.,0,2,2
WBGene00200122.,0,0,0
WBGene00200123.,0,0,0
WBGene00200124.,0,0,0
WBGene00200125.,0,0,0
WBGene00200126.,0,3,3
WBGene00200127.,0,0,0
WBGene00200128.,0,2,2
WBGene00200129.,0,0,0
WBGene00200130.,0,0,0
WBGene00200131.,0,1,1
WBGene00200132.,0,0,0
WBGene00200133.,0,33,33
WBGene00200134.,0,1,1
WBGene00200135.,0,0,0
WBGene00200136.,0,0,0
WBGene00200137.,0,0,0
WBGene00200138.,0,0,0
WBGene00200139.,0,0,0
WBGene00200140.,0,0,0
WBGene00200141.,0,0,0
WBGene00200142.,0,0,0
WBGene00200143.,0,0,0
WBGene00200144.,0,0,0
WBGene00200145.,0,0,0
WBGene00200146.,0,0,0
WBGene00200147.,0,4,4
WBGene00200148.,0,1,1
WBGene00200149.,0,0,0
WBGene00200150.,0,11,11
WBGene00200151.,0,0,0
WBGene00200152.,0,0,0
WBGene00200153.,0,2,2
WBGene00200154.,0,4,4
WBGene00200155.,0,1,1
WBGene00200156.,0,0,0
WBGene00200157.,0,0,0
WBGene00200158.,0,0,0
WBGene00200159.,0,0,0
WBGene00200160.,0,0,0
WBGene00200161.,0,0,0
WBGene00200162.,0,1,1
WBGene00200163.,0,0,0
WBGene00200164.,0,2,2
WBGene00200165.,0,0,0
WBGene00200166.,0,1,1
WBGene00200167.,0,3,3
WBGene00200168.,0,1,1
WBGene00200169.,0,1,1
WBGene00200170.,0,0,0
WBGene00200171.,0,0,0
WBGene00200172.,0,0,0
WBGene00200173.,0,0,0
WBGene00200174.,0,0,0
WBGene00200175.,0,0,0
WBGene00200176.,0,0,0
WBGene00200177.,0,2,2
WBGene00200178.,0,0,0
WBGene00200179.,0,0,0
WBGene00200180.,0,0,0
WBGene00200181.,0,1,1
WBGene00200182.,0,0,0
WBGene00200183.,0,0,0
WBGene00200184.,0,0,0
WBGene00200185.,0,0,0
WBGene00200186.,0,1,1
WBGene00200187.,0,16,16
WBGene00200188.,0,1,1
WBGene00200189.,0,0,0
WBGene00200190.,0,1,1
WBGene00200191.,0,0,0
WBGene00200192.,0,2,2
WBGene00200193.,0,1,1
WBGene00200194.,0,1,1
WBGene00200195.,0,1,1
WBGene00200196.,0,0,0
WBGene00200197.,0,0,0
WBGene00200198.,0,1,1
WBGene00200199.,0,3,3
WBGene00200200.,0,0,0
WBGene00200201.,0,0,0
WBGene00200202.,0,1,1
WBGene00200203.,0,28,28
WBGene00200204.,0,0,0
WBGene00200205.,0,0,0
WBGene00200206.,0,0,0
WBGene00200207.,0,0,0
WBGene00200208.,0,0,0
WBGene00200209.,0,0,0
WBGene00200210.,0,1,1
WBGene00200211.,0,1,1
WBGene00200212.,0,0,0
WBGene00200213.,0,0,0
WBGene00200214.,0,0,0
WBGene00200215.,0,16,16
WBGene00200216.,0,0,0
WBGene00200217.,0,0,0
WBGene00200218.,0,0,0
WBGene00200219.,0,0,0
WBGene00200220.,0,0,0
WBGene00200221.,0,0,0
WBGene00200222.,0,0,0
WBGene00200223.,0,0,0
WBGene00200224.,0,0,0
WBGene00200225.,0,4,4
WBGene00200226.,0,0,0
WBGene00200227.,0,1,1
WBGene00200228.,0,3,3
WBGene00200229.,0,0,0
WBGene00200230.,0,0,0
WBGene00200231.,0,0,0
WBGene00200232.,0,0,0
WBGene00200233.,0,0,0
WBGene00200234.,0,0,0
WBGene00200235.,0,1,1
WBGene00200236.,0,0,0
WBGene00200237.,0,1,1
WBGene00200238.,0,0,0
WBGene00200239.,0,0,0
WBGene00200240.,0,0,0
WBGene00200241.,0,0,0
WBGene00200242.,0,2,2
WBGene00200243.,0,2,2
WBGene00200244.,0,339,339
WBGene00200245.,0,0,0
WBGene00200246.,0,0,0
WBGene00200247.,0,4,4
WBGene00200248.,0,0,0
WBGene00200249.,0,0,0
WBGene00200250.,0,4,4
WBGene00200251.,0,1,1
WBGene00200252.,0,0,0
WBGene00200253.,0,1,1
WBGene00200254.,0,0,0
WBGene00200255.,0,0,0
WBGene00200256.,0,0,0
WBGene00200257.,0,2,2
WBGene00200258.,0,0,0
WBGene00200259.,0,1,1
WBGene00200260.,0,0,0
WBGene00200261.,0,24,24
WBGene00200262.,0,0,0
WBGene00200263.,0,8,8
WBGene00200264.,0,0,0
WBGene00200265.,0,0,0
WBGene00200266.,0,3,3
WBGene00200267.,0,0,0
WBGene00200268.,0,0,0
WBGene00200269.,0,0,0
WBGene00200270.,0,0,0
WBGene00200271.,0,5,5
WBGene00200272.,0,0,0
WBGene00200273.,0,2,2
WBGene00200274.,0,0,0
WBGene00200275.,0,0,0
WBGene00200276.,0,0,0
WBGene00200277.,0,1,1
WBGene00200278.,0,6,6
WBGene00200279.,0,0,0
WBGene00200280.,0,0,0
WBGene00200281.,0,0,0
WBGene00200282.,0,6,6
WBGene00200283.,0,0,0
WBGene00200284.,0,0,0
WBGene00200285.,0,0,0
WBGene00200286.,0,0,0
WBGene00200287.,0,0,0
WBGene00200288.,0,0,0
WBGene00200289.,0,0,0
WBGene00200290.,0,1,1
WBGene00200291.,0,0,0
WBGene00200292.,0,0,0
WBGene00200293.,0,6,6
WBGene00200294.,0,11,11
WBGene00200295.,0,0,0
WBGene00200296.,0,1,1
WBGene00200297.,0,0,0
WBGene00200298.,0,0,0
WBGene00200299.,0,0,0
WBGene00200300.,0,3,3
WBGene00200301.,0,0,0
WBGene00200302.,0,4,4
WBGene00200303.,0,0,0
WBGene00200304.,0,0,0
WBGene00200305.,0,0,0
WBGene00200306.,0,0,0
WBGene00200307.,0,0,0
WBGene00200308.,0,6,6
WBGene00200309.,0,1,1
WBGene00200310.,0,0,0
WBGene00200311.,0,0,0
WBGene00200312.,0,1,1
WBGene00200313.,0,3,3
WBGene00200314.,0,0,0
WBGene00200315.,0,1,1
WBGene00200316.,0,0,0
WBGene00200317.,0,0,0
WBGene00200318.,0,1,1
WBGene00200319.,0,1,1
WBGene00200320.,0,0,0
WBGene00200321.,0,0,0
WBGene00200322.,0,0,0
WBGene00200323.,0,1,1
WBGene00200324.,0,0,0
WBGene00200325.,0,2,2
WBGene00200326.,0,0,0
WBGene00200327.,0,0,0
WBGene00200328.,0,1,1
WBGene00200329.,0,2,2
WBGene00200330.,0,0,0
WBGene00200331.,0,0,0
WBGene00200332.,0,0,0
WBGene00200333.,0,0,0
WBGene00200334.,0,0,0
WBGene00200335.,0,0,0
WBGene00200336.,0,0,0
WBGene00200337.,0,10,10
WBGene00200338.,0,0,0
WBGene00200339.,0,0,0
WBGene00200340.,0,0,0
WBGene00200341.,0,0,0
WBGene00200342.,0,0,0
WBGene00200343.,0,0,0
WBGene00200344.,0,6,6
WBGene00200345.,0,1,1
WBGene00200346.,0,0,0
WBGene00200347.,0,38,38
WBGene00200348.,0,0,0
WBGene00200349.,0,0,0
WBGene00200350.,0,1,1
WBGene00200351.,0,2,2
WBGene00200352.,0,0,0
WBGene00200353.,0,0,0
WBGene00200354.,0,0,0
WBGene00200355.,0,0,0
WBGene00200356.,0,0,0
WBGene00200357.,0,2,2
WBGene00200358.,0,3,3
WBGene00200359.,0,0,0
WBGene00200360.,0,0,0
WBGene00200361.,0,0,0
WBGene00200362.,0,0,0
WBGene00200363.,0,0,0
WBGene00200364.,0,0,0
WBGene00200365.,0,4,4
WBGene00200366.,0,1,1
WBGene00200367.,0,0,0
WBGene00200368.,0,0,0
WBGene00200369.,0,0,0
WBGene00200370.,0,9,9
WBGene00200371.,0,0,0
WBGene00200372.,0,1,1
WBGene00200373.,0,0,0
WBGene00200374.,0,0,0
WBGene00200375.,0,10,10
WBGene00200376.,0,0,0
WBGene00200377.,0,4,4
WBGene00200378.,0,0,0
WBGene00200379.,0,4,4
WBGene00200380.,0,0,0
WBGene00200381.,0,0,0
WBGene00200382.,0,0,0
WBGene00200383.,0,0,0
WBGene00200384.,0,2,2
WBGene00200385.,0,3,3
WBGene00200386.,0,1,1
WBGene00200387.,0,0,0
WBGene00200388.,0,3,3
WBGene00200389.,0,0,0
WBGene00200390.,0,3,3
WBGene00200391.,0,7,7
WBGene00200392.,0,0,0
WBGene00200393.,0,2,2
WBGene00200394.,0,0,0
WBGene00200395.,0,1,1
WBGene00200396.,0,0,0
WBGene00200397.,0,3,3
WBGene00200398.,0,0,0
WBGene00200399.,0,0,0
WBGene00200400.,0,15,15
WBGene00200401.,0,0,0
WBGene00200402.,0,0,0
WBGene00200403.,0,4,4
WBGene00200404.,0,0,0
WBGene00200405.,0,0,0
WBGene00200406.,0,2,2
WBGene00200407.,0,6,6
WBGene00200408.,0,3,3
WBGene00200409.,0,0,0
WBGene00200410.,0,5,5
WBGene00200411.,0,0,0
WBGene00200412.,0,0,0
WBGene00200413.,0,0,0
WBGene00200414.,0,0,0
WBGene00200415.,0,1,1
WBGene00200416.,0,0,0
WBGene00200417.,0,0,0
WBGene00200418.,0,0,0
WBGene00200419.,0,0,0
WBGene00200420.,0,0,0
WBGene00200421.,0,0,0
WBGene00200422.,0,0,0
WBGene00200423.,0,12,12
WBGene00200424.,0,2,2
WBGene00200425.,0,1,1
WBGene00200426.,0,1,1
WBGene00200427.,0,0,0
WBGene00200428.,0,4,4
WBGene00200429.,0,0,0
WBGene00200430.,0,0,0
WBGene00200431.,0,2,2
WBGene00200432.,0,1,1
WBGene00200433.,0,0,0
WBGene00200434.,0,0,0
WBGene00200435.,0,0,0
WBGene00200436.,0,2,2
WBGene00200437.,0,0,0
WBGene00200438.,0,0,0
WBGene00200439.,0,0,0
WBGene00200440.,0,1,1
WBGene00200441.,0,0,0
WBGene00200442.,0,3,3
WBGene00200443.,0,3,3
WBGene00200444.,0,1,1
WBGene00200445.,0,0,0
WBGene00200446.,0,0,0
WBGene00200447.,0,1,1
WBGene00200448.,0,0,0
WBGene00200449.,0,0,0
WBGene00200450.,0,1,1
WBGene00200451.,0,0,0
WBGene00200452.,0,3,3
WBGene00200453.,0,1,1
WBGene00200454.,0,0,0
WBGene00200455.,0,4,4
WBGene00200456.,0,11,11
WBGene00200457.,0,0,0
WBGene00200458.,0,0,0
WBGene00200459.,0,101,101
WBGene00200460.,0,1,1
WBGene00200461.,0,0,0
WBGene00200462.,0,2,2
WBGene00200463.,0,0,0
WBGene00200464.,0,0,0
WBGene00200465.,0,0,0
WBGene00200466.,0,0,0
WBGene00200467.,0,0,0
WBGene00200468.,0,2,2
WBGene00200469.,0,2,2
WBGene00200470.,0,3,3
WBGene00200471.,0,0,0
WBGene00200472.,0,0,0
WBGene00200473.,0,1,1
WBGene00200474.,0,1,1
WBGene00200475.,0,6,6
WBGene00200476.,0,0,0
WBGene00200477.,0,0,0
WBGene00200478.,0,3,3
WBGene00200479.,0,2,2
WBGene00200480.,0,0,0
WBGene00200481.,0,1,1
WBGene00200482.,0,0,0
WBGene00200483.,0,1,1
WBGene00200484.,0,0,0
WBGene00200485.,0,12,12
WBGene00200486.,0,1,1
WBGene00200487.,0,8,8
WBGene00200488.,0,3,3
WBGene00200489.,0,0,0
WBGene00200490.,0,1,1
WBGene00200491.,0,0,0
WBGene00200492.,0,1,1
WBGene00200493.,0,0,0
WBGene00200494.,0,0,0
WBGene00200495.,0,2,2
WBGene00200496.,0,3,3
WBGene00200497.,0,0,0
WBGene00200498.,0,0,0
WBGene00200499.,0,1,1
WBGene00200500.,0,8,8
WBGene00200501.,0,0,0
WBGene00200502.,0,6,6
WBGene00200503.,0,1,1
WBGene00200504.,0,0,0
WBGene00200505.,0,0,0
WBGene00200506.,0,0,0
WBGene00200507.,0,3,3
WBGene00200508.,0,0,0
WBGene00200509.,0,2,2
WBGene00200510.,0,0,0
WBGene00200511.,0,0,0
WBGene00200512.,0,0,0
WBGene00200513.,0,1,1
WBGene00200514.,0,1,1
WBGene00200515.,0,0,0
WBGene00200516.,0,0,0
WBGene00200517.,0,0,0
WBGene00200518.,0,1,1
WBGene00200519.,0,2,2
WBGene00200520.,0,0,0
WBGene00200521.,0,0,0
WBGene00200522.,0,0,0
WBGene00200523.,0,0,0
WBGene00200524.,0,0,0
WBGene00200525.,0,0,0
WBGene00200526.,0,0,0
WBGene00200527.,0,0,0
WBGene00200528.,0,1,1
WBGene00200529.,0,0,0
WBGene00200530.,0,0,0
WBGene00200531.,0,0,0
WBGene00200532.,0,0,0
WBGene00200533.,0,0,0
WBGene00200534.,0,0,0
WBGene00200535.,0,0,0
WBGene00200536.,0,0,0
WBGene00200537.,0,0,0
WBGene00200538.,0,12,12
WBGene00200539.,0,0,0
WBGene00200540.,0,7,7
WBGene00200541.,0,0,0
WBGene00200542.,0,4,4
WBGene00200543.,0,0,0
WBGene00200544.,0,0,0
WBGene00200545.,0,1,1
WBGene00200546.,0,2,2
WBGene00200547.,0,2,2
WBGene00200548.,0,1,1
WBGene00200549.,0,0,0
WBGene00200550.,0,1,1
WBGene00200551.,0,0,0
WBGene00200552.,0,0,0
WBGene00200553.,0,1,1
WBGene00200554.,0,0,0
WBGene00200555.,0,0,0
WBGene00200556.,0,0,0
WBGene00200557.,0,0,0
WBGene00200558.,0,3,3
WBGene00200559.,0,0,0
WBGene00200560.,0,0,0
WBGene00200561.,0,0,0
WBGene00200562.,0,0,0
WBGene00200563.,0,0,0
WBGene00200564.,0,0,0
WBGene00200565.,0,0,0
WBGene00200566.,0,5,5
WBGene00200567.,0,0,0
WBGene00200568.,0,0,0
WBGene00200569.,0,0,0
WBGene00200570.,0,1,1
WBGene00200571.,0,0,0
WBGene00200572.,0,8,8
WBGene00200573.,0,0,0
WBGene00200574.,0,0,0
WBGene00200575.,0,3,3
WBGene00200576.,0,2,2
WBGene00200577.,0,0,0
WBGene00200578.,0,0,0
WBGene00200579.,0,15,15
WBGene00200580.,0,0,0
WBGene00200581.,0,0,0
WBGene00200582.,0,3,3
WBGene00200583.,0,4,4
WBGene00200584.,0,0,0
WBGene00200585.,0,0,0
WBGene00200586.,0,0,0
WBGene00200587.,0,0,0
WBGene00200588.,0,0,0
WBGene00200589.,0,2,2
WBGene00200590.,0,0,0
WBGene00200591.,0,2,2
WBGene00200592.,0,0,0
WBGene00200593.,0,0,0
WBGene00200594.,0,8,8
WBGene00200595.,0,0,0
WBGene00200596.,0,18,18
WBGene00200597.,0,0,0
WBGene00200598.,0,3,3
WBGene00200599.,0,0,0
WBGene00200600.,0,0,0
WBGene00200601.,0,8,8
WBGene00200602.,0,0,0
WBGene00200603.,0,0,0
WBGene00200604.,0,0,0
WBGene00200605.,0,0,0
WBGene00200606.,0,0,0
WBGene00200607.,0,3,3
WBGene00200608.,0,0,0
WBGene00200609.,0,0,0
WBGene00200610.,0,0,0
WBGene00200611.,0,3,3
WBGene00200612.,0,0,0
WBGene00200613.,0,0,0
WBGene00200614.,0,0,0
WBGene00200615.,0,0,0
WBGene00200616.,0,0,0
WBGene00200617.,0,2,2
WBGene00200618.,0,1,1
WBGene00200619.,0,0,0
WBGene00200620.,0,2,2
WBGene00200621.,0,1,1
WBGene00200622.,0,1,1
WBGene00200623.,0,0,0
WBGene00200624.,0,0,0
WBGene00200625.,0,0,0
WBGene00200626.,0,2,2
WBGene00200627.,0,2,2
WBGene00200628.,0,4,4
WBGene00200629.,0,0,0
WBGene00200630.,0,2,2
WBGene00200631.,0,0,0
WBGene00200632.,0,2,2
WBGene00200633.,0,0,0
WBGene00200634.,0,0,0
WBGene00200635.,0,0,0
WBGene00200636.,0,0,0
WBGene00200637.,0,0,0
WBGene00200638.,0,0,0
WBGene00200639.,0,0,0
WBGene00200640.,0,0,0
WBGene00200641.,0,4,4
WBGene00200642.,0,0,0
WBGene00200643.,0,1,1
WBGene00200644.,0,2,2
WBGene00200645.,0,144,144
WBGene00200646.,0,2,2
WBGene00200647.,0,0,0
WBGene00200648.,0,0,0
WBGene00200649.,0,0,0
WBGene00200650.,0,1,1
WBGene00200651.,0,0,0
WBGene00200652.,0,0,0
WBGene00200653.,0,0,0
WBGene00200654.,0,1,1
WBGene00200655.,0,0,0
WBGene00200656.,0,0,0
WBGene00200657.,0,0,0
WBGene00200658.,0,2,2
WBGene00200659.,0,1,1
WBGene00200660.,0,0,0
WBGene00200661.,0,0,0
WBGene00200662.,0,1,1
WBGene00200663.,0,0,0
WBGene00200664.,0,1,1
WBGene00200665.,0,0,0
WBGene00200666.,0,1,1
WBGene00200667.,0,0,0
WBGene00200668.,0,0,0
WBGene00200669.,0,0,0
WBGene00200670.,0,0,0
WBGene00200671.,0,0,0
WBGene00200672.,0,0,0
WBGene00200673.,0,0,0
WBGene00200674.,0,0,0
WBGene00200675.,0,1,1
WBGene00200676.,0,0,0
WBGene00200677.,0,0,0
WBGene00200678.,0,0,0
WBGene00200679.,0,0,0
WBGene00200680.,0,0,0
WBGene00200681.,0,0,0
WBGene00200682.,0,0,0
WBGene00200683.,0,0,0
WBGene00200684.,0,0,0
WBGene00200685.,0,0,0
WBGene00200686.,0,0,0
WBGene00200687.,0,0,0
WBGene00200688.,0,0,0
WBGene00200689.,0,0,0
WBGene00200690.,0,0,0
WBGene00200691.,0,0,0
WBGene00200692.,0,1,1
WBGene00200693.,0,0,0
WBGene00200694.,0,2,2
WBGene00200695.,0,3,3
WBGene00200696.,0,0,0
WBGene00200697.,0,3,3
WBGene00200698.,0,0,0
WBGene00200699.,0,0,0
WBGene00200700.,0,0,0
WBGene00200701.,0,0,0
WBGene00200702.,0,120,120
WBGene00200703.,0,0,0
WBGene00200704.,0,0,0
WBGene00200705.,0,0,0
WBGene00200706.,0,1,1
WBGene00200707.,0,3,3
WBGene00200708.,0,0,0
WBGene00200709.,0,0,0
WBGene00200710.,0,1,1
WBGene00200711.,0,1,1
WBGene00200712.,0,0,0
WBGene00200713.,0,0,0
WBGene00200714.,0,0,0
WBGene00200715.,0,2,2
WBGene00200716.,0,5,5
WBGene00200717.,0,1,1
WBGene00200718.,0,0,0
WBGene00200719.,0,4,4
WBGene00200720.,0,0,0
WBGene00200721.,0,0,0
WBGene00200722.,0,0,0
WBGene00200723.,0,3,3
WBGene00200724.,0,1,1
WBGene00200725.,0,0,0
WBGene00200726.,0,1,1
WBGene00200727.,0,1,1
WBGene00200728.,0,0,0
WBGene00200729.,0,0,0
WBGene00200730.,0,0,0
WBGene00200731.,0,1,1
WBGene00200732.,0,0,0
WBGene00200733.,0,2,2
WBGene00200734.,0,0,0
WBGene00200735.,0,0,0
WBGene00200736.,0,1,1
WBGene00200737.,0,1,1
WBGene00200738.,0,0,0
WBGene00200739.,0,0,0
WBGene00200740.,0,0,0
WBGene00200741.,0,0,0
WBGene00200742.,0,1,1
WBGene00200743.,0,5,5
WBGene00200744.,0,11,11
WBGene00200745.,0,0,0
WBGene00200746.,0,6,6
WBGene00200747.,0,0,0
WBGene00200748.,0,0,0
WBGene00200749.,0,2,2
WBGene00200750.,0,0,0
WBGene00200751.,0,1,1
WBGene00200752.,0,14,14
WBGene00200753.,0,0,0
WBGene00200754.,0,3,3
WBGene00200755.,0,1,1
WBGene00200756.,0,9,9
WBGene00200757.,0,0,0
WBGene00200758.,0,5,5
WBGene00200759.,0,0,0
WBGene00200760.,0,0,0
WBGene00200761.,0,0,0
WBGene00200762.,0,38,38
WBGene00200763.,0,1,1
WBGene00200764.,0,0,0
WBGene00200765.,0,0,0
WBGene00200766.,0,0,0
WBGene00200767.,0,0,0
WBGene00200768.,0,4,4
WBGene00200769.,0,1,1
WBGene00200770.,0,3,3
WBGene00200771.,0,0,0
WBGene00200772.,0,0,0
WBGene00200773.,0,0,0
WBGene00200774.,0,0,0
WBGene00200775.,0,0,0
WBGene00200776.,0,1,1
WBGene00200777.,0,0,0
WBGene00200778.,0,0,0
WBGene00200779.,0,1,1
WBGene00200780.,0,2,2
WBGene00200781.,0,0,0
WBGene00200782.,0,0,0
WBGene00200783.,0,0,0
WBGene00200784.,0,0,0
WBGene00200785.,0,0,0
WBGene00200786.,0,9,9
WBGene00200787.,0,2,2
WBGene00200788.,0,0,0
WBGene00200789.,0,0,0
WBGene00200790.,0,0,0
WBGene00200791.,0,0,0
WBGene00200792.,0,0,0
WBGene00200793.,0,1,1
WBGene00200794.,0,0,0
WBGene00200795.,0,0,0
WBGene00200796.,0,0,0
WBGene00200797.,0,0,0
WBGene00200798.,0,0,0
WBGene00200799.,0,1,1
WBGene00200800.,0,3,3
WBGene00200801.,0,2,2
WBGene00200802.,0,6,6
WBGene00200803.,0,0,0
WBGene00200804.,0,0,0
WBGene00200805.,0,0,0
WBGene00200806.,0,0,0
WBGene00200807.,0,0,0
WBGene00200808.,0,7,7
WBGene00200809.,0,12,12
WBGene00200810.,0,0,0
WBGene00200811.,0,0,0
WBGene00200812.,0,1,1
WBGene00200813.,0,1,1
WBGene00200814.,0,0,0
WBGene00200815.,0,0,0
WBGene00200816.,0,0,0
WBGene00200817.,0,0,0
WBGene00200818.,0,2,2
WBGene00200819.,0,1,1
WBGene00200820.,0,0,0
WBGene00200821.,0,3,3
WBGene00200822.,0,1,1
WBGene00200823.,0,0,0
WBGene00200824.,0,2,2
WBGene00200825.,0,0,0
WBGene00200826.,0,25,25
WBGene00200827.,0,2,2
WBGene00200828.,0,6,6
WBGene00200829.,0,0,0
WBGene00200830.,0,0,0
WBGene00200831.,0,0,0
WBGene00200832.,0,0,0
WBGene00200833.,0,0,0
WBGene00200834.,0,0,0
WBGene00200835.,0,0,0
WBGene00200836.,0,0,0
WBGene00200837.,0,1,1
WBGene00200838.,0,0,0
WBGene00200839.,0,0,0
WBGene00200840.,0,0,0
WBGene00200841.,0,3,3
WBGene00200842.,0,10,10
WBGene00200843.,0,1,1
WBGene00200844.,0,0,0
WBGene00200845.,0,1,1
WBGene00200846.,0,0,0
WBGene00200847.,0,0,0
WBGene00200848.,0,0,0
WBGene00200849.,0,2,2
WBGene00200850.,0,0,0
WBGene00200851.,0,0,0
WBGene00200852.,0,0,0
WBGene00200853.,0,0,0
WBGene00200854.,0,1,1
WBGene00200855.,0,0,0
WBGene00200856.,0,11,11
WBGene00200857.,0,0,0
WBGene00200858.,0,0,0
WBGene00200859.,0,0,0
WBGene00200860.,0,0,0
WBGene00200861.,0,1,1
WBGene00200862.,0,0,0
WBGene00200863.,0,7,7
WBGene00200864.,0,0,0
WBGene00200865.,0,0,0
WBGene00200866.,0,0,0
WBGene00200867.,0,0,0
WBGene00200868.,0,1,1
WBGene00200869.,0,0,0
WBGene00200870.,0,0,0
WBGene00200871.,0,0,0
WBGene00200872.,0,0,0
WBGene00200873.,0,0,0
WBGene00200874.,0,3,3
WBGene00200875.,0,0,0
WBGene00200876.,0,0,0
WBGene00200877.,0,0,0
WBGene00200878.,0,0,0
WBGene00200879.,0,1,1
WBGene00200880.,0,0,0
WBGene00200881.,0,0,0
WBGene00200882.,0,0,0
WBGene00200883.,0,1,1
WBGene00200884.,0,1,1
WBGene00200885.,0,0,0
WBGene00200886.,0,0,0
WBGene00200887.,0,0,0
WBGene00200888.,0,0,0
WBGene00200889.,0,9,9
WBGene00200890.,0,0,0
WBGene00200891.,0,0,0
WBGene00200892.,0,3,3
WBGene00200893.,0,10,10
WBGene00200894.,0,0,0
WBGene00200895.,0,1,1
WBGene00200896.,0,3,3
WBGene00200897.,0,0,0
WBGene00200898.,0,0,0
WBGene00200899.,0,0,0
WBGene00200900.,0,0,0
WBGene00200901.,0,0,0
WBGene00200902.,0,1,1
WBGene00200903.,0,0,0
WBGene00200904.,0,2,2
WBGene00200905.,0,9,9
WBGene00200906.,0,0,0
WBGene00200907.,0,3,3
WBGene00200908.,0,9,9
WBGene00200909.,0,0,0
WBGene00200910.,0,1,1
WBGene00200911.,0,0,0
WBGene00200912.,0,2,2
WBGene00200913.,0,0,0
WBGene00200914.,0,0,0
WBGene00200915.,0,1,1
WBGene00200916.,0,6,6
WBGene00200917.,0,0,0
WBGene00200918.,0,0,0
WBGene00200919.,0,4,4
WBGene00200920.,0,2,2
WBGene00200921.,0,2,2
WBGene00200922.,0,0,0
WBGene00200923.,0,0,0
WBGene00200924.,0,0,0
WBGene00200925.,0,0,0
WBGene00200926.,0,0,0
WBGene00200927.,0,0,0
WBGene00200928.,0,0,0
WBGene00200929.,0,0,0
WBGene00200930.,0,1,1
WBGene00200931.,0,0,0
WBGene00200932.,0,2,2
WBGene00200933.,0,0,0
WBGene00200934.,0,15,15
WBGene00200935.,0,3,3
WBGene00200936.,0,0,0
WBGene00200937.,0,0,0
WBGene00200938.,0,2,2
WBGene00200939.,0,0,0
WBGene00200940.,0,14,14
WBGene00200941.,0,2,2
WBGene00200942.,0,0,0
WBGene00200943.,0,0,0
WBGene00200944.,0,1,1
WBGene00200945.,0,0,0
WBGene00200946.,0,0,0
WBGene00200947.,0,0,0
WBGene00200948.,0,0,0
WBGene00200949.,0,0,0
WBGene00200950.,0,0,0
WBGene00200951.,0,1,1
WBGene00200952.,0,0,0
WBGene00200953.,0,12,12
WBGene00200954.,0,0,0
WBGene00200955.,0,0,0
WBGene00200956.,0,0,0
WBGene00200957.,0,1,1
WBGene00200958.,0,3,3
WBGene00200959.,0,0,0
WBGene00200960.,0,19,19
WBGene00200961.,0,0,0
WBGene00200962.,0,0,0
WBGene00200963.,0,0,0
WBGene00200964.,0,0,0
WBGene00200965.,0,1,1
WBGene00200966.,0,0,0
WBGene00200967.,0,1,1
WBGene00200968.,0,3,3
WBGene00200969.,0,0,0
WBGene00200970.,0,0,0
WBGene00200971.,0,2,2
WBGene00200972.,0,1,1
WBGene00200973.,0,0,0
WBGene00200974.,0,0,0
WBGene00200975.,0,0,0
WBGene00200976.,0,0,0
WBGene00200977.,0,2,2
WBGene00200978.,0,1,1
WBGene00200979.,0,1,1
WBGene00200980.,0,0,0
WBGene00200981.,0,1,1
WBGene00200982.,0,0,0
WBGene00200983.,0,0,0
WBGene00200984.,0,0,0
WBGene00200985.,0,0,0
WBGene00200986.,0,0,0
WBGene00200987.,0,1,1
WBGene00200988.,0,0,0
WBGene00200989.,0,0,0
WBGene00200990.,0,0,0
WBGene00200991.,0,0,0
WBGene00200992.,0,0,0
WBGene00200993.,0,0,0
WBGene00200994.,0,2,2
WBGene00200995.,0,14,14
WBGene00200996.,0,37,37
WBGene00200997.,0,0,0
WBGene00200998.,0,0,0
WBGene00200999.,0,0,0
WBGene00201000.,0,0,0
WBGene00201001.,0,0,0
WBGene00201002.,0,1,1
WBGene00201003.,0,0,0
WBGene00201004.,0,0,0
WBGene00201005.,0,30,30
WBGene00201006.,0,3,3
WBGene00201007.,0,0,0
WBGene00201008.,0,4,4
WBGene00201009.,0,0,0
WBGene00201010.,0,2,2
WBGene00201011.,0,0,0
WBGene00201012.,0,3,3
WBGene00201013.,0,0,0
WBGene00201014.,0,3,3
WBGene00201015.,0,0,0
WBGene00201016.,0,0,0
WBGene00201017.,0,0,0
WBGene00201018.,0,0,0
WBGene00201019.,0,1,1
WBGene00201020.,0,0,0
WBGene00201021.,0,4,4
WBGene00201022.,0,0,0
WBGene00201023.,0,0,0
WBGene00201024.,0,0,0
WBGene00201025.,0,1,1
WBGene00201026.,0,0,0
WBGene00201027.,0,0,0
WBGene00201028.,0,0,0
WBGene00201029.,0,0,0
WBGene00201030.,0,0,0
WBGene00201031.,0,10,10
WBGene00201032.,0,0,0
WBGene00201033.,0,0,0
WBGene00201034.,0,7,7
WBGene00201035.,0,0,0
WBGene00201036.,0,2,2
WBGene00201037.,0,0,0
WBGene00201038.,0,0,0
WBGene00201039.,0,0,0
WBGene00201040.,0,0,0
WBGene00201041.,0,1,1
WBGene00201042.,0,0,0
WBGene00201043.,0,2,2
WBGene00201044.,0,0,0
WBGene00201045.,0,42,42
WBGene00201046.,0,0,0
WBGene00201047.,0,0,0
WBGene00201048.,0,0,0
WBGene00201049.,0,0,0
WBGene00201050.,0,2,2
WBGene00201051.,0,0,0
WBGene00201052.,0,0,0
WBGene00201053.,0,0,0
WBGene00201054.,0,0,0
WBGene00201055.,0,0,0
WBGene00201056.,0,0,0
WBGene00201057.,0,8,8
WBGene00201058.,0,1,1
WBGene00201059.,0,0,0
WBGene00201060.,0,0,0
WBGene00201061.,0,0,0
WBGene00201062.,0,0,0
WBGene00201063.,0,0,0
WBGene00201064.,0,0,0
WBGene00201065.,0,0,0
WBGene00201066.,0,0,0
WBGene00201067.,0,0,0
WBGene00201068.,0,0,0
WBGene00201069.,0,1,1
WBGene00201070.,0,0,0
WBGene00201071.,0,0,0
WBGene00201072.,0,2,2
WBGene00201073.,0,0,0
WBGene00201074.,0,0,0
WBGene00201075.,0,36,36
WBGene00201076.,0,1,1
WBGene00201077.,0,0,0
WBGene00201078.,0,5,5
WBGene00201079.,0,1,1
WBGene00201080.,0,2,2
WBGene00201081.,0,1,1
WBGene00201082.,0,20,20
WBGene00201083.,0,0,0
WBGene00201084.,0,0,0
WBGene00201085.,0,0,0
WBGene00201086.,0,0,0
WBGene00201087.,0,2,2
WBGene00201088.,0,2,2
WBGene00201089.,0,0,0
WBGene00201090.,0,0,0
WBGene00201091.,0,0,0
WBGene00201092.,0,1,1
WBGene00201093.,0,0,0
WBGene00201094.,0,0,0
WBGene00201095.,0,0,0
WBGene00201096.,0,0,0
WBGene00201097.,0,0,0
WBGene00201098.,0,0,0
WBGene00201099.,0,0,0
WBGene00201100.,0,6,6
WBGene00201101.,0,0,0
WBGene00201102.,0,0,0
WBGene00201103.,0,0,0
WBGene00201104.,0,0,0
WBGene00201105.,0,0,0
WBGene00201106.,0,0,0
WBGene00201107.,0,0,0
WBGene00201108.,0,5,5
WBGene00201109.,0,0,0
WBGene00201110.,0,0,0
WBGene00201111.,0,6,6
WBGene00201112.,0,2,2
WBGene00201113.,0,0,0
WBGene00201114.,0,0,0
WBGene00201115.,0,0,0
WBGene00201116.,0,5,5
WBGene00201117.,0,0,0
WBGene00201118.,0,0,0
WBGene00201119.,0,0,0
WBGene00201120.,0,0,0
WBGene00201121.,0,1,1
WBGene00201122.,0,0,0
WBGene00201123.,0,0,0
WBGene00201124.,0,4,4
WBGene00201125.,0,1,1
WBGene00201126.,0,1,1
WBGene00201127.,0,0,0
WBGene00201128.,0,1,1
WBGene00201129.,0,13,13
WBGene00201130.,0,0,0
WBGene00201131.,0,5,5
WBGene00201132.,0,0,0
WBGene00201133.,0,3,3
WBGene00201134.,0,0,0
WBGene00201135.,0,0,0
WBGene00201136.,0,0,0
WBGene00201137.,0,0,0
WBGene00201138.,0,0,0
WBGene00201139.,0,1,1
WBGene00201140.,0,0,0
WBGene00201141.,0,0,0
WBGene00201142.,0,0,0
WBGene00201143.,0,0,0
WBGene00201145.,0,0,0
WBGene00201146.,0,2,2
WBGene00201147.,0,0,0
WBGene00201148.,0,0,0
WBGene00201149.,0,1,1
WBGene00201150.,0,0,0
WBGene00201151.,0,1,1
WBGene00201152.,0,0,0
WBGene00201153.,0,0,0
WBGene00201154.,0,0,0
WBGene00201155.,0,0,0
WBGene00201156.,0,0,0
WBGene00201157.,0,0,0
WBGene00201158.,0,0,0
WBGene00201159.,0,1,1
WBGene00201160.,0,0,0
WBGene00201161.,0,1,1
WBGene00201162.,0,0,0
WBGene00201163.,0,0,0
WBGene00201164.,0,0,0
WBGene00201165.,0,2,2
WBGene00201166.,0,0,0
WBGene00201167.,0,1,1
WBGene00201168.,0,0,0
WBGene00201169.,0,2,2
WBGene00201170.,0,0,0
WBGene00201171.,0,0,0
WBGene00201172.,0,0,0
WBGene00201173.,0,0,0
WBGene00201174.,0,0,0
WBGene00201175.,0,4,4
WBGene00201176.,0,0,0
WBGene00201177.,0,0,0
WBGene00201178.,0,0,0
WBGene00201179.,0,2,2
WBGene00201180.,0,0,0
WBGene00201181.,0,25,25
WBGene00201182.,0,0,0
WBGene00201183.,0,0,0
WBGene00201184.,0,0,0
WBGene00201185.,0,1,1
WBGene00201186.,0,0,0
WBGene00201187.,0,0,0
WBGene00201188.,0,17,17
WBGene00201189.,0,0,0
WBGene00201190.,0,0,0
WBGene00201191.,0,0,0
WBGene00201192.,0,0,0
WBGene00201193.,0,0,0
WBGene00201194.,0,0,0
WBGene00201195.,0,0,0
WBGene00201196.,0,0,0
WBGene00201197.,0,0,0
WBGene00201198.,0,12,12
WBGene00201199.,0,2,2
WBGene00201200.,0,0,0
WBGene00201201.,0,2,2
WBGene00201202.,0,0,0
WBGene00201203.,0,2,2
WBGene00201204.,0,2,2
WBGene00201205.,0,1,1
WBGene00201206.,0,0,0
WBGene00201207.,0,10,10
WBGene00201208.,0,2,2
WBGene00201209.,0,0,0
WBGene00201210.,0,2,2
WBGene00201211.,0,1,1
WBGene00201212.,0,0,0
WBGene00201213.,0,0,0
WBGene00201214.,0,0,0
WBGene00201215.,0,0,0
WBGene00201216.,0,0,0
WBGene00201217.,0,0,0
WBGene00201218.,0,2,2
WBGene00201219.,0,1,1
WBGene00201220.,0,5,5
WBGene00201221.,0,1,1
WBGene00201222.,0,0,0
WBGene00201223.,0,0,0
WBGene00201224.,0,2,2
WBGene00201225.,0,0,0
WBGene00201226.,0,0,0
WBGene00201227.,0,0,0
WBGene00201228.,0,1,1
WBGene00201229.,0,3,3
WBGene00201230.,0,0,0
WBGene00201231.,0,0,0
WBGene00201232.,0,0,0
WBGene00201233.,0,0,0
WBGene00201234.,0,0,0
WBGene00201235.,0,0,0
WBGene00201236.,0,0,0
WBGene00201237.,0,1,1
WBGene00201238.,0,1,1
WBGene00201239.,0,2,2
WBGene00201240.,0,0,0
WBGene00201241.,0,0,0
WBGene00201242.,0,0,0
WBGene00201243.,0,0,0
WBGene00201244.,0,0,0
WBGene00201245.,0,1,1
WBGene00201246.,0,2,2
WBGene00201247.,0,1,1
WBGene00201248.,0,0,0
WBGene00201249.,0,0,0
WBGene00201250.,0,0,0
WBGene00201251.,0,0,0
WBGene00201252.,0,0,0
WBGene00201253.,0,0,0
WBGene00201254.,0,0,0
WBGene00201255.,0,0,0
WBGene00201256.,0,0,0
WBGene00201257.,0,2,2
WBGene00201258.,0,1,1
WBGene00201259.,0,1,1
WBGene00201260.,0,1,1
WBGene00201261.,0,0,0
WBGene00201262.,0,0,0
WBGene00201263.,0,0,0
WBGene00201264.,0,0,0
WBGene00201265.,0,0,0
WBGene00201266.,0,0,0
WBGene00201267.,0,0,0
WBGene00201268.,0,0,0
WBGene00201269.,0,0,0
WBGene00201270.,0,0,0
WBGene00201271.,0,2,2
WBGene00201272.,0,4,4
WBGene00201273.,0,27,27
WBGene00201274.,0,0,0
WBGene00201275.,0,1,1
WBGene00201276.,0,0,0
WBGene00201277.,0,0,0
WBGene00201278.,0,0,0
WBGene00201279.,0,0,0
WBGene00201280.,0,3,3
WBGene00201281.,0,0,0
WBGene00201282.,0,0,0
WBGene00201283.,0,0,0
WBGene00201284.,0,2,2
WBGene00201285.,0,1,1
WBGene00201286.,0,11,11
WBGene00201287.,0,3,3
WBGene00201288.,0,0,0
WBGene00201289.,0,1,1
WBGene00201290.,0,1,1
WBGene00201291.,0,2,2
WBGene00201292.,0,0,0
WBGene00201293.,0,1,1
WBGene00201294.,0,0,0
WBGene00201295.,0,1,1
WBGene00201296.,0,1,1
WBGene00201297.,0,0,0
WBGene00201298.,0,0,0
WBGene00201299.,0,0,0
WBGene00201300.,0,0,0
WBGene00201301.,0,5,5
WBGene00201302.,0,0,0
WBGene00201303.,0,7,7
WBGene00201304.,0,1,1
WBGene00201305.,0,0,0
WBGene00201306.,0,0,0
WBGene00201307.,0,0,0
WBGene00201308.,0,0,0
WBGene00201309.,0,0,0
WBGene00201310.,0,0,0
WBGene00201311.,0,0,0
WBGene00201312.,0,0,0
WBGene00201313.,0,1,1
WBGene00201314.,0,0,0
WBGene00201315.,0,2,2
WBGene00201316.,0,0,0
WBGene00201317.,0,0,0
WBGene00201318.,0,0,0
WBGene00201319.,0,1,1
WBGene00201320.,0,1,1
WBGene00201321.,0,0,0
WBGene00201322.,0,10,10
WBGene00201323.,0,1,1
WBGene00201324.,0,0,0
WBGene00201325.,0,1,1
WBGene00201326.,0,0,0
WBGene00201327.,0,2,2
WBGene00201328.,0,0,0
WBGene00201329.,0,1,1
WBGene00201330.,0,0,0
WBGene00201331.,0,5,5
WBGene00201332.,0,0,0
WBGene00201333.,0,1,1
WBGene00201334.,0,0,0
WBGene00201335.,0,0,0
WBGene00201336.,0,0,0
WBGene00201337.,0,0,0
WBGene00201338.,0,0,0
WBGene00201339.,0,0,0
WBGene00201340.,0,0,0
WBGene00201341.,0,0,0
WBGene00201342.,0,0,0
WBGene00201343.,0,2,2
WBGene00201344.,0,0,0
WBGene00201345.,0,0,0
WBGene00201346.,0,2,2
WBGene00201347.,0,0,0
WBGene00201348.,0,2,2
WBGene00201349.,0,2,2
WBGene00201350.,0,0,0
WBGene00201351.,0,0,0
WBGene00201352.,0,2,2
WBGene00201353.,0,0,0
WBGene00201354.,0,4,4
WBGene00201355.,0,1,1
WBGene00201356.,0,1,1
WBGene00201357.,0,0,0
WBGene00201358.,0,0,0
WBGene00201359.,0,0,0
WBGene00201360.,0,0,0
WBGene00201361.,0,0,0
WBGene00201362.,0,0,0
WBGene00201363.,0,0,0
WBGene00201364.,0,2,2
WBGene00201365.,0,0,0
WBGene00201366.,0,0,0
WBGene00201367.,0,0,0
WBGene00201368.,0,0,0
WBGene00201369.,0,0,0
WBGene00201370.,0,1,1
WBGene00201371.,0,1,1
WBGene00201372.,0,22,22
WBGene00201373.,0,0,0
WBGene00201374.,0,4,4
WBGene00201375.,0,0,0
WBGene00201376.,0,0,0
WBGene00201377.,0,0,0
WBGene00201378.,0,4,4
WBGene00201379.,0,0,0
WBGene00201380.,0,1,1
WBGene00201381.,0,4,4
WBGene00201382.,0,0,0
WBGene00201383.,0,4,4
WBGene00201384.,0,0,0
WBGene00201385.,0,0,0
WBGene00201386.,0,0,0
WBGene00201387.,0,0,0
WBGene00201388.,0,1,1
WBGene00201389.,0,0,0
WBGene00201390.,0,19,19
WBGene00201391.,0,0,0
WBGene00201392.,0,0,0
WBGene00201393.,0,0,0
WBGene00201394.,0,0,0
WBGene00201395.,0,0,0
WBGene00201396.,0,0,0
WBGene00201397.,0,0,0
WBGene00201398.,0,0,0
WBGene00201399.,0,0,0
WBGene00201400.,0,0,0
WBGene00201401.,0,0,0
WBGene00201402.,0,0,0
WBGene00201403.,0,2,2
WBGene00201404.,0,2,2
WBGene00201405.,0,0,0
WBGene00201406.,0,0,0
WBGene00201407.,0,0,0
WBGene00201408.,0,1,1
WBGene00201409.,0,0,0
WBGene00201410.,0,1,1
WBGene00201411.,0,1,1
WBGene00201412.,0,0,0
WBGene00201413.,0,2,2
WBGene00201414.,0,0,0
WBGene00201415.,0,1,1
WBGene00201416.,0,0,0
WBGene00201417.,0,0,0
WBGene00201418.,0,0,0
WBGene00201419.,0,4,4
WBGene00201420.,0,1,1
WBGene00201421.,0,0,0
WBGene00201422.,0,0,0
WBGene00201423.,0,11,11
WBGene00201424.,0,0,0
WBGene00201425.,0,0,0
WBGene00201426.,0,0,0
WBGene00201427.,0,0,0
WBGene00201428.,0,0,0
WBGene00201429.,0,0,0
WBGene00201430.,0,10,10
WBGene00201431.,0,0,0
WBGene00201432.,0,0,0
WBGene00201433.,0,0,0
WBGene00201434.,0,0,0
WBGene00201435.,0,3,3
WBGene00201436.,0,0,0
WBGene00201437.,0,1,1
WBGene00201438.,0,0,0
WBGene00201439.,0,0,0
WBGene00201440.,0,0,0
WBGene00201441.,0,0,0
WBGene00201442.,0,0,0
WBGene00201443.,0,0,0
WBGene00201444.,0,0,0
WBGene00201445.,0,0,0
WBGene00201446.,0,0,0
WBGene00201447.,0,13,13
WBGene00201448.,0,1,1
WBGene00201449.,0,0,0
WBGene00201450.,0,0,0
WBGene00201451.,0,0,0
WBGene00201452.,0,0,0
WBGene00201453.,0,0,0
WBGene00201454.,0,0,0
WBGene00201455.,0,0,0
WBGene00201456.,0,4,4
WBGene00201457.,0,0,0
WBGene00201458.,0,841,841
WBGene00201459.,0,0,0
WBGene00201460.,0,0,0
WBGene00201461.,0,0,0
WBGene00201462.,0,0,0
WBGene00201463.,0,1,1
WBGene00201464.,0,0,0
WBGene00201465.,0,1,1
WBGene00201466.,0,4,4
WBGene00201467.,0,0,0
WBGene00201468.,0,1,1
WBGene00201469.,0,0,0
WBGene00201470.,0,3,3
WBGene00201471.,0,0,0
WBGene00201472.,0,0,0
WBGene00201473.,0,7,7
WBGene00201474.,0,1,1
WBGene00201475.,0,0,0
WBGene00201476.,0,0,0
WBGene00201477.,0,0,0
WBGene00201478.,0,0,0
WBGene00201479.,0,2,2
WBGene00201480.,0,0,0
WBGene00201481.,0,0,0
WBGene00201482.,0,0,0
WBGene00201483.,0,0,0
WBGene00201484.,0,0,0
WBGene00201485.,0,3,3
WBGene00201486.,0,0,0
WBGene00201487.,0,4,4
WBGene00201488.,0,1,1
WBGene00201489.,0,0,0
WBGene00201490.,0,0,0
WBGene00201491.,0,0,0
WBGene00201492.,0,8,8
WBGene00201493.,0,0,0
WBGene00201494.,0,0,0
WBGene00201495.,0,0,0
WBGene00201496.,0,0,0
WBGene00201497.,0,1,1
WBGene00201498.,0,2,2
WBGene00201499.,0,3,3
WBGene00201500.,0,0,0
WBGene00201501.,0,4,4
WBGene00201502.,0,0,0
WBGene00201503.,0,0,0
WBGene00201504.,0,0,0
WBGene00201505.,0,0,0
WBGene00201506.,0,1,1
WBGene00201507.,0,0,0
WBGene00201508.,0,0,0
WBGene00201509.,0,0,0
WBGene00201510.,0,0,0
WBGene00201511.,0,0,0
WBGene00201512.,0,1,1
WBGene00201513.,0,0,0
WBGene00201514.,0,0,0
WBGene00201515.,0,0,0
WBGene00201516.,0,1,1
WBGene00201517.,0,1,1
WBGene00201518.,0,1,1
WBGene00201519.,0,2,2
WBGene00201520.,0,0,0
WBGene00201521.,0,2,2
WBGene00201522.,0,0,0
WBGene00201523.,0,0,0
WBGene00201524.,0,1,1
WBGene00201525.,0,0,0
WBGene00201526.,0,0,0
WBGene00201527.,0,2,2
WBGene00201528.,0,1,1
WBGene00201529.,0,0,0
WBGene00201530.,0,9,9
WBGene00201531.,0,0,0
WBGene00201532.,0,0,0
WBGene00201533.,0,0,0
WBGene00201534.,0,3,3
WBGene00201535.,0,1,1
WBGene00201536.,0,1,1
WBGene00201537.,0,0,0
WBGene00201538.,0,1,1
WBGene00201539.,0,1,1
WBGene00201540.,0,7,7
WBGene00201541.,0,0,0
WBGene00201542.,0,0,0
WBGene00201543.,0,2,2
WBGene00201544.,0,0,0
WBGene00201545.,0,0,0
WBGene00201546.,0,0,0
WBGene00201547.,0,1,1
WBGene00201548.,0,0,0
WBGene00201549.,0,0,0
WBGene00201550.,0,1,1
WBGene00201551.,0,0,0
WBGene00201552.,0,0,0
WBGene00201553.,0,1,1
WBGene00201554.,0,0,0
WBGene00201555.,0,0,0
WBGene00201556.,0,2,2
WBGene00201557.,0,2,2
WBGene00201558.,0,0,0
WBGene00201559.,0,0,0
WBGene00201560.,0,0,0
WBGene00201561.,0,27,27
WBGene00201562.,0,0,0
WBGene00201563.,0,1,1
WBGene00201564.,0,6,6
WBGene00201565.,0,3,3
WBGene00201566.,0,1,1
WBGene00201567.,0,0,0
WBGene00201568.,0,0,0
WBGene00201569.,0,0,0
WBGene00201570.,0,0,0
WBGene00201571.,0,0,0
WBGene00201572.,0,0,0
WBGene00201573.,0,2,2
WBGene00201574.,0,0,0
WBGene00201575.,0,0,0
WBGene00201576.,0,3,3
WBGene00201577.,0,0,0
WBGene00201578.,0,3,3
WBGene00201579.,0,0,0
WBGene00201580.,0,1,1
WBGene00201581.,0,1,1
WBGene00201582.,0,0,0
WBGene00201583.,0,0,0
WBGene00201584.,0,1,1
WBGene00201585.,0,0,0
WBGene00201586.,0,17,17
WBGene00201587.,0,0,0
WBGene00201588.,0,0,0
WBGene00201589.,0,1,1
WBGene00201590.,0,1,1
WBGene00201591.,0,1,1
WBGene00201592.,0,2,2
WBGene00201593.,0,1,1
WBGene00201594.,0,2,2
WBGene00201595.,0,0,0
WBGene00201596.,0,2,2
WBGene00201597.,0,0,0
WBGene00201598.,0,4,4
WBGene00201599.,0,3,3
WBGene00201600.,0,0,0
WBGene00201601.,0,1,1
WBGene00201602.,0,4,4
WBGene00201603.,0,0,0
WBGene00201604.,0,0,0
WBGene00201605.,0,0,0
WBGene00201606.,0,0,0
WBGene00201607.,0,0,0
WBGene00201608.,0,0,0
WBGene00201609.,0,8,8
WBGene00201610.,0,1,1
WBGene00201611.,0,0,0
WBGene00201612.,0,0,0
WBGene00201613.,0,0,0
WBGene00201614.,0,1,1
WBGene00201615.,0,0,0
WBGene00201616.,0,0,0
WBGene00201617.,0,0,0
WBGene00201618.,0,0,0
WBGene00201619.,0,1,1
WBGene00201620.,0,2,2
WBGene00201621.,0,0,0
WBGene00201622.,0,1,1
WBGene00201623.,0,4,4
WBGene00201624.,0,0,0
WBGene00201625.,0,1,1
WBGene00201626.,0,11,11
WBGene00201627.,0,0,0
WBGene00201628.,0,0,0
WBGene00201629.,0,1,1
WBGene00201630.,0,0,0
WBGene00201631.,0,0,0
WBGene00201632.,0,0,0
WBGene00201633.,0,18,18
WBGene00201634.,0,4,4
WBGene00201636.,0,0,0
WBGene00201637.,0,0,0
WBGene00201638.,0,0,0
WBGene00201639.,0,0,0
WBGene00201640.,0,0,0
WBGene00201641.,0,0,0
WBGene00201642.,0,8,8
WBGene00201643.,0,1,1
WBGene00201644.,0,6,6
WBGene00201645.,0,1,1
WBGene00201646.,0,16,16
WBGene00201647.,0,0,0
WBGene00201648.,0,2,2
WBGene00201649.,0,4,4
WBGene00201650.,0,28,28
WBGene00201651.,0,17,17
WBGene00201652.,0,0,0
WBGene00201653.,0,0,0
WBGene00201654.,0,9,9
WBGene00201655.,0,0,0
WBGene00201656.,0,0,0
WBGene00201657.,0,0,0
WBGene00201658.,0,2,2
WBGene00201659.,0,0,0
WBGene00201660.,0,0,0
WBGene00201661.,0,0,0
WBGene00201662.,0,0,0
WBGene00201663.,0,0,0
WBGene00201664.,0,0,0
WBGene00201665.,0,0,0
WBGene00201666.,0,1,1
WBGene00201667.,0,0,0
WBGene00201668.,0,0,0
WBGene00201669.,0,34,34
WBGene00201670.,0,1,1
WBGene00201671.,0,0,0
WBGene00201672.,0,1,1
WBGene00201673.,0,3,3
WBGene00201674.,0,0,0
WBGene00201675.,0,0,0
WBGene00201676.,0,3,3
WBGene00201677.,0,0,0
WBGene00201678.,0,0,0
WBGene00201679.,0,1,1
WBGene00201680.,0,0,0
WBGene00201681.,0,0,0
WBGene00201682.,0,0,0
WBGene00201683.,0,0,0
WBGene00201684.,0,3,3
WBGene00201685.,0,0,0
WBGene00201686.,0,0,0
WBGene00201687.,0,0,0
WBGene00201688.,0,0,0
WBGene00201689.,0,1,1
WBGene00201690.,0,1,1
WBGene00201691.,0,0,0
WBGene00201692.,0,0,0
WBGene00201693.,0,0,0
WBGene00201694.,0,8,8
WBGene00201695.,0,0,0
WBGene00201696.,0,0,0
WBGene00201697.,0,0,0
WBGene00201698.,0,3,3
WBGene00201699.,0,0,0
WBGene00201700.,0,0,0
WBGene00201701.,0,1,1
WBGene00201702.,0,5,5
WBGene00201703.,0,1,1
WBGene00201704.,0,0,0
WBGene00201705.,0,2,2
WBGene00201706.,0,0,0
WBGene00201707.,0,0,0
WBGene00201708.,0,0,0
WBGene00201709.,0,0,0
WBGene00201710.,0,0,0
WBGene00201711.,0,1,1
WBGene00201712.,0,0,0
WBGene00201713.,0,0,0
WBGene00201714.,0,1,1
WBGene00201715.,0,0,0
WBGene00201716.,0,0,0
WBGene00201717.,0,0,0
WBGene00201718.,0,1,1
WBGene00201719.,0,0,0
WBGene00201720.,0,0,0
WBGene00201721.,0,2,2
WBGene00201722.,0,2,2
WBGene00201723.,0,0,0
WBGene00201724.,0,0,0
WBGene00201725.,0,0,0
WBGene00201726.,0,0,0
WBGene00201727.,0,0,0
WBGene00201728.,0,0,0
WBGene00201729.,0,1,1
WBGene00201730.,0,22,22
WBGene00201731.,0,0,0
WBGene00201732.,0,0,0
WBGene00201733.,0,1,1
WBGene00201734.,0,0,0
WBGene00201735.,0,1,1
WBGene00201736.,0,0,0
WBGene00201737.,0,0,0
WBGene00201738.,0,1,1
WBGene00201739.,0,5,5
WBGene00201740.,0,1,1
WBGene00201741.,0,1,1
WBGene00201742.,0,0,0
WBGene00201743.,0,0,0
WBGene00201744.,0,2,2
WBGene00201745.,0,29,29
WBGene00201746.,0,0,0
WBGene00201747.,0,1,1
WBGene00201748.,0,0,0
WBGene00201749.,0,0,0
WBGene00201750.,0,0,0
WBGene00201751.,0,2,2
WBGene00201752.,0,2,2
WBGene00201753.,0,2,2
WBGene00201754.,0,3,3
WBGene00201755.,0,9,9
WBGene00201756.,0,1,1
WBGene00201757.,0,1,1
WBGene00201758.,0,0,0
WBGene00201759.,0,0,0
WBGene00201760.,0,2,2
WBGene00201761.,0,2,2
WBGene00201762.,0,1,1
WBGene00201763.,0,0,0
WBGene00201764.,0,2,2
WBGene00201765.,0,0,0
WBGene00201766.,0,2,2
WBGene00201767.,0,1,1
WBGene00201768.,0,0,0
WBGene00201769.,0,3,3
WBGene00201770.,0,10,10
WBGene00201771.,0,0,0
WBGene00201772.,0,0,0
WBGene00201773.,0,0,0
WBGene00201774.,0,0,0
WBGene00201775.,0,0,0
WBGene00201776.,0,0,0
WBGene00201777.,0,0,0
WBGene00201778.,0,1,1
WBGene00201779.,0,0,0
WBGene00201780.,0,0,0
WBGene00201781.,0,0,0
WBGene00201782.,0,0,0
WBGene00201783.,0,12,12
WBGene00201784.,0,3,3
WBGene00201785.,0,0,0
WBGene00201786.,0,0,0
WBGene00201787.,0,0,0
WBGene00201788.,0,0,0
WBGene00201789.,0,3,3
WBGene00201790.,0,1,1
WBGene00201791.,0,4,4
WBGene00201792.,0,0,0
WBGene00201793.,0,1,1
WBGene00201794.,0,0,0
WBGene00201795.,0,0,0
WBGene00201796.,0,0,0
WBGene00201797.,0,4,4
WBGene00201798.,0,0,0
WBGene00201799.,0,0,0
WBGene00201800.,0,0,0
WBGene00201801.,0,0,0
WBGene00201802.,0,0,0
WBGene00201803.,0,0,0
WBGene00201804.,0,0,0
WBGene00201805.,0,0,0
WBGene00201806.,0,5,5
WBGene00201807.,0,5,5
WBGene00201808.,0,4,4
WBGene00201809.,0,2,2
WBGene00201810.,0,0,0
WBGene00201811.,0,1,1
WBGene00201812.,0,0,0
WBGene00201813.,0,0,0
WBGene00201814.,0,0,0
WBGene00201815.,0,1,1
WBGene00201816.,0,0,0
WBGene00201817.,0,1,1
WBGene00201818.,0,0,0
WBGene00201819.,0,0,0
WBGene00201820.,0,0,0
WBGene00201821.,0,0,0
WBGene00201822.,0,0,0
WBGene00201823.,0,0,0
WBGene00201824.,0,0,0
WBGene00201825.,0,32,32
WBGene00201826.,0,0,0
WBGene00201827.,0,3,3
WBGene00201828.,0,0,0
WBGene00201829.,0,0,0
WBGene00201830.,0,0,0
WBGene00201831.,0,2,2
WBGene00201832.,0,0,0
WBGene00201833.,0,0,0
WBGene00201834.,0,0,0
WBGene00201835.,0,0,0
WBGene00201836.,0,3,3
WBGene00201837.,0,0,0
WBGene00201838.,0,12,12
WBGene00201839.,0,0,0
WBGene00201840.,0,1,1
WBGene00201841.,0,0,0
WBGene00201842.,0,1,1
WBGene00201843.,0,0,0
WBGene00201844.,0,3,3
WBGene00201845.,0,0,0
WBGene00201846.,0,6,6
WBGene00201847.,0,1,1
WBGene00201848.,0,12,12
WBGene00201849.,0,2,2
WBGene00201850.,0,0,0
WBGene00201851.,0,0,0
WBGene00201852.,0,0,0
WBGene00201853.,0,2,2
WBGene00201854.,0,0,0
WBGene00201855.,0,9,9
WBGene00201856.,0,0,0
WBGene00201857.,0,2,2
WBGene00201858.,0,0,0
WBGene00201859.,0,0,0
WBGene00201860.,0,0,0
WBGene00201861.,0,0,0
WBGene00201862.,0,0,0
WBGene00201863.,0,0,0
WBGene00201864.,0,1,1
WBGene00201865.,0,0,0
WBGene00201866.,0,0,0
WBGene00201867.,0,1,1
WBGene00201868.,0,3,3
WBGene00201869.,0,2,2
WBGene00201870.,0,0,0
WBGene00201871.,0,73,73
WBGene00201872.,0,0,0
WBGene00201873.,0,0,0
WBGene00201874.,0,0,0
WBGene00201875.,0,0,0
WBGene00201876.,0,0,0
WBGene00201877.,0,0,0
WBGene00201878.,0,0,0
WBGene00201879.,0,3,3
WBGene00201880.,0,0,0
WBGene00201881.,0,0,0
WBGene00201882.,0,0,0
WBGene00201883.,0,0,0
WBGene00201884.,0,1,1
WBGene00201885.,0,0,0
WBGene00201886.,0,0,0
WBGene00201887.,0,0,0
WBGene00201888.,0,0,0
WBGene00201889.,0,4,4
WBGene00201890.,0,0,0
WBGene00201891.,0,0,0
WBGene00201892.,0,0,0
WBGene00201893.,0,0,0
WBGene00201894.,0,1,1
WBGene00201895.,0,0,0
WBGene00201896.,0,0,0
WBGene00201897.,0,0,0
WBGene00201898.,0,0,0
WBGene00201899.,0,2,2
WBGene00201900.,0,5,5
WBGene00201901.,0,0,0
WBGene00201902.,0,2,2
WBGene00201903.,0,1,1
WBGene00201904.,0,0,0
WBGene00201905.,0,0,0
WBGene00201906.,0,0,0
WBGene00201907.,0,2,2
WBGene00201908.,0,1,1
WBGene00201909.,0,2,2
WBGene00201910.,0,0,0
WBGene00201911.,0,1,1
WBGene00201912.,0,0,0
WBGene00201913.,0,2,2
WBGene00201914.,0,0,0
WBGene00201915.,0,2,2
WBGene00201916.,0,5,5
WBGene00201917.,0,18,18
WBGene00201918.,0,0,0
WBGene00201919.,0,9,9
WBGene00201920.,0,0,0
WBGene00201921.,0,2,2
WBGene00201922.,0,0,0
WBGene00201923.,0,4,4
WBGene00201924.,0,0,0
WBGene00201925.,0,0,0
WBGene00201926.,0,1,1
WBGene00201927.,0,0,0
WBGene00201928.,0,1,1
WBGene00201929.,0,0,0
WBGene00201930.,0,0,0
WBGene00201931.,0,1,1
WBGene00201932.,0,0,0
WBGene00201933.,0,17,17
WBGene00201934.,0,0,0
WBGene00201935.,0,0,0
WBGene00201936.,0,0,0
WBGene00201937.,0,0,0
WBGene00201938.,0,0,0
WBGene00201939.,0,0,0
WBGene00201940.,0,0,0
WBGene00201941.,0,0,0
WBGene00201942.,0,12,12
WBGene00201943.,0,0,0
WBGene00201944.,0,5,5
WBGene00201945.,0,1,1
WBGene00201946.,0,0,0
WBGene00201947.,0,0,0
WBGene00201948.,0,1,1
WBGene00201949.,0,10,10
WBGene00201950.,0,0,0
WBGene00201951.,0,0,0
WBGene00201952.,0,6,6
WBGene00201953.,0,19,19
WBGene00201954.,0,3,3
WBGene00201955.,0,0,0
WBGene00201956.,0,0,0
WBGene00201957.,0,0,0
WBGene00201958.,0,0,0
WBGene00201959.,0,2,2
WBGene00201960.,0,0,0
WBGene00201961.,0,1,1
WBGene00201962.,0,1,1
WBGene00201963.,0,1,1
WBGene00201964.,0,97,97
WBGene00201965.,0,1,1
WBGene00201966.,0,13,13
WBGene00201967.,0,1,1
WBGene00201968.,0,0,0
WBGene00201969.,0,1,1
WBGene00201970.,0,0,0
WBGene00201971.,0,0,0
WBGene00201972.,0,0,0
WBGene00201973.,0,0,0
WBGene00201974.,0,0,0
WBGene00201975.,0,0,0
WBGene00201976.,0,0,0
WBGene00201977.,0,0,0
WBGene00201978.,0,0,0
WBGene00201979.,0,0,0
WBGene00201980.,0,1,1
WBGene00201981.,0,0,0
WBGene00201982.,0,3,3
WBGene00201983.,0,0,0
WBGene00201984.,0,1,1
WBGene00201985.,0,1,1
WBGene00201986.,0,5,5
WBGene00201987.,0,1,1
WBGene00201988.,0,0,0
WBGene00201989.,0,3,3
WBGene00201990.,0,0,0
WBGene00201991.,0,3,3
WBGene00201992.,0,2,2
WBGene00201993.,0,0,0
WBGene00201994.,0,1,1
WBGene00201995.,0,0,0
WBGene00201996.,0,0,0
WBGene00201997.,0,0,0
WBGene00201998.,0,18,18
WBGene00201999.,0,0,0
WBGene00202000.,0,0,0
WBGene00202001.,0,9,9
WBGene00202002.,0,1,1
WBGene00202003.,0,0,0
WBGene00202004.,0,0,0
WBGene00202005.,0,3,3
WBGene00202006.,0,0,0
WBGene00202007.,0,0,0
WBGene00202008.,0,4,4
WBGene00202009.,0,0,0
WBGene00202010.,0,4,4
WBGene00202011.,0,0,0
WBGene00202012.,0,3,3
WBGene00202013.,0,2,2
WBGene00202014.,0,0,0
WBGene00202015.,0,0,0
WBGene00202016.,0,23,23
WBGene00202017.,0,1,1
WBGene00202018.,0,0,0
WBGene00202019.,0,0,0
WBGene00202020.,0,0,0
WBGene00202021.,0,3,3
WBGene00202022.,0,0,0
WBGene00202023.,0,0,0
WBGene00202024.,0,0,0
WBGene00202025.,0,0,0
WBGene00202026.,0,1,1
WBGene00202027.,0,1,1
WBGene00202028.,0,8,8
WBGene00202029.,0,19,19
WBGene00202030.,0,6,6
WBGene00202031.,0,0,0
WBGene00202032.,0,0,0
WBGene00202033.,0,1,1
WBGene00202034.,0,0,0
WBGene00202035.,0,3,3
WBGene00202036.,0,3,3
WBGene00202037.,0,0,0
WBGene00202038.,0,0,0
WBGene00202039.,0,0,0
WBGene00202040.,0,0,0
WBGene00202041.,0,1,1
WBGene00202042.,0,0,0
WBGene00202043.,0,0,0
WBGene00202044.,0,1,1
WBGene00202045.,0,0,0
WBGene00202046.,0,0,0
WBGene00202047.,0,1,1
WBGene00202048.,0,2,2
WBGene00202049.,0,0,0
WBGene00202050.,0,3,3
WBGene00202051.,0,1,1
WBGene00202052.,0,1,1
WBGene00202053.,0,0,0
WBGene00202054.,0,0,0
WBGene00202055.,0,0,0
WBGene00202056.,0,0,0
WBGene00202057.,0,0,0
WBGene00202058.,0,1,1
WBGene00202059.,0,0,0
WBGene00202060.,0,1,1
WBGene00202061.,0,4,4
WBGene00202062.,0,1,1
WBGene00202063.,0,0,0
WBGene00202064.,0,2,2
WBGene00202065.,0,2,2
WBGene00202066.,0,0,0
WBGene00202067.,0,0,0
WBGene00202068.,0,0,0
WBGene00202069.,0,0,0
WBGene00202070.,0,0,0
WBGene00202071.,0,0,0
WBGene00202072.,0,0,0
WBGene00202073.,0,0,0
WBGene00202074.,0,3,3
WBGene00202075.,0,0,0
WBGene00202076.,0,0,0
WBGene00202077.,0,1,1
WBGene00202078.,0,0,0
WBGene00202079.,0,0,0
WBGene00202080.,0,0,0
WBGene00202081.,0,0,0
WBGene00202082.,0,1,1
WBGene00202083.,0,0,0
WBGene00202084.,0,1,1
WBGene00202085.,0,4,4
WBGene00202086.,0,4,4
WBGene00202087.,0,2,2
WBGene00202088.,0,1,1
WBGene00202089.,0,0,0
WBGene00202090.,0,0,0
WBGene00202091.,0,3,3
WBGene00202092.,0,0,0
WBGene00202093.,0,0,0
WBGene00202094.,0,1,1
WBGene00202095.,0,1,1
WBGene00202096.,0,1,1
WBGene00202097.,0,4,4
WBGene00202098.,0,0,0
WBGene00202099.,0,0,0
WBGene00202100.,0,0,0
WBGene00202101.,0,0,0
WBGene00202102.,0,0,0
WBGene00202103.,0,0,0
WBGene00202104.,0,1,1
WBGene00202105.,0,5,5
WBGene00202106.,0,0,0
WBGene00202107.,0,5,5
WBGene00202108.,0,0,0
WBGene00202109.,0,1,1
WBGene00202110.,0,0,0
WBGene00202111.,0,0,0
WBGene00202112.,0,2,2
WBGene00202113.,0,0,0
WBGene00202114.,0,1,1
WBGene00202115.,0,0,0
WBGene00202116.,0,0,0
WBGene00202117.,0,0,0
WBGene00202118.,0,0,0
WBGene00202119.,0,1,1
WBGene00202120.,0,0,0
WBGene00202121.,0,0,0
WBGene00202122.,0,0,0
WBGene00202123.,0,0,0
WBGene00202124.,0,0,0
WBGene00202125.,0,0,0
WBGene00202126.,0,0,0
WBGene00202127.,0,0,0
WBGene00202128.,0,0,0
WBGene00202129.,0,0,0
WBGene00202130.,0,2,2
WBGene00202131.,0,0,0
WBGene00202132.,0,0,0
WBGene00202133.,0,6,6
WBGene00202134.,0,0,0
WBGene00202135.,0,0,0
WBGene00202136.,0,32,32
WBGene00202137.,0,1,1
WBGene00202138.,0,0,0
WBGene00202139.,0,0,0
WBGene00202140.,0,1,1
WBGene00202141.,0,0,0
WBGene00202142.,0,0,0
WBGene00202143.,0,7,7
WBGene00202144.,0,1,1
WBGene00202145.,0,7,7
WBGene00202146.,0,0,0
WBGene00202147.,0,0,0
WBGene00202148.,0,0,0
WBGene00202149.,0,0,0
WBGene00202150.,0,4,4
WBGene00202151.,0,1,1
WBGene00202152.,0,1,1
WBGene00202153.,0,0,0
WBGene00202154.,0,0,0
WBGene00202155.,0,0,0
WBGene00202156.,0,2,2
WBGene00202157.,0,1,1
WBGene00202158.,0,0,0
WBGene00202159.,0,0,0
WBGene00202160.,0,1,1
WBGene00202161.,0,0,0
WBGene00202162.,0,0,0
WBGene00202163.,0,1,1
WBGene00202164.,0,0,0
WBGene00202165.,0,0,0
WBGene00202166.,0,13,13
WBGene00202167.,0,5,5
WBGene00202168.,0,0,0
WBGene00202169.,0,1,1
WBGene00202170.,0,2,2
WBGene00202171.,0,0,0
WBGene00202172.,0,0,0
WBGene00202173.,0,0,0
WBGene00202174.,0,1,1
WBGene00202175.,0,0,0
WBGene00202176.,0,0,0
WBGene00202177.,0,2,2
WBGene00202178.,0,0,0
WBGene00202179.,0,0,0
WBGene00202180.,0,0,0
WBGene00202181.,0,1,1
WBGene00202182.,0,0,0
WBGene00202183.,0,3,3
WBGene00202184.,0,1,1
WBGene00202185.,0,0,0
WBGene00202186.,0,3,3
WBGene00202187.,0,4,4
WBGene00202188.,0,0,0
WBGene00202189.,0,0,0
WBGene00202190.,0,0,0
WBGene00202191.,0,5,5
WBGene00202192.,0,0,0
WBGene00202193.,0,0,0
WBGene00202194.,0,0,0
WBGene00202195.,0,2,2
WBGene00202196.,0,2,2
WBGene00202197.,0,0,0
WBGene00202198.,0,1,1
WBGene00202199.,0,0,0
WBGene00202200.,0,0,0
WBGene00202201.,0,0,0
WBGene00202202.,0,1,1
WBGene00202203.,0,0,0
WBGene00202204.,0,0,0
WBGene00202205.,0,1,1
WBGene00202206.,0,1,1
WBGene00202207.,0,0,0
WBGene00202208.,0,0,0
WBGene00202209.,0,0,0
WBGene00202210.,0,0,0
WBGene00202211.,0,2,2
WBGene00202212.,0,0,0
WBGene00202213.,0,0,0
WBGene00202214.,0,0,0
WBGene00202215.,0,1,1
WBGene00202216.,0,1,1
WBGene00202217.,0,0,0
WBGene00202218.,0,0,0
WBGene00202219.,0,0,0
WBGene00202220.,0,0,0
WBGene00202221.,0,0,0
WBGene00202222.,0,0,0
WBGene00202223.,0,0,0
WBGene00202224.,0,0,0
WBGene00202225.,0,2,2
WBGene00202226.,0,1,1
WBGene00202227.,0,0,0
WBGene00202228.,0,0,0
WBGene00202229.,0,0,0
WBGene00202230.,0,0,0
WBGene00202231.,0,0,0
WBGene00202232.,0,3,3
WBGene00202233.,0,0,0
WBGene00202234.,0,2,2
WBGene00202235.,0,1,1
WBGene00202236.,0,0,0
WBGene00202237.,0,0,0
WBGene00202238.,0,0,0
WBGene00202239.,0,0,0
WBGene00202240.,0,1,1
WBGene00202241.,0,2,2
WBGene00202242.,0,0,0
WBGene00202243.,0,1,1
WBGene00202244.,0,0,0
WBGene00202245.,0,3,3
WBGene00202246.,0,0,0
WBGene00202247.,0,0,0
WBGene00202248.,0,0,0
WBGene00202249.,0,0,0
WBGene00202250.,0,0,0
WBGene00202251.,0,2,2
WBGene00202252.,0,0,0
WBGene00202253.,0,0,0
WBGene00202254.,0,1,1
WBGene00202255.,0,0,0
WBGene00202256.,0,0,0
WBGene00202257.,0,0,0
WBGene00202258.,0,0,0
WBGene00202259.,0,0,0
WBGene00202260.,0,0,0
WBGene00202261.,0,0,0
WBGene00202262.,0,1,1
WBGene00202263.,0,1,1
WBGene00202264.,0,0,0
WBGene00202265.,0,1,1
WBGene00202266.,0,0,0
WBGene00202267.,0,8,8
WBGene00202268.,0,3,3
WBGene00202269.,0,0,0
WBGene00202270.,0,0,0
WBGene00202271.,0,0,0
WBGene00202272.,0,2,2
WBGene00202273.,0,0,0
WBGene00202274.,0,0,0
WBGene00202275.,0,0,0
WBGene00202276.,0,0,0
WBGene00202277.,0,0,0
WBGene00202278.,0,0,0
WBGene00202279.,0,0,0
WBGene00202280.,0,0,0
WBGene00202281.,0,0,0
WBGene00202282.,0,0,0
WBGene00202283.,0,0,0
WBGene00202284.,0,0,0
WBGene00202285.,0,0,0
WBGene00202286.,0,1,1
WBGene00202287.,0,0,0
WBGene00202288.,0,0,0
WBGene00202289.,0,1,1
WBGene00202290.,0,0,0
WBGene00202291.,0,0,0
WBGene00202292.,0,0,0
WBGene00202293.,0,0,0
WBGene00202294.,0,2,2
WBGene00202295.,0,1,1
WBGene00202296.,0,0,0
WBGene00202297.,0,2,2
WBGene00202298.,0,1,1
WBGene00202299.,0,0,0
WBGene00202300.,0,1,1
WBGene00202301.,0,2,2
WBGene00202302.,0,0,0
WBGene00202303.,0,0,0
WBGene00202304.,0,1,1
WBGene00202305.,0,4,4
WBGene00202306.,0,1,1
WBGene00202307.,0,0,0
WBGene00202308.,0,0,0
WBGene00202309.,0,0,0
WBGene00202310.,0,0,0
WBGene00202311.,0,1,1
WBGene00202312.,0,4,4
WBGene00202313.,0,1,1
WBGene00202314.,0,0,0
WBGene00202315.,0,0,0
WBGene00202316.,0,2,2
WBGene00202317.,0,6,6
WBGene00202318.,0,0,0
WBGene00202319.,0,0,0
WBGene00202320.,0,0,0
WBGene00202321.,0,7,7
WBGene00202322.,0,4,4
WBGene00202323.,0,2,2
WBGene00202324.,0,0,0
WBGene00202325.,0,0,0
WBGene00202326.,0,0,0
WBGene00202327.,0,1,1
WBGene00202328.,0,0,0
WBGene00202329.,0,0,0
WBGene00202330.,0,9,9
WBGene00202331.,0,0,0
WBGene00202332.,0,2,2
WBGene00202333.,0,2,2
WBGene00202334.,0,0,0
WBGene00202335.,0,0,0
WBGene00202336.,0,0,0
WBGene00202337.,0,0,0
WBGene00202338.,0,0,0
WBGene00202339.,0,0,0
WBGene00202340.,0,6,6
WBGene00202341.,0,0,0
WBGene00202342.,0,0,0
WBGene00202343.,0,0,0
WBGene00202344.,0,0,0
WBGene00202345.,0,0,0
WBGene00202346.,0,0,0
WBGene00202347.,0,0,0
WBGene00202348.,0,0,0
WBGene00202349.,0,1,1
WBGene00202350.,0,1,1
WBGene00202351.,0,0,0
WBGene00202352.,0,0,0
WBGene00202353.,0,0,0
WBGene00202354.,0,0,0
WBGene00202355.,0,3,3
WBGene00202356.,0,0,0
WBGene00202357.,0,0,0
WBGene00202358.,0,0,0
WBGene00202359.,0,3,3
WBGene00202360.,0,0,0
WBGene00202361.,0,0,0
WBGene00202362.,0,0,0
WBGene00202363.,0,0,0
WBGene00202364.,0,0,0
WBGene00202365.,0,0,0
WBGene00202366.,0,0,0
WBGene00202367.,0,0,0
WBGene00202368.,0,2,2
WBGene00202369.,0,0,0
WBGene00202370.,0,3,3
WBGene00202371.,0,0,0
WBGene00202372.,0,0,0
WBGene00202373.,0,0,0
WBGene00202374.,0,0,0
WBGene00202375.,0,0,0
WBGene00202376.,0,3,3
WBGene00202377.,0,0,0
WBGene00202378.,0,0,0
WBGene00202379.,0,0,0
WBGene00202380.,0,0,0
WBGene00202381.,0,0,0
WBGene00202382.,0,0,0
WBGene00202383.,0,1,1
WBGene00202384.,0,1,1
WBGene00202385.,0,0,0
WBGene00202386.,0,0,0
WBGene00202387.,0,0,0
WBGene00202388.,0,0,0
WBGene00202389.,0,3,3
WBGene00202390.,0,2,2
WBGene00202391.,0,0,0
WBGene00202392.,0,0,0
WBGene00202393.,0,0,0
WBGene00202394.,0,0,0
WBGene00202395.,0,5,5
WBGene00202396.,0,0,0
WBGene00202397.,0,1,1
WBGene00202398.,0,0,0
WBGene00202399.,0,0,0
WBGene00202400.,0,37,37
WBGene00202401.,0,0,0
WBGene00202402.,0,0,0
WBGene00202403.,0,0,0
WBGene00202404.,0,4,4
WBGene00202405.,0,0,0
WBGene00202406.,0,2,2
WBGene00202407.,0,2,2
WBGene00202408.,0,0,0
WBGene00202409.,0,0,0
WBGene00202410.,0,83,83
WBGene00202411.,0,0,0
WBGene00202412.,0,0,0
WBGene00202413.,0,1,1
WBGene00202414.,0,0,0
WBGene00202415.,0,0,0
WBGene00202416.,0,0,0
WBGene00202417.,0,0,0
WBGene00202418.,0,0,0
WBGene00202419.,0,0,0
WBGene00202420.,0,0,0
WBGene00202421.,0,1,1
WBGene00202422.,0,1,1
WBGene00202423.,0,1,1
WBGene00202424.,0,4,4
WBGene00202425.,0,6,6
WBGene00202426.,0,0,0
WBGene00202427.,0,0,0
WBGene00202428.,0,0,0
WBGene00202429.,0,5,5
WBGene00202430.,0,0,0
WBGene00202431.,0,0,0
WBGene00202432.,0,1,1
WBGene00202433.,0,0,0
WBGene00202434.,0,1,1
WBGene00202435.,0,0,0
WBGene00202436.,0,2,2
WBGene00202437.,0,0,0
WBGene00202438.,0,1,1
WBGene00202439.,0,0,0
WBGene00202440.,0,0,0
WBGene00202441.,0,1,1
WBGene00202442.,0,0,0
WBGene00202443.,0,0,0
WBGene00202444.,0,0,0
WBGene00202445.,0,0,0
WBGene00202446.,0,0,0
WBGene00202447.,0,1,1
WBGene00202448.,0,1,1
WBGene00202449.,0,10,10
WBGene00202450.,0,0,0
WBGene00202451.,0,0,0
WBGene00202452.,0,0,0
WBGene00202453.,0,0,0
WBGene00202454.,0,0,0
WBGene00202455.,0,0,0
WBGene00202456.,0,0,0
WBGene00202457.,0,0,0
WBGene00202458.,0,1,1
WBGene00202459.,0,0,0
WBGene00202460.,0,3,3
WBGene00202461.,0,0,0
WBGene00202462.,0,0,0
WBGene00202463.,0,2,2
WBGene00202464.,0,0,0
WBGene00202465.,0,0,0
WBGene00202466.,0,0,0
WBGene00202467.,0,0,0
WBGene00202468.,0,0,0
WBGene00202469.,0,2,2
WBGene00202470.,0,1,1
WBGene00202471.,0,2,2
WBGene00202472.,0,1,1
WBGene00202473.,0,0,0
WBGene00202474.,0,0,0
WBGene00202475.,0,1,1
WBGene00202476.,0,3,3
WBGene00202477.,0,0,0
WBGene00202478.,0,0,0
WBGene00202479.,0,0,0
WBGene00202480.,0,1,1
WBGene00202481.,0,0,0
WBGene00202482.,0,0,0
WBGene00202483.,0,0,0
WBGene00202484.,0,2,2
WBGene00202485.,0,2,2
WBGene00202486.,0,0,0
WBGene00202487.,0,0,0
WBGene00202488.,0,0,0
WBGene00202489.,0,0,0
WBGene00202490.,0,2,2
WBGene00202491.,0,0,0
WBGene00202492.,0,0,0
WBGene00202493.,0,3,3
WBGene00202494.,0,0,0
WBGene00202495.,0,0,0
WBGene00202496.,3,12,15
WBGene00202497.,2,1,3
WBGene00202498.,7,24,31
WBGene00202499.,0,1,1
WBGene00202500.,5,1,6
WBGene00202501.,0,4,4
WBGene00202502.,0,2,2
WBGene00202504.,0,0,0
WBGene00202511.,1,2,3
WBGene00202512.,19,63,82
WBGene00202513.,6,67,73
WBGene00202514.,2,11,13
WBGene00206354.,1,16,17
WBGene00206355.,0,14,14
WBGene00206356.,32,564,596
WBGene00206357.,3,3,6
WBGene00206358.,0,0,0
WBGene00206359.,4,5,9
WBGene00206360.,0,0,0
WBGene00206361.,8,150,158
WBGene00206362.,54,170,224
WBGene00206363.,0,1,1
WBGene00206364.,3,10,13
WBGene00206365.,0,4,4
WBGene00206366.,2,12,14
WBGene00206368.,0,0,0
WBGene00206369.,0,0,0
WBGene00206370.,1,10,11
WBGene00206371.,4,110,114
WBGene00206372.,2,3,5
WBGene00206373.,14,117,131
WBGene00206374.,60,132,192
WBGene00206375.,0,6,6
WBGene00206377.,2,23,25
WBGene00206378.,11,5,16
WBGene00206379.,0,4,4
WBGene00206380.,60,876,936
WBGene00206381.,2,14,16
WBGene00206382.,34,294,328
WBGene00206383.,0,1,1
WBGene00206384.,20,19,39
WBGene00206385.,0,0,0
WBGene00206386.,0,4,4
WBGene00206388.,0,0,0
WBGene00206389.,0,3,3
WBGene00206390.,1,2,3
WBGene00206391.,0,0,0
WBGene00206392.,7,9,16
WBGene00206393.,1,6,7
WBGene00206394.,0,0,0
WBGene00206395.,0,0,0
WBGene00206411.,1,6,7
WBGene00206412.,2,8,10
WBGene00206413.,1,3,4
WBGene00206414.,1,18,19
WBGene00206415.,4,12,16
WBGene00206416.,8,19,27
WBGene00206417.,54,543,597
WBGene00206418.,0,19,19
WBGene00206420.,1,96,97
WBGene00206421.,0,0,0
WBGene00206422.,0,0,0
WBGene00206423.,0,961,961
WBGene00206459.,37,280,317
WBGene00206460.,0,6,6
WBGene00206461.,9,43,52
WBGene00206462.,0,12,12
WBGene00206464.,0,957,957
WBGene00206466.,3,45,48
WBGene00206468.,0,0,0
WBGene00206469.,16,29,45
WBGene00206470.,0,2,2
WBGene00206471.,4,6,10
WBGene00206473.,0,15,15
WBGene00206474.,12,47,59
WBGene00206475.,2,4,6
WBGene00206477.,1,1,2
WBGene00206478.,0,2,2
WBGene00206479.,5,3,8
WBGene00206481.,0,0,0
WBGene00206482.,2,12,14
WBGene00206483.,0,2,2
WBGene00206484.,17,63,80
WBGene00206485.,1,1,2
WBGene00206486.,18,13,31
WBGene00206487.,16,372,388
WBGene00206488.,58,49,107
WBGene00206489.,10,6,16
WBGene00206490.,0,0,0
WBGene00206491.,4,23,27
WBGene00206492.,0,0,0
WBGene00206493.,0,1,1
WBGene00206494.,0,1,1
WBGene00206495.,2,3,5
WBGene00206496.,1,0,1
WBGene00206497.,4,4,8
WBGene00206498.,0,0,0
WBGene00206499.,0,0,0
WBGene00206500.,0,0,0
WBGene00206501.,0,0,0
WBGene00206502.,1,1,2
WBGene00206503.,0,0,0
WBGene00206504.,0,0,0
WBGene00206505.,8,143,151
WBGene00206506.,1,0,1
WBGene00206507.,0,1,1
WBGene00206508.,1,0,1
WBGene00206509.,0,0,0
WBGene00206510.,0,0,0
WBGene00206511.,2,1,3
WBGene00206512.,1,17,18
WBGene00206513.,0,4,4
WBGene00206514.,3,2,5
WBGene00206515.,1,4,5
WBGene00206516.,219,0,219
WBGene00206517.,4,55,59
WBGene00206518.,0,1,1
WBGene00206519.,0,1,1
WBGene00206520.,1,1,2
WBGene00206521.,0,0,0
WBGene00206522.,55,1397,1452
WBGene00206523.,0,0,0
WBGene00206524.,1,12,13
WBGene00206525.,53,372,425
WBGene00206526.,2,5,7
WBGene00206527.,3,13,16
WBGene00206528.,0,23,23
WBGene00206529.,40,122,162
WBGene00206530.,14,24,38
WBGene00206531.,0,1,1
WBGene00206532.,397,289,686
WBGene00206533.,64,68,132
WBGene00206534.,0,0,0
WBGene00206535.,8,2,10
WBGene00206536.,4,0,4
WBGene00206537.,3,3,6
WBGene00206538.,11,133,144
WBGene00215616.,35,98,133
WBGene00219205.,0,2,2
WBGene00219206.,2,96,98
WBGene00219207.,0,815,815
WBGene00219208.,35,443,478
WBGene00219209.,11,11,22
WBGene00219210.,3,31,34
WBGene00219212.,0,0,0
WBGene00219214.,1,0,1
WBGene00219215.,0,0,0
WBGene00219216.,3,4,7
WBGene00219217.,0,0,0
WBGene00219218.,2,9,11
WBGene00219219.,0,0,0
WBGene00219220.,0,9,9
WBGene00219221.,0,9,9
WBGene00219222.,0,0,0
WBGene00219223.,0,0,0
WBGene00219224.,0,0,0
WBGene00219225.,0,0,0
WBGene00219226.,0,0,0
WBGene00219227.,0,0,0
WBGene00219228.,0,0,0
WBGene00219229.,0,3,3
WBGene00219230.,0,0,0
WBGene00219231.,0,0,0
WBGene00219232.,0,0,0
WBGene00219233.,0,0,0
WBGene00219234.,1,0,1
WBGene00219235.,3,28,31
WBGene00219236.,21,336,357
WBGene00219238.,0,0,0
WBGene00219239.,0,0,0
WBGene00219241.,4,3,7
WBGene00219242.,0,0,0
WBGene00219243.,32,44,76
WBGene00219244.,0,1,1
WBGene00219245.,0,0,0
WBGene00219246.,0,0,0
WBGene00219247.,0,0,0
WBGene00219248.,0,0,0
WBGene00219249.,0,0,0
WBGene00219250.,0,0,0
WBGene00219251.,0,0,0
WBGene00219252.,0,0,0
WBGene00219253.,0,0,0
WBGene00219254.,0,0,0
WBGene00219255.,0,0,0
WBGene00219256.,0,0,0
WBGene00219257.,0,0,0
WBGene00219258.,0,0,0
WBGene00219259.,0,0,0
WBGene00219260.,0,0,0
WBGene00219261.,0,0,0
WBGene00219262.,0,0,0
WBGene00219263.,0,0,0
WBGene00219264.,0,1,1
WBGene00219265.,0,3,3
WBGene00219266.,0,1,1
WBGene00219267.,0,5,5
WBGene00219269.,0,0,0
WBGene00219270.,0,1,1
WBGene00219271.,0,2,2
WBGene00219272.,15,3,18
WBGene00219274.,18,39,57
WBGene00219275.,258,1712,1970
WBGene00219278.,1,2,3
WBGene00219279.,0,2,2
WBGene00219280.,5,44,49
WBGene00219281.,23,10,33
WBGene00219282.,0,8,8
WBGene00219283.,144,44,188
WBGene00219284.,2,1,3
WBGene00219285.,6,10,16
WBGene00219286.,1,17,18
WBGene00219287.,68,608,676
WBGene00219288.,28,72,100
WBGene00219289.,451,410,861
WBGene00219290.,0,0,0
WBGene00219291.,0,0,0
WBGene00219292.,3,16,19
WBGene00219293.,0,4,4
WBGene00219294.,2,28,30
WBGene00219295.,16,8,24
WBGene00219296.,1,4,5
WBGene00219297.,6,1,7
WBGene00219298.,1,5,6
WBGene00219299.,3,5,8
WBGene00219300.,3,28,31
WBGene00219301.,0,0,0
WBGene00219302.,0,69,69
WBGene00219303.,17,55,72
WBGene00219304.,89,1845,1934
WBGene00219306.,20,327,347
WBGene00219307.,238,1879,2117
WBGene00219308.,0,0,0
WBGene00219309.,1,39,40
WBGene00219310.,0,2,2
WBGene00219311.,0,0,0
WBGene00219312.,0,0,0
WBGene00219313.,27,913,940
WBGene00219314.,1,0,1
WBGene00219315.,0,1,1
WBGene00219316.,3,15,18
WBGene00219317.,5,9,14
WBGene00219318.,0,0,0
WBGene00219319.,13,8,21
WBGene00219321.,0,0,0
WBGene00219322.,1,0,1
WBGene00219323.,0,0,0
WBGene00219324.,0,0,0
WBGene00219325.,8,6,14
WBGene00219326.,0,2,2
WBGene00219327.,0,2,2
WBGene00219329.,155,165,320
WBGene00219330.,2,0,2
WBGene00219331.,1,1,2
WBGene00219332.,14,1,15
WBGene00219337.,79,57,136
WBGene00219342.,2,1,3
WBGene00219343.,0,62,62
WBGene00219351.,4,7,11
WBGene00219352.,2,1,3
WBGene00219362.,85,156,241
WBGene00219368.,0,2,2
WBGene00219369.,0,2,2
WBGene00219370.,0,0,0
WBGene00219371.,3,6,9
WBGene00219373.,7,326,333
WBGene00219374.,15,7,22
WBGene00219375.,29,128,157
WBGene00219376.,1,21,22
WBGene00219377.,2,4,6
WBGene00219378.,0,0,0
WBGene00219381.,2,0,2
WBGene00219383.,0,1,1
WBGene00219394.,0,0,0
WBGene00219395.,0,0,0
WBGene00219399.,12,20,32
WBGene00219410.,17,10,27
WBGene00219411.,4,4,8
WBGene00219412.,0,7,7
WBGene00219413.,2,45,47
WBGene00219414.,0,0,0
WBGene00219415.,9,43,52
WBGene00219416.,0,2,2
WBGene00219417.,3,5,8
WBGene00219418.,0,1,1
WBGene00219420.,0,65,65
WBGene00219421.,0,6,6
WBGene00219422.,5,8,13
WBGene00219423.,0,3,3
WBGene00219424.,1,9,10
WBGene00219425.,68,81,149
WBGene00219434.,0,0,0
WBGene00219436.,6,23,29
WBGene00219437.,0,1,1
WBGene00219442.,2,6,8
WBGene00219443.,0,0,0
WBGene00219444.,41,25,66
WBGene00219445.,0,0,0
WBGene00219446.,0,1,1
WBGene00219447.,0,0,0
WBGene00219448.,11,51,62
WBGene00219449.,2,2,4
WBGene00219450.,7,84,91
WBGene00219451.,3,85,88
WBGene00219452.,0,2,2
WBGene00219453.,0,0,0
WBGene00219454.,0,0,0
WBGene00219455.,0,5,5
WBGene00219456.,0,2,2
WBGene00219458.,0,1,1
WBGene00219460.,6,2,8
WBGene00219476.,3,7,10
WBGene00219477.,0,0,0
WBGene00219478.,0,0,0
WBGene00219483.,1,0,1
WBGene00219489.,0,1,1
WBGene00219490.,0,7,7
WBGene00219491.,0,0,0
WBGene00219492.,0,0,0
WBGene00219493.,0,2,2
WBGene00219497.,0,2,2
WBGene00219498.,2,5,7
WBGene00219544.,0,0,0
WBGene00219545.,0,1,1
WBGene00219546.,7,8,15
WBGene00219547.,0,0,0
WBGene00219548.,0,64,64
WBGene00219549.,0,0,0
WBGene00219550.,0,0,0
WBGene00219551.,0,3,3
WBGene00219552.,25,0,25
WBGene00219553.,0,0,0
WBGene00219554.,0,1,1
WBGene00219555.,0,1,1
WBGene00219556.,0,0,0
WBGene00219557.,12,30,42
WBGene00219558.,0,0,0
WBGene00219559.,0,308,308
WBGene00219560.,0,0,0
WBGene00219561.,0,0,0
WBGene00219562.,8,9,17
WBGene00219563.,34,6,40
WBGene00219564.,0,0,0
WBGene00219565.,3,5,8
WBGene00219566.,0,17,17
WBGene00219567.,7,20,27
WBGene00219568.,0,2,2
WBGene00219569.,0,19,19
WBGene00219570.,19,28,47
WBGene00219571.,14,165,179
WBGene00219572.,113,8,121
WBGene00219573.,0,3,3
WBGene00219574.,0,5,5
WBGene00219575.,34,170,204
WBGene00219576.,0,0,0
WBGene00219577.,0,2,2
WBGene00219578.,0,8,8
WBGene00219579.,0,0,0
WBGene00219580.,0,0,0
WBGene00219581.,0,219,219
WBGene00219582.,0,15,15
WBGene00219583.,3,12,15
WBGene00219584.,0,1,1
WBGene00219585.,0,0,0
WBGene00219586.,47,27,74
WBGene00219587.,0,7,7
WBGene00219588.,2,6,8
WBGene00219589.,25,135,160
WBGene00219590.,0,122,122
WBGene00219591.,0,29,29
WBGene00219592.,0,140,140
WBGene00219593.,0,0,0
WBGene00219594.,0,0,0
WBGene00219596.,5,5,10
WBGene00219597.,0,0,0
WBGene00219598.,4,27,31
WBGene00219599.,0,1,1
WBGene00219600.,173,59,232
WBGene00219601.,56,68,124
WBGene00219602.,0,103,103
WBGene00219603.,2,3,5
WBGene00219604.,0,2,2
WBGene00219605.,108,97,205
WBGene00219606.,2,43,45
WBGene00219607.,0,1,1
WBGene00219608.,0,41,41
WBGene00219609.,0,7185,7185
WBGene00219610.,0,17,17
WBGene00219611.,0,0,0
WBGene00219612.,3,25,28
WBGene00219613.,98,2,100
WBGene00219614.,23,15,38
WBGene00219615.,36,61,97
WBGene00219616.,0,0,0
WBGene00219617.,22,144,166
WBGene00219618.,0,52,52
WBGene00219619.,10,46,56
WBGene00219620.,35,4,39
WBGene00219621.,0,0,0
WBGene00219622.,0,0,0
WBGene00219623.,0,0,0
WBGene00219624.,0,0,0
WBGene00219625.,40,38,78
WBGene00219626.,1,3,4
WBGene00219627.,12,24,36
WBGene00219628.,0,4,4
WBGene00219629.,10,18,28
WBGene00219630.,77,11,88
WBGene00219631.,0,0,0
WBGene00219632.,1,1,2
WBGene00219633.,0,30,30
WBGene00219634.,0,0,0
WBGene00219635.,0,0,0
WBGene00219636.,74,186,260
WBGene00219637.,0,4,4
WBGene00219638.,0,7,7
WBGene00219639.,1,15,16
WBGene00219640.,3,4,7
WBGene00219641.,35,168,203
WBGene00219642.,22,2,24
WBGene00219643.,0,0,0
WBGene00219644.,3,1,4
WBGene00219645.,13,4,17
WBGene00219646.,0,0,0
WBGene00219647.,230,500,730
WBGene00219648.,0,5,5
WBGene00219649.,0,103,103
WBGene00219650.,0,129,129
WBGene00219651.,0,13,13
WBGene00219652.,0,0,0
WBGene00219653.,0,3,3
WBGene00219654.,5,16,21
WBGene00219655.,0,9,9
WBGene00219656.,5,1,6
WBGene00219657.,0,6,6
WBGene00219658.,1,2,3
WBGene00219659.,0,42,42
WBGene00219660.,0,8,8
WBGene00219661.,7,29,36
WBGene00219662.,0,1,1
WBGene00219663.,0,0,0
WBGene00219664.,0,64,64
WBGene00219665.,5,8,13
WBGene00219666.,83,10,93
WBGene00219667.,2,2,4
WBGene00219668.,0,1,1
WBGene00219669.,0,6,6
WBGene00219670.,0,0,0
WBGene00219671.,0,2,2
WBGene00219672.,61,98,159
WBGene00219673.,2,29,31
WBGene00219674.,0,3,3
WBGene00219675.,0,324,324
WBGene00219676.,0,20,20
WBGene00219677.,0,6,6
WBGene00219678.,32,207,239
WBGene00219679.,2,6,8
WBGene00219680.,0,105,105
WBGene00219681.,1,34,35
WBGene00219682.,0,45,45
WBGene00219683.,16,15,31
WBGene00219684.,0,3,3
WBGene00219685.,1,0,1
WBGene00219686.,3,34,37
WBGene00219687.,39,149,188
WBGene00219688.,7,26,33
WBGene00219689.,1,5,6
WBGene00219690.,0,0,0
WBGene00219691.,2,6,8
WBGene00219692.,0,0,0
WBGene00219693.,0,0,0
WBGene00219694.,1,8,9
WBGene00219695.,44,76,120
WBGene00219696.,0,3,3
WBGene00219697.,0,125,125
WBGene00219698.,0,0,0
WBGene00219699.,90,656,746
WBGene00219700.,0,66,66
WBGene00219701.,4,37,41
WBGene00219702.,0,4,4
WBGene00219703.,0,2,2
WBGene00219704.,0,2,2
WBGene00219705.,0,0,0
WBGene00219706.,0,0,0
WBGene00219707.,318,1486,1804
WBGene00219708.,39,286,325
WBGene00219709.,0,1,1
WBGene00219710.,0,24,24
WBGene00219711.,97,186,283
WBGene00219712.,5,7,12
WBGene00219713.,0,17,17
WBGene00219714.,0,0,0
WBGene00219715.,5,22,27
WBGene00219716.,0,1,1
WBGene00219717.,0,0,0
WBGene00219718.,22,83,105
WBGene00219719.,146,109,255
WBGene00219720.,0,551,551
WBGene00219721.,1,42,43
WBGene00219722.,0,109,109
WBGene00219723.,4,2,6
WBGene00219724.,0,0,0
WBGene00219725.,0,4,4
WBGene00219726.,0,1,1
WBGene00219727.,5,14,19
WBGene00219728.,0,38,38
WBGene00219729.,0,24,24
WBGene00219730.,0,18,18
WBGene00219731.,0,2,2
WBGene00219732.,3,2,5
WBGene00219733.,4,0,4
WBGene00219734.,0,100,100
WBGene00219735.,0,5,5
WBGene00219736.,15,67,82
WBGene00219737.,3,2,5
WBGene00219738.,0,27,27
WBGene00219739.,32,33,65
WBGene00219740.,1,2,3
WBGene00219741.,0,0,0
WBGene00219742.,0,15,15
WBGene00219743.,36,124,160
WBGene00219744.,0,0,0
WBGene00219745.,13,10,23
WBGene00219746.,0,207,207
WBGene00219747.,0,0,0
WBGene00219748.,8,62,70
WBGene00219749.,0,48,48
WBGene00219750.,0,1,1
WBGene00219751.,0,5,5
WBGene00219752.,0,3,3
WBGene00219753.,2,49,51
WBGene00219754.,5,3,8
WBGene00219755.,33,236,269
WBGene00219756.,25,203,228
WBGene00219757.,0,0,0
WBGene00219758.,6,537,543
WBGene00219759.,0,0,0
WBGene00219760.,0,0,0
WBGene00219761.,0,0,0
WBGene00219762.,4,2,6
WBGene00219763.,3,22,25
WBGene00219764.,0,1,1
WBGene00219765.,136,9,145
WBGene00219766.,0,4,4
WBGene00219767.,10,0,10
WBGene00219768.,0,5,5
WBGene00219769.,2,4,6
WBGene00219770.,2,5,7
WBGene00219771.,57,434,491
WBGene00219772.,0,0,0
WBGene00219773.,0,3,3
WBGene00219774.,4,4,8
WBGene00219775.,3,4,7
WBGene00219776.,0,0,0
WBGene00219777.,0,0,0
WBGene00219778.,0,0,0
WBGene00219779.,0,0,0
WBGene00219780.,0,0,0
WBGene00219781.,0,4,4
WBGene00219782.,0,0,0
WBGene00219783.,0,0,0
WBGene00219784.,0,0,0
WBGene00219785.,0,0,0
WBGene00219786.,0,1,1
WBGene00219787.,0,0,0
WBGene00219788.,0,3,3
WBGene00219789.,0,0,0
WBGene00219790.,0,0,0
WBGene00219791.,0,1,1
WBGene00219792.,0,0,0
WBGene00219793.,0,1,1
WBGene00219794.,0,0,0
WBGene00219795.,0,0,0
WBGene00219796.,0,26,26
WBGene00219797.,0,0,0
WBGene00219798.,0,7,7
WBGene00219799.,0,4,4
WBGene00219800.,0,285,285
WBGene00219801.,0,81,81
WBGene00219803.,0,17,17
WBGene00219804.,0,0,0
WBGene00219805.,0,1,1
WBGene00219806.,0,0,0
WBGene00219807.,0,0,0
WBGene00219808.,0,0,0
WBGene00219809.,0,2,2
WBGene00219810.,0,7,7
WBGene00219811.,0,3,3
WBGene00219812.,0,0,0
WBGene00219813.,0,0,0
WBGene00219814.,0,0,0
WBGene00219815.,0,1,1
WBGene00219816.,0,764,764
WBGene00219817.,0,0,0
WBGene00219818.,0,1,1
WBGene00219819.,0,0,0
WBGene00219820.,0,0,0
WBGene00219821.,0,2,2
WBGene00219822.,0,26,26
WBGene00219823.,0,5,5
WBGene00219824.,0,8,8
WBGene00219825.,0,2,2
WBGene00219826.,0,0,0
WBGene00219827.,0,8,8
WBGene00219828.,0,0,0
WBGene00219829.,0,2,2
WBGene00219830.,0,0,0
WBGene00219831.,0,0,0
WBGene00219832.,0,1,1
WBGene00219833.,0,5,5
WBGene00219834.,0,14,14
WBGene00219835.,0,4,4
WBGene00219836.,0,3,3
WBGene00219837.,0,0,0
WBGene00219838.,38,45,83
WBGene00219839.,0,3,3
WBGene00219840.,0,0,0
WBGene00219841.,0,10,10
WBGene00219842.,0,0,0
WBGene00219843.,0,0,0
WBGene00219844.,0,0,0
WBGene00219845.,0,0,0
WBGene00219846.,0,6,6
WBGene00219847.,0,0,0
WBGene00219848.,0,0,0
WBGene00219849.,0,55733,55733
WBGene00219850.,0,5,5
WBGene00219851.,0,13,13
WBGene00219852.,0,0,0
WBGene00219853.,0,0,0
WBGene00219854.,0,0,0
WBGene00219855.,0,0,0
WBGene00219856.,0,0,0
WBGene00219857.,0,0,0
WBGene00219858.,0,0,0
WBGene00219859.,0,5,5
WBGene00219860.,0,0,0
WBGene00219861.,0,0,0
WBGene00219862.,0,0,0
WBGene00219863.,0,4,4
WBGene00219864.,0,0,0
WBGene00219865.,0,0,0
WBGene00219866.,0,0,0
WBGene00219867.,0,0,0
WBGene00219868.,0,25,25
WBGene00219869.,0,3,3
WBGene00219870.,0,0,0
WBGene00219871.,0,0,0
WBGene00219872.,0,0,0
WBGene00219873.,0,0,0
WBGene00219874.,0,0,0
WBGene00219875.,0,0,0
WBGene00219876.,0,0,0
WBGene00219877.,0,0,0
WBGene00219878.,0,0,0
WBGene00219879.,0,0,0
WBGene00219880.,0,0,0
WBGene00219881.,0,0,0
WBGene00219882.,0,3,3
WBGene00219883.,0,1,1
WBGene00219884.,0,0,0
WBGene00219885.,0,14,14
WBGene00219886.,0,16776,16776
WBGene00219887.,0,0,0
WBGene00219888.,0,9,9
WBGene00219889.,0,0,0
WBGene00219890.,0,0,0
WBGene00219891.,0,0,0
WBGene00219892.,0,1,1
WBGene00219893.,0,0,0
WBGene00219894.,0,0,0
WBGene00219895.,0,25,25
WBGene00219896.,0,0,0
WBGene00219897.,0,0,0
WBGene00219898.,0,0,0
WBGene00219899.,0,18,18
WBGene00219900.,0,0,0
WBGene00219901.,0,0,0
WBGene00219902.,0,0,0
WBGene00219903.,0,0,0
WBGene00219904.,0,0,0
WBGene00219905.,0,0,0
WBGene00219906.,0,10,10
WBGene00219907.,0,0,0
WBGene00219908.,0,0,0
WBGene00219909.,0,30,30
WBGene00219910.,0,0,0
WBGene00219911.,0,8,8
WBGene00219912.,0,59,59
WBGene00219913.,0,0,0
WBGene00219914.,0,0,0
WBGene00219915.,0,0,0
WBGene00219916.,0,0,0
WBGene00219917.,0,0,0
WBGene00219918.,0,0,0
WBGene00219919.,0,0,0
WBGene00219920.,0,0,0
WBGene00219921.,0,1,1
WBGene00219922.,0,0,0
WBGene00219923.,0,4,4
WBGene00219924.,0,0,0
WBGene00219925.,0,0,0
WBGene00219926.,0,23,23
WBGene00219927.,0,0,0
WBGene00219928.,0,0,0
WBGene00219929.,0,0,0
WBGene00219930.,0,4,4
WBGene00219931.,0,0,0
WBGene00219932.,0,0,0
WBGene00219933.,0,1,1
WBGene00219934.,0,0,0
WBGene00219935.,0,24,24
WBGene00219936.,0,0,0
WBGene00219937.,0,1,1
WBGene00219938.,0,1,1
WBGene00219939.,0,0,0
WBGene00219940.,0,0,0
WBGene00219941.,0,0,0
WBGene00219942.,0,3,3
WBGene00219943.,0,1,1
WBGene00219944.,0,0,0
WBGene00219945.,0,2,2
WBGene00219946.,0,0,0
WBGene00219947.,0,0,0
WBGene00219948.,0,0,0
WBGene00219949.,0,5,5
WBGene00219950.,0,523,523
WBGene00219951.,0,0,0
WBGene00219952.,0,2,2
WBGene00219953.,0,4,4
WBGene00219954.,0,0,0
WBGene00219955.,0,0,0
WBGene00219956.,0,0,0
WBGene00219957.,0,17,17
WBGene00219958.,0,10,10
WBGene00219959.,0,372,372
WBGene00219960.,0,0,0
WBGene00219961.,0,0,0
WBGene00219962.,0,1,1
WBGene00219963.,0,2,2
WBGene00219964.,0,0,0
WBGene00219965.,0,0,0
WBGene00219966.,0,0,0
WBGene00219967.,0,1,1
WBGene00219968.,0,4,4
WBGene00219969.,0,0,0
WBGene00219970.,0,4,4
WBGene00219971.,0,0,0
WBGene00219972.,0,15,15
WBGene00219973.,0,0,0
WBGene00219974.,0,0,0
WBGene00219975.,0,0,0
WBGene00219976.,0,15,15
WBGene00219977.,0,1,1
WBGene00219978.,0,0,0
WBGene00219979.,0,6,6
WBGene00219980.,0,0,0
WBGene00219981.,0,0,0
WBGene00219982.,0,0,0
WBGene00219983.,0,0,0
WBGene00219984.,0,0,0
WBGene00219985.,0,0,0
WBGene00219986.,0,0,0
WBGene00219987.,0,30,30
WBGene00219988.,0,0,0
WBGene00219989.,0,0,0
WBGene00219990.,0,0,0
WBGene00219991.,0,0,0
WBGene00219992.,0,0,0
WBGene00219994.,0,0,0
WBGene00219995.,0,5,5
WBGene00219996.,0,3,3
WBGene00219997.,0,0,0
WBGene00219998.,0,2,2
WBGene00219999.,0,0,0
WBGene00220000.,0,65,65
WBGene00220001.,0,0,0
WBGene00220002.,0,0,0
WBGene00220003.,0,0,0
WBGene00220004.,0,0,0
WBGene00220005.,0,6,6
WBGene00220006.,0,0,0
WBGene00220007.,0,0,0
WBGene00220008.,0,0,0
WBGene00220009.,0,0,0
WBGene00220010.,0,0,0
WBGene00220011.,0,4,4
WBGene00220012.,0,9,9
WBGene00220013.,0,0,0
WBGene00220014.,0,0,0
WBGene00220015.,0,0,0
WBGene00220016.,0,0,0
WBGene00220017.,0,30,30
WBGene00220018.,0,0,0
WBGene00220019.,0,0,0
WBGene00220020.,0,0,0
WBGene00220021.,0,0,0
WBGene00220022.,0,0,0
WBGene00220023.,0,0,0
WBGene00220024.,0,1,1
WBGene00220025.,0,0,0
WBGene00220026.,0,0,0
WBGene00220027.,0,0,0
WBGene00220028.,0,0,0
WBGene00220029.,0,18,18
WBGene00220030.,0,11,11
WBGene00220031.,0,0,0
WBGene00220032.,0,162,162
WBGene00220033.,0,2,2
WBGene00220034.,0,0,0
WBGene00220035.,0,0,0
WBGene00220036.,0,0,0
WBGene00220037.,0,6,6
WBGene00220038.,0,0,0
WBGene00220039.,0,1,1
WBGene00220040.,0,0,0
WBGene00220041.,0,5,5
WBGene00220042.,0,2,2
WBGene00220043.,0,3,3
WBGene00220044.,0,20,20
WBGene00220045.,0,8,8
WBGene00220046.,0,0,0
WBGene00220047.,0,1,1
WBGene00220048.,0,0,0
WBGene00220049.,0,0,0
WBGene00220050.,0,0,0
WBGene00220051.,0,9,9
WBGene00220052.,0,12,12
WBGene00220053.,0,3,3
WBGene00220054.,0,0,0
WBGene00220055.,0,10,10
WBGene00220056.,0,0,0
WBGene00220057.,0,0,0
WBGene00220058.,0,1,1
WBGene00220059.,0,1,1
WBGene00220060.,0,0,0
WBGene00220061.,0,17,17
WBGene00220062.,0,0,0
WBGene00220063.,0,0,0
WBGene00220064.,0,1,1
WBGene00220065.,0,0,0
WBGene00220066.,0,2,2
WBGene00220067.,0,0,0
WBGene00220068.,0,15,15
WBGene00220069.,0,0,0
WBGene00220070.,0,0,0
WBGene00220071.,0,0,0
WBGene00220072.,0,135,135
WBGene00220073.,0,2,2
WBGene00220074.,0,0,0
WBGene00220075.,0,0,0
WBGene00220076.,0,0,0
WBGene00220077.,0,0,0
WBGene00220078.,0,13,13
WBGene00220079.,0,0,0
WBGene00220080.,0,0,0
WBGene00220081.,0,0,0
WBGene00220082.,0,0,0
WBGene00220083.,0,0,0
WBGene00220084.,0,0,0
WBGene00220085.,0,0,0
WBGene00220086.,0,0,0
WBGene00220087.,0,0,0
WBGene00220088.,0,6,6
WBGene00220089.,0,761,761
WBGene00220090.,0,0,0
WBGene00220091.,0,10,10
WBGene00220092.,0,7,7
WBGene00220093.,0,0,0
WBGene00220094.,0,0,0
WBGene00220095.,0,1,1
WBGene00220096.,0,0,0
WBGene00220097.,0,11,11
WBGene00220098.,0,0,0
WBGene00220099.,0,0,0
WBGene00220100.,0,1,1
WBGene00220101.,0,15,15
WBGene00220102.,0,0,0
WBGene00220104.,0,0,0
WBGene00220105.,0,0,0
WBGene00220106.,0,83,83
WBGene00220107.,0,0,0
WBGene00220108.,0,11,11
WBGene00220109.,0,0,0
WBGene00220110.,0,0,0
WBGene00220111.,0,80,80
WBGene00220112.,0,0,0
WBGene00220113.,0,1,1
WBGene00220114.,0,0,0
WBGene00220115.,0,0,0
WBGene00220116.,0,0,0
WBGene00220117.,0,66,66
WBGene00220118.,0,0,0
WBGene00220119.,0,1,1
WBGene00220120.,0,2,2
WBGene00220121.,0,0,0
WBGene00220122.,0,3,3
WBGene00220123.,0,0,0
WBGene00220124.,0,0,0
WBGene00220125.,0,1,1
WBGene00220126.,0,0,0
WBGene00220127.,0,0,0
WBGene00220128.,0,0,0
WBGene00220129.,0,0,0
WBGene00220130.,0,1,1
WBGene00220131.,0,0,0
WBGene00220132.,0,0,0
WBGene00220133.,5,9,14
WBGene00220134.,0,17,17
WBGene00220135.,0,0,0
WBGene00220136.,0,0,0
WBGene00220137.,0,0,0
WBGene00220138.,0,0,0
WBGene00220139.,0,0,0
WBGene00220140.,0,0,0
WBGene00220141.,0,364,364
WBGene00220142.,0,0,0
WBGene00220143.,0,0,0
WBGene00220144.,0,0,0
WBGene00220145.,0,0,0
WBGene00220146.,0,11,11
WBGene00220147.,0,5,5
WBGene00220148.,0,0,0
WBGene00220149.,0,0,0
WBGene00220150.,0,0,0
WBGene00220151.,0,0,0
WBGene00220152.,0,0,0
WBGene00220153.,0,0,0
WBGene00220154.,0,2,2
WBGene00220155.,0,0,0
WBGene00220156.,0,0,0
WBGene00220157.,0,0,0
WBGene00220158.,0,0,0
WBGene00220159.,0,54,54
WBGene00220160.,0,62,62
WBGene00220161.,0,0,0
WBGene00220162.,0,0,0
WBGene00220163.,0,0,0
WBGene00220164.,0,0,0
WBGene00220165.,0,131,131
WBGene00220166.,0,0,0
WBGene00220167.,0,0,0
WBGene00220168.,0,1,1
WBGene00220169.,0,0,0
WBGene00220170.,0,0,0
WBGene00220171.,0,0,0
WBGene00220172.,0,0,0
WBGene00220173.,0,0,0
WBGene00220174.,0,0,0
WBGene00220175.,0,11,11
WBGene00220176.,0,3,3
WBGene00220177.,0,0,0
WBGene00220178.,0,0,0
WBGene00220179.,0,0,0
WBGene00220180.,0,0,0
WBGene00220181.,0,0,0
WBGene00220182.,0,0,0
WBGene00220183.,0,9,9
WBGene00220184.,0,0,0
WBGene00220185.,0,0,0
WBGene00220186.,0,3,3
WBGene00220187.,0,0,0
WBGene00220188.,0,0,0
WBGene00220189.,0,0,0
WBGene00220190.,0,0,0
WBGene00220191.,0,0,0
WBGene00220192.,0,0,0
WBGene00220193.,0,0,0
WBGene00220194.,0,1,1
WBGene00220195.,0,0,0
WBGene00220196.,0,0,0
WBGene00220197.,0,0,0
WBGene00220198.,0,9,9
WBGene00220199.,0,0,0
WBGene00220200.,0,0,0
WBGene00220201.,0,2,2
WBGene00220202.,0,0,0
WBGene00220203.,0,0,0
WBGene00220204.,0,1,1
WBGene00220205.,0,1,1
WBGene00220206.,0,3,3
WBGene00220207.,0,0,0
WBGene00220208.,0,0,0
WBGene00220209.,0,0,0
WBGene00220210.,0,0,0
WBGene00220211.,0,0,0
WBGene00220212.,0,0,0
WBGene00220213.,0,0,0
WBGene00220214.,0,14,14
WBGene00220215.,0,0,0
WBGene00220216.,0,0,0
WBGene00220217.,0,0,0
WBGene00220218.,0,0,0
WBGene00220219.,0,3,3
WBGene00220220.,0,9,9
WBGene00220221.,0,2,2
WBGene00220222.,0,8,8
WBGene00220223.,0,4,4
WBGene00220224.,0,0,0
WBGene00220225.,0,0,0
WBGene00220226.,0,0,0
WBGene00220227.,0,0,0
WBGene00220228.,0,11,11
WBGene00220229.,0,0,0
WBGene00220230.,0,0,0
WBGene00220231.,0,0,0
WBGene00220232.,0,2,2
WBGene00220233.,0,31,31
WBGene00220234.,0,4,4
WBGene00220235.,0,5,5
WBGene00220236.,0,100,100
WBGene00220237.,0,15,15
WBGene00220238.,0,71,71
WBGene00220239.,0,713,713
WBGene00220240.,0,0,0
WBGene00220241.,0,0,0
WBGene00220242.,0,0,0
WBGene00220243.,0,7,7
WBGene00220244.,0,0,0
WBGene00220245.,0,1,1
WBGene00220246.,0,0,0
WBGene00220247.,0,0,0
WBGene00220248.,0,7,7
WBGene00220249.,2,4,6
WBGene00220250.,10,3,13
WBGene00220251.,21,18,39
WBGene00220252.,44,50,94
WBGene00220253.,0,4,4
WBGene00220254.,0,0,0
WBGene00220255.,0,0,0
WBGene00220256.,3,0,3
WBGene00220257.,1,11,12
WBGene00220258.,0,21,21
WBGene00220259.,3,19,22
WBGene00220260.,107,8,115
WBGene00220261.,3,5,8
WBGene00235003.,5,0,5
WBGene00235080.,0,0,0
WBGene00235081.,0,0,0
WBGene00235084.,0,0,0
WBGene00235085.,0,0,0
WBGene00235086.,0,0,0
WBGene00235087.,0,0,0
WBGene00235088.,0,0,0
WBGene00235089.,2,0,2
WBGene00235090.,1,5,6
WBGene00235091.,0,0,0
WBGene00235092.,1,1,2
WBGene00235093.,0,8,8
WBGene00235094.,0,1,1
WBGene00235095.,4,8,12
WBGene00235102.,14,2278,2292
WBGene00235106.,0,9,9
WBGene00235107.,0,5,5
WBGene00235108.,2,0,2
WBGene00235109.,4,9,13
WBGene00235110.,2,4,6
WBGene00235111.,0,0,0
WBGene00235112.,0,8,8
WBGene00235113.,0,16,16
WBGene00235114.,26,465,491
WBGene00235115.,0,0,0
WBGene00235116.,4,3,7
WBGene00235117.,2,0,2
WBGene00235118.,1,2,3
WBGene00235119.,1,0,1
WBGene00235120.,0,0,0
WBGene00235121.,0,1,1
WBGene00235128.,0,7,7
WBGene00235129.,3,3,6
WBGene00235132.,10,5,15
WBGene00235133.,0,1,1
WBGene00235134.,3,0,3
WBGene00235152.,0,7,7
WBGene00235153.,1,2,3
WBGene00235157.,0,4,4
WBGene00235158.,4,259,263
WBGene00235159.,0,0,0
WBGene00235160.,0,0,0
WBGene00235161.,0,1,1
WBGene00235162.,0,1,1
WBGene00235163.,0,0,0
WBGene00235164.,42,430,472
WBGene00235165.,0,0,0
WBGene00235166.,0,2,2
WBGene00235167.,0,2,2
WBGene00235175.,0,0,0
WBGene00235179.,0,1,1
WBGene00235180.,0,0,0
WBGene00235181.,0,1,1
WBGene00235183.,0,1,1
WBGene00235188.,0,0,0
WBGene00235190.,0,3,3
WBGene00235197.,0,0,0
WBGene00235198.,0,0,0
WBGene00235200.,0,0,0
WBGene00235201.,0,1,1
WBGene00235206.,0,0,0
WBGene00235209.,0,0,0
WBGene00235235.,0,4,4
WBGene00235237.,0,0,0
WBGene00235247.,0,0,0
WBGene00235250.,0,0,0
WBGene00235251.,0,7,7
WBGene00235252.,0,0,0
WBGene00235254.,2,4,6
WBGene00235255.,0,0,0
WBGene00235256.,0,25,25
WBGene00235257.,9,36,45
WBGene00235258.,1,1,2
WBGene00235259.,0,16,16
WBGene00235260.,23,3,26
WBGene00235261.,0,8,8
WBGene00235262.,0,0,0
WBGene00235263.,20,6,26
WBGene00235264.,0,0,0
WBGene00235265.,2,2,4
WBGene00235266.,0,0,0
WBGene00235267.,1,4,5
WBGene00235268.,37,309,346
WBGene00235269.,0,605,605
WBGene00235270.,0,5,5
WBGene00235271.,0,0,0
WBGene00235272.,0,1,1
WBGene00235273.,43,128,171
WBGene00235274.,12,157,169
WBGene00235275.,9,0,9
WBGene00235276.,0,0,0
WBGene00235277.,133,171,304
WBGene00235278.,0,0,0
WBGene00235279.,105,36,141
WBGene00235280.,0,3,3
WBGene00235281.,0,0,0
WBGene00235282.,0,0,0
WBGene00235283.,12,20,32
WBGene00235284.,0,3,3
WBGene00235285.,0,0,0
WBGene00235286.,0,4,4
WBGene00235287.,5,54,59
WBGene00235288.,0,0,0
WBGene00235289.,0,0,0
WBGene00235290.,3,0,3
WBGene00235291.,104,567,671
WBGene00235292.,3,3,6
WBGene00235293.,0,0,0
WBGene00235294.,0,0,0
WBGene00235295.,0,1,1
WBGene00235296.,0,10,10
WBGene00235297.,0,0,0
WBGene00235298.,0,3,3
WBGene00235299.,0,0,0
WBGene00235300.,0,9,9
WBGene00235301.,0,4,4
WBGene00235302.,0,1,1
WBGene00235303.,0,28,28
WBGene00235304.,0,2,2
WBGene00235305.,0,1,1
WBGene00235307.,1,1,2
WBGene00235308.,10,56,66
WBGene00235309.,0,0,0
WBGene00235310.,54,124,178
WBGene00235311.,0,0,0
WBGene00235312.,5,60,65
WBGene00235313.,9,19,28
WBGene00235314.,11,9,20
WBGene00235315.,34,211,245
WBGene00235316.,5,32,37
WBGene00235317.,1,0,1
WBGene00235318.,3,6,9
WBGene00235319.,1,9,10
WBGene00235320.,5,17,22
WBGene00235321.,9,0,9
WBGene00235322.,0,0,0
WBGene00235323.,0,1,1
WBGene00235324.,0,0,0
WBGene00235325.,34,194,228
WBGene00235326.,0,0,0
WBGene00235327.,1,0,1
WBGene00235328.,0,9,9
WBGene00235329.,1,1,2
WBGene00235330.,29,109,138
WBGene00235331.,0,41,41
WBGene00235332.,0,0,0
WBGene00235333.,0,4,4
WBGene00235334.,1,1,2
WBGene00235335.,0,2,2
WBGene00235336.,0,1,1
WBGene00235338.,5,4,9
WBGene00235339.,0,0,0
WBGene00235340.,0,3,3
WBGene00235341.,0,0,0
WBGene00235342.,0,0,0
WBGene00235343.,0,1,1
WBGene00235346.,0,218,218
WBGene00235348.,0,10,10
WBGene00235350.,58,19,77
WBGene00235351.,1,1,2
WBGene00235352.,2,9,11
WBGene00235353.,2,0,2
WBGene00235354.,1,1,2
WBGene00235355.,0,1,1
WBGene00235356.,0,0,0
WBGene00235357.,12,1,13
WBGene00235358.,0,2,2
WBGene00235359.,0,0,0
WBGene00235361.,0,0,0
WBGene00235362.,0,0,0
WBGene00235363.,0,0,0
WBGene00235364.,0,0,0
WBGene00235365.,0,0,0
WBGene00235366.,0,0,0
WBGene00235367.,0,5,5
WBGene00235368.,0,0,0
WBGene00235369.,1,0,1
WBGene00235370.,0,0,0
WBGene00235371.,0,1,1
WBGene00235372.,2,5,7
WBGene00235373.,0,0,0
WBGene00235374.,1,1,2
WBGene00235375.,0,5,5
WBGene00235376.,16,8,24
WBGene00235377.,0,0,0
WBGene00235378.,0,0,0
WBGene00235379.,0,0,0
WBGene00235380.,0,35,35
WBGene00235381.,0,0,0
WBGene00235382.,0,0,0
WBGene00235383.,0,1,1
WBGene00235385.,2,79,81
WBGene00235386.,0,0,0
WBGene00235387.,99,399,498
WBGene00235388.,3,1,4
WBGene00235389.,0,0,0
WBGene00235390.,0,0,0
WBGene00235391.,0,2,2
WBGene00236785.,0,204,204
WBGene00236786.,1,51,52
WBGene00236787.,0,15,15
WBGene00236788.,0,0,0
WBGene00236789.,4,24,28
WBGene00236797.,0,6,6
WBGene00236798.,0,8,8
WBGene00236799.,0,1,1
WBGene00236800.,0,5,5
WBGene00236806.,62,0,62
WBGene00236807.,0,0,0
WBGene00236808.,2,3,5
WBGene00236809.,2,4,6
WBGene00249808.,0,72,72
WBGene00249812.,0,0,0
WBGene00249813.,0,2,2
WBGene00249814.,0,0,0
WBGene00249815.,1327,606,1933
WBGene00249816.,0,0,0
WBGene00249817.,15,247,262
WBGene00249825.,0,1,1
WBGene00249826.,0,233,233
WBGene00255375.,0,1,1
WBGene00255420.,10,0,10
WBGene00255426.,0,12,12
WBGene00255435.,6,2,8
WBGene00255441.,0,2,2
WBGene00255457.,71,40,111
WBGene00255469.,5,5,10
WBGene00255522.,0,0,0
WBGene00255543.,0,0,0
WBGene00255545.,0,0,0
WBGene00255546.,0,0,0
WBGene00255549.,1,4,5
WBGene00255550.,0,1,1
WBGene00255553.,1,0,1
WBGene00255560.,0,0,0
WBGene00255561.,0,0,0
WBGene00255562.,0,0,0
WBGene00255563.,0,0,0
WBGene00255564.,0,0,0
WBGene00255565.,0,0,0
WBGene00255566.,0,0,0
WBGene00255567.,0,0,0
WBGene00255568.,0,0,0
WBGene00255569.,0,0,0
WBGene00255570.,0,0,0
WBGene00255571.,0,0,0
WBGene00255572.,0,0,0
WBGene00255573.,0,0,0
WBGene00255574.,0,0,0
WBGene00255575.,0,0,0
WBGene00255576.,0,0,0
WBGene00255577.,0,0,0
WBGene00255578.,0,0,0
WBGene00255579.,0,15,15
WBGene00255580.,0,0,0
WBGene00255581.,0,0,0
WBGene00255582.,0,0,0
WBGene00255583.,0,0,0
WBGene00255584.,0,0,0
WBGene00255586.,0,0,0
WBGene00255587.,0,0,0
WBGene00255588.,0,0,0
WBGene00255594.,3,35,38
WBGene00255595.,0,0,0
WBGene00255596.,0,4,4
WBGene00255597.,1,6,7
WBGene00255598.,24,35,59
WBGene00255600.,2,16,18
WBGene00255605.,0,11,11
WBGene00255606.,1,29,30
WBGene00255607.,0,0,0
WBGene00255611.,0,0,0
WBGene00255702.,11,47,58
WBGene00255703.,1,1,2
WBGene00255704.,0,96,96
WBGene00255709.,0,1,1
WBGene00255714.,3,73,76
WBGene00255728.,2,5,7
WBGene00255729.,7,11,18
WBGene00255730.,0,3,3
WBGene00255731.,5,28,33
WBGene00255732.,0,0,0
WBGene00255733.,5,10,15
WBGene00255736.,0,19,19
WBGene00268189.,2,5,7
WBGene00268190.,2,1,3
WBGene00268191.,1,0,1
WBGene00268192.,0,12,12
WBGene00268193.,1,0,1
WBGene00268194.,3,0,3
WBGene00268196.,43,60,103
WBGene00268197.,0,3,3
WBGene00268198.,0,0,0
WBGene00268199.,0,0,0
WBGene00268202.,1,3,4
WBGene00268203.,0,1,1
WBGene00268204.,0,8,8
WBGene00268205.,0,0,0
WBGene00268206.,0,1,1
WBGene00268207.,0,0,0
WBGene00268208.,241,16,257
WBGene00268209.,0,3,3
WBGene00268210.,1,0,1
WBGene00268211.,0,0,0
WBGene00268212.,14,3,17
WBGene00268213.,3,6,9
WBGene00268214.,10,19,29
WBGene00268215.,1,6,7
WBGene00268216.,2,0,2
WBGene00269331.,0,1,1
WBGene00269332.,0,0,0
WBGene00269333.,0,0,0
WBGene00269336.,0,2,2
WBGene00269337.,0,0,0
WBGene00269338.,0,3,3
WBGene00269346.,0,3,3
WBGene00269352.,0,0,0
WBGene00269355.,5,29,34
WBGene00269373.,0,8,8
WBGene00269376.,0,53,53
WBGene00269378.,44,187,231
WBGene00269379.,4,3,7
WBGene00269381.,1,1,2
WBGene00269382.,10,99,109
WBGene00269383.,62,123,185
WBGene00269384.,2,14,16
WBGene00269385.,0,0,0
WBGene00269386.,0,60,60
WBGene00269387.,8,144,152
WBGene00269388.,0,0,0
WBGene00269389.,0,0,0
WBGene00269390.,0,1,1
WBGene00269391.,0,17,17
WBGene00269392.,0,0,0
WBGene00269393.,4,2,6
WBGene00269394.,1,1,2
WBGene00269419.,0,1,1
WBGene00269420.,0,0,0
WBGene00269421.,437,1324,1761
WBGene00269422.,0,11,11
WBGene00269423.,2,0,2
WBGene00269424.,0,1,1
WBGene00269425.,2,2,4
WBGene00269426.,0,0,0
WBGene00269427.,0,120,120
WBGene00269428.,2,19,21
WBGene00269429.,0,28,28
WBGene00269430.,0,0,0
WBGene00269431.,0,6,6
WBGene00269432.,21,164,185
WBGene00269433.,21,171,192
WBGene00269434.,1,15,16
WBGene00269435.,0,0,0
WBGene00269436.,1,6,7
WBGene00269437.,0,0,0
WBGene00269438.,3,15,18
WBGene00270290.,0,4,4
WBGene00270291.,0,0,0
WBGene00270292.,0,0,0
WBGene00270293.,0,1,1
WBGene00270303.,1,6,7
WBGene00270309.,27,46,73
WBGene00270318.,10,13,23
WBGene00270319.,0,136,136
WBGene00270320.,4,10,14
WBGene00270321.,7,31,38
WBGene00270322.,8,374,382
WBGene00271414.,29,389,418
WBGene00271415.,2,2,4
WBGene00271437.,3,5,8
WBGene00271444.,1,14,15
WBGene00271567.,2,4,6
WBGene00271577.,0,0,0
WBGene00271598.,7,11,18
WBGene00271605.,4,21,25
WBGene00271606.,11,102,113
WBGene00271632.,0,77,77
WBGene00271633.,0,76,76
WBGene00271634.,0,5,5
WBGene00271635.,0,7,7
WBGene00271636.,25,225,250
WBGene00271637.,21,9,30
WBGene00271638.,0,8,8
WBGene00271639.,0,6,6
WBGene00271640.,0,5,5
WBGene00271641.,0,2,2
WBGene00271642.,26,3967,3993
WBGene00271643.,0,4,4
WBGene00271644.,0,3,3
WBGene00271645.,0,4,4
WBGene00271646.,0,13,13
WBGene00271647.,21,63,84
WBGene00271648.,0,0,0
WBGene00271649.,9,10,19
WBGene00271650.,0,18,18
WBGene00271651.,0,4,4
WBGene00271652.,4,4,8
WBGene00271653.,0,0,0
WBGene00271654.,0,4,4
WBGene00271655.,0,9,9
WBGene00271656.,0,2,2
WBGene00271657.,0,3,3
WBGene00271694.,3,179,182
WBGene00271701.,4,15,19
WBGene00271703.,4,3,7
WBGene00271706.,12,189,201
WBGene00271707.,1,10,11
WBGene00271715.,3,1,4
WBGene00271716.,106,308,414
WBGene00271744.,6,22,28
WBGene00271774.,1,10,11
WBGene00271775.,47,1892,1939
WBGene00271776.,12,1,13
WBGene00271777.,75,0,75
WBGene00271778.,0,17,17
WBGene00271779.,0,2,2
WBGene00271780.,0,0,0
WBGene00271781.,0,7,7
WBGene00271786.,1,2,3
WBGene00271788.,2,18,20
WBGene00271789.,0,1,1
WBGene00271790.,0,0,0
WBGene00271791.,0,10,10
WBGene00271792.,0,0,0
WBGene00271795.,1,52,53
WBGene00271796.,63,602,665
WBGene00271797.,0,0,0
WBGene00271798.,10,4,14
WBGene00271799.,0,0,0
WBGene00271800.,0,0,0
WBGene00271801.,1,3,4
WBGene00271802.,8,61,69
WBGene00271803.,0,0,0
WBGene00271804.,0,0,0
WBGene00271805.,0,43,43
WBGene00271806.,0,0,0
WBGene00271807.,1,0,1
WBGene00271808.,139,42,181
WBGene00271809.,16,19,35
WBGene00271810.,0,0,0
WBGene00271811.,0,1,1
WBGene00271813.,0,0,0
WBGene00271815.,0,0,0
WBGene00271816.,0,1,1
WBGene00271817.,0,28,28
WBGene00271818.,39,428,467
WBGene00271819.,0,0,0
WBGene00271820.,16,4,20
WBGene00271821.,18,5,23
WBGene00271822.,0,2,2
WBGene00271823.,0,0,0
WBGene00271824.,1,7,8
WBGene00271827.,12,48,60
WBGene00271830.,457,2204,2661
WBGene00271831.,0,0,0
WBGene00271832.,21,38,59
WBGene00271837.,0,0,0
WBGene00284844.,0,703,703
WBGene00284845.,0,2,2
WBGene00284846.,367,2440,2807
WBGene00284847.,0,13,13
WBGene00284848.,4,13,17
WBGene00284849.,0,10,10
WBGene00284850.,0,0,0
WBGene00284851.,109,75,184
WBGene00284852.,66,774,840
WBGene00284853.,2,2,4
WBGene00284854.,6,15,21
WBGene00284855.,0,11,11
WBGene00284856.,0,462,462
WBGene00284857.,0,24,24
WBGene00284858.,0,0,0
WBGene00284859.,0,247,247
WBGene00284861.,0,27,27
WBGene00284867.,0,47,47
WBGene00302964.,0,27,27
WBGene00302968.,0,507,507
WBGene00302971.,15,129,144
WBGene00302974.,1,405,406
WBGene00302976.,0,12,12
WBGene00302978.,80,364,444
WBGene00302980.,0,94,94
WBGene00302982.,0,56,56
WBGene00302984.,10,31,41
WBGene00302986.,23,8,31
WBGene00302988.,20,21,41
WBGene00302991.,27,110,137
WBGene00302993.,56,0,56
WBGene00302995.,148,319,467
WBGene00302998.,179,394,573
WBGene00303000.,239,1233,1472
WBGene00303002.,0,76,76
WBGene00303005.,0,0,0
WBGene00303007.,0,23,23
WBGene00303009.,38,374,412
WBGene00303011.,35,46,81
WBGene00303013.,3,2,5
WBGene00303015.,37,1426,1463
WBGene00303019.,0,2269,2269
WBGene00303021.,0,320,320
WBGene00303023.,0,0,0
WBGene00303024.,0,0,0
WBGene00303026.,61,521,582
WBGene00303028.,0,0,0
WBGene00303030.,8,34,42
WBGene00303031.,0,4,4
WBGene00303032.,0,0,0
WBGene00303033.,0,0,0
WBGene00303034.,0,0,0
WBGene00303035.,0,0,0
WBGene00303036.,0,0,0
WBGene00303037.,0,0,0
WBGene00303038.,0,0,0
WBGene00303039.,0,0,0
WBGene00303040.,0,0,0
WBGene00303041.,0,0,0
WBGene00303042.,0,0,0
WBGene00303043.,0,0,0
WBGene00303044.,0,0,0
WBGene00303045.,0,0,0
WBGene00303046.,0,4,4
WBGene00303047.,0,0,0
WBGene00303048.,0,0,0
WBGene00303049.,0,0,0
WBGene00303050.,0,0,0
WBGene00303051.,0,0,0
WBGene00303052.,0,0,0
WBGene00303053.,0,1,1
WBGene00303054.,0,0,0
WBGene00303055.,0,0,0
WBGene00303056.,0,0,0
WBGene00303057.,0,0,0
WBGene00303058.,0,0,0
WBGene00303059.,0,0,0
WBGene00303060.,0,0,0
WBGene00303061.,0,0,0
WBGene00303062.,0,0,0
WBGene00303063.,0,0,0
WBGene00303064.,0,0,0
WBGene00303065.,0,0,0
WBGene00303066.,0,0,0
WBGene00303067.,0,0,0
WBGene00303068.,0,0,0
WBGene00303069.,0,0,0
WBGene00303070.,0,0,0
WBGene00303071.,0,0,0
WBGene00303072.,0,0,0
WBGene00303073.,0,0,0
WBGene00303074.,0,0,0
WBGene00303075.,0,416,416
WBGene00303076.,0,0,0
WBGene00303077.,0,0,0
WBGene00303078.,0,0,0
WBGene00303079.,0,0,0
WBGene00303080.,0,0,0
WBGene00303081.,1,30,31
WBGene00303082.,0,0,0
WBGene00303083.,0,0,0
WBGene00303085.,0,0,0
WBGene00303086.,0,0,0
WBGene00303087.,0,0,0
WBGene00303088.,0,0,0
WBGene00303089.,0,2,2
WBGene00303090.,0,0,0
WBGene00303091.,0,35,35
WBGene00303092.,0,0,0
WBGene00303093.,0,0,0
WBGene00303094.,0,0,0
WBGene00303095.,0,0,0
WBGene00303096.,0,0,0
WBGene00303097.,0,0,0
WBGene00303098.,0,0,0
WBGene00303099.,0,0,0
WBGene00303100.,0,0,0
WBGene00303101.,0,0,0
WBGene00303102.,0,0,0
WBGene00303103.,0,0,0
WBGene00303104.,0,0,0
WBGene00303105.,0,1,1
WBGene00303113.,0,0,0
WBGene00303114.,0,0,0
WBGene00303115.,0,1,1
WBGene00303208.,47,766,813
WBGene00303231.,0,18,18
WBGene00303233.,31,89,120
WBGene00303359.,0,0,0
WBGene00303360.,0,0,0
WBGene00303362.,1,0,1
WBGene00303363.,0,0,0
WBGene00303364.,3,12,15
WBGene00303365.,0,0,0
WBGene00303366.,0,4,4
WBGene00303367.,0,0,0
WBGene00303368.,8,3,11
WBGene00303369.,0,0,0
WBGene00303370.,0,0,0
WBGene00303371.,1,2,3
WBGene00303378.,0,2,2
WBGene00303398.,11,10,21
WBGene00303421.,2,12,14
WBGene00303423.,24,106,130
WBGene00303425.,15,78,93
WBGene00304173.,0,0,0
WBGene00304175.,3,3,6
WBGene00304181.,13,1,14
WBGene00304182.,0,3,3
WBGene00304183.,0,3,3
WBGene00304189.,56,628,684
WBGene00304194.,13,6,19
WBGene00304195.,1,4,5
WBGene00304201.,2,2,4
WBGene00304202.,5,11,16
WBGene00304203.,8,16,24
WBGene00304215.,3,0,3
WBGene00304219.,0,100,100
WBGene00304220.,0,3,3
WBGene00304237.,11,85,96
WBGene00304238.,0,1,1
WBGene00304775.,0,3,3
WBGene00304776.,9,30,39
WBGene00304782.,0,15,15
WBGene00304783.,0,228,228
WBGene00304785.,0,0,0
WBGene00304786.,0,0,0
WBGene00304787.,3,10,13
WBGene00304788.,9,34,43
WBGene00304789.,0,1,1
WBGene00304790.,10,337,347
WBGene00304791.,24,57,81
WBGene00304792.,0,9,9
WBGene00304793.,1,5,6
WBGene00304794.,14,7,21
WBGene00304797.,0,0,0
WBGene00304798.,0,7,7
WBGene00304806.,0,11,11
WBGene00304808.,33,77,110
WBGene00304811.,56,300,356
WBGene00304812.,0,492,492
WBGene00304813.,0,372,372
WBGene00304814.,0,0,0
WBGene00304815.,0,26259,26259
WBGene00304816.,0,3,3
WBGene00304817.,5,9,14
WBGene00304818.,1,0,1
WBGene00304819.,0,1,1
WBGene00304820.,6,21,27
WBGene00304822.,3,92,95
WBGene00304823.,1,1,2
WBGene00304824.,0,1,1
WBGene00304825.,8,2,10
WBGene00304826.,5,2,7
WBGene00304827.,1,0,1
WBGene00304828.,1,3,4
WBGene00304895.,3,6,9
WBGene00304901.,0,0,0
WBGene00304906.,0,45,45
WBGene00304907.,1,1,2
WBGene00304908.,1,0,1
WBGene00304930.,0,1,1
WBGene00304981.,0,0,0
WBGene00304985.,1,12,13
WBGene00304992.,114,1961,2075
WBGene00304996.,6,23,29
WBGene00305018.,0,2,2
WBGene00305047.,0,0,0
WBGene00305048.,0,0,0
WBGene00305049.,0,1,1
WBGene00305050.,54,50,104
WBGene00305065.,3,9,12
WBGene00305066.,1,12,13
WBGene00305067.,12,265,277
WBGene00305069.,0,0,0
WBGene00305086.,15,8,23
WBGene00305090.,13,20,33
WBGene00305091.,0,0,0
WBGene00305092.,0,3,3
WBGene00305093.,0,0,0
WBGene00305095.,0,6,6
WBGene00305102.,0,0,0
WBGene00305103.,18,138,156
WBGene00305104.,0,1,1
WBGene00305109.,0,0,0
WBGene00305110.,0,1,1
WBGene00305111.,0,0,0
WBGene00305112.,2,0,2
WBGene00305113.,0,4,4
WBGene00305114.,0,2,2
WBGene00305130.,0,1,1
WBGene00305131.,0,208,208
WBGene00305132.,0,0,0
WBGene00305157.,0,77,77
WBGene00305158.,1,3,4
WBGene00305159.,0,1,1
WBGene00305173.,98,548,646
WBGene00305970.,0,8,8
WBGene00305979.,0,2,2
WBGene00305980.,5,3,8
WBGene00305981.,53,263,316
WBGene00305991.,2,19,21
WBGene00305992.,5,6,11
WBGene00305993.,0,7,7
WBGene00305994.,1,4,5
WBGene00305995.,7,22,29
WBGene00305996.,0,0,0
WBGene00305997.,0,0,0
WBGene00305998.,18,53,71
WBGene00305999.,2,6,8
WBGene00306000.,1,5,6
WBGene00306001.,0,8,8
WBGene00306002.,3,22,25
WBGene00306003.,22,431,453
WBGene00306004.,4,2,6
WBGene00306005.,27,38,65
WBGene00306012.,7,25,32
WBGene00306013.,23,100,123
WBGene00306014.,0,0,0
WBGene00306062.,0,0,0
WBGene00306066.,3,7,10
WBGene00306069.,0,102,102
WBGene00306070.,4,0,4
WBGene00306076.,0,0,0
WBGene00306078.,0,8,8
WBGene00306080.,0,0,0
WBGene00306081.,0,15,15
WBGene00306121.,2,17,19
WBGene00306122.,0,1,1
WBGene00306123.,18,28,46
WBGene00306124.,37,1,38
WBGene00306125.,0,0,0
WBGene00306126.,33,420,453
WBGene00306131.,0,898,898
WBGene00306132.,0,4,4
