gene_id,total_unsp,total_sp,total
WBGene00000001.,3,168,171
WBGene00000002.,14,163,177
WBGene00000003.,1,118,119
WBGene00000004.,36,363,399
WBGene00000005.,1,3,4
WBGene00000006.,138,971,1109
WBGene00000007.,3,11,14
WBGene00000008.,12,5,17
WBGene00000009.,3,14,17
WBGene00000010.,5,83,88
WBGene00000012.,7,8,15
WBGene00000013.,0,28,28
WBGene00000014.,1,3,4
WBGene00000015.,0,14,14
WBGene00000016.,67,1352,1419
WBGene00000017.,3,517,520
WBGene00000018.,70,307,377
WBGene00000019.,0,0,0
WBGene00000020.,47,150,197
WBGene00000021.,0,0,0
WBGene00000022.,5,58,63
WBGene00000023.,2,6,8
WBGene00000024.,0,0,0
WBGene00000025.,0,2,2
WBGene00000026.,0,0,0
WBGene00000027.,0,0,0
WBGene00000028.,0,0,0
WBGene00000029.,0,0,0
WBGene00000030.,0,5,5
WBGene00000031.,0,38,38
WBGene00000032.,0,0,0
WBGene00000033.,0,2,2
WBGene00000034.,0,7,7
WBGene00000035.,92,261,353
WBGene00000036.,26,124,150
WBGene00000037.,17,340,357
WBGene00000038.,17,38,55
WBGene00000039.,9,307,316
WBGene00000040.,12,1527,1539
WBGene00000041.,139,6899,7038
WBGene00000042.,14,49,63
WBGene00000043.,21,50,71
WBGene00000044.,9,31,40
WBGene00000045.,4,12,16
WBGene00000046.,24,45,69
WBGene00000047.,63,334,397
WBGene00000048.,0,13,13
WBGene00000049.,0,0,0
WBGene00000050.,1,4,5
WBGene00000051.,13,62,75
WBGene00000053.,3,10,13
WBGene00000054.,35,123,158
WBGene00000055.,6,69,75
WBGene00000056.,10,37,47
WBGene00000057.,22,34,56
WBGene00000058.,24,38,62
WBGene00000059.,12,28,40
WBGene00000060.,21,34,55
WBGene00000061.,5,36,41
WBGene00000062.,14,25,39
WBGene00000063.,5,50836,50841
WBGene00000064.,185,4509,4694
WBGene00000065.,125,43701,43826
WBGene00000066.,548,62949,63497
WBGene00000067.,50,669,719
WBGene00000068.,716,413,1129
WBGene00000069.,12,32,44
WBGene00000070.,51,459,510
WBGene00000071.,8,47,55
WBGene00000072.,29,154,183
WBGene00000073.,30,165,195
WBGene00000074.,34,163,197
WBGene00000075.,7,45,52
WBGene00000079.,65,314,379
WBGene00000080.,13,237,250
WBGene00000081.,18,91,109
WBGene00000082.,6,12,18
WBGene00000083.,98,821,919
WBGene00000084.,12,14,26
WBGene00000085.,12,71,83
WBGene00000086.,37,159,196
WBGene00000088.,23,64,87
WBGene00000089.,42,508,550
WBGene00000090.,21,211,232
WBGene00000092.,40,605,645
WBGene00000093.,16,199,215
WBGene00000094.,55,207,262
WBGene00000095.,35,350,385
WBGene00000096.,33,94,127
WBGene00000097.,61,406,467
WBGene00000098.,13,298,311
WBGene00000099.,38,182,220
WBGene00000100.,167,762,929
WBGene00000101.,46,395,441
WBGene00000102.,82,974,1056
WBGene00000103.,26,350,376
WBGene00000105.,8,892,900
WBGene00000106.,13,385,398
WBGene00000107.,407,1976,2383
WBGene00000108.,3,2,5
WBGene00000109.,2,188,190
WBGene00000110.,44,523,567
WBGene00000111.,41,104,145
WBGene00000112.,79,1262,1341
WBGene00000113.,21,156,177
WBGene00000114.,114,15394,15508
WBGene00000115.,12,422,434
WBGene00000116.,55,193,248
WBGene00000117.,75,170,245
WBGene00000118.,14,2679,2693
WBGene00000120.,2,521,523
WBGene00000121.,33,559,592
WBGene00000122.,29,1910,1939
WBGene00000123.,80,1144,1224
WBGene00000133.,1,1,2
WBGene00000134.,19,45,64
WBGene00000135.,4,63,67
WBGene00000136.,2,23,25
WBGene00000137.,18,111,129
WBGene00000138.,14,116,130
WBGene00000139.,14,9,23
WBGene00000140.,272,10050,10322
WBGene00000142.,12,263,275
WBGene00000143.,62,176,238
WBGene00000144.,42,115,157
WBGene00000145.,0,108,108
WBGene00000146.,53,707,760
WBGene00000147.,2,111,113
WBGene00000148.,46,281,327
WBGene00000149.,91,2556,2647
WBGene00000150.,20,270,290
WBGene00000151.,4,188,192
WBGene00000155.,5,264,269
WBGene00000156.,15,193,208
WBGene00000157.,36,476,512
WBGene00000158.,122,512,634
WBGene00000159.,20,637,657
WBGene00000160.,164,521,685
WBGene00000161.,12,555,567
WBGene00000162.,99,366,465
WBGene00000163.,17,387,404
WBGene00000164.,91,349,440
WBGene00000165.,22,213,235
WBGene00000166.,5,69,74
WBGene00000168.,115,72,187
WBGene00000169.,14,179,193
WBGene00000170.,257,5631,5888
WBGene00000171.,2,0,2
WBGene00000172.,22,45,67
WBGene00000173.,1,35,36
WBGene00000174.,2,20,22
WBGene00000175.,1645,10488,12133
WBGene00000176.,1,329,330
WBGene00000177.,184,446,630
WBGene00000178.,63,487,550
WBGene00000179.,199,570,769
WBGene00000180.,19,287,306
WBGene00000181.,363,1441,1804
WBGene00000182.,60,3503,3563
WBGene00000183.,73,3064,3137
WBGene00000184.,69,427,496
WBGene00000185.,1,11,12
WBGene00000186.,166,963,1129
WBGene00000187.,0,365,365
WBGene00000188.,0,90,90
WBGene00000189.,3,121,124
WBGene00000190.,7,20,27
WBGene00000191.,15,43,58
WBGene00000192.,6,497,503
WBGene00000193.,3,31,34
WBGene00000195.,21,291,312
WBGene00000196.,90,474,564
WBGene00000197.,11,1210,1221
WBGene00000198.,77,640,717
WBGene00000199.,55,747,802
WBGene00000200.,30,624,654
WBGene00000201.,282,987,1269
WBGene00000202.,1,181,182
WBGene00000203.,4,590,594
WBGene00000204.,50,569,619
WBGene00000205.,4,511,515
WBGene00000206.,79,571,650
WBGene00000207.,835,10841,11676
WBGene00000208.,108,154,262
WBGene00000209.,1101,4276,5377
WBGene00000210.,3372,12649,16021
WBGene00000211.,64,145,209
WBGene00000212.,7,26,33
WBGene00000213.,8,40,48
WBGene00000214.,0,2115,2115
WBGene00000215.,17,126,143
WBGene00000216.,1,508,509
WBGene00000217.,1233,5482,6715
WBGene00000218.,18,374,392
WBGene00000219.,2,519,521
WBGene00000220.,42,185,227
WBGene00000221.,0,864,864
WBGene00000222.,39,251,290
WBGene00000223.,153,1469,1622
WBGene00000224.,163,1296,1459
WBGene00000225.,45,747,792
WBGene00000226.,32,274,306
WBGene00000227.,54,256,310
WBGene00000228.,318,4836,5154
WBGene00000229.,2042,28627,30669
WBGene00000230.,122,9550,9672
WBGene00000231.,46,444,490
WBGene00000232.,93,384,477
WBGene00000233.,40,155,195
WBGene00000235.,4,1861,1865
WBGene00000236.,127,382,509
WBGene00000237.,20,180,200
WBGene00000238.,18,194,212
WBGene00000239.,25,145,170
WBGene00000240.,164,609,773
WBGene00000241.,4,17,21
WBGene00000242.,13,53,66
WBGene00000244.,9,78,87
WBGene00000245.,151,1861,2012
WBGene00000246.,26,35,61
WBGene00000247.,22,313,335
WBGene00000248.,125,633,758
WBGene00000249.,8,436,444
WBGene00000250.,5,49,54
WBGene00000251.,0,0,0
WBGene00000252.,0,2,2
WBGene00000253.,10,104,114
WBGene00000254.,174,532,706
WBGene00000255.,1,4,5
WBGene00000256.,0,2,2
WBGene00000257.,16,231,247
WBGene00000259.,47,189,236
WBGene00000262.,8,157,165
WBGene00000263.,3815,14582,18397
WBGene00000264.,80,93,173
WBGene00000265.,40,102,142
WBGene00000266.,133,735,868
WBGene00000267.,14,48,62
WBGene00000268.,83,331,414
WBGene00000269.,28,212,240
WBGene00000270.,7,57,64
WBGene00000271.,15,226,241
WBGene00000272.,21,98,119
WBGene00000273.,33,936,969
WBGene00000274.,74,211,285
WBGene00000275.,4,238,242
WBGene00000276.,97,1488,1585
WBGene00000277.,419,3821,4240
WBGene00000279.,3,38,41
WBGene00000280.,32,126,158
WBGene00000281.,22,932,954
WBGene00000282.,119,840,959
WBGene00000283.,83,934,1017
WBGene00000284.,7,313,320
WBGene00000285.,79,1376,1455
WBGene00000286.,594,2490,3084
WBGene00000287.,69,272,341
WBGene00000288.,39,536,575
WBGene00000289.,73,563,636
WBGene00000292.,171,1475,1646
WBGene00000293.,125,1926,2051
WBGene00000294.,94,1589,1683
WBGene00000295.,15,131,146
WBGene00000296.,15,59,74
WBGene00000298.,2,167,169
WBGene00000301.,2,917,919
WBGene00000302.,4,24,28
WBGene00000308.,3,0,3
WBGene00000310.,0,0,0
WBGene00000311.,0,0,0
WBGene00000366.,62,985,1047
WBGene00000367.,112,415,527
WBGene00000368.,86,798,884
WBGene00000369.,3,492,495
WBGene00000370.,1128,3760,4888
WBGene00000371.,2755,13737,16492
WBGene00000372.,1,7,8
WBGene00000373.,29,138,167
WBGene00000374.,74,298,372
WBGene00000375.,9,58,67
WBGene00000376.,83,408,491
WBGene00000377.,60,4926,4986
WBGene00000378.,18,3318,3336
WBGene00000379.,626,4473,5099
WBGene00000380.,368,6576,6944
WBGene00000381.,30,3311,3341
WBGene00000382.,12,153,165
WBGene00000383.,98,547,645
WBGene00000386.,4,59,63
WBGene00000387.,62,89,151
WBGene00000388.,0,11,11
WBGene00000389.,0,0,0
WBGene00000390.,53,1411,1464
WBGene00000391.,53,140,193
WBGene00000392.,0,33,33
WBGene00000393.,19,162,181
WBGene00000395.,15,86,101
WBGene00000396.,25,597,622
WBGene00000397.,1,5,6
WBGene00000399.,8,160,168
WBGene00000401.,7,21,28
WBGene00000402.,68,104,172
WBGene00000403.,133,1894,2027
WBGene00000405.,63,784,847
WBGene00000406.,6,130,136
WBGene00000407.,69,188,257
WBGene00000408.,90,302,392
WBGene00000409.,29,242,271
WBGene00000410.,66,314,380
WBGene00000411.,10,564,574
WBGene00000412.,12,66,78
WBGene00000413.,14,125,139
WBGene00000414.,98,1331,1429
WBGene00000415.,277,352,629
WBGene00000416.,13,206,219
WBGene00000417.,14,25,39
WBGene00000418.,6,104,110
WBGene00000419.,56,305,361
WBGene00000420.,21,229,250
WBGene00000421.,64,371,435
WBGene00000422.,0,13,13
WBGene00000423.,24,181,205
WBGene00000424.,27,429,456
WBGene00000425.,3,49,52
WBGene00000426.,73,257,330
WBGene00000427.,0,2,2
WBGene00000428.,0,14,14
WBGene00000429.,32,57,89
WBGene00000430.,2,56,58
WBGene00000431.,12,167,179
WBGene00000432.,1,0,1
WBGene00000433.,14,76,90
WBGene00000434.,9,33,42
WBGene00000435.,1,12,13
WBGene00000436.,0,2,2
WBGene00000437.,33,516,549
WBGene00000438.,4,10,14
WBGene00000439.,13,133,146
WBGene00000440.,0,43,43
WBGene00000441.,100,467,567
WBGene00000442.,6,46,52
WBGene00000443.,71,983,1054
WBGene00000444.,3,45,48
WBGene00000445.,1,57,58
WBGene00000446.,2,96,98
WBGene00000447.,39,105,144
WBGene00000448.,18,339,357
WBGene00000449.,24,185,209
WBGene00000450.,1,3,4
WBGene00000451.,0,15,15
WBGene00000452.,5,133,138
WBGene00000453.,21,207,228
WBGene00000454.,16,117,133
WBGene00000455.,15,312,327
WBGene00000457.,2,28,30
WBGene00000458.,24,287,311
WBGene00000459.,30,329,359
WBGene00000460.,1,51,52
WBGene00000461.,1,3,4
WBGene00000462.,4,117,121
WBGene00000463.,11,148,159
WBGene00000464.,0,8,8
WBGene00000465.,0,21,21
WBGene00000466.,72,383,455
WBGene00000467.,12,86,98
WBGene00000468.,16,48,64
WBGene00000469.,4,11,15
WBGene00000472.,36,9557,9593
WBGene00000473.,4,206,210
WBGene00000474.,9,195,204
WBGene00000475.,90,7660,7750
WBGene00000476.,43,244,287
WBGene00000477.,4,8,12
WBGene00000478.,12,144,156
WBGene00000479.,13,706,719
WBGene00000480.,45,301,346
WBGene00000481.,17,172,189
WBGene00000482.,77,948,1025
WBGene00000483.,4,10,14
WBGene00000484.,11,22,33
WBGene00000485.,49,175,224
WBGene00000487.,5,2,7
WBGene00000488.,23,46,69
WBGene00000490.,16,75,91
WBGene00000491.,45,125,170
WBGene00000492.,105,162,267
WBGene00000493.,9,39,48
WBGene00000496.,4,15,19
WBGene00000497.,7,16,23
WBGene00000498.,2,129,131
WBGene00000499.,13,24,37
WBGene00000500.,15,284,299
WBGene00000501.,24,233,257
WBGene00000502.,20,529,549
WBGene00000503.,0,0,0
WBGene00000506.,93,254,347
WBGene00000507.,28,224,252
WBGene00000508.,3,298,301
WBGene00000509.,55,493,548
WBGene00000510.,141,641,782
WBGene00000511.,33,145,178
WBGene00000512.,26,139,165
WBGene00000513.,6,31,37
WBGene00000514.,53,191,244
WBGene00000515.,8,103,111
WBGene00000516.,1,643,644
WBGene00000517.,16,81,97
WBGene00000518.,326,291,617
WBGene00000519.,258,135,393
WBGene00000520.,50,133,183
WBGene00000521.,1,13,14
WBGene00000522.,35,68,103
WBGene00000523.,15,96,111
WBGene00000524.,19,110,129
WBGene00000525.,0,4,4
WBGene00000526.,6,85,91
WBGene00000527.,71,318,389
WBGene00000528.,49,291,340
WBGene00000529.,64,113,177
WBGene00000530.,9,28,37
WBGene00000531.,0,9,9
WBGene00000532.,19,310,329
WBGene00000533.,4,71,75
WBGene00000534.,9,2630,2639
WBGene00000535.,129,1287,1416
WBGene00000536.,35,177,212
WBGene00000537.,8,120,128
WBGene00000539.,1,15,16
WBGene00000540.,30,72,102
WBGene00000541.,23,21,44
WBGene00000542.,181,1699,1880
WBGene00000543.,39,146,185
WBGene00000544.,8,1,9
WBGene00000545.,200,433,633
WBGene00000546.,1,3,4
WBGene00000547.,62,298,360
WBGene00000548.,43,600,643
WBGene00000549.,8,693,701
WBGene00000550.,52,3827,3879
WBGene00000551.,0,1,1
WBGene00000552.,777,8518,9295
WBGene00000553.,187,327,514
WBGene00000554.,322,1686,2008
WBGene00000555.,0,0,0
WBGene00000556.,12,87,99
WBGene00000557.,86,1019,1105
WBGene00000558.,49,501,550
WBGene00000559.,0,0,0
WBGene00000560.,0,0,0
WBGene00000561.,1,143,144
WBGene00000562.,23,57,80
WBGene00000563.,3,1,4
WBGene00000564.,32,208,240
WBGene00000565.,100,141,241
WBGene00000566.,86,252,338
WBGene00000567.,57,894,951
WBGene00000583.,118,454,572
WBGene00000584.,2,62,64
WBGene00000585.,39,386,425
WBGene00000591.,36,181,217
WBGene00000592.,4,32,36
WBGene00000593.,0,5,5
WBGene00000594.,0,5054,5054
WBGene00000596.,0,0,0
WBGene00000597.,0,9,9
WBGene00000598.,0,0,0
WBGene00000599.,11,3506,3517
WBGene00000601.,0,14,14
WBGene00000602.,0,9,9
WBGene00000603.,1,12,13
WBGene00000606.,26,75,101
WBGene00000608.,0,0,0
WBGene00000609.,0,1,1
WBGene00000610.,1,3,4
WBGene00000611.,29,98,127
WBGene00000612.,0,1,1
WBGene00000613.,0,13,13
WBGene00000614.,4,5,9
WBGene00000615.,0,5,5
WBGene00000616.,1,167,168
WBGene00000617.,0,0,0
WBGene00000618.,0,10,10
WBGene00000620.,0,0,0
WBGene00000621.,0,2,2
WBGene00000622.,0,3,3
WBGene00000623.,18,48,66
WBGene00000624.,10,35,45
WBGene00000625.,3,13,16
WBGene00000626.,0,0,0
WBGene00000627.,0,0,0
WBGene00000628.,0,3,3
WBGene00000629.,4,0,4
WBGene00000630.,7,15,22
WBGene00000631.,3,5,8
WBGene00000632.,0,51,51
WBGene00000633.,0,9,9
WBGene00000634.,0,3,3
WBGene00000636.,1,3,4
WBGene00000637.,1,19,20
WBGene00000638.,0,0,0
WBGene00000639.,0,69,69
WBGene00000640.,0,7,7
WBGene00000641.,1,153,154
WBGene00000642.,0,5,5
WBGene00000644.,0,5,5
WBGene00000645.,20,72,92
WBGene00000646.,0,2,2
WBGene00000647.,1,26,27
WBGene00000648.,6,0,6
WBGene00000649.,2,10,12
WBGene00000650.,0,0,0
WBGene00000651.,0,2,2
WBGene00000652.,4,16,20
WBGene00000653.,0,10,10
WBGene00000654.,1,2,3
WBGene00000655.,1,19,20
WBGene00000656.,8,557,565
WBGene00000657.,1,1,2
WBGene00000658.,13,2,15
WBGene00000659.,1,1,2
WBGene00000660.,0,1,1
WBGene00000661.,1,1,2
WBGene00000662.,2,12,14
WBGene00000663.,0,3,3
WBGene00000664.,0,61,61
WBGene00000665.,7,35,42
WBGene00000666.,0,41,41
WBGene00000667.,0,50,50
WBGene00000668.,0,284,284
WBGene00000669.,2,1780,1782
WBGene00000670.,0,8,8
WBGene00000671.,0,5,5
WBGene00000672.,0,6,6
WBGene00000673.,2,5392,5394
WBGene00000674.,19,211,230
WBGene00000675.,0,10,10
WBGene00000676.,0,0,0
WBGene00000677.,14,4409,4423
WBGene00000678.,0,11,11
WBGene00000679.,1,3,4
WBGene00000680.,0,0,0
WBGene00000681.,3,2177,2180
WBGene00000682.,0,24,24
WBGene00000683.,7,34,41
WBGene00000684.,4,22,26
WBGene00000685.,2,18,20
WBGene00000687.,0,8,8
WBGene00000688.,0,14,14
WBGene00000689.,9,12,21
WBGene00000690.,0,0,0
WBGene00000691.,0,4414,4414
WBGene00000692.,63,189,252
WBGene00000693.,0,1,1
WBGene00000694.,0,3,3
WBGene00000695.,1,0,1
WBGene00000696.,0,0,0
WBGene00000697.,1,1,2
WBGene00000698.,0,22,22
WBGene00000699.,0,49,49
WBGene00000700.,0,1,1
WBGene00000701.,0,0,0
WBGene00000702.,28,59,87
WBGene00000703.,1,73,74
WBGene00000704.,0,34,34
WBGene00000705.,0,0,0
WBGene00000706.,0,4,4
WBGene00000707.,0,0,0
WBGene00000708.,0,2,2
WBGene00000709.,1,0,1
WBGene00000710.,0,2,2
WBGene00000711.,0,0,0
WBGene00000712.,0,1,1
WBGene00000713.,0,5,5
WBGene00000714.,1,5,6
WBGene00000715.,1,5,6
WBGene00000716.,0,2,2
WBGene00000717.,8,1686,1694
WBGene00000718.,0,4,4
WBGene00000719.,0,0,0
WBGene00000720.,1,3815,3816
WBGene00000721.,0,3,3
WBGene00000722.,14,1481,1495
WBGene00000723.,0,22,22
WBGene00000724.,3,8,11
WBGene00000725.,0,9,9
WBGene00000726.,12,31,43
WBGene00000727.,0,252,252
WBGene00000728.,0,174,174
WBGene00000729.,0,0,0
WBGene00000730.,0,1,1
WBGene00000731.,3,57,60
WBGene00000732.,4,25,29
WBGene00000733.,0,5,5
WBGene00000734.,0,3,3
WBGene00000735.,0,2,2
WBGene00000736.,0,1,1
WBGene00000737.,0,13,13
WBGene00000738.,0,1,1
WBGene00000739.,0,9673,9673
WBGene00000740.,0,3165,3165
WBGene00000741.,0,1951,1951
WBGene00000742.,0,286,286
WBGene00000743.,0,128,128
WBGene00000744.,0,1,1
WBGene00000745.,0,18,18
WBGene00000746.,0,1,1
WBGene00000747.,0,11,11
WBGene00000748.,0,40,40
WBGene00000749.,0,92,92
WBGene00000750.,1,12,13
WBGene00000751.,0,2,2
WBGene00000752.,0,0,0
WBGene00000753.,0,12,12
WBGene00000754.,0,6,6
WBGene00000755.,0,2,2
WBGene00000756.,0,1,1
WBGene00000757.,0,2,2
WBGene00000758.,0,0,0
WBGene00000759.,13,23,36
WBGene00000760.,0,1,1
WBGene00000761.,32,496,528
WBGene00000762.,59,193,252
WBGene00000763.,67,571,638
WBGene00000764.,18,111,129
WBGene00000765.,2,715,717
WBGene00000766.,25,458,483
WBGene00000767.,156,952,1108
WBGene00000768.,186,1377,1563
WBGene00000770.,0,4,4
WBGene00000771.,0,1,1
WBGene00000772.,0,25,25
WBGene00000773.,62,409,471
WBGene00000774.,12,429,441
WBGene00000775.,57,112,169
WBGene00000776.,119,3963,4082
WBGene00000777.,13,664,677
WBGene00000778.,4,94,98
WBGene00000779.,6118,30307,36425
WBGene00000780.,276,811,1087
WBGene00000781.,2,163,165
WBGene00000782.,0,0,0
WBGene00000783.,7,52,59
WBGene00000784.,5,308,313
WBGene00000785.,3,364,367
WBGene00000786.,23,76,99
WBGene00000787.,9,582,591
WBGene00000788.,19,1368,1387
WBGene00000789.,10,235,245
WBGene00000792.,24,45,69
WBGene00000793.,960,548,1508
WBGene00000794.,33,359,392
WBGene00000795.,14,185,199
WBGene00000796.,111,650,761
WBGene00000797.,1,19,20
WBGene00000798.,4,420,424
WBGene00000799.,7,15,22
WBGene00000800.,100,866,966
WBGene00000801.,34,157,191
WBGene00000802.,775,20410,21185
WBGene00000803.,2,40,42
WBGene00000804.,4,284,288
WBGene00000812.,57,246,303
WBGene00000813.,43,362,405
WBGene00000814.,46,634,680
WBGene00000815.,88,300,388
WBGene00000816.,59,253,312
WBGene00000817.,12,243,255
WBGene00000818.,41,269,310
WBGene00000819.,1,0,1
WBGene00000820.,44,120,164
WBGene00000821.,0,1,1
WBGene00000822.,1852,9933,11785
WBGene00000829.,0,10220,10220
WBGene00000830.,0,0,0
WBGene00000831.,1,69,70
WBGene00000832.,195,858,1053
WBGene00000833.,58,15074,15132
WBGene00000834.,173,330,503
WBGene00000835.,79,737,816
WBGene00000836.,21,419,440
WBGene00000837.,43,406,449
WBGene00000838.,27,178,205
WBGene00000839.,27,388,415
WBGene00000840.,56,476,532
WBGene00000841.,13,37,50
WBGene00000843.,5,706,711
WBGene00000845.,255,972,1227
WBGene00000846.,36,194,230
WBGene00000851.,1,3,4
WBGene00000853.,2,3,5
WBGene00000854.,114,519,633
WBGene00000857.,5,223,228
WBGene00000858.,62,474,536
WBGene00000859.,1,5,6
WBGene00000860.,9,23,32
WBGene00000861.,0,2,2
WBGene00000862.,43,45,88
WBGene00000863.,8,214,222
WBGene00000864.,0,1,1
WBGene00000865.,4,133,137
WBGene00000866.,0,1,1
WBGene00000867.,0,3,3
WBGene00000868.,9,476,485
WBGene00000869.,99,4036,4135
WBGene00000870.,16,350,366
WBGene00000871.,17,70,87
WBGene00000872.,15,219,234
WBGene00000874.,32,334,366
WBGene00000875.,7,296,303
WBGene00000876.,107,674,781
WBGene00000877.,20,3450,3470
WBGene00000878.,2,28,30
WBGene00000879.,1025,8965,9990
WBGene00000880.,38,348,386
WBGene00000881.,3,4605,4608
WBGene00000882.,1,721,722
WBGene00000883.,3990,31605,35595
WBGene00000884.,17,485,502
WBGene00000885.,112,145,257
WBGene00000886.,30,305,335
WBGene00000887.,156,422,578
WBGene00000888.,43,425,468
WBGene00000889.,26,465,491
WBGene00000890.,43,188,231
WBGene00000891.,119,453,572
WBGene00000892.,46,222,268
WBGene00000893.,0,2,2
WBGene00000894.,66,520,586
WBGene00000895.,14,12,26
WBGene00000896.,224,2370,2594
WBGene00000897.,16,227,243
WBGene00000898.,431,540,971
WBGene00000899.,58,402,460
WBGene00000900.,200,559,759
WBGene00000901.,232,1443,1675
WBGene00000902.,2,23,25
WBGene00000903.,3,423,426
WBGene00000904.,14,32,46
WBGene00000905.,11,100,111
WBGene00000906.,53,77,130
WBGene00000907.,12,74,86
WBGene00000908.,201,376,577
WBGene00000910.,153,738,891
WBGene00000911.,103,573,676
WBGene00000912.,203,811,1014
WBGene00000913.,17,186,203
WBGene00000914.,101,310,411
WBGene00000915.,274,18845,19119
WBGene00000917.,87,529,616
WBGene00000920.,4,391,395
WBGene00000923.,15,860,875
WBGene00000928.,20,1028,1048
WBGene00000929.,85,343,428
WBGene00000930.,0,6,6
WBGene00000931.,76,2811,2887
WBGene00000932.,1,17,18
WBGene00000933.,192,1064,1256
WBGene00000934.,7,131,138
WBGene00000935.,2,51,53
WBGene00000936.,4,324,328
WBGene00000937.,0,119,119
WBGene00000938.,99,1136,1235
WBGene00000939.,87,486,573
WBGene00000940.,118,509,627
WBGene00000941.,851,3209,4060
WBGene00000942.,111,4018,4129
WBGene00000950.,13,22,35
WBGene00000951.,1,11,12
WBGene00000952.,17,11,28
WBGene00000953.,19,53,72
WBGene00000955.,2,17,19
WBGene00000958.,48,278,326
WBGene00000959.,59,445,504
WBGene00000960.,8,12,20
WBGene00000961.,9,258,267
WBGene00000962.,130,2032,2162
WBGene00000963.,62,355,417
WBGene00000964.,42,1620,1662
WBGene00000965.,18,270,288
WBGene00000966.,21,63,84
WBGene00000967.,31,56,87
WBGene00000968.,32,93,125
WBGene00000969.,7,261,268
WBGene00000970.,27,671,698
WBGene00000971.,1,17,18
WBGene00000972.,9,146,155
WBGene00000973.,20,258,278
WBGene00000974.,8,35,43
WBGene00000975.,285,575,860
WBGene00000976.,45,516,561
WBGene00000977.,0,9,9
WBGene00000978.,16,1142,1158
WBGene00000979.,4,61,65
WBGene00000980.,81,277,358
WBGene00000981.,1,76,77
WBGene00000982.,141,1529,1670
WBGene00000983.,10,92,102
WBGene00000984.,37,310,347
WBGene00000985.,13,332,345
WBGene00000986.,0,21,21
WBGene00000987.,72,386,458
WBGene00000988.,270,5223,5493
WBGene00000989.,0,4,4
WBGene00000990.,83,321,404
WBGene00000991.,72,301,373
WBGene00000992.,149,464,613
WBGene00000993.,85,342,427
WBGene00000994.,17,127,144
WBGene00000995.,6,181,187
WBGene00000996.,50,851,901
WBGene00000998.,614,9531,10145
WBGene00001000.,416,7954,8370
WBGene00001001.,75,566,641
WBGene00001002.,14,267,281
WBGene00001005.,23,7322,7345
WBGene00001006.,34,612,646
WBGene00001007.,291,1515,1806
WBGene00001008.,103,643,746
WBGene00001016.,4,45,49
WBGene00001017.,93,863,956
WBGene00001018.,227,765,992
WBGene00001019.,107,542,649
WBGene00001020.,24,339,363
WBGene00001021.,60,90,150
WBGene00001022.,5,74,79
WBGene00001023.,64,968,1032
WBGene00001025.,56,613,669
WBGene00001026.,14,561,575
WBGene00001027.,80,630,710
WBGene00001028.,144,984,1128
WBGene00001029.,176,1247,1423
WBGene00001030.,25,1892,1917
WBGene00001031.,13,1043,1056
WBGene00001032.,6,240,246
WBGene00001033.,47,227,274
WBGene00001034.,16,435,451
WBGene00001035.,45,361,406
WBGene00001036.,9,194,203
WBGene00001037.,23,1684,1707
WBGene00001038.,47,1818,1865
WBGene00001039.,163,489,652
WBGene00001040.,18,208,226
WBGene00001041.,11,442,453
WBGene00001042.,220,750,970
WBGene00001043.,72,246,318
WBGene00001044.,2,15,17
WBGene00001045.,22,320,342
WBGene00001046.,2,37,39
WBGene00001047.,147,1156,1303
WBGene00001048.,65,394,459
WBGene00001049.,15,139,154
WBGene00001050.,6,35,41
WBGene00001051.,0,733,733
WBGene00001052.,46,218,264
WBGene00001053.,29,116,145
WBGene00001054.,71,260,331
WBGene00001055.,70,243,313
WBGene00001056.,86,588,674
WBGene00001057.,10,378,388
WBGene00001058.,53,361,414
WBGene00001059.,2,86,88
WBGene00001060.,4,262,266
WBGene00001061.,22,207,229
WBGene00001062.,0,0,0
WBGene00001063.,0,2,2
WBGene00001064.,12,418,430
WBGene00001065.,2,611,613
WBGene00001066.,58,176,234
WBGene00001067.,0,102,102
WBGene00001068.,52,1082,1134
WBGene00001069.,7,498,505
WBGene00001070.,76,332,408
WBGene00001071.,62,470,532
WBGene00001072.,2,374,376
WBGene00001073.,108,1314,1422
WBGene00001074.,65,196,261
WBGene00001075.,8,19,27
WBGene00001076.,0,79,79
WBGene00001077.,45,1015,1060
WBGene00001078.,56,222,278
WBGene00001079.,5,67,72
WBGene00001080.,160,969,1129
WBGene00001081.,48,916,964
WBGene00001082.,65,627,692
WBGene00001085.,57,422,479
WBGene00001086.,37,505,542
WBGene00001087.,371,337,708
WBGene00001088.,487,2428,2915
WBGene00001089.,72,447,519
WBGene00001090.,9,168,177
WBGene00001091.,57,266,323
WBGene00001092.,0,25,25
WBGene00001093.,20,778,798
WBGene00001094.,18,1855,1873
WBGene00001095.,39,141,180
WBGene00001096.,2,38,40
WBGene00001099.,3,41,44
WBGene00001101.,193,816,1009
WBGene00001102.,9,123,132
WBGene00001103.,0,0,0
WBGene00001104.,1,0,1
WBGene00001105.,1,3,4
WBGene00001106.,2,0,2
WBGene00001107.,19,90,109
WBGene00001108.,0,1,1
WBGene00001109.,0,16,16
WBGene00001110.,3,60,63
WBGene00001111.,10,2,12
WBGene00001112.,20,184,204
WBGene00001113.,825,3417,4242
WBGene00001115.,179,452,631
WBGene00001116.,112,609,721
WBGene00001117.,11,81,92
WBGene00001118.,25,38,63
WBGene00001119.,18,61,79
WBGene00001121.,16,32,48
WBGene00001122.,11,162,173
WBGene00001123.,1,33,34
WBGene00001127.,17,51,68
WBGene00001129.,6,27,33
WBGene00001130.,32,300,332
WBGene00001131.,499,3054,3553
WBGene00001132.,221,1620,1841
WBGene00001133.,3,10,13
WBGene00001134.,72,920,992
WBGene00001135.,13,206,219
WBGene00001136.,11,37,48
WBGene00001137.,165,6600,6765
WBGene00001145.,491,1766,2257
WBGene00001147.,0,1,1
WBGene00001148.,1707,97,1804
WBGene00001149.,86,5250,5336
WBGene00001150.,2,4,6
WBGene00001151.,59,451,510
WBGene00001152.,3,118,121
WBGene00001153.,3,406,409
WBGene00001154.,17,587,604
WBGene00001155.,3069,9699,12768
WBGene00001156.,25,108,133
WBGene00001157.,14,34,48
WBGene00001158.,0,1,1
WBGene00001159.,3,145,148
WBGene00001160.,25,683,708
WBGene00001161.,34,173,207
WBGene00001162.,132,186,318
WBGene00001163.,56,826,882
WBGene00001164.,0,3,3
WBGene00001165.,14,41,55
WBGene00001166.,40,1571,1611
WBGene00001167.,3995,49021,53016
WBGene00001168.,7261,103605,110866
WBGene00001169.,104,40564,40668
WBGene00001170.,6,66,72
WBGene00001171.,37,36,73
WBGene00001172.,75,1814,1889
WBGene00001173.,580,2193,2773
WBGene00001174.,1,27,28
WBGene00001175.,6,33,39
WBGene00001177.,508,966,1474
WBGene00001178.,111,476,587
WBGene00001179.,54,656,710
WBGene00001182.,23,279,302
WBGene00001184.,33,327,360
WBGene00001185.,4,69,73
WBGene00001186.,61,429,490
WBGene00001187.,82,1234,1316
WBGene00001188.,25,93,118
WBGene00001189.,560,3294,3854
WBGene00001190.,55,78,133
WBGene00001193.,0,74,74
WBGene00001194.,124,1272,1396
WBGene00001196.,165,4937,5102
WBGene00001202.,13,48,61
WBGene00001204.,15,54,69
WBGene00001207.,5,50,55
WBGene00001208.,118,547,665
WBGene00001209.,50,2429,2479
WBGene00001210.,7,335,342
WBGene00001211.,6,49,55
WBGene00001214.,5,54,59
WBGene00001215.,86,497,583
WBGene00001223.,0,1,1
WBGene00001224.,10,463,473
WBGene00001225.,14,2065,2079
WBGene00001226.,187,3221,3408
WBGene00001227.,817,2963,3780
WBGene00001228.,12,977,989
WBGene00001229.,25,1342,1367
WBGene00001230.,29,2341,2370
WBGene00001231.,23,1253,1276
WBGene00001232.,112,1242,1354
WBGene00001233.,276,1364,1640
WBGene00001234.,4,1936,1940
WBGene00001235.,51,636,687
WBGene00001236.,18,548,566
WBGene00001237.,5,29,34
WBGene00001239.,107,2250,2357
WBGene00001240.,40,506,546
WBGene00001241.,76,1076,1152
WBGene00001242.,3,33,36
WBGene00001243.,31,116,147
WBGene00001244.,194,705,899
WBGene00001245.,0,1,1
WBGene00001246.,3,23,26
WBGene00001247.,9,78,87
WBGene00001248.,120,229,349
WBGene00001249.,4,260,264
WBGene00001250.,1,14,15
WBGene00001251.,15,363,378
WBGene00001252.,2,14,16
WBGene00001253.,24,169,193
WBGene00001258.,229,832,1061
WBGene00001259.,40,1208,1248
WBGene00001262.,21,373,394
WBGene00001263.,523,12061,12584
WBGene00001281.,32,203,235
WBGene00001284.,50,320,370
WBGene00001303.,203,8358,8561
WBGene00001309.,115,827,942
WBGene00001310.,0,2,2
WBGene00001311.,0,2,2
WBGene00001320.,3,440,443
WBGene00001324.,16,234,250
WBGene00001325.,86,236,322
WBGene00001328.,130,4093,4223
WBGene00001329.,19,849,868
WBGene00001330.,107,537,644
WBGene00001331.,42,1678,1720
WBGene00001332.,40,124,164
WBGene00001333.,56,930,986
WBGene00001334.,64,503,567
WBGene00001335.,93,452,545
WBGene00001336.,250,1466,1716
WBGene00001337.,854,1860,2714
WBGene00001338.,19,415,434
WBGene00001340.,98,894,992
WBGene00001345.,180,309,489
WBGene00001352.,91,531,622
WBGene00001358.,21,103,124
WBGene00001362.,2,10,12
WBGene00001365.,54,304,358
WBGene00001366.,101,494,595
WBGene00001368.,53,441,494
WBGene00001371.,10,183,193
WBGene00001372.,38,86,124
WBGene00001373.,18,30,48
WBGene00001374.,75,258,333
WBGene00001377.,40,108,148
WBGene00001385.,54445,191037,245482
WBGene00001386.,1731,10014,11745
WBGene00001387.,8,38,46
WBGene00001388.,0,0,0
WBGene00001389.,36,209,245
WBGene00001390.,13,130,143
WBGene00001391.,14,434,448
WBGene00001392.,160,4194,4354
WBGene00001393.,27,2157,2184
WBGene00001394.,19,1803,1822
WBGene00001395.,187,1619,1806
WBGene00001396.,42,857,899
WBGene00001397.,0,11,11
WBGene00001398.,20,489,509
WBGene00001399.,1,3,4
WBGene00001400.,2,58,60
WBGene00001401.,1,37,38
WBGene00001402.,1,74,75
WBGene00001403.,59,344,403
WBGene00001404.,622,5032,5654
WBGene00001405.,7,533,540
WBGene00001406.,84,248,332
WBGene00001410.,32,217,249
WBGene00001411.,9,337,346
WBGene00001412.,7,235,242
WBGene00001413.,4,35,39
WBGene00001414.,0,2,2
WBGene00001423.,210,12041,12251
WBGene00001424.,0,0,0
WBGene00001425.,124,489,613
WBGene00001426.,179,2446,2625
WBGene00001427.,1035,18721,19756
WBGene00001428.,1,455,456
WBGene00001429.,17,210,227
WBGene00001430.,105,1642,1747
WBGene00001431.,58,1573,1631
WBGene00001432.,29,74,103
WBGene00001433.,59,279,338
WBGene00001434.,1,54,55
WBGene00001435.,0,0,0
WBGene00001436.,0,0,0
WBGene00001437.,0,8,8
WBGene00001438.,1,11,12
WBGene00001439.,267,613,880
WBGene00001440.,7,68,75
WBGene00001441.,45,700,745
WBGene00001442.,1,31,32
WBGene00001443.,160,605,765
WBGene00001444.,4987,16140,21127
WBGene00001445.,35,197,232
WBGene00001446.,2,41,43
WBGene00001447.,54,499,553
WBGene00001448.,392,2638,3030
WBGene00001449.,144,552,696
WBGene00001450.,14,258,272
WBGene00001451.,173,805,978
WBGene00001452.,42,2670,2712
WBGene00001453.,1,165,166
WBGene00001454.,5,1422,1427
WBGene00001455.,220,1947,2167
WBGene00001456.,3,600,603
WBGene00001457.,1297,3857,5154
WBGene00001458.,59,578,637
WBGene00001459.,16,983,999
WBGene00001460.,14,107,121
WBGene00001461.,573,1272,1845
WBGene00001462.,21,1389,1410
WBGene00001463.,13,185,198
WBGene00001464.,104,1042,1146
WBGene00001465.,5,9,14
WBGene00001466.,4,59,63
WBGene00001468.,2,8,10
WBGene00001470.,35,426,461
WBGene00001475.,26,270,296
WBGene00001476.,8,36,44
WBGene00001477.,7,70,77
WBGene00001478.,9,73,82
WBGene00001479.,0,97,97
WBGene00001480.,246,1748,1994
WBGene00001481.,7,44,51
WBGene00001482.,1,35,36
WBGene00001483.,1,29,30
WBGene00001484.,102,336,438
WBGene00001485.,133,201,334
WBGene00001486.,8,173,181
WBGene00001487.,0,0,0
WBGene00001488.,182,6141,6323
WBGene00001489.,76,236,312
WBGene00001490.,68,505,573
WBGene00001491.,141,782,923
WBGene00001492.,12,6,18
WBGene00001493.,41,413,454
WBGene00001494.,81,246,327
WBGene00001495.,0,0,0
WBGene00001496.,231,860,1091
WBGene00001497.,49,1363,1412
WBGene00001498.,303,1553,1856
WBGene00001499.,3,160,163
WBGene00001500.,2,6,8
WBGene00001501.,212,794,1006
WBGene00001502.,257,11251,11508
WBGene00001503.,85,2717,2802
WBGene00001505.,11,77,88
WBGene00001506.,5,7,12
WBGene00001507.,8,22,30
WBGene00001508.,47,237,284
WBGene00001509.,43,580,623
WBGene00001510.,40,460,500
WBGene00001511.,9,188,197
WBGene00001512.,19,96,115
WBGene00001513.,3,286,289
WBGene00001514.,8,56,64
WBGene00001515.,15,40,55
WBGene00001516.,135,548,683
WBGene00001517.,29,186,215
WBGene00001518.,89,390,479
WBGene00001519.,79,495,574
WBGene00001520.,119,2813,2932
WBGene00001522.,14,52,66
WBGene00001523.,30,376,406
WBGene00001526.,28,176,204
WBGene00001527.,11,329,340
WBGene00001528.,0,0,0
WBGene00001529.,1,0,1
WBGene00001530.,1,16,17
WBGene00001531.,3,17,20
WBGene00001532.,3,10,13
WBGene00001533.,6,6,12
WBGene00001534.,5,19,24
WBGene00001535.,4,22,26
WBGene00001536.,6,19,25
WBGene00001537.,110,145,255
WBGene00001538.,25,265,290
WBGene00001539.,29,16,45
WBGene00001540.,1,10,11
WBGene00001541.,2,74,76
WBGene00001542.,6,25,31
WBGene00001543.,6,16,22
WBGene00001544.,15,52,67
WBGene00001545.,0,10,10
WBGene00001546.,1,23,24
WBGene00001547.,29,68,97
WBGene00001548.,4,16,20
WBGene00001549.,15,21,36
WBGene00001550.,4,15,19
WBGene00001551.,15,19,34
WBGene00001552.,18,119,137
WBGene00001553.,59,183,242
WBGene00001554.,37,123,160
WBGene00001555.,100,202,302
WBGene00001556.,71,211,282
WBGene00001557.,32,135,167
WBGene00001558.,34,2018,2052
WBGene00001559.,43,243,286
WBGene00001560.,6,29,35
WBGene00001561.,222,1698,1920
WBGene00001562.,10,505,515
WBGene00001563.,26,360,386
WBGene00001564.,264,16030,16294
WBGene00001565.,38,372,410
WBGene00001566.,49,535,584
WBGene00001568.,14,211,225
WBGene00001569.,0,14,14
WBGene00001570.,79,579,658
WBGene00001571.,3,35,38
WBGene00001572.,253,1466,1719
WBGene00001574.,90,467,557
WBGene00001575.,24,88,112
WBGene00001577.,4,40,44
WBGene00001578.,10,37,47
WBGene00001579.,29,372,401
WBGene00001580.,20,235,255
WBGene00001581.,1,134,135
WBGene00001582.,77,484,561
WBGene00001583.,15,149,164
WBGene00001584.,41,184,225
WBGene00001585.,31,263,294
WBGene00001586.,20,51,71
WBGene00001587.,37,87,124
WBGene00001588.,12,79,91
WBGene00001589.,76,245,321
WBGene00001590.,12,187,199
WBGene00001591.,1,52,53
WBGene00001592.,9,120,129
WBGene00001593.,12,49,61
WBGene00001594.,74,487,561
WBGene00001595.,2,32,34
WBGene00001596.,36,572,608
WBGene00001597.,10,38,48
WBGene00001598.,10,341,351
WBGene00001599.,3,37,40
WBGene00001600.,1,39,40
WBGene00001601.,8,53,61
WBGene00001602.,21,267,288
WBGene00001603.,0,7,7
WBGene00001604.,36,4169,4205
WBGene00001605.,0,3,3
WBGene00001606.,11,85,96
WBGene00001607.,6,28,34
WBGene00001608.,5,6,11
WBGene00001609.,5,60,65
WBGene00001612.,7,37,44
WBGene00001613.,25,136,161
WBGene00001614.,14,37,51
WBGene00001615.,52,165,217
WBGene00001616.,53,196,249
WBGene00001617.,91,149,240
WBGene00001618.,5,5,10
WBGene00001619.,6,32,38
WBGene00001620.,69,1498,1567
WBGene00001621.,3,19,22
WBGene00001622.,7,175,182
WBGene00001623.,3,29,32
WBGene00001624.,0,3,3
WBGene00001625.,0,2,2
WBGene00001626.,0,5,5
WBGene00001627.,20,67,87
WBGene00001628.,15,295,310
WBGene00001629.,107,340,447
WBGene00001630.,167,323,490
WBGene00001631.,56,404,460
WBGene00001632.,8,450,458
WBGene00001633.,70,201,271
WBGene00001635.,17,370,387
WBGene00001636.,24,143,167
WBGene00001637.,33,218,251
WBGene00001638.,10,136,146
WBGene00001639.,5,8,13
WBGene00001640.,1,0,1
WBGene00001641.,0,1,1
WBGene00001642.,0,0,0
WBGene00001643.,11,38,49
WBGene00001644.,1,6,7
WBGene00001645.,31,281,312
WBGene00001646.,0,267,267
WBGene00001647.,2,167,169
WBGene00001648.,125,2063,2188
WBGene00001649.,27,685,712
WBGene00001650.,168,612,780
WBGene00001651.,84,340,424
WBGene00001653.,50,196,246
WBGene00001660.,8,163,171
WBGene00001661.,71,395,466
WBGene00001662.,32,994,1026
WBGene00001663.,23,172,195
WBGene00001664.,4,85,89
WBGene00001665.,4,65,69
WBGene00001666.,4,58,62
WBGene00001667.,3,9,12
WBGene00001668.,4,5,9
WBGene00001669.,70,354,424
WBGene00001670.,13,34,47
WBGene00001671.,41,353,394
WBGene00001672.,6,13,19
WBGene00001673.,27,17,44
WBGene00001674.,15,90,105
WBGene00001675.,0,2,2
WBGene00001676.,37,59,96
WBGene00001677.,11,56,67
WBGene00001678.,36,105,141
WBGene00001679.,104,3542,3646
WBGene00001680.,25,482,507
WBGene00001681.,4,171,175
WBGene00001682.,320,5282,5602
WBGene00001683.,24,107,131
WBGene00001684.,22,8167,8189
WBGene00001685.,14,12015,12029
WBGene00001686.,31,163,194
WBGene00001687.,5,11,16
WBGene00001688.,6,114,120
WBGene00001689.,7,162,169
WBGene00001690.,7,23,30
WBGene00001691.,0,1,1
WBGene00001692.,152,2297,2449
WBGene00001693.,0,0,0
WBGene00001694.,3,530,533
WBGene00001695.,0,2,2
WBGene00001696.,4,10,14
WBGene00001697.,0,2,2
WBGene00001698.,4,10,14
WBGene00001699.,216,8367,8583
WBGene00001700.,6,1,7
WBGene00001701.,0,9,9
WBGene00001702.,1008,2917,3925
WBGene00001703.,1,8,9
WBGene00001704.,0,4,4
WBGene00001705.,1,22,23
WBGene00001706.,4,52,56
WBGene00001707.,46,115,161
WBGene00001708.,102,512,614
WBGene00001709.,26,219,245
WBGene00001710.,3,5,8
WBGene00001711.,0,10,10
WBGene00001712.,1,5,6
WBGene00001713.,11,711,722
WBGene00001714.,0,4,4
WBGene00001715.,0,3,3
WBGene00001716.,4,7,11
WBGene00001717.,2,23,25
WBGene00001718.,0,14,14
WBGene00001719.,10,78,88
WBGene00001720.,0,1,1
WBGene00001721.,10,64,74
WBGene00001722.,0,2,2
WBGene00001723.,2,13,15
WBGene00001724.,7,19,26
WBGene00001725.,1,19,20
WBGene00001726.,0,1,1
WBGene00001727.,1,8,9
WBGene00001728.,0,0,0
WBGene00001729.,2,17,19
WBGene00001730.,0,0,0
WBGene00001731.,1,6,7
WBGene00001732.,1,6,7
WBGene00001733.,1,3,4
WBGene00001734.,0,0,0
WBGene00001735.,4,4,8
WBGene00001736.,5,4,9
WBGene00001737.,0,0,0
WBGene00001738.,0,0,0
WBGene00001739.,0,0,0
WBGene00001740.,42,109,151
WBGene00001743.,12,156,168
WBGene00001744.,68,1265,1333
WBGene00001745.,173,690,863
WBGene00001746.,57,1131,1188
WBGene00001747.,40,1714,1754
WBGene00001748.,188,2456,2644
WBGene00001749.,2,702,704
WBGene00001750.,28,119,147
WBGene00001751.,25,383,408
WBGene00001752.,1,77,78
WBGene00001753.,52,4332,4384
WBGene00001754.,0,55,55
WBGene00001755.,13,3520,3533
WBGene00001756.,0,21,21
WBGene00001757.,3,26,29
WBGene00001758.,3,396,399
WBGene00001759.,9,147,156
WBGene00001760.,2,238,240
WBGene00001761.,13,70,83
WBGene00001762.,0,12,12
WBGene00001763.,0,60,60
WBGene00001764.,1,97,98
WBGene00001765.,1,2,3
WBGene00001766.,0,0,0
WBGene00001767.,0,23,23
WBGene00001768.,7,1600,1607
WBGene00001769.,5,72,77
WBGene00001770.,0,59,59
WBGene00001771.,2,44,46
WBGene00001772.,6,949,955
WBGene00001773.,0,15,15
WBGene00001774.,1,89,90
WBGene00001775.,1,245,246
WBGene00001776.,5,134,139
WBGene00001777.,0,2,2
WBGene00001778.,1,13,14
WBGene00001779.,0,15,15
WBGene00001780.,0,13,13
WBGene00001781.,26,199,225
WBGene00001782.,3,78,81
WBGene00001783.,7,83,90
WBGene00001784.,77,310,387
WBGene00001785.,0,3,3
WBGene00001786.,0,29,29
WBGene00001787.,1,383,384
WBGene00001788.,43,146,189
WBGene00001789.,0,189,189
WBGene00001790.,42,308,350
WBGene00001791.,78,332,410
WBGene00001792.,7,42,49
WBGene00001793.,192,1225,1417
WBGene00001794.,1372,7658,9030
WBGene00001795.,8,33,41
WBGene00001796.,10,35,45
WBGene00001803.,12,65,77
WBGene00001804.,6,21,27
WBGene00001805.,25,87,112
WBGene00001806.,9,17,26
WBGene00001808.,256,658,914
WBGene00001811.,10,47,57
WBGene00001812.,26,237,263
WBGene00001813.,53,453,506
WBGene00001814.,10,83,93
WBGene00001815.,36,187,223
WBGene00001816.,118,329,447
WBGene00001817.,5,158,163
WBGene00001818.,3,0,3
WBGene00001819.,10,129,139
WBGene00001820.,4,192,196
WBGene00001821.,11,144,155
WBGene00001823.,36,400,436
WBGene00001824.,28,345,373
WBGene00001827.,15,340,355
WBGene00001828.,0,0,0
WBGene00001829.,8,193,201
WBGene00001830.,9,142,151
WBGene00001831.,11,235,246
WBGene00001832.,15,211,226
WBGene00001833.,39,343,382
WBGene00001834.,5,704,709
WBGene00001835.,4,187,191
WBGene00001836.,22,320,342
WBGene00001837.,191,365,556
WBGene00001838.,18,71,89
WBGene00001839.,13,26,39
WBGene00001840.,268,4605,4873
WBGene00001841.,4,68,72
WBGene00001842.,0,16,16
WBGene00001843.,121,618,739
WBGene00001844.,21,375,396
WBGene00001851.,96,3222,3318
WBGene00001852.,14,76,90
WBGene00001853.,81,6433,6514
WBGene00001854.,40,3037,3077
WBGene00001855.,6,1466,1472
WBGene00001856.,0,1157,1157
WBGene00001857.,0,18,18
WBGene00001858.,270,1180,1450
WBGene00001859.,1,4,5
WBGene00001860.,30,495,525
WBGene00001862.,0,41,41
WBGene00001863.,420,2830,3250
WBGene00001864.,70,241,311
WBGene00001865.,10,69,79
WBGene00001867.,14,105,119
WBGene00001869.,9,185,194
WBGene00001872.,5,12,17
WBGene00001874.,10,211,221
WBGene00001875.,0,248,248
WBGene00001876.,0,142,142
WBGene00001877.,0,250,250
WBGene00001878.,0,178,178
WBGene00001879.,0,465,465
WBGene00001880.,0,332,332
WBGene00001881.,0,281,281
WBGene00001882.,0,52,52
WBGene00001883.,0,22,22
WBGene00001884.,0,0,0
WBGene00001885.,0,14,14
WBGene00001886.,0,0,0
WBGene00001887.,0,0,0
WBGene00001888.,0,0,0
WBGene00001889.,0,0,0
WBGene00001890.,0,47,47
WBGene00001891.,0,77,77
WBGene00001892.,0,337,337
WBGene00001893.,0,0,0
WBGene00001894.,0,0,0
WBGene00001895.,0,0,0
WBGene00001896.,0,0,0
WBGene00001898.,16,10681,10697
WBGene00001899.,0,15,15
WBGene00001900.,0,129,129
WBGene00001901.,0,0,0
WBGene00001902.,0,0,0
WBGene00001903.,0,1,1
WBGene00001904.,0,2,2
WBGene00001905.,0,104,104
WBGene00001906.,0,362,362
WBGene00001907.,0,0,0
WBGene00001908.,0,0,0
WBGene00001909.,310,7532,7842
WBGene00001910.,313,4914,5227
WBGene00001911.,586,9149,9735
WBGene00001912.,0,43,43
WBGene00001913.,0,0,0
WBGene00001914.,0,24,24
WBGene00001915.,490,8029,8519
WBGene00001916.,0,37,37
WBGene00001917.,0,0,0
WBGene00001918.,0,0,0
WBGene00001919.,0,5,5
WBGene00001920.,0,0,0
WBGene00001921.,0,3,3
WBGene00001922.,0,215,215
WBGene00001923.,0,0,0
WBGene00001924.,0,0,0
WBGene00001925.,0,0,0
WBGene00001926.,0,0,0
WBGene00001927.,0,0,0
WBGene00001928.,0,0,0
WBGene00001929.,0,9,9
WBGene00001930.,0,0,0
WBGene00001931.,33,446,479
WBGene00001932.,0,19,19
WBGene00001933.,0,325,325
WBGene00001934.,0,641,641
WBGene00001935.,0,136,136
WBGene00001936.,0,234,234
WBGene00001937.,0,142,142
WBGene00001938.,0,440,440
WBGene00001939.,0,20,20
WBGene00001940.,0,45,45
WBGene00001941.,0,157,157
WBGene00001942.,0,476,476
WBGene00001943.,0,9,9
WBGene00001944.,0,13,13
WBGene00001945.,37,1626,1663
WBGene00001946.,372,8070,8442
WBGene00001947.,0,0,0
WBGene00001948.,184,571,755
WBGene00001949.,8,317,325
WBGene00001950.,1,234,235
WBGene00001951.,9,145,154
WBGene00001952.,7,70,77
WBGene00001953.,8,51,59
WBGene00001954.,6,38,44
WBGene00001955.,41,1349,1390
WBGene00001956.,0,1,1
WBGene00001957.,33,96,129
WBGene00001958.,1,156,157
WBGene00001959.,11,35,46
WBGene00001960.,9,67,76
WBGene00001961.,6,22,28
WBGene00001962.,0,0,0
WBGene00001963.,1,11,12
WBGene00001964.,0,1,1
WBGene00001965.,0,0,0
WBGene00001966.,0,7,7
WBGene00001967.,0,0,0
WBGene00001968.,0,1,1
WBGene00001971.,78,7596,7674
WBGene00001972.,87,2239,2326
WBGene00001973.,2,78,80
WBGene00001974.,27,858,885
WBGene00001975.,27,360,387
WBGene00001976.,0,5,5
WBGene00001977.,0,415,415
WBGene00001978.,56,495,551
WBGene00001979.,10,254,264
WBGene00001980.,438,829,1267
WBGene00001981.,0,3,3
WBGene00001983.,35,245,280
WBGene00001984.,24,95,119
WBGene00001985.,1,11,12
WBGene00001986.,20,321,341
WBGene00001987.,172,156,328
WBGene00001988.,39,187,226
WBGene00001989.,18,125,143
WBGene00001990.,54,527,581
WBGene00001991.,11,66,77
WBGene00001992.,11,61,72
WBGene00001993.,7,963,970
WBGene00001994.,52,1076,1128
WBGene00001995.,35,291,326
WBGene00001996.,147,253,400
WBGene00001997.,33,63,96
WBGene00001998.,3,53,56
WBGene00001999.,21,3947,3968
WBGene00002000.,92,3329,3421
WBGene00002001.,143,1010,1153
WBGene00002002.,38,731,769
WBGene00002003.,17,88,105
WBGene00002004.,74,239,313
WBGene00002005.,230,14430,14660
WBGene00002006.,0,1,1
WBGene00002007.,159,7667,7826
WBGene00002008.,56,381,437
WBGene00002010.,30,3734,3764
WBGene00002011.,534,3578,4112
WBGene00002012.,1,65,66
WBGene00002013.,1,16,17
WBGene00002015.,0,0,0
WBGene00002016.,8,795,803
WBGene00002017.,0,198,198
WBGene00002018.,8,626,634
WBGene00002019.,0,2,2
WBGene00002020.,0,1,1
WBGene00002021.,60,210,270
WBGene00002023.,283,3820,4103
WBGene00002024.,18,256,274
WBGene00002025.,339,12423,12762
WBGene00002026.,1,23,24
WBGene00002027.,62,973,1035
WBGene00002028.,4,120,124
WBGene00002029.,2,81,83
WBGene00002030.,23,67,90
WBGene00002031.,6,80,86
WBGene00002032.,3,46,49
WBGene00002033.,0,8,8
WBGene00002034.,1,53,54
WBGene00002035.,68,257,325
WBGene00002036.,38,317,355
WBGene00002037.,34,138,172
WBGene00002038.,40,279,319
WBGene00002039.,35,177,212
WBGene00002040.,103,558,661
WBGene00002041.,13,38,51
WBGene00002042.,14,102,116
WBGene00002043.,23,109,132
WBGene00002044.,11,370,381
WBGene00002045.,4209,19950,24159
WBGene00002046.,71,691,762
WBGene00002047.,31,284,315
WBGene00002048.,199,1003,1202
WBGene00002050.,143,428,571
WBGene00002051.,0,6,6
WBGene00002052.,32,180,212
WBGene00002053.,69,1663,1732
WBGene00002054.,13,330,343
WBGene00002055.,2,112,114
WBGene00002056.,47,227,274
WBGene00002057.,3,21,24
WBGene00002058.,3,31,34
WBGene00002059.,57,706,763
WBGene00002060.,26,1490,1516
WBGene00002061.,10,498,508
WBGene00002062.,16,267,283
WBGene00002063.,36,60,96
WBGene00002064.,775,1783,2558
WBGene00002065.,273,30919,31192
WBGene00002066.,142,2213,2355
WBGene00002067.,14,88,102
WBGene00002068.,6,186,192
WBGene00002069.,99,634,733
WBGene00002070.,15,516,531
WBGene00002071.,18,795,813
WBGene00002072.,15,127,142
WBGene00002073.,6,503,509
WBGene00002074.,51,1268,1319
WBGene00002075.,42,364,406
WBGene00002076.,117,310,427
WBGene00002077.,144,3187,3331
WBGene00002078.,53,819,872
WBGene00002079.,4,244,248
WBGene00002080.,41,338,379
WBGene00002081.,6,197,203
WBGene00002083.,45,5482,5527
WBGene00002084.,6,262,268
WBGene00002085.,0,6,6
WBGene00002086.,16,156,172
WBGene00002087.,0,6,6
WBGene00002088.,6,38,44
WBGene00002089.,6,44,50
WBGene00002090.,0,1,1
WBGene00002091.,0,1,1
WBGene00002092.,9,35,44
WBGene00002093.,11,53,64
WBGene00002094.,1,6,7
WBGene00002095.,4,8,12
WBGene00002096.,8,5,13
WBGene00002097.,5,68,73
WBGene00002098.,1,11,12
WBGene00002099.,2,7,9
WBGene00002100.,46,894,940
WBGene00002101.,51,197,248
WBGene00002102.,2,10,12
WBGene00002103.,1,1,2
WBGene00002104.,3,3,6
WBGene00002105.,12,62,74
WBGene00002106.,0,2,2
WBGene00002107.,1,25,26
WBGene00002108.,4,13,17
WBGene00002109.,65,238,303
WBGene00002110.,466,1639,2105
WBGene00002111.,27,210,237
WBGene00002112.,14,58,72
WBGene00002113.,14,315,329
WBGene00002114.,1,10,11
WBGene00002115.,1,5,6
WBGene00002116.,7,47,54
WBGene00002117.,3,4,7
WBGene00002118.,3,20,23
WBGene00002119.,5,7,12
WBGene00002120.,1,64,65
WBGene00002121.,1,2,3
WBGene00002123.,189,810,999
WBGene00002124.,2,36,38
WBGene00002125.,0,73,73
WBGene00002127.,7,989,996
WBGene00002128.,16,95,111
WBGene00002129.,16,235,251
WBGene00002130.,2,7,9
WBGene00002131.,3,11,14
WBGene00002132.,4,150,154
WBGene00002133.,31,121,152
WBGene00002134.,68,1706,1774
WBGene00002135.,45,1731,1776
WBGene00002136.,18,54,72
WBGene00002137.,4,20,24
WBGene00002138.,1,8,9
WBGene00002139.,0,17,17
WBGene00002140.,34,229,263
WBGene00002141.,21,14,35
WBGene00002142.,18,40,58
WBGene00002143.,4,26,30
WBGene00002144.,3,11,14
WBGene00002146.,39,203,242
WBGene00002147.,50,201,251
WBGene00002148.,26,272,298
WBGene00002149.,26,55,81
WBGene00002150.,41,33,74
WBGene00002151.,48,162,210
WBGene00002152.,446,1504,1950
WBGene00002153.,21,293,314
WBGene00002162.,1725,8892,10617
WBGene00002163.,62,217,279
WBGene00002169.,96,511,607
WBGene00002173.,95,293,388
WBGene00002174.,14,96,110
WBGene00002175.,120,346,466
WBGene00002176.,154,247,401
WBGene00002177.,16,45,61
WBGene00002178.,29,323,352
WBGene00002179.,150,1679,1829
WBGene00002180.,6,181,187
WBGene00002181.,26,160,186
WBGene00002182.,31,65,96
WBGene00002183.,654,4047,4701
WBGene00002184.,79,150,229
WBGene00002185.,327,474,801
WBGene00002186.,0,0,0
WBGene00002187.,91,589,680
WBGene00002188.,1,0,1
WBGene00002189.,745,2165,2910
WBGene00002190.,188,3232,3420
WBGene00002191.,189,2798,2987
WBGene00002192.,65,347,412
WBGene00002193.,1,0,1
WBGene00002194.,19,98,117
WBGene00002195.,6,83,89
WBGene00002196.,42,1488,1530
WBGene00002198.,54,93,147
WBGene00002199.,29,112,141
WBGene00002200.,19,105,124
WBGene00002201.,24,292,316
WBGene00002202.,108,2516,2624
WBGene00002203.,104,688,792
WBGene00002204.,1,0,1
WBGene00002205.,2,14,16
WBGene00002206.,0,0,0
WBGene00002207.,19,119,138
WBGene00002208.,2,3,5
WBGene00002210.,140,507,647
WBGene00002211.,4,33,37
WBGene00002212.,2,4,6
WBGene00002213.,26,242,268
WBGene00002214.,13,262,275
WBGene00002215.,131,1171,1302
WBGene00002216.,68,571,639
WBGene00002217.,51,544,595
WBGene00002218.,8,21,29
WBGene00002219.,14,277,291
WBGene00002220.,26,167,193
WBGene00002221.,1,31,32
WBGene00002222.,0,0,0
WBGene00002223.,336,674,1010
WBGene00002224.,28,26,54
WBGene00002225.,0,80,80
WBGene00002226.,0,253,253
WBGene00002227.,1,3,4
WBGene00002228.,4,96,100
WBGene00002229.,16,213,229
WBGene00002230.,44,65,109
WBGene00002231.,14,230,244
WBGene00002232.,47,485,532
WBGene00002233.,18,56,74
WBGene00002234.,2,8,10
WBGene00002235.,31,12,43
WBGene00002238.,14,2662,2676
WBGene00002239.,33,155,188
WBGene00002240.,50,70,120
WBGene00002241.,147,393,540
WBGene00002242.,51,113,164
WBGene00002243.,47,79,126
WBGene00002244.,86,1529,1615
WBGene00002245.,42,207,249
WBGene00002246.,0,148,148
WBGene00002247.,113,2292,2405
WBGene00002248.,11,15,26
WBGene00002249.,9,450,459
WBGene00002250.,5,592,597
WBGene00002251.,32,246,278
WBGene00002252.,21,33,54
WBGene00002253.,1039,1900,2939
WBGene00002254.,9811,24806,34617
WBGene00002255.,1900,4653,6553
WBGene00002256.,35,842,877
WBGene00002257.,170,1077,1247
WBGene00002258.,201,1853,2054
WBGene00002259.,6,86,92
WBGene00002260.,2,10,12
WBGene00002261.,123,775,898
WBGene00002262.,1161,6692,7853
WBGene00002263.,103,1105,1208
WBGene00002264.,74,3715,3789
WBGene00002265.,384,2587,2971
WBGene00002266.,115,2667,2782
WBGene00002267.,202,3272,3474
WBGene00002268.,1056,3774,4830
WBGene00002269.,319,1917,2236
WBGene00002270.,2,63,65
WBGene00002271.,86,2143,2229
WBGene00002272.,99,870,969
WBGene00002273.,19,1349,1368
WBGene00002274.,5,64,69
WBGene00002275.,6,166,172
WBGene00002276.,14,150,164
WBGene00002278.,87,153,240
WBGene00002280.,752,17744,18496
WBGene00002282.,31,226,257
WBGene00002285.,0,1379,1379
WBGene00002295.,106,1388,1494
WBGene00002297.,25,96,121
WBGene00002299.,35,142,177
WBGene00002324.,4,162,166
WBGene00002335.,32,1700,1732
WBGene00002344.,137,6286,6423
WBGene00002348.,24,1333,1357
WBGene00002363.,7,1651,1658
WBGene00002368.,2,53,55
WBGene00002393.,11,309,320
WBGene00002497.,193,916,1109
WBGene00002583.,108,853,961
WBGene00002601.,20,174,194
WBGene00002632.,23,283,306
WBGene00002637.,93,1735,1828
WBGene00002694.,13,278,291
WBGene00002696.,73,636,709
WBGene00002717.,178,1248,1426
WBGene00002783.,282,962,1244
WBGene00002804.,4,1013,1017
WBGene00002827.,50,495,545
WBGene00002845.,46,852,898
WBGene00002850.,115,1612,1727
WBGene00002855.,52,1627,1679
WBGene00002879.,209,2233,2442
WBGene00002881.,176,1169,1345
WBGene00002889.,78,617,695
WBGene00002891.,16,737,753
WBGene00002915.,69,1263,1332
WBGene00002957.,48,647,695
WBGene00002974.,139,323,462
WBGene00002975.,14,83,97
WBGene00002976.,86,264,350
WBGene00002977.,33,15,48
WBGene00002978.,1205,46547,47752
WBGene00002979.,55,222,277
WBGene00002980.,94,8331,8425
WBGene00002981.,50,1867,1917
WBGene00002982.,46,167,213
WBGene00002983.,5,16,21
WBGene00002985.,28,296,324
WBGene00002986.,22,190,212
WBGene00002987.,9,83,92
WBGene00002988.,7,142,149
WBGene00002989.,59,192,251
WBGene00002990.,192,483,675
WBGene00002991.,87,429,516
WBGene00002992.,18,80,98
WBGene00002993.,0,0,0
WBGene00002994.,16,562,578
WBGene00002996.,44,76,120
WBGene00002997.,21,144,165
WBGene00002998.,24,251,275
WBGene00002999.,166,585,751
WBGene00003000.,14,101,115
WBGene00003001.,30,72,102
WBGene00003002.,144,864,1008
WBGene00003003.,214,1071,1285
WBGene00003006.,25,106,131
WBGene00003007.,46,208,254
WBGene00003008.,8,44,52
WBGene00003009.,32,381,413
WBGene00003010.,99,661,760
WBGene00003011.,45,351,396
WBGene00003012.,14,403,417
WBGene00003014.,66,1052,1118
WBGene00003015.,23,25,48
WBGene00003017.,10,53,63
WBGene00003018.,15,113,128
WBGene00003019.,135,852,987
WBGene00003020.,40,276,316
WBGene00003021.,36,293,329
WBGene00003022.,20,148,168
WBGene00003024.,98,666,764
WBGene00003025.,131,1255,1386
WBGene00003026.,19,663,682
WBGene00003029.,4,57,61
WBGene00003030.,36,361,397
WBGene00003031.,4,28,32
WBGene00003033.,2,34,36
WBGene00003034.,51,290,341
WBGene00003035.,41,177,218
WBGene00003036.,1,1354,1355
WBGene00003037.,11,185,196
WBGene00003038.,3,238,241
WBGene00003039.,0,1,1
WBGene00003040.,94,452,546
WBGene00003041.,68,315,383
WBGene00003043.,30,330,360
WBGene00003044.,46,408,454
WBGene00003045.,64,303,367
WBGene00003046.,12,54,66
WBGene00003047.,67,527,594
WBGene00003048.,581,1116,1697
WBGene00003052.,48,2885,2933
WBGene00003053.,11,1102,1113
WBGene00003055.,38,747,785
WBGene00003056.,23,150,173
WBGene00003057.,39,128,167
WBGene00003058.,0,1,1
WBGene00003059.,52,277,329
WBGene00003060.,230,626,856
WBGene00003061.,359,3393,3752
WBGene00003062.,17,1380,1397
WBGene00003063.,60,2056,2116
WBGene00003064.,2,474,476
WBGene00003065.,95,2005,2100
WBGene00003066.,28,498,526
WBGene00003067.,0,24,24
WBGene00003068.,76,293,369
WBGene00003071.,90,1105,1195
WBGene00003072.,104,1026,1130
WBGene00003073.,60,2014,2074
WBGene00003074.,41,391,432
WBGene00003075.,2,4,6
WBGene00003076.,117,567,684
WBGene00003077.,72,482,554
WBGene00003078.,25,743,768
WBGene00003079.,0,1524,1524
WBGene00003080.,70,864,934
WBGene00003081.,255,817,1072
WBGene00003082.,18,532,550
WBGene00003083.,7,149,156
WBGene00003084.,23,451,474
WBGene00003085.,105,1448,1553
WBGene00003086.,88,294,382
WBGene00003087.,9,542,551
WBGene00003088.,0,0,0
WBGene00003089.,36,350,386
WBGene00003090.,1,134,135
WBGene00003091.,0,56,56
WBGene00003092.,0,32,32
WBGene00003093.,1,28,29
WBGene00003094.,0,1,1
WBGene00003095.,1,5,6
WBGene00003096.,0,31,31
WBGene00003097.,1,182,183
WBGene00003098.,0,0,0
WBGene00003099.,0,0,0
WBGene00003100.,2,5,7
WBGene00003102.,31,211,242
WBGene00003104.,7,7,14
WBGene00003106.,6,28,34
WBGene00003107.,2,10,12
WBGene00003111.,34,470,504
WBGene00003112.,39,212,251
WBGene00003114.,80,59,139
WBGene00003119.,77,436,513
WBGene00003123.,9,2242,2251
WBGene00003124.,98,484,582
WBGene00003129.,77,434,511
WBGene00003130.,104,975,1079
WBGene00003132.,26,346,372
WBGene00003133.,82,339,421
WBGene00003134.,29,184,213
WBGene00003136.,32,176,208
WBGene00003142.,52,220,272
WBGene00003143.,99,524,623
WBGene00003144.,88,502,590
WBGene00003148.,9,1929,1938
WBGene00003149.,117,453,570
WBGene00003150.,164,976,1140
WBGene00003151.,11,134,145
WBGene00003153.,1405,4891,6296
WBGene00003154.,17,385,402
WBGene00003155.,10,354,364
WBGene00003156.,8,597,605
WBGene00003157.,8,597,605
WBGene00003158.,18,482,500
WBGene00003159.,2,550,552
WBGene00003160.,41,500,541
WBGene00003161.,14,381,395
WBGene00003162.,39,9844,9883
WBGene00003163.,32,1716,1748
WBGene00003164.,11,75,86
WBGene00003165.,12,67,79
WBGene00003166.,123,318,441
WBGene00003167.,9,68,77
WBGene00003168.,16,26,42
WBGene00003169.,316,1365,1681
WBGene00003170.,34,120,154
WBGene00003171.,161,891,1052
WBGene00003172.,9,552,561
WBGene00003173.,9,39,48
WBGene00003174.,5,15,20
WBGene00003175.,53,1042,1095
WBGene00003176.,1,5,6
WBGene00003177.,43,174,217
WBGene00003178.,15,403,418
WBGene00003179.,5,91,96
WBGene00003180.,0,2,2
WBGene00003181.,0,14,14
WBGene00003182.,83,805,888
WBGene00003183.,1,157,158
WBGene00003184.,4,44,48
WBGene00003185.,0,393,393
WBGene00003186.,36,525,561
WBGene00003196.,91,298,389
WBGene00003209.,100,415,515
WBGene00003210.,76,357,433
WBGene00003214.,89,909,998
WBGene00003216.,0,28,28
WBGene00003218.,17,717,734
WBGene00003219.,1,4,5
WBGene00003220.,29,132,161
WBGene00003221.,54,215,269
WBGene00003222.,22,154,176
WBGene00003224.,9,23,32
WBGene00003225.,590,4064,4654
WBGene00003228.,4,16,20
WBGene00003229.,30,405,435
WBGene00003230.,1,21,22
WBGene00003231.,1,10,11
WBGene00003232.,28,84,112
WBGene00003233.,28,43,71
WBGene00003234.,210,569,779
WBGene00003235.,252,798,1050
WBGene00003236.,0,95,95
WBGene00003237.,71,279,350
WBGene00003238.,101,389,490
WBGene00003239.,32,741,773
WBGene00003241.,46,271,317
WBGene00003242.,236,6311,6547
WBGene00003243.,95,892,987
WBGene00003245.,5,91,96
WBGene00003246.,57,159,216
WBGene00003247.,192,1080,1272
WBGene00003248.,44,146,190
WBGene00003249.,234,1191,1425
WBGene00003252.,0,7,7
WBGene00003253.,6,422,428
WBGene00003254.,11,184,195
WBGene00003258.,147,91,238
WBGene00003260.,0,1,1
WBGene00003261.,0,0,0
WBGene00003262.,0,2,2
WBGene00003263.,0,1,1
WBGene00003264.,0,0,0
WBGene00003265.,0,0,0
WBGene00003266.,0,0,0
WBGene00003267.,0,0,0
WBGene00003268.,0,0,0
WBGene00003269.,0,0,0
WBGene00003270.,0,0,0
WBGene00003271.,0,0,0
WBGene00003272.,0,0,0
WBGene00003273.,0,3,3
WBGene00003274.,0,0,0
WBGene00003275.,0,0,0
WBGene00003277.,0,0,0
WBGene00003278.,0,0,0
WBGene00003279.,0,4,4
WBGene00003280.,0,8,8
WBGene00003281.,0,9,9
WBGene00003282.,0,0,0
WBGene00003283.,0,0,0
WBGene00003284.,0,1,1
WBGene00003285.,0,0,0
WBGene00003286.,0,0,0
WBGene00003287.,0,0,0
WBGene00003288.,0,0,0
WBGene00003289.,0,0,0
WBGene00003290.,0,0,0
WBGene00003291.,0,4,4
WBGene00003292.,0,0,0
WBGene00003293.,0,0,0
WBGene00003294.,0,0,0
WBGene00003295.,0,0,0
WBGene00003296.,0,0,0
WBGene00003297.,0,5,5
WBGene00003298.,0,0,0
WBGene00003299.,0,0,0
WBGene00003300.,0,0,0
WBGene00003301.,0,0,0
WBGene00003302.,0,0,0
WBGene00003303.,0,0,0
WBGene00003304.,0,1,1
WBGene00003305.,0,0,0
WBGene00003306.,0,0,0
WBGene00003307.,0,4,4
WBGene00003308.,0,17,17
WBGene00003309.,0,0,0
WBGene00003310.,0,0,0
WBGene00003311.,0,2,2
WBGene00003312.,0,1,1
WBGene00003313.,0,0,0
WBGene00003314.,0,0,0
WBGene00003315.,0,0,0
WBGene00003316.,0,0,0
WBGene00003317.,0,0,0
WBGene00003318.,0,0,0
WBGene00003319.,0,0,0
WBGene00003321.,0,0,0
WBGene00003322.,0,0,0
WBGene00003323.,0,3,3
WBGene00003324.,0,0,0
WBGene00003325.,0,0,0
WBGene00003326.,0,0,0
WBGene00003327.,0,0,0
WBGene00003328.,0,3,3
WBGene00003329.,0,3,3
WBGene00003330.,0,1,1
WBGene00003331.,0,7,7
WBGene00003332.,0,1,1
WBGene00003333.,0,0,0
WBGene00003334.,0,0,0
WBGene00003335.,0,6,6
WBGene00003336.,0,1,1
WBGene00003337.,0,0,0
WBGene00003338.,0,3,3
WBGene00003339.,0,1,1
WBGene00003340.,0,0,0
WBGene00003341.,0,0,0
WBGene00003342.,0,0,0
WBGene00003343.,0,0,0
WBGene00003344.,0,0,0
WBGene00003345.,0,0,0
WBGene00003346.,0,0,0
WBGene00003347.,0,0,0
WBGene00003348.,0,0,0
WBGene00003349.,0,206,206
WBGene00003350.,0,0,0
WBGene00003351.,0,0,0
WBGene00003352.,0,0,0
WBGene00003353.,0,0,0
WBGene00003354.,0,0,0
WBGene00003355.,0,0,0
WBGene00003356.,0,0,0
WBGene00003357.,0,8,8
WBGene00003358.,0,0,0
WBGene00003359.,0,11,11
WBGene00003360.,0,0,0
WBGene00003361.,0,0,0
WBGene00003362.,0,0,0
WBGene00003363.,0,1,1
WBGene00003364.,0,0,0
WBGene00003365.,0,1,1
WBGene00003366.,0,0,0
WBGene00003367.,157,1076,1233
WBGene00003368.,26,236,262
WBGene00003369.,132,16819,16951
WBGene00003370.,15341,36812,52153
WBGene00003371.,7478,77561,85039
WBGene00003372.,402,1563,1965
WBGene00003373.,8,55,63
WBGene00003374.,73,191,264
WBGene00003375.,78,2073,2151
WBGene00003376.,18,46,64
WBGene00003377.,6,74,80
WBGene00003378.,145,543,688
WBGene00003380.,13,47,60
WBGene00003384.,6,116,122
WBGene00003385.,63,227,290
WBGene00003386.,27,165,192
WBGene00003387.,23,47,70
WBGene00003388.,5,42,47
WBGene00003389.,18,395,413
WBGene00003390.,6,330,336
WBGene00003391.,351,1158,1509
WBGene00003392.,56,385,441
WBGene00003393.,78,665,743
WBGene00003394.,4,30,34
WBGene00003395.,0,16,16
WBGene00003396.,33,180,213
WBGene00003397.,21,138,159
WBGene00003400.,70,266,336
WBGene00003401.,96,972,1068
WBGene00003402.,37,118,155
WBGene00003403.,10,38,48
WBGene00003404.,402,1134,1536
WBGene00003405.,14,178,192
WBGene00003406.,20,738,758
WBGene00003407.,265,989,1254
WBGene00003408.,86,283,369
WBGene00003409.,6,32,38
WBGene00003410.,1,8,9
WBGene00003411.,22,181,203
WBGene00003412.,28,173,201
WBGene00003413.,514,120,634
WBGene00003414.,37,45,82
WBGene00003415.,60,2440,2500
WBGene00003417.,29,134,163
WBGene00003418.,22,153,175
WBGene00003420.,1,2,3
WBGene00003421.,20,65,85
WBGene00003422.,25,217,242
WBGene00003423.,257,571,828
WBGene00003424.,0,0,0
WBGene00003425.,0,1,1
WBGene00003426.,0,0,0
WBGene00003429.,0,0,0
WBGene00003430.,0,0,0
WBGene00003431.,0,0,0
WBGene00003432.,0,0,0
WBGene00003433.,0,0,0
WBGene00003434.,0,1,1
WBGene00003435.,0,0,0
WBGene00003437.,0,0,0
WBGene00003438.,0,0,0
WBGene00003442.,0,6,6
WBGene00003443.,0,12,12
WBGene00003444.,0,1,1
WBGene00003445.,0,40,40
WBGene00003446.,0,0,0
WBGene00003448.,0,0,0
WBGene00003449.,0,0,0
WBGene00003450.,0,0,0
WBGene00003451.,0,0,0
WBGene00003452.,0,0,0
WBGene00003456.,0,0,0
WBGene00003457.,0,0,0
WBGene00003458.,0,2,2
WBGene00003460.,0,1,1
WBGene00003462.,0,1,1
WBGene00003463.,0,2,2
WBGene00003464.,0,0,0
WBGene00003465.,0,0,0
WBGene00003466.,0,0,0
WBGene00003467.,0,0,0
WBGene00003468.,0,0,0
WBGene00003469.,0,0,0
WBGene00003470.,0,0,0
WBGene00003471.,8,54,62
WBGene00003472.,100,337,437
WBGene00003473.,0,71,71
WBGene00003474.,8,62,70
WBGene00003475.,71,192,263
WBGene00003476.,262,833,1095
WBGene00003477.,14,143,157
WBGene00003478.,93,232,325
WBGene00003479.,56,262,318
WBGene00003480.,11,138,149
WBGene00003482.,101,899,1000
WBGene00003485.,186,1205,1391
WBGene00003495.,327,20167,20494
WBGene00003497.,36,739,775
WBGene00003499.,3,27,30
WBGene00003504.,0,146,146
WBGene00003507.,0,51,51
WBGene00003508.,31,272,303
WBGene00003509.,25,148,173
WBGene00003510.,77,274,351
WBGene00003511.,19,2296,2315
WBGene00003514.,62,2270,2332
WBGene00003515.,102,4393,4495
WBGene00003516.,32,328,360
WBGene00003517.,24,204,228
WBGene00003518.,9,30,39
WBGene00003519.,59,1373,1432
WBGene00003520.,7,15,22
WBGene00003521.,0,0,0
WBGene00003522.,32,229,261
WBGene00003523.,10,15,25
WBGene00003524.,2,36,38
WBGene00003525.,7,8,15
WBGene00003526.,1,14,15
WBGene00003527.,7,31,38
WBGene00003528.,3,49,52
WBGene00003529.,1,5,6
WBGene00003530.,43,179,222
WBGene00003531.,1,20,21
WBGene00003532.,4,5,9
WBGene00003533.,1,0,1
WBGene00003534.,0,0,0
WBGene00003535.,0,0,0
WBGene00003536.,0,0,0
WBGene00003537.,0,0,0
WBGene00003538.,0,0,0
WBGene00003539.,0,1,1
WBGene00003540.,0,0,0
WBGene00003541.,0,0,0
WBGene00003542.,1,6,7
WBGene00003543.,3,1,4
WBGene00003544.,15,61,76
WBGene00003545.,3,1,4
WBGene00003546.,4,25,29
WBGene00003547.,5,15,20
WBGene00003548.,53,25,78
WBGene00003549.,23,248,271
WBGene00003550.,185,419,604
WBGene00003551.,1,18,19
WBGene00003552.,64,106,170
WBGene00003553.,38,169,207
WBGene00003554.,2,0,2
WBGene00003555.,32,73,105
WBGene00003556.,3,0,3
WBGene00003558.,52,55,107
WBGene00003559.,257,2118,2375
WBGene00003561.,61,140,201
WBGene00003562.,6,17,23
WBGene00003563.,36,71,107
WBGene00003564.,11,1633,1644
WBGene00003565.,100,557,657
WBGene00003566.,149,620,769
WBGene00003567.,170,3034,3204
WBGene00003568.,45,406,451
WBGene00003569.,29,331,360
WBGene00003570.,0,12,12
WBGene00003571.,1,3,4
WBGene00003572.,2,13,15
WBGene00003573.,0,11,11
WBGene00003574.,0,0,0
WBGene00003575.,2,16,18
WBGene00003576.,81,250,331
WBGene00003577.,12,35,47
WBGene00003578.,239,582,821
WBGene00003579.,4,98,102
WBGene00003580.,26,128,154
WBGene00003581.,39,367,406
WBGene00003582.,75,246,321
WBGene00003583.,19,145,164
WBGene00003584.,31,259,290
WBGene00003585.,32,11,43
WBGene00003586.,3,104,107
WBGene00003587.,85,1811,1896
WBGene00003588.,3,2209,2212
WBGene00003589.,48,496,544
WBGene00003590.,30,86,116
WBGene00003591.,36,213,249
WBGene00003592.,79,433,512
WBGene00003593.,78,255,333
WBGene00003594.,62,196,258
WBGene00003595.,0,0,0
WBGene00003596.,210,1823,2033
WBGene00003597.,105,526,631
WBGene00003598.,21,768,789
WBGene00003599.,67,293,360
WBGene00003600.,473,1148,1621
WBGene00003601.,1,29,30
WBGene00003602.,22,322,344
WBGene00003603.,43,273,316
WBGene00003604.,15,81,96
WBGene00003605.,38,323,361
WBGene00003606.,95,332,427
WBGene00003607.,7,26,33
WBGene00003608.,0,15,15
WBGene00003609.,66,446,512
WBGene00003610.,32,99,131
WBGene00003611.,45,192,237
WBGene00003612.,35,69,104
WBGene00003613.,7,218,225
WBGene00003614.,144,137,281
WBGene00003615.,0,13,13
WBGene00003616.,82,146,228
WBGene00003617.,2,44,46
WBGene00003618.,167,1028,1195
WBGene00003619.,73,515,588
WBGene00003620.,89,305,394
WBGene00003621.,33,89,122
WBGene00003622.,67,305,372
WBGene00003623.,16,204,220
WBGene00003624.,22,269,291
WBGene00003625.,54,437,491
WBGene00003626.,53,285,338
WBGene00003627.,153,473,626
WBGene00003628.,87,251,338
WBGene00003629.,0,4,4
WBGene00003630.,279,664,943
WBGene00003632.,39,311,350
WBGene00003633.,16,127,143
WBGene00003634.,42,136,178
WBGene00003635.,10,209,219
WBGene00003636.,107,451,558
WBGene00003637.,66,375,441
WBGene00003638.,30,302,332
WBGene00003639.,39,698,737
WBGene00003640.,35,233,268
WBGene00003641.,2,2,4
WBGene00003642.,0,5,5
WBGene00003643.,6,12,18
WBGene00003644.,4,21,25
WBGene00003645.,10,46,56
WBGene00003646.,10,163,173
WBGene00003647.,24,118,142
WBGene00003648.,4,70,74
WBGene00003649.,5,54,59
WBGene00003650.,5,42,47
WBGene00003651.,58,177,235
WBGene00003652.,29,94,123
WBGene00003653.,9,101,110
WBGene00003654.,45,105,150
WBGene00003655.,25,103,128
WBGene00003656.,31,352,383
WBGene00003657.,5,157,162
WBGene00003658.,127,872,999
WBGene00003659.,12,108,120
WBGene00003660.,36,224,260
WBGene00003661.,37,286,323
WBGene00003662.,0,3,3
WBGene00003663.,1,119,120
WBGene00003664.,35,16,51
WBGene00003665.,0,0,0
WBGene00003667.,0,0,0
WBGene00003668.,91,138,229
WBGene00003669.,8,26,34
WBGene00003670.,7,59,66
WBGene00003671.,0,0,0
WBGene00003672.,0,0,0
WBGene00003673.,2,24,26
WBGene00003674.,12,190,202
WBGene00003675.,65,265,330
WBGene00003676.,61,181,242
WBGene00003677.,44,221,265
WBGene00003678.,101,847,948
WBGene00003679.,0,0,0
WBGene00003680.,17,58,75
WBGene00003681.,37,335,372
WBGene00003682.,4,2,6
WBGene00003683.,4,40,44
WBGene00003684.,9,50,59
WBGene00003685.,69,189,258
WBGene00003686.,3,24,27
WBGene00003687.,51,1844,1895
WBGene00003688.,26,133,159
WBGene00003689.,1,13,14
WBGene00003690.,97,600,697
WBGene00003691.,261,560,821
WBGene00003692.,4,59,63
WBGene00003693.,4,40,44
WBGene00003694.,32,127,159
WBGene00003695.,324,1187,1511
WBGene00003696.,1,6,7
WBGene00003697.,28,128,156
WBGene00003698.,0,7,7
WBGene00003699.,2,48,50
WBGene00003700.,2,12,14
WBGene00003701.,1,1,2
WBGene00003702.,14,148,162
WBGene00003703.,5,20,25
WBGene00003704.,240,1170,1410
WBGene00003705.,8,15,23
WBGene00003706.,6,27,33
WBGene00003707.,17,108,125
WBGene00003708.,0,0,0
WBGene00003709.,23,144,167
WBGene00003710.,20,143,163
WBGene00003711.,0,4,4
WBGene00003712.,14,109,123
WBGene00003713.,7,30,37
WBGene00003714.,5,10,15
WBGene00003715.,53,60,113
WBGene00003716.,3,28,31
WBGene00003717.,5,29,34
WBGene00003718.,2,38,40
WBGene00003719.,9,101,110
WBGene00003720.,3,20,23
WBGene00003721.,13,106,119
WBGene00003722.,37,148,185
WBGene00003723.,5,133,138
WBGene00003724.,8,109,117
WBGene00003725.,22,123,145
WBGene00003726.,29,196,225
WBGene00003727.,62,98,160
WBGene00003728.,137,473,610
WBGene00003729.,9,55,64
WBGene00003730.,2,26,28
WBGene00003731.,15,38,53
WBGene00003732.,17,97,114
WBGene00003733.,11,87,98
WBGene00003734.,0,0,0
WBGene00003735.,34,148,182
WBGene00003736.,14,45,59
WBGene00003738.,9,186,195
WBGene00003739.,48,235,283
WBGene00003740.,3,146,149
WBGene00003741.,1,785,786
WBGene00003742.,0,9,9
WBGene00003743.,45,135,180
WBGene00003744.,113,499,612
WBGene00003745.,44,374,418
WBGene00003746.,5,631,636
WBGene00003747.,9,332,341
WBGene00003748.,96,884,980
WBGene00003749.,115,991,1106
WBGene00003750.,137,574,711
WBGene00003751.,9,1008,1017
WBGene00003752.,3,474,477
WBGene00003753.,253,762,1015
WBGene00003754.,9,379,388
WBGene00003755.,27,605,632
WBGene00003756.,235,2717,2952
WBGene00003757.,12,182,194
WBGene00003758.,70,341,411
WBGene00003759.,314,857,1171
WBGene00003760.,0,2,2
WBGene00003761.,0,18,18
WBGene00003762.,363,1801,2164
WBGene00003763.,22,56,78
WBGene00003764.,81,465,546
WBGene00003765.,114,928,1042
WBGene00003766.,32,335,367
WBGene00003767.,216,2171,2387
WBGene00003768.,40,355,395
WBGene00003769.,130,1115,1245
WBGene00003770.,16,53,69
WBGene00003771.,1213,4927,6140
WBGene00003772.,18,204,222
WBGene00003773.,40,126,166
WBGene00003774.,4,16,20
WBGene00003775.,17,36,53
WBGene00003776.,161,1073,1234
WBGene00003777.,78,1017,1095
WBGene00003778.,7,22,29
WBGene00003779.,1,69,70
WBGene00003783.,1,17,18
WBGene00003784.,0,2,2
WBGene00003785.,14,259,273
WBGene00003786.,92,348,440
WBGene00003787.,14,322,336
WBGene00003788.,176,496,672
WBGene00003789.,42,271,313
WBGene00003790.,13,238,251
WBGene00003791.,5,294,299
WBGene00003792.,98,445,543
WBGene00003793.,15,464,479
WBGene00003794.,127,350,477
WBGene00003795.,11,855,866
WBGene00003796.,57,621,678
WBGene00003797.,65,594,659
WBGene00003798.,11,571,582
WBGene00003799.,183,528,711
WBGene00003800.,8,503,511
WBGene00003801.,6,244,250
WBGene00003802.,11,849,860
WBGene00003803.,9,534,543
WBGene00003804.,23,438,461
WBGene00003805.,19,333,352
WBGene00003806.,103,664,767
WBGene00003807.,21,38,59
WBGene00003808.,27,180,207
WBGene00003812.,21,599,620
WBGene00003813.,12,73,85
WBGene00003815.,79,1476,1555
WBGene00003816.,0,89,89
WBGene00003818.,59,655,714
WBGene00003821.,160,1952,2112
WBGene00003822.,22,483,505
WBGene00003825.,55,1395,1450
WBGene00003826.,213,519,732
WBGene00003827.,55,550,605
WBGene00003828.,23,76,99
WBGene00003829.,6,739,745
WBGene00003830.,37,283,320
WBGene00003831.,1154,4212,5366
WBGene00003834.,21,465,486
WBGene00003835.,6,67,73
WBGene00003836.,359,917,1276
WBGene00003837.,182,640,822
WBGene00003838.,4,33,37
WBGene00003839.,9,35,44
WBGene00003840.,4,18,22
WBGene00003841.,5,18,23
WBGene00003842.,22,45,67
WBGene00003843.,12,159,171
WBGene00003844.,1,289,290
WBGene00003845.,0,1,1
WBGene00003846.,1,82,83
WBGene00003847.,32,407,439
WBGene00003848.,4,9,13
WBGene00003849.,62,290,352
WBGene00003850.,11,105,116
WBGene00003851.,50,486,536
WBGene00003854.,4,7,11
WBGene00003856.,17,76,93
WBGene00003858.,167,1147,1314
WBGene00003859.,51,202,253
WBGene00003860.,228,1016,1244
WBGene00003861.,42,306,348
WBGene00003862.,6,46,52
WBGene00003863.,0,0,0
WBGene00003864.,0,15,15
WBGene00003865.,3,16,19
WBGene00003868.,34,246,280
WBGene00003870.,7,249,256
WBGene00003876.,12,51,63
WBGene00003877.,7,81,88
WBGene00003878.,7,116,123
WBGene00003879.,0,1,1
WBGene00003882.,19,143,162
WBGene00003883.,26,84,110
WBGene00003884.,21,79,100
WBGene00003885.,34,62,96
WBGene00003886.,11,58,69
WBGene00003887.,29,136,165
WBGene00003888.,0,5,5
WBGene00003889.,3,17,20
WBGene00003890.,6,28,34
WBGene00003891.,10,1968,1978
WBGene00003892.,17,42,59
WBGene00003893.,9611,53712,63323
WBGene00003898.,25,207,232
WBGene00003901.,43,1723,1766
WBGene00003902.,654,26565,27219
WBGene00003903.,29,3122,3151
WBGene00003904.,23,1331,1354
WBGene00003905.,165,404,569
WBGene00003906.,1,6,7
WBGene00003907.,94,277,371
WBGene00003909.,10,75,85
WBGene00003911.,57,450,507
WBGene00003912.,5,30,35
WBGene00003914.,156,741,897
WBGene00003915.,266,1986,2252
WBGene00003916.,413,1102,1515
WBGene00003917.,72,67,139
WBGene00003918.,35,264,299
WBGene00003919.,48,47,95
WBGene00003920.,249,11020,11269
WBGene00003921.,25,170,195
WBGene00003922.,11,724,735
WBGene00003923.,6,1894,1900
WBGene00003924.,11,2106,2117
WBGene00003925.,239,1623,1862
WBGene00003926.,216,2753,2969
WBGene00003927.,27,1766,1793
WBGene00003928.,8,1074,1082
WBGene00003929.,134,1901,2035
WBGene00003930.,75,1823,1898
WBGene00003931.,101,1531,1632
WBGene00003932.,322,1529,1851
WBGene00003933.,22,544,566
WBGene00003934.,24878,112767,137645
WBGene00003936.,108,848,956
WBGene00003937.,1,2,3
WBGene00003938.,0,8,8
WBGene00003939.,12,128,140
WBGene00003941.,84,241,325
WBGene00003943.,8,30,38
WBGene00003947.,14,1506,1520
WBGene00003948.,3,1662,1665
WBGene00003949.,29,1393,1422
WBGene00003950.,215,1889,2104
WBGene00003951.,77,928,1005
WBGene00003952.,355,1315,1670
WBGene00003953.,22,1762,1784
WBGene00003954.,141,428,569
WBGene00003955.,0,1468,1468
WBGene00003956.,3,86,89
WBGene00003957.,0,31,31
WBGene00003958.,0,80,80
WBGene00003959.,3,21,24
WBGene00003960.,72,366,438
WBGene00003961.,86,641,727
WBGene00003962.,278,3235,3513
WBGene00003963.,92,10869,10961
WBGene00003964.,328,9219,9547
WBGene00003965.,12,178,190
WBGene00003966.,292,595,887
WBGene00003967.,22,247,269
WBGene00003968.,23,231,254
WBGene00003969.,77,180,257
WBGene00003970.,23,250,273
WBGene00003975.,89,247,336
WBGene00003976.,1,25,26
WBGene00003977.,0,0,0
WBGene00003978.,125,376,501
WBGene00003979.,0,95,95
WBGene00003980.,63,175,238
WBGene00003981.,1,1,2
WBGene00003982.,0,434,434
WBGene00003983.,0,15,15
WBGene00003986.,17,279,296
WBGene00003987.,3,10,13
WBGene00003989.,9,1724,1733
WBGene00003990.,24,791,815
WBGene00003991.,440,1962,2402
WBGene00003992.,5,301,306
WBGene00003993.,21,100,121
WBGene00003994.,4,56,60
WBGene00003995.,23,110,133
WBGene00003996.,40,239,279
WBGene00003997.,4,24,28
WBGene00003998.,17,48,65
WBGene00003999.,3,10,13
WBGene00004000.,2,17,19
WBGene00004001.,0,1,1
WBGene00004002.,6,9,15
WBGene00004003.,12,41,53
WBGene00004004.,36,274,310
WBGene00004005.,6,13,19
WBGene00004006.,3,22,25
WBGene00004007.,0,0,0
WBGene00004008.,0,16,16
WBGene00004009.,0,0,0
WBGene00004010.,11,184,195
WBGene00004011.,1,9,10
WBGene00004013.,143,290,433
WBGene00004014.,29,7342,7371
WBGene00004015.,28,6277,6305
WBGene00004016.,81,205,286
WBGene00004017.,3,46,49
WBGene00004020.,7,16,23
WBGene00004023.,97,283,380
WBGene00004024.,14,67,81
WBGene00004025.,58,580,638
WBGene00004026.,15,4,19
WBGene00004027.,3,19,22
WBGene00004028.,24,32,56
WBGene00004029.,38,83,121
WBGene00004030.,23,60,83
WBGene00004031.,17,221,238
WBGene00004032.,152,1138,1290
WBGene00004033.,123,418,541
WBGene00004034.,43,246,289
WBGene00004035.,66,173,239
WBGene00004036.,151,332,483
WBGene00004037.,14,72,86
WBGene00004038.,8,96,104
WBGene00004039.,58,751,809
WBGene00004040.,67,557,624
WBGene00004041.,0,157,157
WBGene00004042.,2,316,318
WBGene00004043.,4,59,63
WBGene00004044.,1,40,41
WBGene00004045.,148,361,509
WBGene00004046.,95,3137,3232
WBGene00004047.,166,288,454
WBGene00004048.,10,117,127
WBGene00004049.,68,107,175
WBGene00004050.,2,167,169
WBGene00004051.,32,234,266
WBGene00004052.,0,2,2
WBGene00004053.,49,690,739
WBGene00004054.,2,0,2
WBGene00004055.,41,280,321
WBGene00004056.,26,250,276
WBGene00004057.,22,245,267
WBGene00004058.,8,57,65
WBGene00004059.,31,123,154
WBGene00004060.,68,361,429
WBGene00004061.,2,35,37
WBGene00004062.,19,142,161
WBGene00004063.,46,318,364
WBGene00004064.,74,300,374
WBGene00004068.,31,216,247
WBGene00004075.,12,269,281
WBGene00004076.,112,908,1020
WBGene00004077.,59,328,387
WBGene00004078.,0,18,18
WBGene00004083.,26,366,392
WBGene00004084.,0,1,1
WBGene00004085.,35,621,656
WBGene00004086.,15,72,87
WBGene00004087.,82,501,583
WBGene00004088.,141,623,764
WBGene00004089.,11,133,144
WBGene00004090.,131,356,487
WBGene00004091.,93,632,725
WBGene00004092.,43,236,279
WBGene00004093.,6,230,236
WBGene00004094.,10,226,236
WBGene00004095.,103,979,1082
WBGene00004096.,6,74,80
WBGene00004098.,0,0,0
WBGene00004099.,0,5,5
WBGene00004100.,34,88,122
WBGene00004101.,51,341,392
WBGene00004102.,1,9,10
WBGene00004103.,0,0,0
WBGene00004104.,0,11,11
WBGene00004105.,30,233,263
WBGene00004106.,13,387,400
WBGene00004107.,1,4,5
WBGene00004108.,83,398,481
WBGene00004109.,82,358,440
WBGene00004110.,61,419,480
WBGene00004111.,53,307,360
WBGene00004112.,143,3194,3337
WBGene00004113.,183,2561,2744
WBGene00004114.,1,87,88
WBGene00004115.,6,1,7
WBGene00004116.,85,379,464
WBGene00004117.,125,580,705
WBGene00004118.,11,62,73
WBGene00004119.,38,280,318
WBGene00004120.,2,14,16
WBGene00004121.,95,356,451
WBGene00004122.,36,405,441
WBGene00004123.,34,92,126
WBGene00004124.,21,144,165
WBGene00004125.,32,166,198
WBGene00004126.,93,361,454
WBGene00004127.,6,6,12
WBGene00004128.,805,1224,2029
WBGene00004129.,5,293,298
WBGene00004130.,319,4975,5294
WBGene00004131.,1011,3633,4644
WBGene00004132.,70,573,643
WBGene00004133.,3,38,41
WBGene00004134.,276,1864,2140
WBGene00004135.,1105,3923,5028
WBGene00004136.,199,1393,1592
WBGene00004138.,183,873,1056
WBGene00004139.,1,10,11
WBGene00004140.,27,398,425
WBGene00004141.,0,0,0
WBGene00004143.,107,3322,3429
WBGene00004144.,8,280,288
WBGene00004145.,130,920,1050
WBGene00004146.,0,7,7
WBGene00004147.,106,512,618
WBGene00004148.,91,411,502
WBGene00004149.,2,2,4
WBGene00004150.,2,6,8
WBGene00004151.,110,378,488
WBGene00004152.,111,1094,1205
WBGene00004153.,0,0,0
WBGene00004154.,12,15,27
WBGene00004155.,3,7,10
WBGene00004156.,2,54,56
WBGene00004157.,2,496,498
WBGene00004158.,0,0,0
WBGene00004159.,0,0,0
WBGene00004160.,0,0,0
WBGene00004161.,138,401,539
WBGene00004163.,6,17,23
WBGene00004164.,108,710,818
WBGene00004165.,3,6,9
WBGene00004166.,93,438,531
WBGene00004167.,350,1874,2224
WBGene00004168.,5,149,154
WBGene00004169.,17,120,137
WBGene00004170.,0,0,0
WBGene00004171.,0,0,0
WBGene00004172.,17,186,203
WBGene00004173.,93,772,865
WBGene00004174.,0,15,15
WBGene00004175.,2,117,119
WBGene00004176.,0,0,0
WBGene00004177.,0,3,3
WBGene00004178.,17,566,583
WBGene00004179.,6,155,161
WBGene00004180.,38,211,249
WBGene00004181.,59,231,290
WBGene00004182.,135,526,661
WBGene00004183.,21,20,41
WBGene00004184.,26,791,817
WBGene00004185.,24,1432,1456
WBGene00004186.,183,522,705
WBGene00004187.,95,2251,2346
WBGene00004188.,50,527,577
WBGene00004189.,63,2254,2317
WBGene00004190.,8,131,139
WBGene00004191.,20,20,40
WBGene00004192.,271,115,386
WBGene00004193.,9,32,41
WBGene00004194.,15,60,75
WBGene00004195.,7,29,36
WBGene00004196.,0,0,0
WBGene00004197.,19,48,67
WBGene00004198.,7,69,76
WBGene00004199.,1,103,104
WBGene00004201.,38,1575,1613
WBGene00004202.,151,471,622
WBGene00004203.,68,578,646
WBGene00004204.,239,1687,1926
WBGene00004205.,10,103,113
WBGene00004206.,38,216,254
WBGene00004207.,55,391,446
WBGene00004208.,73,1270,1343
WBGene00004209.,0,0,0
WBGene00004210.,38,289,327
WBGene00004211.,6,8,14
WBGene00004212.,18,396,414
WBGene00004213.,109,539,648
WBGene00004214.,15,439,454
WBGene00004215.,209,553,762
WBGene00004216.,10,73,83
WBGene00004217.,8,21,29
WBGene00004218.,6,36,42
WBGene00004219.,20,326,346
WBGene00004220.,33,153,186
WBGene00004221.,7,74,81
WBGene00004222.,23,271,294
WBGene00004223.,3,6,9
WBGene00004224.,46,145,191
WBGene00004225.,6,57,63
WBGene00004226.,53,559,612
WBGene00004227.,24,106,130
WBGene00004228.,29,218,247
WBGene00004229.,4,43,47
WBGene00004230.,35,5,40
WBGene00004231.,5,9,14
WBGene00004232.,17,46,63
WBGene00004233.,0,0,0
WBGene00004234.,1,13,14
WBGene00004235.,13,189,202
WBGene00004236.,71,2,73
WBGene00004237.,7,208,215
WBGene00004238.,81,308,389
WBGene00004239.,0,20,20
WBGene00004240.,3,2,5
WBGene00004241.,0,16,16
WBGene00004242.,0,12,12
WBGene00004243.,0,8,8
WBGene00004244.,12,84,96
WBGene00004245.,61,1062,1123
WBGene00004246.,3,5,8
WBGene00004248.,4,450,454
WBGene00004249.,227,936,1163
WBGene00004254.,56,343,399
WBGene00004255.,8,24,32
WBGene00004256.,62,230,292
WBGene00004257.,34,107,141
WBGene00004258.,183,1574,1757
WBGene00004259.,7,306,313
WBGene00004264.,8,148,156
WBGene00004265.,61,155,216
WBGene00004266.,43,2692,2735
WBGene00004267.,26,827,853
WBGene00004268.,54,1257,1311
WBGene00004269.,32,314,346
WBGene00004270.,35,1007,1042
WBGene00004271.,62,436,498
WBGene00004272.,7,852,859
WBGene00004273.,29,1154,1183
WBGene00004274.,43,3584,3627
WBGene00004275.,3,8,11
WBGene00004276.,14,571,585
WBGene00004277.,31,510,541
WBGene00004278.,119,1339,1458
WBGene00004279.,10,69,79
WBGene00004281.,18,64,82
WBGene00004282.,45,273,318
WBGene00004283.,9,94,103
WBGene00004284.,28,345,373
WBGene00004285.,19,109,128
WBGene00004286.,20,376,396
WBGene00004287.,0,0,0
WBGene00004296.,54,399,453
WBGene00004297.,10,174,184
WBGene00004298.,6,28,34
WBGene00004300.,0,2109,2109
WBGene00004301.,4,6,10
WBGene00004302.,675,9026,9701
WBGene00004303.,30,464,494
WBGene00004304.,63,820,883
WBGene00004305.,43,1719,1762
WBGene00004306.,33,493,526
WBGene00004307.,44,852,896
WBGene00004308.,26,365,391
WBGene00004309.,3,7,10
WBGene00004310.,95,989,1084
WBGene00004311.,168,573,741
WBGene00004312.,86,299,385
WBGene00004313.,42,538,580
WBGene00004314.,150,330,480
WBGene00004315.,47,922,969
WBGene00004316.,215,460,675
WBGene00004317.,37,212,249
WBGene00004318.,76,421,497
WBGene00004319.,46,624,670
WBGene00004320.,130,1231,1361
WBGene00004321.,13,845,858
WBGene00004322.,47,233,280
WBGene00004323.,65,351,416
WBGene00004324.,35,154,189
WBGene00004326.,27,850,877
WBGene00004328.,0,33,33
WBGene00004332.,4,62,66
WBGene00004333.,16,38,54
WBGene00004334.,0,27,27
WBGene00004335.,37,227,264
WBGene00004336.,321,3936,4257
WBGene00004337.,95,486,581
WBGene00004338.,84,247,331
WBGene00004339.,36,128,164
WBGene00004340.,70,354,424
WBGene00004341.,38,231,269
WBGene00004342.,1,9,10
WBGene00004343.,38,380,418
WBGene00004344.,12,168,180
WBGene00004345.,88,258,346
WBGene00004346.,11,131,142
WBGene00004347.,292,181,473
WBGene00004348.,10,231,241
WBGene00004349.,91,270,361
WBGene00004350.,42,253,295
WBGene00004351.,0,0,0
WBGene00004352.,0,1,1
WBGene00004353.,2,1,3
WBGene00004354.,1,4,5
WBGene00004355.,23,376,399
WBGene00004356.,6,419,425
WBGene00004357.,310,2382,2692
WBGene00004358.,167,818,985
WBGene00004359.,13,42,55
WBGene00004360.,21,187,208
WBGene00004361.,6,70,76
WBGene00004363.,30,559,589
WBGene00004364.,106,1558,1664
WBGene00004367.,77,312,389
WBGene00004368.,63,170,233
WBGene00004369.,24,267,291
WBGene00004370.,9,389,398
WBGene00004371.,25,345,370
WBGene00004372.,28,73,101
WBGene00004373.,123,820,943
WBGene00004374.,3,16,19
WBGene00004375.,30,190,220
WBGene00004377.,16,145,161
WBGene00004378.,47,466,513
WBGene00004380.,24,98,122
WBGene00004381.,23,305,328
WBGene00004382.,273,751,1024
WBGene00004383.,11,208,219
WBGene00004384.,177,283,460
WBGene00004385.,88,632,720
WBGene00004386.,58,723,781
WBGene00004387.,116,2154,2270
WBGene00004388.,125,904,1029
WBGene00004389.,160,812,972
WBGene00004390.,177,1381,1558
WBGene00004391.,20,927,947
WBGene00004392.,11,1027,1038
WBGene00004393.,80,188,268
WBGene00004394.,0,0,0
WBGene00004395.,15,152,167
WBGene00004397.,16,81,97
WBGene00004398.,78,357,435
WBGene00004400.,1,83,84
WBGene00004401.,34,147,181
WBGene00004402.,0,0,0
WBGene00004403.,78,214,292
WBGene00004404.,46,141,187
WBGene00004405.,17,551,568
WBGene00004408.,128,92873,93001
WBGene00004409.,7969,36497,44466
WBGene00004410.,18400,36073,54473
WBGene00004411.,48,482,530
WBGene00004412.,22508,62071,84579
WBGene00004413.,222,47169,47391
WBGene00004414.,6704,63761,70465
WBGene00004415.,124,36125,36249
WBGene00004416.,12685,68536,81221
WBGene00004417.,11882,56575,68457
WBGene00004418.,25483,62154,87637
WBGene00004419.,18354,77038,95392
WBGene00004420.,18070,51683,69753
WBGene00004421.,8534,80346,88880
WBGene00004422.,629,3461,4090
WBGene00004423.,19600,63884,83484
WBGene00004424.,45705,121304,167009
WBGene00004425.,12566,76075,88641
WBGene00004426.,11997,51525,63522
WBGene00004427.,1284,66215,67499
WBGene00004428.,13958,65088,79046
WBGene00004429.,31898,60259,92157
WBGene00004430.,20906,64522,85428
WBGene00004431.,13146,64883,78029
WBGene00004432.,864,61194,62058
WBGene00004433.,7958,64436,72394
WBGene00004434.,12968,51636,64604
WBGene00004435.,9374,52208,61582
WBGene00004436.,24278,71473,95751
WBGene00004437.,528,3741,4269
WBGene00004438.,3861,11546,15407
WBGene00004439.,9118,22531,31649
WBGene00004440.,3370,46721,50091
WBGene00004441.,11342,27143,38485
WBGene00004442.,8969,30819,39788
WBGene00004443.,34735,33769,68504
WBGene00004444.,10124,36650,46774
WBGene00004445.,3578,44925,48503
WBGene00004446.,27827,73454,101281
WBGene00004447.,24728,50432,75160
WBGene00004448.,7085,43201,50286
WBGene00004449.,17484,66330,83814
WBGene00004450.,7933,71183,79116
WBGene00004451.,0,17,17
WBGene00004452.,9204,72974,82178
WBGene00004453.,4002,59990,63992
WBGene00004454.,15671,50082,65753
WBGene00004455.,1,2,3
WBGene00004456.,0,59288,59288
WBGene00004457.,2,210,212
WBGene00004458.,47,964,1011
WBGene00004459.,4,969,973
WBGene00004460.,22,1386,1408
WBGene00004461.,21,1138,1159
WBGene00004462.,44,825,869
WBGene00004463.,27,1353,1380
WBGene00004464.,243,1243,1486
WBGene00004465.,153,1345,1498
WBGene00004466.,28,774,802
WBGene00004467.,8,1257,1265
WBGene00004468.,217,951,1168
WBGene00004469.,1061,50698,51759
WBGene00004470.,6623,61394,68017
WBGene00004471.,49,49346,49395
WBGene00004472.,15787,62948,78735
WBGene00004473.,13801,56213,70014
WBGene00004474.,21962,78117,100079
WBGene00004475.,4422,35180,39602
WBGene00004476.,28646,73115,101761
WBGene00004477.,20085,70447,90532
WBGene00004478.,21267,99079,120346
WBGene00004479.,15809,60092,75901
WBGene00004480.,36914,86669,123583
WBGene00004481.,3057,63328,66385
WBGene00004482.,9217,46002,55219
WBGene00004483.,21443,82797,104240
WBGene00004484.,20860,64960,85820
WBGene00004485.,1842,23698,25540
WBGene00004486.,10561,45592,56153
WBGene00004487.,22637,72246,94883
WBGene00004488.,17793,57050,74843
WBGene00004489.,14196,59885,74081
WBGene00004490.,21019,39685,60704
WBGene00004491.,1310,41938,43248
WBGene00004492.,17278,74719,91997
WBGene00004493.,12138,53985,66123
WBGene00004494.,34488,108379,142867
WBGene00004495.,8819,67499,76318
WBGene00004496.,11938,55330,67268
WBGene00004497.,5324,56718,62042
WBGene00004498.,37674,48227,85901
WBGene00004499.,16014,54948,70962
WBGene00004501.,12,756,768
WBGene00004502.,34,1291,1325
WBGene00004503.,3,749,752
WBGene00004504.,369,1649,2018
WBGene00004505.,10,950,960
WBGene00004506.,24,1228,1252
WBGene00004507.,21,518,539
WBGene00004508.,28,219,247
WBGene00004509.,21,77,98
WBGene00004510.,19,177,196
WBGene00004512.,0,5814,5814
WBGene00004513.,0,1,1
WBGene00004567.,0,190215,190215
WBGene00004622.,0,2449721,2449721
WBGene00004677.,0,41110,41110
WBGene00004679.,189,957,1146
WBGene00004680.,20,108,128
WBGene00004681.,181,245,426
WBGene00004682.,24,286,310
WBGene00004684.,21,387,408
WBGene00004698.,11,2065,2076
WBGene00004699.,53,1172,1225
WBGene00004700.,429,3239,3668
WBGene00004701.,3,1093,1096
WBGene00004702.,15,1122,1137
WBGene00004703.,178,3471,3649
WBGene00004704.,30,1058,1088
WBGene00004705.,76,1295,1371
WBGene00004706.,90,545,635
WBGene00004708.,0,0,0
WBGene00004716.,0,0,0
WBGene00004717.,0,0,0
WBGene00004719.,39,263,302
WBGene00004721.,38,141,179
WBGene00004723.,43,460,503
WBGene00004726.,11,151,162
WBGene00004727.,32,198,230
WBGene00004728.,92,473,565
WBGene00004729.,38,372,410
WBGene00004732.,191,1113,1304
WBGene00004735.,48,91,139
WBGene00004736.,759,24420,25179
WBGene00004737.,0,193,193
WBGene00004738.,13,576,589
WBGene00004739.,257,2055,2312
WBGene00004740.,37,199,236
WBGene00004742.,6,15,21
WBGene00004743.,81,411,492
WBGene00004744.,27,287,314
WBGene00004745.,7,97,104
WBGene00004746.,22,373,395
WBGene00004747.,11,98,109
WBGene00004748.,14,57,71
WBGene00004749.,36,1081,1117
WBGene00004750.,0,1,1
WBGene00004751.,241,828,1069
WBGene00004752.,24,225,249
WBGene00004753.,39,180,219
WBGene00004754.,245,780,1025
WBGene00004755.,34,1024,1058
WBGene00004756.,8,351,359
WBGene00004758.,16,400,416
WBGene00004759.,33,496,529
WBGene00004760.,148,659,807
WBGene00004762.,88,315,403
WBGene00004764.,6,59,65
WBGene00004765.,65,64,129
WBGene00004766.,82,1552,1634
WBGene00004767.,12,288,300
WBGene00004768.,2,379,381
WBGene00004769.,5,142,147
WBGene00004771.,12,127,139
WBGene00004773.,116,780,896
WBGene00004774.,9,444,453
WBGene00004775.,7,53,60
WBGene00004776.,30,73,103
WBGene00004777.,55,216,271
WBGene00004778.,14,188,202
WBGene00004779.,114,430,544
WBGene00004780.,15,65,80
WBGene00004781.,4,291,295
WBGene00004782.,29,303,332
WBGene00004783.,215,1123,1338
WBGene00004786.,8,72,80
WBGene00004787.,65,202,267
WBGene00004788.,22,1471,1493
WBGene00004789.,13,48,61
WBGene00004790.,271,784,1055
WBGene00004793.,21,52,73
WBGene00004795.,12,69,81
WBGene00004796.,7,10,17
WBGene00004798.,201,934,1135
WBGene00004800.,35,501,536
WBGene00004801.,57,498,555
WBGene00004802.,11,25,36
WBGene00004803.,22,67,89
WBGene00004804.,108,1017,1125
WBGene00004806.,127,488,615
WBGene00004807.,28,4034,4062
WBGene00004808.,15,457,472
WBGene00004809.,94,687,781
WBGene00004810.,2,6,8
WBGene00004811.,0,0,0
WBGene00004812.,0,0,0
WBGene00004813.,0,0,0
WBGene00004814.,0,0,0
WBGene00004815.,0,1,1
WBGene00004816.,0,112,112
WBGene00004817.,0,3,3
WBGene00004818.,0,0,0
WBGene00004819.,0,0,0
WBGene00004820.,0,0,0
WBGene00004821.,0,0,0
WBGene00004822.,0,205,205
WBGene00004823.,0,98,98
WBGene00004824.,57,311,368
WBGene00004825.,0,131,131
WBGene00004826.,0,279,279
WBGene00004827.,0,49,49
WBGene00004829.,83,293,376
WBGene00004830.,91,934,1025
WBGene00004831.,97,335,432
WBGene00004833.,0,114,114
WBGene00004834.,0,3,3
WBGene00004835.,0,3,3
WBGene00004836.,0,267,267
WBGene00004837.,0,0,0
WBGene00004838.,0,0,0
WBGene00004839.,0,15,15
WBGene00004840.,0,17,17
WBGene00004841.,0,10,10
WBGene00004842.,0,4,4
WBGene00004843.,0,0,0
WBGene00004844.,0,4,4
WBGene00004845.,0,1,1
WBGene00004846.,0,0,0
WBGene00004847.,0,0,0
WBGene00004848.,0,2,2
WBGene00004849.,0,20,20
WBGene00004850.,0,0,0
WBGene00004851.,0,1,1
WBGene00004854.,97,434,531
WBGene00004855.,105,1181,1286
WBGene00004856.,95,180,275
WBGene00004857.,40,210,250
WBGene00004858.,37,111,148
WBGene00004859.,23,114,137
WBGene00004860.,28,231,259
WBGene00004862.,226,999,1225
WBGene00004873.,169,612,781
WBGene00004874.,49,535,584
WBGene00004875.,0,50,50
WBGene00004876.,3,38,41
WBGene00004877.,0,1,1
WBGene00004878.,6,24,30
WBGene00004879.,82,485,567
WBGene00004880.,45,542,587
WBGene00004881.,127,296,423
WBGene00004882.,26,366,392
WBGene00004883.,1,104,105
WBGene00004884.,93,608,701
WBGene00004885.,5,158,163
WBGene00004886.,46,179,225
WBGene00004887.,51,619,670
WBGene00004888.,827,5835,6662
WBGene00004889.,36,313,349
WBGene00004890.,14,159,173
WBGene00004891.,54,709,763
WBGene00004892.,103,679,782
WBGene00004893.,4,186,190
WBGene00004894.,180,242,422
WBGene00004895.,2502,321,2823
WBGene00004896.,256,790,1046
WBGene00004897.,4,2783,2787
WBGene00004898.,3,60,63
WBGene00004899.,1,0,1
WBGene00004900.,12,454,466
WBGene00004901.,0,1,1
WBGene00004902.,43,779,822
WBGene00004903.,0,0,0
WBGene00004904.,1,1,2
WBGene00004905.,55,101,156
WBGene00004906.,5,5,10
WBGene00004907.,36,53,89
WBGene00004908.,0,0,0
WBGene00004909.,2,2,4
WBGene00004910.,34,926,960
WBGene00004911.,3,54,57
WBGene00004912.,27,303,330
WBGene00004913.,28,221,249
WBGene00004914.,84,2843,2927
WBGene00004915.,12,3126,3138
WBGene00004916.,147,2225,2372
WBGene00004917.,115,2512,2627
WBGene00004918.,653,2383,3036
WBGene00004919.,132,2208,2340
WBGene00004920.,386,3660,4046
WBGene00004921.,119,781,900
WBGene00004922.,62,247,309
WBGene00004923.,131,412,543
WBGene00004924.,46,1467,1513
WBGene00004925.,83,115,198
WBGene00004926.,4,134,138
WBGene00004927.,26,295,321
WBGene00004928.,15,86,101
WBGene00004929.,183,755,938
WBGene00004930.,360,2702,3062
WBGene00004931.,350,1148,1498
WBGene00004932.,0,3,3
WBGene00004933.,50,137,187
WBGene00004944.,41,162,203
WBGene00004945.,20,215,235
WBGene00004946.,87,452,539
WBGene00004947.,382,803,1185
WBGene00004949.,43,182,225
WBGene00004950.,0,112,112
WBGene00004951.,79,3018,3097
WBGene00004952.,4,212,216
WBGene00004953.,16,257,273
WBGene00004954.,13,59,72
WBGene00004955.,73,533,606
WBGene00004958.,8,26,34
WBGene00004959.,2,32,34
WBGene00004960.,5,17,22
WBGene00004962.,2,0,2
WBGene00004963.,10,7,17
WBGene00004964.,0,0,0
WBGene00004965.,0,0,0
WBGene00004966.,0,0,0
WBGene00004969.,24,71,95
WBGene00004971.,2,3,5
WBGene00004972.,2,11,13
WBGene00004973.,0,0,0
WBGene00004974.,11,18,29
WBGene00004975.,7,141,148
WBGene00004976.,0,3,3
WBGene00004978.,201,1361,1562
WBGene00004979.,100,275,375
WBGene00004980.,132,2132,2264
WBGene00004981.,19,278,297
WBGene00004984.,4,38,42
WBGene00004985.,6,41,47
WBGene00004986.,20,113,133
WBGene00004987.,26,92,118
WBGene00004988.,37,151,188
WBGene00004989.,2,7,9
WBGene00004990.,105,572,677
WBGene00004991.,1,3,4
WBGene00004992.,0,1,1
WBGene00004993.,61,173,234
WBGene00004994.,0,0,0
WBGene00004995.,1564,3560,5124
WBGene00004996.,0,0,0
WBGene00004997.,3,6,9
WBGene00004998.,8,19,27
WBGene00004999.,162,585,747
WBGene00005000.,706,3667,4373
WBGene00005001.,14,38,52
WBGene00005002.,22,244,266
WBGene00005003.,24,89,113
WBGene00005004.,63,241,304
WBGene00005005.,0,1,1
WBGene00005006.,26,163,189
WBGene00005007.,33,746,779
WBGene00005008.,4,21,25
WBGene00005009.,9,409,418
WBGene00005010.,68,309,377
WBGene00005011.,35,106,141
WBGene00005012.,0,0,0
WBGene00005013.,1,4,5
WBGene00005014.,16,223,239
WBGene00005015.,45,725,770
WBGene00005016.,1,420,421
WBGene00005017.,33,128,161
WBGene00005018.,15,304,319
WBGene00005019.,17,198,215
WBGene00005020.,63,90,153
WBGene00005021.,8,67,75
WBGene00005022.,11,393,404
WBGene00005023.,21,189,210
WBGene00005024.,64,106,170
WBGene00005025.,42,98,140
WBGene00005026.,20,228,248
WBGene00005027.,0,2,2
WBGene00005028.,0,0,0
WBGene00005029.,0,0,0
WBGene00005030.,0,3,3
WBGene00005031.,1,2,3
WBGene00005032.,0,0,0
WBGene00005033.,2,7,9
WBGene00005034.,0,0,0
WBGene00005035.,0,0,0
WBGene00005036.,7,45,52
WBGene00005037.,0,8,8
WBGene00005038.,2,3,5
WBGene00005039.,1,1,2
WBGene00005040.,3,11,14
WBGene00005041.,0,3,3
WBGene00005042.,0,2,2
WBGene00005043.,1,4,5
WBGene00005044.,1,1,2
WBGene00005045.,0,0,0
WBGene00005046.,0,0,0
WBGene00005047.,0,3,3
WBGene00005048.,0,0,0
WBGene00005049.,0,0,0
WBGene00005050.,0,0,0
WBGene00005051.,3,1,4
WBGene00005052.,0,3,3
WBGene00005053.,1,4,5
WBGene00005054.,1,0,1
WBGene00005055.,0,1,1
WBGene00005056.,7,0,7
WBGene00005057.,2,4,6
WBGene00005058.,1,0,1
WBGene00005059.,0,7,7
WBGene00005060.,2,3,5
WBGene00005061.,2,0,2
WBGene00005062.,1,0,1
WBGene00005063.,1,19,20
WBGene00005064.,1,1,2
WBGene00005065.,1,0,1
WBGene00005066.,0,0,0
WBGene00005067.,0,3,3
WBGene00005068.,0,2,2
WBGene00005069.,0,0,0
WBGene00005070.,0,1,1
WBGene00005071.,1,0,1
WBGene00005072.,0,1,1
WBGene00005073.,0,0,0
WBGene00005074.,0,0,0
WBGene00005075.,0,0,0
WBGene00005076.,1,1,2
WBGene00005077.,53,342,395
WBGene00005078.,34,153,187
WBGene00005079.,0,4,4
WBGene00005080.,0,1,1
WBGene00005081.,0,1,1
WBGene00005082.,0,1,1
WBGene00005083.,0,1,1
WBGene00005084.,1,2,3
WBGene00005085.,0,0,0
WBGene00005086.,0,1,1
WBGene00005087.,0,1,1
WBGene00005088.,4,1,5
WBGene00005089.,1,1,2
WBGene00005090.,2,4,6
WBGene00005091.,0,0,0
WBGene00005092.,3,12,15
WBGene00005093.,2,10,12
WBGene00005094.,0,0,0
WBGene00005095.,0,1,1
WBGene00005096.,2,6,8
WBGene00005097.,0,1,1
WBGene00005098.,0,2,2
WBGene00005099.,0,0,0
WBGene00005100.,0,2,2
WBGene00005101.,3,38,41
WBGene00005102.,0,0,0
WBGene00005103.,0,0,0
WBGene00005104.,0,1,1
WBGene00005105.,0,0,0
WBGene00005106.,0,0,0
WBGene00005107.,0,7,7
WBGene00005108.,0,18,18
WBGene00005109.,1,1,2
WBGene00005110.,15,33,48
WBGene00005111.,2,34,36
WBGene00005112.,0,1,1
WBGene00005113.,10,21,31
WBGene00005114.,0,2,2
WBGene00005115.,0,2,2
WBGene00005116.,12,0,12
WBGene00005117.,0,0,0
WBGene00005118.,0,2,2
WBGene00005119.,0,1,1
WBGene00005120.,0,2,2
WBGene00005121.,0,0,0
WBGene00005122.,1,0,1
WBGene00005123.,0,3,3
WBGene00005124.,1,1,2
WBGene00005125.,0,1,1
WBGene00005126.,0,3,3
WBGene00005127.,7,39,46
WBGene00005128.,8,7,15
WBGene00005129.,23,42,65
WBGene00005130.,0,1,1
WBGene00005131.,8,44,52
WBGene00005132.,0,2,2
WBGene00005133.,1,2,3
WBGene00005134.,0,0,0
WBGene00005135.,0,0,0
WBGene00005136.,0,0,0
WBGene00005137.,0,0,0
WBGene00005138.,0,0,0
WBGene00005139.,0,1,1
WBGene00005140.,0,1,1
WBGene00005141.,3,1,4
WBGene00005142.,0,1,1
WBGene00005143.,1,2,3
WBGene00005144.,1,0,1
WBGene00005145.,0,0,0
WBGene00005146.,4,2,6
WBGene00005147.,5,33,38
WBGene00005148.,0,0,0
WBGene00005149.,2,12,14
WBGene00005150.,8,46,54
WBGene00005153.,25,87,112
WBGene00005159.,0,0,0
WBGene00005160.,0,0,0
WBGene00005161.,0,0,0
WBGene00005162.,6,9,15
WBGene00005163.,0,14,14
WBGene00005164.,2,0,2
WBGene00005165.,0,0,0
WBGene00005166.,0,0,0
WBGene00005167.,0,0,0
WBGene00005168.,1,5,6
WBGene00005169.,4,13,17
WBGene00005170.,1,1,2
WBGene00005171.,5,10,15
WBGene00005172.,1,10,11
WBGene00005173.,1,1,2
WBGene00005174.,11,33,44
WBGene00005175.,1,3,4
WBGene00005176.,0,1,1
WBGene00005177.,3,1,4
WBGene00005178.,2,1,3
WBGene00005179.,1,0,1
WBGene00005180.,1,1,2
WBGene00005181.,1,0,1
WBGene00005182.,2,5,7
WBGene00005183.,4,8,12
WBGene00005184.,0,1,1
WBGene00005185.,0,0,0
WBGene00005186.,3,2,5
WBGene00005187.,1,2,3
WBGene00005188.,0,0,0
WBGene00005189.,1,3,4
WBGene00005190.,0,0,0
WBGene00005191.,0,3,3
WBGene00005192.,0,0,0
WBGene00005193.,3,0,3
WBGene00005194.,0,0,0
WBGene00005195.,2,3,5
WBGene00005196.,0,0,0
WBGene00005197.,1,7,8
WBGene00005198.,0,10,10
WBGene00005199.,0,1,1
WBGene00005200.,1,0,1
WBGene00005201.,0,0,0
WBGene00005202.,2,3,5
WBGene00005203.,1,6,7
WBGene00005204.,0,3,3
WBGene00005205.,1,6,7
WBGene00005206.,1,16,17
WBGene00005207.,1,2,3
WBGene00005208.,3,8,11
WBGene00005210.,0,8,8
WBGene00005211.,1,0,1
WBGene00005212.,0,1,1
WBGene00005213.,3,1,4
WBGene00005214.,0,0,0
WBGene00005215.,0,1,1
WBGene00005216.,1,0,1
WBGene00005217.,0,0,0
WBGene00005218.,0,0,0
WBGene00005219.,1,2,3
WBGene00005220.,0,0,0
WBGene00005221.,1,0,1
WBGene00005222.,0,1,1
WBGene00005223.,0,0,0
WBGene00005224.,0,0,0
WBGene00005225.,1,0,1
WBGene00005226.,8,25,33
WBGene00005227.,0,1,1
WBGene00005228.,187,47,234
WBGene00005229.,2,2,4
WBGene00005230.,0,0,0
WBGene00005231.,0,3,3
WBGene00005232.,0,0,0
WBGene00005233.,0,2,2
WBGene00005234.,0,0,0
WBGene00005235.,0,2,2
WBGene00005236.,0,1,1
WBGene00005237.,1,3,4
WBGene00005238.,0,0,0
WBGene00005239.,0,3,3
WBGene00005240.,2,8,10
WBGene00005241.,1,6,7
WBGene00005242.,0,0,0
WBGene00005243.,1,5,6
WBGene00005244.,0,0,0
WBGene00005245.,0,5,5
WBGene00005246.,0,7,7
WBGene00005247.,1,2,3
WBGene00005248.,2,1,3
WBGene00005249.,0,0,0
WBGene00005250.,0,0,0
WBGene00005251.,7,19,26
WBGene00005252.,1,9,10
WBGene00005253.,10,33,43
WBGene00005254.,0,1,1
WBGene00005255.,0,0,0
WBGene00005256.,0,0,0
WBGene00005257.,0,4,4
WBGene00005258.,0,2,2
WBGene00005259.,0,0,0
WBGene00005260.,0,5,5
WBGene00005261.,5,0,5
WBGene00005262.,1,5,6
WBGene00005263.,0,0,0
WBGene00005264.,0,0,0
WBGene00005265.,0,0,0
WBGene00005266.,0,4,4
WBGene00005267.,1,4,5
WBGene00005268.,0,2,2
WBGene00005269.,2,14,16
WBGene00005270.,2,4,6
WBGene00005271.,4,5,9
WBGene00005272.,1,1,2
WBGene00005273.,0,1,1
WBGene00005274.,1,0,1
WBGene00005275.,0,0,0
WBGene00005276.,0,0,0
WBGene00005277.,0,0,0
WBGene00005278.,0,0,0
WBGene00005279.,0,1,1
WBGene00005280.,0,0,0
WBGene00005281.,0,0,0
WBGene00005282.,0,0,0
WBGene00005283.,0,6,6
WBGene00005284.,0,2,2
WBGene00005285.,1,0,1
WBGene00005286.,0,0,0
WBGene00005287.,0,0,0
WBGene00005288.,0,0,0
WBGene00005289.,0,7,7
WBGene00005290.,2,10,12
WBGene00005291.,0,1,1
WBGene00005292.,1,4,5
WBGene00005293.,0,6,6
WBGene00005294.,0,0,0
WBGene00005295.,1,1,2
WBGene00005296.,0,4,4
WBGene00005297.,0,2,2
WBGene00005298.,1,1,2
WBGene00005299.,5,21,26
WBGene00005300.,0,0,0
WBGene00005301.,0,0,0
WBGene00005302.,1,0,1
WBGene00005303.,1,1,2
WBGene00005304.,0,0,0
WBGene00005305.,0,2,2
WBGene00005306.,0,0,0
WBGene00005307.,1,1,2
WBGene00005308.,1,3,4
WBGene00005309.,0,0,0
WBGene00005310.,0,0,0
WBGene00005311.,1,0,1
WBGene00005312.,2,2,4
WBGene00005313.,2,1,3
WBGene00005314.,0,0,0
WBGene00005315.,4,0,4
WBGene00005316.,0,0,0
WBGene00005317.,0,0,0
WBGene00005318.,3,3,6
WBGene00005319.,1,2,3
WBGene00005320.,0,0,0
WBGene00005321.,0,0,0
WBGene00005322.,0,0,0
WBGene00005323.,0,0,0
WBGene00005324.,16,2,18
WBGene00005325.,0,2,2
WBGene00005326.,0,1,1
WBGene00005327.,0,3,3
WBGene00005328.,0,0,0
WBGene00005329.,0,0,0
WBGene00005330.,0,1,1
WBGene00005331.,0,0,0
WBGene00005332.,0,0,0
WBGene00005333.,1,3,4
WBGene00005334.,2,2,4
WBGene00005335.,1,1,2
WBGene00005336.,0,1,1
WBGene00005337.,1,2,3
WBGene00005338.,0,2,2
WBGene00005339.,0,4,4
WBGene00005340.,0,0,0
WBGene00005341.,0,0,0
WBGene00005342.,1,2,3
WBGene00005343.,6,10,16
WBGene00005344.,3,6,9
WBGene00005345.,2,2,4
WBGene00005346.,0,12,12
WBGene00005347.,0,1,1
WBGene00005348.,0,1,1
WBGene00005349.,0,0,0
WBGene00005350.,1,0,1
WBGene00005351.,1,1,2
WBGene00005352.,0,0,0
WBGene00005353.,0,8,8
WBGene00005354.,0,0,0
WBGene00005355.,0,1,1
WBGene00005356.,0,0,0
WBGene00005357.,0,2,2
WBGene00005358.,1,0,1
WBGene00005359.,0,0,0
WBGene00005360.,0,0,0
WBGene00005361.,0,0,0
WBGene00005362.,1,3,4
WBGene00005363.,0,0,0
WBGene00005364.,4,1,5
WBGene00005365.,0,0,0
WBGene00005366.,0,2,2
WBGene00005367.,0,0,0
WBGene00005368.,0,1,1
WBGene00005369.,0,1,1
WBGene00005370.,0,4,4
WBGene00005371.,0,0,0
WBGene00005372.,0,0,0
WBGene00005373.,0,2,2
WBGene00005374.,0,0,0
WBGene00005375.,0,0,0
WBGene00005376.,0,0,0
WBGene00005377.,0,0,0
WBGene00005378.,0,0,0
WBGene00005379.,0,0,0
WBGene00005380.,1,1,2
WBGene00005381.,0,2,2
WBGene00005382.,0,0,0
WBGene00005383.,0,11,11
WBGene00005384.,0,1,1
WBGene00005385.,0,0,0
WBGene00005386.,1,3,4
WBGene00005387.,10,8,18
WBGene00005388.,2,3,5
WBGene00005389.,0,1,1
WBGene00005390.,0,0,0
WBGene00005391.,0,0,0
WBGene00005392.,1,0,1
WBGene00005393.,0,1,1
WBGene00005394.,0,1,1
WBGene00005395.,0,1,1
WBGene00005396.,0,0,0
WBGene00005397.,0,1,1
WBGene00005398.,4,1,5
WBGene00005399.,0,1,1
WBGene00005400.,0,2,2
WBGene00005401.,0,1,1
WBGene00005402.,0,2,2
WBGene00005403.,2,25,27
WBGene00005404.,0,0,0
WBGene00005405.,5,3,8
WBGene00005406.,0,3,3
WBGene00005407.,1,1,2
WBGene00005408.,0,2,2
WBGene00005409.,0,2,2
WBGene00005410.,2,0,2
WBGene00005411.,0,3,3
WBGene00005412.,1,1,2
WBGene00005413.,0,1,1
WBGene00005414.,0,1,1
WBGene00005415.,1,5,6
WBGene00005416.,0,0,0
WBGene00005417.,0,0,0
WBGene00005418.,0,1,1
WBGene00005419.,0,5,5
WBGene00005420.,1,5,6
WBGene00005421.,0,3,3
WBGene00005422.,1,3,4
WBGene00005423.,2,1,3
WBGene00005424.,0,0,0
WBGene00005425.,0,0,0
WBGene00005426.,1,2,3
WBGene00005427.,1,1,2
WBGene00005428.,0,0,0
WBGene00005429.,0,0,0
WBGene00005430.,0,1,1
WBGene00005431.,1,2,3
WBGene00005432.,0,3,3
WBGene00005433.,0,0,0
WBGene00005434.,1,0,1
WBGene00005435.,0,0,0
WBGene00005436.,0,0,0
WBGene00005437.,1,2,3
WBGene00005438.,1,7,8
WBGene00005439.,0,0,0
WBGene00005440.,0,0,0
WBGene00005441.,0,0,0
WBGene00005442.,0,0,0
WBGene00005443.,0,1,1
WBGene00005444.,0,0,0
WBGene00005445.,3,0,3
WBGene00005446.,0,0,0
WBGene00005447.,0,1,1
WBGene00005448.,0,1,1
WBGene00005449.,1,0,1
WBGene00005450.,0,0,0
WBGene00005451.,0,0,0
WBGene00005452.,0,2,2
WBGene00005453.,0,0,0
WBGene00005454.,0,0,0
WBGene00005455.,0,2,2
WBGene00005456.,0,1,1
WBGene00005457.,0,0,0
WBGene00005458.,0,0,0
WBGene00005459.,0,1,1
WBGene00005460.,0,0,0
WBGene00005461.,0,0,0
WBGene00005462.,0,0,0
WBGene00005463.,6,0,6
WBGene00005464.,1,2,3
WBGene00005465.,0,0,0
WBGene00005466.,0,0,0
WBGene00005467.,0,0,0
WBGene00005468.,1,0,1
WBGene00005469.,0,1,1
WBGene00005470.,0,0,0
WBGene00005471.,0,1,1
WBGene00005472.,0,0,0
WBGene00005473.,0,2,2
WBGene00005474.,0,1,1
WBGene00005475.,5,1,6
WBGene00005476.,1,1,2
WBGene00005477.,2,14,16
WBGene00005478.,0,0,0
WBGene00005479.,0,0,0
WBGene00005480.,0,1,1
WBGene00005481.,1,8,9
WBGene00005482.,0,4,4
WBGene00005483.,0,0,0
WBGene00005484.,0,2,2
WBGene00005485.,0,0,0
WBGene00005486.,0,1,1
WBGene00005487.,2,2,4
WBGene00005488.,2,4,6
WBGene00005489.,1,0,1
WBGene00005490.,1,0,1
WBGene00005491.,0,0,0
WBGene00005492.,0,0,0
WBGene00005493.,0,0,0
WBGene00005494.,1,1,2
WBGene00005495.,3,1,4
WBGene00005496.,0,0,0
WBGene00005497.,0,0,0
WBGene00005498.,0,0,0
WBGene00005499.,0,0,0
WBGene00005500.,0,0,0
WBGene00005501.,0,0,0
WBGene00005502.,0,0,0
WBGene00005503.,0,0,0
WBGene00005504.,0,0,0
WBGene00005505.,1,1,2
WBGene00005506.,2,0,2
WBGene00005507.,0,1,1
WBGene00005508.,0,0,0
WBGene00005509.,0,0,0
WBGene00005510.,0,0,0
WBGene00005511.,0,0,0
WBGene00005512.,0,0,0
WBGene00005513.,0,3,3
WBGene00005514.,3,16,19
WBGene00005515.,0,1,1
WBGene00005516.,0,2,2
WBGene00005517.,2,8,10
WBGene00005518.,1,5,6
WBGene00005519.,0,2,2
WBGene00005520.,0,0,0
WBGene00005521.,1,9,10
WBGene00005522.,4,2,6
WBGene00005523.,12,269,281
WBGene00005524.,1,2,3
WBGene00005525.,0,0,0
WBGene00005526.,0,0,0
WBGene00005527.,7,2,9
WBGene00005528.,5,18,23
WBGene00005529.,10,8,18
WBGene00005530.,2,8,10
WBGene00005531.,18,31,49
WBGene00005532.,0,7,7
WBGene00005533.,0,2,2
WBGene00005534.,2,9,11
WBGene00005535.,0,0,0
WBGene00005536.,0,0,0
WBGene00005537.,1,2,3
WBGene00005538.,0,0,0
WBGene00005539.,0,0,0
WBGene00005540.,1,1,2
WBGene00005541.,1,0,1
WBGene00005542.,0,1,1
WBGene00005543.,1,2,3
WBGene00005544.,0,0,0
WBGene00005545.,0,0,0
WBGene00005546.,0,0,0
WBGene00005547.,1,2,3
WBGene00005548.,1,0,1
WBGene00005549.,0,0,0
WBGene00005550.,0,3,3
WBGene00005551.,0,0,0
WBGene00005552.,13,32,45
WBGene00005553.,0,0,0
WBGene00005554.,1,1,2
WBGene00005555.,0,0,0
WBGene00005556.,3,2,5
WBGene00005557.,2,6,8
WBGene00005558.,0,4,4
WBGene00005559.,3,7,10
WBGene00005560.,15,25,40
WBGene00005561.,0,0,0
WBGene00005562.,0,0,0
WBGene00005563.,1,0,1
WBGene00005564.,0,0,0
WBGene00005565.,2,1,3
WBGene00005566.,0,0,0
WBGene00005567.,0,0,0
WBGene00005568.,6,5,11
WBGene00005569.,1,0,1
WBGene00005570.,0,4,4
WBGene00005571.,0,0,0
WBGene00005572.,0,1,1
WBGene00005573.,0,2,2
WBGene00005574.,1,2,3
WBGene00005575.,4,8,12
WBGene00005576.,1,0,1
WBGene00005577.,0,2,2
WBGene00005578.,1,1,2
WBGene00005579.,0,0,0
WBGene00005580.,1,0,1
WBGene00005581.,0,2,2
WBGene00005582.,0,0,0
WBGene00005583.,0,0,0
WBGene00005584.,0,0,0
WBGene00005585.,2,5,7
WBGene00005586.,0,0,0
WBGene00005587.,0,0,0
WBGene00005588.,1,2,3
WBGene00005589.,4,0,4
WBGene00005590.,0,1,1
WBGene00005591.,5,3,8
WBGene00005592.,1,2,3
WBGene00005593.,0,0,0
WBGene00005594.,0,0,0
WBGene00005595.,1,0,1
WBGene00005596.,0,0,0
WBGene00005597.,0,0,0
WBGene00005598.,0,0,0
WBGene00005599.,0,0,0
WBGene00005600.,0,0,0
WBGene00005601.,1,0,1
WBGene00005602.,17,115,132
WBGene00005603.,1,6,7
WBGene00005604.,1,0,1
WBGene00005605.,0,1,1
WBGene00005606.,9,6,15
WBGene00005607.,0,0,0
WBGene00005608.,0,0,0
WBGene00005609.,0,1,1
WBGene00005610.,0,2,2
WBGene00005611.,6,18,24
WBGene00005612.,6,1,7
WBGene00005613.,3,0,3
WBGene00005614.,0,0,0
WBGene00005615.,0,0,0
WBGene00005616.,0,1,1
WBGene00005617.,1,1,2
WBGene00005618.,0,0,0
WBGene00005619.,0,0,0
WBGene00005620.,8,9,17
WBGene00005621.,1,2,3
WBGene00005622.,1,1,2
WBGene00005623.,0,0,0
WBGene00005624.,1,0,1
WBGene00005625.,0,0,0
WBGene00005626.,0,0,0
WBGene00005627.,0,0,0
WBGene00005628.,0,0,0
WBGene00005629.,0,0,0
WBGene00005630.,0,1,1
WBGene00005631.,0,0,0
WBGene00005632.,0,0,0
WBGene00005633.,0,0,0
WBGene00005634.,1,0,1
WBGene00005635.,0,0,0
WBGene00005638.,1,6,7
WBGene00005639.,1,0,1
WBGene00005640.,0,2,2
WBGene00005641.,6,22,28
WBGene00005642.,8,26,34
WBGene00005643.,1,7,8
WBGene00005644.,84,304,388
WBGene00005646.,0,1,1
WBGene00005647.,36,137,173
WBGene00005648.,268,645,913
WBGene00005649.,6,4,10
WBGene00005650.,0,1,1
WBGene00005651.,0,0,0
WBGene00005652.,29,145,174
WBGene00005653.,6,23,29
WBGene00005654.,8,61,69
WBGene00005655.,26,360,386
WBGene00005656.,8,20,28
WBGene00005657.,2,54,56
WBGene00005658.,0,1,1
WBGene00005659.,0,1,1
WBGene00005660.,1,8,9
WBGene00005661.,0,25,25
WBGene00005662.,107,358,465
WBGene00005663.,427,2418,2845
WBGene00005664.,1,7,8
WBGene00005665.,0,6,6
WBGene00005666.,0,6,6
WBGene00005667.,0,0,0
WBGene00005668.,2,6,8
WBGene00005669.,0,0,0
WBGene00005670.,2,7,9
WBGene00005671.,0,4,4
WBGene00005672.,0,0,0
WBGene00005673.,0,0,0
WBGene00005674.,0,0,0
WBGene00005675.,1,2,3
WBGene00005676.,1,2,3
WBGene00005677.,0,8,8
WBGene00005678.,0,0,0
WBGene00005679.,0,1,1
WBGene00005680.,1,0,1
WBGene00005681.,0,0,0
WBGene00005682.,0,0,0
WBGene00005683.,0,1,1
WBGene00005684.,3,0,3
WBGene00005685.,0,2,2
WBGene00005686.,0,6,6
WBGene00005687.,2,1,3
WBGene00005688.,0,0,0
WBGene00005689.,3,5,8
WBGene00005690.,0,5,5
WBGene00005691.,0,2,2
WBGene00005692.,1,3,4
WBGene00005693.,0,0,0
WBGene00005694.,0,0,0
WBGene00005695.,0,0,0
WBGene00005696.,1,3,4
WBGene00005697.,0,4,4
WBGene00005698.,1,1,2
WBGene00005699.,0,1,1
WBGene00005700.,0,4,4
WBGene00005701.,1,2,3
WBGene00005702.,0,19,19
WBGene00005703.,2,3,5
WBGene00005704.,2,0,2
WBGene00005705.,0,0,0
WBGene00005706.,0,1,1
WBGene00005707.,0,0,0
WBGene00005708.,0,0,0
WBGene00005709.,3,2,5
WBGene00005710.,7,5,12
WBGene00005711.,0,10,10
WBGene00005712.,10,13,23
WBGene00005713.,0,9,9
WBGene00005714.,0,1,1
WBGene00005715.,3,4,7
WBGene00005716.,3,15,18
WBGene00005717.,3,15,18
WBGene00005718.,6,30,36
WBGene00005719.,3,10,13
WBGene00005720.,1,0,1
WBGene00005721.,1,6,7
WBGene00005722.,2,0,2
WBGene00005723.,2,1,3
WBGene00005724.,11,10,21
WBGene00005725.,3,10,13
WBGene00005726.,5,6,11
WBGene00005727.,3,4,7
WBGene00005728.,0,0,0
WBGene00005729.,0,0,0
WBGene00005730.,0,0,0
WBGene00005731.,0,0,0
WBGene00005732.,0,0,0
WBGene00005733.,0,1,1
WBGene00005734.,0,0,0
WBGene00005735.,7,3,10
WBGene00005736.,1,0,1
WBGene00005737.,2,1,3
WBGene00005738.,1,7,8
WBGene00005739.,5,12,17
WBGene00005740.,1,0,1
WBGene00005741.,0,0,0
WBGene00005742.,0,0,0
WBGene00005743.,0,2,2
WBGene00005744.,2,1,3
WBGene00005745.,1,0,1
WBGene00005746.,0,3,3
WBGene00005747.,6,0,6
WBGene00005748.,4,15,19
WBGene00005749.,0,0,0
WBGene00005750.,0,0,0
WBGene00005751.,1,0,1
WBGene00005752.,7,22,29
WBGene00005753.,1,5,6
WBGene00005754.,0,4,4
WBGene00005755.,0,5,5
WBGene00005756.,0,3,3
WBGene00005757.,2,15,17
WBGene00005758.,1,4,5
WBGene00005759.,0,27,27
WBGene00005760.,1,0,1
WBGene00005761.,1,0,1
WBGene00005762.,0,2,2
WBGene00005763.,1,1,2
WBGene00005764.,0,0,0
WBGene00005765.,0,0,0
WBGene00005766.,0,0,0
WBGene00005767.,2,2,4
WBGene00005768.,2,0,2
WBGene00005769.,0,0,0
WBGene00005770.,1,0,1
WBGene00005771.,0,0,0
WBGene00005772.,6,14,20
WBGene00005773.,1,0,1
WBGene00005774.,0,0,0
WBGene00005775.,0,2,2
WBGene00005776.,0,0,0
WBGene00005777.,0,0,0
WBGene00005778.,1,1,2
WBGene00005779.,0,0,0
WBGene00005780.,0,0,0
WBGene00005781.,0,0,0
WBGene00005782.,0,0,0
WBGene00005783.,1,1,2
WBGene00005784.,0,0,0
WBGene00005785.,1,0,1
WBGene00005786.,2,0,2
WBGene00005787.,0,0,0
WBGene00005788.,0,0,0
WBGene00005789.,0,0,0
WBGene00005790.,0,0,0
WBGene00005791.,1,2,3
WBGene00005792.,15,0,15
WBGene00005793.,0,0,0
WBGene00005794.,0,1,1
WBGene00005795.,1,0,1
WBGene00005796.,0,0,0
WBGene00005797.,0,0,0
WBGene00005798.,0,0,0
WBGene00005799.,0,0,0
WBGene00005800.,0,10,10
WBGene00005801.,0,0,0
WBGene00005802.,1,1,2
WBGene00005803.,1,0,1
WBGene00005804.,0,1,1
WBGene00005805.,0,0,0
WBGene00005806.,0,0,0
WBGene00005807.,0,0,0
WBGene00005808.,0,1,1
WBGene00005809.,1,1,2
WBGene00005810.,0,0,0
WBGene00005811.,3,9,12
WBGene00005812.,0,0,0
WBGene00005813.,0,2,2
WBGene00005814.,0,1,1
WBGene00005815.,97,536,633
WBGene00005816.,73,152,225
WBGene00005817.,0,0,0
WBGene00005818.,49,254,303
WBGene00005819.,0,0,0
WBGene00005820.,3,8,11
WBGene00005821.,0,0,0
WBGene00005822.,0,0,0
WBGene00005823.,0,0,0
WBGene00005824.,0,0,0
WBGene00005825.,2,3,5
WBGene00005826.,0,2,2
WBGene00005827.,1,12,13
WBGene00005828.,1,4,5
WBGene00005829.,0,0,0
WBGene00005830.,0,0,0
WBGene00005831.,2,0,2
WBGene00005832.,42,345,387
WBGene00005833.,0,15,15
WBGene00005834.,0,3,3
WBGene00005835.,0,0,0
WBGene00005836.,0,0,0
WBGene00005837.,0,1,1
WBGene00005838.,2,6,8
WBGene00005839.,0,3,3
WBGene00005840.,2,6,8
WBGene00005841.,1,0,1
WBGene00005842.,1,0,1
WBGene00005843.,1,1,2
WBGene00005844.,0,0,0
WBGene00005845.,0,1,1
WBGene00005846.,0,0,0
WBGene00005847.,0,1,1
WBGene00005848.,0,1,1
WBGene00005849.,0,0,0
WBGene00005850.,1,1,2
WBGene00005851.,1,0,1
WBGene00005852.,0,2,2
WBGene00005853.,0,0,0
WBGene00005854.,1,1,2
WBGene00005855.,0,1,1
WBGene00005856.,1,0,1
WBGene00005857.,0,0,0
WBGene00005858.,4,0,4
WBGene00005859.,0,2,2
WBGene00005860.,0,1,1
WBGene00005861.,0,0,0
WBGene00005862.,0,0,0
WBGene00005863.,0,1,1
WBGene00005864.,0,0,0
WBGene00005865.,0,1,1
WBGene00005866.,0,0,0
WBGene00005867.,0,1,1
WBGene00005868.,0,0,0
WBGene00005869.,1,1,2
WBGene00005870.,0,0,0
WBGene00005871.,0,0,0
WBGene00005872.,0,0,0
WBGene00005873.,0,0,0
WBGene00005874.,0,0,0
WBGene00005875.,1,0,1
WBGene00005876.,0,0,0
WBGene00005877.,0,0,0
WBGene00005878.,0,2,2
WBGene00005879.,0,1,1
WBGene00005880.,1,0,1
WBGene00005881.,0,0,0
WBGene00005882.,0,0,0
WBGene00005883.,0,0,0
WBGene00005884.,0,0,0
WBGene00005885.,1,1,2
WBGene00005886.,0,1,1
WBGene00005887.,0,1,1
WBGene00005888.,0,0,0
WBGene00005889.,0,1,1
WBGene00005890.,0,0,0
WBGene00005891.,0,1,1
WBGene00005892.,0,3,3
WBGene00005893.,10,30,40
WBGene00005894.,2,1,3
WBGene00005895.,1,1,2
WBGene00005896.,0,0,0
WBGene00005897.,1,1,2
WBGene00005898.,5,5,10
WBGene00005899.,0,0,0
WBGene00005900.,2,3,5
WBGene00005901.,1,1,2
WBGene00005902.,1,1,2
WBGene00005903.,1,4,5
WBGene00005904.,5,0,5
WBGene00005905.,3,1,4
WBGene00005906.,2,6,8
WBGene00005907.,0,0,0
WBGene00005908.,0,3,3
WBGene00005909.,1,2,3
WBGene00005910.,4,17,21
WBGene00005911.,0,0,0
WBGene00005912.,0,0,0
WBGene00005913.,0,0,0
WBGene00005914.,0,0,0
WBGene00005915.,2,0,2
WBGene00005916.,0,1,1
WBGene00005917.,1,0,1
WBGene00005918.,0,0,0
WBGene00005919.,0,0,0
WBGene00005920.,0,0,0
WBGene00005921.,0,0,0
WBGene00005922.,0,0,0
WBGene00005923.,0,0,0
WBGene00005924.,0,0,0
WBGene00005925.,1,4,5
WBGene00005926.,0,7,7
WBGene00005927.,0,1,1
WBGene00005928.,0,1,1
WBGene00005929.,1,5,6
WBGene00005930.,0,0,0
WBGene00005931.,0,4,4
WBGene00005932.,4,10,14
WBGene00005933.,0,1,1
WBGene00005934.,0,0,0
WBGene00005935.,3,2,5
WBGene00005936.,12,59,71
WBGene00005937.,6,10,16
WBGene00005938.,16,46,62
WBGene00005939.,1,0,1
WBGene00005940.,2,4,6
WBGene00005941.,7,7,14
WBGene00005942.,0,0,0
WBGene00005943.,0,0,0
WBGene00005944.,0,0,0
WBGene00005945.,1,0,1
WBGene00005946.,0,0,0
WBGene00005947.,10,39,49
WBGene00005948.,0,0,0
WBGene00005949.,4,6,10
WBGene00005950.,0,1,1
WBGene00005951.,0,0,0
WBGene00005952.,0,1,1
WBGene00005953.,0,1,1
WBGene00005954.,0,2,2
WBGene00005955.,0,0,0
WBGene00005956.,0,0,0
WBGene00005957.,0,0,0
WBGene00005958.,3,3,6
WBGene00005959.,5,26,31
WBGene00005960.,0,0,0
WBGene00005961.,0,3,3
WBGene00005962.,4,4,8
WBGene00005963.,0,3,3
WBGene00005964.,2,1,3
WBGene00005965.,36,1,37
WBGene00005966.,0,1,1
WBGene00005967.,24,52,76
WBGene00005968.,0,3,3
WBGene00005969.,2,3,5
WBGene00005970.,0,3,3
WBGene00005971.,0,6,6
WBGene00005972.,0,5,5
WBGene00005973.,3,3,6
WBGene00005974.,0,2,2
WBGene00005975.,10,24,34
WBGene00005976.,1,14,15
WBGene00005977.,1,21,22
WBGene00005978.,0,0,0
WBGene00005979.,0,0,0
WBGene00005980.,0,4,4
WBGene00005981.,1,1,2
WBGene00005982.,22,38,60
WBGene00005983.,0,1,1
WBGene00005984.,1,0,1
WBGene00005985.,0,0,0
WBGene00005986.,1,8,9
WBGene00005987.,0,0,0
WBGene00005988.,0,1,1
WBGene00005989.,0,0,0
WBGene00005990.,0,0,0
WBGene00005991.,0,0,0
WBGene00005992.,0,0,0
WBGene00005993.,2,1,3
WBGene00005994.,3,1,4
WBGene00005995.,0,2,2
WBGene00005996.,1,2,3
WBGene00005997.,1,0,1
WBGene00005998.,1,2,3
WBGene00005999.,1,3,4
WBGene00006000.,0,3,3
WBGene00006001.,2,0,2
WBGene00006002.,0,10,10
WBGene00006003.,1,1,2
WBGene00006004.,0,1,1
WBGene00006005.,2,5,7
WBGene00006006.,1,8,9
WBGene00006007.,1,1,2
WBGene00006008.,4,9,13
WBGene00006009.,2,2,4
WBGene00006010.,0,1,1
WBGene00006011.,0,1,1
WBGene00006012.,0,3,3
WBGene00006013.,0,0,0
WBGene00006014.,2,7,9
WBGene00006015.,3,3,6
WBGene00006016.,1,1,2
WBGene00006017.,0,0,0
WBGene00006018.,0,0,0
WBGene00006019.,1,6,7
WBGene00006020.,2,5,7
WBGene00006021.,0,2,2
WBGene00006022.,0,0,0
WBGene00006023.,0,0,0
WBGene00006024.,0,0,0
WBGene00006025.,0,7,7
WBGene00006026.,1,7,8
WBGene00006027.,2,3,5
WBGene00006028.,4,7,11
WBGene00006029.,0,0,0
WBGene00006038.,0,1,1
WBGene00006039.,0,1,1
WBGene00006040.,0,0,0
WBGene00006044.,0,3,3
WBGene00006047.,0,0,0
WBGene00006048.,0,0,0
WBGene00006049.,0,0,0
WBGene00006050.,32,124,156
WBGene00006051.,1,9,10
WBGene00006052.,0,0,0
WBGene00006053.,0,1,1
WBGene00006055.,52,154,206
WBGene00006056.,0,1,1
WBGene00006057.,0,1,1
WBGene00006058.,0,2,2
WBGene00006059.,57,499,556
WBGene00006060.,0,0,0
WBGene00006061.,26,751,777
WBGene00006062.,256,705,961
WBGene00006063.,4,94,98
WBGene00006064.,30,112,142
WBGene00006065.,0,5,5
WBGene00006066.,29,533,562
WBGene00006067.,194,742,936
WBGene00006068.,24,81,105
WBGene00006069.,2,1,3
WBGene00006070.,1,0,1
WBGene00006071.,2,0,2
WBGene00006072.,0,1,1
WBGene00006073.,0,0,0
WBGene00006074.,0,0,0
WBGene00006075.,10,27,37
WBGene00006076.,0,0,0
WBGene00006077.,1,0,1
WBGene00006078.,0,0,0
WBGene00006079.,1,0,1
WBGene00006080.,0,0,0
WBGene00006081.,0,0,0
WBGene00006082.,1,0,1
WBGene00006083.,0,0,0
WBGene00006084.,5,0,5
WBGene00006085.,1,6,7
WBGene00006086.,0,3,3
WBGene00006087.,1,0,1
WBGene00006088.,0,0,0
WBGene00006089.,0,2,2
WBGene00006090.,0,0,0
WBGene00006091.,0,0,0
WBGene00006092.,0,1,1
WBGene00006093.,0,2,2
WBGene00006094.,0,0,0
WBGene00006095.,1,7,8
WBGene00006096.,0,1,1
WBGene00006097.,0,3,3
WBGene00006098.,0,1,1
WBGene00006099.,0,0,0
WBGene00006100.,0,0,0
WBGene00006101.,0,0,0
WBGene00006102.,0,0,0
WBGene00006103.,0,4,4
WBGene00006104.,1,0,1
WBGene00006105.,2,3,5
WBGene00006106.,0,1,1
WBGene00006107.,0,0,0
WBGene00006108.,2,2,4
WBGene00006109.,1,4,5
WBGene00006110.,0,3,3
WBGene00006111.,0,0,0
WBGene00006112.,0,2,2
WBGene00006113.,6,7,13
WBGene00006114.,18,40,58
WBGene00006115.,8,0,8
WBGene00006116.,0,0,0
WBGene00006117.,0,0,0
WBGene00006118.,0,1,1
WBGene00006119.,0,0,0
WBGene00006120.,0,0,0
WBGene00006121.,1,2,3
WBGene00006122.,0,1,1
WBGene00006123.,0,0,0
WBGene00006124.,0,0,0
WBGene00006125.,0,0,0
WBGene00006126.,0,0,0
WBGene00006127.,0,1,1
WBGene00006128.,0,0,0
WBGene00006129.,0,0,0
WBGene00006130.,0,2,2
WBGene00006131.,0,0,0
WBGene00006132.,0,1,1
WBGene00006133.,0,0,0
WBGene00006134.,0,0,0
WBGene00006135.,2,4,6
WBGene00006136.,0,0,0
WBGene00006137.,2,0,2
WBGene00006138.,0,1,1
WBGene00006139.,2,8,10
WBGene00006140.,15,1,16
WBGene00006141.,0,0,0
WBGene00006142.,1,0,1
WBGene00006143.,0,2,2
WBGene00006144.,0,0,0
WBGene00006145.,0,0,0
WBGene00006146.,0,0,0
WBGene00006147.,0,0,0
WBGene00006148.,1,0,1
WBGene00006149.,1,1,2
WBGene00006150.,0,1,1
WBGene00006151.,0,0,0
WBGene00006152.,1,3,4
WBGene00006153.,0,0,0
WBGene00006154.,2,7,9
WBGene00006155.,1,2,3
WBGene00006156.,0,2,2
WBGene00006157.,0,0,0
WBGene00006158.,1,1,2
WBGene00006159.,0,1,1
WBGene00006160.,0,2,2
WBGene00006161.,0,0,0
WBGene00006162.,2,3,5
WBGene00006163.,10,14,24
WBGene00006164.,3,3,6
WBGene00006165.,0,3,3
WBGene00006166.,0,0,0
WBGene00006167.,0,2,2
WBGene00006168.,0,0,0
WBGene00006169.,6,3,9
WBGene00006170.,0,0,0
WBGene00006171.,0,0,0
WBGene00006172.,3,1,4
WBGene00006173.,0,0,0
WBGene00006174.,0,0,0
WBGene00006175.,0,0,0
WBGene00006176.,0,0,0
WBGene00006177.,0,1,1
WBGene00006178.,0,2,2
WBGene00006179.,0,7,7
WBGene00006180.,1,2,3
WBGene00006181.,2,5,7
WBGene00006182.,3,3,6
WBGene00006183.,1,0,1
WBGene00006184.,0,0,0
WBGene00006185.,0,0,0
WBGene00006186.,0,0,0
WBGene00006187.,1,0,1
WBGene00006188.,2,6,8
WBGene00006189.,2,4,6
WBGene00006190.,0,0,0
WBGene00006191.,1,4,5
WBGene00006192.,0,0,0
WBGene00006193.,1,2,3
WBGene00006194.,1,1,2
WBGene00006195.,1,7,8
WBGene00006196.,0,1,1
WBGene00006197.,2,2,4
WBGene00006198.,2,5,7
WBGene00006199.,0,5,5
WBGene00006200.,0,0,0
WBGene00006201.,0,6,6
WBGene00006202.,1,0,1
WBGene00006203.,0,0,0
WBGene00006204.,0,0,0
WBGene00006205.,2,6,8
WBGene00006206.,0,0,0
WBGene00006207.,8,12,20
WBGene00006208.,2,1,3
WBGene00006209.,0,5,5
WBGene00006210.,3,5,8
WBGene00006211.,5,17,22
WBGene00006212.,0,16,16
WBGene00006213.,3,3,6
WBGene00006214.,2,0,2
WBGene00006215.,1,0,1
WBGene00006216.,0,0,0
WBGene00006217.,0,0,0
WBGene00006218.,2,3,5
WBGene00006219.,0,3,3
WBGene00006220.,23,88,111
WBGene00006221.,1,1,2
WBGene00006222.,1,0,1
WBGene00006223.,1,3,4
WBGene00006224.,0,0,0
WBGene00006225.,0,1,1
WBGene00006226.,0,6,6
WBGene00006227.,0,9,9
WBGene00006228.,0,0,0
WBGene00006229.,0,2,2
WBGene00006230.,2,1,3
WBGene00006231.,0,0,0
WBGene00006232.,1,0,1
WBGene00006233.,0,0,0
WBGene00006234.,0,0,0
WBGene00006235.,1,1,2
WBGene00006236.,0,0,0
WBGene00006237.,0,5,5
WBGene00006238.,0,0,0
WBGene00006239.,0,2,2
WBGene00006240.,0,0,0
WBGene00006241.,2,1,3
WBGene00006242.,1,0,1
WBGene00006243.,0,0,0
WBGene00006244.,0,5,5
WBGene00006245.,0,0,0
WBGene00006246.,1,0,1
WBGene00006247.,0,1,1
WBGene00006248.,1,2,3
WBGene00006249.,1,0,1
WBGene00006250.,0,0,0
WBGene00006251.,0,1,1
WBGene00006252.,1,1,2
WBGene00006253.,3,0,3
WBGene00006254.,0,0,0
WBGene00006255.,3,3,6
WBGene00006256.,0,3,3
WBGene00006257.,0,1,1
WBGene00006258.,1,2,3
WBGene00006259.,0,0,0
WBGene00006260.,1,0,1
WBGene00006261.,0,0,0
WBGene00006262.,0,6,6
WBGene00006263.,1,0,1
WBGene00006264.,0,0,0
WBGene00006265.,0,2,2
WBGene00006266.,25,0,25
WBGene00006267.,0,0,0
WBGene00006268.,0,1,1
WBGene00006269.,0,0,0
WBGene00006270.,0,0,0
WBGene00006271.,0,1,1
WBGene00006272.,3,7,10
WBGene00006273.,0,0,0
WBGene00006274.,0,0,0
WBGene00006275.,0,1,1
WBGene00006276.,0,2,2
WBGene00006277.,0,2,2
WBGene00006278.,0,1,1
WBGene00006279.,1,7,8
WBGene00006280.,1,2,3
WBGene00006281.,1,0,1
WBGene00006282.,0,0,0
WBGene00006283.,0,0,0
WBGene00006284.,0,0,0
WBGene00006285.,1,5,6
WBGene00006286.,0,2,2
WBGene00006287.,5,5,10
WBGene00006288.,5,10,15
WBGene00006289.,0,0,0
WBGene00006306.,117,485,602
WBGene00006307.,46,447,493
WBGene00006308.,14,42,56
WBGene00006309.,22,551,573
WBGene00006310.,16,29,45
WBGene00006311.,0,33,33
WBGene00006314.,0,0,0
WBGene00006315.,0,0,0
WBGene00006316.,0,0,0
WBGene00006318.,105,349,454
WBGene00006319.,19,209,228
WBGene00006321.,89,1488,1577
WBGene00006324.,7,313,320
WBGene00006327.,0,0,0
WBGene00006330.,0,0,0
WBGene00006331.,69,2520,2589
WBGene00006333.,0,0,0
WBGene00006334.,0,0,0
WBGene00006338.,0,0,0
WBGene00006342.,81,981,1062
WBGene00006344.,0,0,0
WBGene00006349.,66,207,273
WBGene00006351.,18,468,486
WBGene00006352.,41,652,693
WBGene00006353.,3,151,154
WBGene00006359.,34,488,522
WBGene00006363.,32,96,128
WBGene00006364.,90,323,413
WBGene00006365.,29,287,316
WBGene00006366.,71,1714,1785
WBGene00006367.,0,0,0
WBGene00006368.,24,174,198
WBGene00006369.,10,295,305
WBGene00006371.,19,195,214
WBGene00006372.,12,196,208
WBGene00006373.,35,402,437
WBGene00006374.,12,21,33
WBGene00006375.,3,30,33
WBGene00006376.,1,58,59
WBGene00006377.,23,295,318
WBGene00006379.,17,176,193
WBGene00006380.,11,73,84
WBGene00006381.,50,761,811
WBGene00006382.,130,504,634
WBGene00006383.,18,113,131
WBGene00006384.,55,197,252
WBGene00006385.,219,398,617
WBGene00006386.,43,190,233
WBGene00006387.,19,69,88
WBGene00006388.,6,30,36
WBGene00006389.,3,117,120
WBGene00006390.,13,94,107
WBGene00006391.,19,104,123
WBGene00006392.,96,374,470
WBGene00006393.,7,124,131
WBGene00006394.,15,70,85
WBGene00006395.,6,64,70
WBGene00006396.,141,304,445
WBGene00006397.,13,169,182
WBGene00006399.,8,3,11
WBGene00006402.,32,230,262
WBGene00006404.,99,161,260
WBGene00006405.,83,458,541
WBGene00006406.,57,611,668
WBGene00006407.,336,1613,1949
WBGene00006408.,1740,5751,7491
WBGene00006409.,0,0,0
WBGene00006410.,16,460,476
WBGene00006411.,2,14,16
WBGene00006412.,98,618,716
WBGene00006414.,1,378,379
WBGene00006415.,123,375,498
WBGene00006416.,0,3,3
WBGene00006418.,0,15,15
WBGene00006419.,1,1,2
WBGene00006423.,276,1889,2165
WBGene00006424.,54,265,319
WBGene00006428.,30,44,74
WBGene00006429.,1,3,4
WBGene00006430.,12,79,91
WBGene00006431.,12,103,115
WBGene00006432.,17,297,314
WBGene00006433.,498,3773,4271
WBGene00006434.,245,7368,7613
WBGene00006435.,2,12,14
WBGene00006436.,1621,24234,25855
WBGene00006437.,69,813,882
WBGene00006438.,50,482,532
WBGene00006439.,296,120423,120719
WBGene00006440.,28,77,105
WBGene00006441.,7,58,65
WBGene00006442.,99,348,447
WBGene00006443.,5,179,184
WBGene00006444.,9,321,330
WBGene00006445.,16,189,205
WBGene00006446.,6,124,130
WBGene00006447.,11,262,273
WBGene00006448.,18,143,161
WBGene00006449.,0,1,1
WBGene00006450.,105,351,456
WBGene00006452.,1714,5118,6832
WBGene00006454.,1,6,7
WBGene00006459.,23,161,184
WBGene00006460.,53,1317,1370
WBGene00006461.,1,46,47
WBGene00006462.,72,385,457
WBGene00006463.,21,88,109
WBGene00006464.,1,4,5
WBGene00006465.,18,431,449
WBGene00006466.,28,129,157
WBGene00006467.,59,297,356
WBGene00006468.,24,161,185
WBGene00006470.,4,348,352
WBGene00006471.,0,0,0
WBGene00006472.,18,476,494
WBGene00006473.,8,224,232
WBGene00006474.,17,375,392
WBGene00006475.,17,65,82
WBGene00006476.,93,192,285
WBGene00006477.,24,63,87
WBGene00006478.,48,461,509
WBGene00006479.,43,551,594
WBGene00006481.,155,526,681
WBGene00006483.,90,578,668
WBGene00006484.,0,0,0
WBGene00006486.,12,49,61
WBGene00006487.,1,4,5
WBGene00006488.,0,0,0
WBGene00006489.,23,503,526
WBGene00006490.,52,254,306
WBGene00006491.,5,217,222
WBGene00006492.,26,124,150
WBGene00006493.,40,343,383
WBGene00006494.,15,772,787
WBGene00006495.,222,1292,1514
WBGene00006496.,79,258,337
WBGene00006497.,114,1212,1326
WBGene00006498.,52,506,558
WBGene00006499.,26,217,243
WBGene00006503.,14,307,321
WBGene00006504.,8,203,211
WBGene00006505.,13,61,74
WBGene00006508.,324,1192,1516
WBGene00006509.,1,0,1
WBGene00006510.,218,855,1073
WBGene00006512.,89,1334,1423
WBGene00006513.,108,580,688
WBGene00006514.,6,321,327
WBGene00006515.,45,941,986
WBGene00006516.,12,170,182
WBGene00006517.,52,734,786
WBGene00006518.,11,1289,1300
WBGene00006519.,2864,10526,13390
WBGene00006520.,0,98,98
WBGene00006522.,10,44,54
WBGene00006523.,22,431,453
WBGene00006524.,28,308,336
WBGene00006525.,5,53,58
WBGene00006526.,3,22,25
WBGene00006527.,194,2323,2517
WBGene00006528.,46,7226,7272
WBGene00006529.,1815,7917,9732
WBGene00006530.,9,67,76
WBGene00006531.,7,47,54
WBGene00006532.,4,14,18
WBGene00006533.,15,27,42
WBGene00006534.,635,1537,2172
WBGene00006535.,117,468,585
WBGene00006536.,9,4637,4646
WBGene00006537.,367,11450,11817
WBGene00006538.,11,148,159
WBGene00006539.,1,2,3
WBGene00006540.,4,191,195
WBGene00006541.,13,74,87
WBGene00006542.,6,170,176
WBGene00006543.,17,343,360
WBGene00006544.,0,2,2
WBGene00006545.,1,2,3
WBGene00006546.,1,1,2
WBGene00006547.,0,3,3
WBGene00006549.,0,0,0
WBGene00006550.,0,0,0
WBGene00006551.,0,45661,45661
WBGene00006552.,2,3,5
WBGene00006553.,1,0,1
WBGene00006554.,0,0,0
WBGene00006555.,7,47,54
WBGene00006556.,0,2,2
WBGene00006557.,1,0,1
WBGene00006558.,0,0,0
WBGene00006559.,0,0,0
WBGene00006560.,0,0,0
WBGene00006561.,34,243,277
WBGene00006562.,68,239,307
WBGene00006563.,83,205,288
WBGene00006565.,13,1454,1467
WBGene00006566.,20,274,294
WBGene00006567.,6,226,232
WBGene00006568.,8,152,160
WBGene00006570.,25,349,374
WBGene00006571.,54,214,268
WBGene00006572.,380,2131,2511
WBGene00006573.,109,1022,1131
WBGene00006574.,186,3182,3368
WBGene00006575.,140,343,483
WBGene00006576.,17,61,78
WBGene00006577.,44,384,428
WBGene00006578.,64,293,357
WBGene00006579.,74,653,727
WBGene00006580.,34,258,292
WBGene00006582.,131,417,548
WBGene00006583.,330,3765,4095
WBGene00006584.,1048,8469,9517
WBGene00006585.,210,3984,4194
WBGene00006586.,90,1902,1992
WBGene00006587.,892,7366,8258
WBGene00006588.,967,4382,5349
WBGene00006589.,108,976,1084
WBGene00006590.,14,318,332
WBGene00006591.,36,47,83
WBGene00006592.,26,202,228
WBGene00006593.,156,560,716
WBGene00006594.,165,589,754
WBGene00006595.,71,1620,1691
WBGene00006596.,38,75,113
WBGene00006597.,1,120,121
WBGene00006598.,0,20,20
WBGene00006599.,155,420,575
WBGene00006600.,1,32,33
WBGene00006601.,33,5554,5587
WBGene00006602.,103,668,771
WBGene00006603.,439,1478,1917
WBGene00006604.,105,364,469
WBGene00006605.,42,212,254
WBGene00006606.,13,114,127
WBGene00006607.,56,641,697
WBGene00006608.,15,164,179
WBGene00006609.,16,112,128
WBGene00006610.,7,28,35
WBGene00006611.,0,40,40
WBGene00006612.,2,5,7
WBGene00006613.,53,847,900
WBGene00006614.,40,85,125
WBGene00006615.,117,189,306
WBGene00006616.,9,18,27
WBGene00006617.,64,1658,1722
WBGene00006618.,64,84,148
WBGene00006619.,0,0,0
WBGene00006620.,13,53,66
WBGene00006621.,4,1,5
WBGene00006622.,1,7,8
WBGene00006623.,16,42,58
WBGene00006624.,83,262,345
WBGene00006625.,0,0,0
WBGene00006626.,12,2926,2938
WBGene00006627.,2,30,32
WBGene00006628.,5,24,29
WBGene00006629.,5,84,89
WBGene00006630.,1,7,8
WBGene00006631.,0,0,0
WBGene00006632.,21,32,53
WBGene00006633.,70,300,370
WBGene00006634.,1092,3653,4745
WBGene00006635.,2,107,109
WBGene00006636.,2,3,5
WBGene00006637.,6,153,159
WBGene00006638.,14,208,222
WBGene00006639.,9,9,18
WBGene00006640.,32,280,312
WBGene00006641.,12,201,213
WBGene00006642.,19,110,129
WBGene00006643.,16,236,252
WBGene00006644.,0,2,2
WBGene00006645.,12,28,40
WBGene00006646.,4,69,73
WBGene00006647.,41,272,313
WBGene00006648.,120,329,449
WBGene00006649.,98,716,814
WBGene00006650.,0,11897,11897
WBGene00006651.,1,409,410
WBGene00006652.,27,139,166
WBGene00006654.,6,33,39
WBGene00006655.,4,61,65
WBGene00006656.,9,41,50
WBGene00006657.,80,69,149
WBGene00006658.,5,23,28
WBGene00006659.,8,2,10
WBGene00006660.,10,63,73
WBGene00006661.,2,4,6
WBGene00006662.,19,174,193
WBGene00006663.,291,1228,1519
WBGene00006664.,11,29,40
WBGene00006665.,8,5,13
WBGene00006666.,7,37,44
WBGene00006667.,75,205,280
WBGene00006668.,88,228,316
WBGene00006669.,13,40,53
WBGene00006670.,2,7,9
WBGene00006671.,39,190,229
WBGene00006672.,127,2722,2849
WBGene00006673.,13,34,47
WBGene00006674.,3,11,14
WBGene00006675.,3,18,21
WBGene00006676.,6,28,34
WBGene00006677.,16,172,188
WBGene00006678.,5,42,47
WBGene00006679.,8,17,25
WBGene00006680.,25,111,136
WBGene00006681.,44,142,186
WBGene00006682.,17,42,59
WBGene00006683.,168,541,709
WBGene00006684.,80,30,110
WBGene00006685.,19,78,97
WBGene00006686.,8,40,48
WBGene00006687.,3,14,17
WBGene00006688.,2,1,3
WBGene00006689.,0,0,0
WBGene00006690.,8,10,18
WBGene00006691.,26,68,94
WBGene00006692.,123,332,455
WBGene00006693.,294,697,991
WBGene00006694.,1,11,12
WBGene00006695.,65,44,109
WBGene00006696.,14,66,80
WBGene00006697.,138,994,1132
WBGene00006698.,26,1326,1352
WBGene00006699.,41,1566,1607
WBGene00006700.,92,297,389
WBGene00006701.,96,712,808
WBGene00006702.,58,928,986
WBGene00006703.,23,582,605
WBGene00006704.,32,1353,1385
WBGene00006705.,16,203,219
WBGene00006706.,26,697,723
WBGene00006707.,0,763,763
WBGene00006708.,63,1669,1732
WBGene00006709.,146,601,747
WBGene00006710.,77,40,117
WBGene00006711.,10,210,220
WBGene00006712.,23,117,140
WBGene00006713.,59,816,875
WBGene00006714.,70,157,227
WBGene00006715.,18,1188,1206
WBGene00006716.,2,1,3
WBGene00006717.,9,89,98
WBGene00006718.,1,4,5
WBGene00006719.,0,0,0
WBGene00006720.,11,623,634
WBGene00006721.,29,134,163
WBGene00006722.,15,110,125
WBGene00006723.,33,218,251
WBGene00006724.,137,1370,1507
WBGene00006725.,13294,50914,64208
WBGene00006726.,137,816,953
WBGene00006727.,67,3460,3527
WBGene00006728.,12071,46568,58639
WBGene00006729.,26,267,293
WBGene00006730.,11,1607,1618
WBGene00006731.,2,37,39
WBGene00006732.,36,220,256
WBGene00006733.,109,415,524
WBGene00006734.,19,412,431
WBGene00006735.,6,188,194
WBGene00006736.,33,257,290
WBGene00006737.,8,178,186
WBGene00006738.,6,161,167
WBGene00006739.,40,1044,1084
WBGene00006740.,5,42,47
WBGene00006741.,87,1258,1345
WBGene00006742.,183,437,620
WBGene00006743.,9,50,59
WBGene00006744.,15,45,60
WBGene00006745.,117,308,425
WBGene00006746.,15,159,174
WBGene00006747.,230,365,595
WBGene00006748.,6,27,33
WBGene00006749.,73,562,635
WBGene00006750.,42,298,340
WBGene00006751.,100,418,518
WBGene00006752.,259,1070,1329
WBGene00006753.,161,2032,2193
WBGene00006754.,2428,32835,35263
WBGene00006755.,138,949,1087
WBGene00006756.,1,3,4
WBGene00006757.,31,496,527
WBGene00006759.,980,7637,8617
WBGene00006760.,117,1362,1479
WBGene00006761.,39,195,234
WBGene00006762.,290,951,1241
WBGene00006763.,67,350,417
WBGene00006764.,4033,20481,24514
WBGene00006765.,117,189,306
WBGene00006766.,9,112,121
WBGene00006767.,93,171,264
WBGene00006768.,91,1261,1352
WBGene00006769.,115,347,462
WBGene00006770.,155,639,794
WBGene00006771.,304,2883,3187
WBGene00006772.,86,575,661
WBGene00006773.,26,399,425
WBGene00006774.,45,129,174
WBGene00006775.,1,5,6
WBGene00006776.,107,643,750
WBGene00006777.,44,398,442
WBGene00006778.,24,306,330
WBGene00006779.,525,3761,4286
WBGene00006780.,2313,8849,11162
WBGene00006781.,92,1546,1638
WBGene00006782.,2,71,73
WBGene00006783.,11,82,93
WBGene00006784.,228,1096,1324
WBGene00006785.,9,237,246
WBGene00006786.,66,950,1016
WBGene00006787.,392,2318,2710
WBGene00006788.,87,423,510
WBGene00006789.,674,31408,32082
WBGene00006790.,9,30,39
WBGene00006791.,71,564,635
WBGene00006792.,87,224,311
WBGene00006793.,16,377,393
WBGene00006794.,383,6205,6588
WBGene00006795.,17,218,235
WBGene00006796.,162,2074,2236
WBGene00006797.,105,53,158
WBGene00006798.,283,910,1193
WBGene00006801.,887,5901,6788
WBGene00006802.,16,1187,1203
WBGene00006803.,186,2118,2304
WBGene00006804.,18,133,151
WBGene00006805.,931,2006,2937
WBGene00006807.,44,63,107
WBGene00006808.,83,768,851
WBGene00006809.,113,269,382
WBGene00006810.,136,804,940
WBGene00006811.,75,240,315
WBGene00006812.,134,810,944
WBGene00006814.,430,1305,1735
WBGene00006815.,164,2511,2675
WBGene00006816.,38,294,332
WBGene00006817.,140,812,952
WBGene00006818.,34,345,379
WBGene00006819.,1288,15434,16722
WBGene00006820.,1887,8643,10530
WBGene00006822.,85,254,339
WBGene00006823.,247,1856,2103
WBGene00006824.,69,2689,2758
WBGene00006825.,164,1185,1349
WBGene00006826.,281,3424,3705
WBGene00006827.,736,1374,2110
WBGene00006829.,15,246,261
WBGene00006830.,499,674,1173
WBGene00006831.,189,921,1110
WBGene00006832.,43,281,324
WBGene00006833.,88,2970,3058
WBGene00006836.,31,2352,2383
WBGene00006839.,125,1498,1623
WBGene00006840.,56,1721,1777
WBGene00006843.,41,329,370
WBGene00006844.,51,668,719
WBGene00006845.,200,543,743
WBGene00006852.,26,613,639
WBGene00006853.,4,169,173
WBGene00006856.,17,614,631
WBGene00006861.,332,1426,1758
WBGene00006862.,3,70,73
WBGene00006863.,95,5243,5338
WBGene00006864.,69,195,264
WBGene00006865.,4,51,55
WBGene00006868.,106,516,622
WBGene00006869.,18,111,129
WBGene00006870.,72,353,425
WBGene00006873.,9,49,58
WBGene00006874.,119,1086,1205
WBGene00006875.,13,376,389
WBGene00006876.,1153,1200,2353
WBGene00006881.,5,75,80
WBGene00006882.,18,186,204
WBGene00006886.,846,3481,4327
WBGene00006887.,36,193,229
WBGene00006888.,20,798,818
WBGene00006889.,26,2334,2360
WBGene00006890.,85,1202,1287
WBGene00006893.,78,375,453
WBGene00006894.,1,0,1
WBGene00006895.,1,1,2
WBGene00006896.,17,102,119
WBGene00006897.,1,2,3
WBGene00006902.,0,1,1
WBGene00006910.,0,2410,2410
WBGene00006911.,45,2937,2982
WBGene00006912.,0,573,573
WBGene00006913.,12,1434,1446
WBGene00006914.,12,727,739
WBGene00006915.,2,175,177
WBGene00006916.,41,189,230
WBGene00006917.,44,2763,2807
WBGene00006918.,250,1754,2004
WBGene00006919.,78,2645,2723
WBGene00006920.,184,1436,1620
WBGene00006921.,11,1515,1526
WBGene00006922.,8,152,160
WBGene00006923.,332,1106,1438
WBGene00006924.,82,10132,10214
WBGene00006925.,0,1,1
WBGene00006926.,0,4,4
WBGene00006927.,0,4,4
WBGene00006928.,0,4,4
WBGene00006929.,0,0,0
WBGene00006930.,0,3,3
WBGene00006931.,38,373,411
WBGene00006932.,88,480,568
WBGene00006933.,17,350,367
WBGene00006934.,46,263,309
WBGene00006935.,15,540,555
WBGene00006936.,102,1270,1372
WBGene00006937.,129,1548,1677
WBGene00006938.,0,2,2
WBGene00006939.,0,1,1
WBGene00006940.,2,71,73
WBGene00006941.,89,643,732
WBGene00006942.,39,710,749
WBGene00006943.,10,126,136
WBGene00006944.,7,124,131
WBGene00006945.,53,866,919
WBGene00006946.,31,166,197
WBGene00006947.,1,69,70
WBGene00006948.,1,49,50
WBGene00006949.,23,147,170
WBGene00006950.,8,12,20
WBGene00006951.,50,358,408
WBGene00006952.,2,66,68
WBGene00006953.,0,0,0
WBGene00006954.,0,0,0
WBGene00006955.,7,36,43
WBGene00006956.,63,1033,1096
WBGene00006957.,61,315,376
WBGene00006958.,15,125,140
WBGene00006959.,497,11934,12431
WBGene00006960.,5,14,19
WBGene00006961.,210,1391,1601
WBGene00006962.,2,10,12
WBGene00006963.,16,220,236
WBGene00006964.,90,618,708
WBGene00006965.,0,34,34
WBGene00006966.,3,19,22
WBGene00006967.,0,9,9
WBGene00006968.,56,400,456
WBGene00006970.,4,223,227
WBGene00006971.,36,216,252
WBGene00006974.,3,217,220
WBGene00006975.,226,1531,1757
WBGene00006976.,248,121,369
WBGene00006977.,5,63,68
WBGene00006978.,85,1618,1703
WBGene00006979.,1,28,29
WBGene00006980.,2,39,41
WBGene00006981.,1,113,114
WBGene00006982.,33,305,338
WBGene00006983.,15,82,97
WBGene00006984.,591,1281,1872
WBGene00006985.,62,216,278
WBGene00006986.,62,318,380
WBGene00006987.,24,56,80
WBGene00006988.,10,109,119
WBGene00006993.,53,189,242
WBGene00006994.,29,485,514
WBGene00006996.,11,313,324
WBGene00006997.,5,134,139
WBGene00006999.,1160,5694,6854
WBGene00007000.,88,4890,4978
WBGene00007001.,12,827,839
WBGene00007006.,51,137,188
WBGene00007007.,52,448,500
WBGene00007008.,30,631,661
WBGene00007009.,37,605,642
WBGene00007010.,44,663,707
WBGene00007011.,5,67,72
WBGene00007012.,35,127,162
WBGene00007013.,44,144,188
WBGene00007014.,20,68,88
WBGene00007015.,3,175,178
WBGene00007016.,115,1718,1833
WBGene00007017.,184,177,361
WBGene00007018.,74,286,360
WBGene00007019.,72,520,592
WBGene00007020.,43,163,206
WBGene00007021.,22,361,383
WBGene00007022.,206,654,860
WBGene00007023.,19,308,327
WBGene00007024.,795,2365,3160
WBGene00007025.,116,428,544
WBGene00007026.,27,125,152
WBGene00007027.,367,1157,1524
WBGene00007028.,23,620,643
WBGene00007029.,60,285,345
WBGene00007030.,276,1561,1837
WBGene00007036.,0,2,2
WBGene00007041.,37,127,164
WBGene00007042.,61,1256,1317
WBGene00007043.,5,132,137
WBGene00007044.,57,805,862
WBGene00007045.,1,90,91
WBGene00007047.,34,173,207
WBGene00007048.,35,682,717
WBGene00007049.,7,15,22
WBGene00007050.,221,1243,1464
WBGene00007053.,33,1211,1244
WBGene00007054.,193,396,589
WBGene00007055.,47,836,883
WBGene00007056.,40,116,156
WBGene00007057.,0,9,9
WBGene00007058.,58,1103,1161
WBGene00007059.,19,139,158
WBGene00007060.,1,1,2
WBGene00007062.,0,0,0
WBGene00007063.,22,63,85
WBGene00007064.,41,175,216
WBGene00007065.,10,96,106
WBGene00007066.,0,1,1
WBGene00007067.,19,103,122
WBGene00007068.,34,234,268
WBGene00007070.,13,186,199
WBGene00007071.,35,423,458
WBGene00007072.,2,5,7
WBGene00007073.,15,93,108
WBGene00007074.,1,1,2
WBGene00007075.,0,0,0
WBGene00007076.,0,0,0
WBGene00007077.,2,0,2
WBGene00007078.,0,0,0
WBGene00007079.,0,0,0
WBGene00007080.,1,1,2
WBGene00007081.,1,0,1
WBGene00007082.,0,6,6
WBGene00007083.,0,2,2
WBGene00007085.,0,69,69
WBGene00007087.,14,151,165
WBGene00007088.,36,354,390
WBGene00007089.,21,274,295
WBGene00007090.,9,140,149
WBGene00007091.,204,1387,1591
WBGene00007092.,5,28,33
WBGene00007093.,5,143,148
WBGene00007094.,49,106,155
WBGene00007096.,20,175,195
WBGene00007097.,4,26,30
WBGene00007099.,202,1054,1256
WBGene00007100.,10,171,181
WBGene00007101.,10,620,630
WBGene00007102.,7,51,58
WBGene00007103.,45,326,371
WBGene00007104.,59,239,298
WBGene00007105.,32,938,970
WBGene00007106.,35,427,462
WBGene00007107.,431,2128,2559
WBGene00007108.,79,574,653
WBGene00007109.,0,22,22
WBGene00007110.,55,453,508
WBGene00007111.,24,425,449
WBGene00007112.,32,94,126
WBGene00007113.,69,675,744
WBGene00007114.,11,35,46
WBGene00007115.,21,41,62
WBGene00007116.,7,44,51
WBGene00007117.,3,18,21
WBGene00007118.,34,185,219
WBGene00007119.,53,207,260
WBGene00007120.,0,3,3
WBGene00007121.,10,17,27
WBGene00007122.,88,2907,2995
WBGene00007123.,0,0,0
WBGene00007124.,15,23,38
WBGene00007125.,0,1,1
WBGene00007126.,38,362,400
WBGene00007127.,1,3,4
WBGene00007128.,14,138,152
WBGene00007129.,13,1453,1466
WBGene00007130.,15,60,75
WBGene00007131.,3,4,7
WBGene00007132.,0,9,9
WBGene00007133.,4,120,124
WBGene00007134.,3,0,3
WBGene00007135.,66,338,404
WBGene00007136.,129,403,532
WBGene00007137.,58,397,455
WBGene00007138.,26,89,115
WBGene00007139.,80,923,1003
WBGene00007140.,3,4,7
WBGene00007141.,1,4,5
WBGene00007142.,306,1252,1558
WBGene00007143.,14,360,374
WBGene00007144.,7,210,217
WBGene00007145.,7,211,218
WBGene00007146.,1,30,31
WBGene00007147.,0,0,0
WBGene00007148.,0,1,1
WBGene00007149.,1,13,14
WBGene00007150.,5,310,315
WBGene00007151.,2,1,3
WBGene00007152.,0,6,6
WBGene00007153.,1,16,17
WBGene00007154.,15,68,83
WBGene00007155.,250,3013,3263
WBGene00007156.,0,0,0
WBGene00007158.,0,1,1
WBGene00007159.,0,3,3
WBGene00007160.,0,0,0
WBGene00007161.,0,0,0
WBGene00007162.,26,44,70
WBGene00007163.,0,2,2
WBGene00007164.,0,6,6
WBGene00007165.,42,28,70
WBGene00007166.,0,123,123
WBGene00007167.,36,247,283
WBGene00007168.,3,159,162
WBGene00007169.,8,8,16
WBGene00007170.,6,48,54
WBGene00007171.,0,16,16
WBGene00007172.,3,25,28
WBGene00007173.,0,0,0
WBGene00007174.,7,66,73
WBGene00007175.,30,343,373
WBGene00007176.,243,292,535
WBGene00007177.,1,6,7
WBGene00007178.,2,170,172
WBGene00007179.,0,1,1
WBGene00007180.,34,289,323
WBGene00007181.,2,1,3
WBGene00007182.,1,0,1
WBGene00007183.,1,13,14
WBGene00007184.,137,1019,1156
WBGene00007185.,41,184,225
WBGene00007186.,13,213,226
WBGene00007187.,27,78,105
WBGene00007188.,71,182,253
WBGene00007189.,4,108,112
WBGene00007190.,1,2,3
WBGene00007191.,10,30,40
WBGene00007192.,279,2771,3050
WBGene00007193.,66,245,311
WBGene00007194.,8,295,303
WBGene00007195.,64,290,354
WBGene00007196.,39,144,183
WBGene00007197.,219,1995,2214
WBGene00007198.,2,11,13
WBGene00007199.,1,2,3
WBGene00007200.,129,594,723
WBGene00007201.,0,170,170
WBGene00007202.,4,74,78
WBGene00007203.,2,68,70
WBGene00007204.,0,0,0
WBGene00007206.,0,70,70
WBGene00007207.,53,451,504
WBGene00007208.,0,0,0
WBGene00007209.,1,0,1
WBGene00007210.,5,20,25
WBGene00007211.,0,1,1
WBGene00007212.,6,10,16
WBGene00007213.,11,138,149
WBGene00007214.,138,327,465
WBGene00007215.,33,659,692
WBGene00007216.,125,337,462
WBGene00007217.,60,725,785
WBGene00007218.,45,1,46
WBGene00007219.,7,370,377
WBGene00007220.,1,5,6
WBGene00007221.,9,150,159
WBGene00007222.,1,20,21
WBGene00007223.,225,1679,1904
WBGene00007224.,7,19,26
WBGene00007225.,0,9,9
WBGene00007226.,15,245,260
WBGene00007227.,118,2103,2221
WBGene00007228.,17,58,75
WBGene00007229.,11,24,35
WBGene00007230.,2,5,7
WBGene00007231.,54,76,130
WBGene00007232.,22,70,92
WBGene00007233.,126,1852,1978
WBGene00007234.,0,137,137
WBGene00007235.,294,2674,2968
WBGene00007236.,0,123,123
WBGene00007237.,27,90,117
WBGene00007238.,0,0,0
WBGene00007239.,0,0,0
WBGene00007240.,542,2380,2922
WBGene00007241.,57,146,203
WBGene00007242.,7,173,180
WBGene00007243.,0,11,11
WBGene00007244.,2,3,5
WBGene00007245.,0,0,0
WBGene00007246.,0,10,10
WBGene00007247.,14,47,61
WBGene00007248.,0,5,5
WBGene00007249.,1,0,1
WBGene00007250.,0,0,0
WBGene00007251.,0,4,4
WBGene00007252.,14,53,67
WBGene00007253.,13,67,80
WBGene00007254.,7,17,24
WBGene00007255.,4,23,27
WBGene00007256.,356,741,1097
WBGene00007257.,191,568,759
WBGene00007258.,20,104,124
WBGene00007259.,3,5,8
WBGene00007260.,109,260,369
WBGene00007261.,67,874,941
WBGene00007262.,2,3,5
WBGene00007264.,11,47,58
WBGene00007265.,0,3,3
WBGene00007266.,23,167,190
WBGene00007267.,6,95,101
WBGene00007268.,10,24,34
WBGene00007269.,0,2,2
WBGene00007270.,10,240,250
WBGene00007271.,7,34,41
WBGene00007273.,7,7,14
WBGene00007274.,5,13,18
WBGene00007275.,28,62,90
WBGene00007277.,5,15,20
WBGene00007278.,1,15,16
WBGene00007279.,0,0,0
WBGene00007281.,1,21,22
WBGene00007282.,0,3,3
WBGene00007283.,1,0,1
WBGene00007284.,80,164,244
WBGene00007285.,5,31,36
WBGene00007286.,6,35,41
WBGene00007287.,6,132,138
WBGene00007288.,8,14,22
WBGene00007289.,0,0,0
WBGene00007290.,0,2,2
WBGene00007291.,1,0,1
WBGene00007292.,1,2,3
WBGene00007293.,0,0,0
WBGene00007294.,0,0,0
WBGene00007295.,5,55,60
WBGene00007296.,18,529,547
WBGene00007297.,15,56,71
WBGene00007299.,8,83,91
WBGene00007300.,0,0,0
WBGene00007301.,667101,21,667122
WBGene00007302.,11,360,371
WBGene00007303.,9,30,39
WBGene00007304.,26,80,106
WBGene00007305.,0,2,2
WBGene00007306.,0,0,0
WBGene00007307.,0,0,0
WBGene00007308.,0,1,1
WBGene00007309.,1,0,1
WBGene00007310.,3,7,10
WBGene00007311.,1,1,2
WBGene00007312.,8,327,335
WBGene00007313.,1,1,2
WBGene00007314.,10,15,25
WBGene00007315.,0,0,0
WBGene00007316.,118,579,697
WBGene00007317.,12,818,830
WBGene00007319.,1,0,1
WBGene00007320.,0,0,0
WBGene00007321.,18,124,142
WBGene00007322.,0,4,4
WBGene00007323.,0,1,1
WBGene00007324.,236,870,1106
WBGene00007325.,2,3,5
WBGene00007326.,4,19,23
WBGene00007327.,4,22,26
WBGene00007328.,2,3,5
WBGene00007329.,29,196,225
WBGene00007330.,174,7149,7323
WBGene00007331.,228,436,664
WBGene00007332.,0,121,121
WBGene00007333.,54,374,428
WBGene00007334.,13,78,91
WBGene00007335.,0,0,0
WBGene00007336.,5,39,44
WBGene00007337.,0,1,1
WBGene00007338.,4,33,37
WBGene00007339.,0,26,26
WBGene00007340.,5,16,21
WBGene00007341.,0,0,0
WBGene00007342.,0,0,0
WBGene00007343.,7,64,71
WBGene00007344.,4,15,19
WBGene00007345.,13,66,79
WBGene00007346.,3,18,21
WBGene00007347.,12,26,38
WBGene00007348.,25,98,123
WBGene00007349.,31,151,182
WBGene00007350.,388,4526,4914
WBGene00007351.,6,10,16
WBGene00007352.,78,1228,1306
WBGene00007353.,251,1039,1290
WBGene00007354.,3,15,18
WBGene00007355.,0,1922,1922
WBGene00007356.,0,0,0
WBGene00007357.,114,266,380
WBGene00007358.,0,3,3
WBGene00007359.,0,0,0
WBGene00007360.,1,1,2
WBGene00007361.,1,2,3
WBGene00007362.,13,42,55
WBGene00007363.,17,450,467
WBGene00007364.,0,3,3
WBGene00007365.,328,2716,3044
WBGene00007366.,59,128,187
WBGene00007367.,6,69,75
WBGene00007368.,1,4,5
WBGene00007369.,0,5,5
WBGene00007370.,0,0,0
WBGene00007372.,2,6,8
WBGene00007373.,0,0,0
WBGene00007374.,4,9,13
WBGene00007375.,24,71,95
WBGene00007376.,0,0,0
WBGene00007377.,1,1,2
WBGene00007378.,1,4,5
WBGene00007379.,0,0,0
WBGene00007380.,0,1,1
WBGene00007381.,0,0,0
WBGene00007382.,0,4,4
WBGene00007383.,0,0,0
WBGene00007384.,0,77,77
WBGene00007385.,3043,17649,20692
WBGene00007386.,39,420,459
WBGene00007387.,80,161,241
WBGene00007388.,57,175,232
WBGene00007389.,15,135,150
WBGene00007390.,10,753,763
WBGene00007391.,0,2,2
WBGene00007392.,2,4,6
WBGene00007393.,0,1,1
WBGene00007394.,2,18,20
WBGene00007395.,16,124,140
WBGene00007396.,20,137,157
WBGene00007397.,5,26,31
WBGene00007398.,1,4,5
WBGene00007399.,2,3,5
WBGene00007400.,19,699,718
WBGene00007401.,0,0,0
WBGene00007402.,43,235,278
WBGene00007403.,18,177,195
WBGene00007404.,3,5,8
WBGene00007405.,33,945,978
WBGene00007406.,2,0,2
WBGene00007407.,0,0,0
WBGene00007408.,2,28,30
WBGene00007409.,13,69,82
WBGene00007410.,8,7,15
WBGene00007411.,13,83,96
WBGene00007412.,12,236,248
WBGene00007413.,129,776,905
WBGene00007414.,20,105,125
WBGene00007415.,5,10,15
WBGene00007416.,12,27,39
WBGene00007417.,22,168,190
WBGene00007418.,3,10,13
WBGene00007419.,80,543,623
WBGene00007420.,0,9,9
WBGene00007421.,19,227,246
WBGene00007422.,3,40,43
WBGene00007423.,0,2,2
WBGene00007424.,2,11,13
WBGene00007425.,1,18,19
WBGene00007426.,1,4,5
WBGene00007427.,0,0,0
WBGene00007428.,34,404,438
WBGene00007429.,43,846,889
WBGene00007430.,1,85,86
WBGene00007431.,2,6,8
WBGene00007432.,2,0,2
WBGene00007433.,62,720,782
WBGene00007434.,1,119,120
WBGene00007435.,1,130,131
WBGene00007436.,0,146,146
WBGene00007437.,1,6,7
WBGene00007438.,0,1,1
WBGene00007439.,2,13,15
WBGene00007440.,6,36,42
WBGene00007441.,0,0,0
WBGene00007442.,0,5,5
WBGene00007443.,528,2593,3121
WBGene00007444.,30,342,372
WBGene00007445.,11,62,73
WBGene00007446.,0,0,0
WBGene00007447.,1,2,3
WBGene00007448.,2,7,9
WBGene00007449.,361,2649,3010
WBGene00007450.,587,1770,2357
WBGene00007451.,0,1,1
WBGene00007452.,2,7,9
WBGene00007453.,1,2,3
WBGene00007454.,0,2,2
WBGene00007455.,9,78,87
WBGene00007456.,0,0,0
WBGene00007457.,0,0,0
WBGene00007458.,0,0,0
WBGene00007459.,0,0,0
WBGene00007460.,5,141,146
WBGene00007461.,1,0,1
WBGene00007462.,16,51,67
WBGene00007463.,53,3985,4038
WBGene00007464.,9,96,105
WBGene00007465.,0,10,10
WBGene00007466.,0,9,9
WBGene00007467.,0,12,12
WBGene00007468.,1,2,3
WBGene00007469.,2,11,13
WBGene00007470.,1,7,8
WBGene00007471.,2,14,16
WBGene00007472.,1,1,2
WBGene00007473.,0,0,0
WBGene00007474.,25,219,244
WBGene00007475.,0,0,0
WBGene00007476.,3,390,393
WBGene00007478.,1,2,3
WBGene00007479.,8,676,684
WBGene00007480.,14,95,109
WBGene00007481.,0,0,0
WBGene00007482.,2,20,22
WBGene00007483.,1,17,18
WBGene00007484.,5,14,19
WBGene00007485.,2,3,5
WBGene00007486.,65,142,207
WBGene00007487.,36,234,270
WBGene00007488.,49,268,317
WBGene00007489.,1,1,2
WBGene00007490.,13,57,70
WBGene00007492.,225,983,1208
WBGene00007493.,13,278,291
WBGene00007494.,2,6,8
WBGene00007495.,24,120,144
WBGene00007496.,1,1,2
WBGene00007497.,0,0,0
WBGene00007499.,41,92,133
WBGene00007500.,98,408,506
WBGene00007502.,28,70,98
WBGene00007503.,1,2,3
WBGene00007504.,1,103,104
WBGene00007505.,95,658,753
WBGene00007506.,3,12,15
WBGene00007507.,6,16,22
WBGene00007508.,2,2,4
WBGene00007509.,1,16,17
WBGene00007511.,62,341,403
WBGene00007512.,1,1,2
WBGene00007513.,20,47,67
WBGene00007514.,25,723,748
WBGene00007515.,1,33,34
WBGene00007516.,12,305,317
WBGene00007517.,1,22,23
WBGene00007518.,2,10,12
WBGene00007520.,54,310,364
WBGene00007521.,5,3,8
WBGene00007522.,29,35,64
WBGene00007523.,0,0,0
WBGene00007525.,1,55,56
WBGene00007528.,10,63,73
WBGene00007529.,7,147,154
WBGene00007530.,3,6,9
WBGene00007531.,24,154,178
WBGene00007533.,28,73,101
WBGene00007534.,36,1444,1480
WBGene00007535.,0,1,1
WBGene00007536.,5,11,16
WBGene00007537.,12,637,649
WBGene00007538.,5,11,16
WBGene00007539.,0,0,0
WBGene00007540.,1,5,6
WBGene00007541.,0,82,82
WBGene00007542.,0,5,5
WBGene00007543.,1,16,17
WBGene00007544.,18,326,344
WBGene00007545.,29,97,126
WBGene00007546.,32,118,150
WBGene00007547.,44,259,303
WBGene00007548.,11,91,102
WBGene00007549.,6,77,83
WBGene00007550.,2,23,25
WBGene00007551.,19,269,288
WBGene00007552.,2,35,37
WBGene00007553.,1,231,232
WBGene00007554.,53,710,763
WBGene00007555.,6,1326,1332
WBGene00007556.,14,268,282
WBGene00007557.,6,20,26
WBGene00007558.,3,17,20
WBGene00007559.,1,0,1
WBGene00007560.,6,12,18
WBGene00007561.,5,193,198
WBGene00007562.,39,152,191
WBGene00007563.,0,24,24
WBGene00007564.,7,1053,1060
WBGene00007565.,1,1,2
WBGene00007567.,0,0,0
WBGene00007569.,0,0,0
WBGene00007570.,1,0,1
WBGene00007571.,0,0,0
WBGene00007572.,0,0,0
WBGene00007573.,5,228,233
WBGene00007574.,10,496,506
WBGene00007576.,31,343,374
WBGene00007577.,37,179,216
WBGene00007578.,1,45,46
WBGene00007579.,28,214,242
WBGene00007580.,4,48,52
WBGene00007581.,11,219,230
WBGene00007583.,65,355,420
WBGene00007584.,1,8,9
WBGene00007585.,4,78,82
WBGene00007586.,22,1126,1148
WBGene00007587.,38,911,949
WBGene00007588.,18,782,800
WBGene00007589.,0,62,62
WBGene00007590.,106,577,683
WBGene00007591.,47,409,456
WBGene00007592.,117,649,766
WBGene00007593.,58,403,461
WBGene00007594.,32,232,264
WBGene00007595.,6,33,39
WBGene00007597.,42,109,151
WBGene00007598.,0,0,0
WBGene00007599.,70,309,379
WBGene00007600.,4,67,71
WBGene00007601.,3,4,7
WBGene00007602.,101,322,423
WBGene00007603.,8,96,104
WBGene00007604.,1,77,78
WBGene00007605.,12,129,141
WBGene00007606.,10,183,193
WBGene00007607.,2,47,49
WBGene00007608.,8,43,51
WBGene00007609.,2,175,177
WBGene00007610.,1,2,3
WBGene00007611.,2,6,8
WBGene00007613.,1,2,3
WBGene00007614.,40,94,134
WBGene00007615.,46,261,307
WBGene00007616.,134,598,732
WBGene00007617.,203,2009,2212
WBGene00007618.,3,3,6
WBGene00007619.,24,65,89
WBGene00007620.,348,470,818
WBGene00007621.,75,615,690
WBGene00007622.,18,73,91
WBGene00007623.,42,482,524
WBGene00007624.,2,70,72
WBGene00007625.,106,632,738
WBGene00007626.,44,460,504
WBGene00007627.,9,188,197
WBGene00007628.,40,490,530
WBGene00007629.,10,53,63
WBGene00007630.,11,6000,6011
WBGene00007631.,1,2,3
WBGene00007632.,0,4,4
WBGene00007633.,8,14,22
WBGene00007635.,50,109,159
WBGene00007637.,47,192,239
WBGene00007638.,0,0,0
WBGene00007639.,1,1,2
WBGene00007640.,32,102,134
WBGene00007641.,1,0,1
WBGene00007642.,0,2,2
WBGene00007643.,6,5,11
WBGene00007644.,5,25,30
WBGene00007645.,111,599,710
WBGene00007646.,115,2302,2417
WBGene00007647.,126,578,704
WBGene00007648.,0,6,6
WBGene00007649.,0,0,0
WBGene00007650.,5,27,32
WBGene00007651.,19,183,202
WBGene00007652.,23,223,246
WBGene00007653.,66,845,911
WBGene00007654.,0,1,1
WBGene00007655.,18,0,18
WBGene00007656.,0,0,0
WBGene00007657.,2,1,3
WBGene00007658.,0,0,0
WBGene00007659.,0,1,1
WBGene00007660.,1,0,1
WBGene00007661.,0,0,0
WBGene00007662.,0,2,2
WBGene00007664.,50,445,495
WBGene00007666.,30,388,418
WBGene00007667.,5,76,81
WBGene00007668.,23,259,282
WBGene00007669.,3,3,6
WBGene00007670.,8,69,77
WBGene00007672.,0,2,2
WBGene00007673.,0,0,0
WBGene00007674.,0,0,0
WBGene00007675.,26,66,92
WBGene00007676.,0,0,0
WBGene00007677.,0,0,0
WBGene00007678.,0,0,0
WBGene00007679.,26,702,728
WBGene00007680.,8,20,28
WBGene00007681.,143,985,1128
WBGene00007682.,2,4,6
WBGene00007683.,445,1943,2388
WBGene00007684.,1154,4724,5878
WBGene00007685.,8,32,40
WBGene00007686.,38,2028,2066
WBGene00007687.,3,15,18
WBGene00007688.,1,1,2
WBGene00007689.,33,323,356
WBGene00007690.,111,164,275
WBGene00007691.,0,1,1
WBGene00007692.,0,6,6
WBGene00007693.,1,0,1
WBGene00007694.,1,18,19
WBGene00007695.,1,9,10
WBGene00007696.,42,1920,1962
WBGene00007697.,65,162,227
WBGene00007698.,37,369,406
WBGene00007699.,0,0,0
WBGene00007700.,0,0,0
WBGene00007701.,2,1,3
WBGene00007702.,68,303,371
WBGene00007703.,198,580,778
WBGene00007704.,6,72,78
WBGene00007705.,7,233,240
WBGene00007707.,2,253,255
WBGene00007708.,0,0,0
WBGene00007709.,0,29,29
WBGene00007710.,15,189,204
WBGene00007711.,5,257,262
WBGene00007712.,5,1272,1277
WBGene00007713.,0,1,1
WBGene00007714.,0,1,1
WBGene00007715.,0,0,0
WBGene00007716.,0,0,0
WBGene00007717.,0,2,2
WBGene00007718.,0,528,528
WBGene00007719.,0,1,1
WBGene00007720.,1,249,250
WBGene00007721.,0,0,0
WBGene00007722.,16,74,90
WBGene00007723.,1,4,5
WBGene00007724.,5,9,14
WBGene00007725.,3,7,10
WBGene00007726.,1,3,4
WBGene00007727.,0,2,2
WBGene00007728.,0,3,3
WBGene00007729.,17,130,147
WBGene00007730.,11,300,311
WBGene00007731.,2,278,280
WBGene00007732.,1,6,7
WBGene00007733.,0,0,0
WBGene00007734.,5,8,13
WBGene00007735.,0,1,1
WBGene00007736.,41,380,421
WBGene00007739.,17,11,28
WBGene00007740.,0,0,0
WBGene00007741.,25,174,199
WBGene00007742.,4,6,10
WBGene00007743.,7,29,36
WBGene00007744.,56,137,193
WBGene00007745.,32,97,129
WBGene00007746.,24,147,171
WBGene00007747.,1,1,2
WBGene00007748.,4,22,26
WBGene00007749.,15,238,253
WBGene00007750.,19,261,280
WBGene00007751.,9,13,22
WBGene00007752.,79,446,525
WBGene00007753.,23,163,186
WBGene00007754.,1,9,10
WBGene00007755.,25,56,81
WBGene00007756.,44,259,303
WBGene00007757.,16,40,56
WBGene00007758.,41,180,221
WBGene00007759.,0,4,4
WBGene00007760.,12,161,173
WBGene00007761.,50,327,377
WBGene00007762.,6,119,125
WBGene00007763.,18,56,74
WBGene00007764.,129,405,534
WBGene00007765.,3,8,11
WBGene00007766.,1,41,42
WBGene00007767.,0,0,0
WBGene00007768.,5,7,12
WBGene00007769.,0,0,0
WBGene00007770.,0,0,0
WBGene00007771.,1,46,47
WBGene00007772.,18,299,317
WBGene00007773.,0,0,0
WBGene00007774.,46,241,287
WBGene00007775.,38,56,94
WBGene00007776.,30,94,124
WBGene00007777.,1,1,2
WBGene00007778.,1,4,5
WBGene00007779.,7,82,89
WBGene00007780.,3,44,47
WBGene00007784.,55,1098,1153
WBGene00007785.,7,234,241
WBGene00007786.,64,1758,1822
WBGene00007787.,12,587,599
WBGene00007788.,6,12,18
WBGene00007789.,4,17,21
WBGene00007791.,1,3,4
WBGene00007792.,0,0,0
WBGene00007793.,0,0,0
WBGene00007794.,0,0,0
WBGene00007795.,0,0,0
WBGene00007796.,14,47,61
WBGene00007797.,4,23,27
WBGene00007798.,0,0,0
WBGene00007799.,73,202,275
WBGene00007800.,3,7,10
WBGene00007801.,33,186,219
WBGene00007802.,10,20,30
WBGene00007804.,2,14,16
WBGene00007805.,0,0,0
WBGene00007806.,0,2,2
WBGene00007807.,12,69,81
WBGene00007808.,1,4,5
WBGene00007809.,1,11,12
WBGene00007810.,4,20,24
WBGene00007811.,23,85,108
WBGene00007812.,170,704,874
WBGene00007813.,0,0,0
WBGene00007816.,48,52,100
WBGene00007817.,59,133,192
WBGene00007818.,84,130,214
WBGene00007819.,4,73,77
WBGene00007820.,94,361,455
WBGene00007821.,30,75,105
WBGene00007822.,1,2,3
WBGene00007823.,1,4,5
WBGene00007824.,724,1468,2192
WBGene00007825.,9,133,142
WBGene00007826.,13,477,490
WBGene00007827.,117,610,727
WBGene00007829.,0,0,0
WBGene00007831.,1,5,6
WBGene00007832.,0,1,1
WBGene00007833.,0,3,3
WBGene00007834.,0,0,0
WBGene00007835.,2,6,8
WBGene00007836.,2,304,306
WBGene00007837.,7,77,84
WBGene00007838.,0,2,2
WBGene00007840.,17,7,24
WBGene00007841.,37,311,348
WBGene00007842.,0,22,22
WBGene00007844.,1,5,6
WBGene00007846.,13,135,148
WBGene00007847.,9,92,101
WBGene00007848.,280,1893,2173
WBGene00007849.,26,56,82
WBGene00007850.,0,0,0
WBGene00007851.,0,3,3
WBGene00007852.,0,2,2
WBGene00007853.,0,0,0
WBGene00007854.,27,63,90
WBGene00007855.,0,304,304
WBGene00007856.,4,115,119
WBGene00007857.,3,11,14
WBGene00007858.,4,8,12
WBGene00007859.,40,547,587
WBGene00007860.,154,499,653
WBGene00007861.,0,15,15
WBGene00007862.,17,113,130
WBGene00007863.,0,0,0
WBGene00007864.,1,2,3
WBGene00007865.,0,0,0
WBGene00007866.,0,3,3
WBGene00007867.,1,14,15
WBGene00007868.,0,6,6
WBGene00007869.,0,1,1
WBGene00007870.,1,20,21
WBGene00007871.,0,0,0
WBGene00007872.,0,0,0
WBGene00007873.,0,0,0
WBGene00007874.,0,0,0
WBGene00007875.,2,8,10
WBGene00007876.,0,0,0
WBGene00007877.,151,923,1074
WBGene00007878.,55,79,134
WBGene00007880.,1439,3670,5109
WBGene00007881.,40,675,715
WBGene00007882.,31,901,932
WBGene00007883.,102,1332,1434
WBGene00007885.,24,110,134
WBGene00007886.,52,117,169
WBGene00007887.,1,0,1
WBGene00007888.,15,23,38
WBGene00007889.,0,0,0
WBGene00007890.,13,62,75
WBGene00007891.,5,20,25
WBGene00007892.,24,479,503
WBGene00007893.,0,1,1
WBGene00007894.,0,4,4
WBGene00007895.,0,1,1
WBGene00007896.,9,6,15
WBGene00007897.,4,7,11
WBGene00007898.,4,52,56
WBGene00007899.,17,121,138
WBGene00007900.,69,154,223
WBGene00007901.,5,146,151
WBGene00007902.,0,31,31
WBGene00007903.,0,2,2
WBGene00007904.,4,7,11
WBGene00007905.,2,2,4
WBGene00007906.,15,122,137
WBGene00007907.,334,1761,2095
WBGene00007908.,39,152,191
WBGene00007909.,44,53,97
WBGene00007910.,1,7,8
WBGene00007911.,1,17,18
WBGene00007912.,21,206,227
WBGene00007913.,31,146,177
WBGene00007914.,19,190,209
WBGene00007916.,4,126,130
WBGene00007917.,50,267,317
WBGene00007918.,10,210,220
WBGene00007919.,90,280,370
WBGene00007920.,0,0,0
WBGene00007921.,49,300,349
WBGene00007922.,40,176,216
WBGene00007923.,63,585,648
WBGene00007924.,227,1959,2186
WBGene00007925.,20,238,258
WBGene00007926.,8,27,35
WBGene00007927.,233,1427,1660
WBGene00007928.,1,8,9
WBGene00007929.,20,74,94
WBGene00007931.,16,155,171
WBGene00007932.,18,30,48
WBGene00007933.,5,42,47
WBGene00007934.,34,640,674
WBGene00007935.,21,15,36
WBGene00007937.,2,1,3
WBGene00007938.,2,47,49
WBGene00007939.,4,53,57
WBGene00007941.,5,85,90
WBGene00007942.,38,608,646
WBGene00007943.,17,213,230
WBGene00007944.,49,375,424
WBGene00007945.,2,12,14
WBGene00007946.,7,20,27
WBGene00007947.,54,188,242
WBGene00007948.,3,3,6
WBGene00007949.,0,9,9
WBGene00007950.,145,420,565
WBGene00007951.,27,106,133
WBGene00007952.,28,613,641
WBGene00007953.,39,76,115
WBGene00007954.,0,0,0
WBGene00007955.,23,1085,1108
WBGene00007956.,17,116,133
WBGene00007957.,6,32,38
WBGene00007958.,125,413,538
WBGene00007959.,11,188,199
WBGene00007960.,0,0,0
WBGene00007961.,0,0,0
WBGene00007962.,0,1,1
WBGene00007963.,0,0,0
WBGene00007964.,3,80,83
WBGene00007965.,0,93,93
WBGene00007966.,1,46,47
WBGene00007967.,2,67,69
WBGene00007969.,6,854,860
WBGene00007970.,10,54,64
WBGene00007971.,107,737,844
WBGene00007972.,101,254,355
WBGene00007973.,0,2,2
WBGene00007974.,42,320,362
WBGene00007975.,21,242,263
WBGene00007976.,9,100,109
WBGene00007977.,2,5,7
WBGene00007978.,22,81,103
WBGene00007979.,8,213,221
WBGene00007980.,57,1066,1123
WBGene00007981.,26,514,540
WBGene00007982.,48,292,340
WBGene00007983.,47,131,178
WBGene00007984.,41,303,344
WBGene00007985.,24,46,70
WBGene00007986.,0,1,1
WBGene00007987.,0,3,3
WBGene00007988.,8,37,45
WBGene00007989.,2,61,63
WBGene00007990.,0,9,9
WBGene00007991.,11,78,89
WBGene00007992.,4,49,53
WBGene00007993.,71,1736,1807
WBGene00007994.,33,150,183
WBGene00007995.,1,0,1
WBGene00007996.,0,0,0
WBGene00007997.,6,15,21
WBGene00007998.,2,7,9
WBGene00007999.,10,54,64
WBGene00008000.,18,327,345
WBGene00008001.,0,2,2
WBGene00008002.,27,86,113
WBGene00008003.,5,52,57
WBGene00008005.,7,60,67
WBGene00008006.,42,197,239
WBGene00008007.,3,9,12
WBGene00008008.,22,58,80
WBGene00008009.,2,0,2
WBGene00008010.,3,12,15
WBGene00008012.,0,0,0
WBGene00008013.,1,0,1
WBGene00008014.,0,3,3
WBGene00008015.,1,0,1
WBGene00008016.,0,0,0
WBGene00008017.,1,1,2
WBGene00008018.,36,178,214
WBGene00008019.,10,342,352
WBGene00008020.,2,28,30
WBGene00008021.,0,70,70
WBGene00008022.,20,120,140
WBGene00008023.,2,46,48
WBGene00008024.,1,7,8
WBGene00008025.,11,125,136
WBGene00008026.,0,0,0
WBGene00008027.,9,39,48
WBGene00008028.,3,16,19
WBGene00008029.,0,1,1
WBGene00008030.,0,3,3
WBGene00008031.,3,8,11
WBGene00008032.,92,876,968
WBGene00008033.,37,131,168
WBGene00008034.,135,721,856
WBGene00008035.,17,245,262
WBGene00008036.,0,0,0
WBGene00008037.,2,6,8
WBGene00008038.,0,3,3
WBGene00008039.,8,94,102
WBGene00008040.,263,1271,1534
WBGene00008041.,201,1338,1539
WBGene00008042.,2,7,9
WBGene00008043.,13,44,57
WBGene00008044.,0,0,0
WBGene00008045.,21,62,83
WBGene00008047.,3,2,5
WBGene00008048.,0,0,0
WBGene00008050.,11,263,274
WBGene00008051.,33,53,86
WBGene00008052.,26,186,212
WBGene00008053.,23,727,750
WBGene00008054.,5,6,11
WBGene00008055.,0,3,3
WBGene00008056.,0,0,0
WBGene00008057.,0,1,1
WBGene00008058.,0,0,0
WBGene00008059.,0,0,0
WBGene00008060.,0,0,0
WBGene00008061.,2,26,28
WBGene00008062.,3,18,21
WBGene00008063.,1,1,2
WBGene00008064.,278,51,329
WBGene00008065.,8,69,77
WBGene00008066.,0,13,13
WBGene00008067.,1,2,3
WBGene00008068.,0,0,0
WBGene00008069.,1,0,1
WBGene00008070.,0,3,3
WBGene00008071.,3,0,3
WBGene00008072.,1,9,10
WBGene00008073.,0,31,31
WBGene00008074.,0,1,1
WBGene00008075.,8,66,74
WBGene00008076.,14,152,166
WBGene00008077.,1,14,15
WBGene00008078.,10,97,107
WBGene00008079.,0,1,1
WBGene00008080.,0,7,7
WBGene00008081.,42,207,249
WBGene00008082.,15,48,63
WBGene00008083.,4,5,9
WBGene00008084.,1,10,11
WBGene00008085.,17,97,114
WBGene00008086.,2,4,6
WBGene00008087.,1,0,1
WBGene00008088.,0,0,0
WBGene00008089.,70,425,495
WBGene00008090.,0,0,0
WBGene00008091.,2,17,19
WBGene00008092.,0,8,8
WBGene00008093.,7,5,12
WBGene00008094.,54,126,180
WBGene00008095.,2,10,12
WBGene00008096.,4,61,65
WBGene00008097.,1,2,3
WBGene00008098.,4,10,14
WBGene00008099.,0,7,7
WBGene00008100.,36,155,191
WBGene00008101.,1,14,15
WBGene00008102.,0,9,9
WBGene00008104.,0,0,0
WBGene00008105.,0,2,2
WBGene00008106.,1,5,6
WBGene00008107.,8,182,190
WBGene00008110.,150,1403,1553
WBGene00008111.,5,11,16
WBGene00008112.,1,0,1
WBGene00008113.,1,2,3
WBGene00008114.,3,53,56
WBGene00008117.,25,774,799
WBGene00008118.,49,172,221
WBGene00008119.,133,378,511
WBGene00008120.,150,545,695
WBGene00008121.,19,444,463
WBGene00008122.,0,0,0
WBGene00008123.,8,28,36
WBGene00008124.,1,1,2
WBGene00008125.,0,0,0
WBGene00008126.,1,0,1
WBGene00008127.,6,11,17
WBGene00008128.,2,31,33
WBGene00008129.,0,1,1
WBGene00008130.,1,27,28
WBGene00008131.,10,364,374
WBGene00008132.,2744,377,3121
WBGene00008133.,21,28,49
WBGene00008134.,79,340,419
WBGene00008135.,0,0,0
WBGene00008136.,24,318,342
WBGene00008137.,2,4,6
WBGene00008138.,0,2,2
WBGene00008139.,3,42,45
WBGene00008140.,86,81,167
WBGene00008141.,1,3,4
WBGene00008142.,12,103,115
WBGene00008143.,29,266,295
WBGene00008144.,6,75,81
WBGene00008145.,23,48,71
WBGene00008146.,1,4,5
WBGene00008147.,104,598,702
WBGene00008148.,7,135,142
WBGene00008149.,173,5566,5739
WBGene00008150.,1,5,6
WBGene00008151.,105,1185,1290
WBGene00008152.,15,171,186
WBGene00008153.,2,3,5
WBGene00008154.,0,0,0
WBGene00008155.,6,16,22
WBGene00008156.,1,1,2
WBGene00008157.,0,0,0
WBGene00008158.,1,1,2
WBGene00008159.,0,0,0
WBGene00008160.,0,0,0
WBGene00008161.,1,0,1
WBGene00008162.,1,1,2
WBGene00008163.,0,0,0
WBGene00008164.,18,785,803
WBGene00008165.,6,278,284
WBGene00008166.,18,200,218
WBGene00008167.,8,28,36
WBGene00008168.,11,96,107
WBGene00008169.,2,51,53
WBGene00008170.,20,80,100
WBGene00008171.,0,12,12
WBGene00008172.,1,24,25
WBGene00008173.,3,100,103
WBGene00008174.,15,57,72
WBGene00008175.,0,2,2
WBGene00008176.,0,5,5
WBGene00008177.,12,129,141
WBGene00008178.,32,5,37
WBGene00008179.,0,0,0
WBGene00008180.,2,19,21
WBGene00008183.,734,377,1111
WBGene00008184.,0,11,11
WBGene00008185.,7,0,7
WBGene00008186.,5,4,9
WBGene00008187.,3,4,7
WBGene00008188.,1,0,1
WBGene00008190.,6,8,14
WBGene00008191.,156,2654,2810
WBGene00008192.,0,0,0
WBGene00008193.,6,8,14
WBGene00008194.,16,73,89
WBGene00008195.,49,169,218
WBGene00008196.,0,43,43
WBGene00008197.,24,95,119
WBGene00008198.,9,315,324
WBGene00008199.,3,11,14
WBGene00008200.,1,3,4
WBGene00008201.,0,1,1
WBGene00008202.,0,8,8
WBGene00008203.,50,186,236
WBGene00008204.,13,105,118
WBGene00008205.,1126,10478,11604
WBGene00008206.,25,169,194
WBGene00008207.,0,2,2
WBGene00008208.,4,17,21
WBGene00008209.,0,1,1
WBGene00008210.,5,41,46
WBGene00008211.,30,476,506
WBGene00008212.,14,38,52
WBGene00008213.,2,60,62
WBGene00008214.,40,244,284
WBGene00008215.,1,536,537
WBGene00008216.,2,12,14
WBGene00008217.,0,0,0
WBGene00008218.,11,452,463
WBGene00008219.,7,167,174
WBGene00008220.,1,39,40
WBGene00008221.,14,163,177
WBGene00008222.,7,31,38
WBGene00008223.,2,3,5
WBGene00008224.,44,674,718
WBGene00008225.,20,314,334
WBGene00008226.,26,121,147
WBGene00008227.,37,114,151
WBGene00008228.,0,83,83
WBGene00008229.,11,121,132
WBGene00008230.,7,26,33
WBGene00008231.,0,1,1
WBGene00008232.,12,99,111
WBGene00008233.,3,141,144
WBGene00008234.,2,10,12
WBGene00008235.,3,20,23
WBGene00008236.,14,81,95
WBGene00008237.,27,367,394
WBGene00008238.,21,215,236
WBGene00008239.,1,10,11
WBGene00008240.,0,1,1
WBGene00008241.,0,1,1
WBGene00008242.,0,3,3
WBGene00008243.,0,5,5
WBGene00008244.,0,0,0
WBGene00008245.,0,3,3
WBGene00008246.,0,1,1
WBGene00008247.,161,40,201
WBGene00008248.,1,25,26
WBGene00008249.,3,8,11
WBGene00008250.,3,6,9
WBGene00008251.,4,12,16
WBGene00008252.,4,31,35
WBGene00008253.,0,11,11
WBGene00008254.,55,407,462
WBGene00008255.,24,109,133
WBGene00008256.,17,83,100
WBGene00008257.,1,2,3
WBGene00008258.,11,257,268
WBGene00008259.,0,0,0
WBGene00008260.,4,44,48
WBGene00008261.,5,7,12
WBGene00008262.,717,18496,19213
WBGene00008263.,49,134,183
WBGene00008265.,35,108,143
WBGene00008266.,30,179,209
WBGene00008267.,3,38,41
WBGene00008268.,0,0,0
WBGene00008269.,0,6,6
WBGene00008270.,40,110,150
WBGene00008271.,4,4,8
WBGene00008272.,7,13,20
WBGene00008273.,30,157,187
WBGene00008274.,111,688,799
WBGene00008275.,14,148,162
WBGene00008277.,2,1,3
WBGene00008278.,41,52,93
WBGene00008279.,3,2,5
WBGene00008280.,25,50,75
WBGene00008281.,16,103,119
WBGene00008282.,1,1,2
WBGene00008283.,19,197,216
WBGene00008284.,63,221,284
WBGene00008285.,5,4,9
WBGene00008286.,0,5,5
WBGene00008287.,67,201,268
WBGene00008288.,18,264,282
WBGene00008289.,0,0,0
WBGene00008290.,0,0,0
WBGene00008291.,0,0,0
WBGene00008292.,11,94,105
WBGene00008293.,1,0,1
WBGene00008294.,0,0,0
WBGene00008295.,0,0,0
WBGene00008296.,45,145,190
WBGene00008297.,0,0,0
WBGene00008298.,488,2207,2695
WBGene00008299.,0,1,1
WBGene00008300.,6,80,86
WBGene00008301.,1,3,4
WBGene00008302.,0,3,3
WBGene00008303.,6,14,20
WBGene00008304.,3,17,20
WBGene00008306.,0,0,0
WBGene00008307.,59,108,167
WBGene00008308.,0,0,0
WBGene00008309.,1,18,19
WBGene00008310.,51,280,331
WBGene00008311.,31,536,567
WBGene00008312.,1,5,6
WBGene00008313.,1,5,6
WBGene00008314.,5,20,25
WBGene00008315.,113,350,463
WBGene00008316.,23,122,145
WBGene00008317.,4,169,173
WBGene00008318.,4,112,116
WBGene00008319.,0,0,0
WBGene00008320.,13,52,65
WBGene00008321.,0,0,0
WBGene00008322.,0,3,3
WBGene00008323.,14,166,180
WBGene00008324.,0,12,12
WBGene00008325.,4,5,9
WBGene00008326.,0,0,0
WBGene00008327.,0,0,0
WBGene00008328.,4,0,4
WBGene00008330.,5,275,280
WBGene00008331.,113,629,742
WBGene00008332.,26,110,136
WBGene00008333.,6,84,90
WBGene00008334.,56,150,206
WBGene00008335.,20,163,183
WBGene00008336.,2,26,28
WBGene00008337.,0,1,1
WBGene00008338.,139,593,732
WBGene00008339.,9,200,209
WBGene00008340.,2,3,5
WBGene00008341.,2,64,66
WBGene00008342.,11,52,63
WBGene00008343.,4,165,169
WBGene00008344.,80,314,394
WBGene00008345.,23,476,499
WBGene00008346.,3,24,27
WBGene00008348.,84,153,237
WBGene00008349.,3,3,6
WBGene00008350.,0,3,3
WBGene00008351.,0,1,1
WBGene00008352.,1,5,6
WBGene00008353.,4,125,129
WBGene00008354.,13,93,106
WBGene00008355.,8,21,29
WBGene00008356.,8,16819,16827
WBGene00008357.,11,2294,2305
WBGene00008358.,18,2042,2060
WBGene00008359.,24,4028,4052
WBGene00008360.,1,3033,3034
WBGene00008361.,16,88,104
WBGene00008362.,36,459,495
WBGene00008363.,6,91,97
WBGene00008364.,6,196,202
WBGene00008365.,1,1,2
WBGene00008366.,79,313,392
WBGene00008367.,0,0,0
WBGene00008368.,27,84,111
WBGene00008369.,21,80,101
WBGene00008370.,125,390,515
WBGene00008371.,82,312,394
WBGene00008372.,4,5,9
WBGene00008373.,1,3,4
WBGene00008374.,0,0,0
WBGene00008375.,6,363,369
WBGene00008376.,7,27,34
WBGene00008377.,0,1,1
WBGene00008378.,0,0,0
WBGene00008379.,2,77,79
WBGene00008380.,30,223,253
WBGene00008381.,0,0,0
WBGene00008382.,22,52,74
WBGene00008383.,0,3,3
WBGene00008384.,0,29,29
WBGene00008385.,3,76,79
WBGene00008386.,115,822,937
WBGene00008387.,4,12,16
WBGene00008388.,18,26,44
WBGene00008389.,39,341,380
WBGene00008390.,43,167,210
WBGene00008392.,927,2841,3768
WBGene00008393.,0,2,2
WBGene00008394.,0,0,0
WBGene00008395.,394,2091,2485
WBGene00008396.,0,14,14
WBGene00008397.,0,0,0
WBGene00008398.,261,964,1225
WBGene00008399.,9,56,65
WBGene00008400.,47,225,272
WBGene00008401.,8,23,31
WBGene00008402.,6,231,237
WBGene00008403.,14,32,46
WBGene00008404.,17,433,450
WBGene00008405.,15,445,460
WBGene00008407.,114,387,501
WBGene00008408.,24,378,402
WBGene00008409.,74,1181,1255
WBGene00008410.,24,345,369
WBGene00008411.,17,318,335
WBGene00008412.,45,382,427
WBGene00008413.,22,249,271
WBGene00008414.,280,3371,3651
WBGene00008415.,55,2285,2340
WBGene00008417.,7,80,87
WBGene00008418.,12,66,78
WBGene00008419.,117,844,961
WBGene00008420.,117,345,462
WBGene00008421.,42,95,137
WBGene00008422.,6,393,399
WBGene00008423.,0,3,3
WBGene00008424.,9,26,35
WBGene00008425.,2,6,8
WBGene00008426.,19,109,128
WBGene00008427.,2,4,6
WBGene00008428.,20,362,382
WBGene00008429.,30,246,276
WBGene00008430.,75,554,629
WBGene00008431.,76,164,240
WBGene00008432.,84,304,388
WBGene00008433.,0,1,1
WBGene00008434.,17,253,270
WBGene00008435.,40,123,163
WBGene00008436.,68,841,909
WBGene00008438.,210,564,774
WBGene00008439.,30,186,216
WBGene00008440.,1,45,46
WBGene00008441.,59,161,220
WBGene00008442.,93,242,335
WBGene00008443.,637,463,1100
WBGene00008444.,164,333,497
WBGene00008446.,153,1525,1678
WBGene00008447.,15,82,97
WBGene00008448.,0,9,9
WBGene00008449.,3,7,10
WBGene00008450.,5,367,372
WBGene00008451.,3,16,19
WBGene00008452.,86,1157,1243
WBGene00008453.,112,527,639
WBGene00008454.,7,152,159
WBGene00008455.,87,550,637
WBGene00008456.,0,155,155
WBGene00008457.,33,109,142
WBGene00008458.,57,276,333
WBGene00008459.,49,453,502
WBGene00008460.,24,13,37
WBGene00008462.,0,9,9
WBGene00008463.,0,6,6
WBGene00008464.,0,0,0
WBGene00008465.,6,0,6
WBGene00008468.,3,1,4
WBGene00008470.,0,0,0
WBGene00008471.,0,1,1
WBGene00008472.,1,0,1
WBGene00008473.,1,0,1
WBGene00008474.,0,1,1
WBGene00008475.,3,8,11
WBGene00008476.,10,63,73
WBGene00008477.,0,12,12
WBGene00008478.,0,0,0
WBGene00008479.,0,0,0
WBGene00008480.,49,1341,1390
WBGene00008481.,8,25,33
WBGene00008482.,2,1,3
WBGene00008483.,3,6,9
WBGene00008484.,12,555,567
WBGene00008485.,0,2,2
WBGene00008486.,0,32,32
WBGene00008487.,11,27,38
WBGene00008488.,12,107,119
WBGene00008489.,3,12,15
WBGene00008490.,16,130,146
WBGene00008491.,56,52,108
WBGene00008492.,0,6,6
WBGene00008493.,0,0,0
WBGene00008494.,0,8,8
WBGene00008495.,2,26,28
WBGene00008496.,2,11,13
WBGene00008497.,0,0,0
WBGene00008498.,2,7,9
WBGene00008499.,12,33,45
WBGene00008500.,16,40,56
WBGene00008501.,1,2,3
WBGene00008502.,59,441,500
WBGene00008503.,0,34,34
WBGene00008504.,9,359,368
WBGene00008505.,264,13185,13449
WBGene00008506.,31,1526,1557
WBGene00008507.,0,0,0
WBGene00008508.,2,0,2
WBGene00008509.,3,109,112
WBGene00008510.,256,790,1046
WBGene00008511.,2,26,28
WBGene00008512.,3,10,13
WBGene00008513.,34,66,100
WBGene00008514.,28,797,825
WBGene00008515.,39,112,151
WBGene00008516.,1,32,33
WBGene00008517.,12,29,41
WBGene00008518.,2,7,9
WBGene00008519.,67,106,173
WBGene00008520.,10,5,15
WBGene00008521.,31,566,597
WBGene00008522.,2,202,204
WBGene00008523.,0,0,0
WBGene00008524.,0,0,0
WBGene00008526.,0,0,0
WBGene00008527.,1,1,2
WBGene00008528.,97,329,426
WBGene00008529.,5,11,16
WBGene00008530.,120,908,1028
WBGene00008531.,42,246,288
WBGene00008532.,65,776,841
WBGene00008533.,70,262,332
WBGene00008534.,0,1,1
WBGene00008535.,0,1,1
WBGene00008536.,1,1,2
WBGene00008537.,3,0,3
WBGene00008538.,261,1297,1558
WBGene00008539.,0,1,1
WBGene00008540.,2,0,2
WBGene00008541.,0,6,6
WBGene00008542.,5,15,20
WBGene00008543.,9,72,81
WBGene00008545.,6,8,14
WBGene00008546.,59,295,354
WBGene00008547.,66,331,397
WBGene00008548.,8,48,56
WBGene00008549.,162,1604,1766
WBGene00008550.,1,2,3
WBGene00008551.,0,3,3
WBGene00008552.,0,0,0
WBGene00008553.,0,29,29
WBGene00008554.,359,2344,2703
WBGene00008555.,254,582,836
WBGene00008556.,0,6,6
WBGene00008557.,24,83,107
WBGene00008558.,2,28,30
WBGene00008559.,0,2,2
WBGene00008560.,0,4,4
WBGene00008561.,6,21,27
WBGene00008563.,2,386,388
WBGene00008564.,17,132,149
WBGene00008565.,16,59,75
WBGene00008566.,1,5,6
WBGene00008567.,1,19,20
WBGene00008568.,1,7,8
WBGene00008569.,5,64,69
WBGene00008570.,145,323,468
WBGene00008571.,34,132,166
WBGene00008572.,323,3099,3422
WBGene00008574.,0,0,0
WBGene00008575.,17,93,110
WBGene00008576.,0,308,308
WBGene00008577.,0,664,664
WBGene00008578.,27,128,155
WBGene00008579.,19,204,223
WBGene00008580.,4,23,27
WBGene00008581.,0,1,1
WBGene00008582.,60,1032,1092
WBGene00008583.,22,71,93
WBGene00008584.,28,118,146
WBGene00008585.,22,102,124
WBGene00008586.,90,607,697
WBGene00008587.,7,71,78
WBGene00008588.,5,71,76
WBGene00008589.,43,152,195
WBGene00008590.,0,1,1
WBGene00008591.,1,38,39
WBGene00008592.,1,95,96
WBGene00008593.,1,9,10
WBGene00008594.,4,16,20
WBGene00008595.,7,8,15
WBGene00008596.,4,16,20
WBGene00008597.,0,0,0
WBGene00008598.,1,14,15
WBGene00008599.,1,15,16
WBGene00008600.,36,27,63
WBGene00008601.,329,902,1231
WBGene00008602.,9,54,63
WBGene00008603.,297,2294,2591
WBGene00008604.,73,269,342
WBGene00008605.,25,112,137
WBGene00008606.,26,205,231
WBGene00008607.,38,110,148
WBGene00008609.,1,1,2
WBGene00008610.,43,755,798
WBGene00008611.,0,1,1
WBGene00008612.,3,0,3
WBGene00008613.,1,14,15
WBGene00008615.,2,7,9
WBGene00008616.,0,12,12
WBGene00008617.,1,2,3
WBGene00008618.,1,2,3
WBGene00008619.,2,0,2
WBGene00008620.,0,0,0
WBGene00008621.,9,39,48
WBGene00008622.,72,598,670
WBGene00008623.,21,2,23
WBGene00008624.,70,534,604
WBGene00008625.,8,19,27
WBGene00008626.,7,37,44
WBGene00008627.,0,2,2
WBGene00008628.,62,2690,2752
WBGene00008629.,4,69,73
WBGene00008630.,2,7,9
WBGene00008631.,0,0,0
WBGene00008632.,2,5,7
WBGene00008633.,0,2,2
WBGene00008634.,1,13,14
WBGene00008635.,0,2,2
WBGene00008636.,0,5,5
WBGene00008637.,0,0,0
WBGene00008638.,0,0,0
WBGene00008639.,14,112,126
WBGene00008640.,1,4,5
WBGene00008641.,12,90,102
WBGene00008642.,2,269,271
WBGene00008643.,1,18,19
WBGene00008644.,4,13,17
WBGene00008645.,10,259,269
WBGene00008646.,7,128,135
WBGene00008647.,1,14,15
WBGene00008648.,43,166,209
WBGene00008649.,1,7,8
WBGene00008650.,3,5,8
WBGene00008651.,0,3,3
WBGene00008652.,2,16,18
WBGene00008654.,19,9,28
WBGene00008655.,0,7,7
WBGene00008656.,6,63,69
WBGene00008657.,0,0,0
WBGene00008658.,0,0,0
WBGene00008659.,0,0,0
WBGene00008660.,0,2,2
WBGene00008661.,0,1,1
WBGene00008662.,27,75,102
WBGene00008663.,9,136,145
WBGene00008664.,6,516,522
WBGene00008665.,885,193,1078
WBGene00008666.,26,158,184
WBGene00008667.,35,96,131
WBGene00008669.,35,120,155
WBGene00008670.,59,287,346
WBGene00008671.,0,2,2
WBGene00008672.,0,1,1
WBGene00008673.,0,1,1
WBGene00008675.,0,0,0
WBGene00008676.,0,1,1
WBGene00008677.,0,37,37
WBGene00008678.,0,5,5
WBGene00008679.,0,1,1
WBGene00008680.,0,7,7
WBGene00008681.,20,85,105
WBGene00008682.,21,467,488
WBGene00008683.,66,500,566
WBGene00008684.,6,41,47
WBGene00008685.,40,218,258
WBGene00008686.,40,141,181
WBGene00008687.,10,225,235
WBGene00008688.,155,736,891
WBGene00008690.,107,545,652
WBGene00008691.,10,208,218
WBGene00008692.,1,14,15
WBGene00008693.,1,4,5
WBGene00008694.,641,1637,2278
WBGene00008695.,9,36,45
WBGene00008696.,0,0,0
WBGene00008698.,0,0,0
WBGene00008699.,0,0,0
WBGene00008700.,0,1,1
WBGene00008701.,1,1,2
WBGene00008702.,0,0,0
WBGene00008703.,0,0,0
WBGene00008706.,660,1730,2390
WBGene00008707.,8,662,670
WBGene00008708.,8,28,36
WBGene00008709.,4,7,11
WBGene00008710.,11,186,197
WBGene00008711.,4,46,50
WBGene00008712.,9,25,34
WBGene00008713.,22,96,118
WBGene00008714.,18,26,44
WBGene00008716.,1,2,3
WBGene00008717.,0,0,0
WBGene00008719.,3,11,14
WBGene00008720.,59,556,615
WBGene00008722.,14,214,228
WBGene00008723.,1,0,1
WBGene00008724.,0,2,2
WBGene00008725.,0,0,0
WBGene00008726.,20,133,153
WBGene00008727.,3,7,10
WBGene00008728.,2,10,12
WBGene00008729.,99,854,953
WBGene00008730.,3,10,13
WBGene00008731.,9,10,19
WBGene00008732.,1,12,13
WBGene00008733.,12,126,138
WBGene00008734.,1,8,9
WBGene00008735.,155,318,473
WBGene00008736.,14,38,52
WBGene00008737.,2,10,12
WBGene00008739.,1,15,16
WBGene00008740.,1,81,82
WBGene00008741.,55,239,294
WBGene00008742.,12,121,133
WBGene00008743.,2,29,31
WBGene00008744.,42,666,708
WBGene00008745.,38,1542,1580
WBGene00008746.,31,84,115
WBGene00008747.,2,21,23
WBGene00008748.,14,379,393
WBGene00008749.,12,241,253
WBGene00008750.,43,166,209
WBGene00008751.,0,0,0
WBGene00008752.,0,0,0
WBGene00008753.,0,0,0
WBGene00008754.,0,11,11
WBGene00008755.,0,9,9
WBGene00008757.,0,9,9
WBGene00008758.,1,5,6
WBGene00008759.,0,0,0
WBGene00008760.,2,207,209
WBGene00008761.,24,250,274
WBGene00008762.,1,129,130
WBGene00008763.,9,60,69
WBGene00008764.,18,856,874
WBGene00008765.,25,1384,1409
WBGene00008766.,59,177,236
WBGene00008767.,15,389,404
WBGene00008768.,420,2440,2860
WBGene00008769.,24,612,636
WBGene00008770.,46,399,445
WBGene00008772.,1,1,2
WBGene00008773.,7,50,57
WBGene00008774.,5,102,107
WBGene00008775.,26,297,323
WBGene00008776.,19,70,89
WBGene00008777.,413,1031,1444
WBGene00008778.,1,3,4
WBGene00008779.,16,33,49
WBGene00008780.,42,262,304
WBGene00008781.,47,538,585
WBGene00008782.,0,0,0
WBGene00008783.,66,257,323
WBGene00008784.,0,4,4
WBGene00008785.,0,1,1
WBGene00008786.,0,1,1
WBGene00008787.,4,10,14
WBGene00008788.,0,1,1
WBGene00008789.,0,4,4
WBGene00008790.,0,0,0
WBGene00008791.,2,41,43
WBGene00008792.,0,30,30
WBGene00008793.,5,12,17
WBGene00008794.,0,0,0
WBGene00008795.,1,4,5
WBGene00008796.,0,4,4
WBGene00008797.,2,4,6
WBGene00008798.,0,27,27
WBGene00008799.,1,5,6
WBGene00008800.,35,669,704
WBGene00008801.,2,6,8
WBGene00008802.,3,15,18
WBGene00008803.,120,1109,1229
WBGene00008804.,19,26,45
WBGene00008805.,23,271,294
WBGene00008806.,10,111,121
WBGene00008807.,6,12,18
WBGene00008808.,5,8,13
WBGene00008809.,1,3,4
WBGene00008810.,7,104,111
WBGene00008811.,0,0,0
WBGene00008812.,0,2,2
WBGene00008813.,0,2,2
WBGene00008814.,0,0,0
WBGene00008815.,0,1,1
WBGene00008816.,0,0,0
WBGene00008817.,0,0,0
WBGene00008818.,0,3,3
WBGene00008819.,148,280,428
WBGene00008820.,17,727,744
WBGene00008821.,0,0,0
WBGene00008822.,1,1,2
WBGene00008823.,0,0,0
WBGene00008824.,0,0,0
WBGene00008825.,0,0,0
WBGene00008826.,0,1,1
WBGene00008827.,0,2,2
WBGene00008828.,0,0,0
WBGene00008829.,0,0,0
WBGene00008830.,1,8,9
WBGene00008831.,5,9,14
WBGene00008832.,33,261,294
WBGene00008833.,4,180,184
WBGene00008834.,8,296,304
WBGene00008835.,2,48,50
WBGene00008837.,1,0,1
WBGene00008838.,5,9,14
WBGene00008839.,0,0,0
WBGene00008840.,1,12,13
WBGene00008841.,1249,3424,4673
WBGene00008842.,2,11,13
WBGene00008843.,0,0,0
WBGene00008844.,0,1,1
WBGene00008847.,1,1,2
WBGene00008848.,3,72,75
WBGene00008849.,6,3,9
WBGene00008850.,1,4,5
WBGene00008851.,16,95,111
WBGene00008852.,115,1101,1216
WBGene00008853.,2,0,2
WBGene00008854.,2,1,3
WBGene00008855.,0,0,0
WBGene00008856.,140,765,905
WBGene00008857.,12,3355,3367
WBGene00008858.,2,1,3
WBGene00008859.,1,107,108
WBGene00008860.,563,3301,3864
WBGene00008861.,11,147,158
WBGene00008862.,8,8,16
WBGene00008863.,2,5,7
WBGene00008865.,60,696,756
WBGene00008866.,5,1,6
WBGene00008868.,40,130,170
WBGene00008869.,3,44,47
WBGene00008870.,1,1,2
WBGene00008871.,0,2,2
WBGene00008872.,0,0,0
WBGene00008873.,0,0,0
WBGene00008874.,2,8,10
WBGene00008875.,0,14,14
WBGene00008876.,30,182,212
WBGene00008877.,16,178,194
WBGene00008878.,263,666,929
WBGene00008879.,14,23,37
WBGene00008880.,5,60,65
WBGene00008881.,0,2,2
WBGene00008882.,18,260,278
WBGene00008883.,2,15,17
WBGene00008884.,0,6,6
WBGene00008885.,23,180,203
WBGene00008886.,10,26,36
WBGene00008887.,10,146,156
WBGene00008889.,0,3,3
WBGene00008890.,10,28,38
WBGene00008891.,0,15,15
WBGene00008892.,5,22,27
WBGene00008893.,0,0,0
WBGene00008894.,1,1,2
WBGene00008897.,3,12,15
WBGene00008898.,2,0,2
WBGene00008899.,1,0,1
WBGene00008900.,6,7,13
WBGene00008901.,166,1,167
WBGene00008902.,1,1,2
WBGene00008903.,0,0,0
WBGene00008904.,0,6,6
WBGene00008905.,2,14,16
WBGene00008906.,0,0,0
WBGene00008907.,0,0,0
WBGene00008908.,0,1,1
WBGene00008909.,0,0,0
WBGene00008910.,61,590,651
WBGene00008911.,0,0,0
WBGene00008912.,1,37,38
WBGene00008914.,5,1523,1528
WBGene00008915.,56,1983,2039
WBGene00008916.,11,17,28
WBGene00008917.,6,18,24
WBGene00008918.,3,135,138
WBGene00008919.,138,838,976
WBGene00008920.,13440,43064,56504
WBGene00008921.,37,226,263
WBGene00008922.,272,2247,2519
WBGene00008923.,48,66,114
WBGene00008924.,14,156,170
WBGene00008925.,52,1304,1356
WBGene00008926.,31,190,221
WBGene00008927.,81,365,446
WBGene00008928.,1,1,2
WBGene00008929.,23,242,265
WBGene00008930.,280,774,1054
WBGene00008932.,145,169,314
WBGene00008933.,1,5,6
WBGene00008934.,91,469,560
WBGene00008935.,1,5,6
WBGene00008936.,2,17,19
WBGene00008937.,0,1,1
WBGene00008939.,75,311,386
WBGene00008940.,33,215,248
WBGene00008941.,13,0,13
WBGene00008942.,0,0,0
WBGene00008943.,1,0,1
WBGene00008944.,3,55,58
WBGene00008945.,1,10,11
WBGene00008946.,3,1,4
WBGene00008947.,2,0,2
WBGene00008948.,33,847,880
WBGene00008949.,2,10,12
WBGene00008950.,0,1,1
WBGene00008951.,47,265,312
WBGene00008952.,22,91,113
WBGene00008953.,47,114,161
WBGene00008954.,1,5,6
WBGene00008955.,6,7,13
WBGene00008956.,36,54,90
WBGene00008957.,19,434,453
WBGene00008958.,0,0,0
WBGene00008959.,0,1,1
WBGene00008960.,1,0,1
WBGene00008961.,11,362,373
WBGene00008963.,54,934,988
WBGene00008964.,150,285,435
WBGene00008965.,35,21,56
WBGene00008966.,0,1,1
WBGene00008967.,0,5,5
WBGene00008968.,4,18,22
WBGene00008969.,18,97,115
WBGene00008970.,0,55,55
WBGene00008971.,6,235,241
WBGene00008972.,1,13,14
WBGene00008973.,3,640,643
WBGene00008974.,48,191,239
WBGene00008975.,13,543,556
WBGene00008976.,3,30,33
WBGene00008977.,17,61,78
WBGene00008978.,10,80,90
WBGene00008979.,15,329,344
WBGene00008980.,56,556,612
WBGene00008981.,0,0,0
WBGene00008982.,0,0,0
WBGene00008983.,0,0,0
WBGene00008984.,0,0,0
WBGene00008985.,6,30,36
WBGene00008986.,108,334,442
WBGene00008987.,128,310,438
WBGene00008988.,6,25,31
WBGene00008989.,5,55,60
WBGene00008990.,34,379,413
WBGene00008991.,3,6,9
WBGene00008992.,0,23,23
WBGene00008993.,21,63,84
WBGene00008994.,0,11,11
WBGene00008995.,15,37,52
WBGene00008996.,15,114,129
WBGene00008997.,22,65,87
WBGene00008998.,157,615,772
WBGene00008999.,222,1016,1238
WBGene00009000.,3,7,10
WBGene00009001.,1,0,1
WBGene00009002.,88,595,683
WBGene00009004.,291,2578,2869
WBGene00009005.,3,8,11
WBGene00009006.,3,100,103
WBGene00009007.,15,236,251
WBGene00009008.,20,123,143
WBGene00009009.,6,60,66
WBGene00009010.,21,236,257
WBGene00009011.,30,301,331
WBGene00009012.,47,1018,1065
WBGene00009013.,53,1063,1116
WBGene00009014.,3,32,35
WBGene00009015.,4,5,9
WBGene00009016.,4,0,4
WBGene00009017.,0,0,0
WBGene00009018.,19,82,101
WBGene00009019.,0,3,3
WBGene00009020.,4,32,36
WBGene00009021.,0,0,0
WBGene00009023.,5,40,45
WBGene00009024.,0,3,3
WBGene00009025.,20,114,134
WBGene00009026.,7,53,60
WBGene00009027.,35,133,168
WBGene00009028.,4,4,8
WBGene00009029.,1,12,13
WBGene00009030.,8,31,39
WBGene00009031.,0,8,8
WBGene00009032.,0,0,0
WBGene00009033.,0,2,2
WBGene00009035.,8,22,30
WBGene00009036.,0,0,0
WBGene00009038.,2,0,2
WBGene00009039.,1,2,3
WBGene00009041.,0,12,12
WBGene00009042.,1,116,117
WBGene00009043.,3,3,6
WBGene00009044.,1,2,3
WBGene00009045.,11,595,606
WBGene00009046.,0,0,0
WBGene00009047.,0,0,0
WBGene00009048.,8,845,853
WBGene00009049.,54,852,906
WBGene00009050.,150,4340,4490
WBGene00009051.,453,2577,3030
WBGene00009052.,75,357,432
WBGene00009054.,38,86,124
WBGene00009055.,57,208,265
WBGene00009056.,392,1405,1797
WBGene00009057.,20,207,227
WBGene00009058.,30,1072,1102
WBGene00009059.,12,171,183
WBGene00009060.,41,112,153
WBGene00009061.,0,4,4
WBGene00009063.,0,0,0
WBGene00009064.,6,112,118
WBGene00009065.,67,347,414
WBGene00009067.,0,1,1
WBGene00009068.,4,34,38
WBGene00009069.,0,2230,2230
WBGene00009070.,445,12,457
WBGene00009071.,1,1,2
WBGene00009073.,3,7,10
WBGene00009075.,0,0,0
WBGene00009076.,0,0,0
WBGene00009077.,1,1,2
WBGene00009078.,493,1194,1687
WBGene00009079.,0,2,2
WBGene00009081.,27,185,212
WBGene00009082.,20,2470,2490
WBGene00009084.,57,933,990
WBGene00009085.,2,3,5
WBGene00009086.,0,1,1
WBGene00009087.,3,38,41
WBGene00009088.,0,0,0
WBGene00009089.,11,87,98
WBGene00009090.,7,208,215
WBGene00009091.,147,1624,1771
WBGene00009092.,130,2739,2869
WBGene00009093.,21,93,114
WBGene00009094.,37,234,271
WBGene00009095.,31,118,149
WBGene00009096.,183,8615,8798
WBGene00009097.,85,6503,6588
WBGene00009098.,156,588,744
WBGene00009099.,2,2,4
WBGene00009100.,15,179,194
WBGene00009101.,1,18,19
WBGene00009102.,3,23,26
WBGene00009103.,61,801,862
WBGene00009104.,0,0,0
WBGene00009106.,21,186,207
WBGene00009107.,27,47,74
WBGene00009108.,1,11,12
WBGene00009109.,24,68,92
WBGene00009110.,5,191,196
WBGene00009112.,7,299,306
WBGene00009113.,1,29,30
WBGene00009114.,0,2,2
WBGene00009115.,4,9,13
WBGene00009116.,23,232,255
WBGene00009117.,2,4,6
WBGene00009118.,34,591,625
WBGene00009119.,818,67201,68019
WBGene00009120.,59,366,425
WBGene00009121.,5,108,113
WBGene00009122.,1,67,68
WBGene00009123.,38,3163,3201
WBGene00009124.,34,100,134
WBGene00009125.,31,68,99
WBGene00009126.,92,3198,3290
WBGene00009127.,23,223,246
WBGene00009128.,0,416,416
WBGene00009129.,0,7,7
WBGene00009130.,7,4,11
WBGene00009131.,39,291,330
WBGene00009132.,15,453,468
WBGene00009133.,15,145,160
WBGene00009134.,2,1,3
WBGene00009135.,11,33,44
WBGene00009136.,1,9,10
WBGene00009137.,4,108,112
WBGene00009138.,5,286,291
WBGene00009139.,35,381,416
WBGene00009140.,44,190,234
WBGene00009141.,237,874,1111
WBGene00009142.,24,1452,1476
WBGene00009143.,0,9,9
WBGene00009144.,1,6,7
WBGene00009145.,84,210,294
WBGene00009146.,16,68,84
WBGene00009147.,3,3,6
WBGene00009148.,5,20,25
WBGene00009149.,0,0,0
WBGene00009150.,0,0,0
WBGene00009151.,0,0,0
WBGene00009152.,0,0,0
WBGene00009153.,6,9,15
WBGene00009154.,0,1,1
WBGene00009155.,24,66,90
WBGene00009156.,21,62,83
WBGene00009157.,59,204,263
WBGene00009158.,188,661,849
WBGene00009159.,9,210,219
WBGene00009160.,8,2,10
WBGene00009161.,856,12705,13561
WBGene00009162.,26,48,74
WBGene00009163.,26,90,116
WBGene00009164.,23,438,461
WBGene00009165.,1,152,153
WBGene00009166.,3,13,16
WBGene00009167.,0,0,0
WBGene00009168.,3,10,13
WBGene00009169.,1,6,7
WBGene00009170.,0,8,8
WBGene00009171.,1,0,1
WBGene00009172.,36,151,187
WBGene00009173.,2,3,5
WBGene00009174.,80,287,367
WBGene00009176.,5,159,164
WBGene00009177.,7,129,136
WBGene00009178.,4,10,14
WBGene00009179.,93,273,366
WBGene00009180.,810,5717,6527
WBGene00009182.,3,7,10
WBGene00009183.,3,14,17
WBGene00009184.,1,2,3
WBGene00009185.,0,4,4
WBGene00009186.,2,2,4
WBGene00009187.,697,2034,2731
WBGene00009188.,120,520,640
WBGene00009189.,393,2588,2981
WBGene00009190.,56,134,190
WBGene00009191.,1,182,183
WBGene00009192.,7,18,25
WBGene00009193.,2,2,4
WBGene00009194.,4,16,20
WBGene00009195.,0,1,1
WBGene00009196.,4,4,8
WBGene00009197.,1,0,1
WBGene00009200.,67,444,511
WBGene00009201.,20,301,321
WBGene00009202.,1,13,14
WBGene00009203.,1,18,19
WBGene00009204.,10,37,47
WBGene00009205.,10,45,55
WBGene00009206.,0,0,0
WBGene00009207.,32,537,569
WBGene00009208.,2,8,10
WBGene00009209.,0,3,3
WBGene00009210.,0,0,0
WBGene00009211.,11,822,833
WBGene00009212.,0,12,12
WBGene00009213.,0,2,2
WBGene00009214.,0,0,0
WBGene00009215.,0,2,2
WBGene00009216.,0,112,112
WBGene00009217.,17,25,42
WBGene00009218.,5,93,98
WBGene00009219.,117,701,818
WBGene00009220.,58,95,153
WBGene00009221.,62,2243,2305
WBGene00009222.,22,79,101
WBGene00009223.,9,116,125
WBGene00009224.,32,33,65
WBGene00009225.,4,17,21
WBGene00009226.,1,11,12
WBGene00009227.,0,2,2
WBGene00009228.,5,1,6
WBGene00009229.,2,1,3
WBGene00009230.,1,0,1
WBGene00009231.,11,51,62
WBGene00009232.,0,5,5
WBGene00009233.,25,90,115
WBGene00009234.,16,104,120
WBGene00009235.,0,2,2
WBGene00009236.,1,12,13
WBGene00009237.,2,107,109
WBGene00009238.,0,1,1
WBGene00009239.,2,9,11
WBGene00009240.,6,9,15
WBGene00009241.,3,117,120
WBGene00009242.,1,25,26
WBGene00009243.,13,147,160
WBGene00009245.,26,143,169
WBGene00009246.,48,2286,2334
WBGene00009247.,2,13,15
WBGene00009248.,0,0,0
WBGene00009249.,0,0,0
WBGene00009250.,2,38,40
WBGene00009251.,4,1,5
WBGene00009252.,3,0,3
WBGene00009254.,33,391,424
WBGene00009255.,5,20,25
WBGene00009256.,70,409,479
WBGene00009257.,6,14,20
WBGene00009258.,15,46,61
WBGene00009259.,10,160,170
WBGene00009260.,43,357,400
WBGene00009261.,1,5,6
WBGene00009262.,23,417,440
WBGene00009263.,19,39,58
WBGene00009264.,122,502,624
WBGene00009266.,50,1003,1053
WBGene00009267.,39,344,383
WBGene00009268.,2,17,19
WBGene00009269.,2,2,4
WBGene00009270.,5,84,89
WBGene00009271.,25,99,124
WBGene00009272.,1,74,75
WBGene00009274.,32,151,183
WBGene00009276.,26,329,355
WBGene00009277.,27,173,200
WBGene00009278.,5,60,65
WBGene00009279.,1,0,1
WBGene00009280.,0,14,14
WBGene00009281.,1,0,1
WBGene00009283.,5,35,40
WBGene00009284.,45,237,282
WBGene00009285.,17,287,304
WBGene00009286.,11,80,91
WBGene00009287.,54,126,180
WBGene00009288.,23,142,165
WBGene00009289.,12,351,363
WBGene00009290.,32,632,664
WBGene00009291.,23,66,89
WBGene00009292.,6,36,42
WBGene00009293.,0,33,33
WBGene00009294.,641,3189,3830
WBGene00009295.,0,0,0
WBGene00009296.,0,0,0
WBGene00009297.,0,0,0
WBGene00009298.,0,0,0
WBGene00009299.,9,21,30
WBGene00009300.,0,0,0
WBGene00009301.,0,1,1
WBGene00009302.,0,0,0
WBGene00009303.,0,4,4
WBGene00009304.,97,419,516
WBGene00009305.,38,303,341
WBGene00009306.,4,528,532
WBGene00009307.,18,1386,1404
WBGene00009308.,2,1,3
WBGene00009309.,0,1,1
WBGene00009310.,1,0,1
WBGene00009311.,0,7,7
WBGene00009312.,953,8,961
WBGene00009313.,1,0,1
WBGene00009314.,77,226,303
WBGene00009315.,115,249,364
WBGene00009316.,0,4,4
WBGene00009318.,3,8,11
WBGene00009319.,67,935,1002
WBGene00009320.,66,165,231
WBGene00009321.,0,0,0
WBGene00009322.,34,482,516
WBGene00009323.,7,259,266
WBGene00009324.,1,0,1
WBGene00009325.,61,124,185
WBGene00009326.,5,28,33
WBGene00009327.,0,2,2
WBGene00009328.,0,5,5
WBGene00009329.,33,219,252
WBGene00009330.,15,843,858
WBGene00009331.,1,12,13
WBGene00009332.,2,8,10
WBGene00009333.,18,405,423
WBGene00009334.,114,542,656
WBGene00009335.,25,45,70
WBGene00009336.,15,589,604
WBGene00009337.,179,862,1041
WBGene00009338.,0,1,1
WBGene00009339.,1,4,5
WBGene00009340.,208,1540,1748
WBGene00009341.,10,176,186
WBGene00009342.,147,4001,4148
WBGene00009343.,35,199,234
WBGene00009344.,0,0,0
WBGene00009345.,3,1,4
WBGene00009346.,19,60,79
WBGene00009347.,9,34,43
WBGene00009349.,0,89,89
WBGene00009350.,14,43,57
WBGene00009352.,15,374,389
WBGene00009353.,98,3475,3573
WBGene00009354.,59,134,193
WBGene00009355.,1,40,41
WBGene00009356.,1,12,13
WBGene00009357.,5,16,21
WBGene00009358.,128,817,945
WBGene00009359.,0,0,0
WBGene00009360.,1,6,7
WBGene00009361.,29,97,126
WBGene00009362.,0,0,0
WBGene00009363.,0,0,0
WBGene00009364.,5,191,196
WBGene00009365.,28,172,200
WBGene00009366.,15,139,154
WBGene00009367.,279,2238,2517
WBGene00009368.,46,257,303
WBGene00009369.,70,269,339
WBGene00009370.,29,71,100
WBGene00009371.,34,96,130
WBGene00009372.,49,216,265
WBGene00009373.,43,143,186
WBGene00009374.,103,1168,1271
WBGene00009375.,76,281,357
WBGene00009377.,0,0,0
WBGene00009378.,0,0,0
WBGene00009380.,14,300,314
WBGene00009381.,0,5,5
WBGene00009382.,4,6,10
WBGene00009383.,340,1784,2124
WBGene00009384.,1,18,19
WBGene00009385.,20,231,251
WBGene00009386.,0,49,49
WBGene00009387.,12,15,27
WBGene00009388.,838,3691,4529
WBGene00009389.,43,207,250
WBGene00009390.,8,33,41
WBGene00009391.,0,0,0
WBGene00009392.,0,1,1
WBGene00009393.,1,6,7
WBGene00009394.,37,251,288
WBGene00009395.,0,1,1
WBGene00009396.,7,14,21
WBGene00009397.,2,16,18
WBGene00009398.,0,2,2
WBGene00009399.,9,25,34
WBGene00009400.,7,32,39
WBGene00009401.,0,12,12
WBGene00009402.,0,10,10
WBGene00009403.,3,49,52
WBGene00009404.,3,115,118
WBGene00009405.,13,126,139
WBGene00009406.,116,507,623
WBGene00009408.,0,82,82
WBGene00009409.,0,179,179
WBGene00009410.,0,0,0
WBGene00009411.,0,0,0
WBGene00009412.,4,6,10
WBGene00009413.,0,1,1
WBGene00009414.,1,3,4
WBGene00009415.,0,1,1
WBGene00009416.,0,12,12
WBGene00009417.,0,0,0
WBGene00009418.,0,1,1
WBGene00009419.,0,0,0
WBGene00009420.,0,0,0
WBGene00009421.,0,0,0
WBGene00009422.,0,0,0
WBGene00009423.,0,981,981
WBGene00009424.,7,68,75
WBGene00009425.,1,0,1
WBGene00009426.,1,0,1
WBGene00009427.,0,2,2
WBGene00009428.,4,12,16
WBGene00009429.,1,10,11
WBGene00009430.,39,276,315
WBGene00009431.,8,48,56
WBGene00009432.,2,82,84
WBGene00009433.,12,78,90
WBGene00009434.,15,109,124
WBGene00009435.,12,134,146
WBGene00009436.,3,739,742
WBGene00009437.,6,14,20
WBGene00009438.,1,15,16
WBGene00009439.,184,820,1004
WBGene00009440.,64,1887,1951
WBGene00009441.,13,140,153
WBGene00009442.,4,27,31
WBGene00009443.,64,412,476
WBGene00009444.,21,318,339
WBGene00009445.,17,473,490
WBGene00009446.,0,0,0
WBGene00009447.,3,31,34
WBGene00009448.,14,152,166
WBGene00009449.,0,3,3
WBGene00009450.,16,516,532
WBGene00009451.,53,485,538
WBGene00009452.,87,303,390
WBGene00009453.,109,294,403
WBGene00009454.,1636,9713,11349
WBGene00009455.,97,742,839
WBGene00009456.,34,200,234
WBGene00009457.,0,0,0
WBGene00009458.,0,1,1
WBGene00009459.,0,1,1
WBGene00009460.,73,657,730
WBGene00009461.,38,123,161
WBGene00009462.,88,45,133
WBGene00009463.,0,0,0
WBGene00009464.,0,0,0
WBGene00009465.,1,8,9
WBGene00009466.,41,152,193
WBGene00009467.,2,3,5
WBGene00009468.,14,64,78
WBGene00009469.,9,70,79
WBGene00009470.,0,1,1
WBGene00009471.,1,3,4
WBGene00009472.,0,1,1
WBGene00009473.,0,0,0
WBGene00009474.,2,0,2
WBGene00009475.,231,1127,1358
WBGene00009476.,44,247,291
WBGene00009477.,155,651,806
WBGene00009478.,28,490,518
WBGene00009479.,23,230,253
WBGene00009480.,4,9,13
WBGene00009481.,1,46,47
WBGene00009482.,126,712,838
WBGene00009483.,1,103,104
WBGene00009484.,35,86,121
WBGene00009485.,1,20,21
WBGene00009486.,1,1,2
WBGene00009487.,0,0,0
WBGene00009488.,0,0,0
WBGene00009489.,0,0,0
WBGene00009490.,0,2,2
WBGene00009491.,0,0,0
WBGene00009492.,2,5,7
WBGene00009493.,1,45,46
WBGene00009494.,0,7,7
WBGene00009495.,2,81,83
WBGene00009496.,4,20,24
WBGene00009497.,1,1,2
WBGene00009498.,85,463,548
WBGene00009499.,36,277,313
WBGene00009500.,29,295,324
WBGene00009501.,0,0,0
WBGene00009502.,5,1,6
WBGene00009503.,23,601,624
WBGene00009504.,4,151,155
WBGene00009505.,7,163,170
WBGene00009507.,41,180,221
WBGene00009508.,51,251,302
WBGene00009509.,4,13,17
WBGene00009510.,1,21,22
WBGene00009511.,12,19,31
WBGene00009512.,14,454,468
WBGene00009513.,0,5,5
WBGene00009514.,2303,6816,9119
WBGene00009515.,3,4,7
WBGene00009517.,1,0,1
WBGene00009518.,4,12,16
WBGene00009519.,0,0,0
WBGene00009520.,0,0,0
WBGene00009521.,179,635,814
WBGene00009522.,3,9,12
WBGene00009523.,0,0,0
WBGene00009524.,0,0,0
WBGene00009525.,0,0,0
WBGene00009526.,2,3,5
WBGene00009527.,6,6,12
WBGene00009528.,15,26,41
WBGene00009529.,2,85,87
WBGene00009530.,30,38,68
WBGene00009531.,1130,4577,5707
WBGene00009532.,121,770,891
WBGene00009533.,5,111,116
WBGene00009534.,38,504,542
WBGene00009535.,4,2,6
WBGene00009536.,55,145,200
WBGene00009537.,0,7,7
WBGene00009538.,1,0,1
WBGene00009539.,0,0,0
WBGene00009540.,0,1,1
WBGene00009541.,20,16,36
WBGene00009542.,17,1222,1239
WBGene00009543.,11,36,47
WBGene00009544.,38,98,136
WBGene00009546.,0,1,1
WBGene00009547.,12,71,83
WBGene00009548.,0,3,3
WBGene00009549.,0,2,2
WBGene00009550.,0,0,0
WBGene00009551.,5,44,49
WBGene00009552.,27,239,266
WBGene00009553.,7,160,167
WBGene00009554.,3,241,244
WBGene00009555.,0,0,0
WBGene00009556.,8,192,200
WBGene00009557.,24,45,69
WBGene00009558.,53,281,334
WBGene00009559.,5,543,548
WBGene00009560.,6,38,44
WBGene00009561.,0,1,1
WBGene00009562.,230,1606,1836
WBGene00009563.,48,763,811
WBGene00009565.,66,419,485
WBGene00009566.,0,0,0
WBGene00009567.,0,1,1
WBGene00009568.,0,0,0
WBGene00009569.,0,0,0
WBGene00009570.,0,0,0
WBGene00009571.,0,1,1
WBGene00009572.,0,7,7
WBGene00009573.,0,2,2
WBGene00009574.,148,706,854
WBGene00009575.,7,1233,1240
WBGene00009576.,1,26,27
WBGene00009577.,1046,3867,4913
WBGene00009578.,210,3598,3808
WBGene00009579.,18,89,107
WBGene00009580.,21,1116,1137
WBGene00009581.,7,27,34
WBGene00009582.,17,61,78
WBGene00009583.,81,1258,1339
WBGene00009584.,326,2901,3227
WBGene00009585.,16,10,26
WBGene00009586.,26,442,468
WBGene00009587.,62,593,655
WBGene00009588.,1709,592,2301
WBGene00009589.,1164,785,1949
WBGene00009590.,0,0,0
WBGene00009592.,0,0,0
WBGene00009593.,1,1,2
WBGene00009594.,99,458,557
WBGene00009595.,9,15,24
WBGene00009596.,1,4,5
WBGene00009597.,2,16,18
WBGene00009598.,1,0,1
WBGene00009599.,0,0,0
WBGene00009600.,0,10,10
WBGene00009601.,25,90,115
WBGene00009602.,21,4,25
WBGene00009603.,0,1,1
WBGene00009604.,0,2,2
WBGene00009605.,0,0,0
WBGene00009606.,0,0,0
WBGene00009607.,1,1,2
WBGene00009608.,2,32,34
WBGene00009609.,0,0,0
WBGene00009610.,0,0,0
WBGene00009611.,10,26,36
WBGene00009612.,0,0,0
WBGene00009613.,0,0,0
WBGene00009614.,4,12,16
WBGene00009615.,0,0,0
WBGene00009616.,0,1,1
WBGene00009617.,6,51,57
WBGene00009618.,1,9,10
WBGene00009619.,9,108,117
WBGene00009620.,431,1212,1643
WBGene00009621.,0,3194,3194
WBGene00009622.,7,11,18
WBGene00009623.,205,130,335
WBGene00009624.,680,1628,2308
WBGene00009625.,3,8,11
WBGene00009626.,29,442,471
WBGene00009627.,8,83,91
WBGene00009628.,10,594,604
WBGene00009629.,16,95,111
WBGene00009630.,2,4,6
WBGene00009631.,0,1,1
WBGene00009632.,37,406,443
WBGene00009633.,0,8,8
WBGene00009634.,9,391,400
WBGene00009635.,16,101,117
WBGene00009636.,19,63,82
WBGene00009637.,0,154,154
WBGene00009638.,55,4140,4195
WBGene00009639.,1,430,431
WBGene00009640.,2,115,117
WBGene00009641.,1,1,2
WBGene00009642.,7,25,32
WBGene00009643.,0,0,0
WBGene00009644.,0,1,1
WBGene00009645.,60,184,244
WBGene00009646.,0,0,0
WBGene00009647.,10,27,37
WBGene00009648.,5,191,196
WBGene00009649.,18,21,39
WBGene00009650.,10,337,347
WBGene00009651.,1,0,1
WBGene00009652.,0,3,3
WBGene00009653.,26,96,122
WBGene00009654.,65,236,301
WBGene00009656.,1,21,22
WBGene00009657.,26,164,190
WBGene00009658.,0,4,4
WBGene00009659.,0,0,0
WBGene00009660.,162,789,951
WBGene00009661.,44,853,897
WBGene00009662.,0,2,2
WBGene00009663.,0,1,1
WBGene00009664.,118,4051,4169
WBGene00009665.,4,216,220
WBGene00009666.,18,475,493
WBGene00009667.,122,41,163
WBGene00009668.,29,486,515
WBGene00009670.,0,0,0
WBGene00009671.,84,746,830
WBGene00009672.,76,314,390
WBGene00009673.,21,73,94
WBGene00009674.,101,842,943
WBGene00009675.,4,12,16
WBGene00009676.,62,218,280
WBGene00009677.,3,57,60
WBGene00009678.,68,225,293
WBGene00009679.,16,51,67
WBGene00009680.,0,0,0
WBGene00009681.,0,5,5
WBGene00009682.,0,0,0
WBGene00009683.,0,1,1
WBGene00009684.,0,0,0
WBGene00009685.,0,2,2
WBGene00009686.,10,24,34
WBGene00009687.,0,0,0
WBGene00009688.,1025,6372,7397
WBGene00009689.,1,1,2
WBGene00009690.,4,3,7
WBGene00009691.,0,7048,7048
WBGene00009692.,0,5792,5792
WBGene00009693.,0,0,0
WBGene00009695.,2,1,3
WBGene00009696.,3,13,16
WBGene00009697.,0,9,9
WBGene00009698.,0,1,1
WBGene00009700.,40,180,220
WBGene00009701.,0,8,8
WBGene00009702.,10,28,38
WBGene00009704.,0,1,1
WBGene00009705.,0,0,0
WBGene00009706.,7,25,32
WBGene00009707.,0,1,1
WBGene00009708.,2,1,3
WBGene00009709.,5,6,11
WBGene00009710.,5,22,27
WBGene00009711.,94,589,683
WBGene00009712.,1,1978,1979
WBGene00009713.,351,695,1046
WBGene00009714.,0,16,16
WBGene00009715.,28,543,571
WBGene00009716.,7,25,32
WBGene00009717.,58,513,571
WBGene00009720.,1,4,5
WBGene00009721.,10,3,13
WBGene00009722.,5,601,606
WBGene00009723.,15,2008,2023
WBGene00009724.,18,1460,1478
WBGene00009725.,0,1,1
WBGene00009726.,25,87,112
WBGene00009727.,10,25,35
WBGene00009728.,0,13,13
WBGene00009729.,5,19,24
WBGene00009730.,161,866,1027
WBGene00009731.,15,137,152
WBGene00009732.,262,1941,2203
WBGene00009733.,7,98,105
WBGene00009734.,86,642,728
WBGene00009735.,14,71,85
WBGene00009736.,93,221,314
WBGene00009738.,20,64,84
WBGene00009739.,793,2515,3308
WBGene00009740.,257,4153,4410
WBGene00009741.,4,20,24
WBGene00009742.,0,108,108
WBGene00009743.,10,64,74
WBGene00009744.,12,153,165
WBGene00009745.,13,156,169
WBGene00009746.,0,0,0
WBGene00009747.,0,0,0
WBGene00009748.,0,3,3
WBGene00009749.,0,0,0
WBGene00009750.,0,0,0
WBGene00009751.,0,0,0
WBGene00009752.,2,5,7
WBGene00009753.,0,1,1
WBGene00009754.,1,7,8
WBGene00009755.,0,1,1
WBGene00009756.,0,0,0
WBGene00009757.,2,8,10
WBGene00009758.,1,0,1
WBGene00009759.,0,1,1
WBGene00009760.,0,2,2
WBGene00009761.,0,0,0
WBGene00009762.,0,0,0
WBGene00009763.,1,0,1
WBGene00009764.,0,1,1
WBGene00009765.,0,0,0
WBGene00009766.,0,0,0
WBGene00009767.,0,0,0
WBGene00009768.,8,21,29
WBGene00009769.,10,190,200
WBGene00009770.,25,212,237
WBGene00009771.,46,550,596
WBGene00009772.,120,5590,5710
WBGene00009773.,3,144,147
WBGene00009774.,2,109,111
WBGene00009775.,0,1,1
WBGene00009776.,29,182,211
WBGene00009777.,0,2,2
WBGene00009778.,3,62,65
WBGene00009779.,63,281,344
WBGene00009780.,23,50,73
WBGene00009781.,103,462,565
WBGene00009782.,24,90,114
WBGene00009783.,43,886,929
WBGene00009784.,20,527,547
WBGene00009785.,23,129,152
WBGene00009786.,1,2,3
WBGene00009787.,352,20057,20409
WBGene00009788.,0,1,1
WBGene00009789.,9,36,45
WBGene00009790.,17,94,111
WBGene00009791.,8,13,21
WBGene00009793.,8,598,606
WBGene00009796.,22,145,167
WBGene00009797.,94,892,986
WBGene00009798.,1,6,7
WBGene00009799.,23,220,243
WBGene00009800.,55,451,506
WBGene00009801.,26,197,223
WBGene00009802.,1,1,2
WBGene00009803.,62,383,445
WBGene00009804.,53,752,805
WBGene00009805.,0,0,0
WBGene00009806.,2,9,11
WBGene00009807.,1,2,3
WBGene00009808.,1,21,22
WBGene00009809.,12,64,76
WBGene00009810.,2,16,18
WBGene00009811.,0,0,0
WBGene00009812.,26,2538,2564
WBGene00009813.,63,560,623
WBGene00009814.,0,6,6
WBGene00009815.,0,0,0
WBGene00009816.,10,12,22
WBGene00009817.,0,0,0
WBGene00009818.,104,393,497
WBGene00009819.,11,134,145
WBGene00009820.,1,5,6
WBGene00009822.,10,17,27
WBGene00009823.,5,60,65
WBGene00009824.,1,28,29
WBGene00009825.,30,127,157
WBGene00009826.,6,19,25
WBGene00009827.,4,2,6
WBGene00009828.,5,2,7
WBGene00009829.,21,1634,1655
WBGene00009830.,0,4,4
WBGene00009831.,16,177,193
WBGene00009833.,0,2,2
WBGene00009834.,0,1,1
WBGene00009835.,5,10,15
WBGene00009836.,2,0,2
WBGene00009837.,0,2,2
WBGene00009838.,3,3,6
WBGene00009839.,0,2,2
WBGene00009840.,2,3,5
WBGene00009841.,0,0,0
WBGene00009842.,7,97,104
WBGene00009843.,8,215,223
WBGene00009844.,6,9,15
WBGene00009846.,10,24,34
WBGene00009848.,118,547,665
WBGene00009849.,2,2,4
WBGene00009850.,16,309,325
WBGene00009851.,6,464,470
WBGene00009852.,1,2,3
WBGene00009853.,0,0,0
WBGene00009854.,0,2,2
WBGene00009855.,0,0,0
WBGene00009856.,0,0,0
WBGene00009857.,0,0,0
WBGene00009858.,0,0,0
WBGene00009859.,1,0,1
WBGene00009860.,0,0,0
WBGene00009861.,0,2,2
WBGene00009862.,0,1,1
WBGene00009863.,0,0,0
WBGene00009864.,2,0,2
WBGene00009865.,13,81,94
WBGene00009866.,0,1,1
WBGene00009867.,2,7,9
WBGene00009868.,0,0,0
WBGene00009869.,0,0,0
WBGene00009871.,0,0,0
WBGene00009872.,0,7,7
WBGene00009873.,0,0,0
WBGene00009874.,0,2,2
WBGene00009875.,0,3,3
WBGene00009876.,5,11,16
WBGene00009877.,6,31,37
WBGene00009878.,6,297,303
WBGene00009879.,9,16,25
WBGene00009880.,174,1376,1550
WBGene00009881.,69,1585,1654
WBGene00009882.,28,1668,1696
WBGene00009883.,1,3,4
WBGene00009884.,0,5,5
WBGene00009885.,14,50,64
WBGene00009886.,15,69,84
WBGene00009887.,9,62,71
WBGene00009888.,1325,7603,8928
WBGene00009889.,15,42,57
WBGene00009890.,4,21,25
WBGene00009891.,2,2,4
WBGene00009892.,0,1,1
WBGene00009893.,0,0,0
WBGene00009894.,0,2,2
WBGene00009895.,8,12,20
WBGene00009896.,152,971,1123
WBGene00009897.,4,7,11
WBGene00009898.,0,4,4
WBGene00009899.,22,277,299
WBGene00009900.,1,30,31
WBGene00009901.,16,114,130
WBGene00009902.,1,10,11
WBGene00009903.,2,12,14
WBGene00009904.,3,16,19
WBGene00009905.,1,0,1
WBGene00009906.,0,0,0
WBGene00009907.,0,0,0
WBGene00009908.,2,2,4
WBGene00009909.,0,0,0
WBGene00009910.,0,0,0
WBGene00009911.,0,0,0
WBGene00009912.,0,0,0
WBGene00009913.,0,0,0
WBGene00009914.,0,0,0
WBGene00009915.,21,1527,1548
WBGene00009916.,7,47,54
WBGene00009917.,40,347,387
WBGene00009918.,12,855,867
WBGene00009919.,48,554,602
WBGene00009920.,270,2078,2348
WBGene00009921.,2,39,41
WBGene00009922.,18,143,161
WBGene00009923.,5,68,73
WBGene00009924.,20,276,296
WBGene00009925.,1,676,677
WBGene00009926.,62,1229,1291
WBGene00009927.,29,79,108
WBGene00009929.,1,3,4
WBGene00009930.,8,157,165
WBGene00009931.,3,46,49
WBGene00009933.,2,3,5
WBGene00009935.,8,133,141
WBGene00009936.,0,0,0
WBGene00009937.,60,219,279
WBGene00009938.,0,3,3
WBGene00009939.,14,152,166
WBGene00009940.,91,1186,1277
WBGene00009941.,0,0,0
WBGene00009942.,1,15,16
WBGene00009943.,37,89,126
WBGene00009944.,32,398,430
WBGene00009945.,129,726,855
WBGene00009946.,1,24,25
WBGene00009947.,43,244,287
WBGene00009948.,1,28,29
WBGene00009949.,9,25,34
WBGene00009950.,2,5,7
WBGene00009951.,26,94,120
WBGene00009952.,444,4231,4675
WBGene00009953.,35,83,118
WBGene00009954.,0,0,0
WBGene00009955.,1,159,160
WBGene00009956.,1,1,2
WBGene00009957.,23,293,316
WBGene00009958.,56,271,327
WBGene00009959.,0,1,1
WBGene00009960.,0,0,0
WBGene00009961.,0,0,0
WBGene00009962.,7,3,10
WBGene00009963.,2,7,9
WBGene00009964.,1,13,14
WBGene00009965.,18,73,91
WBGene00009966.,28,570,598
WBGene00009967.,3,15,18
WBGene00009968.,215,967,1182
WBGene00009969.,17,147,164
WBGene00009971.,7,20,27
WBGene00009972.,26,21,47
WBGene00009973.,406,2184,2590
WBGene00009974.,92,1026,1118
WBGene00009975.,266,552,818
WBGene00009976.,20,307,327
WBGene00009977.,16,159,175
WBGene00009978.,338,834,1172
WBGene00009979.,53,0,53
WBGene00009980.,47,841,888
WBGene00009981.,11,84,95
WBGene00009982.,31,9454,9485
WBGene00009983.,0,119,119
WBGene00009984.,29,77,106
WBGene00009985.,13,67,80
WBGene00009986.,9,65,74
WBGene00009987.,57,418,475
WBGene00009988.,10,7,17
WBGene00009990.,3,6,9
WBGene00009991.,3,13,16
WBGene00009992.,462,4806,5268
WBGene00009993.,3,2090,2093
WBGene00009994.,2,128,130
WBGene00009995.,14384,32744,47128
WBGene00009996.,19,339,358
WBGene00009997.,0,2,2
WBGene00009998.,0,0,0
WBGene00009999.,0,0,0
WBGene00010000.,0,2,2
WBGene00010001.,7,548,555
WBGene00010002.,20,174,194
WBGene00010003.,46,82,128
WBGene00010004.,10,8,18
WBGene00010005.,4,6,10
WBGene00010006.,273,148,421
WBGene00010007.,0,1,1
WBGene00010008.,10,24,34
WBGene00010009.,8,39,47
WBGene00010010.,14,82,96
WBGene00010011.,2,38,40
WBGene00010012.,374,1555,1929
WBGene00010013.,57,654,711
WBGene00010014.,0,5,5
WBGene00010015.,43,1967,2010
WBGene00010016.,1,1,2
WBGene00010017.,0,0,0
WBGene00010018.,0,13,13
WBGene00010019.,22,82,104
WBGene00010020.,0,2,2
WBGene00010021.,0,0,0
WBGene00010022.,0,1,1
WBGene00010023.,0,6,6
WBGene00010024.,0,0,0
WBGene00010025.,1,9,10
WBGene00010026.,0,1,1
WBGene00010027.,5,27,32
WBGene00010028.,11,266,277
WBGene00010030.,0,7,7
WBGene00010031.,2,90,92
WBGene00010032.,32,485,517
WBGene00010033.,58,268,326
WBGene00010034.,0,6,6
WBGene00010035.,0,11,11
WBGene00010036.,0,3,3
WBGene00010037.,93,1266,1359
WBGene00010038.,32,355,387
WBGene00010039.,23,78,101
WBGene00010040.,13,303,316
WBGene00010041.,0,36,36
WBGene00010042.,39,507,546
WBGene00010043.,34,109,143
WBGene00010044.,144,911,1055
WBGene00010045.,105,425,530
WBGene00010046.,4,7,11
WBGene00010047.,9,162,171
WBGene00010048.,19,98,117
WBGene00010049.,33,74,107
WBGene00010050.,14,27,41
WBGene00010051.,19,120,139
WBGene00010052.,20,869,889
WBGene00010053.,0,3,3
WBGene00010054.,0,85,85
WBGene00010055.,527,3337,3864
WBGene00010056.,3,252,255
WBGene00010057.,16,78,94
WBGene00010058.,2,2,4
WBGene00010059.,24,670,694
WBGene00010060.,8,22,30
WBGene00010061.,9,175,184
WBGene00010062.,5,11,16
WBGene00010063.,18,58,76
WBGene00010064.,1,36,37
WBGene00010065.,0,0,0
WBGene00010066.,0,3,3
WBGene00010067.,0,0,0
WBGene00010068.,1,7,8
WBGene00010069.,8,7,15
WBGene00010070.,71,281,352
WBGene00010071.,244,30,274
WBGene00010072.,21,25,46
WBGene00010073.,43,81,124
WBGene00010074.,19,53,72
WBGene00010075.,9,948,957
WBGene00010077.,26,58,84
WBGene00010079.,77,248,325
WBGene00010080.,18,159,177
WBGene00010081.,0,54,54
WBGene00010082.,1,153,154
WBGene00010083.,22,105,127
WBGene00010084.,0,0,0
WBGene00010085.,0,1,1
WBGene00010086.,433,43,476
WBGene00010087.,0,1,1
WBGene00010088.,9,23,32
WBGene00010089.,31,241,272
WBGene00010091.,0,0,0
WBGene00010092.,1,1,2
WBGene00010093.,6,205,211
WBGene00010094.,37,1477,1514
WBGene00010095.,1,8,9
WBGene00010096.,100,309,409
WBGene00010097.,39,739,778
WBGene00010098.,0,4,4
WBGene00010099.,0,1,1
WBGene00010100.,1,1,2
WBGene00010101.,0,0,0
WBGene00010102.,1,3,4
WBGene00010103.,2,0,2
WBGene00010104.,0,0,0
WBGene00010105.,0,2,2
WBGene00010106.,0,2,2
WBGene00010107.,0,1,1
WBGene00010108.,0,1,1
WBGene00010109.,25,347,372
WBGene00010110.,17,165,182
WBGene00010111.,39,193,232
WBGene00010112.,0,5,5
WBGene00010113.,21,109,130
WBGene00010114.,0,0,0
WBGene00010115.,74,215,289
WBGene00010116.,12,26,38
WBGene00010117.,66,932,998
WBGene00010118.,1,7,8
WBGene00010119.,1,4,5
WBGene00010120.,1,3,4
WBGene00010121.,0,1,1
WBGene00010122.,1,8,9
WBGene00010123.,3,18,21
WBGene00010124.,0,1,1
WBGene00010125.,1,3,4
WBGene00010126.,0,0,0
WBGene00010127.,0,0,0
WBGene00010128.,2,6,8
WBGene00010129.,0,0,0
WBGene00010130.,39,1703,1742
WBGene00010131.,6,171,177
WBGene00010132.,47,173,220
WBGene00010133.,261,248,509
WBGene00010134.,2,9,11
WBGene00010135.,1,430,431
WBGene00010136.,1,2,3
WBGene00010137.,44,58,102
WBGene00010138.,7,24,31
WBGene00010139.,53,1509,1562
WBGene00010140.,17,86,103
WBGene00010141.,34,125,159
WBGene00010142.,13,150,163
WBGene00010143.,1,46,47
WBGene00010144.,3,38,41
WBGene00010145.,1,1,2
WBGene00010146.,108,298,406
WBGene00010147.,1,0,1
WBGene00010148.,10,24,34
WBGene00010149.,0,0,0
WBGene00010150.,19,15,34
WBGene00010152.,0,2,2
WBGene00010153.,0,4,4
WBGene00010155.,3,11,14
WBGene00010157.,0,1,1
WBGene00010158.,0,0,0
WBGene00010159.,114,234,348
WBGene00010160.,101,242,343
WBGene00010161.,89,221,310
WBGene00010162.,0,0,0
WBGene00010163.,13,79,92
WBGene00010165.,6,5,11
WBGene00010166.,0,0,0
WBGene00010167.,1,1,2
WBGene00010168.,2,5,7
WBGene00010169.,0,1,1
WBGene00010170.,1,0,1
WBGene00010171.,0,0,0
WBGene00010172.,1,0,1
WBGene00010173.,1,2,3
WBGene00010174.,434,2379,2813
WBGene00010175.,68,226,294
WBGene00010176.,2,4,6
WBGene00010177.,86,881,967
WBGene00010178.,43,611,654
WBGene00010179.,54,166,220
WBGene00010180.,1,1,2
WBGene00010181.,0,0,0
WBGene00010182.,0,9,9
WBGene00010183.,0,3,3
WBGene00010184.,0,8,8
WBGene00010185.,0,5,5
WBGene00010186.,2,7,9
WBGene00010187.,4,5,9
WBGene00010188.,6,89,95
WBGene00010189.,1,5,6
WBGene00010191.,14,474,488
WBGene00010192.,3,158,161
WBGene00010193.,6,68,74
WBGene00010194.,0,9,9
WBGene00010195.,7,28,35
WBGene00010196.,0,2,2
WBGene00010197.,17,361,378
WBGene00010198.,19,91,110
WBGene00010199.,36,603,639
WBGene00010200.,34,39,73
WBGene00010202.,8,114,122
WBGene00010203.,0,3,3
WBGene00010204.,5,286,291
WBGene00010205.,4,42,46
WBGene00010206.,0,0,0
WBGene00010209.,0,5,5
WBGene00010212.,43,3,46
WBGene00010214.,24,55,79
WBGene00010215.,2,2,4
WBGene00010216.,0,0,0
WBGene00010217.,1,4,5
WBGene00010218.,1,2,3
WBGene00010219.,0,0,0
WBGene00010220.,0,4,4
WBGene00010221.,16,1058,1074
WBGene00010222.,10,27,37
WBGene00010223.,7,30,37
WBGene00010224.,22,65,87
WBGene00010225.,65,644,709
WBGene00010226.,0,2,2
WBGene00010227.,19,92,111
WBGene00010228.,4,2,6
WBGene00010229.,45,127,172
WBGene00010230.,68,966,1034
WBGene00010231.,137,1078,1215
WBGene00010232.,72,966,1038
WBGene00010233.,13,139,152
WBGene00010234.,1,398,399
WBGene00010235.,41,151,192
WBGene00010236.,20,415,435
WBGene00010237.,1,6,7
WBGene00010238.,9,43,52
WBGene00010239.,12,171,183
WBGene00010240.,0,0,0
WBGene00010241.,0,7,7
WBGene00010242.,41,104,145
WBGene00010243.,5,12,17
WBGene00010244.,70,2455,2525
WBGene00010245.,1,2,3
WBGene00010246.,0,13,13
WBGene00010247.,0,0,0
WBGene00010248.,8,32,40
WBGene00010249.,3,0,3
WBGene00010250.,8,6,14
WBGene00010251.,88,170,258
WBGene00010253.,4,12,16
WBGene00010254.,0,2,2
WBGene00010255.,0,1,1
WBGene00010256.,2,14,16
WBGene00010257.,1,7,8
WBGene00010258.,20,93,113
WBGene00010259.,179,759,938
WBGene00010260.,89,4149,4238
WBGene00010261.,0,1,1
WBGene00010262.,56,769,825
WBGene00010263.,0,25,25
WBGene00010264.,45,71,116
WBGene00010265.,0,1,1
WBGene00010266.,77,318,395
WBGene00010267.,5,22,27
WBGene00010268.,2,105,107
WBGene00010269.,6,550,556
WBGene00010270.,0,0,0
WBGene00010271.,0,1,1
WBGene00010272.,90,462,552
WBGene00010273.,2,7,9
WBGene00010274.,2,10,12
WBGene00010275.,25,97,122
WBGene00010276.,0,0,0
WBGene00010277.,0,9,9
WBGene00010278.,0,11,11
WBGene00010279.,53,603,656
WBGene00010280.,19,737,756
WBGene00010281.,4,49,53
WBGene00010282.,7,6,13
WBGene00010283.,14,93,107
WBGene00010284.,47,809,856
WBGene00010285.,8,26,34
WBGene00010286.,12,143,155
WBGene00010288.,14,209,223
WBGene00010289.,0,0,0
WBGene00010290.,17,622,639
WBGene00010291.,37,148,185
WBGene00010292.,0,1,1
WBGene00010293.,3,22,25
WBGene00010294.,2,17,19
WBGene00010295.,5,42,47
WBGene00010296.,1,27,28
WBGene00010297.,0,3,3
WBGene00010298.,0,0,0
WBGene00010299.,2,2,4
WBGene00010300.,0,1,1
WBGene00010301.,0,0,0
WBGene00010303.,200,7345,7545
WBGene00010304.,59,155,214
WBGene00010305.,49,489,538
WBGene00010306.,214,795,1009
WBGene00010307.,1,94,95
WBGene00010308.,17,134,151
WBGene00010309.,7,30,37
WBGene00010310.,1,54,55
WBGene00010311.,1,35,36
WBGene00010313.,8,10,18
WBGene00010314.,0,1,1
WBGene00010315.,24,41,65
WBGene00010316.,90,194,284
WBGene00010317.,83,5210,5293
WBGene00010318.,10,37,47
WBGene00010319.,15,148,163
WBGene00010320.,34,221,255
WBGene00010321.,34,235,269
WBGene00010322.,8,4,12
WBGene00010323.,0,1,1
WBGene00010324.,0,0,0
WBGene00010325.,9,294,303
WBGene00010326.,570,2416,2986
WBGene00010327.,59,119,178
WBGene00010328.,3,29,32
WBGene00010329.,19,217,236
WBGene00010330.,392646,20,392666
WBGene00010331.,33,78,111
WBGene00010332.,5,71,76
WBGene00010333.,145,1097,1242
WBGene00010334.,6,12,18
WBGene00010335.,184,408,592
WBGene00010336.,9,38,47
WBGene00010337.,618,2967,3585
WBGene00010338.,26,220,246
WBGene00010339.,3,302,305
WBGene00010340.,2,25,27
WBGene00010341.,5,12,17
WBGene00010342.,13,14,27
WBGene00010343.,0,0,0
WBGene00010344.,8,50,58
WBGene00010345.,13,17,30
WBGene00010348.,5,123,128
WBGene00010349.,4,45,49
WBGene00010350.,65,253,318
WBGene00010351.,3,23,26
WBGene00010352.,5,5,10
WBGene00010353.,0,11,11
WBGene00010354.,11,27,38
WBGene00010355.,0,0,0
WBGene00010356.,15,214,229
WBGene00010357.,20,176,196
WBGene00010358.,0,2,2
WBGene00010359.,1,1,2
WBGene00010360.,3,8,11
WBGene00010361.,1,1,2
WBGene00010362.,0,46,46
WBGene00010363.,9,27,36
WBGene00010364.,0,22,22
WBGene00010365.,0,0,0
WBGene00010366.,2,0,2
WBGene00010367.,5,27,32
WBGene00010368.,1,0,1
WBGene00010369.,69,643,712
WBGene00010370.,283,1071,1354
WBGene00010371.,0,7,7
WBGene00010372.,7,8,15
WBGene00010373.,1,8,9
WBGene00010374.,131,380,511
WBGene00010375.,8,89,97
WBGene00010376.,0,0,0
WBGene00010377.,0,0,0
WBGene00010378.,0,22,22
WBGene00010379.,0,0,0
WBGene00010380.,1,0,1
WBGene00010381.,0,0,0
WBGene00010382.,0,9,9
WBGene00010383.,26,95,121
WBGene00010385.,62,106,168
WBGene00010386.,29,41,70
WBGene00010387.,0,1,1
WBGene00010388.,0,1,1
WBGene00010389.,8,3,11
WBGene00010390.,0,0,0
WBGene00010391.,1,0,1
WBGene00010392.,2,1,3
WBGene00010394.,0,0,0
WBGene00010395.,0,0,0
WBGene00010396.,2,48,50
WBGene00010397.,8,144,152
WBGene00010399.,0,0,0
WBGene00010400.,0,0,0
WBGene00010401.,0,0,0
WBGene00010402.,4,6,10
WBGene00010403.,1,8,9
WBGene00010404.,0,0,0
WBGene00010405.,57,1274,1331
WBGene00010406.,25,785,810
WBGene00010407.,34,382,416
WBGene00010408.,30,467,497
WBGene00010409.,29,118,147
WBGene00010410.,0,0,0
WBGene00010411.,0,0,0
WBGene00010412.,0,1,1
WBGene00010413.,0,3,3
WBGene00010414.,2,2,4
WBGene00010415.,0,0,0
WBGene00010416.,78,628,706
WBGene00010417.,0,0,0
WBGene00010418.,7,284,291
WBGene00010419.,1025,27202,28227
WBGene00010420.,28,198,226
WBGene00010421.,13,85,98
WBGene00010422.,26,144,170
WBGene00010423.,3,7,10
WBGene00010424.,2,19,21
WBGene00010425.,78,2195,2273
WBGene00010426.,2,3,5
WBGene00010427.,146,159,305
WBGene00010428.,13,538,551
WBGene00010430.,0,0,0
WBGene00010431.,0,0,0
WBGene00010432.,0,5,5
WBGene00010433.,16,263,279
WBGene00010434.,6,19,25
WBGene00010435.,138,1144,1282
WBGene00010436.,0,51,51
WBGene00010437.,27,235,262
WBGene00010439.,10,152,162
WBGene00010440.,190,4394,4584
WBGene00010442.,63,149,212
WBGene00010444.,77,368,445
WBGene00010446.,1,8,9
WBGene00010447.,4,5,9
WBGene00010448.,9,80,89
WBGene00010449.,12,175,187
WBGene00010450.,50,508,558
WBGene00010451.,9,4,13
WBGene00010453.,7,74,81
WBGene00010454.,10,71,81
WBGene00010455.,9,32,41
WBGene00010456.,22,375,397
WBGene00010457.,1,26,27
WBGene00010458.,13,511,524
WBGene00010459.,2,187,189
WBGene00010460.,2,1,3
WBGene00010461.,0,9,9
WBGene00010463.,1,2,3
WBGene00010464.,0,2,2
WBGene00010465.,22,237,259
WBGene00010466.,0,3,3
WBGene00010467.,0,3,3
WBGene00010468.,1,11,12
WBGene00010469.,0,7,7
WBGene00010470.,44,241,285
WBGene00010471.,170,1038,1208
WBGene00010472.,4,332,336
WBGene00010473.,10,72,82
WBGene00010474.,0,0,0
WBGene00010475.,121,376,497
WBGene00010476.,15,331,346
WBGene00010477.,1,59,60
WBGene00010478.,29,5183,5212
WBGene00010479.,77,398,475
WBGene00010480.,165,969,1134
WBGene00010481.,4,248,252
WBGene00010483.,0,1,1
WBGene00010484.,42,443,485
WBGene00010485.,0,3,3
WBGene00010486.,1,0,1
WBGene00010487.,15,7,22
WBGene00010488.,347,1009,1356
WBGene00010491.,1,312,313
WBGene00010492.,1,1,2
WBGene00010493.,0,1,1
WBGene00010494.,0,1,1
WBGene00010495.,0,4,4
WBGene00010496.,35,357,392
WBGene00010497.,24,78,102
WBGene00010498.,16,96,112
WBGene00010499.,0,1,1
WBGene00010500.,119,663,782
WBGene00010501.,22,139,161
WBGene00010502.,18,226,244
WBGene00010503.,21,103,124
WBGene00010504.,8,124,132
WBGene00010505.,15,45,60
WBGene00010506.,2,18,20
WBGene00010507.,56,819,875
WBGene00010508.,2,1,3
WBGene00010509.,0,0,0
WBGene00010510.,4,0,4
WBGene00010511.,0,0,0
WBGene00010512.,253,1075,1328
WBGene00010513.,347,1026,1373
WBGene00010514.,408,1492,1900
WBGene00010515.,260,1279,1539
WBGene00010516.,62,256,318
WBGene00010517.,0,0,0
WBGene00010518.,0,0,0
WBGene00010519.,0,4,4
WBGene00010520.,5,75,80
WBGene00010521.,15,40,55
WBGene00010522.,3,64,67
WBGene00010523.,0,0,0
WBGene00010524.,0,68,68
WBGene00010525.,17,104,121
WBGene00010526.,0,0,0
WBGene00010527.,0,0,0
WBGene00010528.,0,0,0
WBGene00010529.,1,1,2
WBGene00010530.,1,4,5
WBGene00010531.,0,0,0
WBGene00010534.,0,1,1
WBGene00010535.,1,1,2
WBGene00010536.,0,0,0
WBGene00010537.,61,172,233
WBGene00010538.,1,16,17
WBGene00010539.,187,731,918
WBGene00010540.,7,13,20
WBGene00010541.,381,1137,1518
WBGene00010542.,1,116,117
WBGene00010543.,0,0,0
WBGene00010544.,0,1,1
WBGene00010545.,0,11,11
WBGene00010546.,1,84,85
WBGene00010547.,0,0,0
WBGene00010550.,23,269,292
WBGene00010551.,43,192,235
WBGene00010552.,5,85,90
WBGene00010553.,1,41,42
WBGene00010554.,2,3,5
WBGene00010555.,0,0,0
WBGene00010556.,2397,52198,54595
WBGene00010557.,6,297,303
WBGene00010558.,15,38,53
WBGene00010559.,0,25,25
WBGene00010560.,111,3259,3370
WBGene00010562.,40,287,327
WBGene00010563.,7,4,11
WBGene00010564.,66,509,575
WBGene00010565.,5,124,129
WBGene00010566.,6,43,49
WBGene00010567.,49,281,330
WBGene00010568.,0,6,6
WBGene00010569.,25,89,114
WBGene00010570.,0,0,0
WBGene00010571.,2,0,2
WBGene00010572.,5,77,82
WBGene00010573.,2,7,9
WBGene00010574.,1,7,8
WBGene00010575.,15,91,106
WBGene00010576.,0,0,0
WBGene00010577.,0,0,0
WBGene00010578.,0,0,0
WBGene00010579.,16,1249,1265
WBGene00010580.,4,7,11
WBGene00010581.,0,6,6
WBGene00010582.,118,576,694
WBGene00010583.,3,290,293
WBGene00010584.,1,1,2
WBGene00010585.,38,77,115
WBGene00010586.,1,4,5
WBGene00010587.,28,39,67
WBGene00010588.,0,0,0
WBGene00010589.,1,14,15
WBGene00010590.,0,0,0
WBGene00010591.,0,2,2
WBGene00010592.,4,40,44
WBGene00010593.,539,2352,2891
WBGene00010594.,11,26,37
WBGene00010595.,113,384,497
WBGene00010596.,0,2,2
WBGene00010597.,43,69,112
WBGene00010598.,0,3,3
WBGene00010599.,7,12,19
WBGene00010600.,2,1,3
WBGene00010601.,0,1,1
WBGene00010602.,0,2,2
WBGene00010603.,3,8,11
WBGene00010604.,0,11,11
WBGene00010605.,60,156,216
WBGene00010606.,0,6,6
WBGene00010607.,2,6,8
WBGene00010608.,17,73,90
WBGene00010609.,134,359,493
WBGene00010610.,118,404,522
WBGene00010611.,0,1,1
WBGene00010612.,0,2,2
WBGene00010613.,1,2,3
WBGene00010614.,1,7,8
WBGene00010615.,37,323,360
WBGene00010616.,105,1604,1709
WBGene00010617.,1,18,19
WBGene00010618.,0,0,0
WBGene00010619.,129,232,361
WBGene00010620.,36,409,445
WBGene00010621.,2,82,84
WBGene00010622.,20,206,226
WBGene00010623.,3,50,53
WBGene00010624.,174,908,1082
WBGene00010625.,63,367,430
WBGene00010626.,160,485,645
WBGene00010627.,820,6758,7578
WBGene00010628.,14,40,54
WBGene00010629.,56,503,559
WBGene00010630.,7,57,64
WBGene00010631.,93,669,762
WBGene00010632.,109,452,561
WBGene00010633.,0,1,1
WBGene00010634.,0,0,0
WBGene00010635.,0,2,2
WBGene00010636.,6,13,19
WBGene00010637.,0,14,14
WBGene00010638.,142,518,660
WBGene00010639.,219,1542,1761
WBGene00010640.,2,126,128
WBGene00010641.,18,378,396
WBGene00010642.,17,66,83
WBGene00010643.,19,75,94
WBGene00010644.,2,5,7
WBGene00010645.,64,525,589
WBGene00010646.,7,14,21
WBGene00010647.,5,145,150
WBGene00010648.,117,359,476
WBGene00010649.,113,296,409
WBGene00010650.,0,0,0
WBGene00010651.,0,0,0
WBGene00010652.,2,4,6
WBGene00010653.,0,0,0
WBGene00010654.,1,4,5
WBGene00010655.,0,1,1
WBGene00010656.,0,0,0
WBGene00010657.,0,14,14
WBGene00010658.,7,44,51
WBGene00010659.,3,10,13
WBGene00010660.,17,47,64
WBGene00010661.,8,68,76
WBGene00010662.,1,0,1
WBGene00010663.,20,64,84
WBGene00010664.,23,324,347
WBGene00010665.,132,1756,1888
WBGene00010666.,3,64,67
WBGene00010667.,19,169,188
WBGene00010669.,8,6,14
WBGene00010670.,14,943,957
WBGene00010671.,3,336,339
WBGene00010672.,0,0,0
WBGene00010673.,3,4,7
WBGene00010674.,3,87,90
WBGene00010675.,119,383,502
WBGene00010676.,27,241,268
WBGene00010677.,48,2389,2437
WBGene00010678.,24,75,99
WBGene00010679.,1,1,2
WBGene00010680.,0,8,8
WBGene00010681.,167,4352,4519
WBGene00010682.,0,25,25
WBGene00010683.,0,15,15
WBGene00010684.,3,0,3
WBGene00010685.,75,393,468
WBGene00010686.,4,38,42
WBGene00010687.,23,234,257
WBGene00010688.,1,0,1
WBGene00010689.,0,0,0
WBGene00010690.,0,1,1
WBGene00010691.,1,11,12
WBGene00010692.,0,2,2
WBGene00010693.,10,27,37
WBGene00010694.,3,1,4
WBGene00010697.,20,364,384
WBGene00010698.,0,1,1
WBGene00010699.,133,414,547
WBGene00010700.,44,605,649
WBGene00010701.,20,1015,1035
WBGene00010702.,19,79,98
WBGene00010703.,492,1991,2483
WBGene00010704.,10,92,102
WBGene00010705.,10,66,76
WBGene00010706.,0,2,2
WBGene00010707.,0,0,0
WBGene00010708.,4,24,28
WBGene00010709.,32,147,179
WBGene00010711.,0,79,79
WBGene00010712.,0,0,0
WBGene00010713.,114,356,470
WBGene00010714.,13,11,24
WBGene00010715.,0,0,0
WBGene00010716.,15,88,103
WBGene00010717.,2,6,8
WBGene00010718.,1,2,3
WBGene00010719.,0,1,1
WBGene00010720.,11,228,239
WBGene00010721.,29,369,398
WBGene00010722.,16,83,99
WBGene00010723.,0,38,38
WBGene00010724.,51,154,205
WBGene00010725.,18,215,233
WBGene00010726.,1,239,240
WBGene00010727.,64,1675,1739
WBGene00010728.,0,0,0
WBGene00010730.,7,709,716
WBGene00010731.,94,783,877
WBGene00010732.,70,561,631
WBGene00010733.,0,0,0
WBGene00010734.,20,58,78
WBGene00010735.,15,28,43
WBGene00010736.,101,888,989
WBGene00010737.,4,93,97
WBGene00010738.,14,544,558
WBGene00010740.,0,217,217
WBGene00010741.,1,44,45
WBGene00010742.,18,1180,1198
WBGene00010743.,2,2,4
WBGene00010744.,26,279,305
WBGene00010745.,0,6,6
WBGene00010746.,1,0,1
WBGene00010747.,1,0,1
WBGene00010748.,0,0,0
WBGene00010749.,0,13,13
WBGene00010750.,1,5,6
WBGene00010752.,1,1,2
WBGene00010753.,0,1,1
WBGene00010754.,0,0,0
WBGene00010755.,1,45,46
WBGene00010756.,28,226,254
WBGene00010757.,4,92,96
WBGene00010758.,14,177,191
WBGene00010759.,86,397,483
WBGene00010760.,1,2,3
WBGene00010761.,1,0,1
WBGene00010762.,1,1,2
WBGene00010763.,0,0,0
WBGene00010764.,0,0,0
WBGene00010765.,3,16,19
WBGene00010766.,42,694,736
WBGene00010767.,4,95,99
WBGene00010768.,10,16,26
WBGene00010769.,18,142,160
WBGene00010770.,23,99,122
WBGene00010771.,17,201,218
WBGene00010772.,416,647,1063
WBGene00010773.,161,699,860
WBGene00010774.,3,11,14
WBGene00010775.,0,6,6
WBGene00010776.,38,186,224
WBGene00010777.,0,0,0
WBGene00010778.,121,1453,1574
WBGene00010779.,3,4,7
WBGene00010780.,21,647,668
WBGene00010781.,7,22,29
WBGene00010782.,0,26,26
WBGene00010783.,156,918,1074
WBGene00010784.,23,60,83
WBGene00010785.,31,585,616
WBGene00010786.,5,4,9
WBGene00010787.,2,17,19
WBGene00010788.,2,22,24
WBGene00010789.,4,8,12
WBGene00010790.,248,10586,10834
WBGene00010791.,1,23,24
WBGene00010792.,13,29,42
WBGene00010793.,58,173,231
WBGene00010794.,240,3847,4087
WBGene00010795.,4,71,75
WBGene00010796.,126,564,690
WBGene00010797.,0,0,0
WBGene00010798.,0,0,0
WBGene00010799.,15,35,50
WBGene00010800.,0,0,0
WBGene00010801.,0,0,0
WBGene00010802.,0,0,0
WBGene00010803.,0,127,127
WBGene00010804.,0,0,0
WBGene00010805.,5,90,95
WBGene00010806.,35,544,579
WBGene00010807.,6,213,219
WBGene00010808.,0,0,0
WBGene00010809.,18,1033,1051
WBGene00010810.,69,331,400
WBGene00010811.,17,186,203
WBGene00010812.,205,1846,2051
WBGene00010813.,77,223,300
WBGene00010814.,26,68,94
WBGene00010815.,25,120,145
WBGene00010817.,0,0,0
WBGene00010818.,8,5,13
WBGene00010819.,0,3,3
WBGene00010820.,0,0,0
WBGene00010821.,0,0,0
WBGene00010822.,4,9,13
WBGene00010823.,1,1,2
WBGene00010824.,0,0,0
WBGene00010825.,1,2,3
WBGene00010827.,22,230,252
WBGene00010828.,141,614,755
WBGene00010829.,0,0,0
WBGene00010830.,4,54,58
WBGene00010831.,0,1,1
WBGene00010832.,0,2,2
WBGene00010833.,32,141,173
WBGene00010834.,16,614,630
WBGene00010835.,16,77,93
WBGene00010836.,2,17,19
WBGene00010837.,31,330,361
WBGene00010838.,89,252,341
WBGene00010839.,18,63,81
WBGene00010840.,115,329,444
WBGene00010842.,81,662,743
WBGene00010843.,14,31,45
WBGene00010844.,46,349,395
WBGene00010845.,81,674,755
WBGene00010846.,10,38,48
WBGene00010847.,35,402,437
WBGene00010848.,1,78,79
WBGene00010849.,68,72,140
WBGene00010850.,16,21,37
WBGene00010851.,4,19,23
WBGene00010854.,0,6,6
WBGene00010855.,10,0,10
WBGene00010856.,164,459,623
WBGene00010857.,10,14,24
WBGene00010858.,15,90,105
WBGene00010859.,5,11,16
WBGene00010862.,0,0,0
WBGene00010863.,2,6,8
WBGene00010864.,17,97,114
WBGene00010865.,21,49,70
WBGene00010866.,0,0,0
WBGene00010867.,35,370,405
WBGene00010868.,41,1575,1616
WBGene00010869.,0,11,11
WBGene00010870.,14,60,74
WBGene00010871.,9,33,42
WBGene00010872.,23,1027,1050
WBGene00010873.,12,79,91
WBGene00010874.,8,60,68
WBGene00010875.,41,267,308
WBGene00010876.,1,7,8
WBGene00010877.,55,307,362
WBGene00010878.,19,751,770
WBGene00010879.,57,1939,1996
WBGene00010880.,19,12,31
WBGene00010881.,10,37,47
WBGene00010882.,18,474,492
WBGene00010883.,1,1,2
WBGene00010884.,34,129,163
WBGene00010885.,0,1,1
WBGene00010886.,2,5,7
WBGene00010887.,165,656,821
WBGene00010888.,1393,3435,4828
WBGene00010889.,4,98,102
WBGene00010890.,53,504,557
WBGene00010891.,3,156,159
WBGene00010892.,5,107,112
WBGene00010893.,4,87,91
WBGene00010894.,1,0,1
WBGene00010895.,0,0,0
WBGene00010896.,280,10960,11240
WBGene00010897.,42,129,171
WBGene00010898.,25,75,100
WBGene00010899.,8,18,26
WBGene00010900.,0,0,0
WBGene00010901.,0,6,6
WBGene00010902.,48,259,307
WBGene00010904.,2,23,25
WBGene00010905.,91,1126,1217
WBGene00010906.,1,4,5
WBGene00010907.,17,70,87
WBGene00010908.,64,850,914
WBGene00010909.,110,915,1025
WBGene00010910.,77,124,201
WBGene00010911.,31,295,326
WBGene00010912.,50,921,971
WBGene00010913.,33,349,382
WBGene00010915.,0,0,0
WBGene00010916.,2,17,19
WBGene00010917.,2,7,9
WBGene00010918.,89,328,417
WBGene00010919.,35,24,59
WBGene00010920.,1,6,7
WBGene00010921.,0,9,9
WBGene00010922.,2,265,267
WBGene00010923.,63,505,568
WBGene00010924.,13,6,19
WBGene00010925.,4,3,7
WBGene00010926.,0,1,1
WBGene00010927.,1,4,5
WBGene00010928.,1,5,6
WBGene00010929.,0,0,0
WBGene00010930.,2,1,3
WBGene00010931.,2,19,21
WBGene00010932.,0,0,0
WBGene00010933.,0,1,1
WBGene00010934.,2,7,9
WBGene00010935.,0,92,92
WBGene00010936.,15,165,180
WBGene00010937.,3,5,8
WBGene00010938.,0,1,1
WBGene00010939.,0,3,3
WBGene00010940.,5,166,171
WBGene00010941.,63,353,416
WBGene00010942.,455,2286,2741
WBGene00010943.,5,120,125
WBGene00010944.,16,353,369
WBGene00010945.,0,30,30
WBGene00010946.,3,10,13
WBGene00010947.,1,127,128
WBGene00010948.,2,5,7
WBGene00010949.,2,3,5
WBGene00010950.,3,2,5
WBGene00010951.,17,77,94
WBGene00010952.,3,0,3
WBGene00010953.,0,0,0
WBGene00010954.,0,0,0
WBGene00010955.,0,0,0
WBGene00010956.,0,1,1
WBGene00010957.,0,66641,66641
WBGene00010958.,0,8394,8394
WBGene00010959.,0,6565,6565
WBGene00010960.,0,51569,51569
WBGene00010961.,0,5187,5187
WBGene00010962.,0,19855,19855
WBGene00010963.,0,8109,8109
WBGene00010964.,0,28409,28409
WBGene00010965.,0,13257,13257
WBGene00010966.,0,4860,4860
WBGene00010967.,0,5057,5057
WBGene00010968.,1,7,8
WBGene00010969.,0,2,2
WBGene00010970.,58,225,283
WBGene00010971.,2,54,56
WBGene00010972.,1,57,58
WBGene00010973.,9,31,40
WBGene00010974.,14,109,123
WBGene00010975.,32,128,160
WBGene00010976.,4,148,152
WBGene00010977.,3,26,29
WBGene00010978.,1,7,8
WBGene00010979.,9,20,29
WBGene00010980.,1,2,3
WBGene00010981.,33,152,185
WBGene00010982.,101,769,870
WBGene00010983.,13,7,20
WBGene00010984.,16,556,572
WBGene00010985.,7,33,40
WBGene00010986.,11,94,105
WBGene00010987.,0,3,3
WBGene00010988.,53,698,751
WBGene00010989.,0,22,22
WBGene00010990.,60,452,512
WBGene00010991.,1,8,9
WBGene00010992.,1,0,1
WBGene00010993.,20,1318,1338
WBGene00010994.,74,507,581
WBGene00010995.,1,5,6
WBGene00010996.,0,1,1
WBGene00010998.,1,6,7
WBGene00010999.,4,3,7
WBGene00011000.,6,7,13
WBGene00011001.,0,3,3
WBGene00011002.,8,31,39
WBGene00011003.,40,185,225
WBGene00011004.,84,226,310
WBGene00011005.,0,0,0
WBGene00011006.,0,22,22
WBGene00011007.,0,0,0
WBGene00011008.,2,0,2
WBGene00011009.,1,7,8
WBGene00011010.,0,2,2
WBGene00011011.,0,0,0
WBGene00011012.,0,0,0
WBGene00011013.,1,9,10
WBGene00011014.,15,55,70
WBGene00011015.,3520,16827,20347
WBGene00011016.,11,259,270
WBGene00011017.,5,662,667
WBGene00011018.,41,730,771
WBGene00011019.,455,3112,3567
WBGene00011020.,95,622,717
WBGene00011021.,104,468,572
WBGene00011022.,1,1,2
WBGene00011023.,0,0,0
WBGene00011024.,0,0,0
WBGene00011025.,0,2,2
WBGene00011026.,914,1664,2578
WBGene00011027.,13,31,44
WBGene00011028.,125,392,517
WBGene00011029.,133,407,540
WBGene00011030.,27,52,79
WBGene00011032.,45,592,637
WBGene00011033.,9,310,319
WBGene00011034.,14,279,293
WBGene00011035.,87,388,475
WBGene00011036.,26,163,189
WBGene00011037.,19,211,230
WBGene00011038.,170,1749,1919
WBGene00011039.,4,29,33
WBGene00011040.,12,61,73
WBGene00011041.,0,1,1
WBGene00011042.,0,24,24
WBGene00011043.,108,591,699
WBGene00011044.,34,57,91
WBGene00011045.,44,441,485
WBGene00011046.,1,4,5
WBGene00011047.,5,133,138
WBGene00011049.,1,6,7
WBGene00011050.,58,449,507
WBGene00011051.,14,476,490
WBGene00011052.,5,1,6
WBGene00011053.,2,1,3
WBGene00011054.,23,192,215
WBGene00011055.,68,499,567
WBGene00011056.,2,0,2
WBGene00011058.,79,274,353
WBGene00011059.,4486,24868,29354
WBGene00011060.,31,316,347
WBGene00011061.,11,131,142
WBGene00011062.,0,18,18
WBGene00011063.,9,21,30
WBGene00011064.,68,477,545
WBGene00011065.,5,50,55
WBGene00011066.,11,33,44
WBGene00011067.,17,173,190
WBGene00011068.,7,156,163
WBGene00011069.,0,47,47
WBGene00011070.,179,1708,1887
WBGene00011071.,41,296,337
WBGene00011072.,1569,6922,8491
WBGene00011073.,7,43,50
WBGene00011074.,12,40,52
WBGene00011075.,10,35,45
WBGene00011076.,1,11,12
WBGene00011077.,2,3,5
WBGene00011078.,0,1,1
WBGene00011079.,0,0,0
WBGene00011081.,1,15,16
WBGene00011082.,4,31,35
WBGene00011083.,7,11,18
WBGene00011084.,0,2,2
WBGene00011087.,10,70,80
WBGene00011088.,1,38,39
WBGene00011089.,6,194,200
WBGene00011090.,28,80,108
WBGene00011092.,16,74,90
WBGene00011093.,19,60,79
WBGene00011094.,3,39,42
WBGene00011095.,20,592,612
WBGene00011096.,3,4,7
WBGene00011097.,33,87,120
WBGene00011098.,3,7,10
WBGene00011099.,8,39,47
WBGene00011100.,12,24,36
WBGene00011101.,29,60,89
WBGene00011102.,7,117,124
WBGene00011103.,0,67,67
WBGene00011104.,4,0,4
WBGene00011105.,43,212,255
WBGene00011106.,29,472,501
WBGene00011107.,4,37,41
WBGene00011108.,27,118,145
WBGene00011109.,14,268,282
WBGene00011110.,531,1588,2119
WBGene00011111.,27,710,737
WBGene00011112.,3,168,171
WBGene00011113.,5,8,13
WBGene00011114.,0,2,2
WBGene00011115.,34,423,457
WBGene00011116.,67,659,726
WBGene00011117.,3,33,36
WBGene00011119.,620,2957,3577
WBGene00011120.,0,0,0
WBGene00011121.,5,68,73
WBGene00011122.,171,974,1145
WBGene00011123.,135,288,423
WBGene00011124.,1,64,65
WBGene00011127.,0,1,1
WBGene00011128.,23,2156,2179
WBGene00011129.,2,5,7
WBGene00011130.,1334,0,1334
WBGene00011131.,31,91,122
WBGene00011132.,0,0,0
WBGene00011133.,3,5,8
WBGene00011134.,0,1,1
WBGene00011135.,0,0,0
WBGene00011136.,0,5,5
WBGene00011137.,0,59,59
WBGene00011139.,44,259,303
WBGene00011140.,6,24,30
WBGene00011141.,33,114,147
WBGene00011142.,59,277,336
WBGene00011143.,35,199,234
WBGene00011144.,4,579,583
WBGene00011145.,20,144,164
WBGene00011146.,86,453,539
WBGene00011147.,15,49,64
WBGene00011149.,0,0,0
WBGene00011150.,1,0,1
WBGene00011151.,0,2,2
WBGene00011152.,0,0,0
WBGene00011153.,0,1,1
WBGene00011154.,14,241,255
WBGene00011155.,375,2342,2717
WBGene00011156.,7875,45834,53709
WBGene00011157.,0,0,0
WBGene00011158.,0,0,0
WBGene00011159.,0,1,1
WBGene00011160.,0,0,0
WBGene00011161.,0,2,2
WBGene00011162.,0,0,0
WBGene00011163.,2,1,3
WBGene00011164.,0,0,0
WBGene00011165.,0,0,0
WBGene00011166.,0,2,2
WBGene00011167.,0,0,0
WBGene00011168.,1,2,3
WBGene00011169.,0,0,0
WBGene00011170.,0,0,0
WBGene00011171.,14,53,67
WBGene00011172.,0,8,8
WBGene00011173.,0,0,0
WBGene00011174.,0,0,0
WBGene00011175.,1,1,2
WBGene00011176.,0,0,0
WBGene00011177.,0,0,0
WBGene00011178.,0,1,1
WBGene00011179.,17,106,123
WBGene00011180.,5,12,17
WBGene00011181.,1,56,57
WBGene00011182.,41,114,155
WBGene00011183.,0,1,1
WBGene00011184.,0,11,11
WBGene00011185.,3,49,52
WBGene00011186.,0,4,4
WBGene00011187.,0,2,2
WBGene00011188.,5,22,27
WBGene00011189.,8,32,40
WBGene00011190.,5,27,32
WBGene00011191.,0,4,4
WBGene00011192.,1,5,6
WBGene00011193.,14,296,310
WBGene00011194.,40,120,160
WBGene00011195.,6,553,559
WBGene00011196.,0,0,0
WBGene00011197.,2,10,12
WBGene00011198.,17,496,513
WBGene00011200.,1,2,3
WBGene00011201.,6,30,36
WBGene00011202.,1,4,5
WBGene00011203.,1,6,7
WBGene00011205.,105,571,676
WBGene00011206.,23,120,143
WBGene00011207.,2,2,4
WBGene00011208.,0,0,0
WBGene00011209.,0,0,0
WBGene00011210.,0,2,2
WBGene00011211.,4,0,4
WBGene00011212.,2,8,10
WBGene00011213.,3,0,3
WBGene00011214.,0,31,31
WBGene00011215.,16,37,53
WBGene00011216.,37,270,307
WBGene00011217.,28,87,115
WBGene00011218.,24,135,159
WBGene00011219.,0,3,3
WBGene00011220.,2,32,34
WBGene00011221.,55,373,428
WBGene00011222.,6,57,63
WBGene00011223.,35,184,219
WBGene00011224.,34,104,138
WBGene00011225.,7,70,77
WBGene00011226.,24,116,140
WBGene00011227.,1,96,97
WBGene00011228.,1,1,2
WBGene00011229.,0,0,0
WBGene00011230.,51,831,882
WBGene00011231.,8,384,392
WBGene00011232.,443,11481,11924
WBGene00011234.,0,4,4
WBGene00011235.,6,38,44
WBGene00011236.,3,54,57
WBGene00011237.,40,357,397
WBGene00011238.,4,10,14
WBGene00011239.,121,946,1067
WBGene00011240.,111,746,857
WBGene00011241.,7,20,27
WBGene00011242.,16,153,169
WBGene00011243.,0,6,6
WBGene00011244.,3,229,232
WBGene00011245.,0,0,0
WBGene00011246.,8,10,18
WBGene00011247.,235,1361,1596
WBGene00011248.,26,222,248
WBGene00011249.,0,2,2
WBGene00011250.,6,375,381
WBGene00011251.,17,55,72
WBGene00011252.,0,1,1
WBGene00011253.,12,257,269
WBGene00011254.,18,780,798
WBGene00011255.,7,9,16
WBGene00011257.,0,0,0
WBGene00011258.,5,47,52
WBGene00011259.,93,553,646
WBGene00011260.,2,13,15
WBGene00011261.,92,90,182
WBGene00011262.,8,23,31
WBGene00011263.,3,371,374
WBGene00011264.,2,10,12
WBGene00011265.,1,91,92
WBGene00011266.,2,28,30
WBGene00011267.,0,22,22
WBGene00011268.,70,198,268
WBGene00011269.,7,9,16
WBGene00011270.,91,1369,1460
WBGene00011271.,27,157,184
WBGene00011272.,17,245,262
WBGene00011273.,1428,19837,21265
WBGene00011274.,53,226,279
WBGene00011275.,29,101,130
WBGene00011276.,16,446,462
WBGene00011277.,0,3,3
WBGene00011278.,0,14,14
WBGene00011279.,98,954,1052
WBGene00011280.,19,291,310
WBGene00011281.,122,503,625
WBGene00011282.,100,636,736
WBGene00011283.,175,946,1121
WBGene00011284.,9,380,389
WBGene00011285.,20,94,114
WBGene00011286.,30,136,166
WBGene00011287.,13,120,133
WBGene00011288.,1,59,60
WBGene00011289.,8,2108,2116
WBGene00011290.,1,0,1
WBGene00011291.,16,54,70
WBGene00011292.,79,595,674
WBGene00011293.,2,5,7
WBGene00011294.,0,0,0
WBGene00011295.,0,0,0
WBGene00011296.,1,8,9
WBGene00011297.,0,0,0
WBGene00011298.,36,202,238
WBGene00011299.,49,322,371
WBGene00011300.,64,1588,1652
WBGene00011302.,117,423,540
WBGene00011303.,180,660,840
WBGene00011304.,664,2602,3266
WBGene00011305.,7,123,130
WBGene00011306.,30,276,306
WBGene00011307.,65,231,296
WBGene00011308.,122,738,860
WBGene00011309.,522,1249,1771
WBGene00011310.,1,70,71
WBGene00011311.,82,652,734
WBGene00011312.,7,282,289
WBGene00011313.,1,19,20
WBGene00011314.,19,73,92
WBGene00011315.,7,72,79
WBGene00011317.,18,191,209
WBGene00011318.,4,67,71
WBGene00011319.,35,171,206
WBGene00011320.,1,3,4
WBGene00011321.,0,15,15
WBGene00011322.,0,1,1
WBGene00011323.,61,349,410
WBGene00011324.,0,71,71
WBGene00011325.,5,14,19
WBGene00011326.,66,302,368
WBGene00011327.,0,4,4
WBGene00011328.,46,212,258
WBGene00011329.,11,209,220
WBGene00011330.,6,94,100
WBGene00011331.,19,858,877
WBGene00011333.,40,426,466
WBGene00011334.,28,846,874
WBGene00011335.,0,20,20
WBGene00011336.,0,0,0
WBGene00011337.,100,1399,1499
WBGene00011338.,43,330,373
WBGene00011339.,19,57,76
WBGene00011340.,0,15,15
WBGene00011341.,0,2,2
WBGene00011342.,2,1,3
WBGene00011344.,71,315,386
WBGene00011345.,0,139,139
WBGene00011346.,0,0,0
WBGene00011348.,51,173,224
WBGene00011349.,65,399,464
WBGene00011350.,0,9,9
WBGene00011351.,3,15,18
WBGene00011352.,69,673,742
WBGene00011353.,62,188,250
WBGene00011354.,1,4,5
WBGene00011355.,2,21,23
WBGene00011356.,1,2,3
WBGene00011357.,0,0,0
WBGene00011358.,1,0,1
WBGene00011359.,2,0,2
WBGene00011360.,3,6,9
WBGene00011361.,5,25,30
WBGene00011362.,0,2,2
WBGene00011363.,0,10,10
WBGene00011364.,2,6,8
WBGene00011365.,0,1,1
WBGene00011366.,5,53,58
WBGene00011367.,20,197,217
WBGene00011368.,19,162,181
WBGene00011369.,2,7,9
WBGene00011371.,16,65,81
WBGene00011372.,72,109,181
WBGene00011373.,0,0,0
WBGene00011374.,988,2729,3717
WBGene00011375.,56,206,262
WBGene00011376.,4,31,35
WBGene00011378.,5,11,16
WBGene00011379.,0,2,2
WBGene00011380.,21,94,115
WBGene00011381.,3,56,59
WBGene00011382.,16,157,173
WBGene00011383.,60,972,1032
WBGene00011386.,0,1,1
WBGene00011387.,0,0,0
WBGene00011388.,0,0,0
WBGene00011389.,0,0,0
WBGene00011390.,0,0,0
WBGene00011391.,267,856,1123
WBGene00011392.,100,5658,5758
WBGene00011393.,24,241,265
WBGene00011394.,4,16,20
WBGene00011395.,1,1,2
WBGene00011396.,1,10,11
WBGene00011397.,0,3,3
WBGene00011398.,234,1338,1572
WBGene00011399.,0,85,85
WBGene00011400.,30,73,103
WBGene00011401.,0,2,2
WBGene00011402.,6,8,14
WBGene00011403.,1,1,2
WBGene00011404.,7,35,42
WBGene00011405.,1,44,45
WBGene00011407.,31,156,187
WBGene00011408.,176,1146,1322
WBGene00011409.,15,1002,1017
WBGene00011410.,3,233,236
WBGene00011411.,2,117,119
WBGene00011412.,106,1079,1185
WBGene00011414.,1,1,2
WBGene00011415.,7,62,69
WBGene00011416.,0,0,0
WBGene00011417.,0,0,0
WBGene00011418.,0,0,0
WBGene00011419.,0,3,3
WBGene00011420.,0,0,0
WBGene00011421.,0,1,1
WBGene00011422.,65,250,315
WBGene00011423.,40,367,407
WBGene00011424.,4,14,18
WBGene00011425.,14,18,32
WBGene00011426.,9,20,29
WBGene00011427.,5,8,13
WBGene00011428.,125,1839,1964
WBGene00011429.,4,15,19
WBGene00011430.,5,31,36
WBGene00011431.,2,13,15
WBGene00011432.,0,1,1
WBGene00011433.,124,549,673
WBGene00011434.,11,144,155
WBGene00011435.,1,7,8
WBGene00011436.,41,496,537
WBGene00011437.,3,54,57
WBGene00011438.,0,0,0
WBGene00011439.,12,30,42
WBGene00011440.,4,300,304
WBGene00011441.,20,225,245
WBGene00011442.,18,63,81
WBGene00011443.,4,71,75
WBGene00011444.,23,167,190
WBGene00011445.,8,24,32
WBGene00011446.,13,759,772
WBGene00011447.,16,42,58
WBGene00011448.,7,21,28
WBGene00011449.,23,629,652
WBGene00011450.,0,24,24
WBGene00011451.,14,67,81
WBGene00011452.,15,51,66
WBGene00011453.,6,38,44
WBGene00011454.,13,37,50
WBGene00011456.,49,121,170
WBGene00011458.,5,9,14
WBGene00011459.,2,1,3
WBGene00011460.,26,34,60
WBGene00011462.,3,16,19
WBGene00011463.,11,45,56
WBGene00011464.,24,150,174
WBGene00011465.,7,94,101
WBGene00011466.,2,4,6
WBGene00011467.,0,0,0
WBGene00011468.,3,1,4
WBGene00011469.,0,0,0
WBGene00011470.,0,0,0
WBGene00011471.,3,39,42
WBGene00011472.,0,0,0
WBGene00011473.,5,67,72
WBGene00011474.,21,13554,13575
WBGene00011475.,1,48,49
WBGene00011476.,6,56,62
WBGene00011478.,0,0,0
WBGene00011479.,29,330,359
WBGene00011480.,412,4170,4582
WBGene00011481.,10,2593,2603
WBGene00011482.,4,133,137
WBGene00011483.,1,4,5
WBGene00011484.,7,384,391
WBGene00011485.,0,0,0
WBGene00011486.,0,0,0
WBGene00011487.,4,13,17
WBGene00011488.,108,619,727
WBGene00011489.,11,39,50
WBGene00011490.,40,320,360
WBGene00011491.,0,1,1
WBGene00011492.,3,4,7
WBGene00011493.,0,3,3
WBGene00011494.,0,0,0
WBGene00011495.,3,43,46
WBGene00011497.,30,156,186
WBGene00011498.,482,2101,2583
WBGene00011499.,2,3,5
WBGene00011500.,23,234,257
WBGene00011501.,2,63,65
WBGene00011502.,5,243,248
WBGene00011503.,98,291,389
WBGene00011505.,0,0,0
WBGene00011506.,0,1,1
WBGene00011507.,52,776,828
WBGene00011508.,0,0,0
WBGene00011509.,0,39,39
WBGene00011510.,217,2252,2469
WBGene00011511.,147,400,547
WBGene00011512.,7,48,55
WBGene00011513.,1,24,25
WBGene00011514.,0,3,3
WBGene00011515.,0,0,0
WBGene00011516.,0,0,0
WBGene00011517.,18,65,83
WBGene00011518.,1,0,1
WBGene00011519.,1,11,12
WBGene00011520.,31,122,153
WBGene00011521.,0,4,4
WBGene00011522.,57,1191,1248
WBGene00011523.,1,5,6
WBGene00011524.,12,74,86
WBGene00011526.,57,695,752
WBGene00011527.,13,1241,1254
WBGene00011528.,26,327,353
WBGene00011529.,16,479,495
WBGene00011530.,3,13,16
WBGene00011531.,75,2363,2438
WBGene00011532.,101,396,497
WBGene00011533.,0,0,0
WBGene00011534.,3,9,12
WBGene00011535.,0,20,20
WBGene00011536.,0,8,8
WBGene00011537.,0,36,36
WBGene00011538.,39,655,694
WBGene00011539.,0,4,4
WBGene00011540.,5,10,15
WBGene00011541.,1,0,1
WBGene00011542.,0,1,1
WBGene00011543.,13,176,189
WBGene00011544.,2,2,4
WBGene00011545.,3,57,60
WBGene00011546.,7,35,42
WBGene00011547.,0,1,1
WBGene00011548.,7,38,45
WBGene00011549.,0,2,2
WBGene00011550.,0,0,0
WBGene00011551.,24,107,131
WBGene00011554.,19,31,50
WBGene00011556.,0,7,7
WBGene00011557.,0,3,3
WBGene00011558.,0,1304,1304
WBGene00011559.,55,287,342
WBGene00011560.,5,86,91
WBGene00011561.,98,2580,2678
WBGene00011562.,28,135,163
WBGene00011563.,2,5,7
WBGene00011564.,496,1648,2144
WBGene00011565.,0,5,5
WBGene00011566.,4,12,16
WBGene00011567.,0,0,0
WBGene00011568.,0,4,4
WBGene00011570.,0,0,0
WBGene00011571.,88,952,1040
WBGene00011572.,11,21,32
WBGene00011573.,24,1113,1137
WBGene00011574.,0,3,3
WBGene00011575.,7,52,59
WBGene00011576.,11,52,63
WBGene00011577.,0,0,0
WBGene00011578.,3,8,11
WBGene00011579.,62,432,494
WBGene00011580.,24,301,325
WBGene00011581.,0,12,12
WBGene00011582.,9,8,17
WBGene00011583.,0,0,0
WBGene00011584.,0,0,0
WBGene00011585.,0,0,0
WBGene00011586.,24,536,560
WBGene00011587.,2,24,26
WBGene00011589.,12,184,196
WBGene00011590.,23,102,125
WBGene00011591.,3,15,18
WBGene00011592.,14,24,38
WBGene00011593.,3,109,112
WBGene00011594.,1,3,4
WBGene00011595.,0,0,0
WBGene00011596.,4,33,37
WBGene00011597.,14,17,31
WBGene00011599.,0,85,85
WBGene00011600.,0,12,12
WBGene00011601.,10,27,37
WBGene00011604.,75,319,394
WBGene00011605.,70,892,962
WBGene00011606.,6,14,20
WBGene00011607.,2,10,12
WBGene00011608.,1,40,41
WBGene00011609.,0,0,0
WBGene00011610.,0,10,10
WBGene00011611.,2,6,8
WBGene00011612.,9,3,12
WBGene00011613.,9,17,26
WBGene00011614.,1,34,35
WBGene00011615.,0,55,55
WBGene00011616.,0,0,0
WBGene00011617.,0,0,0
WBGene00011618.,0,1,1
WBGene00011619.,1,0,1
WBGene00011620.,0,0,0
WBGene00011621.,0,0,0
WBGene00011622.,3,2,5
WBGene00011623.,20,76,96
WBGene00011624.,103,304,407
WBGene00011625.,8,157,165
WBGene00011626.,0,0,0
WBGene00011627.,0,0,0
WBGene00011628.,0,0,0
WBGene00011629.,181,2471,2652
WBGene00011630.,9,40,49
WBGene00011631.,198,715,913
WBGene00011633.,7,50,57
WBGene00011634.,79,598,677
WBGene00011635.,13,265,278
WBGene00011636.,71,376,447
WBGene00011637.,52,239,291
WBGene00011638.,24,1921,1945
WBGene00011639.,125,685,810
WBGene00011640.,4,64,68
WBGene00011641.,0,605,605
WBGene00011642.,0,12,12
WBGene00011643.,0,8,8
WBGene00011644.,8,49,57
WBGene00011645.,9,113,122
WBGene00011646.,0,3,3
WBGene00011647.,144,1031,1175
WBGene00011648.,46,320,366
WBGene00011649.,4,1,5
WBGene00011650.,0,0,0
WBGene00011651.,0,0,0
WBGene00011652.,0,0,0
WBGene00011653.,0,0,0
WBGene00011654.,0,0,0
WBGene00011655.,0,0,0
WBGene00011656.,0,2,2
WBGene00011657.,0,2,2
WBGene00011658.,0,0,0
WBGene00011659.,0,0,0
WBGene00011660.,0,1,1
WBGene00011661.,33,584,617
WBGene00011662.,20,488,508
WBGene00011663.,29,123,152
WBGene00011664.,11,92,103
WBGene00011665.,0,7,7
WBGene00011666.,0,0,0
WBGene00011668.,0,1,1
WBGene00011669.,1,1,2
WBGene00011670.,0,3,3
WBGene00011671.,1,0,1
WBGene00011672.,26,173,199
WBGene00011673.,1,19,20
WBGene00011674.,1,3,4
WBGene00011675.,1,7,8
WBGene00011676.,20,317,337
WBGene00011677.,2,16,18
WBGene00011678.,20,117,137
WBGene00011679.,45,1935,1980
WBGene00011680.,12,129,141
WBGene00011681.,34,926,960
WBGene00011682.,24,137,161
WBGene00011683.,247,852,1099
WBGene00011684.,0,20,20
WBGene00011685.,0,0,0
WBGene00011686.,0,0,0
WBGene00011687.,4,691,695
WBGene00011688.,8,184,192
WBGene00011689.,5,9,14
WBGene00011690.,0,0,0
WBGene00011691.,0,1,1
WBGene00011692.,571,2981,3552
WBGene00011693.,1,24,25
WBGene00011694.,178,466,644
WBGene00011695.,9,16,25
WBGene00011696.,74,485,559
WBGene00011697.,1,3,4
WBGene00011698.,3,9,12
WBGene00011699.,1,6,7
WBGene00011701.,0,12,12
WBGene00011702.,2,9,11
WBGene00011703.,1,1,2
WBGene00011704.,0,0,0
WBGene00011705.,3,35,38
WBGene00011706.,3,47,50
WBGene00011707.,0,18,18
WBGene00011708.,1046,3562,4608
WBGene00011709.,2,23,25
WBGene00011710.,0,0,0
WBGene00011712.,0,8,8
WBGene00011713.,3,135,138
WBGene00011714.,0,0,0
WBGene00011715.,0,0,0
WBGene00011716.,0,1,1
WBGene00011717.,6,159,165
WBGene00011718.,34,85,119
WBGene00011719.,20,125,145
WBGene00011720.,78,335,413
WBGene00011721.,1,0,1
WBGene00011722.,71,615,686
WBGene00011723.,61,955,1016
WBGene00011724.,0,0,0
WBGene00011725.,6,52,58
WBGene00011726.,70,263,333
WBGene00011727.,28,232,260
WBGene00011728.,6,11,17
WBGene00011729.,42,547,589
WBGene00011730.,34,2180,2214
WBGene00011731.,6,140,146
WBGene00011732.,309,932,1241
WBGene00011733.,2,112,114
WBGene00011734.,107,1548,1655
WBGene00011735.,157,1591,1748
WBGene00011736.,222,3293,3515
WBGene00011737.,66,943,1009
WBGene00011738.,9,175,184
WBGene00011739.,0,53,53
WBGene00011740.,230,823,1053
WBGene00011741.,4,13,17
WBGene00011742.,22,319,341
WBGene00011743.,185,1224,1409
WBGene00011744.,7,35,42
WBGene00011745.,13,48,61
WBGene00011746.,8,36,44
WBGene00011747.,23,286,309
WBGene00011748.,0,0,0
WBGene00011749.,0,2,2
WBGene00011750.,1,3,4
WBGene00011751.,0,2,2
WBGene00011752.,6,19,25
WBGene00011753.,2,4,6
WBGene00011754.,2,8,10
WBGene00011755.,304,1087,1391
WBGene00011756.,8,122,130
WBGene00011757.,3,10,13
WBGene00011758.,63,716,779
WBGene00011759.,12,1167,1179
WBGene00011760.,15,288,303
WBGene00011761.,14,231,245
WBGene00011762.,8,66,74
WBGene00011763.,93,1965,2058
WBGene00011765.,47,175,222
WBGene00011767.,404,842,1246
WBGene00011768.,6,234,240
WBGene00011770.,0,4,4
WBGene00011771.,202,1332,1534
WBGene00011772.,12,31,43
WBGene00011773.,8,218,226
WBGene00011774.,73,285,358
WBGene00011775.,199,1280,1479
WBGene00011776.,3,152,155
WBGene00011777.,0,27,27
WBGene00011778.,0,0,0
WBGene00011779.,0,0,0
WBGene00011780.,0,0,0
WBGene00011781.,0,0,0
WBGene00011782.,1,0,1
WBGene00011783.,0,0,0
WBGene00011784.,0,0,0
WBGene00011785.,2,1,3
WBGene00011786.,0,2,2
WBGene00011788.,8,50,58
WBGene00011789.,7,19,26
WBGene00011790.,1,2,3
WBGene00011791.,0,0,0
WBGene00011793.,13,53,66
WBGene00011794.,29,275,304
WBGene00011795.,5,11,16
WBGene00011796.,4,41,45
WBGene00011797.,1,6,7
WBGene00011798.,8,49,57
WBGene00011799.,2,11,13
WBGene00011800.,13,40,53
WBGene00011801.,8,55,63
WBGene00011802.,20,312,332
WBGene00011803.,3,24,27
WBGene00011804.,1,3,4
WBGene00011805.,0,10,10
WBGene00011806.,18,257,275
WBGene00011807.,44,229,273
WBGene00011808.,0,0,0
WBGene00011809.,0,0,0
WBGene00011810.,1,1,2
WBGene00011811.,0,6,6
WBGene00011812.,1,9,10
WBGene00011813.,17,199,216
WBGene00011814.,13,52,65
WBGene00011815.,43,561,604
WBGene00011816.,0,2,2
WBGene00011817.,21,71,92
WBGene00011818.,2,1,3
WBGene00011819.,11,83,94
WBGene00011820.,7,161,168
WBGene00011821.,0,20,20
WBGene00011822.,66,286,352
WBGene00011823.,0,52,52
WBGene00011824.,36,161,197
WBGene00011826.,34,51,85
WBGene00011827.,152,359,511
WBGene00011828.,1,221,222
WBGene00011829.,9,26,35
WBGene00011830.,23,410,433
WBGene00011831.,7,414,421
WBGene00011832.,40,318,358
WBGene00011833.,18,206,224
WBGene00011834.,7,81,88
WBGene00011835.,5,113,118
WBGene00011836.,3,33,36
WBGene00011837.,0,1,1
WBGene00011838.,5,154,159
WBGene00011839.,10,202,212
WBGene00011840.,0,0,0
WBGene00011841.,7,41,48
WBGene00011842.,0,0,0
WBGene00011844.,0,4,4
WBGene00011846.,0,0,0
WBGene00011847.,0,1,1
WBGene00011848.,0,0,0
WBGene00011849.,1,572,573
WBGene00011850.,27,61,88
WBGene00011851.,0,0,0
WBGene00011852.,1,3,4
WBGene00011853.,0,0,0
WBGene00011854.,269,573,842
WBGene00011855.,1,4,5
WBGene00011856.,54,201,255
WBGene00011857.,109,1017,1126
WBGene00011858.,14,347,361
WBGene00011859.,30,383,413
WBGene00011860.,3,67,70
WBGene00011864.,93,1085,1178
WBGene00011867.,49,1406,1455
WBGene00011868.,18,68,86
WBGene00011869.,38,16767,16805
WBGene00011870.,23,1382,1405
WBGene00011871.,24,187,211
WBGene00011872.,21,114,135
WBGene00011873.,27,35,62
WBGene00011874.,0,5,5
WBGene00011875.,6,24,30
WBGene00011876.,0,1,1
WBGene00011877.,0,0,0
WBGene00011878.,4,49,53
WBGene00011879.,75,383,458
WBGene00011880.,787,10266,11053
WBGene00011882.,1,0,1
WBGene00011883.,122,830,952
WBGene00011884.,100,13739,13839
WBGene00011885.,221,388,609
WBGene00011886.,5,34,39
WBGene00011887.,144,187,331
WBGene00011888.,48,129,177
WBGene00011890.,8,168,176
WBGene00011891.,21,749,770
WBGene00011892.,93,604,697
WBGene00011893.,3,18,21
WBGene00011894.,66,352,418
WBGene00011895.,1,1,2
WBGene00011896.,3,45,48
WBGene00011897.,94,1585,1679
WBGene00011898.,1,13,14
WBGene00011899.,5,85,90
WBGene00011900.,1,0,1
WBGene00011902.,0,6,6
WBGene00011903.,0,0,0
WBGene00011904.,86,837,923
WBGene00011906.,17,345,362
WBGene00011908.,28,90,118
WBGene00011909.,4,5,9
WBGene00011910.,1,3,4
WBGene00011911.,0,0,0
WBGene00011912.,37,432,469
WBGene00011913.,71,275,346
WBGene00011914.,10,92,102
WBGene00011915.,59,287,346
WBGene00011916.,15,87,102
WBGene00011917.,77,1146,1223
WBGene00011918.,0,1,1
WBGene00011919.,3,5,8
WBGene00011920.,13,84,97
WBGene00011921.,0,0,0
WBGene00011922.,0,5,5
WBGene00011923.,4,24,28
WBGene00011924.,17,126,143
WBGene00011925.,1,7,8
WBGene00011926.,5,24,29
WBGene00011927.,2,38,40
WBGene00011928.,14,14,28
WBGene00011929.,0,1,1
WBGene00011930.,11,120,131
WBGene00011931.,3,67,70
WBGene00011932.,24,416,440
WBGene00011933.,0,0,0
WBGene00011934.,0,0,0
WBGene00011935.,6,225,231
WBGene00011936.,6,30,36
WBGene00011937.,0,0,0
WBGene00011938.,0,32,32
WBGene00011939.,30,409,439
WBGene00011940.,26,136,162
WBGene00011941.,30,95,125
WBGene00011942.,0,1,1
WBGene00011943.,0,0,0
WBGene00011944.,155,1013,1168
WBGene00011945.,4,35,39
WBGene00011947.,0,1,1
WBGene00011948.,3,3,6
WBGene00011949.,0,0,0
WBGene00011950.,0,0,0
WBGene00011951.,0,1,1
WBGene00011952.,4,6,10
WBGene00011953.,114,1493,1607
WBGene00011954.,0,1,1
WBGene00011955.,28,391,419
WBGene00011956.,9,147,156
WBGene00011957.,37,126,163
WBGene00011958.,5,29,34
WBGene00011959.,0,50,50
WBGene00011960.,4,28,32
WBGene00011961.,0,0,0
WBGene00011962.,39,414,453
WBGene00011963.,31,79,110
WBGene00011964.,12,157,169
WBGene00011965.,15,182,197
WBGene00011966.,178,1353,1531
WBGene00011967.,71,434,505
WBGene00011968.,1,23,24
WBGene00011969.,4,191,195
WBGene00011970.,43,148,191
WBGene00011971.,89,804,893
WBGene00011972.,20,441,461
WBGene00011973.,4,2,6
WBGene00011974.,5,81,86
WBGene00011975.,65,442,507
WBGene00011976.,78,185,263
WBGene00011977.,167,8363,8530
WBGene00011978.,158,916,1074
WBGene00011979.,2,2,4
WBGene00011980.,91,577,668
WBGene00011981.,0,2,2
WBGene00011982.,0,1,1
WBGene00011983.,0,1,1
WBGene00011984.,3,12,15
WBGene00011985.,16,150,166
WBGene00011986.,1,6,7
WBGene00011988.,3,14,17
WBGene00011989.,0,0,0
WBGene00011990.,3,59,62
WBGene00011991.,1,1,2
WBGene00011992.,0,0,0
WBGene00011993.,0,0,0
WBGene00011994.,4,102,106
WBGene00011995.,73,323,396
WBGene00011996.,14,93,107
WBGene00011997.,13,326,339
WBGene00011999.,0,3,3
WBGene00012000.,15,463,478
WBGene00012002.,9,230,239
WBGene00012003.,3,2,5
WBGene00012004.,48,443,491
WBGene00012005.,414,196,610
WBGene00012007.,17,434,451
WBGene00012008.,0,0,0
WBGene00012009.,13,43,56
WBGene00012010.,0,1,1
WBGene00012011.,0,0,0
WBGene00012012.,2,4,6
WBGene00012013.,3,7,10
WBGene00012014.,38,161,199
WBGene00012015.,54,1389,1443
WBGene00012016.,40,107,147
WBGene00012017.,4,1,5
WBGene00012018.,83,239,322
WBGene00012019.,1485,791,2276
WBGene00012020.,0,5,5
WBGene00012021.,0,0,0
WBGene00012022.,0,0,0
WBGene00012023.,0,0,0
WBGene00012024.,0,0,0
WBGene00012025.,0,2,2
WBGene00012026.,1,0,1
WBGene00012027.,0,0,0
WBGene00012028.,0,0,0
WBGene00012029.,26,178,204
WBGene00012030.,72,1389,1461
WBGene00012031.,41,995,1036
WBGene00012032.,12,46,58
WBGene00012033.,61,496,557
WBGene00012034.,4,33,37
WBGene00012035.,17,201,218
WBGene00012036.,1,0,1
WBGene00012037.,497,1589,2086
WBGene00012038.,0,2,2
WBGene00012039.,0,0,0
WBGene00012040.,0,7,7
WBGene00012041.,0,1,1
WBGene00012042.,2,52,54
WBGene00012043.,1,2,3
WBGene00012044.,1,6,7
WBGene00012045.,4,10,14
WBGene00012046.,0,7,7
WBGene00012047.,2,0,2
WBGene00012048.,0,2,2
WBGene00012049.,0,0,0
WBGene00012050.,1,0,1
WBGene00012051.,0,1,1
WBGene00012052.,0,0,0
WBGene00012053.,0,0,0
WBGene00012054.,1,0,1
WBGene00012055.,0,0,0
WBGene00012056.,0,1,1
WBGene00012057.,0,0,0
WBGene00012058.,4,4,8
WBGene00012059.,115,741,856
WBGene00012060.,0,0,0
WBGene00012061.,0,0,0
WBGene00012062.,11,60,71
WBGene00012063.,0,0,0
WBGene00012064.,0,0,0
WBGene00012065.,0,0,0
WBGene00012066.,1,0,1
WBGene00012067.,0,0,0
WBGene00012068.,1,12,13
WBGene00012069.,0,1,1
WBGene00012070.,4,1,5
WBGene00012072.,2,5,7
WBGene00012073.,26,164,190
WBGene00012074.,0,0,0
WBGene00012075.,0,0,0
WBGene00012077.,0,0,0
WBGene00012078.,0,0,0
WBGene00012079.,0,0,0
WBGene00012080.,0,0,0
WBGene00012081.,0,1,1
WBGene00012083.,0,0,0
WBGene00012084.,49,118,167
WBGene00012085.,39,849,888
WBGene00012086.,10,10,20
WBGene00012087.,0,0,0
WBGene00012088.,0,2,2
WBGene00012089.,1,0,1
WBGene00012090.,0,0,0
WBGene00012091.,0,0,0
WBGene00012093.,2,0,2
WBGene00012094.,0,8103,8103
WBGene00012095.,48,73,121
WBGene00012096.,0,0,0
WBGene00012097.,94,4126,4220
WBGene00012098.,0,0,0
WBGene00012099.,50,52,102
WBGene00012100.,99,739,838
WBGene00012101.,1,69,70
WBGene00012102.,0,2,2
WBGene00012103.,0,11,11
WBGene00012104.,6,160,166
WBGene00012105.,15,107,122
WBGene00012106.,8,186,194
WBGene00012107.,4,34,38
WBGene00012108.,0,0,0
WBGene00012109.,4,22,26
WBGene00012110.,7,22,29
WBGene00012111.,4,53,57
WBGene00012112.,18,52,70
WBGene00012113.,12,2602,2614
WBGene00012114.,7,20,27
WBGene00012115.,1,13,14
WBGene00012116.,5,12,17
WBGene00012117.,87,847,934
WBGene00012118.,27,220,247
WBGene00012119.,1,8,9
WBGene00012120.,1,4,5
WBGene00012121.,139,1049,1188
WBGene00012122.,6,134,140
WBGene00012123.,210,916,1126
WBGene00012124.,10,212,222
WBGene00012125.,41,442,483
WBGene00012126.,640,1113,1753
WBGene00012127.,1,65,66
WBGene00012128.,81,1053,1134
WBGene00012130.,12,89,101
WBGene00012131.,9,65,74
WBGene00012132.,36,125,161
WBGene00012133.,1,0,1
WBGene00012134.,6,35,41
WBGene00012135.,11,30,41
WBGene00012136.,151,814,965
WBGene00012137.,30,53,83
WBGene00012138.,2,8,10
WBGene00012139.,120,166,286
WBGene00012140.,142,5201,5343
WBGene00012142.,13,58,71
WBGene00012143.,32,177,209
WBGene00012144.,3,28,31
WBGene00012145.,22,331,353
WBGene00012146.,0,0,0
WBGene00012147.,5,9,14
WBGene00012148.,31,6531,6562
WBGene00012149.,115,330,445
WBGene00012150.,22,107,129
WBGene00012151.,1,17,18
WBGene00012152.,53,417,470
WBGene00012155.,12,69,81
WBGene00012156.,0,278,278
WBGene00012157.,80,160,240
WBGene00012158.,908,4396,5304
WBGene00012159.,0,1,1
WBGene00012162.,2,18,20
WBGene00012163.,0,3,3
WBGene00012164.,24,32,56
WBGene00012165.,61,100,161
WBGene00012166.,2,3517,3519
WBGene00012167.,12,147,159
WBGene00012168.,11,27,38
WBGene00012169.,0,0,0
WBGene00012170.,1,3,4
WBGene00012171.,0,1,1
WBGene00012172.,5,6,11
WBGene00012173.,1,2,3
WBGene00012174.,1,1,2
WBGene00012175.,0,14,14
WBGene00012176.,2,9,11
WBGene00012177.,0,1,1
WBGene00012178.,26,71,97
WBGene00012179.,3432,72737,76169
WBGene00012180.,39,28,67
WBGene00012181.,2,3,5
WBGene00012182.,4,355,359
WBGene00012183.,0,23,23
WBGene00012184.,13,67,80
WBGene00012185.,8,50,58
WBGene00012186.,26,853,879
WBGene00012187.,69,511,580
WBGene00012188.,54,243,297
WBGene00012189.,8,17,25
WBGene00012190.,24,20,44
WBGene00012191.,5,6,11
WBGene00012192.,50,246,296
WBGene00012193.,397,1918,2315
WBGene00012194.,30,440,470
WBGene00012195.,6,8,14
WBGene00012196.,2,10,12
WBGene00012197.,62,1135,1197
WBGene00012198.,8,115,123
WBGene00012199.,4,4,8
WBGene00012200.,1,0,1
WBGene00012201.,3,22,25
WBGene00012202.,0,2,2
WBGene00012203.,29,379,408
WBGene00012204.,12,539,551
WBGene00012205.,25,389,414
WBGene00012206.,13,336,349
WBGene00012207.,0,0,0
WBGene00012208.,37,311,348
WBGene00012209.,5,52,57
WBGene00012210.,0,16,16
WBGene00012211.,0,0,0
WBGene00012212.,0,0,0
WBGene00012213.,0,1,1
WBGene00012214.,0,0,0
WBGene00012215.,0,3,3
WBGene00012216.,10,349,359
WBGene00012217.,6,25,31
WBGene00012218.,2,4,6
WBGene00012219.,3,6,9
WBGene00012220.,15,67,82
WBGene00012221.,61,616,677
WBGene00012222.,24,104,128
WBGene00012223.,0,0,0
WBGene00012224.,0,0,0
WBGene00012225.,46,128,174
WBGene00012226.,36,353,389
WBGene00012227.,0,1,1
WBGene00012228.,3,23,26
WBGene00012230.,172,422,594
WBGene00012231.,0,0,0
WBGene00012232.,0,0,0
WBGene00012233.,1,0,1
WBGene00012234.,76,261,337
WBGene00012235.,15,188,203
WBGene00012236.,17,86,103
WBGene00012237.,1,24,25
WBGene00012238.,0,1,1
WBGene00012239.,62,557,619
WBGene00012240.,0,6,6
WBGene00012241.,18,73,91
WBGene00012242.,1,10,11
WBGene00012243.,6,183,189
WBGene00012244.,8,604,612
WBGene00012245.,114,733,847
WBGene00012246.,0,0,0
WBGene00012247.,0,0,0
WBGene00012248.,0,0,0
WBGene00012249.,0,0,0
WBGene00012250.,0,0,0
WBGene00012251.,0,13,13
WBGene00012252.,72,195,267
WBGene00012253.,9,179,188
WBGene00012254.,4,3,7
WBGene00012255.,25,894,919
WBGene00012256.,5,445,450
WBGene00012257.,10,424,434
WBGene00012258.,20,376,396
WBGene00012259.,25,158,183
WBGene00012260.,1,4,5
WBGene00012261.,30,919,949
WBGene00012264.,0,1,1
WBGene00012265.,2,6,8
WBGene00012266.,0,0,0
WBGene00012267.,0,0,0
WBGene00012268.,3,29,32
WBGene00012269.,1,0,1
WBGene00012270.,3,1,4
WBGene00012271.,5,16,21
WBGene00012272.,25,14,39
WBGene00012274.,195,1393,1588
WBGene00012275.,38,62,100
WBGene00012276.,105,756,861
WBGene00012277.,18,104,122
WBGene00012278.,1,0,1
WBGene00012279.,3,178,181
WBGene00012280.,1,29,30
WBGene00012281.,40,87,127
WBGene00012282.,14,118,132
WBGene00012283.,0,0,0
WBGene00012284.,0,4,4
WBGene00012285.,0,0,0
WBGene00012286.,0,0,0
WBGene00012287.,0,0,0
WBGene00012288.,0,2,2
WBGene00012289.,163,858,1021
WBGene00012290.,3,10,13
WBGene00012291.,649,1400,2049
WBGene00012292.,0,0,0
WBGene00012293.,30,21,51
WBGene00012294.,0,0,0
WBGene00012295.,12,9,21
WBGene00012296.,0,4,4
WBGene00012297.,2,3,5
WBGene00012298.,26,343,369
WBGene00012299.,0,4,4
WBGene00012300.,0,0,0
WBGene00012301.,0,1,1
WBGene00012302.,0,0,0
WBGene00012303.,0,0,0
WBGene00012304.,33,1,34
WBGene00012305.,0,0,0
WBGene00012306.,35,84,119
WBGene00012307.,4,9,13
WBGene00012308.,0,0,0
WBGene00012309.,0,0,0
WBGene00012310.,2,1,3
WBGene00012311.,0,0,0
WBGene00012312.,0,0,0
WBGene00012313.,0,2,2
WBGene00012314.,0,0,0
WBGene00012315.,18,107,125
WBGene00012316.,39,623,662
WBGene00012317.,37,666,703
WBGene00012318.,0,1,1
WBGene00012319.,41,139,180
WBGene00012320.,0,0,0
WBGene00012321.,0,1,1
WBGene00012322.,101,681,782
WBGene00012323.,0,19,19
WBGene00012324.,2,41,43
WBGene00012325.,18,48,66
WBGene00012326.,99,574,673
WBGene00012328.,4,22,26
WBGene00012329.,2,2,4
WBGene00012330.,7,167,174
WBGene00012332.,5,27,32
WBGene00012333.,6,8,14
WBGene00012334.,2,2,4
WBGene00012335.,4,7,11
WBGene00012336.,6,30,36
WBGene00012337.,101,944,1045
WBGene00012339.,17,121,138
WBGene00012340.,9,97,106
WBGene00012341.,56,495,551
WBGene00012342.,120,873,993
WBGene00012343.,88,708,796
WBGene00012344.,205,2313,2518
WBGene00012345.,1,3,4
WBGene00012346.,0,3,3
WBGene00012347.,147,154,301
WBGene00012348.,355,1331,1686
WBGene00012349.,6,0,6
WBGene00012350.,0,0,0
WBGene00012351.,798,2340,3138
WBGene00012352.,57,150,207
WBGene00012353.,30,332,362
WBGene00012354.,355,10309,10664
WBGene00012355.,16,1,17
WBGene00012356.,1,25,26
WBGene00012357.,0,1,1
WBGene00012358.,97,825,922
WBGene00012359.,19,325,344
WBGene00012360.,33,147,180
WBGene00012361.,48,2591,2639
WBGene00012362.,248,609,857
WBGene00012363.,71,203,274
WBGene00012364.,45,132,177
WBGene00012365.,72,637,709
WBGene00012366.,18,322,340
WBGene00012368.,2,15,17
WBGene00012369.,48,334,382
WBGene00012370.,60,131,191
WBGene00012371.,262,363,625
WBGene00012372.,8,37,45
WBGene00012373.,0,0,0
WBGene00012374.,25,26,51
WBGene00012375.,23,640,663
WBGene00012376.,227,3961,4188
WBGene00012377.,0,0,0
WBGene00012378.,0,0,0
WBGene00012379.,0,1,1
WBGene00012381.,33,103,136
WBGene00012382.,7352,39650,47002
WBGene00012383.,949,5804,6753
WBGene00012384.,22,67,89
WBGene00012385.,25,101,126
WBGene00012386.,95712,408,96120
WBGene00012387.,17,19,36
WBGene00012388.,0,0,0
WBGene00012389.,67,149,216
WBGene00012390.,46,125,171
WBGene00012391.,17,126,143
WBGene00012393.,48,206,254
WBGene00012394.,0,4,4
WBGene00012395.,1,103,104
WBGene00012396.,36,262,298
WBGene00012397.,0,0,0
WBGene00012398.,1,8,9
WBGene00012399.,6,8,14
WBGene00012400.,0,2,2
WBGene00012401.,0,0,0
WBGene00012402.,0,0,0
WBGene00012403.,0,2,2
WBGene00012404.,1,11,12
WBGene00012405.,0,0,0
WBGene00012406.,0,0,0
WBGene00012407.,6,113,119
WBGene00012408.,33,79,112
WBGene00012409.,1,3,4
WBGene00012411.,1,1,2
WBGene00012412.,0,5,5
WBGene00012413.,8,8,16
WBGene00012414.,0,3,3
WBGene00012415.,1,2,3
WBGene00012416.,6,12,18
WBGene00012418.,6,5,11
WBGene00012419.,0,0,0
WBGene00012420.,7,615,622
WBGene00012421.,39,331,370
WBGene00012423.,85,678,763
WBGene00012424.,307,800,1107
WBGene00012425.,26,69,95
WBGene00012426.,9,15,24
WBGene00012428.,6,45,51
WBGene00012429.,5,35,40
WBGene00012431.,4,67,71
WBGene00012432.,2,6,8
WBGene00012433.,5,39,44
WBGene00012434.,172,1355,1527
WBGene00012435.,0,36,36
WBGene00012436.,0,22,22
WBGene00012437.,335,1173,1508
WBGene00012439.,10,324,334
WBGene00012440.,2,252,254
WBGene00012441.,11,35,46
WBGene00012442.,6,16,22
WBGene00012443.,129,984,1113
WBGene00012444.,64,882,946
WBGene00012445.,13,93,106
WBGene00012446.,11,60,71
WBGene00012448.,18,7,25
WBGene00012449.,5,18,23
WBGene00012450.,13,24,37
WBGene00012451.,6,3,9
WBGene00012452.,0,1682,1682
WBGene00012453.,1,1,2
WBGene00012454.,0,0,0
WBGene00012455.,2,9,11
WBGene00012456.,8,28,36
WBGene00012457.,17,43,60
WBGene00012458.,98,359,457
WBGene00012459.,10,272,282
WBGene00012460.,18,141,159
WBGene00012461.,73,90,163
WBGene00012462.,70,119,189
WBGene00012463.,57,202,259
WBGene00012464.,6,27,33
WBGene00012465.,94,544,638
WBGene00012466.,62,112,174
WBGene00012467.,0,10,10
WBGene00012468.,60,632,692
WBGene00012469.,13,171,184
WBGene00012470.,0,0,0
WBGene00012471.,20,2409,2429
WBGene00012472.,45,464,509
WBGene00012473.,13,20,33
WBGene00012474.,71,308,379
WBGene00012475.,3,3,6
WBGene00012476.,0,63,63
WBGene00012477.,11,16,27
WBGene00012478.,210,1293,1503
WBGene00012479.,55,284,339
WBGene00012480.,3,7,10
WBGene00012481.,2,44,46
WBGene00012482.,0,0,0
WBGene00012483.,0,769,769
WBGene00012484.,7,971,978
WBGene00012485.,0,8,8
WBGene00012486.,0,1,1
WBGene00012487.,0,6,6
WBGene00012488.,1,0,1
WBGene00012489.,0,0,0
WBGene00012490.,0,5,5
WBGene00012491.,58,4,62
WBGene00012492.,0,0,0
WBGene00012493.,0,0,0
WBGene00012494.,28,53,81
WBGene00012496.,24,239,263
WBGene00012497.,47,684,731
WBGene00012498.,0,8,8
WBGene00012499.,0,5,5
WBGene00012500.,6,7,13
WBGene00012501.,0,0,0
WBGene00012502.,0,0,0
WBGene00012503.,4,12,16
WBGene00012504.,0,1,1
WBGene00012505.,1,1,2
WBGene00012509.,0,0,0
WBGene00012512.,1,30,31
WBGene00012513.,5,67,72
WBGene00012514.,13,68,81
WBGene00012515.,0,0,0
WBGene00012516.,0,0,0
WBGene00012517.,0,1,1
WBGene00012518.,0,0,0
WBGene00012519.,0,2,2
WBGene00012520.,1,0,1
WBGene00012521.,0,0,0
WBGene00012522.,135,398,533
WBGene00012523.,0,1,1
WBGene00012524.,15,104,119
WBGene00012525.,1,4,5
WBGene00012526.,0,0,0
WBGene00012527.,10,34,44
WBGene00012528.,29,676,705
WBGene00012529.,5,35,40
WBGene00012530.,138,182,320
WBGene00012531.,8,33,41
WBGene00012532.,38,103,141
WBGene00012533.,1,4,5
WBGene00012535.,1,6,7
WBGene00012536.,15,81,96
WBGene00012537.,1,35,36
WBGene00012538.,13,81,94
WBGene00012540.,13,74,87
WBGene00012541.,2,2,4
WBGene00012542.,1,2,3
WBGene00012543.,80,310,390
WBGene00012544.,1278,5318,6596
WBGene00012545.,42,223,265
WBGene00012546.,6,110,116
WBGene00012547.,0,4,4
WBGene00012548.,52,277,329
WBGene00012549.,2,0,2
WBGene00012550.,12,1446,1458
WBGene00012551.,1,146,147
WBGene00012552.,0,45,45
WBGene00012553.,3270,13708,16978
WBGene00012554.,31,288,319
WBGene00012555.,6,263,269
WBGene00012556.,152,965,1117
WBGene00012557.,1,1,2
WBGene00012558.,60,370,430
WBGene00012559.,34,257,291
WBGene00012560.,184,378,562
WBGene00012561.,0,6,6
WBGene00012562.,41,263,304
WBGene00012564.,5,78,83
WBGene00012565.,7,42,49
WBGene00012566.,0,7,7
WBGene00012567.,1,3,4
WBGene00012568.,2,24,26
WBGene00012569.,0,20,20
WBGene00012570.,2,2,4
WBGene00012571.,0,0,0
WBGene00012572.,2,1,3
WBGene00012573.,6,32,38
WBGene00012574.,0,0,0
WBGene00012575.,0,0,0
WBGene00012576.,27,116,143
WBGene00012577.,0,0,0
WBGene00012578.,104,296,400
WBGene00012579.,0,0,0
WBGene00012580.,0,0,0
WBGene00012581.,0,0,0
WBGene00012582.,0,0,0
WBGene00012583.,0,5,5
WBGene00012584.,208,403,611
WBGene00012585.,6,68,74
WBGene00012586.,0,3,3
WBGene00012587.,3,3,6
WBGene00012588.,5,23,28
WBGene00012589.,0,7,7
WBGene00012590.,0,0,0
WBGene00012591.,0,140,140
WBGene00012592.,0,60,60
WBGene00012593.,0,7,7
WBGene00012594.,0,8,8
WBGene00012595.,0,27,27
WBGene00012596.,3,14,17
WBGene00012597.,21,116,137
WBGene00012600.,21,144,165
WBGene00012602.,474,3389,3863
WBGene00012603.,2,2,4
WBGene00012604.,0,24,24
WBGene00012605.,7,44,51
WBGene00012606.,32,151,183
WBGene00012607.,5,27,32
WBGene00012608.,1383,6085,7468
WBGene00012609.,0,0,0
WBGene00012610.,7,58,65
WBGene00012612.,2,0,2
WBGene00012614.,0,2,2
WBGene00012615.,50,592,642
WBGene00012616.,0,13,13
WBGene00012617.,0,0,0
WBGene00012618.,2,5,7
WBGene00012620.,0,3,3
WBGene00012621.,2,37,39
WBGene00012622.,1,14,15
WBGene00012623.,5,29,34
WBGene00012624.,16,70,86
WBGene00012625.,2,6,8
WBGene00012626.,6,36,42
WBGene00012627.,1,11,12
WBGene00012628.,79,283,362
WBGene00012629.,4,25,29
WBGene00012630.,2,1,3
WBGene00012631.,0,2,2
WBGene00012632.,6,35,41
WBGene00012633.,2,2,4
WBGene00012634.,0,9,9
WBGene00012635.,2,25,27
WBGene00012636.,3,1,4
WBGene00012637.,0,1,1
WBGene00012638.,0,0,0
WBGene00012639.,18,53,71
WBGene00012640.,0,14,14
WBGene00012641.,60,383,443
WBGene00012642.,3,5,8
WBGene00012643.,10,548,558
WBGene00012644.,103,90,193
WBGene00012645.,87,749,836
WBGene00012646.,28,506,534
WBGene00012647.,23,168,191
WBGene00012648.,19,1269,1288
WBGene00012649.,0,0,0
WBGene00012650.,6,115,121
WBGene00012651.,40,96,136
WBGene00012652.,2,383,385
WBGene00012653.,0,0,0
WBGene00012654.,12,16,28
WBGene00012655.,0,0,0
WBGene00012656.,4,2,6
WBGene00012657.,95,194,289
WBGene00012658.,198,577,775
WBGene00012659.,6,8,14
WBGene00012660.,0,26,26
WBGene00012661.,0,0,0
WBGene00012662.,66,419,485
WBGene00012663.,33,116,149
WBGene00012664.,0,156,156
WBGene00012665.,49,463,512
WBGene00012666.,132,639,771
WBGene00012668.,235,706,941
WBGene00012669.,3,11,14
WBGene00012670.,10,5,15
WBGene00012671.,0,3,3
WBGene00012672.,0,1,1
WBGene00012673.,4,18,22
WBGene00012674.,53,205,258
WBGene00012675.,118,283,401
WBGene00012676.,170,419,589
WBGene00012678.,8,142,150
WBGene00012679.,0,2,2
WBGene00012680.,0,10,10
WBGene00012681.,1,1,2
WBGene00012682.,4,0,4
WBGene00012683.,0,1,1
WBGene00012684.,0,0,0
WBGene00012686.,1,8,9
WBGene00012688.,1,1,2
WBGene00012689.,0,1,1
WBGene00012690.,5,0,5
WBGene00012692.,177,963,1140
WBGene00012693.,146,467,613
WBGene00012694.,48,301,349
WBGene00012695.,3,201,204
WBGene00012696.,1,56,57
WBGene00012697.,30,686,716
WBGene00012698.,8,97,105
WBGene00012699.,3,1,4
WBGene00012700.,4,45,49
WBGene00012701.,21,120,141
WBGene00012702.,1,11,12
WBGene00012703.,26,56,82
WBGene00012704.,35,83,118
WBGene00012705.,5,20,25
WBGene00012706.,0,1,1
WBGene00012707.,0,8,8
WBGene00012708.,1,0,1
WBGene00012709.,6,17,23
WBGene00012710.,5,192,197
WBGene00012711.,7,31,38
WBGene00012712.,27,58,85
WBGene00012713.,60,1421,1481
WBGene00012714.,38,968,1006
WBGene00012715.,17,212,229
WBGene00012716.,1,48,49
WBGene00012717.,183,2074,2257
WBGene00012718.,69,30,99
WBGene00012719.,31,83,114
WBGene00012720.,0,0,0
WBGene00012721.,5,7,12
WBGene00012722.,78,569,647
WBGene00012723.,13,126,139
WBGene00012724.,1,0,1
WBGene00012725.,0,0,0
WBGene00012726.,1,1,2
WBGene00012727.,0,0,0
WBGene00012728.,4,31,35
WBGene00012729.,0,0,0
WBGene00012730.,190,431,621
WBGene00012731.,0,9,9
WBGene00012732.,58,192,250
WBGene00012734.,116,202,318
WBGene00012735.,111,306,417
WBGene00012738.,40,1745,1785
WBGene00012739.,490,1331,1821
WBGene00012740.,19,406,425
WBGene00012741.,2,1,3
WBGene00012742.,0,0,0
WBGene00012743.,3,0,3
WBGene00012744.,28,21,49
WBGene00012745.,2,0,2
WBGene00012746.,0,1,1
WBGene00012747.,1,2,3
WBGene00012748.,0,2,2
WBGene00012749.,11,18,29
WBGene00012750.,39,62,101
WBGene00012752.,0,0,0
WBGene00012753.,15,102,117
WBGene00012754.,2,30,32
WBGene00012755.,12,103,115
WBGene00012756.,34,191,225
WBGene00012757.,41,242,283
WBGene00012758.,24,73,97
WBGene00012759.,56,1256,1312
WBGene00012760.,6002,1880,7882
WBGene00012761.,0,0,0
WBGene00012762.,48,690,738
WBGene00012763.,90,230,320
WBGene00012764.,0,92,92
WBGene00012765.,62,697,759
WBGene00012766.,31,815,846
WBGene00012767.,152,192,344
WBGene00012768.,22,13445,13467
WBGene00012769.,90,688,778
WBGene00012770.,41,1,42
WBGene00012771.,1,2,3
WBGene00012772.,3,0,3
WBGene00012773.,1,1,2
WBGene00012775.,11,1,12
WBGene00012776.,31,92,123
WBGene00012777.,3,25,28
WBGene00012778.,19,66,85
WBGene00012779.,33,136,169
WBGene00012780.,10,12,22
WBGene00012781.,0,3,3
WBGene00012782.,5,59,64
WBGene00012783.,4,239,243
WBGene00012784.,1,4,5
WBGene00012785.,0,1,1
WBGene00012786.,0,17,17
WBGene00012787.,1,5,6
WBGene00012788.,17,0,17
WBGene00012789.,1,0,1
WBGene00012790.,0,0,0
WBGene00012791.,7,8,15
WBGene00012792.,1,0,1
WBGene00012793.,0,1,1
WBGene00012794.,17,590,607
WBGene00012795.,0,3,3
WBGene00012796.,10,111,121
WBGene00012798.,1,5,6
WBGene00012799.,2,10,12
WBGene00012802.,26,168,194
WBGene00012803.,18,966,984
WBGene00012804.,20,275,295
WBGene00012806.,16,149,165
WBGene00012807.,49,365,414
WBGene00012808.,3,17,20
WBGene00012809.,4,0,4
WBGene00012810.,0,3,3
WBGene00012811.,24,145,169
WBGene00012812.,159,2884,3043
WBGene00012813.,545,3631,4176
WBGene00012814.,7,16,23
WBGene00012815.,7,19,26
WBGene00012816.,0,0,0
WBGene00012817.,2,1,3
WBGene00012818.,0,0,0
WBGene00012819.,23,61,84
WBGene00012820.,34,0,34
WBGene00012821.,35,249,284
WBGene00012822.,0,0,0
WBGene00012823.,0,5,5
WBGene00012824.,3,4,7
WBGene00012825.,44,219,263
WBGene00012826.,18,79,97
WBGene00012827.,1,2,3
WBGene00012828.,152,25,177
WBGene00012829.,131,708,839
WBGene00012830.,27,667,694
WBGene00012831.,0,1,1
WBGene00012832.,293,4,297
WBGene00012833.,14,180,194
WBGene00012834.,8,36,44
WBGene00012835.,7,39,46
WBGene00012836.,0,0,0
WBGene00012837.,0,0,0
WBGene00012838.,0,1,1
WBGene00012839.,0,0,0
WBGene00012840.,109,485,594
WBGene00012841.,0,0,0
WBGene00012844.,0,0,0
WBGene00012845.,12,24,36
WBGene00012846.,1,6,7
WBGene00012847.,0,1,1
WBGene00012848.,1,1,2
WBGene00012849.,0,1,1
WBGene00012850.,316,2726,3042
WBGene00012851.,1,13,14
WBGene00012852.,196,78,274
WBGene00012853.,51,4334,4385
WBGene00012854.,61,707,768
WBGene00012855.,2,3,5
WBGene00012856.,3,13,16
WBGene00012857.,41,227,268
WBGene00012858.,16,233,249
WBGene00012859.,2,25,27
WBGene00012860.,13,166,179
WBGene00012861.,10,369,379
WBGene00012862.,1,0,1
WBGene00012863.,2,2,4
WBGene00012864.,10,20,30
WBGene00012866.,15,23,38
WBGene00012867.,10,99,109
WBGene00012868.,170,345,515
WBGene00012869.,6,211,217
WBGene00012870.,0,1,1
WBGene00012871.,0,0,0
WBGene00012872.,0,2,2
WBGene00012873.,1,1,2
WBGene00012874.,0,0,0
WBGene00012875.,843,3428,4271
WBGene00012876.,1,1,2
WBGene00012877.,0,1,1
WBGene00012878.,0,0,0
WBGene00012879.,3,34,37
WBGene00012880.,2,3,5
WBGene00012883.,2,38,40
WBGene00012885.,217,977,1194
WBGene00012886.,9,26,35
WBGene00012887.,46,646,692
WBGene00012888.,24,114,138
WBGene00012889.,72,136,208
WBGene00012890.,21,66,87
WBGene00012891.,177,1241,1418
WBGene00012892.,4,12,16
WBGene00012893.,3,6,9
WBGene00012894.,266,353,619
WBGene00012895.,65,327,392
WBGene00012896.,42,1076,1118
WBGene00012897.,0,383,383
WBGene00012898.,5,4,9
WBGene00012899.,3,11,14
WBGene00012900.,0,10,10
WBGene00012901.,5,29,34
WBGene00012903.,86,782,868
WBGene00012904.,13,270,283
WBGene00012905.,0,3,3
WBGene00012906.,25,130,155
WBGene00012907.,836,1976,2812
WBGene00012908.,57,271,328
WBGene00012909.,84,112,196
WBGene00012910.,0,5,5
WBGene00012911.,27,67,94
WBGene00012912.,0,2,2
WBGene00012913.,0,1,1
WBGene00012914.,0,2,2
WBGene00012915.,5,10,15
WBGene00012916.,0,0,0
WBGene00012917.,5,3,8
WBGene00012919.,6,12,18
WBGene00012920.,63,143,206
WBGene00012921.,0,53,53
WBGene00012922.,1,21,22
WBGene00012923.,8,46,54
WBGene00012924.,2,6,8
WBGene00012925.,1,1,2
WBGene00012926.,1,4,5
WBGene00012927.,25,107,132
WBGene00012928.,5,295,300
WBGene00012929.,120,1092,1212
WBGene00012930.,40,147,187
WBGene00012931.,41,248,289
WBGene00012932.,47,662,709
WBGene00012933.,0,33,33
WBGene00012934.,60,243,303
WBGene00012935.,49,83,132
WBGene00012936.,73,331,404
WBGene00012937.,0,0,0
WBGene00012938.,43,50,93
WBGene00012939.,57,132,189
WBGene00012940.,5,2,7
WBGene00012941.,5,32,37
WBGene00012942.,0,23,23
WBGene00012943.,34,294,328
WBGene00012945.,0,28,28
WBGene00012946.,0,0,0
WBGene00012947.,1,2,3
WBGene00012948.,69,76,145
WBGene00012950.,25,344,369
WBGene00012951.,98,310,408
WBGene00012952.,0,1,1
WBGene00012953.,1,60,61
WBGene00012954.,1,26,27
WBGene00012955.,1,0,1
WBGene00012956.,17,17,34
WBGene00012958.,2,1,3
WBGene00012959.,1,4,5
WBGene00012960.,117,833,950
WBGene00012961.,3,74,77
WBGene00012962.,3,24,27
WBGene00012964.,218,4360,4578
WBGene00012965.,0,3,3
WBGene00012966.,2,356,358
WBGene00012967.,24,44,68
WBGene00012968.,8,28,36
WBGene00012969.,1,2,3
WBGene00012970.,8,15,23
WBGene00012972.,41,215,256
WBGene00012973.,254,945,1199
WBGene00012974.,28,2,30
WBGene00012975.,438,201,639
WBGene00012976.,13,67,80
WBGene00012977.,52,153,205
WBGene00012978.,279,1192,1471
WBGene00012979.,6,18,24
WBGene00012980.,415,683,1098
WBGene00012981.,2,4,6
WBGene00012982.,50,272,322
WBGene00012983.,109,1023,1132
WBGene00012984.,35,272,307
WBGene00012985.,11,9,20
WBGene00012987.,139,375,514
WBGene00012988.,66,474,540
WBGene00012989.,207,242,449
WBGene00012990.,125,457,582
WBGene00012992.,169,800,969
WBGene00012993.,56,130,186
WBGene00012994.,34,134,168
WBGene00012995.,147,245,392
WBGene00012996.,125,473,598
WBGene00012997.,7,233,240
WBGene00012998.,56,197,253
WBGene00012999.,155,676,831
WBGene00013000.,444,108,552
WBGene00013001.,94,282,376
WBGene00013002.,225,245,470
WBGene00013004.,277,1165,1442
WBGene00013006.,55,97,152
WBGene00013007.,23,100,123
WBGene00013008.,17,231,248
WBGene00013009.,11,19,30
WBGene00013010.,0,0,0
WBGene00013011.,11,124,135
WBGene00013013.,14,126,140
WBGene00013014.,73,244,317
WBGene00013015.,45,142,187
WBGene00013017.,41,693,734
WBGene00013018.,11,366,377
WBGene00013019.,57,104,161
WBGene00013020.,52,494,546
WBGene00013021.,41,159,200
WBGene00013023.,6,31,37
WBGene00013024.,7,163,170
WBGene00013025.,4,1881,1885
WBGene00013026.,0,201,201
WBGene00013027.,11,187,198
WBGene00013028.,23,55,78
WBGene00013029.,80,724,804
WBGene00013030.,20,76,96
WBGene00013031.,0,6,6
WBGene00013032.,1,1,2
WBGene00013033.,1,0,1
WBGene00013034.,220,376,596
WBGene00013035.,19,42,61
WBGene00013036.,1,4,5
WBGene00013037.,6,29,35
WBGene00013038.,37,376,413
WBGene00013039.,82,401,483
WBGene00013040.,109,210,319
WBGene00013041.,6,16,22
WBGene00013042.,74,178,252
WBGene00013043.,10,32,42
WBGene00013044.,3,0,3
WBGene00013045.,0,0,0
WBGene00013046.,16,77,93
WBGene00013047.,0,2,2
WBGene00013048.,3,99,102
WBGene00013049.,0,1,1
WBGene00013050.,0,0,0
WBGene00013051.,0,0,0
WBGene00013052.,1,2,3
WBGene00013053.,2,3,5
WBGene00013054.,0,4,4
WBGene00013055.,9,94,103
WBGene00013056.,1,1,2
WBGene00013058.,1,0,1
WBGene00013059.,0,0,0
WBGene00013060.,2,7,9
WBGene00013061.,0,0,0
WBGene00013062.,0,0,0
WBGene00013063.,0,0,0
WBGene00013064.,0,0,0
WBGene00013066.,3,5,8
WBGene00013067.,0,0,0
WBGene00013068.,0,2,2
WBGene00013069.,1,0,1
WBGene00013070.,0,0,0
WBGene00013071.,0,13,13
WBGene00013072.,8,15,23
WBGene00013073.,9,27,36
WBGene00013074.,15,117,132
WBGene00013075.,49,150,199
WBGene00013076.,4,13,17
WBGene00013077.,1400,5796,7196
WBGene00013078.,719,2997,3716
WBGene00013079.,1215,3719,4934
WBGene00013080.,67,172,239
WBGene00013081.,1290,10385,11675
WBGene00013082.,54,119,173
WBGene00013083.,32,142,174
WBGene00013085.,0,4,4
WBGene00013086.,0,0,0
WBGene00013087.,0,0,0
WBGene00013088.,0,2,2
WBGene00013089.,0,0,0
WBGene00013090.,0,0,0
WBGene00013091.,0,1,1
WBGene00013093.,185,140,325
WBGene00013094.,416,4433,4849
WBGene00013095.,49,199,248
WBGene00013096.,74,210,284
WBGene00013098.,29,88,117
WBGene00013100.,0,1,1
WBGene00013101.,3,15,18
WBGene00013102.,0,0,0
WBGene00013103.,10,165,175
WBGene00013104.,38,943,981
WBGene00013105.,3,2,5
WBGene00013106.,34,270,304
WBGene00013107.,0,0,0
WBGene00013109.,13,824,837
WBGene00013111.,43,394,437
WBGene00013112.,0,0,0
WBGene00013113.,0,1,1
WBGene00013114.,2,0,2
WBGene00013116.,5,3,8
WBGene00013117.,0,0,0
WBGene00013118.,7,21,28
WBGene00013119.,18,7,25
WBGene00013120.,1,1,2
WBGene00013121.,0,0,0
WBGene00013122.,13,94,107
WBGene00013123.,92,164,256
WBGene00013124.,168,323,491
WBGene00013125.,2,5,7
WBGene00013126.,0,0,0
WBGene00013127.,16,36,52
WBGene00013128.,61,278,339
WBGene00013129.,162,477,639
WBGene00013130.,0,6,6
WBGene00013131.,46,357,403
WBGene00013132.,36,260,296
WBGene00013134.,5,7,12
WBGene00013135.,9,135,144
WBGene00013136.,34,391,425
WBGene00013137.,21,182,203
WBGene00013138.,1,1,2
WBGene00013139.,38,220,258
WBGene00013140.,13,328,341
WBGene00013141.,6,11,17
WBGene00013142.,1,2,3
WBGene00013143.,7,368,375
WBGene00013144.,268,953,1221
WBGene00013145.,3,34,37
WBGene00013146.,17,60,77
WBGene00013147.,0,7,7
WBGene00013148.,0,0,0
WBGene00013149.,10,4,14
WBGene00013150.,23,361,384
WBGene00013151.,27,413,440
WBGene00013152.,0,1,1
WBGene00013153.,0,7,7
WBGene00013154.,0,2,2
WBGene00013155.,0,4,4
WBGene00013156.,4,104,108
WBGene00013157.,0,0,0
WBGene00013158.,1,6,7
WBGene00013159.,18,91,109
WBGene00013160.,112,273,385
WBGene00013161.,106,433,539
WBGene00013162.,1,1,2
WBGene00013163.,16,1,17
WBGene00013164.,19,51,70
WBGene00013165.,2,7,9
WBGene00013166.,3,49,52
WBGene00013167.,94,70,164
WBGene00013168.,33,796,829
WBGene00013169.,17,87,104
WBGene00013170.,1,0,1
WBGene00013171.,12,2,14
WBGene00013172.,0,0,0
WBGene00013173.,3,6,9
WBGene00013175.,3,8,11
WBGene00013176.,19,395,414
WBGene00013177.,51,613,664
WBGene00013178.,45,229,274
WBGene00013179.,2,1,3
WBGene00013180.,30,223,253
WBGene00013181.,1158,4114,5272
WBGene00013182.,0,1,1
WBGene00013184.,0,0,0
WBGene00013186.,0,0,0
WBGene00013187.,14,78,92
WBGene00013188.,9,63,72
WBGene00013189.,75,245,320
WBGene00013190.,0,7,7
WBGene00013192.,0,2,2
WBGene00013193.,13,100,113
WBGene00013194.,1,4,5
WBGene00013195.,10,42,52
WBGene00013196.,10,76,86
WBGene00013197.,17,54,71
WBGene00013198.,4,22,26
WBGene00013200.,243,1247,1490
WBGene00013201.,64,275,339
WBGene00013202.,33,253,286
WBGene00013203.,35,189,224
WBGene00013204.,14,162,176
WBGene00013207.,2,3,5
WBGene00013208.,10,33,43
WBGene00013209.,37,459,496
WBGene00013210.,0,1653,1653
WBGene00013211.,26,176,202
WBGene00013212.,19,17,36
WBGene00013213.,43,354,397
WBGene00013214.,19,118,137
WBGene00013215.,2,88,90
WBGene00013216.,10,181,191
WBGene00013217.,46,391,437
WBGene00013218.,17,186,203
WBGene00013219.,13,727,740
WBGene00013220.,1,0,1
WBGene00013221.,6,15,21
WBGene00013222.,44,161,205
WBGene00013223.,63,614,677
WBGene00013224.,20,151,171
WBGene00013225.,72,258,330
WBGene00013226.,1,2,3
WBGene00013227.,0,16,16
WBGene00013228.,690,962,1652
WBGene00013230.,0,0,0
WBGene00013231.,15,144,159
WBGene00013232.,92,182,274
WBGene00013233.,0,0,0
WBGene00013234.,0,2,2
WBGene00013235.,4,62,66
WBGene00013236.,20,616,636
WBGene00013237.,53,3050,3103
WBGene00013238.,419,3287,3706
WBGene00013239.,57,478,535
WBGene00013240.,59,128,187
WBGene00013241.,26,187,213
WBGene00013242.,28,61,89
WBGene00013243.,28,97,125
WBGene00013244.,15,37,52
WBGene00013246.,17,21,38
WBGene00013247.,5,16,21
WBGene00013248.,6,37,43
WBGene00013249.,3,15,18
WBGene00013250.,0,12,12
WBGene00013251.,1,7,8
WBGene00013252.,2,11,13
WBGene00013253.,21,41,62
WBGene00013254.,0,3,3
WBGene00013255.,101,1048,1149
WBGene00013256.,28,304,332
WBGene00013257.,2,11,13
WBGene00013258.,163,97,260
WBGene00013259.,50,216,266
WBGene00013260.,8,307,315
WBGene00013261.,44,61,105
WBGene00013263.,9,909,918
WBGene00013264.,5,10,15
WBGene00013265.,35,170,205
WBGene00013266.,54,523,577
WBGene00013267.,61,501,562
WBGene00013268.,8,118,126
WBGene00013269.,1,549,550
WBGene00013270.,28,75,103
WBGene00013272.,16,22,38
WBGene00013273.,97,405,502
WBGene00013275.,32,588,620
WBGene00013276.,0,4,4
WBGene00013277.,1,2,3
WBGene00013278.,2,4,6
WBGene00013279.,1,1,2
WBGene00013280.,0,0,0
WBGene00013281.,0,8,8
WBGene00013282.,0,0,0
WBGene00013283.,1,0,1
WBGene00013284.,0,186,186
WBGene00013285.,3,9,12
WBGene00013286.,5,16,21
WBGene00013287.,50,45,95
WBGene00013288.,0,1,1
WBGene00013289.,534,669,1203
WBGene00013290.,0,0,0
WBGene00013292.,48,338,386
WBGene00013293.,15,68,83
WBGene00013294.,3,2,5
WBGene00013295.,0,55,55
WBGene00013296.,0,0,0
WBGene00013297.,0,1,1
WBGene00013298.,1,11,12
WBGene00013299.,0,0,0
WBGene00013300.,1,3,4
WBGene00013301.,3,809,812
WBGene00013302.,4,134,138
WBGene00013303.,14,38,52
WBGene00013304.,8,17,25
WBGene00013305.,0,0,0
WBGene00013306.,1,2,3
WBGene00013307.,18,923,941
WBGene00013308.,0,1352,1352
WBGene00013310.,23,31,54
WBGene00013311.,26,6236,6262
WBGene00013312.,3,55,58
WBGene00013313.,0,0,0
WBGene00013315.,0,0,0
WBGene00013316.,0,0,0
WBGene00013317.,190,533,723
WBGene00013318.,1,0,1
WBGene00013319.,0,1,1
WBGene00013320.,0,0,0
WBGene00013321.,80,607,687
WBGene00013322.,8,28,36
WBGene00013323.,7,326,333
WBGene00013324.,142,901,1043
WBGene00013325.,13,97,110
WBGene00013326.,48,187,235
WBGene00013327.,288,878,1166
WBGene00013328.,0,0,0
WBGene00013329.,2,11,13
WBGene00013330.,1,18,19
WBGene00013331.,8,2,10
WBGene00013332.,12,342,354
WBGene00013333.,3,8,11
WBGene00013334.,145,433,578
WBGene00013335.,11,56,67
WBGene00013336.,8,25,33
WBGene00013337.,2,1,3
WBGene00013338.,0,0,0
WBGene00013339.,106,229,335
WBGene00013340.,100,1348,1448
WBGene00013341.,0,0,0
WBGene00013343.,245,1224,1469
WBGene00013344.,15,166,181
WBGene00013345.,17,24,41
WBGene00013347.,230,772,1002
WBGene00013348.,3,21,24
WBGene00013349.,0,31,31
WBGene00013350.,61,162,223
WBGene00013351.,0,4,4
WBGene00013352.,135,488,623
WBGene00013353.,25,31,56
WBGene00013354.,161,563,724
WBGene00013355.,117,671,788
WBGene00013356.,0,0,0
WBGene00013357.,1,4,5
WBGene00013358.,20,145,165
WBGene00013359.,3,120,123
WBGene00013360.,187,1309,1496
WBGene00013361.,180,368,548
WBGene00013362.,22,72,94
WBGene00013363.,3,3,6
WBGene00013364.,6,11,17
WBGene00013365.,102,458,560
WBGene00013366.,571,798,1369
WBGene00013367.,1,1,2
WBGene00013368.,2,9,11
WBGene00013369.,0,1,1
WBGene00013370.,0,1,1
WBGene00013371.,0,0,0
WBGene00013372.,0,0,0
WBGene00013373.,0,5,5
WBGene00013374.,0,0,0
WBGene00013375.,8,16,24
WBGene00013376.,40,191,231
WBGene00013378.,7,557,564
WBGene00013379.,163,647,810
WBGene00013380.,0,20,20
WBGene00013381.,4,22,26
WBGene00013382.,9,76,85
WBGene00013383.,4,15,19
WBGene00013385.,20,118,138
WBGene00013386.,0,1,1
WBGene00013387.,49,276,325
WBGene00013388.,0,2,2
WBGene00013389.,0,0,0
WBGene00013390.,0,0,0
WBGene00013391.,0,0,0
WBGene00013392.,0,0,0
WBGene00013393.,0,0,0
WBGene00013394.,0,0,0
WBGene00013395.,1,0,1
WBGene00013396.,1,0,1
WBGene00013397.,0,1,1
WBGene00013398.,0,2,2
WBGene00013399.,1,4,5
WBGene00013400.,0,0,0
WBGene00013401.,0,5,5
WBGene00013402.,4,18,22
WBGene00013403.,3,28,31
WBGene00013404.,1,57,58
WBGene00013405.,12,72,84
WBGene00013406.,584,3175,3759
WBGene00013407.,16,137,153
WBGene00013408.,0,4,4
WBGene00013409.,0,0,0
WBGene00013410.,3,12,15
WBGene00013411.,3,2,5
WBGene00013412.,0,1,1
WBGene00013415.,55,309,364
WBGene00013416.,33,108,141
WBGene00013417.,11,26,37
WBGene00013418.,119,430,549
WBGene00013419.,2,8,10
WBGene00013421.,0,5,5
WBGene00013422.,62,249,311
WBGene00013424.,3,3,6
WBGene00013425.,20,48,68
WBGene00013426.,10,162,172
WBGene00013427.,8,3,11
WBGene00013429.,0,2,2
WBGene00013431.,39,61,100
WBGene00013432.,6,27,33
WBGene00013433.,2,96,98
WBGene00013434.,47,218,265
WBGene00013435.,73,812,885
WBGene00013436.,74,440,514
WBGene00013437.,0,12,12
WBGene00013438.,0,158,158
WBGene00013439.,1,6,7
WBGene00013440.,1,12,13
WBGene00013441.,60,266,326
WBGene00013442.,3,48,51
WBGene00013443.,34,63,97
WBGene00013445.,6,38,44
WBGene00013446.,144,275,419
WBGene00013447.,64,278,342
WBGene00013448.,68,243,311
WBGene00013449.,1,2,3
WBGene00013450.,1,1,2
WBGene00013451.,1,6,7
WBGene00013452.,2,1,3
WBGene00013453.,27,300,327
WBGene00013454.,2,0,2
WBGene00013455.,66,250,316
WBGene00013456.,18,119,137
WBGene00013457.,8,34,42
WBGene00013458.,28,265,293
WBGene00013459.,540,1437,1977
WBGene00013460.,126,280,406
WBGene00013461.,81,382,463
WBGene00013462.,78,563,641
WBGene00013463.,0,4001,4001
WBGene00013464.,22,133,155
WBGene00013465.,24,172,196
WBGene00013466.,0,1,1
WBGene00013467.,0,0,0
WBGene00013468.,0,0,0
WBGene00013469.,1,0,1
WBGene00013470.,0,0,0
WBGene00013471.,0,0,0
WBGene00013472.,0,0,0
WBGene00013473.,0,0,0
WBGene00013474.,0,2,2
WBGene00013475.,0,1,1
WBGene00013476.,0,0,0
WBGene00013477.,95,1595,1690
WBGene00013478.,1,1,2
WBGene00013479.,32,107,139
WBGene00013480.,18,3,21
WBGene00013481.,482,2455,2937
WBGene00013482.,29,194,223
WBGene00013483.,0,1,1
WBGene00013484.,3,6,9
WBGene00013485.,59,96,155
WBGene00013486.,9,9,18
WBGene00013487.,2,1,3
WBGene00013489.,16,3256,3272
WBGene00013490.,2,10,12
WBGene00013491.,0,0,0
WBGene00013492.,0,0,0
WBGene00013493.,0,8,8
WBGene00013494.,0,7,7
WBGene00013495.,3,1,4
WBGene00013496.,6,58,64
WBGene00013497.,11,69,80
WBGene00013498.,0,0,0
WBGene00013499.,27,187,214
WBGene00013500.,0,0,0
WBGene00013501.,0,62,62
WBGene00013502.,2,1,3
WBGene00013503.,3,0,3
WBGene00013505.,6,2,8
WBGene00013506.,27,109,136
WBGene00013507.,6,20,26
WBGene00013508.,0,1,1
WBGene00013509.,1,42,43
WBGene00013510.,11,3,14
WBGene00013511.,1,4,5
WBGene00013512.,7,15,22
WBGene00013513.,1,2,3
WBGene00013514.,881,3609,4490
WBGene00013515.,242,1024,1266
WBGene00013516.,50,202,252
WBGene00013517.,8,26,34
WBGene00013518.,47,161,208
WBGene00013519.,0,0,0
WBGene00013520.,5,4,9
WBGene00013521.,0,0,0
WBGene00013522.,43,166,209
WBGene00013523.,0,0,0
WBGene00013524.,0,0,0
WBGene00013525.,2,4,6
WBGene00013526.,0,0,0
WBGene00013527.,1,0,1
WBGene00013528.,1,0,1
WBGene00013529.,76,254,330
WBGene00013530.,77,395,472
WBGene00013531.,122,529,651
WBGene00013532.,7,468,475
WBGene00013534.,16,22,38
WBGene00013535.,3,15,18
WBGene00013536.,28,16,44
WBGene00013537.,3,1,4
WBGene00013538.,86,215,301
WBGene00013539.,4,12,16
WBGene00013540.,29,84,113
WBGene00013541.,5,27,32
WBGene00013542.,15,149,164
WBGene00013543.,36,216,252
WBGene00013544.,139,659,798
WBGene00013545.,84,398,482
WBGene00013547.,1,21,22
WBGene00013548.,53,164,217
WBGene00013549.,49,189,238
WBGene00013550.,16,526,542
WBGene00013551.,11,58,69
WBGene00013552.,1,39,40
WBGene00013553.,100,332,432
WBGene00013554.,17,62,79
WBGene00013555.,4,9,13
WBGene00013556.,73,342,415
WBGene00013557.,173,438,611
WBGene00013558.,39,307,346
WBGene00013559.,13,45,58
WBGene00013560.,27,80,107
WBGene00013561.,76,253,329
WBGene00013562.,1,8,9
WBGene00013563.,15,20,35
WBGene00013564.,3,3,6
WBGene00013565.,0,0,0
WBGene00013566.,0,0,0
WBGene00013567.,0,30,30
WBGene00013568.,53,199,252
WBGene00013569.,1,91,92
WBGene00013570.,0,0,0
WBGene00013571.,0,0,0
WBGene00013572.,0,0,0
WBGene00013573.,31,17,48
WBGene00013574.,11,8,19
WBGene00013575.,21,255,276
WBGene00013576.,3,75,78
WBGene00013577.,920,4054,4974
WBGene00013578.,4,47,51
WBGene00013579.,4,1,5
WBGene00013580.,298,384,682
WBGene00013581.,0,0,0
WBGene00013583.,0,0,0
WBGene00013584.,13,51,64
WBGene00013585.,7,68,75
WBGene00013586.,0,1,1
WBGene00013587.,16,36,52
WBGene00013588.,314,1524,1838
WBGene00013589.,0,2,2
WBGene00013590.,0,1,1
WBGene00013591.,9,251,260
WBGene00013592.,12,14,26
WBGene00013593.,45,227,272
WBGene00013594.,46,47,93
WBGene00013595.,48,220,268
WBGene00013596.,9,144,153
WBGene00013597.,207,1575,1782
WBGene00013598.,41,462,503
WBGene00013599.,87,154,241
WBGene00013601.,34,258,292
WBGene00013602.,8,129,137
WBGene00013603.,50,504,554
WBGene00013604.,30,266,296
WBGene00013605.,69,404,473
WBGene00013606.,59,497,556
WBGene00013607.,0,0,0
WBGene00013608.,0,0,0
WBGene00013609.,1,0,1
WBGene00013610.,4,51,55
WBGene00013611.,1,24,25
WBGene00013612.,0,15,15
WBGene00013613.,0,4,4
WBGene00013614.,0,1,1
WBGene00013615.,0,1,1
WBGene00013616.,0,0,0
WBGene00013617.,0,0,0
WBGene00013618.,0,0,0
WBGene00013619.,0,0,0
WBGene00013620.,0,0,0
WBGene00013621.,0,0,0
WBGene00013622.,0,1,1
WBGene00013623.,17,87,104
WBGene00013624.,0,2,2
WBGene00013625.,0,0,0
WBGene00013626.,0,0,0
WBGene00013627.,0,0,0
WBGene00013628.,0,0,0
WBGene00013629.,0,0,0
WBGene00013631.,0,1,1
WBGene00013632.,44,78,122
WBGene00013633.,17,65,82
WBGene00013634.,8,7,15
WBGene00013635.,0,1,1
WBGene00013636.,0,0,0
WBGene00013637.,1,31,32
WBGene00013638.,160,488,648
WBGene00013639.,347,203,550
WBGene00013640.,45,9,54
WBGene00013642.,41,194,235
WBGene00013643.,2,14,16
WBGene00013644.,0,6,6
WBGene00013645.,0,2,2
WBGene00013646.,3,4,7
WBGene00013647.,105,733,838
WBGene00013648.,0,0,0
WBGene00013649.,3,5,8
WBGene00013650.,5,55,60
WBGene00013651.,6,4,10
WBGene00013652.,0,3,3
WBGene00013653.,1,2,3
WBGene00013654.,0,7,7
WBGene00013655.,2,0,2
WBGene00013656.,0,2,2
WBGene00013657.,0,0,0
WBGene00013658.,10,57,67
WBGene00013659.,0,4,4
WBGene00013661.,2,0,2
WBGene00013662.,5,33,38
WBGene00013665.,12,26,38
WBGene00013666.,31,126,157
WBGene00013667.,47,284,331
WBGene00013668.,48,327,375
WBGene00013669.,16,67,83
WBGene00013670.,121,390,511
WBGene00013671.,56,446,502
WBGene00013672.,16,42,58
WBGene00013673.,39,107,146
WBGene00013674.,20,174,194
WBGene00013676.,55,366,421
WBGene00013677.,154,625,779
WBGene00013678.,156,442,598
WBGene00013679.,47,271,318
WBGene00013680.,122,309,431
WBGene00013682.,410,418,828
WBGene00013683.,65,747,812
WBGene00013684.,3,0,3
WBGene00013685.,12,25,37
WBGene00013687.,48,278,326
WBGene00013688.,141,846,987
WBGene00013689.,9,304,313
WBGene00013690.,10,269,279
WBGene00013691.,16,166,182
WBGene00013692.,73,292,365
WBGene00013693.,4,33,37
WBGene00013694.,19,172,191
WBGene00013695.,61,317,378
WBGene00013696.,0,3,3
WBGene00013697.,4,128,132
WBGene00013698.,8,198,206
WBGene00013699.,1,2,3
WBGene00013700.,5,10,15
WBGene00013701.,0,28,28
WBGene00013702.,49,105,154
WBGene00013703.,52,229,281
WBGene00013704.,28,89,117
WBGene00013705.,0,0,0
WBGene00013706.,0,2,2
WBGene00013707.,0,1,1
WBGene00013708.,4,91,95
WBGene00013709.,55,767,822
WBGene00013710.,0,6,6
WBGene00013711.,111,242,353
WBGene00013712.,0,0,0
WBGene00013713.,0,1,1
WBGene00013716.,5,19,24
WBGene00013717.,5,56,61
WBGene00013718.,15,361,376
WBGene00013719.,9,135,144
WBGene00013720.,0,174,174
WBGene00013721.,0,2,2
WBGene00013722.,0,0,0
WBGene00013723.,0,16,16
WBGene00013724.,32,103,135
WBGene00013725.,26,189,215
WBGene00013726.,39,147,186
WBGene00013727.,5,35,40
WBGene00013728.,29,234,263
WBGene00013729.,1,78,79
WBGene00013730.,266,555,821
WBGene00013732.,516,263,779
WBGene00013734.,3,982,985
WBGene00013735.,376,729,1105
WBGene00013736.,15,532,547
WBGene00013737.,101,298,399
WBGene00013738.,52,350,402
WBGene00013739.,24,25,49
WBGene00013740.,5,433,438
WBGene00013741.,4,6,10
WBGene00013742.,21,30,51
WBGene00013744.,1,1,2
WBGene00013746.,61,127,188
WBGene00013747.,2,1,3
WBGene00013748.,10,332,342
WBGene00013749.,19,20,39
WBGene00013750.,0,1,1
WBGene00013751.,8,82,90
WBGene00013752.,110,136,246
WBGene00013753.,8,143,151
WBGene00013754.,0,0,0
WBGene00013755.,1,6,7
WBGene00013756.,7,51,58
WBGene00013757.,2,4,6
WBGene00013758.,5,55,60
WBGene00013759.,0,0,0
WBGene00013760.,0,0,0
WBGene00013761.,1,35,36
WBGene00013762.,0,2,2
WBGene00013763.,1,13,14
WBGene00013764.,4,7,11
WBGene00013765.,39,479,518
WBGene00013766.,65,5494,5559
WBGene00013768.,51,113,164
WBGene00013770.,0,0,0
WBGene00013771.,0,0,0
WBGene00013772.,0,0,0
WBGene00013773.,0,0,0
WBGene00013774.,22,22,44
WBGene00013775.,0,6,6
WBGene00013776.,0,31,31
WBGene00013777.,0,0,0
WBGene00013778.,4,7,11
WBGene00013779.,2,9,11
WBGene00013781.,47,101,148
WBGene00013782.,25,60,85
WBGene00013783.,2,0,2
WBGene00013784.,784,1982,2766
WBGene00013785.,0,1,1
WBGene00013786.,0,0,0
WBGene00013788.,1,0,1
WBGene00013789.,21,155,176
WBGene00013790.,33,198,231
WBGene00013791.,0,1,1
WBGene00013792.,42,56,98
WBGene00013794.,0,0,0
WBGene00013795.,0,0,0
WBGene00013796.,0,0,0
WBGene00013797.,0,0,0
WBGene00013798.,0,0,0
WBGene00013799.,2,0,2
WBGene00013800.,0,0,0
WBGene00013801.,1,4,5
WBGene00013802.,38,53,91
WBGene00013803.,112,474,586
WBGene00013804.,115,807,922
WBGene00013805.,311,1242,1553
WBGene00013806.,15,80,95
WBGene00013807.,162,248,410
WBGene00013808.,84,463,547
WBGene00013809.,4,2,6
WBGene00013810.,0,0,0
WBGene00013811.,1,2,3
WBGene00013812.,7,58,65
WBGene00013814.,10,5,15
WBGene00013815.,0,1,1
WBGene00013816.,0,5,5
WBGene00013817.,2,12,14
WBGene00013819.,59,293,352
WBGene00013820.,4,9,13
WBGene00013821.,1,0,1
WBGene00013822.,0,0,0
WBGene00013823.,4,1,5
WBGene00013824.,0,1,1
WBGene00013825.,13,17,30
WBGene00013826.,1,4,5
WBGene00013827.,0,0,0
WBGene00013828.,1,0,1
WBGene00013829.,0,6,6
WBGene00013830.,1,12,13
WBGene00013831.,2,2,4
WBGene00013832.,0,5,5
WBGene00013833.,2,10,12
WBGene00013834.,3,4,7
WBGene00013835.,8,37,45
WBGene00013836.,0,13,13
WBGene00013837.,1,0,1
WBGene00013838.,2,61,63
WBGene00013839.,0,3,3
WBGene00013840.,1,1,2
WBGene00013841.,3,10,13
WBGene00013842.,5,23,28
WBGene00013843.,0,2,2
WBGene00013844.,1,5,6
WBGene00013845.,16,84,100
WBGene00013846.,1,1,2
WBGene00013847.,87,295,382
WBGene00013848.,43,119,162
WBGene00013849.,7,11,18
WBGene00013850.,11,25,36
WBGene00013852.,31,86,117
WBGene00013853.,2,1391,1393
WBGene00013854.,0,1,1
WBGene00013855.,11,43,54
WBGene00013856.,0,9,9
WBGene00013857.,49,97,146
WBGene00013858.,0,2,2
WBGene00013859.,281,2229,2510
WBGene00013860.,68,641,709
WBGene00013862.,2,69,71
WBGene00013863.,0,4,4
WBGene00013865.,0,2,2
WBGene00013866.,123,684,807
WBGene00013867.,30,61,91
WBGene00013868.,0,4,4
WBGene00013869.,82,334,416
WBGene00013870.,9,66,75
WBGene00013871.,0,1,1
WBGene00013872.,65,198,263
WBGene00013873.,4,1,5
WBGene00013874.,5,8,13
WBGene00013875.,1,6,7
WBGene00013876.,6,50,56
WBGene00013877.,31,191,222
WBGene00013878.,82,616,698
WBGene00013879.,5,9,14
WBGene00013880.,12,490,502
WBGene00013881.,24,108,132
WBGene00013882.,200,1906,2106
WBGene00013883.,10,20,30
WBGene00013884.,2437,5379,7816
WBGene00013886.,3,2,5
WBGene00013887.,0,2,2
WBGene00013888.,0,0,0
WBGene00013889.,0,0,0
WBGene00013890.,0,0,0
WBGene00013891.,0,5,5
WBGene00013892.,100,475,575
WBGene00013893.,9,320,329
WBGene00013894.,66,170,236
WBGene00013895.,12,110,122
WBGene00013896.,21,93,114
WBGene00013897.,7,150,157
WBGene00013898.,45,403,448
WBGene00013899.,5,169,174
WBGene00013900.,0,8,8
WBGene00013901.,1,37,38
WBGene00013902.,13,43,56
WBGene00013903.,0,0,0
WBGene00013904.,0,0,0
WBGene00013905.,0,6,6
WBGene00013906.,1,13,14
WBGene00013907.,2,9,11
WBGene00013908.,1,5,6
WBGene00013909.,0,0,0
WBGene00013910.,0,0,0
WBGene00013911.,0,4,4
WBGene00013912.,1,1,2
WBGene00013913.,3,0,3
WBGene00013914.,13,20,33
WBGene00013915.,1,0,1
WBGene00013916.,0,0,0
WBGene00013917.,11,99,110
WBGene00013918.,0,0,0
WBGene00013919.,77,376,453
WBGene00013920.,22,596,618
WBGene00013921.,36,184,220
WBGene00013923.,4,41,45
WBGene00013924.,31,1210,1241
WBGene00013925.,29,327,356
WBGene00013926.,0,55,55
WBGene00013927.,1,1,2
WBGene00013928.,1,0,1
WBGene00013929.,0,5,5
WBGene00013930.,0,0,0
WBGene00013931.,1,1,2
WBGene00013932.,0,0,0
WBGene00013933.,1,3,4
WBGene00013934.,116,715,831
WBGene00013935.,0,0,0
WBGene00013937.,0,0,0
WBGene00013938.,20,150,170
WBGene00013939.,0,7,7
WBGene00013940.,0,0,0
WBGene00013941.,0,1,1
WBGene00013942.,0,0,0
WBGene00013943.,0,0,0
WBGene00013944.,0,0,0
WBGene00013946.,81,98,179
WBGene00013947.,32,132,164
WBGene00013948.,0,0,0
WBGene00013949.,19,72,91
WBGene00013950.,25,116,141
WBGene00013951.,0,0,0
WBGene00013953.,1,0,1
WBGene00013954.,0,1,1
WBGene00013955.,22,17,39
WBGene00013956.,0,0,0
WBGene00013957.,29,52,81
WBGene00013958.,85,964,1049
WBGene00013959.,33,224,257
WBGene00013960.,3,6,9
WBGene00013961.,0,5,5
WBGene00013962.,41,318,359
WBGene00013963.,1,42,43
WBGene00013964.,5,102,107
WBGene00013965.,3,8,11
WBGene00013966.,3,142,145
WBGene00013967.,19,131,150
WBGene00013968.,0,5,5
WBGene00013969.,85,661,746
WBGene00013970.,34,181,215
WBGene00013971.,0,0,0
WBGene00013972.,0,0,0
WBGene00013973.,0,0,0
WBGene00013974.,4,9,13
WBGene00013975.,5,20,25
WBGene00013976.,2,6,8
WBGene00013978.,1,0,1
WBGene00013979.,0,2,2
WBGene00013980.,26,68,94
WBGene00013982.,6,47,53
WBGene00013983.,22,665,687
WBGene00013984.,378,1084,1462
WBGene00013985.,20,325,345
WBGene00013986.,0,0,0
WBGene00013987.,0,1,1
WBGene00013988.,1,2,3
WBGene00013989.,22,134,156
WBGene00013993.,0,0,0
WBGene00013994.,26,178,204
WBGene00013995.,1,1,2
WBGene00013996.,1,18,19
WBGene00013997.,100,845,945
WBGene00013998.,8,131,139
WBGene00013999.,1,4,5
WBGene00014000.,1,62,63
WBGene00014001.,64,523,587
WBGene00014002.,19,38,57
WBGene00014003.,2,928,930
WBGene00014004.,50,306,356
WBGene00014005.,1,2,3
WBGene00014006.,1,481,482
WBGene00014007.,0,6,6
WBGene00014008.,8,79,87
WBGene00014009.,0,5,5
WBGene00014011.,10,273,283
WBGene00014012.,22,579,601
WBGene00014013.,35,582,617
WBGene00014014.,20,93,113
WBGene00014015.,23,365,388
WBGene00014016.,575,4940,5515
WBGene00014017.,69,638,707
WBGene00014018.,60,289,349
WBGene00014019.,54,260,314
WBGene00014020.,14,250,264
WBGene00014021.,98,236,334
WBGene00014022.,173,1382,1555
WBGene00014023.,54,96,150
WBGene00014024.,27,130,157
WBGene00014025.,59,655,714
WBGene00014026.,0,0,0
WBGene00014027.,11,55,66
WBGene00014028.,24,87,111
WBGene00014029.,0,4,4
WBGene00014030.,15,2043,2058
WBGene00014031.,12,455,467
WBGene00014032.,0,2,2
WBGene00014033.,53,210,263
WBGene00014034.,0,78,78
WBGene00014035.,28,221,249
WBGene00014036.,275,640,915
WBGene00014037.,118,1,119
WBGene00014039.,6,14,20
WBGene00014040.,0,0,0
WBGene00014041.,0,0,0
WBGene00014042.,0,0,0
WBGene00014043.,0,0,0
WBGene00014044.,0,0,0
WBGene00014045.,0,0,0
WBGene00014046.,0,0,0
WBGene00014047.,0,2,2
WBGene00014048.,0,1,1
WBGene00014049.,0,0,0
WBGene00014050.,0,0,0
WBGene00014051.,84,405,489
WBGene00014052.,0,17,17
WBGene00014053.,6,11,17
WBGene00014054.,73,2153,2226
WBGene00014055.,66,511,577
WBGene00014057.,10,62,72
WBGene00014058.,44,294,338
WBGene00014060.,10,44,54
WBGene00014061.,0,0,0
WBGene00014062.,0,17,17
WBGene00014063.,0,10,10
WBGene00014064.,0,0,0
WBGene00014065.,18,14,32
WBGene00014066.,13,146,159
WBGene00014067.,1,37,38
WBGene00014068.,1,0,1
WBGene00014069.,0,4,4
WBGene00014070.,7,1,8
WBGene00014073.,2,13,15
WBGene00014074.,17,145,162
WBGene00014075.,39,390,429
WBGene00014076.,53,158,211
WBGene00014077.,14,67,81
WBGene00014078.,168,978,1146
WBGene00014079.,15,96,111
WBGene00014080.,17,93,110
WBGene00014081.,17,120,137
WBGene00014082.,1,2,3
WBGene00014083.,130,808,938
WBGene00014084.,0,0,0
WBGene00014085.,0,14,14
WBGene00014086.,1006,3519,4525
WBGene00014087.,24,232,256
WBGene00014088.,186,9689,9875
WBGene00014089.,6,5,11
WBGene00014090.,22,432,454
WBGene00014091.,1031,8074,9105
WBGene00014092.,369,1967,2336
WBGene00014093.,11,43,54
WBGene00014094.,6,13,19
WBGene00014095.,63,14482,14545
WBGene00014096.,11,962,973
WBGene00014097.,0,12,12
WBGene00014098.,50,885,935
WBGene00014099.,10,123,133
WBGene00014100.,2,13,15
WBGene00014101.,60,176,236
WBGene00014102.,0,0,0
WBGene00014103.,15,16,31
WBGene00014104.,0,1,1
WBGene00014105.,5,10,15
WBGene00014106.,34,89,123
WBGene00014107.,5,84,89
WBGene00014108.,355,4710,5065
WBGene00014109.,23,870,893
WBGene00014111.,9,217,226
WBGene00014112.,36,384,420
WBGene00014113.,4,45,49
WBGene00014114.,22,155,177
WBGene00014115.,60,437,497
WBGene00014116.,1,3,4
WBGene00014117.,1,11,12
WBGene00014118.,33,133,166
WBGene00014119.,109,355,464
WBGene00014120.,0,156,156
WBGene00014121.,9,10,19
WBGene00014122.,18,43,61
WBGene00014123.,15,373,388
WBGene00014124.,5,197,202
WBGene00014125.,8,396,404
WBGene00014126.,0,0,0
WBGene00014127.,0,2,2
WBGene00014128.,0,1,1
WBGene00014129.,0,1,1
WBGene00014130.,0,2,2
WBGene00014131.,0,5,5
WBGene00014132.,3,0,3
WBGene00014134.,8,7,15
WBGene00014135.,1,1,2
WBGene00014136.,18,27,45
WBGene00014137.,1,45,46
WBGene00014138.,8,19,27
WBGene00014139.,49,128,177
WBGene00014140.,123,158,281
WBGene00014141.,5,39,44
WBGene00014142.,3,11,14
WBGene00014143.,0,0,0
WBGene00014144.,0,0,0
WBGene00014145.,5,16,21
WBGene00014147.,0,0,0
WBGene00014148.,84,816,900
WBGene00014149.,0,3,3
WBGene00014150.,22,78,100
WBGene00014151.,39,199,238
WBGene00014152.,3,7,10
WBGene00014153.,21,270,291
WBGene00014154.,0,8,8
WBGene00014155.,2,6,8
WBGene00014156.,30,180,210
WBGene00014157.,0,0,0
WBGene00014158.,1,1,2
WBGene00014159.,7,134,141
WBGene00014160.,0,2,2
WBGene00014161.,5,14,19
WBGene00014162.,0,1,1
WBGene00014163.,0,31,31
WBGene00014164.,8,53,61
WBGene00014165.,161,2074,2235
WBGene00014166.,3,19,22
WBGene00014168.,0,0,0
WBGene00014169.,0,7,7
WBGene00014170.,0,0,0
WBGene00014171.,404,1185,1589
WBGene00014172.,51,271,322
WBGene00014173.,1,1,2
WBGene00014174.,0,0,0
WBGene00014175.,70,344,414
WBGene00014176.,29,242,271
WBGene00014177.,51,355,406
WBGene00014178.,2,12,14
WBGene00014179.,0,0,0
WBGene00014180.,0,0,0
WBGene00014181.,1,11,12
WBGene00014182.,0,0,0
WBGene00014183.,2,112,114
WBGene00014184.,1,3,4
WBGene00014185.,0,0,0
WBGene00014186.,0,0,0
WBGene00014188.,0,0,0
WBGene00014189.,0,38,38
WBGene00014190.,0,0,0
WBGene00014191.,0,1,1
WBGene00014192.,0,0,0
WBGene00014193.,0,0,0
WBGene00014194.,0,0,0
WBGene00014195.,3,12,15
WBGene00014196.,1,3,4
WBGene00014197.,1,0,1
WBGene00014198.,0,22,22
WBGene00014199.,0,1,1
WBGene00014200.,0,14,14
WBGene00014201.,0,0,0
WBGene00014202.,84,1453,1537
WBGene00014203.,5,45,50
WBGene00014204.,28,1484,1512
WBGene00014205.,7,128,135
WBGene00014206.,7,86,93
WBGene00014207.,123,1801,1924
WBGene00014208.,16,210,226
WBGene00014209.,41,223,264
WBGene00014210.,9,41,50
WBGene00014213.,50,1128,1178
WBGene00014214.,200,454,654
WBGene00014215.,67,241,308
WBGene00014216.,2,1,3
WBGene00014217.,0,0,0
WBGene00014218.,69,695,764
WBGene00014219.,21,223,244
WBGene00014220.,15,85,100
WBGene00014221.,33,526,559
WBGene00014222.,44,214,258
WBGene00014223.,33,38,71
WBGene00014224.,121,970,1091
WBGene00014225.,3,17,20
WBGene00014226.,0,55,55
WBGene00014227.,73,207,280
WBGene00014228.,3,106,109
WBGene00014229.,0,0,0
WBGene00014230.,5,135,140
WBGene00014232.,46,652,698
WBGene00014233.,25,181,206
WBGene00014234.,2,241,243
WBGene00014235.,2,11,13
WBGene00014236.,3,2,5
WBGene00014238.,0,0,0
WBGene00014239.,0,1,1
WBGene00014240.,1,0,1
WBGene00014241.,0,1,1
WBGene00014242.,0,0,0
WBGene00014243.,51,411,462
WBGene00014244.,10,172,182
WBGene00014245.,1,4,5
WBGene00014246.,0,0,0
WBGene00014247.,0,1,1
WBGene00014248.,39,173,212
WBGene00014249.,31,876,907
WBGene00014250.,5,142,147
WBGene00014251.,64,257,321
WBGene00014252.,25,62,87
WBGene00014253.,9,34,43
WBGene00014254.,6,76,82
WBGene00014255.,1,26,27
WBGene00014256.,2,67,69
WBGene00014258.,107,1217,1324
WBGene00014259.,91,526,617
WBGene00014260.,14,19,33
WBGene00014261.,160,506,666
WBGene00014262.,549,3777,4326
WBGene00014263.,0,0,0
WBGene00014264.,0,0,0
WBGene00014265.,0,0,0
WBGene00014266.,0,0,0
WBGene00014267.,0,0,0
WBGene00014268.,0,0,0
WBGene00014269.,0,0,0
WBGene00014270.,0,0,0
WBGene00014271.,0,0,0
WBGene00014272.,0,0,0
WBGene00014273.,0,0,0
WBGene00014274.,0,0,0
WBGene00014275.,0,0,0
WBGene00014276.,0,0,0
WBGene00014277.,0,0,0
WBGene00014278.,0,0,0
WBGene00014279.,0,0,0
WBGene00014280.,0,0,0
WBGene00014281.,0,0,0
WBGene00014282.,0,0,0
WBGene00014283.,0,0,0
WBGene00014284.,0,0,0
WBGene00014285.,0,0,0
WBGene00014286.,0,0,0
WBGene00014287.,0,0,0
WBGene00014288.,0,0,0
WBGene00014289.,0,0,0
WBGene00014290.,0,0,0
WBGene00014291.,0,14,14
WBGene00014292.,0,0,0
WBGene00014293.,0,0,0
WBGene00014294.,685,1310,1995
WBGene00014295.,0,0,0
WBGene00014296.,0,0,0
WBGene00014297.,0,1,1
WBGene00014298.,0,0,0
WBGene00014299.,0,0,0
WBGene00014300.,22,80,102
WBGene00014301.,0,0,0
WBGene00014302.,0,0,0
WBGene00014303.,0,0,0
WBGene00014304.,0,0,0
WBGene00014305.,0,0,0
WBGene00014306.,0,0,0
WBGene00014307.,3296,14403,17699
WBGene00014308.,19,3228,3247
WBGene00014309.,2616,17889,20505
WBGene00014310.,0,0,0
WBGene00014311.,0,0,0
WBGene00014312.,0,0,0
WBGene00014313.,0,0,0
WBGene00014314.,0,0,0
WBGene00014315.,0,0,0
WBGene00014316.,0,0,0
WBGene00014317.,0,1,1
WBGene00014318.,0,0,0
WBGene00014319.,0,0,0
WBGene00014320.,0,0,0
WBGene00014321.,0,0,0
WBGene00014322.,0,3,3
WBGene00014323.,0,0,0
WBGene00014324.,0,0,0
WBGene00014325.,0,0,0
WBGene00014326.,0,0,0
WBGene00014327.,0,0,0
WBGene00014328.,0,0,0
WBGene00014329.,0,3,3
WBGene00014330.,0,0,0
WBGene00014331.,0,0,0
WBGene00014332.,0,0,0
WBGene00014333.,0,0,0
WBGene00014334.,0,0,0
WBGene00014335.,0,0,0
WBGene00014336.,0,0,0
WBGene00014337.,0,0,0
WBGene00014338.,0,0,0
WBGene00014339.,0,0,0
WBGene00014340.,0,0,0
WBGene00014341.,0,0,0
WBGene00014342.,0,0,0
WBGene00014343.,0,0,0
WBGene00014344.,0,0,0
WBGene00014345.,0,0,0
WBGene00014346.,0,0,0
WBGene00014347.,0,0,0
WBGene00014348.,0,0,0
WBGene00014349.,0,0,0
WBGene00014350.,0,2,2
WBGene00014351.,0,0,0
WBGene00014352.,0,0,0
WBGene00014353.,0,0,0
WBGene00014354.,0,0,0
WBGene00014355.,0,0,0
WBGene00014356.,0,0,0
WBGene00014357.,0,0,0
WBGene00014358.,0,0,0
WBGene00014359.,0,0,0
WBGene00014360.,0,0,0
WBGene00014361.,0,0,0
WBGene00014362.,0,0,0
WBGene00014363.,0,0,0
WBGene00014364.,0,0,0
WBGene00014365.,0,0,0
WBGene00014366.,0,0,0
WBGene00014367.,0,0,0
WBGene00014368.,0,0,0
WBGene00014369.,0,0,0
WBGene00014370.,0,0,0
WBGene00014371.,0,4,4
WBGene00014372.,0,0,0
WBGene00014373.,1,0,1
WBGene00014374.,0,0,0
WBGene00014375.,0,1,1
WBGene00014376.,0,0,0
WBGene00014377.,0,0,0
WBGene00014378.,0,0,0
WBGene00014379.,0,0,0
WBGene00014380.,0,0,0
WBGene00014381.,0,0,0
WBGene00014382.,0,0,0
WBGene00014384.,0,0,0
WBGene00014385.,0,2,2
WBGene00014386.,0,0,0
WBGene00014387.,0,0,0
WBGene00014388.,0,0,0
WBGene00014389.,0,0,0
WBGene00014390.,0,0,0
WBGene00014391.,0,0,0
WBGene00014392.,0,0,0
WBGene00014393.,0,0,0
WBGene00014394.,0,8,8
WBGene00014395.,0,0,0
WBGene00014396.,0,0,0
WBGene00014397.,0,0,0
WBGene00014398.,0,0,0
WBGene00014399.,0,0,0
WBGene00014400.,0,0,0
WBGene00014401.,0,0,0
WBGene00014402.,0,0,0
WBGene00014403.,0,0,0
WBGene00014404.,0,0,0
WBGene00014405.,0,0,0
WBGene00014406.,0,0,0
WBGene00014407.,0,0,0
WBGene00014408.,0,0,0
WBGene00014409.,0,0,0
WBGene00014410.,0,0,0
WBGene00014411.,0,0,0
WBGene00014413.,0,0,0
WBGene00014414.,0,0,0
WBGene00014415.,0,0,0
WBGene00014416.,0,0,0
WBGene00014417.,0,8,8
WBGene00014418.,0,0,0
WBGene00014419.,0,0,0
WBGene00014420.,0,2,2
WBGene00014421.,0,0,0
WBGene00014422.,0,0,0
WBGene00014423.,0,0,0
WBGene00014424.,0,0,0
WBGene00014425.,0,0,0
WBGene00014426.,0,0,0
WBGene00014427.,0,0,0
WBGene00014428.,0,1,1
WBGene00014429.,0,0,0
WBGene00014430.,0,0,0
WBGene00014431.,0,0,0
WBGene00014432.,0,0,0
WBGene00014433.,0,0,0
WBGene00014434.,0,0,0
WBGene00014435.,0,0,0
WBGene00014436.,0,0,0
WBGene00014437.,0,0,0
WBGene00014438.,0,0,0
WBGene00014439.,0,5,5
WBGene00014440.,0,1,1
WBGene00014441.,0,0,0
WBGene00014442.,0,0,0
WBGene00014443.,0,0,0
WBGene00014444.,0,0,0
WBGene00014445.,0,0,0
WBGene00014446.,0,0,0
WBGene00014447.,0,0,0
WBGene00014448.,0,0,0
WBGene00014449.,0,0,0
WBGene00014450.,0,4,4
WBGene00014451.,0,5,5
WBGene00014452.,0,86,86
WBGene00014453.,0,4,4
WBGene00014454.,0,38024,38024
WBGene00014455.,0,1,1
WBGene00014456.,0,6,6
WBGene00014457.,0,47,47
WBGene00014458.,0,0,0
WBGene00014459.,0,12,12
WBGene00014460.,0,5,5
WBGene00014461.,0,6,6
WBGene00014462.,0,257,257
WBGene00014463.,0,11,11
WBGene00014464.,0,0,0
WBGene00014465.,0,6,6
WBGene00014466.,0,39,39
WBGene00014467.,0,27,27
WBGene00014468.,0,9,9
WBGene00014469.,0,1,1
WBGene00014470.,0,12,12
WBGene00014471.,0,8,8
WBGene00014472.,0,19307,19307
WBGene00014473.,0,2054,2054
WBGene00014474.,0,0,0
WBGene00014475.,0,0,0
WBGene00014476.,0,0,0
WBGene00014477.,0,0,0
WBGene00014478.,0,1,1
WBGene00014479.,0,0,0
WBGene00014480.,0,0,0
WBGene00014481.,0,0,0
WBGene00014482.,0,0,0
WBGene00014483.,0,0,0
WBGene00014484.,0,0,0
WBGene00014485.,0,0,0
WBGene00014486.,1,0,1
WBGene00014487.,0,0,0
WBGene00014488.,0,0,0
WBGene00014489.,0,0,0
WBGene00014490.,0,0,0
WBGene00014491.,0,0,0
WBGene00014493.,0,0,0
WBGene00014494.,0,0,0
WBGene00014495.,0,0,0
WBGene00014496.,0,0,0
WBGene00014497.,0,0,0
WBGene00014498.,0,0,0
WBGene00014499.,0,0,0
WBGene00014500.,0,1,1
WBGene00014501.,0,0,0
WBGene00014502.,0,0,0
WBGene00014503.,0,0,0
WBGene00014504.,0,0,0
WBGene00014505.,0,12128,12128
WBGene00014506.,0,0,0
WBGene00014507.,0,0,0
WBGene00014508.,0,0,0
WBGene00014509.,0,0,0
WBGene00014510.,0,0,0
WBGene00014511.,0,0,0
WBGene00014512.,0,0,0
WBGene00014513.,0,0,0
WBGene00014514.,0,0,0
WBGene00014515.,0,0,0
WBGene00014516.,0,0,0
WBGene00014517.,0,0,0
WBGene00014518.,0,0,0
WBGene00014519.,0,0,0
WBGene00014520.,0,0,0
WBGene00014521.,0,0,0
WBGene00014522.,0,0,0
WBGene00014523.,0,0,0
WBGene00014524.,0,0,0
WBGene00014525.,0,0,0
WBGene00014526.,0,0,0
WBGene00014527.,0,0,0
WBGene00014528.,0,0,0
WBGene00014529.,0,0,0
WBGene00014530.,0,0,0
WBGene00014531.,0,0,0
WBGene00014532.,0,0,0
WBGene00014533.,0,0,0
WBGene00014534.,0,0,0
WBGene00014535.,0,0,0
WBGene00014536.,0,0,0
WBGene00014537.,0,0,0
WBGene00014538.,0,0,0
WBGene00014539.,0,0,0
WBGene00014540.,0,0,0
WBGene00014541.,0,0,0
WBGene00014542.,0,20,20
WBGene00014543.,0,0,0
WBGene00014544.,0,0,0
WBGene00014545.,0,0,0
WBGene00014546.,0,0,0
WBGene00014547.,0,0,0
WBGene00014548.,0,0,0
WBGene00014549.,0,0,0
WBGene00014550.,0,0,0
WBGene00014551.,0,0,0
WBGene00014552.,0,0,0
WBGene00014553.,0,0,0
WBGene00014554.,0,8,8
WBGene00014555.,0,0,0
WBGene00014556.,0,0,0
WBGene00014557.,0,0,0
WBGene00014558.,0,0,0
WBGene00014559.,0,0,0
WBGene00014560.,0,0,0
WBGene00014561.,0,0,0
WBGene00014562.,18,143,161
WBGene00014563.,0,0,0
WBGene00014564.,0,0,0
WBGene00014565.,0,0,0
WBGene00014566.,0,0,0
WBGene00014567.,0,0,0
WBGene00014568.,0,0,0
WBGene00014569.,118,255,373
WBGene00014570.,0,0,0
WBGene00014571.,0,0,0
WBGene00014572.,0,1,1
WBGene00014573.,0,0,0
WBGene00014574.,0,0,0
WBGene00014575.,0,0,0
WBGene00014576.,9,26,35
WBGene00014577.,0,8,8
WBGene00014578.,0,0,0
WBGene00014579.,0,0,0
WBGene00014580.,0,0,0
WBGene00014581.,0,0,0
WBGene00014582.,0,0,0
WBGene00014583.,0,0,0
WBGene00014584.,0,0,0
WBGene00014585.,0,0,0
WBGene00014586.,0,0,0
WBGene00014587.,0,0,0
WBGene00014588.,0,0,0
WBGene00014589.,0,1,1
WBGene00014590.,0,0,0
WBGene00014591.,0,0,0
WBGene00014592.,0,0,0
WBGene00014593.,0,0,0
WBGene00014594.,0,0,0
WBGene00014595.,0,0,0
WBGene00014596.,0,1,1
WBGene00014597.,0,0,0
WBGene00014598.,0,0,0
WBGene00014599.,0,0,0
WBGene00014600.,0,0,0
WBGene00014601.,0,0,0
WBGene00014602.,0,0,0
WBGene00014603.,0,0,0
WBGene00014604.,0,0,0
WBGene00014605.,0,2,2
WBGene00014606.,0,0,0
WBGene00014607.,0,0,0
WBGene00014608.,0,0,0
WBGene00014609.,0,0,0
WBGene00014610.,0,0,0
WBGene00014611.,0,0,0
WBGene00014612.,0,0,0
WBGene00014613.,38,153,191
WBGene00014614.,0,0,0
WBGene00014615.,0,0,0
WBGene00014616.,0,0,0
WBGene00014617.,0,0,0
WBGene00014618.,0,0,0
WBGene00014619.,0,0,0
WBGene00014620.,0,1,1
WBGene00014621.,0,0,0
WBGene00014622.,0,0,0
WBGene00014623.,0,0,0
WBGene00014624.,0,0,0
WBGene00014625.,0,0,0
WBGene00014626.,0,0,0
WBGene00014627.,0,0,0
WBGene00014628.,0,0,0
WBGene00014629.,0,0,0
WBGene00014630.,0,0,0
WBGene00014631.,0,0,0
WBGene00014632.,0,0,0
WBGene00014633.,0,0,0
WBGene00014634.,0,0,0
WBGene00014635.,0,0,0
WBGene00014636.,0,0,0
WBGene00014637.,0,0,0
WBGene00014638.,0,0,0
WBGene00014639.,0,0,0
WBGene00014640.,0,0,0
WBGene00014641.,8,8,16
WBGene00014643.,0,10,10
WBGene00014644.,0,0,0
WBGene00014645.,0,0,0
WBGene00014646.,0,0,0
WBGene00014647.,0,0,0
WBGene00014648.,0,0,0
WBGene00014649.,0,0,0
WBGene00014650.,0,0,0
WBGene00014651.,0,0,0
WBGene00014652.,0,0,0
WBGene00014653.,0,0,0
WBGene00014654.,0,0,0
WBGene00014655.,0,0,0
WBGene00014656.,0,0,0
WBGene00014657.,0,0,0
WBGene00014658.,0,0,0
WBGene00014659.,0,0,0
WBGene00014660.,0,0,0
WBGene00014663.,0,41,41
WBGene00014664.,0,1,1
WBGene00014665.,0,0,0
WBGene00014666.,11,25,36
WBGene00014667.,0,2,2
WBGene00014668.,0,2,2
WBGene00014669.,0,35,35
WBGene00014670.,0,0,0
WBGene00014671.,0,0,0
WBGene00014672.,0,14,14
WBGene00014673.,0,0,0
WBGene00014674.,0,3,3
WBGene00014675.,0,1,1
WBGene00014676.,0,0,0
WBGene00014677.,0,0,0
WBGene00014678.,1,2,3
WBGene00014679.,0,0,0
WBGene00014681.,0,0,0
WBGene00014682.,0,1,1
WBGene00014683.,0,0,0
WBGene00014684.,0,1,1
WBGene00014685.,0,0,0
WBGene00014686.,0,2,2
WBGene00014689.,0,0,0
WBGene00014691.,0,0,0
WBGene00014692.,0,0,0
WBGene00014693.,0,0,0
WBGene00014694.,0,5,5
WBGene00014695.,0,0,0
WBGene00014696.,0,0,0
WBGene00014697.,31,303,334
WBGene00014698.,6,45,51
WBGene00014699.,0,1,1
WBGene00014700.,0,1,1
WBGene00014701.,0,3,3
WBGene00014702.,0,0,0
WBGene00014703.,0,0,0
WBGene00014704.,0,0,0
WBGene00014705.,0,0,0
WBGene00014706.,0,0,0
WBGene00014707.,0,0,0
WBGene00014708.,0,0,0
WBGene00014710.,0,2,2
WBGene00014711.,0,1,1
WBGene00014714.,0,0,0
WBGene00014715.,0,0,0
WBGene00014716.,0,0,0
WBGene00014717.,0,0,0
WBGene00014718.,0,0,0
WBGene00014719.,0,0,0
WBGene00014720.,0,0,0
WBGene00014721.,0,0,0
WBGene00014722.,0,0,0
WBGene00014723.,1,1,2
WBGene00014724.,0,0,0
WBGene00014727.,0,0,0
WBGene00014728.,0,1,1
WBGene00014729.,0,2,2
WBGene00014730.,0,2,2
WBGene00014731.,0,3,3
WBGene00014732.,4,34,38
WBGene00014733.,0,0,0
WBGene00014734.,0,1,1
WBGene00014735.,0,0,0
WBGene00014738.,0,0,0
WBGene00014740.,0,0,0
WBGene00014741.,0,5,5
WBGene00014744.,0,2,2
WBGene00014745.,0,1,1
WBGene00014746.,2,46,48
WBGene00014748.,0,0,0
WBGene00014751.,9,38,47
WBGene00014752.,0,0,0
WBGene00014753.,0,3,3
WBGene00014754.,0,0,0
WBGene00014755.,0,0,0
WBGene00014757.,0,0,0
WBGene00014758.,0,0,0
WBGene00014759.,5,9,14
WBGene00014760.,1,0,1
WBGene00014761.,17,21,38
WBGene00014763.,0,0,0
WBGene00014764.,0,1,1
WBGene00014766.,0,0,0
WBGene00014767.,0,0,0
WBGene00014768.,0,0,0
WBGene00014769.,0,0,0
WBGene00014770.,1,1,2
WBGene00014771.,0,1,1
WBGene00014772.,242,893,1135
WBGene00014773.,0,1,1
WBGene00014775.,0,2,2
WBGene00014776.,0,0,0
WBGene00014777.,0,0,0
WBGene00014778.,0,4,4
WBGene00014779.,1,1,2
WBGene00014781.,0,0,0
WBGene00014782.,0,0,0
WBGene00014783.,0,0,0
WBGene00014784.,0,0,0
WBGene00014785.,0,0,0
WBGene00014786.,0,0,0
WBGene00014787.,0,0,0
WBGene00014788.,0,0,0
WBGene00014789.,0,0,0
WBGene00014790.,0,0,0
WBGene00014793.,0,191,191
WBGene00014794.,1,0,1
WBGene00014796.,0,0,0
WBGene00014798.,2,8,10
WBGene00014799.,0,12,12
WBGene00014800.,0,3,3
WBGene00014801.,27,213,240
WBGene00014803.,0,0,0
WBGene00014805.,0,0,0
WBGene00014806.,0,0,0
WBGene00014807.,3,0,3
WBGene00014809.,1,3,4
WBGene00014811.,1,33,34
WBGene00014813.,1,2,3
WBGene00014814.,0,10,10
WBGene00014817.,0,2,2
WBGene00014818.,0,0,0
WBGene00014819.,0,0,0
WBGene00014820.,8,26,34
WBGene00014821.,3,6,9
WBGene00014822.,6,0,6
WBGene00014824.,0,0,0
WBGene00014825.,0,2,2
WBGene00014826.,717,3511,4228
WBGene00014827.,0,0,0
WBGene00014828.,0,0,0
WBGene00014829.,0,0,0
WBGene00014832.,0,0,0
WBGene00014833.,1,0,1
WBGene00014834.,0,0,0
WBGene00014835.,1,5,6
WBGene00014836.,1,25,26
WBGene00014837.,0,4,4
WBGene00014838.,0,1,1
WBGene00014839.,0,0,0
WBGene00014841.,5,8,13
WBGene00014842.,0,0,0
WBGene00014843.,0,0,0
WBGene00014844.,0,1,1
WBGene00014845.,0,0,0
WBGene00014846.,1,0,1
WBGene00014848.,32,434,466
WBGene00014849.,0,0,0
WBGene00014850.,0,0,0
WBGene00014851.,0,0,0
WBGene00014852.,0,29,29
WBGene00014853.,0,0,0
WBGene00014854.,0,0,0
WBGene00014855.,0,0,0
WBGene00014856.,0,0,0
WBGene00014857.,0,0,0
WBGene00014858.,0,1,1
WBGene00014861.,0,1,1
WBGene00014862.,1,1,2
WBGene00014863.,1,3,4
WBGene00014864.,0,5,5
WBGene00014865.,0,2,2
WBGene00014866.,0,0,0
WBGene00014867.,0,0,0
WBGene00014868.,0,0,0
WBGene00014869.,0,0,0
WBGene00014870.,2,8,10
WBGene00014871.,0,23,23
WBGene00014872.,0,0,0
WBGene00014873.,0,0,0
WBGene00014874.,0,0,0
WBGene00014875.,0,3,3
WBGene00014876.,0,0,0
WBGene00014877.,0,1,1
WBGene00014878.,0,0,0
WBGene00014879.,0,0,0
WBGene00014880.,0,0,0
WBGene00014881.,0,0,0
WBGene00014882.,0,0,0
WBGene00014883.,0,0,0
WBGene00014884.,0,28,28
WBGene00014885.,0,1,1
WBGene00014886.,0,9,9
WBGene00014887.,0,0,0
WBGene00014888.,0,8,8
WBGene00014889.,0,0,0
WBGene00014890.,0,0,0
WBGene00014891.,0,0,0
WBGene00014892.,0,0,0
WBGene00014893.,0,0,0
WBGene00014894.,0,0,0
WBGene00014895.,0,0,0
WBGene00014896.,0,0,0
WBGene00014897.,0,0,0
WBGene00014898.,0,5,5
WBGene00014902.,0,0,0
WBGene00014903.,0,0,0
WBGene00014904.,2,2,4
WBGene00014905.,0,0,0
WBGene00014906.,0,2,2
WBGene00014907.,2,14,16
WBGene00014908.,0,0,0
WBGene00014909.,0,0,0
WBGene00014910.,0,0,0
WBGene00014911.,0,0,0
WBGene00014912.,0,0,0
WBGene00014914.,2,3,5
WBGene00014915.,11,39,50
WBGene00014916.,2,36,38
WBGene00014917.,7,16,23
WBGene00014918.,2,28,30
WBGene00014920.,2,4,6
WBGene00014921.,0,0,0
WBGene00014922.,0,0,0
WBGene00014923.,1,0,1
WBGene00014924.,3,2,5
WBGene00014925.,0,1,1
WBGene00014926.,0,2,2
WBGene00014927.,0,2,2
WBGene00014928.,0,0,0
WBGene00014929.,0,0,0
WBGene00014930.,0,0,0
WBGene00014931.,0,0,0
WBGene00014932.,0,0,0
WBGene00014933.,0,0,0
WBGene00014934.,0,0,0
WBGene00014935.,0,0,0
WBGene00014936.,0,0,0
WBGene00014937.,3,1,4
WBGene00014938.,112,604,716
WBGene00014939.,0,2,2
WBGene00014941.,7,56,63
WBGene00014943.,0,0,0
WBGene00014944.,0,0,0
WBGene00014945.,0,0,0
WBGene00014946.,0,9,9
WBGene00014947.,3,35,38
WBGene00014948.,1,0,1
WBGene00014949.,0,0,0
WBGene00014950.,0,0,0
WBGene00014951.,0,0,0
WBGene00014952.,0,0,0
WBGene00014953.,0,1,1
WBGene00014954.,0,0,0
WBGene00014955.,0,16,16
WBGene00014956.,0,2,2
WBGene00014957.,0,0,0
WBGene00014958.,0,1,1
WBGene00014961.,0,1,1
WBGene00014962.,0,0,0
WBGene00014963.,0,1,1
WBGene00014964.,0,1,1
WBGene00014965.,20,163,183
WBGene00014966.,0,0,0
WBGene00014967.,0,0,0
WBGene00014969.,0,0,0
WBGene00014970.,0,0,0
WBGene00014971.,0,0,0
WBGene00014972.,0,2,2
WBGene00014973.,0,0,0
WBGene00014974.,0,0,0
WBGene00014975.,5,67,72
WBGene00014976.,0,0,0
WBGene00014977.,1,8,9
WBGene00014978.,0,10,10
WBGene00014979.,0,5,5
WBGene00014980.,0,0,0
WBGene00014981.,0,0,0
WBGene00014983.,0,0,0
WBGene00014984.,0,0,0
WBGene00014987.,0,20,20
WBGene00014989.,121,553,674
WBGene00014990.,0,0,0
WBGene00014991.,0,8,8
WBGene00014992.,0,10,10
WBGene00014993.,0,0,0
WBGene00014994.,11,9,20
WBGene00014996.,0,1,1
WBGene00014997.,0,2,2
WBGene00014998.,0,27,27
WBGene00014999.,11,89,100
WBGene00015000.,5,18,23
WBGene00015001.,24,171,195
WBGene00015002.,1,25,26
WBGene00015003.,2,5,7
WBGene00015004.,1,7,8
WBGene00015005.,7,44,51
WBGene00015006.,4,10,14
WBGene00015007.,116,1127,1243
WBGene00015008.,9,105,114
WBGene00015009.,8,188,196
WBGene00015010.,51,188,239
WBGene00015011.,12,419,431
WBGene00015012.,0,10,10
WBGene00015013.,1,19,20
WBGene00015014.,2,39,41
WBGene00015015.,1,6,7
WBGene00015016.,6,18,24
WBGene00015017.,30,137,167
WBGene00015018.,0,1,1
WBGene00015019.,6,26,32
WBGene00015020.,0,3,3
WBGene00015021.,137,686,823
WBGene00015022.,240,589,829
WBGene00015023.,9,85,94
WBGene00015024.,0,1,1
WBGene00015025.,227,1031,1258
WBGene00015026.,0,0,0
WBGene00015027.,33,61,94
WBGene00015028.,4,17,21
WBGene00015029.,8,157,165
WBGene00015030.,0,2,2
WBGene00015032.,0,1,1
WBGene00015033.,25,43,68
WBGene00015034.,1,0,1
WBGene00015035.,6,37,43
WBGene00015036.,2,9,11
WBGene00015037.,10,30,40
WBGene00015038.,7,44,51
WBGene00015040.,2,4,6
WBGene00015041.,9,7,16
WBGene00015042.,0,7,7
WBGene00015043.,15,82,97
WBGene00015044.,5,63,68
WBGene00015045.,2,4,6
WBGene00015046.,16,79,95
WBGene00015047.,67,432,499
WBGene00015048.,4,179,183
WBGene00015049.,0,20,20
WBGene00015050.,2,13,15
WBGene00015051.,0,0,0
WBGene00015052.,8,26,34
WBGene00015053.,1,102,103
WBGene00015054.,2,0,2
WBGene00015055.,14,37,51
WBGene00015056.,13,57,70
WBGene00015057.,4,59,63
WBGene00015058.,0,0,0
WBGene00015059.,3,482,485
WBGene00015061.,787,6139,6926
WBGene00015062.,6,42,48
WBGene00015063.,4,139,143
WBGene00015064.,112,382,494
WBGene00015065.,0,3,3
WBGene00015066.,1,9,10
WBGene00015067.,25,126,151
WBGene00015068.,0,0,0
WBGene00015069.,1,0,1
WBGene00015070.,0,1,1
WBGene00015071.,1,0,1
WBGene00015072.,6,10,16
WBGene00015073.,1,19,20
WBGene00015074.,22,1086,1108
WBGene00015075.,85,905,990
WBGene00015076.,2,236,238
WBGene00015077.,1,1,2
WBGene00015078.,0,0,0
WBGene00015079.,87,15,102
WBGene00015080.,1,1,2
WBGene00015081.,0,1,1
WBGene00015082.,0,3,3
WBGene00015083.,0,12,12
WBGene00015084.,0,0,0
WBGene00015085.,3,6,9
WBGene00015087.,0,2,2
WBGene00015088.,18,211,229
WBGene00015089.,0,2,2
WBGene00015091.,38,385,423
WBGene00015092.,81,1227,1308
WBGene00015093.,0,0,0
WBGene00015094.,1,1,2
WBGene00015095.,25,104,129
WBGene00015096.,109,476,585
WBGene00015097.,4,10,14
WBGene00015098.,0,35,35
WBGene00015099.,34,455,489
WBGene00015100.,0,1,1
WBGene00015101.,10,317,327
WBGene00015102.,0,17,17
WBGene00015103.,1,3,4
WBGene00015104.,5,438,443
WBGene00015105.,99,110,209
WBGene00015106.,1,6,7
WBGene00015107.,5,9,14
WBGene00015108.,0,0,0
WBGene00015110.,0,6,6
WBGene00015111.,0,0,0
WBGene00015112.,0,6,6
WBGene00015113.,1,1,2
WBGene00015114.,1,0,1
WBGene00015115.,187,514,701
WBGene00015116.,23,112,135
WBGene00015117.,11,414,425
WBGene00015118.,0,0,0
WBGene00015119.,0,4,4
WBGene00015121.,0,0,0
WBGene00015122.,2,99,101
WBGene00015124.,216,651,867
WBGene00015125.,41,1105,1146
WBGene00015126.,39,369,408
WBGene00015128.,25,304,329
WBGene00015129.,0,1,1
WBGene00015130.,12,161,173
WBGene00015131.,15,78,93
WBGene00015132.,7,51,58
WBGene00015133.,55,1670,1725
WBGene00015134.,10,62,72
WBGene00015135.,21,60,81
WBGene00015136.,1,15,16
WBGene00015137.,82,1821,1903
WBGene00015138.,7,78,85
WBGene00015139.,37,55,92
WBGene00015141.,39,209,248
WBGene00015142.,1,2,3
WBGene00015143.,12,404,416
WBGene00015145.,29,263,292
WBGene00015146.,22,220,242
WBGene00015147.,3,153,156
WBGene00015148.,68,1763,1831
WBGene00015149.,0,9,9
WBGene00015150.,4,55,59
WBGene00015151.,6,13,19
WBGene00015152.,27,68,95
WBGene00015153.,0,0,0
WBGene00015155.,67,288,355
WBGene00015156.,223,434,657
WBGene00015157.,16,317,333
WBGene00015158.,24,152,176
WBGene00015159.,63,385,448
WBGene00015160.,12,434,446
WBGene00015161.,8,121,129
WBGene00015162.,105,364,469
WBGene00015163.,8,621,629
WBGene00015164.,28,397,425
WBGene00015165.,0,3,3
WBGene00015167.,0,17,17
WBGene00015168.,58,4851,4909
WBGene00015169.,2,7,9
WBGene00015170.,0,0,0
WBGene00015171.,5,106,111
WBGene00015172.,6,236,242
WBGene00015173.,170,273,443
WBGene00015175.,0,0,0
WBGene00015176.,68,377,445
WBGene00015177.,123,578,701
WBGene00015178.,1,0,1
WBGene00015179.,5,51,56
WBGene00015180.,0,5,5
WBGene00015181.,9,770,779
WBGene00015182.,8,12,20
WBGene00015183.,2,10,12
WBGene00015184.,47,273,320
WBGene00015185.,203,907,1110
WBGene00015186.,47,627,674
WBGene00015188.,11,43,54
WBGene00015189.,24,46,70
WBGene00015190.,0,30,30
WBGene00015191.,26,61,87
WBGene00015192.,1,1,2
WBGene00015193.,0,0,0
WBGene00015194.,32,61,93
WBGene00015196.,8,36,44
WBGene00015197.,4,66,70
WBGene00015198.,1,0,1
WBGene00015199.,0,1,1
WBGene00015200.,20,69,89
WBGene00015202.,57,397,454
WBGene00015203.,65,496,561
WBGene00015204.,12,207,219
WBGene00015205.,184,820,1004
WBGene00015206.,40,553,593
WBGene00015207.,91,266,357
WBGene00015208.,131,905,1036
WBGene00015210.,10,72,82
WBGene00015211.,5,15,20
WBGene00015214.,0,3,3
WBGene00015215.,1,9,10
WBGene00015216.,23,85,108
WBGene00015217.,12,141,153
WBGene00015218.,1,37,38
WBGene00015219.,61,335,396
WBGene00015220.,2,17,19
WBGene00015221.,0,0,0
WBGene00015222.,0,0,0
WBGene00015223.,2,0,2
WBGene00015224.,1,1,2
WBGene00015225.,3,7,10
WBGene00015226.,0,2,2
WBGene00015227.,0,5,5
WBGene00015228.,0,2,2
WBGene00015229.,0,0,0
WBGene00015230.,0,5,5
WBGene00015231.,5,21,26
WBGene00015232.,395,1848,2243
WBGene00015233.,1,186,187
WBGene00015235.,0,121,121
WBGene00015236.,9,12,21
WBGene00015237.,64,354,418
WBGene00015238.,12,99,111
WBGene00015241.,2,0,2
WBGene00015242.,0,0,0
WBGene00015243.,4,19,23
WBGene00015244.,4,2,6
WBGene00015245.,38,352,390
WBGene00015246.,1,2,3
WBGene00015247.,0,9,9
WBGene00015248.,3058,9463,12521
WBGene00015249.,66,229,295
WBGene00015250.,62,145,207
WBGene00015251.,55,424,479
WBGene00015252.,2,10,12
WBGene00015253.,0,0,0
WBGene00015254.,0,0,0
WBGene00015255.,0,0,0
WBGene00015257.,1,0,1
WBGene00015258.,0,0,0
WBGene00015259.,0,2,2
WBGene00015260.,0,2,2
WBGene00015261.,0,9,9
WBGene00015262.,16,20,36
WBGene00015263.,54,117,171
WBGene00015264.,13,35,48
WBGene00015265.,1,5,6
WBGene00015266.,25,199,224
WBGene00015267.,14,199,213
WBGene00015268.,57,114,171
WBGene00015269.,0,0,0
WBGene00015270.,0,0,0
WBGene00015271.,0,0,0
WBGene00015272.,0,0,0
WBGene00015273.,48,0,48
WBGene00015277.,0,0,0
WBGene00015278.,27,100,127
WBGene00015279.,0,2,2
WBGene00015280.,5,13,18
WBGene00015281.,52,218,270
WBGene00015282.,110,624,734
WBGene00015283.,30,247,277
WBGene00015284.,0,8,8
WBGene00015285.,38,387,425
WBGene00015286.,4,21,25
WBGene00015287.,0,25,25
WBGene00015288.,1,0,1
WBGene00015291.,18,74,92
WBGene00015292.,5,4,9
WBGene00015293.,118,593,711
WBGene00015294.,10,106,116
WBGene00015295.,18,189,207
WBGene00015296.,63,452,515
WBGene00015297.,90,650,740
WBGene00015298.,8,600,608
WBGene00015299.,5,31,36
WBGene00015300.,1,44,45
WBGene00015301.,140,178,318
WBGene00015303.,65,154,219
WBGene00015305.,1,1,2
WBGene00015306.,3,2,5
WBGene00015307.,10,61,71
WBGene00015308.,24,236,260
WBGene00015309.,12,23,35
WBGene00015310.,10,102,112
WBGene00015311.,1,15,16
WBGene00015312.,1,19,20
WBGene00015313.,5,130,135
WBGene00015315.,1,0,1
WBGene00015316.,2,0,2
WBGene00015317.,0,0,0
WBGene00015318.,1,0,1
WBGene00015320.,1,11,12
WBGene00015321.,0,2,2
WBGene00015322.,7,255,262
WBGene00015323.,3,23,26
WBGene00015324.,3,55,58
WBGene00015325.,0,0,0
WBGene00015326.,25,1393,1418
WBGene00015327.,10,118,128
WBGene00015328.,95,444,539
WBGene00015329.,41,805,846
WBGene00015330.,17,385,402
WBGene00015331.,0,0,0
WBGene00015332.,6,179,185
WBGene00015333.,1,6,7
WBGene00015334.,32,93,125
WBGene00015335.,4,21,25
WBGene00015336.,15,381,396
WBGene00015337.,0,0,0
WBGene00015338.,0,0,0
WBGene00015339.,4,48,52
WBGene00015340.,0,5,5
WBGene00015341.,0,0,0
WBGene00015342.,0,0,0
WBGene00015344.,64,859,923
WBGene00015345.,1,1,2
WBGene00015346.,38,738,776
WBGene00015347.,40,151,191
WBGene00015348.,2,6,8
WBGene00015349.,38,117,155
WBGene00015350.,5,575,580
WBGene00015351.,3,10,13
WBGene00015352.,30,346,376
WBGene00015353.,6,44,50
WBGene00015354.,173,2841,3014
WBGene00015355.,11,40,51
WBGene00015356.,273,1833,2106
WBGene00015357.,8,44,52
WBGene00015359.,2,32,34
WBGene00015360.,2,1,3
WBGene00015361.,5,8,13
WBGene00015362.,15,83,98
WBGene00015364.,8,14,22
WBGene00015366.,2,0,2
WBGene00015367.,0,1,1
WBGene00015368.,6,7,13
WBGene00015369.,0,1,1
WBGene00015371.,4,0,4
WBGene00015372.,0,0,0
WBGene00015373.,4,11,15
WBGene00015374.,1,2,3
WBGene00015375.,0,5,5
WBGene00015376.,0,1,1
WBGene00015377.,1,15,16
WBGene00015378.,6,24,30
WBGene00015379.,0,2,2
WBGene00015380.,0,1,1
WBGene00015381.,2,8,10
WBGene00015382.,2,11,13
WBGene00015385.,0,12,12
WBGene00015386.,48,7,55
WBGene00015387.,10,16,26
WBGene00015388.,2,0,2
WBGene00015389.,11,18,29
WBGene00015390.,15,68,83
WBGene00015391.,64,2426,2490
WBGene00015392.,0,165,165
WBGene00015393.,357,1513,1870
WBGene00015394.,0,0,0
WBGene00015395.,4,16,20
WBGene00015396.,0,25,25
WBGene00015397.,2,5,7
WBGene00015398.,1,145,146
WBGene00015399.,0,0,0
WBGene00015400.,11,43,54
WBGene00015401.,1,6,7
WBGene00015402.,40,245,285
WBGene00015403.,0,13,13
WBGene00015404.,53,454,507
WBGene00015405.,74,557,631
WBGene00015406.,0,3,3
WBGene00015407.,7,385,392
WBGene00015408.,1,132,133
WBGene00015409.,1,4,5
WBGene00015410.,46,149,195
WBGene00015411.,0,0,0
WBGene00015412.,5,5,10
WBGene00015413.,117,2220,2337
WBGene00015414.,0,4,4
WBGene00015416.,7,18,25
WBGene00015417.,0,0,0
WBGene00015418.,255,984,1239
WBGene00015419.,2,3,5
WBGene00015421.,1,1,2
WBGene00015422.,2,8,10
WBGene00015423.,4,105,109
WBGene00015424.,12,106,118
WBGene00015425.,71,504,575
WBGene00015426.,0,2,2
WBGene00015427.,59,339,398
WBGene00015428.,2,1,3
WBGene00015429.,27,215,242
WBGene00015430.,44,170,214
WBGene00015432.,0,0,0
WBGene00015433.,3,30,33
WBGene00015434.,43,135,178
WBGene00015435.,2,3,5
WBGene00015436.,0,6,6
WBGene00015437.,2,7,9
WBGene00015438.,6,0,6
WBGene00015439.,2,0,2
WBGene00015440.,3,25,28
WBGene00015441.,0,13,13
WBGene00015442.,0,3,3
WBGene00015444.,8,8,16
WBGene00015446.,1,1,2
WBGene00015447.,0,3,3
WBGene00015448.,1,5,6
WBGene00015449.,4,63,67
WBGene00015450.,4,280,284
WBGene00015451.,16,110,126
WBGene00015453.,0,1,1
WBGene00015454.,5,226,231
WBGene00015455.,381,535,916
WBGene00015456.,0,13,13
WBGene00015457.,2,1,3
WBGene00015458.,0,0,0
WBGene00015459.,0,0,0
WBGene00015460.,2,150,152
WBGene00015461.,127,913,1040
WBGene00015462.,4,56,60
WBGene00015463.,1,110,111
WBGene00015464.,26,818,844
WBGene00015465.,0,2,2
WBGene00015466.,2,198,200
WBGene00015467.,1,3,4
WBGene00015468.,27,110,137
WBGene00015469.,3,34,37
WBGene00015470.,6,251,257
WBGene00015471.,10,33,43
WBGene00015472.,41,769,810
WBGene00015473.,28,32,60
WBGene00015474.,26,392,418
WBGene00015476.,22,105,127
WBGene00015477.,26,1057,1083
WBGene00015478.,16,131,147
WBGene00015479.,7,14,21
WBGene00015480.,23,102,125
WBGene00015481.,38,936,974
WBGene00015483.,54,277,331
WBGene00015484.,22,664,686
WBGene00015485.,11,190,201
WBGene00015486.,38,156,194
WBGene00015487.,15,1471,1486
WBGene00015488.,53,218,271
WBGene00015489.,3,27,30
WBGene00015491.,1,0,1
WBGene00015492.,4,178,182
WBGene00015493.,0,2,2
WBGene00015494.,44,141,185
WBGene00015495.,0,13,13
WBGene00015496.,2,3,5
WBGene00015497.,10,11,21
WBGene00015499.,36,196,232
WBGene00015500.,10,34,44
WBGene00015501.,84,474,558
WBGene00015504.,38,140,178
WBGene00015505.,9,39,48
WBGene00015507.,52,239,291
WBGene00015508.,33,296,329
WBGene00015509.,80,225,305
WBGene00015510.,22,700,722
WBGene00015511.,3,28,31
WBGene00015512.,110,1109,1219
WBGene00015513.,26,198,224
WBGene00015514.,1058,9049,10107
WBGene00015515.,14,222,236
WBGene00015516.,3,15,18
WBGene00015517.,95,347,442
WBGene00015518.,0,33,33
WBGene00015519.,3,68,71
WBGene00015520.,0,2,2
WBGene00015521.,0,0,0
WBGene00015522.,2,5,7
WBGene00015523.,11,121,132
WBGene00015524.,9,134,143
WBGene00015525.,53,478,531
WBGene00015526.,0,23,23
WBGene00015527.,2,85,87
WBGene00015528.,1,2,3
WBGene00015529.,5,43,48
WBGene00015530.,0,1,1
WBGene00015531.,13,180,193
WBGene00015532.,3,18,21
WBGene00015533.,0,1,1
WBGene00015534.,0,1,1
WBGene00015535.,1,7,8
WBGene00015536.,7,95,102
WBGene00015537.,4,8,12
WBGene00015538.,6,1022,1028
WBGene00015539.,14,179,193
WBGene00015540.,3,558,561
WBGene00015541.,23,172,195
WBGene00015544.,2,12,14
WBGene00015545.,4,50,54
WBGene00015546.,1,11,12
WBGene00015547.,23,792,815
WBGene00015549.,9,38,47
WBGene00015550.,7,7,14
WBGene00015551.,282,1136,1418
WBGene00015552.,8,370,378
WBGene00015553.,137,773,910
WBGene00015554.,21,115,136
WBGene00015555.,150,495,645
WBGene00015557.,12,77,89
WBGene00015558.,5,5,10
WBGene00015559.,20,80,100
WBGene00015560.,7,162,169
WBGene00015561.,93,410,503
WBGene00015562.,3,5,8
WBGene00015564.,0,1,1
WBGene00015565.,211,982,1193
WBGene00015566.,13,97,110
WBGene00015567.,14,215,229
WBGene00015568.,4,21,25
WBGene00015569.,5,91,96
WBGene00015570.,2,10,12
WBGene00015572.,0,0,0
WBGene00015573.,0,0,0
WBGene00015574.,0,4,4
WBGene00015575.,0,0,0
WBGene00015576.,11,81,92
WBGene00015577.,7,101,108
WBGene00015578.,0,310,310
WBGene00015579.,0,520,520
WBGene00015580.,176,442,618
WBGene00015581.,127,709,836
WBGene00015582.,0,20,20
WBGene00015583.,0,0,0
WBGene00015586.,2,37,39
WBGene00015587.,0,1,1
WBGene00015588.,0,3,3
WBGene00015589.,0,3,3
WBGene00015590.,8,52,60
WBGene00015591.,4,86,90
WBGene00015592.,13,18,31
WBGene00015593.,0,18,18
WBGene00015594.,0,0,0
WBGene00015595.,0,0,0
WBGene00015596.,0,0,0
WBGene00015597.,0,0,0
WBGene00015598.,1,3,4
WBGene00015599.,0,0,0
WBGene00015600.,0,0,0
WBGene00015601.,1,3,4
WBGene00015602.,0,1,1
WBGene00015603.,0,0,0
WBGene00015604.,0,0,0
WBGene00015605.,9,61,70
WBGene00015606.,0,0,0
WBGene00015607.,0,1,1
WBGene00015608.,3,14,17
WBGene00015609.,0,27,27
WBGene00015610.,0,0,0
WBGene00015611.,0,44,44
WBGene00015613.,0,2,2
WBGene00015614.,0,2,2
WBGene00015615.,0,7,7
WBGene00015616.,1,0,1
WBGene00015618.,8,20,28
WBGene00015619.,222,1196,1418
WBGene00015620.,9,37,46
WBGene00015621.,10,178,188
WBGene00015622.,8,7,15
WBGene00015623.,217,2881,3098
WBGene00015624.,1,28,29
WBGene00015625.,4,21,25
WBGene00015626.,4,24,28
WBGene00015627.,0,0,0
WBGene00015628.,0,1,1
WBGene00015629.,1,2,3
WBGene00015630.,2,6,8
WBGene00015631.,0,18,18
WBGene00015632.,68,640,708
WBGene00015633.,118,371,489
WBGene00015634.,0,1,1
WBGene00015635.,22,165,187
WBGene00015636.,0,0,0
WBGene00015637.,0,1,1
WBGene00015638.,13,74,87
WBGene00015639.,0,2,2
WBGene00015640.,26,51,77
WBGene00015641.,11,177,188
WBGene00015642.,15,89,104
WBGene00015644.,14,203,217
WBGene00015645.,0,16,16
WBGene00015646.,7,23,30
WBGene00015647.,27,246,273
WBGene00015648.,99,224,323
WBGene00015649.,1,8,9
WBGene00015650.,90,420,510
WBGene00015651.,63,36,99
WBGene00015652.,0,0,0
WBGene00015653.,0,0,0
WBGene00015654.,0,0,0
WBGene00015655.,0,0,0
WBGene00015656.,0,0,0
WBGene00015658.,92,315,407
WBGene00015660.,4,44,48
WBGene00015661.,0,0,0
WBGene00015662.,0,2,2
WBGene00015663.,1,1,2
WBGene00015664.,2,18,20
WBGene00015665.,1,2,3
WBGene00015666.,1,15,16
WBGene00015667.,2,7,9
WBGene00015668.,0,2,2
WBGene00015670.,2,17,19
WBGene00015671.,8,77,85
WBGene00015672.,0,3,3
WBGene00015673.,16,103,119
WBGene00015675.,17,39,56
WBGene00015676.,7,399,406
WBGene00015677.,16,28,44
WBGene00015678.,152,388,540
WBGene00015679.,9,51,60
WBGene00015680.,46,602,648
WBGene00015681.,2,1,3
WBGene00015682.,1,0,1
WBGene00015683.,1,5,6
WBGene00015684.,91,767,858
WBGene00015685.,0,1,1
WBGene00015686.,22,34,56
WBGene00015687.,43,2216,2259
WBGene00015688.,0,0,0
WBGene00015689.,0,0,0
WBGene00015690.,2,0,2
WBGene00015691.,15,139,154
WBGene00015692.,12,97,109
WBGene00015693.,9,104,113
WBGene00015694.,4,3,7
WBGene00015695.,39,209,248
WBGene00015696.,0,2,2
WBGene00015697.,4,64,68
WBGene00015698.,1,20,21
WBGene00015700.,3,8,11
WBGene00015701.,1,15,16
WBGene00015702.,14,131,145
WBGene00015703.,4,532,536
WBGene00015704.,28,74,102
WBGene00015705.,2,16,18
WBGene00015706.,2,51,53
WBGene00015707.,0,7,7
WBGene00015708.,9,47,56
WBGene00015709.,3,94,97
WBGene00015710.,29,425,454
WBGene00015711.,5,44,49
WBGene00015712.,0,1,1
WBGene00015713.,3,72,75
WBGene00015714.,2,32,34
WBGene00015716.,2,51,53
WBGene00015718.,0,0,0
WBGene00015719.,0,0,0
WBGene00015720.,3,5,8
WBGene00015721.,0,0,0
WBGene00015722.,5,1,6
WBGene00015723.,1,0,1
WBGene00015724.,0,0,0
WBGene00015725.,1,1,2
WBGene00015726.,0,0,0
WBGene00015727.,0,0,0
WBGene00015728.,2,15,17
WBGene00015729.,8,223,231
WBGene00015730.,0,0,0
WBGene00015731.,0,0,0
WBGene00015733.,8,20,28
WBGene00015734.,19,960,979
WBGene00015735.,205,898,1103
WBGene00015736.,0,7,7
WBGene00015737.,1,0,1
WBGene00015738.,0,0,0
WBGene00015739.,9,11,20
WBGene00015740.,34,352,386
WBGene00015741.,272,882,1154
WBGene00015742.,40,126,166
WBGene00015743.,27,296,323
WBGene00015744.,34,108,142
WBGene00015745.,1,32,33
WBGene00015746.,15,293,308
WBGene00015747.,24,59,83
WBGene00015748.,7,41,48
WBGene00015750.,6,23,29
WBGene00015751.,8,26,34
WBGene00015752.,39,876,915
WBGene00015753.,8,43,51
WBGene00015754.,59,484,543
WBGene00015755.,1190,8477,9667
WBGene00015756.,3,14,17
WBGene00015757.,3,4,7
WBGene00015758.,1,4,5
WBGene00015759.,41,116,157
WBGene00015760.,0,1,1
WBGene00015761.,1,2,3
WBGene00015762.,0,0,0
WBGene00015763.,3,10,13
WBGene00015764.,0,1,1
WBGene00015765.,0,0,0
WBGene00015766.,0,31,31
WBGene00015767.,29,229,258
WBGene00015768.,3,5,8
WBGene00015769.,1,181,182
WBGene00015770.,0,0,0
WBGene00015771.,0,2,2
WBGene00015772.,0,2,2
WBGene00015773.,0,0,0
WBGene00015774.,0,0,0
WBGene00015775.,4,2,6
WBGene00015776.,38,485,523
WBGene00015777.,49,427,476
WBGene00015778.,8,4809,4817
WBGene00015779.,67,284,351
WBGene00015780.,2,8,10
WBGene00015781.,94,406,500
WBGene00015782.,7,83,90
WBGene00015783.,3,17,20
WBGene00015784.,3,1,4
WBGene00015785.,0,0,0
WBGene00015786.,159,571,730
WBGene00015787.,14,86,100
WBGene00015788.,4,57,61
WBGene00015789.,2,68,70
WBGene00015790.,30,722,752
WBGene00015791.,15,576,591
WBGene00015792.,3,14,17
WBGene00015793.,7,43,50
WBGene00015794.,6,29,35
WBGene00015795.,35,251,286
WBGene00015796.,218,523,741
WBGene00015797.,5,22,27
WBGene00015798.,5,18,23
WBGene00015799.,5,28,33
WBGene00015800.,137,261,398
WBGene00015801.,36,353,389
WBGene00015802.,90,247,337
WBGene00015803.,1667,5060,6727
WBGene00015805.,196,1272,1468
WBGene00015806.,7,161,168
WBGene00015807.,8,62,70
WBGene00015809.,173,1122,1295
WBGene00015810.,6,1964,1970
WBGene00015811.,33,1580,1613
WBGene00015813.,120,851,971
WBGene00015814.,89,1032,1121
WBGene00015815.,33,117,150
WBGene00015816.,7,22,29
WBGene00015817.,123,371,494
WBGene00015818.,4,31,35
WBGene00015819.,0,46,46
WBGene00015820.,0,5,5
WBGene00015821.,1,1,2
WBGene00015822.,12,14,26
WBGene00015823.,0,1153,1153
WBGene00015824.,1,62,63
WBGene00015825.,0,0,0
WBGene00015826.,0,0,0
WBGene00015827.,0,0,0
WBGene00015828.,0,0,0
WBGene00015829.,0,1,1
WBGene00015830.,0,0,0
WBGene00015832.,0,0,0
WBGene00015833.,0,0,0
WBGene00015834.,1,1,2
WBGene00015835.,0,0,0
WBGene00015836.,0,0,0
WBGene00015837.,1,0,1
WBGene00015838.,0,2,2
WBGene00015839.,0,0,0
WBGene00015840.,0,0,0
WBGene00015841.,30,3,33
WBGene00015842.,13,24,37
WBGene00015843.,26,48,74
WBGene00015845.,0,0,0
WBGene00015846.,0,0,0
WBGene00015847.,0,1,1
WBGene00015848.,0,0,0
WBGene00015849.,10,52,62
WBGene00015850.,4,12,16
WBGene00015851.,9,4,13
WBGene00015852.,0,24,24
WBGene00015853.,23,91,114
WBGene00015854.,0,0,0
WBGene00015855.,1,6,7
WBGene00015856.,0,1,1
WBGene00015857.,18,155,173
WBGene00015858.,4,3,7
WBGene00015859.,1,5,6
WBGene00015860.,4,16,20
WBGene00015861.,14,64,78
WBGene00015862.,6,17,23
WBGene00015863.,3,7,10
WBGene00015864.,11,65,76
WBGene00015865.,35,446,481
WBGene00015866.,5,99,104
WBGene00015867.,11,16,27
WBGene00015868.,205,487,692
WBGene00015869.,0,0,0
WBGene00015870.,0,0,0
WBGene00015871.,1,0,1
WBGene00015872.,0,0,0
WBGene00015873.,0,0,0
WBGene00015874.,0,1,1
WBGene00015875.,0,0,0
WBGene00015876.,1,5,6
WBGene00015877.,0,2,2
WBGene00015878.,1,1,2
WBGene00015879.,2,0,2
WBGene00015882.,0,0,0
WBGene00015883.,0,0,0
WBGene00015884.,1,2,3
WBGene00015885.,6,129,135
WBGene00015886.,0,5,5
WBGene00015887.,10,646,656
WBGene00015888.,0,3,3
WBGene00015889.,1,0,1
WBGene00015890.,3,44,47
WBGene00015891.,1,7,8
WBGene00015892.,0,0,0
WBGene00015893.,1,3,4
WBGene00015894.,191,3192,3383
WBGene00015895.,0,0,0
WBGene00015896.,0,36,36
WBGene00015897.,25,84,109
WBGene00015898.,2,2,4
WBGene00015899.,0,0,0
WBGene00015900.,5,21,26
WBGene00015901.,17,50,67
WBGene00015902.,1,8,9
WBGene00015903.,0,0,0
WBGene00015904.,0,0,0
WBGene00015905.,0,3,3
WBGene00015906.,1,3,4
WBGene00015907.,0,0,0
WBGene00015908.,3,1,4
WBGene00015909.,0,0,0
WBGene00015910.,1,3,4
WBGene00015911.,0,3,3
WBGene00015912.,0,7,7
WBGene00015913.,82,240,322
WBGene00015914.,11,15,26
WBGene00015915.,33,235,268
WBGene00015916.,132,553,685
WBGene00015917.,0,7,7
WBGene00015918.,2,11,13
WBGene00015919.,1,103,104
WBGene00015920.,42,1769,1811
WBGene00015921.,16,54,70
WBGene00015922.,9,115,124
WBGene00015924.,2,1,3
WBGene00015925.,31,37,68
WBGene00015926.,121,459,580
WBGene00015927.,57,777,834
WBGene00015928.,45,157,202
WBGene00015929.,0,0,0
WBGene00015930.,1,34,35
WBGene00015931.,1,2,3
WBGene00015932.,1,3,4
WBGene00015933.,9,52,61
WBGene00015934.,12,157,169
WBGene00015935.,113,211,324
WBGene00015936.,18,42,60
WBGene00015937.,5,12,17
WBGene00015938.,40,410,450
WBGene00015939.,2,28,30
WBGene00015940.,6,155,161
WBGene00015941.,151,900,1051
WBGene00015942.,28,291,319
WBGene00015943.,19,1158,1177
WBGene00015944.,2,7,9
WBGene00015945.,128,253,381
WBGene00015946.,6,21,27
WBGene00015947.,76,278,354
WBGene00015948.,100,441,541
WBGene00015949.,6,21,27
WBGene00015950.,6,18,24
WBGene00015952.,9,198,207
WBGene00015953.,19,57,76
WBGene00015954.,1207,5647,6854
WBGene00015955.,8,474,482
WBGene00015956.,15,79,94
WBGene00015957.,8,27,35
WBGene00015958.,0,0,0
WBGene00015959.,0,0,0
WBGene00015960.,0,0,0
WBGene00015961.,0,0,0
WBGene00015962.,1,0,1
WBGene00015963.,5,42,47
WBGene00015964.,10,8,18
WBGene00015965.,2,22,24
WBGene00015968.,67,178,245
WBGene00015969.,18,102,120
WBGene00015970.,3,6,9
WBGene00015971.,95,356,451
WBGene00015972.,31,155,186
WBGene00015974.,64,57,121
WBGene00015975.,7,136,143
WBGene00015976.,44,144,188
WBGene00015977.,2,14,16
WBGene00015978.,17,414,431
WBGene00015979.,0,0,0
WBGene00015980.,107,401,508
WBGene00015981.,20,7,27
WBGene00015982.,1,0,1
WBGene00015984.,3,12,15
WBGene00015985.,0,3,3
WBGene00015986.,1,2,3
WBGene00015987.,0,1,1
WBGene00015988.,1,2,3
WBGene00015989.,0,115,115
WBGene00015990.,0,1,1
WBGene00015991.,1,2,3
WBGene00015992.,2,2,4
WBGene00015993.,24,81,105
WBGene00015994.,0,0,0
WBGene00015996.,3,19,22
WBGene00015997.,0,1,1
WBGene00015998.,8,7,15
WBGene00015999.,11,58,69
WBGene00016000.,4,4,8
WBGene00016002.,68,549,617
WBGene00016003.,2,14,16
WBGene00016004.,2,32,34
WBGene00016005.,13,65,78
WBGene00016006.,192,1375,1567
WBGene00016008.,1,2,3
WBGene00016009.,5,445,450
WBGene00016010.,28,13,41
WBGene00016011.,493,1556,2049
WBGene00016012.,10,83,93
WBGene00016013.,2,41,43
WBGene00016014.,19,404,423
WBGene00016015.,47,514,561
WBGene00016016.,6,9,15
WBGene00016017.,10,96,106
WBGene00016018.,64,306,370
WBGene00016019.,9,222,231
WBGene00016020.,56,372,428
WBGene00016021.,27,218,245
WBGene00016022.,4,117,121
WBGene00016023.,3,25,28
WBGene00016024.,18,79,97
WBGene00016025.,13,54,67
WBGene00016027.,5,25,30
WBGene00016028.,39,1062,1101
WBGene00016029.,30,9,39
WBGene00016030.,8,150,158
WBGene00016032.,35,19,54
WBGene00016033.,26,5290,5316
WBGene00016034.,4,39,43
WBGene00016037.,18,8,26
WBGene00016038.,8,118,126
WBGene00016039.,2,27,29
WBGene00016040.,0,4,4
WBGene00016044.,50,181,231
WBGene00016045.,43,244,287
WBGene00016046.,1,18,19
WBGene00016047.,1,0,1
WBGene00016048.,4,80,84
WBGene00016049.,3,5,8
WBGene00016050.,0,0,0
WBGene00016051.,0,0,0
WBGene00016052.,3,46,49
WBGene00016053.,8,22,30
WBGene00016054.,0,2,2
WBGene00016055.,35,330,365
WBGene00016056.,1,5,6
WBGene00016057.,107,1009,1116
WBGene00016058.,0,0,0
WBGene00016059.,66,308,374
WBGene00016060.,82,271,353
WBGene00016061.,4,52,56
WBGene00016062.,7,1226,1233
WBGene00016063.,2,4,6
WBGene00016064.,7,11,18
WBGene00016066.,13,32,45
WBGene00016067.,22,159,181
WBGene00016068.,21,123,144
WBGene00016069.,9,90,99
WBGene00016070.,3,4,7
WBGene00016071.,4,9,13
WBGene00016072.,4,15,19
WBGene00016073.,86,1207,1293
WBGene00016074.,20,111,131
WBGene00016075.,2,1,3
WBGene00016076.,0,0,0
WBGene00016077.,0,2,2
WBGene00016078.,1,0,1
WBGene00016080.,0,3,3
WBGene00016081.,52,190,242
WBGene00016082.,0,0,0
WBGene00016083.,0,1,1
WBGene00016084.,1,4,5
WBGene00016085.,1,2,3
WBGene00016087.,4,46,50
WBGene00016088.,1,28,29
WBGene00016089.,5,19,24
WBGene00016090.,16,25,41
WBGene00016091.,1,16,17
WBGene00016092.,1,4,5
WBGene00016093.,47,228,275
WBGene00016094.,17,62,79
WBGene00016095.,15,163,178
WBGene00016096.,1,42,43
WBGene00016097.,10,301,311
WBGene00016099.,23,84,107
WBGene00016100.,1,84,85
WBGene00016101.,3,106,109
WBGene00016102.,3,95,98
WBGene00016103.,99,1067,1166
WBGene00016104.,19,130,149
WBGene00016105.,0,0,0
WBGene00016106.,2,31,33
WBGene00016107.,7,17,24
WBGene00016108.,9,8,17
WBGene00016109.,24,73,97
WBGene00016110.,0,32,32
WBGene00016111.,16,211,227
WBGene00016112.,2,44,46
WBGene00016113.,17,340,357
WBGene00016114.,25,305,330
WBGene00016115.,296,3499,3795
WBGene00016116.,73,593,666
WBGene00016118.,673,4178,4851
WBGene00016119.,70,792,862
WBGene00016120.,59,359,418
WBGene00016121.,63,320,383
WBGene00016123.,42,106,148
WBGene00016124.,33,233,266
WBGene00016125.,0,9,9
WBGene00016126.,8,42,50
WBGene00016128.,2,221,223
WBGene00016129.,78,817,895
WBGene00016130.,0,0,0
WBGene00016131.,14,91,105
WBGene00016132.,1,0,1
WBGene00016133.,14,145,159
WBGene00016134.,7,38,45
WBGene00016135.,22,59,81
WBGene00016136.,2,4,6
WBGene00016137.,0,5,5
WBGene00016138.,27,331,358
WBGene00016139.,17,153,170
WBGene00016140.,18,714,732
WBGene00016142.,33,1190,1223
WBGene00016143.,60,328,388
WBGene00016144.,55,387,442
WBGene00016145.,28,388,416
WBGene00016146.,2,17,19
WBGene00016147.,2,22,24
WBGene00016148.,60,285,345
WBGene00016149.,10,46,56
WBGene00016150.,24,284,308
WBGene00016151.,47,235,282
WBGene00016152.,20,126,146
WBGene00016153.,0,9,9
WBGene00016154.,36,223,259
WBGene00016155.,1,4,5
WBGene00016156.,3,93,96
WBGene00016157.,58,227,285
WBGene00016158.,18,320,338
WBGene00016159.,23,107,130
WBGene00016160.,0,0,0
WBGene00016161.,0,0,0
WBGene00016162.,66,689,755
WBGene00016163.,1,14,15
WBGene00016164.,0,0,0
WBGene00016165.,45,75,120
WBGene00016166.,39,563,602
WBGene00016167.,44,328,372
WBGene00016168.,0,0,0
WBGene00016169.,4,29,33
WBGene00016170.,47,514,561
WBGene00016171.,59,290,349
WBGene00016172.,100,273,373
WBGene00016173.,154,1720,1874
WBGene00016174.,10,42,52
WBGene00016175.,3,20,23
WBGene00016177.,1,8,9
WBGene00016178.,16,45,61
WBGene00016179.,0,3,3
WBGene00016180.,0,105,105
WBGene00016181.,10,27,37
WBGene00016182.,12,108,120
WBGene00016183.,0,0,0
WBGene00016184.,25,158,183
WBGene00016185.,0,2,2
WBGene00016187.,5,91,96
WBGene00016188.,55,359,414
WBGene00016189.,0,18,18
WBGene00016190.,1,59,60
WBGene00016191.,1,9,10
WBGene00016192.,3,316,319
WBGene00016193.,12,6,18
WBGene00016194.,54,1991,2045
WBGene00016195.,3,1028,1031
WBGene00016196.,7,7,14
WBGene00016197.,573,1005,1578
WBGene00016198.,1,3,4
WBGene00016199.,3,5,8
WBGene00016200.,23,309,332
WBGene00016201.,7,486,493
WBGene00016202.,7,232,239
WBGene00016203.,41,191,232
WBGene00016204.,2,35,37
WBGene00016206.,15,6,21
WBGene00016207.,20,103,123
WBGene00016208.,4,169,173
WBGene00016209.,257,1433,1690
WBGene00016210.,199,2541,2740
WBGene00016211.,26,120,146
WBGene00016212.,14,68,82
WBGene00016213.,1,1,2
WBGene00016215.,11,271,282
WBGene00016216.,33,145,178
WBGene00016217.,0,5,5
WBGene00016218.,5,6,11
WBGene00016219.,6,3,9
WBGene00016220.,0,1,1
WBGene00016221.,39,116,155
WBGene00016222.,0,0,0
WBGene00016223.,0,0,0
WBGene00016224.,0,0,0
WBGene00016225.,0,0,0
WBGene00016226.,0,1,1
WBGene00016227.,1,1,2
WBGene00016230.,0,0,0
WBGene00016231.,0,0,0
WBGene00016232.,0,3,3
WBGene00016233.,0,1,1
WBGene00016234.,18,75,93
WBGene00016235.,4,608,612
WBGene00016236.,0,18,18
WBGene00016237.,8,257,265
WBGene00016238.,8,422,430
WBGene00016239.,1,42,43
WBGene00016242.,9,5,14
WBGene00016244.,121,617,738
WBGene00016245.,22,260,282
WBGene00016246.,21,89,110
WBGene00016247.,2,5,7
WBGene00016248.,7,83,90
WBGene00016249.,190,1032,1222
WBGene00016250.,53,2297,2350
WBGene00016253.,1,28,29
WBGene00016254.,0,6,6
WBGene00016255.,2,13,15
WBGene00016257.,0,0,0
WBGene00016258.,36,1786,1822
WBGene00016259.,7,4,11
WBGene00016260.,6,70,76
WBGene00016261.,14,206,220
WBGene00016262.,8,34,42
WBGene00016263.,2,17,19
WBGene00016264.,173,1123,1296
WBGene00016265.,3,35,38
WBGene00016266.,677,2458,3135
WBGene00016268.,4,13,17
WBGene00016269.,176,906,1082
WBGene00016271.,8700,1,8701
WBGene00016273.,1,3,4
WBGene00016274.,0,13,13
WBGene00016276.,1,27,28
WBGene00016277.,2,24,26
WBGene00016278.,49,450,499
WBGene00016279.,0,1,1
WBGene00016280.,0,1,1
WBGene00016281.,0,2,2
WBGene00016282.,11,68,79
WBGene00016283.,8,55,63
WBGene00016284.,0,0,0
WBGene00016285.,0,0,0
WBGene00016286.,1,1,2
WBGene00016287.,0,11,11
WBGene00016288.,1,8,9
WBGene00016289.,983,2691,3674
WBGene00016291.,2,11,13
WBGene00016292.,60,284,344
WBGene00016293.,23,75,98
WBGene00016294.,12,37,49
WBGene00016295.,18,68,86
WBGene00016296.,0,0,0
WBGene00016297.,0,0,0
WBGene00016298.,0,1,1
WBGene00016299.,1,0,1
WBGene00016300.,0,1,1
WBGene00016301.,3,9,12
WBGene00016302.,0,2,2
WBGene00016303.,0,1,1
WBGene00016304.,7,24,31
WBGene00016305.,7,21,28
WBGene00016306.,0,0,0
WBGene00016307.,0,1,1
WBGene00016308.,1,3,4
WBGene00016309.,0,0,0
WBGene00016310.,30,159,189
WBGene00016311.,20,412,432
WBGene00016312.,1,4,5
WBGene00016313.,4,220,224
WBGene00016314.,5,44,49
WBGene00016315.,11,141,152
WBGene00016316.,111,1833,1944
WBGene00016317.,5,124,129
WBGene00016318.,18,385,403
WBGene00016319.,15,122,137
WBGene00016320.,1,1,2
WBGene00016321.,283,893,1176
WBGene00016322.,0,1,1
WBGene00016323.,60,369,429
WBGene00016324.,14,45,59
WBGene00016325.,133,910,1043
WBGene00016326.,57,530,587
WBGene00016327.,0,0,0
WBGene00016328.,11,19,30
WBGene00016329.,3,6,9
WBGene00016330.,98,378,476
WBGene00016331.,31,353,384
WBGene00016332.,11,66,77
WBGene00016333.,297,1556,1853
WBGene00016334.,0,1,1
WBGene00016335.,4,27,31
WBGene00016336.,0,0,0
WBGene00016337.,0,0,0
WBGene00016338.,4,2,6
WBGene00016339.,1,0,1
WBGene00016340.,4,9,13
WBGene00016341.,10,216,226
WBGene00016343.,38,137,175
WBGene00016344.,8,40,48
WBGene00016345.,0,38,38
WBGene00016346.,0,17,17
WBGene00016347.,4,1,5
WBGene00016349.,1,14,15
WBGene00016350.,0,1,1
WBGene00016351.,0,0,0
WBGene00016352.,8,60,68
WBGene00016353.,0,16,16
WBGene00016354.,141,347,488
WBGene00016355.,13,186,199
WBGene00016356.,0,0,0
WBGene00016357.,0,0,0
WBGene00016358.,0,0,0
WBGene00016359.,0,84,84
WBGene00016360.,2,43,45
WBGene00016361.,1,2,3
WBGene00016362.,121,5653,5774
WBGene00016363.,15,22,37
WBGene00016364.,17,74,91
WBGene00016365.,2,35,37
WBGene00016366.,2,28,30
WBGene00016367.,4,16,20
WBGene00016368.,9,32,41
WBGene00016369.,1,1,2
WBGene00016370.,0,0,0
WBGene00016371.,1,0,1
WBGene00016373.,4,33,37
WBGene00016374.,77,398,475
WBGene00016375.,2,172,174
WBGene00016376.,7,211,218
WBGene00016378.,49,403,452
WBGene00016379.,16,132,148
WBGene00016380.,9,153,162
WBGene00016381.,4,87,91
WBGene00016382.,0,5,5
WBGene00016383.,20,196,216
WBGene00016384.,41,562,603
WBGene00016386.,12,5,17
WBGene00016387.,27,131,158
WBGene00016388.,0,0,0
WBGene00016389.,0,1,1
WBGene00016390.,17,174,191
WBGene00016391.,80,649,729
WBGene00016392.,2,103,105
WBGene00016393.,241,4569,4810
WBGene00016394.,19,33,52
WBGene00016395.,514,1871,2385
WBGene00016396.,51,136,187
WBGene00016397.,24,45,69
WBGene00016398.,0,4,4
WBGene00016399.,0,0,0
WBGene00016400.,54,376,430
WBGene00016402.,5,12,17
WBGene00016403.,114,237,351
WBGene00016404.,18,135,153
WBGene00016405.,82,1325,1407
WBGene00016406.,15,227,242
WBGene00016407.,168,480,648
WBGene00016408.,22,486,508
WBGene00016409.,42,172,214
WBGene00016410.,4,9,13
WBGene00016411.,57,584,641
WBGene00016412.,11,685,696
WBGene00016413.,0,0,0
WBGene00016414.,0,2,2
WBGene00016415.,170,1219,1389
WBGene00016416.,0,8,8
WBGene00016417.,64,265,329
WBGene00016418.,17,110,127
WBGene00016419.,13,195,208
WBGene00016420.,0,1,1
WBGene00016421.,2,46,48
WBGene00016422.,13,1195,1208
WBGene00016423.,17,162,179
WBGene00016424.,7,22,29
WBGene00016425.,0,4,4
WBGene00016427.,75,70,145
WBGene00016428.,25,157,182
WBGene00016429.,1,14,15
WBGene00016430.,0,1,1
WBGene00016431.,6,11,17
WBGene00016432.,428,574,1002
WBGene00016433.,0,0,0
WBGene00016434.,0,0,0
WBGene00016435.,154,977,1131
WBGene00016436.,5,33,38
WBGene00016437.,3,2,5
WBGene00016438.,21,212,233
WBGene00016439.,29,415,444
WBGene00016440.,0,7,7
WBGene00016441.,2,4,6
WBGene00016442.,24,475,499
WBGene00016443.,44,172,216
WBGene00016444.,14,87,101
WBGene00016445.,6,22,28
WBGene00016446.,18,449,467
WBGene00016447.,0,0,0
WBGene00016448.,25,92,117
WBGene00016449.,12,654,666
WBGene00016450.,0,14,14
WBGene00016451.,0,0,0
WBGene00016452.,52,371,423
WBGene00016453.,3,44,47
WBGene00016454.,17,137,154
WBGene00016455.,0,2,2
WBGene00016456.,0,296,296
WBGene00016457.,0,18,18
WBGene00016458.,21,328,349
WBGene00016459.,0,0,0
WBGene00016460.,1,17,18
WBGene00016461.,6,16,22
WBGene00016462.,3,7,10
WBGene00016463.,5,245,250
WBGene00016464.,1,5,6
WBGene00016465.,0,5,5
WBGene00016466.,4,17,21
WBGene00016467.,9,81,90
WBGene00016468.,3,3,6
WBGene00016469.,26,321,347
WBGene00016470.,1,0,1
WBGene00016471.,3,2,5
WBGene00016472.,0,2,2
WBGene00016473.,0,2,2
WBGene00016474.,0,1,1
WBGene00016475.,0,0,0
WBGene00016476.,0,0,0
WBGene00016477.,0,0,0
WBGene00016478.,0,3,3
WBGene00016479.,0,0,0
WBGene00016480.,0,5,5
WBGene00016481.,0,0,0
WBGene00016483.,1,4,5
WBGene00016484.,0,0,0
WBGene00016485.,0,0,0
WBGene00016486.,0,1,1
WBGene00016487.,1,2,3
WBGene00016488.,6,12,18
WBGene00016489.,134,527,661
WBGene00016490.,10,204,214
WBGene00016491.,4,4,8
WBGene00016492.,21,106,127
WBGene00016493.,12241,45459,57700
WBGene00016494.,146,692,838
WBGene00016495.,4,169,173
WBGene00016496.,81,2485,2566
WBGene00016497.,0,2,2
WBGene00016499.,12,169,181
WBGene00016500.,3,232,235
WBGene00016501.,14,337,351
WBGene00016502.,0,12,12
WBGene00016503.,2,37,39
WBGene00016504.,1,193,194
WBGene00016505.,1,324,325
WBGene00016506.,6,38,44
WBGene00016507.,44,200,244
WBGene00016508.,160,803,963
WBGene00016509.,70,3203,3273
WBGene00016511.,60,1383,1443
WBGene00016512.,7,10,17
WBGene00016513.,16,496,512
WBGene00016514.,7,45,52
WBGene00016516.,0,1,1
WBGene00016517.,0,9,9
WBGene00016518.,12,17,29
WBGene00016519.,0,0,0
WBGene00016520.,5,24,29
WBGene00016521.,0,1,1
WBGene00016522.,4,65,69
WBGene00016523.,1,8,9
WBGene00016524.,30,185,215
WBGene00016525.,0,4,4
WBGene00016526.,0,1,1
WBGene00016527.,1,2,3
WBGene00016528.,0,0,0
WBGene00016529.,0,0,0
WBGene00016530.,25,172,197
WBGene00016531.,138,403,541
WBGene00016532.,11,68,79
WBGene00016533.,61,275,336
WBGene00016534.,3,11,14
WBGene00016535.,1,275,276
WBGene00016537.,0,0,0
WBGene00016538.,26,87,113
WBGene00016539.,159,436,595
WBGene00016540.,30,85,115
WBGene00016541.,0,3,3
WBGene00016542.,10,37,47
WBGene00016543.,1,2,3
WBGene00016544.,0,5,5
WBGene00016545.,5,17,22
WBGene00016546.,6,15,21
WBGene00016547.,2,73,75
WBGene00016548.,0,0,0
WBGene00016549.,4,44,48
WBGene00016550.,2,0,2
WBGene00016551.,0,0,0
WBGene00016553.,18,57,75
WBGene00016554.,0,0,0
WBGene00016555.,1,6,7
WBGene00016556.,0,0,0
WBGene00016557.,0,0,0
WBGene00016558.,2,15,17
WBGene00016559.,19,62,81
WBGene00016561.,117,166,283
WBGene00016562.,1082,981,2063
WBGene00016564.,9,81,90
WBGene00016565.,0,1,1
WBGene00016566.,28,134,162
WBGene00016567.,0,49,49
WBGene00016568.,25,78,103
WBGene00016570.,16,166,182
WBGene00016572.,0,1,1
WBGene00016573.,1,68,69
WBGene00016574.,1,112,113
WBGene00016575.,1,129,130
WBGene00016576.,0,174,174
WBGene00016577.,0,0,0
WBGene00016578.,0,0,0
WBGene00016579.,13,50,63
WBGene00016580.,20,52,72
WBGene00016581.,0,0,0
WBGene00016582.,12,143,155
WBGene00016583.,8,395,403
WBGene00016585.,6,13,19
WBGene00016586.,0,23,23
WBGene00016587.,1,5,6
WBGene00016588.,0,26,26
WBGene00016589.,1,252,253
WBGene00016590.,50,173,223
WBGene00016591.,8,240,248
WBGene00016592.,11,71,82
WBGene00016594.,19,1044,1063
WBGene00016595.,1,1,2
WBGene00016596.,0,32,32
WBGene00016597.,0,0,0
WBGene00016598.,0,2,2
WBGene00016599.,6,11,17
WBGene00016600.,38,18,56
WBGene00016601.,112,708,820
WBGene00016602.,5,112,117
WBGene00016603.,113,682,795
WBGene00016605.,5,7,12
WBGene00016606.,35,288,323
WBGene00016607.,146,974,1120
WBGene00016608.,13,144,157
WBGene00016609.,41,42,83
WBGene00016610.,32,287,319
WBGene00016611.,187,1045,1232
WBGene00016612.,5,17,22
WBGene00016613.,13,110,123
WBGene00016614.,20,152,172
WBGene00016616.,5,177,182
WBGene00016617.,13,114,127
WBGene00016619.,6,47,53
WBGene00016620.,18,210,228
WBGene00016621.,19,127,146
WBGene00016622.,10,311,321
WBGene00016623.,31,205,236
WBGene00016624.,132,535,667
WBGene00016625.,5,31,36
WBGene00016626.,54,446,500
WBGene00016627.,0,0,0
WBGene00016628.,28,163,191
WBGene00016629.,36,254,290
WBGene00016630.,179,9139,9318
WBGene00016631.,13,67,80
WBGene00016632.,1,51,52
WBGene00016633.,7,73,80
WBGene00016634.,61,201,262
WBGene00016635.,0,1223,1223
WBGene00016636.,1,0,1
WBGene00016637.,11,34,45
WBGene00016638.,0,1,1
WBGene00016639.,3,6,9
WBGene00016641.,26,596,622
WBGene00016642.,15,145,160
WBGene00016643.,59,250,309
WBGene00016644.,2,114,116
WBGene00016645.,39,519,558
WBGene00016646.,0,0,0
WBGene00016647.,0,0,0
WBGene00016648.,0,0,0
WBGene00016649.,0,0,0
WBGene00016650.,240,1686,1926
WBGene00016652.,13,110,123
WBGene00016653.,23,2804,2827
WBGene00016654.,70,91,161
WBGene00016655.,82,1012,1094
WBGene00016657.,10,69,79
WBGene00016658.,0,2,2
WBGene00016659.,18,242,260
WBGene00016660.,0,4,4
WBGene00016661.,67,210,277
WBGene00016662.,0,1,1
WBGene00016663.,17,129,146
WBGene00016664.,1,58,59
WBGene00016665.,0,1,1
WBGene00016666.,0,2,2
WBGene00016667.,12,59,71
WBGene00016668.,0,0,0
WBGene00016669.,0,0,0
WBGene00016670.,4,5,9
WBGene00016671.,6,82,88
WBGene00016673.,0,0,0
WBGene00016674.,16,174,190
WBGene00016675.,0,1,1
WBGene00016676.,5,195,200
WBGene00016677.,302,1646,1948
WBGene00016678.,51,173,224
WBGene00016679.,1,25,26
WBGene00016680.,0,0,0
WBGene00016681.,0,3,3
WBGene00016682.,6,24,30
WBGene00016683.,7,17,24
WBGene00016684.,5,230,235
WBGene00016685.,0,0,0
WBGene00016686.,0,0,0
WBGene00016687.,0,0,0
WBGene00016688.,0,0,0
WBGene00016689.,0,0,0
WBGene00016690.,0,0,0
WBGene00016691.,0,0,0
WBGene00016692.,0,2,2
WBGene00016693.,2,5,7
WBGene00016694.,0,1,1
WBGene00016695.,0,2,2
WBGene00016696.,1,5,6
WBGene00016697.,1,0,1
WBGene00016698.,0,2,2
WBGene00016699.,0,0,0
WBGene00016700.,7,6,13
WBGene00016701.,3,23,26
WBGene00016702.,29,158,187
WBGene00016703.,13,97,110
WBGene00016704.,11,134,145
WBGene00016705.,16,30,46
WBGene00016706.,56,1114,1170
WBGene00016707.,0,0,0
WBGene00016708.,0,0,0
WBGene00016709.,1,1,2
WBGene00016710.,12,130,142
WBGene00016711.,1,6,7
WBGene00016712.,0,0,0
WBGene00016713.,0,0,0
WBGene00016714.,1,8,9
WBGene00016716.,348,1797,2145
WBGene00016717.,1,5,6
WBGene00016718.,0,0,0
WBGene00016719.,1,4,5
WBGene00016720.,0,0,0
WBGene00016721.,19,58,77
WBGene00016722.,1948,3242,5190
WBGene00016724.,3,4,7
WBGene00016725.,36,113,149
WBGene00016727.,2,1,3
WBGene00016728.,1,26,27
WBGene00016729.,0,0,0
WBGene00016730.,14,36,50
WBGene00016731.,0,0,0
WBGene00016732.,0,0,0
WBGene00016733.,0,11,11
WBGene00016734.,35,338,373
WBGene00016735.,27,220,247
WBGene00016737.,0,0,0
WBGene00016738.,0,69,69
WBGene00016739.,28,1611,1639
WBGene00016740.,21,308,329
WBGene00016741.,30,186,216
WBGene00016742.,3,3,6
WBGene00016743.,2,4,6
WBGene00016744.,17,54,71
WBGene00016745.,1,40,41
WBGene00016746.,258,2142,2400
WBGene00016747.,3,35,38
WBGene00016748.,6,57,63
WBGene00016749.,57,1171,1228
WBGene00016750.,16,270,286
WBGene00016751.,55,340,395
WBGene00016752.,0,7,7
WBGene00016753.,0,0,0
WBGene00016754.,163,492,655
WBGene00016755.,0,0,0
WBGene00016756.,2,3,5
WBGene00016757.,3,8,11
WBGene00016758.,5,14,19
WBGene00016759.,4,12,16
WBGene00016760.,3,16,19
WBGene00016761.,5,27,32
WBGene00016762.,5,32,37
WBGene00016763.,13,171,184
WBGene00016764.,55,207,262
WBGene00016765.,4,1,5
WBGene00016766.,1,100,101
WBGene00016767.,2,67,69
WBGene00016768.,16,69,85
WBGene00016769.,11,54,65
WBGene00016770.,1,1,2
WBGene00016772.,0,4,4
WBGene00016773.,1,1,2
WBGene00016775.,0,0,0
WBGene00016776.,0,0,0
WBGene00016777.,0,0,0
WBGene00016778.,2,0,2
WBGene00016779.,0,0,0
WBGene00016781.,15,7855,7870
WBGene00016782.,0,89,89
WBGene00016783.,8,14,22
WBGene00016785.,7,22,29
WBGene00016786.,0,1,1
WBGene00016788.,138,417,555
WBGene00016789.,0,1,1
WBGene00016790.,478,2934,3412
WBGene00016791.,10,144,154
WBGene00016792.,56,348,404
WBGene00016793.,25,415,440
WBGene00016794.,34,220,254
WBGene00016795.,0,2,2
WBGene00016796.,14,35,49
WBGene00016797.,12,18,30
WBGene00016798.,0,2,2
WBGene00016799.,7,38,45
WBGene00016800.,4,23,27
WBGene00016801.,10,295,305
WBGene00016803.,1,364,365
WBGene00016804.,0,2,2
WBGene00016805.,0,0,0
WBGene00016806.,1,53,54
WBGene00016807.,0,0,0
WBGene00016808.,45,1106,1151
WBGene00016809.,5,169,174
WBGene00016810.,13,171,184
WBGene00016811.,25,112,137
WBGene00016812.,38,193,231
WBGene00016813.,0,0,0
WBGene00016815.,0,0,0
WBGene00016816.,24,116,140
WBGene00016817.,17,54,71
WBGene00016818.,0,2,2
WBGene00016820.,1,11,12
WBGene00016821.,0,0,0
WBGene00016822.,0,1,1
WBGene00016823.,0,2,2
WBGene00016824.,0,0,0
WBGene00016825.,1,0,1
WBGene00016826.,2,0,2
WBGene00016827.,0,1,1
WBGene00016828.,3,2,5
WBGene00016829.,0,0,0
WBGene00016830.,4,4,8
WBGene00016831.,0,0,0
WBGene00016832.,2,4,6
WBGene00016833.,1,2,3
WBGene00016834.,1,0,1
WBGene00016835.,17,76,93
WBGene00016836.,38,184,222
WBGene00016837.,28,611,639
WBGene00016838.,83,724,807
WBGene00016839.,0,0,0
WBGene00016840.,30,162,192
WBGene00016841.,47,198,245
WBGene00016842.,1,53,54
WBGene00016843.,1,2,3
WBGene00016844.,43,906,949
WBGene00016845.,0,19,19
WBGene00016846.,82,337,419
WBGene00016847.,0,1,1
WBGene00016848.,8,30,38
WBGene00016849.,9,38,47
WBGene00016850.,0,22,22
WBGene00016851.,0,0,0
WBGene00016852.,0,1,1
WBGene00016853.,0,0,0
WBGene00016854.,0,1,1
WBGene00016855.,0,62,62
WBGene00016856.,1,0,1
WBGene00016857.,1,0,1
WBGene00016858.,1,2,3
WBGene00016859.,0,0,0
WBGene00016860.,38,116,154
WBGene00016861.,1,7,8
WBGene00016862.,46,178,224
WBGene00016863.,0,1,1
WBGene00016864.,0,2,2
WBGene00016865.,0,11,11
WBGene00016866.,28,79,107
WBGene00016867.,14,355,369
WBGene00016868.,32,65,97
WBGene00016869.,0,18,18
WBGene00016870.,0,2,2
WBGene00016871.,49,383,432
WBGene00016872.,4,42,46
WBGene00016873.,0,10,10
WBGene00016874.,3,19,22
WBGene00016877.,0,7,7
WBGene00016879.,42,278,320
WBGene00016880.,0,0,0
WBGene00016881.,0,0,0
WBGene00016882.,0,1,1
WBGene00016883.,1,0,1
WBGene00016884.,0,0,0
WBGene00016885.,0,0,0
WBGene00016886.,0,0,0
WBGene00016888.,137,834,971
WBGene00016889.,65,613,678
WBGene00016890.,15,56,71
WBGene00016891.,3,2,5
WBGene00016892.,4,444,448
WBGene00016893.,0,2,2
WBGene00016894.,1,350,351
WBGene00016895.,0,0,0
WBGene00016896.,22,70,92
WBGene00016898.,266,2585,2851
WBGene00016899.,8,21,29
WBGene00016900.,14,42,56
WBGene00016901.,0,1,1
WBGene00016902.,123,511,634
WBGene00016903.,25,212,237
WBGene00016905.,30,201,231
WBGene00016906.,9,72,81
WBGene00016907.,10,1155,1165
WBGene00016909.,10,22,32
WBGene00016911.,21,293,314
WBGene00016912.,0,21,21
WBGene00016913.,94,1945,2039
WBGene00016914.,11,66,77
WBGene00016915.,0,0,0
WBGene00016916.,14,234,248
WBGene00016917.,5,20,25
WBGene00016918.,929,3010,3939
WBGene00016919.,36,208,244
WBGene00016920.,29,95,124
WBGene00016921.,0,3,3
WBGene00016922.,0,5,5
WBGene00016923.,70,570,640
WBGene00016924.,0,0,0
WBGene00016925.,4,5,9
WBGene00016926.,1,10,11
WBGene00016927.,1,4,5
WBGene00016928.,3,7,10
WBGene00016929.,0,3,3
WBGene00016930.,16,37,53
WBGene00016931.,1,4,5
WBGene00016932.,16,40,56
WBGene00016933.,5,15,20
WBGene00016934.,21,1051,1072
WBGene00016935.,19,68,87
WBGene00016937.,19,140,159
WBGene00016938.,5,17,22
WBGene00016939.,0,12,12
WBGene00016940.,0,0,0
WBGene00016941.,1,10,11
WBGene00016942.,12,50,62
WBGene00016943.,151,5689,5840
WBGene00016944.,8,169,177
WBGene00016945.,7,37,44
WBGene00016946.,0,1,1
WBGene00016947.,4,46,50
WBGene00016948.,0,0,0
WBGene00016949.,1,1,2
WBGene00016950.,0,0,0
WBGene00016951.,8,11,19
WBGene00016953.,1,1,2
WBGene00016954.,1,2,3
WBGene00016955.,19,203,222
WBGene00016956.,0,1,1
WBGene00016957.,52,112,164
WBGene00016958.,30,150,180
WBGene00016959.,0,0,0
WBGene00016960.,26,88,114
WBGene00016961.,53,1692,1745
WBGene00016962.,0,7,7
WBGene00016963.,1,1,2
WBGene00016964.,27,288,315
WBGene00016965.,17,64,81
WBGene00016966.,26,179,205
WBGene00016968.,22,175,197
WBGene00016970.,0,18,18
WBGene00016971.,15,145,160
WBGene00016972.,4,6,10
WBGene00016973.,6,35,41
WBGene00016974.,11,89,100
WBGene00016975.,35,212,247
WBGene00016976.,13,30,43
WBGene00016977.,420,2131,2551
WBGene00016978.,23,224,247
WBGene00016979.,3,112,115
WBGene00016980.,1,0,1
WBGene00016981.,26,847,873
WBGene00016982.,7,49,56
WBGene00016983.,18,99,117
WBGene00016984.,63,74,137
WBGene00016985.,0,3,3
WBGene00016987.,16,1151,1167
WBGene00016988.,124,750,874
WBGene00016989.,88,378,466
WBGene00016990.,7,527,534
WBGene00016992.,21,70,91
WBGene00016993.,29,96,125
WBGene00016995.,17,383,400
WBGene00016996.,39,297,336
WBGene00016997.,16,291,307
WBGene00016998.,13,71,84
WBGene00016999.,9,41,50
WBGene00017000.,4,52,56
WBGene00017001.,4,19,23
WBGene00017002.,3,111,114
WBGene00017003.,4,208,212
WBGene00017004.,12,359,371
WBGene00017005.,0,47,47
WBGene00017007.,30,110,140
WBGene00017009.,3,35,38
WBGene00017010.,14,108,122
WBGene00017011.,4,252,256
WBGene00017012.,5,70,75
WBGene00017013.,19,61,80
WBGene00017014.,13,56,69
WBGene00017015.,0,30,30
WBGene00017016.,64,970,1034
WBGene00017017.,138,175,313
WBGene00017018.,4,26,30
WBGene00017019.,0,0,0
WBGene00017020.,0,5,5
WBGene00017021.,0,0,0
WBGene00017022.,3,40,43
WBGene00017023.,2,320,322
WBGene00017024.,3,8,11
WBGene00017025.,25,252,277
WBGene00017026.,1,2,3
WBGene00017027.,5,7,12
WBGene00017028.,19,49,68
WBGene00017029.,0,0,0
WBGene00017031.,10,135,145
WBGene00017032.,2,29,31
WBGene00017033.,4,27,31
WBGene00017034.,1,2,3
WBGene00017035.,1,6,7
WBGene00017036.,11,87,98
WBGene00017037.,58,343,401
WBGene00017038.,60,114,174
WBGene00017039.,11,30,41
WBGene00017040.,13,89,102
WBGene00017041.,30,62,92
WBGene00017042.,29,151,180
WBGene00017044.,82,1075,1157
WBGene00017045.,68,359,427
WBGene00017046.,18,181,199
WBGene00017048.,9,41,50
WBGene00017050.,20,22,42
WBGene00017051.,8,21,29
WBGene00017052.,1,1,2
WBGene00017053.,11,270,281
WBGene00017054.,112,545,657
WBGene00017055.,0,0,0
WBGene00017056.,0,1,1
WBGene00017057.,0,0,0
WBGene00017058.,0,0,0
WBGene00017059.,0,0,0
WBGene00017060.,152,7040,7192
WBGene00017061.,7,3,10
WBGene00017062.,68,339,407
WBGene00017063.,19,59,78
WBGene00017064.,18,356,374
WBGene00017065.,405,4948,5353
WBGene00017066.,95,309,404
WBGene00017068.,2,12,14
WBGene00017069.,35,85,120
WBGene00017070.,32,678,710
WBGene00017071.,8,38,46
WBGene00017072.,22,22,44
WBGene00017073.,0,19,19
WBGene00017074.,6,161,167
WBGene00017075.,55,11041,11096
WBGene00017076.,121,304,425
WBGene00017077.,7,36,43
WBGene00017078.,2,21,23
WBGene00017079.,9,56,65
WBGene00017080.,116,167,283
WBGene00017082.,44,900,944
WBGene00017083.,7,5,12
WBGene00017084.,137,360,497
WBGene00017085.,66,893,959
WBGene00017087.,41,142,183
WBGene00017088.,35,739,774
WBGene00017089.,0,15,15
WBGene00017090.,1,0,1
WBGene00017091.,1,2,3
WBGene00017092.,0,3,3
WBGene00017093.,0,2,2
WBGene00017094.,0,0,0
WBGene00017095.,0,0,0
WBGene00017096.,1,0,1
WBGene00017097.,4,0,4
WBGene00017098.,158,1673,1831
WBGene00017099.,0,0,0
WBGene00017100.,0,6,6
WBGene00017101.,8,42,50
WBGene00017102.,0,0,0
WBGene00017103.,0,0,0
WBGene00017104.,0,0,0
WBGene00017105.,0,0,0
WBGene00017106.,0,1,1
WBGene00017107.,0,10,10
WBGene00017108.,8,30,38
WBGene00017109.,2,0,2
WBGene00017110.,2,0,2
WBGene00017111.,0,0,0
WBGene00017112.,0,0,0
WBGene00017113.,1,4,5
WBGene00017114.,0,0,0
WBGene00017115.,1,0,1
WBGene00017116.,0,1,1
WBGene00017117.,0,9,9
WBGene00017118.,3,2,5
WBGene00017119.,57,2218,2275
WBGene00017120.,8,85,93
WBGene00017121.,1919,22749,24668
WBGene00017122.,6,15,21
WBGene00017123.,7,115,122
WBGene00017124.,5,14,19
WBGene00017125.,58,373,431
WBGene00017126.,30,223,253
WBGene00017127.,420,1542,1962
WBGene00017128.,182,901,1083
WBGene00017129.,3,40,43
WBGene00017131.,0,9,9
WBGene00017132.,169,569,738
WBGene00017133.,9,23,32
WBGene00017134.,0,23,23
WBGene00017135.,0,12,12
WBGene00017136.,2,19,21
WBGene00017137.,3,136,139
WBGene00017138.,52,526,578
WBGene00017139.,1,2,3
WBGene00017140.,0,6,6
WBGene00017141.,0,3,3
WBGene00017142.,3,63,66
WBGene00017143.,1,14,15
WBGene00017144.,29,188,217
WBGene00017146.,15,24,39
WBGene00017147.,14,102,116
WBGene00017148.,0,5,5
WBGene00017149.,499,7111,7610
WBGene00017150.,3,95,98
WBGene00017151.,5,17,22
WBGene00017152.,0,0,0
WBGene00017153.,0,16,16
WBGene00017154.,15,414,429
WBGene00017156.,58,82,140
WBGene00017157.,69,135,204
WBGene00017158.,23,449,472
WBGene00017159.,134,736,870
WBGene00017160.,104,720,824
WBGene00017161.,44,255,299
WBGene00017162.,57,437,494
WBGene00017163.,104,501,605
WBGene00017164.,8,72,80
WBGene00017165.,76,177,253
WBGene00017166.,257,4230,4487
WBGene00017168.,0,2,2
WBGene00017169.,10,254,264
WBGene00017170.,30,22,52
WBGene00017172.,0,0,0
WBGene00017173.,1,0,1
WBGene00017174.,3,9,12
WBGene00017175.,0,0,0
WBGene00017176.,1,24,25
WBGene00017177.,1,0,1
WBGene00017178.,13,133,146
WBGene00017179.,0,3,3
WBGene00017180.,58,131,189
WBGene00017181.,0,0,0
WBGene00017182.,0,1,1
WBGene00017183.,0,0,0
WBGene00017184.,29,270,299
WBGene00017185.,0,0,0
WBGene00017186.,0,0,0
WBGene00017188.,0,0,0
WBGene00017189.,0,0,0
WBGene00017190.,0,15,15
WBGene00017191.,0,0,0
WBGene00017192.,0,0,0
WBGene00017193.,43,575,618
WBGene00017194.,7,27,34
WBGene00017195.,17,229,246
WBGene00017197.,16,201,217
WBGene00017198.,3,47,50
WBGene00017199.,0,1,1
WBGene00017200.,2,7,9
WBGene00017201.,219,1385,1604
WBGene00017202.,0,0,0
WBGene00017203.,0,0,0
WBGene00017204.,0,0,0
WBGene00017205.,9,35,44
WBGene00017207.,0,2,2
WBGene00017208.,0,2,2
WBGene00017209.,9,1,10
WBGene00017210.,270,1232,1502
WBGene00017211.,0,0,0
WBGene00017212.,0,0,0
WBGene00017213.,0,2,2
WBGene00017214.,0,0,0
WBGene00017215.,0,0,0
WBGene00017216.,5,29,34
WBGene00017217.,41,118,159
WBGene00017218.,1,1,2
WBGene00017219.,24,131,155
WBGene00017220.,63,743,806
WBGene00017221.,5,0,5
WBGene00017222.,0,0,0
WBGene00017223.,0,0,0
WBGene00017224.,0,0,0
WBGene00017225.,3,2,5
WBGene00017226.,2,0,2
WBGene00017227.,1,0,1
WBGene00017228.,2,9,11
WBGene00017229.,0,1,1
WBGene00017230.,1,0,1
WBGene00017231.,0,1,1
WBGene00017232.,0,1,1
WBGene00017233.,1,2,3
WBGene00017235.,29,80,109
WBGene00017236.,3,29,32
WBGene00017237.,24,147,171
WBGene00017238.,63,1202,1265
WBGene00017239.,85,195,280
WBGene00017240.,31,279,310
WBGene00017241.,57,410,467
WBGene00017243.,0,0,0
WBGene00017244.,112,673,785
WBGene00017245.,74,725,799
WBGene00017246.,261,547,808
WBGene00017247.,50,95,145
WBGene00017248.,1,1,2
WBGene00017249.,0,0,0
WBGene00017250.,7,88,95
WBGene00017251.,0,2,2
WBGene00017252.,0,1,1
WBGene00017253.,0,1,1
WBGene00017254.,0,1,1
WBGene00017255.,6,9,15
WBGene00017257.,0,5,5
WBGene00017258.,10,24,34
WBGene00017259.,1,1,2
WBGene00017260.,21,76,97
WBGene00017261.,27,288,315
WBGene00017262.,195,652,847
WBGene00017263.,0,3,3
WBGene00017264.,3,1,4
WBGene00017265.,3,20,23
WBGene00017266.,110,329,439
WBGene00017267.,0,0,0
WBGene00017268.,31,471,502
WBGene00017269.,41,110,151
WBGene00017270.,0,1,1
WBGene00017271.,2,1,3
WBGene00017272.,12,276,288
WBGene00017273.,35,181,216
WBGene00017274.,160,646,806
WBGene00017275.,67,341,408
WBGene00017277.,1,1,2
WBGene00017278.,4,7,11
WBGene00017279.,2,2,4
WBGene00017280.,127,398,525
WBGene00017281.,1,2,3
WBGene00017282.,3,180,183
WBGene00017283.,85,737,822
WBGene00017284.,55,285,340
WBGene00017285.,13,334,347
WBGene00017286.,212,626,838
WBGene00017287.,4,27,31
WBGene00017288.,2,34,36
WBGene00017289.,1,315,316
WBGene00017290.,2,57,59
WBGene00017291.,5,43,48
WBGene00017292.,27,226,253
WBGene00017293.,3,186,189
WBGene00017294.,31,122,153
WBGene00017295.,11,9,20
WBGene00017296.,6,14,20
WBGene00017297.,65,1640,1705
WBGene00017298.,47,478,525
WBGene00017299.,41,376,417
WBGene00017300.,241,1626,1867
WBGene00017301.,109,4472,4581
WBGene00017302.,29,64,93
WBGene00017303.,267,1532,1799
WBGene00017304.,21,537,558
WBGene00017305.,1,17,18
WBGene00017306.,23,109,132
WBGene00017307.,11,63,74
WBGene00017308.,10,15,25
WBGene00017309.,19,13,32
WBGene00017310.,8,98,106
WBGene00017311.,14,787,801
WBGene00017312.,0,2,2
WBGene00017313.,84,314,398
WBGene00017314.,80,320,400
WBGene00017315.,0,0,0
WBGene00017316.,32,108,140
WBGene00017317.,452,2671,3123
WBGene00017319.,255,1086,1341
WBGene00017320.,7,29,36
WBGene00017321.,13,408,421
WBGene00017322.,0,6,6
WBGene00017323.,10,17,27
WBGene00017324.,0,1,1
WBGene00017325.,0,2,2
WBGene00017326.,5,51,56
WBGene00017327.,1,10,11
WBGene00017328.,2,176,178
WBGene00017329.,9,60,69
WBGene00017330.,0,2,2
WBGene00017331.,23,127,150
WBGene00017332.,60,106,166
WBGene00017333.,0,4,4
WBGene00017334.,1,10,11
WBGene00017335.,18,75,93
WBGene00017336.,26,87,113
WBGene00017338.,8,21,29
WBGene00017339.,27,128,155
WBGene00017340.,6,36,42
WBGene00017341.,1,1,2
WBGene00017342.,15,339,354
WBGene00017343.,0,0,0
WBGene00017344.,7,248,255
WBGene00017345.,0,0,0
WBGene00017347.,18,1757,1775
WBGene00017348.,0,297,297
WBGene00017349.,34,715,749
WBGene00017350.,84,327,411
WBGene00017351.,0,4,4
WBGene00017352.,17,34,51
WBGene00017353.,11,77,88
WBGene00017354.,1,4,5
WBGene00017355.,14,155,169
WBGene00017356.,139,538,677
WBGene00017357.,57,241,298
WBGene00017358.,3,103,106
WBGene00017359.,6,25,31
WBGene00017360.,73,612,685
WBGene00017361.,1,15,16
WBGene00017362.,295,1515,1810
WBGene00017363.,80,804,884
WBGene00017364.,0,1,1
WBGene00017365.,0,0,0
WBGene00017366.,1,5,6
WBGene00017367.,3,37,40
WBGene00017369.,12,188,200
WBGene00017370.,0,2,2
WBGene00017371.,2,4,6
WBGene00017372.,82,408,490
WBGene00017373.,60,367,427
WBGene00017374.,490,2410,2900
WBGene00017375.,6,37,43
WBGene00017376.,1526,7735,9261
WBGene00017378.,3,7,10
WBGene00017379.,295,1990,2285
WBGene00017380.,77,380,457
WBGene00017381.,13,122,135
WBGene00017382.,1,1,2
WBGene00017383.,1,1,2
WBGene00017384.,1,0,1
WBGene00017385.,6,334,340
WBGene00017386.,0,118,118
WBGene00017387.,0,1,1
WBGene00017388.,0,2,2
WBGene00017389.,118,106,224
WBGene00017390.,11,56,67
WBGene00017391.,0,0,0
WBGene00017392.,0,0,0
WBGene00017393.,1,2,3
WBGene00017394.,45,113,158
WBGene00017395.,0,1,1
WBGene00017396.,1,1,2
WBGene00017397.,26,114,140
WBGene00017398.,2,7,9
WBGene00017399.,8,6,14
WBGene00017400.,20,101,121
WBGene00017401.,0,0,0
WBGene00017402.,0,0,0
WBGene00017403.,0,0,0
WBGene00017404.,0,0,0
WBGene00017405.,0,0,0
WBGene00017406.,0,0,0
WBGene00017407.,0,0,0
WBGene00017408.,0,0,0
WBGene00017410.,1,6,7
WBGene00017411.,2,37,39
WBGene00017412.,0,0,0
WBGene00017413.,0,1,1
WBGene00017414.,0,0,0
WBGene00017415.,2,2,4
WBGene00017416.,0,35,35
WBGene00017417.,4,36,40
WBGene00017418.,42,446,488
WBGene00017419.,63,675,738
WBGene00017420.,10,46,56
WBGene00017421.,28,111,139
WBGene00017422.,4,53,57
WBGene00017423.,158,1177,1335
WBGene00017424.,9,6,15
WBGene00017426.,100,788,888
WBGene00017427.,8,23,31
WBGene00017428.,286,1344,1630
WBGene00017429.,56,116,172
WBGene00017430.,48,578,626
WBGene00017431.,62,262,324
WBGene00017432.,12,42,54
WBGene00017433.,6,16,22
WBGene00017434.,3,29,32
WBGene00017435.,93,530,623
WBGene00017436.,0,11,11
WBGene00017437.,6,34,40
WBGene00017438.,4,10,14
WBGene00017439.,13,45,58
WBGene00017440.,642,6292,6934
WBGene00017441.,3,18,21
WBGene00017442.,9,54,63
WBGene00017443.,0,5,5
WBGene00017444.,0,0,0
WBGene00017445.,78,333,411
WBGene00017446.,3,21,24
WBGene00017447.,11,66,77
WBGene00017448.,31,177,208
WBGene00017449.,11,21,32
WBGene00017450.,4,21,25
WBGene00017451.,0,0,0
WBGene00017452.,10,10,20
WBGene00017453.,3,5,8
WBGene00017454.,0,1,1
WBGene00017455.,1,0,1
WBGene00017456.,4,2,6
WBGene00017459.,9,32,41
WBGene00017460.,4,20,24
WBGene00017461.,1,33,34
WBGene00017462.,2,29,31
WBGene00017463.,26,83,109
WBGene00017464.,9,56,65
WBGene00017465.,0,0,0
WBGene00017466.,0,5,5
WBGene00017467.,5,47,52
WBGene00017468.,7,7,14
WBGene00017469.,1,14,15
WBGene00017470.,0,0,0
WBGene00017471.,22,299,321
WBGene00017472.,78,421,499
WBGene00017473.,0,17,17
WBGene00017474.,0,1,1
WBGene00017475.,0,5,5
WBGene00017476.,0,0,0
WBGene00017478.,28,162,190
WBGene00017480.,49,456,505
WBGene00017481.,0,24,24
WBGene00017482.,3,54,57
WBGene00017483.,0,8,8
WBGene00017484.,17,663,680
WBGene00017485.,13,133,146
WBGene00017486.,0,16,16
WBGene00017487.,2,18,20
WBGene00017488.,12,57,69
WBGene00017489.,13,10,23
WBGene00017490.,0,0,0
WBGene00017491.,0,0,0
WBGene00017492.,0,0,0
WBGene00017493.,0,2,2
WBGene00017494.,1,2,3
WBGene00017496.,0,0,0
WBGene00017497.,0,0,0
WBGene00017498.,21,198,219
WBGene00017499.,0,0,0
WBGene00017500.,0,0,0
WBGene00017501.,0,82,82
WBGene00017502.,0,31,31
WBGene00017503.,14,49,63
WBGene00017504.,19,30,49
WBGene00017505.,0,1,1
WBGene00017506.,43,660,703
WBGene00017507.,30,109,139
WBGene00017508.,7,32,39
WBGene00017509.,5,20,25
WBGene00017510.,12,45,57
WBGene00017511.,0,0,0
WBGene00017512.,4,57,61
WBGene00017513.,21,209,230
WBGene00017514.,86,792,878
WBGene00017515.,4,25,29
WBGene00017516.,0,1,1
WBGene00017517.,0,1,1
WBGene00017518.,1,0,1
WBGene00017519.,0,0,0
WBGene00017520.,0,1,1
WBGene00017521.,0,0,0
WBGene00017522.,0,0,0
WBGene00017523.,0,0,0
WBGene00017524.,0,1,1
WBGene00017525.,1,0,1
WBGene00017526.,0,0,0
WBGene00017527.,0,0,0
WBGene00017528.,2,1,3
WBGene00017529.,1,1,2
WBGene00017530.,10,56,66
WBGene00017532.,2,6,8
WBGene00017533.,0,0,0
WBGene00017534.,25,341,366
WBGene00017535.,11,105,116
WBGene00017536.,7,171,178
WBGene00017537.,7,63,70
WBGene00017538.,2,40,42
WBGene00017539.,0,0,0
WBGene00017540.,0,0,0
WBGene00017541.,0,0,0
WBGene00017542.,0,1,1
WBGene00017543.,0,3,3
WBGene00017544.,2,4,6
WBGene00017545.,3,27,30
WBGene00017546.,97,795,892
WBGene00017547.,14,105,119
WBGene00017548.,12,28,40
WBGene00017549.,29,143,172
WBGene00017550.,0,0,0
WBGene00017551.,0,1,1
WBGene00017552.,0,1,1
WBGene00017553.,0,0,0
WBGene00017554.,0,0,0
WBGene00017555.,0,0,0
WBGene00017556.,0,1,1
WBGene00017557.,7,282,289
WBGene00017559.,1,1,2
WBGene00017560.,0,7,7
WBGene00017562.,0,0,0
WBGene00017563.,27,99,126
WBGene00017564.,0,2,2
WBGene00017565.,1017,1290,2307
WBGene00017566.,1,2,3
WBGene00017567.,0,198,198
WBGene00017568.,25,140,165
WBGene00017569.,16,258,274
WBGene00017570.,38,103,141
WBGene00017571.,18,319,337
WBGene00017573.,0,1,1
WBGene00017574.,4,55,59
WBGene00017576.,14,24,38
WBGene00017577.,0,0,0
WBGene00017578.,2,7,9
WBGene00017579.,1,17,18
WBGene00017580.,21,68,89
WBGene00017581.,3,7,10
WBGene00017582.,7,155,162
WBGene00017583.,35,223,258
WBGene00017584.,0,1,1
WBGene00017585.,0,0,0
WBGene00017586.,2,4,6
WBGene00017587.,0,0,0
WBGene00017588.,0,0,0
WBGene00017589.,1,19,20
WBGene00017590.,1,0,1
WBGene00017591.,35,202,237
WBGene00017592.,0,3,3
WBGene00017593.,0,1,1
WBGene00017594.,3,1,4
WBGene00017597.,63,167,230
WBGene00017598.,0,0,0
WBGene00017599.,0,120,120
WBGene00017600.,61,278,339
WBGene00017601.,0,0,0
WBGene00017602.,0,0,0
WBGene00017603.,1,0,1
WBGene00017605.,406,1594,2000
WBGene00017606.,5,122,127
WBGene00017607.,22,163,185
WBGene00017608.,89,209,298
WBGene00017609.,0,0,0
WBGene00017610.,2,1,3
WBGene00017611.,6,15,21
WBGene00017612.,0,0,0
WBGene00017613.,996,17136,18132
WBGene00017614.,2,10,12
WBGene00017615.,1,6,7
WBGene00017616.,5,36,41
WBGene00017618.,131,142,273
WBGene00017619.,5,9,14
WBGene00017620.,86,232,318
WBGene00017621.,76,1388,1464
WBGene00017625.,2,1,3
WBGene00017627.,1,1,2
WBGene00017628.,30,54,84
WBGene00017629.,0,0,0
WBGene00017630.,0,0,0
WBGene00017631.,0,0,0
WBGene00017632.,10,23,33
WBGene00017633.,4,5,9
WBGene00017634.,0,1,1
WBGene00017635.,13,19,32
WBGene00017636.,3,2,5
WBGene00017637.,8,85,93
WBGene00017638.,0,5,5
WBGene00017639.,109,291,400
WBGene00017640.,72,278,350
WBGene00017641.,0,10,10
WBGene00017642.,96,502,598
WBGene00017643.,54,373,427
WBGene00017644.,276,673,949
WBGene00017645.,1,2,3
WBGene00017646.,33,123,156
WBGene00017647.,25,37,62
WBGene00017648.,3,14,17
WBGene00017650.,1,22,23
WBGene00017651.,16,29,45
WBGene00017652.,0,3,3
WBGene00017653.,97,542,639
WBGene00017654.,1,2,3
WBGene00017655.,0,1,1
WBGene00017656.,2,6,8
WBGene00017657.,402,1962,2364
WBGene00017658.,16,208,224
WBGene00017659.,39,833,872
WBGene00017660.,7,9,16
WBGene00017661.,3,36,39
WBGene00017662.,4,6,10
WBGene00017663.,111,916,1027
WBGene00017664.,6,18,24
WBGene00017666.,7,8,15
WBGene00017667.,1,4,5
WBGene00017668.,0,2,2
WBGene00017670.,0,0,0
WBGene00017671.,103,3001,3104
WBGene00017672.,0,1,1
WBGene00017673.,2,9,11
WBGene00017674.,1,23,24
WBGene00017675.,76,1108,1184
WBGene00017676.,28,301,329
WBGene00017677.,0,0,0
WBGene00017678.,0,1,1
WBGene00017679.,0,1,1
WBGene00017680.,0,1,1
WBGene00017681.,4,33,37
WBGene00017683.,39,219,258
WBGene00017684.,0,1,1
WBGene00017685.,0,0,0
WBGene00017686.,24,389,413
WBGene00017687.,3,66,69
WBGene00017688.,31,438,469
WBGene00017690.,28,55,83
WBGene00017691.,81,296,377
WBGene00017692.,7,32,39
WBGene00017693.,0,0,0
WBGene00017694.,1,1,2
WBGene00017695.,1,1,2
WBGene00017696.,17,184,201
WBGene00017698.,58,490,548
WBGene00017699.,287,758,1045
WBGene00017700.,11,39,50
WBGene00017701.,0,2,2
WBGene00017702.,19,170,189
WBGene00017703.,7,15,22
WBGene00017704.,0,0,0
WBGene00017705.,0,1,1
WBGene00017706.,0,6,6
WBGene00017707.,0,0,0
WBGene00017708.,9,51,60
WBGene00017709.,0,1,1
WBGene00017710.,2,34,36
WBGene00017711.,2,73,75
WBGene00017712.,0,4,4
WBGene00017713.,0,5,5
WBGene00017714.,0,19,19
WBGene00017715.,6,106,112
WBGene00017716.,10,34,44
WBGene00017717.,2,26,28
WBGene00017718.,0,1,1
WBGene00017719.,179,921,1100
WBGene00017720.,16,41,57
WBGene00017721.,4,12,16
WBGene00017722.,0,0,0
WBGene00017723.,5,7,12
WBGene00017724.,46,448,494
WBGene00017725.,0,1,1
WBGene00017726.,0,477,477
WBGene00017727.,0,1562,1562
WBGene00017729.,1,4,5
WBGene00017730.,0,37,37
WBGene00017731.,1,25,26
WBGene00017732.,32,150,182
WBGene00017733.,64,287,351
WBGene00017734.,63,3819,3882
WBGene00017735.,65,1427,1492
WBGene00017736.,1,13,14
WBGene00017737.,1,0,1
WBGene00017738.,27,226,253
WBGene00017739.,1,6,7
WBGene00017741.,65,210,275
WBGene00017742.,62,217,279
WBGene00017743.,0,3,3
WBGene00017744.,51,178,229
WBGene00017745.,74,394,468
WBGene00017746.,57,339,396
WBGene00017747.,1,54,55
WBGene00017748.,49,566,615
WBGene00017749.,40,329,369
WBGene00017750.,27,81,108
WBGene00017751.,5,6,11
WBGene00017752.,0,0,0
WBGene00017754.,5,15,20
WBGene00017755.,9,263,272
WBGene00017756.,38,288,326
WBGene00017757.,18,446,464
WBGene00017758.,25,106,131
WBGene00017759.,2,552,554
WBGene00017760.,35,491,526
WBGene00017761.,62,69,131
WBGene00017762.,114,109,223
WBGene00017763.,67,513,580
WBGene00017764.,1,3,4
WBGene00017765.,28,714,742
WBGene00017766.,35,182,217
WBGene00017767.,40,164,204
WBGene00017768.,44,381,425
WBGene00017769.,59,447,506
WBGene00017770.,34,423,457
WBGene00017771.,14,67,81
WBGene00017772.,212,2025,2237
WBGene00017773.,60,740,800
WBGene00017774.,6,143,149
WBGene00017775.,59,903,962
WBGene00017776.,25,354,379
WBGene00017777.,16,906,922
WBGene00017778.,68,409,477
WBGene00017779.,27,73,100
WBGene00017780.,26,62,88
WBGene00017781.,139,423,562
WBGene00017782.,10,118,128
WBGene00017783.,5,31,36
WBGene00017784.,0,2,2
WBGene00017785.,1,25,26
WBGene00017786.,10,34,44
WBGene00017787.,1,25,26
WBGene00017788.,0,7,7
WBGene00017789.,54,441,495
WBGene00017790.,0,6,6
WBGene00017791.,0,0,0
WBGene00017792.,9,50,59
WBGene00017794.,13,81,94
WBGene00017795.,55,199,254
WBGene00017796.,0,31,31
WBGene00017797.,111,358,469
WBGene00017798.,5,53,58
WBGene00017799.,10,407,417
WBGene00017800.,40,245,285
WBGene00017801.,46,186,232
WBGene00017802.,0,5,5
WBGene00017803.,3,7,10
WBGene00017805.,6,22,28
WBGene00017806.,2,37,39
WBGene00017807.,0,4,4
WBGene00017808.,0,7,7
WBGene00017809.,0,0,0
WBGene00017810.,0,1,1
WBGene00017811.,32,242,274
WBGene00017813.,14,164,178
WBGene00017814.,11,24,35
WBGene00017815.,42,128,170
WBGene00017816.,11,482,493
WBGene00017817.,0,2,2
WBGene00017818.,81,117,198
WBGene00017819.,0,0,0
WBGene00017821.,0,4,4
WBGene00017822.,0,3,3
WBGene00017823.,0,19,19
WBGene00017824.,4,7,11
WBGene00017825.,17,290,307
WBGene00017826.,26,210,236
WBGene00017827.,9,70,79
WBGene00017828.,10,157,167
WBGene00017829.,94,207,301
WBGene00017830.,18,1120,1138
WBGene00017831.,49,124,173
WBGene00017832.,13,144,157
WBGene00017833.,30,97,127
WBGene00017834.,95,1586,1681
WBGene00017835.,0,6,6
WBGene00017836.,10,56,66
WBGene00017837.,16,145,161
WBGene00017838.,66,287,353
WBGene00017839.,0,0,0
WBGene00017840.,28,62,90
WBGene00017841.,0,28,28
WBGene00017842.,14,144,158
WBGene00017843.,0,0,0
WBGene00017845.,0,2,2
WBGene00017848.,0,16,16
WBGene00017849.,11,53,64
WBGene00017850.,67,273,340
WBGene00017851.,0,0,0
WBGene00017852.,66,1085,1151
WBGene00017853.,0,0,0
WBGene00017854.,0,25,25
WBGene00017855.,219,906,1125
WBGene00017858.,19,48,67
WBGene00017860.,4,5,9
WBGene00017861.,10,41,51
WBGene00017864.,133,5484,5617
WBGene00017865.,5,7,12
WBGene00017866.,254,741,995
WBGene00017867.,0,2,2
WBGene00017868.,1,9,10
WBGene00017869.,0,0,0
WBGene00017870.,0,0,0
WBGene00017871.,0,0,0
WBGene00017872.,0,0,0
WBGene00017873.,1,11,12
WBGene00017874.,249,2180,2429
WBGene00017875.,0,10,10
WBGene00017876.,0,0,0
WBGene00017877.,0,0,0
WBGene00017878.,0,0,0
WBGene00017879.,2,10,12
WBGene00017880.,11,64,75
WBGene00017881.,3,14,17
WBGene00017885.,113,551,664
WBGene00017886.,11,26,37
WBGene00017887.,20,397,417
WBGene00017888.,28,183,211
WBGene00017889.,44,832,876
WBGene00017890.,0,5,5
WBGene00017891.,51,204,255
WBGene00017892.,26,77,103
WBGene00017893.,3,25,28
WBGene00017894.,65,245,310
WBGene00017895.,14,212,226
WBGene00017896.,0,1,1
WBGene00017898.,22,91,113
WBGene00017899.,1,1,2
WBGene00017900.,99,611,710
WBGene00017901.,31,245,276
WBGene00017902.,1,0,1
WBGene00017904.,91,315,406
WBGene00017905.,3,15,18
WBGene00017906.,38,67,105
WBGene00017907.,66,161,227
WBGene00017908.,0,39,39
WBGene00017909.,19,17,36
WBGene00017910.,1,9,10
WBGene00017911.,0,5,5
WBGene00017912.,0,0,0
WBGene00017913.,0,0,0
WBGene00017914.,16,112,128
WBGene00017916.,120,316,436
WBGene00017917.,0,1,1
WBGene00017918.,0,0,0
WBGene00017919.,14,107,121
WBGene00017920.,83,645,728
WBGene00017921.,44,302,346
WBGene00017922.,2,9,11
WBGene00017923.,6,547,553
WBGene00017924.,48,584,632
WBGene00017925.,1421,10641,12062
WBGene00017926.,1043,13202,14245
WBGene00017927.,0,1,1
WBGene00017928.,25,283,308
WBGene00017929.,835,352,1187
WBGene00017930.,0,1,1
WBGene00017931.,27,125,152
WBGene00017933.,0,1,1
WBGene00017934.,16,254,270
WBGene00017935.,0,1,1
WBGene00017936.,3,114,117
WBGene00017937.,0,16,16
WBGene00017938.,1,85,86
WBGene00017939.,18,46,64
WBGene00017941.,12,22,34
WBGene00017942.,0,0,0
WBGene00017944.,0,1,1
WBGene00017945.,30,179,209
WBGene00017947.,2,11,13
WBGene00017948.,3,27,30
WBGene00017949.,3,7,10
WBGene00017950.,12,72,84
WBGene00017951.,15,145,160
WBGene00017952.,147,279,426
WBGene00017954.,4,192,196
WBGene00017955.,0,0,0
WBGene00017956.,0,1,1
WBGene00017957.,1,6,7
WBGene00017959.,4,12,16
WBGene00017960.,12,28,40
WBGene00017961.,7,42,49
WBGene00017962.,3,27,30
WBGene00017963.,0,3,3
WBGene00017964.,5,330,335
WBGene00017965.,1,8,9
WBGene00017967.,34,309,343
WBGene00017968.,28,292,320
WBGene00017969.,2,65,67
WBGene00017970.,81,1609,1690
WBGene00017971.,11,19,30
WBGene00017973.,50,100,150
WBGene00017974.,12,72,84
WBGene00017975.,1,2,3
WBGene00017976.,59,211,270
WBGene00017977.,2,60,62
WBGene00017978.,0,39,39
WBGene00017979.,64,1919,1983
WBGene00017980.,103,1352,1455
WBGene00017981.,14,148,162
WBGene00017982.,705,4497,5202
WBGene00017983.,50,85,135
WBGene00017984.,31,4696,4727
WBGene00017985.,1,97,98
WBGene00017986.,3,15,18
WBGene00017987.,0,0,0
WBGene00017988.,6,622,628
WBGene00017989.,19,440,459
WBGene00017990.,22,275,297
WBGene00017991.,16,101,117
WBGene00017992.,16,90,106
WBGene00017993.,80,1951,2031
WBGene00017995.,318,706,1024
WBGene00017996.,33,336,369
WBGene00017997.,223,1111,1334
WBGene00017998.,2,18,20
WBGene00017999.,11,8,19
WBGene00018000.,0,0,0
WBGene00018001.,0,0,0
WBGene00018002.,14,30,44
WBGene00018003.,0,0,0
WBGene00018004.,0,3,3
WBGene00018005.,39,156,195
WBGene00018006.,17,159,176
WBGene00018007.,9,374,383
WBGene00018008.,26,646,672
WBGene00018009.,15,192,207
WBGene00018010.,6,23,29
WBGene00018011.,15,122,137
WBGene00018013.,40,210,250
WBGene00018014.,31,93,124
WBGene00018015.,10,117,127
WBGene00018016.,9,44,53
WBGene00018017.,23,491,514
WBGene00018018.,17,503,520
WBGene00018019.,0,0,0
WBGene00018021.,0,4,4
WBGene00018022.,8,15,23
WBGene00018023.,15,35,50
WBGene00018024.,129,2381,2510
WBGene00018025.,37,276,313
WBGene00018026.,1,7,8
WBGene00018027.,0,2,2
WBGene00018030.,2,0,2
WBGene00018031.,1,7,8
WBGene00018033.,467,1070,1537
WBGene00018034.,0,0,0
WBGene00018035.,0,2,2
WBGene00018036.,1,25,26
WBGene00018037.,12,55,67
WBGene00018038.,0,0,0
WBGene00018039.,1,1,2
WBGene00018040.,0,4,4
WBGene00018041.,0,16,16
WBGene00018042.,7,50,57
WBGene00018043.,17,52,69
WBGene00018044.,5,73,78
WBGene00018045.,1,295,296
WBGene00018046.,53,1140,1193
WBGene00018047.,0,2,2
WBGene00018048.,1,7,8
WBGene00018049.,0,0,0
WBGene00018050.,6,23,29
WBGene00018051.,34,148,182
WBGene00018052.,13,48,61
WBGene00018053.,0,0,0
WBGene00018054.,0,2,2
WBGene00018055.,0,12,12
WBGene00018056.,0,0,0
WBGene00018057.,0,0,0
WBGene00018058.,0,0,0
WBGene00018059.,0,1,1
WBGene00018060.,31,185,216
WBGene00018061.,28,98,126
WBGene00018062.,0,0,0
WBGene00018063.,0,0,0
WBGene00018064.,57,408,465
WBGene00018065.,1,3,4
WBGene00018066.,0,15,15
WBGene00018067.,12,114,126
WBGene00018068.,1,159,160
WBGene00018069.,73,210,283
WBGene00018070.,12,57,69
WBGene00018071.,5,148,153
WBGene00018072.,26,130,156
WBGene00018073.,18,366,384
WBGene00018074.,42,157,199
WBGene00018075.,107,346,453
WBGene00018076.,18,90,108
WBGene00018077.,1,74,75
WBGene00018078.,3,120,123
WBGene00018080.,0,0,0
WBGene00018081.,0,0,0
WBGene00018082.,0,0,0
WBGene00018083.,3,9,12
WBGene00018084.,10,7,17
WBGene00018085.,0,23,23
WBGene00018087.,6,21,27
WBGene00018088.,42,192,234
WBGene00018089.,34,78,112
WBGene00018090.,19,517,536
WBGene00018091.,0,3,3
WBGene00018092.,1,7,8
WBGene00018093.,0,1,1
WBGene00018094.,5,0,5
WBGene00018096.,0,1,1
WBGene00018097.,0,0,0
WBGene00018098.,0,0,0
WBGene00018099.,4,36,40
WBGene00018100.,1,7,8
WBGene00018101.,1,2,3
WBGene00018102.,2,2,4
WBGene00018103.,0,1,1
WBGene00018104.,0,5,5
WBGene00018105.,0,0,0
WBGene00018106.,0,0,0
WBGene00018107.,0,0,0
WBGene00018108.,0,0,0
WBGene00018109.,0,0,0
WBGene00018110.,2,0,2
WBGene00018111.,4,4,8
WBGene00018112.,13,78,91
WBGene00018113.,3,25,28
WBGene00018114.,4,3,7
WBGene00018115.,8,84,92
WBGene00018117.,10,500,510
WBGene00018118.,4,15,19
WBGene00018119.,0,1,1
WBGene00018120.,0,0,0
WBGene00018121.,2,20,22
WBGene00018122.,0,3,3
WBGene00018123.,0,0,0
WBGene00018124.,0,0,0
WBGene00018125.,0,0,0
WBGene00018127.,0,0,0
WBGene00018130.,4,4,8
WBGene00018131.,68,403,471
WBGene00018132.,55,396,451
WBGene00018133.,6,28,34
WBGene00018134.,1,0,1
WBGene00018135.,0,3,3
WBGene00018136.,0,8,8
WBGene00018137.,2,95,97
WBGene00018138.,17,100,117
WBGene00018139.,0,0,0
WBGene00018140.,26,67,93
WBGene00018141.,0,0,0
WBGene00018142.,1,4,5
WBGene00018143.,0,2,2
WBGene00018144.,48,248,296
WBGene00018145.,213,2015,2228
WBGene00018146.,6,41,47
WBGene00018148.,0,1,1
WBGene00018149.,111,295,406
WBGene00018150.,10,145,155
WBGene00018151.,299,1688,1987
WBGene00018152.,8,762,770
WBGene00018153.,3,9,12
WBGene00018154.,45,357,402
WBGene00018155.,2,5,7
WBGene00018156.,78,526,604
WBGene00018157.,0,13,13
WBGene00018158.,0,1,1
WBGene00018159.,456,864,1320
WBGene00018160.,9,339,348
WBGene00018161.,25,591,616
WBGene00018162.,0,0,0
WBGene00018163.,1,1,2
WBGene00018164.,0,669,669
WBGene00018165.,0,5,5
WBGene00018166.,15,73,88
WBGene00018167.,4,97,101
WBGene00018168.,1,0,1
WBGene00018169.,0,0,0
WBGene00018170.,3,102,105
WBGene00018172.,8,7,15
WBGene00018173.,8,27,35
WBGene00018174.,2,9,11
WBGene00018175.,43,101,144
WBGene00018176.,2,2,4
WBGene00018178.,1,0,1
WBGene00018179.,2,5,7
WBGene00018180.,12,30,42
WBGene00018181.,29,488,517
WBGene00018182.,0,0,0
WBGene00018184.,4,70,74
WBGene00018186.,0,3,3
WBGene00018187.,684,1462,2146
WBGene00018188.,62,232,294
WBGene00018189.,4,2,6
WBGene00018190.,0,0,0
WBGene00018191.,39,79,118
WBGene00018192.,0,0,0
WBGene00018193.,29,557,586
WBGene00018194.,0,49,49
WBGene00018195.,1,6,7
WBGene00018196.,1,0,1
WBGene00018198.,19,17,36
WBGene00018199.,7,98,105
WBGene00018200.,1,0,1
WBGene00018201.,3,43,46
WBGene00018202.,0,0,0
WBGene00018203.,0,5,5
WBGene00018204.,15,118,133
WBGene00018205.,0,0,0
WBGene00018206.,13,128,141
WBGene00018207.,3,13,16
WBGene00018208.,9,303,312
WBGene00018209.,2,2,4
WBGene00018210.,1,49,50
WBGene00018211.,2,1,3
WBGene00018212.,28,125,153
WBGene00018213.,8,28,36
WBGene00018214.,147,877,1024
WBGene00018215.,19,71,90
WBGene00018216.,85,180,265
WBGene00018217.,347,770,1117
WBGene00018218.,11,1228,1239
WBGene00018219.,46,284,330
WBGene00018221.,600,3487,4087
WBGene00018222.,4,29,33
WBGene00018223.,1,13,14
WBGene00018224.,3,9,12
WBGene00018225.,2,1,3
WBGene00018226.,14,137,151
WBGene00018227.,2,2,4
WBGene00018228.,0,0,0
WBGene00018229.,0,7,7
WBGene00018230.,6,310,316
WBGene00018231.,0,0,0
WBGene00018232.,78,50,128
WBGene00018233.,0,9,9
WBGene00018234.,1,9,10
WBGene00018235.,0,0,0
WBGene00018236.,0,2,2
WBGene00018237.,64,354,418
WBGene00018238.,22,684,706
WBGene00018239.,18,154,172
WBGene00018240.,73,501,574
WBGene00018241.,1,4,5
WBGene00018242.,2,4,6
WBGene00018243.,0,0,0
WBGene00018244.,0,0,0
WBGene00018245.,1,1,2
WBGene00018246.,0,0,0
WBGene00018247.,0,0,0
WBGene00018248.,1,1,2
WBGene00018249.,76,838,914
WBGene00018250.,35,168,203
WBGene00018251.,22,66,88
WBGene00018252.,5,48,53
WBGene00018253.,0,3,3
WBGene00018254.,2,1,3
WBGene00018255.,9,6,15
WBGene00018256.,2,14,16
WBGene00018257.,28,1249,1277
WBGene00018258.,44,229,273
WBGene00018259.,125,523,648
WBGene00018260.,15,56,71
WBGene00018261.,10,41,51
WBGene00018262.,2,13,15
WBGene00018264.,1,6,7
WBGene00018265.,37,160,197
WBGene00018266.,4,172,176
WBGene00018267.,0,0,0
WBGene00018268.,7,148,155
WBGene00018269.,46,217,263
WBGene00018270.,10,433,443
WBGene00018271.,227,36204,36431
WBGene00018273.,45,89,134
WBGene00018274.,33,70,103
WBGene00018275.,21,107,128
WBGene00018278.,0,0,0
WBGene00018279.,0,0,0
WBGene00018280.,1,3,4
WBGene00018281.,16,97,113
WBGene00018282.,29,263,292
WBGene00018283.,1,6,7
WBGene00018284.,0,0,0
WBGene00018285.,215,1301,1516
WBGene00018286.,10,57,67
WBGene00018288.,4,116,120
WBGene00018289.,4,5,9
WBGene00018290.,52,1320,1372
WBGene00018291.,8,6,14
WBGene00018292.,0,8,8
WBGene00018293.,40,218,258
WBGene00018294.,14,583,597
WBGene00018295.,3,11,14
WBGene00018296.,0,0,0
WBGene00018297.,0,85,85
WBGene00018298.,168,1557,1725
WBGene00018300.,5,22,27
WBGene00018301.,3,6,9
WBGene00018302.,3,100,103
WBGene00018303.,357,1658,2015
WBGene00018304.,51,145,196
WBGene00018305.,198,556,754
WBGene00018307.,16,73,89
WBGene00018309.,2,22,24
WBGene00018310.,4,58,62
WBGene00018311.,26,195,221
WBGene00018312.,3,5,8
WBGene00018313.,2,8,10
WBGene00018314.,1,6,7
WBGene00018315.,1,0,1
WBGene00018316.,20,232,252
WBGene00018317.,49,440,489
WBGene00018318.,0,48,48
WBGene00018319.,115,297,412
WBGene00018321.,3,119,122
WBGene00018322.,0,0,0
WBGene00018323.,1,0,1
WBGene00018324.,0,1,1
WBGene00018325.,2,5,7
WBGene00018326.,0,4,4
WBGene00018327.,0,1,1
WBGene00018328.,60,157,217
WBGene00018329.,0,2,2
WBGene00018330.,6,198,204
WBGene00018332.,2,1,3
WBGene00018333.,2,5,7
WBGene00018334.,14,108,122
WBGene00018335.,55,220,275
WBGene00018336.,0,0,0
WBGene00018337.,44,133,177
WBGene00018338.,2,23,25
WBGene00018339.,20,1249,1269
WBGene00018340.,40,1199,1239
WBGene00018341.,83,1518,1601
WBGene00018342.,14,48,62
WBGene00018343.,1,48,49
WBGene00018344.,20,76,96
WBGene00018345.,11,19,30
WBGene00018346.,15,89,104
WBGene00018347.,3,21,24
WBGene00018348.,23,86,109
WBGene00018349.,60,997,1057
WBGene00018350.,8,96,104
WBGene00018351.,0,8,8
WBGene00018352.,0,1,1
WBGene00018353.,1,2,3
WBGene00018354.,0,2,2
WBGene00018355.,7,7,14
WBGene00018356.,35,532,567
WBGene00018357.,20,218,238
WBGene00018358.,1,5,6
WBGene00018359.,3,3,6
WBGene00018360.,1,1,2
WBGene00018361.,1007,4013,5020
WBGene00018362.,17,1216,1233
WBGene00018363.,45,240,285
WBGene00018364.,26,65,91
WBGene00018365.,2,26,28
WBGene00018366.,61,210,271
WBGene00018367.,40,566,606
WBGene00018369.,34,186,220
WBGene00018370.,87,421,508
WBGene00018371.,9,126,135
WBGene00018373.,85,771,856
WBGene00018374.,5,44,49
WBGene00018375.,5,10,15
WBGene00018376.,182,1525,1707
WBGene00018377.,2,4,6
WBGene00018378.,2,1,3
WBGene00018379.,0,0,0
WBGene00018380.,1,37,38
WBGene00018381.,5,0,5
WBGene00018382.,0,0,0
WBGene00018383.,0,44,44
WBGene00018384.,3,9,12
WBGene00018385.,0,0,0
WBGene00018386.,7,82,89
WBGene00018387.,0,0,0
WBGene00018388.,23,0,23
WBGene00018389.,1,0,1
WBGene00018390.,1,142,143
WBGene00018391.,21,852,873
WBGene00018392.,61,299,360
WBGene00018393.,5,598,603
WBGene00018394.,4,19,23
WBGene00018395.,54,3392,3446
WBGene00018397.,0,6,6
WBGene00018398.,16,67,83
WBGene00018399.,15,78,93
WBGene00018400.,58,373,431
WBGene00018402.,5,131,136
WBGene00018403.,7,74,81
WBGene00018404.,1,4,5
WBGene00018405.,135,508,643
WBGene00018406.,3,6,9
WBGene00018407.,518,1502,2020
WBGene00018408.,68,227,295
WBGene00018409.,5,325,330
WBGene00018410.,4,3,7
WBGene00018411.,12,29,41
WBGene00018412.,2,2,4
WBGene00018413.,11,54,65
WBGene00018414.,1,7,8
WBGene00018415.,2,74,76
WBGene00018417.,88,432,520
WBGene00018418.,7,460,467
WBGene00018419.,75,317,392
WBGene00018420.,56,310,366
WBGene00018421.,4,266,270
WBGene00018422.,21,608,629
WBGene00018423.,25,136,161
WBGene00018424.,21,258,279
WBGene00018425.,2,3,5
WBGene00018426.,28,1177,1205
WBGene00018427.,2,384,386
WBGene00018428.,1,6,7
WBGene00018429.,4,6,10
WBGene00018430.,19,50,69
WBGene00018431.,7,713,720
WBGene00018432.,2,1,3
WBGene00018433.,0,0,0
WBGene00018434.,0,0,0
WBGene00018435.,0,10,10
WBGene00018436.,0,0,0
WBGene00018437.,0,0,0
WBGene00018438.,0,0,0
WBGene00018439.,0,0,0
WBGene00018440.,0,2,2
WBGene00018441.,0,0,0
WBGene00018442.,0,0,0
WBGene00018443.,0,0,0
WBGene00018444.,0,0,0
WBGene00018445.,0,0,0
WBGene00018446.,2,5,7
WBGene00018447.,1,6,7
WBGene00018448.,12,95,107
WBGene00018449.,0,0,0
WBGene00018450.,0,0,0
WBGene00018451.,0,0,0
WBGene00018452.,0,0,0
WBGene00018454.,0,0,0
WBGene00018455.,3,3,6
WBGene00018456.,2,3,5
WBGene00018457.,0,1,1
WBGene00018458.,0,0,0
WBGene00018459.,0,16,16
WBGene00018460.,0,0,0
WBGene00018461.,0,0,0
WBGene00018462.,7,134,141
WBGene00018463.,0,0,0
WBGene00018465.,7,33,40
WBGene00018466.,7,53,60
WBGene00018467.,31,103,134
WBGene00018468.,270,1224,1494
WBGene00018470.,94,210,304
WBGene00018471.,3,6,9
WBGene00018472.,11,39,50
WBGene00018473.,13,57,70
WBGene00018474.,9,268,277
WBGene00018475.,312,1996,2308
WBGene00018476.,7,42,49
WBGene00018477.,0,2,2
WBGene00018478.,2,14,16
WBGene00018479.,0,4,4
WBGene00018480.,1,6,7
WBGene00018481.,71,590,661
WBGene00018482.,64,520,584
WBGene00018483.,5,55,60
WBGene00018484.,5,8,13
WBGene00018485.,298,869,1167
WBGene00018486.,5,27,32
WBGene00018487.,7,38,45
WBGene00018488.,25,265,290
WBGene00018489.,0,0,0
WBGene00018490.,0,4,4
WBGene00018491.,228,10413,10641
WBGene00018492.,45,157,202
WBGene00018493.,2,1,3
WBGene00018494.,0,0,0
WBGene00018495.,0,1,1
WBGene00018496.,0,0,0
WBGene00018497.,0,1,1
WBGene00018498.,0,0,0
WBGene00018499.,0,1,1
WBGene00018500.,0,0,0
WBGene00018501.,0,0,0
WBGene00018502.,0,0,0
WBGene00018503.,0,0,0
WBGene00018504.,0,0,0
WBGene00018505.,0,0,0
WBGene00018506.,0,0,0
WBGene00018507.,0,1,1
WBGene00018508.,179,650,829
WBGene00018509.,44,544,588
WBGene00018510.,17,64,81
WBGene00018511.,37,129,166
WBGene00018512.,67,357,424
WBGene00018513.,0,94,94
WBGene00018514.,9,98,107
WBGene00018515.,1,30,31
WBGene00018516.,10,161,171
WBGene00018517.,115,530,645
WBGene00018518.,11,368,379
WBGene00018519.,431,86207,86638
WBGene00018520.,38,264,302
WBGene00018521.,5,20,25
WBGene00018522.,94,849,943
WBGene00018523.,27,65,92
WBGene00018525.,0,0,0
WBGene00018526.,0,0,0
WBGene00018527.,0,0,0
WBGene00018528.,0,0,0
WBGene00018529.,0,0,0
WBGene00018530.,0,0,0
WBGene00018531.,0,0,0
WBGene00018532.,774,9451,10225
WBGene00018533.,112,353,465
WBGene00018534.,1,1,2
WBGene00018535.,1,8,9
WBGene00018536.,0,0,0
WBGene00018537.,2,3,5
WBGene00018538.,48,280,328
WBGene00018539.,6,2,8
WBGene00018540.,0,0,0
WBGene00018541.,1,16,17
WBGene00018542.,0,43,43
WBGene00018543.,2,14,16
WBGene00018544.,3,10,13
WBGene00018545.,3,1,4
WBGene00018547.,17,7,24
WBGene00018548.,0,0,0
WBGene00018549.,0,1,1
WBGene00018550.,0,0,0
WBGene00018551.,4,5,9
WBGene00018552.,3,32,35
WBGene00018553.,0,0,0
WBGene00018554.,0,0,0
WBGene00018555.,1,0,1
WBGene00018556.,0,0,0
WBGene00018557.,0,0,0
WBGene00018558.,4,10,14
WBGene00018559.,0,2,2
WBGene00018560.,28,145,173
WBGene00018561.,2,23,25
WBGene00018562.,69,280,349
WBGene00018563.,0,5,5
WBGene00018564.,114,505,619
WBGene00018565.,11,114,125
WBGene00018566.,5,31,36
WBGene00018567.,0,0,0
WBGene00018568.,2,4,6
WBGene00018569.,43,147,190
WBGene00018571.,6,14,20
WBGene00018572.,108,664,772
WBGene00018573.,0,0,0
WBGene00018575.,0,0,0
WBGene00018576.,18,77,95
WBGene00018577.,3,29,32
WBGene00018578.,0,60,60
WBGene00018579.,336,1016,1352
WBGene00018580.,0,0,0
WBGene00018582.,78,110,188
WBGene00018585.,12,68,80
WBGene00018586.,19,364,383
WBGene00018587.,12,21,33
WBGene00018589.,101,13,114
WBGene00018590.,15,656,671
WBGene00018591.,1,4,5
WBGene00018593.,19,222,241
WBGene00018594.,18,122,140
WBGene00018595.,0,75,75
WBGene00018596.,3,5,8
WBGene00018598.,5,58,63
WBGene00018599.,19,542,561
WBGene00018600.,3,0,3
WBGene00018601.,3,0,3
WBGene00018602.,20,366,386
WBGene00018603.,4,13,17
WBGene00018604.,45,741,786
WBGene00018605.,1,6,7
WBGene00018606.,0,15,15
WBGene00018607.,109,328,437
WBGene00018608.,30,85,115
WBGene00018609.,80,452,532
WBGene00018610.,0,320,320
WBGene00018611.,38,111,149
WBGene00018612.,23,213,236
WBGene00018613.,2,66,68
WBGene00018614.,2,20,22
WBGene00018615.,6,52,58
WBGene00018616.,0,0,0
WBGene00018617.,0,0,0
WBGene00018618.,0,0,0
WBGene00018619.,0,1,1
WBGene00018620.,0,5,5
WBGene00018621.,1,34,35
WBGene00018622.,7,69,76
WBGene00018623.,2,2,4
WBGene00018624.,1,6,7
WBGene00018625.,25,367,392
WBGene00018626.,1,15,16
WBGene00018627.,0,1,1
WBGene00018628.,1,2,3
WBGene00018630.,4,6,10
WBGene00018631.,6,1,7
WBGene00018632.,5,138,143
WBGene00018634.,89,290,379
WBGene00018635.,18,147,165
WBGene00018636.,58,186,244
WBGene00018637.,14,182,196
WBGene00018638.,2,133,135
WBGene00018639.,26,109,135
WBGene00018640.,2,5,7
WBGene00018641.,8,42,50
WBGene00018643.,1,0,1
WBGene00018644.,0,0,0
WBGene00018645.,2,11,13
WBGene00018646.,0,1,1
WBGene00018647.,0,3,3
WBGene00018648.,1,5,6
WBGene00018649.,0,0,0
WBGene00018650.,0,0,0
WBGene00018651.,0,0,0
WBGene00018652.,0,0,0
WBGene00018653.,0,9,9
WBGene00018654.,20,114,134
WBGene00018655.,19,85,104
WBGene00018656.,165,1170,1335
WBGene00018657.,61,525,586
WBGene00018658.,2,5,7
WBGene00018659.,2,32,34
WBGene00018660.,0,14,14
WBGene00018661.,0,5,5
WBGene00018662.,0,1,1
WBGene00018663.,0,25,25
WBGene00018664.,1,24,25
WBGene00018665.,6,37,43
WBGene00018666.,2,3,5
WBGene00018667.,6,42,48
WBGene00018668.,9,54,63
WBGene00018669.,4,21,25
WBGene00018670.,0,1,1
WBGene00018671.,0,2,2
WBGene00018672.,47,175,222
WBGene00018674.,123,562,685
WBGene00018675.,19,43,62
WBGene00018678.,17,141,158
WBGene00018679.,163,480,643
WBGene00018680.,14,51,65
WBGene00018681.,108,359,467
WBGene00018682.,11,260,271
WBGene00018683.,9,13,22
WBGene00018684.,0,0,0
WBGene00018687.,3,6,9
WBGene00018688.,0,4,4
WBGene00018689.,6,26,32
WBGene00018690.,7,5,12
WBGene00018691.,0,1,1
WBGene00018692.,95,1300,1395
WBGene00018693.,0,2,2
WBGene00018694.,1,18,19
WBGene00018696.,36,119,155
WBGene00018697.,14,169,183
WBGene00018698.,5,49,54
WBGene00018699.,0,0,0
WBGene00018700.,187,708,895
WBGene00018701.,103,7803,7906
WBGene00018702.,7,319,326
WBGene00018703.,9,158,167
WBGene00018704.,6,120,126
WBGene00018706.,2,8,10
WBGene00018707.,1,27,28
WBGene00018708.,0,1,1
WBGene00018709.,0,2,2
WBGene00018710.,172,1170,1342
WBGene00018711.,17,16,33
WBGene00018712.,7,14,21
WBGene00018713.,2,1,3
WBGene00018714.,11,167,178
WBGene00018715.,6,55,61
WBGene00018716.,23,82,105
WBGene00018717.,14,111,125
WBGene00018718.,8,9,17
WBGene00018719.,20,314,334
WBGene00018720.,229,620,849
WBGene00018721.,37,103,140
WBGene00018723.,59,136,195
WBGene00018724.,0,75,75
WBGene00018725.,0,39,39
WBGene00018726.,4,5,9
WBGene00018727.,15,44,59
WBGene00018728.,9,22,31
WBGene00018729.,0,165,165
WBGene00018730.,0,833,833
WBGene00018731.,0,797,797
WBGene00018732.,0,451,451
WBGene00018734.,316,612,928
WBGene00018735.,5,83,88
WBGene00018736.,6,33,39
WBGene00018738.,15,49,64
WBGene00018739.,31,367,398
WBGene00018740.,32,180,212
WBGene00018741.,5,27,32
WBGene00018742.,3,12,15
WBGene00018743.,33,477,510
WBGene00018744.,1,443,444
WBGene00018745.,3,9,12
WBGene00018746.,2,11,13
WBGene00018747.,11,72,83
WBGene00018748.,6,129,135
WBGene00018749.,0,0,0
WBGene00018750.,60,341,401
WBGene00018751.,0,1,1
WBGene00018752.,10,8,18
WBGene00018754.,0,7,7
WBGene00018755.,10,39,49
WBGene00018756.,179,863,1042
WBGene00018757.,54,329,383
WBGene00018758.,26,376,402
WBGene00018759.,0,1,1
WBGene00018760.,14,43,57
WBGene00018761.,75,22,97
WBGene00018762.,48,724,772
WBGene00018763.,11,574,585
WBGene00018764.,13,1916,1929
WBGene00018765.,653,1265,1918
WBGene00018766.,8,25,33
WBGene00018767.,1,3,4
WBGene00018768.,0,0,0
WBGene00018769.,38,729,767
WBGene00018771.,1,2,3
WBGene00018772.,14,22,36
WBGene00018773.,2,8,10
WBGene00018774.,19,42,61
WBGene00018776.,123,748,871
WBGene00018777.,31,139,170
WBGene00018778.,227,793,1020
WBGene00018779.,2,20,22
WBGene00018781.,27,219,246
WBGene00018782.,169,1736,1905
WBGene00018783.,7,23,30
WBGene00018784.,174,2049,2223
WBGene00018785.,69,196,265
WBGene00018786.,4,93,97
WBGene00018787.,14,106,120
WBGene00018788.,27,65,92
WBGene00018789.,13,92,105
WBGene00018791.,14,41,55
WBGene00018792.,0,1,1
WBGene00018793.,262,749,1011
WBGene00018794.,37,78,115
WBGene00018795.,28,133,161
WBGene00018797.,64,442,506
WBGene00018798.,1,41,42
WBGene00018802.,44,566,610
WBGene00018803.,45,549,594
WBGene00018804.,9,77,86
WBGene00018805.,0,1,1
WBGene00018806.,0,55,55
WBGene00018807.,4,25,29
WBGene00018808.,0,0,0
WBGene00018809.,0,1,1
WBGene00018810.,0,0,0
WBGene00018811.,746,3242,3988
WBGene00018812.,58,299,357
WBGene00018813.,0,7,7
WBGene00018814.,14,162,176
WBGene00018815.,0,0,0
WBGene00018816.,0,2,2
WBGene00018819.,116,945,1061
WBGene00018820.,0,0,0
WBGene00018821.,1,0,1
WBGene00018822.,0,0,0
WBGene00018823.,0,81,81
WBGene00018824.,0,4,4
WBGene00018825.,2,2,4
WBGene00018826.,0,0,0
WBGene00018827.,5,180,185
WBGene00018828.,0,45,45
WBGene00018829.,1,0,1
WBGene00018830.,17,166,183
WBGene00018831.,17,154,171
WBGene00018833.,44,131,175
WBGene00018834.,0,1,1
WBGene00018835.,21,145,166
WBGene00018836.,35,154,189
WBGene00018837.,329,388,717
WBGene00018838.,0,0,0
WBGene00018839.,0,38,38
WBGene00018840.,0,1,1
WBGene00018841.,0,1,1
WBGene00018842.,0,7,7
WBGene00018844.,0,1,1
WBGene00018845.,8,43,51
WBGene00018846.,16099,44098,60197
WBGene00018847.,26,292,318
WBGene00018848.,15,135,150
WBGene00018849.,15,886,901
WBGene00018850.,11,15,26
WBGene00018851.,2,5,7
WBGene00018852.,0,33,33
WBGene00018853.,45,457,502
WBGene00018854.,20,602,622
WBGene00018855.,7,43,50
WBGene00018856.,7,5,12
WBGene00018857.,43,396,439
WBGene00018859.,33,84,117
WBGene00018860.,45,145,190
WBGene00018861.,9,42,51
WBGene00018862.,7,64,71
WBGene00018863.,5,174,179
WBGene00018864.,46,272,318
WBGene00018865.,0,0,0
WBGene00018866.,95,701,796
WBGene00018867.,24,54,78
WBGene00018868.,7,6,13
WBGene00018869.,57,957,1014
WBGene00018870.,0,10,10
WBGene00018871.,0,137,137
WBGene00018872.,83,488,571
WBGene00018873.,5,13,18
WBGene00018874.,6,1,7
WBGene00018875.,0,0,0
WBGene00018877.,82,275,357
WBGene00018878.,0,142,142
WBGene00018879.,14,92,106
WBGene00018880.,4,8,12
WBGene00018881.,0,0,0
WBGene00018882.,0,0,0
WBGene00018883.,0,3,3
WBGene00018884.,3,1,4
WBGene00018885.,0,4,4
WBGene00018886.,0,81,81
WBGene00018888.,0,1,1
WBGene00018890.,90,598,688
WBGene00018891.,66,698,764
WBGene00018892.,21,470,491
WBGene00018893.,202,889,1091
WBGene00018894.,2,221,223
WBGene00018895.,0,2,2
WBGene00018896.,3,5,8
WBGene00018897.,11,152,163
WBGene00018898.,115,1262,1377
WBGene00018899.,1,14,15
WBGene00018900.,14,247,261
WBGene00018901.,0,5,5
WBGene00018902.,1,53,54
WBGene00018903.,1,37,38
WBGene00018904.,6,271,277
WBGene00018906.,9,18,27
WBGene00018907.,18,33,51
WBGene00018908.,9,54,63
WBGene00018909.,31,81,112
WBGene00018910.,0,0,0
WBGene00018911.,0,0,0
WBGene00018912.,0,0,0
WBGene00018913.,0,0,0
WBGene00018914.,0,0,0
WBGene00018915.,0,0,0
WBGene00018917.,0,0,0
WBGene00018918.,0,0,0
WBGene00018919.,0,0,0
WBGene00018920.,0,0,0
WBGene00018921.,1,10,11
WBGene00018923.,35,101,136
WBGene00018924.,21,28,49
WBGene00018925.,1,162,163
WBGene00018926.,0,0,0
WBGene00018928.,21,125,146
WBGene00018929.,0,3,3
WBGene00018930.,0,0,0
WBGene00018931.,1,2,3
WBGene00018932.,47,793,840
WBGene00018933.,0,0,0
WBGene00018934.,3,998,1001
WBGene00018935.,2,282,284
WBGene00018937.,17,57,74
WBGene00018938.,0,0,0
WBGene00018939.,1,6,7
WBGene00018940.,0,1,1
WBGene00018941.,0,0,0
WBGene00018942.,0,0,0
WBGene00018943.,0,0,0
WBGene00018944.,0,1,1
WBGene00018945.,6,44,50
WBGene00018946.,3,8,11
WBGene00018948.,2,16,18
WBGene00018949.,0,1,1
WBGene00018950.,20,60,80
WBGene00018951.,9,126,135
WBGene00018952.,10,50,60
WBGene00018953.,121,983,1104
WBGene00018954.,22,114,136
WBGene00018955.,25,216,241
WBGene00018957.,17,233,250
WBGene00018958.,35,117,152
WBGene00018959.,16,127,143
WBGene00018960.,15,241,256
WBGene00018961.,137,552,689
WBGene00018963.,510,5069,5579
WBGene00018964.,11,81,92
WBGene00018965.,8,15,23
WBGene00018966.,9,35,44
WBGene00018967.,32,578,610
WBGene00018968.,0,3,3
WBGene00018969.,14,347,361
WBGene00018970.,0,0,0
WBGene00018971.,6,17,23
WBGene00018972.,0,0,0
WBGene00018973.,0,0,0
WBGene00018974.,60,253,313
WBGene00018975.,115,265,380
WBGene00018976.,64,53,117
WBGene00018978.,0,0,0
WBGene00018979.,0,0,0
WBGene00018980.,0,0,0
WBGene00018981.,0,2,2
WBGene00018982.,0,0,0
WBGene00018984.,8,45,53
WBGene00018985.,71,267,338
WBGene00018986.,23,253,276
WBGene00018987.,21,118,139
WBGene00018988.,5,47,52
WBGene00018989.,34,208,242
WBGene00018990.,16,58,74
WBGene00018991.,13,40,53
WBGene00018992.,2,5,7
WBGene00018993.,0,1,1
WBGene00018994.,1,0,1
WBGene00018995.,29,146,175
WBGene00018996.,12,336,348
WBGene00018997.,1,12,13
WBGene00018998.,61,464,525
WBGene00018999.,0,0,0
WBGene00019001.,281,3624,3905
WBGene00019002.,14,41,55
WBGene00019003.,49,888,937
WBGene00019004.,11,227,238
WBGene00019005.,72,365,437
WBGene00019006.,55,309,364
WBGene00019007.,896,3170,4066
WBGene00019008.,4,181,185
WBGene00019009.,12,91,103
WBGene00019010.,29,5,34
WBGene00019011.,30,189,219
WBGene00019012.,12,39,51
WBGene00019013.,3,50,53
WBGene00019014.,12,55,67
WBGene00019015.,0,1,1
WBGene00019016.,0,1,1
WBGene00019017.,14,586,600
WBGene00019018.,177,643,820
WBGene00019019.,57,18,75
WBGene00019020.,0,37,37
WBGene00019021.,2,36,38
WBGene00019022.,14,149,163
WBGene00019023.,17,50,67
WBGene00019024.,0,6,6
WBGene00019025.,6,37,43
WBGene00019026.,0,0,0
WBGene00019027.,0,1,1
WBGene00019028.,1,2,3
WBGene00019029.,7,16,23
WBGene00019030.,57,55,112
WBGene00019032.,3,19,22
WBGene00019034.,0,3,3
WBGene00019035.,0,1,1
WBGene00019036.,4,0,4
WBGene00019037.,0,1,1
WBGene00019038.,1,0,1
WBGene00019039.,0,0,0
WBGene00019040.,0,0,0
WBGene00019041.,0,0,0
WBGene00019042.,0,0,0
WBGene00019043.,0,0,0
WBGene00019044.,0,0,0
WBGene00019045.,0,0,0
WBGene00019046.,1,4,5
WBGene00019047.,2,34,36
WBGene00019048.,13,83,96
WBGene00019049.,1,4,5
WBGene00019050.,0,0,0
WBGene00019051.,0,0,0
WBGene00019053.,0,0,0
WBGene00019054.,1,1,2
WBGene00019055.,29,235,264
WBGene00019057.,1,3,4
WBGene00019058.,0,5,5
WBGene00019059.,1,0,1
WBGene00019060.,17,53,70
WBGene00019061.,2596,12183,14779
WBGene00019062.,0,0,0
WBGene00019063.,1,3,4
WBGene00019064.,22,278,300
WBGene00019065.,0,0,0
WBGene00019066.,0,0,0
WBGene00019067.,2,39,41
WBGene00019068.,0,15,15
WBGene00019069.,46,112,158
WBGene00019070.,0,7,7
WBGene00019072.,0,0,0
WBGene00019073.,0,0,0
WBGene00019074.,60,376,436
WBGene00019075.,3,101,104
WBGene00019076.,54,511,565
WBGene00019077.,8,351,359
WBGene00019079.,39,414,453
WBGene00019080.,5,9,14
WBGene00019081.,0,0,0
WBGene00019082.,8,40,48
WBGene00019084.,1,3,4
WBGene00019085.,2,1,3
WBGene00019086.,2,0,2
WBGene00019087.,1,204,205
WBGene00019089.,3,2,5
WBGene00019090.,248,1051,1299
WBGene00019091.,2,4,6
WBGene00019092.,715,2958,3673
WBGene00019094.,3,0,3
WBGene00019095.,6,29,35
WBGene00019096.,2,0,2
WBGene00019097.,11,78,89
WBGene00019098.,0,9,9
WBGene00019099.,1,1,2
WBGene00019100.,8,27,35
WBGene00019101.,2,34,36
WBGene00019102.,136,545,681
WBGene00019103.,9,25,34
WBGene00019104.,0,0,0
WBGene00019105.,0,19,19
WBGene00019106.,3,3,6
WBGene00019107.,1,4,5
WBGene00019108.,4,58,62
WBGene00019109.,59,128,187
WBGene00019111.,18,153,171
WBGene00019112.,2,2,4
WBGene00019113.,1,85,86
WBGene00019114.,8,35,43
WBGene00019115.,6,38,44
WBGene00019116.,3,71,74
WBGene00019117.,9,49,58
WBGene00019118.,6,222,228
WBGene00019119.,0,0,0
WBGene00019120.,22,346,368
WBGene00019121.,18,317,335
WBGene00019122.,62,6,68
WBGene00019123.,0,0,0
WBGene00019124.,53,404,457
WBGene00019125.,29,84,113
WBGene00019126.,7,17,24
WBGene00019127.,18,188,206
WBGene00019128.,23,71,94
WBGene00019129.,38,110,148
WBGene00019130.,50,65,115
WBGene00019131.,2,10,12
WBGene00019132.,1,6,7
WBGene00019133.,0,1,1
WBGene00019134.,5,19,24
WBGene00019135.,0,1,1
WBGene00019137.,0,0,0
WBGene00019138.,15,1,16
WBGene00019139.,4,23,27
WBGene00019140.,6,18,24
WBGene00019141.,23,68,91
WBGene00019142.,15,122,137
WBGene00019143.,26,184,210
WBGene00019144.,1,12,13
WBGene00019145.,0,1,1
WBGene00019146.,0,0,0
WBGene00019148.,8,103,111
WBGene00019149.,15,28,43
WBGene00019150.,0,1,1
WBGene00019151.,0,1,1
WBGene00019152.,1,7,8
WBGene00019153.,2,61,63
WBGene00019154.,2,140,142
WBGene00019155.,2,0,2
WBGene00019156.,27,308,335
WBGene00019157.,76,421,497
WBGene00019158.,11,339,350
WBGene00019159.,0,2,2
WBGene00019160.,166,14995,15161
WBGene00019162.,33,4198,4231
WBGene00019163.,3,313,316
WBGene00019164.,4,44,48
WBGene00019165.,1,1,2
WBGene00019166.,87,121,208
WBGene00019167.,41,242,283
WBGene00019168.,499,2331,2830
WBGene00019169.,1,2,3
WBGene00019170.,242,758,1000
WBGene00019171.,3,2,5
WBGene00019174.,1,34,35
WBGene00019176.,11,5,16
WBGene00019177.,2,74,76
WBGene00019178.,1,2,3
WBGene00019179.,0,0,0
WBGene00019180.,106,238,344
WBGene00019181.,4,6,10
WBGene00019182.,15,46,61
WBGene00019183.,760,12,772
WBGene00019184.,2,20,22
WBGene00019185.,11,228,239
WBGene00019186.,0,4,4
WBGene00019187.,27,73,100
WBGene00019188.,31,331,362
WBGene00019189.,0,2,2
WBGene00019190.,14,0,14
WBGene00019192.,0,1,1
WBGene00019193.,0,0,0
WBGene00019194.,4,14,18
WBGene00019196.,8,465,473
WBGene00019197.,4,8,12
WBGene00019198.,32,89,121
WBGene00019199.,27,289,316
WBGene00019200.,51,175,226
WBGene00019202.,4,0,4
WBGene00019203.,300,1532,1832
WBGene00019204.,55,280,335
WBGene00019205.,396,1355,1751
WBGene00019207.,170,1756,1926
WBGene00019208.,0,1,1
WBGene00019209.,72,742,814
WBGene00019211.,73,416,489
WBGene00019212.,18,314,332
WBGene00019213.,8,35,43
WBGene00019214.,0,0,0
WBGene00019215.,2,3,5
WBGene00019216.,0,0,0
WBGene00019217.,102,382,484
WBGene00019218.,27,157,184
WBGene00019219.,30,268,298
WBGene00019220.,36,892,928
WBGene00019221.,1,108,109
WBGene00019222.,3,2,5
WBGene00019224.,2,44,46
WBGene00019225.,0,6,6
WBGene00019226.,0,46,46
WBGene00019227.,108,468,576
WBGene00019228.,2,45,47
WBGene00019229.,1,2,3
WBGene00019230.,22,39,61
WBGene00019231.,10,16,26
WBGene00019232.,117,245,362
WBGene00019233.,1,12,13
WBGene00019234.,6,88,94
WBGene00019235.,7,11,18
WBGene00019236.,5,9,14
WBGene00019237.,73,452,525
WBGene00019239.,11,2,13
WBGene00019240.,61,683,744
WBGene00019241.,71,330,401
WBGene00019242.,10,5,15
WBGene00019243.,2,296,298
WBGene00019244.,14,70,84
WBGene00019245.,67,280,347
WBGene00019246.,267,912,1179
WBGene00019247.,1,43,44
WBGene00019248.,55,85,140
WBGene00019249.,100,3688,3788
WBGene00019250.,194,955,1149
WBGene00019251.,10,3,13
WBGene00019253.,0,4,4
WBGene00019254.,3,10,13
WBGene00019255.,0,2,2
WBGene00019257.,0,0,0
WBGene00019259.,17,470,487
WBGene00019260.,1,3,4
WBGene00019261.,0,15,15
WBGene00019262.,0,3,3
WBGene00019263.,44,227,271
WBGene00019264.,39,231,270
WBGene00019265.,5,166,171
WBGene00019266.,1,14,15
WBGene00019267.,0,0,0
WBGene00019268.,29,117,146
WBGene00019269.,2,11,13
WBGene00019270.,56,112,168
WBGene00019272.,28,95,123
WBGene00019273.,1,15,16
WBGene00019274.,70,198,268
WBGene00019275.,65,407,472
WBGene00019276.,45,310,355
WBGene00019277.,116,585,701
WBGene00019278.,64,182,246
WBGene00019279.,149,155,304
WBGene00019280.,16,152,168
WBGene00019281.,1,1,2
WBGene00019282.,548,2418,2966
WBGene00019283.,0,0,0
WBGene00019284.,11,326,337
WBGene00019285.,47,132,179
WBGene00019286.,64,81,145
WBGene00019287.,6,14,20
WBGene00019288.,0,0,0
WBGene00019289.,62,295,357
WBGene00019290.,3,68,71
WBGene00019292.,0,0,0
WBGene00019293.,2,93,95
WBGene00019294.,130,745,875
WBGene00019295.,127,499,626
WBGene00019296.,13,442,455
WBGene00019297.,0,0,0
WBGene00019298.,14,195,209
WBGene00019299.,52,199,251
WBGene00019300.,13,156,169
WBGene00019301.,118,1451,1569
WBGene00019302.,0,0,0
WBGene00019303.,11,8,19
WBGene00019304.,4,66,70
WBGene00019305.,14,534,548
WBGene00019306.,0,2,2
WBGene00019309.,1,1,2
WBGene00019310.,1,42,43
WBGene00019311.,25,481,506
WBGene00019312.,0,0,0
WBGene00019313.,0,1,1
WBGene00019314.,0,3,3
WBGene00019315.,57,248,305
WBGene00019316.,0,17,17
WBGene00019317.,26,155,181
WBGene00019318.,37,37,74
WBGene00019319.,22,74,96
WBGene00019320.,11,27,38
WBGene00019321.,17,127,144
WBGene00019322.,85,15656,15741
WBGene00019323.,187,761,948
WBGene00019324.,184,3178,3362
WBGene00019326.,82,1380,1462
WBGene00019327.,209,3521,3730
WBGene00019328.,222,965,1187
WBGene00019329.,41,153,194
WBGene00019331.,27,24,51
WBGene00019332.,687,3039,3726
WBGene00019333.,263,1043,1306
WBGene00019334.,10,318,328
WBGene00019335.,0,11,11
WBGene00019337.,1,0,1
WBGene00019338.,0,1,1
WBGene00019339.,0,13,13
WBGene00019340.,1,2,3
WBGene00019341.,7,1,8
WBGene00019342.,0,14,14
WBGene00019343.,12,21,33
WBGene00019344.,11,108,119
WBGene00019345.,21,74,95
WBGene00019346.,3,40,43
WBGene00019347.,85,330,415
WBGene00019348.,0,0,0
WBGene00019349.,0,0,0
WBGene00019350.,1,1,2
WBGene00019351.,16,186,202
WBGene00019352.,35,143,178
WBGene00019353.,10,284,294
WBGene00019354.,10,389,399
WBGene00019355.,95,531,626
WBGene00019356.,3,1,4
WBGene00019357.,135,2729,2864
WBGene00019360.,27,39,66
WBGene00019361.,123,1159,1282
WBGene00019362.,36,104,140
WBGene00019364.,7,68,75
WBGene00019365.,39,505,544
WBGene00019367.,1,7,8
WBGene00019368.,24,49,73
WBGene00019369.,3,7,10
WBGene00019370.,20,80,100
WBGene00019371.,0,3,3
WBGene00019372.,0,2,2
WBGene00019373.,24,103,127
WBGene00019374.,1,73,74
WBGene00019376.,0,0,0
WBGene00019379.,1,5,6
WBGene00019380.,227,1003,1230
WBGene00019381.,25,2267,2292
WBGene00019382.,0,9,9
WBGene00019383.,0,0,0
WBGene00019384.,0,0,0
WBGene00019385.,1,3,4
WBGene00019386.,0,1,1
WBGene00019387.,0,0,0
WBGene00019388.,8,24,32
WBGene00019389.,0,1,1
WBGene00019390.,1,2,3
WBGene00019391.,3,6,9
WBGene00019392.,2,2,4
WBGene00019393.,4,7,11
WBGene00019394.,39,102,141
WBGene00019395.,12,47,59
WBGene00019396.,34,238,272
WBGene00019399.,20,400,420
WBGene00019400.,54,245,299
WBGene00019401.,64,2074,2138
WBGene00019402.,54,733,787
WBGene00019403.,39,192,231
WBGene00019404.,3,26,29
WBGene00019405.,2,8,10
WBGene00019406.,7,19,26
WBGene00019407.,51,242,293
WBGene00019408.,15,243,258
WBGene00019409.,0,0,0
WBGene00019410.,0,5,5
WBGene00019411.,2,62,64
WBGene00019412.,0,0,0
WBGene00019413.,0,0,0
WBGene00019414.,0,0,0
WBGene00019415.,0,3,3
WBGene00019416.,0,0,0
WBGene00019417.,0,0,0
WBGene00019418.,0,0,0
WBGene00019419.,0,0,0
WBGene00019420.,0,0,0
WBGene00019421.,2,1,3
WBGene00019422.,0,1,1
WBGene00019423.,9,1,10
WBGene00019424.,14,49,63
WBGene00019425.,0,1,1
WBGene00019426.,1,61,62
WBGene00019427.,32,207,239
WBGene00019428.,63,180,243
WBGene00019429.,10,119,129
WBGene00019430.,0,6,6
WBGene00019431.,4,4,8
WBGene00019432.,53,549,602
WBGene00019433.,48,1823,1871
WBGene00019434.,67,105,172
WBGene00019435.,4,44,48
WBGene00019436.,13,131,144
WBGene00019437.,133,551,684
WBGene00019438.,0,0,0
WBGene00019439.,24,0,24
WBGene00019441.,20,11,31
WBGene00019442.,0,0,0
WBGene00019444.,4,12,16
WBGene00019445.,14,38,52
WBGene00019448.,12,93,105
WBGene00019449.,0,0,0
WBGene00019450.,0,0,0
WBGene00019451.,0,0,0
WBGene00019452.,0,0,0
WBGene00019453.,0,0,0
WBGene00019454.,0,0,0
WBGene00019455.,10,24,34
WBGene00019456.,19,97,116
WBGene00019457.,75,319,394
WBGene00019458.,22,79,101
WBGene00019459.,0,0,0
WBGene00019460.,27,215,242
WBGene00019461.,10,6,16
WBGene00019462.,69,61,130
WBGene00019464.,4,70,74
WBGene00019465.,104,811,915
WBGene00019466.,667,6118,6785
WBGene00019467.,3,249,252
WBGene00019469.,1,1,2
WBGene00019470.,2,1,3
WBGene00019471.,0,0,0
WBGene00019472.,1,1,2
WBGene00019473.,1,3,4
WBGene00019476.,18,91,109
WBGene00019477.,6,59,65
WBGene00019478.,699,1563,2262
WBGene00019479.,54,530,584
WBGene00019480.,32,281,313
WBGene00019481.,31,748,779
WBGene00019482.,28,124,152
WBGene00019483.,0,0,0
WBGene00019484.,2,81,83
WBGene00019485.,31,99,130
WBGene00019486.,0,2,2
WBGene00019487.,9,82,91
WBGene00019488.,130,994,1124
WBGene00019489.,20,312,332
WBGene00019490.,12,264,276
WBGene00019491.,9,160,169
WBGene00019492.,285,1044,1329
WBGene00019493.,9,41,50
WBGene00019494.,9,19,28
WBGene00019495.,17,161,178
WBGene00019496.,5,28,33
WBGene00019497.,20,218,238
WBGene00019498.,34,185,219
WBGene00019501.,0,2,2
WBGene00019502.,0,1,1
WBGene00019503.,16,115,131
WBGene00019504.,2,358,360
WBGene00019506.,7,8,15
WBGene00019507.,0,1,1
WBGene00019508.,0,5,5
WBGene00019509.,2,39,41
WBGene00019510.,314,7179,7493
WBGene00019511.,42,460,502
WBGene00019512.,1,4,5
WBGene00019513.,14,196,210
WBGene00019514.,0,2,2
WBGene00019515.,5,25,30
WBGene00019516.,3,14,17
WBGene00019517.,3,2,5
WBGene00019518.,6,26,32
WBGene00019519.,40,142,182
WBGene00019520.,0,87,87
WBGene00019521.,44,526,570
WBGene00019522.,43,178,221
WBGene00019524.,0,1,1
WBGene00019525.,64,347,411
WBGene00019526.,0,0,0
WBGene00019527.,0,1,1
WBGene00019529.,0,0,0
WBGene00019530.,0,0,0
WBGene00019531.,1,0,1
WBGene00019532.,0,0,0
WBGene00019533.,1,3,4
WBGene00019534.,0,2,2
WBGene00019535.,7,67,74
WBGene00019536.,28,37,65
WBGene00019537.,12,9572,9584
WBGene00019538.,6,69,75
WBGene00019540.,35,2070,2105
WBGene00019541.,0,14,14
WBGene00019543.,233,1448,1681
WBGene00019544.,18,420,438
WBGene00019545.,29,83,112
WBGene00019546.,14,147,161
WBGene00019547.,0,0,0
WBGene00019548.,0,1,1
WBGene00019549.,1,0,1
WBGene00019550.,4,8,12
WBGene00019552.,3,39,42
WBGene00019553.,0,13,13
WBGene00019554.,15,150,165
WBGene00019556.,0,4,4
WBGene00019557.,0,1,1
WBGene00019558.,0,0,0
WBGene00019559.,0,0,0
WBGene00019560.,0,0,0
WBGene00019561.,0,0,0
WBGene00019562.,0,0,0
WBGene00019563.,4,11,15
WBGene00019564.,113,347,460
WBGene00019565.,1,0,1
WBGene00019566.,0,0,0
WBGene00019567.,0,0,0
WBGene00019568.,2,3,5
WBGene00019569.,0,4,4
WBGene00019570.,5,19,24
WBGene00019571.,26,13,39
WBGene00019572.,0,7,7
WBGene00019574.,0,2,2
WBGene00019575.,2,6,8
WBGene00019576.,1,8,9
WBGene00019577.,1,15,16
WBGene00019578.,0,1,1
WBGene00019579.,0,0,0
WBGene00019580.,1,2,3
WBGene00019582.,0,2,2
WBGene00019583.,0,1,1
WBGene00019584.,2,2,4
WBGene00019586.,3,5,8
WBGene00019587.,2,2,4
WBGene00019588.,0,3,3
WBGene00019589.,6,3,9
WBGene00019590.,1,1,2
WBGene00019591.,0,4,4
WBGene00019592.,0,16,16
WBGene00019593.,0,32,32
WBGene00019594.,1,1,2
WBGene00019595.,6,111,117
WBGene00019597.,49,156,205
WBGene00019598.,17,26,43
WBGene00019599.,17,52,69
WBGene00019600.,0,27,27
WBGene00019601.,2,6,8
WBGene00019603.,2,85,87
WBGene00019604.,0,0,0
WBGene00019605.,15,69,84
WBGene00019606.,0,11,11
WBGene00019607.,516,1305,1821
WBGene00019608.,4,38,42
WBGene00019609.,112,456,568
WBGene00019611.,4,159,163
WBGene00019612.,83,369,452
WBGene00019613.,0,0,0
WBGene00019614.,0,1,1
WBGene00019615.,35,118,153
WBGene00019616.,10,35,45
WBGene00019617.,14,245,259
WBGene00019618.,1,4,5
WBGene00019619.,25,65,90
WBGene00019620.,23,960,983
WBGene00019621.,0,0,0
WBGene00019622.,0,0,0
WBGene00019623.,38,217,255
WBGene00019624.,235,613,848
WBGene00019625.,3,2,5
WBGene00019626.,0,0,0
WBGene00019627.,28,181,209
WBGene00019628.,10,344,354
WBGene00019629.,7,219,226
WBGene00019630.,19,81,100
WBGene00019631.,63,408,471
WBGene00019633.,60,188,248
WBGene00019636.,3,46,49
WBGene00019638.,0,0,0
WBGene00019639.,0,3,3
WBGene00019640.,6,7,13
WBGene00019641.,5,27,32
WBGene00019642.,12,32,44
WBGene00019643.,6,176,182
WBGene00019644.,16,74,90
WBGene00019645.,48,444,492
WBGene00019646.,0,1,1
WBGene00019647.,22,297,319
WBGene00019648.,1,11,12
WBGene00019649.,4,34,38
WBGene00019650.,40,228,268
WBGene00019651.,66,328,394
WBGene00019652.,7,96,103
WBGene00019653.,0,2,2
WBGene00019654.,3,15,18
WBGene00019655.,2,27,29
WBGene00019656.,18,720,738
WBGene00019657.,20,190,210
WBGene00019658.,60,349,409
WBGene00019659.,1,12,13
WBGene00019660.,1,39,40
WBGene00019661.,2,24,26
WBGene00019662.,1,4,5
WBGene00019663.,15,519,534
WBGene00019664.,107,896,1003
WBGene00019665.,6,65,71
WBGene00019666.,13,113,126
WBGene00019667.,1,3,4
WBGene00019668.,1,6,7
WBGene00019669.,9,24,33
WBGene00019672.,1,0,1
WBGene00019673.,23,209,232
WBGene00019674.,6,1,7
WBGene00019675.,0,0,0
WBGene00019676.,2,2,4
WBGene00019677.,40,117,157
WBGene00019678.,223,839,1062
WBGene00019679.,108,948,1056
WBGene00019680.,0,4502,4502
WBGene00019681.,0,0,0
WBGene00019682.,36,168,204
WBGene00019683.,351,14,365
WBGene00019684.,0,0,0
WBGene00019685.,1,1,2
WBGene00019686.,144,579,723
WBGene00019687.,0,2,2
WBGene00019688.,2,0,2
WBGene00019689.,0,2,2
WBGene00019690.,0,7,7
WBGene00019691.,8,26,34
WBGene00019692.,26,80,106
WBGene00019693.,19,1116,1135
WBGene00019697.,135,461,596
WBGene00019698.,138,1055,1193
WBGene00019699.,0,1,1
WBGene00019700.,0,1,1
WBGene00019702.,0,0,0
WBGene00019703.,1,0,1
WBGene00019704.,0,0,0
WBGene00019705.,0,5,5
WBGene00019706.,1,0,1
WBGene00019709.,0,1,1
WBGene00019710.,1,101,102
WBGene00019711.,42,487,529
WBGene00019712.,6,43,49
WBGene00019713.,16,73,89
WBGene00019714.,0,1,1
WBGene00019715.,33,143,176
WBGene00019716.,68,619,687
WBGene00019717.,7,20,27
WBGene00019718.,0,2,2
WBGene00019719.,542,2760,3302
WBGene00019720.,22,85,107
WBGene00019721.,8,2,10
WBGene00019722.,1,6,7
WBGene00019723.,0,33,33
WBGene00019724.,48,119,167
WBGene00019725.,11,50,61
WBGene00019726.,98,253,351
WBGene00019727.,280,5519,5799
WBGene00019728.,0,1,1
WBGene00019729.,20,84,104
WBGene00019730.,15,189,204
WBGene00019731.,14,11,25
WBGene00019732.,0,481,481
WBGene00019733.,85,373,458
WBGene00019734.,253,1314,1567
WBGene00019735.,0,6,6
WBGene00019736.,3,3,6
WBGene00019738.,4,10,14
WBGene00019739.,1,11,12
WBGene00019740.,0,0,0
WBGene00019741.,11,114,125
WBGene00019742.,18,34,52
WBGene00019743.,18,66,84
WBGene00019744.,67,495,562
WBGene00019745.,0,4,4
WBGene00019746.,20,47,67
WBGene00019747.,120,342,462
WBGene00019748.,62,481,543
WBGene00019749.,22,100,122
WBGene00019750.,419,458,877
WBGene00019751.,17,437,454
WBGene00019753.,15,48,63
WBGene00019754.,3,49,52
WBGene00019755.,1,0,1
WBGene00019756.,0,1,1
WBGene00019757.,68,153,221
WBGene00019758.,0,2,2
WBGene00019759.,45,186,231
WBGene00019760.,48,5274,5322
WBGene00019761.,2,5,7
WBGene00019762.,58,649,707
WBGene00019763.,10,14,24
WBGene00019764.,19,139,158
WBGene00019765.,7,82,89
WBGene00019766.,28,56,84
WBGene00019767.,11,2046,2057
WBGene00019768.,4,98,102
WBGene00019769.,0,43,43
WBGene00019770.,262,1230,1492
WBGene00019771.,97,471,568
WBGene00019772.,133,665,798
WBGene00019773.,1,4,5
WBGene00019774.,61,115,176
WBGene00019776.,2,33,35
WBGene00019777.,12,40,52
WBGene00019778.,5,148,153
WBGene00019779.,11,59,70
WBGene00019780.,63,5431,5494
WBGene00019781.,47,254,301
WBGene00019782.,3,8,11
WBGene00019783.,2,2,4
WBGene00019784.,1,4,5
WBGene00019785.,2,4,6
WBGene00019786.,60,156,216
WBGene00019787.,24,150,174
WBGene00019788.,0,7,7
WBGene00019789.,0,96,96
WBGene00019791.,0,0,0
WBGene00019792.,6,33,39
WBGene00019793.,1,0,1
WBGene00019794.,4,1,5
WBGene00019795.,0,0,0
WBGene00019796.,0,0,0
WBGene00019797.,0,0,0
WBGene00019798.,0,0,0
WBGene00019799.,0,1,1
WBGene00019800.,1,1203,1204
WBGene00019801.,28,158,186
WBGene00019803.,3,34,37
WBGene00019804.,1,1,2
WBGene00019805.,11,51,62
WBGene00019806.,3,68,71
WBGene00019807.,13,119,132
WBGene00019808.,33,422,455
WBGene00019809.,0,0,0
WBGene00019810.,0,9,9
WBGene00019811.,0,7,7
WBGene00019812.,16,36,52
WBGene00019813.,8,421,429
WBGene00019814.,9,24,33
WBGene00019815.,1,0,1
WBGene00019816.,30,121,151
WBGene00019817.,17,41,58
WBGene00019818.,42,294,336
WBGene00019819.,26,1060,1086
WBGene00019820.,13,301,314
WBGene00019821.,26,313,339
WBGene00019822.,17,178,195
WBGene00019823.,70,469,539
WBGene00019824.,40,133,173
WBGene00019825.,29,89,118
WBGene00019826.,2,10,12
WBGene00019827.,33,361,394
WBGene00019828.,5,34,39
WBGene00019829.,8,176,184
WBGene00019830.,8,166,174
WBGene00019831.,121,3707,3828
WBGene00019832.,40,107,147
WBGene00019833.,0,0,0
WBGene00019834.,0,0,0
WBGene00019835.,0,0,0
WBGene00019836.,44,514,558
WBGene00019837.,13,55,68
WBGene00019838.,185,710,895
WBGene00019839.,2,11,13
WBGene00019840.,15,88,103
WBGene00019841.,19,403,422
WBGene00019842.,164,193,357
WBGene00019843.,22,263,285
WBGene00019844.,27,165,192
WBGene00019845.,0,10,10
WBGene00019846.,1,12,13
WBGene00019847.,132,254,386
WBGene00019849.,0,10,10
WBGene00019850.,0,0,0
WBGene00019851.,1,4,5
WBGene00019853.,2,16,18
WBGene00019854.,7,38,45
WBGene00019855.,95,541,636
WBGene00019856.,1,1,2
WBGene00019857.,1,1,2
WBGene00019858.,2,30,32
WBGene00019859.,0,18,18
WBGene00019861.,4,9,13
WBGene00019862.,8,164,172
WBGene00019863.,58,146,204
WBGene00019864.,21,121,142
WBGene00019865.,4,28,32
WBGene00019866.,5,21,26
WBGene00019867.,47,141,188
WBGene00019868.,23,112,135
WBGene00019869.,4,7,11
WBGene00019870.,14,118,132
WBGene00019871.,6,268,274
WBGene00019872.,30,95,125
WBGene00019873.,14,152,166
WBGene00019874.,0,7,7
WBGene00019875.,31,581,612
WBGene00019877.,12,216,228
WBGene00019878.,2,26,28
WBGene00019879.,0,0,0
WBGene00019880.,0,0,0
WBGene00019881.,20,209,229
WBGene00019882.,119,393,512
WBGene00019883.,32,433,465
WBGene00019884.,34,229,263
WBGene00019885.,13,97,110
WBGene00019886.,2,3,5
WBGene00019887.,9,7,16
WBGene00019888.,70,804,874
WBGene00019890.,18,1684,1702
WBGene00019891.,1,5,6
WBGene00019892.,10,187,197
WBGene00019893.,35,2522,2557
WBGene00019894.,5,31,36
WBGene00019895.,42,491,533
WBGene00019896.,14,41,55
WBGene00019898.,37,282,319
WBGene00019899.,48,93,141
WBGene00019900.,280,19106,19386
WBGene00019901.,0,4,4
WBGene00019902.,74,174,248
WBGene00019903.,0,0,0
WBGene00019904.,73,579,652
WBGene00019905.,0,1,1
WBGene00019906.,0,40,40
WBGene00019907.,9,80,89
WBGene00019908.,217,722,939
WBGene00019909.,30,19,49
WBGene00019911.,40,264,304
WBGene00019912.,0,0,0
WBGene00019913.,4,0,4
WBGene00019914.,13,37,50
WBGene00019915.,42,148,190
WBGene00019916.,0,0,0
WBGene00019917.,0,1,1
WBGene00019918.,14,44,58
WBGene00019919.,0,0,0
WBGene00019920.,0,0,0
WBGene00019921.,0,4,4
WBGene00019922.,4,6,10
WBGene00019923.,1,1,2
WBGene00019924.,16,72,88
WBGene00019925.,0,4,4
WBGene00019926.,0,1,1
WBGene00019927.,2,3,5
WBGene00019928.,0,7,7
WBGene00019929.,0,0,0
WBGene00019930.,0,0,0
WBGene00019931.,0,0,0
WBGene00019932.,5,6,11
WBGene00019933.,1,1,2
WBGene00019934.,0,0,0
WBGene00019935.,10,45,55
WBGene00019937.,0,1966,1966
WBGene00019938.,14,89,103
WBGene00019939.,3,10,13
WBGene00019940.,101,939,1040
WBGene00019941.,69,960,1029
WBGene00019943.,19,146,165
WBGene00019944.,26,467,493
WBGene00019945.,0,0,0
WBGene00019946.,42,568,610
WBGene00019947.,20,4550,4570
WBGene00019948.,2,6,8
WBGene00019949.,0,0,0
WBGene00019950.,1,0,1
WBGene00019951.,1,5,6
WBGene00019952.,1,102,103
WBGene00019953.,70,608,678
WBGene00019954.,0,0,0
WBGene00019955.,61,219,280
WBGene00019956.,0,2,2
WBGene00019957.,9,50,59
WBGene00019959.,22,123,145
WBGene00019960.,31,141,172
WBGene00019961.,0,17,17
WBGene00019962.,19,110,129
WBGene00019963.,13,211,224
WBGene00019964.,1,3,4
WBGene00019965.,3,27,30
WBGene00019966.,2,5,7
WBGene00019967.,10,231,241
WBGene00019968.,2,68,70
WBGene00019969.,0,0,0
WBGene00019970.,0,12,12
WBGene00019971.,18,315,333
WBGene00019972.,0,5,5
WBGene00019973.,6,5,11
WBGene00019975.,66,291,357
WBGene00019976.,0,1,1
WBGene00019977.,5,9,14
WBGene00019978.,2,13,15
WBGene00019979.,4,27,31
WBGene00019980.,0,1,1
WBGene00019981.,3,1,4
WBGene00019982.,9,4,13
WBGene00019983.,12,1384,1396
WBGene00019986.,9,37,46
WBGene00019987.,2,177,179
WBGene00019988.,4,211,215
WBGene00019989.,1,6,7
WBGene00019991.,0,0,0
WBGene00019992.,0,1,1
WBGene00019993.,12,354,366
WBGene00019994.,52,179,231
WBGene00019995.,17,68,85
WBGene00019996.,0,0,0
WBGene00019997.,2,21,23
WBGene00019998.,338,839,1177
WBGene00019999.,14,42,56
WBGene00020003.,8,5,13
WBGene00020004.,2,1,3
WBGene00020006.,27,142,169
WBGene00020007.,22,991,1013
WBGene00020008.,7,64,71
WBGene00020010.,5,25,30
WBGene00020011.,16,115,131
WBGene00020012.,98,1291,1389
WBGene00020013.,0,0,0
WBGene00020014.,3,16,19
WBGene00020015.,0,4,4
WBGene00020016.,1,3,4
WBGene00020017.,1,5,6
WBGene00020018.,22,127,149
WBGene00020019.,3,7,10
WBGene00020020.,0,6,6
WBGene00020021.,0,1,1
WBGene00020022.,10,236,246
WBGene00020023.,21,99,120
WBGene00020025.,54,1296,1350
WBGene00020026.,92,458,550
WBGene00020027.,85,597,682
WBGene00020028.,7,86,93
WBGene00020029.,81,575,656
WBGene00020030.,8,154,162
WBGene00020031.,29,326,355
WBGene00020032.,0,0,0
WBGene00020033.,9,56,65
WBGene00020034.,3,2,5
WBGene00020035.,1,8,9
WBGene00020036.,126,723,849
WBGene00020037.,14,959,973
WBGene00020038.,82,658,740
WBGene00020039.,5,26,31
WBGene00020040.,4,11,15
WBGene00020041.,0,1,1
WBGene00020042.,0,0,0
WBGene00020043.,23,143,166
WBGene00020045.,45,131,176
WBGene00020046.,0,2,2
WBGene00020047.,24,101,125
WBGene00020048.,6,61,67
WBGene00020049.,10,260,270
WBGene00020050.,2,39,41
WBGene00020051.,32,428,460
WBGene00020052.,7,138,145
WBGene00020053.,0,0,0
WBGene00020054.,68,1613,1681
WBGene00020055.,0,2,2
WBGene00020056.,0,1,1
WBGene00020057.,2,1,3
WBGene00020058.,137,388,525
WBGene00020059.,1,0,1
WBGene00020060.,3,7,10
WBGene00020062.,3,139,142
WBGene00020063.,0,0,0
WBGene00020064.,76,200,276
WBGene00020065.,0,0,0
WBGene00020066.,1,4,5
WBGene00020067.,0,0,0
WBGene00020068.,126,1140,1266
WBGene00020069.,24,267,291
WBGene00020070.,0,0,0
WBGene00020071.,0,0,0
WBGene00020072.,0,0,0
WBGene00020073.,0,0,0
WBGene00020075.,0,7,7
WBGene00020076.,0,0,0
WBGene00020077.,1,1,2
WBGene00020078.,1,1,2
WBGene00020080.,1,1,2
WBGene00020081.,1,0,1
WBGene00020082.,130,323,453
WBGene00020083.,28,114,142
WBGene00020084.,0,0,0
WBGene00020086.,5,30,35
WBGene00020087.,13,19,32
WBGene00020088.,13,53,66
WBGene00020089.,243,523,766
WBGene00020090.,24,120,144
WBGene00020091.,4,28,32
WBGene00020092.,142,567,709
WBGene00020093.,25,58,83
WBGene00020094.,10,215,225
WBGene00020095.,25,142,167
WBGene00020096.,3,195,198
WBGene00020097.,234,2382,2616
WBGene00020098.,6,56,62
WBGene00020099.,38,209,247
WBGene00020100.,17,57,74
WBGene00020101.,48,203,251
WBGene00020102.,69,520,589
WBGene00020103.,0,33,33
WBGene00020104.,20,233,253
WBGene00020105.,30,43,73
WBGene00020106.,107,600,707
WBGene00020107.,21,1036,1057
WBGene00020109.,10,255,265
WBGene00020110.,117,748,865
WBGene00020111.,14,152,166
WBGene00020112.,549,2100,2649
WBGene00020113.,0,202,202
WBGene00020114.,795,2867,3662
WBGene00020115.,254,1214,1468
WBGene00020116.,2,1,3
WBGene00020117.,0,0,0
WBGene00020118.,0,0,0
WBGene00020119.,0,0,0
WBGene00020120.,1,0,1
WBGene00020121.,1,3,4
WBGene00020122.,2,2,4
WBGene00020123.,0,2,2
WBGene00020125.,9,67,76
WBGene00020126.,44,525,569
WBGene00020127.,0,0,0
WBGene00020128.,14,15,29
WBGene00020129.,0,0,0
WBGene00020130.,7,25,32
WBGene00020131.,313,1080,1393
WBGene00020134.,227,223,450
WBGene00020135.,19,320,339
WBGene00020136.,0,1,1
WBGene00020137.,13,95,108
WBGene00020138.,3,12,15
WBGene00020139.,20,318,338
WBGene00020140.,0,1,1
WBGene00020141.,12,85,97
WBGene00020142.,71,400,471
WBGene00020143.,397,2385,2782
WBGene00020144.,13,31,44
WBGene00020145.,1,0,1
WBGene00020146.,57,2260,2317
WBGene00020148.,5,52,57
WBGene00020149.,11,105,116
WBGene00020150.,0,0,0
WBGene00020151.,2,16,18
WBGene00020152.,8,17,25
WBGene00020153.,10,35,45
WBGene00020154.,0,7,7
WBGene00020155.,7,11163,11170
WBGene00020156.,45,5538,5583
WBGene00020157.,9,5,14
WBGene00020158.,19,119,138
WBGene00020160.,49,394,443
WBGene00020163.,46,112,158
WBGene00020164.,6,43,49
WBGene00020166.,85,662,747
WBGene00020167.,0,3,3
WBGene00020168.,1,33,34
WBGene00020169.,15,606,621
WBGene00020170.,8,9,17
WBGene00020171.,133,437,570
WBGene00020172.,20,97,117
WBGene00020173.,0,1,1
WBGene00020174.,0,0,0
WBGene00020175.,4,8,12
WBGene00020176.,0,0,0
WBGene00020177.,0,0,0
WBGene00020178.,0,0,0
WBGene00020179.,1,3,4
WBGene00020180.,0,0,0
WBGene00020181.,3168,10875,14043
WBGene00020182.,0,0,0
WBGene00020183.,6,50,56
WBGene00020184.,6,362,368
WBGene00020185.,13,2861,2874
WBGene00020187.,20,78,98
WBGene00020188.,1,12,13
WBGene00020189.,58,190,248
WBGene00020190.,103,914,1017
WBGene00020191.,2,5,7
WBGene00020192.,89,4768,4857
WBGene00020193.,27,132,159
WBGene00020194.,68,424,492
WBGene00020195.,31,1583,1614
WBGene00020196.,27,51,78
WBGene00020197.,29,308,337
WBGene00020199.,3,123,126
WBGene00020200.,196,995,1191
WBGene00020201.,0,1,1
WBGene00020202.,0,0,0
WBGene00020203.,2,0,2
WBGene00020204.,2,1,3
WBGene00020205.,1,2,3
WBGene00020207.,46,304,350
WBGene00020208.,159,404,563
WBGene00020209.,276,945,1221
WBGene00020210.,0,3,3
WBGene00020211.,0,0,0
WBGene00020212.,12,17,29
WBGene00020214.,7,108,115
WBGene00020215.,73,691,764
WBGene00020216.,24,3304,3328
WBGene00020217.,2,1,3
WBGene00020218.,4,10,14
WBGene00020219.,20,72,92
WBGene00020220.,6,339,345
WBGene00020221.,0,0,0
WBGene00020222.,9,130,139
WBGene00020223.,0,4,4
WBGene00020224.,11,47,58
WBGene00020225.,4,6,10
WBGene00020227.,2,7,9
WBGene00020228.,0,1,1
WBGene00020229.,83,1366,1449
WBGene00020230.,150,310,460
WBGene00020231.,2,45,47
WBGene00020232.,0,2,2
WBGene00020233.,3,6,9
WBGene00020234.,93,321,414
WBGene00020235.,37,261,298
WBGene00020236.,20,24,44
WBGene00020237.,0,125,125
WBGene00020238.,0,0,0
WBGene00020239.,0,0,0
WBGene00020240.,0,1,1
WBGene00020241.,0,0,0
WBGene00020242.,0,76,76
WBGene00020243.,0,1,1
WBGene00020244.,0,2,2
WBGene00020245.,10,89,99
WBGene00020246.,68,1637,1705
WBGene00020247.,0,1,1
WBGene00020248.,11,175,186
WBGene00020249.,83,265,348
WBGene00020250.,6,78,84
WBGene00020251.,203,849,1052
WBGene00020252.,2,5,7
WBGene00020254.,5,9,14
WBGene00020256.,1,6,7
WBGene00020258.,7,17,24
WBGene00020259.,24,178,202
WBGene00020260.,180,686,866
WBGene00020261.,0,3,3
WBGene00020262.,4,35,39
WBGene00020263.,52,247,299
WBGene00020264.,12,166,178
WBGene00020265.,1,2,3
WBGene00020266.,2,8,10
WBGene00020267.,6,20,26
WBGene00020268.,123,477,600
WBGene00020269.,289,2064,2353
WBGene00020270.,0,2,2
WBGene00020271.,1,0,1
WBGene00020273.,129,382,511
WBGene00020274.,24,454,478
WBGene00020275.,3082,12489,15571
WBGene00020276.,0,36,36
WBGene00020277.,1,9,10
WBGene00020279.,63,150,213
WBGene00020280.,6,10,16
WBGene00020281.,16,30,46
WBGene00020282.,0,1,1
WBGene00020283.,7,15,22
WBGene00020284.,112,513,625
WBGene00020285.,2,11,13
WBGene00020286.,9,299,308
WBGene00020287.,34,639,673
WBGene00020288.,3,2,5
WBGene00020289.,0,5,5
WBGene00020290.,0,2,2
WBGene00020291.,0,0,0
WBGene00020292.,1,0,1
WBGene00020293.,0,0,0
WBGene00020294.,128,513,641
WBGene00020295.,9,66,75
WBGene00020296.,26,488,514
WBGene00020297.,1056,3925,4981
WBGene00020298.,98,380,478
WBGene00020299.,65,272,337
WBGene00020300.,11,106,117
WBGene00020301.,57,235,292
WBGene00020302.,0,45,45
WBGene00020304.,3,3,6
WBGene00020305.,0,1,1
WBGene00020306.,10,0,10
WBGene00020307.,19,56,75
WBGene00020308.,3,1,4
WBGene00020309.,1,1,2
WBGene00020311.,13,164,177
WBGene00020313.,2,28,30
WBGene00020314.,8,111,119
WBGene00020315.,36,1439,1475
WBGene00020316.,96,226,322
WBGene00020317.,96,4005,4101
WBGene00020318.,1,7,8
WBGene00020319.,1,20,21
WBGene00020320.,4,111,115
WBGene00020321.,1,195,196
WBGene00020322.,7,204,211
WBGene00020323.,13,32,45
WBGene00020324.,44,532,576
WBGene00020325.,0,11,11
WBGene00020326.,0,0,0
WBGene00020327.,0,0,0
WBGene00020328.,0,0,0
WBGene00020329.,1,4,5
WBGene00020330.,13,247,260
WBGene00020333.,0,8,8
WBGene00020334.,63,418,481
WBGene00020335.,9,60,69
WBGene00020338.,0,0,0
WBGene00020339.,5,66,71
WBGene00020340.,8,41,49
WBGene00020341.,15,82,97
WBGene00020342.,0,2,2
WBGene00020343.,30,105,135
WBGene00020345.,1,12,13
WBGene00020346.,131,468,599
WBGene00020347.,137,1716,1853
WBGene00020348.,5,638,643
WBGene00020349.,6,22,28
WBGene00020350.,0,3,3
WBGene00020351.,0,0,0
WBGene00020352.,0,0,0
WBGene00020353.,0,0,0
WBGene00020354.,1,4,5
WBGene00020356.,0,0,0
WBGene00020357.,5,0,5
WBGene00020358.,0,2,2
WBGene00020359.,0,3,3
WBGene00020360.,14,80,94
WBGene00020361.,0,3,3
WBGene00020362.,0,1,1
WBGene00020363.,15,73,88
WBGene00020364.,0,1,1
WBGene00020365.,17,26,43
WBGene00020366.,190,1917,2107
WBGene00020368.,6,429,435
WBGene00020369.,31,166,197
WBGene00020370.,0,3,3
WBGene00020371.,0,0,0
WBGene00020372.,3,3,6
WBGene00020373.,2,213,215
WBGene00020374.,354,559,913
WBGene00020375.,2,51,53
WBGene00020376.,23,101,124
WBGene00020377.,20,87,107
WBGene00020378.,28,79,107
WBGene00020379.,6,402,408
WBGene00020380.,6,5,11
WBGene00020381.,5,25,30
WBGene00020382.,912,6690,7602
WBGene00020383.,163,941,1104
WBGene00020384.,0,1,1
WBGene00020385.,52,75,127
WBGene00020386.,0,2,2
WBGene00020388.,3,11,14
WBGene00020389.,92,981,1073
WBGene00020390.,63,478,541
WBGene00020391.,21,3965,3986
WBGene00020392.,32,282,314
WBGene00020393.,1,17,18
WBGene00020394.,13,60,73
WBGene00020396.,10,66,76
WBGene00020397.,324,1480,1804
WBGene00020398.,48,426,474
WBGene00020399.,72,493,565
WBGene00020400.,2,0,2
WBGene00020401.,5,17,22
WBGene00020402.,66,447,513
WBGene00020403.,57,311,368
WBGene00020404.,27,113,140
WBGene00020406.,0,0,0
WBGene00020407.,4,100,104
WBGene00020408.,11,108,119
WBGene00020409.,0,0,0
WBGene00020410.,0,0,0
WBGene00020411.,3,96,99
WBGene00020412.,28,109,137
WBGene00020413.,76,318,394
WBGene00020414.,0,1,1
WBGene00020415.,25,106,131
WBGene00020416.,0,0,0
WBGene00020417.,22,2802,2824
WBGene00020418.,10,31,41
WBGene00020419.,7,7,14
WBGene00020420.,0,13,13
WBGene00020421.,3,3,6
WBGene00020422.,9,208,217
WBGene00020423.,10,990,1000
WBGene00020424.,0,23,23
WBGene00020425.,21,149,170
WBGene00020426.,1,98,99
WBGene00020427.,32,216,248
WBGene00020428.,0,0,0
WBGene00020430.,1,0,1
WBGene00020431.,0,1,1
WBGene00020432.,0,0,0
WBGene00020433.,0,0,0
WBGene00020434.,0,0,0
WBGene00020435.,1,1,2
WBGene00020436.,18,33,51
WBGene00020437.,21,1287,1308
WBGene00020438.,0,1,1
WBGene00020439.,0,0,0
WBGene00020440.,0,0,0
WBGene00020441.,61,334,395
WBGene00020442.,26,379,405
WBGene00020443.,90,387,477
WBGene00020444.,6,17,23
WBGene00020445.,39,124,163
WBGene00020446.,14,446,460
WBGene00020447.,39,619,658
WBGene00020448.,1,7,8
WBGene00020449.,0,2,2
WBGene00020450.,4,56,60
WBGene00020451.,7,59,66
WBGene00020452.,0,3,3
WBGene00020453.,2,12,14
WBGene00020454.,0,0,0
WBGene00020455.,0,19,19
WBGene00020456.,1,12,13
WBGene00020457.,10,181,191
WBGene00020458.,0,2,2
WBGene00020459.,0,1,1
WBGene00020460.,2,10,12
WBGene00020461.,6,22,28
WBGene00020462.,31,131,162
WBGene00020463.,2,82,84
WBGene00020464.,1,104,105
WBGene00020465.,8,9,17
WBGene00020466.,6,86,92
WBGene00020467.,1,5,6
WBGene00020468.,2,1,3
WBGene00020469.,0,0,0
WBGene00020471.,217,693,910
WBGene00020472.,1,12,13
WBGene00020473.,2,1,3
WBGene00020474.,1,5,6
WBGene00020475.,101,512,613
WBGene00020476.,0,0,0
WBGene00020478.,47,65,112
WBGene00020479.,203,878,1081
WBGene00020480.,38,180,218
WBGene00020481.,46,478,524
WBGene00020482.,3,16,19
WBGene00020483.,1,9,10
WBGene00020484.,1,13,14
WBGene00020485.,6,20,26
WBGene00020486.,47,160,207
WBGene00020487.,2,29,31
WBGene00020488.,0,3,3
WBGene00020489.,35,261,296
WBGene00020490.,113,545,658
WBGene00020491.,19,101,120
WBGene00020492.,2,0,2
WBGene00020494.,4,6,10
WBGene00020496.,100,535,635
WBGene00020497.,0,449,449
WBGene00020498.,44,329,373
WBGene00020499.,127,610,737
WBGene00020500.,48,204,252
WBGene00020501.,74,384,458
WBGene00020502.,41,243,284
WBGene00020503.,4,8,12
WBGene00020504.,155,350,505
WBGene00020505.,1,4,5
WBGene00020506.,24,70,94
WBGene00020507.,15,898,913
WBGene00020508.,4,157,161
WBGene00020509.,50,290,340
WBGene00020510.,3,213,216
WBGene00020511.,90,1238,1328
WBGene00020515.,0,1,1
WBGene00020516.,2,14,16
WBGene00020517.,22,680,702
WBGene00020520.,1,0,1
WBGene00020522.,1,1,2
WBGene00020523.,1,3,4
WBGene00020524.,10,6,16
WBGene00020525.,0,0,0
WBGene00020526.,2,4,6
WBGene00020527.,13,27,40
WBGene00020528.,8,22,30
WBGene00020530.,46,781,827
WBGene00020531.,6,15,21
WBGene00020532.,0,5,5
WBGene00020533.,0,0,0
WBGene00020534.,0,0,0
WBGene00020535.,0,0,0
WBGene00020536.,0,0,0
WBGene00020537.,0,0,0
WBGene00020539.,0,0,0
WBGene00020540.,14,157,171
WBGene00020541.,0,0,0
WBGene00020542.,0,0,0
WBGene00020543.,0,0,0
WBGene00020544.,0,0,0
WBGene00020545.,3,0,3
WBGene00020546.,0,0,0
WBGene00020547.,0,0,0
WBGene00020548.,0,0,0
WBGene00020549.,2,1098,1100
WBGene00020550.,0,12,12
WBGene00020551.,1,13,14
WBGene00020553.,22,449,471
WBGene00020554.,14,92,106
WBGene00020555.,3,8,11
WBGene00020556.,22,52,74
WBGene00020557.,104,543,647
WBGene00020558.,34,110,144
WBGene00020559.,41,77,118
WBGene00020560.,8,11,19
WBGene00020561.,275,1394,1669
WBGene00020562.,28,673,701
WBGene00020563.,59,441,500
WBGene00020564.,2,67,69
WBGene00020565.,2,149,151
WBGene00020566.,8,100,108
WBGene00020567.,6,25,31
WBGene00020568.,113,471,584
WBGene00020569.,28,97,125
WBGene00020571.,4,17,21
WBGene00020572.,33,98,131
WBGene00020573.,30,104,134
WBGene00020574.,6,4,10
WBGene00020575.,13,38,51
WBGene00020576.,0,22,22
WBGene00020577.,3,36,39
WBGene00020578.,0,1,1
WBGene00020579.,29,128,157
WBGene00020580.,1,2,3
WBGene00020581.,114,461,575
WBGene00020582.,2,122,124
WBGene00020583.,0,6,6
WBGene00020584.,1,0,1
WBGene00020585.,128,1386,1514
WBGene00020586.,15,83,98
WBGene00020587.,44,317,361
WBGene00020588.,94,547,641
WBGene00020589.,583,2139,2722
WBGene00020590.,0,1,1
WBGene00020591.,1,9,10
WBGene00020592.,33,289,322
WBGene00020593.,11,92,103
WBGene00020594.,0,3,3
WBGene00020595.,8,159,167
WBGene00020596.,17,192,209
WBGene00020598.,0,0,0
WBGene00020599.,15,32,47
WBGene00020600.,43,381,424
WBGene00020601.,19,716,735
WBGene00020602.,3,6,9
WBGene00020603.,0,0,0
WBGene00020604.,22,866,888
WBGene00020605.,37,338,375
WBGene00020607.,0,1,1
WBGene00020608.,0,1,1
WBGene00020609.,1,0,1
WBGene00020611.,0,1,1
WBGene00020612.,3,37,40
WBGene00020613.,0,0,0
WBGene00020614.,0,0,0
WBGene00020615.,4,1,5
WBGene00020616.,0,3,3
WBGene00020617.,0,0,0
WBGene00020618.,0,3,3
WBGene00020619.,0,1,1
WBGene00020620.,1,1,2
WBGene00020622.,0,1,1
WBGene00020623.,0,1,1
WBGene00020624.,3,0,3
WBGene00020625.,16,290,306
WBGene00020626.,11,42,53
WBGene00020627.,17,19,36
WBGene00020628.,44,204,248
WBGene00020629.,12,225,237
WBGene00020630.,29,197,226
WBGene00020631.,0,2,2
WBGene00020632.,25,65,90
WBGene00020633.,23,293,316
WBGene00020634.,5,16,21
WBGene00020635.,2,2,4
WBGene00020636.,26,3605,3631
WBGene00020637.,0,0,0
WBGene00020638.,0,0,0
WBGene00020639.,0,0,0
WBGene00020640.,1,1,2
WBGene00020641.,1,0,1
WBGene00020642.,3,0,3
WBGene00020645.,1,0,1
WBGene00020646.,0,4,4
WBGene00020647.,15,286,301
WBGene00020648.,1,6,7
WBGene00020649.,30,95,125
WBGene00020650.,0,2,2
WBGene00020651.,40,149,189
WBGene00020652.,3,8,11
WBGene00020653.,0,2,2
WBGene00020655.,2,3,5
WBGene00020656.,1,0,1
WBGene00020657.,7,53,60
WBGene00020658.,9,229,238
WBGene00020659.,2,1,3
WBGene00020660.,0,1,1
WBGene00020661.,0,5,5
WBGene00020662.,96,344,440
WBGene00020663.,13,30,43
WBGene00020664.,9,3,12
WBGene00020665.,0,2,2
WBGene00020666.,0,1,1
WBGene00020667.,3,2,5
WBGene00020669.,1,0,1
WBGene00020670.,0,0,0
WBGene00020672.,156,6,162
WBGene00020673.,13,130,143
WBGene00020674.,1,1,2
WBGene00020675.,2,1,3
WBGene00020678.,161,287,448
WBGene00020679.,114,3435,3549
WBGene00020680.,0,2,2
WBGene00020682.,158,940,1098
WBGene00020683.,39,2089,2128
WBGene00020684.,2,24,26
WBGene00020686.,13,4,17
WBGene00020687.,28,739,767
WBGene00020688.,1,3,4
WBGene00020689.,78,235,313
WBGene00020690.,77,288,365
WBGene00020691.,30,36,66
WBGene00020692.,7,43,50
WBGene00020693.,35,352,387
WBGene00020694.,4,21,25
WBGene00020695.,16,306,322
WBGene00020696.,94,4288,4382
WBGene00020697.,15,44,59
WBGene00020698.,0,1,1
WBGene00020699.,10,44,54
WBGene00020700.,0,254,254
WBGene00020701.,10,109,119
WBGene00020702.,5,9,14
WBGene00020703.,84,773,857
WBGene00020705.,63,259,322
WBGene00020706.,50,154,204
WBGene00020707.,1,0,1
WBGene00020708.,2,20,22
WBGene00020709.,7,248,255
WBGene00020710.,14,843,857
WBGene00020711.,0,0,0
WBGene00020712.,14,67,81
WBGene00020713.,1,2,3
WBGene00020714.,9,67,76
WBGene00020715.,0,3,3
WBGene00020716.,15,101,116
WBGene00020717.,121,552,673
WBGene00020718.,4,390,394
WBGene00020719.,25,442,467
WBGene00020720.,5,11,16
WBGene00020721.,12,82,94
WBGene00020722.,78,418,496
WBGene00020725.,2,63,65
WBGene00020726.,8,121,129
WBGene00020727.,2,54,56
WBGene00020728.,4,15,19
WBGene00020729.,30,10,40
WBGene00020730.,1,35,36
WBGene00020732.,210,3074,3284
WBGene00020735.,151,679,830
WBGene00020736.,460,932,1392
WBGene00020737.,13,84,97
WBGene00020738.,56,737,793
WBGene00020739.,0,0,0
WBGene00020740.,8,131,139
WBGene00020741.,0,51,51
WBGene00020742.,45,212,257
WBGene00020743.,6,57,63
WBGene00020744.,0,17,17
WBGene00020746.,1,6,7
WBGene00020747.,0,3,3
WBGene00020748.,0,1,1
WBGene00020749.,2,11,13
WBGene00020750.,1,5,6
WBGene00020751.,0,0,0
WBGene00020752.,0,0,0
WBGene00020753.,0,0,0
WBGene00020754.,0,1,1
WBGene00020755.,0,0,0
WBGene00020756.,96,425,521
WBGene00020757.,8,101,109
WBGene00020758.,18,45,63
WBGene00020759.,3,12,15
WBGene00020760.,9,32,41
WBGene00020761.,26,106,132
WBGene00020762.,28,582,610
WBGene00020763.,16,136,152
WBGene00020764.,0,3,3
WBGene00020765.,12,69,81
WBGene00020766.,0,1,1
WBGene00020767.,26,471,497
WBGene00020769.,1,3,4
WBGene00020770.,55,51,106
WBGene00020771.,0,1,1
WBGene00020772.,0,0,0
WBGene00020773.,1,0,1
WBGene00020774.,4,15,19
WBGene00020775.,4,6,10
WBGene00020777.,14,76,90
WBGene00020778.,0,6,6
WBGene00020779.,133,652,785
WBGene00020781.,65,688,753
WBGene00020782.,88,183,271
WBGene00020783.,31,65,96
WBGene00020784.,1,15,16
WBGene00020785.,0,3,3
WBGene00020786.,6,37,43
WBGene00020787.,1,2,3
WBGene00020788.,4,95,99
WBGene00020789.,0,11,11
WBGene00020790.,25,81,106
WBGene00020791.,1,3,4
WBGene00020792.,2,5,7
WBGene00020793.,3,6,9
WBGene00020794.,3,6,9
WBGene00020795.,17,3,20
WBGene00020796.,21,991,1012
WBGene00020797.,6,6,12
WBGene00020798.,9,106,115
WBGene00020799.,2,33,35
WBGene00020800.,6,46,52
WBGene00020801.,9,73,82
WBGene00020802.,1,9,10
WBGene00020803.,0,29,29
WBGene00020804.,0,3,3
WBGene00020805.,0,9,9
WBGene00020806.,6,50,56
WBGene00020807.,9,13,22
WBGene00020808.,13970,47655,61625
WBGene00020809.,1,5,6
WBGene00020811.,60,272,332
WBGene00020812.,165,2552,2717
WBGene00020813.,3,3,6
WBGene00020817.,0,67,67
WBGene00020819.,7,44,51
WBGene00020820.,6,117,123
WBGene00020821.,64,461,525
WBGene00020822.,33,155,188
WBGene00020823.,49,123,172
WBGene00020824.,76,496,572
WBGene00020825.,22,68,90
WBGene00020826.,19,22,41
WBGene00020827.,82,1060,1142
WBGene00020829.,0,0,0
WBGene00020830.,24,76,100
WBGene00020831.,18,423,441
WBGene00020832.,5,3,8
WBGene00020833.,12,67,79
WBGene00020834.,9,11,20
WBGene00020835.,16,3,19
WBGene00020836.,37,1104,1141
WBGene00020837.,1,26,27
WBGene00020838.,93,2383,2476
WBGene00020839.,41,355,396
WBGene00020840.,0,7,7
WBGene00020841.,0,0,0
WBGene00020842.,9,89,98
WBGene00020843.,3,77,80
WBGene00020844.,0,173,173
WBGene00020845.,1,0,1
WBGene00020846.,25,94,119
WBGene00020847.,12,49,61
WBGene00020849.,10,27,37
WBGene00020850.,4,7,11
WBGene00020851.,8,7,15
WBGene00020852.,81,247,328
WBGene00020853.,1,12,13
WBGene00020854.,132,3579,3711
WBGene00020855.,21,113,134
WBGene00020856.,0,4,4
WBGene00020857.,3,3,6
WBGene00020858.,10,20,30
WBGene00020859.,2,1,3
WBGene00020860.,0,11,11
WBGene00020861.,59,131,190
WBGene00020862.,1091,4705,5796
WBGene00020863.,2,4,6
WBGene00020864.,4,9,13
WBGene00020865.,18,303,321
WBGene00020866.,69,187,256
WBGene00020867.,77,496,573
WBGene00020868.,695,3624,4319
WBGene00020869.,10,104,114
WBGene00020870.,0,0,0
WBGene00020871.,0,0,0
WBGene00020872.,0,0,0
WBGene00020873.,1,5,6
WBGene00020874.,0,0,0
WBGene00020875.,0,0,0
WBGene00020877.,1,10,11
WBGene00020878.,6,46,52
WBGene00020879.,0,2,2
WBGene00020880.,0,0,0
WBGene00020881.,0,2,2
WBGene00020882.,1,0,1
WBGene00020883.,5,168,173
WBGene00020884.,86,1195,1281
WBGene00020885.,1,3,4
WBGene00020886.,50,1633,1683
WBGene00020887.,164,342,506
WBGene00020888.,1,1,2
WBGene00020889.,1,12,13
WBGene00020890.,0,0,0
WBGene00020891.,86,510,596
WBGene00020892.,1,6,7
WBGene00020893.,4,14,18
WBGene00020894.,600,8865,9465
WBGene00020895.,391,1501,1892
WBGene00020896.,0,56,56
WBGene00020897.,113,579,692
WBGene00020898.,2,69,71
WBGene00020899.,0,4,4
WBGene00020900.,0,0,0
WBGene00020901.,59,165,224
WBGene00020902.,273,800,1073
WBGene00020903.,5,14,19
WBGene00020904.,12,42,54
WBGene00020905.,0,4,4
WBGene00020906.,3,20,23
WBGene00020908.,24,150,174
WBGene00020909.,31,163,194
WBGene00020910.,3,36,39
WBGene00020911.,3,56,59
WBGene00020912.,40,768,808
WBGene00020913.,2,1,3
WBGene00020914.,3,5,8
WBGene00020915.,101,5997,6098
WBGene00020917.,190,945,1135
WBGene00020918.,2,1,3
WBGene00020919.,6,239,245
WBGene00020920.,29,176,205
WBGene00020921.,19,483,502
WBGene00020922.,0,1,1
WBGene00020923.,0,4,4
WBGene00020924.,2,30,32
WBGene00020927.,17,3,20
WBGene00020929.,111,432,543
WBGene00020930.,564,2389,2953
WBGene00020931.,12,769,781
WBGene00020932.,71,686,757
WBGene00020933.,10,282,292
WBGene00020935.,39,159,198
WBGene00020936.,15,417,432
WBGene00020937.,13,179,192
WBGene00020938.,1,3,4
WBGene00020939.,26,176,202
WBGene00020940.,0,0,0
WBGene00020941.,0,4,4
WBGene00020942.,178,501,679
WBGene00020943.,0,1,1
WBGene00020944.,1,2,3
WBGene00020945.,9,0,9
WBGene00020946.,2,7,9
WBGene00020947.,11,44,55
WBGene00020948.,1,13,14
WBGene00020949.,8,119,127
WBGene00020950.,123,4073,4196
WBGene00020951.,99,586,685
WBGene00020952.,26,60,86
WBGene00020953.,0,8,8
WBGene00020954.,24,83,107
WBGene00020955.,57,39,96
WBGene00020957.,18,64,82
WBGene00020961.,6,0,6
WBGene00020962.,6,20,26
WBGene00020964.,47,125,172
WBGene00020966.,2,2,4
WBGene00020967.,0,5,5
WBGene00020970.,39,253,292
WBGene00020971.,0,0,0
WBGene00020972.,2,2,4
WBGene00020973.,0,2,2
WBGene00020974.,0,0,0
WBGene00020976.,0,2,2
WBGene00020977.,4,7,11
WBGene00020978.,2,1,3
WBGene00020979.,0,0,0
WBGene00020981.,2,2,4
WBGene00020982.,1,0,1
WBGene00020983.,0,0,0
WBGene00020984.,0,0,0
WBGene00020985.,0,10,10
WBGene00020986.,1,7,8
WBGene00020987.,0,0,0
WBGene00020988.,0,1,1
WBGene00020989.,1,7,8
WBGene00020990.,0,0,0
WBGene00020991.,0,0,0
WBGene00020992.,0,0,0
WBGene00020993.,18,473,491
WBGene00020994.,11,578,589
WBGene00020995.,3,19,22
WBGene00020997.,26,68,94
WBGene00020999.,6,195,201
WBGene00021000.,9,150,159
WBGene00021001.,0,1,1
WBGene00021002.,29,444,473
WBGene00021003.,0,1,1
WBGene00021004.,152,932,1084
WBGene00021005.,1,32,33
WBGene00021006.,0,0,0
WBGene00021007.,1,1,2
WBGene00021008.,11,16,27
WBGene00021009.,505,711,1216
WBGene00021010.,0,2,2
WBGene00021011.,0,37,37
WBGene00021012.,13,181,194
WBGene00021013.,0,14,14
WBGene00021014.,1,26,27
WBGene00021015.,2,45,47
WBGene00021016.,0,2,2
WBGene00021017.,7,18,25
WBGene00021018.,0,2,2
WBGene00021019.,2,9,11
WBGene00021020.,61,90,151
WBGene00021021.,141,708,849
WBGene00021022.,94,278,372
WBGene00021023.,0,2,2
WBGene00021024.,262,1334,1596
WBGene00021025.,5,9,14
WBGene00021026.,202,1749,1951
WBGene00021027.,27,59,86
WBGene00021028.,2,4,6
WBGene00021029.,0,5,5
WBGene00021030.,0,2,2
WBGene00021031.,4,15,19
WBGene00021032.,0,0,0
WBGene00021033.,0,0,0
WBGene00021034.,1,14,15
WBGene00021035.,0,26,26
WBGene00021036.,365,1838,2203
WBGene00021037.,8,31,39
WBGene00021038.,20,84,104
WBGene00021039.,11,146,157
WBGene00021040.,0,17,17
WBGene00021041.,0,0,0
WBGene00021042.,3,9,12
WBGene00021043.,505,9405,9910
WBGene00021044.,60,401,461
WBGene00021045.,1,6,7
WBGene00021046.,67,271,338
WBGene00021047.,142,830,972
WBGene00021048.,40,129,169
WBGene00021049.,19,168,187
WBGene00021050.,0,14099,14099
WBGene00021051.,14,159,173
WBGene00021052.,4,36,40
WBGene00021053.,1,7,8
WBGene00021054.,0,1,1
WBGene00021055.,14,49,63
WBGene00021056.,0,6,6
WBGene00021057.,14,204,218
WBGene00021058.,67,212,279
WBGene00021059.,58,199,257
WBGene00021060.,5,17,22
WBGene00021061.,25,195,220
WBGene00021063.,9,274,283
WBGene00021066.,0,112,112
WBGene00021067.,0,0,0
WBGene00021068.,55,237,292
WBGene00021070.,10,14,24
WBGene00021072.,2,1,3
WBGene00021073.,116,1319,1435
WBGene00021074.,32,731,763
WBGene00021075.,5975,50,6025
WBGene00021076.,16,62,78
WBGene00021078.,197,722,919
WBGene00021079.,262,1597,1859
WBGene00021080.,93,492,585
WBGene00021081.,4,2,6
WBGene00021082.,3,92,95
WBGene00021083.,0,0,0
WBGene00021084.,0,0,0
WBGene00021085.,0,0,0
WBGene00021086.,0,0,0
WBGene00021087.,0,3,3
WBGene00021088.,70,4223,4293
WBGene00021089.,3,58,61
WBGene00021090.,7,1,8
WBGene00021091.,0,1,1
WBGene00021092.,0,0,0
WBGene00021093.,20,811,831
WBGene00021094.,4,10,14
WBGene00021095.,28,609,637
WBGene00021096.,3,0,3
WBGene00021097.,21,653,674
WBGene00021098.,0,0,0
WBGene00021099.,0,1,1
WBGene00021100.,4,35,39
WBGene00021101.,0,0,0
WBGene00021103.,71,181,252
WBGene00021104.,62,213,275
WBGene00021106.,0,0,0
WBGene00021107.,0,0,0
WBGene00021108.,0,0,0
WBGene00021109.,0,0,0
WBGene00021110.,1,0,1
WBGene00021111.,18,69,87
WBGene00021112.,2,273,275
WBGene00021113.,0,0,0
WBGene00021114.,0,1,1
WBGene00021115.,0,2,2
WBGene00021116.,15,200,215
WBGene00021117.,0,2,2
WBGene00021118.,1,0,1
WBGene00021120.,0,0,0
WBGene00021121.,12,149,161
WBGene00021122.,1,1,2
WBGene00021123.,3,44,47
WBGene00021124.,8,29,37
WBGene00021125.,6,20,26
WBGene00021127.,7,101,108
WBGene00021128.,416,1856,2272
WBGene00021129.,5,4,9
WBGene00021130.,5,4,9
WBGene00021131.,53,181,234
WBGene00021132.,35,264,299
WBGene00021133.,93,1457,1550
WBGene00021134.,5,10,15
WBGene00021135.,0,2,2
WBGene00021136.,3,11,14
WBGene00021137.,0,1,1
WBGene00021138.,0,0,0
WBGene00021139.,0,0,0
WBGene00021140.,0,0,0
WBGene00021141.,0,0,0
WBGene00021142.,0,0,0
WBGene00021143.,0,0,0
WBGene00021144.,0,0,0
WBGene00021145.,0,1,1
WBGene00021146.,24,163,187
WBGene00021148.,1,23,24
WBGene00021149.,138,515,653
WBGene00021150.,0,0,0
WBGene00021151.,0,0,0
WBGene00021152.,8,85,93
WBGene00021153.,2,0,2
WBGene00021154.,0,0,0
WBGene00021155.,0,69,69
WBGene00021156.,9,44,53
WBGene00021157.,5,27,32
WBGene00021158.,1,31,32
WBGene00021159.,12,41,53
WBGene00021160.,20,37,57
WBGene00021161.,719,2844,3563
WBGene00021162.,0,1,1
WBGene00021163.,4,35,39
WBGene00021164.,1,1,2
WBGene00021165.,0,0,0
WBGene00021166.,1,0,1
WBGene00021167.,4,8,12
WBGene00021168.,1,2,3
WBGene00021169.,1,0,1
WBGene00021170.,12,593,605
WBGene00021171.,30,111,141
WBGene00021173.,0,0,0
WBGene00021174.,0,0,0
WBGene00021175.,3,2,5
WBGene00021176.,37,133,170
WBGene00021177.,0,0,0
WBGene00021178.,3,20,23
WBGene00021179.,0,0,0
WBGene00021180.,1,7,8
WBGene00021181.,1,0,1
WBGene00021182.,0,1,1
WBGene00021183.,1,7,8
WBGene00021184.,0,0,0
WBGene00021185.,24,62,86
WBGene00021186.,11,20,31
WBGene00021187.,2,200,202
WBGene00021188.,0,0,0
WBGene00021190.,2,6,8
WBGene00021191.,92,426,518
WBGene00021192.,11,54,65
WBGene00021193.,0,0,0
WBGene00021195.,1,26,27
WBGene00021196.,3,15,18
WBGene00021197.,0,0,0
WBGene00021198.,0,0,0
WBGene00021199.,1,7,8
WBGene00021200.,7,30,37
WBGene00021201.,7,63,70
WBGene00021202.,64,315,379
WBGene00021204.,6,19,25
WBGene00021205.,11,225,236
WBGene00021207.,2,0,2
WBGene00021208.,24,239,263
WBGene00021209.,62,288,350
WBGene00021210.,34,341,375
WBGene00021212.,0,3,3
WBGene00021213.,0,12,12
WBGene00021214.,1,3,4
WBGene00021215.,16,10,26
WBGene00021216.,0,0,0
WBGene00021217.,0,0,0
WBGene00021218.,0,0,0
WBGene00021219.,0,0,0
WBGene00021220.,0,9,9
WBGene00021221.,0,0,0
WBGene00021222.,0,0,0
WBGene00021223.,0,0,0
WBGene00021224.,0,0,0
WBGene00021225.,0,0,0
WBGene00021226.,0,0,0
WBGene00021227.,0,0,0
WBGene00021228.,0,0,0
WBGene00021230.,1,1,2
WBGene00021232.,3,7,10
WBGene00021233.,0,0,0
WBGene00021234.,1,0,1
WBGene00021235.,1,2,3
WBGene00021236.,0,32,32
WBGene00021237.,41,152,193
WBGene00021238.,95,34,129
WBGene00021239.,78,164,242
WBGene00021241.,0,0,0
WBGene00021243.,0,1,1
WBGene00021244.,22,12,34
WBGene00021245.,31,81,112
WBGene00021246.,17,106,123
WBGene00021247.,69,106,175
WBGene00021248.,1549,16784,18333
WBGene00021249.,2,16,18
WBGene00021252.,4,0,4
WBGene00021253.,7,33,40
WBGene00021254.,22,35,57
WBGene00021256.,3,2,5
WBGene00021257.,1,14,15
WBGene00021259.,3,1,4
WBGene00021260.,46,215,261
WBGene00021261.,1,1,2
WBGene00021262.,0,3,3
WBGene00021263.,5,7,12
WBGene00021264.,12,116,128
WBGene00021265.,13,53,66
WBGene00021266.,0,0,0
WBGene00021267.,3,10,13
WBGene00021268.,3,140,143
WBGene00021269.,26,94,120
WBGene00021270.,2,572,574
WBGene00021271.,23,100,123
WBGene00021272.,23,162,185
WBGene00021273.,0,1,1
WBGene00021274.,60,232,292
WBGene00021275.,40,83,123
WBGene00021276.,140,439,579
WBGene00021277.,41,770,811
WBGene00021278.,2,11,13
WBGene00021279.,0,1,1
WBGene00021280.,0,1,1
WBGene00021281.,299,1017,1316
WBGene00021282.,6,43,49
WBGene00021284.,0,2,2
WBGene00021285.,0,3,3
WBGene00021286.,95,641,736
WBGene00021287.,1,8,9
WBGene00021288.,1,2,3
WBGene00021289.,0,2,2
WBGene00021290.,1,0,1
WBGene00021291.,0,0,0
WBGene00021292.,77,1039,1116
WBGene00021293.,0,0,0
WBGene00021294.,100,202,302
WBGene00021295.,45,225,270
WBGene00021296.,5,272,277
WBGene00021297.,0,34,34
WBGene00021298.,3,0,3
WBGene00021299.,0,3,3
WBGene00021300.,1,1,2
WBGene00021301.,2,9,11
WBGene00021302.,1,3,4
WBGene00021303.,0,0,0
WBGene00021304.,23,76,99
WBGene00021305.,90,299,389
WBGene00021309.,4,45,49
WBGene00021310.,0,9,9
WBGene00021311.,33,239,272
WBGene00021312.,34,718,752
WBGene00021313.,20,229,249
WBGene00021314.,10,159,169
WBGene00021315.,21,309,330
WBGene00021316.,71,639,710
WBGene00021317.,0,0,0
WBGene00021319.,49,146,195
WBGene00021320.,36,124,160
WBGene00021321.,4,4,8
WBGene00021322.,81,224,305
WBGene00021323.,27,378,405
WBGene00021324.,19,118,137
WBGene00021325.,30,90,120
WBGene00021326.,5,19,24
WBGene00021327.,663,1221,1884
WBGene00021328.,7,97,104
WBGene00021329.,61,244,305
WBGene00021331.,77,1262,1339
WBGene00021332.,39,145,184
WBGene00021333.,22,102,124
WBGene00021334.,173,398,571
WBGene00021335.,0,43,43
WBGene00021336.,0,3,3
WBGene00021337.,1,6,7
WBGene00021338.,6,9,15
WBGene00021339.,1,0,1
WBGene00021340.,46,96,142
WBGene00021342.,8,4,12
WBGene00021343.,29,66,95
WBGene00021344.,37,28,65
WBGene00021345.,0,0,0
WBGene00021346.,129,454,583
WBGene00021347.,124,1338,1462
WBGene00021348.,135,1043,1178
WBGene00021349.,18,78,96
WBGene00021350.,38024,98030,136054
WBGene00021351.,48,1240,1288
WBGene00021352.,39,531,570
WBGene00021353.,42,89,131
WBGene00021354.,3,11,14
WBGene00021355.,208,1015,1223
WBGene00021357.,9,29,38
WBGene00021358.,1,3,4
WBGene00021359.,46,281,327
WBGene00021360.,1,3,4
WBGene00021362.,31,84,115
WBGene00021363.,33,89,122
WBGene00021364.,0,0,0
WBGene00021365.,37,151,188
WBGene00021366.,18,199,217
WBGene00021367.,5,262,267
WBGene00021368.,0,1,1
WBGene00021369.,28,121,149
WBGene00021370.,123,373,496
WBGene00021371.,17,87,104
WBGene00021372.,3,222,225
WBGene00021373.,1,0,1
WBGene00021374.,62,223,285
WBGene00021375.,30,328,358
WBGene00021376.,37,95,132
WBGene00021377.,8,354,362
WBGene00021378.,58,244,302
WBGene00021379.,3,31,34
WBGene00021380.,0,0,0
WBGene00021381.,1,0,1
WBGene00021382.,893,1131,2024
WBGene00021383.,5,9,14
WBGene00021384.,1,12,13
WBGene00021385.,0,12,12
WBGene00021386.,2,6,8
WBGene00021387.,8,83,91
WBGene00021388.,31,286,317
WBGene00021389.,5,23,28
WBGene00021390.,1,1,2
WBGene00021391.,0,98,98
WBGene00021392.,24,321,345
WBGene00021394.,44,210,254
WBGene00021395.,61,297,358
WBGene00021396.,14,62,76
WBGene00021397.,1,5,6
WBGene00021398.,0,0,0
WBGene00021400.,16,91,107
WBGene00021401.,18,327,345
WBGene00021402.,11,101,112
WBGene00021403.,0,0,0
WBGene00021404.,0,0,0
WBGene00021405.,0,0,0
WBGene00021406.,0,0,0
WBGene00021407.,0,0,0
WBGene00021408.,0,0,0
WBGene00021409.,0,0,0
WBGene00021410.,5,7,12
WBGene00021412.,4,7,11
WBGene00021413.,2,0,2
WBGene00021414.,0,0,0
WBGene00021415.,97,502,599
WBGene00021416.,24,132,156
WBGene00021417.,7,33,40
WBGene00021418.,1,12,13
WBGene00021419.,7,71,78
WBGene00021420.,31,4292,4323
WBGene00021421.,38,394,432
WBGene00021423.,199,332,531
WBGene00021425.,102,411,513
WBGene00021427.,191,6375,6566
WBGene00021428.,5,2,7
WBGene00021430.,36,50,86
WBGene00021433.,0,1,1
WBGene00021434.,1,2,3
WBGene00021435.,2,0,2
WBGene00021436.,5,21,26
WBGene00021437.,12,14,26
WBGene00021438.,7,9,16
WBGene00021439.,120,272,392
WBGene00021440.,27,125,152
WBGene00021441.,225,1329,1554
WBGene00021442.,25,163,188
WBGene00021443.,70,315,385
WBGene00021444.,96,209,305
WBGene00021446.,35,75,110
WBGene00021448.,0,3,3
WBGene00021449.,0,2,2
WBGene00021450.,3,4,7
WBGene00021451.,5,1,6
WBGene00021452.,26,126,152
WBGene00021453.,0,0,0
WBGene00021454.,0,0,0
WBGene00021456.,43,175,218
WBGene00021457.,0,3,3
WBGene00021458.,1,2,3
WBGene00021460.,25,235,260
WBGene00021461.,26,20,46
WBGene00021463.,2,1,3
WBGene00021464.,3,10,13
WBGene00021465.,2,33,35
WBGene00021466.,140,2502,2642
WBGene00021467.,21,297,318
WBGene00021468.,10,375,385
WBGene00021469.,1,654,655
WBGene00021470.,15,153,168
WBGene00021471.,1,7,8
WBGene00021472.,0,0,0
WBGene00021473.,42,25,67
WBGene00021474.,199,569,768
WBGene00021475.,238,847,1085
WBGene00021476.,18,260,278
WBGene00021477.,3,5,8
WBGene00021478.,28,155,183
WBGene00021479.,2,2,4
WBGene00021482.,24,168,192
WBGene00021483.,1,2,3
WBGene00021484.,0,1,1
WBGene00021485.,2,1,3
WBGene00021486.,290,3234,3524
WBGene00021487.,42,129,171
WBGene00021488.,0,1,1
WBGene00021489.,3,0,3
WBGene00021490.,6,16,22
WBGene00021491.,0,4,4
WBGene00021492.,12,64,76
WBGene00021493.,15,75,90
WBGene00021494.,2,8,10
WBGene00021495.,0,15,15
WBGene00021496.,3,1,4
WBGene00021497.,29,109,138
WBGene00021500.,0,1,1
WBGene00021502.,15,74,89
WBGene00021503.,4,57,61
WBGene00021504.,5,9,14
WBGene00021505.,6,8,14
WBGene00021506.,31,582,613
WBGene00021507.,152,559,711
WBGene00021508.,9,231,240
WBGene00021509.,159,695,854
WBGene00021510.,31,149,180
WBGene00021511.,9,20,29
WBGene00021512.,67,155,222
WBGene00021513.,4,5,9
WBGene00021514.,35,563,598
WBGene00021515.,15,78,93
WBGene00021516.,2,6,8
WBGene00021517.,3,2,5
WBGene00021518.,0,31,31
WBGene00021519.,0,2,2
WBGene00021520.,0,12,12
WBGene00021521.,7,36,43
WBGene00021522.,212,356,568
WBGene00021524.,11,54,65
WBGene00021525.,0,3,3
WBGene00021526.,14,35,49
WBGene00021527.,35,107,142
WBGene00021528.,63,199,262
WBGene00021529.,6,411,417
WBGene00021530.,0,0,0
WBGene00021531.,32,9,41
WBGene00021532.,146,2348,2494
WBGene00021533.,4,193,197
WBGene00021534.,256,3171,3427
WBGene00021535.,242,55,297
WBGene00021536.,17,635,652
WBGene00021537.,5,4,9
WBGene00021538.,9,121,130
WBGene00021539.,50,359,409
WBGene00021540.,12,52,64
WBGene00021541.,2,37,39
WBGene00021542.,12,0,12
WBGene00021543.,18,573,591
WBGene00021544.,61,247,308
WBGene00021545.,110,333,443
WBGene00021546.,29,188,217
WBGene00021547.,21,136,157
WBGene00021548.,26,536,562
WBGene00021549.,115,184,299
WBGene00021551.,89,589,678
WBGene00021552.,88,346,434
WBGene00021553.,1,3,4
WBGene00021554.,24,389,413
WBGene00021555.,1,12,13
WBGene00021556.,18,119,137
WBGene00021557.,0,8,8
WBGene00021558.,40,275,315
WBGene00021559.,31,187,218
WBGene00021560.,3,6,9
WBGene00021561.,79,213,292
WBGene00021562.,121,1604,1725
WBGene00021563.,33,386,419
WBGene00021564.,140,232,372
WBGene00021565.,1,2,3
WBGene00021566.,0,0,0
WBGene00021567.,0,0,0
WBGene00021568.,0,0,0
WBGene00021569.,0,0,0
WBGene00021570.,0,0,0
WBGene00021571.,0,0,0
WBGene00021572.,0,0,0
WBGene00021573.,0,0,0
WBGene00021574.,0,0,0
WBGene00021576.,0,5,5
WBGene00021578.,0,0,0
WBGene00021579.,0,0,0
WBGene00021580.,0,0,0
WBGene00021581.,1,1,2
WBGene00021582.,1,1,2
WBGene00021583.,10,10,20
WBGene00021585.,2,3,5
WBGene00021586.,1,0,1
WBGene00021587.,4,5,9
WBGene00021589.,1,591,592
WBGene00021590.,0,2,2
WBGene00021591.,0,0,0
WBGene00021592.,0,0,0
WBGene00021593.,4,0,4
WBGene00021594.,1,10,11
WBGene00021595.,44,743,787
WBGene00021596.,23,59,82
WBGene00021597.,622,538,1160
WBGene00021599.,13,31,44
WBGene00021600.,12,103,115
WBGene00021601.,4,1,5
WBGene00021602.,0,1,1
WBGene00021603.,1,4,5
WBGene00021604.,0,0,0
WBGene00021605.,4,12,16
WBGene00021606.,1,4,5
WBGene00021607.,0,50,50
WBGene00021608.,0,0,0
WBGene00021609.,0,2,2
WBGene00021610.,4,50,54
WBGene00021611.,34,92,126
WBGene00021612.,0,3,3
WBGene00021613.,42,254,296
WBGene00021614.,98,877,975
WBGene00021615.,0,1,1
WBGene00021616.,0,0,0
WBGene00021617.,0,1,1
WBGene00021619.,0,0,0
WBGene00021620.,0,0,0
WBGene00021621.,0,0,0
WBGene00021622.,0,0,0
WBGene00021623.,0,1,1
WBGene00021624.,2,15,17
WBGene00021625.,0,53,53
WBGene00021626.,26,104,130
WBGene00021627.,0,3,3
WBGene00021628.,44,408,452
WBGene00021629.,64,589,653
WBGene00021630.,0,0,0
WBGene00021631.,1,0,1
WBGene00021632.,0,0,0
WBGene00021633.,2,4,6
WBGene00021634.,39,160,199
WBGene00021635.,4,26,30
WBGene00021636.,30,185,215
WBGene00021637.,42,170,212
WBGene00021638.,81,458,539
WBGene00021639.,4,5,9
WBGene00021640.,31,42,73
WBGene00021641.,5,6,11
WBGene00021643.,21,85,106
WBGene00021644.,11,466,477
WBGene00021645.,76,200,276
WBGene00021646.,75,339,414
WBGene00021647.,163,914,1077
WBGene00021648.,1,169,170
WBGene00021649.,6,50,56
WBGene00021650.,0,0,0
WBGene00021651.,0,3,3
WBGene00021653.,0,0,0
WBGene00021654.,0,16,16
WBGene00021655.,9,157,166
WBGene00021656.,1,2,3
WBGene00021657.,27,104,131
WBGene00021658.,4,35,39
WBGene00021660.,77,570,647
WBGene00021661.,14,36,50
WBGene00021662.,0,7,7
WBGene00021664.,0,0,0
WBGene00021666.,30,221,251
WBGene00021667.,0,11,11
WBGene00021668.,4,6,10
WBGene00021671.,1,8,9
WBGene00021672.,24,14,38
WBGene00021673.,7,7,14
WBGene00021675.,7,16,23
WBGene00021676.,10,91,101
WBGene00021677.,5,149,154
WBGene00021678.,4,2,6
WBGene00021679.,6,81,87
WBGene00021681.,128,280,408
WBGene00021682.,148,276,424
WBGene00021683.,28,95,123
WBGene00021685.,241,326,567
WBGene00021686.,218,732,950
WBGene00021687.,34,158,192
WBGene00021689.,46,134,180
WBGene00021690.,4,32,36
WBGene00021691.,23,624,647
WBGene00021692.,4,79,83
WBGene00021693.,16,55,71
WBGene00021694.,7,16,23
WBGene00021697.,446,1308,1754
WBGene00021698.,105,308,413
WBGene00021700.,0,1,1
WBGene00021701.,21,20,41
WBGene00021702.,40,267,307
WBGene00021703.,0,1,1
WBGene00021704.,16,24,40
WBGene00021706.,5,5,10
WBGene00021707.,0,4,4
WBGene00021708.,0,2,2
WBGene00021709.,4,51,55
WBGene00021710.,0,7,7
WBGene00021711.,1,0,1
WBGene00021713.,0,0,0
WBGene00021714.,14,94,108
WBGene00021715.,157,714,871
WBGene00021716.,0,0,0
WBGene00021717.,0,0,0
WBGene00021718.,0,0,0
WBGene00021719.,0,0,0
WBGene00021720.,2,1,3
WBGene00021721.,0,28,28
WBGene00021722.,1,2,3
WBGene00021723.,0,0,0
WBGene00021724.,0,2,2
WBGene00021725.,10,25,35
WBGene00021726.,2,7,9
WBGene00021727.,0,0,0
WBGene00021728.,4,7,11
WBGene00021729.,0,0,0
WBGene00021730.,1,4,5
WBGene00021731.,2,12,14
WBGene00021732.,33,94,127
WBGene00021733.,98,232,330
WBGene00021734.,13,20,33
WBGene00021735.,70,249,319
WBGene00021736.,43,300,343
WBGene00021737.,2,2,4
WBGene00021738.,84,231,315
WBGene00021739.,12,227,239
WBGene00021740.,49,223,272
WBGene00021741.,5,16,21
WBGene00021743.,53,83,136
WBGene00021744.,0,0,0
WBGene00021745.,15,54,69
WBGene00021746.,0,0,0
WBGene00021747.,0,3,3
WBGene00021748.,28,128,156
WBGene00021749.,32,185,217
WBGene00021750.,8,55,63
WBGene00021751.,164,48,212
WBGene00021752.,157,103,260
WBGene00021753.,124,383,507
WBGene00021754.,295,1379,1674
WBGene00021755.,17,33,50
WBGene00021756.,93,195,288
WBGene00021757.,132,504,636
WBGene00021758.,89,259,348
WBGene00021763.,30,97,127
WBGene00021764.,17,105,122
WBGene00021765.,81,194,275
WBGene00021766.,18,146,164
WBGene00021768.,11,112,123
WBGene00021771.,80,277,357
WBGene00021772.,5,5,10
WBGene00021773.,0,2,2
WBGene00021774.,0,0,0
WBGene00021776.,42,130,172
WBGene00021778.,6,32,38
WBGene00021779.,0,0,0
WBGene00021780.,0,0,0
WBGene00021781.,21,99,120
WBGene00021783.,66,552,618
WBGene00021784.,27,438,465
WBGene00021785.,77,585,662
WBGene00021786.,1,1,2
WBGene00021787.,0,0,0
WBGene00021788.,19,6,25
WBGene00021789.,114,417,531
WBGene00021790.,0,0,0
WBGene00021791.,0,2,2
WBGene00021792.,0,0,0
WBGene00021793.,0,0,0
WBGene00021794.,0,2,2
WBGene00021795.,5,27,32
WBGene00021796.,42,294,336
WBGene00021797.,0,3,3
WBGene00021798.,2,0,2
WBGene00021799.,12,25,37
WBGene00021800.,167,3012,3179
WBGene00021801.,2,0,2
WBGene00021804.,0,8,8
WBGene00021805.,0,2,2
WBGene00021806.,0,0,0
WBGene00021807.,5,7,12
WBGene00021808.,133,405,538
WBGene00021809.,0,7,7
WBGene00021810.,117,267,384
WBGene00021811.,98,869,967
WBGene00021812.,5,121,126
WBGene00021813.,28,528,556
WBGene00021814.,5,12,17
WBGene00021815.,21,509,530
WBGene00021816.,10,361,371
WBGene00021817.,24,73,97
WBGene00021818.,144,1538,1682
WBGene00021819.,1,3,4
WBGene00021820.,112,181,293
WBGene00021821.,0,1,1
WBGene00021826.,84,761,845
WBGene00021827.,33,197,230
WBGene00021828.,72,263,335
WBGene00021829.,22,1021,1043
WBGene00021830.,35,1147,1182
WBGene00021831.,153,398,551
WBGene00021832.,4,33,37
WBGene00021833.,1,0,1
WBGene00021834.,6,264,270
WBGene00021835.,43,264,307
WBGene00021838.,69,423,492
WBGene00021839.,202,1187,1389
WBGene00021840.,42,96,138
WBGene00021841.,6,82,88
WBGene00021842.,57,241,298
WBGene00021843.,306,1303,1609
WBGene00021844.,33,671,704
WBGene00021845.,12,784,796
WBGene00021846.,34,93,127
WBGene00021847.,24,303,327
WBGene00021848.,10,46,56
WBGene00021849.,394,3696,4090
WBGene00021850.,12,43,55
WBGene00021852.,21,118,139
WBGene00021853.,0,13,13
WBGene00021854.,59,409,468
WBGene00021855.,35,200,235
WBGene00021856.,64,171,235
WBGene00021857.,324,1252,1576
WBGene00021858.,10,3,13
WBGene00021859.,1,1,2
WBGene00021860.,0,2,2
WBGene00021861.,2,7,9
WBGene00021862.,0,0,0
WBGene00021863.,15,95,110
WBGene00021864.,16,106,122
WBGene00021865.,4,4,8
WBGene00021866.,19,128,147
WBGene00021867.,47,254,301
WBGene00021868.,66,635,701
WBGene00021869.,1,15,16
WBGene00021870.,23,138,161
WBGene00021871.,20,50,70
WBGene00021872.,2,23,25
WBGene00021873.,2,0,2
WBGene00021875.,605,1925,2530
WBGene00021876.,75,400,475
WBGene00021877.,15,14,29
WBGene00021878.,3,1,4
WBGene00021879.,0,20,20
WBGene00021880.,1,0,1
WBGene00021881.,31,48,79
WBGene00021882.,211,487,698
WBGene00021883.,104,1520,1624
WBGene00021884.,0,67,67
WBGene00021885.,1,0,1
WBGene00021886.,121,36,157
WBGene00021887.,9,32,41
WBGene00021888.,65,1483,1548
WBGene00021889.,0,3,3
WBGene00021890.,169,1414,1583
WBGene00021892.,2,0,2
WBGene00021893.,345,1316,1661
WBGene00021894.,830,2438,3268
WBGene00021895.,1,9,10
WBGene00021897.,29,135,164
WBGene00021898.,0,42,42
WBGene00021899.,181,1449,1630
WBGene00021900.,31,693,724
WBGene00021901.,6,411,417
WBGene00021902.,34,132,166
WBGene00021904.,22,163,185
WBGene00021905.,21,125,146
WBGene00021906.,58,181,239
WBGene00021907.,1,1,2
WBGene00021908.,0,0,0
WBGene00021909.,8,170,178
WBGene00021910.,68,274,342
WBGene00021911.,0,3,3
WBGene00021912.,22,115,137
WBGene00021913.,11,138,149
WBGene00021914.,40,138,178
WBGene00021915.,81,211,292
WBGene00021917.,2,80,82
WBGene00021918.,20,412,432
WBGene00021919.,5,59,64
WBGene00021920.,244,1093,1337
WBGene00021921.,129,778,907
WBGene00021922.,16,340,356
WBGene00021923.,39,114,153
WBGene00021925.,69,154,223
WBGene00021926.,40,507,547
WBGene00021927.,5,101,106
WBGene00021928.,12,85,97
WBGene00021929.,8,343,351
WBGene00021930.,270,2139,2409
WBGene00021931.,14,69,83
WBGene00021932.,22,225,247
WBGene00021933.,8,149,157
WBGene00021934.,50,1954,2004
WBGene00021935.,34,226,260
WBGene00021936.,213,443,656
WBGene00021938.,39,394,433
WBGene00021939.,14,2,16
WBGene00021941.,15,29,44
WBGene00021942.,8,74,82
WBGene00021943.,48,633,681
WBGene00021945.,23,82,105
WBGene00021947.,0,4,4
WBGene00021948.,92,471,563
WBGene00021949.,1,4,5
WBGene00021950.,17,94,111
WBGene00021951.,9,15,24
WBGene00021952.,64,1364,1428
WBGene00021953.,2,8,10
WBGene00021956.,13,487,500
WBGene00021957.,0,0,0
WBGene00021958.,3,10,13
WBGene00021959.,256,1582,1838
WBGene00021960.,90,1196,1286
WBGene00021961.,0,0,0
WBGene00021963.,14,71,85
WBGene00021964.,0,0,0
WBGene00021965.,33,160,193
WBGene00021966.,1,1,2
WBGene00021967.,3,1,4
WBGene00021968.,19,14,33
WBGene00021969.,0,2,2
WBGene00021970.,3,5,8
WBGene00021971.,0,0,0
WBGene00021972.,43,106,149
WBGene00021973.,91,485,576
WBGene00021974.,127,451,578
WBGene00021975.,13,95,108
WBGene00021976.,19,85,104
WBGene00021977.,6,59,65
WBGene00021978.,0,24,24
WBGene00021979.,0,207,207
WBGene00021980.,48,97,145
WBGene00021981.,16,584,600
WBGene00021983.,34,442,476
WBGene00021984.,27,95,122
WBGene00021985.,49,506,555
WBGene00021986.,32,247,279
WBGene00021987.,0,1,1
WBGene00021988.,0,0,0
WBGene00021990.,7,5,12
WBGene00021992.,0,0,0
WBGene00021993.,0,3,3
WBGene00021994.,4,15,19
WBGene00021995.,0,0,0
WBGene00021996.,0,0,0
WBGene00021997.,0,0,0
WBGene00021998.,0,0,0
WBGene00021999.,0,0,0
WBGene00022000.,0,0,0
WBGene00022001.,1,0,1
WBGene00022002.,0,0,0
WBGene00022003.,0,0,0
WBGene00022004.,1,94,95
WBGene00022005.,0,3,3
WBGene00022006.,0,0,0
WBGene00022007.,0,0,0
WBGene00022008.,0,0,0
WBGene00022010.,48,391,439
WBGene00022011.,0,0,0
WBGene00022012.,0,9,9
WBGene00022013.,0,43,43
WBGene00022014.,58,105,163
WBGene00022015.,115,454,569
WBGene00022016.,0,5,5
WBGene00022017.,0,12,12
WBGene00022018.,1,50,51
WBGene00022019.,134,458,592
WBGene00022020.,0,0,0
WBGene00022021.,105,992,1097
WBGene00022022.,13,239,252
WBGene00022023.,0,2,2
WBGene00022024.,4,25,29
WBGene00022025.,49,413,462
WBGene00022026.,109,548,657
WBGene00022027.,280,1078,1358
WBGene00022028.,1,0,1
WBGene00022029.,31,745,776
WBGene00022030.,0,0,0
WBGene00022031.,25,183,208
WBGene00022032.,2,0,2
WBGene00022033.,13,39,52
WBGene00022034.,10,102,112
WBGene00022035.,4,13,17
WBGene00022036.,8,27,35
WBGene00022037.,14,229,243
WBGene00022038.,5,51,56
WBGene00022039.,2,10,12
WBGene00022040.,2,35,37
WBGene00022042.,7717,23504,31221
WBGene00022043.,14,117,131
WBGene00022044.,13,397,410
WBGene00022045.,242,790,1032
WBGene00022046.,5,4826,4831
WBGene00022047.,6,37,43
WBGene00022048.,389,5379,5768
WBGene00022051.,76,172,248
WBGene00022052.,17,166,183
WBGene00022053.,478,2883,3361
WBGene00022054.,21,144,165
WBGene00022055.,23,124,147
WBGene00022056.,25,113,138
WBGene00022057.,14,312,326
WBGene00022059.,587,573,1160
WBGene00022060.,3,137,140
WBGene00022061.,17,18,35
WBGene00022062.,7,10,17
WBGene00022063.,39,298,337
WBGene00022064.,1,1,2
WBGene00022066.,0,0,0
WBGene00022067.,39,148,187
WBGene00022069.,71,1876,1947
WBGene00022070.,0,2,2
WBGene00022071.,5,24,29
WBGene00022072.,1310,8873,10183
WBGene00022073.,28,133,161
WBGene00022074.,98,248,346
WBGene00022075.,232,2163,2395
WBGene00022076.,2,7,9
WBGene00022077.,37,403,440
WBGene00022078.,175,494,669
WBGene00022079.,2,0,2
WBGene00022082.,0,9,9
WBGene00022083.,0,0,0
WBGene00022085.,1,5,6
WBGene00022086.,17,18,35
WBGene00022087.,235,306,541
WBGene00022089.,860,14670,15530
WBGene00022090.,0,0,0
WBGene00022092.,169,660,829
WBGene00022093.,832,3922,4754
WBGene00022094.,0,0,0
WBGene00022095.,0,0,0
WBGene00022096.,1,3,4
WBGene00022097.,3,0,3
WBGene00022099.,184,1103,1287
WBGene00022100.,225,616,841
WBGene00022101.,7,37,44
WBGene00022102.,5,11,16
WBGene00022103.,93,104,197
WBGene00022104.,66,100,166
WBGene00022106.,52,93,145
WBGene00022107.,17,305,322
WBGene00022108.,3,10,13
WBGene00022110.,3,33,36
WBGene00022111.,0,37,37
WBGene00022112.,0,3,3
WBGene00022113.,8,33,41
WBGene00022114.,64,3720,3784
WBGene00022115.,81,422,503
WBGene00022117.,168,166,334
WBGene00022118.,61,167,228
WBGene00022119.,11,981,992
WBGene00022121.,60,212,272
WBGene00022122.,22,4354,4376
WBGene00022123.,13,115,128
WBGene00022124.,58,87,145
WBGene00022125.,45,204,249
WBGene00022126.,39,138,177
WBGene00022127.,1,3580,3581
WBGene00022128.,27,254,281
WBGene00022129.,10,122,132
WBGene00022130.,15,22,37
WBGene00022131.,55,144,199
WBGene00022133.,0,0,0
WBGene00022134.,181,602,783
WBGene00022138.,105,182,287
WBGene00022139.,61,394,455
WBGene00022140.,8,4,12
WBGene00022141.,7,279,286
WBGene00022142.,1,6,7
WBGene00022143.,0,4,4
WBGene00022144.,20,2185,2205
WBGene00022145.,1,6,7
WBGene00022146.,23,803,826
WBGene00022148.,308,697,1005
WBGene00022149.,54,6081,6135
WBGene00022150.,11,709,720
WBGene00022152.,65,280,345
WBGene00022153.,50,263,313
WBGene00022154.,10,101,111
WBGene00022155.,30,172,202
WBGene00022156.,2,7,9
WBGene00022157.,1,1,2
WBGene00022158.,25,178,203
WBGene00022159.,152,1137,1289
WBGene00022160.,3,140,143
WBGene00022161.,4,123,127
WBGene00022162.,1,0,1
WBGene00022163.,5,5,10
WBGene00022165.,59,120,179
WBGene00022166.,45,85,130
WBGene00022167.,24,164,188
WBGene00022168.,80,253,333
WBGene00022169.,190,1069,1259
WBGene00022170.,2282,12830,15112
WBGene00022171.,0,52,52
WBGene00022172.,0,30,30
WBGene00022173.,0,127,127
WBGene00022174.,55,110,165
WBGene00022175.,33,174,207
WBGene00022176.,94,313,407
WBGene00022177.,1,3,4
WBGene00022178.,5,19,24
WBGene00022179.,7,16,23
WBGene00022180.,24,778,802
WBGene00022181.,5,17,22
WBGene00022182.,73,283,356
WBGene00022185.,77,316,393
WBGene00022188.,34,352,386
WBGene00022189.,0,2,2
WBGene00022190.,8,92,100
WBGene00022191.,11,41,52
WBGene00022192.,30,336,366
WBGene00022193.,10,127,137
WBGene00022194.,301,3478,3779
WBGene00022195.,53,212,265
WBGene00022196.,13,146,159
WBGene00022197.,9,77,86
WBGene00022198.,19,87,106
WBGene00022199.,53,2368,2421
WBGene00022200.,4,43,47
WBGene00022201.,19,470,489
WBGene00022202.,44,613,657
WBGene00022203.,6,104,110
WBGene00022204.,1,7,8
WBGene00022205.,7,41,48
WBGene00022206.,9,33,42
WBGene00022207.,1,0,1
WBGene00022209.,0,0,0
WBGene00022210.,0,0,0
WBGene00022211.,28,79,107
WBGene00022213.,4,9,13
WBGene00022214.,0,12,12
WBGene00022215.,0,3,3
WBGene00022216.,1,0,1
WBGene00022217.,0,0,0
WBGene00022218.,0,0,0
WBGene00022219.,42,122,164
WBGene00022221.,72,118,190
WBGene00022222.,1,8,9
WBGene00022223.,1,1,2
WBGene00022224.,0,1,1
WBGene00022225.,3,7,10
WBGene00022227.,14,71,85
WBGene00022228.,16,42,58
WBGene00022229.,2,3,5
WBGene00022230.,956,2773,3729
WBGene00022231.,26,90,116
WBGene00022232.,50,195,245
WBGene00022233.,55,778,833
WBGene00022235.,557,13767,14324
WBGene00022236.,0,9,9
WBGene00022237.,2,1,3
WBGene00022240.,45,277,322
WBGene00022242.,88,692,780
WBGene00022243.,0,4,4
WBGene00022244.,0,28,28
WBGene00022245.,358,1721,2079
WBGene00022246.,3,66,69
WBGene00022247.,11,36,47
WBGene00022248.,80,796,876
WBGene00022249.,0,0,0
WBGene00022250.,18,104,122
WBGene00022251.,45,307,352
WBGene00022252.,3,42,45
WBGene00022253.,41,561,602
WBGene00022254.,8,313,321
WBGene00022255.,10,63,73
WBGene00022256.,0,2,2
WBGene00022257.,0,12,12
WBGene00022258.,38,203,241
WBGene00022259.,35,146,181
WBGene00022260.,44,209,253
WBGene00022261.,8,17,25
WBGene00022262.,0,1,1
WBGene00022263.,0,15,15
WBGene00022264.,0,0,0
WBGene00022265.,0,0,0
WBGene00022266.,1,0,1
WBGene00022267.,16,42,58
WBGene00022268.,106,564,670
WBGene00022269.,77,699,776
WBGene00022270.,40,145,185
WBGene00022271.,17,894,911
WBGene00022272.,1,6,7
WBGene00022273.,12,105,117
WBGene00022274.,14,77,91
WBGene00022275.,0,20,20
WBGene00022276.,41,550,591
WBGene00022277.,109,476,585
WBGene00022278.,80,180,260
WBGene00022279.,49,507,556
WBGene00022280.,24,290,314
WBGene00022281.,88,375,463
WBGene00022282.,0,0,0
WBGene00022283.,14,74,88
WBGene00022284.,27,130,157
WBGene00022285.,94,73,167
WBGene00022286.,37,143,180
WBGene00022287.,10,47,57
WBGene00022288.,6,27,33
WBGene00022289.,2,4,6
WBGene00022290.,1,2,3
WBGene00022291.,0,0,0
WBGene00022292.,0,0,0
WBGene00022295.,7,27,34
WBGene00022296.,175,292,467
WBGene00022297.,53,760,813
WBGene00022298.,0,2,2
WBGene00022300.,65,167,232
WBGene00022301.,197,404,601
WBGene00022302.,77,416,493
WBGene00022303.,0,51,51
WBGene00022306.,274,818,1092
WBGene00022307.,7,227,234
WBGene00022308.,0,0,0
WBGene00022309.,40,183,223
WBGene00022310.,46,272,318
WBGene00022311.,0,1,1
WBGene00022312.,0,2,2
WBGene00022313.,26,59,85
WBGene00022314.,46,108,154
WBGene00022315.,0,1,1
WBGene00022316.,0,0,0
WBGene00022317.,5,14,19
WBGene00022318.,0,0,0
WBGene00022319.,0,0,0
WBGene00022320.,2,0,2
WBGene00022321.,0,0,0
WBGene00022322.,0,0,0
WBGene00022323.,0,0,0
WBGene00022324.,0,4,4
WBGene00022325.,2,22,24
WBGene00022326.,7,31,38
WBGene00022327.,3,13,16
WBGene00022328.,0,1,1
WBGene00022329.,7,19,26
WBGene00022330.,1,3,4
WBGene00022331.,3,3,6
WBGene00022332.,0,0,0
WBGene00022333.,1,0,1
WBGene00022334.,2,12,14
WBGene00022335.,3,24,27
WBGene00022336.,149,63334,63483
WBGene00022337.,0,1,1
WBGene00022338.,13,10,23
WBGene00022339.,300,1550,1850
WBGene00022340.,1,3,4
WBGene00022341.,0,0,0
WBGene00022342.,0,0,0
WBGene00022343.,0,1,1
WBGene00022344.,2,4,6
WBGene00022345.,0,0,0
WBGene00022346.,0,1,1
WBGene00022347.,62,520,582
WBGene00022348.,30,650,680
WBGene00022349.,13,25,38
WBGene00022350.,65,287,352
WBGene00022351.,37,63,100
WBGene00022352.,0,6,6
WBGene00022353.,0,13,13
WBGene00022354.,87,208,295
WBGene00022356.,5,175,180
WBGene00022357.,34,169,203
WBGene00022358.,60,234,294
WBGene00022360.,66,270,336
WBGene00022361.,127,301,428
WBGene00022363.,49,205,254
WBGene00022365.,4,20,24
WBGene00022366.,88,123,211
WBGene00022367.,25,17,42
WBGene00022368.,33,269,302
WBGene00022369.,40,332,372
WBGene00022370.,38,47,85
WBGene00022371.,67,240,307
WBGene00022372.,29,57,86
WBGene00022373.,101,1284,1385
WBGene00022374.,8,55,63
WBGene00022375.,2,1,3
WBGene00022376.,120,480,600
WBGene00022377.,2,11,13
WBGene00022378.,251,785,1036
WBGene00022379.,11,78,89
WBGene00022380.,372,1704,2076
WBGene00022381.,40,352,392
WBGene00022382.,0,130,130
WBGene00022385.,6,5,11
WBGene00022386.,96,263,359
WBGene00022388.,99,219,318
WBGene00022389.,75,495,570
WBGene00022390.,27,73,100
WBGene00022391.,112,202,314
WBGene00022392.,8,18,26
WBGene00022393.,42,324,366
WBGene00022394.,32,855,887
WBGene00022395.,10,27,37
WBGene00022396.,14,273,287
WBGene00022397.,46,360,406
WBGene00022398.,22,113,135
WBGene00022399.,16,47,63
WBGene00022400.,20,470,490
WBGene00022401.,37,741,778
WBGene00022402.,15,312,327
WBGene00022403.,0,2,2
WBGene00022404.,1,3,4
WBGene00022405.,1,15,16
WBGene00022406.,2,1,3
WBGene00022407.,1,1,2
WBGene00022408.,0,2,2
WBGene00022409.,2,12,14
WBGene00022410.,4,1951,1955
WBGene00022411.,1,6,7
WBGene00022412.,21,60,81
WBGene00022413.,3,17,20
WBGene00022415.,11,119,130
WBGene00022416.,45,148,193
WBGene00022417.,14,104,118
WBGene00022418.,7,157,164
WBGene00022419.,15,78,93
WBGene00022420.,14,282,296
WBGene00022421.,2,1,3
WBGene00022423.,21,28,49
WBGene00022425.,61,273,334
WBGene00022426.,49,105,154
WBGene00022427.,53,380,433
WBGene00022428.,17,134,151
WBGene00022429.,0,0,0
WBGene00022431.,10,2,12
WBGene00022432.,0,18,18
WBGene00022433.,0,0,0
WBGene00022434.,175,243,418
WBGene00022435.,42,57,99
WBGene00022438.,0,0,0
WBGene00022439.,4,10,14
WBGene00022440.,12,14,26
WBGene00022441.,65,210,275
WBGene00022442.,0,0,0
WBGene00022443.,0,1,1
WBGene00022444.,1,0,1
WBGene00022445.,10,21,31
WBGene00022446.,0,2,2
WBGene00022447.,74,140,214
WBGene00022448.,34,249,283
WBGene00022450.,7,244,251
WBGene00022452.,0,59,59
WBGene00022453.,52,655,707
WBGene00022454.,11,6,17
WBGene00022455.,17,670,687
WBGene00022456.,29,619,648
WBGene00022457.,81,196,277
WBGene00022458.,4,546,550
WBGene00022459.,8,144,152
WBGene00022460.,62,245,307
WBGene00022462.,6,48,54
WBGene00022463.,68,397,465
WBGene00022465.,26,156,182
WBGene00022466.,20,238,258
WBGene00022467.,0,0,0
WBGene00022469.,7,35,42
WBGene00022470.,327,963,1290
WBGene00022471.,20,77,97
WBGene00022472.,259,1179,1438
WBGene00022473.,692,696,1388
WBGene00022474.,6,4,10
WBGene00022475.,36,338,374
WBGene00022476.,1,1,2
WBGene00022477.,0,2,2
WBGene00022478.,0,2,2
WBGene00022479.,1,2,3
WBGene00022481.,0,0,0
WBGene00022482.,0,2,2
WBGene00022483.,0,0,0
WBGene00022484.,1,4,5
WBGene00022485.,10,68,78
WBGene00022486.,1,3,4
WBGene00022487.,0,6,6
WBGene00022488.,32,157,189
WBGene00022489.,120,685,805
WBGene00022490.,3,2,5
WBGene00022491.,34,35,69
WBGene00022492.,26,1057,1083
WBGene00022493.,37,459,496
WBGene00022494.,0,3,3
WBGene00022495.,0,1,1
WBGene00022496.,0,61,61
WBGene00022497.,0,394,394
WBGene00022498.,3,9,12
WBGene00022499.,118,1564,1682
WBGene00022500.,95,1350,1445
WBGene00022501.,167,255,422
WBGene00022502.,17,146,163
WBGene00022503.,0,26,26
WBGene00022504.,7,17,24
WBGene00022505.,55,600,655
WBGene00022506.,3,4,7
WBGene00022507.,3,2,5
WBGene00022508.,0,3,3
WBGene00022509.,0,2,2
WBGene00022511.,0,0,0
WBGene00022512.,0,0,0
WBGene00022515.,8,205,213
WBGene00022516.,12,534,546
WBGene00022517.,56,17,73
WBGene00022518.,74,344,418
WBGene00022519.,112,427,539
WBGene00022521.,3,10,13
WBGene00022522.,9,31,40
WBGene00022526.,8,3,11
WBGene00022527.,10,12,22
WBGene00022528.,0,0,0
WBGene00022529.,1,1,2
WBGene00022530.,5,32,37
WBGene00022531.,20,182,202
WBGene00022532.,1,36,37
WBGene00022533.,8,23,31
WBGene00022534.,72,322,394
WBGene00022536.,0,0,0
WBGene00022537.,8,9,17
WBGene00022538.,23,624,647
WBGene00022539.,3,8,11
WBGene00022540.,5,8,13
WBGene00022541.,0,0,0
WBGene00022542.,0,0,0
WBGene00022544.,6,7,13
WBGene00022545.,0,2,2
WBGene00022546.,3,3,6
WBGene00022547.,0,3,3
WBGene00022548.,1,1,2
WBGene00022549.,1,4,5
WBGene00022550.,5,5,10
WBGene00022551.,0,2,2
WBGene00022552.,0,3,3
WBGene00022553.,0,0,0
WBGene00022554.,10,97,107
WBGene00022555.,0,0,0
WBGene00022556.,0,0,0
WBGene00022557.,0,1,1
WBGene00022558.,0,0,0
WBGene00022559.,0,0,0
WBGene00022560.,0,2,2
WBGene00022561.,0,0,0
WBGene00022562.,21,79,100
WBGene00022563.,0,1,1
WBGene00022564.,24,74,98
WBGene00022565.,2,7,9
WBGene00022566.,1,12,13
WBGene00022567.,9,19,28
WBGene00022568.,11,67,78
WBGene00022569.,12,124,136
WBGene00022570.,0,1,1
WBGene00022571.,0,0,0
WBGene00022572.,0,0,0
WBGene00022573.,0,1,1
WBGene00022574.,0,7,7
WBGene00022575.,0,0,0
WBGene00022576.,5,51,56
WBGene00022577.,4,27,31
WBGene00022578.,0,0,0
WBGene00022579.,112,742,854
WBGene00022580.,32,371,403
WBGene00022581.,0,0,0
WBGene00022582.,0,0,0
WBGene00022583.,147,1008,1155
WBGene00022584.,15,69,84
WBGene00022586.,0,10,10
WBGene00022587.,0,1,1
WBGene00022588.,44,119,163
WBGene00022589.,2,1,3
WBGene00022590.,0,12,12
WBGene00022591.,77,325,402
WBGene00022592.,63,186,249
WBGene00022593.,40,113,153
WBGene00022594.,0,0,0
WBGene00022596.,1,1,2
WBGene00022597.,50,274,324
WBGene00022598.,18,216,234
WBGene00022599.,1027,7131,8158
WBGene00022600.,0,0,0
WBGene00022601.,3,44,47
WBGene00022603.,45,268,313
WBGene00022604.,0,0,0
WBGene00022605.,0,4,4
WBGene00022606.,8,11,19
WBGene00022608.,43,282,325
WBGene00022609.,20,98,118
WBGene00022610.,12,70,82
WBGene00022611.,11,25,36
WBGene00022612.,9,41,50
WBGene00022613.,14,146,160
WBGene00022614.,42,326,368
WBGene00022615.,11,326,337
WBGene00022616.,0,5,5
WBGene00022617.,0,0,0
WBGene00022618.,64,827,891
WBGene00022619.,0,12,12
WBGene00022620.,55,250,305
WBGene00022621.,0,0,0
WBGene00022622.,1,1,2
WBGene00022623.,3,59,62
WBGene00022624.,12,31,43
WBGene00022627.,3,4,7
WBGene00022628.,5,5,10
WBGene00022629.,6,91,97
WBGene00022630.,0,5,5
WBGene00022631.,7,42,49
WBGene00022632.,4,3,7
WBGene00022633.,11,100,111
WBGene00022634.,0,0,0
WBGene00022635.,18,146,164
WBGene00022636.,0,1,1
WBGene00022637.,1,0,1
WBGene00022638.,0,0,0
WBGene00022639.,1,0,1
WBGene00022640.,0,0,0
WBGene00022641.,1,1,2
WBGene00022642.,12,36,48
WBGene00022643.,1,6,7
WBGene00022644.,9,70,79
WBGene00022645.,16,61,77
WBGene00022646.,1,273,274
WBGene00022647.,25,184,209
WBGene00022648.,27,111,138
WBGene00022649.,4,22,26
WBGene00022650.,43,44,87
WBGene00022651.,1,2,3
WBGene00022652.,0,2,2
WBGene00022653.,4,6,10
WBGene00022654.,0,0,0
WBGene00022655.,3,5,8
WBGene00022656.,1,24,25
WBGene00022657.,6,277,283
WBGene00022658.,0,1,1
WBGene00022660.,0,2,2
WBGene00022661.,6,45,51
WBGene00022662.,1,4,5
WBGene00022663.,48,306,354
WBGene00022664.,13,457,470
WBGene00022665.,19,100,119
WBGene00022666.,27,313,340
WBGene00022667.,63,282,345
WBGene00022668.,57,327,384
WBGene00022669.,0,0,0
WBGene00022670.,0,0,0
WBGene00022671.,0,5,5
WBGene00022672.,66,195,261
WBGene00022673.,15,144,159
WBGene00022674.,0,0,0
WBGene00022675.,262,468,730
WBGene00022677.,18,165,183
WBGene00022678.,50,1568,1618
WBGene00022679.,0,26,26
WBGene00022680.,0,6,6
WBGene00022681.,7,34,41
WBGene00022682.,9,39,48
WBGene00022683.,31,124,155
WBGene00022685.,0,2,2
WBGene00022688.,0,0,0
WBGene00022689.,0,0,0
WBGene00022690.,1,0,1
WBGene00022691.,0,1,1
WBGene00022694.,31,143,174
WBGene00022695.,58,219,277
WBGene00022696.,12,46,58
WBGene00022697.,28,437,465
WBGene00022698.,1,5,6
WBGene00022699.,0,2,2
WBGene00022700.,4,29,33
WBGene00022702.,0,153,153
WBGene00022703.,72,443,515
WBGene00022704.,26,177,203
WBGene00022705.,3,15,18
WBGene00022706.,11,40,51
WBGene00022707.,0,1,1
WBGene00022708.,1,2,3
WBGene00022709.,4,21,25
WBGene00022710.,1,5,6
WBGene00022711.,4,0,4
WBGene00022712.,3,31,34
WBGene00022713.,0,0,0
WBGene00022714.,0,0,0
WBGene00022715.,1,5,6
WBGene00022716.,0,0,0
WBGene00022717.,26,279,305
WBGene00022718.,54,573,627
WBGene00022719.,30,477,507
WBGene00022720.,28,138,166
WBGene00022721.,11,146,157
WBGene00022722.,65,678,743
WBGene00022723.,1,2,3
WBGene00022724.,0,2,2
WBGene00022725.,2,4,6
WBGene00022726.,0,0,0
WBGene00022727.,16,188,204
WBGene00022728.,0,0,0
WBGene00022729.,0,0,0
WBGene00022730.,35,111,146
WBGene00022731.,1,6,7
WBGene00022732.,2,16,18
WBGene00022733.,21,24,45
WBGene00022734.,43,673,716
WBGene00022735.,4,16,20
WBGene00022736.,23,142,165
WBGene00022737.,1,60,61
WBGene00022738.,113,1261,1374
WBGene00022739.,125,668,793
WBGene00022741.,5,4,9
WBGene00022742.,78,543,621
WBGene00022743.,30,203,233
WBGene00022744.,14,44,58
WBGene00022745.,346,2335,2681
WBGene00022746.,0,0,0
WBGene00022747.,1,12,13
WBGene00022748.,160,6145,6305
WBGene00022749.,34,550,584
WBGene00022750.,162,487,649
WBGene00022751.,0,0,0
WBGene00022752.,10,60,70
WBGene00022753.,2,1,3
WBGene00022754.,0,1,1
WBGene00022755.,0,10,10
WBGene00022756.,1,17,18
WBGene00022757.,0,1,1
WBGene00022758.,0,0,0
WBGene00022759.,4,491,495
WBGene00022760.,0,8,8
WBGene00022761.,0,7,7
WBGene00022762.,12,89,101
WBGene00022763.,0,1,1
WBGene00022765.,255,1494,1749
WBGene00022766.,37,682,719
WBGene00022767.,5,85,90
WBGene00022769.,13,164,177
WBGene00022770.,15,182,197
WBGene00022771.,37,133,170
WBGene00022772.,9,24,33
WBGene00022773.,49,154,203
WBGene00022774.,22,513,535
WBGene00022775.,1,23,24
WBGene00022776.,10,743,753
WBGene00022778.,0,0,0
WBGene00022780.,0,4,4
WBGene00022781.,19,1154,1173
WBGene00022782.,34,261,295
WBGene00022783.,242,1197,1439
WBGene00022785.,28,321,349
WBGene00022786.,4,168,172
WBGene00022787.,21,239,260
WBGene00022788.,9,225,234
WBGene00022789.,1,9,10
WBGene00022790.,14,54,68
WBGene00022791.,158,737,895
WBGene00022792.,34,315,349
WBGene00022793.,31,1451,1482
WBGene00022794.,120,781,901
WBGene00022795.,2,16,18
WBGene00022796.,28,129,157
WBGene00022797.,5,110,115
WBGene00022798.,50,534,584
WBGene00022799.,0,1,1
WBGene00022800.,33,350,383
WBGene00022801.,41,1054,1095
WBGene00022802.,13,97,110
WBGene00022803.,23,159,182
WBGene00022804.,0,4,4
WBGene00022805.,44,251,295
WBGene00022806.,0,0,0
WBGene00022807.,0,2,2
WBGene00022808.,1,5,6
WBGene00022809.,0,1,1
WBGene00022810.,6,85,91
WBGene00022811.,13,7,20
WBGene00022812.,46,331,377
WBGene00022813.,40,124,164
WBGene00022814.,20,101,121
WBGene00022815.,2,15,17
WBGene00022816.,92,670,762
WBGene00022817.,152,1197,1349
WBGene00022818.,0,0,0
WBGene00022820.,0,3,3
WBGene00022821.,0,0,0
WBGene00022822.,1,3,4
WBGene00022823.,15,447,462
WBGene00022824.,5,39,44
WBGene00022825.,20,104,124
WBGene00022826.,0,0,0
WBGene00022827.,4,9,13
WBGene00022829.,12,27,39
WBGene00022830.,18,115,133
WBGene00022831.,47,280,327
WBGene00022832.,39,428,467
WBGene00022833.,0,1,1
WBGene00022834.,0,37,37
WBGene00022835.,31,144,175
WBGene00022836.,46,406,452
WBGene00022837.,30,114,144
WBGene00022838.,3,15,18
WBGene00022840.,0,0,0
WBGene00022842.,10,69,79
WBGene00022843.,3,12,15
WBGene00022845.,0,7,7
WBGene00022846.,8,2,10
WBGene00022847.,13,32,45
WBGene00022848.,9,111,120
WBGene00022849.,5,16,21
WBGene00022850.,96,212,308
WBGene00022851.,39,492,531
WBGene00022852.,2,427,429
WBGene00022853.,0,657,657
WBGene00022854.,2,27,29
WBGene00022855.,21,560,581
WBGene00022856.,12,2203,2215
WBGene00022857.,3,85,88
WBGene00022858.,7,9,16
WBGene00022861.,1614,161,1775
WBGene00022862.,10,225,235
WBGene00022864.,68,966,1034
WBGene00022865.,55,373,428
WBGene00022866.,0,1,1
WBGene00022867.,3,9,12
WBGene00022868.,5,37,42
WBGene00022869.,0,1,1
WBGene00022870.,0,2,2
WBGene00022871.,0,10,10
WBGene00022872.,0,0,0
WBGene00022873.,0,4,4
WBGene00022874.,8,20,28
WBGene00022875.,0,0,0
WBGene00022876.,0,1,1
WBGene00022877.,0,0,0
WBGene00022880.,24,115,139
WBGene00022881.,5,147,152
WBGene00022882.,12,96,108
WBGene00022883.,9,74,83
WBGene00022884.,0,1,1
WBGene00022885.,29,156,185
WBGene00022886.,2,0,2
WBGene00022887.,20,170,190
WBGene00022888.,1,0,1
WBGene00022889.,0,0,0
WBGene00022890.,0,0,0
WBGene00022891.,1,4,5
WBGene00022892.,0,0,0
WBGene00022893.,2,21,23
WBGene00022894.,0,0,0
WBGene00022895.,0,0,0
WBGene00022896.,0,0,0
WBGene00022897.,0,0,0
WBGene00022898.,0,0,0
WBGene00022899.,0,0,0
WBGene00022900.,0,0,0
WBGene00022901.,0,0,0
WBGene00022902.,0,0,0
WBGene00022903.,0,0,0
WBGene00022904.,0,0,0
WBGene00022905.,0,0,0
WBGene00022906.,0,0,0
WBGene00022907.,0,0,0
WBGene00022908.,0,0,0
WBGene00022909.,0,0,0
WBGene00022910.,0,0,0
WBGene00022911.,0,0,0
WBGene00022912.,0,0,0
WBGene00022913.,0,0,0
WBGene00022914.,0,0,0
WBGene00022915.,0,0,0
WBGene00022916.,0,1,1
WBGene00022917.,0,11,11
WBGene00022918.,0,0,0
WBGene00022919.,0,3,3
WBGene00022920.,0,0,0
WBGene00022921.,0,0,0
WBGene00022922.,0,6,6
WBGene00022923.,0,0,0
WBGene00022924.,0,0,0
WBGene00022925.,0,0,0
WBGene00022926.,0,4,4
WBGene00022927.,0,0,0
WBGene00022928.,0,0,0
WBGene00022929.,0,0,0
WBGene00022930.,0,0,0
WBGene00022931.,0,0,0
WBGene00022932.,0,16,16
WBGene00022933.,0,0,0
WBGene00022934.,0,0,0
WBGene00022935.,0,0,0
WBGene00022936.,0,1,1
WBGene00022937.,0,0,0
WBGene00022938.,0,0,0
WBGene00022939.,0,0,0
WBGene00022940.,0,0,0
WBGene00022941.,0,0,0
WBGene00022942.,0,0,0
WBGene00022943.,0,1,1
WBGene00022944.,0,0,0
WBGene00022945.,0,0,0
WBGene00022946.,0,0,0
WBGene00022947.,0,0,0
WBGene00022948.,0,0,0
WBGene00022949.,0,0,0
WBGene00022950.,0,6,6
WBGene00022951.,0,35895,35895
WBGene00022952.,0,1,1
WBGene00022953.,0,0,0
WBGene00022954.,0,0,0
WBGene00022955.,0,0,0
WBGene00022956.,0,10,10
WBGene00022957.,0,0,0
WBGene00022958.,0,0,0
WBGene00022959.,0,0,0
WBGene00022960.,0,0,0
WBGene00022961.,0,0,0
WBGene00022962.,0,4,4
WBGene00022963.,0,0,0
WBGene00022964.,0,0,0
WBGene00022965.,0,0,0
WBGene00022966.,0,0,0
WBGene00022967.,0,0,0
WBGene00022968.,0,0,0
WBGene00022969.,0,0,0
WBGene00022970.,0,34,34
WBGene00022971.,0,0,0
WBGene00022972.,0,0,0
WBGene00022973.,0,0,0
WBGene00022974.,0,0,0
WBGene00022975.,0,0,0
WBGene00022976.,0,0,0
WBGene00022977.,0,0,0
WBGene00022978.,0,0,0
WBGene00022979.,0,0,0
WBGene00022980.,0,0,0
WBGene00022981.,0,0,0
WBGene00022982.,0,9,9
WBGene00022983.,0,22,22
WBGene00022984.,0,0,0
WBGene00022985.,0,0,0
WBGene00022986.,0,0,0
WBGene00022987.,0,0,0
WBGene00022988.,0,0,0
WBGene00022989.,0,0,0
WBGene00022990.,0,0,0
WBGene00022991.,0,0,0
WBGene00022992.,0,0,0
WBGene00022993.,0,0,0
WBGene00022994.,0,0,0
WBGene00022995.,0,0,0
WBGene00022996.,0,0,0
WBGene00022997.,0,0,0
WBGene00022998.,1,0,1
WBGene00022999.,0,0,0
WBGene00023000.,0,0,0
WBGene00023001.,0,0,0
WBGene00023002.,0,0,0
WBGene00023003.,0,0,0
WBGene00023004.,0,0,0
WBGene00023005.,0,0,0
WBGene00023006.,0,0,0
WBGene00023007.,0,0,0
WBGene00023008.,0,0,0
WBGene00023009.,0,0,0
WBGene00023010.,0,0,0
WBGene00023011.,0,0,0
WBGene00023012.,0,0,0
WBGene00023013.,0,0,0
WBGene00023014.,0,0,0
WBGene00023015.,0,0,0
WBGene00023016.,0,0,0
WBGene00023017.,0,0,0
WBGene00023018.,0,0,0
WBGene00023019.,0,0,0
WBGene00023020.,0,69,69
WBGene00023021.,0,214,214
WBGene00023022.,0,0,0
WBGene00023023.,0,0,0
WBGene00023024.,0,0,0
WBGene00023025.,0,0,0
WBGene00023026.,0,0,0
WBGene00023027.,0,0,0
WBGene00023028.,0,0,0
WBGene00023029.,0,0,0
WBGene00023030.,0,0,0
WBGene00023031.,0,0,0
WBGene00023032.,0,0,0
WBGene00023033.,0,0,0
WBGene00023034.,0,0,0
WBGene00023035.,0,0,0
WBGene00023036.,89,334,423
WBGene00023037.,0,0,0
WBGene00023038.,0,0,0
WBGene00023039.,3,7,10
WBGene00023040.,0,0,0
WBGene00023041.,0,0,0
WBGene00023042.,0,0,0
WBGene00023043.,0,0,0
WBGene00023044.,0,0,0
WBGene00023045.,0,0,0
WBGene00023046.,0,0,0
WBGene00023047.,0,0,0
WBGene00023048.,0,0,0
WBGene00023049.,0,0,0
WBGene00023050.,0,0,0
WBGene00023051.,0,0,0
WBGene00023052.,0,0,0
WBGene00023053.,0,0,0
WBGene00023054.,0,0,0
WBGene00023055.,0,0,0
WBGene00023056.,0,0,0
WBGene00023057.,0,0,0
WBGene00023058.,0,0,0
WBGene00023059.,0,0,0
WBGene00023060.,0,3,3
WBGene00023061.,0,0,0
WBGene00023062.,0,0,0
WBGene00023063.,0,0,0
WBGene00023064.,0,0,0
WBGene00023065.,0,0,0
WBGene00023066.,0,34,34
WBGene00023067.,3180,6327,9507
WBGene00023068.,85433,147843,233276
WBGene00023069.,0,146,146
WBGene00023070.,0,1,1
WBGene00023071.,0,0,0
WBGene00023072.,0,0,0
WBGene00023073.,0,0,0
WBGene00023074.,0,0,0
WBGene00023075.,0,0,0
WBGene00023076.,0,0,0
WBGene00023077.,0,0,0
WBGene00023078.,0,0,0
WBGene00023079.,0,0,0
WBGene00023080.,0,0,0
WBGene00023081.,0,0,0
WBGene00023082.,0,0,0
WBGene00023083.,0,43,43
WBGene00023084.,0,0,0
WBGene00023085.,0,0,0
WBGene00023086.,0,0,0
WBGene00023087.,0,0,0
WBGene00023088.,0,0,0
WBGene00023089.,0,0,0
WBGene00023090.,0,0,0
WBGene00023091.,0,0,0
WBGene00023092.,0,0,0
WBGene00023093.,0,0,0
WBGene00023094.,0,0,0
WBGene00023095.,0,0,0
WBGene00023096.,0,0,0
WBGene00023097.,0,0,0
WBGene00023098.,0,0,0
WBGene00023099.,0,0,0
WBGene00023100.,0,2,2
WBGene00023101.,0,0,0
WBGene00023102.,0,0,0
WBGene00023103.,0,0,0
WBGene00023104.,3,3,6
WBGene00023105.,0,0,0
WBGene00023106.,0,0,0
WBGene00023107.,0,0,0
WBGene00023108.,0,0,0
WBGene00023109.,0,0,0
WBGene00023110.,0,0,0
WBGene00023111.,0,0,0
WBGene00023112.,0,0,0
WBGene00023113.,0,2,2
WBGene00023115.,0,0,0
WBGene00023116.,0,0,0
WBGene00023117.,0,0,0
WBGene00023118.,0,0,0
WBGene00023119.,0,0,0
WBGene00023120.,0,0,0
WBGene00023121.,0,0,0
WBGene00023122.,0,0,0
WBGene00023123.,0,0,0
WBGene00023124.,0,0,0
WBGene00023125.,0,0,0
WBGene00023126.,0,0,0
WBGene00023127.,0,0,0
WBGene00023128.,0,0,0
WBGene00023129.,0,0,0
WBGene00023130.,0,0,0
WBGene00023131.,0,2,2
WBGene00023132.,0,0,0
WBGene00023133.,0,0,0
WBGene00023134.,0,0,0
WBGene00023135.,0,0,0
WBGene00023136.,0,0,0
WBGene00023137.,0,0,0
WBGene00023138.,0,0,0
WBGene00023139.,0,0,0
WBGene00023140.,0,0,0
WBGene00023141.,0,0,0
WBGene00023142.,0,2,2
WBGene00023143.,0,0,0
WBGene00023144.,0,0,0
WBGene00023145.,0,0,0
WBGene00023146.,0,0,0
WBGene00023147.,0,0,0
WBGene00023148.,0,0,0
WBGene00023149.,0,0,0
WBGene00023150.,0,1,1
WBGene00023151.,0,0,0
WBGene00023152.,0,0,0
WBGene00023153.,0,0,0
WBGene00023154.,0,0,0
WBGene00023155.,0,0,0
WBGene00023156.,0,0,0
WBGene00023157.,0,0,0
WBGene00023158.,0,0,0
WBGene00023159.,0,0,0
WBGene00023160.,0,0,0
WBGene00023161.,0,0,0
WBGene00023162.,0,3,3
WBGene00023163.,0,0,0
WBGene00023164.,0,0,0
WBGene00023165.,0,0,0
WBGene00023166.,0,0,0
WBGene00023167.,0,0,0
WBGene00023168.,0,0,0
WBGene00023169.,0,0,0
WBGene00023170.,0,0,0
WBGene00023171.,0,0,0
WBGene00023172.,10,25,35
WBGene00023173.,0,0,0
WBGene00023174.,0,2,2
WBGene00023175.,0,0,0
WBGene00023176.,0,0,0
WBGene00023177.,0,0,0
WBGene00023178.,0,0,0
WBGene00023179.,0,0,0
WBGene00023180.,0,0,0
WBGene00023181.,0,0,0
WBGene00023182.,0,0,0
WBGene00023183.,0,10,10
WBGene00023184.,0,0,0
WBGene00023185.,0,0,0
WBGene00023186.,0,0,0
WBGene00023187.,0,0,0
WBGene00023188.,0,0,0
WBGene00023189.,0,0,0
WBGene00023190.,0,0,0
WBGene00023191.,1,3,4
WBGene00023192.,0,0,0
WBGene00023193.,0,30,30
WBGene00023194.,0,0,0
WBGene00023195.,0,0,0
WBGene00023196.,0,0,0
WBGene00023197.,0,0,0
WBGene00023198.,0,0,0
WBGene00023199.,0,0,0
WBGene00023200.,0,0,0
WBGene00023201.,0,0,0
WBGene00023202.,0,0,0
WBGene00023203.,0,0,0
WBGene00023204.,0,0,0
WBGene00023205.,0,6,6
WBGene00023206.,0,0,0
WBGene00023207.,0,0,0
WBGene00023208.,0,0,0
WBGene00023209.,35,6871,6906
WBGene00023210.,0,0,0
WBGene00023211.,0,0,0
WBGene00023212.,0,0,0
WBGene00023213.,0,0,0
WBGene00023214.,0,0,0
WBGene00023215.,0,0,0
WBGene00023216.,0,0,0
WBGene00023217.,0,0,0
WBGene00023218.,0,0,0
WBGene00023219.,0,0,0
WBGene00023220.,0,0,0
WBGene00023221.,0,0,0
WBGene00023222.,0,0,0
WBGene00023223.,4,37,41
WBGene00023224.,0,1,1
WBGene00023225.,0,0,0
WBGene00023226.,0,1,1
WBGene00023227.,0,0,0
WBGene00023228.,0,0,0
WBGene00023229.,0,0,0
WBGene00023230.,0,0,0
WBGene00023231.,0,0,0
WBGene00023232.,0,0,0
WBGene00023233.,0,2,2
WBGene00023234.,0,0,0
WBGene00023235.,0,0,0
WBGene00023236.,0,0,0
WBGene00023237.,0,0,0
WBGene00023238.,0,0,0
WBGene00023239.,4,5,9
WBGene00023240.,0,0,0
WBGene00023241.,0,2,2
WBGene00023242.,0,0,0
WBGene00023243.,1,0,1
WBGene00023244.,0,2,2
WBGene00023245.,2,44,46
WBGene00023246.,0,1,1
WBGene00023247.,0,0,0
WBGene00023248.,1,1,2
WBGene00023249.,0,1,1
WBGene00023250.,0,0,0
WBGene00023251.,0,0,0
WBGene00023252.,0,18,18
WBGene00023253.,0,0,0
WBGene00023254.,0,0,0
WBGene00023255.,0,0,0
WBGene00023256.,0,0,0
WBGene00023257.,0,0,0
WBGene00023259.,0,0,0
WBGene00023260.,0,0,0
WBGene00023262.,0,0,0
WBGene00023263.,0,6070,6070
WBGene00023264.,5,0,5
WBGene00023265.,0,0,0
WBGene00023266.,0,0,0
WBGene00023267.,0,0,0
WBGene00023268.,0,0,0
WBGene00023269.,0,0,0
WBGene00023270.,1,3,4
WBGene00023271.,0,7,7
WBGene00023272.,0,1,1
WBGene00023273.,0,1,1
WBGene00023274.,1,0,1
WBGene00023275.,0,0,0
WBGene00023276.,0,6,6
WBGene00023277.,0,10,10
WBGene00023278.,0,0,0
WBGene00023279.,0,7,7
WBGene00023281.,0,5,5
WBGene00023282.,0,0,0
WBGene00023283.,0,0,0
WBGene00023284.,0,61,61
WBGene00023285.,0,0,0
WBGene00023287.,0,0,0
WBGene00023288.,0,2,2
WBGene00023289.,0,0,0
WBGene00023290.,0,0,0
WBGene00023291.,0,0,0
WBGene00023293.,0,6,6
WBGene00023294.,0,1,1
WBGene00023295.,0,0,0
WBGene00023296.,0,0,0
WBGene00023297.,0,0,0
WBGene00023298.,0,0,0
WBGene00023299.,0,0,0
WBGene00023300.,0,0,0
WBGene00023301.,1,0,1
WBGene00023302.,1,13,14
WBGene00023303.,0,1,1
WBGene00023304.,0,0,0
WBGene00023305.,0,1,1
WBGene00023306.,0,1,1
WBGene00023307.,0,0,0
WBGene00023308.,21,12,33
WBGene00023309.,0,0,0
WBGene00023310.,0,0,0
WBGene00023311.,0,0,0
WBGene00023312.,0,0,0
WBGene00023313.,0,5,5
WBGene00023314.,0,10,10
WBGene00023315.,0,0,0
WBGene00023316.,0,0,0
WBGene00023317.,0,0,0
WBGene00023318.,1,29,30
WBGene00023319.,0,2,2
WBGene00023320.,0,3,3
WBGene00023321.,0,1,1
WBGene00023322.,0,0,0
WBGene00023323.,3,31,34
WBGene00023324.,0,0,0
WBGene00023325.,1,2,3
WBGene00023326.,1,1,2
WBGene00023327.,0,0,0
WBGene00023328.,0,0,0
WBGene00023329.,0,0,0
WBGene00023330.,1,6,7
WBGene00023331.,0,0,0
WBGene00023332.,0,0,0
WBGene00023333.,0,0,0
WBGene00023334.,0,0,0
WBGene00023335.,1,0,1
WBGene00023336.,0,0,0
WBGene00023337.,0,0,0
WBGene00023338.,0,0,0
WBGene00023339.,0,0,0
WBGene00023340.,0,0,0
WBGene00023341.,0,0,0
WBGene00023342.,0,0,0
WBGene00023343.,0,0,0
WBGene00023344.,0,0,0
WBGene00023345.,0,0,0
WBGene00023346.,0,0,0
WBGene00023348.,0,5,5
WBGene00023349.,0,2,2
WBGene00023351.,0,2,2
WBGene00023352.,0,0,0
WBGene00023353.,0,0,0
WBGene00023354.,0,0,0
WBGene00023355.,34,15,49
WBGene00023356.,0,0,0
WBGene00023357.,0,0,0
WBGene00023358.,0,0,0
WBGene00023359.,0,0,0
WBGene00023360.,0,0,0
WBGene00023361.,0,0,0
WBGene00023362.,0,0,0
WBGene00023363.,0,0,0
WBGene00023364.,0,15,15
WBGene00023365.,0,0,0
WBGene00023366.,0,0,0
WBGene00023367.,0,0,0
WBGene00023368.,0,0,0
WBGene00023369.,0,0,0
WBGene00023370.,0,0,0
WBGene00023371.,0,0,0
WBGene00023372.,0,0,0
WBGene00023373.,0,1,1
WBGene00023375.,0,0,0
WBGene00023376.,0,4,4
WBGene00023377.,0,1,1
WBGene00023378.,0,0,0
WBGene00023379.,0,0,0
WBGene00023380.,0,0,0
WBGene00023381.,0,1,1
WBGene00023382.,0,0,0
WBGene00023383.,0,0,0
WBGene00023384.,0,0,0
WBGene00023385.,0,0,0
WBGene00023386.,0,0,0
WBGene00023387.,0,0,0
WBGene00023388.,0,0,0
WBGene00023389.,0,0,0
WBGene00023390.,0,1,1
WBGene00023391.,0,0,0
WBGene00023392.,0,0,0
WBGene00023393.,0,0,0
WBGene00023394.,0,0,0
WBGene00023395.,0,5,5
WBGene00023396.,0,1,1
WBGene00023397.,0,1,1
WBGene00023398.,0,0,0
WBGene00023399.,0,1,1
WBGene00023400.,0,0,0
WBGene00023401.,0,1420,1420
WBGene00023402.,0,0,0
WBGene00023404.,5,61,66
WBGene00023405.,43,335,378
WBGene00023407.,22,220,242
WBGene00023408.,43,2530,2573
WBGene00023409.,47,283,330
WBGene00023410.,1,0,1
WBGene00023411.,0,2,2
WBGene00023413.,1,9,10
WBGene00023414.,37,140,177
WBGene00023415.,5,21,26
WBGene00023416.,50,312,362
WBGene00023417.,15,154,169
WBGene00023418.,5,165,170
WBGene00023419.,63,664,727
WBGene00023420.,0,3,3
WBGene00023421.,19,132,151
WBGene00023422.,104,495,599
WBGene00023423.,1,14,15
WBGene00023424.,1,3,4
WBGene00023425.,0,3,3
WBGene00023427.,5,7,12
WBGene00023428.,0,0,0
WBGene00023429.,0,0,0
WBGene00023430.,0,0,0
WBGene00023431.,207,463,670
WBGene00023432.,6,27,33
WBGene00023450.,59,146,205
WBGene00023451.,1,15,16
WBGene00023452.,0,0,0
WBGene00023453.,0,1,1
WBGene00023454.,0,0,0
WBGene00023455.,0,0,0
WBGene00023456.,0,0,0
WBGene00023457.,0,0,0
WBGene00023458.,4,380,384
WBGene00023459.,1,1,2
WBGene00023460.,16,80,96
WBGene00023461.,0,0,0
WBGene00023462.,1,0,1
WBGene00023463.,0,0,0
WBGene00023464.,0,1,1
WBGene00023465.,0,3,3
WBGene00023466.,0,0,0
WBGene00023467.,0,0,0
WBGene00023468.,0,0,0
WBGene00023469.,0,0,0
WBGene00023470.,0,0,0
WBGene00023471.,2,1,3
WBGene00023472.,9,72,81
WBGene00023474.,0,5,5
WBGene00023475.,3,0,3
WBGene00023476.,0,1,1
WBGene00023477.,0,185,185
WBGene00023478.,0,2,2
WBGene00023479.,0,0,0
WBGene00023480.,1,4,5
WBGene00023481.,0,0,0
WBGene00023482.,0,0,0
WBGene00023483.,0,0,0
WBGene00023484.,0,1,1
WBGene00023485.,0,1,1
WBGene00023486.,1,66,67
WBGene00023487.,97,1286,1383
WBGene00023488.,14,0,14
WBGene00023489.,81,34,115
WBGene00023490.,3,12,15
WBGene00023491.,32,186,218
WBGene00023492.,0,5,5
WBGene00023493.,1,46,47
WBGene00023497.,31,184,215
WBGene00023498.,7,151,158
WBGene00023499.,0,3,3
WBGene00023500.,73,354,427
WBGene00023501.,2,7,9
WBGene00023502.,82,197,279
WBGene00023503.,2,6,8
WBGene00023504.,63,223,286
WBGene00023505.,0,0,0
WBGene00023506.,0,6,6
WBGene00023507.,0,0,0
WBGene00023508.,0,0,0
WBGene00023509.,0,0,0
WBGene00023510.,0,0,0
WBGene00023511.,0,0,0
WBGene00023512.,0,0,0
WBGene00023513.,1,0,1
WBGene00023514.,1,1,2
WBGene00023515.,38,29,67
WBGene00023516.,0,0,0
WBGene00023517.,0,4,4
WBGene00023518.,0,0,0
WBGene00023519.,0,6,6
WBGene00023520.,4,99,103
WBGene00043049.,1,15,16
WBGene00043050.,146,587,733
WBGene00043051.,27,115,142
WBGene00043052.,0,0,0
WBGene00043053.,92,1,93
WBGene00043054.,4,39,43
WBGene00043055.,0,0,0
WBGene00043056.,30,60,90
WBGene00043057.,16,158,174
WBGene00043058.,0,0,0
WBGene00043059.,1,3,4
WBGene00043060.,125,418,543
WBGene00043061.,8,7,15
WBGene00043062.,1,40,41
WBGene00043064.,10,861,871
WBGene00043065.,3,19,22
WBGene00043066.,5,16,21
WBGene00043067.,14,86,100
WBGene00043068.,9,33,42
WBGene00043069.,7,13,20
WBGene00043097.,51,783,834
WBGene00043120.,10,36,46
WBGene00043147.,0,6,6
WBGene00043156.,28,91,119
WBGene00043187.,0,0,0
WBGene00043239.,5,0,5
WBGene00043279.,29,114,143
WBGene00043283.,0,0,0
WBGene00043297.,97,511,608
WBGene00043302.,123,1201,1324
WBGene00043308.,3,45,48
WBGene00043327.,0,0,0
WBGene00043328.,0,0,0
WBGene00043466.,0,0,0
WBGene00043469.,0,0,0
WBGene00043534.,14,21,35
WBGene00043666.,0,6,6
WBGene00043702.,0,8,8
WBGene00043705.,6,12,18
WBGene00043743.,0,0,0
WBGene00043948.,0,2,2
WBGene00043952.,17,12,29
WBGene00043980.,0,0,0
WBGene00043981.,1,2,3
WBGene00043982.,38,475,513
WBGene00043983.,9,70,79
WBGene00043984.,0,1,1
WBGene00043985.,11,86,97
WBGene00043986.,1,0,1
WBGene00043987.,0,0,0
WBGene00043988.,1,5,6
WBGene00043989.,0,0,0
WBGene00043990.,0,0,0
WBGene00043991.,0,0,0
WBGene00043992.,19,40,59
WBGene00043993.,0,30,30
WBGene00043994.,4,162,166
WBGene00043995.,29,44,73
WBGene00043996.,45,15,60
WBGene00043997.,14,39,53
WBGene00043998.,1,14,15
WBGene00044000.,0,3,3
WBGene00044001.,33,422,455
WBGene00044002.,0,0,0
WBGene00044003.,0,0,0
WBGene00044004.,0,3,3
WBGene00044005.,0,0,0
WBGene00044006.,53,332,385
WBGene00044007.,66,333,399
WBGene00044008.,46,304,350
WBGene00044009.,14,38,52
WBGene00044011.,0,10,10
WBGene00044012.,0,0,0
WBGene00044013.,1,0,1
WBGene00044014.,0,0,0
WBGene00044015.,0,8,8
WBGene00044016.,2,17,19
WBGene00044018.,0,0,0
WBGene00044019.,17,95,112
WBGene00044020.,1,11,12
WBGene00044021.,10,54,64
WBGene00044022.,0,0,0
WBGene00044024.,1,4,5
WBGene00044025.,41,278,319
WBGene00044026.,28,1079,1107
WBGene00044027.,1,4,5
WBGene00044028.,2,30,32
WBGene00044029.,30,306,336
WBGene00044030.,0,0,0
WBGene00044031.,0,0,0
WBGene00044032.,1,16,17
WBGene00044034.,0,3,3
WBGene00044035.,2,15,17
WBGene00044036.,0,0,0
WBGene00044037.,0,0,0
WBGene00044038.,7,7,14
WBGene00044040.,0,0,0
WBGene00044041.,3,1,4
WBGene00044042.,0,0,0
WBGene00044043.,0,14,14
WBGene00044044.,0,0,0
WBGene00044045.,14,24,38
WBGene00044046.,0,0,0
WBGene00044047.,0,4,4
WBGene00044048.,2,4,6
WBGene00044049.,609,1306,1915
WBGene00044051.,0,1,1
WBGene00044052.,0,0,0
WBGene00044053.,1,26,27
WBGene00044054.,1,0,1
WBGene00044056.,0,1,1
WBGene00044057.,0,0,0
WBGene00044058.,12,28,40
WBGene00044059.,0,0,0
WBGene00044061.,28,201,229
WBGene00044062.,2,1,3
WBGene00044063.,6,547,553
WBGene00044065.,48,56,104
WBGene00044066.,0,2,2
WBGene00044067.,2,48,50
WBGene00044068.,199,1127,1326
WBGene00044069.,6,226,232
WBGene00044070.,213,1413,1626
WBGene00044071.,10,185,195
WBGene00044072.,81,354,435
WBGene00044073.,3,26,29
WBGene00044074.,5,27,32
WBGene00044077.,44,454,498
WBGene00044078.,288,930,1218
WBGene00044079.,265,1369,1634
WBGene00044080.,0,0,0
WBGene00044081.,0,1,1
WBGene00044082.,33,286,319
WBGene00044083.,0,0,0
WBGene00044084.,0,3,3
WBGene00044085.,0,2,2
WBGene00044086.,0,0,0
WBGene00044087.,1,1,2
WBGene00044088.,0,0,0
WBGene00044089.,0,0,0
WBGene00044090.,0,0,0
WBGene00044091.,1,6,7
WBGene00044092.,1,1,2
WBGene00044093.,0,7,7
WBGene00044094.,35,353,388
WBGene00044095.,0,0,0
WBGene00044096.,0,0,0
WBGene00044097.,0,0,0
WBGene00044099.,0,0,0
WBGene00044100.,0,0,0
WBGene00044101.,1,0,1
WBGene00044102.,0,0,0
WBGene00044103.,0,2,2
WBGene00044104.,5,4,9
WBGene00044105.,0,0,0
WBGene00044106.,0,1,1
WBGene00044107.,0,69,69
WBGene00044109.,0,3,3
WBGene00044112.,0,0,0
WBGene00044113.,0,2,2
WBGene00044114.,1,0,1
WBGene00044115.,1,7,8
WBGene00044116.,2,0,2
WBGene00044117.,2,5,7
WBGene00044119.,0,1,1
WBGene00044120.,0,5,5
WBGene00044121.,1,1,2
WBGene00044122.,19,24,43
WBGene00044124.,0,1,1
WBGene00044125.,1,2,3
WBGene00044126.,5,3,8
WBGene00044127.,0,0,0
WBGene00044128.,0,5,5
WBGene00044129.,0,0,0
WBGene00044130.,2,5,7
WBGene00044131.,0,0,0
WBGene00044132.,10,89,99
WBGene00044133.,1,0,1
WBGene00044134.,9,73,82
WBGene00044135.,3,53,56
WBGene00044136.,2,0,2
WBGene00044137.,0,6,6
WBGene00044138.,17,56,73
WBGene00044139.,7,34,41
WBGene00044140.,0,1,1
WBGene00044141.,0,6,6
WBGene00044142.,0,3,3
WBGene00044143.,37,219,256
WBGene00044144.,3,102,105
WBGene00044145.,0,1,1
WBGene00044146.,0,0,0
WBGene00044147.,1,7,8
WBGene00044148.,0,1,1
WBGene00044149.,1,0,1
WBGene00044150.,0,3,3
WBGene00044151.,56,203,259
WBGene00044152.,9,41,50
WBGene00044153.,5,7,12
WBGene00044154.,9,10,19
WBGene00044155.,7,10,17
WBGene00044156.,4,29,33
WBGene00044157.,0,0,0
WBGene00044158.,0,1,1
WBGene00044159.,0,0,0
WBGene00044160.,5,2,7
WBGene00044161.,2,6,8
WBGene00044162.,0,1,1
WBGene00044163.,13,24,37
WBGene00044164.,0,0,0
WBGene00044166.,2,12,14
WBGene00044167.,24,141,165
WBGene00044168.,17,207,224
WBGene00044169.,3,8,11
WBGene00044170.,0,9,9
WBGene00044171.,0,0,0
WBGene00044174.,25,307,332
WBGene00044175.,15,317,332
WBGene00044176.,28,578,606
WBGene00044177.,0,0,0
WBGene00044178.,0,0,0
WBGene00044179.,0,1,1
WBGene00044180.,13,31,44
WBGene00044181.,1,5,6
WBGene00044182.,1,2,3
WBGene00044183.,0,0,0
WBGene00044184.,1,2,3
WBGene00044185.,0,0,0
WBGene00044187.,2112,11,2123
WBGene00044188.,12,112,124
WBGene00044189.,1,2,3
WBGene00044191.,36,186,222
WBGene00044192.,0,1,1
WBGene00044193.,0,1,1
WBGene00044194.,0,2,2
WBGene00044195.,0,0,0
WBGene00044196.,0,0,0
WBGene00044197.,0,1,1
WBGene00044198.,0,12,12
WBGene00044199.,0,2,2
WBGene00044200.,40,79,119
WBGene00044201.,0,3,3
WBGene00044202.,0,0,0
WBGene00044203.,1,2,3
WBGene00044204.,13,118,131
WBGene00044205.,1,15,16
WBGene00044206.,0,1,1
WBGene00044207.,0,1,1
WBGene00044208.,0,0,0
WBGene00044209.,0,15,15
WBGene00044210.,31,165,196
WBGene00044211.,1,0,1
WBGene00044212.,0,0,0
WBGene00044213.,2,13,15
WBGene00044215.,1,0,1
WBGene00044216.,2,7,9
WBGene00044217.,0,5,5
WBGene00044218.,0,14,14
WBGene00044219.,0,0,0
WBGene00044220.,0,2,2
WBGene00044221.,0,2,2
WBGene00044222.,0,3,3
WBGene00044224.,4,48,52
WBGene00044225.,0,14,14
WBGene00044226.,0,2,2
WBGene00044227.,2,0,2
WBGene00044228.,4,11,15
WBGene00044229.,6,7,13
WBGene00044230.,0,1,1
WBGene00044232.,0,2,2
WBGene00044233.,48,135,183
WBGene00044235.,0,0,0
WBGene00044236.,2,113,115
WBGene00044237.,1,2,3
WBGene00044238.,0,9,9
WBGene00044239.,9,60,69
WBGene00044240.,23,33,56
WBGene00044241.,3,22,25
WBGene00044242.,0,0,0
WBGene00044243.,1,1,2
WBGene00044244.,0,1,1
WBGene00044245.,0,8,8
WBGene00044246.,0,1,1
WBGene00044247.,1,6,7
WBGene00044249.,2,2,4
WBGene00044250.,0,1,1
WBGene00044251.,8,35,43
WBGene00044253.,7,58,65
WBGene00044256.,1,2,3
WBGene00044257.,0,1,1
WBGene00044258.,11,34,45
WBGene00044259.,1,0,1
WBGene00044260.,33,1509,1542
WBGene00044261.,2,0,2
WBGene00044262.,4,10,14
WBGene00044263.,0,0,0
WBGene00044264.,0,1,1
WBGene00044265.,6,21,27
WBGene00044266.,0,0,0
WBGene00044267.,0,0,0
WBGene00044268.,2,5,7
WBGene00044270.,0,0,0
WBGene00044271.,0,0,0
WBGene00044272.,0,0,0
WBGene00044273.,0,0,0
WBGene00044274.,0,0,0
WBGene00044275.,0,0,0
WBGene00044276.,0,0,0
WBGene00044277.,0,0,0
WBGene00044278.,0,1,1
WBGene00044279.,0,1,1
WBGene00044280.,205,269,474
WBGene00044281.,0,1,1
WBGene00044282.,0,0,0
WBGene00044283.,256,512,768
WBGene00044284.,0,1,1
WBGene00044285.,0,0,0
WBGene00044286.,0,0,0
WBGene00044287.,0,2,2
WBGene00044288.,0,11,11
WBGene00044289.,2,20,22
WBGene00044290.,23,39,62
WBGene00044291.,3,8,11
WBGene00044292.,5,5,10
WBGene00044293.,3,8,11
WBGene00044294.,109,513,622
WBGene00044295.,6,23,29
WBGene00044296.,1,43,44
WBGene00044297.,2,27,29
WBGene00044298.,0,0,0
WBGene00044299.,2,14,16
WBGene00044300.,1,1,2
WBGene00044301.,87,456,543
WBGene00044302.,0,0,0
WBGene00044303.,4,52,56
WBGene00044304.,11,63,74
WBGene00044305.,28,479,507
WBGene00044306.,0,0,0
WBGene00044307.,0,0,0
WBGene00044308.,3,11,14
WBGene00044309.,2,3,5
WBGene00044310.,25,163,188
WBGene00044311.,2,32,34
WBGene00044312.,3,6,9
WBGene00044313.,1,17,18
WBGene00044314.,0,0,0
WBGene00044315.,0,0,0
WBGene00044316.,30,97,127
WBGene00044317.,0,3,3
WBGene00044318.,35,809,844
WBGene00044319.,1,107,108
WBGene00044321.,233,908,1141
WBGene00044322.,0,237,237
WBGene00044323.,37,277,314
WBGene00044324.,15,1849,1864
WBGene00044325.,16,236,252
WBGene00044326.,101,328,429
WBGene00044329.,51,295,346
WBGene00044330.,9,152,161
WBGene00044331.,1,1,2
WBGene00044332.,0,1,1
WBGene00044333.,1,1,2
WBGene00044337.,0,0,0
WBGene00044338.,9,783,792
WBGene00044339.,2,66,68
WBGene00044340.,0,11,11
WBGene00044341.,35,141,176
WBGene00044342.,29,56,85
WBGene00044343.,1,10,11
WBGene00044344.,12,720,732
WBGene00044345.,14,146,160
WBGene00044346.,0,0,0
WBGene00044347.,2,3,5
WBGene00044348.,38,18,56
WBGene00044349.,0,3,3
WBGene00044350.,47,192,239
WBGene00044352.,1,1,2
WBGene00044353.,5,23,28
WBGene00044354.,3,55,58
WBGene00044355.,2,30,32
WBGene00044356.,0,0,0
WBGene00044357.,0,0,0
WBGene00044358.,1,1,2
WBGene00044359.,0,0,0
WBGene00044360.,0,5,5
WBGene00044361.,0,0,0
WBGene00044362.,0,1,1
WBGene00044363.,3,25,28
WBGene00044364.,0,0,0
WBGene00044365.,0,0,0
WBGene00044366.,0,2,2
WBGene00044367.,8,65,73
WBGene00044368.,203,59,262
WBGene00044369.,0,0,0
WBGene00044370.,0,0,0
WBGene00044371.,0,0,0
WBGene00044372.,0,1,1
WBGene00044373.,2,129,131
WBGene00044374.,0,4,4
WBGene00044375.,0,22,22
WBGene00044376.,0,4,4
WBGene00044377.,0,0,0
WBGene00044378.,0,0,0
WBGene00044379.,0,3,3
WBGene00044380.,1,12,13
WBGene00044381.,2,3,5
WBGene00044382.,0,5,5
WBGene00044383.,0,5,5
WBGene00044384.,1,1,2
WBGene00044385.,1,0,1
WBGene00044386.,1,3,4
WBGene00044387.,64,460,524
WBGene00044388.,0,0,0
WBGene00044389.,649,3053,3702
WBGene00044390.,0,2,2
WBGene00044391.,35,51,86
WBGene00044392.,11,50,61
WBGene00044393.,0,0,0
WBGene00044394.,1,13,14
WBGene00044395.,10,49,59
WBGene00044396.,5,113,118
WBGene00044397.,0,4,4
WBGene00044398.,0,0,0
WBGene00044399.,0,0,0
WBGene00044401.,34,522,556
WBGene00044402.,1,3,4
WBGene00044403.,2,4,6
WBGene00044405.,1,1,2
WBGene00044406.,10,140,150
WBGene00044409.,2,8,10
WBGene00044410.,27,84,111
WBGene00044411.,51,356,407
WBGene00044412.,12,94,106
WBGene00044413.,454,322,776
WBGene00044414.,4,48,52
WBGene00044415.,0,1,1
WBGene00044416.,0,0,0
WBGene00044417.,0,1,1
WBGene00044418.,57,586,643
WBGene00044419.,1,1,2
WBGene00044420.,5,155,160
WBGene00044421.,11,54,65
WBGene00044423.,2,14,16
WBGene00044424.,0,2,2
WBGene00044425.,0,0,0
WBGene00044427.,3,22,25
WBGene00044428.,4,0,4
WBGene00044429.,3,1,4
WBGene00044430.,0,0,0
WBGene00044431.,94,336,430
WBGene00044432.,0,1,1
WBGene00044433.,36,342,378
WBGene00044434.,1,1,2
WBGene00044435.,0,6,6
WBGene00044436.,7,100,107
WBGene00044437.,8,9,17
WBGene00044438.,28,92,120
WBGene00044439.,0,1,1
WBGene00044440.,6,38,44
WBGene00044441.,0,2,2
WBGene00044442.,0,31,31
WBGene00044443.,47,835,882
WBGene00044444.,1,0,1
WBGene00044445.,31,85,116
WBGene00044446.,0,3,3
WBGene00044447.,0,0,0
WBGene00044448.,1,8,9
WBGene00044449.,0,4,4
WBGene00044450.,0,1,1
WBGene00044451.,0,0,0
WBGene00044452.,44,446,490
WBGene00044453.,2,14,16
WBGene00044454.,0,0,0
WBGene00044455.,1,1,2
WBGene00044457.,0,15,15
WBGene00044458.,0,0,0
WBGene00044459.,11,31,42
WBGene00044460.,0,3,3
WBGene00044461.,5,2,7
WBGene00044462.,22,47,69
WBGene00044463.,6,35,41
WBGene00044464.,7,52,59
WBGene00044466.,11,355,366
WBGene00044467.,86,387,473
WBGene00044468.,6,37,43
WBGene00044469.,0,2,2
WBGene00044470.,1,1,2
WBGene00044471.,5,26,31
WBGene00044472.,7,44,51
WBGene00044473.,0,0,0
WBGene00044474.,0,0,0
WBGene00044475.,0,0,0
WBGene00044476.,0,0,0
WBGene00044477.,5,13,18
WBGene00044478.,5,40,45
WBGene00044479.,4,13,17
WBGene00044480.,0,2,2
WBGene00044481.,2,12,14
WBGene00044482.,34,95,129
WBGene00044483.,3,238,241
WBGene00044484.,33,198,231
WBGene00044485.,35,101,136
WBGene00044486.,0,4,4
WBGene00044487.,18,36,54
WBGene00044488.,6,7,13
WBGene00044489.,0,2,2
WBGene00044490.,0,0,0
WBGene00044491.,0,0,0
WBGene00044492.,1,0,1
WBGene00044493.,9,137,146
WBGene00044495.,11,16,27
WBGene00044498.,0,0,0
WBGene00044499.,0,1,1
WBGene00044500.,47,206,253
WBGene00044501.,4,3,7
WBGene00044502.,0,15,15
WBGene00044503.,0,1,1
WBGene00044504.,4,27,31
WBGene00044505.,16,0,16
WBGene00044508.,51,285,336
WBGene00044509.,1,260,261
WBGene00044510.,3,15,18
WBGene00044511.,0,43,43
WBGene00044512.,1,5,6
WBGene00044513.,49,218,267
WBGene00044514.,60,796,856
WBGene00044515.,7,26,33
WBGene00044516.,0,0,0
WBGene00044517.,7,15,22
WBGene00044518.,0,0,0
WBGene00044519.,0,0,0
WBGene00044520.,0,4,4
WBGene00044521.,0,8,8
WBGene00044523.,0,0,0
WBGene00044524.,0,0,0
WBGene00044525.,2,28,30
WBGene00044526.,1,7,8
WBGene00044527.,1,21,22
WBGene00044528.,1,10,11
WBGene00044529.,3,11,14
WBGene00044530.,0,11,11
WBGene00044531.,1,0,1
WBGene00044533.,0,3,3
WBGene00044534.,3,10,13
WBGene00044535.,0,1,1
WBGene00044536.,11,95,106
WBGene00044537.,0,1,1
WBGene00044538.,1,0,1
WBGene00044539.,0,2,2
WBGene00044541.,0,4,4
WBGene00044542.,26,14,40
WBGene00044543.,1,1,2
WBGene00044544.,104,171,275
WBGene00044545.,0,2,2
WBGene00044546.,0,1,1
WBGene00044547.,0,17,17
WBGene00044548.,0,0,0
WBGene00044549.,0,0,0
WBGene00044550.,0,2,2
WBGene00044551.,1,19,20
WBGene00044552.,1,5,6
WBGene00044553.,7,408,415
WBGene00044554.,2,8,10
WBGene00044556.,2,45,47
WBGene00044557.,22,65,87
WBGene00044558.,0,0,0
WBGene00044559.,5,18,23
WBGene00044560.,0,0,0
WBGene00044561.,1,1,2
WBGene00044562.,0,17,17
WBGene00044563.,0,0,0
WBGene00044564.,0,1,1
WBGene00044565.,0,0,0
WBGene00044567.,4,10,14
WBGene00044568.,82,234,316
WBGene00044569.,0,1,1
WBGene00044570.,286,13,299
WBGene00044571.,7,2,9
WBGene00044573.,0,2,2
WBGene00044574.,1,0,1
WBGene00044575.,0,0,0
WBGene00044577.,0,1,1
WBGene00044578.,0,29,29
WBGene00044579.,2,1,3
WBGene00044580.,0,1,1
WBGene00044581.,0,1,1
WBGene00044582.,23,159,182
WBGene00044583.,0,0,0
WBGene00044584.,86,215,301
WBGene00044585.,0,1,1
WBGene00044586.,0,6,6
WBGene00044587.,0,4,4
WBGene00044588.,1,36,37
WBGene00044589.,1,2,3
WBGene00044602.,0,0,0
WBGene00044603.,20,94,114
WBGene00044604.,11,131,142
WBGene00044605.,295,669,964
WBGene00044606.,0,0,0
WBGene00044607.,5,8,13
WBGene00044608.,13,181,194
WBGene00044609.,82,166,248
WBGene00044610.,0,4,4
WBGene00044611.,3,11,14
WBGene00044612.,5,73,78
WBGene00044614.,9,81,90
WBGene00044615.,58,308,366
WBGene00044616.,0,0,0
WBGene00044617.,3,56,59
WBGene00044618.,2,72,74
WBGene00044620.,7,45,52
WBGene00044621.,0,26,26
WBGene00044623.,5,154,159
WBGene00044630.,15,194,209
WBGene00044631.,20,84,104
WBGene00044632.,0,2,2
WBGene00044633.,0,5,5
WBGene00044634.,0,0,0
WBGene00044636.,49,309,358
WBGene00044637.,16,31,47
WBGene00044638.,0,498,498
WBGene00044639.,0,0,0
WBGene00044640.,74,333,407
WBGene00044641.,37,39,76
WBGene00044642.,0,2,2
WBGene00044643.,5,134,139
WBGene00044644.,28,160,188
WBGene00044645.,0,5,5
WBGene00044646.,9,26,35
WBGene00044648.,6,174,180
WBGene00044649.,7,5,12
WBGene00044650.,225,734,959
WBGene00044651.,56,57,113
WBGene00044653.,0,4,4
WBGene00044654.,0,4,4
WBGene00044655.,0,0,0
WBGene00044657.,0,0,0
WBGene00044658.,4,86,90
WBGene00044659.,2,2,4
WBGene00044660.,0,1,1
WBGene00044661.,1,14,15
WBGene00044662.,2,3,5
WBGene00044663.,0,3,3
WBGene00044664.,0,0,0
WBGene00044665.,0,0,0
WBGene00044666.,82,514,596
WBGene00044667.,3,8,11
WBGene00044668.,0,0,0
WBGene00044670.,6,0,6
WBGene00044672.,1,16,17
WBGene00044673.,0,0,0
WBGene00044674.,0,0,0
WBGene00044675.,8,45,53
WBGene00044676.,1,17,18
WBGene00044677.,188,330,518
WBGene00044678.,6,26,32
WBGene00044679.,56,239,295
WBGene00044680.,0,0,0
WBGene00044681.,82,221,303
WBGene00044683.,0,1,1
WBGene00044684.,1,5,6
WBGene00044686.,30,776,806
WBGene00044687.,3,1,4
WBGene00044689.,71,234,305
WBGene00044690.,15,96,111
WBGene00044691.,0,0,0
WBGene00044692.,1,1,2
WBGene00044693.,0,0,0
WBGene00044694.,0,1,1
WBGene00044695.,0,1,1
WBGene00044696.,5,45,50
WBGene00044697.,7,39,46
WBGene00044698.,23,684,707
WBGene00044699.,1,28,29
WBGene00044700.,4,8,12
WBGene00044701.,25,190,215
WBGene00044702.,0,1,1
WBGene00044703.,0,0,0
WBGene00044704.,0,4,4
WBGene00044705.,8,21,29
WBGene00044706.,2,0,2
WBGene00044707.,0,1,1
WBGene00044708.,3,0,3
WBGene00044709.,0,0,0
WBGene00044710.,0,0,0
WBGene00044711.,0,0,0
WBGene00044712.,1,2,3
WBGene00044713.,0,0,0
WBGene00044714.,0,1,1
WBGene00044716.,0,2,2
WBGene00044718.,0,1,1
WBGene00044719.,1,8,9
WBGene00044720.,0,2,2
WBGene00044722.,0,0,0
WBGene00044723.,1,2,3
WBGene00044724.,4,64,68
WBGene00044725.,9,44,53
WBGene00044726.,5,1,6
WBGene00044727.,0,0,0
WBGene00044728.,0,2162,2162
WBGene00044729.,0,5,5
WBGene00044732.,6,31,37
WBGene00044733.,0,1,1
WBGene00044734.,0,0,0
WBGene00044735.,0,0,0
WBGene00044736.,25,103,128
WBGene00044737.,749,2144,2893
WBGene00044738.,1,3,4
WBGene00044739.,0,3,3
WBGene00044741.,2,6,8
WBGene00044742.,0,46,46
WBGene00044743.,12,151,163
WBGene00044744.,2,1,3
WBGene00044745.,19,62,81
WBGene00044746.,0,918,918
WBGene00044747.,0,0,0
WBGene00044748.,0,0,0
WBGene00044749.,0,0,0
WBGene00044750.,0,0,0
WBGene00044751.,0,0,0
WBGene00044752.,0,0,0
WBGene00044753.,0,0,0
WBGene00044754.,0,0,0
WBGene00044755.,0,0,0
WBGene00044756.,13,33,46
WBGene00044757.,2,18,20
WBGene00044758.,0,17,17
WBGene00044759.,0,1,1
WBGene00044760.,1,21,22
WBGene00044761.,0,6,6
WBGene00044762.,15,286,301
WBGene00044763.,2,4,6
WBGene00044764.,7,24,31
WBGene00044767.,1,82,83
WBGene00044768.,1,6,7
WBGene00044769.,0,0,0
WBGene00044770.,8,60,68
WBGene00044771.,5,57,62
WBGene00044772.,27,135,162
WBGene00044773.,0,0,0
WBGene00044774.,73,283,356
WBGene00044775.,0,1,1
WBGene00044776.,3,7,10
WBGene00044777.,0,0,0
WBGene00044778.,0,2,2
WBGene00044779.,5,24,29
WBGene00044780.,0,5,5
WBGene00044781.,0,0,0
WBGene00044782.,0,0,0
WBGene00044783.,0,0,0
WBGene00044784.,11,553,564
WBGene00044786.,0,0,0
WBGene00044787.,0,0,0
WBGene00044788.,2,6,8
WBGene00044789.,16,497,513
WBGene00044790.,51,181,232
WBGene00044791.,0,0,0
WBGene00044792.,0,5,5
WBGene00044794.,0,0,0
WBGene00044795.,3,62,65
WBGene00044796.,0,0,0
WBGene00044797.,0,40,40
WBGene00044798.,2,0,2
WBGene00044799.,0,20,20
WBGene00044800.,0,0,0
WBGene00044801.,0,0,0
WBGene00044802.,0,0,0
WBGene00044803.,11,11,22
WBGene00044804.,2,3,5
WBGene00044805.,0,2,2
WBGene00044806.,0,0,0
WBGene00044807.,0,5,5
WBGene00044808.,0,3,3
WBGene00044809.,0,0,0
WBGene00044810.,0,0,0
WBGene00044811.,13,94,107
WBGene00044889.,0,0,0
WBGene00044891.,39,207,246
WBGene00044892.,0,0,0
WBGene00044894.,9,101,110
WBGene00044895.,3,6,9
WBGene00044896.,4,1,5
WBGene00044897.,1,20,21
WBGene00044898.,4,3,7
WBGene00044900.,1,15,16
WBGene00044901.,0,34,34
WBGene00044902.,0,0,0
WBGene00044903.,19,55,74
WBGene00044905.,0,2,2
WBGene00044906.,3,44,47
WBGene00044907.,1,3,4
WBGene00044908.,0,0,0
WBGene00044909.,2,8,10
WBGene00044911.,2,1,3
WBGene00044912.,1,0,1
WBGene00044914.,0,0,0
WBGene00044916.,79,398,477
WBGene00044917.,0,11,11
WBGene00044920.,6,43,49
WBGene00044921.,213,2204,2417
WBGene00044922.,24,206,230
WBGene00044923.,0,1,1
WBGene00044924.,44,150,194
WBGene00044925.,0,0,0
WBGene00044926.,0,2,2
WBGene00044927.,0,32,32
WBGene00044928.,0,0,0
WBGene00044929.,0,0,0
WBGene00044930.,0,0,0
WBGene00044931.,0,0,0
WBGene00044932.,0,0,0
WBGene00044933.,0,13,13
WBGene00044934.,0,28,28
WBGene00044935.,0,0,0
WBGene00044936.,0,0,0
WBGene00044937.,0,0,0
WBGene00044938.,0,1,1
WBGene00044939.,0,0,0
WBGene00044940.,0,0,0
WBGene00044941.,0,0,0
WBGene00044942.,0,0,0
WBGene00044943.,0,0,0
WBGene00044944.,0,0,0
WBGene00044945.,0,0,0
WBGene00044946.,0,0,0
WBGene00044947.,0,0,0
WBGene00044948.,0,0,0
WBGene00044949.,25,165,190
WBGene00044951.,0,0,0
WBGene00044952.,0,0,0
WBGene00044953.,1,2,3
WBGene00044954.,0,0,0
WBGene00044955.,0,0,0
WBGene00044956.,0,0,0
WBGene00044957.,0,0,0
WBGene00044958.,0,0,0
WBGene00044960.,0,0,0
WBGene00044961.,0,0,0
WBGene00044962.,0,0,0
WBGene00044963.,0,0,0
WBGene00044964.,0,0,0
WBGene00044965.,0,0,0
WBGene00044966.,0,0,0
WBGene00044967.,0,2,2
WBGene00044968.,0,0,0
WBGene00044969.,0,0,0
WBGene00044970.,0,0,0
WBGene00044971.,0,0,0
WBGene00044972.,0,0,0
WBGene00044973.,0,1,1
WBGene00044974.,0,0,0
WBGene00044975.,0,4,4
WBGene00044976.,0,0,0
WBGene00044977.,42,324,366
WBGene00044978.,0,0,0
WBGene00044979.,0,6,6
WBGene00044980.,0,0,0
WBGene00044981.,0,0,0
WBGene00044982.,0,0,0
WBGene00044983.,0,0,0
WBGene00044984.,0,0,0
WBGene00044985.,0,0,0
WBGene00044986.,0,0,0
WBGene00044987.,23,48,71
WBGene00044988.,0,3,3
WBGene00044989.,90,580,670
WBGene00044990.,146,536,682
WBGene00044991.,7,90,97
WBGene00044995.,0,0,0
WBGene00044997.,0,6,6
WBGene00044998.,0,0,0
WBGene00045000.,0,0,0
WBGene00045002.,0,0,0
WBGene00045003.,0,0,0
WBGene00045006.,0,0,0
WBGene00045007.,0,0,0
WBGene00045009.,0,0,0
WBGene00045011.,0,0,0
WBGene00045012.,0,2,2
WBGene00045013.,1,17,18
WBGene00045016.,0,0,0
WBGene00045017.,0,8,8
WBGene00045018.,0,1,1
WBGene00045019.,0,0,0
WBGene00045022.,0,0,0
WBGene00045024.,3,1,4
WBGene00045025.,0,0,0
WBGene00045026.,0,0,0
WBGene00045027.,0,1,1
WBGene00045028.,0,0,0
WBGene00045029.,0,1,1
WBGene00045036.,0,7,7
WBGene00045037.,0,0,0
WBGene00045038.,0,0,0
WBGene00045040.,0,0,0
WBGene00045043.,21,5,26
WBGene00045045.,2,9,11
WBGene00045046.,0,0,0
WBGene00045048.,0,12,12
WBGene00045050.,7,77,84
WBGene00045051.,0,0,0
WBGene00045052.,3,9,12
WBGene00045053.,6,5,11
WBGene00045055.,0,0,0
WBGene00045056.,29,177,206
WBGene00045057.,0,0,0
WBGene00045058.,3,10,13
WBGene00045059.,0,0,0
WBGene00045060.,0,0,0
WBGene00045061.,0,0,0
WBGene00045062.,0,6,6
WBGene00045063.,47,104,151
WBGene00045065.,0,0,0
WBGene00045066.,0,0,0
WBGene00045067.,0,14,14
WBGene00045068.,0,0,0
WBGene00045069.,0,0,0
WBGene00045071.,0,0,0
WBGene00045072.,0,0,0
WBGene00045074.,0,0,0
WBGene00045075.,0,0,0
WBGene00045076.,0,3,3
WBGene00045077.,6,62,68
WBGene00045078.,48,326,374
WBGene00045082.,0,0,0
WBGene00045083.,0,4,4
WBGene00045084.,0,0,0
WBGene00045085.,0,0,0
WBGene00045086.,0,0,0
WBGene00045087.,0,0,0
WBGene00045088.,0,0,0
WBGene00045089.,0,7,7
WBGene00045090.,0,0,0
WBGene00045091.,0,0,0
WBGene00045092.,0,0,0
WBGene00045093.,0,136,136
WBGene00045094.,0,0,0
WBGene00045095.,0,74,74
WBGene00045096.,0,66,66
WBGene00045097.,0,2,2
WBGene00045098.,0,0,0
WBGene00045099.,0,1,1
WBGene00045100.,0,0,0
WBGene00045101.,0,3,3
WBGene00045102.,0,0,0
WBGene00045103.,0,0,0
WBGene00045104.,0,3,3
WBGene00045105.,0,0,0
WBGene00045106.,0,0,0
WBGene00045107.,0,0,0
WBGene00045108.,0,1,1
WBGene00045109.,0,0,0
WBGene00045110.,0,0,0
WBGene00045111.,0,0,0
WBGene00045112.,0,0,0
WBGene00045113.,0,0,0
WBGene00045114.,0,4,4
WBGene00045115.,0,3,3
WBGene00045116.,0,0,0
WBGene00045117.,0,1,1
WBGene00045118.,0,125,125
WBGene00045119.,0,7,7
WBGene00045120.,0,0,0
WBGene00045121.,0,28,28
WBGene00045122.,1,0,1
WBGene00045123.,0,10,10
WBGene00045124.,0,25,25
WBGene00045125.,0,0,0
WBGene00045126.,0,0,0
WBGene00045127.,0,0,0
WBGene00045128.,0,0,0
WBGene00045129.,0,155,155
WBGene00045130.,0,0,0
WBGene00045131.,0,0,0
WBGene00045132.,0,2470,2470
WBGene00045133.,0,3,3
WBGene00045134.,0,0,0
WBGene00045136.,0,0,0
WBGene00045137.,0,0,0
WBGene00045138.,0,0,0
WBGene00045139.,0,0,0
WBGene00045140.,0,4,4
WBGene00045141.,0,11,11
WBGene00045142.,0,36,36
WBGene00045143.,1,0,1
WBGene00045144.,2,2,4
WBGene00045145.,0,0,0
WBGene00045146.,4,18,22
WBGene00045147.,0,45,45
WBGene00045148.,0,0,0
WBGene00045149.,0,0,0
WBGene00045150.,0,1,1
WBGene00045151.,0,0,0
WBGene00045152.,0,0,0
WBGene00045153.,0,0,0
WBGene00045154.,0,0,0
WBGene00045155.,0,0,0
WBGene00045156.,0,4,4
WBGene00045157.,0,80,80
WBGene00045158.,0,0,0
WBGene00045159.,0,19,19
WBGene00045160.,0,1,1
WBGene00045161.,0,0,0
WBGene00045162.,0,9,9
WBGene00045163.,0,16,16
WBGene00045164.,0,12,12
WBGene00045165.,0,0,0
WBGene00045167.,0,5,5
WBGene00045168.,0,0,0
WBGene00045169.,0,0,0
WBGene00045170.,0,0,0
WBGene00045171.,0,495,495
WBGene00045172.,0,0,0
WBGene00045174.,0,0,0
WBGene00045175.,0,88,88
WBGene00045176.,0,8,8
WBGene00045177.,0,1,1
WBGene00045178.,4,47,51
WBGene00045179.,0,0,0
WBGene00045180.,0,0,0
WBGene00045182.,0,1,1
WBGene00045183.,5,93,98
WBGene00045184.,0,0,0
WBGene00045185.,0,0,0
WBGene00045188.,1,1,2
WBGene00045189.,0,20,20
WBGene00045190.,23,85,108
WBGene00045192.,1,258,259
WBGene00045193.,2,8,10
WBGene00045194.,0,0,0
WBGene00045195.,111,113,224
WBGene00045197.,0,1,1
WBGene00045198.,0,2,2
WBGene00045199.,0,0,0
WBGene00045200.,0,0,0
WBGene00045201.,0,2,2
WBGene00045202.,0,0,0
WBGene00045203.,0,0,0
WBGene00045204.,0,0,0
WBGene00045205.,0,1,1
WBGene00045207.,0,0,0
WBGene00045208.,0,1332,1332
WBGene00045209.,0,1,1
WBGene00045210.,4,48,52
WBGene00045211.,1,3,4
WBGene00045212.,7,24,31
WBGene00045215.,7,17,24
WBGene00045218.,3,8,11
WBGene00045234.,0,0,0
WBGene00045235.,0,0,0
WBGene00045236.,0,1,1
WBGene00045237.,7,65,72
WBGene00045238.,0,166,166
WBGene00045239.,0,3,3
WBGene00045242.,0,0,0
WBGene00045245.,2,5,7
WBGene00045246.,33,344,377
WBGene00045247.,2,8,10
WBGene00045248.,27,59,86
WBGene00045249.,134,935,1069
WBGene00045250.,29,35,64
WBGene00045251.,0,0,0
WBGene00045252.,6,22,28
WBGene00045253.,27,92,119
WBGene00045254.,1,0,1
WBGene00045255.,62,237,299
WBGene00045261.,0,7,7
WBGene00045265.,0,0,0
WBGene00045268.,0,3,3
WBGene00045269.,0,2,2
WBGene00045270.,2,1,3
WBGene00045271.,2,2,4
WBGene00045272.,0,11880,11880
WBGene00045273.,0,0,0
WBGene00045275.,0,67,67
WBGene00045276.,0,473,473
WBGene00045277.,75,320,395
WBGene00045278.,0,1,1
WBGene00045279.,0,1,1
WBGene00045280.,0,0,0
WBGene00045281.,0,0,0
WBGene00045282.,1,2,3
WBGene00045283.,0,2,2
WBGene00045285.,0,0,0
WBGene00045286.,0,0,0
WBGene00045287.,0,1,1
WBGene00045289.,3,15,18
WBGene00045290.,0,0,0
WBGene00045291.,0,2,2
WBGene00045292.,0,3,3
WBGene00045293.,5,8,13
WBGene00045294.,0,0,0
WBGene00045295.,4,59,63
WBGene00045297.,0,20,20
WBGene00045298.,0,1,1
WBGene00045299.,0,0,0
WBGene00045300.,0,0,0
WBGene00045301.,0,0,0
WBGene00045302.,0,0,0
WBGene00045303.,0,0,0
WBGene00045304.,0,0,0
WBGene00045305.,0,44,44
WBGene00045306.,0,0,0
WBGene00045308.,2,2,4
WBGene00045309.,3,6,9
WBGene00045311.,0,0,0
WBGene00045313.,0,0,0
WBGene00045314.,0,16,16
WBGene00045315.,0,1,1
WBGene00045316.,17,15,32
WBGene00045319.,0,1,1
WBGene00045321.,0,9,9
WBGene00045322.,0,1,1
WBGene00045323.,0,0,0
WBGene00045324.,0,0,0
WBGene00045325.,0,0,0
WBGene00045326.,0,0,0
WBGene00045327.,0,0,0
WBGene00045328.,0,2,2
WBGene00045329.,0,3,3
WBGene00045330.,0,0,0
WBGene00045331.,6,65,71
WBGene00045332.,0,2,2
WBGene00045336.,27,150,177
WBGene00045337.,0,3,3
WBGene00045338.,0,4,4
WBGene00045339.,0,7,7
WBGene00045340.,22,54,76
WBGene00045341.,0,3,3
WBGene00045342.,0,0,0
WBGene00045343.,0,0,0
WBGene00045344.,0,0,0
WBGene00045345.,1,0,1
WBGene00045346.,0,1,1
WBGene00045347.,0,0,0
WBGene00045348.,0,1,1
WBGene00045350.,0,0,0
WBGene00045351.,0,0,0
WBGene00045352.,0,2,2
WBGene00045353.,0,0,0
WBGene00045354.,0,0,0
WBGene00045355.,5,4,9
WBGene00045356.,0,10,10
WBGene00045357.,1,4,5
WBGene00045358.,0,0,0
WBGene00045359.,0,0,0
WBGene00045360.,0,0,0
WBGene00045361.,0,0,0
WBGene00045362.,0,0,0
WBGene00045363.,0,0,0
WBGene00045364.,1,0,1
WBGene00045365.,0,3,3
WBGene00045366.,314,697,1011
WBGene00045367.,0,0,0
WBGene00045368.,0,0,0
WBGene00045369.,0,0,0
WBGene00045370.,0,0,0
WBGene00045371.,0,1,1
WBGene00045372.,0,0,0
WBGene00045373.,0,0,0
WBGene00045374.,0,0,0
WBGene00045375.,0,42,42
WBGene00045376.,0,0,0
WBGene00045377.,0,0,0
WBGene00045378.,0,1,1
WBGene00045379.,3,122,125
WBGene00045380.,0,0,0
WBGene00045381.,0,0,0
WBGene00045382.,0,2,2
WBGene00045383.,19,630,649
WBGene00045385.,0,4,4
WBGene00045386.,37,211,248
WBGene00045387.,39,114,153
WBGene00045388.,0,0,0
WBGene00045389.,0,0,0
WBGene00045390.,57,563,620
WBGene00045391.,0,2,2
WBGene00045392.,36,119,155
WBGene00045393.,0,7,7
WBGene00045394.,0,0,0
WBGene00045395.,9,18,27
WBGene00045396.,62,31,93
WBGene00045397.,9,28,37
WBGene00045398.,1,0,1
WBGene00045399.,1,3,4
WBGene00045400.,10,13,23
WBGene00045401.,0,2,2
WBGene00045402.,0,0,0
WBGene00045403.,13,61,74
WBGene00045404.,0,1,1
WBGene00045405.,3,18,21
WBGene00045406.,0,0,0
WBGene00045407.,51,145,196
WBGene00045408.,0,0,0
WBGene00045410.,53,273,326
WBGene00045411.,4,56,60
WBGene00045412.,0,10,10
WBGene00045413.,1,0,1
WBGene00045414.,0,1,1
WBGene00045415.,3,6,9
WBGene00045416.,0,0,0
WBGene00045417.,0,0,0
WBGene00045418.,38,546,584
WBGene00045419.,104,490,594
WBGene00045433.,33,259,292
WBGene00045434.,20,114,134
WBGene00045455.,4,28,32
WBGene00045456.,0,0,0
WBGene00045457.,0,7,7
WBGene00045458.,0,4,4
WBGene00045459.,0,0,0
WBGene00045460.,0,1,1
WBGene00045461.,4,13,17
WBGene00045468.,0,1,1
WBGene00045473.,0,0,0
WBGene00045474.,0,7,7
WBGene00045475.,3,1,4
WBGene00045480.,7,8,15
WBGene00045481.,3,4,7
WBGene00045482.,33,63,96
WBGene00045483.,375,1739,2114
WBGene00045484.,4,6,10
WBGene00045486.,0,0,0
WBGene00045487.,0,3,3
WBGene00045488.,1,7,8
WBGene00045490.,0,0,0
WBGene00045491.,0,0,0
WBGene00045492.,0,0,0
WBGene00045493.,0,1,1
WBGene00045494.,2,6,8
WBGene00045495.,24,228,252
WBGene00045496.,0,0,0
WBGene00045497.,3,19,22
WBGene00045498.,0,1,1
WBGene00045500.,1,3,4
WBGene00045501.,0,0,0
WBGene00045502.,0,0,0
WBGene00045506.,0,0,0
WBGene00045507.,3,202,205
WBGene00045508.,1,0,1
WBGene00045509.,9,14,23
WBGene00045510.,0,6,6
WBGene00045511.,0,3,3
WBGene00045513.,1,4,5
WBGene00045514.,0,0,0
WBGene00045515.,0,0,0
WBGene00045516.,0,7,7
WBGene00045517.,192,491,683
WBGene00045518.,0,0,0
WBGene00045519.,0,0,0
WBGene00045520.,0,0,0
WBGene00045521.,0,0,0
WBGene00045522.,0,0,0
WBGene00045523.,0,0,0
WBGene00045524.,0,0,0
WBGene00045525.,0,0,0
WBGene00045526.,0,0,0
WBGene00045527.,0,0,0
WBGene00045528.,0,0,0
WBGene00045529.,0,0,0
WBGene00045530.,0,0,0
WBGene00045531.,0,0,0
WBGene00045532.,0,0,0
WBGene00045533.,0,0,0
WBGene00045534.,0,0,0
WBGene00045535.,0,0,0
WBGene00045536.,0,0,0
WBGene00045537.,0,1,1
WBGene00045538.,0,0,0
WBGene00045539.,0,0,0
WBGene00045540.,0,3,3
WBGene00045541.,0,0,0
WBGene00045542.,0,0,0
WBGene00045543.,0,0,0
WBGene00045544.,0,0,0
WBGene00045545.,0,0,0
WBGene00045546.,0,1,1
WBGene00045547.,0,0,0
WBGene00045548.,0,0,0
WBGene00045549.,0,0,0
WBGene00045550.,0,0,0
WBGene00045551.,0,1,1
WBGene00045552.,0,0,0
WBGene00045553.,0,0,0
WBGene00045554.,0,0,0
WBGene00045555.,0,0,0
WBGene00045556.,0,0,0
WBGene00045557.,0,0,0
WBGene00045558.,0,0,0
WBGene00045559.,0,1,1
WBGene00045560.,0,0,0
WBGene00045561.,0,0,0
WBGene00045562.,0,0,0
WBGene00045563.,0,0,0
WBGene00045564.,0,0,0
WBGene00045565.,0,0,0
WBGene00045566.,0,0,0
WBGene00045567.,0,30,30
WBGene00045568.,0,0,0
WBGene00045569.,0,0,0
WBGene00045570.,0,0,0
WBGene00045571.,0,1,1
WBGene00045572.,0,1,1
WBGene00045573.,0,0,0
WBGene00045574.,0,0,0
WBGene00045575.,0,0,0
WBGene00045576.,0,0,0
WBGene00045577.,0,0,0
WBGene00045578.,0,0,0
WBGene00045579.,0,0,0
WBGene00045580.,0,0,0
WBGene00045581.,0,0,0
WBGene00045582.,0,0,0
WBGene00045583.,0,0,0
WBGene00045584.,0,0,0
WBGene00045585.,0,0,0
WBGene00045586.,0,0,0
WBGene00045587.,0,0,0
WBGene00045588.,0,0,0
WBGene00045589.,0,0,0
WBGene00045590.,0,0,0
WBGene00045591.,0,0,0
WBGene00045592.,0,0,0
WBGene00045593.,0,0,0
WBGene00045594.,0,0,0
WBGene00045595.,0,0,0
WBGene00045596.,0,0,0
WBGene00045597.,0,0,0
WBGene00045598.,0,0,0
WBGene00045599.,0,0,0
WBGene00045600.,0,0,0
WBGene00045601.,0,0,0
WBGene00045602.,0,1,1
WBGene00045603.,0,0,0
WBGene00045604.,0,0,0
WBGene00045605.,0,0,0
WBGene00045606.,0,1,1
WBGene00045607.,0,0,0
WBGene00045608.,0,0,0
WBGene00045609.,0,0,0
WBGene00045610.,0,0,0
WBGene00045611.,0,0,0
WBGene00045612.,0,0,0
WBGene00045613.,0,0,0
WBGene00045614.,0,0,0
WBGene00045615.,0,0,0
WBGene00045616.,0,0,0
WBGene00045617.,0,0,0
WBGene00045618.,0,1,1
WBGene00045619.,0,0,0
WBGene00045620.,0,0,0
WBGene00045621.,0,0,0
WBGene00045622.,0,0,0
WBGene00045623.,0,0,0
WBGene00045624.,0,0,0
WBGene00045625.,0,0,0
WBGene00045626.,0,0,0
WBGene00045627.,0,0,0
WBGene00045628.,0,0,0
WBGene00045629.,0,0,0
WBGene00045630.,0,0,0
WBGene00045631.,0,0,0
WBGene00045632.,0,0,0
WBGene00045633.,0,0,0
WBGene00045634.,0,0,0
WBGene00045635.,0,0,0
WBGene00045636.,0,1,1
WBGene00045637.,0,2,2
WBGene00045638.,0,0,0
WBGene00045639.,0,0,0
WBGene00045640.,0,0,0
WBGene00045641.,0,0,0
WBGene00045642.,0,0,0
WBGene00045643.,0,0,0
WBGene00045644.,0,0,0
WBGene00045645.,0,0,0
WBGene00045646.,0,0,0
WBGene00045647.,0,0,0
WBGene00045648.,0,0,0
WBGene00045649.,0,0,0
WBGene00045650.,0,0,0
WBGene00045651.,0,0,0
WBGene00045652.,0,0,0
WBGene00045653.,0,1,1
WBGene00045654.,0,0,0
WBGene00045655.,0,0,0
WBGene00045656.,0,0,0
WBGene00045657.,0,0,0
WBGene00045658.,0,0,0
WBGene00045659.,0,0,0
WBGene00045660.,0,0,0
WBGene00045661.,0,0,0
WBGene00045662.,0,0,0
WBGene00045663.,0,0,0
WBGene00045664.,0,0,0
WBGene00045665.,0,0,0
WBGene00045666.,0,0,0
WBGene00045667.,0,0,0
WBGene00045668.,0,28,28
WBGene00045669.,0,0,0
WBGene00045670.,0,0,0
WBGene00045671.,0,0,0
WBGene00045672.,0,0,0
WBGene00045673.,0,0,0
WBGene00045674.,0,0,0
WBGene00045675.,0,0,0
WBGene00045676.,0,0,0
WBGene00045677.,0,0,0
WBGene00045678.,0,0,0
WBGene00045679.,0,0,0
WBGene00045680.,0,0,0
WBGene00045681.,0,0,0
WBGene00045682.,0,0,0
WBGene00045683.,0,0,0
WBGene00045684.,0,0,0
WBGene00045685.,0,0,0
WBGene00045686.,0,0,0
WBGene00045687.,0,0,0
WBGene00045688.,0,0,0
WBGene00045689.,0,0,0
WBGene00045690.,0,0,0
WBGene00045691.,0,0,0
WBGene00045692.,0,0,0
WBGene00045693.,0,0,0
WBGene00045694.,0,6,6
WBGene00045695.,0,0,0
WBGene00045696.,0,0,0
WBGene00045697.,0,0,0
WBGene00045698.,0,0,0
WBGene00045699.,0,0,0
WBGene00045700.,0,0,0
WBGene00045701.,0,0,0
WBGene00045702.,0,0,0
WBGene00045703.,0,0,0
WBGene00045704.,0,0,0
WBGene00045705.,0,0,0
WBGene00045706.,0,0,0
WBGene00045707.,0,2,2
WBGene00045708.,0,0,0
WBGene00045709.,0,0,0
WBGene00045710.,0,0,0
WBGene00045711.,0,0,0
WBGene00045712.,0,0,0
WBGene00045713.,0,0,0
WBGene00045714.,0,0,0
WBGene00045715.,0,0,0
WBGene00045716.,0,0,0
WBGene00045717.,0,0,0
WBGene00045718.,0,0,0
WBGene00045719.,0,0,0
WBGene00045720.,0,0,0
WBGene00045721.,0,0,0
WBGene00045722.,0,0,0
WBGene00045723.,0,0,0
WBGene00045724.,0,0,0
WBGene00045725.,0,0,0
WBGene00045726.,0,0,0
WBGene00045727.,0,0,0
WBGene00045728.,0,2,2
WBGene00045729.,0,1,1
WBGene00045730.,0,0,0
WBGene00045731.,0,0,0
WBGene00045732.,0,0,0
WBGene00045733.,0,0,0
WBGene00045734.,0,0,0
WBGene00045735.,0,0,0
WBGene00045736.,0,0,0
WBGene00045737.,0,0,0
WBGene00045738.,0,0,0
WBGene00045739.,0,0,0
WBGene00045740.,0,0,0
WBGene00045741.,0,0,0
WBGene00045743.,0,0,0
WBGene00045744.,0,0,0
WBGene00045745.,0,0,0
WBGene00045746.,0,0,0
WBGene00045747.,0,0,0
WBGene00045748.,0,0,0
WBGene00045749.,0,0,0
WBGene00045750.,0,0,0
WBGene00045751.,0,0,0
WBGene00045752.,0,0,0
WBGene00045753.,0,0,0
WBGene00045754.,0,0,0
WBGene00045755.,0,0,0
WBGene00045756.,0,0,0
WBGene00045757.,0,1,1
WBGene00045758.,0,0,0
WBGene00045759.,0,0,0
WBGene00045760.,0,0,0
WBGene00045761.,0,0,0
WBGene00045762.,0,0,0
WBGene00045763.,0,0,0
WBGene00045764.,0,0,0
WBGene00045765.,0,1,1
WBGene00045766.,0,0,0
WBGene00045767.,0,0,0
WBGene00045768.,0,0,0
WBGene00045769.,0,0,0
WBGene00045770.,0,0,0
WBGene00045771.,0,0,0
WBGene00045772.,0,0,0
WBGene00045773.,0,0,0
WBGene00045774.,0,0,0
WBGene00045775.,0,0,0
WBGene00045776.,0,1,1
WBGene00045777.,0,0,0
WBGene00045778.,0,0,0
WBGene00045779.,0,0,0
WBGene00045780.,0,1,1
WBGene00045781.,0,0,0
WBGene00045782.,0,0,0
WBGene00045783.,0,0,0
WBGene00045784.,0,0,0
WBGene00045785.,0,0,0
WBGene00045786.,0,0,0
WBGene00045787.,0,3,3
WBGene00045788.,0,0,0
WBGene00045789.,0,0,0
WBGene00045790.,0,0,0
WBGene00045791.,0,0,0
WBGene00045792.,0,0,0
WBGene00045793.,0,0,0
WBGene00045794.,0,0,0
WBGene00045795.,0,0,0
WBGene00045796.,0,1,1
WBGene00045797.,0,0,0
WBGene00045798.,0,0,0
WBGene00045799.,0,0,0
WBGene00045800.,0,0,0
WBGene00045801.,0,0,0
WBGene00045802.,0,0,0
WBGene00045803.,0,0,0
WBGene00045804.,0,0,0
WBGene00045805.,0,0,0
WBGene00045806.,0,0,0
WBGene00045807.,0,0,0
WBGene00045808.,0,0,0
WBGene00045809.,0,0,0
WBGene00045810.,0,0,0
WBGene00045811.,0,0,0
WBGene00045812.,0,0,0
WBGene00045813.,0,0,0
WBGene00045814.,0,0,0
WBGene00045815.,0,0,0
WBGene00045816.,0,0,0
WBGene00045817.,0,0,0
WBGene00045818.,0,0,0
WBGene00045819.,0,0,0
WBGene00045820.,0,0,0
WBGene00045821.,0,0,0
WBGene00045822.,0,1,1
WBGene00045823.,0,0,0
WBGene00045824.,0,1,1
WBGene00045825.,0,0,0
WBGene00045826.,0,0,0
WBGene00045827.,0,0,0
WBGene00045828.,0,0,0
WBGene00045829.,0,0,0
WBGene00045830.,0,0,0
WBGene00045831.,0,0,0
WBGene00045832.,0,0,0
WBGene00045833.,0,0,0
WBGene00045834.,0,0,0
WBGene00045835.,0,0,0
WBGene00045836.,0,0,0
WBGene00045837.,0,0,0
WBGene00045838.,0,0,0
WBGene00045839.,0,1,1
WBGene00045840.,0,0,0
WBGene00045841.,0,0,0
WBGene00045842.,0,0,0
WBGene00045843.,0,0,0
WBGene00045844.,0,0,0
WBGene00045845.,0,0,0
WBGene00045846.,0,0,0
WBGene00045847.,0,0,0
WBGene00045848.,0,0,0
WBGene00045849.,0,0,0
WBGene00045850.,0,0,0
WBGene00045851.,0,0,0
WBGene00045852.,0,0,0
WBGene00045853.,0,0,0
WBGene00045854.,0,0,0
WBGene00045855.,0,0,0
WBGene00045856.,0,2,2
WBGene00045857.,0,0,0
WBGene00045858.,0,0,0
WBGene00045859.,0,0,0
WBGene00045860.,0,1,1
WBGene00045861.,0,0,0
WBGene00045862.,0,0,0
WBGene00045863.,0,0,0
WBGene00045864.,0,0,0
WBGene00045865.,0,0,0
WBGene00045866.,0,0,0
WBGene00045867.,0,0,0
WBGene00045868.,0,0,0
WBGene00045869.,0,0,0
WBGene00045870.,0,0,0
WBGene00045871.,0,2,2
WBGene00045872.,0,0,0
WBGene00045873.,0,0,0
WBGene00045874.,0,1,1
WBGene00045875.,0,0,0
WBGene00045876.,0,0,0
WBGene00045877.,0,0,0
WBGene00045878.,0,0,0
WBGene00045879.,0,0,0
WBGene00045880.,0,0,0
WBGene00045881.,0,0,0
WBGene00045882.,0,0,0
WBGene00045883.,0,0,0
WBGene00045884.,0,0,0
WBGene00045885.,0,0,0
WBGene00045886.,0,0,0
WBGene00045887.,0,0,0
WBGene00045888.,0,0,0
WBGene00045889.,0,0,0
WBGene00045890.,0,0,0
WBGene00045891.,0,0,0
WBGene00045892.,0,0,0
WBGene00045893.,0,0,0
WBGene00045894.,0,0,0
WBGene00045895.,0,1,1
WBGene00045896.,0,0,0
WBGene00045897.,0,0,0
WBGene00045898.,0,0,0
WBGene00045899.,0,0,0
WBGene00045900.,0,0,0
WBGene00045901.,0,0,0
WBGene00045902.,0,0,0
WBGene00045903.,0,0,0
WBGene00045904.,0,0,0
WBGene00045905.,0,0,0
WBGene00045906.,0,0,0
WBGene00045907.,0,0,0
WBGene00045908.,0,0,0
WBGene00045909.,0,1,1
WBGene00045910.,0,0,0
WBGene00045911.,0,0,0
WBGene00045912.,0,0,0
WBGene00045913.,0,0,0
WBGene00045914.,0,0,0
WBGene00045915.,0,0,0
WBGene00045916.,0,0,0
WBGene00045917.,0,0,0
WBGene00045918.,0,0,0
WBGene00045919.,0,0,0
WBGene00045920.,0,0,0
WBGene00045921.,0,0,0
WBGene00045922.,0,0,0
WBGene00045923.,0,0,0
WBGene00045924.,0,0,0
WBGene00045925.,0,0,0
WBGene00045926.,0,0,0
WBGene00045927.,0,0,0
WBGene00045928.,0,1,1
WBGene00045929.,0,0,0
WBGene00045930.,0,0,0
WBGene00045931.,0,0,0
WBGene00045932.,0,0,0
WBGene00045933.,0,0,0
WBGene00045934.,0,0,0
WBGene00045935.,0,0,0
WBGene00045936.,0,0,0
WBGene00045937.,0,0,0
WBGene00045938.,0,0,0
WBGene00045939.,0,0,0
WBGene00045940.,0,0,0
WBGene00045941.,0,0,0
WBGene00045942.,0,0,0
WBGene00045943.,0,0,0
WBGene00045944.,0,0,0
WBGene00045945.,0,0,0
WBGene00045946.,0,0,0
WBGene00045947.,0,0,0
WBGene00045948.,0,0,0
WBGene00045949.,0,0,0
WBGene00045950.,0,0,0
WBGene00045951.,0,0,0
WBGene00045952.,0,0,0
WBGene00045953.,0,0,0
WBGene00045954.,0,0,0
WBGene00045955.,0,0,0
WBGene00045956.,0,0,0
WBGene00045957.,0,0,0
WBGene00045958.,0,0,0
WBGene00045959.,0,0,0
WBGene00045960.,0,0,0
WBGene00045961.,0,1,1
WBGene00045962.,0,0,0
WBGene00045963.,0,0,0
WBGene00045964.,0,0,0
WBGene00045965.,0,0,0
WBGene00045966.,0,0,0
WBGene00045967.,0,0,0
WBGene00045968.,0,0,0
WBGene00045969.,0,0,0
WBGene00045970.,0,0,0
WBGene00045971.,0,0,0
WBGene00045972.,0,0,0
WBGene00045973.,0,0,0
WBGene00045974.,0,0,0
WBGene00045975.,0,0,0
WBGene00045976.,0,0,0
WBGene00045977.,0,1,1
WBGene00045978.,0,0,0
WBGene00045979.,0,0,0
WBGene00045980.,0,0,0
WBGene00045981.,0,0,0
WBGene00045982.,0,0,0
WBGene00045983.,0,0,0
WBGene00045984.,0,0,0
WBGene00045985.,0,0,0
WBGene00045986.,0,0,0
WBGene00045987.,0,0,0
WBGene00045988.,0,0,0
WBGene00045989.,0,0,0
WBGene00045990.,0,0,0
WBGene00045991.,0,0,0
WBGene00045992.,0,0,0
WBGene00045993.,0,0,0
WBGene00045994.,0,0,0
WBGene00045995.,0,1,1
WBGene00045996.,0,0,0
WBGene00045997.,0,0,0
WBGene00045998.,0,0,0
WBGene00045999.,0,0,0
WBGene00046000.,0,0,0
WBGene00046001.,0,0,0
WBGene00046002.,0,0,0
WBGene00046003.,0,0,0
WBGene00046004.,0,0,0
WBGene00046005.,0,0,0
WBGene00046006.,0,0,0
WBGene00046007.,0,0,0
WBGene00046008.,0,0,0
WBGene00046009.,0,0,0
WBGene00046010.,0,0,0
WBGene00046011.,0,0,0
WBGene00046012.,0,0,0
WBGene00046013.,0,0,0
WBGene00046014.,0,0,0
WBGene00046015.,0,0,0
WBGene00046016.,0,0,0
WBGene00046017.,0,0,0
WBGene00046018.,0,0,0
WBGene00046019.,0,0,0
WBGene00046020.,0,0,0
WBGene00046021.,0,0,0
WBGene00046022.,0,0,0
WBGene00046023.,0,0,0
WBGene00046024.,0,0,0
WBGene00046025.,0,0,0
WBGene00046026.,0,0,0
WBGene00046027.,0,1,1
WBGene00046028.,0,0,0
WBGene00046029.,0,1,1
WBGene00046030.,0,0,0
WBGene00046031.,0,0,0
WBGene00046032.,0,0,0
WBGene00046033.,0,0,0
WBGene00046034.,0,0,0
WBGene00046035.,0,0,0
WBGene00046036.,0,0,0
WBGene00046037.,0,1,1
WBGene00046038.,0,0,0
WBGene00046039.,0,0,0
WBGene00046040.,0,0,0
WBGene00046041.,0,0,0
WBGene00046042.,0,0,0
WBGene00046043.,0,2,2
WBGene00046044.,0,0,0
WBGene00046045.,0,0,0
WBGene00046046.,0,0,0
WBGene00046047.,0,0,0
WBGene00046048.,0,0,0
WBGene00046049.,0,0,0
WBGene00046050.,0,0,0
WBGene00046051.,0,0,0
WBGene00046052.,0,0,0
WBGene00046053.,0,0,0
WBGene00046054.,0,0,0
WBGene00046055.,0,0,0
WBGene00046056.,0,0,0
WBGene00046057.,0,0,0
WBGene00046058.,0,0,0
WBGene00046059.,0,0,0
WBGene00046060.,0,2,2
WBGene00046061.,0,0,0
WBGene00046062.,0,0,0
WBGene00046063.,0,0,0
WBGene00046064.,0,0,0
WBGene00046065.,0,0,0
WBGene00046066.,0,0,0
WBGene00046067.,0,0,0
WBGene00046068.,0,0,0
WBGene00046069.,0,0,0
WBGene00046070.,0,0,0
WBGene00046071.,0,0,0
WBGene00046072.,0,0,0
WBGene00046073.,0,0,0
WBGene00046074.,0,0,0
WBGene00046075.,0,0,0
WBGene00046076.,0,0,0
WBGene00046077.,0,0,0
WBGene00046078.,0,0,0
WBGene00046079.,0,0,0
WBGene00046080.,0,0,0
WBGene00046081.,0,0,0
WBGene00046082.,0,0,0
WBGene00046083.,0,0,0
WBGene00046084.,0,0,0
WBGene00046085.,0,0,0
WBGene00046086.,0,0,0
WBGene00046087.,0,0,0
WBGene00046088.,0,0,0
WBGene00046089.,0,0,0
WBGene00046090.,0,0,0
WBGene00046091.,0,0,0
WBGene00046092.,0,1,1
WBGene00046093.,0,0,0
WBGene00046094.,0,0,0
WBGene00046095.,0,0,0
WBGene00046096.,0,0,0
WBGene00046097.,0,0,0
WBGene00046098.,0,0,0
WBGene00046099.,0,0,0
WBGene00046100.,0,0,0
WBGene00046101.,0,0,0
WBGene00046102.,0,0,0
WBGene00046103.,0,0,0
WBGene00046104.,0,1,1
WBGene00046105.,0,0,0
WBGene00046106.,0,0,0
WBGene00046107.,0,0,0
WBGene00046108.,0,1,1
WBGene00046109.,0,1,1
WBGene00046110.,0,0,0
WBGene00046111.,0,0,0
WBGene00046112.,0,1,1
WBGene00046113.,0,0,0
WBGene00046114.,0,0,0
WBGene00046115.,0,0,0
WBGene00046116.,0,0,0
WBGene00046117.,0,0,0
WBGene00046118.,0,0,0
WBGene00046119.,0,0,0
WBGene00046120.,0,0,0
WBGene00046121.,0,0,0
WBGene00046122.,0,0,0
WBGene00046123.,0,0,0
WBGene00046124.,0,0,0
WBGene00046125.,0,1,1
WBGene00046126.,0,0,0
WBGene00046127.,0,0,0
WBGene00046128.,0,0,0
WBGene00046129.,0,0,0
WBGene00046130.,0,0,0
WBGene00046131.,0,0,0
WBGene00046132.,0,0,0
WBGene00046133.,0,0,0
WBGene00046134.,0,0,0
WBGene00046135.,0,0,0
WBGene00046136.,0,0,0
WBGene00046137.,0,0,0
WBGene00046138.,0,0,0
WBGene00046139.,0,0,0
WBGene00046140.,0,0,0
WBGene00046141.,0,0,0
WBGene00046142.,0,0,0
WBGene00046143.,0,1,1
WBGene00046144.,0,0,0
WBGene00046145.,0,0,0
WBGene00046146.,0,0,0
WBGene00046147.,0,0,0
WBGene00046148.,0,0,0
WBGene00046149.,0,0,0
WBGene00046150.,0,0,0
WBGene00046151.,0,0,0
WBGene00046152.,0,0,0
WBGene00046153.,0,0,0
WBGene00046154.,0,0,0
WBGene00046155.,0,0,0
WBGene00046156.,0,1,1
WBGene00046157.,0,0,0
WBGene00046158.,0,0,0
WBGene00046159.,0,0,0
WBGene00046160.,0,0,0
WBGene00046161.,0,0,0
WBGene00046162.,0,0,0
WBGene00046163.,0,0,0
WBGene00046164.,0,0,0
WBGene00046165.,0,0,0
WBGene00046166.,0,0,0
WBGene00046167.,0,0,0
WBGene00046168.,0,0,0
WBGene00046169.,0,0,0
WBGene00046170.,0,0,0
WBGene00046171.,0,0,0
WBGene00046172.,0,0,0
WBGene00046173.,0,0,0
WBGene00046174.,0,0,0
WBGene00046175.,0,0,0
WBGene00046176.,0,5,5
WBGene00046177.,0,0,0
WBGene00046178.,0,0,0
WBGene00046179.,0,0,0
WBGene00046180.,0,0,0
WBGene00046181.,0,0,0
WBGene00046182.,0,0,0
WBGene00046183.,0,4,4
WBGene00046184.,0,0,0
WBGene00046185.,0,0,0
WBGene00046186.,0,0,0
WBGene00046187.,0,0,0
WBGene00046188.,0,0,0
WBGene00046189.,0,0,0
WBGene00046190.,0,0,0
WBGene00046191.,0,0,0
WBGene00046192.,0,0,0
WBGene00046193.,0,0,0
WBGene00046194.,0,0,0
WBGene00046195.,0,0,0
WBGene00046196.,0,1,1
WBGene00046197.,0,0,0
WBGene00046198.,0,0,0
WBGene00046199.,0,0,0
WBGene00046200.,0,0,0
WBGene00046201.,0,0,0
WBGene00046202.,0,0,0
WBGene00046203.,0,0,0
WBGene00046204.,0,0,0
WBGene00046205.,0,0,0
WBGene00046206.,0,0,0
WBGene00046207.,0,0,0
WBGene00046208.,0,0,0
WBGene00046209.,0,2,2
WBGene00046210.,0,0,0
WBGene00046211.,0,0,0
WBGene00046212.,0,0,0
WBGene00046213.,0,0,0
WBGene00046214.,0,0,0
WBGene00046215.,0,0,0
WBGene00046216.,0,1,1
WBGene00046217.,0,0,0
WBGene00046218.,0,0,0
WBGene00046219.,0,0,0
WBGene00046220.,0,0,0
WBGene00046221.,0,0,0
WBGene00046222.,0,0,0
WBGene00046223.,0,0,0
WBGene00046224.,0,0,0
WBGene00046225.,0,0,0
WBGene00046226.,0,0,0
WBGene00046227.,0,0,0
WBGene00046228.,0,0,0
WBGene00046229.,0,0,0
WBGene00046230.,0,0,0
WBGene00046231.,0,0,0
WBGene00046232.,0,1,1
WBGene00046233.,0,0,0
WBGene00046234.,0,0,0
WBGene00046235.,0,0,0
WBGene00046236.,0,0,0
WBGene00046237.,0,0,0
WBGene00046238.,0,0,0
WBGene00046239.,0,0,0
WBGene00046240.,0,0,0
WBGene00046241.,0,0,0
WBGene00046242.,0,0,0
WBGene00046243.,0,1,1
WBGene00046244.,0,0,0
WBGene00046245.,0,0,0
WBGene00046246.,0,0,0
WBGene00046247.,0,0,0
WBGene00046248.,0,0,0
WBGene00046249.,0,0,0
WBGene00046250.,0,0,0
WBGene00046251.,0,0,0
WBGene00046252.,0,0,0
WBGene00046253.,0,0,0
WBGene00046254.,0,0,0
WBGene00046255.,0,0,0
WBGene00046256.,0,1,1
WBGene00046257.,0,0,0
WBGene00046258.,0,0,0
WBGene00046259.,0,0,0
WBGene00046260.,0,0,0
WBGene00046261.,0,0,0
WBGene00046262.,0,0,0
WBGene00046263.,0,0,0
WBGene00046264.,0,0,0
WBGene00046265.,0,0,0
WBGene00046266.,0,0,0
WBGene00046267.,0,0,0
WBGene00046268.,0,0,0
WBGene00046269.,0,1,1
WBGene00046270.,0,0,0
WBGene00046271.,0,0,0
WBGene00046272.,0,0,0
WBGene00046273.,0,0,0
WBGene00046274.,0,0,0
WBGene00046275.,0,0,0
WBGene00046276.,0,0,0
WBGene00046277.,0,0,0
WBGene00046278.,0,0,0
WBGene00046279.,0,0,0
WBGene00046280.,0,0,0
WBGene00046281.,0,0,0
WBGene00046282.,0,0,0
WBGene00046283.,0,0,0
WBGene00046284.,0,0,0
WBGene00046285.,0,0,0
WBGene00046286.,0,0,0
WBGene00046287.,0,0,0
WBGene00046288.,0,0,0
WBGene00046289.,0,3,3
WBGene00046290.,0,0,0
WBGene00046291.,0,0,0
WBGene00046292.,0,0,0
WBGene00046293.,0,0,0
WBGene00046294.,0,1,1
WBGene00046295.,0,0,0
WBGene00046296.,0,0,0
WBGene00046297.,0,0,0
WBGene00046298.,0,0,0
WBGene00046299.,0,0,0
WBGene00046300.,0,0,0
WBGene00046301.,0,1,1
WBGene00046302.,0,0,0
WBGene00046303.,0,0,0
WBGene00046304.,0,0,0
WBGene00046305.,0,0,0
WBGene00046306.,0,0,0
WBGene00046307.,0,0,0
WBGene00046308.,0,1,1
WBGene00046309.,0,0,0
WBGene00046310.,0,0,0
WBGene00046311.,0,0,0
WBGene00046312.,0,0,0
WBGene00046313.,0,0,0
WBGene00046314.,0,0,0
WBGene00046315.,0,0,0
WBGene00046316.,0,0,0
WBGene00046317.,0,1,1
WBGene00046318.,0,0,0
WBGene00046319.,0,0,0
WBGene00046320.,0,0,0
WBGene00046321.,0,0,0
WBGene00046322.,0,2,2
WBGene00046323.,0,0,0
WBGene00046324.,0,0,0
WBGene00046325.,0,2,2
WBGene00046326.,0,0,0
WBGene00046327.,0,0,0
WBGene00046328.,0,0,0
WBGene00046329.,0,0,0
WBGene00046330.,0,0,0
WBGene00046331.,0,0,0
WBGene00046332.,0,0,0
WBGene00046333.,0,0,0
WBGene00046334.,0,0,0
WBGene00046335.,0,0,0
WBGene00046336.,0,0,0
WBGene00046337.,0,0,0
WBGene00046338.,0,0,0
WBGene00046339.,0,0,0
WBGene00046340.,0,0,0
WBGene00046341.,0,0,0
WBGene00046342.,0,0,0
WBGene00046343.,0,0,0
WBGene00046344.,0,1,1
WBGene00046345.,0,1,1
WBGene00046346.,0,0,0
WBGene00046347.,0,0,0
WBGene00046348.,0,0,0
WBGene00046349.,0,0,0
WBGene00046350.,0,0,0
WBGene00046351.,0,0,0
WBGene00046352.,0,0,0
WBGene00046353.,0,0,0
WBGene00046354.,0,0,0
WBGene00046355.,0,0,0
WBGene00046356.,0,0,0
WBGene00046357.,0,0,0
WBGene00046358.,0,0,0
WBGene00046359.,0,0,0
WBGene00046360.,0,0,0
WBGene00046361.,0,0,0
WBGene00046362.,0,0,0
WBGene00046363.,0,0,0
WBGene00046364.,0,0,0
WBGene00046365.,0,0,0
WBGene00046366.,0,1,1
WBGene00046367.,0,0,0
WBGene00046368.,0,0,0
WBGene00046369.,0,0,0
WBGene00046370.,0,0,0
WBGene00046371.,0,0,0
WBGene00046372.,0,0,0
WBGene00046373.,0,0,0
WBGene00046374.,0,0,0
WBGene00046375.,0,0,0
WBGene00046376.,0,0,0
WBGene00046377.,0,0,0
WBGene00046378.,0,0,0
WBGene00046379.,0,0,0
WBGene00046380.,0,0,0
WBGene00046381.,0,0,0
WBGene00046382.,0,0,0
WBGene00046383.,0,0,0
WBGene00046384.,0,0,0
WBGene00046385.,0,0,0
WBGene00046386.,0,0,0
WBGene00046387.,0,0,0
WBGene00046388.,0,0,0
WBGene00046389.,0,0,0
WBGene00046390.,0,0,0
WBGene00046391.,0,0,0
WBGene00046392.,0,0,0
WBGene00046393.,0,0,0
WBGene00046394.,0,1,1
WBGene00046395.,0,0,0
WBGene00046396.,0,0,0
WBGene00046397.,0,0,0
WBGene00046398.,0,0,0
WBGene00046399.,0,2,2
WBGene00046400.,0,0,0
WBGene00046401.,0,0,0
WBGene00046402.,0,0,0
WBGene00046403.,0,1,1
WBGene00046404.,0,0,0
WBGene00046405.,0,0,0
WBGene00046406.,0,2,2
WBGene00046407.,0,0,0
WBGene00046408.,0,0,0
WBGene00046409.,0,0,0
WBGene00046410.,0,0,0
WBGene00046411.,0,0,0
WBGene00046412.,0,0,0
WBGene00046413.,0,0,0
WBGene00046414.,0,0,0
WBGene00046415.,0,0,0
WBGene00046416.,0,0,0
WBGene00046417.,0,0,0
WBGene00046418.,0,0,0
WBGene00046419.,0,0,0
WBGene00046420.,0,0,0
WBGene00046421.,0,1,1
WBGene00046422.,0,0,0
WBGene00046423.,0,0,0
WBGene00046424.,0,0,0
WBGene00046425.,0,0,0
WBGene00046426.,0,0,0
WBGene00046427.,0,0,0
WBGene00046428.,0,0,0
WBGene00046429.,0,1,1
WBGene00046430.,0,0,0
WBGene00046431.,0,3,3
WBGene00046432.,0,0,0
WBGene00046433.,0,0,0
WBGene00046434.,0,0,0
WBGene00046435.,0,4,4
WBGene00046436.,0,0,0
WBGene00046437.,0,0,0
WBGene00046438.,0,1,1
WBGene00046439.,0,0,0
WBGene00046440.,0,0,0
WBGene00046441.,0,0,0
WBGene00046442.,0,0,0
WBGene00046443.,0,0,0
WBGene00046444.,0,0,0
WBGene00046445.,0,0,0
WBGene00046446.,0,0,0
WBGene00046447.,0,0,0
WBGene00046448.,0,0,0
WBGene00046449.,0,0,0
WBGene00046450.,0,0,0
WBGene00046451.,0,0,0
WBGene00046452.,0,0,0
WBGene00046453.,0,0,0
WBGene00046454.,0,0,0
WBGene00046455.,0,0,0
WBGene00046456.,0,0,0
WBGene00046457.,0,0,0
WBGene00046458.,0,0,0
WBGene00046459.,0,0,0
WBGene00046460.,0,0,0
WBGene00046461.,0,0,0
WBGene00046462.,0,0,0
WBGene00046463.,0,0,0
WBGene00046464.,0,0,0
WBGene00046465.,0,0,0
WBGene00046466.,0,0,0
WBGene00046467.,0,0,0
WBGene00046468.,0,0,0
WBGene00046469.,0,0,0
WBGene00046470.,0,0,0
WBGene00046471.,0,0,0
WBGene00046472.,0,0,0
WBGene00046473.,0,1,1
WBGene00046474.,0,0,0
WBGene00046475.,0,0,0
WBGene00046476.,0,0,0
WBGene00046477.,0,0,0
WBGene00046478.,0,0,0
WBGene00046479.,0,0,0
WBGene00046480.,0,0,0
WBGene00046481.,0,0,0
WBGene00046482.,0,0,0
WBGene00046483.,0,0,0
WBGene00046484.,0,1,1
WBGene00046485.,0,0,0
WBGene00046486.,0,0,0
WBGene00046487.,0,0,0
WBGene00046488.,0,0,0
WBGene00046489.,0,0,0
WBGene00046490.,0,0,0
WBGene00046491.,0,0,0
WBGene00046492.,0,0,0
WBGene00046493.,0,0,0
WBGene00046494.,0,0,0
WBGene00046495.,0,0,0
WBGene00046496.,0,0,0
WBGene00046497.,0,0,0
WBGene00046498.,0,0,0
WBGene00046499.,0,0,0
WBGene00046500.,0,0,0
WBGene00046501.,0,0,0
WBGene00046502.,0,0,0
WBGene00046503.,0,0,0
WBGene00046504.,0,0,0
WBGene00046505.,0,0,0
WBGene00046506.,0,1,1
WBGene00046507.,0,0,0
WBGene00046508.,0,0,0
WBGene00046509.,0,0,0
WBGene00046510.,0,0,0
WBGene00046511.,0,0,0
WBGene00046512.,0,0,0
WBGene00046513.,0,0,0
WBGene00046514.,0,1,1
WBGene00046515.,0,0,0
WBGene00046516.,0,0,0
WBGene00046517.,0,0,0
WBGene00046518.,0,0,0
WBGene00046519.,0,0,0
WBGene00046520.,0,0,0
WBGene00046521.,0,0,0
WBGene00046522.,0,0,0
WBGene00046523.,0,0,0
WBGene00046524.,0,0,0
WBGene00046525.,0,0,0
WBGene00046526.,0,0,0
WBGene00046527.,0,0,0
WBGene00046528.,0,0,0
WBGene00046529.,0,1,1
WBGene00046530.,0,0,0
WBGene00046531.,0,3,3
WBGene00046532.,0,0,0
WBGene00046533.,0,0,0
WBGene00046534.,0,0,0
WBGene00046535.,0,0,0
WBGene00046536.,0,0,0
WBGene00046537.,0,0,0
WBGene00046538.,0,0,0
WBGene00046539.,0,0,0
WBGene00046540.,0,0,0
WBGene00046541.,0,0,0
WBGene00046542.,0,0,0
WBGene00046543.,0,0,0
WBGene00046544.,0,1,1
WBGene00046545.,0,0,0
WBGene00046546.,0,0,0
WBGene00046547.,0,7,7
WBGene00046548.,0,0,0
WBGene00046549.,0,0,0
WBGene00046550.,0,0,0
WBGene00046551.,0,0,0
WBGene00046552.,0,0,0
WBGene00046553.,0,0,0
WBGene00046554.,0,0,0
WBGene00046555.,0,0,0
WBGene00046556.,0,0,0
WBGene00046557.,0,0,0
WBGene00046558.,0,0,0
WBGene00046559.,0,0,0
WBGene00046560.,0,0,0
WBGene00046561.,0,0,0
WBGene00046562.,0,0,0
WBGene00046563.,0,2,2
WBGene00046564.,0,0,0
WBGene00046565.,0,0,0
WBGene00046566.,0,0,0
WBGene00046567.,0,0,0
WBGene00046568.,0,0,0
WBGene00046569.,0,0,0
WBGene00046570.,0,0,0
WBGene00046571.,0,0,0
WBGene00046572.,0,1,1
WBGene00046573.,0,0,0
WBGene00046574.,0,0,0
WBGene00046575.,0,0,0
WBGene00046576.,0,0,0
WBGene00046577.,0,1,1
WBGene00046578.,0,0,0
WBGene00046579.,0,0,0
WBGene00046580.,0,0,0
WBGene00046581.,0,0,0
WBGene00046582.,0,0,0
WBGene00046583.,0,0,0
WBGene00046584.,0,0,0
WBGene00046585.,0,0,0
WBGene00046586.,0,0,0
WBGene00046587.,0,0,0
WBGene00046588.,0,0,0
WBGene00046589.,0,0,0
WBGene00046590.,0,0,0
WBGene00046591.,0,0,0
WBGene00046592.,0,0,0
WBGene00046593.,0,0,0
WBGene00046594.,0,0,0
WBGene00046595.,0,0,0
WBGene00046596.,0,0,0
WBGene00046597.,0,0,0
WBGene00046598.,0,0,0
WBGene00046599.,0,0,0
WBGene00046600.,0,0,0
WBGene00046601.,0,0,0
WBGene00046602.,0,0,0
WBGene00046603.,0,3,3
WBGene00046604.,0,0,0
WBGene00046605.,0,0,0
WBGene00046606.,0,0,0
WBGene00046607.,0,0,0
WBGene00046608.,0,0,0
WBGene00046609.,0,0,0
WBGene00046610.,0,0,0
WBGene00046611.,0,0,0
WBGene00046612.,0,0,0
WBGene00046613.,0,0,0
WBGene00046614.,0,0,0
WBGene00046615.,0,0,0
WBGene00046616.,0,0,0
WBGene00046617.,0,0,0
WBGene00046618.,0,0,0
WBGene00046619.,0,0,0
WBGene00046620.,0,0,0
WBGene00046621.,0,0,0
WBGene00046622.,0,0,0
WBGene00046623.,0,1,1
WBGene00046624.,0,0,0
WBGene00046625.,0,0,0
WBGene00046626.,0,0,0
WBGene00046627.,0,0,0
WBGene00046628.,0,1,1
WBGene00046629.,0,0,0
WBGene00046630.,0,0,0
WBGene00046631.,0,0,0
WBGene00046632.,0,0,0
WBGene00046633.,0,0,0
WBGene00046634.,0,0,0
WBGene00046635.,0,0,0
WBGene00046636.,0,0,0
WBGene00046637.,0,0,0
WBGene00046638.,0,0,0
WBGene00046639.,0,0,0
WBGene00046640.,0,0,0
WBGene00046641.,0,0,0
WBGene00046642.,0,0,0
WBGene00046643.,0,1,1
WBGene00046644.,0,1,1
WBGene00046645.,0,0,0
WBGene00046646.,0,0,0
WBGene00046647.,0,0,0
WBGene00046648.,0,0,0
WBGene00046649.,0,0,0
WBGene00046650.,0,0,0
WBGene00046651.,0,0,0
WBGene00046652.,0,2,2
WBGene00046653.,0,0,0
WBGene00046654.,0,0,0
WBGene00046655.,0,1,1
WBGene00046656.,0,0,0
WBGene00046657.,0,0,0
WBGene00046658.,0,0,0
WBGene00046659.,0,0,0
WBGene00046660.,0,0,0
WBGene00046661.,0,0,0
WBGene00046662.,0,0,0
WBGene00046663.,0,1,1
WBGene00046664.,0,1,1
WBGene00046665.,0,0,0
WBGene00046666.,0,0,0
WBGene00046667.,0,0,0
WBGene00046668.,0,0,0
WBGene00046669.,0,0,0
WBGene00046670.,0,1,1
WBGene00046671.,0,0,0
WBGene00046672.,0,1,1
WBGene00046673.,0,0,0
WBGene00046674.,0,0,0
WBGene00046675.,0,0,0
WBGene00046676.,0,0,0
WBGene00046677.,0,0,0
WBGene00046678.,0,0,0
WBGene00046679.,0,0,0
WBGene00046680.,0,0,0
WBGene00046681.,0,0,0
WBGene00046682.,0,0,0
WBGene00046683.,0,1,1
WBGene00046684.,0,0,0
WBGene00046685.,0,0,0
WBGene00046686.,0,0,0
WBGene00046687.,0,0,0
WBGene00046688.,0,0,0
WBGene00046689.,0,0,0
WBGene00046690.,0,0,0
WBGene00046691.,0,1,1
WBGene00046692.,0,0,0
WBGene00046693.,0,0,0
WBGene00046694.,0,0,0
WBGene00046695.,0,0,0
WBGene00046696.,0,0,0
WBGene00046697.,0,0,0
WBGene00046698.,0,4142,4142
WBGene00046699.,0,0,0
WBGene00046700.,0,0,0
WBGene00046701.,0,0,0
WBGene00046702.,0,0,0
WBGene00046703.,0,0,0
WBGene00046704.,0,0,0
WBGene00046705.,0,0,0
WBGene00046706.,0,0,0
WBGene00046707.,0,0,0
WBGene00046708.,0,0,0
WBGene00046709.,0,0,0
WBGene00046710.,0,0,0
WBGene00046711.,0,0,0
WBGene00046712.,0,0,0
WBGene00046713.,0,0,0
WBGene00046714.,0,0,0
WBGene00046715.,0,0,0
WBGene00046716.,0,0,0
WBGene00046717.,0,0,0
WBGene00046718.,0,0,0
WBGene00046719.,0,0,0
WBGene00046720.,0,0,0
WBGene00046721.,0,0,0
WBGene00046722.,0,0,0
WBGene00046723.,0,0,0
WBGene00046724.,0,0,0
WBGene00046725.,0,0,0
WBGene00046726.,0,0,0
WBGene00046727.,0,0,0
WBGene00046728.,0,0,0
WBGene00046729.,0,0,0
WBGene00046730.,0,0,0
WBGene00046731.,0,0,0
WBGene00046732.,0,0,0
WBGene00046733.,0,0,0
WBGene00046734.,0,0,0
WBGene00046735.,0,0,0
WBGene00046736.,0,0,0
WBGene00046737.,0,0,0
WBGene00046738.,0,0,0
WBGene00046739.,0,0,0
WBGene00046740.,0,0,0
WBGene00046741.,0,9,9
WBGene00046742.,0,0,0
WBGene00046743.,0,0,0
WBGene00046744.,0,0,0
WBGene00046745.,0,0,0
WBGene00046746.,0,0,0
WBGene00046747.,0,0,0
WBGene00046748.,0,3,3
WBGene00046749.,0,1,1
WBGene00046750.,0,0,0
WBGene00046751.,0,0,0
WBGene00046752.,0,0,0
WBGene00046753.,0,0,0
WBGene00046754.,0,0,0
WBGene00046755.,0,0,0
WBGene00046756.,0,0,0
WBGene00046757.,0,0,0
WBGene00046758.,0,0,0
WBGene00046759.,0,0,0
WBGene00046760.,0,0,0
WBGene00046761.,0,5,5
WBGene00046762.,0,0,0
WBGene00046763.,0,0,0
WBGene00046764.,0,0,0
WBGene00046765.,0,0,0
WBGene00046766.,0,0,0
WBGene00046767.,0,1,1
WBGene00046768.,0,0,0
WBGene00046769.,0,0,0
WBGene00046770.,0,0,0
WBGene00046771.,0,0,0
WBGene00046772.,0,0,0
WBGene00046773.,0,0,0
WBGene00046774.,0,0,0
WBGene00046775.,0,0,0
WBGene00046776.,0,0,0
WBGene00046777.,0,0,0
WBGene00046778.,0,0,0
WBGene00046779.,0,0,0
WBGene00046780.,0,0,0
WBGene00046781.,0,0,0
WBGene00046782.,0,0,0
WBGene00046783.,0,0,0
WBGene00046784.,0,0,0
WBGene00046785.,0,2,2
WBGene00046786.,0,0,0
WBGene00046787.,0,0,0
WBGene00046788.,0,0,0
WBGene00046789.,0,0,0
WBGene00046790.,0,0,0
WBGene00046791.,0,0,0
WBGene00046792.,0,0,0
WBGene00046793.,0,0,0
WBGene00046794.,0,0,0
WBGene00046795.,0,0,0
WBGene00046796.,0,1,1
WBGene00046797.,0,0,0
WBGene00046798.,0,0,0
WBGene00046799.,0,0,0
WBGene00046800.,0,0,0
WBGene00046801.,0,0,0
WBGene00046802.,0,0,0
WBGene00046803.,0,0,0
WBGene00046804.,0,0,0
WBGene00046805.,0,0,0
WBGene00046806.,0,0,0
WBGene00046807.,0,0,0
WBGene00046808.,0,6,6
WBGene00046809.,0,0,0
WBGene00046810.,0,0,0
WBGene00046811.,0,0,0
WBGene00046812.,0,0,0
WBGene00046813.,0,0,0
WBGene00046814.,0,0,0
WBGene00046815.,0,0,0
WBGene00046816.,0,0,0
WBGene00046817.,0,0,0
WBGene00046818.,0,0,0
WBGene00046819.,0,0,0
WBGene00046820.,0,0,0
WBGene00046821.,0,0,0
WBGene00046822.,0,0,0
WBGene00046823.,0,0,0
WBGene00046824.,0,0,0
WBGene00046825.,0,0,0
WBGene00046826.,0,1,1
WBGene00046827.,0,0,0
WBGene00046828.,0,0,0
WBGene00046829.,0,0,0
WBGene00046830.,0,0,0
WBGene00046831.,0,0,0
WBGene00046832.,0,0,0
WBGene00046833.,0,0,0
WBGene00046834.,0,0,0
WBGene00046835.,0,0,0
WBGene00046836.,0,0,0
WBGene00046837.,0,1,1
WBGene00046838.,0,0,0
WBGene00046839.,0,4,4
WBGene00046840.,0,0,0
WBGene00046841.,0,0,0
WBGene00046842.,0,0,0
WBGene00046843.,0,0,0
WBGene00046844.,0,0,0
WBGene00046845.,0,0,0
WBGene00046846.,0,0,0
WBGene00046847.,0,0,0
WBGene00046848.,0,0,0
WBGene00046849.,0,0,0
WBGene00046850.,0,0,0
WBGene00046851.,0,0,0
WBGene00046852.,0,0,0
WBGene00046853.,0,0,0
WBGene00046854.,0,0,0
WBGene00046855.,0,0,0
WBGene00046856.,0,0,0
WBGene00046857.,0,0,0
WBGene00046858.,0,0,0
WBGene00046859.,0,11,11
WBGene00046860.,0,2,2
WBGene00046861.,0,0,0
WBGene00046862.,0,0,0
WBGene00046863.,0,1,1
WBGene00046864.,0,0,0
WBGene00046865.,0,0,0
WBGene00046866.,0,0,0
WBGene00046867.,0,0,0
WBGene00046868.,0,0,0
WBGene00046869.,0,0,0
WBGene00046870.,0,0,0
WBGene00046871.,0,0,0
WBGene00046872.,0,0,0
WBGene00046873.,0,0,0
WBGene00046874.,0,0,0
WBGene00046875.,0,0,0
WBGene00046876.,0,0,0
WBGene00046877.,0,0,0
WBGene00046878.,0,0,0
WBGene00046879.,0,0,0
WBGene00046880.,0,0,0
WBGene00046881.,0,0,0
WBGene00046882.,0,0,0
WBGene00046883.,0,0,0
WBGene00046884.,0,0,0
WBGene00046885.,0,0,0
WBGene00046886.,0,0,0
WBGene00046887.,0,0,0
WBGene00046888.,0,0,0
WBGene00046889.,0,0,0
WBGene00046890.,0,0,0
WBGene00046891.,0,0,0
WBGene00046892.,0,0,0
WBGene00046893.,0,0,0
WBGene00046894.,0,1,1
WBGene00046895.,0,0,0
WBGene00046896.,0,0,0
WBGene00046897.,0,0,0
WBGene00046898.,0,0,0
WBGene00046899.,0,0,0
WBGene00046900.,0,0,0
WBGene00046901.,0,0,0
WBGene00046902.,0,0,0
WBGene00046903.,0,0,0
WBGene00046904.,0,0,0
WBGene00046905.,0,0,0
WBGene00046906.,0,2,2
WBGene00046907.,0,0,0
WBGene00046908.,0,0,0
WBGene00046909.,0,0,0
WBGene00046910.,0,0,0
WBGene00046911.,0,0,0
WBGene00046912.,0,0,0
WBGene00046913.,0,0,0
WBGene00046914.,0,0,0
WBGene00046915.,0,0,0
WBGene00046916.,0,0,0
WBGene00046917.,0,0,0
WBGene00046918.,0,0,0
WBGene00046919.,0,0,0
WBGene00046920.,0,0,0
WBGene00046921.,0,0,0
WBGene00046922.,0,0,0
WBGene00046923.,0,0,0
WBGene00046924.,0,0,0
WBGene00046925.,0,0,0
WBGene00046926.,0,0,0
WBGene00046927.,0,0,0
WBGene00046928.,0,0,0
WBGene00046929.,0,0,0
WBGene00046930.,0,0,0
WBGene00046931.,0,0,0
WBGene00046932.,0,0,0
WBGene00046933.,0,0,0
WBGene00046934.,0,0,0
WBGene00046935.,0,0,0
WBGene00046936.,0,0,0
WBGene00046937.,0,0,0
WBGene00046938.,0,0,0
WBGene00046939.,0,0,0
WBGene00046940.,0,0,0
WBGene00046941.,0,0,0
WBGene00046942.,0,0,0
WBGene00046943.,0,0,0
WBGene00046944.,0,0,0
WBGene00046945.,0,0,0
WBGene00046946.,0,0,0
WBGene00046947.,0,0,0
WBGene00046948.,0,0,0
WBGene00046949.,0,0,0
WBGene00046950.,0,0,0
WBGene00046951.,0,0,0
WBGene00046952.,0,0,0
WBGene00046953.,0,0,0
WBGene00046954.,0,0,0
WBGene00046955.,0,0,0
WBGene00046956.,0,0,0
WBGene00046957.,0,0,0
WBGene00046958.,0,0,0
WBGene00046959.,0,0,0
WBGene00046960.,0,0,0
WBGene00046961.,0,0,0
WBGene00046962.,0,0,0
WBGene00046963.,0,0,0
WBGene00046964.,0,0,0
WBGene00046965.,0,0,0
WBGene00046966.,0,0,0
WBGene00046967.,0,0,0
WBGene00046968.,0,0,0
WBGene00046969.,0,0,0
WBGene00046970.,0,0,0
WBGene00046971.,0,0,0
WBGene00046972.,0,0,0
WBGene00046973.,0,0,0
WBGene00046974.,0,0,0
WBGene00046975.,0,0,0
WBGene00046976.,0,0,0
WBGene00046977.,0,1,1
WBGene00046978.,0,0,0
WBGene00046979.,0,0,0
WBGene00046980.,0,0,0
WBGene00046981.,0,0,0
WBGene00046982.,0,0,0
WBGene00046983.,0,0,0
WBGene00046984.,0,0,0
WBGene00046985.,0,0,0
WBGene00046986.,0,0,0
WBGene00046987.,0,0,0
WBGene00046988.,0,0,0
WBGene00046989.,0,0,0
WBGene00046990.,0,0,0
WBGene00046991.,0,0,0
WBGene00046992.,0,0,0
WBGene00046993.,0,0,0
WBGene00046994.,0,0,0
WBGene00046995.,0,0,0
WBGene00046996.,0,0,0
WBGene00046997.,0,0,0
WBGene00046998.,0,0,0
WBGene00046999.,0,0,0
WBGene00047000.,0,0,0
WBGene00047001.,0,0,0
WBGene00047002.,0,0,0
WBGene00047003.,0,1,1
WBGene00047004.,0,0,0
WBGene00047005.,0,0,0
WBGene00047006.,0,0,0
WBGene00047007.,0,0,0
WBGene00047008.,0,0,0
WBGene00047009.,0,0,0
WBGene00047010.,0,0,0
WBGene00047011.,0,0,0
WBGene00047012.,0,0,0
WBGene00047013.,0,0,0
WBGene00047014.,0,0,0
WBGene00047015.,0,0,0
WBGene00047016.,0,0,0
WBGene00047017.,0,0,0
WBGene00047018.,0,0,0
WBGene00047019.,0,0,0
WBGene00047020.,0,0,0
WBGene00047021.,0,1,1
WBGene00047022.,0,1,1
WBGene00047023.,0,0,0
WBGene00047024.,0,0,0
WBGene00047025.,0,0,0
WBGene00047026.,0,0,0
WBGene00047027.,0,0,0
WBGene00047028.,0,0,0
WBGene00047029.,0,0,0
WBGene00047030.,0,0,0
WBGene00047031.,0,0,0
WBGene00047032.,0,0,0
WBGene00047033.,0,0,0
WBGene00047034.,0,0,0
WBGene00047035.,0,0,0
WBGene00047036.,0,0,0
WBGene00047037.,0,0,0
WBGene00047038.,0,5,5
WBGene00047039.,0,0,0
WBGene00047040.,0,0,0
WBGene00047041.,0,0,0
WBGene00047042.,0,0,0
WBGene00047043.,0,0,0
WBGene00047044.,0,8,8
WBGene00047045.,0,0,0
WBGene00047046.,0,0,0
WBGene00047047.,0,0,0
WBGene00047048.,0,0,0
WBGene00047049.,0,0,0
WBGene00047050.,0,0,0
WBGene00047051.,0,0,0
WBGene00047052.,0,0,0
WBGene00047053.,0,1,1
WBGene00047054.,0,0,0
WBGene00047055.,0,0,0
WBGene00047056.,0,0,0
WBGene00047057.,0,0,0
WBGene00047058.,0,0,0
WBGene00047059.,0,0,0
WBGene00047060.,0,0,0
WBGene00047061.,0,0,0
WBGene00047062.,0,0,0
WBGene00047063.,0,0,0
WBGene00047064.,0,0,0
WBGene00047065.,0,0,0
WBGene00047066.,0,0,0
WBGene00047067.,0,0,0
WBGene00047068.,0,0,0
WBGene00047069.,0,0,0
WBGene00047070.,0,0,0
WBGene00047071.,0,0,0
WBGene00047072.,0,0,0
WBGene00047073.,0,0,0
WBGene00047074.,0,0,0
WBGene00047075.,0,0,0
WBGene00047076.,0,0,0
WBGene00047077.,0,0,0
WBGene00047078.,0,0,0
WBGene00047079.,0,0,0
WBGene00047080.,0,0,0
WBGene00047081.,0,0,0
WBGene00047082.,0,0,0
WBGene00047083.,0,0,0
WBGene00047084.,0,1,1
WBGene00047085.,0,0,0
WBGene00047086.,0,0,0
WBGene00047087.,0,2,2
WBGene00047088.,0,0,0
WBGene00047089.,0,0,0
WBGene00047090.,0,0,0
WBGene00047091.,0,0,0
WBGene00047092.,0,2,2
WBGene00047093.,0,0,0
WBGene00047094.,0,0,0
WBGene00047095.,0,0,0
WBGene00047096.,0,0,0
WBGene00047097.,0,0,0
WBGene00047098.,0,0,0
WBGene00047099.,0,0,0
WBGene00047100.,0,0,0
WBGene00047101.,0,0,0
WBGene00047102.,0,0,0
WBGene00047103.,0,0,0
WBGene00047104.,0,0,0
WBGene00047105.,0,0,0
WBGene00047106.,0,0,0
WBGene00047107.,0,0,0
WBGene00047108.,0,0,0
WBGene00047109.,0,0,0
WBGene00047110.,0,0,0
WBGene00047111.,0,0,0
WBGene00047112.,0,0,0
WBGene00047113.,0,0,0
WBGene00047114.,0,1,1
WBGene00047115.,0,2,2
WBGene00047116.,0,0,0
WBGene00047117.,0,0,0
WBGene00047118.,0,3,3
WBGene00047119.,0,0,0
WBGene00047120.,0,0,0
WBGene00047121.,0,0,0
WBGene00047122.,0,0,0
WBGene00047123.,0,0,0
WBGene00047124.,0,0,0
WBGene00047125.,0,0,0
WBGene00047126.,0,0,0
WBGene00047127.,0,0,0
WBGene00047128.,0,0,0
WBGene00047129.,0,0,0
WBGene00047130.,0,0,0
WBGene00047131.,0,0,0
WBGene00047132.,0,0,0
WBGene00047133.,0,0,0
WBGene00047134.,0,0,0
WBGene00047135.,0,0,0
WBGene00047136.,0,1,1
WBGene00047137.,0,0,0
WBGene00047138.,0,0,0
WBGene00047139.,0,0,0
WBGene00047140.,0,0,0
WBGene00047141.,0,5,5
WBGene00047142.,0,0,0
WBGene00047143.,0,0,0
WBGene00047144.,0,0,0
WBGene00047145.,0,0,0
WBGene00047146.,0,0,0
WBGene00047147.,0,0,0
WBGene00047148.,0,0,0
WBGene00047149.,0,0,0
WBGene00047150.,0,0,0
WBGene00047151.,0,0,0
WBGene00047152.,0,0,0
WBGene00047153.,0,0,0
WBGene00047154.,0,0,0
WBGene00047155.,0,0,0
WBGene00047156.,0,0,0
WBGene00047157.,0,0,0
WBGene00047158.,0,0,0
WBGene00047159.,0,0,0
WBGene00047160.,0,1,1
WBGene00047161.,0,0,0
WBGene00047162.,0,0,0
WBGene00047163.,0,0,0
WBGene00047164.,0,0,0
WBGene00047165.,0,0,0
WBGene00047166.,0,0,0
WBGene00047167.,0,0,0
WBGene00047168.,0,0,0
WBGene00047169.,0,0,0
WBGene00047170.,0,3,3
WBGene00047171.,0,1,1
WBGene00047172.,0,0,0
WBGene00047173.,0,0,0
WBGene00047174.,0,0,0
WBGene00047175.,0,0,0
WBGene00047176.,0,0,0
WBGene00047177.,0,0,0
WBGene00047178.,0,0,0
WBGene00047179.,0,0,0
WBGene00047180.,0,0,0
WBGene00047181.,0,0,0
WBGene00047182.,0,0,0
WBGene00047183.,0,0,0
WBGene00047184.,0,0,0
WBGene00047185.,0,0,0
WBGene00047186.,0,0,0
WBGene00047187.,0,0,0
WBGene00047188.,0,0,0
WBGene00047189.,0,0,0
WBGene00047190.,0,0,0
WBGene00047191.,0,0,0
WBGene00047192.,0,0,0
WBGene00047193.,0,0,0
WBGene00047194.,0,0,0
WBGene00047195.,0,0,0
WBGene00047196.,0,0,0
WBGene00047197.,0,0,0
WBGene00047198.,0,0,0
WBGene00047199.,0,0,0
WBGene00047200.,0,0,0
WBGene00047201.,0,0,0
WBGene00047202.,0,0,0
WBGene00047203.,0,0,0
WBGene00047204.,0,0,0
WBGene00047205.,0,0,0
WBGene00047206.,0,0,0
WBGene00047207.,0,0,0
WBGene00047208.,0,0,0
WBGene00047209.,0,0,0
WBGene00047210.,0,0,0
WBGene00047211.,0,0,0
WBGene00047212.,0,0,0
WBGene00047213.,0,0,0
WBGene00047214.,0,0,0
WBGene00047215.,0,0,0
WBGene00047216.,0,0,0
WBGene00047217.,0,0,0
WBGene00047218.,0,0,0
WBGene00047219.,0,0,0
WBGene00047220.,0,0,0
WBGene00047221.,0,1,1
WBGene00047222.,0,0,0
WBGene00047223.,0,0,0
WBGene00047224.,0,1,1
WBGene00047225.,0,0,0
WBGene00047226.,0,0,0
WBGene00047227.,0,0,0
WBGene00047228.,0,0,0
WBGene00047229.,0,0,0
WBGene00047230.,0,0,0
WBGene00047231.,0,0,0
WBGene00047232.,0,1,1
WBGene00047233.,0,0,0
WBGene00047234.,0,0,0
WBGene00047235.,0,0,0
WBGene00047236.,0,0,0
WBGene00047237.,0,0,0
WBGene00047238.,0,0,0
WBGene00047239.,0,0,0
WBGene00047240.,0,0,0
WBGene00047241.,0,0,0
WBGene00047242.,0,0,0
WBGene00047243.,0,0,0
WBGene00047244.,0,0,0
WBGene00047245.,0,0,0
WBGene00047246.,0,0,0
WBGene00047247.,0,0,0
WBGene00047248.,0,0,0
WBGene00047249.,0,0,0
WBGene00047250.,0,0,0
WBGene00047251.,0,0,0
WBGene00047252.,0,0,0
WBGene00047253.,0,0,0
WBGene00047254.,0,0,0
WBGene00047255.,0,0,0
WBGene00047256.,0,0,0
WBGene00047257.,0,0,0
WBGene00047258.,0,0,0
WBGene00047259.,0,1,1
WBGene00047260.,0,0,0
WBGene00047261.,0,0,0
WBGene00047262.,0,0,0
WBGene00047263.,0,0,0
WBGene00047264.,0,0,0
WBGene00047265.,0,0,0
WBGene00047266.,0,0,0
WBGene00047267.,0,0,0
WBGene00047268.,0,0,0
WBGene00047269.,0,0,0
WBGene00047270.,0,0,0
WBGene00047271.,0,0,0
WBGene00047272.,0,0,0
WBGene00047273.,0,0,0
WBGene00047274.,0,0,0
WBGene00047275.,0,0,0
WBGene00047276.,0,0,0
WBGene00047277.,0,0,0
WBGene00047278.,0,0,0
WBGene00047279.,0,1,1
WBGene00047280.,0,0,0
WBGene00047281.,0,0,0
WBGene00047282.,0,0,0
WBGene00047283.,0,0,0
WBGene00047284.,0,0,0
WBGene00047285.,0,0,0
WBGene00047286.,0,0,0
WBGene00047287.,0,0,0
WBGene00047288.,0,0,0
WBGene00047289.,0,1,1
WBGene00047290.,0,0,0
WBGene00047291.,0,0,0
WBGene00047292.,0,0,0
WBGene00047293.,0,0,0
WBGene00047294.,0,0,0
WBGene00047295.,0,0,0
WBGene00047296.,0,0,0
WBGene00047297.,0,0,0
WBGene00047298.,0,0,0
WBGene00047299.,0,0,0
WBGene00047300.,0,0,0
WBGene00047301.,0,0,0
WBGene00047302.,0,0,0
WBGene00047303.,0,0,0
WBGene00047304.,0,0,0
WBGene00047305.,0,1,1
WBGene00047306.,0,0,0
WBGene00047307.,0,0,0
WBGene00047308.,0,0,0
WBGene00047309.,0,0,0
WBGene00047310.,0,0,0
WBGene00047311.,0,0,0
WBGene00047312.,0,0,0
WBGene00047313.,0,0,0
WBGene00047314.,0,0,0
WBGene00047315.,0,0,0
WBGene00047316.,0,0,0
WBGene00047317.,0,0,0
WBGene00047318.,0,0,0
WBGene00047319.,0,0,0
WBGene00047320.,0,0,0
WBGene00047321.,0,0,0
WBGene00047322.,0,0,0
WBGene00047323.,0,0,0
WBGene00047324.,0,0,0
WBGene00047325.,0,0,0
WBGene00047326.,0,0,0
WBGene00047327.,0,0,0
WBGene00047328.,0,0,0
WBGene00047329.,0,0,0
WBGene00047330.,0,0,0
WBGene00047331.,0,0,0
WBGene00047332.,0,0,0
WBGene00047333.,0,0,0
WBGene00047334.,0,3,3
WBGene00047335.,0,0,0
WBGene00047336.,0,0,0
WBGene00047337.,0,0,0
WBGene00047338.,0,0,0
WBGene00047339.,0,1,1
WBGene00047340.,0,0,0
WBGene00047341.,0,0,0
WBGene00047342.,0,0,0
WBGene00047343.,0,0,0
WBGene00047344.,0,0,0
WBGene00047345.,0,0,0
WBGene00047346.,0,0,0
WBGene00047347.,0,0,0
WBGene00047348.,0,0,0
WBGene00047349.,0,0,0
WBGene00047350.,0,0,0
WBGene00047351.,0,0,0
WBGene00047352.,0,0,0
WBGene00047353.,0,0,0
WBGene00047354.,0,0,0
WBGene00047355.,0,0,0
WBGene00047356.,0,0,0
WBGene00047357.,0,0,0
WBGene00047358.,0,0,0
WBGene00047359.,0,0,0
WBGene00047360.,0,0,0
WBGene00047361.,0,0,0
WBGene00047362.,0,0,0
WBGene00047363.,0,0,0
WBGene00047364.,0,0,0
WBGene00047365.,0,0,0
WBGene00047366.,0,0,0
WBGene00047367.,0,0,0
WBGene00047368.,0,0,0
WBGene00047369.,0,3,3
WBGene00047370.,0,0,0
WBGene00047371.,0,0,0
WBGene00047372.,0,0,0
WBGene00047373.,0,0,0
WBGene00047374.,0,0,0
WBGene00047375.,0,0,0
WBGene00047376.,0,0,0
WBGene00047377.,0,0,0
WBGene00047378.,0,0,0
WBGene00047379.,0,0,0
WBGene00047380.,0,0,0
WBGene00047381.,0,0,0
WBGene00047382.,0,0,0
WBGene00047383.,0,0,0
WBGene00047384.,0,0,0
WBGene00047385.,0,0,0
WBGene00047386.,0,0,0
WBGene00047387.,0,0,0
WBGene00047388.,0,0,0
WBGene00047389.,0,0,0
WBGene00047390.,0,1,1
WBGene00047391.,0,1,1
WBGene00047392.,0,0,0
WBGene00047393.,0,0,0
WBGene00047394.,0,0,0
WBGene00047395.,0,0,0
WBGene00047396.,0,0,0
WBGene00047397.,0,0,0
WBGene00047398.,0,0,0
WBGene00047399.,0,0,0
WBGene00047400.,0,0,0
WBGene00047401.,0,0,0
WBGene00047402.,0,0,0
WBGene00047403.,0,0,0
WBGene00047404.,0,0,0
WBGene00047405.,0,0,0
WBGene00047406.,0,0,0
WBGene00047407.,0,1,1
WBGene00047408.,0,0,0
WBGene00047409.,0,0,0
WBGene00047410.,0,0,0
WBGene00047411.,0,0,0
WBGene00047412.,0,0,0
WBGene00047413.,0,0,0
WBGene00047414.,0,0,0
WBGene00047415.,0,0,0
WBGene00047416.,0,0,0
WBGene00047417.,0,0,0
WBGene00047418.,0,0,0
WBGene00047419.,0,0,0
WBGene00047420.,0,0,0
WBGene00047421.,0,0,0
WBGene00047422.,0,0,0
WBGene00047423.,0,1,1
WBGene00047424.,0,0,0
WBGene00047425.,0,0,0
WBGene00047426.,0,0,0
WBGene00047427.,0,0,0
WBGene00047428.,0,0,0
WBGene00047429.,0,0,0
WBGene00047430.,0,0,0
WBGene00047431.,0,0,0
WBGene00047432.,0,0,0
WBGene00047433.,0,0,0
WBGene00047434.,0,0,0
WBGene00047435.,0,0,0
WBGene00047436.,0,0,0
WBGene00047437.,0,0,0
WBGene00047438.,0,0,0
WBGene00047439.,0,0,0
WBGene00047440.,0,0,0
WBGene00047441.,0,0,0
WBGene00047442.,0,0,0
WBGene00047443.,0,0,0
WBGene00047444.,0,0,0
WBGene00047445.,0,0,0
WBGene00047446.,0,0,0
WBGene00047447.,0,1,1
WBGene00047448.,0,0,0
WBGene00047449.,0,0,0
WBGene00047450.,0,0,0
WBGene00047451.,0,0,0
WBGene00047452.,0,0,0
WBGene00047453.,0,0,0
WBGene00047454.,0,0,0
WBGene00047455.,0,0,0
WBGene00047456.,0,1,1
WBGene00047457.,0,0,0
WBGene00047458.,0,0,0
WBGene00047459.,0,0,0
WBGene00047460.,0,0,0
WBGene00047461.,0,0,0
WBGene00047462.,0,0,0
WBGene00047463.,0,0,0
WBGene00047464.,0,0,0
WBGene00047465.,0,0,0
WBGene00047466.,0,0,0
WBGene00047467.,0,2,2
WBGene00047468.,0,0,0
WBGene00047469.,0,0,0
WBGene00047470.,0,0,0
WBGene00047471.,0,0,0
WBGene00047472.,0,0,0
WBGene00047473.,0,0,0
WBGene00047474.,0,0,0
WBGene00047475.,0,0,0
WBGene00047476.,0,0,0
WBGene00047477.,0,0,0
WBGene00047478.,0,0,0
WBGene00047479.,0,0,0
WBGene00047480.,0,0,0
WBGene00047481.,0,0,0
WBGene00047482.,0,0,0
WBGene00047483.,0,0,0
WBGene00047484.,0,0,0
WBGene00047485.,0,0,0
WBGene00047486.,0,0,0
WBGene00047487.,0,0,0
WBGene00047488.,0,0,0
WBGene00047489.,0,0,0
WBGene00047490.,0,0,0
WBGene00047491.,0,0,0
WBGene00047492.,0,0,0
WBGene00047493.,0,0,0
WBGene00047494.,0,0,0
WBGene00047495.,0,0,0
WBGene00047496.,0,0,0
WBGene00047497.,0,0,0
WBGene00047498.,0,0,0
WBGene00047499.,0,0,0
WBGene00047500.,0,0,0
WBGene00047501.,0,0,0
WBGene00047502.,0,0,0
WBGene00047503.,0,0,0
WBGene00047504.,0,0,0
WBGene00047505.,0,0,0
WBGene00047506.,0,0,0
WBGene00047507.,0,0,0
WBGene00047508.,0,0,0
WBGene00047509.,0,0,0
WBGene00047510.,0,0,0
WBGene00047511.,0,0,0
WBGene00047512.,0,0,0
WBGene00047513.,0,0,0
WBGene00047514.,0,1,1
WBGene00047515.,0,0,0
WBGene00047516.,0,0,0
WBGene00047517.,0,1,1
WBGene00047518.,0,0,0
WBGene00047519.,0,0,0
WBGene00047520.,0,0,0
WBGene00047521.,0,0,0
WBGene00047522.,0,0,0
WBGene00047523.,0,0,0
WBGene00047524.,0,0,0
WBGene00047525.,0,0,0
WBGene00047526.,0,0,0
WBGene00047527.,0,0,0
WBGene00047528.,0,0,0
WBGene00047529.,0,0,0
WBGene00047530.,0,0,0
WBGene00047531.,0,0,0
WBGene00047532.,0,0,0
WBGene00047533.,0,0,0
WBGene00047534.,0,0,0
WBGene00047535.,0,0,0
WBGene00047536.,0,1,1
WBGene00047537.,0,0,0
WBGene00047538.,0,0,0
WBGene00047539.,0,0,0
WBGene00047540.,0,0,0
WBGene00047541.,0,0,0
WBGene00047542.,0,0,0
WBGene00047543.,0,0,0
WBGene00047544.,0,0,0
WBGene00047545.,0,0,0
WBGene00047546.,0,0,0
WBGene00047547.,0,0,0
WBGene00047548.,0,0,0
WBGene00047549.,0,0,0
WBGene00047550.,0,0,0
WBGene00047551.,0,0,0
WBGene00047552.,0,0,0
WBGene00047553.,0,0,0
WBGene00047554.,0,0,0
WBGene00047555.,0,0,0
WBGene00047556.,0,1,1
WBGene00047557.,0,0,0
WBGene00047558.,0,0,0
WBGene00047559.,0,0,0
WBGene00047560.,0,0,0
WBGene00047561.,0,0,0
WBGene00047562.,0,0,0
WBGene00047563.,0,0,0
WBGene00047564.,0,0,0
WBGene00047565.,0,0,0
WBGene00047566.,0,0,0
WBGene00047567.,0,0,0
WBGene00047568.,0,1,1
WBGene00047569.,0,0,0
WBGene00047570.,0,0,0
WBGene00047571.,0,0,0
WBGene00047572.,0,0,0
WBGene00047573.,0,0,0
WBGene00047574.,0,0,0
WBGene00047575.,0,0,0
WBGene00047576.,0,0,0
WBGene00047577.,0,0,0
WBGene00047578.,0,0,0
WBGene00047579.,0,0,0
WBGene00047580.,0,0,0
WBGene00047581.,0,0,0
WBGene00047582.,0,0,0
WBGene00047583.,0,0,0
WBGene00047584.,0,0,0
WBGene00047585.,0,2,2
WBGene00047586.,0,0,0
WBGene00047587.,0,0,0
WBGene00047588.,0,0,0
WBGene00047589.,0,0,0
WBGene00047590.,0,0,0
WBGene00047591.,0,0,0
WBGene00047592.,0,0,0
WBGene00047593.,0,0,0
WBGene00047594.,0,0,0
WBGene00047595.,0,0,0
WBGene00047596.,0,0,0
WBGene00047597.,0,0,0
WBGene00047598.,0,0,0
WBGene00047599.,0,0,0
WBGene00047600.,0,0,0
WBGene00047601.,0,0,0
WBGene00047602.,0,0,0
WBGene00047603.,0,0,0
WBGene00047604.,0,0,0
WBGene00047605.,0,0,0
WBGene00047606.,0,1,1
WBGene00047607.,0,0,0
WBGene00047608.,0,0,0
WBGene00047609.,0,6,6
WBGene00047610.,0,0,0
WBGene00047611.,0,0,0
WBGene00047612.,0,0,0
WBGene00047613.,0,0,0
WBGene00047614.,0,0,0
WBGene00047615.,0,0,0
WBGene00047616.,0,0,0
WBGene00047617.,0,0,0
WBGene00047618.,0,0,0
WBGene00047619.,0,0,0
WBGene00047620.,0,0,0
WBGene00047621.,0,0,0
WBGene00047622.,0,0,0
WBGene00047623.,0,0,0
WBGene00047624.,0,0,0
WBGene00047625.,0,0,0
WBGene00047626.,0,0,0
WBGene00047627.,0,0,0
WBGene00047628.,0,0,0
WBGene00047629.,0,0,0
WBGene00047630.,0,0,0
WBGene00047631.,0,0,0
WBGene00047632.,0,0,0
WBGene00047633.,0,0,0
WBGene00047634.,0,0,0
WBGene00047635.,0,1,1
WBGene00047636.,0,0,0
WBGene00047637.,0,0,0
WBGene00047638.,0,0,0
WBGene00047639.,0,1,1
WBGene00047640.,0,0,0
WBGene00047641.,0,0,0
WBGene00047642.,0,0,0
WBGene00047643.,0,0,0
WBGene00047644.,0,0,0
WBGene00047645.,0,0,0
WBGene00047646.,0,0,0
WBGene00047647.,0,0,0
WBGene00047648.,0,0,0
WBGene00047649.,0,0,0
WBGene00047650.,0,0,0
WBGene00047651.,0,0,0
WBGene00047652.,0,0,0
WBGene00047653.,0,0,0
WBGene00047654.,0,0,0
WBGene00047655.,0,0,0
WBGene00047656.,0,0,0
WBGene00047657.,0,0,0
WBGene00047658.,0,0,0
WBGene00047659.,0,0,0
WBGene00047660.,0,0,0
WBGene00047661.,0,0,0
WBGene00047662.,0,0,0
WBGene00047663.,0,0,0
WBGene00047664.,0,0,0
WBGene00047665.,0,0,0
WBGene00047666.,0,0,0
WBGene00047667.,0,0,0
WBGene00047668.,0,0,0
WBGene00047669.,0,0,0
WBGene00047670.,0,0,0
WBGene00047671.,0,0,0
WBGene00047672.,0,1,1
WBGene00047673.,0,0,0
WBGene00047674.,0,0,0
WBGene00047675.,0,0,0
WBGene00047676.,0,0,0
WBGene00047677.,0,0,0
WBGene00047678.,0,0,0
WBGene00047679.,0,0,0
WBGene00047680.,0,0,0
WBGene00047681.,0,0,0
WBGene00047682.,0,0,0
WBGene00047683.,0,0,0
WBGene00047684.,0,0,0
WBGene00047685.,0,0,0
WBGene00047686.,0,0,0
WBGene00047687.,0,0,0
WBGene00047688.,0,0,0
WBGene00047689.,0,0,0
WBGene00047690.,0,2,2
WBGene00047691.,0,0,0
WBGene00047692.,0,0,0
WBGene00047693.,0,0,0
WBGene00047694.,0,0,0
WBGene00047695.,0,4,4
WBGene00047696.,0,0,0
WBGene00047697.,0,2,2
WBGene00047698.,0,2,2
WBGene00047699.,0,0,0
WBGene00047700.,0,0,0
WBGene00047701.,0,0,0
WBGene00047702.,0,0,0
WBGene00047703.,0,0,0
WBGene00047704.,0,0,0
WBGene00047705.,0,0,0
WBGene00047706.,0,0,0
WBGene00047707.,0,0,0
WBGene00047708.,0,0,0
WBGene00047709.,0,0,0
WBGene00047710.,0,0,0
WBGene00047711.,0,0,0
WBGene00047712.,0,0,0
WBGene00047713.,0,0,0
WBGene00047714.,0,0,0
WBGene00047715.,0,0,0
WBGene00047716.,0,0,0
WBGene00047717.,0,0,0
WBGene00047718.,0,0,0
WBGene00047719.,0,0,0
WBGene00047720.,0,0,0
WBGene00047721.,0,0,0
WBGene00047722.,0,0,0
WBGene00047723.,0,0,0
WBGene00047724.,0,0,0
WBGene00047725.,0,0,0
WBGene00047726.,0,0,0
WBGene00047727.,0,2,2
WBGene00047728.,0,0,0
WBGene00047729.,0,0,0
WBGene00047730.,0,0,0
WBGene00047731.,0,0,0
WBGene00047732.,0,0,0
WBGene00047733.,0,0,0
WBGene00047734.,0,0,0
WBGene00047735.,0,1,1
WBGene00047736.,0,0,0
WBGene00047737.,0,0,0
WBGene00047738.,0,0,0
WBGene00047739.,0,1,1
WBGene00047740.,0,0,0
WBGene00047741.,0,0,0
WBGene00047742.,0,0,0
WBGene00047743.,0,0,0
WBGene00047744.,0,0,0
WBGene00047745.,0,0,0
WBGene00047746.,0,0,0
WBGene00047747.,0,0,0
WBGene00047748.,0,2,2
WBGene00047749.,0,0,0
WBGene00047750.,0,2,2
WBGene00047751.,0,0,0
WBGene00047752.,0,0,0
WBGene00047753.,0,0,0
WBGene00047754.,0,0,0
WBGene00047755.,0,0,0
WBGene00047756.,0,12,12
WBGene00047757.,0,0,0
WBGene00047758.,0,0,0
WBGene00047759.,0,0,0
WBGene00047760.,0,0,0
WBGene00047761.,0,0,0
WBGene00047762.,0,1,1
WBGene00047763.,0,1,1
WBGene00047764.,0,0,0
WBGene00047765.,0,0,0
WBGene00047766.,0,0,0
WBGene00047767.,0,0,0
WBGene00047768.,0,1,1
WBGene00047769.,0,0,0
WBGene00047770.,0,0,0
WBGene00047771.,0,0,0
WBGene00047772.,0,0,0
WBGene00047773.,0,0,0
WBGene00047774.,0,0,0
WBGene00047775.,0,0,0
WBGene00047776.,0,0,0
WBGene00047777.,0,0,0
WBGene00047778.,0,0,0
WBGene00047779.,0,0,0
WBGene00047780.,0,0,0
WBGene00047781.,0,0,0
WBGene00047782.,0,0,0
WBGene00047783.,0,0,0
WBGene00047784.,0,0,0
WBGene00047785.,0,0,0
WBGene00047786.,0,0,0
WBGene00047787.,0,0,0
WBGene00047788.,0,0,0
WBGene00047789.,0,0,0
WBGene00047790.,0,0,0
WBGene00047791.,0,0,0
WBGene00047792.,0,0,0
WBGene00047793.,0,0,0
WBGene00047794.,0,1,1
WBGene00047795.,0,0,0
WBGene00047796.,0,0,0
WBGene00047797.,0,0,0
WBGene00047798.,0,0,0
WBGene00047799.,0,0,0
WBGene00047800.,0,0,0
WBGene00047801.,0,0,0
WBGene00047802.,0,0,0
WBGene00047803.,0,4,4
WBGene00047804.,0,0,0
WBGene00047805.,0,1,1
WBGene00047806.,0,0,0
WBGene00047807.,0,0,0
WBGene00047808.,0,10,10
WBGene00047809.,0,0,0
WBGene00047810.,0,0,0
WBGene00047811.,0,0,0
WBGene00047812.,0,0,0
WBGene00047813.,0,0,0
WBGene00047814.,0,0,0
WBGene00047815.,0,0,0
WBGene00047816.,0,0,0
WBGene00047817.,0,1,1
WBGene00047818.,0,0,0
WBGene00047819.,0,0,0
WBGene00047820.,0,0,0
WBGene00047821.,0,0,0
WBGene00047822.,0,0,0
WBGene00047823.,0,0,0
WBGene00047824.,0,0,0
WBGene00047825.,0,0,0
WBGene00047826.,0,0,0
WBGene00047827.,0,0,0
WBGene00047828.,0,0,0
WBGene00047829.,0,0,0
WBGene00047830.,0,0,0
WBGene00047831.,0,0,0
WBGene00047832.,0,0,0
WBGene00047833.,0,0,0
WBGene00047834.,0,0,0
WBGene00047835.,0,0,0
WBGene00047836.,0,0,0
WBGene00047837.,0,0,0
WBGene00047838.,0,0,0
WBGene00047839.,0,0,0
WBGene00047840.,0,0,0
WBGene00047841.,0,0,0
WBGene00047842.,0,0,0
WBGene00047843.,0,2,2
WBGene00047844.,0,1,1
WBGene00047845.,0,0,0
WBGene00047846.,0,4,4
WBGene00047847.,0,0,0
WBGene00047848.,0,0,0
WBGene00047849.,0,0,0
WBGene00047850.,0,0,0
WBGene00047851.,0,0,0
WBGene00047852.,0,0,0
WBGene00047853.,0,0,0
WBGene00047854.,0,0,0
WBGene00047855.,0,0,0
WBGene00047856.,0,0,0
WBGene00047857.,0,0,0
WBGene00047858.,0,0,0
WBGene00047859.,0,0,0
WBGene00047860.,0,0,0
WBGene00047861.,0,0,0
WBGene00047862.,0,0,0
WBGene00047863.,0,0,0
WBGene00047864.,0,0,0
WBGene00047865.,0,0,0
WBGene00047866.,0,0,0
WBGene00047867.,0,0,0
WBGene00047868.,0,0,0
WBGene00047869.,0,0,0
WBGene00047870.,0,0,0
WBGene00047871.,0,0,0
WBGene00047872.,0,0,0
WBGene00047873.,0,0,0
WBGene00047874.,0,0,0
WBGene00047875.,0,0,0
WBGene00047876.,0,0,0
WBGene00047877.,0,0,0
WBGene00047878.,0,0,0
WBGene00047879.,0,0,0
WBGene00047880.,0,0,0
WBGene00047881.,0,0,0
WBGene00047882.,0,0,0
WBGene00047883.,0,0,0
WBGene00047884.,0,0,0
WBGene00047885.,0,0,0
WBGene00047886.,0,0,0
WBGene00047887.,0,0,0
WBGene00047888.,0,0,0
WBGene00047889.,0,0,0
WBGene00047890.,0,0,0
WBGene00047891.,0,0,0
WBGene00047892.,0,0,0
WBGene00047893.,0,0,0
WBGene00047894.,0,0,0
WBGene00047895.,0,0,0
WBGene00047896.,0,0,0
WBGene00047897.,0,0,0
WBGene00047898.,0,0,0
WBGene00047899.,0,0,0
WBGene00047900.,0,0,0
WBGene00047901.,0,0,0
WBGene00047902.,0,0,0
WBGene00047903.,0,0,0
WBGene00047905.,0,0,0
WBGene00047906.,0,0,0
WBGene00047907.,0,0,0
WBGene00047908.,0,0,0
WBGene00047909.,0,0,0
WBGene00047910.,0,0,0
WBGene00047911.,0,0,0
WBGene00047912.,0,0,0
WBGene00047913.,0,0,0
WBGene00047914.,0,0,0
WBGene00047915.,0,0,0
WBGene00047916.,0,3,3
WBGene00047917.,0,1,1
WBGene00047918.,0,0,0
WBGene00047919.,0,0,0
WBGene00047920.,0,0,0
WBGene00047921.,0,0,0
WBGene00047922.,0,0,0
WBGene00047923.,0,0,0
WBGene00047924.,0,0,0
WBGene00047925.,0,0,0
WBGene00047926.,0,0,0
WBGene00047927.,0,0,0
WBGene00047928.,0,0,0
WBGene00047929.,0,0,0
WBGene00047930.,0,0,0
WBGene00047931.,0,0,0
WBGene00047932.,0,0,0
WBGene00047933.,0,0,0
WBGene00047934.,0,0,0
WBGene00047935.,0,0,0
WBGene00047936.,0,0,0
WBGene00047937.,0,0,0
WBGene00047938.,0,0,0
WBGene00047939.,0,0,0
WBGene00047940.,0,0,0
WBGene00047941.,0,0,0
WBGene00047942.,0,0,0
WBGene00047943.,0,0,0
WBGene00047944.,0,0,0
WBGene00047945.,0,0,0
WBGene00047946.,0,1,1
WBGene00047947.,0,0,0
WBGene00047948.,0,0,0
WBGene00047949.,0,0,0
WBGene00047950.,0,0,0
WBGene00047951.,0,0,0
WBGene00047952.,0,0,0
WBGene00047953.,0,0,0
WBGene00047954.,0,0,0
WBGene00047955.,0,0,0
WBGene00047956.,0,0,0
WBGene00047957.,0,0,0
WBGene00047958.,0,0,0
WBGene00047959.,0,0,0
WBGene00047960.,0,0,0
WBGene00047961.,0,0,0
WBGene00047962.,0,0,0
WBGene00047963.,0,1,1
WBGene00047964.,0,0,0
WBGene00047965.,0,0,0
WBGene00047966.,0,0,0
WBGene00047967.,0,0,0
WBGene00047968.,0,0,0
WBGene00047969.,0,0,0
WBGene00047970.,0,0,0
WBGene00047971.,0,0,0
WBGene00047972.,0,0,0
WBGene00047973.,0,0,0
WBGene00047974.,0,0,0
WBGene00047975.,0,2,2
WBGene00047976.,0,0,0
WBGene00047977.,0,0,0
WBGene00047978.,0,0,0
WBGene00047979.,0,0,0
WBGene00047980.,0,0,0
WBGene00047981.,0,0,0
WBGene00047982.,0,0,0
WBGene00047983.,0,0,0
WBGene00047984.,0,0,0
WBGene00047985.,0,0,0
WBGene00047986.,0,0,0
WBGene00047987.,0,0,0
WBGene00047988.,0,0,0
WBGene00047989.,0,0,0
WBGene00047990.,0,0,0
WBGene00047991.,0,0,0
WBGene00047992.,0,0,0
WBGene00047993.,0,0,0
WBGene00047994.,0,1,1
WBGene00047995.,0,0,0
WBGene00047996.,0,0,0
WBGene00047997.,0,0,0
WBGene00047998.,0,0,0
WBGene00047999.,0,0,0
WBGene00048000.,0,0,0
WBGene00048001.,0,0,0
WBGene00048002.,0,0,0
WBGene00048003.,0,0,0
WBGene00048004.,0,0,0
WBGene00048005.,0,0,0
WBGene00048006.,0,0,0
WBGene00048007.,0,1,1
WBGene00048008.,0,0,0
WBGene00048009.,0,0,0
WBGene00048010.,0,0,0
WBGene00048011.,0,0,0
WBGene00048012.,0,0,0
WBGene00048013.,0,0,0
WBGene00048014.,0,0,0
WBGene00048015.,0,0,0
WBGene00048016.,0,3,3
WBGene00048017.,0,0,0
WBGene00048018.,0,0,0
WBGene00048019.,0,0,0
WBGene00048020.,0,0,0
WBGene00048021.,0,1,1
WBGene00048022.,0,0,0
WBGene00048023.,0,0,0
WBGene00048024.,0,0,0
WBGene00048025.,0,0,0
WBGene00048026.,0,0,0
WBGene00048027.,0,0,0
WBGene00048028.,0,0,0
WBGene00048029.,0,0,0
WBGene00048030.,0,0,0
WBGene00048031.,0,0,0
WBGene00048032.,0,0,0
WBGene00048033.,0,0,0
WBGene00048034.,0,0,0
WBGene00048035.,0,0,0
WBGene00048036.,0,0,0
WBGene00048037.,0,0,0
WBGene00048038.,0,2,2
WBGene00048039.,0,0,0
WBGene00048040.,0,0,0
WBGene00048041.,0,0,0
WBGene00048042.,0,0,0
WBGene00048043.,0,0,0
WBGene00048044.,0,0,0
WBGene00048045.,0,0,0
WBGene00048046.,0,0,0
WBGene00048047.,0,0,0
WBGene00048048.,0,0,0
WBGene00048049.,0,0,0
WBGene00048050.,0,0,0
WBGene00048051.,0,0,0
WBGene00048052.,0,0,0
WBGene00048053.,0,1,1
WBGene00048054.,0,0,0
WBGene00048055.,0,0,0
WBGene00048056.,0,0,0
WBGene00048057.,0,0,0
WBGene00048058.,0,0,0
WBGene00048059.,0,0,0
WBGene00048060.,0,0,0
WBGene00048061.,0,0,0
WBGene00048062.,0,0,0
WBGene00048063.,0,1,1
WBGene00048064.,0,0,0
WBGene00048065.,0,0,0
WBGene00048066.,0,0,0
WBGene00048067.,0,0,0
WBGene00048068.,0,1,1
WBGene00048069.,0,0,0
WBGene00048070.,0,0,0
WBGene00048071.,0,0,0
WBGene00048072.,0,0,0
WBGene00048073.,0,0,0
WBGene00048074.,0,0,0
WBGene00048075.,0,0,0
WBGene00048076.,0,0,0
WBGene00048077.,0,0,0
WBGene00048078.,0,0,0
WBGene00048079.,0,0,0
WBGene00048080.,0,0,0
WBGene00048081.,0,0,0
WBGene00048082.,0,0,0
WBGene00048083.,0,0,0
WBGene00048084.,0,0,0
WBGene00048085.,0,2,2
WBGene00048086.,0,0,0
WBGene00048087.,0,0,0
WBGene00048088.,0,0,0
WBGene00048089.,0,0,0
WBGene00048090.,0,0,0
WBGene00048091.,0,0,0
WBGene00048092.,0,1,1
WBGene00048093.,0,0,0
WBGene00048094.,0,1,1
WBGene00048095.,0,0,0
WBGene00048096.,0,0,0
WBGene00048097.,0,0,0
WBGene00048098.,0,0,0
WBGene00048099.,0,0,0
WBGene00048100.,0,0,0
WBGene00048101.,0,0,0
WBGene00048102.,0,0,0
WBGene00048103.,0,0,0
WBGene00048104.,0,0,0
WBGene00048105.,0,1,1
WBGene00048106.,0,0,0
WBGene00048107.,0,0,0
WBGene00048108.,0,0,0
WBGene00048109.,0,0,0
WBGene00048110.,0,1,1
WBGene00048111.,0,0,0
WBGene00048112.,0,0,0
WBGene00048113.,0,0,0
WBGene00048114.,0,0,0
WBGene00048115.,0,0,0
WBGene00048116.,0,0,0
WBGene00048117.,0,0,0
WBGene00048118.,0,2,2
WBGene00048119.,0,0,0
WBGene00048120.,0,0,0
WBGene00048121.,0,0,0
WBGene00048122.,0,0,0
WBGene00048123.,0,0,0
WBGene00048124.,0,0,0
WBGene00048125.,0,0,0
WBGene00048126.,0,0,0
WBGene00048127.,0,0,0
WBGene00048128.,0,1,1
WBGene00048129.,0,0,0
WBGene00048130.,0,0,0
WBGene00048131.,0,0,0
WBGene00048132.,0,0,0
WBGene00048133.,0,0,0
WBGene00048134.,0,0,0
WBGene00048135.,0,0,0
WBGene00048136.,0,0,0
WBGene00048137.,0,0,0
WBGene00048138.,0,0,0
WBGene00048139.,0,0,0
WBGene00048140.,0,0,0
WBGene00048141.,0,0,0
WBGene00048142.,0,0,0
WBGene00048143.,0,0,0
WBGene00048144.,0,0,0
WBGene00048145.,0,0,0
WBGene00048146.,0,0,0
WBGene00048147.,0,1,1
WBGene00048148.,0,1,1
WBGene00048149.,0,0,0
WBGene00048150.,0,0,0
WBGene00048151.,0,0,0
WBGene00048152.,0,0,0
WBGene00048153.,0,0,0
WBGene00048154.,0,0,0
WBGene00048155.,0,0,0
WBGene00048156.,0,0,0
WBGene00048157.,0,0,0
WBGene00048158.,0,0,0
WBGene00048159.,0,0,0
WBGene00048160.,0,0,0
WBGene00048161.,0,0,0
WBGene00048162.,0,0,0
WBGene00048163.,0,0,0
WBGene00048164.,0,0,0
WBGene00048165.,0,0,0
WBGene00048166.,0,1,1
WBGene00048167.,0,0,0
WBGene00048168.,0,0,0
WBGene00048169.,0,4,4
WBGene00048170.,0,0,0
WBGene00048171.,0,0,0
WBGene00048172.,0,0,0
WBGene00048173.,0,0,0
WBGene00048174.,0,0,0
WBGene00048175.,0,0,0
WBGene00048176.,0,0,0
WBGene00048177.,0,0,0
WBGene00048178.,0,0,0
WBGene00048179.,0,0,0
WBGene00048180.,0,0,0
WBGene00048181.,0,0,0
WBGene00048182.,0,0,0
WBGene00048183.,0,0,0
WBGene00048184.,0,0,0
WBGene00048185.,0,0,0
WBGene00048186.,0,0,0
WBGene00048187.,0,0,0
WBGene00048188.,0,0,0
WBGene00048189.,0,0,0
WBGene00048190.,0,0,0
WBGene00048191.,0,0,0
WBGene00048192.,0,0,0
WBGene00048193.,0,0,0
WBGene00048194.,0,0,0
WBGene00048195.,0,0,0
WBGene00048196.,0,0,0
WBGene00048197.,0,0,0
WBGene00048198.,0,0,0
WBGene00048199.,0,0,0
WBGene00048200.,0,2,2
WBGene00048201.,0,0,0
WBGene00048202.,0,0,0
WBGene00048203.,0,0,0
WBGene00048204.,0,0,0
WBGene00048205.,0,0,0
WBGene00048206.,0,0,0
WBGene00048207.,0,1,1
WBGene00048208.,0,0,0
WBGene00048209.,0,0,0
WBGene00048210.,0,0,0
WBGene00048211.,0,0,0
WBGene00048212.,0,0,0
WBGene00048213.,0,0,0
WBGene00048214.,0,0,0
WBGene00048215.,0,0,0
WBGene00048216.,0,0,0
WBGene00048217.,0,0,0
WBGene00048218.,0,0,0
WBGene00048219.,0,0,0
WBGene00048220.,0,0,0
WBGene00048221.,0,2,2
WBGene00048222.,0,0,0
WBGene00048223.,0,2,2
WBGene00048224.,0,1,1
WBGene00048225.,0,0,0
WBGene00048226.,0,0,0
WBGene00048227.,0,0,0
WBGene00048228.,0,1,1
WBGene00048229.,0,0,0
WBGene00048230.,0,0,0
WBGene00048231.,0,0,0
WBGene00048232.,0,0,0
WBGene00048233.,0,0,0
WBGene00048234.,0,0,0
WBGene00048235.,0,0,0
WBGene00048236.,0,0,0
WBGene00048237.,0,0,0
WBGene00048238.,0,0,0
WBGene00048239.,0,0,0
WBGene00048240.,0,0,0
WBGene00048241.,0,0,0
WBGene00048242.,0,0,0
WBGene00048243.,0,0,0
WBGene00048244.,0,0,0
WBGene00048245.,0,0,0
WBGene00048246.,0,0,0
WBGene00048247.,0,1,1
WBGene00048248.,0,0,0
WBGene00048249.,0,0,0
WBGene00048250.,0,0,0
WBGene00048251.,0,0,0
WBGene00048252.,0,0,0
WBGene00048253.,0,0,0
WBGene00048254.,0,0,0
WBGene00048255.,0,0,0
WBGene00048256.,0,0,0
WBGene00048257.,0,0,0
WBGene00048258.,0,0,0
WBGene00048259.,0,0,0
WBGene00048260.,0,0,0
WBGene00048261.,0,0,0
WBGene00048262.,0,0,0
WBGene00048263.,0,0,0
WBGene00048264.,0,0,0
WBGene00048265.,0,0,0
WBGene00048266.,0,0,0
WBGene00048267.,0,0,0
WBGene00048268.,0,1,1
WBGene00048269.,0,0,0
WBGene00048270.,0,0,0
WBGene00048271.,0,0,0
WBGene00048272.,0,0,0
WBGene00048273.,0,0,0
WBGene00048274.,0,0,0
WBGene00048275.,0,0,0
WBGene00048276.,0,0,0
WBGene00048277.,0,0,0
WBGene00048278.,0,0,0
WBGene00048279.,0,0,0
WBGene00048280.,0,0,0
WBGene00048281.,0,0,0
WBGene00048282.,0,0,0
WBGene00048283.,0,0,0
WBGene00048284.,0,0,0
WBGene00048285.,0,0,0
WBGene00048286.,0,0,0
WBGene00048287.,0,0,0
WBGene00048288.,0,1,1
WBGene00048289.,0,0,0
WBGene00048290.,0,0,0
WBGene00048291.,0,0,0
WBGene00048292.,0,0,0
WBGene00048293.,0,0,0
WBGene00048294.,0,0,0
WBGene00048295.,0,1,1
WBGene00048296.,0,0,0
WBGene00048297.,0,0,0
WBGene00048298.,0,0,0
WBGene00048299.,0,1,1
WBGene00048300.,0,0,0
WBGene00048301.,0,0,0
WBGene00048302.,0,0,0
WBGene00048303.,0,0,0
WBGene00048304.,0,0,0
WBGene00048305.,0,0,0
WBGene00048306.,0,0,0
WBGene00048307.,0,0,0
WBGene00048308.,0,0,0
WBGene00048309.,0,0,0
WBGene00048310.,0,0,0
WBGene00048311.,0,0,0
WBGene00048312.,0,0,0
WBGene00048313.,0,0,0
WBGene00048314.,0,0,0
WBGene00048315.,0,0,0
WBGene00048316.,0,0,0
WBGene00048317.,0,0,0
WBGene00048318.,0,0,0
WBGene00048319.,0,0,0
WBGene00048320.,0,0,0
WBGene00048321.,0,0,0
WBGene00048322.,0,0,0
WBGene00048323.,0,0,0
WBGene00048324.,0,0,0
WBGene00048325.,0,0,0
WBGene00048326.,0,0,0
WBGene00048327.,0,0,0
WBGene00048328.,0,1,1
WBGene00048329.,0,0,0
WBGene00048330.,0,1,1
WBGene00048331.,0,0,0
WBGene00048332.,0,0,0
WBGene00048333.,0,0,0
WBGene00048334.,0,2,2
WBGene00048335.,0,0,0
WBGene00048336.,0,0,0
WBGene00048337.,0,0,0
WBGene00048338.,0,0,0
WBGene00048339.,0,0,0
WBGene00048340.,0,1,1
WBGene00048341.,0,0,0
WBGene00048342.,0,0,0
WBGene00048343.,0,0,0
WBGene00048344.,0,0,0
WBGene00048345.,0,0,0
WBGene00048346.,0,0,0
WBGene00048347.,0,0,0
WBGene00048348.,0,0,0
WBGene00048349.,0,0,0
WBGene00048350.,0,0,0
WBGene00048351.,0,0,0
WBGene00048352.,0,0,0
WBGene00048353.,0,0,0
WBGene00048354.,0,0,0
WBGene00048355.,0,0,0
WBGene00048356.,0,0,0
WBGene00048357.,0,0,0
WBGene00048358.,0,0,0
WBGene00048359.,0,0,0
WBGene00048360.,0,0,0
WBGene00048361.,0,0,0
WBGene00048362.,0,0,0
WBGene00048363.,0,0,0
WBGene00048364.,0,0,0
WBGene00048365.,0,0,0
WBGene00048366.,0,0,0
WBGene00048367.,0,0,0
WBGene00048368.,0,0,0
WBGene00048369.,0,0,0
WBGene00048370.,0,0,0
WBGene00048371.,0,0,0
WBGene00048372.,0,0,0
WBGene00048373.,0,0,0
WBGene00048374.,0,3,3
WBGene00048375.,0,6,6
WBGene00048376.,0,0,0
WBGene00048377.,0,0,0
WBGene00048378.,0,0,0
WBGene00048379.,0,0,0
WBGene00048380.,0,0,0
WBGene00048381.,0,0,0
WBGene00048382.,0,1,1
WBGene00048383.,0,0,0
WBGene00048384.,0,0,0
WBGene00048385.,0,3,3
WBGene00048386.,0,0,0
WBGene00048387.,0,0,0
WBGene00048388.,0,0,0
WBGene00048389.,0,0,0
WBGene00048390.,0,0,0
WBGene00048391.,0,0,0
WBGene00048392.,0,0,0
WBGene00048393.,0,0,0
WBGene00048394.,0,0,0
WBGene00048395.,0,0,0
WBGene00048396.,0,0,0
WBGene00048397.,0,0,0
WBGene00048398.,0,0,0
WBGene00048399.,0,0,0
WBGene00048400.,0,0,0
WBGene00048401.,0,0,0
WBGene00048402.,0,0,0
WBGene00048403.,0,0,0
WBGene00048404.,0,0,0
WBGene00048405.,0,0,0
WBGene00048406.,0,0,0
WBGene00048407.,0,0,0
WBGene00048408.,0,0,0
WBGene00048409.,0,0,0
WBGene00048410.,0,0,0
WBGene00048411.,0,0,0
WBGene00048412.,0,0,0
WBGene00048413.,0,0,0
WBGene00048414.,0,0,0
WBGene00048415.,0,0,0
WBGene00048416.,0,0,0
WBGene00048417.,0,0,0
WBGene00048418.,0,0,0
WBGene00048419.,0,0,0
WBGene00048420.,0,2,2
WBGene00048421.,0,0,0
WBGene00048422.,0,0,0
WBGene00048423.,0,0,0
WBGene00048424.,0,0,0
WBGene00048425.,0,0,0
WBGene00048426.,0,1,1
WBGene00048427.,0,0,0
WBGene00048428.,0,0,0
WBGene00048429.,0,0,0
WBGene00048430.,0,0,0
WBGene00048431.,0,0,0
WBGene00048432.,0,0,0
WBGene00048433.,0,0,0
WBGene00048434.,0,0,0
WBGene00048435.,0,0,0
WBGene00048436.,0,0,0
WBGene00048437.,0,0,0
WBGene00048438.,0,0,0
WBGene00048439.,0,0,0
WBGene00048440.,0,1,1
WBGene00048441.,0,0,0
WBGene00048442.,0,0,0
WBGene00048443.,0,0,0
WBGene00048444.,0,0,0
WBGene00048445.,0,0,0
WBGene00048446.,0,0,0
WBGene00048447.,0,0,0
WBGene00048448.,0,0,0
WBGene00048449.,0,0,0
WBGene00048450.,0,0,0
WBGene00048451.,0,0,0
WBGene00048452.,0,0,0
WBGene00048453.,0,0,0
WBGene00048454.,0,0,0
WBGene00048455.,0,0,0
WBGene00048456.,0,0,0
WBGene00048457.,0,0,0
WBGene00048458.,0,0,0
WBGene00048459.,0,0,0
WBGene00048460.,0,0,0
WBGene00048461.,0,0,0
WBGene00048462.,0,0,0
WBGene00048463.,0,1,1
WBGene00048464.,0,0,0
WBGene00048465.,0,0,0
WBGene00048466.,0,0,0
WBGene00048467.,0,0,0
WBGene00048468.,0,0,0
WBGene00048469.,0,0,0
WBGene00048470.,0,0,0
WBGene00048471.,0,0,0
WBGene00048472.,0,0,0
WBGene00048473.,0,0,0
WBGene00048474.,0,0,0
WBGene00048475.,0,0,0
WBGene00048476.,0,0,0
WBGene00048477.,0,0,0
WBGene00048478.,0,0,0
WBGene00048479.,0,0,0
WBGene00048480.,0,0,0
WBGene00048481.,0,0,0
WBGene00048482.,0,0,0
WBGene00048483.,0,1,1
WBGene00048484.,0,0,0
WBGene00048485.,0,0,0
WBGene00048486.,0,0,0
WBGene00048487.,0,0,0
WBGene00048488.,0,0,0
WBGene00048489.,0,0,0
WBGene00048490.,0,0,0
WBGene00048491.,0,0,0
WBGene00048492.,0,0,0
WBGene00048493.,0,0,0
WBGene00048494.,0,0,0
WBGene00048495.,0,0,0
WBGene00048496.,0,0,0
WBGene00048497.,0,0,0
WBGene00048498.,0,0,0
WBGene00048499.,0,0,0
WBGene00048500.,0,0,0
WBGene00048501.,0,0,0
WBGene00048502.,0,0,0
WBGene00048503.,0,0,0
WBGene00048504.,0,0,0
WBGene00048505.,0,0,0
WBGene00048506.,0,0,0
WBGene00048507.,0,0,0
WBGene00048508.,0,0,0
WBGene00048509.,0,0,0
WBGene00048510.,0,0,0
WBGene00048511.,0,0,0
WBGene00048512.,0,0,0
WBGene00048513.,0,0,0
WBGene00048514.,0,0,0
WBGene00048515.,0,0,0
WBGene00048516.,0,0,0
WBGene00048517.,0,0,0
WBGene00048518.,0,0,0
WBGene00048519.,0,0,0
WBGene00048520.,0,0,0
WBGene00048521.,0,0,0
WBGene00048522.,0,0,0
WBGene00048523.,0,0,0
WBGene00048524.,0,1,1
WBGene00048525.,0,0,0
WBGene00048526.,0,0,0
WBGene00048527.,0,0,0
WBGene00048528.,0,0,0
WBGene00048529.,0,0,0
WBGene00048530.,0,2,2
WBGene00048531.,0,0,0
WBGene00048532.,0,0,0
WBGene00048533.,0,0,0
WBGene00048534.,0,0,0
WBGene00048535.,0,0,0
WBGene00048536.,0,0,0
WBGene00048537.,0,0,0
WBGene00048538.,0,0,0
WBGene00048539.,0,3,3
WBGene00048540.,0,0,0
WBGene00048541.,0,0,0
WBGene00048542.,0,0,0
WBGene00048543.,0,0,0
WBGene00048544.,0,0,0
WBGene00048545.,0,0,0
WBGene00048546.,0,0,0
WBGene00048547.,0,0,0
WBGene00048548.,0,0,0
WBGene00048549.,0,0,0
WBGene00048550.,0,0,0
WBGene00048551.,0,0,0
WBGene00048552.,0,0,0
WBGene00048553.,0,0,0
WBGene00048554.,0,0,0
WBGene00048555.,0,0,0
WBGene00048556.,0,0,0
WBGene00048557.,0,0,0
WBGene00048558.,0,0,0
WBGene00048559.,0,1,1
WBGene00048560.,0,0,0
WBGene00048561.,0,4,4
WBGene00048562.,0,0,0
WBGene00048563.,0,0,0
WBGene00048564.,0,1,1
WBGene00048565.,0,0,0
WBGene00048566.,0,0,0
WBGene00048567.,0,0,0
WBGene00048568.,0,0,0
WBGene00048569.,0,0,0
WBGene00048570.,0,1,1
WBGene00048571.,0,0,0
WBGene00048572.,0,0,0
WBGene00048573.,0,0,0
WBGene00048574.,0,0,0
WBGene00048575.,0,0,0
WBGene00048576.,0,0,0
WBGene00048577.,0,0,0
WBGene00048578.,0,0,0
WBGene00048579.,0,0,0
WBGene00048580.,0,0,0
WBGene00048581.,0,0,0
WBGene00048582.,0,0,0
WBGene00048583.,0,4,4
WBGene00048584.,0,0,0
WBGene00048585.,0,0,0
WBGene00048586.,0,0,0
WBGene00048587.,0,0,0
WBGene00048588.,0,0,0
WBGene00048589.,0,0,0
WBGene00048590.,0,0,0
WBGene00048591.,0,0,0
WBGene00048592.,0,0,0
WBGene00048593.,0,0,0
WBGene00048594.,0,0,0
WBGene00048595.,0,0,0
WBGene00048596.,0,0,0
WBGene00048597.,0,0,0
WBGene00048598.,0,0,0
WBGene00048599.,0,0,0
WBGene00048600.,0,0,0
WBGene00048601.,0,0,0
WBGene00048602.,0,0,0
WBGene00048603.,0,1,1
WBGene00048604.,0,0,0
WBGene00048605.,0,5,5
WBGene00048606.,0,0,0
WBGene00048607.,0,0,0
WBGene00048608.,0,0,0
WBGene00048609.,0,0,0
WBGene00048610.,0,0,0
WBGene00048611.,0,0,0
WBGene00048612.,0,0,0
WBGene00048613.,0,0,0
WBGene00048614.,0,0,0
WBGene00048615.,0,0,0
WBGene00048616.,0,0,0
WBGene00048617.,0,0,0
WBGene00048618.,0,0,0
WBGene00048619.,0,0,0
WBGene00048620.,0,0,0
WBGene00048621.,0,0,0
WBGene00048622.,0,0,0
WBGene00048623.,0,0,0
WBGene00048624.,0,0,0
WBGene00048625.,0,0,0
WBGene00048626.,0,2,2
WBGene00048627.,0,0,0
WBGene00048628.,0,0,0
WBGene00048629.,0,0,0
WBGene00048630.,0,0,0
WBGene00048631.,0,1,1
WBGene00048632.,0,0,0
WBGene00048633.,0,0,0
WBGene00048634.,0,8,8
WBGene00048635.,0,0,0
WBGene00048636.,0,0,0
WBGene00048637.,0,0,0
WBGene00048638.,0,0,0
WBGene00048639.,0,0,0
WBGene00048640.,0,0,0
WBGene00048641.,0,0,0
WBGene00048642.,0,0,0
WBGene00048643.,0,0,0
WBGene00048644.,0,0,0
WBGene00048645.,0,1,1
WBGene00048646.,0,0,0
WBGene00048647.,0,1,1
WBGene00048648.,0,0,0
WBGene00048649.,0,0,0
WBGene00048650.,0,0,0
WBGene00048651.,0,1,1
WBGene00048652.,0,0,0
WBGene00048653.,0,0,0
WBGene00048654.,0,0,0
WBGene00048655.,0,0,0
WBGene00048656.,0,1,1
WBGene00048657.,0,0,0
WBGene00048658.,0,0,0
WBGene00048659.,0,0,0
WBGene00048660.,0,0,0
WBGene00048661.,0,0,0
WBGene00048662.,0,0,0
WBGene00048663.,0,0,0
WBGene00048664.,0,0,0
WBGene00048665.,0,0,0
WBGene00048666.,0,0,0
WBGene00048667.,0,0,0
WBGene00048668.,0,0,0
WBGene00048669.,0,0,0
WBGene00048670.,0,0,0
WBGene00048671.,0,0,0
WBGene00048672.,0,0,0
WBGene00048673.,0,0,0
WBGene00048674.,0,0,0
WBGene00048675.,0,0,0
WBGene00048676.,0,0,0
WBGene00048677.,0,0,0
WBGene00048678.,0,0,0
WBGene00048679.,0,1,1
WBGene00048680.,0,0,0
WBGene00048681.,0,0,0
WBGene00048682.,0,0,0
WBGene00048683.,0,0,0
WBGene00048684.,0,0,0
WBGene00048685.,0,0,0
WBGene00048686.,0,0,0
WBGene00048687.,0,0,0
WBGene00048688.,0,0,0
WBGene00048689.,0,0,0
WBGene00048690.,0,0,0
WBGene00048691.,0,0,0
WBGene00048692.,0,0,0
WBGene00048693.,0,0,0
WBGene00048694.,0,0,0
WBGene00048695.,0,0,0
WBGene00048696.,0,0,0
WBGene00048697.,0,0,0
WBGene00048698.,0,0,0
WBGene00048699.,0,0,0
WBGene00048700.,0,0,0
WBGene00048701.,0,0,0
WBGene00048702.,0,0,0
WBGene00048703.,0,0,0
WBGene00048704.,0,0,0
WBGene00048705.,0,0,0
WBGene00048706.,0,0,0
WBGene00048707.,0,0,0
WBGene00048708.,0,0,0
WBGene00048709.,0,0,0
WBGene00048710.,0,0,0
WBGene00048711.,0,0,0
WBGene00048712.,0,0,0
WBGene00048713.,0,0,0
WBGene00048714.,0,0,0
WBGene00048715.,0,0,0
WBGene00048716.,0,0,0
WBGene00048717.,0,0,0
WBGene00048718.,0,0,0
WBGene00048719.,0,0,0
WBGene00048720.,0,2,2
WBGene00048721.,0,0,0
WBGene00048722.,0,1,1
WBGene00048723.,0,0,0
WBGene00048724.,0,0,0
WBGene00048725.,0,0,0
WBGene00048726.,0,0,0
WBGene00048727.,0,0,0
WBGene00048728.,0,0,0
WBGene00048729.,0,0,0
WBGene00048730.,0,0,0
WBGene00048731.,0,0,0
WBGene00048732.,0,0,0
WBGene00048733.,0,0,0
WBGene00048734.,0,0,0
WBGene00048735.,0,0,0
WBGene00048736.,0,1,1
WBGene00048737.,0,0,0
WBGene00048738.,0,0,0
WBGene00048739.,0,0,0
WBGene00048740.,0,0,0
WBGene00048741.,0,0,0
WBGene00048742.,0,0,0
WBGene00048743.,0,0,0
WBGene00048744.,0,0,0
WBGene00048745.,0,0,0
WBGene00048746.,0,0,0
WBGene00048747.,0,0,0
WBGene00048748.,0,0,0
WBGene00048749.,0,0,0
WBGene00048750.,0,0,0
WBGene00048751.,0,0,0
WBGene00048752.,0,0,0
WBGene00048753.,0,0,0
WBGene00048754.,0,0,0
WBGene00048755.,0,0,0
WBGene00048756.,0,0,0
WBGene00048757.,0,0,0
WBGene00048758.,0,0,0
WBGene00048759.,0,0,0
WBGene00048760.,0,0,0
WBGene00048761.,0,0,0
WBGene00048762.,0,0,0
WBGene00048763.,0,0,0
WBGene00048764.,0,0,0
WBGene00048765.,0,0,0
WBGene00048766.,0,0,0
WBGene00048767.,0,1,1
WBGene00048768.,0,0,0
WBGene00048769.,0,0,0
WBGene00048770.,0,0,0
WBGene00048771.,0,0,0
WBGene00048772.,0,0,0
WBGene00048773.,0,0,0
WBGene00048774.,0,0,0
WBGene00048775.,0,0,0
WBGene00048776.,0,0,0
WBGene00048777.,0,0,0
WBGene00048778.,0,0,0
WBGene00048779.,0,0,0
WBGene00048780.,0,0,0
WBGene00048781.,0,0,0
WBGene00048782.,0,0,0
WBGene00048783.,0,0,0
WBGene00048784.,0,0,0
WBGene00048785.,0,0,0
WBGene00048786.,0,0,0
WBGene00048787.,0,0,0
WBGene00048788.,0,0,0
WBGene00048789.,0,0,0
WBGene00048790.,0,0,0
WBGene00048791.,0,0,0
WBGene00048792.,0,0,0
WBGene00048793.,0,0,0
WBGene00048794.,0,0,0
WBGene00048795.,0,0,0
WBGene00048796.,0,0,0
WBGene00048797.,0,0,0
WBGene00048798.,0,0,0
WBGene00048799.,0,0,0
WBGene00048800.,0,0,0
WBGene00048801.,0,0,0
WBGene00048802.,0,0,0
WBGene00048803.,0,0,0
WBGene00048804.,0,0,0
WBGene00048805.,0,0,0
WBGene00048806.,0,0,0
WBGene00048807.,0,0,0
WBGene00048808.,0,0,0
WBGene00048809.,0,0,0
WBGene00048810.,0,0,0
WBGene00048811.,0,0,0
WBGene00048812.,0,0,0
WBGene00048813.,0,0,0
WBGene00048814.,0,0,0
WBGene00048815.,0,0,0
WBGene00048816.,0,0,0
WBGene00048817.,0,0,0
WBGene00048819.,0,0,0
WBGene00048820.,0,3,3
WBGene00048821.,0,0,0
WBGene00048822.,0,0,0
WBGene00048823.,0,0,0
WBGene00048824.,0,0,0
WBGene00048825.,0,0,0
WBGene00048826.,0,0,0
WBGene00048827.,0,0,0
WBGene00048828.,0,0,0
WBGene00048829.,0,0,0
WBGene00048830.,0,0,0
WBGene00048831.,0,0,0
WBGene00048832.,0,0,0
WBGene00048833.,0,0,0
WBGene00048834.,0,0,0
WBGene00048835.,0,0,0
WBGene00048836.,0,0,0
WBGene00048837.,0,0,0
WBGene00048838.,0,0,0
WBGene00048839.,0,1,1
WBGene00048840.,0,0,0
WBGene00048841.,0,0,0
WBGene00048842.,0,0,0
WBGene00048843.,0,0,0
WBGene00048844.,0,0,0
WBGene00048845.,0,0,0
WBGene00048846.,0,0,0
WBGene00048847.,0,0,0
WBGene00048848.,0,0,0
WBGene00048849.,0,0,0
WBGene00048850.,0,0,0
WBGene00048851.,0,0,0
WBGene00048852.,0,1,1
WBGene00048853.,0,0,0
WBGene00048854.,0,0,0
WBGene00048855.,0,0,0
WBGene00048856.,0,0,0
WBGene00048857.,0,0,0
WBGene00048858.,0,0,0
WBGene00048859.,0,0,0
WBGene00048860.,0,0,0
WBGene00048861.,0,0,0
WBGene00048862.,0,0,0
WBGene00048863.,0,0,0
WBGene00048864.,0,0,0
WBGene00048865.,0,0,0
WBGene00048866.,0,0,0
WBGene00048867.,0,1,1
WBGene00048868.,0,0,0
WBGene00048869.,0,0,0
WBGene00048870.,0,0,0
WBGene00048871.,0,0,0
WBGene00048872.,0,0,0
WBGene00048873.,0,0,0
WBGene00048874.,0,0,0
WBGene00048875.,0,0,0
WBGene00048876.,0,0,0
WBGene00048877.,0,0,0
WBGene00048878.,0,0,0
WBGene00048879.,0,0,0
WBGene00048880.,0,0,0
WBGene00048881.,0,0,0
WBGene00048882.,0,0,0
WBGene00048883.,0,0,0
WBGene00048884.,0,0,0
WBGene00048885.,0,0,0
WBGene00048886.,0,0,0
WBGene00048887.,0,0,0
WBGene00048888.,0,0,0
WBGene00048889.,0,3,3
WBGene00048890.,0,0,0
WBGene00048891.,0,0,0
WBGene00048892.,0,0,0
WBGene00048893.,0,0,0
WBGene00048894.,0,0,0
WBGene00048895.,0,0,0
WBGene00048896.,0,0,0
WBGene00048897.,0,1,1
WBGene00048898.,0,0,0
WBGene00048899.,0,0,0
WBGene00048900.,0,0,0
WBGene00048901.,0,0,0
WBGene00048902.,0,0,0
WBGene00048903.,0,0,0
WBGene00048904.,0,0,0
WBGene00048905.,0,0,0
WBGene00048906.,0,0,0
WBGene00048907.,0,0,0
WBGene00048908.,0,0,0
WBGene00048909.,0,0,0
WBGene00048910.,0,0,0
WBGene00048911.,0,1,1
WBGene00048912.,0,0,0
WBGene00048913.,0,0,0
WBGene00048914.,0,0,0
WBGene00048915.,0,0,0
WBGene00048916.,0,0,0
WBGene00048917.,0,0,0
WBGene00048918.,0,0,0
WBGene00048919.,0,0,0
WBGene00048920.,0,0,0
WBGene00048921.,0,0,0
WBGene00048922.,0,0,0
WBGene00048923.,0,0,0
WBGene00048924.,0,2,2
WBGene00048925.,0,0,0
WBGene00048926.,0,0,0
WBGene00048927.,0,0,0
WBGene00048928.,0,0,0
WBGene00048929.,0,0,0
WBGene00048930.,0,0,0
WBGene00048931.,0,0,0
WBGene00048932.,0,0,0
WBGene00048933.,0,0,0
WBGene00048934.,0,0,0
WBGene00048935.,0,0,0
WBGene00048936.,0,0,0
WBGene00048937.,0,1,1
WBGene00048938.,0,3,3
WBGene00048939.,0,1,1
WBGene00048940.,0,0,0
WBGene00048941.,0,0,0
WBGene00048942.,0,0,0
WBGene00048943.,0,0,0
WBGene00048944.,0,0,0
WBGene00048945.,0,0,0
WBGene00048946.,0,0,0
WBGene00048947.,0,0,0
WBGene00048948.,0,0,0
WBGene00048949.,0,0,0
WBGene00048950.,0,0,0
WBGene00048951.,0,0,0
WBGene00048952.,0,0,0
WBGene00048953.,0,0,0
WBGene00048954.,0,0,0
WBGene00048955.,0,0,0
WBGene00048956.,0,0,0
WBGene00048957.,0,0,0
WBGene00048958.,0,0,0
WBGene00048959.,0,0,0
WBGene00048960.,0,0,0
WBGene00048961.,0,0,0
WBGene00048962.,0,0,0
WBGene00048963.,0,0,0
WBGene00048964.,0,0,0
WBGene00048965.,0,0,0
WBGene00048966.,0,0,0
WBGene00048967.,0,0,0
WBGene00048968.,0,0,0
WBGene00048969.,0,0,0
WBGene00048970.,0,0,0
WBGene00048971.,0,1,1
WBGene00048972.,0,0,0
WBGene00048973.,0,0,0
WBGene00048974.,0,0,0
WBGene00048975.,0,0,0
WBGene00048976.,0,0,0
WBGene00048977.,0,0,0
WBGene00048978.,0,0,0
WBGene00048979.,0,0,0
WBGene00048980.,0,0,0
WBGene00048981.,0,0,0
WBGene00048982.,0,0,0
WBGene00048983.,0,1,1
WBGene00048984.,0,0,0
WBGene00048985.,0,0,0
WBGene00048986.,0,3,3
WBGene00048987.,0,0,0
WBGene00048988.,0,3,3
WBGene00048989.,0,0,0
WBGene00048990.,0,0,0
WBGene00048991.,0,0,0
WBGene00048992.,0,0,0
WBGene00048993.,0,0,0
WBGene00048994.,0,0,0
WBGene00048995.,0,0,0
WBGene00048996.,0,0,0
WBGene00048997.,0,0,0
WBGene00048998.,0,0,0
WBGene00048999.,0,6,6
WBGene00049000.,0,0,0
WBGene00049001.,0,0,0
WBGene00049002.,0,0,0
WBGene00049003.,0,0,0
WBGene00049004.,0,0,0
WBGene00049005.,0,0,0
WBGene00049006.,0,0,0
WBGene00049007.,0,0,0
WBGene00049008.,0,0,0
WBGene00049009.,0,0,0
WBGene00049010.,0,0,0
WBGene00049011.,0,0,0
WBGene00049012.,0,0,0
WBGene00049013.,0,0,0
WBGene00049014.,0,0,0
WBGene00049015.,0,0,0
WBGene00049016.,0,0,0
WBGene00049017.,0,0,0
WBGene00049018.,0,0,0
WBGene00049019.,0,0,0
WBGene00049020.,0,0,0
WBGene00049021.,0,0,0
WBGene00049022.,0,0,0
WBGene00049023.,0,0,0
WBGene00049024.,0,0,0
WBGene00049025.,0,0,0
WBGene00049026.,0,0,0
WBGene00049027.,0,0,0
WBGene00049028.,0,0,0
WBGene00049029.,0,0,0
WBGene00049030.,0,0,0
WBGene00049031.,0,0,0
WBGene00049032.,0,0,0
WBGene00049033.,0,0,0
WBGene00049034.,0,0,0
WBGene00049035.,0,0,0
WBGene00049036.,0,0,0
WBGene00049037.,0,0,0
WBGene00049038.,0,0,0
WBGene00049039.,0,0,0
WBGene00049040.,0,0,0
WBGene00049041.,0,1,1
WBGene00049042.,0,0,0
WBGene00049043.,0,0,0
WBGene00049044.,0,0,0
WBGene00049045.,0,0,0
WBGene00049046.,0,0,0
WBGene00049047.,0,0,0
WBGene00049048.,0,0,0
WBGene00049049.,0,0,0
WBGene00049050.,0,0,0
WBGene00049051.,0,0,0
WBGene00049052.,0,0,0
WBGene00049053.,0,0,0
WBGene00049054.,0,0,0
WBGene00049055.,0,0,0
WBGene00049056.,0,0,0
WBGene00049057.,0,0,0
WBGene00049058.,0,0,0
WBGene00049059.,0,0,0
WBGene00049060.,0,0,0
WBGene00049061.,0,0,0
WBGene00049062.,0,0,0
WBGene00049063.,0,1,1
WBGene00049064.,0,0,0
WBGene00049065.,0,0,0
WBGene00049066.,0,0,0
WBGene00049067.,0,0,0
WBGene00049068.,0,0,0
WBGene00049069.,0,0,0
WBGene00049070.,0,0,0
WBGene00049071.,0,0,0
WBGene00049072.,0,0,0
WBGene00049073.,0,0,0
WBGene00049074.,0,1,1
WBGene00049075.,0,0,0
WBGene00049076.,0,0,0
WBGene00049077.,0,0,0
WBGene00049078.,0,0,0
WBGene00049079.,0,0,0
WBGene00049080.,0,0,0
WBGene00049081.,0,1,1
WBGene00049082.,0,0,0
WBGene00049083.,0,0,0
WBGene00049084.,0,0,0
WBGene00049085.,0,0,0
WBGene00049086.,0,0,0
WBGene00049087.,0,0,0
WBGene00049088.,0,0,0
WBGene00049089.,0,0,0
WBGene00049090.,0,1,1
WBGene00049091.,0,0,0
WBGene00049092.,0,0,0
WBGene00049093.,0,0,0
WBGene00049094.,0,0,0
WBGene00049095.,0,0,0
WBGene00049096.,0,0,0
WBGene00049097.,0,0,0
WBGene00049098.,0,0,0
WBGene00049099.,0,0,0
WBGene00049100.,0,0,0
WBGene00049101.,0,0,0
WBGene00049102.,0,1,1
WBGene00049103.,0,0,0
WBGene00049104.,0,0,0
WBGene00049105.,0,0,0
WBGene00049106.,0,0,0
WBGene00049107.,0,0,0
WBGene00049108.,0,0,0
WBGene00049109.,0,0,0
WBGene00049110.,0,0,0
WBGene00049111.,0,0,0
WBGene00049112.,0,0,0
WBGene00049113.,0,1,1
WBGene00049114.,0,0,0
WBGene00049115.,0,0,0
WBGene00049116.,0,0,0
WBGene00049117.,0,0,0
WBGene00049118.,0,0,0
WBGene00049119.,0,1,1
WBGene00049120.,0,0,0
WBGene00049121.,0,0,0
WBGene00049122.,0,0,0
WBGene00049123.,0,0,0
WBGene00049124.,0,0,0
WBGene00049125.,0,0,0
WBGene00049126.,0,0,0
WBGene00049127.,0,0,0
WBGene00049128.,0,0,0
WBGene00049129.,0,0,0
WBGene00049130.,0,0,0
WBGene00049131.,0,0,0
WBGene00049132.,0,1,1
WBGene00049133.,0,0,0
WBGene00049134.,0,0,0
WBGene00049135.,0,0,0
WBGene00049136.,0,0,0
WBGene00049137.,0,0,0
WBGene00049138.,0,0,0
WBGene00049139.,0,0,0
WBGene00049140.,0,0,0
WBGene00049141.,0,0,0
WBGene00049142.,0,0,0
WBGene00049143.,0,1,1
WBGene00049144.,0,0,0
WBGene00049145.,0,0,0
WBGene00049146.,0,0,0
WBGene00049147.,0,0,0
WBGene00049148.,0,0,0
WBGene00049149.,0,0,0
WBGene00049150.,0,0,0
WBGene00049151.,0,0,0
WBGene00049152.,0,0,0
WBGene00049153.,0,0,0
WBGene00049154.,0,0,0
WBGene00049155.,0,0,0
WBGene00049156.,0,0,0
WBGene00049157.,0,0,0
WBGene00049158.,0,0,0
WBGene00049159.,0,0,0
WBGene00049160.,0,0,0
WBGene00049161.,0,0,0
WBGene00049162.,0,0,0
WBGene00049163.,0,0,0
WBGene00049164.,0,0,0
WBGene00049165.,0,1,1
WBGene00049166.,0,0,0
WBGene00049167.,0,0,0
WBGene00049168.,0,1,1
WBGene00049169.,0,0,0
WBGene00049170.,0,0,0
WBGene00049171.,0,0,0
WBGene00049172.,0,0,0
WBGene00049173.,0,0,0
WBGene00049174.,0,3,3
WBGene00049175.,0,0,0
WBGene00049176.,0,0,0
WBGene00049177.,0,0,0
WBGene00049178.,0,0,0
WBGene00049179.,0,0,0
WBGene00049180.,0,0,0
WBGene00049181.,0,0,0
WBGene00049182.,0,0,0
WBGene00049183.,0,0,0
WBGene00049184.,0,0,0
WBGene00049185.,0,0,0
WBGene00049186.,0,0,0
WBGene00049187.,0,0,0
WBGene00049188.,0,0,0
WBGene00049189.,0,0,0
WBGene00049190.,0,1,1
WBGene00049191.,0,0,0
WBGene00049192.,0,0,0
WBGene00049193.,0,0,0
WBGene00049194.,0,0,0
WBGene00049195.,0,0,0
WBGene00049196.,0,0,0
WBGene00049197.,0,0,0
WBGene00049198.,0,0,0
WBGene00049199.,0,0,0
WBGene00049200.,0,0,0
WBGene00049201.,0,0,0
WBGene00049202.,0,10,10
WBGene00049203.,0,0,0
WBGene00049204.,0,0,0
WBGene00049205.,0,1,1
WBGene00049206.,0,0,0
WBGene00049207.,0,0,0
WBGene00049208.,0,0,0
WBGene00049209.,0,0,0
WBGene00049210.,0,0,0
WBGene00049211.,0,0,0
WBGene00049212.,0,0,0
WBGene00049213.,0,0,0
WBGene00049214.,0,1,1
WBGene00049215.,0,0,0
WBGene00049216.,0,0,0
WBGene00049217.,0,0,0
WBGene00049218.,0,1,1
WBGene00049219.,0,1,1
WBGene00049220.,0,0,0
WBGene00049221.,0,0,0
WBGene00049222.,0,0,0
WBGene00049223.,0,0,0
WBGene00049224.,0,0,0
WBGene00049225.,0,0,0
WBGene00049226.,0,1,1
WBGene00049227.,0,0,0
WBGene00049228.,0,0,0
WBGene00049229.,0,0,0
WBGene00049230.,0,0,0
WBGene00049231.,0,0,0
WBGene00049232.,0,0,0
WBGene00049233.,0,0,0
WBGene00049234.,0,0,0
WBGene00049235.,0,0,0
WBGene00049236.,0,0,0
WBGene00049237.,0,0,0
WBGene00049238.,0,0,0
WBGene00049239.,0,0,0
WBGene00049240.,0,0,0
WBGene00049241.,0,0,0
WBGene00049242.,0,0,0
WBGene00049243.,0,0,0
WBGene00049244.,0,0,0
WBGene00049245.,0,0,0
WBGene00049246.,0,0,0
WBGene00049247.,0,0,0
WBGene00049248.,0,0,0
WBGene00049249.,0,0,0
WBGene00049250.,0,0,0
WBGene00049251.,0,0,0
WBGene00049252.,0,0,0
WBGene00049253.,0,0,0
WBGene00049254.,0,0,0
WBGene00049255.,0,0,0
WBGene00049256.,0,0,0
WBGene00049257.,0,0,0
WBGene00049258.,0,0,0
WBGene00049259.,0,0,0
WBGene00049260.,0,0,0
WBGene00049261.,0,0,0
WBGene00049262.,0,0,0
WBGene00049263.,0,0,0
WBGene00049264.,0,0,0
WBGene00049265.,0,0,0
WBGene00049266.,0,0,0
WBGene00049267.,0,0,0
WBGene00049268.,0,0,0
WBGene00049269.,0,0,0
WBGene00049270.,0,0,0
WBGene00049271.,0,0,0
WBGene00049272.,0,0,0
WBGene00049273.,0,0,0
WBGene00049274.,0,1,1
WBGene00049275.,0,0,0
WBGene00049276.,0,0,0
WBGene00049277.,0,0,0
WBGene00049278.,0,0,0
WBGene00049279.,0,0,0
WBGene00049280.,0,0,0
WBGene00049281.,0,0,0
WBGene00049282.,0,0,0
WBGene00049283.,0,0,0
WBGene00049284.,0,0,0
WBGene00049285.,0,0,0
WBGene00049286.,0,0,0
WBGene00049287.,0,0,0
WBGene00049288.,0,0,0
WBGene00049289.,0,0,0
WBGene00049290.,0,0,0
WBGene00049291.,0,0,0
WBGene00049292.,0,0,0
WBGene00049293.,0,1,1
WBGene00049294.,0,0,0
WBGene00049295.,0,5,5
WBGene00049296.,0,0,0
WBGene00049297.,0,0,0
WBGene00049298.,0,0,0
WBGene00049299.,0,1,1
WBGene00049300.,0,0,0
WBGene00049301.,0,0,0
WBGene00049302.,0,0,0
WBGene00049303.,0,0,0
WBGene00049304.,0,0,0
WBGene00049305.,0,0,0
WBGene00049306.,0,0,0
WBGene00049307.,0,0,0
WBGene00049308.,0,0,0
WBGene00049309.,0,0,0
WBGene00049310.,0,0,0
WBGene00049311.,0,0,0
WBGene00049312.,0,0,0
WBGene00049313.,0,0,0
WBGene00049314.,0,1,1
WBGene00049315.,0,0,0
WBGene00049316.,0,0,0
WBGene00049317.,0,0,0
WBGene00049318.,0,0,0
WBGene00049319.,0,0,0
WBGene00049320.,0,0,0
WBGene00049321.,0,0,0
WBGene00049322.,0,0,0
WBGene00049323.,0,0,0
WBGene00049324.,0,0,0
WBGene00049325.,0,0,0
WBGene00049326.,0,0,0
WBGene00049327.,0,0,0
WBGene00049328.,0,0,0
WBGene00049329.,0,0,0
WBGene00049330.,0,0,0
WBGene00049331.,0,0,0
WBGene00049332.,0,0,0
WBGene00049333.,0,1,1
WBGene00049334.,0,0,0
WBGene00049335.,0,0,0
WBGene00049336.,0,0,0
WBGene00049337.,0,0,0
WBGene00049338.,0,0,0
WBGene00049339.,0,0,0
WBGene00049340.,0,3,3
WBGene00049341.,0,0,0
WBGene00049342.,0,0,0
WBGene00049343.,0,0,0
WBGene00049344.,0,0,0
WBGene00049345.,0,0,0
WBGene00049346.,0,0,0
WBGene00049347.,0,0,0
WBGene00049348.,0,0,0
WBGene00049349.,0,0,0
WBGene00049350.,0,0,0
WBGene00049351.,0,0,0
WBGene00049352.,0,0,0
WBGene00049353.,0,0,0
WBGene00049354.,0,0,0
WBGene00049355.,0,0,0
WBGene00049356.,0,0,0
WBGene00049357.,0,0,0
WBGene00049358.,0,0,0
WBGene00049359.,0,0,0
WBGene00049360.,0,0,0
WBGene00049361.,0,0,0
WBGene00049362.,0,0,0
WBGene00049363.,0,0,0
WBGene00049364.,0,0,0
WBGene00049365.,0,0,0
WBGene00049366.,0,0,0
WBGene00049367.,0,0,0
WBGene00049368.,0,0,0
WBGene00049369.,0,0,0
WBGene00049370.,0,0,0
WBGene00049371.,0,0,0
WBGene00049372.,0,0,0
WBGene00049373.,0,0,0
WBGene00049374.,0,0,0
WBGene00049375.,0,0,0
WBGene00049376.,0,0,0
WBGene00049377.,0,0,0
WBGene00049378.,0,0,0
WBGene00049379.,0,0,0
WBGene00049380.,0,0,0
WBGene00049381.,0,0,0
WBGene00049382.,0,0,0
WBGene00049383.,0,0,0
WBGene00049384.,0,0,0
WBGene00049385.,0,0,0
WBGene00049386.,0,0,0
WBGene00049387.,0,0,0
WBGene00049388.,0,0,0
WBGene00049389.,0,0,0
WBGene00049390.,0,0,0
WBGene00049391.,0,2,2
WBGene00049392.,0,0,0
WBGene00049393.,0,0,0
WBGene00049394.,0,0,0
WBGene00049395.,0,0,0
WBGene00049396.,0,0,0
WBGene00049397.,0,0,0
WBGene00049398.,0,1,1
WBGene00049399.,0,0,0
WBGene00049400.,0,26,26
WBGene00049401.,0,0,0
WBGene00049402.,0,1,1
WBGene00049403.,0,0,0
WBGene00049404.,0,0,0
WBGene00049405.,0,2,2
WBGene00049406.,0,0,0
WBGene00049407.,0,0,0
WBGene00049408.,0,0,0
WBGene00049409.,0,0,0
WBGene00049410.,0,0,0
WBGene00049411.,0,0,0
WBGene00049412.,0,0,0
WBGene00049413.,0,0,0
WBGene00049414.,0,0,0
WBGene00049415.,0,0,0
WBGene00049416.,0,0,0
WBGene00049417.,0,0,0
WBGene00049418.,0,0,0
WBGene00049419.,0,0,0
WBGene00049420.,0,0,0
WBGene00049421.,0,0,0
WBGene00049422.,0,0,0
WBGene00049423.,0,0,0
WBGene00049424.,0,0,0
WBGene00049425.,0,0,0
WBGene00049426.,0,0,0
WBGene00049427.,0,0,0
WBGene00049428.,0,0,0
WBGene00049429.,0,0,0
WBGene00049430.,0,0,0
WBGene00049431.,0,0,0
WBGene00049432.,0,0,0
WBGene00049433.,0,0,0
WBGene00049434.,0,0,0
WBGene00049435.,0,0,0
WBGene00049436.,0,0,0
WBGene00049437.,0,0,0
WBGene00049438.,0,0,0
WBGene00049439.,0,0,0
WBGene00049440.,0,0,0
WBGene00049441.,0,0,0
WBGene00049443.,0,0,0
WBGene00049444.,0,0,0
WBGene00049445.,0,0,0
WBGene00049446.,0,0,0
WBGene00049447.,0,0,0
WBGene00049448.,0,0,0
WBGene00049449.,0,0,0
WBGene00049450.,0,0,0
WBGene00049451.,0,0,0
WBGene00049452.,0,0,0
WBGene00049453.,0,0,0
WBGene00049454.,0,0,0
WBGene00049455.,0,0,0
WBGene00049456.,0,0,0
WBGene00049457.,0,0,0
WBGene00049458.,0,0,0
WBGene00049459.,0,0,0
WBGene00049460.,0,0,0
WBGene00049461.,0,1,1
WBGene00049462.,0,0,0
WBGene00049463.,0,0,0
WBGene00049464.,0,0,0
WBGene00049465.,0,0,0
WBGene00049466.,0,0,0
WBGene00049467.,0,0,0
WBGene00049468.,0,0,0
WBGene00049469.,0,0,0
WBGene00049470.,0,5,5
WBGene00049471.,0,0,0
WBGene00049472.,0,0,0
WBGene00049473.,0,0,0
WBGene00049474.,0,0,0
WBGene00049475.,0,0,0
WBGene00049476.,0,0,0
WBGene00049477.,0,0,0
WBGene00049478.,0,0,0
WBGene00049479.,0,0,0
WBGene00049480.,0,0,0
WBGene00049481.,0,0,0
WBGene00049482.,0,0,0
WBGene00049483.,0,0,0
WBGene00049484.,0,0,0
WBGene00049485.,0,0,0
WBGene00049486.,0,0,0
WBGene00049487.,0,3,3
WBGene00049488.,0,0,0
WBGene00049489.,0,0,0
WBGene00049490.,0,0,0
WBGene00049491.,0,0,0
WBGene00049492.,0,0,0
WBGene00049493.,0,0,0
WBGene00049494.,0,0,0
WBGene00049495.,0,2,2
WBGene00049496.,0,0,0
WBGene00049497.,0,0,0
WBGene00049498.,0,0,0
WBGene00049499.,0,0,0
WBGene00049500.,0,1,1
WBGene00049501.,0,0,0
WBGene00049502.,0,0,0
WBGene00049503.,0,0,0
WBGene00049504.,0,0,0
WBGene00049505.,0,0,0
WBGene00049506.,0,0,0
WBGene00049507.,0,0,0
WBGene00049508.,0,0,0
WBGene00049509.,0,0,0
WBGene00049510.,0,0,0
WBGene00049511.,0,0,0
WBGene00049512.,0,0,0
WBGene00049513.,0,0,0
WBGene00049514.,0,0,0
WBGene00049515.,0,0,0
WBGene00049516.,0,0,0
WBGene00049517.,0,1,1
WBGene00049518.,0,0,0
WBGene00049519.,0,0,0
WBGene00049520.,0,0,0
WBGene00049521.,0,0,0
WBGene00049522.,0,0,0
WBGene00049523.,0,0,0
WBGene00049524.,0,0,0
WBGene00049525.,0,0,0
WBGene00049526.,0,0,0
WBGene00049527.,0,0,0
WBGene00049528.,0,0,0
WBGene00049529.,0,0,0
WBGene00049530.,0,0,0
WBGene00049531.,0,0,0
WBGene00049532.,0,0,0
WBGene00049533.,0,0,0
WBGene00049534.,0,0,0
WBGene00049535.,0,0,0
WBGene00049536.,0,0,0
WBGene00049537.,0,0,0
WBGene00049538.,0,0,0
WBGene00049539.,0,0,0
WBGene00049540.,0,0,0
WBGene00049541.,0,0,0
WBGene00049542.,0,0,0
WBGene00049543.,0,0,0
WBGene00049544.,0,0,0
WBGene00049545.,0,0,0
WBGene00049546.,0,0,0
WBGene00049547.,0,0,0
WBGene00049548.,0,0,0
WBGene00049549.,0,0,0
WBGene00049550.,0,0,0
WBGene00049551.,0,0,0
WBGene00049552.,0,0,0
WBGene00049553.,0,0,0
WBGene00049554.,0,0,0
WBGene00049555.,0,0,0
WBGene00049556.,0,0,0
WBGene00049557.,0,1,1
WBGene00049558.,0,0,0
WBGene00049559.,0,0,0
WBGene00049560.,0,0,0
WBGene00049561.,0,0,0
WBGene00049562.,0,0,0
WBGene00049563.,0,0,0
WBGene00049564.,0,1,1
WBGene00049565.,0,0,0
WBGene00049566.,0,0,0
WBGene00049567.,0,0,0
WBGene00049568.,0,0,0
WBGene00049569.,0,1,1
WBGene00049570.,0,0,0
WBGene00049571.,0,0,0
WBGene00049572.,0,0,0
WBGene00049573.,0,0,0
WBGene00049574.,0,0,0
WBGene00049575.,0,0,0
WBGene00049576.,0,0,0
WBGene00049577.,0,0,0
WBGene00049578.,0,0,0
WBGene00049579.,0,0,0
WBGene00049580.,0,0,0
WBGene00049581.,0,0,0
WBGene00049582.,0,0,0
WBGene00049583.,0,0,0
WBGene00049584.,0,0,0
WBGene00049585.,0,0,0
WBGene00049586.,0,0,0
WBGene00049587.,0,0,0
WBGene00049588.,0,0,0
WBGene00049589.,0,0,0
WBGene00049590.,0,0,0
WBGene00049591.,0,0,0
WBGene00049592.,0,0,0
WBGene00049593.,0,0,0
WBGene00049594.,0,0,0
WBGene00049595.,0,0,0
WBGene00049596.,0,0,0
WBGene00049597.,0,0,0
WBGene00049598.,0,0,0
WBGene00049599.,0,0,0
WBGene00049600.,0,0,0
WBGene00049601.,0,1,1
WBGene00049602.,0,0,0
WBGene00049603.,0,0,0
WBGene00049604.,0,2,2
WBGene00049605.,0,0,0
WBGene00049606.,0,1,1
WBGene00049607.,0,0,0
WBGene00049608.,0,0,0
WBGene00049609.,0,2,2
WBGene00049610.,0,0,0
WBGene00049611.,0,0,0
WBGene00049612.,0,0,0
WBGene00049613.,0,0,0
WBGene00049614.,0,0,0
WBGene00049615.,0,1,1
WBGene00049616.,0,0,0
WBGene00049617.,0,0,0
WBGene00049618.,0,0,0
WBGene00049619.,0,0,0
WBGene00049620.,0,0,0
WBGene00049621.,0,0,0
WBGene00049622.,0,0,0
WBGene00049623.,0,0,0
WBGene00049624.,0,0,0
WBGene00049625.,0,0,0
WBGene00049626.,0,0,0
WBGene00049627.,0,0,0
WBGene00049628.,0,0,0
WBGene00049629.,0,0,0
WBGene00049630.,0,0,0
WBGene00049631.,0,0,0
WBGene00049632.,0,0,0
WBGene00049633.,0,0,0
WBGene00049634.,0,0,0
WBGene00049635.,0,0,0
WBGene00049636.,0,0,0
WBGene00049637.,0,0,0
WBGene00049638.,0,0,0
WBGene00049639.,0,0,0
WBGene00049640.,0,0,0
WBGene00049641.,0,0,0
WBGene00049642.,0,0,0
WBGene00049643.,0,0,0
WBGene00049644.,0,0,0
WBGene00049645.,0,0,0
WBGene00049646.,0,0,0
WBGene00049647.,0,0,0
WBGene00049648.,0,0,0
WBGene00049649.,0,0,0
WBGene00049650.,0,0,0
WBGene00049651.,0,0,0
WBGene00049652.,0,0,0
WBGene00049653.,0,0,0
WBGene00049654.,0,0,0
WBGene00049655.,0,0,0
WBGene00049656.,0,2,2
WBGene00049657.,0,0,0
WBGene00049658.,0,0,0
WBGene00049659.,0,0,0
WBGene00049660.,0,0,0
WBGene00049661.,0,0,0
WBGene00049662.,0,0,0
WBGene00049663.,0,0,0
WBGene00049664.,0,0,0
WBGene00049665.,0,0,0
WBGene00049666.,0,0,0
WBGene00049667.,0,2,2
WBGene00049668.,0,0,0
WBGene00049669.,0,0,0
WBGene00049670.,0,0,0
WBGene00049671.,0,0,0
WBGene00049672.,0,0,0
WBGene00049673.,0,0,0
WBGene00049674.,0,0,0
WBGene00049675.,0,0,0
WBGene00049676.,0,0,0
WBGene00049677.,0,0,0
WBGene00049678.,0,0,0
WBGene00049679.,0,0,0
WBGene00049680.,0,12,12
WBGene00049681.,0,0,0
WBGene00049682.,0,0,0
WBGene00049683.,0,0,0
WBGene00049684.,0,0,0
WBGene00049685.,0,0,0
WBGene00049686.,0,0,0
WBGene00049687.,0,0,0
WBGene00049688.,0,0,0
WBGene00049689.,0,0,0
WBGene00049690.,0,0,0
WBGene00049691.,0,0,0
WBGene00049692.,0,0,0
WBGene00049693.,0,0,0
WBGene00049694.,0,0,0
WBGene00049695.,0,0,0
WBGene00049696.,0,0,0
WBGene00049697.,0,0,0
WBGene00049698.,0,0,0
WBGene00049699.,0,0,0
WBGene00049700.,0,0,0
WBGene00049701.,0,0,0
WBGene00049702.,0,0,0
WBGene00049703.,0,0,0
WBGene00049704.,0,0,0
WBGene00049705.,0,0,0
WBGene00049706.,0,0,0
WBGene00049707.,0,0,0
WBGene00049708.,0,0,0
WBGene00049709.,0,0,0
WBGene00049710.,0,0,0
WBGene00049711.,0,0,0
WBGene00049712.,0,0,0
WBGene00049713.,0,0,0
WBGene00049714.,0,0,0
WBGene00049715.,0,0,0
WBGene00049716.,0,0,0
WBGene00049717.,0,0,0
WBGene00049718.,0,0,0
WBGene00049719.,0,0,0
WBGene00049720.,0,0,0
WBGene00049721.,0,0,0
WBGene00049722.,0,0,0
WBGene00049723.,0,0,0
WBGene00049724.,0,0,0
WBGene00049725.,0,0,0
WBGene00049726.,0,0,0
WBGene00049727.,0,0,0
WBGene00049728.,0,0,0
WBGene00049729.,0,2,2
WBGene00049730.,0,0,0
WBGene00049731.,0,0,0
WBGene00049732.,0,1,1
WBGene00049733.,0,0,0
WBGene00049734.,0,0,0
WBGene00049735.,0,0,0
WBGene00049736.,0,0,0
WBGene00049737.,0,0,0
WBGene00049738.,0,0,0
WBGene00049739.,0,0,0
WBGene00049740.,0,0,0
WBGene00049741.,0,0,0
WBGene00049742.,0,0,0
WBGene00049743.,0,0,0
WBGene00049744.,0,0,0
WBGene00049745.,0,0,0
WBGene00049746.,0,0,0
WBGene00049747.,0,0,0
WBGene00049748.,0,0,0
WBGene00049749.,0,0,0
WBGene00049750.,0,0,0
WBGene00049751.,0,0,0
WBGene00049752.,0,0,0
WBGene00049753.,0,0,0
WBGene00049754.,0,0,0
WBGene00049755.,0,0,0
WBGene00049756.,0,0,0
WBGene00049757.,0,0,0
WBGene00049758.,0,0,0
WBGene00049759.,0,0,0
WBGene00049760.,0,0,0
WBGene00049761.,0,0,0
WBGene00049762.,0,0,0
WBGene00049763.,0,0,0
WBGene00049764.,0,0,0
WBGene00049765.,0,0,0
WBGene00049766.,0,0,0
WBGene00049767.,0,0,0
WBGene00049768.,0,0,0
WBGene00049769.,0,0,0
WBGene00049770.,0,0,0
WBGene00049771.,0,0,0
WBGene00049772.,0,0,0
WBGene00049773.,0,0,0
WBGene00049774.,0,0,0
WBGene00049775.,0,0,0
WBGene00049776.,0,0,0
WBGene00049777.,0,0,0
WBGene00049778.,0,0,0
WBGene00049779.,0,0,0
WBGene00049780.,0,0,0
WBGene00049781.,0,0,0
WBGene00049782.,0,0,0
WBGene00049783.,0,0,0
WBGene00049784.,0,0,0
WBGene00049785.,0,0,0
WBGene00049786.,0,0,0
WBGene00049787.,0,0,0
WBGene00049788.,0,0,0
WBGene00049789.,0,0,0
WBGene00049790.,0,0,0
WBGene00049791.,0,0,0
WBGene00049792.,0,0,0
WBGene00049793.,0,0,0
WBGene00049794.,0,0,0
WBGene00049795.,0,0,0
WBGene00049796.,0,0,0
WBGene00049797.,0,0,0
WBGene00049798.,0,0,0
WBGene00049799.,0,0,0
WBGene00049800.,0,0,0
WBGene00049801.,0,0,0
WBGene00049802.,0,0,0
WBGene00049803.,0,0,0
WBGene00049804.,0,0,0
WBGene00049805.,0,0,0
WBGene00049806.,0,0,0
WBGene00049807.,0,0,0
WBGene00049808.,0,0,0
WBGene00049809.,0,0,0
WBGene00049810.,0,0,0
WBGene00049811.,0,0,0
WBGene00049812.,0,0,0
WBGene00049813.,0,0,0
WBGene00049814.,0,0,0
WBGene00049815.,0,0,0
WBGene00049816.,0,0,0
WBGene00049817.,0,0,0
WBGene00049818.,0,0,0
WBGene00049819.,0,0,0
WBGene00049820.,0,0,0
WBGene00049821.,0,0,0
WBGene00049822.,0,0,0
WBGene00049823.,0,0,0
WBGene00049824.,0,0,0
WBGene00049825.,0,0,0
WBGene00049826.,0,0,0
WBGene00049827.,0,0,0
WBGene00049828.,0,0,0
WBGene00049829.,0,0,0
WBGene00049830.,0,0,0
WBGene00049831.,0,0,0
WBGene00049832.,0,0,0
WBGene00049833.,0,1,1
WBGene00049834.,0,0,0
WBGene00049835.,0,0,0
WBGene00049836.,0,0,0
WBGene00049837.,0,0,0
WBGene00049838.,0,0,0
WBGene00049839.,0,0,0
WBGene00049840.,0,0,0
WBGene00049841.,0,0,0
WBGene00049842.,0,0,0
WBGene00049843.,0,0,0
WBGene00049844.,0,0,0
WBGene00049845.,0,0,0
WBGene00049846.,0,1,1
WBGene00049847.,0,0,0
WBGene00049848.,0,0,0
WBGene00049849.,0,1,1
WBGene00049850.,0,0,0
WBGene00049851.,0,0,0
WBGene00049852.,0,0,0
WBGene00049853.,0,0,0
WBGene00049854.,0,1,1
WBGene00049855.,0,0,0
WBGene00049856.,0,0,0
WBGene00049857.,0,0,0
WBGene00049858.,0,0,0
WBGene00049859.,0,0,0
WBGene00049860.,0,0,0
WBGene00049861.,0,0,0
WBGene00049862.,0,0,0
WBGene00049863.,0,0,0
WBGene00049864.,0,0,0
WBGene00049865.,0,0,0
WBGene00049866.,0,0,0
WBGene00049867.,0,0,0
WBGene00049868.,0,1,1
WBGene00049869.,0,0,0
WBGene00049870.,0,0,0
WBGene00049871.,0,0,0
WBGene00049872.,0,0,0
WBGene00049873.,0,0,0
WBGene00049874.,0,0,0
WBGene00049875.,0,0,0
WBGene00049876.,0,0,0
WBGene00049877.,0,0,0
WBGene00049878.,0,0,0
WBGene00049879.,0,0,0
WBGene00049880.,0,0,0
WBGene00049881.,0,0,0
WBGene00049882.,0,0,0
WBGene00049883.,0,0,0
WBGene00049884.,0,0,0
WBGene00049885.,0,0,0
WBGene00049886.,0,1,1
WBGene00049887.,0,0,0
WBGene00049888.,0,0,0
WBGene00049889.,0,0,0
WBGene00049890.,0,0,0
WBGene00049891.,0,0,0
WBGene00049892.,0,0,0
WBGene00049893.,0,0,0
WBGene00049894.,0,0,0
WBGene00049895.,0,0,0
WBGene00049896.,0,0,0
WBGene00049897.,0,0,0
WBGene00049898.,0,0,0
WBGene00049899.,0,0,0
WBGene00049900.,0,0,0
WBGene00049901.,0,0,0
WBGene00049902.,0,0,0
WBGene00049903.,0,0,0
WBGene00049904.,0,0,0
WBGene00049905.,0,0,0
WBGene00049906.,0,0,0
WBGene00049907.,0,0,0
WBGene00049908.,0,0,0
WBGene00049909.,0,0,0
WBGene00049910.,0,0,0
WBGene00049911.,0,0,0
WBGene00049912.,0,0,0
WBGene00049913.,0,0,0
WBGene00049914.,0,0,0
WBGene00049915.,0,0,0
WBGene00049916.,0,0,0
WBGene00049917.,0,0,0
WBGene00049918.,0,0,0
WBGene00049919.,0,0,0
WBGene00049920.,0,2,2
WBGene00049921.,0,0,0
WBGene00049922.,0,0,0
WBGene00049923.,0,0,0
WBGene00049924.,0,0,0
WBGene00049925.,0,0,0
WBGene00049926.,0,1,1
WBGene00049927.,0,0,0
WBGene00049928.,0,0,0
WBGene00049929.,0,0,0
WBGene00049930.,0,0,0
WBGene00049931.,0,0,0
WBGene00049932.,0,0,0
WBGene00049933.,0,2,2
WBGene00049934.,0,0,0
WBGene00049935.,0,0,0
WBGene00049936.,0,0,0
WBGene00049937.,0,0,0
WBGene00049938.,0,0,0
WBGene00049939.,0,0,0
WBGene00049940.,0,0,0
WBGene00049941.,0,0,0
WBGene00049942.,0,0,0
WBGene00049943.,0,0,0
WBGene00049944.,0,0,0
WBGene00049945.,0,0,0
WBGene00049946.,0,4,4
WBGene00049947.,0,1,1
WBGene00049948.,0,0,0
WBGene00049949.,0,0,0
WBGene00049950.,0,0,0
WBGene00049951.,0,0,0
WBGene00049952.,0,0,0
WBGene00049953.,0,0,0
WBGene00049954.,0,0,0
WBGene00049955.,0,0,0
WBGene00049956.,0,0,0
WBGene00049957.,0,0,0
WBGene00049958.,0,0,0
WBGene00049959.,0,0,0
WBGene00049960.,0,0,0
WBGene00049961.,0,0,0
WBGene00049962.,0,0,0
WBGene00049963.,0,0,0
WBGene00049964.,0,0,0
WBGene00049965.,0,0,0
WBGene00049966.,0,0,0
WBGene00049967.,0,0,0
WBGene00049968.,0,0,0
WBGene00049969.,0,0,0
WBGene00049970.,0,0,0
WBGene00049971.,0,0,0
WBGene00049972.,0,0,0
WBGene00049973.,0,0,0
WBGene00049974.,0,0,0
WBGene00049975.,0,0,0
WBGene00049976.,0,0,0
WBGene00049977.,0,1,1
WBGene00049978.,0,0,0
WBGene00049979.,0,0,0
WBGene00049980.,0,0,0
WBGene00049981.,0,0,0
WBGene00049982.,0,0,0
WBGene00049983.,0,0,0
WBGene00049984.,0,0,0
WBGene00049985.,0,0,0
WBGene00049986.,0,0,0
WBGene00049987.,0,0,0
WBGene00049988.,0,0,0
WBGene00049989.,0,0,0
WBGene00049990.,0,0,0
WBGene00049991.,0,0,0
WBGene00049992.,0,0,0
WBGene00049993.,0,4,4
WBGene00049994.,0,0,0
WBGene00049995.,0,0,0
WBGene00049996.,0,0,0
WBGene00049997.,0,0,0
WBGene00049998.,0,0,0
WBGene00049999.,0,0,0
WBGene00050000.,0,0,0
WBGene00050001.,0,3,3
WBGene00050002.,0,0,0
WBGene00050003.,0,0,0
WBGene00050004.,0,0,0
WBGene00050005.,0,0,0
WBGene00050006.,0,0,0
WBGene00050007.,0,0,0
WBGene00050008.,0,0,0
WBGene00050009.,0,0,0
WBGene00050010.,0,0,0
WBGene00050011.,0,0,0
WBGene00050012.,0,0,0
WBGene00050013.,0,0,0
WBGene00050014.,0,0,0
WBGene00050015.,0,2,2
WBGene00050016.,0,0,0
WBGene00050017.,0,0,0
WBGene00050018.,0,0,0
WBGene00050019.,0,0,0
WBGene00050020.,0,0,0
WBGene00050021.,0,0,0
WBGene00050022.,0,0,0
WBGene00050023.,0,0,0
WBGene00050024.,0,0,0
WBGene00050025.,0,0,0
WBGene00050026.,0,0,0
WBGene00050027.,0,0,0
WBGene00050028.,0,0,0
WBGene00050029.,0,0,0
WBGene00050030.,0,0,0
WBGene00050031.,0,0,0
WBGene00050032.,0,0,0
WBGene00050033.,0,0,0
WBGene00050034.,0,0,0
WBGene00050035.,0,0,0
WBGene00050036.,0,0,0
WBGene00050037.,0,0,0
WBGene00050038.,0,0,0
WBGene00050039.,0,0,0
WBGene00050040.,0,0,0
WBGene00050041.,0,0,0
WBGene00050042.,0,0,0
WBGene00050043.,0,0,0
WBGene00050044.,0,0,0
WBGene00050045.,0,0,0
WBGene00050046.,0,0,0
WBGene00050047.,0,0,0
WBGene00050048.,0,0,0
WBGene00050049.,0,0,0
WBGene00050050.,0,0,0
WBGene00050051.,0,0,0
WBGene00050052.,0,0,0
WBGene00050053.,0,0,0
WBGene00050054.,0,0,0
WBGene00050055.,0,0,0
WBGene00050056.,0,0,0
WBGene00050057.,0,0,0
WBGene00050058.,0,0,0
WBGene00050059.,0,0,0
WBGene00050060.,0,0,0
WBGene00050061.,0,0,0
WBGene00050062.,0,0,0
WBGene00050063.,0,0,0
WBGene00050064.,0,0,0
WBGene00050065.,0,0,0
WBGene00050066.,0,0,0
WBGene00050067.,0,0,0
WBGene00050068.,0,0,0
WBGene00050069.,0,0,0
WBGene00050070.,0,0,0
WBGene00050071.,0,0,0
WBGene00050072.,0,0,0
WBGene00050073.,0,0,0
WBGene00050074.,0,0,0
WBGene00050075.,0,0,0
WBGene00050076.,0,0,0
WBGene00050077.,0,1,1
WBGene00050078.,0,0,0
WBGene00050079.,0,0,0
WBGene00050080.,0,0,0
WBGene00050081.,0,0,0
WBGene00050082.,0,0,0
WBGene00050083.,0,0,0
WBGene00050084.,0,0,0
WBGene00050085.,0,0,0
WBGene00050086.,0,0,0
WBGene00050087.,0,0,0
WBGene00050088.,0,0,0
WBGene00050089.,0,0,0
WBGene00050090.,0,0,0
WBGene00050091.,0,0,0
WBGene00050092.,0,0,0
WBGene00050093.,0,0,0
WBGene00050094.,0,0,0
WBGene00050095.,0,0,0
WBGene00050096.,0,0,0
WBGene00050097.,0,0,0
WBGene00050098.,0,0,0
WBGene00050099.,0,0,0
WBGene00050100.,0,0,0
WBGene00050101.,0,0,0
WBGene00050102.,0,0,0
WBGene00050103.,0,0,0
WBGene00050104.,0,0,0
WBGene00050105.,0,0,0
WBGene00050106.,0,0,0
WBGene00050107.,0,1,1
WBGene00050108.,0,0,0
WBGene00050109.,0,0,0
WBGene00050110.,0,0,0
WBGene00050111.,0,0,0
WBGene00050112.,0,0,0
WBGene00050113.,0,0,0
WBGene00050114.,0,0,0
WBGene00050115.,0,0,0
WBGene00050116.,0,0,0
WBGene00050117.,0,0,0
WBGene00050118.,0,0,0
WBGene00050119.,0,0,0
WBGene00050120.,0,0,0
WBGene00050121.,0,0,0
WBGene00050122.,0,1,1
WBGene00050123.,0,0,0
WBGene00050124.,0,0,0
WBGene00050125.,0,0,0
WBGene00050126.,0,0,0
WBGene00050127.,0,0,0
WBGene00050128.,0,0,0
WBGene00050129.,0,0,0
WBGene00050130.,0,0,0
WBGene00050131.,0,0,0
WBGene00050132.,0,0,0
WBGene00050133.,0,0,0
WBGene00050134.,0,0,0
WBGene00050135.,0,0,0
WBGene00050136.,0,8,8
WBGene00050137.,0,0,0
WBGene00050138.,0,0,0
WBGene00050139.,0,0,0
WBGene00050140.,0,0,0
WBGene00050141.,0,0,0
WBGene00050142.,0,0,0
WBGene00050143.,0,0,0
WBGene00050144.,0,0,0
WBGene00050145.,0,0,0
WBGene00050146.,0,0,0
WBGene00050147.,0,0,0
WBGene00050148.,0,0,0
WBGene00050149.,0,0,0
WBGene00050150.,0,0,0
WBGene00050151.,0,0,0
WBGene00050152.,0,0,0
WBGene00050153.,0,0,0
WBGene00050154.,0,1,1
WBGene00050155.,0,0,0
WBGene00050156.,0,0,0
WBGene00050157.,0,0,0
WBGene00050158.,0,0,0
WBGene00050159.,0,0,0
WBGene00050160.,0,0,0
WBGene00050161.,0,0,0
WBGene00050162.,0,1,1
WBGene00050163.,0,0,0
WBGene00050164.,0,0,0
WBGene00050165.,0,0,0
WBGene00050166.,0,0,0
WBGene00050167.,0,0,0
WBGene00050168.,0,0,0
WBGene00050169.,0,0,0
WBGene00050170.,0,0,0
WBGene00050171.,0,0,0
WBGene00050172.,0,0,0
WBGene00050173.,0,0,0
WBGene00050174.,0,0,0
WBGene00050175.,0,0,0
WBGene00050176.,0,0,0
WBGene00050177.,0,0,0
WBGene00050178.,0,0,0
WBGene00050179.,0,0,0
WBGene00050180.,0,0,0
WBGene00050181.,0,0,0
WBGene00050182.,0,0,0
WBGene00050183.,0,0,0
WBGene00050184.,0,0,0
WBGene00050185.,0,0,0
WBGene00050186.,0,0,0
WBGene00050187.,0,0,0
WBGene00050188.,0,0,0
WBGene00050189.,0,0,0
WBGene00050190.,0,0,0
WBGene00050191.,0,1,1
WBGene00050192.,0,0,0
WBGene00050193.,0,0,0
WBGene00050194.,0,1,1
WBGene00050195.,0,0,0
WBGene00050196.,0,0,0
WBGene00050197.,0,0,0
WBGene00050198.,0,1,1
WBGene00050199.,0,0,0
WBGene00050200.,0,0,0
WBGene00050201.,0,0,0
WBGene00050202.,0,0,0
WBGene00050203.,0,0,0
WBGene00050204.,0,0,0
WBGene00050205.,0,0,0
WBGene00050206.,0,0,0
WBGene00050207.,0,0,0
WBGene00050208.,0,0,0
WBGene00050209.,0,0,0
WBGene00050210.,0,0,0
WBGene00050211.,0,0,0
WBGene00050212.,0,0,0
WBGene00050213.,0,0,0
WBGene00050214.,0,0,0
WBGene00050215.,0,0,0
WBGene00050216.,0,0,0
WBGene00050217.,0,0,0
WBGene00050218.,0,0,0
WBGene00050219.,0,0,0
WBGene00050220.,0,0,0
WBGene00050221.,0,0,0
WBGene00050222.,0,0,0
WBGene00050223.,0,0,0
WBGene00050224.,0,0,0
WBGene00050225.,0,0,0
WBGene00050226.,0,0,0
WBGene00050227.,0,0,0
WBGene00050228.,0,0,0
WBGene00050229.,0,0,0
WBGene00050230.,0,0,0
WBGene00050231.,0,0,0
WBGene00050232.,0,0,0
WBGene00050233.,0,0,0
WBGene00050234.,0,0,0
WBGene00050235.,0,0,0
WBGene00050236.,0,0,0
WBGene00050237.,0,1,1
WBGene00050238.,0,0,0
WBGene00050239.,0,0,0
WBGene00050240.,0,0,0
WBGene00050241.,0,0,0
WBGene00050242.,0,0,0
WBGene00050243.,0,0,0
WBGene00050244.,0,1,1
WBGene00050245.,0,0,0
WBGene00050246.,0,0,0
WBGene00050247.,0,0,0
WBGene00050248.,0,0,0
WBGene00050249.,0,0,0
WBGene00050250.,0,0,0
WBGene00050251.,0,0,0
WBGene00050252.,0,3,3
WBGene00050253.,0,0,0
WBGene00050254.,0,0,0
WBGene00050255.,0,0,0
WBGene00050256.,0,0,0
WBGene00050257.,0,0,0
WBGene00050258.,0,0,0
WBGene00050259.,0,0,0
WBGene00050260.,0,3,3
WBGene00050261.,0,0,0
WBGene00050262.,0,0,0
WBGene00050263.,0,0,0
WBGene00050264.,0,0,0
WBGene00050265.,0,0,0
WBGene00050266.,0,0,0
WBGene00050267.,0,0,0
WBGene00050268.,0,0,0
WBGene00050269.,0,0,0
WBGene00050270.,0,0,0
WBGene00050271.,0,0,0
WBGene00050272.,0,0,0
WBGene00050273.,0,2,2
WBGene00050274.,0,0,0
WBGene00050275.,0,0,0
WBGene00050276.,0,0,0
WBGene00050277.,0,0,0
WBGene00050278.,0,0,0
WBGene00050279.,0,0,0
WBGene00050280.,0,0,0
WBGene00050281.,0,1,1
WBGene00050282.,0,0,0
WBGene00050283.,0,0,0
WBGene00050284.,0,0,0
WBGene00050285.,0,0,0
WBGene00050286.,0,0,0
WBGene00050287.,0,1,1
WBGene00050288.,0,2,2
WBGene00050289.,0,0,0
WBGene00050290.,0,0,0
WBGene00050291.,0,0,0
WBGene00050292.,0,0,0
WBGene00050293.,0,0,0
WBGene00050294.,0,0,0
WBGene00050295.,0,0,0
WBGene00050296.,0,0,0
WBGene00050297.,0,0,0
WBGene00050298.,0,0,0
WBGene00050299.,0,0,0
WBGene00050300.,0,0,0
WBGene00050301.,0,0,0
WBGene00050302.,0,0,0
WBGene00050303.,0,0,0
WBGene00050304.,0,0,0
WBGene00050305.,0,0,0
WBGene00050306.,0,0,0
WBGene00050307.,0,0,0
WBGene00050308.,0,0,0
WBGene00050309.,0,0,0
WBGene00050310.,0,0,0
WBGene00050311.,0,0,0
WBGene00050312.,0,0,0
WBGene00050313.,0,0,0
WBGene00050314.,0,0,0
WBGene00050315.,0,0,0
WBGene00050316.,0,0,0
WBGene00050317.,0,0,0
WBGene00050318.,0,0,0
WBGene00050319.,0,0,0
WBGene00050320.,0,0,0
WBGene00050321.,0,0,0
WBGene00050322.,0,0,0
WBGene00050323.,0,0,0
WBGene00050324.,0,0,0
WBGene00050325.,0,0,0
WBGene00050326.,0,0,0
WBGene00050327.,0,0,0
WBGene00050328.,0,0,0
WBGene00050329.,0,0,0
WBGene00050330.,0,0,0
WBGene00050331.,0,0,0
WBGene00050332.,0,0,0
WBGene00050333.,0,0,0
WBGene00050334.,0,0,0
WBGene00050335.,0,0,0
WBGene00050336.,0,0,0
WBGene00050337.,0,0,0
WBGene00050338.,0,0,0
WBGene00050339.,0,0,0
WBGene00050340.,0,0,0
WBGene00050341.,0,0,0
WBGene00050342.,0,0,0
WBGene00050343.,0,0,0
WBGene00050344.,0,0,0
WBGene00050345.,0,0,0
WBGene00050346.,0,0,0
WBGene00050347.,0,0,0
WBGene00050348.,0,0,0
WBGene00050349.,0,0,0
WBGene00050350.,0,1,1
WBGene00050351.,0,0,0
WBGene00050352.,0,0,0
WBGene00050353.,0,0,0
WBGene00050354.,0,0,0
WBGene00050355.,0,0,0
WBGene00050356.,0,0,0
WBGene00050357.,0,0,0
WBGene00050358.,0,0,0
WBGene00050359.,0,0,0
WBGene00050360.,0,0,0
WBGene00050361.,0,0,0
WBGene00050362.,0,0,0
WBGene00050363.,0,0,0
WBGene00050364.,0,0,0
WBGene00050365.,0,0,0
WBGene00050366.,0,0,0
WBGene00050367.,0,0,0
WBGene00050368.,0,0,0
WBGene00050369.,0,0,0
WBGene00050370.,0,0,0
WBGene00050371.,0,2,2
WBGene00050372.,0,0,0
WBGene00050373.,0,3,3
WBGene00050374.,0,0,0
WBGene00050375.,0,0,0
WBGene00050376.,0,0,0
WBGene00050377.,0,0,0
WBGene00050378.,0,0,0
WBGene00050379.,0,0,0
WBGene00050380.,0,0,0
WBGene00050381.,0,0,0
WBGene00050382.,0,0,0
WBGene00050383.,0,0,0
WBGene00050384.,0,0,0
WBGene00050385.,0,0,0
WBGene00050386.,0,0,0
WBGene00050387.,0,0,0
WBGene00050388.,0,0,0
WBGene00050389.,0,0,0
WBGene00050390.,0,0,0
WBGene00050391.,0,0,0
WBGene00050392.,0,0,0
WBGene00050393.,0,0,0
WBGene00050394.,0,0,0
WBGene00050395.,0,0,0
WBGene00050396.,0,0,0
WBGene00050397.,0,0,0
WBGene00050398.,0,1,1
WBGene00050399.,0,0,0
WBGene00050400.,0,0,0
WBGene00050401.,0,0,0
WBGene00050402.,0,0,0
WBGene00050403.,0,0,0
WBGene00050404.,0,0,0
WBGene00050405.,0,0,0
WBGene00050406.,0,0,0
WBGene00050407.,0,0,0
WBGene00050408.,0,0,0
WBGene00050409.,0,0,0
WBGene00050410.,0,0,0
WBGene00050411.,0,0,0
WBGene00050412.,0,0,0
WBGene00050413.,0,0,0
WBGene00050414.,0,0,0
WBGene00050415.,0,0,0
WBGene00050416.,0,1,1
WBGene00050417.,0,0,0
WBGene00050418.,0,0,0
WBGene00050419.,0,0,0
WBGene00050420.,0,0,0
WBGene00050421.,0,0,0
WBGene00050422.,0,0,0
WBGene00050423.,0,0,0
WBGene00050424.,0,0,0
WBGene00050425.,0,0,0
WBGene00050426.,0,0,0
WBGene00050427.,0,0,0
WBGene00050428.,0,0,0
WBGene00050429.,0,0,0
WBGene00050430.,0,0,0
WBGene00050431.,0,0,0
WBGene00050432.,0,0,0
WBGene00050433.,0,0,0
WBGene00050434.,0,0,0
WBGene00050435.,0,0,0
WBGene00050436.,0,0,0
WBGene00050437.,0,0,0
WBGene00050438.,0,0,0
WBGene00050439.,0,0,0
WBGene00050440.,0,0,0
WBGene00050441.,0,0,0
WBGene00050442.,0,0,0
WBGene00050443.,0,0,0
WBGene00050444.,0,0,0
WBGene00050445.,0,0,0
WBGene00050446.,0,0,0
WBGene00050447.,0,1,1
WBGene00050448.,0,0,0
WBGene00050449.,0,0,0
WBGene00050450.,0,0,0
WBGene00050451.,0,0,0
WBGene00050452.,0,0,0
WBGene00050453.,0,0,0
WBGene00050454.,0,0,0
WBGene00050455.,0,1,1
WBGene00050456.,0,1,1
WBGene00050457.,0,0,0
WBGene00050458.,0,0,0
WBGene00050459.,0,0,0
WBGene00050460.,0,0,0
WBGene00050461.,0,4,4
WBGene00050462.,0,0,0
WBGene00050463.,0,0,0
WBGene00050464.,0,0,0
WBGene00050465.,0,0,0
WBGene00050466.,0,0,0
WBGene00050467.,0,3,3
WBGene00050468.,0,0,0
WBGene00050469.,0,0,0
WBGene00050470.,0,0,0
WBGene00050471.,0,0,0
WBGene00050472.,0,1,1
WBGene00050473.,0,0,0
WBGene00050474.,0,0,0
WBGene00050475.,0,0,0
WBGene00050476.,0,0,0
WBGene00050477.,0,0,0
WBGene00050478.,0,0,0
WBGene00050479.,0,0,0
WBGene00050480.,0,0,0
WBGene00050481.,0,0,0
WBGene00050482.,0,0,0
WBGene00050483.,0,0,0
WBGene00050484.,0,0,0
WBGene00050485.,0,0,0
WBGene00050486.,0,1,1
WBGene00050487.,0,0,0
WBGene00050488.,0,0,0
WBGene00050489.,0,0,0
WBGene00050490.,0,0,0
WBGene00050491.,0,0,0
WBGene00050492.,0,0,0
WBGene00050493.,0,0,0
WBGene00050494.,0,0,0
WBGene00050495.,0,0,0
WBGene00050496.,0,0,0
WBGene00050497.,0,0,0
WBGene00050498.,0,0,0
WBGene00050499.,0,0,0
WBGene00050500.,0,0,0
WBGene00050501.,0,0,0
WBGene00050502.,0,0,0
WBGene00050503.,0,0,0
WBGene00050504.,0,0,0
WBGene00050505.,0,0,0
WBGene00050506.,0,0,0
WBGene00050507.,0,0,0
WBGene00050508.,0,0,0
WBGene00050509.,0,0,0
WBGene00050510.,0,0,0
WBGene00050511.,0,0,0
WBGene00050512.,0,0,0
WBGene00050513.,0,0,0
WBGene00050514.,0,0,0
WBGene00050515.,0,0,0
WBGene00050516.,0,0,0
WBGene00050517.,0,0,0
WBGene00050518.,0,0,0
WBGene00050519.,0,0,0
WBGene00050520.,0,0,0
WBGene00050521.,0,1,1
WBGene00050522.,0,0,0
WBGene00050523.,0,0,0
WBGene00050524.,0,0,0
WBGene00050525.,0,0,0
WBGene00050526.,0,0,0
WBGene00050527.,0,0,0
WBGene00050528.,0,0,0
WBGene00050529.,0,0,0
WBGene00050530.,0,0,0
WBGene00050531.,0,0,0
WBGene00050532.,0,0,0
WBGene00050533.,0,0,0
WBGene00050534.,0,0,0
WBGene00050535.,0,0,0
WBGene00050536.,0,0,0
WBGene00050537.,0,0,0
WBGene00050538.,0,0,0
WBGene00050539.,0,0,0
WBGene00050540.,0,0,0
WBGene00050541.,0,0,0
WBGene00050542.,0,0,0
WBGene00050543.,0,0,0
WBGene00050544.,0,0,0
WBGene00050545.,0,0,0
WBGene00050546.,0,0,0
WBGene00050547.,0,0,0
WBGene00050548.,0,0,0
WBGene00050549.,0,0,0
WBGene00050550.,0,0,0
WBGene00050551.,0,0,0
WBGene00050552.,0,0,0
WBGene00050553.,0,0,0
WBGene00050554.,0,0,0
WBGene00050555.,0,0,0
WBGene00050556.,0,0,0
WBGene00050557.,0,0,0
WBGene00050558.,0,0,0
WBGene00050559.,0,0,0
WBGene00050560.,0,0,0
WBGene00050561.,0,0,0
WBGene00050562.,0,0,0
WBGene00050563.,0,0,0
WBGene00050564.,0,0,0
WBGene00050565.,0,0,0
WBGene00050566.,0,0,0
WBGene00050567.,0,0,0
WBGene00050568.,0,0,0
WBGene00050569.,0,0,0
WBGene00050570.,0,0,0
WBGene00050571.,0,1,1
WBGene00050572.,0,0,0
WBGene00050573.,0,1,1
WBGene00050574.,0,0,0
WBGene00050575.,0,0,0
WBGene00050576.,0,0,0
WBGene00050577.,0,0,0
WBGene00050578.,0,0,0
WBGene00050579.,0,0,0
WBGene00050580.,0,0,0
WBGene00050581.,0,0,0
WBGene00050582.,0,0,0
WBGene00050583.,0,0,0
WBGene00050584.,0,0,0
WBGene00050585.,0,0,0
WBGene00050586.,0,0,0
WBGene00050587.,0,0,0
WBGene00050588.,0,0,0
WBGene00050589.,0,0,0
WBGene00050590.,0,1,1
WBGene00050591.,0,0,0
WBGene00050592.,0,0,0
WBGene00050593.,0,0,0
WBGene00050594.,0,0,0
WBGene00050595.,0,0,0
WBGene00050596.,0,0,0
WBGene00050597.,0,0,0
WBGene00050598.,0,1,1
WBGene00050599.,0,0,0
WBGene00050600.,0,0,0
WBGene00050601.,0,0,0
WBGene00050602.,0,0,0
WBGene00050603.,0,0,0
WBGene00050604.,0,1,1
WBGene00050605.,0,0,0
WBGene00050606.,0,0,0
WBGene00050607.,0,0,0
WBGene00050608.,0,0,0
WBGene00050609.,0,0,0
WBGene00050610.,0,0,0
WBGene00050611.,0,0,0
WBGene00050612.,0,0,0
WBGene00050613.,0,0,0
WBGene00050614.,0,0,0
WBGene00050615.,0,0,0
WBGene00050616.,0,0,0
WBGene00050617.,0,0,0
WBGene00050618.,0,0,0
WBGene00050619.,0,0,0
WBGene00050620.,0,0,0
WBGene00050621.,0,0,0
WBGene00050622.,0,0,0
WBGene00050623.,0,0,0
WBGene00050624.,0,0,0
WBGene00050625.,0,0,0
WBGene00050626.,0,0,0
WBGene00050627.,0,0,0
WBGene00050628.,0,0,0
WBGene00050629.,0,0,0
WBGene00050630.,0,0,0
WBGene00050631.,0,0,0
WBGene00050632.,0,2,2
WBGene00050633.,0,0,0
WBGene00050634.,0,0,0
WBGene00050635.,0,0,0
WBGene00050636.,0,2,2
WBGene00050637.,0,0,0
WBGene00050638.,0,0,0
WBGene00050639.,0,0,0
WBGene00050640.,0,0,0
WBGene00050641.,0,0,0
WBGene00050642.,0,0,0
WBGene00050643.,0,0,0
WBGene00050644.,0,0,0
WBGene00050645.,0,0,0
WBGene00050646.,0,0,0
WBGene00050647.,0,0,0
WBGene00050648.,0,0,0
WBGene00050649.,0,0,0
WBGene00050650.,0,0,0
WBGene00050651.,0,0,0
WBGene00050652.,0,0,0
WBGene00050653.,0,3,3
WBGene00050654.,0,0,0
WBGene00050655.,0,0,0
WBGene00050656.,0,0,0
WBGene00050657.,0,0,0
WBGene00050658.,0,0,0
WBGene00050659.,0,0,0
WBGene00050660.,0,0,0
WBGene00050661.,0,0,0
WBGene00050662.,0,0,0
WBGene00050663.,0,0,0
WBGene00050664.,0,0,0
WBGene00050665.,0,0,0
WBGene00050666.,0,0,0
WBGene00050667.,0,0,0
WBGene00050668.,0,1,1
WBGene00050669.,0,0,0
WBGene00050670.,0,2,2
WBGene00050671.,0,0,0
WBGene00050672.,0,0,0
WBGene00050673.,0,0,0
WBGene00050674.,0,0,0
WBGene00050675.,0,0,0
WBGene00050676.,0,0,0
WBGene00050677.,0,0,0
WBGene00050678.,0,0,0
WBGene00050679.,0,0,0
WBGene00050680.,0,0,0
WBGene00050681.,0,0,0
WBGene00050682.,0,0,0
WBGene00050683.,0,0,0
WBGene00050684.,0,0,0
WBGene00050685.,0,0,0
WBGene00050686.,0,0,0
WBGene00050687.,0,0,0
WBGene00050688.,0,0,0
WBGene00050689.,0,0,0
WBGene00050690.,0,0,0
WBGene00050691.,0,0,0
WBGene00050692.,0,0,0
WBGene00050693.,0,0,0
WBGene00050694.,0,0,0
WBGene00050695.,0,1,1
WBGene00050696.,0,0,0
WBGene00050697.,0,1,1
WBGene00050698.,0,0,0
WBGene00050699.,0,0,0
WBGene00050700.,0,0,0
WBGene00050701.,0,0,0
WBGene00050702.,0,0,0
WBGene00050703.,0,0,0
WBGene00050704.,0,0,0
WBGene00050705.,0,2,2
WBGene00050706.,0,0,0
WBGene00050707.,0,0,0
WBGene00050708.,0,0,0
WBGene00050709.,0,0,0
WBGene00050710.,0,0,0
WBGene00050711.,0,0,0
WBGene00050712.,0,0,0
WBGene00050713.,0,1,1
WBGene00050714.,0,0,0
WBGene00050715.,0,0,0
WBGene00050716.,0,0,0
WBGene00050717.,0,0,0
WBGene00050718.,0,0,0
WBGene00050719.,0,1,1
WBGene00050720.,0,0,0
WBGene00050721.,0,0,0
WBGene00050722.,0,0,0
WBGene00050723.,0,0,0
WBGene00050724.,0,0,0
WBGene00050725.,0,0,0
WBGene00050726.,0,0,0
WBGene00050727.,0,0,0
WBGene00050728.,0,0,0
WBGene00050729.,0,0,0
WBGene00050730.,0,0,0
WBGene00050731.,0,0,0
WBGene00050732.,0,0,0
WBGene00050733.,0,0,0
WBGene00050734.,0,0,0
WBGene00050735.,0,0,0
WBGene00050736.,0,0,0
WBGene00050737.,0,0,0
WBGene00050738.,0,0,0
WBGene00050739.,0,0,0
WBGene00050740.,0,0,0
WBGene00050741.,0,0,0
WBGene00050742.,0,0,0
WBGene00050743.,0,0,0
WBGene00050744.,0,0,0
WBGene00050745.,0,0,0
WBGene00050746.,0,0,0
WBGene00050747.,0,0,0
WBGene00050748.,0,0,0
WBGene00050749.,0,0,0
WBGene00050750.,0,0,0
WBGene00050751.,0,0,0
WBGene00050752.,0,0,0
WBGene00050753.,0,0,0
WBGene00050754.,0,0,0
WBGene00050755.,0,0,0
WBGene00050756.,0,0,0
WBGene00050757.,0,0,0
WBGene00050758.,0,0,0
WBGene00050759.,0,0,0
WBGene00050760.,0,0,0
WBGene00050761.,0,1,1
WBGene00050762.,0,0,0
WBGene00050763.,0,0,0
WBGene00050764.,0,0,0
WBGene00050765.,0,1,1
WBGene00050766.,0,0,0
WBGene00050767.,0,0,0
WBGene00050768.,0,0,0
WBGene00050769.,0,0,0
WBGene00050770.,0,0,0
WBGene00050771.,0,0,0
WBGene00050772.,0,0,0
WBGene00050773.,0,0,0
WBGene00050774.,0,0,0
WBGene00050775.,0,0,0
WBGene00050776.,0,0,0
WBGene00050777.,0,0,0
WBGene00050778.,0,3,3
WBGene00050779.,0,0,0
WBGene00050780.,0,0,0
WBGene00050781.,0,0,0
WBGene00050782.,0,0,0
WBGene00050783.,0,0,0
WBGene00050784.,0,0,0
WBGene00050785.,0,0,0
WBGene00050786.,0,0,0
WBGene00050787.,0,0,0
WBGene00050788.,0,0,0
WBGene00050789.,0,0,0
WBGene00050790.,0,0,0
WBGene00050791.,0,0,0
WBGene00050792.,0,0,0
WBGene00050793.,0,0,0
WBGene00050794.,0,0,0
WBGene00050795.,0,0,0
WBGene00050796.,0,0,0
WBGene00050797.,0,0,0
WBGene00050798.,0,0,0
WBGene00050799.,0,0,0
WBGene00050800.,0,0,0
WBGene00050801.,0,1,1
WBGene00050802.,0,0,0
WBGene00050803.,0,0,0
WBGene00050804.,0,1,1
WBGene00050805.,0,0,0
WBGene00050806.,0,0,0
WBGene00050807.,0,0,0
WBGene00050808.,0,0,0
WBGene00050809.,0,0,0
WBGene00050810.,0,0,0
WBGene00050811.,0,0,0
WBGene00050812.,0,0,0
WBGene00050813.,0,0,0
WBGene00050814.,0,1,1
WBGene00050815.,0,0,0
WBGene00050816.,0,0,0
WBGene00050817.,0,1,1
WBGene00050818.,0,0,0
WBGene00050819.,0,0,0
WBGene00050820.,0,0,0
WBGene00050821.,0,0,0
WBGene00050822.,0,0,0
WBGene00050823.,0,0,0
WBGene00050824.,0,0,0
WBGene00050825.,0,13,13
WBGene00050826.,0,0,0
WBGene00050827.,0,0,0
WBGene00050828.,0,0,0
WBGene00050829.,0,1,1
WBGene00050830.,0,0,0
WBGene00050831.,0,0,0
WBGene00050832.,0,0,0
WBGene00050833.,0,0,0
WBGene00050834.,0,0,0
WBGene00050835.,0,0,0
WBGene00050836.,0,0,0
WBGene00050837.,0,2,2
WBGene00050838.,0,0,0
WBGene00050839.,0,0,0
WBGene00050840.,0,1,1
WBGene00050841.,0,0,0
WBGene00050842.,0,0,0
WBGene00050843.,0,0,0
WBGene00050844.,0,0,0
WBGene00050845.,0,0,0
WBGene00050846.,0,0,0
WBGene00050847.,0,0,0
WBGene00050848.,0,0,0
WBGene00050849.,0,0,0
WBGene00050850.,0,0,0
WBGene00050851.,0,0,0
WBGene00050852.,0,0,0
WBGene00050853.,0,0,0
WBGene00050854.,0,0,0
WBGene00050855.,0,0,0
WBGene00050856.,0,0,0
WBGene00050857.,0,0,0
WBGene00050858.,0,0,0
WBGene00050859.,0,0,0
WBGene00050860.,0,1,1
WBGene00050861.,0,0,0
WBGene00050862.,0,0,0
WBGene00050863.,0,0,0
WBGene00050864.,0,0,0
WBGene00050865.,0,0,0
WBGene00050866.,0,0,0
WBGene00050867.,0,0,0
WBGene00050868.,0,0,0
WBGene00050869.,0,0,0
WBGene00050870.,0,0,0
WBGene00050871.,0,0,0
WBGene00050873.,0,12,12
WBGene00050874.,0,3,3
WBGene00050875.,1,17,18
WBGene00050878.,1,0,1
WBGene00050879.,0,0,0
WBGene00050880.,0,0,0
WBGene00050881.,0,1,1
WBGene00050883.,0,0,0
WBGene00050884.,73,233,306
WBGene00050885.,39,191,230
WBGene00050889.,22,59,81
WBGene00050890.,0,11,11
WBGene00050891.,0,21,21
WBGene00050892.,0,0,0
WBGene00050893.,0,1,1
WBGene00050894.,0,0,0
WBGene00050896.,0,0,0
WBGene00050897.,0,0,0
WBGene00050898.,0,0,0
WBGene00050899.,3,39,42
WBGene00050900.,0,0,0
WBGene00050902.,0,0,0
WBGene00050903.,95,300,395
WBGene00050904.,0,9,9
WBGene00050906.,1,1,2
WBGene00050907.,0,0,0
WBGene00050910.,0,1,1
WBGene00050911.,0,0,0
WBGene00050912.,0,0,0
WBGene00050913.,0,0,0
WBGene00050914.,0,0,0
WBGene00050915.,2,11,13
WBGene00050916.,1,13,14
WBGene00050917.,10,24,34
WBGene00050919.,0,1,1
WBGene00050920.,3,37,40
WBGene00050921.,0,0,0
WBGene00050922.,0,0,0
WBGene00050923.,0,0,0
WBGene00050924.,0,0,0
WBGene00050926.,0,0,0
WBGene00050927.,18,48,66
WBGene00050928.,0,0,0
WBGene00050929.,0,0,0
WBGene00050930.,2,2,4
WBGene00050931.,0,2,2
WBGene00050932.,0,0,0
WBGene00050933.,0,0,0
WBGene00050934.,0,5,5
WBGene00050935.,75,5,80
WBGene00050936.,0,134,134
WBGene00050937.,16,159,175
WBGene00050938.,0,3,3
WBGene00050939.,0,0,0
WBGene00050940.,0,0,0
WBGene00050941.,4,170,174
WBGene00050943.,28,107,135
WBGene00050944.,38,436,474
WBGene00050945.,1,29,30
WBGene00050946.,0,8,8
WBGene00050947.,2,119,121
WBGene00050948.,14,21,35
WBGene00050949.,0,0,0
WBGene00050950.,0,0,0
WBGene00050951.,0,0,0
WBGene00050954.,0,1,1
WBGene00050955.,0,0,0
WBGene00050956.,0,0,0
WBGene00050957.,1,0,1
WBGene00050958.,0,0,0
WBGene00050959.,0,0,0
WBGene00050960.,0,0,0
WBGene00050961.,0,2,2
WBGene00050962.,0,0,0
WBGene00050963.,0,0,0
WBGene00050964.,0,7,7
WBGene00050965.,0,0,0
WBGene00050967.,0,0,0
WBGene00050968.,0,0,0
WBGene00050970.,0,5,5
WBGene00050971.,0,0,0
WBGene00050972.,0,0,0
WBGene00050973.,0,0,0
WBGene00050974.,0,0,0
WBGene00050976.,0,0,0
WBGene00050977.,0,2,2
WBGene00077434.,14,1,15
WBGene00077436.,1,1,2
WBGene00077437.,343,935,1278
WBGene00077438.,1,0,1
WBGene00077439.,2,15,17
WBGene00077440.,1,1,2
WBGene00077441.,0,0,0
WBGene00077442.,0,0,0
WBGene00077443.,0,16,16
WBGene00077444.,0,0,0
WBGene00077445.,0,0,0
WBGene00077446.,0,0,0
WBGene00077447.,0,0,0
WBGene00077448.,3,1,4
WBGene00077449.,0,4,4
WBGene00077450.,1,0,1
WBGene00077451.,0,0,0
WBGene00077452.,0,0,0
WBGene00077453.,11,136,147
WBGene00077454.,0,1,1
WBGene00077455.,6,10,16
WBGene00077456.,0,0,0
WBGene00077457.,4,28,32
WBGene00077459.,0,0,0
WBGene00077460.,0,0,0
WBGene00077461.,0,5,5
WBGene00077462.,0,0,0
WBGene00077463.,0,0,0
WBGene00077464.,0,3,3
WBGene00077465.,0,0,0
WBGene00077466.,0,2,2
WBGene00077467.,0,1,1
WBGene00077468.,0,0,0
WBGene00077469.,0,0,0
WBGene00077470.,0,0,0
WBGene00077471.,0,0,0
WBGene00077472.,0,0,0
WBGene00077473.,0,0,0
WBGene00077474.,0,0,0
WBGene00077475.,0,0,0
WBGene00077476.,0,0,0
WBGene00077477.,0,0,0
WBGene00077478.,0,0,0
WBGene00077479.,0,0,0
WBGene00077480.,0,3,3
WBGene00077481.,0,0,0
WBGene00077482.,0,0,0
WBGene00077483.,0,0,0
WBGene00077484.,0,0,0
WBGene00077485.,0,0,0
WBGene00077486.,0,0,0
WBGene00077487.,0,0,0
WBGene00077488.,0,9,9
WBGene00077489.,0,7,7
WBGene00077490.,15,66,81
WBGene00077491.,0,15,15
WBGene00077492.,0,0,0
WBGene00077493.,1,0,1
WBGene00077494.,0,0,0
WBGene00077495.,0,1,1
WBGene00077496.,0,0,0
WBGene00077497.,84,110,194
WBGene00077498.,0,0,0
WBGene00077499.,0,0,0
WBGene00077500.,11,58,69
WBGene00077501.,0,2,2
WBGene00077502.,0,0,0
WBGene00077503.,0,1,1
WBGene00077504.,0,0,0
WBGene00077506.,0,0,0
WBGene00077508.,3,3,6
WBGene00077510.,0,0,0
WBGene00077514.,0,0,0
WBGene00077515.,0,0,0
WBGene00077516.,0,0,0
WBGene00077517.,0,0,0
WBGene00077519.,0,1,1
WBGene00077520.,57,211,268
WBGene00077521.,0,140,140
WBGene00077522.,1,19,20
WBGene00077523.,0,3,3
WBGene00077524.,0,0,0
WBGene00077525.,1,14,15
WBGene00077526.,1270,4620,5890
WBGene00077527.,0,1,1
WBGene00077531.,0,2,2
WBGene00077534.,0,0,0
WBGene00077535.,0,0,0
WBGene00077536.,1,22,23
WBGene00077537.,0,18,18
WBGene00077538.,3,4,7
WBGene00077539.,37,34,71
WBGene00077543.,6,14,20
WBGene00077546.,2,11,13
WBGene00077548.,0,0,0
WBGene00077549.,0,0,0
WBGene00077551.,0,2,2
WBGene00077552.,17,8,25
WBGene00077553.,17,48,65
WBGene00077555.,0,0,0
WBGene00077556.,0,14,14
WBGene00077557.,9,24,33
WBGene00077558.,5,17,22
WBGene00077559.,6,8,14
WBGene00077561.,0,0,0
WBGene00077562.,1,0,1
WBGene00077563.,3,4,7
WBGene00077564.,0,0,0
WBGene00077565.,2,2,4
WBGene00077566.,0,0,0
WBGene00077567.,0,0,0
WBGene00077568.,0,24,24
WBGene00077569.,2,4,6
WBGene00077570.,3,24,27
WBGene00077571.,0,0,0
WBGene00077572.,59,93,152
WBGene00077573.,15,131,146
WBGene00077574.,1,20,21
WBGene00077575.,0,0,0
WBGene00077576.,0,2,2
WBGene00077577.,4,2,6
WBGene00077579.,1,1,2
WBGene00077580.,0,0,0
WBGene00077581.,0,0,0
WBGene00077582.,0,2,2
WBGene00077583.,0,0,0
WBGene00077584.,0,0,0
WBGene00077585.,6,9,15
WBGene00077586.,0,0,0
WBGene00077588.,0,16,16
WBGene00077589.,0,0,0
WBGene00077590.,0,0,0
WBGene00077592.,0,0,0
WBGene00077593.,1,13,14
WBGene00077594.,60,83,143
WBGene00077595.,0,0,0
WBGene00077596.,1,0,1
WBGene00077597.,0,0,0
WBGene00077598.,0,0,0
WBGene00077599.,19,51,70
WBGene00077600.,1,0,1
WBGene00077601.,0,1,1
WBGene00077602.,0,0,0
WBGene00077603.,0,0,0
WBGene00077604.,0,0,0
WBGene00077605.,0,0,0
WBGene00077606.,0,1,1
WBGene00077607.,0,0,0
WBGene00077608.,0,0,0
WBGene00077609.,0,0,0
WBGene00077610.,0,0,0
WBGene00077611.,0,0,0
WBGene00077612.,0,0,0
WBGene00077613.,0,0,0
WBGene00077614.,0,0,0
WBGene00077615.,1,1,2
WBGene00077616.,0,2,2
WBGene00077617.,0,0,0
WBGene00077618.,0,0,0
WBGene00077619.,0,0,0
WBGene00077620.,0,0,0
WBGene00077621.,0,0,0
WBGene00077622.,0,0,0
WBGene00077624.,0,0,0
WBGene00077625.,0,0,0
WBGene00077626.,0,0,0
WBGene00077627.,0,0,0
WBGene00077629.,0,0,0
WBGene00077630.,0,0,0
WBGene00077631.,0,0,0
WBGene00077632.,0,0,0
WBGene00077633.,0,0,0
WBGene00077634.,0,0,0
WBGene00077635.,0,0,0
WBGene00077636.,7,20,27
WBGene00077637.,0,2,2
WBGene00077638.,0,1,1
WBGene00077640.,0,0,0
WBGene00077641.,0,0,0
WBGene00077642.,0,0,0
WBGene00077643.,17,196,213
WBGene00077644.,0,0,0
WBGene00077646.,0,1,1
WBGene00077647.,0,0,0
WBGene00077648.,0,4,4
WBGene00077649.,0,0,0
WBGene00077650.,0,0,0
WBGene00077651.,0,0,0
WBGene00077652.,1,2,3
WBGene00077653.,0,0,0
WBGene00077654.,0,0,0
WBGene00077655.,0,1,1
WBGene00077656.,0,0,0
WBGene00077657.,0,4,4
WBGene00077658.,23,147,170
WBGene00077659.,1,2,3
WBGene00077660.,0,0,0
WBGene00077662.,0,0,0
WBGene00077663.,0,1,1
WBGene00077664.,0,0,0
WBGene00077666.,0,0,0
WBGene00077667.,0,0,0
WBGene00077669.,43,92,135
WBGene00077670.,0,0,0
WBGene00077671.,0,0,0
WBGene00077673.,0,0,0
WBGene00077674.,0,1,1
WBGene00077679.,1,9,10
WBGene00077680.,1,1,2
WBGene00077681.,11,28,39
WBGene00077682.,0,0,0
WBGene00077684.,0,0,0
WBGene00077685.,0,0,0
WBGene00077686.,0,0,0
WBGene00077687.,0,0,0
WBGene00077688.,0,0,0
WBGene00077689.,0,7,7
WBGene00077690.,1,325,326
WBGene00077691.,0,25,25
WBGene00077692.,14,40,54
WBGene00077693.,121,1099,1220
WBGene00077694.,0,0,0
WBGene00077695.,0,0,0
WBGene00077696.,10,5,15
WBGene00077697.,30,26,56
WBGene00077698.,40,110,150
WBGene00077699.,3,15,18
WBGene00077701.,7,116,123
WBGene00077703.,2,9,11
WBGene00077704.,1,13,14
WBGene00077705.,0,0,0
WBGene00077706.,0,0,0
WBGene00077707.,0,0,0
WBGene00077708.,0,3,3
WBGene00077709.,0,0,0
WBGene00077712.,3,41,44
WBGene00077714.,1,8,9
WBGene00077715.,0,0,0
WBGene00077716.,0,0,0
WBGene00077717.,0,0,0
WBGene00077718.,0,0,0
WBGene00077719.,0,0,0
WBGene00077720.,0,0,0
WBGene00077721.,0,0,0
WBGene00077722.,0,1,1
WBGene00077723.,0,0,0
WBGene00077724.,0,0,0
WBGene00077725.,0,0,0
WBGene00077726.,0,2,2
WBGene00077727.,0,1,1
WBGene00077728.,0,96,96
WBGene00077732.,3,23,26
WBGene00077750.,0,1,1
WBGene00077751.,0,1,1
WBGene00077752.,2,16,18
WBGene00077753.,0,0,0
WBGene00077754.,1,2,3
WBGene00077755.,0,0,0
WBGene00077756.,0,3,3
WBGene00077757.,0,3,3
WBGene00077758.,0,1,1
WBGene00077759.,1,1,2
WBGene00077761.,17,649,666
WBGene00077762.,0,8,8
WBGene00077763.,0,5,5
WBGene00077764.,0,180,180
WBGene00077765.,0,8,8
WBGene00077766.,0,1,1
WBGene00077767.,0,0,0
WBGene00077768.,1,7,8
WBGene00077769.,0,2,2
WBGene00077770.,0,3,3
WBGene00077771.,569,3465,4034
WBGene00077772.,0,10,10
WBGene00077773.,0,76,76
WBGene00077775.,44,116,160
WBGene00077781.,0,7,7
WBGene00077782.,0,0,0
WBGene00077783.,0,15,15
WBGene00077784.,3,23,26
WBGene00077785.,2,1,3
WBGene00077786.,61,150,211
WBGene00077787.,0,1,1
WBGene00077788.,2,4,6
WBGene00077789.,1,0,1
WBGene00086546.,9,59,68
WBGene00086551.,1,32,33
WBGene00086552.,0,0,0
WBGene00086553.,68,596,664
WBGene00086554.,1,1,2
WBGene00086555.,2,1,3
WBGene00086556.,0,0,0
WBGene00086557.,14,108,122
WBGene00086558.,3,20,23
WBGene00086559.,9,42,51
WBGene00086560.,1,2,3
WBGene00086561.,0,0,0
WBGene00086562.,0,0,0
WBGene00086563.,0,0,0
WBGene00086564.,1,1,2
WBGene00086565.,0,0,0
WBGene00086566.,27,109,136
WBGene00086567.,0,1,1
WBGene00086568.,2,16,18
WBGene00086569.,67,190,257
WBGene00119201.,5,1,6
WBGene00119203.,5,80,85
WBGene00119204.,0,1,1
WBGene00138711.,1,12,13
WBGene00138714.,0,1,1
WBGene00138715.,1,0,1
WBGene00138716.,0,0,0
WBGene00138717.,124,352,476
WBGene00138719.,0,0,0
WBGene00138720.,13,99,112
WBGene00138721.,1,3,4
WBGene00138724.,0,17,17
WBGene00164968.,15,75,90
WBGene00164969.,0,0,0
WBGene00164971.,0,0,0
WBGene00164972.,0,0,0
WBGene00164973.,0,8,8
WBGene00164974.,0,0,0
WBGene00164983.,1,8,9
WBGene00164985.,7,29,36
WBGene00164986.,2,0,2
WBGene00164991.,0,0,0
WBGene00164992.,0,0,0
WBGene00164993.,0,0,0
WBGene00164994.,0,0,0
WBGene00164995.,0,0,0
WBGene00164996.,0,0,0
WBGene00164997.,0,0,0
WBGene00164998.,0,0,0
WBGene00164999.,0,0,0
WBGene00165000.,0,0,0
WBGene00165001.,0,0,0
WBGene00165002.,0,0,0
WBGene00165003.,0,0,0
WBGene00165004.,0,0,0
WBGene00165005.,0,0,0
WBGene00165006.,0,0,0
WBGene00165007.,0,0,0
WBGene00165009.,0,0,0
WBGene00165010.,0,0,0
WBGene00165011.,0,0,0
WBGene00165012.,0,0,0
WBGene00165013.,0,0,0
WBGene00165014.,0,0,0
WBGene00165015.,0,0,0
WBGene00165016.,0,0,0
WBGene00165017.,0,0,0
WBGene00165018.,0,0,0
WBGene00165019.,0,0,0
WBGene00165020.,0,0,0
WBGene00165021.,0,0,0
WBGene00165022.,0,0,0
WBGene00165023.,0,0,0
WBGene00165024.,0,0,0
WBGene00165025.,0,0,0
WBGene00165026.,0,0,0
WBGene00165027.,0,0,0
WBGene00165028.,0,0,0
WBGene00165029.,0,0,0
WBGene00165030.,0,0,0
WBGene00165031.,0,0,0
WBGene00165032.,0,0,0
WBGene00165033.,0,0,0
WBGene00165034.,0,0,0
WBGene00165035.,0,0,0
WBGene00165036.,0,0,0
WBGene00165037.,0,0,0
WBGene00165038.,0,0,0
WBGene00165039.,0,0,0
WBGene00165040.,0,0,0
WBGene00165041.,0,0,0
WBGene00165042.,0,0,0
WBGene00165043.,0,0,0
WBGene00165044.,0,0,0
WBGene00165045.,0,0,0
WBGene00165046.,0,1,1
WBGene00165047.,0,3,3
WBGene00165048.,0,0,0
WBGene00165049.,0,0,0
WBGene00165050.,0,0,0
WBGene00165051.,0,0,0
WBGene00165052.,0,0,0
WBGene00165053.,0,0,0
WBGene00165054.,0,4,4
WBGene00165055.,0,0,0
WBGene00165056.,0,1,1
WBGene00165057.,0,0,0
WBGene00165058.,0,0,0
WBGene00165059.,0,0,0
WBGene00165060.,0,0,0
WBGene00165061.,0,0,0
WBGene00165062.,0,0,0
WBGene00165063.,0,0,0
WBGene00165064.,0,0,0
WBGene00165065.,0,0,0
WBGene00165066.,0,0,0
WBGene00165067.,0,1,1
WBGene00165068.,0,0,0
WBGene00165069.,0,0,0
WBGene00165070.,0,0,0
WBGene00165071.,0,0,0
WBGene00165072.,0,0,0
WBGene00165073.,0,0,0
WBGene00165074.,0,0,0
WBGene00165075.,0,0,0
WBGene00165076.,0,0,0
WBGene00165077.,0,0,0
WBGene00165078.,0,0,0
WBGene00165079.,0,0,0
WBGene00165080.,0,1,1
WBGene00165081.,0,0,0
WBGene00165082.,0,0,0
WBGene00165083.,0,0,0
WBGene00165084.,0,0,0
WBGene00165085.,0,0,0
WBGene00165086.,0,0,0
WBGene00165087.,0,0,0
WBGene00165088.,0,0,0
WBGene00165089.,0,0,0
WBGene00165090.,0,0,0
WBGene00165091.,0,0,0
WBGene00165092.,0,0,0
WBGene00165093.,0,0,0
WBGene00165094.,0,1,1
WBGene00165095.,0,0,0
WBGene00165096.,0,0,0
WBGene00165097.,0,0,0
WBGene00165098.,0,0,0
WBGene00165099.,0,0,0
WBGene00165100.,0,0,0
WBGene00165101.,0,0,0
WBGene00165102.,0,1,1
WBGene00165103.,0,0,0
WBGene00165104.,0,0,0
WBGene00165105.,0,0,0
WBGene00165106.,0,0,0
WBGene00165107.,0,0,0
WBGene00165108.,0,0,0
WBGene00165109.,0,0,0
WBGene00165110.,0,0,0
WBGene00165111.,0,0,0
WBGene00165112.,0,0,0
WBGene00165113.,0,0,0
WBGene00165114.,0,0,0
WBGene00165115.,0,0,0
WBGene00165116.,0,0,0
WBGene00165117.,0,0,0
WBGene00165118.,0,0,0
WBGene00165119.,0,0,0
WBGene00165120.,0,0,0
WBGene00165121.,0,0,0
WBGene00165122.,0,0,0
WBGene00165123.,0,0,0
WBGene00165124.,0,0,0
WBGene00165125.,0,0,0
WBGene00165126.,0,0,0
WBGene00165127.,0,0,0
WBGene00165128.,0,0,0
WBGene00165129.,0,0,0
WBGene00165130.,0,0,0
WBGene00165131.,0,0,0
WBGene00165132.,0,0,0
WBGene00165133.,0,0,0
WBGene00165134.,0,0,0
WBGene00165135.,0,0,0
WBGene00165136.,0,0,0
WBGene00165137.,0,0,0
WBGene00165138.,0,0,0
WBGene00165139.,0,0,0
WBGene00165140.,0,0,0
WBGene00165141.,0,0,0
WBGene00165142.,0,0,0
WBGene00165143.,0,0,0
WBGene00165144.,0,0,0
WBGene00165146.,0,0,0
WBGene00165147.,0,16,16
WBGene00165148.,0,0,0
WBGene00165149.,0,1,1
WBGene00165150.,0,0,0
WBGene00165151.,0,0,0
WBGene00165152.,0,0,0
WBGene00165153.,0,0,0
WBGene00165154.,0,0,0
WBGene00165155.,0,0,0
WBGene00165156.,0,0,0
WBGene00165157.,0,0,0
WBGene00165158.,0,0,0
WBGene00165159.,0,0,0
WBGene00165160.,0,0,0
WBGene00165161.,0,0,0
WBGene00165162.,0,0,0
WBGene00165163.,0,0,0
WBGene00165164.,0,0,0
WBGene00165165.,0,0,0
WBGene00165166.,0,0,0
WBGene00165167.,0,1,1
WBGene00165168.,0,0,0
WBGene00165169.,0,0,0
WBGene00165170.,0,0,0
WBGene00165171.,0,0,0
WBGene00165172.,0,0,0
WBGene00165173.,0,0,0
WBGene00165174.,0,0,0
WBGene00165175.,0,0,0
WBGene00165176.,0,0,0
WBGene00165177.,0,0,0
WBGene00165178.,0,0,0
WBGene00165179.,0,0,0
WBGene00165180.,0,0,0
WBGene00165181.,0,0,0
WBGene00165182.,0,0,0
WBGene00165183.,0,0,0
WBGene00165184.,0,0,0
WBGene00165185.,0,0,0
WBGene00165186.,0,0,0
WBGene00165187.,0,0,0
WBGene00165188.,0,0,0
WBGene00165189.,0,0,0
WBGene00165190.,0,0,0
WBGene00165191.,0,0,0
WBGene00165192.,0,0,0
WBGene00165193.,0,0,0
WBGene00165194.,0,0,0
WBGene00165195.,0,0,0
WBGene00165196.,0,0,0
WBGene00165197.,0,0,0
WBGene00165198.,0,0,0
WBGene00165199.,0,0,0
WBGene00165200.,0,0,0
WBGene00165201.,0,0,0
WBGene00165202.,0,2,2
WBGene00165203.,0,0,0
WBGene00165204.,0,0,0
WBGene00165205.,0,0,0
WBGene00165206.,0,0,0
WBGene00165207.,0,0,0
WBGene00165208.,0,1,1
WBGene00165209.,0,0,0
WBGene00165210.,0,0,0
WBGene00165211.,0,0,0
WBGene00165212.,0,0,0
WBGene00165213.,0,0,0
WBGene00165214.,0,0,0
WBGene00165215.,0,0,0
WBGene00165217.,0,0,0
WBGene00165218.,0,1,1
WBGene00165219.,0,0,0
WBGene00165220.,0,0,0
WBGene00165221.,0,0,0
WBGene00165222.,0,0,0
WBGene00165223.,0,0,0
WBGene00165224.,0,0,0
WBGene00165225.,0,0,0
WBGene00165226.,0,0,0
WBGene00165227.,0,0,0
WBGene00165228.,0,0,0
WBGene00165229.,0,0,0
WBGene00165230.,0,0,0
WBGene00165231.,0,0,0
WBGene00165232.,0,0,0
WBGene00165233.,0,0,0
WBGene00165234.,0,0,0
WBGene00165235.,0,2,2
WBGene00165236.,0,0,0
WBGene00165237.,0,2,2
WBGene00165238.,0,0,0
WBGene00165239.,0,0,0
WBGene00165240.,0,9,9
WBGene00165241.,0,0,0
WBGene00165242.,0,0,0
WBGene00165243.,0,0,0
WBGene00165244.,0,1,1
WBGene00165245.,0,0,0
WBGene00165246.,0,0,0
WBGene00165247.,0,0,0
WBGene00165248.,0,0,0
WBGene00165249.,0,2,2
WBGene00165250.,0,0,0
WBGene00165251.,0,0,0
WBGene00165252.,0,0,0
WBGene00165253.,0,0,0
WBGene00165254.,0,0,0
WBGene00165255.,0,0,0
WBGene00165256.,0,0,0
WBGene00165257.,0,0,0
WBGene00165258.,0,0,0
WBGene00165259.,0,0,0
WBGene00165260.,0,0,0
WBGene00165261.,0,0,0
WBGene00165262.,0,0,0
WBGene00165263.,0,0,0
WBGene00165264.,0,0,0
WBGene00165265.,0,0,0
WBGene00165266.,0,0,0
WBGene00165267.,0,0,0
WBGene00165268.,0,0,0
WBGene00165269.,0,1,1
WBGene00165270.,0,0,0
WBGene00165271.,0,0,0
WBGene00165272.,0,0,0
WBGene00165273.,0,0,0
WBGene00165274.,0,0,0
WBGene00165275.,0,0,0
WBGene00165276.,0,0,0
WBGene00165277.,0,0,0
WBGene00165278.,0,0,0
WBGene00165279.,0,0,0
WBGene00165280.,0,0,0
WBGene00165281.,0,0,0
WBGene00165282.,0,0,0
WBGene00165283.,0,0,0
WBGene00165284.,0,0,0
WBGene00165285.,0,0,0
WBGene00165286.,0,0,0
WBGene00165287.,0,0,0
WBGene00165288.,0,0,0
WBGene00165289.,0,0,0
WBGene00165290.,0,0,0
WBGene00165291.,0,0,0
WBGene00165292.,0,0,0
WBGene00165293.,0,0,0
WBGene00165294.,0,0,0
WBGene00165295.,0,0,0
WBGene00165296.,0,0,0
WBGene00165297.,0,0,0
WBGene00165298.,0,0,0
WBGene00165299.,0,0,0
WBGene00165300.,0,0,0
WBGene00165301.,0,0,0
WBGene00165302.,0,0,0
WBGene00165303.,0,0,0
WBGene00165304.,0,0,0
WBGene00165305.,0,0,0
WBGene00165306.,0,0,0
WBGene00165307.,0,0,0
WBGene00165308.,0,0,0
WBGene00165309.,0,0,0
WBGene00165310.,0,0,0
WBGene00165311.,0,0,0
WBGene00165312.,0,0,0
WBGene00165313.,0,0,0
WBGene00165314.,0,0,0
WBGene00165315.,0,0,0
WBGene00165316.,0,0,0
WBGene00165317.,0,0,0
WBGene00165318.,0,0,0
WBGene00165319.,0,0,0
WBGene00165320.,0,0,0
WBGene00165321.,0,0,0
WBGene00165322.,0,0,0
WBGene00165323.,0,0,0
WBGene00165324.,0,3,3
WBGene00165325.,0,1,1
WBGene00165326.,0,0,0
WBGene00165327.,0,0,0
WBGene00165328.,0,0,0
WBGene00165329.,0,0,0
WBGene00165330.,0,0,0
WBGene00165331.,0,0,0
WBGene00165332.,0,0,0
WBGene00165333.,0,0,0
WBGene00165334.,0,0,0
WBGene00165335.,0,0,0
WBGene00165336.,0,0,0
WBGene00165337.,0,0,0
WBGene00165338.,0,0,0
WBGene00165339.,0,0,0
WBGene00165340.,0,0,0
WBGene00165341.,0,0,0
WBGene00165342.,0,0,0
WBGene00165343.,0,0,0
WBGene00165344.,0,0,0
WBGene00165345.,0,0,0
WBGene00165346.,0,0,0
WBGene00165347.,0,0,0
WBGene00165348.,0,0,0
WBGene00165349.,0,0,0
WBGene00165350.,0,0,0
WBGene00165351.,0,0,0
WBGene00165352.,0,0,0
WBGene00165353.,0,0,0
WBGene00165354.,0,0,0
WBGene00165355.,0,0,0
WBGene00165356.,0,0,0
WBGene00165357.,0,0,0
WBGene00165358.,0,0,0
WBGene00165359.,0,0,0
WBGene00165360.,0,0,0
WBGene00165361.,0,0,0
WBGene00165362.,0,0,0
WBGene00165363.,0,0,0
WBGene00165364.,0,0,0
WBGene00165365.,0,0,0
WBGene00165366.,0,0,0
WBGene00165367.,0,0,0
WBGene00165368.,0,0,0
WBGene00165369.,0,0,0
WBGene00165370.,0,0,0
WBGene00165371.,0,0,0
WBGene00165372.,0,0,0
WBGene00165373.,0,95,95
WBGene00165374.,0,0,0
WBGene00165375.,0,0,0
WBGene00165376.,0,1,1
WBGene00165377.,0,0,0
WBGene00165378.,0,0,0
WBGene00165379.,0,1,1
WBGene00165380.,0,0,0
WBGene00165381.,0,0,0
WBGene00165382.,0,1,1
WBGene00165383.,0,0,0
WBGene00165384.,0,0,0
WBGene00165385.,0,0,0
WBGene00165386.,0,0,0
WBGene00165387.,0,0,0
WBGene00165388.,0,1,1
WBGene00165389.,0,0,0
WBGene00165390.,0,0,0
WBGene00165391.,0,0,0
WBGene00165392.,0,0,0
WBGene00165393.,0,0,0
WBGene00165394.,0,0,0
WBGene00165395.,0,0,0
WBGene00165396.,0,0,0
WBGene00165397.,0,0,0
WBGene00165398.,0,0,0
WBGene00165399.,0,0,0
WBGene00165400.,0,0,0
WBGene00165401.,0,0,0
WBGene00165402.,0,0,0
WBGene00165403.,0,0,0
WBGene00165404.,0,0,0
WBGene00165405.,0,0,0
WBGene00165406.,0,1,1
WBGene00165407.,0,0,0
WBGene00165408.,0,0,0
WBGene00165409.,0,0,0
WBGene00165410.,0,0,0
WBGene00165411.,0,0,0
WBGene00165412.,0,0,0
WBGene00165413.,0,0,0
WBGene00165414.,0,0,0
WBGene00165415.,0,0,0
WBGene00165416.,0,0,0
WBGene00165417.,0,0,0
WBGene00165418.,0,0,0
WBGene00165419.,0,0,0
WBGene00165420.,0,0,0
WBGene00165421.,0,0,0
WBGene00165422.,0,0,0
WBGene00165423.,0,0,0
WBGene00165424.,0,0,0
WBGene00165425.,0,0,0
WBGene00165426.,0,0,0
WBGene00165427.,0,0,0
WBGene00165428.,0,0,0
WBGene00165429.,0,0,0
WBGene00165430.,0,0,0
WBGene00165431.,0,0,0
WBGene00165432.,0,0,0
WBGene00165433.,0,0,0
WBGene00165434.,0,0,0
WBGene00165435.,0,0,0
WBGene00165436.,0,0,0
WBGene00165438.,0,0,0
WBGene00165439.,0,0,0
WBGene00165440.,0,0,0
WBGene00165441.,0,0,0
WBGene00165442.,0,0,0
WBGene00165443.,0,0,0
WBGene00165444.,0,0,0
WBGene00165445.,0,0,0
WBGene00165446.,0,0,0
WBGene00165447.,0,1,1
WBGene00165448.,0,0,0
WBGene00165449.,0,3,3
WBGene00165450.,0,0,0
WBGene00165451.,0,0,0
WBGene00165452.,0,0,0
WBGene00165453.,0,1,1
WBGene00165454.,0,0,0
WBGene00165455.,0,0,0
WBGene00165456.,0,0,0
WBGene00165457.,0,0,0
WBGene00165458.,0,0,0
WBGene00165459.,0,0,0
WBGene00165460.,0,0,0
WBGene00165461.,0,0,0
WBGene00165462.,0,1,1
WBGene00165463.,0,0,0
WBGene00165464.,0,1,1
WBGene00165465.,0,0,0
WBGene00165466.,0,0,0
WBGene00165467.,0,0,0
WBGene00165468.,0,0,0
WBGene00165469.,0,0,0
WBGene00165470.,0,0,0
WBGene00165471.,0,0,0
WBGene00165472.,0,0,0
WBGene00165473.,0,0,0
WBGene00165474.,0,0,0
WBGene00165475.,0,0,0
WBGene00165476.,0,0,0
WBGene00165477.,0,1,1
WBGene00165478.,0,0,0
WBGene00165479.,0,0,0
WBGene00165480.,0,0,0
WBGene00165481.,0,0,0
WBGene00165482.,0,0,0
WBGene00165483.,0,0,0
WBGene00165484.,0,0,0
WBGene00165485.,0,0,0
WBGene00165486.,0,1,1
WBGene00165487.,0,0,0
WBGene00165488.,0,0,0
WBGene00165489.,0,0,0
WBGene00165490.,0,0,0
WBGene00165491.,0,0,0
WBGene00165492.,0,0,0
WBGene00165493.,0,0,0
WBGene00165494.,0,0,0
WBGene00165495.,0,0,0
WBGene00165496.,0,0,0
WBGene00165497.,0,0,0
WBGene00165498.,0,0,0
WBGene00165499.,0,0,0
WBGene00165500.,0,0,0
WBGene00165501.,0,0,0
WBGene00165502.,0,0,0
WBGene00165503.,0,0,0
WBGene00165504.,0,0,0
WBGene00165505.,0,0,0
WBGene00165506.,0,0,0
WBGene00165507.,0,0,0
WBGene00165508.,0,0,0
WBGene00165509.,0,0,0
WBGene00165510.,0,0,0
WBGene00165511.,0,0,0
WBGene00165512.,0,0,0
WBGene00165513.,0,12,12
WBGene00165514.,0,0,0
WBGene00165515.,0,0,0
WBGene00165516.,0,0,0
WBGene00165517.,0,0,0
WBGene00165518.,0,0,0
WBGene00165519.,0,2,2
WBGene00165520.,0,0,0
WBGene00165521.,0,0,0
WBGene00165522.,0,0,0
WBGene00165523.,0,0,0
WBGene00165524.,0,0,0
WBGene00165525.,0,0,0
WBGene00165526.,0,0,0
WBGene00165527.,0,0,0
WBGene00165528.,0,0,0
WBGene00165529.,0,0,0
WBGene00165530.,0,0,0
WBGene00165531.,0,0,0
WBGene00165532.,0,0,0
WBGene00165533.,0,0,0
WBGene00165534.,0,0,0
WBGene00165535.,0,0,0
WBGene00165536.,0,0,0
WBGene00165537.,0,0,0
WBGene00165538.,0,0,0
WBGene00165539.,0,0,0
WBGene00165540.,0,0,0
WBGene00165541.,0,0,0
WBGene00165542.,0,0,0
WBGene00165543.,0,0,0
WBGene00165544.,0,2,2
WBGene00165545.,0,0,0
WBGene00165546.,0,0,0
WBGene00165547.,0,0,0
WBGene00165548.,0,0,0
WBGene00165549.,0,0,0
WBGene00165550.,0,0,0
WBGene00165551.,0,0,0
WBGene00165552.,0,0,0
WBGene00165553.,0,0,0
WBGene00165554.,0,0,0
WBGene00165555.,0,0,0
WBGene00165556.,0,0,0
WBGene00165557.,0,0,0
WBGene00165558.,0,11,11
WBGene00165559.,0,0,0
WBGene00165560.,0,0,0
WBGene00165561.,0,0,0
WBGene00165562.,0,0,0
WBGene00165563.,0,0,0
WBGene00165564.,0,0,0
WBGene00165565.,0,0,0
WBGene00165566.,0,0,0
WBGene00165567.,0,0,0
WBGene00165568.,0,0,0
WBGene00165569.,0,0,0
WBGene00165570.,0,0,0
WBGene00165571.,0,0,0
WBGene00165572.,0,0,0
WBGene00165573.,0,0,0
WBGene00165574.,0,0,0
WBGene00165575.,0,0,0
WBGene00165576.,0,0,0
WBGene00165577.,0,0,0
WBGene00165578.,0,0,0
WBGene00165579.,0,0,0
WBGene00165580.,0,0,0
WBGene00165581.,0,0,0
WBGene00165582.,0,2,2
WBGene00165583.,0,0,0
WBGene00165584.,0,0,0
WBGene00165585.,0,0,0
WBGene00165586.,0,0,0
WBGene00165587.,0,2,2
WBGene00165588.,0,0,0
WBGene00165589.,0,0,0
WBGene00165590.,0,0,0
WBGene00165591.,0,0,0
WBGene00165592.,0,0,0
WBGene00165593.,0,0,0
WBGene00165594.,0,0,0
WBGene00165595.,0,0,0
WBGene00165596.,0,1,1
WBGene00165597.,0,0,0
WBGene00165598.,0,0,0
WBGene00165599.,0,0,0
WBGene00165600.,0,0,0
WBGene00165601.,0,0,0
WBGene00165602.,0,0,0
WBGene00165603.,0,1,1
WBGene00165604.,0,0,0
WBGene00165605.,0,0,0
WBGene00165606.,0,0,0
WBGene00165607.,0,0,0
WBGene00165608.,0,0,0
WBGene00165609.,0,2,2
WBGene00165610.,0,0,0
WBGene00165611.,0,0,0
WBGene00165612.,0,0,0
WBGene00165613.,0,0,0
WBGene00165614.,0,0,0
WBGene00165615.,0,0,0
WBGene00165616.,0,0,0
WBGene00165617.,0,0,0
WBGene00165618.,0,0,0
WBGene00165619.,0,0,0
WBGene00165620.,0,0,0
WBGene00165621.,0,0,0
WBGene00165622.,0,0,0
WBGene00165623.,0,0,0
WBGene00165624.,0,0,0
WBGene00165625.,0,0,0
WBGene00165626.,0,0,0
WBGene00165627.,0,0,0
WBGene00165628.,0,0,0
WBGene00165629.,0,0,0
WBGene00165630.,0,0,0
WBGene00165631.,0,1,1
WBGene00165632.,0,0,0
WBGene00165633.,0,0,0
WBGene00165634.,0,0,0
WBGene00165635.,0,0,0
WBGene00165636.,0,0,0
WBGene00165637.,0,0,0
WBGene00165638.,0,0,0
WBGene00165639.,0,0,0
WBGene00165640.,0,0,0
WBGene00165641.,0,0,0
WBGene00165642.,0,0,0
WBGene00165643.,0,0,0
WBGene00165644.,0,0,0
WBGene00165645.,0,0,0
WBGene00165646.,0,0,0
WBGene00165647.,0,0,0
WBGene00165648.,0,0,0
WBGene00165649.,0,6,6
WBGene00165650.,0,0,0
WBGene00165651.,0,0,0
WBGene00165652.,0,0,0
WBGene00165653.,0,0,0
WBGene00165654.,0,0,0
WBGene00165655.,0,0,0
WBGene00165656.,0,0,0
WBGene00165657.,0,0,0
WBGene00165658.,0,0,0
WBGene00165659.,0,0,0
WBGene00165660.,0,0,0
WBGene00165661.,0,0,0
WBGene00165662.,0,0,0
WBGene00165663.,0,0,0
WBGene00165664.,0,0,0
WBGene00165665.,0,3,3
WBGene00165666.,0,3,3
WBGene00165667.,0,0,0
WBGene00165668.,0,0,0
WBGene00165669.,0,0,0
WBGene00165670.,0,0,0
WBGene00165671.,0,0,0
WBGene00165672.,0,0,0
WBGene00165673.,0,0,0
WBGene00165674.,0,0,0
WBGene00165675.,0,0,0
WBGene00165676.,0,0,0
WBGene00165677.,0,0,0
WBGene00165678.,0,0,0
WBGene00165679.,0,0,0
WBGene00165680.,0,0,0
WBGene00165681.,0,0,0
WBGene00165682.,0,0,0
WBGene00165683.,0,0,0
WBGene00165684.,0,0,0
WBGene00165685.,0,0,0
WBGene00165686.,0,0,0
WBGene00165687.,0,1,1
WBGene00165688.,0,0,0
WBGene00165689.,0,0,0
WBGene00165690.,0,2,2
WBGene00165691.,0,0,0
WBGene00165692.,0,0,0
WBGene00165693.,0,0,0
WBGene00165694.,0,0,0
WBGene00165695.,0,0,0
WBGene00165696.,0,0,0
WBGene00165697.,0,0,0
WBGene00165698.,0,0,0
WBGene00165699.,0,0,0
WBGene00165700.,0,0,0
WBGene00165701.,0,0,0
WBGene00165702.,0,0,0
WBGene00165703.,0,0,0
WBGene00165704.,0,0,0
WBGene00165705.,0,3,3
WBGene00165706.,0,0,0
WBGene00165707.,0,0,0
WBGene00165708.,0,0,0
WBGene00165709.,0,0,0
WBGene00165710.,0,0,0
WBGene00165711.,0,0,0
WBGene00165712.,0,0,0
WBGene00165713.,0,1,1
WBGene00165714.,0,0,0
WBGene00165715.,0,0,0
WBGene00165716.,0,0,0
WBGene00165717.,0,1,1
WBGene00165718.,0,0,0
WBGene00165719.,0,0,0
WBGene00165720.,0,10,10
WBGene00165721.,0,0,0
WBGene00165722.,0,1,1
WBGene00165723.,0,0,0
WBGene00165724.,0,0,0
WBGene00165725.,0,0,0
WBGene00165726.,0,0,0
WBGene00165727.,0,0,0
WBGene00165728.,0,0,0
WBGene00165729.,0,0,0
WBGene00165730.,0,0,0
WBGene00165731.,0,0,0
WBGene00165732.,0,0,0
WBGene00165733.,0,0,0
WBGene00165734.,0,7,7
WBGene00165735.,0,0,0
WBGene00165736.,0,0,0
WBGene00165737.,0,0,0
WBGene00165738.,0,0,0
WBGene00165739.,0,0,0
WBGene00165740.,0,0,0
WBGene00165741.,0,0,0
WBGene00165742.,0,0,0
WBGene00165743.,0,0,0
WBGene00165744.,0,0,0
WBGene00165745.,0,0,0
WBGene00165746.,0,0,0
WBGene00165747.,0,0,0
WBGene00165748.,0,0,0
WBGene00165749.,0,0,0
WBGene00165750.,0,0,0
WBGene00165751.,0,0,0
WBGene00165752.,0,2,2
WBGene00165753.,0,4,4
WBGene00165754.,0,0,0
WBGene00165755.,0,0,0
WBGene00165756.,0,0,0
WBGene00165757.,0,0,0
WBGene00165758.,0,0,0
WBGene00165759.,0,0,0
WBGene00165760.,0,0,0
WBGene00165761.,0,0,0
WBGene00165762.,0,0,0
WBGene00165763.,0,0,0
WBGene00165764.,0,1,1
WBGene00165765.,0,0,0
WBGene00165766.,0,0,0
WBGene00165767.,0,0,0
WBGene00165768.,0,0,0
WBGene00165769.,0,0,0
WBGene00165770.,0,0,0
WBGene00165771.,0,0,0
WBGene00165772.,0,0,0
WBGene00165773.,0,0,0
WBGene00165774.,0,0,0
WBGene00165775.,0,0,0
WBGene00165776.,0,3,3
WBGene00165777.,0,0,0
WBGene00165778.,0,0,0
WBGene00165779.,0,0,0
WBGene00165780.,0,0,0
WBGene00165781.,0,0,0
WBGene00165782.,0,0,0
WBGene00165783.,0,0,0
WBGene00165784.,0,0,0
WBGene00165785.,0,0,0
WBGene00165786.,0,0,0
WBGene00165787.,0,0,0
WBGene00165788.,0,0,0
WBGene00165789.,0,0,0
WBGene00165790.,0,0,0
WBGene00165791.,0,0,0
WBGene00165792.,0,0,0
WBGene00165793.,0,0,0
WBGene00165794.,0,0,0
WBGene00165795.,0,0,0
WBGene00165796.,0,0,0
WBGene00165797.,0,0,0
WBGene00165798.,0,0,0
WBGene00165799.,0,0,0
WBGene00165800.,0,0,0
WBGene00165801.,0,0,0
WBGene00165802.,0,0,0
WBGene00165803.,0,0,0
WBGene00165804.,0,0,0
WBGene00165805.,0,0,0
WBGene00165806.,0,0,0
WBGene00165807.,0,0,0
WBGene00165808.,0,0,0
WBGene00165809.,0,0,0
WBGene00165810.,0,2,2
WBGene00165811.,0,0,0
WBGene00165812.,0,0,0
WBGene00165813.,0,0,0
WBGene00165814.,0,0,0
WBGene00165815.,0,0,0
WBGene00165816.,0,0,0
WBGene00165817.,0,0,0
WBGene00165818.,0,0,0
WBGene00165819.,0,0,0
WBGene00165820.,0,0,0
WBGene00165821.,0,0,0
WBGene00165822.,0,0,0
WBGene00165823.,0,0,0
WBGene00165824.,0,0,0
WBGene00165825.,0,1,1
WBGene00165826.,0,2,2
WBGene00165827.,0,0,0
WBGene00165828.,0,0,0
WBGene00165829.,0,0,0
WBGene00165830.,0,0,0
WBGene00165831.,0,0,0
WBGene00165832.,0,0,0
WBGene00165833.,0,0,0
WBGene00165834.,0,0,0
WBGene00165835.,0,2,2
WBGene00165836.,0,0,0
WBGene00165837.,0,0,0
WBGene00165838.,0,0,0
WBGene00165839.,0,0,0
WBGene00165840.,0,0,0
WBGene00165841.,0,0,0
WBGene00165842.,0,0,0
WBGene00165843.,0,0,0
WBGene00165844.,0,0,0
WBGene00165845.,0,0,0
WBGene00165846.,0,0,0
WBGene00165847.,0,0,0
WBGene00165848.,0,0,0
WBGene00165849.,0,0,0
WBGene00165850.,0,0,0
WBGene00165851.,0,0,0
WBGene00165852.,0,0,0
WBGene00165853.,0,0,0
WBGene00165854.,0,2,2
WBGene00165855.,0,0,0
WBGene00165856.,0,0,0
WBGene00165857.,0,0,0
WBGene00165858.,0,0,0
WBGene00165859.,0,0,0
WBGene00165860.,0,0,0
WBGene00165861.,0,0,0
WBGene00165862.,0,0,0
WBGene00165863.,0,0,0
WBGene00165864.,0,0,0
WBGene00165865.,0,0,0
WBGene00165866.,0,0,0
WBGene00165867.,0,0,0
WBGene00165868.,0,0,0
WBGene00165869.,0,0,0
WBGene00165870.,0,0,0
WBGene00165871.,0,0,0
WBGene00165872.,0,0,0
WBGene00165873.,0,0,0
WBGene00165874.,0,0,0
WBGene00165875.,0,0,0
WBGene00165876.,0,0,0
WBGene00165877.,0,0,0
WBGene00165878.,0,0,0
WBGene00165879.,0,0,0
WBGene00165880.,0,0,0
WBGene00165881.,0,0,0
WBGene00165882.,0,0,0
WBGene00165883.,0,0,0
WBGene00165884.,0,0,0
WBGene00165885.,0,0,0
WBGene00165886.,0,0,0
WBGene00165887.,0,0,0
WBGene00165888.,0,0,0
WBGene00165889.,0,0,0
WBGene00165890.,0,0,0
WBGene00165891.,0,0,0
WBGene00165892.,0,0,0
WBGene00165893.,0,3,3
WBGene00165894.,0,0,0
WBGene00165895.,0,0,0
WBGene00165896.,0,0,0
WBGene00165897.,0,0,0
WBGene00165898.,0,0,0
WBGene00165899.,0,0,0
WBGene00165900.,0,0,0
WBGene00165901.,0,0,0
WBGene00165902.,0,0,0
WBGene00165903.,0,0,0
WBGene00165904.,0,0,0
WBGene00165905.,0,0,0
WBGene00165906.,0,0,0
WBGene00165907.,0,0,0
WBGene00165908.,0,0,0
WBGene00165909.,0,0,0
WBGene00165910.,0,0,0
WBGene00165911.,0,0,0
WBGene00165912.,0,0,0
WBGene00165913.,0,0,0
WBGene00165914.,0,0,0
WBGene00165915.,0,0,0
WBGene00165916.,0,0,0
WBGene00165917.,0,0,0
WBGene00165918.,0,0,0
WBGene00165919.,0,0,0
WBGene00165920.,0,0,0
WBGene00165921.,0,0,0
WBGene00165922.,0,0,0
WBGene00165923.,0,0,0
WBGene00165924.,0,0,0
WBGene00165925.,0,0,0
WBGene00165926.,0,0,0
WBGene00165927.,0,0,0
WBGene00165928.,0,0,0
WBGene00165929.,0,0,0
WBGene00165930.,0,0,0
WBGene00165931.,0,0,0
WBGene00165932.,0,1,1
WBGene00165933.,0,0,0
WBGene00165934.,0,0,0
WBGene00165935.,0,0,0
WBGene00165936.,0,1,1
WBGene00165937.,0,0,0
WBGene00165938.,0,0,0
WBGene00165939.,0,0,0
WBGene00165940.,0,0,0
WBGene00165941.,0,0,0
WBGene00165942.,0,0,0
WBGene00165943.,0,0,0
WBGene00165944.,0,0,0
WBGene00165945.,0,0,0
WBGene00165946.,0,0,0
WBGene00165947.,0,1,1
WBGene00165948.,0,0,0
WBGene00165949.,0,6,6
WBGene00165950.,0,3,3
WBGene00165951.,0,0,0
WBGene00165952.,0,0,0
WBGene00165953.,0,0,0
WBGene00165954.,0,0,0
WBGene00165955.,0,0,0
WBGene00165956.,0,2,2
WBGene00165957.,0,0,0
WBGene00165958.,0,0,0
WBGene00165959.,0,0,0
WBGene00165960.,0,0,0
WBGene00165961.,0,0,0
WBGene00165962.,0,0,0
WBGene00165963.,0,0,0
WBGene00165964.,0,0,0
WBGene00165965.,0,0,0
WBGene00165966.,0,0,0
WBGene00165967.,0,0,0
WBGene00165968.,0,0,0
WBGene00165969.,0,0,0
WBGene00165970.,0,0,0
WBGene00165971.,0,0,0
WBGene00165972.,0,0,0
WBGene00165973.,0,0,0
WBGene00165974.,0,0,0
WBGene00165975.,0,0,0
WBGene00165976.,0,0,0
WBGene00165977.,0,0,0
WBGene00165978.,0,0,0
WBGene00165979.,0,0,0
WBGene00165980.,0,0,0
WBGene00165981.,0,0,0
WBGene00165982.,0,0,0
WBGene00165983.,0,0,0
WBGene00165984.,0,0,0
WBGene00165985.,0,0,0
WBGene00165986.,0,0,0
WBGene00165987.,0,0,0
WBGene00165988.,0,0,0
WBGene00165989.,0,0,0
WBGene00165990.,0,2,2
WBGene00165991.,0,0,0
WBGene00165992.,0,0,0
WBGene00165993.,0,0,0
WBGene00165994.,0,0,0
WBGene00165995.,0,0,0
WBGene00165996.,0,0,0
WBGene00165997.,0,0,0
WBGene00165998.,0,0,0
WBGene00165999.,0,0,0
WBGene00166000.,0,0,0
WBGene00166001.,0,0,0
WBGene00166002.,0,0,0
WBGene00166003.,0,0,0
WBGene00166004.,0,0,0
WBGene00166005.,0,0,0
WBGene00166006.,0,0,0
WBGene00166007.,0,0,0
WBGene00166008.,0,0,0
WBGene00166009.,0,0,0
WBGene00166010.,0,0,0
WBGene00166011.,0,0,0
WBGene00166012.,0,0,0
WBGene00166013.,0,0,0
WBGene00166014.,0,0,0
WBGene00166015.,0,0,0
WBGene00166016.,0,0,0
WBGene00166017.,0,0,0
WBGene00166018.,0,0,0
WBGene00166019.,0,0,0
WBGene00166020.,0,0,0
WBGene00166021.,0,0,0
WBGene00166022.,0,1,1
WBGene00166023.,0,0,0
WBGene00166024.,0,0,0
WBGene00166025.,0,0,0
WBGene00166026.,0,0,0
WBGene00166027.,0,0,0
WBGene00166028.,0,0,0
WBGene00166029.,0,0,0
WBGene00166030.,0,0,0
WBGene00166031.,0,0,0
WBGene00166032.,0,0,0
WBGene00166033.,0,0,0
WBGene00166034.,0,0,0
WBGene00166035.,0,0,0
WBGene00166036.,0,0,0
WBGene00166037.,0,0,0
WBGene00166038.,0,0,0
WBGene00166039.,0,0,0
WBGene00166040.,0,0,0
WBGene00166041.,0,2,2
WBGene00166042.,0,0,0
WBGene00166043.,0,0,0
WBGene00166044.,0,0,0
WBGene00166045.,0,0,0
WBGene00166046.,0,0,0
WBGene00166047.,0,0,0
WBGene00166048.,0,0,0
WBGene00166049.,0,0,0
WBGene00166050.,0,0,0
WBGene00166051.,0,0,0
WBGene00166052.,0,0,0
WBGene00166053.,0,0,0
WBGene00166054.,0,0,0
WBGene00166055.,0,0,0
WBGene00166057.,0,0,0
WBGene00166058.,0,1,1
WBGene00166059.,0,0,0
WBGene00166060.,0,0,0
WBGene00166062.,0,0,0
WBGene00166063.,0,0,0
WBGene00166064.,0,0,0
WBGene00166065.,0,1,1
WBGene00166066.,0,0,0
WBGene00166067.,0,0,0
WBGene00166068.,0,0,0
WBGene00166069.,0,0,0
WBGene00166070.,0,0,0
WBGene00166071.,0,0,0
WBGene00166072.,0,0,0
WBGene00166073.,0,0,0
WBGene00166074.,0,0,0
WBGene00166075.,0,0,0
WBGene00166076.,0,0,0
WBGene00166077.,0,0,0
WBGene00166078.,0,0,0
WBGene00166079.,0,0,0
WBGene00166080.,0,0,0
WBGene00166081.,0,0,0
WBGene00166082.,0,0,0
WBGene00166083.,0,0,0
WBGene00166084.,0,0,0
WBGene00166085.,0,0,0
WBGene00166086.,0,0,0
WBGene00166087.,0,0,0
WBGene00166088.,0,0,0
WBGene00166089.,0,0,0
WBGene00166090.,0,0,0
WBGene00166091.,0,0,0
WBGene00166092.,0,0,0
WBGene00166093.,0,0,0
WBGene00166094.,0,0,0
WBGene00166095.,0,0,0
WBGene00166096.,0,1,1
WBGene00166097.,0,5,5
WBGene00166098.,0,0,0
WBGene00166099.,0,0,0
WBGene00166100.,0,0,0
WBGene00166101.,0,0,0
WBGene00166102.,0,0,0
WBGene00166103.,0,0,0
WBGene00166104.,0,0,0
WBGene00166105.,0,4,4
WBGene00166106.,0,0,0
WBGene00166107.,0,0,0
WBGene00166108.,0,1,1
WBGene00166109.,0,0,0
WBGene00166110.,0,0,0
WBGene00166111.,0,0,0
WBGene00166112.,0,0,0
WBGene00166113.,0,0,0
WBGene00166114.,0,0,0
WBGene00166115.,0,0,0
WBGene00166116.,0,0,0
WBGene00166117.,0,0,0
WBGene00166118.,0,0,0
WBGene00166119.,0,0,0
WBGene00166120.,0,2,2
WBGene00166121.,0,0,0
WBGene00166122.,0,0,0
WBGene00166123.,0,0,0
WBGene00166124.,0,0,0
WBGene00166125.,0,0,0
WBGene00166126.,0,0,0
WBGene00166127.,0,0,0
WBGene00166128.,0,0,0
WBGene00166129.,0,0,0
WBGene00166130.,0,0,0
WBGene00166131.,0,0,0
WBGene00166132.,0,0,0
WBGene00166133.,0,0,0
WBGene00166134.,0,0,0
WBGene00166135.,0,0,0
WBGene00166136.,0,0,0
WBGene00166137.,0,0,0
WBGene00166138.,0,0,0
WBGene00166139.,0,0,0
WBGene00166140.,0,0,0
WBGene00166141.,0,2,2
WBGene00166142.,0,0,0
WBGene00166143.,0,0,0
WBGene00166144.,0,0,0
WBGene00166145.,0,0,0
WBGene00166146.,0,0,0
WBGene00166147.,0,0,0
WBGene00166148.,0,0,0
WBGene00166149.,0,0,0
WBGene00166150.,0,0,0
WBGene00166151.,0,0,0
WBGene00166152.,0,0,0
WBGene00166153.,0,0,0
WBGene00166154.,0,0,0
WBGene00166155.,0,0,0
WBGene00166156.,0,1,1
WBGene00166157.,0,0,0
WBGene00166158.,0,0,0
WBGene00166159.,0,0,0
WBGene00166160.,0,0,0
WBGene00166161.,0,0,0
WBGene00166162.,0,0,0
WBGene00166163.,0,0,0
WBGene00166164.,0,0,0
WBGene00166165.,0,1,1
WBGene00166166.,0,0,0
WBGene00166167.,0,0,0
WBGene00166168.,0,0,0
WBGene00166169.,0,0,0
WBGene00166170.,0,0,0
WBGene00166171.,0,0,0
WBGene00166172.,0,0,0
WBGene00166173.,0,0,0
WBGene00166174.,0,0,0
WBGene00166175.,0,0,0
WBGene00166176.,0,0,0
WBGene00166177.,0,0,0
WBGene00166178.,0,0,0
WBGene00166179.,0,0,0
WBGene00166180.,0,0,0
WBGene00166181.,0,0,0
WBGene00166182.,0,0,0
WBGene00166183.,0,0,0
WBGene00166184.,0,0,0
WBGene00166185.,0,0,0
WBGene00166186.,0,0,0
WBGene00166187.,0,0,0
WBGene00166188.,0,0,0
WBGene00166189.,0,0,0
WBGene00166190.,0,0,0
WBGene00166191.,0,0,0
WBGene00166192.,0,0,0
WBGene00166193.,0,0,0
WBGene00166194.,0,0,0
WBGene00166195.,0,0,0
WBGene00166196.,0,0,0
WBGene00166197.,0,0,0
WBGene00166198.,0,0,0
WBGene00166199.,0,0,0
WBGene00166200.,0,0,0
WBGene00166201.,0,0,0
WBGene00166202.,0,0,0
WBGene00166203.,0,0,0
WBGene00166204.,0,0,0
WBGene00166205.,0,0,0
WBGene00166206.,0,0,0
WBGene00166207.,0,0,0
WBGene00166208.,0,0,0
WBGene00166209.,0,0,0
WBGene00166210.,0,0,0
WBGene00166211.,0,0,0
WBGene00166212.,0,0,0
WBGene00166213.,0,0,0
WBGene00166214.,0,0,0
WBGene00166215.,0,0,0
WBGene00166216.,0,0,0
WBGene00166217.,0,0,0
WBGene00166218.,0,0,0
WBGene00166219.,0,0,0
WBGene00166220.,0,1,1
WBGene00166221.,0,0,0
WBGene00166222.,0,0,0
WBGene00166223.,0,0,0
WBGene00166224.,0,0,0
WBGene00166225.,0,0,0
WBGene00166226.,0,0,0
WBGene00166227.,0,0,0
WBGene00166228.,0,0,0
WBGene00166229.,0,0,0
WBGene00166230.,0,0,0
WBGene00166231.,0,0,0
WBGene00166232.,0,0,0
WBGene00166233.,0,0,0
WBGene00166234.,0,0,0
WBGene00166235.,0,0,0
WBGene00166236.,0,0,0
WBGene00166237.,0,0,0
WBGene00166238.,0,0,0
WBGene00166239.,0,0,0
WBGene00166240.,0,0,0
WBGene00166241.,0,0,0
WBGene00166242.,0,0,0
WBGene00166243.,0,0,0
WBGene00166244.,0,0,0
WBGene00166245.,0,0,0
WBGene00166246.,0,0,0
WBGene00166247.,0,0,0
WBGene00166248.,0,0,0
WBGene00166249.,0,0,0
WBGene00166250.,0,0,0
WBGene00166251.,0,0,0
WBGene00166252.,0,0,0
WBGene00166253.,0,0,0
WBGene00166254.,0,0,0
WBGene00166255.,0,0,0
WBGene00166256.,0,0,0
WBGene00166257.,0,0,0
WBGene00166258.,0,0,0
WBGene00166259.,0,0,0
WBGene00166260.,0,0,0
WBGene00166261.,0,0,0
WBGene00166262.,0,0,0
WBGene00166263.,0,0,0
WBGene00166264.,0,0,0
WBGene00166265.,0,0,0
WBGene00166266.,0,0,0
WBGene00166267.,0,0,0
WBGene00166268.,0,0,0
WBGene00166269.,0,0,0
WBGene00166270.,0,0,0
WBGene00166271.,0,0,0
WBGene00166272.,0,0,0
WBGene00166273.,0,0,0
WBGene00166274.,0,0,0
WBGene00166275.,0,0,0
WBGene00166276.,0,0,0
WBGene00166277.,0,0,0
WBGene00166278.,0,0,0
WBGene00166279.,0,0,0
WBGene00166280.,0,0,0
WBGene00166281.,0,1,1
WBGene00166282.,0,0,0
WBGene00166283.,0,0,0
WBGene00166284.,0,0,0
WBGene00166285.,0,0,0
WBGene00166286.,0,0,0
WBGene00166287.,0,0,0
WBGene00166288.,0,0,0
WBGene00166289.,0,7,7
WBGene00166290.,0,0,0
WBGene00166291.,0,0,0
WBGene00166292.,0,0,0
WBGene00166293.,0,0,0
WBGene00166294.,0,0,0
WBGene00166295.,0,0,0
WBGene00166296.,0,0,0
WBGene00166297.,0,0,0
WBGene00166298.,0,1,1
WBGene00166299.,0,0,0
WBGene00166300.,0,1,1
WBGene00166301.,0,0,0
WBGene00166302.,0,0,0
WBGene00166303.,0,0,0
WBGene00166304.,0,0,0
WBGene00166305.,0,2,2
WBGene00166306.,0,0,0
WBGene00166307.,0,0,0
WBGene00166308.,0,0,0
WBGene00166309.,0,0,0
WBGene00166310.,0,0,0
WBGene00166311.,0,0,0
WBGene00166312.,0,0,0
WBGene00166313.,0,0,0
WBGene00166314.,0,0,0
WBGene00166315.,0,0,0
WBGene00166316.,0,0,0
WBGene00166317.,0,0,0
WBGene00166318.,0,0,0
WBGene00166319.,0,0,0
WBGene00166320.,0,0,0
WBGene00166321.,0,0,0
WBGene00166322.,0,0,0
WBGene00166323.,0,0,0
WBGene00166324.,0,0,0
WBGene00166325.,0,0,0
WBGene00166326.,0,0,0
WBGene00166327.,0,0,0
WBGene00166328.,0,0,0
WBGene00166329.,0,0,0
WBGene00166330.,0,0,0
WBGene00166331.,0,0,0
WBGene00166332.,0,0,0
WBGene00166333.,0,0,0
WBGene00166334.,0,0,0
WBGene00166335.,0,0,0
WBGene00166336.,0,0,0
WBGene00166337.,0,0,0
WBGene00166338.,0,0,0
WBGene00166339.,0,0,0
WBGene00166340.,0,0,0
WBGene00166341.,0,0,0
WBGene00166342.,0,0,0
WBGene00166343.,0,0,0
WBGene00166344.,0,0,0
WBGene00166345.,0,0,0
WBGene00166346.,0,0,0
WBGene00166347.,0,0,0
WBGene00166348.,0,0,0
WBGene00166349.,0,0,0
WBGene00166350.,0,0,0
WBGene00166351.,0,0,0
WBGene00166352.,0,0,0
WBGene00166353.,0,0,0
WBGene00166354.,0,0,0
WBGene00166355.,0,0,0
WBGene00166356.,0,0,0
WBGene00166357.,0,0,0
WBGene00166358.,0,0,0
WBGene00166359.,0,0,0
WBGene00166360.,0,0,0
WBGene00166361.,0,0,0
WBGene00166362.,0,0,0
WBGene00166363.,0,0,0
WBGene00166364.,0,0,0
WBGene00166365.,0,1,1
WBGene00166366.,0,0,0
WBGene00166367.,0,0,0
WBGene00166368.,0,0,0
WBGene00166369.,0,0,0
WBGene00166370.,0,0,0
WBGene00166371.,0,1,1
WBGene00166372.,0,0,0
WBGene00166373.,0,0,0
WBGene00166374.,0,0,0
WBGene00166375.,0,0,0
WBGene00166376.,0,0,0
WBGene00166377.,0,5,5
WBGene00166378.,0,0,0
WBGene00166379.,0,0,0
WBGene00166380.,0,1,1
WBGene00166381.,0,0,0
WBGene00166382.,0,0,0
WBGene00166383.,0,0,0
WBGene00166384.,0,0,0
WBGene00166385.,0,0,0
WBGene00166386.,0,0,0
WBGene00166387.,0,0,0
WBGene00166388.,0,0,0
WBGene00166389.,0,0,0
WBGene00166390.,0,0,0
WBGene00166391.,0,0,0
WBGene00166392.,0,0,0
WBGene00166393.,0,0,0
WBGene00166394.,0,0,0
WBGene00166395.,0,0,0
WBGene00166396.,0,0,0
WBGene00166397.,0,0,0
WBGene00166398.,0,0,0
WBGene00166399.,0,0,0
WBGene00166400.,0,0,0
WBGene00166401.,0,0,0
WBGene00166402.,0,0,0
WBGene00166403.,0,0,0
WBGene00166404.,0,0,0
WBGene00166405.,0,0,0
WBGene00166406.,0,0,0
WBGene00166407.,0,2,2
WBGene00166408.,0,0,0
WBGene00166409.,0,0,0
WBGene00166410.,0,0,0
WBGene00166411.,0,0,0
WBGene00166412.,0,0,0
WBGene00166413.,0,0,0
WBGene00166414.,0,0,0
WBGene00166415.,0,0,0
WBGene00166416.,0,0,0
WBGene00166417.,0,0,0
WBGene00166418.,0,0,0
WBGene00166419.,0,0,0
WBGene00166420.,0,0,0
WBGene00166421.,0,0,0
WBGene00166422.,0,0,0
WBGene00166423.,0,0,0
WBGene00166424.,0,0,0
WBGene00166425.,0,0,0
WBGene00166426.,0,0,0
WBGene00166427.,0,0,0
WBGene00166428.,0,0,0
WBGene00166429.,0,0,0
WBGene00166430.,0,0,0
WBGene00166431.,0,0,0
WBGene00166432.,0,0,0
WBGene00166433.,0,0,0
WBGene00166434.,0,0,0
WBGene00166435.,0,0,0
WBGene00166436.,0,0,0
WBGene00166437.,0,1,1
WBGene00166438.,0,0,0
WBGene00166439.,0,0,0
WBGene00166440.,0,0,0
WBGene00166441.,0,0,0
WBGene00166442.,0,0,0
WBGene00166443.,0,0,0
WBGene00166444.,0,0,0
WBGene00166445.,0,0,0
WBGene00166446.,0,0,0
WBGene00166447.,0,0,0
WBGene00166448.,0,0,0
WBGene00166449.,0,3,3
WBGene00166450.,0,0,0
WBGene00166451.,0,0,0
WBGene00166452.,0,0,0
WBGene00166453.,0,0,0
WBGene00166454.,0,0,0
WBGene00166455.,0,0,0
WBGene00166456.,0,0,0
WBGene00166457.,0,0,0
WBGene00166458.,0,0,0
WBGene00166459.,0,0,0
WBGene00166460.,0,0,0
WBGene00166461.,0,0,0
WBGene00166462.,0,0,0
WBGene00166463.,0,0,0
WBGene00166464.,0,0,0
WBGene00166465.,0,2,2
WBGene00166466.,0,0,0
WBGene00166467.,0,0,0
WBGene00166468.,0,0,0
WBGene00166469.,0,0,0
WBGene00166470.,0,0,0
WBGene00166471.,0,2,2
WBGene00166472.,0,3,3
WBGene00166473.,0,0,0
WBGene00166474.,0,0,0
WBGene00166475.,0,0,0
WBGene00166476.,0,0,0
WBGene00166477.,0,0,0
WBGene00166478.,0,0,0
WBGene00166479.,0,0,0
WBGene00166480.,0,1,1
WBGene00166481.,0,0,0
WBGene00166482.,0,0,0
WBGene00166483.,0,0,0
WBGene00166484.,0,0,0
WBGene00166485.,0,0,0
WBGene00166486.,0,0,0
WBGene00166487.,0,0,0
WBGene00166488.,0,0,0
WBGene00166489.,0,1,1
WBGene00166490.,0,0,0
WBGene00166491.,0,0,0
WBGene00166492.,0,0,0
WBGene00166493.,0,0,0
WBGene00166494.,0,0,0
WBGene00166495.,0,0,0
WBGene00166496.,0,0,0
WBGene00166497.,0,0,0
WBGene00166498.,0,0,0
WBGene00166499.,0,0,0
WBGene00166500.,0,0,0
WBGene00166501.,0,0,0
WBGene00166502.,0,0,0
WBGene00166503.,0,0,0
WBGene00166504.,0,0,0
WBGene00166505.,0,0,0
WBGene00166506.,0,0,0
WBGene00166507.,0,0,0
WBGene00166508.,0,0,0
WBGene00166509.,0,0,0
WBGene00166510.,0,0,0
WBGene00166511.,0,0,0
WBGene00166512.,0,0,0
WBGene00166513.,0,1,1
WBGene00166514.,0,0,0
WBGene00166515.,0,0,0
WBGene00166516.,0,0,0
WBGene00166517.,0,0,0
WBGene00166518.,0,0,0
WBGene00166519.,0,0,0
WBGene00166520.,0,0,0
WBGene00166521.,0,0,0
WBGene00166522.,0,0,0
WBGene00166523.,0,0,0
WBGene00166524.,0,0,0
WBGene00166525.,0,0,0
WBGene00166526.,0,0,0
WBGene00166527.,0,0,0
WBGene00166528.,0,0,0
WBGene00166529.,0,0,0
WBGene00166530.,0,0,0
WBGene00166531.,0,0,0
WBGene00166532.,0,0,0
WBGene00166533.,0,0,0
WBGene00166534.,0,0,0
WBGene00166535.,0,0,0
WBGene00166536.,0,0,0
WBGene00166537.,0,0,0
WBGene00166538.,0,0,0
WBGene00166539.,0,2,2
WBGene00166540.,0,0,0
WBGene00166541.,0,0,0
WBGene00166542.,0,0,0
WBGene00166543.,0,0,0
WBGene00166544.,0,0,0
WBGene00166545.,0,0,0
WBGene00166546.,0,0,0
WBGene00166547.,0,0,0
WBGene00166548.,0,0,0
WBGene00166549.,0,0,0
WBGene00166550.,0,0,0
WBGene00166551.,0,0,0
WBGene00166552.,0,0,0
WBGene00166553.,0,0,0
WBGene00166554.,0,0,0
WBGene00166555.,0,0,0
WBGene00166556.,0,0,0
WBGene00166557.,0,0,0
WBGene00166558.,0,0,0
WBGene00166559.,0,0,0
WBGene00166560.,0,0,0
WBGene00166561.,0,1,1
WBGene00166562.,0,1,1
WBGene00166563.,0,0,0
WBGene00166564.,0,0,0
WBGene00166565.,0,0,0
WBGene00166566.,0,0,0
WBGene00166567.,0,0,0
WBGene00166568.,0,0,0
WBGene00166569.,0,0,0
WBGene00166570.,0,0,0
WBGene00166571.,0,0,0
WBGene00166572.,0,0,0
WBGene00166573.,0,0,0
WBGene00166574.,0,0,0
WBGene00166575.,0,0,0
WBGene00166576.,0,0,0
WBGene00166577.,0,0,0
WBGene00166578.,0,0,0
WBGene00166579.,0,0,0
WBGene00166580.,0,0,0
WBGene00166581.,0,3,3
WBGene00166582.,0,0,0
WBGene00166583.,0,0,0
WBGene00166584.,0,0,0
WBGene00166585.,0,0,0
WBGene00166586.,0,0,0
WBGene00166587.,0,0,0
WBGene00166588.,0,0,0
WBGene00166589.,0,0,0
WBGene00166590.,0,0,0
WBGene00166591.,0,0,0
WBGene00166592.,0,0,0
WBGene00166593.,0,0,0
WBGene00166594.,0,0,0
WBGene00166595.,0,1,1
WBGene00166596.,0,0,0
WBGene00166597.,0,0,0
WBGene00166598.,0,0,0
WBGene00166599.,0,0,0
WBGene00166600.,0,0,0
WBGene00166601.,0,0,0
WBGene00166602.,0,0,0
WBGene00166603.,0,0,0
WBGene00166604.,0,0,0
WBGene00166605.,0,0,0
WBGene00166606.,0,0,0
WBGene00166607.,0,0,0
WBGene00166608.,0,0,0
WBGene00166609.,0,0,0
WBGene00166610.,0,0,0
WBGene00166611.,0,0,0
WBGene00166612.,0,0,0
WBGene00166613.,0,0,0
WBGene00166614.,0,0,0
WBGene00166615.,0,1,1
WBGene00166616.,0,1,1
WBGene00166617.,0,0,0
WBGene00166618.,0,0,0
WBGene00166619.,0,0,0
WBGene00166620.,0,0,0
WBGene00166621.,0,0,0
WBGene00166622.,0,0,0
WBGene00166623.,0,0,0
WBGene00166624.,0,0,0
WBGene00166625.,0,0,0
WBGene00166626.,0,0,0
WBGene00166627.,0,0,0
WBGene00166628.,0,0,0
WBGene00166629.,0,0,0
WBGene00166630.,0,0,0
WBGene00166631.,0,0,0
WBGene00166632.,0,0,0
WBGene00166633.,0,0,0
WBGene00166634.,0,0,0
WBGene00166635.,0,0,0
WBGene00166636.,0,0,0
WBGene00166637.,0,0,0
WBGene00166638.,0,0,0
WBGene00166639.,0,0,0
WBGene00166640.,0,0,0
WBGene00166641.,0,0,0
WBGene00166642.,0,0,0
WBGene00166643.,0,0,0
WBGene00166644.,0,0,0
WBGene00166645.,0,0,0
WBGene00166646.,0,0,0
WBGene00166647.,0,0,0
WBGene00166648.,0,0,0
WBGene00166649.,0,0,0
WBGene00166650.,0,0,0
WBGene00166651.,0,0,0
WBGene00166652.,0,0,0
WBGene00166653.,0,0,0
WBGene00166654.,0,0,0
WBGene00166655.,0,0,0
WBGene00166656.,0,1,1
WBGene00166657.,0,0,0
WBGene00166658.,0,0,0
WBGene00166659.,0,0,0
WBGene00166660.,0,0,0
WBGene00166661.,0,0,0
WBGene00166662.,0,1,1
WBGene00166663.,0,0,0
WBGene00166664.,0,0,0
WBGene00166665.,0,0,0
WBGene00166666.,0,0,0
WBGene00166667.,0,0,0
WBGene00166668.,0,0,0
WBGene00166669.,0,0,0
WBGene00166670.,0,0,0
WBGene00166671.,0,0,0
WBGene00166672.,0,0,0
WBGene00166673.,0,0,0
WBGene00166674.,0,0,0
WBGene00166675.,0,0,0
WBGene00166676.,0,0,0
WBGene00166677.,0,1,1
WBGene00166678.,0,0,0
WBGene00166679.,0,0,0
WBGene00166680.,0,0,0
WBGene00166681.,0,0,0
WBGene00166682.,0,0,0
WBGene00166683.,0,0,0
WBGene00166684.,0,0,0
WBGene00166685.,0,0,0
WBGene00166686.,0,0,0
WBGene00166687.,0,0,0
WBGene00166688.,0,0,0
WBGene00166689.,0,0,0
WBGene00166690.,0,0,0
WBGene00166691.,0,0,0
WBGene00166692.,0,0,0
WBGene00166693.,0,49,49
WBGene00166694.,0,0,0
WBGene00166695.,0,0,0
WBGene00166696.,0,0,0
WBGene00166697.,0,0,0
WBGene00166698.,0,0,0
WBGene00166699.,0,0,0
WBGene00166700.,0,0,0
WBGene00166701.,0,0,0
WBGene00166702.,0,0,0
WBGene00166703.,0,0,0
WBGene00166704.,0,0,0
WBGene00166705.,0,0,0
WBGene00166706.,0,0,0
WBGene00166707.,0,0,0
WBGene00166708.,0,0,0
WBGene00166709.,0,0,0
WBGene00166710.,0,0,0
WBGene00166711.,0,0,0
WBGene00166712.,0,0,0
WBGene00166713.,0,0,0
WBGene00166714.,0,0,0
WBGene00166715.,0,0,0
WBGene00166716.,0,0,0
WBGene00166717.,0,0,0
WBGene00166718.,0,0,0
WBGene00166719.,0,0,0
WBGene00166720.,0,0,0
WBGene00166721.,0,1,1
WBGene00166722.,0,0,0
WBGene00166723.,0,0,0
WBGene00166724.,0,0,0
WBGene00166725.,0,0,0
WBGene00166726.,0,0,0
WBGene00166727.,0,0,0
WBGene00166728.,0,0,0
WBGene00166729.,0,0,0
WBGene00166730.,0,0,0
WBGene00166731.,0,0,0
WBGene00166732.,0,0,0
WBGene00166733.,0,0,0
WBGene00166734.,0,0,0
WBGene00166735.,0,0,0
WBGene00166736.,0,0,0
WBGene00166737.,0,0,0
WBGene00166738.,0,0,0
WBGene00166739.,0,0,0
WBGene00166740.,0,0,0
WBGene00166741.,0,0,0
WBGene00166742.,0,0,0
WBGene00166743.,0,0,0
WBGene00166744.,0,0,0
WBGene00166745.,0,0,0
WBGene00166746.,0,0,0
WBGene00166747.,0,0,0
WBGene00166748.,0,0,0
WBGene00166749.,0,0,0
WBGene00166750.,0,0,0
WBGene00166751.,0,0,0
WBGene00166752.,0,0,0
WBGene00166753.,0,0,0
WBGene00166754.,0,0,0
WBGene00166755.,0,0,0
WBGene00166756.,0,0,0
WBGene00166757.,0,0,0
WBGene00166758.,0,0,0
WBGene00166759.,0,0,0
WBGene00166760.,0,0,0
WBGene00166761.,0,0,0
WBGene00166762.,0,0,0
WBGene00166763.,0,0,0
WBGene00166764.,0,0,0
WBGene00166765.,0,0,0
WBGene00166766.,0,0,0
WBGene00166767.,0,0,0
WBGene00166768.,0,0,0
WBGene00166769.,0,0,0
WBGene00166770.,0,0,0
WBGene00166771.,0,0,0
WBGene00166772.,0,0,0
WBGene00166773.,0,0,0
WBGene00166774.,0,0,0
WBGene00166775.,0,9,9
WBGene00166776.,0,0,0
WBGene00166777.,0,0,0
WBGene00166778.,0,0,0
WBGene00166779.,0,0,0
WBGene00166780.,0,0,0
WBGene00166781.,0,0,0
WBGene00166782.,0,0,0
WBGene00166783.,0,0,0
WBGene00166784.,0,0,0
WBGene00166785.,0,1,1
WBGene00166786.,0,1,1
WBGene00166787.,0,0,0
WBGene00166788.,0,0,0
WBGene00166789.,0,0,0
WBGene00166790.,0,0,0
WBGene00166791.,0,0,0
WBGene00166792.,0,0,0
WBGene00166793.,0,0,0
WBGene00166794.,0,0,0
WBGene00166795.,0,0,0
WBGene00166796.,0,0,0
WBGene00166797.,0,0,0
WBGene00166798.,0,0,0
WBGene00166799.,0,0,0
WBGene00166800.,0,0,0
WBGene00166801.,0,0,0
WBGene00166802.,0,0,0
WBGene00166803.,0,0,0
WBGene00166804.,0,0,0
WBGene00166805.,0,0,0
WBGene00166806.,0,0,0
WBGene00166807.,0,0,0
WBGene00166808.,0,0,0
WBGene00166809.,0,0,0
WBGene00166810.,0,0,0
WBGene00166811.,0,9,9
WBGene00166812.,0,0,0
WBGene00166813.,0,0,0
WBGene00166814.,0,0,0
WBGene00166815.,0,0,0
WBGene00166816.,0,0,0
WBGene00166817.,0,0,0
WBGene00166819.,0,0,0
WBGene00166820.,0,0,0
WBGene00166821.,0,0,0
WBGene00166822.,0,0,0
WBGene00166823.,0,1,1
WBGene00166824.,0,0,0
WBGene00166825.,0,0,0
WBGene00166826.,0,0,0
WBGene00166827.,0,0,0
WBGene00166828.,0,0,0
WBGene00166829.,0,0,0
WBGene00166830.,0,0,0
WBGene00166831.,0,2,2
WBGene00166832.,0,0,0
WBGene00166833.,0,0,0
WBGene00166834.,0,0,0
WBGene00166835.,0,0,0
WBGene00166836.,0,0,0
WBGene00166837.,0,0,0
WBGene00166838.,0,0,0
WBGene00166839.,0,0,0
WBGene00166840.,0,0,0
WBGene00166841.,0,0,0
WBGene00166842.,0,0,0
WBGene00166843.,0,0,0
WBGene00166844.,0,0,0
WBGene00166845.,0,0,0
WBGene00166846.,0,0,0
WBGene00166847.,0,0,0
WBGene00166848.,0,0,0
WBGene00166849.,0,0,0
WBGene00166850.,0,0,0
WBGene00166851.,0,0,0
WBGene00166852.,0,0,0
WBGene00166853.,0,0,0
WBGene00166854.,0,0,0
WBGene00166855.,0,0,0
WBGene00166856.,0,0,0
WBGene00166857.,0,0,0
WBGene00166858.,0,0,0
WBGene00166859.,0,0,0
WBGene00166860.,0,0,0
WBGene00166861.,0,0,0
WBGene00166862.,0,0,0
WBGene00166863.,0,0,0
WBGene00166864.,0,0,0
WBGene00166865.,0,0,0
WBGene00166866.,0,0,0
WBGene00166867.,0,0,0
WBGene00166868.,0,0,0
WBGene00166869.,0,0,0
WBGene00166870.,0,0,0
WBGene00166871.,0,0,0
WBGene00166872.,0,1,1
WBGene00166873.,0,0,0
WBGene00166874.,0,0,0
WBGene00166875.,0,0,0
WBGene00166876.,0,0,0
WBGene00166877.,0,0,0
WBGene00166878.,0,0,0
WBGene00166879.,0,0,0
WBGene00166880.,0,0,0
WBGene00166881.,0,0,0
WBGene00166882.,0,0,0
WBGene00166883.,0,0,0
WBGene00166884.,0,0,0
WBGene00166885.,0,2,2
WBGene00166886.,0,0,0
WBGene00166887.,0,0,0
WBGene00166888.,0,0,0
WBGene00166889.,0,0,0
WBGene00166890.,0,0,0
WBGene00166891.,0,0,0
WBGene00166892.,0,0,0
WBGene00166893.,0,0,0
WBGene00166894.,0,2,2
WBGene00166895.,0,0,0
WBGene00166896.,0,3,3
WBGene00166897.,0,0,0
WBGene00166898.,0,0,0
WBGene00166899.,0,0,0
WBGene00166900.,0,0,0
WBGene00166901.,0,0,0
WBGene00166902.,0,0,0
WBGene00166903.,0,0,0
WBGene00166904.,0,0,0
WBGene00166905.,0,0,0
WBGene00166906.,0,0,0
WBGene00166907.,0,0,0
WBGene00166908.,0,0,0
WBGene00166909.,0,0,0
WBGene00166910.,0,0,0
WBGene00166911.,0,0,0
WBGene00166912.,0,0,0
WBGene00166913.,0,0,0
WBGene00166914.,0,0,0
WBGene00166915.,0,0,0
WBGene00166916.,0,0,0
WBGene00166917.,0,0,0
WBGene00166918.,0,0,0
WBGene00166919.,0,0,0
WBGene00166920.,0,0,0
WBGene00166921.,0,1,1
WBGene00166922.,0,0,0
WBGene00166923.,0,0,0
WBGene00166924.,0,0,0
WBGene00166925.,0,0,0
WBGene00166926.,0,0,0
WBGene00166927.,0,0,0
WBGene00166928.,0,0,0
WBGene00166929.,0,1,1
WBGene00166930.,0,0,0
WBGene00166931.,0,0,0
WBGene00166932.,0,0,0
WBGene00166933.,0,0,0
WBGene00166934.,0,5,5
WBGene00166935.,0,0,0
WBGene00166936.,0,0,0
WBGene00166937.,0,0,0
WBGene00166938.,0,4,4
WBGene00166939.,0,0,0
WBGene00166940.,0,0,0
WBGene00166941.,0,0,0
WBGene00166942.,0,0,0
WBGene00166943.,0,0,0
WBGene00166944.,0,0,0
WBGene00166945.,0,0,0
WBGene00166946.,0,0,0
WBGene00166947.,0,0,0
WBGene00166948.,0,0,0
WBGene00166949.,0,0,0
WBGene00166950.,0,0,0
WBGene00166951.,0,0,0
WBGene00166952.,0,0,0
WBGene00166953.,0,0,0
WBGene00166954.,0,0,0
WBGene00166955.,0,0,0
WBGene00166956.,0,0,0
WBGene00166957.,0,0,0
WBGene00166958.,0,0,0
WBGene00166959.,0,0,0
WBGene00166960.,0,0,0
WBGene00166961.,0,0,0
WBGene00166962.,0,0,0
WBGene00166963.,0,0,0
WBGene00166964.,0,0,0
WBGene00166965.,0,0,0
WBGene00166966.,0,0,0
WBGene00166967.,0,0,0
WBGene00166968.,0,0,0
WBGene00166969.,0,0,0
WBGene00166970.,0,0,0
WBGene00166971.,0,0,0
WBGene00166972.,0,1,1
WBGene00166973.,0,0,0
WBGene00166974.,0,0,0
WBGene00166975.,0,3,3
WBGene00166976.,0,0,0
WBGene00166977.,0,0,0
WBGene00166978.,0,0,0
WBGene00166979.,0,0,0
WBGene00166980.,0,0,0
WBGene00166981.,0,0,0
WBGene00166982.,0,0,0
WBGene00166983.,0,0,0
WBGene00166984.,0,4,4
WBGene00166985.,0,0,0
WBGene00166986.,0,0,0
WBGene00166987.,0,0,0
WBGene00166988.,0,0,0
WBGene00166989.,0,0,0
WBGene00166990.,0,0,0
WBGene00166991.,0,0,0
WBGene00166992.,0,0,0
WBGene00166993.,0,0,0
WBGene00166994.,0,0,0
WBGene00166995.,0,0,0
WBGene00166996.,0,0,0
WBGene00166997.,0,0,0
WBGene00166998.,0,0,0
WBGene00166999.,0,0,0
WBGene00167000.,0,0,0
WBGene00167001.,0,0,0
WBGene00167002.,0,0,0
WBGene00167003.,0,0,0
WBGene00167004.,0,2,2
WBGene00167005.,0,0,0
WBGene00167006.,0,3,3
WBGene00167007.,0,0,0
WBGene00167008.,0,0,0
WBGene00167009.,0,0,0
WBGene00167010.,0,0,0
WBGene00167011.,0,0,0
WBGene00167012.,0,0,0
WBGene00167013.,0,0,0
WBGene00167014.,0,0,0
WBGene00167015.,0,0,0
WBGene00167016.,0,0,0
WBGene00167017.,0,0,0
WBGene00167018.,0,0,0
WBGene00167019.,0,0,0
WBGene00167020.,0,0,0
WBGene00167021.,0,0,0
WBGene00167022.,0,0,0
WBGene00167023.,0,0,0
WBGene00167024.,0,0,0
WBGene00167025.,0,0,0
WBGene00167026.,0,0,0
WBGene00167027.,0,0,0
WBGene00167028.,0,1,1
WBGene00167029.,0,0,0
WBGene00167030.,0,0,0
WBGene00167031.,0,0,0
WBGene00167032.,0,0,0
WBGene00167033.,0,0,0
WBGene00167034.,0,0,0
WBGene00167035.,0,0,0
WBGene00167036.,0,0,0
WBGene00167037.,0,0,0
WBGene00167038.,0,0,0
WBGene00167039.,0,0,0
WBGene00167040.,0,0,0
WBGene00167041.,0,0,0
WBGene00167042.,0,0,0
WBGene00167043.,0,0,0
WBGene00167044.,0,0,0
WBGene00167045.,0,0,0
WBGene00167046.,0,0,0
WBGene00167047.,0,0,0
WBGene00167048.,0,0,0
WBGene00167049.,0,0,0
WBGene00167050.,0,0,0
WBGene00167051.,0,0,0
WBGene00167052.,0,0,0
WBGene00167053.,0,0,0
WBGene00167054.,0,0,0
WBGene00167055.,0,0,0
WBGene00167056.,0,0,0
WBGene00167057.,0,0,0
WBGene00167058.,0,0,0
WBGene00167059.,0,0,0
WBGene00167060.,0,0,0
WBGene00167061.,0,0,0
WBGene00167062.,0,0,0
WBGene00167063.,0,0,0
WBGene00167064.,0,0,0
WBGene00167065.,0,0,0
WBGene00167066.,0,0,0
WBGene00167067.,0,0,0
WBGene00167068.,0,0,0
WBGene00167069.,0,0,0
WBGene00167070.,0,0,0
WBGene00167071.,0,0,0
WBGene00167072.,0,0,0
WBGene00167073.,0,0,0
WBGene00167074.,0,0,0
WBGene00167075.,0,0,0
WBGene00167076.,0,0,0
WBGene00167077.,0,2,2
WBGene00167078.,0,0,0
WBGene00167079.,0,0,0
WBGene00167080.,0,0,0
WBGene00167081.,0,0,0
WBGene00167082.,0,0,0
WBGene00167083.,0,0,0
WBGene00167084.,0,0,0
WBGene00167085.,0,0,0
WBGene00167086.,0,0,0
WBGene00167087.,0,0,0
WBGene00167088.,0,0,0
WBGene00167089.,0,0,0
WBGene00167090.,0,0,0
WBGene00167091.,0,1,1
WBGene00167092.,0,0,0
WBGene00167093.,0,0,0
WBGene00167094.,0,0,0
WBGene00167095.,0,0,0
WBGene00167096.,0,0,0
WBGene00167097.,0,0,0
WBGene00167098.,0,0,0
WBGene00167099.,0,0,0
WBGene00167100.,0,0,0
WBGene00167101.,0,0,0
WBGene00167102.,0,0,0
WBGene00167103.,0,0,0
WBGene00167104.,0,0,0
WBGene00167105.,0,0,0
WBGene00167106.,0,0,0
WBGene00167107.,0,0,0
WBGene00167108.,0,0,0
WBGene00167109.,0,0,0
WBGene00167110.,0,0,0
WBGene00167111.,0,0,0
WBGene00167112.,0,0,0
WBGene00167113.,0,0,0
WBGene00167114.,0,0,0
WBGene00167115.,0,0,0
WBGene00167116.,0,0,0
WBGene00167117.,0,0,0
WBGene00167118.,0,0,0
WBGene00167119.,0,0,0
WBGene00167120.,0,0,0
WBGene00167121.,0,0,0
WBGene00167122.,0,0,0
WBGene00167123.,0,0,0
WBGene00167124.,0,0,0
WBGene00167125.,0,0,0
WBGene00167126.,0,0,0
WBGene00167127.,0,0,0
WBGene00167128.,0,0,0
WBGene00167129.,0,0,0
WBGene00167130.,0,0,0
WBGene00167131.,0,0,0
WBGene00167132.,0,0,0
WBGene00167133.,0,0,0
WBGene00167134.,0,0,0
WBGene00167135.,0,0,0
WBGene00167136.,0,0,0
WBGene00167137.,0,0,0
WBGene00167138.,0,0,0
WBGene00167139.,0,0,0
WBGene00167140.,0,0,0
WBGene00167141.,0,0,0
WBGene00167142.,0,0,0
WBGene00167143.,0,0,0
WBGene00167144.,0,0,0
WBGene00167145.,0,0,0
WBGene00167146.,0,0,0
WBGene00167147.,0,0,0
WBGene00167148.,0,0,0
WBGene00167149.,0,0,0
WBGene00167150.,0,0,0
WBGene00167151.,0,0,0
WBGene00167152.,0,0,0
WBGene00167153.,0,0,0
WBGene00167154.,0,0,0
WBGene00167155.,0,0,0
WBGene00167156.,0,1,1
WBGene00167157.,0,0,0
WBGene00167158.,0,0,0
WBGene00167159.,0,0,0
WBGene00167160.,0,0,0
WBGene00167161.,0,0,0
WBGene00167162.,0,0,0
WBGene00167163.,0,0,0
WBGene00167164.,0,0,0
WBGene00167165.,0,0,0
WBGene00167166.,0,0,0
WBGene00167167.,0,0,0
WBGene00167168.,0,0,0
WBGene00167169.,0,0,0
WBGene00167170.,0,0,0
WBGene00167171.,0,1,1
WBGene00167172.,0,0,0
WBGene00167173.,0,0,0
WBGene00167174.,0,0,0
WBGene00167175.,0,0,0
WBGene00167176.,0,1,1
WBGene00167177.,0,0,0
WBGene00167178.,0,0,0
WBGene00167179.,0,0,0
WBGene00167180.,0,0,0
WBGene00167181.,0,0,0
WBGene00167182.,0,0,0
WBGene00167183.,0,0,0
WBGene00167184.,0,0,0
WBGene00167185.,0,0,0
WBGene00167186.,0,0,0
WBGene00167187.,0,0,0
WBGene00167188.,0,0,0
WBGene00167189.,0,0,0
WBGene00167190.,0,0,0
WBGene00167191.,0,0,0
WBGene00167192.,0,0,0
WBGene00167193.,0,0,0
WBGene00167194.,0,0,0
WBGene00167195.,0,0,0
WBGene00167196.,0,0,0
WBGene00167197.,0,0,0
WBGene00167198.,0,1,1
WBGene00167199.,0,0,0
WBGene00167200.,0,0,0
WBGene00167201.,0,0,0
WBGene00167202.,0,0,0
WBGene00167203.,0,0,0
WBGene00167204.,0,0,0
WBGene00167205.,0,0,0
WBGene00167206.,0,0,0
WBGene00167207.,0,2,2
WBGene00167208.,0,0,0
WBGene00167209.,0,0,0
WBGene00167210.,0,0,0
WBGene00167211.,0,0,0
WBGene00167212.,0,0,0
WBGene00167213.,0,0,0
WBGene00167214.,0,0,0
WBGene00167215.,0,0,0
WBGene00167216.,0,0,0
WBGene00167217.,0,0,0
WBGene00167218.,0,0,0
WBGene00167219.,0,0,0
WBGene00167220.,0,0,0
WBGene00167221.,0,0,0
WBGene00167222.,0,0,0
WBGene00167223.,0,0,0
WBGene00167224.,0,0,0
WBGene00167225.,0,3,3
WBGene00167226.,0,0,0
WBGene00167227.,0,0,0
WBGene00167228.,0,0,0
WBGene00167229.,0,0,0
WBGene00167230.,0,0,0
WBGene00167231.,0,0,0
WBGene00167232.,0,0,0
WBGene00167233.,0,0,0
WBGene00167234.,0,0,0
WBGene00167235.,0,0,0
WBGene00167236.,0,0,0
WBGene00167237.,0,2,2
WBGene00167238.,0,0,0
WBGene00167239.,0,0,0
WBGene00167240.,0,0,0
WBGene00167241.,0,0,0
WBGene00167242.,0,0,0
WBGene00167243.,0,0,0
WBGene00167244.,0,0,0
WBGene00167245.,0,0,0
WBGene00167246.,0,0,0
WBGene00167247.,0,0,0
WBGene00167248.,0,0,0
WBGene00167249.,0,0,0
WBGene00167250.,0,0,0
WBGene00167251.,0,0,0
WBGene00167252.,0,0,0
WBGene00167253.,0,0,0
WBGene00167254.,0,0,0
WBGene00167255.,0,0,0
WBGene00167256.,0,0,0
WBGene00167257.,0,0,0
WBGene00167258.,0,0,0
WBGene00167259.,0,0,0
WBGene00167260.,0,0,0
WBGene00167261.,0,0,0
WBGene00167262.,0,0,0
WBGene00167263.,0,0,0
WBGene00167264.,0,1,1
WBGene00167265.,0,0,0
WBGene00167266.,0,0,0
WBGene00167267.,0,0,0
WBGene00167268.,0,0,0
WBGene00167269.,0,2,2
WBGene00167270.,0,0,0
WBGene00167271.,0,0,0
WBGene00167272.,0,0,0
WBGene00167273.,0,0,0
WBGene00167274.,0,0,0
WBGene00167275.,0,0,0
WBGene00167276.,0,0,0
WBGene00167277.,0,0,0
WBGene00167278.,0,0,0
WBGene00167279.,0,1,1
WBGene00167280.,0,0,0
WBGene00167281.,0,0,0
WBGene00167282.,0,0,0
WBGene00167283.,0,0,0
WBGene00167284.,0,0,0
WBGene00167285.,0,0,0
WBGene00167286.,0,0,0
WBGene00167287.,0,0,0
WBGene00167288.,0,0,0
WBGene00167289.,0,0,0
WBGene00167290.,0,0,0
WBGene00167291.,0,0,0
WBGene00167292.,0,4,4
WBGene00167293.,0,0,0
WBGene00167294.,0,0,0
WBGene00167295.,0,0,0
WBGene00167296.,0,0,0
WBGene00167297.,0,0,0
WBGene00167298.,0,0,0
WBGene00167299.,0,0,0
WBGene00167300.,0,0,0
WBGene00167301.,0,1,1
WBGene00167302.,0,0,0
WBGene00167303.,0,0,0
WBGene00167304.,0,0,0
WBGene00167305.,0,0,0
WBGene00167306.,0,0,0
WBGene00167307.,0,0,0
WBGene00167308.,0,0,0
WBGene00167309.,0,0,0
WBGene00167310.,0,0,0
WBGene00167311.,0,0,0
WBGene00167312.,0,0,0
WBGene00167313.,0,0,0
WBGene00167314.,0,0,0
WBGene00167315.,0,0,0
WBGene00167316.,0,0,0
WBGene00167317.,0,0,0
WBGene00167318.,0,0,0
WBGene00167319.,0,0,0
WBGene00167320.,0,0,0
WBGene00167321.,0,0,0
WBGene00167322.,0,0,0
WBGene00167323.,0,0,0
WBGene00167324.,0,0,0
WBGene00167325.,0,0,0
WBGene00167326.,0,0,0
WBGene00167327.,0,0,0
WBGene00167328.,0,0,0
WBGene00167329.,0,0,0
WBGene00167330.,0,0,0
WBGene00167331.,0,0,0
WBGene00167332.,0,1,1
WBGene00167333.,0,0,0
WBGene00167334.,0,0,0
WBGene00167335.,0,0,0
WBGene00167336.,0,0,0
WBGene00167337.,0,0,0
WBGene00167338.,0,0,0
WBGene00167339.,0,0,0
WBGene00167340.,0,0,0
WBGene00167341.,0,0,0
WBGene00167342.,0,0,0
WBGene00167343.,0,0,0
WBGene00167344.,0,0,0
WBGene00167345.,0,0,0
WBGene00167346.,0,0,0
WBGene00167347.,0,0,0
WBGene00167348.,0,0,0
WBGene00167349.,0,0,0
WBGene00167350.,0,0,0
WBGene00167351.,0,0,0
WBGene00167352.,0,0,0
WBGene00167353.,0,3,3
WBGene00167354.,0,0,0
WBGene00167355.,0,0,0
WBGene00167356.,0,0,0
WBGene00167357.,0,0,0
WBGene00167358.,0,0,0
WBGene00167359.,0,0,0
WBGene00167360.,0,0,0
WBGene00167361.,0,0,0
WBGene00167362.,0,0,0
WBGene00167363.,0,0,0
WBGene00167364.,0,0,0
WBGene00167365.,0,0,0
WBGene00167366.,0,0,0
WBGene00167367.,0,0,0
WBGene00167368.,0,0,0
WBGene00167369.,0,0,0
WBGene00167370.,0,0,0
WBGene00167371.,0,0,0
WBGene00167372.,0,0,0
WBGene00167373.,0,0,0
WBGene00167374.,0,0,0
WBGene00167375.,0,0,0
WBGene00167376.,0,0,0
WBGene00167377.,0,22,22
WBGene00167378.,0,0,0
WBGene00167379.,0,0,0
WBGene00167380.,0,0,0
WBGene00167381.,0,0,0
WBGene00167382.,0,1,1
WBGene00167383.,0,0,0
WBGene00167384.,0,0,0
WBGene00167385.,0,0,0
WBGene00167386.,0,0,0
WBGene00167387.,0,0,0
WBGene00167388.,0,0,0
WBGene00167389.,0,0,0
WBGene00167390.,0,0,0
WBGene00167391.,0,0,0
WBGene00167392.,0,0,0
WBGene00167393.,0,0,0
WBGene00167394.,0,2,2
WBGene00167395.,0,0,0
WBGene00167396.,0,0,0
WBGene00167397.,0,0,0
WBGene00167398.,0,0,0
WBGene00167399.,0,0,0
WBGene00167400.,0,0,0
WBGene00167401.,0,0,0
WBGene00167402.,0,0,0
WBGene00167403.,0,0,0
WBGene00167404.,0,0,0
WBGene00167405.,0,0,0
WBGene00167406.,0,0,0
WBGene00167407.,0,0,0
WBGene00167408.,0,0,0
WBGene00167409.,0,0,0
WBGene00167410.,0,0,0
WBGene00167411.,0,0,0
WBGene00167412.,0,0,0
WBGene00167413.,0,0,0
WBGene00167414.,0,0,0
WBGene00167415.,0,0,0
WBGene00167416.,0,0,0
WBGene00167417.,0,0,0
WBGene00167418.,0,0,0
WBGene00167419.,0,0,0
WBGene00167420.,0,0,0
WBGene00167421.,0,0,0
WBGene00167422.,0,0,0
WBGene00167423.,0,0,0
WBGene00167424.,0,0,0
WBGene00167425.,0,0,0
WBGene00167426.,0,0,0
WBGene00167427.,0,0,0
WBGene00167428.,0,0,0
WBGene00167429.,0,0,0
WBGene00167430.,0,0,0
WBGene00167431.,0,0,0
WBGene00167432.,0,0,0
WBGene00167433.,0,0,0
WBGene00167434.,0,0,0
WBGene00167435.,0,0,0
WBGene00167436.,0,0,0
WBGene00167437.,0,0,0
WBGene00167438.,0,0,0
WBGene00167439.,0,0,0
WBGene00167440.,0,0,0
WBGene00167441.,0,0,0
WBGene00167442.,0,0,0
WBGene00167443.,0,0,0
WBGene00167444.,0,0,0
WBGene00167445.,0,0,0
WBGene00167446.,0,0,0
WBGene00167447.,0,0,0
WBGene00167448.,0,1,1
WBGene00167449.,0,0,0
WBGene00167450.,0,0,0
WBGene00167451.,0,0,0
WBGene00167452.,0,0,0
WBGene00167453.,0,0,0
WBGene00167454.,0,0,0
WBGene00167455.,0,0,0
WBGene00167456.,0,1,1
WBGene00167457.,0,1,1
WBGene00167458.,0,0,0
WBGene00167459.,0,0,0
WBGene00167460.,0,0,0
WBGene00167461.,0,0,0
WBGene00167462.,0,0,0
WBGene00167463.,0,3,3
WBGene00167464.,0,0,0
WBGene00167465.,0,0,0
WBGene00167466.,0,0,0
WBGene00167467.,0,0,0
WBGene00167468.,0,0,0
WBGene00167469.,0,0,0
WBGene00167470.,0,0,0
WBGene00167471.,0,0,0
WBGene00167472.,0,0,0
WBGene00167473.,0,2,2
WBGene00167474.,0,0,0
WBGene00167475.,0,0,0
WBGene00167476.,0,0,0
WBGene00167477.,0,0,0
WBGene00167478.,0,0,0
WBGene00167479.,0,0,0
WBGene00167480.,0,0,0
WBGene00167481.,0,0,0
WBGene00167482.,0,0,0
WBGene00167483.,0,0,0
WBGene00167484.,0,0,0
WBGene00167485.,0,0,0
WBGene00167487.,0,0,0
WBGene00167488.,0,0,0
WBGene00167489.,0,0,0
WBGene00167490.,0,0,0
WBGene00167491.,0,0,0
WBGene00167492.,0,0,0
WBGene00167493.,0,0,0
WBGene00167494.,0,0,0
WBGene00167495.,0,0,0
WBGene00167496.,0,0,0
WBGene00167497.,0,0,0
WBGene00167498.,0,0,0
WBGene00167499.,0,0,0
WBGene00167500.,0,0,0
WBGene00167501.,0,0,0
WBGene00167502.,0,0,0
WBGene00167503.,0,0,0
WBGene00167504.,0,0,0
WBGene00167505.,0,0,0
WBGene00167506.,0,0,0
WBGene00167507.,0,0,0
WBGene00167508.,0,0,0
WBGene00167509.,0,0,0
WBGene00167510.,0,0,0
WBGene00167511.,0,1,1
WBGene00167512.,0,0,0
WBGene00167513.,0,0,0
WBGene00167514.,0,0,0
WBGene00167515.,0,0,0
WBGene00167516.,0,0,0
WBGene00167517.,0,0,0
WBGene00167518.,0,0,0
WBGene00167519.,0,0,0
WBGene00167520.,0,0,0
WBGene00167521.,0,0,0
WBGene00167522.,0,0,0
WBGene00167523.,0,0,0
WBGene00167524.,0,0,0
WBGene00167525.,0,0,0
WBGene00167526.,0,0,0
WBGene00167527.,0,0,0
WBGene00167528.,0,0,0
WBGene00167529.,0,0,0
WBGene00167530.,0,0,0
WBGene00167531.,0,0,0
WBGene00167532.,0,0,0
WBGene00167533.,0,0,0
WBGene00167534.,0,0,0
WBGene00167535.,0,0,0
WBGene00167536.,0,0,0
WBGene00167537.,0,5,5
WBGene00167538.,0,0,0
WBGene00167539.,0,0,0
WBGene00167540.,0,0,0
WBGene00167541.,0,0,0
WBGene00167542.,0,0,0
WBGene00167543.,0,0,0
WBGene00167544.,0,1,1
WBGene00167545.,0,0,0
WBGene00167546.,0,0,0
WBGene00167547.,0,0,0
WBGene00167548.,0,0,0
WBGene00167549.,0,0,0
WBGene00167550.,0,0,0
WBGene00167551.,0,0,0
WBGene00167552.,0,0,0
WBGene00167553.,0,0,0
WBGene00167554.,0,0,0
WBGene00167555.,0,0,0
WBGene00167556.,0,0,0
WBGene00167557.,0,0,0
WBGene00167558.,0,0,0
WBGene00167559.,0,0,0
WBGene00167560.,0,0,0
WBGene00167561.,0,0,0
WBGene00167562.,0,0,0
WBGene00167563.,0,0,0
WBGene00167564.,0,0,0
WBGene00167565.,0,0,0
WBGene00167566.,0,0,0
WBGene00167567.,0,0,0
WBGene00167568.,0,0,0
WBGene00167569.,0,0,0
WBGene00167570.,0,0,0
WBGene00167571.,0,0,0
WBGene00167572.,0,0,0
WBGene00167573.,0,0,0
WBGene00167574.,0,0,0
WBGene00167575.,0,0,0
WBGene00167576.,0,0,0
WBGene00167577.,0,0,0
WBGene00167578.,0,0,0
WBGene00167579.,0,0,0
WBGene00167580.,0,0,0
WBGene00167581.,0,0,0
WBGene00167582.,0,0,0
WBGene00167583.,0,0,0
WBGene00167584.,0,0,0
WBGene00167585.,0,0,0
WBGene00167586.,0,0,0
WBGene00167587.,0,0,0
WBGene00167588.,0,0,0
WBGene00167589.,0,0,0
WBGene00167590.,0,0,0
WBGene00167591.,0,0,0
WBGene00167592.,0,0,0
WBGene00167593.,0,0,0
WBGene00167594.,0,0,0
WBGene00167595.,0,0,0
WBGene00167596.,0,0,0
WBGene00167597.,0,0,0
WBGene00167598.,0,0,0
WBGene00167599.,0,0,0
WBGene00167600.,0,0,0
WBGene00167601.,0,12,12
WBGene00167602.,0,0,0
WBGene00167603.,0,0,0
WBGene00167604.,0,0,0
WBGene00167605.,0,0,0
WBGene00167606.,0,0,0
WBGene00167607.,0,0,0
WBGene00167608.,0,0,0
WBGene00167609.,0,0,0
WBGene00167610.,0,1,1
WBGene00167611.,0,0,0
WBGene00167612.,0,0,0
WBGene00167613.,0,0,0
WBGene00167614.,0,0,0
WBGene00167615.,0,3,3
WBGene00167616.,0,0,0
WBGene00167617.,0,0,0
WBGene00167618.,0,0,0
WBGene00167619.,0,0,0
WBGene00167620.,0,0,0
WBGene00167621.,0,0,0
WBGene00167622.,0,0,0
WBGene00167623.,0,0,0
WBGene00167624.,0,0,0
WBGene00167625.,0,2,2
WBGene00167626.,0,0,0
WBGene00167627.,0,0,0
WBGene00167628.,0,0,0
WBGene00167629.,0,0,0
WBGene00167630.,0,0,0
WBGene00167631.,0,0,0
WBGene00167632.,0,1,1
WBGene00167633.,0,0,0
WBGene00167634.,0,0,0
WBGene00167635.,0,0,0
WBGene00167636.,0,0,0
WBGene00167637.,0,0,0
WBGene00167638.,0,0,0
WBGene00167639.,0,0,0
WBGene00167640.,0,0,0
WBGene00167641.,0,0,0
WBGene00167642.,0,0,0
WBGene00167643.,0,0,0
WBGene00167644.,0,0,0
WBGene00167645.,0,0,0
WBGene00167646.,0,0,0
WBGene00167647.,0,0,0
WBGene00167648.,0,0,0
WBGene00167649.,0,0,0
WBGene00167650.,0,0,0
WBGene00167651.,0,0,0
WBGene00167652.,0,0,0
WBGene00167653.,0,0,0
WBGene00167654.,0,0,0
WBGene00167655.,0,0,0
WBGene00167656.,0,0,0
WBGene00167657.,0,0,0
WBGene00167658.,0,0,0
WBGene00167659.,0,0,0
WBGene00167660.,0,0,0
WBGene00167661.,0,0,0
WBGene00167662.,0,0,0
WBGene00167663.,0,0,0
WBGene00167664.,0,0,0
WBGene00167665.,0,1,1
WBGene00167666.,0,0,0
WBGene00167667.,0,0,0
WBGene00167668.,0,0,0
WBGene00167669.,0,0,0
WBGene00167670.,0,0,0
WBGene00167671.,0,0,0
WBGene00167672.,0,0,0
WBGene00167673.,0,0,0
WBGene00167674.,0,0,0
WBGene00167675.,0,0,0
WBGene00167676.,0,0,0
WBGene00167677.,0,1,1
WBGene00167678.,0,0,0
WBGene00167679.,0,0,0
WBGene00167680.,0,0,0
WBGene00167681.,0,0,0
WBGene00167682.,0,1,1
WBGene00167683.,0,0,0
WBGene00167684.,0,0,0
WBGene00167685.,0,0,0
WBGene00167686.,0,0,0
WBGene00167687.,0,0,0
WBGene00167688.,0,0,0
WBGene00167689.,0,0,0
WBGene00167690.,0,0,0
WBGene00167691.,0,0,0
WBGene00167692.,0,0,0
WBGene00167693.,0,0,0
WBGene00167694.,0,0,0
WBGene00167695.,0,0,0
WBGene00167696.,0,0,0
WBGene00167697.,0,0,0
WBGene00167698.,0,0,0
WBGene00167699.,0,0,0
WBGene00167700.,0,0,0
WBGene00167701.,0,0,0
WBGene00167702.,0,0,0
WBGene00167703.,0,0,0
WBGene00167704.,0,0,0
WBGene00167705.,0,0,0
WBGene00167706.,0,0,0
WBGene00167707.,0,0,0
WBGene00167708.,0,0,0
WBGene00167709.,0,0,0
WBGene00167710.,0,0,0
WBGene00167711.,0,0,0
WBGene00167712.,0,0,0
WBGene00167713.,0,0,0
WBGene00167714.,0,0,0
WBGene00167715.,0,0,0
WBGene00167716.,0,0,0
WBGene00167717.,0,0,0
WBGene00167718.,0,0,0
WBGene00167719.,0,0,0
WBGene00167720.,0,0,0
WBGene00167721.,0,0,0
WBGene00167722.,0,1,1
WBGene00167723.,0,0,0
WBGene00167724.,0,1,1
WBGene00167725.,0,0,0
WBGene00167726.,0,0,0
WBGene00167727.,0,0,0
WBGene00167728.,0,0,0
WBGene00167729.,0,0,0
WBGene00167730.,0,0,0
WBGene00167731.,0,0,0
WBGene00167732.,0,0,0
WBGene00167733.,0,0,0
WBGene00167734.,0,0,0
WBGene00167735.,0,0,0
WBGene00167736.,0,0,0
WBGene00167737.,0,0,0
WBGene00167738.,0,0,0
WBGene00167739.,0,0,0
WBGene00167740.,0,0,0
WBGene00167741.,0,0,0
WBGene00167742.,0,0,0
WBGene00167743.,0,0,0
WBGene00167744.,0,0,0
WBGene00167745.,0,0,0
WBGene00167746.,0,1,1
WBGene00167747.,0,0,0
WBGene00167748.,0,0,0
WBGene00167749.,0,0,0
WBGene00167750.,0,0,0
WBGene00167751.,0,0,0
WBGene00167752.,0,0,0
WBGene00167753.,0,0,0
WBGene00167754.,0,0,0
WBGene00167755.,0,0,0
WBGene00167756.,0,0,0
WBGene00167757.,0,0,0
WBGene00167758.,0,0,0
WBGene00167759.,0,3,3
WBGene00167760.,0,0,0
WBGene00167761.,0,0,0
WBGene00167762.,0,0,0
WBGene00167763.,0,0,0
WBGene00167764.,0,0,0
WBGene00167765.,0,0,0
WBGene00167766.,0,0,0
WBGene00167767.,0,0,0
WBGene00167768.,0,1,1
WBGene00167769.,0,0,0
WBGene00167770.,0,0,0
WBGene00167771.,0,0,0
WBGene00167772.,0,0,0
WBGene00167773.,0,0,0
WBGene00167774.,0,0,0
WBGene00167775.,0,0,0
WBGene00167776.,0,0,0
WBGene00167777.,0,0,0
WBGene00167778.,0,0,0
WBGene00167779.,0,0,0
WBGene00167780.,0,2,2
WBGene00167781.,0,0,0
WBGene00167782.,0,0,0
WBGene00167783.,0,0,0
WBGene00167784.,0,0,0
WBGene00167785.,0,0,0
WBGene00167786.,0,0,0
WBGene00167787.,0,0,0
WBGene00167788.,0,0,0
WBGene00167789.,0,0,0
WBGene00167790.,0,0,0
WBGene00167791.,0,0,0
WBGene00167792.,0,0,0
WBGene00167793.,0,2,2
WBGene00167794.,0,0,0
WBGene00167795.,0,0,0
WBGene00167796.,0,0,0
WBGene00167797.,0,0,0
WBGene00167799.,0,0,0
WBGene00167800.,0,0,0
WBGene00167801.,0,0,0
WBGene00167802.,0,1,1
WBGene00167803.,0,0,0
WBGene00167804.,0,0,0
WBGene00167805.,0,0,0
WBGene00167806.,0,0,0
WBGene00167807.,0,0,0
WBGene00167808.,0,0,0
WBGene00167809.,0,0,0
WBGene00167810.,0,0,0
WBGene00167811.,0,0,0
WBGene00167812.,0,0,0
WBGene00167813.,0,0,0
WBGene00167814.,0,0,0
WBGene00167815.,0,0,0
WBGene00167816.,0,0,0
WBGene00167817.,0,0,0
WBGene00167818.,0,0,0
WBGene00167819.,0,0,0
WBGene00167820.,0,0,0
WBGene00167821.,0,0,0
WBGene00167822.,0,0,0
WBGene00167823.,0,0,0
WBGene00167824.,0,0,0
WBGene00167825.,0,0,0
WBGene00167826.,0,0,0
WBGene00167827.,0,0,0
WBGene00167828.,0,0,0
WBGene00167829.,0,0,0
WBGene00167830.,0,0,0
WBGene00167831.,0,0,0
WBGene00167832.,0,0,0
WBGene00167833.,0,0,0
WBGene00167834.,0,0,0
WBGene00167835.,0,0,0
WBGene00167836.,0,0,0
WBGene00167837.,0,0,0
WBGene00167838.,0,0,0
WBGene00167839.,0,0,0
WBGene00167840.,0,1,1
WBGene00167841.,0,0,0
WBGene00167842.,0,0,0
WBGene00167843.,0,0,0
WBGene00167845.,0,0,0
WBGene00167846.,0,0,0
WBGene00167847.,0,0,0
WBGene00167848.,0,0,0
WBGene00167849.,0,0,0
WBGene00167850.,0,0,0
WBGene00167851.,0,0,0
WBGene00167852.,0,0,0
WBGene00167853.,0,1,1
WBGene00167854.,0,4,4
WBGene00167855.,0,0,0
WBGene00167856.,0,0,0
WBGene00167857.,0,0,0
WBGene00167858.,0,0,0
WBGene00167859.,0,0,0
WBGene00167860.,0,1,1
WBGene00167861.,0,0,0
WBGene00167862.,0,0,0
WBGene00167863.,0,0,0
WBGene00167864.,0,0,0
WBGene00167865.,0,0,0
WBGene00167866.,0,0,0
WBGene00167867.,0,0,0
WBGene00167868.,0,0,0
WBGene00167869.,0,0,0
WBGene00167870.,0,0,0
WBGene00167871.,0,0,0
WBGene00167872.,0,0,0
WBGene00167873.,0,1,1
WBGene00167874.,0,0,0
WBGene00167875.,0,0,0
WBGene00167876.,0,0,0
WBGene00167877.,0,2,2
WBGene00167878.,0,0,0
WBGene00167879.,0,0,0
WBGene00167880.,0,0,0
WBGene00167881.,0,0,0
WBGene00167882.,0,1,1
WBGene00167883.,0,0,0
WBGene00167884.,0,0,0
WBGene00167885.,0,0,0
WBGene00167886.,0,0,0
WBGene00167887.,0,0,0
WBGene00167888.,0,2,2
WBGene00167889.,0,0,0
WBGene00167890.,0,0,0
WBGene00167891.,0,0,0
WBGene00167892.,0,0,0
WBGene00167893.,0,0,0
WBGene00167894.,0,0,0
WBGene00167895.,0,0,0
WBGene00167896.,0,0,0
WBGene00167897.,0,0,0
WBGene00167898.,0,0,0
WBGene00167899.,0,0,0
WBGene00167900.,0,0,0
WBGene00167901.,0,0,0
WBGene00167902.,0,0,0
WBGene00167903.,0,0,0
WBGene00167904.,0,0,0
WBGene00167905.,0,0,0
WBGene00167906.,0,0,0
WBGene00167907.,0,0,0
WBGene00167908.,0,0,0
WBGene00167909.,0,0,0
WBGene00167910.,0,0,0
WBGene00167911.,0,0,0
WBGene00167912.,0,0,0
WBGene00167913.,0,0,0
WBGene00167914.,0,0,0
WBGene00167915.,0,0,0
WBGene00167916.,0,0,0
WBGene00167917.,0,0,0
WBGene00167918.,0,0,0
WBGene00167919.,0,0,0
WBGene00167920.,0,0,0
WBGene00167921.,0,0,0
WBGene00167922.,0,0,0
WBGene00167923.,0,0,0
WBGene00167924.,0,0,0
WBGene00167925.,0,0,0
WBGene00167926.,0,0,0
WBGene00167927.,0,0,0
WBGene00167928.,0,0,0
WBGene00167929.,0,0,0
WBGene00167930.,0,0,0
WBGene00167931.,0,0,0
WBGene00167932.,0,0,0
WBGene00167933.,0,0,0
WBGene00167934.,0,0,0
WBGene00167935.,0,0,0
WBGene00167936.,0,0,0
WBGene00167937.,0,0,0
WBGene00167938.,0,0,0
WBGene00167939.,0,0,0
WBGene00167940.,0,0,0
WBGene00167941.,0,0,0
WBGene00167942.,0,0,0
WBGene00167943.,0,0,0
WBGene00167944.,0,0,0
WBGene00167945.,0,0,0
WBGene00167946.,0,0,0
WBGene00167947.,0,0,0
WBGene00167948.,0,0,0
WBGene00167949.,0,0,0
WBGene00167950.,0,0,0
WBGene00167951.,0,0,0
WBGene00167952.,0,0,0
WBGene00167953.,0,0,0
WBGene00167954.,0,0,0
WBGene00167955.,0,0,0
WBGene00167956.,0,0,0
WBGene00167957.,0,0,0
WBGene00167958.,0,0,0
WBGene00167959.,0,0,0
WBGene00167960.,0,0,0
WBGene00167961.,0,0,0
WBGene00167962.,0,0,0
WBGene00167963.,0,0,0
WBGene00167964.,0,0,0
WBGene00167965.,0,0,0
WBGene00167966.,0,0,0
WBGene00167967.,0,0,0
WBGene00167968.,0,0,0
WBGene00167969.,0,0,0
WBGene00167970.,0,0,0
WBGene00167971.,0,0,0
WBGene00167972.,0,0,0
WBGene00167973.,0,0,0
WBGene00167974.,0,0,0
WBGene00167975.,0,0,0
WBGene00167976.,0,0,0
WBGene00167977.,0,0,0
WBGene00167978.,0,0,0
WBGene00167979.,0,0,0
WBGene00167980.,0,0,0
WBGene00167981.,0,0,0
WBGene00167982.,0,0,0
WBGene00167983.,0,0,0
WBGene00167984.,0,0,0
WBGene00167985.,0,0,0
WBGene00167986.,0,0,0
WBGene00167987.,0,0,0
WBGene00167988.,0,0,0
WBGene00167989.,0,0,0
WBGene00167990.,0,0,0
WBGene00167991.,0,0,0
WBGene00167992.,0,0,0
WBGene00167993.,0,0,0
WBGene00167994.,0,0,0
WBGene00167995.,0,0,0
WBGene00167996.,0,1,1
WBGene00167997.,0,0,0
WBGene00167998.,0,0,0
WBGene00167999.,0,0,0
WBGene00168000.,0,0,0
WBGene00168001.,0,0,0
WBGene00168002.,0,0,0
WBGene00168003.,0,0,0
WBGene00168004.,0,0,0
WBGene00168005.,0,1,1
WBGene00168006.,0,0,0
WBGene00168007.,0,0,0
WBGene00168008.,0,0,0
WBGene00168009.,0,0,0
WBGene00168010.,0,0,0
WBGene00168011.,0,0,0
WBGene00168012.,0,1,1
WBGene00168013.,0,0,0
WBGene00168014.,0,0,0
WBGene00168015.,0,4,4
WBGene00168016.,0,0,0
WBGene00168017.,0,0,0
WBGene00168018.,0,0,0
WBGene00168019.,0,0,0
WBGene00168020.,0,1,1
WBGene00168021.,0,0,0
WBGene00168022.,0,0,0
WBGene00168023.,0,1,1
WBGene00168024.,0,0,0
WBGene00168025.,0,0,0
WBGene00168026.,0,0,0
WBGene00168027.,0,0,0
WBGene00168028.,0,0,0
WBGene00168029.,0,0,0
WBGene00168030.,0,0,0
WBGene00168031.,0,0,0
WBGene00168032.,0,0,0
WBGene00168033.,0,0,0
WBGene00168034.,0,0,0
WBGene00168035.,0,0,0
WBGene00168036.,0,0,0
WBGene00168037.,0,0,0
WBGene00168038.,0,0,0
WBGene00168039.,0,0,0
WBGene00168040.,0,0,0
WBGene00168041.,0,0,0
WBGene00168042.,0,0,0
WBGene00168043.,0,0,0
WBGene00168044.,0,0,0
WBGene00168045.,0,0,0
WBGene00168046.,0,0,0
WBGene00168047.,0,0,0
WBGene00168048.,0,0,0
WBGene00168049.,0,0,0
WBGene00168050.,0,0,0
WBGene00168051.,0,0,0
WBGene00168052.,0,0,0
WBGene00168053.,0,0,0
WBGene00168054.,0,0,0
WBGene00168055.,0,0,0
WBGene00168056.,0,0,0
WBGene00168057.,0,0,0
WBGene00168058.,0,0,0
WBGene00168059.,0,0,0
WBGene00168060.,0,0,0
WBGene00168061.,0,0,0
WBGene00168062.,0,0,0
WBGene00168063.,0,0,0
WBGene00168064.,0,0,0
WBGene00168065.,0,0,0
WBGene00168066.,0,0,0
WBGene00168067.,0,1,1
WBGene00168068.,0,0,0
WBGene00168069.,0,0,0
WBGene00168070.,0,0,0
WBGene00168071.,0,1,1
WBGene00168072.,0,1,1
WBGene00168073.,0,0,0
WBGene00168074.,0,0,0
WBGene00168075.,0,0,0
WBGene00168076.,0,0,0
WBGene00168077.,0,0,0
WBGene00168078.,0,0,0
WBGene00168079.,0,0,0
WBGene00168080.,0,0,0
WBGene00168081.,0,0,0
WBGene00168082.,0,0,0
WBGene00168083.,0,4,4
WBGene00168084.,0,0,0
WBGene00168085.,0,0,0
WBGene00168086.,0,0,0
WBGene00168087.,0,0,0
WBGene00168088.,0,0,0
WBGene00168089.,0,0,0
WBGene00168090.,0,3,3
WBGene00168091.,0,0,0
WBGene00168092.,0,5,5
WBGene00168093.,0,0,0
WBGene00168094.,0,0,0
WBGene00168095.,0,0,0
WBGene00168096.,0,0,0
WBGene00168097.,0,0,0
WBGene00168098.,0,0,0
WBGene00168099.,0,0,0
WBGene00168100.,0,0,0
WBGene00168101.,0,0,0
WBGene00168102.,0,0,0
WBGene00168103.,0,0,0
WBGene00168104.,0,0,0
WBGene00168105.,0,0,0
WBGene00168106.,0,0,0
WBGene00168107.,0,0,0
WBGene00168108.,0,0,0
WBGene00168109.,0,0,0
WBGene00168110.,0,0,0
WBGene00168111.,0,0,0
WBGene00168112.,0,0,0
WBGene00168113.,0,0,0
WBGene00168114.,0,0,0
WBGene00168115.,0,0,0
WBGene00168116.,0,2,2
WBGene00168117.,0,0,0
WBGene00168118.,0,1,1
WBGene00168119.,0,0,0
WBGene00168120.,0,0,0
WBGene00168121.,0,0,0
WBGene00168122.,0,0,0
WBGene00168123.,0,0,0
WBGene00168124.,0,0,0
WBGene00168125.,0,0,0
WBGene00168126.,0,0,0
WBGene00168127.,0,0,0
WBGene00168128.,0,0,0
WBGene00168129.,0,0,0
WBGene00168130.,0,2,2
WBGene00168131.,0,0,0
WBGene00168132.,0,0,0
WBGene00168133.,0,0,0
WBGene00168134.,0,0,0
WBGene00168135.,0,0,0
WBGene00168136.,0,0,0
WBGene00168137.,0,0,0
WBGene00168138.,0,0,0
WBGene00168139.,0,0,0
WBGene00168140.,0,0,0
WBGene00168141.,0,0,0
WBGene00168142.,0,0,0
WBGene00168143.,0,0,0
WBGene00168144.,0,0,0
WBGene00168145.,0,0,0
WBGene00168146.,0,0,0
WBGene00168147.,0,1,1
WBGene00168148.,0,0,0
WBGene00168149.,0,0,0
WBGene00168150.,0,0,0
WBGene00168151.,0,0,0
WBGene00168152.,0,0,0
WBGene00168153.,0,0,0
WBGene00168154.,0,0,0
WBGene00168155.,0,0,0
WBGene00168156.,0,0,0
WBGene00168157.,0,0,0
WBGene00168158.,0,0,0
WBGene00168159.,0,0,0
WBGene00168160.,0,0,0
WBGene00168161.,0,0,0
WBGene00168162.,0,0,0
WBGene00168163.,0,1,1
WBGene00168164.,0,0,0
WBGene00168165.,0,3,3
WBGene00168166.,0,0,0
WBGene00168167.,0,0,0
WBGene00168168.,0,0,0
WBGene00168169.,0,0,0
WBGene00168170.,0,0,0
WBGene00168171.,0,0,0
WBGene00168172.,0,0,0
WBGene00168173.,0,0,0
WBGene00168174.,0,0,0
WBGene00168175.,0,3,3
WBGene00168176.,0,0,0
WBGene00168177.,0,0,0
WBGene00168178.,0,0,0
WBGene00168179.,0,0,0
WBGene00168180.,0,0,0
WBGene00168181.,0,0,0
WBGene00168182.,0,0,0
WBGene00168183.,0,0,0
WBGene00168184.,0,0,0
WBGene00168185.,0,0,0
WBGene00168186.,0,0,0
WBGene00168187.,0,0,0
WBGene00168188.,0,16,16
WBGene00168189.,0,0,0
WBGene00168190.,0,0,0
WBGene00168191.,0,0,0
WBGene00168192.,0,0,0
WBGene00168193.,0,0,0
WBGene00168194.,0,2,2
WBGene00168195.,0,0,0
WBGene00168196.,0,0,0
WBGene00168197.,0,0,0
WBGene00168198.,0,0,0
WBGene00168199.,0,0,0
WBGene00168200.,0,0,0
WBGene00168201.,0,0,0
WBGene00168202.,0,0,0
WBGene00168203.,0,0,0
WBGene00168204.,0,0,0
WBGene00168205.,0,0,0
WBGene00168206.,0,0,0
WBGene00168207.,0,0,0
WBGene00168208.,0,0,0
WBGene00168209.,0,0,0
WBGene00168210.,0,0,0
WBGene00168211.,0,0,0
WBGene00168212.,0,0,0
WBGene00168213.,0,0,0
WBGene00168214.,0,0,0
WBGene00168215.,0,0,0
WBGene00168216.,0,0,0
WBGene00168217.,0,0,0
WBGene00168218.,0,0,0
WBGene00168219.,0,0,0
WBGene00168220.,0,0,0
WBGene00168221.,0,0,0
WBGene00168222.,0,0,0
WBGene00168223.,0,0,0
WBGene00168224.,0,0,0
WBGene00168225.,0,0,0
WBGene00168226.,0,0,0
WBGene00168227.,0,1,1
WBGene00168228.,0,0,0
WBGene00168229.,0,0,0
WBGene00168230.,0,0,0
WBGene00168231.,0,0,0
WBGene00168232.,0,0,0
WBGene00168233.,0,0,0
WBGene00168234.,0,0,0
WBGene00168235.,0,0,0
WBGene00168236.,0,0,0
WBGene00168237.,0,0,0
WBGene00168238.,0,0,0
WBGene00168239.,0,0,0
WBGene00168240.,0,0,0
WBGene00168241.,0,0,0
WBGene00168242.,0,0,0
WBGene00168243.,0,0,0
WBGene00168244.,0,0,0
WBGene00168245.,0,0,0
WBGene00168246.,0,0,0
WBGene00168247.,0,0,0
WBGene00168248.,0,0,0
WBGene00168249.,0,0,0
WBGene00168250.,0,0,0
WBGene00168251.,0,0,0
WBGene00168252.,0,0,0
WBGene00168253.,0,0,0
WBGene00168254.,0,3,3
WBGene00168255.,0,0,0
WBGene00168256.,0,0,0
WBGene00168257.,0,0,0
WBGene00168258.,0,0,0
WBGene00168259.,0,1,1
WBGene00168260.,0,0,0
WBGene00168261.,0,0,0
WBGene00168262.,0,0,0
WBGene00168263.,0,0,0
WBGene00168264.,0,2,2
WBGene00168265.,0,0,0
WBGene00168266.,0,0,0
WBGene00168267.,0,0,0
WBGene00168268.,0,0,0
WBGene00168269.,0,0,0
WBGene00168270.,0,0,0
WBGene00168271.,0,0,0
WBGene00168272.,0,0,0
WBGene00168273.,0,0,0
WBGene00168274.,0,0,0
WBGene00168275.,0,0,0
WBGene00168276.,0,0,0
WBGene00168277.,0,2,2
WBGene00168278.,0,0,0
WBGene00168279.,0,0,0
WBGene00168280.,0,0,0
WBGene00168281.,0,0,0
WBGene00168282.,0,0,0
WBGene00168283.,0,0,0
WBGene00168284.,0,0,0
WBGene00168285.,0,0,0
WBGene00168286.,0,0,0
WBGene00168287.,0,0,0
WBGene00168288.,0,0,0
WBGene00168289.,0,0,0
WBGene00168290.,0,0,0
WBGene00168291.,0,0,0
WBGene00168292.,0,0,0
WBGene00168293.,0,0,0
WBGene00168294.,0,0,0
WBGene00168295.,0,1,1
WBGene00168296.,0,0,0
WBGene00168297.,0,0,0
WBGene00168298.,0,1,1
WBGene00168299.,0,0,0
WBGene00168300.,0,1,1
WBGene00168301.,0,0,0
WBGene00168302.,0,0,0
WBGene00168303.,0,4,4
WBGene00168304.,0,0,0
WBGene00168305.,0,0,0
WBGene00168306.,0,3,3
WBGene00168307.,0,0,0
WBGene00168308.,0,0,0
WBGene00168309.,0,0,0
WBGene00168310.,0,0,0
WBGene00168311.,0,0,0
WBGene00168312.,0,1,1
WBGene00168313.,0,0,0
WBGene00168314.,0,0,0
WBGene00168315.,0,0,0
WBGene00168316.,0,0,0
WBGene00168317.,0,0,0
WBGene00168318.,0,0,0
WBGene00168319.,0,0,0
WBGene00168320.,0,0,0
WBGene00168321.,0,0,0
WBGene00168322.,0,0,0
WBGene00168323.,0,0,0
WBGene00168324.,0,2,2
WBGene00168325.,0,0,0
WBGene00168326.,0,0,0
WBGene00168327.,0,0,0
WBGene00168328.,0,0,0
WBGene00168329.,0,0,0
WBGene00168330.,0,1,1
WBGene00168331.,0,0,0
WBGene00168332.,0,0,0
WBGene00168333.,0,0,0
WBGene00168334.,0,0,0
WBGene00168335.,0,0,0
WBGene00168336.,0,0,0
WBGene00168337.,0,0,0
WBGene00168338.,0,0,0
WBGene00168339.,0,0,0
WBGene00168340.,0,0,0
WBGene00168341.,0,0,0
WBGene00168342.,0,0,0
WBGene00168343.,0,0,0
WBGene00168344.,0,0,0
WBGene00168345.,0,0,0
WBGene00168346.,0,0,0
WBGene00168347.,0,0,0
WBGene00168348.,0,0,0
WBGene00168349.,0,2,2
WBGene00168350.,0,0,0
WBGene00168351.,0,0,0
WBGene00168352.,0,0,0
WBGene00168353.,0,0,0
WBGene00168354.,0,0,0
WBGene00168355.,0,0,0
WBGene00168356.,0,0,0
WBGene00168357.,0,0,0
WBGene00168358.,0,0,0
WBGene00168359.,0,0,0
WBGene00168360.,0,0,0
WBGene00168361.,0,0,0
WBGene00168362.,0,0,0
WBGene00168363.,0,0,0
WBGene00168364.,0,0,0
WBGene00168365.,0,0,0
WBGene00168366.,0,0,0
WBGene00168367.,0,1,1
WBGene00168368.,0,0,0
WBGene00168369.,0,0,0
WBGene00168370.,0,0,0
WBGene00168371.,0,0,0
WBGene00168372.,0,0,0
WBGene00168373.,0,0,0
WBGene00168374.,0,0,0
WBGene00168375.,0,1,1
WBGene00168376.,0,0,0
WBGene00168377.,0,0,0
WBGene00168378.,0,0,0
WBGene00168379.,0,0,0
WBGene00168380.,0,0,0
WBGene00168381.,0,0,0
WBGene00168382.,0,0,0
WBGene00168383.,0,0,0
WBGene00168384.,0,0,0
WBGene00168385.,0,0,0
WBGene00168386.,0,0,0
WBGene00168387.,0,0,0
WBGene00168388.,0,7,7
WBGene00168389.,0,0,0
WBGene00168390.,0,0,0
WBGene00168391.,0,0,0
WBGene00168392.,0,0,0
WBGene00168393.,0,0,0
WBGene00168394.,0,0,0
WBGene00168395.,0,0,0
WBGene00168396.,0,0,0
WBGene00168397.,0,0,0
WBGene00168398.,0,0,0
WBGene00168399.,0,0,0
WBGene00168400.,0,0,0
WBGene00168401.,0,0,0
WBGene00168402.,0,0,0
WBGene00168403.,0,0,0
WBGene00168404.,0,0,0
WBGene00168405.,0,0,0
WBGene00168406.,0,0,0
WBGene00168407.,0,0,0
WBGene00168408.,0,0,0
WBGene00168409.,0,0,0
WBGene00168410.,0,0,0
WBGene00168411.,0,0,0
WBGene00168412.,0,0,0
WBGene00168413.,0,0,0
WBGene00168414.,0,0,0
WBGene00168415.,0,0,0
WBGene00168416.,0,0,0
WBGene00168417.,0,0,0
WBGene00168418.,0,0,0
WBGene00168419.,0,0,0
WBGene00168420.,0,0,0
WBGene00168421.,0,0,0
WBGene00168422.,0,0,0
WBGene00168423.,0,0,0
WBGene00168424.,0,0,0
WBGene00168425.,0,0,0
WBGene00168426.,0,0,0
WBGene00168427.,0,0,0
WBGene00168428.,0,0,0
WBGene00168429.,0,0,0
WBGene00168430.,0,0,0
WBGene00168431.,0,0,0
WBGene00168432.,0,1,1
WBGene00168433.,0,0,0
WBGene00168434.,0,0,0
WBGene00168435.,0,0,0
WBGene00168436.,0,0,0
WBGene00168437.,0,0,0
WBGene00168438.,0,0,0
WBGene00168439.,0,0,0
WBGene00168440.,0,0,0
WBGene00168441.,0,0,0
WBGene00168442.,0,0,0
WBGene00168443.,0,0,0
WBGene00168444.,0,0,0
WBGene00168445.,0,2,2
WBGene00168446.,0,0,0
WBGene00168447.,0,0,0
WBGene00168448.,0,0,0
WBGene00168449.,0,0,0
WBGene00168450.,0,0,0
WBGene00168451.,0,0,0
WBGene00168452.,0,0,0
WBGene00168453.,0,0,0
WBGene00168454.,0,0,0
WBGene00168455.,0,0,0
WBGene00168456.,0,0,0
WBGene00168457.,0,10,10
WBGene00168458.,0,0,0
WBGene00168459.,0,0,0
WBGene00168460.,0,0,0
WBGene00168461.,0,0,0
WBGene00168462.,0,1,1
WBGene00168463.,0,0,0
WBGene00168464.,0,0,0
WBGene00168465.,0,0,0
WBGene00168466.,0,2,2
WBGene00168467.,0,0,0
WBGene00168468.,0,0,0
WBGene00168469.,0,0,0
WBGene00168470.,0,0,0
WBGene00168472.,0,0,0
WBGene00168473.,0,0,0
WBGene00168474.,0,0,0
WBGene00168475.,0,0,0
WBGene00168476.,0,0,0
WBGene00168477.,0,0,0
WBGene00168478.,0,0,0
WBGene00168479.,0,0,0
WBGene00168480.,0,0,0
WBGene00168481.,0,0,0
WBGene00168482.,0,0,0
WBGene00168483.,0,0,0
WBGene00168484.,0,0,0
WBGene00168485.,0,0,0
WBGene00168486.,0,0,0
WBGene00168487.,0,0,0
WBGene00168488.,0,1,1
WBGene00168489.,0,0,0
WBGene00168490.,0,0,0
WBGene00168491.,0,0,0
WBGene00168492.,0,0,0
WBGene00168493.,0,0,0
WBGene00168494.,0,0,0
WBGene00168495.,0,0,0
WBGene00168496.,0,0,0
WBGene00168497.,0,0,0
WBGene00168498.,0,0,0
WBGene00168499.,0,0,0
WBGene00168500.,0,0,0
WBGene00168501.,0,0,0
WBGene00168502.,0,0,0
WBGene00168503.,0,0,0
WBGene00168504.,0,0,0
WBGene00168505.,0,0,0
WBGene00168506.,0,0,0
WBGene00168507.,0,0,0
WBGene00168508.,0,0,0
WBGene00168509.,0,0,0
WBGene00168510.,0,6,6
WBGene00168511.,0,0,0
WBGene00168512.,0,0,0
WBGene00168513.,0,0,0
WBGene00168514.,0,0,0
WBGene00168515.,0,0,0
WBGene00168516.,0,0,0
WBGene00168517.,0,0,0
WBGene00168518.,0,0,0
WBGene00168519.,0,0,0
WBGene00168520.,0,0,0
WBGene00168521.,0,0,0
WBGene00168522.,0,0,0
WBGene00168523.,0,0,0
WBGene00168524.,0,0,0
WBGene00168525.,0,0,0
WBGene00168526.,0,0,0
WBGene00168527.,0,0,0
WBGene00168528.,0,0,0
WBGene00168529.,0,0,0
WBGene00168530.,0,0,0
WBGene00168531.,0,0,0
WBGene00168532.,0,0,0
WBGene00168533.,0,0,0
WBGene00168534.,0,0,0
WBGene00168535.,0,0,0
WBGene00168536.,0,0,0
WBGene00168537.,0,1,1
WBGene00168538.,0,0,0
WBGene00168539.,0,0,0
WBGene00168540.,0,0,0
WBGene00168541.,0,0,0
WBGene00168542.,0,0,0
WBGene00168543.,0,0,0
WBGene00168544.,0,0,0
WBGene00168545.,0,0,0
WBGene00168546.,0,0,0
WBGene00168547.,0,0,0
WBGene00168548.,0,2,2
WBGene00168549.,0,0,0
WBGene00168550.,0,0,0
WBGene00168551.,0,0,0
WBGene00168552.,0,0,0
WBGene00168553.,0,0,0
WBGene00168554.,0,0,0
WBGene00168555.,0,5,5
WBGene00168556.,0,0,0
WBGene00168557.,0,0,0
WBGene00168558.,0,0,0
WBGene00168559.,0,0,0
WBGene00168560.,0,0,0
WBGene00168561.,0,0,0
WBGene00168562.,0,0,0
WBGene00168563.,0,0,0
WBGene00168564.,0,0,0
WBGene00168565.,0,1,1
WBGene00168566.,0,0,0
WBGene00168567.,0,0,0
WBGene00168568.,0,0,0
WBGene00168569.,0,0,0
WBGene00168570.,0,0,0
WBGene00168571.,0,0,0
WBGene00168572.,0,0,0
WBGene00168573.,0,0,0
WBGene00168574.,0,0,0
WBGene00168575.,0,0,0
WBGene00168576.,0,0,0
WBGene00168577.,0,0,0
WBGene00168578.,0,0,0
WBGene00168579.,0,0,0
WBGene00168580.,0,0,0
WBGene00168581.,0,0,0
WBGene00168582.,0,0,0
WBGene00168583.,0,1,1
WBGene00168584.,0,0,0
WBGene00168585.,0,0,0
WBGene00168586.,0,0,0
WBGene00168587.,0,0,0
WBGene00168588.,0,0,0
WBGene00168589.,0,0,0
WBGene00168590.,0,0,0
WBGene00168591.,0,0,0
WBGene00168592.,0,0,0
WBGene00168593.,0,0,0
WBGene00168594.,0,0,0
WBGene00168595.,0,0,0
WBGene00168596.,0,0,0
WBGene00168597.,0,0,0
WBGene00168598.,0,0,0
WBGene00168599.,0,0,0
WBGene00168600.,0,0,0
WBGene00168601.,0,0,0
WBGene00168602.,0,0,0
WBGene00168603.,0,0,0
WBGene00168604.,0,0,0
WBGene00168605.,0,0,0
WBGene00168606.,0,0,0
WBGene00168607.,0,0,0
WBGene00168608.,0,0,0
WBGene00168609.,0,0,0
WBGene00168610.,0,1,1
WBGene00168611.,0,0,0
WBGene00168612.,0,0,0
WBGene00168613.,0,0,0
WBGene00168614.,0,0,0
WBGene00168615.,0,0,0
WBGene00168616.,0,0,0
WBGene00168617.,0,0,0
WBGene00168618.,0,0,0
WBGene00168619.,0,0,0
WBGene00168620.,0,0,0
WBGene00168621.,0,0,0
WBGene00168622.,0,2,2
WBGene00168623.,0,0,0
WBGene00168624.,0,0,0
WBGene00168625.,0,0,0
WBGene00168626.,0,0,0
WBGene00168627.,0,0,0
WBGene00168628.,0,0,0
WBGene00168629.,0,0,0
WBGene00168630.,0,2,2
WBGene00168631.,0,0,0
WBGene00168632.,0,0,0
WBGene00168633.,0,0,0
WBGene00168634.,0,0,0
WBGene00168635.,0,0,0
WBGene00168636.,0,0,0
WBGene00168637.,0,0,0
WBGene00168638.,0,0,0
WBGene00168639.,0,0,0
WBGene00168640.,0,0,0
WBGene00168641.,0,0,0
WBGene00168642.,0,3,3
WBGene00168643.,0,0,0
WBGene00168644.,0,0,0
WBGene00168645.,0,0,0
WBGene00168646.,0,0,0
WBGene00168647.,0,0,0
WBGene00168648.,0,0,0
WBGene00168649.,0,0,0
WBGene00168650.,0,0,0
WBGene00168651.,0,0,0
WBGene00168652.,0,0,0
WBGene00168653.,0,0,0
WBGene00168654.,0,1,1
WBGene00168655.,0,0,0
WBGene00168656.,0,0,0
WBGene00168657.,0,0,0
WBGene00168658.,0,0,0
WBGene00168659.,0,0,0
WBGene00168660.,0,0,0
WBGene00168661.,0,0,0
WBGene00168662.,0,0,0
WBGene00168663.,0,0,0
WBGene00168664.,0,0,0
WBGene00168665.,0,0,0
WBGene00168666.,0,0,0
WBGene00168667.,0,0,0
WBGene00168668.,0,0,0
WBGene00168669.,0,0,0
WBGene00168670.,0,0,0
WBGene00168671.,0,0,0
WBGene00168672.,0,0,0
WBGene00168673.,0,0,0
WBGene00168674.,0,0,0
WBGene00168675.,0,0,0
WBGene00168676.,0,1,1
WBGene00168677.,0,0,0
WBGene00168678.,0,0,0
WBGene00168679.,0,0,0
WBGene00168680.,0,0,0
WBGene00168681.,0,0,0
WBGene00168682.,0,0,0
WBGene00168683.,0,0,0
WBGene00168684.,0,0,0
WBGene00168685.,0,0,0
WBGene00168686.,0,0,0
WBGene00168687.,0,0,0
WBGene00168688.,0,1,1
WBGene00168689.,0,0,0
WBGene00168690.,0,1,1
WBGene00168691.,0,0,0
WBGene00168692.,0,0,0
WBGene00168693.,0,0,0
WBGene00168694.,0,0,0
WBGene00168695.,0,0,0
WBGene00168696.,0,0,0
WBGene00168697.,0,0,0
WBGene00168698.,0,0,0
WBGene00168699.,0,0,0
WBGene00168700.,0,0,0
WBGene00168701.,0,0,0
WBGene00168702.,0,0,0
WBGene00168703.,0,0,0
WBGene00168704.,0,0,0
WBGene00168705.,0,0,0
WBGene00168706.,0,0,0
WBGene00168707.,0,0,0
WBGene00168708.,0,0,0
WBGene00168709.,0,0,0
WBGene00168710.,0,0,0
WBGene00168711.,0,0,0
WBGene00168712.,0,0,0
WBGene00168713.,0,0,0
WBGene00168714.,0,0,0
WBGene00168715.,0,0,0
WBGene00168716.,0,0,0
WBGene00168717.,0,0,0
WBGene00168718.,0,0,0
WBGene00168719.,0,0,0
WBGene00168720.,0,1,1
WBGene00168721.,0,1,1
WBGene00168722.,0,0,0
WBGene00168723.,0,0,0
WBGene00168724.,0,0,0
WBGene00168725.,0,1,1
WBGene00168726.,0,0,0
WBGene00168727.,0,0,0
WBGene00168728.,0,0,0
WBGene00168729.,0,0,0
WBGene00168730.,0,0,0
WBGene00168731.,0,0,0
WBGene00168732.,0,7,7
WBGene00168733.,0,0,0
WBGene00168734.,0,0,0
WBGene00168735.,0,0,0
WBGene00168736.,0,1,1
WBGene00168737.,0,0,0
WBGene00168738.,0,0,0
WBGene00168739.,0,0,0
WBGene00168740.,0,0,0
WBGene00168741.,0,0,0
WBGene00168742.,0,0,0
WBGene00168743.,0,0,0
WBGene00168744.,0,0,0
WBGene00168745.,0,0,0
WBGene00168746.,0,0,0
WBGene00168747.,0,0,0
WBGene00168748.,0,0,0
WBGene00168749.,0,1,1
WBGene00168750.,0,0,0
WBGene00168751.,0,0,0
WBGene00168752.,0,0,0
WBGene00168753.,0,0,0
WBGene00168754.,0,0,0
WBGene00168755.,0,0,0
WBGene00168756.,0,0,0
WBGene00168757.,0,0,0
WBGene00168758.,0,0,0
WBGene00168759.,0,0,0
WBGene00168760.,0,0,0
WBGene00168761.,0,0,0
WBGene00168762.,0,0,0
WBGene00168763.,0,0,0
WBGene00168764.,0,0,0
WBGene00168765.,0,0,0
WBGene00168766.,0,0,0
WBGene00168767.,0,0,0
WBGene00168768.,0,0,0
WBGene00168769.,0,0,0
WBGene00168770.,0,0,0
WBGene00168771.,0,0,0
WBGene00168772.,0,2,2
WBGene00168773.,0,0,0
WBGene00168774.,0,0,0
WBGene00168775.,0,0,0
WBGene00168776.,0,0,0
WBGene00168777.,0,0,0
WBGene00168778.,0,0,0
WBGene00168779.,0,0,0
WBGene00168780.,0,0,0
WBGene00168781.,0,0,0
WBGene00168782.,0,0,0
WBGene00168783.,0,0,0
WBGene00168784.,0,0,0
WBGene00168785.,0,0,0
WBGene00168786.,0,0,0
WBGene00168787.,0,0,0
WBGene00168788.,0,0,0
WBGene00168789.,0,0,0
WBGene00168790.,0,0,0
WBGene00168791.,0,0,0
WBGene00168792.,0,0,0
WBGene00168793.,0,0,0
WBGene00168794.,0,0,0
WBGene00168795.,0,0,0
WBGene00168796.,0,0,0
WBGene00168797.,0,0,0
WBGene00168798.,0,0,0
WBGene00168799.,0,0,0
WBGene00168800.,0,0,0
WBGene00168801.,0,0,0
WBGene00168802.,0,0,0
WBGene00168803.,0,0,0
WBGene00168804.,0,0,0
WBGene00168805.,0,0,0
WBGene00168806.,0,0,0
WBGene00168807.,0,0,0
WBGene00168808.,0,0,0
WBGene00168809.,0,0,0
WBGene00168810.,0,0,0
WBGene00168811.,0,0,0
WBGene00168812.,0,0,0
WBGene00168813.,0,0,0
WBGene00168814.,0,0,0
WBGene00168815.,0,11,11
WBGene00168816.,0,0,0
WBGene00168817.,0,0,0
WBGene00168818.,0,0,0
WBGene00168819.,0,0,0
WBGene00168820.,0,0,0
WBGene00168821.,0,0,0
WBGene00168822.,0,0,0
WBGene00168823.,0,2,2
WBGene00168824.,0,0,0
WBGene00168825.,0,0,0
WBGene00168826.,0,0,0
WBGene00168827.,0,0,0
WBGene00168828.,0,0,0
WBGene00168829.,0,0,0
WBGene00168830.,0,0,0
WBGene00168831.,0,0,0
WBGene00168832.,0,0,0
WBGene00168833.,0,0,0
WBGene00168834.,0,0,0
WBGene00168835.,0,0,0
WBGene00168836.,0,0,0
WBGene00168837.,0,0,0
WBGene00168838.,0,0,0
WBGene00168839.,0,0,0
WBGene00168840.,0,0,0
WBGene00168841.,0,0,0
WBGene00168842.,0,0,0
WBGene00168843.,0,0,0
WBGene00168844.,0,0,0
WBGene00168845.,0,0,0
WBGene00168846.,0,0,0
WBGene00168847.,0,0,0
WBGene00168848.,0,0,0
WBGene00168849.,0,0,0
WBGene00168850.,0,0,0
WBGene00168851.,0,0,0
WBGene00168852.,0,0,0
WBGene00168853.,0,0,0
WBGene00168854.,0,1,1
WBGene00168855.,0,0,0
WBGene00168856.,0,0,0
WBGene00168857.,0,0,0
WBGene00168858.,0,0,0
WBGene00168859.,0,0,0
WBGene00168860.,0,0,0
WBGene00168861.,0,0,0
WBGene00168862.,0,0,0
WBGene00168863.,0,2,2
WBGene00168864.,0,1,1
WBGene00168865.,0,0,0
WBGene00168866.,0,8,8
WBGene00168867.,0,0,0
WBGene00168868.,0,0,0
WBGene00168869.,0,0,0
WBGene00168870.,0,0,0
WBGene00168871.,0,0,0
WBGene00168872.,0,0,0
WBGene00168873.,0,0,0
WBGene00168874.,0,0,0
WBGene00168875.,0,0,0
WBGene00168876.,0,4,4
WBGene00168877.,0,0,0
WBGene00168878.,0,0,0
WBGene00168879.,0,0,0
WBGene00168880.,0,0,0
WBGene00168881.,0,0,0
WBGene00168882.,0,0,0
WBGene00168883.,0,0,0
WBGene00168884.,0,0,0
WBGene00168885.,0,0,0
WBGene00168886.,0,0,0
WBGene00168887.,0,0,0
WBGene00168888.,0,0,0
WBGene00168889.,0,0,0
WBGene00168890.,0,0,0
WBGene00168891.,0,0,0
WBGene00168892.,0,2,2
WBGene00168893.,0,0,0
WBGene00168894.,0,0,0
WBGene00168895.,0,0,0
WBGene00168896.,0,0,0
WBGene00168897.,0,0,0
WBGene00168898.,0,0,0
WBGene00168899.,0,0,0
WBGene00168900.,0,0,0
WBGene00168901.,0,0,0
WBGene00168902.,0,0,0
WBGene00168903.,0,0,0
WBGene00168904.,0,0,0
WBGene00168905.,0,0,0
WBGene00168906.,0,0,0
WBGene00168907.,0,0,0
WBGene00168908.,0,0,0
WBGene00168909.,0,0,0
WBGene00168910.,0,0,0
WBGene00168911.,0,0,0
WBGene00168912.,0,0,0
WBGene00168913.,0,1,1
WBGene00168914.,0,1,1
WBGene00168915.,0,0,0
WBGene00168916.,0,0,0
WBGene00168917.,0,0,0
WBGene00168918.,0,0,0
WBGene00168919.,0,0,0
WBGene00168920.,0,0,0
WBGene00168921.,0,0,0
WBGene00168922.,0,0,0
WBGene00168923.,0,0,0
WBGene00168924.,0,0,0
WBGene00168925.,0,0,0
WBGene00168926.,0,0,0
WBGene00168927.,0,0,0
WBGene00168928.,0,0,0
WBGene00168929.,0,0,0
WBGene00168930.,0,0,0
WBGene00168931.,0,0,0
WBGene00168932.,0,0,0
WBGene00168933.,0,0,0
WBGene00168934.,0,0,0
WBGene00168935.,0,0,0
WBGene00168936.,0,0,0
WBGene00168937.,0,0,0
WBGene00168938.,0,0,0
WBGene00168939.,0,0,0
WBGene00168940.,0,0,0
WBGene00168941.,0,0,0
WBGene00168942.,0,0,0
WBGene00168943.,0,0,0
WBGene00168944.,0,0,0
WBGene00168945.,0,0,0
WBGene00168946.,0,0,0
WBGene00168947.,0,2,2
WBGene00168948.,0,0,0
WBGene00168949.,0,0,0
WBGene00168950.,0,0,0
WBGene00168951.,0,0,0
WBGene00168952.,0,0,0
WBGene00168953.,0,0,0
WBGene00168954.,0,0,0
WBGene00168955.,0,0,0
WBGene00168956.,0,0,0
WBGene00168957.,0,0,0
WBGene00168958.,0,0,0
WBGene00168959.,0,0,0
WBGene00168960.,0,0,0
WBGene00168961.,0,0,0
WBGene00168962.,0,0,0
WBGene00168963.,0,0,0
WBGene00168964.,0,0,0
WBGene00168965.,0,0,0
WBGene00168966.,0,0,0
WBGene00168967.,0,0,0
WBGene00168968.,0,0,0
WBGene00168969.,0,0,0
WBGene00168970.,0,1,1
WBGene00168971.,0,0,0
WBGene00168972.,0,0,0
WBGene00168973.,0,0,0
WBGene00168974.,0,0,0
WBGene00168975.,0,0,0
WBGene00168976.,0,0,0
WBGene00168977.,0,0,0
WBGene00168978.,0,0,0
WBGene00168979.,0,0,0
WBGene00168980.,0,0,0
WBGene00168981.,0,0,0
WBGene00168982.,0,0,0
WBGene00168983.,0,0,0
WBGene00168984.,0,0,0
WBGene00168985.,0,3,3
WBGene00168986.,0,0,0
WBGene00168987.,0,0,0
WBGene00168988.,0,0,0
WBGene00168989.,0,0,0
WBGene00168990.,0,0,0
WBGene00168991.,0,0,0
WBGene00168992.,0,0,0
WBGene00168993.,0,0,0
WBGene00168994.,0,0,0
WBGene00168995.,0,2,2
WBGene00168996.,0,0,0
WBGene00168997.,0,0,0
WBGene00168998.,0,0,0
WBGene00168999.,0,0,0
WBGene00169000.,0,0,0
WBGene00169001.,0,0,0
WBGene00169002.,0,0,0
WBGene00169003.,0,0,0
WBGene00169004.,0,0,0
WBGene00169005.,0,0,0
WBGene00169006.,0,10,10
WBGene00169007.,0,0,0
WBGene00169008.,0,0,0
WBGene00169009.,0,1,1
WBGene00169010.,0,0,0
WBGene00169011.,0,0,0
WBGene00169012.,0,0,0
WBGene00169013.,0,0,0
WBGene00169014.,0,0,0
WBGene00169015.,0,0,0
WBGene00169016.,0,0,0
WBGene00169017.,0,0,0
WBGene00169018.,0,0,0
WBGene00169019.,0,0,0
WBGene00169020.,0,0,0
WBGene00169021.,0,0,0
WBGene00169022.,0,0,0
WBGene00169023.,0,0,0
WBGene00169024.,0,0,0
WBGene00169025.,0,0,0
WBGene00169026.,0,0,0
WBGene00169027.,0,0,0
WBGene00169028.,0,0,0
WBGene00169029.,0,0,0
WBGene00169030.,0,0,0
WBGene00169031.,0,0,0
WBGene00169032.,0,0,0
WBGene00169033.,0,0,0
WBGene00169034.,0,0,0
WBGene00169035.,0,0,0
WBGene00169036.,0,0,0
WBGene00169037.,0,0,0
WBGene00169038.,0,0,0
WBGene00169039.,0,0,0
WBGene00169040.,0,0,0
WBGene00169041.,0,0,0
WBGene00169042.,0,0,0
WBGene00169043.,0,0,0
WBGene00169044.,0,0,0
WBGene00169045.,0,0,0
WBGene00169046.,0,1,1
WBGene00169047.,0,0,0
WBGene00169048.,0,0,0
WBGene00169049.,0,0,0
WBGene00169050.,0,0,0
WBGene00169051.,0,0,0
WBGene00169052.,0,0,0
WBGene00169053.,0,0,0
WBGene00169054.,0,0,0
WBGene00169055.,0,0,0
WBGene00169056.,0,1,1
WBGene00169057.,0,0,0
WBGene00169058.,0,0,0
WBGene00169059.,0,0,0
WBGene00169060.,0,0,0
WBGene00169061.,0,0,0
WBGene00169062.,0,0,0
WBGene00169063.,0,0,0
WBGene00169064.,0,0,0
WBGene00169065.,0,0,0
WBGene00169066.,0,0,0
WBGene00169067.,0,0,0
WBGene00169068.,0,0,0
WBGene00169069.,0,0,0
WBGene00169070.,0,0,0
WBGene00169071.,0,2,2
WBGene00169072.,0,0,0
WBGene00169073.,0,0,0
WBGene00169074.,0,0,0
WBGene00169075.,0,0,0
WBGene00169076.,0,0,0
WBGene00169077.,0,0,0
WBGene00169078.,0,0,0
WBGene00169079.,0,0,0
WBGene00169080.,0,0,0
WBGene00169081.,0,0,0
WBGene00169082.,0,0,0
WBGene00169083.,0,0,0
WBGene00169084.,0,0,0
WBGene00169085.,0,0,0
WBGene00169086.,0,0,0
WBGene00169087.,0,0,0
WBGene00169088.,0,0,0
WBGene00169089.,0,0,0
WBGene00169090.,0,0,0
WBGene00169091.,0,0,0
WBGene00169092.,0,2,2
WBGene00169093.,0,0,0
WBGene00169094.,0,0,0
WBGene00169095.,0,0,0
WBGene00169096.,0,0,0
WBGene00169097.,0,0,0
WBGene00169098.,0,0,0
WBGene00169099.,0,0,0
WBGene00169100.,0,1,1
WBGene00169101.,0,0,0
WBGene00169102.,0,0,0
WBGene00169103.,0,0,0
WBGene00169104.,0,0,0
WBGene00169105.,0,0,0
WBGene00169106.,0,0,0
WBGene00169107.,0,0,0
WBGene00169108.,0,0,0
WBGene00169109.,0,0,0
WBGene00169110.,0,0,0
WBGene00169111.,0,0,0
WBGene00169112.,0,0,0
WBGene00169113.,0,0,0
WBGene00169114.,0,2,2
WBGene00169115.,0,0,0
WBGene00169116.,0,0,0
WBGene00169117.,0,0,0
WBGene00169118.,0,0,0
WBGene00169119.,0,0,0
WBGene00169120.,0,0,0
WBGene00169121.,0,0,0
WBGene00169122.,0,0,0
WBGene00169123.,0,0,0
WBGene00169124.,0,0,0
WBGene00169125.,0,0,0
WBGene00169126.,0,0,0
WBGene00169127.,0,0,0
WBGene00169128.,0,0,0
WBGene00169129.,0,0,0
WBGene00169130.,0,0,0
WBGene00169131.,0,0,0
WBGene00169132.,0,0,0
WBGene00169133.,0,0,0
WBGene00169134.,0,0,0
WBGene00169135.,0,0,0
WBGene00169136.,0,0,0
WBGene00169137.,0,0,0
WBGene00169138.,0,0,0
WBGene00169139.,0,0,0
WBGene00169140.,0,0,0
WBGene00169141.,0,0,0
WBGene00169142.,0,0,0
WBGene00169143.,0,0,0
WBGene00169144.,0,0,0
WBGene00169145.,0,0,0
WBGene00169146.,0,0,0
WBGene00169147.,0,0,0
WBGene00169148.,0,0,0
WBGene00169149.,0,0,0
WBGene00169150.,0,0,0
WBGene00169151.,0,0,0
WBGene00169152.,0,0,0
WBGene00169153.,0,1,1
WBGene00169154.,0,0,0
WBGene00169155.,0,0,0
WBGene00169156.,0,0,0
WBGene00169157.,0,0,0
WBGene00169158.,0,0,0
WBGene00169159.,0,1,1
WBGene00169160.,0,0,0
WBGene00169161.,0,0,0
WBGene00169162.,0,0,0
WBGene00169163.,0,2,2
WBGene00169164.,0,0,0
WBGene00169165.,0,0,0
WBGene00169166.,0,0,0
WBGene00169167.,0,0,0
WBGene00169168.,0,0,0
WBGene00169169.,0,0,0
WBGene00169170.,0,0,0
WBGene00169171.,0,8,8
WBGene00169172.,0,0,0
WBGene00169173.,0,0,0
WBGene00169174.,0,0,0
WBGene00169175.,0,2,2
WBGene00169176.,0,0,0
WBGene00169177.,0,0,0
WBGene00169178.,0,0,0
WBGene00169179.,0,0,0
WBGene00169180.,0,0,0
WBGene00169181.,0,0,0
WBGene00169182.,0,0,0
WBGene00169183.,0,1,1
WBGene00169184.,0,0,0
WBGene00169185.,0,0,0
WBGene00169186.,0,0,0
WBGene00169187.,0,0,0
WBGene00169188.,0,0,0
WBGene00169189.,0,0,0
WBGene00169190.,0,0,0
WBGene00169191.,0,1,1
WBGene00169192.,0,0,0
WBGene00169193.,0,0,0
WBGene00169194.,0,0,0
WBGene00169195.,0,0,0
WBGene00169196.,0,0,0
WBGene00169197.,0,0,0
WBGene00169198.,0,0,0
WBGene00169199.,0,0,0
WBGene00169200.,0,0,0
WBGene00169201.,0,0,0
WBGene00169202.,0,0,0
WBGene00169203.,0,0,0
WBGene00169204.,0,0,0
WBGene00169205.,0,0,0
WBGene00169206.,0,0,0
WBGene00169207.,0,0,0
WBGene00169208.,0,0,0
WBGene00169209.,0,0,0
WBGene00169210.,0,0,0
WBGene00169211.,0,0,0
WBGene00169212.,0,1,1
WBGene00169213.,0,0,0
WBGene00169214.,0,0,0
WBGene00169215.,0,2,2
WBGene00169216.,0,0,0
WBGene00169217.,0,0,0
WBGene00169218.,0,0,0
WBGene00169219.,0,0,0
WBGene00169220.,0,0,0
WBGene00169221.,0,0,0
WBGene00169222.,0,2,2
WBGene00169223.,0,0,0
WBGene00169224.,0,0,0
WBGene00169225.,0,0,0
WBGene00169226.,0,0,0
WBGene00169227.,0,0,0
WBGene00169228.,0,0,0
WBGene00169229.,0,0,0
WBGene00169230.,0,0,0
WBGene00169231.,0,0,0
WBGene00169232.,0,0,0
WBGene00169233.,0,0,0
WBGene00169234.,0,0,0
WBGene00169235.,0,0,0
WBGene00169236.,0,0,0
WBGene00169237.,0,0,0
WBGene00169238.,0,0,0
WBGene00169239.,0,0,0
WBGene00169240.,0,6,6
WBGene00169242.,0,0,0
WBGene00169243.,0,0,0
WBGene00169244.,0,0,0
WBGene00169245.,0,0,0
WBGene00169246.,0,0,0
WBGene00169247.,0,0,0
WBGene00169248.,0,0,0
WBGene00169249.,0,0,0
WBGene00169250.,0,0,0
WBGene00169251.,0,0,0
WBGene00169252.,0,0,0
WBGene00169253.,0,0,0
WBGene00169254.,0,0,0
WBGene00169255.,0,0,0
WBGene00169256.,0,0,0
WBGene00169257.,0,0,0
WBGene00169258.,0,0,0
WBGene00169259.,0,0,0
WBGene00169260.,0,0,0
WBGene00169261.,0,0,0
WBGene00169262.,0,0,0
WBGene00169263.,0,0,0
WBGene00169264.,0,0,0
WBGene00169265.,0,0,0
WBGene00169266.,0,0,0
WBGene00169267.,0,0,0
WBGene00169268.,0,0,0
WBGene00169269.,0,1,1
WBGene00169270.,0,0,0
WBGene00169271.,0,0,0
WBGene00169272.,0,0,0
WBGene00169273.,0,0,0
WBGene00169274.,0,0,0
WBGene00169275.,0,0,0
WBGene00169276.,0,0,0
WBGene00169277.,0,0,0
WBGene00169278.,0,0,0
WBGene00169279.,0,0,0
WBGene00169280.,0,0,0
WBGene00169281.,0,0,0
WBGene00169282.,0,0,0
WBGene00169283.,0,0,0
WBGene00169284.,0,0,0
WBGene00169285.,0,0,0
WBGene00169286.,0,0,0
WBGene00169287.,0,0,0
WBGene00169288.,0,0,0
WBGene00169289.,0,0,0
WBGene00169290.,0,0,0
WBGene00169291.,0,0,0
WBGene00169292.,0,0,0
WBGene00169293.,0,0,0
WBGene00169294.,0,0,0
WBGene00169295.,0,0,0
WBGene00169296.,0,0,0
WBGene00169297.,0,0,0
WBGene00169298.,0,0,0
WBGene00169299.,0,0,0
WBGene00169300.,0,0,0
WBGene00169301.,0,0,0
WBGene00169302.,0,0,0
WBGene00169303.,0,1,1
WBGene00169304.,0,0,0
WBGene00169305.,0,0,0
WBGene00169306.,0,0,0
WBGene00169307.,0,1,1
WBGene00169308.,0,0,0
WBGene00169309.,0,0,0
WBGene00169310.,0,0,0
WBGene00169311.,0,0,0
WBGene00169312.,0,0,0
WBGene00169313.,0,0,0
WBGene00169314.,0,0,0
WBGene00169315.,0,0,0
WBGene00169316.,0,0,0
WBGene00169317.,0,0,0
WBGene00169318.,0,0,0
WBGene00169319.,0,0,0
WBGene00169320.,0,0,0
WBGene00169321.,0,0,0
WBGene00169322.,0,0,0
WBGene00169323.,0,0,0
WBGene00169324.,0,0,0
WBGene00169325.,0,0,0
WBGene00169326.,0,0,0
WBGene00169327.,0,0,0
WBGene00169328.,0,0,0
WBGene00169329.,0,0,0
WBGene00169330.,0,0,0
WBGene00169331.,0,0,0
WBGene00169332.,0,0,0
WBGene00169333.,0,0,0
WBGene00169334.,0,0,0
WBGene00169335.,0,0,0
WBGene00169336.,0,0,0
WBGene00169337.,0,0,0
WBGene00169338.,0,0,0
WBGene00169339.,0,0,0
WBGene00169340.,0,0,0
WBGene00169341.,0,0,0
WBGene00169342.,0,0,0
WBGene00169343.,0,0,0
WBGene00169344.,0,0,0
WBGene00169345.,0,0,0
WBGene00169346.,0,1,1
WBGene00169347.,0,0,0
WBGene00169348.,0,0,0
WBGene00169349.,0,0,0
WBGene00169350.,0,0,0
WBGene00169351.,0,0,0
WBGene00169352.,0,0,0
WBGene00169353.,0,0,0
WBGene00169354.,0,10,10
WBGene00169355.,0,0,0
WBGene00169356.,0,0,0
WBGene00169357.,0,0,0
WBGene00169358.,0,0,0
WBGene00169359.,0,0,0
WBGene00169360.,0,0,0
WBGene00169361.,0,0,0
WBGene00169362.,0,0,0
WBGene00169363.,0,0,0
WBGene00169364.,0,2,2
WBGene00169365.,0,0,0
WBGene00169366.,0,0,0
WBGene00169367.,0,0,0
WBGene00169368.,0,0,0
WBGene00169369.,0,0,0
WBGene00169370.,0,0,0
WBGene00169371.,0,0,0
WBGene00169372.,0,0,0
WBGene00169373.,0,0,0
WBGene00169374.,0,0,0
WBGene00169375.,0,0,0
WBGene00169376.,0,0,0
WBGene00169377.,0,0,0
WBGene00169378.,0,0,0
WBGene00169379.,0,0,0
WBGene00169380.,0,0,0
WBGene00169381.,0,0,0
WBGene00169382.,0,0,0
WBGene00169383.,0,0,0
WBGene00169384.,0,0,0
WBGene00169385.,0,0,0
WBGene00169386.,0,0,0
WBGene00169387.,0,0,0
WBGene00169388.,0,0,0
WBGene00169389.,0,1,1
WBGene00169390.,0,0,0
WBGene00169391.,0,0,0
WBGene00169392.,0,0,0
WBGene00169393.,0,0,0
WBGene00169394.,0,0,0
WBGene00169395.,0,0,0
WBGene00169396.,0,0,0
WBGene00169397.,0,0,0
WBGene00169398.,0,0,0
WBGene00169399.,0,0,0
WBGene00169401.,0,0,0
WBGene00169402.,0,1,1
WBGene00169403.,0,0,0
WBGene00169404.,0,0,0
WBGene00169405.,0,0,0
WBGene00169406.,0,0,0
WBGene00169407.,0,0,0
WBGene00169408.,0,0,0
WBGene00169409.,0,0,0
WBGene00169410.,0,0,0
WBGene00169411.,0,0,0
WBGene00169412.,0,0,0
WBGene00169413.,0,0,0
WBGene00169414.,0,0,0
WBGene00169415.,0,0,0
WBGene00169416.,0,0,0
WBGene00169417.,0,0,0
WBGene00169418.,0,0,0
WBGene00169419.,0,0,0
WBGene00169420.,0,0,0
WBGene00169421.,0,0,0
WBGene00169422.,0,0,0
WBGene00169423.,0,0,0
WBGene00169424.,0,0,0
WBGene00169425.,0,1,1
WBGene00169426.,0,0,0
WBGene00169427.,0,0,0
WBGene00169428.,0,0,0
WBGene00169429.,0,0,0
WBGene00169430.,0,0,0
WBGene00169431.,0,2,2
WBGene00169432.,0,0,0
WBGene00169433.,0,0,0
WBGene00169434.,0,0,0
WBGene00169435.,0,0,0
WBGene00169436.,0,0,0
WBGene00169437.,0,0,0
WBGene00169438.,0,0,0
WBGene00169439.,0,0,0
WBGene00169440.,0,0,0
WBGene00169441.,0,0,0
WBGene00169442.,0,0,0
WBGene00169443.,0,1,1
WBGene00169444.,0,0,0
WBGene00169445.,0,0,0
WBGene00169446.,0,0,0
WBGene00169447.,0,0,0
WBGene00169448.,0,0,0
WBGene00169449.,0,0,0
WBGene00169450.,0,0,0
WBGene00169451.,0,0,0
WBGene00169452.,0,0,0
WBGene00169453.,0,0,0
WBGene00169454.,0,0,0
WBGene00169455.,0,0,0
WBGene00169456.,0,0,0
WBGene00169457.,0,0,0
WBGene00169458.,0,0,0
WBGene00169459.,0,0,0
WBGene00169460.,0,0,0
WBGene00169461.,0,0,0
WBGene00169462.,0,1,1
WBGene00169463.,0,0,0
WBGene00169464.,0,0,0
WBGene00169465.,0,0,0
WBGene00169466.,0,0,0
WBGene00169467.,0,0,0
WBGene00169468.,0,0,0
WBGene00169469.,0,0,0
WBGene00169470.,0,0,0
WBGene00169471.,0,0,0
WBGene00169472.,0,0,0
WBGene00169473.,0,0,0
WBGene00169474.,0,2,2
WBGene00169475.,0,0,0
WBGene00169476.,0,0,0
WBGene00169477.,0,0,0
WBGene00169478.,0,0,0
WBGene00169479.,0,0,0
WBGene00169480.,0,0,0
WBGene00169481.,0,0,0
WBGene00169482.,0,0,0
WBGene00169483.,0,0,0
WBGene00169484.,0,0,0
WBGene00169485.,0,0,0
WBGene00169486.,0,2,2
WBGene00169487.,0,0,0
WBGene00169488.,0,0,0
WBGene00169489.,0,0,0
WBGene00169490.,0,0,0
WBGene00169491.,0,0,0
WBGene00169492.,0,0,0
WBGene00169493.,0,0,0
WBGene00169494.,0,0,0
WBGene00169495.,0,0,0
WBGene00169496.,0,0,0
WBGene00169497.,0,0,0
WBGene00169498.,0,0,0
WBGene00169499.,0,0,0
WBGene00169500.,0,0,0
WBGene00169501.,0,0,0
WBGene00169502.,0,0,0
WBGene00169503.,0,0,0
WBGene00169504.,0,0,0
WBGene00169505.,0,0,0
WBGene00169506.,0,0,0
WBGene00169507.,0,0,0
WBGene00169508.,0,0,0
WBGene00169509.,0,0,0
WBGene00169510.,0,0,0
WBGene00169511.,0,0,0
WBGene00169512.,0,0,0
WBGene00169513.,0,0,0
WBGene00169514.,0,0,0
WBGene00169515.,0,1,1
WBGene00169516.,0,0,0
WBGene00169517.,0,0,0
WBGene00169518.,0,0,0
WBGene00169519.,0,0,0
WBGene00169520.,0,0,0
WBGene00169521.,0,0,0
WBGene00169522.,0,0,0
WBGene00169523.,0,0,0
WBGene00169524.,0,0,0
WBGene00169525.,0,0,0
WBGene00169526.,0,0,0
WBGene00169527.,0,0,0
WBGene00169528.,0,0,0
WBGene00169529.,0,0,0
WBGene00169530.,0,0,0
WBGene00169531.,0,0,0
WBGene00169532.,0,0,0
WBGene00169533.,0,0,0
WBGene00169534.,0,0,0
WBGene00169535.,0,1,1
WBGene00169536.,0,0,0
WBGene00169537.,0,0,0
WBGene00169538.,0,0,0
WBGene00169539.,0,0,0
WBGene00169540.,0,1,1
WBGene00169541.,0,0,0
WBGene00169542.,0,0,0
WBGene00169543.,0,0,0
WBGene00169544.,0,0,0
WBGene00169545.,0,0,0
WBGene00169546.,0,0,0
WBGene00169547.,0,0,0
WBGene00169548.,0,0,0
WBGene00169549.,0,0,0
WBGene00169550.,0,0,0
WBGene00169551.,0,0,0
WBGene00169552.,0,1,1
WBGene00169553.,0,0,0
WBGene00169554.,0,6,6
WBGene00169555.,0,2,2
WBGene00169556.,0,0,0
WBGene00169557.,0,0,0
WBGene00169558.,0,0,0
WBGene00169559.,0,0,0
WBGene00169560.,0,0,0
WBGene00169561.,0,0,0
WBGene00169562.,0,0,0
WBGene00169563.,0,0,0
WBGene00169564.,0,2,2
WBGene00169565.,0,0,0
WBGene00169566.,0,0,0
WBGene00169567.,0,0,0
WBGene00169568.,0,0,0
WBGene00169569.,0,0,0
WBGene00169570.,0,0,0
WBGene00169571.,0,0,0
WBGene00169572.,0,0,0
WBGene00169573.,0,0,0
WBGene00169574.,0,0,0
WBGene00169575.,0,0,0
WBGene00169576.,0,0,0
WBGene00169577.,0,0,0
WBGene00169578.,0,0,0
WBGene00169579.,0,0,0
WBGene00169580.,0,0,0
WBGene00169581.,0,0,0
WBGene00169582.,0,0,0
WBGene00169583.,0,0,0
WBGene00169584.,0,0,0
WBGene00169585.,0,0,0
WBGene00169586.,0,0,0
WBGene00169587.,0,0,0
WBGene00169588.,0,0,0
WBGene00169589.,0,0,0
WBGene00169590.,0,0,0
WBGene00169591.,0,0,0
WBGene00169592.,0,0,0
WBGene00169593.,0,0,0
WBGene00169594.,0,0,0
WBGene00169595.,0,1,1
WBGene00169596.,0,0,0
WBGene00169597.,0,0,0
WBGene00169598.,0,0,0
WBGene00169599.,0,0,0
WBGene00169600.,0,0,0
WBGene00169601.,0,0,0
WBGene00169602.,0,0,0
WBGene00169603.,0,0,0
WBGene00169604.,0,0,0
WBGene00169605.,0,0,0
WBGene00169606.,0,0,0
WBGene00169607.,0,0,0
WBGene00169608.,0,0,0
WBGene00169609.,0,0,0
WBGene00169610.,0,0,0
WBGene00169611.,0,0,0
WBGene00169612.,0,0,0
WBGene00169613.,0,0,0
WBGene00169614.,0,0,0
WBGene00169615.,0,0,0
WBGene00169617.,0,0,0
WBGene00169618.,0,0,0
WBGene00169619.,0,0,0
WBGene00169620.,0,0,0
WBGene00169621.,0,0,0
WBGene00169622.,0,0,0
WBGene00169623.,0,0,0
WBGene00169624.,0,0,0
WBGene00169625.,0,0,0
WBGene00169626.,0,0,0
WBGene00169627.,0,0,0
WBGene00169628.,0,0,0
WBGene00169629.,0,0,0
WBGene00169630.,0,0,0
WBGene00169631.,0,0,0
WBGene00169632.,0,1,1
WBGene00169633.,0,0,0
WBGene00169634.,0,0,0
WBGene00169635.,0,0,0
WBGene00169636.,0,0,0
WBGene00169637.,0,0,0
WBGene00169638.,0,0,0
WBGene00169639.,0,0,0
WBGene00169640.,0,0,0
WBGene00169641.,0,0,0
WBGene00169642.,0,0,0
WBGene00169643.,0,0,0
WBGene00169644.,0,0,0
WBGene00169645.,0,0,0
WBGene00169646.,0,0,0
WBGene00169647.,0,0,0
WBGene00169648.,0,0,0
WBGene00169649.,0,0,0
WBGene00169650.,0,6,6
WBGene00169651.,0,0,0
WBGene00169652.,0,0,0
WBGene00169653.,0,0,0
WBGene00169654.,0,0,0
WBGene00169655.,0,0,0
WBGene00169656.,0,0,0
WBGene00169657.,0,0,0
WBGene00169658.,0,0,0
WBGene00169659.,0,0,0
WBGene00169660.,0,0,0
WBGene00169661.,0,0,0
WBGene00169662.,0,0,0
WBGene00169663.,0,0,0
WBGene00169664.,0,0,0
WBGene00169665.,0,0,0
WBGene00169666.,0,0,0
WBGene00169667.,0,0,0
WBGene00169668.,0,0,0
WBGene00169669.,0,0,0
WBGene00169670.,0,0,0
WBGene00169671.,0,0,0
WBGene00169672.,0,0,0
WBGene00169673.,0,0,0
WBGene00169674.,0,0,0
WBGene00169675.,0,0,0
WBGene00169676.,0,0,0
WBGene00169677.,0,2,2
WBGene00169678.,0,1,1
WBGene00169679.,0,0,0
WBGene00169680.,0,0,0
WBGene00169681.,0,0,0
WBGene00169682.,0,0,0
WBGene00169683.,0,0,0
WBGene00169684.,0,0,0
WBGene00169685.,0,0,0
WBGene00169686.,0,0,0
WBGene00169687.,0,0,0
WBGene00169688.,0,0,0
WBGene00169689.,0,0,0
WBGene00169690.,0,0,0
WBGene00169691.,0,0,0
WBGene00169692.,0,0,0
WBGene00169693.,0,0,0
WBGene00169694.,0,0,0
WBGene00169695.,0,0,0
WBGene00169696.,0,0,0
WBGene00169697.,0,0,0
WBGene00169698.,0,0,0
WBGene00169699.,0,7,7
WBGene00169700.,0,1,1
WBGene00169701.,0,0,0
WBGene00169702.,0,0,0
WBGene00169703.,0,1,1
WBGene00169704.,0,0,0
WBGene00169705.,0,0,0
WBGene00169706.,0,0,0
WBGene00169707.,0,0,0
WBGene00169708.,0,1,1
WBGene00169709.,0,0,0
WBGene00169710.,0,0,0
WBGene00169711.,0,0,0
WBGene00169712.,0,0,0
WBGene00169713.,0,0,0
WBGene00169714.,0,0,0
WBGene00169715.,0,0,0
WBGene00169716.,0,0,0
WBGene00169717.,0,0,0
WBGene00169718.,0,0,0
WBGene00169719.,0,0,0
WBGene00169720.,0,0,0
WBGene00169721.,0,0,0
WBGene00169722.,0,0,0
WBGene00169723.,0,0,0
WBGene00169724.,0,0,0
WBGene00169725.,0,0,0
WBGene00169726.,0,0,0
WBGene00169727.,0,0,0
WBGene00169728.,0,0,0
WBGene00169729.,0,0,0
WBGene00169730.,0,0,0
WBGene00169731.,0,0,0
WBGene00169732.,0,0,0
WBGene00169733.,0,0,0
WBGene00169734.,0,0,0
WBGene00169735.,0,0,0
WBGene00169736.,0,0,0
WBGene00169737.,0,0,0
WBGene00169738.,0,1,1
WBGene00169739.,0,0,0
WBGene00169740.,0,1,1
WBGene00169741.,0,0,0
WBGene00169742.,0,0,0
WBGene00169743.,0,0,0
WBGene00169744.,0,0,0
WBGene00169745.,0,0,0
WBGene00169746.,0,0,0
WBGene00169747.,0,0,0
WBGene00169748.,0,0,0
WBGene00169749.,0,0,0
WBGene00169750.,0,0,0
WBGene00169751.,0,0,0
WBGene00169752.,0,0,0
WBGene00169753.,0,0,0
WBGene00169754.,0,0,0
WBGene00169755.,0,0,0
WBGene00169756.,0,0,0
WBGene00169757.,0,0,0
WBGene00169758.,0,0,0
WBGene00169759.,0,0,0
WBGene00169760.,0,0,0
WBGene00169761.,0,0,0
WBGene00169762.,0,0,0
WBGene00169763.,0,0,0
WBGene00169764.,0,0,0
WBGene00169765.,0,0,0
WBGene00169766.,0,0,0
WBGene00169767.,0,0,0
WBGene00169768.,0,0,0
WBGene00169769.,0,0,0
WBGene00169770.,0,0,0
WBGene00169771.,0,0,0
WBGene00169772.,0,0,0
WBGene00169773.,0,0,0
WBGene00169774.,0,0,0
WBGene00169775.,0,0,0
WBGene00169776.,0,0,0
WBGene00169777.,0,0,0
WBGene00169778.,0,0,0
WBGene00169779.,0,0,0
WBGene00169780.,0,0,0
WBGene00169781.,0,1,1
WBGene00169782.,0,0,0
WBGene00169783.,0,0,0
WBGene00169784.,0,0,0
WBGene00169785.,0,0,0
WBGene00169786.,0,0,0
WBGene00169787.,0,0,0
WBGene00169788.,0,1,1
WBGene00169789.,0,0,0
WBGene00169790.,0,0,0
WBGene00169791.,0,0,0
WBGene00169792.,0,0,0
WBGene00169793.,0,0,0
WBGene00169794.,0,0,0
WBGene00169795.,0,0,0
WBGene00169796.,0,0,0
WBGene00169797.,0,0,0
WBGene00169798.,0,0,0
WBGene00169799.,0,1,1
WBGene00169800.,0,0,0
WBGene00169801.,0,1,1
WBGene00169802.,0,1,1
WBGene00169803.,0,0,0
WBGene00169804.,0,0,0
WBGene00169805.,0,0,0
WBGene00169806.,0,0,0
WBGene00169807.,0,0,0
WBGene00169808.,0,0,0
WBGene00169809.,0,0,0
WBGene00169810.,0,0,0
WBGene00169811.,0,0,0
WBGene00169812.,0,0,0
WBGene00169813.,0,0,0
WBGene00169814.,0,0,0
WBGene00169815.,0,0,0
WBGene00169816.,0,0,0
WBGene00169817.,0,0,0
WBGene00169818.,0,0,0
WBGene00169819.,0,4,4
WBGene00169820.,0,0,0
WBGene00169821.,0,0,0
WBGene00169822.,0,0,0
WBGene00169823.,0,0,0
WBGene00169824.,0,0,0
WBGene00169825.,0,0,0
WBGene00169826.,0,0,0
WBGene00169827.,0,0,0
WBGene00169828.,0,0,0
WBGene00169829.,0,0,0
WBGene00169830.,0,1,1
WBGene00169831.,0,0,0
WBGene00169832.,0,0,0
WBGene00169833.,0,0,0
WBGene00169834.,0,0,0
WBGene00169835.,0,0,0
WBGene00169836.,0,0,0
WBGene00169837.,0,0,0
WBGene00169838.,0,4,4
WBGene00169839.,0,0,0
WBGene00169840.,0,0,0
WBGene00169841.,0,0,0
WBGene00169842.,0,0,0
WBGene00169843.,0,0,0
WBGene00169844.,0,0,0
WBGene00169845.,0,0,0
WBGene00169846.,0,0,0
WBGene00169847.,0,0,0
WBGene00169848.,0,0,0
WBGene00169849.,0,0,0
WBGene00169850.,0,0,0
WBGene00169851.,0,0,0
WBGene00169852.,0,0,0
WBGene00169853.,0,0,0
WBGene00169854.,0,0,0
WBGene00169855.,0,0,0
WBGene00169856.,0,0,0
WBGene00169857.,0,0,0
WBGene00169858.,0,0,0
WBGene00169859.,0,0,0
WBGene00169860.,0,0,0
WBGene00169861.,0,0,0
WBGene00169862.,0,0,0
WBGene00169863.,0,0,0
WBGene00169864.,0,0,0
WBGene00169865.,0,0,0
WBGene00169866.,0,0,0
WBGene00169867.,0,0,0
WBGene00169868.,0,0,0
WBGene00169869.,0,0,0
WBGene00169870.,0,0,0
WBGene00169871.,0,0,0
WBGene00169872.,0,0,0
WBGene00169873.,0,0,0
WBGene00169874.,0,0,0
WBGene00169875.,0,0,0
WBGene00169876.,0,0,0
WBGene00169877.,0,0,0
WBGene00169878.,0,0,0
WBGene00169879.,0,0,0
WBGene00169880.,0,9,9
WBGene00169881.,0,0,0
WBGene00169882.,0,0,0
WBGene00169883.,0,0,0
WBGene00169884.,0,0,0
WBGene00169885.,0,0,0
WBGene00169886.,0,0,0
WBGene00169887.,0,0,0
WBGene00169888.,0,0,0
WBGene00169889.,0,0,0
WBGene00169890.,0,0,0
WBGene00169891.,0,0,0
WBGene00169892.,0,0,0
WBGene00169893.,0,0,0
WBGene00169894.,0,5,5
WBGene00169895.,0,0,0
WBGene00169896.,0,0,0
WBGene00169897.,0,0,0
WBGene00169898.,0,0,0
WBGene00169899.,0,0,0
WBGene00169900.,0,0,0
WBGene00169901.,0,0,0
WBGene00169902.,0,0,0
WBGene00169903.,0,0,0
WBGene00169904.,0,0,0
WBGene00169905.,0,0,0
WBGene00169906.,0,1,1
WBGene00169907.,0,0,0
WBGene00169908.,0,0,0
WBGene00169909.,0,0,0
WBGene00169910.,0,0,0
WBGene00169911.,0,0,0
WBGene00169912.,0,0,0
WBGene00169913.,0,0,0
WBGene00169914.,0,0,0
WBGene00169915.,0,0,0
WBGene00169916.,0,0,0
WBGene00169917.,0,0,0
WBGene00169918.,0,0,0
WBGene00169919.,0,0,0
WBGene00169920.,0,0,0
WBGene00169921.,0,0,0
WBGene00169922.,0,0,0
WBGene00169923.,0,0,0
WBGene00169924.,0,0,0
WBGene00169925.,0,0,0
WBGene00169926.,0,0,0
WBGene00169927.,0,0,0
WBGene00169928.,0,3,3
WBGene00169929.,0,0,0
WBGene00169930.,0,0,0
WBGene00169931.,0,0,0
WBGene00169932.,0,0,0
WBGene00169933.,0,0,0
WBGene00169934.,0,0,0
WBGene00169935.,0,0,0
WBGene00169936.,0,0,0
WBGene00169937.,0,0,0
WBGene00169938.,0,0,0
WBGene00169939.,0,0,0
WBGene00169940.,0,0,0
WBGene00169941.,0,0,0
WBGene00169942.,0,1,1
WBGene00169943.,0,0,0
WBGene00169944.,0,0,0
WBGene00169946.,0,0,0
WBGene00169947.,0,0,0
WBGene00169948.,0,0,0
WBGene00169949.,0,0,0
WBGene00169950.,0,0,0
WBGene00169951.,0,0,0
WBGene00169952.,0,0,0
WBGene00169953.,0,0,0
WBGene00169954.,0,0,0
WBGene00169955.,0,0,0
WBGene00169956.,0,0,0
WBGene00169957.,0,2,2
WBGene00169958.,0,0,0
WBGene00169959.,0,0,0
WBGene00169960.,0,0,0
WBGene00169961.,0,0,0
WBGene00169962.,0,0,0
WBGene00169963.,0,0,0
WBGene00169964.,0,0,0
WBGene00169965.,0,0,0
WBGene00169966.,0,0,0
WBGene00169967.,0,0,0
WBGene00169968.,0,0,0
WBGene00169969.,0,0,0
WBGene00169970.,0,0,0
WBGene00169971.,0,0,0
WBGene00169972.,0,2,2
WBGene00169973.,0,0,0
WBGene00169974.,0,0,0
WBGene00169975.,0,0,0
WBGene00169976.,0,0,0
WBGene00169977.,0,0,0
WBGene00169978.,0,0,0
WBGene00169979.,0,38,38
WBGene00169980.,0,0,0
WBGene00169981.,0,0,0
WBGene00169982.,0,0,0
WBGene00169983.,0,0,0
WBGene00169984.,0,0,0
WBGene00169985.,0,0,0
WBGene00169986.,0,0,0
WBGene00169987.,0,0,0
WBGene00169988.,0,0,0
WBGene00169989.,0,0,0
WBGene00169990.,0,0,0
WBGene00169991.,0,0,0
WBGene00169992.,0,0,0
WBGene00169993.,0,3,3
WBGene00169994.,0,0,0
WBGene00169995.,0,0,0
WBGene00169996.,0,0,0
WBGene00169997.,0,0,0
WBGene00169998.,0,0,0
WBGene00169999.,0,0,0
WBGene00170000.,0,0,0
WBGene00170001.,0,0,0
WBGene00170002.,0,0,0
WBGene00170003.,0,0,0
WBGene00170004.,0,0,0
WBGene00170005.,0,0,0
WBGene00170006.,0,0,0
WBGene00170007.,0,0,0
WBGene00170008.,0,0,0
WBGene00170009.,0,4,4
WBGene00170010.,0,0,0
WBGene00170011.,0,0,0
WBGene00170012.,0,0,0
WBGene00170013.,0,0,0
WBGene00170014.,0,0,0
WBGene00170015.,0,0,0
WBGene00170016.,0,0,0
WBGene00170017.,0,0,0
WBGene00170018.,0,0,0
WBGene00170019.,0,0,0
WBGene00170020.,0,0,0
WBGene00170021.,0,0,0
WBGene00170022.,0,0,0
WBGene00170023.,0,0,0
WBGene00170024.,0,0,0
WBGene00170025.,0,0,0
WBGene00170026.,0,0,0
WBGene00170027.,0,1,1
WBGene00170028.,0,0,0
WBGene00170029.,0,0,0
WBGene00170030.,0,0,0
WBGene00170031.,0,0,0
WBGene00170032.,0,0,0
WBGene00170033.,0,0,0
WBGene00170034.,0,6,6
WBGene00170035.,0,0,0
WBGene00170036.,0,0,0
WBGene00170037.,0,2,2
WBGene00170038.,0,0,0
WBGene00170039.,0,0,0
WBGene00170040.,0,0,0
WBGene00170041.,0,2,2
WBGene00170042.,0,0,0
WBGene00170043.,0,0,0
WBGene00170044.,0,0,0
WBGene00170045.,0,0,0
WBGene00170046.,0,0,0
WBGene00170047.,0,0,0
WBGene00170048.,0,0,0
WBGene00170049.,0,0,0
WBGene00170050.,0,0,0
WBGene00170051.,0,0,0
WBGene00170052.,0,0,0
WBGene00170053.,0,0,0
WBGene00170054.,0,0,0
WBGene00170055.,0,0,0
WBGene00170056.,0,0,0
WBGene00170057.,0,0,0
WBGene00170058.,0,0,0
WBGene00170059.,0,0,0
WBGene00170060.,0,0,0
WBGene00170061.,0,0,0
WBGene00170062.,0,0,0
WBGene00170063.,0,0,0
WBGene00170064.,0,0,0
WBGene00170065.,0,0,0
WBGene00170066.,0,0,0
WBGene00170067.,0,0,0
WBGene00170068.,0,0,0
WBGene00170069.,0,0,0
WBGene00170070.,0,0,0
WBGene00170071.,0,0,0
WBGene00170072.,0,0,0
WBGene00170073.,0,0,0
WBGene00170074.,0,0,0
WBGene00170075.,0,0,0
WBGene00170076.,0,0,0
WBGene00170077.,0,0,0
WBGene00170078.,0,0,0
WBGene00170079.,0,0,0
WBGene00170080.,0,0,0
WBGene00170081.,0,0,0
WBGene00170082.,0,0,0
WBGene00170083.,0,0,0
WBGene00170084.,0,3,3
WBGene00170085.,0,0,0
WBGene00170086.,0,0,0
WBGene00170087.,0,0,0
WBGene00170088.,0,0,0
WBGene00170089.,0,0,0
WBGene00170090.,0,1,1
WBGene00170091.,0,0,0
WBGene00170092.,0,0,0
WBGene00170093.,0,0,0
WBGene00170094.,0,0,0
WBGene00170095.,0,0,0
WBGene00170096.,0,0,0
WBGene00170097.,0,0,0
WBGene00170098.,0,0,0
WBGene00170099.,0,0,0
WBGene00170100.,0,0,0
WBGene00170101.,0,0,0
WBGene00170102.,0,0,0
WBGene00170103.,0,0,0
WBGene00170104.,0,0,0
WBGene00170105.,0,2,2
WBGene00170106.,0,0,0
WBGene00170107.,0,0,0
WBGene00170108.,0,0,0
WBGene00170109.,0,0,0
WBGene00170110.,0,0,0
WBGene00170111.,0,0,0
WBGene00170112.,0,0,0
WBGene00170113.,0,0,0
WBGene00170114.,0,0,0
WBGene00170115.,0,0,0
WBGene00170116.,0,0,0
WBGene00170117.,0,0,0
WBGene00170118.,0,0,0
WBGene00170119.,0,0,0
WBGene00170120.,0,0,0
WBGene00170121.,0,0,0
WBGene00170122.,0,0,0
WBGene00170123.,0,0,0
WBGene00170124.,0,0,0
WBGene00170125.,0,0,0
WBGene00170126.,0,0,0
WBGene00170127.,0,0,0
WBGene00170128.,0,0,0
WBGene00170129.,0,0,0
WBGene00170130.,0,0,0
WBGene00170131.,0,0,0
WBGene00170132.,0,3,3
WBGene00170133.,0,0,0
WBGene00170134.,0,0,0
WBGene00170135.,0,0,0
WBGene00170136.,0,0,0
WBGene00170137.,0,0,0
WBGene00170138.,0,0,0
WBGene00170139.,0,0,0
WBGene00170140.,0,0,0
WBGene00170141.,0,0,0
WBGene00170142.,0,0,0
WBGene00170143.,0,0,0
WBGene00170144.,0,0,0
WBGene00170145.,0,0,0
WBGene00170146.,0,0,0
WBGene00170147.,0,0,0
WBGene00170148.,0,0,0
WBGene00170149.,0,0,0
WBGene00170150.,0,0,0
WBGene00170151.,0,0,0
WBGene00170152.,0,0,0
WBGene00170153.,0,0,0
WBGene00170154.,0,0,0
WBGene00170155.,0,0,0
WBGene00170156.,0,0,0
WBGene00170157.,0,0,0
WBGene00170158.,0,0,0
WBGene00170159.,0,0,0
WBGene00170160.,0,1,1
WBGene00170161.,0,0,0
WBGene00170162.,0,0,0
WBGene00170163.,0,0,0
WBGene00170164.,0,0,0
WBGene00170165.,0,0,0
WBGene00170166.,0,0,0
WBGene00170167.,0,0,0
WBGene00170168.,0,0,0
WBGene00170169.,0,0,0
WBGene00170170.,0,0,0
WBGene00170171.,0,0,0
WBGene00170172.,0,0,0
WBGene00170173.,0,0,0
WBGene00170174.,0,0,0
WBGene00170175.,0,0,0
WBGene00170176.,0,0,0
WBGene00170177.,0,0,0
WBGene00170178.,0,0,0
WBGene00170179.,0,0,0
WBGene00170180.,0,0,0
WBGene00170181.,0,0,0
WBGene00170182.,0,0,0
WBGene00170183.,0,0,0
WBGene00170184.,0,0,0
WBGene00170185.,0,1,1
WBGene00170186.,0,0,0
WBGene00170187.,0,0,0
WBGene00170188.,0,0,0
WBGene00170189.,0,0,0
WBGene00170190.,0,0,0
WBGene00170191.,0,0,0
WBGene00170192.,0,0,0
WBGene00170193.,0,0,0
WBGene00170194.,0,0,0
WBGene00170195.,0,0,0
WBGene00170196.,0,0,0
WBGene00170197.,0,0,0
WBGene00170198.,0,0,0
WBGene00170199.,0,0,0
WBGene00170200.,0,0,0
WBGene00170201.,0,1,1
WBGene00170202.,0,0,0
WBGene00170203.,0,0,0
WBGene00170204.,0,0,0
WBGene00170205.,0,0,0
WBGene00170206.,0,0,0
WBGene00170207.,0,0,0
WBGene00170208.,0,0,0
WBGene00170209.,0,0,0
WBGene00170210.,0,0,0
WBGene00170211.,0,0,0
WBGene00170212.,0,0,0
WBGene00170213.,0,0,0
WBGene00170214.,0,0,0
WBGene00170215.,0,0,0
WBGene00170216.,0,0,0
WBGene00170217.,0,0,0
WBGene00170218.,0,0,0
WBGene00170219.,0,0,0
WBGene00170220.,0,0,0
WBGene00170221.,0,0,0
WBGene00170222.,0,0,0
WBGene00170223.,0,0,0
WBGene00170224.,0,1,1
WBGene00170225.,0,0,0
WBGene00170226.,0,0,0
WBGene00170227.,0,0,0
WBGene00170228.,0,0,0
WBGene00170229.,0,0,0
WBGene00170230.,0,0,0
WBGene00170231.,0,0,0
WBGene00170232.,0,0,0
WBGene00170233.,0,0,0
WBGene00170234.,0,0,0
WBGene00170235.,0,2,2
WBGene00170236.,0,0,0
WBGene00170237.,0,2,2
WBGene00170238.,0,0,0
WBGene00170239.,0,0,0
WBGene00170240.,0,0,0
WBGene00170241.,0,0,0
WBGene00170242.,0,0,0
WBGene00170243.,0,0,0
WBGene00170244.,0,0,0
WBGene00170245.,0,0,0
WBGene00170246.,0,1,1
WBGene00170247.,0,0,0
WBGene00170248.,0,0,0
WBGene00170249.,0,0,0
WBGene00170250.,0,0,0
WBGene00170251.,0,0,0
WBGene00170252.,0,0,0
WBGene00170253.,0,0,0
WBGene00170254.,0,0,0
WBGene00170255.,0,0,0
WBGene00170256.,0,0,0
WBGene00170257.,0,0,0
WBGene00170258.,0,0,0
WBGene00170259.,0,0,0
WBGene00170260.,0,0,0
WBGene00170261.,0,0,0
WBGene00170262.,0,0,0
WBGene00170263.,0,0,0
WBGene00170264.,0,0,0
WBGene00170265.,0,0,0
WBGene00170266.,0,1,1
WBGene00170267.,0,0,0
WBGene00170268.,0,0,0
WBGene00170269.,0,0,0
WBGene00170270.,0,0,0
WBGene00170271.,0,0,0
WBGene00170272.,0,0,0
WBGene00170273.,0,0,0
WBGene00170274.,0,0,0
WBGene00170275.,0,1,1
WBGene00170276.,0,0,0
WBGene00170277.,0,0,0
WBGene00170278.,0,0,0
WBGene00170279.,0,0,0
WBGene00170280.,0,0,0
WBGene00170281.,0,0,0
WBGene00170282.,0,0,0
WBGene00170283.,0,0,0
WBGene00170284.,0,0,0
WBGene00170285.,0,0,0
WBGene00170286.,0,0,0
WBGene00170287.,0,0,0
WBGene00170288.,0,0,0
WBGene00170289.,0,1,1
WBGene00170290.,0,0,0
WBGene00170291.,0,0,0
WBGene00170292.,0,0,0
WBGene00170293.,0,0,0
WBGene00170294.,0,1,1
WBGene00170295.,0,1,1
WBGene00170296.,0,0,0
WBGene00170297.,0,0,0
WBGene00170298.,0,0,0
WBGene00170299.,0,0,0
WBGene00170300.,0,0,0
WBGene00170301.,0,0,0
WBGene00170302.,0,0,0
WBGene00170303.,0,0,0
WBGene00170304.,0,0,0
WBGene00170305.,0,0,0
WBGene00170306.,0,0,0
WBGene00170307.,0,0,0
WBGene00170308.,0,0,0
WBGene00170309.,0,0,0
WBGene00170310.,0,0,0
WBGene00170311.,0,0,0
WBGene00170312.,0,0,0
WBGene00170313.,0,0,0
WBGene00170314.,0,0,0
WBGene00170315.,0,0,0
WBGene00170316.,0,0,0
WBGene00170317.,0,0,0
WBGene00170318.,0,0,0
WBGene00170319.,0,0,0
WBGene00170320.,0,0,0
WBGene00170321.,0,0,0
WBGene00170322.,0,0,0
WBGene00170323.,0,0,0
WBGene00170324.,0,0,0
WBGene00170325.,0,0,0
WBGene00170326.,0,0,0
WBGene00170327.,0,0,0
WBGene00170328.,0,0,0
WBGene00170329.,0,0,0
WBGene00170330.,0,0,0
WBGene00170331.,0,0,0
WBGene00170332.,0,0,0
WBGene00170333.,0,0,0
WBGene00170334.,0,0,0
WBGene00170335.,0,0,0
WBGene00170336.,0,0,0
WBGene00170337.,0,0,0
WBGene00170338.,0,0,0
WBGene00170339.,0,0,0
WBGene00170340.,0,0,0
WBGene00170341.,0,0,0
WBGene00170342.,0,0,0
WBGene00170343.,0,0,0
WBGene00170344.,0,0,0
WBGene00170345.,0,0,0
WBGene00170346.,0,1,1
WBGene00170347.,0,0,0
WBGene00170348.,0,0,0
WBGene00170349.,0,0,0
WBGene00170350.,0,0,0
WBGene00170351.,0,0,0
WBGene00170352.,0,0,0
WBGene00170353.,0,0,0
WBGene00170354.,0,0,0
WBGene00170355.,0,0,0
WBGene00170356.,0,0,0
WBGene00170357.,0,0,0
WBGene00170358.,0,0,0
WBGene00170359.,0,0,0
WBGene00170360.,0,0,0
WBGene00170361.,0,0,0
WBGene00170362.,0,0,0
WBGene00170363.,0,0,0
WBGene00170364.,0,0,0
WBGene00170365.,0,0,0
WBGene00170366.,0,0,0
WBGene00170367.,0,1,1
WBGene00170368.,0,1,1
WBGene00170369.,0,0,0
WBGene00170370.,0,0,0
WBGene00170371.,0,0,0
WBGene00170372.,0,0,0
WBGene00170373.,0,0,0
WBGene00170374.,0,0,0
WBGene00170375.,0,1,1
WBGene00170376.,0,0,0
WBGene00170377.,0,0,0
WBGene00170378.,0,0,0
WBGene00170379.,0,0,0
WBGene00170380.,0,0,0
WBGene00170381.,0,1,1
WBGene00170382.,0,0,0
WBGene00170383.,0,0,0
WBGene00170384.,0,0,0
WBGene00170385.,0,0,0
WBGene00170386.,0,0,0
WBGene00170387.,0,0,0
WBGene00170388.,0,0,0
WBGene00170389.,0,0,0
WBGene00170390.,0,0,0
WBGene00170391.,0,0,0
WBGene00170392.,0,0,0
WBGene00170393.,0,1,1
WBGene00170394.,0,0,0
WBGene00170395.,0,0,0
WBGene00170396.,0,0,0
WBGene00170397.,0,0,0
WBGene00170398.,0,0,0
WBGene00170399.,0,0,0
WBGene00170400.,0,0,0
WBGene00170401.,0,0,0
WBGene00170402.,0,0,0
WBGene00170403.,0,0,0
WBGene00170404.,0,0,0
WBGene00170405.,0,0,0
WBGene00170406.,0,0,0
WBGene00170407.,0,0,0
WBGene00170408.,0,0,0
WBGene00170409.,0,0,0
WBGene00170410.,0,0,0
WBGene00170411.,0,0,0
WBGene00170412.,0,0,0
WBGene00170413.,0,0,0
WBGene00170414.,0,0,0
WBGene00170415.,0,0,0
WBGene00170416.,0,0,0
WBGene00170417.,0,0,0
WBGene00170418.,0,0,0
WBGene00170419.,0,0,0
WBGene00170420.,0,0,0
WBGene00170421.,0,0,0
WBGene00170422.,0,0,0
WBGene00170423.,0,0,0
WBGene00170424.,0,0,0
WBGene00170425.,0,0,0
WBGene00170426.,0,0,0
WBGene00170427.,0,0,0
WBGene00170428.,0,0,0
WBGene00170429.,0,0,0
WBGene00170430.,0,0,0
WBGene00170431.,0,0,0
WBGene00170432.,0,0,0
WBGene00170433.,0,0,0
WBGene00170434.,0,0,0
WBGene00170435.,0,0,0
WBGene00170436.,0,0,0
WBGene00170437.,0,0,0
WBGene00170438.,0,0,0
WBGene00170439.,0,0,0
WBGene00170440.,0,0,0
WBGene00170441.,0,0,0
WBGene00170442.,0,0,0
WBGene00170443.,0,0,0
WBGene00170444.,0,0,0
WBGene00170445.,0,0,0
WBGene00170446.,0,0,0
WBGene00170447.,0,0,0
WBGene00170448.,0,3,3
WBGene00170449.,0,0,0
WBGene00170450.,0,0,0
WBGene00170451.,0,0,0
WBGene00170452.,0,0,0
WBGene00170453.,0,0,0
WBGene00170454.,0,0,0
WBGene00170455.,0,0,0
WBGene00170456.,0,0,0
WBGene00170457.,0,0,0
WBGene00170458.,0,0,0
WBGene00170459.,0,0,0
WBGene00170460.,0,0,0
WBGene00170461.,0,0,0
WBGene00170462.,0,0,0
WBGene00170463.,0,0,0
WBGene00170464.,0,0,0
WBGene00170465.,0,0,0
WBGene00170466.,0,0,0
WBGene00170467.,0,0,0
WBGene00170468.,0,0,0
WBGene00170469.,0,0,0
WBGene00170470.,0,0,0
WBGene00170471.,0,0,0
WBGene00170472.,0,0,0
WBGene00170473.,0,0,0
WBGene00170474.,0,0,0
WBGene00170475.,0,0,0
WBGene00170476.,0,0,0
WBGene00170477.,0,0,0
WBGene00170478.,0,0,0
WBGene00170479.,0,0,0
WBGene00170480.,0,0,0
WBGene00170481.,0,0,0
WBGene00170482.,0,0,0
WBGene00170483.,0,0,0
WBGene00170484.,0,0,0
WBGene00170485.,0,0,0
WBGene00170486.,0,0,0
WBGene00170487.,0,0,0
WBGene00170488.,0,0,0
WBGene00170489.,0,0,0
WBGene00170490.,0,0,0
WBGene00170491.,0,0,0
WBGene00170492.,0,0,0
WBGene00170493.,0,0,0
WBGene00170494.,0,0,0
WBGene00170495.,0,0,0
WBGene00170496.,0,0,0
WBGene00170497.,0,0,0
WBGene00170498.,0,0,0
WBGene00170499.,0,0,0
WBGene00170500.,0,0,0
WBGene00170501.,0,0,0
WBGene00170502.,0,1,1
WBGene00170503.,0,0,0
WBGene00170504.,0,0,0
WBGene00170505.,0,0,0
WBGene00170506.,0,0,0
WBGene00170507.,0,0,0
WBGene00170508.,0,0,0
WBGene00170509.,0,0,0
WBGene00170510.,0,0,0
WBGene00170511.,0,0,0
WBGene00170512.,0,0,0
WBGene00170513.,0,0,0
WBGene00170514.,0,0,0
WBGene00170515.,0,4,4
WBGene00170516.,0,0,0
WBGene00170517.,0,0,0
WBGene00170518.,0,0,0
WBGene00170519.,0,0,0
WBGene00170520.,0,0,0
WBGene00170521.,0,0,0
WBGene00170522.,0,0,0
WBGene00170523.,0,0,0
WBGene00170524.,0,0,0
WBGene00170525.,0,0,0
WBGene00170526.,0,0,0
WBGene00170527.,0,0,0
WBGene00170528.,0,0,0
WBGene00170529.,0,0,0
WBGene00170530.,0,0,0
WBGene00170531.,0,0,0
WBGene00170532.,0,0,0
WBGene00170533.,0,0,0
WBGene00170534.,0,0,0
WBGene00170535.,0,0,0
WBGene00170536.,0,0,0
WBGene00170537.,0,0,0
WBGene00170538.,0,0,0
WBGene00170539.,0,0,0
WBGene00170540.,0,0,0
WBGene00170541.,0,0,0
WBGene00170542.,0,0,0
WBGene00170543.,0,0,0
WBGene00170544.,0,0,0
WBGene00170545.,0,1,1
WBGene00170546.,0,0,0
WBGene00170547.,0,0,0
WBGene00170548.,0,0,0
WBGene00170549.,0,0,0
WBGene00170550.,0,0,0
WBGene00170551.,0,0,0
WBGene00170552.,0,0,0
WBGene00170553.,0,0,0
WBGene00170554.,0,0,0
WBGene00170555.,0,0,0
WBGene00170556.,0,0,0
WBGene00170557.,0,0,0
WBGene00170558.,0,0,0
WBGene00170559.,0,0,0
WBGene00170560.,0,0,0
WBGene00170561.,0,0,0
WBGene00170562.,0,0,0
WBGene00170563.,0,0,0
WBGene00170564.,0,0,0
WBGene00170565.,0,0,0
WBGene00170566.,0,0,0
WBGene00170567.,0,0,0
WBGene00170568.,0,0,0
WBGene00170569.,0,0,0
WBGene00170570.,0,0,0
WBGene00170571.,0,0,0
WBGene00170572.,0,0,0
WBGene00170573.,0,0,0
WBGene00170574.,0,0,0
WBGene00170575.,0,0,0
WBGene00170576.,0,0,0
WBGene00170577.,0,0,0
WBGene00170578.,0,0,0
WBGene00170579.,0,0,0
WBGene00170580.,0,0,0
WBGene00170581.,0,0,0
WBGene00170582.,0,0,0
WBGene00170583.,0,0,0
WBGene00170584.,0,0,0
WBGene00170585.,0,0,0
WBGene00170586.,0,0,0
WBGene00170587.,0,0,0
WBGene00170588.,0,0,0
WBGene00170589.,0,0,0
WBGene00170590.,0,0,0
WBGene00170591.,0,2,2
WBGene00170592.,0,0,0
WBGene00170593.,0,0,0
WBGene00170594.,0,0,0
WBGene00170595.,0,0,0
WBGene00170596.,0,0,0
WBGene00170597.,0,0,0
WBGene00170598.,0,0,0
WBGene00170599.,0,0,0
WBGene00170600.,0,2,2
WBGene00170601.,0,0,0
WBGene00170602.,0,0,0
WBGene00170603.,0,0,0
WBGene00170604.,0,0,0
WBGene00170605.,0,0,0
WBGene00170606.,0,0,0
WBGene00170607.,0,0,0
WBGene00170608.,0,0,0
WBGene00170609.,0,0,0
WBGene00170610.,0,0,0
WBGene00170611.,0,0,0
WBGene00170612.,0,0,0
WBGene00170613.,0,0,0
WBGene00170614.,0,0,0
WBGene00170615.,0,0,0
WBGene00170616.,0,0,0
WBGene00170617.,0,0,0
WBGene00170618.,0,0,0
WBGene00170619.,0,0,0
WBGene00170620.,0,0,0
WBGene00170621.,0,0,0
WBGene00170622.,0,0,0
WBGene00170623.,0,0,0
WBGene00170624.,0,0,0
WBGene00170625.,0,0,0
WBGene00170626.,0,0,0
WBGene00170627.,0,0,0
WBGene00170628.,0,0,0
WBGene00170629.,0,0,0
WBGene00170630.,0,0,0
WBGene00170631.,0,0,0
WBGene00170632.,0,0,0
WBGene00170633.,0,3,3
WBGene00170634.,0,0,0
WBGene00170635.,0,0,0
WBGene00170636.,0,0,0
WBGene00170637.,0,0,0
WBGene00170638.,0,2,2
WBGene00170639.,0,0,0
WBGene00170640.,0,0,0
WBGene00170641.,0,0,0
WBGene00170642.,0,1,1
WBGene00170643.,0,0,0
WBGene00170644.,0,0,0
WBGene00170645.,0,0,0
WBGene00170646.,0,0,0
WBGene00170647.,0,0,0
WBGene00170648.,0,0,0
WBGene00170649.,0,0,0
WBGene00170650.,0,0,0
WBGene00170651.,0,0,0
WBGene00170652.,0,0,0
WBGene00170653.,0,0,0
WBGene00170654.,0,0,0
WBGene00170655.,0,0,0
WBGene00170656.,0,0,0
WBGene00170657.,0,0,0
WBGene00170658.,0,0,0
WBGene00170659.,0,0,0
WBGene00170660.,0,0,0
WBGene00170661.,0,0,0
WBGene00170662.,0,0,0
WBGene00170663.,0,0,0
WBGene00170664.,0,0,0
WBGene00170665.,0,0,0
WBGene00170666.,0,0,0
WBGene00170667.,0,0,0
WBGene00170668.,0,0,0
WBGene00170669.,0,0,0
WBGene00170670.,0,0,0
WBGene00170671.,0,0,0
WBGene00170672.,0,0,0
WBGene00170673.,0,0,0
WBGene00170674.,0,0,0
WBGene00170675.,0,0,0
WBGene00170676.,0,0,0
WBGene00170677.,0,0,0
WBGene00170678.,0,0,0
WBGene00170679.,0,0,0
WBGene00170680.,0,0,0
WBGene00170681.,0,0,0
WBGene00170682.,0,0,0
WBGene00170683.,0,1,1
WBGene00170684.,0,0,0
WBGene00170685.,0,0,0
WBGene00170686.,0,1,1
WBGene00170687.,0,0,0
WBGene00170688.,0,1,1
WBGene00170689.,0,0,0
WBGene00170690.,0,0,0
WBGene00170691.,0,0,0
WBGene00170692.,0,0,0
WBGene00170693.,0,0,0
WBGene00170694.,0,0,0
WBGene00170695.,0,0,0
WBGene00170697.,0,0,0
WBGene00170698.,0,0,0
WBGene00170699.,0,0,0
WBGene00170700.,0,0,0
WBGene00170701.,0,0,0
WBGene00170702.,0,0,0
WBGene00170703.,0,0,0
WBGene00170704.,0,0,0
WBGene00170705.,0,0,0
WBGene00170706.,0,1,1
WBGene00170707.,0,0,0
WBGene00170708.,0,0,0
WBGene00170709.,0,0,0
WBGene00170710.,0,0,0
WBGene00170711.,0,0,0
WBGene00170712.,0,2,2
WBGene00170713.,0,0,0
WBGene00170714.,0,0,0
WBGene00170715.,0,0,0
WBGene00170716.,0,0,0
WBGene00170717.,0,0,0
WBGene00170718.,0,0,0
WBGene00170719.,0,0,0
WBGene00170720.,0,0,0
WBGene00170721.,0,0,0
WBGene00170722.,0,0,0
WBGene00170723.,0,0,0
WBGene00170724.,0,0,0
WBGene00170725.,0,0,0
WBGene00170726.,0,0,0
WBGene00170727.,0,0,0
WBGene00170728.,0,0,0
WBGene00170729.,0,0,0
WBGene00170730.,0,0,0
WBGene00170731.,0,0,0
WBGene00170732.,0,0,0
WBGene00170733.,0,0,0
WBGene00170734.,0,0,0
WBGene00170735.,0,0,0
WBGene00170736.,0,0,0
WBGene00170737.,0,0,0
WBGene00170738.,0,0,0
WBGene00170739.,0,0,0
WBGene00170740.,0,0,0
WBGene00170741.,0,0,0
WBGene00170742.,0,0,0
WBGene00170743.,0,2,2
WBGene00170744.,0,0,0
WBGene00170745.,0,0,0
WBGene00170746.,0,0,0
WBGene00170747.,0,0,0
WBGene00170748.,0,0,0
WBGene00170749.,0,0,0
WBGene00170750.,0,0,0
WBGene00170751.,0,0,0
WBGene00170752.,0,0,0
WBGene00170753.,0,0,0
WBGene00170754.,0,0,0
WBGene00170755.,0,0,0
WBGene00170756.,0,0,0
WBGene00170757.,0,0,0
WBGene00170758.,0,0,0
WBGene00170759.,0,0,0
WBGene00170760.,0,0,0
WBGene00170761.,0,0,0
WBGene00170762.,0,0,0
WBGene00170763.,0,0,0
WBGene00170764.,0,0,0
WBGene00170765.,0,1,1
WBGene00170766.,0,0,0
WBGene00170767.,0,0,0
WBGene00170768.,0,1,1
WBGene00170769.,0,0,0
WBGene00170770.,0,0,0
WBGene00170771.,0,0,0
WBGene00170772.,0,0,0
WBGene00170773.,0,0,0
WBGene00170774.,0,0,0
WBGene00170775.,0,0,0
WBGene00170776.,0,0,0
WBGene00170777.,0,0,0
WBGene00170778.,0,0,0
WBGene00170779.,0,0,0
WBGene00170780.,0,0,0
WBGene00170781.,0,0,0
WBGene00170782.,0,0,0
WBGene00170783.,0,0,0
WBGene00170784.,0,0,0
WBGene00170785.,0,0,0
WBGene00170786.,0,0,0
WBGene00170787.,0,0,0
WBGene00170788.,0,0,0
WBGene00170789.,0,0,0
WBGene00170790.,0,0,0
WBGene00170791.,0,0,0
WBGene00170792.,0,0,0
WBGene00170793.,0,0,0
WBGene00170794.,0,0,0
WBGene00170795.,0,0,0
WBGene00170796.,0,0,0
WBGene00170797.,0,0,0
WBGene00170798.,0,0,0
WBGene00170799.,0,0,0
WBGene00170800.,0,0,0
WBGene00170801.,0,0,0
WBGene00170802.,0,0,0
WBGene00170803.,0,0,0
WBGene00170804.,0,0,0
WBGene00170805.,0,0,0
WBGene00170806.,0,0,0
WBGene00170807.,0,0,0
WBGene00170808.,0,0,0
WBGene00170809.,0,0,0
WBGene00170810.,0,0,0
WBGene00170811.,0,1,1
WBGene00170812.,0,0,0
WBGene00170813.,0,0,0
WBGene00170814.,0,0,0
WBGene00170815.,0,0,0
WBGene00170816.,0,0,0
WBGene00170817.,0,0,0
WBGene00170818.,0,0,0
WBGene00170819.,0,0,0
WBGene00170820.,0,0,0
WBGene00170821.,0,0,0
WBGene00170822.,0,0,0
WBGene00170823.,0,0,0
WBGene00170824.,0,0,0
WBGene00170825.,0,0,0
WBGene00170826.,0,0,0
WBGene00170827.,0,0,0
WBGene00170828.,0,0,0
WBGene00170829.,0,0,0
WBGene00170830.,0,0,0
WBGene00170831.,0,0,0
WBGene00170832.,0,0,0
WBGene00170833.,0,0,0
WBGene00170834.,0,0,0
WBGene00170835.,0,8,8
WBGene00170836.,0,0,0
WBGene00170837.,0,0,0
WBGene00170838.,0,0,0
WBGene00170839.,0,0,0
WBGene00170840.,0,0,0
WBGene00170841.,0,0,0
WBGene00170842.,0,0,0
WBGene00170843.,0,0,0
WBGene00170844.,0,0,0
WBGene00170845.,0,0,0
WBGene00170846.,0,0,0
WBGene00170847.,0,0,0
WBGene00170848.,0,0,0
WBGene00170849.,0,0,0
WBGene00170850.,0,0,0
WBGene00170851.,0,0,0
WBGene00170852.,0,0,0
WBGene00170853.,0,0,0
WBGene00170854.,0,0,0
WBGene00170855.,0,0,0
WBGene00170856.,0,0,0
WBGene00170857.,0,0,0
WBGene00170858.,0,0,0
WBGene00170859.,0,0,0
WBGene00170860.,0,0,0
WBGene00170861.,0,0,0
WBGene00170862.,0,0,0
WBGene00170863.,0,0,0
WBGene00170864.,0,0,0
WBGene00170865.,0,1,1
WBGene00170866.,0,0,0
WBGene00170867.,0,0,0
WBGene00170868.,0,0,0
WBGene00170869.,0,0,0
WBGene00170870.,0,0,0
WBGene00170871.,0,0,0
WBGene00170872.,0,0,0
WBGene00170873.,0,0,0
WBGene00170874.,0,0,0
WBGene00170875.,0,0,0
WBGene00170876.,0,0,0
WBGene00170877.,0,0,0
WBGene00170878.,0,0,0
WBGene00170879.,0,0,0
WBGene00170880.,0,0,0
WBGene00170881.,0,0,0
WBGene00170882.,0,0,0
WBGene00170883.,0,0,0
WBGene00170884.,0,0,0
WBGene00170885.,0,0,0
WBGene00170886.,0,0,0
WBGene00170887.,0,0,0
WBGene00170888.,0,0,0
WBGene00170889.,0,0,0
WBGene00170890.,0,0,0
WBGene00170891.,0,0,0
WBGene00170892.,0,0,0
WBGene00170893.,0,0,0
WBGene00170894.,0,0,0
WBGene00170895.,0,0,0
WBGene00170896.,0,0,0
WBGene00170897.,0,0,0
WBGene00170898.,0,0,0
WBGene00170899.,0,0,0
WBGene00170900.,0,0,0
WBGene00170901.,0,0,0
WBGene00170902.,0,0,0
WBGene00170903.,0,0,0
WBGene00170904.,0,1,1
WBGene00170905.,0,0,0
WBGene00170906.,0,0,0
WBGene00170907.,0,0,0
WBGene00170908.,0,0,0
WBGene00170909.,0,0,0
WBGene00170910.,0,0,0
WBGene00170911.,0,0,0
WBGene00170912.,0,0,0
WBGene00170913.,0,0,0
WBGene00170914.,0,0,0
WBGene00170915.,0,0,0
WBGene00170916.,0,0,0
WBGene00170917.,0,0,0
WBGene00170918.,0,0,0
WBGene00170919.,0,0,0
WBGene00170920.,0,0,0
WBGene00170921.,0,0,0
WBGene00170922.,0,0,0
WBGene00170923.,0,0,0
WBGene00170924.,0,0,0
WBGene00170925.,0,0,0
WBGene00170926.,0,2,2
WBGene00170927.,0,0,0
WBGene00170928.,0,0,0
WBGene00170929.,0,0,0
WBGene00170930.,0,0,0
WBGene00170931.,0,0,0
WBGene00170932.,0,0,0
WBGene00170933.,0,0,0
WBGene00170934.,0,0,0
WBGene00170935.,0,0,0
WBGene00170936.,0,0,0
WBGene00170937.,0,0,0
WBGene00170938.,0,0,0
WBGene00170939.,0,0,0
WBGene00170940.,0,0,0
WBGene00170941.,0,0,0
WBGene00170942.,0,0,0
WBGene00170943.,0,0,0
WBGene00170944.,0,0,0
WBGene00170945.,0,0,0
WBGene00170946.,0,0,0
WBGene00170947.,0,0,0
WBGene00170948.,0,0,0
WBGene00170949.,0,0,0
WBGene00170950.,0,0,0
WBGene00170951.,0,5,5
WBGene00170952.,0,0,0
WBGene00170953.,0,0,0
WBGene00170954.,0,7,7
WBGene00170955.,0,0,0
WBGene00170956.,0,0,0
WBGene00170957.,0,0,0
WBGene00170958.,0,0,0
WBGene00170959.,0,0,0
WBGene00170960.,0,0,0
WBGene00170961.,0,1,1
WBGene00170962.,0,0,0
WBGene00170963.,0,0,0
WBGene00170964.,0,0,0
WBGene00170965.,0,0,0
WBGene00170966.,0,0,0
WBGene00170967.,0,0,0
WBGene00170968.,0,0,0
WBGene00170969.,0,0,0
WBGene00170970.,0,0,0
WBGene00170971.,0,0,0
WBGene00170972.,0,0,0
WBGene00170973.,0,0,0
WBGene00170974.,0,6,6
WBGene00170975.,0,1,1
WBGene00170976.,0,0,0
WBGene00170977.,0,1,1
WBGene00170978.,0,2,2
WBGene00170979.,0,0,0
WBGene00170980.,0,5,5
WBGene00170981.,0,0,0
WBGene00170982.,0,0,0
WBGene00170983.,0,0,0
WBGene00170984.,0,0,0
WBGene00170985.,0,0,0
WBGene00170986.,0,3,3
WBGene00170987.,0,0,0
WBGene00170988.,0,0,0
WBGene00170989.,0,0,0
WBGene00170990.,0,0,0
WBGene00170991.,0,1,1
WBGene00170992.,0,0,0
WBGene00170993.,0,0,0
WBGene00170994.,0,0,0
WBGene00170995.,0,0,0
WBGene00170996.,0,0,0
WBGene00170997.,0,0,0
WBGene00170998.,0,0,0
WBGene00170999.,0,0,0
WBGene00171000.,0,0,0
WBGene00171001.,0,0,0
WBGene00171002.,0,0,0
WBGene00171003.,0,0,0
WBGene00171004.,0,0,0
WBGene00171005.,0,0,0
WBGene00171006.,0,0,0
WBGene00171007.,0,0,0
WBGene00171008.,0,0,0
WBGene00171009.,0,2,2
WBGene00171010.,0,0,0
WBGene00171011.,0,0,0
WBGene00171012.,0,0,0
WBGene00171013.,0,0,0
WBGene00171014.,0,2,2
WBGene00171015.,0,0,0
WBGene00171016.,0,0,0
WBGene00171017.,0,0,0
WBGene00171018.,0,0,0
WBGene00171019.,0,0,0
WBGene00171020.,0,0,0
WBGene00171021.,0,0,0
WBGene00171022.,0,0,0
WBGene00171023.,0,0,0
WBGene00171024.,0,0,0
WBGene00171025.,0,0,0
WBGene00171026.,0,0,0
WBGene00171027.,0,0,0
WBGene00171028.,0,0,0
WBGene00171029.,0,1,1
WBGene00171030.,0,0,0
WBGene00171031.,0,0,0
WBGene00171032.,0,0,0
WBGene00171033.,0,0,0
WBGene00171034.,0,0,0
WBGene00171035.,0,0,0
WBGene00171036.,0,0,0
WBGene00171037.,0,0,0
WBGene00171038.,0,0,0
WBGene00171039.,0,0,0
WBGene00171040.,0,0,0
WBGene00171041.,0,4,4
WBGene00171042.,0,0,0
WBGene00171043.,0,1,1
WBGene00171044.,0,0,0
WBGene00171045.,0,0,0
WBGene00171046.,0,0,0
WBGene00171047.,0,0,0
WBGene00171048.,0,0,0
WBGene00171049.,0,0,0
WBGene00171050.,0,0,0
WBGene00171051.,0,0,0
WBGene00171052.,0,0,0
WBGene00171053.,0,0,0
WBGene00171054.,0,0,0
WBGene00171055.,0,0,0
WBGene00171056.,0,0,0
WBGene00171057.,0,0,0
WBGene00171058.,0,0,0
WBGene00171059.,0,0,0
WBGene00171060.,0,0,0
WBGene00171061.,0,0,0
WBGene00171062.,0,0,0
WBGene00171063.,0,0,0
WBGene00171064.,0,0,0
WBGene00171065.,0,0,0
WBGene00171066.,0,0,0
WBGene00171067.,0,0,0
WBGene00171068.,0,0,0
WBGene00171069.,0,0,0
WBGene00171070.,0,0,0
WBGene00171071.,0,0,0
WBGene00171072.,0,0,0
WBGene00171073.,0,0,0
WBGene00171074.,0,0,0
WBGene00171075.,0,0,0
WBGene00171076.,0,0,0
WBGene00171077.,0,0,0
WBGene00171078.,0,0,0
WBGene00171079.,0,0,0
WBGene00171080.,0,0,0
WBGene00171081.,0,0,0
WBGene00171082.,0,0,0
WBGene00171083.,0,0,0
WBGene00171084.,0,0,0
WBGene00171085.,0,0,0
WBGene00171086.,0,0,0
WBGene00171087.,0,0,0
WBGene00171088.,0,0,0
WBGene00171089.,0,0,0
WBGene00171090.,0,0,0
WBGene00171091.,0,0,0
WBGene00171092.,0,0,0
WBGene00171093.,0,0,0
WBGene00171094.,0,0,0
WBGene00171095.,0,0,0
WBGene00171096.,0,0,0
WBGene00171097.,0,0,0
WBGene00171098.,0,0,0
WBGene00171099.,0,0,0
WBGene00171100.,0,0,0
WBGene00171101.,0,0,0
WBGene00171102.,0,0,0
WBGene00171103.,0,0,0
WBGene00171104.,0,0,0
WBGene00171105.,0,0,0
WBGene00171106.,0,0,0
WBGene00171107.,0,0,0
WBGene00171108.,0,0,0
WBGene00171109.,0,0,0
WBGene00171110.,0,0,0
WBGene00171111.,0,0,0
WBGene00171112.,0,0,0
WBGene00171113.,0,0,0
WBGene00171114.,0,0,0
WBGene00171115.,0,0,0
WBGene00171116.,0,0,0
WBGene00171117.,0,0,0
WBGene00171118.,0,0,0
WBGene00171119.,0,0,0
WBGene00171120.,0,0,0
WBGene00171121.,0,0,0
WBGene00171122.,0,0,0
WBGene00171123.,0,0,0
WBGene00171124.,0,0,0
WBGene00171125.,0,0,0
WBGene00171126.,0,0,0
WBGene00171127.,0,1,1
WBGene00171128.,0,0,0
WBGene00171129.,0,0,0
WBGene00171130.,0,0,0
WBGene00171131.,0,0,0
WBGene00171132.,0,0,0
WBGene00171133.,0,0,0
WBGene00171134.,0,0,0
WBGene00171135.,0,0,0
WBGene00171136.,0,0,0
WBGene00171137.,0,0,0
WBGene00171138.,0,0,0
WBGene00171139.,0,0,0
WBGene00171140.,0,0,0
WBGene00171141.,0,1,1
WBGene00171142.,0,0,0
WBGene00171143.,0,0,0
WBGene00171144.,0,0,0
WBGene00171145.,0,0,0
WBGene00171146.,0,0,0
WBGene00171147.,0,0,0
WBGene00171148.,0,1,1
WBGene00171149.,0,0,0
WBGene00171150.,0,0,0
WBGene00171151.,0,0,0
WBGene00171152.,0,2,2
WBGene00171153.,0,0,0
WBGene00171154.,0,0,0
WBGene00171155.,0,0,0
WBGene00171156.,0,1,1
WBGene00171157.,0,0,0
WBGene00171158.,0,0,0
WBGene00171159.,0,0,0
WBGene00171160.,0,0,0
WBGene00171161.,0,0,0
WBGene00171162.,0,0,0
WBGene00171163.,0,0,0
WBGene00171164.,0,0,0
WBGene00171165.,0,0,0
WBGene00171166.,0,0,0
WBGene00171167.,0,0,0
WBGene00171168.,0,0,0
WBGene00171169.,0,0,0
WBGene00171170.,0,0,0
WBGene00171171.,0,0,0
WBGene00171172.,0,0,0
WBGene00171173.,0,0,0
WBGene00171174.,0,0,0
WBGene00171175.,0,0,0
WBGene00171176.,0,0,0
WBGene00171177.,0,0,0
WBGene00171178.,0,0,0
WBGene00171179.,0,0,0
WBGene00171180.,0,0,0
WBGene00171181.,0,1,1
WBGene00171182.,0,0,0
WBGene00171183.,0,0,0
WBGene00171184.,0,0,0
WBGene00171185.,0,0,0
WBGene00171186.,0,0,0
WBGene00171187.,0,0,0
WBGene00171188.,0,0,0
WBGene00171189.,0,0,0
WBGene00171190.,0,0,0
WBGene00171191.,0,0,0
WBGene00171192.,0,0,0
WBGene00171193.,0,0,0
WBGene00171194.,0,0,0
WBGene00171195.,0,0,0
WBGene00171196.,0,0,0
WBGene00171197.,0,0,0
WBGene00171198.,0,0,0
WBGene00171199.,0,0,0
WBGene00171200.,0,0,0
WBGene00171201.,0,0,0
WBGene00171202.,0,0,0
WBGene00171203.,0,0,0
WBGene00171204.,0,0,0
WBGene00171205.,0,0,0
WBGene00171206.,0,0,0
WBGene00171207.,0,0,0
WBGene00171208.,0,0,0
WBGene00171209.,0,0,0
WBGene00171210.,0,0,0
WBGene00171211.,0,0,0
WBGene00171212.,0,0,0
WBGene00171213.,0,0,0
WBGene00171214.,0,0,0
WBGene00171215.,0,0,0
WBGene00171216.,0,1,1
WBGene00171217.,0,0,0
WBGene00171218.,0,0,0
WBGene00171219.,0,0,0
WBGene00171220.,0,0,0
WBGene00171221.,0,0,0
WBGene00171222.,0,0,0
WBGene00171223.,0,0,0
WBGene00171224.,0,0,0
WBGene00171225.,0,0,0
WBGene00171226.,0,0,0
WBGene00171227.,0,0,0
WBGene00171228.,0,1,1
WBGene00171229.,0,0,0
WBGene00171230.,0,0,0
WBGene00171231.,0,0,0
WBGene00171232.,0,0,0
WBGene00171233.,0,0,0
WBGene00171234.,0,0,0
WBGene00171235.,0,0,0
WBGene00171236.,0,1,1
WBGene00171237.,0,0,0
WBGene00171238.,0,0,0
WBGene00171239.,0,0,0
WBGene00171240.,0,0,0
WBGene00171241.,0,0,0
WBGene00171242.,0,0,0
WBGene00171243.,0,0,0
WBGene00171244.,0,0,0
WBGene00171245.,0,0,0
WBGene00171246.,0,0,0
WBGene00171247.,0,0,0
WBGene00171248.,0,0,0
WBGene00171249.,0,0,0
WBGene00171250.,0,0,0
WBGene00171251.,0,0,0
WBGene00171252.,0,1,1
WBGene00171253.,0,0,0
WBGene00171254.,0,0,0
WBGene00171255.,0,0,0
WBGene00171256.,0,0,0
WBGene00171257.,0,0,0
WBGene00171258.,0,0,0
WBGene00171259.,0,0,0
WBGene00171260.,0,0,0
WBGene00171261.,0,0,0
WBGene00171262.,0,0,0
WBGene00171263.,0,0,0
WBGene00171264.,0,0,0
WBGene00171265.,0,6,6
WBGene00171266.,0,0,0
WBGene00171267.,0,0,0
WBGene00171268.,0,0,0
WBGene00171269.,0,0,0
WBGene00171270.,0,1,1
WBGene00171271.,0,0,0
WBGene00171272.,0,0,0
WBGene00171273.,0,0,0
WBGene00171274.,0,0,0
WBGene00171275.,0,0,0
WBGene00171276.,0,0,0
WBGene00171277.,0,0,0
WBGene00171278.,0,0,0
WBGene00171279.,0,0,0
WBGene00171280.,0,0,0
WBGene00171281.,0,0,0
WBGene00171282.,0,0,0
WBGene00171283.,0,0,0
WBGene00171284.,0,1,1
WBGene00171285.,0,0,0
WBGene00171286.,0,5,5
WBGene00171287.,0,0,0
WBGene00171288.,0,0,0
WBGene00171289.,0,0,0
WBGene00171290.,0,1,1
WBGene00171291.,0,0,0
WBGene00171292.,0,0,0
WBGene00171293.,0,0,0
WBGene00171294.,0,0,0
WBGene00171295.,0,0,0
WBGene00171296.,0,0,0
WBGene00171297.,0,0,0
WBGene00171298.,0,0,0
WBGene00171299.,0,0,0
WBGene00171300.,0,0,0
WBGene00171301.,0,0,0
WBGene00171302.,0,1,1
WBGene00171303.,0,0,0
WBGene00171304.,0,0,0
WBGene00171305.,0,0,0
WBGene00171306.,0,0,0
WBGene00171307.,0,0,0
WBGene00171308.,0,0,0
WBGene00171309.,0,1,1
WBGene00171310.,0,0,0
WBGene00171311.,0,1,1
WBGene00171312.,0,0,0
WBGene00171313.,0,0,0
WBGene00171314.,0,0,0
WBGene00171315.,0,0,0
WBGene00171316.,0,0,0
WBGene00171317.,0,0,0
WBGene00171318.,0,0,0
WBGene00171319.,0,0,0
WBGene00171320.,0,0,0
WBGene00171321.,0,0,0
WBGene00171322.,0,0,0
WBGene00171323.,0,2,2
WBGene00171324.,0,0,0
WBGene00171325.,0,0,0
WBGene00171326.,0,0,0
WBGene00171327.,0,0,0
WBGene00171328.,0,0,0
WBGene00171329.,0,0,0
WBGene00171330.,0,0,0
WBGene00171331.,0,0,0
WBGene00171332.,0,0,0
WBGene00171333.,0,0,0
WBGene00171334.,0,0,0
WBGene00171335.,0,0,0
WBGene00171336.,0,0,0
WBGene00171337.,0,0,0
WBGene00171338.,0,0,0
WBGene00171339.,0,0,0
WBGene00171340.,0,0,0
WBGene00171341.,0,0,0
WBGene00171342.,0,0,0
WBGene00171343.,0,0,0
WBGene00171344.,0,0,0
WBGene00171345.,0,0,0
WBGene00171346.,0,2,2
WBGene00171347.,0,9,9
WBGene00171348.,0,0,0
WBGene00171349.,0,0,0
WBGene00171350.,0,0,0
WBGene00171351.,0,0,0
WBGene00171352.,0,0,0
WBGene00171353.,0,0,0
WBGene00171354.,0,0,0
WBGene00171355.,0,0,0
WBGene00171356.,0,0,0
WBGene00171357.,0,0,0
WBGene00171358.,0,0,0
WBGene00171359.,0,2,2
WBGene00171360.,0,0,0
WBGene00171361.,0,0,0
WBGene00171362.,0,0,0
WBGene00171363.,0,0,0
WBGene00171364.,0,0,0
WBGene00171365.,0,0,0
WBGene00171366.,0,0,0
WBGene00171367.,0,0,0
WBGene00171368.,0,0,0
WBGene00171369.,0,0,0
WBGene00171370.,0,0,0
WBGene00171371.,0,0,0
WBGene00171372.,0,0,0
WBGene00171373.,0,0,0
WBGene00171374.,0,0,0
WBGene00171375.,0,0,0
WBGene00171376.,0,0,0
WBGene00171377.,0,0,0
WBGene00171378.,0,0,0
WBGene00171379.,0,0,0
WBGene00171380.,0,0,0
WBGene00171381.,0,0,0
WBGene00171382.,0,0,0
WBGene00171383.,0,0,0
WBGene00171384.,0,0,0
WBGene00171385.,0,0,0
WBGene00171386.,0,0,0
WBGene00171387.,0,0,0
WBGene00171388.,0,0,0
WBGene00171389.,0,0,0
WBGene00171390.,0,0,0
WBGene00171391.,0,0,0
WBGene00171392.,0,0,0
WBGene00171393.,0,0,0
WBGene00171394.,0,0,0
WBGene00171395.,0,0,0
WBGene00171396.,0,0,0
WBGene00171397.,0,0,0
WBGene00171398.,0,0,0
WBGene00171399.,0,0,0
WBGene00171400.,0,0,0
WBGene00171401.,0,0,0
WBGene00171402.,0,0,0
WBGene00171403.,0,0,0
WBGene00171404.,0,0,0
WBGene00171405.,0,0,0
WBGene00171406.,0,0,0
WBGene00171407.,0,0,0
WBGene00171408.,0,0,0
WBGene00171409.,0,0,0
WBGene00171410.,0,0,0
WBGene00171411.,0,1,1
WBGene00171412.,0,2,2
WBGene00171413.,0,0,0
WBGene00171414.,0,0,0
WBGene00171415.,0,0,0
WBGene00171416.,0,0,0
WBGene00171417.,0,0,0
WBGene00171418.,0,0,0
WBGene00171419.,0,0,0
WBGene00171420.,0,0,0
WBGene00171421.,0,0,0
WBGene00171422.,0,0,0
WBGene00171423.,0,2,2
WBGene00171424.,0,0,0
WBGene00171425.,0,0,0
WBGene00171426.,0,0,0
WBGene00171427.,0,0,0
WBGene00171428.,0,1,1
WBGene00171429.,0,0,0
WBGene00171430.,0,0,0
WBGene00171431.,0,0,0
WBGene00171432.,0,0,0
WBGene00171433.,0,0,0
WBGene00171434.,0,0,0
WBGene00171435.,0,0,0
WBGene00171436.,0,0,0
WBGene00171437.,0,0,0
WBGene00171438.,0,0,0
WBGene00171439.,0,0,0
WBGene00171440.,0,2,2
WBGene00171441.,0,0,0
WBGene00171442.,0,0,0
WBGene00171443.,0,0,0
WBGene00171444.,0,0,0
WBGene00171445.,0,0,0
WBGene00171446.,0,0,0
WBGene00171447.,0,0,0
WBGene00171448.,0,0,0
WBGene00171449.,0,0,0
WBGene00171450.,0,0,0
WBGene00171451.,0,0,0
WBGene00171452.,0,0,0
WBGene00171453.,0,0,0
WBGene00171454.,0,0,0
WBGene00171455.,0,0,0
WBGene00171456.,0,2,2
WBGene00171457.,0,0,0
WBGene00171458.,0,0,0
WBGene00171459.,0,0,0
WBGene00171460.,0,0,0
WBGene00171461.,0,1,1
WBGene00171462.,0,0,0
WBGene00171463.,0,0,0
WBGene00171464.,0,0,0
WBGene00171465.,0,0,0
WBGene00171466.,0,0,0
WBGene00171467.,0,0,0
WBGene00171468.,0,0,0
WBGene00171469.,0,0,0
WBGene00171470.,0,10,10
WBGene00171471.,0,0,0
WBGene00171472.,0,0,0
WBGene00171473.,0,0,0
WBGene00171474.,0,0,0
WBGene00171475.,0,0,0
WBGene00171476.,0,0,0
WBGene00171477.,0,0,0
WBGene00171478.,0,3,3
WBGene00171479.,0,0,0
WBGene00171480.,0,0,0
WBGene00171481.,0,0,0
WBGene00171482.,0,0,0
WBGene00171483.,0,0,0
WBGene00171484.,0,0,0
WBGene00171485.,0,0,0
WBGene00171486.,0,0,0
WBGene00171487.,0,0,0
WBGene00171488.,0,0,0
WBGene00171489.,0,0,0
WBGene00171490.,0,0,0
WBGene00171491.,0,0,0
WBGene00171492.,0,0,0
WBGene00171493.,0,0,0
WBGene00171494.,0,0,0
WBGene00171495.,0,0,0
WBGene00171496.,0,0,0
WBGene00171497.,0,0,0
WBGene00171498.,0,0,0
WBGene00171499.,0,0,0
WBGene00171500.,0,1,1
WBGene00171501.,0,0,0
WBGene00171502.,0,0,0
WBGene00171503.,0,0,0
WBGene00171504.,0,0,0
WBGene00171505.,0,2,2
WBGene00171506.,0,0,0
WBGene00171507.,0,0,0
WBGene00171508.,0,0,0
WBGene00171509.,0,0,0
WBGene00171510.,0,0,0
WBGene00171511.,0,0,0
WBGene00171512.,0,0,0
WBGene00171513.,0,0,0
WBGene00171514.,0,0,0
WBGene00171515.,0,0,0
WBGene00171516.,0,0,0
WBGene00171517.,0,0,0
WBGene00171518.,0,0,0
WBGene00171519.,0,4,4
WBGene00171520.,0,0,0
WBGene00171521.,0,0,0
WBGene00171522.,0,0,0
WBGene00171523.,0,0,0
WBGene00171524.,0,0,0
WBGene00171525.,0,2,2
WBGene00171526.,0,3,3
WBGene00171527.,0,0,0
WBGene00171528.,0,0,0
WBGene00171529.,0,0,0
WBGene00171530.,0,0,0
WBGene00171531.,0,0,0
WBGene00171532.,0,0,0
WBGene00171533.,0,0,0
WBGene00171534.,0,0,0
WBGene00171535.,0,0,0
WBGene00171536.,0,0,0
WBGene00171537.,0,0,0
WBGene00171538.,0,0,0
WBGene00171539.,0,0,0
WBGene00171540.,0,0,0
WBGene00171541.,0,0,0
WBGene00171542.,0,0,0
WBGene00171543.,0,0,0
WBGene00171544.,0,0,0
WBGene00171545.,0,0,0
WBGene00171546.,0,0,0
WBGene00171547.,0,2,2
WBGene00171548.,0,0,0
WBGene00171549.,0,0,0
WBGene00171550.,0,0,0
WBGene00171551.,0,0,0
WBGene00171552.,0,0,0
WBGene00171553.,0,0,0
WBGene00171554.,0,0,0
WBGene00171555.,0,0,0
WBGene00171556.,0,0,0
WBGene00171557.,0,0,0
WBGene00171558.,0,0,0
WBGene00171559.,0,3,3
WBGene00171560.,0,0,0
WBGene00171561.,0,0,0
WBGene00171562.,0,0,0
WBGene00171563.,0,0,0
WBGene00171564.,0,0,0
WBGene00171565.,0,0,0
WBGene00171566.,0,0,0
WBGene00171567.,0,0,0
WBGene00171568.,0,6,6
WBGene00171569.,0,0,0
WBGene00171570.,0,0,0
WBGene00171571.,0,0,0
WBGene00171572.,0,0,0
WBGene00171573.,0,0,0
WBGene00171574.,0,0,0
WBGene00171575.,0,0,0
WBGene00171576.,0,0,0
WBGene00171577.,0,0,0
WBGene00171578.,0,0,0
WBGene00171579.,0,0,0
WBGene00171580.,0,0,0
WBGene00171581.,0,0,0
WBGene00171582.,0,0,0
WBGene00171583.,0,0,0
WBGene00171584.,0,0,0
WBGene00171585.,0,0,0
WBGene00171586.,0,0,0
WBGene00171587.,0,0,0
WBGene00171588.,0,1,1
WBGene00171589.,0,0,0
WBGene00171590.,0,0,0
WBGene00171591.,0,0,0
WBGene00171592.,0,0,0
WBGene00171593.,0,0,0
WBGene00171594.,0,0,0
WBGene00171595.,0,0,0
WBGene00171596.,0,1,1
WBGene00171597.,0,0,0
WBGene00171598.,0,0,0
WBGene00171599.,0,0,0
WBGene00171600.,0,0,0
WBGene00171601.,0,0,0
WBGene00171602.,0,0,0
WBGene00171603.,0,0,0
WBGene00171604.,0,0,0
WBGene00171605.,0,0,0
WBGene00171606.,0,0,0
WBGene00171607.,0,0,0
WBGene00171608.,0,0,0
WBGene00171609.,0,0,0
WBGene00171610.,0,0,0
WBGene00171611.,0,0,0
WBGene00171612.,0,0,0
WBGene00171613.,0,0,0
WBGene00171614.,0,0,0
WBGene00171615.,0,0,0
WBGene00171616.,0,0,0
WBGene00171617.,0,0,0
WBGene00171618.,0,0,0
WBGene00171619.,0,0,0
WBGene00171620.,0,0,0
WBGene00171621.,0,1,1
WBGene00171622.,0,2,2
WBGene00171623.,0,0,0
WBGene00171624.,0,0,0
WBGene00171625.,0,0,0
WBGene00171626.,0,0,0
WBGene00171627.,0,0,0
WBGene00171628.,0,0,0
WBGene00171629.,0,0,0
WBGene00171630.,0,0,0
WBGene00171631.,0,0,0
WBGene00171632.,0,0,0
WBGene00171633.,0,0,0
WBGene00171634.,0,0,0
WBGene00171635.,0,0,0
WBGene00171636.,0,0,0
WBGene00171637.,0,0,0
WBGene00171638.,0,0,0
WBGene00171639.,0,0,0
WBGene00171640.,0,0,0
WBGene00171641.,0,0,0
WBGene00171642.,0,0,0
WBGene00171643.,0,0,0
WBGene00171644.,0,0,0
WBGene00171645.,0,0,0
WBGene00171646.,0,0,0
WBGene00171647.,0,0,0
WBGene00171648.,0,0,0
WBGene00171649.,0,0,0
WBGene00171650.,0,0,0
WBGene00171651.,0,0,0
WBGene00171652.,0,0,0
WBGene00171653.,0,0,0
WBGene00171654.,0,0,0
WBGene00171655.,0,0,0
WBGene00171656.,0,0,0
WBGene00171657.,0,0,0
WBGene00171658.,0,0,0
WBGene00171659.,0,0,0
WBGene00171660.,0,0,0
WBGene00171661.,0,0,0
WBGene00171662.,0,0,0
WBGene00171663.,0,0,0
WBGene00171664.,0,0,0
WBGene00171665.,0,0,0
WBGene00171666.,0,0,0
WBGene00171667.,0,0,0
WBGene00171668.,0,0,0
WBGene00171669.,0,0,0
WBGene00171670.,0,0,0
WBGene00171671.,0,0,0
WBGene00171672.,0,0,0
WBGene00171673.,0,0,0
WBGene00171674.,0,0,0
WBGene00171675.,0,0,0
WBGene00171676.,0,2,2
WBGene00171677.,0,0,0
WBGene00171678.,0,0,0
WBGene00171679.,0,0,0
WBGene00171680.,0,0,0
WBGene00171681.,0,0,0
WBGene00171682.,0,0,0
WBGene00171683.,0,0,0
WBGene00171684.,0,0,0
WBGene00171685.,0,0,0
WBGene00171686.,0,0,0
WBGene00171687.,0,0,0
WBGene00171688.,0,1,1
WBGene00171689.,0,0,0
WBGene00171690.,0,0,0
WBGene00171691.,0,0,0
WBGene00171692.,0,0,0
WBGene00171693.,0,0,0
WBGene00171694.,0,2,2
WBGene00171695.,0,0,0
WBGene00171696.,0,0,0
WBGene00171697.,0,0,0
WBGene00171698.,0,0,0
WBGene00171699.,0,0,0
WBGene00171700.,0,0,0
WBGene00171701.,0,0,0
WBGene00171702.,0,0,0
WBGene00171703.,0,1,1
WBGene00171704.,0,0,0
WBGene00171705.,0,1,1
WBGene00171706.,0,0,0
WBGene00171707.,0,0,0
WBGene00171708.,0,0,0
WBGene00171709.,0,0,0
WBGene00171710.,0,0,0
WBGene00171712.,0,0,0
WBGene00171713.,0,0,0
WBGene00171714.,0,0,0
WBGene00171715.,0,0,0
WBGene00171716.,0,0,0
WBGene00171717.,0,0,0
WBGene00171718.,0,0,0
WBGene00171719.,0,0,0
WBGene00171720.,0,0,0
WBGene00171721.,0,0,0
WBGene00171722.,0,0,0
WBGene00171723.,0,0,0
WBGene00171724.,0,0,0
WBGene00171725.,0,0,0
WBGene00171726.,0,0,0
WBGene00171727.,0,0,0
WBGene00171728.,0,0,0
WBGene00171729.,0,0,0
WBGene00171730.,0,0,0
WBGene00171731.,0,0,0
WBGene00171732.,0,0,0
WBGene00171733.,0,0,0
WBGene00171734.,0,0,0
WBGene00171735.,0,0,0
WBGene00171736.,0,3,3
WBGene00171737.,0,0,0
WBGene00171738.,0,4,4
WBGene00171739.,0,0,0
WBGene00171740.,0,2,2
WBGene00171741.,0,0,0
WBGene00171742.,0,0,0
WBGene00171743.,0,0,0
WBGene00171744.,0,0,0
WBGene00171745.,0,0,0
WBGene00171746.,0,0,0
WBGene00171747.,0,1,1
WBGene00171748.,0,0,0
WBGene00171749.,0,0,0
WBGene00171750.,0,0,0
WBGene00171751.,0,0,0
WBGene00171752.,0,0,0
WBGene00171753.,0,0,0
WBGene00171754.,0,2,2
WBGene00171755.,0,0,0
WBGene00171756.,0,0,0
WBGene00171757.,0,1,1
WBGene00171758.,0,0,0
WBGene00171759.,0,0,0
WBGene00171760.,0,0,0
WBGene00171761.,0,0,0
WBGene00171762.,0,0,0
WBGene00171763.,0,0,0
WBGene00171764.,0,0,0
WBGene00171765.,0,2,2
WBGene00171766.,0,0,0
WBGene00171767.,0,0,0
WBGene00171768.,0,0,0
WBGene00171769.,0,0,0
WBGene00171770.,0,1,1
WBGene00171771.,0,0,0
WBGene00171772.,0,0,0
WBGene00171773.,0,0,0
WBGene00171774.,0,0,0
WBGene00171775.,0,0,0
WBGene00171776.,0,0,0
WBGene00171777.,0,0,0
WBGene00171778.,0,0,0
WBGene00171779.,0,0,0
WBGene00171780.,0,0,0
WBGene00171781.,0,0,0
WBGene00171782.,0,0,0
WBGene00171783.,0,0,0
WBGene00171784.,0,0,0
WBGene00171785.,0,0,0
WBGene00171786.,0,0,0
WBGene00171787.,0,0,0
WBGene00171788.,0,0,0
WBGene00171789.,0,0,0
WBGene00171790.,0,0,0
WBGene00171791.,0,0,0
WBGene00171792.,0,1,1
WBGene00171793.,0,0,0
WBGene00171794.,0,0,0
WBGene00171795.,0,0,0
WBGene00171796.,0,0,0
WBGene00171797.,0,0,0
WBGene00171798.,0,0,0
WBGene00171799.,0,3,3
WBGene00171800.,0,0,0
WBGene00171801.,0,0,0
WBGene00171802.,0,0,0
WBGene00171803.,0,0,0
WBGene00171804.,0,0,0
WBGene00171805.,0,0,0
WBGene00171806.,0,0,0
WBGene00171807.,0,0,0
WBGene00171809.,0,0,0
WBGene00171810.,0,0,0
WBGene00171811.,0,0,0
WBGene00171812.,0,0,0
WBGene00171813.,0,0,0
WBGene00171814.,0,0,0
WBGene00171815.,0,0,0
WBGene00171816.,0,0,0
WBGene00171817.,0,0,0
WBGene00171818.,0,0,0
WBGene00171819.,0,0,0
WBGene00171820.,0,0,0
WBGene00171821.,0,0,0
WBGene00171822.,0,0,0
WBGene00171823.,0,0,0
WBGene00171824.,0,0,0
WBGene00171825.,0,0,0
WBGene00171826.,0,0,0
WBGene00171827.,0,0,0
WBGene00171828.,0,0,0
WBGene00171829.,0,0,0
WBGene00171830.,0,0,0
WBGene00171831.,0,0,0
WBGene00171832.,0,0,0
WBGene00171833.,0,0,0
WBGene00171834.,0,0,0
WBGene00171835.,0,0,0
WBGene00171836.,0,0,0
WBGene00171837.,0,0,0
WBGene00171838.,0,0,0
WBGene00171839.,0,0,0
WBGene00171840.,0,0,0
WBGene00171841.,0,0,0
WBGene00171842.,0,0,0
WBGene00171843.,0,0,0
WBGene00171844.,0,0,0
WBGene00171845.,0,0,0
WBGene00171846.,0,0,0
WBGene00171847.,0,0,0
WBGene00171848.,0,0,0
WBGene00171849.,0,0,0
WBGene00171850.,0,0,0
WBGene00171851.,0,0,0
WBGene00171852.,0,0,0
WBGene00171853.,0,0,0
WBGene00171854.,0,0,0
WBGene00171855.,0,0,0
WBGene00171856.,0,0,0
WBGene00171857.,0,0,0
WBGene00171858.,0,0,0
WBGene00171859.,0,0,0
WBGene00171860.,0,0,0
WBGene00171861.,0,0,0
WBGene00171862.,0,0,0
WBGene00171863.,0,0,0
WBGene00171864.,0,0,0
WBGene00171865.,0,0,0
WBGene00171866.,0,0,0
WBGene00171867.,0,0,0
WBGene00171868.,0,0,0
WBGene00171869.,0,0,0
WBGene00171870.,0,1,1
WBGene00171871.,0,0,0
WBGene00171872.,0,0,0
WBGene00171873.,0,0,0
WBGene00171875.,0,0,0
WBGene00171876.,0,1,1
WBGene00171877.,0,0,0
WBGene00171878.,0,0,0
WBGene00171879.,0,0,0
WBGene00171880.,0,0,0
WBGene00171881.,0,0,0
WBGene00171882.,0,0,0
WBGene00171883.,0,0,0
WBGene00171884.,0,0,0
WBGene00171885.,0,0,0
WBGene00171886.,0,0,0
WBGene00171887.,0,0,0
WBGene00171888.,0,0,0
WBGene00171889.,0,0,0
WBGene00171890.,0,0,0
WBGene00171891.,0,0,0
WBGene00171892.,0,0,0
WBGene00171893.,0,0,0
WBGene00171894.,0,0,0
WBGene00171895.,0,6,6
WBGene00171896.,0,0,0
WBGene00171897.,0,0,0
WBGene00171898.,0,0,0
WBGene00171899.,0,0,0
WBGene00171900.,0,0,0
WBGene00171901.,0,0,0
WBGene00171902.,0,0,0
WBGene00171903.,0,0,0
WBGene00171904.,0,0,0
WBGene00171905.,0,3,3
WBGene00171906.,0,0,0
WBGene00171907.,0,0,0
WBGene00171908.,0,0,0
WBGene00171909.,0,0,0
WBGene00171910.,0,0,0
WBGene00171911.,0,0,0
WBGene00171912.,0,1,1
WBGene00171913.,0,0,0
WBGene00171914.,0,0,0
WBGene00171915.,0,0,0
WBGene00171916.,0,0,0
WBGene00171917.,0,0,0
WBGene00171918.,0,0,0
WBGene00171919.,0,0,0
WBGene00171920.,0,0,0
WBGene00171921.,0,0,0
WBGene00171922.,0,0,0
WBGene00171923.,0,0,0
WBGene00171924.,0,1,1
WBGene00171925.,0,0,0
WBGene00171926.,0,0,0
WBGene00171927.,0,0,0
WBGene00171928.,0,0,0
WBGene00171929.,0,0,0
WBGene00171930.,0,0,0
WBGene00171931.,0,0,0
WBGene00171932.,0,0,0
WBGene00171933.,0,0,0
WBGene00171934.,0,0,0
WBGene00171935.,0,6,6
WBGene00171936.,0,0,0
WBGene00171937.,0,0,0
WBGene00171938.,0,0,0
WBGene00171939.,0,0,0
WBGene00171940.,0,1,1
WBGene00171941.,0,0,0
WBGene00171942.,0,0,0
WBGene00171943.,0,0,0
WBGene00171944.,0,0,0
WBGene00171945.,0,0,0
WBGene00171946.,0,2,2
WBGene00171947.,0,0,0
WBGene00171948.,0,0,0
WBGene00171949.,0,0,0
WBGene00171950.,0,0,0
WBGene00171951.,0,0,0
WBGene00171952.,0,0,0
WBGene00171953.,0,0,0
WBGene00171954.,0,0,0
WBGene00171955.,0,0,0
WBGene00171956.,0,0,0
WBGene00171957.,0,0,0
WBGene00171958.,0,0,0
WBGene00171959.,0,0,0
WBGene00171960.,0,0,0
WBGene00171961.,0,0,0
WBGene00171962.,0,0,0
WBGene00171963.,0,0,0
WBGene00171964.,0,0,0
WBGene00171965.,0,0,0
WBGene00171966.,0,0,0
WBGene00171967.,0,0,0
WBGene00171968.,0,0,0
WBGene00171969.,0,0,0
WBGene00171970.,0,0,0
WBGene00171971.,0,0,0
WBGene00171972.,0,0,0
WBGene00171973.,0,0,0
WBGene00171974.,0,0,0
WBGene00171975.,0,0,0
WBGene00171976.,0,0,0
WBGene00171977.,0,0,0
WBGene00171978.,0,2,2
WBGene00171979.,0,0,0
WBGene00171980.,0,0,0
WBGene00171981.,0,0,0
WBGene00171982.,0,0,0
WBGene00171983.,0,0,0
WBGene00171984.,0,0,0
WBGene00171985.,0,1,1
WBGene00171986.,0,0,0
WBGene00171987.,0,0,0
WBGene00171988.,0,0,0
WBGene00171989.,0,0,0
WBGene00171990.,0,0,0
WBGene00171991.,0,0,0
WBGene00171992.,0,0,0
WBGene00171993.,0,0,0
WBGene00171994.,0,0,0
WBGene00171995.,0,0,0
WBGene00171996.,0,2,2
WBGene00171997.,0,0,0
WBGene00171998.,0,0,0
WBGene00171999.,0,0,0
WBGene00172000.,0,0,0
WBGene00172001.,0,0,0
WBGene00172002.,0,0,0
WBGene00172003.,0,0,0
WBGene00172004.,0,0,0
WBGene00172006.,0,0,0
WBGene00172007.,0,0,0
WBGene00172008.,0,0,0
WBGene00172009.,0,0,0
WBGene00172010.,0,0,0
WBGene00172011.,0,0,0
WBGene00172012.,0,0,0
WBGene00172013.,0,1,1
WBGene00172014.,0,0,0
WBGene00172015.,0,0,0
WBGene00172016.,0,20,20
WBGene00172017.,0,0,0
WBGene00172018.,0,0,0
WBGene00172019.,0,0,0
WBGene00172020.,0,0,0
WBGene00172021.,0,1,1
WBGene00172022.,0,0,0
WBGene00172023.,0,0,0
WBGene00172024.,0,0,0
WBGene00172025.,0,0,0
WBGene00172026.,0,0,0
WBGene00172027.,0,0,0
WBGene00172028.,0,2,2
WBGene00172029.,0,0,0
WBGene00172030.,0,0,0
WBGene00172031.,0,0,0
WBGene00172032.,0,0,0
WBGene00172033.,0,0,0
WBGene00172034.,0,0,0
WBGene00172035.,0,0,0
WBGene00172036.,0,1,1
WBGene00172037.,0,0,0
WBGene00172038.,0,0,0
WBGene00172039.,0,0,0
WBGene00172040.,0,0,0
WBGene00172041.,0,0,0
WBGene00172042.,0,0,0
WBGene00172043.,0,0,0
WBGene00172044.,0,0,0
WBGene00172045.,0,0,0
WBGene00172046.,0,0,0
WBGene00172047.,0,0,0
WBGene00172048.,0,0,0
WBGene00172049.,0,0,0
WBGene00172050.,0,0,0
WBGene00172051.,0,0,0
WBGene00172052.,0,2,2
WBGene00172053.,0,0,0
WBGene00172054.,0,2,2
WBGene00172055.,0,0,0
WBGene00172056.,0,4,4
WBGene00172057.,0,0,0
WBGene00172058.,0,0,0
WBGene00172059.,0,0,0
WBGene00172060.,0,0,0
WBGene00172061.,0,0,0
WBGene00172062.,0,0,0
WBGene00172063.,0,0,0
WBGene00172064.,0,0,0
WBGene00172065.,0,0,0
WBGene00172066.,0,0,0
WBGene00172067.,0,0,0
WBGene00172068.,0,0,0
WBGene00172069.,0,0,0
WBGene00172070.,0,0,0
WBGene00172071.,0,0,0
WBGene00172072.,0,0,0
WBGene00172073.,0,0,0
WBGene00172074.,0,0,0
WBGene00172075.,0,0,0
WBGene00172076.,0,0,0
WBGene00172077.,0,0,0
WBGene00172078.,0,0,0
WBGene00172079.,0,0,0
WBGene00172080.,0,0,0
WBGene00172081.,0,0,0
WBGene00172082.,0,0,0
WBGene00172083.,0,0,0
WBGene00172084.,0,0,0
WBGene00172085.,0,0,0
WBGene00172086.,0,0,0
WBGene00172087.,0,0,0
WBGene00172088.,0,0,0
WBGene00172089.,0,0,0
WBGene00172090.,0,0,0
WBGene00172091.,0,0,0
WBGene00172092.,0,0,0
WBGene00172093.,0,0,0
WBGene00172094.,0,0,0
WBGene00172095.,0,0,0
WBGene00172096.,0,0,0
WBGene00172097.,0,0,0
WBGene00172098.,0,0,0
WBGene00172099.,0,0,0
WBGene00172100.,0,0,0
WBGene00172101.,0,0,0
WBGene00172102.,0,0,0
WBGene00172103.,0,0,0
WBGene00172104.,0,0,0
WBGene00172105.,0,0,0
WBGene00172106.,0,0,0
WBGene00172107.,0,0,0
WBGene00172108.,0,0,0
WBGene00172109.,0,0,0
WBGene00172110.,0,0,0
WBGene00172111.,0,0,0
WBGene00172112.,0,0,0
WBGene00172113.,0,0,0
WBGene00172114.,0,0,0
WBGene00172115.,0,0,0
WBGene00172116.,0,0,0
WBGene00172117.,0,0,0
WBGene00172118.,0,0,0
WBGene00172119.,0,0,0
WBGene00172120.,0,0,0
WBGene00172121.,0,0,0
WBGene00172122.,0,0,0
WBGene00172123.,0,0,0
WBGene00172124.,0,0,0
WBGene00172125.,0,0,0
WBGene00172126.,0,0,0
WBGene00172127.,0,0,0
WBGene00172128.,0,0,0
WBGene00172129.,0,0,0
WBGene00172130.,0,2,2
WBGene00172131.,0,0,0
WBGene00172132.,0,0,0
WBGene00172133.,0,0,0
WBGene00172134.,0,1,1
WBGene00172135.,0,0,0
WBGene00172136.,0,0,0
WBGene00172137.,0,0,0
WBGene00172138.,0,0,0
WBGene00172139.,0,0,0
WBGene00172140.,0,0,0
WBGene00172141.,0,0,0
WBGene00172142.,0,0,0
WBGene00172143.,0,0,0
WBGene00172144.,0,0,0
WBGene00172145.,0,0,0
WBGene00172146.,0,0,0
WBGene00172147.,0,0,0
WBGene00172148.,0,0,0
WBGene00172149.,0,0,0
WBGene00172150.,0,0,0
WBGene00172151.,0,0,0
WBGene00172152.,0,0,0
WBGene00172153.,0,0,0
WBGene00172154.,0,6,6
WBGene00172155.,0,0,0
WBGene00172156.,0,0,0
WBGene00172157.,0,0,0
WBGene00172158.,0,0,0
WBGene00172159.,0,0,0
WBGene00172160.,0,0,0
WBGene00172161.,0,2,2
WBGene00172162.,0,0,0
WBGene00172163.,0,0,0
WBGene00172164.,0,0,0
WBGene00172165.,0,0,0
WBGene00172166.,0,0,0
WBGene00172167.,0,0,0
WBGene00172168.,0,0,0
WBGene00172169.,0,0,0
WBGene00172170.,0,0,0
WBGene00172171.,0,0,0
WBGene00172172.,0,0,0
WBGene00172173.,0,0,0
WBGene00172174.,0,1,1
WBGene00172175.,0,0,0
WBGene00172176.,0,0,0
WBGene00172177.,0,0,0
WBGene00172178.,0,0,0
WBGene00172179.,0,0,0
WBGene00172180.,0,0,0
WBGene00172181.,0,0,0
WBGene00172182.,0,0,0
WBGene00172183.,0,0,0
WBGene00172184.,0,0,0
WBGene00172185.,0,2,2
WBGene00172186.,0,0,0
WBGene00172187.,0,3,3
WBGene00172188.,0,0,0
WBGene00172189.,0,0,0
WBGene00172190.,0,0,0
WBGene00172191.,0,0,0
WBGene00172192.,0,0,0
WBGene00172193.,0,0,0
WBGene00172194.,0,0,0
WBGene00172195.,0,0,0
WBGene00172196.,0,0,0
WBGene00172197.,0,0,0
WBGene00172198.,0,0,0
WBGene00172199.,0,0,0
WBGene00172200.,0,0,0
WBGene00172201.,0,0,0
WBGene00172202.,0,0,0
WBGene00172203.,0,0,0
WBGene00172204.,0,0,0
WBGene00172205.,0,0,0
WBGene00172206.,0,0,0
WBGene00172207.,0,0,0
WBGene00172208.,0,0,0
WBGene00172209.,0,0,0
WBGene00172210.,0,0,0
WBGene00172211.,0,0,0
WBGene00172212.,0,0,0
WBGene00172213.,0,0,0
WBGene00172214.,0,0,0
WBGene00172215.,0,0,0
WBGene00172216.,0,0,0
WBGene00172217.,0,1,1
WBGene00172218.,0,0,0
WBGene00172219.,0,0,0
WBGene00172220.,0,0,0
WBGene00172221.,0,0,0
WBGene00172222.,0,0,0
WBGene00172223.,0,0,0
WBGene00172224.,0,0,0
WBGene00172225.,0,0,0
WBGene00172226.,0,0,0
WBGene00172227.,0,0,0
WBGene00172228.,0,0,0
WBGene00172229.,0,0,0
WBGene00172230.,0,2,2
WBGene00172231.,0,0,0
WBGene00172232.,0,0,0
WBGene00172233.,0,0,0
WBGene00172234.,0,0,0
WBGene00172235.,0,0,0
WBGene00172236.,0,0,0
WBGene00172237.,0,0,0
WBGene00172238.,0,0,0
WBGene00172239.,0,0,0
WBGene00172240.,0,0,0
WBGene00172241.,0,0,0
WBGene00172242.,0,0,0
WBGene00172243.,0,0,0
WBGene00172244.,0,0,0
WBGene00172245.,0,0,0
WBGene00172246.,0,0,0
WBGene00172247.,0,0,0
WBGene00172248.,0,0,0
WBGene00172249.,0,3,3
WBGene00172250.,0,0,0
WBGene00172251.,0,0,0
WBGene00172252.,0,0,0
WBGene00172253.,0,0,0
WBGene00172254.,0,0,0
WBGene00172255.,0,0,0
WBGene00172256.,0,0,0
WBGene00172257.,0,0,0
WBGene00172258.,0,0,0
WBGene00172259.,0,0,0
WBGene00172260.,0,0,0
WBGene00172261.,0,0,0
WBGene00172262.,0,0,0
WBGene00172263.,0,0,0
WBGene00172264.,0,0,0
WBGene00172265.,0,0,0
WBGene00172266.,0,0,0
WBGene00172267.,0,0,0
WBGene00172268.,0,0,0
WBGene00172269.,0,0,0
WBGene00172270.,0,0,0
WBGene00172271.,0,10,10
WBGene00172272.,0,0,0
WBGene00172273.,0,1,1
WBGene00172274.,0,0,0
WBGene00172275.,0,0,0
WBGene00172276.,0,0,0
WBGene00172277.,0,0,0
WBGene00172278.,0,0,0
WBGene00172279.,0,0,0
WBGene00172280.,0,0,0
WBGene00172281.,0,0,0
WBGene00172282.,0,0,0
WBGene00172283.,0,0,0
WBGene00172284.,0,0,0
WBGene00172285.,0,0,0
WBGene00172286.,0,0,0
WBGene00172287.,0,1,1
WBGene00172288.,0,0,0
WBGene00172289.,0,0,0
WBGene00172290.,0,0,0
WBGene00172291.,0,0,0
WBGene00172292.,0,0,0
WBGene00172293.,0,0,0
WBGene00172294.,0,0,0
WBGene00172295.,0,0,0
WBGene00172296.,0,0,0
WBGene00172297.,0,0,0
WBGene00172298.,0,0,0
WBGene00172299.,0,0,0
WBGene00172300.,0,0,0
WBGene00172301.,0,0,0
WBGene00172302.,0,0,0
WBGene00172303.,0,0,0
WBGene00172304.,0,0,0
WBGene00172305.,0,0,0
WBGene00172306.,0,0,0
WBGene00172307.,0,0,0
WBGene00172308.,0,0,0
WBGene00172309.,0,3,3
WBGene00172310.,0,0,0
WBGene00172311.,0,0,0
WBGene00172312.,0,0,0
WBGene00172313.,0,0,0
WBGene00172314.,0,0,0
WBGene00172315.,0,0,0
WBGene00172316.,0,0,0
WBGene00172317.,0,0,0
WBGene00172318.,0,0,0
WBGene00172319.,0,0,0
WBGene00172320.,0,0,0
WBGene00172321.,0,0,0
WBGene00172322.,0,0,0
WBGene00172323.,0,0,0
WBGene00172324.,0,0,0
WBGene00172325.,0,0,0
WBGene00172326.,0,0,0
WBGene00172327.,0,0,0
WBGene00172328.,0,0,0
WBGene00172329.,0,0,0
WBGene00172330.,0,1,1
WBGene00172331.,0,0,0
WBGene00172332.,0,0,0
WBGene00172333.,0,0,0
WBGene00172334.,0,0,0
WBGene00172335.,0,0,0
WBGene00172336.,0,0,0
WBGene00172337.,0,0,0
WBGene00172338.,0,0,0
WBGene00172339.,0,0,0
WBGene00172340.,0,0,0
WBGene00172341.,0,0,0
WBGene00172342.,0,0,0
WBGene00172343.,0,0,0
WBGene00172344.,0,0,0
WBGene00172345.,0,0,0
WBGene00172346.,0,0,0
WBGene00172347.,0,0,0
WBGene00172348.,0,0,0
WBGene00172349.,0,0,0
WBGene00172350.,0,0,0
WBGene00172351.,0,0,0
WBGene00172352.,0,0,0
WBGene00172353.,0,1,1
WBGene00172354.,0,0,0
WBGene00172355.,0,0,0
WBGene00172356.,0,0,0
WBGene00172357.,0,0,0
WBGene00172358.,0,0,0
WBGene00172359.,0,0,0
WBGene00172360.,0,0,0
WBGene00172361.,0,2,2
WBGene00172362.,0,0,0
WBGene00172363.,0,0,0
WBGene00172364.,0,0,0
WBGene00172365.,0,0,0
WBGene00172366.,0,0,0
WBGene00172367.,0,0,0
WBGene00172368.,0,0,0
WBGene00172369.,0,0,0
WBGene00172370.,0,0,0
WBGene00172371.,0,0,0
WBGene00172372.,0,0,0
WBGene00172373.,0,0,0
WBGene00172374.,0,0,0
WBGene00172375.,0,0,0
WBGene00172376.,0,0,0
WBGene00172377.,0,0,0
WBGene00172378.,0,0,0
WBGene00172379.,0,0,0
WBGene00172380.,0,0,0
WBGene00172381.,0,0,0
WBGene00172382.,0,0,0
WBGene00172383.,0,0,0
WBGene00172384.,0,0,0
WBGene00172385.,0,0,0
WBGene00172386.,0,0,0
WBGene00172387.,0,0,0
WBGene00172388.,0,0,0
WBGene00172389.,0,0,0
WBGene00172390.,0,0,0
WBGene00172391.,0,0,0
WBGene00172392.,0,0,0
WBGene00172393.,0,1,1
WBGene00172394.,0,0,0
WBGene00172395.,0,0,0
WBGene00172396.,0,0,0
WBGene00172397.,0,0,0
WBGene00172398.,0,0,0
WBGene00172399.,0,0,0
WBGene00172400.,0,0,0
WBGene00172401.,0,0,0
WBGene00172402.,0,0,0
WBGene00172403.,0,0,0
WBGene00172404.,0,0,0
WBGene00172405.,0,0,0
WBGene00172406.,0,0,0
WBGene00172407.,0,4,4
WBGene00172408.,0,0,0
WBGene00172409.,0,0,0
WBGene00172410.,0,0,0
WBGene00172411.,0,1,1
WBGene00172412.,0,1,1
WBGene00172413.,0,0,0
WBGene00172414.,0,0,0
WBGene00172415.,0,0,0
WBGene00172416.,0,0,0
WBGene00172417.,0,0,0
WBGene00172418.,0,0,0
WBGene00172419.,0,4,4
WBGene00172420.,0,0,0
WBGene00172421.,0,1,1
WBGene00172422.,0,0,0
WBGene00172423.,0,0,0
WBGene00172424.,0,0,0
WBGene00172425.,0,0,0
WBGene00172426.,0,3,3
WBGene00172427.,0,0,0
WBGene00172428.,0,0,0
WBGene00172429.,0,0,0
WBGene00172430.,0,0,0
WBGene00172431.,0,0,0
WBGene00172432.,0,0,0
WBGene00172433.,0,1,1
WBGene00172434.,0,0,0
WBGene00172435.,0,0,0
WBGene00172436.,0,0,0
WBGene00172437.,0,0,0
WBGene00172438.,0,0,0
WBGene00172439.,0,0,0
WBGene00172440.,0,0,0
WBGene00172441.,0,0,0
WBGene00172442.,0,0,0
WBGene00172443.,0,0,0
WBGene00172444.,0,0,0
WBGene00172445.,0,0,0
WBGene00172446.,0,0,0
WBGene00172447.,0,0,0
WBGene00172448.,0,0,0
WBGene00172449.,0,0,0
WBGene00172450.,0,0,0
WBGene00172451.,0,0,0
WBGene00172452.,0,0,0
WBGene00172453.,0,0,0
WBGene00172454.,0,0,0
WBGene00172455.,0,0,0
WBGene00172456.,0,0,0
WBGene00172457.,0,3,3
WBGene00172458.,0,0,0
WBGene00172459.,0,0,0
WBGene00172460.,0,0,0
WBGene00172462.,0,0,0
WBGene00172463.,0,0,0
WBGene00172464.,0,0,0
WBGene00172465.,0,0,0
WBGene00172466.,0,0,0
WBGene00172467.,0,0,0
WBGene00172468.,0,0,0
WBGene00172469.,0,0,0
WBGene00172470.,0,0,0
WBGene00172471.,0,0,0
WBGene00172472.,0,0,0
WBGene00172473.,0,0,0
WBGene00172474.,0,0,0
WBGene00172475.,0,1,1
WBGene00172476.,0,0,0
WBGene00172477.,0,2,2
WBGene00172478.,0,0,0
WBGene00172479.,0,0,0
WBGene00172480.,0,0,0
WBGene00172481.,0,0,0
WBGene00172482.,0,0,0
WBGene00172483.,0,0,0
WBGene00172484.,0,0,0
WBGene00172485.,0,0,0
WBGene00172486.,0,0,0
WBGene00172487.,0,0,0
WBGene00172488.,0,0,0
WBGene00172489.,0,0,0
WBGene00172490.,0,0,0
WBGene00172491.,0,0,0
WBGene00172492.,0,0,0
WBGene00172493.,0,0,0
WBGene00172494.,0,0,0
WBGene00172495.,0,0,0
WBGene00172496.,0,0,0
WBGene00172497.,0,0,0
WBGene00172498.,0,0,0
WBGene00172499.,0,0,0
WBGene00172500.,0,0,0
WBGene00172501.,0,0,0
WBGene00172502.,0,0,0
WBGene00172503.,0,0,0
WBGene00172504.,0,0,0
WBGene00172505.,0,0,0
WBGene00172506.,0,0,0
WBGene00172507.,0,0,0
WBGene00172508.,0,0,0
WBGene00172509.,0,0,0
WBGene00172510.,0,0,0
WBGene00172511.,0,0,0
WBGene00172512.,0,0,0
WBGene00172513.,0,0,0
WBGene00172514.,0,0,0
WBGene00172515.,0,1,1
WBGene00172516.,0,0,0
WBGene00172517.,0,0,0
WBGene00172518.,0,0,0
WBGene00172519.,0,0,0
WBGene00172520.,0,0,0
WBGene00172521.,0,1,1
WBGene00172522.,0,0,0
WBGene00172523.,0,0,0
WBGene00172524.,0,0,0
WBGene00172525.,0,0,0
WBGene00172526.,0,1,1
WBGene00172527.,0,0,0
WBGene00172528.,0,0,0
WBGene00172529.,0,0,0
WBGene00172530.,0,0,0
WBGene00172531.,0,0,0
WBGene00172532.,0,0,0
WBGene00172533.,0,0,0
WBGene00172534.,0,0,0
WBGene00172535.,0,0,0
WBGene00172536.,0,0,0
WBGene00172537.,0,0,0
WBGene00172538.,0,0,0
WBGene00172539.,0,0,0
WBGene00172540.,0,0,0
WBGene00172541.,0,0,0
WBGene00172542.,0,0,0
WBGene00172543.,0,0,0
WBGene00172544.,0,0,0
WBGene00172545.,0,2,2
WBGene00172546.,0,0,0
WBGene00172547.,0,0,0
WBGene00172548.,0,0,0
WBGene00172549.,0,0,0
WBGene00172550.,0,0,0
WBGene00172551.,0,0,0
WBGene00172552.,0,0,0
WBGene00172553.,0,0,0
WBGene00172554.,0,0,0
WBGene00172555.,0,0,0
WBGene00172556.,0,0,0
WBGene00172557.,0,0,0
WBGene00172558.,0,0,0
WBGene00172559.,0,0,0
WBGene00172560.,0,0,0
WBGene00172561.,0,0,0
WBGene00172562.,0,0,0
WBGene00172563.,0,0,0
WBGene00172564.,0,0,0
WBGene00172565.,0,0,0
WBGene00172566.,0,0,0
WBGene00172567.,0,0,0
WBGene00172568.,0,0,0
WBGene00172569.,0,0,0
WBGene00172570.,0,0,0
WBGene00172571.,0,1,1
WBGene00172572.,0,0,0
WBGene00172573.,0,0,0
WBGene00172574.,0,0,0
WBGene00172575.,0,0,0
WBGene00172576.,0,0,0
WBGene00172577.,0,0,0
WBGene00172578.,0,0,0
WBGene00172579.,0,0,0
WBGene00172580.,0,0,0
WBGene00172581.,0,0,0
WBGene00172582.,0,0,0
WBGene00172583.,0,0,0
WBGene00172584.,0,1,1
WBGene00172585.,0,0,0
WBGene00172586.,0,0,0
WBGene00172587.,0,0,0
WBGene00172588.,0,0,0
WBGene00172589.,0,0,0
WBGene00172590.,0,0,0
WBGene00172591.,0,0,0
WBGene00172592.,0,0,0
WBGene00172593.,0,0,0
WBGene00172594.,0,0,0
WBGene00172595.,0,0,0
WBGene00172596.,0,0,0
WBGene00172597.,0,0,0
WBGene00172598.,0,1,1
WBGene00172599.,0,0,0
WBGene00172600.,0,0,0
WBGene00172601.,0,0,0
WBGene00172602.,0,0,0
WBGene00172603.,0,0,0
WBGene00172604.,0,0,0
WBGene00172605.,0,0,0
WBGene00172606.,0,0,0
WBGene00172607.,0,15,15
WBGene00172608.,0,0,0
WBGene00172609.,0,0,0
WBGene00172610.,0,0,0
WBGene00172611.,0,0,0
WBGene00172612.,0,0,0
WBGene00172613.,0,0,0
WBGene00172614.,0,0,0
WBGene00172615.,0,0,0
WBGene00172616.,0,0,0
WBGene00172617.,0,0,0
WBGene00172618.,0,0,0
WBGene00172619.,0,3,3
WBGene00172620.,0,0,0
WBGene00172621.,0,1,1
WBGene00172622.,0,0,0
WBGene00172623.,0,0,0
WBGene00172624.,0,0,0
WBGene00172625.,0,0,0
WBGene00172626.,0,0,0
WBGene00172627.,0,0,0
WBGene00172628.,0,0,0
WBGene00172629.,0,0,0
WBGene00172630.,0,1,1
WBGene00172631.,0,0,0
WBGene00172632.,0,1,1
WBGene00172633.,0,0,0
WBGene00172634.,0,0,0
WBGene00172635.,0,0,0
WBGene00172636.,0,0,0
WBGene00172637.,0,0,0
WBGene00172638.,0,0,0
WBGene00172639.,0,0,0
WBGene00172640.,0,0,0
WBGene00172641.,0,0,0
WBGene00172642.,0,0,0
WBGene00172643.,0,0,0
WBGene00172644.,0,0,0
WBGene00172645.,0,0,0
WBGene00172646.,0,0,0
WBGene00172647.,0,0,0
WBGene00172648.,0,0,0
WBGene00172649.,0,0,0
WBGene00172650.,0,0,0
WBGene00172651.,0,0,0
WBGene00172652.,0,0,0
WBGene00172653.,0,0,0
WBGene00172654.,0,0,0
WBGene00172655.,0,0,0
WBGene00172656.,0,0,0
WBGene00172657.,0,0,0
WBGene00172658.,0,0,0
WBGene00172659.,0,0,0
WBGene00172660.,0,0,0
WBGene00172661.,0,0,0
WBGene00172662.,0,0,0
WBGene00172663.,0,1,1
WBGene00172664.,0,0,0
WBGene00172665.,0,0,0
WBGene00172666.,0,0,0
WBGene00172667.,0,0,0
WBGene00172668.,0,0,0
WBGene00172669.,0,0,0
WBGene00172670.,0,0,0
WBGene00172671.,0,0,0
WBGene00172672.,0,0,0
WBGene00172673.,0,0,0
WBGene00172674.,0,0,0
WBGene00172675.,0,0,0
WBGene00172676.,0,0,0
WBGene00172677.,0,1,1
WBGene00172678.,0,0,0
WBGene00172679.,0,0,0
WBGene00172680.,0,0,0
WBGene00172681.,0,0,0
WBGene00172682.,0,0,0
WBGene00172683.,0,0,0
WBGene00172684.,0,1,1
WBGene00172685.,0,0,0
WBGene00172686.,0,0,0
WBGene00172687.,0,0,0
WBGene00172688.,0,0,0
WBGene00172689.,0,0,0
WBGene00172690.,0,0,0
WBGene00172691.,0,0,0
WBGene00172692.,0,0,0
WBGene00172693.,0,0,0
WBGene00172694.,0,0,0
WBGene00172695.,0,0,0
WBGene00172696.,0,0,0
WBGene00172697.,0,0,0
WBGene00172698.,0,0,0
WBGene00172699.,0,0,0
WBGene00172700.,0,0,0
WBGene00172701.,0,0,0
WBGene00172702.,0,0,0
WBGene00172703.,0,0,0
WBGene00172704.,0,0,0
WBGene00172705.,0,0,0
WBGene00172706.,0,0,0
WBGene00172707.,0,0,0
WBGene00172708.,0,0,0
WBGene00172709.,0,0,0
WBGene00172710.,0,0,0
WBGene00172711.,0,0,0
WBGene00172712.,0,0,0
WBGene00172713.,0,0,0
WBGene00172714.,0,1,1
WBGene00172715.,0,0,0
WBGene00172716.,0,0,0
WBGene00172717.,0,0,0
WBGene00172718.,0,0,0
WBGene00172719.,0,0,0
WBGene00172720.,0,0,0
WBGene00172721.,0,0,0
WBGene00172722.,0,0,0
WBGene00172723.,0,0,0
WBGene00172724.,0,0,0
WBGene00172725.,0,0,0
WBGene00172726.,0,0,0
WBGene00172727.,0,0,0
WBGene00172728.,0,1,1
WBGene00172729.,0,0,0
WBGene00172730.,0,0,0
WBGene00172731.,0,0,0
WBGene00172732.,0,0,0
WBGene00172733.,0,0,0
WBGene00172734.,0,0,0
WBGene00172735.,0,0,0
WBGene00172736.,0,0,0
WBGene00172737.,0,0,0
WBGene00172738.,0,0,0
WBGene00172739.,0,0,0
WBGene00172740.,0,0,0
WBGene00172741.,0,0,0
WBGene00172742.,0,4,4
WBGene00172743.,0,1,1
WBGene00172744.,0,0,0
WBGene00172745.,0,0,0
WBGene00172746.,0,0,0
WBGene00172747.,0,0,0
WBGene00172748.,0,0,0
WBGene00172749.,0,0,0
WBGene00172750.,0,0,0
WBGene00172751.,0,0,0
WBGene00172752.,0,0,0
WBGene00172753.,0,0,0
WBGene00172754.,0,0,0
WBGene00172755.,0,0,0
WBGene00172756.,0,0,0
WBGene00172757.,0,0,0
WBGene00172758.,0,1,1
WBGene00172759.,0,0,0
WBGene00172760.,0,0,0
WBGene00172761.,0,0,0
WBGene00172762.,0,0,0
WBGene00172763.,0,0,0
WBGene00172764.,0,0,0
WBGene00172765.,0,0,0
WBGene00172766.,0,0,0
WBGene00172767.,0,0,0
WBGene00172768.,0,0,0
WBGene00172769.,0,0,0
WBGene00172770.,0,0,0
WBGene00172771.,0,0,0
WBGene00172772.,0,0,0
WBGene00172773.,0,0,0
WBGene00172774.,0,0,0
WBGene00172775.,0,0,0
WBGene00172776.,0,0,0
WBGene00172777.,0,0,0
WBGene00172778.,0,1,1
WBGene00172779.,0,1,1
WBGene00172780.,0,0,0
WBGene00172781.,0,0,0
WBGene00172782.,0,0,0
WBGene00172783.,0,0,0
WBGene00172784.,0,2,2
WBGene00172785.,0,0,0
WBGene00172786.,0,0,0
WBGene00172787.,0,0,0
WBGene00172788.,0,0,0
WBGene00172789.,0,0,0
WBGene00172790.,0,0,0
WBGene00172791.,0,0,0
WBGene00172792.,0,0,0
WBGene00172793.,0,0,0
WBGene00172794.,0,0,0
WBGene00172795.,0,0,0
WBGene00172796.,0,0,0
WBGene00172797.,0,0,0
WBGene00172798.,0,0,0
WBGene00172799.,0,0,0
WBGene00172800.,0,0,0
WBGene00172801.,0,0,0
WBGene00172802.,0,1,1
WBGene00172803.,0,0,0
WBGene00172804.,0,0,0
WBGene00172805.,0,0,0
WBGene00172806.,0,0,0
WBGene00172807.,0,0,0
WBGene00172808.,0,0,0
WBGene00172809.,0,0,0
WBGene00172810.,0,0,0
WBGene00172811.,0,0,0
WBGene00172812.,0,1,1
WBGene00172813.,0,0,0
WBGene00172814.,0,0,0
WBGene00172815.,0,0,0
WBGene00172816.,0,0,0
WBGene00172817.,0,0,0
WBGene00172818.,0,0,0
WBGene00172819.,0,0,0
WBGene00172820.,0,0,0
WBGene00172821.,0,0,0
WBGene00172822.,0,0,0
WBGene00172823.,0,0,0
WBGene00172824.,0,0,0
WBGene00172825.,0,0,0
WBGene00172826.,0,0,0
WBGene00172827.,0,2,2
WBGene00172828.,0,0,0
WBGene00172829.,0,0,0
WBGene00172830.,0,0,0
WBGene00172831.,0,0,0
WBGene00172832.,0,1,1
WBGene00172833.,0,0,0
WBGene00172834.,0,0,0
WBGene00172835.,0,0,0
WBGene00172836.,1,0,1
WBGene00172837.,0,0,0
WBGene00172838.,0,1,1
WBGene00172839.,0,0,0
WBGene00172840.,0,2,2
WBGene00172841.,0,0,0
WBGene00172842.,0,0,0
WBGene00172843.,0,0,0
WBGene00172844.,0,0,0
WBGene00172845.,0,0,0
WBGene00172846.,0,0,0
WBGene00172847.,0,0,0
WBGene00172848.,0,0,0
WBGene00172849.,0,0,0
WBGene00172850.,0,0,0
WBGene00172851.,0,0,0
WBGene00172852.,0,0,0
WBGene00172853.,0,0,0
WBGene00172854.,0,0,0
WBGene00172855.,0,0,0
WBGene00172856.,0,0,0
WBGene00172857.,0,0,0
WBGene00172858.,0,0,0
WBGene00172859.,0,0,0
WBGene00172860.,0,0,0
WBGene00172861.,0,5,5
WBGene00172862.,0,4,4
WBGene00172863.,0,0,0
WBGene00172864.,0,0,0
WBGene00172865.,0,0,0
WBGene00172866.,0,1,1
WBGene00172867.,0,0,0
WBGene00172868.,0,0,0
WBGene00172869.,0,0,0
WBGene00172870.,0,0,0
WBGene00172871.,0,0,0
WBGene00172872.,0,0,0
WBGene00172873.,0,0,0
WBGene00172874.,0,0,0
WBGene00172875.,0,0,0
WBGene00172876.,0,0,0
WBGene00172877.,0,0,0
WBGene00172878.,0,0,0
WBGene00172879.,0,0,0
WBGene00172880.,0,0,0
WBGene00172881.,0,0,0
WBGene00172882.,0,0,0
WBGene00172883.,0,0,0
WBGene00172884.,0,0,0
WBGene00172885.,0,0,0
WBGene00172886.,0,1,1
WBGene00172887.,0,0,0
WBGene00172888.,0,0,0
WBGene00172889.,0,0,0
WBGene00172890.,0,0,0
WBGene00172891.,0,6,6
WBGene00172892.,0,0,0
WBGene00172893.,0,0,0
WBGene00172894.,0,0,0
WBGene00172895.,0,0,0
WBGene00172896.,0,1,1
WBGene00172897.,0,2,2
WBGene00172898.,0,0,0
WBGene00172899.,0,0,0
WBGene00172900.,0,0,0
WBGene00172901.,0,0,0
WBGene00172902.,0,0,0
WBGene00172903.,0,1,1
WBGene00172904.,0,2,2
WBGene00172905.,0,0,0
WBGene00172906.,0,0,0
WBGene00172907.,0,0,0
WBGene00172908.,0,0,0
WBGene00172909.,0,1,1
WBGene00172910.,0,0,0
WBGene00172911.,0,0,0
WBGene00172912.,0,0,0
WBGene00172913.,0,0,0
WBGene00172914.,0,0,0
WBGene00172915.,0,0,0
WBGene00172916.,0,0,0
WBGene00172917.,0,0,0
WBGene00172918.,0,0,0
WBGene00172919.,0,0,0
WBGene00172920.,0,0,0
WBGene00172921.,0,0,0
WBGene00172922.,0,1,1
WBGene00172923.,0,0,0
WBGene00172924.,0,0,0
WBGene00172925.,0,0,0
WBGene00172926.,0,0,0
WBGene00172927.,0,0,0
WBGene00172928.,0,0,0
WBGene00172929.,0,0,0
WBGene00172930.,0,0,0
WBGene00172931.,0,0,0
WBGene00172932.,0,0,0
WBGene00172933.,0,0,0
WBGene00172934.,0,0,0
WBGene00172935.,0,0,0
WBGene00172936.,0,0,0
WBGene00172937.,0,0,0
WBGene00172938.,0,0,0
WBGene00172939.,0,0,0
WBGene00172940.,0,0,0
WBGene00172941.,0,0,0
WBGene00172942.,0,0,0
WBGene00172943.,0,0,0
WBGene00172944.,0,0,0
WBGene00172945.,0,0,0
WBGene00172946.,0,0,0
WBGene00172947.,0,0,0
WBGene00172948.,0,0,0
WBGene00172949.,0,0,0
WBGene00172950.,0,0,0
WBGene00172951.,0,1,1
WBGene00172952.,0,0,0
WBGene00172953.,0,0,0
WBGene00172954.,0,0,0
WBGene00172955.,0,0,0
WBGene00172956.,0,0,0
WBGene00172957.,0,0,0
WBGene00172958.,0,0,0
WBGene00172959.,0,0,0
WBGene00172960.,0,0,0
WBGene00172961.,0,0,0
WBGene00172962.,0,0,0
WBGene00172963.,0,0,0
WBGene00172964.,0,0,0
WBGene00172965.,0,0,0
WBGene00172966.,0,0,0
WBGene00172967.,0,0,0
WBGene00172968.,0,0,0
WBGene00172969.,0,0,0
WBGene00172970.,0,1,1
WBGene00172971.,0,0,0
WBGene00172972.,0,0,0
WBGene00172973.,0,0,0
WBGene00172974.,0,2,2
WBGene00172975.,0,0,0
WBGene00172976.,0,0,0
WBGene00172977.,0,0,0
WBGene00172978.,0,0,0
WBGene00172979.,0,0,0
WBGene00172980.,0,0,0
WBGene00172981.,0,0,0
WBGene00172982.,0,0,0
WBGene00172983.,0,0,0
WBGene00172984.,0,0,0
WBGene00172985.,0,0,0
WBGene00172986.,0,0,0
WBGene00172987.,0,0,0
WBGene00172988.,0,0,0
WBGene00172989.,0,0,0
WBGene00172990.,0,0,0
WBGene00172991.,0,0,0
WBGene00172992.,0,0,0
WBGene00172993.,0,0,0
WBGene00172994.,0,0,0
WBGene00172995.,0,0,0
WBGene00172996.,0,0,0
WBGene00172997.,0,0,0
WBGene00172998.,0,0,0
WBGene00172999.,0,0,0
WBGene00173000.,0,0,0
WBGene00173001.,0,0,0
WBGene00173002.,0,0,0
WBGene00173003.,0,0,0
WBGene00173004.,0,0,0
WBGene00173005.,0,0,0
WBGene00173006.,0,0,0
WBGene00173007.,0,0,0
WBGene00173008.,0,0,0
WBGene00173009.,0,0,0
WBGene00173010.,0,0,0
WBGene00173011.,0,1,1
WBGene00173012.,0,0,0
WBGene00173013.,0,0,0
WBGene00173014.,0,0,0
WBGene00173015.,0,0,0
WBGene00173016.,0,0,0
WBGene00173017.,0,0,0
WBGene00173018.,0,0,0
WBGene00173019.,0,0,0
WBGene00173020.,0,0,0
WBGene00173021.,0,0,0
WBGene00173022.,0,0,0
WBGene00173023.,0,0,0
WBGene00173024.,0,0,0
WBGene00173025.,0,0,0
WBGene00173026.,0,0,0
WBGene00173027.,0,0,0
WBGene00173028.,0,0,0
WBGene00173029.,0,0,0
WBGene00173030.,0,0,0
WBGene00173031.,0,0,0
WBGene00173032.,0,0,0
WBGene00173033.,0,0,0
WBGene00173034.,0,0,0
WBGene00173035.,0,0,0
WBGene00173036.,0,1,1
WBGene00173037.,0,0,0
WBGene00173038.,0,0,0
WBGene00173039.,0,0,0
WBGene00173040.,0,0,0
WBGene00173041.,0,5,5
WBGene00173042.,0,0,0
WBGene00173043.,0,0,0
WBGene00173044.,0,0,0
WBGene00173045.,0,0,0
WBGene00173046.,0,0,0
WBGene00173047.,0,1,1
WBGene00173048.,0,0,0
WBGene00173049.,0,0,0
WBGene00173050.,0,0,0
WBGene00173051.,0,0,0
WBGene00173052.,0,0,0
WBGene00173053.,0,2,2
WBGene00173054.,0,0,0
WBGene00173055.,0,0,0
WBGene00173056.,0,0,0
WBGene00173057.,0,0,0
WBGene00173058.,0,0,0
WBGene00173059.,0,0,0
WBGene00173060.,0,0,0
WBGene00173061.,0,0,0
WBGene00173062.,0,0,0
WBGene00173063.,0,0,0
WBGene00173064.,0,0,0
WBGene00173065.,0,0,0
WBGene00173066.,0,0,0
WBGene00173067.,0,3,3
WBGene00173068.,0,0,0
WBGene00173069.,0,0,0
WBGene00173070.,0,0,0
WBGene00173071.,0,0,0
WBGene00173072.,0,0,0
WBGene00173073.,0,0,0
WBGene00173074.,0,0,0
WBGene00173075.,0,0,0
WBGene00173076.,0,0,0
WBGene00173077.,0,0,0
WBGene00173078.,0,0,0
WBGene00173079.,0,0,0
WBGene00173080.,0,0,0
WBGene00173081.,0,0,0
WBGene00173082.,0,0,0
WBGene00173083.,0,0,0
WBGene00173084.,0,0,0
WBGene00173085.,0,0,0
WBGene00173086.,0,0,0
WBGene00173087.,0,0,0
WBGene00173088.,0,0,0
WBGene00173089.,0,0,0
WBGene00173090.,0,0,0
WBGene00173091.,0,0,0
WBGene00173092.,0,1,1
WBGene00173093.,0,0,0
WBGene00173094.,0,0,0
WBGene00173095.,0,0,0
WBGene00173096.,0,0,0
WBGene00173097.,0,0,0
WBGene00173098.,0,0,0
WBGene00173099.,0,0,0
WBGene00173100.,0,0,0
WBGene00173101.,0,0,0
WBGene00173102.,0,0,0
WBGene00173103.,0,0,0
WBGene00173104.,0,3,3
WBGene00173105.,0,0,0
WBGene00173106.,0,0,0
WBGene00173107.,0,0,0
WBGene00173108.,0,0,0
WBGene00173109.,0,0,0
WBGene00173110.,0,0,0
WBGene00173111.,0,0,0
WBGene00173112.,0,0,0
WBGene00173113.,0,0,0
WBGene00173114.,0,0,0
WBGene00173115.,0,0,0
WBGene00173116.,0,1,1
WBGene00173117.,0,0,0
WBGene00173118.,0,0,0
WBGene00173119.,0,0,0
WBGene00173120.,0,0,0
WBGene00173121.,0,0,0
WBGene00173122.,0,0,0
WBGene00173123.,0,0,0
WBGene00173124.,0,0,0
WBGene00173125.,0,0,0
WBGene00173126.,0,0,0
WBGene00173127.,0,0,0
WBGene00173128.,0,0,0
WBGene00173129.,0,1,1
WBGene00173130.,0,0,0
WBGene00173131.,0,0,0
WBGene00173132.,0,0,0
WBGene00173133.,0,0,0
WBGene00173134.,0,0,0
WBGene00173135.,0,0,0
WBGene00173136.,0,0,0
WBGene00173137.,0,0,0
WBGene00173138.,0,0,0
WBGene00173139.,0,0,0
WBGene00173140.,0,0,0
WBGene00173141.,0,0,0
WBGene00173142.,0,0,0
WBGene00173143.,0,0,0
WBGene00173144.,0,0,0
WBGene00173145.,0,0,0
WBGene00173146.,0,0,0
WBGene00173147.,0,1,1
WBGene00173148.,0,0,0
WBGene00173149.,0,0,0
WBGene00173150.,0,0,0
WBGene00173151.,0,1,1
WBGene00173152.,0,0,0
WBGene00173153.,0,0,0
WBGene00173154.,0,0,0
WBGene00173155.,0,0,0
WBGene00173156.,0,0,0
WBGene00173157.,0,0,0
WBGene00173158.,0,0,0
WBGene00173159.,0,0,0
WBGene00173160.,0,0,0
WBGene00173161.,0,0,0
WBGene00173162.,0,0,0
WBGene00173163.,0,0,0
WBGene00173164.,0,0,0
WBGene00173165.,0,0,0
WBGene00173166.,0,0,0
WBGene00173167.,0,0,0
WBGene00173168.,0,0,0
WBGene00173169.,0,0,0
WBGene00173170.,0,0,0
WBGene00173171.,0,0,0
WBGene00173172.,0,0,0
WBGene00173173.,0,0,0
WBGene00173174.,0,0,0
WBGene00173175.,0,0,0
WBGene00173176.,0,0,0
WBGene00173177.,0,0,0
WBGene00173178.,0,0,0
WBGene00173179.,0,0,0
WBGene00173180.,0,0,0
WBGene00173181.,0,0,0
WBGene00173182.,0,0,0
WBGene00173183.,0,0,0
WBGene00173184.,0,0,0
WBGene00173185.,0,0,0
WBGene00173186.,0,0,0
WBGene00173187.,0,0,0
WBGene00173188.,0,9,9
WBGene00173189.,0,0,0
WBGene00173190.,0,0,0
WBGene00173191.,0,0,0
WBGene00173192.,0,0,0
WBGene00173193.,0,0,0
WBGene00173194.,0,0,0
WBGene00173195.,0,0,0
WBGene00173196.,0,0,0
WBGene00173197.,0,0,0
WBGene00173198.,0,0,0
WBGene00173199.,0,0,0
WBGene00173200.,0,0,0
WBGene00173201.,0,0,0
WBGene00173202.,0,0,0
WBGene00173203.,0,0,0
WBGene00173204.,0,0,0
WBGene00173205.,0,0,0
WBGene00173206.,0,0,0
WBGene00173207.,0,0,0
WBGene00173208.,0,0,0
WBGene00173209.,0,0,0
WBGene00173210.,0,0,0
WBGene00173211.,0,0,0
WBGene00173212.,0,0,0
WBGene00173213.,0,0,0
WBGene00173214.,0,0,0
WBGene00173215.,0,2,2
WBGene00173216.,0,1,1
WBGene00173217.,0,0,0
WBGene00173218.,0,0,0
WBGene00173219.,0,0,0
WBGene00173220.,0,0,0
WBGene00173221.,0,0,0
WBGene00173222.,0,1,1
WBGene00173223.,0,1,1
WBGene00173224.,0,0,0
WBGene00173225.,0,0,0
WBGene00173226.,0,0,0
WBGene00173227.,0,0,0
WBGene00173228.,0,0,0
WBGene00173229.,0,0,0
WBGene00173230.,0,0,0
WBGene00173231.,0,0,0
WBGene00173232.,0,0,0
WBGene00173233.,0,0,0
WBGene00173234.,0,0,0
WBGene00173235.,0,0,0
WBGene00173236.,0,0,0
WBGene00173237.,0,0,0
WBGene00173238.,0,2,2
WBGene00173239.,0,0,0
WBGene00173240.,0,0,0
WBGene00173241.,0,0,0
WBGene00173242.,0,0,0
WBGene00173243.,0,0,0
WBGene00173244.,0,0,0
WBGene00173245.,0,0,0
WBGene00173246.,0,0,0
WBGene00173247.,0,0,0
WBGene00173248.,0,0,0
WBGene00173249.,0,0,0
WBGene00173250.,0,0,0
WBGene00173251.,0,0,0
WBGene00173252.,0,0,0
WBGene00173253.,0,0,0
WBGene00173254.,0,0,0
WBGene00173255.,0,0,0
WBGene00173256.,0,0,0
WBGene00173257.,0,0,0
WBGene00173258.,0,0,0
WBGene00173259.,0,0,0
WBGene00173260.,0,0,0
WBGene00173261.,0,0,0
WBGene00173262.,0,0,0
WBGene00173263.,0,0,0
WBGene00173264.,0,0,0
WBGene00173265.,0,17,17
WBGene00173266.,0,0,0
WBGene00173267.,0,0,0
WBGene00173268.,0,0,0
WBGene00173269.,0,0,0
WBGene00173270.,0,0,0
WBGene00173271.,0,0,0
WBGene00173272.,0,0,0
WBGene00173273.,0,0,0
WBGene00173274.,0,1,1
WBGene00173275.,0,0,0
WBGene00173276.,0,0,0
WBGene00173277.,0,0,0
WBGene00173278.,0,0,0
WBGene00173279.,0,0,0
WBGene00173280.,0,0,0
WBGene00173281.,0,0,0
WBGene00173282.,0,0,0
WBGene00173283.,0,0,0
WBGene00173284.,0,0,0
WBGene00173285.,0,2,2
WBGene00173286.,0,0,0
WBGene00173287.,0,0,0
WBGene00173288.,0,0,0
WBGene00173289.,0,0,0
WBGene00173290.,0,1,1
WBGene00173291.,0,0,0
WBGene00173292.,0,0,0
WBGene00173293.,0,0,0
WBGene00173294.,0,0,0
WBGene00173295.,0,0,0
WBGene00173296.,0,0,0
WBGene00173297.,0,0,0
WBGene00173298.,0,0,0
WBGene00173299.,0,0,0
WBGene00173300.,0,0,0
WBGene00173301.,0,0,0
WBGene00173302.,0,0,0
WBGene00173303.,0,4,4
WBGene00173304.,0,0,0
WBGene00173305.,0,0,0
WBGene00173306.,0,0,0
WBGene00173307.,0,0,0
WBGene00173308.,0,0,0
WBGene00173309.,0,0,0
WBGene00173310.,0,0,0
WBGene00173311.,0,0,0
WBGene00173312.,0,0,0
WBGene00173313.,0,0,0
WBGene00173314.,0,0,0
WBGene00173315.,0,0,0
WBGene00173316.,0,0,0
WBGene00173317.,0,0,0
WBGene00173318.,0,0,0
WBGene00173319.,0,0,0
WBGene00173320.,0,0,0
WBGene00173321.,0,0,0
WBGene00173322.,0,0,0
WBGene00173323.,0,0,0
WBGene00173324.,0,0,0
WBGene00173325.,0,0,0
WBGene00173326.,0,1,1
WBGene00173327.,0,0,0
WBGene00173328.,0,0,0
WBGene00173329.,0,0,0
WBGene00173330.,0,0,0
WBGene00173331.,0,0,0
WBGene00173332.,0,0,0
WBGene00173333.,0,0,0
WBGene00173334.,0,0,0
WBGene00173335.,0,0,0
WBGene00173336.,0,0,0
WBGene00173337.,0,0,0
WBGene00173338.,0,0,0
WBGene00173339.,0,0,0
WBGene00173340.,0,0,0
WBGene00173341.,0,0,0
WBGene00173342.,0,1,1
WBGene00173343.,0,0,0
WBGene00173344.,0,0,0
WBGene00173345.,0,0,0
WBGene00173346.,0,0,0
WBGene00173347.,0,0,0
WBGene00173348.,0,0,0
WBGene00173349.,0,0,0
WBGene00173350.,0,0,0
WBGene00173351.,0,0,0
WBGene00173352.,0,0,0
WBGene00173353.,0,0,0
WBGene00173354.,0,0,0
WBGene00173355.,0,0,0
WBGene00173356.,0,0,0
WBGene00173357.,0,0,0
WBGene00173358.,0,0,0
WBGene00173359.,0,0,0
WBGene00173360.,0,5,5
WBGene00173361.,0,0,0
WBGene00173362.,0,0,0
WBGene00173363.,0,0,0
WBGene00173364.,0,0,0
WBGene00173365.,0,0,0
WBGene00173366.,0,0,0
WBGene00173367.,0,0,0
WBGene00173368.,0,1,1
WBGene00173369.,0,0,0
WBGene00173370.,0,0,0
WBGene00173371.,0,0,0
WBGene00173372.,0,0,0
WBGene00173373.,0,0,0
WBGene00173374.,0,0,0
WBGene00173375.,0,0,0
WBGene00173376.,0,0,0
WBGene00173377.,0,0,0
WBGene00173378.,0,0,0
WBGene00173379.,0,0,0
WBGene00173380.,0,0,0
WBGene00173381.,0,0,0
WBGene00173382.,0,0,0
WBGene00173383.,0,0,0
WBGene00173384.,0,0,0
WBGene00173385.,0,0,0
WBGene00173386.,0,0,0
WBGene00173387.,0,0,0
WBGene00173388.,0,0,0
WBGene00173389.,0,0,0
WBGene00173390.,0,1,1
WBGene00173391.,0,0,0
WBGene00173392.,0,0,0
WBGene00173393.,0,0,0
WBGene00173394.,0,0,0
WBGene00173395.,0,0,0
WBGene00173396.,0,0,0
WBGene00173397.,0,0,0
WBGene00173398.,0,1,1
WBGene00173399.,0,0,0
WBGene00173400.,0,0,0
WBGene00173401.,0,0,0
WBGene00173402.,0,0,0
WBGene00173403.,0,0,0
WBGene00173404.,0,0,0
WBGene00173405.,0,0,0
WBGene00173406.,0,0,0
WBGene00173407.,0,0,0
WBGene00173408.,0,0,0
WBGene00173409.,0,0,0
WBGene00173410.,0,0,0
WBGene00173411.,0,0,0
WBGene00173412.,0,0,0
WBGene00173413.,0,0,0
WBGene00173414.,0,0,0
WBGene00173415.,0,0,0
WBGene00173416.,0,0,0
WBGene00173417.,0,0,0
WBGene00173418.,0,0,0
WBGene00173419.,0,0,0
WBGene00173420.,0,1,1
WBGene00173421.,0,0,0
WBGene00173422.,0,0,0
WBGene00173423.,0,0,0
WBGene00173424.,0,0,0
WBGene00173425.,0,0,0
WBGene00173426.,0,0,0
WBGene00173427.,0,0,0
WBGene00173428.,0,0,0
WBGene00173429.,0,0,0
WBGene00173430.,0,0,0
WBGene00173431.,0,0,0
WBGene00173432.,0,0,0
WBGene00173433.,0,0,0
WBGene00173434.,0,0,0
WBGene00173435.,0,0,0
WBGene00173436.,0,0,0
WBGene00173437.,0,0,0
WBGene00173438.,0,0,0
WBGene00173439.,0,0,0
WBGene00173440.,0,0,0
WBGene00173441.,0,0,0
WBGene00173442.,0,0,0
WBGene00173443.,0,0,0
WBGene00173444.,0,4,4
WBGene00173445.,0,0,0
WBGene00173446.,0,0,0
WBGene00173447.,0,30,30
WBGene00173448.,0,0,0
WBGene00173449.,0,0,0
WBGene00173450.,0,0,0
WBGene00173451.,0,0,0
WBGene00173452.,0,0,0
WBGene00173453.,0,0,0
WBGene00173454.,0,1,1
WBGene00173455.,0,0,0
WBGene00173456.,0,0,0
WBGene00173457.,0,0,0
WBGene00173458.,0,0,0
WBGene00173459.,0,0,0
WBGene00173460.,0,1,1
WBGene00173461.,0,0,0
WBGene00173462.,0,0,0
WBGene00173463.,0,1,1
WBGene00173464.,0,0,0
WBGene00173465.,0,0,0
WBGene00173466.,0,0,0
WBGene00173467.,0,0,0
WBGene00173468.,0,0,0
WBGene00173469.,0,0,0
WBGene00173470.,0,0,0
WBGene00173471.,0,0,0
WBGene00173472.,0,0,0
WBGene00173473.,0,0,0
WBGene00173474.,0,0,0
WBGene00173475.,0,0,0
WBGene00173476.,0,0,0
WBGene00173477.,0,0,0
WBGene00173478.,0,0,0
WBGene00173480.,0,0,0
WBGene00173481.,0,0,0
WBGene00173482.,0,0,0
WBGene00173483.,0,0,0
WBGene00173484.,0,0,0
WBGene00173485.,0,0,0
WBGene00173486.,0,0,0
WBGene00173487.,0,0,0
WBGene00173488.,0,0,0
WBGene00173489.,0,0,0
WBGene00173490.,0,0,0
WBGene00173491.,0,0,0
WBGene00173492.,0,0,0
WBGene00173493.,0,0,0
WBGene00173494.,0,0,0
WBGene00173495.,0,0,0
WBGene00173496.,0,1,1
WBGene00173497.,0,0,0
WBGene00173498.,0,0,0
WBGene00173499.,0,0,0
WBGene00173500.,0,0,0
WBGene00173501.,0,1,1
WBGene00173502.,0,0,0
WBGene00173503.,0,0,0
WBGene00173504.,0,0,0
WBGene00173505.,0,0,0
WBGene00173506.,0,0,0
WBGene00173507.,0,0,0
WBGene00173508.,0,0,0
WBGene00173509.,0,0,0
WBGene00173510.,0,0,0
WBGene00173511.,0,0,0
WBGene00173512.,0,0,0
WBGene00173513.,0,0,0
WBGene00173514.,0,0,0
WBGene00173515.,0,0,0
WBGene00173516.,0,24,24
WBGene00173517.,0,0,0
WBGene00173518.,0,1,1
WBGene00173519.,0,0,0
WBGene00173520.,0,0,0
WBGene00173521.,0,0,0
WBGene00173522.,0,0,0
WBGene00173523.,0,0,0
WBGene00173524.,0,0,0
WBGene00173525.,0,0,0
WBGene00173526.,0,0,0
WBGene00173527.,0,0,0
WBGene00173528.,0,0,0
WBGene00173529.,0,0,0
WBGene00173530.,0,0,0
WBGene00173531.,0,0,0
WBGene00173532.,0,0,0
WBGene00173533.,0,0,0
WBGene00173534.,0,0,0
WBGene00173535.,0,0,0
WBGene00173536.,0,0,0
WBGene00173537.,0,0,0
WBGene00173538.,0,0,0
WBGene00173539.,0,0,0
WBGene00173540.,0,0,0
WBGene00173541.,0,0,0
WBGene00173542.,0,0,0
WBGene00173543.,0,0,0
WBGene00173544.,0,0,0
WBGene00173545.,0,0,0
WBGene00173546.,0,0,0
WBGene00173547.,0,0,0
WBGene00173548.,0,0,0
WBGene00173550.,0,0,0
WBGene00173551.,0,0,0
WBGene00173552.,0,0,0
WBGene00173553.,0,0,0
WBGene00173554.,0,0,0
WBGene00173555.,0,0,0
WBGene00173556.,0,0,0
WBGene00173557.,0,0,0
WBGene00173558.,0,0,0
WBGene00173559.,0,0,0
WBGene00173560.,0,0,0
WBGene00173561.,0,0,0
WBGene00173562.,0,0,0
WBGene00173563.,0,0,0
WBGene00173564.,0,0,0
WBGene00173565.,0,0,0
WBGene00173566.,0,0,0
WBGene00173567.,0,0,0
WBGene00173568.,0,0,0
WBGene00173569.,0,0,0
WBGene00173570.,0,0,0
WBGene00173571.,0,0,0
WBGene00173572.,0,0,0
WBGene00173573.,0,0,0
WBGene00173574.,0,0,0
WBGene00173575.,0,0,0
WBGene00173576.,0,0,0
WBGene00173577.,0,2,2
WBGene00173578.,0,0,0
WBGene00173579.,0,0,0
WBGene00173580.,0,0,0
WBGene00173581.,0,0,0
WBGene00173582.,0,0,0
WBGene00173583.,0,0,0
WBGene00173584.,0,1,1
WBGene00173585.,0,0,0
WBGene00173586.,0,0,0
WBGene00173587.,0,0,0
WBGene00173588.,0,0,0
WBGene00173589.,0,0,0
WBGene00173590.,0,0,0
WBGene00173591.,0,0,0
WBGene00173592.,0,0,0
WBGene00173593.,0,0,0
WBGene00173594.,0,0,0
WBGene00173595.,0,0,0
WBGene00173596.,0,0,0
WBGene00173597.,0,0,0
WBGene00173598.,0,0,0
WBGene00173599.,0,0,0
WBGene00173600.,0,0,0
WBGene00173601.,0,0,0
WBGene00173602.,0,0,0
WBGene00173603.,0,4,4
WBGene00173604.,0,0,0
WBGene00173605.,0,0,0
WBGene00173606.,0,0,0
WBGene00173607.,0,26,26
WBGene00173608.,0,0,0
WBGene00173609.,0,0,0
WBGene00173610.,0,0,0
WBGene00173611.,0,0,0
WBGene00173612.,0,0,0
WBGene00173613.,0,0,0
WBGene00173614.,0,0,0
WBGene00173615.,0,17,17
WBGene00173616.,0,0,0
WBGene00173617.,0,0,0
WBGene00173618.,0,0,0
WBGene00173619.,0,0,0
WBGene00173620.,0,0,0
WBGene00173621.,0,1,1
WBGene00173622.,0,0,0
WBGene00173623.,0,0,0
WBGene00173624.,0,0,0
WBGene00173625.,0,0,0
WBGene00173626.,0,0,0
WBGene00173627.,0,0,0
WBGene00173628.,0,0,0
WBGene00173629.,0,3,3
WBGene00173630.,0,0,0
WBGene00173631.,0,0,0
WBGene00173632.,0,1,1
WBGene00173633.,0,0,0
WBGene00173634.,0,0,0
WBGene00173635.,0,0,0
WBGene00173636.,0,0,0
WBGene00173637.,0,0,0
WBGene00173638.,0,0,0
WBGene00173639.,0,0,0
WBGene00173640.,0,1,1
WBGene00173641.,0,0,0
WBGene00173642.,0,0,0
WBGene00173643.,0,0,0
WBGene00173644.,0,0,0
WBGene00173645.,0,0,0
WBGene00173646.,0,0,0
WBGene00173647.,0,0,0
WBGene00173648.,0,0,0
WBGene00173649.,0,0,0
WBGene00173650.,0,0,0
WBGene00173651.,0,0,0
WBGene00173652.,0,0,0
WBGene00173653.,0,0,0
WBGene00173654.,0,0,0
WBGene00173655.,0,0,0
WBGene00173656.,0,0,0
WBGene00173657.,0,0,0
WBGene00173658.,0,4,4
WBGene00173659.,0,0,0
WBGene00173660.,0,0,0
WBGene00173661.,0,0,0
WBGene00173662.,0,0,0
WBGene00173663.,0,0,0
WBGene00173664.,0,0,0
WBGene00173665.,0,0,0
WBGene00173666.,0,0,0
WBGene00173667.,0,0,0
WBGene00173668.,0,0,0
WBGene00173669.,0,0,0
WBGene00173670.,0,0,0
WBGene00173671.,0,0,0
WBGene00173672.,0,0,0
WBGene00173673.,0,0,0
WBGene00173674.,0,0,0
WBGene00173675.,0,0,0
WBGene00173676.,0,0,0
WBGene00173677.,0,0,0
WBGene00173678.,0,0,0
WBGene00173679.,0,0,0
WBGene00173680.,0,0,0
WBGene00173681.,0,0,0
WBGene00173682.,0,0,0
WBGene00173683.,0,0,0
WBGene00173684.,0,0,0
WBGene00173685.,0,0,0
WBGene00173686.,0,0,0
WBGene00173687.,0,0,0
WBGene00173688.,0,0,0
WBGene00173689.,0,0,0
WBGene00173690.,0,0,0
WBGene00173691.,0,0,0
WBGene00173692.,0,0,0
WBGene00173693.,0,0,0
WBGene00173694.,0,0,0
WBGene00173695.,0,0,0
WBGene00173696.,0,0,0
WBGene00173697.,0,0,0
WBGene00173698.,0,1,1
WBGene00173699.,0,0,0
WBGene00173700.,0,0,0
WBGene00173701.,0,0,0
WBGene00173702.,0,0,0
WBGene00173703.,0,0,0
WBGene00173704.,0,0,0
WBGene00173705.,0,0,0
WBGene00173706.,0,0,0
WBGene00173707.,0,0,0
WBGene00173708.,0,0,0
WBGene00173709.,0,0,0
WBGene00173710.,0,0,0
WBGene00173711.,0,0,0
WBGene00173712.,0,0,0
WBGene00173713.,0,0,0
WBGene00173714.,0,0,0
WBGene00173715.,0,0,0
WBGene00173716.,0,0,0
WBGene00173717.,0,0,0
WBGene00173718.,0,0,0
WBGene00173719.,0,0,0
WBGene00173720.,0,0,0
WBGene00173721.,0,0,0
WBGene00173722.,0,0,0
WBGene00173723.,0,0,0
WBGene00173724.,0,0,0
WBGene00173725.,0,0,0
WBGene00173726.,0,0,0
WBGene00173727.,0,0,0
WBGene00173728.,0,0,0
WBGene00173729.,0,1,1
WBGene00173730.,0,1,1
WBGene00173731.,0,0,0
WBGene00173732.,0,0,0
WBGene00173733.,0,0,0
WBGene00173734.,0,0,0
WBGene00173735.,0,0,0
WBGene00173736.,0,0,0
WBGene00173737.,0,0,0
WBGene00173738.,0,0,0
WBGene00173739.,0,0,0
WBGene00173740.,0,0,0
WBGene00173741.,0,0,0
WBGene00173742.,0,0,0
WBGene00173743.,0,0,0
WBGene00173744.,0,0,0
WBGene00173745.,0,1,1
WBGene00173746.,0,0,0
WBGene00173747.,0,0,0
WBGene00173748.,0,0,0
WBGene00173749.,0,0,0
WBGene00173750.,0,0,0
WBGene00173751.,0,0,0
WBGene00173752.,0,0,0
WBGene00173753.,0,0,0
WBGene00173754.,0,0,0
WBGene00173755.,0,0,0
WBGene00173756.,0,0,0
WBGene00173757.,0,0,0
WBGene00173758.,0,4,4
WBGene00173759.,0,0,0
WBGene00173760.,0,0,0
WBGene00173761.,0,0,0
WBGene00173762.,0,0,0
WBGene00173763.,0,0,0
WBGene00173764.,0,0,0
WBGene00173765.,0,0,0
WBGene00173766.,0,0,0
WBGene00173767.,0,0,0
WBGene00173768.,0,0,0
WBGene00173769.,0,0,0
WBGene00173770.,0,0,0
WBGene00173771.,0,0,0
WBGene00173772.,0,0,0
WBGene00173773.,0,0,0
WBGene00173774.,0,0,0
WBGene00173775.,0,0,0
WBGene00173776.,0,0,0
WBGene00173777.,0,0,0
WBGene00173778.,0,0,0
WBGene00173779.,0,0,0
WBGene00173780.,0,0,0
WBGene00173781.,0,0,0
WBGene00173782.,0,0,0
WBGene00173783.,0,0,0
WBGene00173784.,0,0,0
WBGene00173785.,0,0,0
WBGene00173786.,0,0,0
WBGene00173787.,0,0,0
WBGene00173788.,0,0,0
WBGene00173789.,0,0,0
WBGene00173790.,0,0,0
WBGene00173791.,0,0,0
WBGene00173792.,0,0,0
WBGene00173793.,0,0,0
WBGene00173794.,0,0,0
WBGene00173795.,0,0,0
WBGene00173796.,0,0,0
WBGene00173797.,0,0,0
WBGene00173798.,0,0,0
WBGene00173799.,0,0,0
WBGene00173800.,0,0,0
WBGene00173801.,0,0,0
WBGene00173802.,0,0,0
WBGene00173803.,0,0,0
WBGene00173804.,0,0,0
WBGene00173805.,0,0,0
WBGene00173806.,0,0,0
WBGene00173807.,0,0,0
WBGene00173808.,0,0,0
WBGene00173809.,0,0,0
WBGene00173810.,0,0,0
WBGene00173811.,0,0,0
WBGene00173812.,0,0,0
WBGene00173813.,0,0,0
WBGene00173814.,0,0,0
WBGene00173815.,0,1,1
WBGene00173816.,0,0,0
WBGene00173817.,0,0,0
WBGene00173818.,0,0,0
WBGene00173819.,0,0,0
WBGene00173820.,0,0,0
WBGene00173821.,0,0,0
WBGene00173822.,0,0,0
WBGene00173823.,0,0,0
WBGene00173824.,0,0,0
WBGene00173825.,0,0,0
WBGene00173826.,0,0,0
WBGene00173827.,0,0,0
WBGene00173828.,0,0,0
WBGene00173829.,0,0,0
WBGene00173830.,0,0,0
WBGene00173831.,0,1,1
WBGene00173832.,0,0,0
WBGene00173833.,0,0,0
WBGene00173834.,0,0,0
WBGene00173835.,0,0,0
WBGene00173836.,0,0,0
WBGene00173837.,0,0,0
WBGene00173838.,0,0,0
WBGene00173839.,0,0,0
WBGene00173840.,0,0,0
WBGene00173841.,0,0,0
WBGene00173842.,0,0,0
WBGene00173843.,0,0,0
WBGene00173844.,0,0,0
WBGene00173845.,0,0,0
WBGene00173846.,0,0,0
WBGene00173847.,0,0,0
WBGene00173848.,0,0,0
WBGene00173849.,0,0,0
WBGene00173850.,0,0,0
WBGene00173851.,0,0,0
WBGene00173852.,0,0,0
WBGene00173853.,0,0,0
WBGene00173854.,0,0,0
WBGene00173855.,0,0,0
WBGene00173856.,0,0,0
WBGene00173857.,0,0,0
WBGene00173858.,0,15,15
WBGene00173859.,0,0,0
WBGene00173860.,0,0,0
WBGene00173861.,0,0,0
WBGene00173862.,0,0,0
WBGene00173863.,0,0,0
WBGene00173864.,0,0,0
WBGene00173865.,0,0,0
WBGene00173866.,0,0,0
WBGene00173867.,0,0,0
WBGene00173868.,0,0,0
WBGene00173869.,0,0,0
WBGene00173870.,0,0,0
WBGene00173871.,0,0,0
WBGene00173872.,0,0,0
WBGene00173873.,0,0,0
WBGene00173874.,0,0,0
WBGene00173875.,0,0,0
WBGene00173876.,0,0,0
WBGene00173877.,0,0,0
WBGene00173878.,0,0,0
WBGene00173879.,0,0,0
WBGene00173880.,0,0,0
WBGene00173881.,0,0,0
WBGene00173882.,0,0,0
WBGene00173883.,0,0,0
WBGene00173884.,0,0,0
WBGene00173885.,0,1,1
WBGene00173886.,0,0,0
WBGene00173887.,0,2,2
WBGene00173888.,0,0,0
WBGene00173889.,0,0,0
WBGene00173890.,0,0,0
WBGene00173891.,0,0,0
WBGene00173892.,0,1,1
WBGene00173893.,0,0,0
WBGene00173894.,0,0,0
WBGene00173895.,0,0,0
WBGene00173896.,0,0,0
WBGene00173897.,0,0,0
WBGene00173898.,0,0,0
WBGene00173899.,0,0,0
WBGene00173900.,0,0,0
WBGene00173901.,0,0,0
WBGene00173902.,0,0,0
WBGene00173903.,0,0,0
WBGene00173904.,0,0,0
WBGene00173905.,0,1,1
WBGene00173906.,0,0,0
WBGene00173907.,0,0,0
WBGene00173908.,0,0,0
WBGene00173909.,0,0,0
WBGene00173910.,0,0,0
WBGene00173911.,0,0,0
WBGene00173912.,0,0,0
WBGene00173913.,0,0,0
WBGene00173914.,0,0,0
WBGene00173915.,0,0,0
WBGene00173916.,0,0,0
WBGene00173917.,0,0,0
WBGene00173918.,0,0,0
WBGene00173919.,0,0,0
WBGene00173920.,0,0,0
WBGene00173921.,0,0,0
WBGene00173922.,0,0,0
WBGene00173923.,0,0,0
WBGene00173924.,0,0,0
WBGene00173925.,0,0,0
WBGene00173926.,0,0,0
WBGene00173927.,0,0,0
WBGene00173928.,0,0,0
WBGene00173929.,0,0,0
WBGene00173930.,0,0,0
WBGene00173931.,0,0,0
WBGene00173932.,0,0,0
WBGene00173933.,0,0,0
WBGene00173934.,0,0,0
WBGene00173935.,0,3,3
WBGene00173936.,0,0,0
WBGene00173937.,0,0,0
WBGene00173938.,0,0,0
WBGene00173939.,0,0,0
WBGene00173940.,0,0,0
WBGene00173941.,0,0,0
WBGene00173942.,0,0,0
WBGene00173943.,0,0,0
WBGene00173944.,0,1,1
WBGene00173945.,0,0,0
WBGene00173946.,0,0,0
WBGene00173947.,0,0,0
WBGene00173948.,0,0,0
WBGene00173949.,0,0,0
WBGene00173950.,0,0,0
WBGene00173951.,0,0,0
WBGene00173952.,0,0,0
WBGene00173953.,0,1,1
WBGene00173954.,0,0,0
WBGene00173955.,0,0,0
WBGene00173956.,0,0,0
WBGene00173957.,0,0,0
WBGene00173958.,0,0,0
WBGene00173959.,0,1,1
WBGene00173960.,0,0,0
WBGene00173961.,0,0,0
WBGene00173962.,0,0,0
WBGene00173963.,0,0,0
WBGene00173964.,0,0,0
WBGene00173965.,0,0,0
WBGene00173966.,0,0,0
WBGene00173967.,0,1,1
WBGene00173968.,0,0,0
WBGene00173969.,0,0,0
WBGene00173970.,0,0,0
WBGene00173971.,0,0,0
WBGene00173972.,0,0,0
WBGene00173973.,0,0,0
WBGene00173974.,0,0,0
WBGene00173975.,0,0,0
WBGene00173976.,0,0,0
WBGene00173977.,0,0,0
WBGene00173978.,0,0,0
WBGene00173979.,0,0,0
WBGene00173980.,0,0,0
WBGene00173981.,0,0,0
WBGene00173982.,0,0,0
WBGene00173983.,0,0,0
WBGene00173984.,0,0,0
WBGene00173985.,0,0,0
WBGene00173986.,0,0,0
WBGene00173987.,0,0,0
WBGene00173988.,0,0,0
WBGene00173989.,0,0,0
WBGene00173990.,0,0,0
WBGene00173991.,0,0,0
WBGene00173992.,0,0,0
WBGene00173993.,0,0,0
WBGene00173994.,0,0,0
WBGene00173995.,0,0,0
WBGene00173996.,0,0,0
WBGene00173997.,0,0,0
WBGene00173998.,0,0,0
WBGene00173999.,0,0,0
WBGene00174000.,0,0,0
WBGene00174001.,0,0,0
WBGene00174002.,0,0,0
WBGene00174003.,0,0,0
WBGene00174004.,0,0,0
WBGene00174005.,0,0,0
WBGene00174006.,0,0,0
WBGene00174007.,0,0,0
WBGene00174008.,0,0,0
WBGene00174009.,0,0,0
WBGene00174010.,0,0,0
WBGene00174011.,0,0,0
WBGene00174012.,0,0,0
WBGene00174013.,0,0,0
WBGene00174014.,0,1,1
WBGene00174015.,0,0,0
WBGene00174016.,0,0,0
WBGene00174017.,0,0,0
WBGene00174018.,0,0,0
WBGene00174019.,0,0,0
WBGene00174020.,0,0,0
WBGene00174021.,0,0,0
WBGene00174022.,0,0,0
WBGene00174023.,0,0,0
WBGene00174024.,0,0,0
WBGene00174025.,0,0,0
WBGene00174026.,0,0,0
WBGene00174027.,0,0,0
WBGene00174028.,0,0,0
WBGene00174029.,0,0,0
WBGene00174030.,0,0,0
WBGene00174031.,0,0,0
WBGene00174032.,0,0,0
WBGene00174033.,0,0,0
WBGene00174034.,0,0,0
WBGene00174035.,0,0,0
WBGene00174036.,0,0,0
WBGene00174037.,0,0,0
WBGene00174038.,0,0,0
WBGene00174039.,0,0,0
WBGene00174040.,0,0,0
WBGene00174041.,0,0,0
WBGene00174042.,0,0,0
WBGene00174043.,0,0,0
WBGene00174044.,0,0,0
WBGene00174045.,0,0,0
WBGene00174046.,0,0,0
WBGene00174047.,0,0,0
WBGene00174048.,0,0,0
WBGene00174049.,0,0,0
WBGene00174050.,0,0,0
WBGene00174051.,0,0,0
WBGene00174052.,0,0,0
WBGene00174053.,0,0,0
WBGene00174054.,0,0,0
WBGene00174055.,0,0,0
WBGene00174056.,0,0,0
WBGene00174057.,0,0,0
WBGene00174058.,0,0,0
WBGene00174059.,0,0,0
WBGene00174060.,0,0,0
WBGene00174061.,0,0,0
WBGene00174062.,0,0,0
WBGene00174063.,0,0,0
WBGene00174064.,0,0,0
WBGene00174065.,0,0,0
WBGene00174066.,0,0,0
WBGene00174067.,0,0,0
WBGene00174068.,0,0,0
WBGene00174069.,0,0,0
WBGene00174070.,0,0,0
WBGene00174071.,0,2,2
WBGene00174072.,0,0,0
WBGene00174073.,0,0,0
WBGene00174074.,0,0,0
WBGene00174075.,0,0,0
WBGene00174076.,0,0,0
WBGene00174077.,0,0,0
WBGene00174078.,0,0,0
WBGene00174079.,0,0,0
WBGene00174080.,0,0,0
WBGene00174081.,0,0,0
WBGene00174082.,0,0,0
WBGene00174083.,0,0,0
WBGene00174084.,0,0,0
WBGene00174085.,0,0,0
WBGene00174086.,0,0,0
WBGene00174087.,0,0,0
WBGene00174088.,0,1,1
WBGene00174089.,0,0,0
WBGene00174090.,0,0,0
WBGene00174091.,0,0,0
WBGene00174092.,0,0,0
WBGene00174093.,0,0,0
WBGene00174094.,0,0,0
WBGene00174095.,0,0,0
WBGene00174096.,0,0,0
WBGene00174097.,0,0,0
WBGene00174098.,0,0,0
WBGene00174099.,0,0,0
WBGene00174100.,0,0,0
WBGene00174101.,0,0,0
WBGene00174102.,0,0,0
WBGene00174103.,0,0,0
WBGene00174104.,0,1,1
WBGene00174105.,0,0,0
WBGene00174106.,0,0,0
WBGene00174107.,0,0,0
WBGene00174108.,0,0,0
WBGene00174109.,0,0,0
WBGene00174110.,0,0,0
WBGene00174111.,0,0,0
WBGene00174112.,0,0,0
WBGene00174113.,0,0,0
WBGene00174114.,0,0,0
WBGene00174115.,0,0,0
WBGene00174116.,0,0,0
WBGene00174117.,0,0,0
WBGene00174118.,0,2,2
WBGene00174119.,0,2,2
WBGene00174120.,0,0,0
WBGene00174121.,0,0,0
WBGene00174122.,0,0,0
WBGene00174123.,0,0,0
WBGene00174124.,0,0,0
WBGene00174125.,0,0,0
WBGene00174126.,0,0,0
WBGene00174127.,0,0,0
WBGene00174128.,0,3,3
WBGene00174129.,0,0,0
WBGene00174130.,0,0,0
WBGene00174131.,0,0,0
WBGene00174132.,0,0,0
WBGene00174133.,0,0,0
WBGene00174134.,0,0,0
WBGene00174135.,0,0,0
WBGene00174136.,0,0,0
WBGene00174137.,0,0,0
WBGene00174138.,0,0,0
WBGene00174139.,0,0,0
WBGene00174140.,0,0,0
WBGene00174141.,0,0,0
WBGene00174142.,0,0,0
WBGene00174143.,0,0,0
WBGene00174144.,0,0,0
WBGene00174145.,0,0,0
WBGene00174146.,0,0,0
WBGene00174147.,0,0,0
WBGene00174148.,0,0,0
WBGene00174149.,0,0,0
WBGene00174150.,0,0,0
WBGene00174151.,0,0,0
WBGene00174152.,0,0,0
WBGene00174153.,0,0,0
WBGene00174154.,0,0,0
WBGene00174155.,0,0,0
WBGene00174156.,0,0,0
WBGene00174157.,0,0,0
WBGene00174158.,0,0,0
WBGene00174159.,0,0,0
WBGene00174160.,0,0,0
WBGene00174161.,0,0,0
WBGene00174162.,0,0,0
WBGene00174163.,0,0,0
WBGene00174164.,0,0,0
WBGene00174165.,0,0,0
WBGene00174166.,0,0,0
WBGene00174167.,0,0,0
WBGene00174168.,0,0,0
WBGene00174169.,0,0,0
WBGene00174170.,0,0,0
WBGene00174171.,0,0,0
WBGene00174172.,0,0,0
WBGene00174173.,0,0,0
WBGene00174174.,0,0,0
WBGene00174175.,0,0,0
WBGene00174176.,0,0,0
WBGene00174177.,0,0,0
WBGene00174178.,0,0,0
WBGene00174179.,0,0,0
WBGene00174180.,0,0,0
WBGene00174181.,0,0,0
WBGene00174182.,0,0,0
WBGene00174183.,0,0,0
WBGene00174184.,0,0,0
WBGene00174185.,0,3,3
WBGene00174186.,0,1,1
WBGene00174187.,0,0,0
WBGene00174188.,0,0,0
WBGene00174189.,0,0,0
WBGene00174190.,0,1,1
WBGene00174191.,0,0,0
WBGene00174192.,0,0,0
WBGene00174193.,0,0,0
WBGene00174194.,0,0,0
WBGene00174195.,0,0,0
WBGene00174196.,0,0,0
WBGene00174197.,0,0,0
WBGene00174198.,0,0,0
WBGene00174199.,0,0,0
WBGene00174200.,0,0,0
WBGene00174201.,0,0,0
WBGene00174202.,0,0,0
WBGene00174203.,0,0,0
WBGene00174204.,0,0,0
WBGene00174205.,0,0,0
WBGene00174206.,0,0,0
WBGene00174207.,0,0,0
WBGene00174208.,0,0,0
WBGene00174209.,0,0,0
WBGene00174210.,0,0,0
WBGene00174211.,0,0,0
WBGene00174212.,0,1,1
WBGene00174213.,0,0,0
WBGene00174214.,0,0,0
WBGene00174215.,0,0,0
WBGene00174216.,0,0,0
WBGene00174217.,0,0,0
WBGene00174218.,0,0,0
WBGene00174219.,0,0,0
WBGene00174220.,0,0,0
WBGene00174221.,0,0,0
WBGene00174222.,0,1,1
WBGene00174223.,0,0,0
WBGene00174224.,0,0,0
WBGene00174225.,0,0,0
WBGene00174226.,0,0,0
WBGene00174227.,0,0,0
WBGene00174228.,0,0,0
WBGene00174229.,0,0,0
WBGene00174230.,0,0,0
WBGene00174231.,0,0,0
WBGene00174232.,0,0,0
WBGene00174233.,0,0,0
WBGene00174234.,0,1,1
WBGene00174235.,0,0,0
WBGene00174236.,0,0,0
WBGene00174237.,0,0,0
WBGene00174238.,0,0,0
WBGene00174239.,0,0,0
WBGene00174240.,0,0,0
WBGene00174241.,0,0,0
WBGene00174242.,0,0,0
WBGene00174243.,0,0,0
WBGene00174244.,0,0,0
WBGene00174245.,0,0,0
WBGene00174246.,0,0,0
WBGene00174247.,0,0,0
WBGene00174248.,0,1,1
WBGene00174249.,0,0,0
WBGene00174250.,0,0,0
WBGene00174251.,0,0,0
WBGene00174252.,0,0,0
WBGene00174253.,0,0,0
WBGene00174254.,0,0,0
WBGene00174255.,0,0,0
WBGene00174256.,0,0,0
WBGene00174257.,0,0,0
WBGene00174258.,0,0,0
WBGene00174259.,0,0,0
WBGene00174260.,0,0,0
WBGene00174261.,0,0,0
WBGene00174262.,0,0,0
WBGene00174263.,0,0,0
WBGene00174264.,0,0,0
WBGene00174265.,0,5,5
WBGene00174266.,0,0,0
WBGene00174267.,0,0,0
WBGene00174268.,0,0,0
WBGene00174269.,0,0,0
WBGene00174270.,0,0,0
WBGene00174271.,0,0,0
WBGene00174272.,0,0,0
WBGene00174273.,0,0,0
WBGene00174274.,0,0,0
WBGene00174275.,0,0,0
WBGene00174276.,0,0,0
WBGene00174277.,0,0,0
WBGene00174278.,0,0,0
WBGene00174279.,0,0,0
WBGene00174280.,0,0,0
WBGene00174281.,0,1,1
WBGene00174282.,0,0,0
WBGene00174283.,0,0,0
WBGene00174284.,0,0,0
WBGene00174285.,0,0,0
WBGene00174286.,0,0,0
WBGene00174287.,0,0,0
WBGene00174288.,0,0,0
WBGene00174289.,0,0,0
WBGene00174290.,0,0,0
WBGene00174291.,0,0,0
WBGene00174292.,0,0,0
WBGene00174293.,0,0,0
WBGene00174294.,0,0,0
WBGene00174295.,0,0,0
WBGene00174296.,0,0,0
WBGene00174297.,0,1,1
WBGene00174298.,0,0,0
WBGene00174299.,0,0,0
WBGene00174300.,0,0,0
WBGene00174301.,0,0,0
WBGene00174302.,0,0,0
WBGene00174303.,0,0,0
WBGene00174304.,0,0,0
WBGene00174305.,0,0,0
WBGene00174306.,0,0,0
WBGene00174307.,0,0,0
WBGene00174308.,0,0,0
WBGene00174309.,0,0,0
WBGene00174310.,0,0,0
WBGene00174311.,0,0,0
WBGene00174312.,0,0,0
WBGene00174313.,0,0,0
WBGene00174314.,0,1,1
WBGene00174315.,0,0,0
WBGene00174316.,0,0,0
WBGene00174317.,0,0,0
WBGene00174318.,0,2,2
WBGene00174319.,0,0,0
WBGene00174320.,0,0,0
WBGene00174321.,0,0,0
WBGene00174322.,0,0,0
WBGene00174323.,0,0,0
WBGene00174324.,0,0,0
WBGene00174325.,0,0,0
WBGene00174326.,0,0,0
WBGene00174327.,0,0,0
WBGene00174328.,0,0,0
WBGene00174329.,0,0,0
WBGene00174330.,0,0,0
WBGene00174331.,0,0,0
WBGene00174332.,0,0,0
WBGene00174333.,0,0,0
WBGene00174334.,0,0,0
WBGene00174335.,0,0,0
WBGene00174336.,0,0,0
WBGene00174337.,0,0,0
WBGene00174338.,0,0,0
WBGene00174339.,0,0,0
WBGene00174340.,0,0,0
WBGene00174341.,0,0,0
WBGene00174342.,0,0,0
WBGene00174343.,0,0,0
WBGene00174344.,0,0,0
WBGene00174345.,0,0,0
WBGene00174346.,0,0,0
WBGene00174347.,0,0,0
WBGene00174348.,0,0,0
WBGene00174349.,0,0,0
WBGene00174350.,0,0,0
WBGene00174351.,0,0,0
WBGene00174352.,0,3,3
WBGene00174353.,0,0,0
WBGene00174354.,0,1,1
WBGene00174355.,0,0,0
WBGene00174356.,0,0,0
WBGene00174357.,0,0,0
WBGene00174358.,0,0,0
WBGene00174359.,0,0,0
WBGene00174360.,0,6,6
WBGene00174361.,0,0,0
WBGene00174362.,0,0,0
WBGene00174363.,0,0,0
WBGene00174364.,0,0,0
WBGene00174365.,0,0,0
WBGene00174366.,0,0,0
WBGene00174367.,0,0,0
WBGene00174368.,0,1,1
WBGene00174369.,0,0,0
WBGene00174370.,0,0,0
WBGene00174371.,0,0,0
WBGene00174372.,0,0,0
WBGene00174373.,0,0,0
WBGene00174374.,0,0,0
WBGene00174375.,0,0,0
WBGene00174376.,0,0,0
WBGene00174377.,0,2,2
WBGene00174378.,0,0,0
WBGene00174379.,0,0,0
WBGene00174380.,0,0,0
WBGene00174381.,0,0,0
WBGene00174382.,0,0,0
WBGene00174383.,0,0,0
WBGene00174384.,0,1,1
WBGene00174385.,0,0,0
WBGene00174386.,0,0,0
WBGene00174387.,0,0,0
WBGene00174388.,0,0,0
WBGene00174389.,0,0,0
WBGene00174390.,0,0,0
WBGene00174391.,0,0,0
WBGene00174392.,0,0,0
WBGene00174393.,0,0,0
WBGene00174394.,0,0,0
WBGene00174395.,0,0,0
WBGene00174396.,0,0,0
WBGene00174397.,0,0,0
WBGene00174398.,0,0,0
WBGene00174399.,0,0,0
WBGene00174400.,0,0,0
WBGene00174401.,0,0,0
WBGene00174402.,0,0,0
WBGene00174403.,0,0,0
WBGene00174404.,0,0,0
WBGene00174405.,0,0,0
WBGene00174406.,0,6,6
WBGene00174407.,0,0,0
WBGene00174408.,0,0,0
WBGene00174409.,0,0,0
WBGene00174410.,0,1,1
WBGene00174411.,0,1,1
WBGene00174412.,0,2,2
WBGene00174413.,0,0,0
WBGene00174414.,0,0,0
WBGene00174415.,0,0,0
WBGene00174416.,0,0,0
WBGene00174417.,0,0,0
WBGene00174418.,0,0,0
WBGene00174419.,0,0,0
WBGene00174420.,0,0,0
WBGene00174421.,0,0,0
WBGene00174422.,0,0,0
WBGene00174423.,0,0,0
WBGene00174424.,0,0,0
WBGene00174425.,0,0,0
WBGene00174426.,0,0,0
WBGene00174427.,0,0,0
WBGene00174428.,0,0,0
WBGene00174429.,0,2,2
WBGene00174430.,0,0,0
WBGene00174431.,0,0,0
WBGene00174432.,0,0,0
WBGene00174433.,0,0,0
WBGene00174434.,0,0,0
WBGene00174435.,0,0,0
WBGene00174436.,0,0,0
WBGene00174437.,0,0,0
WBGene00174438.,0,0,0
WBGene00174439.,0,0,0
WBGene00174440.,0,2,2
WBGene00174441.,0,0,0
WBGene00174442.,0,0,0
WBGene00174443.,0,0,0
WBGene00174444.,0,0,0
WBGene00174445.,0,0,0
WBGene00174446.,0,0,0
WBGene00174447.,0,0,0
WBGene00174448.,0,0,0
WBGene00174449.,0,0,0
WBGene00174450.,0,0,0
WBGene00174451.,0,0,0
WBGene00174452.,0,0,0
WBGene00174453.,0,3,3
WBGene00174454.,0,0,0
WBGene00174455.,0,0,0
WBGene00174456.,0,0,0
WBGene00174457.,0,0,0
WBGene00174458.,0,0,0
WBGene00174459.,0,0,0
WBGene00174460.,0,0,0
WBGene00174461.,0,0,0
WBGene00174462.,0,0,0
WBGene00174463.,0,0,0
WBGene00174464.,0,0,0
WBGene00174465.,0,0,0
WBGene00174466.,0,0,0
WBGene00174467.,0,0,0
WBGene00174468.,0,0,0
WBGene00174469.,0,0,0
WBGene00174470.,0,0,0
WBGene00174471.,0,0,0
WBGene00174472.,0,0,0
WBGene00174473.,0,0,0
WBGene00174474.,0,0,0
WBGene00174475.,0,1,1
WBGene00174476.,0,0,0
WBGene00174477.,0,0,0
WBGene00174478.,0,1,1
WBGene00174479.,0,0,0
WBGene00174480.,0,0,0
WBGene00174481.,0,0,0
WBGene00174482.,0,0,0
WBGene00174483.,0,0,0
WBGene00174484.,0,0,0
WBGene00174485.,0,0,0
WBGene00174486.,0,0,0
WBGene00174487.,0,0,0
WBGene00174488.,0,0,0
WBGene00174489.,0,0,0
WBGene00174490.,0,0,0
WBGene00174491.,0,0,0
WBGene00174492.,0,0,0
WBGene00174493.,0,0,0
WBGene00174494.,0,0,0
WBGene00174495.,0,0,0
WBGene00174496.,0,0,0
WBGene00174497.,0,2,2
WBGene00174498.,0,0,0
WBGene00174499.,0,2,2
WBGene00174500.,0,1,1
WBGene00174501.,0,0,0
WBGene00174502.,0,0,0
WBGene00174503.,0,0,0
WBGene00174504.,0,1,1
WBGene00174505.,0,1,1
WBGene00174506.,0,0,0
WBGene00174507.,0,0,0
WBGene00174508.,0,0,0
WBGene00174509.,0,0,0
WBGene00174510.,0,0,0
WBGene00174511.,0,0,0
WBGene00174512.,0,2,2
WBGene00174513.,0,1,1
WBGene00174514.,0,0,0
WBGene00174515.,0,0,0
WBGene00174516.,0,0,0
WBGene00174517.,0,0,0
WBGene00174518.,0,0,0
WBGene00174519.,0,0,0
WBGene00174520.,0,0,0
WBGene00174521.,0,0,0
WBGene00174522.,0,0,0
WBGene00174523.,0,0,0
WBGene00174524.,0,0,0
WBGene00174525.,0,0,0
WBGene00174526.,0,0,0
WBGene00174527.,0,1,1
WBGene00174528.,0,0,0
WBGene00174529.,0,0,0
WBGene00174530.,0,0,0
WBGene00174531.,0,0,0
WBGene00174532.,0,0,0
WBGene00174533.,0,0,0
WBGene00174534.,0,0,0
WBGene00174535.,0,0,0
WBGene00174536.,0,0,0
WBGene00174537.,0,0,0
WBGene00174538.,0,0,0
WBGene00174539.,0,0,0
WBGene00174540.,0,0,0
WBGene00174541.,0,0,0
WBGene00174542.,0,0,0
WBGene00174543.,0,0,0
WBGene00174544.,0,1,1
WBGene00174545.,0,0,0
WBGene00174546.,0,0,0
WBGene00174547.,0,0,0
WBGene00174548.,0,0,0
WBGene00174549.,0,0,0
WBGene00174550.,0,0,0
WBGene00174551.,0,0,0
WBGene00174552.,0,0,0
WBGene00174553.,0,0,0
WBGene00174554.,0,0,0
WBGene00174555.,0,0,0
WBGene00174556.,0,0,0
WBGene00174557.,0,0,0
WBGene00174558.,0,0,0
WBGene00174559.,0,2,2
WBGene00174560.,0,0,0
WBGene00174561.,0,0,0
WBGene00174562.,0,0,0
WBGene00174563.,0,0,0
WBGene00174564.,0,0,0
WBGene00174565.,0,0,0
WBGene00174566.,0,0,0
WBGene00174567.,0,0,0
WBGene00174568.,0,0,0
WBGene00174569.,0,0,0
WBGene00174570.,0,0,0
WBGene00174571.,0,0,0
WBGene00174572.,0,0,0
WBGene00174573.,0,0,0
WBGene00174574.,0,0,0
WBGene00174575.,0,0,0
WBGene00174576.,0,0,0
WBGene00174577.,0,0,0
WBGene00174578.,0,0,0
WBGene00174579.,0,0,0
WBGene00174580.,0,0,0
WBGene00174581.,0,0,0
WBGene00174582.,0,0,0
WBGene00174583.,0,0,0
WBGene00174584.,0,0,0
WBGene00174585.,0,0,0
WBGene00174586.,0,0,0
WBGene00174587.,0,0,0
WBGene00174588.,0,0,0
WBGene00174589.,0,0,0
WBGene00174590.,0,0,0
WBGene00174591.,0,0,0
WBGene00174592.,0,0,0
WBGene00174593.,0,0,0
WBGene00174594.,0,0,0
WBGene00174595.,0,2,2
WBGene00174596.,0,0,0
WBGene00174597.,0,0,0
WBGene00174598.,0,0,0
WBGene00174599.,0,0,0
WBGene00174600.,0,0,0
WBGene00174601.,0,0,0
WBGene00174602.,0,2,2
WBGene00174603.,0,0,0
WBGene00174604.,0,0,0
WBGene00174605.,0,0,0
WBGene00174606.,0,0,0
WBGene00174607.,0,1,1
WBGene00174608.,0,0,0
WBGene00174609.,0,0,0
WBGene00174610.,0,1,1
WBGene00174611.,0,0,0
WBGene00174612.,0,0,0
WBGene00174613.,0,0,0
WBGene00174614.,0,0,0
WBGene00174615.,0,0,0
WBGene00174616.,0,0,0
WBGene00174617.,0,0,0
WBGene00174618.,0,0,0
WBGene00174619.,0,0,0
WBGene00174620.,0,0,0
WBGene00174621.,0,0,0
WBGene00174622.,0,0,0
WBGene00174623.,0,0,0
WBGene00174624.,0,0,0
WBGene00174625.,0,1,1
WBGene00174626.,0,0,0
WBGene00174627.,0,0,0
WBGene00174628.,0,0,0
WBGene00174629.,0,0,0
WBGene00174630.,0,3,3
WBGene00174631.,0,2,2
WBGene00174632.,0,0,0
WBGene00174633.,0,0,0
WBGene00174634.,0,0,0
WBGene00174635.,0,0,0
WBGene00174636.,0,0,0
WBGene00174637.,0,1,1
WBGene00174638.,0,0,0
WBGene00174639.,0,0,0
WBGene00174640.,0,0,0
WBGene00174641.,0,0,0
WBGene00174642.,0,0,0
WBGene00174643.,0,0,0
WBGene00174644.,0,0,0
WBGene00174645.,0,0,0
WBGene00174646.,0,0,0
WBGene00174647.,0,0,0
WBGene00174648.,0,0,0
WBGene00174649.,0,0,0
WBGene00174650.,0,0,0
WBGene00174651.,0,0,0
WBGene00174652.,0,0,0
WBGene00174653.,0,2,2
WBGene00174654.,0,0,0
WBGene00174655.,0,0,0
WBGene00174656.,0,0,0
WBGene00174657.,0,0,0
WBGene00174658.,0,0,0
WBGene00174659.,0,0,0
WBGene00174660.,0,0,0
WBGene00174661.,0,0,0
WBGene00174662.,0,0,0
WBGene00174663.,0,0,0
WBGene00174664.,0,0,0
WBGene00174665.,0,0,0
WBGene00174666.,0,0,0
WBGene00174667.,0,0,0
WBGene00174668.,0,0,0
WBGene00174669.,0,0,0
WBGene00174670.,0,0,0
WBGene00174671.,0,0,0
WBGene00174672.,0,0,0
WBGene00174673.,0,6,6
WBGene00174674.,0,0,0
WBGene00174675.,0,0,0
WBGene00174676.,0,1,1
WBGene00174677.,0,0,0
WBGene00174678.,0,0,0
WBGene00174679.,0,0,0
WBGene00174680.,0,1,1
WBGene00174681.,0,0,0
WBGene00174682.,0,0,0
WBGene00174683.,0,0,0
WBGene00174684.,0,0,0
WBGene00174685.,0,0,0
WBGene00174686.,0,0,0
WBGene00174687.,0,0,0
WBGene00174688.,0,0,0
WBGene00174689.,0,0,0
WBGene00174690.,0,0,0
WBGene00174691.,0,0,0
WBGene00174692.,0,2,2
WBGene00174693.,0,0,0
WBGene00174694.,0,0,0
WBGene00174695.,0,1,1
WBGene00174696.,0,0,0
WBGene00174697.,0,2,2
WBGene00174698.,0,0,0
WBGene00174699.,0,0,0
WBGene00174700.,0,0,0
WBGene00174701.,0,0,0
WBGene00174702.,0,0,0
WBGene00174703.,0,0,0
WBGene00174704.,0,0,0
WBGene00174705.,0,0,0
WBGene00174706.,0,0,0
WBGene00174707.,0,0,0
WBGene00174708.,0,0,0
WBGene00174709.,0,0,0
WBGene00174710.,0,3,3
WBGene00174711.,0,0,0
WBGene00174712.,0,0,0
WBGene00174713.,0,0,0
WBGene00174714.,0,0,0
WBGene00174715.,0,0,0
WBGene00174716.,0,0,0
WBGene00174717.,0,0,0
WBGene00174718.,0,0,0
WBGene00174719.,0,0,0
WBGene00174720.,0,1,1
WBGene00174721.,0,1,1
WBGene00174722.,0,0,0
WBGene00174723.,0,0,0
WBGene00174724.,0,0,0
WBGene00174725.,0,0,0
WBGene00174726.,0,0,0
WBGene00174727.,0,0,0
WBGene00174728.,0,0,0
WBGene00174729.,0,0,0
WBGene00174730.,0,0,0
WBGene00174731.,0,0,0
WBGene00174732.,0,0,0
WBGene00174733.,0,0,0
WBGene00174734.,0,0,0
WBGene00174735.,0,0,0
WBGene00174736.,0,0,0
WBGene00174737.,0,0,0
WBGene00174738.,0,0,0
WBGene00174739.,0,0,0
WBGene00174740.,0,0,0
WBGene00174741.,0,2,2
WBGene00174742.,0,0,0
WBGene00174743.,0,0,0
WBGene00174744.,0,0,0
WBGene00174745.,0,0,0
WBGene00174746.,0,0,0
WBGene00174747.,0,0,0
WBGene00174748.,0,0,0
WBGene00174749.,0,0,0
WBGene00174750.,0,0,0
WBGene00174751.,0,0,0
WBGene00174752.,0,0,0
WBGene00174753.,0,0,0
WBGene00174754.,0,0,0
WBGene00174755.,0,0,0
WBGene00174756.,0,0,0
WBGene00174757.,0,0,0
WBGene00174758.,0,0,0
WBGene00174759.,0,0,0
WBGene00174760.,0,0,0
WBGene00174761.,0,0,0
WBGene00174762.,0,0,0
WBGene00174763.,0,0,0
WBGene00174764.,0,0,0
WBGene00174765.,0,0,0
WBGene00174766.,0,0,0
WBGene00174767.,0,0,0
WBGene00174768.,0,0,0
WBGene00174769.,0,0,0
WBGene00174770.,0,0,0
WBGene00174771.,0,0,0
WBGene00174772.,0,0,0
WBGene00174773.,0,0,0
WBGene00174774.,0,0,0
WBGene00174775.,0,0,0
WBGene00174776.,0,0,0
WBGene00174777.,0,0,0
WBGene00174778.,0,0,0
WBGene00174779.,0,1,1
WBGene00174780.,0,0,0
WBGene00174781.,0,0,0
WBGene00174782.,0,0,0
WBGene00174783.,0,0,0
WBGene00174784.,0,0,0
WBGene00174785.,0,0,0
WBGene00174786.,0,0,0
WBGene00174787.,0,0,0
WBGene00174788.,0,0,0
WBGene00174789.,0,0,0
WBGene00174790.,0,0,0
WBGene00174791.,0,0,0
WBGene00174792.,0,0,0
WBGene00174793.,0,0,0
WBGene00174794.,0,0,0
WBGene00174795.,0,0,0
WBGene00174796.,0,0,0
WBGene00174797.,0,0,0
WBGene00174798.,0,1,1
WBGene00174799.,0,0,0
WBGene00174800.,0,0,0
WBGene00174801.,0,0,0
WBGene00174802.,0,0,0
WBGene00174803.,0,0,0
WBGene00174804.,0,0,0
WBGene00174805.,0,0,0
WBGene00174806.,0,0,0
WBGene00174807.,0,0,0
WBGene00174808.,0,0,0
WBGene00174809.,0,0,0
WBGene00174810.,0,0,0
WBGene00174811.,0,0,0
WBGene00174812.,0,0,0
WBGene00174813.,0,0,0
WBGene00174814.,0,0,0
WBGene00174815.,0,0,0
WBGene00174816.,0,0,0
WBGene00174817.,0,0,0
WBGene00174818.,0,0,0
WBGene00174819.,0,0,0
WBGene00174820.,0,0,0
WBGene00174821.,0,1,1
WBGene00174822.,0,0,0
WBGene00174823.,0,0,0
WBGene00174824.,0,0,0
WBGene00174825.,0,0,0
WBGene00174826.,0,0,0
WBGene00174827.,0,0,0
WBGene00174828.,0,0,0
WBGene00174829.,0,0,0
WBGene00174830.,0,0,0
WBGene00174831.,0,0,0
WBGene00174832.,0,0,0
WBGene00174833.,0,0,0
WBGene00174834.,0,0,0
WBGene00174835.,0,0,0
WBGene00174836.,0,0,0
WBGene00174837.,0,0,0
WBGene00174838.,0,0,0
WBGene00174839.,0,1,1
WBGene00174840.,0,0,0
WBGene00174841.,0,0,0
WBGene00174842.,0,0,0
WBGene00174843.,0,0,0
WBGene00174844.,0,0,0
WBGene00174845.,0,0,0
WBGene00174846.,0,0,0
WBGene00174847.,0,0,0
WBGene00174848.,0,0,0
WBGene00174849.,0,0,0
WBGene00174850.,0,1,1
WBGene00174851.,0,0,0
WBGene00174852.,0,0,0
WBGene00174853.,0,0,0
WBGene00174854.,0,0,0
WBGene00174855.,0,0,0
WBGene00174856.,0,0,0
WBGene00174857.,0,0,0
WBGene00174858.,0,0,0
WBGene00174859.,0,0,0
WBGene00174860.,0,0,0
WBGene00174861.,0,0,0
WBGene00174862.,0,0,0
WBGene00174863.,0,0,0
WBGene00174864.,0,0,0
WBGene00174865.,0,0,0
WBGene00174866.,0,0,0
WBGene00174867.,0,0,0
WBGene00174868.,0,0,0
WBGene00174869.,0,0,0
WBGene00174870.,0,0,0
WBGene00174871.,0,0,0
WBGene00174872.,0,0,0
WBGene00174873.,0,0,0
WBGene00174874.,0,0,0
WBGene00174875.,0,0,0
WBGene00174876.,0,0,0
WBGene00174877.,0,0,0
WBGene00174878.,0,0,0
WBGene00174879.,0,0,0
WBGene00174880.,0,0,0
WBGene00174881.,0,0,0
WBGene00174882.,0,0,0
WBGene00174883.,0,0,0
WBGene00174884.,0,2,2
WBGene00174885.,0,0,0
WBGene00174886.,0,1,1
WBGene00174887.,0,0,0
WBGene00174888.,0,0,0
WBGene00174889.,0,0,0
WBGene00174890.,0,0,0
WBGene00174891.,0,2,2
WBGene00174892.,0,0,0
WBGene00174893.,0,0,0
WBGene00174894.,0,0,0
WBGene00174895.,0,3,3
WBGene00174896.,0,0,0
WBGene00174897.,0,0,0
WBGene00174898.,0,0,0
WBGene00174899.,0,0,0
WBGene00174900.,0,3,3
WBGene00174901.,0,0,0
WBGene00174902.,0,0,0
WBGene00174903.,0,0,0
WBGene00174904.,0,0,0
WBGene00174905.,0,0,0
WBGene00174906.,0,0,0
WBGene00174907.,0,0,0
WBGene00174908.,0,0,0
WBGene00174909.,0,0,0
WBGene00174910.,0,0,0
WBGene00174911.,0,0,0
WBGene00174912.,0,0,0
WBGene00174913.,0,0,0
WBGene00174914.,0,0,0
WBGene00174915.,0,0,0
WBGene00174916.,0,0,0
WBGene00174917.,0,0,0
WBGene00174918.,0,0,0
WBGene00174919.,0,0,0
WBGene00174920.,0,0,0
WBGene00174921.,0,0,0
WBGene00174922.,0,0,0
WBGene00174923.,0,0,0
WBGene00174924.,0,0,0
WBGene00174925.,0,0,0
WBGene00174926.,0,0,0
WBGene00174927.,0,0,0
WBGene00174928.,0,0,0
WBGene00174929.,0,0,0
WBGene00174930.,0,0,0
WBGene00174931.,0,0,0
WBGene00174932.,0,0,0
WBGene00174933.,0,0,0
WBGene00174934.,0,0,0
WBGene00174935.,0,0,0
WBGene00174936.,0,0,0
WBGene00174937.,0,1,1
WBGene00174938.,0,0,0
WBGene00174939.,0,0,0
WBGene00174940.,0,0,0
WBGene00174941.,0,0,0
WBGene00174942.,0,0,0
WBGene00174943.,0,0,0
WBGene00174944.,0,0,0
WBGene00174945.,0,0,0
WBGene00174946.,0,0,0
WBGene00174947.,0,0,0
WBGene00174948.,0,0,0
WBGene00174949.,0,0,0
WBGene00174950.,0,0,0
WBGene00174951.,0,0,0
WBGene00174952.,0,0,0
WBGene00174953.,0,0,0
WBGene00174954.,0,0,0
WBGene00174955.,0,0,0
WBGene00174956.,0,0,0
WBGene00174957.,0,0,0
WBGene00174958.,0,0,0
WBGene00174959.,0,0,0
WBGene00174960.,0,0,0
WBGene00174961.,0,0,0
WBGene00174962.,0,0,0
WBGene00174963.,0,0,0
WBGene00174964.,0,0,0
WBGene00174965.,0,0,0
WBGene00174966.,0,0,0
WBGene00174967.,0,0,0
WBGene00174968.,0,0,0
WBGene00174969.,0,0,0
WBGene00174970.,0,0,0
WBGene00174971.,0,5,5
WBGene00174972.,0,0,0
WBGene00174973.,0,0,0
WBGene00174974.,0,0,0
WBGene00174975.,0,0,0
WBGene00174976.,0,0,0
WBGene00174977.,0,0,0
WBGene00174978.,0,0,0
WBGene00174979.,0,0,0
WBGene00174980.,0,0,0
WBGene00174981.,0,0,0
WBGene00174982.,0,0,0
WBGene00174983.,0,0,0
WBGene00174984.,0,0,0
WBGene00174985.,0,0,0
WBGene00174986.,0,0,0
WBGene00174987.,0,0,0
WBGene00174988.,0,1,1
WBGene00174989.,0,0,0
WBGene00174990.,0,0,0
WBGene00174991.,0,0,0
WBGene00174992.,0,0,0
WBGene00174993.,0,0,0
WBGene00174994.,0,0,0
WBGene00174995.,0,0,0
WBGene00174996.,0,0,0
WBGene00174997.,0,0,0
WBGene00174998.,0,0,0
WBGene00174999.,0,0,0
WBGene00175000.,0,0,0
WBGene00175001.,0,0,0
WBGene00175002.,0,0,0
WBGene00175003.,0,0,0
WBGene00175004.,0,0,0
WBGene00175005.,0,0,0
WBGene00175006.,0,0,0
WBGene00175007.,0,0,0
WBGene00175008.,0,0,0
WBGene00175009.,0,0,0
WBGene00175010.,0,0,0
WBGene00175011.,0,0,0
WBGene00175012.,0,0,0
WBGene00175013.,0,0,0
WBGene00175014.,0,0,0
WBGene00175015.,0,0,0
WBGene00175016.,0,0,0
WBGene00175017.,0,0,0
WBGene00175018.,0,0,0
WBGene00175019.,0,0,0
WBGene00175020.,0,0,0
WBGene00175021.,0,0,0
WBGene00175022.,0,0,0
WBGene00175023.,0,0,0
WBGene00175024.,0,0,0
WBGene00175025.,0,0,0
WBGene00175027.,18,26,44
WBGene00175028.,2,0,2
WBGene00175029.,15,45,60
WBGene00175030.,4,232,236
WBGene00175031.,2,1,3
WBGene00175034.,11,84,95
WBGene00175035.,39,100,139
WBGene00175036.,0,14,14
WBGene00184956.,1,4,5
WBGene00184990.,3,29,32
WBGene00185001.,66,298,364
WBGene00185002.,6,18,24
WBGene00185005.,7,176,183
WBGene00185006.,0,1,1
WBGene00185014.,24,135,159
WBGene00185048.,54,370,424
WBGene00185055.,0,1,1
WBGene00185067.,0,0,0
WBGene00185076.,40,173,213
WBGene00185077.,0,6,6
WBGene00185078.,337,51,388
WBGene00185079.,54,229,283
WBGene00185086.,3,31,34
WBGene00185088.,1,84,85
WBGene00185089.,1,4,5
WBGene00185092.,3,4,7
WBGene00185093.,0,0,0
WBGene00185095.,0,2,2
WBGene00185096.,0,0,0
WBGene00185097.,0,0,0
WBGene00185098.,10,53,63
WBGene00185100.,0,0,0
WBGene00185101.,1,0,1
WBGene00185102.,22,142,164
WBGene00185116.,0,0,0
WBGene00185117.,3,9,12
WBGene00185118.,170,399,569
WBGene00185119.,0,0,0
WBGene00189930.,0,0,0
WBGene00189931.,0,0,0
WBGene00189932.,0,0,0
WBGene00189933.,2,3,5
WBGene00189937.,0,1,1
WBGene00189943.,0,0,0
WBGene00189944.,1,7,8
WBGene00189946.,0,0,0
WBGene00189947.,0,0,0
WBGene00189948.,1,3,4
WBGene00189949.,2,4,6
WBGene00189950.,0,0,0
WBGene00189951.,14,67,81
WBGene00189952.,8,32,40
WBGene00189953.,0,0,0
WBGene00189954.,0,1,1
WBGene00189955.,0,0,0
WBGene00189956.,7,0,7
WBGene00189957.,4,3,7
WBGene00189958.,11,308,319
WBGene00189961.,3,4,7
WBGene00189964.,0,0,0
WBGene00189966.,0,0,0
WBGene00189967.,0,0,0
WBGene00189968.,0,0,0
WBGene00189969.,0,0,0
WBGene00189970.,0,0,0
WBGene00189971.,0,0,0
WBGene00189972.,0,0,0
WBGene00189973.,0,0,0
WBGene00189974.,0,0,0
WBGene00189975.,0,0,0
WBGene00189976.,0,0,0
WBGene00189977.,0,0,0
WBGene00189978.,0,0,0
WBGene00189979.,0,0,0
WBGene00189980.,0,0,0
WBGene00189981.,0,0,0
WBGene00189982.,0,0,0
WBGene00189983.,0,0,0
WBGene00189984.,0,0,0
WBGene00189985.,0,0,0
WBGene00189986.,0,0,0
WBGene00189987.,1,3,4
WBGene00189993.,0,1,1
WBGene00189995.,0,0,0
WBGene00194641.,116,385,501
WBGene00194642.,36,254,290
WBGene00194643.,17,18,35
WBGene00194644.,17,42,59
WBGene00194645.,0,1,1
WBGene00194646.,0,0,0
WBGene00194647.,0,0,0
WBGene00194649.,1,7,8
WBGene00194650.,1,4,5
WBGene00194651.,28,165,193
WBGene00194652.,2,5,7
WBGene00194653.,3,0,3
WBGene00194654.,1,0,1
WBGene00194656.,0,1,1
WBGene00194657.,21,52,73
WBGene00194658.,11,78,89
WBGene00194659.,6,23,29
WBGene00194660.,0,15,15
WBGene00194661.,0,1,1
WBGene00194663.,1,0,1
WBGene00194664.,1,14,15
WBGene00194665.,11,10,21
WBGene00194666.,0,0,0
WBGene00194667.,10,47,57
WBGene00194668.,0,0,0
WBGene00194669.,1,6,7
WBGene00194670.,1,3,4
WBGene00194672.,0,7,7
WBGene00194673.,0,0,0
WBGene00194674.,1,19,20
WBGene00194675.,0,5,5
WBGene00194676.,2,4,6
WBGene00194677.,6,5,11
WBGene00194678.,0,1,1
WBGene00194679.,9,41,50
WBGene00194680.,5,204,209
WBGene00194681.,73,270,343
WBGene00194682.,1,12,13
WBGene00194683.,16,80,96
WBGene00194684.,0,0,0
WBGene00194686.,0,1,1
WBGene00194687.,0,1,1
WBGene00194689.,8,64,72
WBGene00194690.,4,7,11
WBGene00194691.,1,1,2
WBGene00194692.,124,756,880
WBGene00194695.,0,0,0
WBGene00194696.,0,0,0
WBGene00194697.,5,15,20
WBGene00194698.,0,0,0
WBGene00194699.,0,1,1
WBGene00194700.,0,1,1
WBGene00194701.,0,1,1
WBGene00194702.,9,1,10
WBGene00194703.,0,1,1
WBGene00194704.,0,0,0
WBGene00194706.,22,103,125
WBGene00194707.,12,182,194
WBGene00194708.,0,0,0
WBGene00194710.,58,102,160
WBGene00194711.,0,1,1
WBGene00194712.,8,11,19
WBGene00194713.,0,36,36
WBGene00194714.,0,0,0
WBGene00194715.,0,0,0
WBGene00194716.,0,7,7
WBGene00194717.,0,0,0
WBGene00194725.,0,3,3
WBGene00194726.,0,5,5
WBGene00194727.,0,5,5
WBGene00194729.,1,12,13
WBGene00194730.,0,0,0
WBGene00194731.,12,26,38
WBGene00194733.,0,0,0
WBGene00194734.,0,0,0
WBGene00194735.,0,0,0
WBGene00194737.,4,0,4
WBGene00194738.,1,1,2
WBGene00194742.,3,22,25
WBGene00194744.,0,0,0
WBGene00194746.,0,0,0
WBGene00194747.,57,343,400
WBGene00194748.,0,91,91
WBGene00194759.,0,0,0
WBGene00194768.,0,4,4
WBGene00194769.,1,3,4
WBGene00194771.,0,0,0
WBGene00194780.,1,0,1
WBGene00194783.,0,0,0
WBGene00194784.,0,3,3
WBGene00194785.,2,7,9
WBGene00194786.,5,0,5
WBGene00194787.,0,0,0
WBGene00194788.,0,0,0
WBGene00194792.,0,0,0
WBGene00194793.,1,1,2
WBGene00194794.,0,1,1
WBGene00194795.,2,3,5
WBGene00194799.,0,0,0
WBGene00194800.,2,0,2
WBGene00194801.,0,0,0
WBGene00194802.,0,0,0
WBGene00194803.,1,9,10
WBGene00194804.,0,0,0
WBGene00194805.,0,0,0
WBGene00194806.,0,4,4
WBGene00194807.,0,1,1
WBGene00194808.,0,0,0
WBGene00194809.,0,0,0
WBGene00194810.,0,1,1
WBGene00194811.,0,0,0
WBGene00194812.,0,18,18
WBGene00194814.,10,68,78
WBGene00194815.,2,9,11
WBGene00194816.,0,1,1
WBGene00194821.,5,4,9
WBGene00194822.,0,0,0
WBGene00194823.,0,0,0
WBGene00194824.,0,0,0
WBGene00194825.,0,0,0
WBGene00194826.,0,0,0
WBGene00194827.,0,1,1
WBGene00194828.,0,0,0
WBGene00194829.,0,0,0
WBGene00194830.,0,0,0
WBGene00194831.,0,0,0
WBGene00194832.,0,3,3
WBGene00194833.,0,1,1
WBGene00194834.,0,1,1
WBGene00194835.,5,13,18
WBGene00194836.,187,112,299
WBGene00194839.,0,1,1
WBGene00194840.,0,0,0
WBGene00194841.,1,0,1
WBGene00194842.,5,1,6
WBGene00194843.,0,0,0
WBGene00194844.,1,0,1
WBGene00194847.,1,3,4
WBGene00194848.,0,0,0
WBGene00194849.,8,20,28
WBGene00194850.,0,0,0
WBGene00194851.,0,0,0
WBGene00194852.,2,7,9
WBGene00194853.,3,0,3
WBGene00194854.,0,0,0
WBGene00194855.,12,54,66
WBGene00194856.,42,14,56
WBGene00194861.,4,5,9
WBGene00194864.,0,0,0
WBGene00194865.,1,0,1
WBGene00194866.,11,11,22
WBGene00194867.,1,1,2
WBGene00194868.,11,3,14
WBGene00194869.,0,103,103
WBGene00194870.,7,9,16
WBGene00194871.,0,0,0
WBGene00194883.,39,298,337
WBGene00194884.,1,0,1
WBGene00194885.,0,0,0
WBGene00194886.,0,8,8
WBGene00194888.,0,3,3
WBGene00194890.,0,0,0
WBGene00194891.,0,2,2
WBGene00194892.,7,28,35
WBGene00194894.,0,0,0
WBGene00194895.,4,49,53
WBGene00194896.,18,0,18
WBGene00194898.,0,0,0
WBGene00194902.,1,1,2
WBGene00194905.,43,141,184
WBGene00194906.,3,3,6
WBGene00194907.,1,3,4
WBGene00194908.,30,94,124
WBGene00194909.,19,79,98
WBGene00194910.,19,41,60
WBGene00194912.,0,0,0
WBGene00194913.,23,32,55
WBGene00194914.,0,1,1
WBGene00194915.,2,47,49
WBGene00194916.,0,2,2
WBGene00194917.,4,10,14
WBGene00194918.,1,0,1
WBGene00194919.,2,4,6
WBGene00194920.,0,0,0
WBGene00194921.,30,163,193
WBGene00194922.,0,5,5
WBGene00194923.,0,0,0
WBGene00194924.,0,0,0
WBGene00194925.,0,0,0
WBGene00194926.,11,68,79
WBGene00194927.,0,0,0
WBGene00194928.,8,53,61
WBGene00194929.,0,1,1
WBGene00194930.,0,0,0
WBGene00194931.,0,1,1
WBGene00194932.,0,1,1
WBGene00194933.,0,0,0
WBGene00194934.,2,46,48
WBGene00194935.,0,0,0
WBGene00194939.,0,0,0
WBGene00194940.,0,0,0
WBGene00194945.,0,0,0
WBGene00194951.,0,0,0
WBGene00194952.,1,0,1
WBGene00194955.,10,10,20
WBGene00194957.,0,2,2
WBGene00194981.,0,0,0
WBGene00194982.,18,79,97
WBGene00194983.,0,0,0
WBGene00194984.,0,0,0
WBGene00194985.,0,0,0
WBGene00194986.,0,0,0
WBGene00194987.,0,0,0
WBGene00194988.,0,0,0
WBGene00194989.,0,0,0
WBGene00194990.,0,0,0
WBGene00194991.,0,0,0
WBGene00194992.,0,2,2
WBGene00194993.,0,10,10
WBGene00194994.,0,0,0
WBGene00194995.,0,1,1
WBGene00194996.,0,0,0
WBGene00194997.,0,0,0
WBGene00194998.,5,22,27
WBGene00194999.,0,1,1
WBGene00195000.,0,9,9
WBGene00195001.,0,1,1
WBGene00195002.,0,0,0
WBGene00195003.,0,4,4
WBGene00195004.,1,3,4
WBGene00195005.,0,55,55
WBGene00195006.,0,1,1
WBGene00195007.,0,0,0
WBGene00195008.,0,0,0
WBGene00195009.,0,0,0
WBGene00195010.,1,1,2
WBGene00195011.,8,21,29
WBGene00195012.,1,2,3
WBGene00195016.,0,21,21
WBGene00195017.,0,19,19
WBGene00195018.,0,0,0
WBGene00195019.,0,0,0
WBGene00195020.,0,0,0
WBGene00195021.,0,0,0
WBGene00195022.,0,0,0
WBGene00195023.,0,0,0
WBGene00195024.,0,0,0
WBGene00195025.,0,0,0
WBGene00195026.,0,0,0
WBGene00195027.,0,0,0
WBGene00195028.,0,0,0
WBGene00195029.,0,0,0
WBGene00195030.,0,0,0
WBGene00195031.,0,0,0
WBGene00195032.,0,0,0
WBGene00195033.,0,0,0
WBGene00195034.,0,0,0
WBGene00195035.,0,0,0
WBGene00195036.,0,0,0
WBGene00195037.,0,0,0
WBGene00195038.,0,0,0
WBGene00195039.,0,0,0
WBGene00195040.,0,6,6
WBGene00195043.,0,133,133
WBGene00195045.,2,4,6
WBGene00195046.,3,3,6
WBGene00195048.,2,3,5
WBGene00195049.,6,3,9
WBGene00195050.,4,33,37
WBGene00195051.,0,27,27
WBGene00195056.,45,235,280
WBGene00195057.,0,0,0
WBGene00195058.,10,0,10
WBGene00195060.,56,473,529
WBGene00195061.,0,0,0
WBGene00195063.,35,480,515
WBGene00195064.,0,0,0
WBGene00195065.,0,1,1
WBGene00195067.,3,11,14
WBGene00195068.,5,2,7
WBGene00195069.,1,4,5
WBGene00195070.,0,4,4
WBGene00195071.,0,1,1
WBGene00195072.,0,2,2
WBGene00195073.,145,319,464
WBGene00195077.,1,1,2
WBGene00195081.,1,14,15
WBGene00195084.,25,92,117
WBGene00195086.,7,92,99
WBGene00195093.,30,238,268
WBGene00195117.,0,1,1
WBGene00195142.,0,181,181
WBGene00195143.,63,132,195
WBGene00195144.,2,2,4
WBGene00195145.,9,17,26
WBGene00195146.,0,107,107
WBGene00195147.,2,4,6
WBGene00195148.,0,0,0
WBGene00195149.,0,1,1
WBGene00195150.,0,0,0
WBGene00195151.,0,2,2
WBGene00195154.,0,0,0
WBGene00195155.,1,3,4
WBGene00195157.,5,6,11
WBGene00195158.,0,0,0
WBGene00195159.,0,14,14
WBGene00195160.,0,0,0
WBGene00195164.,0,7,7
WBGene00195165.,0,0,0
WBGene00195166.,2,191,193
WBGene00195168.,0,0,0
WBGene00195169.,8,21,29
WBGene00195170.,0,7,7
WBGene00195171.,0,0,0
WBGene00195172.,0,0,0
WBGene00195174.,1,1,2
WBGene00195175.,0,297,297
WBGene00195176.,1,5,6
WBGene00195177.,0,1,1
WBGene00195178.,0,2,2
WBGene00195179.,1,2,3
WBGene00195180.,2,15,17
WBGene00195181.,0,1,1
WBGene00195182.,1,3,4
WBGene00195183.,5,9,14
WBGene00195184.,0,9,9
WBGene00195185.,232,301,533
WBGene00195186.,7,89,96
WBGene00195188.,0,0,0
WBGene00195189.,3,6,9
WBGene00195192.,23,44,67
WBGene00195208.,2,10,12
WBGene00195209.,0,26,26
WBGene00195210.,9,13,22
WBGene00195211.,1,2,3
WBGene00195212.,9,21,30
WBGene00195213.,0,0,0
WBGene00195214.,0,0,0
WBGene00195215.,0,0,0
WBGene00195226.,0,4,4
WBGene00195227.,0,1,1
WBGene00195228.,0,1,1
WBGene00195229.,0,0,0
WBGene00195230.,0,0,0
WBGene00195231.,0,0,0
WBGene00195232.,2,3,5
WBGene00195233.,108,752,860
WBGene00195234.,0,1,1
WBGene00195235.,1,0,1
WBGene00195236.,0,0,0
WBGene00195237.,0,0,0
WBGene00195238.,0,2,2
WBGene00195239.,20,152,172
WBGene00195240.,0,1,1
WBGene00195241.,0,0,0
WBGene00195242.,0,0,0
WBGene00195243.,0,7,7
WBGene00195244.,0,10,10
WBGene00195245.,0,31,31
WBGene00195246.,7,25,32
WBGene00195247.,0,0,0
WBGene00195248.,2,8,10
WBGene00195250.,1,2,3
WBGene00195252.,3,1,4
WBGene00195253.,6,24,30
WBGene00195254.,1,0,1
WBGene00195255.,1,4,5
WBGene00195256.,0,0,0
WBGene00195257.,10,18,28
WBGene00195258.,0,1,1
WBGene00195259.,0,0,0
WBGene00195260.,0,0,0
WBGene00195261.,0,0,0
WBGene00195262.,0,0,0
WBGene00195263.,0,0,0
WBGene00195264.,0,0,0
WBGene00195265.,0,1,1
WBGene00195266.,0,0,0
WBGene00195267.,0,0,0
WBGene00195268.,0,1,1
WBGene00195269.,0,1,1
WBGene00195270.,0,1,1
WBGene00195271.,0,0,0
WBGene00195272.,0,0,0
WBGene00195273.,0,0,0
WBGene00195274.,0,0,0
WBGene00195275.,0,0,0
WBGene00195276.,0,0,0
WBGene00195277.,0,0,0
WBGene00195278.,0,1,1
WBGene00195279.,0,1,1
WBGene00195280.,0,0,0
WBGene00195281.,0,0,0
WBGene00195282.,0,0,0
WBGene00195283.,0,2,2
WBGene00195284.,0,0,0
WBGene00195285.,0,0,0
WBGene00195286.,0,1,1
WBGene00195287.,0,0,0
WBGene00195288.,0,0,0
WBGene00195289.,0,1,1
WBGene00195290.,0,0,0
WBGene00195291.,0,0,0
WBGene00195292.,0,0,0
WBGene00195293.,0,0,0
WBGene00195294.,0,1,1
WBGene00195295.,0,0,0
WBGene00195296.,0,0,0
WBGene00195297.,0,0,0
WBGene00195298.,0,0,0
WBGene00195299.,0,0,0
WBGene00195300.,0,0,0
WBGene00195301.,0,0,0
WBGene00195302.,0,0,0
WBGene00195303.,0,0,0
WBGene00195304.,0,0,0
WBGene00195305.,0,0,0
WBGene00195306.,0,1,1
WBGene00195307.,0,0,0
WBGene00195308.,0,4,4
WBGene00195309.,0,0,0
WBGene00195310.,0,0,0
WBGene00195311.,0,0,0
WBGene00195312.,0,0,0
WBGene00195313.,0,0,0
WBGene00195314.,0,0,0
WBGene00195315.,0,0,0
WBGene00195316.,0,0,0
WBGene00195317.,0,0,0
WBGene00195318.,0,0,0
WBGene00195319.,0,1,1
WBGene00195320.,0,0,0
WBGene00195321.,0,0,0
WBGene00195322.,0,0,0
WBGene00195323.,0,0,0
WBGene00195324.,0,0,0
WBGene00195325.,0,1,1
WBGene00195326.,0,1,1
WBGene00195327.,0,0,0
WBGene00195328.,0,1,1
WBGene00195329.,0,0,0
WBGene00195330.,0,18,18
WBGene00195331.,0,2,2
WBGene00195332.,0,0,0
WBGene00195333.,0,0,0
WBGene00195334.,0,0,0
WBGene00195335.,0,0,0
WBGene00195336.,0,0,0
WBGene00195337.,0,2,2
WBGene00195338.,0,0,0
WBGene00195339.,0,0,0
WBGene00195340.,0,2,2
WBGene00195341.,0,0,0
WBGene00195342.,0,1,1
WBGene00195343.,0,0,0
WBGene00195344.,0,0,0
WBGene00195345.,0,0,0
WBGene00195346.,0,0,0
WBGene00195347.,0,0,0
WBGene00195348.,0,0,0
WBGene00195349.,0,0,0
WBGene00195350.,0,0,0
WBGene00195351.,0,0,0
WBGene00195352.,0,1,1
WBGene00195353.,0,0,0
WBGene00195354.,0,4,4
WBGene00195355.,0,0,0
WBGene00195356.,0,9,9
WBGene00195357.,0,0,0
WBGene00195358.,0,0,0
WBGene00195359.,0,0,0
WBGene00195360.,0,0,0
WBGene00195361.,0,0,0
WBGene00195362.,0,0,0
WBGene00195363.,0,5,5
WBGene00195364.,0,0,0
WBGene00195365.,0,2,2
WBGene00195366.,0,2,2
WBGene00195367.,0,0,0
WBGene00195368.,0,0,0
WBGene00195369.,0,0,0
WBGene00195370.,0,2,2
WBGene00195371.,0,2,2
WBGene00195372.,0,3,3
WBGene00195373.,0,0,0
WBGene00195374.,0,2,2
WBGene00195375.,0,0,0
WBGene00195376.,0,2,2
WBGene00195377.,0,0,0
WBGene00195378.,0,0,0
WBGene00195379.,0,0,0
WBGene00195380.,0,0,0
WBGene00195381.,0,0,0
WBGene00195382.,0,0,0
WBGene00195383.,0,0,0
WBGene00195384.,0,0,0
WBGene00195385.,0,0,0
WBGene00195386.,0,0,0
WBGene00195387.,0,0,0
WBGene00195388.,0,1,1
WBGene00195389.,0,0,0
WBGene00195390.,0,0,0
WBGene00195391.,0,0,0
WBGene00195392.,0,0,0
WBGene00195393.,0,0,0
WBGene00195394.,0,11,11
WBGene00195395.,0,0,0
WBGene00195396.,0,0,0
WBGene00195397.,0,0,0
WBGene00195398.,0,0,0
WBGene00195399.,0,0,0
WBGene00195400.,0,2,2
WBGene00195401.,0,0,0
WBGene00195402.,0,2,2
WBGene00195403.,0,2,2
WBGene00195404.,0,1,1
WBGene00195405.,0,11,11
WBGene00195406.,0,2,2
WBGene00195407.,0,0,0
WBGene00195408.,0,0,0
WBGene00195409.,0,0,0
WBGene00195410.,0,0,0
WBGene00195411.,0,0,0
WBGene00195412.,0,0,0
WBGene00195413.,0,1,1
WBGene00195414.,0,9,9
WBGene00195415.,0,0,0
WBGene00195416.,0,1,1
WBGene00195417.,0,1,1
WBGene00195418.,0,0,0
WBGene00195419.,0,0,0
WBGene00195420.,0,0,0
WBGene00195421.,0,6,6
WBGene00195422.,0,0,0
WBGene00195423.,0,1,1
WBGene00195424.,0,0,0
WBGene00195425.,0,0,0
WBGene00195426.,0,1,1
WBGene00195427.,0,1,1
WBGene00195428.,0,0,0
WBGene00195429.,0,1,1
WBGene00195430.,0,0,0
WBGene00195431.,0,0,0
WBGene00195432.,0,0,0
WBGene00195433.,0,0,0
WBGene00195434.,0,0,0
WBGene00195435.,0,0,0
WBGene00195436.,0,2,2
WBGene00195437.,0,0,0
WBGene00195438.,0,0,0
WBGene00195439.,0,0,0
WBGene00195440.,0,1,1
WBGene00195441.,0,1,1
WBGene00195442.,0,0,0
WBGene00195443.,0,0,0
WBGene00195444.,0,0,0
WBGene00195445.,0,0,0
WBGene00195446.,0,0,0
WBGene00195447.,0,0,0
WBGene00195448.,0,5,5
WBGene00195449.,0,0,0
WBGene00195450.,0,0,0
WBGene00195451.,0,0,0
WBGene00195452.,0,0,0
WBGene00195453.,0,8,8
WBGene00195454.,0,10,10
WBGene00195455.,0,0,0
WBGene00195456.,0,1,1
WBGene00195457.,0,0,0
WBGene00195458.,0,0,0
WBGene00195459.,0,0,0
WBGene00195460.,0,0,0
WBGene00195461.,0,0,0
WBGene00195462.,0,0,0
WBGene00195463.,0,0,0
WBGene00195464.,0,0,0
WBGene00195465.,0,0,0
WBGene00195466.,0,0,0
WBGene00195467.,0,0,0
WBGene00195468.,0,0,0
WBGene00195469.,0,0,0
WBGene00195470.,0,0,0
WBGene00195471.,0,2,2
WBGene00195472.,0,0,0
WBGene00195473.,0,0,0
WBGene00195474.,0,6,6
WBGene00195475.,0,0,0
WBGene00195476.,0,0,0
WBGene00195477.,0,0,0
WBGene00195478.,0,1,1
WBGene00195479.,0,0,0
WBGene00195480.,0,0,0
WBGene00195481.,0,0,0
WBGene00195482.,0,0,0
WBGene00195483.,0,0,0
WBGene00195484.,0,9,9
WBGene00195485.,0,0,0
WBGene00195486.,0,0,0
WBGene00195487.,0,1,1
WBGene00195488.,0,0,0
WBGene00195489.,0,0,0
WBGene00195490.,0,1,1
WBGene00195491.,0,1,1
WBGene00195492.,0,0,0
WBGene00195493.,0,2,2
WBGene00195494.,0,1,1
WBGene00195495.,0,11,11
WBGene00195496.,0,0,0
WBGene00195497.,0,1,1
WBGene00195498.,0,0,0
WBGene00195499.,0,1,1
WBGene00195500.,0,1,1
WBGene00195501.,0,0,0
WBGene00195502.,0,0,0
WBGene00195503.,0,0,0
WBGene00195504.,0,1,1
WBGene00195505.,0,0,0
WBGene00195506.,0,0,0
WBGene00195507.,0,2,2
WBGene00195508.,0,0,0
WBGene00195509.,0,0,0
WBGene00195510.,0,0,0
WBGene00195511.,0,1,1
WBGene00195512.,0,2,2
WBGene00195513.,0,0,0
WBGene00195514.,0,1,1
WBGene00195515.,0,0,0
WBGene00195516.,0,0,0
WBGene00195517.,0,0,0
WBGene00195518.,0,1,1
WBGene00195519.,0,0,0
WBGene00195520.,0,8,8
WBGene00195521.,0,2,2
WBGene00195522.,0,0,0
WBGene00195523.,0,0,0
WBGene00195524.,0,1,1
WBGene00195525.,0,1,1
WBGene00195526.,0,0,0
WBGene00195527.,0,0,0
WBGene00195528.,0,0,0
WBGene00195529.,0,0,0
WBGene00195530.,0,0,0
WBGene00195531.,0,0,0
WBGene00195532.,0,1,1
WBGene00195533.,0,0,0
WBGene00195534.,0,0,0
WBGene00195535.,0,0,0
WBGene00195536.,0,2,2
WBGene00195537.,0,0,0
WBGene00195538.,0,0,0
WBGene00195539.,0,0,0
WBGene00195540.,0,0,0
WBGene00195541.,0,1,1
WBGene00195542.,0,11,11
WBGene00195543.,0,7,7
WBGene00195544.,0,0,0
WBGene00195545.,0,0,0
WBGene00195546.,0,0,0
WBGene00195547.,0,1,1
WBGene00195548.,0,0,0
WBGene00195549.,0,0,0
WBGene00195550.,0,0,0
WBGene00195551.,0,1,1
WBGene00195552.,0,1,1
WBGene00195553.,0,0,0
WBGene00195554.,0,0,0
WBGene00195555.,0,1,1
WBGene00195556.,0,0,0
WBGene00195557.,0,0,0
WBGene00195558.,0,0,0
WBGene00195559.,0,1,1
WBGene00195560.,0,1,1
WBGene00195561.,0,2,2
WBGene00195562.,0,0,0
WBGene00195563.,0,1,1
WBGene00195564.,0,2,2
WBGene00195565.,0,0,0
WBGene00195566.,0,0,0
WBGene00195567.,0,0,0
WBGene00195568.,0,1,1
WBGene00195569.,0,0,0
WBGene00195570.,0,6,6
WBGene00195571.,0,0,0
WBGene00195572.,0,0,0
WBGene00195573.,0,0,0
WBGene00195574.,0,0,0
WBGene00195575.,0,2,2
WBGene00195576.,0,0,0
WBGene00195577.,0,0,0
WBGene00195578.,0,1,1
WBGene00195579.,0,0,0
WBGene00195580.,0,0,0
WBGene00195581.,0,0,0
WBGene00195582.,0,0,0
WBGene00195583.,0,0,0
WBGene00195584.,0,0,0
WBGene00195585.,0,0,0
WBGene00195586.,0,6,6
WBGene00195587.,0,0,0
WBGene00195588.,0,15,15
WBGene00195589.,0,0,0
WBGene00195590.,0,0,0
WBGene00195591.,0,2,2
WBGene00195592.,0,0,0
WBGene00195593.,0,0,0
WBGene00195594.,0,0,0
WBGene00195595.,0,0,0
WBGene00195596.,0,1,1
WBGene00195597.,0,0,0
WBGene00195598.,0,0,0
WBGene00195599.,0,0,0
WBGene00195600.,0,0,0
WBGene00195601.,0,3,3
WBGene00195602.,0,0,0
WBGene00195603.,0,0,0
WBGene00195604.,0,0,0
WBGene00195605.,0,1,1
WBGene00195606.,0,0,0
WBGene00195607.,0,0,0
WBGene00195608.,0,0,0
WBGene00195609.,0,0,0
WBGene00195610.,0,0,0
WBGene00195611.,0,0,0
WBGene00195612.,0,0,0
WBGene00195613.,0,0,0
WBGene00195614.,0,0,0
WBGene00195615.,0,0,0
WBGene00195616.,0,1,1
WBGene00195617.,0,0,0
WBGene00195618.,0,0,0
WBGene00195619.,0,1,1
WBGene00195620.,0,0,0
WBGene00195621.,0,1,1
WBGene00195622.,0,0,0
WBGene00195623.,0,2,2
WBGene00195624.,0,0,0
WBGene00195625.,0,0,0
WBGene00195626.,0,0,0
WBGene00195627.,0,0,0
WBGene00195628.,0,2,2
WBGene00195629.,0,0,0
WBGene00195630.,0,1,1
WBGene00195631.,0,0,0
WBGene00195632.,0,0,0
WBGene00195633.,0,0,0
WBGene00195634.,0,0,0
WBGene00195635.,0,0,0
WBGene00195636.,0,4,4
WBGene00195637.,0,0,0
WBGene00195638.,0,0,0
WBGene00195639.,0,1,1
WBGene00195640.,0,0,0
WBGene00195641.,0,0,0
WBGene00195642.,0,0,0
WBGene00195643.,0,0,0
WBGene00195644.,0,0,0
WBGene00195645.,0,0,0
WBGene00195646.,0,0,0
WBGene00195647.,0,1,1
WBGene00195648.,0,16,16
WBGene00195649.,0,0,0
WBGene00195650.,0,0,0
WBGene00195651.,0,4,4
WBGene00195652.,0,0,0
WBGene00195653.,0,0,0
WBGene00195654.,0,0,0
WBGene00195655.,0,0,0
WBGene00195656.,0,7,7
WBGene00195657.,0,1,1
WBGene00195658.,0,0,0
WBGene00195659.,0,4,4
WBGene00195660.,0,0,0
WBGene00195661.,0,3,3
WBGene00195662.,0,0,0
WBGene00195663.,0,0,0
WBGene00195664.,0,0,0
WBGene00195665.,0,0,0
WBGene00195666.,0,2,2
WBGene00195667.,0,0,0
WBGene00195668.,0,0,0
WBGene00195669.,0,0,0
WBGene00195670.,0,2,2
WBGene00195671.,0,0,0
WBGene00195672.,0,0,0
WBGene00195673.,0,1,1
WBGene00195674.,0,0,0
WBGene00195675.,0,0,0
WBGene00195676.,0,0,0
WBGene00195677.,0,0,0
WBGene00195678.,0,0,0
WBGene00195679.,0,0,0
WBGene00195680.,0,0,0
WBGene00195681.,0,0,0
WBGene00195682.,0,0,0
WBGene00195683.,0,0,0
WBGene00195684.,0,1,1
WBGene00195685.,0,2,2
WBGene00195686.,0,0,0
WBGene00195687.,0,3,3
WBGene00195688.,0,0,0
WBGene00195689.,0,3,3
WBGene00195690.,0,0,0
WBGene00195691.,0,0,0
WBGene00195692.,0,0,0
WBGene00195693.,0,5,5
WBGene00195694.,0,0,0
WBGene00195695.,0,0,0
WBGene00195696.,0,0,0
WBGene00195697.,0,0,0
WBGene00195698.,0,0,0
WBGene00195699.,0,0,0
WBGene00195700.,0,1,1
WBGene00195701.,0,0,0
WBGene00195702.,0,0,0
WBGene00195703.,0,0,0
WBGene00195704.,0,1,1
WBGene00195705.,0,4,4
WBGene00195706.,0,0,0
WBGene00195707.,0,0,0
WBGene00195708.,0,3,3
WBGene00195709.,0,0,0
WBGene00195710.,0,0,0
WBGene00195711.,0,0,0
WBGene00195712.,0,0,0
WBGene00195713.,0,1,1
WBGene00195714.,0,0,0
WBGene00195715.,0,0,0
WBGene00195716.,0,0,0
WBGene00195717.,0,0,0
WBGene00195718.,0,0,0
WBGene00195719.,0,0,0
WBGene00195720.,0,1,1
WBGene00195721.,0,0,0
WBGene00195722.,0,0,0
WBGene00195723.,0,2,2
WBGene00195724.,0,0,0
WBGene00195725.,0,3,3
WBGene00195726.,0,0,0
WBGene00195727.,0,0,0
WBGene00195728.,0,32,32
WBGene00195729.,0,0,0
WBGene00195730.,0,0,0
WBGene00195731.,0,0,0
WBGene00195732.,0,0,0
WBGene00195733.,0,0,0
WBGene00195734.,0,0,0
WBGene00195735.,0,0,0
WBGene00195736.,0,0,0
WBGene00195737.,0,0,0
WBGene00195738.,0,0,0
WBGene00195739.,0,1,1
WBGene00195740.,0,2,2
WBGene00195741.,0,0,0
WBGene00195742.,0,0,0
WBGene00195743.,0,0,0
WBGene00195744.,0,1,1
WBGene00195745.,0,1,1
WBGene00195746.,0,0,0
WBGene00195747.,0,2,2
WBGene00195748.,0,0,0
WBGene00195749.,0,0,0
WBGene00195750.,0,0,0
WBGene00195751.,0,0,0
WBGene00195752.,0,2,2
WBGene00195753.,0,0,0
WBGene00195754.,0,1,1
WBGene00195755.,0,1,1
WBGene00195756.,0,0,0
WBGene00195757.,0,0,0
WBGene00195758.,0,0,0
WBGene00195759.,0,0,0
WBGene00195760.,0,0,0
WBGene00195761.,0,1,1
WBGene00195762.,0,3,3
WBGene00195763.,0,0,0
WBGene00195764.,0,0,0
WBGene00195765.,0,1,1
WBGene00195766.,0,0,0
WBGene00195767.,0,0,0
WBGene00195768.,0,0,0
WBGene00195769.,0,13,13
WBGene00195770.,0,2,2
WBGene00195771.,0,0,0
WBGene00195772.,0,0,0
WBGene00195773.,0,0,0
WBGene00195774.,0,1,1
WBGene00195775.,0,7,7
WBGene00195776.,0,1,1
WBGene00195777.,0,0,0
WBGene00195778.,0,0,0
WBGene00195779.,0,0,0
WBGene00195780.,0,1,1
WBGene00195781.,0,0,0
WBGene00195782.,0,3,3
WBGene00195783.,0,1,1
WBGene00195784.,0,0,0
WBGene00195785.,0,10,10
WBGene00195786.,0,0,0
WBGene00195787.,0,0,0
WBGene00195788.,0,0,0
WBGene00195789.,0,0,0
WBGene00195790.,0,1,1
WBGene00195791.,0,1,1
WBGene00195792.,0,0,0
WBGene00195793.,0,1,1
WBGene00195794.,0,0,0
WBGene00195795.,0,1,1
WBGene00195796.,0,0,0
WBGene00195797.,0,0,0
WBGene00195798.,0,0,0
WBGene00195799.,0,1,1
WBGene00195800.,0,0,0
WBGene00195801.,0,1,1
WBGene00195802.,0,1,1
WBGene00195803.,0,0,0
WBGene00195804.,0,5,5
WBGene00195805.,0,0,0
WBGene00195806.,0,0,0
WBGene00195807.,0,0,0
WBGene00195808.,0,0,0
WBGene00195809.,0,0,0
WBGene00195810.,0,0,0
WBGene00195811.,0,0,0
WBGene00195812.,0,0,0
WBGene00195813.,0,0,0
WBGene00195814.,0,0,0
WBGene00195815.,0,0,0
WBGene00195816.,0,0,0
WBGene00195817.,0,0,0
WBGene00195818.,0,0,0
WBGene00195819.,0,5,5
WBGene00195820.,0,5,5
WBGene00195821.,0,0,0
WBGene00195822.,0,2,2
WBGene00195823.,0,3,3
WBGene00195824.,0,1,1
WBGene00195825.,0,0,0
WBGene00195826.,0,18,18
WBGene00195827.,0,0,0
WBGene00195828.,0,0,0
WBGene00195829.,0,0,0
WBGene00195830.,0,0,0
WBGene00195831.,0,0,0
WBGene00195832.,0,0,0
WBGene00195833.,0,7,7
WBGene00195834.,0,0,0
WBGene00195835.,0,0,0
WBGene00195836.,0,0,0
WBGene00195837.,0,0,0
WBGene00195838.,0,0,0
WBGene00195839.,0,0,0
WBGene00195840.,0,15,15
WBGene00195841.,0,1,1
WBGene00195842.,0,0,0
WBGene00195843.,0,1,1
WBGene00195844.,0,0,0
WBGene00195845.,0,1,1
WBGene00195846.,0,0,0
WBGene00195847.,0,0,0
WBGene00195848.,0,0,0
WBGene00195849.,0,0,0
WBGene00195850.,0,0,0
WBGene00195851.,0,0,0
WBGene00195852.,0,0,0
WBGene00195853.,0,0,0
WBGene00195854.,0,0,0
WBGene00195855.,0,1,1
WBGene00195856.,0,0,0
WBGene00195857.,0,0,0
WBGene00195858.,0,0,0
WBGene00195859.,0,1,1
WBGene00195860.,0,0,0
WBGene00195861.,0,0,0
WBGene00195862.,0,0,0
WBGene00195863.,0,1,1
WBGene00195864.,0,1,1
WBGene00195865.,0,0,0
WBGene00195866.,0,0,0
WBGene00195867.,0,0,0
WBGene00195868.,0,0,0
WBGene00195869.,0,0,0
WBGene00195870.,0,0,0
WBGene00195871.,0,1,1
WBGene00195872.,0,0,0
WBGene00195873.,0,0,0
WBGene00195874.,0,0,0
WBGene00195875.,0,0,0
WBGene00195876.,0,0,0
WBGene00195877.,0,0,0
WBGene00195878.,0,0,0
WBGene00195879.,0,0,0
WBGene00195880.,0,0,0
WBGene00195881.,0,0,0
WBGene00195882.,0,5,5
WBGene00195883.,0,0,0
WBGene00195884.,0,0,0
WBGene00195885.,0,1,1
WBGene00195886.,0,1,1
WBGene00195887.,0,22,22
WBGene00195888.,0,0,0
WBGene00195889.,0,6,6
WBGene00195890.,0,0,0
WBGene00195891.,0,0,0
WBGene00195892.,0,1,1
WBGene00195893.,0,1,1
WBGene00195894.,0,0,0
WBGene00195895.,0,0,0
WBGene00195896.,0,0,0
WBGene00195897.,0,0,0
WBGene00195898.,0,1,1
WBGene00195899.,0,1,1
WBGene00195900.,0,0,0
WBGene00195901.,0,0,0
WBGene00195902.,0,1,1
WBGene00195903.,0,0,0
WBGene00195904.,0,0,0
WBGene00195905.,0,0,0
WBGene00195906.,0,0,0
WBGene00195907.,0,3,3
WBGene00195908.,0,0,0
WBGene00195909.,0,0,0
WBGene00195910.,0,3,3
WBGene00195911.,0,0,0
WBGene00195912.,0,0,0
WBGene00195913.,0,0,0
WBGene00195914.,0,16,16
WBGene00195915.,0,0,0
WBGene00195916.,0,0,0
WBGene00195917.,0,0,0
WBGene00195918.,0,0,0
WBGene00195919.,0,0,0
WBGene00195920.,0,0,0
WBGene00195921.,0,8,8
WBGene00195922.,0,0,0
WBGene00195923.,0,0,0
WBGene00195924.,0,0,0
WBGene00195925.,0,0,0
WBGene00195926.,0,0,0
WBGene00195927.,0,0,0
WBGene00195928.,0,0,0
WBGene00195929.,0,0,0
WBGene00195930.,0,1,1
WBGene00195931.,0,0,0
WBGene00195932.,0,0,0
WBGene00195933.,0,0,0
WBGene00195934.,0,0,0
WBGene00195935.,0,2,2
WBGene00195936.,0,1,1
WBGene00195937.,0,0,0
WBGene00195938.,0,0,0
WBGene00195939.,0,2,2
WBGene00195940.,0,3,3
WBGene00195941.,0,2,2
WBGene00195942.,0,0,0
WBGene00195943.,0,0,0
WBGene00195944.,0,0,0
WBGene00195945.,0,0,0
WBGene00195946.,0,0,0
WBGene00195947.,0,5,5
WBGene00195948.,0,1,1
WBGene00195949.,0,2,2
WBGene00195950.,0,2,2
WBGene00195951.,0,0,0
WBGene00195952.,0,0,0
WBGene00195953.,0,0,0
WBGene00195954.,0,0,0
WBGene00195955.,0,0,0
WBGene00195956.,0,0,0
WBGene00195957.,0,1,1
WBGene00195958.,0,0,0
WBGene00195959.,0,0,0
WBGene00195960.,0,0,0
WBGene00195961.,0,3,3
WBGene00195962.,0,0,0
WBGene00195963.,0,0,0
WBGene00195964.,0,0,0
WBGene00195965.,0,0,0
WBGene00195966.,0,2,2
WBGene00195967.,0,0,0
WBGene00195968.,0,0,0
WBGene00195969.,0,0,0
WBGene00195970.,0,0,0
WBGene00195971.,0,0,0
WBGene00195972.,0,0,0
WBGene00195973.,0,1,1
WBGene00195974.,0,1,1
WBGene00195975.,0,2,2
WBGene00195976.,0,0,0
WBGene00195977.,0,0,0
WBGene00195978.,0,0,0
WBGene00195979.,0,8,8
WBGene00195980.,0,1,1
WBGene00195981.,0,0,0
WBGene00195982.,0,0,0
WBGene00195983.,0,2,2
WBGene00195984.,0,1,1
WBGene00195985.,0,0,0
WBGene00195986.,0,0,0
WBGene00195987.,0,0,0
WBGene00195988.,0,4,4
WBGene00195989.,0,1,1
WBGene00195990.,0,1,1
WBGene00195991.,0,0,0
WBGene00195992.,0,1,1
WBGene00195993.,0,0,0
WBGene00195994.,0,0,0
WBGene00195995.,0,0,0
WBGene00195996.,0,0,0
WBGene00195997.,0,0,0
WBGene00195998.,0,0,0
WBGene00195999.,0,0,0
WBGene00196000.,0,0,0
WBGene00196001.,0,0,0
WBGene00196002.,0,2,2
WBGene00196003.,0,0,0
WBGene00196004.,0,0,0
WBGene00196005.,0,6,6
WBGene00196006.,0,0,0
WBGene00196007.,0,0,0
WBGene00196008.,0,0,0
WBGene00196009.,0,0,0
WBGene00196010.,0,0,0
WBGene00196011.,0,0,0
WBGene00196012.,0,0,0
WBGene00196013.,0,1,1
WBGene00196014.,0,0,0
WBGene00196015.,0,0,0
WBGene00196016.,0,0,0
WBGene00196017.,0,0,0
WBGene00196018.,0,0,0
WBGene00196019.,0,0,0
WBGene00196020.,0,0,0
WBGene00196021.,0,0,0
WBGene00196022.,0,0,0
WBGene00196023.,0,1,1
WBGene00196024.,0,0,0
WBGene00196025.,0,4,4
WBGene00196026.,0,3,3
WBGene00196027.,0,0,0
WBGene00196028.,0,0,0
WBGene00196029.,0,0,0
WBGene00196030.,0,0,0
WBGene00196031.,0,0,0
WBGene00196032.,0,0,0
WBGene00196033.,0,0,0
WBGene00196034.,0,1,1
WBGene00196035.,0,0,0
WBGene00196036.,0,0,0
WBGene00196037.,0,0,0
WBGene00196038.,0,2,2
WBGene00196039.,0,1,1
WBGene00196040.,0,0,0
WBGene00196041.,0,0,0
WBGene00196042.,0,0,0
WBGene00196043.,0,0,0
WBGene00196044.,0,0,0
WBGene00196045.,0,1,1
WBGene00196046.,0,0,0
WBGene00196047.,0,0,0
WBGene00196048.,0,0,0
WBGene00196049.,0,1,1
WBGene00196050.,0,0,0
WBGene00196051.,0,0,0
WBGene00196052.,0,5,5
WBGene00196053.,0,3,3
WBGene00196054.,0,0,0
WBGene00196055.,0,0,0
WBGene00196056.,0,0,0
WBGene00196057.,0,0,0
WBGene00196058.,0,1,1
WBGene00196059.,0,0,0
WBGene00196060.,0,0,0
WBGene00196061.,0,0,0
WBGene00196062.,0,0,0
WBGene00196063.,0,0,0
WBGene00196064.,0,0,0
WBGene00196065.,0,0,0
WBGene00196066.,0,0,0
WBGene00196067.,0,6,6
WBGene00196068.,0,0,0
WBGene00196069.,0,1,1
WBGene00196070.,0,1,1
WBGene00196071.,0,1,1
WBGene00196072.,0,20,20
WBGene00196073.,0,0,0
WBGene00196074.,0,0,0
WBGene00196075.,0,0,0
WBGene00196076.,0,0,0
WBGene00196077.,0,1,1
WBGene00196078.,0,0,0
WBGene00196079.,0,0,0
WBGene00196080.,0,0,0
WBGene00196081.,0,0,0
WBGene00196082.,0,0,0
WBGene00196083.,0,0,0
WBGene00196084.,0,0,0
WBGene00196085.,0,0,0
WBGene00196086.,0,0,0
WBGene00196087.,0,0,0
WBGene00196088.,0,5,5
WBGene00196089.,0,0,0
WBGene00196090.,0,3,3
WBGene00196091.,0,2,2
WBGene00196092.,0,0,0
WBGene00196093.,0,0,0
WBGene00196094.,0,0,0
WBGene00196095.,0,0,0
WBGene00196096.,0,4,4
WBGene00196097.,0,1,1
WBGene00196098.,0,0,0
WBGene00196099.,0,1,1
WBGene00196100.,0,1,1
WBGene00196101.,0,0,0
WBGene00196102.,0,0,0
WBGene00196103.,0,0,0
WBGene00196104.,0,0,0
WBGene00196105.,0,0,0
WBGene00196106.,0,0,0
WBGene00196107.,0,0,0
WBGene00196108.,0,3,3
WBGene00196109.,0,0,0
WBGene00196110.,0,1,1
WBGene00196111.,0,0,0
WBGene00196112.,0,0,0
WBGene00196113.,0,1,1
WBGene00196114.,0,1,1
WBGene00196115.,0,1,1
WBGene00196116.,0,0,0
WBGene00196117.,0,0,0
WBGene00196118.,0,0,0
WBGene00196119.,0,2,2
WBGene00196120.,0,0,0
WBGene00196121.,0,0,0
WBGene00196122.,0,0,0
WBGene00196123.,0,9,9
WBGene00196124.,0,0,0
WBGene00196125.,0,0,0
WBGene00196126.,0,0,0
WBGene00196127.,0,0,0
WBGene00196128.,0,0,0
WBGene00196129.,0,0,0
WBGene00196130.,0,0,0
WBGene00196131.,0,0,0
WBGene00196132.,0,1,1
WBGene00196133.,0,0,0
WBGene00196134.,0,0,0
WBGene00196135.,0,0,0
WBGene00196136.,0,0,0
WBGene00196137.,0,0,0
WBGene00196138.,0,4,4
WBGene00196139.,0,0,0
WBGene00196140.,0,0,0
WBGene00196141.,0,3,3
WBGene00196142.,0,0,0
WBGene00196143.,0,0,0
WBGene00196144.,0,0,0
WBGene00196145.,0,0,0
WBGene00196146.,0,3,3
WBGene00196147.,0,8,8
WBGene00196148.,0,0,0
WBGene00196149.,0,4,4
WBGene00196150.,0,4,4
WBGene00196151.,0,0,0
WBGene00196152.,0,0,0
WBGene00196153.,0,1,1
WBGene00196154.,0,0,0
WBGene00196155.,0,0,0
WBGene00196156.,0,1,1
WBGene00196157.,0,0,0
WBGene00196158.,0,0,0
WBGene00196159.,0,0,0
WBGene00196160.,0,3,3
WBGene00196161.,0,0,0
WBGene00196162.,0,0,0
WBGene00196163.,0,0,0
WBGene00196164.,0,0,0
WBGene00196165.,0,0,0
WBGene00196166.,0,0,0
WBGene00196167.,0,0,0
WBGene00196168.,0,0,0
WBGene00196169.,0,0,0
WBGene00196170.,0,0,0
WBGene00196171.,0,0,0
WBGene00196172.,0,0,0
WBGene00196173.,0,0,0
WBGene00196174.,0,0,0
WBGene00196175.,0,0,0
WBGene00196176.,0,0,0
WBGene00196177.,0,0,0
WBGene00196178.,0,1,1
WBGene00196179.,0,0,0
WBGene00196180.,0,2,2
WBGene00196181.,0,0,0
WBGene00196182.,0,0,0
WBGene00196183.,0,0,0
WBGene00196184.,0,1,1
WBGene00196185.,0,0,0
WBGene00196186.,0,0,0
WBGene00196187.,0,0,0
WBGene00196188.,0,0,0
WBGene00196189.,0,0,0
WBGene00196190.,0,0,0
WBGene00196191.,0,0,0
WBGene00196192.,0,2,2
WBGene00196193.,0,1,1
WBGene00196194.,0,1,1
WBGene00196195.,0,0,0
WBGene00196196.,0,0,0
WBGene00196197.,0,0,0
WBGene00196198.,0,4,4
WBGene00196199.,0,0,0
WBGene00196200.,0,0,0
WBGene00196201.,0,0,0
WBGene00196202.,0,0,0
WBGene00196203.,0,0,0
WBGene00196204.,0,0,0
WBGene00196205.,0,0,0
WBGene00196206.,0,1,1
WBGene00196207.,0,0,0
WBGene00196208.,0,1,1
WBGene00196209.,0,0,0
WBGene00196210.,0,1,1
WBGene00196211.,0,0,0
WBGene00196212.,0,0,0
WBGene00196213.,0,0,0
WBGene00196214.,0,0,0
WBGene00196215.,0,0,0
WBGene00196216.,0,0,0
WBGene00196217.,0,0,0
WBGene00196218.,0,0,0
WBGene00196219.,0,1,1
WBGene00196220.,0,0,0
WBGene00196221.,0,0,0
WBGene00196222.,0,0,0
WBGene00196223.,0,9,9
WBGene00196224.,0,0,0
WBGene00196225.,0,0,0
WBGene00196226.,0,1,1
WBGene00196227.,0,0,0
WBGene00196228.,0,0,0
WBGene00196229.,0,0,0
WBGene00196230.,0,0,0
WBGene00196231.,0,0,0
WBGene00196232.,0,0,0
WBGene00196233.,0,0,0
WBGene00196234.,0,0,0
WBGene00196235.,0,4,4
WBGene00196236.,0,0,0
WBGene00196237.,0,5,5
WBGene00196238.,0,0,0
WBGene00196239.,0,0,0
WBGene00196240.,0,5,5
WBGene00196241.,0,0,0
WBGene00196242.,0,0,0
WBGene00196243.,0,0,0
WBGene00196244.,0,0,0
WBGene00196245.,0,0,0
WBGene00196246.,0,3,3
WBGene00196247.,0,0,0
WBGene00196248.,0,0,0
WBGene00196249.,0,0,0
WBGene00196250.,0,0,0
WBGene00196251.,0,0,0
WBGene00196252.,0,2,2
WBGene00196253.,0,0,0
WBGene00196254.,0,0,0
WBGene00196255.,0,0,0
WBGene00196256.,0,0,0
WBGene00196257.,0,5,5
WBGene00196258.,0,0,0
WBGene00196259.,0,0,0
WBGene00196260.,0,0,0
WBGene00196261.,0,0,0
WBGene00196262.,0,0,0
WBGene00196263.,0,0,0
WBGene00196264.,0,1,1
WBGene00196265.,0,0,0
WBGene00196266.,0,0,0
WBGene00196267.,0,0,0
WBGene00196268.,0,0,0
WBGene00196269.,0,0,0
WBGene00196270.,0,1,1
WBGene00196271.,0,0,0
WBGene00196272.,0,0,0
WBGene00196273.,0,1,1
WBGene00196274.,0,0,0
WBGene00196275.,0,0,0
WBGene00196276.,0,0,0
WBGene00196277.,0,0,0
WBGene00196278.,0,0,0
WBGene00196279.,0,0,0
WBGene00196280.,0,3,3
WBGene00196281.,0,0,0
WBGene00196282.,0,0,0
WBGene00196283.,0,0,0
WBGene00196284.,0,0,0
WBGene00196285.,0,5,5
WBGene00196286.,0,0,0
WBGene00196287.,0,0,0
WBGene00196288.,0,1,1
WBGene00196289.,0,2,2
WBGene00196290.,0,8,8
WBGene00196291.,0,0,0
WBGene00196292.,0,0,0
WBGene00196293.,0,0,0
WBGene00196294.,0,4,4
WBGene00196295.,0,0,0
WBGene00196296.,0,0,0
WBGene00196297.,0,0,0
WBGene00196298.,0,0,0
WBGene00196299.,0,0,0
WBGene00196300.,0,6,6
WBGene00196301.,0,1,1
WBGene00196302.,0,0,0
WBGene00196303.,0,2,2
WBGene00196304.,0,0,0
WBGene00196305.,0,0,0
WBGene00196306.,0,3,3
WBGene00196307.,0,6,6
WBGene00196308.,0,1,1
WBGene00196309.,0,0,0
WBGene00196310.,0,0,0
WBGene00196311.,0,0,0
WBGene00196312.,0,0,0
WBGene00196313.,0,0,0
WBGene00196314.,0,0,0
WBGene00196315.,0,1,1
WBGene00196316.,0,2,2
WBGene00196317.,0,0,0
WBGene00196318.,0,2,2
WBGene00196319.,0,0,0
WBGene00196320.,0,1,1
WBGene00196321.,0,0,0
WBGene00196322.,0,7,7
WBGene00196323.,0,0,0
WBGene00196324.,0,0,0
WBGene00196325.,0,0,0
WBGene00196326.,0,0,0
WBGene00196327.,0,2,2
WBGene00196328.,0,0,0
WBGene00196329.,0,0,0
WBGene00196330.,0,0,0
WBGene00196331.,0,0,0
WBGene00196332.,0,0,0
WBGene00196333.,0,0,0
WBGene00196334.,0,7,7
WBGene00196335.,0,0,0
WBGene00196336.,0,0,0
WBGene00196337.,0,0,0
WBGene00196338.,0,1,1
WBGene00196339.,0,0,0
WBGene00196340.,0,3,3
WBGene00196341.,0,0,0
WBGene00196342.,0,0,0
WBGene00196343.,0,0,0
WBGene00196344.,0,1,1
WBGene00196345.,0,0,0
WBGene00196346.,0,0,0
WBGene00196347.,0,1,1
WBGene00196348.,0,0,0
WBGene00196349.,0,0,0
WBGene00196350.,0,0,0
WBGene00196351.,0,0,0
WBGene00196352.,0,0,0
WBGene00196353.,0,0,0
WBGene00196354.,0,0,0
WBGene00196355.,0,1,1
WBGene00196356.,0,1,1
WBGene00196357.,0,0,0
WBGene00196358.,0,0,0
WBGene00196359.,0,0,0
WBGene00196360.,0,0,0
WBGene00196361.,0,0,0
WBGene00196362.,0,0,0
WBGene00196363.,0,0,0
WBGene00196364.,0,0,0
WBGene00196365.,0,0,0
WBGene00196366.,0,0,0
WBGene00196367.,0,0,0
WBGene00196368.,0,0,0
WBGene00196369.,0,0,0
WBGene00196370.,0,0,0
WBGene00196371.,0,0,0
WBGene00196372.,0,0,0
WBGene00196373.,0,1,1
WBGene00196374.,0,5,5
WBGene00196375.,0,0,0
WBGene00196376.,0,0,0
WBGene00196377.,0,0,0
WBGene00196378.,0,0,0
WBGene00196379.,0,1,1
WBGene00196380.,0,2,2
WBGene00196381.,0,0,0
WBGene00196382.,0,0,0
WBGene00196383.,0,0,0
WBGene00196384.,0,0,0
WBGene00196385.,0,0,0
WBGene00196386.,0,0,0
WBGene00196387.,0,0,0
WBGene00196388.,0,0,0
WBGene00196389.,0,0,0
WBGene00196390.,0,2,2
WBGene00196391.,0,0,0
WBGene00196392.,0,0,0
WBGene00196393.,0,1,1
WBGene00196394.,0,0,0
WBGene00196395.,0,0,0
WBGene00196396.,0,1157,1157
WBGene00196397.,0,0,0
WBGene00196398.,0,1,1
WBGene00196399.,0,0,0
WBGene00196400.,0,0,0
WBGene00196401.,0,0,0
WBGene00196402.,0,0,0
WBGene00196403.,0,5,5
WBGene00196404.,0,0,0
WBGene00196405.,0,0,0
WBGene00196406.,0,1,1
WBGene00196407.,0,2,2
WBGene00196408.,0,0,0
WBGene00196409.,0,0,0
WBGene00196410.,0,0,0
WBGene00196411.,0,0,0
WBGene00196412.,0,0,0
WBGene00196413.,0,0,0
WBGene00196414.,0,0,0
WBGene00196415.,0,1,1
WBGene00196416.,0,0,0
WBGene00196417.,0,1,1
WBGene00196418.,0,0,0
WBGene00196419.,0,0,0
WBGene00196420.,0,0,0
WBGene00196421.,0,0,0
WBGene00196422.,0,1,1
WBGene00196423.,0,2,2
WBGene00196424.,0,1,1
WBGene00196425.,0,0,0
WBGene00196426.,0,0,0
WBGene00196427.,0,0,0
WBGene00196428.,0,1,1
WBGene00196429.,0,0,0
WBGene00196430.,0,0,0
WBGene00196431.,0,0,0
WBGene00196432.,0,0,0
WBGene00196433.,0,0,0
WBGene00196434.,0,0,0
WBGene00196435.,0,0,0
WBGene00196436.,0,0,0
WBGene00196437.,0,2,2
WBGene00196438.,0,0,0
WBGene00196439.,0,0,0
WBGene00196440.,0,0,0
WBGene00196441.,0,0,0
WBGene00196442.,0,0,0
WBGene00196443.,0,2,2
WBGene00196444.,0,0,0
WBGene00196445.,0,0,0
WBGene00196446.,0,0,0
WBGene00196447.,0,0,0
WBGene00196448.,0,0,0
WBGene00196449.,0,5,5
WBGene00196450.,0,0,0
WBGene00196451.,0,0,0
WBGene00196452.,0,1,1
WBGene00196453.,0,6,6
WBGene00196454.,0,1,1
WBGene00196455.,0,0,0
WBGene00196456.,0,0,0
WBGene00196457.,0,0,0
WBGene00196458.,0,0,0
WBGene00196459.,0,0,0
WBGene00196460.,0,0,0
WBGene00196461.,0,1,1
WBGene00196462.,0,0,0
WBGene00196463.,0,0,0
WBGene00196464.,0,0,0
WBGene00196465.,1,5,6
WBGene00196466.,0,0,0
WBGene00196467.,0,0,0
WBGene00196468.,0,0,0
WBGene00196469.,0,0,0
WBGene00196470.,0,1,1
WBGene00196471.,0,0,0
WBGene00196472.,0,2,2
WBGene00196473.,0,0,0
WBGene00196474.,0,0,0
WBGene00196475.,0,0,0
WBGene00196476.,0,0,0
WBGene00196477.,0,0,0
WBGene00196478.,0,0,0
WBGene00196479.,0,0,0
WBGene00196480.,0,0,0
WBGene00196481.,0,0,0
WBGene00196482.,0,39,39
WBGene00196483.,0,0,0
WBGene00196484.,0,0,0
WBGene00196485.,0,0,0
WBGene00196486.,0,0,0
WBGene00196487.,0,0,0
WBGene00196488.,0,0,0
WBGene00196489.,0,0,0
WBGene00196490.,0,0,0
WBGene00196491.,0,1,1
WBGene00196492.,0,0,0
WBGene00196493.,0,0,0
WBGene00196494.,0,3,3
WBGene00196495.,0,0,0
WBGene00196496.,0,0,0
WBGene00196497.,0,0,0
WBGene00196498.,0,0,0
WBGene00196499.,0,2,2
WBGene00196500.,0,1,1
WBGene00196501.,0,0,0
WBGene00196502.,0,0,0
WBGene00196503.,0,0,0
WBGene00196504.,0,1,1
WBGene00196505.,0,0,0
WBGene00196506.,0,15,15
WBGene00196507.,0,1,1
WBGene00196508.,0,0,0
WBGene00196509.,0,1,1
WBGene00196510.,0,0,0
WBGene00196511.,0,2,2
WBGene00196512.,0,0,0
WBGene00196513.,0,0,0
WBGene00196514.,0,0,0
WBGene00196515.,0,0,0
WBGene00196516.,0,0,0
WBGene00196517.,0,2,2
WBGene00196518.,0,0,0
WBGene00196519.,0,0,0
WBGene00196520.,0,0,0
WBGene00196521.,0,0,0
WBGene00196522.,0,0,0
WBGene00196523.,0,8,8
WBGene00196524.,0,0,0
WBGene00196525.,0,0,0
WBGene00196526.,0,0,0
WBGene00196527.,0,0,0
WBGene00196528.,0,0,0
WBGene00196529.,0,0,0
WBGene00196530.,0,0,0
WBGene00196531.,0,0,0
WBGene00196532.,0,0,0
WBGene00196533.,0,0,0
WBGene00196534.,0,2,2
WBGene00196535.,0,0,0
WBGene00196536.,0,0,0
WBGene00196537.,0,10,10
WBGene00196538.,0,0,0
WBGene00196539.,0,0,0
WBGene00196540.,0,1,1
WBGene00196541.,0,0,0
WBGene00196542.,0,0,0
WBGene00196543.,0,0,0
WBGene00196544.,0,0,0
WBGene00196545.,0,1,1
WBGene00196546.,0,6,6
WBGene00196547.,0,0,0
WBGene00196548.,0,0,0
WBGene00196549.,0,0,0
WBGene00196550.,0,0,0
WBGene00196551.,0,0,0
WBGene00196552.,0,0,0
WBGene00196553.,0,0,0
WBGene00196554.,0,0,0
WBGene00196555.,0,0,0
WBGene00196556.,0,0,0
WBGene00196557.,0,0,0
WBGene00196558.,0,0,0
WBGene00196559.,0,0,0
WBGene00196560.,0,2,2
WBGene00196561.,0,0,0
WBGene00196562.,0,0,0
WBGene00196563.,0,1,1
WBGene00196564.,0,0,0
WBGene00196565.,0,4,4
WBGene00196566.,0,0,0
WBGene00196567.,0,0,0
WBGene00196568.,0,0,0
WBGene00196569.,0,0,0
WBGene00196570.,0,0,0
WBGene00196571.,0,0,0
WBGene00196572.,0,0,0
WBGene00196573.,0,0,0
WBGene00196574.,0,0,0
WBGene00196575.,0,0,0
WBGene00196576.,0,1,1
WBGene00196577.,0,3,3
WBGene00196578.,0,0,0
WBGene00196579.,0,0,0
WBGene00196580.,0,0,0
WBGene00196581.,0,0,0
WBGene00196582.,0,0,0
WBGene00196583.,0,0,0
WBGene00196584.,0,1,1
WBGene00196585.,0,1,1
WBGene00196586.,0,1,1
WBGene00196587.,0,0,0
WBGene00196588.,0,10,10
WBGene00196589.,0,0,0
WBGene00196590.,0,9,9
WBGene00196591.,0,1,1
WBGene00196592.,0,9,9
WBGene00196593.,0,0,0
WBGene00196594.,0,1,1
WBGene00196595.,0,0,0
WBGene00196596.,0,0,0
WBGene00196597.,0,0,0
WBGene00196598.,0,1,1
WBGene00196599.,0,2,2
WBGene00196600.,0,0,0
WBGene00196601.,0,0,0
WBGene00196602.,0,0,0
WBGene00196603.,0,0,0
WBGene00196604.,0,8,8
WBGene00196605.,0,0,0
WBGene00196606.,0,0,0
WBGene00196607.,0,0,0
WBGene00196608.,0,0,0
WBGene00196609.,0,0,0
WBGene00196610.,0,0,0
WBGene00196611.,0,0,0
WBGene00196612.,0,0,0
WBGene00196613.,0,0,0
WBGene00196614.,0,3,3
WBGene00196615.,0,0,0
WBGene00196616.,0,1,1
WBGene00196617.,0,0,0
WBGene00196618.,0,4,4
WBGene00196619.,0,0,0
WBGene00196620.,0,0,0
WBGene00196621.,0,0,0
WBGene00196622.,0,0,0
WBGene00196623.,0,2,2
WBGene00196624.,0,0,0
WBGene00196625.,0,1,1
WBGene00196626.,0,0,0
WBGene00196627.,0,0,0
WBGene00196628.,0,0,0
WBGene00196629.,0,1,1
WBGene00196630.,0,0,0
WBGene00196631.,0,0,0
WBGene00196632.,0,1,1
WBGene00196633.,0,1,1
WBGene00196634.,0,5,5
WBGene00196635.,0,4,4
WBGene00196636.,0,0,0
WBGene00196637.,0,1,1
WBGene00196638.,0,0,0
WBGene00196639.,0,0,0
WBGene00196640.,0,0,0
WBGene00196641.,0,0,0
WBGene00196642.,0,0,0
WBGene00196643.,0,0,0
WBGene00196644.,0,0,0
WBGene00196645.,0,0,0
WBGene00196646.,0,0,0
WBGene00196647.,0,0,0
WBGene00196648.,0,0,0
WBGene00196649.,0,1,1
WBGene00196650.,0,0,0
WBGene00196651.,0,0,0
WBGene00196652.,0,0,0
WBGene00196653.,0,3,3
WBGene00196654.,0,0,0
WBGene00196655.,0,0,0
WBGene00196656.,0,1,1
WBGene00196657.,0,0,0
WBGene00196658.,0,0,0
WBGene00196659.,0,0,0
WBGene00196660.,0,0,0
WBGene00196661.,0,0,0
WBGene00196662.,0,0,0
WBGene00196663.,0,0,0
WBGene00196664.,0,0,0
WBGene00196665.,0,0,0
WBGene00196666.,0,0,0
WBGene00196667.,0,0,0
WBGene00196668.,0,0,0
WBGene00196669.,0,0,0
WBGene00196670.,0,0,0
WBGene00196671.,0,0,0
WBGene00196672.,0,0,0
WBGene00196673.,0,0,0
WBGene00196674.,0,0,0
WBGene00196675.,0,0,0
WBGene00196676.,0,1,1
WBGene00196677.,0,0,0
WBGene00196678.,0,0,0
WBGene00196679.,0,0,0
WBGene00196680.,0,0,0
WBGene00196681.,0,0,0
WBGene00196682.,0,2,2
WBGene00196683.,0,2,2
WBGene00196684.,0,1,1
WBGene00196685.,0,0,0
WBGene00196686.,0,1,1
WBGene00196687.,0,0,0
WBGene00196688.,0,0,0
WBGene00196689.,0,0,0
WBGene00196690.,0,0,0
WBGene00196691.,0,0,0
WBGene00196692.,0,0,0
WBGene00196693.,0,4,4
WBGene00196694.,0,0,0
WBGene00196695.,0,7,7
WBGene00196696.,0,0,0
WBGene00196697.,0,0,0
WBGene00196698.,0,1,1
WBGene00196699.,0,0,0
WBGene00196700.,0,0,0
WBGene00196701.,0,0,0
WBGene00196702.,0,0,0
WBGene00196703.,0,0,0
WBGene00196704.,0,0,0
WBGene00196705.,0,4,4
WBGene00196706.,0,0,0
WBGene00196707.,0,0,0
WBGene00196708.,0,0,0
WBGene00196709.,0,1,1
WBGene00196710.,0,0,0
WBGene00196711.,0,0,0
WBGene00196712.,0,0,0
WBGene00196713.,0,0,0
WBGene00196714.,0,0,0
WBGene00196715.,0,0,0
WBGene00196716.,0,0,0
WBGene00196717.,0,0,0
WBGene00196718.,0,0,0
WBGene00196719.,0,0,0
WBGene00196720.,0,0,0
WBGene00196721.,0,1,1
WBGene00196722.,0,0,0
WBGene00196723.,0,0,0
WBGene00196724.,0,3,3
WBGene00196725.,0,0,0
WBGene00196726.,0,0,0
WBGene00196727.,0,0,0
WBGene00196728.,0,1,1
WBGene00196729.,0,6,6
WBGene00196730.,0,0,0
WBGene00196731.,0,0,0
WBGene00196732.,0,0,0
WBGene00196733.,0,2,2
WBGene00196734.,0,0,0
WBGene00196735.,0,1,1
WBGene00196736.,0,0,0
WBGene00196737.,0,1,1
WBGene00196738.,0,0,0
WBGene00196739.,0,2,2
WBGene00196740.,0,0,0
WBGene00196741.,0,0,0
WBGene00196742.,0,6,6
WBGene00196743.,0,0,0
WBGene00196744.,0,0,0
WBGene00196745.,0,0,0
WBGene00196746.,0,1,1
WBGene00196747.,0,3,3
WBGene00196748.,0,3,3
WBGene00196749.,0,0,0
WBGene00196750.,0,0,0
WBGene00196751.,0,0,0
WBGene00196752.,0,0,0
WBGene00196753.,0,0,0
WBGene00196754.,0,0,0
WBGene00196755.,0,0,0
WBGene00196756.,0,0,0
WBGene00196757.,0,0,0
WBGene00196758.,0,2,2
WBGene00196759.,0,1,1
WBGene00196760.,0,0,0
WBGene00196761.,0,1,1
WBGene00196762.,0,0,0
WBGene00196763.,0,0,0
WBGene00196764.,0,0,0
WBGene00196765.,0,0,0
WBGene00196766.,0,0,0
WBGene00196767.,0,0,0
WBGene00196768.,0,0,0
WBGene00196769.,0,0,0
WBGene00196770.,0,0,0
WBGene00196771.,0,0,0
WBGene00196772.,0,0,0
WBGene00196773.,0,0,0
WBGene00196774.,0,0,0
WBGene00196775.,0,6,6
WBGene00196776.,0,0,0
WBGene00196777.,0,7,7
WBGene00196778.,0,0,0
WBGene00196779.,0,0,0
WBGene00196780.,0,0,0
WBGene00196781.,0,0,0
WBGene00196782.,0,0,0
WBGene00196783.,0,0,0
WBGene00196784.,0,1,1
WBGene00196785.,0,4,4
WBGene00196786.,0,0,0
WBGene00196787.,0,2,2
WBGene00196788.,0,0,0
WBGene00196789.,0,4,4
WBGene00196790.,0,0,0
WBGene00196791.,0,0,0
WBGene00196792.,0,0,0
WBGene00196793.,0,2,2
WBGene00196794.,0,0,0
WBGene00196795.,0,0,0
WBGene00196796.,0,0,0
WBGene00196797.,0,3,3
WBGene00196798.,0,0,0
WBGene00196799.,0,0,0
WBGene00196800.,0,1,1
WBGene00196801.,0,0,0
WBGene00196802.,0,4,4
WBGene00196803.,0,0,0
WBGene00196804.,0,0,0
WBGene00196805.,0,1,1
WBGene00196806.,0,0,0
WBGene00196807.,0,1,1
WBGene00196808.,0,0,0
WBGene00196809.,0,0,0
WBGene00196810.,0,4,4
WBGene00196811.,0,0,0
WBGene00196812.,0,0,0
WBGene00196813.,0,0,0
WBGene00196814.,0,0,0
WBGene00196815.,0,0,0
WBGene00196816.,0,6,6
WBGene00196817.,0,3,3
WBGene00196818.,0,0,0
WBGene00196819.,0,0,0
WBGene00196820.,0,3,3
WBGene00196821.,0,5,5
WBGene00196822.,0,0,0
WBGene00196823.,0,2,2
WBGene00196824.,0,3,3
WBGene00196825.,0,2,2
WBGene00196826.,0,0,0
WBGene00196827.,0,8,8
WBGene00196828.,0,0,0
WBGene00196829.,0,0,0
WBGene00196830.,0,0,0
WBGene00196831.,0,24,24
WBGene00196832.,0,0,0
WBGene00196833.,0,0,0
WBGene00196834.,0,1,1
WBGene00196835.,0,0,0
WBGene00196836.,0,0,0
WBGene00196837.,0,0,0
WBGene00196838.,0,4,4
WBGene00196839.,0,0,0
WBGene00196840.,0,1,1
WBGene00196841.,0,0,0
WBGene00196842.,0,0,0
WBGene00196843.,0,1,1
WBGene00196844.,0,0,0
WBGene00196845.,0,0,0
WBGene00196846.,0,1,1
WBGene00196847.,0,0,0
WBGene00196848.,0,0,0
WBGene00196849.,0,0,0
WBGene00196850.,0,0,0
WBGene00196851.,0,0,0
WBGene00196852.,0,16,16
WBGene00196853.,0,0,0
WBGene00196854.,0,7,7
WBGene00196855.,0,0,0
WBGene00196856.,0,5,5
WBGene00196857.,0,0,0
WBGene00196858.,0,0,0
WBGene00196859.,0,0,0
WBGene00196860.,0,0,0
WBGene00196861.,0,3,3
WBGene00196862.,0,3,3
WBGene00196863.,0,0,0
WBGene00196864.,0,0,0
WBGene00196865.,0,0,0
WBGene00196866.,0,0,0
WBGene00196867.,0,0,0
WBGene00196868.,0,11,11
WBGene00196869.,0,0,0
WBGene00196870.,0,0,0
WBGene00196871.,0,35,35
WBGene00196872.,0,3,3
WBGene00196873.,0,0,0
WBGene00196874.,0,1,1
WBGene00196875.,0,0,0
WBGene00196876.,0,0,0
WBGene00196877.,0,4,4
WBGene00196878.,0,0,0
WBGene00196879.,0,1,1
WBGene00196880.,0,0,0
WBGene00196881.,0,0,0
WBGene00196882.,0,0,0
WBGene00196883.,0,0,0
WBGene00196884.,0,0,0
WBGene00196885.,0,2,2
WBGene00196886.,0,0,0
WBGene00196887.,0,1,1
WBGene00196888.,0,0,0
WBGene00196889.,0,1,1
WBGene00196890.,0,0,0
WBGene00196891.,0,2,2
WBGene00196892.,0,0,0
WBGene00196893.,0,7,7
WBGene00196894.,0,0,0
WBGene00196895.,0,0,0
WBGene00196896.,0,0,0
WBGene00196897.,0,2,2
WBGene00196898.,0,0,0
WBGene00196899.,0,0,0
WBGene00196900.,0,0,0
WBGene00196901.,0,0,0
WBGene00196902.,0,0,0
WBGene00196903.,0,0,0
WBGene00196904.,0,3,3
WBGene00196905.,0,0,0
WBGene00196906.,0,0,0
WBGene00196907.,0,0,0
WBGene00196908.,0,3,3
WBGene00196909.,0,0,0
WBGene00196910.,0,0,0
WBGene00196911.,0,0,0
WBGene00196912.,0,3,3
WBGene00196913.,0,1,1
WBGene00196914.,0,0,0
WBGene00196915.,0,0,0
WBGene00196916.,0,0,0
WBGene00196917.,0,0,0
WBGene00196918.,0,0,0
WBGene00196919.,0,0,0
WBGene00196920.,0,0,0
WBGene00196921.,0,0,0
WBGene00196922.,0,7,7
WBGene00196923.,0,0,0
WBGene00196924.,0,1,1
WBGene00196925.,0,1,1
WBGene00196926.,0,0,0
WBGene00196927.,0,0,0
WBGene00196928.,0,0,0
WBGene00196929.,0,0,0
WBGene00196930.,0,2,2
WBGene00196931.,0,0,0
WBGene00196932.,0,0,0
WBGene00196933.,0,2,2
WBGene00196934.,0,0,0
WBGene00196935.,0,2,2
WBGene00196936.,0,0,0
WBGene00196937.,0,1,1
WBGene00196938.,0,0,0
WBGene00196939.,0,0,0
WBGene00196940.,0,0,0
WBGene00196941.,0,2,2
WBGene00196942.,0,0,0
WBGene00196943.,0,0,0
WBGene00196944.,0,0,0
WBGene00196945.,0,0,0
WBGene00196946.,0,0,0
WBGene00196947.,0,0,0
WBGene00196948.,0,0,0
WBGene00196949.,0,1,1
WBGene00196950.,0,4,4
WBGene00196951.,0,0,0
WBGene00196952.,0,0,0
WBGene00196953.,0,0,0
WBGene00196954.,0,0,0
WBGene00196955.,0,0,0
WBGene00196956.,0,0,0
WBGene00196957.,0,0,0
WBGene00196958.,0,0,0
WBGene00196959.,0,0,0
WBGene00196960.,0,0,0
WBGene00196961.,0,3,3
WBGene00196962.,0,3,3
WBGene00196963.,0,2,2
WBGene00196964.,0,0,0
WBGene00196965.,0,0,0
WBGene00196966.,0,0,0
WBGene00196967.,0,0,0
WBGene00196968.,0,1,1
WBGene00196969.,0,1,1
WBGene00196970.,0,2,2
WBGene00196971.,0,1,1
WBGene00196972.,0,0,0
WBGene00196973.,0,0,0
WBGene00196974.,0,0,0
WBGene00196975.,0,0,0
WBGene00196976.,0,0,0
WBGene00196977.,0,0,0
WBGene00196978.,0,0,0
WBGene00196979.,0,0,0
WBGene00196980.,0,0,0
WBGene00196981.,0,0,0
WBGene00196982.,0,12,12
WBGene00196983.,0,0,0
WBGene00196984.,0,0,0
WBGene00196985.,0,1,1
WBGene00196986.,0,6,6
WBGene00196987.,0,0,0
WBGene00196988.,0,1,1
WBGene00196989.,0,0,0
WBGene00196990.,0,1,1
WBGene00196991.,0,0,0
WBGene00196992.,0,1,1
WBGene00196993.,0,0,0
WBGene00196994.,0,5,5
WBGene00196995.,0,0,0
WBGene00196996.,0,0,0
WBGene00196997.,0,0,0
WBGene00196998.,0,0,0
WBGene00196999.,0,0,0
WBGene00197000.,0,0,0
WBGene00197001.,0,3,3
WBGene00197002.,0,0,0
WBGene00197003.,0,0,0
WBGene00197004.,0,0,0
WBGene00197005.,0,0,0
WBGene00197006.,0,0,0
WBGene00197007.,0,0,0
WBGene00197008.,0,0,0
WBGene00197009.,0,0,0
WBGene00197010.,0,0,0
WBGene00197011.,0,2,2
WBGene00197012.,0,0,0
WBGene00197013.,0,1,1
WBGene00197014.,0,0,0
WBGene00197015.,0,2,2
WBGene00197016.,0,0,0
WBGene00197017.,0,0,0
WBGene00197018.,0,0,0
WBGene00197019.,0,1,1
WBGene00197020.,0,0,0
WBGene00197021.,0,0,0
WBGene00197022.,0,0,0
WBGene00197023.,0,0,0
WBGene00197024.,0,0,0
WBGene00197025.,0,0,0
WBGene00197026.,0,1,1
WBGene00197027.,0,8,8
WBGene00197028.,0,0,0
WBGene00197029.,0,0,0
WBGene00197030.,0,0,0
WBGene00197031.,0,0,0
WBGene00197032.,0,0,0
WBGene00197033.,0,9,9
WBGene00197034.,0,0,0
WBGene00197035.,0,0,0
WBGene00197036.,0,0,0
WBGene00197037.,0,1,1
WBGene00197038.,0,0,0
WBGene00197039.,0,2,2
WBGene00197040.,0,0,0
WBGene00197041.,0,0,0
WBGene00197042.,0,0,0
WBGene00197043.,0,1,1
WBGene00197044.,0,0,0
WBGene00197045.,0,0,0
WBGene00197046.,0,0,0
WBGene00197047.,0,0,0
WBGene00197048.,0,1,1
WBGene00197049.,0,0,0
WBGene00197050.,0,0,0
WBGene00197051.,0,0,0
WBGene00197052.,0,5,5
WBGene00197053.,0,1,1
WBGene00197054.,0,0,0
WBGene00197055.,0,2,2
WBGene00197056.,0,0,0
WBGene00197057.,0,0,0
WBGene00197058.,0,0,0
WBGene00197059.,0,0,0
WBGene00197060.,0,1,1
WBGene00197061.,0,0,0
WBGene00197062.,0,0,0
WBGene00197063.,0,1,1
WBGene00197064.,0,0,0
WBGene00197065.,0,0,0
WBGene00197066.,0,4,4
WBGene00197067.,0,6,6
WBGene00197068.,0,2,2
WBGene00197069.,0,2,2
WBGene00197070.,0,0,0
WBGene00197071.,0,0,0
WBGene00197072.,0,1,1
WBGene00197073.,0,2,2
WBGene00197074.,0,5,5
WBGene00197075.,0,0,0
WBGene00197076.,0,0,0
WBGene00197077.,0,0,0
WBGene00197078.,0,2,2
WBGene00197079.,0,0,0
WBGene00197080.,0,4,4
WBGene00197081.,0,0,0
WBGene00197082.,0,0,0
WBGene00197083.,0,1,1
WBGene00197084.,0,0,0
WBGene00197085.,0,3,3
WBGene00197086.,0,0,0
WBGene00197087.,0,0,0
WBGene00197088.,0,0,0
WBGene00197089.,0,0,0
WBGene00197090.,0,11,11
WBGene00197091.,0,2,2
WBGene00197092.,0,0,0
WBGene00197093.,0,0,0
WBGene00197094.,0,0,0
WBGene00197095.,0,0,0
WBGene00197096.,0,2,2
WBGene00197097.,0,8,8
WBGene00197098.,0,0,0
WBGene00197099.,0,0,0
WBGene00197100.,0,1,1
WBGene00197101.,0,0,0
WBGene00197102.,0,0,0
WBGene00197103.,0,0,0
WBGene00197104.,0,1,1
WBGene00197105.,0,0,0
WBGene00197106.,0,1,1
WBGene00197107.,0,0,0
WBGene00197108.,0,3,3
WBGene00197109.,0,0,0
WBGene00197110.,0,1,1
WBGene00197111.,0,2,2
WBGene00197112.,0,0,0
WBGene00197113.,0,0,0
WBGene00197114.,0,0,0
WBGene00197115.,0,1,1
WBGene00197116.,0,0,0
WBGene00197117.,0,0,0
WBGene00197118.,0,0,0
WBGene00197119.,0,1,1
WBGene00197120.,0,0,0
WBGene00197121.,0,5,5
WBGene00197122.,0,0,0
WBGene00197123.,0,1,1
WBGene00197124.,0,0,0
WBGene00197125.,0,0,0
WBGene00197126.,0,1,1
WBGene00197127.,0,5,5
WBGene00197128.,0,0,0
WBGene00197129.,0,1,1
WBGene00197130.,0,1,1
WBGene00197131.,0,0,0
WBGene00197132.,0,0,0
WBGene00197133.,0,0,0
WBGene00197134.,0,0,0
WBGene00197135.,0,1,1
WBGene00197136.,0,0,0
WBGene00197137.,0,0,0
WBGene00197138.,0,0,0
WBGene00197139.,0,0,0
WBGene00197140.,0,3,3
WBGene00197141.,0,1,1
WBGene00197142.,0,0,0
WBGene00197143.,0,0,0
WBGene00197144.,0,0,0
WBGene00197145.,0,0,0
WBGene00197146.,0,0,0
WBGene00197147.,0,0,0
WBGene00197148.,0,0,0
WBGene00197149.,0,1,1
WBGene00197150.,0,0,0
WBGene00197151.,0,0,0
WBGene00197152.,0,1,1
WBGene00197153.,0,0,0
WBGene00197154.,0,0,0
WBGene00197155.,0,1,1
WBGene00197156.,0,0,0
WBGene00197157.,0,0,0
WBGene00197158.,0,0,0
WBGene00197159.,0,0,0
WBGene00197160.,0,0,0
WBGene00197161.,0,1,1
WBGene00197162.,0,0,0
WBGene00197163.,0,0,0
WBGene00197164.,0,0,0
WBGene00197165.,0,0,0
WBGene00197166.,0,0,0
WBGene00197167.,0,0,0
WBGene00197168.,0,2,2
WBGene00197169.,0,0,0
WBGene00197170.,0,0,0
WBGene00197171.,0,90,90
WBGene00197172.,0,1,1
WBGene00197173.,0,0,0
WBGene00197174.,0,3,3
WBGene00197175.,0,0,0
WBGene00197176.,0,5,5
WBGene00197177.,0,2,2
WBGene00197178.,0,1,1
WBGene00197179.,0,0,0
WBGene00197180.,0,0,0
WBGene00197181.,0,0,0
WBGene00197182.,0,0,0
WBGene00197183.,0,2,2
WBGene00197184.,0,0,0
WBGene00197185.,0,1,1
WBGene00197186.,0,2,2
WBGene00197187.,0,0,0
WBGene00197188.,0,4,4
WBGene00197189.,0,2,2
WBGene00197190.,0,0,0
WBGene00197191.,0,2,2
WBGene00197192.,0,0,0
WBGene00197193.,0,0,0
WBGene00197194.,0,0,0
WBGene00197195.,0,1,1
WBGene00197196.,0,1,1
WBGene00197197.,0,0,0
WBGene00197198.,0,0,0
WBGene00197199.,0,0,0
WBGene00197200.,0,0,0
WBGene00197201.,0,0,0
WBGene00197202.,0,0,0
WBGene00197203.,0,0,0
WBGene00197204.,0,2,2
WBGene00197205.,0,3,3
WBGene00197206.,0,0,0
WBGene00197207.,0,0,0
WBGene00197208.,0,1,1
WBGene00197209.,0,12,12
WBGene00197210.,0,0,0
WBGene00197211.,0,2,2
WBGene00197212.,0,0,0
WBGene00197213.,0,0,0
WBGene00197214.,0,8,8
WBGene00197215.,0,91,91
WBGene00197216.,0,1,1
WBGene00197217.,0,0,0
WBGene00197218.,0,3,3
WBGene00197219.,0,0,0
WBGene00197220.,0,0,0
WBGene00197221.,0,0,0
WBGene00197222.,0,1,1
WBGene00197223.,0,1,1
WBGene00197224.,0,0,0
WBGene00197225.,0,0,0
WBGene00197226.,0,2,2
WBGene00197227.,0,0,0
WBGene00197228.,0,2,2
WBGene00197229.,0,0,0
WBGene00197230.,0,0,0
WBGene00197231.,0,1,1
WBGene00197232.,0,2,2
WBGene00197233.,0,0,0
WBGene00197234.,0,5,5
WBGene00197235.,0,0,0
WBGene00197236.,0,0,0
WBGene00197237.,0,0,0
WBGene00197238.,0,1,1
WBGene00197239.,0,2,2
WBGene00197240.,0,0,0
WBGene00197241.,0,0,0
WBGene00197242.,0,0,0
WBGene00197243.,0,8,8
WBGene00197244.,0,5,5
WBGene00197245.,0,0,0
WBGene00197246.,0,0,0
WBGene00197247.,0,0,0
WBGene00197248.,0,0,0
WBGene00197249.,0,0,0
WBGene00197250.,0,28,28
WBGene00197251.,0,0,0
WBGene00197252.,0,0,0
WBGene00197253.,0,0,0
WBGene00197254.,0,3,3
WBGene00197255.,0,0,0
WBGene00197256.,0,0,0
WBGene00197257.,0,2,2
WBGene00197258.,0,1,1
WBGene00197259.,0,11,11
WBGene00197260.,0,0,0
WBGene00197261.,0,0,0
WBGene00197262.,0,2,2
WBGene00197263.,0,0,0
WBGene00197264.,0,0,0
WBGene00197265.,0,0,0
WBGene00197266.,0,0,0
WBGene00197267.,0,0,0
WBGene00197268.,0,0,0
WBGene00197269.,0,2,2
WBGene00197270.,0,0,0
WBGene00197271.,0,0,0
WBGene00197272.,0,0,0
WBGene00197273.,0,1,1
WBGene00197274.,0,3,3
WBGene00197275.,0,0,0
WBGene00197276.,0,0,0
WBGene00197277.,0,0,0
WBGene00197278.,0,0,0
WBGene00197279.,0,8,8
WBGene00197280.,0,0,0
WBGene00197281.,0,0,0
WBGene00197282.,0,0,0
WBGene00197283.,0,0,0
WBGene00197284.,0,0,0
WBGene00197285.,0,0,0
WBGene00197286.,0,0,0
WBGene00197287.,0,0,0
WBGene00197288.,0,0,0
WBGene00197289.,0,0,0
WBGene00197290.,0,0,0
WBGene00197291.,0,0,0
WBGene00197292.,0,0,0
WBGene00197293.,0,0,0
WBGene00197294.,0,0,0
WBGene00197295.,0,0,0
WBGene00197296.,0,0,0
WBGene00197297.,0,0,0
WBGene00197298.,0,0,0
WBGene00197299.,0,0,0
WBGene00197300.,0,0,0
WBGene00197301.,0,0,0
WBGene00197302.,0,0,0
WBGene00197303.,0,0,0
WBGene00197304.,0,0,0
WBGene00197305.,0,0,0
WBGene00197306.,0,0,0
WBGene00197307.,0,0,0
WBGene00197308.,0,5,5
WBGene00197309.,0,0,0
WBGene00197310.,0,0,0
WBGene00197311.,0,0,0
WBGene00197312.,0,0,0
WBGene00197313.,0,0,0
WBGene00197314.,0,0,0
WBGene00197315.,0,0,0
WBGene00197316.,0,0,0
WBGene00197317.,0,0,0
WBGene00197318.,0,0,0
WBGene00197319.,0,0,0
WBGene00197320.,0,0,0
WBGene00197321.,0,0,0
WBGene00197322.,0,0,0
WBGene00197323.,0,1,1
WBGene00197324.,0,1,1
WBGene00197325.,0,0,0
WBGene00197326.,0,8,8
WBGene00197327.,0,1,1
WBGene00197328.,0,1,1
WBGene00197329.,0,0,0
WBGene00197330.,0,0,0
WBGene00197331.,0,1,1
WBGene00197332.,0,1,1
WBGene00197333.,0,0,0
WBGene00197334.,0,3,3
WBGene00197335.,0,1,1
WBGene00197336.,0,0,0
WBGene00197337.,0,0,0
WBGene00197338.,0,0,0
WBGene00197339.,0,143,143
WBGene00197340.,0,0,0
WBGene00197341.,0,0,0
WBGene00197342.,0,1,1
WBGene00197343.,0,0,0
WBGene00197344.,0,1,1
WBGene00197345.,0,0,0
WBGene00197346.,0,0,0
WBGene00197347.,0,0,0
WBGene00197348.,0,0,0
WBGene00197349.,0,0,0
WBGene00197350.,0,0,0
WBGene00197351.,0,0,0
WBGene00197352.,0,0,0
WBGene00197353.,0,0,0
WBGene00197354.,0,0,0
WBGene00197355.,0,0,0
WBGene00197356.,0,1,1
WBGene00197357.,0,0,0
WBGene00197358.,0,0,0
WBGene00197359.,0,0,0
WBGene00197360.,0,0,0
WBGene00197361.,0,0,0
WBGene00197362.,0,1,1
WBGene00197363.,0,1,1
WBGene00197364.,0,0,0
WBGene00197365.,0,0,0
WBGene00197366.,0,0,0
WBGene00197367.,0,0,0
WBGene00197368.,0,0,0
WBGene00197369.,0,0,0
WBGene00197370.,0,1,1
WBGene00197371.,0,0,0
WBGene00197372.,0,0,0
WBGene00197373.,0,6,6
WBGene00197374.,0,0,0
WBGene00197375.,0,1,1
WBGene00197376.,0,0,0
WBGene00197377.,0,0,0
WBGene00197378.,0,0,0
WBGene00197379.,0,0,0
WBGene00197380.,0,0,0
WBGene00197381.,0,0,0
WBGene00197382.,0,1,1
WBGene00197383.,0,1,1
WBGene00197384.,0,0,0
WBGene00197385.,0,0,0
WBGene00197386.,0,1,1
WBGene00197387.,0,0,0
WBGene00197388.,0,0,0
WBGene00197389.,0,0,0
WBGene00197390.,0,0,0
WBGene00197391.,0,0,0
WBGene00197392.,0,0,0
WBGene00197393.,0,0,0
WBGene00197394.,0,0,0
WBGene00197395.,0,4,4
WBGene00197396.,0,8,8
WBGene00197397.,0,0,0
WBGene00197398.,0,0,0
WBGene00197399.,0,4,4
WBGene00197400.,0,0,0
WBGene00197401.,0,0,0
WBGene00197402.,0,0,0
WBGene00197403.,0,0,0
WBGene00197404.,0,41,41
WBGene00197405.,0,0,0
WBGene00197406.,0,34,34
WBGene00197407.,0,0,0
WBGene00197408.,0,0,0
WBGene00197409.,0,0,0
WBGene00197410.,0,0,0
WBGene00197411.,0,6,6
WBGene00197412.,0,1,1
WBGene00197413.,0,0,0
WBGene00197414.,0,0,0
WBGene00197415.,0,0,0
WBGene00197416.,0,7,7
WBGene00197417.,0,0,0
WBGene00197418.,0,0,0
WBGene00197419.,0,0,0
WBGene00197420.,0,3,3
WBGene00197421.,0,0,0
WBGene00197422.,0,0,0
WBGene00197423.,0,0,0
WBGene00197424.,0,5,5
WBGene00197425.,0,0,0
WBGene00197426.,0,4,4
WBGene00197427.,0,0,0
WBGene00197428.,0,0,0
WBGene00197429.,0,0,0
WBGene00197430.,0,0,0
WBGene00197431.,0,0,0
WBGene00197432.,0,0,0
WBGene00197433.,0,0,0
WBGene00197434.,0,0,0
WBGene00197435.,0,0,0
WBGene00197436.,0,0,0
WBGene00197437.,0,2,2
WBGene00197438.,0,0,0
WBGene00197439.,0,0,0
WBGene00197440.,0,0,0
WBGene00197441.,0,0,0
WBGene00197442.,0,0,0
WBGene00197443.,0,0,0
WBGene00197444.,0,2,2
WBGene00197445.,0,0,0
WBGene00197446.,0,0,0
WBGene00197447.,0,0,0
WBGene00197448.,0,0,0
WBGene00197449.,0,0,0
WBGene00197450.,0,4,4
WBGene00197451.,0,0,0
WBGene00197452.,0,10,10
WBGene00197453.,0,0,0
WBGene00197454.,0,1,1
WBGene00197455.,0,0,0
WBGene00197456.,0,0,0
WBGene00197457.,0,0,0
WBGene00197458.,0,0,0
WBGene00197459.,0,0,0
WBGene00197460.,0,0,0
WBGene00197461.,0,1,1
WBGene00197462.,0,0,0
WBGene00197463.,0,1,1
WBGene00197464.,0,4,4
WBGene00197465.,0,0,0
WBGene00197466.,0,0,0
WBGene00197467.,0,0,0
WBGene00197468.,0,0,0
WBGene00197469.,0,0,0
WBGene00197470.,0,0,0
WBGene00197471.,0,0,0
WBGene00197472.,0,0,0
WBGene00197473.,0,0,0
WBGene00197474.,0,0,0
WBGene00197475.,0,0,0
WBGene00197476.,0,0,0
WBGene00197477.,0,2,2
WBGene00197478.,0,0,0
WBGene00197479.,0,0,0
WBGene00197480.,0,0,0
WBGene00197481.,0,2,2
WBGene00197482.,0,6,6
WBGene00197483.,0,0,0
WBGene00197484.,0,0,0
WBGene00197485.,0,0,0
WBGene00197486.,0,3,3
WBGene00197487.,0,0,0
WBGene00197488.,0,0,0
WBGene00197489.,0,0,0
WBGene00197490.,0,0,0
WBGene00197491.,0,1,1
WBGene00197492.,0,0,0
WBGene00197493.,0,0,0
WBGene00197494.,0,0,0
WBGene00197495.,0,0,0
WBGene00197496.,0,1,1
WBGene00197497.,0,0,0
WBGene00197498.,0,0,0
WBGene00197499.,0,0,0
WBGene00197500.,0,0,0
WBGene00197501.,0,0,0
WBGene00197502.,0,0,0
WBGene00197503.,0,1,1
WBGene00197504.,0,0,0
WBGene00197505.,0,0,0
WBGene00197506.,0,0,0
WBGene00197507.,0,0,0
WBGene00197508.,0,0,0
WBGene00197509.,0,2,2
WBGene00197510.,0,1,1
WBGene00197511.,0,24,24
WBGene00197512.,0,0,0
WBGene00197513.,0,2,2
WBGene00197514.,0,0,0
WBGene00197515.,0,13,13
WBGene00197516.,0,4,4
WBGene00197517.,0,4,4
WBGene00197518.,0,0,0
WBGene00197519.,0,0,0
WBGene00197520.,0,0,0
WBGene00197521.,0,1,1
WBGene00197522.,0,0,0
WBGene00197523.,0,0,0
WBGene00197524.,0,0,0
WBGene00197525.,0,2,2
WBGene00197526.,0,0,0
WBGene00197527.,0,0,0
WBGene00197528.,0,0,0
WBGene00197529.,0,3,3
WBGene00197530.,0,0,0
WBGene00197531.,0,0,0
WBGene00197532.,0,0,0
WBGene00197533.,0,1,1
WBGene00197534.,0,0,0
WBGene00197535.,0,1,1
WBGene00197536.,0,0,0
WBGene00197537.,0,0,0
WBGene00197538.,0,0,0
WBGene00197539.,0,0,0
WBGene00197540.,0,0,0
WBGene00197541.,0,4,4
WBGene00197542.,0,0,0
WBGene00197543.,0,0,0
WBGene00197544.,0,0,0
WBGene00197545.,0,0,0
WBGene00197546.,0,1,1
WBGene00197547.,0,0,0
WBGene00197548.,0,1,1
WBGene00197549.,0,0,0
WBGene00197550.,0,0,0
WBGene00197551.,0,0,0
WBGene00197552.,0,0,0
WBGene00197553.,0,0,0
WBGene00197554.,0,1,1
WBGene00197555.,0,1,1
WBGene00197556.,0,0,0
WBGene00197557.,0,0,0
WBGene00197558.,0,2,2
WBGene00197559.,0,0,0
WBGene00197560.,0,1,1
WBGene00197561.,0,0,0
WBGene00197562.,0,0,0
WBGene00197563.,0,0,0
WBGene00197564.,0,0,0
WBGene00197565.,0,0,0
WBGene00197566.,0,1,1
WBGene00197567.,0,0,0
WBGene00197568.,0,0,0
WBGene00197569.,0,0,0
WBGene00197570.,0,0,0
WBGene00197571.,0,1,1
WBGene00197572.,0,1,1
WBGene00197573.,0,0,0
WBGene00197574.,0,0,0
WBGene00197575.,0,0,0
WBGene00197576.,0,0,0
WBGene00197577.,0,1,1
WBGene00197578.,0,4,4
WBGene00197579.,0,0,0
WBGene00197580.,0,4,4
WBGene00197581.,0,1,1
WBGene00197582.,0,1,1
WBGene00197583.,0,5,5
WBGene00197584.,0,0,0
WBGene00197585.,0,0,0
WBGene00197586.,0,3,3
WBGene00197587.,0,0,0
WBGene00197588.,0,0,0
WBGene00197589.,0,0,0
WBGene00197590.,0,0,0
WBGene00197591.,0,3,3
WBGene00197592.,0,0,0
WBGene00197593.,0,0,0
WBGene00197594.,0,0,0
WBGene00197595.,0,1,1
WBGene00197596.,0,0,0
WBGene00197597.,0,1,1
WBGene00197598.,0,0,0
WBGene00197599.,0,0,0
WBGene00197600.,0,1,1
WBGene00197601.,0,2,2
WBGene00197602.,0,0,0
WBGene00197603.,0,0,0
WBGene00197604.,0,3,3
WBGene00197605.,0,0,0
WBGene00197606.,0,0,0
WBGene00197607.,0,0,0
WBGene00197608.,0,1,1
WBGene00197609.,0,4,4
WBGene00197610.,0,0,0
WBGene00197611.,0,0,0
WBGene00197612.,0,0,0
WBGene00197613.,0,0,0
WBGene00197614.,0,4,4
WBGene00197615.,0,0,0
WBGene00197616.,0,2,2
WBGene00197617.,0,0,0
WBGene00197618.,0,0,0
WBGene00197619.,0,0,0
WBGene00197620.,0,2,2
WBGene00197621.,0,25,25
WBGene00197622.,0,0,0
WBGene00197623.,0,0,0
WBGene00197624.,0,1,1
WBGene00197625.,0,3,3
WBGene00197626.,0,0,0
WBGene00197627.,0,1,1
WBGene00197628.,0,0,0
WBGene00197629.,0,0,0
WBGene00197630.,0,0,0
WBGene00197631.,0,0,0
WBGene00197632.,0,0,0
WBGene00197633.,0,5,5
WBGene00197634.,0,0,0
WBGene00197635.,0,1,1
WBGene00197636.,0,3,3
WBGene00197637.,0,0,0
WBGene00197638.,0,0,0
WBGene00197639.,0,0,0
WBGene00197640.,0,0,0
WBGene00197641.,0,0,0
WBGene00197642.,0,2,2
WBGene00197643.,0,0,0
WBGene00197644.,0,0,0
WBGene00197645.,0,0,0
WBGene00197646.,0,0,0
WBGene00197647.,0,4,4
WBGene00197648.,0,2,2
WBGene00197649.,0,0,0
WBGene00197650.,0,0,0
WBGene00197651.,0,0,0
WBGene00197652.,0,0,0
WBGene00197653.,0,0,0
WBGene00197654.,0,0,0
WBGene00197655.,0,0,0
WBGene00197656.,0,0,0
WBGene00197657.,0,3,3
WBGene00197658.,0,0,0
WBGene00197659.,0,0,0
WBGene00197660.,0,0,0
WBGene00197661.,0,0,0
WBGene00197662.,0,0,0
WBGene00197663.,0,0,0
WBGene00197664.,0,4,4
WBGene00197665.,0,0,0
WBGene00197666.,0,0,0
WBGene00197667.,0,1,1
WBGene00197668.,0,5,5
WBGene00197669.,0,1,1
WBGene00197670.,0,3,3
WBGene00197671.,0,0,0
WBGene00197672.,0,0,0
WBGene00197673.,0,0,0
WBGene00197674.,0,0,0
WBGene00197675.,0,0,0
WBGene00197676.,0,0,0
WBGene00197677.,0,0,0
WBGene00197678.,0,0,0
WBGene00197679.,0,2,2
WBGene00197680.,0,0,0
WBGene00197681.,0,0,0
WBGene00197682.,0,0,0
WBGene00197683.,0,0,0
WBGene00197684.,0,0,0
WBGene00197685.,0,0,0
WBGene00197686.,0,3,3
WBGene00197687.,0,0,0
WBGene00197688.,0,0,0
WBGene00197689.,0,0,0
WBGene00197690.,0,0,0
WBGene00197691.,0,12,12
WBGene00197692.,0,0,0
WBGene00197693.,0,0,0
WBGene00197694.,0,0,0
WBGene00197695.,0,0,0
WBGene00197696.,0,0,0
WBGene00197697.,0,0,0
WBGene00197698.,0,2,2
WBGene00197699.,0,1,1
WBGene00197700.,0,0,0
WBGene00197701.,0,0,0
WBGene00197702.,0,0,0
WBGene00197703.,0,0,0
WBGene00197704.,0,5,5
WBGene00197705.,0,0,0
WBGene00197706.,0,0,0
WBGene00197707.,0,0,0
WBGene00197708.,0,0,0
WBGene00197709.,0,0,0
WBGene00197710.,0,2,2
WBGene00197711.,0,0,0
WBGene00197712.,0,3,3
WBGene00197713.,0,0,0
WBGene00197714.,0,0,0
WBGene00197715.,0,0,0
WBGene00197716.,0,0,0
WBGene00197717.,0,0,0
WBGene00197718.,0,0,0
WBGene00197719.,0,0,0
WBGene00197720.,0,2,2
WBGene00197721.,0,0,0
WBGene00197722.,0,0,0
WBGene00197723.,0,0,0
WBGene00197724.,0,1,1
WBGene00197725.,0,0,0
WBGene00197726.,0,3,3
WBGene00197727.,0,2,2
WBGene00197728.,0,1,1
WBGene00197729.,0,0,0
WBGene00197730.,0,0,0
WBGene00197731.,0,0,0
WBGene00197732.,0,2,2
WBGene00197733.,0,0,0
WBGene00197734.,0,0,0
WBGene00197735.,0,0,0
WBGene00197736.,0,0,0
WBGene00197737.,0,1,1
WBGene00197738.,0,0,0
WBGene00197739.,0,3,3
WBGene00197740.,0,0,0
WBGene00197741.,0,0,0
WBGene00197742.,0,0,0
WBGene00197743.,0,0,0
WBGene00197744.,0,0,0
WBGene00197745.,0,0,0
WBGene00197746.,0,0,0
WBGene00197747.,0,0,0
WBGene00197748.,0,0,0
WBGene00197749.,0,3,3
WBGene00197750.,0,1,1
WBGene00197751.,0,0,0
WBGene00197752.,0,0,0
WBGene00197753.,0,0,0
WBGene00197754.,0,0,0
WBGene00197755.,0,0,0
WBGene00197756.,0,0,0
WBGene00197757.,0,4,4
WBGene00197758.,0,0,0
WBGene00197759.,0,0,0
WBGene00197760.,0,0,0
WBGene00197761.,0,1,1
WBGene00197762.,0,0,0
WBGene00197763.,0,2,2
WBGene00197764.,0,0,0
WBGene00197765.,0,0,0
WBGene00197766.,0,0,0
WBGene00197767.,0,0,0
WBGene00197768.,0,0,0
WBGene00197769.,0,0,0
WBGene00197770.,0,0,0
WBGene00197771.,0,0,0
WBGene00197772.,0,0,0
WBGene00197773.,0,0,0
WBGene00197774.,0,0,0
WBGene00197775.,0,0,0
WBGene00197776.,0,0,0
WBGene00197777.,0,0,0
WBGene00197778.,0,0,0
WBGene00197779.,0,1,1
WBGene00197780.,0,0,0
WBGene00197781.,0,1,1
WBGene00197782.,0,0,0
WBGene00197783.,0,0,0
WBGene00197784.,0,0,0
WBGene00197785.,0,0,0
WBGene00197786.,0,2,2
WBGene00197787.,0,1,1
WBGene00197788.,0,0,0
WBGene00197789.,0,0,0
WBGene00197790.,0,1,1
WBGene00197791.,0,4,4
WBGene00197792.,0,0,0
WBGene00197793.,0,2,2
WBGene00197794.,0,0,0
WBGene00197795.,0,0,0
WBGene00197796.,0,1,1
WBGene00197797.,0,0,0
WBGene00197798.,0,0,0
WBGene00197799.,0,0,0
WBGene00197800.,0,0,0
WBGene00197801.,0,0,0
WBGene00197802.,0,4,4
WBGene00197803.,0,98,98
WBGene00197804.,0,0,0
WBGene00197805.,0,0,0
WBGene00197806.,0,0,0
WBGene00197807.,0,0,0
WBGene00197808.,0,0,0
WBGene00197809.,0,0,0
WBGene00197810.,0,0,0
WBGene00197811.,0,0,0
WBGene00197812.,0,0,0
WBGene00197813.,0,0,0
WBGene00197814.,0,0,0
WBGene00197815.,0,0,0
WBGene00197816.,0,0,0
WBGene00197817.,0,1,1
WBGene00197818.,0,1,1
WBGene00197819.,0,0,0
WBGene00197820.,0,0,0
WBGene00197821.,0,0,0
WBGene00197822.,0,1,1
WBGene00197823.,0,0,0
WBGene00197824.,0,0,0
WBGene00197825.,0,0,0
WBGene00197826.,0,0,0
WBGene00197827.,0,0,0
WBGene00197828.,0,0,0
WBGene00197829.,0,0,0
WBGene00197830.,0,1,1
WBGene00197831.,0,0,0
WBGene00197832.,0,0,0
WBGene00197833.,0,0,0
WBGene00197834.,0,1,1
WBGene00197835.,0,0,0
WBGene00197836.,0,1,1
WBGene00197837.,0,0,0
WBGene00197838.,0,0,0
WBGene00197839.,0,0,0
WBGene00197840.,0,1,1
WBGene00197841.,0,0,0
WBGene00197842.,0,0,0
WBGene00197843.,0,0,0
WBGene00197844.,0,0,0
WBGene00197845.,0,0,0
WBGene00197846.,0,0,0
WBGene00197847.,0,2,2
WBGene00197848.,0,0,0
WBGene00197849.,0,0,0
WBGene00197850.,0,2,2
WBGene00197851.,0,0,0
WBGene00197852.,0,0,0
WBGene00197853.,0,4,4
WBGene00197854.,0,1,1
WBGene00197855.,0,0,0
WBGene00197856.,0,0,0
WBGene00197857.,0,5,5
WBGene00197858.,0,0,0
WBGene00197859.,0,0,0
WBGene00197860.,0,5,5
WBGene00197861.,0,0,0
WBGene00197862.,0,2,2
WBGene00197863.,0,0,0
WBGene00197864.,0,0,0
WBGene00197865.,0,1,1
WBGene00197866.,0,0,0
WBGene00197867.,0,0,0
WBGene00197868.,0,1,1
WBGene00197869.,0,0,0
WBGene00197870.,0,0,0
WBGene00197871.,0,0,0
WBGene00197872.,0,0,0
WBGene00197873.,0,3,3
WBGene00197874.,0,0,0
WBGene00197875.,0,5,5
WBGene00197876.,0,0,0
WBGene00197877.,0,0,0
WBGene00197878.,0,0,0
WBGene00197879.,0,4,4
WBGene00197880.,0,1,1
WBGene00197881.,0,0,0
WBGene00197882.,0,0,0
WBGene00197883.,0,4,4
WBGene00197884.,0,5,5
WBGene00197885.,0,1,1
WBGene00197886.,0,0,0
WBGene00197887.,0,1,1
WBGene00197888.,0,0,0
WBGene00197889.,0,3,3
WBGene00197890.,0,2,2
WBGene00197891.,0,0,0
WBGene00197892.,0,0,0
WBGene00197893.,0,0,0
WBGene00197894.,0,0,0
WBGene00197895.,0,0,0
WBGene00197896.,0,5,5
WBGene00197897.,0,0,0
WBGene00197898.,0,0,0
WBGene00197899.,0,2,2
WBGene00197900.,0,0,0
WBGene00197901.,0,0,0
WBGene00197902.,0,0,0
WBGene00197903.,0,1,1
WBGene00197904.,0,0,0
WBGene00197905.,0,1,1
WBGene00197906.,0,16,16
WBGene00197907.,0,0,0
WBGene00197908.,0,0,0
WBGene00197909.,0,0,0
WBGene00197910.,0,0,0
WBGene00197911.,0,0,0
WBGene00197912.,0,0,0
WBGene00197913.,0,1,1
WBGene00197914.,0,0,0
WBGene00197915.,0,1,1
WBGene00197916.,0,0,0
WBGene00197917.,0,0,0
WBGene00197918.,0,0,0
WBGene00197919.,0,0,0
WBGene00197920.,0,0,0
WBGene00197921.,0,69,69
WBGene00197922.,0,0,0
WBGene00197923.,0,8,8
WBGene00197924.,0,0,0
WBGene00197925.,0,0,0
WBGene00197926.,0,0,0
WBGene00197927.,0,0,0
WBGene00197928.,0,0,0
WBGene00197929.,0,0,0
WBGene00197930.,0,0,0
WBGene00197931.,0,1,1
WBGene00197932.,0,2,2
WBGene00197933.,0,0,0
WBGene00197934.,0,7,7
WBGene00197935.,0,0,0
WBGene00197936.,0,0,0
WBGene00197937.,0,0,0
WBGene00197938.,0,1,1
WBGene00197939.,0,0,0
WBGene00197940.,0,0,0
WBGene00197941.,0,0,0
WBGene00197942.,0,0,0
WBGene00197943.,0,0,0
WBGene00197944.,0,4,4
WBGene00197945.,0,0,0
WBGene00197946.,0,0,0
WBGene00197947.,0,0,0
WBGene00197948.,0,0,0
WBGene00197949.,0,2,2
WBGene00197950.,0,0,0
WBGene00197951.,0,1,1
WBGene00197952.,0,1,1
WBGene00197953.,0,0,0
WBGene00197954.,0,0,0
WBGene00197955.,0,0,0
WBGene00197956.,0,0,0
WBGene00197957.,0,0,0
WBGene00197958.,0,4,4
WBGene00197959.,0,0,0
WBGene00197960.,0,0,0
WBGene00197961.,0,0,0
WBGene00197962.,0,0,0
WBGene00197963.,0,0,0
WBGene00197964.,0,0,0
WBGene00197965.,0,0,0
WBGene00197966.,0,0,0
WBGene00197967.,0,0,0
WBGene00197968.,0,0,0
WBGene00197969.,0,0,0
WBGene00197970.,0,3,3
WBGene00197971.,0,8,8
WBGene00197972.,0,0,0
WBGene00197973.,0,1,1
WBGene00197974.,0,0,0
WBGene00197975.,0,0,0
WBGene00197976.,0,2,2
WBGene00197977.,0,0,0
WBGene00197978.,0,2,2
WBGene00197979.,0,0,0
WBGene00197980.,0,0,0
WBGene00197981.,0,0,0
WBGene00197982.,0,0,0
WBGene00197983.,0,0,0
WBGene00197984.,0,1,1
WBGene00197985.,0,0,0
WBGene00197986.,0,0,0
WBGene00197987.,0,0,0
WBGene00197988.,0,0,0
WBGene00197989.,0,2,2
WBGene00197990.,0,0,0
WBGene00197991.,0,2,2
WBGene00197992.,0,0,0
WBGene00197993.,0,0,0
WBGene00197994.,0,0,0
WBGene00197995.,0,2,2
WBGene00197996.,0,0,0
WBGene00197997.,0,0,0
WBGene00197998.,0,0,0
WBGene00197999.,0,1,1
WBGene00198000.,0,4,4
WBGene00198001.,0,0,0
WBGene00198002.,0,0,0
WBGene00198003.,0,0,0
WBGene00198004.,0,0,0
WBGene00198005.,0,0,0
WBGene00198006.,0,0,0
WBGene00198007.,0,0,0
WBGene00198008.,0,1,1
WBGene00198009.,0,0,0
WBGene00198010.,0,0,0
WBGene00198011.,0,0,0
WBGene00198012.,0,0,0
WBGene00198013.,0,0,0
WBGene00198014.,0,3,3
WBGene00198015.,0,0,0
WBGene00198016.,0,0,0
WBGene00198017.,0,0,0
WBGene00198018.,0,0,0
WBGene00198019.,0,0,0
WBGene00198020.,0,2,2
WBGene00198021.,0,3,3
WBGene00198022.,0,0,0
WBGene00198023.,0,0,0
WBGene00198024.,0,0,0
WBGene00198025.,0,1,1
WBGene00198026.,0,0,0
WBGene00198027.,0,0,0
WBGene00198028.,0,0,0
WBGene00198029.,0,0,0
WBGene00198030.,0,0,0
WBGene00198031.,0,0,0
WBGene00198032.,0,0,0
WBGene00198033.,0,0,0
WBGene00198034.,0,0,0
WBGene00198035.,0,0,0
WBGene00198036.,0,1,1
WBGene00198037.,0,0,0
WBGene00198038.,0,0,0
WBGene00198039.,0,0,0
WBGene00198040.,0,0,0
WBGene00198041.,0,0,0
WBGene00198042.,0,0,0
WBGene00198043.,0,0,0
WBGene00198044.,0,0,0
WBGene00198045.,0,0,0
WBGene00198046.,0,0,0
WBGene00198047.,0,12,12
WBGene00198048.,0,0,0
WBGene00198049.,0,0,0
WBGene00198050.,0,0,0
WBGene00198051.,0,2,2
WBGene00198052.,0,0,0
WBGene00198053.,0,2,2
WBGene00198054.,0,0,0
WBGene00198055.,0,0,0
WBGene00198056.,0,0,0
WBGene00198057.,0,1,1
WBGene00198058.,0,1,1
WBGene00198059.,0,0,0
WBGene00198060.,0,0,0
WBGene00198061.,0,0,0
WBGene00198062.,0,0,0
WBGene00198063.,0,1,1
WBGene00198064.,0,3,3
WBGene00198065.,0,0,0
WBGene00198066.,0,0,0
WBGene00198067.,0,0,0
WBGene00198068.,0,0,0
WBGene00198069.,0,0,0
WBGene00198070.,0,0,0
WBGene00198071.,0,0,0
WBGene00198072.,0,0,0
WBGene00198073.,0,0,0
WBGene00198074.,0,0,0
WBGene00198075.,0,3,3
WBGene00198076.,0,0,0
WBGene00198077.,0,0,0
WBGene00198078.,0,0,0
WBGene00198079.,0,0,0
WBGene00198080.,0,0,0
WBGene00198081.,0,0,0
WBGene00198082.,0,0,0
WBGene00198083.,0,0,0
WBGene00198084.,0,0,0
WBGene00198085.,0,0,0
WBGene00198086.,0,0,0
WBGene00198087.,0,0,0
WBGene00198088.,0,16,16
WBGene00198089.,0,0,0
WBGene00198090.,0,1,1
WBGene00198091.,0,5,5
WBGene00198092.,0,0,0
WBGene00198093.,0,0,0
WBGene00198094.,0,5,5
WBGene00198095.,0,1,1
WBGene00198096.,0,0,0
WBGene00198097.,0,0,0
WBGene00198098.,0,0,0
WBGene00198099.,0,0,0
WBGene00198100.,0,0,0
WBGene00198101.,0,0,0
WBGene00198102.,0,0,0
WBGene00198103.,0,0,0
WBGene00198104.,0,3,3
WBGene00198105.,0,0,0
WBGene00198106.,0,0,0
WBGene00198107.,0,0,0
WBGene00198108.,0,5,5
WBGene00198109.,0,0,0
WBGene00198110.,0,0,0
WBGene00198111.,0,0,0
WBGene00198112.,0,0,0
WBGene00198113.,0,0,0
WBGene00198114.,0,0,0
WBGene00198115.,0,3,3
WBGene00198116.,0,0,0
WBGene00198117.,0,0,0
WBGene00198118.,0,0,0
WBGene00198119.,0,3,3
WBGene00198120.,0,1,1
WBGene00198121.,0,0,0
WBGene00198122.,0,4,4
WBGene00198123.,0,0,0
WBGene00198124.,0,10,10
WBGene00198125.,0,0,0
WBGene00198126.,0,1,1
WBGene00198127.,0,1,1
WBGene00198128.,0,0,0
WBGene00198129.,0,0,0
WBGene00198130.,0,0,0
WBGene00198131.,0,2,2
WBGene00198132.,0,0,0
WBGene00198133.,0,0,0
WBGene00198134.,0,6,6
WBGene00198135.,0,2,2
WBGene00198136.,0,3,3
WBGene00198137.,0,0,0
WBGene00198138.,0,0,0
WBGene00198139.,0,0,0
WBGene00198140.,0,0,0
WBGene00198141.,0,4,4
WBGene00198142.,0,6,6
WBGene00198143.,0,0,0
WBGene00198144.,0,0,0
WBGene00198145.,0,1,1
WBGene00198146.,0,0,0
WBGene00198147.,0,0,0
WBGene00198148.,0,1,1
WBGene00198149.,0,2,2
WBGene00198150.,0,0,0
WBGene00198151.,0,1,1
WBGene00198152.,0,0,0
WBGene00198153.,0,2,2
WBGene00198154.,0,0,0
WBGene00198155.,0,0,0
WBGene00198156.,0,2,2
WBGene00198157.,0,0,0
WBGene00198158.,0,0,0
WBGene00198159.,0,0,0
WBGene00198160.,0,1,1
WBGene00198161.,0,0,0
WBGene00198162.,0,7,7
WBGene00198163.,0,0,0
WBGene00198164.,0,0,0
WBGene00198165.,0,0,0
WBGene00198166.,0,0,0
WBGene00198167.,0,2,2
WBGene00198168.,0,0,0
WBGene00198169.,0,2,2
WBGene00198170.,0,0,0
WBGene00198171.,0,2,2
WBGene00198172.,0,0,0
WBGene00198173.,0,0,0
WBGene00198174.,0,3,3
WBGene00198175.,0,0,0
WBGene00198176.,0,0,0
WBGene00198177.,0,2,2
WBGene00198178.,0,3,3
WBGene00198179.,0,0,0
WBGene00198180.,0,0,0
WBGene00198181.,0,0,0
WBGene00198182.,0,2,2
WBGene00198183.,0,3,3
WBGene00198184.,0,0,0
WBGene00198185.,0,0,0
WBGene00198186.,0,0,0
WBGene00198187.,0,0,0
WBGene00198188.,0,3,3
WBGene00198189.,0,0,0
WBGene00198190.,0,0,0
WBGene00198191.,0,0,0
WBGene00198192.,0,0,0
WBGene00198193.,0,3,3
WBGene00198194.,0,0,0
WBGene00198195.,0,0,0
WBGene00198196.,0,0,0
WBGene00198197.,0,0,0
WBGene00198198.,0,0,0
WBGene00198199.,0,0,0
WBGene00198200.,0,4,4
WBGene00198201.,0,0,0
WBGene00198202.,0,0,0
WBGene00198203.,0,0,0
WBGene00198204.,0,0,0
WBGene00198205.,0,0,0
WBGene00198206.,0,0,0
WBGene00198207.,0,1,1
WBGene00198208.,0,0,0
WBGene00198209.,0,7,7
WBGene00198210.,0,0,0
WBGene00198211.,0,0,0
WBGene00198212.,0,0,0
WBGene00198213.,0,1,1
WBGene00198214.,0,2,2
WBGene00198215.,0,3,3
WBGene00198216.,0,1,1
WBGene00198217.,0,1,1
WBGene00198218.,0,0,0
WBGene00198219.,0,0,0
WBGene00198220.,0,0,0
WBGene00198221.,0,0,0
WBGene00198222.,0,0,0
WBGene00198223.,0,0,0
WBGene00198224.,0,1,1
WBGene00198225.,0,5,5
WBGene00198226.,0,1,1
WBGene00198227.,0,0,0
WBGene00198228.,0,3,3
WBGene00198229.,0,0,0
WBGene00198230.,0,0,0
WBGene00198231.,0,0,0
WBGene00198232.,0,0,0
WBGene00198233.,0,0,0
WBGene00198234.,0,1,1
WBGene00198235.,0,0,0
WBGene00198236.,0,1,1
WBGene00198237.,0,0,0
WBGene00198238.,0,0,0
WBGene00198239.,0,0,0
WBGene00198240.,0,1,1
WBGene00198241.,0,0,0
WBGene00198242.,0,3,3
WBGene00198243.,0,0,0
WBGene00198244.,0,2,2
WBGene00198245.,0,0,0
WBGene00198246.,0,1,1
WBGene00198247.,0,1,1
WBGene00198248.,0,0,0
WBGene00198249.,0,1,1
WBGene00198250.,0,0,0
WBGene00198251.,0,0,0
WBGene00198252.,0,0,0
WBGene00198253.,0,0,0
WBGene00198254.,0,0,0
WBGene00198255.,0,0,0
WBGene00198256.,0,0,0
WBGene00198257.,0,0,0
WBGene00198258.,0,3,3
WBGene00198259.,0,0,0
WBGene00198260.,0,0,0
WBGene00198261.,0,1,1
WBGene00198262.,0,1,1
WBGene00198263.,0,0,0
WBGene00198264.,0,0,0
WBGene00198265.,0,0,0
WBGene00198266.,0,0,0
WBGene00198267.,0,0,0
WBGene00198268.,0,0,0
WBGene00198269.,0,0,0
WBGene00198270.,0,3,3
WBGene00198271.,0,0,0
WBGene00198272.,0,0,0
WBGene00198273.,0,0,0
WBGene00198274.,0,0,0
WBGene00198275.,0,0,0
WBGene00198276.,0,0,0
WBGene00198277.,0,2,2
WBGene00198278.,0,0,0
WBGene00198279.,0,2,2
WBGene00198280.,0,2,2
WBGene00198281.,0,0,0
WBGene00198282.,0,0,0
WBGene00198283.,0,0,0
WBGene00198284.,0,0,0
WBGene00198285.,0,0,0
WBGene00198286.,0,3,3
WBGene00198287.,0,3,3
WBGene00198288.,0,0,0
WBGene00198289.,0,1,1
WBGene00198290.,0,2,2
WBGene00198291.,0,0,0
WBGene00198292.,0,0,0
WBGene00198293.,0,0,0
WBGene00198294.,0,0,0
WBGene00198295.,0,0,0
WBGene00198296.,0,0,0
WBGene00198297.,0,0,0
WBGene00198298.,0,2,2
WBGene00198299.,0,0,0
WBGene00198300.,0,53,53
WBGene00198301.,0,0,0
WBGene00198302.,0,0,0
WBGene00198303.,0,0,0
WBGene00198304.,0,0,0
WBGene00198305.,0,0,0
WBGene00198306.,0,0,0
WBGene00198307.,0,14,14
WBGene00198308.,0,1,1
WBGene00198309.,0,0,0
WBGene00198310.,0,0,0
WBGene00198311.,0,1,1
WBGene00198312.,0,2,2
WBGene00198313.,0,0,0
WBGene00198314.,0,1,1
WBGene00198315.,0,15,15
WBGene00198316.,0,3,3
WBGene00198317.,0,0,0
WBGene00198318.,0,0,0
WBGene00198319.,0,0,0
WBGene00198320.,0,1,1
WBGene00198321.,0,0,0
WBGene00198322.,0,0,0
WBGene00198323.,0,0,0
WBGene00198324.,0,0,0
WBGene00198325.,0,0,0
WBGene00198326.,0,7,7
WBGene00198327.,0,0,0
WBGene00198328.,0,0,0
WBGene00198329.,0,0,0
WBGene00198330.,0,0,0
WBGene00198331.,0,0,0
WBGene00198332.,0,1,1
WBGene00198333.,0,0,0
WBGene00198334.,0,0,0
WBGene00198335.,0,0,0
WBGene00198336.,0,0,0
WBGene00198337.,0,0,0
WBGene00198338.,0,0,0
WBGene00198339.,0,0,0
WBGene00198340.,0,0,0
WBGene00198341.,0,4,4
WBGene00198342.,0,0,0
WBGene00198343.,0,0,0
WBGene00198344.,0,1,1
WBGene00198345.,0,0,0
WBGene00198346.,0,2,2
WBGene00198347.,0,0,0
WBGene00198348.,0,2,2
WBGene00198349.,0,0,0
WBGene00198350.,0,0,0
WBGene00198351.,0,2,2
WBGene00198352.,0,0,0
WBGene00198353.,0,0,0
WBGene00198354.,0,1,1
WBGene00198355.,0,0,0
WBGene00198356.,0,1,1
WBGene00198357.,0,0,0
WBGene00198358.,0,0,0
WBGene00198359.,0,0,0
WBGene00198360.,0,0,0
WBGene00198361.,0,0,0
WBGene00198362.,0,0,0
WBGene00198363.,0,0,0
WBGene00198364.,0,4,4
WBGene00198365.,0,13,13
WBGene00198366.,0,0,0
WBGene00198367.,0,1,1
WBGene00198368.,0,7,7
WBGene00198369.,0,0,0
WBGene00198370.,0,0,0
WBGene00198371.,0,0,0
WBGene00198372.,0,0,0
WBGene00198373.,0,0,0
WBGene00198374.,0,0,0
WBGene00198375.,0,0,0
WBGene00198376.,0,0,0
WBGene00198377.,0,1,1
WBGene00198378.,0,0,0
WBGene00198379.,0,1,1
WBGene00198380.,0,0,0
WBGene00198381.,0,1,1
WBGene00198382.,0,0,0
WBGene00198383.,0,3,3
WBGene00198384.,0,0,0
WBGene00198385.,0,1,1
WBGene00198386.,0,7,7
WBGene00198387.,0,0,0
WBGene00198388.,0,0,0
WBGene00198389.,0,0,0
WBGene00198390.,0,0,0
WBGene00198391.,0,0,0
WBGene00198392.,0,0,0
WBGene00198393.,0,2,2
WBGene00198394.,0,3,3
WBGene00198395.,0,0,0
WBGene00198396.,0,0,0
WBGene00198397.,0,0,0
WBGene00198398.,0,0,0
WBGene00198399.,0,9,9
WBGene00198400.,0,0,0
WBGene00198401.,0,1,1
WBGene00198402.,0,1,1
WBGene00198403.,0,1,1
WBGene00198404.,0,0,0
WBGene00198405.,0,0,0
WBGene00198406.,0,0,0
WBGene00198407.,0,0,0
WBGene00198408.,0,0,0
WBGene00198409.,0,0,0
WBGene00198410.,0,0,0
WBGene00198411.,0,0,0
WBGene00198412.,0,0,0
WBGene00198413.,0,0,0
WBGene00198414.,0,2,2
WBGene00198415.,0,0,0
WBGene00198416.,0,0,0
WBGene00198417.,0,0,0
WBGene00198418.,0,0,0
WBGene00198419.,0,1,1
WBGene00198420.,0,0,0
WBGene00198421.,0,0,0
WBGene00198422.,0,0,0
WBGene00198423.,0,0,0
WBGene00198424.,0,0,0
WBGene00198425.,0,0,0
WBGene00198426.,0,6,6
WBGene00198427.,0,0,0
WBGene00198428.,0,0,0
WBGene00198429.,0,12,12
WBGene00198430.,0,0,0
WBGene00198431.,0,0,0
WBGene00198432.,0,0,0
WBGene00198433.,0,2,2
WBGene00198434.,0,0,0
WBGene00198435.,0,0,0
WBGene00198436.,0,0,0
WBGene00198437.,0,0,0
WBGene00198438.,0,0,0
WBGene00198439.,0,0,0
WBGene00198440.,0,0,0
WBGene00198441.,0,0,0
WBGene00198442.,0,0,0
WBGene00198443.,0,0,0
WBGene00198444.,0,0,0
WBGene00198445.,0,0,0
WBGene00198446.,0,0,0
WBGene00198447.,0,0,0
WBGene00198448.,0,0,0
WBGene00198449.,0,0,0
WBGene00198450.,0,1,1
WBGene00198451.,0,0,0
WBGene00198452.,0,0,0
WBGene00198453.,0,0,0
WBGene00198454.,0,0,0
WBGene00198455.,0,1,1
WBGene00198456.,0,0,0
WBGene00198457.,0,0,0
WBGene00198458.,0,0,0
WBGene00198459.,0,0,0
WBGene00198460.,0,0,0
WBGene00198461.,0,0,0
WBGene00198462.,0,0,0
WBGene00198463.,0,0,0
WBGene00198464.,0,0,0
WBGene00198465.,0,1,1
WBGene00198466.,0,2,2
WBGene00198467.,0,0,0
WBGene00198468.,0,7,7
WBGene00198469.,0,1,1
WBGene00198470.,0,3,3
WBGene00198471.,0,0,0
WBGene00198472.,0,1,1
WBGene00198473.,0,0,0
WBGene00198474.,0,2,2
WBGene00198475.,0,0,0
WBGene00198476.,0,0,0
WBGene00198477.,0,0,0
WBGene00198478.,0,0,0
WBGene00198479.,0,1,1
WBGene00198480.,0,0,0
WBGene00198481.,0,0,0
WBGene00198482.,0,2,2
WBGene00198483.,0,0,0
WBGene00198484.,0,0,0
WBGene00198485.,0,3,3
WBGene00198486.,0,0,0
WBGene00198487.,0,0,0
WBGene00198488.,0,0,0
WBGene00198489.,0,3,3
WBGene00198490.,0,0,0
WBGene00198491.,0,1,1
WBGene00198492.,0,1,1
WBGene00198493.,0,1,1
WBGene00198494.,0,0,0
WBGene00198495.,0,0,0
WBGene00198496.,0,1,1
WBGene00198497.,0,0,0
WBGene00198498.,0,0,0
WBGene00198499.,0,3,3
WBGene00198500.,0,0,0
WBGene00198501.,0,0,0
WBGene00198502.,0,0,0
WBGene00198503.,0,0,0
WBGene00198504.,0,1,1
WBGene00198505.,0,0,0
WBGene00198506.,0,1,1
WBGene00198507.,0,0,0
WBGene00198508.,0,0,0
WBGene00198509.,0,0,0
WBGene00198510.,0,0,0
WBGene00198511.,0,1,1
WBGene00198512.,0,4,4
WBGene00198513.,0,0,0
WBGene00198514.,0,0,0
WBGene00198515.,0,2,2
WBGene00198516.,0,0,0
WBGene00198517.,0,0,0
WBGene00198518.,0,0,0
WBGene00198519.,0,1,1
WBGene00198520.,0,2,2
WBGene00198521.,0,0,0
WBGene00198522.,0,0,0
WBGene00198523.,0,13,13
WBGene00198524.,0,0,0
WBGene00198525.,0,2,2
WBGene00198526.,0,1,1
WBGene00198527.,0,0,0
WBGene00198528.,0,0,0
WBGene00198529.,0,0,0
WBGene00198530.,0,5,5
WBGene00198531.,0,0,0
WBGene00198532.,0,0,0
WBGene00198533.,0,0,0
WBGene00198534.,0,2,2
WBGene00198535.,0,0,0
WBGene00198536.,0,2,2
WBGene00198537.,0,1,1
WBGene00198538.,0,0,0
WBGene00198539.,0,0,0
WBGene00198540.,0,1,1
WBGene00198541.,0,2,2
WBGene00198542.,0,0,0
WBGene00198543.,0,0,0
WBGene00198544.,0,0,0
WBGene00198545.,0,0,0
WBGene00198546.,0,0,0
WBGene00198547.,0,0,0
WBGene00198548.,0,0,0
WBGene00198549.,0,0,0
WBGene00198550.,0,6,6
WBGene00198551.,0,2,2
WBGene00198552.,0,0,0
WBGene00198553.,0,0,0
WBGene00198554.,0,2,2
WBGene00198555.,0,0,0
WBGene00198556.,0,0,0
WBGene00198557.,0,1,1
WBGene00198558.,0,4,4
WBGene00198559.,0,0,0
WBGene00198560.,0,0,0
WBGene00198561.,0,0,0
WBGene00198562.,0,0,0
WBGene00198563.,0,4,4
WBGene00198564.,0,0,0
WBGene00198565.,0,0,0
WBGene00198566.,0,0,0
WBGene00198567.,0,0,0
WBGene00198568.,0,1,1
WBGene00198569.,0,0,0
WBGene00198570.,0,0,0
WBGene00198571.,0,0,0
WBGene00198572.,0,0,0
WBGene00198573.,0,0,0
WBGene00198574.,0,0,0
WBGene00198575.,0,3,3
WBGene00198576.,0,1,1
WBGene00198577.,0,0,0
WBGene00198578.,0,0,0
WBGene00198579.,0,0,0
WBGene00198580.,0,1,1
WBGene00198581.,0,0,0
WBGene00198582.,0,1,1
WBGene00198583.,0,0,0
WBGene00198584.,0,0,0
WBGene00198585.,0,4,4
WBGene00198586.,0,1,1
WBGene00198587.,0,1,1
WBGene00198588.,0,0,0
WBGene00198589.,0,0,0
WBGene00198590.,0,0,0
WBGene00198591.,0,0,0
WBGene00198592.,0,0,0
WBGene00198593.,0,0,0
WBGene00198594.,0,0,0
WBGene00198595.,0,0,0
WBGene00198596.,0,5,5
WBGene00198597.,0,0,0
WBGene00198598.,0,0,0
WBGene00198599.,0,1,1
WBGene00198600.,0,0,0
WBGene00198601.,0,2,2
WBGene00198602.,0,0,0
WBGene00198603.,0,0,0
WBGene00198604.,0,0,0
WBGene00198605.,0,0,0
WBGene00198606.,0,0,0
WBGene00198607.,0,0,0
WBGene00198608.,0,4,4
WBGene00198609.,0,0,0
WBGene00198610.,0,0,0
WBGene00198611.,0,0,0
WBGene00198612.,0,0,0
WBGene00198613.,0,0,0
WBGene00198614.,0,0,0
WBGene00198615.,0,0,0
WBGene00198616.,0,0,0
WBGene00198617.,0,0,0
WBGene00198618.,0,2,2
WBGene00198619.,0,0,0
WBGene00198620.,0,0,0
WBGene00198621.,0,28,28
WBGene00198622.,0,0,0
WBGene00198623.,0,0,0
WBGene00198624.,0,0,0
WBGene00198625.,0,0,0
WBGene00198626.,0,0,0
WBGene00198627.,0,0,0
WBGene00198628.,0,0,0
WBGene00198629.,0,0,0
WBGene00198630.,0,1,1
WBGene00198631.,0,3,3
WBGene00198632.,0,3,3
WBGene00198633.,0,4,4
WBGene00198634.,0,6,6
WBGene00198635.,0,0,0
WBGene00198636.,0,1,1
WBGene00198637.,0,1,1
WBGene00198638.,0,0,0
WBGene00198639.,0,1,1
WBGene00198640.,0,0,0
WBGene00198641.,0,5,5
WBGene00198642.,0,5,5
WBGene00198643.,0,0,0
WBGene00198644.,0,0,0
WBGene00198645.,0,1,1
WBGene00198646.,0,0,0
WBGene00198647.,0,0,0
WBGene00198648.,0,1,1
WBGene00198649.,0,0,0
WBGene00198650.,0,2,2
WBGene00198651.,0,0,0
WBGene00198652.,0,0,0
WBGene00198653.,0,0,0
WBGene00198654.,0,0,0
WBGene00198655.,0,4,4
WBGene00198656.,0,0,0
WBGene00198657.,0,0,0
WBGene00198658.,0,3,3
WBGene00198659.,0,0,0
WBGene00198660.,0,0,0
WBGene00198661.,0,0,0
WBGene00198662.,0,0,0
WBGene00198663.,0,0,0
WBGene00198664.,0,1,1
WBGene00198665.,0,1,1
WBGene00198666.,0,0,0
WBGene00198667.,0,0,0
WBGene00198668.,0,3,3
WBGene00198669.,0,0,0
WBGene00198670.,0,0,0
WBGene00198671.,0,0,0
WBGene00198672.,0,0,0
WBGene00198673.,0,1,1
WBGene00198674.,0,0,0
WBGene00198675.,0,0,0
WBGene00198676.,0,0,0
WBGene00198677.,0,1,1
WBGene00198678.,0,1,1
WBGene00198679.,0,0,0
WBGene00198680.,0,0,0
WBGene00198681.,0,0,0
WBGene00198682.,0,0,0
WBGene00198683.,0,0,0
WBGene00198684.,0,0,0
WBGene00198685.,0,0,0
WBGene00198686.,0,1,1
WBGene00198687.,0,0,0
WBGene00198688.,0,3,3
WBGene00198689.,0,0,0
WBGene00198690.,0,0,0
WBGene00198691.,0,0,0
WBGene00198692.,0,0,0
WBGene00198693.,0,0,0
WBGene00198694.,0,0,0
WBGene00198695.,0,0,0
WBGene00198696.,0,0,0
WBGene00198697.,0,3,3
WBGene00198698.,0,0,0
WBGene00198699.,0,0,0
WBGene00198700.,0,0,0
WBGene00198701.,0,7,7
WBGene00198702.,0,0,0
WBGene00198703.,0,1,1
WBGene00198704.,0,1,1
WBGene00198705.,0,0,0
WBGene00198706.,0,0,0
WBGene00198707.,0,1,1
WBGene00198708.,0,0,0
WBGene00198709.,0,1,1
WBGene00198710.,0,0,0
WBGene00198711.,0,0,0
WBGene00198712.,0,0,0
WBGene00198713.,0,4,4
WBGene00198714.,0,0,0
WBGene00198715.,0,0,0
WBGene00198716.,0,1,1
WBGene00198717.,0,0,0
WBGene00198718.,0,1,1
WBGene00198719.,0,0,0
WBGene00198720.,0,0,0
WBGene00198721.,0,10,10
WBGene00198722.,0,0,0
WBGene00198723.,0,0,0
WBGene00198724.,0,0,0
WBGene00198725.,0,0,0
WBGene00198726.,0,1,1
WBGene00198727.,0,0,0
WBGene00198728.,0,0,0
WBGene00198729.,0,1,1
WBGene00198730.,0,0,0
WBGene00198731.,0,2,2
WBGene00198732.,0,0,0
WBGene00198733.,0,0,0
WBGene00198734.,0,2,2
WBGene00198735.,0,0,0
WBGene00198736.,0,0,0
WBGene00198737.,0,0,0
WBGene00198738.,0,0,0
WBGene00198739.,0,0,0
WBGene00198740.,0,0,0
WBGene00198741.,0,0,0
WBGene00198742.,0,1,1
WBGene00198743.,0,0,0
WBGene00198744.,0,0,0
WBGene00198745.,0,0,0
WBGene00198746.,0,0,0
WBGene00198747.,0,1,1
WBGene00198748.,0,3,3
WBGene00198749.,0,0,0
WBGene00198750.,0,0,0
WBGene00198751.,0,0,0
WBGene00198752.,0,0,0
WBGene00198753.,0,1,1
WBGene00198754.,0,0,0
WBGene00198755.,0,0,0
WBGene00198756.,0,23,23
WBGene00198757.,0,0,0
WBGene00198758.,0,0,0
WBGene00198759.,0,1,1
WBGene00198760.,0,0,0
WBGene00198761.,0,0,0
WBGene00198762.,0,0,0
WBGene00198763.,0,0,0
WBGene00198764.,0,0,0
WBGene00198765.,0,0,0
WBGene00198766.,0,0,0
WBGene00198767.,0,0,0
WBGene00198768.,0,2,2
WBGene00198769.,0,0,0
WBGene00198770.,0,0,0
WBGene00198771.,0,0,0
WBGene00198772.,0,0,0
WBGene00198773.,0,0,0
WBGene00198774.,0,0,0
WBGene00198775.,0,0,0
WBGene00198776.,0,0,0
WBGene00198777.,0,1,1
WBGene00198778.,0,0,0
WBGene00198779.,0,0,0
WBGene00198780.,0,0,0
WBGene00198781.,0,0,0
WBGene00198782.,0,3,3
WBGene00198783.,0,0,0
WBGene00198784.,0,0,0
WBGene00198785.,0,0,0
WBGene00198786.,0,3,3
WBGene00198787.,0,0,0
WBGene00198788.,0,0,0
WBGene00198789.,0,0,0
WBGene00198790.,0,0,0
WBGene00198791.,0,0,0
WBGene00198792.,0,0,0
WBGene00198793.,0,0,0
WBGene00198794.,0,0,0
WBGene00198795.,0,0,0
WBGene00198796.,0,0,0
WBGene00198797.,0,0,0
WBGene00198798.,0,4,4
WBGene00198799.,0,0,0
WBGene00198800.,0,0,0
WBGene00198801.,0,0,0
WBGene00198802.,0,0,0
WBGene00198803.,0,1,1
WBGene00198804.,0,0,0
WBGene00198805.,0,0,0
WBGene00198806.,0,0,0
WBGene00198807.,0,0,0
WBGene00198808.,0,0,0
WBGene00198809.,0,0,0
WBGene00198810.,0,7,7
WBGene00198811.,0,0,0
WBGene00198812.,0,0,0
WBGene00198813.,0,0,0
WBGene00198814.,0,4348,4348
WBGene00198815.,0,0,0
WBGene00198816.,0,0,0
WBGene00198817.,0,0,0
WBGene00198818.,0,0,0
WBGene00198819.,0,0,0
WBGene00198820.,0,2,2
WBGene00198821.,0,0,0
WBGene00198822.,0,2,2
WBGene00198823.,0,0,0
WBGene00198824.,0,0,0
WBGene00198825.,0,0,0
WBGene00198826.,0,1,1
WBGene00198827.,0,1,1
WBGene00198828.,0,0,0
WBGene00198829.,0,0,0
WBGene00198830.,0,2,2
WBGene00198831.,0,1,1
WBGene00198832.,0,0,0
WBGene00198833.,0,0,0
WBGene00198834.,0,0,0
WBGene00198835.,0,0,0
WBGene00198836.,0,0,0
WBGene00198837.,0,0,0
WBGene00198838.,0,0,0
WBGene00198839.,0,0,0
WBGene00198840.,0,0,0
WBGene00198841.,0,0,0
WBGene00198842.,0,0,0
WBGene00198843.,0,0,0
WBGene00198844.,0,0,0
WBGene00198845.,0,0,0
WBGene00198846.,0,0,0
WBGene00198847.,0,0,0
WBGene00198848.,0,0,0
WBGene00198849.,0,0,0
WBGene00198850.,0,0,0
WBGene00198851.,0,1,1
WBGene00198852.,0,1,1
WBGene00198853.,0,1,1
WBGene00198854.,0,0,0
WBGene00198855.,0,0,0
WBGene00198856.,0,3,3
WBGene00198857.,0,0,0
WBGene00198858.,0,0,0
WBGene00198859.,0,0,0
WBGene00198860.,0,0,0
WBGene00198861.,0,0,0
WBGene00198862.,0,0,0
WBGene00198863.,0,0,0
WBGene00198864.,0,0,0
WBGene00198865.,0,0,0
WBGene00198866.,0,0,0
WBGene00198867.,0,0,0
WBGene00198868.,0,0,0
WBGene00198869.,0,0,0
WBGene00198870.,0,0,0
WBGene00198871.,0,0,0
WBGene00198872.,0,1,1
WBGene00198873.,0,0,0
WBGene00198874.,0,0,0
WBGene00198875.,0,0,0
WBGene00198876.,0,0,0
WBGene00198877.,0,0,0
WBGene00198878.,0,0,0
WBGene00198879.,0,0,0
WBGene00198880.,0,1,1
WBGene00198881.,0,3,3
WBGene00198882.,0,2,2
WBGene00198883.,0,0,0
WBGene00198884.,0,0,0
WBGene00198885.,0,3,3
WBGene00198886.,0,0,0
WBGene00198887.,0,3,3
WBGene00198888.,0,0,0
WBGene00198889.,0,0,0
WBGene00198890.,0,1,1
WBGene00198891.,0,0,0
WBGene00198892.,0,0,0
WBGene00198893.,0,0,0
WBGene00198894.,0,0,0
WBGene00198895.,0,0,0
WBGene00198896.,0,2,2
WBGene00198897.,0,0,0
WBGene00198898.,0,1,1
WBGene00198899.,0,0,0
WBGene00198900.,0,1,1
WBGene00198901.,0,2,2
WBGene00198902.,0,0,0
WBGene00198903.,0,0,0
WBGene00198904.,0,3,3
WBGene00198905.,0,1,1
WBGene00198906.,0,0,0
WBGene00198907.,0,0,0
WBGene00198908.,0,0,0
WBGene00198909.,0,0,0
WBGene00198910.,0,0,0
WBGene00198911.,0,0,0
WBGene00198912.,0,0,0
WBGene00198913.,0,0,0
WBGene00198914.,0,0,0
WBGene00198915.,0,0,0
WBGene00198916.,0,0,0
WBGene00198917.,0,0,0
WBGene00198918.,0,1,1
WBGene00198919.,0,0,0
WBGene00198920.,0,0,0
WBGene00198921.,0,0,0
WBGene00198922.,0,2,2
WBGene00198923.,0,0,0
WBGene00198924.,0,0,0
WBGene00198925.,0,0,0
WBGene00198926.,0,0,0
WBGene00198927.,0,2,2
WBGene00198928.,0,0,0
WBGene00198929.,0,8,8
WBGene00198930.,0,0,0
WBGene00198931.,0,2,2
WBGene00198932.,0,0,0
WBGene00198933.,0,0,0
WBGene00198934.,0,0,0
WBGene00198935.,0,0,0
WBGene00198936.,0,0,0
WBGene00198937.,0,0,0
WBGene00198938.,0,0,0
WBGene00198939.,0,0,0
WBGene00198940.,0,0,0
WBGene00198941.,0,1,1
WBGene00198942.,0,1,1
WBGene00198943.,0,1,1
WBGene00198944.,0,0,0
WBGene00198945.,0,1,1
WBGene00198946.,0,3,3
WBGene00198947.,0,0,0
WBGene00198948.,0,0,0
WBGene00198949.,0,0,0
WBGene00198950.,0,0,0
WBGene00198951.,0,0,0
WBGene00198952.,0,0,0
WBGene00198953.,0,0,0
WBGene00198954.,0,6,6
WBGene00198955.,0,4,4
WBGene00198956.,0,0,0
WBGene00198957.,0,0,0
WBGene00198958.,0,0,0
WBGene00198959.,0,0,0
WBGene00198960.,0,0,0
WBGene00198961.,0,3,3
WBGene00198962.,0,0,0
WBGene00198963.,0,0,0
WBGene00198964.,0,0,0
WBGene00198965.,0,3,3
WBGene00198966.,0,0,0
WBGene00198967.,0,0,0
WBGene00198968.,0,0,0
WBGene00198969.,0,0,0
WBGene00198970.,0,0,0
WBGene00198971.,0,0,0
WBGene00198972.,0,1,1
WBGene00198973.,0,0,0
WBGene00198974.,0,0,0
WBGene00198975.,0,2,2
WBGene00198976.,0,0,0
WBGene00198977.,0,1,1
WBGene00198978.,0,1,1
WBGene00198979.,0,1,1
WBGene00198980.,0,0,0
WBGene00198981.,0,1,1
WBGene00198982.,0,0,0
WBGene00198983.,0,0,0
WBGene00198984.,0,2,2
WBGene00198985.,0,1,1
WBGene00198986.,0,0,0
WBGene00198987.,0,0,0
WBGene00198988.,0,0,0
WBGene00198989.,0,4,4
WBGene00198990.,0,1,1
WBGene00198991.,0,2,2
WBGene00198992.,0,0,0
WBGene00198993.,0,0,0
WBGene00198994.,0,0,0
WBGene00198995.,0,0,0
WBGene00198996.,0,0,0
WBGene00198997.,0,0,0
WBGene00198998.,0,0,0
WBGene00198999.,0,0,0
WBGene00199000.,0,0,0
WBGene00199001.,0,0,0
WBGene00199002.,0,2,2
WBGene00199003.,0,0,0
WBGene00199004.,0,0,0
WBGene00199005.,0,1,1
WBGene00199006.,0,0,0
WBGene00199007.,0,0,0
WBGene00199008.,0,0,0
WBGene00199009.,0,0,0
WBGene00199010.,0,0,0
WBGene00199011.,0,0,0
WBGene00199012.,0,0,0
WBGene00199013.,0,0,0
WBGene00199014.,0,0,0
WBGene00199015.,0,0,0
WBGene00199016.,0,9,9
WBGene00199017.,0,0,0
WBGene00199018.,0,0,0
WBGene00199019.,0,0,0
WBGene00199020.,0,1,1
WBGene00199021.,0,0,0
WBGene00199022.,0,0,0
WBGene00199023.,0,0,0
WBGene00199024.,0,5,5
WBGene00199025.,0,0,0
WBGene00199026.,0,0,0
WBGene00199027.,0,0,0
WBGene00199028.,0,0,0
WBGene00199029.,0,0,0
WBGene00199030.,0,0,0
WBGene00199031.,0,1,1
WBGene00199032.,0,1,1
WBGene00199033.,0,1,1
WBGene00199034.,0,0,0
WBGene00199035.,0,0,0
WBGene00199036.,0,5,5
WBGene00199037.,0,0,0
WBGene00199038.,0,0,0
WBGene00199039.,0,0,0
WBGene00199040.,0,0,0
WBGene00199041.,0,0,0
WBGene00199042.,0,0,0
WBGene00199043.,0,7,7
WBGene00199044.,0,0,0
WBGene00199045.,0,0,0
WBGene00199046.,0,0,0
WBGene00199047.,0,0,0
WBGene00199048.,0,0,0
WBGene00199049.,0,0,0
WBGene00199050.,0,0,0
WBGene00199051.,0,11,11
WBGene00199052.,0,0,0
WBGene00199053.,0,1,1
WBGene00199054.,0,10,10
WBGene00199055.,0,0,0
WBGene00199056.,0,0,0
WBGene00199057.,0,0,0
WBGene00199058.,0,0,0
WBGene00199059.,0,2,2
WBGene00199060.,0,1,1
WBGene00199061.,0,0,0
WBGene00199062.,0,0,0
WBGene00199063.,0,1,1
WBGene00199064.,0,0,0
WBGene00199065.,0,0,0
WBGene00199066.,0,0,0
WBGene00199067.,0,0,0
WBGene00199068.,0,1,1
WBGene00199069.,0,0,0
WBGene00199070.,0,0,0
WBGene00199071.,0,0,0
WBGene00199072.,0,0,0
WBGene00199073.,0,0,0
WBGene00199074.,0,0,0
WBGene00199075.,0,0,0
WBGene00199076.,0,0,0
WBGene00199077.,0,0,0
WBGene00199078.,0,0,0
WBGene00199079.,0,0,0
WBGene00199080.,0,0,0
WBGene00199081.,0,0,0
WBGene00199082.,0,0,0
WBGene00199083.,0,8,8
WBGene00199084.,0,0,0
WBGene00199085.,0,0,0
WBGene00199086.,0,0,0
WBGene00199087.,0,1,1
WBGene00199088.,0,0,0
WBGene00199089.,0,0,0
WBGene00199090.,0,0,0
WBGene00199091.,0,0,0
WBGene00199092.,0,0,0
WBGene00199093.,0,2,2
WBGene00199094.,0,0,0
WBGene00199095.,0,2,2
WBGene00199096.,0,2,2
WBGene00199097.,0,0,0
WBGene00199098.,0,0,0
WBGene00199099.,0,0,0
WBGene00199100.,0,3,3
WBGene00199101.,0,1,1
WBGene00199102.,0,5,5
WBGene00199103.,0,0,0
WBGene00199104.,0,0,0
WBGene00199105.,0,0,0
WBGene00199106.,0,0,0
WBGene00199107.,0,0,0
WBGene00199108.,0,0,0
WBGene00199109.,0,0,0
WBGene00199110.,0,10,10
WBGene00199111.,0,0,0
WBGene00199112.,0,15,15
WBGene00199113.,0,0,0
WBGene00199114.,0,0,0
WBGene00199115.,0,5,5
WBGene00199116.,0,1,1
WBGene00199117.,0,0,0
WBGene00199118.,0,0,0
WBGene00199119.,0,1,1
WBGene00199120.,0,0,0
WBGene00199121.,0,0,0
WBGene00199122.,0,0,0
WBGene00199123.,0,0,0
WBGene00199124.,0,0,0
WBGene00199125.,0,0,0
WBGene00199126.,0,2,2
WBGene00199127.,0,0,0
WBGene00199128.,0,1,1
WBGene00199129.,0,0,0
WBGene00199130.,0,0,0
WBGene00199131.,0,0,0
WBGene00199132.,0,1,1
WBGene00199133.,0,0,0
WBGene00199134.,0,0,0
WBGene00199135.,0,1,1
WBGene00199136.,0,0,0
WBGene00199137.,0,0,0
WBGene00199138.,0,0,0
WBGene00199139.,0,1,1
WBGene00199140.,0,0,0
WBGene00199141.,0,0,0
WBGene00199142.,0,0,0
WBGene00199143.,0,1,1
WBGene00199144.,0,0,0
WBGene00199145.,0,0,0
WBGene00199146.,0,0,0
WBGene00199147.,0,0,0
WBGene00199148.,0,0,0
WBGene00199149.,0,0,0
WBGene00199150.,0,0,0
WBGene00199151.,0,0,0
WBGene00199152.,0,0,0
WBGene00199153.,0,0,0
WBGene00199154.,0,0,0
WBGene00199155.,0,1,1
WBGene00199156.,0,0,0
WBGene00199157.,0,0,0
WBGene00199158.,0,2,2
WBGene00199159.,0,1,1
WBGene00199160.,0,0,0
WBGene00199161.,0,0,0
WBGene00199162.,0,0,0
WBGene00199163.,0,0,0
WBGene00199164.,0,0,0
WBGene00199165.,0,0,0
WBGene00199166.,0,8,8
WBGene00199167.,0,0,0
WBGene00199168.,0,0,0
WBGene00199169.,0,1,1
WBGene00199170.,0,0,0
WBGene00199171.,0,0,0
WBGene00199172.,0,0,0
WBGene00199173.,0,3,3
WBGene00199174.,0,0,0
WBGene00199175.,0,0,0
WBGene00199176.,0,0,0
WBGene00199177.,0,4,4
WBGene00199178.,0,0,0
WBGene00199179.,0,0,0
WBGene00199180.,0,7,7
WBGene00199181.,0,1,1
WBGene00199182.,0,0,0
WBGene00199183.,0,0,0
WBGene00199184.,0,0,0
WBGene00199185.,0,0,0
WBGene00199186.,0,0,0
WBGene00199187.,0,0,0
WBGene00199188.,0,0,0
WBGene00199189.,0,0,0
WBGene00199190.,0,2,2
WBGene00199191.,0,0,0
WBGene00199192.,0,0,0
WBGene00199193.,0,0,0
WBGene00199194.,0,0,0
WBGene00199195.,0,0,0
WBGene00199196.,0,0,0
WBGene00199197.,0,0,0
WBGene00199198.,0,1,1
WBGene00199199.,0,0,0
WBGene00199200.,0,0,0
WBGene00199201.,0,0,0
WBGene00199202.,0,0,0
WBGene00199203.,0,0,0
WBGene00199204.,0,0,0
WBGene00199205.,0,0,0
WBGene00199206.,0,0,0
WBGene00199207.,0,0,0
WBGene00199208.,0,0,0
WBGene00199209.,0,8,8
WBGene00199210.,0,0,0
WBGene00199211.,0,0,0
WBGene00199212.,0,0,0
WBGene00199213.,0,0,0
WBGene00199214.,0,0,0
WBGene00199215.,0,0,0
WBGene00199216.,0,0,0
WBGene00199217.,0,0,0
WBGene00199218.,0,0,0
WBGene00199219.,0,1,1
WBGene00199220.,0,0,0
WBGene00199221.,0,0,0
WBGene00199222.,0,0,0
WBGene00199223.,0,0,0
WBGene00199224.,0,0,0
WBGene00199225.,0,13,13
WBGene00199226.,0,0,0
WBGene00199227.,0,0,0
WBGene00199228.,0,0,0
WBGene00199229.,0,8,8
WBGene00199230.,0,0,0
WBGene00199231.,0,0,0
WBGene00199232.,0,0,0
WBGene00199233.,0,0,0
WBGene00199234.,0,0,0
WBGene00199235.,0,0,0
WBGene00199236.,0,0,0
WBGene00199237.,0,0,0
WBGene00199238.,0,2,2
WBGene00199239.,0,32,32
WBGene00199240.,0,0,0
WBGene00199241.,0,0,0
WBGene00199242.,0,0,0
WBGene00199243.,0,0,0
WBGene00199244.,0,0,0
WBGene00199245.,0,0,0
WBGene00199246.,0,2,2
WBGene00199247.,0,3,3
WBGene00199248.,0,0,0
WBGene00199249.,0,8,8
WBGene00199250.,0,0,0
WBGene00199251.,0,0,0
WBGene00199252.,0,1,1
WBGene00199253.,0,1,1
WBGene00199254.,0,0,0
WBGene00199255.,0,0,0
WBGene00199256.,0,0,0
WBGene00199257.,0,0,0
WBGene00199258.,0,4,4
WBGene00199259.,0,1,1
WBGene00199260.,0,0,0
WBGene00199261.,0,2,2
WBGene00199262.,0,0,0
WBGene00199263.,0,0,0
WBGene00199264.,0,0,0
WBGene00199265.,0,2,2
WBGene00199266.,0,1,1
WBGene00199267.,0,0,0
WBGene00199268.,0,0,0
WBGene00199269.,0,1,1
WBGene00199270.,0,0,0
WBGene00199271.,0,4,4
WBGene00199272.,0,0,0
WBGene00199273.,0,1,1
WBGene00199274.,0,6,6
WBGene00199275.,0,0,0
WBGene00199276.,0,1,1
WBGene00199277.,0,2,2
WBGene00199278.,0,12,12
WBGene00199279.,0,0,0
WBGene00199280.,0,0,0
WBGene00199281.,0,0,0
WBGene00199282.,0,0,0
WBGene00199283.,0,0,0
WBGene00199284.,0,0,0
WBGene00199285.,0,3,3
WBGene00199286.,0,0,0
WBGene00199287.,0,0,0
WBGene00199288.,0,0,0
WBGene00199289.,0,0,0
WBGene00199290.,0,0,0
WBGene00199291.,0,1,1
WBGene00199292.,0,0,0
WBGene00199293.,0,1,1
WBGene00199294.,0,1,1
WBGene00199295.,0,1,1
WBGene00199296.,0,1,1
WBGene00199297.,0,0,0
WBGene00199298.,0,0,0
WBGene00199299.,0,2,2
WBGene00199300.,0,0,0
WBGene00199301.,0,0,0
WBGene00199302.,0,0,0
WBGene00199303.,0,0,0
WBGene00199304.,0,1,1
WBGene00199305.,1,0,1
WBGene00199306.,0,5,5
WBGene00199307.,0,0,0
WBGene00199308.,0,0,0
WBGene00199309.,0,0,0
WBGene00199310.,0,2,2
WBGene00199311.,0,1,1
WBGene00199312.,0,2,2
WBGene00199313.,0,0,0
WBGene00199314.,0,1,1
WBGene00199315.,0,0,0
WBGene00199316.,0,0,0
WBGene00199317.,0,0,0
WBGene00199318.,0,2,2
WBGene00199319.,0,0,0
WBGene00199320.,0,2,2
WBGene00199321.,0,7,7
WBGene00199322.,0,0,0
WBGene00199323.,0,0,0
WBGene00199324.,0,1,1
WBGene00199325.,0,0,0
WBGene00199326.,0,0,0
WBGene00199327.,0,0,0
WBGene00199328.,0,2,2
WBGene00199329.,0,0,0
WBGene00199330.,0,0,0
WBGene00199331.,0,0,0
WBGene00199332.,0,0,0
WBGene00199333.,0,0,0
WBGene00199334.,0,1,1
WBGene00199335.,0,0,0
WBGene00199336.,0,23,23
WBGene00199337.,0,0,0
WBGene00199338.,0,0,0
WBGene00199339.,0,23,23
WBGene00199340.,0,0,0
WBGene00199341.,0,0,0
WBGene00199342.,0,0,0
WBGene00199343.,0,0,0
WBGene00199344.,0,0,0
WBGene00199345.,0,1,1
WBGene00199346.,0,0,0
WBGene00199347.,0,0,0
WBGene00199348.,0,0,0
WBGene00199349.,0,0,0
WBGene00199350.,0,1,1
WBGene00199351.,0,0,0
WBGene00199352.,0,0,0
WBGene00199353.,0,1,1
WBGene00199354.,0,0,0
WBGene00199355.,0,0,0
WBGene00199356.,0,0,0
WBGene00199357.,0,0,0
WBGene00199358.,0,0,0
WBGene00199359.,0,1,1
WBGene00199360.,0,4,4
WBGene00199361.,0,3,3
WBGene00199362.,0,0,0
WBGene00199363.,0,4,4
WBGene00199364.,0,0,0
WBGene00199365.,0,0,0
WBGene00199366.,0,0,0
WBGene00199367.,0,0,0
WBGene00199368.,0,0,0
WBGene00199369.,0,0,0
WBGene00199370.,0,1,1
WBGene00199371.,0,0,0
WBGene00199372.,0,1,1
WBGene00199373.,0,0,0
WBGene00199374.,0,2,2
WBGene00199375.,0,0,0
WBGene00199376.,0,0,0
WBGene00199377.,0,0,0
WBGene00199378.,0,0,0
WBGene00199379.,0,0,0
WBGene00199380.,0,1,1
WBGene00199381.,0,0,0
WBGene00199382.,0,0,0
WBGene00199383.,0,2,2
WBGene00199384.,0,0,0
WBGene00199385.,0,0,0
WBGene00199386.,0,1,1
WBGene00199387.,0,0,0
WBGene00199388.,0,0,0
WBGene00199389.,0,0,0
WBGene00199390.,0,0,0
WBGene00199391.,0,0,0
WBGene00199392.,0,3,3
WBGene00199393.,0,0,0
WBGene00199394.,0,0,0
WBGene00199395.,0,8,8
WBGene00199396.,0,0,0
WBGene00199397.,0,2,2
WBGene00199398.,0,0,0
WBGene00199399.,0,0,0
WBGene00199400.,0,0,0
WBGene00199401.,0,1,1
WBGene00199402.,0,1,1
WBGene00199403.,0,0,0
WBGene00199404.,0,15,15
WBGene00199405.,0,0,0
WBGene00199406.,0,0,0
WBGene00199407.,0,0,0
WBGene00199408.,0,1,1
WBGene00199409.,0,0,0
WBGene00199410.,0,7,7
WBGene00199411.,0,0,0
WBGene00199412.,0,0,0
WBGene00199413.,0,0,0
WBGene00199414.,0,2,2
WBGene00199415.,0,3,3
WBGene00199416.,0,4,4
WBGene00199417.,0,0,0
WBGene00199418.,0,1,1
WBGene00199419.,0,0,0
WBGene00199420.,0,0,0
WBGene00199421.,0,4,4
WBGene00199422.,0,0,0
WBGene00199423.,0,0,0
WBGene00199424.,0,0,0
WBGene00199425.,0,0,0
WBGene00199426.,0,0,0
WBGene00199427.,0,0,0
WBGene00199428.,0,0,0
WBGene00199429.,0,0,0
WBGene00199430.,0,0,0
WBGene00199431.,0,0,0
WBGene00199432.,0,0,0
WBGene00199433.,0,0,0
WBGene00199434.,0,12,12
WBGene00199435.,0,0,0
WBGene00199436.,0,0,0
WBGene00199437.,0,0,0
WBGene00199438.,0,0,0
WBGene00199439.,0,0,0
WBGene00199440.,0,0,0
WBGene00199441.,0,3,3
WBGene00199442.,0,0,0
WBGene00199443.,0,2,2
WBGene00199444.,0,0,0
WBGene00199445.,0,1,1
WBGene00199446.,0,0,0
WBGene00199447.,0,0,0
WBGene00199448.,0,0,0
WBGene00199449.,0,0,0
WBGene00199450.,0,0,0
WBGene00199451.,0,3,3
WBGene00199452.,0,0,0
WBGene00199453.,0,0,0
WBGene00199454.,0,0,0
WBGene00199455.,0,0,0
WBGene00199456.,0,1,1
WBGene00199457.,0,0,0
WBGene00199458.,0,2,2
WBGene00199459.,0,0,0
WBGene00199460.,0,0,0
WBGene00199461.,0,0,0
WBGene00199462.,0,0,0
WBGene00199463.,0,1,1
WBGene00199464.,0,0,0
WBGene00199465.,0,1,1
WBGene00199466.,0,0,0
WBGene00199467.,0,0,0
WBGene00199468.,0,2,2
WBGene00199469.,0,0,0
WBGene00199470.,0,0,0
WBGene00199471.,0,4,4
WBGene00199472.,0,1,1
WBGene00199473.,0,0,0
WBGene00199474.,0,2,2
WBGene00199475.,0,1,1
WBGene00199476.,0,2,2
WBGene00199477.,0,2,2
WBGene00199478.,0,2,2
WBGene00199479.,0,0,0
WBGene00199480.,0,0,0
WBGene00199481.,0,0,0
WBGene00199482.,0,0,0
WBGene00199483.,0,1,1
WBGene00199484.,0,0,0
WBGene00199485.,0,13,13
WBGene00199486.,0,1,1
WBGene00199487.,0,0,0
WBGene00199488.,0,1,1
WBGene00199489.,0,1,1
WBGene00199490.,0,0,0
WBGene00199491.,0,1,1
WBGene00199492.,0,0,0
WBGene00199493.,0,0,0
WBGene00199494.,0,2,2
WBGene00199495.,0,0,0
WBGene00199496.,0,0,0
WBGene00199497.,0,0,0
WBGene00199498.,0,0,0
WBGene00199499.,0,0,0
WBGene00199500.,0,2,2
WBGene00199501.,0,0,0
WBGene00199502.,0,0,0
WBGene00199503.,0,0,0
WBGene00199504.,0,0,0
WBGene00199505.,0,0,0
WBGene00199506.,0,12,12
WBGene00199507.,0,0,0
WBGene00199508.,0,0,0
WBGene00199509.,0,0,0
WBGene00199510.,0,0,0
WBGene00199511.,0,0,0
WBGene00199512.,0,0,0
WBGene00199513.,0,12,12
WBGene00199514.,0,2,2
WBGene00199515.,0,0,0
WBGene00199516.,0,0,0
WBGene00199517.,0,0,0
WBGene00199518.,0,0,0
WBGene00199519.,0,0,0
WBGene00199520.,0,0,0
WBGene00199521.,0,0,0
WBGene00199522.,0,1,1
WBGene00199523.,0,9,9
WBGene00199524.,0,0,0
WBGene00199525.,0,1,1
WBGene00199526.,0,1,1
WBGene00199527.,0,0,0
WBGene00199528.,0,1,1
WBGene00199529.,0,0,0
WBGene00199530.,0,0,0
WBGene00199531.,0,0,0
WBGene00199532.,0,1,1
WBGene00199533.,0,0,0
WBGene00199534.,0,2,2
WBGene00199535.,0,0,0
WBGene00199536.,0,0,0
WBGene00199537.,0,0,0
WBGene00199538.,0,0,0
WBGene00199539.,0,1,1
WBGene00199540.,0,0,0
WBGene00199541.,0,12,12
WBGene00199542.,0,0,0
WBGene00199543.,0,0,0
WBGene00199544.,0,0,0
WBGene00199545.,0,0,0
WBGene00199546.,0,0,0
WBGene00199547.,0,0,0
WBGene00199548.,0,0,0
WBGene00199549.,0,1,1
WBGene00199550.,0,0,0
WBGene00199551.,0,0,0
WBGene00199552.,0,0,0
WBGene00199553.,0,0,0
WBGene00199554.,0,0,0
WBGene00199555.,0,0,0
WBGene00199556.,0,0,0
WBGene00199557.,0,1,1
WBGene00199558.,0,1,1
WBGene00199559.,0,1,1
WBGene00199560.,0,0,0
WBGene00199561.,0,0,0
WBGene00199562.,0,0,0
WBGene00199563.,0,0,0
WBGene00199564.,0,0,0
WBGene00199565.,0,0,0
WBGene00199566.,0,1,1
WBGene00199567.,0,3,3
WBGene00199568.,0,0,0
WBGene00199569.,0,0,0
WBGene00199570.,0,1,1
WBGene00199571.,0,1,1
WBGene00199572.,0,0,0
WBGene00199573.,0,0,0
WBGene00199574.,0,0,0
WBGene00199575.,0,1,1
WBGene00199576.,0,0,0
WBGene00199577.,0,0,0
WBGene00199578.,0,0,0
WBGene00199579.,0,0,0
WBGene00199580.,0,0,0
WBGene00199581.,0,0,0
WBGene00199582.,0,0,0
WBGene00199583.,0,0,0
WBGene00199584.,0,2,2
WBGene00199585.,0,1,1
WBGene00199586.,0,1,1
WBGene00199587.,0,0,0
WBGene00199588.,0,0,0
WBGene00199589.,0,0,0
WBGene00199590.,0,0,0
WBGene00199591.,0,0,0
WBGene00199592.,0,0,0
WBGene00199593.,0,1,1
WBGene00199594.,0,0,0
WBGene00199595.,0,0,0
WBGene00199596.,0,2,2
WBGene00199597.,0,0,0
WBGene00199598.,0,0,0
WBGene00199599.,0,0,0
WBGene00199600.,0,2,2
WBGene00199601.,0,11,11
WBGene00199602.,0,0,0
WBGene00199603.,0,0,0
WBGene00199604.,0,0,0
WBGene00199605.,0,0,0
WBGene00199606.,0,0,0
WBGene00199607.,0,0,0
WBGene00199608.,0,0,0
WBGene00199609.,0,0,0
WBGene00199610.,0,0,0
WBGene00199611.,0,0,0
WBGene00199612.,0,0,0
WBGene00199613.,0,0,0
WBGene00199614.,0,0,0
WBGene00199615.,0,0,0
WBGene00199616.,0,0,0
WBGene00199617.,0,0,0
WBGene00199618.,0,0,0
WBGene00199619.,0,2,2
WBGene00199620.,0,1,1
WBGene00199621.,0,0,0
WBGene00199622.,0,3,3
WBGene00199623.,0,0,0
WBGene00199624.,0,0,0
WBGene00199625.,0,0,0
WBGene00199626.,0,1,1
WBGene00199627.,0,2,2
WBGene00199628.,0,0,0
WBGene00199629.,0,0,0
WBGene00199630.,0,0,0
WBGene00199631.,0,0,0
WBGene00199632.,0,1,1
WBGene00199633.,0,0,0
WBGene00199634.,0,0,0
WBGene00199635.,0,0,0
WBGene00199636.,0,1,1
WBGene00199637.,0,0,0
WBGene00199638.,0,0,0
WBGene00199639.,0,1,1
WBGene00199640.,0,3,3
WBGene00199641.,0,0,0
WBGene00199642.,0,0,0
WBGene00199643.,0,0,0
WBGene00199644.,0,0,0
WBGene00199645.,0,0,0
WBGene00199646.,0,0,0
WBGene00199647.,0,0,0
WBGene00199648.,0,0,0
WBGene00199649.,0,0,0
WBGene00199650.,0,0,0
WBGene00199651.,0,4,4
WBGene00199652.,0,1,1
WBGene00199653.,0,0,0
WBGene00199654.,0,0,0
WBGene00199655.,0,0,0
WBGene00199656.,0,0,0
WBGene00199657.,0,1,1
WBGene00199658.,0,0,0
WBGene00199659.,0,0,0
WBGene00199660.,0,2,2
WBGene00199661.,0,1,1
WBGene00199662.,0,0,0
WBGene00199663.,0,1,1
WBGene00199664.,0,0,0
WBGene00199665.,0,1,1
WBGene00199666.,0,3,3
WBGene00199667.,0,2,2
WBGene00199668.,0,0,0
WBGene00199669.,0,0,0
WBGene00199670.,0,0,0
WBGene00199671.,0,0,0
WBGene00199672.,0,1,1
WBGene00199673.,0,0,0
WBGene00199674.,0,4,4
WBGene00199675.,0,0,0
WBGene00199676.,0,0,0
WBGene00199677.,0,1,1
WBGene00199678.,0,0,0
WBGene00199679.,0,1,1
WBGene00199680.,0,0,0
WBGene00199681.,0,0,0
WBGene00199682.,0,0,0
WBGene00199683.,0,1,1
WBGene00199684.,0,0,0
WBGene00199685.,0,0,0
WBGene00199686.,0,0,0
WBGene00199687.,0,0,0
WBGene00199688.,0,0,0
WBGene00199689.,0,0,0
WBGene00199690.,0,0,0
WBGene00199691.,0,0,0
WBGene00199692.,0,0,0
WBGene00199693.,0,0,0
WBGene00199694.,0,0,0
WBGene00199695.,0,0,0
WBGene00199696.,0,0,0
WBGene00199697.,0,0,0
WBGene00199698.,0,0,0
WBGene00199699.,0,0,0
WBGene00199700.,0,0,0
WBGene00199701.,0,1,1
WBGene00199702.,0,0,0
WBGene00199703.,0,0,0
WBGene00199704.,0,0,0
WBGene00199705.,0,0,0
WBGene00199706.,0,0,0
WBGene00199707.,0,0,0
WBGene00199708.,0,1,1
WBGene00199709.,0,0,0
WBGene00199710.,0,2,2
WBGene00199711.,0,0,0
WBGene00199712.,0,0,0
WBGene00199713.,0,0,0
WBGene00199714.,0,0,0
WBGene00199715.,0,0,0
WBGene00199716.,0,1,1
WBGene00199717.,0,0,0
WBGene00199718.,0,0,0
WBGene00199719.,0,1,1
WBGene00199720.,0,0,0
WBGene00199721.,0,0,0
WBGene00199722.,0,0,0
WBGene00199723.,0,0,0
WBGene00199724.,0,0,0
WBGene00199725.,0,0,0
WBGene00199726.,0,0,0
WBGene00199727.,0,2,2
WBGene00199728.,0,0,0
WBGene00199729.,0,0,0
WBGene00199730.,0,0,0
WBGene00199731.,0,1,1
WBGene00199732.,0,2,2
WBGene00199733.,0,1,1
WBGene00199734.,0,0,0
WBGene00199735.,0,0,0
WBGene00199736.,0,0,0
WBGene00199737.,0,0,0
WBGene00199738.,0,0,0
WBGene00199739.,0,0,0
WBGene00199740.,0,2,2
WBGene00199741.,0,4,4
WBGene00199742.,0,1,1
WBGene00199743.,0,2,2
WBGene00199744.,0,0,0
WBGene00199745.,0,2,2
WBGene00199746.,0,0,0
WBGene00199747.,0,0,0
WBGene00199748.,0,0,0
WBGene00199749.,0,0,0
WBGene00199750.,0,0,0
WBGene00199751.,0,6,6
WBGene00199752.,0,0,0
WBGene00199753.,0,300,300
WBGene00199754.,0,0,0
WBGene00199755.,0,0,0
WBGene00199756.,0,0,0
WBGene00199757.,0,0,0
WBGene00199758.,0,2,2
WBGene00199759.,0,0,0
WBGene00199760.,0,0,0
WBGene00199761.,0,3,3
WBGene00199762.,0,0,0
WBGene00199763.,0,0,0
WBGene00199764.,0,1,1
WBGene00199765.,0,0,0
WBGene00199766.,0,0,0
WBGene00199767.,0,2,2
WBGene00199768.,0,0,0
WBGene00199769.,0,0,0
WBGene00199770.,0,0,0
WBGene00199771.,0,0,0
WBGene00199772.,0,0,0
WBGene00199773.,0,0,0
WBGene00199774.,0,0,0
WBGene00199775.,0,0,0
WBGene00199776.,0,0,0
WBGene00199777.,0,0,0
WBGene00199778.,0,0,0
WBGene00199779.,0,0,0
WBGene00199780.,0,5,5
WBGene00199781.,0,0,0
WBGene00199782.,0,0,0
WBGene00199783.,0,6,6
WBGene00199784.,0,0,0
WBGene00199785.,0,0,0
WBGene00199786.,0,1,1
WBGene00199787.,0,0,0
WBGene00199788.,0,0,0
WBGene00199789.,0,0,0
WBGene00199790.,0,0,0
WBGene00199791.,0,0,0
WBGene00199792.,0,1,1
WBGene00199793.,0,0,0
WBGene00199794.,0,4,4
WBGene00199795.,0,0,0
WBGene00199796.,0,0,0
WBGene00199797.,0,0,0
WBGene00199798.,0,0,0
WBGene00199799.,0,0,0
WBGene00199800.,0,0,0
WBGene00199801.,0,0,0
WBGene00199802.,0,0,0
WBGene00199803.,0,0,0
WBGene00199804.,0,0,0
WBGene00199805.,0,0,0
WBGene00199806.,0,0,0
WBGene00199807.,0,0,0
WBGene00199808.,0,0,0
WBGene00199809.,0,2,2
WBGene00199810.,0,0,0
WBGene00199811.,0,0,0
WBGene00199812.,0,1,1
WBGene00199813.,0,0,0
WBGene00199814.,0,1,1
WBGene00199815.,0,0,0
WBGene00199816.,0,0,0
WBGene00199817.,0,0,0
WBGene00199818.,0,0,0
WBGene00199819.,0,5,5
WBGene00199820.,0,6,6
WBGene00199821.,0,0,0
WBGene00199822.,0,0,0
WBGene00199823.,0,0,0
WBGene00199824.,0,6,6
WBGene00199825.,0,0,0
WBGene00199826.,0,0,0
WBGene00199827.,0,0,0
WBGene00199828.,0,0,0
WBGene00199829.,0,1,1
WBGene00199830.,0,0,0
WBGene00199831.,0,1,1
WBGene00199832.,0,0,0
WBGene00199833.,0,0,0
WBGene00199834.,0,0,0
WBGene00199835.,0,0,0
WBGene00199836.,0,0,0
WBGene00199837.,0,0,0
WBGene00199838.,0,0,0
WBGene00199839.,0,0,0
WBGene00199840.,0,0,0
WBGene00199841.,0,0,0
WBGene00199842.,0,0,0
WBGene00199843.,0,0,0
WBGene00199844.,0,0,0
WBGene00199845.,0,1,1
WBGene00199846.,0,0,0
WBGene00199847.,0,0,0
WBGene00199848.,0,0,0
WBGene00199849.,0,1,1
WBGene00199850.,0,4,4
WBGene00199851.,0,0,0
WBGene00199852.,0,0,0
WBGene00199853.,0,0,0
WBGene00199854.,0,3,3
WBGene00199855.,0,1,1
WBGene00199856.,0,0,0
WBGene00199857.,0,0,0
WBGene00199858.,0,0,0
WBGene00199859.,0,0,0
WBGene00199860.,0,0,0
WBGene00199861.,0,1,1
WBGene00199862.,0,0,0
WBGene00199863.,0,2,2
WBGene00199864.,0,0,0
WBGene00199865.,0,0,0
WBGene00199866.,0,2,2
WBGene00199867.,0,2,2
WBGene00199868.,0,0,0
WBGene00199869.,0,0,0
WBGene00199870.,0,0,0
WBGene00199871.,0,10,10
WBGene00199872.,0,0,0
WBGene00199873.,0,0,0
WBGene00199874.,0,0,0
WBGene00199875.,0,0,0
WBGene00199876.,0,0,0
WBGene00199877.,0,0,0
WBGene00199878.,0,0,0
WBGene00199879.,0,2,2
WBGene00199880.,0,0,0
WBGene00199881.,0,0,0
WBGene00199882.,0,0,0
WBGene00199883.,0,0,0
WBGene00199884.,0,0,0
WBGene00199885.,0,0,0
WBGene00199886.,0,2,2
WBGene00199887.,0,0,0
WBGene00199888.,0,0,0
WBGene00199889.,0,0,0
WBGene00199890.,0,2,2
WBGene00199891.,0,0,0
WBGene00199892.,0,1,1
WBGene00199893.,0,7,7
WBGene00199894.,0,1,1
WBGene00199895.,0,1,1
WBGene00199896.,0,1,1
WBGene00199897.,0,21,21
WBGene00199898.,0,11,11
WBGene00199899.,0,5,5
WBGene00199900.,0,4,4
WBGene00199901.,0,0,0
WBGene00199902.,0,0,0
WBGene00199903.,0,0,0
WBGene00199904.,0,0,0
WBGene00199905.,0,2,2
WBGene00199906.,0,0,0
WBGene00199907.,0,0,0
WBGene00199908.,0,4,4
WBGene00199909.,0,10,10
WBGene00199910.,0,0,0
WBGene00199911.,0,0,0
WBGene00199912.,0,0,0
WBGene00199913.,0,0,0
WBGene00199914.,0,0,0
WBGene00199915.,0,0,0
WBGene00199916.,0,0,0
WBGene00199917.,0,3,3
WBGene00199918.,0,0,0
WBGene00199919.,0,0,0
WBGene00199920.,0,0,0
WBGene00199921.,0,0,0
WBGene00199922.,0,0,0
WBGene00199923.,0,0,0
WBGene00199924.,0,0,0
WBGene00199925.,0,0,0
WBGene00199926.,0,0,0
WBGene00199927.,0,0,0
WBGene00199928.,0,0,0
WBGene00199929.,0,1,1
WBGene00199930.,0,0,0
WBGene00199931.,0,2,2
WBGene00199932.,0,0,0
WBGene00199933.,0,0,0
WBGene00199934.,0,0,0
WBGene00199935.,0,1,1
WBGene00199936.,0,0,0
WBGene00199937.,0,0,0
WBGene00199938.,0,0,0
WBGene00199939.,0,0,0
WBGene00199940.,0,4,4
WBGene00199941.,0,0,0
WBGene00199942.,0,1,1
WBGene00199943.,0,0,0
WBGene00199944.,0,1,1
WBGene00199945.,0,0,0
WBGene00199946.,0,28,28
WBGene00199947.,0,2,2
WBGene00199948.,0,0,0
WBGene00199949.,0,0,0
WBGene00199950.,0,0,0
WBGene00199951.,0,0,0
WBGene00199952.,0,0,0
WBGene00199953.,0,0,0
WBGene00199954.,0,0,0
WBGene00199955.,0,0,0
WBGene00199956.,0,0,0
WBGene00199957.,0,3,3
WBGene00199958.,0,0,0
WBGene00199959.,0,0,0
WBGene00199960.,0,0,0
WBGene00199961.,0,0,0
WBGene00199962.,0,1,1
WBGene00199963.,0,0,0
WBGene00199964.,0,0,0
WBGene00199965.,0,0,0
WBGene00199966.,0,0,0
WBGene00199967.,0,0,0
WBGene00199968.,0,0,0
WBGene00199969.,0,0,0
WBGene00199970.,0,0,0
WBGene00199971.,0,0,0
WBGene00199972.,0,1,1
WBGene00199973.,0,0,0
WBGene00199974.,0,0,0
WBGene00199975.,0,0,0
WBGene00199976.,0,0,0
WBGene00199977.,0,3,3
WBGene00199978.,0,3,3
WBGene00199979.,0,0,0
WBGene00199980.,0,0,0
WBGene00199981.,0,0,0
WBGene00199982.,0,0,0
WBGene00199983.,0,0,0
WBGene00199984.,0,0,0
WBGene00199985.,0,0,0
WBGene00199986.,0,7,7
WBGene00199987.,0,0,0
WBGene00199988.,0,0,0
WBGene00199989.,0,1,1
WBGene00199990.,0,3,3
WBGene00199991.,0,0,0
WBGene00199992.,0,0,0
WBGene00199993.,0,0,0
WBGene00199994.,0,0,0
WBGene00199995.,0,2,2
WBGene00199996.,0,0,0
WBGene00199997.,0,1,1
WBGene00199998.,0,0,0
WBGene00199999.,0,0,0
WBGene00200000.,0,1,1
WBGene00200001.,0,0,0
WBGene00200002.,0,0,0
WBGene00200003.,0,3,3
WBGene00200004.,0,0,0
WBGene00200005.,0,1,1
WBGene00200006.,0,0,0
WBGene00200007.,0,0,0
WBGene00200008.,0,3,3
WBGene00200009.,0,0,0
WBGene00200010.,0,0,0
WBGene00200011.,0,0,0
WBGene00200012.,0,0,0
WBGene00200013.,0,0,0
WBGene00200014.,0,1,1
WBGene00200015.,0,1,1
WBGene00200016.,0,0,0
WBGene00200017.,0,0,0
WBGene00200018.,0,0,0
WBGene00200019.,0,0,0
WBGene00200020.,0,4,4
WBGene00200021.,0,0,0
WBGene00200022.,0,0,0
WBGene00200023.,0,0,0
WBGene00200024.,0,0,0
WBGene00200025.,0,23,23
WBGene00200026.,0,0,0
WBGene00200027.,0,0,0
WBGene00200028.,0,6,6
WBGene00200029.,0,0,0
WBGene00200030.,0,0,0
WBGene00200031.,0,2,2
WBGene00200032.,0,2,2
WBGene00200033.,0,0,0
WBGene00200034.,0,7,7
WBGene00200035.,0,0,0
WBGene00200036.,0,0,0
WBGene00200037.,0,0,0
WBGene00200038.,0,1,1
WBGene00200039.,0,0,0
WBGene00200040.,0,0,0
WBGene00200041.,0,0,0
WBGene00200042.,0,1,1
WBGene00200043.,0,2,2
WBGene00200044.,0,0,0
WBGene00200045.,0,1,1
WBGene00200046.,0,0,0
WBGene00200047.,0,8,8
WBGene00200048.,0,0,0
WBGene00200049.,0,0,0
WBGene00200050.,0,0,0
WBGene00200051.,0,0,0
WBGene00200052.,0,0,0
WBGene00200053.,0,1,1
WBGene00200054.,0,0,0
WBGene00200055.,0,0,0
WBGene00200056.,0,1,1
WBGene00200057.,0,13,13
WBGene00200058.,0,0,0
WBGene00200059.,0,0,0
WBGene00200060.,0,0,0
WBGene00200061.,0,0,0
WBGene00200062.,0,0,0
WBGene00200063.,0,0,0
WBGene00200064.,0,0,0
WBGene00200065.,0,0,0
WBGene00200066.,0,0,0
WBGene00200067.,0,3,3
WBGene00200068.,0,0,0
WBGene00200069.,0,0,0
WBGene00200070.,0,1,1
WBGene00200071.,0,0,0
WBGene00200072.,0,0,0
WBGene00200073.,0,0,0
WBGene00200074.,0,0,0
WBGene00200075.,0,7,7
WBGene00200076.,0,0,0
WBGene00200077.,0,0,0
WBGene00200078.,0,0,0
WBGene00200079.,0,2,2
WBGene00200080.,0,1,1
WBGene00200081.,0,1,1
WBGene00200082.,0,0,0
WBGene00200083.,0,0,0
WBGene00200084.,0,0,0
WBGene00200085.,0,0,0
WBGene00200086.,0,0,0
WBGene00200087.,0,0,0
WBGene00200088.,0,0,0
WBGene00200089.,0,1,1
WBGene00200090.,0,0,0
WBGene00200091.,0,0,0
WBGene00200092.,0,0,0
WBGene00200093.,0,0,0
WBGene00200094.,0,0,0
WBGene00200095.,0,0,0
WBGene00200096.,0,0,0
WBGene00200097.,0,0,0
WBGene00200098.,0,1,1
WBGene00200099.,0,0,0
WBGene00200100.,0,7,7
WBGene00200101.,0,0,0
WBGene00200102.,0,0,0
WBGene00200103.,0,0,0
WBGene00200104.,0,0,0
WBGene00200105.,0,0,0
WBGene00200106.,0,0,0
WBGene00200107.,0,4,4
WBGene00200108.,0,0,0
WBGene00200109.,0,0,0
WBGene00200110.,0,0,0
WBGene00200111.,0,0,0
WBGene00200112.,0,0,0
WBGene00200113.,0,4,4
WBGene00200114.,0,0,0
WBGene00200115.,0,0,0
WBGene00200116.,0,6,6
WBGene00200117.,0,0,0
WBGene00200118.,0,2,2
WBGene00200119.,0,0,0
WBGene00200120.,0,0,0
WBGene00200121.,0,2,2
WBGene00200122.,0,0,0
WBGene00200123.,0,0,0
WBGene00200124.,0,0,0
WBGene00200125.,0,1,1
WBGene00200126.,0,1,1
WBGene00200127.,0,0,0
WBGene00200128.,0,2,2
WBGene00200129.,0,0,0
WBGene00200130.,0,0,0
WBGene00200131.,0,0,0
WBGene00200132.,0,0,0
WBGene00200133.,0,17,17
WBGene00200134.,0,0,0
WBGene00200135.,0,0,0
WBGene00200136.,0,0,0
WBGene00200137.,0,1,1
WBGene00200138.,0,0,0
WBGene00200139.,0,0,0
WBGene00200140.,0,0,0
WBGene00200141.,0,0,0
WBGene00200142.,0,0,0
WBGene00200143.,0,1,1
WBGene00200144.,0,0,0
WBGene00200145.,0,0,0
WBGene00200146.,0,0,0
WBGene00200147.,0,0,0
WBGene00200148.,0,3,3
WBGene00200149.,0,0,0
WBGene00200150.,0,0,0
WBGene00200151.,0,0,0
WBGene00200152.,0,0,0
WBGene00200153.,0,1,1
WBGene00200154.,0,3,3
WBGene00200155.,0,1,1
WBGene00200156.,0,0,0
WBGene00200157.,0,0,0
WBGene00200158.,0,0,0
WBGene00200159.,0,0,0
WBGene00200160.,0,0,0
WBGene00200161.,0,0,0
WBGene00200162.,0,0,0
WBGene00200163.,0,0,0
WBGene00200164.,0,2,2
WBGene00200165.,0,0,0
WBGene00200166.,0,2,2
WBGene00200167.,0,0,0
WBGene00200168.,0,5,5
WBGene00200169.,0,2,2
WBGene00200170.,0,0,0
WBGene00200171.,0,0,0
WBGene00200172.,0,0,0
WBGene00200173.,0,0,0
WBGene00200174.,0,0,0
WBGene00200175.,0,0,0
WBGene00200176.,0,0,0
WBGene00200177.,0,4,4
WBGene00200178.,0,0,0
WBGene00200179.,0,1,1
WBGene00200180.,0,0,0
WBGene00200181.,0,0,0
WBGene00200182.,0,0,0
WBGene00200183.,0,0,0
WBGene00200184.,0,0,0
WBGene00200185.,0,0,0
WBGene00200186.,0,1,1
WBGene00200187.,0,4,4
WBGene00200188.,0,4,4
WBGene00200189.,0,0,0
WBGene00200190.,0,0,0
WBGene00200191.,0,0,0
WBGene00200192.,0,2,2
WBGene00200193.,0,3,3
WBGene00200194.,0,2,2
WBGene00200195.,0,1,1
WBGene00200196.,0,1,1
WBGene00200197.,0,0,0
WBGene00200198.,0,0,0
WBGene00200199.,0,0,0
WBGene00200200.,0,0,0
WBGene00200201.,0,0,0
WBGene00200202.,0,0,0
WBGene00200203.,0,8,8
WBGene00200204.,0,0,0
WBGene00200205.,0,0,0
WBGene00200206.,0,0,0
WBGene00200207.,0,0,0
WBGene00200208.,0,0,0
WBGene00200209.,0,0,0
WBGene00200210.,0,0,0
WBGene00200211.,0,2,2
WBGene00200212.,0,0,0
WBGene00200213.,0,0,0
WBGene00200214.,0,4,4
WBGene00200215.,0,11,11
WBGene00200216.,0,0,0
WBGene00200217.,0,0,0
WBGene00200218.,0,0,0
WBGene00200219.,0,0,0
WBGene00200220.,0,0,0
WBGene00200221.,0,0,0
WBGene00200222.,0,0,0
WBGene00200223.,0,1,1
WBGene00200224.,0,0,0
WBGene00200225.,0,0,0
WBGene00200226.,0,0,0
WBGene00200227.,0,1,1
WBGene00200228.,0,0,0
WBGene00200229.,0,0,0
WBGene00200230.,0,0,0
WBGene00200231.,0,5,5
WBGene00200232.,0,0,0
WBGene00200233.,0,2,2
WBGene00200234.,0,0,0
WBGene00200235.,0,0,0
WBGene00200236.,0,0,0
WBGene00200237.,0,0,0
WBGene00200238.,0,0,0
WBGene00200239.,0,0,0
WBGene00200240.,0,0,0
WBGene00200241.,0,0,0
WBGene00200242.,0,2,2
WBGene00200243.,0,1,1
WBGene00200244.,0,0,0
WBGene00200245.,0,0,0
WBGene00200246.,0,0,0
WBGene00200247.,0,2,2
WBGene00200248.,0,0,0
WBGene00200249.,0,0,0
WBGene00200250.,0,1,1
WBGene00200251.,0,1,1
WBGene00200252.,0,0,0
WBGene00200253.,0,0,0
WBGene00200254.,0,0,0
WBGene00200255.,0,0,0
WBGene00200256.,0,0,0
WBGene00200257.,0,2,2
WBGene00200258.,0,0,0
WBGene00200259.,0,2,2
WBGene00200260.,0,0,0
WBGene00200261.,0,17,17
WBGene00200262.,0,0,0
WBGene00200263.,0,12,12
WBGene00200264.,0,0,0
WBGene00200265.,0,0,0
WBGene00200266.,0,0,0
WBGene00200267.,0,0,0
WBGene00200268.,0,0,0
WBGene00200269.,0,0,0
WBGene00200270.,0,2,2
WBGene00200271.,0,0,0
WBGene00200272.,0,0,0
WBGene00200273.,0,3,3
WBGene00200274.,0,0,0
WBGene00200275.,0,0,0
WBGene00200276.,0,0,0
WBGene00200277.,0,0,0
WBGene00200278.,0,2,2
WBGene00200279.,0,0,0
WBGene00200280.,0,0,0
WBGene00200281.,0,1,1
WBGene00200282.,0,0,0
WBGene00200283.,0,1,1
WBGene00200284.,0,0,0
WBGene00200285.,0,0,0
WBGene00200286.,0,0,0
WBGene00200287.,0,0,0
WBGene00200288.,0,0,0
WBGene00200289.,0,1,1
WBGene00200290.,0,0,0
WBGene00200291.,0,1,1
WBGene00200292.,0,0,0
WBGene00200293.,0,2,2
WBGene00200294.,0,6,6
WBGene00200295.,0,0,0
WBGene00200296.,0,0,0
WBGene00200297.,0,0,0
WBGene00200298.,0,0,0
WBGene00200299.,0,0,0
WBGene00200300.,0,3,3
WBGene00200301.,0,0,0
WBGene00200302.,0,1,1
WBGene00200303.,0,0,0
WBGene00200304.,0,0,0
WBGene00200305.,0,2,2
WBGene00200306.,0,0,0
WBGene00200307.,0,0,0
WBGene00200308.,0,7,7
WBGene00200309.,0,0,0
WBGene00200310.,0,0,0
WBGene00200311.,0,0,0
WBGene00200312.,0,0,0
WBGene00200313.,0,1,1
WBGene00200314.,0,0,0
WBGene00200315.,0,0,0
WBGene00200316.,0,0,0
WBGene00200317.,0,0,0
WBGene00200318.,0,0,0
WBGene00200319.,0,0,0
WBGene00200320.,0,0,0
WBGene00200321.,0,0,0
WBGene00200322.,0,0,0
WBGene00200323.,0,1,1
WBGene00200324.,0,0,0
WBGene00200325.,0,2,2
WBGene00200326.,0,0,0
WBGene00200327.,0,0,0
WBGene00200328.,0,0,0
WBGene00200329.,0,0,0
WBGene00200330.,0,0,0
WBGene00200331.,0,0,0
WBGene00200332.,0,0,0
WBGene00200333.,0,0,0
WBGene00200334.,0,0,0
WBGene00200335.,0,0,0
WBGene00200336.,0,0,0
WBGene00200337.,0,4,4
WBGene00200338.,0,0,0
WBGene00200339.,0,0,0
WBGene00200340.,0,0,0
WBGene00200341.,0,0,0
WBGene00200342.,0,0,0
WBGene00200343.,0,0,0
WBGene00200344.,0,7,7
WBGene00200345.,0,0,0
WBGene00200346.,0,0,0
WBGene00200347.,0,4,4
WBGene00200348.,0,0,0
WBGene00200349.,0,0,0
WBGene00200350.,0,0,0
WBGene00200351.,0,1,1
WBGene00200352.,0,0,0
WBGene00200353.,0,0,0
WBGene00200354.,0,0,0
WBGene00200355.,0,0,0
WBGene00200356.,0,0,0
WBGene00200357.,0,0,0
WBGene00200358.,0,4,4
WBGene00200359.,0,0,0
WBGene00200360.,0,0,0
WBGene00200361.,0,0,0
WBGene00200362.,0,0,0
WBGene00200363.,0,0,0
WBGene00200364.,0,0,0
WBGene00200365.,0,1,1
WBGene00200366.,0,0,0
WBGene00200367.,0,0,0
WBGene00200368.,0,0,0
WBGene00200369.,0,0,0
WBGene00200370.,0,6,6
WBGene00200371.,0,0,0
WBGene00200372.,0,0,0
WBGene00200373.,0,0,0
WBGene00200374.,0,0,0
WBGene00200375.,0,14,14
WBGene00200376.,0,0,0
WBGene00200377.,0,5,5
WBGene00200378.,0,0,0
WBGene00200379.,0,1,1
WBGene00200380.,0,0,0
WBGene00200381.,0,0,0
WBGene00200382.,0,0,0
WBGene00200383.,0,0,0
WBGene00200384.,0,1,1
WBGene00200385.,0,3,3
WBGene00200386.,0,0,0
WBGene00200387.,0,0,0
WBGene00200388.,0,1,1
WBGene00200389.,0,0,0
WBGene00200390.,0,0,0
WBGene00200391.,0,2,2
WBGene00200392.,0,0,0
WBGene00200393.,0,0,0
WBGene00200394.,0,0,0
WBGene00200395.,0,0,0
WBGene00200396.,0,1,1
WBGene00200397.,0,4,4
WBGene00200398.,0,0,0
WBGene00200399.,0,1,1
WBGene00200400.,0,9,9
WBGene00200401.,0,0,0
WBGene00200402.,0,0,0
WBGene00200403.,0,1,1
WBGene00200404.,0,0,0
WBGene00200405.,0,0,0
WBGene00200406.,0,0,0
WBGene00200407.,0,3,3
WBGene00200408.,0,2,2
WBGene00200409.,0,1,1
WBGene00200410.,0,1,1
WBGene00200411.,0,0,0
WBGene00200412.,0,0,0
WBGene00200413.,0,0,0
WBGene00200414.,0,0,0
WBGene00200415.,0,0,0
WBGene00200416.,0,0,0
WBGene00200417.,0,0,0
WBGene00200418.,0,0,0
WBGene00200419.,0,0,0
WBGene00200420.,0,1,1
WBGene00200421.,0,1,1
WBGene00200422.,0,0,0
WBGene00200423.,0,16,16
WBGene00200424.,0,0,0
WBGene00200425.,0,0,0
WBGene00200426.,0,0,0
WBGene00200427.,0,0,0
WBGene00200428.,0,0,0
WBGene00200429.,0,1,1
WBGene00200430.,0,0,0
WBGene00200431.,0,1,1
WBGene00200432.,0,0,0
WBGene00200433.,0,0,0
WBGene00200434.,0,0,0
WBGene00200435.,0,0,0
WBGene00200436.,0,0,0
WBGene00200437.,0,0,0
WBGene00200438.,0,0,0
WBGene00200439.,0,0,0
WBGene00200440.,0,0,0
WBGene00200441.,0,0,0
WBGene00200442.,0,0,0
WBGene00200443.,0,0,0
WBGene00200444.,0,2,2
WBGene00200445.,0,0,0
WBGene00200446.,0,0,0
WBGene00200447.,0,0,0
WBGene00200448.,0,0,0
WBGene00200449.,0,0,0
WBGene00200450.,0,0,0
WBGene00200451.,0,0,0
WBGene00200452.,0,4,4
WBGene00200453.,0,0,0
WBGene00200454.,0,0,0
WBGene00200455.,0,6,6
WBGene00200456.,0,3,3
WBGene00200457.,0,0,0
WBGene00200458.,0,0,0
WBGene00200459.,0,64,64
WBGene00200460.,0,0,0
WBGene00200461.,0,0,0
WBGene00200462.,0,2,2
WBGene00200463.,0,0,0
WBGene00200464.,0,0,0
WBGene00200465.,0,0,0
WBGene00200466.,0,0,0
WBGene00200467.,0,0,0
WBGene00200468.,0,0,0
WBGene00200469.,0,2,2
WBGene00200470.,0,0,0
WBGene00200471.,0,0,0
WBGene00200472.,0,0,0
WBGene00200473.,0,0,0
WBGene00200474.,0,1,1
WBGene00200475.,0,1,1
WBGene00200476.,0,5,5
WBGene00200477.,0,0,0
WBGene00200478.,0,8,8
WBGene00200479.,0,0,0
WBGene00200480.,0,0,0
WBGene00200481.,0,0,0
WBGene00200482.,0,1,1
WBGene00200483.,0,6,6
WBGene00200484.,0,0,0
WBGene00200485.,0,6,6
WBGene00200486.,0,0,0
WBGene00200487.,0,1,1
WBGene00200488.,0,5,5
WBGene00200489.,0,0,0
WBGene00200490.,0,0,0
WBGene00200491.,0,0,0
WBGene00200492.,0,0,0
WBGene00200493.,0,1,1
WBGene00200494.,0,0,0
WBGene00200495.,0,0,0
WBGene00200496.,0,1,1
WBGene00200497.,0,0,0
WBGene00200498.,0,0,0
WBGene00200499.,0,0,0
WBGene00200500.,0,4,4
WBGene00200501.,0,0,0
WBGene00200502.,0,2,2
WBGene00200503.,0,0,0
WBGene00200504.,0,0,0
WBGene00200505.,0,0,0
WBGene00200506.,0,0,0
WBGene00200507.,0,0,0
WBGene00200508.,0,0,0
WBGene00200509.,0,0,0
WBGene00200510.,0,0,0
WBGene00200511.,0,0,0
WBGene00200512.,0,0,0
WBGene00200513.,0,0,0
WBGene00200514.,0,1,1
WBGene00200515.,0,0,0
WBGene00200516.,0,2,2
WBGene00200517.,0,0,0
WBGene00200518.,0,0,0
WBGene00200519.,0,1,1
WBGene00200520.,0,0,0
WBGene00200521.,0,0,0
WBGene00200522.,0,0,0
WBGene00200523.,0,2,2
WBGene00200524.,0,0,0
WBGene00200525.,0,0,0
WBGene00200526.,0,2,2
WBGene00200527.,0,23,23
WBGene00200528.,0,1,1
WBGene00200529.,0,0,0
WBGene00200530.,0,1,1
WBGene00200531.,0,0,0
WBGene00200532.,0,0,0
WBGene00200533.,0,0,0
WBGene00200534.,0,0,0
WBGene00200535.,0,0,0
WBGene00200536.,0,0,0
WBGene00200537.,0,0,0
WBGene00200538.,0,5,5
WBGene00200539.,0,0,0
WBGene00200540.,0,0,0
WBGene00200541.,0,0,0
WBGene00200542.,0,1,1
WBGene00200543.,0,0,0
WBGene00200544.,0,0,0
WBGene00200545.,0,0,0
WBGene00200546.,0,1,1
WBGene00200547.,0,0,0
WBGene00200548.,0,0,0
WBGene00200549.,0,0,0
WBGene00200550.,0,1,1
WBGene00200551.,0,0,0
WBGene00200552.,0,0,0
WBGene00200553.,0,0,0
WBGene00200554.,0,0,0
WBGene00200555.,0,1,1
WBGene00200556.,0,0,0
WBGene00200557.,0,0,0
WBGene00200558.,0,3,3
WBGene00200559.,0,0,0
WBGene00200560.,0,0,0
WBGene00200561.,0,0,0
WBGene00200562.,0,0,0
WBGene00200563.,0,3,3
WBGene00200564.,0,0,0
WBGene00200565.,0,1,1
WBGene00200566.,0,1,1
WBGene00200567.,0,0,0
WBGene00200568.,0,0,0
WBGene00200569.,0,0,0
WBGene00200570.,0,8,8
WBGene00200571.,0,0,0
WBGene00200572.,0,4,4
WBGene00200573.,0,0,0
WBGene00200574.,0,1,1
WBGene00200575.,0,1,1
WBGene00200576.,0,1,1
WBGene00200577.,0,0,0
WBGene00200578.,0,0,0
WBGene00200579.,0,9,9
WBGene00200580.,0,0,0
WBGene00200581.,0,0,0
WBGene00200582.,0,8,8
WBGene00200583.,0,0,0
WBGene00200584.,0,0,0
WBGene00200585.,0,2,2
WBGene00200586.,0,0,0
WBGene00200587.,0,1,1
WBGene00200588.,0,0,0
WBGene00200589.,0,0,0
WBGene00200590.,0,1,1
WBGene00200591.,0,1,1
WBGene00200592.,0,0,0
WBGene00200593.,0,0,0
WBGene00200594.,0,4,4
WBGene00200595.,0,0,0
WBGene00200596.,0,5,5
WBGene00200597.,0,0,0
WBGene00200598.,0,0,0
WBGene00200599.,0,0,0
WBGene00200600.,0,1,1
WBGene00200601.,0,1,1
WBGene00200602.,0,0,0
WBGene00200603.,0,0,0
WBGene00200604.,0,0,0
WBGene00200605.,0,1,1
WBGene00200606.,0,0,0
WBGene00200607.,0,2,2
WBGene00200608.,0,0,0
WBGene00200609.,0,0,0
WBGene00200610.,0,0,0
WBGene00200611.,0,0,0
WBGene00200612.,0,0,0
WBGene00200613.,0,0,0
WBGene00200614.,0,0,0
WBGene00200615.,0,0,0
WBGene00200616.,0,0,0
WBGene00200617.,0,0,0
WBGene00200618.,0,1,1
WBGene00200619.,0,0,0
WBGene00200620.,0,1,1
WBGene00200621.,0,0,0
WBGene00200622.,0,0,0
WBGene00200623.,0,0,0
WBGene00200624.,0,0,0
WBGene00200625.,0,0,0
WBGene00200626.,0,1,1
WBGene00200627.,0,0,0
WBGene00200628.,0,1,1
WBGene00200629.,0,0,0
WBGene00200630.,0,13,13
WBGene00200631.,0,0,0
WBGene00200632.,0,1,1
WBGene00200633.,0,0,0
WBGene00200634.,0,0,0
WBGene00200635.,0,0,0
WBGene00200636.,0,0,0
WBGene00200637.,0,0,0
WBGene00200638.,0,0,0
WBGene00200639.,0,0,0
WBGene00200640.,0,0,0
WBGene00200641.,0,1,1
WBGene00200642.,0,0,0
WBGene00200643.,0,0,0
WBGene00200644.,0,0,0
WBGene00200645.,0,48,48
WBGene00200646.,0,0,0
WBGene00200647.,0,0,0
WBGene00200648.,0,0,0
WBGene00200649.,0,0,0
WBGene00200650.,0,2,2
WBGene00200651.,0,0,0
WBGene00200652.,0,2,2
WBGene00200653.,0,0,0
WBGene00200654.,0,0,0
WBGene00200655.,0,0,0
WBGene00200656.,0,0,0
WBGene00200657.,0,0,0
WBGene00200658.,0,2,2
WBGene00200659.,0,0,0
WBGene00200660.,0,0,0
WBGene00200661.,0,2,2
WBGene00200662.,0,0,0
WBGene00200663.,0,0,0
WBGene00200664.,0,2,2
WBGene00200665.,0,1,1
WBGene00200666.,0,0,0
WBGene00200667.,0,0,0
WBGene00200668.,0,0,0
WBGene00200669.,0,0,0
WBGene00200670.,0,0,0
WBGene00200671.,0,1,1
WBGene00200672.,0,0,0
WBGene00200673.,0,0,0
WBGene00200674.,0,0,0
WBGene00200675.,0,1,1
WBGene00200676.,0,0,0
WBGene00200677.,0,0,0
WBGene00200678.,0,0,0
WBGene00200679.,0,0,0
WBGene00200680.,0,1,1
WBGene00200681.,0,0,0
WBGene00200682.,0,0,0
WBGene00200683.,0,0,0
WBGene00200684.,0,1,1
WBGene00200685.,0,0,0
WBGene00200686.,0,0,0
WBGene00200687.,0,0,0
WBGene00200688.,0,0,0
WBGene00200689.,0,0,0
WBGene00200690.,0,0,0
WBGene00200691.,0,0,0
WBGene00200692.,0,1,1
WBGene00200693.,0,0,0
WBGene00200694.,0,1,1
WBGene00200695.,0,2,2
WBGene00200696.,0,0,0
WBGene00200697.,0,2,2
WBGene00200698.,0,0,0
WBGene00200699.,0,0,0
WBGene00200700.,0,4,4
WBGene00200701.,0,0,0
WBGene00200702.,0,53,53
WBGene00200703.,0,0,0
WBGene00200704.,0,0,0
WBGene00200705.,0,0,0
WBGene00200706.,0,1,1
WBGene00200707.,0,1,1
WBGene00200708.,0,0,0
WBGene00200709.,0,0,0
WBGene00200710.,0,4,4
WBGene00200711.,0,0,0
WBGene00200712.,0,0,0
WBGene00200713.,0,0,0
WBGene00200714.,0,1,1
WBGene00200715.,0,0,0
WBGene00200716.,0,2,2
WBGene00200717.,0,0,0
WBGene00200718.,0,3,3
WBGene00200719.,0,8,8
WBGene00200720.,0,1,1
WBGene00200721.,0,0,0
WBGene00200722.,0,0,0
WBGene00200723.,0,9,9
WBGene00200724.,0,0,0
WBGene00200725.,0,0,0
WBGene00200726.,0,0,0
WBGene00200727.,0,0,0
WBGene00200728.,0,0,0
WBGene00200729.,0,0,0
WBGene00200730.,0,0,0
WBGene00200731.,0,1,1
WBGene00200732.,0,0,0
WBGene00200733.,0,0,0
WBGene00200734.,0,0,0
WBGene00200735.,0,0,0
WBGene00200736.,0,1,1
WBGene00200737.,0,0,0
WBGene00200738.,0,0,0
WBGene00200739.,0,0,0
WBGene00200740.,0,0,0
WBGene00200741.,0,0,0
WBGene00200742.,0,0,0
WBGene00200743.,0,1,1
WBGene00200744.,0,0,0
WBGene00200745.,0,0,0
WBGene00200746.,0,0,0
WBGene00200747.,0,0,0
WBGene00200748.,0,0,0
WBGene00200749.,0,0,0
WBGene00200750.,0,1,1
WBGene00200751.,0,1,1
WBGene00200752.,0,6,6
WBGene00200753.,0,1,1
WBGene00200754.,0,0,0
WBGene00200755.,0,0,0
WBGene00200756.,0,7,7
WBGene00200757.,0,0,0
WBGene00200758.,0,2,2
WBGene00200759.,0,0,0
WBGene00200760.,0,0,0
WBGene00200761.,0,0,0
WBGene00200762.,0,5,5
WBGene00200763.,0,0,0
WBGene00200764.,0,3,3
WBGene00200765.,0,0,0
WBGene00200766.,0,1,1
WBGene00200767.,0,2,2
WBGene00200768.,0,1,1
WBGene00200769.,0,0,0
WBGene00200770.,0,6,6
WBGene00200771.,0,0,0
WBGene00200772.,0,0,0
WBGene00200773.,0,0,0
WBGene00200774.,0,0,0
WBGene00200775.,0,0,0
WBGene00200776.,0,0,0
WBGene00200777.,0,0,0
WBGene00200778.,0,0,0
WBGene00200779.,0,0,0
WBGene00200780.,0,1,1
WBGene00200781.,0,1,1
WBGene00200782.,0,0,0
WBGene00200783.,0,0,0
WBGene00200784.,0,0,0
WBGene00200785.,0,0,0
WBGene00200786.,0,2,2
WBGene00200787.,0,4,4
WBGene00200788.,0,0,0
WBGene00200789.,0,0,0
WBGene00200790.,0,0,0
WBGene00200791.,0,0,0
WBGene00200792.,0,0,0
WBGene00200793.,0,0,0
WBGene00200794.,0,1,1
WBGene00200795.,0,1,1
WBGene00200796.,0,0,0
WBGene00200797.,0,0,0
WBGene00200798.,0,0,0
WBGene00200799.,0,0,0
WBGene00200800.,0,2,2
WBGene00200801.,0,0,0
WBGene00200802.,0,0,0
WBGene00200803.,0,0,0
WBGene00200804.,0,0,0
WBGene00200805.,0,0,0
WBGene00200806.,0,0,0
WBGene00200807.,0,0,0
WBGene00200808.,0,7,7
WBGene00200809.,0,5,5
WBGene00200810.,0,0,0
WBGene00200811.,0,0,0
WBGene00200812.,0,7,7
WBGene00200813.,0,2,2
WBGene00200814.,0,0,0
WBGene00200815.,0,0,0
WBGene00200816.,0,0,0
WBGene00200817.,0,0,0
WBGene00200818.,0,0,0
WBGene00200819.,0,0,0
WBGene00200820.,0,0,0
WBGene00200821.,0,0,0
WBGene00200822.,0,0,0
WBGene00200823.,0,1,1
WBGene00200824.,0,2,2
WBGene00200825.,0,0,0
WBGene00200826.,0,11,11
WBGene00200827.,0,1,1
WBGene00200828.,0,3,3
WBGene00200829.,0,0,0
WBGene00200830.,0,0,0
WBGene00200831.,0,0,0
WBGene00200832.,0,0,0
WBGene00200833.,0,0,0
WBGene00200834.,0,0,0
WBGene00200835.,0,0,0
WBGene00200836.,0,0,0
WBGene00200837.,0,2,2
WBGene00200838.,0,0,0
WBGene00200839.,0,0,0
WBGene00200840.,0,0,0
WBGene00200841.,0,0,0
WBGene00200842.,0,2,2
WBGene00200843.,0,0,0
WBGene00200844.,0,0,0
WBGene00200845.,0,1,1
WBGene00200846.,0,9,9
WBGene00200847.,0,0,0
WBGene00200848.,0,0,0
WBGene00200849.,0,0,0
WBGene00200850.,0,0,0
WBGene00200851.,0,0,0
WBGene00200852.,0,0,0
WBGene00200853.,0,0,0
WBGene00200854.,0,1,1
WBGene00200855.,0,46,46
WBGene00200856.,0,4,4
WBGene00200857.,0,0,0
WBGene00200858.,0,0,0
WBGene00200859.,0,0,0
WBGene00200860.,0,0,0
WBGene00200861.,0,1,1
WBGene00200862.,0,1,1
WBGene00200863.,0,5,5
WBGene00200864.,0,0,0
WBGene00200865.,0,3,3
WBGene00200866.,0,0,0
WBGene00200867.,0,1,1
WBGene00200868.,0,0,0
WBGene00200869.,0,0,0
WBGene00200870.,0,2,2
WBGene00200871.,0,0,0
WBGene00200872.,0,0,0
WBGene00200873.,0,0,0
WBGene00200874.,0,2,2
WBGene00200875.,0,0,0
WBGene00200876.,0,0,0
WBGene00200877.,0,0,0
WBGene00200878.,0,0,0
WBGene00200879.,0,4,4
WBGene00200880.,0,0,0
WBGene00200881.,0,0,0
WBGene00200882.,0,0,0
WBGene00200883.,0,1,1
WBGene00200884.,0,2,2
WBGene00200885.,0,0,0
WBGene00200886.,0,0,0
WBGene00200887.,0,0,0
WBGene00200888.,0,0,0
WBGene00200889.,0,0,0
WBGene00200890.,0,0,0
WBGene00200891.,0,0,0
WBGene00200892.,0,0,0
WBGene00200893.,0,4,4
WBGene00200894.,0,0,0
WBGene00200895.,0,1,1
WBGene00200896.,0,1,1
WBGene00200897.,0,0,0
WBGene00200898.,0,0,0
WBGene00200899.,0,0,0
WBGene00200900.,0,0,0
WBGene00200901.,0,0,0
WBGene00200902.,0,1,1
WBGene00200903.,0,0,0
WBGene00200904.,0,0,0
WBGene00200905.,0,3,3
WBGene00200906.,0,0,0
WBGene00200907.,0,0,0
WBGene00200908.,0,2,2
WBGene00200909.,0,0,0
WBGene00200910.,0,0,0
WBGene00200911.,0,0,0
WBGene00200912.,0,1,1
WBGene00200913.,0,1,1
WBGene00200914.,0,0,0
WBGene00200915.,0,7,7
WBGene00200916.,0,4,4
WBGene00200917.,0,0,0
WBGene00200918.,0,0,0
WBGene00200919.,0,0,0
WBGene00200920.,0,2,2
WBGene00200921.,0,1,1
WBGene00200922.,0,0,0
WBGene00200923.,0,0,0
WBGene00200924.,0,0,0
WBGene00200925.,0,1,1
WBGene00200926.,0,0,0
WBGene00200927.,0,0,0
WBGene00200928.,0,0,0
WBGene00200929.,0,0,0
WBGene00200930.,0,1,1
WBGene00200931.,0,0,0
WBGene00200932.,0,0,0
WBGene00200933.,0,0,0
WBGene00200934.,0,7,7
WBGene00200935.,0,1,1
WBGene00200936.,0,0,0
WBGene00200937.,0,0,0
WBGene00200938.,0,0,0
WBGene00200939.,0,0,0
WBGene00200940.,0,9,9
WBGene00200941.,0,2,2
WBGene00200942.,0,0,0
WBGene00200943.,0,1,1
WBGene00200944.,0,0,0
WBGene00200945.,0,0,0
WBGene00200946.,0,3,3
WBGene00200947.,0,0,0
WBGene00200948.,0,1,1
WBGene00200949.,0,0,0
WBGene00200950.,0,0,0
WBGene00200951.,0,0,0
WBGene00200952.,0,2,2
WBGene00200953.,0,5,5
WBGene00200954.,0,0,0
WBGene00200955.,0,0,0
WBGene00200956.,0,0,0
WBGene00200957.,0,0,0
WBGene00200958.,0,0,0
WBGene00200959.,0,1,1
WBGene00200960.,0,42,42
WBGene00200961.,0,0,0
WBGene00200962.,0,0,0
WBGene00200963.,0,1,1
WBGene00200964.,0,0,0
WBGene00200965.,0,1,1
WBGene00200966.,0,0,0
WBGene00200967.,0,0,0
WBGene00200968.,0,0,0
WBGene00200969.,0,0,0
WBGene00200970.,0,0,0
WBGene00200971.,0,1,1
WBGene00200972.,0,0,0
WBGene00200973.,0,0,0
WBGene00200974.,0,0,0
WBGene00200975.,0,2,2
WBGene00200976.,0,0,0
WBGene00200977.,0,2,2
WBGene00200978.,0,0,0
WBGene00200979.,0,0,0
WBGene00200980.,0,0,0
WBGene00200981.,0,0,0
WBGene00200982.,0,0,0
WBGene00200983.,0,0,0
WBGene00200984.,0,0,0
WBGene00200985.,0,0,0
WBGene00200986.,0,0,0
WBGene00200987.,0,0,0
WBGene00200988.,0,0,0
WBGene00200989.,0,0,0
WBGene00200990.,0,0,0
WBGene00200991.,0,0,0
WBGene00200992.,0,0,0
WBGene00200993.,0,0,0
WBGene00200994.,0,0,0
WBGene00200995.,0,22,22
WBGene00200996.,0,23,23
WBGene00200997.,0,0,0
WBGene00200998.,0,0,0
WBGene00200999.,0,0,0
WBGene00201000.,0,0,0
WBGene00201001.,0,3,3
WBGene00201002.,0,0,0
WBGene00201003.,0,0,0
WBGene00201004.,0,1,1
WBGene00201005.,0,9,9
WBGene00201006.,0,0,0
WBGene00201007.,0,0,0
WBGene00201008.,0,0,0
WBGene00201009.,0,0,0
WBGene00201010.,0,1,1
WBGene00201011.,0,0,0
WBGene00201012.,0,0,0
WBGene00201013.,0,0,0
WBGene00201014.,0,1,1
WBGene00201015.,0,0,0
WBGene00201016.,0,0,0
WBGene00201017.,0,0,0
WBGene00201018.,0,0,0
WBGene00201019.,0,3,3
WBGene00201020.,0,0,0
WBGene00201021.,0,2,2
WBGene00201022.,0,0,0
WBGene00201023.,0,0,0
WBGene00201024.,0,0,0
WBGene00201025.,0,0,0
WBGene00201026.,0,0,0
WBGene00201027.,0,1,1
WBGene00201028.,0,13,13
WBGene00201029.,0,0,0
WBGene00201030.,0,0,0
WBGene00201031.,0,14,14
WBGene00201032.,0,0,0
WBGene00201033.,0,0,0
WBGene00201034.,0,4,4
WBGene00201035.,0,1,1
WBGene00201036.,0,0,0
WBGene00201037.,0,0,0
WBGene00201038.,0,1,1
WBGene00201039.,0,1,1
WBGene00201040.,0,0,0
WBGene00201041.,0,0,0
WBGene00201042.,0,0,0
WBGene00201043.,0,2,2
WBGene00201044.,0,0,0
WBGene00201045.,0,23,23
WBGene00201046.,0,0,0
WBGene00201047.,0,0,0
WBGene00201048.,0,0,0
WBGene00201049.,0,0,0
WBGene00201050.,0,0,0
WBGene00201051.,0,0,0
WBGene00201052.,0,0,0
WBGene00201053.,0,0,0
WBGene00201054.,0,2,2
WBGene00201055.,0,0,0
WBGene00201056.,0,0,0
WBGene00201057.,0,0,0
WBGene00201058.,0,0,0
WBGene00201059.,0,0,0
WBGene00201060.,0,0,0
WBGene00201061.,0,0,0
WBGene00201062.,0,0,0
WBGene00201063.,0,0,0
WBGene00201064.,0,1,1
WBGene00201065.,0,0,0
WBGene00201066.,0,0,0
WBGene00201067.,0,0,0
WBGene00201068.,0,0,0
WBGene00201069.,0,1,1
WBGene00201070.,0,0,0
WBGene00201071.,0,0,0
WBGene00201072.,0,0,0
WBGene00201073.,0,0,0
WBGene00201074.,0,2,2
WBGene00201075.,0,10,10
WBGene00201076.,0,0,0
WBGene00201077.,0,0,0
WBGene00201078.,0,1,1
WBGene00201079.,0,1,1
WBGene00201080.,0,7,7
WBGene00201081.,0,0,0
WBGene00201082.,0,8,8
WBGene00201083.,0,0,0
WBGene00201084.,0,1,1
WBGene00201085.,0,0,0
WBGene00201086.,0,0,0
WBGene00201087.,0,1,1
WBGene00201088.,0,0,0
WBGene00201089.,0,0,0
WBGene00201090.,0,1,1
WBGene00201091.,0,0,0
WBGene00201092.,0,0,0
WBGene00201093.,0,0,0
WBGene00201094.,0,0,0
WBGene00201095.,0,0,0
WBGene00201096.,0,0,0
WBGene00201097.,0,0,0
WBGene00201098.,0,0,0
WBGene00201099.,0,0,0
WBGene00201100.,0,4,4
WBGene00201101.,0,0,0
WBGene00201102.,0,0,0
WBGene00201103.,0,0,0
WBGene00201104.,0,0,0
WBGene00201105.,0,0,0
WBGene00201106.,0,0,0
WBGene00201107.,0,0,0
WBGene00201108.,0,0,0
WBGene00201109.,0,0,0
WBGene00201110.,0,3,3
WBGene00201111.,0,8,8
WBGene00201112.,0,0,0
WBGene00201113.,0,0,0
WBGene00201114.,0,0,0
WBGene00201115.,0,0,0
WBGene00201116.,0,5,5
WBGene00201117.,0,0,0
WBGene00201118.,0,0,0
WBGene00201119.,0,0,0
WBGene00201120.,0,0,0
WBGene00201121.,0,0,0
WBGene00201122.,0,0,0
WBGene00201123.,0,0,0
WBGene00201124.,0,5,5
WBGene00201125.,0,0,0
WBGene00201126.,0,1,1
WBGene00201127.,0,0,0
WBGene00201128.,0,0,0
WBGene00201129.,0,5,5
WBGene00201130.,0,0,0
WBGene00201131.,0,0,0
WBGene00201132.,0,1,1
WBGene00201133.,0,0,0
WBGene00201134.,0,0,0
WBGene00201135.,0,0,0
WBGene00201136.,0,0,0
WBGene00201137.,0,0,0
WBGene00201138.,0,0,0
WBGene00201139.,0,0,0
WBGene00201140.,0,0,0
WBGene00201141.,0,4,4
WBGene00201142.,0,0,0
WBGene00201143.,0,0,0
WBGene00201145.,0,0,0
WBGene00201146.,0,3,3
WBGene00201147.,0,0,0
WBGene00201148.,0,0,0
WBGene00201149.,0,0,0
WBGene00201150.,0,2,2
WBGene00201151.,0,1,1
WBGene00201152.,0,0,0
WBGene00201153.,0,0,0
WBGene00201154.,0,0,0
WBGene00201155.,0,0,0
WBGene00201156.,0,0,0
WBGene00201157.,0,0,0
WBGene00201158.,0,0,0
WBGene00201159.,0,4,4
WBGene00201160.,0,0,0
WBGene00201161.,0,1,1
WBGene00201162.,0,0,0
WBGene00201163.,0,0,0
WBGene00201164.,0,0,0
WBGene00201165.,0,1,1
WBGene00201166.,0,0,0
WBGene00201167.,0,1,1
WBGene00201168.,0,0,0
WBGene00201169.,0,0,0
WBGene00201170.,0,0,0
WBGene00201171.,0,0,0
WBGene00201172.,0,0,0
WBGene00201173.,0,0,0
WBGene00201174.,0,0,0
WBGene00201175.,0,4,4
WBGene00201176.,0,0,0
WBGene00201177.,0,0,0
WBGene00201178.,0,0,0
WBGene00201179.,0,1,1
WBGene00201180.,0,0,0
WBGene00201181.,0,14,14
WBGene00201182.,0,0,0
WBGene00201183.,0,0,0
WBGene00201184.,0,0,0
WBGene00201185.,0,0,0
WBGene00201186.,0,0,0
WBGene00201187.,0,0,0
WBGene00201188.,0,2,2
WBGene00201189.,0,0,0
WBGene00201190.,0,0,0
WBGene00201191.,0,0,0
WBGene00201192.,0,0,0
WBGene00201193.,0,0,0
WBGene00201194.,0,0,0
WBGene00201195.,0,0,0
WBGene00201196.,0,0,0
WBGene00201197.,0,0,0
WBGene00201198.,0,4,4
WBGene00201199.,0,0,0
WBGene00201200.,0,0,0
WBGene00201201.,0,1,1
WBGene00201202.,0,2,2
WBGene00201203.,0,1,1
WBGene00201204.,0,0,0
WBGene00201205.,0,0,0
WBGene00201206.,0,0,0
WBGene00201207.,0,2,2
WBGene00201208.,0,0,0
WBGene00201209.,0,0,0
WBGene00201210.,0,0,0
WBGene00201211.,0,8,8
WBGene00201212.,0,0,0
WBGene00201213.,0,0,0
WBGene00201214.,0,0,0
WBGene00201215.,0,0,0
WBGene00201216.,0,0,0
WBGene00201217.,0,0,0
WBGene00201218.,0,2,2
WBGene00201219.,0,1,1
WBGene00201220.,0,2,2
WBGene00201221.,0,0,0
WBGene00201222.,0,0,0
WBGene00201223.,0,0,0
WBGene00201224.,0,0,0
WBGene00201225.,0,0,0
WBGene00201226.,0,0,0
WBGene00201227.,0,0,0
WBGene00201228.,0,0,0
WBGene00201229.,0,0,0
WBGene00201230.,0,0,0
WBGene00201231.,0,0,0
WBGene00201232.,0,0,0
WBGene00201233.,0,0,0
WBGene00201234.,0,0,0
WBGene00201235.,0,0,0
WBGene00201236.,0,1,1
WBGene00201237.,0,0,0
WBGene00201238.,0,0,0
WBGene00201239.,0,3,3
WBGene00201240.,0,0,0
WBGene00201241.,0,0,0
WBGene00201242.,0,0,0
WBGene00201243.,0,0,0
WBGene00201244.,0,0,0
WBGene00201245.,0,0,0
WBGene00201246.,0,1,1
WBGene00201247.,0,1,1
WBGene00201248.,0,2,2
WBGene00201249.,0,1,1
WBGene00201250.,0,0,0
WBGene00201251.,0,0,0
WBGene00201252.,0,0,0
WBGene00201253.,0,1,1
WBGene00201254.,0,0,0
WBGene00201255.,0,0,0
WBGene00201256.,0,0,0
WBGene00201257.,0,4,4
WBGene00201258.,0,3,3
WBGene00201259.,0,1,1
WBGene00201260.,0,0,0
WBGene00201261.,0,0,0
WBGene00201262.,0,0,0
WBGene00201263.,0,0,0
WBGene00201264.,0,0,0
WBGene00201265.,0,0,0
WBGene00201266.,0,0,0
WBGene00201267.,0,0,0
WBGene00201268.,0,0,0
WBGene00201269.,0,2,2
WBGene00201270.,0,0,0
WBGene00201271.,0,2,2
WBGene00201272.,0,2,2
WBGene00201273.,0,7,7
WBGene00201274.,0,0,0
WBGene00201275.,0,0,0
WBGene00201276.,0,0,0
WBGene00201277.,0,0,0
WBGene00201278.,0,0,0
WBGene00201279.,0,0,0
WBGene00201280.,0,0,0
WBGene00201281.,0,0,0
WBGene00201282.,0,12,12
WBGene00201283.,0,0,0
WBGene00201284.,0,0,0
WBGene00201285.,0,2,2
WBGene00201286.,0,0,0
WBGene00201287.,0,1,1
WBGene00201288.,0,1,1
WBGene00201289.,0,0,0
WBGene00201290.,0,1,1
WBGene00201291.,0,0,0
WBGene00201292.,0,0,0
WBGene00201293.,0,0,0
WBGene00201294.,0,0,0
WBGene00201295.,0,0,0
WBGene00201296.,0,0,0
WBGene00201297.,0,0,0
WBGene00201298.,0,0,0
WBGene00201299.,0,0,0
WBGene00201300.,0,0,0
WBGene00201301.,0,1,1
WBGene00201302.,0,1,1
WBGene00201303.,0,1,1
WBGene00201304.,0,0,0
WBGene00201305.,0,1,1
WBGene00201306.,0,0,0
WBGene00201307.,0,0,0
WBGene00201308.,0,2,2
WBGene00201309.,0,0,0
WBGene00201310.,0,0,0
WBGene00201311.,0,2,2
WBGene00201312.,0,0,0
WBGene00201313.,0,0,0
WBGene00201314.,0,0,0
WBGene00201315.,0,0,0
WBGene00201316.,0,0,0
WBGene00201317.,0,2,2
WBGene00201318.,0,0,0
WBGene00201319.,0,1,1
WBGene00201320.,0,4,4
WBGene00201321.,0,0,0
WBGene00201322.,0,8,8
WBGene00201323.,0,0,0
WBGene00201324.,0,0,0
WBGene00201325.,0,0,0
WBGene00201326.,0,0,0
WBGene00201327.,0,1,1
WBGene00201328.,0,0,0
WBGene00201329.,0,0,0
WBGene00201330.,0,0,0
WBGene00201331.,0,3,3
WBGene00201332.,0,0,0
WBGene00201333.,0,1,1
WBGene00201334.,0,0,0
WBGene00201335.,0,0,0
WBGene00201336.,0,0,0
WBGene00201337.,0,0,0
WBGene00201338.,0,0,0
WBGene00201339.,0,0,0
WBGene00201340.,0,2,2
WBGene00201341.,0,0,0
WBGene00201342.,0,0,0
WBGene00201343.,0,0,0
WBGene00201344.,0,0,0
WBGene00201345.,0,0,0
WBGene00201346.,0,0,0
WBGene00201347.,0,0,0
WBGene00201348.,0,0,0
WBGene00201349.,0,2,2
WBGene00201350.,0,0,0
WBGene00201351.,0,0,0
WBGene00201352.,0,0,0
WBGene00201353.,0,1,1
WBGene00201354.,0,5,5
WBGene00201355.,0,0,0
WBGene00201356.,0,0,0
WBGene00201357.,0,0,0
WBGene00201358.,0,0,0
WBGene00201359.,0,0,0
WBGene00201360.,0,0,0
WBGene00201361.,0,0,0
WBGene00201362.,0,0,0
WBGene00201363.,0,0,0
WBGene00201364.,0,0,0
WBGene00201365.,0,0,0
WBGene00201366.,0,0,0
WBGene00201367.,0,0,0
WBGene00201368.,0,0,0
WBGene00201369.,0,0,0
WBGene00201370.,0,0,0
WBGene00201371.,0,0,0
WBGene00201372.,0,3,3
WBGene00201373.,0,0,0
WBGene00201374.,0,3,3
WBGene00201375.,0,0,0
WBGene00201376.,0,0,0
WBGene00201377.,0,1,1
WBGene00201378.,0,4,4
WBGene00201379.,0,0,0
WBGene00201380.,0,0,0
WBGene00201381.,0,6,6
WBGene00201382.,0,0,0
WBGene00201383.,0,0,0
WBGene00201384.,0,0,0
WBGene00201385.,0,0,0
WBGene00201386.,0,0,0
WBGene00201387.,0,1,1
WBGene00201388.,0,0,0
WBGene00201389.,0,0,0
WBGene00201390.,0,5,5
WBGene00201391.,0,0,0
WBGene00201392.,0,0,0
WBGene00201393.,0,0,0
WBGene00201394.,0,0,0
WBGene00201395.,0,0,0
WBGene00201396.,0,0,0
WBGene00201397.,0,0,0
WBGene00201398.,0,0,0
WBGene00201399.,0,0,0
WBGene00201400.,0,0,0
WBGene00201401.,0,0,0
WBGene00201402.,0,0,0
WBGene00201403.,0,1,1
WBGene00201404.,0,2,2
WBGene00201405.,0,1,1
WBGene00201406.,0,0,0
WBGene00201407.,0,0,0
WBGene00201408.,0,0,0
WBGene00201409.,0,0,0
WBGene00201410.,0,0,0
WBGene00201411.,0,0,0
WBGene00201412.,0,0,0
WBGene00201413.,0,0,0
WBGene00201414.,0,0,0
WBGene00201415.,0,9,9
WBGene00201416.,0,0,0
WBGene00201417.,0,0,0
WBGene00201418.,0,1,1
WBGene00201419.,0,1,1
WBGene00201420.,0,2,2
WBGene00201421.,0,0,0
WBGene00201422.,0,1,1
WBGene00201423.,0,2,2
WBGene00201424.,0,0,0
WBGene00201425.,0,0,0
WBGene00201426.,0,0,0
WBGene00201427.,0,0,0
WBGene00201428.,0,0,0
WBGene00201429.,0,0,0
WBGene00201430.,0,3,3
WBGene00201431.,0,0,0
WBGene00201432.,0,0,0
WBGene00201433.,0,0,0
WBGene00201434.,0,0,0
WBGene00201435.,0,1,1
WBGene00201436.,0,0,0
WBGene00201437.,0,0,0
WBGene00201438.,0,0,0
WBGene00201439.,0,0,0
WBGene00201440.,0,0,0
WBGene00201441.,0,16,16
WBGene00201442.,0,1,1
WBGene00201443.,0,0,0
WBGene00201444.,0,0,0
WBGene00201445.,0,0,0
WBGene00201446.,0,0,0
WBGene00201447.,0,11,11
WBGene00201448.,0,0,0
WBGene00201449.,0,0,0
WBGene00201450.,0,2,2
WBGene00201451.,0,0,0
WBGene00201452.,0,0,0
WBGene00201453.,0,0,0
WBGene00201454.,0,0,0
WBGene00201455.,0,0,0
WBGene00201456.,0,0,0
WBGene00201457.,0,0,0
WBGene00201458.,0,249,249
WBGene00201459.,0,0,0
WBGene00201460.,0,0,0
WBGene00201461.,0,0,0
WBGene00201462.,0,0,0
WBGene00201463.,0,0,0
WBGene00201464.,0,0,0
WBGene00201465.,0,2,2
WBGene00201466.,0,0,0
WBGene00201467.,0,0,0
WBGene00201468.,0,0,0
WBGene00201469.,0,0,0
WBGene00201470.,0,1,1
WBGene00201471.,0,0,0
WBGene00201472.,0,0,0
WBGene00201473.,0,0,0
WBGene00201474.,0,0,0
WBGene00201475.,0,0,0
WBGene00201476.,0,0,0
WBGene00201477.,0,0,0
WBGene00201478.,0,0,0
WBGene00201479.,0,0,0
WBGene00201480.,0,1,1
WBGene00201481.,0,2,2
WBGene00201482.,0,0,0
WBGene00201483.,0,0,0
WBGene00201484.,0,0,0
WBGene00201485.,0,0,0
WBGene00201486.,0,0,0
WBGene00201487.,0,0,0
WBGene00201488.,0,0,0
WBGene00201489.,0,0,0
WBGene00201490.,0,0,0
WBGene00201491.,0,0,0
WBGene00201492.,0,1,1
WBGene00201493.,0,0,0
WBGene00201494.,0,0,0
WBGene00201495.,0,0,0
WBGene00201496.,0,0,0
WBGene00201497.,0,0,0
WBGene00201498.,0,1,1
WBGene00201499.,0,3,3
WBGene00201500.,0,0,0
WBGene00201501.,0,3,3
WBGene00201502.,0,0,0
WBGene00201503.,0,0,0
WBGene00201504.,0,0,0
WBGene00201505.,0,0,0
WBGene00201506.,0,0,0
WBGene00201507.,0,0,0
WBGene00201508.,0,0,0
WBGene00201509.,0,2,2
WBGene00201510.,0,1,1
WBGene00201511.,0,0,0
WBGene00201512.,0,1,1
WBGene00201513.,0,0,0
WBGene00201514.,0,0,0
WBGene00201515.,0,0,0
WBGene00201516.,0,0,0
WBGene00201517.,0,1,1
WBGene00201518.,0,1,1
WBGene00201519.,0,1,1
WBGene00201520.,0,0,0
WBGene00201521.,0,0,0
WBGene00201522.,0,1,1
WBGene00201523.,0,0,0
WBGene00201524.,0,0,0
WBGene00201525.,0,0,0
WBGene00201526.,0,0,0
WBGene00201527.,0,4,4
WBGene00201528.,0,0,0
WBGene00201529.,0,0,0
WBGene00201530.,0,2,2
WBGene00201531.,0,0,0
WBGene00201532.,0,2,2
WBGene00201533.,0,0,0
WBGene00201534.,0,0,0
WBGene00201535.,0,0,0
WBGene00201536.,0,0,0
WBGene00201537.,0,0,0
WBGene00201538.,0,1,1
WBGene00201539.,0,0,0
WBGene00201540.,0,4,4
WBGene00201541.,0,0,0
WBGene00201542.,0,0,0
WBGene00201543.,0,0,0
WBGene00201544.,0,0,0
WBGene00201545.,0,0,0
WBGene00201546.,0,0,0
WBGene00201547.,0,0,0
WBGene00201548.,0,0,0
WBGene00201549.,0,0,0
WBGene00201550.,0,0,0
WBGene00201551.,0,1,1
WBGene00201552.,0,0,0
WBGene00201553.,0,0,0
WBGene00201554.,0,0,0
WBGene00201555.,0,0,0
WBGene00201556.,0,1,1
WBGene00201557.,0,1,1
WBGene00201558.,0,0,0
WBGene00201559.,0,0,0
WBGene00201560.,0,0,0
WBGene00201561.,0,19,19
WBGene00201562.,0,0,0
WBGene00201563.,0,0,0
WBGene00201564.,0,1,1
WBGene00201565.,0,8,8
WBGene00201566.,0,1,1
WBGene00201567.,0,3,3
WBGene00201568.,0,0,0
WBGene00201569.,0,0,0
WBGene00201570.,0,1,1
WBGene00201571.,0,0,0
WBGene00201572.,0,0,0
WBGene00201573.,0,0,0
WBGene00201574.,0,0,0
WBGene00201575.,0,0,0
WBGene00201576.,0,2,2
WBGene00201577.,0,0,0
WBGene00201578.,0,1,1
WBGene00201579.,0,3,3
WBGene00201580.,0,2,2
WBGene00201581.,0,0,0
WBGene00201582.,0,10,10
WBGene00201583.,0,0,0
WBGene00201584.,0,1,1
WBGene00201585.,0,0,0
WBGene00201586.,0,1,1
WBGene00201587.,0,0,0
WBGene00201588.,0,2,2
WBGene00201589.,0,0,0
WBGene00201590.,0,0,0
WBGene00201591.,0,2,2
WBGene00201592.,0,0,0
WBGene00201593.,0,3,3
WBGene00201594.,0,0,0
WBGene00201595.,0,0,0
WBGene00201596.,0,0,0
WBGene00201597.,0,0,0
WBGene00201598.,0,0,0
WBGene00201599.,0,1,1
WBGene00201600.,0,0,0
WBGene00201601.,0,3,3
WBGene00201602.,0,1,1
WBGene00201603.,0,3,3
WBGene00201604.,0,3,3
WBGene00201605.,0,0,0
WBGene00201606.,0,1,1
WBGene00201607.,0,0,0
WBGene00201608.,0,0,0
WBGene00201609.,0,0,0
WBGene00201610.,0,1,1
WBGene00201611.,0,2,2
WBGene00201612.,0,0,0
WBGene00201613.,0,0,0
WBGene00201614.,0,0,0
WBGene00201615.,0,0,0
WBGene00201616.,0,0,0
WBGene00201617.,0,0,0
WBGene00201618.,0,0,0
WBGene00201619.,0,2,2
WBGene00201620.,0,0,0
WBGene00201621.,0,1,1
WBGene00201622.,0,0,0
WBGene00201623.,0,1,1
WBGene00201624.,0,1,1
WBGene00201625.,0,1,1
WBGene00201626.,0,2,2
WBGene00201627.,0,1,1
WBGene00201628.,0,0,0
WBGene00201629.,0,0,0
WBGene00201630.,0,0,0
WBGene00201631.,0,0,0
WBGene00201632.,0,0,0
WBGene00201633.,0,4,4
WBGene00201634.,0,4,4
WBGene00201636.,0,0,0
WBGene00201637.,0,0,0
WBGene00201638.,0,0,0
WBGene00201639.,0,0,0
WBGene00201640.,0,0,0
WBGene00201641.,0,0,0
WBGene00201642.,0,2,2
WBGene00201643.,0,0,0
WBGene00201644.,0,3,3
WBGene00201645.,0,0,0
WBGene00201646.,0,1,1
WBGene00201647.,0,0,0
WBGene00201648.,0,0,0
WBGene00201649.,0,2,2
WBGene00201650.,0,4,4
WBGene00201651.,0,2,2
WBGene00201652.,0,1,1
WBGene00201653.,0,0,0
WBGene00201654.,0,2,2
WBGene00201655.,0,1,1
WBGene00201656.,0,0,0
WBGene00201657.,0,0,0
WBGene00201658.,0,0,0
WBGene00201659.,0,0,0
WBGene00201660.,0,1,1
WBGene00201661.,0,0,0
WBGene00201662.,0,0,0
WBGene00201663.,0,0,0
WBGene00201664.,0,0,0
WBGene00201665.,0,0,0
WBGene00201666.,0,0,0
WBGene00201667.,0,2,2
WBGene00201668.,0,0,0
WBGene00201669.,0,41,41
WBGene00201670.,0,6,6
WBGene00201671.,0,0,0
WBGene00201672.,0,0,0
WBGene00201673.,0,0,0
WBGene00201674.,0,0,0
WBGene00201675.,0,1,1
WBGene00201676.,0,3,3
WBGene00201677.,0,0,0
WBGene00201678.,0,1,1
WBGene00201679.,0,0,0
WBGene00201680.,0,1,1
WBGene00201681.,0,0,0
WBGene00201682.,0,0,0
WBGene00201683.,0,0,0
WBGene00201684.,0,0,0
WBGene00201685.,0,1,1
WBGene00201686.,0,0,0
WBGene00201687.,0,0,0
WBGene00201688.,0,1,1
WBGene00201689.,0,0,0
WBGene00201690.,0,1,1
WBGene00201691.,0,0,0
WBGene00201692.,0,0,0
WBGene00201693.,0,0,0
WBGene00201694.,0,3,3
WBGene00201695.,0,0,0
WBGene00201696.,0,1,1
WBGene00201697.,0,0,0
WBGene00201698.,0,3,3
WBGene00201699.,0,0,0
WBGene00201700.,0,0,0
WBGene00201701.,0,0,0
WBGene00201702.,0,0,0
WBGene00201703.,0,0,0
WBGene00201704.,0,0,0
WBGene00201705.,0,0,0
WBGene00201706.,0,0,0
WBGene00201707.,0,0,0
WBGene00201708.,0,0,0
WBGene00201709.,0,0,0
WBGene00201710.,0,0,0
WBGene00201711.,0,0,0
WBGene00201712.,0,0,0
WBGene00201713.,0,0,0
WBGene00201714.,0,3,3
WBGene00201715.,0,0,0
WBGene00201716.,0,0,0
WBGene00201717.,0,0,0
WBGene00201718.,0,0,0
WBGene00201719.,0,0,0
WBGene00201720.,0,0,0
WBGene00201721.,0,1,1
WBGene00201722.,0,0,0
WBGene00201723.,0,0,0
WBGene00201724.,0,0,0
WBGene00201725.,0,0,0
WBGene00201726.,0,0,0
WBGene00201727.,0,0,0
WBGene00201728.,0,0,0
WBGene00201729.,0,2,2
WBGene00201730.,0,0,0
WBGene00201731.,0,0,0
WBGene00201732.,0,0,0
WBGene00201733.,0,0,0
WBGene00201734.,0,0,0
WBGene00201735.,0,0,0
WBGene00201736.,0,0,0
WBGene00201737.,0,0,0
WBGene00201738.,0,0,0
WBGene00201739.,0,7,7
WBGene00201740.,0,1,1
WBGene00201741.,0,1,1
WBGene00201742.,0,0,0
WBGene00201743.,0,0,0
WBGene00201744.,0,1,1
WBGene00201745.,0,22,22
WBGene00201746.,0,0,0
WBGene00201747.,0,1,1
WBGene00201748.,0,0,0
WBGene00201749.,0,2,2
WBGene00201750.,0,0,0
WBGene00201751.,0,0,0
WBGene00201752.,0,2,2
WBGene00201753.,0,0,0
WBGene00201754.,0,1,1
WBGene00201755.,0,0,0
WBGene00201756.,0,0,0
WBGene00201757.,0,2,2
WBGene00201758.,0,0,0
WBGene00201759.,0,0,0
WBGene00201760.,0,0,0
WBGene00201761.,0,1,1
WBGene00201762.,0,1,1
WBGene00201763.,0,0,0
WBGene00201764.,0,0,0
WBGene00201765.,0,0,0
WBGene00201766.,0,0,0
WBGene00201767.,0,1,1
WBGene00201768.,0,0,0
WBGene00201769.,0,2,2
WBGene00201770.,0,4,4
WBGene00201771.,0,1,1
WBGene00201772.,0,0,0
WBGene00201773.,0,4,4
WBGene00201774.,0,0,0
WBGene00201775.,0,0,0
WBGene00201776.,0,0,0
WBGene00201777.,0,0,0
WBGene00201778.,0,3,3
WBGene00201779.,0,3,3
WBGene00201780.,0,0,0
WBGene00201781.,0,0,0
WBGene00201782.,0,0,0
WBGene00201783.,0,11,11
WBGene00201784.,0,1,1
WBGene00201785.,0,0,0
WBGene00201786.,0,0,0
WBGene00201787.,0,0,0
WBGene00201788.,0,0,0
WBGene00201789.,0,1,1
WBGene00201790.,0,2,2
WBGene00201791.,0,2,2
WBGene00201792.,0,0,0
WBGene00201793.,0,0,0
WBGene00201794.,0,0,0
WBGene00201795.,0,0,0
WBGene00201796.,0,0,0
WBGene00201797.,0,0,0
WBGene00201798.,0,0,0
WBGene00201799.,0,0,0
WBGene00201800.,0,0,0
WBGene00201801.,0,0,0
WBGene00201802.,0,0,0
WBGene00201803.,0,0,0
WBGene00201804.,0,0,0
WBGene00201805.,0,0,0
WBGene00201806.,0,1,1
WBGene00201807.,0,2,2
WBGene00201808.,0,1,1
WBGene00201809.,0,0,0
WBGene00201810.,0,0,0
WBGene00201811.,0,3,3
WBGene00201812.,0,0,0
WBGene00201813.,0,0,0
WBGene00201814.,0,0,0
WBGene00201815.,0,0,0
WBGene00201816.,0,0,0
WBGene00201817.,0,0,0
WBGene00201818.,0,0,0
WBGene00201819.,0,0,0
WBGene00201820.,0,0,0
WBGene00201821.,0,1,1
WBGene00201822.,0,0,0
WBGene00201823.,0,0,0
WBGene00201824.,0,0,0
WBGene00201825.,0,15,15
WBGene00201826.,0,0,0
WBGene00201827.,0,0,0
WBGene00201828.,0,2,2
WBGene00201829.,0,0,0
WBGene00201830.,0,0,0
WBGene00201831.,0,1,1
WBGene00201832.,0,0,0
WBGene00201833.,0,0,0
WBGene00201834.,0,0,0
WBGene00201835.,0,0,0
WBGene00201836.,0,1,1
WBGene00201837.,0,0,0
WBGene00201838.,0,2,2
WBGene00201839.,0,0,0
WBGene00201840.,0,0,0
WBGene00201841.,0,0,0
WBGene00201842.,0,2,2
WBGene00201843.,0,0,0
WBGene00201844.,0,1,1
WBGene00201845.,0,0,0
WBGene00201846.,0,8,8
WBGene00201847.,0,0,0
WBGene00201848.,0,2,2
WBGene00201849.,0,0,0
WBGene00201850.,0,0,0
WBGene00201851.,0,0,0
WBGene00201852.,0,0,0
WBGene00201853.,0,1,1
WBGene00201854.,0,0,0
WBGene00201855.,0,6,6
WBGene00201856.,0,0,0
WBGene00201857.,0,0,0
WBGene00201858.,0,0,0
WBGene00201859.,0,0,0
WBGene00201860.,0,0,0
WBGene00201861.,0,0,0
WBGene00201862.,0,0,0
WBGene00201863.,0,0,0
WBGene00201864.,0,0,0
WBGene00201865.,0,0,0
WBGene00201866.,0,0,0
WBGene00201867.,0,1,1
WBGene00201868.,0,0,0
WBGene00201869.,0,0,0
WBGene00201870.,0,0,0
WBGene00201871.,0,38,38
WBGene00201872.,0,0,0
WBGene00201873.,0,0,0
WBGene00201874.,0,0,0
WBGene00201875.,0,0,0
WBGene00201876.,0,0,0
WBGene00201877.,0,0,0
WBGene00201878.,0,0,0
WBGene00201879.,0,1,1
WBGene00201880.,0,0,0
WBGene00201881.,0,1,1
WBGene00201882.,0,0,0
WBGene00201883.,0,0,0
WBGene00201884.,0,0,0
WBGene00201885.,0,0,0
WBGene00201886.,0,0,0
WBGene00201887.,0,0,0
WBGene00201888.,0,0,0
WBGene00201889.,0,7,7
WBGene00201890.,0,0,0
WBGene00201891.,0,0,0
WBGene00201892.,0,0,0
WBGene00201893.,0,0,0
WBGene00201894.,0,2,2
WBGene00201895.,0,0,0
WBGene00201896.,0,0,0
WBGene00201897.,0,1,1
WBGene00201898.,0,0,0
WBGene00201899.,0,1,1
WBGene00201900.,0,3,3
WBGene00201901.,0,0,0
WBGene00201902.,0,2,2
WBGene00201903.,0,0,0
WBGene00201904.,0,0,0
WBGene00201905.,0,0,0
WBGene00201906.,0,1,1
WBGene00201907.,0,1,1
WBGene00201908.,0,0,0
WBGene00201909.,0,2,2
WBGene00201910.,0,0,0
WBGene00201911.,0,0,0
WBGene00201912.,0,1,1
WBGene00201913.,0,0,0
WBGene00201914.,0,0,0
WBGene00201915.,0,0,0
WBGene00201916.,0,8,8
WBGene00201917.,0,0,0
WBGene00201918.,0,0,0
WBGene00201919.,0,2,2
WBGene00201920.,0,0,0
WBGene00201921.,0,0,0
WBGene00201922.,0,0,0
WBGene00201923.,0,2,2
WBGene00201924.,0,0,0
WBGene00201925.,0,0,0
WBGene00201926.,0,0,0
WBGene00201927.,0,0,0
WBGene00201928.,0,1,1
WBGene00201929.,0,0,0
WBGene00201930.,0,0,0
WBGene00201931.,0,0,0
WBGene00201932.,0,1,1
WBGene00201933.,0,1,1
WBGene00201934.,0,0,0
WBGene00201935.,0,0,0
WBGene00201936.,0,0,0
WBGene00201937.,0,0,0
WBGene00201938.,0,0,0
WBGene00201939.,0,0,0
WBGene00201940.,0,0,0
WBGene00201941.,0,0,0
WBGene00201942.,0,2,2
WBGene00201943.,0,0,0
WBGene00201944.,0,2,2
WBGene00201945.,0,0,0
WBGene00201946.,0,0,0
WBGene00201947.,0,1,1
WBGene00201948.,0,0,0
WBGene00201949.,0,1,1
WBGene00201950.,0,0,0
WBGene00201951.,0,0,0
WBGene00201952.,0,2,2
WBGene00201953.,0,19,19
WBGene00201954.,0,0,0
WBGene00201955.,0,0,0
WBGene00201956.,0,0,0
WBGene00201957.,0,0,0
WBGene00201958.,0,0,0
WBGene00201959.,0,0,0
WBGene00201960.,0,0,0
WBGene00201961.,0,0,0
WBGene00201962.,0,0,0
WBGene00201963.,0,0,0
WBGene00201964.,0,29,29
WBGene00201965.,0,0,0
WBGene00201966.,0,2,2
WBGene00201967.,0,1,1
WBGene00201968.,0,0,0
WBGene00201969.,0,1,1
WBGene00201970.,0,0,0
WBGene00201971.,0,0,0
WBGene00201972.,0,0,0
WBGene00201973.,0,0,0
WBGene00201974.,0,0,0
WBGene00201975.,0,0,0
WBGene00201976.,0,0,0
WBGene00201977.,0,0,0
WBGene00201978.,0,1,1
WBGene00201979.,0,0,0
WBGene00201980.,0,0,0
WBGene00201981.,0,0,0
WBGene00201982.,0,0,0
WBGene00201983.,0,0,0
WBGene00201984.,0,0,0
WBGene00201985.,0,0,0
WBGene00201986.,0,4,4
WBGene00201987.,0,1,1
WBGene00201988.,0,0,0
WBGene00201989.,0,1,1
WBGene00201990.,0,1,1
WBGene00201991.,0,1,1
WBGene00201992.,0,2,2
WBGene00201993.,0,2,2
WBGene00201994.,0,0,0
WBGene00201995.,0,0,0
WBGene00201996.,0,0,0
WBGene00201997.,0,0,0
WBGene00201998.,0,5,5
WBGene00201999.,0,0,0
WBGene00202000.,0,0,0
WBGene00202001.,0,2,2
WBGene00202002.,0,0,0
WBGene00202003.,0,0,0
WBGene00202004.,0,0,0
WBGene00202005.,0,5,5
WBGene00202006.,0,0,0
WBGene00202007.,0,0,0
WBGene00202008.,0,2,2
WBGene00202009.,0,2,2
WBGene00202010.,0,8,8
WBGene00202011.,0,2,2
WBGene00202012.,0,3,3
WBGene00202013.,0,0,0
WBGene00202014.,0,0,0
WBGene00202015.,0,0,0
WBGene00202016.,0,7,7
WBGene00202017.,0,0,0
WBGene00202018.,0,0,0
WBGene00202019.,0,0,0
WBGene00202020.,0,0,0
WBGene00202021.,0,3,3
WBGene00202022.,0,0,0
WBGene00202023.,0,0,0
WBGene00202024.,0,0,0
WBGene00202025.,0,0,0
WBGene00202026.,0,0,0
WBGene00202027.,0,0,0
WBGene00202028.,0,8,8
WBGene00202029.,0,3,3
WBGene00202030.,0,2,2
WBGene00202031.,0,0,0
WBGene00202032.,0,0,0
WBGene00202033.,0,0,0
WBGene00202034.,0,0,0
WBGene00202035.,0,0,0
WBGene00202036.,0,0,0
WBGene00202037.,0,0,0
WBGene00202038.,0,0,0
WBGene00202039.,0,0,0
WBGene00202040.,0,0,0
WBGene00202041.,0,0,0
WBGene00202042.,0,0,0
WBGene00202043.,0,0,0
WBGene00202044.,0,0,0
WBGene00202045.,0,0,0
WBGene00202046.,0,0,0
WBGene00202047.,0,0,0
WBGene00202048.,0,0,0
WBGene00202049.,0,0,0
WBGene00202050.,0,0,0
WBGene00202051.,0,0,0
WBGene00202052.,0,0,0
WBGene00202053.,0,0,0
WBGene00202054.,0,1,1
WBGene00202055.,0,0,0
WBGene00202056.,0,0,0
WBGene00202057.,0,0,0
WBGene00202058.,0,0,0
WBGene00202059.,0,0,0
WBGene00202060.,0,2,2
WBGene00202061.,0,0,0
WBGene00202062.,0,1,1
WBGene00202063.,0,0,0
WBGene00202064.,0,0,0
WBGene00202065.,0,6,6
WBGene00202066.,0,5,5
WBGene00202067.,0,0,0
WBGene00202068.,0,0,0
WBGene00202069.,0,0,0
WBGene00202070.,0,1,1
WBGene00202071.,0,0,0
WBGene00202072.,0,0,0
WBGene00202073.,0,0,0
WBGene00202074.,0,0,0
WBGene00202075.,0,1,1
WBGene00202076.,0,0,0
WBGene00202077.,0,1,1
WBGene00202078.,0,0,0
WBGene00202079.,0,6,6
WBGene00202080.,0,2,2
WBGene00202081.,0,0,0
WBGene00202082.,0,1,1
WBGene00202083.,0,0,0
WBGene00202084.,0,5,5
WBGene00202085.,0,3,3
WBGene00202086.,0,0,0
WBGene00202087.,0,3,3
WBGene00202088.,0,3,3
WBGene00202089.,0,0,0
WBGene00202090.,0,0,0
WBGene00202091.,0,2,2
WBGene00202092.,0,1,1
WBGene00202093.,0,0,0
WBGene00202094.,0,3,3
WBGene00202095.,0,0,0
WBGene00202096.,0,0,0
WBGene00202097.,0,1,1
WBGene00202098.,0,1,1
WBGene00202099.,0,0,0
WBGene00202100.,0,0,0
WBGene00202101.,0,1,1
WBGene00202102.,0,1,1
WBGene00202103.,0,0,0
WBGene00202104.,0,0,0
WBGene00202105.,0,1,1
WBGene00202106.,0,0,0
WBGene00202107.,0,2,2
WBGene00202108.,0,0,0
WBGene00202109.,0,0,0
WBGene00202110.,0,0,0
WBGene00202111.,0,0,0
WBGene00202112.,0,0,0
WBGene00202113.,0,0,0
WBGene00202114.,0,1,1
WBGene00202115.,0,0,0
WBGene00202116.,0,0,0
WBGene00202117.,0,0,0
WBGene00202118.,0,0,0
WBGene00202119.,0,0,0
WBGene00202120.,0,0,0
WBGene00202121.,0,0,0
WBGene00202122.,0,0,0
WBGene00202123.,0,0,0
WBGene00202124.,0,0,0
WBGene00202125.,0,0,0
WBGene00202126.,0,0,0
WBGene00202127.,0,0,0
WBGene00202128.,0,0,0
WBGene00202129.,0,0,0
WBGene00202130.,0,0,0
WBGene00202131.,0,0,0
WBGene00202132.,0,4,4
WBGene00202133.,0,5,5
WBGene00202134.,0,0,0
WBGene00202135.,0,0,0
WBGene00202136.,0,3,3
WBGene00202137.,0,1,1
WBGene00202138.,0,1,1
WBGene00202139.,0,0,0
WBGene00202140.,0,3,3
WBGene00202141.,0,0,0
WBGene00202142.,0,0,0
WBGene00202143.,0,2,2
WBGene00202144.,0,0,0
WBGene00202145.,0,0,0
WBGene00202146.,0,0,0
WBGene00202147.,0,0,0
WBGene00202148.,0,0,0
WBGene00202149.,0,0,0
WBGene00202150.,0,2,2
WBGene00202151.,0,0,0
WBGene00202152.,0,0,0
WBGene00202153.,0,0,0
WBGene00202154.,0,0,0
WBGene00202155.,0,0,0
WBGene00202156.,0,0,0
WBGene00202157.,0,1,1
WBGene00202158.,0,0,0
WBGene00202159.,0,0,0
WBGene00202160.,0,0,0
WBGene00202161.,0,2,2
WBGene00202162.,0,0,0
WBGene00202163.,0,1,1
WBGene00202164.,0,0,0
WBGene00202165.,0,1,1
WBGene00202166.,0,5,5
WBGene00202167.,0,0,0
WBGene00202168.,0,0,0
WBGene00202169.,0,0,0
WBGene00202170.,0,0,0
WBGene00202171.,0,0,0
WBGene00202172.,0,0,0
WBGene00202173.,0,0,0
WBGene00202174.,0,0,0
WBGene00202175.,0,0,0
WBGene00202176.,0,0,0
WBGene00202177.,0,0,0
WBGene00202178.,0,0,0
WBGene00202179.,0,0,0
WBGene00202180.,0,0,0
WBGene00202181.,0,0,0
WBGene00202182.,0,0,0
WBGene00202183.,0,1,1
WBGene00202184.,0,0,0
WBGene00202185.,0,0,0
WBGene00202186.,0,0,0
WBGene00202187.,0,0,0
WBGene00202188.,0,0,0
WBGene00202189.,0,0,0
WBGene00202190.,0,0,0
WBGene00202191.,0,0,0
WBGene00202192.,0,0,0
WBGene00202193.,0,0,0
WBGene00202194.,0,0,0
WBGene00202195.,0,2,2
WBGene00202196.,0,0,0
WBGene00202197.,0,0,0
WBGene00202198.,0,0,0
WBGene00202199.,0,0,0
WBGene00202200.,0,0,0
WBGene00202201.,0,0,0
WBGene00202202.,0,0,0
WBGene00202203.,0,0,0
WBGene00202204.,0,0,0
WBGene00202205.,0,0,0
WBGene00202206.,0,0,0
WBGene00202207.,0,0,0
WBGene00202208.,0,0,0
WBGene00202209.,0,0,0
WBGene00202210.,0,0,0
WBGene00202211.,0,3,3
WBGene00202212.,0,0,0
WBGene00202213.,0,0,0
WBGene00202214.,0,0,0
WBGene00202215.,0,0,0
WBGene00202216.,0,0,0
WBGene00202217.,0,0,0
WBGene00202218.,0,0,0
WBGene00202219.,0,0,0
WBGene00202220.,0,0,0
WBGene00202221.,0,0,0
WBGene00202222.,0,0,0
WBGene00202223.,0,2,2
WBGene00202224.,0,0,0
WBGene00202225.,0,0,0
WBGene00202226.,0,0,0
WBGene00202227.,0,0,0
WBGene00202228.,0,0,0
WBGene00202229.,0,0,0
WBGene00202230.,0,0,0
WBGene00202231.,0,0,0
WBGene00202232.,0,0,0
WBGene00202233.,0,0,0
WBGene00202234.,0,0,0
WBGene00202235.,0,0,0
WBGene00202236.,0,0,0
WBGene00202237.,0,1,1
WBGene00202238.,0,0,0
WBGene00202239.,0,0,0
WBGene00202240.,0,1,1
WBGene00202241.,0,0,0
WBGene00202242.,0,0,0
WBGene00202243.,0,0,0
WBGene00202244.,0,2,2
WBGene00202245.,0,0,0
WBGene00202246.,0,0,0
WBGene00202247.,0,0,0
WBGene00202248.,0,0,0
WBGene00202249.,0,0,0
WBGene00202250.,0,0,0
WBGene00202251.,0,0,0
WBGene00202252.,0,0,0
WBGene00202253.,0,0,0
WBGene00202254.,0,0,0
WBGene00202255.,0,4,4
WBGene00202256.,0,0,0
WBGene00202257.,0,1,1
WBGene00202258.,0,0,0
WBGene00202259.,0,0,0
WBGene00202260.,0,0,0
WBGene00202261.,0,0,0
WBGene00202262.,0,0,0
WBGene00202263.,0,2,2
WBGene00202264.,0,0,0
WBGene00202265.,0,2,2
WBGene00202266.,0,0,0
WBGene00202267.,0,6,6
WBGene00202268.,0,2,2
WBGene00202269.,0,0,0
WBGene00202270.,0,0,0
WBGene00202271.,0,0,0
WBGene00202272.,0,0,0
WBGene00202273.,0,1,1
WBGene00202274.,0,0,0
WBGene00202275.,0,0,0
WBGene00202276.,0,0,0
WBGene00202277.,0,0,0
WBGene00202278.,0,1,1
WBGene00202279.,0,0,0
WBGene00202280.,0,0,0
WBGene00202281.,0,0,0
WBGene00202282.,0,0,0
WBGene00202283.,0,0,0
WBGene00202284.,0,0,0
WBGene00202285.,0,0,0
WBGene00202286.,0,1,1
WBGene00202287.,0,0,0
WBGene00202288.,0,0,0
WBGene00202289.,0,2,2
WBGene00202290.,0,0,0
WBGene00202291.,0,0,0
WBGene00202292.,0,0,0
WBGene00202293.,0,4,4
WBGene00202294.,0,6,6
WBGene00202295.,0,0,0
WBGene00202296.,0,0,0
WBGene00202297.,0,2,2
WBGene00202298.,0,0,0
WBGene00202299.,0,0,0
WBGene00202300.,0,2,2
WBGene00202301.,0,0,0
WBGene00202302.,0,0,0
WBGene00202303.,0,0,0
WBGene00202304.,0,0,0
WBGene00202305.,0,1,1
WBGene00202306.,0,2,2
WBGene00202307.,0,0,0
WBGene00202308.,0,0,0
WBGene00202309.,0,0,0
WBGene00202310.,0,0,0
WBGene00202311.,0,2,2
WBGene00202312.,0,1,1
WBGene00202313.,0,0,0
WBGene00202314.,0,1,1
WBGene00202315.,0,0,0
WBGene00202316.,0,2,2
WBGene00202317.,0,3,3
WBGene00202318.,0,0,0
WBGene00202319.,0,0,0
WBGene00202320.,0,0,0
WBGene00202321.,0,0,0
WBGene00202322.,0,0,0
WBGene00202323.,0,10,10
WBGene00202324.,0,0,0
WBGene00202325.,0,0,0
WBGene00202326.,0,0,0
WBGene00202327.,0,0,0
WBGene00202328.,0,0,0
WBGene00202329.,0,0,0
WBGene00202330.,0,3,3
WBGene00202331.,0,0,0
WBGene00202332.,0,1,1
WBGene00202333.,0,1,1
WBGene00202334.,0,0,0
WBGene00202335.,0,0,0
WBGene00202336.,0,0,0
WBGene00202337.,0,0,0
WBGene00202338.,0,0,0
WBGene00202339.,0,0,0
WBGene00202340.,0,3,3
WBGene00202341.,0,0,0
WBGene00202342.,0,0,0
WBGene00202343.,0,0,0
WBGene00202344.,0,0,0
WBGene00202345.,0,0,0
WBGene00202346.,0,0,0
WBGene00202347.,0,0,0
WBGene00202348.,0,0,0
WBGene00202349.,0,2,2
WBGene00202350.,0,1,1
WBGene00202351.,0,0,0
WBGene00202352.,0,0,0
WBGene00202353.,0,0,0
WBGene00202354.,0,0,0
WBGene00202355.,0,0,0
WBGene00202356.,0,0,0
WBGene00202357.,0,0,0
WBGene00202358.,0,0,0
WBGene00202359.,0,0,0
WBGene00202360.,0,0,0
WBGene00202361.,0,0,0
WBGene00202362.,0,0,0
WBGene00202363.,0,0,0
WBGene00202364.,0,0,0
WBGene00202365.,0,1,1
WBGene00202366.,0,0,0
WBGene00202367.,0,1,1
WBGene00202368.,0,0,0
WBGene00202369.,0,0,0
WBGene00202370.,0,2,2
WBGene00202371.,0,0,0
WBGene00202372.,0,0,0
WBGene00202373.,0,0,0
WBGene00202374.,0,0,0
WBGene00202375.,0,0,0
WBGene00202376.,0,0,0
WBGene00202377.,0,0,0
WBGene00202378.,0,0,0
WBGene00202379.,0,1,1
WBGene00202380.,0,0,0
WBGene00202381.,0,0,0
WBGene00202382.,0,0,0
WBGene00202383.,0,0,0
WBGene00202384.,0,0,0
WBGene00202385.,0,0,0
WBGene00202386.,0,0,0
WBGene00202387.,0,0,0
WBGene00202388.,0,1,1
WBGene00202389.,0,4,4
WBGene00202390.,0,0,0
WBGene00202391.,0,0,0
WBGene00202392.,0,2,2
WBGene00202393.,0,0,0
WBGene00202394.,0,0,0
WBGene00202395.,0,0,0
WBGene00202396.,0,0,0
WBGene00202397.,0,0,0
WBGene00202398.,0,0,0
WBGene00202399.,0,0,0
WBGene00202400.,0,16,16
WBGene00202401.,0,0,0
WBGene00202402.,0,0,0
WBGene00202403.,0,0,0
WBGene00202404.,0,0,0
WBGene00202405.,0,0,0
WBGene00202406.,0,0,0
WBGene00202407.,0,0,0
WBGene00202408.,0,0,0
WBGene00202409.,0,0,0
WBGene00202410.,0,43,43
WBGene00202411.,0,0,0
WBGene00202412.,0,2,2
WBGene00202413.,0,0,0
WBGene00202414.,0,0,0
WBGene00202415.,0,0,0
WBGene00202416.,0,0,0
WBGene00202417.,0,0,0
WBGene00202418.,0,0,0
WBGene00202419.,0,0,0
WBGene00202420.,0,0,0
WBGene00202421.,0,0,0
WBGene00202422.,0,0,0
WBGene00202423.,0,0,0
WBGene00202424.,0,21,21
WBGene00202425.,0,1,1
WBGene00202426.,0,0,0
WBGene00202427.,0,0,0
WBGene00202428.,0,0,0
WBGene00202429.,0,0,0
WBGene00202430.,0,2,2
WBGene00202431.,0,0,0
WBGene00202432.,0,1,1
WBGene00202433.,0,0,0
WBGene00202434.,0,0,0
WBGene00202435.,0,0,0
WBGene00202436.,0,1,1
WBGene00202437.,0,0,0
WBGene00202438.,0,2,2
WBGene00202439.,0,2,2
WBGene00202440.,0,0,0
WBGene00202441.,0,1,1
WBGene00202442.,0,0,0
WBGene00202443.,0,0,0
WBGene00202444.,0,0,0
WBGene00202445.,0,0,0
WBGene00202446.,0,1,1
WBGene00202447.,0,2,2
WBGene00202448.,0,2,2
WBGene00202449.,0,2,2
WBGene00202450.,0,0,0
WBGene00202451.,0,0,0
WBGene00202452.,0,0,0
WBGene00202453.,0,2,2
WBGene00202454.,0,1,1
WBGene00202455.,0,0,0
WBGene00202456.,0,0,0
WBGene00202457.,0,0,0
WBGene00202458.,0,0,0
WBGene00202459.,0,0,0
WBGene00202460.,0,0,0
WBGene00202461.,0,0,0
WBGene00202462.,0,0,0
WBGene00202463.,0,0,0
WBGene00202464.,0,0,0
WBGene00202465.,0,0,0
WBGene00202466.,0,1,1
WBGene00202467.,0,0,0
WBGene00202468.,0,0,0
WBGene00202469.,0,1,1
WBGene00202470.,0,0,0
WBGene00202471.,0,1,1
WBGene00202472.,0,4,4
WBGene00202473.,0,0,0
WBGene00202474.,0,0,0
WBGene00202475.,0,0,0
WBGene00202476.,0,2,2
WBGene00202477.,0,0,0
WBGene00202478.,0,0,0
WBGene00202479.,0,1,1
WBGene00202480.,0,2,2
WBGene00202481.,0,0,0
WBGene00202482.,0,0,0
WBGene00202483.,0,0,0
WBGene00202484.,0,1,1
WBGene00202485.,0,0,0
WBGene00202486.,0,0,0
WBGene00202487.,0,0,0
WBGene00202488.,0,0,0
WBGene00202489.,0,0,0
WBGene00202490.,0,1,1
WBGene00202491.,0,0,0
WBGene00202492.,0,0,0
WBGene00202493.,0,0,0
WBGene00202494.,0,0,0
WBGene00202495.,0,0,0
WBGene00202496.,3,8,11
WBGene00202497.,0,0,0
WBGene00202498.,5,13,18
WBGene00202499.,0,0,0
WBGene00202500.,4,0,4
WBGene00202501.,1,6,7
WBGene00202502.,0,0,0
WBGene00202504.,0,0,0
WBGene00202511.,0,1,1
WBGene00202512.,6,18,24
WBGene00202513.,5,34,39
WBGene00202514.,1,5,6
WBGene00206354.,1,5,6
WBGene00206355.,0,4,4
WBGene00206356.,20,349,369
WBGene00206357.,0,0,0
WBGene00206358.,1,0,1
WBGene00206359.,0,6,6
WBGene00206360.,0,1,1
WBGene00206361.,5,63,68
WBGene00206362.,33,93,126
WBGene00206363.,0,1,1
WBGene00206364.,0,2,2
WBGene00206365.,0,2,2
WBGene00206366.,0,0,0
WBGene00206368.,0,1,1
WBGene00206369.,0,0,0
WBGene00206370.,0,5,5
WBGene00206371.,1,47,48
WBGene00206372.,0,1,1
WBGene00206373.,13,66,79
WBGene00206374.,26,45,71
WBGene00206375.,0,2,2
WBGene00206377.,1,11,12
WBGene00206378.,0,0,0
WBGene00206379.,0,1,1
WBGene00206380.,34,330,364
WBGene00206381.,1,7,8
WBGene00206382.,3,76,79
WBGene00206383.,0,1,1
WBGene00206384.,1,2,3
WBGene00206385.,0,0,0
WBGene00206386.,6,22,28
WBGene00206388.,0,0,0
WBGene00206389.,0,0,0
WBGene00206390.,0,0,0
WBGene00206391.,0,0,0
WBGene00206392.,14,12,26
WBGene00206393.,0,2,2
WBGene00206394.,0,0,0
WBGene00206395.,0,0,0
WBGene00206411.,0,6,6
WBGene00206412.,4,4,8
WBGene00206413.,1,1,2
WBGene00206414.,1,5,6
WBGene00206415.,4,5,9
WBGene00206416.,2,5,7
WBGene00206417.,33,165,198
WBGene00206418.,0,8,8
WBGene00206420.,1,33,34
WBGene00206421.,0,0,0
WBGene00206422.,0,23,23
WBGene00206423.,0,527,527
WBGene00206459.,18,114,132
WBGene00206460.,0,20,20
WBGene00206461.,2,23,25
WBGene00206462.,0,2,2
WBGene00206464.,0,505,505
WBGene00206466.,3,13,16
WBGene00206468.,0,0,0
WBGene00206469.,2,7,9
WBGene00206470.,0,0,0
WBGene00206471.,2,3,5
WBGene00206473.,0,9,9
WBGene00206474.,14,44,58
WBGene00206475.,0,1,1
WBGene00206477.,1,1,2
WBGene00206478.,1,4,5
WBGene00206479.,1,1,2
WBGene00206481.,0,0,0
WBGene00206482.,3,13,16
WBGene00206483.,0,1,1
WBGene00206484.,3,12,15
WBGene00206485.,0,0,0
WBGene00206486.,2,0,2
WBGene00206487.,5,203,208
WBGene00206488.,12,19,31
WBGene00206489.,4,2,6
WBGene00206490.,0,0,0
WBGene00206491.,5,24,29
WBGene00206492.,0,0,0
WBGene00206493.,0,0,0
WBGene00206494.,0,0,0
WBGene00206495.,1,0,1
WBGene00206496.,0,0,0
WBGene00206497.,0,2,2
WBGene00206498.,1,2,3
WBGene00206499.,0,0,0
WBGene00206500.,0,0,0
WBGene00206501.,0,0,0
WBGene00206502.,0,1,1
WBGene00206503.,0,0,0
WBGene00206504.,0,0,0
WBGene00206505.,1,65,66
WBGene00206506.,0,0,0
WBGene00206507.,1,1,2
WBGene00206508.,0,0,0
WBGene00206509.,0,0,0
WBGene00206510.,0,1,1
WBGene00206511.,0,0,0
WBGene00206512.,0,9,9
WBGene00206513.,0,0,0
WBGene00206514.,0,1,1
WBGene00206515.,0,0,0
WBGene00206516.,162,0,162
WBGene00206517.,2,24,26
WBGene00206518.,0,0,0
WBGene00206519.,0,1,1
WBGene00206520.,0,2,2
WBGene00206521.,0,0,0
WBGene00206522.,19,494,513
WBGene00206523.,0,0,0
WBGene00206524.,0,0,0
WBGene00206525.,62,383,445
WBGene00206526.,4,1,5
WBGene00206527.,4,5,9
WBGene00206528.,0,6,6
WBGene00206529.,9,52,61
WBGene00206530.,2,9,11
WBGene00206531.,0,1,1
WBGene00206532.,164,177,341
WBGene00206533.,25,39,64
WBGene00206534.,0,0,0
WBGene00206535.,0,0,0
WBGene00206536.,1,1,2
WBGene00206537.,1,2,3
WBGene00206538.,10,56,66
WBGene00215616.,13,44,57
WBGene00219205.,0,1,1
WBGene00219206.,1,34,35
WBGene00219207.,0,324,324
WBGene00219208.,21,202,223
WBGene00219209.,4,13,17
WBGene00219210.,2,10,12
WBGene00219212.,0,0,0
WBGene00219214.,2,0,2
WBGene00219215.,0,0,0
WBGene00219216.,0,0,0
WBGene00219217.,1,3,4
WBGene00219218.,2,8,10
WBGene00219219.,0,0,0
WBGene00219220.,0,2,2
WBGene00219221.,0,2,2
WBGene00219222.,0,0,0
WBGene00219223.,0,0,0
WBGene00219224.,0,0,0
WBGene00219225.,0,0,0
WBGene00219226.,0,0,0
WBGene00219227.,0,0,0
WBGene00219228.,0,1,1
WBGene00219229.,0,4,4
WBGene00219230.,0,0,0
WBGene00219231.,0,0,0
WBGene00219232.,0,2,2
WBGene00219233.,0,0,0
WBGene00219234.,0,0,0
WBGene00219235.,1,14,15
WBGene00219236.,21,242,263
WBGene00219238.,0,1,1
WBGene00219239.,0,0,0
WBGene00219241.,0,2,2
WBGene00219242.,0,0,0
WBGene00219243.,12,11,23
WBGene00219244.,0,0,0
WBGene00219245.,0,1,1
WBGene00219246.,0,0,0
WBGene00219247.,0,0,0
WBGene00219248.,0,0,0
WBGene00219249.,0,0,0
WBGene00219250.,0,0,0
WBGene00219251.,0,0,0
WBGene00219252.,0,0,0
WBGene00219253.,0,0,0
WBGene00219254.,0,0,0
WBGene00219255.,0,0,0
WBGene00219256.,0,0,0
WBGene00219257.,0,0,0
WBGene00219258.,0,0,0
WBGene00219259.,0,0,0
WBGene00219260.,0,0,0
WBGene00219261.,0,0,0
WBGene00219262.,0,0,0
WBGene00219263.,0,0,0
WBGene00219264.,0,1,1
WBGene00219265.,0,0,0
WBGene00219266.,0,0,0
WBGene00219267.,0,4,4
WBGene00219269.,0,0,0
WBGene00219270.,0,0,0
WBGene00219271.,0,0,0
WBGene00219272.,5,2,7
WBGene00219274.,1,10,11
WBGene00219275.,180,791,971
WBGene00219278.,1,3,4
WBGene00219279.,0,3,3
WBGene00219280.,4,8,12
WBGene00219281.,14,7,21
WBGene00219282.,0,3,3
WBGene00219283.,55,30,85
WBGene00219284.,0,0,0
WBGene00219285.,4,3,7
WBGene00219286.,0,8,8
WBGene00219287.,52,325,377
WBGene00219288.,10,25,35
WBGene00219289.,241,250,491
WBGene00219290.,0,0,0
WBGene00219291.,0,0,0
WBGene00219292.,1,5,6
WBGene00219293.,0,0,0
WBGene00219294.,3,18,21
WBGene00219295.,2,2,4
WBGene00219296.,0,1,1
WBGene00219297.,0,1,1
WBGene00219298.,0,5,5
WBGene00219299.,3,1,4
WBGene00219300.,1,13,14
WBGene00219301.,1,0,1
WBGene00219302.,0,13,13
WBGene00219303.,11,21,32
WBGene00219304.,55,791,846
WBGene00219306.,12,147,159
WBGene00219307.,206,873,1079
WBGene00219308.,0,0,0
WBGene00219309.,0,17,17
WBGene00219310.,0,0,0
WBGene00219311.,0,0,0
WBGene00219312.,0,0,0
WBGene00219313.,11,299,310
WBGene00219314.,0,0,0
WBGene00219315.,0,1,1
WBGene00219316.,0,12,12
WBGene00219317.,0,2,2
WBGene00219318.,0,0,0
WBGene00219319.,3,2,5
WBGene00219321.,0,1,1
WBGene00219322.,0,0,0
WBGene00219323.,0,0,0
WBGene00219324.,0,0,0
WBGene00219325.,3,0,3
WBGene00219326.,0,0,0
WBGene00219327.,0,0,0
WBGene00219329.,71,70,141
WBGene00219330.,0,0,0
WBGene00219331.,0,0,0
WBGene00219332.,6,0,6
WBGene00219337.,22,9,31
WBGene00219342.,0,0,0
WBGene00219343.,0,44,44
WBGene00219351.,1,1,2
WBGene00219352.,0,4,4
WBGene00219362.,64,92,156
WBGene00219368.,0,3,3
WBGene00219369.,0,5,5
WBGene00219370.,0,0,0
WBGene00219371.,2,11,13
WBGene00219373.,7,165,172
WBGene00219374.,0,8,8
WBGene00219375.,18,86,104
WBGene00219376.,2,8,10
WBGene00219377.,3,6,9
WBGene00219378.,0,1,1
WBGene00219381.,0,0,0
WBGene00219383.,0,0,0
WBGene00219394.,0,0,0
WBGene00219395.,1,1,2
WBGene00219399.,6,7,13
WBGene00219410.,8,3,11
WBGene00219411.,2,3,5
WBGene00219412.,0,4,4
WBGene00219413.,0,17,17
WBGene00219414.,0,1,1
WBGene00219415.,1,25,26
WBGene00219416.,0,2,2
WBGene00219417.,0,1,1
WBGene00219418.,0,0,0
WBGene00219420.,0,29,29
WBGene00219421.,0,5,5
WBGene00219422.,2,8,10
WBGene00219423.,1,3,4
WBGene00219424.,2,10,12
WBGene00219425.,24,28,52
WBGene00219434.,0,0,0
WBGene00219436.,3,2,5
WBGene00219437.,1,1,2
WBGene00219442.,0,1,1
WBGene00219443.,0,0,0
WBGene00219444.,13,14,27
WBGene00219445.,0,0,0
WBGene00219446.,0,0,0
WBGene00219447.,0,0,0
WBGene00219448.,3,13,16
WBGene00219449.,0,2,2
WBGene00219450.,6,33,39
WBGene00219451.,2,39,41
WBGene00219452.,1,0,1
WBGene00219453.,0,0,0
WBGene00219454.,0,0,0
WBGene00219455.,0,0,0
WBGene00219456.,0,1,1
WBGene00219458.,0,1,1
WBGene00219460.,3,0,3
WBGene00219476.,0,8,8
WBGene00219477.,0,0,0
WBGene00219478.,0,0,0
WBGene00219483.,0,0,0
WBGene00219489.,0,2,2
WBGene00219490.,0,0,0
WBGene00219491.,0,0,0
WBGene00219492.,0,0,0
WBGene00219493.,0,0,0
WBGene00219497.,0,0,0
WBGene00219498.,1,3,4
WBGene00219544.,0,0,0
WBGene00219545.,0,0,0
WBGene00219546.,4,4,8
WBGene00219547.,0,0,0
WBGene00219548.,0,26,26
WBGene00219549.,0,0,0
WBGene00219550.,0,0,0
WBGene00219551.,0,2,2
WBGene00219552.,15,0,15
WBGene00219553.,0,0,0
WBGene00219554.,0,0,0
WBGene00219555.,0,0,0
WBGene00219556.,0,0,0
WBGene00219557.,8,5,13
WBGene00219558.,0,0,0
WBGene00219559.,0,262,262
WBGene00219560.,0,0,0
WBGene00219561.,0,0,0
WBGene00219562.,5,10,15
WBGene00219563.,5,0,5
WBGene00219564.,0,0,0
WBGene00219565.,1,2,3
WBGene00219566.,0,18,18
WBGene00219567.,4,10,14
WBGene00219568.,0,1,1
WBGene00219569.,0,8,8
WBGene00219570.,5,8,13
WBGene00219571.,18,67,85
WBGene00219572.,34,4,38
WBGene00219573.,0,1,1
WBGene00219574.,0,5,5
WBGene00219575.,17,67,84
WBGene00219576.,0,0,0
WBGene00219577.,0,0,0
WBGene00219578.,0,5,5
WBGene00219579.,0,0,0
WBGene00219580.,0,0,0
WBGene00219581.,0,114,114
WBGene00219582.,0,7,7
WBGene00219583.,0,6,6
WBGene00219584.,0,1,1
WBGene00219585.,0,0,0
WBGene00219586.,14,17,31
WBGene00219587.,0,0,0
WBGene00219588.,0,7,7
WBGene00219589.,11,69,80
WBGene00219590.,0,49,49
WBGene00219591.,0,2,2
WBGene00219592.,0,71,71
WBGene00219593.,0,1,1
WBGene00219594.,0,0,0
WBGene00219596.,1,3,4
WBGene00219597.,0,0,0
WBGene00219598.,1,9,10
WBGene00219599.,0,0,0
WBGene00219600.,82,33,115
WBGene00219601.,10,23,33
WBGene00219602.,0,38,38
WBGene00219603.,2,2,4
WBGene00219604.,0,0,0
WBGene00219605.,25,34,59
WBGene00219606.,4,18,22
WBGene00219607.,0,1,1
WBGene00219608.,0,23,23
WBGene00219609.,0,4195,4195
WBGene00219610.,0,6,6
WBGene00219611.,0,0,0
WBGene00219612.,1,6,7
WBGene00219613.,18,3,21
WBGene00219614.,4,4,8
WBGene00219615.,8,17,25
WBGene00219616.,0,0,0
WBGene00219617.,16,89,105
WBGene00219618.,0,13,13
WBGene00219619.,0,37,37
WBGene00219620.,6,0,6
WBGene00219621.,0,0,0
WBGene00219622.,0,0,0
WBGene00219623.,0,1,1
WBGene00219624.,0,0,0
WBGene00219625.,31,17,48
WBGene00219626.,0,10,10
WBGene00219627.,8,5,13
WBGene00219628.,0,0,0
WBGene00219629.,10,11,21
WBGene00219630.,31,6,37
WBGene00219631.,0,1,1
WBGene00219632.,0,0,0
WBGene00219633.,0,7,7
WBGene00219634.,0,0,0
WBGene00219635.,0,0,0
WBGene00219636.,40,122,162
WBGene00219637.,0,4,4
WBGene00219638.,0,1,1
WBGene00219639.,0,3,3
WBGene00219640.,0,1,1
WBGene00219641.,5,47,52
WBGene00219642.,2,1,3
WBGene00219643.,0,0,0
WBGene00219644.,1,0,1
WBGene00219645.,1,2,3
WBGene00219646.,0,1,1
WBGene00219647.,88,216,304
WBGene00219648.,0,1,1
WBGene00219649.,0,43,43
WBGene00219650.,0,55,55
WBGene00219651.,0,10,10
WBGene00219652.,1,0,1
WBGene00219653.,0,0,0
WBGene00219654.,5,2,7
WBGene00219655.,0,1,1
WBGene00219656.,4,2,6
WBGene00219657.,0,2,2
WBGene00219658.,0,1,1
WBGene00219659.,0,10,10
WBGene00219660.,1,3,4
WBGene00219661.,4,13,17
WBGene00219662.,0,1,1
WBGene00219663.,0,0,0
WBGene00219664.,0,26,26
WBGene00219665.,3,4,7
WBGene00219666.,21,10,31
WBGene00219667.,1,6,7
WBGene00219668.,0,0,0
WBGene00219669.,0,5,5
WBGene00219670.,0,0,0
WBGene00219671.,0,0,0
WBGene00219672.,7,15,22
WBGene00219673.,2,9,11
WBGene00219674.,0,1,1
WBGene00219675.,0,144,144
WBGene00219676.,0,17,17
WBGene00219677.,0,1,1
WBGene00219678.,27,113,140
WBGene00219679.,8,1,9
WBGene00219680.,0,45,45
WBGene00219681.,1,16,17
WBGene00219682.,0,8,8
WBGene00219683.,1,0,1
WBGene00219684.,0,3,3
WBGene00219685.,1,1,2
WBGene00219686.,1,13,14
WBGene00219687.,37,90,127
WBGene00219688.,5,10,15
WBGene00219689.,0,9,9
WBGene00219690.,0,0,0
WBGene00219691.,1,2,3
WBGene00219692.,0,0,0
WBGene00219693.,0,0,0
WBGene00219694.,3,8,11
WBGene00219695.,18,32,50
WBGene00219696.,0,0,0
WBGene00219697.,0,5,5
WBGene00219698.,0,0,0
WBGene00219699.,32,287,319
WBGene00219700.,0,56,56
WBGene00219701.,1,9,10
WBGene00219702.,0,2,2
WBGene00219703.,0,2,2
WBGene00219704.,0,0,0
WBGene00219705.,0,0,0
WBGene00219706.,0,1,1
WBGene00219707.,179,522,701
WBGene00219708.,14,166,180
WBGene00219709.,0,0,0
WBGene00219710.,0,18,18
WBGene00219711.,36,101,137
WBGene00219712.,5,3,8
WBGene00219713.,0,12,12
WBGene00219714.,0,0,0
WBGene00219715.,0,5,5
WBGene00219716.,0,3,3
WBGene00219717.,0,0,0
WBGene00219718.,13,31,44
WBGene00219719.,62,82,144
WBGene00219720.,0,214,214
WBGene00219721.,1,21,22
WBGene00219722.,0,30,30
WBGene00219723.,0,1,1
WBGene00219724.,0,0,0
WBGene00219725.,0,4,4
WBGene00219726.,0,1,1
WBGene00219727.,0,12,12
WBGene00219728.,0,5,5
WBGene00219729.,0,7,7
WBGene00219730.,0,29,29
WBGene00219731.,0,0,0
WBGene00219732.,2,0,2
WBGene00219733.,0,0,0
WBGene00219734.,0,29,29
WBGene00219735.,0,1,1
WBGene00219736.,6,20,26
WBGene00219737.,0,1,1
WBGene00219738.,0,7,7
WBGene00219739.,7,20,27
WBGene00219740.,0,1,1
WBGene00219741.,0,0,0
WBGene00219742.,0,2,2
WBGene00219743.,13,44,57
WBGene00219744.,0,0,0
WBGene00219745.,6,10,16
WBGene00219746.,0,85,85
WBGene00219747.,0,0,0
WBGene00219748.,7,32,39
WBGene00219749.,0,14,14
WBGene00219750.,0,0,0
WBGene00219751.,0,1,1
WBGene00219752.,0,1,1
WBGene00219753.,0,18,18
WBGene00219754.,1,0,1
WBGene00219755.,13,105,118
WBGene00219756.,11,67,78
WBGene00219757.,0,0,0
WBGene00219758.,5,235,240
WBGene00219759.,0,1,1
WBGene00219760.,0,0,0
WBGene00219761.,0,0,0
WBGene00219762.,0,1,1
WBGene00219763.,5,19,24
WBGene00219764.,0,0,0
WBGene00219765.,30,6,36
WBGene00219766.,0,2,2
WBGene00219767.,2,1,3
WBGene00219768.,0,2,2
WBGene00219769.,1,2,3
WBGene00219770.,4,3,7
WBGene00219771.,29,181,210
WBGene00219772.,0,0,0
WBGene00219773.,0,4,4
WBGene00219774.,1,4,5
WBGene00219775.,2,0,2
WBGene00219776.,0,0,0
WBGene00219777.,0,0,0
WBGene00219778.,0,0,0
WBGene00219779.,0,0,0
WBGene00219780.,0,0,0
WBGene00219781.,0,0,0
WBGene00219782.,0,0,0
WBGene00219783.,0,0,0
WBGene00219784.,0,0,0
WBGene00219785.,0,0,0
WBGene00219786.,0,5,5
WBGene00219787.,0,0,0
WBGene00219788.,0,7,7
WBGene00219789.,0,0,0
WBGene00219790.,0,0,0
WBGene00219791.,0,0,0
WBGene00219792.,0,0,0
WBGene00219793.,0,0,0
WBGene00219794.,0,0,0
WBGene00219795.,0,0,0
WBGene00219796.,0,1,1
WBGene00219797.,0,0,0
WBGene00219798.,0,1,1
WBGene00219799.,0,4,4
WBGene00219800.,0,306,306
WBGene00219801.,0,24,24
WBGene00219803.,0,25,25
WBGene00219804.,0,2,2
WBGene00219805.,0,0,0
WBGene00219806.,0,0,0
WBGene00219807.,0,0,0
WBGene00219808.,0,0,0
WBGene00219809.,0,0,0
WBGene00219810.,0,2,2
WBGene00219811.,0,1,1
WBGene00219812.,0,0,0
WBGene00219813.,0,0,0
WBGene00219814.,0,0,0
WBGene00219815.,0,0,0
WBGene00219816.,0,720,720
WBGene00219817.,0,0,0
WBGene00219818.,0,0,0
WBGene00219819.,0,0,0
WBGene00219820.,0,0,0
WBGene00219821.,0,9,9
WBGene00219822.,0,10,10
WBGene00219823.,0,17,17
WBGene00219824.,0,14,14
WBGene00219825.,0,0,0
WBGene00219826.,0,0,0
WBGene00219827.,0,17,17
WBGene00219828.,0,0,0
WBGene00219829.,0,0,0
WBGene00219830.,0,0,0
WBGene00219831.,0,0,0
WBGene00219832.,0,0,0
WBGene00219833.,0,4,4
WBGene00219834.,0,5,5
WBGene00219835.,0,3,3
WBGene00219836.,0,0,0
WBGene00219837.,0,0,0
WBGene00219838.,12,54,66
WBGene00219839.,0,2,2
WBGene00219840.,0,0,0
WBGene00219841.,0,11,11
WBGene00219842.,0,0,0
WBGene00219843.,0,0,0
WBGene00219844.,0,0,0
WBGene00219845.,0,0,0
WBGene00219846.,0,0,0
WBGene00219847.,0,3,3
WBGene00219848.,0,0,0
WBGene00219849.,0,6,6
WBGene00219850.,0,2,2
WBGene00219851.,0,2,2
WBGene00219852.,0,0,0
WBGene00219853.,0,0,0
WBGene00219854.,0,0,0
WBGene00219855.,0,0,0
WBGene00219856.,0,0,0
WBGene00219857.,0,0,0
WBGene00219858.,0,0,0
WBGene00219859.,0,3,3
WBGene00219860.,0,0,0
WBGene00219861.,0,0,0
WBGene00219862.,0,0,0
WBGene00219863.,0,4,4
WBGene00219864.,0,0,0
WBGene00219865.,0,0,0
WBGene00219866.,0,0,0
WBGene00219867.,0,0,0
WBGene00219868.,0,11,11
WBGene00219869.,0,0,0
WBGene00219870.,0,0,0
WBGene00219871.,0,0,0
WBGene00219872.,0,0,0
WBGene00219873.,0,0,0
WBGene00219874.,0,1,1
WBGene00219875.,0,0,0
WBGene00219876.,0,0,0
WBGene00219877.,0,0,0
WBGene00219878.,0,0,0
WBGene00219879.,0,0,0
WBGene00219880.,0,0,0
WBGene00219881.,0,0,0
WBGene00219882.,0,7,7
WBGene00219883.,0,0,0
WBGene00219884.,0,0,0
WBGene00219885.,0,5,5
WBGene00219886.,0,10658,10658
WBGene00219887.,0,8,8
WBGene00219888.,0,1,1
WBGene00219889.,0,0,0
WBGene00219890.,0,0,0
WBGene00219891.,0,0,0
WBGene00219892.,0,1,1
WBGene00219893.,0,0,0
WBGene00219894.,0,0,0
WBGene00219895.,0,7,7
WBGene00219896.,0,0,0
WBGene00219897.,0,0,0
WBGene00219898.,0,0,0
WBGene00219899.,0,24,24
WBGene00219900.,0,0,0
WBGene00219901.,0,0,0
WBGene00219902.,0,0,0
WBGene00219903.,0,0,0
WBGene00219904.,0,0,0
WBGene00219905.,0,0,0
WBGene00219906.,0,2,2
WBGene00219907.,0,0,0
WBGene00219908.,0,0,0
WBGene00219909.,0,3,3
WBGene00219910.,0,3,3
WBGene00219911.,0,1,1
WBGene00219912.,0,32,32
WBGene00219913.,0,0,0
WBGene00219914.,0,0,0
WBGene00219915.,0,0,0
WBGene00219916.,0,1,1
WBGene00219917.,0,0,0
WBGene00219918.,0,0,0
WBGene00219919.,0,0,0
WBGene00219920.,0,0,0
WBGene00219921.,0,0,0
WBGene00219922.,0,0,0
WBGene00219923.,0,2,2
WBGene00219924.,0,0,0
WBGene00219925.,0,0,0
WBGene00219926.,0,7,7
WBGene00219927.,0,0,0
WBGene00219928.,0,0,0
WBGene00219929.,0,0,0
WBGene00219930.,0,3,3
WBGene00219931.,0,0,0
WBGene00219932.,0,0,0
WBGene00219933.,0,0,0
WBGene00219934.,0,0,0
WBGene00219935.,0,15,15
WBGene00219936.,0,33,33
WBGene00219937.,0,3,3
WBGene00219938.,0,0,0
WBGene00219939.,0,0,0
WBGene00219940.,0,0,0
WBGene00219941.,0,0,0
WBGene00219942.,0,1,1
WBGene00219943.,0,2,2
WBGene00219944.,0,0,0
WBGene00219945.,0,0,0
WBGene00219946.,0,0,0
WBGene00219947.,0,0,0
WBGene00219948.,0,0,0
WBGene00219949.,0,4,4
WBGene00219950.,0,171,171
WBGene00219951.,0,0,0
WBGene00219952.,0,2,2
WBGene00219953.,0,10,10
WBGene00219954.,0,0,0
WBGene00219955.,0,0,0
WBGene00219956.,0,0,0
WBGene00219957.,0,8,8
WBGene00219958.,0,5,5
WBGene00219959.,0,213,213
WBGene00219960.,0,0,0
WBGene00219961.,0,0,0
WBGene00219962.,0,0,0
WBGene00219963.,0,0,0
WBGene00219964.,0,0,0
WBGene00219965.,0,0,0
WBGene00219966.,0,0,0
WBGene00219967.,0,1,1
WBGene00219968.,0,2,2
WBGene00219969.,0,0,0
WBGene00219970.,0,2,2
WBGene00219971.,0,0,0
WBGene00219972.,0,12,12
WBGene00219973.,0,0,0
WBGene00219974.,0,0,0
WBGene00219975.,0,0,0
WBGene00219976.,0,31,31
WBGene00219977.,0,0,0
WBGene00219978.,0,0,0
WBGene00219979.,0,0,0
WBGene00219980.,0,0,0
WBGene00219981.,0,0,0
WBGene00219982.,0,5,5
WBGene00219983.,0,0,0
WBGene00219984.,0,0,0
WBGene00219985.,0,0,0
WBGene00219986.,0,0,0
WBGene00219987.,0,24,24
WBGene00219988.,0,0,0
WBGene00219989.,0,0,0
WBGene00219990.,0,0,0
WBGene00219991.,0,0,0
WBGene00219992.,0,0,0
WBGene00219994.,0,0,0
WBGene00219995.,0,7,7
WBGene00219996.,0,0,0
WBGene00219997.,0,0,0
WBGene00219998.,0,1,1
WBGene00219999.,0,0,0
WBGene00220000.,0,43,43
WBGene00220001.,0,0,0
WBGene00220002.,0,0,0
WBGene00220003.,0,0,0
WBGene00220004.,0,0,0
WBGene00220005.,0,2,2
WBGene00220006.,0,0,0
WBGene00220007.,0,0,0
WBGene00220008.,0,0,0
WBGene00220009.,0,1,1
WBGene00220010.,0,0,0
WBGene00220011.,0,5,5
WBGene00220012.,0,2,2
WBGene00220013.,0,0,0
WBGene00220014.,0,0,0
WBGene00220015.,0,0,0
WBGene00220016.,0,0,0
WBGene00220017.,0,12,12
WBGene00220018.,0,0,0
WBGene00220019.,0,0,0
WBGene00220020.,0,2,2
WBGene00220021.,0,0,0
WBGene00220022.,0,0,0
WBGene00220023.,0,0,0
WBGene00220024.,0,0,0
WBGene00220025.,0,0,0
WBGene00220026.,0,0,0
WBGene00220027.,0,0,0
WBGene00220028.,0,0,0
WBGene00220029.,0,10,10
WBGene00220030.,0,0,0
WBGene00220031.,0,0,0
WBGene00220032.,0,184,184
WBGene00220033.,0,5,5
WBGene00220034.,0,0,0
WBGene00220035.,0,0,0
WBGene00220036.,0,0,0
WBGene00220037.,0,3,3
WBGene00220038.,0,0,0
WBGene00220039.,0,2,2
WBGene00220040.,0,0,0
WBGene00220041.,0,0,0
WBGene00220042.,0,1,1
WBGene00220043.,0,2,2
WBGene00220044.,0,14,14
WBGene00220045.,0,2,2
WBGene00220046.,0,0,0
WBGene00220047.,0,7,7
WBGene00220048.,0,0,0
WBGene00220049.,0,0,0
WBGene00220050.,0,0,0
WBGene00220051.,0,17,17
WBGene00220052.,0,12,12
WBGene00220053.,0,5,5
WBGene00220054.,0,0,0
WBGene00220055.,0,36,36
WBGene00220056.,0,0,0
WBGene00220057.,0,0,0
WBGene00220058.,0,1,1
WBGene00220059.,0,0,0
WBGene00220060.,0,0,0
WBGene00220061.,0,13,13
WBGene00220062.,0,0,0
WBGene00220063.,0,0,0
WBGene00220064.,0,2,2
WBGene00220065.,0,0,0
WBGene00220066.,0,0,0
WBGene00220067.,0,0,0
WBGene00220068.,0,5,5
WBGene00220069.,0,0,0
WBGene00220070.,0,0,0
WBGene00220071.,0,0,0
WBGene00220072.,0,145,145
WBGene00220073.,0,3,3
WBGene00220074.,0,0,0
WBGene00220075.,0,0,0
WBGene00220076.,0,0,0
WBGene00220077.,0,0,0
WBGene00220078.,0,1,1
WBGene00220079.,0,0,0
WBGene00220080.,0,0,0
WBGene00220081.,0,1,1
WBGene00220082.,0,1,1
WBGene00220083.,0,0,0
WBGene00220084.,0,7,7
WBGene00220085.,0,0,0
WBGene00220086.,0,0,0
WBGene00220087.,0,0,0
WBGene00220088.,0,5,5
WBGene00220089.,0,227,227
WBGene00220090.,0,1,1
WBGene00220091.,0,10,10
WBGene00220092.,0,0,0
WBGene00220093.,0,0,0
WBGene00220094.,0,0,0
WBGene00220095.,0,0,0
WBGene00220096.,0,1,1
WBGene00220097.,0,2,2
WBGene00220098.,0,0,0
WBGene00220099.,0,0,0
WBGene00220100.,0,3,3
WBGene00220101.,0,3,3
WBGene00220102.,0,0,0
WBGene00220104.,0,0,0
WBGene00220105.,0,0,0
WBGene00220106.,0,67,67
WBGene00220107.,0,0,0
WBGene00220108.,0,4,4
WBGene00220109.,0,0,0
WBGene00220110.,0,0,0
WBGene00220111.,0,45,45
WBGene00220112.,0,0,0
WBGene00220113.,0,0,0
WBGene00220114.,0,0,0
WBGene00220115.,0,0,0
WBGene00220116.,0,0,0
WBGene00220117.,0,20,20
WBGene00220118.,0,0,0
WBGene00220119.,0,0,0
WBGene00220120.,0,1,1
WBGene00220121.,0,0,0
WBGene00220122.,0,4,4
WBGene00220123.,0,0,0
WBGene00220124.,0,0,0
WBGene00220125.,0,1,1
WBGene00220126.,0,0,0
WBGene00220127.,0,0,0
WBGene00220128.,0,0,0
WBGene00220129.,0,0,0
WBGene00220130.,0,0,0
WBGene00220131.,0,0,0
WBGene00220132.,0,0,0
WBGene00220133.,2,1,3
WBGene00220134.,0,4,4
WBGene00220135.,0,0,0
WBGene00220136.,0,0,0
WBGene00220137.,0,0,0
WBGene00220138.,0,0,0
WBGene00220139.,0,0,0
WBGene00220140.,0,0,0
WBGene00220141.,0,227,227
WBGene00220142.,0,0,0
WBGene00220143.,0,0,0
WBGene00220144.,0,0,0
WBGene00220145.,0,0,0
WBGene00220146.,0,14,14
WBGene00220147.,0,2,2
WBGene00220148.,0,0,0
WBGene00220149.,0,0,0
WBGene00220150.,0,0,0
WBGene00220151.,0,0,0
WBGene00220152.,0,0,0
WBGene00220153.,0,0,0
WBGene00220154.,0,22,22
WBGene00220155.,0,0,0
WBGene00220156.,0,0,0
WBGene00220157.,0,0,0
WBGene00220158.,0,0,0
WBGene00220159.,0,39,39
WBGene00220160.,0,53,53
WBGene00220161.,0,0,0
WBGene00220162.,0,0,0
WBGene00220163.,0,0,0
WBGene00220164.,0,0,0
WBGene00220165.,0,127,127
WBGene00220166.,0,0,0
WBGene00220167.,0,0,0
WBGene00220168.,0,0,0
WBGene00220169.,0,0,0
WBGene00220170.,0,1,1
WBGene00220171.,0,0,0
WBGene00220172.,0,0,0
WBGene00220173.,0,0,0
WBGene00220174.,0,0,0
WBGene00220175.,0,9,9
WBGene00220176.,0,0,0
WBGene00220177.,0,0,0
WBGene00220178.,0,0,0
WBGene00220179.,0,0,0
WBGene00220180.,0,0,0
WBGene00220181.,0,0,0
WBGene00220182.,0,0,0
WBGene00220183.,0,31,31
WBGene00220184.,0,0,0
WBGene00220185.,0,0,0
WBGene00220186.,0,0,0
WBGene00220187.,0,0,0
WBGene00220188.,0,0,0
WBGene00220189.,0,0,0
WBGene00220190.,0,0,0
WBGene00220191.,0,0,0
WBGene00220192.,0,0,0
WBGene00220193.,0,0,0
WBGene00220194.,0,3,3
WBGene00220195.,0,0,0
WBGene00220196.,0,0,0
WBGene00220197.,0,0,0
WBGene00220198.,0,5,5
WBGene00220199.,0,0,0
WBGene00220200.,0,0,0
WBGene00220201.,0,1,1
WBGene00220202.,0,0,0
WBGene00220203.,0,0,0
WBGene00220204.,0,7,7
WBGene00220205.,0,0,0
WBGene00220206.,0,0,0
WBGene00220207.,0,0,0
WBGene00220208.,0,0,0
WBGene00220209.,0,0,0
WBGene00220210.,0,0,0
WBGene00220211.,0,0,0
WBGene00220212.,0,0,0
WBGene00220213.,0,0,0
WBGene00220214.,0,2,2
WBGene00220215.,0,0,0
WBGene00220216.,0,0,0
WBGene00220217.,0,0,0
WBGene00220218.,0,0,0
WBGene00220219.,0,0,0
WBGene00220220.,0,0,0
WBGene00220221.,0,1,1
WBGene00220222.,0,9,9
WBGene00220223.,0,3,3
WBGene00220224.,0,0,0
WBGene00220225.,0,0,0
WBGene00220226.,0,0,0
WBGene00220227.,0,0,0
WBGene00220228.,0,4,4
WBGene00220229.,0,0,0
WBGene00220230.,0,0,0
WBGene00220231.,0,0,0
WBGene00220232.,0,24,24
WBGene00220233.,0,9,9
WBGene00220234.,0,15,15
WBGene00220235.,0,6,6
WBGene00220236.,0,46,46
WBGene00220237.,0,1,1
WBGene00220238.,0,41,41
WBGene00220239.,0,37,37
WBGene00220240.,0,0,0
WBGene00220241.,0,0,0
WBGene00220242.,0,0,0
WBGene00220243.,0,0,0
WBGene00220244.,0,0,0
WBGene00220245.,0,0,0
WBGene00220246.,0,0,0
WBGene00220247.,0,0,0
WBGene00220248.,0,1,1
WBGene00220249.,0,0,0
WBGene00220250.,3,1,4
WBGene00220251.,7,7,14
WBGene00220252.,14,20,34
WBGene00220253.,0,2,2
WBGene00220254.,1,1,2
WBGene00220255.,0,0,0
WBGene00220256.,2,0,2
WBGene00220257.,0,2,2
WBGene00220258.,0,10,10
WBGene00220259.,2,8,10
WBGene00220260.,37,4,41
WBGene00220261.,1,6,7
WBGene00235003.,2,0,2
WBGene00235080.,0,0,0
WBGene00235081.,0,0,0
WBGene00235084.,0,0,0
WBGene00235085.,0,0,0
WBGene00235086.,0,1,1
WBGene00235087.,0,0,0
WBGene00235088.,0,0,0
WBGene00235089.,0,0,0
WBGene00235090.,0,0,0
WBGene00235091.,0,0,0
WBGene00235092.,0,0,0
WBGene00235093.,0,1,1
WBGene00235094.,0,0,0
WBGene00235095.,0,2,2
WBGene00235102.,5,897,902
WBGene00235106.,0,4,4
WBGene00235107.,0,4,4
WBGene00235108.,0,0,0
WBGene00235109.,1,6,7
WBGene00235110.,0,1,1
WBGene00235111.,0,0,0
WBGene00235112.,0,0,0
WBGene00235113.,0,20,20
WBGene00235114.,6,160,166
WBGene00235115.,1,0,1
WBGene00235116.,0,1,1
WBGene00235117.,0,0,0
WBGene00235118.,0,1,1
WBGene00235119.,0,1,1
WBGene00235120.,0,0,0
WBGene00235121.,0,0,0
WBGene00235128.,0,0,0
WBGene00235129.,1,2,3
WBGene00235132.,3,3,6
WBGene00235133.,0,1,1
WBGene00235134.,0,0,0
WBGene00235152.,0,4,4
WBGene00235153.,2,2,4
WBGene00235157.,0,0,0
WBGene00235158.,5,134,139
WBGene00235159.,0,0,0
WBGene00235160.,0,0,0
WBGene00235161.,0,0,0
WBGene00235162.,0,0,0
WBGene00235163.,0,0,0
WBGene00235164.,28,197,225
WBGene00235165.,0,0,0
WBGene00235166.,0,0,0
WBGene00235167.,0,356,356
WBGene00235175.,0,0,0
WBGene00235179.,0,0,0
WBGene00235180.,0,1,1
WBGene00235181.,0,0,0
WBGene00235183.,0,0,0
WBGene00235188.,0,0,0
WBGene00235190.,0,0,0
WBGene00235197.,0,2,2
WBGene00235198.,0,0,0
WBGene00235200.,0,1,1
WBGene00235201.,0,0,0
WBGene00235206.,0,0,0
WBGene00235209.,0,0,0
WBGene00235235.,0,0,0
WBGene00235237.,0,0,0
WBGene00235247.,0,0,0
WBGene00235250.,0,0,0
WBGene00235251.,0,1,1
WBGene00235252.,0,0,0
WBGene00235254.,0,1,1
WBGene00235255.,0,0,0
WBGene00235256.,0,17,17
WBGene00235257.,7,18,25
WBGene00235258.,0,0,0
WBGene00235259.,2,0,2
WBGene00235260.,7,4,11
WBGene00235261.,0,7,7
WBGene00235262.,0,3,3
WBGene00235263.,9,16,25
WBGene00235264.,0,1,1
WBGene00235265.,0,4,4
WBGene00235266.,0,0,0
WBGene00235267.,0,0,0
WBGene00235268.,37,174,211
WBGene00235269.,0,401,401
WBGene00235270.,0,11,11
WBGene00235271.,0,1,1
WBGene00235272.,0,3,3
WBGene00235273.,25,101,126
WBGene00235274.,12,96,108
WBGene00235275.,5,1,6
WBGene00235276.,0,0,0
WBGene00235277.,49,72,121
WBGene00235278.,0,0,0
WBGene00235279.,30,12,42
WBGene00235280.,0,1,1
WBGene00235281.,0,0,0
WBGene00235282.,0,0,0
WBGene00235283.,7,5,12
WBGene00235284.,0,0,0
WBGene00235285.,0,0,0
WBGene00235286.,0,0,0
WBGene00235287.,1,19,20
WBGene00235288.,0,0,0
WBGene00235289.,0,0,0
WBGene00235290.,0,0,0
WBGene00235291.,34,331,365
WBGene00235292.,2,1,3
WBGene00235293.,0,0,0
WBGene00235294.,0,6,6
WBGene00235295.,0,0,0
WBGene00235296.,0,13,13
WBGene00235297.,0,0,0
WBGene00235298.,0,1,1
WBGene00235299.,0,0,0
WBGene00235300.,0,9,9
WBGene00235301.,0,3,3
WBGene00235302.,0,1,1
WBGene00235303.,0,14,14
WBGene00235304.,0,0,0
WBGene00235305.,0,0,0
WBGene00235307.,1,0,1
WBGene00235308.,4,28,32
WBGene00235309.,0,0,0
WBGene00235310.,19,94,113
WBGene00235311.,0,0,0
WBGene00235312.,2,14,16
WBGene00235313.,8,11,19
WBGene00235314.,5,6,11
WBGene00235315.,13,124,137
WBGene00235316.,5,9,14
WBGene00235317.,0,0,0
WBGene00235318.,2,0,2
WBGene00235319.,0,7,7
WBGene00235320.,1,7,8
WBGene00235321.,14,0,14
WBGene00235322.,0,0,0
WBGene00235323.,0,0,0
WBGene00235324.,1,0,1
WBGene00235325.,15,84,99
WBGene00235326.,0,0,0
WBGene00235327.,1,1,2
WBGene00235328.,0,9,9
WBGene00235329.,2,1,3
WBGene00235330.,30,85,115
WBGene00235331.,0,19,19
WBGene00235332.,0,2,2
WBGene00235333.,0,0,0
WBGene00235334.,2,4,6
WBGene00235335.,0,0,0
WBGene00235336.,0,0,0
WBGene00235338.,2,2,4
WBGene00235339.,0,0,0
WBGene00235340.,0,1,1
WBGene00235341.,1,1,2
WBGene00235342.,0,0,0
WBGene00235343.,0,0,0
WBGene00235346.,0,94,94
WBGene00235348.,0,15,15
WBGene00235350.,12,9,21
WBGene00235351.,0,1,1
WBGene00235352.,0,3,3
WBGene00235353.,0,2,2
WBGene00235354.,0,0,0
WBGene00235355.,0,0,0
WBGene00235356.,0,0,0
WBGene00235357.,1,0,1
WBGene00235358.,0,1,1
WBGene00235359.,0,2,2
WBGene00235361.,0,0,0
WBGene00235362.,0,0,0
WBGene00235363.,0,0,0
WBGene00235364.,0,0,0
WBGene00235365.,0,0,0
WBGene00235366.,0,0,0
WBGene00235367.,0,0,0
WBGene00235368.,0,0,0
WBGene00235369.,0,0,0
WBGene00235370.,0,3,3
WBGene00235371.,0,0,0
WBGene00235372.,0,1,1
WBGene00235373.,0,0,0
WBGene00235374.,0,0,0
WBGene00235375.,0,8,8
WBGene00235376.,3,2,5
WBGene00235377.,0,0,0
WBGene00235378.,0,0,0
WBGene00235379.,0,0,0
WBGene00235380.,0,15,15
WBGene00235381.,0,0,0
WBGene00235382.,0,0,0
WBGene00235383.,0,0,0
WBGene00235385.,0,20,20
WBGene00235386.,0,0,0
WBGene00235387.,58,133,191
WBGene00235388.,0,1,1
WBGene00235389.,0,3,3
WBGene00235390.,0,0,0
WBGene00235391.,0,6,6
WBGene00236785.,0,83,83
WBGene00236786.,1,13,14
WBGene00236787.,0,1,1
WBGene00236788.,1,0,1
WBGene00236789.,3,9,12
WBGene00236797.,0,4,4
WBGene00236798.,0,2,2
WBGene00236799.,0,0,0
WBGene00236800.,0,6,6
WBGene00236806.,18,4,22
WBGene00236807.,0,1,1
WBGene00236808.,1,0,1
WBGene00236809.,0,0,0
WBGene00249808.,0,6,6
WBGene00249812.,0,0,0
WBGene00249813.,0,1,1
WBGene00249814.,0,0,0
WBGene00249815.,516,318,834
WBGene00249816.,0,0,0
WBGene00249817.,15,110,125
WBGene00249825.,0,0,0
WBGene00249826.,0,116,116
WBGene00255375.,0,0,0
WBGene00255420.,1,1,2
WBGene00255426.,0,2,2
WBGene00255435.,1,0,1
WBGene00255441.,0,0,0
WBGene00255457.,30,20,50
WBGene00255469.,2,5,7
WBGene00255522.,0,0,0
WBGene00255543.,0,0,0
WBGene00255545.,0,0,0
WBGene00255546.,0,0,0
WBGene00255549.,0,1,1
WBGene00255550.,0,0,0
WBGene00255553.,0,0,0
WBGene00255560.,0,0,0
WBGene00255561.,0,0,0
WBGene00255562.,0,0,0
WBGene00255563.,0,0,0
WBGene00255564.,0,0,0
WBGene00255565.,0,0,0
WBGene00255566.,0,0,0
WBGene00255567.,0,0,0
WBGene00255568.,0,0,0
WBGene00255569.,0,0,0
WBGene00255570.,0,0,0
WBGene00255571.,0,0,0
WBGene00255572.,0,1,1
WBGene00255573.,0,0,0
WBGene00255574.,0,0,0
WBGene00255575.,0,0,0
WBGene00255576.,0,0,0
WBGene00255577.,0,0,0
WBGene00255578.,0,0,0
WBGene00255579.,0,6,6
WBGene00255580.,0,0,0
WBGene00255581.,0,0,0
WBGene00255582.,0,0,0
WBGene00255583.,0,0,0
WBGene00255584.,0,0,0
WBGene00255586.,0,0,0
WBGene00255587.,0,0,0
WBGene00255588.,0,0,0
WBGene00255594.,0,13,13
WBGene00255595.,0,0,0
WBGene00255596.,0,1,1
WBGene00255597.,0,3,3
WBGene00255598.,14,10,24
WBGene00255600.,1,9,10
WBGene00255605.,0,5,5
WBGene00255606.,1,14,15
WBGene00255607.,0,3,3
WBGene00255611.,0,2,2
WBGene00255702.,1,16,17
WBGene00255703.,0,2,2
WBGene00255704.,0,38,38
WBGene00255709.,0,2,2
WBGene00255714.,0,15,15
WBGene00255728.,0,5,5
WBGene00255729.,5,11,16
WBGene00255730.,0,0,0
WBGene00255731.,2,21,23
WBGene00255732.,0,1,1
WBGene00255733.,2,7,9
WBGene00255736.,0,8,8
WBGene00268189.,2,4,6
WBGene00268190.,1,1,2
WBGene00268191.,0,0,0
WBGene00268192.,0,3,3
WBGene00268193.,0,0,0
WBGene00268194.,3,0,3
WBGene00268196.,17,47,64
WBGene00268197.,1,0,1
WBGene00268198.,0,0,0
WBGene00268199.,0,0,0
WBGene00268202.,0,0,0
WBGene00268203.,0,0,0
WBGene00268204.,0,1,1
WBGene00268205.,0,0,0
WBGene00268206.,1,3,4
WBGene00268207.,0,0,0
WBGene00268208.,101,7,108
WBGene00268209.,0,1,1
WBGene00268210.,1,0,1
WBGene00268211.,0,1,1
WBGene00268212.,6,1,7
WBGene00268213.,0,0,0
WBGene00268214.,4,7,11
WBGene00268215.,0,1,1
WBGene00268216.,0,0,0
WBGene00269331.,0,0,0
WBGene00269332.,0,0,0
WBGene00269333.,0,0,0
WBGene00269336.,0,0,0
WBGene00269337.,0,5,5
WBGene00269338.,0,0,0
WBGene00269346.,0,2,2
WBGene00269352.,0,0,0
WBGene00269355.,1,37,38
WBGene00269373.,0,3,3
WBGene00269376.,0,39,39
WBGene00269378.,12,79,91
WBGene00269379.,1,0,1
WBGene00269381.,0,0,0
WBGene00269382.,10,81,91
WBGene00269383.,52,126,178
WBGene00269384.,3,8,11
WBGene00269385.,0,0,0
WBGene00269386.,0,27,27
WBGene00269387.,8,84,92
WBGene00269388.,0,0,0
WBGene00269389.,0,0,0
WBGene00269390.,1,1,2
WBGene00269391.,0,2,2
WBGene00269392.,0,1,1
WBGene00269393.,0,1,1
WBGene00269394.,0,0,0
WBGene00269419.,0,0,0
WBGene00269420.,0,0,0
WBGene00269421.,263,711,974
WBGene00269422.,0,3,3
WBGene00269423.,1,0,1
WBGene00269424.,0,3,3
WBGene00269425.,0,0,0
WBGene00269426.,0,2,2
WBGene00269427.,0,59,59
WBGene00269428.,3,13,16
WBGene00269429.,0,45,45
WBGene00269430.,0,0,0
WBGene00269431.,0,2,2
WBGene00269432.,20,87,107
WBGene00269433.,16,53,69
WBGene00269434.,0,3,3
WBGene00269435.,0,1,1
WBGene00269436.,2,1,3
WBGene00269437.,0,1,1
WBGene00269438.,0,4,4
WBGene00270290.,0,1,1
WBGene00270291.,0,0,0
WBGene00270292.,0,1,1
WBGene00270293.,0,1,1
WBGene00270303.,0,1,1
WBGene00270309.,10,20,30
WBGene00270318.,3,3,6
WBGene00270319.,0,50,50
WBGene00270320.,1,8,9
WBGene00270321.,3,7,10
WBGene00270322.,2,154,156
WBGene00271414.,7,115,122
WBGene00271415.,1,1,2
WBGene00271437.,6,15,21
WBGene00271444.,0,2,2
WBGene00271567.,0,0,0
WBGene00271577.,0,0,0
WBGene00271598.,2,6,8
WBGene00271605.,0,3,3
WBGene00271606.,16,82,98
WBGene00271632.,0,42,42
WBGene00271633.,0,26,26
WBGene00271634.,0,5,5
WBGene00271635.,0,0,0
WBGene00271636.,5,64,69
WBGene00271637.,11,11,22
WBGene00271638.,0,4,4
WBGene00271639.,0,1,1
WBGene00271640.,0,2,2
WBGene00271641.,0,1,1
WBGene00271642.,11,1803,1814
WBGene00271643.,0,1,1
WBGene00271644.,0,1,1
WBGene00271645.,0,1,1
WBGene00271646.,0,6,6
WBGene00271647.,2,20,22
WBGene00271648.,0,0,0
WBGene00271649.,2,4,6
WBGene00271650.,0,7,7
WBGene00271651.,0,1,1
WBGene00271652.,0,0,0
WBGene00271653.,0,0,0
WBGene00271654.,0,5,5
WBGene00271655.,0,21,21
WBGene00271656.,0,3,3
WBGene00271657.,1,0,1
WBGene00271694.,3,63,66
WBGene00271701.,2,6,8
WBGene00271703.,0,0,0
WBGene00271706.,5,66,71
WBGene00271707.,1,1,2
WBGene00271715.,0,0,0
WBGene00271716.,39,120,159
WBGene00271744.,1,7,8
WBGene00271774.,1,4,5
WBGene00271775.,27,924,951
WBGene00271776.,0,0,0
WBGene00271777.,72,3,75
WBGene00271778.,0,7,7
WBGene00271779.,0,0,0
WBGene00271780.,0,0,0
WBGene00271781.,0,0,0
WBGene00271786.,0,1,1
WBGene00271788.,1,12,13
WBGene00271789.,0,7,7
WBGene00271790.,0,0,0
WBGene00271791.,0,3,3
WBGene00271792.,0,0,0
WBGene00271795.,0,19,19
WBGene00271796.,24,217,241
WBGene00271797.,0,0,0
WBGene00271798.,4,2,6
WBGene00271799.,0,0,0
WBGene00271800.,0,0,0
WBGene00271801.,1,2,3
WBGene00271802.,5,31,36
WBGene00271803.,0,0,0
WBGene00271804.,0,1,1
WBGene00271805.,0,18,18
WBGene00271806.,0,0,0
WBGene00271807.,1,1,2
WBGene00271808.,36,100,136
WBGene00271809.,9,10,19
WBGene00271810.,0,0,0
WBGene00271811.,0,0,0
WBGene00271813.,0,0,0
WBGene00271815.,0,0,0
WBGene00271816.,0,0,0
WBGene00271817.,0,6,6
WBGene00271818.,16,160,176
WBGene00271819.,1,0,1
WBGene00271820.,4,0,4
WBGene00271821.,5,1,6
WBGene00271822.,0,0,0
WBGene00271823.,0,5,5
WBGene00271824.,0,11,11
WBGene00271827.,1,3,4
WBGene00271830.,160,801,961
WBGene00271831.,0,0,0
WBGene00271832.,4,15,19
WBGene00271837.,0,0,0
WBGene00284844.,0,386,386
WBGene00284845.,0,2,2
WBGene00284846.,180,1099,1279
WBGene00284847.,0,5,5
WBGene00284848.,1,2,3
WBGene00284849.,0,2,2
WBGene00284850.,0,0,0
WBGene00284851.,54,54,108
WBGene00284852.,30,438,468
WBGene00284853.,0,0,0
WBGene00284854.,1,2,3
WBGene00284855.,0,0,0
WBGene00284856.,0,226,226
WBGene00284857.,0,10,10
WBGene00284858.,0,0,0
WBGene00284859.,0,103,103
WBGene00284861.,0,46,46
WBGene00284867.,0,41,41
WBGene00302964.,0,8,8
WBGene00302968.,0,342,342
WBGene00302971.,1,25,26
WBGene00302974.,0,763,763
WBGene00302976.,0,3,3
WBGene00302978.,52,163,215
WBGene00302980.,0,34,34
WBGene00302982.,2,8,10
WBGene00302984.,5,6,11
WBGene00302986.,9,1,10
WBGene00302988.,18,12,30
WBGene00302991.,6,23,29
WBGene00302993.,29,0,29
WBGene00302995.,36,91,127
WBGene00302998.,41,94,135
WBGene00303000.,87,400,487
WBGene00303002.,0,8,8
WBGene00303005.,0,0,0
WBGene00303007.,0,4,4
WBGene00303009.,17,98,115
WBGene00303011.,5,30,35
WBGene00303013.,1,0,1
WBGene00303015.,13,615,628
WBGene00303019.,0,1399,1399
WBGene00303021.,0,158,158
WBGene00303023.,0,0,0
WBGene00303024.,0,0,0
WBGene00303026.,37,184,221
WBGene00303028.,0,0,0
WBGene00303030.,0,4,4
WBGene00303031.,0,3,3
WBGene00303032.,0,0,0
WBGene00303033.,0,0,0
WBGene00303034.,0,0,0
WBGene00303035.,0,0,0
WBGene00303036.,0,0,0
WBGene00303037.,0,0,0
WBGene00303038.,0,0,0
WBGene00303039.,0,0,0
WBGene00303040.,0,0,0
WBGene00303041.,0,0,0
WBGene00303042.,0,0,0
WBGene00303043.,0,0,0
WBGene00303044.,0,0,0
WBGene00303045.,0,0,0
WBGene00303046.,0,1,1
WBGene00303047.,0,0,0
WBGene00303048.,0,0,0
WBGene00303049.,0,0,0
WBGene00303050.,0,0,0
WBGene00303051.,0,0,0
WBGene00303052.,0,0,0
WBGene00303053.,0,0,0
WBGene00303054.,0,0,0
WBGene00303055.,0,0,0
WBGene00303056.,0,0,0
WBGene00303057.,0,0,0
WBGene00303058.,0,0,0
WBGene00303059.,0,0,0
WBGene00303060.,0,0,0
WBGene00303061.,0,0,0
WBGene00303062.,0,0,0
WBGene00303063.,0,0,0
WBGene00303064.,0,0,0
WBGene00303065.,0,0,0
WBGene00303066.,0,0,0
WBGene00303067.,0,0,0
WBGene00303068.,0,0,0
WBGene00303069.,0,0,0
WBGene00303070.,0,0,0
WBGene00303071.,0,0,0
WBGene00303072.,0,0,0
WBGene00303073.,0,0,0
WBGene00303074.,0,0,0
WBGene00303075.,0,158,158
WBGene00303076.,0,0,0
WBGene00303077.,0,0,0
WBGene00303078.,0,0,0
WBGene00303079.,0,0,0
WBGene00303080.,0,0,0
WBGene00303081.,1,6,7
WBGene00303082.,0,0,0
WBGene00303083.,0,0,0
WBGene00303085.,0,0,0
WBGene00303086.,0,0,0
WBGene00303087.,0,0,0
WBGene00303088.,0,0,0
WBGene00303089.,0,1,1
WBGene00303090.,0,0,0
WBGene00303091.,0,16,16
WBGene00303092.,0,0,0
WBGene00303093.,0,0,0
WBGene00303094.,0,0,0
WBGene00303095.,0,0,0
WBGene00303096.,0,0,0
WBGene00303097.,0,0,0
WBGene00303098.,0,0,0
WBGene00303099.,0,0,0
WBGene00303100.,0,0,0
WBGene00303101.,0,0,0
WBGene00303102.,0,0,0
WBGene00303103.,0,0,0
WBGene00303104.,0,0,0
WBGene00303105.,0,0,0
WBGene00303113.,0,0,0
WBGene00303114.,0,0,0
WBGene00303115.,0,0,0
WBGene00303208.,15,345,360
WBGene00303231.,0,5,5
WBGene00303233.,16,30,46
WBGene00303359.,0,0,0
WBGene00303360.,0,0,0
WBGene00303362.,0,0,0
WBGene00303363.,0,0,0
WBGene00303364.,9,13,22
WBGene00303365.,0,0,0
WBGene00303366.,0,0,0
WBGene00303367.,0,0,0
WBGene00303368.,1,2,3
WBGene00303369.,0,0,0
WBGene00303370.,0,0,0
WBGene00303371.,2,0,2
WBGene00303378.,0,0,0
WBGene00303398.,1,1,2
WBGene00303421.,1,5,6
WBGene00303423.,26,79,105
WBGene00303425.,9,44,53
WBGene00304173.,0,0,0
WBGene00304175.,1,0,1
WBGene00304181.,2,0,2
WBGene00304182.,0,0,0
WBGene00304183.,0,0,0
WBGene00304189.,22,299,321
WBGene00304194.,4,3,7
WBGene00304195.,1,3,4
WBGene00304201.,1,7,8
WBGene00304202.,1,6,7
WBGene00304203.,2,8,10
WBGene00304215.,0,1,1
WBGene00304219.,0,79,79
WBGene00304220.,4,0,4
WBGene00304237.,5,31,36
WBGene00304238.,0,1,1
WBGene00304775.,0,0,0
WBGene00304776.,2,5,7
WBGene00304782.,0,8,8
WBGene00304783.,0,65,65
WBGene00304785.,0,0,0
WBGene00304786.,1,0,1
WBGene00304787.,0,7,7
WBGene00304788.,5,9,14
WBGene00304789.,0,0,0
WBGene00304790.,1,138,139
WBGene00304791.,8,31,39
WBGene00304792.,0,3,3
WBGene00304793.,0,2,2
WBGene00304794.,4,4,8
WBGene00304797.,0,0,0
WBGene00304798.,0,0,0
WBGene00304806.,0,12,12
WBGene00304808.,12,22,34
WBGene00304811.,31,132,163
WBGene00304812.,0,231,231
WBGene00304813.,0,595,595
WBGene00304814.,0,0,0
WBGene00304815.,0,18717,18717
WBGene00304816.,0,1,1
WBGene00304817.,3,5,8
WBGene00304818.,1,0,1
WBGene00304819.,2,6,8
WBGene00304820.,1,2,3
WBGene00304822.,1,54,55
WBGene00304823.,0,1,1
WBGene00304824.,0,2,2
WBGene00304825.,4,0,4
WBGene00304826.,1,0,1
WBGene00304827.,0,0,0
WBGene00304828.,0,2,2
WBGene00304895.,0,2,2
WBGene00304901.,1,0,1
WBGene00304906.,0,9,9
WBGene00304907.,2,0,2
WBGene00304908.,0,0,0
WBGene00304930.,0,1,1
WBGene00304981.,0,0,0
WBGene00304985.,1,3,4
WBGene00304992.,62,821,883
WBGene00304996.,4,9,13
WBGene00305018.,0,0,0
WBGene00305047.,0,0,0
WBGene00305048.,0,0,0
WBGene00305049.,0,0,0
WBGene00305050.,15,18,33
WBGene00305065.,0,1,1
WBGene00305066.,0,7,7
WBGene00305067.,4,107,111
WBGene00305069.,0,0,0
WBGene00305086.,3,2,5
WBGene00305090.,6,11,17
WBGene00305091.,1,2,3
WBGene00305092.,0,1,1
WBGene00305093.,0,0,0
WBGene00305095.,0,4,4
WBGene00305102.,0,0,0
WBGene00305103.,20,91,111
WBGene00305104.,0,0,0
WBGene00305109.,0,0,0
WBGene00305110.,0,0,0
WBGene00305111.,0,1,1
WBGene00305112.,0,0,0
WBGene00305113.,0,7,7
WBGene00305114.,0,0,0
WBGene00305130.,0,0,0
WBGene00305131.,0,108,108
WBGene00305132.,0,0,0
WBGene00305157.,0,76,76
WBGene00305158.,1,4,5
WBGene00305159.,0,0,0
WBGene00305173.,32,190,222
WBGene00305970.,0,3,3
WBGene00305979.,0,5,5
WBGene00305980.,0,6,6
WBGene00305981.,40,153,193
WBGene00305991.,1,6,7
WBGene00305992.,0,4,4
WBGene00305993.,0,3,3
WBGene00305994.,4,10,14
WBGene00305995.,4,11,15
WBGene00305996.,0,0,0
WBGene00305997.,0,0,0
WBGene00305998.,3,28,31
WBGene00305999.,0,3,3
WBGene00306000.,2,4,6
WBGene00306001.,0,10,10
WBGene00306002.,1,11,12
WBGene00306003.,9,198,207
WBGene00306004.,1,0,1
WBGene00306005.,16,24,40
WBGene00306012.,5,8,13
WBGene00306013.,7,24,31
WBGene00306014.,0,0,0
WBGene00306062.,0,0,0
WBGene00306066.,0,1,1
WBGene00306069.,0,32,32
WBGene00306070.,2,0,2
WBGene00306076.,0,0,0
WBGene00306078.,0,1,1
WBGene00306080.,0,0,0
WBGene00306081.,1,5,6
WBGene00306121.,1,3,4
WBGene00306122.,0,1,1
WBGene00306123.,6,10,16
WBGene00306124.,13,1,14
WBGene00306125.,0,0,0
WBGene00306126.,12,181,193
WBGene00306131.,0,484,484
WBGene00306132.,0,2,2
