gene_id,total_unsp,total_sp,total
WBGene00000001.,16,778,794
WBGene00000002.,28,366,394
WBGene00000003.,5,224,229
WBGene00000004.,143,1023,1166
WBGene00000005.,0,1,1
WBGene00000006.,370,2703,3073
WBGene00000007.,8,31,39
WBGene00000008.,7,11,18
WBGene00000009.,12,14,26
WBGene00000010.,24,365,389
WBGene00000012.,18,34,52
WBGene00000013.,0,878,878
WBGene00000014.,2,13,15
WBGene00000015.,0,69,69
WBGene00000016.,35,1806,1841
WBGene00000017.,6,2452,2458
WBGene00000018.,301,640,941
WBGene00000019.,8,2,10
WBGene00000020.,153,543,696
WBGene00000021.,8,2,10
WBGene00000022.,25,196,221
WBGene00000023.,13,11,24
WBGene00000024.,0,1,1
WBGene00000025.,0,3,3
WBGene00000026.,1,2,3
WBGene00000027.,0,2,2
WBGene00000028.,0,1,1
WBGene00000029.,0,0,0
WBGene00000030.,0,4,4
WBGene00000031.,3,14,17
WBGene00000032.,0,0,0
WBGene00000033.,2,1,3
WBGene00000034.,1,76,77
WBGene00000035.,316,631,947
WBGene00000036.,177,836,1013
WBGene00000037.,39,609,648
WBGene00000038.,40,68,108
WBGene00000039.,3,3,6
WBGene00000040.,14,980,994
WBGene00000041.,273,4741,5014
WBGene00000042.,59,173,232
WBGene00000043.,24,59,83
WBGene00000044.,24,50,74
WBGene00000045.,3,21,24
WBGene00000046.,119,239,358
WBGene00000047.,41,194,235
WBGene00000048.,15,58,73
WBGene00000049.,9,32,41
WBGene00000050.,4,69,73
WBGene00000051.,21,121,142
WBGene00000053.,12,20,32
WBGene00000054.,14,132,146
WBGene00000055.,10,198,208
WBGene00000056.,29,85,114
WBGene00000057.,74,120,194
WBGene00000058.,154,358,512
WBGene00000059.,17,108,125
WBGene00000060.,54,99,153
WBGene00000061.,15,70,85
WBGene00000062.,143,216,359
WBGene00000063.,16,73730,73746
WBGene00000064.,135,6318,6453
WBGene00000065.,153,26368,26521
WBGene00000066.,2129,305262,307391
WBGene00000067.,19,672,691
WBGene00000068.,1089,1433,2522
WBGene00000069.,22,125,147
WBGene00000070.,195,680,875
WBGene00000071.,22,142,164
WBGene00000072.,59,647,706
WBGene00000073.,85,931,1016
WBGene00000074.,239,639,878
WBGene00000075.,21,127,148
WBGene00000079.,257,777,1034
WBGene00000080.,33,962,995
WBGene00000081.,102,1691,1793
WBGene00000082.,87,137,224
WBGene00000083.,222,737,959
WBGene00000084.,57,120,177
WBGene00000085.,25,201,226
WBGene00000086.,91,542,633
WBGene00000088.,51,363,414
WBGene00000089.,51,855,906
WBGene00000090.,103,858,961
WBGene00000092.,302,3203,3505
WBGene00000093.,14,199,213
WBGene00000094.,85,761,846
WBGene00000095.,198,2405,2603
WBGene00000096.,277,773,1050
WBGene00000097.,134,2101,2235
WBGene00000098.,31,629,660
WBGene00000099.,52,648,700
WBGene00000100.,646,7386,8032
WBGene00000101.,165,2057,2222
WBGene00000102.,649,7365,8014
WBGene00000103.,159,2110,2269
WBGene00000105.,65,2825,2890
WBGene00000106.,62,578,640
WBGene00000107.,1007,8619,9626
WBGene00000108.,2,7,9
WBGene00000109.,61,2475,2536
WBGene00000110.,148,3412,3560
WBGene00000111.,64,380,444
WBGene00000112.,142,1710,1852
WBGene00000113.,53,208,261
WBGene00000114.,837,152185,153022
WBGene00000115.,27,703,730
WBGene00000116.,90,502,592
WBGene00000117.,333,533,866
WBGene00000118.,37,25148,25185
WBGene00000120.,2,2296,2298
WBGene00000121.,20,1058,1078
WBGene00000122.,38,3778,3816
WBGene00000123.,189,3179,3368
WBGene00000133.,19,315,334
WBGene00000134.,42,124,166
WBGene00000135.,20,162,182
WBGene00000136.,12,138,150
WBGene00000137.,71,253,324
WBGene00000138.,26,228,254
WBGene00000139.,124,291,415
WBGene00000140.,1156,51401,52557
WBGene00000142.,41,661,702
WBGene00000143.,191,874,1065
WBGene00000144.,120,889,1009
WBGene00000145.,10,552,562
WBGene00000146.,475,2329,2804
WBGene00000147.,6,704,710
WBGene00000148.,84,622,706
WBGene00000149.,334,8219,8553
WBGene00000150.,130,1076,1206
WBGene00000151.,17,910,927
WBGene00000155.,6,607,613
WBGene00000156.,72,730,802
WBGene00000157.,46,1001,1047
WBGene00000158.,450,1273,1723
WBGene00000159.,33,2408,2441
WBGene00000160.,474,924,1398
WBGene00000161.,22,1225,1247
WBGene00000162.,415,1293,1708
WBGene00000163.,60,1925,1985
WBGene00000164.,69,546,615
WBGene00000165.,16,716,732
WBGene00000166.,38,215,253
WBGene00000168.,315,112,427
WBGene00000169.,27,329,356
WBGene00000170.,1457,56171,57628
WBGene00000171.,10,3,13
WBGene00000172.,58,177,235
WBGene00000173.,18,132,150
WBGene00000174.,33,164,197
WBGene00000175.,130,1788,1918
WBGene00000176.,7,153,160
WBGene00000177.,103,366,469
WBGene00000178.,152,1796,1948
WBGene00000179.,157,768,925
WBGene00000180.,38,468,506
WBGene00000181.,429,2916,3345
WBGene00000182.,116,4455,4571
WBGene00000183.,179,5044,5223
WBGene00000184.,226,1538,1764
WBGene00000185.,2,99,101
WBGene00000186.,424,2099,2523
WBGene00000187.,3,694,697
WBGene00000188.,0,137,137
WBGene00000189.,23,286,309
WBGene00000190.,18,90,108
WBGene00000191.,25,174,199
WBGene00000192.,29,2059,2088
WBGene00000193.,21,116,137
WBGene00000195.,90,1146,1236
WBGene00000196.,139,889,1028
WBGene00000197.,24,1734,1758
WBGene00000198.,102,867,969
WBGene00000199.,216,1917,2133
WBGene00000200.,108,1909,2017
WBGene00000201.,609,4311,4920
WBGene00000202.,4,460,464
WBGene00000203.,22,944,966
WBGene00000204.,85,2061,2146
WBGene00000205.,16,937,953
WBGene00000206.,68,1061,1129
WBGene00000207.,1052,30000,31052
WBGene00000208.,1064,1310,2374
WBGene00000209.,586,6715,7301
WBGene00000210.,3741,35959,39700
WBGene00000211.,131,445,576
WBGene00000212.,39,225,264
WBGene00000213.,18,220,238
WBGene00000214.,0,34028,34028
WBGene00000215.,91,1512,1603
WBGene00000216.,45,10194,10239
WBGene00000217.,2979,31932,34911
WBGene00000218.,161,10244,10405
WBGene00000219.,26,22101,22127
WBGene00000220.,55,371,426
WBGene00000221.,0,1610,1610
WBGene00000222.,97,926,1023
WBGene00000223.,732,3675,4407
WBGene00000224.,274,2743,3017
WBGene00000225.,168,1304,1472
WBGene00000226.,161,1421,1582
WBGene00000227.,167,721,888
WBGene00000228.,172,2919,3091
WBGene00000229.,2669,68660,71329
WBGene00000230.,208,32232,32440
WBGene00000231.,176,1456,1632
WBGene00000232.,133,709,842
WBGene00000233.,191,565,756
WBGene00000235.,4,3289,3293
WBGene00000236.,133,913,1046
WBGene00000237.,55,287,342
WBGene00000238.,52,243,295
WBGene00000239.,26,97,123
WBGene00000240.,2035,12507,14542
WBGene00000241.,35,140,175
WBGene00000242.,31,233,264
WBGene00000244.,46,419,465
WBGene00000245.,76,1230,1306
WBGene00000246.,40,75,115
WBGene00000247.,108,1807,1915
WBGene00000248.,178,1338,1516
WBGene00000249.,38,1717,1755
WBGene00000250.,30,551,581
WBGene00000251.,0,4,4
WBGene00000252.,0,22,22
WBGene00000253.,75,427,502
WBGene00000254.,468,1990,2458
WBGene00000255.,9,9,18
WBGene00000256.,0,5,5
WBGene00000257.,54,1380,1434
WBGene00000259.,129,1217,1346
WBGene00000262.,8,469,477
WBGene00000263.,4017,33112,37129
WBGene00000264.,212,528,740
WBGene00000265.,110,483,593
WBGene00000266.,91,923,1014
WBGene00000267.,88,239,327
WBGene00000268.,536,900,1436
WBGene00000269.,193,669,862
WBGene00000270.,33,453,486
WBGene00000271.,35,759,794
WBGene00000272.,26,50,76
WBGene00000273.,713,22893,23606
WBGene00000274.,253,707,960
WBGene00000275.,20,809,829
WBGene00000276.,319,7719,8038
WBGene00000277.,2029,19621,21650
WBGene00000279.,12,139,151
WBGene00000280.,27,208,235
WBGene00000281.,59,4070,4129
WBGene00000282.,336,2909,3245
WBGene00000283.,89,1270,1359
WBGene00000284.,19,678,697
WBGene00000285.,460,6752,7212
WBGene00000286.,1297,13389,14686
WBGene00000287.,142,743,885
WBGene00000288.,206,1455,1661
WBGene00000289.,248,976,1224
WBGene00000292.,311,4632,4943
WBGene00000293.,510,12313,12823
WBGene00000294.,392,6338,6730
WBGene00000295.,27,167,194
WBGene00000296.,4,22,26
WBGene00000298.,51,1360,1411
WBGene00000301.,15,16338,16353
WBGene00000302.,6,90,96
WBGene00000308.,11,31,42
WBGene00000310.,0,0,0
WBGene00000311.,0,0,0
WBGene00000366.,266,5717,5983
WBGene00000367.,365,1814,2179
WBGene00000368.,241,2105,2346
WBGene00000369.,2,1509,1511
WBGene00000370.,4859,21803,26662
WBGene00000371.,4519,54727,59246
WBGene00000372.,17,261,278
WBGene00000373.,36,168,204
WBGene00000374.,136,1090,1226
WBGene00000375.,40,251,291
WBGene00000376.,556,1365,1921
WBGene00000377.,69,7333,7402
WBGene00000378.,13,7306,7319
WBGene00000379.,1000,12798,13798
WBGene00000380.,884,19226,20110
WBGene00000381.,44,4350,4394
WBGene00000382.,39,418,457
WBGene00000383.,151,4858,5009
WBGene00000386.,18,212,230
WBGene00000387.,349,197,546
WBGene00000388.,2,12,14
WBGene00000389.,0,0,0
WBGene00000390.,154,3732,3886
WBGene00000391.,372,2298,2670
WBGene00000392.,0,34,34
WBGene00000393.,152,888,1040
WBGene00000395.,74,329,403
WBGene00000396.,78,1778,1856
WBGene00000397.,3,20,23
WBGene00000399.,4,3,7
WBGene00000401.,23,38,61
WBGene00000402.,90,6,96
WBGene00000403.,542,5847,6389
WBGene00000405.,52,2156,2208
WBGene00000406.,32,269,301
WBGene00000407.,311,1023,1334
WBGene00000408.,439,1294,1733
WBGene00000409.,115,856,971
WBGene00000410.,261,1113,1374
WBGene00000411.,19,1763,1782
WBGene00000412.,3,20,23
WBGene00000413.,57,362,419
WBGene00000414.,278,5849,6127
WBGene00000415.,2578,3507,6085
WBGene00000416.,53,1337,1390
WBGene00000417.,55,126,181
WBGene00000418.,16,338,354
WBGene00000419.,254,1339,1593
WBGene00000420.,90,974,1064
WBGene00000421.,292,2196,2488
WBGene00000422.,6,28,34
WBGene00000423.,32,678,710
WBGene00000424.,98,904,1002
WBGene00000425.,9,117,126
WBGene00000426.,341,1168,1509
WBGene00000427.,3,10,13
WBGene00000428.,6,114,120
WBGene00000429.,85,166,251
WBGene00000430.,4,63,67
WBGene00000431.,17,312,329
WBGene00000432.,32,23,55
WBGene00000433.,134,610,744
WBGene00000434.,12,41,53
WBGene00000435.,8,80,88
WBGene00000436.,7,58,65
WBGene00000437.,160,1593,1753
WBGene00000438.,26,78,104
WBGene00000439.,88,418,506
WBGene00000440.,1,23,24
WBGene00000441.,289,458,747
WBGene00000442.,23,175,198
WBGene00000443.,134,2654,2788
WBGene00000444.,13,211,224
WBGene00000445.,24,172,196
WBGene00000446.,13,187,200
WBGene00000447.,37,134,171
WBGene00000448.,89,753,842
WBGene00000449.,177,682,859
WBGene00000450.,3,5,8
WBGene00000451.,4,43,47
WBGene00000452.,4,164,168
WBGene00000453.,35,342,377
WBGene00000454.,33,394,427
WBGene00000455.,111,1093,1204
WBGene00000457.,20,70,90
WBGene00000458.,67,484,551
WBGene00000459.,112,1546,1658
WBGene00000460.,15,214,229
WBGene00000461.,8,14,22
WBGene00000462.,6,159,165
WBGene00000463.,48,297,345
WBGene00000464.,0,34,34
WBGene00000465.,31,845,876
WBGene00000466.,352,1969,2321
WBGene00000467.,43,517,560
WBGene00000468.,4,4,8
WBGene00000469.,25,44,69
WBGene00000472.,77,24497,24574
WBGene00000473.,3,516,519
WBGene00000474.,5,551,556
WBGene00000475.,28,9878,9906
WBGene00000476.,87,358,445
WBGene00000477.,10,26,36
WBGene00000478.,55,224,279
WBGene00000479.,15,1609,1624
WBGene00000480.,166,1134,1300
WBGene00000481.,20,277,297
WBGene00000482.,142,2993,3135
WBGene00000483.,17,18,35
WBGene00000484.,48,128,176
WBGene00000485.,107,666,773
WBGene00000487.,18,16,34
WBGene00000488.,93,174,267
WBGene00000490.,38,352,390
WBGene00000491.,158,484,642
WBGene00000492.,155,337,492
WBGene00000493.,44,215,259
WBGene00000496.,62,179,241
WBGene00000497.,23,50,73
WBGene00000498.,8,602,610
WBGene00000499.,41,66,107
WBGene00000500.,67,1143,1210
WBGene00000501.,62,404,466
WBGene00000502.,36,1112,1148
WBGene00000503.,1,63,64
WBGene00000506.,268,899,1167
WBGene00000507.,135,658,793
WBGene00000508.,32,1417,1449
WBGene00000509.,334,2111,2445
WBGene00000510.,158,1240,1398
WBGene00000511.,48,207,255
WBGene00000512.,34,322,356
WBGene00000513.,9,199,208
WBGene00000514.,70,293,363
WBGene00000515.,10,336,346
WBGene00000516.,9,2795,2804
WBGene00000517.,109,375,484
WBGene00000518.,902,1322,2224
WBGene00000519.,386,681,1067
WBGene00000520.,128,670,798
WBGene00000521.,5,12,17
WBGene00000522.,105,333,438
WBGene00000523.,66,515,581
WBGene00000524.,31,470,501
WBGene00000525.,9,4,13
WBGene00000526.,25,579,604
WBGene00000527.,245,709,954
WBGene00000528.,186,302,488
WBGene00000529.,208,214,422
WBGene00000530.,85,158,243
WBGene00000531.,18,35,53
WBGene00000532.,43,1026,1069
WBGene00000533.,20,285,305
WBGene00000534.,52,20143,20195
WBGene00000535.,555,8568,9123
WBGene00000536.,45,381,426
WBGene00000537.,22,460,482
WBGene00000539.,1,13,14
WBGene00000540.,83,343,426
WBGene00000541.,119,287,406
WBGene00000542.,683,7563,8246
WBGene00000543.,129,518,647
WBGene00000544.,73,22,95
WBGene00000545.,1147,2479,3626
WBGene00000546.,18,32,50
WBGene00000547.,320,1241,1561
WBGene00000548.,167,1967,2134
WBGene00000549.,14,1282,1296
WBGene00000550.,25,1447,1472
WBGene00000551.,0,11,11
WBGene00000552.,672,11559,12231
WBGene00000553.,1132,1102,2234
WBGene00000554.,1171,9190,10361
WBGene00000555.,0,1,1
WBGene00000556.,0,21,21
WBGene00000557.,13,214,227
WBGene00000558.,230,3983,4213
WBGene00000559.,0,4,4
WBGene00000560.,44,615,659
WBGene00000561.,1,24,25
WBGene00000562.,29,108,137
WBGene00000563.,30,12,42
WBGene00000564.,216,739,955
WBGene00000565.,545,351,896
WBGene00000566.,487,1191,1678
WBGene00000567.,196,4298,4494
WBGene00000583.,219,2197,2416
WBGene00000584.,37,364,401
WBGene00000585.,98,1188,1286
WBGene00000591.,188,832,1020
WBGene00000592.,28,404,432
WBGene00000593.,0,24,24
WBGene00000594.,0,3769,3769
WBGene00000596.,0,4,4
WBGene00000597.,7,63,70
WBGene00000598.,0,22,22
WBGene00000599.,10,1018,1028
WBGene00000601.,0,207,207
WBGene00000602.,0,3,3
WBGene00000603.,1,32,33
WBGene00000606.,0,1,1
WBGene00000608.,0,17,17
WBGene00000609.,0,4,4
WBGene00000610.,6,12,18
WBGene00000611.,286,2523,2809
WBGene00000612.,0,3,3
WBGene00000613.,0,12,12
WBGene00000614.,3,16,19
WBGene00000615.,0,19,19
WBGene00000616.,10,24692,24702
WBGene00000617.,0,2,2
WBGene00000618.,0,14,14
WBGene00000620.,1,3,4
WBGene00000621.,0,69,69
WBGene00000622.,3,26,29
WBGene00000623.,11,8,19
WBGene00000624.,17,5,22
WBGene00000625.,8,58,66
WBGene00000626.,0,1,1
WBGene00000627.,0,205,205
WBGene00000628.,0,6,6
WBGene00000629.,13,4,17
WBGene00000630.,51,321,372
WBGene00000631.,0,11,11
WBGene00000632.,0,136,136
WBGene00000633.,0,5,5
WBGene00000634.,1,21,22
WBGene00000636.,14,15,29
WBGene00000637.,1,73,74
WBGene00000638.,0,1,1
WBGene00000639.,0,103,103
WBGene00000640.,10,45,55
WBGene00000641.,14,312,326
WBGene00000642.,0,10,10
WBGene00000644.,0,13,13
WBGene00000645.,44,377,421
WBGene00000646.,2,9,11
WBGene00000647.,3,41,44
WBGene00000648.,29,3,32
WBGene00000649.,0,8,8
WBGene00000650.,0,13,13
WBGene00000651.,1,16,17
WBGene00000652.,10,114,124
WBGene00000653.,1,597,598
WBGene00000654.,4,21,25
WBGene00000655.,2,79,81
WBGene00000656.,17,6083,6100
WBGene00000657.,8,28,36
WBGene00000658.,3,12,15
WBGene00000659.,1,6,7
WBGene00000660.,5,7,12
WBGene00000661.,3,17,20
WBGene00000662.,12,34,46
WBGene00000663.,0,10,10
WBGene00000664.,1,261,262
WBGene00000665.,1,5,6
WBGene00000666.,6,2772,2778
WBGene00000667.,2,142,144
WBGene00000668.,0,171,171
WBGene00000669.,18,4338,4356
WBGene00000670.,0,144,144
WBGene00000671.,0,141,141
WBGene00000672.,0,7,7
WBGene00000673.,33,59389,59422
WBGene00000674.,49,107,156
WBGene00000675.,1,264,265
WBGene00000676.,0,0,0
WBGene00000677.,55,41285,41340
WBGene00000678.,1,55,56
WBGene00000679.,0,16,16
WBGene00000680.,0,16,16
WBGene00000681.,38,50522,50560
WBGene00000682.,0,47,47
WBGene00000683.,13,106,119
WBGene00000684.,12,42,54
WBGene00000685.,7,39,46
WBGene00000687.,2,11,13
WBGene00000688.,0,100,100
WBGene00000689.,13,42,55
WBGene00000690.,0,61,61
WBGene00000691.,0,2259,2259
WBGene00000692.,2002,24484,26486
WBGene00000693.,0,7,7
WBGene00000694.,1,43,44
WBGene00000695.,1,6,7
WBGene00000696.,0,1,1
WBGene00000697.,1,5,6
WBGene00000698.,0,18,18
WBGene00000699.,1,97,98
WBGene00000700.,0,1,1
WBGene00000701.,0,3,3
WBGene00000702.,1,21,22
WBGene00000703.,3,260,263
WBGene00000704.,0,45,45
WBGene00000705.,3,5,8
WBGene00000706.,1,42,43
WBGene00000707.,0,12,12
WBGene00000708.,0,19,19
WBGene00000709.,1,0,1
WBGene00000710.,1,45,46
WBGene00000711.,0,10,10
WBGene00000712.,0,2,2
WBGene00000713.,3,196,199
WBGene00000714.,5,37,42
WBGene00000715.,116,1163,1279
WBGene00000716.,7,72,79
WBGene00000717.,2,389,391
WBGene00000718.,0,14,14
WBGene00000719.,0,7,7
WBGene00000720.,2,30142,30144
WBGene00000721.,0,6,6
WBGene00000722.,0,27,27
WBGene00000723.,1,514,515
WBGene00000724.,16,133,149
WBGene00000725.,1,13,14
WBGene00000726.,181,927,1108
WBGene00000727.,0,263,263
WBGene00000728.,0,240,240
WBGene00000729.,2,3,5
WBGene00000730.,0,10,10
WBGene00000731.,4,6,10
WBGene00000732.,8,43,51
WBGene00000733.,4,71,75
WBGene00000734.,0,27,27
WBGene00000735.,0,3,3
WBGene00000736.,0,6,6
WBGene00000737.,0,24,24
WBGene00000738.,1,21,22
WBGene00000739.,0,2632,2632
WBGene00000740.,0,528,528
WBGene00000741.,0,259,259
WBGene00000742.,0,38,38
WBGene00000743.,0,3,3
WBGene00000744.,0,1,1
WBGene00000745.,1,55,56
WBGene00000746.,7,5,12
WBGene00000747.,0,13,13
WBGene00000748.,2,47,49
WBGene00000749.,1,429,430
WBGene00000750.,47,229,276
WBGene00000751.,0,4,4
WBGene00000752.,0,0,0
WBGene00000753.,0,14,14
WBGene00000754.,1,437,438
WBGene00000755.,0,12,12
WBGene00000756.,0,5,5
WBGene00000757.,1,28,29
WBGene00000758.,0,1,1
WBGene00000759.,3,21,24
WBGene00000760.,8,49,57
WBGene00000761.,43,705,748
WBGene00000762.,132,664,796
WBGene00000763.,312,2517,2829
WBGene00000764.,36,461,497
WBGene00000765.,6,653,659
WBGene00000766.,24,595,619
WBGene00000767.,66,743,809
WBGene00000768.,286,2637,2923
WBGene00000770.,3,60,63
WBGene00000771.,1,10,11
WBGene00000772.,2,86,88
WBGene00000773.,105,1181,1286
WBGene00000774.,59,1316,1375
WBGene00000775.,126,664,790
WBGene00000776.,1415,79409,80824
WBGene00000777.,31,2679,2710
WBGene00000778.,4,62,66
WBGene00000779.,7969,105646,113615
WBGene00000780.,77,588,665
WBGene00000781.,4,806,810
WBGene00000782.,4,703,707
WBGene00000783.,20,309,329
WBGene00000784.,0,90,90
WBGene00000785.,4,745,749
WBGene00000786.,308,3856,4164
WBGene00000787.,59,3503,3562
WBGene00000788.,378,58289,58667
WBGene00000789.,183,4271,4454
WBGene00000792.,36,91,127
WBGene00000793.,4821,2314,7135
WBGene00000794.,47,614,661
WBGene00000795.,40,1030,1070
WBGene00000796.,300,2942,3242
WBGene00000797.,12,109,121
WBGene00000798.,7,941,948
WBGene00000799.,4,19,23
WBGene00000800.,228,2933,3161
WBGene00000801.,57,596,653
WBGene00000802.,475,33262,33737
WBGene00000803.,19,129,148
WBGene00000804.,13,986,999
WBGene00000812.,376,808,1184
WBGene00000813.,145,970,1115
WBGene00000814.,261,2907,3168
WBGene00000815.,411,1279,1690
WBGene00000816.,129,525,654
WBGene00000817.,36,932,968
WBGene00000818.,63,587,650
WBGene00000819.,14,33,47
WBGene00000820.,252,1196,1448
WBGene00000821.,1,2,3
WBGene00000822.,3312,38303,41615
WBGene00000829.,0,71076,71076
WBGene00000830.,0,5,5
WBGene00000831.,5,957,962
WBGene00000832.,778,6418,7196
WBGene00000833.,60,12475,12535
WBGene00000834.,454,742,1196
WBGene00000835.,91,1582,1673
WBGene00000836.,90,945,1035
WBGene00000837.,304,1588,1892
WBGene00000838.,142,513,655
WBGene00000839.,65,1442,1507
WBGene00000840.,130,1541,1671
WBGene00000841.,52,102,154
WBGene00000843.,27,1738,1765
WBGene00000845.,378,3848,4226
WBGene00000846.,108,333,441
WBGene00000851.,1,4,5
WBGene00000853.,49,37,86
WBGene00000854.,241,1450,1691
WBGene00000857.,89,1272,1361
WBGene00000858.,73,1035,1108
WBGene00000859.,0,6,6
WBGene00000860.,16,142,158
WBGene00000861.,5,15,20
WBGene00000862.,57,216,273
WBGene00000863.,29,802,831
WBGene00000864.,0,4,4
WBGene00000865.,12,320,332
WBGene00000866.,0,121,121
WBGene00000867.,1,100,101
WBGene00000868.,8,744,752
WBGene00000869.,171,8224,8395
WBGene00000870.,128,1657,1785
WBGene00000871.,53,507,560
WBGene00000872.,68,1573,1641
WBGene00000874.,91,1432,1523
WBGene00000875.,18,772,790
WBGene00000876.,386,4029,4415
WBGene00000877.,16,4298,4314
WBGene00000878.,38,187,225
WBGene00000879.,638,15348,15986
WBGene00000880.,87,1493,1580
WBGene00000881.,3,10514,10517
WBGene00000882.,1,906,907
WBGene00000883.,923,20698,21621
WBGene00000884.,42,1401,1443
WBGene00000885.,116,294,410
WBGene00000886.,50,816,866
WBGene00000887.,180,1286,1466
WBGene00000888.,43,711,754
WBGene00000889.,92,1330,1422
WBGene00000890.,72,493,565
WBGene00000891.,139,817,956
WBGene00000892.,144,593,737
WBGene00000893.,17,15,32
WBGene00000894.,484,2750,3234
WBGene00000895.,37,59,96
WBGene00000896.,186,3439,3625
WBGene00000897.,130,729,859
WBGene00000898.,3628,4331,7959
WBGene00000899.,174,1481,1655
WBGene00000900.,456,3193,3649
WBGene00000901.,1490,4288,5778
WBGene00000902.,6,29,35
WBGene00000903.,18,2189,2207
WBGene00000904.,54,153,207
WBGene00000905.,17,209,226
WBGene00000906.,119,287,406
WBGene00000907.,54,198,252
WBGene00000908.,587,746,1333
WBGene00000910.,649,2456,3105
WBGene00000911.,453,3914,4367
WBGene00000912.,3306,6949,10255
WBGene00000913.,63,1124,1187
WBGene00000914.,701,1058,1759
WBGene00000915.,541,51284,51825
WBGene00000917.,204,1820,2024
WBGene00000920.,2,210,212
WBGene00000923.,34,1953,1987
WBGene00000928.,1,15,16
WBGene00000929.,231,2076,2307
WBGene00000930.,1,34,35
WBGene00000931.,123,5739,5862
WBGene00000932.,180,6293,6473
WBGene00000933.,85,614,699
WBGene00000934.,11,69,80
WBGene00000935.,7,335,342
WBGene00000936.,49,1527,1576
WBGene00000937.,15,354,369
WBGene00000938.,448,5702,6150
WBGene00000939.,223,1579,1802
WBGene00000940.,167,859,1026
WBGene00000941.,308,2929,3237
WBGene00000942.,319,5788,6107
WBGene00000950.,57,55,112
WBGene00000951.,13,211,224
WBGene00000952.,50,47,97
WBGene00000953.,42,148,190
WBGene00000955.,22,265,287
WBGene00000958.,97,571,668
WBGene00000959.,289,2010,2299
WBGene00000960.,30,78,108
WBGene00000961.,70,1145,1215
WBGene00000962.,119,3734,3853
WBGene00000963.,209,394,603
WBGene00000964.,110,4460,4570
WBGene00000965.,86,1570,1656
WBGene00000966.,54,228,282
WBGene00000967.,169,310,479
WBGene00000968.,28,121,149
WBGene00000969.,5,322,327
WBGene00000970.,45,1176,1221
WBGene00000971.,12,126,138
WBGene00000972.,52,413,465
WBGene00000973.,110,1903,2013
WBGene00000974.,18,252,270
WBGene00000975.,339,3064,3403
WBGene00000976.,304,2451,2755
WBGene00000977.,23,332,355
WBGene00000978.,32,2002,2034
WBGene00000979.,0,35,35
WBGene00000980.,407,2401,2808
WBGene00000981.,10,962,972
WBGene00000982.,716,6132,6848
WBGene00000983.,82,681,763
WBGene00000984.,150,989,1139
WBGene00000985.,45,1536,1581
WBGene00000986.,1,54,55
WBGene00000987.,151,570,721
WBGene00000988.,811,2743,3554
WBGene00000989.,6,27,33
WBGene00000990.,17,81,98
WBGene00000991.,201,1347,1548
WBGene00000992.,90,459,549
WBGene00000993.,296,1029,1325
WBGene00000994.,31,380,411
WBGene00000995.,28,361,389
WBGene00000996.,146,3383,3529
WBGene00000998.,1557,33330,34887
WBGene00001000.,481,5722,6203
WBGene00001001.,196,1369,1565
WBGene00001002.,52,935,987
WBGene00001005.,43,10916,10959
WBGene00001006.,179,1828,2007
WBGene00001007.,230,2719,2949
WBGene00001008.,510,3010,3520
WBGene00001016.,28,452,480
WBGene00001017.,293,3201,3494
WBGene00001018.,179,1873,2052
WBGene00001019.,503,1614,2117
WBGene00001020.,23,190,213
WBGene00001021.,49,258,307
WBGene00001022.,44,378,422
WBGene00001023.,242,3408,3650
WBGene00001025.,90,934,1024
WBGene00001026.,62,1850,1912
WBGene00001027.,467,610,1077
WBGene00001028.,129,1248,1377
WBGene00001029.,108,1029,1137
WBGene00001030.,82,5047,5129
WBGene00001031.,42,2117,2159
WBGene00001032.,38,942,980
WBGene00001033.,91,439,530
WBGene00001034.,91,1651,1742
WBGene00001035.,71,860,931
WBGene00001036.,22,537,559
WBGene00001037.,30,3610,3640
WBGene00001038.,235,4834,5069
WBGene00001039.,95,475,570
WBGene00001040.,65,1764,1829
WBGene00001041.,32,1516,1548
WBGene00001042.,186,353,539
WBGene00001043.,431,698,1129
WBGene00001044.,13,357,370
WBGene00001045.,64,253,317
WBGene00001046.,15,283,298
WBGene00001047.,228,2079,2307
WBGene00001048.,127,634,761
WBGene00001049.,54,657,711
WBGene00001050.,10,176,186
WBGene00001051.,5,1713,1718
WBGene00001052.,231,729,960
WBGene00001053.,53,223,276
WBGene00001054.,75,338,413
WBGene00001055.,90,349,439
WBGene00001056.,100,1167,1267
WBGene00001057.,21,1039,1060
WBGene00001058.,97,1035,1132
WBGene00001059.,9,40,49
WBGene00001060.,12,567,579
WBGene00001061.,57,874,931
WBGene00001062.,1,6,7
WBGene00001063.,13,13,26
WBGene00001064.,1,24,25
WBGene00001065.,0,17,17
WBGene00001066.,3,17,20
WBGene00001067.,0,123,123
WBGene00001068.,8,139,147
WBGene00001069.,4,11,15
WBGene00001070.,2,10,12
WBGene00001071.,4,8,12
WBGene00001072.,0,23,23
WBGene00001073.,86,1664,1750
WBGene00001074.,2,18,20
WBGene00001075.,14,121,135
WBGene00001076.,2,161,163
WBGene00001077.,16,400,416
WBGene00001078.,150,311,461
WBGene00001079.,8,7,15
WBGene00001080.,968,3461,4429
WBGene00001081.,240,6397,6637
WBGene00001082.,239,1647,1886
WBGene00001085.,129,1643,1772
WBGene00001086.,111,2468,2579
WBGene00001087.,2042,2125,4167
WBGene00001088.,243,5673,5916
WBGene00001089.,293,706,999
WBGene00001090.,47,503,550
WBGene00001091.,393,2070,2463
WBGene00001092.,2,35,37
WBGene00001093.,37,1956,1993
WBGene00001094.,21,2797,2818
WBGene00001095.,73,383,456
WBGene00001096.,39,253,292
WBGene00001099.,14,196,210
WBGene00001101.,1024,4638,5662
WBGene00001102.,29,718,747
WBGene00001103.,0,6,6
WBGene00001104.,7,10,17
WBGene00001105.,8,12,20
WBGene00001106.,6,28,34
WBGene00001107.,7,16,23
WBGene00001108.,5,110,115
WBGene00001109.,0,166,166
WBGene00001110.,23,426,449
WBGene00001111.,84,14,98
WBGene00001112.,85,798,883
WBGene00001113.,2150,16272,18422
WBGene00001115.,335,1184,1519
WBGene00001116.,183,1008,1191
WBGene00001117.,33,377,410
WBGene00001118.,128,229,357
WBGene00001119.,43,246,289
WBGene00001121.,71,163,234
WBGene00001122.,62,912,974
WBGene00001123.,8,141,149
WBGene00001127.,49,226,275
WBGene00001129.,22,144,166
WBGene00001130.,102,892,994
WBGene00001131.,1007,8174,9181
WBGene00001132.,158,1847,2005
WBGene00001133.,31,92,123
WBGene00001134.,165,1835,2000
WBGene00001135.,39,275,314
WBGene00001136.,20,35,55
WBGene00001137.,301,18503,18804
WBGene00001145.,1351,7320,8671
WBGene00001147.,0,4,4
WBGene00001148.,1676,318,1994
WBGene00001149.,337,10237,10574
WBGene00001150.,1,7,8
WBGene00001151.,45,832,877
WBGene00001152.,7,1216,1223
WBGene00001153.,6,740,746
WBGene00001154.,58,325,383
WBGene00001155.,233,1791,2024
WBGene00001156.,115,835,950
WBGene00001157.,54,209,263
WBGene00001158.,3,13,16
WBGene00001159.,18,103,121
WBGene00001160.,144,7875,8019
WBGene00001161.,254,595,849
WBGene00001162.,395,510,905
WBGene00001163.,165,1251,1416
WBGene00001164.,1,1,2
WBGene00001165.,50,234,284
WBGene00001166.,21,1572,1593
WBGene00001167.,6932,151021,157953
WBGene00001168.,11421,435957,447378
WBGene00001169.,20,11156,11176
WBGene00001170.,24,297,321
WBGene00001171.,153,224,377
WBGene00001172.,300,7378,7678
WBGene00001173.,2939,6702,9641
WBGene00001174.,34,453,487
WBGene00001175.,24,129,153
WBGene00001177.,2101,4785,6886
WBGene00001178.,402,2479,2881
WBGene00001179.,412,1323,1735
WBGene00001182.,127,1541,1668
WBGene00001184.,175,1231,1406
WBGene00001185.,7,48,55
WBGene00001186.,282,661,943
WBGene00001187.,281,1996,2277
WBGene00001188.,289,1345,1634
WBGene00001189.,895,13739,14634
WBGene00001190.,156,439,595
WBGene00001193.,8,528,536
WBGene00001194.,589,6904,7493
WBGene00001196.,822,11268,12090
WBGene00001202.,47,122,169
WBGene00001204.,58,109,167
WBGene00001207.,62,315,377
WBGene00001208.,775,1995,2770
WBGene00001209.,40,3625,3665
WBGene00001210.,49,2272,2321
WBGene00001211.,61,117,178
WBGene00001214.,32,625,657
WBGene00001215.,401,1759,2160
WBGene00001223.,2,13,15
WBGene00001224.,21,1082,1103
WBGene00001225.,14,5088,5102
WBGene00001226.,73,2044,2117
WBGene00001227.,275,2188,2463
WBGene00001228.,25,1460,1485
WBGene00001229.,47,2034,2081
WBGene00001230.,52,3584,3636
WBGene00001231.,30,711,741
WBGene00001232.,195,2093,2288
WBGene00001233.,182,1840,2022
WBGene00001234.,14,2664,2678
WBGene00001235.,69,1571,1640
WBGene00001236.,56,888,944
WBGene00001237.,33,167,200
WBGene00001239.,213,4915,5128
WBGene00001240.,89,1688,1777
WBGene00001241.,458,2280,2738
WBGene00001242.,8,43,51
WBGene00001243.,23,191,214
WBGene00001244.,97,663,760
WBGene00001245.,0,2,2
WBGene00001246.,3,29,32
WBGene00001247.,33,103,136
WBGene00001248.,162,466,628
WBGene00001249.,39,753,792
WBGene00001250.,6,60,66
WBGene00001251.,140,1192,1332
WBGene00001252.,4,111,115
WBGene00001253.,45,369,414
WBGene00001258.,476,1998,2474
WBGene00001259.,64,2561,2625
WBGene00001262.,67,1793,1860
WBGene00001263.,754,19148,19902
WBGene00001281.,60,740,800
WBGene00001284.,123,1235,1358
WBGene00001303.,70,5934,6004
WBGene00001309.,83,1553,1636
WBGene00001310.,8,2,10
WBGene00001311.,5,5,10
WBGene00001320.,7,1205,1212
WBGene00001324.,81,1084,1165
WBGene00001325.,284,1470,1754
WBGene00001328.,111,3454,3565
WBGene00001329.,112,3918,4030
WBGene00001330.,300,832,1132
WBGene00001331.,30,1458,1488
WBGene00001332.,65,534,599
WBGene00001333.,205,1753,1958
WBGene00001334.,277,1481,1758
WBGene00001335.,124,955,1079
WBGene00001336.,270,3073,3343
WBGene00001337.,591,5589,6180
WBGene00001338.,31,891,922
WBGene00001340.,486,3087,3573
WBGene00001345.,1492,1500,2992
WBGene00001352.,274,1856,2130
WBGene00001358.,39,277,316
WBGene00001362.,22,13,35
WBGene00001365.,199,1083,1282
WBGene00001366.,552,1365,1917
WBGene00001368.,173,1088,1261
WBGene00001371.,54,944,998
WBGene00001372.,20,114,134
WBGene00001373.,94,169,263
WBGene00001374.,374,1294,1668
WBGene00001377.,131,331,462
WBGene00001385.,34081,429493,463574
WBGene00001386.,496,17009,17505
WBGene00001387.,15,53,68
WBGene00001388.,1,25,26
WBGene00001389.,46,814,860
WBGene00001390.,130,3679,3809
WBGene00001391.,401,16385,16786
WBGene00001392.,60,3006,3066
WBGene00001393.,64,7897,7961
WBGene00001394.,101,17874,17975
WBGene00001395.,850,6639,7489
WBGene00001396.,110,3585,3695
WBGene00001397.,0,67,67
WBGene00001398.,104,2788,2892
WBGene00001399.,1,5,6
WBGene00001400.,4,67,71
WBGene00001401.,1,252,253
WBGene00001402.,2,102,104
WBGene00001403.,367,2800,3167
WBGene00001404.,1087,5929,7016
WBGene00001405.,19,1220,1239
WBGene00001406.,237,451,688
WBGene00001410.,157,412,569
WBGene00001411.,62,1355,1417
WBGene00001412.,32,942,974
WBGene00001413.,33,556,589
WBGene00001414.,1,17,18
WBGene00001423.,61,4879,4940
WBGene00001424.,1,0,1
WBGene00001425.,171,1234,1405
WBGene00001426.,104,2778,2882
WBGene00001427.,663,25130,25793
WBGene00001428.,4,765,769
WBGene00001429.,25,558,583
WBGene00001430.,10,100,110
WBGene00001431.,28,2029,2057
WBGene00001432.,35,164,199
WBGene00001433.,58,405,463
WBGene00001434.,2,102,104
WBGene00001435.,1,1,2
WBGene00001436.,0,1,1
WBGene00001437.,1,45,46
WBGene00001438.,9,25,34
WBGene00001439.,2775,3623,6398
WBGene00001440.,31,438,469
WBGene00001441.,294,6522,6816
WBGene00001442.,3,73,76
WBGene00001443.,532,1819,2351
WBGene00001444.,5233,30333,35566
WBGene00001445.,193,2143,2336
WBGene00001446.,24,798,822
WBGene00001447.,222,2668,2890
WBGene00001448.,686,10058,10744
WBGene00001449.,323,2076,2399
WBGene00001450.,31,1198,1229
WBGene00001451.,132,1364,1496
WBGene00001452.,166,12908,13074
WBGene00001453.,9,1743,1752
WBGene00001454.,7,7000,7007
WBGene00001455.,438,9111,9549
WBGene00001456.,10,1212,1222
WBGene00001457.,1596,11026,12622
WBGene00001458.,410,5523,5933
WBGene00001459.,151,5752,5903
WBGene00001460.,59,1096,1155
WBGene00001461.,966,6321,7287
WBGene00001462.,113,7182,7295
WBGene00001463.,114,2729,2843
WBGene00001464.,225,3415,3640
WBGene00001465.,19,65,84
WBGene00001466.,7,155,162
WBGene00001468.,7,27,34
WBGene00001470.,68,1194,1262
WBGene00001475.,147,1393,1540
WBGene00001476.,64,357,421
WBGene00001477.,62,821,883
WBGene00001478.,58,220,278
WBGene00001479.,63,1091,1154
WBGene00001480.,2797,17750,20547
WBGene00001481.,28,170,198
WBGene00001482.,5,258,263
WBGene00001483.,9,121,130
WBGene00001484.,392,776,1168
WBGene00001485.,273,575,848
WBGene00001486.,44,354,398
WBGene00001487.,83,101,184
WBGene00001488.,1093,35135,36228
WBGene00001489.,290,1407,1697
WBGene00001490.,141,706,847
WBGene00001491.,1621,8345,9966
WBGene00001492.,62,17,79
WBGene00001493.,216,2423,2639
WBGene00001494.,344,604,948
WBGene00001495.,0,0,0
WBGene00001496.,1650,6360,8010
WBGene00001497.,47,957,1004
WBGene00001498.,177,1823,2000
WBGene00001499.,25,518,543
WBGene00001500.,262,2300,2562
WBGene00001501.,1096,7115,8211
WBGene00001502.,366,27480,27846
WBGene00001503.,102,6031,6133
WBGene00001505.,91,596,687
WBGene00001506.,26,104,130
WBGene00001507.,26,97,123
WBGene00001508.,142,355,497
WBGene00001509.,147,2206,2353
WBGene00001510.,250,1634,1884
WBGene00001511.,35,707,742
WBGene00001512.,53,160,213
WBGene00001513.,2,995,997
WBGene00001514.,32,361,393
WBGene00001515.,49,214,263
WBGene00001516.,735,2086,2821
WBGene00001517.,75,388,463
WBGene00001518.,157,472,629
WBGene00001519.,465,2510,2975
WBGene00001520.,122,4381,4503
WBGene00001522.,65,87,152
WBGene00001523.,119,1111,1230
WBGene00001526.,159,1142,1301
WBGene00001527.,36,1003,1039
WBGene00001528.,16,16,32
WBGene00001529.,24,21,45
WBGene00001530.,8,48,56
WBGene00001531.,14,96,110
WBGene00001532.,8,83,91
WBGene00001533.,32,53,85
WBGene00001534.,21,36,57
WBGene00001535.,12,101,113
WBGene00001536.,36,86,122
WBGene00001537.,1559,2352,3911
WBGene00001538.,67,521,588
WBGene00001539.,62,34,96
WBGene00001540.,7,24,31
WBGene00001541.,7,103,110
WBGene00001542.,27,40,67
WBGene00001543.,11,118,129
WBGene00001544.,41,86,127
WBGene00001545.,4,24,28
WBGene00001546.,6,54,60
WBGene00001547.,27,110,137
WBGene00001548.,20,105,125
WBGene00001549.,30,120,150
WBGene00001550.,11,26,37
WBGene00001551.,57,72,129
WBGene00001552.,97,464,561
WBGene00001553.,100,631,731
WBGene00001554.,95,483,578
WBGene00001555.,279,877,1156
WBGene00001556.,178,1012,1190
WBGene00001557.,132,691,823
WBGene00001558.,31,3703,3734
WBGene00001559.,179,426,605
WBGene00001560.,67,174,241
WBGene00001561.,1088,9829,10917
WBGene00001562.,80,2027,2107
WBGene00001563.,171,2768,2939
WBGene00001564.,1437,45770,47207
WBGene00001565.,166,1756,1922
WBGene00001566.,31,563,594
WBGene00001568.,71,1105,1176
WBGene00001569.,1,59,60
WBGene00001570.,44,391,435
WBGene00001571.,23,579,602
WBGene00001572.,502,3878,4380
WBGene00001574.,314,2303,2617
WBGene00001575.,14,62,76
WBGene00001577.,277,1964,2241
WBGene00001578.,132,866,998
WBGene00001579.,107,694,801
WBGene00001580.,66,817,883
WBGene00001581.,2,764,766
WBGene00001582.,398,2125,2523
WBGene00001583.,27,519,546
WBGene00001584.,367,1190,1557
WBGene00001585.,59,1208,1267
WBGene00001586.,115,209,324
WBGene00001587.,86,249,335
WBGene00001588.,28,320,348
WBGene00001589.,254,959,1213
WBGene00001590.,27,468,495
WBGene00001591.,8,487,495
WBGene00001592.,36,217,253
WBGene00001593.,43,174,217
WBGene00001594.,64,425,489
WBGene00001595.,4,135,139
WBGene00001596.,284,3093,3377
WBGene00001597.,42,374,416
WBGene00001598.,68,3013,3081
WBGene00001599.,18,569,587
WBGene00001600.,7,417,424
WBGene00001601.,12,596,608
WBGene00001602.,66,952,1018
WBGene00001603.,1,14,15
WBGene00001604.,177,15436,15613
WBGene00001605.,0,26,26
WBGene00001606.,23,439,462
WBGene00001607.,32,450,482
WBGene00001608.,90,514,604
WBGene00001609.,28,567,595
WBGene00001612.,28,70,98
WBGene00001613.,82,131,213
WBGene00001614.,26,78,104
WBGene00001615.,140,425,565
WBGene00001616.,39,265,304
WBGene00001617.,129,412,541
WBGene00001618.,26,36,62
WBGene00001619.,25,70,95
WBGene00001620.,54,543,597
WBGene00001621.,11,80,91
WBGene00001622.,50,706,756
WBGene00001623.,11,325,336
WBGene00001624.,12,17,29
WBGene00001625.,4,9,13
WBGene00001626.,3,25,28
WBGene00001627.,47,313,360
WBGene00001628.,30,419,449
WBGene00001629.,214,510,724
WBGene00001630.,631,644,1275
WBGene00001631.,145,804,949
WBGene00001632.,44,524,568
WBGene00001633.,60,293,353
WBGene00001635.,37,716,753
WBGene00001636.,85,321,406
WBGene00001637.,62,174,236
WBGene00001638.,29,270,299
WBGene00001639.,28,120,148
WBGene00001640.,25,9,34
WBGene00001641.,2,2,4
WBGene00001642.,0,1,1
WBGene00001643.,12,144,156
WBGene00001644.,13,93,106
WBGene00001645.,70,720,790
WBGene00001646.,0,236,236
WBGene00001647.,2,1010,1012
WBGene00001648.,371,5363,5734
WBGene00001649.,153,1613,1766
WBGene00001650.,144,503,647
WBGene00001651.,316,788,1104
WBGene00001653.,165,1437,1602
WBGene00001660.,52,564,616
WBGene00001661.,94,1101,1195
WBGene00001662.,53,1461,1514
WBGene00001663.,21,157,178
WBGene00001664.,15,231,246
WBGene00001665.,24,209,233
WBGene00001666.,22,367,389
WBGene00001667.,13,27,40
WBGene00001668.,10,68,78
WBGene00001669.,263,945,1208
WBGene00001670.,220,1087,1307
WBGene00001671.,409,4845,5254
WBGene00001672.,16,96,112
WBGene00001673.,67,61,128
WBGene00001674.,77,788,865
WBGene00001675.,9,33,42
WBGene00001676.,81,170,251
WBGene00001677.,22,128,150
WBGene00001678.,260,406,666
WBGene00001679.,449,7248,7697
WBGene00001680.,78,1856,1934
WBGene00001681.,28,544,572
WBGene00001682.,330,11695,12025
WBGene00001683.,74,746,820
WBGene00001684.,42,25605,25647
WBGene00001685.,29,46725,46754
WBGene00001686.,69,800,869
WBGene00001687.,9,30,39
WBGene00001688.,7,415,422
WBGene00001689.,12,469,481
WBGene00001690.,9,42,51
WBGene00001691.,1,3,4
WBGene00001692.,215,6521,6736
WBGene00001693.,1,4,5
WBGene00001694.,6,2209,2215
WBGene00001695.,4,8,12
WBGene00001696.,37,96,133
WBGene00001697.,2,4,6
WBGene00001698.,10,11,21
WBGene00001699.,51,5285,5336
WBGene00001700.,11,3,14
WBGene00001701.,3,16,19
WBGene00001702.,94,632,726
WBGene00001703.,0,6,6
WBGene00001704.,8,24,32
WBGene00001705.,3,23,26
WBGene00001706.,2,67,69
WBGene00001707.,310,674,984
WBGene00001708.,400,1646,2046
WBGene00001709.,77,701,778
WBGene00001710.,13,5,18
WBGene00001711.,1,8,9
WBGene00001712.,2,11,13
WBGene00001713.,5,1259,1264
WBGene00001714.,0,7,7
WBGene00001715.,3,9,12
WBGene00001716.,6,10,16
WBGene00001717.,6,76,82
WBGene00001718.,0,28,28
WBGene00001719.,9,234,243
WBGene00001720.,2,4,6
WBGene00001721.,5,23,28
WBGene00001722.,2,4,6
WBGene00001723.,9,15,24
WBGene00001724.,13,28,41
WBGene00001725.,0,13,13
WBGene00001726.,2,15,17
WBGene00001727.,4,8,12
WBGene00001728.,2,7,9
WBGene00001729.,3,6,9
WBGene00001730.,0,7,7
WBGene00001731.,1,17,18
WBGene00001732.,2,5,7
WBGene00001733.,2,15,17
WBGene00001734.,0,7,7
WBGene00001735.,2,6,8
WBGene00001736.,0,3,3
WBGene00001737.,0,1,1
WBGene00001738.,0,2,2
WBGene00001739.,0,2,2
WBGene00001740.,76,326,402
WBGene00001743.,86,657,743
WBGene00001744.,209,1304,1513
WBGene00001745.,655,1704,2359
WBGene00001746.,373,2463,2836
WBGene00001747.,182,3636,3818
WBGene00001748.,1370,20363,21733
WBGene00001749.,4,2438,2442
WBGene00001750.,82,808,890
WBGene00001751.,133,4491,4624
WBGene00001752.,0,49,49
WBGene00001753.,488,16837,17325
WBGene00001754.,0,330,330
WBGene00001755.,246,16823,17069
WBGene00001756.,1,476,477
WBGene00001757.,33,83,116
WBGene00001758.,14,2444,2458
WBGene00001759.,11,216,227
WBGene00001760.,28,1542,1570
WBGene00001761.,54,652,706
WBGene00001762.,5,223,228
WBGene00001763.,38,3309,3347
WBGene00001764.,4,560,564
WBGene00001765.,7,42,49
WBGene00001766.,2,1,3
WBGene00001767.,9,677,686
WBGene00001768.,147,36347,36494
WBGene00001769.,15,280,295
WBGene00001770.,4,1109,1113
WBGene00001771.,3,378,381
WBGene00001772.,17,3491,3508
WBGene00001773.,3,76,79
WBGene00001774.,0,63,63
WBGene00001775.,4,1084,1088
WBGene00001776.,43,501,544
WBGene00001777.,10,121,131
WBGene00001778.,0,480,480
WBGene00001779.,3,233,236
WBGene00001780.,3,30,33
WBGene00001781.,71,1155,1226
WBGene00001782.,108,246,354
WBGene00001783.,279,2646,2925
WBGene00001784.,159,1291,1450
WBGene00001785.,0,58,58
WBGene00001786.,0,72,72
WBGene00001787.,2,1515,1517
WBGene00001788.,68,547,615
WBGene00001789.,10,1981,1991
WBGene00001790.,79,1635,1714
WBGene00001791.,93,511,604
WBGene00001792.,22,154,176
WBGene00001793.,1223,2983,4206
WBGene00001794.,1463,10104,11567
WBGene00001795.,105,655,760
WBGene00001796.,44,149,193
WBGene00001803.,86,636,722
WBGene00001804.,43,155,198
WBGene00001805.,23,193,216
WBGene00001806.,13,29,42
WBGene00001808.,262,1481,1743
WBGene00001811.,19,142,161
WBGene00001812.,53,720,773
WBGene00001813.,185,553,738
WBGene00001814.,41,710,751
WBGene00001815.,77,455,532
WBGene00001816.,137,164,301
WBGene00001817.,32,271,303
WBGene00001818.,8,7,15
WBGene00001819.,47,505,552
WBGene00001820.,25,800,825
WBGene00001821.,191,837,1028
WBGene00001823.,69,704,773
WBGene00001824.,53,1239,1292
WBGene00001827.,63,837,900
WBGene00001828.,4,6,10
WBGene00001829.,16,600,616
WBGene00001830.,22,1077,1099
WBGene00001831.,15,1360,1375
WBGene00001832.,90,775,865
WBGene00001833.,73,1098,1171
WBGene00001834.,6,1042,1048
WBGene00001835.,6,718,724
WBGene00001836.,58,646,704
WBGene00001837.,1095,1670,2765
WBGene00001838.,67,221,288
WBGene00001839.,26,62,88
WBGene00001840.,356,6626,6982
WBGene00001841.,6,66,72
WBGene00001842.,11,33,44
WBGene00001843.,637,5440,6077
WBGene00001844.,40,627,667
WBGene00001851.,476,5901,6377
WBGene00001852.,451,20234,20685
WBGene00001853.,88,19180,19268
WBGene00001854.,74,19667,19741
WBGene00001855.,32,5389,5421
WBGene00001856.,6,3328,3334
WBGene00001857.,0,24,24
WBGene00001858.,1419,15453,16872
WBGene00001859.,22,18,40
WBGene00001860.,99,1872,1971
WBGene00001862.,1,306,307
WBGene00001863.,1248,12399,13647
WBGene00001864.,185,1085,1270
WBGene00001865.,41,391,432
WBGene00001867.,42,476,518
WBGene00001869.,11,695,706
WBGene00001872.,34,211,245
WBGene00001874.,34,1068,1102
WBGene00001875.,0,1426,1426
WBGene00001876.,0,1063,1063
WBGene00001877.,0,1373,1373
WBGene00001878.,0,713,713
WBGene00001879.,0,1066,1066
WBGene00001880.,0,1152,1152
WBGene00001881.,0,921,921
WBGene00001882.,0,162,162
WBGene00001883.,0,68,68
WBGene00001884.,0,0,0
WBGene00001885.,0,242,242
WBGene00001886.,0,0,0
WBGene00001887.,0,1,1
WBGene00001888.,0,0,0
WBGene00001889.,0,0,0
WBGene00001890.,0,125,125
WBGene00001891.,0,170,170
WBGene00001892.,0,936,936
WBGene00001893.,0,0,0
WBGene00001894.,0,0,0
WBGene00001895.,0,0,0
WBGene00001896.,0,0,0
WBGene00001898.,26,29616,29642
WBGene00001899.,0,91,91
WBGene00001900.,0,648,648
WBGene00001901.,0,0,0
WBGene00001902.,0,0,0
WBGene00001903.,0,6,6
WBGene00001904.,0,3,3
WBGene00001905.,0,227,227
WBGene00001906.,0,2014,2014
WBGene00001907.,0,0,0
WBGene00001908.,0,0,0
WBGene00001909.,1820,37910,39730
WBGene00001910.,378,12919,13297
WBGene00001911.,2278,85274,87552
WBGene00001912.,0,59,59
WBGene00001913.,0,12,12
WBGene00001914.,0,73,73
WBGene00001915.,1128,37917,39045
WBGene00001916.,0,25,25
WBGene00001917.,0,0,0
WBGene00001918.,0,0,0
WBGene00001919.,0,38,38
WBGene00001920.,0,0,0
WBGene00001921.,0,17,17
WBGene00001922.,0,1299,1299
WBGene00001923.,0,0,0
WBGene00001924.,0,0,0
WBGene00001925.,0,0,0
WBGene00001926.,0,0,0
WBGene00001927.,0,0,0
WBGene00001928.,0,0,0
WBGene00001929.,0,15,15
WBGene00001930.,0,0,0
WBGene00001931.,140,1638,1778
WBGene00001932.,0,72,72
WBGene00001933.,0,3642,3642
WBGene00001934.,0,6273,6273
WBGene00001935.,0,1217,1217
WBGene00001936.,0,3235,3235
WBGene00001937.,0,1077,1077
WBGene00001938.,0,3557,3557
WBGene00001939.,0,54,54
WBGene00001940.,0,124,124
WBGene00001941.,0,1229,1229
WBGene00001942.,0,1631,1631
WBGene00001943.,0,37,37
WBGene00001944.,0,34,34
WBGene00001945.,267,17262,17529
WBGene00001946.,756,32873,33629
WBGene00001947.,0,0,0
WBGene00001948.,571,1856,2427
WBGene00001949.,24,1036,1060
WBGene00001950.,3,177,180
WBGene00001951.,7,104,111
WBGene00001952.,44,858,902
WBGene00001953.,49,480,529
WBGene00001954.,15,112,127
WBGene00001955.,669,33810,34479
WBGene00001956.,0,8,8
WBGene00001957.,101,725,826
WBGene00001958.,5,668,673
WBGene00001959.,6,57,63
WBGene00001960.,12,137,149
WBGene00001961.,5,22,27
WBGene00001962.,2,1,3
WBGene00001963.,12,102,114
WBGene00001964.,0,2,2
WBGene00001965.,0,2,2
WBGene00001966.,0,11,11
WBGene00001967.,0,0,0
WBGene00001968.,0,0,0
WBGene00001971.,112,29030,29142
WBGene00001972.,415,7466,7881
WBGene00001973.,5,920,925
WBGene00001974.,32,1748,1780
WBGene00001975.,50,1017,1067
WBGene00001976.,0,17,17
WBGene00001977.,1,1212,1213
WBGene00001978.,152,1760,1912
WBGene00001979.,55,1177,1232
WBGene00001980.,1775,1370,3145
WBGene00001981.,2,13,15
WBGene00001983.,50,545,595
WBGene00001984.,65,122,187
WBGene00001985.,7,123,130
WBGene00001986.,117,490,607
WBGene00001987.,595,480,1075
WBGene00001988.,51,715,766
WBGene00001989.,87,350,437
WBGene00001990.,100,1500,1600
WBGene00001991.,28,313,341
WBGene00001992.,23,272,295
WBGene00001993.,104,3864,3968
WBGene00001994.,281,4151,4432
WBGene00001995.,56,1071,1127
WBGene00001996.,243,699,942
WBGene00001997.,156,356,512
WBGene00001998.,36,346,382
WBGene00001999.,45,10267,10312
WBGene00002000.,161,3430,3591
WBGene00002001.,227,2232,2459
WBGene00002002.,70,1922,1992
WBGene00002003.,69,312,381
WBGene00002004.,488,1191,1679
WBGene00002005.,106,15025,15131
WBGene00002006.,1,0,1
WBGene00002007.,140,5131,5271
WBGene00002008.,78,758,836
WBGene00002010.,23,4059,4082
WBGene00002011.,273,4068,4341
WBGene00002012.,1417,121158,122575
WBGene00002013.,1084,91732,92816
WBGene00002015.,0,0,0
WBGene00002016.,10,1259,1269
WBGene00002017.,0,263,263
WBGene00002018.,17,1301,1318
WBGene00002019.,0,0,0
WBGene00002020.,0,1,1
WBGene00002021.,28,188,216
WBGene00002023.,287,5990,6277
WBGene00002024.,100,1601,1701
WBGene00002025.,129,662,791
WBGene00002026.,5,192,197
WBGene00002027.,173,4668,4841
WBGene00002028.,15,313,328
WBGene00002029.,15,178,193
WBGene00002030.,78,392,470
WBGene00002031.,50,398,448
WBGene00002032.,15,211,226
WBGene00002033.,19,185,204
WBGene00002034.,13,537,550
WBGene00002035.,236,1287,1523
WBGene00002036.,264,1452,1716
WBGene00002037.,58,260,318
WBGene00002038.,159,1030,1189
WBGene00002039.,34,133,167
WBGene00002040.,214,1487,1701
WBGene00002041.,224,617,841
WBGene00002042.,44,473,517
WBGene00002043.,165,460,625
WBGene00002044.,29,415,444
WBGene00002045.,7564,70223,77787
WBGene00002046.,102,1231,1333
WBGene00002047.,41,859,900
WBGene00002048.,669,3236,3905
WBGene00002050.,172,973,1145
WBGene00002051.,3,13,16
WBGene00002052.,136,1339,1475
WBGene00002053.,200,1684,1884
WBGene00002054.,261,9311,9572
WBGene00002055.,19,2897,2916
WBGene00002056.,217,1271,1488
WBGene00002057.,10,85,95
WBGene00002058.,7,77,84
WBGene00002059.,122,2804,2926
WBGene00002060.,31,2358,2389
WBGene00002061.,12,1082,1094
WBGene00002062.,53,618,671
WBGene00002063.,147,408,555
WBGene00002064.,560,3858,4418
WBGene00002065.,658,103324,103982
WBGene00002066.,155,2399,2554
WBGene00002067.,17,95,112
WBGene00002068.,5,748,753
WBGene00002069.,630,6834,7464
WBGene00002070.,30,594,624
WBGene00002071.,13,752,765
WBGene00002072.,71,861,932
WBGene00002073.,5,564,569
WBGene00002074.,56,2368,2424
WBGene00002075.,132,636,768
WBGene00002076.,311,644,955
WBGene00002077.,218,5547,5765
WBGene00002078.,562,10710,11272
WBGene00002079.,40,356,396
WBGene00002080.,122,632,754
WBGene00002081.,27,557,584
WBGene00002083.,7,735,742
WBGene00002084.,31,889,920
WBGene00002085.,0,16,16
WBGene00002086.,35,917,952
WBGene00002087.,1,21,22
WBGene00002088.,6,46,52
WBGene00002089.,3,95,98
WBGene00002090.,2,1,3
WBGene00002091.,2,0,2
WBGene00002092.,0,5,5
WBGene00002093.,54,640,694
WBGene00002094.,24,281,305
WBGene00002095.,6,20,26
WBGene00002096.,1,6,7
WBGene00002097.,16,473,489
WBGene00002098.,4,21,25
WBGene00002099.,4,8,12
WBGene00002100.,44,3015,3059
WBGene00002101.,292,1714,2006
WBGene00002102.,0,5,5
WBGene00002103.,5,45,50
WBGene00002104.,4,25,29
WBGene00002105.,12,232,244
WBGene00002106.,2,21,23
WBGene00002107.,55,649,704
WBGene00002108.,57,252,309
WBGene00002109.,55,591,646
WBGene00002110.,499,4656,5155
WBGene00002111.,40,520,560
WBGene00002112.,94,726,820
WBGene00002113.,69,2938,3007
WBGene00002114.,0,4,4
WBGene00002115.,0,1,1
WBGene00002116.,16,23,39
WBGene00002117.,3,11,14
WBGene00002118.,34,609,643
WBGene00002119.,47,148,195
WBGene00002120.,0,15,15
WBGene00002121.,1,1,2
WBGene00002123.,399,868,1267
WBGene00002124.,4,54,58
WBGene00002125.,1,154,155
WBGene00002127.,14,1106,1120
WBGene00002128.,48,535,583
WBGene00002129.,85,1594,1679
WBGene00002130.,2,18,20
WBGene00002131.,1,16,17
WBGene00002132.,19,607,626
WBGene00002133.,151,602,753
WBGene00002134.,181,2738,2919
WBGene00002135.,98,1929,2027
WBGene00002136.,60,569,629
WBGene00002137.,24,388,412
WBGene00002138.,14,171,185
WBGene00002139.,7,183,190
WBGene00002140.,264,1289,1553
WBGene00002141.,165,105,270
WBGene00002142.,40,267,307
WBGene00002143.,51,109,160
WBGene00002144.,9,49,58
WBGene00002146.,64,617,681
WBGene00002147.,281,951,1232
WBGene00002148.,92,1228,1320
WBGene00002149.,79,111,190
WBGene00002150.,259,197,456
WBGene00002151.,205,220,425
WBGene00002152.,230,2754,2984
WBGene00002153.,24,527,551
WBGene00002162.,3422,36651,40073
WBGene00002163.,492,1643,2135
WBGene00002169.,245,1568,1813
WBGene00002173.,455,1866,2321
WBGene00002174.,59,412,471
WBGene00002175.,624,662,1286
WBGene00002176.,353,564,917
WBGene00002177.,31,202,233
WBGene00002178.,96,649,745
WBGene00002179.,468,3832,4300
WBGene00002180.,16,977,993
WBGene00002181.,116,387,503
WBGene00002182.,68,220,288
WBGene00002183.,79,1108,1187
WBGene00002184.,260,1040,1300
WBGene00002185.,491,972,1463
WBGene00002186.,1,10,11
WBGene00002187.,251,1138,1389
WBGene00002188.,7,35,42
WBGene00002189.,3274,7529,10803
WBGene00002190.,753,4833,5586
WBGene00002191.,1826,16386,18212
WBGene00002192.,395,1993,2388
WBGene00002193.,4,8,12
WBGene00002194.,14,58,72
WBGene00002195.,60,325,385
WBGene00002196.,113,7097,7210
WBGene00002198.,259,433,692
WBGene00002199.,11,33,44
WBGene00002200.,61,489,550
WBGene00002201.,103,1939,2042
WBGene00002202.,330,10540,10870
WBGene00002203.,334,1709,2043
WBGene00002204.,0,0,0
WBGene00002205.,4,12,16
WBGene00002206.,2,7,9
WBGene00002207.,116,513,629
WBGene00002208.,1,5,6
WBGene00002210.,768,2105,2873
WBGene00002211.,13,79,92
WBGene00002212.,6,18,24
WBGene00002213.,73,505,578
WBGene00002214.,69,1133,1202
WBGene00002215.,719,3770,4489
WBGene00002216.,66,814,880
WBGene00002217.,82,1115,1197
WBGene00002218.,24,67,91
WBGene00002219.,94,898,992
WBGene00002220.,88,852,940
WBGene00002221.,27,612,639
WBGene00002222.,7,29,36
WBGene00002223.,1306,3398,4704
WBGene00002224.,194,252,446
WBGene00002225.,3,912,915
WBGene00002226.,2,1792,1794
WBGene00002227.,12,13,25
WBGene00002228.,12,925,937
WBGene00002229.,69,901,970
WBGene00002230.,175,400,575
WBGene00002231.,47,924,971
WBGene00002232.,161,1127,1288
WBGene00002233.,62,257,319
WBGene00002234.,11,80,91
WBGene00002235.,122,89,211
WBGene00002238.,4,1030,1034
WBGene00002239.,176,762,938
WBGene00002240.,365,590,955
WBGene00002241.,710,2095,2805
WBGene00002242.,223,324,547
WBGene00002243.,66,195,261
WBGene00002244.,206,1305,1511
WBGene00002245.,277,952,1229
WBGene00002246.,1,170,171
WBGene00002247.,436,2244,2680
WBGene00002248.,17,34,51
WBGene00002249.,37,1629,1666
WBGene00002250.,17,2262,2279
WBGene00002251.,238,1611,1849
WBGene00002252.,81,136,217
WBGene00002253.,4703,20446,25149
WBGene00002254.,8794,68513,77307
WBGene00002255.,1234,8279,9513
WBGene00002256.,51,1149,1200
WBGene00002257.,70,815,885
WBGene00002258.,83,1573,1656
WBGene00002259.,19,382,401
WBGene00002260.,3,16,19
WBGene00002261.,842,2144,2986
WBGene00002262.,184,2394,2578
WBGene00002263.,1844,9244,11088
WBGene00002264.,315,8922,9237
WBGene00002265.,1208,19126,20334
WBGene00002266.,813,7530,8343
WBGene00002267.,476,10002,10478
WBGene00002268.,2666,26465,29131
WBGene00002269.,615,7980,8595
WBGene00002270.,15,525,540
WBGene00002271.,69,3438,3507
WBGene00002272.,343,4916,5259
WBGene00002273.,47,5371,5418
WBGene00002274.,19,363,382
WBGene00002275.,8,447,455
WBGene00002276.,44,837,881
WBGene00002278.,152,579,731
WBGene00002280.,1496,17859,19355
WBGene00002282.,10,81,91
WBGene00002285.,0,70,70
WBGene00002295.,276,7171,7447
WBGene00002297.,100,521,621
WBGene00002299.,76,448,524
WBGene00002324.,20,866,886
WBGene00002335.,163,3245,3408
WBGene00002344.,434,27850,28284
WBGene00002348.,64,4837,4901
WBGene00002363.,32,2830,2862
WBGene00002368.,8,534,542
WBGene00002393.,28,179,207
WBGene00002497.,286,270,556
WBGene00002583.,369,2869,3238
WBGene00002601.,136,619,755
WBGene00002632.,85,971,1056
WBGene00002637.,125,4432,4557
WBGene00002694.,53,1504,1557
WBGene00002696.,103,2525,2628
WBGene00002717.,1074,5693,6767
WBGene00002783.,927,2187,3114
WBGene00002804.,6,930,936
WBGene00002827.,17,103,120
WBGene00002845.,210,2438,2648
WBGene00002850.,160,3585,3745
WBGene00002855.,118,6143,6261
WBGene00002879.,76,919,995
WBGene00002881.,608,4398,5006
WBGene00002889.,316,2208,2524
WBGene00002891.,46,1869,1915
WBGene00002915.,175,2378,2553
WBGene00002957.,130,1833,1963
WBGene00002974.,384,1010,1394
WBGene00002975.,21,98,119
WBGene00002976.,353,1185,1538
WBGene00002977.,126,23,149
WBGene00002978.,2483,134515,136998
WBGene00002979.,707,1792,2499
WBGene00002980.,399,71428,71827
WBGene00002981.,578,26293,26871
WBGene00002982.,159,1365,1524
WBGene00002983.,42,236,278
WBGene00002985.,94,1621,1715
WBGene00002986.,94,911,1005
WBGene00002987.,77,156,233
WBGene00002988.,34,284,318
WBGene00002989.,202,446,648
WBGene00002990.,709,1261,1970
WBGene00002991.,397,998,1395
WBGene00002992.,121,409,530
WBGene00002993.,0,0,0
WBGene00002994.,47,2525,2572
WBGene00002996.,55,205,260
WBGene00002997.,78,572,650
WBGene00002998.,95,1072,1167
WBGene00002999.,383,1503,1886
WBGene00003000.,53,220,273
WBGene00003001.,41,131,172
WBGene00003002.,322,3678,4000
WBGene00003003.,2319,4591,6910
WBGene00003006.,355,515,870
WBGene00003007.,88,434,522
WBGene00003008.,40,104,144
WBGene00003009.,142,1998,2140
WBGene00003010.,368,973,1341
WBGene00003011.,163,1125,1288
WBGene00003012.,41,1389,1430
WBGene00003014.,418,6730,7148
WBGene00003015.,76,76,152
WBGene00003017.,14,56,70
WBGene00003018.,80,1760,1840
WBGene00003019.,140,1491,1631
WBGene00003020.,283,772,1055
WBGene00003021.,129,1584,1713
WBGene00003022.,62,492,554
WBGene00003024.,384,2530,2914
WBGene00003025.,237,3317,3554
WBGene00003026.,124,1260,1384
WBGene00003029.,101,1210,1311
WBGene00003030.,440,2456,2896
WBGene00003031.,46,552,598
WBGene00003033.,11,239,250
WBGene00003034.,194,2585,2779
WBGene00003035.,63,690,753
WBGene00003036.,3,2462,2465
WBGene00003037.,18,641,659
WBGene00003038.,28,1114,1142
WBGene00003039.,0,2,2
WBGene00003040.,452,3442,3894
WBGene00003041.,143,1429,1572
WBGene00003043.,158,1889,2047
WBGene00003044.,389,1921,2310
WBGene00003045.,348,1273,1621
WBGene00003046.,14,69,83
WBGene00003047.,358,1883,2241
WBGene00003048.,3332,5588,8920
WBGene00003052.,101,7113,7214
WBGene00003053.,37,7808,7845
WBGene00003055.,10,127,137
WBGene00003056.,145,458,603
WBGene00003057.,1,4,5
WBGene00003058.,1,8,9
WBGene00003059.,81,706,787
WBGene00003060.,969,2880,3849
WBGene00003061.,196,4250,4446
WBGene00003062.,26,1265,1291
WBGene00003063.,331,30262,30593
WBGene00003064.,10,1409,1419
WBGene00003065.,133,4587,4720
WBGene00003066.,27,759,786
WBGene00003067.,15,221,236
WBGene00003068.,197,1311,1508
WBGene00003071.,359,4970,5329
WBGene00003072.,316,4691,5007
WBGene00003073.,212,7199,7411
WBGene00003074.,52,810,862
WBGene00003075.,9,37,46
WBGene00003076.,93,1460,1553
WBGene00003077.,107,582,689
WBGene00003078.,26,1483,1509
WBGene00003079.,0,6194,6194
WBGene00003080.,92,1869,1961
WBGene00003081.,423,2308,2731
WBGene00003082.,221,1032,1253
WBGene00003083.,83,2253,2336
WBGene00003084.,164,1395,1559
WBGene00003085.,224,4093,4317
WBGene00003086.,630,1395,2025
WBGene00003087.,57,1334,1391
WBGene00003088.,0,0,0
WBGene00003089.,92,1277,1369
WBGene00003090.,1,1814,1815
WBGene00003091.,0,77,77
WBGene00003092.,1,240,241
WBGene00003093.,20,333,353
WBGene00003094.,1,8,9
WBGene00003095.,1,8,9
WBGene00003096.,0,31,31
WBGene00003097.,12,3191,3203
WBGene00003098.,0,2,2
WBGene00003099.,0,4,4
WBGene00003100.,14,14,28
WBGene00003102.,314,992,1306
WBGene00003104.,21,92,113
WBGene00003106.,60,148,208
WBGene00003107.,31,22,53
WBGene00003111.,151,1223,1374
WBGene00003112.,52,317,369
WBGene00003114.,110,142,252
WBGene00003119.,180,1059,1239
WBGene00003123.,10,2527,2537
WBGene00003124.,397,3672,4069
WBGene00003129.,129,1094,1223
WBGene00003130.,212,1496,1708
WBGene00003132.,72,1437,1509
WBGene00003133.,202,1104,1306
WBGene00003134.,72,546,618
WBGene00003136.,100,636,736
WBGene00003142.,101,769,870
WBGene00003143.,224,989,1213
WBGene00003144.,530,1519,2049
WBGene00003148.,17,3073,3090
WBGene00003149.,367,1932,2299
WBGene00003150.,791,3957,4748
WBGene00003151.,137,997,1134
WBGene00003153.,2876,7236,10112
WBGene00003154.,44,606,650
WBGene00003155.,19,729,748
WBGene00003156.,11,902,913
WBGene00003157.,33,1411,1444
WBGene00003158.,40,1242,1282
WBGene00003159.,1,518,519
WBGene00003160.,118,1894,2012
WBGene00003161.,60,930,990
WBGene00003162.,13,2544,2557
WBGene00003163.,455,16177,16632
WBGene00003164.,17,304,321
WBGene00003165.,55,465,520
WBGene00003166.,535,1058,1593
WBGene00003167.,34,194,228
WBGene00003168.,107,344,451
WBGene00003169.,138,1415,1553
WBGene00003170.,68,206,274
WBGene00003171.,118,1856,1974
WBGene00003172.,100,1651,1751
WBGene00003173.,60,254,314
WBGene00003174.,34,140,174
WBGene00003175.,135,1765,1900
WBGene00003176.,4,16,20
WBGene00003177.,90,618,708
WBGene00003178.,29,2218,2247
WBGene00003179.,67,410,477
WBGene00003180.,0,3,3
WBGene00003181.,0,107,107
WBGene00003182.,586,2511,3097
WBGene00003183.,7,702,709
WBGene00003184.,3,190,193
WBGene00003185.,1,992,993
WBGene00003186.,142,875,1017
WBGene00003196.,380,1342,1722
WBGene00003209.,465,2359,2824
WBGene00003210.,154,1780,1934
WBGene00003214.,61,1007,1068
WBGene00003216.,2,407,409
WBGene00003218.,87,3138,3225
WBGene00003219.,5,60,65
WBGene00003220.,100,768,868
WBGene00003221.,408,1611,2019
WBGene00003222.,71,901,972
WBGene00003224.,20,205,225
WBGene00003225.,377,5935,6312
WBGene00003228.,20,213,233
WBGene00003229.,129,1294,1423
WBGene00003230.,5,291,296
WBGene00003231.,3,142,145
WBGene00003232.,48,147,195
WBGene00003233.,63,272,335
WBGene00003234.,492,3051,3543
WBGene00003235.,351,2072,2423
WBGene00003236.,1,400,401
WBGene00003237.,342,2080,2422
WBGene00003238.,187,1219,1406
WBGene00003239.,95,2000,2095
WBGene00003241.,124,1131,1255
WBGene00003242.,919,22624,23543
WBGene00003243.,723,1776,2499
WBGene00003245.,27,384,411
WBGene00003246.,425,741,1166
WBGene00003247.,289,1653,1942
WBGene00003248.,25,73,98
WBGene00003249.,234,3325,3559
WBGene00003252.,11,426,437
WBGene00003253.,37,2054,2091
WBGene00003254.,24,279,303
WBGene00003258.,917,252,1169
WBGene00003260.,0,7,7
WBGene00003261.,0,0,0
WBGene00003262.,0,47,47
WBGene00003263.,0,0,0
WBGene00003264.,0,0,0
WBGene00003265.,0,0,0
WBGene00003266.,0,0,0
WBGene00003267.,0,0,0
WBGene00003268.,0,0,0
WBGene00003269.,0,0,0
WBGene00003270.,0,0,0
WBGene00003271.,0,0,0
WBGene00003272.,0,0,0
WBGene00003273.,0,2,2
WBGene00003274.,0,5,5
WBGene00003275.,0,75,75
WBGene00003277.,0,1,1
WBGene00003278.,0,0,0
WBGene00003279.,0,13,13
WBGene00003280.,0,108,108
WBGene00003281.,0,24,24
WBGene00003282.,0,1,1
WBGene00003283.,0,0,0
WBGene00003284.,0,0,0
WBGene00003285.,0,0,0
WBGene00003286.,0,0,0
WBGene00003287.,0,3,3
WBGene00003288.,0,35,35
WBGene00003289.,0,0,0
WBGene00003290.,0,0,0
WBGene00003291.,0,20,20
WBGene00003292.,0,0,0
WBGene00003293.,0,0,0
WBGene00003294.,0,0,0
WBGene00003295.,0,0,0
WBGene00003296.,0,0,0
WBGene00003297.,0,34,34
WBGene00003298.,0,0,0
WBGene00003299.,0,0,0
WBGene00003300.,0,8,8
WBGene00003301.,0,1,1
WBGene00003302.,0,2,2
WBGene00003303.,0,2,2
WBGene00003304.,0,2,2
WBGene00003305.,0,0,0
WBGene00003306.,0,0,0
WBGene00003307.,0,9,9
WBGene00003308.,0,17,17
WBGene00003309.,0,0,0
WBGene00003310.,0,0,0
WBGene00003311.,0,7,7
WBGene00003312.,0,1,1
WBGene00003313.,0,0,0
WBGene00003314.,0,0,0
WBGene00003315.,0,0,0
WBGene00003316.,0,0,0
WBGene00003317.,0,0,0
WBGene00003318.,0,0,0
WBGene00003319.,0,0,0
WBGene00003321.,0,0,0
WBGene00003322.,0,0,0
WBGene00003323.,0,1,1
WBGene00003324.,0,6,6
WBGene00003325.,0,0,0
WBGene00003326.,0,0,0
WBGene00003327.,0,0,0
WBGene00003328.,0,29,29
WBGene00003329.,0,0,0
WBGene00003330.,0,5,5
WBGene00003331.,0,41,41
WBGene00003332.,0,14,14
WBGene00003333.,0,55,55
WBGene00003334.,0,0,0
WBGene00003335.,0,5,5
WBGene00003336.,0,20,20
WBGene00003337.,0,0,0
WBGene00003338.,0,55,55
WBGene00003339.,0,14,14
WBGene00003340.,0,1,1
WBGene00003341.,0,0,0
WBGene00003342.,0,3,3
WBGene00003343.,0,2,2
WBGene00003344.,0,3,3
WBGene00003345.,0,1,1
WBGene00003346.,0,0,0
WBGene00003347.,0,0,0
WBGene00003348.,0,0,0
WBGene00003349.,0,545,545
WBGene00003350.,0,0,0
WBGene00003351.,0,1,1
WBGene00003352.,0,0,0
WBGene00003353.,0,1,1
WBGene00003354.,0,0,0
WBGene00003355.,0,0,0
WBGene00003356.,0,1,1
WBGene00003357.,0,28,28
WBGene00003358.,0,0,0
WBGene00003359.,0,13,13
WBGene00003360.,0,0,0
WBGene00003361.,0,0,0
WBGene00003362.,0,0,0
WBGene00003363.,0,1,1
WBGene00003364.,0,4,4
WBGene00003365.,0,1,1
WBGene00003366.,0,0,0
WBGene00003367.,698,5280,5978
WBGene00003368.,58,830,888
WBGene00003369.,186,23717,23903
WBGene00003370.,65886,392648,458534
WBGene00003371.,27052,474355,501407
WBGene00003372.,420,4546,4966
WBGene00003373.,46,334,380
WBGene00003374.,387,1043,1430
WBGene00003375.,150,2030,2180
WBGene00003376.,149,578,727
WBGene00003377.,11,133,144
WBGene00003378.,695,3864,4559
WBGene00003380.,54,417,471
WBGene00003384.,26,151,177
WBGene00003385.,308,1891,2199
WBGene00003386.,52,320,372
WBGene00003387.,156,193,349
WBGene00003388.,142,1109,1251
WBGene00003389.,54,2244,2298
WBGene00003390.,14,552,566
WBGene00003391.,734,4157,4891
WBGene00003392.,109,1113,1222
WBGene00003393.,190,2546,2736
WBGene00003394.,20,224,244
WBGene00003395.,7,318,325
WBGene00003396.,214,816,1030
WBGene00003397.,115,753,868
WBGene00003400.,264,461,725
WBGene00003401.,765,2396,3161
WBGene00003402.,62,304,366
WBGene00003403.,37,386,423
WBGene00003404.,1068,3742,4810
WBGene00003405.,46,933,979
WBGene00003406.,35,1848,1883
WBGene00003407.,458,2222,2680
WBGene00003408.,241,761,1002
WBGene00003409.,27,227,254
WBGene00003410.,1,17,18
WBGene00003411.,190,1196,1386
WBGene00003412.,76,403,479
WBGene00003413.,434,265,699
WBGene00003414.,102,105,207
WBGene00003415.,54,2391,2445
WBGene00003417.,63,204,267
WBGene00003418.,40,447,487
WBGene00003420.,6,19,25
WBGene00003421.,126,693,819
WBGene00003422.,101,1178,1279
WBGene00003423.,1401,1753,3154
WBGene00003424.,0,0,0
WBGene00003425.,0,1,1
WBGene00003426.,0,0,0
WBGene00003429.,0,0,0
WBGene00003430.,0,3,3
WBGene00003431.,0,0,0
WBGene00003432.,0,0,0
WBGene00003433.,0,0,0
WBGene00003434.,0,0,0
WBGene00003435.,0,0,0
WBGene00003437.,0,1,1
WBGene00003438.,0,0,0
WBGene00003442.,0,1,1
WBGene00003443.,0,3,3
WBGene00003444.,0,2,2
WBGene00003445.,0,3,3
WBGene00003446.,0,0,0
WBGene00003448.,0,1,1
WBGene00003449.,0,1,1
WBGene00003450.,0,0,0
WBGene00003451.,0,2,2
WBGene00003452.,0,3,3
WBGene00003456.,0,0,0
WBGene00003457.,0,3,3
WBGene00003458.,0,0,0
WBGene00003460.,0,7,7
WBGene00003462.,0,1,1
WBGene00003463.,0,1,1
WBGene00003464.,0,0,0
WBGene00003465.,0,0,0
WBGene00003466.,0,1,1
WBGene00003467.,0,0,0
WBGene00003468.,0,0,0
WBGene00003469.,0,0,0
WBGene00003470.,0,0,0
WBGene00003471.,53,378,431
WBGene00003472.,273,1423,1696
WBGene00003473.,142,9851,9993
WBGene00003474.,27,549,576
WBGene00003475.,272,1033,1305
WBGene00003476.,1833,6661,8494
WBGene00003477.,60,379,439
WBGene00003478.,298,516,814
WBGene00003479.,294,651,945
WBGene00003480.,93,419,512
WBGene00003482.,154,575,729
WBGene00003485.,48,247,295
WBGene00003495.,607,60663,61270
WBGene00003497.,143,1632,1775
WBGene00003499.,6,99,105
WBGene00003504.,10,655,665
WBGene00003507.,4,393,397
WBGene00003508.,103,1402,1505
WBGene00003509.,64,857,921
WBGene00003510.,245,1963,2208
WBGene00003511.,13,720,733
WBGene00003514.,151,6576,6727
WBGene00003515.,720,47803,48523
WBGene00003516.,131,904,1035
WBGene00003517.,16,134,150
WBGene00003518.,35,104,139
WBGene00003519.,175,1033,1208
WBGene00003520.,30,81,111
WBGene00003521.,0,0,0
WBGene00003522.,0,2,2
WBGene00003523.,123,66,189
WBGene00003524.,10,96,106
WBGene00003525.,626,1538,2164
WBGene00003526.,30,252,282
WBGene00003527.,32,131,163
WBGene00003528.,73,1781,1854
WBGene00003529.,2,13,15
WBGene00003530.,45,220,265
WBGene00003531.,5,3,8
WBGene00003532.,4,16,20
WBGene00003533.,5,19,24
WBGene00003534.,1,5,6
WBGene00003535.,4,3,7
WBGene00003536.,0,2,2
WBGene00003537.,0,3,3
WBGene00003538.,0,0,0
WBGene00003539.,0,3,3
WBGene00003540.,0,5,5
WBGene00003541.,6,3,9
WBGene00003542.,0,4,4
WBGene00003543.,8,9,17
WBGene00003544.,41,159,200
WBGene00003545.,5,2,7
WBGene00003546.,4,29,33
WBGene00003547.,18,87,105
WBGene00003548.,293,1977,2270
WBGene00003549.,31,457,488
WBGene00003550.,563,1004,1567
WBGene00003551.,10,55,65
WBGene00003552.,142,242,384
WBGene00003553.,17,31,48
WBGene00003554.,7,4,11
WBGene00003555.,78,233,311
WBGene00003556.,4,0,4
WBGene00003558.,153,181,334
WBGene00003559.,1209,4830,6039
WBGene00003561.,422,681,1103
WBGene00003562.,67,668,735
WBGene00003563.,30,165,195
WBGene00003564.,66,4623,4689
WBGene00003565.,380,2592,2972
WBGene00003566.,346,2269,2615
WBGene00003567.,851,15808,16659
WBGene00003568.,130,1293,1423
WBGene00003569.,52,545,597
WBGene00003570.,2,41,43
WBGene00003571.,20,26,46
WBGene00003572.,11,48,59
WBGene00003573.,5,106,111
WBGene00003574.,1,3,4
WBGene00003575.,3,25,28
WBGene00003576.,153,1196,1349
WBGene00003577.,18,78,96
WBGene00003578.,170,1168,1338
WBGene00003579.,11,79,90
WBGene00003580.,34,337,371
WBGene00003581.,105,1183,1288
WBGene00003582.,526,1757,2283
WBGene00003583.,53,759,812
WBGene00003584.,108,734,842
WBGene00003585.,273,110,383
WBGene00003586.,28,255,283
WBGene00003587.,79,3112,3191
WBGene00003588.,16,8037,8053
WBGene00003589.,412,2026,2438
WBGene00003590.,101,635,736
WBGene00003591.,147,1240,1387
WBGene00003592.,230,1670,1900
WBGene00003593.,219,1539,1758
WBGene00003594.,119,918,1037
WBGene00003595.,0,1,1
WBGene00003596.,1598,23677,25275
WBGene00003597.,1074,2617,3691
WBGene00003598.,118,5132,5250
WBGene00003599.,555,2911,3466
WBGene00003600.,2652,4726,7378
WBGene00003601.,18,118,136
WBGene00003602.,273,5484,5757
WBGene00003603.,157,1400,1557
WBGene00003604.,138,605,743
WBGene00003605.,97,330,427
WBGene00003606.,335,1102,1437
WBGene00003607.,35,255,290
WBGene00003608.,1,51,52
WBGene00003609.,354,2327,2681
WBGene00003610.,14,28,42
WBGene00003611.,23,156,179
WBGene00003612.,134,306,440
WBGene00003613.,68,1700,1768
WBGene00003614.,417,335,752
WBGene00003615.,10,90,100
WBGene00003616.,240,690,930
WBGene00003617.,52,1361,1413
WBGene00003618.,1016,5421,6437
WBGene00003619.,370,3401,3771
WBGene00003620.,464,1307,1771
WBGene00003621.,91,559,650
WBGene00003622.,98,180,278
WBGene00003623.,77,854,931
WBGene00003624.,66,484,550
WBGene00003625.,164,1305,1469
WBGene00003626.,262,1997,2259
WBGene00003627.,803,1938,2741
WBGene00003628.,1107,4254,5361
WBGene00003629.,1,7,8
WBGene00003630.,1170,2203,3373
WBGene00003632.,262,2531,2793
WBGene00003633.,40,265,305
WBGene00003634.,146,904,1050
WBGene00003635.,69,881,950
WBGene00003636.,788,1555,2343
WBGene00003637.,222,1480,1702
WBGene00003638.,188,1702,1890
WBGene00003639.,331,3397,3728
WBGene00003640.,91,959,1050
WBGene00003641.,2,39,41
WBGene00003642.,9,29,38
WBGene00003643.,36,113,149
WBGene00003644.,39,217,256
WBGene00003645.,79,435,514
WBGene00003646.,78,882,960
WBGene00003647.,109,546,655
WBGene00003648.,23,311,334
WBGene00003649.,114,861,975
WBGene00003650.,16,33,49
WBGene00003651.,99,571,670
WBGene00003652.,80,363,443
WBGene00003653.,60,556,616
WBGene00003654.,347,1306,1653
WBGene00003655.,44,188,232
WBGene00003656.,169,1820,1989
WBGene00003657.,4,85,89
WBGene00003658.,47,304,351
WBGene00003659.,66,684,750
WBGene00003660.,175,1169,1344
WBGene00003661.,163,1083,1246
WBGene00003662.,2,2,4
WBGene00003663.,0,0,0
WBGene00003664.,6,1,7
WBGene00003665.,2,7,9
WBGene00003667.,1,3,4
WBGene00003668.,413,728,1141
WBGene00003669.,50,151,201
WBGene00003670.,32,371,403
WBGene00003671.,4,14,18
WBGene00003672.,0,6,6
WBGene00003673.,23,160,183
WBGene00003674.,80,1328,1408
WBGene00003675.,239,395,634
WBGene00003676.,292,625,917
WBGene00003677.,252,1451,1703
WBGene00003678.,1233,10760,11993
WBGene00003679.,2,3,5
WBGene00003680.,71,797,868
WBGene00003681.,164,1432,1596
WBGene00003682.,19,35,54
WBGene00003683.,29,169,198
WBGene00003684.,168,1235,1403
WBGene00003685.,205,1495,1700
WBGene00003686.,17,420,437
WBGene00003687.,147,5534,5681
WBGene00003688.,75,325,400
WBGene00003689.,55,381,436
WBGene00003690.,170,1723,1893
WBGene00003691.,791,2934,3725
WBGene00003692.,56,345,401
WBGene00003693.,20,641,661
WBGene00003694.,109,835,944
WBGene00003695.,931,4432,5363
WBGene00003696.,12,92,104
WBGene00003697.,102,680,782
WBGene00003698.,4,61,65
WBGene00003699.,14,620,634
WBGene00003700.,12,161,173
WBGene00003701.,1,1,2
WBGene00003702.,58,370,428
WBGene00003703.,3,1,4
WBGene00003704.,308,1032,1340
WBGene00003705.,29,140,169
WBGene00003706.,15,160,175
WBGene00003707.,137,1123,1260
WBGene00003708.,4,0,4
WBGene00003709.,156,428,584
WBGene00003710.,253,1172,1425
WBGene00003711.,9,66,75
WBGene00003712.,118,841,959
WBGene00003713.,27,145,172
WBGene00003714.,19,27,46
WBGene00003715.,239,393,632
WBGene00003716.,29,374,403
WBGene00003717.,1,11,12
WBGene00003718.,17,308,325
WBGene00003719.,26,331,357
WBGene00003720.,58,236,294
WBGene00003721.,29,269,298
WBGene00003722.,102,743,845
WBGene00003723.,25,1210,1235
WBGene00003724.,60,1076,1136
WBGene00003725.,258,1146,1404
WBGene00003726.,192,1046,1238
WBGene00003727.,103,163,266
WBGene00003728.,446,2234,2680
WBGene00003729.,5,0,5
WBGene00003730.,3,105,108
WBGene00003731.,108,123,231
WBGene00003732.,103,341,444
WBGene00003733.,72,519,591
WBGene00003734.,1,2,3
WBGene00003735.,231,267,498
WBGene00003736.,32,76,108
WBGene00003738.,34,444,478
WBGene00003739.,238,2827,3065
WBGene00003740.,41,3258,3299
WBGene00003741.,11,4520,4531
WBGene00003742.,0,10,10
WBGene00003743.,172,739,911
WBGene00003744.,97,1664,1761
WBGene00003745.,95,1545,1640
WBGene00003746.,44,3353,3397
WBGene00003747.,40,1271,1311
WBGene00003748.,179,3590,3769
WBGene00003749.,188,4119,4307
WBGene00003750.,883,6508,7391
WBGene00003751.,43,4284,4327
WBGene00003752.,28,1843,1871
WBGene00003753.,1064,6630,7694
WBGene00003754.,34,547,581
WBGene00003755.,201,10796,10997
WBGene00003756.,252,6386,6638
WBGene00003757.,20,653,673
WBGene00003758.,442,5108,5550
WBGene00003759.,595,3530,4125
WBGene00003760.,1,2,3
WBGene00003761.,0,68,68
WBGene00003762.,970,7598,8568
WBGene00003763.,18,88,106
WBGene00003764.,75,696,771
WBGene00003765.,878,7949,8827
WBGene00003766.,1012,17723,18735
WBGene00003767.,2496,46608,49104
WBGene00003768.,154,1717,1871
WBGene00003769.,720,10065,10785
WBGene00003770.,12,184,196
WBGene00003771.,2249,11214,13463
WBGene00003772.,58,602,660
WBGene00003773.,353,2619,2972
WBGene00003774.,24,76,100
WBGene00003775.,45,67,112
WBGene00003776.,167,1771,1938
WBGene00003777.,213,4734,4947
WBGene00003778.,249,1756,2005
WBGene00003779.,66,458,524
WBGene00003783.,11,528,539
WBGene00003784.,0,7,7
WBGene00003785.,68,1184,1252
WBGene00003786.,190,1520,1710
WBGene00003787.,25,843,868
WBGene00003788.,179,1113,1292
WBGene00003789.,124,769,893
WBGene00003790.,36,612,648
WBGene00003791.,11,591,602
WBGene00003792.,95,1289,1384
WBGene00003793.,63,1404,1467
WBGene00003794.,547,1170,1717
WBGene00003795.,16,1171,1187
WBGene00003796.,58,1500,1558
WBGene00003797.,51,701,752
WBGene00003798.,42,1690,1732
WBGene00003799.,395,941,1336
WBGene00003800.,31,1673,1704
WBGene00003801.,16,738,754
WBGene00003802.,28,2495,2523
WBGene00003803.,81,1414,1495
WBGene00003804.,69,1023,1092
WBGene00003805.,41,818,859
WBGene00003806.,198,1037,1235
WBGene00003807.,39,156,195
WBGene00003808.,174,891,1065
WBGene00003812.,98,3968,4066
WBGene00003813.,51,194,245
WBGene00003815.,55,656,711
WBGene00003816.,7,64,71
WBGene00003818.,127,1372,1499
WBGene00003821.,1054,15190,16244
WBGene00003822.,203,4319,4522
WBGene00003825.,244,5793,6037
WBGene00003826.,818,1459,2277
WBGene00003827.,428,2694,3122
WBGene00003828.,169,1275,1444
WBGene00003829.,8,974,982
WBGene00003830.,120,1187,1307
WBGene00003831.,1371,11695,13066
WBGene00003834.,188,4468,4656
WBGene00003835.,13,266,279
WBGene00003836.,239,1510,1749
WBGene00003837.,225,79,304
WBGene00003838.,29,76,105
WBGene00003839.,23,143,166
WBGene00003840.,30,78,108
WBGene00003841.,8,28,36
WBGene00003842.,15,76,91
WBGene00003843.,52,569,621
WBGene00003844.,2,267,269
WBGene00003845.,2,6,8
WBGene00003846.,0,260,260
WBGene00003847.,80,307,387
WBGene00003848.,25,38,63
WBGene00003849.,290,841,1131
WBGene00003850.,27,313,340
WBGene00003851.,114,1187,1301
WBGene00003854.,5,23,28
WBGene00003856.,159,1159,1318
WBGene00003858.,1326,9255,10581
WBGene00003859.,57,522,579
WBGene00003860.,301,2800,3101
WBGene00003861.,177,2803,2980
WBGene00003862.,9,80,89
WBGene00003863.,2,3,5
WBGene00003864.,2,103,105
WBGene00003865.,3,160,163
WBGene00003868.,100,1137,1237
WBGene00003870.,10,780,790
WBGene00003876.,85,494,579
WBGene00003877.,7,84,91
WBGene00003878.,13,173,186
WBGene00003879.,4,12,16
WBGene00003882.,35,385,420
WBGene00003883.,58,250,308
WBGene00003884.,62,419,481
WBGene00003885.,130,399,529
WBGene00003886.,61,296,357
WBGene00003887.,86,186,272
WBGene00003888.,0,5,5
WBGene00003889.,18,36,54
WBGene00003890.,14,198,212
WBGene00003891.,34,7834,7868
WBGene00003892.,126,296,422
WBGene00003893.,5157,49486,54643
WBGene00003898.,128,652,780
WBGene00003901.,65,3153,3218
WBGene00003902.,932,64055,64987
WBGene00003903.,146,11695,11841
WBGene00003904.,27,2288,2315
WBGene00003905.,664,1453,2117
WBGene00003906.,0,6,6
WBGene00003907.,367,1071,1438
WBGene00003909.,36,236,272
WBGene00003911.,71,721,792
WBGene00003912.,48,517,565
WBGene00003914.,178,911,1089
WBGene00003915.,398,2750,3148
WBGene00003916.,1963,2912,4875
WBGene00003917.,131,270,401
WBGene00003918.,172,1076,1248
WBGene00003919.,78,128,206
WBGene00003920.,155,25975,26130
WBGene00003921.,71,343,414
WBGene00003922.,6,875,881
WBGene00003923.,17,2407,2424
WBGene00003924.,9,4541,4550
WBGene00003925.,108,1957,2065
WBGene00003926.,95,2816,2911
WBGene00003927.,29,2960,2989
WBGene00003928.,24,1182,1206
WBGene00003929.,262,3740,4002
WBGene00003930.,246,2541,2787
WBGene00003931.,108,1045,1153
WBGene00003932.,166,2101,2267
WBGene00003933.,112,1939,2051
WBGene00003934.,18242,423339,441581
WBGene00003936.,521,1385,1906
WBGene00003937.,0,6,6
WBGene00003938.,23,53,76
WBGene00003939.,60,214,274
WBGene00003941.,259,1426,1685
WBGene00003943.,71,497,568
WBGene00003947.,30,2623,2653
WBGene00003948.,5,2472,2477
WBGene00003949.,31,2909,2940
WBGene00003950.,141,3344,3485
WBGene00003951.,69,1532,1601
WBGene00003952.,180,1951,2131
WBGene00003953.,25,2541,2566
WBGene00003954.,278,1780,2058
WBGene00003955.,8,1892,1900
WBGene00003956.,18,757,775
WBGene00003957.,0,10,10
WBGene00003958.,3,115,118
WBGene00003959.,11,154,165
WBGene00003960.,94,776,870
WBGene00003961.,419,1734,2153
WBGene00003962.,183,4482,4665
WBGene00003963.,25,3358,3383
WBGene00003964.,512,9293,9805
WBGene00003965.,104,697,801
WBGene00003966.,422,2072,2494
WBGene00003967.,134,982,1116
WBGene00003968.,173,946,1119
WBGene00003969.,328,1808,2136
WBGene00003970.,160,1908,2068
WBGene00003975.,153,1079,1232
WBGene00003976.,13,184,197
WBGene00003977.,0,0,0
WBGene00003978.,277,522,799
WBGene00003979.,6,532,538
WBGene00003980.,129,821,950
WBGene00003981.,9,7,16
WBGene00003982.,2,883,885
WBGene00003983.,0,125,125
WBGene00003986.,60,626,686
WBGene00003987.,4,29,33
WBGene00003989.,57,2261,2318
WBGene00003990.,19,759,778
WBGene00003991.,540,4266,4806
WBGene00003992.,14,1644,1658
WBGene00003993.,66,347,413
WBGene00003994.,8,287,295
WBGene00003995.,187,355,542
WBGene00003996.,114,342,456
WBGene00003997.,2,29,31
WBGene00003998.,69,87,156
WBGene00003999.,7,38,45
WBGene00004000.,25,68,93
WBGene00004001.,1,6,7
WBGene00004002.,11,28,39
WBGene00004003.,40,107,147
WBGene00004004.,110,632,742
WBGene00004005.,39,94,133
WBGene00004006.,5,52,57
WBGene00004007.,0,14,14
WBGene00004008.,0,68,68
WBGene00004009.,0,3,3
WBGene00004010.,57,383,440
WBGene00004011.,14,77,91
WBGene00004013.,212,1385,1597
WBGene00004014.,12,3159,3171
WBGene00004015.,14,3390,3404
WBGene00004016.,252,447,699
WBGene00004017.,2,6,8
WBGene00004020.,15,47,62
WBGene00004023.,438,2540,2978
WBGene00004024.,58,512,570
WBGene00004025.,41,245,286
WBGene00004026.,31,4,35
WBGene00004027.,28,199,227
WBGene00004028.,304,337,641
WBGene00004029.,324,390,714
WBGene00004030.,46,381,427
WBGene00004031.,66,1069,1135
WBGene00004032.,651,2725,3376
WBGene00004033.,384,786,1170
WBGene00004034.,209,516,725
WBGene00004035.,285,2773,3058
WBGene00004036.,470,1378,1848
WBGene00004037.,46,385,431
WBGene00004038.,37,504,541
WBGene00004039.,137,2084,2221
WBGene00004040.,233,2282,2515
WBGene00004041.,0,405,405
WBGene00004042.,9,1468,1477
WBGene00004043.,15,191,206
WBGene00004044.,20,327,347
WBGene00004045.,323,423,746
WBGene00004046.,154,11204,11358
WBGene00004047.,598,704,1302
WBGene00004048.,25,364,389
WBGene00004049.,175,497,672
WBGene00004050.,8,765,773
WBGene00004051.,145,1057,1202
WBGene00004052.,4,17,21
WBGene00004053.,217,4773,4990
WBGene00004054.,42,15,57
WBGene00004055.,138,1166,1304
WBGene00004056.,138,750,888
WBGene00004057.,113,645,758
WBGene00004058.,19,103,122
WBGene00004059.,133,375,508
WBGene00004060.,479,1256,1735
WBGene00004061.,18,256,274
WBGene00004062.,5,70,75
WBGene00004063.,105,649,754
WBGene00004064.,153,1078,1231
WBGene00004068.,100,1005,1105
WBGene00004075.,52,1135,1187
WBGene00004076.,495,1979,2474
WBGene00004077.,417,1400,1817
WBGene00004078.,0,104,104
WBGene00004083.,59,1268,1327
WBGene00004084.,1,2,3
WBGene00004085.,87,974,1061
WBGene00004086.,88,398,486
WBGene00004087.,287,1569,1856
WBGene00004088.,220,1412,1632
WBGene00004089.,30,344,374
WBGene00004090.,96,581,677
WBGene00004091.,149,2017,2166
WBGene00004092.,74,1129,1203
WBGene00004093.,22,430,452
WBGene00004094.,54,1394,1448
WBGene00004095.,283,3628,3911
WBGene00004096.,52,778,830
WBGene00004098.,0,0,0
WBGene00004099.,0,3,3
WBGene00004100.,166,1102,1268
WBGene00004101.,365,1328,1693
WBGene00004102.,3,7,10
WBGene00004103.,3,4,7
WBGene00004104.,9,22,31
WBGene00004105.,106,1027,1133
WBGene00004106.,83,1917,2000
WBGene00004107.,3,12,15
WBGene00004108.,970,2823,3793
WBGene00004109.,462,1701,2163
WBGene00004110.,300,1778,2078
WBGene00004111.,210,1532,1742
WBGene00004112.,381,1196,1577
WBGene00004113.,327,9457,9784
WBGene00004114.,31,1630,1661
WBGene00004115.,35,39,74
WBGene00004116.,388,1154,1542
WBGene00004117.,337,2919,3256
WBGene00004118.,26,119,145
WBGene00004119.,98,708,806
WBGene00004120.,1,12,13
WBGene00004121.,222,943,1165
WBGene00004122.,210,1457,1667
WBGene00004123.,59,171,230
WBGene00004124.,26,258,284
WBGene00004125.,91,565,656
WBGene00004126.,210,1312,1522
WBGene00004127.,13,19,32
WBGene00004128.,1052,3796,4848
WBGene00004129.,33,377,410
WBGene00004130.,544,9783,10327
WBGene00004131.,3039,10154,13193
WBGene00004132.,309,3628,3937
WBGene00004133.,3,70,73
WBGene00004134.,610,748,1358
WBGene00004135.,6508,65967,72475
WBGene00004136.,380,4400,4780
WBGene00004138.,655,5989,6644
WBGene00004139.,1,18,19
WBGene00004140.,36,801,837
WBGene00004141.,0,1,1
WBGene00004143.,646,27674,28320
WBGene00004144.,4,221,225
WBGene00004145.,864,11758,12622
WBGene00004146.,0,16,16
WBGene00004147.,677,3055,3732
WBGene00004148.,216,1514,1730
WBGene00004149.,9,12,21
WBGene00004150.,6,31,37
WBGene00004151.,189,864,1053
WBGene00004152.,196,3486,3682
WBGene00004153.,0,102,102
WBGene00004154.,153,162,315
WBGene00004155.,5,24,29
WBGene00004156.,6,16,22
WBGene00004157.,139,8684,8823
WBGene00004158.,0,4,4
WBGene00004159.,0,0,0
WBGene00004160.,0,0,0
WBGene00004161.,439,1548,1987
WBGene00004163.,28,127,155
WBGene00004164.,471,2798,3269
WBGene00004165.,11,14,25
WBGene00004166.,316,2864,3180
WBGene00004167.,1266,4622,5888
WBGene00004168.,58,3683,3741
WBGene00004169.,212,1388,1600
WBGene00004170.,0,0,0
WBGene00004171.,0,2,2
WBGene00004172.,46,438,484
WBGene00004173.,217,1847,2064
WBGene00004174.,6,142,148
WBGene00004175.,9,222,231
WBGene00004176.,0,21,21
WBGene00004177.,10,344,354
WBGene00004178.,28,929,957
WBGene00004179.,21,950,971
WBGene00004180.,47,459,506
WBGene00004181.,81,510,591
WBGene00004182.,665,1776,2441
WBGene00004183.,96,796,892
WBGene00004184.,129,3206,3335
WBGene00004185.,105,4682,4787
WBGene00004186.,756,2360,3116
WBGene00004187.,118,4102,4220
WBGene00004188.,81,743,824
WBGene00004189.,81,1754,1835
WBGene00004190.,33,189,222
WBGene00004191.,34,53,87
WBGene00004192.,590,326,916
WBGene00004193.,20,104,124
WBGene00004194.,70,380,450
WBGene00004195.,33,145,178
WBGene00004196.,0,0,0
WBGene00004197.,18,156,174
WBGene00004198.,31,274,305
WBGene00004199.,1,233,234
WBGene00004201.,23,1246,1269
WBGene00004202.,344,2127,2471
WBGene00004203.,183,1010,1193
WBGene00004204.,333,5590,5923
WBGene00004205.,10,264,274
WBGene00004206.,114,279,393
WBGene00004207.,298,1002,1300
WBGene00004208.,636,8206,8842
WBGene00004209.,1,1,2
WBGene00004210.,164,974,1138
WBGene00004211.,27,73,100
WBGene00004212.,110,4073,4183
WBGene00004213.,970,5069,6039
WBGene00004214.,50,1077,1127
WBGene00004215.,1206,1932,3138
WBGene00004216.,9,28,37
WBGene00004217.,29,192,221
WBGene00004218.,39,268,307
WBGene00004219.,20,168,188
WBGene00004220.,73,536,609
WBGene00004221.,31,340,371
WBGene00004222.,105,1140,1245
WBGene00004223.,5,11,16
WBGene00004224.,6,9,15
WBGene00004225.,201,787,988
WBGene00004226.,98,483,581
WBGene00004227.,29,106,135
WBGene00004228.,72,220,292
WBGene00004229.,2,21,23
WBGene00004230.,45,27,72
WBGene00004231.,43,65,108
WBGene00004232.,62,51,113
WBGene00004233.,9,1,10
WBGene00004234.,17,75,92
WBGene00004235.,63,537,600
WBGene00004236.,79,33,112
WBGene00004237.,174,841,1015
WBGene00004238.,1286,4507,5793
WBGene00004239.,0,146,146
WBGene00004240.,20,2,22
WBGene00004241.,0,143,143
WBGene00004242.,4,86,90
WBGene00004243.,10,84,94
WBGene00004244.,62,699,761
WBGene00004245.,394,2467,2861
WBGene00004246.,11,56,67
WBGene00004248.,29,1398,1427
WBGene00004249.,1332,11630,12962
WBGene00004254.,312,1451,1763
WBGene00004255.,29,86,115
WBGene00004256.,90,232,322
WBGene00004257.,27,141,168
WBGene00004258.,419,3619,4038
WBGene00004259.,50,3802,3852
WBGene00004264.,13,235,248
WBGene00004265.,182,325,507
WBGene00004266.,155,12233,12388
WBGene00004267.,80,1519,1599
WBGene00004268.,170,4463,4633
WBGene00004269.,30,643,673
WBGene00004270.,48,1642,1690
WBGene00004271.,324,3307,3631
WBGene00004272.,97,8853,8950
WBGene00004273.,129,5612,5741
WBGene00004274.,79,9955,10034
WBGene00004275.,20,19,39
WBGene00004276.,129,3666,3795
WBGene00004277.,238,1251,1489
WBGene00004278.,491,5635,6126
WBGene00004279.,27,378,405
WBGene00004281.,48,299,347
WBGene00004282.,320,456,776
WBGene00004283.,60,170,230
WBGene00004284.,71,998,1069
WBGene00004285.,112,252,364
WBGene00004286.,59,2224,2283
WBGene00004287.,0,0,0
WBGene00004296.,181,2323,2504
WBGene00004297.,65,596,661
WBGene00004298.,62,224,286
WBGene00004300.,15,64133,64148
WBGene00004301.,31,48,79
WBGene00004302.,144,4876,5020
WBGene00004303.,49,1053,1102
WBGene00004304.,181,1735,1916
WBGene00004305.,28,1745,1773
WBGene00004306.,149,1455,1604
WBGene00004307.,97,1942,2039
WBGene00004308.,81,1727,1808
WBGene00004309.,8,37,45
WBGene00004310.,424,2260,2684
WBGene00004311.,370,1891,2261
WBGene00004312.,145,730,875
WBGene00004313.,182,2377,2559
WBGene00004314.,612,657,1269
WBGene00004315.,85,2250,2335
WBGene00004316.,648,890,1538
WBGene00004317.,153,1499,1652
WBGene00004318.,311,2109,2420
WBGene00004319.,158,2862,3020
WBGene00004320.,193,3243,3436
WBGene00004321.,38,3193,3231
WBGene00004322.,197,1924,2121
WBGene00004323.,250,1725,1975
WBGene00004324.,106,637,743
WBGene00004326.,37,1673,1710
WBGene00004328.,16,84,100
WBGene00004332.,38,379,417
WBGene00004333.,61,426,487
WBGene00004334.,1,54,55
WBGene00004335.,58,281,339
WBGene00004336.,1953,28924,30877
WBGene00004337.,390,3307,3697
WBGene00004338.,118,515,633
WBGene00004339.,49,473,522
WBGene00004340.,203,1620,1823
WBGene00004341.,139,809,948
WBGene00004342.,19,47,66
WBGene00004343.,179,1178,1357
WBGene00004344.,40,776,816
WBGene00004345.,446,882,1328
WBGene00004346.,62,337,399
WBGene00004347.,1759,709,2468
WBGene00004348.,53,556,609
WBGene00004349.,361,870,1231
WBGene00004350.,210,777,987
WBGene00004351.,0,0,0
WBGene00004352.,0,2,2
WBGene00004353.,0,17,17
WBGene00004354.,1,5,6
WBGene00004355.,52,1012,1064
WBGene00004356.,19,1191,1210
WBGene00004357.,1558,5463,7021
WBGene00004358.,189,2244,2433
WBGene00004359.,17,87,104
WBGene00004360.,62,537,599
WBGene00004361.,17,214,231
WBGene00004363.,71,2344,2415
WBGene00004364.,290,3337,3627
WBGene00004367.,216,764,980
WBGene00004368.,135,841,976
WBGene00004369.,88,928,1016
WBGene00004370.,33,465,498
WBGene00004371.,132,1100,1232
WBGene00004372.,78,234,312
WBGene00004373.,659,3425,4084
WBGene00004374.,75,524,599
WBGene00004375.,249,914,1163
WBGene00004377.,56,306,362
WBGene00004378.,264,1777,2041
WBGene00004380.,128,1505,1633
WBGene00004381.,113,659,772
WBGene00004382.,926,6217,7143
WBGene00004383.,40,798,838
WBGene00004384.,854,1907,2761
WBGene00004385.,84,1231,1315
WBGene00004386.,74,1124,1198
WBGene00004387.,90,3813,3903
WBGene00004388.,68,1394,1462
WBGene00004389.,187,1633,1820
WBGene00004390.,834,5684,6518
WBGene00004391.,53,2284,2337
WBGene00004392.,68,4627,4695
WBGene00004393.,340,739,1079
WBGene00004394.,1,2,3
WBGene00004395.,23,139,162
WBGene00004397.,1,32,33
WBGene00004398.,5,16,21
WBGene00004400.,5,147,152
WBGene00004401.,320,463,783
WBGene00004402.,9,7,16
WBGene00004403.,289,537,826
WBGene00004404.,165,566,731
WBGene00004405.,26,1582,1608
WBGene00004408.,142,292015,292157
WBGene00004409.,9033,99357,108390
WBGene00004410.,28392,135798,164190
WBGene00004411.,88,1369,1457
WBGene00004412.,29239,239117,268356
WBGene00004413.,357,176497,176854
WBGene00004414.,9694,251213,260907
WBGene00004415.,214,135193,135407
WBGene00004416.,14517,239184,253701
WBGene00004417.,15276,229187,244463
WBGene00004418.,31973,267657,299630
WBGene00004419.,29937,278506,308443
WBGene00004420.,20060,195111,215171
WBGene00004421.,12393,319883,332276
WBGene00004422.,855,14242,15097
WBGene00004423.,25484,242848,268332
WBGene00004424.,43028,370214,413242
WBGene00004425.,14933,272516,287449
WBGene00004426.,19918,225677,245595
WBGene00004427.,2168,259185,261353
WBGene00004428.,17574,244502,262076
WBGene00004429.,54235,233713,287948
WBGene00004430.,29329,261337,290666
WBGene00004431.,16211,268715,284926
WBGene00004432.,1235,214588,215823
WBGene00004433.,12040,258402,270442
WBGene00004434.,13563,189096,202659
WBGene00004435.,13022,209257,222279
WBGene00004436.,23446,243984,267430
WBGene00004437.,3249,50128,53377
WBGene00004438.,4487,36995,41482
WBGene00004439.,11876,98958,110834
WBGene00004440.,5482,190167,195649
WBGene00004441.,34787,125004,159791
WBGene00004442.,13263,132188,145451
WBGene00004443.,88850,57976,146826
WBGene00004444.,13720,131089,144809
WBGene00004445.,9477,208923,218400
WBGene00004446.,40039,299272,339311
WBGene00004447.,28207,211725,239932
WBGene00004448.,9800,176396,186196
WBGene00004449.,21754,246941,268695
WBGene00004450.,10574,238320,248894
WBGene00004451.,0,88,88
WBGene00004452.,10627,216924,227551
WBGene00004453.,5765,182321,188086
WBGene00004454.,21462,209300,230762
WBGene00004455.,3,5,8
WBGene00004456.,0,198104,198104
WBGene00004457.,21,855,876
WBGene00004458.,41,1276,1317
WBGene00004459.,14,1708,1722
WBGene00004460.,25,2554,2579
WBGene00004461.,23,1561,1584
WBGene00004462.,203,3552,3755
WBGene00004463.,65,2428,2493
WBGene00004464.,579,2387,2966
WBGene00004465.,104,1783,1887
WBGene00004466.,27,1563,1590
WBGene00004467.,19,3003,3022
WBGene00004468.,88,1259,1347
WBGene00004469.,1940,192786,194726
WBGene00004470.,9415,258379,267794
WBGene00004471.,83,167845,167928
WBGene00004472.,19104,243233,262337
WBGene00004473.,12870,207771,220641
WBGene00004474.,25083,249831,274914
WBGene00004475.,6847,141538,148385
WBGene00004476.,30150,245512,275662
WBGene00004477.,25366,302156,327522
WBGene00004478.,20932,309920,330852
WBGene00004479.,16998,224168,241166
WBGene00004480.,35357,261978,297335
WBGene00004481.,3971,191560,195531
WBGene00004482.,18853,204021,222874
WBGene00004483.,28106,305726,333832
WBGene00004484.,19336,227374,246710
WBGene00004485.,2928,83066,85994
WBGene00004486.,11779,174130,185909
WBGene00004487.,26118,223791,249909
WBGene00004488.,22843,241887,264730
WBGene00004489.,23162,239363,262525
WBGene00004490.,46793,106442,153235
WBGene00004491.,2029,160048,162077
WBGene00004492.,24484,304355,328839
WBGene00004493.,14696,216361,231057
WBGene00004494.,39934,362572,402506
WBGene00004495.,10794,238478,249272
WBGene00004496.,19000,183099,202099
WBGene00004497.,5191,144133,149324
WBGene00004498.,98832,108515,207347
WBGene00004499.,23662,211778,235440
WBGene00004501.,33,1026,1059
WBGene00004502.,24,2036,2060
WBGene00004503.,4,1826,1830
WBGene00004504.,301,2077,2378
WBGene00004505.,14,1533,1547
WBGene00004506.,23,2840,2863
WBGene00004507.,44,840,884
WBGene00004508.,74,1005,1079
WBGene00004509.,171,1153,1324
WBGene00004510.,26,639,665
WBGene00004512.,0,27899,27899
WBGene00004513.,0,0,0
WBGene00004567.,0,372613,372613
WBGene00004622.,0,8455776,8455776
WBGene00004677.,0,130842,130842
WBGene00004679.,394,4293,4687
WBGene00004680.,161,767,928
WBGene00004681.,554,1433,1987
WBGene00004682.,131,1998,2129
WBGene00004684.,81,879,960
WBGene00004698.,9,1798,1807
WBGene00004699.,69,1442,1511
WBGene00004700.,181,4665,4846
WBGene00004701.,17,1954,1971
WBGene00004702.,7,1227,1234
WBGene00004703.,96,2963,3059
WBGene00004704.,179,3644,3823
WBGene00004705.,481,3307,3788
WBGene00004706.,118,931,1049
WBGene00004708.,0,0,0
WBGene00004716.,0,3,3
WBGene00004717.,0,0,0
WBGene00004719.,158,457,615
WBGene00004721.,60,605,665
WBGene00004723.,54,998,1052
WBGene00004726.,32,746,778
WBGene00004727.,308,2749,3057
WBGene00004728.,367,1990,2357
WBGene00004729.,182,786,968
WBGene00004732.,810,2253,3063
WBGene00004735.,442,1024,1466
WBGene00004736.,2790,58289,61079
WBGene00004737.,3,951,954
WBGene00004738.,37,1997,2034
WBGene00004739.,1737,4768,6505
WBGene00004740.,150,846,996
WBGene00004742.,3,13,16
WBGene00004743.,586,1276,1862
WBGene00004744.,68,871,939
WBGene00004745.,50,354,404
WBGene00004746.,71,2423,2494
WBGene00004747.,46,486,532
WBGene00004748.,25,277,302
WBGene00004749.,111,2535,2646
WBGene00004750.,3,2,5
WBGene00004751.,1342,3042,4384
WBGene00004752.,69,695,764
WBGene00004753.,174,812,986
WBGene00004754.,277,724,1001
WBGene00004755.,19,822,841
WBGene00004756.,16,680,696
WBGene00004758.,129,4940,5069
WBGene00004759.,62,1926,1988
WBGene00004760.,387,2630,3017
WBGene00004762.,246,1240,1486
WBGene00004764.,36,154,190
WBGene00004765.,312,320,632
WBGene00004766.,233,5088,5321
WBGene00004767.,61,962,1023
WBGene00004768.,11,725,736
WBGene00004769.,18,282,300
WBGene00004771.,131,518,649
WBGene00004773.,1143,3444,4587
WBGene00004774.,19,810,829
WBGene00004775.,39,455,494
WBGene00004776.,76,116,192
WBGene00004777.,180,305,485
WBGene00004778.,40,448,488
WBGene00004779.,158,506,664
WBGene00004780.,105,243,348
WBGene00004781.,39,1818,1857
WBGene00004782.,161,1519,1680
WBGene00004783.,636,2739,3375
WBGene00004786.,69,360,429
WBGene00004787.,65,241,306
WBGene00004788.,48,2295,2343
WBGene00004789.,68,361,429
WBGene00004790.,157,1031,1188
WBGene00004793.,116,119,235
WBGene00004795.,60,369,429
WBGene00004796.,29,112,141
WBGene00004798.,475,6794,7269
WBGene00004800.,111,1584,1695
WBGene00004801.,147,1554,1701
WBGene00004802.,15,30,45
WBGene00004803.,92,498,590
WBGene00004804.,803,5042,5845
WBGene00004806.,231,1460,1691
WBGene00004807.,81,20496,20577
WBGene00004808.,27,1953,1980
WBGene00004809.,246,2330,2576
WBGene00004810.,5,106,111
WBGene00004811.,30,413,443
WBGene00004812.,0,1,1
WBGene00004813.,0,0,0
WBGene00004814.,0,2,2
WBGene00004815.,0,0,0
WBGene00004816.,0,2,2
WBGene00004817.,0,11,11
WBGene00004818.,0,6,6
WBGene00004819.,0,3,3
WBGene00004820.,0,0,0
WBGene00004821.,0,6,6
WBGene00004822.,0,996,996
WBGene00004823.,2,217,219
WBGene00004824.,154,853,1007
WBGene00004825.,0,1461,1461
WBGene00004826.,0,1346,1346
WBGene00004827.,0,472,472
WBGene00004829.,516,2507,3023
WBGene00004830.,198,820,1018
WBGene00004831.,423,703,1126
WBGene00004833.,0,387,387
WBGene00004834.,0,27,27
WBGene00004835.,0,48,48
WBGene00004836.,0,1265,1265
WBGene00004837.,0,0,0
WBGene00004838.,0,0,0
WBGene00004839.,0,31,31
WBGene00004840.,0,31,31
WBGene00004841.,0,57,57
WBGene00004842.,0,9,9
WBGene00004843.,0,1,1
WBGene00004844.,0,3,3
WBGene00004845.,0,3,3
WBGene00004846.,0,8,8
WBGene00004847.,0,0,0
WBGene00004848.,0,3,3
WBGene00004849.,0,39,39
WBGene00004850.,0,0,0
WBGene00004851.,0,3,3
WBGene00004854.,70,600,670
WBGene00004855.,360,4079,4439
WBGene00004856.,315,1131,1446
WBGene00004857.,71,360,431
WBGene00004858.,145,421,566
WBGene00004859.,90,288,378
WBGene00004860.,37,340,377
WBGene00004862.,1047,6476,7523
WBGene00004873.,413,2091,2504
WBGene00004874.,108,2705,2813
WBGene00004875.,7,50,57
WBGene00004876.,24,232,256
WBGene00004877.,6,11,17
WBGene00004878.,26,116,142
WBGene00004879.,482,3702,4184
WBGene00004880.,212,1455,1667
WBGene00004881.,263,2170,2433
WBGene00004882.,109,2228,2337
WBGene00004883.,3,346,349
WBGene00004884.,422,3205,3627
WBGene00004885.,32,794,826
WBGene00004886.,105,792,897
WBGene00004887.,110,1734,1844
WBGene00004888.,303,4511,4814
WBGene00004889.,126,854,980
WBGene00004890.,107,691,798
WBGene00004891.,110,2231,2341
WBGene00004892.,905,2524,3429
WBGene00004893.,86,598,684
WBGene00004894.,1243,1093,2336
WBGene00004895.,2303,732,3035
WBGene00004896.,890,3303,4193
WBGene00004897.,18,9491,9509
WBGene00004898.,15,441,456
WBGene00004899.,4,0,4
WBGene00004900.,88,783,871
WBGene00004901.,5,9,14
WBGene00004902.,144,1959,2103
WBGene00004903.,3,25,28
WBGene00004904.,8,5,13
WBGene00004905.,188,365,553
WBGene00004906.,38,8,46
WBGene00004907.,14,61,75
WBGene00004908.,5,7,12
WBGene00004909.,7,3,10
WBGene00004910.,100,1557,1657
WBGene00004911.,12,286,298
WBGene00004912.,42,636,678
WBGene00004913.,88,303,391
WBGene00004914.,103,4920,5023
WBGene00004915.,4,2187,2191
WBGene00004916.,149,7074,7223
WBGene00004917.,78,3567,3645
WBGene00004918.,483,3527,4010
WBGene00004919.,82,3229,3311
WBGene00004920.,459,5741,6200
WBGene00004921.,214,1706,1920
WBGene00004922.,192,413,605
WBGene00004923.,621,1190,1811
WBGene00004924.,327,4602,4929
WBGene00004925.,398,729,1127
WBGene00004926.,47,441,488
WBGene00004927.,152,1055,1207
WBGene00004928.,98,482,580
WBGene00004929.,975,1698,2673
WBGene00004930.,484,8487,8971
WBGene00004931.,223,2097,2320
WBGene00004932.,297,2643,2940
WBGene00004933.,460,2101,2561
WBGene00004944.,123,363,486
WBGene00004945.,134,2129,2263
WBGene00004946.,322,1710,2032
WBGene00004947.,2606,3396,6002
WBGene00004949.,150,641,791
WBGene00004950.,8,515,523
WBGene00004951.,160,7023,7183
WBGene00004952.,10,752,762
WBGene00004953.,42,894,936
WBGene00004954.,38,226,264
WBGene00004955.,168,1784,1952
WBGene00004958.,5,51,56
WBGene00004959.,14,210,224
WBGene00004960.,15,100,115
WBGene00004962.,6,0,6
WBGene00004963.,21,10,31
WBGene00004964.,6,29,35
WBGene00004965.,0,0,0
WBGene00004966.,2,9,11
WBGene00004969.,101,129,230
WBGene00004971.,0,2,2
WBGene00004972.,4,65,69
WBGene00004973.,2,1,3
WBGene00004974.,5,5,10
WBGene00004975.,18,421,439
WBGene00004976.,4,12,16
WBGene00004978.,450,1124,1574
WBGene00004979.,211,1240,1451
WBGene00004980.,400,10009,10409
WBGene00004981.,34,403,437
WBGene00004984.,6,166,172
WBGene00004985.,34,468,502
WBGene00004986.,260,3740,4000
WBGene00004987.,111,1224,1335
WBGene00004988.,228,2785,3013
WBGene00004989.,4,21,25
WBGene00004990.,1597,19789,21386
WBGene00004991.,12,122,134
WBGene00004992.,3,3,6
WBGene00004993.,568,4181,4749
WBGene00004994.,2,10,12
WBGene00004995.,2686,18939,21625
WBGene00004996.,7,5,12
WBGene00004997.,2,18,20
WBGene00004998.,5,34,39
WBGene00004999.,1724,21916,23640
WBGene00005000.,1318,18119,19437
WBGene00005001.,75,586,661
WBGene00005002.,10,115,125
WBGene00005003.,208,2683,2891
WBGene00005004.,27,191,218
WBGene00005005.,0,1,1
WBGene00005006.,92,920,1012
WBGene00005007.,22,1815,1837
WBGene00005008.,5,129,134
WBGene00005009.,27,1811,1838
WBGene00005010.,258,822,1080
WBGene00005011.,55,571,626
WBGene00005012.,5,1,6
WBGene00005013.,0,6,6
WBGene00005014.,22,565,587
WBGene00005015.,119,1648,1767
WBGene00005016.,0,4,4
WBGene00005017.,1,7,8
WBGene00005018.,3,32,35
WBGene00005019.,76,1226,1302
WBGene00005020.,118,194,312
WBGene00005021.,29,327,356
WBGene00005022.,18,711,729
WBGene00005023.,107,1190,1297
WBGene00005024.,265,316,581
WBGene00005025.,46,393,439
WBGene00005026.,174,1257,1431
WBGene00005027.,1,5,6
WBGene00005028.,1,0,1
WBGene00005029.,0,6,6
WBGene00005030.,3,11,14
WBGene00005031.,4,1,5
WBGene00005032.,0,14,14
WBGene00005033.,2,27,29
WBGene00005034.,0,1,1
WBGene00005035.,4,11,15
WBGene00005036.,5,97,102
WBGene00005037.,4,11,15
WBGene00005038.,1,12,13
WBGene00005039.,3,5,8
WBGene00005040.,10,7,17
WBGene00005041.,0,10,10
WBGene00005042.,1,2,3
WBGene00005043.,5,10,15
WBGene00005044.,0,0,0
WBGene00005045.,3,4,7
WBGene00005046.,2,10,12
WBGene00005047.,5,53,58
WBGene00005048.,1,9,10
WBGene00005049.,0,4,4
WBGene00005050.,1,8,9
WBGene00005051.,6,14,20
WBGene00005052.,7,19,26
WBGene00005053.,4,9,13
WBGene00005054.,4,0,4
WBGene00005055.,2,2,4
WBGene00005056.,22,0,22
WBGene00005057.,4,14,18
WBGene00005058.,5,3,8
WBGene00005059.,4,8,12
WBGene00005060.,2,11,13
WBGene00005061.,25,1,26
WBGene00005062.,7,17,24
WBGene00005063.,7,69,76
WBGene00005064.,0,2,2
WBGene00005065.,6,2,8
WBGene00005066.,1,0,1
WBGene00005067.,0,3,3
WBGene00005068.,1,9,10
WBGene00005069.,1,5,6
WBGene00005070.,0,4,4
WBGene00005071.,1,4,5
WBGene00005072.,1,7,8
WBGene00005073.,0,0,0
WBGene00005074.,0,0,0
WBGene00005075.,1,0,1
WBGene00005076.,2,2,4
WBGene00005077.,214,551,765
WBGene00005078.,92,202,294
WBGene00005079.,2,3,5
WBGene00005080.,0,4,4
WBGene00005081.,14,44,58
WBGene00005082.,0,4,4
WBGene00005083.,0,3,3
WBGene00005084.,2,1,3
WBGene00005085.,2,6,8
WBGene00005086.,8,16,24
WBGene00005087.,0,3,3
WBGene00005088.,17,51,68
WBGene00005089.,2,8,10
WBGene00005090.,9,26,35
WBGene00005091.,4,3,7
WBGene00005092.,6,5,11
WBGene00005093.,3,4,7
WBGene00005094.,2,4,6
WBGene00005095.,2,2,4
WBGene00005096.,5,35,40
WBGene00005097.,1,15,16
WBGene00005098.,0,4,4
WBGene00005099.,0,0,0
WBGene00005100.,0,2,2
WBGene00005101.,16,250,266
WBGene00005102.,0,0,0
WBGene00005103.,0,5,5
WBGene00005104.,0,0,0
WBGene00005105.,0,129,129
WBGene00005106.,0,28,28
WBGene00005107.,11,247,258
WBGene00005108.,2,449,451
WBGene00005109.,2,7,9
WBGene00005110.,98,194,292
WBGene00005111.,15,141,156
WBGene00005112.,3,3,6
WBGene00005113.,10,75,85
WBGene00005114.,0,11,11
WBGene00005115.,0,6,6
WBGene00005116.,8,8,16
WBGene00005117.,0,8,8
WBGene00005118.,2,6,8
WBGene00005119.,5,2,7
WBGene00005120.,9,10,19
WBGene00005121.,3,6,9
WBGene00005122.,4,5,9
WBGene00005123.,2,0,2
WBGene00005124.,0,2,2
WBGene00005125.,0,1,1
WBGene00005126.,2,0,2
WBGene00005127.,26,116,142
WBGene00005128.,48,6,54
WBGene00005129.,25,74,99
WBGene00005130.,0,5,5
WBGene00005131.,26,127,153
WBGene00005132.,5,26,31
WBGene00005133.,9,12,21
WBGene00005134.,0,0,0
WBGene00005135.,0,6,6
WBGene00005136.,1,1,2
WBGene00005137.,1,0,1
WBGene00005138.,0,0,0
WBGene00005139.,0,1,1
WBGene00005140.,0,3,3
WBGene00005141.,4,8,12
WBGene00005142.,0,1,1
WBGene00005143.,21,6,27
WBGene00005144.,2,5,7
WBGene00005145.,3,4,7
WBGene00005146.,5,3,8
WBGene00005147.,14,114,128
WBGene00005148.,0,0,0
WBGene00005149.,16,53,69
WBGene00005150.,25,74,99
WBGene00005153.,113,95,208
WBGene00005159.,4,6,10
WBGene00005160.,5,2,7
WBGene00005161.,9,4,13
WBGene00005162.,12,41,53
WBGene00005163.,11,31,42
WBGene00005164.,7,10,17
WBGene00005165.,12,15,27
WBGene00005166.,0,1,1
WBGene00005167.,3,10,13
WBGene00005168.,2,13,15
WBGene00005169.,7,22,29
WBGene00005170.,10,12,22
WBGene00005171.,10,23,33
WBGene00005172.,6,26,32
WBGene00005173.,1,5,6
WBGene00005174.,138,504,642
WBGene00005175.,5,10,15
WBGene00005176.,41,21,62
WBGene00005177.,41,45,86
WBGene00005178.,3,8,11
WBGene00005179.,1,0,1
WBGene00005180.,4,2,6
WBGene00005181.,3,4,7
WBGene00005182.,10,35,45
WBGene00005183.,2,13,15
WBGene00005184.,4,4,8
WBGene00005185.,3,2,5
WBGene00005186.,1,10,11
WBGene00005187.,3,18,21
WBGene00005188.,1,2,3
WBGene00005189.,17,48,65
WBGene00005190.,1,0,1
WBGene00005191.,62,209,271
WBGene00005192.,2,3,5
WBGene00005193.,12,0,12
WBGene00005194.,0,2,2
WBGene00005195.,10,5,15
WBGene00005196.,0,5,5
WBGene00005197.,4,120,124
WBGene00005198.,2,19,21
WBGene00005199.,1,0,1
WBGene00005200.,8,1,9
WBGene00005201.,9,3,12
WBGene00005202.,18,25,43
WBGene00005203.,5,8,13
WBGene00005204.,6,2,8
WBGene00005205.,4,56,60
WBGene00005206.,4,136,140
WBGene00005207.,3,16,19
WBGene00005208.,14,144,158
WBGene00005210.,1,13,14
WBGene00005211.,6,6,12
WBGene00005212.,2,5,7
WBGene00005213.,2,15,17
WBGene00005214.,6,2,8
WBGene00005215.,2,2,4
WBGene00005216.,3,2,5
WBGene00005217.,2,4,6
WBGene00005218.,2,10,12
WBGene00005219.,5,6,11
WBGene00005220.,0,2,2
WBGene00005221.,11,4,15
WBGene00005222.,7,9,16
WBGene00005223.,3,2,5
WBGene00005224.,1,0,1
WBGene00005225.,0,1,1
WBGene00005226.,14,40,54
WBGene00005227.,1,4,5
WBGene00005228.,929,302,1231
WBGene00005229.,5,12,17
WBGene00005230.,0,3,3
WBGene00005231.,2,23,25
WBGene00005232.,1,1,2
WBGene00005233.,3,6,9
WBGene00005234.,2,14,16
WBGene00005235.,0,6,6
WBGene00005236.,0,11,11
WBGene00005237.,3,6,9
WBGene00005238.,1,1,2
WBGene00005239.,0,3,3
WBGene00005240.,2,14,16
WBGene00005241.,7,18,25
WBGene00005242.,11,20,31
WBGene00005243.,13,145,158
WBGene00005244.,7,1,8
WBGene00005245.,6,30,36
WBGene00005246.,1,59,60
WBGene00005247.,16,17,33
WBGene00005248.,2,15,17
WBGene00005249.,3,8,11
WBGene00005250.,0,8,8
WBGene00005251.,17,46,63
WBGene00005252.,2,12,14
WBGene00005253.,20,89,109
WBGene00005254.,1,6,7
WBGene00005255.,0,5,5
WBGene00005256.,0,5,5
WBGene00005257.,6,22,28
WBGene00005258.,5,17,22
WBGene00005259.,1,4,5
WBGene00005260.,0,3,3
WBGene00005261.,10,4,14
WBGene00005262.,8,45,53
WBGene00005263.,1,9,10
WBGene00005264.,1,11,12
WBGene00005265.,1,8,9
WBGene00005266.,0,16,16
WBGene00005267.,14,22,36
WBGene00005268.,3,9,12
WBGene00005269.,7,42,49
WBGene00005270.,0,11,11
WBGene00005271.,25,55,80
WBGene00005272.,12,20,32
WBGene00005273.,3,14,17
WBGene00005274.,5,3,8
WBGene00005275.,2,2,4
WBGene00005276.,1,0,1
WBGene00005277.,0,1,1
WBGene00005278.,0,0,0
WBGene00005279.,3,10,13
WBGene00005280.,0,0,0
WBGene00005281.,0,0,0
WBGene00005282.,0,1,1
WBGene00005283.,4,7,11
WBGene00005284.,1,0,1
WBGene00005285.,1,1,2
WBGene00005286.,0,5,5
WBGene00005287.,0,0,0
WBGene00005288.,0,8,8
WBGene00005289.,2,14,16
WBGene00005290.,0,7,7
WBGene00005291.,0,2,2
WBGene00005292.,0,36,36
WBGene00005293.,4,22,26
WBGene00005294.,0,0,0
WBGene00005295.,2,11,13
WBGene00005296.,2,6,8
WBGene00005297.,2,4,6
WBGene00005298.,15,9,24
WBGene00005299.,13,38,51
WBGene00005300.,1,15,16
WBGene00005301.,3,8,11
WBGene00005302.,2,2,4
WBGene00005303.,4,8,12
WBGene00005304.,0,1,1
WBGene00005305.,3,4,7
WBGene00005306.,4,5,9
WBGene00005307.,5,4,9
WBGene00005308.,0,2,2
WBGene00005309.,1,1,2
WBGene00005310.,4,4,8
WBGene00005311.,18,16,34
WBGene00005312.,4,3,7
WBGene00005313.,1,6,7
WBGene00005314.,0,8,8
WBGene00005315.,3,17,20
WBGene00005316.,5,1,6
WBGene00005317.,1,3,4
WBGene00005318.,4,5,9
WBGene00005319.,1,8,9
WBGene00005320.,3,9,12
WBGene00005321.,1,1,2
WBGene00005322.,0,2,2
WBGene00005323.,4,5,9
WBGene00005324.,76,21,97
WBGene00005325.,0,3,3
WBGene00005326.,0,5,5
WBGene00005327.,0,6,6
WBGene00005328.,0,1,1
WBGene00005329.,0,0,0
WBGene00005330.,0,1,1
WBGene00005331.,0,1,1
WBGene00005332.,2,3,5
WBGene00005333.,2,2,4
WBGene00005334.,0,1,1
WBGene00005335.,3,1,4
WBGene00005336.,2,2,4
WBGene00005337.,3,3,6
WBGene00005338.,1,8,9
WBGene00005339.,3,15,18
WBGene00005340.,0,2,2
WBGene00005341.,2,4,6
WBGene00005342.,0,24,24
WBGene00005343.,10,28,38
WBGene00005344.,10,24,34
WBGene00005345.,5,13,18
WBGene00005346.,1,20,21
WBGene00005347.,1,36,37
WBGene00005348.,0,4,4
WBGene00005349.,3,1,4
WBGene00005350.,1,4,5
WBGene00005351.,11,10,21
WBGene00005352.,1,2,3
WBGene00005353.,0,15,15
WBGene00005354.,1,15,16
WBGene00005355.,1,0,1
WBGene00005356.,1,10,11
WBGene00005357.,2,6,8
WBGene00005358.,1,1,2
WBGene00005359.,1,7,8
WBGene00005360.,0,4,4
WBGene00005361.,0,7,7
WBGene00005362.,2,22,24
WBGene00005363.,2,10,12
WBGene00005364.,2,5,7
WBGene00005365.,0,10,10
WBGene00005366.,0,29,29
WBGene00005367.,1,4,5
WBGene00005368.,0,10,10
WBGene00005369.,0,1,1
WBGene00005370.,2,11,13
WBGene00005371.,8,10,18
WBGene00005372.,4,2,6
WBGene00005373.,0,2,2
WBGene00005374.,0,3,3
WBGene00005375.,0,2,2
WBGene00005376.,0,2,2
WBGene00005377.,0,1,1
WBGene00005378.,2,3,5
WBGene00005379.,0,10,10
WBGene00005380.,11,17,28
WBGene00005381.,0,14,14
WBGene00005382.,1,7,8
WBGene00005383.,2,14,16
WBGene00005384.,0,13,13
WBGene00005385.,12,63,75
WBGene00005386.,7,6,13
WBGene00005387.,28,30,58
WBGene00005388.,2,11,13
WBGene00005389.,1,4,5
WBGene00005390.,1,5,6
WBGene00005391.,0,1,1
WBGene00005392.,3,1,4
WBGene00005393.,2,11,13
WBGene00005394.,0,3,3
WBGene00005395.,3,11,14
WBGene00005396.,1,3,4
WBGene00005397.,2,12,14
WBGene00005398.,8,1,9
WBGene00005399.,5,25,30
WBGene00005400.,1,2,3
WBGene00005401.,0,11,11
WBGene00005402.,0,3,3
WBGene00005403.,4,38,42
WBGene00005404.,0,1,1
WBGene00005405.,15,14,29
WBGene00005406.,1,8,9
WBGene00005407.,6,5,11
WBGene00005408.,4,8,12
WBGene00005409.,0,7,7
WBGene00005410.,14,7,21
WBGene00005411.,0,9,9
WBGene00005412.,2,3,5
WBGene00005413.,3,10,13
WBGene00005414.,1,0,1
WBGene00005415.,2,12,14
WBGene00005416.,1,7,8
WBGene00005417.,0,15,15
WBGene00005418.,0,9,9
WBGene00005419.,1,9,10
WBGene00005420.,49,327,376
WBGene00005421.,13,21,34
WBGene00005422.,11,115,126
WBGene00005423.,5,21,26
WBGene00005424.,1,5,6
WBGene00005425.,0,3,3
WBGene00005426.,2,2,4
WBGene00005427.,3,15,18
WBGene00005428.,3,2,5
WBGene00005429.,4,2,6
WBGene00005430.,1,4,5
WBGene00005431.,5,12,17
WBGene00005432.,3,40,43
WBGene00005433.,2,2,4
WBGene00005434.,10,10,20
WBGene00005435.,0,0,0
WBGene00005436.,0,4,4
WBGene00005437.,5,8,13
WBGene00005438.,4,25,29
WBGene00005439.,0,2,2
WBGene00005440.,3,4,7
WBGene00005441.,1,1,2
WBGene00005442.,0,0,0
WBGene00005443.,0,2,2
WBGene00005444.,1,0,1
WBGene00005445.,49,5,54
WBGene00005446.,0,3,3
WBGene00005447.,13,21,34
WBGene00005448.,4,24,28
WBGene00005449.,1,1,2
WBGene00005450.,1,4,5
WBGene00005451.,1,3,4
WBGene00005452.,2,2,4
WBGene00005453.,0,3,3
WBGene00005454.,1,0,1
WBGene00005455.,0,2,2
WBGene00005456.,0,1,1
WBGene00005457.,0,0,0
WBGene00005458.,0,3,3
WBGene00005459.,1,1,2
WBGene00005460.,4,6,10
WBGene00005461.,1,6,7
WBGene00005462.,0,0,0
WBGene00005463.,31,3,34
WBGene00005464.,0,0,0
WBGene00005465.,3,0,3
WBGene00005466.,0,0,0
WBGene00005467.,3,1,4
WBGene00005468.,4,0,4
WBGene00005469.,4,12,16
WBGene00005470.,0,6,6
WBGene00005471.,0,8,8
WBGene00005472.,0,4,4
WBGene00005473.,9,42,51
WBGene00005474.,3,3,6
WBGene00005475.,16,6,22
WBGene00005476.,0,2,2
WBGene00005477.,5,70,75
WBGene00005478.,3,3,6
WBGene00005479.,1,2,3
WBGene00005480.,2,6,8
WBGene00005481.,2,20,22
WBGene00005482.,0,22,22
WBGene00005483.,0,4,4
WBGene00005484.,1,27,28
WBGene00005485.,15,31,46
WBGene00005486.,5,6,11
WBGene00005487.,1,11,12
WBGene00005488.,0,6,6
WBGene00005489.,10,0,10
WBGene00005490.,2,6,8
WBGene00005491.,0,0,0
WBGene00005492.,0,1,1
WBGene00005493.,0,0,0
WBGene00005494.,2,2,4
WBGene00005495.,2,0,2
WBGene00005496.,0,3,3
WBGene00005497.,0,0,0
WBGene00005498.,0,1,1
WBGene00005499.,1,1,2
WBGene00005500.,3,6,9
WBGene00005501.,0,0,0
WBGene00005502.,3,1,4
WBGene00005503.,0,1,1
WBGene00005504.,2,3,5
WBGene00005505.,7,0,7
WBGene00005506.,6,2,8
WBGene00005507.,8,6,14
WBGene00005508.,0,6,6
WBGene00005509.,0,0,0
WBGene00005510.,0,0,0
WBGene00005511.,1,18,19
WBGene00005512.,0,5,5
WBGene00005513.,1,8,9
WBGene00005514.,5,19,24
WBGene00005515.,2,6,8
WBGene00005516.,2,16,18
WBGene00005517.,10,11,21
WBGene00005518.,17,40,57
WBGene00005519.,0,4,4
WBGene00005520.,2,3,5
WBGene00005521.,0,4,4
WBGene00005522.,8,2,10
WBGene00005523.,25,435,460
WBGene00005524.,3,3,6
WBGene00005525.,0,0,0
WBGene00005526.,0,0,0
WBGene00005527.,12,4,16
WBGene00005528.,0,4,4
WBGene00005529.,3,6,9
WBGene00005530.,37,41,78
WBGene00005531.,50,111,161
WBGene00005532.,5,13,18
WBGene00005533.,3,23,26
WBGene00005534.,13,110,123
WBGene00005535.,2,12,14
WBGene00005536.,2,18,20
WBGene00005537.,4,6,10
WBGene00005538.,5,15,20
WBGene00005539.,2,1,3
WBGene00005540.,3,8,11
WBGene00005541.,4,3,7
WBGene00005542.,6,18,24
WBGene00005543.,17,64,81
WBGene00005544.,1,1,2
WBGene00005545.,7,0,7
WBGene00005546.,2,0,2
WBGene00005547.,1,4,5
WBGene00005548.,3,17,20
WBGene00005549.,2,5,7
WBGene00005550.,1,9,10
WBGene00005551.,5,10,15
WBGene00005552.,16,15,31
WBGene00005553.,3,6,9
WBGene00005554.,8,1,9
WBGene00005555.,0,2,2
WBGene00005556.,9,11,20
WBGene00005557.,12,34,46
WBGene00005558.,1,12,13
WBGene00005559.,13,58,71
WBGene00005560.,48,144,192
WBGene00005561.,0,1,1
WBGene00005562.,1,1,2
WBGene00005563.,1,5,6
WBGene00005564.,1,0,1
WBGene00005565.,0,1,1
WBGene00005566.,3,0,3
WBGene00005567.,0,0,0
WBGene00005568.,6,10,16
WBGene00005569.,3,8,11
WBGene00005570.,1,7,8
WBGene00005571.,0,0,0
WBGene00005572.,0,3,3
WBGene00005573.,0,2,2
WBGene00005574.,1,6,7
WBGene00005575.,14,12,26
WBGene00005576.,1,3,4
WBGene00005577.,5,22,27
WBGene00005578.,0,0,0
WBGene00005579.,6,0,6
WBGene00005580.,7,6,13
WBGene00005581.,3,14,17
WBGene00005582.,0,0,0
WBGene00005583.,2,2,4
WBGene00005584.,3,2,5
WBGene00005585.,4,7,11
WBGene00005586.,4,24,28
WBGene00005587.,2,0,2
WBGene00005588.,4,15,19
WBGene00005589.,33,7,40
WBGene00005590.,1,2,3
WBGene00005591.,9,7,16
WBGene00005592.,0,5,5
WBGene00005593.,1,4,5
WBGene00005594.,2,1,3
WBGene00005595.,9,6,15
WBGene00005596.,2,1,3
WBGene00005597.,0,0,0
WBGene00005598.,1,3,4
WBGene00005599.,0,6,6
WBGene00005600.,4,4,8
WBGene00005601.,0,2,2
WBGene00005602.,74,1137,1211
WBGene00005603.,7,10,17
WBGene00005604.,16,5,21
WBGene00005605.,0,2,2
WBGene00005606.,8,12,20
WBGene00005607.,7,6,13
WBGene00005608.,7,17,24
WBGene00005609.,0,17,17
WBGene00005610.,5,3,8
WBGene00005611.,19,12,31
WBGene00005612.,16,9,25
WBGene00005613.,25,4,29
WBGene00005614.,5,4,9
WBGene00005615.,1,3,4
WBGene00005616.,1,50,51
WBGene00005617.,1,0,1
WBGene00005618.,3,1,4
WBGene00005619.,0,0,0
WBGene00005620.,46,26,72
WBGene00005621.,2,6,8
WBGene00005622.,9,7,16
WBGene00005623.,0,0,0
WBGene00005624.,1,2,3
WBGene00005625.,2,1,3
WBGene00005626.,0,0,0
WBGene00005627.,4,2,6
WBGene00005628.,1,0,1
WBGene00005629.,0,1,1
WBGene00005630.,2,0,2
WBGene00005631.,1,1,2
WBGene00005632.,0,0,0
WBGene00005633.,2,0,2
WBGene00005634.,4,1,5
WBGene00005635.,0,2,2
WBGene00005638.,0,24,24
WBGene00005639.,2,1,3
WBGene00005640.,2,10,12
WBGene00005641.,47,90,137
WBGene00005642.,21,108,129
WBGene00005643.,5,90,95
WBGene00005644.,129,666,795
WBGene00005646.,1,5,6
WBGene00005647.,95,970,1065
WBGene00005648.,415,2827,3242
WBGene00005649.,24,31,55
WBGene00005650.,2,3,5
WBGene00005651.,1,2,3
WBGene00005652.,53,187,240
WBGene00005653.,14,100,114
WBGene00005654.,27,530,557
WBGene00005655.,212,2036,2248
WBGene00005656.,25,52,77
WBGene00005657.,12,231,243
WBGene00005658.,0,1,1
WBGene00005659.,5,8,13
WBGene00005660.,1,8,9
WBGene00005661.,0,37,37
WBGene00005662.,97,805,902
WBGene00005663.,821,5698,6519
WBGene00005664.,1,24,25
WBGene00005665.,0,20,20
WBGene00005666.,4,2,6
WBGene00005667.,1,3,4
WBGene00005668.,2,21,23
WBGene00005669.,4,5,9
WBGene00005670.,13,30,43
WBGene00005671.,3,7,10
WBGene00005672.,1,1,2
WBGene00005673.,0,1,1
WBGene00005674.,3,0,3
WBGene00005675.,2,3,5
WBGene00005676.,2,17,19
WBGene00005677.,9,31,40
WBGene00005678.,0,7,7
WBGene00005679.,2,2,4
WBGene00005680.,1,1,2
WBGene00005681.,1,0,1
WBGene00005682.,5,1,6
WBGene00005683.,0,7,7
WBGene00005684.,15,5,20
WBGene00005685.,6,12,18
WBGene00005686.,2,5,7
WBGene00005687.,7,19,26
WBGene00005688.,2,2,4
WBGene00005689.,6,5,11
WBGene00005690.,4,11,15
WBGene00005691.,0,3,3
WBGene00005692.,1,10,11
WBGene00005693.,0,2,2
WBGene00005694.,0,0,0
WBGene00005695.,1,0,1
WBGene00005696.,6,10,16
WBGene00005697.,0,4,4
WBGene00005698.,1,2,3
WBGene00005699.,1,2,3
WBGene00005700.,1,8,9
WBGene00005701.,9,57,66
WBGene00005702.,6,33,39
WBGene00005703.,19,243,262
WBGene00005704.,7,1,8
WBGene00005705.,5,4,9
WBGene00005706.,0,8,8
WBGene00005707.,0,4,4
WBGene00005708.,2,3,5
WBGene00005709.,19,6,25
WBGene00005710.,57,168,225
WBGene00005711.,1,3,4
WBGene00005712.,64,119,183
WBGene00005713.,3,40,43
WBGene00005714.,4,7,11
WBGene00005715.,100,149,249
WBGene00005716.,48,205,253
WBGene00005717.,13,96,109
WBGene00005718.,21,74,95
WBGene00005719.,33,66,99
WBGene00005720.,11,11,22
WBGene00005721.,21,45,66
WBGene00005722.,8,8,16
WBGene00005723.,3,1,4
WBGene00005724.,8,19,27
WBGene00005725.,15,26,41
WBGene00005726.,24,30,54
WBGene00005727.,17,11,28
WBGene00005728.,0,1,1
WBGene00005729.,0,0,0
WBGene00005730.,0,1,1
WBGene00005731.,1,0,1
WBGene00005732.,0,1,1
WBGene00005733.,1,1,2
WBGene00005734.,5,2,7
WBGene00005735.,5,20,25
WBGene00005736.,3,15,18
WBGene00005737.,5,7,12
WBGene00005738.,1,11,12
WBGene00005739.,8,12,20
WBGene00005740.,2,16,18
WBGene00005741.,0,3,3
WBGene00005742.,2,15,17
WBGene00005743.,4,3,7
WBGene00005744.,3,10,13
WBGene00005745.,3,7,10
WBGene00005746.,1,2,3
WBGene00005747.,29,8,37
WBGene00005748.,5,17,22
WBGene00005749.,1,1,2
WBGene00005750.,2,4,6
WBGene00005751.,0,0,0
WBGene00005752.,24,65,89
WBGene00005753.,18,18,36
WBGene00005754.,5,4,9
WBGene00005755.,4,8,12
WBGene00005756.,2,35,37
WBGene00005757.,4,31,35
WBGene00005758.,3,20,23
WBGene00005759.,0,158,158
WBGene00005760.,0,0,0
WBGene00005761.,1,1,2
WBGene00005762.,0,2,2
WBGene00005763.,1,11,12
WBGene00005764.,5,25,30
WBGene00005765.,0,1,1
WBGene00005766.,5,14,19
WBGene00005767.,1,0,1
WBGene00005768.,1,1,2
WBGene00005769.,0,1,1
WBGene00005770.,1,0,1
WBGene00005771.,0,5,5
WBGene00005772.,8,15,23
WBGene00005773.,0,1,1
WBGene00005774.,1,0,1
WBGene00005775.,0,3,3
WBGene00005776.,1,2,3
WBGene00005777.,0,0,0
WBGene00005778.,2,1,3
WBGene00005779.,1,2,3
WBGene00005780.,3,3,6
WBGene00005781.,0,3,3
WBGene00005782.,1,0,1
WBGene00005783.,0,0,0
WBGene00005784.,0,3,3
WBGene00005785.,1,1,2
WBGene00005786.,4,1,5
WBGene00005787.,3,0,3
WBGene00005788.,3,3,6
WBGene00005789.,0,4,4
WBGene00005790.,0,5,5
WBGene00005791.,2,9,11
WBGene00005792.,93,4,97
WBGene00005793.,0,1,1
WBGene00005794.,3,4,7
WBGene00005795.,0,0,0
WBGene00005796.,2,0,2
WBGene00005797.,4,5,9
WBGene00005798.,0,2,2
WBGene00005799.,0,0,0
WBGene00005800.,1,10,11
WBGene00005801.,0,0,0
WBGene00005802.,2,0,2
WBGene00005803.,1,0,1
WBGene00005804.,1,2,3
WBGene00005805.,0,3,3
WBGene00005806.,1,1,2
WBGene00005807.,5,13,18
WBGene00005808.,5,28,33
WBGene00005809.,1,1,2
WBGene00005810.,2,17,19
WBGene00005811.,22,55,77
WBGene00005812.,2,5,7
WBGene00005813.,1,1,2
WBGene00005814.,5,3,8
WBGene00005815.,227,1327,1554
WBGene00005816.,159,680,839
WBGene00005817.,1,1,2
WBGene00005818.,235,1691,1926
WBGene00005819.,1,1,2
WBGene00005820.,15,19,34
WBGene00005821.,0,1,1
WBGene00005822.,0,2,2
WBGene00005823.,0,2,2
WBGene00005824.,2,1,3
WBGene00005825.,23,39,62
WBGene00005826.,4,6,10
WBGene00005827.,1,33,34
WBGene00005828.,7,19,26
WBGene00005829.,6,7,13
WBGene00005830.,2,2,4
WBGene00005831.,2,1,3
WBGene00005832.,235,2274,2509
WBGene00005833.,25,693,718
WBGene00005834.,4,18,22
WBGene00005835.,2,0,2
WBGene00005836.,6,11,17
WBGene00005837.,0,0,0
WBGene00005838.,12,31,43
WBGene00005839.,0,1,1
WBGene00005840.,3,14,17
WBGene00005841.,6,4,10
WBGene00005842.,4,10,14
WBGene00005843.,3,12,15
WBGene00005844.,0,1,1
WBGene00005845.,11,16,27
WBGene00005846.,0,3,3
WBGene00005847.,5,2,7
WBGene00005848.,10,8,18
WBGene00005849.,7,13,20
WBGene00005850.,4,6,10
WBGene00005851.,2,0,2
WBGene00005852.,0,2,2
WBGene00005853.,3,4,7
WBGene00005854.,2,2,4
WBGene00005855.,1,3,4
WBGene00005856.,6,2,8
WBGene00005857.,0,0,0
WBGene00005858.,18,7,25
WBGene00005859.,2,6,8
WBGene00005860.,1,0,1
WBGene00005861.,2,0,2
WBGene00005862.,1,3,4
WBGene00005863.,2,2,4
WBGene00005864.,1,1,2
WBGene00005865.,0,1,1
WBGene00005866.,0,0,0
WBGene00005867.,0,2,2
WBGene00005868.,0,0,0
WBGene00005869.,4,1,5
WBGene00005870.,1,0,1
WBGene00005871.,0,0,0
WBGene00005872.,0,0,0
WBGene00005873.,0,1,1
WBGene00005874.,2,2,4
WBGene00005875.,0,5,5
WBGene00005876.,5,3,8
WBGene00005877.,6,4,10
WBGene00005878.,1,7,8
WBGene00005879.,1,2,3
WBGene00005880.,0,0,0
WBGene00005881.,1,1,2
WBGene00005882.,0,3,3
WBGene00005883.,4,5,9
WBGene00005884.,2,1,3
WBGene00005885.,1,2,3
WBGene00005886.,3,5,8
WBGene00005887.,10,16,26
WBGene00005888.,0,0,0
WBGene00005889.,0,3,3
WBGene00005890.,0,0,0
WBGene00005891.,4,5,9
WBGene00005892.,2,24,26
WBGene00005893.,10,88,98
WBGene00005894.,2,1,3
WBGene00005895.,5,4,9
WBGene00005896.,1,1,2
WBGene00005897.,2,4,6
WBGene00005898.,1,20,21
WBGene00005899.,2,5,7
WBGene00005900.,8,2,10
WBGene00005901.,1,3,4
WBGene00005902.,12,12,24
WBGene00005903.,10,9,19
WBGene00005904.,23,2,25
WBGene00005905.,9,5,14
WBGene00005906.,4,51,55
WBGene00005907.,0,4,4
WBGene00005908.,4,6,10
WBGene00005909.,9,9,18
WBGene00005910.,27,104,131
WBGene00005911.,3,2,5
WBGene00005912.,2,5,7
WBGene00005913.,3,6,9
WBGene00005914.,1,4,5
WBGene00005915.,1,1,2
WBGene00005916.,4,0,4
WBGene00005917.,3,2,5
WBGene00005918.,0,0,0
WBGene00005919.,2,0,2
WBGene00005920.,2,0,2
WBGene00005921.,3,2,5
WBGene00005922.,0,4,4
WBGene00005923.,0,1,1
WBGene00005924.,4,0,4
WBGene00005925.,4,16,20
WBGene00005926.,20,75,95
WBGene00005927.,8,7,15
WBGene00005928.,2,15,17
WBGene00005929.,11,34,45
WBGene00005930.,0,3,3
WBGene00005931.,8,11,19
WBGene00005932.,13,28,41
WBGene00005933.,4,10,14
WBGene00005934.,3,34,37
WBGene00005935.,6,18,24
WBGene00005936.,47,233,280
WBGene00005937.,12,42,54
WBGene00005938.,20,67,87
WBGene00005939.,0,3,3
WBGene00005940.,2,7,9
WBGene00005941.,11,20,31
WBGene00005942.,0,1,1
WBGene00005943.,0,0,0
WBGene00005944.,0,1,1
WBGene00005945.,4,1,5
WBGene00005946.,1,6,7
WBGene00005947.,21,96,117
WBGene00005948.,2,2,4
WBGene00005949.,4,48,52
WBGene00005950.,0,1,1
WBGene00005951.,3,1,4
WBGene00005952.,13,981,994
WBGene00005953.,7,11,18
WBGene00005954.,2,1,3
WBGene00005955.,2,6,8
WBGene00005956.,0,0,0
WBGene00005957.,0,20,20
WBGene00005958.,25,117,142
WBGene00005959.,10,89,99
WBGene00005960.,3,0,3
WBGene00005961.,6,7,13
WBGene00005962.,10,16,26
WBGene00005963.,1,9,10
WBGene00005964.,2,18,20
WBGene00005965.,46,11,57
WBGene00005966.,4,2,6
WBGene00005967.,107,257,364
WBGene00005968.,1,20,21
WBGene00005969.,4,3,7
WBGene00005970.,6,12,18
WBGene00005971.,5,40,45
WBGene00005972.,5,26,31
WBGene00005973.,25,21,46
WBGene00005974.,4,7,11
WBGene00005975.,54,78,132
WBGene00005976.,3,34,37
WBGene00005977.,5,29,34
WBGene00005978.,0,0,0
WBGene00005979.,2,1,3
WBGene00005980.,5,12,17
WBGene00005981.,2,16,18
WBGene00005982.,26,18,44
WBGene00005983.,0,4,4
WBGene00005984.,0,0,0
WBGene00005985.,1,5,6
WBGene00005986.,9,8,17
WBGene00005987.,12,5,17
WBGene00005988.,2,3,5
WBGene00005989.,6,5,11
WBGene00005990.,0,0,0
WBGene00005991.,3,1,4
WBGene00005992.,0,1,1
WBGene00005993.,3,1,4
WBGene00005994.,12,0,12
WBGene00005995.,5,5,10
WBGene00005996.,5,3,8
WBGene00005997.,0,0,0
WBGene00005998.,1,13,14
WBGene00005999.,3,13,16
WBGene00006000.,2,4,6
WBGene00006001.,0,2,2
WBGene00006002.,10,44,54
WBGene00006003.,3,9,12
WBGene00006004.,4,4,8
WBGene00006005.,1,20,21
WBGene00006006.,3,58,61
WBGene00006007.,4,5,9
WBGene00006008.,4,12,16
WBGene00006009.,1,1,2
WBGene00006010.,1,8,9
WBGene00006011.,4,5,9
WBGene00006012.,0,5,5
WBGene00006013.,2,0,2
WBGene00006014.,8,17,25
WBGene00006015.,3,1,4
WBGene00006016.,15,53,68
WBGene00006017.,0,4,4
WBGene00006018.,11,18,29
WBGene00006019.,4,38,42
WBGene00006020.,10,53,63
WBGene00006021.,2,14,16
WBGene00006022.,1,2,3
WBGene00006023.,0,4,4
WBGene00006024.,3,5,8
WBGene00006025.,1,12,13
WBGene00006026.,15,38,53
WBGene00006027.,5,8,13
WBGene00006028.,1,12,13
WBGene00006029.,1,1,2
WBGene00006038.,0,1,1
WBGene00006039.,0,4,4
WBGene00006040.,0,0,0
WBGene00006044.,0,7,7
WBGene00006047.,0,0,0
WBGene00006048.,0,1,1
WBGene00006049.,0,1,1
WBGene00006050.,16,186,202
WBGene00006051.,11,89,100
WBGene00006052.,0,2,2
WBGene00006053.,0,2,2
WBGene00006055.,107,400,507
WBGene00006056.,1,1,2
WBGene00006057.,1,5,6
WBGene00006058.,1,13,14
WBGene00006059.,107,783,890
WBGene00006060.,1,2,3
WBGene00006061.,27,1253,1280
WBGene00006062.,462,969,1431
WBGene00006063.,25,642,667
WBGene00006064.,159,168,327
WBGene00006065.,9,12,21
WBGene00006066.,101,1723,1824
WBGene00006067.,314,1206,1520
WBGene00006068.,27,222,249
WBGene00006069.,8,23,31
WBGene00006070.,1,1,2
WBGene00006071.,1,12,13
WBGene00006072.,1,12,13
WBGene00006073.,0,1,1
WBGene00006074.,0,0,0
WBGene00006075.,6,13,19
WBGene00006076.,0,1,1
WBGene00006077.,9,27,36
WBGene00006078.,2,3,5
WBGene00006079.,2,7,9
WBGene00006080.,10,30,40
WBGene00006081.,2,3,5
WBGene00006082.,4,1,5
WBGene00006083.,0,2,2
WBGene00006084.,8,2,10
WBGene00006085.,1,3,4
WBGene00006086.,2,17,19
WBGene00006087.,1,4,5
WBGene00006088.,0,1,1
WBGene00006089.,0,2,2
WBGene00006090.,2,2,4
WBGene00006091.,0,1,1
WBGene00006092.,2,4,6
WBGene00006093.,0,16,16
WBGene00006094.,0,0,0
WBGene00006095.,4,5,9
WBGene00006096.,1,7,8
WBGene00006097.,0,2,2
WBGene00006098.,2,2,4
WBGene00006099.,9,0,9
WBGene00006100.,1,8,9
WBGene00006101.,0,12,12
WBGene00006102.,3,7,10
WBGene00006103.,5,38,43
WBGene00006104.,2,3,5
WBGene00006105.,1,3,4
WBGene00006106.,0,0,0
WBGene00006107.,0,0,0
WBGene00006108.,4,13,17
WBGene00006109.,14,39,53
WBGene00006110.,0,1,1
WBGene00006111.,2,4,6
WBGene00006112.,30,114,144
WBGene00006113.,5,52,57
WBGene00006114.,62,108,170
WBGene00006115.,68,1,69
WBGene00006116.,0,2,2
WBGene00006117.,0,1,1
WBGene00006118.,1,5,6
WBGene00006119.,0,3,3
WBGene00006120.,0,1,1
WBGene00006121.,1,4,5
WBGene00006122.,6,20,26
WBGene00006123.,3,13,16
WBGene00006124.,0,1,1
WBGene00006125.,3,1,4
WBGene00006126.,0,9,9
WBGene00006127.,0,20,20
WBGene00006128.,2,1,3
WBGene00006129.,5,1,6
WBGene00006130.,0,1,1
WBGene00006131.,0,0,0
WBGene00006132.,1,5,6
WBGene00006133.,1,1,2
WBGene00006134.,2,0,2
WBGene00006135.,0,11,11
WBGene00006136.,0,0,0
WBGene00006137.,2,2,4
WBGene00006138.,6,8,14
WBGene00006139.,4,7,11
WBGene00006140.,125,8,133
WBGene00006141.,3,5,8
WBGene00006142.,1,7,8
WBGene00006143.,1,7,8
WBGene00006144.,2,2,4
WBGene00006145.,0,0,0
WBGene00006146.,1,7,8
WBGene00006147.,2,1,3
WBGene00006148.,8,9,17
WBGene00006149.,1,17,18
WBGene00006150.,1,5,6
WBGene00006151.,0,9,9
WBGene00006152.,5,14,19
WBGene00006153.,2,12,14
WBGene00006154.,3,16,19
WBGene00006155.,0,9,9
WBGene00006156.,2,3,5
WBGene00006157.,1,0,1
WBGene00006158.,0,2,2
WBGene00006159.,2,3,5
WBGene00006160.,0,0,0
WBGene00006161.,0,3,3
WBGene00006162.,2,7,9
WBGene00006163.,39,34,73
WBGene00006164.,12,14,26
WBGene00006165.,4,3,7
WBGene00006166.,2,0,2
WBGene00006167.,7,36,43
WBGene00006168.,3,0,3
WBGene00006169.,28,11,39
WBGene00006170.,0,0,0
WBGene00006171.,0,0,0
WBGene00006172.,15,7,22
WBGene00006173.,2,1,3
WBGene00006174.,5,2,7
WBGene00006175.,0,0,0
WBGene00006176.,1,4,5
WBGene00006177.,2,8,10
WBGene00006178.,3,1,4
WBGene00006179.,2,13,15
WBGene00006180.,0,10,10
WBGene00006181.,2,7,9
WBGene00006182.,0,2,2
WBGene00006183.,1,2,3
WBGene00006184.,3,3,6
WBGene00006185.,3,1,4
WBGene00006186.,1,2,3
WBGene00006187.,8,9,17
WBGene00006188.,5,4,9
WBGene00006189.,2,2,4
WBGene00006190.,3,0,3
WBGene00006191.,7,22,29
WBGene00006192.,10,9,19
WBGene00006193.,3,9,12
WBGene00006194.,7,12,19
WBGene00006195.,2,8,10
WBGene00006196.,5,1,6
WBGene00006197.,7,4,11
WBGene00006198.,8,24,32
WBGene00006199.,6,15,21
WBGene00006200.,0,0,0
WBGene00006201.,2,10,12
WBGene00006202.,2,3,5
WBGene00006203.,3,4,7
WBGene00006204.,0,5,5
WBGene00006205.,4,50,54
WBGene00006206.,4,9,13
WBGene00006207.,21,61,82
WBGene00006208.,17,20,37
WBGene00006209.,10,19,29
WBGene00006210.,11,11,22
WBGene00006211.,13,19,32
WBGene00006212.,5,14,19
WBGene00006213.,4,10,14
WBGene00006214.,7,10,17
WBGene00006215.,1,8,9
WBGene00006216.,1,6,7
WBGene00006217.,5,8,13
WBGene00006218.,3,7,10
WBGene00006219.,0,2,2
WBGene00006220.,48,227,275
WBGene00006221.,0,3,3
WBGene00006222.,4,4,8
WBGene00006223.,0,1,1
WBGene00006224.,2,2,4
WBGene00006225.,3,0,3
WBGene00006226.,1,38,39
WBGene00006227.,6,44,50
WBGene00006228.,0,2,2
WBGene00006229.,1,2,3
WBGene00006230.,1,0,1
WBGene00006231.,1,1,2
WBGene00006232.,0,0,0
WBGene00006233.,9,31,40
WBGene00006234.,1,22,23
WBGene00006235.,0,3,3
WBGene00006236.,1,1,2
WBGene00006237.,0,7,7
WBGene00006238.,2,1,3
WBGene00006239.,8,16,24
WBGene00006240.,0,1,1
WBGene00006241.,3,3,6
WBGene00006242.,4,3,7
WBGene00006243.,8,4,12
WBGene00006244.,1,6,7
WBGene00006245.,0,0,0
WBGene00006246.,1,2,3
WBGene00006247.,0,7,7
WBGene00006248.,0,1,1
WBGene00006249.,1,5,6
WBGene00006250.,3,3,6
WBGene00006251.,3,9,12
WBGene00006252.,4,11,15
WBGene00006253.,16,2,18
WBGene00006254.,0,2,2
WBGene00006255.,13,37,50
WBGene00006256.,1,4,5
WBGene00006257.,3,4,7
WBGene00006258.,2,26,28
WBGene00006259.,3,2,5
WBGene00006260.,2,8,10
WBGene00006261.,4,3,7
WBGene00006262.,1,5,6
WBGene00006263.,0,4,4
WBGene00006264.,0,1,1
WBGene00006265.,1,2,3
WBGene00006266.,130,1,131
WBGene00006267.,0,1,1
WBGene00006268.,2,8,10
WBGene00006269.,3,7,10
WBGene00006270.,2,5,7
WBGene00006271.,0,0,0
WBGene00006272.,7,22,29
WBGene00006273.,3,1,4
WBGene00006274.,0,0,0
WBGene00006275.,0,1,1
WBGene00006276.,3,0,3
WBGene00006277.,2,9,11
WBGene00006278.,8,33,41
WBGene00006279.,21,41,62
WBGene00006280.,5,12,17
WBGene00006281.,11,6,17
WBGene00006282.,0,0,0
WBGene00006283.,0,0,0
WBGene00006284.,0,0,0
WBGene00006285.,8,21,29
WBGene00006286.,20,23,43
WBGene00006287.,8,21,29
WBGene00006288.,16,53,69
WBGene00006289.,0,3,3
WBGene00006306.,383,1075,1458
WBGene00006307.,50,1136,1186
WBGene00006308.,15,43,58
WBGene00006309.,46,854,900
WBGene00006310.,79,203,282
WBGene00006311.,19,341,360
WBGene00006314.,0,0,0
WBGene00006315.,0,0,0
WBGene00006316.,0,0,0
WBGene00006318.,133,1181,1314
WBGene00006319.,32,238,270
WBGene00006321.,214,5170,5384
WBGene00006324.,29,1006,1035
WBGene00006327.,0,2,2
WBGene00006330.,0,0,0
WBGene00006331.,507,14807,15314
WBGene00006333.,0,0,0
WBGene00006334.,0,0,0
WBGene00006338.,0,0,0
WBGene00006342.,146,1316,1462
WBGene00006344.,0,0,0
WBGene00006349.,201,800,1001
WBGene00006351.,59,582,641
WBGene00006352.,170,3030,3200
WBGene00006353.,41,476,517
WBGene00006359.,34,700,734
WBGene00006363.,90,249,339
WBGene00006364.,243,814,1057
WBGene00006365.,47,295,342
WBGene00006366.,4,6,10
WBGene00006367.,0,0,0
WBGene00006368.,153,505,658
WBGene00006369.,34,804,838
WBGene00006371.,105,688,793
WBGene00006372.,89,1158,1247
WBGene00006373.,111,1260,1371
WBGene00006374.,35,303,338
WBGene00006375.,23,757,780
WBGene00006376.,12,577,589
WBGene00006377.,43,419,462
WBGene00006379.,41,390,431
WBGene00006380.,4,62,66
WBGene00006381.,78,3475,3553
WBGene00006382.,611,2575,3186
WBGene00006383.,120,321,441
WBGene00006384.,222,997,1219
WBGene00006385.,802,1282,2084
WBGene00006386.,177,898,1075
WBGene00006387.,33,276,309
WBGene00006388.,45,275,320
WBGene00006389.,25,339,364
WBGene00006390.,95,689,784
WBGene00006391.,47,441,488
WBGene00006392.,287,3584,3871
WBGene00006393.,23,708,731
WBGene00006394.,17,165,182
WBGene00006395.,24,179,203
WBGene00006396.,638,2322,2960
WBGene00006397.,36,880,916
WBGene00006399.,23,31,54
WBGene00006402.,55,608,663
WBGene00006404.,51,290,341
WBGene00006405.,351,1618,1969
WBGene00006406.,236,2701,2937
WBGene00006407.,939,2945,3884
WBGene00006408.,1674,15526,17200
WBGene00006409.,2,2,4
WBGene00006410.,135,1440,1575
WBGene00006411.,7,67,74
WBGene00006412.,269,1421,1690
WBGene00006414.,6,797,803
WBGene00006415.,301,2614,2915
WBGene00006416.,4,11,15
WBGene00006418.,0,47,47
WBGene00006419.,13,5,18
WBGene00006423.,670,5113,5783
WBGene00006424.,228,532,760
WBGene00006428.,64,115,179
WBGene00006429.,3,2,5
WBGene00006430.,45,426,471
WBGene00006431.,45,698,743
WBGene00006432.,139,1003,1142
WBGene00006433.,361,6265,6626
WBGene00006434.,566,37139,37705
WBGene00006435.,14,26,40
WBGene00006436.,2070,53507,55577
WBGene00006437.,206,2321,2527
WBGene00006438.,300,1980,2280
WBGene00006439.,932,637713,638645
WBGene00006440.,115,444,559
WBGene00006441.,59,283,342
WBGene00006442.,271,1443,1714
WBGene00006443.,19,461,480
WBGene00006444.,37,1228,1265
WBGene00006445.,55,328,383
WBGene00006446.,13,324,337
WBGene00006447.,18,649,667
WBGene00006448.,55,818,873
WBGene00006449.,2,4,6
WBGene00006450.,631,1908,2539
WBGene00006452.,830,6122,6952
WBGene00006454.,18,70,88
WBGene00006459.,56,771,827
WBGene00006460.,262,5034,5296
WBGene00006461.,33,180,213
WBGene00006462.,341,1242,1583
WBGene00006463.,71,657,728
WBGene00006464.,20,194,214
WBGene00006465.,35,1221,1256
WBGene00006466.,73,290,363
WBGene00006467.,202,1448,1650
WBGene00006468.,69,240,309
WBGene00006470.,26,2193,2219
WBGene00006471.,0,4,4
WBGene00006472.,39,714,753
WBGene00006473.,9,695,704
WBGene00006474.,20,900,920
WBGene00006475.,56,251,307
WBGene00006476.,384,827,1211
WBGene00006477.,49,160,209
WBGene00006478.,134,1025,1159
WBGene00006479.,348,2794,3142
WBGene00006481.,275,1409,1684
WBGene00006483.,363,1982,2345
WBGene00006484.,3,2,5
WBGene00006486.,94,405,499
WBGene00006487.,7,26,33
WBGene00006488.,0,1,1
WBGene00006489.,43,1056,1099
WBGene00006490.,219,818,1037
WBGene00006491.,7,169,176
WBGene00006492.,145,478,623
WBGene00006493.,148,1477,1625
WBGene00006494.,10,1150,1160
WBGene00006495.,676,10398,11074
WBGene00006496.,478,624,1102
WBGene00006497.,303,5723,6026
WBGene00006498.,311,1197,1508
WBGene00006499.,109,1672,1781
WBGene00006503.,33,819,852
WBGene00006504.,94,431,525
WBGene00006505.,80,209,289
WBGene00006508.,868,1972,2840
WBGene00006509.,2,3,5
WBGene00006510.,255,1503,1758
WBGene00006512.,79,1561,1640
WBGene00006513.,303,771,1074
WBGene00006514.,34,1276,1310
WBGene00006515.,54,1613,1667
WBGene00006516.,28,385,413
WBGene00006517.,266,2898,3164
WBGene00006518.,5,944,949
WBGene00006519.,3641,29035,32676
WBGene00006520.,0,235,235
WBGene00006522.,20,54,74
WBGene00006523.,172,2274,2446
WBGene00006524.,108,1239,1347
WBGene00006525.,16,107,123
WBGene00006526.,15,88,103
WBGene00006527.,926,6646,7572
WBGene00006528.,103,21865,21968
WBGene00006529.,785,8893,9678
WBGene00006530.,7,65,72
WBGene00006531.,19,132,151
WBGene00006532.,14,38,52
WBGene00006533.,51,306,357
WBGene00006534.,4,6,10
WBGene00006535.,230,1275,1505
WBGene00006536.,4,3622,3626
WBGene00006537.,304,20991,21295
WBGene00006538.,11,181,192
WBGene00006539.,10,65,75
WBGene00006540.,26,774,800
WBGene00006541.,22,108,130
WBGene00006542.,15,584,599
WBGene00006543.,218,1211,1429
WBGene00006544.,7,3,10
WBGene00006545.,3,21,24
WBGene00006546.,1,4,5
WBGene00006547.,0,42,42
WBGene00006549.,0,1,1
WBGene00006550.,3,1,4
WBGene00006551.,0,51139,51139
WBGene00006552.,4,6,10
WBGene00006553.,4,2,6
WBGene00006554.,1,3,4
WBGene00006555.,9,90,99
WBGene00006556.,3,2,5
WBGene00006557.,6,3,9
WBGene00006558.,0,0,0
WBGene00006559.,0,0,0
WBGene00006560.,1,21,22
WBGene00006561.,238,1696,1934
WBGene00006562.,47,286,333
WBGene00006563.,360,663,1023
WBGene00006565.,32,558,590
WBGene00006566.,63,932,995
WBGene00006567.,19,753,772
WBGene00006568.,33,848,881
WBGene00006570.,103,2181,2284
WBGene00006571.,100,795,895
WBGene00006572.,255,3324,3579
WBGene00006573.,240,2156,2396
WBGene00006574.,67,3000,3067
WBGene00006575.,618,1218,1836
WBGene00006576.,45,194,239
WBGene00006577.,148,1232,1380
WBGene00006578.,213,1664,1877
WBGene00006579.,381,3537,3918
WBGene00006580.,150,1160,1310
WBGene00006582.,417,1672,2089
WBGene00006583.,310,7301,7611
WBGene00006584.,2089,26668,28757
WBGene00006585.,222,7030,7252
WBGene00006586.,188,4361,4549
WBGene00006587.,1533,26291,27824
WBGene00006588.,545,6628,7173
WBGene00006589.,143,1517,1660
WBGene00006590.,58,560,618
WBGene00006591.,164,439,603
WBGene00006592.,107,506,613
WBGene00006593.,744,1080,1824
WBGene00006594.,601,2567,3168
WBGene00006595.,256,4433,4689
WBGene00006596.,154,331,485
WBGene00006597.,4,128,132
WBGene00006598.,2,22,24
WBGene00006599.,1394,2004,3398
WBGene00006600.,7,76,83
WBGene00006601.,88,3088,3176
WBGene00006602.,414,2379,2793
WBGene00006603.,581,3169,3750
WBGene00006604.,396,1500,1896
WBGene00006605.,77,621,698
WBGene00006606.,82,425,507
WBGene00006607.,228,1571,1799
WBGene00006608.,83,722,805
WBGene00006609.,50,423,473
WBGene00006610.,39,109,148
WBGene00006611.,12,274,286
WBGene00006612.,6,59,65
WBGene00006613.,89,1564,1653
WBGene00006614.,280,899,1179
WBGene00006615.,213,305,518
WBGene00006616.,49,96,145
WBGene00006617.,59,1984,2043
WBGene00006618.,119,355,474
WBGene00006619.,2,33,35
WBGene00006620.,27,44,71
WBGene00006621.,63,80,143
WBGene00006622.,6,18,24
WBGene00006623.,33,93,126
WBGene00006624.,83,166,249
WBGene00006625.,0,9,9
WBGene00006626.,4,367,371
WBGene00006627.,59,376,435
WBGene00006628.,36,297,333
WBGene00006629.,18,176,194
WBGene00006630.,2,22,24
WBGene00006631.,0,7,7
WBGene00006632.,118,114,232
WBGene00006633.,133,604,737
WBGene00006634.,1473,12067,13540
WBGene00006635.,6,385,391
WBGene00006636.,36,325,361
WBGene00006637.,80,1068,1148
WBGene00006638.,34,1044,1078
WBGene00006639.,73,94,167
WBGene00006640.,81,203,284
WBGene00006641.,39,701,740
WBGene00006642.,19,156,175
WBGene00006643.,91,1232,1323
WBGene00006644.,0,17,17
WBGene00006645.,13,15,28
WBGene00006646.,21,365,386
WBGene00006647.,119,419,538
WBGene00006648.,356,1051,1407
WBGene00006649.,79,1280,1359
WBGene00006650.,0,1756896,1756896
WBGene00006651.,11,3360,3371
WBGene00006652.,224,342,566
WBGene00006654.,13,96,109
WBGene00006655.,22,199,221
WBGene00006656.,89,709,798
WBGene00006657.,179,173,352
WBGene00006658.,11,51,62
WBGene00006659.,17,8,25
WBGene00006660.,116,1583,1699
WBGene00006661.,1,4,5
WBGene00006662.,281,2870,3151
WBGene00006663.,845,6392,7237
WBGene00006664.,19,161,180
WBGene00006665.,34,80,114
WBGene00006666.,15,51,66
WBGene00006667.,160,809,969
WBGene00006668.,247,363,610
WBGene00006669.,84,235,319
WBGene00006670.,7,39,46
WBGene00006671.,76,282,358
WBGene00006672.,225,5278,5503
WBGene00006673.,12,73,85
WBGene00006674.,10,14,24
WBGene00006675.,10,49,59
WBGene00006676.,25,105,130
WBGene00006677.,49,472,521
WBGene00006678.,8,41,49
WBGene00006679.,15,46,61
WBGene00006680.,42,102,144
WBGene00006681.,57,290,347
WBGene00006682.,101,211,312
WBGene00006683.,906,3385,4291
WBGene00006684.,203,142,345
WBGene00006685.,18,122,140
WBGene00006686.,71,152,223
WBGene00006687.,14,40,54
WBGene00006688.,14,6,20
WBGene00006689.,2,1,3
WBGene00006690.,19,33,52
WBGene00006691.,85,142,227
WBGene00006692.,116,795,911
WBGene00006693.,1015,2982,3997
WBGene00006694.,6,23,29
WBGene00006695.,67,78,145
WBGene00006696.,42,222,264
WBGene00006697.,785,3713,4498
WBGene00006698.,59,2458,2517
WBGene00006699.,65,1715,1780
WBGene00006700.,170,419,589
WBGene00006701.,547,6415,6962
WBGene00006702.,313,5078,5391
WBGene00006703.,56,2244,2300
WBGene00006704.,144,5445,5589
WBGene00006705.,292,3830,4122
WBGene00006706.,37,1272,1309
WBGene00006707.,1,1376,1377
WBGene00006708.,85,2411,2496
WBGene00006709.,278,1775,2053
WBGene00006710.,330,212,542
WBGene00006711.,53,749,802
WBGene00006712.,76,350,426
WBGene00006713.,52,1842,1894
WBGene00006714.,134,438,572
WBGene00006715.,69,2561,2630
WBGene00006716.,40,22,62
WBGene00006717.,22,465,487
WBGene00006718.,2,14,16
WBGene00006719.,2,0,2
WBGene00006720.,84,4376,4460
WBGene00006721.,40,505,545
WBGene00006722.,44,347,391
WBGene00006723.,76,671,747
WBGene00006724.,89,1911,2000
WBGene00006725.,16168,181497,197665
WBGene00006726.,162,1203,1365
WBGene00006727.,311,17819,18130
WBGene00006728.,15979,184282,200261
WBGene00006729.,87,288,375
WBGene00006730.,30,8163,8193
WBGene00006731.,6,133,139
WBGene00006732.,268,1436,1704
WBGene00006733.,218,1725,1943
WBGene00006734.,41,864,905
WBGene00006735.,9,571,580
WBGene00006736.,69,1020,1089
WBGene00006737.,26,427,453
WBGene00006738.,21,1984,2005
WBGene00006739.,300,5458,5758
WBGene00006740.,18,189,207
WBGene00006741.,213,2295,2508
WBGene00006742.,670,1622,2292
WBGene00006743.,71,156,227
WBGene00006744.,12,81,93
WBGene00006745.,565,907,1472
WBGene00006746.,42,269,311
WBGene00006747.,671,575,1246
WBGene00006748.,23,53,76
WBGene00006749.,253,743,996
WBGene00006750.,135,758,893
WBGene00006751.,455,854,1309
WBGene00006752.,785,3029,3814
WBGene00006753.,712,8909,9621
WBGene00006754.,7151,174332,181483
WBGene00006755.,526,5190,5716
WBGene00006756.,4,5,9
WBGene00006757.,78,999,1077
WBGene00006759.,2437,26262,28699
WBGene00006760.,415,1916,2331
WBGene00006761.,112,502,614
WBGene00006762.,406,1710,2116
WBGene00006763.,233,930,1163
WBGene00006764.,3293,41982,45275
WBGene00006765.,252,526,778
WBGene00006766.,39,381,420
WBGene00006767.,469,751,1220
WBGene00006768.,484,4710,5194
WBGene00006769.,605,805,1410
WBGene00006770.,811,2074,2885
WBGene00006771.,720,6003,6723
WBGene00006772.,280,1788,2068
WBGene00006773.,83,1142,1225
WBGene00006774.,81,401,482
WBGene00006775.,6,67,73
WBGene00006776.,497,1879,2376
WBGene00006777.,107,832,939
WBGene00006778.,46,346,392
WBGene00006779.,2294,8159,10453
WBGene00006780.,3280,34592,37872
WBGene00006781.,148,11584,11732
WBGene00006782.,7,155,162
WBGene00006783.,30,208,238
WBGene00006784.,1063,3106,4169
WBGene00006785.,23,239,262
WBGene00006786.,356,3111,3467
WBGene00006787.,622,4353,4975
WBGene00006788.,225,611,836
WBGene00006789.,3617,207012,210629
WBGene00006790.,17,46,63
WBGene00006791.,373,1473,1846
WBGene00006792.,284,328,612
WBGene00006793.,73,1018,1091
WBGene00006794.,323,11968,12291
WBGene00006795.,47,877,924
WBGene00006796.,899,4589,5488
WBGene00006797.,274,188,462
WBGene00006798.,849,2592,3441
WBGene00006801.,775,7180,7955
WBGene00006802.,39,3602,3641
WBGene00006803.,614,7619,8233
WBGene00006804.,50,474,524
WBGene00006805.,2402,7293,9695
WBGene00006807.,204,317,521
WBGene00006808.,323,1735,2058
WBGene00006809.,278,498,776
WBGene00006810.,142,1584,1726
WBGene00006811.,242,682,924
WBGene00006812.,379,3096,3475
WBGene00006814.,2372,4964,7336
WBGene00006815.,653,6365,7018
WBGene00006816.,57,1317,1374
WBGene00006817.,108,1802,1910
WBGene00006818.,139,2342,2481
WBGene00006819.,3174,81429,84603
WBGene00006820.,2711,24015,26726
WBGene00006822.,102,604,706
WBGene00006823.,2129,13059,15188
WBGene00006824.,113,2346,2459
WBGene00006825.,693,6062,6755
WBGene00006826.,138,2482,2620
WBGene00006827.,3787,3006,6793
WBGene00006829.,59,450,509
WBGene00006830.,1875,1287,3162
WBGene00006831.,455,1745,2200
WBGene00006832.,132,645,777
WBGene00006833.,875,14210,15085
WBGene00006836.,145,3611,3756
WBGene00006839.,495,2195,2690
WBGene00006840.,267,7111,7378
WBGene00006843.,181,1097,1278
WBGene00006844.,158,2519,2677
WBGene00006845.,388,2321,2709
WBGene00006852.,97,2987,3084
WBGene00006853.,22,488,510
WBGene00006856.,30,830,860
WBGene00006861.,411,3580,3991
WBGene00006862.,27,268,295
WBGene00006863.,200,7279,7479
WBGene00006864.,204,260,464
WBGene00006865.,22,208,230
WBGene00006868.,327,767,1094
WBGene00006869.,48,256,304
WBGene00006870.,311,523,834
WBGene00006873.,66,109,175
WBGene00006874.,384,4876,5260
WBGene00006875.,34,1265,1299
WBGene00006876.,2251,3523,5774
WBGene00006881.,21,202,223
WBGene00006882.,62,353,415
WBGene00006886.,161,1209,1370
WBGene00006887.,244,396,640
WBGene00006888.,58,2464,2522
WBGene00006889.,47,2595,2642
WBGene00006890.,472,6719,7191
WBGene00006893.,238,1854,2092
WBGene00006894.,12,18,30
WBGene00006895.,4,11,15
WBGene00006896.,42,405,447
WBGene00006897.,5,13,18
WBGene00006902.,0,4,4
WBGene00006910.,0,9225,9225
WBGene00006911.,79,10879,10958
WBGene00006912.,0,3398,3398
WBGene00006913.,38,3646,3684
WBGene00006914.,30,1583,1613
WBGene00006915.,44,1774,1818
WBGene00006916.,158,354,512
WBGene00006917.,55,6194,6249
WBGene00006918.,403,6586,6989
WBGene00006919.,97,5346,5443
WBGene00006920.,445,3523,3968
WBGene00006921.,4,1864,1868
WBGene00006922.,12,400,412
WBGene00006923.,3210,7472,10682
WBGene00006924.,89,13626,13715
WBGene00006925.,1,20,21
WBGene00006926.,0,8,8
WBGene00006927.,1,4,5
WBGene00006928.,0,1,1
WBGene00006929.,0,1,1
WBGene00006930.,1,5,6
WBGene00006931.,101,1210,1311
WBGene00006932.,367,2396,2763
WBGene00006933.,68,1079,1147
WBGene00006934.,153,500,653
WBGene00006935.,29,1098,1127
WBGene00006936.,101,780,881
WBGene00006937.,405,2667,3072
WBGene00006938.,0,18,18
WBGene00006939.,1,13,14
WBGene00006940.,4,381,385
WBGene00006941.,556,4503,5059
WBGene00006942.,159,3336,3495
WBGene00006943.,98,883,981
WBGene00006944.,61,1395,1456
WBGene00006945.,75,643,718
WBGene00006946.,29,407,436
WBGene00006947.,3,50,53
WBGene00006948.,2,6,8
WBGene00006949.,79,790,869
WBGene00006950.,13,8,21
WBGene00006951.,82,637,719
WBGene00006952.,7,155,162
WBGene00006953.,7,2,9
WBGene00006954.,1,4,5
WBGene00006955.,26,11,37
WBGene00006956.,0,5,5
WBGene00006957.,269,1591,1860
WBGene00006958.,73,241,314
WBGene00006959.,1318,55197,56515
WBGene00006960.,23,96,119
WBGene00006961.,553,5164,5717
WBGene00006962.,4,23,27
WBGene00006963.,50,918,968
WBGene00006964.,124,753,877
WBGene00006965.,0,105,105
WBGene00006966.,10,119,129
WBGene00006967.,0,92,92
WBGene00006968.,94,1285,1379
WBGene00006970.,20,708,728
WBGene00006971.,98,784,882
WBGene00006974.,19,843,862
WBGene00006975.,882,5457,6339
WBGene00006976.,2306,635,2941
WBGene00006977.,31,502,533
WBGene00006978.,167,4548,4715
WBGene00006979.,0,141,141
WBGene00006980.,3,347,350
WBGene00006981.,1,279,280
WBGene00006982.,92,1202,1294
WBGene00006983.,175,1677,1852
WBGene00006984.,989,2371,3360
WBGene00006985.,201,414,615
WBGene00006986.,322,1337,1659
WBGene00006987.,217,812,1029
WBGene00006988.,90,452,542
WBGene00006993.,320,649,969
WBGene00006994.,210,2250,2460
WBGene00006996.,50,2244,2294
WBGene00006997.,14,555,569
WBGene00006999.,1614,12309,13923
WBGene00007000.,108,2295,2403
WBGene00007001.,12,716,728
WBGene00007006.,74,337,411
WBGene00007007.,302,4920,5222
WBGene00007008.,106,2043,2149
WBGene00007009.,151,2076,2227
WBGene00007010.,226,2088,2314
WBGene00007011.,31,250,281
WBGene00007012.,56,492,548
WBGene00007013.,199,441,640
WBGene00007014.,59,241,300
WBGene00007015.,7,537,544
WBGene00007016.,632,7650,8282
WBGene00007017.,250,301,551
WBGene00007018.,79,1061,1140
WBGene00007019.,91,1897,1988
WBGene00007020.,259,997,1256
WBGene00007021.,101,1091,1192
WBGene00007022.,240,1988,2228
WBGene00007023.,131,1577,1708
WBGene00007024.,3657,23594,27251
WBGene00007025.,205,1409,1614
WBGene00007026.,64,827,891
WBGene00007027.,1006,3659,4665
WBGene00007028.,56,1909,1965
WBGene00007029.,269,1366,1635
WBGene00007030.,1929,12252,14181
WBGene00007036.,102,915,1017
WBGene00007041.,76,311,387
WBGene00007042.,192,5210,5402
WBGene00007043.,7,272,279
WBGene00007044.,228,2137,2365
WBGene00007045.,4,216,220
WBGene00007047.,160,552,712
WBGene00007048.,102,3847,3949
WBGene00007049.,10,34,44
WBGene00007050.,260,2205,2465
WBGene00007053.,248,4948,5196
WBGene00007054.,1540,2340,3880
WBGene00007055.,182,5989,6171
WBGene00007056.,89,470,559
WBGene00007057.,0,113,113
WBGene00007058.,379,5044,5423
WBGene00007059.,22,266,288
WBGene00007060.,3,6,9
WBGene00007062.,0,0,0
WBGene00007063.,135,383,518
WBGene00007064.,124,423,547
WBGene00007065.,34,462,496
WBGene00007066.,2,10,12
WBGene00007067.,88,467,555
WBGene00007068.,152,980,1132
WBGene00007070.,7,359,366
WBGene00007071.,72,916,988
WBGene00007072.,11,150,161
WBGene00007073.,28,159,187
WBGene00007074.,0,2,2
WBGene00007075.,0,0,0
WBGene00007076.,0,0,0
WBGene00007077.,9,4,13
WBGene00007078.,0,0,0
WBGene00007079.,0,0,0
WBGene00007080.,0,3,3
WBGene00007081.,4,19,23
WBGene00007082.,0,29,29
WBGene00007083.,0,14,14
WBGene00007085.,0,149,149
WBGene00007087.,65,958,1023
WBGene00007088.,79,1399,1478
WBGene00007089.,94,701,795
WBGene00007090.,36,818,854
WBGene00007091.,1095,10014,11109
WBGene00007092.,64,366,430
WBGene00007093.,8,562,570
WBGene00007094.,166,469,635
WBGene00007096.,70,1082,1152
WBGene00007097.,10,161,171
WBGene00007099.,559,6955,7514
WBGene00007100.,15,514,529
WBGene00007101.,31,1551,1582
WBGene00007102.,41,220,261
WBGene00007103.,390,2201,2591
WBGene00007104.,30,222,252
WBGene00007105.,59,1510,1569
WBGene00007106.,23,530,553
WBGene00007107.,340,3993,4333
WBGene00007108.,135,1275,1410
WBGene00007109.,8,314,322
WBGene00007110.,95,1344,1439
WBGene00007111.,55,881,936
WBGene00007112.,348,1902,2250
WBGene00007113.,54,871,925
WBGene00007114.,29,115,144
WBGene00007115.,50,105,155
WBGene00007116.,68,104,172
WBGene00007117.,2,12,14
WBGene00007118.,70,602,672
WBGene00007119.,117,681,798
WBGene00007120.,0,71,71
WBGene00007121.,93,309,402
WBGene00007122.,124,3711,3835
WBGene00007123.,0,1,1
WBGene00007124.,44,251,295
WBGene00007125.,0,2,2
WBGene00007126.,115,541,656
WBGene00007127.,1,4,5
WBGene00007128.,24,198,222
WBGene00007129.,38,2891,2929
WBGene00007130.,16,80,96
WBGene00007131.,29,130,159
WBGene00007132.,6,56,62
WBGene00007133.,15,188,203
WBGene00007134.,9,18,27
WBGene00007135.,327,1080,1407
WBGene00007136.,125,1285,1410
WBGene00007137.,78,891,969
WBGene00007138.,33,103,136
WBGene00007139.,233,1589,1822
WBGene00007140.,14,44,58
WBGene00007141.,4,16,20
WBGene00007142.,314,3793,4107
WBGene00007143.,121,1576,1697
WBGene00007144.,34,1169,1203
WBGene00007145.,18,403,421
WBGene00007146.,15,146,161
WBGene00007147.,2,4,6
WBGene00007148.,12,6,18
WBGene00007149.,4,22,26
WBGene00007150.,12,673,685
WBGene00007151.,7,14,21
WBGene00007152.,2,6,8
WBGene00007153.,1,14,15
WBGene00007154.,19,108,127
WBGene00007155.,1085,18862,19947
WBGene00007156.,5,40,45
WBGene00007158.,0,7,7
WBGene00007159.,69,909,978
WBGene00007160.,5,3,8
WBGene00007161.,2,0,2
WBGene00007162.,92,320,412
WBGene00007163.,0,7,7
WBGene00007164.,2,48,50
WBGene00007165.,136,162,298
WBGene00007166.,14,571,585
WBGene00007167.,89,557,646
WBGene00007168.,11,537,548
WBGene00007169.,6,5,11
WBGene00007170.,31,134,165
WBGene00007171.,12,164,176
WBGene00007172.,12,65,77
WBGene00007173.,0,0,0
WBGene00007174.,29,240,269
WBGene00007175.,58,1757,1815
WBGene00007176.,1501,729,2230
WBGene00007177.,11,14,25
WBGene00007178.,12,771,783
WBGene00007179.,8,7,15
WBGene00007180.,72,751,823
WBGene00007181.,2,9,11
WBGene00007182.,0,2,2
WBGene00007183.,1,38,39
WBGene00007184.,184,3337,3521
WBGene00007185.,237,1601,1838
WBGene00007186.,33,761,794
WBGene00007187.,31,220,251
WBGene00007188.,79,501,580
WBGene00007189.,38,675,713
WBGene00007190.,7,32,39
WBGene00007191.,39,233,272
WBGene00007192.,611,9356,9967
WBGene00007193.,202,1853,2055
WBGene00007194.,10,563,573
WBGene00007195.,102,728,830
WBGene00007196.,326,706,1032
WBGene00007197.,1004,4634,5638
WBGene00007198.,4,2,6
WBGene00007199.,6,4,10
WBGene00007200.,703,5448,6151
WBGene00007201.,0,76,76
WBGene00007202.,33,373,406
WBGene00007203.,3,179,182
WBGene00007204.,3,8,11
WBGene00007206.,0,305,305
WBGene00007207.,74,572,646
WBGene00007208.,0,0,0
WBGene00007209.,2,3,5
WBGene00007210.,27,46,73
WBGene00007211.,4,2,6
WBGene00007212.,18,114,132
WBGene00007213.,43,708,751
WBGene00007214.,278,1376,1654
WBGene00007215.,78,844,922
WBGene00007216.,616,1277,1893
WBGene00007217.,214,4178,4392
WBGene00007218.,55,35,90
WBGene00007219.,109,3310,3419
WBGene00007220.,9,13,22
WBGene00007221.,47,408,455
WBGene00007222.,0,52,52
WBGene00007223.,151,2737,2888
WBGene00007224.,12,25,37
WBGene00007225.,0,30,30
WBGene00007226.,204,2072,2276
WBGene00007227.,416,7798,8214
WBGene00007228.,30,289,319
WBGene00007229.,10,23,33
WBGene00007230.,3,10,13
WBGene00007231.,6,6,12
WBGene00007232.,0,1,1
WBGene00007233.,8,57,65
WBGene00007234.,0,296,296
WBGene00007235.,320,6678,6998
WBGene00007236.,0,220,220
WBGene00007237.,80,412,492
WBGene00007238.,0,4,4
WBGene00007239.,0,0,0
WBGene00007240.,92,612,704
WBGene00007241.,41,264,305
WBGene00007242.,22,266,288
WBGene00007243.,0,32,32
WBGene00007244.,1,12,13
WBGene00007245.,0,4,4
WBGene00007246.,0,8,8
WBGene00007247.,32,141,173
WBGene00007248.,2,8,10
WBGene00007249.,0,4,4
WBGene00007250.,0,5,5
WBGene00007251.,0,0,0
WBGene00007252.,51,274,325
WBGene00007253.,27,123,150
WBGene00007254.,9,55,64
WBGene00007255.,6,83,89
WBGene00007256.,1368,3291,4659
WBGene00007257.,680,1769,2449
WBGene00007258.,53,589,642
WBGene00007259.,2,8,10
WBGene00007260.,531,558,1089
WBGene00007261.,249,2129,2378
WBGene00007262.,3,13,16
WBGene00007264.,5,16,21
WBGene00007265.,0,7,7
WBGene00007266.,35,386,421
WBGene00007267.,50,434,484
WBGene00007268.,14,21,35
WBGene00007269.,3,5,8
WBGene00007270.,82,2056,2138
WBGene00007271.,50,131,181
WBGene00007273.,66,34,100
WBGene00007274.,8,64,72
WBGene00007275.,157,173,330
WBGene00007277.,30,102,132
WBGene00007278.,13,138,151
WBGene00007279.,3,2,5
WBGene00007281.,4,80,84
WBGene00007282.,8,8,16
WBGene00007283.,0,1,1
WBGene00007284.,152,475,627
WBGene00007285.,15,185,200
WBGene00007286.,30,344,374
WBGene00007287.,22,529,551
WBGene00007288.,90,768,858
WBGene00007289.,0,2,2
WBGene00007290.,0,2,2
WBGene00007291.,1,0,1
WBGene00007292.,2,1,3
WBGene00007293.,0,3,3
WBGene00007294.,1,1,2
WBGene00007295.,30,307,337
WBGene00007296.,58,1050,1108
WBGene00007297.,23,304,327
WBGene00007299.,12,253,265
WBGene00007300.,0,1,1
WBGene00007301.,855036,33,855069
WBGene00007302.,77,1446,1523
WBGene00007303.,4,17,21
WBGene00007304.,173,1218,1391
WBGene00007305.,4,12,16
WBGene00007306.,1,0,1
WBGene00007307.,0,14,14
WBGene00007308.,0,6,6
WBGene00007309.,7,5,12
WBGene00007310.,12,31,43
WBGene00007311.,16,2,18
WBGene00007312.,24,530,554
WBGene00007313.,7,25,32
WBGene00007314.,24,35,59
WBGene00007315.,2,6,8
WBGene00007316.,305,1464,1769
WBGene00007317.,55,2508,2563
WBGene00007319.,0,1,1
WBGene00007320.,0,0,0
WBGene00007321.,51,473,524
WBGene00007322.,4,20,24
WBGene00007323.,5,5,10
WBGene00007324.,314,2266,2580
WBGene00007325.,2,14,16
WBGene00007326.,23,46,69
WBGene00007327.,22,52,74
WBGene00007328.,17,54,71
WBGene00007329.,173,1039,1212
WBGene00007330.,235,4029,4264
WBGene00007331.,262,1198,1460
WBGene00007332.,0,219,219
WBGene00007333.,77,669,746
WBGene00007334.,58,943,1001
WBGene00007335.,3,1,4
WBGene00007336.,105,1237,1342
WBGene00007337.,2,9,11
WBGene00007338.,42,220,262
WBGene00007339.,7,111,118
WBGene00007340.,36,166,202
WBGene00007341.,0,0,0
WBGene00007342.,0,0,0
WBGene00007343.,27,263,290
WBGene00007344.,5,13,18
WBGene00007345.,103,834,937
WBGene00007346.,20,67,87
WBGene00007347.,66,269,335
WBGene00007348.,65,390,455
WBGene00007349.,83,701,784
WBGene00007350.,486,6306,6792
WBGene00007351.,59,67,126
WBGene00007352.,304,1845,2149
WBGene00007353.,364,3498,3862
WBGene00007354.,11,81,92
WBGene00007355.,0,2500,2500
WBGene00007356.,0,3,3
WBGene00007357.,157,825,982
WBGene00007358.,13,180,193
WBGene00007359.,4,7,11
WBGene00007360.,30,6,36
WBGene00007361.,28,7,35
WBGene00007362.,46,133,179
WBGene00007363.,82,2687,2769
WBGene00007364.,14,46,60
WBGene00007365.,3742,76079,79821
WBGene00007366.,587,2259,2846
WBGene00007367.,10,60,70
WBGene00007368.,7,20,27
WBGene00007369.,0,11,11
WBGene00007370.,3,5,8
WBGene00007372.,22,177,199
WBGene00007373.,0,0,0
WBGene00007374.,5,14,19
WBGene00007375.,23,73,96
WBGene00007376.,0,5,5
WBGene00007377.,1,6,7
WBGene00007378.,24,8,32
WBGene00007379.,1,1,2
WBGene00007380.,1,8,9
WBGene00007381.,0,1,1
WBGene00007382.,3,47,50
WBGene00007383.,2,9,11
WBGene00007384.,4,141,145
WBGene00007385.,2651,30164,32815
WBGene00007386.,102,1125,1227
WBGene00007387.,96,316,412
WBGene00007388.,46,331,377
WBGene00007389.,39,313,352
WBGene00007390.,23,3357,3380
WBGene00007391.,5,53,58
WBGene00007392.,9,192,201
WBGene00007393.,14,146,160
WBGene00007394.,23,51,74
WBGene00007395.,352,1838,2190
WBGene00007396.,41,227,268
WBGene00007397.,11,114,125
WBGene00007398.,3,69,72
WBGene00007399.,13,20,33
WBGene00007400.,36,1121,1157
WBGene00007401.,0,4,4
WBGene00007402.,27,234,261
WBGene00007403.,45,505,550
WBGene00007404.,41,169,210
WBGene00007405.,121,1094,1215
WBGene00007406.,13,9,22
WBGene00007407.,2,30,32
WBGene00007408.,38,936,974
WBGene00007409.,132,584,716
WBGene00007410.,41,51,92
WBGene00007411.,14,231,245
WBGene00007412.,93,1176,1269
WBGene00007413.,262,1930,2192
WBGene00007414.,107,1006,1113
WBGene00007415.,8,47,55
WBGene00007416.,82,223,305
WBGene00007417.,42,355,397
WBGene00007418.,18,59,77
WBGene00007419.,284,1847,2131
WBGene00007420.,1,48,49
WBGene00007421.,70,724,794
WBGene00007422.,9,81,90
WBGene00007423.,1,4,5
WBGene00007424.,10,72,82
WBGene00007425.,7,52,59
WBGene00007426.,2,12,14
WBGene00007427.,8,1,9
WBGene00007428.,174,1456,1630
WBGene00007429.,169,1471,1640
WBGene00007430.,10,411,421
WBGene00007431.,9,70,79
WBGene00007432.,3,2,5
WBGene00007433.,184,3538,3722
WBGene00007434.,5,459,464
WBGene00007435.,3,100,103
WBGene00007436.,5,578,583
WBGene00007437.,5,16,21
WBGene00007438.,1,1,2
WBGene00007439.,8,25,33
WBGene00007440.,91,719,810
WBGene00007441.,0,1,1
WBGene00007442.,0,2,2
WBGene00007443.,416,4702,5118
WBGene00007444.,42,524,566
WBGene00007445.,50,614,664
WBGene00007446.,2,7,9
WBGene00007447.,0,0,0
WBGene00007448.,1,7,8
WBGene00007449.,154,2432,2586
WBGene00007450.,94,584,678
WBGene00007451.,3,6,9
WBGene00007452.,7,110,117
WBGene00007453.,12,72,84
WBGene00007454.,1,12,13
WBGene00007455.,2,23,25
WBGene00007456.,6,14,20
WBGene00007457.,0,1,1
WBGene00007458.,1,1,2
WBGene00007459.,0,0,0
WBGene00007460.,21,1915,1936
WBGene00007461.,3,0,3
WBGene00007462.,8,38,46
WBGene00007463.,32,2667,2699
WBGene00007464.,8,164,172
WBGene00007465.,5,19,24
WBGene00007466.,1,15,16
WBGene00007467.,1,25,26
WBGene00007468.,3,5,8
WBGene00007469.,7,12,19
WBGene00007470.,0,9,9
WBGene00007471.,3,11,14
WBGene00007472.,4,12,16
WBGene00007473.,3,10,13
WBGene00007474.,30,564,594
WBGene00007475.,0,0,0
WBGene00007476.,15,2658,2673
WBGene00007478.,8,4,12
WBGene00007479.,9,12,21
WBGene00007480.,199,285,484
WBGene00007481.,0,0,0
WBGene00007482.,8,30,38
WBGene00007483.,13,51,64
WBGene00007484.,3,87,90
WBGene00007485.,13,13,26
WBGene00007486.,250,258,508
WBGene00007487.,31,236,267
WBGene00007488.,450,951,1401
WBGene00007489.,3,14,17
WBGene00007490.,66,424,490
WBGene00007492.,421,3570,3991
WBGene00007493.,23,671,694
WBGene00007494.,2,10,12
WBGene00007495.,72,313,385
WBGene00007496.,4,2,6
WBGene00007497.,0,1,1
WBGene00007499.,349,530,879
WBGene00007500.,139,1744,1883
WBGene00007502.,45,155,200
WBGene00007503.,1,11,12
WBGene00007504.,8,239,247
WBGene00007505.,545,2023,2568
WBGene00007506.,28,50,78
WBGene00007507.,4,18,22
WBGene00007508.,4,5,9
WBGene00007509.,1,2,3
WBGene00007511.,78,956,1034
WBGene00007512.,4,4,8
WBGene00007513.,87,563,650
WBGene00007514.,84,1731,1815
WBGene00007515.,3,154,157
WBGene00007516.,50,1044,1094
WBGene00007517.,49,1563,1612
WBGene00007518.,19,74,93
WBGene00007520.,71,613,684
WBGene00007521.,4,9,13
WBGene00007522.,104,463,567
WBGene00007523.,0,4,4
WBGene00007525.,62,925,987
WBGene00007528.,26,178,204
WBGene00007529.,51,356,407
WBGene00007530.,7,15,22
WBGene00007531.,40,461,501
WBGene00007533.,18,109,127
WBGene00007534.,103,8164,8267
WBGene00007535.,0,17,17
WBGene00007536.,12,96,108
WBGene00007537.,18,1054,1072
WBGene00007538.,2,13,15
WBGene00007539.,0,0,0
WBGene00007540.,1,3,4
WBGene00007541.,6,639,645
WBGene00007542.,2,30,32
WBGene00007543.,0,19,19
WBGene00007544.,10,162,172
WBGene00007545.,139,326,465
WBGene00007546.,63,413,476
WBGene00007547.,141,980,1121
WBGene00007548.,60,358,418
WBGene00007549.,20,187,207
WBGene00007550.,10,94,104
WBGene00007551.,79,1708,1787
WBGene00007552.,3,22,25
WBGene00007553.,4,767,771
WBGene00007554.,283,2968,3251
WBGene00007555.,28,20076,20104
WBGene00007556.,42,292,334
WBGene00007557.,23,235,258
WBGene00007558.,35,201,236
WBGene00007559.,1,2,3
WBGene00007560.,3,10,13
WBGene00007561.,24,803,827
WBGene00007562.,178,682,860
WBGene00007563.,2,90,92
WBGene00007564.,2,608,610
WBGene00007565.,2,56,58
WBGene00007567.,0,0,0
WBGene00007569.,2,2,4
WBGene00007570.,2,0,2
WBGene00007571.,1,0,1
WBGene00007572.,0,3,3
WBGene00007573.,16,869,885
WBGene00007574.,133,3469,3602
WBGene00007576.,155,2117,2272
WBGene00007577.,139,897,1036
WBGene00007578.,0,314,314
WBGene00007579.,65,788,853
WBGene00007580.,19,197,216
WBGene00007581.,39,685,724
WBGene00007583.,154,336,490
WBGene00007584.,4,27,31
WBGene00007585.,55,273,328
WBGene00007586.,88,10179,10267
WBGene00007587.,35,1242,1277
WBGene00007588.,52,2492,2544
WBGene00007589.,4,250,254
WBGene00007590.,159,2018,2177
WBGene00007591.,93,795,888
WBGene00007592.,673,5879,6552
WBGene00007593.,202,693,895
WBGene00007594.,33,868,901
WBGene00007595.,22,108,130
WBGene00007597.,118,199,317
WBGene00007598.,4,28,32
WBGene00007599.,602,2147,2749
WBGene00007600.,0,28,28
WBGene00007601.,1,10,11
WBGene00007602.,528,1440,1968
WBGene00007603.,39,245,284
WBGene00007604.,7,643,650
WBGene00007605.,4,33,37
WBGene00007606.,57,751,808
WBGene00007607.,9,130,139
WBGene00007608.,26,209,235
WBGene00007609.,20,1127,1147
WBGene00007610.,1,2,3
WBGene00007611.,4,14,18
WBGene00007613.,0,2,2
WBGene00007614.,244,473,717
WBGene00007615.,17,241,258
WBGene00007616.,134,1393,1527
WBGene00007617.,555,13898,14453
WBGene00007618.,1,6,7
WBGene00007619.,141,515,656
WBGene00007620.,1520,1581,3101
WBGene00007621.,298,2697,2995
WBGene00007622.,50,98,148
WBGene00007623.,126,1333,1459
WBGene00007624.,11,380,391
WBGene00007625.,77,1257,1334
WBGene00007626.,52,1036,1088
WBGene00007627.,62,1336,1398
WBGene00007628.,333,4986,5319
WBGene00007629.,51,262,313
WBGene00007630.,6,4583,4589
WBGene00007631.,23,11,34
WBGene00007632.,0,16,16
WBGene00007633.,28,19,47
WBGene00007635.,131,240,371
WBGene00007637.,185,404,589
WBGene00007638.,0,0,0
WBGene00007639.,9,15,24
WBGene00007640.,200,687,887
WBGene00007641.,4,3,7
WBGene00007642.,7,79,86
WBGene00007643.,16,139,155
WBGene00007644.,9,94,103
WBGene00007645.,592,2301,2893
WBGene00007646.,188,3088,3276
WBGene00007647.,1126,6547,7673
WBGene00007648.,1,26,27
WBGene00007649.,0,12,12
WBGene00007650.,69,413,482
WBGene00007651.,128,1179,1307
WBGene00007652.,62,473,535
WBGene00007653.,109,2001,2110
WBGene00007654.,3,13,16
WBGene00007655.,102,3,105
WBGene00007656.,1,9,10
WBGene00007657.,8,5,13
WBGene00007658.,8,5,13
WBGene00007659.,1,6,7
WBGene00007660.,2,6,8
WBGene00007661.,3,3,6
WBGene00007662.,0,6,6
WBGene00007664.,138,1254,1392
WBGene00007666.,322,3234,3556
WBGene00007667.,61,474,535
WBGene00007668.,50,677,727
WBGene00007669.,9,11,20
WBGene00007670.,30,86,116
WBGene00007672.,6,48,54
WBGene00007673.,0,1,1
WBGene00007674.,6,2,8
WBGene00007675.,69,246,315
WBGene00007676.,2,1,3
WBGene00007677.,4,58,62
WBGene00007678.,0,0,0
WBGene00007679.,55,1308,1363
WBGene00007680.,322,2100,2422
WBGene00007681.,89,570,659
WBGene00007682.,8,97,105
WBGene00007683.,638,7629,8267
WBGene00007684.,731,7439,8170
WBGene00007685.,44,599,643
WBGene00007686.,11,668,679
WBGene00007687.,11,28,39
WBGene00007688.,0,2,2
WBGene00007689.,50,1136,1186
WBGene00007690.,504,472,976
WBGene00007691.,3,8,11
WBGene00007692.,9,38,47
WBGene00007693.,11,4,15
WBGene00007694.,11,86,97
WBGene00007695.,10,43,53
WBGene00007696.,21,1105,1126
WBGene00007697.,47,312,359
WBGene00007698.,31,467,498
WBGene00007699.,0,1,1
WBGene00007700.,0,0,0
WBGene00007701.,4,4,8
WBGene00007702.,196,610,806
WBGene00007703.,814,1969,2783
WBGene00007704.,10,127,137
WBGene00007705.,14,942,956
WBGene00007707.,21,1250,1271
WBGene00007708.,0,0,0
WBGene00007709.,13,1229,1242
WBGene00007710.,28,699,727
WBGene00007711.,38,2156,2194
WBGene00007712.,7,1262,1269
WBGene00007713.,0,26,26
WBGene00007714.,0,1,1
WBGene00007715.,0,0,0
WBGene00007716.,1,9,10
WBGene00007717.,8,34,42
WBGene00007718.,6,1739,1745
WBGene00007719.,0,8,8
WBGene00007720.,2,637,639
WBGene00007721.,0,0,0
WBGene00007722.,36,364,400
WBGene00007723.,22,46,68
WBGene00007724.,60,26,86
WBGene00007725.,40,198,238
WBGene00007726.,8,48,56
WBGene00007727.,0,2,2
WBGene00007728.,4,27,31
WBGene00007729.,20,45,65
WBGene00007730.,129,5388,5517
WBGene00007731.,5,586,591
WBGene00007732.,6,137,143
WBGene00007733.,0,9,9
WBGene00007734.,3,75,78
WBGene00007735.,1,4,5
WBGene00007736.,49,996,1045
WBGene00007739.,36,38,74
WBGene00007740.,2,0,2
WBGene00007741.,96,338,434
WBGene00007742.,20,26,46
WBGene00007743.,35,199,234
WBGene00007744.,278,600,878
WBGene00007745.,157,841,998
WBGene00007746.,28,322,350
WBGene00007747.,2,8,10
WBGene00007748.,23,99,122
WBGene00007749.,92,2195,2287
WBGene00007750.,44,399,443
WBGene00007751.,29,47,76
WBGene00007752.,379,1867,2246
WBGene00007753.,49,99,148
WBGene00007754.,6,18,24
WBGene00007755.,28,107,135
WBGene00007756.,286,674,960
WBGene00007757.,62,187,249
WBGene00007758.,117,987,1104
WBGene00007759.,2,2,4
WBGene00007760.,37,612,649
WBGene00007761.,339,2436,2775
WBGene00007762.,10,608,618
WBGene00007763.,44,223,267
WBGene00007764.,487,2565,3052
WBGene00007765.,164,764,928
WBGene00007766.,5,203,208
WBGene00007767.,0,0,0
WBGene00007768.,4,1,5
WBGene00007769.,1,0,1
WBGene00007770.,0,2,2
WBGene00007771.,5,196,201
WBGene00007772.,69,949,1018
WBGene00007773.,0,2,2
WBGene00007774.,65,679,744
WBGene00007775.,103,161,264
WBGene00007776.,24,160,184
WBGene00007777.,7,14,21
WBGene00007778.,18,57,75
WBGene00007779.,65,707,772
WBGene00007780.,15,187,202
WBGene00007784.,39,1727,1766
WBGene00007785.,22,1210,1232
WBGene00007786.,283,9179,9462
WBGene00007787.,19,1663,1682
WBGene00007788.,24,191,215
WBGene00007789.,19,161,180
WBGene00007791.,11,40,51
WBGene00007792.,0,4,4
WBGene00007793.,0,4,4
WBGene00007794.,0,1,1
WBGene00007795.,0,1,1
WBGene00007796.,52,359,411
WBGene00007797.,19,168,187
WBGene00007798.,4,2,6
WBGene00007799.,283,570,853
WBGene00007800.,20,43,63
WBGene00007801.,146,393,539
WBGene00007802.,1,1,2
WBGene00007804.,1,38,39
WBGene00007805.,3,1,4
WBGene00007806.,0,2,2
WBGene00007807.,13,85,98
WBGene00007808.,6,16,22
WBGene00007809.,10,91,101
WBGene00007810.,33,102,135
WBGene00007811.,85,976,1061
WBGene00007812.,251,2473,2724
WBGene00007813.,17,32,49
WBGene00007816.,163,215,378
WBGene00007817.,216,427,643
WBGene00007818.,101,172,273
WBGene00007819.,9,114,123
WBGene00007820.,62,252,314
WBGene00007821.,18,56,74
WBGene00007822.,5,5,10
WBGene00007823.,8,13,21
WBGene00007824.,2218,7252,9470
WBGene00007825.,26,414,440
WBGene00007826.,27,1050,1077
WBGene00007827.,138,1753,1891
WBGene00007829.,3,3,6
WBGene00007831.,0,8,8
WBGene00007832.,3,11,14
WBGene00007833.,4,4,8
WBGene00007834.,4,19,23
WBGene00007835.,8,53,61
WBGene00007836.,11,911,922
WBGene00007837.,61,513,574
WBGene00007838.,1,28,29
WBGene00007840.,135,67,202
WBGene00007841.,184,3272,3456
WBGene00007842.,0,48,48
WBGene00007844.,20,62,82
WBGene00007846.,42,496,538
WBGene00007847.,41,494,535
WBGene00007848.,503,7819,8322
WBGene00007849.,102,348,450
WBGene00007850.,4,0,4
WBGene00007851.,3,2,5
WBGene00007852.,1,2,3
WBGene00007853.,0,5,5
WBGene00007854.,26,178,204
WBGene00007855.,0,5374,5374
WBGene00007856.,16,333,349
WBGene00007857.,4,95,99
WBGene00007858.,22,142,164
WBGene00007859.,40,488,528
WBGene00007860.,608,2038,2646
WBGene00007861.,6,27,33
WBGene00007862.,114,399,513
WBGene00007863.,6,10,16
WBGene00007864.,5,10,15
WBGene00007865.,2,1,3
WBGene00007866.,6,28,34
WBGene00007867.,10,148,158
WBGene00007868.,7,144,151
WBGene00007869.,1,6,7
WBGene00007870.,11,132,143
WBGene00007871.,0,0,0
WBGene00007872.,0,0,0
WBGene00007873.,0,0,0
WBGene00007874.,0,0,0
WBGene00007875.,9,217,226
WBGene00007876.,1,0,1
WBGene00007877.,514,4626,5140
WBGene00007878.,350,1397,1747
WBGene00007880.,2074,12774,14848
WBGene00007881.,145,3319,3464
WBGene00007882.,101,2735,2836
WBGene00007883.,256,6733,6989
WBGene00007885.,7,17,24
WBGene00007886.,152,1006,1158
WBGene00007887.,0,3,3
WBGene00007888.,6,12,18
WBGene00007889.,0,0,0
WBGene00007890.,95,917,1012
WBGene00007891.,1,24,25
WBGene00007892.,148,600,748
WBGene00007893.,8,3,11
WBGene00007894.,3,11,14
WBGene00007895.,1,8,9
WBGene00007896.,15,33,48
WBGene00007897.,2,7,9
WBGene00007898.,11,205,216
WBGene00007899.,144,1144,1288
WBGene00007900.,283,1832,2115
WBGene00007901.,23,547,570
WBGene00007902.,0,339,339
WBGene00007903.,9,18,27
WBGene00007904.,12,42,54
WBGene00007905.,5,8,13
WBGene00007906.,53,508,561
WBGene00007907.,1211,2807,4018
WBGene00007908.,216,654,870
WBGene00007909.,86,86,172
WBGene00007910.,4,22,26
WBGene00007911.,15,280,295
WBGene00007912.,72,852,924
WBGene00007913.,23,61,84
WBGene00007914.,101,1202,1303
WBGene00007916.,10,215,225
WBGene00007917.,71,578,649
WBGene00007918.,56,778,834
WBGene00007919.,2547,22252,24799
WBGene00007920.,0,0,0
WBGene00007921.,187,1720,1907
WBGene00007922.,211,578,789
WBGene00007923.,220,2002,2222
WBGene00007924.,269,5826,6095
WBGene00007925.,13,129,142
WBGene00007926.,44,96,140
WBGene00007927.,65,712,777
WBGene00007928.,5,36,41
WBGene00007929.,83,162,245
WBGene00007931.,301,2686,2987
WBGene00007932.,156,467,623
WBGene00007933.,37,329,366
WBGene00007934.,104,881,985
WBGene00007935.,51,76,127
WBGene00007937.,26,103,129
WBGene00007938.,7,34,41
WBGene00007939.,20,177,197
WBGene00007941.,33,172,205
WBGene00007942.,34,1042,1076
WBGene00007943.,34,349,383
WBGene00007944.,119,654,773
WBGene00007945.,20,140,160
WBGene00007946.,19,71,90
WBGene00007947.,10,42,52
WBGene00007948.,15,14,29
WBGene00007949.,10,83,93
WBGene00007950.,570,2310,2880
WBGene00007951.,151,346,497
WBGene00007952.,61,1177,1238
WBGene00007953.,120,410,530
WBGene00007954.,6,10,16
WBGene00007955.,88,3297,3385
WBGene00007956.,52,558,610
WBGene00007957.,11,141,152
WBGene00007958.,2340,8695,11035
WBGene00007959.,160,1646,1806
WBGene00007960.,0,1,1
WBGene00007961.,0,13,13
WBGene00007962.,4,0,4
WBGene00007963.,3,35,38
WBGene00007964.,51,569,620
WBGene00007965.,21,204,225
WBGene00007966.,5,97,102
WBGene00007967.,19,339,358
WBGene00007969.,25,1845,1870
WBGene00007970.,40,374,414
WBGene00007971.,114,1809,1923
WBGene00007972.,75,533,608
WBGene00007973.,39,409,448
WBGene00007974.,55,844,899
WBGene00007975.,82,852,934
WBGene00007976.,55,578,633
WBGene00007977.,4,6,10
WBGene00007978.,41,363,404
WBGene00007979.,39,705,744
WBGene00007980.,243,7814,8057
WBGene00007981.,140,2811,2951
WBGene00007982.,163,715,878
WBGene00007983.,71,268,339
WBGene00007984.,60,486,546
WBGene00007985.,108,318,426
WBGene00007986.,1,5,6
WBGene00007987.,0,2,2
WBGene00007988.,12,32,44
WBGene00007989.,2,126,128
WBGene00007990.,2,151,153
WBGene00007991.,51,316,367
WBGene00007992.,1,39,40
WBGene00007993.,82,3169,3251
WBGene00007994.,46,154,200
WBGene00007995.,2,1,3
WBGene00007996.,5,3,8
WBGene00007997.,45,50,95
WBGene00007998.,3,8,11
WBGene00007999.,2,5,7
WBGene00008000.,85,1720,1805
WBGene00008001.,2,1,3
WBGene00008002.,76,357,433
WBGene00008003.,18,182,200
WBGene00008005.,24,420,444
WBGene00008006.,216,1144,1360
WBGene00008007.,11,69,80
WBGene00008008.,128,476,604
WBGene00008009.,10,7,17
WBGene00008010.,10,62,72
WBGene00008012.,0,2,2
WBGene00008013.,2,8,10
WBGene00008014.,6,41,47
WBGene00008015.,1,1,2
WBGene00008016.,0,1,1
WBGene00008017.,2,27,29
WBGene00008018.,139,455,594
WBGene00008019.,27,579,606
WBGene00008020.,11,130,141
WBGene00008021.,7,137,144
WBGene00008022.,55,256,311
WBGene00008023.,7,128,135
WBGene00008024.,3,15,18
WBGene00008025.,13,133,146
WBGene00008026.,3,5,8
WBGene00008027.,206,2533,2739
WBGene00008028.,62,806,868
WBGene00008029.,0,4,4
WBGene00008030.,0,0,0
WBGene00008031.,20,50,70
WBGene00008032.,921,7626,8547
WBGene00008033.,166,299,465
WBGene00008034.,319,4724,5043
WBGene00008035.,32,1002,1034
WBGene00008036.,1,2,3
WBGene00008037.,41,233,274
WBGene00008038.,5,20,25
WBGene00008039.,22,317,339
WBGene00008040.,1555,20333,21888
WBGene00008041.,175,3221,3396
WBGene00008042.,4,32,36
WBGene00008043.,6,41,47
WBGene00008044.,28,144,172
WBGene00008045.,157,224,381
WBGene00008047.,19,124,143
WBGene00008048.,0,0,0
WBGene00008050.,20,412,432
WBGene00008051.,72,416,488
WBGene00008052.,119,1832,1951
WBGene00008053.,39,1094,1133
WBGene00008054.,16,14,30
WBGene00008055.,5,13,18
WBGene00008056.,0,3,3
WBGene00008057.,2,3,5
WBGene00008058.,0,0,0
WBGene00008059.,0,0,0
WBGene00008060.,0,0,0
WBGene00008061.,5,211,216
WBGene00008062.,40,355,395
WBGene00008063.,3,24,27
WBGene00008064.,1036,85,1121
WBGene00008065.,30,148,178
WBGene00008066.,3,63,66
WBGene00008067.,2,1,3
WBGene00008068.,1,6,7
WBGene00008069.,0,1,1
WBGene00008070.,2,402,404
WBGene00008071.,8,2,10
WBGene00008072.,4,11,15
WBGene00008073.,2,157,159
WBGene00008074.,1,9,10
WBGene00008075.,23,154,177
WBGene00008076.,40,313,353
WBGene00008077.,1,28,29
WBGene00008078.,45,348,393
WBGene00008079.,5,37,42
WBGene00008080.,3,101,104
WBGene00008081.,274,738,1012
WBGene00008082.,69,379,448
WBGene00008083.,5,16,21
WBGene00008084.,4,39,43
WBGene00008085.,35,595,630
WBGene00008086.,2,20,22
WBGene00008087.,2,1,3
WBGene00008088.,0,1,1
WBGene00008089.,181,1790,1971
WBGene00008090.,0,0,0
WBGene00008091.,7,16,23
WBGene00008092.,1,27,28
WBGene00008093.,58,99,157
WBGene00008094.,306,431,737
WBGene00008095.,6,66,72
WBGene00008096.,2,210,212
WBGene00008097.,10,111,121
WBGene00008098.,13,49,62
WBGene00008099.,6,33,39
WBGene00008100.,164,978,1142
WBGene00008101.,9,125,134
WBGene00008102.,2,32,34
WBGene00008104.,0,0,0
WBGene00008105.,0,8,8
WBGene00008106.,2,3,5
WBGene00008107.,24,627,651
WBGene00008110.,124,1989,2113
WBGene00008111.,9,31,40
WBGene00008112.,2,3,5
WBGene00008113.,0,23,23
WBGene00008114.,10,87,97
WBGene00008117.,22,1985,2007
WBGene00008118.,134,595,729
WBGene00008119.,495,1984,2479
WBGene00008120.,399,1070,1469
WBGene00008121.,117,1770,1887
WBGene00008122.,0,4,4
WBGene00008123.,14,74,88
WBGene00008124.,3,5,8
WBGene00008125.,0,0,0
WBGene00008126.,6,1,7
WBGene00008127.,126,403,529
WBGene00008128.,12,136,148
WBGene00008129.,6,20,26
WBGene00008130.,24,531,555
WBGene00008131.,54,1002,1056
WBGene00008132.,2724,379,3103
WBGene00008133.,84,180,264
WBGene00008134.,86,586,672
WBGene00008135.,0,0,0
WBGene00008136.,77,990,1067
WBGene00008137.,4,47,51
WBGene00008138.,1,32,33
WBGene00008139.,42,1834,1876
WBGene00008140.,876,478,1354
WBGene00008141.,2,7,9
WBGene00008142.,74,1612,1686
WBGene00008143.,107,1129,1236
WBGene00008144.,45,450,495
WBGene00008145.,113,588,701
WBGene00008146.,16,26,42
WBGene00008147.,114,1273,1387
WBGene00008148.,29,307,336
WBGene00008149.,215,4848,5063
WBGene00008150.,9,14,23
WBGene00008151.,173,3947,4120
WBGene00008152.,73,1005,1078
WBGene00008153.,9,15,24
WBGene00008154.,0,4,4
WBGene00008155.,397,1359,1756
WBGene00008156.,5,11,16
WBGene00008157.,5,12,17
WBGene00008158.,4,2,6
WBGene00008159.,4,0,4
WBGene00008160.,0,0,0
WBGene00008161.,2,3,5
WBGene00008162.,6,2,8
WBGene00008163.,0,1,1
WBGene00008164.,42,2285,2327
WBGene00008165.,33,918,951
WBGene00008166.,44,834,878
WBGene00008167.,20,87,107
WBGene00008168.,29,413,442
WBGene00008169.,16,217,233
WBGene00008170.,48,680,728
WBGene00008171.,11,221,232
WBGene00008172.,3,234,237
WBGene00008173.,18,508,526
WBGene00008174.,37,301,338
WBGene00008175.,0,11,11
WBGene00008176.,10,103,113
WBGene00008177.,171,1235,1406
WBGene00008178.,116,47,163
WBGene00008179.,0,1,1
WBGene00008180.,10,8,18
WBGene00008183.,1361,1795,3156
WBGene00008184.,2,13,15
WBGene00008185.,17,6,23
WBGene00008186.,5,4,9
WBGene00008187.,24,14,38
WBGene00008188.,1,16,17
WBGene00008190.,5,18,23
WBGene00008191.,486,16776,17262
WBGene00008192.,1,5,6
WBGene00008193.,3,103,106
WBGene00008194.,60,398,458
WBGene00008195.,154,899,1053
WBGene00008196.,0,106,106
WBGene00008197.,77,711,788
WBGene00008198.,59,1856,1915
WBGene00008199.,8,49,57
WBGene00008200.,8,71,79
WBGene00008201.,2,2,4
WBGene00008202.,3,128,131
WBGene00008203.,40,165,205
WBGene00008204.,45,758,803
WBGene00008205.,444,4881,5325
WBGene00008206.,156,951,1107
WBGene00008207.,2,26,28
WBGene00008208.,17,177,194
WBGene00008209.,1,7,8
WBGene00008210.,24,153,177
WBGene00008211.,761,20830,21591
WBGene00008212.,21,116,137
WBGene00008213.,59,681,740
WBGene00008214.,180,873,1053
WBGene00008215.,22,736,758
WBGene00008216.,9,27,36
WBGene00008217.,0,1,1
WBGene00008218.,9,1167,1176
WBGene00008219.,18,933,951
WBGene00008220.,4,121,125
WBGene00008221.,37,367,404
WBGene00008222.,18,173,191
WBGene00008223.,6,5,11
WBGene00008224.,497,5293,5790
WBGene00008225.,114,4521,4635
WBGene00008226.,145,1079,1224
WBGene00008227.,148,758,906
WBGene00008228.,14,397,411
WBGene00008229.,153,4270,4423
WBGene00008230.,163,636,799
WBGene00008231.,4,11,15
WBGene00008232.,17,439,456
WBGene00008233.,27,643,670
WBGene00008234.,8,111,119
WBGene00008235.,23,200,223
WBGene00008236.,24,208,232
WBGene00008237.,109,789,898
WBGene00008238.,30,635,665
WBGene00008239.,20,279,299
WBGene00008240.,7,10,17
WBGene00008241.,2,1,3
WBGene00008242.,1,24,25
WBGene00008243.,5,2,7
WBGene00008244.,0,2,2
WBGene00008245.,4,116,120
WBGene00008246.,10,89,99
WBGene00008247.,127,49,176
WBGene00008248.,6,50,56
WBGene00008249.,16,31,47
WBGene00008250.,13,20,33
WBGene00008251.,23,65,88
WBGene00008252.,7,86,93
WBGene00008253.,0,27,27
WBGene00008254.,230,897,1127
WBGene00008255.,101,1168,1269
WBGene00008256.,32,175,207
WBGene00008257.,7,96,103
WBGene00008258.,15,594,609
WBGene00008259.,1,3,4
WBGene00008260.,9,95,104
WBGene00008261.,7,49,56
WBGene00008262.,979,47786,48765
WBGene00008263.,59,85,144
WBGene00008265.,183,237,420
WBGene00008266.,49,780,829
WBGene00008267.,8,112,120
WBGene00008268.,0,4,4
WBGene00008269.,2,89,91
WBGene00008270.,327,230,557
WBGene00008271.,16,12,28
WBGene00008272.,123,131,254
WBGene00008273.,96,309,405
WBGene00008274.,921,6425,7346
WBGene00008275.,91,772,863
WBGene00008277.,28,7,35
WBGene00008278.,178,159,337
WBGene00008279.,15,4,19
WBGene00008280.,13,41,54
WBGene00008281.,34,551,585
WBGene00008282.,6,0,6
WBGene00008283.,78,538,616
WBGene00008284.,57,296,353
WBGene00008285.,8,3,11
WBGene00008286.,6,7,13
WBGene00008287.,84,342,426
WBGene00008288.,58,720,778
WBGene00008289.,2,1,3
WBGene00008290.,3,2,5
WBGene00008291.,0,0,0
WBGene00008292.,1,8,9
WBGene00008293.,1,0,1
WBGene00008294.,1,13,14
WBGene00008295.,0,1,1
WBGene00008296.,92,682,774
WBGene00008297.,0,5,5
WBGene00008298.,1006,14660,15666
WBGene00008299.,3,2,5
WBGene00008300.,13,249,262
WBGene00008301.,11,48,59
WBGene00008302.,7,52,59
WBGene00008303.,28,106,134
WBGene00008304.,40,638,678
WBGene00008306.,0,7,7
WBGene00008307.,205,322,527
WBGene00008308.,1,2,3
WBGene00008309.,13,229,242
WBGene00008310.,191,1483,1674
WBGene00008311.,191,2802,2993
WBGene00008312.,6,1,7
WBGene00008313.,1,8,9
WBGene00008314.,46,82,128
WBGene00008315.,82,413,495
WBGene00008316.,37,143,180
WBGene00008317.,132,1222,1354
WBGene00008318.,5,352,357
WBGene00008319.,0,0,0
WBGene00008320.,69,227,296
WBGene00008321.,0,1,1
WBGene00008322.,0,9,9
WBGene00008323.,9,379,388
WBGene00008324.,0,51,51
WBGene00008325.,7,33,40
WBGene00008326.,0,2,2
WBGene00008327.,0,2,2
WBGene00008328.,8,2,10
WBGene00008330.,15,762,777
WBGene00008331.,253,2827,3080
WBGene00008332.,79,722,801
WBGene00008333.,25,458,483
WBGene00008334.,78,525,603
WBGene00008335.,49,565,614
WBGene00008336.,10,166,176
WBGene00008337.,1,2,3
WBGene00008338.,170,1890,2060
WBGene00008339.,80,1244,1324
WBGene00008340.,4,50,54
WBGene00008341.,18,1246,1264
WBGene00008342.,77,167,244
WBGene00008343.,27,1639,1666
WBGene00008344.,151,1341,1492
WBGene00008345.,110,2515,2625
WBGene00008346.,41,216,257
WBGene00008348.,201,559,760
WBGene00008349.,9,57,66
WBGene00008350.,3,10,13
WBGene00008351.,0,1,1
WBGene00008352.,16,259,275
WBGene00008353.,5,298,303
WBGene00008354.,8,59,67
WBGene00008355.,14,95,109
WBGene00008356.,11,20795,20806
WBGene00008357.,6,6766,6772
WBGene00008358.,85,15082,15167
WBGene00008359.,54,11077,11131
WBGene00008360.,6,8142,8148
WBGene00008361.,38,485,523
WBGene00008362.,96,1977,2073
WBGene00008363.,23,396,419
WBGene00008364.,17,563,580
WBGene00008365.,15,35,50
WBGene00008366.,1208,5164,6372
WBGene00008367.,0,1,1
WBGene00008368.,149,565,714
WBGene00008369.,70,153,223
WBGene00008370.,119,768,887
WBGene00008371.,194,2023,2217
WBGene00008372.,14,49,63
WBGene00008373.,1,0,1
WBGene00008374.,2,4,6
WBGene00008375.,14,1091,1105
WBGene00008376.,5,10,15
WBGene00008377.,0,4,4
WBGene00008378.,0,3,3
WBGene00008379.,14,251,265
WBGene00008380.,59,841,900
WBGene00008381.,5,2,7
WBGene00008382.,25,216,241
WBGene00008383.,3,10,13
WBGene00008384.,3,174,177
WBGene00008385.,25,616,641
WBGene00008386.,267,2681,2948
WBGene00008387.,40,287,327
WBGene00008388.,189,2517,2706
WBGene00008389.,1428,25450,26878
WBGene00008390.,32,165,197
WBGene00008392.,775,4670,5445
WBGene00008393.,0,3,3
WBGene00008394.,2,1,3
WBGene00008395.,406,4574,4980
WBGene00008396.,0,422,422
WBGene00008397.,0,2,2
WBGene00008398.,1841,19144,20985
WBGene00008399.,108,639,747
WBGene00008400.,138,925,1063
WBGene00008401.,33,36,69
WBGene00008402.,64,1246,1310
WBGene00008403.,76,532,608
WBGene00008404.,33,985,1018
WBGene00008405.,26,1044,1070
WBGene00008407.,284,739,1023
WBGene00008408.,32,754,786
WBGene00008409.,33,679,712
WBGene00008410.,43,702,745
WBGene00008411.,63,777,840
WBGene00008412.,279,1997,2276
WBGene00008413.,52,865,917
WBGene00008414.,395,10991,11386
WBGene00008415.,241,8456,8697
WBGene00008417.,15,410,425
WBGene00008418.,34,266,300
WBGene00008419.,995,5400,6395
WBGene00008420.,293,1846,2139
WBGene00008421.,276,1550,1826
WBGene00008422.,46,838,884
WBGene00008423.,3,44,47
WBGene00008424.,15,165,180
WBGene00008425.,11,116,127
WBGene00008426.,35,138,173
WBGene00008427.,11,75,86
WBGene00008428.,40,692,732
WBGene00008429.,89,855,944
WBGene00008430.,395,1618,2013
WBGene00008431.,145,486,631
WBGene00008432.,55,394,449
WBGene00008433.,4,54,58
WBGene00008434.,15,228,243
WBGene00008435.,249,1318,1567
WBGene00008436.,211,3848,4059
WBGene00008438.,634,1798,2432
WBGene00008439.,876,10466,11342
WBGene00008440.,5,140,145
WBGene00008441.,166,266,432
WBGene00008442.,211,631,842
WBGene00008443.,2749,1404,4153
WBGene00008444.,1158,2364,3522
WBGene00008446.,821,9996,10817
WBGene00008447.,38,697,735
WBGene00008448.,2,19,21
WBGene00008449.,5,42,47
WBGene00008450.,33,1075,1108
WBGene00008451.,7,29,36
WBGene00008452.,206,3551,3757
WBGene00008453.,438,2436,2874
WBGene00008454.,29,1142,1171
WBGene00008455.,372,4713,5085
WBGene00008456.,2,207,209
WBGene00008457.,39,211,250
WBGene00008458.,62,571,633
WBGene00008459.,58,521,579
WBGene00008460.,81,74,155
WBGene00008462.,13,131,144
WBGene00008463.,0,45,45
WBGene00008464.,2,2,4
WBGene00008465.,195,3,198
WBGene00008468.,7,75,82
WBGene00008470.,0,2,2
WBGene00008471.,1,0,1
WBGene00008472.,10,4,14
WBGene00008473.,2,0,2
WBGene00008474.,0,6,6
WBGene00008475.,6,10,16
WBGene00008476.,63,219,282
WBGene00008477.,0,888,888
WBGene00008478.,2,2,4
WBGene00008479.,0,0,0
WBGene00008480.,99,3016,3115
WBGene00008481.,37,135,172
WBGene00008482.,3,6,9
WBGene00008483.,2,4,6
WBGene00008484.,14,1530,1544
WBGene00008485.,2,17,19
WBGene00008486.,17,568,585
WBGene00008487.,19,42,61
WBGene00008488.,19,149,168
WBGene00008489.,21,33,54
WBGene00008490.,46,456,502
WBGene00008491.,102,104,206
WBGene00008492.,17,320,337
WBGene00008493.,0,4,4
WBGene00008494.,2,5,7
WBGene00008495.,41,825,866
WBGene00008496.,6,8,14
WBGene00008497.,2,0,2
WBGene00008498.,14,63,77
WBGene00008499.,54,500,554
WBGene00008500.,37,46,83
WBGene00008501.,1,1,2
WBGene00008502.,113,919,1032
WBGene00008503.,23,762,785
WBGene00008504.,15,577,592
WBGene00008505.,671,81855,82526
WBGene00008506.,27,3107,3134
WBGene00008507.,1,4,5
WBGene00008508.,2,16,18
WBGene00008509.,1,139,140
WBGene00008510.,366,3285,3651
WBGene00008511.,15,35,50
WBGene00008512.,8,6,14
WBGene00008513.,103,890,993
WBGene00008514.,40,2192,2232
WBGene00008515.,69,309,378
WBGene00008516.,11,125,136
WBGene00008517.,22,146,168
WBGene00008518.,41,43,84
WBGene00008519.,159,785,944
WBGene00008520.,51,16,67
WBGene00008521.,272,3109,3381
WBGene00008522.,5,1164,1169
WBGene00008523.,1,0,1
WBGene00008524.,13,6,19
WBGene00008526.,2,6,8
WBGene00008527.,1,3,4
WBGene00008528.,114,931,1045
WBGene00008529.,9,31,40
WBGene00008530.,357,6102,6459
WBGene00008531.,148,693,841
WBGene00008532.,82,1394,1476
WBGene00008533.,165,653,818
WBGene00008534.,2,0,2
WBGene00008535.,9,19,28
WBGene00008536.,3,5,8
WBGene00008537.,26,17,43
WBGene00008538.,1088,10451,11539
WBGene00008539.,2,3,5
WBGene00008540.,6,4,10
WBGene00008541.,0,9,9
WBGene00008542.,13,110,123
WBGene00008543.,21,168,189
WBGene00008545.,14,25,39
WBGene00008546.,55,356,411
WBGene00008547.,155,393,548
WBGene00008548.,70,529,599
WBGene00008549.,644,5883,6527
WBGene00008550.,4,11,15
WBGene00008551.,4,22,26
WBGene00008552.,0,0,0
WBGene00008553.,1,62,63
WBGene00008554.,66,1098,1164
WBGene00008555.,1279,2051,3330
WBGene00008556.,9,8,17
WBGene00008557.,35,194,229
WBGene00008558.,8,70,78
WBGene00008559.,3,16,19
WBGene00008560.,2,2,4
WBGene00008561.,10,81,91
WBGene00008563.,1,645,646
WBGene00008564.,32,344,376
WBGene00008565.,34,30,64
WBGene00008566.,4,5,9
WBGene00008567.,1,19,20
WBGene00008568.,17,51,68
WBGene00008569.,19,472,491
WBGene00008570.,626,939,1565
WBGene00008571.,114,269,383
WBGene00008572.,2674,61451,64125
WBGene00008574.,7,9,16
WBGene00008575.,2,8,10
WBGene00008576.,0,2777,2777
WBGene00008577.,0,2554,2554
WBGene00008578.,51,225,276
WBGene00008579.,45,284,329
WBGene00008580.,17,134,151
WBGene00008581.,2,17,19
WBGene00008582.,126,2073,2199
WBGene00008583.,197,212,409
WBGene00008584.,2,17,19
WBGene00008585.,31,278,309
WBGene00008586.,115,1742,1857
WBGene00008587.,16,256,272
WBGene00008588.,21,146,167
WBGene00008589.,140,571,711
WBGene00008590.,0,21,21
WBGene00008591.,47,4931,4978
WBGene00008592.,0,393,393
WBGene00008593.,0,2,2
WBGene00008594.,4,33,37
WBGene00008595.,10,18,28
WBGene00008596.,8,46,54
WBGene00008597.,14,46,60
WBGene00008598.,5,8,13
WBGene00008599.,7,83,90
WBGene00008600.,311,105,416
WBGene00008601.,3116,4360,7476
WBGene00008602.,31,318,349
WBGene00008603.,293,2552,2845
WBGene00008604.,99,738,837
WBGene00008605.,22,14,36
WBGene00008606.,46,453,499
WBGene00008607.,128,1018,1146
WBGene00008609.,4,12,16
WBGene00008610.,62,1350,1412
WBGene00008611.,1,0,1
WBGene00008612.,17,2,19
WBGene00008613.,12,91,103
WBGene00008615.,8,42,50
WBGene00008616.,4,40,44
WBGene00008617.,6,19,25
WBGene00008618.,0,8,8
WBGene00008619.,2,11,13
WBGene00008620.,0,6,6
WBGene00008621.,20,50,70
WBGene00008622.,204,1859,2063
WBGene00008623.,183,46,229
WBGene00008624.,174,856,1030
WBGene00008625.,28,226,254
WBGene00008626.,44,656,700
WBGene00008627.,4,9,13
WBGene00008628.,149,11963,12112
WBGene00008629.,5,68,73
WBGene00008630.,1,24,25
WBGene00008631.,3,4,7
WBGene00008632.,0,11,11
WBGene00008633.,0,12,12
WBGene00008634.,0,28,28
WBGene00008635.,3,4,7
WBGene00008636.,1,6,7
WBGene00008637.,0,1,1
WBGene00008638.,0,2,2
WBGene00008639.,20,150,170
WBGene00008640.,1,10,11
WBGene00008641.,14,214,228
WBGene00008642.,7,769,776
WBGene00008643.,5,96,101
WBGene00008644.,33,57,90
WBGene00008645.,15,686,701
WBGene00008646.,30,332,362
WBGene00008647.,5,14,19
WBGene00008648.,175,1029,1204
WBGene00008649.,2,9,11
WBGene00008650.,3,8,11
WBGene00008651.,4,6,10
WBGene00008652.,24,74,98
WBGene00008654.,54,68,122
WBGene00008655.,9,28,37
WBGene00008656.,12,167,179
WBGene00008657.,2,5,7
WBGene00008658.,0,3,3
WBGene00008659.,4,4,8
WBGene00008660.,0,11,11
WBGene00008661.,7,5,12
WBGene00008662.,42,229,271
WBGene00008663.,16,461,477
WBGene00008664.,21,2022,2043
WBGene00008665.,4804,1360,6164
WBGene00008666.,263,1365,1628
WBGene00008667.,102,658,760
WBGene00008669.,42,220,262
WBGene00008670.,257,656,913
WBGene00008671.,0,21,21
WBGene00008672.,0,11,11
WBGene00008673.,2,5,7
WBGene00008675.,0,0,0
WBGene00008676.,2,3,5
WBGene00008677.,37,299,336
WBGene00008678.,0,16,16
WBGene00008679.,4,64,68
WBGene00008680.,10,66,76
WBGene00008681.,86,651,737
WBGene00008682.,94,2790,2884
WBGene00008683.,149,1275,1424
WBGene00008684.,41,352,393
WBGene00008685.,93,618,711
WBGene00008686.,90,546,636
WBGene00008687.,39,501,540
WBGene00008688.,214,2708,2922
WBGene00008690.,198,1148,1346
WBGene00008691.,20,605,625
WBGene00008692.,24,53,77
WBGene00008693.,7,154,161
WBGene00008694.,292,1666,1958
WBGene00008695.,25,56,81
WBGene00008696.,0,3,3
WBGene00008698.,1,2,3
WBGene00008699.,0,0,0
WBGene00008700.,1,0,1
WBGene00008701.,1,2,3
WBGene00008702.,0,0,0
WBGene00008703.,1,1,2
WBGene00008706.,1557,5014,6571
WBGene00008707.,45,3409,3454
WBGene00008708.,3,20,23
WBGene00008709.,16,78,94
WBGene00008710.,13,562,575
WBGene00008711.,122,239,361
WBGene00008712.,18,233,251
WBGene00008713.,26,104,130
WBGene00008714.,35,115,150
WBGene00008716.,2,3,5
WBGene00008717.,2,0,2
WBGene00008719.,6,16,22
WBGene00008720.,206,1475,1681
WBGene00008722.,31,566,597
WBGene00008723.,0,6,6
WBGene00008724.,2,6,8
WBGene00008725.,0,1,1
WBGene00008726.,138,736,874
WBGene00008727.,7,24,31
WBGene00008728.,5,27,32
WBGene00008729.,214,4449,4663
WBGene00008730.,14,46,60
WBGene00008731.,39,59,98
WBGene00008732.,8,7,15
WBGene00008733.,82,834,916
WBGene00008734.,1,6,7
WBGene00008735.,347,856,1203
WBGene00008736.,28,99,127
WBGene00008737.,9,22,31
WBGene00008739.,45,253,298
WBGene00008740.,6,394,400
WBGene00008741.,119,1150,1269
WBGene00008742.,43,593,636
WBGene00008743.,4,94,98
WBGene00008744.,323,2710,3033
WBGene00008745.,116,4367,4483
WBGene00008746.,146,661,807
WBGene00008747.,29,288,317
WBGene00008748.,52,1824,1876
WBGene00008749.,29,277,306
WBGene00008750.,353,564,917
WBGene00008751.,0,3,3
WBGene00008752.,0,4,4
WBGene00008753.,1,1,2
WBGene00008754.,0,5,5
WBGene00008755.,29,30,59
WBGene00008757.,0,221,221
WBGene00008758.,1,40,41
WBGene00008759.,0,4,4
WBGene00008760.,33,630,663
WBGene00008761.,49,622,671
WBGene00008762.,4,319,323
WBGene00008763.,31,125,156
WBGene00008764.,18,877,895
WBGene00008765.,86,1481,1567
WBGene00008766.,221,1900,2121
WBGene00008767.,28,1109,1137
WBGene00008768.,486,4343,4829
WBGene00008769.,55,1414,1469
WBGene00008770.,86,1376,1462
WBGene00008772.,1,1,2
WBGene00008773.,63,775,838
WBGene00008774.,24,284,308
WBGene00008775.,115,530,645
WBGene00008776.,19,57,76
WBGene00008777.,1058,5481,6539
WBGene00008778.,1,0,1
WBGene00008779.,65,271,336
WBGene00008780.,253,1106,1359
WBGene00008781.,81,787,868
WBGene00008782.,0,2,2
WBGene00008783.,202,1043,1245
WBGene00008784.,1,7,8
WBGene00008785.,7,7,14
WBGene00008786.,2,2,4
WBGene00008787.,14,70,84
WBGene00008788.,0,4,4
WBGene00008789.,2,21,23
WBGene00008790.,0,0,0
WBGene00008791.,23,249,272
WBGene00008792.,1,6,7
WBGene00008793.,11,19,30
WBGene00008794.,5,17,22
WBGene00008795.,8,123,131
WBGene00008796.,0,5,5
WBGene00008797.,7,23,30
WBGene00008798.,2,41,43
WBGene00008799.,3,15,18
WBGene00008800.,110,1844,1954
WBGene00008801.,10,19,29
WBGene00008802.,67,473,540
WBGene00008803.,806,4183,4989
WBGene00008804.,3,7,10
WBGene00008805.,30,519,549
WBGene00008806.,16,265,281
WBGene00008807.,8,20,28
WBGene00008808.,15,37,52
WBGene00008809.,29,20,49
WBGene00008810.,572,2081,2653
WBGene00008811.,11,45,56
WBGene00008812.,13,47,60
WBGene00008813.,1,24,25
WBGene00008814.,2,14,16
WBGene00008815.,0,1,1
WBGene00008816.,7,8,15
WBGene00008817.,0,2,2
WBGene00008818.,2,6,8
WBGene00008819.,360,835,1195
WBGene00008820.,42,3948,3990
WBGene00008821.,5,10,15
WBGene00008822.,4,2,6
WBGene00008823.,0,5,5
WBGene00008824.,3,1,4
WBGene00008825.,0,5,5
WBGene00008826.,2,8,10
WBGene00008827.,1,9,10
WBGene00008828.,1,0,1
WBGene00008829.,3,1,4
WBGene00008830.,2,60,62
WBGene00008831.,32,183,215
WBGene00008832.,280,2721,3001
WBGene00008833.,4,472,476
WBGene00008834.,7,969,976
WBGene00008835.,11,341,352
WBGene00008837.,8,11,19
WBGene00008838.,13,51,64
WBGene00008839.,1,4,5
WBGene00008840.,12,391,403
WBGene00008841.,6415,60747,67162
WBGene00008842.,5,54,59
WBGene00008843.,0,2,2
WBGene00008844.,1,8,9
WBGene00008847.,0,10,10
WBGene00008848.,16,319,335
WBGene00008849.,35,18,53
WBGene00008850.,2,12,14
WBGene00008851.,19,50,69
WBGene00008852.,307,2405,2712
WBGene00008853.,4,4,8
WBGene00008854.,19,2,21
WBGene00008855.,5,2,7
WBGene00008856.,879,1951,2830
WBGene00008857.,34,21380,21414
WBGene00008858.,7,13,20
WBGene00008859.,6,1857,1863
WBGene00008860.,302,2356,2658
WBGene00008861.,50,1479,1529
WBGene00008862.,14,22,36
WBGene00008863.,3,7,10
WBGene00008865.,46,1120,1166
WBGene00008866.,23,5,28
WBGene00008868.,186,439,625
WBGene00008869.,7,21,28
WBGene00008870.,3,4,7
WBGene00008871.,10,9,19
WBGene00008872.,4,2,6
WBGene00008873.,2,1,3
WBGene00008874.,11,46,57
WBGene00008875.,3,16,19
WBGene00008876.,488,1584,2072
WBGene00008877.,87,479,566
WBGene00008878.,1932,3204,5136
WBGene00008879.,89,256,345
WBGene00008880.,66,400,466
WBGene00008881.,2,3,5
WBGene00008882.,107,970,1077
WBGene00008883.,11,70,81
WBGene00008884.,0,39,39
WBGene00008885.,54,697,751
WBGene00008886.,995,3682,4677
WBGene00008887.,46,746,792
WBGene00008889.,4,5,9
WBGene00008890.,72,147,219
WBGene00008891.,2,47,49
WBGene00008892.,9,7,16
WBGene00008893.,2,0,2
WBGene00008894.,17,15,32
WBGene00008897.,151,1295,1446
WBGene00008898.,2,0,2
WBGene00008899.,9,4,13
WBGene00008900.,21,180,201
WBGene00008901.,852,27,879
WBGene00008902.,41,68,109
WBGene00008903.,9,25,34
WBGene00008904.,0,22,22
WBGene00008905.,28,202,230
WBGene00008906.,1,4,5
WBGene00008907.,0,3,3
WBGene00008908.,1,6,7
WBGene00008909.,0,3,3
WBGene00008910.,277,4920,5197
WBGene00008911.,0,1,1
WBGene00008912.,4,116,120
WBGene00008914.,17,4783,4800
WBGene00008915.,487,25921,26408
WBGene00008916.,151,117,268
WBGene00008917.,12,64,76
WBGene00008918.,3,333,336
WBGene00008919.,337,3668,4005
WBGene00008920.,13030,119382,132412
WBGene00008921.,94,701,795
WBGene00008922.,272,5886,6158
WBGene00008923.,106,264,370
WBGene00008924.,76,418,494
WBGene00008925.,205,2404,2609
WBGene00008926.,603,7249,7852
WBGene00008927.,265,1083,1348
WBGene00008928.,2,4,6
WBGene00008929.,22,141,163
WBGene00008930.,468,2712,3180
WBGene00008932.,372,635,1007
WBGene00008933.,5,34,39
WBGene00008934.,218,1374,1592
WBGene00008935.,42,103,145
WBGene00008936.,6,35,41
WBGene00008937.,4,18,22
WBGene00008939.,333,2040,2373
WBGene00008940.,110,724,834
WBGene00008941.,63,0,63
WBGene00008942.,0,3,3
WBGene00008943.,1,1,2
WBGene00008944.,3,57,60
WBGene00008945.,0,29,29
WBGene00008946.,8,14,22
WBGene00008947.,3,0,3
WBGene00008948.,186,2840,3026
WBGene00008949.,5,46,51
WBGene00008950.,1,4,5
WBGene00008951.,202,1257,1459
WBGene00008952.,67,332,399
WBGene00008953.,128,542,670
WBGene00008954.,4,40,44
WBGene00008955.,18,40,58
WBGene00008956.,35,147,182
WBGene00008957.,30,360,390
WBGene00008958.,1,2,3
WBGene00008959.,2,4,6
WBGene00008960.,0,1,1
WBGene00008961.,17,903,920
WBGene00008963.,18,388,406
WBGene00008964.,63,114,177
WBGene00008965.,9,9,18
WBGene00008966.,0,3,3
WBGene00008967.,0,27,27
WBGene00008968.,10,116,126
WBGene00008969.,120,429,549
WBGene00008970.,0,488,488
WBGene00008971.,100,2724,2824
WBGene00008972.,2,75,77
WBGene00008973.,39,1502,1541
WBGene00008974.,193,1341,1534
WBGene00008975.,46,2259,2305
WBGene00008976.,2,126,128
WBGene00008977.,19,80,99
WBGene00008978.,18,211,229
WBGene00008979.,40,792,832
WBGene00008980.,145,2619,2764
WBGene00008981.,0,0,0
WBGene00008982.,0,1,1
WBGene00008983.,3,3,6
WBGene00008984.,3,4,7
WBGene00008985.,21,102,123
WBGene00008986.,101,630,731
WBGene00008987.,28,253,281
WBGene00008988.,16,52,68
WBGene00008989.,34,275,309
WBGene00008990.,94,1299,1393
WBGene00008991.,70,39,109
WBGene00008992.,0,47,47
WBGene00008993.,68,338,406
WBGene00008994.,7,53,60
WBGene00008995.,74,269,343
WBGene00008996.,33,191,224
WBGene00008997.,83,149,232
WBGene00008998.,85,473,558
WBGene00008999.,1550,4100,5650
WBGene00009000.,31,94,125
WBGene00009001.,4,14,18
WBGene00009002.,83,941,1024
WBGene00009004.,574,10690,11264
WBGene00009005.,38,25,63
WBGene00009006.,12,289,301
WBGene00009007.,28,631,659
WBGene00009008.,32,221,253
WBGene00009009.,7,226,233
WBGene00009010.,59,957,1016
WBGene00009011.,30,869,899
WBGene00009012.,85,1762,1847
WBGene00009013.,80,1691,1771
WBGene00009014.,2,21,23
WBGene00009015.,13,26,39
WBGene00009016.,9,3,12
WBGene00009017.,0,0,0
WBGene00009018.,27,222,249
WBGene00009019.,0,15,15
WBGene00009020.,1,95,96
WBGene00009021.,0,2,2
WBGene00009023.,38,220,258
WBGene00009024.,6,3,9
WBGene00009025.,64,477,541
WBGene00009026.,5,127,132
WBGene00009027.,83,397,480
WBGene00009028.,46,314,360
WBGene00009029.,17,22,39
WBGene00009030.,33,233,266
WBGene00009031.,1,33,34
WBGene00009032.,0,4,4
WBGene00009033.,71,757,828
WBGene00009035.,11,141,152
WBGene00009036.,0,1,1
WBGene00009038.,19,1,20
WBGene00009039.,4,8,12
WBGene00009041.,0,5,5
WBGene00009042.,4,269,273
WBGene00009043.,1,2,3
WBGene00009044.,6,7,13
WBGene00009045.,15,868,883
WBGene00009046.,0,1,1
WBGene00009047.,1,0,1
WBGene00009048.,29,844,873
WBGene00009049.,144,2224,2368
WBGene00009050.,1070,24739,25809
WBGene00009051.,227,3339,3566
WBGene00009052.,79,970,1049
WBGene00009054.,112,623,735
WBGene00009055.,205,1222,1427
WBGene00009056.,159,1378,1537
WBGene00009057.,126,331,457
WBGene00009058.,125,3077,3202
WBGene00009059.,32,224,256
WBGene00009060.,139,309,448
WBGene00009061.,1,12,13
WBGene00009063.,0,3,3
WBGene00009064.,51,329,380
WBGene00009065.,358,1199,1557
WBGene00009067.,0,28,28
WBGene00009068.,46,373,419
WBGene00009069.,0,903,903
WBGene00009070.,2645,40,2685
WBGene00009071.,2,8,10
WBGene00009073.,14,11,25
WBGene00009075.,10,26,36
WBGene00009076.,0,1,1
WBGene00009077.,2,19,21
WBGene00009078.,460,1937,2397
WBGene00009079.,0,0,0
WBGene00009081.,131,1748,1879
WBGene00009082.,14,2623,2637
WBGene00009084.,58,1871,1929
WBGene00009085.,9,13,22
WBGene00009086.,3,11,14
WBGene00009087.,6,154,160
WBGene00009088.,0,3,3
WBGene00009089.,17,129,146
WBGene00009090.,14,383,397
WBGene00009091.,214,5355,5569
WBGene00009092.,52,2501,2553
WBGene00009093.,113,669,782
WBGene00009094.,28,146,174
WBGene00009095.,42,213,255
WBGene00009096.,58,6384,6442
WBGene00009097.,87,10141,10228
WBGene00009098.,641,2169,2810
WBGene00009099.,7,13,20
WBGene00009100.,87,485,572
WBGene00009101.,14,165,179
WBGene00009102.,17,353,370
WBGene00009103.,158,3873,4031
WBGene00009104.,0,11,11
WBGene00009106.,133,1738,1871
WBGene00009107.,84,134,218
WBGene00009108.,13,21,34
WBGene00009109.,88,243,331
WBGene00009110.,8,253,261
WBGene00009112.,36,1473,1509
WBGene00009113.,1,38,39
WBGene00009114.,7,8,15
WBGene00009115.,18,24,42
WBGene00009116.,91,1122,1213
WBGene00009117.,12,24,36
WBGene00009118.,41,902,943
WBGene00009119.,532,100440,100972
WBGene00009120.,199,1737,1936
WBGene00009121.,18,524,542
WBGene00009122.,5,115,120
WBGene00009123.,33,3234,3267
WBGene00009124.,47,383,430
WBGene00009125.,23,88,111
WBGene00009126.,323,6734,7057
WBGene00009127.,160,1562,1722
WBGene00009128.,0,516,516
WBGene00009129.,4,19,23
WBGene00009130.,11,8,19
WBGene00009131.,84,671,755
WBGene00009132.,24,1033,1057
WBGene00009133.,15,131,146
WBGene00009134.,5,11,16
WBGene00009135.,9,163,172
WBGene00009136.,11,18,29
WBGene00009137.,31,502,533
WBGene00009138.,9,508,517
WBGene00009139.,170,2945,3115
WBGene00009140.,341,3068,3409
WBGene00009141.,499,3713,4212
WBGene00009142.,159,13162,13321
WBGene00009143.,13,54,67
WBGene00009144.,2,15,17
WBGene00009145.,197,734,931
WBGene00009146.,13,66,79
WBGene00009147.,7,6,13
WBGene00009148.,0,6,6
WBGene00009149.,4,4,8
WBGene00009150.,2,0,2
WBGene00009151.,0,2,2
WBGene00009152.,0,4,4
WBGene00009153.,5,71,76
WBGene00009154.,1,2,3
WBGene00009155.,8,35,43
WBGene00009156.,4,50,54
WBGene00009157.,87,309,396
WBGene00009158.,182,605,787
WBGene00009159.,79,1538,1617
WBGene00009160.,9,1,10
WBGene00009161.,1094,35465,36559
WBGene00009162.,196,211,407
WBGene00009163.,51,285,336
WBGene00009164.,94,3316,3410
WBGene00009165.,18,579,597
WBGene00009166.,10,47,57
WBGene00009167.,0,0,0
WBGene00009168.,6,32,38
WBGene00009169.,6,4,10
WBGene00009170.,1,26,27
WBGene00009171.,7,7,14
WBGene00009172.,325,744,1069
WBGene00009173.,19,137,156
WBGene00009174.,409,1601,2010
WBGene00009176.,25,951,976
WBGene00009177.,46,438,484
WBGene00009178.,18,23,41
WBGene00009179.,129,991,1120
WBGene00009180.,2095,31622,33717
WBGene00009182.,34,131,165
WBGene00009183.,6,115,121
WBGene00009184.,4,50,54
WBGene00009185.,1,2,3
WBGene00009186.,4,59,63
WBGene00009187.,289,1773,2062
WBGene00009188.,513,1607,2120
WBGene00009189.,262,2645,2907
WBGene00009190.,163,532,695
WBGene00009191.,7,711,718
WBGene00009192.,129,395,524
WBGene00009193.,12,9,21
WBGene00009194.,20,42,62
WBGene00009195.,0,0,0
WBGene00009196.,3,4,7
WBGene00009197.,1,6,7
WBGene00009200.,150,1325,1475
WBGene00009201.,87,1263,1350
WBGene00009202.,0,25,25
WBGene00009203.,6,159,165
WBGene00009204.,64,165,229
WBGene00009205.,14,192,206
WBGene00009206.,0,0,0
WBGene00009207.,16,526,542
WBGene00009208.,16,79,95
WBGene00009209.,1,4,5
WBGene00009210.,0,3,3
WBGene00009211.,28,1503,1531
WBGene00009212.,0,28,28
WBGene00009213.,0,37,37
WBGene00009214.,0,8,8
WBGene00009215.,0,11,11
WBGene00009216.,0,497,497
WBGene00009217.,17,31,48
WBGene00009218.,54,377,431
WBGene00009219.,157,2180,2337
WBGene00009220.,242,178,420
WBGene00009221.,315,11082,11397
WBGene00009222.,147,1456,1603
WBGene00009223.,49,568,617
WBGene00009224.,88,91,179
WBGene00009225.,22,167,189
WBGene00009226.,16,724,740
WBGene00009227.,17,165,182
WBGene00009228.,4,8,12
WBGene00009229.,5,17,22
WBGene00009230.,2,1,3
WBGene00009231.,42,195,237
WBGene00009232.,4,20,24
WBGene00009233.,77,478,555
WBGene00009234.,96,420,516
WBGene00009235.,3,12,15
WBGene00009236.,6,212,218
WBGene00009237.,2,187,189
WBGene00009238.,1,8,9
WBGene00009239.,28,270,298
WBGene00009240.,29,58,87
WBGene00009241.,29,559,588
WBGene00009242.,16,59,75
WBGene00009243.,70,1411,1481
WBGene00009245.,145,714,859
WBGene00009246.,85,3512,3597
WBGene00009247.,4,28,32
WBGene00009248.,0,122,122
WBGene00009249.,0,2,2
WBGene00009250.,7,88,95
WBGene00009251.,3,5,8
WBGene00009252.,7,2,9
WBGene00009254.,85,1483,1568
WBGene00009255.,18,18,36
WBGene00009256.,113,1034,1147
WBGene00009257.,33,109,142
WBGene00009258.,155,1108,1263
WBGene00009259.,76,1207,1283
WBGene00009260.,76,1128,1204
WBGene00009261.,0,4,4
WBGene00009262.,76,1401,1477
WBGene00009263.,14,47,61
WBGene00009264.,193,1719,1912
WBGene00009266.,470,18485,18955
WBGene00009267.,127,1500,1627
WBGene00009268.,4,24,28
WBGene00009269.,1,0,1
WBGene00009270.,14,366,380
WBGene00009271.,179,370,549
WBGene00009272.,9,346,355
WBGene00009274.,37,428,465
WBGene00009276.,31,543,574
WBGene00009277.,242,502,744
WBGene00009278.,17,40,57
WBGene00009279.,1,4,5
WBGene00009280.,2,329,331
WBGene00009281.,2,4,6
WBGene00009283.,11,110,121
WBGene00009284.,143,679,822
WBGene00009285.,84,1349,1433
WBGene00009286.,82,338,420
WBGene00009287.,61,513,574
WBGene00009288.,163,358,521
WBGene00009289.,42,2414,2456
WBGene00009290.,68,1090,1158
WBGene00009291.,374,4166,4540
WBGene00009292.,20,70,90
WBGene00009293.,5,55,60
WBGene00009294.,450,6802,7252
WBGene00009295.,2,5,7
WBGene00009296.,6,89,95
WBGene00009297.,0,8,8
WBGene00009298.,0,1,1
WBGene00009299.,24,149,173
WBGene00009300.,0,2,2
WBGene00009301.,1,1,2
WBGene00009302.,0,0,0
WBGene00009303.,6,0,6
WBGene00009304.,494,1318,1812
WBGene00009305.,88,929,1017
WBGene00009306.,28,1736,1764
WBGene00009307.,64,4198,4262
WBGene00009308.,4,25,29
WBGene00009309.,0,0,0
WBGene00009310.,2,6,8
WBGene00009311.,15,29,44
WBGene00009312.,801,31,832
WBGene00009313.,1,4,5
WBGene00009314.,387,708,1095
WBGene00009315.,193,609,802
WBGene00009316.,5,24,29
WBGene00009318.,1,1,2
WBGene00009319.,52,1269,1321
WBGene00009320.,218,841,1059
WBGene00009321.,1,1,2
WBGene00009322.,93,1149,1242
WBGene00009323.,31,393,424
WBGene00009324.,10,17,27
WBGene00009325.,217,1024,1241
WBGene00009326.,6,26,32
WBGene00009327.,1,7,8
WBGene00009328.,0,15,15
WBGene00009329.,47,439,486
WBGene00009330.,19,645,664
WBGene00009331.,6,110,116
WBGene00009332.,8,95,103
WBGene00009333.,60,1769,1829
WBGene00009334.,107,373,480
WBGene00009335.,25,203,228
WBGene00009336.,41,772,813
WBGene00009337.,605,2553,3158
WBGene00009338.,6,7,13
WBGene00009339.,8,163,171
WBGene00009340.,316,3470,3786
WBGene00009341.,23,466,489
WBGene00009342.,133,1188,1321
WBGene00009343.,55,534,589
WBGene00009344.,0,0,0
WBGene00009345.,17,1,18
WBGene00009346.,44,281,325
WBGene00009347.,99,521,620
WBGene00009349.,1,2413,2414
WBGene00009350.,38,116,154
WBGene00009352.,36,766,802
WBGene00009353.,75,4261,4336
WBGene00009354.,140,392,532
WBGene00009355.,15,181,196
WBGene00009356.,13,8,21
WBGene00009357.,16,84,100
WBGene00009358.,194,2213,2407
WBGene00009359.,3,11,14
WBGene00009360.,8,4,12
WBGene00009361.,26,242,268
WBGene00009362.,1,10,11
WBGene00009363.,0,7,7
WBGene00009364.,20,930,950
WBGene00009365.,92,910,1002
WBGene00009366.,63,319,382
WBGene00009367.,67,1335,1402
WBGene00009368.,66,824,890
WBGene00009369.,73,551,624
WBGene00009370.,63,142,205
WBGene00009371.,8,20,28
WBGene00009372.,203,1221,1424
WBGene00009373.,63,672,735
WBGene00009374.,191,2988,3179
WBGene00009375.,165,685,850
WBGene00009377.,1,4,5
WBGene00009378.,0,0,0
WBGene00009380.,80,2113,2193
WBGene00009381.,3,21,24
WBGene00009382.,10,15,25
WBGene00009383.,555,5986,6541
WBGene00009384.,1,177,178
WBGene00009385.,57,1069,1126
WBGene00009386.,5,348,353
WBGene00009387.,54,219,273
WBGene00009388.,354,5432,5786
WBGene00009389.,215,1168,1383
WBGene00009390.,28,90,118
WBGene00009391.,1,0,1
WBGene00009392.,0,2,2
WBGene00009393.,17,189,206
WBGene00009394.,193,3313,3506
WBGene00009395.,1,3,4
WBGene00009396.,60,726,786
WBGene00009397.,7,89,96
WBGene00009398.,0,59,59
WBGene00009399.,36,218,254
WBGene00009400.,10,23,33
WBGene00009401.,1,74,75
WBGene00009402.,2,8,10
WBGene00009403.,14,216,230
WBGene00009404.,6,342,348
WBGene00009405.,56,1115,1171
WBGene00009406.,78,753,831
WBGene00009408.,2,80,82
WBGene00009409.,3,243,246
WBGene00009410.,0,2,2
WBGene00009411.,1,0,1
WBGene00009412.,1,3,4
WBGene00009413.,7,6,13
WBGene00009414.,2,2,4
WBGene00009415.,0,3,3
WBGene00009416.,4,67,71
WBGene00009417.,1,0,1
WBGene00009418.,0,1,1
WBGene00009419.,0,0,0
WBGene00009420.,0,0,0
WBGene00009421.,0,1,1
WBGene00009422.,0,1,1
WBGene00009423.,0,6883,6883
WBGene00009424.,20,57,77
WBGene00009425.,7,2,9
WBGene00009426.,4,0,4
WBGene00009427.,4,21,25
WBGene00009428.,7,12,19
WBGene00009429.,0,8,8
WBGene00009430.,47,449,496
WBGene00009431.,4,23,27
WBGene00009432.,14,234,248
WBGene00009433.,114,561,675
WBGene00009434.,88,1081,1169
WBGene00009435.,131,1208,1339
WBGene00009436.,14,2870,2884
WBGene00009437.,14,54,68
WBGene00009438.,5,4,9
WBGene00009439.,320,1921,2241
WBGene00009440.,137,4219,4356
WBGene00009441.,36,466,502
WBGene00009442.,29,209,238
WBGene00009443.,33,604,637
WBGene00009444.,28,655,683
WBGene00009445.,23,1251,1274
WBGene00009446.,9,83,92
WBGene00009447.,50,767,817
WBGene00009448.,44,1061,1105
WBGene00009449.,10,36,46
WBGene00009450.,19,707,726
WBGene00009451.,144,1944,2088
WBGene00009452.,392,2555,2947
WBGene00009453.,105,548,653
WBGene00009454.,3705,45983,49688
WBGene00009455.,247,2404,2651
WBGene00009456.,113,839,952
WBGene00009457.,11,153,164
WBGene00009458.,1,3,4
WBGene00009459.,8,49,57
WBGene00009460.,267,3321,3588
WBGene00009461.,137,332,469
WBGene00009462.,346,311,657
WBGene00009463.,0,0,0
WBGene00009464.,909,543,1452
WBGene00009465.,9,16,25
WBGene00009466.,121,1033,1154
WBGene00009467.,2,3,5
WBGene00009468.,26,109,135
WBGene00009469.,39,305,344
WBGene00009470.,0,1,1
WBGene00009471.,6,17,23
WBGene00009472.,1,1,2
WBGene00009473.,0,1,1
WBGene00009474.,0,0,0
WBGene00009475.,742,6601,7343
WBGene00009476.,460,5790,6250
WBGene00009477.,1470,6221,7691
WBGene00009478.,93,1635,1728
WBGene00009479.,89,1201,1290
WBGene00009480.,11,53,64
WBGene00009481.,5,368,373
WBGene00009482.,54,295,349
WBGene00009483.,2,77,79
WBGene00009484.,142,387,529
WBGene00009485.,10,60,70
WBGene00009486.,44,411,455
WBGene00009487.,1,17,18
WBGene00009488.,1,4,5
WBGene00009489.,1,18,19
WBGene00009490.,8,43,51
WBGene00009491.,6,9,15
WBGene00009492.,0,7,7
WBGene00009493.,2,97,99
WBGene00009494.,3,17,20
WBGene00009495.,17,412,429
WBGene00009496.,6,32,38
WBGene00009497.,0,0,0
WBGene00009498.,529,1390,1919
WBGene00009499.,292,1171,1463
WBGene00009500.,28,802,830
WBGene00009501.,1,7,8
WBGene00009502.,1,5,6
WBGene00009503.,302,4066,4368
WBGene00009504.,6,117,123
WBGene00009505.,13,791,804
WBGene00009507.,127,705,832
WBGene00009508.,129,1112,1241
WBGene00009509.,5,113,118
WBGene00009510.,3,6,9
WBGene00009511.,19,50,69
WBGene00009512.,11,522,533
WBGene00009513.,9,8,17
WBGene00009514.,715,6579,7294
WBGene00009515.,15,9,24
WBGene00009517.,3,1,4
WBGene00009518.,8,57,65
WBGene00009519.,1,0,1
WBGene00009520.,3,4,7
WBGene00009521.,347,1366,1713
WBGene00009522.,7,12,19
WBGene00009523.,3,9,12
WBGene00009524.,2,1,3
WBGene00009525.,3,1,4
WBGene00009526.,4,3,7
WBGene00009527.,26,19,45
WBGene00009528.,35,105,140
WBGene00009529.,3,317,320
WBGene00009530.,71,158,229
WBGene00009531.,444,3921,4365
WBGene00009532.,3462,9029,12491
WBGene00009533.,31,466,497
WBGene00009534.,215,3906,4121
WBGene00009535.,94,16,110
WBGene00009536.,63,201,264
WBGene00009537.,0,21,21
WBGene00009538.,1,0,1
WBGene00009539.,0,0,0
WBGene00009540.,5,13,18
WBGene00009541.,51,35,86
WBGene00009542.,37,910,947
WBGene00009543.,22,134,156
WBGene00009544.,200,999,1199
WBGene00009546.,1,13,14
WBGene00009547.,62,425,487
WBGene00009548.,4,4,8
WBGene00009549.,0,5,5
WBGene00009550.,0,3,3
WBGene00009551.,20,177,197
WBGene00009552.,97,635,732
WBGene00009553.,15,392,407
WBGene00009554.,9,613,622
WBGene00009555.,0,0,0
WBGene00009556.,52,351,403
WBGene00009557.,33,206,239
WBGene00009558.,203,778,981
WBGene00009559.,5,735,740
WBGene00009560.,67,222,289
WBGene00009561.,17,43,60
WBGene00009562.,361,6534,6895
WBGene00009563.,81,838,919
WBGene00009565.,107,1063,1170
WBGene00009566.,0,1,1
WBGene00009567.,0,5,5
WBGene00009568.,0,1,1
WBGene00009569.,0,3,3
WBGene00009570.,3,9,12
WBGene00009571.,0,9,9
WBGene00009572.,1,32,33
WBGene00009573.,1,6,7
WBGene00009574.,398,2409,2807
WBGene00009575.,3,1700,1703
WBGene00009576.,4,104,108
WBGene00009577.,497,6138,6635
WBGene00009578.,909,23970,24879
WBGene00009579.,122,258,380
WBGene00009580.,156,4627,4783
WBGene00009581.,14,25,39
WBGene00009582.,150,941,1091
WBGene00009583.,132,2490,2622
WBGene00009584.,1214,11509,12723
WBGene00009585.,39,54,93
WBGene00009586.,77,1372,1449
WBGene00009587.,313,3158,3471
WBGene00009588.,3495,1567,5062
WBGene00009589.,1599,841,2440
WBGene00009590.,0,0,0
WBGene00009592.,3,2,5
WBGene00009593.,10,4,14
WBGene00009594.,1376,2893,4269
WBGene00009595.,91,658,749
WBGene00009596.,5,5,10
WBGene00009597.,1,3,4
WBGene00009598.,2,7,9
WBGene00009599.,0,2,2
WBGene00009600.,117,10611,10728
WBGene00009601.,41,336,377
WBGene00009602.,102,34,136
WBGene00009603.,0,1,1
WBGene00009604.,0,2,2
WBGene00009605.,1,0,1
WBGene00009606.,0,1,1
WBGene00009607.,0,2,2
WBGene00009608.,2,0,2
WBGene00009609.,2,5,7
WBGene00009610.,1,0,1
WBGene00009611.,148,422,570
WBGene00009612.,0,45,45
WBGene00009613.,3,2,5
WBGene00009614.,25,126,151
WBGene00009615.,0,1,1
WBGene00009616.,5,4,9
WBGene00009617.,19,276,295
WBGene00009618.,8,104,112
WBGene00009619.,29,186,215
WBGene00009620.,190,745,935
WBGene00009621.,0,4151,4151
WBGene00009622.,40,112,152
WBGene00009623.,1817,952,2769
WBGene00009624.,801,1857,2658
WBGene00009625.,9,46,55
WBGene00009626.,45,327,372
WBGene00009627.,10,251,261
WBGene00009628.,69,4345,4414
WBGene00009629.,74,172,246
WBGene00009630.,7,22,29
WBGene00009631.,0,5,5
WBGene00009632.,368,3048,3416
WBGene00009633.,2,18,20
WBGene00009634.,11,896,907
WBGene00009635.,26,640,666
WBGene00009636.,25,268,293
WBGene00009637.,5,1813,1818
WBGene00009638.,137,16429,16566
WBGene00009639.,2,1442,1444
WBGene00009640.,4,716,720
WBGene00009641.,3,12,15
WBGene00009642.,32,106,138
WBGene00009643.,0,11,11
WBGene00009644.,1,17,18
WBGene00009645.,83,879,962
WBGene00009646.,1,1,2
WBGene00009647.,54,65,119
WBGene00009648.,8,643,651
WBGene00009649.,61,89,150
WBGene00009650.,45,1170,1215
WBGene00009651.,2,3,5
WBGene00009652.,5,15,20
WBGene00009653.,19,32,51
WBGene00009654.,206,445,651
WBGene00009656.,4,237,241
WBGene00009657.,170,881,1051
WBGene00009658.,0,7,7
WBGene00009659.,0,0,0
WBGene00009660.,1370,13587,14957
WBGene00009661.,63,1731,1794
WBGene00009662.,0,1,1
WBGene00009663.,2,151,153
WBGene00009664.,307,17830,18137
WBGene00009665.,8,527,535
WBGene00009666.,58,1556,1614
WBGene00009667.,354,218,572
WBGene00009668.,130,1377,1507
WBGene00009670.,2,6,8
WBGene00009671.,104,2790,2894
WBGene00009672.,183,1688,1871
WBGene00009673.,45,231,276
WBGene00009674.,86,844,930
WBGene00009675.,9,21,30
WBGene00009676.,206,1458,1664
WBGene00009677.,19,461,480
WBGene00009678.,216,1261,1477
WBGene00009679.,15,86,101
WBGene00009680.,0,0,0
WBGene00009681.,0,10,10
WBGene00009682.,0,0,0
WBGene00009683.,3,57,60
WBGene00009684.,0,0,0
WBGene00009685.,1,30,31
WBGene00009686.,24,34,58
WBGene00009687.,1,3,4
WBGene00009688.,2287,20056,22343
WBGene00009689.,5,9,14
WBGene00009690.,10,4,14
WBGene00009691.,0,7073,7073
WBGene00009692.,0,2559,2559
WBGene00009693.,3,1,4
WBGene00009695.,4,4,8
WBGene00009696.,18,106,124
WBGene00009697.,0,133,133
WBGene00009698.,1,18,19
WBGene00009700.,136,1223,1359
WBGene00009701.,1,246,247
WBGene00009702.,19,399,418
WBGene00009704.,0,0,0
WBGene00009705.,1,1,2
WBGene00009706.,4,81,85
WBGene00009707.,1,5,6
WBGene00009708.,4,2,6
WBGene00009709.,47,56,103
WBGene00009710.,2,6,8
WBGene00009711.,686,5514,6200
WBGene00009712.,10,4813,4823
WBGene00009713.,109,501,610
WBGene00009714.,1,52,53
WBGene00009715.,69,1569,1638
WBGene00009716.,28,127,155
WBGene00009717.,249,1424,1673
WBGene00009720.,4,5,9
WBGene00009721.,38,92,130
WBGene00009722.,12,1077,1089
WBGene00009723.,55,4751,4806
WBGene00009724.,56,7463,7519
WBGene00009725.,2,7,9
WBGene00009726.,66,214,280
WBGene00009727.,36,177,213
WBGene00009728.,2,40,42
WBGene00009729.,44,205,249
WBGene00009730.,364,2148,2512
WBGene00009731.,56,646,702
WBGene00009732.,123,1997,2120
WBGene00009733.,8,324,332
WBGene00009734.,51,827,878
WBGene00009735.,20,137,157
WBGene00009736.,176,894,1070
WBGene00009738.,171,292,463
WBGene00009739.,1443,6819,8262
WBGene00009740.,450,11022,11472
WBGene00009741.,52,366,418
WBGene00009742.,4,341,345
WBGene00009743.,27,331,358
WBGene00009744.,61,352,413
WBGene00009745.,12,318,330
WBGene00009746.,1,4,5
WBGene00009747.,0,4,4
WBGene00009748.,0,7,7
WBGene00009749.,1,2,3
WBGene00009750.,0,4,4
WBGene00009751.,0,9,9
WBGene00009752.,2,18,20
WBGene00009753.,3,16,19
WBGene00009754.,1,9,10
WBGene00009755.,2,4,6
WBGene00009756.,2,0,2
WBGene00009757.,0,6,6
WBGene00009758.,2,3,5
WBGene00009759.,0,1,1
WBGene00009760.,2,19,21
WBGene00009761.,0,4,4
WBGene00009762.,0,0,0
WBGene00009763.,3,2,5
WBGene00009764.,0,2,2
WBGene00009765.,0,1,1
WBGene00009766.,7,0,7
WBGene00009767.,1,0,1
WBGene00009768.,13,48,61
WBGene00009769.,40,1002,1042
WBGene00009770.,170,1832,2002
WBGene00009771.,126,1415,1541
WBGene00009772.,751,61806,62557
WBGene00009773.,29,2194,2223
WBGene00009774.,1,370,371
WBGene00009775.,1,4,5
WBGene00009776.,210,2993,3203
WBGene00009777.,23,56,79
WBGene00009778.,1,19,20
WBGene00009779.,81,776,857
WBGene00009780.,42,178,220
WBGene00009781.,401,2373,2774
WBGene00009782.,14,163,177
WBGene00009783.,63,1829,1892
WBGene00009784.,41,1184,1225
WBGene00009785.,101,1334,1435
WBGene00009786.,1,12,13
WBGene00009787.,93,10400,10493
WBGene00009788.,0,2,2
WBGene00009789.,98,145,243
WBGene00009790.,40,294,334
WBGene00009791.,12,48,60
WBGene00009793.,63,2895,2958
WBGene00009796.,196,3361,3557
WBGene00009797.,389,3242,3631
WBGene00009798.,38,39,77
WBGene00009799.,88,330,418
WBGene00009800.,137,967,1104
WBGene00009801.,117,1328,1445
WBGene00009802.,2,8,10
WBGene00009803.,504,6676,7180
WBGene00009804.,304,5875,6179
WBGene00009805.,6,333,339
WBGene00009806.,4,16,20
WBGene00009807.,25,176,201
WBGene00009808.,1,66,67
WBGene00009809.,383,4091,4474
WBGene00009810.,2,93,95
WBGene00009811.,17,321,338
WBGene00009812.,53,2590,2643
WBGene00009813.,791,10851,11642
WBGene00009814.,3,57,60
WBGene00009815.,0,11,11
WBGene00009816.,5,4,9
WBGene00009817.,1,5,6
WBGene00009818.,49,209,258
WBGene00009819.,112,570,682
WBGene00009820.,18,319,337
WBGene00009822.,10,6,16
WBGene00009823.,31,183,214
WBGene00009824.,2,126,128
WBGene00009825.,68,320,388
WBGene00009826.,6,66,72
WBGene00009827.,8,16,24
WBGene00009828.,3,3,6
WBGene00009829.,54,2595,2649
WBGene00009830.,3,45,48
WBGene00009831.,26,627,653
WBGene00009833.,1,6,7
WBGene00009834.,1,3,4
WBGene00009835.,44,153,197
WBGene00009836.,88,23,111
WBGene00009837.,2,11,13
WBGene00009838.,2,2,4
WBGene00009839.,7,48,55
WBGene00009840.,18,113,131
WBGene00009841.,2,2,4
WBGene00009842.,33,340,373
WBGene00009843.,60,530,590
WBGene00009844.,22,71,93
WBGene00009846.,76,92,168
WBGene00009848.,464,2132,2596
WBGene00009849.,12,13,25
WBGene00009850.,72,1654,1726
WBGene00009851.,36,2021,2057
WBGene00009852.,6,80,86
WBGene00009853.,0,2,2
WBGene00009854.,0,3,3
WBGene00009855.,0,0,0
WBGene00009856.,1,3,4
WBGene00009857.,1,3,4
WBGene00009858.,0,2,2
WBGene00009859.,3,1,4
WBGene00009860.,1,2,3
WBGene00009861.,0,8,8
WBGene00009862.,1,26,27
WBGene00009863.,1,2,3
WBGene00009864.,3,5,8
WBGene00009865.,39,297,336
WBGene00009866.,0,0,0
WBGene00009867.,15,32,47
WBGene00009868.,0,1,1
WBGene00009869.,0,0,0
WBGene00009871.,1,3,4
WBGene00009872.,1,4,5
WBGene00009873.,2,1,3
WBGene00009874.,6,14,20
WBGene00009875.,7,4,11
WBGene00009876.,35,273,308
WBGene00009877.,33,278,311
WBGene00009878.,20,1108,1128
WBGene00009879.,24,127,151
WBGene00009880.,203,2146,2349
WBGene00009881.,149,4397,4546
WBGene00009882.,78,7106,7184
WBGene00009883.,7,34,41
WBGene00009884.,5,8,13
WBGene00009885.,13,78,91
WBGene00009886.,114,1001,1115
WBGene00009887.,65,1061,1126
WBGene00009888.,3755,33324,37079
WBGene00009889.,36,61,97
WBGene00009890.,8,23,31
WBGene00009891.,3,5,8
WBGene00009892.,1,4,5
WBGene00009893.,1,1,2
WBGene00009894.,0,2,2
WBGene00009895.,109,1202,1311
WBGene00009896.,188,3212,3400
WBGene00009897.,7,15,22
WBGene00009898.,2,7,9
WBGene00009899.,92,556,648
WBGene00009900.,5,64,69
WBGene00009901.,49,476,525
WBGene00009902.,7,30,37
WBGene00009903.,12,120,132
WBGene00009904.,11,74,85
WBGene00009905.,4,2,6
WBGene00009906.,1,1,2
WBGene00009907.,1,0,1
WBGene00009908.,8,53,61
WBGene00009909.,0,0,0
WBGene00009910.,2,2,4
WBGene00009911.,0,2,2
WBGene00009912.,10,6,16
WBGene00009913.,2,0,2
WBGene00009914.,3,15,18
WBGene00009915.,18,3312,3330
WBGene00009916.,54,216,270
WBGene00009917.,231,1096,1327
WBGene00009918.,36,2454,2490
WBGene00009919.,144,1539,1683
WBGene00009920.,1674,8149,9823
WBGene00009921.,5,74,79
WBGene00009922.,51,699,750
WBGene00009923.,9,93,102
WBGene00009924.,106,1353,1459
WBGene00009925.,5,1569,1574
WBGene00009926.,5,8,13
WBGene00009927.,41,466,507
WBGene00009929.,21,43,64
WBGene00009930.,31,749,780
WBGene00009931.,12,100,112
WBGene00009933.,1,9,10
WBGene00009935.,122,997,1119
WBGene00009936.,0,0,0
WBGene00009937.,64,623,687
WBGene00009938.,3,1,4
WBGene00009939.,94,665,759
WBGene00009940.,140,2163,2303
WBGene00009941.,0,6,6
WBGene00009942.,4,16,20
WBGene00009943.,39,153,192
WBGene00009944.,28,712,740
WBGene00009945.,368,4328,4696
WBGene00009946.,18,220,238
WBGene00009947.,154,1742,1896
WBGene00009948.,4,241,245
WBGene00009949.,20,68,88
WBGene00009950.,2,7,9
WBGene00009951.,23,97,120
WBGene00009952.,151,2460,2611
WBGene00009953.,79,646,725
WBGene00009954.,0,1,1
WBGene00009955.,4,1666,1670
WBGene00009956.,8,11,19
WBGene00009957.,370,7103,7473
WBGene00009958.,125,795,920
WBGene00009959.,0,15,15
WBGene00009960.,0,0,0
WBGene00009961.,0,8,8
WBGene00009962.,22,16,38
WBGene00009963.,40,66,106
WBGene00009964.,14,84,98
WBGene00009965.,21,152,173
WBGene00009966.,36,1456,1492
WBGene00009967.,4,34,38
WBGene00009968.,89,787,876
WBGene00009969.,55,424,479
WBGene00009971.,12,37,49
WBGene00009972.,67,72,139
WBGene00009973.,1336,19757,21093
WBGene00009974.,301,5629,5930
WBGene00009975.,1617,2750,4367
WBGene00009976.,140,987,1127
WBGene00009977.,230,898,1128
WBGene00009978.,6395,8149,14544
WBGene00009979.,54,6,60
WBGene00009980.,29,798,827
WBGene00009981.,22,161,183
WBGene00009982.,0,115,115
WBGene00009983.,0,22,22
WBGene00009984.,154,322,476
WBGene00009985.,85,1487,1572
WBGene00009986.,12,85,97
WBGene00009987.,72,1274,1346
WBGene00009988.,30,48,78
WBGene00009990.,1,4,5
WBGene00009991.,3,36,39
WBGene00009992.,308,7646,7954
WBGene00009993.,15,10298,10313
WBGene00009994.,42,711,753
WBGene00009995.,3228,20484,23712
WBGene00009996.,320,8219,8539
WBGene00009997.,0,9,9
WBGene00009998.,11,8,19
WBGene00009999.,13,6,19
WBGene00010000.,3,20,23
WBGene00010001.,57,6458,6515
WBGene00010002.,97,565,662
WBGene00010003.,122,288,410
WBGene00010004.,22,45,67
WBGene00010005.,16,15,31
WBGene00010006.,1872,1039,2911
WBGene00010007.,1,7,8
WBGene00010008.,4,38,42
WBGene00010009.,40,466,506
WBGene00010010.,28,101,129
WBGene00010011.,20,129,149
WBGene00010012.,1322,6924,8246
WBGene00010013.,171,2701,2872
WBGene00010014.,3,12,15
WBGene00010015.,11,719,730
WBGene00010016.,0,3,3
WBGene00010017.,0,0,0
WBGene00010018.,86,1922,2008
WBGene00010019.,246,1341,1587
WBGene00010020.,0,1,1
WBGene00010021.,0,1,1
WBGene00010022.,1,2,3
WBGene00010023.,1,19,20
WBGene00010024.,0,3,3
WBGene00010025.,5,16,21
WBGene00010026.,0,0,0
WBGene00010027.,5,18,23
WBGene00010028.,49,1570,1619
WBGene00010030.,0,41,41
WBGene00010031.,25,1530,1555
WBGene00010032.,9,35,44
WBGene00010033.,10,146,156
WBGene00010034.,1,11,12
WBGene00010035.,9,55,64
WBGene00010036.,5,156,161
WBGene00010037.,369,8771,9140
WBGene00010038.,143,1869,2012
WBGene00010039.,204,1071,1275
WBGene00010040.,48,1299,1347
WBGene00010041.,0,1033,1033
WBGene00010042.,13,187,200
WBGene00010043.,67,619,686
WBGene00010044.,228,2428,2656
WBGene00010045.,492,2571,3063
WBGene00010046.,2,24,26
WBGene00010047.,50,733,783
WBGene00010048.,51,534,585
WBGene00010049.,514,3483,3997
WBGene00010050.,24,119,143
WBGene00010051.,40,684,724
WBGene00010052.,22,2454,2476
WBGene00010053.,0,6,6
WBGene00010054.,0,643,643
WBGene00010055.,557,983,1540
WBGene00010056.,9,1756,1765
WBGene00010057.,41,298,339
WBGene00010058.,11,7,18
WBGene00010059.,60,1189,1249
WBGene00010060.,19,57,76
WBGene00010061.,49,908,957
WBGene00010062.,6,18,24
WBGene00010063.,37,234,271
WBGene00010064.,16,1102,1118
WBGene00010065.,0,5,5
WBGene00010066.,0,5,5
WBGene00010067.,1,0,1
WBGene00010068.,1,32,33
WBGene00010069.,21,35,56
WBGene00010070.,387,2123,2510
WBGene00010071.,127,26,153
WBGene00010072.,78,517,595
WBGene00010073.,233,211,444
WBGene00010074.,118,433,551
WBGene00010075.,11,1333,1344
WBGene00010077.,112,395,507
WBGene00010079.,334,613,947
WBGene00010080.,38,155,193
WBGene00010081.,8,305,313
WBGene00010082.,1,173,174
WBGene00010083.,109,450,559
WBGene00010084.,0,2,2
WBGene00010085.,1,3,4
WBGene00010086.,471,671,1142
WBGene00010087.,0,2,2
WBGene00010088.,4,16,20
WBGene00010089.,79,626,705
WBGene00010091.,0,0,0
WBGene00010092.,5,2,7
WBGene00010093.,6,428,434
WBGene00010094.,29,1099,1128
WBGene00010095.,1,12,13
WBGene00010096.,207,1191,1398
WBGene00010097.,78,1860,1938
WBGene00010098.,0,2,2
WBGene00010099.,0,0,0
WBGene00010100.,1,3,4
WBGene00010101.,0,5,5
WBGene00010102.,0,4,4
WBGene00010103.,1,1,2
WBGene00010104.,0,0,0
WBGene00010105.,0,3,3
WBGene00010106.,0,5,5
WBGene00010107.,1,14,15
WBGene00010108.,0,1,1
WBGene00010109.,33,1002,1035
WBGene00010110.,144,1482,1626
WBGene00010111.,114,518,632
WBGene00010112.,3,67,70
WBGene00010113.,343,1910,2253
WBGene00010114.,4,3,7
WBGene00010115.,181,1261,1442
WBGene00010116.,32,211,243
WBGene00010117.,120,1409,1529
WBGene00010118.,7,14,21
WBGene00010119.,4,24,28
WBGene00010120.,12,3,15
WBGene00010121.,7,6,13
WBGene00010122.,3,19,22
WBGene00010123.,1,2,3
WBGene00010124.,2,3,5
WBGene00010125.,12,110,122
WBGene00010126.,4,2,6
WBGene00010127.,0,0,0
WBGene00010128.,2,42,44
WBGene00010129.,0,0,0
WBGene00010130.,80,5064,5144
WBGene00010131.,35,816,851
WBGene00010132.,149,625,774
WBGene00010133.,9911,4929,14840
WBGene00010134.,26,82,108
WBGene00010135.,7,2361,2368
WBGene00010136.,19,90,109
WBGene00010137.,206,357,563
WBGene00010138.,41,86,127
WBGene00010139.,121,1649,1770
WBGene00010140.,27,281,308
WBGene00010141.,201,1573,1774
WBGene00010142.,8,128,136
WBGene00010143.,17,121,138
WBGene00010144.,16,76,92
WBGene00010145.,13,3,16
WBGene00010146.,350,1122,1472
WBGene00010147.,2,1,3
WBGene00010148.,19,145,164
WBGene00010149.,0,0,0
WBGene00010150.,258,842,1100
WBGene00010152.,0,7,7
WBGene00010153.,0,6,6
WBGene00010155.,6,14,20
WBGene00010157.,0,0,0
WBGene00010158.,0,2,2
WBGene00010159.,230,816,1046
WBGene00010160.,170,292,462
WBGene00010161.,235,474,709
WBGene00010162.,0,1,1
WBGene00010163.,1,18,19
WBGene00010165.,2,1,3
WBGene00010166.,0,1,1
WBGene00010167.,3,3,6
WBGene00010168.,3,4,7
WBGene00010169.,1,0,1
WBGene00010170.,1,2,3
WBGene00010171.,0,3,3
WBGene00010172.,1,0,1
WBGene00010173.,3,16,19
WBGene00010174.,12936,190380,203316
WBGene00010175.,227,1206,1433
WBGene00010176.,8,37,45
WBGene00010177.,652,5678,6330
WBGene00010178.,132,1027,1159
WBGene00010179.,31,258,289
WBGene00010180.,1,2,3
WBGene00010181.,1,4,5
WBGene00010182.,2,11,13
WBGene00010183.,1,25,26
WBGene00010184.,12,52,64
WBGene00010185.,4,66,70
WBGene00010186.,8,50,58
WBGene00010187.,2,27,29
WBGene00010188.,12,276,288
WBGene00010189.,14,52,66
WBGene00010191.,51,1714,1765
WBGene00010192.,18,381,399
WBGene00010193.,5,556,561
WBGene00010194.,1,176,177
WBGene00010195.,18,262,280
WBGene00010196.,1,10,11
WBGene00010197.,33,863,896
WBGene00010198.,88,469,557
WBGene00010199.,157,2608,2765
WBGene00010200.,118,259,377
WBGene00010202.,6,220,226
WBGene00010203.,3,20,23
WBGene00010204.,7,1049,1056
WBGene00010205.,9,95,104
WBGene00010206.,0,0,0
WBGene00010209.,3,20,23
WBGene00010212.,275,48,323
WBGene00010214.,25,83,108
WBGene00010215.,22,63,85
WBGene00010216.,2,34,36
WBGene00010217.,3,5,8
WBGene00010218.,0,7,7
WBGene00010219.,0,1,1
WBGene00010220.,4,11,15
WBGene00010221.,105,4572,4677
WBGene00010222.,22,94,116
WBGene00010223.,22,106,128
WBGene00010224.,70,318,388
WBGene00010225.,30,463,493
WBGene00010226.,1,6,7
WBGene00010227.,70,671,741
WBGene00010228.,34,12,46
WBGene00010229.,119,692,811
WBGene00010230.,73,2163,2236
WBGene00010231.,179,2456,2635
WBGene00010232.,230,7655,7885
WBGene00010233.,35,432,467
WBGene00010234.,0,420,420
WBGene00010235.,46,588,634
WBGene00010236.,119,3219,3338
WBGene00010237.,3,36,39
WBGene00010238.,29,365,394
WBGene00010239.,44,1204,1248
WBGene00010240.,5,18,23
WBGene00010241.,8,68,76
WBGene00010242.,86,464,550
WBGene00010243.,26,77,103
WBGene00010244.,718,32769,33487
WBGene00010245.,0,5,5
WBGene00010246.,1,3,4
WBGene00010247.,4,1,5
WBGene00010248.,67,272,339
WBGene00010249.,6,0,6
WBGene00010250.,67,131,198
WBGene00010251.,744,2601,3345
WBGene00010253.,0,1,1
WBGene00010254.,0,6,6
WBGene00010255.,0,6,6
WBGene00010256.,1,1,2
WBGene00010257.,0,7,7
WBGene00010258.,32,224,256
WBGene00010259.,931,1471,2402
WBGene00010260.,282,25451,25733
WBGene00010261.,2,1,3
WBGene00010262.,204,4307,4511
WBGene00010263.,2,46,48
WBGene00010264.,58,360,418
WBGene00010265.,1,1,2
WBGene00010266.,33,502,535
WBGene00010267.,2,12,14
WBGene00010268.,18,76,94
WBGene00010269.,15,391,406
WBGene00010270.,2,2,4
WBGene00010271.,0,4,4
WBGene00010272.,192,1534,1726
WBGene00010273.,6,13,19
WBGene00010274.,1,1,2
WBGene00010275.,97,171,268
WBGene00010276.,0,0,0
WBGene00010277.,1,9,10
WBGene00010278.,1,78,79
WBGene00010279.,70,1903,1973
WBGene00010280.,86,1578,1664
WBGene00010281.,14,416,430
WBGene00010282.,21,31,52
WBGene00010283.,47,332,379
WBGene00010284.,136,2304,2440
WBGene00010285.,5,54,59
WBGene00010286.,61,1099,1160
WBGene00010288.,57,550,607
WBGene00010289.,1,9,10
WBGene00010290.,92,3747,3839
WBGene00010291.,299,1677,1976
WBGene00010292.,0,1,1
WBGene00010293.,44,681,725
WBGene00010294.,13,160,173
WBGene00010295.,47,339,386
WBGene00010296.,0,216,216
WBGene00010297.,9,44,53
WBGene00010298.,2,6,8
WBGene00010299.,4,1,5
WBGene00010300.,1,2,3
WBGene00010301.,0,0,0
WBGene00010303.,36,2610,2646
WBGene00010304.,73,398,471
WBGene00010305.,116,1512,1628
WBGene00010306.,751,1754,2505
WBGene00010307.,4,269,273
WBGene00010308.,69,540,609
WBGene00010309.,145,746,891
WBGene00010310.,19,292,311
WBGene00010311.,8,165,173
WBGene00010313.,11,23,34
WBGene00010314.,1,6,7
WBGene00010315.,138,797,935
WBGene00010316.,160,439,599
WBGene00010317.,118,1791,1909
WBGene00010318.,39,371,410
WBGene00010319.,22,82,104
WBGene00010320.,335,1895,2230
WBGene00010321.,60,683,743
WBGene00010322.,45,18,63
WBGene00010323.,1,6,7
WBGene00010324.,1,3,4
WBGene00010325.,17,961,978
WBGene00010326.,1861,13621,15482
WBGene00010327.,107,209,316
WBGene00010328.,45,458,503
WBGene00010329.,63,350,413
WBGene00010330.,319248,11,319259
WBGene00010331.,30,113,143
WBGene00010332.,17,262,279
WBGene00010333.,309,4878,5187
WBGene00010334.,52,312,364
WBGene00010335.,150,569,719
WBGene00010336.,22,258,280
WBGene00010337.,1454,9903,11357
WBGene00010338.,93,376,469
WBGene00010339.,27,742,769
WBGene00010340.,36,159,195
WBGene00010341.,32,122,154
WBGene00010342.,30,55,85
WBGene00010343.,3,15,18
WBGene00010344.,20,169,189
WBGene00010345.,24,20,44
WBGene00010348.,7,338,345
WBGene00010349.,42,194,236
WBGene00010350.,435,1171,1606
WBGene00010351.,3,139,142
WBGene00010352.,7,8,15
WBGene00010353.,2,107,109
WBGene00010354.,16,93,109
WBGene00010355.,0,2,2
WBGene00010356.,70,744,814
WBGene00010357.,189,1443,1632
WBGene00010358.,1,5,6
WBGene00010359.,3,1,4
WBGene00010360.,5,3,8
WBGene00010361.,0,6,6
WBGene00010362.,1,147,148
WBGene00010363.,34,213,247
WBGene00010364.,4,97,101
WBGene00010365.,17,11,28
WBGene00010366.,6,3,9
WBGene00010367.,64,429,493
WBGene00010368.,3,39,42
WBGene00010369.,130,2278,2408
WBGene00010370.,509,3378,3887
WBGene00010371.,0,25,25
WBGene00010372.,29,44,73
WBGene00010373.,2,9,11
WBGene00010374.,338,981,1319
WBGene00010375.,21,534,555
WBGene00010376.,0,0,0
WBGene00010377.,0,0,0
WBGene00010378.,0,34,34
WBGene00010379.,0,0,0
WBGene00010380.,2,13,15
WBGene00010381.,1,0,1
WBGene00010382.,0,49,49
WBGene00010383.,50,426,476
WBGene00010385.,275,494,769
WBGene00010386.,97,139,236
WBGene00010387.,1,26,27
WBGene00010388.,4,4,8
WBGene00010389.,10,0,10
WBGene00010390.,4,27,31
WBGene00010391.,5,7,12
WBGene00010392.,4,4,8
WBGene00010394.,9,7,16
WBGene00010395.,0,0,0
WBGene00010396.,11,49,60
WBGene00010397.,22,660,682
WBGene00010399.,0,0,0
WBGene00010400.,0,0,0
WBGene00010401.,3,104,107
WBGene00010402.,20,52,72
WBGene00010403.,5,5,10
WBGene00010404.,0,0,0
WBGene00010405.,54,1058,1112
WBGene00010406.,61,2656,2717
WBGene00010407.,104,1770,1874
WBGene00010408.,146,2754,2900
WBGene00010409.,69,567,636
WBGene00010410.,0,1,1
WBGene00010411.,3,1,4
WBGene00010412.,0,4,4
WBGene00010413.,0,1,1
WBGene00010414.,3,5,8
WBGene00010415.,3,10,13
WBGene00010416.,285,1347,1632
WBGene00010417.,0,0,0
WBGene00010418.,31,604,635
WBGene00010419.,1846,41499,43345
WBGene00010420.,98,558,656
WBGene00010421.,40,159,199
WBGene00010422.,22,229,251
WBGene00010423.,30,43,73
WBGene00010424.,4,41,45
WBGene00010425.,486,22660,23146
WBGene00010426.,8,26,34
WBGene00010427.,1571,2352,3923
WBGene00010428.,152,1410,1562
WBGene00010430.,0,1,1
WBGene00010431.,0,0,0
WBGene00010432.,58,387,445
WBGene00010433.,50,567,617
WBGene00010434.,27,33,60
WBGene00010435.,257,4361,4618
WBGene00010436.,0,218,218
WBGene00010437.,112,172,284
WBGene00010439.,41,414,455
WBGene00010440.,1753,25105,26858
WBGene00010442.,45,220,265
WBGene00010444.,675,1912,2587
WBGene00010446.,2,17,19
WBGene00010447.,42,46,88
WBGene00010448.,68,174,242
WBGene00010449.,70,412,482
WBGene00010450.,218,2772,2990
WBGene00010451.,47,5,52
WBGene00010453.,38,186,224
WBGene00010454.,24,102,126
WBGene00010455.,16,40,56
WBGene00010456.,83,1092,1175
WBGene00010457.,4,71,75
WBGene00010458.,16,623,639
WBGene00010459.,2,441,443
WBGene00010460.,9,23,32
WBGene00010461.,0,5,5
WBGene00010463.,6,3,9
WBGene00010464.,0,2,2
WBGene00010465.,73,899,972
WBGene00010466.,0,9,9
WBGene00010467.,1,2,3
WBGene00010468.,0,20,20
WBGene00010469.,1,20,21
WBGene00010470.,129,777,906
WBGene00010471.,225,2218,2443
WBGene00010472.,1,57,58
WBGene00010473.,22,130,152
WBGene00010474.,0,0,0
WBGene00010475.,311,460,771
WBGene00010476.,39,1253,1292
WBGene00010477.,2,91,93
WBGene00010478.,44,4663,4707
WBGene00010479.,185,1328,1513
WBGene00010480.,1259,11650,12909
WBGene00010481.,25,420,445
WBGene00010483.,0,16,16
WBGene00010484.,672,12317,12989
WBGene00010485.,0,40,40
WBGene00010486.,1,1,2
WBGene00010487.,15,10,25
WBGene00010488.,605,3734,4339
WBGene00010491.,2,513,515
WBGene00010492.,0,4,4
WBGene00010493.,4,9,13
WBGene00010494.,2,17,19
WBGene00010495.,1,11,12
WBGene00010496.,61,804,865
WBGene00010497.,17,52,69
WBGene00010498.,89,618,707
WBGene00010499.,1,6,7
WBGene00010500.,269,2148,2417
WBGene00010501.,12,85,97
WBGene00010502.,84,592,676
WBGene00010503.,92,610,702
WBGene00010504.,16,82,98
WBGene00010505.,43,121,164
WBGene00010506.,36,126,162
WBGene00010507.,144,2660,2804
WBGene00010508.,8,27,35
WBGene00010509.,0,0,0
WBGene00010510.,2,2,4
WBGene00010511.,1,4,5
WBGene00010512.,19,211,230
WBGene00010513.,90,498,588
WBGene00010514.,233,2195,2428
WBGene00010515.,37,479,516
WBGene00010516.,227,2700,2927
WBGene00010517.,0,0,0
WBGene00010518.,0,0,0
WBGene00010519.,4,18,22
WBGene00010520.,68,424,492
WBGene00010521.,8,14,22
WBGene00010522.,45,428,473
WBGene00010523.,0,0,0
WBGene00010524.,3,80,83
WBGene00010525.,27,210,237
WBGene00010526.,0,0,0
WBGene00010527.,0,3,3
WBGene00010528.,72,1059,1131
WBGene00010529.,3,9,12
WBGene00010530.,3,4,7
WBGene00010531.,0,0,0
WBGene00010534.,1,5,6
WBGene00010535.,2,1,3
WBGene00010536.,1,3,4
WBGene00010537.,191,240,431
WBGene00010538.,1,15,16
WBGene00010539.,114,1352,1466
WBGene00010540.,23,253,276
WBGene00010541.,973,8180,9153
WBGene00010542.,0,662,662
WBGene00010543.,0,0,0
WBGene00010544.,1,4,5
WBGene00010545.,0,55,55
WBGene00010546.,6,214,220
WBGene00010547.,1,5,6
WBGene00010550.,115,1487,1602
WBGene00010551.,153,1059,1212
WBGene00010552.,50,584,634
WBGene00010553.,13,258,271
WBGene00010554.,2,9,11
WBGene00010555.,0,2,2
WBGene00010556.,1290,178682,179972
WBGene00010557.,8,310,318
WBGene00010558.,49,169,218
WBGene00010559.,9,171,180
WBGene00010560.,248,4350,4598
WBGene00010562.,85,1510,1595
WBGene00010563.,18,6,24
WBGene00010564.,122,1134,1256
WBGene00010565.,10,198,208
WBGene00010566.,105,201,306
WBGene00010567.,105,916,1021
WBGene00010568.,0,16,16
WBGene00010569.,61,495,556
WBGene00010570.,0,1,1
WBGene00010571.,3,39,42
WBGene00010572.,31,452,483
WBGene00010573.,109,329,438
WBGene00010574.,0,20,20
WBGene00010575.,59,1194,1253
WBGene00010576.,5,8,13
WBGene00010577.,2,2,4
WBGene00010578.,0,2,2
WBGene00010579.,40,7371,7411
WBGene00010580.,11,28,39
WBGene00010581.,5,94,99
WBGene00010582.,98,748,846
WBGene00010583.,7,1237,1244
WBGene00010584.,1,17,18
WBGene00010585.,178,449,627
WBGene00010586.,6,7,13
WBGene00010587.,97,163,260
WBGene00010588.,0,0,0
WBGene00010589.,0,25,25
WBGene00010590.,0,3,3
WBGene00010591.,7,23,30
WBGene00010592.,45,230,275
WBGene00010593.,179,1342,1521
WBGene00010594.,13,36,49
WBGene00010595.,11,56,67
WBGene00010596.,0,7,7
WBGene00010597.,176,157,333
WBGene00010598.,0,2,2
WBGene00010599.,23,64,87
WBGene00010600.,0,10,10
WBGene00010601.,0,7,7
WBGene00010602.,2,19,21
WBGene00010603.,10,54,64
WBGene00010604.,4,176,180
WBGene00010605.,105,354,459
WBGene00010606.,7,11,18
WBGene00010607.,14,13,27
WBGene00010608.,76,912,988
WBGene00010609.,145,1038,1183
WBGene00010610.,199,1542,1741
WBGene00010611.,1,2,3
WBGene00010612.,0,3,3
WBGene00010613.,3,4,7
WBGene00010614.,18,15,33
WBGene00010615.,99,1181,1280
WBGene00010616.,65,1499,1564
WBGene00010617.,6,67,73
WBGene00010618.,0,1,1
WBGene00010619.,92,779,871
WBGene00010620.,84,1203,1287
WBGene00010621.,8,117,125
WBGene00010622.,32,508,540
WBGene00010623.,9,33,42
WBGene00010624.,95,882,977
WBGene00010625.,61,547,608
WBGene00010626.,409,2342,2751
WBGene00010627.,258,3959,4217
WBGene00010628.,46,460,506
WBGene00010629.,76,1714,1790
WBGene00010630.,14,101,115
WBGene00010631.,206,2192,2398
WBGene00010632.,147,843,990
WBGene00010633.,0,1,1
WBGene00010634.,1,27,28
WBGene00010635.,6,251,257
WBGene00010636.,4,25,29
WBGene00010637.,8,75,83
WBGene00010638.,160,928,1088
WBGene00010639.,562,9371,9933
WBGene00010640.,8,501,509
WBGene00010641.,83,1302,1385
WBGene00010642.,53,526,579
WBGene00010643.,22,123,145
WBGene00010644.,31,189,220
WBGene00010645.,90,682,772
WBGene00010646.,19,47,66
WBGene00010647.,5,628,633
WBGene00010648.,200,1531,1731
WBGene00010649.,208,1014,1222
WBGene00010650.,2,2,4
WBGene00010651.,2,20,22
WBGene00010652.,0,7,7
WBGene00010653.,0,1,1
WBGene00010654.,7,51,58
WBGene00010655.,5,23,28
WBGene00010656.,1,5,6
WBGene00010657.,1,1,2
WBGene00010658.,2,28,30
WBGene00010659.,3,21,24
WBGene00010660.,35,132,167
WBGene00010661.,5,202,207
WBGene00010662.,4,10,14
WBGene00010663.,114,312,426
WBGene00010664.,50,908,958
WBGene00010665.,271,3591,3862
WBGene00010666.,4,481,485
WBGene00010667.,131,772,903
WBGene00010669.,34,61,95
WBGene00010670.,7,943,950
WBGene00010671.,19,760,779
WBGene00010672.,0,2,2
WBGene00010673.,4,7,11
WBGene00010674.,12,283,295
WBGene00010675.,126,874,1000
WBGene00010676.,100,1346,1446
WBGene00010677.,73,3949,4022
WBGene00010678.,46,807,853
WBGene00010679.,4,21,25
WBGene00010680.,8,27,35
WBGene00010681.,1122,27167,28289
WBGene00010682.,24,1969,1993
WBGene00010683.,0,59,59
WBGene00010684.,54,24,78
WBGene00010685.,75,719,794
WBGene00010686.,20,223,243
WBGene00010687.,88,1597,1685
WBGene00010688.,0,13,13
WBGene00010689.,3,10,13
WBGene00010690.,0,4,4
WBGene00010691.,5,164,169
WBGene00010692.,0,16,16
WBGene00010693.,47,151,198
WBGene00010694.,17,15,32
WBGene00010697.,57,922,979
WBGene00010698.,2,14,16
WBGene00010699.,215,1368,1583
WBGene00010700.,334,4576,4910
WBGene00010701.,82,2141,2223
WBGene00010702.,59,192,251
WBGene00010703.,474,2551,3025
WBGene00010704.,3,174,177
WBGene00010705.,2,16,18
WBGene00010706.,7,9,16
WBGene00010707.,3,8,11
WBGene00010708.,7,62,69
WBGene00010709.,123,437,560
WBGene00010711.,0,164,164
WBGene00010712.,4,11,15
WBGene00010713.,199,507,706
WBGene00010714.,41,41,82
WBGene00010715.,2,2,4
WBGene00010716.,19,108,127
WBGene00010717.,34,511,545
WBGene00010718.,8,60,68
WBGene00010719.,3,18,21
WBGene00010720.,44,513,557
WBGene00010721.,51,335,386
WBGene00010722.,64,736,800
WBGene00010723.,2,81,83
WBGene00010724.,105,468,573
WBGene00010725.,57,335,392
WBGene00010726.,13,990,1003
WBGene00010727.,96,996,1092
WBGene00010728.,0,2,2
WBGene00010730.,67,4486,4553
WBGene00010731.,679,3183,3862
WBGene00010732.,346,1716,2062
WBGene00010733.,0,0,0
WBGene00010734.,42,264,306
WBGene00010735.,49,82,131
WBGene00010736.,370,2667,3037
WBGene00010737.,16,239,255
WBGene00010738.,20,146,166
WBGene00010740.,0,1872,1872
WBGene00010741.,6,115,121
WBGene00010742.,110,3556,3666
WBGene00010743.,9,16,25
WBGene00010744.,161,753,914
WBGene00010745.,1,22,23
WBGene00010746.,8,4,12
WBGene00010747.,13,35,48
WBGene00010748.,0,0,0
WBGene00010749.,4,11,15
WBGene00010750.,5,39,44
WBGene00010752.,11,84,95
WBGene00010753.,2,5,7
WBGene00010754.,1,19,20
WBGene00010755.,10,162,172
WBGene00010756.,79,577,656
WBGene00010757.,13,251,264
WBGene00010758.,65,340,405
WBGene00010759.,46,339,385
WBGene00010760.,0,4,4
WBGene00010761.,3,2,5
WBGene00010762.,2,12,14
WBGene00010763.,0,3,3
WBGene00010764.,3,2,5
WBGene00010765.,17,42,59
WBGene00010766.,48,1368,1416
WBGene00010767.,8,320,328
WBGene00010768.,47,62,109
WBGene00010769.,114,2208,2322
WBGene00010770.,195,395,590
WBGene00010771.,36,165,201
WBGene00010772.,492,670,1162
WBGene00010773.,115,1234,1349
WBGene00010774.,10,104,114
WBGene00010775.,11,10,21
WBGene00010776.,136,427,563
WBGene00010777.,0,0,0
WBGene00010778.,306,3010,3316
WBGene00010779.,15,26,41
WBGene00010780.,65,1134,1199
WBGene00010781.,10,176,186
WBGene00010782.,15,77,92
WBGene00010783.,206,2043,2249
WBGene00010784.,71,372,443
WBGene00010785.,71,1351,1422
WBGene00010786.,16,48,64
WBGene00010787.,8,164,172
WBGene00010788.,26,67,93
WBGene00010789.,267,1458,1725
WBGene00010790.,1076,123135,124211
WBGene00010791.,18,238,256
WBGene00010792.,31,111,142
WBGene00010793.,229,1361,1590
WBGene00010794.,436,10578,11014
WBGene00010795.,26,455,481
WBGene00010796.,464,2535,2999
WBGene00010797.,0,1,1
WBGene00010798.,0,0,0
WBGene00010799.,7,40,47
WBGene00010800.,0,5,5
WBGene00010801.,1,2,3
WBGene00010802.,4,2,6
WBGene00010803.,34,624,658
WBGene00010804.,2,12,14
WBGene00010805.,27,365,392
WBGene00010806.,289,2812,3101
WBGene00010807.,19,1116,1135
WBGene00010808.,0,5,5
WBGene00010809.,77,8018,8095
WBGene00010810.,288,1729,2017
WBGene00010811.,106,669,775
WBGene00010812.,108,2106,2214
WBGene00010813.,317,588,905
WBGene00010814.,36,224,260
WBGene00010815.,73,196,269
WBGene00010817.,0,0,0
WBGene00010818.,10,45,55
WBGene00010819.,1,2,3
WBGene00010820.,0,0,0
WBGene00010821.,2,10,12
WBGene00010822.,21,229,250
WBGene00010823.,0,15,15
WBGene00010824.,0,6,6
WBGene00010825.,4,32,36
WBGene00010827.,103,895,998
WBGene00010828.,1402,2492,3894
WBGene00010829.,3,4,7
WBGene00010830.,16,238,254
WBGene00010831.,12,6,18
WBGene00010832.,1,21,22
WBGene00010833.,39,347,386
WBGene00010834.,26,957,983
WBGene00010835.,8,46,54
WBGene00010836.,24,138,162
WBGene00010837.,118,2986,3104
WBGene00010838.,364,2877,3241
WBGene00010839.,51,270,321
WBGene00010840.,597,1442,2039
WBGene00010842.,293,1531,1824
WBGene00010843.,20,61,81
WBGene00010844.,104,1657,1761
WBGene00010845.,150,1336,1486
WBGene00010846.,56,321,377
WBGene00010847.,54,395,449
WBGene00010848.,11,777,788
WBGene00010849.,225,177,402
WBGene00010850.,108,499,607
WBGene00010851.,4,40,44
WBGene00010854.,0,13,13
WBGene00010855.,81,4,85
WBGene00010856.,945,2235,3180
WBGene00010857.,103,435,538
WBGene00010858.,14,101,115
WBGene00010859.,20,50,70
WBGene00010862.,3,34,37
WBGene00010863.,26,27,53
WBGene00010864.,67,747,814
WBGene00010865.,70,574,644
WBGene00010866.,2,2,4
WBGene00010867.,261,763,1024
WBGene00010868.,175,4382,4557
WBGene00010869.,3,29,32
WBGene00010870.,30,470,500
WBGene00010871.,50,216,266
WBGene00010872.,72,3677,3749
WBGene00010873.,47,532,579
WBGene00010874.,7,33,40
WBGene00010875.,70,745,815
WBGene00010876.,2,14,16
WBGene00010877.,67,417,484
WBGene00010878.,86,1073,1159
WBGene00010879.,143,3383,3526
WBGene00010880.,18,32,50
WBGene00010881.,58,328,386
WBGene00010882.,60,1622,1682
WBGene00010883.,3,0,3
WBGene00010884.,58,578,636
WBGene00010885.,1,0,1
WBGene00010886.,0,3,3
WBGene00010887.,152,1159,1311
WBGene00010888.,554,3594,4148
WBGene00010889.,40,512,552
WBGene00010890.,211,2970,3181
WBGene00010891.,7,864,871
WBGene00010892.,20,437,457
WBGene00010893.,6,8,14
WBGene00010894.,8,2,10
WBGene00010895.,1,1,2
WBGene00010896.,54,6030,6084
WBGene00010897.,100,427,527
WBGene00010898.,102,447,549
WBGene00010899.,11,86,97
WBGene00010900.,7,1,8
WBGene00010901.,0,36,36
WBGene00010902.,117,757,874
WBGene00010904.,19,211,230
WBGene00010905.,52,896,948
WBGene00010906.,14,71,85
WBGene00010907.,20,119,139
WBGene00010908.,159,1932,2091
WBGene00010909.,127,805,932
WBGene00010910.,238,704,942
WBGene00010911.,216,1502,1718
WBGene00010912.,150,1776,1926
WBGene00010913.,77,1194,1271
WBGene00010915.,0,0,0
WBGene00010916.,10,22,32
WBGene00010917.,7,7,14
WBGene00010918.,280,924,1204
WBGene00010919.,224,129,353
WBGene00010920.,3,18,21
WBGene00010921.,6,80,86
WBGene00010922.,0,367,367
WBGene00010923.,238,706,944
WBGene00010924.,10,6,16
WBGene00010925.,7,7,14
WBGene00010926.,0,0,0
WBGene00010927.,1,14,15
WBGene00010928.,0,9,9
WBGene00010929.,4,12,16
WBGene00010930.,4,3,7
WBGene00010931.,9,99,108
WBGene00010932.,0,1,1
WBGene00010933.,0,14,14
WBGene00010934.,3,79,82
WBGene00010935.,0,2017,2017
WBGene00010936.,28,235,263
WBGene00010937.,12,55,67
WBGene00010938.,5,0,5
WBGene00010939.,0,1,1
WBGene00010940.,12,2745,2757
WBGene00010941.,55,594,649
WBGene00010942.,386,4762,5148
WBGene00010943.,31,526,557
WBGene00010944.,68,1076,1144
WBGene00010945.,30,1262,1292
WBGene00010946.,12,1,13
WBGene00010947.,0,285,285
WBGene00010948.,6,14,20
WBGene00010949.,2,1,3
WBGene00010950.,3,11,14
WBGene00010951.,28,190,218
WBGene00010952.,1,4,5
WBGene00010953.,0,1,1
WBGene00010954.,2,0,2
WBGene00010955.,4,393,397
WBGene00010956.,0,9,9
WBGene00010957.,0,431135,431135
WBGene00010958.,0,100193,100193
WBGene00010959.,0,164608,164608
WBGene00010960.,0,585198,585198
WBGene00010961.,0,40345,40345
WBGene00010962.,0,524284,524284
WBGene00010963.,0,49086,49086
WBGene00010964.,0,231781,231781
WBGene00010965.,0,310722,310722
WBGene00010966.,0,16783,16783
WBGene00010967.,0,64964,64964
WBGene00010968.,12,83,95
WBGene00010969.,0,1,1
WBGene00010970.,158,618,776
WBGene00010971.,30,179,209
WBGene00010972.,14,357,371
WBGene00010973.,17,64,81
WBGene00010974.,104,597,701
WBGene00010975.,107,427,534
WBGene00010976.,19,794,813
WBGene00010977.,66,680,746
WBGene00010978.,3,43,46
WBGene00010979.,114,145,259
WBGene00010980.,3,6,9
WBGene00010981.,70,891,961
WBGene00010982.,173,1848,2021
WBGene00010983.,44,81,125
WBGene00010984.,11,570,581
WBGene00010985.,133,516,649
WBGene00010986.,30,216,246
WBGene00010987.,2,7,9
WBGene00010988.,21,329,350
WBGene00010989.,0,147,147
WBGene00010990.,434,1563,1997
WBGene00010991.,9,82,91
WBGene00010992.,1,6,7
WBGene00010993.,57,4487,4544
WBGene00010994.,543,4030,4573
WBGene00010995.,4,14,18
WBGene00010996.,0,2,2
WBGene00010998.,4,14,18
WBGene00010999.,3,3,6
WBGene00011000.,15,4,19
WBGene00011001.,0,2,2
WBGene00011002.,16,55,71
WBGene00011003.,77,550,627
WBGene00011004.,1104,1536,2640
WBGene00011005.,2,6,8
WBGene00011006.,3,3,6
WBGene00011007.,0,1,1
WBGene00011008.,0,2,2
WBGene00011009.,0,12,12
WBGene00011010.,0,12,12
WBGene00011011.,0,2,2
WBGene00011012.,0,5,5
WBGene00011013.,4,18,22
WBGene00011014.,19,118,137
WBGene00011015.,3470,36630,40100
WBGene00011016.,29,1141,1170
WBGene00011017.,7,988,995
WBGene00011018.,306,6365,6671
WBGene00011019.,296,3952,4248
WBGene00011020.,71,497,568
WBGene00011021.,415,3956,4371
WBGene00011022.,2,3,5
WBGene00011023.,1,2,3
WBGene00011024.,2,1,3
WBGene00011025.,5,9,14
WBGene00011026.,3618,13383,17001
WBGene00011027.,87,354,441
WBGene00011028.,417,876,1293
WBGene00011029.,124,833,957
WBGene00011030.,92,391,483
WBGene00011032.,70,1185,1255
WBGene00011033.,18,511,529
WBGene00011034.,39,652,691
WBGene00011035.,85,1032,1117
WBGene00011036.,53,641,694
WBGene00011037.,32,320,352
WBGene00011038.,83,2109,2192
WBGene00011039.,8,117,125
WBGene00011040.,30,470,500
WBGene00011041.,0,12,12
WBGene00011042.,13,760,773
WBGene00011043.,582,1240,1822
WBGene00011044.,118,158,276
WBGene00011045.,384,1414,1798
WBGene00011046.,3,21,24
WBGene00011047.,19,555,574
WBGene00011049.,1,11,12
WBGene00011050.,287,2607,2894
WBGene00011051.,47,1938,1985
WBGene00011052.,18,86,104
WBGene00011053.,10,2,12
WBGene00011054.,66,909,975
WBGene00011055.,204,2173,2377
WBGene00011056.,8,8,16
WBGene00011058.,271,490,761
WBGene00011059.,307,3447,3754
WBGene00011060.,261,5233,5494
WBGene00011061.,43,762,805
WBGene00011062.,5,277,282
WBGene00011063.,11,163,174
WBGene00011064.,78,1162,1240
WBGene00011065.,9,85,94
WBGene00011066.,40,377,417
WBGene00011067.,55,547,602
WBGene00011068.,33,636,669
WBGene00011069.,27,232,259
WBGene00011070.,507,11535,12042
WBGene00011071.,118,609,727
WBGene00011072.,1319,10842,12161
WBGene00011073.,11,210,221
WBGene00011074.,19,115,134
WBGene00011075.,26,12,38
WBGene00011076.,13,48,61
WBGene00011077.,3,34,37
WBGene00011078.,5,7,12
WBGene00011079.,0,0,0
WBGene00011081.,7,43,50
WBGene00011082.,32,205,237
WBGene00011083.,35,33,68
WBGene00011084.,2,15,17
WBGene00011087.,29,273,302
WBGene00011088.,20,555,575
WBGene00011089.,46,1316,1362
WBGene00011090.,32,214,246
WBGene00011092.,15,92,107
WBGene00011093.,42,259,301
WBGene00011094.,6,79,85
WBGene00011095.,6,206,212
WBGene00011096.,1,7,8
WBGene00011097.,225,1191,1416
WBGene00011098.,6,50,56
WBGene00011099.,39,241,280
WBGene00011100.,54,255,309
WBGene00011101.,29,82,111
WBGene00011102.,108,2803,2911
WBGene00011103.,1,128,129
WBGene00011104.,9,8,17
WBGene00011105.,197,1378,1575
WBGene00011106.,105,1142,1247
WBGene00011107.,2,9,11
WBGene00011108.,93,295,388
WBGene00011109.,50,1009,1059
WBGene00011110.,348,2095,2443
WBGene00011111.,54,2265,2319
WBGene00011112.,16,470,486
WBGene00011113.,33,133,166
WBGene00011114.,5,20,25
WBGene00011115.,56,1646,1702
WBGene00011116.,133,7041,7174
WBGene00011117.,8,172,180
WBGene00011119.,237,2212,2449
WBGene00011120.,0,12,12
WBGene00011121.,18,191,209
WBGene00011122.,416,1953,2369
WBGene00011123.,144,526,670
WBGene00011124.,123,2543,2666
WBGene00011127.,0,9,9
WBGene00011128.,42,3608,3650
WBGene00011129.,5,35,40
WBGene00011130.,1131,6,1137
WBGene00011131.,162,306,468
WBGene00011132.,0,0,0
WBGene00011133.,7,63,70
WBGene00011134.,0,1,1
WBGene00011135.,0,9,9
WBGene00011136.,5,24,29
WBGene00011137.,4,156,160
WBGene00011139.,40,374,414
WBGene00011140.,53,420,473
WBGene00011141.,72,620,692
WBGene00011142.,48,904,952
WBGene00011143.,83,999,1082
WBGene00011144.,8,1803,1811
WBGene00011145.,53,943,996
WBGene00011146.,913,2791,3704
WBGene00011147.,32,202,234
WBGene00011149.,2,0,2
WBGene00011150.,2,0,2
WBGene00011151.,3,1,4
WBGene00011152.,9,1,10
WBGene00011153.,6,3,9
WBGene00011154.,113,1677,1790
WBGene00011155.,378,5618,5996
WBGene00011156.,6991,97228,104219
WBGene00011157.,0,32,32
WBGene00011158.,5,156,161
WBGene00011159.,0,10,10
WBGene00011160.,1,8,9
WBGene00011161.,2,23,25
WBGene00011162.,0,0,0
WBGene00011163.,0,2,2
WBGene00011164.,2,0,2
WBGene00011165.,0,1,1
WBGene00011166.,2,41,43
WBGene00011167.,2,27,29
WBGene00011168.,9,25,34
WBGene00011169.,0,1,1
WBGene00011170.,0,1,1
WBGene00011171.,29,205,234
WBGene00011172.,2,17,19
WBGene00011173.,2,0,2
WBGene00011174.,3,1,4
WBGene00011175.,3,19,22
WBGene00011176.,0,28,28
WBGene00011177.,0,1,1
WBGene00011178.,2,1,3
WBGene00011179.,6,73,79
WBGene00011180.,14,43,57
WBGene00011181.,29,765,794
WBGene00011182.,88,259,347
WBGene00011183.,7,5,12
WBGene00011184.,4,28,32
WBGene00011185.,1,98,99
WBGene00011186.,3,10,13
WBGene00011187.,0,8,8
WBGene00011188.,21,273,294
WBGene00011189.,43,186,229
WBGene00011190.,17,59,76
WBGene00011191.,6,19,25
WBGene00011192.,15,10,25
WBGene00011193.,24,715,739
WBGene00011194.,129,466,595
WBGene00011195.,29,1454,1483
WBGene00011196.,0,0,0
WBGene00011197.,34,128,162
WBGene00011198.,113,3379,3492
WBGene00011200.,7,29,36
WBGene00011201.,14,124,138
WBGene00011202.,4,7,11
WBGene00011203.,3,46,49
WBGene00011205.,196,2595,2791
WBGene00011206.,60,392,452
WBGene00011207.,83,100,183
WBGene00011208.,1,0,1
WBGene00011209.,3,21,24
WBGene00011210.,4,3,7
WBGene00011211.,10,3,13
WBGene00011212.,39,167,206
WBGene00011213.,25,102,127
WBGene00011214.,7,88,95
WBGene00011215.,73,262,335
WBGene00011216.,143,1363,1506
WBGene00011217.,99,572,671
WBGene00011218.,45,400,445
WBGene00011219.,6,12,18
WBGene00011220.,8,121,129
WBGene00011221.,267,1797,2064
WBGene00011222.,44,391,435
WBGene00011223.,39,306,345
WBGene00011224.,31,190,221
WBGene00011225.,24,334,358
WBGene00011226.,375,2451,2826
WBGene00011227.,6,243,249
WBGene00011228.,1,42,43
WBGene00011229.,0,6,6
WBGene00011230.,128,4936,5064
WBGene00011231.,15,1169,1184
WBGene00011232.,3317,54824,58141
WBGene00011234.,0,27,27
WBGene00011235.,58,202,260
WBGene00011236.,32,539,571
WBGene00011237.,91,1887,1978
WBGene00011238.,5,49,54
WBGene00011239.,58,743,801
WBGene00011240.,481,4546,5027
WBGene00011241.,14,55,69
WBGene00011242.,90,1154,1244
WBGene00011243.,6,42,48
WBGene00011244.,26,1827,1853
WBGene00011245.,0,1,1
WBGene00011246.,14,19,33
WBGene00011247.,178,2244,2422
WBGene00011248.,63,754,817
WBGene00011249.,3,13,16
WBGene00011250.,63,1603,1666
WBGene00011251.,97,327,424
WBGene00011252.,10,142,152
WBGene00011253.,29,878,907
WBGene00011254.,118,4465,4583
WBGene00011255.,16,64,80
WBGene00011257.,11,14,25
WBGene00011258.,21,126,147
WBGene00011259.,477,2631,3108
WBGene00011260.,14,48,62
WBGene00011261.,595,436,1031
WBGene00011262.,18,104,122
WBGene00011263.,21,1411,1432
WBGene00011264.,6,10,16
WBGene00011265.,9,224,233
WBGene00011266.,5,664,669
WBGene00011267.,3,66,69
WBGene00011268.,172,573,745
WBGene00011269.,42,45,87
WBGene00011270.,389,7073,7462
WBGene00011271.,49,414,463
WBGene00011272.,30,257,287
WBGene00011273.,2142,74592,76734
WBGene00011274.,188,1623,1811
WBGene00011275.,22,321,343
WBGene00011276.,109,1434,1543
WBGene00011277.,1,23,24
WBGene00011278.,0,47,47
WBGene00011279.,407,3630,4037
WBGene00011280.,76,593,669
WBGene00011281.,77,826,903
WBGene00011282.,335,2797,3132
WBGene00011283.,834,4550,5384
WBGene00011284.,33,1918,1951
WBGene00011285.,39,321,360
WBGene00011286.,190,1810,2000
WBGene00011287.,75,507,582
WBGene00011288.,6,358,364
WBGene00011289.,20,8259,8279
WBGene00011290.,1,11,12
WBGene00011291.,61,316,377
WBGene00011292.,1195,14440,15635
WBGene00011293.,83,107,190
WBGene00011294.,7,16,23
WBGene00011295.,2,0,2
WBGene00011296.,2,34,36
WBGene00011297.,4,11,15
WBGene00011298.,188,725,913
WBGene00011299.,405,2617,3022
WBGene00011300.,126,6406,6532
WBGene00011302.,332,1445,1777
WBGene00011303.,401,2365,2766
WBGene00011304.,5959,22494,28453
WBGene00011305.,21,430,451
WBGene00011306.,53,515,568
WBGene00011307.,63,29,92
WBGene00011308.,174,2426,2600
WBGene00011309.,221,949,1170
WBGene00011310.,27,286,313
WBGene00011311.,487,7039,7526
WBGene00011312.,9,706,715
WBGene00011313.,2,43,45
WBGene00011314.,58,265,323
WBGene00011315.,15,164,179
WBGene00011317.,37,502,539
WBGene00011318.,23,573,596
WBGene00011319.,85,862,947
WBGene00011320.,1,107,108
WBGene00011321.,1,123,124
WBGene00011322.,10,12,22
WBGene00011323.,112,1223,1335
WBGene00011324.,5,460,465
WBGene00011325.,16,90,106
WBGene00011326.,88,1157,1245
WBGene00011327.,2,14,16
WBGene00011328.,386,6356,6742
WBGene00011329.,89,1419,1508
WBGene00011330.,44,654,698
WBGene00011331.,84,2528,2612
WBGene00011333.,194,2700,2894
WBGene00011334.,131,1903,2034
WBGene00011335.,41,55,96
WBGene00011336.,3,4,7
WBGene00011337.,170,7088,7258
WBGene00011338.,121,631,752
WBGene00011339.,26,91,117
WBGene00011340.,6,14,20
WBGene00011341.,0,5,5
WBGene00011342.,2,5,7
WBGene00011344.,605,3245,3850
WBGene00011345.,5,353,358
WBGene00011346.,0,0,0
WBGene00011348.,101,524,625
WBGene00011349.,79,995,1074
WBGene00011350.,0,96,96
WBGene00011351.,17,77,94
WBGene00011352.,338,3638,3976
WBGene00011353.,47,203,250
WBGene00011354.,6,18,24
WBGene00011355.,1,21,22
WBGene00011356.,0,4,4
WBGene00011357.,0,0,0
WBGene00011358.,3,7,10
WBGene00011359.,12,5,17
WBGene00011360.,5,7,12
WBGene00011361.,13,104,117
WBGene00011362.,5,9,14
WBGene00011363.,3,334,337
WBGene00011364.,24,194,218
WBGene00011365.,1,3,4
WBGene00011366.,6,84,90
WBGene00011367.,80,1050,1130
WBGene00011368.,75,560,635
WBGene00011369.,7,41,48
WBGene00011371.,36,168,204
WBGene00011372.,284,219,503
WBGene00011373.,0,0,0
WBGene00011374.,860,6252,7112
WBGene00011375.,182,917,1099
WBGene00011376.,24,260,284
WBGene00011378.,6,8,14
WBGene00011379.,3,4,7
WBGene00011380.,30,150,180
WBGene00011381.,26,179,205
WBGene00011382.,51,511,562
WBGene00011383.,112,2687,2799
WBGene00011386.,2,20,22
WBGene00011387.,5,1,6
WBGene00011388.,0,8,8
WBGene00011389.,0,0,0
WBGene00011390.,0,1,1
WBGene00011391.,208,1051,1259
WBGene00011392.,273,28589,28862
WBGene00011393.,26,402,428
WBGene00011394.,14,141,155
WBGene00011395.,2,0,2
WBGene00011396.,2,7,9
WBGene00011397.,8,111,119
WBGene00011398.,326,3969,4295
WBGene00011399.,2,404,406
WBGene00011400.,215,1166,1381
WBGene00011401.,5,32,37
WBGene00011402.,2,16,18
WBGene00011403.,3,9,12
WBGene00011404.,274,1548,1822
WBGene00011405.,3,24,27
WBGene00011407.,106,951,1057
WBGene00011408.,77,974,1051
WBGene00011409.,23,2229,2252
WBGene00011410.,3,1306,1309
WBGene00011411.,2,542,544
WBGene00011412.,60,1100,1160
WBGene00011414.,3,7,10
WBGene00011415.,38,478,516
WBGene00011416.,0,0,0
WBGene00011417.,0,0,0
WBGene00011418.,0,0,0
WBGene00011419.,0,5,5
WBGene00011420.,0,0,0
WBGene00011421.,10,101,111
WBGene00011422.,38,139,177
WBGene00011423.,303,2130,2433
WBGene00011424.,82,755,837
WBGene00011425.,14,28,42
WBGene00011426.,35,84,119
WBGene00011427.,23,60,83
WBGene00011428.,591,11929,12520
WBGene00011429.,10,112,122
WBGene00011430.,26,381,407
WBGene00011431.,9,58,67
WBGene00011432.,0,6,6
WBGene00011433.,254,1188,1442
WBGene00011434.,8,352,360
WBGene00011435.,1,8,9
WBGene00011436.,85,1433,1518
WBGene00011437.,19,278,297
WBGene00011438.,4,9,13
WBGene00011439.,39,389,428
WBGene00011440.,82,2309,2391
WBGene00011441.,89,560,649
WBGene00011442.,41,401,442
WBGene00011443.,4,70,74
WBGene00011444.,80,366,446
WBGene00011445.,44,260,304
WBGene00011446.,11,489,500
WBGene00011447.,41,139,180
WBGene00011448.,16,161,177
WBGene00011449.,120,2667,2787
WBGene00011450.,3,164,167
WBGene00011451.,24,359,383
WBGene00011452.,90,824,914
WBGene00011453.,19,151,170
WBGene00011454.,26,114,140
WBGene00011456.,65,93,158
WBGene00011458.,5,20,25
WBGene00011459.,5,3,8
WBGene00011460.,55,131,186
WBGene00011462.,28,47,75
WBGene00011463.,49,367,416
WBGene00011464.,36,590,626
WBGene00011465.,8,108,116
WBGene00011466.,3,24,27
WBGene00011467.,2,10,12
WBGene00011468.,6,16,22
WBGene00011469.,0,0,0
WBGene00011470.,0,0,0
WBGene00011471.,50,251,301
WBGene00011472.,2,1,3
WBGene00011473.,14,383,397
WBGene00011474.,51,30751,30802
WBGene00011475.,1,28,29
WBGene00011476.,15,84,99
WBGene00011478.,3,5,8
WBGene00011479.,102,1529,1631
WBGene00011480.,278,4096,4374
WBGene00011481.,6,2533,2539
WBGene00011482.,17,103,120
WBGene00011483.,2,6,8
WBGene00011484.,3,334,337
WBGene00011485.,1,0,1
WBGene00011486.,2,1,3
WBGene00011487.,5,1,6
WBGene00011488.,102,916,1018
WBGene00011489.,80,609,689
WBGene00011490.,67,889,956
WBGene00011491.,3,1,4
WBGene00011492.,17,26,43
WBGene00011493.,4,59,63
WBGene00011494.,1,2,3
WBGene00011495.,38,566,604
WBGene00011497.,63,506,569
WBGene00011498.,373,1961,2334
WBGene00011499.,0,4,4
WBGene00011500.,79,1168,1247
WBGene00011501.,4,235,239
WBGene00011502.,22,324,346
WBGene00011503.,285,937,1222
WBGene00011505.,1,2,3
WBGene00011506.,0,2,2
WBGene00011507.,51,2099,2150
WBGene00011508.,2,9,11
WBGene00011509.,0,43,43
WBGene00011510.,225,4441,4666
WBGene00011511.,436,2243,2679
WBGene00011512.,24,102,126
WBGene00011513.,5,323,328
WBGene00011514.,16,295,311
WBGene00011515.,2,0,2
WBGene00011516.,2,15,17
WBGene00011517.,40,250,290
WBGene00011518.,4,2,6
WBGene00011519.,4,17,21
WBGene00011520.,79,447,526
WBGene00011521.,0,3191,3191
WBGene00011522.,332,6635,6967
WBGene00011523.,22,49,71
WBGene00011524.,18,45,63
WBGene00011526.,83,1495,1578
WBGene00011527.,21,1677,1698
WBGene00011528.,75,1559,1634
WBGene00011529.,64,1585,1649
WBGene00011530.,14,16,30
WBGene00011531.,235,5365,5600
WBGene00011532.,218,1826,2044
WBGene00011533.,0,2,2
WBGene00011534.,10,82,92
WBGene00011535.,0,0,0
WBGene00011536.,0,4,4
WBGene00011537.,0,3,3
WBGene00011538.,76,2890,2966
WBGene00011539.,2,13,15
WBGene00011540.,147,804,951
WBGene00011541.,4,9,13
WBGene00011542.,3,1,4
WBGene00011543.,126,1051,1177
WBGene00011544.,2,6,8
WBGene00011545.,20,257,277
WBGene00011546.,23,252,275
WBGene00011547.,2,23,25
WBGene00011548.,0,4,4
WBGene00011549.,0,0,0
WBGene00011550.,0,22,22
WBGene00011551.,14,108,122
WBGene00011554.,9,5,14
WBGene00011556.,5,8,13
WBGene00011557.,0,2,2
WBGene00011558.,0,1545,1545
WBGene00011559.,50,459,509
WBGene00011560.,15,634,649
WBGene00011561.,447,20293,20740
WBGene00011562.,129,874,1003
WBGene00011563.,26,24,50
WBGene00011564.,416,2204,2620
WBGene00011565.,3,7,10
WBGene00011566.,7,19,26
WBGene00011567.,0,0,0
WBGene00011568.,6,17,23
WBGene00011570.,0,3,3
WBGene00011571.,353,7768,8121
WBGene00011572.,18,97,115
WBGene00011573.,23,1951,1974
WBGene00011574.,2,13,15
WBGene00011575.,20,156,176
WBGene00011576.,538,855,1393
WBGene00011577.,0,1,1
WBGene00011578.,22,68,90
WBGene00011579.,807,6223,7030
WBGene00011580.,92,1225,1317
WBGene00011581.,17,59,76
WBGene00011582.,60,32,92
WBGene00011583.,44,387,431
WBGene00011584.,0,0,0
WBGene00011585.,0,0,0
WBGene00011586.,60,2229,2289
WBGene00011587.,27,126,153
WBGene00011589.,17,613,630
WBGene00011590.,198,334,532
WBGene00011591.,13,141,154
WBGene00011592.,61,42,103
WBGene00011593.,5,45,50
WBGene00011594.,1,8,9
WBGene00011595.,1,0,1
WBGene00011596.,14,214,228
WBGene00011597.,99,321,420
WBGene00011599.,0,556,556
WBGene00011600.,36,325,361
WBGene00011601.,46,298,344
WBGene00011604.,267,884,1151
WBGene00011605.,130,2240,2370
WBGene00011606.,7,49,56
WBGene00011607.,33,92,125
WBGene00011608.,3,116,119
WBGene00011609.,0,2,2
WBGene00011610.,0,64,64
WBGene00011611.,15,39,54
WBGene00011612.,23,29,52
WBGene00011613.,20,149,169
WBGene00011614.,8,184,192
WBGene00011615.,14,205,219
WBGene00011616.,1,6,7
WBGene00011617.,1,2,3
WBGene00011618.,3,6,9
WBGene00011619.,5,0,5
WBGene00011620.,0,8,8
WBGene00011621.,0,1,1
WBGene00011622.,7,11,18
WBGene00011623.,2,22,24
WBGene00011624.,52,207,259
WBGene00011625.,36,728,764
WBGene00011626.,0,0,0
WBGene00011627.,0,0,0
WBGene00011628.,1,0,1
WBGene00011629.,572,12590,13162
WBGene00011630.,19,65,84
WBGene00011631.,579,3950,4529
WBGene00011633.,32,157,189
WBGene00011634.,114,1283,1397
WBGene00011635.,30,649,679
WBGene00011636.,288,2611,2899
WBGene00011637.,63,574,637
WBGene00011638.,16,1473,1489
WBGene00011639.,1003,5109,6112
WBGene00011640.,4,181,185
WBGene00011641.,0,823,823
WBGene00011642.,1,41,42
WBGene00011643.,21,141,162
WBGene00011644.,38,575,613
WBGene00011645.,26,322,348
WBGene00011646.,6,11,17
WBGene00011647.,1365,5737,7102
WBGene00011648.,71,605,676
WBGene00011649.,3,10,13
WBGene00011650.,0,1,1
WBGene00011651.,5,6,11
WBGene00011652.,0,3,3
WBGene00011653.,1,1,2
WBGene00011654.,2,2,4
WBGene00011655.,4,6,10
WBGene00011656.,1,5,6
WBGene00011657.,5,9,14
WBGene00011658.,0,0,0
WBGene00011659.,1,1,2
WBGene00011660.,29,94,123
WBGene00011661.,96,1014,1110
WBGene00011662.,253,3834,4087
WBGene00011663.,192,499,691
WBGene00011664.,31,345,376
WBGene00011665.,1,2,3
WBGene00011666.,2,3,5
WBGene00011668.,2,12,14
WBGene00011669.,6,2,8
WBGene00011670.,3,20,23
WBGene00011671.,12,28,40
WBGene00011672.,168,1791,1959
WBGene00011673.,4,80,84
WBGene00011674.,4,54,58
WBGene00011675.,15,76,91
WBGene00011676.,22,145,167
WBGene00011677.,38,84,122
WBGene00011678.,29,455,484
WBGene00011679.,66,1841,1907
WBGene00011680.,20,551,571
WBGene00011681.,264,1923,2187
WBGene00011682.,60,159,219
WBGene00011683.,582,4333,4915
WBGene00011684.,21,184,205
WBGene00011685.,0,6,6
WBGene00011686.,1,1,2
WBGene00011687.,24,3019,3043
WBGene00011688.,24,660,684
WBGene00011689.,15,22,37
WBGene00011690.,1,5,6
WBGene00011691.,2,3,5
WBGene00011692.,3192,14630,17822
WBGene00011693.,2,47,49
WBGene00011694.,54,165,219
WBGene00011695.,20,53,73
WBGene00011696.,436,2989,3425
WBGene00011697.,1,21,22
WBGene00011698.,13,23,36
WBGene00011699.,10,69,79
WBGene00011701.,6,28,34
WBGene00011702.,20,111,131
WBGene00011703.,4,4,8
WBGene00011704.,0,2,2
WBGene00011705.,50,352,402
WBGene00011706.,12,106,118
WBGene00011707.,7,72,79
WBGene00011708.,430,4727,5157
WBGene00011709.,22,64,86
WBGene00011710.,0,1,1
WBGene00011712.,1,28,29
WBGene00011713.,5,127,132
WBGene00011714.,0,3,3
WBGene00011715.,0,7,7
WBGene00011716.,1,6,7
WBGene00011717.,37,486,523
WBGene00011718.,16,121,137
WBGene00011719.,24,226,250
WBGene00011720.,355,2101,2456
WBGene00011721.,2,6,8
WBGene00011722.,112,1550,1662
WBGene00011723.,268,2120,2388
WBGene00011724.,3,1,4
WBGene00011725.,52,175,227
WBGene00011726.,488,5508,5996
WBGene00011727.,102,1438,1540
WBGene00011728.,30,108,138
WBGene00011729.,174,1957,2131
WBGene00011730.,43,4099,4142
WBGene00011731.,9,349,358
WBGene00011732.,937,3759,4696
WBGene00011733.,131,10285,10416
WBGene00011734.,132,4009,4141
WBGene00011735.,574,4025,4599
WBGene00011736.,249,7764,8013
WBGene00011737.,344,10394,10738
WBGene00011738.,128,801,929
WBGene00011739.,13,729,742
WBGene00011740.,171,1691,1862
WBGene00011741.,2,36,38
WBGene00011742.,39,793,832
WBGene00011743.,275,3122,3397
WBGene00011744.,7,30,37
WBGene00011745.,37,153,190
WBGene00011746.,36,923,959
WBGene00011747.,65,1042,1107
WBGene00011748.,1,14,15
WBGene00011749.,0,3,3
WBGene00011750.,1,3,4
WBGene00011751.,0,11,11
WBGene00011752.,44,198,242
WBGene00011753.,0,0,0
WBGene00011754.,23,74,97
WBGene00011755.,1013,3735,4748
WBGene00011756.,2,230,232
WBGene00011757.,5,5,10
WBGene00011758.,72,1655,1727
WBGene00011759.,22,1983,2005
WBGene00011760.,30,246,276
WBGene00011761.,21,560,581
WBGene00011762.,19,169,188
WBGene00011763.,247,7580,7827
WBGene00011765.,70,320,390
WBGene00011767.,453,1816,2269
WBGene00011768.,24,548,572
WBGene00011770.,1,40,41
WBGene00011771.,185,969,1154
WBGene00011772.,14,95,109
WBGene00011773.,6,545,551
WBGene00011774.,322,3370,3692
WBGene00011775.,99,1126,1225
WBGene00011776.,18,648,666
WBGene00011777.,0,102,102
WBGene00011778.,1,1,2
WBGene00011779.,2,0,2
WBGene00011780.,1,0,1
WBGene00011781.,0,1,1
WBGene00011782.,0,1,1
WBGene00011783.,1,1,2
WBGene00011784.,3,9,12
WBGene00011785.,7,4,11
WBGene00011786.,1,2,3
WBGene00011788.,34,377,411
WBGene00011789.,3,18,21
WBGene00011790.,2,8,10
WBGene00011791.,0,11,11
WBGene00011793.,28,152,180
WBGene00011794.,184,776,960
WBGene00011795.,3,48,51
WBGene00011796.,10,14,24
WBGene00011797.,4,45,49
WBGene00011798.,43,346,389
WBGene00011799.,15,98,113
WBGene00011800.,37,240,277
WBGene00011801.,149,1515,1664
WBGene00011802.,47,612,659
WBGene00011803.,3,9,12
WBGene00011804.,26,39,65
WBGene00011805.,0,74,74
WBGene00011806.,47,805,852
WBGene00011807.,117,679,796
WBGene00011808.,2,0,2
WBGene00011809.,0,2,2
WBGene00011810.,4,5,9
WBGene00011811.,11,135,146
WBGene00011812.,6,56,62
WBGene00011813.,48,614,662
WBGene00011814.,40,210,250
WBGene00011815.,289,4085,4374
WBGene00011816.,1,2,3
WBGene00011817.,186,945,1131
WBGene00011818.,8,9,17
WBGene00011819.,23,398,421
WBGene00011820.,14,381,395
WBGene00011821.,17,229,246
WBGene00011822.,16,155,171
WBGene00011823.,5,1356,1361
WBGene00011824.,339,991,1330
WBGene00011826.,70,136,206
WBGene00011827.,1121,1531,2652
WBGene00011828.,8,417,425
WBGene00011829.,31,72,103
WBGene00011830.,82,1141,1223
WBGene00011831.,4,45,49
WBGene00011832.,81,1324,1405
WBGene00011833.,8,62,70
WBGene00011834.,30,538,568
WBGene00011835.,18,749,767
WBGene00011836.,2,13,15
WBGene00011837.,3,19,22
WBGene00011838.,3,86,89
WBGene00011839.,33,2314,2347
WBGene00011840.,0,1,1
WBGene00011841.,2,5,7
WBGene00011842.,0,0,0
WBGene00011844.,4,33,37
WBGene00011846.,3,29,32
WBGene00011847.,3,15,18
WBGene00011848.,6,6,12
WBGene00011849.,21,3301,3322
WBGene00011850.,65,213,278
WBGene00011851.,0,1,1
WBGene00011852.,0,2,2
WBGene00011853.,2,5,7
WBGene00011854.,696,875,1571
WBGene00011855.,0,25,25
WBGene00011856.,164,2006,2170
WBGene00011857.,142,2610,2752
WBGene00011858.,54,2351,2405
WBGene00011859.,137,3133,3270
WBGene00011860.,10,356,366
WBGene00011864.,176,2849,3025
WBGene00011867.,47,2870,2917
WBGene00011868.,24,181,205
WBGene00011869.,126,130891,131017
WBGene00011870.,20,3744,3764
WBGene00011871.,68,674,742
WBGene00011872.,45,348,393
WBGene00011873.,231,270,501
WBGene00011874.,3,16,19
WBGene00011875.,42,128,170
WBGene00011876.,1,13,14
WBGene00011877.,1,7,8
WBGene00011878.,58,142,200
WBGene00011879.,103,829,932
WBGene00011880.,236,4345,4581
WBGene00011882.,10,2,12
WBGene00011883.,133,1210,1343
WBGene00011884.,153,28682,28835
WBGene00011885.,428,1539,1967
WBGene00011886.,13,203,216
WBGene00011887.,398,699,1097
WBGene00011888.,151,400,551
WBGene00011890.,23,495,518
WBGene00011891.,50,1269,1319
WBGene00011892.,138,1849,1987
WBGene00011893.,10,179,189
WBGene00011894.,245,3035,3280
WBGene00011895.,6,17,23
WBGene00011896.,4,179,183
WBGene00011897.,154,2173,2327
WBGene00011898.,1,126,127
WBGene00011899.,34,644,678
WBGene00011900.,22,7,29
WBGene00011902.,1,9,10
WBGene00011903.,0,10,10
WBGene00011904.,310,952,1262
WBGene00011906.,3,52,55
WBGene00011908.,83,270,353
WBGene00011909.,5,19,24
WBGene00011910.,3,11,14
WBGene00011911.,0,2,2
WBGene00011912.,171,2343,2514
WBGene00011913.,279,2081,2360
WBGene00011914.,23,466,489
WBGene00011915.,24,321,345
WBGene00011916.,65,436,501
WBGene00011917.,243,4399,4642
WBGene00011918.,2,12,14
WBGene00011919.,2,13,15
WBGene00011920.,44,519,563
WBGene00011921.,6,3,9
WBGene00011922.,7,37,44
WBGene00011923.,11,95,106
WBGene00011924.,47,486,533
WBGene00011925.,32,579,611
WBGene00011926.,12,75,87
WBGene00011927.,20,386,406
WBGene00011928.,11,38,49
WBGene00011929.,0,0,0
WBGene00011930.,44,222,266
WBGene00011931.,14,664,678
WBGene00011932.,114,588,702
WBGene00011933.,1,2,3
WBGene00011934.,0,0,0
WBGene00011935.,16,1159,1175
WBGene00011936.,46,821,867
WBGene00011937.,0,3,3
WBGene00011938.,3,24,27
WBGene00011939.,152,617,769
WBGene00011940.,269,842,1111
WBGene00011941.,95,425,520
WBGene00011942.,0,1,1
WBGene00011943.,0,1,1
WBGene00011944.,881,8576,9457
WBGene00011945.,68,252,320
WBGene00011947.,0,2,2
WBGene00011948.,2,6,8
WBGene00011949.,3,11,14
WBGene00011950.,1,1,2
WBGene00011951.,5,14,19
WBGene00011952.,20,80,100
WBGene00011953.,586,5471,6057
WBGene00011954.,0,6,6
WBGene00011955.,65,778,843
WBGene00011956.,23,433,456
WBGene00011957.,129,883,1012
WBGene00011958.,3,110,113
WBGene00011959.,4,451,455
WBGene00011960.,27,210,237
WBGene00011961.,2,0,2
WBGene00011962.,122,1177,1299
WBGene00011963.,95,485,580
WBGene00011964.,67,671,738
WBGene00011965.,94,693,787
WBGene00011966.,1769,26097,27866
WBGene00011967.,201,3232,3433
WBGene00011968.,0,42,42
WBGene00011969.,11,912,923
WBGene00011970.,247,782,1029
WBGene00011971.,294,3132,3426
WBGene00011972.,121,1181,1302
WBGene00011973.,5,8,13
WBGene00011974.,28,350,378
WBGene00011975.,151,1402,1553
WBGene00011976.,187,769,956
WBGene00011977.,322,15619,15941
WBGene00011978.,599,7419,8018
WBGene00011979.,2,13,15
WBGene00011980.,255,2046,2301
WBGene00011981.,0,11,11
WBGene00011982.,0,2,2
WBGene00011983.,2,22,24
WBGene00011984.,30,429,459
WBGene00011985.,71,814,885
WBGene00011986.,1,68,69
WBGene00011988.,55,272,327
WBGene00011989.,3,0,3
WBGene00011990.,2,128,130
WBGene00011991.,9,2,11
WBGene00011992.,0,0,0
WBGene00011993.,0,1,1
WBGene00011994.,15,605,620
WBGene00011995.,369,1748,2117
WBGene00011996.,16,260,276
WBGene00011997.,30,1501,1531
WBGene00011999.,3,9,12
WBGene00012000.,26,982,1008
WBGene00012002.,51,843,894
WBGene00012003.,29,16,45
WBGene00012004.,154,1606,1760
WBGene00012005.,2938,1249,4187
WBGene00012007.,29,1390,1419
WBGene00012008.,0,4,4
WBGene00012009.,23,98,121
WBGene00012010.,0,2,2
WBGene00012011.,2,7,9
WBGene00012012.,5,3,8
WBGene00012013.,44,179,223
WBGene00012014.,154,1312,1466
WBGene00012015.,233,2242,2475
WBGene00012016.,62,299,361
WBGene00012017.,24,21,45
WBGene00012018.,127,862,989
WBGene00012019.,2096,1335,3431
WBGene00012020.,1,116,117
WBGene00012021.,4,15,19
WBGene00012022.,10,2,12
WBGene00012023.,5,13,18
WBGene00012024.,0,3,3
WBGene00012025.,1,9,10
WBGene00012026.,3,14,17
WBGene00012027.,1,7,8
WBGene00012028.,1,8,9
WBGene00012029.,125,924,1049
WBGene00012030.,373,11050,11423
WBGene00012031.,107,2875,2982
WBGene00012032.,2,9,11
WBGene00012033.,259,887,1146
WBGene00012034.,89,1112,1201
WBGene00012035.,10,299,309
WBGene00012036.,0,6,6
WBGene00012037.,908,6182,7090
WBGene00012038.,0,2,2
WBGene00012039.,0,3,3
WBGene00012040.,4,9,13
WBGene00012041.,3,8,11
WBGene00012042.,14,266,280
WBGene00012043.,5,11,16
WBGene00012044.,0,12,12
WBGene00012045.,2,3,5
WBGene00012046.,3,1,4
WBGene00012047.,5,2,7
WBGene00012048.,1,1,2
WBGene00012049.,0,1,1
WBGene00012050.,2,1,3
WBGene00012051.,4,3,7
WBGene00012052.,0,1,1
WBGene00012053.,0,0,0
WBGene00012054.,4,1,5
WBGene00012055.,2,8,10
WBGene00012056.,0,9,9
WBGene00012057.,0,0,0
WBGene00012058.,7,5,12
WBGene00012059.,221,2632,2853
WBGene00012060.,0,0,0
WBGene00012061.,0,0,0
WBGene00012062.,36,382,418
WBGene00012063.,0,1,1
WBGene00012064.,0,0,0
WBGene00012065.,0,0,0
WBGene00012066.,0,0,0
WBGene00012067.,0,3,3
WBGene00012068.,7,25,32
WBGene00012069.,15,122,137
WBGene00012070.,43,96,139
WBGene00012072.,2,8,10
WBGene00012073.,28,374,402
WBGene00012074.,1,6,7
WBGene00012075.,0,0,0
WBGene00012077.,1,0,1
WBGene00012078.,1,1,2
WBGene00012079.,0,4,4
WBGene00012080.,0,0,0
WBGene00012081.,9,3,12
WBGene00012083.,0,1,1
WBGene00012084.,215,342,557
WBGene00012085.,173,3702,3875
WBGene00012086.,17,25,42
WBGene00012087.,3,2,5
WBGene00012088.,1,0,1
WBGene00012089.,4,3,7
WBGene00012090.,0,0,0
WBGene00012091.,8,2,10
WBGene00012093.,3,4,7
WBGene00012094.,0,7324,7324
WBGene00012095.,97,624,721
WBGene00012096.,0,2,2
WBGene00012097.,458,34433,34891
WBGene00012098.,0,1,1
WBGene00012099.,99,159,258
WBGene00012100.,434,3362,3796
WBGene00012101.,4,1178,1182
WBGene00012102.,5,7,12
WBGene00012103.,2,50,52
WBGene00012104.,332,3303,3635
WBGene00012105.,54,355,409
WBGene00012106.,56,532,588
WBGene00012107.,8,127,135
WBGene00012108.,0,1,1
WBGene00012109.,23,179,202
WBGene00012110.,22,145,167
WBGene00012111.,17,118,135
WBGene00012112.,31,379,410
WBGene00012113.,67,29106,29173
WBGene00012114.,16,92,108
WBGene00012115.,13,46,59
WBGene00012116.,28,86,114
WBGene00012117.,1069,10136,11205
WBGene00012118.,82,704,786
WBGene00012119.,1,42,43
WBGene00012120.,6,17,23
WBGene00012121.,375,3633,4008
WBGene00012122.,19,1059,1078
WBGene00012123.,4,31,35
WBGene00012124.,16,324,340
WBGene00012125.,126,921,1047
WBGene00012126.,560,712,1272
WBGene00012127.,16,434,450
WBGene00012128.,281,3827,4108
WBGene00012130.,41,289,330
WBGene00012131.,17,231,248
WBGene00012132.,67,424,491
WBGene00012133.,0,1,1
WBGene00012134.,50,466,516
WBGene00012135.,58,168,226
WBGene00012136.,1266,3506,4772
WBGene00012137.,88,180,268
WBGene00012138.,15,97,112
WBGene00012139.,1131,1163,2294
WBGene00012140.,1178,74175,75353
WBGene00012142.,76,489,565
WBGene00012143.,69,641,710
WBGene00012144.,87,1668,1755
WBGene00012145.,21,552,573
WBGene00012146.,0,0,0
WBGene00012147.,6,24,30
WBGene00012148.,490,94686,95176
WBGene00012149.,232,948,1180
WBGene00012150.,69,348,417
WBGene00012151.,10,89,99
WBGene00012152.,122,1596,1718
WBGene00012155.,17,180,197
WBGene00012156.,3,680,683
WBGene00012157.,124,775,899
WBGene00012158.,1553,14783,16336
WBGene00012159.,2,20,22
WBGene00012162.,5,74,79
WBGene00012163.,3,25,28
WBGene00012164.,114,229,343
WBGene00012165.,117,257,374
WBGene00012166.,19,5057,5076
WBGene00012167.,10,636,646
WBGene00012168.,142,289,431
WBGene00012169.,1,2,3
WBGene00012170.,9,4,13
WBGene00012171.,0,17,17
WBGene00012172.,10,29,39
WBGene00012173.,1,7,8
WBGene00012174.,2,1,3
WBGene00012175.,7,23,30
WBGene00012176.,6,11,17
WBGene00012177.,3,8,11
WBGene00012178.,93,357,450
WBGene00012179.,2513,156191,158704
WBGene00012180.,90,29,119
WBGene00012181.,5,11,16
WBGene00012182.,38,1910,1948
WBGene00012183.,0,102,102
WBGene00012184.,21,128,149
WBGene00012185.,91,924,1015
WBGene00012186.,2,13,15
WBGene00012187.,48,1065,1113
WBGene00012188.,120,784,904
WBGene00012189.,7,101,108
WBGene00012190.,28,74,102
WBGene00012191.,78,95,173
WBGene00012192.,97,400,497
WBGene00012193.,936,5701,6637
WBGene00012194.,69,1674,1743
WBGene00012195.,38,58,96
WBGene00012196.,10,95,105
WBGene00012197.,96,2005,2101
WBGene00012198.,8,214,222
WBGene00012199.,2,8,10
WBGene00012200.,4,4,8
WBGene00012201.,20,122,142
WBGene00012202.,5,14,19
WBGene00012203.,122,2097,2219
WBGene00012204.,34,2846,2880
WBGene00012205.,39,949,988
WBGene00012206.,27,830,857
WBGene00012207.,0,2,2
WBGene00012208.,64,575,639
WBGene00012209.,24,313,337
WBGene00012210.,4,344,348
WBGene00012211.,2,7,9
WBGene00012212.,0,4,4
WBGene00012213.,0,3,3
WBGene00012214.,0,0,0
WBGene00012215.,1,10,11
WBGene00012216.,65,5685,5750
WBGene00012217.,38,120,158
WBGene00012218.,0,5,5
WBGene00012219.,10,31,41
WBGene00012220.,59,277,336
WBGene00012221.,276,5194,5470
WBGene00012222.,67,217,284
WBGene00012223.,1,0,1
WBGene00012224.,3,5,8
WBGene00012225.,113,294,407
WBGene00012226.,171,1189,1360
WBGene00012227.,5,54,59
WBGene00012228.,23,79,102
WBGene00012230.,327,868,1195
WBGene00012231.,6,6,12
WBGene00012232.,1,1,2
WBGene00012233.,6,6,12
WBGene00012234.,337,1112,1449
WBGene00012235.,135,784,919
WBGene00012236.,45,290,335
WBGene00012237.,5,151,156
WBGene00012238.,0,6,6
WBGene00012239.,178,6180,6358
WBGene00012240.,0,5,5
WBGene00012241.,122,306,428
WBGene00012242.,0,13,13
WBGene00012243.,46,917,963
WBGene00012244.,41,7997,8038
WBGene00012245.,727,5338,6065
WBGene00012246.,0,4,4
WBGene00012247.,1,2,3
WBGene00012248.,1,0,1
WBGene00012249.,2,0,2
WBGene00012250.,4,0,4
WBGene00012251.,1,32,33
WBGene00012252.,665,3223,3888
WBGene00012253.,29,1556,1585
WBGene00012254.,31,66,97
WBGene00012255.,2,12,14
WBGene00012256.,0,1,1
WBGene00012257.,0,2,2
WBGene00012258.,39,1075,1114
WBGene00012259.,129,675,804
WBGene00012260.,0,1,1
WBGene00012261.,2,18,20
WBGene00012264.,5,49,54
WBGene00012265.,15,59,74
WBGene00012266.,8,25,33
WBGene00012267.,2,6,8
WBGene00012268.,4,89,93
WBGene00012269.,4,5,9
WBGene00012270.,10,22,32
WBGene00012271.,10,33,43
WBGene00012272.,103,91,194
WBGene00012274.,904,3702,4606
WBGene00012275.,108,209,317
WBGene00012276.,94,1596,1690
WBGene00012277.,77,732,809
WBGene00012278.,0,2,2
WBGene00012279.,7,434,441
WBGene00012280.,5,52,57
WBGene00012281.,84,303,387
WBGene00012282.,31,458,489
WBGene00012283.,5,3,8
WBGene00012284.,2,6,8
WBGene00012285.,6,10,16
WBGene00012286.,0,4,4
WBGene00012287.,0,11,11
WBGene00012288.,0,18,18
WBGene00012289.,314,2087,2401
WBGene00012290.,20,65,85
WBGene00012291.,739,3973,4712
WBGene00012292.,0,0,0
WBGene00012293.,70,53,123
WBGene00012294.,0,1,1
WBGene00012295.,42,66,108
WBGene00012296.,4,20,24
WBGene00012297.,3,26,29
WBGene00012298.,69,1337,1406
WBGene00012299.,4,54,58
WBGene00012300.,0,0,0
WBGene00012301.,0,1,1
WBGene00012302.,0,0,0
WBGene00012303.,2,2,4
WBGene00012304.,46,2,48
WBGene00012305.,0,0,0
WBGene00012306.,242,428,670
WBGene00012307.,16,103,119
WBGene00012308.,5,8,13
WBGene00012309.,1,10,11
WBGene00012310.,12,4,16
WBGene00012311.,0,6,6
WBGene00012312.,0,0,0
WBGene00012313.,0,4,4
WBGene00012314.,0,0,0
WBGene00012315.,68,938,1006
WBGene00012316.,238,1103,1341
WBGene00012317.,164,1938,2102
WBGene00012318.,2,2,4
WBGene00012319.,328,1384,1712
WBGene00012320.,1,1,2
WBGene00012321.,6,19,25
WBGene00012322.,151,770,921
WBGene00012323.,1,2,3
WBGene00012324.,6,156,162
WBGene00012325.,8,37,45
WBGene00012326.,235,1051,1286
WBGene00012328.,14,111,125
WBGene00012329.,4,8,12
WBGene00012330.,44,309,353
WBGene00012332.,18,133,151
WBGene00012333.,5,18,23
WBGene00012334.,12,7,19
WBGene00012335.,1,4,5
WBGene00012336.,17,35,52
WBGene00012337.,185,2552,2737
WBGene00012339.,207,2751,2958
WBGene00012340.,57,258,315
WBGene00012341.,152,1288,1440
WBGene00012342.,159,1434,1593
WBGene00012343.,139,1447,1586
WBGene00012344.,242,3891,4133
WBGene00012345.,8,46,54
WBGene00012346.,3,0,3
WBGene00012347.,1196,566,1762
WBGene00012348.,1293,4407,5700
WBGene00012349.,4,0,4
WBGene00012350.,0,0,0
WBGene00012351.,4190,33435,37625
WBGene00012352.,153,649,802
WBGene00012353.,88,1109,1197
WBGene00012354.,724,46278,47002
WBGene00012355.,69,0,69
WBGene00012356.,15,225,240
WBGene00012357.,1,21,22
WBGene00012358.,236,2420,2656
WBGene00012359.,58,704,762
WBGene00012360.,180,796,976
WBGene00012361.,40,2113,2153
WBGene00012362.,1292,3116,4408
WBGene00012363.,115,576,691
WBGene00012364.,147,637,784
WBGene00012365.,63,772,835
WBGene00012366.,148,1956,2104
WBGene00012368.,3,75,78
WBGene00012369.,78,589,667
WBGene00012370.,183,372,555
WBGene00012371.,695,593,1288
WBGene00012372.,48,177,225
WBGene00012373.,0,1,1
WBGene00012374.,74,138,212
WBGene00012375.,23,1447,1470
WBGene00012376.,544,15668,16212
WBGene00012377.,0,0,0
WBGene00012378.,0,3,3
WBGene00012379.,0,3,3
WBGene00012381.,109,868,977
WBGene00012382.,13622,203259,216881
WBGene00012383.,6092,78851,84943
WBGene00012384.,54,640,694
WBGene00012385.,72,568,640
WBGene00012386.,111078,859,111937
WBGene00012387.,53,204,257
WBGene00012388.,6,5,11
WBGene00012389.,325,1047,1372
WBGene00012390.,173,435,608
WBGene00012391.,27,215,242
WBGene00012393.,121,486,607
WBGene00012394.,16,18,34
WBGene00012395.,4,640,644
WBGene00012396.,8,50,58
WBGene00012397.,0,3,3
WBGene00012398.,114,1003,1117
WBGene00012399.,113,249,362
WBGene00012400.,5,59,64
WBGene00012401.,0,3,3
WBGene00012402.,0,0,0
WBGene00012403.,1,1,2
WBGene00012404.,12,185,197
WBGene00012405.,0,0,0
WBGene00012406.,5,9,14
WBGene00012407.,14,143,157
WBGene00012408.,22,115,137
WBGene00012409.,0,4,4
WBGene00012411.,0,2,2
WBGene00012412.,0,110,110
WBGene00012413.,6,62,68
WBGene00012414.,4,8,12
WBGene00012415.,9,22,31
WBGene00012416.,9,20,29
WBGene00012418.,33,49,82
WBGene00012419.,0,0,0
WBGene00012420.,9,2112,2121
WBGene00012421.,133,1949,2082
WBGene00012423.,303,857,1160
WBGene00012424.,2459,14603,17062
WBGene00012425.,20,55,75
WBGene00012426.,14,11,25
WBGene00012428.,11,3,14
WBGene00012429.,0,4,4
WBGene00012431.,12,274,286
WBGene00012432.,23,96,119
WBGene00012433.,3,9,12
WBGene00012434.,227,3622,3849
WBGene00012435.,12,474,486
WBGene00012436.,2,72,74
WBGene00012437.,403,2461,2864
WBGene00012439.,34,948,982
WBGene00012440.,7,689,696
WBGene00012441.,29,166,195
WBGene00012442.,15,31,46
WBGene00012443.,646,9991,10637
WBGene00012444.,311,6544,6855
WBGene00012445.,17,51,68
WBGene00012446.,39,122,161
WBGene00012448.,21,14,35
WBGene00012449.,22,68,90
WBGene00012450.,20,44,64
WBGene00012451.,22,6,28
WBGene00012452.,0,1989,1989
WBGene00012453.,0,5,5
WBGene00012454.,1,2,3
WBGene00012455.,10,30,40
WBGene00012456.,18,69,87
WBGene00012457.,20,91,111
WBGene00012458.,430,1491,1921
WBGene00012459.,38,708,746
WBGene00012460.,55,471,526
WBGene00012461.,205,199,404
WBGene00012462.,395,480,875
WBGene00012463.,472,1140,1612
WBGene00012464.,20,85,105
WBGene00012465.,133,1080,1213
WBGene00012466.,771,1167,1938
WBGene00012467.,23,92,115
WBGene00012468.,359,3014,3373
WBGene00012469.,56,242,298
WBGene00012470.,5,3,8
WBGene00012471.,148,6347,6495
WBGene00012472.,214,925,1139
WBGene00012473.,90,143,233
WBGene00012474.,192,1131,1323
WBGene00012475.,16,15,31
WBGene00012476.,6,325,331
WBGene00012477.,62,106,168
WBGene00012478.,186,943,1129
WBGene00012479.,135,1107,1242
WBGene00012480.,6,26,32
WBGene00012481.,14,213,227
WBGene00012482.,3,2,5
WBGene00012483.,0,996,996
WBGene00012484.,10,2448,2458
WBGene00012485.,5,92,97
WBGene00012486.,2,6,8
WBGene00012487.,1,33,34
WBGene00012488.,1,1,2
WBGene00012489.,0,0,0
WBGene00012490.,0,3,3
WBGene00012491.,48,31,79
WBGene00012492.,1,5,6
WBGene00012493.,0,1,1
WBGene00012494.,75,316,391
WBGene00012496.,81,913,994
WBGene00012497.,63,2033,2096
WBGene00012498.,0,37,37
WBGene00012499.,0,18,18
WBGene00012500.,2,9,11
WBGene00012501.,1,0,1
WBGene00012502.,1,4,5
WBGene00012503.,6,46,52
WBGene00012504.,0,4,4
WBGene00012505.,0,4,4
WBGene00012509.,2,2,4
WBGene00012512.,6,141,147
WBGene00012513.,18,73,91
WBGene00012514.,36,443,479
WBGene00012515.,4,6,10
WBGene00012516.,0,3,3
WBGene00012517.,0,0,0
WBGene00012518.,0,5,5
WBGene00012519.,3,4,7
WBGene00012520.,2,2,4
WBGene00012521.,1,15,16
WBGene00012522.,397,1385,1782
WBGene00012523.,0,1,1
WBGene00012524.,39,445,484
WBGene00012525.,9,20,29
WBGene00012526.,1,6,7
WBGene00012527.,57,422,479
WBGene00012528.,176,3522,3698
WBGene00012529.,35,391,426
WBGene00012530.,337,575,912
WBGene00012531.,58,209,267
WBGene00012532.,142,381,523
WBGene00012533.,2,26,28
WBGene00012535.,17,13,30
WBGene00012536.,49,187,236
WBGene00012537.,2,133,135
WBGene00012538.,24,123,147
WBGene00012540.,5,19,24
WBGene00012541.,9,20,29
WBGene00012542.,30,22,52
WBGene00012543.,543,1651,2194
WBGene00012544.,863,11072,11935
WBGene00012545.,11,6,17
WBGene00012546.,47,1737,1784
WBGene00012547.,3,14,17
WBGene00012548.,294,1468,1762
WBGene00012549.,8,2,10
WBGene00012550.,6,1891,1897
WBGene00012551.,5,625,630
WBGene00012552.,1,134,135
WBGene00012553.,4555,40007,44562
WBGene00012554.,137,3018,3155
WBGene00012555.,31,403,434
WBGene00012556.,64,903,967
WBGene00012557.,7,7,14
WBGene00012558.,213,1512,1725
WBGene00012559.,185,423,608
WBGene00012560.,487,1154,1641
WBGene00012561.,2,31,33
WBGene00012562.,98,897,995
WBGene00012564.,30,580,610
WBGene00012565.,28,452,480
WBGene00012566.,6,135,141
WBGene00012567.,6,37,43
WBGene00012568.,10,133,143
WBGene00012569.,7,131,138
WBGene00012570.,4,14,18
WBGene00012571.,2,1,3
WBGene00012572.,7,12,19
WBGene00012573.,46,475,521
WBGene00012574.,3,17,20
WBGene00012575.,1,0,1
WBGene00012576.,98,292,390
WBGene00012577.,2,4,6
WBGene00012578.,275,759,1034
WBGene00012579.,0,0,0
WBGene00012580.,0,0,0
WBGene00012581.,0,1,1
WBGene00012582.,2,28,30
WBGene00012583.,5,10,15
WBGene00012584.,1213,2788,4001
WBGene00012585.,357,861,1218
WBGene00012586.,6,14,20
WBGene00012587.,4,5,9
WBGene00012588.,3,6,9
WBGene00012589.,24,301,325
WBGene00012590.,3,7,10
WBGene00012591.,0,4366,4366
WBGene00012592.,1,35,36
WBGene00012593.,2,31,33
WBGene00012594.,13,154,167
WBGene00012595.,1,30,31
WBGene00012596.,2,3,5
WBGene00012597.,4,3,7
WBGene00012600.,97,418,515
WBGene00012602.,459,7537,7996
WBGene00012603.,12,140,152
WBGene00012604.,0,1082,1082
WBGene00012605.,39,614,653
WBGene00012606.,57,445,502
WBGene00012607.,14,49,63
WBGene00012608.,123,1178,1301
WBGene00012609.,1,8,9
WBGene00012610.,26,305,331
WBGene00012612.,0,6,6
WBGene00012614.,4,8,12
WBGene00012615.,150,1762,1912
WBGene00012616.,2,164,166
WBGene00012617.,0,7,7
WBGene00012618.,7,14,21
WBGene00012620.,0,7,7
WBGene00012621.,3,52,55
WBGene00012622.,32,98,130
WBGene00012623.,25,137,162
WBGene00012624.,87,610,697
WBGene00012625.,4,32,36
WBGene00012626.,34,127,161
WBGene00012627.,12,28,40
WBGene00012628.,80,784,864
WBGene00012629.,54,238,292
WBGene00012630.,0,4,4
WBGene00012631.,4,13,17
WBGene00012632.,4,40,44
WBGene00012633.,31,28,59
WBGene00012634.,2,74,76
WBGene00012635.,8,14,22
WBGene00012636.,4,4,8
WBGene00012637.,0,24,24
WBGene00012638.,0,2,2
WBGene00012639.,19,76,95
WBGene00012640.,3,29,32
WBGene00012641.,443,3887,4330
WBGene00012642.,18,30,48
WBGene00012643.,28,3073,3101
WBGene00012644.,467,586,1053
WBGene00012645.,197,1516,1713
WBGene00012646.,282,2513,2795
WBGene00012647.,93,503,596
WBGene00012648.,141,1467,1608
WBGene00012649.,0,7,7
WBGene00012650.,10,505,515
WBGene00012651.,56,288,344
WBGene00012652.,16,584,600
WBGene00012653.,0,0,0
WBGene00012654.,27,38,65
WBGene00012655.,0,5,5
WBGene00012656.,8,17,25
WBGene00012657.,57,190,247
WBGene00012658.,116,497,613
WBGene00012659.,26,9,35
WBGene00012660.,0,64,64
WBGene00012661.,1,0,1
WBGene00012662.,91,1339,1430
WBGene00012663.,234,883,1117
WBGene00012664.,2,332,334
WBGene00012665.,118,378,496
WBGene00012666.,634,5407,6041
WBGene00012668.,1680,6133,7813
WBGene00012669.,23,54,77
WBGene00012670.,19,7,26
WBGene00012671.,2,24,26
WBGene00012672.,2,6,8
WBGene00012673.,13,107,120
WBGene00012674.,401,1562,1963
WBGene00012675.,176,857,1033
WBGene00012676.,304,801,1105
WBGene00012678.,26,135,161
WBGene00012679.,3,15,18
WBGene00012680.,0,14,14
WBGene00012681.,3,0,3
WBGene00012682.,4,5,9
WBGene00012683.,0,2,2
WBGene00012684.,1,1,2
WBGene00012686.,2,5,7
WBGene00012688.,6,8,14
WBGene00012689.,6,30,36
WBGene00012690.,2,4,6
WBGene00012692.,954,9168,10122
WBGene00012693.,210,1872,2082
WBGene00012694.,86,754,840
WBGene00012695.,29,1948,1977
WBGene00012696.,21,158,179
WBGene00012697.,69,793,862
WBGene00012698.,11,318,329
WBGene00012699.,15,23,38
WBGene00012700.,42,376,418
WBGene00012701.,139,564,703
WBGene00012702.,13,55,68
WBGene00012703.,60,173,233
WBGene00012704.,67,303,370
WBGene00012705.,3,5,8
WBGene00012706.,1,1,2
WBGene00012707.,3,8,11
WBGene00012708.,2,8,10
WBGene00012709.,17,32,49
WBGene00012710.,12,436,448
WBGene00012711.,13,72,85
WBGene00012712.,174,329,503
WBGene00012713.,174,1666,1840
WBGene00012714.,48,493,541
WBGene00012715.,32,325,357
WBGene00012716.,5,162,167
WBGene00012717.,955,9473,10428
WBGene00012718.,598,200,798
WBGene00012719.,176,341,517
WBGene00012720.,3,17,20
WBGene00012721.,29,35,64
WBGene00012722.,46,735,781
WBGene00012723.,15,417,432
WBGene00012724.,6,7,13
WBGene00012725.,0,2,2
WBGene00012726.,5,8,13
WBGene00012727.,0,0,0
WBGene00012728.,10,183,193
WBGene00012729.,0,3,3
WBGene00012730.,774,1245,2019
WBGene00012731.,2,35,37
WBGene00012732.,260,586,846
WBGene00012734.,387,473,860
WBGene00012735.,783,1751,2534
WBGene00012738.,85,2327,2412
WBGene00012739.,3110,13656,16766
WBGene00012740.,82,395,477
WBGene00012741.,4,5,9
WBGene00012742.,0,0,0
WBGene00012743.,20,13,33
WBGene00012744.,214,365,579
WBGene00012745.,5,1,6
WBGene00012746.,0,0,0
WBGene00012747.,10,12,22
WBGene00012748.,5,49,54
WBGene00012749.,8,9,17
WBGene00012750.,150,535,685
WBGene00012752.,0,0,0
WBGene00012753.,30,321,351
WBGene00012754.,11,57,68
WBGene00012755.,46,552,598
WBGene00012756.,240,734,974
WBGene00012757.,80,896,976
WBGene00012758.,22,190,212
WBGene00012759.,345,8152,8497
WBGene00012760.,5611,1177,6788
WBGene00012761.,2,3,5
WBGene00012762.,123,1407,1530
WBGene00012763.,226,886,1112
WBGene00012764.,0,572,572
WBGene00012765.,343,1381,1724
WBGene00012766.,35,2730,2765
WBGene00012767.,297,712,1009
WBGene00012768.,19,25823,25842
WBGene00012769.,351,2569,2920
WBGene00012770.,191,31,222
WBGene00012771.,2,5,7
WBGene00012772.,11,1,12
WBGene00012773.,9,3,12
WBGene00012775.,25,5,30
WBGene00012776.,217,1070,1287
WBGene00012777.,21,178,199
WBGene00012778.,56,508,564
WBGene00012779.,86,272,358
WBGene00012780.,7,14,21
WBGene00012781.,0,24,24
WBGene00012782.,91,673,764
WBGene00012783.,329,21252,21581
WBGene00012784.,19,20,39
WBGene00012785.,0,3,3
WBGene00012786.,3,19,22
WBGene00012787.,0,28,28
WBGene00012788.,71,15,86
WBGene00012789.,1,0,1
WBGene00012790.,0,0,0
WBGene00012791.,21,94,115
WBGene00012792.,0,6,6
WBGene00012793.,1,2,3
WBGene00012794.,123,2177,2300
WBGene00012795.,6,185,191
WBGene00012796.,70,319,389
WBGene00012798.,7,12,19
WBGene00012799.,0,6,6
WBGene00012802.,96,479,575
WBGene00012803.,26,1067,1093
WBGene00012804.,157,527,684
WBGene00012806.,52,445,497
WBGene00012807.,69,875,944
WBGene00012808.,13,137,150
WBGene00012809.,4,3,7
WBGene00012810.,5,23,28
WBGene00012811.,50,158,208
WBGene00012812.,490,10985,11475
WBGene00012813.,1795,10690,12485
WBGene00012814.,31,45,76
WBGene00012815.,16,123,139
WBGene00012816.,2,3,5
WBGene00012817.,2,1,3
WBGene00012818.,5,1,6
WBGene00012819.,33,461,494
WBGene00012820.,40,1,41
WBGene00012821.,130,1738,1868
WBGene00012822.,2,6,8
WBGene00012823.,5,88,93
WBGene00012824.,41,105,146
WBGene00012825.,955,5980,6935
WBGene00012826.,80,298,378
WBGene00012827.,2,4,6
WBGene00012828.,536,260,796
WBGene00012829.,367,1886,2253
WBGene00012830.,41,538,579
WBGene00012831.,0,9,9
WBGene00012832.,187,3,190
WBGene00012833.,43,406,449
WBGene00012834.,25,64,89
WBGene00012835.,112,426,538
WBGene00012836.,0,0,0
WBGene00012837.,1,8,9
WBGene00012838.,1,7,8
WBGene00012839.,0,1,1
WBGene00012840.,69,104,173
WBGene00012841.,0,3,3
WBGene00012844.,0,0,0
WBGene00012845.,73,202,275
WBGene00012846.,1,9,10
WBGene00012847.,20,12,32
WBGene00012848.,0,9,9
WBGene00012849.,1,5,6
WBGene00012850.,2824,16819,19643
WBGene00012851.,3,32,35
WBGene00012852.,263,81,344
WBGene00012853.,52,6500,6552
WBGene00012854.,270,2985,3255
WBGene00012855.,5,4,9
WBGene00012856.,42,92,134
WBGene00012857.,367,1264,1631
WBGene00012858.,93,529,622
WBGene00012859.,48,101,149
WBGene00012860.,64,429,493
WBGene00012861.,21,433,454
WBGene00012862.,1,2,3
WBGene00012863.,6,4,10
WBGene00012864.,28,152,180
WBGene00012866.,104,259,363
WBGene00012867.,54,387,441
WBGene00012868.,992,2038,3030
WBGene00012869.,57,675,732
WBGene00012870.,2,3,5
WBGene00012871.,0,0,0
WBGene00012872.,0,2,2
WBGene00012873.,2,10,12
WBGene00012874.,0,0,0
WBGene00012875.,697,3830,4527
WBGene00012876.,1,0,1
WBGene00012877.,2,0,2
WBGene00012878.,0,1,1
WBGene00012879.,7,170,177
WBGene00012880.,4,3,7
WBGene00012883.,22,244,266
WBGene00012885.,683,8743,9426
WBGene00012886.,386,3750,4136
WBGene00012887.,255,1106,1361
WBGene00012888.,32,623,655
WBGene00012889.,148,470,618
WBGene00012890.,135,251,386
WBGene00012891.,384,2032,2416
WBGene00012892.,2,7,9
WBGene00012893.,5,55,60
WBGene00012894.,1060,938,1998
WBGene00012895.,197,690,887
WBGene00012896.,77,1989,2066
WBGene00012897.,5,1067,1072
WBGene00012898.,8,23,31
WBGene00012899.,13,130,143
WBGene00012900.,4,120,124
WBGene00012901.,31,68,99
WBGene00012903.,222,2664,2886
WBGene00012904.,66,431,497
WBGene00012905.,3,22,25
WBGene00012906.,111,1113,1224
WBGene00012907.,4643,10407,15050
WBGene00012908.,394,1332,1726
WBGene00012909.,145,211,356
WBGene00012910.,5,69,74
WBGene00012911.,78,475,553
WBGene00012912.,1,10,11
WBGene00012913.,0,3,3
WBGene00012914.,0,5,5
WBGene00012915.,73,341,414
WBGene00012916.,0,6,6
WBGene00012917.,26,4,30
WBGene00012919.,239,464,703
WBGene00012920.,160,239,399
WBGene00012921.,0,376,376
WBGene00012922.,9,90,99
WBGene00012923.,41,200,241
WBGene00012924.,11,47,58
WBGene00012925.,2,22,24
WBGene00012926.,2,28,30
WBGene00012927.,58,519,577
WBGene00012928.,43,2386,2429
WBGene00012929.,785,3081,3866
WBGene00012930.,444,1113,1557
WBGene00012931.,120,875,995
WBGene00012932.,89,852,941
WBGene00012933.,0,126,126
WBGene00012934.,242,453,695
WBGene00012935.,195,424,619
WBGene00012936.,248,1206,1454
WBGene00012937.,0,1,1
WBGene00012938.,217,376,593
WBGene00012939.,13,3,16
WBGene00012940.,12,11,23
WBGene00012941.,13,59,72
WBGene00012942.,0,66,66
WBGene00012943.,87,524,611
WBGene00012945.,0,122,122
WBGene00012946.,14,2,16
WBGene00012947.,4,32,36
WBGene00012948.,450,451,901
WBGene00012950.,85,495,580
WBGene00012951.,203,1194,1397
WBGene00012952.,1,15,16
WBGene00012953.,3,86,89
WBGene00012954.,15,175,190
WBGene00012955.,5,34,39
WBGene00012956.,76,42,118
WBGene00012958.,18,14,32
WBGene00012959.,10,138,148
WBGene00012960.,1216,2811,4027
WBGene00012961.,22,217,239
WBGene00012962.,34,250,284
WBGene00012964.,55,2938,2993
WBGene00012965.,0,14,14
WBGene00012966.,7,593,600
WBGene00012967.,145,147,292
WBGene00012968.,78,569,647
WBGene00012969.,5,28,33
WBGene00012970.,31,121,152
WBGene00012972.,114,773,887
WBGene00012973.,1365,4782,6147
WBGene00012974.,43,51,94
WBGene00012975.,584,191,775
WBGene00012976.,38,153,191
WBGene00012977.,158,218,376
WBGene00012978.,132,1306,1438
WBGene00012979.,10,86,96
WBGene00012980.,4747,6203,10950
WBGene00012981.,8,39,47
WBGene00012982.,241,1098,1339
WBGene00012983.,298,2944,3242
WBGene00012984.,80,321,401
WBGene00012985.,63,24,87
WBGene00012987.,858,7767,8625
WBGene00012988.,709,2319,3028
WBGene00012989.,2030,788,2818
WBGene00012990.,647,1242,1889
WBGene00012992.,72,830,902
WBGene00012993.,149,264,413
WBGene00012994.,152,476,628
WBGene00012995.,362,611,973
WBGene00012996.,204,867,1071
WBGene00012997.,18,575,593
WBGene00012998.,242,521,763
WBGene00012999.,775,1988,2763
WBGene00013000.,558,287,845
WBGene00013001.,345,747,1092
WBGene00013002.,640,772,1412
WBGene00013004.,948,5674,6622
WBGene00013006.,339,400,739
WBGene00013007.,12,11,23
WBGene00013008.,359,6025,6384
WBGene00013009.,13,91,104
WBGene00013010.,0,0,0
WBGene00013011.,46,357,403
WBGene00013013.,162,2106,2268
WBGene00013014.,189,896,1085
WBGene00013015.,116,576,692
WBGene00013017.,76,1619,1695
WBGene00013018.,34,780,814
WBGene00013019.,280,815,1095
WBGene00013020.,352,2907,3259
WBGene00013021.,103,457,560
WBGene00013023.,19,131,150
WBGene00013024.,36,527,563
WBGene00013025.,17,3127,3144
WBGene00013026.,6,753,759
WBGene00013027.,15,102,117
WBGene00013028.,3,16,19
WBGene00013029.,72,608,680
WBGene00013030.,74,712,786
WBGene00013031.,0,94,94
WBGene00013032.,9,4,13
WBGene00013033.,9,7,16
WBGene00013034.,1054,1482,2536
WBGene00013035.,120,900,1020
WBGene00013036.,5,9,14
WBGene00013037.,27,61,88
WBGene00013038.,131,1209,1340
WBGene00013039.,514,3292,3806
WBGene00013040.,716,883,1599
WBGene00013041.,21,172,193
WBGene00013042.,164,591,755
WBGene00013043.,46,99,145
WBGene00013044.,12,3,15
WBGene00013045.,2,0,2
WBGene00013046.,59,689,748
WBGene00013047.,0,1,1
WBGene00013048.,12,584,596
WBGene00013049.,1,6,7
WBGene00013050.,9,34,43
WBGene00013051.,0,5,5
WBGene00013052.,1,6,7
WBGene00013053.,5,6,11
WBGene00013054.,2,13,15
WBGene00013055.,17,157,174
WBGene00013056.,0,4,4
WBGene00013058.,11,0,11
WBGene00013059.,0,1,1
WBGene00013060.,0,4,4
WBGene00013061.,0,3,3
WBGene00013062.,0,0,0
WBGene00013063.,0,0,0
WBGene00013064.,0,0,0
WBGene00013066.,6,19,25
WBGene00013067.,2,0,2
WBGene00013068.,4,14,18
WBGene00013069.,0,0,0
WBGene00013070.,1,3,4
WBGene00013071.,0,45,45
WBGene00013072.,9,17,26
WBGene00013073.,19,12,31
WBGene00013074.,12,10,22
WBGene00013075.,188,362,550
WBGene00013076.,20,15,35
WBGene00013077.,8804,99125,107929
WBGene00013078.,2806,33322,36128
WBGene00013079.,3776,24466,28242
WBGene00013080.,667,2527,3194
WBGene00013081.,2239,62268,64507
WBGene00013082.,159,455,614
WBGene00013083.,33,106,139
WBGene00013085.,1,25,26
WBGene00013086.,1,0,1
WBGene00013087.,0,2,2
WBGene00013088.,3,21,24
WBGene00013089.,0,1,1
WBGene00013090.,1,2,3
WBGene00013091.,5,46,51
WBGene00013093.,1223,979,2202
WBGene00013094.,557,13898,14455
WBGene00013095.,273,781,1054
WBGene00013096.,489,750,1239
WBGene00013098.,101,381,482
WBGene00013100.,6,28,34
WBGene00013101.,11,26,37
WBGene00013102.,1,0,1
WBGene00013103.,210,3976,4186
WBGene00013104.,938,20438,21376
WBGene00013105.,5,13,18
WBGene00013106.,138,1281,1419
WBGene00013107.,5,26,31
WBGene00013109.,114,7956,8070
WBGene00013111.,355,2957,3312
WBGene00013112.,0,2,2
WBGene00013113.,5,0,5
WBGene00013114.,17,0,17
WBGene00013116.,38,65,103
WBGene00013117.,1,3,4
WBGene00013118.,67,177,244
WBGene00013119.,160,215,375
WBGene00013120.,0,6,6
WBGene00013121.,0,3,3
WBGene00013122.,77,381,458
WBGene00013123.,336,382,718
WBGene00013124.,853,531,1384
WBGene00013125.,6,43,49
WBGene00013126.,8,1,9
WBGene00013127.,54,396,450
WBGene00013128.,187,1158,1345
WBGene00013129.,664,4067,4731
WBGene00013130.,1,2,3
WBGene00013131.,136,260,396
WBGene00013132.,130,752,882
WBGene00013134.,8,25,33
WBGene00013135.,48,441,489
WBGene00013136.,83,973,1056
WBGene00013137.,69,347,416
WBGene00013138.,2,1,3
WBGene00013139.,64,559,623
WBGene00013140.,41,758,799
WBGene00013141.,7,26,33
WBGene00013142.,4,2,6
WBGene00013143.,20,574,594
WBGene00013144.,1962,11908,13870
WBGene00013145.,5,6,11
WBGene00013146.,90,751,841
WBGene00013147.,1,30,31
WBGene00013148.,1,10,11
WBGene00013149.,38,30,68
WBGene00013150.,19,729,748
WBGene00013151.,82,387,469
WBGene00013152.,7,15,22
WBGene00013153.,8,64,72
WBGene00013154.,0,8,8
WBGene00013155.,3,14,17
WBGene00013156.,11,421,432
WBGene00013157.,0,7,7
WBGene00013158.,6,21,27
WBGene00013159.,79,172,251
WBGene00013160.,878,997,1875
WBGene00013161.,503,1357,1860
WBGene00013162.,4,10,14
WBGene00013163.,37,5,42
WBGene00013164.,189,203,392
WBGene00013165.,7,46,53
WBGene00013166.,6,54,60
WBGene00013167.,468,329,797
WBGene00013168.,116,1350,1466
WBGene00013169.,24,200,224
WBGene00013170.,2,0,2
WBGene00013171.,166,8,174
WBGene00013172.,0,1,1
WBGene00013173.,8,3,11
WBGene00013175.,5,13,18
WBGene00013176.,53,410,463
WBGene00013177.,334,1794,2128
WBGene00013178.,83,753,836
WBGene00013179.,1,5,6
WBGene00013180.,21,132,153
WBGene00013181.,18475,124486,142961
WBGene00013182.,1,5,6
WBGene00013184.,0,0,0
WBGene00013186.,2,2,4
WBGene00013187.,23,163,186
WBGene00013188.,80,240,320
WBGene00013189.,327,627,954
WBGene00013190.,4,61,65
WBGene00013192.,3,9,12
WBGene00013193.,118,1344,1462
WBGene00013194.,1,1,2
WBGene00013195.,18,174,192
WBGene00013196.,32,218,250
WBGene00013197.,51,250,301
WBGene00013198.,11,63,74
WBGene00013200.,1025,15111,16136
WBGene00013201.,276,896,1172
WBGene00013202.,110,1217,1327
WBGene00013203.,96,824,920
WBGene00013204.,52,658,710
WBGene00013207.,6,2,8
WBGene00013208.,36,256,292
WBGene00013209.,110,1279,1389
WBGene00013210.,0,4247,4247
WBGene00013211.,79,674,753
WBGene00013212.,102,141,243
WBGene00013213.,125,901,1026
WBGene00013214.,42,534,576
WBGene00013215.,34,348,382
WBGene00013216.,106,3079,3185
WBGene00013217.,110,552,662
WBGene00013218.,30,88,118
WBGene00013219.,44,2330,2374
WBGene00013220.,4,4,8
WBGene00013221.,14,25,39
WBGene00013222.,143,590,733
WBGene00013223.,338,1677,2015
WBGene00013224.,112,948,1060
WBGene00013225.,259,915,1174
WBGene00013226.,9,3,12
WBGene00013227.,25,120,145
WBGene00013228.,2224,2283,4507
WBGene00013230.,0,0,0
WBGene00013231.,27,365,392
WBGene00013232.,186,415,601
WBGene00013233.,0,9,9
WBGene00013234.,0,25,25
WBGene00013235.,15,170,185
WBGene00013236.,128,11370,11498
WBGene00013237.,26,2191,2217
WBGene00013238.,137,2458,2595
WBGene00013239.,60,549,609
WBGene00013240.,357,655,1012
WBGene00013241.,46,301,347
WBGene00013242.,93,467,560
WBGene00013243.,226,733,959
WBGene00013244.,160,2371,2531
WBGene00013246.,80,219,299
WBGene00013247.,13,78,91
WBGene00013248.,33,204,237
WBGene00013249.,33,108,141
WBGene00013250.,4,159,163
WBGene00013251.,20,212,232
WBGene00013252.,30,205,235
WBGene00013253.,94,258,352
WBGene00013254.,2,2,4
WBGene00013255.,282,3133,3415
WBGene00013256.,148,1008,1156
WBGene00013257.,23,165,188
WBGene00013258.,1065,359,1424
WBGene00013259.,105,490,595
WBGene00013260.,12,456,468
WBGene00013261.,163,279,442
WBGene00013263.,11,496,507
WBGene00013264.,4,9,13
WBGene00013265.,148,459,607
WBGene00013266.,48,940,988
WBGene00013267.,206,610,816
WBGene00013268.,37,182,219
WBGene00013269.,20,2588,2608
WBGene00013270.,160,423,583
WBGene00013272.,36,85,121
WBGene00013273.,612,1949,2561
WBGene00013275.,42,1433,1475
WBGene00013276.,1,4,5
WBGene00013277.,1,10,11
WBGene00013278.,2,22,24
WBGene00013279.,1,5,6
WBGene00013280.,1,0,1
WBGene00013281.,4,27,31
WBGene00013282.,5,9,14
WBGene00013283.,1,17,18
WBGene00013284.,2,660,662
WBGene00013285.,13,23,36
WBGene00013286.,5,77,82
WBGene00013287.,110,71,181
WBGene00013288.,3,3,6
WBGene00013289.,1089,3042,4131
WBGene00013290.,0,1,1
WBGene00013292.,214,977,1191
WBGene00013293.,17,290,307
WBGene00013294.,3,6,9
WBGene00013295.,13,607,620
WBGene00013296.,0,1,1
WBGene00013297.,2,1,3
WBGene00013298.,9,72,81
WBGene00013299.,2,1,3
WBGene00013300.,3,0,3
WBGene00013301.,17,2323,2340
WBGene00013302.,22,449,471
WBGene00013303.,190,591,781
WBGene00013304.,25,64,89
WBGene00013305.,0,9,9
WBGene00013306.,0,26,26
WBGene00013307.,100,4510,4610
WBGene00013308.,0,654,654
WBGene00013310.,58,54,112
WBGene00013311.,15,2573,2588
WBGene00013312.,1,43,44
WBGene00013313.,6,6,12
WBGene00013315.,0,0,0
WBGene00013316.,0,0,0
WBGene00013317.,601,1522,2123
WBGene00013318.,10,0,10
WBGene00013319.,0,5,5
WBGene00013320.,0,1,1
WBGene00013321.,179,547,726
WBGene00013322.,35,125,160
WBGene00013323.,14,1268,1282
WBGene00013324.,85,1075,1160
WBGene00013325.,28,667,695
WBGene00013326.,268,626,894
WBGene00013327.,159,620,779
WBGene00013328.,5,1,6
WBGene00013329.,2,90,92
WBGene00013330.,1,53,54
WBGene00013331.,32,12,44
WBGene00013332.,22,1002,1024
WBGene00013333.,25,97,122
WBGene00013334.,135,774,909
WBGene00013335.,24,108,132
WBGene00013336.,20,48,68
WBGene00013337.,3,9,12
WBGene00013338.,3,0,3
WBGene00013339.,191,625,816
WBGene00013340.,181,1197,1378
WBGene00013341.,0,2,2
WBGene00013343.,502,2415,2917
WBGene00013344.,27,73,100
WBGene00013345.,59,147,206
WBGene00013347.,927,2522,3449
WBGene00013348.,35,428,463
WBGene00013349.,7,347,354
WBGene00013350.,205,297,502
WBGene00013351.,0,3,3
WBGene00013352.,156,806,962
WBGene00013353.,147,233,380
WBGene00013354.,491,1796,2287
WBGene00013355.,259,1640,1899
WBGene00013356.,0,5,5
WBGene00013357.,5,8,13
WBGene00013358.,53,299,352
WBGene00013359.,49,407,456
WBGene00013360.,327,3924,4251
WBGene00013361.,183,323,506
WBGene00013362.,51,101,152
WBGene00013363.,0,10,10
WBGene00013364.,7,18,25
WBGene00013365.,115,1039,1154
WBGene00013366.,351,971,1322
WBGene00013367.,1,4,5
WBGene00013368.,25,24,49
WBGene00013369.,0,9,9
WBGene00013370.,0,3,3
WBGene00013371.,0,0,0
WBGene00013372.,0,0,0
WBGene00013373.,4,7,11
WBGene00013374.,0,1,1
WBGene00013375.,30,65,95
WBGene00013376.,101,454,555
WBGene00013378.,29,4038,4067
WBGene00013379.,931,2788,3719
WBGene00013380.,3,467,470
WBGene00013381.,29,158,187
WBGene00013382.,80,1100,1180
WBGene00013383.,7,73,80
WBGene00013385.,57,279,336
WBGene00013386.,0,3,3
WBGene00013387.,148,591,739
WBGene00013388.,2,42,44
WBGene00013389.,6,15,21
WBGene00013390.,1,1,2
WBGene00013391.,0,2,2
WBGene00013392.,2,8,10
WBGene00013393.,0,0,0
WBGene00013394.,0,1,1
WBGene00013395.,6,30,36
WBGene00013396.,2,6,8
WBGene00013397.,11,8,19
WBGene00013398.,3,52,55
WBGene00013399.,8,7,15
WBGene00013400.,0,3,3
WBGene00013401.,4,21,25
WBGene00013402.,7,49,56
WBGene00013403.,15,149,164
WBGene00013404.,0,47,47
WBGene00013405.,55,278,333
WBGene00013406.,245,2755,3000
WBGene00013407.,50,222,272
WBGene00013408.,0,5,5
WBGene00013409.,0,0,0
WBGene00013410.,4,6,10
WBGene00013411.,1,1,2
WBGene00013412.,0,7,7
WBGene00013415.,166,1028,1194
WBGene00013416.,173,370,543
WBGene00013417.,69,30,99
WBGene00013418.,50,424,474
WBGene00013419.,38,63,101
WBGene00013421.,0,6,6
WBGene00013422.,78,359,437
WBGene00013424.,19,94,113
WBGene00013425.,121,334,455
WBGene00013426.,10,136,146
WBGene00013427.,132,15,147
WBGene00013429.,2,10,12
WBGene00013431.,129,272,401
WBGene00013432.,5,115,120
WBGene00013433.,5,384,389
WBGene00013434.,179,1072,1251
WBGene00013435.,136,677,813
WBGene00013436.,141,1307,1448
WBGene00013437.,7,30,37
WBGene00013438.,0,342,342
WBGene00013439.,15,58,73
WBGene00013440.,20,163,183
WBGene00013441.,182,632,814
WBGene00013442.,17,228,245
WBGene00013443.,102,231,333
WBGene00013445.,50,273,323
WBGene00013446.,227,573,800
WBGene00013447.,212,393,605
WBGene00013448.,193,1017,1210
WBGene00013449.,6,18,24
WBGene00013450.,2,4,6
WBGene00013451.,2,5,7
WBGene00013452.,6,4,10
WBGene00013453.,22,241,263
WBGene00013454.,4,3,7
WBGene00013455.,377,1718,2095
WBGene00013456.,57,333,390
WBGene00013457.,16,13,29
WBGene00013458.,73,430,503
WBGene00013459.,228,1483,1711
WBGene00013460.,362,778,1140
WBGene00013461.,298,1311,1609
WBGene00013462.,145,2326,2471
WBGene00013463.,0,4013,4013
WBGene00013464.,93,811,904
WBGene00013465.,85,734,819
WBGene00013466.,0,2,2
WBGene00013467.,0,2,2
WBGene00013468.,1,2,3
WBGene00013469.,3,5,8
WBGene00013470.,6,4,10
WBGene00013471.,0,1,1
WBGene00013472.,1,2,3
WBGene00013473.,1,1,2
WBGene00013474.,0,10,10
WBGene00013475.,0,1,1
WBGene00013476.,0,6,6
WBGene00013477.,157,5042,5199
WBGene00013478.,4,16,20
WBGene00013479.,56,151,207
WBGene00013480.,37,31,68
WBGene00013481.,851,7898,8749
WBGene00013482.,73,323,396
WBGene00013483.,1,3,4
WBGene00013484.,23,41,64
WBGene00013485.,260,878,1138
WBGene00013486.,55,51,106
WBGene00013487.,14,3,17
WBGene00013489.,171,65206,65377
WBGene00013490.,4,33,37
WBGene00013491.,0,0,0
WBGene00013492.,1,12,13
WBGene00013493.,0,3,3
WBGene00013494.,9,17,26
WBGene00013495.,13,0,13
WBGene00013496.,28,79,107
WBGene00013497.,25,140,165
WBGene00013498.,12,20,32
WBGene00013499.,55,159,214
WBGene00013500.,0,0,0
WBGene00013501.,1,244,245
WBGene00013502.,8,0,8
WBGene00013503.,12,3,15
WBGene00013505.,10,4,14
WBGene00013506.,207,161,368
WBGene00013507.,13,62,75
WBGene00013508.,0,5,5
WBGene00013509.,6,238,244
WBGene00013510.,137,83,220
WBGene00013511.,2,18,20
WBGene00013512.,12,6,18
WBGene00013513.,6,68,74
WBGene00013514.,201,1653,1854
WBGene00013515.,765,8321,9086
WBGene00013516.,230,2488,2718
WBGene00013517.,56,54,110
WBGene00013518.,198,630,828
WBGene00013519.,1,1,2
WBGene00013520.,20,10,30
WBGene00013521.,0,1,1
WBGene00013522.,94,462,556
WBGene00013523.,0,0,0
WBGene00013524.,1,1,2
WBGene00013525.,4,9,13
WBGene00013526.,2,10,12
WBGene00013527.,3,0,3
WBGene00013528.,0,0,0
WBGene00013529.,160,622,782
WBGene00013530.,309,752,1061
WBGene00013531.,63,301,364
WBGene00013532.,21,1024,1045
WBGene00013534.,126,78,204
WBGene00013535.,20,200,220
WBGene00013536.,177,56,233
WBGene00013537.,16,10,26
WBGene00013538.,234,1021,1255
WBGene00013539.,28,226,254
WBGene00013540.,55,129,184
WBGene00013541.,34,105,139
WBGene00013542.,42,261,303
WBGene00013543.,58,241,299
WBGene00013544.,341,2608,2949
WBGene00013545.,473,1358,1831
WBGene00013547.,8,17,25
WBGene00013548.,171,1658,1829
WBGene00013549.,166,544,710
WBGene00013550.,76,2291,2367
WBGene00013551.,62,219,281
WBGene00013552.,10,331,341
WBGene00013553.,163,1237,1400
WBGene00013554.,118,149,267
WBGene00013555.,9,47,56
WBGene00013556.,60,342,402
WBGene00013557.,492,1235,1727
WBGene00013558.,124,669,793
WBGene00013559.,91,483,574
WBGene00013560.,260,1452,1712
WBGene00013561.,122,1025,1147
WBGene00013562.,14,47,61
WBGene00013563.,101,44,145
WBGene00013564.,11,47,58
WBGene00013565.,0,0,0
WBGene00013566.,1,2,3
WBGene00013567.,3,293,296
WBGene00013568.,93,1802,1895
WBGene00013569.,37,1823,1860
WBGene00013570.,0,0,0
WBGene00013571.,0,1,1
WBGene00013572.,0,0,0
WBGene00013573.,35,20,55
WBGene00013574.,92,52,144
WBGene00013575.,25,164,189
WBGene00013576.,15,225,240
WBGene00013577.,1542,11861,13403
WBGene00013578.,70,252,322
WBGene00013579.,80,30,110
WBGene00013580.,1356,1464,2820
WBGene00013581.,0,1,1
WBGene00013583.,6,4,10
WBGene00013584.,95,397,492
WBGene00013585.,31,341,372
WBGene00013586.,12,3,15
WBGene00013587.,41,108,149
WBGene00013588.,262,2759,3021
WBGene00013589.,0,31,31
WBGene00013590.,0,14,14
WBGene00013591.,56,821,877
WBGene00013592.,33,28,61
WBGene00013593.,167,779,946
WBGene00013594.,185,405,590
WBGene00013595.,239,1505,1744
WBGene00013596.,47,1265,1312
WBGene00013597.,565,4714,5279
WBGene00013598.,105,1336,1441
WBGene00013599.,213,367,580
WBGene00013601.,61,219,280
WBGene00013602.,11,147,158
WBGene00013603.,382,2449,2831
WBGene00013604.,87,855,942
WBGene00013605.,104,1008,1112
WBGene00013606.,333,978,1311
WBGene00013607.,1,5,6
WBGene00013608.,0,2,2
WBGene00013609.,4,42,46
WBGene00013610.,17,521,538
WBGene00013611.,14,304,318
WBGene00013612.,3,166,169
WBGene00013613.,2,10,12
WBGene00013614.,1,0,1
WBGene00013615.,4,0,4
WBGene00013616.,0,0,0
WBGene00013617.,0,0,0
WBGene00013618.,0,0,0
WBGene00013619.,0,1,1
WBGene00013620.,2,4,6
WBGene00013621.,2,3,5
WBGene00013622.,0,0,0
WBGene00013623.,68,580,648
WBGene00013624.,0,12,12
WBGene00013625.,1,0,1
WBGene00013626.,0,2,2
WBGene00013627.,0,2,2
WBGene00013628.,3,0,3
WBGene00013629.,3,1,4
WBGene00013631.,14,7,21
WBGene00013632.,270,335,605
WBGene00013633.,508,3333,3841
WBGene00013634.,51,89,140
WBGene00013635.,0,10,10
WBGene00013636.,0,2,2
WBGene00013637.,53,801,854
WBGene00013638.,138,1090,1228
WBGene00013639.,1728,701,2429
WBGene00013640.,182,314,496
WBGene00013642.,190,923,1113
WBGene00013643.,23,207,230
WBGene00013644.,1,20,21
WBGene00013645.,1,2,3
WBGene00013646.,2,1,3
WBGene00013647.,504,4642,5146
WBGene00013648.,5,1,6
WBGene00013649.,10,19,29
WBGene00013650.,6,236,242
WBGene00013651.,13,7,20
WBGene00013652.,0,3,3
WBGene00013653.,1,3,4
WBGene00013654.,4,3,7
WBGene00013655.,18,25,43
WBGene00013656.,1,4,5
WBGene00013657.,0,0,0
WBGene00013658.,9,99,108
WBGene00013659.,0,27,27
WBGene00013661.,8,2,10
WBGene00013662.,20,193,213
WBGene00013665.,9,34,43
WBGene00013666.,90,350,440
WBGene00013667.,197,880,1077
WBGene00013668.,116,370,486
WBGene00013669.,46,198,244
WBGene00013670.,404,1381,1785
WBGene00013671.,72,1310,1382
WBGene00013672.,185,314,499
WBGene00013673.,51,49,100
WBGene00013674.,39,213,252
WBGene00013676.,210,1216,1426
WBGene00013677.,355,1061,1416
WBGene00013678.,373,1183,1556
WBGene00013679.,190,878,1068
WBGene00013680.,267,989,1256
WBGene00013682.,1678,1492,3170
WBGene00013683.,327,1894,2221
WBGene00013684.,7,2,9
WBGene00013685.,26,38,64
WBGene00013687.,131,811,942
WBGene00013688.,497,5899,6396
WBGene00013689.,27,1083,1110
WBGene00013690.,45,484,529
WBGene00013691.,53,469,522
WBGene00013692.,166,1633,1799
WBGene00013693.,72,65,137
WBGene00013694.,98,1283,1381
WBGene00013695.,332,1782,2114
WBGene00013696.,0,5,5
WBGene00013697.,16,460,476
WBGene00013698.,6,27,33
WBGene00013699.,0,1,1
WBGene00013700.,16,238,254
WBGene00013701.,12,414,426
WBGene00013702.,31,158,189
WBGene00013703.,448,1119,1567
WBGene00013704.,47,289,336
WBGene00013705.,1,1,2
WBGene00013706.,0,12,12
WBGene00013707.,0,6,6
WBGene00013708.,9,564,573
WBGene00013709.,346,2274,2620
WBGene00013710.,0,28,28
WBGene00013711.,621,914,1535
WBGene00013712.,0,2,2
WBGene00013713.,0,7,7
WBGene00013716.,7,84,91
WBGene00013717.,14,656,670
WBGene00013718.,69,1853,1922
WBGene00013719.,32,573,605
WBGene00013720.,9,524,533
WBGene00013721.,0,14,14
WBGene00013722.,0,6,6
WBGene00013723.,0,50,50
WBGene00013724.,23,169,192
WBGene00013725.,105,890,995
WBGene00013726.,49,359,408
WBGene00013727.,9,128,137
WBGene00013728.,78,639,717
WBGene00013729.,9,437,446
WBGene00013730.,839,2724,3563
WBGene00013732.,3792,2259,6051
WBGene00013734.,20,6291,6311
WBGene00013735.,2236,3336,5572
WBGene00013736.,57,1713,1770
WBGene00013737.,663,1422,2085
WBGene00013738.,339,645,984
WBGene00013739.,230,117,347
WBGene00013740.,21,510,531
WBGene00013741.,12,71,83
WBGene00013742.,123,203,326
WBGene00013744.,0,5,5
WBGene00013746.,173,287,460
WBGene00013747.,22,3,25
WBGene00013748.,98,824,922
WBGene00013749.,33,145,178
WBGene00013750.,3,40,43
WBGene00013751.,33,188,221
WBGene00013752.,206,617,823
WBGene00013753.,74,388,462
WBGene00013754.,0,3,3
WBGene00013755.,15,81,96
WBGene00013756.,28,611,639
WBGene00013757.,1,17,18
WBGene00013758.,27,453,480
WBGene00013759.,4,6,10
WBGene00013760.,0,4,4
WBGene00013761.,8,182,190
WBGene00013762.,7,33,40
WBGene00013763.,15,180,195
WBGene00013764.,21,20,41
WBGene00013765.,77,374,451
WBGene00013766.,224,30399,30623
WBGene00013768.,147,361,508
WBGene00013770.,0,2,2
WBGene00013771.,8,8,16
WBGene00013772.,3,0,3
WBGene00013773.,2,25,27
WBGene00013774.,10,50,60
WBGene00013775.,1,4,5
WBGene00013776.,2,210,212
WBGene00013777.,1,2,3
WBGene00013778.,10,36,46
WBGene00013779.,4,33,37
WBGene00013781.,84,298,382
WBGene00013782.,66,180,246
WBGene00013783.,2,4,6
WBGene00013784.,1809,12319,14128
WBGene00013785.,4,0,4
WBGene00013786.,2,11,13
WBGene00013788.,1,2,3
WBGene00013789.,136,370,506
WBGene00013790.,90,532,622
WBGene00013791.,0,3,3
WBGene00013792.,236,295,531
WBGene00013794.,0,2,2
WBGene00013795.,1,2,3
WBGene00013796.,0,0,0
WBGene00013797.,0,0,0
WBGene00013798.,1,2,3
WBGene00013799.,5,9,14
WBGene00013800.,3,3,6
WBGene00013801.,29,49,78
WBGene00013802.,212,528,740
WBGene00013803.,281,1498,1779
WBGene00013804.,275,1340,1615
WBGene00013805.,247,983,1230
WBGene00013806.,183,1137,1320
WBGene00013807.,457,951,1408
WBGene00013808.,355,1527,1882
WBGene00013809.,18,19,37
WBGene00013810.,1,2,3
WBGene00013811.,0,1,1
WBGene00013812.,39,97,136
WBGene00013814.,49,36,85
WBGene00013815.,0,4,4
WBGene00013816.,3,11,14
WBGene00013817.,4,35,39
WBGene00013819.,110,594,704
WBGene00013820.,1,0,1
WBGene00013821.,24,2,26
WBGene00013822.,3,25,28
WBGene00013823.,47,19,66
WBGene00013824.,2,1,3
WBGene00013825.,18,13,31
WBGene00013826.,4,40,44
WBGene00013827.,0,4,4
WBGene00013828.,21,2,23
WBGene00013829.,0,17,17
WBGene00013830.,1,18,19
WBGene00013831.,11,16,27
WBGene00013832.,3,19,22
WBGene00013833.,3,15,18
WBGene00013834.,5,17,22
WBGene00013835.,20,44,64
WBGene00013836.,33,254,287
WBGene00013837.,1,8,9
WBGene00013838.,7,391,398
WBGene00013839.,5,36,41
WBGene00013840.,3,32,35
WBGene00013841.,15,105,120
WBGene00013842.,43,214,257
WBGene00013843.,10,48,58
WBGene00013844.,12,33,45
WBGene00013845.,33,428,461
WBGene00013846.,2,6,8
WBGene00013847.,92,549,641
WBGene00013848.,146,295,441
WBGene00013849.,9,5,14
WBGene00013850.,80,86,166
WBGene00013852.,3,1,4
WBGene00013853.,5,3273,3278
WBGene00013854.,1,1,2
WBGene00013855.,54,284,338
WBGene00013856.,0,68,68
WBGene00013857.,127,581,708
WBGene00013858.,0,2,2
WBGene00013859.,1069,15217,16286
WBGene00013860.,257,1321,1578
WBGene00013862.,20,275,295
WBGene00013863.,0,6,6
WBGene00013865.,0,4,4
WBGene00013866.,175,997,1172
WBGene00013867.,27,72,99
WBGene00013868.,5,25,30
WBGene00013869.,371,2429,2800
WBGene00013870.,56,368,424
WBGene00013871.,12,77,89
WBGene00013872.,36,36,72
WBGene00013873.,8,15,23
WBGene00013874.,3,13,16
WBGene00013875.,8,26,34
WBGene00013876.,11,156,167
WBGene00013877.,142,1081,1223
WBGene00013878.,563,1496,2059
WBGene00013879.,2,7,9
WBGene00013880.,26,724,750
WBGene00013881.,37,431,468
WBGene00013882.,3525,37866,41391
WBGene00013883.,20,67,87
WBGene00013884.,2307,15035,17342
WBGene00013886.,8,18,26
WBGene00013887.,0,3,3
WBGene00013888.,0,0,0
WBGene00013889.,0,0,0
WBGene00013890.,0,0,0
WBGene00013891.,1,16,17
WBGene00013892.,68,1214,1282
WBGene00013893.,14,693,707
WBGene00013894.,80,822,902
WBGene00013895.,97,1137,1234
WBGene00013896.,78,367,445
WBGene00013897.,41,1807,1848
WBGene00013898.,626,13204,13830
WBGene00013899.,47,1551,1598
WBGene00013900.,4,204,208
WBGene00013901.,20,437,457
WBGene00013902.,55,215,270
WBGene00013903.,1,82,83
WBGene00013904.,14,92,106
WBGene00013905.,2,6,8
WBGene00013906.,10,111,121
WBGene00013907.,9,75,84
WBGene00013908.,3,13,16
WBGene00013909.,3,16,19
WBGene00013910.,0,1,1
WBGene00013911.,14,58,72
WBGene00013912.,14,30,44
WBGene00013913.,8,8,16
WBGene00013914.,34,49,83
WBGene00013915.,6,5,11
WBGene00013916.,9,12,21
WBGene00013917.,45,484,529
WBGene00013918.,0,0,0
WBGene00013919.,154,1192,1346
WBGene00013920.,42,1004,1046
WBGene00013921.,181,944,1125
WBGene00013923.,18,291,309
WBGene00013924.,43,1388,1431
WBGene00013925.,71,943,1014
WBGene00013926.,23,804,827
WBGene00013927.,0,2,2
WBGene00013928.,1,0,1
WBGene00013929.,1,6,7
WBGene00013930.,0,2,2
WBGene00013931.,10,0,10
WBGene00013932.,0,0,0
WBGene00013933.,2,23,25
WBGene00013934.,813,2635,3448
WBGene00013935.,0,6,6
WBGene00013937.,0,8,8
WBGene00013938.,10,115,125
WBGene00013939.,0,185,185
WBGene00013940.,4,2,6
WBGene00013941.,0,34,34
WBGene00013942.,2,2,4
WBGene00013943.,0,10,10
WBGene00013944.,0,5,5
WBGene00013946.,56,16,72
WBGene00013947.,12,47,59
WBGene00013948.,0,0,0
WBGene00013949.,20,170,190
WBGene00013950.,37,236,273
WBGene00013951.,0,2,2
WBGene00013953.,2,0,2
WBGene00013954.,0,6,6
WBGene00013955.,89,49,138
WBGene00013956.,0,0,0
WBGene00013957.,149,375,524
WBGene00013958.,100,1854,1954
WBGene00013959.,72,345,417
WBGene00013960.,17,16,33
WBGene00013961.,1,215,216
WBGene00013962.,99,845,944
WBGene00013963.,9,210,219
WBGene00013964.,27,817,844
WBGene00013965.,2,17,19
WBGene00013966.,13,330,343
WBGene00013967.,46,377,423
WBGene00013968.,2,14,16
WBGene00013969.,385,3070,3455
WBGene00013970.,213,717,930
WBGene00013971.,0,0,0
WBGene00013972.,1,0,1
WBGene00013973.,0,1,1
WBGene00013974.,10,13,23
WBGene00013975.,63,469,532
WBGene00013976.,13,23,36
WBGene00013978.,2,4,6
WBGene00013979.,1,2,3
WBGene00013980.,45,56,101
WBGene00013982.,10,82,92
WBGene00013983.,62,2035,2097
WBGene00013984.,715,1897,2612
WBGene00013985.,48,841,889
WBGene00013986.,0,29,29
WBGene00013987.,7,32,39
WBGene00013988.,0,3,3
WBGene00013989.,78,902,980
WBGene00013993.,0,0,0
WBGene00013994.,97,673,770
WBGene00013995.,8,28,36
WBGene00013996.,12,99,111
WBGene00013997.,165,1063,1228
WBGene00013998.,15,382,397
WBGene00013999.,2,3,5
WBGene00014000.,66,1987,2053
WBGene00014001.,204,3743,3947
WBGene00014002.,1351,12755,14106
WBGene00014003.,28,4379,4407
WBGene00014004.,289,2204,2493
WBGene00014005.,4,15,19
WBGene00014006.,13,5756,5769
WBGene00014007.,0,23,23
WBGene00014008.,2,59,61
WBGene00014009.,0,4,4
WBGene00014011.,43,1723,1766
WBGene00014012.,63,15827,15890
WBGene00014013.,225,3568,3793
WBGene00014014.,143,591,734
WBGene00014015.,120,1996,2116
WBGene00014016.,2684,34701,37385
WBGene00014017.,363,5526,5889
WBGene00014018.,318,1992,2310
WBGene00014019.,121,1108,1229
WBGene00014020.,35,488,523
WBGene00014021.,199,608,807
WBGene00014022.,465,4086,4551
WBGene00014023.,230,489,719
WBGene00014024.,78,288,366
WBGene00014025.,151,2711,2862
WBGene00014026.,0,0,0
WBGene00014027.,17,160,177
WBGene00014028.,40,311,351
WBGene00014029.,2,24,26
WBGene00014030.,97,15088,15185
WBGene00014031.,45,1581,1626
WBGene00014032.,1,2,3
WBGene00014033.,51,204,255
WBGene00014034.,0,353,353
WBGene00014035.,136,453,589
WBGene00014036.,973,2844,3817
WBGene00014037.,145,5,150
WBGene00014039.,5,36,41
WBGene00014040.,1,7,8
WBGene00014041.,0,2,2
WBGene00014042.,0,2,2
WBGene00014043.,1,2,3
WBGene00014044.,0,0,0
WBGene00014045.,1,2,3
WBGene00014046.,0,0,0
WBGene00014047.,20,137,157
WBGene00014048.,1,2,3
WBGene00014049.,3,0,3
WBGene00014050.,0,0,0
WBGene00014051.,417,1371,1788
WBGene00014052.,14,174,188
WBGene00014053.,184,1263,1447
WBGene00014054.,99,1729,1828
WBGene00014055.,100,797,897
WBGene00014057.,30,288,318
WBGene00014058.,298,4786,5084
WBGene00014060.,24,71,95
WBGene00014061.,0,0,0
WBGene00014062.,7,50,57
WBGene00014063.,2,22,24
WBGene00014064.,0,17,17
WBGene00014065.,114,88,202
WBGene00014066.,83,819,902
WBGene00014067.,4,72,76
WBGene00014068.,0,10,10
WBGene00014069.,2,17,19
WBGene00014070.,18,0,18
WBGene00014073.,25,143,168
WBGene00014074.,165,835,1000
WBGene00014075.,191,1567,1758
WBGene00014076.,175,585,760
WBGene00014077.,42,180,222
WBGene00014078.,201,2257,2458
WBGene00014079.,69,445,514
WBGene00014080.,43,432,475
WBGene00014081.,129,427,556
WBGene00014082.,13,21,34
WBGene00014083.,77,1270,1347
WBGene00014084.,0,7,7
WBGene00014085.,8,47,55
WBGene00014086.,1413,13413,14826
WBGene00014087.,74,1390,1464
WBGene00014088.,548,8360,8908
WBGene00014089.,26,30,56
WBGene00014090.,27,777,804
WBGene00014091.,520,10231,10751
WBGene00014092.,960,5758,6718
WBGene00014093.,53,27,80
WBGene00014094.,16,70,86
WBGene00014095.,310,109738,110048
WBGene00014096.,18,2960,2978
WBGene00014097.,0,29,29
WBGene00014098.,428,4030,4458
WBGene00014099.,90,1803,1893
WBGene00014100.,6,40,46
WBGene00014101.,238,338,576
WBGene00014102.,1,2,3
WBGene00014103.,12,3,15
WBGene00014104.,3,1,4
WBGene00014105.,9,25,34
WBGene00014106.,85,493,578
WBGene00014107.,6,169,175
WBGene00014108.,345,10212,10557
WBGene00014109.,60,3521,3581
WBGene00014111.,14,414,428
WBGene00014112.,86,1610,1696
WBGene00014113.,7,313,320
WBGene00014114.,39,616,655
WBGene00014115.,206,2589,2795
WBGene00014116.,1,19,20
WBGene00014117.,9,108,117
WBGene00014118.,181,964,1145
WBGene00014119.,189,557,746
WBGene00014120.,0,223,223
WBGene00014121.,15,26,41
WBGene00014122.,21,68,89
WBGene00014123.,69,2393,2462
WBGene00014124.,37,815,852
WBGene00014125.,56,3785,3841
WBGene00014126.,0,0,0
WBGene00014127.,7,14,21
WBGene00014128.,1,4,5
WBGene00014129.,2,5,7
WBGene00014130.,0,13,13
WBGene00014131.,0,57,57
WBGene00014132.,5,5,10
WBGene00014134.,5,30,35
WBGene00014135.,3,16,19
WBGene00014136.,51,115,166
WBGene00014137.,8,159,167
WBGene00014138.,24,138,162
WBGene00014139.,264,232,496
WBGene00014140.,394,671,1065
WBGene00014141.,23,210,233
WBGene00014142.,1,11,12
WBGene00014143.,0,2,2
WBGene00014144.,0,2,2
WBGene00014145.,50,373,423
WBGene00014147.,0,0,0
WBGene00014148.,159,1857,2016
WBGene00014149.,2,25,27
WBGene00014150.,149,938,1087
WBGene00014151.,134,1054,1188
WBGene00014152.,37,164,201
WBGene00014153.,76,1200,1276
WBGene00014154.,1,17,18
WBGene00014155.,10,19,29
WBGene00014156.,168,2928,3096
WBGene00014157.,1,0,1
WBGene00014158.,2,5,7
WBGene00014159.,5,523,528
WBGene00014160.,5,67,72
WBGene00014161.,15,94,109
WBGene00014162.,1,4,5
WBGene00014163.,2,317,319
WBGene00014164.,74,1036,1110
WBGene00014165.,752,15938,16690
WBGene00014166.,33,227,260
WBGene00014168.,0,6,6
WBGene00014169.,0,1,1
WBGene00014170.,2,6,8
WBGene00014171.,2021,2515,4536
WBGene00014172.,122,1105,1227
WBGene00014173.,17,177,194
WBGene00014174.,0,4,4
WBGene00014175.,362,3919,4281
WBGene00014176.,30,183,213
WBGene00014177.,52,941,993
WBGene00014178.,15,59,74
WBGene00014179.,0,0,0
WBGene00014180.,3,2,5
WBGene00014181.,27,186,213
WBGene00014182.,0,0,0
WBGene00014183.,0,3,3
WBGene00014184.,3,0,3
WBGene00014185.,0,0,0
WBGene00014186.,0,1,1
WBGene00014188.,0,0,0
WBGene00014189.,1,10,11
WBGene00014190.,3,14,17
WBGene00014191.,2,4,6
WBGene00014192.,8,18,26
WBGene00014193.,0,7,7
WBGene00014194.,2,7,9
WBGene00014195.,17,45,62
WBGene00014196.,2,10,12
WBGene00014197.,2,4,6
WBGene00014198.,5,342,347
WBGene00014199.,3,20,23
WBGene00014200.,4,75,79
WBGene00014201.,1,1,2
WBGene00014202.,159,3631,3790
WBGene00014203.,15,205,220
WBGene00014204.,81,5344,5425
WBGene00014205.,18,310,328
WBGene00014206.,15,235,250
WBGene00014207.,274,5081,5355
WBGene00014208.,67,1082,1149
WBGene00014209.,90,1092,1182
WBGene00014210.,22,183,205
WBGene00014213.,360,5848,6208
WBGene00014214.,629,1163,1792
WBGene00014215.,246,1044,1290
WBGene00014216.,1,1,2
WBGene00014217.,0,1,1
WBGene00014218.,138,2929,3067
WBGene00014219.,57,777,834
WBGene00014220.,38,242,280
WBGene00014221.,48,878,926
WBGene00014222.,72,423,495
WBGene00014223.,68,84,152
WBGene00014224.,78,1250,1328
WBGene00014225.,7,25,32
WBGene00014226.,0,121,121
WBGene00014227.,137,927,1064
WBGene00014228.,12,371,383
WBGene00014229.,1,6,7
WBGene00014230.,22,559,581
WBGene00014232.,160,1266,1426
WBGene00014233.,173,2984,3157
WBGene00014234.,4,542,546
WBGene00014235.,2,3,5
WBGene00014236.,3,1,4
WBGene00014238.,0,4,4
WBGene00014239.,1,2,3
WBGene00014240.,0,0,0
WBGene00014241.,0,4,4
WBGene00014242.,0,1,1
WBGene00014243.,175,1662,1837
WBGene00014244.,27,687,714
WBGene00014245.,22,263,285
WBGene00014246.,2,7,9
WBGene00014247.,2,4,6
WBGene00014248.,81,338,419
WBGene00014249.,37,1388,1425
WBGene00014250.,21,986,1007
WBGene00014251.,191,2329,2520
WBGene00014252.,106,1168,1274
WBGene00014253.,39,421,460
WBGene00014254.,36,310,346
WBGene00014255.,4,139,143
WBGene00014256.,20,492,512
WBGene00014258.,164,1622,1786
WBGene00014259.,81,1076,1157
WBGene00014260.,21,39,60
WBGene00014261.,699,1286,1985
WBGene00014262.,495,6392,6887
WBGene00014263.,0,0,0
WBGene00014264.,0,0,0
WBGene00014265.,0,0,0
WBGene00014266.,0,0,0
WBGene00014267.,0,0,0
WBGene00014268.,0,0,0
WBGene00014269.,0,0,0
WBGene00014270.,0,0,0
WBGene00014271.,0,0,0
WBGene00014272.,0,1,1
WBGene00014273.,0,0,0
WBGene00014274.,0,0,0
WBGene00014275.,0,0,0
WBGene00014276.,0,0,0
WBGene00014277.,0,0,0
WBGene00014278.,0,0,0
WBGene00014279.,0,0,0
WBGene00014280.,0,0,0
WBGene00014281.,0,0,0
WBGene00014282.,0,0,0
WBGene00014283.,0,0,0
WBGene00014284.,0,0,0
WBGene00014285.,0,0,0
WBGene00014286.,0,0,0
WBGene00014287.,0,0,0
WBGene00014288.,0,0,0
WBGene00014289.,0,0,0
WBGene00014290.,0,0,0
WBGene00014291.,0,19,19
WBGene00014292.,0,0,0
WBGene00014293.,0,0,0
WBGene00014294.,2758,11090,13848
WBGene00014295.,0,0,0
WBGene00014296.,0,1,1
WBGene00014297.,0,2,2
WBGene00014298.,0,1,1
WBGene00014299.,0,0,0
WBGene00014300.,106,798,904
WBGene00014301.,0,0,0
WBGene00014302.,0,0,0
WBGene00014303.,0,0,0
WBGene00014304.,0,0,0
WBGene00014305.,0,0,0
WBGene00014306.,0,0,0
WBGene00014307.,3094,41411,44505
WBGene00014308.,105,27321,27426
WBGene00014309.,16173,181552,197725
WBGene00014310.,0,0,0
WBGene00014311.,0,0,0
WBGene00014312.,0,0,0
WBGene00014313.,0,0,0
WBGene00014314.,0,0,0
WBGene00014315.,0,0,0
WBGene00014316.,0,0,0
WBGene00014317.,0,4,4
WBGene00014318.,0,0,0
WBGene00014319.,0,0,0
WBGene00014320.,0,0,0
WBGene00014321.,0,0,0
WBGene00014322.,0,4,4
WBGene00014323.,0,0,0
WBGene00014324.,0,0,0
WBGene00014325.,0,0,0
WBGene00014326.,0,0,0
WBGene00014327.,0,1,1
WBGene00014328.,0,4,4
WBGene00014329.,0,49,49
WBGene00014330.,0,0,0
WBGene00014331.,0,0,0
WBGene00014332.,0,1,1
WBGene00014333.,0,0,0
WBGene00014334.,0,0,0
WBGene00014335.,0,0,0
WBGene00014336.,0,0,0
WBGene00014337.,0,0,0
WBGene00014338.,0,0,0
WBGene00014339.,0,0,0
WBGene00014340.,0,0,0
WBGene00014341.,0,0,0
WBGene00014342.,0,0,0
WBGene00014343.,0,0,0
WBGene00014344.,0,0,0
WBGene00014345.,0,0,0
WBGene00014346.,0,0,0
WBGene00014347.,0,0,0
WBGene00014348.,0,1,1
WBGene00014349.,0,2,2
WBGene00014350.,0,3,3
WBGene00014351.,0,0,0
WBGene00014352.,0,0,0
WBGene00014353.,0,0,0
WBGene00014354.,0,0,0
WBGene00014355.,0,0,0
WBGene00014356.,0,0,0
WBGene00014357.,0,0,0
WBGene00014358.,0,1,1
WBGene00014359.,0,0,0
WBGene00014360.,0,0,0
WBGene00014361.,0,0,0
WBGene00014362.,1,0,1
WBGene00014363.,0,0,0
WBGene00014364.,0,0,0
WBGene00014365.,0,0,0
WBGene00014366.,0,0,0
WBGene00014367.,0,0,0
WBGene00014368.,0,0,0
WBGene00014369.,0,0,0
WBGene00014370.,0,0,0
WBGene00014371.,0,0,0
WBGene00014372.,0,1,1
WBGene00014373.,1,0,1
WBGene00014374.,0,0,0
WBGene00014375.,6,86,92
WBGene00014376.,0,0,0
WBGene00014377.,0,0,0
WBGene00014378.,0,0,0
WBGene00014379.,0,0,0
WBGene00014380.,0,0,0
WBGene00014381.,0,0,0
WBGene00014382.,0,1,1
WBGene00014384.,0,0,0
WBGene00014385.,0,1,1
WBGene00014386.,0,0,0
WBGene00014387.,0,0,0
WBGene00014388.,0,0,0
WBGene00014389.,0,0,0
WBGene00014390.,0,0,0
WBGene00014391.,0,0,0
WBGene00014392.,0,0,0
WBGene00014393.,0,0,0
WBGene00014394.,0,36,36
WBGene00014395.,0,0,0
WBGene00014396.,0,0,0
WBGene00014397.,0,0,0
WBGene00014398.,0,0,0
WBGene00014399.,0,0,0
WBGene00014400.,0,0,0
WBGene00014401.,0,0,0
WBGene00014402.,0,2,2
WBGene00014403.,0,0,0
WBGene00014404.,0,0,0
WBGene00014405.,0,0,0
WBGene00014406.,0,0,0
WBGene00014407.,0,0,0
WBGene00014408.,0,0,0
WBGene00014409.,0,1,1
WBGene00014410.,0,0,0
WBGene00014411.,0,0,0
WBGene00014413.,0,0,0
WBGene00014414.,0,0,0
WBGene00014415.,0,0,0
WBGene00014416.,0,0,0
WBGene00014417.,0,9,9
WBGene00014418.,0,0,0
WBGene00014419.,0,0,0
WBGene00014420.,0,2,2
WBGene00014421.,0,0,0
WBGene00014422.,0,0,0
WBGene00014423.,0,0,0
WBGene00014424.,0,0,0
WBGene00014425.,0,0,0
WBGene00014426.,0,0,0
WBGene00014427.,0,0,0
WBGene00014428.,0,16,16
WBGene00014429.,0,0,0
WBGene00014430.,0,0,0
WBGene00014431.,0,0,0
WBGene00014432.,0,0,0
WBGene00014433.,0,0,0
WBGene00014434.,0,0,0
WBGene00014435.,0,0,0
WBGene00014436.,0,0,0
WBGene00014437.,0,0,0
WBGene00014438.,0,0,0
WBGene00014439.,0,31,31
WBGene00014440.,0,0,0
WBGene00014441.,0,0,0
WBGene00014442.,0,0,0
WBGene00014443.,0,0,0
WBGene00014444.,0,0,0
WBGene00014445.,0,0,0
WBGene00014446.,0,0,0
WBGene00014447.,0,0,0
WBGene00014448.,0,0,0
WBGene00014449.,0,0,0
WBGene00014450.,0,35,35
WBGene00014451.,0,43,43
WBGene00014452.,0,9,9
WBGene00014453.,0,18,18
WBGene00014454.,0,465528,465528
WBGene00014455.,0,6,6
WBGene00014456.,0,35,35
WBGene00014457.,0,233,233
WBGene00014458.,0,10,10
WBGene00014459.,0,178,178
WBGene00014460.,0,66,66
WBGene00014461.,0,17,17
WBGene00014462.,0,165,165
WBGene00014463.,0,12,12
WBGene00014464.,0,6,6
WBGene00014465.,0,8,8
WBGene00014466.,0,159,159
WBGene00014467.,0,34,34
WBGene00014468.,0,18,18
WBGene00014469.,0,15,15
WBGene00014470.,0,61,61
WBGene00014471.,0,13,13
WBGene00014472.,0,238767,238767
WBGene00014473.,0,1734,1734
WBGene00014474.,0,0,0
WBGene00014475.,0,0,0
WBGene00014476.,0,2,2
WBGene00014477.,0,0,0
WBGene00014478.,0,3,3
WBGene00014479.,0,0,0
WBGene00014480.,0,0,0
WBGene00014481.,0,0,0
WBGene00014482.,0,0,0
WBGene00014483.,0,0,0
WBGene00014484.,0,0,0
WBGene00014485.,0,0,0
WBGene00014486.,0,1,1
WBGene00014487.,0,0,0
WBGene00014488.,0,0,0
WBGene00014489.,0,0,0
WBGene00014490.,0,0,0
WBGene00014491.,0,0,0
WBGene00014493.,0,0,0
WBGene00014494.,0,0,0
WBGene00014495.,0,0,0
WBGene00014496.,0,0,0
WBGene00014497.,0,0,0
WBGene00014498.,0,0,0
WBGene00014499.,0,0,0
WBGene00014500.,0,20,20
WBGene00014501.,0,0,0
WBGene00014502.,0,0,0
WBGene00014503.,0,0,0
WBGene00014504.,0,0,0
WBGene00014505.,0,100029,100029
WBGene00014506.,0,0,0
WBGene00014507.,0,0,0
WBGene00014508.,0,0,0
WBGene00014509.,0,0,0
WBGene00014510.,0,1,1
WBGene00014511.,0,0,0
WBGene00014512.,0,0,0
WBGene00014513.,0,1,1
WBGene00014514.,0,0,0
WBGene00014515.,0,0,0
WBGene00014516.,0,0,0
WBGene00014517.,0,0,0
WBGene00014518.,0,0,0
WBGene00014519.,0,0,0
WBGene00014520.,0,2,2
WBGene00014521.,0,0,0
WBGene00014522.,0,0,0
WBGene00014523.,0,1,1
WBGene00014524.,0,0,0
WBGene00014525.,0,0,0
WBGene00014526.,0,0,0
WBGene00014527.,0,0,0
WBGene00014528.,0,0,0
WBGene00014529.,0,0,0
WBGene00014530.,0,0,0
WBGene00014531.,0,0,0
WBGene00014532.,0,0,0
WBGene00014533.,0,3,3
WBGene00014534.,0,1,1
WBGene00014535.,0,2,2
WBGene00014536.,0,6,6
WBGene00014537.,0,0,0
WBGene00014538.,0,7,7
WBGene00014539.,0,0,0
WBGene00014540.,0,0,0
WBGene00014541.,0,0,0
WBGene00014542.,0,26,26
WBGene00014543.,0,0,0
WBGene00014544.,0,0,0
WBGene00014545.,0,0,0
WBGene00014546.,0,0,0
WBGene00014547.,0,0,0
WBGene00014548.,0,0,0
WBGene00014549.,0,0,0
WBGene00014550.,0,0,0
WBGene00014551.,0,0,0
WBGene00014552.,0,0,0
WBGene00014553.,0,0,0
WBGene00014554.,0,6,6
WBGene00014555.,0,0,0
WBGene00014556.,0,0,0
WBGene00014557.,0,0,0
WBGene00014558.,0,0,0
WBGene00014559.,0,0,0
WBGene00014560.,0,0,0
WBGene00014561.,0,0,0
WBGene00014562.,10,200,210
WBGene00014563.,0,0,0
WBGene00014564.,0,0,0
WBGene00014565.,0,0,0
WBGene00014566.,0,0,0
WBGene00014567.,0,0,0
WBGene00014568.,0,0,0
WBGene00014569.,326,973,1299
WBGene00014570.,0,0,0
WBGene00014571.,0,0,0
WBGene00014572.,0,2,2
WBGene00014573.,0,0,0
WBGene00014574.,0,0,0
WBGene00014575.,0,0,0
WBGene00014576.,14,141,155
WBGene00014577.,0,2,2
WBGene00014578.,0,0,0
WBGene00014579.,0,2,2
WBGene00014580.,0,0,0
WBGene00014581.,0,0,0
WBGene00014582.,0,0,0
WBGene00014583.,0,0,0
WBGene00014584.,0,0,0
WBGene00014585.,0,0,0
WBGene00014586.,0,0,0
WBGene00014587.,0,0,0
WBGene00014588.,0,0,0
WBGene00014589.,0,2,2
WBGene00014590.,0,0,0
WBGene00014591.,0,0,0
WBGene00014592.,0,0,0
WBGene00014593.,0,0,0
WBGene00014594.,0,0,0
WBGene00014595.,0,0,0
WBGene00014596.,0,2,2
WBGene00014597.,0,0,0
WBGene00014598.,0,0,0
WBGene00014599.,0,4,4
WBGene00014600.,0,0,0
WBGene00014601.,0,0,0
WBGene00014602.,0,0,0
WBGene00014603.,0,0,0
WBGene00014604.,0,0,0
WBGene00014605.,0,16,16
WBGene00014606.,0,0,0
WBGene00014607.,0,0,0
WBGene00014608.,0,0,0
WBGene00014609.,0,0,0
WBGene00014610.,0,0,0
WBGene00014611.,0,0,0
WBGene00014612.,0,0,0
WBGene00014613.,126,584,710
WBGene00014614.,0,0,0
WBGene00014615.,11,9,20
WBGene00014616.,0,0,0
WBGene00014617.,0,0,0
WBGene00014618.,0,0,0
WBGene00014619.,0,0,0
WBGene00014620.,0,0,0
WBGene00014621.,0,0,0
WBGene00014622.,0,3,3
WBGene00014623.,0,0,0
WBGene00014624.,0,0,0
WBGene00014625.,0,0,0
WBGene00014626.,0,0,0
WBGene00014627.,0,0,0
WBGene00014628.,0,0,0
WBGene00014629.,0,0,0
WBGene00014630.,1,0,1
WBGene00014631.,0,0,0
WBGene00014632.,0,0,0
WBGene00014633.,0,0,0
WBGene00014634.,0,0,0
WBGene00014635.,0,0,0
WBGene00014636.,0,0,0
WBGene00014637.,0,0,0
WBGene00014638.,0,0,0
WBGene00014639.,0,0,0
WBGene00014640.,0,0,0
WBGene00014641.,2,13,15
WBGene00014643.,0,94,94
WBGene00014644.,0,0,0
WBGene00014645.,0,0,0
WBGene00014646.,0,0,0
WBGene00014647.,0,0,0
WBGene00014648.,0,0,0
WBGene00014649.,0,0,0
WBGene00014650.,0,0,0
WBGene00014651.,0,0,0
WBGene00014652.,0,0,0
WBGene00014653.,0,0,0
WBGene00014654.,0,0,0
WBGene00014655.,0,0,0
WBGene00014656.,0,0,0
WBGene00014657.,0,12,12
WBGene00014658.,0,1,1
WBGene00014659.,0,4,4
WBGene00014660.,3,11,14
WBGene00014663.,0,65,65
WBGene00014664.,0,2,2
WBGene00014665.,0,0,0
WBGene00014666.,17,36,53
WBGene00014667.,3,17,20
WBGene00014668.,3,10,13
WBGene00014669.,3,90,93
WBGene00014670.,0,2,2
WBGene00014671.,0,0,0
WBGene00014672.,0,72,72
WBGene00014673.,0,0,0
WBGene00014674.,0,8,8
WBGene00014675.,0,1,1
WBGene00014676.,0,1,1
WBGene00014677.,0,0,0
WBGene00014678.,0,2,2
WBGene00014679.,1,1,2
WBGene00014681.,0,1,1
WBGene00014682.,0,0,0
WBGene00014683.,0,1,1
WBGene00014684.,0,4,4
WBGene00014685.,0,1,1
WBGene00014686.,0,8,8
WBGene00014689.,0,1,1
WBGene00014691.,0,0,0
WBGene00014692.,0,0,0
WBGene00014693.,0,3,3
WBGene00014694.,0,5,5
WBGene00014695.,0,0,0
WBGene00014696.,0,0,0
WBGene00014697.,141,1445,1586
WBGene00014698.,65,963,1028
WBGene00014699.,0,3,3
WBGene00014700.,1,50,51
WBGene00014701.,0,12,12
WBGene00014702.,0,12,12
WBGene00014703.,0,7,7
WBGene00014704.,0,0,0
WBGene00014705.,0,0,0
WBGene00014706.,0,2,2
WBGene00014707.,0,8,8
WBGene00014708.,0,0,0
WBGene00014710.,1,6,7
WBGene00014711.,1,13,14
WBGene00014714.,18,186,204
WBGene00014715.,0,0,0
WBGene00014716.,0,0,0
WBGene00014717.,0,0,0
WBGene00014718.,0,0,0
WBGene00014719.,0,0,0
WBGene00014720.,0,0,0
WBGene00014721.,0,0,0
WBGene00014722.,0,4,4
WBGene00014723.,0,4,4
WBGene00014724.,0,0,0
WBGene00014727.,0,0,0
WBGene00014728.,0,24,24
WBGene00014729.,0,32,32
WBGene00014730.,0,47,47
WBGene00014731.,0,20,20
WBGene00014732.,2,34,36
WBGene00014733.,0,1,1
WBGene00014734.,2,29,31
WBGene00014735.,0,0,0
WBGene00014738.,0,0,0
WBGene00014740.,0,5,5
WBGene00014741.,0,10,10
WBGene00014744.,0,33,33
WBGene00014745.,0,11,11
WBGene00014746.,4,151,155
WBGene00014748.,0,0,0
WBGene00014751.,66,247,313
WBGene00014752.,0,0,0
WBGene00014753.,0,11,11
WBGene00014754.,1,0,1
WBGene00014755.,0,0,0
WBGene00014757.,0,0,0
WBGene00014758.,0,4,4
WBGene00014759.,13,18,31
WBGene00014760.,4,6,10
WBGene00014761.,33,51,84
WBGene00014763.,0,0,0
WBGene00014764.,3,2,5
WBGene00014766.,0,0,0
WBGene00014767.,0,0,0
WBGene00014768.,0,1,1
WBGene00014769.,3,4,7
WBGene00014770.,2,7,9
WBGene00014771.,1,20,21
WBGene00014772.,1085,3234,4319
WBGene00014773.,0,7,7
WBGene00014775.,0,1,1
WBGene00014776.,0,1,1
WBGene00014777.,1,3,4
WBGene00014778.,0,17,17
WBGene00014779.,4,0,4
WBGene00014781.,0,0,0
WBGene00014782.,0,0,0
WBGene00014783.,0,0,0
WBGene00014784.,0,0,0
WBGene00014785.,0,0,0
WBGene00014786.,0,0,0
WBGene00014787.,0,0,0
WBGene00014788.,0,0,0
WBGene00014789.,0,5,5
WBGene00014790.,3,2,5
WBGene00014793.,0,340,340
WBGene00014794.,11,8,19
WBGene00014796.,2,2,4
WBGene00014798.,4,31,35
WBGene00014799.,0,29,29
WBGene00014800.,3,44,47
WBGene00014801.,7,89,96
WBGene00014803.,0,8,8
WBGene00014805.,1,1,2
WBGene00014806.,0,14,14
WBGene00014807.,1,2,3
WBGene00014809.,6,3,9
WBGene00014811.,13,312,325
WBGene00014813.,0,4,4
WBGene00014814.,0,11,11
WBGene00014817.,0,11,11
WBGene00014818.,0,7,7
WBGene00014819.,0,1,1
WBGene00014820.,50,86,136
WBGene00014821.,59,37,96
WBGene00014822.,18,6,24
WBGene00014824.,0,0,0
WBGene00014825.,0,6,6
WBGene00014826.,6153,73856,80009
WBGene00014827.,0,2,2
WBGene00014828.,0,0,0
WBGene00014829.,0,1,1
WBGene00014832.,2,3,5
WBGene00014833.,3,1,4
WBGene00014834.,10,1,11
WBGene00014835.,4,86,90
WBGene00014836.,13,382,395
WBGene00014837.,0,19,19
WBGene00014838.,15,12,27
WBGene00014839.,0,0,0
WBGene00014841.,32,33,65
WBGene00014842.,0,0,0
WBGene00014843.,0,5,5
WBGene00014844.,1,1,2
WBGene00014845.,0,0,0
WBGene00014846.,3,1,4
WBGene00014848.,31,619,650
WBGene00014849.,0,0,0
WBGene00014850.,0,0,0
WBGene00014851.,2,5,7
WBGene00014852.,0,204,204
WBGene00014853.,0,0,0
WBGene00014854.,2,1,3
WBGene00014855.,0,0,0
WBGene00014856.,0,0,0
WBGene00014857.,0,0,0
WBGene00014858.,0,2,2
WBGene00014861.,0,7,7
WBGene00014862.,2,2,4
WBGene00014863.,0,3,3
WBGene00014864.,6,3,9
WBGene00014865.,0,1,1
WBGene00014866.,0,0,0
WBGene00014867.,0,0,0
WBGene00014868.,0,0,0
WBGene00014869.,0,0,0
WBGene00014870.,4,63,67
WBGene00014871.,0,151,151
WBGene00014872.,0,0,0
WBGene00014873.,0,0,0
WBGene00014874.,1,0,1
WBGene00014875.,0,2,2
WBGene00014876.,0,2,2
WBGene00014877.,0,2,2
WBGene00014878.,0,0,0
WBGene00014879.,0,3,3
WBGene00014880.,0,0,0
WBGene00014881.,0,9,9
WBGene00014882.,0,1,1
WBGene00014883.,0,8,8
WBGene00014884.,1,26,27
WBGene00014885.,0,2,2
WBGene00014886.,0,24,24
WBGene00014887.,0,4,4
WBGene00014888.,0,20,20
WBGene00014889.,0,0,0
WBGene00014890.,0,0,0
WBGene00014891.,0,0,0
WBGene00014892.,0,1,1
WBGene00014893.,0,3,3
WBGene00014894.,0,4,4
WBGene00014895.,0,0,0
WBGene00014896.,0,0,0
WBGene00014897.,0,0,0
WBGene00014898.,0,12,12
WBGene00014902.,0,0,0
WBGene00014903.,0,2,2
WBGene00014904.,9,19,28
WBGene00014905.,0,0,0
WBGene00014906.,1,10,11
WBGene00014907.,3,42,45
WBGene00014908.,0,0,0
WBGene00014909.,0,1,1
WBGene00014910.,0,0,0
WBGene00014911.,0,0,0
WBGene00014912.,0,0,0
WBGene00014914.,5,17,22
WBGene00014915.,21,250,271
WBGene00014916.,2,163,165
WBGene00014917.,13,172,185
WBGene00014918.,11,221,232
WBGene00014920.,2,23,25
WBGene00014921.,0,14,14
WBGene00014922.,0,0,0
WBGene00014923.,5,3,8
WBGene00014924.,1,7,8
WBGene00014925.,0,5,5
WBGene00014926.,8,4,12
WBGene00014927.,1,6,7
WBGene00014928.,0,0,0
WBGene00014929.,0,0,0
WBGene00014930.,0,0,0
WBGene00014931.,0,0,0
WBGene00014932.,0,0,0
WBGene00014933.,0,3,3
WBGene00014934.,0,3,3
WBGene00014935.,0,0,0
WBGene00014936.,0,0,0
WBGene00014937.,0,1,1
WBGene00014938.,95,1390,1485
WBGene00014939.,0,10,10
WBGene00014941.,20,103,123
WBGene00014943.,2,3,5
WBGene00014944.,0,25,25
WBGene00014945.,0,5,5
WBGene00014946.,0,26,26
WBGene00014947.,18,236,254
WBGene00014948.,4,5,9
WBGene00014949.,0,2,2
WBGene00014950.,0,0,0
WBGene00014951.,0,0,0
WBGene00014952.,0,1,1
WBGene00014953.,0,1,1
WBGene00014954.,2,3,5
WBGene00014955.,0,75,75
WBGene00014956.,0,25,25
WBGene00014957.,0,2,2
WBGene00014958.,0,7,7
WBGene00014961.,0,2,2
WBGene00014962.,0,0,0
WBGene00014963.,0,3,3
WBGene00014964.,0,1,1
WBGene00014965.,51,869,920
WBGene00014966.,0,0,0
WBGene00014967.,0,12,12
WBGene00014969.,0,4,4
WBGene00014970.,0,2,2
WBGene00014971.,0,1,1
WBGene00014972.,0,13,13
WBGene00014973.,0,8,8
WBGene00014974.,0,0,0
WBGene00014975.,20,259,279
WBGene00014976.,1,1,2
WBGene00014977.,3,8,11
WBGene00014978.,6,113,119
WBGene00014979.,0,20,20
WBGene00014980.,0,0,0
WBGene00014981.,0,12,12
WBGene00014983.,0,0,0
WBGene00014984.,0,7,7
WBGene00014987.,0,344,344
WBGene00014989.,406,1612,2018
WBGene00014990.,0,0,0
WBGene00014991.,0,15,15
WBGene00014992.,0,2,2
WBGene00014993.,0,1,1
WBGene00014994.,44,93,137
WBGene00014996.,1,2,3
WBGene00014997.,1,2,3
WBGene00014998.,17,86,103
WBGene00014999.,54,513,567
WBGene00015000.,28,128,156
WBGene00015001.,90,742,832
WBGene00015002.,44,350,394
WBGene00015003.,4,9,13
WBGene00015004.,17,121,138
WBGene00015005.,21,56,77
WBGene00015006.,4,12,16
WBGene00015007.,526,3950,4476
WBGene00015008.,47,803,850
WBGene00015009.,91,1164,1255
WBGene00015010.,32,271,303
WBGene00015011.,24,1622,1646
WBGene00015012.,12,34,46
WBGene00015013.,3,123,126
WBGene00015014.,19,200,219
WBGene00015015.,6,8,14
WBGene00015016.,19,144,163
WBGene00015017.,80,475,555
WBGene00015018.,4,11,15
WBGene00015019.,31,100,131
WBGene00015020.,0,9,9
WBGene00015021.,117,899,1016
WBGene00015022.,485,2299,2784
WBGene00015023.,33,297,330
WBGene00015024.,3,5,8
WBGene00015025.,382,3672,4054
WBGene00015026.,4,22,26
WBGene00015027.,73,163,236
WBGene00015028.,9,23,32
WBGene00015029.,36,594,630
WBGene00015030.,1,2,3
WBGene00015032.,9,13,22
WBGene00015033.,199,287,486
WBGene00015034.,3,6,9
WBGene00015035.,11,13,24
WBGene00015036.,7,42,49
WBGene00015037.,23,87,110
WBGene00015038.,14,82,96
WBGene00015040.,20,106,126
WBGene00015041.,32,70,102
WBGene00015042.,7,61,68
WBGene00015043.,69,938,1007
WBGene00015044.,56,1160,1216
WBGene00015045.,38,136,174
WBGene00015046.,104,1341,1445
WBGene00015047.,162,2013,2175
WBGene00015048.,21,500,521
WBGene00015049.,3,68,71
WBGene00015050.,16,56,72
WBGene00015051.,0,7,7
WBGene00015052.,7,131,138
WBGene00015053.,8,406,414
WBGene00015054.,6,8,14
WBGene00015055.,41,103,144
WBGene00015056.,11,91,102
WBGene00015057.,15,322,337
WBGene00015058.,0,8,8
WBGene00015059.,3,877,880
WBGene00015061.,2746,19579,22325
WBGene00015062.,46,317,363
WBGene00015063.,14,1348,1362
WBGene00015064.,224,2759,2983
WBGene00015065.,2,14,16
WBGene00015066.,1,12,13
WBGene00015067.,46,553,599
WBGene00015068.,0,6,6
WBGene00015069.,2,1,3
WBGene00015070.,0,14,14
WBGene00015071.,2,2,4
WBGene00015072.,8,25,33
WBGene00015073.,5,355,360
WBGene00015074.,90,3394,3484
WBGene00015075.,67,1722,1789
WBGene00015076.,49,3645,3694
WBGene00015077.,4,4,8
WBGene00015078.,0,1,1
WBGene00015079.,295,135,430
WBGene00015080.,3,11,14
WBGene00015081.,6,10,16
WBGene00015082.,1,9,10
WBGene00015083.,8,156,164
WBGene00015084.,3,16,19
WBGene00015085.,8,42,50
WBGene00015087.,8,10,18
WBGene00015088.,87,928,1015
WBGene00015089.,0,8,8
WBGene00015091.,121,1285,1406
WBGene00015092.,191,4782,4973
WBGene00015093.,0,8,8
WBGene00015094.,6,35,41
WBGene00015095.,73,765,838
WBGene00015096.,85,575,660
WBGene00015097.,10,60,70
WBGene00015098.,8,108,116
WBGene00015099.,173,1382,1555
WBGene00015100.,1,2,3
WBGene00015101.,25,2518,2543
WBGene00015102.,5,213,218
WBGene00015103.,0,4,4
WBGene00015104.,22,1032,1054
WBGene00015105.,251,370,621
WBGene00015106.,2,4,6
WBGene00015107.,15,249,264
WBGene00015108.,0,1,1
WBGene00015110.,7,73,80
WBGene00015111.,1,5,6
WBGene00015112.,1,13,14
WBGene00015113.,3,35,38
WBGene00015114.,0,1,1
WBGene00015115.,417,1916,2333
WBGene00015116.,81,911,992
WBGene00015117.,16,1211,1227
WBGene00015118.,2,3,5
WBGene00015119.,0,8,8
WBGene00015121.,0,2,2
WBGene00015122.,12,343,355
WBGene00015124.,96,442,538
WBGene00015125.,50,1678,1728
WBGene00015126.,247,2210,2457
WBGene00015128.,101,1373,1474
WBGene00015129.,0,2,2
WBGene00015130.,54,820,874
WBGene00015131.,73,334,407
WBGene00015132.,12,163,175
WBGene00015133.,98,2617,2715
WBGene00015134.,40,695,735
WBGene00015135.,36,108,144
WBGene00015136.,79,991,1070
WBGene00015137.,102,2090,2192
WBGene00015138.,18,43,61
WBGene00015139.,75,201,276
WBGene00015141.,40,380,420
WBGene00015142.,0,4,4
WBGene00015143.,45,1331,1376
WBGene00015145.,96,902,998
WBGene00015146.,52,849,901
WBGene00015147.,25,593,618
WBGene00015148.,41,1344,1385
WBGene00015149.,0,35,35
WBGene00015150.,6,165,171
WBGene00015151.,4,21,25
WBGene00015152.,116,164,280
WBGene00015153.,8,5,13
WBGene00015155.,376,1196,1572
WBGene00015156.,1129,2453,3582
WBGene00015157.,28,646,674
WBGene00015158.,74,362,436
WBGene00015159.,1119,4477,5596
WBGene00015160.,41,781,822
WBGene00015161.,62,814,876
WBGene00015162.,189,1510,1699
WBGene00015163.,29,5283,5312
WBGene00015164.,71,1277,1348
WBGene00015165.,17,32,49
WBGene00015167.,2,146,148
WBGene00015168.,39,3501,3540
WBGene00015169.,6,9,15
WBGene00015170.,0,3,3
WBGene00015171.,20,178,198
WBGene00015172.,22,2936,2958
WBGene00015173.,255,504,759
WBGene00015175.,0,7,7
WBGene00015176.,137,1358,1495
WBGene00015177.,103,823,926
WBGene00015178.,4,22,26
WBGene00015179.,16,144,160
WBGene00015180.,0,7,7
WBGene00015181.,23,1686,1709
WBGene00015182.,117,685,802
WBGene00015183.,6,8,14
WBGene00015184.,100,1215,1315
WBGene00015185.,569,3070,3639
WBGene00015186.,91,1469,1560
WBGene00015188.,55,178,233
WBGene00015189.,28,106,134
WBGene00015190.,3,134,137
WBGene00015191.,154,1022,1176
WBGene00015192.,0,5,5
WBGene00015193.,0,2,2
WBGene00015194.,88,448,536
WBGene00015196.,29,165,194
WBGene00015197.,22,322,344
WBGene00015198.,12,12,24
WBGene00015199.,8,8,16
WBGene00015200.,89,986,1075
WBGene00015202.,190,2846,3036
WBGene00015203.,175,2309,2484
WBGene00015204.,28,967,995
WBGene00015205.,148,1577,1725
WBGene00015206.,47,1057,1104
WBGene00015207.,215,876,1091
WBGene00015208.,245,2862,3107
WBGene00015210.,28,156,184
WBGene00015211.,12,54,66
WBGene00015214.,5,7,12
WBGene00015215.,2,6,8
WBGene00015216.,59,243,302
WBGene00015217.,28,650,678
WBGene00015218.,16,89,105
WBGene00015219.,280,3340,3620
WBGene00015220.,13,243,256
WBGene00015221.,1,2,3
WBGene00015222.,0,2,2
WBGene00015223.,6,12,18
WBGene00015224.,4,3,7
WBGene00015225.,10,14,24
WBGene00015226.,2,9,11
WBGene00015227.,1,13,14
WBGene00015228.,7,11,18
WBGene00015229.,1,9,10
WBGene00015230.,0,2,2
WBGene00015231.,37,249,286
WBGene00015232.,2343,22870,25213
WBGene00015233.,7,550,557
WBGene00015235.,0,301,301
WBGene00015236.,36,32,68
WBGene00015237.,355,1876,2231
WBGene00015238.,32,287,319
WBGene00015241.,5,0,5
WBGene00015242.,1,6,7
WBGene00015243.,33,25,58
WBGene00015244.,10,38,48
WBGene00015245.,109,781,890
WBGene00015246.,98,28,126
WBGene00015247.,0,81,81
WBGene00015248.,2011,16640,18651
WBGene00015249.,604,1945,2549
WBGene00015250.,302,1125,1427
WBGene00015251.,531,10614,11145
WBGene00015252.,0,29,29
WBGene00015253.,0,0,0
WBGene00015254.,0,1,1
WBGene00015255.,0,2,2
WBGene00015257.,3,0,3
WBGene00015258.,2,1,3
WBGene00015259.,0,2,2
WBGene00015260.,3,4,7
WBGene00015261.,2,29,31
WBGene00015262.,200,393,593
WBGene00015263.,136,352,488
WBGene00015264.,60,223,283
WBGene00015265.,5,57,62
WBGene00015266.,85,160,245
WBGene00015267.,113,428,541
WBGene00015268.,58,76,134
WBGene00015269.,0,0,0
WBGene00015270.,0,0,0
WBGene00015271.,0,0,0
WBGene00015272.,0,0,0
WBGene00015273.,151,1,152
WBGene00015277.,0,0,0
WBGene00015278.,20,129,149
WBGene00015279.,5,51,56
WBGene00015280.,37,195,232
WBGene00015281.,5,39,44
WBGene00015282.,98,828,926
WBGene00015283.,58,719,777
WBGene00015284.,7,62,69
WBGene00015285.,255,2249,2504
WBGene00015286.,19,228,247
WBGene00015287.,2,188,190
WBGene00015288.,3,5,8
WBGene00015291.,65,533,598
WBGene00015292.,6,10,16
WBGene00015293.,672,5224,5896
WBGene00015294.,165,2746,2911
WBGene00015295.,68,425,493
WBGene00015296.,195,1865,2060
WBGene00015297.,45,836,881
WBGene00015298.,70,275,345
WBGene00015299.,34,112,146
WBGene00015300.,5,89,94
WBGene00015301.,410,975,1385
WBGene00015303.,352,460,812
WBGene00015305.,5,5,10
WBGene00015306.,4,5,9
WBGene00015307.,32,297,329
WBGene00015308.,91,1569,1660
WBGene00015309.,21,54,75
WBGene00015310.,72,770,842
WBGene00015311.,3,22,25
WBGene00015312.,11,289,300
WBGene00015313.,5,290,295
WBGene00015315.,1,0,1
WBGene00015316.,6,0,6
WBGene00015317.,1,2,3
WBGene00015318.,0,1,1
WBGene00015320.,7,55,62
WBGene00015321.,0,0,0
WBGene00015322.,5,311,316
WBGene00015323.,13,51,64
WBGene00015324.,22,312,334
WBGene00015325.,0,2,2
WBGene00015326.,49,3405,3454
WBGene00015327.,44,632,676
WBGene00015328.,439,1109,1548
WBGene00015329.,52,1797,1849
WBGene00015330.,128,1053,1181
WBGene00015331.,1,1,2
WBGene00015332.,104,851,955
WBGene00015333.,5,13,18
WBGene00015334.,127,448,575
WBGene00015335.,3,16,19
WBGene00015336.,28,606,634
WBGene00015337.,0,26,26
WBGene00015338.,2,3,5
WBGene00015339.,8,45,53
WBGene00015340.,3,18,21
WBGene00015341.,7,23,30
WBGene00015342.,0,2,2
WBGene00015344.,45,662,707
WBGene00015345.,6,7,13
WBGene00015346.,193,6294,6487
WBGene00015347.,79,658,737
WBGene00015348.,1,7,8
WBGene00015349.,355,953,1308
WBGene00015350.,131,6269,6400
WBGene00015351.,5,30,35
WBGene00015352.,238,3077,3315
WBGene00015353.,6,219,225
WBGene00015354.,217,8155,8372
WBGene00015355.,17,59,76
WBGene00015356.,476,4854,5330
WBGene00015357.,15,197,212
WBGene00015359.,2,37,39
WBGene00015360.,1,5,6
WBGene00015361.,3,13,16
WBGene00015362.,36,482,518
WBGene00015364.,17,46,63
WBGene00015366.,3,9,12
WBGene00015367.,1,13,14
WBGene00015368.,12,6,18
WBGene00015369.,7,19,26
WBGene00015371.,33,7,40
WBGene00015372.,0,1,1
WBGene00015373.,23,82,105
WBGene00015374.,8,18,26
WBGene00015375.,18,130,148
WBGene00015376.,3,13,16
WBGene00015377.,7,53,60
WBGene00015378.,12,115,127
WBGene00015379.,0,1,1
WBGene00015380.,0,10,10
WBGene00015381.,26,41,67
WBGene00015382.,26,82,108
WBGene00015385.,0,68,68
WBGene00015386.,149,26,175
WBGene00015387.,60,102,162
WBGene00015388.,15,9,24
WBGene00015389.,40,250,290
WBGene00015390.,19,217,236
WBGene00015391.,85,2334,2419
WBGene00015392.,0,11,11
WBGene00015393.,3018,44578,47596
WBGene00015394.,2,8,10
WBGene00015395.,8,44,52
WBGene00015396.,5,56,61
WBGene00015397.,2,21,23
WBGene00015398.,1,2929,2930
WBGene00015399.,6,3,9
WBGene00015400.,31,153,184
WBGene00015401.,16,60,76
WBGene00015402.,398,3332,3730
WBGene00015403.,5,54,59
WBGene00015404.,69,1260,1329
WBGene00015405.,267,3063,3330
WBGene00015406.,3,23,26
WBGene00015407.,19,292,311
WBGene00015408.,9,147,156
WBGene00015409.,6,95,101
WBGene00015410.,174,958,1132
WBGene00015411.,7,33,40
WBGene00015412.,15,15,30
WBGene00015413.,275,4850,5125
WBGene00015414.,0,15,15
WBGene00015416.,14,83,97
WBGene00015417.,6,101,107
WBGene00015418.,986,3729,4715
WBGene00015419.,4,13,17
WBGene00015421.,4,9,13
WBGene00015422.,5,6,11
WBGene00015423.,10,289,299
WBGene00015424.,6,32,38
WBGene00015425.,76,592,668
WBGene00015426.,3,8,11
WBGene00015427.,131,1664,1795
WBGene00015428.,7,1,8
WBGene00015429.,64,532,596
WBGene00015430.,363,1427,1790
WBGene00015432.,2,6,8
WBGene00015433.,21,279,300
WBGene00015434.,283,1234,1517
WBGene00015435.,3,7,10
WBGene00015436.,1,1,2
WBGene00015437.,7,52,59
WBGene00015438.,8,1,9
WBGene00015439.,4,3,7
WBGene00015440.,25,111,136
WBGene00015441.,7,90,97
WBGene00015442.,4,4,8
WBGene00015444.,9,20,29
WBGene00015446.,0,1,1
WBGene00015447.,4,2,6
WBGene00015448.,4,6,10
WBGene00015449.,1,6,7
WBGene00015450.,12,905,917
WBGene00015451.,117,686,803
WBGene00015453.,1,5,6
WBGene00015454.,31,608,639
WBGene00015455.,527,544,1071
WBGene00015456.,0,31,31
WBGene00015457.,0,1,1
WBGene00015458.,0,5,5
WBGene00015459.,0,1,1
WBGene00015460.,15,560,575
WBGene00015461.,90,1743,1833
WBGene00015462.,20,384,404
WBGene00015463.,10,462,472
WBGene00015464.,54,957,1011
WBGene00015465.,17,23,40
WBGene00015466.,12,1047,1059
WBGene00015467.,3,20,23
WBGene00015468.,89,685,774
WBGene00015469.,8,60,68
WBGene00015470.,23,1452,1475
WBGene00015471.,68,430,498
WBGene00015472.,89,536,625
WBGene00015473.,58,73,131
WBGene00015474.,45,821,866
WBGene00015476.,267,1456,1723
WBGene00015477.,248,2599,2847
WBGene00015478.,75,372,447
WBGene00015479.,25,113,138
WBGene00015480.,90,290,380
WBGene00015481.,66,2341,2407
WBGene00015483.,35,259,294
WBGene00015484.,126,3722,3848
WBGene00015485.,53,925,978
WBGene00015486.,86,612,698
WBGene00015487.,47,6539,6586
WBGene00015488.,289,1024,1313
WBGene00015489.,6,21,27
WBGene00015491.,0,2,2
WBGene00015492.,22,1717,1739
WBGene00015493.,4,14,18
WBGene00015494.,87,372,459
WBGene00015495.,26,7660,7686
WBGene00015496.,6,7,13
WBGene00015497.,31,57,88
WBGene00015499.,153,1368,1521
WBGene00015500.,13,36,49
WBGene00015501.,342,4626,4968
WBGene00015504.,152,953,1105
WBGene00015505.,46,354,400
WBGene00015507.,145,829,974
WBGene00015508.,98,1274,1372
WBGene00015509.,201,1141,1342
WBGene00015510.,46,1069,1115
WBGene00015511.,2,41,43
WBGene00015512.,72,892,964
WBGene00015513.,52,1154,1206
WBGene00015514.,720,14489,15209
WBGene00015515.,32,626,658
WBGene00015516.,1,30,31
WBGene00015517.,149,833,982
WBGene00015518.,0,67,67
WBGene00015519.,6,80,86
WBGene00015520.,0,15,15
WBGene00015521.,0,0,0
WBGene00015522.,4,6,10
WBGene00015523.,9,107,116
WBGene00015524.,36,630,666
WBGene00015525.,124,971,1095
WBGene00015526.,8,78,86
WBGene00015527.,17,131,148
WBGene00015528.,4,9,13
WBGene00015529.,15,89,104
WBGene00015530.,0,2,2
WBGene00015531.,45,630,675
WBGene00015532.,3,75,78
WBGene00015533.,0,3,3
WBGene00015534.,0,4,4
WBGene00015535.,0,19,19
WBGene00015536.,16,182,198
WBGene00015537.,7,28,35
WBGene00015538.,2,766,768
WBGene00015539.,38,435,473
WBGene00015540.,10,1202,1212
WBGene00015541.,48,200,248
WBGene00015544.,28,213,241
WBGene00015545.,33,115,148
WBGene00015546.,0,44,44
WBGene00015547.,103,2861,2964
WBGene00015549.,186,1774,1960
WBGene00015550.,10,73,83
WBGene00015551.,1438,11797,13235
WBGene00015552.,47,3724,3771
WBGene00015553.,454,4685,5139
WBGene00015554.,39,277,316
WBGene00015555.,229,1254,1483
WBGene00015557.,52,701,753
WBGene00015558.,7,25,32
WBGene00015559.,71,330,401
WBGene00015560.,17,317,334
WBGene00015561.,286,2007,2293
WBGene00015562.,3,36,39
WBGene00015564.,0,6,6
WBGene00015565.,228,3011,3239
WBGene00015566.,4,114,118
WBGene00015567.,146,1258,1404
WBGene00015568.,14,99,113
WBGene00015569.,18,333,351
WBGene00015570.,7,64,71
WBGene00015572.,3,2,5
WBGene00015573.,0,0,0
WBGene00015574.,2,87,89
WBGene00015575.,0,3,3
WBGene00015576.,37,98,135
WBGene00015577.,95,458,553
WBGene00015578.,5,2434,2439
WBGene00015579.,0,2112,2112
WBGene00015580.,224,557,781
WBGene00015581.,317,2819,3136
WBGene00015582.,2,57,59
WBGene00015583.,7,7,14
WBGene00015586.,8,94,102
WBGene00015587.,0,3,3
WBGene00015588.,0,18,18
WBGene00015589.,0,25,25
WBGene00015590.,21,461,482
WBGene00015591.,24,803,827
WBGene00015592.,29,30,59
WBGene00015593.,7,326,333
WBGene00015594.,0,2,2
WBGene00015595.,2,5,7
WBGene00015596.,0,2,2
WBGene00015597.,21,287,308
WBGene00015598.,2,13,15
WBGene00015599.,1,28,29
WBGene00015600.,2,8,10
WBGene00015601.,5,20,25
WBGene00015602.,8,52,60
WBGene00015603.,0,2,2
WBGene00015604.,0,1,1
WBGene00015605.,62,844,906
WBGene00015606.,1,7,8
WBGene00015607.,0,4,4
WBGene00015608.,18,74,92
WBGene00015609.,4,43,47
WBGene00015610.,0,9,9
WBGene00015611.,3,1129,1132
WBGene00015613.,1,30,31
WBGene00015614.,3,1,4
WBGene00015615.,0,25,25
WBGene00015616.,3,6,9
WBGene00015618.,19,44,63
WBGene00015619.,827,4465,5292
WBGene00015620.,13,31,44
WBGene00015621.,110,1717,1827
WBGene00015622.,5,2,7
WBGene00015623.,30,695,725
WBGene00015624.,7,164,171
WBGene00015625.,19,135,154
WBGene00015626.,28,266,294
WBGene00015627.,1,1,2
WBGene00015628.,2,1,3
WBGene00015629.,0,6,6
WBGene00015630.,14,4,18
WBGene00015631.,5,119,124
WBGene00015632.,243,1819,2062
WBGene00015633.,1329,12334,13663
WBGene00015634.,3,25,28
WBGene00015635.,46,597,643
WBGene00015636.,0,4,4
WBGene00015637.,1,8,9
WBGene00015638.,18,324,342
WBGene00015639.,16,10,26
WBGene00015640.,61,326,387
WBGene00015641.,72,879,951
WBGene00015642.,87,658,745
WBGene00015644.,79,438,517
WBGene00015645.,2,117,119
WBGene00015646.,6,16,22
WBGene00015647.,120,1702,1822
WBGene00015648.,257,916,1173
WBGene00015649.,8,40,48
WBGene00015650.,1122,3705,4827
WBGene00015651.,183,429,612
WBGene00015652.,0,3,3
WBGene00015653.,1,0,1
WBGene00015654.,3,3,6
WBGene00015655.,0,1,1
WBGene00015656.,15,1,16
WBGene00015658.,402,661,1063
WBGene00015660.,9,66,75
WBGene00015661.,0,0,0
WBGene00015662.,3,9,12
WBGene00015663.,4,1,5
WBGene00015664.,11,1376,1387
WBGene00015665.,4,6,10
WBGene00015666.,71,651,722
WBGene00015667.,1,3,4
WBGene00015668.,5,5,10
WBGene00015670.,11,98,109
WBGene00015671.,55,755,810
WBGene00015672.,9,39,48
WBGene00015673.,132,968,1100
WBGene00015675.,90,412,502
WBGene00015676.,15,646,661
WBGene00015677.,78,338,416
WBGene00015678.,293,821,1114
WBGene00015679.,5,68,73
WBGene00015680.,217,2412,2629
WBGene00015681.,3,0,3
WBGene00015682.,5,12,17
WBGene00015683.,1,8,9
WBGene00015684.,190,2495,2685
WBGene00015685.,2,6,8
WBGene00015686.,85,134,219
WBGene00015687.,91,4192,4283
WBGene00015688.,3,7,10
WBGene00015689.,0,2,2
WBGene00015690.,7,1,8
WBGene00015691.,128,690,818
WBGene00015692.,9,32,41
WBGene00015693.,11,37,48
WBGene00015694.,7,6,13
WBGene00015695.,7,73,80
WBGene00015696.,2,11,13
WBGene00015697.,32,249,281
WBGene00015698.,1,194,195
WBGene00015700.,14,37,51
WBGene00015701.,27,103,130
WBGene00015702.,14,431,445
WBGene00015703.,11,1098,1109
WBGene00015704.,121,228,349
WBGene00015705.,48,408,456
WBGene00015706.,1,132,133
WBGene00015707.,0,47,47
WBGene00015708.,5,49,54
WBGene00015709.,37,320,357
WBGene00015710.,1,37,38
WBGene00015711.,2,12,14
WBGene00015712.,1,13,14
WBGene00015713.,23,252,275
WBGene00015714.,8,39,47
WBGene00015716.,22,171,193
WBGene00015718.,11,103,114
WBGene00015719.,1,0,1
WBGene00015720.,5,15,20
WBGene00015721.,0,1,1
WBGene00015722.,6,0,6
WBGene00015723.,2,5,7
WBGene00015724.,1,0,1
WBGene00015725.,3,0,3
WBGene00015726.,1,2,3
WBGene00015727.,0,1,1
WBGene00015728.,8,61,69
WBGene00015729.,16,625,641
WBGene00015730.,0,0,0
WBGene00015731.,0,0,0
WBGene00015733.,14,95,109
WBGene00015734.,34,1229,1263
WBGene00015735.,1066,1892,2958
WBGene00015736.,1,7,8
WBGene00015737.,0,2,2
WBGene00015738.,1,7,8
WBGene00015739.,8,11,19
WBGene00015740.,84,1107,1191
WBGene00015741.,342,2053,2395
WBGene00015742.,74,575,649
WBGene00015743.,116,1188,1304
WBGene00015744.,118,426,544
WBGene00015745.,29,340,369
WBGene00015746.,37,1441,1478
WBGene00015747.,122,768,890
WBGene00015748.,61,1032,1093
WBGene00015750.,15,84,99
WBGene00015751.,22,103,125
WBGene00015752.,19,493,512
WBGene00015753.,39,491,530
WBGene00015754.,110,1292,1402
WBGene00015755.,1305,20691,21996
WBGene00015756.,16,218,234
WBGene00015757.,1,1,2
WBGene00015758.,2,2,4
WBGene00015759.,42,441,483
WBGene00015760.,2,1,3
WBGene00015761.,1,2,3
WBGene00015762.,3,1,4
WBGene00015763.,0,12,12
WBGene00015764.,3,1,4
WBGene00015765.,1,10,11
WBGene00015766.,4,175,179
WBGene00015767.,96,572,668
WBGene00015768.,10,84,94
WBGene00015769.,22,630,652
WBGene00015770.,2,10,12
WBGene00015771.,1,1,2
WBGene00015772.,2,2,4
WBGene00015773.,0,2,2
WBGene00015774.,5,29,34
WBGene00015775.,14,5,19
WBGene00015776.,336,11054,11390
WBGene00015777.,32,475,507
WBGene00015778.,11,10420,10431
WBGene00015779.,223,922,1145
WBGene00015780.,9,34,43
WBGene00015781.,16,183,199
WBGene00015782.,6,126,132
WBGene00015783.,11,52,63
WBGene00015784.,4,16,20
WBGene00015785.,0,1,1
WBGene00015786.,249,1700,1949
WBGene00015787.,53,308,361
WBGene00015788.,13,144,157
WBGene00015789.,2,209,211
WBGene00015790.,197,2161,2358
WBGene00015791.,9,932,941
WBGene00015792.,5,40,45
WBGene00015793.,17,201,218
WBGene00015794.,17,95,112
WBGene00015795.,21,6,27
WBGene00015796.,64,263,327
WBGene00015797.,45,243,288
WBGene00015798.,14,87,101
WBGene00015799.,16,101,117
WBGene00015800.,484,650,1134
WBGene00015801.,99,715,814
WBGene00015802.,110,705,815
WBGene00015803.,617,4677,5294
WBGene00015805.,137,2849,2986
WBGene00015806.,28,589,617
WBGene00015807.,9,152,161
WBGene00015809.,1192,16377,17569
WBGene00015810.,4,4496,4500
WBGene00015811.,461,28129,28590
WBGene00015813.,263,3910,4173
WBGene00015814.,89,2183,2272
WBGene00015815.,226,715,941
WBGene00015816.,45,282,327
WBGene00015817.,389,3097,3486
WBGene00015818.,9,221,230
WBGene00015819.,4,295,299
WBGene00015820.,3,18,21
WBGene00015821.,4,7,11
WBGene00015822.,63,74,137
WBGene00015823.,0,6069,6069
WBGene00015824.,11,307,318
WBGene00015825.,0,3,3
WBGene00015826.,0,3,3
WBGene00015827.,0,0,0
WBGene00015828.,0,2,2
WBGene00015829.,0,11,11
WBGene00015830.,0,7,7
WBGene00015832.,2,4,6
WBGene00015833.,1,4,5
WBGene00015834.,2,1,3
WBGene00015835.,1,2,3
WBGene00015836.,4,0,4
WBGene00015837.,2,3,5
WBGene00015838.,0,2,2
WBGene00015839.,3,4,7
WBGene00015840.,4,2,6
WBGene00015841.,24,5,29
WBGene00015842.,57,370,427
WBGene00015843.,211,703,914
WBGene00015845.,1,0,1
WBGene00015846.,0,0,0
WBGene00015847.,0,1,1
WBGene00015848.,0,0,0
WBGene00015849.,47,490,537
WBGene00015850.,15,186,201
WBGene00015851.,68,66,134
WBGene00015852.,0,191,191
WBGene00015853.,67,817,884
WBGene00015854.,0,1,1
WBGene00015855.,0,2,2
WBGene00015856.,0,6,6
WBGene00015857.,31,439,470
WBGene00015858.,2,13,15
WBGene00015859.,6,28,34
WBGene00015860.,7,23,30
WBGene00015861.,90,613,703
WBGene00015862.,29,140,169
WBGene00015863.,14,17,31
WBGene00015864.,218,3555,3773
WBGene00015865.,54,935,989
WBGene00015866.,16,439,455
WBGene00015867.,29,61,90
WBGene00015868.,1191,3185,4376
WBGene00015869.,3,1,4
WBGene00015870.,1,0,1
WBGene00015871.,0,0,0
WBGene00015872.,1,1,2
WBGene00015873.,1,4,5
WBGene00015874.,0,0,0
WBGene00015875.,3,1,4
WBGene00015876.,4,55,59
WBGene00015877.,0,0,0
WBGene00015878.,10,138,148
WBGene00015879.,8,7,15
WBGene00015882.,1,9,10
WBGene00015883.,1,3,4
WBGene00015884.,23,231,254
WBGene00015885.,6,214,220
WBGene00015886.,0,6,6
WBGene00015887.,23,423,446
WBGene00015888.,0,3,3
WBGene00015889.,8,87,95
WBGene00015890.,1,33,34
WBGene00015891.,1,16,17
WBGene00015892.,0,1,1
WBGene00015893.,2,3,5
WBGene00015894.,20,65,85
WBGene00015895.,0,1,1
WBGene00015896.,0,54,54
WBGene00015897.,67,321,388
WBGene00015898.,11,2,13
WBGene00015899.,2,3,5
WBGene00015900.,11,68,79
WBGene00015901.,86,129,215
WBGene00015902.,10,21,31
WBGene00015903.,2,6,8
WBGene00015904.,0,2,2
WBGene00015905.,3,4,7
WBGene00015906.,1,9,10
WBGene00015907.,2,0,2
WBGene00015908.,4,13,17
WBGene00015909.,0,4,4
WBGene00015910.,1,9,10
WBGene00015911.,2,7,9
WBGene00015912.,4,65,69
WBGene00015913.,204,2918,3122
WBGene00015914.,41,42,83
WBGene00015915.,55,485,540
WBGene00015916.,91,1197,1288
WBGene00015917.,5,28,33
WBGene00015918.,34,224,258
WBGene00015919.,41,839,880
WBGene00015920.,15,1376,1391
WBGene00015921.,124,305,429
WBGene00015922.,43,348,391
WBGene00015924.,2,1,3
WBGene00015925.,71,165,236
WBGene00015926.,502,1757,2259
WBGene00015927.,340,1361,1701
WBGene00015928.,305,829,1134
WBGene00015929.,2,13,15
WBGene00015930.,14,114,128
WBGene00015931.,2,11,13
WBGene00015932.,0,12,12
WBGene00015933.,21,245,266
WBGene00015934.,35,442,477
WBGene00015935.,440,1103,1543
WBGene00015936.,337,754,1091
WBGene00015937.,7,16,23
WBGene00015938.,331,1689,2020
WBGene00015939.,7,92,99
WBGene00015940.,15,356,371
WBGene00015941.,143,1132,1275
WBGene00015942.,78,608,686
WBGene00015943.,122,3477,3599
WBGene00015944.,3,12,15
WBGene00015945.,301,311,612
WBGene00015946.,20,116,136
WBGene00015947.,524,4892,5416
WBGene00015948.,160,1540,1700
WBGene00015949.,8,75,83
WBGene00015950.,13,16,29
WBGene00015952.,10,124,134
WBGene00015953.,67,163,230
WBGene00015954.,1232,6366,7598
WBGene00015955.,48,2780,2828
WBGene00015956.,66,747,813
WBGene00015957.,39,160,199
WBGene00015958.,1,4,5
WBGene00015959.,1,0,1
WBGene00015960.,0,1,1
WBGene00015961.,2,1,3
WBGene00015962.,2,2,4
WBGene00015963.,9,55,64
WBGene00015964.,85,87,172
WBGene00015965.,7,49,56
WBGene00015968.,339,1194,1533
WBGene00015969.,65,379,444
WBGene00015970.,7,48,55
WBGene00015971.,169,1131,1300
WBGene00015972.,148,775,923
WBGene00015974.,491,412,903
WBGene00015975.,11,777,788
WBGene00015976.,127,1113,1240
WBGene00015977.,9,75,84
WBGene00015978.,36,1647,1683
WBGene00015979.,1,2,3
WBGene00015980.,401,1920,2321
WBGene00015981.,58,202,260
WBGene00015982.,8,1,9
WBGene00015984.,10,29,39
WBGene00015985.,9,11,20
WBGene00015986.,8,18,26
WBGene00015987.,0,4,4
WBGene00015988.,3,6,9
WBGene00015989.,19,579,598
WBGene00015990.,0,6,6
WBGene00015991.,6,14,20
WBGene00015992.,5,4,9
WBGene00015993.,183,2251,2434
WBGene00015994.,8,4,12
WBGene00015996.,11,88,99
WBGene00015997.,0,1,1
WBGene00015998.,5,4,9
WBGene00015999.,12,137,149
WBGene00016000.,15,14,29
WBGene00016002.,353,1550,1903
WBGene00016003.,26,54,80
WBGene00016004.,3,87,90
WBGene00016005.,39,464,503
WBGene00016006.,876,7316,8192
WBGene00016008.,5,14,19
WBGene00016009.,49,3427,3476
WBGene00016010.,20,5,25
WBGene00016011.,1008,8003,9011
WBGene00016012.,11,195,206
WBGene00016013.,2,8,10
WBGene00016014.,35,853,888
WBGene00016015.,89,1581,1670
WBGene00016016.,8,74,82
WBGene00016017.,0,1,1
WBGene00016018.,147,810,957
WBGene00016019.,36,1407,1443
WBGene00016020.,138,1061,1199
WBGene00016021.,71,851,922
WBGene00016022.,20,425,445
WBGene00016023.,7,80,87
WBGene00016024.,41,389,430
WBGene00016025.,29,171,200
WBGene00016027.,12,89,101
WBGene00016028.,106,5327,5433
WBGene00016029.,179,61,240
WBGene00016030.,21,296,317
WBGene00016032.,47,56,103
WBGene00016033.,25,6379,6404
WBGene00016034.,11,102,113
WBGene00016037.,96,41,137
WBGene00016038.,10,569,579
WBGene00016039.,0,114,114
WBGene00016040.,12,198,210
WBGene00016044.,393,775,1168
WBGene00016045.,119,971,1090
WBGene00016046.,4,136,140
WBGene00016047.,4,2,6
WBGene00016048.,17,616,633
WBGene00016049.,3,46,49
WBGene00016050.,0,1,1
WBGene00016051.,1,0,1
WBGene00016052.,123,1729,1852
WBGene00016053.,2,5,7
WBGene00016054.,8,3,11
WBGene00016055.,30,709,739
WBGene00016056.,2,17,19
WBGene00016057.,54,1434,1488
WBGene00016058.,0,0,0
WBGene00016059.,287,895,1182
WBGene00016060.,216,879,1095
WBGene00016061.,139,2138,2277
WBGene00016062.,20,3662,3682
WBGene00016063.,2,1,3
WBGene00016064.,8,21,29
WBGene00016066.,12,27,39
WBGene00016067.,74,680,754
WBGene00016068.,45,444,489
WBGene00016069.,0,31,31
WBGene00016070.,1,9,10
WBGene00016071.,6,38,44
WBGene00016072.,12,45,57
WBGene00016073.,313,8468,8781
WBGene00016074.,34,323,357
WBGene00016075.,10,2,12
WBGene00016076.,0,0,0
WBGene00016077.,2,2,4
WBGene00016078.,1,2,3
WBGene00016080.,0,4,4
WBGene00016081.,38,126,164
WBGene00016082.,0,5,5
WBGene00016083.,5,0,5
WBGene00016084.,3,6,9
WBGene00016085.,7,56,63
WBGene00016087.,2,182,184
WBGene00016088.,6,81,87
WBGene00016089.,29,62,91
WBGene00016090.,78,214,292
WBGene00016091.,2,4,6
WBGene00016092.,5,10,15
WBGene00016093.,38,176,214
WBGene00016094.,10,80,90
WBGene00016095.,34,199,233
WBGene00016096.,3,52,55
WBGene00016097.,7,687,694
WBGene00016099.,102,533,635
WBGene00016100.,7,217,224
WBGene00016101.,30,1141,1171
WBGene00016102.,13,293,306
WBGene00016103.,127,1573,1700
WBGene00016104.,27,110,137
WBGene00016105.,0,6,6
WBGene00016106.,2,20,22
WBGene00016107.,23,80,103
WBGene00016108.,25,40,65
WBGene00016109.,93,665,758
WBGene00016110.,7,43,50
WBGene00016111.,56,1486,1542
WBGene00016112.,16,133,149
WBGene00016113.,37,740,777
WBGene00016114.,286,6745,7031
WBGene00016115.,937,10839,11776
WBGene00016116.,119,1569,1688
WBGene00016118.,490,7289,7779
WBGene00016119.,868,16208,17076
WBGene00016120.,323,2083,2406
WBGene00016121.,121,1088,1209
WBGene00016123.,39,153,192
WBGene00016124.,93,705,798
WBGene00016125.,0,50,50
WBGene00016126.,25,162,187
WBGene00016128.,22,1781,1803
WBGene00016129.,32,875,907
WBGene00016130.,2,4,6
WBGene00016131.,100,412,512
WBGene00016132.,4,0,4
WBGene00016133.,8,58,66
WBGene00016134.,29,148,177
WBGene00016135.,72,573,645
WBGene00016136.,1,1,2
WBGene00016137.,3,42,45
WBGene00016138.,81,1431,1512
WBGene00016139.,54,299,353
WBGene00016140.,51,1324,1375
WBGene00016142.,36,1638,1674
WBGene00016143.,167,1160,1327
WBGene00016144.,121,839,960
WBGene00016145.,38,1085,1123
WBGene00016146.,12,230,242
WBGene00016147.,29,376,405
WBGene00016148.,56,389,445
WBGene00016149.,13,128,141
WBGene00016150.,196,2259,2455
WBGene00016151.,87,1224,1311
WBGene00016152.,20,119,139
WBGene00016153.,0,8,8
WBGene00016154.,127,765,892
WBGene00016155.,5,41,46
WBGene00016156.,8,600,608
WBGene00016157.,264,1250,1514
WBGene00016158.,137,1848,1985
WBGene00016159.,70,427,497
WBGene00016160.,13,5,18
WBGene00016161.,3,6,9
WBGene00016162.,519,4227,4746
WBGene00016163.,16,185,201
WBGene00016164.,2,3,5
WBGene00016165.,82,239,321
WBGene00016166.,175,2979,3154
WBGene00016167.,49,1352,1401
WBGene00016168.,3,5,8
WBGene00016169.,90,74,164
WBGene00016170.,128,2099,2227
WBGene00016171.,76,607,683
WBGene00016172.,795,3549,4344
WBGene00016173.,588,3956,4544
WBGene00016174.,15,98,113
WBGene00016175.,39,153,192
WBGene00016177.,6,32,38
WBGene00016178.,57,729,786
WBGene00016179.,0,6,6
WBGene00016180.,5,146,151
WBGene00016181.,4,51,55
WBGene00016182.,37,502,539
WBGene00016183.,2,1,3
WBGene00016184.,115,393,508
WBGene00016185.,2,2,4
WBGene00016187.,26,677,703
WBGene00016188.,99,882,981
WBGene00016189.,6,72,78
WBGene00016190.,4,471,475
WBGene00016191.,34,336,370
WBGene00016192.,17,1237,1254
WBGene00016193.,490,493,983
WBGene00016194.,153,10451,10604
WBGene00016195.,14,1268,1282
WBGene00016196.,8,11,19
WBGene00016197.,2057,7788,9845
WBGene00016198.,7,32,39
WBGene00016199.,6,43,49
WBGene00016200.,106,1205,1311
WBGene00016201.,85,2235,2320
WBGene00016202.,39,1016,1055
WBGene00016203.,196,533,729
WBGene00016204.,2,68,70
WBGene00016206.,10,30,40
WBGene00016207.,174,1910,2084
WBGene00016208.,10,478,488
WBGene00016209.,125,2353,2478
WBGene00016210.,346,2984,3330
WBGene00016211.,42,295,337
WBGene00016212.,70,3442,3512
WBGene00016213.,0,2,2
WBGene00016215.,7,537,544
WBGene00016216.,65,745,810
WBGene00016217.,5,85,90
WBGene00016218.,25,81,106
WBGene00016219.,28,178,206
WBGene00016220.,0,7,7
WBGene00016221.,77,702,779
WBGene00016222.,0,0,0
WBGene00016223.,1,2,3
WBGene00016224.,1,18,19
WBGene00016225.,0,1,1
WBGene00016226.,0,1,1
WBGene00016227.,0,11,11
WBGene00016230.,21,178,199
WBGene00016231.,0,4,4
WBGene00016232.,2,23,25
WBGene00016233.,17,174,191
WBGene00016234.,355,3288,3643
WBGene00016235.,9,3220,3229
WBGene00016236.,27,323,350
WBGene00016237.,60,1047,1107
WBGene00016238.,18,1208,1226
WBGene00016239.,3,76,79
WBGene00016242.,10,66,76
WBGene00016244.,173,2208,2381
WBGene00016245.,49,1284,1333
WBGene00016246.,60,330,390
WBGene00016247.,6,53,59
WBGene00016248.,22,259,281
WBGene00016249.,157,1680,1837
WBGene00016250.,48,2790,2838
WBGene00016253.,10,134,144
WBGene00016254.,0,17,17
WBGene00016255.,24,76,100
WBGene00016257.,3,2,5
WBGene00016258.,117,4605,4722
WBGene00016259.,12,14,26
WBGene00016260.,52,288,340
WBGene00016261.,53,506,559
WBGene00016262.,34,289,323
WBGene00016263.,3,84,87
WBGene00016264.,631,2480,3111
WBGene00016265.,10,176,186
WBGene00016266.,495,3603,4098
WBGene00016268.,19,145,164
WBGene00016269.,3239,11625,14864
WBGene00016271.,12607,9,12616
WBGene00016273.,4,9,13
WBGene00016274.,11,149,160
WBGene00016276.,4,30,34
WBGene00016277.,23,312,335
WBGene00016278.,127,824,951
WBGene00016279.,3,8,11
WBGene00016280.,1,4,5
WBGene00016281.,6,17,23
WBGene00016282.,11,89,100
WBGene00016283.,18,123,141
WBGene00016284.,2,1,3
WBGene00016285.,0,4,4
WBGene00016286.,8,10,18
WBGene00016287.,3,24,27
WBGene00016288.,10,49,59
WBGene00016289.,5274,12406,17680
WBGene00016291.,30,200,230
WBGene00016292.,320,716,1036
WBGene00016293.,56,427,483
WBGene00016294.,10,12,22
WBGene00016295.,45,303,348
WBGene00016296.,0,1,1
WBGene00016297.,2,6,8
WBGene00016298.,2,10,12
WBGene00016299.,7,1,8
WBGene00016300.,4,5,9
WBGene00016301.,29,234,263
WBGene00016302.,5,54,59
WBGene00016303.,7,39,46
WBGene00016304.,51,377,428
WBGene00016305.,27,207,234
WBGene00016306.,0,1,1
WBGene00016307.,0,4,4
WBGene00016308.,6,21,27
WBGene00016309.,1,4,5
WBGene00016310.,157,2112,2269
WBGene00016311.,48,1135,1183
WBGene00016312.,8,29,37
WBGene00016313.,25,703,728
WBGene00016314.,23,173,196
WBGene00016315.,65,599,664
WBGene00016316.,356,7626,7982
WBGene00016317.,20,516,536
WBGene00016318.,127,2129,2256
WBGene00016319.,11,55,66
WBGene00016320.,2,1,3
WBGene00016321.,705,5150,5855
WBGene00016322.,0,2,2
WBGene00016323.,183,1374,1557
WBGene00016324.,61,181,242
WBGene00016325.,64,549,613
WBGene00016326.,209,2289,2498
WBGene00016327.,2,4,6
WBGene00016328.,40,124,164
WBGene00016329.,10,29,39
WBGene00016330.,777,4436,5213
WBGene00016331.,246,2000,2246
WBGene00016332.,373,5150,5523
WBGene00016333.,562,4268,4830
WBGene00016334.,0,3,3
WBGene00016335.,25,62,87
WBGene00016336.,2,8,10
WBGene00016337.,1,0,1
WBGene00016338.,5,3,8
WBGene00016339.,0,2,2
WBGene00016340.,24,36,60
WBGene00016341.,19,809,828
WBGene00016343.,250,876,1126
WBGene00016344.,41,225,266
WBGene00016345.,2,156,158
WBGene00016346.,1,62,63
WBGene00016347.,16,1,17
WBGene00016349.,1,93,94
WBGene00016350.,0,4,4
WBGene00016351.,0,0,0
WBGene00016352.,23,305,328
WBGene00016353.,0,68,68
WBGene00016354.,168,380,548
WBGene00016355.,61,330,391
WBGene00016356.,3,6,9
WBGene00016357.,1,3,4
WBGene00016358.,1,0,1
WBGene00016359.,2,807,809
WBGene00016360.,7,52,59
WBGene00016361.,8,31,39
WBGene00016362.,86,10179,10265
WBGene00016363.,36,209,245
WBGene00016364.,38,146,184
WBGene00016365.,17,119,136
WBGene00016366.,13,177,190
WBGene00016367.,20,150,170
WBGene00016368.,33,136,169
WBGene00016369.,2,0,2
WBGene00016370.,0,0,0
WBGene00016371.,2,2,4
WBGene00016373.,7,104,111
WBGene00016374.,44,761,805
WBGene00016375.,1,449,450
WBGene00016376.,11,378,389
WBGene00016378.,269,3208,3477
WBGene00016379.,125,2629,2754
WBGene00016380.,14,407,421
WBGene00016381.,48,565,613
WBGene00016382.,0,1,1
WBGene00016383.,81,1676,1757
WBGene00016384.,254,3952,4206
WBGene00016386.,69,34,103
WBGene00016387.,35,398,433
WBGene00016388.,1,1,2
WBGene00016389.,0,5,5
WBGene00016390.,21,485,506
WBGene00016391.,60,910,970
WBGene00016392.,10,343,353
WBGene00016393.,645,20731,21376
WBGene00016394.,56,70,126
WBGene00016395.,243,2074,2317
WBGene00016396.,633,1311,1944
WBGene00016397.,74,338,412
WBGene00016398.,2,4,6
WBGene00016399.,1,1,2
WBGene00016400.,95,891,986
WBGene00016402.,16,72,88
WBGene00016403.,740,2211,2951
WBGene00016404.,69,538,607
WBGene00016405.,232,6721,6953
WBGene00016406.,110,2588,2698
WBGene00016407.,1925,6064,7989
WBGene00016408.,85,959,1044
WBGene00016409.,114,1181,1295
WBGene00016410.,5,10,15
WBGene00016411.,31,1043,1074
WBGene00016412.,7,579,586
WBGene00016413.,1,6,7
WBGene00016414.,0,1,1
WBGene00016415.,796,8208,9004
WBGene00016416.,15,81,96
WBGene00016417.,211,1775,1986
WBGene00016418.,179,630,809
WBGene00016419.,61,746,807
WBGene00016420.,3,8,11
WBGene00016421.,22,252,274
WBGene00016422.,0,88,88
WBGene00016423.,69,201,270
WBGene00016424.,15,58,73
WBGene00016425.,2,10,12
WBGene00016427.,508,440,948
WBGene00016428.,42,415,457
WBGene00016429.,12,54,66
WBGene00016430.,1,6,7
WBGene00016431.,12,42,54
WBGene00016432.,2040,2869,4909
WBGene00016433.,0,3,3
WBGene00016434.,0,8,8
WBGene00016435.,108,1858,1966
WBGene00016436.,19,340,359
WBGene00016437.,14,2,16
WBGene00016438.,127,1327,1454
WBGene00016439.,65,905,970
WBGene00016440.,0,25,25
WBGene00016441.,4,24,28
WBGene00016442.,11,471,482
WBGene00016443.,115,923,1038
WBGene00016444.,160,922,1082
WBGene00016445.,15,122,137
WBGene00016446.,19,599,618
WBGene00016447.,0,3,3
WBGene00016448.,30,321,351
WBGene00016449.,10,2115,2125
WBGene00016450.,2,185,187
WBGene00016451.,0,8,8
WBGene00016452.,196,2126,2322
WBGene00016453.,3,55,58
WBGene00016454.,48,431,479
WBGene00016455.,0,21,21
WBGene00016456.,14,2773,2787
WBGene00016457.,2,101,103
WBGene00016458.,120,3776,3896
WBGene00016459.,8,3,11
WBGene00016460.,23,196,219
WBGene00016461.,29,95,124
WBGene00016462.,21,143,164
WBGene00016463.,11,764,775
WBGene00016464.,4,21,25
WBGene00016465.,10,524,534
WBGene00016466.,10,94,104
WBGene00016467.,62,770,832
WBGene00016468.,13,10,23
WBGene00016469.,20,356,376
WBGene00016470.,0,2,2
WBGene00016471.,7,15,22
WBGene00016472.,0,2,2
WBGene00016473.,0,1,1
WBGene00016474.,2,3,5
WBGene00016475.,0,4,4
WBGene00016476.,2,2,4
WBGene00016477.,0,4,4
WBGene00016478.,1,4,5
WBGene00016479.,3,2,5
WBGene00016480.,1,2,3
WBGene00016481.,1,0,1
WBGene00016483.,2,1,3
WBGene00016484.,0,1,1
WBGene00016485.,3,4,7
WBGene00016486.,3,6,9
WBGene00016487.,4,3,7
WBGene00016488.,43,89,132
WBGene00016489.,162,1118,1280
WBGene00016490.,103,1017,1120
WBGene00016491.,10,27,37
WBGene00016492.,18,53,71
WBGene00016493.,30269,184141,214410
WBGene00016494.,399,4483,4882
WBGene00016495.,15,652,667
WBGene00016496.,147,5298,5445
WBGene00016497.,2,12,14
WBGene00016499.,72,216,288
WBGene00016500.,73,5230,5303
WBGene00016501.,26,1794,1820
WBGene00016502.,2,47,49
WBGene00016503.,5,137,142
WBGene00016504.,26,1236,1262
WBGene00016505.,14,1231,1245
WBGene00016506.,127,1079,1206
WBGene00016507.,414,3298,3712
WBGene00016508.,324,2499,2823
WBGene00016509.,624,34991,35615
WBGene00016511.,162,1818,1980
WBGene00016512.,11,27,38
WBGene00016513.,371,11895,12266
WBGene00016514.,76,133,209
WBGene00016516.,6,8,14
WBGene00016517.,0,23,23
WBGene00016518.,39,69,108
WBGene00016519.,2,12,14
WBGene00016520.,14,216,230
WBGene00016521.,1,14,15
WBGene00016522.,14,124,138
WBGene00016523.,5,2,7
WBGene00016524.,53,286,339
WBGene00016525.,2,9,11
WBGene00016526.,1,2,3
WBGene00016527.,4,6,10
WBGene00016528.,0,2,2
WBGene00016529.,0,12,12
WBGene00016530.,118,1291,1409
WBGene00016531.,107,480,587
WBGene00016532.,42,522,564
WBGene00016533.,186,1673,1859
WBGene00016534.,6,46,52
WBGene00016535.,2,342,344
WBGene00016537.,0,52,52
WBGene00016538.,53,254,307
WBGene00016539.,391,1220,1611
WBGene00016540.,144,632,776
WBGene00016541.,0,6,6
WBGene00016542.,135,910,1045
WBGene00016543.,6,4,10
WBGene00016544.,2,15,17
WBGene00016545.,5,59,64
WBGene00016546.,21,79,100
WBGene00016547.,8,171,179
WBGene00016548.,3,6,9
WBGene00016549.,4,61,65
WBGene00016550.,5,3,8
WBGene00016551.,0,7,7
WBGene00016553.,17,135,152
WBGene00016554.,0,2,2
WBGene00016555.,7,97,104
WBGene00016556.,2,5,7
WBGene00016557.,0,1,1
WBGene00016558.,12,96,108
WBGene00016559.,43,275,318
WBGene00016561.,672,1141,1813
WBGene00016562.,1470,2246,3716
WBGene00016564.,25,342,367
WBGene00016565.,0,14,14
WBGene00016566.,172,1065,1237
WBGene00016567.,4,223,227
WBGene00016568.,84,370,454
WBGene00016570.,49,281,330
WBGene00016572.,15,18,33
WBGene00016573.,9,662,671
WBGene00016574.,21,1154,1175
WBGene00016575.,41,1270,1311
WBGene00016576.,5,800,805
WBGene00016577.,4,5,9
WBGene00016578.,0,2,2
WBGene00016579.,21,138,159
WBGene00016580.,33,125,158
WBGene00016581.,2,9,11
WBGene00016582.,34,452,486
WBGene00016583.,10,435,445
WBGene00016585.,35,47,82
WBGene00016586.,2,179,181
WBGene00016587.,39,67,106
WBGene00016588.,0,60,60
WBGene00016589.,1,510,511
WBGene00016590.,79,613,692
WBGene00016591.,23,1021,1044
WBGene00016592.,46,247,293
WBGene00016594.,61,2989,3050
WBGene00016595.,3,20,23
WBGene00016596.,8,338,346
WBGene00016597.,0,5,5
WBGene00016598.,3,12,15
WBGene00016599.,55,309,364
WBGene00016600.,82,68,150
WBGene00016601.,397,4799,5196
WBGene00016602.,35,619,654
WBGene00016603.,489,3910,4399
WBGene00016605.,6,59,65
WBGene00016606.,298,909,1207
WBGene00016607.,39,427,466
WBGene00016608.,53,343,396
WBGene00016609.,229,189,418
WBGene00016610.,359,4413,4772
WBGene00016611.,278,2226,2504
WBGene00016612.,6,29,35
WBGene00016613.,66,462,528
WBGene00016614.,61,493,554
WBGene00016616.,22,813,835
WBGene00016617.,55,742,797
WBGene00016619.,23,128,151
WBGene00016620.,70,738,808
WBGene00016621.,179,1504,1683
WBGene00016622.,43,1109,1152
WBGene00016623.,40,343,383
WBGene00016624.,436,1829,2265
WBGene00016625.,10,28,38
WBGene00016626.,20,200,220
WBGene00016627.,4,3,7
WBGene00016628.,125,805,930
WBGene00016629.,21,315,336
WBGene00016630.,618,38896,39514
WBGene00016631.,36,207,243
WBGene00016632.,57,233,290
WBGene00016633.,13,248,261
WBGene00016634.,219,1344,1563
WBGene00016635.,0,3266,3266
WBGene00016636.,4,3,7
WBGene00016637.,23,163,186
WBGene00016638.,2,2,4
WBGene00016639.,22,14,36
WBGene00016641.,6,73,79
WBGene00016642.,13,296,309
WBGene00016643.,103,724,827
WBGene00016644.,0,9,9
WBGene00016645.,25,677,702
WBGene00016646.,0,0,0
WBGene00016647.,0,0,0
WBGene00016648.,0,0,0
WBGene00016649.,0,0,0
WBGene00016650.,728,6853,7581
WBGene00016652.,56,475,531
WBGene00016653.,14,2155,2169
WBGene00016654.,140,447,587
WBGene00016655.,117,1818,1935
WBGene00016657.,29,201,230
WBGene00016658.,0,0,0
WBGene00016659.,1,19,20
WBGene00016660.,0,4,4
WBGene00016661.,166,687,853
WBGene00016662.,2,2,4
WBGene00016663.,66,1092,1158
WBGene00016664.,1,8,9
WBGene00016665.,4,20,24
WBGene00016666.,3,68,71
WBGene00016667.,86,711,797
WBGene00016668.,0,1,1
WBGene00016669.,0,6,6
WBGene00016670.,5,5,10
WBGene00016671.,11,190,201
WBGene00016673.,1,4,5
WBGene00016674.,24,444,468
WBGene00016675.,0,2,2
WBGene00016676.,20,665,685
WBGene00016677.,297,4165,4462
WBGene00016678.,210,1321,1531
WBGene00016679.,11,206,217
WBGene00016680.,0,12,12
WBGene00016681.,2,3,5
WBGene00016682.,23,29,52
WBGene00016683.,48,132,180
WBGene00016684.,90,3872,3962
WBGene00016685.,14,12,26
WBGene00016686.,7,37,44
WBGene00016687.,1,5,6
WBGene00016688.,4,15,19
WBGene00016689.,0,1,1
WBGene00016690.,1,1,2
WBGene00016691.,4,2,6
WBGene00016692.,2,6,8
WBGene00016693.,23,24,47
WBGene00016694.,0,1,1
WBGene00016695.,1,3,4
WBGene00016696.,9,17,26
WBGene00016697.,8,28,36
WBGene00016698.,2,13,15
WBGene00016699.,1,19,20
WBGene00016700.,11,30,41
WBGene00016701.,7,93,100
WBGene00016702.,83,1200,1283
WBGene00016703.,28,336,364
WBGene00016704.,67,427,494
WBGene00016705.,47,176,223
WBGene00016706.,245,3080,3325
WBGene00016707.,0,0,0
WBGene00016708.,0,1,1
WBGene00016709.,1,1,2
WBGene00016710.,30,401,431
WBGene00016711.,2,26,28
WBGene00016712.,0,1,1
WBGene00016713.,0,0,0
WBGene00016714.,7,17,24
WBGene00016716.,3210,11969,15179
WBGene00016717.,9,50,59
WBGene00016718.,4,0,4
WBGene00016719.,7,86,93
WBGene00016720.,3,3,6
WBGene00016721.,288,2712,3000
WBGene00016722.,3324,8736,12060
WBGene00016724.,9,90,99
WBGene00016725.,128,172,300
WBGene00016727.,12,7,19
WBGene00016728.,4,97,101
WBGene00016729.,3,60,63
WBGene00016730.,16,77,93
WBGene00016731.,3,10,13
WBGene00016732.,1,6,7
WBGene00016733.,3,27,30
WBGene00016734.,73,1634,1707
WBGene00016735.,61,525,586
WBGene00016737.,0,1,1
WBGene00016738.,4,1373,1377
WBGene00016739.,167,5397,5564
WBGene00016740.,14,639,653
WBGene00016741.,106,1010,1116
WBGene00016742.,19,19,38
WBGene00016743.,12,6,18
WBGene00016744.,43,319,362
WBGene00016745.,24,257,281
WBGene00016746.,132,2283,2415
WBGene00016747.,22,98,120
WBGene00016748.,82,192,274
WBGene00016749.,144,2231,2375
WBGene00016750.,89,1318,1407
WBGene00016751.,136,898,1034
WBGene00016752.,0,8,8
WBGene00016753.,4,1,5
WBGene00016754.,184,1566,1750
WBGene00016755.,5,13,18
WBGene00016756.,28,45,73
WBGene00016757.,55,117,172
WBGene00016758.,41,119,160
WBGene00016759.,19,240,259
WBGene00016760.,25,728,753
WBGene00016761.,27,82,109
WBGene00016762.,20,263,283
WBGene00016763.,69,1781,1850
WBGene00016764.,72,558,630
WBGene00016765.,5,5,10
WBGene00016766.,5,1199,1204
WBGene00016767.,2,100,102
WBGene00016768.,140,584,724
WBGene00016769.,113,335,448
WBGene00016770.,1,4,5
WBGene00016772.,3,8,11
WBGene00016773.,2,2,4
WBGene00016775.,0,2,2
WBGene00016776.,2,1,3
WBGene00016777.,2,7,9
WBGene00016778.,15,1,16
WBGene00016779.,1,11,12
WBGene00016781.,200,133638,133838
WBGene00016782.,2,2204,2206
WBGene00016783.,37,262,299
WBGene00016785.,36,63,99
WBGene00016786.,1,6,7
WBGene00016788.,628,3376,4004
WBGene00016789.,1,29,30
WBGene00016790.,333,4977,5310
WBGene00016791.,67,706,773
WBGene00016792.,250,2008,2258
WBGene00016793.,55,731,786
WBGene00016794.,102,945,1047
WBGene00016795.,8,113,121
WBGene00016796.,205,586,791
WBGene00016797.,130,154,284
WBGene00016798.,0,1,1
WBGene00016799.,40,226,266
WBGene00016800.,3,38,41
WBGene00016801.,18,669,687
WBGene00016803.,14,1594,1608
WBGene00016804.,0,12,12
WBGene00016805.,9,71,80
WBGene00016806.,0,120,120
WBGene00016807.,0,3,3
WBGene00016808.,53,2525,2578
WBGene00016809.,45,289,334
WBGene00016810.,45,638,683
WBGene00016811.,70,385,455
WBGene00016812.,52,354,406
WBGene00016813.,0,2,2
WBGene00016815.,2,1,3
WBGene00016816.,89,471,560
WBGene00016817.,23,116,139
WBGene00016818.,6,14,20
WBGene00016820.,2,7,9
WBGene00016821.,1,3,4
WBGene00016822.,3,2,5
WBGene00016823.,3,0,3
WBGene00016824.,0,0,0
WBGene00016825.,11,35,46
WBGene00016826.,10,2,12
WBGene00016827.,2,3,5
WBGene00016828.,7,14,21
WBGene00016829.,4,6,10
WBGene00016830.,2,6,8
WBGene00016831.,6,2,8
WBGene00016832.,2,8,10
WBGene00016833.,9,18,27
WBGene00016834.,1,7,8
WBGene00016835.,72,220,292
WBGene00016836.,196,1078,1274
WBGene00016837.,79,1584,1663
WBGene00016838.,724,3053,3777
WBGene00016839.,3,5,8
WBGene00016840.,638,2819,3457
WBGene00016841.,84,537,621
WBGene00016842.,8,121,129
WBGene00016843.,2,2,4
WBGene00016844.,81,833,914
WBGene00016845.,0,201,201
WBGene00016846.,112,630,742
WBGene00016847.,3,11,14
WBGene00016848.,43,380,423
WBGene00016849.,35,410,445
WBGene00016850.,1,32,33
WBGene00016851.,1,6,7
WBGene00016852.,0,7,7
WBGene00016853.,1,1,2
WBGene00016854.,1,9,10
WBGene00016855.,1,359,360
WBGene00016856.,7,18,25
WBGene00016857.,3,3,6
WBGene00016858.,3,13,16
WBGene00016859.,0,2,2
WBGene00016860.,57,364,421
WBGene00016861.,1,3,4
WBGene00016862.,92,588,680
WBGene00016863.,2,19,21
WBGene00016864.,0,3,3
WBGene00016865.,6,128,134
WBGene00016866.,636,4438,5074
WBGene00016867.,53,774,827
WBGene00016868.,76,277,353
WBGene00016869.,10,213,223
WBGene00016870.,9,96,105
WBGene00016871.,352,1069,1421
WBGene00016872.,16,178,194
WBGene00016873.,16,62,78
WBGene00016874.,20,107,127
WBGene00016877.,21,3,24
WBGene00016879.,126,441,567
WBGene00016880.,1,7,8
WBGene00016881.,2,6,8
WBGene00016882.,1,0,1
WBGene00016883.,16,171,187
WBGene00016884.,0,28,28
WBGene00016885.,0,0,0
WBGene00016886.,0,3,3
WBGene00016888.,264,1861,2125
WBGene00016889.,275,2275,2550
WBGene00016890.,93,207,300
WBGene00016891.,0,0,0
WBGene00016892.,18,1281,1299
WBGene00016893.,4,28,32
WBGene00016894.,23,6582,6605
WBGene00016895.,0,1,1
WBGene00016896.,22,82,104
WBGene00016898.,209,2951,3160
WBGene00016899.,9,66,75
WBGene00016900.,203,490,693
WBGene00016901.,0,5,5
WBGene00016902.,574,906,1480
WBGene00016903.,226,1014,1240
WBGene00016905.,181,999,1180
WBGene00016906.,38,147,185
WBGene00016907.,34,10152,10186
WBGene00016909.,35,130,165
WBGene00016911.,29,584,613
WBGene00016912.,6,107,113
WBGene00016913.,87,2069,2156
WBGene00016914.,26,215,241
WBGene00016915.,2,18,20
WBGene00016916.,18,636,654
WBGene00016917.,10,124,134
WBGene00016918.,1781,8750,10531
WBGene00016919.,310,766,1076
WBGene00016920.,65,235,300
WBGene00016921.,4,19,23
WBGene00016922.,21,74,95
WBGene00016923.,600,10677,11277
WBGene00016924.,1,6,7
WBGene00016925.,0,6,6
WBGene00016926.,2,28,30
WBGene00016927.,0,6,6
WBGene00016928.,25,23,48
WBGene00016929.,1,9,10
WBGene00016930.,74,259,333
WBGene00016931.,6,45,51
WBGene00016932.,83,88,171
WBGene00016933.,9,30,39
WBGene00016934.,74,1551,1625
WBGene00016935.,71,389,460
WBGene00016937.,37,767,804
WBGene00016938.,33,70,103
WBGene00016939.,36,200,236
WBGene00016940.,0,0,0
WBGene00016941.,3,45,48
WBGene00016942.,0,3,3
WBGene00016943.,9,377,386
WBGene00016944.,35,777,812
WBGene00016945.,30,121,151
WBGene00016946.,1,1,2
WBGene00016947.,20,236,256
WBGene00016948.,3,1,4
WBGene00016949.,2,3,5
WBGene00016950.,0,1,1
WBGene00016951.,22,40,62
WBGene00016953.,16,33,49
WBGene00016954.,1,5,6
WBGene00016955.,185,691,876
WBGene00016956.,16,36,52
WBGene00016957.,236,427,663
WBGene00016958.,87,540,627
WBGene00016959.,0,9,9
WBGene00016960.,51,392,443
WBGene00016961.,462,7165,7627
WBGene00016962.,1,15,16
WBGene00016963.,1,14,15
WBGene00016964.,77,389,466
WBGene00016965.,58,469,527
WBGene00016966.,77,938,1015
WBGene00016968.,151,1152,1303
WBGene00016970.,0,83,83
WBGene00016971.,50,526,576
WBGene00016972.,6,16,22
WBGene00016973.,3,10,13
WBGene00016974.,36,572,608
WBGene00016975.,197,703,900
WBGene00016976.,115,204,319
WBGene00016977.,1709,11420,13129
WBGene00016978.,65,702,767
WBGene00016979.,12,133,145
WBGene00016980.,1,1,2
WBGene00016981.,33,2233,2266
WBGene00016982.,34,225,259
WBGene00016983.,8,205,213
WBGene00016984.,93,115,208
WBGene00016985.,0,2,2
WBGene00016987.,34,1356,1390
WBGene00016988.,298,3249,3547
WBGene00016989.,118,1268,1386
WBGene00016990.,35,1699,1734
WBGene00016992.,28,513,541
WBGene00016993.,50,364,414
WBGene00016995.,32,615,647
WBGene00016996.,55,248,303
WBGene00016997.,90,4640,4730
WBGene00016998.,21,89,110
WBGene00016999.,10,40,50
WBGene00017000.,10,87,97
WBGene00017001.,10,78,88
WBGene00017002.,0,133,133
WBGene00017003.,8,138,146
WBGene00017004.,81,1756,1837
WBGene00017005.,1,182,183
WBGene00017007.,71,281,352
WBGene00017009.,14,357,371
WBGene00017010.,50,442,492
WBGene00017011.,11,930,941
WBGene00017012.,121,482,603
WBGene00017013.,24,193,217
WBGene00017014.,34,466,500
WBGene00017015.,1,138,139
WBGene00017016.,316,4194,4510
WBGene00017017.,412,1213,1625
WBGene00017018.,0,2,2
WBGene00017019.,0,1,1
WBGene00017020.,5,17,22
WBGene00017021.,5,31,36
WBGene00017022.,3,65,68
WBGene00017023.,46,2579,2625
WBGene00017024.,3,31,34
WBGene00017025.,185,1698,1883
WBGene00017026.,10,6,16
WBGene00017027.,37,32,69
WBGene00017028.,21,58,79
WBGene00017029.,0,0,0
WBGene00017031.,233,1363,1596
WBGene00017032.,25,555,580
WBGene00017033.,3,85,88
WBGene00017034.,19,190,209
WBGene00017035.,7,7,14
WBGene00017036.,28,227,255
WBGene00017037.,203,908,1111
WBGene00017038.,466,745,1211
WBGene00017039.,124,252,376
WBGene00017040.,43,288,331
WBGene00017041.,213,1596,1809
WBGene00017042.,85,502,587
WBGene00017044.,78,2192,2270
WBGene00017045.,390,3310,3700
WBGene00017046.,61,439,500
WBGene00017048.,55,309,364
WBGene00017050.,10,32,42
WBGene00017051.,74,555,629
WBGene00017052.,0,4,4
WBGene00017053.,43,1143,1186
WBGene00017054.,946,14670,15616
WBGene00017055.,2,1,3
WBGene00017056.,0,2,2
WBGene00017057.,0,0,0
WBGene00017058.,0,4,4
WBGene00017059.,0,1,1
WBGene00017060.,520,45294,45814
WBGene00017061.,19,22,41
WBGene00017062.,73,576,649
WBGene00017063.,47,167,214
WBGene00017064.,47,1150,1197
WBGene00017065.,322,4198,4520
WBGene00017066.,440,2139,2579
WBGene00017068.,1,5,6
WBGene00017069.,167,924,1091
WBGene00017070.,69,1496,1565
WBGene00017071.,73,260,333
WBGene00017072.,39,75,114
WBGene00017073.,0,6,6
WBGene00017074.,24,663,687
WBGene00017075.,145,35478,35623
WBGene00017076.,171,1303,1474
WBGene00017077.,33,241,274
WBGene00017078.,10,167,177
WBGene00017079.,29,490,519
WBGene00017080.,703,1224,1927
WBGene00017082.,74,1184,1258
WBGene00017083.,9,28,37
WBGene00017084.,544,894,1438
WBGene00017085.,66,938,1004
WBGene00017087.,39,190,229
WBGene00017088.,119,2934,3053
WBGene00017089.,2,50,52
WBGene00017090.,2,0,2
WBGene00017091.,5,36,41
WBGene00017092.,1,10,11
WBGene00017093.,1,1,2
WBGene00017094.,2,0,2
WBGene00017095.,1,0,1
WBGene00017096.,0,9,9
WBGene00017097.,12,1,13
WBGene00017098.,82,1143,1225
WBGene00017099.,1,3,4
WBGene00017100.,4,30,34
WBGene00017101.,139,555,694
WBGene00017102.,0,1,1
WBGene00017103.,1,18,19
WBGene00017104.,0,0,0
WBGene00017105.,0,0,0
WBGene00017106.,0,6,6
WBGene00017107.,7,30,37
WBGene00017108.,10,56,66
WBGene00017109.,1,1,2
WBGene00017110.,1,1,2
WBGene00017111.,2,3,5
WBGene00017112.,0,5,5
WBGene00017113.,13,53,66
WBGene00017114.,0,0,0
WBGene00017115.,0,0,0
WBGene00017116.,0,7,7
WBGene00017117.,1,22,23
WBGene00017118.,2,6,8
WBGene00017119.,68,2485,2553
WBGene00017120.,25,237,262
WBGene00017121.,3587,96596,100183
WBGene00017122.,16,35,51
WBGene00017123.,47,727,774
WBGene00017124.,13,51,64
WBGene00017125.,119,895,1014
WBGene00017126.,18,227,245
WBGene00017127.,2981,29012,31993
WBGene00017128.,1834,23131,24965
WBGene00017129.,14,179,193
WBGene00017131.,3,21,24
WBGene00017132.,145,1468,1613
WBGene00017133.,34,440,474
WBGene00017134.,4,267,271
WBGene00017135.,0,9,9
WBGene00017136.,13,17,30
WBGene00017137.,22,1020,1042
WBGene00017138.,133,1739,1872
WBGene00017139.,2,7,9
WBGene00017140.,0,6,6
WBGene00017141.,0,122,122
WBGene00017142.,38,1456,1494
WBGene00017143.,1,40,41
WBGene00017144.,79,1035,1114
WBGene00017146.,39,63,102
WBGene00017147.,30,231,261
WBGene00017148.,0,51,51
WBGene00017149.,100,2587,2687
WBGene00017150.,5,337,342
WBGene00017151.,30,85,115
WBGene00017152.,0,1,1
WBGene00017153.,0,105,105
WBGene00017154.,4,46,50
WBGene00017156.,262,372,634
WBGene00017157.,111,287,398
WBGene00017158.,62,1663,1725
WBGene00017159.,440,2973,3413
WBGene00017160.,216,1744,1960
WBGene00017161.,156,949,1105
WBGene00017162.,132,1274,1406
WBGene00017163.,73,886,959
WBGene00017164.,33,231,264
WBGene00017165.,339,1053,1392
WBGene00017166.,1520,39980,41500
WBGene00017168.,1,14,15
WBGene00017169.,11,422,433
WBGene00017170.,50,83,133
WBGene00017172.,0,0,0
WBGene00017173.,7,5,12
WBGene00017174.,8,55,63
WBGene00017175.,3,1,4
WBGene00017176.,10,87,97
WBGene00017177.,1,3,4
WBGene00017178.,59,823,882
WBGene00017179.,3,15,18
WBGene00017180.,242,1239,1481
WBGene00017181.,0,1,1
WBGene00017182.,1,5,6
WBGene00017183.,0,0,0
WBGene00017184.,125,966,1091
WBGene00017185.,0,0,0
WBGene00017186.,0,0,0
WBGene00017188.,0,0,0
WBGene00017189.,0,0,0
WBGene00017190.,0,133,133
WBGene00017191.,0,0,0
WBGene00017192.,0,0,0
WBGene00017193.,50,1094,1144
WBGene00017194.,27,137,164
WBGene00017195.,103,1306,1409
WBGene00017197.,32,680,712
WBGene00017198.,32,155,187
WBGene00017199.,0,7,7
WBGene00017200.,5,158,163
WBGene00017201.,49,1812,1861
WBGene00017202.,5,21,26
WBGene00017203.,1,52,53
WBGene00017204.,1,251,252
WBGene00017205.,1,3,4
WBGene00017207.,0,0,0
WBGene00017208.,0,17,17
WBGene00017209.,15,1,16
WBGene00017210.,719,7201,7920
WBGene00017211.,3,25,28
WBGene00017212.,1,0,1
WBGene00017213.,3,4,7
WBGene00017214.,6,7,13
WBGene00017215.,1,8,9
WBGene00017216.,11,79,90
WBGene00017217.,64,228,292
WBGene00017218.,5,15,20
WBGene00017219.,40,576,616
WBGene00017220.,289,7305,7594
WBGene00017221.,17,1,18
WBGene00017222.,1,2,3
WBGene00017223.,0,1,1
WBGene00017224.,1,1,2
WBGene00017225.,77,51,128
WBGene00017226.,6,91,97
WBGene00017227.,1,0,1
WBGene00017228.,2,10,12
WBGene00017229.,0,3,3
WBGene00017230.,3,4,7
WBGene00017231.,3,4,7
WBGene00017232.,2,4,6
WBGene00017233.,48,848,896
WBGene00017235.,110,298,408
WBGene00017236.,14,93,107
WBGene00017237.,65,435,500
WBGene00017238.,73,2210,2283
WBGene00017239.,132,680,812
WBGene00017240.,83,834,917
WBGene00017241.,212,909,1121
WBGene00017243.,18,155,173
WBGene00017244.,58,376,434
WBGene00017245.,192,886,1078
WBGene00017246.,38,158,196
WBGene00017247.,48,323,371
WBGene00017248.,1,0,1
WBGene00017249.,2,13,15
WBGene00017250.,124,2390,2514
WBGene00017251.,0,25,25
WBGene00017252.,0,1,1
WBGene00017253.,0,0,0
WBGene00017254.,0,6,6
WBGene00017255.,20,125,145
WBGene00017257.,2,58,60
WBGene00017258.,79,358,437
WBGene00017259.,0,13,13
WBGene00017260.,51,411,462
WBGene00017261.,64,718,782
WBGene00017262.,38,346,384
WBGene00017263.,4,9,13
WBGene00017264.,1,5,6
WBGene00017265.,3,18,21
WBGene00017266.,46,176,222
WBGene00017267.,0,1,1
WBGene00017268.,85,1099,1184
WBGene00017269.,92,486,578
WBGene00017270.,0,1,1
WBGene00017271.,6,12,18
WBGene00017272.,222,3712,3934
WBGene00017273.,88,544,632
WBGene00017274.,610,4328,4938
WBGene00017275.,189,1397,1586
WBGene00017277.,3,19,22
WBGene00017278.,5,20,25
WBGene00017279.,4,17,21
WBGene00017280.,397,631,1028
WBGene00017281.,12,15,27
WBGene00017282.,19,446,465
WBGene00017283.,89,1500,1589
WBGene00017284.,195,995,1190
WBGene00017285.,15,700,715
WBGene00017286.,215,1341,1556
WBGene00017287.,9,173,182
WBGene00017288.,1,163,164
WBGene00017289.,10,1107,1117
WBGene00017290.,20,118,138
WBGene00017291.,95,3119,3214
WBGene00017292.,18,367,385
WBGene00017293.,9,671,680
WBGene00017294.,153,295,448
WBGene00017295.,92,49,141
WBGene00017296.,133,190,323
WBGene00017297.,403,2674,3077
WBGene00017298.,258,1353,1611
WBGene00017299.,431,3138,3569
WBGene00017300.,172,1538,1710
WBGene00017301.,25,1307,1332
WBGene00017302.,1311,2018,3329
WBGene00017303.,1902,22548,24450
WBGene00017304.,337,18381,18718
WBGene00017305.,2,42,44
WBGene00017306.,139,1301,1440
WBGene00017307.,1,22,23
WBGene00017308.,9,39,48
WBGene00017309.,33,23,56
WBGene00017310.,17,186,203
WBGene00017311.,87,7982,8069
WBGene00017312.,6,21,27
WBGene00017313.,164,1472,1636
WBGene00017314.,69,372,441
WBGene00017315.,2,1,3
WBGene00017316.,120,679,799
WBGene00017317.,911,6500,7411
WBGene00017319.,152,1101,1253
WBGene00017320.,15,178,193
WBGene00017321.,15,1773,1788
WBGene00017322.,12,35,47
WBGene00017323.,10,24,34
WBGene00017324.,0,3,3
WBGene00017325.,0,0,0
WBGene00017326.,6,119,125
WBGene00017327.,4,65,69
WBGene00017328.,17,711,728
WBGene00017329.,6,19,25
WBGene00017330.,8,42,50
WBGene00017331.,77,157,234
WBGene00017332.,348,1029,1377
WBGene00017333.,3,9,12
WBGene00017334.,15,62,77
WBGene00017335.,21,130,151
WBGene00017336.,19,145,164
WBGene00017338.,14,76,90
WBGene00017339.,42,133,175
WBGene00017340.,12,61,73
WBGene00017341.,13,30,43
WBGene00017342.,328,7909,8237
WBGene00017343.,2,5,7
WBGene00017344.,55,1126,1181
WBGene00017345.,3,2,5
WBGene00017347.,85,16336,16421
WBGene00017348.,2,487,489
WBGene00017349.,103,1553,1656
WBGene00017350.,123,1233,1356
WBGene00017351.,0,8,8
WBGene00017352.,115,255,370
WBGene00017353.,62,659,721
WBGene00017354.,5,11,16
WBGene00017355.,11,415,426
WBGene00017356.,120,859,979
WBGene00017357.,119,1351,1470
WBGene00017358.,10,544,554
WBGene00017359.,12,108,120
WBGene00017360.,136,1491,1627
WBGene00017361.,3,371,374
WBGene00017362.,183,2754,2937
WBGene00017363.,7,218,225
WBGene00017364.,1,21,22
WBGene00017365.,0,0,0
WBGene00017366.,3,29,32
WBGene00017367.,7,97,104
WBGene00017369.,68,1555,1623
WBGene00017370.,33,303,336
WBGene00017371.,6,64,70
WBGene00017372.,332,1356,1688
WBGene00017373.,192,1601,1793
WBGene00017374.,786,9895,10681
WBGene00017375.,61,353,414
WBGene00017376.,231,3359,3590
WBGene00017378.,17,161,178
WBGene00017379.,154,2763,2917
WBGene00017380.,289,1163,1452
WBGene00017381.,64,481,545
WBGene00017382.,4,13,17
WBGene00017383.,4,3,7
WBGene00017384.,5,3,8
WBGene00017385.,23,2329,2352
WBGene00017386.,0,2,2
WBGene00017387.,0,2,2
WBGene00017388.,0,5,5
WBGene00017389.,191,287,478
WBGene00017390.,338,4289,4627
WBGene00017391.,0,1,1
WBGene00017392.,2,0,2
WBGene00017393.,2,2,4
WBGene00017394.,66,311,377
WBGene00017395.,0,3,3
WBGene00017396.,90,47,137
WBGene00017397.,54,347,401
WBGene00017398.,16,59,75
WBGene00017399.,20,22,42
WBGene00017400.,21,80,101
WBGene00017401.,0,0,0
WBGene00017402.,1,2,3
WBGene00017403.,2,1,3
WBGene00017404.,0,7,7
WBGene00017405.,1,8,9
WBGene00017406.,0,2,2
WBGene00017407.,2,5,7
WBGene00017408.,0,4,4
WBGene00017410.,6,21,27
WBGene00017411.,24,570,594
WBGene00017412.,3,3,6
WBGene00017413.,12,133,145
WBGene00017414.,9,103,112
WBGene00017415.,4,2,6
WBGene00017416.,1,67,68
WBGene00017417.,9,135,144
WBGene00017418.,418,2989,3407
WBGene00017419.,87,1511,1598
WBGene00017420.,21,49,70
WBGene00017421.,293,1448,1741
WBGene00017422.,13,875,888
WBGene00017423.,274,4208,4482
WBGene00017424.,17,31,48
WBGene00017426.,54,314,368
WBGene00017427.,68,387,455
WBGene00017428.,526,5109,5635
WBGene00017429.,245,655,900
WBGene00017430.,344,3818,4162
WBGene00017431.,99,425,524
WBGene00017432.,24,35,59
WBGene00017433.,37,106,143
WBGene00017434.,20,403,423
WBGene00017435.,94,1224,1318
WBGene00017436.,1,7,8
WBGene00017437.,15,243,258
WBGene00017438.,4,3,7
WBGene00017439.,14,82,96
WBGene00017440.,4668,94975,99643
WBGene00017441.,5,13,18
WBGene00017442.,8,141,149
WBGene00017443.,4,55,59
WBGene00017444.,5,6,11
WBGene00017445.,248,2454,2702
WBGene00017446.,13,286,299
WBGene00017447.,29,299,328
WBGene00017448.,130,1558,1688
WBGene00017449.,49,129,178
WBGene00017450.,13,191,204
WBGene00017451.,0,3,3
WBGene00017452.,120,210,330
WBGene00017453.,12,52,64
WBGene00017454.,2,14,16
WBGene00017455.,0,3,3
WBGene00017456.,64,75,139
WBGene00017459.,27,250,277
WBGene00017460.,8,318,326
WBGene00017461.,0,645,645
WBGene00017462.,4,386,390
WBGene00017463.,66,291,357
WBGene00017464.,24,151,175
WBGene00017465.,5,38,43
WBGene00017466.,4,41,45
WBGene00017467.,28,626,654
WBGene00017468.,24,55,79
WBGene00017469.,55,375,430
WBGene00017470.,3,3,6
WBGene00017471.,1,37,38
WBGene00017472.,137,1394,1531
WBGene00017473.,6,428,434
WBGene00017474.,5,19,24
WBGene00017475.,6,162,168
WBGene00017476.,1,3,4
WBGene00017478.,105,568,673
WBGene00017480.,93,348,441
WBGene00017481.,2,463,465
WBGene00017482.,20,420,440
WBGene00017483.,13,153,166
WBGene00017484.,162,8172,8334
WBGene00017485.,17,122,139
WBGene00017486.,0,145,145
WBGene00017487.,44,257,301
WBGene00017488.,13,81,94
WBGene00017489.,79,175,254
WBGene00017490.,0,1,1
WBGene00017491.,1,3,4
WBGene00017492.,4,3,7
WBGene00017493.,3,9,12
WBGene00017494.,3,5,8
WBGene00017496.,0,0,0
WBGene00017497.,2,0,2
WBGene00017498.,123,3109,3232
WBGene00017499.,0,0,0
WBGene00017500.,0,1,1
WBGene00017501.,0,99,99
WBGene00017502.,0,1056,1056
WBGene00017503.,36,171,207
WBGene00017504.,100,380,480
WBGene00017505.,1,8,9
WBGene00017506.,93,1269,1362
WBGene00017507.,69,280,349
WBGene00017508.,11,148,159
WBGene00017509.,12,87,99
WBGene00017510.,138,455,593
WBGene00017511.,9,2,11
WBGene00017512.,18,103,121
WBGene00017513.,99,861,960
WBGene00017514.,28,433,461
WBGene00017515.,16,157,173
WBGene00017516.,2,0,2
WBGene00017517.,3,2,5
WBGene00017518.,1,0,1
WBGene00017519.,0,0,0
WBGene00017520.,1,2,3
WBGene00017521.,0,1,1
WBGene00017522.,0,1,1
WBGene00017523.,1,2,3
WBGene00017524.,2,1,3
WBGene00017525.,1,3,4
WBGene00017526.,3,3,6
WBGene00017527.,2,1,3
WBGene00017528.,1,1,2
WBGene00017529.,0,9,9
WBGene00017530.,26,83,109
WBGene00017532.,6,21,27
WBGene00017533.,1,3,4
WBGene00017534.,126,727,853
WBGene00017535.,5,16,21
WBGene00017536.,23,674,697
WBGene00017537.,24,181,205
WBGene00017538.,4,63,67
WBGene00017539.,0,0,0
WBGene00017540.,0,0,0
WBGene00017541.,1,7,8
WBGene00017542.,0,1,1
WBGene00017543.,5,19,24
WBGene00017544.,9,36,45
WBGene00017545.,38,142,180
WBGene00017546.,125,1952,2077
WBGene00017547.,208,1037,1245
WBGene00017548.,69,411,480
WBGene00017549.,102,623,725
WBGene00017550.,9,0,9
WBGene00017551.,2,1,3
WBGene00017552.,2,2,4
WBGene00017553.,2,3,5
WBGene00017554.,3,3,6
WBGene00017555.,6,3,9
WBGene00017556.,3,5,8
WBGene00017557.,53,759,812
WBGene00017559.,3,11,14
WBGene00017560.,1,1,2
WBGene00017562.,2,4,6
WBGene00017563.,451,1742,2193
WBGene00017564.,4,3,7
WBGene00017565.,4614,7825,12439
WBGene00017566.,1,6,7
WBGene00017567.,0,1474,1474
WBGene00017568.,24,259,283
WBGene00017569.,20,228,248
WBGene00017570.,10,22,32
WBGene00017571.,25,689,714
WBGene00017573.,3,2,5
WBGene00017574.,14,276,290
WBGene00017576.,53,62,115
WBGene00017577.,7,3,10
WBGene00017578.,23,65,88
WBGene00017579.,3,78,81
WBGene00017580.,72,210,282
WBGene00017581.,18,40,58
WBGene00017582.,151,10452,10603
WBGene00017583.,62,1055,1117
WBGene00017584.,1,14,15
WBGene00017585.,0,0,0
WBGene00017586.,18,66,84
WBGene00017587.,1,3,4
WBGene00017588.,2,5,7
WBGene00017589.,1,87,88
WBGene00017590.,6,1,7
WBGene00017591.,97,1514,1611
WBGene00017592.,3,49,52
WBGene00017593.,2,41,43
WBGene00017594.,9,4,13
WBGene00017597.,523,527,1050
WBGene00017598.,1,10,11
WBGene00017599.,2,1271,1273
WBGene00017600.,823,9434,10257
WBGene00017601.,2,12,14
WBGene00017602.,3,1,4
WBGene00017603.,11,1,12
WBGene00017605.,689,5423,6112
WBGene00017606.,54,796,850
WBGene00017607.,101,1005,1106
WBGene00017608.,186,1043,1229
WBGene00017609.,0,4,4
WBGene00017610.,1,3,4
WBGene00017611.,9,72,81
WBGene00017612.,0,0,0
WBGene00017613.,237,8129,8366
WBGene00017614.,9,32,41
WBGene00017615.,9,26,35
WBGene00017616.,12,64,76
WBGene00017618.,1334,1070,2404
WBGene00017619.,22,160,182
WBGene00017620.,177,1120,1297
WBGene00017621.,44,2410,2454
WBGene00017625.,13,10,23
WBGene00017627.,0,4,4
WBGene00017628.,230,369,599
WBGene00017629.,1,13,14
WBGene00017630.,1,0,1
WBGene00017631.,0,4,4
WBGene00017632.,27,46,73
WBGene00017633.,20,45,65
WBGene00017634.,9,26,35
WBGene00017635.,97,112,209
WBGene00017636.,3,6,9
WBGene00017637.,67,612,679
WBGene00017638.,0,4,4
WBGene00017639.,551,2093,2644
WBGene00017640.,146,980,1126
WBGene00017641.,5,92,97
WBGene00017642.,205,2360,2565
WBGene00017643.,100,1005,1105
WBGene00017644.,982,5477,6459
WBGene00017645.,6,29,35
WBGene00017646.,116,636,752
WBGene00017647.,51,66,117
WBGene00017648.,9,52,61
WBGene00017650.,11,152,163
WBGene00017651.,34,71,105
WBGene00017652.,3,6,9
WBGene00017653.,398,2551,2949
WBGene00017654.,6,24,30
WBGene00017655.,1,1,2
WBGene00017656.,2,7,9
WBGene00017657.,165,1799,1964
WBGene00017658.,1,20,21
WBGene00017659.,341,13608,13949
WBGene00017660.,185,2487,2672
WBGene00017661.,4,85,89
WBGene00017662.,7,14,21
WBGene00017663.,469,3745,4214
WBGene00017664.,14,35,49
WBGene00017666.,7,21,28
WBGene00017667.,43,167,210
WBGene00017668.,2,6,8
WBGene00017670.,9,0,9
WBGene00017671.,228,10118,10346
WBGene00017672.,0,0,0
WBGene00017673.,2,31,33
WBGene00017674.,13,223,236
WBGene00017675.,418,8695,9113
WBGene00017676.,155,2049,2204
WBGene00017677.,1,7,8
WBGene00017678.,6,49,55
WBGene00017679.,0,3,3
WBGene00017680.,3,3,6
WBGene00017681.,3,45,48
WBGene00017683.,48,829,877
WBGene00017684.,0,5,5
WBGene00017685.,0,5,5
WBGene00017686.,129,1479,1608
WBGene00017687.,28,192,220
WBGene00017688.,57,917,974
WBGene00017690.,145,257,402
WBGene00017691.,105,353,458
WBGene00017692.,75,423,498
WBGene00017693.,1,1,2
WBGene00017694.,3,9,12
WBGene00017695.,6,12,18
WBGene00017696.,42,1572,1614
WBGene00017698.,239,3124,3363
WBGene00017699.,1605,2590,4195
WBGene00017700.,23,74,97
WBGene00017701.,1,5,6
WBGene00017702.,128,1043,1171
WBGene00017703.,15,58,73
WBGene00017704.,0,3,3
WBGene00017705.,0,2,2
WBGene00017706.,0,5,5
WBGene00017707.,0,0,0
WBGene00017708.,19,267,286
WBGene00017709.,2,3,5
WBGene00017710.,2,40,42
WBGene00017711.,8,89,97
WBGene00017712.,0,36,36
WBGene00017713.,0,0,0
WBGene00017714.,2,59,61
WBGene00017715.,11,129,140
WBGene00017716.,6,17,23
WBGene00017717.,18,339,357
WBGene00017718.,0,38,38
WBGene00017719.,319,2907,3226
WBGene00017720.,108,284,392
WBGene00017721.,8,7,15
WBGene00017722.,3,4,7
WBGene00017723.,76,89,165
WBGene00017724.,396,2213,2609
WBGene00017725.,0,7,7
WBGene00017726.,0,3846,3846
WBGene00017727.,0,8946,8946
WBGene00017729.,6,8,14
WBGene00017730.,8,129,137
WBGene00017731.,6,97,103
WBGene00017732.,54,533,587
WBGene00017733.,153,935,1088
WBGene00017734.,25,2094,2119
WBGene00017735.,321,5754,6075
WBGene00017736.,14,161,175
WBGene00017737.,8,19,27
WBGene00017738.,111,808,919
WBGene00017739.,4,29,33
WBGene00017741.,60,275,335
WBGene00017742.,105,854,959
WBGene00017743.,1,14,15
WBGene00017744.,112,663,775
WBGene00017745.,159,1100,1259
WBGene00017746.,173,561,734
WBGene00017747.,19,236,255
WBGene00017748.,55,786,841
WBGene00017749.,85,1083,1168
WBGene00017750.,55,365,420
WBGene00017751.,72,350,422
WBGene00017752.,2,6,8
WBGene00017754.,9,57,66
WBGene00017755.,49,2660,2709
WBGene00017756.,153,1479,1632
WBGene00017757.,22,1338,1360
WBGene00017758.,85,533,618
WBGene00017759.,6,1616,1622
WBGene00017760.,181,1656,1837
WBGene00017761.,356,482,838
WBGene00017762.,348,679,1027
WBGene00017763.,97,964,1061
WBGene00017764.,5,26,31
WBGene00017765.,136,2377,2513
WBGene00017766.,142,682,824
WBGene00017767.,39,419,458
WBGene00017768.,171,556,727
WBGene00017769.,62,926,988
WBGene00017770.,137,1749,1886
WBGene00017771.,36,413,449
WBGene00017772.,181,2754,2935
WBGene00017773.,108,1616,1724
WBGene00017774.,49,713,762
WBGene00017775.,565,5470,6035
WBGene00017776.,70,875,945
WBGene00017777.,20,2827,2847
WBGene00017778.,361,1072,1433
WBGene00017779.,67,260,327
WBGene00017780.,37,128,165
WBGene00017781.,315,1357,1672
WBGene00017782.,45,333,378
WBGene00017783.,19,72,91
WBGene00017784.,0,30,30
WBGene00017785.,2,301,303
WBGene00017786.,102,314,416
WBGene00017787.,4,79,83
WBGene00017788.,0,18,18
WBGene00017789.,374,4174,4548
WBGene00017790.,20,131,151
WBGene00017791.,0,3,3
WBGene00017792.,18,248,266
WBGene00017794.,17,8,25
WBGene00017795.,173,395,568
WBGene00017796.,0,142,142
WBGene00017797.,282,1491,1773
WBGene00017798.,12,13,25
WBGene00017799.,8,448,456
WBGene00017800.,57,818,875
WBGene00017801.,124,1199,1323
WBGene00017802.,0,7,7
WBGene00017803.,3,16,19
WBGene00017805.,6,32,38
WBGene00017806.,0,35,35
WBGene00017807.,19,49,68
WBGene00017808.,0,7,7
WBGene00017809.,2,1,3
WBGene00017810.,1,2,3
WBGene00017811.,219,2688,2907
WBGene00017813.,38,1752,1790
WBGene00017814.,61,137,198
WBGene00017815.,102,473,575
WBGene00017816.,33,983,1016
WBGene00017817.,2,5,7
WBGene00017818.,176,723,899
WBGene00017819.,8,38,46
WBGene00017821.,16,42,58
WBGene00017822.,2,7,9
WBGene00017823.,2,197,199
WBGene00017824.,5,14,19
WBGene00017825.,15,414,429
WBGene00017826.,111,1091,1202
WBGene00017827.,41,360,401
WBGene00017828.,45,1064,1109
WBGene00017829.,284,984,1268
WBGene00017830.,19,1805,1824
WBGene00017831.,69,514,583
WBGene00017832.,35,339,374
WBGene00017833.,370,1786,2156
WBGene00017834.,2888,34308,37196
WBGene00017835.,1,16,17
WBGene00017836.,36,311,347
WBGene00017837.,49,595,644
WBGene00017838.,934,7373,8307
WBGene00017839.,0,4,4
WBGene00017840.,52,144,196
WBGene00017841.,2,38,40
WBGene00017842.,38,170,208
WBGene00017843.,1,2,3
WBGene00017845.,2,10,12
WBGene00017848.,0,74,74
WBGene00017849.,80,421,501
WBGene00017850.,157,1435,1592
WBGene00017851.,0,1,1
WBGene00017852.,107,4368,4475
WBGene00017853.,7,4,11
WBGene00017854.,0,63,63
WBGene00017855.,237,1668,1905
WBGene00017858.,81,212,293
WBGene00017860.,20,14,34
WBGene00017861.,37,197,234
WBGene00017864.,154,6459,6613
WBGene00017865.,22,76,98
WBGene00017866.,268,1006,1274
WBGene00017867.,7,37,44
WBGene00017868.,20,84,104
WBGene00017869.,0,0,0
WBGene00017870.,4,1,5
WBGene00017871.,1,2,3
WBGene00017872.,0,0,0
WBGene00017873.,0,2,2
WBGene00017874.,195,3086,3281
WBGene00017875.,0,15,15
WBGene00017876.,0,0,0
WBGene00017877.,2,0,2
WBGene00017878.,0,0,0
WBGene00017879.,8,28,36
WBGene00017880.,9,79,88
WBGene00017881.,15,90,105
WBGene00017885.,648,2678,3326
WBGene00017886.,26,249,275
WBGene00017887.,29,852,881
WBGene00017888.,144,471,615
WBGene00017889.,42,972,1014
WBGene00017890.,0,4,4
WBGene00017891.,202,382,584
WBGene00017892.,13,147,160
WBGene00017893.,16,206,222
WBGene00017894.,549,2529,3078
WBGene00017895.,30,1301,1331
WBGene00017896.,1,6,7
WBGene00017898.,137,229,366
WBGene00017899.,6,4,10
WBGene00017900.,317,1267,1584
WBGene00017901.,127,782,909
WBGene00017902.,6,2,8
WBGene00017904.,372,822,1194
WBGene00017905.,23,191,214
WBGene00017906.,92,102,194
WBGene00017907.,207,757,964
WBGene00017908.,0,153,153
WBGene00017909.,72,33,105
WBGene00017910.,0,21,21
WBGene00017911.,5,6,11
WBGene00017912.,6,12,18
WBGene00017913.,2,1,3
WBGene00017914.,17,313,330
WBGene00017916.,216,1223,1439
WBGene00017917.,3,16,19
WBGene00017918.,4,23,27
WBGene00017919.,56,568,624
WBGene00017920.,301,4590,4891
WBGene00017921.,41,828,869
WBGene00017922.,5,19,24
WBGene00017923.,46,1462,1508
WBGene00017924.,24,497,521
WBGene00017925.,2058,28629,30687
WBGene00017926.,1199,28868,30067
WBGene00017927.,0,9,9
WBGene00017928.,58,1947,2005
WBGene00017929.,780,1069,1849
WBGene00017930.,0,8,8
WBGene00017931.,117,708,825
WBGene00017933.,0,1,1
WBGene00017934.,217,895,1112
WBGene00017935.,2,3,5
WBGene00017936.,41,455,496
WBGene00017937.,2,6,8
WBGene00017938.,12,834,846
WBGene00017939.,68,136,204
WBGene00017941.,21,52,73
WBGene00017942.,1,0,1
WBGene00017944.,2,3,5
WBGene00017945.,8,35,43
WBGene00017947.,68,113,181
WBGene00017948.,21,31,52
WBGene00017949.,8,67,75
WBGene00017950.,65,610,675
WBGene00017951.,53,869,922
WBGene00017952.,1056,3298,4354
WBGene00017954.,10,488,498
WBGene00017955.,1,9,10
WBGene00017956.,3,5,8
WBGene00017957.,26,112,138
WBGene00017959.,3,6,9
WBGene00017960.,3,2,5
WBGene00017961.,62,421,483
WBGene00017962.,8,12,20
WBGene00017963.,8,16,24
WBGene00017964.,32,3169,3201
WBGene00017965.,12,62,74
WBGene00017967.,155,2335,2490
WBGene00017968.,120,880,1000
WBGene00017969.,16,184,200
WBGene00017970.,149,6187,6336
WBGene00017971.,67,30,97
WBGene00017973.,194,635,829
WBGene00017974.,25,198,223
WBGene00017975.,1,0,1
WBGene00017976.,18,156,174
WBGene00017977.,1,30,31
WBGene00017978.,0,10,10
WBGene00017979.,300,7958,8258
WBGene00017980.,337,1523,1860
WBGene00017981.,48,605,653
WBGene00017982.,433,4249,4682
WBGene00017983.,106,148,254
WBGene00017984.,17,7801,7818
WBGene00017985.,11,698,709
WBGene00017986.,31,334,365
WBGene00017987.,5,118,123
WBGene00017988.,15,1543,1558
WBGene00017989.,72,939,1011
WBGene00017990.,28,456,484
WBGene00017991.,14,161,175
WBGene00017992.,57,458,515
WBGene00017993.,80,4739,4819
WBGene00017995.,391,2652,3043
WBGene00017996.,60,1160,1220
WBGene00017997.,283,2097,2380
WBGene00017998.,9,40,49
WBGene00017999.,32,4,36
WBGene00018000.,1,0,1
WBGene00018001.,2,1,3
WBGene00018002.,34,110,144
WBGene00018003.,0,3,3
WBGene00018004.,2,10,12
WBGene00018005.,114,937,1051
WBGene00018006.,26,462,488
WBGene00018007.,17,1239,1256
WBGene00018008.,113,2682,2795
WBGene00018009.,51,477,528
WBGene00018010.,35,277,312
WBGene00018011.,53,406,459
WBGene00018013.,152,660,812
WBGene00018014.,136,377,513
WBGene00018015.,18,247,265
WBGene00018016.,22,171,193
WBGene00018017.,22,1164,1186
WBGene00018018.,90,2232,2322
WBGene00018019.,0,0,0
WBGene00018021.,1,8,9
WBGene00018022.,11,30,41
WBGene00018023.,19,109,128
WBGene00018024.,277,7400,7677
WBGene00018025.,152,3194,3346
WBGene00018026.,21,41,62
WBGene00018027.,6,6,12
WBGene00018030.,2,1,3
WBGene00018031.,2,31,33
WBGene00018033.,1812,4832,6644
WBGene00018034.,0,5,5
WBGene00018035.,15,158,173
WBGene00018036.,29,296,325
WBGene00018037.,36,61,97
WBGene00018038.,11,0,11
WBGene00018039.,2,3,5
WBGene00018040.,0,22,22
WBGene00018041.,6,79,85
WBGene00018042.,38,287,325
WBGene00018043.,45,228,273
WBGene00018044.,40,851,891
WBGene00018045.,1,995,996
WBGene00018046.,84,1535,1619
WBGene00018047.,4,18,22
WBGene00018048.,2,6,8
WBGene00018049.,2,3,5
WBGene00018050.,11,31,42
WBGene00018051.,301,1705,2006
WBGene00018052.,40,443,483
WBGene00018053.,5,8,13
WBGene00018054.,40,72,112
WBGene00018055.,0,87,87
WBGene00018056.,47,429,476
WBGene00018057.,51,825,876
WBGene00018058.,4,5,9
WBGene00018059.,10,4,14
WBGene00018060.,41,727,768
WBGene00018061.,36,286,322
WBGene00018062.,1,3,4
WBGene00018063.,0,6,6
WBGene00018064.,237,1381,1618
WBGene00018065.,5,44,49
WBGene00018066.,0,19,19
WBGene00018067.,38,148,186
WBGene00018068.,4,426,430
WBGene00018069.,72,538,610
WBGene00018070.,22,165,187
WBGene00018071.,10,413,423
WBGene00018072.,54,385,439
WBGene00018073.,34,1151,1185
WBGene00018074.,59,263,322
WBGene00018075.,255,911,1166
WBGene00018076.,59,311,370
WBGene00018077.,8,92,100
WBGene00018078.,5,345,350
WBGene00018080.,1,3,4
WBGene00018081.,1,3,4
WBGene00018082.,0,4,4
WBGene00018083.,2,3,5
WBGene00018084.,1,3,4
WBGene00018085.,2,150,152
WBGene00018087.,21,27,48
WBGene00018088.,101,425,526
WBGene00018089.,111,168,279
WBGene00018090.,204,1737,1941
WBGene00018091.,2,16,18
WBGene00018092.,0,1,1
WBGene00018093.,2,1,3
WBGene00018094.,31,21,52
WBGene00018096.,1,1,2
WBGene00018097.,0,0,0
WBGene00018098.,0,0,0
WBGene00018099.,34,210,244
WBGene00018100.,12,61,73
WBGene00018101.,37,106,143
WBGene00018102.,26,208,234
WBGene00018103.,0,45,45
WBGene00018104.,4,369,373
WBGene00018105.,0,2,2
WBGene00018106.,0,0,0
WBGene00018107.,0,2,2
WBGene00018108.,0,0,0
WBGene00018109.,0,2,2
WBGene00018110.,6,3,9
WBGene00018111.,15,31,46
WBGene00018112.,87,695,782
WBGene00018113.,5,28,33
WBGene00018114.,34,76,110
WBGene00018115.,25,252,277
WBGene00018117.,89,4052,4141
WBGene00018118.,27,195,222
WBGene00018119.,3,5,8
WBGene00018120.,0,0,0
WBGene00018121.,1,5,6
WBGene00018122.,0,4,4
WBGene00018123.,0,0,0
WBGene00018124.,0,0,0
WBGene00018125.,0,0,0
WBGene00018127.,2,0,2
WBGene00018130.,10,2,12
WBGene00018131.,138,1183,1321
WBGene00018132.,109,1832,1941
WBGene00018133.,0,11,11
WBGene00018134.,3,8,11
WBGene00018135.,0,10,10
WBGene00018136.,9,40,49
WBGene00018137.,24,471,495
WBGene00018138.,1,10,11
WBGene00018139.,3,8,11
WBGene00018140.,73,570,643
WBGene00018141.,0,2,2
WBGene00018142.,1,31,32
WBGene00018143.,3,12,15
WBGene00018144.,104,680,784
WBGene00018145.,380,4967,5347
WBGene00018146.,49,800,849
WBGene00018148.,47,18,65
WBGene00018149.,224,1089,1313
WBGene00018150.,92,1307,1399
WBGene00018151.,153,1240,1393
WBGene00018152.,33,2007,2040
WBGene00018153.,9,79,88
WBGene00018154.,157,1598,1755
WBGene00018155.,1,14,15
WBGene00018156.,102,1077,1179
WBGene00018157.,9,38,47
WBGene00018158.,2,8,10
WBGene00018159.,214,1004,1218
WBGene00018160.,26,602,628
WBGene00018161.,31,886,917
WBGene00018162.,0,1,1
WBGene00018163.,5,1,6
WBGene00018164.,1,3712,3713
WBGene00018165.,5,17,22
WBGene00018166.,25,200,225
WBGene00018167.,0,42,42
WBGene00018168.,20,1,21
WBGene00018169.,0,0,0
WBGene00018170.,0,102,102
WBGene00018172.,16,16,32
WBGene00018173.,72,261,333
WBGene00018174.,7,21,28
WBGene00018175.,91,263,354
WBGene00018176.,7,3,10
WBGene00018178.,4,3,7
WBGene00018179.,9,50,59
WBGene00018180.,17,9,26
WBGene00018181.,22,853,875
WBGene00018182.,1,2,3
WBGene00018184.,3,96,99
WBGene00018186.,0,21,21
WBGene00018187.,1428,3037,4465
WBGene00018188.,106,686,792
WBGene00018189.,8,7,15
WBGene00018190.,3,5,8
WBGene00018191.,131,124,255
WBGene00018192.,0,0,0
WBGene00018193.,140,3381,3521
WBGene00018194.,3,65,68
WBGene00018195.,13,423,436
WBGene00018196.,5,11,16
WBGene00018198.,87,42,129
WBGene00018199.,28,518,546
WBGene00018200.,10,137,147
WBGene00018201.,1,25,26
WBGene00018202.,0,2,2
WBGene00018203.,0,15,15
WBGene00018204.,100,1046,1146
WBGene00018205.,1,4,5
WBGene00018206.,15,267,282
WBGene00018207.,11,51,62
WBGene00018208.,47,1256,1303
WBGene00018209.,4,6,10
WBGene00018210.,9,100,109
WBGene00018211.,22,12,34
WBGene00018212.,36,271,307
WBGene00018213.,22,180,202
WBGene00018214.,192,2180,2372
WBGene00018215.,12,52,64
WBGene00018216.,194,1070,1264
WBGene00018217.,944,1876,2820
WBGene00018218.,17,2648,2665
WBGene00018219.,33,358,391
WBGene00018221.,578,7348,7926
WBGene00018222.,40,225,265
WBGene00018223.,7,73,80
WBGene00018224.,12,31,43
WBGene00018225.,10,12,22
WBGene00018226.,133,578,711
WBGene00018227.,15,55,70
WBGene00018228.,0,2,2
WBGene00018229.,1,26,27
WBGene00018230.,8,790,798
WBGene00018231.,3,5,8
WBGene00018232.,2478,6819,9297
WBGene00018233.,0,51,51
WBGene00018234.,2,14,16
WBGene00018235.,2,7,9
WBGene00018236.,1,14,15
WBGene00018237.,166,1841,2007
WBGene00018238.,144,2328,2472
WBGene00018239.,27,345,372
WBGene00018240.,70,515,585
WBGene00018241.,9,81,90
WBGene00018242.,0,5,5
WBGene00018243.,0,0,0
WBGene00018244.,2,0,2
WBGene00018245.,2,3,5
WBGene00018246.,2,0,2
WBGene00018247.,1,0,1
WBGene00018248.,10,6,16
WBGene00018249.,340,2764,3104
WBGene00018250.,159,2002,2161
WBGene00018251.,20,123,143
WBGene00018252.,31,468,499
WBGene00018253.,5,23,28
WBGene00018254.,2,5,7
WBGene00018255.,148,181,329
WBGene00018256.,3,6,9
WBGene00018257.,171,5419,5590
WBGene00018258.,46,371,417
WBGene00018259.,182,1707,1889
WBGene00018260.,80,650,730
WBGene00018261.,33,118,151
WBGene00018262.,12,95,107
WBGene00018264.,1,27,28
WBGene00018265.,165,855,1020
WBGene00018266.,47,802,849
WBGene00018267.,10,23,33
WBGene00018268.,20,1147,1167
WBGene00018269.,132,861,993
WBGene00018270.,31,1354,1385
WBGene00018271.,202,31910,32112
WBGene00018273.,442,827,1269
WBGene00018274.,166,669,835
WBGene00018275.,85,106,191
WBGene00018278.,1,1,2
WBGene00018279.,0,4,4
WBGene00018280.,10,12,22
WBGene00018281.,50,363,413
WBGene00018282.,41,373,414
WBGene00018283.,10,36,46
WBGene00018284.,5,7,12
WBGene00018285.,1245,7766,9011
WBGene00018286.,65,390,455
WBGene00018288.,10,319,329
WBGene00018289.,8,0,8
WBGene00018290.,277,6119,6396
WBGene00018291.,12,23,35
WBGene00018292.,3,6,9
WBGene00018293.,39,161,200
WBGene00018294.,144,6455,6599
WBGene00018295.,6,39,45
WBGene00018296.,0,5,5
WBGene00018297.,0,39,39
WBGene00018298.,268,4462,4730
WBGene00018300.,2,24,26
WBGene00018301.,16,8,24
WBGene00018302.,18,326,344
WBGene00018303.,907,13174,14081
WBGene00018304.,149,588,737
WBGene00018305.,160,2018,2178
WBGene00018307.,8,46,54
WBGene00018309.,1,20,21
WBGene00018310.,0,189,189
WBGene00018311.,157,2512,2669
WBGene00018312.,2,8,10
WBGene00018313.,7,21,28
WBGene00018314.,1,19,20
WBGene00018315.,7,37,44
WBGene00018316.,58,1208,1266
WBGene00018317.,114,2310,2424
WBGene00018318.,0,173,173
WBGene00018319.,530,2275,2805
WBGene00018321.,11,412,423
WBGene00018322.,0,3,3
WBGene00018323.,24,1,25
WBGene00018324.,0,1,1
WBGene00018325.,10,6,16
WBGene00018326.,1,34,35
WBGene00018327.,1,12,13
WBGene00018328.,112,468,580
WBGene00018329.,4,2,6
WBGene00018330.,49,463,512
WBGene00018332.,3,2,5
WBGene00018333.,2,25,27
WBGene00018334.,45,398,443
WBGene00018335.,189,1322,1511
WBGene00018336.,2,1,3
WBGene00018337.,65,469,534
WBGene00018338.,2,118,120
WBGene00018339.,28,3061,3089
WBGene00018340.,29,355,384
WBGene00018341.,118,1151,1269
WBGene00018342.,95,624,719
WBGene00018343.,6,273,279
WBGene00018344.,39,213,252
WBGene00018345.,67,119,186
WBGene00018346.,116,1325,1441
WBGene00018347.,152,588,740
WBGene00018348.,13,201,214
WBGene00018349.,162,5671,5833
WBGene00018350.,84,2914,2998
WBGene00018351.,11,162,173
WBGene00018352.,0,5,5
WBGene00018353.,3,5,8
WBGene00018354.,3,2,5
WBGene00018355.,14,67,81
WBGene00018356.,242,1671,1913
WBGene00018357.,24,450,474
WBGene00018358.,1,14,15
WBGene00018359.,7,5,12
WBGene00018360.,2,24,26
WBGene00018361.,1281,9946,11227
WBGene00018362.,9,1069,1078
WBGene00018363.,78,1125,1203
WBGene00018364.,105,238,343
WBGene00018365.,9,51,60
WBGene00018366.,56,645,701
WBGene00018367.,98,427,525
WBGene00018369.,100,574,674
WBGene00018370.,124,912,1036
WBGene00018371.,39,677,716
WBGene00018373.,324,917,1241
WBGene00018374.,78,289,367
WBGene00018375.,15,39,54
WBGene00018376.,607,2889,3496
WBGene00018377.,3,2,5
WBGene00018378.,2,0,2
WBGene00018379.,3,4,7
WBGene00018380.,12,487,499
WBGene00018381.,13,4,17
WBGene00018382.,1,0,1
WBGene00018383.,1,134,135
WBGene00018384.,98,1452,1550
WBGene00018385.,1,7,8
WBGene00018386.,55,336,391
WBGene00018387.,9,12,21
WBGene00018388.,19,0,19
WBGene00018389.,0,4,4
WBGene00018390.,12,409,421
WBGene00018391.,37,1915,1952
WBGene00018392.,108,553,661
WBGene00018393.,11,2165,2176
WBGene00018394.,8,16,24
WBGene00018395.,116,9110,9226
WBGene00018397.,1,7,8
WBGene00018398.,28,135,163
WBGene00018399.,43,779,822
WBGene00018400.,496,5277,5773
WBGene00018402.,33,285,318
WBGene00018403.,117,279,396
WBGene00018404.,6,22,28
WBGene00018405.,345,1873,2218
WBGene00018406.,10,16,26
WBGene00018407.,224,1685,1909
WBGene00018408.,133,543,676
WBGene00018409.,31,1115,1146
WBGene00018410.,10,12,22
WBGene00018411.,9,22,31
WBGene00018412.,11,29,40
WBGene00018413.,30,302,332
WBGene00018414.,1,14,15
WBGene00018415.,11,304,315
WBGene00018417.,422,1599,2021
WBGene00018418.,0,24,24
WBGene00018419.,152,944,1096
WBGene00018420.,273,1643,1916
WBGene00018421.,13,910,923
WBGene00018422.,21,1025,1046
WBGene00018423.,42,240,282
WBGene00018424.,16,168,184
WBGene00018425.,13,112,125
WBGene00018426.,37,1691,1728
WBGene00018427.,2,159,161
WBGene00018428.,1,9,10
WBGene00018429.,2,3,5
WBGene00018430.,26,125,151
WBGene00018431.,16,676,692
WBGene00018432.,1,11,12
WBGene00018433.,1,7,8
WBGene00018434.,4,6,10
WBGene00018435.,1,118,119
WBGene00018436.,0,0,0
WBGene00018437.,0,0,0
WBGene00018438.,1,4,5
WBGene00018439.,0,4,4
WBGene00018440.,0,0,0
WBGene00018441.,0,1,1
WBGene00018442.,3,5,8
WBGene00018443.,0,1,1
WBGene00018444.,0,5,5
WBGene00018445.,0,5,5
WBGene00018446.,30,58,88
WBGene00018447.,0,6,6
WBGene00018448.,22,337,359
WBGene00018449.,0,0,0
WBGene00018450.,0,0,0
WBGene00018451.,0,2,2
WBGene00018452.,0,8,8
WBGene00018454.,0,18,18
WBGene00018455.,2,7,9
WBGene00018456.,14,62,76
WBGene00018457.,7,6,13
WBGene00018458.,0,4,4
WBGene00018459.,0,125,125
WBGene00018460.,0,0,0
WBGene00018461.,0,1,1
WBGene00018462.,36,396,432
WBGene00018463.,0,0,0
WBGene00018465.,95,647,742
WBGene00018466.,30,167,197
WBGene00018467.,134,659,793
WBGene00018468.,602,3895,4497
WBGene00018470.,763,3391,4154
WBGene00018471.,6,30,36
WBGene00018472.,50,83,133
WBGene00018473.,18,110,128
WBGene00018474.,63,421,484
WBGene00018475.,366,7156,7522
WBGene00018476.,4,79,83
WBGene00018477.,2,6,8
WBGene00018478.,17,73,90
WBGene00018479.,2,5,7
WBGene00018480.,1,5,6
WBGene00018481.,226,1857,2083
WBGene00018482.,259,2659,2918
WBGene00018483.,31,595,626
WBGene00018484.,7,23,30
WBGene00018485.,2332,4260,6592
WBGene00018486.,6,90,96
WBGene00018487.,6,26,32
WBGene00018488.,63,250,313
WBGene00018489.,1,3,4
WBGene00018490.,1,8,9
WBGene00018491.,219,18003,18222
WBGene00018492.,128,1264,1392
WBGene00018493.,3,3,6
WBGene00018494.,1,1,2
WBGene00018495.,0,2,2
WBGene00018496.,1,1,2
WBGene00018497.,0,0,0
WBGene00018498.,1,1,2
WBGene00018499.,0,43,43
WBGene00018500.,0,0,0
WBGene00018501.,1,0,1
WBGene00018502.,2,2,4
WBGene00018503.,0,0,0
WBGene00018504.,1,0,1
WBGene00018505.,2,4,6
WBGene00018506.,12,73,85
WBGene00018507.,2,86,88
WBGene00018508.,1200,6365,7565
WBGene00018509.,214,2510,2724
WBGene00018510.,35,152,187
WBGene00018511.,114,972,1086
WBGene00018512.,211,1420,1631
WBGene00018513.,0,339,339
WBGene00018514.,30,69,99
WBGene00018515.,9,20,29
WBGene00018516.,33,612,645
WBGene00018517.,144,898,1042
WBGene00018518.,21,1241,1262
WBGene00018519.,1787,273985,275772
WBGene00018520.,143,1166,1309
WBGene00018521.,12,110,122
WBGene00018522.,205,2572,2777
WBGene00018523.,66,238,304
WBGene00018525.,0,0,0
WBGene00018526.,0,0,0
WBGene00018527.,0,0,0
WBGene00018528.,1,4,5
WBGene00018529.,1,2,3
WBGene00018530.,0,1,1
WBGene00018531.,0,5,5
WBGene00018532.,1863,27733,29596
WBGene00018533.,139,833,972
WBGene00018534.,3,4,7
WBGene00018535.,4,6,10
WBGene00018536.,0,2,2
WBGene00018537.,1,41,42
WBGene00018538.,162,1555,1717
WBGene00018539.,23,14,37
WBGene00018540.,6,22,28
WBGene00018541.,7,34,41
WBGene00018542.,7,21,28
WBGene00018543.,10,23,33
WBGene00018544.,8,19,27
WBGene00018545.,1,9,10
WBGene00018547.,104,40,144
WBGene00018548.,1,4,5
WBGene00018549.,0,2,2
WBGene00018550.,3,0,3
WBGene00018551.,16,28,44
WBGene00018552.,2,2,4
WBGene00018553.,0,0,0
WBGene00018554.,1,0,1
WBGene00018555.,3,0,3
WBGene00018556.,0,2,2
WBGene00018557.,2,0,2
WBGene00018558.,2,10,12
WBGene00018559.,0,2,2
WBGene00018560.,27,134,161
WBGene00018561.,14,131,145
WBGene00018562.,106,670,776
WBGene00018563.,7,39,46
WBGene00018564.,1317,5466,6783
WBGene00018565.,54,693,747
WBGene00018566.,42,279,321
WBGene00018567.,5,1,6
WBGene00018568.,76,1119,1195
WBGene00018569.,122,516,638
WBGene00018571.,10,4,14
WBGene00018572.,249,215,464
WBGene00018573.,6,2,8
WBGene00018575.,2,5,7
WBGene00018576.,62,285,347
WBGene00018577.,21,92,113
WBGene00018578.,23,157,180
WBGene00018579.,502,3609,4111
WBGene00018580.,7,5,12
WBGene00018582.,912,1101,2013
WBGene00018585.,90,378,468
WBGene00018586.,132,954,1086
WBGene00018587.,61,78,139
WBGene00018589.,336,64,400
WBGene00018590.,14,2277,2291
WBGene00018591.,2,53,55
WBGene00018593.,35,424,459
WBGene00018594.,18,240,258
WBGene00018595.,3,246,249
WBGene00018596.,11,6,17
WBGene00018598.,6,185,191
WBGene00018599.,55,1312,1367
WBGene00018600.,12,4,16
WBGene00018601.,2,1,3
WBGene00018602.,403,12861,13264
WBGene00018603.,25,62,87
WBGene00018604.,34,709,743
WBGene00018605.,2,17,19
WBGene00018606.,2,56,58
WBGene00018607.,254,985,1239
WBGene00018608.,113,203,316
WBGene00018609.,206,2045,2251
WBGene00018610.,29,3063,3092
WBGene00018611.,123,539,662
WBGene00018612.,111,667,778
WBGene00018613.,9,328,337
WBGene00018614.,5,424,429
WBGene00018615.,14,135,149
WBGene00018616.,0,10,10
WBGene00018617.,0,1,1
WBGene00018618.,0,1,1
WBGene00018619.,0,16,16
WBGene00018620.,4,19,23
WBGene00018621.,1,210,211
WBGene00018622.,77,596,673
WBGene00018623.,5,17,22
WBGene00018624.,3,26,29
WBGene00018625.,31,892,923
WBGene00018626.,8,56,64
WBGene00018627.,4,13,17
WBGene00018628.,9,5,14
WBGene00018630.,16,53,69
WBGene00018631.,0,0,0
WBGene00018632.,20,460,480
WBGene00018634.,194,718,912
WBGene00018635.,28,369,397
WBGene00018636.,168,1110,1278
WBGene00018637.,40,896,936
WBGene00018638.,25,908,933
WBGene00018639.,67,287,354
WBGene00018640.,6,13,19
WBGene00018641.,12,136,148
WBGene00018643.,1,3,4
WBGene00018644.,0,1,1
WBGene00018645.,6,107,113
WBGene00018646.,3,55,58
WBGene00018647.,3,4,7
WBGene00018648.,11,29,40
WBGene00018649.,0,0,0
WBGene00018650.,0,3,3
WBGene00018651.,0,0,0
WBGene00018652.,1,2,3
WBGene00018653.,7,25,32
WBGene00018654.,21,321,342
WBGene00018655.,41,279,320
WBGene00018656.,48,517,565
WBGene00018657.,298,2587,2885
WBGene00018658.,10,79,89
WBGene00018659.,3,344,347
WBGene00018660.,2,108,110
WBGene00018661.,0,86,86
WBGene00018662.,2,2,4
WBGene00018663.,0,131,131
WBGene00018664.,16,110,126
WBGene00018665.,29,270,299
WBGene00018666.,9,75,84
WBGene00018667.,21,393,414
WBGene00018668.,11,216,227
WBGene00018669.,35,297,332
WBGene00018670.,0,14,14
WBGene00018671.,12,17,29
WBGene00018672.,131,831,962
WBGene00018674.,143,878,1021
WBGene00018675.,28,73,101
WBGene00018678.,56,427,483
WBGene00018679.,185,739,924
WBGene00018680.,65,169,234
WBGene00018681.,469,1117,1586
WBGene00018682.,9,23,32
WBGene00018683.,16,74,90
WBGene00018684.,0,0,0
WBGene00018687.,1,22,23
WBGene00018688.,0,11,11
WBGene00018689.,52,121,173
WBGene00018690.,12,8,20
WBGene00018691.,1,4,5
WBGene00018692.,27,948,975
WBGene00018693.,10,11,21
WBGene00018694.,175,974,1149
WBGene00018696.,45,317,362
WBGene00018697.,67,536,603
WBGene00018698.,19,184,203
WBGene00018699.,0,0,0
WBGene00018700.,1202,3407,4609
WBGene00018701.,200,11790,11990
WBGene00018702.,7,444,451
WBGene00018703.,21,266,287
WBGene00018704.,20,620,640
WBGene00018706.,5,115,120
WBGene00018707.,15,182,197
WBGene00018708.,1,2,3
WBGene00018709.,3,3,6
WBGene00018710.,633,4920,5553
WBGene00018711.,91,147,238
WBGene00018712.,50,122,172
WBGene00018713.,4,6,10
WBGene00018714.,32,681,713
WBGene00018715.,16,159,175
WBGene00018716.,96,228,324
WBGene00018717.,15,190,205
WBGene00018718.,9,12,21
WBGene00018719.,56,237,293
WBGene00018720.,184,1155,1339
WBGene00018721.,101,328,429
WBGene00018723.,15,43,58
WBGene00018724.,0,1184,1184
WBGene00018725.,0,3662,3662
WBGene00018726.,3,34,37
WBGene00018727.,85,386,471
WBGene00018728.,96,227,323
WBGene00018729.,0,3034,3034
WBGene00018730.,0,5409,5409
WBGene00018731.,0,25026,25026
WBGene00018732.,0,1290,1290
WBGene00018734.,610,727,1337
WBGene00018735.,13,215,228
WBGene00018736.,6,151,157
WBGene00018738.,19,22,41
WBGene00018739.,146,1121,1267
WBGene00018740.,283,995,1278
WBGene00018741.,151,351,502
WBGene00018742.,14,34,48
WBGene00018743.,104,425,529
WBGene00018744.,0,136,136
WBGene00018745.,1,14,15
WBGene00018746.,7,29,36
WBGene00018747.,46,309,355
WBGene00018748.,33,458,491
WBGene00018749.,0,0,0
WBGene00018750.,388,2370,2758
WBGene00018751.,6,3,9
WBGene00018752.,37,70,107
WBGene00018754.,10,32,42
WBGene00018755.,35,286,321
WBGene00018756.,683,9630,10313
WBGene00018757.,193,1792,1985
WBGene00018758.,179,2351,2530
WBGene00018759.,0,0,0
WBGene00018760.,102,680,782
WBGene00018761.,192,20,212
WBGene00018762.,99,1001,1100
WBGene00018763.,121,7511,7632
WBGene00018764.,8,6471,6479
WBGene00018765.,521,2202,2723
WBGene00018766.,223,506,729
WBGene00018767.,3,4,7
WBGene00018768.,3,2,5
WBGene00018769.,31,701,732
WBGene00018771.,10,22,32
WBGene00018772.,73,215,288
WBGene00018773.,10,32,42
WBGene00018774.,49,98,147
WBGene00018776.,270,3044,3314
WBGene00018777.,200,606,806
WBGene00018778.,403,2558,2961
WBGene00018779.,2,39,41
WBGene00018781.,58,210,268
WBGene00018782.,473,4682,5155
WBGene00018783.,4,61,65
WBGene00018784.,407,7290,7697
WBGene00018785.,169,709,878
WBGene00018786.,0,28,28
WBGene00018787.,68,509,577
WBGene00018788.,274,829,1103
WBGene00018789.,93,131,224
WBGene00018791.,103,446,549
WBGene00018792.,4,11,15
WBGene00018793.,408,2019,2427
WBGene00018794.,201,361,562
WBGene00018795.,102,1213,1315
WBGene00018797.,328,1495,1823
WBGene00018798.,26,134,160
WBGene00018802.,73,1630,1703
WBGene00018803.,234,14638,14872
WBGene00018804.,29,462,491
WBGene00018805.,8,56,64
WBGene00018806.,8,394,402
WBGene00018807.,23,404,427
WBGene00018808.,1,3,4
WBGene00018809.,1,0,1
WBGene00018810.,3,0,3
WBGene00018811.,734,7850,8584
WBGene00018812.,176,969,1145
WBGene00018813.,1,6,7
WBGene00018814.,52,1100,1152
WBGene00018815.,1,10,11
WBGene00018816.,2,4,6
WBGene00018819.,328,3097,3425
WBGene00018820.,4,8,12
WBGene00018821.,1,4,5
WBGene00018822.,2,1,3
WBGene00018823.,1,135,136
WBGene00018824.,0,8,8
WBGene00018825.,2,21,23
WBGene00018826.,0,2,2
WBGene00018827.,14,226,240
WBGene00018828.,2,1,3
WBGene00018829.,6,12,18
WBGene00018830.,42,622,664
WBGene00018831.,96,1105,1201
WBGene00018833.,194,1108,1302
WBGene00018834.,0,1,1
WBGene00018835.,58,377,435
WBGene00018836.,51,462,513
WBGene00018837.,832,991,1823
WBGene00018838.,0,0,0
WBGene00018839.,0,12,12
WBGene00018840.,1,2,3
WBGene00018841.,0,0,0
WBGene00018842.,0,66,66
WBGene00018844.,0,4,4
WBGene00018845.,4,67,71
WBGene00018846.,15508,147706,163214
WBGene00018847.,196,1455,1651
WBGene00018848.,93,608,701
WBGene00018849.,54,3854,3908
WBGene00018850.,34,46,80
WBGene00018851.,5,54,59
WBGene00018852.,18,201,219
WBGene00018853.,24,405,429
WBGene00018854.,64,560,624
WBGene00018855.,13,360,373
WBGene00018856.,53,69,122
WBGene00018857.,119,1347,1466
WBGene00018859.,143,1008,1151
WBGene00018860.,165,328,493
WBGene00018861.,30,170,200
WBGene00018862.,28,471,499
WBGene00018863.,9,295,304
WBGene00018864.,150,1127,1277
WBGene00018865.,1,3,4
WBGene00018866.,76,1183,1259
WBGene00018867.,85,410,495
WBGene00018868.,42,43,85
WBGene00018869.,383,4021,4404
WBGene00018870.,1,41,42
WBGene00018871.,11,411,422
WBGene00018872.,652,4695,5347
WBGene00018873.,38,255,293
WBGene00018874.,46,102,148
WBGene00018875.,0,1,1
WBGene00018877.,18,91,109
WBGene00018878.,5,219,224
WBGene00018879.,48,177,225
WBGene00018880.,24,48,72
WBGene00018881.,0,54,54
WBGene00018882.,0,23,23
WBGene00018883.,0,25,25
WBGene00018884.,22,27,49
WBGene00018885.,15,281,296
WBGene00018886.,5,287,292
WBGene00018888.,0,2,2
WBGene00018890.,195,1962,2157
WBGene00018891.,101,1021,1122
WBGene00018892.,41,2161,2202
WBGene00018893.,201,1775,1976
WBGene00018894.,11,748,759
WBGene00018895.,1,11,12
WBGene00018896.,6,12,18
WBGene00018897.,35,266,301
WBGene00018898.,268,3154,3422
WBGene00018899.,8,9,17
WBGene00018900.,29,823,852
WBGene00018901.,0,36,36
WBGene00018902.,5,359,364
WBGene00018903.,5,98,103
WBGene00018904.,9,598,607
WBGene00018906.,16,33,49
WBGene00018907.,26,106,132
WBGene00018908.,35,286,321
WBGene00018909.,85,415,500
WBGene00018910.,0,0,0
WBGene00018911.,0,0,0
WBGene00018912.,0,0,0
WBGene00018913.,0,0,0
WBGene00018914.,0,0,0
WBGene00018915.,0,0,0
WBGene00018917.,0,0,0
WBGene00018918.,0,0,0
WBGene00018919.,0,0,0
WBGene00018920.,0,0,0
WBGene00018921.,1,79,80
WBGene00018923.,201,851,1052
WBGene00018924.,41,80,121
WBGene00018925.,7,273,280
WBGene00018926.,0,2,2
WBGene00018928.,50,127,177
WBGene00018929.,8,15,23
WBGene00018930.,0,3,3
WBGene00018931.,7,84,91
WBGene00018932.,133,2396,2529
WBGene00018933.,1,7,8
WBGene00018934.,22,2511,2533
WBGene00018935.,6,1310,1316
WBGene00018937.,235,1928,2163
WBGene00018938.,0,1,1
WBGene00018939.,4,39,43
WBGene00018940.,0,6,6
WBGene00018941.,1,1,2
WBGene00018942.,0,0,0
WBGene00018943.,0,3,3
WBGene00018944.,1,3,4
WBGene00018945.,2,38,40
WBGene00018946.,9,60,69
WBGene00018948.,21,298,319
WBGene00018949.,4,16,20
WBGene00018950.,50,366,416
WBGene00018951.,20,385,405
WBGene00018952.,55,708,763
WBGene00018953.,956,10864,11820
WBGene00018954.,131,713,844
WBGene00018955.,44,886,930
WBGene00018957.,40,447,487
WBGene00018958.,132,448,580
WBGene00018959.,39,782,821
WBGene00018960.,15,280,295
WBGene00018961.,76,634,710
WBGene00018963.,780,10390,11170
WBGene00018964.,38,421,459
WBGene00018965.,9,11,20
WBGene00018966.,63,389,452
WBGene00018967.,35,769,804
WBGene00018968.,4,34,38
WBGene00018969.,22,709,731
WBGene00018970.,1,1,2
WBGene00018971.,7,54,61
WBGene00018972.,0,13,13
WBGene00018973.,6,15,21
WBGene00018974.,308,895,1203
WBGene00018975.,418,985,1403
WBGene00018976.,430,326,756
WBGene00018978.,0,0,0
WBGene00018979.,3,0,3
WBGene00018980.,4,2,6
WBGene00018981.,0,3,3
WBGene00018982.,1,1,2
WBGene00018984.,41,256,297
WBGene00018985.,192,811,1003
WBGene00018986.,41,603,644
WBGene00018987.,82,480,562
WBGene00018988.,18,304,322
WBGene00018989.,37,500,537
WBGene00018990.,109,335,444
WBGene00018991.,70,457,527
WBGene00018992.,45,82,127
WBGene00018993.,3,3,6
WBGene00018994.,3,4,7
WBGene00018995.,157,472,629
WBGene00018996.,73,1674,1747
WBGene00018997.,7,58,65
WBGene00018998.,126,832,958
WBGene00018999.,2,66,68
WBGene00019001.,408,8153,8561
WBGene00019002.,82,511,593
WBGene00019003.,67,2292,2359
WBGene00019004.,73,1637,1710
WBGene00019005.,194,1812,2006
WBGene00019006.,329,3184,3513
WBGene00019007.,1486,3488,4974
WBGene00019008.,15,430,445
WBGene00019009.,76,241,317
WBGene00019010.,223,17,240
WBGene00019011.,194,980,1174
WBGene00019012.,36,154,190
WBGene00019013.,26,475,501
WBGene00019014.,31,277,308
WBGene00019015.,0,3,3
WBGene00019016.,0,6,6
WBGene00019017.,62,5739,5801
WBGene00019018.,1031,2082,3113
WBGene00019019.,159,51,210
WBGene00019020.,0,55,55
WBGene00019021.,2,5,7
WBGene00019022.,41,1306,1347
WBGene00019023.,66,409,475
WBGene00019024.,4,48,52
WBGene00019025.,43,161,204
WBGene00019026.,0,0,0
WBGene00019027.,0,16,16
WBGene00019028.,4,5,9
WBGene00019029.,10,32,42
WBGene00019030.,65,48,113
WBGene00019032.,4,31,35
WBGene00019034.,0,3,3
WBGene00019035.,0,10,10
WBGene00019036.,6,14,20
WBGene00019037.,0,2,2
WBGene00019038.,1,6,7
WBGene00019039.,0,8,8
WBGene00019040.,0,0,0
WBGene00019041.,0,3,3
WBGene00019042.,1,1,2
WBGene00019043.,0,3,3
WBGene00019044.,0,1,1
WBGene00019045.,0,0,0
WBGene00019046.,1,4,5
WBGene00019047.,9,156,165
WBGene00019048.,16,182,198
WBGene00019049.,15,155,170
WBGene00019050.,1,4,5
WBGene00019051.,0,12,12
WBGene00019053.,1,5,6
WBGene00019054.,0,4,4
WBGene00019055.,48,721,769
WBGene00019057.,9,69,78
WBGene00019058.,16,37,53
WBGene00019059.,4,4,8
WBGene00019060.,50,281,331
WBGene00019061.,4310,45685,49995
WBGene00019062.,1,0,1
WBGene00019063.,3,9,12
WBGene00019064.,167,4182,4349
WBGene00019065.,0,1,1
WBGene00019066.,0,1,1
WBGene00019067.,9,39,48
WBGene00019068.,7,180,187
WBGene00019069.,163,339,502
WBGene00019070.,0,17,17
WBGene00019072.,0,0,0
WBGene00019073.,0,0,0
WBGene00019074.,124,682,806
WBGene00019075.,36,409,445
WBGene00019076.,35,366,401
WBGene00019077.,31,768,799
WBGene00019079.,118,1403,1521
WBGene00019080.,11,47,58
WBGene00019081.,7,3,10
WBGene00019082.,27,163,190
WBGene00019084.,7,5,12
WBGene00019085.,10,7,17
WBGene00019086.,1,6,7
WBGene00019087.,13,940,953
WBGene00019089.,7,1,8
WBGene00019090.,180,1680,1860
WBGene00019091.,8,19,27
WBGene00019092.,836,7439,8275
WBGene00019094.,3,25,28
WBGene00019095.,14,295,309
WBGene00019096.,2,4,6
WBGene00019097.,132,1878,2010
WBGene00019098.,3,5,8
WBGene00019099.,5,1,6
WBGene00019100.,41,175,216
WBGene00019101.,6,27,33
WBGene00019102.,449,2932,3381
WBGene00019103.,28,103,131
WBGene00019104.,0,9,9
WBGene00019105.,6,177,183
WBGene00019106.,14,36,50
WBGene00019107.,9,16,25
WBGene00019108.,2,192,194
WBGene00019109.,60,124,184
WBGene00019111.,71,471,542
WBGene00019112.,57,52,109
WBGene00019113.,105,4399,4504
WBGene00019114.,14,139,153
WBGene00019115.,26,197,223
WBGene00019116.,25,282,307
WBGene00019117.,35,250,285
WBGene00019118.,11,878,889
WBGene00019119.,2,8,10
WBGene00019120.,23,733,756
WBGene00019121.,19,747,766
WBGene00019122.,140,9,149
WBGene00019123.,1,2,3
WBGene00019124.,177,2244,2421
WBGene00019125.,48,343,391
WBGene00019126.,13,55,68
WBGene00019127.,181,1094,1275
WBGene00019128.,111,323,434
WBGene00019129.,158,1106,1264
WBGene00019130.,108,539,647
WBGene00019131.,19,105,124
WBGene00019132.,21,87,108
WBGene00019133.,6,16,22
WBGene00019134.,12,128,140
WBGene00019135.,2,2,4
WBGene00019137.,3,2,5
WBGene00019138.,83,18,101
WBGene00019139.,23,169,192
WBGene00019140.,18,210,228
WBGene00019141.,41,467,508
WBGene00019142.,38,654,692
WBGene00019143.,119,1174,1293
WBGene00019144.,9,71,80
WBGene00019145.,1,3,4
WBGene00019146.,0,1,1
WBGene00019148.,14,13,27
WBGene00019149.,45,93,138
WBGene00019150.,0,2,2
WBGene00019151.,1,5,6
WBGene00019152.,1,9,10
WBGene00019153.,6,179,185
WBGene00019154.,12,4,16
WBGene00019155.,9,5,14
WBGene00019156.,96,1076,1172
WBGene00019157.,659,1496,2155
WBGene00019158.,54,1781,1835
WBGene00019159.,2,39,41
WBGene00019160.,335,23350,23685
WBGene00019162.,26,4094,4120
WBGene00019163.,5,1097,1102
WBGene00019164.,17,162,179
WBGene00019165.,1,3,4
WBGene00019166.,506,874,1380
WBGene00019167.,105,1066,1171
WBGene00019168.,576,4594,5170
WBGene00019169.,4,7,11
WBGene00019170.,414,3188,3602
WBGene00019171.,3,5,8
WBGene00019174.,16,87,103
WBGene00019176.,71,102,173
WBGene00019177.,29,560,589
WBGene00019178.,4,12,16
WBGene00019179.,1,4,5
WBGene00019180.,552,868,1420
WBGene00019181.,9,43,52
WBGene00019182.,62,512,574
WBGene00019183.,617,67,684
WBGene00019184.,9,13,22
WBGene00019185.,38,655,693
WBGene00019186.,1,2,3
WBGene00019187.,10,39,49
WBGene00019188.,83,484,567
WBGene00019189.,3,38,41
WBGene00019190.,31,5,36
WBGene00019192.,0,2,2
WBGene00019193.,0,0,0
WBGene00019194.,2,3,5
WBGene00019196.,18,1328,1346
WBGene00019197.,20,139,159
WBGene00019198.,50,82,132
WBGene00019199.,104,532,636
WBGene00019200.,80,430,510
WBGene00019202.,6,17,23
WBGene00019203.,653,9774,10427
WBGene00019204.,66,482,548
WBGene00019205.,1567,2624,4191
WBGene00019207.,208,1836,2044
WBGene00019208.,0,3,3
WBGene00019209.,133,636,769
WBGene00019211.,242,689,931
WBGene00019212.,59,231,290
WBGene00019213.,25,126,151
WBGene00019214.,4,5,9
WBGene00019215.,16,52,68
WBGene00019216.,1,3,4
WBGene00019217.,276,1458,1734
WBGene00019218.,117,236,353
WBGene00019219.,86,483,569
WBGene00019220.,48,995,1043
WBGene00019221.,14,239,253
WBGene00019222.,13,10,23
WBGene00019224.,26,148,174
WBGene00019225.,13,72,85
WBGene00019226.,8,81,89
WBGene00019227.,74,514,588
WBGene00019228.,1,86,87
WBGene00019229.,2,7,9
WBGene00019230.,56,110,166
WBGene00019231.,27,56,83
WBGene00019232.,55,115,170
WBGene00019233.,2,7,9
WBGene00019234.,1,47,48
WBGene00019235.,0,1,1
WBGene00019236.,4,8,12
WBGene00019237.,267,1226,1493
WBGene00019239.,56,4,60
WBGene00019240.,248,2320,2568
WBGene00019241.,402,1127,1529
WBGene00019242.,38,12,50
WBGene00019243.,9,556,565
WBGene00019244.,88,474,562
WBGene00019245.,105,871,976
WBGene00019246.,151,1183,1334
WBGene00019247.,16,165,181
WBGene00019248.,55,55,110
WBGene00019249.,262,5199,5461
WBGene00019250.,434,1587,2021
WBGene00019251.,30,9,39
WBGene00019253.,2,8,10
WBGene00019254.,6,136,142
WBGene00019255.,4,18,22
WBGene00019257.,3,0,3
WBGene00019259.,52,727,779
WBGene00019260.,1,3,4
WBGene00019261.,4,785,789
WBGene00019262.,3,8,11
WBGene00019263.,203,1312,1515
WBGene00019264.,120,742,862
WBGene00019265.,2,136,138
WBGene00019266.,8,83,91
WBGene00019267.,0,9,9
WBGene00019268.,79,660,739
WBGene00019269.,14,53,67
WBGene00019270.,154,311,465
WBGene00019272.,35,59,94
WBGene00019273.,3,20,23
WBGene00019274.,251,638,889
WBGene00019275.,244,1023,1267
WBGene00019276.,129,737,866
WBGene00019277.,70,666,736
WBGene00019278.,191,1305,1496
WBGene00019279.,1207,2095,3302
WBGene00019280.,69,736,805
WBGene00019281.,2,6,8
WBGene00019282.,411,6547,6958
WBGene00019283.,0,0,0
WBGene00019284.,267,9753,10020
WBGene00019285.,32,182,214
WBGene00019286.,144,134,278
WBGene00019287.,15,53,68
WBGene00019288.,2,1,3
WBGene00019289.,51,357,408
WBGene00019290.,12,424,436
WBGene00019292.,0,2,2
WBGene00019293.,6,187,193
WBGene00019294.,565,2674,3239
WBGene00019295.,108,779,887
WBGene00019296.,15,1053,1068
WBGene00019297.,2,8,10
WBGene00019298.,220,5150,5370
WBGene00019299.,26,254,280
WBGene00019300.,89,1507,1596
WBGene00019301.,548,7088,7636
WBGene00019302.,4,8,12
WBGene00019303.,90,57,147
WBGene00019304.,71,1134,1205
WBGene00019305.,122,3469,3591
WBGene00019306.,0,4,4
WBGene00019309.,2,7,9
WBGene00019310.,1,123,124
WBGene00019311.,26,256,282
WBGene00019312.,0,9,9
WBGene00019313.,1,5,6
WBGene00019314.,2,7,9
WBGene00019315.,213,2011,2224
WBGene00019316.,0,88,88
WBGene00019317.,77,330,407
WBGene00019318.,73,60,133
WBGene00019319.,21,140,161
WBGene00019320.,60,277,337
WBGene00019321.,41,105,146
WBGene00019322.,33,8901,8934
WBGene00019323.,672,1553,2225
WBGene00019324.,358,7278,7636
WBGene00019326.,124,1693,1817
WBGene00019327.,1534,14719,16253
WBGene00019328.,209,1889,2098
WBGene00019329.,216,779,995
WBGene00019331.,38,73,111
WBGene00019332.,2360,20345,22705
WBGene00019333.,211,2100,2311
WBGene00019334.,15,799,814
WBGene00019335.,0,30,30
WBGene00019337.,5,8,13
WBGene00019338.,3,3,6
WBGene00019339.,0,38,38
WBGene00019340.,0,1,1
WBGene00019341.,13,10,23
WBGene00019342.,1,24,25
WBGene00019343.,88,231,319
WBGene00019344.,59,413,472
WBGene00019345.,27,79,106
WBGene00019346.,5,84,89
WBGene00019347.,495,940,1435
WBGene00019348.,4,6,10
WBGene00019349.,1,8,9
WBGene00019350.,5,10,15
WBGene00019351.,69,1507,1576
WBGene00019352.,70,264,334
WBGene00019353.,132,3591,3723
WBGene00019354.,116,3490,3606
WBGene00019355.,84,574,658
WBGene00019356.,1,5,6
WBGene00019357.,1998,97573,99571
WBGene00019360.,41,98,139
WBGene00019361.,457,3769,4226
WBGene00019362.,283,563,846
WBGene00019364.,14,218,232
WBGene00019365.,426,2993,3419
WBGene00019367.,2,3,5
WBGene00019368.,45,351,396
WBGene00019369.,24,92,116
WBGene00019370.,68,164,232
WBGene00019371.,3,21,24
WBGene00019372.,6,123,129
WBGene00019373.,24,182,206
WBGene00019374.,10,184,194
WBGene00019376.,0,5,5
WBGene00019379.,2,11,13
WBGene00019380.,121,903,1024
WBGene00019381.,119,17022,17141
WBGene00019382.,1,12,13
WBGene00019383.,4,1,5
WBGene00019384.,1,1,2
WBGene00019385.,3,2,5
WBGene00019386.,2,9,11
WBGene00019387.,2,2,4
WBGene00019388.,53,216,269
WBGene00019389.,3,36,39
WBGene00019390.,2,4,6
WBGene00019391.,10,52,62
WBGene00019392.,4,12,16
WBGene00019393.,13,7,20
WBGene00019394.,115,513,628
WBGene00019395.,31,151,182
WBGene00019396.,56,700,756
WBGene00019399.,68,2870,2938
WBGene00019400.,123,1071,1194
WBGene00019401.,82,3886,3968
WBGene00019402.,119,3353,3472
WBGene00019403.,109,608,717
WBGene00019404.,11,32,43
WBGene00019405.,7,6,13
WBGene00019406.,4,11,15
WBGene00019407.,242,1269,1511
WBGene00019408.,57,856,913
WBGene00019409.,0,0,0
WBGene00019410.,5,17,22
WBGene00019411.,17,374,391
WBGene00019412.,0,3,3
WBGene00019413.,1,3,4
WBGene00019414.,0,2,2
WBGene00019415.,0,12,12
WBGene00019416.,2,9,11
WBGene00019417.,0,0,0
WBGene00019418.,1,2,3
WBGene00019419.,1,1,2
WBGene00019420.,0,2,2
WBGene00019421.,109,955,1064
WBGene00019422.,0,12,12
WBGene00019423.,37,2,39
WBGene00019424.,12,90,102
WBGene00019425.,3,6,9
WBGene00019426.,5,125,130
WBGene00019427.,99,2480,2579
WBGene00019428.,212,600,812
WBGene00019429.,48,965,1013
WBGene00019430.,1,3,4
WBGene00019431.,7,9,16
WBGene00019432.,106,3025,3131
WBGene00019433.,36,1898,1934
WBGene00019434.,270,327,597
WBGene00019435.,64,351,415
WBGene00019436.,89,1208,1297
WBGene00019437.,63,663,726
WBGene00019438.,1,7,8
WBGene00019439.,145,31,176
WBGene00019441.,40,83,123
WBGene00019442.,0,0,0
WBGene00019444.,10,36,46
WBGene00019445.,21,61,82
WBGene00019448.,28,315,343
WBGene00019449.,0,0,0
WBGene00019450.,0,2,2
WBGene00019451.,5,1,6
WBGene00019452.,1,0,1
WBGene00019453.,6,3,9
WBGene00019454.,0,1,1
WBGene00019455.,10,58,68
WBGene00019456.,120,821,941
WBGene00019457.,196,1337,1533
WBGene00019458.,39,447,486
WBGene00019459.,6,6,12
WBGene00019460.,43,539,582
WBGene00019461.,86,550,636
WBGene00019462.,321,165,486
WBGene00019464.,16,311,327
WBGene00019465.,858,2972,3830
WBGene00019466.,1800,59612,61412
WBGene00019467.,12,1928,1940
WBGene00019469.,3,7,10
WBGene00019470.,1,3,4
WBGene00019471.,0,6,6
WBGene00019472.,6,121,127
WBGene00019473.,3,3,6
WBGene00019476.,56,665,721
WBGene00019477.,19,288,307
WBGene00019478.,1172,9132,10304
WBGene00019479.,200,1999,2199
WBGene00019480.,90,1067,1157
WBGene00019481.,73,1296,1369
WBGene00019482.,52,731,783
WBGene00019483.,1,2,3
WBGene00019484.,4,267,271
WBGene00019485.,118,329,447
WBGene00019486.,2,6,8
WBGene00019487.,39,343,382
WBGene00019488.,313,5464,5777
WBGene00019489.,128,3807,3935
WBGene00019490.,30,1160,1190
WBGene00019491.,37,448,485
WBGene00019492.,678,4874,5552
WBGene00019493.,35,146,181
WBGene00019494.,1,10,11
WBGene00019495.,67,1077,1144
WBGene00019496.,15,110,125
WBGene00019497.,74,1158,1232
WBGene00019498.,62,410,472
WBGene00019501.,1,6,7
WBGene00019502.,0,9,9
WBGene00019503.,25,307,332
WBGene00019504.,9,830,839
WBGene00019506.,8,13,21
WBGene00019507.,3,2,5
WBGene00019508.,7,6,13
WBGene00019509.,5,44,49
WBGene00019510.,142,6151,6293
WBGene00019511.,284,4350,4634
WBGene00019512.,13,32,45
WBGene00019513.,62,1085,1147
WBGene00019514.,1,5,6
WBGene00019515.,11,43,54
WBGene00019516.,31,146,177
WBGene00019517.,2,27,29
WBGene00019518.,25,102,127
WBGene00019519.,145,501,646
WBGene00019520.,1,39,40
WBGene00019521.,373,2312,2685
WBGene00019522.,108,511,619
WBGene00019524.,2,5,7
WBGene00019525.,176,1298,1474
WBGene00019526.,4,0,4
WBGene00019527.,1,6,7
WBGene00019529.,0,1,1
WBGene00019530.,0,7,7
WBGene00019531.,1,0,1
WBGene00019532.,5,2,7
WBGene00019533.,8,5,13
WBGene00019534.,1,3,4
WBGene00019535.,26,270,296
WBGene00019536.,112,147,259
WBGene00019537.,8,12042,12050
WBGene00019538.,31,91,122
WBGene00019540.,136,5989,6125
WBGene00019541.,2,58,60
WBGene00019543.,203,1984,2187
WBGene00019544.,63,617,680
WBGene00019545.,17,86,103
WBGene00019546.,78,344,422
WBGene00019547.,7,23,30
WBGene00019548.,2,0,2
WBGene00019549.,13,4,17
WBGene00019550.,12,9,21
WBGene00019552.,8,131,139
WBGene00019553.,7,184,191
WBGene00019554.,19,196,215
WBGene00019556.,5,26,31
WBGene00019557.,29,33,62
WBGene00019558.,2,14,16
WBGene00019559.,1,1,2
WBGene00019560.,0,0,0
WBGene00019561.,0,7,7
WBGene00019562.,1,0,1
WBGene00019563.,0,3,3
WBGene00019564.,121,993,1114
WBGene00019565.,5,6,11
WBGene00019566.,0,9,9
WBGene00019567.,6,60,66
WBGene00019568.,5,12,17
WBGene00019569.,2,12,14
WBGene00019570.,12,40,52
WBGene00019571.,100,79,179
WBGene00019572.,0,31,31
WBGene00019574.,0,6,6
WBGene00019575.,6,11,17
WBGene00019576.,1,20,21
WBGene00019577.,11,67,78
WBGene00019578.,1,33,34
WBGene00019579.,10,61,71
WBGene00019580.,0,12,12
WBGene00019582.,3,9,12
WBGene00019583.,0,3,3
WBGene00019584.,17,10,27
WBGene00019586.,6,21,27
WBGene00019587.,1,6,7
WBGene00019588.,0,6,6
WBGene00019589.,13,31,44
WBGene00019590.,14,28,42
WBGene00019591.,0,20,20
WBGene00019592.,0,128,128
WBGene00019593.,1,193,194
WBGene00019594.,1,0,1
WBGene00019595.,26,316,342
WBGene00019597.,822,8471,9293
WBGene00019598.,199,488,687
WBGene00019599.,21,169,190
WBGene00019600.,4,173,177
WBGene00019601.,0,15,15
WBGene00019603.,20,326,346
WBGene00019604.,0,0,0
WBGene00019605.,36,168,204
WBGene00019606.,1,114,115
WBGene00019607.,265,1848,2113
WBGene00019608.,24,595,619
WBGene00019609.,143,851,994
WBGene00019611.,23,717,740
WBGene00019612.,395,2576,2971
WBGene00019613.,3,4,7
WBGene00019614.,2,9,11
WBGene00019615.,82,215,297
WBGene00019616.,17,113,130
WBGene00019617.,28,368,396
WBGene00019618.,36,83,119
WBGene00019619.,268,2569,2837
WBGene00019620.,88,4461,4549
WBGene00019621.,0,0,0
WBGene00019622.,3,8,11
WBGene00019623.,45,242,287
WBGene00019624.,394,2445,2839
WBGene00019625.,4,9,13
WBGene00019626.,0,2,2
WBGene00019627.,70,714,784
WBGene00019628.,46,2131,2177
WBGene00019629.,29,633,662
WBGene00019630.,23,215,238
WBGene00019631.,121,2178,2299
WBGene00019633.,219,1006,1225
WBGene00019636.,86,1055,1141
WBGene00019638.,8,28,36
WBGene00019639.,0,63,63
WBGene00019640.,6,48,54
WBGene00019641.,55,305,360
WBGene00019642.,7,20,27
WBGene00019643.,4,219,223
WBGene00019644.,9,18,27
WBGene00019645.,84,953,1037
WBGene00019646.,0,0,0
WBGene00019647.,36,659,695
WBGene00019648.,15,151,166
WBGene00019649.,44,449,493
WBGene00019650.,161,1005,1166
WBGene00019651.,234,1527,1761
WBGene00019652.,14,193,207
WBGene00019653.,5,69,74
WBGene00019654.,2,2,4
WBGene00019655.,3,30,33
WBGene00019656.,26,1035,1061
WBGene00019657.,58,762,820
WBGene00019658.,30,208,238
WBGene00019659.,4,6,10
WBGene00019660.,0,24,24
WBGene00019661.,2,45,47
WBGene00019662.,2,5,7
WBGene00019663.,23,1364,1387
WBGene00019664.,295,2381,2676
WBGene00019665.,27,230,257
WBGene00019666.,27,435,462
WBGene00019667.,76,89,165
WBGene00019668.,10,52,62
WBGene00019669.,47,179,226
WBGene00019672.,2,5,7
WBGene00019673.,55,1039,1094
WBGene00019674.,24,110,134
WBGene00019675.,1,5,6
WBGene00019676.,8,8,16
WBGene00019677.,27,163,190
WBGene00019678.,120,1045,1165
WBGene00019679.,108,1177,1285
WBGene00019680.,0,5611,5611
WBGene00019681.,0,6,6
WBGene00019682.,87,998,1085
WBGene00019683.,333,100,433
WBGene00019684.,1,5,6
WBGene00019685.,2,9,11
WBGene00019686.,482,3218,3700
WBGene00019687.,1,3,4
WBGene00019688.,7,2,9
WBGene00019689.,0,3,3
WBGene00019690.,5,34,39
WBGene00019691.,56,164,220
WBGene00019692.,44,373,417
WBGene00019693.,12,1040,1052
WBGene00019697.,637,1495,2132
WBGene00019698.,1034,16510,17544
WBGene00019699.,14,34,48
WBGene00019700.,0,22,22
WBGene00019702.,0,1,1
WBGene00019703.,0,2,2
WBGene00019704.,1,2,3
WBGene00019705.,2,149,151
WBGene00019706.,13,4,17
WBGene00019709.,1,1,2
WBGene00019710.,5,199,204
WBGene00019711.,87,1173,1260
WBGene00019712.,33,449,482
WBGene00019713.,127,1063,1190
WBGene00019714.,0,14,14
WBGene00019715.,110,428,538
WBGene00019716.,264,2742,3006
WBGene00019717.,91,594,685
WBGene00019718.,3,32,35
WBGene00019719.,4927,61803,66730
WBGene00019720.,96,615,711
WBGene00019721.,32,6,38
WBGene00019722.,4,17,21
WBGene00019723.,1,151,152
WBGene00019724.,63,258,321
WBGene00019725.,20,254,274
WBGene00019726.,558,795,1353
WBGene00019727.,248,4723,4971
WBGene00019728.,1,10,11
WBGene00019729.,54,394,448
WBGene00019730.,25,468,493
WBGene00019731.,22,42,64
WBGene00019732.,1,2134,2135
WBGene00019733.,508,1951,2459
WBGene00019734.,310,2919,3229
WBGene00019735.,6,10,16
WBGene00019736.,2,16,18
WBGene00019738.,55,718,773
WBGene00019739.,4,130,134
WBGene00019740.,0,0,0
WBGene00019741.,12,287,299
WBGene00019742.,38,99,137
WBGene00019743.,42,289,331
WBGene00019744.,183,1625,1808
WBGene00019745.,1,16,17
WBGene00019746.,59,161,220
WBGene00019747.,467,1790,2257
WBGene00019748.,524,6883,7407
WBGene00019749.,64,268,332
WBGene00019750.,1282,795,2077
WBGene00019751.,63,303,366
WBGene00019753.,283,1859,2142
WBGene00019754.,1,20,21
WBGene00019755.,2,1,3
WBGene00019756.,4,9,13
WBGene00019757.,493,2421,2914
WBGene00019758.,0,14,14
WBGene00019759.,35,33,68
WBGene00019760.,38,5579,5617
WBGene00019761.,3,4,7
WBGene00019762.,211,1956,2167
WBGene00019763.,18,61,79
WBGene00019764.,30,199,229
WBGene00019765.,9,205,214
WBGene00019766.,114,464,578
WBGene00019767.,15,6806,6821
WBGene00019768.,32,453,485
WBGene00019769.,4,34,38
WBGene00019770.,915,4195,5110
WBGene00019771.,438,1073,1511
WBGene00019772.,756,11227,11983
WBGene00019773.,0,8,8
WBGene00019774.,198,257,455
WBGene00019776.,21,74,95
WBGene00019777.,49,236,285
WBGene00019778.,33,367,400
WBGene00019779.,140,796,936
WBGene00019780.,1370,137197,138567
WBGene00019781.,190,601,791
WBGene00019782.,80,1560,1640
WBGene00019783.,5,5,10
WBGene00019784.,2,20,22
WBGene00019785.,5,13,18
WBGene00019786.,137,591,728
WBGene00019787.,210,424,634
WBGene00019788.,0,17,17
WBGene00019789.,0,820,820
WBGene00019791.,0,2,2
WBGene00019792.,34,441,475
WBGene00019793.,4,3,7
WBGene00019794.,1,7,8
WBGene00019795.,1,0,1
WBGene00019796.,3,4,7
WBGene00019797.,0,1,1
WBGene00019798.,0,0,0
WBGene00019799.,2,14,16
WBGene00019800.,21,1367,1388
WBGene00019801.,203,2073,2276
WBGene00019803.,6,186,192
WBGene00019804.,0,3,3
WBGene00019805.,94,1024,1118
WBGene00019806.,3,286,289
WBGene00019807.,83,460,543
WBGene00019808.,116,2509,2625
WBGene00019809.,0,1,1
WBGene00019810.,0,5,5
WBGene00019811.,15,249,264
WBGene00019812.,8,26,34
WBGene00019813.,18,588,606
WBGene00019814.,3,15,18
WBGene00019815.,6,0,6
WBGene00019816.,75,335,410
WBGene00019817.,2,15,17
WBGene00019818.,25,337,362
WBGene00019819.,39,647,686
WBGene00019820.,39,695,734
WBGene00019821.,124,1875,1999
WBGene00019822.,97,896,993
WBGene00019823.,87,980,1067
WBGene00019824.,62,570,632
WBGene00019825.,34,229,263
WBGene00019826.,4,29,33
WBGene00019827.,367,2299,2666
WBGene00019828.,8,77,85
WBGene00019829.,11,329,340
WBGene00019830.,68,743,811
WBGene00019831.,399,27147,27546
WBGene00019832.,49,94,143
WBGene00019833.,8,117,125
WBGene00019834.,0,10,10
WBGene00019835.,0,1,1
WBGene00019836.,63,854,917
WBGene00019837.,11,53,64
WBGene00019838.,250,2576,2826
WBGene00019839.,3,11,14
WBGene00019840.,50,1331,1381
WBGene00019841.,59,1135,1194
WBGene00019842.,735,983,1718
WBGene00019843.,75,499,574
WBGene00019844.,324,1395,1719
WBGene00019845.,19,83,102
WBGene00019846.,16,175,191
WBGene00019847.,703,1548,2251
WBGene00019849.,3,9,12
WBGene00019850.,1,0,1
WBGene00019851.,1,8,9
WBGene00019853.,8,80,88
WBGene00019854.,278,2411,2689
WBGene00019855.,202,558,760
WBGene00019856.,2,0,2
WBGene00019857.,3,2,5
WBGene00019858.,5,78,83
WBGene00019859.,2,77,79
WBGene00019861.,9,51,60
WBGene00019862.,31,685,716
WBGene00019863.,227,449,676
WBGene00019864.,50,328,378
WBGene00019865.,17,86,103
WBGene00019866.,13,45,58
WBGene00019867.,118,1026,1144
WBGene00019868.,10,35,45
WBGene00019869.,26,97,123
WBGene00019870.,4,145,149
WBGene00019871.,35,1157,1192
WBGene00019872.,345,869,1214
WBGene00019873.,70,441,511
WBGene00019874.,4,24,28
WBGene00019875.,108,1439,1547
WBGene00019877.,51,1933,1984
WBGene00019878.,10,164,174
WBGene00019879.,0,3,3
WBGene00019880.,0,0,0
WBGene00019881.,119,1303,1422
WBGene00019882.,146,630,776
WBGene00019883.,116,1778,1894
WBGene00019884.,157,1910,2067
WBGene00019885.,55,564,619
WBGene00019886.,0,3,3
WBGene00019887.,10,4,14
WBGene00019888.,276,2289,2565
WBGene00019890.,10,2496,2506
WBGene00019891.,25,42,67
WBGene00019892.,31,554,585
WBGene00019893.,39,2856,2895
WBGene00019894.,28,280,308
WBGene00019895.,183,2353,2536
WBGene00019896.,38,80,118
WBGene00019898.,96,904,1000
WBGene00019899.,165,531,696
WBGene00019900.,210,16058,16268
WBGene00019901.,6,13,19
WBGene00019902.,343,908,1251
WBGene00019903.,0,7,7
WBGene00019904.,209,2191,2400
WBGene00019905.,2,3,5
WBGene00019906.,5,163,168
WBGene00019907.,24,270,294
WBGene00019908.,431,1944,2375
WBGene00019909.,926,2971,3897
WBGene00019911.,86,541,627
WBGene00019912.,16,23,39
WBGene00019913.,17,9,26
WBGene00019914.,40,274,314
WBGene00019915.,87,550,637
WBGene00019916.,0,0,0
WBGene00019917.,1,3,4
WBGene00019918.,65,550,615
WBGene00019919.,1,2,3
WBGene00019920.,1,1,2
WBGene00019921.,0,2,2
WBGene00019922.,2,15,17
WBGene00019923.,0,20,20
WBGene00019924.,19,257,276
WBGene00019925.,1,5,6
WBGene00019926.,0,4,4
WBGene00019927.,3,15,18
WBGene00019928.,7,10,17
WBGene00019929.,4,5,9
WBGene00019930.,0,0,0
WBGene00019931.,0,3,3
WBGene00019932.,33,108,141
WBGene00019933.,4,5,9
WBGene00019934.,7,6,13
WBGene00019935.,82,163,245
WBGene00019937.,0,3902,3902
WBGene00019938.,72,464,536
WBGene00019939.,9,49,58
WBGene00019940.,193,2998,3191
WBGene00019941.,66,2015,2081
WBGene00019943.,55,413,468
WBGene00019944.,43,1434,1477
WBGene00019945.,0,0,0
WBGene00019946.,155,4368,4523
WBGene00019947.,17,11028,11045
WBGene00019948.,3,2,5
WBGene00019949.,1,6,7
WBGene00019950.,4,5,9
WBGene00019951.,3,12,15
WBGene00019952.,0,107,107
WBGene00019953.,130,1894,2024
WBGene00019954.,0,0,0
WBGene00019955.,218,691,909
WBGene00019956.,0,16,16
WBGene00019957.,27,149,176
WBGene00019959.,73,519,592
WBGene00019960.,385,1416,1801
WBGene00019961.,9,272,281
WBGene00019962.,49,545,594
WBGene00019963.,31,702,733
WBGene00019964.,47,281,328
WBGene00019965.,68,99,167
WBGene00019966.,4,13,17
WBGene00019967.,47,552,599
WBGene00019968.,8,146,154
WBGene00019969.,0,1,1
WBGene00019970.,2,524,526
WBGene00019971.,83,959,1042
WBGene00019972.,7,20,27
WBGene00019973.,8,15,23
WBGene00019975.,102,629,731
WBGene00019976.,0,0,0
WBGene00019977.,13,25,38
WBGene00019978.,12,91,103
WBGene00019979.,38,211,249
WBGene00019980.,3,9,12
WBGene00019981.,4,1,5
WBGene00019982.,28,24,52
WBGene00019983.,15,1213,1228
WBGene00019986.,20,291,311
WBGene00019987.,9,250,259
WBGene00019988.,9,550,559
WBGene00019989.,1,4,5
WBGene00019991.,2,4,6
WBGene00019992.,0,5,5
WBGene00019993.,58,1635,1693
WBGene00019994.,143,178,321
WBGene00019995.,100,543,643
WBGene00019996.,8,12,20
WBGene00019997.,12,61,73
WBGene00019998.,2046,16234,18280
WBGene00019999.,38,152,190
WBGene00020003.,17,14,31
WBGene00020004.,5,15,20
WBGene00020006.,70,253,323
WBGene00020007.,75,2689,2764
WBGene00020008.,29,184,213
WBGene00020010.,10,66,76
WBGene00020011.,197,1510,1707
WBGene00020012.,225,4099,4324
WBGene00020013.,0,0,0
WBGene00020014.,4,51,55
WBGene00020015.,4,36,40
WBGene00020016.,10,20,30
WBGene00020017.,12,37,49
WBGene00020018.,100,621,721
WBGene00020019.,14,38,52
WBGene00020020.,0,37,37
WBGene00020021.,0,9,9
WBGene00020022.,13,323,336
WBGene00020023.,65,747,812
WBGene00020025.,63,2395,2458
WBGene00020026.,163,1422,1585
WBGene00020027.,84,1567,1651
WBGene00020028.,33,395,428
WBGene00020029.,273,3345,3618
WBGene00020030.,35,869,904
WBGene00020031.,210,2161,2371
WBGene00020032.,2,2,4
WBGene00020033.,3,18,21
WBGene00020034.,9,55,64
WBGene00020035.,21,245,266
WBGene00020036.,110,1035,1145
WBGene00020037.,15,1202,1217
WBGene00020038.,201,4024,4225
WBGene00020039.,2,19,21
WBGene00020040.,2,9,11
WBGene00020041.,7,20,27
WBGene00020042.,1,3,4
WBGene00020043.,20,203,223
WBGene00020045.,56,448,504
WBGene00020046.,0,7,7
WBGene00020047.,111,1172,1283
WBGene00020048.,20,197,217
WBGene00020049.,12,883,895
WBGene00020050.,11,59,70
WBGene00020051.,71,811,882
WBGene00020052.,8,304,312
WBGene00020053.,0,0,0
WBGene00020054.,10,182,192
WBGene00020055.,0,2,2
WBGene00020056.,0,5,5
WBGene00020057.,7,11,18
WBGene00020058.,142,747,889
WBGene00020059.,2,8,10
WBGene00020060.,9,15,24
WBGene00020062.,15,355,370
WBGene00020063.,0,2,2
WBGene00020064.,598,1024,1622
WBGene00020065.,0,1,1
WBGene00020066.,5,5,10
WBGene00020067.,0,9,9
WBGene00020068.,126,1310,1436
WBGene00020069.,146,429,575
WBGene00020070.,0,0,0
WBGene00020071.,2,0,2
WBGene00020072.,0,0,0
WBGene00020073.,0,1,1
WBGene00020075.,4,110,114
WBGene00020076.,0,0,0
WBGene00020077.,0,0,0
WBGene00020078.,2,7,9
WBGene00020080.,4,20,24
WBGene00020081.,5,3,8
WBGene00020082.,332,1391,1723
WBGene00020083.,5,14,19
WBGene00020084.,0,0,0
WBGene00020086.,38,91,129
WBGene00020087.,94,275,369
WBGene00020088.,45,188,233
WBGene00020089.,278,336,614
WBGene00020090.,214,825,1039
WBGene00020091.,28,417,445
WBGene00020092.,423,3207,3630
WBGene00020093.,99,453,552
WBGene00020094.,45,833,878
WBGene00020095.,65,905,970
WBGene00020096.,5,460,465
WBGene00020097.,511,4450,4961
WBGene00020098.,23,483,506
WBGene00020099.,63,449,512
WBGene00020100.,56,201,257
WBGene00020101.,75,453,528
WBGene00020102.,158,753,911
WBGene00020103.,7,194,201
WBGene00020104.,70,513,583
WBGene00020105.,19,2,21
WBGene00020106.,608,4059,4667
WBGene00020107.,46,2008,2054
WBGene00020109.,30,1020,1050
WBGene00020110.,143,1493,1636
WBGene00020111.,76,715,791
WBGene00020112.,1107,9697,10804
WBGene00020113.,0,416,416
WBGene00020114.,4233,8761,12994
WBGene00020115.,560,3139,3699
WBGene00020116.,7,4,11
WBGene00020117.,2,8,10
WBGene00020118.,0,6,6
WBGene00020119.,2,5,7
WBGene00020120.,1,2,3
WBGene00020121.,1,3,4
WBGene00020122.,6,7,13
WBGene00020123.,0,5,5
WBGene00020125.,19,115,134
WBGene00020126.,146,2810,2956
WBGene00020127.,0,4,4
WBGene00020128.,113,8,121
WBGene00020129.,0,1,1
WBGene00020130.,53,148,201
WBGene00020131.,1247,2953,4200
WBGene00020134.,444,1370,1814
WBGene00020135.,244,5547,5791
WBGene00020136.,1,24,25
WBGene00020137.,28,340,368
WBGene00020138.,17,124,141
WBGene00020139.,12,63,75
WBGene00020140.,0,2,2
WBGene00020141.,58,679,737
WBGene00020142.,395,3174,3569
WBGene00020143.,638,7604,8242
WBGene00020144.,27,121,148
WBGene00020145.,15,4,19
WBGene00020146.,98,5968,6066
WBGene00020148.,25,1005,1030
WBGene00020149.,18,249,267
WBGene00020150.,10,2,12
WBGene00020151.,1,37,38
WBGene00020152.,41,159,200
WBGene00020153.,72,453,525
WBGene00020154.,0,7,7
WBGene00020155.,5,10766,10771
WBGene00020156.,83,9737,9820
WBGene00020157.,52,143,195
WBGene00020158.,208,2939,3147
WBGene00020160.,140,521,661
WBGene00020163.,206,826,1032
WBGene00020164.,7,250,257
WBGene00020166.,28,412,440
WBGene00020167.,2,20,22
WBGene00020168.,9,195,204
WBGene00020169.,27,594,621
WBGene00020170.,717,504,1221
WBGene00020171.,453,1085,1538
WBGene00020172.,70,270,340
WBGene00020173.,1,10,11
WBGene00020174.,3,1,4
WBGene00020175.,20,37,57
WBGene00020176.,0,4,4
WBGene00020177.,1,1,2
WBGene00020178.,0,4,4
WBGene00020179.,0,8,8
WBGene00020180.,3,0,3
WBGene00020181.,2422,19711,22133
WBGene00020182.,2,4,6
WBGene00020183.,20,229,249
WBGene00020184.,9,323,332
WBGene00020185.,10,3941,3951
WBGene00020187.,11,79,90
WBGene00020188.,32,517,549
WBGene00020189.,127,395,522
WBGene00020190.,338,2405,2743
WBGene00020191.,14,85,99
WBGene00020192.,177,18337,18514
WBGene00020193.,25,354,379
WBGene00020194.,21,175,196
WBGene00020195.,65,3943,4008
WBGene00020196.,105,227,332
WBGene00020197.,63,699,762
WBGene00020199.,12,222,234
WBGene00020200.,798,11509,12307
WBGene00020201.,6,38,44
WBGene00020202.,2,3,5
WBGene00020203.,13,2,15
WBGene00020204.,3,5,8
WBGene00020205.,0,5,5
WBGene00020207.,138,457,595
WBGene00020208.,1295,4420,5715
WBGene00020209.,865,2951,3816
WBGene00020210.,0,8,8
WBGene00020211.,0,5,5
WBGene00020212.,32,36,68
WBGene00020214.,58,371,429
WBGene00020215.,78,784,862
WBGene00020216.,8,1090,1098
WBGene00020217.,2,3,5
WBGene00020218.,3,20,23
WBGene00020219.,285,2639,2924
WBGene00020220.,14,362,376
WBGene00020221.,0,0,0
WBGene00020222.,17,201,218
WBGene00020223.,7,77,84
WBGene00020224.,67,454,521
WBGene00020225.,48,33,81
WBGene00020227.,1,5,6
WBGene00020228.,0,9,9
WBGene00020229.,96,7737,7833
WBGene00020230.,388,1142,1530
WBGene00020231.,36,108,144
WBGene00020232.,0,2,2
WBGene00020233.,5,65,70
WBGene00020234.,470,2591,3061
WBGene00020235.,268,986,1254
WBGene00020236.,50,91,141
WBGene00020237.,1,717,718
WBGene00020238.,4,37,41
WBGene00020239.,0,1,1
WBGene00020240.,0,10,10
WBGene00020241.,0,3,3
WBGene00020242.,0,597,597
WBGene00020243.,2,20,22
WBGene00020244.,0,31,31
WBGene00020245.,35,118,153
WBGene00020246.,156,5620,5776
WBGene00020247.,2,23,25
WBGene00020248.,18,311,329
WBGene00020249.,175,598,773
WBGene00020250.,7,15,22
WBGene00020251.,717,2741,3458
WBGene00020252.,13,46,59
WBGene00020254.,14,9,23
WBGene00020256.,10,59,69
WBGene00020258.,26,107,133
WBGene00020259.,57,759,816
WBGene00020260.,757,6408,7165
WBGene00020261.,1,5,6
WBGene00020262.,67,92,159
WBGene00020263.,127,506,633
WBGene00020264.,44,264,308
WBGene00020265.,0,4,4
WBGene00020266.,10,11,21
WBGene00020267.,2,15,17
WBGene00020268.,114,748,862
WBGene00020269.,794,1710,2504
WBGene00020270.,4,16,20
WBGene00020271.,3,1,4
WBGene00020273.,226,1021,1247
WBGene00020274.,36,772,808
WBGene00020275.,2911,26833,29744
WBGene00020276.,3,700,703
WBGene00020277.,1,9,10
WBGene00020279.,314,422,736
WBGene00020280.,18,60,78
WBGene00020281.,12,7,19
WBGene00020282.,7,5,12
WBGene00020283.,18,20,38
WBGene00020284.,424,1430,1854
WBGene00020285.,2,29,31
WBGene00020286.,19,2106,2125
WBGene00020287.,64,1956,2020
WBGene00020288.,5,9,14
WBGene00020289.,1,12,13
WBGene00020290.,1,4,5
WBGene00020291.,0,9,9
WBGene00020292.,2,5,7
WBGene00020293.,2,5,7
WBGene00020294.,447,756,1203
WBGene00020295.,20,241,261
WBGene00020296.,132,1444,1576
WBGene00020297.,5946,65924,71870
WBGene00020298.,138,1390,1528
WBGene00020299.,181,788,969
WBGene00020300.,4,144,148
WBGene00020301.,313,1439,1752
WBGene00020302.,0,379,379
WBGene00020304.,6,3,9
WBGene00020305.,2,2,4
WBGene00020306.,20,3,23
WBGene00020307.,92,427,519
WBGene00020308.,8,22,30
WBGene00020309.,16,5,21
WBGene00020311.,4,52,56
WBGene00020313.,14,148,162
WBGene00020314.,48,378,426
WBGene00020315.,113,4420,4533
WBGene00020316.,249,1058,1307
WBGene00020317.,212,13316,13528
WBGene00020318.,11,43,54
WBGene00020319.,6,113,119
WBGene00020320.,12,343,355
WBGene00020321.,22,1554,1576
WBGene00020322.,11,649,660
WBGene00020323.,12,40,52
WBGene00020324.,352,1602,1954
WBGene00020325.,3,32,35
WBGene00020326.,0,18,18
WBGene00020327.,0,5,5
WBGene00020328.,0,2,2
WBGene00020329.,15,163,178
WBGene00020330.,31,263,294
WBGene00020333.,2,9,11
WBGene00020334.,296,2296,2592
WBGene00020335.,38,271,309
WBGene00020338.,5,12,17
WBGene00020339.,14,764,778
WBGene00020340.,36,212,248
WBGene00020341.,122,865,987
WBGene00020342.,2,2,4
WBGene00020343.,33,215,248
WBGene00020345.,15,40,55
WBGene00020346.,392,1642,2034
WBGene00020347.,658,2850,3508
WBGene00020348.,13,851,864
WBGene00020349.,13,107,120
WBGene00020350.,0,1,1
WBGene00020351.,0,0,0
WBGene00020352.,3,6,9
WBGene00020353.,1,5,6
WBGene00020354.,1,0,1
WBGene00020356.,4,2,6
WBGene00020357.,17,9,26
WBGene00020358.,2,106,108
WBGene00020359.,2,57,59
WBGene00020360.,87,336,423
WBGene00020361.,57,22,79
WBGene00020362.,0,2,2
WBGene00020363.,136,1192,1328
WBGene00020364.,1,9,10
WBGene00020365.,26,45,71
WBGene00020366.,505,5897,6402
WBGene00020368.,42,584,626
WBGene00020369.,123,1728,1851
WBGene00020370.,7,116,123
WBGene00020371.,0,6,6
WBGene00020372.,14,48,62
WBGene00020373.,29,6395,6424
WBGene00020374.,2606,3218,5824
WBGene00020375.,8,179,187
WBGene00020376.,55,404,459
WBGene00020377.,16,140,156
WBGene00020378.,97,608,705
WBGene00020379.,43,1045,1088
WBGene00020380.,1026,1452,2478
WBGene00020381.,16,92,108
WBGene00020382.,206,3692,3898
WBGene00020383.,189,785,974
WBGene00020384.,1,2,3
WBGene00020385.,223,181,404
WBGene00020386.,4,49,53
WBGene00020388.,13,23,36
WBGene00020389.,394,8087,8481
WBGene00020390.,81,1234,1315
WBGene00020391.,50,12493,12543
WBGene00020392.,47,661,708
WBGene00020393.,16,361,377
WBGene00020394.,21,133,154
WBGene00020396.,36,163,199
WBGene00020397.,1176,14707,15883
WBGene00020398.,146,1487,1633
WBGene00020399.,118,943,1061
WBGene00020400.,6,3,9
WBGene00020401.,57,217,274
WBGene00020402.,104,1397,1501
WBGene00020403.,221,1226,1447
WBGene00020404.,34,550,584
WBGene00020406.,0,0,0
WBGene00020407.,65,902,967
WBGene00020408.,132,382,514
WBGene00020409.,1,4,5
WBGene00020410.,0,0,0
WBGene00020411.,21,486,507
WBGene00020412.,65,630,695
WBGene00020413.,68,476,544
WBGene00020414.,2,1,3
WBGene00020415.,9,40,49
WBGene00020416.,2,0,2
WBGene00020417.,69,6917,6986
WBGene00020418.,34,99,133
WBGene00020419.,5,41,46
WBGene00020420.,7,52,59
WBGene00020421.,12,7,19
WBGene00020422.,42,650,692
WBGene00020423.,14,1492,1506
WBGene00020424.,3,54,57
WBGene00020425.,75,628,703
WBGene00020426.,12,311,323
WBGene00020427.,76,586,662
WBGene00020428.,1,4,5
WBGene00020430.,9,13,22
WBGene00020431.,7,12,19
WBGene00020432.,9,3,12
WBGene00020433.,0,0,0
WBGene00020434.,2,4,6
WBGene00020435.,2,3,5
WBGene00020436.,278,291,569
WBGene00020437.,9,1136,1145
WBGene00020438.,0,0,0
WBGene00020439.,0,3,3
WBGene00020440.,1,3,4
WBGene00020441.,75,551,626
WBGene00020442.,50,873,923
WBGene00020443.,205,801,1006
WBGene00020444.,31,97,128
WBGene00020445.,13,123,136
WBGene00020446.,51,1547,1598
WBGene00020447.,299,2298,2597
WBGene00020448.,2,19,21
WBGene00020449.,2,91,93
WBGene00020450.,15,505,520
WBGene00020451.,19,208,227
WBGene00020452.,0,0,0
WBGene00020453.,5,70,75
WBGene00020454.,0,4,4
WBGene00020455.,24,365,389
WBGene00020456.,17,157,174
WBGene00020457.,32,648,680
WBGene00020458.,5,37,42
WBGene00020459.,0,0,0
WBGene00020460.,2,18,20
WBGene00020461.,31,126,157
WBGene00020462.,213,1010,1223
WBGene00020463.,24,671,695
WBGene00020464.,8,435,443
WBGene00020465.,20,11,31
WBGene00020466.,11,385,396
WBGene00020467.,15,58,73
WBGene00020468.,5,2,7
WBGene00020469.,0,0,0
WBGene00020471.,16,63,79
WBGene00020472.,2,1,3
WBGene00020473.,3,9,12
WBGene00020474.,9,38,47
WBGene00020475.,185,2118,2303
WBGene00020476.,2,1,3
WBGene00020478.,43,35,78
WBGene00020479.,43,226,269
WBGene00020480.,92,754,846
WBGene00020481.,204,2577,2781
WBGene00020482.,25,79,104
WBGene00020483.,2,7,9
WBGene00020484.,2,3,5
WBGene00020485.,10,33,43
WBGene00020486.,79,402,481
WBGene00020487.,0,1,1
WBGene00020488.,4,118,122
WBGene00020489.,123,266,389
WBGene00020490.,170,428,598
WBGene00020491.,20,261,281
WBGene00020492.,1,5,6
WBGene00020494.,21,87,108
WBGene00020496.,372,2897,3269
WBGene00020497.,3,1928,1931
WBGene00020498.,84,698,782
WBGene00020499.,80,394,474
WBGene00020500.,89,967,1056
WBGene00020501.,13,71,84
WBGene00020502.,164,599,763
WBGene00020503.,8,17,25
WBGene00020504.,783,1475,2258
WBGene00020505.,11,38,49
WBGene00020506.,104,206,310
WBGene00020507.,58,2492,2550
WBGene00020508.,22,486,508
WBGene00020509.,316,1047,1363
WBGene00020510.,43,823,866
WBGene00020511.,111,2628,2739
WBGene00020515.,1,1,2
WBGene00020516.,23,232,255
WBGene00020517.,62,3114,3176
WBGene00020520.,5,4,9
WBGene00020522.,19,34,53
WBGene00020523.,1,1,2
WBGene00020524.,4,6,10
WBGene00020525.,0,0,0
WBGene00020526.,1,0,1
WBGene00020527.,31,60,91
WBGene00020528.,31,38,69
WBGene00020530.,536,2103,2639
WBGene00020531.,3,10,13
WBGene00020532.,2,26,28
WBGene00020533.,3,2,5
WBGene00020534.,0,1,1
WBGene00020535.,0,1,1
WBGene00020536.,0,0,0
WBGene00020537.,0,5,5
WBGene00020539.,0,5,5
WBGene00020540.,58,646,704
WBGene00020541.,1,2,3
WBGene00020542.,0,8,8
WBGene00020543.,0,0,0
WBGene00020544.,0,3,3
WBGene00020545.,0,2,2
WBGene00020546.,5,3,8
WBGene00020547.,2,0,2
WBGene00020548.,0,0,0
WBGene00020549.,3,867,870
WBGene00020550.,0,8,8
WBGene00020551.,14,99,113
WBGene00020553.,64,1592,1656
WBGene00020554.,31,112,143
WBGene00020555.,14,129,143
WBGene00020556.,84,272,356
WBGene00020557.,239,1961,2200
WBGene00020558.,70,464,534
WBGene00020559.,16,60,76
WBGene00020560.,27,6,33
WBGene00020561.,140,846,986
WBGene00020562.,134,3033,3167
WBGene00020563.,210,2109,2319
WBGene00020564.,20,200,220
WBGene00020565.,8,503,511
WBGene00020566.,28,179,207
WBGene00020567.,24,66,90
WBGene00020568.,413,3222,3635
WBGene00020569.,24,77,101
WBGene00020571.,12,20,32
WBGene00020572.,80,331,411
WBGene00020573.,17,187,204
WBGene00020574.,21,99,120
WBGene00020575.,48,245,293
WBGene00020576.,0,47,47
WBGene00020577.,17,759,776
WBGene00020578.,4,80,84
WBGene00020579.,61,321,382
WBGene00020580.,3,24,27
WBGene00020581.,356,1337,1693
WBGene00020582.,16,242,258
WBGene00020583.,1,9,10
WBGene00020584.,1,2,3
WBGene00020585.,367,6899,7266
WBGene00020586.,94,442,536
WBGene00020587.,17,135,152
WBGene00020588.,111,2172,2283
WBGene00020589.,59,603,662
WBGene00020590.,8,2,10
WBGene00020591.,9,11,20
WBGene00020592.,66,487,553
WBGene00020593.,21,237,258
WBGene00020594.,0,6,6
WBGene00020595.,85,604,689
WBGene00020596.,100,1156,1256
WBGene00020598.,3,12,15
WBGene00020599.,13,84,97
WBGene00020600.,102,518,620
WBGene00020601.,53,1299,1352
WBGene00020602.,7,20,27
WBGene00020603.,0,0,0
WBGene00020604.,37,2743,2780
WBGene00020605.,71,539,610
WBGene00020607.,0,3,3
WBGene00020608.,2,8,10
WBGene00020609.,11,6,17
WBGene00020611.,10,2,12
WBGene00020612.,14,118,132
WBGene00020613.,0,1,1
WBGene00020614.,2,1,3
WBGene00020615.,4,7,11
WBGene00020616.,0,3,3
WBGene00020617.,1,5,6
WBGene00020618.,1,1,2
WBGene00020619.,33,118,151
WBGene00020620.,0,5,5
WBGene00020622.,0,1,1
WBGene00020623.,1,2,3
WBGene00020624.,0,1,1
WBGene00020625.,14,439,453
WBGene00020626.,18,77,95
WBGene00020627.,48,75,123
WBGene00020628.,124,1052,1176
WBGene00020629.,49,1347,1396
WBGene00020630.,62,582,644
WBGene00020631.,0,13,13
WBGene00020632.,86,253,339
WBGene00020633.,54,461,515
WBGene00020634.,21,65,86
WBGene00020635.,3,17,20
WBGene00020636.,34,3927,3961
WBGene00020637.,4,10,14
WBGene00020638.,9,44,53
WBGene00020639.,0,9,9
WBGene00020640.,0,7,7
WBGene00020641.,0,4,4
WBGene00020642.,0,1,1
WBGene00020645.,0,0,0
WBGene00020646.,4,14,18
WBGene00020647.,68,1545,1613
WBGene00020648.,28,78,106
WBGene00020649.,176,726,902
WBGene00020650.,4,23,27
WBGene00020651.,77,977,1054
WBGene00020652.,30,346,376
WBGene00020653.,4,1,5
WBGene00020655.,7,4,11
WBGene00020656.,1,4,5
WBGene00020657.,57,81,138
WBGene00020658.,54,2072,2126
WBGene00020659.,0,1,1
WBGene00020660.,0,2,2
WBGene00020661.,0,2,2
WBGene00020662.,245,3028,3273
WBGene00020663.,56,231,287
WBGene00020664.,109,142,251
WBGene00020665.,0,11,11
WBGene00020666.,2,5,7
WBGene00020667.,5,14,19
WBGene00020669.,10,1,11
WBGene00020670.,1,1,2
WBGene00020672.,204,53,257
WBGene00020673.,44,644,688
WBGene00020674.,4,12,16
WBGene00020675.,13,79,92
WBGene00020678.,304,1633,1937
WBGene00020679.,306,10908,11214
WBGene00020680.,3,0,3
WBGene00020682.,229,1868,2097
WBGene00020683.,19,1948,1967
WBGene00020684.,4,248,252
WBGene00020686.,32,8,40
WBGene00020687.,44,1006,1050
WBGene00020688.,6,15,21
WBGene00020689.,243,918,1161
WBGene00020690.,166,687,853
WBGene00020691.,6,10,16
WBGene00020692.,9,77,86
WBGene00020693.,69,319,388
WBGene00020694.,63,161,224
WBGene00020695.,182,4016,4198
WBGene00020696.,230,4898,5128
WBGene00020697.,75,163,238
WBGene00020698.,0,14,14
WBGene00020699.,16,77,93
WBGene00020700.,1,24,25
WBGene00020701.,53,224,277
WBGene00020702.,22,26,48
WBGene00020703.,99,1202,1301
WBGene00020705.,619,2782,3401
WBGene00020706.,825,1938,2763
WBGene00020707.,9,22,31
WBGene00020708.,3,96,99
WBGene00020709.,17,1075,1092
WBGene00020710.,37,3774,3811
WBGene00020711.,0,0,0
WBGene00020712.,75,158,233
WBGene00020713.,1,10,11
WBGene00020714.,60,881,941
WBGene00020715.,0,3,3
WBGene00020716.,15,173,188
WBGene00020717.,102,590,692
WBGene00020718.,28,746,774
WBGene00020719.,52,1168,1220
WBGene00020720.,9,97,106
WBGene00020721.,35,380,415
WBGene00020722.,509,7199,7708
WBGene00020725.,16,420,436
WBGene00020726.,27,306,333
WBGene00020727.,16,125,141
WBGene00020728.,19,14,33
WBGene00020729.,60,213,273
WBGene00020730.,4,168,172
WBGene00020732.,890,9381,10271
WBGene00020735.,223,1193,1416
WBGene00020736.,1810,3777,5587
WBGene00020737.,322,1185,1507
WBGene00020738.,46,1696,1742
WBGene00020739.,6,5,11
WBGene00020740.,49,867,916
WBGene00020741.,4,244,248
WBGene00020742.,99,705,804
WBGene00020743.,18,125,143
WBGene00020744.,3,212,215
WBGene00020746.,2,16,18
WBGene00020747.,0,35,35
WBGene00020748.,53,251,304
WBGene00020749.,5,22,27
WBGene00020750.,4,27,31
WBGene00020751.,1,1,2
WBGene00020752.,0,0,0
WBGene00020753.,0,3,3
WBGene00020754.,0,0,0
WBGene00020755.,1,7,8
WBGene00020756.,37,334,371
WBGene00020757.,36,661,697
WBGene00020758.,69,299,368
WBGene00020759.,17,135,152
WBGene00020760.,98,636,734
WBGene00020761.,65,620,685
WBGene00020762.,190,2734,2924
WBGene00020763.,67,712,779
WBGene00020764.,6,36,42
WBGene00020765.,67,171,238
WBGene00020766.,0,4,4
WBGene00020767.,61,1258,1319
WBGene00020769.,18,30,48
WBGene00020770.,332,190,522
WBGene00020771.,1,7,8
WBGene00020772.,1,7,8
WBGene00020773.,8,6,14
WBGene00020774.,22,82,104
WBGene00020775.,3,8,11
WBGene00020777.,71,321,392
WBGene00020778.,14,81,95
WBGene00020779.,374,1836,2210
WBGene00020781.,201,3804,4005
WBGene00020782.,36,304,340
WBGene00020783.,75,359,434
WBGene00020784.,46,375,421
WBGene00020785.,3,7,10
WBGene00020786.,48,260,308
WBGene00020787.,6,6,12
WBGene00020788.,6,41,47
WBGene00020789.,0,55,55
WBGene00020790.,25,209,234
WBGene00020791.,3,18,21
WBGene00020792.,15,58,73
WBGene00020793.,10,11,21
WBGene00020794.,6,6,12
WBGene00020795.,61,21,82
WBGene00020796.,26,1665,1691
WBGene00020797.,10,15,25
WBGene00020798.,81,262,343
WBGene00020799.,12,429,441
WBGene00020800.,13,162,175
WBGene00020801.,12,280,292
WBGene00020802.,0,9,9
WBGene00020803.,1,20,21
WBGene00020804.,8,62,70
WBGene00020805.,0,37,37
WBGene00020806.,56,470,526
WBGene00020807.,27,60,87
WBGene00020808.,8059,80445,88504
WBGene00020809.,8,7,15
WBGene00020811.,105,665,770
WBGene00020812.,904,10354,11258
WBGene00020813.,9,18,27
WBGene00020817.,0,182,182
WBGene00020819.,22,507,529
WBGene00020820.,19,530,549
WBGene00020821.,130,2284,2414
WBGene00020822.,106,819,925
WBGene00020823.,58,282,340
WBGene00020824.,235,1364,1599
WBGene00020825.,48,395,443
WBGene00020826.,14,51,65
WBGene00020827.,483,3117,3600
WBGene00020829.,14,8,22
WBGene00020830.,111,476,587
WBGene00020831.,91,2585,2676
WBGene00020832.,10,5,15
WBGene00020833.,13,90,103
WBGene00020834.,17,31,48
WBGene00020835.,38,0,38
WBGene00020836.,40,982,1022
WBGene00020837.,8,187,195
WBGene00020838.,130,2074,2204
WBGene00020839.,45,629,674
WBGene00020840.,0,42,42
WBGene00020841.,6,11,17
WBGene00020842.,25,292,317
WBGene00020843.,14,323,337
WBGene00020844.,0,472,472
WBGene00020845.,1,4,5
WBGene00020846.,171,1475,1646
WBGene00020847.,62,490,552
WBGene00020849.,31,119,150
WBGene00020850.,7,36,43
WBGene00020851.,9,28,37
WBGene00020852.,242,1523,1765
WBGene00020853.,14,77,91
WBGene00020854.,390,11721,12111
WBGene00020855.,60,28,88
WBGene00020856.,6,27,33
WBGene00020857.,12,58,70
WBGene00020858.,68,147,215
WBGene00020859.,19,158,177
WBGene00020860.,0,50,50
WBGene00020861.,142,514,656
WBGene00020862.,904,11268,12172
WBGene00020863.,14,36,50
WBGene00020864.,43,112,155
WBGene00020865.,208,2026,2234
WBGene00020866.,399,706,1105
WBGene00020867.,431,2018,2449
WBGene00020868.,846,8833,9679
WBGene00020869.,280,5105,5385
WBGene00020870.,3,70,73
WBGene00020871.,0,0,0
WBGene00020872.,9,181,190
WBGene00020873.,44,790,834
WBGene00020874.,3,14,17
WBGene00020875.,1,8,9
WBGene00020877.,2,31,33
WBGene00020878.,26,380,406
WBGene00020879.,0,12,12
WBGene00020880.,1,7,8
WBGene00020881.,20,318,338
WBGene00020882.,3,5,8
WBGene00020883.,8,505,513
WBGene00020884.,533,2888,3421
WBGene00020885.,53,96,149
WBGene00020886.,917,59500,60417
WBGene00020887.,153,931,1084
WBGene00020888.,5,3,8
WBGene00020889.,5,25,30
WBGene00020890.,4,3,7
WBGene00020891.,539,2965,3504
WBGene00020892.,3,10,13
WBGene00020893.,18,50,68
WBGene00020894.,1430,45538,46968
WBGene00020895.,830,3649,4479
WBGene00020896.,6,565,571
WBGene00020897.,275,825,1100
WBGene00020898.,2,161,163
WBGene00020899.,0,3,3
WBGene00020900.,7,6,13
WBGene00020901.,73,602,675
WBGene00020902.,210,407,617
WBGene00020903.,14,84,98
WBGene00020904.,33,161,194
WBGene00020905.,0,5,5
WBGene00020906.,8,19,27
WBGene00020908.,55,306,361
WBGene00020909.,213,1615,1828
WBGene00020910.,20,412,432
WBGene00020911.,20,80,100
WBGene00020912.,228,5674,5902
WBGene00020913.,6,23,29
WBGene00020914.,12,4,16
WBGene00020915.,42,4679,4721
WBGene00020917.,543,5884,6427
WBGene00020918.,2,0,2
WBGene00020919.,31,174,205
WBGene00020920.,40,135,175
WBGene00020921.,59,1226,1285
WBGene00020922.,0,25,25
WBGene00020923.,0,18,18
WBGene00020924.,34,158,192
WBGene00020927.,60,2,62
WBGene00020929.,200,1715,1915
WBGene00020930.,4418,11433,15851
WBGene00020931.,89,13598,13687
WBGene00020932.,353,1648,2001
WBGene00020933.,45,926,971
WBGene00020935.,151,1089,1240
WBGene00020936.,46,662,708
WBGene00020937.,33,997,1030
WBGene00020938.,2,9,11
WBGene00020939.,39,893,932
WBGene00020940.,2,0,2
WBGene00020941.,12,35,47
WBGene00020942.,241,1819,2060
WBGene00020943.,16,37,53
WBGene00020944.,8,14,22
WBGene00020945.,52,3,55
WBGene00020946.,254,3744,3998
WBGene00020947.,181,392,573
WBGene00020948.,7,180,187
WBGene00020949.,19,424,443
WBGene00020950.,236,9636,9872
WBGene00020951.,296,3267,3563
WBGene00020952.,206,255,461
WBGene00020953.,0,24,24
WBGene00020954.,108,1189,1297
WBGene00020955.,277,261,538
WBGene00020957.,150,280,430
WBGene00020961.,9,4,13
WBGene00020962.,33,229,262
WBGene00020964.,111,790,901
WBGene00020966.,9,24,33
WBGene00020967.,3,30,33
WBGene00020970.,114,538,652
WBGene00020971.,0,1,1
WBGene00020972.,10,23,33
WBGene00020973.,20,177,197
WBGene00020974.,0,4,4
WBGene00020976.,38,143,181
WBGene00020977.,12,6,18
WBGene00020978.,0,1,1
WBGene00020979.,0,3,3
WBGene00020981.,23,163,186
WBGene00020982.,1,2,3
WBGene00020983.,4,7,11
WBGene00020984.,2,1,3
WBGene00020985.,1,140,141
WBGene00020986.,8,8,16
WBGene00020987.,4,5,9
WBGene00020988.,0,1,1
WBGene00020989.,2,20,22
WBGene00020990.,0,2,2
WBGene00020991.,0,1,1
WBGene00020992.,3,6,9
WBGene00020993.,14,685,699
WBGene00020994.,35,2857,2892
WBGene00020995.,117,1483,1600
WBGene00020997.,79,180,259
WBGene00020999.,58,326,384
WBGene00021000.,21,647,668
WBGene00021001.,17,17,34
WBGene00021002.,37,400,437
WBGene00021003.,2,4,6
WBGene00021004.,178,2003,2181
WBGene00021005.,8,12,20
WBGene00021006.,0,3,3
WBGene00021007.,2,12,14
WBGene00021008.,9,19,28
WBGene00021009.,1459,2481,3940
WBGene00021010.,3,8,11
WBGene00021011.,0,955,955
WBGene00021012.,58,419,477
WBGene00021013.,0,51,51
WBGene00021014.,10,297,307
WBGene00021015.,1,140,141
WBGene00021016.,4,8,12
WBGene00021017.,10,82,92
WBGene00021018.,0,15,15
WBGene00021019.,13,34,47
WBGene00021020.,537,813,1350
WBGene00021021.,227,819,1046
WBGene00021022.,262,619,881
WBGene00021023.,0,3,3
WBGene00021024.,244,2734,2978
WBGene00021025.,15,28,43
WBGene00021026.,133,1926,2059
WBGene00021027.,34,109,143
WBGene00021028.,12,8,20
WBGene00021029.,0,76,76
WBGene00021030.,0,20,20
WBGene00021031.,8,105,113
WBGene00021032.,10,2,12
WBGene00021033.,1,14,15
WBGene00021034.,1,38,39
WBGene00021035.,18,300,318
WBGene00021036.,1537,10390,11927
WBGene00021037.,34,251,285
WBGene00021038.,214,1357,1571
WBGene00021039.,53,259,312
WBGene00021040.,14,172,186
WBGene00021041.,1,3,4
WBGene00021042.,10,106,116
WBGene00021043.,789,31882,32671
WBGene00021044.,167,1254,1421
WBGene00021045.,2,24,26
WBGene00021046.,117,700,817
WBGene00021047.,505,2883,3388
WBGene00021048.,271,1513,1784
WBGene00021049.,103,1094,1197
WBGene00021050.,0,62384,62384
WBGene00021051.,58,972,1030
WBGene00021052.,25,124,149
WBGene00021053.,6,25,31
WBGene00021054.,1,7,8
WBGene00021055.,56,369,425
WBGene00021056.,14,148,162
WBGene00021057.,39,1052,1091
WBGene00021058.,193,435,628
WBGene00021059.,232,883,1115
WBGene00021060.,62,476,538
WBGene00021061.,53,526,579
WBGene00021063.,37,608,645
WBGene00021066.,5,133,138
WBGene00021067.,9,18,27
WBGene00021068.,582,2167,2749
WBGene00021070.,15,24,39
WBGene00021072.,9,8,17
WBGene00021073.,82,1437,1519
WBGene00021074.,98,2659,2757
WBGene00021075.,5350,229,5579
WBGene00021076.,42,415,457
WBGene00021078.,1175,4259,5434
WBGene00021079.,4983,33658,38641
WBGene00021080.,956,2672,3628
WBGene00021081.,47,47,94
WBGene00021082.,8,371,379
WBGene00021083.,0,1,1
WBGene00021084.,0,0,0
WBGene00021085.,0,0,0
WBGene00021086.,0,0,0
WBGene00021087.,8,8,16
WBGene00021088.,17,1633,1650
WBGene00021089.,31,3758,3789
WBGene00021090.,2,2,4
WBGene00021091.,0,11,11
WBGene00021092.,0,0,0
WBGene00021093.,22,1150,1172
WBGene00021094.,29,163,192
WBGene00021095.,13,17,30
WBGene00021096.,11,6,17
WBGene00021097.,87,1204,1291
WBGene00021098.,0,0,0
WBGene00021099.,6,19,25
WBGene00021100.,9,35,44
WBGene00021101.,2,11,13
WBGene00021103.,200,1062,1262
WBGene00021104.,172,631,803
WBGene00021106.,0,0,0
WBGene00021107.,0,0,0
WBGene00021108.,0,0,0
WBGene00021109.,0,2,2
WBGene00021110.,4,3,7
WBGene00021111.,20,96,116
WBGene00021112.,5,744,749
WBGene00021113.,1,0,1
WBGene00021114.,5,186,191
WBGene00021115.,0,4,4
WBGene00021116.,64,424,488
WBGene00021117.,1,21,22
WBGene00021118.,4,7,11
WBGene00021120.,2,10,12
WBGene00021121.,96,1110,1206
WBGene00021122.,1,5,6
WBGene00021123.,24,438,462
WBGene00021124.,45,120,165
WBGene00021125.,14,42,56
WBGene00021127.,31,480,511
WBGene00021128.,37,372,409
WBGene00021129.,11,21,32
WBGene00021130.,16,21,37
WBGene00021131.,78,424,502
WBGene00021132.,131,530,661
WBGene00021133.,91,859,950
WBGene00021134.,32,373,405
WBGene00021135.,7,64,71
WBGene00021136.,2,13,15
WBGene00021137.,0,1,1
WBGene00021138.,0,0,0
WBGene00021139.,0,1,1
WBGene00021140.,1,1,2
WBGene00021141.,2,0,2
WBGene00021142.,0,0,0
WBGene00021143.,0,0,0
WBGene00021144.,2,0,2
WBGene00021145.,0,4,4
WBGene00021146.,51,160,211
WBGene00021148.,9,103,112
WBGene00021149.,107,908,1015
WBGene00021150.,0,5,5
WBGene00021151.,5,1,6
WBGene00021152.,75,188,263
WBGene00021153.,8,9,17
WBGene00021154.,2,22,24
WBGene00021155.,11,333,344
WBGene00021156.,91,352,443
WBGene00021157.,46,152,198
WBGene00021158.,2,21,23
WBGene00021159.,96,251,347
WBGene00021160.,35,145,180
WBGene00021161.,728,8111,8839
WBGene00021162.,0,1,1
WBGene00021163.,16,341,357
WBGene00021164.,7,5,12
WBGene00021165.,0,3,3
WBGene00021166.,4,10,14
WBGene00021167.,74,1219,1293
WBGene00021168.,2,64,66
WBGene00021169.,1,3,4
WBGene00021170.,42,1032,1074
WBGene00021171.,326,2281,2607
WBGene00021173.,3,4,7
WBGene00021174.,0,1,1
WBGene00021175.,5,13,18
WBGene00021176.,467,3516,3983
WBGene00021177.,1,1,2
WBGene00021178.,12,172,184
WBGene00021179.,1,1,2
WBGene00021180.,7,18,25
WBGene00021181.,4,2,6
WBGene00021182.,9,16,25
WBGene00021183.,16,84,100
WBGene00021184.,0,4,4
WBGene00021185.,171,833,1004
WBGene00021186.,59,138,197
WBGene00021187.,5,1843,1848
WBGene00021188.,1,2,3
WBGene00021190.,5,48,53
WBGene00021191.,155,1038,1193
WBGene00021192.,19,311,330
WBGene00021193.,1,6,7
WBGene00021195.,8,42,50
WBGene00021196.,7,25,32
WBGene00021197.,0,0,0
WBGene00021198.,3,11,14
WBGene00021199.,8,27,35
WBGene00021200.,60,245,305
WBGene00021201.,13,744,757
WBGene00021202.,71,1168,1239
WBGene00021204.,10,96,106
WBGene00021205.,60,1339,1399
WBGene00021207.,5,9,14
WBGene00021208.,105,1439,1544
WBGene00021209.,271,709,980
WBGene00021210.,97,1236,1333
WBGene00021212.,8,4,12
WBGene00021213.,39,29,68
WBGene00021214.,10,23,33
WBGene00021215.,89,158,247
WBGene00021216.,0,0,0
WBGene00021217.,0,0,0
WBGene00021218.,0,0,0
WBGene00021219.,0,0,0
WBGene00021220.,0,12,12
WBGene00021221.,0,0,0
WBGene00021222.,0,1,1
WBGene00021223.,0,0,0
WBGene00021224.,0,0,0
WBGene00021225.,0,0,0
WBGene00021226.,0,0,0
WBGene00021227.,0,0,0
WBGene00021228.,0,0,0
WBGene00021230.,4,4,8
WBGene00021232.,8,50,58
WBGene00021233.,6,4,10
WBGene00021234.,6,0,6
WBGene00021235.,3,3,6
WBGene00021236.,0,180,180
WBGene00021237.,392,1100,1492
WBGene00021238.,467,213,680
WBGene00021239.,446,832,1278
WBGene00021241.,0,1,1
WBGene00021243.,0,9,9
WBGene00021244.,65,56,121
WBGene00021245.,64,420,484
WBGene00021246.,47,387,434
WBGene00021247.,38,74,112
WBGene00021248.,123,1668,1791
WBGene00021249.,4,11,15
WBGene00021252.,15,0,15
WBGene00021253.,334,4960,5294
WBGene00021254.,175,216,391
WBGene00021256.,20,17,37
WBGene00021257.,20,61,81
WBGene00021259.,25,23,48
WBGene00021260.,390,2118,2508
WBGene00021261.,6,6,12
WBGene00021262.,3,28,31
WBGene00021263.,2,3,5
WBGene00021264.,59,811,870
WBGene00021265.,13,83,96
WBGene00021266.,2,0,2
WBGene00021267.,15,91,106
WBGene00021268.,116,2687,2803
WBGene00021269.,63,348,411
WBGene00021270.,4,933,937
WBGene00021271.,29,109,138
WBGene00021272.,64,1031,1095
WBGene00021273.,1,3,4
WBGene00021274.,47,438,485
WBGene00021275.,135,183,318
WBGene00021276.,223,351,574
WBGene00021277.,90,1530,1620
WBGene00021278.,20,76,96
WBGene00021279.,1,7,8
WBGene00021280.,0,4,4
WBGene00021281.,2288,6259,8547
WBGene00021282.,16,108,124
WBGene00021284.,5,13,18
WBGene00021285.,0,19,19
WBGene00021286.,163,1634,1797
WBGene00021287.,5,25,30
WBGene00021288.,6,1,7
WBGene00021289.,2,5,7
WBGene00021290.,0,0,0
WBGene00021291.,1,3,4
WBGene00021292.,212,1110,1322
WBGene00021293.,0,5,5
WBGene00021294.,214,466,680
WBGene00021295.,208,692,900
WBGene00021296.,26,838,864
WBGene00021297.,4,109,113
WBGene00021298.,2,1,3
WBGene00021299.,0,2,2
WBGene00021300.,0,0,0
WBGene00021301.,22,25,47
WBGene00021302.,4,2,6
WBGene00021303.,0,2,2
WBGene00021304.,94,176,270
WBGene00021305.,823,791,1614
WBGene00021309.,26,297,323
WBGene00021310.,8,34,42
WBGene00021311.,81,811,892
WBGene00021312.,116,3118,3234
WBGene00021313.,141,837,978
WBGene00021314.,60,578,638
WBGene00021315.,47,770,817
WBGene00021316.,435,4956,5391
WBGene00021317.,1,0,1
WBGene00021319.,116,494,610
WBGene00021320.,163,782,945
WBGene00021321.,29,101,130
WBGene00021322.,208,1411,1619
WBGene00021323.,54,475,529
WBGene00021324.,93,445,538
WBGene00021325.,125,742,867
WBGene00021326.,13,97,110
WBGene00021327.,878,2227,3105
WBGene00021328.,64,413,477
WBGene00021329.,128,681,809
WBGene00021331.,62,1645,1707
WBGene00021332.,207,215,422
WBGene00021333.,118,342,460
WBGene00021334.,879,957,1836
WBGene00021335.,0,5,5
WBGene00021336.,9,129,138
WBGene00021337.,10,47,57
WBGene00021338.,14,100,114
WBGene00021339.,8,19,27
WBGene00021340.,319,2074,2393
WBGene00021342.,62,32,94
WBGene00021343.,49,95,144
WBGene00021344.,164,146,310
WBGene00021345.,0,17,17
WBGene00021346.,186,1065,1251
WBGene00021347.,112,1696,1808
WBGene00021348.,126,1761,1887
WBGene00021349.,59,321,380
WBGene00021350.,36573,275914,312487
WBGene00021351.,50,970,1020
WBGene00021352.,344,4399,4743
WBGene00021353.,106,281,387
WBGene00021354.,25,54,79
WBGene00021355.,1446,10069,11515
WBGene00021357.,87,204,291
WBGene00021358.,6,27,33
WBGene00021359.,133,1117,1250
WBGene00021360.,1,3,4
WBGene00021362.,94,174,268
WBGene00021363.,220,367,587
WBGene00021364.,0,14,14
WBGene00021365.,198,1062,1260
WBGene00021366.,157,909,1066
WBGene00021367.,19,361,380
WBGene00021368.,4,3,7
WBGene00021369.,272,1741,2013
WBGene00021370.,295,2090,2385
WBGene00021371.,118,973,1091
WBGene00021372.,12,358,370
WBGene00021373.,1,2,3
WBGene00021374.,154,632,786
WBGene00021375.,57,1175,1232
WBGene00021376.,106,518,624
WBGene00021377.,65,1476,1541
WBGene00021378.,92,845,937
WBGene00021379.,15,113,128
WBGene00021380.,3,1,4
WBGene00021381.,5,11,16
WBGene00021382.,2749,3002,5751
WBGene00021383.,23,24,47
WBGene00021384.,7,16,23
WBGene00021385.,0,35,35
WBGene00021386.,25,28,53
WBGene00021387.,48,279,327
WBGene00021388.,94,395,489
WBGene00021389.,13,19,32
WBGene00021390.,2,6,8
WBGene00021391.,15,457,472
WBGene00021392.,43,978,1021
WBGene00021394.,180,882,1062
WBGene00021395.,329,2392,2721
WBGene00021396.,38,107,145
WBGene00021397.,2,38,40
WBGene00021398.,0,6,6
WBGene00021400.,69,450,519
WBGene00021401.,21,555,576
WBGene00021402.,73,653,726
WBGene00021403.,0,0,0
WBGene00021404.,1,0,1
WBGene00021405.,0,0,0
WBGene00021406.,0,0,0
WBGene00021407.,0,0,0
WBGene00021408.,0,0,0
WBGene00021409.,0,0,0
WBGene00021410.,31,25,56
WBGene00021412.,14,55,69
WBGene00021413.,15,3,18
WBGene00021414.,1,7,8
WBGene00021415.,193,1489,1682
WBGene00021416.,69,415,484
WBGene00021417.,27,113,140
WBGene00021418.,15,134,149
WBGene00021419.,24,200,224
WBGene00021420.,10,2143,2153
WBGene00021421.,77,909,986
WBGene00021423.,705,973,1678
WBGene00021425.,157,496,653
WBGene00021427.,44,2038,2082
WBGene00021428.,18,18,36
WBGene00021430.,95,144,239
WBGene00021433.,1,1,2
WBGene00021434.,9,24,33
WBGene00021435.,16,15,31
WBGene00021436.,14,46,60
WBGene00021437.,61,38,99
WBGene00021438.,99,125,224
WBGene00021439.,308,1033,1341
WBGene00021440.,129,602,731
WBGene00021441.,97,800,897
WBGene00021442.,66,297,363
WBGene00021443.,581,1617,2198
WBGene00021444.,317,469,786
WBGene00021446.,423,922,1345
WBGene00021448.,0,4,4
WBGene00021449.,1,1,2
WBGene00021450.,13,8,21
WBGene00021451.,28,3,31
WBGene00021452.,16,143,159
WBGene00021453.,0,2,2
WBGene00021454.,0,1,1
WBGene00021456.,183,660,843
WBGene00021457.,7,21,28
WBGene00021458.,7,8,15
WBGene00021460.,31,326,357
WBGene00021461.,74,126,200
WBGene00021463.,16,19,35
WBGene00021464.,4,53,57
WBGene00021465.,7,269,276
WBGene00021466.,252,4120,4372
WBGene00021467.,27,672,699
WBGene00021468.,36,2170,2206
WBGene00021469.,36,8332,8368
WBGene00021470.,40,284,324
WBGene00021471.,3,23,26
WBGene00021472.,0,1,1
WBGene00021473.,209,119,328
WBGene00021474.,1238,3313,4551
WBGene00021475.,206,1794,2000
WBGene00021476.,29,256,285
WBGene00021477.,9,8,17
WBGene00021478.,248,2395,2643
WBGene00021479.,18,8,26
WBGene00021482.,214,1383,1597
WBGene00021483.,2,9,11
WBGene00021484.,0,2,2
WBGene00021485.,6,4,10
WBGene00021486.,304,8217,8521
WBGene00021487.,336,1019,1355
WBGene00021488.,0,1,1
WBGene00021489.,13,1,14
WBGene00021490.,24,52,76
WBGene00021491.,0,12,12
WBGene00021492.,5,28,33
WBGene00021493.,180,1796,1976
WBGene00021494.,131,1001,1132
WBGene00021495.,4,170,174
WBGene00021496.,11,8,19
WBGene00021497.,197,743,940
WBGene00021500.,0,7,7
WBGene00021502.,37,274,311
WBGene00021503.,13,168,181
WBGene00021504.,17,60,77
WBGene00021505.,54,258,312
WBGene00021506.,114,1099,1213
WBGene00021507.,888,1291,2179
WBGene00021508.,92,825,917
WBGene00021509.,1221,1973,3194
WBGene00021510.,121,472,593
WBGene00021511.,45,69,114
WBGene00021512.,95,103,198
WBGene00021513.,214,43,257
WBGene00021514.,83,1579,1662
WBGene00021515.,74,532,606
WBGene00021516.,16,64,80
WBGene00021517.,10,9,19
WBGene00021518.,0,33,33
WBGene00021519.,1,15,16
WBGene00021520.,1,33,34
WBGene00021521.,14,156,170
WBGene00021522.,1198,2541,3739
WBGene00021524.,32,85,117
WBGene00021525.,26,50,76
WBGene00021526.,54,152,206
WBGene00021527.,254,922,1176
WBGene00021528.,167,561,728
WBGene00021529.,28,274,302
WBGene00021530.,21,13,34
WBGene00021531.,149,612,761
WBGene00021532.,98,2466,2564
WBGene00021533.,14,276,290
WBGene00021534.,708,4014,4722
WBGene00021535.,527,307,834
WBGene00021536.,38,568,606
WBGene00021537.,4,20,24
WBGene00021538.,56,273,329
WBGene00021539.,168,1521,1689
WBGene00021540.,101,567,668
WBGene00021541.,6,219,225
WBGene00021542.,26,11,37
WBGene00021543.,36,1378,1414
WBGene00021544.,138,826,964
WBGene00021545.,553,1769,2322
WBGene00021546.,72,474,546
WBGene00021547.,104,997,1101
WBGene00021548.,25,988,1013
WBGene00021549.,582,608,1190
WBGene00021551.,363,2473,2836
WBGene00021552.,304,1482,1786
WBGene00021553.,7,15,22
WBGene00021554.,123,3645,3768
WBGene00021555.,14,185,199
WBGene00021556.,87,411,498
WBGene00021557.,0,57,57
WBGene00021558.,95,681,776
WBGene00021559.,168,2442,2610
WBGene00021560.,43,118,161
WBGene00021561.,523,969,1492
WBGene00021562.,362,4085,4447
WBGene00021563.,83,999,1082
WBGene00021564.,308,492,800
WBGene00021565.,6,14,20
WBGene00021566.,0,0,0
WBGene00021567.,0,0,0
WBGene00021568.,0,0,0
WBGene00021569.,0,0,0
WBGene00021570.,0,0,0
WBGene00021571.,0,0,0
WBGene00021572.,0,0,0
WBGene00021573.,0,0,0
WBGene00021574.,0,0,0
WBGene00021576.,30,482,512
WBGene00021578.,3,8,11
WBGene00021579.,1,5,6
WBGene00021580.,0,12,12
WBGene00021581.,7,2,9
WBGene00021582.,1,6,7
WBGene00021583.,27,159,186
WBGene00021585.,2,2,4
WBGene00021586.,12,7,19
WBGene00021587.,35,178,213
WBGene00021589.,4,1012,1016
WBGene00021590.,2,11,13
WBGene00021591.,14,23,37
WBGene00021592.,1,5,6
WBGene00021593.,8,0,8
WBGene00021594.,13,11,24
WBGene00021595.,168,536,704
WBGene00021596.,91,327,418
WBGene00021597.,6978,5325,12303
WBGene00021599.,21,71,92
WBGene00021600.,58,715,773
WBGene00021601.,6,21,27
WBGene00021602.,11,28,39
WBGene00021603.,7,13,20
WBGene00021604.,1,2,3
WBGene00021605.,25,153,178
WBGene00021606.,41,29,70
WBGene00021607.,0,409,409
WBGene00021608.,4,2,6
WBGene00021609.,14,30,44
WBGene00021610.,32,327,359
WBGene00021611.,132,571,703
WBGene00021612.,0,7,7
WBGene00021613.,157,701,858
WBGene00021614.,313,3862,4175
WBGene00021615.,3,0,3
WBGene00021616.,0,0,0
WBGene00021617.,4,0,4
WBGene00021619.,1,1,2
WBGene00021620.,1,4,5
WBGene00021621.,0,7,7
WBGene00021622.,0,0,0
WBGene00021623.,4,16,20
WBGene00021624.,192,2538,2730
WBGene00021625.,0,64,64
WBGene00021626.,141,329,470
WBGene00021627.,0,2,2
WBGene00021628.,94,491,585
WBGene00021629.,493,3398,3891
WBGene00021630.,0,5,5
WBGene00021631.,3,1,4
WBGene00021632.,2,4,6
WBGene00021633.,13,28,41
WBGene00021634.,269,652,921
WBGene00021635.,39,422,461
WBGene00021636.,125,608,733
WBGene00021637.,123,718,841
WBGene00021638.,127,1004,1131
WBGene00021639.,30,156,186
WBGene00021640.,305,1207,1512
WBGene00021641.,21,19,40
WBGene00021643.,96,544,640
WBGene00021644.,96,1211,1307
WBGene00021645.,197,890,1087
WBGene00021646.,239,746,985
WBGene00021647.,536,2018,2554
WBGene00021648.,4,416,420
WBGene00021649.,12,226,238
WBGene00021650.,0,6,6
WBGene00021651.,18,33,51
WBGene00021653.,0,16,16
WBGene00021654.,4,251,255
WBGene00021655.,18,537,555
WBGene00021656.,1,6,7
WBGene00021657.,59,223,282
WBGene00021658.,24,740,764
WBGene00021660.,296,947,1243
WBGene00021661.,50,150,200
WBGene00021662.,0,56,56
WBGene00021664.,5,21,26
WBGene00021666.,79,429,508
WBGene00021667.,8,96,104
WBGene00021668.,11,10,21
WBGene00021671.,3,22,25
WBGene00021672.,14,9,23
WBGene00021673.,57,24,81
WBGene00021675.,28,74,102
WBGene00021676.,22,395,417
WBGene00021677.,19,536,555
WBGene00021678.,23,14,37
WBGene00021679.,35,249,284
WBGene00021681.,491,749,1240
WBGene00021682.,421,1113,1534
WBGene00021683.,170,322,492
WBGene00021685.,999,810,1809
WBGene00021686.,548,1090,1638
WBGene00021687.,71,274,345
WBGene00021689.,255,475,730
WBGene00021690.,2,4,6
WBGene00021691.,373,18955,19328
WBGene00021692.,28,432,460
WBGene00021693.,62,220,282
WBGene00021694.,4,26,30
WBGene00021697.,388,1115,1503
WBGene00021698.,804,1480,2284
WBGene00021700.,2,8,10
WBGene00021701.,35,95,130
WBGene00021702.,374,1534,1908
WBGene00021703.,10,5,15
WBGene00021704.,68,206,274
WBGene00021706.,6,41,47
WBGene00021707.,0,22,22
WBGene00021708.,1,9,10
WBGene00021709.,21,120,141
WBGene00021710.,11,42,53
WBGene00021711.,0,7,7
WBGene00021713.,0,4,4
WBGene00021714.,74,241,315
WBGene00021715.,175,1872,2047
WBGene00021716.,1,3,4
WBGene00021717.,0,0,0
WBGene00021718.,0,0,0
WBGene00021719.,0,0,0
WBGene00021720.,19,73,92
WBGene00021721.,36,345,381
WBGene00021722.,4,8,12
WBGene00021723.,0,0,0
WBGene00021724.,1,5,6
WBGene00021725.,27,238,265
WBGene00021726.,4,20,24
WBGene00021727.,0,5,5
WBGene00021728.,10,26,36
WBGene00021729.,0,0,0
WBGene00021730.,1,7,8
WBGene00021731.,2,6,8
WBGene00021732.,106,194,300
WBGene00021733.,504,806,1310
WBGene00021734.,38,80,118
WBGene00021735.,250,1263,1513
WBGene00021736.,170,3405,3575
WBGene00021737.,1,1,2
WBGene00021738.,182,436,618
WBGene00021739.,30,1349,1379
WBGene00021740.,180,526,706
WBGene00021741.,22,126,148
WBGene00021743.,28,11,39
WBGene00021744.,2,1,3
WBGene00021745.,9,66,75
WBGene00021746.,0,3,3
WBGene00021747.,8,43,51
WBGene00021748.,82,366,448
WBGene00021749.,143,601,744
WBGene00021750.,48,208,256
WBGene00021751.,537,174,711
WBGene00021752.,310,235,545
WBGene00021753.,250,664,914
WBGene00021754.,351,1256,1607
WBGene00021755.,57,236,293
WBGene00021756.,446,967,1413
WBGene00021757.,134,368,502
WBGene00021758.,89,466,555
WBGene00021763.,72,336,408
WBGene00021764.,53,330,383
WBGene00021765.,235,575,810
WBGene00021766.,51,291,342
WBGene00021768.,29,681,710
WBGene00021771.,489,1281,1770
WBGene00021772.,18,10,28
WBGene00021773.,0,3,3
WBGene00021774.,0,2,2
WBGene00021776.,171,716,887
WBGene00021778.,22,218,240
WBGene00021779.,0,3,3
WBGene00021780.,2,0,2
WBGene00021781.,50,424,474
WBGene00021783.,290,1455,1745
WBGene00021784.,71,736,807
WBGene00021785.,52,1101,1153
WBGene00021786.,14,37,51
WBGene00021787.,5,5,10
WBGene00021788.,107,57,164
WBGene00021789.,250,586,836
WBGene00021790.,10,3,13
WBGene00021791.,0,6,6
WBGene00021792.,1,2,3
WBGene00021793.,5,1,6
WBGene00021794.,6,9,15
WBGene00021795.,19,276,295
WBGene00021796.,30,569,599
WBGene00021797.,4,11,15
WBGene00021798.,2,0,2
WBGene00021799.,46,173,219
WBGene00021800.,409,5862,6271
WBGene00021801.,4,2,6
WBGene00021804.,3,30,33
WBGene00021805.,2,25,27
WBGene00021806.,1,2,3
WBGene00021807.,29,72,101
WBGene00021808.,433,1431,1864
WBGene00021809.,0,12,12
WBGene00021810.,800,1431,2231
WBGene00021811.,464,3309,3773
WBGene00021812.,31,354,385
WBGene00021813.,103,473,576
WBGene00021814.,17,59,76
WBGene00021815.,75,724,799
WBGene00021816.,181,657,838
WBGene00021817.,51,487,538
WBGene00021818.,707,3890,4597
WBGene00021819.,22,32,54
WBGene00021820.,744,806,1550
WBGene00021821.,0,10,10
WBGene00021826.,152,794,946
WBGene00021827.,82,265,347
WBGene00021828.,104,439,543
WBGene00021829.,21,1415,1436
WBGene00021830.,103,1211,1314
WBGene00021831.,380,922,1302
WBGene00021832.,107,274,381
WBGene00021833.,15,6,21
WBGene00021834.,21,1005,1026
WBGene00021835.,55,440,495
WBGene00021838.,210,1123,1333
WBGene00021839.,292,3005,3297
WBGene00021840.,174,258,432
WBGene00021841.,35,228,263
WBGene00021842.,548,1154,1702
WBGene00021843.,2895,23796,26691
WBGene00021844.,57,693,750
WBGene00021845.,24,1647,1671
WBGene00021846.,203,468,671
WBGene00021847.,159,428,587
WBGene00021848.,31,71,102
WBGene00021849.,453,7671,8124
WBGene00021850.,13,27,40
WBGene00021852.,76,817,893
WBGene00021853.,0,67,67
WBGene00021854.,301,777,1078
WBGene00021855.,162,1824,1986
WBGene00021856.,377,857,1234
WBGene00021857.,610,1983,2593
WBGene00021858.,27,120,147
WBGene00021859.,12,24,36
WBGene00021860.,2,3,5
WBGene00021861.,4,3,7
WBGene00021862.,31,78,109
WBGene00021863.,127,494,621
WBGene00021864.,85,598,683
WBGene00021865.,13,23,36
WBGene00021866.,60,639,699
WBGene00021867.,75,626,701
WBGene00021868.,178,1125,1303
WBGene00021869.,4,98,102
WBGene00021870.,26,129,155
WBGene00021871.,25,169,194
WBGene00021872.,25,408,433
WBGene00021873.,47,423,470
WBGene00021875.,48,451,499
WBGene00021876.,1065,8620,9685
WBGene00021877.,83,131,214
WBGene00021878.,3,2,5
WBGene00021879.,8,144,152
WBGene00021880.,1,1,2
WBGene00021881.,85,132,217
WBGene00021882.,491,488,979
WBGene00021883.,183,6306,6489
WBGene00021884.,1,192,193
WBGene00021885.,12,4,16
WBGene00021886.,884,251,1135
WBGene00021887.,91,361,452
WBGene00021888.,68,1169,1237
WBGene00021889.,1,1,2
WBGene00021890.,715,5243,5958
WBGene00021892.,8,14,22
WBGene00021893.,2484,5222,7706
WBGene00021894.,924,6423,7347
WBGene00021895.,12,55,67
WBGene00021897.,124,333,457
WBGene00021898.,7,234,241
WBGene00021899.,320,5589,5909
WBGene00021900.,395,14477,14872
WBGene00021901.,17,1397,1414
WBGene00021902.,115,549,664
WBGene00021904.,25,494,519
WBGene00021905.,86,504,590
WBGene00021906.,384,863,1247
WBGene00021907.,2,7,9
WBGene00021908.,7,15,22
WBGene00021909.,110,2684,2794
WBGene00021910.,260,652,912
WBGene00021911.,12,37,49
WBGene00021912.,86,379,465
WBGene00021913.,24,569,593
WBGene00021914.,168,230,398
WBGene00021915.,229,950,1179
WBGene00021917.,9,39,48
WBGene00021918.,20,110,130
WBGene00021919.,10,34,44
WBGene00021920.,152,1351,1503
WBGene00021921.,336,2130,2466
WBGene00021922.,94,2186,2280
WBGene00021923.,49,186,235
WBGene00021925.,113,382,495
WBGene00021926.,269,2105,2374
WBGene00021927.,24,552,576
WBGene00021928.,43,272,315
WBGene00021929.,42,946,988
WBGene00021930.,203,3379,3582
WBGene00021931.,30,25,55
WBGene00021932.,48,222,270
WBGene00021933.,48,105,153
WBGene00021934.,99,748,847
WBGene00021935.,98,273,371
WBGene00021936.,580,1505,2085
WBGene00021938.,105,865,970
WBGene00021939.,48,71,119
WBGene00021941.,46,80,126
WBGene00021942.,21,210,231
WBGene00021943.,140,1051,1191
WBGene00021945.,232,746,978
WBGene00021947.,6,0,6
WBGene00021948.,779,2356,3135
WBGene00021949.,0,2,2
WBGene00021950.,30,263,293
WBGene00021951.,10,62,72
WBGene00021952.,212,2429,2641
WBGene00021953.,13,33,46
WBGene00021956.,139,3470,3609
WBGene00021957.,1,1,2
WBGene00021958.,1,9,10
WBGene00021959.,169,2270,2439
WBGene00021960.,139,2881,3020
WBGene00021961.,1,2,3
WBGene00021963.,9,19,28
WBGene00021964.,1,1,2
WBGene00021965.,52,348,400
WBGene00021966.,0,3,3
WBGene00021967.,3,7,10
WBGene00021968.,22,12,34
WBGene00021969.,1,10,11
WBGene00021970.,20,25,45
WBGene00021971.,0,0,0
WBGene00021972.,21,71,92
WBGene00021973.,212,1168,1380
WBGene00021974.,132,1527,1659
WBGene00021975.,20,290,310
WBGene00021976.,0,6,6
WBGene00021977.,17,569,586
WBGene00021978.,0,35,35
WBGene00021979.,2,1257,1259
WBGene00021980.,177,457,634
WBGene00021981.,38,2385,2423
WBGene00021983.,122,1779,1901
WBGene00021984.,232,1928,2160
WBGene00021985.,435,1570,2005
WBGene00021986.,200,1481,1681
WBGene00021987.,0,0,0
WBGene00021988.,0,0,0
WBGene00021990.,171,265,436
WBGene00021992.,3,1,4
WBGene00021993.,0,3,3
WBGene00021994.,8,2,10
WBGene00021995.,1,4,5
WBGene00021996.,2,4,6
WBGene00021997.,0,0,0
WBGene00021998.,0,0,0
WBGene00021999.,0,1,1
WBGene00022000.,0,0,0
WBGene00022001.,7,0,7
WBGene00022002.,0,0,0
WBGene00022003.,0,0,0
WBGene00022004.,20,198,218
WBGene00022005.,0,0,0
WBGene00022006.,0,0,0
WBGene00022007.,0,0,0
WBGene00022008.,9,15,24
WBGene00022010.,230,1171,1401
WBGene00022011.,0,5,5
WBGene00022012.,4,66,70
WBGene00022013.,0,106,106
WBGene00022014.,883,1323,2206
WBGene00022015.,620,2085,2705
WBGene00022016.,6,22,28
WBGene00022017.,1,43,44
WBGene00022018.,23,511,534
WBGene00022019.,603,2945,3548
WBGene00022020.,0,3,3
WBGene00022021.,288,2521,2809
WBGene00022022.,32,235,267
WBGene00022023.,0,3,3
WBGene00022024.,0,8,8
WBGene00022025.,136,1481,1617
WBGene00022026.,498,2743,3241
WBGene00022027.,497,6773,7270
WBGene00022028.,28,40,68
WBGene00022029.,83,525,608
WBGene00022030.,14,23,37
WBGene00022031.,163,476,639
WBGene00022032.,12,19,31
WBGene00022033.,18,43,61
WBGene00022034.,83,929,1012
WBGene00022035.,55,77,132
WBGene00022036.,85,282,367
WBGene00022037.,187,946,1133
WBGene00022038.,11,30,41
WBGene00022039.,6,66,72
WBGene00022040.,4,355,359
WBGene00022042.,12368,102053,114421
WBGene00022043.,27,720,747
WBGene00022044.,13,536,549
WBGene00022045.,1412,10626,12038
WBGene00022046.,2,3659,3661
WBGene00022047.,59,882,941
WBGene00022048.,1292,19099,20391
WBGene00022051.,207,577,784
WBGene00022052.,109,532,641
WBGene00022053.,406,4587,4993
WBGene00022054.,78,463,541
WBGene00022055.,55,1016,1071
WBGene00022056.,106,150,256
WBGene00022057.,57,627,684
WBGene00022059.,1452,1895,3347
WBGene00022060.,15,327,342
WBGene00022061.,28,68,96
WBGene00022062.,69,131,200
WBGene00022063.,110,1004,1114
WBGene00022064.,3,11,14
WBGene00022066.,0,9,9
WBGene00022067.,244,619,863
WBGene00022069.,254,5059,5313
WBGene00022070.,1,17,18
WBGene00022071.,6,13,19
WBGene00022072.,220,2306,2526
WBGene00022073.,82,429,511
WBGene00022074.,216,1033,1249
WBGene00022075.,125,2093,2218
WBGene00022076.,13,14,27
WBGene00022077.,312,2980,3292
WBGene00022078.,1810,4867,6677
WBGene00022079.,12,14,26
WBGene00022082.,3,16,19
WBGene00022083.,1,3,4
WBGene00022085.,14,29,43
WBGene00022086.,46,57,103
WBGene00022087.,621,760,1381
WBGene00022089.,1024,32048,33072
WBGene00022090.,6,27,33
WBGene00022092.,130,1521,1651
WBGene00022093.,382,4212,4594
WBGene00022094.,2,10,12
WBGene00022095.,0,0,0
WBGene00022096.,1,2,3
WBGene00022097.,8,1,9
WBGene00022099.,162,2167,2329
WBGene00022100.,335,892,1227
WBGene00022101.,59,344,403
WBGene00022102.,5,36,41
WBGene00022103.,129,92,221
WBGene00022104.,324,274,598
WBGene00022106.,311,228,539
WBGene00022107.,34,529,563
WBGene00022108.,2,61,63
WBGene00022110.,25,380,405
WBGene00022111.,0,329,329
WBGene00022112.,0,27,27
WBGene00022113.,28,130,158
WBGene00022114.,64,5331,5395
WBGene00022115.,284,3130,3414
WBGene00022117.,41,77,118
WBGene00022118.,94,470,564
WBGene00022119.,9,771,780
WBGene00022121.,191,352,543
WBGene00022122.,7,2026,2033
WBGene00022123.,44,178,222
WBGene00022124.,241,649,890
WBGene00022125.,60,648,708
WBGene00022126.,122,380,502
WBGene00022127.,14,7090,7104
WBGene00022128.,134,610,744
WBGene00022129.,66,136,202
WBGene00022130.,51,234,285
WBGene00022131.,169,1123,1292
WBGene00022133.,0,1,1
WBGene00022134.,476,1309,1785
WBGene00022138.,361,429,790
WBGene00022139.,428,1439,1867
WBGene00022140.,23,5,28
WBGene00022141.,18,495,513
WBGene00022142.,42,71,113
WBGene00022143.,7,9,16
WBGene00022144.,85,11962,12047
WBGene00022145.,7,5,12
WBGene00022146.,19,318,337
WBGene00022148.,711,1014,1725
WBGene00022149.,267,9157,9424
WBGene00022150.,17,1266,1283
WBGene00022152.,235,684,919
WBGene00022153.,273,466,739
WBGene00022154.,43,150,193
WBGene00022155.,36,235,271
WBGene00022156.,1,11,12
WBGene00022157.,9,7,16
WBGene00022158.,37,301,338
WBGene00022159.,165,293,458
WBGene00022160.,29,213,242
WBGene00022161.,23,246,269
WBGene00022162.,1,0,1
WBGene00022163.,17,6,23
WBGene00022165.,125,413,538
WBGene00022166.,182,473,655
WBGene00022167.,152,867,1019
WBGene00022168.,649,1477,2126
WBGene00022169.,220,2529,2749
WBGene00022170.,3074,27517,30591
WBGene00022171.,0,90,90
WBGene00022172.,0,137,137
WBGene00022173.,0,72,72
WBGene00022174.,153,310,463
WBGene00022175.,94,315,409
WBGene00022176.,404,813,1217
WBGene00022177.,21,106,127
WBGene00022178.,58,454,512
WBGene00022179.,21,35,56
WBGene00022180.,112,233,345
WBGene00022181.,58,293,351
WBGene00022182.,308,1104,1412
WBGene00022185.,166,1426,1592
WBGene00022188.,116,835,951
WBGene00022189.,1,12,13
WBGene00022190.,26,521,547
WBGene00022191.,83,495,578
WBGene00022192.,118,1630,1748
WBGene00022193.,72,655,727
WBGene00022194.,1072,26479,27551
WBGene00022195.,137,542,679
WBGene00022196.,61,1518,1579
WBGene00022197.,64,398,462
WBGene00022198.,122,541,663
WBGene00022199.,37,2295,2332
WBGene00022200.,76,1006,1082
WBGene00022201.,99,835,934
WBGene00022202.,111,679,790
WBGene00022203.,14,303,317
WBGene00022204.,0,39,39
WBGene00022205.,60,180,240
WBGene00022206.,87,186,273
WBGene00022207.,6,13,19
WBGene00022209.,0,0,0
WBGene00022210.,0,1,1
WBGene00022211.,62,352,414
WBGene00022213.,4,32,36
WBGene00022214.,5,13,18
WBGene00022215.,3,11,14
WBGene00022216.,1,8,9
WBGene00022217.,0,1,1
WBGene00022218.,0,2,2
WBGene00022219.,60,197,257
WBGene00022221.,150,489,639
WBGene00022222.,14,40,54
WBGene00022223.,2,3,5
WBGene00022224.,1,15,16
WBGene00022225.,0,18,18
WBGene00022227.,49,415,464
WBGene00022228.,22,58,80
WBGene00022229.,29,16,45
WBGene00022230.,34,151,185
WBGene00022231.,119,276,395
WBGene00022232.,75,339,414
WBGene00022233.,507,8279,8786
WBGene00022235.,379,14967,15346
WBGene00022236.,0,10,10
WBGene00022237.,8,10,18
WBGene00022240.,87,636,723
WBGene00022242.,139,1107,1246
WBGene00022243.,1,66,67
WBGene00022244.,2,290,292
WBGene00022245.,405,4399,4804
WBGene00022246.,10,100,110
WBGene00022247.,73,148,221
WBGene00022248.,213,3075,3288
WBGene00022249.,0,0,0
WBGene00022250.,25,327,352
WBGene00022251.,49,483,532
WBGene00022252.,69,263,332
WBGene00022253.,80,1509,1589
WBGene00022254.,80,3508,3588
WBGene00022255.,63,453,516
WBGene00022256.,1,9,10
WBGene00022257.,0,176,176
WBGene00022258.,59,629,688
WBGene00022259.,32,282,314
WBGene00022260.,103,578,681
WBGene00022261.,6,31,37
WBGene00022262.,2,6,8
WBGene00022263.,1,10,11
WBGene00022264.,0,4,4
WBGene00022265.,2,7,9
WBGene00022266.,0,4,4
WBGene00022267.,28,98,126
WBGene00022268.,429,5037,5466
WBGene00022269.,395,3300,3695
WBGene00022270.,100,115,215
WBGene00022271.,26,1945,1971
WBGene00022272.,2,32,34
WBGene00022273.,58,403,461
WBGene00022274.,20,44,64
WBGene00022275.,5,55,60
WBGene00022276.,226,6734,6960
WBGene00022277.,180,1431,1611
WBGene00022278.,457,1629,2086
WBGene00022279.,167,1399,1566
WBGene00022280.,133,1178,1311
WBGene00022281.,537,567,1104
WBGene00022282.,0,1,1
WBGene00022283.,11,144,155
WBGene00022284.,136,555,691
WBGene00022285.,1015,465,1480
WBGene00022286.,135,599,734
WBGene00022287.,15,47,62
WBGene00022288.,24,163,187
WBGene00022289.,21,25,46
WBGene00022290.,1,0,1
WBGene00022291.,0,0,0
WBGene00022292.,0,0,0
WBGene00022295.,28,134,162
WBGene00022296.,472,1660,2132
WBGene00022297.,94,1984,2078
WBGene00022298.,5,50,55
WBGene00022300.,268,675,943
WBGene00022301.,458,873,1331
WBGene00022302.,49,815,864
WBGene00022303.,2,514,516
WBGene00022306.,814,2603,3417
WBGene00022307.,61,1854,1915
WBGene00022308.,4,5,9
WBGene00022309.,132,652,784
WBGene00022310.,294,1120,1414
WBGene00022311.,5,9,14
WBGene00022312.,0,3,3
WBGene00022313.,98,185,283
WBGene00022314.,274,1362,1636
WBGene00022315.,7,10,17
WBGene00022316.,1,10,11
WBGene00022317.,3,69,72
WBGene00022318.,0,0,0
WBGene00022319.,0,2,2
WBGene00022320.,7,1,8
WBGene00022321.,3,8,11
WBGene00022322.,2,5,7
WBGene00022323.,1,0,1
WBGene00022324.,5,50,55
WBGene00022325.,23,100,123
WBGene00022326.,14,90,104
WBGene00022327.,13,15,28
WBGene00022328.,6,5,11
WBGene00022329.,15,166,181
WBGene00022330.,5,136,141
WBGene00022331.,7,18,25
WBGene00022332.,11,11,22
WBGene00022333.,1,11,12
WBGene00022334.,16,26,42
WBGene00022335.,25,179,204
WBGene00022336.,541,278704,279245
WBGene00022337.,0,50,50
WBGene00022338.,15,46,61
WBGene00022339.,103,1365,1468
WBGene00022340.,1,7,8
WBGene00022341.,0,4,4
WBGene00022342.,0,3,3
WBGene00022343.,2,6,8
WBGene00022344.,2,10,12
WBGene00022345.,6,63,69
WBGene00022346.,8,42,50
WBGene00022347.,220,1794,2014
WBGene00022348.,98,1026,1124
WBGene00022349.,30,62,92
WBGene00022350.,117,433,550
WBGene00022351.,81,199,280
WBGene00022352.,0,19,19
WBGene00022353.,10,262,272
WBGene00022354.,1567,3279,4846
WBGene00022356.,38,1869,1907
WBGene00022357.,67,595,662
WBGene00022358.,429,1001,1430
WBGene00022360.,273,613,886
WBGene00022361.,364,886,1250
WBGene00022363.,187,599,786
WBGene00022365.,15,103,118
WBGene00022366.,356,547,903
WBGene00022367.,179,134,313
WBGene00022368.,119,905,1024
WBGene00022369.,186,828,1014
WBGene00022370.,116,237,353
WBGene00022371.,266,226,492
WBGene00022372.,122,272,394
WBGene00022373.,267,1296,1563
WBGene00022374.,15,89,104
WBGene00022375.,6,15,21
WBGene00022376.,189,1539,1728
WBGene00022377.,10,53,63
WBGene00022378.,969,4646,5615
WBGene00022379.,38,110,148
WBGene00022380.,613,4596,5209
WBGene00022381.,165,954,1119
WBGene00022382.,0,236,236
WBGene00022385.,10,10,20
WBGene00022386.,320,1440,1760
WBGene00022388.,320,567,887
WBGene00022389.,337,772,1109
WBGene00022390.,79,272,351
WBGene00022391.,288,404,692
WBGene00022392.,26,283,309
WBGene00022393.,185,2549,2734
WBGene00022394.,18,892,910
WBGene00022395.,6,35,41
WBGene00022396.,68,1221,1289
WBGene00022397.,197,1411,1608
WBGene00022398.,42,640,682
WBGene00022399.,47,453,500
WBGene00022400.,49,2010,2059
WBGene00022401.,99,3746,3845
WBGene00022402.,48,1723,1771
WBGene00022403.,6,5,11
WBGene00022404.,4,14,18
WBGene00022405.,7,75,82
WBGene00022406.,6,8,14
WBGene00022407.,2,7,9
WBGene00022408.,0,10,10
WBGene00022409.,10,32,42
WBGene00022410.,17,5857,5874
WBGene00022411.,3,25,28
WBGene00022412.,30,133,163
WBGene00022413.,22,173,195
WBGene00022415.,0,1,1
WBGene00022416.,30,127,157
WBGene00022417.,15,97,112
WBGene00022418.,39,166,205
WBGene00022419.,48,231,279
WBGene00022420.,32,647,679
WBGene00022421.,0,3,3
WBGene00022423.,397,148,545
WBGene00022425.,217,702,919
WBGene00022426.,149,751,900
WBGene00022427.,290,1365,1655
WBGene00022428.,66,375,441
WBGene00022429.,0,0,0
WBGene00022431.,32,10,42
WBGene00022432.,1,25,26
WBGene00022433.,0,1,1
WBGene00022434.,352,645,997
WBGene00022435.,115,144,259
WBGene00022438.,1,2,3
WBGene00022439.,301,1570,1871
WBGene00022440.,95,488,583
WBGene00022441.,275,2301,2576
WBGene00022442.,0,0,0
WBGene00022443.,0,0,0
WBGene00022444.,0,1,1
WBGene00022445.,55,314,369
WBGene00022446.,0,11,11
WBGene00022447.,219,242,461
WBGene00022448.,88,243,331
WBGene00022450.,53,500,553
WBGene00022452.,0,942,942
WBGene00022453.,227,1277,1504
WBGene00022454.,90,100,190
WBGene00022455.,13,787,800
WBGene00022456.,141,2556,2697
WBGene00022457.,120,971,1091
WBGene00022458.,8,1227,1235
WBGene00022459.,60,540,600
WBGene00022460.,58,699,757
WBGene00022462.,19,228,247
WBGene00022463.,103,910,1013
WBGene00022465.,51,590,641
WBGene00022466.,81,1059,1140
WBGene00022467.,1,1,2
WBGene00022469.,7,113,120
WBGene00022470.,172,912,1084
WBGene00022471.,59,334,393
WBGene00022472.,228,2391,2619
WBGene00022473.,1741,4121,5862
WBGene00022474.,70,766,836
WBGene00022475.,35,593,628
WBGene00022476.,4,2,6
WBGene00022477.,1,49,50
WBGene00022478.,3,48,51
WBGene00022479.,1,15,16
WBGene00022481.,0,0,0
WBGene00022482.,0,5,5
WBGene00022483.,0,0,0
WBGene00022484.,12,33,45
WBGene00022485.,146,385,531
WBGene00022486.,16,50,66
WBGene00022487.,1,41,42
WBGene00022488.,84,326,410
WBGene00022489.,279,2539,2818
WBGene00022490.,11,44,55
WBGene00022491.,102,157,259
WBGene00022492.,72,1516,1588
WBGene00022493.,141,258,399
WBGene00022494.,0,11,11
WBGene00022495.,10,53,63
WBGene00022496.,0,393,393
WBGene00022497.,0,3727,3727
WBGene00022498.,7,36,43
WBGene00022499.,103,1043,1146
WBGene00022500.,437,4469,4906
WBGene00022501.,567,826,1393
WBGene00022502.,63,510,573
WBGene00022503.,8,168,176
WBGene00022504.,13,32,45
WBGene00022505.,52,700,752
WBGene00022506.,6,61,67
WBGene00022507.,13,6,19
WBGene00022508.,1,6,7
WBGene00022509.,0,6,6
WBGene00022511.,1,11,12
WBGene00022512.,0,0,0
WBGene00022515.,83,2736,2819
WBGene00022516.,86,2961,3047
WBGene00022517.,65,54,119
WBGene00022518.,341,684,1025
WBGene00022519.,220,1428,1648
WBGene00022521.,54,8,62
WBGene00022522.,24,187,211
WBGene00022526.,4,10,14
WBGene00022527.,28,84,112
WBGene00022528.,1,7,8
WBGene00022529.,11,6,17
WBGene00022530.,25,339,364
WBGene00022531.,38,656,694
WBGene00022532.,16,224,240
WBGene00022533.,23,131,154
WBGene00022534.,169,1710,1879
WBGene00022536.,12,2,14
WBGene00022537.,7,59,66
WBGene00022538.,133,2657,2790
WBGene00022539.,9,33,42
WBGene00022540.,39,54,93
WBGene00022541.,0,0,0
WBGene00022542.,1,2,3
WBGene00022544.,34,16,50
WBGene00022545.,4,22,26
WBGene00022546.,17,93,110
WBGene00022547.,23,165,188
WBGene00022548.,5,4,9
WBGene00022549.,33,129,162
WBGene00022550.,3,22,25
WBGene00022551.,0,3,3
WBGene00022552.,2,48,50
WBGene00022553.,2,16,18
WBGene00022554.,105,1445,1550
WBGene00022555.,0,3,3
WBGene00022556.,0,2,2
WBGene00022557.,1,16,17
WBGene00022558.,0,1,1
WBGene00022559.,2,19,21
WBGene00022560.,0,13,13
WBGene00022561.,3,15,18
WBGene00022562.,266,2056,2322
WBGene00022563.,1,1,2
WBGene00022564.,45,208,253
WBGene00022565.,1,13,14
WBGene00022566.,4,80,84
WBGene00022567.,25,88,113
WBGene00022568.,7,121,128
WBGene00022569.,11,199,210
WBGene00022570.,0,3,3
WBGene00022571.,1,8,9
WBGene00022572.,0,1,1
WBGene00022573.,0,10,10
WBGene00022574.,8,420,428
WBGene00022575.,0,148,148
WBGene00022576.,17,112,129
WBGene00022577.,2,2,4
WBGene00022578.,2,1,3
WBGene00022579.,237,2060,2297
WBGene00022580.,106,1251,1357
WBGene00022581.,15,87,102
WBGene00022582.,0,1,1
WBGene00022583.,107,2084,2191
WBGene00022584.,48,185,233
WBGene00022586.,1,34,35
WBGene00022587.,1,7,8
WBGene00022588.,53,322,375
WBGene00022589.,1,5,6
WBGene00022590.,4,63,67
WBGene00022591.,15,91,106
WBGene00022592.,290,729,1019
WBGene00022593.,130,426,556
WBGene00022594.,2,1,3
WBGene00022596.,2,29,31
WBGene00022597.,720,11598,12318
WBGene00022598.,65,731,796
WBGene00022599.,319,6737,7056
WBGene00022600.,0,1,1
WBGene00022601.,22,142,164
WBGene00022603.,128,1986,2114
WBGene00022604.,0,5,5
WBGene00022605.,7,113,120
WBGene00022606.,12,31,43
WBGene00022608.,117,506,623
WBGene00022609.,93,410,503
WBGene00022610.,37,156,193
WBGene00022611.,9,17,26
WBGene00022612.,4,15,19
WBGene00022613.,77,336,413
WBGene00022614.,213,1166,1379
WBGene00022615.,13,312,325
WBGene00022616.,0,2,2
WBGene00022617.,0,0,0
WBGene00022618.,150,1976,2126
WBGene00022619.,0,33,33
WBGene00022620.,152,1719,1871
WBGene00022621.,3,6,9
WBGene00022622.,5,1,6
WBGene00022623.,11,454,465
WBGene00022624.,95,216,311
WBGene00022627.,23,52,75
WBGene00022628.,1,5,6
WBGene00022629.,26,239,265
WBGene00022630.,2,4,6
WBGene00022631.,23,262,285
WBGene00022632.,5,8,13
WBGene00022633.,18,128,146
WBGene00022634.,1,9,10
WBGene00022635.,80,393,473
WBGene00022636.,3,3,6
WBGene00022637.,1,3,4
WBGene00022638.,1,2,3
WBGene00022639.,4,10,14
WBGene00022640.,4,1,5
WBGene00022641.,4,9,13
WBGene00022642.,110,893,1003
WBGene00022643.,12,24,36
WBGene00022644.,4,50,54
WBGene00022645.,3,26,29
WBGene00022646.,16,1108,1124
WBGene00022647.,95,598,693
WBGene00022648.,159,597,756
WBGene00022649.,18,111,129
WBGene00022650.,49,80,129
WBGene00022651.,2,11,13
WBGene00022652.,0,7,7
WBGene00022653.,29,131,160
WBGene00022654.,4,10,14
WBGene00022655.,27,34,61
WBGene00022656.,1,19,20
WBGene00022657.,3,27,30
WBGene00022658.,1,41,42
WBGene00022660.,0,18,18
WBGene00022661.,40,42,82
WBGene00022662.,6,21,27
WBGene00022663.,31,534,565
WBGene00022664.,45,501,546
WBGene00022665.,7,83,90
WBGene00022666.,116,1026,1142
WBGene00022667.,212,1296,1508
WBGene00022668.,397,2214,2611
WBGene00022669.,1,2,3
WBGene00022670.,0,1,1
WBGene00022671.,3,16,19
WBGene00022672.,115,523,638
WBGene00022673.,119,823,942
WBGene00022674.,0,1,1
WBGene00022675.,490,803,1293
WBGene00022677.,42,467,509
WBGene00022678.,69,2418,2487
WBGene00022679.,1,19,20
WBGene00022680.,9,16,25
WBGene00022681.,65,147,212
WBGene00022682.,34,85,119
WBGene00022683.,27,196,223
WBGene00022685.,3,1,4
WBGene00022688.,0,4,4
WBGene00022689.,1,3,4
WBGene00022690.,1,1,2
WBGene00022691.,4,5,9
WBGene00022694.,64,930,994
WBGene00022695.,51,387,438
WBGene00022696.,40,174,214
WBGene00022697.,174,1198,1372
WBGene00022698.,11,53,64
WBGene00022699.,1,10,11
WBGene00022700.,16,95,111
WBGene00022702.,2,200,202
WBGene00022703.,105,974,1079
WBGene00022704.,68,683,751
WBGene00022705.,3,15,18
WBGene00022706.,3,11,14
WBGene00022707.,7,9,16
WBGene00022708.,0,21,21
WBGene00022709.,3,38,41
WBGene00022710.,4,13,17
WBGene00022711.,17,9,26
WBGene00022712.,110,871,981
WBGene00022713.,1,2,3
WBGene00022714.,1,2,3
WBGene00022715.,14,16,30
WBGene00022716.,1,10,11
WBGene00022717.,106,1207,1313
WBGene00022718.,206,1942,2148
WBGene00022719.,223,1470,1693
WBGene00022720.,39,295,334
WBGene00022721.,33,289,322
WBGene00022722.,74,1000,1074
WBGene00022723.,7,12,19
WBGene00022724.,0,2,2
WBGene00022725.,9,17,26
WBGene00022726.,0,1,1
WBGene00022727.,101,689,790
WBGene00022728.,8,1,9
WBGene00022729.,0,0,0
WBGene00022730.,36,308,344
WBGene00022731.,42,28,70
WBGene00022732.,1,12,13
WBGene00022733.,102,90,192
WBGene00022734.,32,1111,1143
WBGene00022735.,17,81,98
WBGene00022736.,20,224,244
WBGene00022737.,6,233,239
WBGene00022738.,115,1510,1625
WBGene00022739.,155,1604,1759
WBGene00022741.,23,18,41
WBGene00022742.,300,4472,4772
WBGene00022743.,247,582,829
WBGene00022744.,19,72,91
WBGene00022745.,2467,10692,13159
WBGene00022746.,0,13,13
WBGene00022747.,2,10,12
WBGene00022748.,301,30318,30619
WBGene00022749.,78,2598,2676
WBGene00022750.,810,2767,3577
WBGene00022751.,0,0,0
WBGene00022752.,7,256,263
WBGene00022753.,8,9,17
WBGene00022754.,0,5,5
WBGene00022755.,4,77,81
WBGene00022756.,2,17,19
WBGene00022757.,3,1,4
WBGene00022758.,2,2,4
WBGene00022759.,33,1200,1233
WBGene00022760.,0,1,1
WBGene00022761.,1,10,11
WBGene00022762.,88,507,595
WBGene00022763.,0,10,10
WBGene00022765.,284,2633,2917
WBGene00022766.,43,1074,1117
WBGene00022767.,16,82,98
WBGene00022769.,38,609,647
WBGene00022770.,29,262,291
WBGene00022771.,91,541,632
WBGene00022772.,34,94,128
WBGene00022773.,59,243,302
WBGene00022774.,45,1337,1382
WBGene00022775.,3,252,255
WBGene00022776.,13,1627,1640
WBGene00022778.,1,1,2
WBGene00022780.,1,22,23
WBGene00022781.,453,10982,11435
WBGene00022782.,32,778,810
WBGene00022783.,118,833,951
WBGene00022785.,153,1581,1734
WBGene00022786.,0,206,206
WBGene00022787.,29,344,373
WBGene00022788.,77,2655,2732
WBGene00022789.,7,29,36
WBGene00022790.,25,199,224
WBGene00022791.,267,1983,2250
WBGene00022792.,43,647,690
WBGene00022793.,12,907,919
WBGene00022794.,159,2590,2749
WBGene00022795.,5,44,49
WBGene00022796.,5,80,85
WBGene00022797.,66,505,571
WBGene00022798.,259,3668,3927
WBGene00022799.,0,4,4
WBGene00022800.,139,1506,1645
WBGene00022801.,46,1147,1193
WBGene00022802.,172,1970,2142
WBGene00022803.,24,423,447
WBGene00022804.,3,15,18
WBGene00022805.,304,1279,1583
WBGene00022806.,1,2,3
WBGene00022807.,5,23,28
WBGene00022808.,3,9,12
WBGene00022809.,3,13,16
WBGene00022810.,16,206,222
WBGene00022811.,43,38,81
WBGene00022812.,247,4035,4282
WBGene00022813.,11,68,79
WBGene00022814.,38,262,300
WBGene00022815.,16,60,76
WBGene00022816.,32,44,76
WBGene00022817.,275,3650,3925
WBGene00022818.,2,9,11
WBGene00022820.,1,7,8
WBGene00022821.,0,2,2
WBGene00022822.,0,3,3
WBGene00022823.,69,3344,3413
WBGene00022824.,30,214,244
WBGene00022825.,92,274,366
WBGene00022826.,0,2,2
WBGene00022827.,12,13,25
WBGene00022829.,38,103,141
WBGene00022830.,53,1034,1087
WBGene00022831.,142,1330,1472
WBGene00022832.,62,678,740
WBGene00022833.,3,3,6
WBGene00022834.,2,118,120
WBGene00022835.,37,344,381
WBGene00022836.,73,997,1070
WBGene00022837.,36,311,347
WBGene00022838.,30,167,197
WBGene00022840.,6,14,20
WBGene00022842.,54,345,399
WBGene00022843.,30,94,124
WBGene00022845.,1,25,26
WBGene00022846.,23,0,23
WBGene00022847.,28,278,306
WBGene00022848.,81,727,808
WBGene00022849.,30,94,124
WBGene00022850.,243,635,878
WBGene00022851.,34,985,1019
WBGene00022852.,4,1419,1423
WBGene00022853.,0,1909,1909
WBGene00022854.,24,235,259
WBGene00022855.,88,3715,3803
WBGene00022856.,60,8746,8806
WBGene00022857.,10,294,304
WBGene00022858.,25,19,44
WBGene00022861.,7677,884,8561
WBGene00022862.,18,441,459
WBGene00022864.,73,1890,1963
WBGene00022865.,92,1090,1182
WBGene00022866.,10,53,63
WBGene00022867.,72,741,813
WBGene00022868.,47,573,620
WBGene00022869.,2,0,2
WBGene00022870.,4,6,10
WBGene00022871.,2,54,56
WBGene00022872.,3,8,11
WBGene00022873.,2,31,33
WBGene00022874.,55,217,272
WBGene00022875.,0,1,1
WBGene00022876.,1,5,6
WBGene00022877.,0,1,1
WBGene00022880.,86,674,760
WBGene00022881.,33,544,577
WBGene00022882.,48,400,448
WBGene00022883.,13,304,317
WBGene00022884.,0,35,35
WBGene00022885.,66,716,782
WBGene00022886.,3,2,5
WBGene00022887.,96,1526,1622
WBGene00022888.,18,2,20
WBGene00022889.,2,5,7
WBGene00022890.,0,1,1
WBGene00022891.,4,14,18
WBGene00022892.,4,6,10
WBGene00022893.,59,327,386
WBGene00022894.,0,0,0
WBGene00022895.,0,0,0
WBGene00022896.,0,0,0
WBGene00022897.,0,0,0
WBGene00022898.,0,2,2
WBGene00022899.,0,0,0
WBGene00022900.,0,0,0
WBGene00022901.,0,0,0
WBGene00022902.,0,0,0
WBGene00022903.,0,0,0
WBGene00022904.,0,0,0
WBGene00022905.,0,0,0
WBGene00022906.,0,0,0
WBGene00022907.,0,0,0
WBGene00022908.,0,0,0
WBGene00022909.,0,2,2
WBGene00022910.,0,0,0
WBGene00022911.,0,0,0
WBGene00022912.,0,0,0
WBGene00022913.,0,0,0
WBGene00022914.,0,0,0
WBGene00022915.,0,0,0
WBGene00022916.,0,11,11
WBGene00022917.,0,24,24
WBGene00022918.,0,0,0
WBGene00022919.,0,12,12
WBGene00022920.,0,0,0
WBGene00022921.,0,0,0
WBGene00022922.,0,9,9
WBGene00022923.,0,0,0
WBGene00022924.,0,0,0
WBGene00022925.,0,0,0
WBGene00022926.,0,11,11
WBGene00022927.,0,2,2
WBGene00022928.,0,0,0
WBGene00022929.,0,2,2
WBGene00022930.,0,0,0
WBGene00022931.,0,0,0
WBGene00022932.,0,23,23
WBGene00022933.,0,0,0
WBGene00022934.,0,0,0
WBGene00022935.,0,0,0
WBGene00022936.,0,1,1
WBGene00022937.,0,0,0
WBGene00022938.,0,0,0
WBGene00022939.,0,0,0
WBGene00022940.,0,1,1
WBGene00022941.,0,2,2
WBGene00022942.,0,0,0
WBGene00022943.,0,1,1
WBGene00022944.,0,0,0
WBGene00022945.,0,0,0
WBGene00022946.,0,0,0
WBGene00022947.,0,0,0
WBGene00022948.,0,1,1
WBGene00022949.,0,0,0
WBGene00022950.,0,1,1
WBGene00022951.,0,298455,298455
WBGene00022952.,0,3,3
WBGene00022953.,0,0,0
WBGene00022954.,0,0,0
WBGene00022955.,0,0,0
WBGene00022956.,0,13,13
WBGene00022957.,0,0,0
WBGene00022958.,0,0,0
WBGene00022959.,0,0,0
WBGene00022960.,0,0,0
WBGene00022961.,0,0,0
WBGene00022962.,0,9,9
WBGene00022963.,0,1,1
WBGene00022964.,0,0,0
WBGene00022965.,0,0,0
WBGene00022966.,0,0,0
WBGene00022967.,0,0,0
WBGene00022968.,0,0,0
WBGene00022969.,0,0,0
WBGene00022970.,0,138,138
WBGene00022971.,0,1,1
WBGene00022972.,0,0,0
WBGene00022973.,0,0,0
WBGene00022974.,0,0,0
WBGene00022975.,0,0,0
WBGene00022976.,0,0,0
WBGene00022977.,0,0,0
WBGene00022978.,0,0,0
WBGene00022979.,0,0,0
WBGene00022980.,0,0,0
WBGene00022981.,0,1,1
WBGene00022982.,0,306,306
WBGene00022983.,0,68,68
WBGene00022984.,0,0,0
WBGene00022985.,0,8,8
WBGene00022986.,0,1,1
WBGene00022987.,0,0,0
WBGene00022988.,0,0,0
WBGene00022989.,0,0,0
WBGene00022990.,0,0,0
WBGene00022991.,0,0,0
WBGene00022992.,0,0,0
WBGene00022993.,0,0,0
WBGene00022994.,0,0,0
WBGene00022995.,0,0,0
WBGene00022996.,0,0,0
WBGene00022997.,0,0,0
WBGene00022998.,0,0,0
WBGene00022999.,0,3,3
WBGene00023000.,0,0,0
WBGene00023001.,0,0,0
WBGene00023002.,0,7,7
WBGene00023003.,0,0,0
WBGene00023004.,0,0,0
WBGene00023005.,0,0,0
WBGene00023006.,0,1,1
WBGene00023007.,0,0,0
WBGene00023008.,0,0,0
WBGene00023009.,0,0,0
WBGene00023010.,0,0,0
WBGene00023011.,0,0,0
WBGene00023012.,0,0,0
WBGene00023013.,0,0,0
WBGene00023014.,0,0,0
WBGene00023015.,0,0,0
WBGene00023016.,0,0,0
WBGene00023017.,0,0,0
WBGene00023018.,0,0,0
WBGene00023019.,0,0,0
WBGene00023020.,0,248,248
WBGene00023021.,0,792,792
WBGene00023022.,0,0,0
WBGene00023023.,0,0,0
WBGene00023024.,0,0,0
WBGene00023025.,0,0,0
WBGene00023026.,0,0,0
WBGene00023027.,0,0,0
WBGene00023028.,0,0,0
WBGene00023029.,0,0,0
WBGene00023030.,0,0,0
WBGene00023031.,0,0,0
WBGene00023032.,0,0,0
WBGene00023033.,0,0,0
WBGene00023034.,0,0,0
WBGene00023035.,0,0,0
WBGene00023036.,217,1560,1777
WBGene00023037.,0,0,0
WBGene00023038.,0,0,0
WBGene00023039.,11,39,50
WBGene00023040.,0,0,0
WBGene00023041.,0,3,3
WBGene00023042.,0,0,0
WBGene00023043.,0,0,0
WBGene00023044.,0,0,0
WBGene00023045.,0,1,1
WBGene00023046.,0,0,0
WBGene00023047.,0,0,0
WBGene00023048.,0,1,1
WBGene00023049.,0,1,1
WBGene00023050.,0,0,0
WBGene00023051.,0,0,0
WBGene00023052.,0,0,0
WBGene00023053.,0,0,0
WBGene00023054.,0,0,0
WBGene00023055.,0,0,0
WBGene00023056.,0,2,2
WBGene00023057.,0,0,0
WBGene00023058.,0,0,0
WBGene00023059.,0,0,0
WBGene00023060.,0,10,10
WBGene00023061.,0,0,0
WBGene00023062.,0,0,0
WBGene00023063.,0,0,0
WBGene00023064.,0,0,0
WBGene00023065.,0,0,0
WBGene00023066.,0,85,85
WBGene00023067.,3548,6653,10201
WBGene00023068.,157444,228745,386189
WBGene00023069.,10,1326,1336
WBGene00023070.,0,1,1
WBGene00023071.,0,0,0
WBGene00023072.,0,0,0
WBGene00023073.,0,0,0
WBGene00023074.,0,0,0
WBGene00023075.,0,0,0
WBGene00023076.,0,0,0
WBGene00023077.,0,0,0
WBGene00023078.,0,0,0
WBGene00023079.,0,0,0
WBGene00023080.,0,0,0
WBGene00023081.,0,0,0
WBGene00023082.,0,0,0
WBGene00023083.,0,38,38
WBGene00023084.,0,5,5
WBGene00023085.,0,0,0
WBGene00023086.,0,0,0
WBGene00023087.,0,0,0
WBGene00023088.,0,0,0
WBGene00023089.,0,0,0
WBGene00023090.,0,0,0
WBGene00023091.,0,0,0
WBGene00023092.,0,0,0
WBGene00023093.,0,0,0
WBGene00023094.,0,0,0
WBGene00023095.,0,0,0
WBGene00023096.,0,0,0
WBGene00023097.,0,0,0
WBGene00023098.,0,0,0
WBGene00023099.,0,0,0
WBGene00023100.,0,3,3
WBGene00023101.,0,0,0
WBGene00023102.,0,0,0
WBGene00023103.,0,0,0
WBGene00023104.,41,61,102
WBGene00023105.,0,0,0
WBGene00023106.,0,0,0
WBGene00023107.,0,0,0
WBGene00023108.,0,0,0
WBGene00023109.,0,3,3
WBGene00023110.,0,0,0
WBGene00023111.,0,0,0
WBGene00023112.,0,0,0
WBGene00023113.,0,3,3
WBGene00023115.,0,0,0
WBGene00023116.,0,1,1
WBGene00023117.,0,0,0
WBGene00023118.,0,0,0
WBGene00023119.,0,1,1
WBGene00023120.,0,0,0
WBGene00023121.,0,0,0
WBGene00023122.,0,2,2
WBGene00023123.,0,0,0
WBGene00023124.,0,0,0
WBGene00023125.,0,2,2
WBGene00023126.,0,0,0
WBGene00023127.,0,0,0
WBGene00023128.,0,0,0
WBGene00023129.,0,0,0
WBGene00023130.,0,0,0
WBGene00023131.,0,1,1
WBGene00023132.,0,0,0
WBGene00023133.,0,0,0
WBGene00023134.,0,0,0
WBGene00023135.,0,3,3
WBGene00023136.,0,0,0
WBGene00023137.,0,0,0
WBGene00023138.,0,0,0
WBGene00023139.,0,0,0
WBGene00023140.,0,0,0
WBGene00023141.,0,0,0
WBGene00023142.,0,8,8
WBGene00023143.,0,0,0
WBGene00023144.,0,0,0
WBGene00023145.,0,0,0
WBGene00023146.,0,0,0
WBGene00023147.,2,4,6
WBGene00023148.,0,0,0
WBGene00023149.,0,0,0
WBGene00023150.,0,4,4
WBGene00023151.,0,0,0
WBGene00023152.,0,0,0
WBGene00023153.,0,0,0
WBGene00023154.,0,0,0
WBGene00023155.,0,0,0
WBGene00023156.,0,0,0
WBGene00023157.,0,0,0
WBGene00023158.,0,0,0
WBGene00023159.,0,0,0
WBGene00023160.,0,0,0
WBGene00023161.,0,1,1
WBGene00023162.,0,4,4
WBGene00023163.,0,2,2
WBGene00023164.,0,0,0
WBGene00023165.,0,0,0
WBGene00023166.,0,0,0
WBGene00023167.,0,0,0
WBGene00023168.,0,0,0
WBGene00023169.,0,0,0
WBGene00023170.,0,0,0
WBGene00023171.,0,0,0
WBGene00023172.,13,55,68
WBGene00023173.,0,2,2
WBGene00023174.,0,1,1
WBGene00023175.,0,0,0
WBGene00023176.,0,0,0
WBGene00023177.,0,0,0
WBGene00023178.,0,0,0
WBGene00023179.,0,0,0
WBGene00023180.,0,0,0
WBGene00023181.,0,0,0
WBGene00023182.,0,2,2
WBGene00023183.,0,14,14
WBGene00023184.,0,0,0
WBGene00023185.,0,0,0
WBGene00023186.,0,0,0
WBGene00023187.,0,0,0
WBGene00023188.,0,0,0
WBGene00023189.,0,0,0
WBGene00023190.,0,0,0
WBGene00023191.,8,9,17
WBGene00023192.,0,0,0
WBGene00023193.,0,31,31
WBGene00023194.,0,1,1
WBGene00023195.,0,0,0
WBGene00023196.,0,0,0
WBGene00023197.,0,0,0
WBGene00023198.,0,0,0
WBGene00023199.,0,0,0
WBGene00023200.,0,0,0
WBGene00023201.,0,0,0
WBGene00023202.,0,0,0
WBGene00023203.,0,4,4
WBGene00023204.,0,2,2
WBGene00023205.,0,29,29
WBGene00023206.,0,0,0
WBGene00023207.,0,0,0
WBGene00023208.,0,0,0
WBGene00023209.,49,8176,8225
WBGene00023210.,0,0,0
WBGene00023211.,0,0,0
WBGene00023212.,0,1,1
WBGene00023213.,0,0,0
WBGene00023214.,0,0,0
WBGene00023215.,0,0,0
WBGene00023216.,0,0,0
WBGene00023217.,0,0,0
WBGene00023218.,0,0,0
WBGene00023219.,0,0,0
WBGene00023220.,0,0,0
WBGene00023221.,0,0,0
WBGene00023222.,0,0,0
WBGene00023223.,23,71,94
WBGene00023224.,0,4,4
WBGene00023225.,0,4,4
WBGene00023226.,1,9,10
WBGene00023227.,0,0,0
WBGene00023228.,0,0,0
WBGene00023229.,0,0,0
WBGene00023230.,0,0,0
WBGene00023231.,0,0,0
WBGene00023232.,0,0,0
WBGene00023233.,0,2,2
WBGene00023234.,0,0,0
WBGene00023235.,0,1,1
WBGene00023236.,0,0,0
WBGene00023237.,0,4,4
WBGene00023238.,0,3,3
WBGene00023239.,3,5,8
WBGene00023240.,0,0,0
WBGene00023241.,0,1,1
WBGene00023242.,0,0,0
WBGene00023243.,2,0,2
WBGene00023244.,8,3,11
WBGene00023245.,6,182,188
WBGene00023246.,0,25,25
WBGene00023247.,0,5,5
WBGene00023248.,1,1,2
WBGene00023249.,0,4,4
WBGene00023250.,0,0,0
WBGene00023251.,0,0,0
WBGene00023252.,0,41,41
WBGene00023253.,0,0,0
WBGene00023254.,0,0,0
WBGene00023255.,0,0,0
WBGene00023256.,0,0,0
WBGene00023257.,0,0,0
WBGene00023259.,1,1,2
WBGene00023260.,0,0,0
WBGene00023262.,0,3,3
WBGene00023263.,0,13926,13926
WBGene00023264.,34,8,42
WBGene00023265.,0,0,0
WBGene00023266.,0,0,0
WBGene00023267.,0,1,1
WBGene00023268.,0,2,2
WBGene00023269.,0,0,0
WBGene00023270.,5,24,29
WBGene00023271.,0,3,3
WBGene00023272.,1,0,1
WBGene00023273.,5,21,26
WBGene00023274.,1,2,3
WBGene00023275.,0,2,2
WBGene00023276.,0,35,35
WBGene00023277.,1,24,25
WBGene00023278.,0,2,2
WBGene00023279.,0,5,5
WBGene00023281.,1,17,18
WBGene00023282.,0,11,11
WBGene00023283.,0,0,0
WBGene00023284.,1,268,269
WBGene00023285.,0,8,8
WBGene00023287.,1,3,4
WBGene00023288.,0,1,1
WBGene00023289.,0,0,0
WBGene00023290.,0,0,0
WBGene00023291.,0,0,0
WBGene00023293.,0,20,20
WBGene00023294.,0,7,7
WBGene00023295.,0,0,0
WBGene00023296.,0,0,0
WBGene00023297.,0,0,0
WBGene00023298.,0,0,0
WBGene00023299.,0,0,0
WBGene00023300.,0,0,0
WBGene00023301.,0,0,0
WBGene00023302.,4,222,226
WBGene00023303.,4,7,11
WBGene00023304.,0,0,0
WBGene00023305.,0,0,0
WBGene00023306.,1,2,3
WBGene00023307.,0,0,0
WBGene00023308.,27,7,34
WBGene00023309.,0,2,2
WBGene00023310.,0,0,0
WBGene00023311.,0,2,2
WBGene00023312.,0,0,0
WBGene00023313.,0,7,7
WBGene00023314.,0,10,10
WBGene00023315.,0,0,0
WBGene00023316.,0,7,7
WBGene00023317.,0,1,1
WBGene00023318.,4,111,115
WBGene00023319.,0,5,5
WBGene00023320.,0,6,6
WBGene00023321.,0,0,0
WBGene00023322.,0,0,0
WBGene00023323.,15,162,177
WBGene00023324.,0,0,0
WBGene00023325.,1,4,5
WBGene00023326.,0,12,12
WBGene00023327.,0,2,2
WBGene00023328.,0,0,0
WBGene00023329.,0,0,0
WBGene00023330.,14,11,25
WBGene00023331.,0,4,4
WBGene00023332.,0,0,0
WBGene00023333.,0,0,0
WBGene00023334.,0,0,0
WBGene00023335.,0,0,0
WBGene00023336.,1,0,1
WBGene00023337.,2,1,3
WBGene00023338.,1,0,1
WBGene00023339.,0,0,0
WBGene00023340.,0,0,0
WBGene00023341.,0,0,0
WBGene00023342.,0,0,0
WBGene00023343.,0,0,0
WBGene00023344.,0,0,0
WBGene00023345.,0,0,0
WBGene00023346.,0,0,0
WBGene00023348.,0,6,6
WBGene00023349.,0,7,7
WBGene00023351.,0,4,4
WBGene00023352.,0,0,0
WBGene00023353.,0,1,1
WBGene00023354.,0,0,0
WBGene00023355.,184,68,252
WBGene00023356.,0,2,2
WBGene00023357.,0,0,0
WBGene00023358.,0,9,9
WBGene00023359.,0,0,0
WBGene00023360.,0,0,0
WBGene00023361.,0,0,0
WBGene00023362.,0,0,0
WBGene00023363.,0,0,0
WBGene00023364.,0,35,35
WBGene00023365.,0,0,0
WBGene00023366.,0,0,0
WBGene00023367.,0,0,0
WBGene00023368.,0,0,0
WBGene00023369.,0,0,0
WBGene00023370.,0,0,0
WBGene00023371.,0,0,0
WBGene00023372.,0,0,0
WBGene00023373.,0,9,9
WBGene00023375.,0,0,0
WBGene00023376.,0,7,7
WBGene00023377.,0,1,1
WBGene00023378.,0,0,0
WBGene00023379.,0,0,0
WBGene00023380.,0,0,0
WBGene00023381.,0,11,11
WBGene00023382.,0,0,0
WBGene00023383.,0,0,0
WBGene00023384.,0,4,4
WBGene00023385.,0,0,0
WBGene00023386.,0,0,0
WBGene00023387.,0,0,0
WBGene00023388.,0,0,0
WBGene00023389.,0,0,0
WBGene00023390.,0,3,3
WBGene00023391.,0,0,0
WBGene00023392.,0,0,0
WBGene00023393.,0,0,0
WBGene00023394.,0,0,0
WBGene00023395.,3,28,31
WBGene00023396.,0,12,12
WBGene00023397.,0,2,2
WBGene00023398.,0,0,0
WBGene00023399.,0,3,3
WBGene00023400.,0,8,8
WBGene00023401.,0,3672,3672
WBGene00023402.,0,0,0
WBGene00023404.,59,273,332
WBGene00023405.,106,1167,1273
WBGene00023407.,474,15206,15680
WBGene00023408.,139,6905,7044
WBGene00023409.,48,567,615
WBGene00023410.,7,2,9
WBGene00023411.,3,11,14
WBGene00023413.,0,28,28
WBGene00023414.,195,464,659
WBGene00023415.,95,273,368
WBGene00023416.,52,752,804
WBGene00023417.,19,1600,1619
WBGene00023418.,19,922,941
WBGene00023419.,33,297,330
WBGene00023420.,1,10,11
WBGene00023421.,44,284,328
WBGene00023422.,82,633,715
WBGene00023423.,67,124,191
WBGene00023424.,2,13,15
WBGene00023425.,2,7,9
WBGene00023427.,42,168,210
WBGene00023428.,0,0,0
WBGene00023429.,0,0,0
WBGene00023430.,0,0,0
WBGene00023431.,231,508,739
WBGene00023432.,103,1041,1144
WBGene00023450.,101,389,490
WBGene00023451.,9,90,99
WBGene00023452.,0,0,0
WBGene00023453.,0,6,6
WBGene00023454.,0,0,0
WBGene00023455.,0,0,0
WBGene00023456.,0,0,0
WBGene00023457.,0,0,0
WBGene00023458.,34,1194,1228
WBGene00023459.,1,5,6
WBGene00023460.,3,33,36
WBGene00023461.,0,0,0
WBGene00023462.,4,4,8
WBGene00023463.,2,0,2
WBGene00023464.,5,2,7
WBGene00023465.,4,14,18
WBGene00023466.,0,0,0
WBGene00023467.,0,0,0
WBGene00023468.,0,0,0
WBGene00023469.,0,0,0
WBGene00023470.,5,7,12
WBGene00023471.,10,1,11
WBGene00023472.,74,820,894
WBGene00023474.,3,11,14
WBGene00023475.,3,1,4
WBGene00023476.,0,5,5
WBGene00023477.,0,8,8
WBGene00023478.,1,4,5
WBGene00023479.,1,1,2
WBGene00023480.,7,10,17
WBGene00023481.,0,16,16
WBGene00023482.,0,0,0
WBGene00023483.,0,6,6
WBGene00023484.,6,6,12
WBGene00023485.,5,918,923
WBGene00023486.,17,220,237
WBGene00023487.,102,3148,3250
WBGene00023488.,19,22,41
WBGene00023489.,579,53,632
WBGene00023490.,39,484,523
WBGene00023491.,190,462,652
WBGene00023492.,14,119,133
WBGene00023493.,1,22,23
WBGene00023497.,117,956,1073
WBGene00023498.,26,945,971
WBGene00023499.,10,5,15
WBGene00023500.,19,168,187
WBGene00023501.,64,533,597
WBGene00023502.,76,198,274
WBGene00023503.,12,39,51
WBGene00023504.,164,923,1087
WBGene00023505.,3,5,8
WBGene00023506.,0,2,2
WBGene00023507.,2,1,3
WBGene00023508.,2,5,7
WBGene00023509.,0,3,3
WBGene00023510.,2,1,3
WBGene00023511.,4,5,9
WBGene00023512.,0,0,0
WBGene00023513.,0,0,0
WBGene00023514.,7,10,17
WBGene00023515.,7,44,51
WBGene00023516.,0,0,0
WBGene00023517.,1,10,11
WBGene00023518.,0,0,0
WBGene00023519.,6,39,45
WBGene00023520.,31,109,140
WBGene00043049.,23,91,114
WBGene00043050.,314,2465,2779
WBGene00043051.,135,565,700
WBGene00043052.,2,2,4
WBGene00043053.,249,73,322
WBGene00043054.,36,307,343
WBGene00043055.,0,0,0
WBGene00043056.,125,320,445
WBGene00043057.,84,562,646
WBGene00043058.,0,1,1
WBGene00043059.,6,5,11
WBGene00043060.,270,1767,2037
WBGene00043061.,14,22,36
WBGene00043062.,7,123,130
WBGene00043064.,21,1731,1752
WBGene00043065.,7,18,25
WBGene00043066.,13,30,43
WBGene00043067.,18,300,318
WBGene00043068.,11,169,180
WBGene00043069.,14,18,32
WBGene00043097.,147,2573,2720
WBGene00043120.,6,44,50
WBGene00043147.,0,8,8
WBGene00043156.,42,102,144
WBGene00043187.,0,28,28
WBGene00043239.,14,0,14
WBGene00043279.,97,763,860
WBGene00043283.,2,1,3
WBGene00043297.,300,3641,3941
WBGene00043302.,39,297,336
WBGene00043308.,4,181,185
WBGene00043327.,0,0,0
WBGene00043328.,0,0,0
WBGene00043466.,3,1,4
WBGene00043469.,0,2,2
WBGene00043534.,30,57,87
WBGene00043666.,0,4,4
WBGene00043702.,2,99,101
WBGene00043705.,52,245,297
WBGene00043743.,0,0,0
WBGene00043948.,0,0,0
WBGene00043952.,27,13,40
WBGene00043980.,3,4,7
WBGene00043981.,25,36,61
WBGene00043982.,142,1465,1607
WBGene00043983.,36,500,536
WBGene00043984.,0,2,2
WBGene00043985.,10,79,89
WBGene00043986.,3,5,8
WBGene00043987.,0,0,0
WBGene00043988.,99,68,167
WBGene00043989.,0,0,0
WBGene00043990.,0,0,0
WBGene00043991.,0,0,0
WBGene00043992.,55,268,323
WBGene00043993.,3,26,29
WBGene00043994.,41,818,859
WBGene00043995.,154,604,758
WBGene00043996.,68,31,99
WBGene00043997.,61,285,346
WBGene00043998.,6,118,124
WBGene00044000.,4,13,17
WBGene00044001.,33,1139,1172
WBGene00044002.,0,4,4
WBGene00044003.,9,1,10
WBGene00044004.,0,7,7
WBGene00044005.,0,0,0
WBGene00044006.,86,831,917
WBGene00044007.,88,841,929
WBGene00044008.,138,1089,1227
WBGene00044009.,91,706,797
WBGene00044011.,2,3,5
WBGene00044012.,1,2,3
WBGene00044013.,2,2,4
WBGene00044014.,0,1,1
WBGene00044015.,3,107,110
WBGene00044016.,2,13,15
WBGene00044018.,1,1,2
WBGene00044019.,42,385,427
WBGene00044020.,5,54,59
WBGene00044021.,97,592,689
WBGene00044022.,2,3,5
WBGene00044024.,2,9,11
WBGene00044025.,188,2601,2789
WBGene00044026.,47,1802,1849
WBGene00044027.,1,23,24
WBGene00044028.,14,278,292
WBGene00044029.,78,741,819
WBGene00044030.,8,8,16
WBGene00044031.,0,2,2
WBGene00044032.,3,13,16
WBGene00044034.,0,70,70
WBGene00044035.,30,361,391
WBGene00044036.,0,2,2
WBGene00044037.,0,2,2
WBGene00044038.,24,12,36
WBGene00044040.,0,0,0
WBGene00044041.,10,5,15
WBGene00044042.,0,0,0
WBGene00044043.,0,3,3
WBGene00044044.,1,8,9
WBGene00044045.,52,248,300
WBGene00044046.,0,0,0
WBGene00044047.,0,5,5
WBGene00044048.,13,15,28
WBGene00044049.,552,3243,3795
WBGene00044051.,0,6,6
WBGene00044052.,0,3,3
WBGene00044053.,7,154,161
WBGene00044054.,14,4,18
WBGene00044056.,7,5,12
WBGene00044057.,0,2,2
WBGene00044058.,3,4,7
WBGene00044059.,0,0,0
WBGene00044061.,126,499,625
WBGene00044062.,0,4,4
WBGene00044063.,81,1846,1927
WBGene00044065.,130,316,446
WBGene00044066.,1,35,36
WBGene00044067.,3,319,322
WBGene00044068.,477,3478,3955
WBGene00044069.,45,563,608
WBGene00044070.,105,1455,1560
WBGene00044071.,114,1044,1158
WBGene00044072.,282,1272,1554
WBGene00044073.,14,76,90
WBGene00044074.,12,4,16
WBGene00044077.,135,1874,2009
WBGene00044078.,2126,17888,20014
WBGene00044079.,341,2017,2358
WBGene00044080.,0,2,2
WBGene00044081.,1,6,7
WBGene00044082.,59,1439,1498
WBGene00044083.,1,0,1
WBGene00044084.,4,2,6
WBGene00044085.,0,6,6
WBGene00044086.,1,2,3
WBGene00044087.,15,3,18
WBGene00044088.,2,1,3
WBGene00044089.,0,0,0
WBGene00044090.,4,5,9
WBGene00044091.,8,32,40
WBGene00044092.,6,16,22
WBGene00044093.,3,16,19
WBGene00044094.,37,449,486
WBGene00044095.,5,13,18
WBGene00044096.,0,1,1
WBGene00044097.,0,0,0
WBGene00044099.,0,0,0
WBGene00044100.,1,1,2
WBGene00044101.,1,1,2
WBGene00044102.,3,11,14
WBGene00044103.,0,6,6
WBGene00044104.,7,6,13
WBGene00044105.,0,1,1
WBGene00044106.,1,4,5
WBGene00044107.,1,30,31
WBGene00044109.,0,0,0
WBGene00044112.,4,8,12
WBGene00044113.,1,24,25
WBGene00044114.,4,3,7
WBGene00044115.,3,7,10
WBGene00044116.,0,5,5
WBGene00044117.,0,10,10
WBGene00044119.,0,2,2
WBGene00044120.,23,135,158
WBGene00044121.,3,14,17
WBGene00044122.,30,51,81
WBGene00044124.,3,4,7
WBGene00044125.,32,23,55
WBGene00044126.,4,4,8
WBGene00044127.,2,1,3
WBGene00044128.,0,2,2
WBGene00044129.,0,1,1
WBGene00044130.,1,1,2
WBGene00044131.,0,0,0
WBGene00044132.,33,174,207
WBGene00044133.,3,1,4
WBGene00044134.,49,329,378
WBGene00044135.,17,127,144
WBGene00044136.,3,0,3
WBGene00044137.,0,36,36
WBGene00044138.,22,88,110
WBGene00044139.,6,70,76
WBGene00044140.,0,8,8
WBGene00044141.,0,84,84
WBGene00044142.,6,15,21
WBGene00044143.,311,1385,1696
WBGene00044144.,14,380,394
WBGene00044145.,0,9,9
WBGene00044146.,1,5,6
WBGene00044147.,0,1,1
WBGene00044148.,3,5,8
WBGene00044149.,0,0,0
WBGene00044150.,6,9,15
WBGene00044151.,59,352,411
WBGene00044152.,8,34,42
WBGene00044153.,13,19,32
WBGene00044154.,2,11,13
WBGene00044155.,44,29,73
WBGene00044156.,8,87,95
WBGene00044157.,0,0,0
WBGene00044158.,5,3,8
WBGene00044159.,0,0,0
WBGene00044160.,10,3,13
WBGene00044161.,2,18,20
WBGene00044162.,0,1,1
WBGene00044163.,10,11,21
WBGene00044164.,2,1,3
WBGene00044166.,6,108,114
WBGene00044167.,46,539,585
WBGene00044168.,8,166,174
WBGene00044169.,3,20,23
WBGene00044170.,0,23,23
WBGene00044171.,0,2,2
WBGene00044174.,0,7,7
WBGene00044175.,0,5,5
WBGene00044176.,58,967,1025
WBGene00044177.,1,8,9
WBGene00044178.,0,0,0
WBGene00044179.,1,2,3
WBGene00044180.,73,108,181
WBGene00044181.,2,3,5
WBGene00044182.,1,8,9
WBGene00044183.,0,2,2
WBGene00044184.,2,22,24
WBGene00044185.,0,3,3
WBGene00044187.,1649,16,1665
WBGene00044188.,55,418,473
WBGene00044189.,0,13,13
WBGene00044191.,131,1039,1170
WBGene00044192.,0,6,6
WBGene00044193.,0,21,21
WBGene00044194.,0,0,0
WBGene00044195.,1,2,3
WBGene00044196.,0,0,0
WBGene00044197.,0,13,13
WBGene00044198.,2,22,24
WBGene00044199.,3,1,4
WBGene00044200.,87,380,467
WBGene00044201.,0,333,333
WBGene00044202.,2,3,5
WBGene00044203.,1,5,6
WBGene00044204.,28,467,495
WBGene00044205.,2,159,161
WBGene00044206.,35,676,711
WBGene00044207.,0,0,0
WBGene00044208.,0,1,1
WBGene00044209.,5,51,56
WBGene00044210.,106,855,961
WBGene00044211.,2,16,18
WBGene00044212.,3,1,4
WBGene00044213.,6,37,43
WBGene00044215.,0,0,0
WBGene00044216.,0,1,1
WBGene00044217.,0,25,25
WBGene00044218.,4,207,211
WBGene00044219.,0,0,0
WBGene00044220.,0,11,11
WBGene00044221.,29,521,550
WBGene00044222.,0,8,8
WBGene00044224.,17,119,136
WBGene00044225.,0,14,14
WBGene00044226.,0,13,13
WBGene00044227.,3,9,12
WBGene00044228.,23,48,71
WBGene00044229.,5,4,9
WBGene00044230.,3,5,8
WBGene00044232.,24,4,28
WBGene00044233.,51,199,250
WBGene00044235.,0,1,1
WBGene00044236.,2,636,638
WBGene00044237.,2,0,2
WBGene00044238.,44,163,207
WBGene00044239.,33,1023,1056
WBGene00044240.,9,13,22
WBGene00044241.,14,95,109
WBGene00044242.,0,2,2
WBGene00044243.,3,22,25
WBGene00044244.,0,0,0
WBGene00044245.,0,41,41
WBGene00044246.,0,0,0
WBGene00044247.,2,10,12
WBGene00044249.,13,16,29
WBGene00044250.,4,13,17
WBGene00044251.,29,181,210
WBGene00044253.,9,187,196
WBGene00044256.,2,0,2
WBGene00044257.,2,14,16
WBGene00044258.,48,55,103
WBGene00044259.,1,3,4
WBGene00044260.,38,2672,2710
WBGene00044261.,7,2,9
WBGene00044262.,27,98,125
WBGene00044263.,0,2,2
WBGene00044264.,1,4,5
WBGene00044265.,28,209,237
WBGene00044266.,0,8,8
WBGene00044267.,1,0,1
WBGene00044268.,6,19,25
WBGene00044270.,2,2,4
WBGene00044271.,0,0,0
WBGene00044272.,0,7,7
WBGene00044273.,0,0,0
WBGene00044274.,0,1,1
WBGene00044275.,0,1,1
WBGene00044276.,0,1,1
WBGene00044277.,0,1,1
WBGene00044278.,0,0,0
WBGene00044279.,1,6,7
WBGene00044280.,1811,1237,3048
WBGene00044281.,4,15,19
WBGene00044282.,1,2,3
WBGene00044283.,982,3648,4630
WBGene00044284.,2,14,16
WBGene00044285.,0,3,3
WBGene00044286.,2,1,3
WBGene00044287.,1,8,9
WBGene00044288.,9,36,45
WBGene00044289.,151,4867,5018
WBGene00044290.,280,318,598
WBGene00044291.,74,455,529
WBGene00044292.,2,26,28
WBGene00044293.,2,8,10
WBGene00044294.,147,453,600
WBGene00044295.,3,74,77
WBGene00044296.,7,121,128
WBGene00044297.,25,82,107
WBGene00044298.,0,1,1
WBGene00044299.,5,16,21
WBGene00044300.,11,19,30
WBGene00044301.,430,5566,5996
WBGene00044302.,4,12,16
WBGene00044303.,40,271,311
WBGene00044304.,124,298,422
WBGene00044305.,36,703,739
WBGene00044306.,1,2,3
WBGene00044307.,0,2,2
WBGene00044308.,7,59,66
WBGene00044309.,2,5,7
WBGene00044310.,44,187,231
WBGene00044311.,15,229,244
WBGene00044312.,24,137,161
WBGene00044313.,7,67,74
WBGene00044314.,1,0,1
WBGene00044315.,2,4,6
WBGene00044316.,189,1435,1624
WBGene00044317.,1,25,26
WBGene00044318.,62,1785,1847
WBGene00044319.,9,407,416
WBGene00044321.,126,914,1040
WBGene00044322.,23,845,868
WBGene00044323.,47,578,625
WBGene00044324.,9,1458,1467
WBGene00044325.,39,650,689
WBGene00044326.,195,1543,1738
WBGene00044329.,80,1004,1084
WBGene00044330.,18,331,349
WBGene00044331.,2,1,3
WBGene00044332.,0,13,13
WBGene00044333.,1,5,6
WBGene00044337.,0,1,1
WBGene00044338.,2,365,367
WBGene00044339.,0,14,14
WBGene00044340.,0,2,2
WBGene00044341.,83,579,662
WBGene00044342.,155,300,455
WBGene00044343.,4,13,17
WBGene00044344.,52,646,698
WBGene00044345.,44,374,418
WBGene00044346.,0,0,0
WBGene00044347.,10,2,12
WBGene00044348.,333,162,495
WBGene00044349.,26,80,106
WBGene00044350.,294,1295,1589
WBGene00044352.,3,2,5
WBGene00044353.,20,51,71
WBGene00044354.,9,130,139
WBGene00044355.,4,70,74
WBGene00044356.,0,3,3
WBGene00044357.,0,0,0
WBGene00044358.,25,8,33
WBGene00044359.,1,24,25
WBGene00044360.,0,6,6
WBGene00044361.,0,2,2
WBGene00044362.,0,1,1
WBGene00044363.,13,124,137
WBGene00044364.,0,4,4
WBGene00044365.,0,3,3
WBGene00044366.,0,9,9
WBGene00044367.,11,135,146
WBGene00044368.,84,33,117
WBGene00044369.,0,0,0
WBGene00044370.,0,1,1
WBGene00044371.,0,1,1
WBGene00044372.,0,0,0
WBGene00044373.,7,271,278
WBGene00044374.,5,29,34
WBGene00044375.,0,118,118
WBGene00044376.,0,10,10
WBGene00044377.,0,0,0
WBGene00044378.,0,0,0
WBGene00044379.,0,4,4
WBGene00044380.,4,25,29
WBGene00044381.,5,6,11
WBGene00044382.,1,74,75
WBGene00044383.,0,9,9
WBGene00044384.,14,1,15
WBGene00044385.,1,5,6
WBGene00044386.,9,65,74
WBGene00044387.,64,1383,1447
WBGene00044388.,0,0,0
WBGene00044389.,570,8123,8693
WBGene00044390.,3,34,37
WBGene00044391.,69,62,131
WBGene00044392.,7,35,42
WBGene00044393.,0,1,1
WBGene00044394.,2,21,23
WBGene00044395.,3,17,20
WBGene00044396.,46,779,825
WBGene00044397.,0,11,11
WBGene00044398.,0,3,3
WBGene00044399.,4,3,7
WBGene00044401.,120,1539,1659
WBGene00044402.,8,4,12
WBGene00044403.,17,97,114
WBGene00044405.,5,0,5
WBGene00044406.,12,245,257
WBGene00044409.,21,105,126
WBGene00044410.,55,289,344
WBGene00044411.,102,845,947
WBGene00044412.,14,482,496
WBGene00044413.,497,224,721
WBGene00044414.,7,35,42
WBGene00044415.,0,1,1
WBGene00044416.,0,1,1
WBGene00044417.,0,12,12
WBGene00044418.,353,2063,2416
WBGene00044419.,11,4,15
WBGene00044420.,9,388,397
WBGene00044421.,99,572,671
WBGene00044423.,16,58,74
WBGene00044424.,1,12,13
WBGene00044425.,0,1,1
WBGene00044427.,9,42,51
WBGene00044428.,22,11,33
WBGene00044429.,2,2,4
WBGene00044430.,2,1,3
WBGene00044431.,202,1210,1412
WBGene00044432.,1,1,2
WBGene00044433.,220,1970,2190
WBGene00044434.,13,6,19
WBGene00044435.,0,33,33
WBGene00044436.,10,180,190
WBGene00044437.,50,46,96
WBGene00044438.,149,405,554
WBGene00044439.,0,6,6
WBGene00044440.,98,204,302
WBGene00044441.,0,10,10
WBGene00044442.,17,1474,1491
WBGene00044443.,184,5912,6096
WBGene00044444.,6,2,8
WBGene00044445.,103,533,636
WBGene00044446.,2,9,11
WBGene00044447.,0,1,1
WBGene00044448.,0,7,7
WBGene00044449.,0,1,1
WBGene00044450.,0,2,2
WBGene00044451.,0,0,0
WBGene00044452.,141,1136,1277
WBGene00044453.,4,18,22
WBGene00044454.,0,2,2
WBGene00044455.,2,24,26
WBGene00044457.,2,26,28
WBGene00044458.,0,2,2
WBGene00044459.,55,138,193
WBGene00044460.,1,14,15
WBGene00044461.,17,11,28
WBGene00044462.,26,98,124
WBGene00044463.,14,33,47
WBGene00044464.,69,173,242
WBGene00044466.,14,502,516
WBGene00044467.,412,1520,1932
WBGene00044468.,44,945,989
WBGene00044469.,0,5,5
WBGene00044470.,2,18,20
WBGene00044471.,47,1010,1057
WBGene00044472.,10,144,154
WBGene00044473.,0,0,0
WBGene00044474.,0,3,3
WBGene00044475.,0,2,2
WBGene00044476.,0,2,2
WBGene00044477.,35,286,321
WBGene00044478.,8,228,236
WBGene00044479.,73,681,754
WBGene00044480.,4,3,7
WBGene00044481.,24,331,355
WBGene00044482.,77,435,512
WBGene00044483.,6,529,535
WBGene00044484.,87,466,553
WBGene00044485.,132,833,965
WBGene00044486.,4,27,31
WBGene00044487.,21,144,165
WBGene00044488.,11,16,27
WBGene00044489.,0,18,18
WBGene00044490.,0,4,4
WBGene00044491.,2,1,3
WBGene00044492.,4,11,15
WBGene00044493.,29,379,408
WBGene00044495.,58,107,165
WBGene00044498.,0,0,0
WBGene00044499.,1,13,14
WBGene00044500.,161,1006,1167
WBGene00044501.,27,1,28
WBGene00044502.,3,47,50
WBGene00044503.,0,4,4
WBGene00044504.,14,91,105
WBGene00044505.,24,6,30
WBGene00044508.,238,1922,2160
WBGene00044509.,28,928,956
WBGene00044510.,43,147,190
WBGene00044511.,5,52,57
WBGene00044512.,36,429,465
WBGene00044513.,131,1164,1295
WBGene00044514.,249,6612,6861
WBGene00044515.,4,44,48
WBGene00044516.,1,1,2
WBGene00044517.,62,127,189
WBGene00044518.,0,1,1
WBGene00044519.,0,2,2
WBGene00044520.,0,14,14
WBGene00044521.,1,15,16
WBGene00044523.,0,3,3
WBGene00044524.,1,2,3
WBGene00044525.,26,158,184
WBGene00044526.,12,97,109
WBGene00044527.,15,124,139
WBGene00044528.,89,127,216
WBGene00044529.,33,35,68
WBGene00044530.,1,30,31
WBGene00044531.,47,9,56
WBGene00044533.,1,20,21
WBGene00044534.,15,62,77
WBGene00044535.,0,9,9
WBGene00044536.,303,7689,7992
WBGene00044537.,0,1,1
WBGene00044538.,1,4,5
WBGene00044539.,2,12,14
WBGene00044541.,0,16,16
WBGene00044542.,44,17,61
WBGene00044543.,0,1,1
WBGene00044544.,345,594,939
WBGene00044545.,2,7,9
WBGene00044546.,1,12,13
WBGene00044547.,0,286,286
WBGene00044548.,1,2,3
WBGene00044549.,4,0,4
WBGene00044550.,2,0,2
WBGene00044551.,5,49,54
WBGene00044552.,3,11,14
WBGene00044553.,25,1834,1859
WBGene00044554.,29,109,138
WBGene00044556.,12,171,183
WBGene00044557.,38,117,155
WBGene00044558.,0,0,0
WBGene00044559.,13,69,82
WBGene00044560.,2,9,11
WBGene00044561.,1,0,1
WBGene00044562.,0,93,93
WBGene00044563.,9,3,12
WBGene00044564.,4,3,7
WBGene00044565.,0,1,1
WBGene00044567.,1,2,3
WBGene00044568.,135,1223,1358
WBGene00044569.,11,11,22
WBGene00044570.,644,195,839
WBGene00044571.,80,8,88
WBGene00044573.,1,9,10
WBGene00044574.,14,9,23
WBGene00044575.,0,6,6
WBGene00044577.,2,1,3
WBGene00044578.,3,49,52
WBGene00044579.,7,2,9
WBGene00044580.,0,2,2
WBGene00044581.,0,2,2
WBGene00044582.,10,118,128
WBGene00044583.,0,1,1
WBGene00044584.,41,58,99
WBGene00044585.,0,7,7
WBGene00044586.,2,27,29
WBGene00044587.,4,2,6
WBGene00044588.,30,176,206
WBGene00044589.,3,3,6
WBGene00044602.,8,2,10
WBGene00044603.,32,160,192
WBGene00044604.,37,471,508
WBGene00044605.,396,2905,3301
WBGene00044606.,0,0,0
WBGene00044607.,29,182,211
WBGene00044608.,14,420,434
WBGene00044609.,187,311,498
WBGene00044610.,0,8,8
WBGene00044611.,48,209,257
WBGene00044612.,39,711,750
WBGene00044614.,49,467,516
WBGene00044615.,59,727,786
WBGene00044616.,0,1,1
WBGene00044617.,3,54,57
WBGene00044618.,13,193,206
WBGene00044620.,7,53,60
WBGene00044621.,1,26,27
WBGene00044623.,1,19,20
WBGene00044630.,28,63,91
WBGene00044631.,12,57,69
WBGene00044632.,8,29,37
WBGene00044633.,4,27,31
WBGene00044634.,1,1,2
WBGene00044636.,193,3052,3245
WBGene00044637.,34,75,109
WBGene00044638.,0,279,279
WBGene00044639.,3,3,6
WBGene00044640.,561,4702,5263
WBGene00044641.,59,22,81
WBGene00044642.,7,2,9
WBGene00044643.,17,1387,1404
WBGene00044644.,111,700,811
WBGene00044645.,2,20,22
WBGene00044646.,23,87,110
WBGene00044648.,36,382,418
WBGene00044649.,38,9,47
WBGene00044650.,868,3270,4138
WBGene00044651.,272,318,590
WBGene00044653.,5,8,13
WBGene00044654.,3,35,38
WBGene00044655.,0,5,5
WBGene00044657.,0,0,0
WBGene00044658.,3,29,32
WBGene00044659.,5,37,42
WBGene00044660.,12,154,166
WBGene00044661.,10,31,41
WBGene00044662.,2,5,7
WBGene00044663.,0,26,26
WBGene00044664.,0,3,3
WBGene00044665.,0,2,2
WBGene00044666.,62,879,941
WBGene00044667.,5,70,75
WBGene00044668.,0,0,0
WBGene00044670.,59,5,64
WBGene00044672.,5,132,137
WBGene00044673.,1,0,1
WBGene00044674.,1,1,2
WBGene00044675.,38,369,407
WBGene00044676.,0,38,38
WBGene00044677.,483,954,1437
WBGene00044678.,2,32,34
WBGene00044679.,29,292,321
WBGene00044680.,0,1,1
WBGene00044681.,128,944,1072
WBGene00044683.,4,0,4
WBGene00044684.,4,9,13
WBGene00044686.,64,2311,2375
WBGene00044687.,7,12,19
WBGene00044689.,254,815,1069
WBGene00044690.,34,252,286
WBGene00044691.,0,0,0
WBGene00044692.,1,2,3
WBGene00044693.,0,2,2
WBGene00044694.,0,2,2
WBGene00044695.,0,2,2
WBGene00044696.,137,991,1128
WBGene00044697.,14,90,104
WBGene00044698.,77,2997,3074
WBGene00044699.,10,315,325
WBGene00044700.,26,41,67
WBGene00044701.,95,451,546
WBGene00044702.,3,0,3
WBGene00044703.,0,0,0
WBGene00044704.,0,8,8
WBGene00044705.,25,109,134
WBGene00044706.,2,1,3
WBGene00044707.,4,3,7
WBGene00044708.,10,1,11
WBGene00044709.,0,0,0
WBGene00044710.,0,0,0
WBGene00044711.,1,2,3
WBGene00044712.,2,14,16
WBGene00044713.,2,1,3
WBGene00044714.,0,0,0
WBGene00044716.,0,10,10
WBGene00044718.,0,3,3
WBGene00044719.,1,5,6
WBGene00044720.,0,39,39
WBGene00044722.,0,2,2
WBGene00044723.,0,3,3
WBGene00044724.,2,4,6
WBGene00044725.,32,603,635
WBGene00044726.,12,13,25
WBGene00044727.,0,2,2
WBGene00044728.,0,34027,34027
WBGene00044729.,0,1,1
WBGene00044732.,6,66,72
WBGene00044733.,0,2,2
WBGene00044734.,0,0,0
WBGene00044735.,0,0,0
WBGene00044736.,91,841,932
WBGene00044737.,1238,9467,10705
WBGene00044738.,21,20,41
WBGene00044739.,0,8,8
WBGene00044741.,8,28,36
WBGene00044742.,0,218,218
WBGene00044743.,95,677,772
WBGene00044744.,6,51,57
WBGene00044745.,51,164,215
WBGene00044746.,0,1159,1159
WBGene00044747.,0,0,0
WBGene00044748.,0,1,1
WBGene00044749.,0,0,0
WBGene00044750.,0,0,0
WBGene00044751.,0,0,0
WBGene00044752.,0,6,6
WBGene00044753.,14,25,39
WBGene00044754.,3,3,6
WBGene00044755.,0,3,3
WBGene00044756.,26,116,142
WBGene00044757.,35,416,451
WBGene00044758.,13,57,70
WBGene00044759.,1,4,5
WBGene00044760.,3,10,13
WBGene00044761.,12,182,194
WBGene00044762.,93,2200,2293
WBGene00044763.,8,17,25
WBGene00044764.,24,106,130
WBGene00044767.,4,242,246
WBGene00044768.,5,16,21
WBGene00044769.,0,0,0
WBGene00044770.,22,144,166
WBGene00044771.,78,354,432
WBGene00044772.,100,326,426
WBGene00044773.,8,15,23
WBGene00044774.,233,1166,1399
WBGene00044775.,0,2,2
WBGene00044776.,8,87,95
WBGene00044777.,1,1,2
WBGene00044778.,0,0,0
WBGene00044779.,205,1670,1875
WBGene00044780.,6,26,32
WBGene00044781.,0,1,1
WBGene00044782.,0,2,2
WBGene00044783.,0,7,7
WBGene00044784.,31,2186,2217
WBGene00044786.,1,0,1
WBGene00044787.,2,3,5
WBGene00044788.,18,35,53
WBGene00044789.,9,232,241
WBGene00044790.,32,311,343
WBGene00044791.,0,6,6
WBGene00044792.,35,171,206
WBGene00044794.,0,0,0
WBGene00044795.,18,324,342
WBGene00044796.,6,5,11
WBGene00044797.,0,40,40
WBGene00044798.,5,0,5
WBGene00044799.,0,118,118
WBGene00044800.,0,0,0
WBGene00044801.,0,0,0
WBGene00044802.,0,0,0
WBGene00044803.,25,49,74
WBGene00044804.,0,5,5
WBGene00044805.,0,4,4
WBGene00044806.,4,13,17
WBGene00044807.,1,19,20
WBGene00044808.,0,4,4
WBGene00044809.,0,0,0
WBGene00044810.,1,1,2
WBGene00044811.,40,450,490
WBGene00044889.,1,0,1
WBGene00044891.,127,1587,1714
WBGene00044892.,3,3,6
WBGene00044894.,26,240,266
WBGene00044895.,44,40,84
WBGene00044896.,6,3,9
WBGene00044897.,1,10,11
WBGene00044898.,19,11,30
WBGene00044900.,395,5272,5667
WBGene00044901.,0,123,123
WBGene00044902.,0,0,0
WBGene00044903.,61,157,218
WBGene00044905.,0,3,3
WBGene00044906.,3,82,85
WBGene00044907.,18,20,38
WBGene00044908.,6,15,21
WBGene00044909.,2,15,17
WBGene00044911.,2,9,11
WBGene00044912.,6,1,7
WBGene00044914.,0,8,8
WBGene00044916.,100,1201,1301
WBGene00044917.,0,9,9
WBGene00044920.,13,194,207
WBGene00044921.,1095,28949,30044
WBGene00044922.,51,1217,1268
WBGene00044923.,0,0,0
WBGene00044924.,170,672,842
WBGene00044925.,0,0,0
WBGene00044926.,0,2,2
WBGene00044927.,0,31,31
WBGene00044928.,0,0,0
WBGene00044929.,0,0,0
WBGene00044930.,0,1,1
WBGene00044931.,0,0,0
WBGene00044932.,0,0,0
WBGene00044933.,0,41,41
WBGene00044934.,0,44,44
WBGene00044935.,0,0,0
WBGene00044936.,0,0,0
WBGene00044937.,0,0,0
WBGene00044938.,0,1,1
WBGene00044939.,0,0,0
WBGene00044940.,0,0,0
WBGene00044941.,0,0,0
WBGene00044942.,0,0,0
WBGene00044943.,0,0,0
WBGene00044944.,0,0,0
WBGene00044945.,0,0,0
WBGene00044946.,0,0,0
WBGene00044947.,0,1,1
WBGene00044948.,0,0,0
WBGene00044949.,76,631,707
WBGene00044951.,0,0,0
WBGene00044952.,0,0,0
WBGene00044953.,1,0,1
WBGene00044954.,0,0,0
WBGene00044955.,0,0,0
WBGene00044956.,0,0,0
WBGene00044957.,0,0,0
WBGene00044958.,0,0,0
WBGene00044960.,2,183,185
WBGene00044961.,0,4,4
WBGene00044962.,0,0,0
WBGene00044963.,0,0,0
WBGene00044964.,0,0,0
WBGene00044965.,0,0,0
WBGene00044966.,0,0,0
WBGene00044967.,0,0,0
WBGene00044968.,0,0,0
WBGene00044969.,0,0,0
WBGene00044970.,0,0,0
WBGene00044971.,0,2,2
WBGene00044972.,0,0,0
WBGene00044973.,0,6,6
WBGene00044974.,0,0,0
WBGene00044975.,0,14,14
WBGene00044976.,1,14,15
WBGene00044977.,152,3500,3652
WBGene00044978.,0,3,3
WBGene00044979.,10,22,32
WBGene00044980.,0,0,0
WBGene00044981.,0,0,0
WBGene00044982.,0,0,0
WBGene00044983.,0,0,0
WBGene00044984.,0,0,0
WBGene00044985.,0,0,0
WBGene00044986.,0,0,0
WBGene00044987.,92,370,462
WBGene00044988.,0,8,8
WBGene00044989.,320,1260,1580
WBGene00044990.,55,458,513
WBGene00044991.,7,107,114
WBGene00044995.,0,0,0
WBGene00044997.,0,35,35
WBGene00044998.,0,0,0
WBGene00045000.,0,1,1
WBGene00045002.,0,1,1
WBGene00045003.,0,0,0
WBGene00045006.,0,0,0
WBGene00045007.,0,0,0
WBGene00045009.,0,5,5
WBGene00045011.,0,0,0
WBGene00045012.,0,1,1
WBGene00045013.,6,454,460
WBGene00045016.,0,2,2
WBGene00045017.,0,55,55
WBGene00045018.,0,3,3
WBGene00045019.,0,0,0
WBGene00045022.,0,0,0
WBGene00045024.,7,23,30
WBGene00045025.,1,1,2
WBGene00045026.,2,0,2
WBGene00045027.,0,7,7
WBGene00045028.,0,4,4
WBGene00045029.,0,1,1
WBGene00045036.,9,38,47
WBGene00045037.,0,0,0
WBGene00045038.,0,0,0
WBGene00045040.,0,0,0
WBGene00045043.,84,0,84
WBGene00045045.,8,10,18
WBGene00045046.,0,0,0
WBGene00045048.,0,56,56
WBGene00045050.,11,67,78
WBGene00045051.,0,0,0
WBGene00045052.,29,210,239
WBGene00045053.,12,64,76
WBGene00045055.,0,0,0
WBGene00045056.,68,732,800
WBGene00045057.,0,0,0
WBGene00045058.,13,102,115
WBGene00045059.,9,6,15
WBGene00045060.,6,2,8
WBGene00045061.,0,0,0
WBGene00045062.,0,56,56
WBGene00045063.,153,216,369
WBGene00045065.,0,0,0
WBGene00045066.,8,1,9
WBGene00045067.,1,15,16
WBGene00045068.,0,0,0
WBGene00045069.,0,0,0
WBGene00045071.,0,0,0
WBGene00045072.,0,0,0
WBGene00045074.,0,0,0
WBGene00045075.,0,2,2
WBGene00045076.,4,14,18
WBGene00045077.,27,288,315
WBGene00045078.,29,165,194
WBGene00045082.,0,0,0
WBGene00045083.,0,28,28
WBGene00045084.,0,0,0
WBGene00045085.,0,0,0
WBGene00045086.,0,0,0
WBGene00045087.,0,0,0
WBGene00045088.,0,0,0
WBGene00045089.,0,7,7
WBGene00045090.,0,0,0
WBGene00045091.,0,2,2
WBGene00045092.,0,0,0
WBGene00045093.,0,163,163
WBGene00045094.,0,0,0
WBGene00045095.,0,227,227
WBGene00045096.,0,508,508
WBGene00045097.,14,37,51
WBGene00045098.,0,0,0
WBGene00045099.,0,4,4
WBGene00045100.,2,8,10
WBGene00045101.,1,12,13
WBGene00045102.,0,0,0
WBGene00045103.,0,2,2
WBGene00045104.,0,3,3
WBGene00045105.,0,4,4
WBGene00045106.,0,3,3
WBGene00045107.,0,1,1
WBGene00045108.,2,6,8
WBGene00045109.,0,0,0
WBGene00045110.,0,0,0
WBGene00045111.,0,0,0
WBGene00045112.,0,0,0
WBGene00045113.,0,0,0
WBGene00045114.,0,16,16
WBGene00045115.,0,2,2
WBGene00045116.,0,0,0
WBGene00045117.,0,6,6
WBGene00045118.,0,152,152
WBGene00045119.,0,10,10
WBGene00045120.,0,0,0
WBGene00045121.,0,44,44
WBGene00045122.,1,1,2
WBGene00045123.,0,25,25
WBGene00045124.,0,27,27
WBGene00045125.,0,0,0
WBGene00045126.,0,0,0
WBGene00045127.,0,9,9
WBGene00045128.,1,2,3
WBGene00045129.,0,165,165
WBGene00045130.,0,0,0
WBGene00045131.,0,0,0
WBGene00045132.,0,3018,3018
WBGene00045133.,0,5,5
WBGene00045134.,0,0,0
WBGene00045136.,0,0,0
WBGene00045137.,0,1,1
WBGene00045138.,0,0,0
WBGene00045139.,0,0,0
WBGene00045140.,0,14,14
WBGene00045141.,0,15,15
WBGene00045142.,0,118,118
WBGene00045143.,1,3,4
WBGene00045144.,6,3,9
WBGene00045145.,0,0,0
WBGene00045146.,42,319,361
WBGene00045147.,0,84,84
WBGene00045148.,0,0,0
WBGene00045149.,0,4,4
WBGene00045150.,0,17,17
WBGene00045151.,0,0,0
WBGene00045152.,0,0,0
WBGene00045153.,0,0,0
WBGene00045154.,0,0,0
WBGene00045155.,0,0,0
WBGene00045156.,0,64,64
WBGene00045157.,0,123,123
WBGene00045158.,0,4,4
WBGene00045159.,0,15,15
WBGene00045160.,0,3,3
WBGene00045161.,0,0,0
WBGene00045162.,0,34,34
WBGene00045163.,0,22,22
WBGene00045164.,0,22,22
WBGene00045165.,0,0,0
WBGene00045167.,0,7,7
WBGene00045168.,0,0,0
WBGene00045169.,0,0,0
WBGene00045170.,0,0,0
WBGene00045171.,0,385,385
WBGene00045172.,0,0,0
WBGene00045174.,0,0,0
WBGene00045175.,0,232,232
WBGene00045176.,0,20,20
WBGene00045177.,7,8,15
WBGene00045178.,1,22,23
WBGene00045179.,0,0,0
WBGene00045180.,0,1,1
WBGene00045182.,0,1,1
WBGene00045183.,29,540,569
WBGene00045184.,0,1,1
WBGene00045185.,0,0,0
WBGene00045188.,3,27,30
WBGene00045189.,0,155,155
WBGene00045190.,44,349,393
WBGene00045192.,5,786,791
WBGene00045193.,3,2,5
WBGene00045194.,0,0,0
WBGene00045195.,413,175,588
WBGene00045197.,0,10,10
WBGene00045198.,2,6,8
WBGene00045199.,0,0,0
WBGene00045200.,0,1,1
WBGene00045201.,0,10,10
WBGene00045202.,0,2,2
WBGene00045203.,0,0,0
WBGene00045204.,0,0,0
WBGene00045205.,0,1,1
WBGene00045207.,32,144,176
WBGene00045208.,0,1436,1436
WBGene00045209.,0,0,0
WBGene00045210.,10,71,81
WBGene00045211.,2,5,7
WBGene00045212.,66,583,649
WBGene00045215.,40,118,158
WBGene00045218.,10,56,66
WBGene00045234.,0,0,0
WBGene00045235.,0,1,1
WBGene00045236.,1,5,6
WBGene00045237.,30,438,468
WBGene00045238.,0,919,919
WBGene00045239.,1,15,16
WBGene00045242.,0,10,10
WBGene00045245.,54,373,427
WBGene00045246.,26,35,61
WBGene00045247.,11,22,33
WBGene00045248.,99,279,378
WBGene00045249.,96,1806,1902
WBGene00045250.,26,58,84
WBGene00045251.,1,1,2
WBGene00045252.,30,71,101
WBGene00045253.,87,515,602
WBGene00045254.,4,0,4
WBGene00045255.,389,1001,1390
WBGene00045261.,3,21,24
WBGene00045265.,1,17,18
WBGene00045268.,0,8,8
WBGene00045269.,0,2,2
WBGene00045270.,5,1,6
WBGene00045271.,4,68,72
WBGene00045272.,0,12743,12743
WBGene00045273.,0,3,3
WBGene00045275.,0,167,167
WBGene00045276.,0,3514,3514
WBGene00045277.,132,469,601
WBGene00045278.,0,0,0
WBGene00045279.,2,2,4
WBGene00045280.,3,0,3
WBGene00045281.,0,0,0
WBGene00045282.,3,18,21
WBGene00045283.,0,6,6
WBGene00045285.,0,2,2
WBGene00045286.,0,0,0
WBGene00045287.,0,1,1
WBGene00045289.,18,73,91
WBGene00045290.,0,0,0
WBGene00045291.,8,78,86
WBGene00045292.,2,24,26
WBGene00045293.,38,60,98
WBGene00045294.,0,1,1
WBGene00045295.,82,471,553
WBGene00045297.,1,80,81
WBGene00045298.,0,0,0
WBGene00045299.,0,0,0
WBGene00045300.,0,0,0
WBGene00045301.,0,0,0
WBGene00045302.,2,2,4
WBGene00045303.,0,5,5
WBGene00045304.,0,0,0
WBGene00045305.,0,567,567
WBGene00045306.,2,5,7
WBGene00045308.,5,8,13
WBGene00045309.,2,4,6
WBGene00045311.,0,0,0
WBGene00045313.,0,0,0
WBGene00045314.,0,1,1
WBGene00045315.,0,2,2
WBGene00045316.,7,6,13
WBGene00045319.,0,5,5
WBGene00045321.,0,14,14
WBGene00045322.,0,4,4
WBGene00045323.,0,0,0
WBGene00045324.,0,0,0
WBGene00045325.,0,0,0
WBGene00045326.,0,0,0
WBGene00045327.,0,5,5
WBGene00045328.,0,1,1
WBGene00045329.,0,2,2
WBGene00045330.,0,0,0
WBGene00045331.,10,77,87
WBGene00045332.,0,0,0
WBGene00045336.,69,421,490
WBGene00045337.,1,28,29
WBGene00045338.,3,317,320
WBGene00045339.,4,160,164
WBGene00045340.,42,112,154
WBGene00045341.,0,2,2
WBGene00045342.,0,0,0
WBGene00045343.,0,1,1
WBGene00045344.,1,0,1
WBGene00045345.,0,3,3
WBGene00045346.,0,1,1
WBGene00045347.,0,0,0
WBGene00045348.,0,3,3
WBGene00045350.,0,6,6
WBGene00045351.,0,2,2
WBGene00045352.,0,3,3
WBGene00045353.,0,1,1
WBGene00045354.,0,1,1
WBGene00045355.,4,4,8
WBGene00045356.,10,139,149
WBGene00045357.,47,75,122
WBGene00045358.,0,1,1
WBGene00045359.,0,5,5
WBGene00045360.,0,4,4
WBGene00045361.,0,2,2
WBGene00045362.,0,2,2
WBGene00045363.,1,2,3
WBGene00045364.,11,1,12
WBGene00045365.,1,76,77
WBGene00045366.,690,2011,2701
WBGene00045367.,0,0,0
WBGene00045368.,0,0,0
WBGene00045369.,0,0,0
WBGene00045370.,0,0,0
WBGene00045371.,0,4,4
WBGene00045372.,0,0,0
WBGene00045373.,0,0,0
WBGene00045374.,0,0,0
WBGene00045375.,0,93,93
WBGene00045376.,0,0,0
WBGene00045377.,0,0,0
WBGene00045378.,0,1,1
WBGene00045379.,2,30,32
WBGene00045380.,0,3,3
WBGene00045381.,2,1,3
WBGene00045382.,0,15,15
WBGene00045383.,82,1235,1317
WBGene00045385.,1,21,22
WBGene00045386.,178,1302,1480
WBGene00045387.,335,3218,3553
WBGene00045388.,0,0,0
WBGene00045389.,0,0,0
WBGene00045390.,87,1251,1338
WBGene00045391.,0,12,12
WBGene00045392.,116,901,1017
WBGene00045393.,2,23,25
WBGene00045394.,0,149,149
WBGene00045395.,29,101,130
WBGene00045396.,1254,710,1964
WBGene00045397.,140,1254,1394
WBGene00045398.,0,2,2
WBGene00045399.,1,30,31
WBGene00045400.,42,252,294
WBGene00045401.,0,25,25
WBGene00045402.,0,1,1
WBGene00045403.,15,124,139
WBGene00045404.,2,50,52
WBGene00045405.,33,133,166
WBGene00045406.,0,12,12
WBGene00045407.,72,656,728
WBGene00045408.,1,3,4
WBGene00045410.,77,552,629
WBGene00045411.,102,2888,2990
WBGene00045412.,6,576,582
WBGene00045413.,15,7,22
WBGene00045414.,3,6,9
WBGene00045415.,11,48,59
WBGene00045416.,4,7,11
WBGene00045417.,0,0,0
WBGene00045418.,94,2650,2744
WBGene00045419.,460,3087,3547
WBGene00045433.,97,551,648
WBGene00045434.,112,652,764
WBGene00045455.,1,11,12
WBGene00045456.,7,1,8
WBGene00045457.,4,107,111
WBGene00045458.,1,2,3
WBGene00045459.,0,2,2
WBGene00045460.,2,32,34
WBGene00045461.,68,899,967
WBGene00045468.,2,8,10
WBGene00045473.,2,10,12
WBGene00045474.,2,6,8
WBGene00045475.,12,21,33
WBGene00045480.,76,94,170
WBGene00045481.,6,2,8
WBGene00045482.,65,208,273
WBGene00045483.,292,3546,3838
WBGene00045484.,19,55,74
WBGene00045486.,0,1,1
WBGene00045487.,0,11,11
WBGene00045488.,9,66,75
WBGene00045490.,1,2,3
WBGene00045491.,0,0,0
WBGene00045492.,0,3,3
WBGene00045493.,0,8,8
WBGene00045494.,2,2,4
WBGene00045495.,67,839,906
WBGene00045496.,0,0,0
WBGene00045497.,10,50,60
WBGene00045498.,0,5,5
WBGene00045500.,0,10,10
WBGene00045501.,2,5,7
WBGene00045502.,0,1,1
WBGene00045506.,1,1,2
WBGene00045507.,7,773,780
WBGene00045508.,6,1,7
WBGene00045509.,63,134,197
WBGene00045510.,0,7,7
WBGene00045511.,8,43,51
WBGene00045513.,1,8,9
WBGene00045514.,0,11,11
WBGene00045515.,0,2,2
WBGene00045516.,3,233,236
WBGene00045517.,270,2058,2328
WBGene00045518.,0,1,1
WBGene00045519.,0,0,0
WBGene00045520.,0,0,0
WBGene00045521.,0,0,0
WBGene00045522.,0,0,0
WBGene00045523.,0,0,0
WBGene00045524.,0,0,0
WBGene00045525.,0,0,0
WBGene00045526.,0,0,0
WBGene00045527.,0,0,0
WBGene00045528.,0,0,0
WBGene00045529.,0,0,0
WBGene00045530.,0,4,4
WBGene00045531.,0,0,0
WBGene00045532.,0,0,0
WBGene00045533.,0,0,0
WBGene00045534.,0,0,0
WBGene00045535.,0,0,0
WBGene00045536.,0,0,0
WBGene00045537.,0,5,5
WBGene00045538.,0,2,2
WBGene00045539.,0,0,0
WBGene00045540.,0,9,9
WBGene00045541.,0,0,0
WBGene00045542.,0,0,0
WBGene00045543.,0,0,0
WBGene00045544.,0,0,0
WBGene00045545.,0,0,0
WBGene00045546.,0,0,0
WBGene00045547.,0,1,1
WBGene00045548.,0,0,0
WBGene00045549.,0,0,0
WBGene00045550.,0,0,0
WBGene00045551.,0,1,1
WBGene00045552.,0,0,0
WBGene00045553.,0,0,0
WBGene00045554.,0,0,0
WBGene00045555.,0,0,0
WBGene00045556.,0,0,0
WBGene00045557.,0,0,0
WBGene00045558.,0,1,1
WBGene00045559.,0,0,0
WBGene00045560.,0,2,2
WBGene00045561.,0,0,0
WBGene00045562.,0,0,0
WBGene00045563.,0,0,0
WBGene00045564.,0,0,0
WBGene00045565.,0,1,1
WBGene00045566.,0,0,0
WBGene00045567.,0,18,18
WBGene00045568.,0,0,0
WBGene00045569.,0,0,0
WBGene00045570.,0,0,0
WBGene00045571.,0,2,2
WBGene00045572.,0,2,2
WBGene00045573.,0,1,1
WBGene00045574.,0,0,0
WBGene00045575.,0,0,0
WBGene00045576.,0,0,0
WBGene00045577.,0,0,0
WBGene00045578.,0,0,0
WBGene00045579.,0,0,0
WBGene00045580.,0,0,0
WBGene00045581.,0,1,1
WBGene00045582.,0,0,0
WBGene00045583.,0,0,0
WBGene00045584.,0,0,0
WBGene00045585.,0,0,0
WBGene00045586.,0,0,0
WBGene00045587.,0,0,0
WBGene00045588.,0,0,0
WBGene00045589.,0,0,0
WBGene00045590.,0,0,0
WBGene00045591.,0,2,2
WBGene00045592.,0,0,0
WBGene00045593.,0,0,0
WBGene00045594.,0,0,0
WBGene00045595.,0,0,0
WBGene00045596.,0,0,0
WBGene00045597.,0,0,0
WBGene00045598.,0,0,0
WBGene00045599.,0,0,0
WBGene00045600.,0,0,0
WBGene00045601.,0,0,0
WBGene00045602.,0,0,0
WBGene00045603.,0,0,0
WBGene00045604.,0,0,0
WBGene00045605.,0,0,0
WBGene00045606.,0,1,1
WBGene00045607.,0,0,0
WBGene00045608.,0,0,0
WBGene00045609.,0,0,0
WBGene00045610.,0,0,0
WBGene00045611.,0,0,0
WBGene00045612.,0,0,0
WBGene00045613.,0,0,0
WBGene00045614.,0,0,0
WBGene00045615.,0,1,1
WBGene00045616.,0,0,0
WBGene00045617.,0,0,0
WBGene00045618.,0,0,0
WBGene00045619.,0,0,0
WBGene00045620.,0,0,0
WBGene00045621.,0,0,0
WBGene00045622.,0,0,0
WBGene00045623.,0,0,0
WBGene00045624.,0,0,0
WBGene00045625.,0,0,0
WBGene00045626.,0,0,0
WBGene00045627.,0,0,0
WBGene00045628.,0,0,0
WBGene00045629.,0,0,0
WBGene00045630.,0,0,0
WBGene00045631.,0,0,0
WBGene00045632.,0,1,1
WBGene00045633.,0,0,0
WBGene00045634.,0,0,0
WBGene00045635.,0,0,0
WBGene00045636.,0,0,0
WBGene00045637.,0,6,6
WBGene00045638.,0,0,0
WBGene00045639.,0,0,0
WBGene00045640.,0,0,0
WBGene00045641.,0,2,2
WBGene00045642.,0,0,0
WBGene00045643.,0,0,0
WBGene00045644.,0,0,0
WBGene00045645.,0,0,0
WBGene00045646.,0,0,0
WBGene00045647.,0,0,0
WBGene00045648.,0,0,0
WBGene00045649.,0,0,0
WBGene00045650.,0,0,0
WBGene00045651.,0,0,0
WBGene00045652.,0,0,0
WBGene00045653.,0,1,1
WBGene00045654.,0,1,1
WBGene00045655.,0,0,0
WBGene00045656.,0,0,0
WBGene00045657.,0,1,1
WBGene00045658.,0,0,0
WBGene00045659.,0,0,0
WBGene00045660.,0,0,0
WBGene00045661.,0,0,0
WBGene00045662.,0,1,1
WBGene00045663.,0,0,0
WBGene00045664.,0,0,0
WBGene00045665.,0,1,1
WBGene00045666.,0,0,0
WBGene00045667.,0,0,0
WBGene00045668.,0,63,63
WBGene00045669.,0,0,0
WBGene00045670.,0,0,0
WBGene00045671.,0,0,0
WBGene00045672.,0,2,2
WBGene00045673.,0,0,0
WBGene00045674.,0,0,0
WBGene00045675.,0,0,0
WBGene00045676.,0,0,0
WBGene00045677.,0,0,0
WBGene00045678.,0,0,0
WBGene00045679.,0,0,0
WBGene00045680.,0,0,0
WBGene00045681.,0,0,0
WBGene00045682.,0,0,0
WBGene00045683.,0,2,2
WBGene00045684.,0,0,0
WBGene00045685.,0,0,0
WBGene00045686.,0,1,1
WBGene00045687.,0,0,0
WBGene00045688.,0,0,0
WBGene00045689.,0,0,0
WBGene00045690.,0,1,1
WBGene00045691.,0,0,0
WBGene00045692.,0,0,0
WBGene00045693.,0,0,0
WBGene00045694.,0,32,32
WBGene00045695.,0,0,0
WBGene00045696.,0,3,3
WBGene00045697.,0,0,0
WBGene00045698.,0,0,0
WBGene00045699.,0,0,0
WBGene00045700.,0,0,0
WBGene00045701.,0,1,1
WBGene00045702.,0,0,0
WBGene00045703.,0,0,0
WBGene00045704.,0,0,0
WBGene00045705.,0,1,1
WBGene00045706.,0,0,0
WBGene00045707.,0,2,2
WBGene00045708.,0,0,0
WBGene00045709.,0,0,0
WBGene00045710.,0,0,0
WBGene00045711.,0,0,0
WBGene00045712.,0,0,0
WBGene00045713.,0,0,0
WBGene00045714.,0,0,0
WBGene00045715.,0,0,0
WBGene00045716.,0,0,0
WBGene00045717.,0,1,1
WBGene00045718.,0,0,0
WBGene00045719.,0,0,0
WBGene00045720.,0,0,0
WBGene00045721.,0,0,0
WBGene00045722.,0,0,0
WBGene00045723.,0,0,0
WBGene00045724.,0,2,2
WBGene00045725.,0,0,0
WBGene00045726.,0,0,0
WBGene00045727.,0,0,0
WBGene00045728.,0,33,33
WBGene00045729.,0,0,0
WBGene00045730.,0,0,0
WBGene00045731.,0,0,0
WBGene00045732.,0,0,0
WBGene00045733.,0,0,0
WBGene00045734.,0,0,0
WBGene00045735.,0,0,0
WBGene00045736.,0,0,0
WBGene00045737.,0,0,0
WBGene00045738.,0,0,0
WBGene00045739.,0,0,0
WBGene00045740.,0,0,0
WBGene00045741.,0,0,0
WBGene00045743.,0,0,0
WBGene00045744.,0,1,1
WBGene00045745.,0,0,0
WBGene00045746.,0,0,0
WBGene00045747.,0,0,0
WBGene00045748.,0,0,0
WBGene00045749.,0,0,0
WBGene00045750.,0,0,0
WBGene00045751.,0,2,2
WBGene00045752.,0,1,1
WBGene00045753.,0,0,0
WBGene00045754.,0,0,0
WBGene00045755.,0,0,0
WBGene00045756.,0,0,0
WBGene00045757.,0,0,0
WBGene00045758.,0,0,0
WBGene00045759.,0,0,0
WBGene00045760.,0,0,0
WBGene00045761.,0,0,0
WBGene00045762.,0,0,0
WBGene00045763.,0,0,0
WBGene00045764.,0,0,0
WBGene00045765.,0,3,3
WBGene00045766.,0,0,0
WBGene00045767.,0,1,1
WBGene00045768.,0,0,0
WBGene00045769.,0,0,0
WBGene00045770.,0,0,0
WBGene00045771.,0,0,0
WBGene00045772.,0,0,0
WBGene00045773.,0,0,0
WBGene00045774.,0,0,0
WBGene00045775.,0,0,0
WBGene00045776.,0,0,0
WBGene00045777.,0,1,1
WBGene00045778.,0,0,0
WBGene00045779.,0,0,0
WBGene00045780.,0,0,0
WBGene00045781.,0,3,3
WBGene00045782.,0,0,0
WBGene00045783.,0,0,0
WBGene00045784.,0,0,0
WBGene00045785.,0,0,0
WBGene00045786.,0,1,1
WBGene00045787.,0,0,0
WBGene00045788.,0,2,2
WBGene00045789.,0,0,0
WBGene00045790.,0,5,5
WBGene00045791.,0,0,0
WBGene00045792.,0,0,0
WBGene00045793.,0,0,0
WBGene00045794.,0,0,0
WBGene00045795.,0,0,0
WBGene00045796.,0,3,3
WBGene00045797.,0,0,0
WBGene00045798.,0,0,0
WBGene00045799.,0,0,0
WBGene00045800.,0,1,1
WBGene00045801.,0,0,0
WBGene00045802.,0,0,0
WBGene00045803.,0,1,1
WBGene00045804.,0,0,0
WBGene00045805.,0,0,0
WBGene00045806.,0,0,0
WBGene00045807.,0,0,0
WBGene00045808.,0,0,0
WBGene00045809.,0,0,0
WBGene00045810.,0,0,0
WBGene00045811.,0,0,0
WBGene00045812.,0,0,0
WBGene00045813.,0,0,0
WBGene00045814.,0,0,0
WBGene00045815.,0,0,0
WBGene00045816.,0,0,0
WBGene00045817.,0,0,0
WBGene00045818.,0,1,1
WBGene00045819.,0,0,0
WBGene00045820.,0,8,8
WBGene00045821.,0,1,1
WBGene00045822.,0,4,4
WBGene00045823.,0,0,0
WBGene00045824.,0,4,4
WBGene00045825.,0,0,0
WBGene00045826.,0,0,0
WBGene00045827.,0,0,0
WBGene00045828.,0,0,0
WBGene00045829.,0,0,0
WBGene00045830.,0,2,2
WBGene00045831.,0,1,1
WBGene00045832.,0,0,0
WBGene00045833.,0,1,1
WBGene00045834.,0,0,0
WBGene00045835.,0,0,0
WBGene00045836.,0,0,0
WBGene00045837.,0,0,0
WBGene00045838.,0,0,0
WBGene00045839.,0,2,2
WBGene00045840.,0,0,0
WBGene00045841.,0,1,1
WBGene00045842.,0,0,0
WBGene00045843.,0,6,6
WBGene00045844.,0,0,0
WBGene00045845.,0,0,0
WBGene00045846.,0,0,0
WBGene00045847.,0,0,0
WBGene00045848.,0,1,1
WBGene00045849.,0,0,0
WBGene00045850.,0,0,0
WBGene00045851.,0,0,0
WBGene00045852.,0,0,0
WBGene00045853.,0,0,0
WBGene00045854.,0,0,0
WBGene00045855.,0,0,0
WBGene00045856.,0,2,2
WBGene00045857.,0,0,0
WBGene00045858.,0,0,0
WBGene00045859.,0,0,0
WBGene00045860.,0,3,3
WBGene00045861.,0,0,0
WBGene00045862.,0,0,0
WBGene00045863.,0,0,0
WBGene00045864.,0,0,0
WBGene00045865.,0,0,0
WBGene00045866.,0,0,0
WBGene00045867.,0,0,0
WBGene00045868.,0,0,0
WBGene00045869.,0,1,1
WBGene00045870.,0,3,3
WBGene00045871.,0,1,1
WBGene00045872.,0,0,0
WBGene00045873.,0,0,0
WBGene00045874.,0,0,0
WBGene00045875.,0,0,0
WBGene00045876.,0,0,0
WBGene00045877.,0,0,0
WBGene00045878.,0,0,0
WBGene00045879.,0,0,0
WBGene00045880.,0,0,0
WBGene00045881.,0,0,0
WBGene00045882.,0,0,0
WBGene00045883.,0,1,1
WBGene00045884.,0,5,5
WBGene00045885.,0,0,0
WBGene00045886.,0,0,0
WBGene00045887.,0,0,0
WBGene00045888.,0,0,0
WBGene00045889.,0,0,0
WBGene00045890.,0,0,0
WBGene00045891.,0,0,0
WBGene00045892.,0,0,0
WBGene00045893.,0,0,0
WBGene00045894.,0,0,0
WBGene00045895.,0,0,0
WBGene00045896.,0,2,2
WBGene00045897.,0,0,0
WBGene00045898.,0,0,0
WBGene00045899.,0,0,0
WBGene00045900.,0,2,2
WBGene00045901.,0,0,0
WBGene00045902.,0,2,2
WBGene00045903.,0,0,0
WBGene00045904.,0,0,0
WBGene00045905.,0,0,0
WBGene00045906.,0,0,0
WBGene00045907.,0,1,1
WBGene00045908.,0,0,0
WBGene00045909.,0,2,2
WBGene00045910.,0,0,0
WBGene00045911.,0,0,0
WBGene00045912.,0,0,0
WBGene00045913.,0,0,0
WBGene00045914.,0,0,0
WBGene00045915.,0,0,0
WBGene00045916.,0,0,0
WBGene00045917.,0,0,0
WBGene00045918.,0,0,0
WBGene00045919.,0,1,1
WBGene00045920.,0,0,0
WBGene00045921.,0,0,0
WBGene00045922.,0,0,0
WBGene00045923.,0,0,0
WBGene00045924.,0,0,0
WBGene00045925.,0,0,0
WBGene00045926.,0,1,1
WBGene00045927.,0,0,0
WBGene00045928.,0,6,6
WBGene00045929.,0,6,6
WBGene00045930.,0,0,0
WBGene00045931.,0,0,0
WBGene00045932.,0,0,0
WBGene00045933.,0,0,0
WBGene00045934.,0,0,0
WBGene00045935.,0,0,0
WBGene00045936.,0,0,0
WBGene00045937.,0,0,0
WBGene00045938.,0,0,0
WBGene00045939.,0,0,0
WBGene00045940.,0,0,0
WBGene00045941.,0,0,0
WBGene00045942.,0,1,1
WBGene00045943.,0,0,0
WBGene00045944.,0,0,0
WBGene00045945.,0,0,0
WBGene00045946.,0,0,0
WBGene00045947.,0,0,0
WBGene00045948.,0,0,0
WBGene00045949.,0,1,1
WBGene00045950.,0,0,0
WBGene00045951.,0,0,0
WBGene00045952.,0,0,0
WBGene00045953.,0,0,0
WBGene00045954.,0,2,2
WBGene00045955.,0,0,0
WBGene00045956.,0,2,2
WBGene00045957.,0,0,0
WBGene00045958.,0,2,2
WBGene00045959.,0,1,1
WBGene00045960.,0,0,0
WBGene00045961.,0,0,0
WBGene00045962.,0,0,0
WBGene00045963.,0,0,0
WBGene00045964.,0,0,0
WBGene00045965.,0,0,0
WBGene00045966.,0,0,0
WBGene00045967.,0,0,0
WBGene00045968.,0,1,1
WBGene00045969.,0,2,2
WBGene00045970.,0,0,0
WBGene00045971.,0,0,0
WBGene00045972.,0,0,0
WBGene00045973.,0,1,1
WBGene00045974.,0,0,0
WBGene00045975.,0,0,0
WBGene00045976.,0,1,1
WBGene00045977.,0,1,1
WBGene00045978.,0,0,0
WBGene00045979.,0,4,4
WBGene00045980.,0,1,1
WBGene00045981.,0,4,4
WBGene00045982.,0,2,2
WBGene00045983.,0,1,1
WBGene00045984.,0,0,0
WBGene00045985.,0,0,0
WBGene00045986.,0,0,0
WBGene00045987.,0,0,0
WBGene00045988.,0,0,0
WBGene00045989.,0,0,0
WBGene00045990.,0,0,0
WBGene00045991.,0,0,0
WBGene00045992.,0,0,0
WBGene00045993.,0,0,0
WBGene00045994.,0,0,0
WBGene00045995.,0,0,0
WBGene00045996.,0,0,0
WBGene00045997.,0,0,0
WBGene00045998.,0,0,0
WBGene00045999.,0,0,0
WBGene00046000.,0,0,0
WBGene00046001.,0,0,0
WBGene00046002.,0,0,0
WBGene00046003.,0,0,0
WBGene00046004.,0,0,0
WBGene00046005.,0,0,0
WBGene00046006.,0,1,1
WBGene00046007.,0,0,0
WBGene00046008.,0,0,0
WBGene00046009.,0,0,0
WBGene00046010.,0,0,0
WBGene00046011.,0,2,2
WBGene00046012.,0,0,0
WBGene00046013.,0,0,0
WBGene00046014.,0,0,0
WBGene00046015.,0,0,0
WBGene00046016.,0,0,0
WBGene00046017.,0,0,0
WBGene00046018.,0,0,0
WBGene00046019.,0,0,0
WBGene00046020.,0,0,0
WBGene00046021.,0,0,0
WBGene00046022.,0,1,1
WBGene00046023.,0,3,3
WBGene00046024.,0,0,0
WBGene00046025.,0,1,1
WBGene00046026.,0,0,0
WBGene00046027.,0,4,4
WBGene00046028.,0,0,0
WBGene00046029.,0,1,1
WBGene00046030.,0,0,0
WBGene00046031.,0,1,1
WBGene00046032.,0,0,0
WBGene00046033.,0,2,2
WBGene00046034.,0,0,0
WBGene00046035.,0,0,0
WBGene00046036.,0,3,3
WBGene00046037.,0,1,1
WBGene00046038.,0,0,0
WBGene00046039.,0,0,0
WBGene00046040.,0,0,0
WBGene00046041.,0,0,0
WBGene00046042.,0,0,0
WBGene00046043.,0,1,1
WBGene00046044.,0,0,0
WBGene00046045.,0,0,0
WBGene00046046.,0,0,0
WBGene00046047.,0,1,1
WBGene00046048.,0,0,0
WBGene00046049.,0,2,2
WBGene00046050.,0,3,3
WBGene00046051.,0,0,0
WBGene00046052.,0,0,0
WBGene00046053.,0,0,0
WBGene00046054.,0,0,0
WBGene00046055.,0,1,1
WBGene00046056.,0,0,0
WBGene00046057.,0,0,0
WBGene00046058.,0,6,6
WBGene00046059.,0,0,0
WBGene00046060.,0,3,3
WBGene00046061.,0,0,0
WBGene00046062.,0,1,1
WBGene00046063.,0,0,0
WBGene00046064.,0,0,0
WBGene00046065.,0,0,0
WBGene00046066.,0,0,0
WBGene00046067.,0,0,0
WBGene00046068.,0,0,0
WBGene00046069.,0,0,0
WBGene00046070.,0,0,0
WBGene00046071.,0,0,0
WBGene00046072.,0,0,0
WBGene00046073.,0,0,0
WBGene00046074.,0,0,0
WBGene00046075.,0,0,0
WBGene00046076.,0,0,0
WBGene00046077.,0,0,0
WBGene00046078.,0,0,0
WBGene00046079.,0,0,0
WBGene00046080.,0,0,0
WBGene00046081.,0,0,0
WBGene00046082.,0,0,0
WBGene00046083.,0,0,0
WBGene00046084.,0,0,0
WBGene00046085.,0,0,0
WBGene00046086.,0,0,0
WBGene00046087.,0,0,0
WBGene00046088.,0,0,0
WBGene00046089.,0,0,0
WBGene00046090.,0,0,0
WBGene00046091.,0,0,0
WBGene00046092.,0,1,1
WBGene00046093.,0,0,0
WBGene00046094.,0,0,0
WBGene00046095.,0,0,0
WBGene00046096.,0,0,0
WBGene00046097.,0,0,0
WBGene00046098.,0,0,0
WBGene00046099.,0,0,0
WBGene00046100.,0,0,0
WBGene00046101.,0,0,0
WBGene00046102.,0,3,3
WBGene00046103.,0,2,2
WBGene00046104.,0,6,6
WBGene00046105.,0,0,0
WBGene00046106.,0,0,0
WBGene00046107.,0,0,0
WBGene00046108.,0,0,0
WBGene00046109.,0,8,8
WBGene00046110.,0,0,0
WBGene00046111.,0,0,0
WBGene00046112.,0,1,1
WBGene00046113.,0,0,0
WBGene00046114.,0,8,8
WBGene00046115.,0,5,5
WBGene00046116.,0,0,0
WBGene00046117.,0,0,0
WBGene00046118.,0,0,0
WBGene00046119.,0,0,0
WBGene00046120.,0,0,0
WBGene00046121.,0,0,0
WBGene00046122.,0,1,1
WBGene00046123.,0,1,1
WBGene00046124.,0,0,0
WBGene00046125.,0,3,3
WBGene00046126.,0,0,0
WBGene00046127.,0,1,1
WBGene00046128.,0,0,0
WBGene00046129.,0,0,0
WBGene00046130.,0,0,0
WBGene00046131.,0,0,0
WBGene00046132.,0,3,3
WBGene00046133.,0,0,0
WBGene00046134.,0,0,0
WBGene00046135.,0,0,0
WBGene00046136.,0,0,0
WBGene00046137.,0,1,1
WBGene00046138.,0,0,0
WBGene00046139.,0,0,0
WBGene00046140.,0,2,2
WBGene00046141.,0,0,0
WBGene00046142.,0,0,0
WBGene00046143.,0,1,1
WBGene00046144.,0,0,0
WBGene00046145.,0,0,0
WBGene00046146.,0,0,0
WBGene00046147.,0,1,1
WBGene00046148.,0,2,2
WBGene00046149.,0,0,0
WBGene00046150.,0,0,0
WBGene00046151.,0,1,1
WBGene00046152.,0,0,0
WBGene00046153.,0,0,0
WBGene00046154.,0,0,0
WBGene00046155.,0,0,0
WBGene00046156.,0,0,0
WBGene00046157.,0,0,0
WBGene00046158.,0,0,0
WBGene00046159.,0,0,0
WBGene00046160.,0,6,6
WBGene00046161.,0,1,1
WBGene00046162.,0,0,0
WBGene00046163.,0,0,0
WBGene00046164.,0,0,0
WBGene00046165.,0,0,0
WBGene00046166.,0,10,10
WBGene00046167.,0,0,0
WBGene00046168.,0,0,0
WBGene00046169.,0,1,1
WBGene00046170.,0,0,0
WBGene00046171.,0,0,0
WBGene00046172.,0,0,0
WBGene00046173.,0,0,0
WBGene00046174.,0,0,0
WBGene00046175.,0,0,0
WBGene00046176.,0,66,66
WBGene00046177.,0,0,0
WBGene00046178.,0,0,0
WBGene00046179.,0,2,2
WBGene00046180.,0,1,1
WBGene00046181.,0,0,0
WBGene00046182.,0,0,0
WBGene00046183.,0,4,4
WBGene00046184.,0,0,0
WBGene00046185.,0,0,0
WBGene00046186.,0,0,0
WBGene00046187.,0,0,0
WBGene00046188.,0,0,0
WBGene00046189.,0,0,0
WBGene00046190.,0,0,0
WBGene00046191.,0,0,0
WBGene00046192.,0,5,5
WBGene00046193.,0,0,0
WBGene00046194.,0,0,0
WBGene00046195.,0,0,0
WBGene00046196.,0,1,1
WBGene00046197.,0,0,0
WBGene00046198.,0,0,0
WBGene00046199.,0,1,1
WBGene00046200.,0,0,0
WBGene00046201.,0,0,0
WBGene00046202.,0,0,0
WBGene00046203.,0,0,0
WBGene00046204.,0,0,0
WBGene00046205.,0,0,0
WBGene00046206.,0,0,0
WBGene00046207.,0,0,0
WBGene00046208.,0,0,0
WBGene00046209.,0,12,12
WBGene00046210.,0,0,0
WBGene00046211.,0,1,1
WBGene00046212.,0,1,1
WBGene00046213.,0,0,0
WBGene00046214.,0,0,0
WBGene00046215.,0,0,0
WBGene00046216.,0,0,0
WBGene00046217.,0,0,0
WBGene00046218.,0,0,0
WBGene00046219.,0,0,0
WBGene00046220.,0,3,3
WBGene00046221.,0,0,0
WBGene00046222.,0,0,0
WBGene00046223.,0,0,0
WBGene00046224.,0,0,0
WBGene00046225.,0,0,0
WBGene00046226.,0,0,0
WBGene00046227.,0,0,0
WBGene00046228.,0,1,1
WBGene00046229.,0,0,0
WBGene00046230.,0,0,0
WBGene00046231.,0,0,0
WBGene00046232.,0,2,2
WBGene00046233.,0,0,0
WBGene00046234.,0,0,0
WBGene00046235.,0,0,0
WBGene00046236.,0,0,0
WBGene00046237.,0,0,0
WBGene00046238.,0,0,0
WBGene00046239.,0,0,0
WBGene00046240.,0,0,0
WBGene00046241.,0,0,0
WBGene00046242.,0,0,0
WBGene00046243.,0,0,0
WBGene00046244.,0,0,0
WBGene00046245.,0,0,0
WBGene00046246.,0,0,0
WBGene00046247.,0,0,0
WBGene00046248.,0,0,0
WBGene00046249.,0,0,0
WBGene00046250.,0,0,0
WBGene00046251.,0,1,1
WBGene00046252.,0,0,0
WBGene00046253.,0,0,0
WBGene00046254.,0,0,0
WBGene00046255.,0,0,0
WBGene00046256.,0,1,1
WBGene00046257.,0,0,0
WBGene00046258.,0,0,0
WBGene00046259.,0,0,0
WBGene00046260.,0,0,0
WBGene00046261.,0,0,0
WBGene00046262.,0,0,0
WBGene00046263.,0,0,0
WBGene00046264.,0,9,9
WBGene00046265.,0,1,1
WBGene00046266.,0,0,0
WBGene00046267.,0,2,2
WBGene00046268.,0,0,0
WBGene00046269.,0,1,1
WBGene00046270.,0,3,3
WBGene00046271.,0,0,0
WBGene00046272.,0,0,0
WBGene00046273.,0,0,0
WBGene00046274.,0,0,0
WBGene00046275.,0,0,0
WBGene00046276.,0,0,0
WBGene00046277.,0,0,0
WBGene00046278.,0,0,0
WBGene00046279.,0,0,0
WBGene00046280.,0,0,0
WBGene00046281.,0,0,0
WBGene00046282.,0,0,0
WBGene00046283.,0,2,2
WBGene00046284.,0,0,0
WBGene00046285.,0,0,0
WBGene00046286.,0,0,0
WBGene00046287.,0,2,2
WBGene00046288.,0,3,3
WBGene00046289.,0,13,13
WBGene00046290.,0,2,2
WBGene00046291.,0,0,0
WBGene00046292.,0,4,4
WBGene00046293.,0,0,0
WBGene00046294.,0,0,0
WBGene00046295.,0,1,1
WBGene00046296.,0,0,0
WBGene00046297.,0,0,0
WBGene00046298.,0,0,0
WBGene00046299.,0,0,0
WBGene00046300.,0,0,0
WBGene00046301.,0,0,0
WBGene00046302.,0,0,0
WBGene00046303.,0,0,0
WBGene00046304.,0,0,0
WBGene00046305.,0,0,0
WBGene00046306.,0,0,0
WBGene00046307.,0,0,0
WBGene00046308.,0,1,1
WBGene00046309.,0,0,0
WBGene00046310.,0,0,0
WBGene00046311.,0,0,0
WBGene00046312.,0,0,0
WBGene00046313.,0,4,4
WBGene00046314.,0,0,0
WBGene00046315.,0,0,0
WBGene00046316.,0,0,0
WBGene00046317.,0,3,3
WBGene00046318.,0,0,0
WBGene00046319.,0,0,0
WBGene00046320.,0,0,0
WBGene00046321.,0,0,0
WBGene00046322.,0,0,0
WBGene00046323.,0,0,0
WBGene00046324.,0,0,0
WBGene00046325.,0,9,9
WBGene00046326.,0,0,0
WBGene00046327.,0,0,0
WBGene00046328.,0,0,0
WBGene00046329.,0,0,0
WBGene00046330.,0,1,1
WBGene00046331.,0,0,0
WBGene00046332.,0,0,0
WBGene00046333.,0,0,0
WBGene00046334.,0,1,1
WBGene00046335.,0,10,10
WBGene00046336.,0,0,0
WBGene00046337.,0,4,4
WBGene00046338.,0,1,1
WBGene00046339.,0,0,0
WBGene00046340.,0,0,0
WBGene00046341.,0,0,0
WBGene00046342.,0,2,2
WBGene00046343.,0,3,3
WBGene00046344.,0,1,1
WBGene00046345.,0,10,10
WBGene00046346.,0,0,0
WBGene00046347.,0,0,0
WBGene00046348.,0,2,2
WBGene00046349.,0,0,0
WBGene00046350.,0,0,0
WBGene00046351.,0,0,0
WBGene00046352.,0,1,1
WBGene00046353.,0,2,2
WBGene00046354.,0,0,0
WBGene00046355.,0,0,0
WBGene00046356.,0,3,3
WBGene00046357.,0,0,0
WBGene00046358.,0,1,1
WBGene00046359.,0,0,0
WBGene00046360.,0,1,1
WBGene00046361.,0,0,0
WBGene00046362.,0,0,0
WBGene00046363.,0,0,0
WBGene00046364.,0,0,0
WBGene00046365.,0,0,0
WBGene00046366.,0,0,0
WBGene00046367.,0,0,0
WBGene00046368.,0,0,0
WBGene00046369.,0,0,0
WBGene00046370.,0,0,0
WBGene00046371.,0,0,0
WBGene00046372.,0,0,0
WBGene00046373.,0,0,0
WBGene00046374.,0,0,0
WBGene00046375.,0,0,0
WBGene00046376.,0,0,0
WBGene00046377.,0,0,0
WBGene00046378.,0,0,0
WBGene00046379.,0,0,0
WBGene00046380.,0,0,0
WBGene00046381.,0,0,0
WBGene00046382.,0,0,0
WBGene00046383.,0,0,0
WBGene00046384.,0,0,0
WBGene00046385.,0,0,0
WBGene00046386.,0,0,0
WBGene00046387.,0,0,0
WBGene00046388.,0,0,0
WBGene00046389.,0,1,1
WBGene00046390.,0,0,0
WBGene00046391.,0,0,0
WBGene00046392.,0,0,0
WBGene00046393.,0,6,6
WBGene00046394.,0,2,2
WBGene00046395.,0,0,0
WBGene00046396.,0,0,0
WBGene00046397.,0,0,0
WBGene00046398.,0,0,0
WBGene00046399.,0,7,7
WBGene00046400.,0,0,0
WBGene00046401.,0,0,0
WBGene00046402.,0,0,0
WBGene00046403.,0,1,1
WBGene00046404.,0,0,0
WBGene00046405.,0,0,0
WBGene00046406.,0,8,8
WBGene00046407.,0,4,4
WBGene00046408.,0,1,1
WBGene00046409.,0,2,2
WBGene00046410.,0,1,1
WBGene00046411.,0,0,0
WBGene00046412.,0,0,0
WBGene00046413.,0,0,0
WBGene00046414.,0,0,0
WBGene00046415.,0,0,0
WBGene00046416.,0,0,0
WBGene00046417.,0,0,0
WBGene00046418.,0,0,0
WBGene00046419.,0,0,0
WBGene00046420.,0,0,0
WBGene00046421.,0,17,17
WBGene00046422.,0,0,0
WBGene00046423.,0,3,3
WBGene00046424.,0,0,0
WBGene00046425.,0,0,0
WBGene00046426.,0,0,0
WBGene00046427.,0,0,0
WBGene00046428.,0,0,0
WBGene00046429.,0,4,4
WBGene00046430.,0,0,0
WBGene00046431.,0,2,2
WBGene00046432.,0,0,0
WBGene00046433.,0,0,0
WBGene00046434.,0,0,0
WBGene00046435.,0,0,0
WBGene00046436.,0,0,0
WBGene00046437.,0,0,0
WBGene00046438.,0,3,3
WBGene00046439.,0,0,0
WBGene00046440.,0,0,0
WBGene00046441.,0,0,0
WBGene00046442.,0,0,0
WBGene00046443.,0,1,1
WBGene00046444.,0,2,2
WBGene00046445.,0,0,0
WBGene00046446.,0,0,0
WBGene00046447.,0,0,0
WBGene00046448.,0,0,0
WBGene00046449.,0,0,0
WBGene00046450.,0,0,0
WBGene00046451.,0,0,0
WBGene00046452.,0,6,6
WBGene00046453.,0,1,1
WBGene00046454.,0,0,0
WBGene00046455.,0,2,2
WBGene00046456.,0,0,0
WBGene00046457.,0,0,0
WBGene00046458.,0,0,0
WBGene00046459.,0,0,0
WBGene00046460.,0,0,0
WBGene00046461.,0,0,0
WBGene00046462.,0,0,0
WBGene00046463.,0,0,0
WBGene00046464.,0,0,0
WBGene00046465.,0,0,0
WBGene00046466.,0,0,0
WBGene00046467.,0,0,0
WBGene00046468.,0,0,0
WBGene00046469.,0,0,0
WBGene00046470.,0,1,1
WBGene00046471.,0,0,0
WBGene00046472.,0,0,0
WBGene00046473.,0,1,1
WBGene00046474.,0,0,0
WBGene00046475.,0,2,2
WBGene00046476.,0,0,0
WBGene00046477.,0,0,0
WBGene00046478.,0,0,0
WBGene00046479.,0,0,0
WBGene00046480.,0,0,0
WBGene00046481.,0,0,0
WBGene00046482.,0,3,3
WBGene00046483.,0,0,0
WBGene00046484.,0,0,0
WBGene00046485.,0,0,0
WBGene00046486.,0,0,0
WBGene00046487.,0,2,2
WBGene00046488.,0,0,0
WBGene00046489.,0,0,0
WBGene00046490.,0,1,1
WBGene00046491.,0,4,4
WBGene00046492.,0,0,0
WBGene00046493.,0,0,0
WBGene00046494.,0,0,0
WBGene00046495.,0,4,4
WBGene00046496.,0,0,0
WBGene00046497.,0,0,0
WBGene00046498.,0,0,0
WBGene00046499.,0,1,1
WBGene00046500.,0,0,0
WBGene00046501.,0,0,0
WBGene00046502.,0,0,0
WBGene00046503.,0,0,0
WBGene00046504.,0,0,0
WBGene00046505.,0,0,0
WBGene00046506.,0,0,0
WBGene00046507.,0,0,0
WBGene00046508.,0,4,4
WBGene00046509.,0,54,54
WBGene00046510.,0,0,0
WBGene00046511.,0,2,2
WBGene00046512.,0,8,8
WBGene00046513.,0,0,0
WBGene00046514.,0,6,6
WBGene00046515.,0,0,0
WBGene00046516.,0,0,0
WBGene00046517.,0,0,0
WBGene00046518.,0,0,0
WBGene00046519.,0,0,0
WBGene00046520.,0,0,0
WBGene00046521.,0,3,3
WBGene00046522.,0,0,0
WBGene00046523.,0,0,0
WBGene00046524.,0,0,0
WBGene00046525.,0,0,0
WBGene00046526.,0,0,0
WBGene00046527.,0,0,0
WBGene00046528.,0,1,1
WBGene00046529.,0,2,2
WBGene00046530.,0,0,0
WBGene00046531.,0,4,4
WBGene00046532.,0,0,0
WBGene00046533.,0,1,1
WBGene00046534.,0,0,0
WBGene00046535.,0,0,0
WBGene00046536.,0,0,0
WBGene00046537.,0,0,0
WBGene00046538.,0,0,0
WBGene00046539.,0,0,0
WBGene00046540.,0,0,0
WBGene00046541.,0,0,0
WBGene00046542.,0,1,1
WBGene00046543.,0,0,0
WBGene00046544.,0,3,3
WBGene00046545.,0,0,0
WBGene00046546.,0,0,0
WBGene00046547.,0,13,13
WBGene00046548.,0,0,0
WBGene00046549.,0,0,0
WBGene00046550.,0,2,2
WBGene00046551.,0,0,0
WBGene00046552.,0,0,0
WBGene00046553.,0,0,0
WBGene00046554.,0,0,0
WBGene00046555.,0,0,0
WBGene00046556.,0,0,0
WBGene00046557.,0,0,0
WBGene00046558.,0,1,1
WBGene00046559.,0,0,0
WBGene00046560.,0,3,3
WBGene00046561.,0,0,0
WBGene00046562.,0,0,0
WBGene00046563.,0,0,0
WBGene00046564.,0,0,0
WBGene00046565.,0,0,0
WBGene00046566.,0,0,0
WBGene00046567.,0,0,0
WBGene00046568.,0,0,0
WBGene00046569.,0,1,1
WBGene00046570.,0,0,0
WBGene00046571.,0,0,0
WBGene00046572.,0,1,1
WBGene00046573.,0,2,2
WBGene00046574.,0,0,0
WBGene00046575.,0,0,0
WBGene00046576.,0,0,0
WBGene00046577.,0,2,2
WBGene00046578.,0,0,0
WBGene00046579.,0,0,0
WBGene00046580.,0,0,0
WBGene00046581.,0,0,0
WBGene00046582.,0,4,4
WBGene00046583.,0,0,0
WBGene00046584.,0,0,0
WBGene00046585.,0,0,0
WBGene00046586.,0,0,0
WBGene00046587.,0,0,0
WBGene00046588.,0,0,0
WBGene00046589.,0,0,0
WBGene00046590.,0,0,0
WBGene00046591.,0,0,0
WBGene00046592.,0,2,2
WBGene00046593.,0,0,0
WBGene00046594.,0,0,0
WBGene00046595.,0,0,0
WBGene00046596.,0,0,0
WBGene00046597.,0,0,0
WBGene00046598.,0,1,1
WBGene00046599.,0,0,0
WBGene00046600.,0,0,0
WBGene00046601.,0,0,0
WBGene00046602.,0,0,0
WBGene00046603.,0,3,3
WBGene00046604.,0,0,0
WBGene00046605.,0,5,5
WBGene00046606.,0,0,0
WBGene00046607.,0,0,0
WBGene00046608.,0,10,10
WBGene00046609.,0,1,1
WBGene00046610.,0,0,0
WBGene00046611.,0,0,0
WBGene00046612.,0,0,0
WBGene00046613.,0,0,0
WBGene00046614.,0,0,0
WBGene00046615.,0,0,0
WBGene00046616.,0,0,0
WBGene00046617.,0,0,0
WBGene00046618.,0,1,1
WBGene00046619.,0,0,0
WBGene00046620.,0,0,0
WBGene00046621.,0,0,0
WBGene00046622.,0,0,0
WBGene00046623.,0,3,3
WBGene00046624.,0,3,3
WBGene00046625.,0,0,0
WBGene00046626.,0,1,1
WBGene00046627.,0,0,0
WBGene00046628.,0,1,1
WBGene00046629.,0,0,0
WBGene00046630.,0,0,0
WBGene00046631.,0,0,0
WBGene00046632.,0,0,0
WBGene00046633.,0,1,1
WBGene00046634.,0,0,0
WBGene00046635.,0,0,0
WBGene00046636.,0,0,0
WBGene00046637.,0,0,0
WBGene00046638.,0,0,0
WBGene00046639.,0,0,0
WBGene00046640.,0,0,0
WBGene00046641.,0,3,3
WBGene00046642.,0,0,0
WBGene00046643.,0,3,3
WBGene00046644.,0,0,0
WBGene00046645.,0,0,0
WBGene00046646.,0,0,0
WBGene00046647.,0,0,0
WBGene00046648.,0,7,7
WBGene00046649.,0,0,0
WBGene00046650.,0,0,0
WBGene00046651.,0,0,0
WBGene00046652.,0,3,3
WBGene00046653.,0,0,0
WBGene00046654.,0,0,0
WBGene00046655.,0,1,1
WBGene00046656.,0,0,0
WBGene00046657.,0,0,0
WBGene00046658.,0,0,0
WBGene00046659.,0,0,0
WBGene00046660.,0,0,0
WBGene00046661.,0,0,0
WBGene00046662.,0,0,0
WBGene00046663.,0,2,2
WBGene00046664.,0,2,2
WBGene00046665.,0,0,0
WBGene00046666.,0,3,3
WBGene00046667.,0,0,0
WBGene00046668.,0,0,0
WBGene00046669.,0,0,0
WBGene00046670.,0,1,1
WBGene00046671.,0,2,2
WBGene00046672.,0,1,1
WBGene00046673.,0,0,0
WBGene00046674.,0,0,0
WBGene00046675.,0,0,0
WBGene00046676.,0,0,0
WBGene00046677.,0,0,0
WBGene00046678.,0,0,0
WBGene00046679.,0,0,0
WBGene00046680.,0,0,0
WBGene00046681.,0,0,0
WBGene00046682.,0,0,0
WBGene00046683.,0,2,2
WBGene00046684.,0,1,1
WBGene00046685.,0,0,0
WBGene00046686.,0,0,0
WBGene00046687.,0,0,0
WBGene00046688.,0,0,0
WBGene00046689.,0,0,0
WBGene00046690.,0,0,0
WBGene00046691.,0,2,2
WBGene00046692.,0,0,0
WBGene00046693.,0,0,0
WBGene00046694.,0,0,0
WBGene00046695.,0,2,2
WBGene00046696.,0,0,0
WBGene00046697.,0,2,2
WBGene00046698.,0,3944,3944
WBGene00046699.,0,0,0
WBGene00046700.,0,0,0
WBGene00046701.,0,0,0
WBGene00046702.,0,0,0
WBGene00046703.,0,2,2
WBGene00046704.,0,0,0
WBGene00046705.,0,0,0
WBGene00046706.,0,0,0
WBGene00046707.,0,0,0
WBGene00046708.,0,0,0
WBGene00046709.,0,1,1
WBGene00046710.,0,0,0
WBGene00046711.,0,0,0
WBGene00046712.,0,7,7
WBGene00046713.,0,0,0
WBGene00046714.,0,0,0
WBGene00046715.,0,0,0
WBGene00046716.,0,0,0
WBGene00046717.,0,0,0
WBGene00046718.,0,0,0
WBGene00046719.,0,0,0
WBGene00046720.,0,0,0
WBGene00046721.,0,0,0
WBGene00046722.,0,0,0
WBGene00046723.,0,0,0
WBGene00046724.,0,0,0
WBGene00046725.,0,0,0
WBGene00046726.,0,0,0
WBGene00046727.,0,0,0
WBGene00046728.,0,0,0
WBGene00046729.,0,1,1
WBGene00046730.,0,2,2
WBGene00046731.,0,0,0
WBGene00046732.,0,1,1
WBGene00046733.,0,0,0
WBGene00046734.,0,0,0
WBGene00046735.,0,0,0
WBGene00046736.,0,0,0
WBGene00046737.,0,0,0
WBGene00046738.,0,3,3
WBGene00046739.,0,0,0
WBGene00046740.,0,0,0
WBGene00046741.,1,37,38
WBGene00046742.,0,0,0
WBGene00046743.,0,0,0
WBGene00046744.,0,0,0
WBGene00046745.,0,0,0
WBGene00046746.,0,0,0
WBGene00046747.,0,0,0
WBGene00046748.,0,10,10
WBGene00046749.,0,4,4
WBGene00046750.,0,0,0
WBGene00046751.,0,0,0
WBGene00046752.,0,0,0
WBGene00046753.,0,0,0
WBGene00046754.,0,0,0
WBGene00046755.,0,0,0
WBGene00046756.,0,0,0
WBGene00046757.,0,0,0
WBGene00046758.,0,0,0
WBGene00046759.,0,0,0
WBGene00046760.,0,0,0
WBGene00046761.,0,29,29
WBGene00046762.,0,1,1
WBGene00046763.,0,0,0
WBGene00046764.,0,0,0
WBGene00046765.,0,0,0
WBGene00046766.,0,0,0
WBGene00046767.,0,1,1
WBGene00046768.,0,2,2
WBGene00046769.,0,0,0
WBGene00046770.,0,0,0
WBGene00046771.,0,0,0
WBGene00046772.,0,0,0
WBGene00046773.,0,0,0
WBGene00046774.,0,0,0
WBGene00046775.,0,0,0
WBGene00046776.,0,0,0
WBGene00046777.,0,6,6
WBGene00046778.,0,0,0
WBGene00046779.,0,0,0
WBGene00046780.,0,2,2
WBGene00046781.,0,0,0
WBGene00046782.,0,0,0
WBGene00046783.,0,0,0
WBGene00046784.,0,0,0
WBGene00046785.,0,3,3
WBGene00046786.,0,0,0
WBGene00046787.,0,0,0
WBGene00046788.,0,0,0
WBGene00046789.,0,3,3
WBGene00046790.,0,0,0
WBGene00046791.,0,0,0
WBGene00046792.,0,0,0
WBGene00046793.,0,0,0
WBGene00046794.,0,0,0
WBGene00046795.,0,2,2
WBGene00046796.,0,4,4
WBGene00046797.,0,1,1
WBGene00046798.,0,0,0
WBGene00046799.,0,0,0
WBGene00046800.,0,0,0
WBGene00046801.,0,0,0
WBGene00046802.,0,0,0
WBGene00046803.,0,2,2
WBGene00046804.,0,0,0
WBGene00046805.,0,0,0
WBGene00046806.,0,1,1
WBGene00046807.,0,0,0
WBGene00046808.,0,3,3
WBGene00046809.,0,0,0
WBGene00046810.,0,0,0
WBGene00046811.,0,0,0
WBGene00046812.,0,0,0
WBGene00046813.,0,0,0
WBGene00046814.,0,0,0
WBGene00046815.,0,0,0
WBGene00046816.,0,0,0
WBGene00046817.,0,0,0
WBGene00046818.,0,2,2
WBGene00046819.,0,0,0
WBGene00046820.,0,0,0
WBGene00046821.,0,5,5
WBGene00046822.,0,0,0
WBGene00046823.,0,0,0
WBGene00046824.,0,0,0
WBGene00046825.,0,0,0
WBGene00046826.,0,24,24
WBGene00046827.,0,0,0
WBGene00046828.,0,0,0
WBGene00046829.,0,0,0
WBGene00046830.,0,0,0
WBGene00046831.,0,0,0
WBGene00046832.,0,0,0
WBGene00046833.,0,0,0
WBGene00046834.,0,0,0
WBGene00046835.,0,0,0
WBGene00046836.,0,0,0
WBGene00046837.,0,3,3
WBGene00046838.,0,1,1
WBGene00046839.,0,21,21
WBGene00046840.,0,0,0
WBGene00046841.,0,0,0
WBGene00046842.,0,0,0
WBGene00046843.,0,0,0
WBGene00046844.,0,0,0
WBGene00046845.,0,0,0
WBGene00046846.,0,5,5
WBGene00046847.,0,0,0
WBGene00046848.,0,0,0
WBGene00046849.,0,0,0
WBGene00046850.,0,0,0
WBGene00046851.,0,0,0
WBGene00046852.,0,0,0
WBGene00046853.,0,0,0
WBGene00046854.,0,8,8
WBGene00046855.,0,0,0
WBGene00046856.,0,0,0
WBGene00046857.,0,0,0
WBGene00046858.,0,1,1
WBGene00046859.,0,63,63
WBGene00046860.,0,0,0
WBGene00046861.,0,0,0
WBGene00046862.,0,0,0
WBGene00046863.,0,2,2
WBGene00046864.,0,0,0
WBGene00046865.,0,0,0
WBGene00046866.,0,0,0
WBGene00046867.,0,0,0
WBGene00046868.,0,1,1
WBGene00046869.,0,8,8
WBGene00046870.,0,0,0
WBGene00046871.,0,0,0
WBGene00046872.,0,0,0
WBGene00046873.,0,0,0
WBGene00046874.,0,0,0
WBGene00046875.,0,0,0
WBGene00046876.,0,0,0
WBGene00046877.,0,0,0
WBGene00046878.,0,0,0
WBGene00046879.,0,0,0
WBGene00046880.,0,0,0
WBGene00046881.,0,0,0
WBGene00046882.,0,0,0
WBGene00046883.,0,1,1
WBGene00046884.,0,0,0
WBGene00046885.,0,0,0
WBGene00046886.,0,0,0
WBGene00046887.,0,0,0
WBGene00046888.,0,0,0
WBGene00046889.,0,0,0
WBGene00046890.,0,0,0
WBGene00046891.,0,0,0
WBGene00046892.,0,0,0
WBGene00046893.,0,0,0
WBGene00046894.,0,0,0
WBGene00046895.,0,0,0
WBGene00046896.,0,2,2
WBGene00046897.,0,0,0
WBGene00046898.,0,0,0
WBGene00046899.,0,0,0
WBGene00046900.,0,0,0
WBGene00046901.,0,0,0
WBGene00046902.,0,2,2
WBGene00046903.,0,0,0
WBGene00046904.,0,0,0
WBGene00046905.,0,0,0
WBGene00046906.,0,0,0
WBGene00046907.,0,0,0
WBGene00046908.,0,0,0
WBGene00046909.,0,0,0
WBGene00046910.,0,0,0
WBGene00046911.,0,0,0
WBGene00046912.,0,1,1
WBGene00046913.,0,0,0
WBGene00046914.,0,1,1
WBGene00046915.,0,0,0
WBGene00046916.,0,0,0
WBGene00046917.,0,1,1
WBGene00046918.,0,3,3
WBGene00046919.,0,0,0
WBGene00046920.,0,0,0
WBGene00046921.,0,0,0
WBGene00046922.,0,0,0
WBGene00046923.,0,0,0
WBGene00046924.,0,0,0
WBGene00046925.,0,0,0
WBGene00046926.,0,0,0
WBGene00046927.,0,0,0
WBGene00046928.,0,0,0
WBGene00046929.,0,1,1
WBGene00046930.,0,0,0
WBGene00046931.,0,0,0
WBGene00046932.,0,0,0
WBGene00046933.,0,0,0
WBGene00046934.,0,0,0
WBGene00046935.,0,0,0
WBGene00046936.,0,0,0
WBGene00046937.,0,5,5
WBGene00046938.,0,0,0
WBGene00046939.,0,0,0
WBGene00046940.,0,0,0
WBGene00046941.,0,0,0
WBGene00046942.,0,0,0
WBGene00046943.,0,0,0
WBGene00046944.,0,0,0
WBGene00046945.,0,0,0
WBGene00046946.,0,0,0
WBGene00046947.,0,0,0
WBGene00046948.,0,5,5
WBGene00046949.,0,0,0
WBGene00046950.,0,0,0
WBGene00046951.,0,5,5
WBGene00046952.,0,0,0
WBGene00046953.,0,0,0
WBGene00046954.,0,0,0
WBGene00046955.,0,0,0
WBGene00046956.,0,0,0
WBGene00046957.,0,0,0
WBGene00046958.,0,3,3
WBGene00046959.,0,0,0
WBGene00046960.,0,1,1
WBGene00046961.,0,0,0
WBGene00046962.,0,0,0
WBGene00046963.,0,0,0
WBGene00046964.,0,0,0
WBGene00046965.,0,8,8
WBGene00046966.,0,0,0
WBGene00046967.,0,0,0
WBGene00046968.,0,0,0
WBGene00046969.,0,0,0
WBGene00046970.,0,0,0
WBGene00046971.,0,0,0
WBGene00046972.,0,0,0
WBGene00046973.,0,0,0
WBGene00046974.,0,0,0
WBGene00046975.,0,0,0
WBGene00046976.,0,2,2
WBGene00046977.,0,1,1
WBGene00046978.,0,0,0
WBGene00046979.,0,0,0
WBGene00046980.,0,0,0
WBGene00046981.,0,0,0
WBGene00046982.,0,0,0
WBGene00046983.,0,0,0
WBGene00046984.,0,0,0
WBGene00046985.,0,0,0
WBGene00046986.,0,2,2
WBGene00046987.,0,0,0
WBGene00046988.,0,0,0
WBGene00046989.,0,0,0
WBGene00046990.,0,0,0
WBGene00046991.,0,0,0
WBGene00046992.,0,0,0
WBGene00046993.,0,0,0
WBGene00046994.,0,0,0
WBGene00046995.,0,0,0
WBGene00046996.,0,0,0
WBGene00046997.,0,0,0
WBGene00046998.,0,2,2
WBGene00046999.,0,0,0
WBGene00047000.,0,0,0
WBGene00047001.,0,0,0
WBGene00047002.,0,0,0
WBGene00047003.,0,2,2
WBGene00047004.,0,0,0
WBGene00047005.,0,0,0
WBGene00047006.,0,0,0
WBGene00047007.,0,4,4
WBGene00047008.,0,1,1
WBGene00047009.,0,0,0
WBGene00047010.,0,0,0
WBGene00047011.,0,0,0
WBGene00047012.,0,0,0
WBGene00047013.,0,0,0
WBGene00047014.,0,0,0
WBGene00047015.,0,0,0
WBGene00047016.,0,0,0
WBGene00047017.,0,6,6
WBGene00047018.,0,0,0
WBGene00047019.,0,0,0
WBGene00047020.,0,0,0
WBGene00047021.,0,1,1
WBGene00047022.,0,0,0
WBGene00047023.,0,0,0
WBGene00047024.,0,0,0
WBGene00047025.,0,0,0
WBGene00047026.,0,0,0
WBGene00047027.,0,0,0
WBGene00047028.,0,0,0
WBGene00047029.,0,0,0
WBGene00047030.,0,0,0
WBGene00047031.,0,1,1
WBGene00047032.,0,0,0
WBGene00047033.,0,0,0
WBGene00047034.,0,0,0
WBGene00047035.,0,0,0
WBGene00047036.,0,0,0
WBGene00047037.,0,0,0
WBGene00047038.,0,2,2
WBGene00047039.,0,2,2
WBGene00047040.,0,0,0
WBGene00047041.,0,0,0
WBGene00047042.,0,0,0
WBGene00047043.,0,2,2
WBGene00047044.,0,62,62
WBGene00047045.,0,0,0
WBGene00047046.,0,0,0
WBGene00047047.,0,0,0
WBGene00047048.,0,0,0
WBGene00047049.,0,0,0
WBGene00047050.,0,0,0
WBGene00047051.,0,0,0
WBGene00047052.,0,0,0
WBGene00047053.,0,8,8
WBGene00047054.,0,0,0
WBGene00047055.,0,0,0
WBGene00047056.,0,0,0
WBGene00047057.,0,1,1
WBGene00047058.,0,0,0
WBGene00047059.,0,0,0
WBGene00047060.,0,0,0
WBGene00047061.,0,0,0
WBGene00047062.,0,3,3
WBGene00047063.,0,0,0
WBGene00047064.,0,0,0
WBGene00047065.,0,0,0
WBGene00047066.,0,0,0
WBGene00047067.,0,2,2
WBGene00047068.,0,3,3
WBGene00047069.,0,1,1
WBGene00047070.,0,0,0
WBGene00047071.,0,0,0
WBGene00047072.,0,0,0
WBGene00047073.,0,0,0
WBGene00047074.,0,0,0
WBGene00047075.,0,0,0
WBGene00047076.,0,0,0
WBGene00047077.,0,0,0
WBGene00047078.,0,0,0
WBGene00047079.,0,1,1
WBGene00047080.,0,0,0
WBGene00047081.,0,0,0
WBGene00047082.,0,0,0
WBGene00047083.,0,0,0
WBGene00047084.,0,8,8
WBGene00047085.,0,0,0
WBGene00047086.,0,0,0
WBGene00047087.,0,4,4
WBGene00047088.,0,0,0
WBGene00047089.,0,0,0
WBGene00047090.,0,0,0
WBGene00047091.,0,0,0
WBGene00047092.,0,0,0
WBGene00047093.,0,0,0
WBGene00047094.,0,0,0
WBGene00047095.,0,0,0
WBGene00047096.,0,0,0
WBGene00047097.,0,0,0
WBGene00047098.,0,5,5
WBGene00047099.,0,0,0
WBGene00047100.,0,0,0
WBGene00047101.,0,0,0
WBGene00047102.,0,0,0
WBGene00047103.,0,0,0
WBGene00047104.,0,0,0
WBGene00047105.,0,0,0
WBGene00047106.,0,0,0
WBGene00047107.,0,0,0
WBGene00047108.,0,1,1
WBGene00047109.,0,0,0
WBGene00047110.,0,1,1
WBGene00047111.,0,0,0
WBGene00047112.,0,0,0
WBGene00047113.,0,0,0
WBGene00047114.,0,3,3
WBGene00047115.,0,0,0
WBGene00047116.,0,0,0
WBGene00047117.,0,0,0
WBGene00047118.,0,25,25
WBGene00047119.,0,1,1
WBGene00047120.,0,0,0
WBGene00047121.,0,0,0
WBGene00047122.,0,0,0
WBGene00047123.,0,0,0
WBGene00047124.,0,2,2
WBGene00047125.,0,0,0
WBGene00047126.,0,0,0
WBGene00047127.,0,0,0
WBGene00047128.,0,0,0
WBGene00047129.,0,0,0
WBGene00047130.,0,0,0
WBGene00047131.,0,0,0
WBGene00047132.,0,0,0
WBGene00047133.,0,0,0
WBGene00047134.,0,0,0
WBGene00047135.,0,0,0
WBGene00047136.,0,0,0
WBGene00047137.,0,0,0
WBGene00047138.,0,0,0
WBGene00047139.,0,0,0
WBGene00047140.,0,0,0
WBGene00047141.,0,42,42
WBGene00047142.,0,0,0
WBGene00047143.,0,0,0
WBGene00047144.,0,1,1
WBGene00047145.,0,0,0
WBGene00047146.,0,0,0
WBGene00047147.,0,0,0
WBGene00047148.,0,0,0
WBGene00047149.,0,0,0
WBGene00047150.,0,0,0
WBGene00047151.,0,1,1
WBGene00047152.,0,0,0
WBGene00047153.,0,0,0
WBGene00047154.,0,0,0
WBGene00047155.,0,16,16
WBGene00047156.,0,0,0
WBGene00047157.,0,0,0
WBGene00047158.,0,1,1
WBGene00047159.,0,0,0
WBGene00047160.,0,1,1
WBGene00047161.,0,0,0
WBGene00047162.,0,0,0
WBGene00047163.,0,0,0
WBGene00047164.,0,0,0
WBGene00047165.,0,0,0
WBGene00047166.,0,0,0
WBGene00047167.,0,0,0
WBGene00047168.,0,0,0
WBGene00047169.,0,0,0
WBGene00047170.,0,8,8
WBGene00047171.,0,0,0
WBGene00047172.,0,0,0
WBGene00047173.,0,0,0
WBGene00047174.,0,0,0
WBGene00047175.,0,0,0
WBGene00047176.,0,0,0
WBGene00047177.,0,0,0
WBGene00047178.,0,0,0
WBGene00047179.,0,0,0
WBGene00047180.,0,0,0
WBGene00047181.,0,0,0
WBGene00047182.,0,0,0
WBGene00047183.,0,0,0
WBGene00047184.,0,0,0
WBGene00047185.,0,0,0
WBGene00047186.,0,0,0
WBGene00047187.,0,0,0
WBGene00047188.,0,0,0
WBGene00047189.,0,1,1
WBGene00047190.,0,0,0
WBGene00047191.,0,0,0
WBGene00047192.,0,0,0
WBGene00047193.,0,0,0
WBGene00047194.,0,1,1
WBGene00047195.,0,0,0
WBGene00047196.,0,0,0
WBGene00047197.,0,0,0
WBGene00047198.,0,0,0
WBGene00047199.,0,0,0
WBGene00047200.,0,0,0
WBGene00047201.,0,0,0
WBGene00047202.,0,0,0
WBGene00047203.,0,0,0
WBGene00047204.,0,0,0
WBGene00047205.,0,0,0
WBGene00047206.,0,0,0
WBGene00047207.,0,2,2
WBGene00047208.,0,0,0
WBGene00047209.,0,0,0
WBGene00047210.,0,0,0
WBGene00047211.,0,0,0
WBGene00047212.,0,0,0
WBGene00047213.,0,0,0
WBGene00047214.,0,0,0
WBGene00047215.,0,0,0
WBGene00047216.,0,0,0
WBGene00047217.,0,5,5
WBGene00047218.,0,0,0
WBGene00047219.,0,0,0
WBGene00047220.,0,0,0
WBGene00047221.,0,4,4
WBGene00047222.,0,0,0
WBGene00047223.,0,0,0
WBGene00047224.,0,1,1
WBGene00047225.,0,4,4
WBGene00047226.,0,5,5
WBGene00047227.,0,0,0
WBGene00047228.,0,0,0
WBGene00047229.,0,0,0
WBGene00047230.,0,1,1
WBGene00047231.,0,0,0
WBGene00047232.,0,1,1
WBGene00047233.,0,0,0
WBGene00047234.,0,0,0
WBGene00047235.,0,0,0
WBGene00047236.,0,0,0
WBGene00047237.,0,0,0
WBGene00047238.,0,0,0
WBGene00047239.,0,0,0
WBGene00047240.,0,0,0
WBGene00047241.,0,0,0
WBGene00047242.,0,0,0
WBGene00047243.,0,0,0
WBGene00047244.,0,0,0
WBGene00047245.,0,0,0
WBGene00047246.,0,1,1
WBGene00047247.,0,0,0
WBGene00047248.,0,0,0
WBGene00047249.,0,0,0
WBGene00047250.,0,2,2
WBGene00047251.,0,0,0
WBGene00047252.,0,0,0
WBGene00047253.,0,0,0
WBGene00047254.,0,0,0
WBGene00047255.,0,0,0
WBGene00047256.,0,4,4
WBGene00047257.,0,0,0
WBGene00047258.,0,0,0
WBGene00047259.,0,2,2
WBGene00047260.,0,0,0
WBGene00047261.,0,0,0
WBGene00047262.,0,0,0
WBGene00047263.,0,0,0
WBGene00047264.,0,0,0
WBGene00047265.,0,0,0
WBGene00047266.,0,0,0
WBGene00047267.,0,0,0
WBGene00047268.,0,0,0
WBGene00047269.,0,0,0
WBGene00047270.,0,0,0
WBGene00047271.,0,0,0
WBGene00047272.,0,0,0
WBGene00047273.,0,0,0
WBGene00047274.,0,0,0
WBGene00047275.,0,0,0
WBGene00047276.,0,0,0
WBGene00047277.,0,0,0
WBGene00047278.,0,0,0
WBGene00047279.,0,2,2
WBGene00047280.,0,1,1
WBGene00047281.,0,0,0
WBGene00047282.,0,0,0
WBGene00047283.,0,0,0
WBGene00047284.,0,0,0
WBGene00047285.,0,0,0
WBGene00047286.,0,0,0
WBGene00047287.,0,0,0
WBGene00047288.,0,0,0
WBGene00047289.,0,2,2
WBGene00047290.,0,6,6
WBGene00047291.,0,0,0
WBGene00047292.,0,1,1
WBGene00047293.,0,0,0
WBGene00047294.,0,0,0
WBGene00047295.,0,0,0
WBGene00047296.,0,1,1
WBGene00047297.,0,0,0
WBGene00047298.,0,0,0
WBGene00047299.,0,0,0
WBGene00047300.,0,0,0
WBGene00047301.,0,1,1
WBGene00047302.,0,0,0
WBGene00047303.,0,1,1
WBGene00047304.,0,3,3
WBGene00047305.,0,0,0
WBGene00047306.,0,0,0
WBGene00047307.,0,0,0
WBGene00047308.,0,0,0
WBGene00047309.,0,0,0
WBGene00047310.,0,0,0
WBGene00047311.,0,1,1
WBGene00047312.,0,2,2
WBGene00047313.,0,0,0
WBGene00047314.,0,0,0
WBGene00047315.,0,0,0
WBGene00047316.,0,0,0
WBGene00047317.,0,0,0
WBGene00047318.,0,0,0
WBGene00047319.,0,0,0
WBGene00047320.,0,0,0
WBGene00047321.,0,0,0
WBGene00047322.,0,0,0
WBGene00047323.,0,0,0
WBGene00047324.,0,0,0
WBGene00047325.,0,0,0
WBGene00047326.,0,0,0
WBGene00047327.,0,0,0
WBGene00047328.,0,0,0
WBGene00047329.,0,1,1
WBGene00047330.,0,0,0
WBGene00047331.,0,0,0
WBGene00047332.,0,0,0
WBGene00047333.,0,0,0
WBGene00047334.,0,14,14
WBGene00047335.,0,0,0
WBGene00047336.,0,0,0
WBGene00047337.,0,0,0
WBGene00047338.,0,0,0
WBGene00047339.,0,38,38
WBGene00047340.,0,0,0
WBGene00047341.,0,1,1
WBGene00047342.,0,0,0
WBGene00047343.,0,0,0
WBGene00047344.,0,0,0
WBGene00047345.,0,1,1
WBGene00047346.,0,0,0
WBGene00047347.,0,0,0
WBGene00047348.,0,0,0
WBGene00047349.,0,1,1
WBGene00047350.,0,0,0
WBGene00047351.,0,2,2
WBGene00047352.,0,0,0
WBGene00047353.,0,0,0
WBGene00047354.,0,0,0
WBGene00047355.,0,0,0
WBGene00047356.,0,0,0
WBGene00047357.,0,0,0
WBGene00047358.,0,0,0
WBGene00047359.,0,0,0
WBGene00047360.,0,0,0
WBGene00047361.,0,0,0
WBGene00047362.,0,0,0
WBGene00047363.,0,0,0
WBGene00047364.,0,0,0
WBGene00047365.,0,0,0
WBGene00047366.,0,0,0
WBGene00047367.,0,0,0
WBGene00047368.,0,0,0
WBGene00047369.,0,3,3
WBGene00047370.,0,0,0
WBGene00047371.,0,1,1
WBGene00047372.,0,0,0
WBGene00047373.,0,1,1
WBGene00047374.,0,0,0
WBGene00047375.,0,1,1
WBGene00047376.,0,0,0
WBGene00047377.,0,0,0
WBGene00047378.,0,4,4
WBGene00047379.,0,0,0
WBGene00047380.,0,1,1
WBGene00047381.,0,0,0
WBGene00047382.,0,0,0
WBGene00047383.,0,1,1
WBGene00047384.,0,0,0
WBGene00047385.,0,0,0
WBGene00047386.,0,0,0
WBGene00047387.,0,0,0
WBGene00047388.,0,0,0
WBGene00047389.,0,0,0
WBGene00047390.,0,3,3
WBGene00047391.,0,10,10
WBGene00047392.,0,0,0
WBGene00047393.,0,0,0
WBGene00047394.,0,1,1
WBGene00047395.,0,0,0
WBGene00047396.,0,0,0
WBGene00047397.,0,0,0
WBGene00047398.,0,0,0
WBGene00047399.,0,0,0
WBGene00047400.,0,1,1
WBGene00047401.,0,0,0
WBGene00047402.,0,0,0
WBGene00047403.,0,2,2
WBGene00047404.,0,1,1
WBGene00047405.,0,0,0
WBGene00047406.,0,0,0
WBGene00047407.,0,3,3
WBGene00047408.,0,0,0
WBGene00047409.,0,0,0
WBGene00047410.,0,0,0
WBGene00047411.,0,7,7
WBGene00047412.,0,0,0
WBGene00047413.,0,0,0
WBGene00047414.,0,0,0
WBGene00047415.,0,0,0
WBGene00047416.,0,0,0
WBGene00047417.,0,0,0
WBGene00047418.,0,0,0
WBGene00047419.,0,0,0
WBGene00047420.,0,0,0
WBGene00047421.,0,0,0
WBGene00047422.,0,0,0
WBGene00047423.,0,11,11
WBGene00047424.,0,0,0
WBGene00047425.,0,0,0
WBGene00047426.,0,0,0
WBGene00047427.,0,0,0
WBGene00047428.,0,0,0
WBGene00047429.,0,0,0
WBGene00047430.,0,0,0
WBGene00047431.,0,0,0
WBGene00047432.,0,0,0
WBGene00047433.,0,0,0
WBGene00047434.,0,0,0
WBGene00047435.,0,0,0
WBGene00047436.,0,0,0
WBGene00047437.,0,0,0
WBGene00047438.,0,2,2
WBGene00047439.,0,0,0
WBGene00047440.,0,0,0
WBGene00047441.,0,1,1
WBGene00047442.,0,0,0
WBGene00047443.,0,0,0
WBGene00047444.,0,4,4
WBGene00047445.,0,1,1
WBGene00047446.,0,0,0
WBGene00047447.,0,4,4
WBGene00047448.,0,0,0
WBGene00047449.,0,0,0
WBGene00047450.,0,2,2
WBGene00047451.,0,0,0
WBGene00047452.,0,0,0
WBGene00047453.,0,0,0
WBGene00047454.,0,0,0
WBGene00047455.,0,0,0
WBGene00047456.,0,4,4
WBGene00047457.,0,0,0
WBGene00047458.,0,0,0
WBGene00047459.,0,0,0
WBGene00047460.,0,0,0
WBGene00047461.,0,0,0
WBGene00047462.,0,2,2
WBGene00047463.,0,0,0
WBGene00047464.,0,0,0
WBGene00047465.,0,0,0
WBGene00047466.,0,0,0
WBGene00047467.,0,0,0
WBGene00047468.,0,0,0
WBGene00047469.,0,0,0
WBGene00047470.,0,0,0
WBGene00047471.,0,0,0
WBGene00047472.,0,0,0
WBGene00047473.,0,1,1
WBGene00047474.,0,0,0
WBGene00047475.,0,0,0
WBGene00047476.,0,0,0
WBGene00047477.,0,0,0
WBGene00047478.,0,1,1
WBGene00047479.,0,0,0
WBGene00047480.,0,0,0
WBGene00047481.,0,0,0
WBGene00047482.,0,0,0
WBGene00047483.,0,1,1
WBGene00047484.,0,0,0
WBGene00047485.,0,1,1
WBGene00047486.,0,0,0
WBGene00047487.,0,0,0
WBGene00047488.,0,0,0
WBGene00047489.,0,0,0
WBGene00047490.,0,0,0
WBGene00047491.,0,1,1
WBGene00047492.,0,0,0
WBGene00047493.,0,0,0
WBGene00047494.,0,1,1
WBGene00047495.,0,0,0
WBGene00047496.,0,2,2
WBGene00047497.,0,0,0
WBGene00047498.,0,4,4
WBGene00047499.,0,0,0
WBGene00047500.,0,0,0
WBGene00047501.,0,0,0
WBGene00047502.,0,0,0
WBGene00047503.,0,0,0
WBGene00047504.,0,3,3
WBGene00047505.,0,0,0
WBGene00047506.,0,0,0
WBGene00047507.,0,0,0
WBGene00047508.,0,0,0
WBGene00047509.,0,0,0
WBGene00047510.,0,1,1
WBGene00047511.,0,0,0
WBGene00047512.,0,0,0
WBGene00047513.,0,0,0
WBGene00047514.,0,6,6
WBGene00047515.,0,0,0
WBGene00047516.,0,1,1
WBGene00047517.,0,4,4
WBGene00047518.,0,0,0
WBGene00047519.,0,0,0
WBGene00047520.,0,0,0
WBGene00047521.,0,0,0
WBGene00047522.,0,0,0
WBGene00047523.,0,0,0
WBGene00047524.,0,0,0
WBGene00047525.,0,0,0
WBGene00047526.,0,0,0
WBGene00047527.,0,0,0
WBGene00047528.,0,0,0
WBGene00047529.,0,0,0
WBGene00047530.,0,0,0
WBGene00047531.,0,0,0
WBGene00047532.,0,0,0
WBGene00047533.,0,3,3
WBGene00047534.,0,0,0
WBGene00047535.,0,0,0
WBGene00047536.,0,0,0
WBGene00047537.,0,0,0
WBGene00047538.,0,0,0
WBGene00047539.,0,1,1
WBGene00047540.,0,1,1
WBGene00047541.,0,1,1
WBGene00047542.,0,0,0
WBGene00047543.,0,0,0
WBGene00047544.,0,0,0
WBGene00047545.,0,0,0
WBGene00047546.,0,0,0
WBGene00047547.,0,0,0
WBGene00047548.,0,0,0
WBGene00047549.,0,0,0
WBGene00047550.,0,0,0
WBGene00047551.,0,0,0
WBGene00047552.,0,2,2
WBGene00047553.,0,0,0
WBGene00047554.,0,0,0
WBGene00047555.,0,0,0
WBGene00047556.,0,6,6
WBGene00047557.,0,0,0
WBGene00047558.,0,0,0
WBGene00047559.,0,0,0
WBGene00047560.,0,0,0
WBGene00047561.,0,0,0
WBGene00047562.,0,0,0
WBGene00047563.,0,2,2
WBGene00047564.,0,0,0
WBGene00047565.,0,0,0
WBGene00047566.,0,1,1
WBGene00047567.,0,0,0
WBGene00047568.,0,1,1
WBGene00047569.,0,0,0
WBGene00047570.,0,0,0
WBGene00047571.,0,0,0
WBGene00047572.,0,0,0
WBGene00047573.,0,0,0
WBGene00047574.,0,0,0
WBGene00047575.,0,0,0
WBGene00047576.,0,0,0
WBGene00047577.,0,0,0
WBGene00047578.,0,0,0
WBGene00047579.,0,0,0
WBGene00047580.,0,0,0
WBGene00047581.,0,0,0
WBGene00047582.,0,0,0
WBGene00047583.,0,0,0
WBGene00047584.,0,0,0
WBGene00047585.,0,1,1
WBGene00047586.,0,0,0
WBGene00047587.,0,4,4
WBGene00047588.,0,0,0
WBGene00047589.,0,0,0
WBGene00047590.,0,0,0
WBGene00047591.,0,0,0
WBGene00047592.,0,0,0
WBGene00047593.,0,0,0
WBGene00047594.,0,0,0
WBGene00047595.,0,0,0
WBGene00047596.,0,0,0
WBGene00047597.,0,0,0
WBGene00047598.,0,0,0
WBGene00047599.,0,0,0
WBGene00047600.,0,0,0
WBGene00047601.,0,2,2
WBGene00047602.,0,0,0
WBGene00047603.,0,0,0
WBGene00047604.,0,0,0
WBGene00047605.,0,1,1
WBGene00047606.,0,7,7
WBGene00047607.,0,0,0
WBGene00047608.,0,0,0
WBGene00047609.,0,19,19
WBGene00047610.,0,0,0
WBGene00047611.,0,0,0
WBGene00047612.,0,0,0
WBGene00047613.,0,3,3
WBGene00047614.,0,0,0
WBGene00047615.,0,1,1
WBGene00047616.,0,0,0
WBGene00047617.,0,0,0
WBGene00047618.,0,0,0
WBGene00047619.,0,0,0
WBGene00047620.,0,0,0
WBGene00047621.,0,0,0
WBGene00047622.,0,2,2
WBGene00047623.,0,2,2
WBGene00047624.,0,0,0
WBGene00047625.,0,0,0
WBGene00047626.,0,0,0
WBGene00047627.,0,0,0
WBGene00047628.,0,0,0
WBGene00047629.,0,0,0
WBGene00047630.,0,0,0
WBGene00047631.,0,0,0
WBGene00047632.,0,0,0
WBGene00047633.,0,0,0
WBGene00047634.,0,0,0
WBGene00047635.,0,1,1
WBGene00047636.,0,0,0
WBGene00047637.,0,0,0
WBGene00047638.,0,1,1
WBGene00047639.,0,0,0
WBGene00047640.,0,0,0
WBGene00047641.,0,0,0
WBGene00047642.,0,0,0
WBGene00047643.,0,0,0
WBGene00047644.,0,0,0
WBGene00047645.,0,0,0
WBGene00047646.,0,0,0
WBGene00047647.,0,0,0
WBGene00047648.,0,0,0
WBGene00047649.,0,0,0
WBGene00047650.,0,0,0
WBGene00047651.,0,0,0
WBGene00047652.,0,0,0
WBGene00047653.,0,0,0
WBGene00047654.,0,0,0
WBGene00047655.,0,0,0
WBGene00047656.,0,0,0
WBGene00047657.,0,1,1
WBGene00047658.,0,0,0
WBGene00047659.,0,1,1
WBGene00047660.,0,0,0
WBGene00047661.,0,0,0
WBGene00047662.,0,2,2
WBGene00047663.,0,0,0
WBGene00047664.,0,0,0
WBGene00047665.,0,1,1
WBGene00047666.,0,0,0
WBGene00047667.,0,0,0
WBGene00047668.,0,0,0
WBGene00047669.,0,0,0
WBGene00047670.,0,0,0
WBGene00047671.,0,0,0
WBGene00047672.,0,6,6
WBGene00047673.,0,0,0
WBGene00047674.,0,0,0
WBGene00047675.,0,0,0
WBGene00047676.,0,0,0
WBGene00047677.,0,0,0
WBGene00047678.,0,1,1
WBGene00047679.,0,0,0
WBGene00047680.,0,0,0
WBGene00047681.,0,0,0
WBGene00047682.,0,0,0
WBGene00047683.,0,0,0
WBGene00047684.,0,4,4
WBGene00047685.,0,4,4
WBGene00047686.,0,0,0
WBGene00047687.,0,0,0
WBGene00047688.,0,3,3
WBGene00047689.,0,0,0
WBGene00047690.,0,47,47
WBGene00047691.,0,2,2
WBGene00047692.,0,0,0
WBGene00047693.,0,0,0
WBGene00047694.,0,0,0
WBGene00047695.,0,7,7
WBGene00047696.,0,0,0
WBGene00047697.,0,2,2
WBGene00047698.,0,7,7
WBGene00047699.,0,1,1
WBGene00047700.,0,0,0
WBGene00047701.,0,0,0
WBGene00047702.,0,0,0
WBGene00047703.,0,0,0
WBGene00047704.,0,0,0
WBGene00047705.,0,0,0
WBGene00047706.,0,0,0
WBGene00047707.,0,0,0
WBGene00047708.,0,0,0
WBGene00047709.,0,0,0
WBGene00047710.,0,0,0
WBGene00047711.,0,0,0
WBGene00047712.,0,1,1
WBGene00047713.,0,0,0
WBGene00047714.,0,0,0
WBGene00047715.,0,0,0
WBGene00047716.,0,1,1
WBGene00047717.,0,0,0
WBGene00047718.,0,0,0
WBGene00047719.,0,1,1
WBGene00047720.,0,0,0
WBGene00047721.,0,0,0
WBGene00047722.,0,0,0
WBGene00047723.,0,0,0
WBGene00047724.,0,0,0
WBGene00047725.,0,0,0
WBGene00047726.,0,0,0
WBGene00047727.,0,0,0
WBGene00047728.,0,0,0
WBGene00047729.,0,0,0
WBGene00047730.,0,0,0
WBGene00047731.,0,0,0
WBGene00047732.,0,0,0
WBGene00047733.,0,0,0
WBGene00047734.,0,0,0
WBGene00047735.,0,3,3
WBGene00047736.,0,0,0
WBGene00047737.,0,0,0
WBGene00047738.,0,0,0
WBGene00047739.,0,5,5
WBGene00047740.,0,0,0
WBGene00047741.,0,0,0
WBGene00047742.,0,0,0
WBGene00047743.,0,0,0
WBGene00047744.,0,0,0
WBGene00047745.,0,1,1
WBGene00047746.,0,8,8
WBGene00047747.,0,0,0
WBGene00047748.,0,2,2
WBGene00047749.,0,0,0
WBGene00047750.,0,9,9
WBGene00047751.,0,0,0
WBGene00047752.,0,0,0
WBGene00047753.,0,0,0
WBGene00047754.,0,0,0
WBGene00047755.,0,0,0
WBGene00047756.,0,115,115
WBGene00047757.,0,0,0
WBGene00047758.,0,2,2
WBGene00047759.,0,0,0
WBGene00047760.,0,0,0
WBGene00047761.,0,2,2
WBGene00047762.,0,1,1
WBGene00047763.,0,16,16
WBGene00047764.,0,0,0
WBGene00047765.,0,0,0
WBGene00047766.,0,0,0
WBGene00047767.,0,0,0
WBGene00047768.,0,0,0
WBGene00047769.,0,0,0
WBGene00047770.,0,0,0
WBGene00047771.,0,0,0
WBGene00047772.,0,0,0
WBGene00047773.,0,0,0
WBGene00047774.,0,0,0
WBGene00047775.,0,0,0
WBGene00047776.,0,0,0
WBGene00047777.,0,0,0
WBGene00047778.,0,0,0
WBGene00047779.,0,0,0
WBGene00047780.,0,0,0
WBGene00047781.,0,0,0
WBGene00047782.,0,0,0
WBGene00047783.,0,0,0
WBGene00047784.,0,0,0
WBGene00047785.,0,0,0
WBGene00047786.,0,0,0
WBGene00047787.,0,0,0
WBGene00047788.,0,0,0
WBGene00047789.,0,0,0
WBGene00047790.,0,0,0
WBGene00047791.,0,0,0
WBGene00047792.,0,0,0
WBGene00047793.,0,0,0
WBGene00047794.,0,1,1
WBGene00047795.,0,0,0
WBGene00047796.,0,1,1
WBGene00047797.,0,1,1
WBGene00047798.,0,2,2
WBGene00047799.,0,0,0
WBGene00047800.,0,0,0
WBGene00047801.,0,0,0
WBGene00047802.,0,0,0
WBGene00047803.,0,14,14
WBGene00047804.,0,0,0
WBGene00047805.,0,15,15
WBGene00047806.,0,0,0
WBGene00047807.,0,1,1
WBGene00047808.,0,23,23
WBGene00047809.,0,0,0
WBGene00047810.,0,0,0
WBGene00047811.,0,0,0
WBGene00047812.,0,0,0
WBGene00047813.,0,0,0
WBGene00047814.,0,1,1
WBGene00047815.,0,0,0
WBGene00047816.,0,0,0
WBGene00047817.,0,0,0
WBGene00047818.,0,0,0
WBGene00047819.,0,0,0
WBGene00047820.,0,1,1
WBGene00047821.,0,0,0
WBGene00047822.,0,0,0
WBGene00047823.,0,2,2
WBGene00047824.,0,0,0
WBGene00047825.,0,0,0
WBGene00047826.,0,0,0
WBGene00047827.,0,0,0
WBGene00047828.,0,0,0
WBGene00047829.,0,0,0
WBGene00047830.,0,0,0
WBGene00047831.,0,0,0
WBGene00047832.,0,0,0
WBGene00047833.,0,0,0
WBGene00047834.,0,0,0
WBGene00047835.,0,0,0
WBGene00047836.,0,0,0
WBGene00047837.,0,0,0
WBGene00047838.,0,0,0
WBGene00047839.,0,0,0
WBGene00047840.,0,0,0
WBGene00047841.,0,0,0
WBGene00047842.,0,0,0
WBGene00047843.,0,3,3
WBGene00047844.,0,0,0
WBGene00047845.,0,0,0
WBGene00047846.,0,5,5
WBGene00047847.,0,0,0
WBGene00047848.,0,0,0
WBGene00047849.,0,0,0
WBGene00047850.,0,1,1
WBGene00047851.,0,0,0
WBGene00047852.,0,0,0
WBGene00047853.,0,3,3
WBGene00047854.,0,0,0
WBGene00047855.,0,0,0
WBGene00047856.,0,0,0
WBGene00047857.,0,0,0
WBGene00047858.,0,1,1
WBGene00047859.,0,0,0
WBGene00047860.,0,0,0
WBGene00047861.,0,0,0
WBGene00047862.,0,0,0
WBGene00047863.,0,0,0
WBGene00047864.,0,0,0
WBGene00047865.,0,0,0
WBGene00047866.,0,0,0
WBGene00047867.,0,0,0
WBGene00047868.,0,0,0
WBGene00047869.,0,0,0
WBGene00047870.,0,0,0
WBGene00047871.,0,0,0
WBGene00047872.,0,0,0
WBGene00047873.,0,0,0
WBGene00047874.,0,0,0
WBGene00047875.,0,0,0
WBGene00047876.,0,0,0
WBGene00047877.,0,0,0
WBGene00047878.,0,0,0
WBGene00047879.,0,0,0
WBGene00047880.,0,0,0
WBGene00047881.,0,0,0
WBGene00047882.,0,2,2
WBGene00047883.,0,2,2
WBGene00047884.,0,0,0
WBGene00047885.,0,2,2
WBGene00047886.,0,0,0
WBGene00047887.,0,0,0
WBGene00047888.,0,0,0
WBGene00047889.,0,0,0
WBGene00047890.,0,0,0
WBGene00047891.,0,0,0
WBGene00047892.,0,0,0
WBGene00047893.,0,0,0
WBGene00047894.,0,0,0
WBGene00047895.,0,0,0
WBGene00047896.,0,0,0
WBGene00047897.,0,0,0
WBGene00047898.,0,0,0
WBGene00047899.,0,0,0
WBGene00047900.,0,0,0
WBGene00047901.,0,0,0
WBGene00047902.,0,0,0
WBGene00047903.,0,0,0
WBGene00047905.,0,1,1
WBGene00047906.,0,0,0
WBGene00047907.,0,1,1
WBGene00047908.,0,0,0
WBGene00047909.,0,0,0
WBGene00047910.,0,0,0
WBGene00047911.,0,0,0
WBGene00047912.,0,0,0
WBGene00047913.,0,0,0
WBGene00047914.,0,0,0
WBGene00047915.,0,0,0
WBGene00047916.,0,7,7
WBGene00047917.,0,3,3
WBGene00047918.,0,0,0
WBGene00047919.,0,0,0
WBGene00047920.,0,0,0
WBGene00047921.,0,0,0
WBGene00047922.,0,0,0
WBGene00047923.,0,0,0
WBGene00047924.,0,0,0
WBGene00047925.,0,1,1
WBGene00047926.,0,0,0
WBGene00047927.,0,2,2
WBGene00047928.,0,0,0
WBGene00047929.,0,0,0
WBGene00047930.,0,1,1
WBGene00047931.,0,0,0
WBGene00047932.,0,0,0
WBGene00047933.,0,0,0
WBGene00047934.,0,0,0
WBGene00047935.,0,0,0
WBGene00047936.,0,0,0
WBGene00047937.,0,0,0
WBGene00047938.,0,8,8
WBGene00047939.,0,0,0
WBGene00047940.,0,0,0
WBGene00047941.,0,0,0
WBGene00047942.,0,0,0
WBGene00047943.,0,0,0
WBGene00047944.,0,0,0
WBGene00047945.,0,0,0
WBGene00047946.,0,10,10
WBGene00047947.,0,0,0
WBGene00047948.,0,0,0
WBGene00047949.,0,0,0
WBGene00047950.,0,1,1
WBGene00047951.,0,0,0
WBGene00047952.,0,1,1
WBGene00047953.,0,0,0
WBGene00047954.,0,0,0
WBGene00047955.,0,0,0
WBGene00047956.,0,1,1
WBGene00047957.,0,0,0
WBGene00047958.,0,0,0
WBGene00047959.,0,0,0
WBGene00047960.,0,0,0
WBGene00047961.,0,0,0
WBGene00047962.,0,0,0
WBGene00047963.,0,0,0
WBGene00047964.,0,0,0
WBGene00047965.,0,0,0
WBGene00047966.,0,0,0
WBGene00047967.,0,0,0
WBGene00047968.,0,1,1
WBGene00047969.,0,1,1
WBGene00047970.,0,0,0
WBGene00047971.,0,0,0
WBGene00047972.,0,0,0
WBGene00047973.,0,0,0
WBGene00047974.,0,0,0
WBGene00047975.,0,1,1
WBGene00047976.,0,0,0
WBGene00047977.,0,1,1
WBGene00047978.,0,0,0
WBGene00047979.,0,0,0
WBGene00047980.,0,0,0
WBGene00047981.,0,1,1
WBGene00047982.,0,0,0
WBGene00047983.,0,0,0
WBGene00047984.,0,0,0
WBGene00047985.,0,0,0
WBGene00047986.,0,0,0
WBGene00047987.,0,0,0
WBGene00047988.,0,2,2
WBGene00047989.,0,0,0
WBGene00047990.,0,0,0
WBGene00047991.,0,0,0
WBGene00047992.,0,0,0
WBGene00047993.,0,0,0
WBGene00047994.,0,1,1
WBGene00047995.,0,1,1
WBGene00047996.,0,0,0
WBGene00047997.,0,0,0
WBGene00047998.,0,0,0
WBGene00047999.,0,0,0
WBGene00048000.,0,0,0
WBGene00048001.,0,0,0
WBGene00048002.,0,0,0
WBGene00048003.,0,0,0
WBGene00048004.,0,0,0
WBGene00048005.,0,0,0
WBGene00048006.,0,0,0
WBGene00048007.,0,2,2
WBGene00048008.,0,0,0
WBGene00048009.,0,1,1
WBGene00048010.,0,0,0
WBGene00048011.,0,0,0
WBGene00048012.,0,0,0
WBGene00048013.,0,0,0
WBGene00048014.,0,0,0
WBGene00048015.,0,0,0
WBGene00048016.,0,1,1
WBGene00048017.,0,0,0
WBGene00048018.,0,0,0
WBGene00048019.,0,0,0
WBGene00048020.,0,0,0
WBGene00048021.,0,2,2
WBGene00048022.,0,0,0
WBGene00048023.,0,0,0
WBGene00048024.,0,0,0
WBGene00048025.,0,2,2
WBGene00048026.,0,0,0
WBGene00048027.,0,0,0
WBGene00048028.,0,0,0
WBGene00048029.,0,0,0
WBGene00048030.,0,0,0
WBGene00048031.,0,0,0
WBGene00048032.,0,0,0
WBGene00048033.,0,1,1
WBGene00048034.,0,0,0
WBGene00048035.,0,0,0
WBGene00048036.,0,0,0
WBGene00048037.,0,0,0
WBGene00048038.,0,3,3
WBGene00048039.,0,0,0
WBGene00048040.,0,0,0
WBGene00048041.,0,0,0
WBGene00048042.,0,0,0
WBGene00048043.,0,0,0
WBGene00048044.,0,2,2
WBGene00048045.,0,0,0
WBGene00048046.,0,0,0
WBGene00048047.,0,0,0
WBGene00048048.,0,0,0
WBGene00048049.,0,0,0
WBGene00048050.,0,1,1
WBGene00048051.,0,0,0
WBGene00048052.,0,0,0
WBGene00048053.,0,0,0
WBGene00048054.,0,0,0
WBGene00048055.,0,0,0
WBGene00048056.,0,0,0
WBGene00048057.,0,1,1
WBGene00048058.,0,0,0
WBGene00048059.,0,0,0
WBGene00048060.,0,0,0
WBGene00048061.,0,0,0
WBGene00048062.,0,0,0
WBGene00048063.,0,2,2
WBGene00048064.,0,0,0
WBGene00048065.,0,1,1
WBGene00048066.,0,0,0
WBGene00048067.,0,0,0
WBGene00048068.,0,2,2
WBGene00048069.,0,0,0
WBGene00048070.,0,0,0
WBGene00048071.,0,0,0
WBGene00048072.,0,0,0
WBGene00048073.,0,0,0
WBGene00048074.,0,0,0
WBGene00048075.,0,0,0
WBGene00048076.,0,0,0
WBGene00048077.,0,0,0
WBGene00048078.,0,0,0
WBGene00048079.,0,0,0
WBGene00048080.,0,0,0
WBGene00048081.,0,0,0
WBGene00048082.,0,0,0
WBGene00048083.,0,0,0
WBGene00048084.,0,0,0
WBGene00048085.,0,0,0
WBGene00048086.,0,0,0
WBGene00048087.,0,0,0
WBGene00048088.,0,0,0
WBGene00048089.,0,0,0
WBGene00048090.,0,0,0
WBGene00048091.,0,0,0
WBGene00048092.,0,9,9
WBGene00048093.,0,0,0
WBGene00048094.,0,0,0
WBGene00048095.,0,0,0
WBGene00048096.,0,0,0
WBGene00048097.,0,1,1
WBGene00048098.,0,0,0
WBGene00048099.,0,0,0
WBGene00048100.,0,0,0
WBGene00048101.,0,0,0
WBGene00048102.,0,0,0
WBGene00048103.,0,1,1
WBGene00048104.,0,0,0
WBGene00048105.,0,1,1
WBGene00048106.,0,0,0
WBGene00048107.,0,1,1
WBGene00048108.,0,0,0
WBGene00048109.,0,0,0
WBGene00048110.,0,0,0
WBGene00048111.,0,0,0
WBGene00048112.,0,0,0
WBGene00048113.,0,0,0
WBGene00048114.,0,0,0
WBGene00048115.,0,0,0
WBGene00048116.,0,0,0
WBGene00048117.,0,0,0
WBGene00048118.,0,1,1
WBGene00048119.,0,0,0
WBGene00048120.,0,0,0
WBGene00048121.,0,0,0
WBGene00048122.,0,0,0
WBGene00048123.,0,0,0
WBGene00048124.,0,0,0
WBGene00048125.,0,0,0
WBGene00048126.,0,0,0
WBGene00048127.,0,0,0
WBGene00048128.,0,2,2
WBGene00048129.,0,1,1
WBGene00048130.,0,0,0
WBGene00048131.,0,0,0
WBGene00048132.,0,0,0
WBGene00048133.,0,2,2
WBGene00048134.,0,0,0
WBGene00048135.,0,0,0
WBGene00048136.,0,0,0
WBGene00048137.,0,0,0
WBGene00048138.,0,0,0
WBGene00048139.,0,1,1
WBGene00048140.,0,0,0
WBGene00048141.,0,0,0
WBGene00048142.,0,0,0
WBGene00048143.,0,0,0
WBGene00048144.,0,0,0
WBGene00048145.,0,0,0
WBGene00048146.,0,0,0
WBGene00048147.,0,5,5
WBGene00048148.,0,1,1
WBGene00048149.,0,0,0
WBGene00048150.,0,0,0
WBGene00048151.,0,0,0
WBGene00048152.,0,0,0
WBGene00048153.,0,0,0
WBGene00048154.,0,0,0
WBGene00048155.,0,0,0
WBGene00048156.,0,0,0
WBGene00048157.,0,0,0
WBGene00048158.,0,0,0
WBGene00048159.,0,0,0
WBGene00048160.,0,0,0
WBGene00048161.,0,0,0
WBGene00048162.,0,0,0
WBGene00048163.,0,0,0
WBGene00048164.,0,0,0
WBGene00048165.,0,0,0
WBGene00048166.,0,2,2
WBGene00048167.,0,0,0
WBGene00048168.,0,0,0
WBGene00048169.,0,5,5
WBGene00048170.,0,0,0
WBGene00048171.,0,0,0
WBGene00048172.,0,0,0
WBGene00048173.,0,0,0
WBGene00048174.,0,0,0
WBGene00048175.,0,0,0
WBGene00048176.,0,0,0
WBGene00048177.,0,0,0
WBGene00048178.,0,0,0
WBGene00048179.,0,0,0
WBGene00048180.,0,0,0
WBGene00048181.,0,0,0
WBGene00048182.,0,0,0
WBGene00048183.,0,0,0
WBGene00048184.,0,0,0
WBGene00048185.,0,0,0
WBGene00048186.,0,0,0
WBGene00048187.,0,0,0
WBGene00048188.,0,0,0
WBGene00048189.,0,0,0
WBGene00048190.,0,5,5
WBGene00048191.,0,0,0
WBGene00048192.,0,1,1
WBGene00048193.,0,1,1
WBGene00048194.,0,0,0
WBGene00048195.,0,0,0
WBGene00048196.,0,1,1
WBGene00048197.,0,0,0
WBGene00048198.,0,3,3
WBGene00048199.,0,0,0
WBGene00048200.,0,0,0
WBGene00048201.,0,0,0
WBGene00048202.,0,1,1
WBGene00048203.,0,0,0
WBGene00048204.,0,0,0
WBGene00048205.,0,0,0
WBGene00048206.,0,0,0
WBGene00048207.,0,2,2
WBGene00048208.,0,0,0
WBGene00048209.,0,0,0
WBGene00048210.,0,0,0
WBGene00048211.,0,0,0
WBGene00048212.,0,0,0
WBGene00048213.,0,0,0
WBGene00048214.,0,0,0
WBGene00048215.,0,0,0
WBGene00048216.,0,0,0
WBGene00048217.,0,0,0
WBGene00048218.,0,1,1
WBGene00048219.,0,0,0
WBGene00048220.,0,0,0
WBGene00048221.,0,15,15
WBGene00048222.,0,0,0
WBGene00048223.,0,2,2
WBGene00048224.,0,5,5
WBGene00048225.,0,0,0
WBGene00048226.,0,0,0
WBGene00048227.,0,0,0
WBGene00048228.,0,1,1
WBGene00048229.,0,0,0
WBGene00048230.,0,0,0
WBGene00048231.,0,0,0
WBGene00048232.,0,0,0
WBGene00048233.,0,1,1
WBGene00048234.,0,0,0
WBGene00048235.,0,0,0
WBGene00048236.,0,0,0
WBGene00048237.,0,0,0
WBGene00048238.,0,0,0
WBGene00048239.,0,0,0
WBGene00048240.,0,0,0
WBGene00048241.,0,0,0
WBGene00048242.,0,0,0
WBGene00048243.,0,0,0
WBGene00048244.,0,0,0
WBGene00048245.,0,0,0
WBGene00048246.,0,0,0
WBGene00048247.,0,1,1
WBGene00048248.,0,2,2
WBGene00048249.,0,0,0
WBGene00048250.,0,1,1
WBGene00048251.,0,0,0
WBGene00048252.,0,0,0
WBGene00048253.,0,0,0
WBGene00048254.,0,1,1
WBGene00048255.,0,0,0
WBGene00048256.,0,0,0
WBGene00048257.,0,0,0
WBGene00048258.,0,0,0
WBGene00048259.,0,0,0
WBGene00048260.,0,0,0
WBGene00048261.,0,0,0
WBGene00048262.,0,0,0
WBGene00048263.,0,0,0
WBGene00048264.,0,0,0
WBGene00048265.,0,0,0
WBGene00048266.,0,0,0
WBGene00048267.,0,0,0
WBGene00048268.,0,6,6
WBGene00048269.,0,0,0
WBGene00048270.,0,0,0
WBGene00048271.,0,2,2
WBGene00048272.,0,0,0
WBGene00048273.,0,0,0
WBGene00048274.,0,0,0
WBGene00048275.,0,0,0
WBGene00048276.,0,0,0
WBGene00048277.,0,0,0
WBGene00048278.,0,0,0
WBGene00048279.,0,1,1
WBGene00048280.,0,0,0
WBGene00048281.,0,0,0
WBGene00048282.,0,0,0
WBGene00048283.,0,0,0
WBGene00048284.,0,0,0
WBGene00048285.,0,0,0
WBGene00048286.,0,0,0
WBGene00048287.,0,1,1
WBGene00048288.,0,3,3
WBGene00048289.,0,0,0
WBGene00048290.,0,0,0
WBGene00048291.,0,0,0
WBGene00048292.,0,1,1
WBGene00048293.,0,2,2
WBGene00048294.,0,7,7
WBGene00048295.,0,1,1
WBGene00048296.,0,0,0
WBGene00048297.,0,0,0
WBGene00048298.,0,0,0
WBGene00048299.,0,5,5
WBGene00048300.,0,0,0
WBGene00048301.,0,0,0
WBGene00048302.,0,0,0
WBGene00048303.,0,0,0
WBGene00048304.,0,3,3
WBGene00048305.,0,0,0
WBGene00048306.,0,0,0
WBGene00048307.,0,0,0
WBGene00048308.,0,0,0
WBGene00048309.,0,0,0
WBGene00048310.,0,0,0
WBGene00048311.,0,0,0
WBGene00048312.,0,1,1
WBGene00048313.,0,0,0
WBGene00048314.,0,1,1
WBGene00048315.,0,0,0
WBGene00048316.,0,0,0
WBGene00048317.,0,0,0
WBGene00048318.,0,0,0
WBGene00048319.,0,0,0
WBGene00048320.,0,0,0
WBGene00048321.,0,0,0
WBGene00048322.,0,1,1
WBGene00048323.,0,0,0
WBGene00048324.,0,1,1
WBGene00048325.,0,0,0
WBGene00048326.,0,0,0
WBGene00048327.,0,2,2
WBGene00048328.,0,4,4
WBGene00048329.,0,0,0
WBGene00048330.,0,1,1
WBGene00048331.,0,0,0
WBGene00048332.,0,0,0
WBGene00048333.,0,0,0
WBGene00048334.,0,5,5
WBGene00048335.,0,0,0
WBGene00048336.,0,0,0
WBGene00048337.,0,0,0
WBGene00048338.,0,2,2
WBGene00048339.,0,0,0
WBGene00048340.,0,2,2
WBGene00048341.,0,0,0
WBGene00048342.,0,0,0
WBGene00048343.,0,0,0
WBGene00048344.,0,0,0
WBGene00048345.,0,2,2
WBGene00048346.,0,0,0
WBGene00048347.,0,0,0
WBGene00048348.,0,2,2
WBGene00048349.,0,0,0
WBGene00048350.,0,0,0
WBGene00048351.,0,0,0
WBGene00048352.,0,0,0
WBGene00048353.,0,0,0
WBGene00048354.,0,0,0
WBGene00048355.,0,6,6
WBGene00048356.,0,0,0
WBGene00048357.,0,0,0
WBGene00048358.,0,0,0
WBGene00048359.,0,0,0
WBGene00048360.,0,1,1
WBGene00048361.,0,0,0
WBGene00048362.,0,0,0
WBGene00048363.,0,1,1
WBGene00048364.,0,0,0
WBGene00048365.,0,0,0
WBGene00048366.,0,1,1
WBGene00048367.,0,0,0
WBGene00048368.,0,1,1
WBGene00048369.,0,0,0
WBGene00048370.,0,0,0
WBGene00048371.,0,0,0
WBGene00048372.,0,0,0
WBGene00048373.,0,0,0
WBGene00048374.,0,5,5
WBGene00048375.,0,37,37
WBGene00048376.,0,1,1
WBGene00048377.,0,0,0
WBGene00048378.,0,0,0
WBGene00048379.,0,0,0
WBGene00048380.,0,0,0
WBGene00048381.,0,0,0
WBGene00048382.,0,9,9
WBGene00048383.,0,0,0
WBGene00048384.,0,0,0
WBGene00048385.,0,3,3
WBGene00048386.,0,0,0
WBGene00048387.,0,0,0
WBGene00048388.,0,0,0
WBGene00048389.,0,0,0
WBGene00048390.,0,0,0
WBGene00048391.,0,0,0
WBGene00048392.,0,0,0
WBGene00048393.,0,0,0
WBGene00048394.,0,0,0
WBGene00048395.,0,0,0
WBGene00048396.,0,0,0
WBGene00048397.,0,0,0
WBGene00048398.,0,0,0
WBGene00048399.,0,0,0
WBGene00048400.,0,0,0
WBGene00048401.,0,1,1
WBGene00048402.,0,0,0
WBGene00048403.,0,0,0
WBGene00048404.,0,1,1
WBGene00048405.,0,0,0
WBGene00048406.,0,0,0
WBGene00048407.,0,0,0
WBGene00048408.,0,0,0
WBGene00048409.,0,1,1
WBGene00048410.,0,0,0
WBGene00048411.,0,0,0
WBGene00048412.,0,0,0
WBGene00048413.,0,0,0
WBGene00048414.,0,1,1
WBGene00048415.,0,0,0
WBGene00048416.,0,1,1
WBGene00048417.,0,0,0
WBGene00048418.,0,3,3
WBGene00048419.,0,0,0
WBGene00048420.,0,2,2
WBGene00048421.,0,0,0
WBGene00048422.,0,0,0
WBGene00048423.,0,0,0
WBGene00048424.,0,0,0
WBGene00048425.,0,0,0
WBGene00048426.,0,0,0
WBGene00048427.,0,0,0
WBGene00048428.,0,0,0
WBGene00048429.,0,0,0
WBGene00048430.,0,0,0
WBGene00048431.,0,0,0
WBGene00048432.,0,0,0
WBGene00048433.,0,0,0
WBGene00048434.,0,0,0
WBGene00048435.,0,0,0
WBGene00048436.,0,1,1
WBGene00048437.,0,0,0
WBGene00048438.,0,0,0
WBGene00048439.,0,0,0
WBGene00048440.,0,3,3
WBGene00048441.,0,0,0
WBGene00048442.,0,0,0
WBGene00048443.,0,0,0
WBGene00048444.,0,1,1
WBGene00048445.,0,0,0
WBGene00048446.,0,0,0
WBGene00048447.,0,0,0
WBGene00048448.,0,0,0
WBGene00048449.,0,1,1
WBGene00048450.,0,0,0
WBGene00048451.,0,0,0
WBGene00048452.,0,2,2
WBGene00048453.,0,2,2
WBGene00048454.,0,0,0
WBGene00048455.,0,2,2
WBGene00048456.,0,0,0
WBGene00048457.,0,0,0
WBGene00048458.,0,0,0
WBGene00048459.,0,0,0
WBGene00048460.,0,0,0
WBGene00048461.,0,2,2
WBGene00048462.,0,0,0
WBGene00048463.,0,12,12
WBGene00048464.,0,0,0
WBGene00048465.,0,0,0
WBGene00048466.,0,0,0
WBGene00048467.,0,0,0
WBGene00048468.,0,0,0
WBGene00048469.,0,0,0
WBGene00048470.,0,0,0
WBGene00048471.,0,0,0
WBGene00048472.,0,0,0
WBGene00048473.,0,0,0
WBGene00048474.,0,0,0
WBGene00048475.,0,0,0
WBGene00048476.,0,0,0
WBGene00048477.,0,0,0
WBGene00048478.,0,0,0
WBGene00048479.,0,0,0
WBGene00048480.,0,0,0
WBGene00048481.,0,0,0
WBGene00048482.,0,0,0
WBGene00048483.,0,0,0
WBGene00048484.,0,0,0
WBGene00048485.,0,0,0
WBGene00048486.,0,1,1
WBGene00048487.,0,0,0
WBGene00048488.,0,0,0
WBGene00048489.,0,1,1
WBGene00048490.,0,0,0
WBGene00048491.,0,0,0
WBGene00048492.,0,0,0
WBGene00048493.,0,0,0
WBGene00048494.,0,1,1
WBGene00048495.,0,4,4
WBGene00048496.,0,0,0
WBGene00048497.,0,1,1
WBGene00048498.,0,0,0
WBGene00048499.,0,0,0
WBGene00048500.,0,2,2
WBGene00048501.,0,0,0
WBGene00048502.,0,0,0
WBGene00048503.,0,0,0
WBGene00048504.,0,0,0
WBGene00048505.,0,0,0
WBGene00048506.,0,1,1
WBGene00048507.,0,0,0
WBGene00048508.,0,0,0
WBGene00048509.,0,0,0
WBGene00048510.,0,0,0
WBGene00048511.,0,1,1
WBGene00048512.,0,0,0
WBGene00048513.,0,0,0
WBGene00048514.,0,0,0
WBGene00048515.,0,0,0
WBGene00048516.,0,0,0
WBGene00048517.,0,0,0
WBGene00048518.,0,1,1
WBGene00048519.,0,0,0
WBGene00048520.,0,0,0
WBGene00048521.,0,0,0
WBGene00048522.,0,0,0
WBGene00048523.,0,0,0
WBGene00048524.,0,0,0
WBGene00048525.,0,0,0
WBGene00048526.,0,0,0
WBGene00048527.,0,0,0
WBGene00048528.,0,0,0
WBGene00048529.,0,2,2
WBGene00048530.,0,2,2
WBGene00048531.,0,0,0
WBGene00048532.,0,0,0
WBGene00048533.,0,0,0
WBGene00048534.,0,0,0
WBGene00048535.,0,0,0
WBGene00048536.,0,0,0
WBGene00048537.,0,0,0
WBGene00048538.,0,12,12
WBGene00048539.,0,1,1
WBGene00048540.,0,0,0
WBGene00048541.,0,0,0
WBGene00048542.,0,0,0
WBGene00048543.,0,0,0
WBGene00048544.,0,0,0
WBGene00048545.,0,0,0
WBGene00048546.,0,0,0
WBGene00048547.,0,0,0
WBGene00048548.,0,0,0
WBGene00048549.,0,0,0
WBGene00048550.,0,1,1
WBGene00048551.,0,0,0
WBGene00048552.,0,2,2
WBGene00048553.,0,0,0
WBGene00048554.,0,0,0
WBGene00048555.,0,0,0
WBGene00048556.,0,0,0
WBGene00048557.,0,0,0
WBGene00048558.,0,0,0
WBGene00048559.,0,2,2
WBGene00048560.,0,0,0
WBGene00048561.,0,4,4
WBGene00048562.,0,0,0
WBGene00048563.,0,0,0
WBGene00048564.,0,0,0
WBGene00048565.,0,0,0
WBGene00048566.,0,0,0
WBGene00048567.,0,0,0
WBGene00048568.,0,0,0
WBGene00048569.,0,0,0
WBGene00048570.,0,4,4
WBGene00048571.,0,0,0
WBGene00048572.,0,0,0
WBGene00048573.,0,1,1
WBGene00048574.,0,0,0
WBGene00048575.,0,0,0
WBGene00048576.,0,0,0
WBGene00048577.,0,0,0
WBGene00048578.,0,0,0
WBGene00048579.,0,0,0
WBGene00048580.,0,0,0
WBGene00048581.,0,0,0
WBGene00048582.,0,0,0
WBGene00048583.,0,6,6
WBGene00048584.,0,0,0
WBGene00048585.,0,0,0
WBGene00048586.,0,0,0
WBGene00048587.,0,0,0
WBGene00048588.,0,0,0
WBGene00048589.,0,0,0
WBGene00048590.,0,0,0
WBGene00048591.,0,2,2
WBGene00048592.,0,0,0
WBGene00048593.,0,1,1
WBGene00048594.,0,0,0
WBGene00048595.,0,3,3
WBGene00048596.,0,4,4
WBGene00048597.,0,0,0
WBGene00048598.,0,0,0
WBGene00048599.,0,0,0
WBGene00048600.,0,0,0
WBGene00048601.,0,0,0
WBGene00048602.,0,1,1
WBGene00048603.,0,16,16
WBGene00048604.,0,0,0
WBGene00048605.,0,18,18
WBGene00048606.,0,0,0
WBGene00048607.,0,0,0
WBGene00048608.,0,0,0
WBGene00048609.,0,1,1
WBGene00048610.,0,0,0
WBGene00048611.,0,0,0
WBGene00048612.,0,2,2
WBGene00048613.,0,7,7
WBGene00048614.,0,1,1
WBGene00048615.,0,0,0
WBGene00048616.,0,0,0
WBGene00048617.,0,0,0
WBGene00048618.,0,0,0
WBGene00048619.,0,0,0
WBGene00048620.,0,0,0
WBGene00048621.,0,0,0
WBGene00048622.,0,0,0
WBGene00048623.,0,0,0
WBGene00048624.,0,0,0
WBGene00048625.,0,0,0
WBGene00048626.,0,2,2
WBGene00048627.,0,0,0
WBGene00048628.,0,0,0
WBGene00048629.,0,0,0
WBGene00048630.,0,0,0
WBGene00048631.,0,9,9
WBGene00048632.,0,0,0
WBGene00048633.,0,0,0
WBGene00048634.,0,13,13
WBGene00048635.,0,0,0
WBGene00048636.,0,0,0
WBGene00048637.,0,2,2
WBGene00048638.,0,0,0
WBGene00048639.,0,0,0
WBGene00048640.,0,0,0
WBGene00048641.,0,0,0
WBGene00048642.,0,0,0
WBGene00048643.,0,0,0
WBGene00048644.,0,7,7
WBGene00048645.,0,9,9
WBGene00048646.,0,0,0
WBGene00048647.,0,0,0
WBGene00048648.,0,0,0
WBGene00048649.,0,3,3
WBGene00048650.,0,0,0
WBGene00048651.,0,2,2
WBGene00048652.,0,0,0
WBGene00048653.,0,0,0
WBGene00048654.,0,0,0
WBGene00048655.,0,0,0
WBGene00048656.,0,1,1
WBGene00048657.,0,0,0
WBGene00048658.,0,0,0
WBGene00048659.,0,0,0
WBGene00048660.,0,0,0
WBGene00048661.,0,0,0
WBGene00048662.,0,0,0
WBGene00048663.,0,0,0
WBGene00048664.,0,0,0
WBGene00048665.,0,0,0
WBGene00048666.,0,0,0
WBGene00048667.,0,0,0
WBGene00048668.,0,0,0
WBGene00048669.,0,1,1
WBGene00048670.,0,0,0
WBGene00048671.,0,0,0
WBGene00048672.,0,0,0
WBGene00048673.,0,0,0
WBGene00048674.,0,0,0
WBGene00048675.,0,0,0
WBGene00048676.,0,0,0
WBGene00048677.,0,0,0
WBGene00048678.,0,0,0
WBGene00048679.,0,0,0
WBGene00048680.,0,0,0
WBGene00048681.,0,0,0
WBGene00048682.,0,0,0
WBGene00048683.,0,0,0
WBGene00048684.,0,1,1
WBGene00048685.,0,0,0
WBGene00048686.,0,0,0
WBGene00048687.,0,0,0
WBGene00048688.,0,0,0
WBGene00048689.,0,0,0
WBGene00048690.,0,1,1
WBGene00048691.,0,0,0
WBGene00048692.,0,0,0
WBGene00048693.,0,0,0
WBGene00048694.,0,3,3
WBGene00048695.,0,0,0
WBGene00048696.,0,0,0
WBGene00048697.,0,0,0
WBGene00048698.,0,0,0
WBGene00048699.,0,1,1
WBGene00048700.,0,0,0
WBGene00048701.,0,0,0
WBGene00048702.,0,0,0
WBGene00048703.,0,0,0
WBGene00048704.,0,0,0
WBGene00048705.,0,0,0
WBGene00048706.,0,0,0
WBGene00048707.,0,0,0
WBGene00048708.,0,0,0
WBGene00048709.,0,1,1
WBGene00048710.,0,0,0
WBGene00048711.,0,0,0
WBGene00048712.,0,0,0
WBGene00048713.,0,0,0
WBGene00048714.,0,0,0
WBGene00048715.,0,0,0
WBGene00048716.,0,0,0
WBGene00048717.,0,0,0
WBGene00048718.,0,0,0
WBGene00048719.,0,1,1
WBGene00048720.,0,4,4
WBGene00048721.,0,0,0
WBGene00048722.,0,1,1
WBGene00048723.,0,0,0
WBGene00048724.,0,0,0
WBGene00048725.,0,3,3
WBGene00048726.,0,0,0
WBGene00048727.,0,2,2
WBGene00048728.,0,0,0
WBGene00048729.,0,0,0
WBGene00048730.,0,1,1
WBGene00048731.,0,0,0
WBGene00048732.,0,0,0
WBGene00048733.,0,0,0
WBGene00048734.,0,0,0
WBGene00048735.,0,0,0
WBGene00048736.,0,0,0
WBGene00048737.,0,0,0
WBGene00048738.,0,0,0
WBGene00048739.,0,1,1
WBGene00048740.,0,1,1
WBGene00048741.,0,0,0
WBGene00048742.,0,0,0
WBGene00048743.,0,0,0
WBGene00048744.,0,1,1
WBGene00048745.,0,0,0
WBGene00048746.,0,0,0
WBGene00048747.,0,0,0
WBGene00048748.,0,0,0
WBGene00048749.,0,2,2
WBGene00048750.,0,0,0
WBGene00048751.,0,0,0
WBGene00048752.,0,0,0
WBGene00048753.,0,0,0
WBGene00048754.,0,0,0
WBGene00048755.,0,0,0
WBGene00048756.,0,2,2
WBGene00048757.,0,0,0
WBGene00048758.,0,0,0
WBGene00048759.,0,0,0
WBGene00048760.,0,1,1
WBGene00048761.,0,0,0
WBGene00048762.,0,0,0
WBGene00048763.,0,0,0
WBGene00048764.,0,0,0
WBGene00048765.,0,0,0
WBGene00048766.,0,0,0
WBGene00048767.,0,1,1
WBGene00048768.,0,1,1
WBGene00048769.,0,0,0
WBGene00048770.,0,0,0
WBGene00048771.,0,2,2
WBGene00048772.,0,0,0
WBGene00048773.,0,0,0
WBGene00048774.,0,0,0
WBGene00048775.,0,0,0
WBGene00048776.,0,0,0
WBGene00048777.,0,0,0
WBGene00048778.,0,0,0
WBGene00048779.,0,0,0
WBGene00048780.,0,0,0
WBGene00048781.,0,0,0
WBGene00048782.,0,0,0
WBGene00048783.,0,1,1
WBGene00048784.,0,0,0
WBGene00048785.,0,0,0
WBGene00048786.,0,0,0
WBGene00048787.,0,0,0
WBGene00048788.,0,1,1
WBGene00048789.,0,0,0
WBGene00048790.,0,0,0
WBGene00048791.,0,0,0
WBGene00048792.,0,4,4
WBGene00048793.,0,0,0
WBGene00048794.,0,0,0
WBGene00048795.,0,0,0
WBGene00048796.,0,0,0
WBGene00048797.,0,0,0
WBGene00048798.,0,0,0
WBGene00048799.,0,0,0
WBGene00048800.,0,0,0
WBGene00048801.,0,0,0
WBGene00048802.,0,0,0
WBGene00048803.,0,0,0
WBGene00048804.,0,0,0
WBGene00048805.,0,0,0
WBGene00048806.,0,0,0
WBGene00048807.,0,0,0
WBGene00048808.,0,0,0
WBGene00048809.,0,0,0
WBGene00048810.,0,0,0
WBGene00048811.,0,0,0
WBGene00048812.,0,0,0
WBGene00048813.,0,0,0
WBGene00048814.,0,0,0
WBGene00048815.,0,0,0
WBGene00048816.,0,0,0
WBGene00048817.,0,0,0
WBGene00048819.,0,0,0
WBGene00048820.,0,12,12
WBGene00048821.,0,0,0
WBGene00048822.,0,0,0
WBGene00048823.,0,7,7
WBGene00048824.,0,0,0
WBGene00048825.,0,0,0
WBGene00048826.,0,0,0
WBGene00048827.,0,0,0
WBGene00048828.,0,0,0
WBGene00048829.,0,0,0
WBGene00048830.,0,0,0
WBGene00048831.,0,0,0
WBGene00048832.,0,0,0
WBGene00048833.,0,0,0
WBGene00048834.,0,0,0
WBGene00048835.,0,0,0
WBGene00048836.,0,0,0
WBGene00048837.,0,0,0
WBGene00048838.,0,0,0
WBGene00048839.,0,2,2
WBGene00048840.,0,0,0
WBGene00048841.,0,0,0
WBGene00048842.,0,0,0
WBGene00048843.,0,0,0
WBGene00048844.,0,0,0
WBGene00048845.,0,0,0
WBGene00048846.,0,0,0
WBGene00048847.,0,0,0
WBGene00048848.,0,0,0
WBGene00048849.,0,0,0
WBGene00048850.,0,0,0
WBGene00048851.,0,0,0
WBGene00048852.,0,0,0
WBGene00048853.,0,0,0
WBGene00048854.,0,0,0
WBGene00048855.,0,0,0
WBGene00048856.,0,0,0
WBGene00048857.,0,0,0
WBGene00048858.,0,0,0
WBGene00048859.,0,0,0
WBGene00048860.,0,0,0
WBGene00048861.,0,0,0
WBGene00048862.,0,0,0
WBGene00048863.,0,0,0
WBGene00048864.,0,0,0
WBGene00048865.,0,0,0
WBGene00048866.,0,0,0
WBGene00048867.,0,0,0
WBGene00048868.,0,0,0
WBGene00048869.,0,0,0
WBGene00048870.,0,0,0
WBGene00048871.,0,0,0
WBGene00048872.,0,1,1
WBGene00048873.,0,0,0
WBGene00048874.,0,2,2
WBGene00048875.,0,0,0
WBGene00048876.,0,0,0
WBGene00048877.,0,0,0
WBGene00048878.,0,0,0
WBGene00048879.,0,0,0
WBGene00048880.,0,0,0
WBGene00048881.,0,0,0
WBGene00048882.,0,0,0
WBGene00048883.,0,0,0
WBGene00048884.,0,0,0
WBGene00048885.,0,2,2
WBGene00048886.,0,1,1
WBGene00048887.,0,1,1
WBGene00048888.,0,0,0
WBGene00048889.,0,5,5
WBGene00048890.,0,1,1
WBGene00048891.,0,0,0
WBGene00048892.,0,0,0
WBGene00048893.,0,0,0
WBGene00048894.,0,0,0
WBGene00048895.,0,0,0
WBGene00048896.,0,0,0
WBGene00048897.,0,15,15
WBGene00048898.,0,0,0
WBGene00048899.,0,0,0
WBGene00048900.,0,0,0
WBGene00048901.,0,0,0
WBGene00048902.,0,0,0
WBGene00048903.,0,0,0
WBGene00048904.,0,1,1
WBGene00048905.,0,1,1
WBGene00048906.,0,0,0
WBGene00048907.,0,0,0
WBGene00048908.,0,0,0
WBGene00048909.,0,1,1
WBGene00048910.,0,0,0
WBGene00048911.,0,4,4
WBGene00048912.,0,0,0
WBGene00048913.,0,0,0
WBGene00048914.,0,0,0
WBGene00048915.,0,1,1
WBGene00048916.,0,0,0
WBGene00048917.,0,0,0
WBGene00048918.,0,0,0
WBGene00048919.,0,0,0
WBGene00048920.,0,0,0
WBGene00048921.,0,0,0
WBGene00048922.,0,0,0
WBGene00048923.,0,0,0
WBGene00048924.,0,7,7
WBGene00048925.,0,0,0
WBGene00048926.,0,0,0
WBGene00048927.,0,0,0
WBGene00048928.,0,0,0
WBGene00048929.,0,0,0
WBGene00048930.,0,0,0
WBGene00048931.,0,0,0
WBGene00048932.,0,0,0
WBGene00048933.,0,0,0
WBGene00048934.,0,0,0
WBGene00048935.,0,0,0
WBGene00048936.,0,0,0
WBGene00048937.,0,0,0
WBGene00048938.,0,2,2
WBGene00048939.,0,0,0
WBGene00048940.,0,0,0
WBGene00048941.,0,0,0
WBGene00048942.,0,0,0
WBGene00048943.,0,0,0
WBGene00048944.,0,1,1
WBGene00048945.,0,1,1
WBGene00048946.,0,0,0
WBGene00048947.,0,0,0
WBGene00048948.,0,0,0
WBGene00048949.,0,3,3
WBGene00048950.,0,0,0
WBGene00048951.,0,0,0
WBGene00048952.,0,0,0
WBGene00048953.,0,1,1
WBGene00048954.,0,2,2
WBGene00048955.,0,0,0
WBGene00048956.,0,0,0
WBGene00048957.,0,0,0
WBGene00048958.,0,1,1
WBGene00048959.,0,0,0
WBGene00048960.,0,0,0
WBGene00048961.,0,0,0
WBGene00048962.,0,0,0
WBGene00048963.,0,0,0
WBGene00048964.,0,0,0
WBGene00048965.,0,0,0
WBGene00048966.,0,0,0
WBGene00048967.,0,0,0
WBGene00048968.,0,0,0
WBGene00048969.,0,0,0
WBGene00048970.,0,2,2
WBGene00048971.,0,3,3
WBGene00048972.,0,0,0
WBGene00048973.,0,0,0
WBGene00048974.,0,0,0
WBGene00048975.,0,0,0
WBGene00048976.,0,0,0
WBGene00048977.,0,2,2
WBGene00048978.,0,0,0
WBGene00048979.,0,0,0
WBGene00048980.,0,0,0
WBGene00048981.,0,0,0
WBGene00048982.,0,0,0
WBGene00048983.,0,65,65
WBGene00048984.,0,0,0
WBGene00048985.,0,0,0
WBGene00048986.,0,0,0
WBGene00048987.,0,0,0
WBGene00048988.,0,1,1
WBGene00048989.,0,0,0
WBGene00048990.,0,0,0
WBGene00048991.,0,0,0
WBGene00048992.,0,0,0
WBGene00048993.,0,0,0
WBGene00048994.,0,0,0
WBGene00048995.,0,1,1
WBGene00048996.,0,0,0
WBGene00048997.,0,0,0
WBGene00048998.,0,0,0
WBGene00048999.,0,1,1
WBGene00049000.,0,0,0
WBGene00049001.,0,0,0
WBGene00049002.,0,0,0
WBGene00049003.,0,0,0
WBGene00049004.,0,4,4
WBGene00049005.,0,0,0
WBGene00049006.,0,0,0
WBGene00049007.,0,0,0
WBGene00049008.,0,0,0
WBGene00049009.,0,0,0
WBGene00049010.,0,0,0
WBGene00049011.,0,0,0
WBGene00049012.,0,0,0
WBGene00049013.,0,0,0
WBGene00049014.,0,0,0
WBGene00049015.,0,2,2
WBGene00049016.,0,0,0
WBGene00049017.,0,0,0
WBGene00049018.,0,0,0
WBGene00049019.,0,0,0
WBGene00049020.,0,0,0
WBGene00049021.,0,0,0
WBGene00049022.,0,0,0
WBGene00049023.,0,0,0
WBGene00049024.,0,0,0
WBGene00049025.,0,0,0
WBGene00049026.,0,0,0
WBGene00049027.,0,0,0
WBGene00049028.,0,0,0
WBGene00049029.,0,3,3
WBGene00049030.,0,0,0
WBGene00049031.,0,0,0
WBGene00049032.,0,0,0
WBGene00049033.,0,1,1
WBGene00049034.,0,0,0
WBGene00049035.,0,0,0
WBGene00049036.,0,0,0
WBGene00049037.,0,0,0
WBGene00049038.,0,0,0
WBGene00049039.,0,0,0
WBGene00049040.,0,1,1
WBGene00049041.,0,0,0
WBGene00049042.,0,0,0
WBGene00049043.,0,0,0
WBGene00049044.,0,1,1
WBGene00049045.,0,0,0
WBGene00049046.,0,1,1
WBGene00049047.,0,0,0
WBGene00049048.,0,0,0
WBGene00049049.,0,0,0
WBGene00049050.,0,0,0
WBGene00049051.,0,0,0
WBGene00049052.,0,0,0
WBGene00049053.,0,0,0
WBGene00049054.,0,0,0
WBGene00049055.,0,0,0
WBGene00049056.,0,1,1
WBGene00049057.,0,0,0
WBGene00049058.,0,0,0
WBGene00049059.,0,0,0
WBGene00049060.,0,0,0
WBGene00049061.,0,0,0
WBGene00049062.,0,0,0
WBGene00049063.,0,0,0
WBGene00049064.,0,0,0
WBGene00049065.,0,0,0
WBGene00049066.,0,2,2
WBGene00049067.,0,0,0
WBGene00049068.,0,1,1
WBGene00049069.,0,0,0
WBGene00049070.,0,0,0
WBGene00049071.,0,0,0
WBGene00049072.,0,0,0
WBGene00049073.,0,0,0
WBGene00049074.,0,7,7
WBGene00049075.,0,0,0
WBGene00049076.,0,0,0
WBGene00049077.,0,0,0
WBGene00049078.,0,0,0
WBGene00049079.,0,1,1
WBGene00049080.,0,0,0
WBGene00049081.,0,0,0
WBGene00049082.,0,0,0
WBGene00049083.,0,0,0
WBGene00049084.,0,0,0
WBGene00049085.,0,0,0
WBGene00049086.,0,5,5
WBGene00049087.,0,0,0
WBGene00049088.,0,1,1
WBGene00049089.,0,0,0
WBGene00049090.,0,4,4
WBGene00049091.,0,0,0
WBGene00049092.,0,0,0
WBGene00049093.,0,0,0
WBGene00049094.,0,0,0
WBGene00049095.,0,0,0
WBGene00049096.,0,0,0
WBGene00049097.,0,0,0
WBGene00049098.,0,1,1
WBGene00049099.,0,0,0
WBGene00049100.,0,0,0
WBGene00049101.,0,0,0
WBGene00049102.,0,6,6
WBGene00049103.,0,0,0
WBGene00049104.,0,0,0
WBGene00049105.,0,0,0
WBGene00049106.,0,0,0
WBGene00049107.,0,1,1
WBGene00049108.,0,0,0
WBGene00049109.,0,0,0
WBGene00049110.,0,1,1
WBGene00049111.,0,0,0
WBGene00049112.,0,0,0
WBGene00049113.,0,4,4
WBGene00049114.,0,0,0
WBGene00049115.,0,0,0
WBGene00049116.,0,0,0
WBGene00049117.,0,0,0
WBGene00049118.,0,0,0
WBGene00049119.,0,5,5
WBGene00049120.,0,0,0
WBGene00049121.,0,0,0
WBGene00049122.,0,0,0
WBGene00049123.,0,2,2
WBGene00049124.,0,0,0
WBGene00049125.,0,0,0
WBGene00049126.,0,0,0
WBGene00049127.,0,0,0
WBGene00049128.,0,0,0
WBGene00049129.,0,0,0
WBGene00049130.,0,0,0
WBGene00049131.,0,0,0
WBGene00049132.,0,0,0
WBGene00049133.,0,0,0
WBGene00049134.,0,1,1
WBGene00049135.,0,3,3
WBGene00049136.,0,3,3
WBGene00049137.,0,0,0
WBGene00049138.,0,0,0
WBGene00049139.,0,0,0
WBGene00049140.,0,0,0
WBGene00049141.,0,0,0
WBGene00049142.,0,0,0
WBGene00049143.,0,1,1
WBGene00049144.,0,0,0
WBGene00049145.,0,0,0
WBGene00049146.,0,0,0
WBGene00049147.,0,0,0
WBGene00049148.,0,1,1
WBGene00049149.,0,0,0
WBGene00049150.,0,0,0
WBGene00049151.,0,3,3
WBGene00049152.,0,1,1
WBGene00049153.,0,0,0
WBGene00049154.,0,6,6
WBGene00049155.,0,0,0
WBGene00049156.,0,0,0
WBGene00049157.,0,0,0
WBGene00049158.,0,0,0
WBGene00049159.,0,0,0
WBGene00049160.,0,0,0
WBGene00049161.,0,0,0
WBGene00049162.,0,0,0
WBGene00049163.,0,0,0
WBGene00049164.,0,0,0
WBGene00049165.,0,5,5
WBGene00049166.,0,0,0
WBGene00049167.,0,0,0
WBGene00049168.,0,0,0
WBGene00049169.,0,0,0
WBGene00049170.,0,0,0
WBGene00049171.,0,0,0
WBGene00049172.,0,0,0
WBGene00049173.,0,0,0
WBGene00049174.,0,2,2
WBGene00049175.,0,1,1
WBGene00049176.,0,0,0
WBGene00049177.,0,0,0
WBGene00049178.,0,0,0
WBGene00049179.,0,0,0
WBGene00049180.,0,0,0
WBGene00049181.,0,1,1
WBGene00049182.,0,1,1
WBGene00049183.,0,0,0
WBGene00049184.,0,0,0
WBGene00049185.,0,0,0
WBGene00049186.,0,0,0
WBGene00049187.,0,0,0
WBGene00049188.,0,0,0
WBGene00049189.,0,0,0
WBGene00049190.,0,9,9
WBGene00049191.,0,0,0
WBGene00049192.,0,0,0
WBGene00049193.,0,2,2
WBGene00049194.,0,0,0
WBGene00049195.,0,0,0
WBGene00049196.,0,0,0
WBGene00049197.,0,4,4
WBGene00049198.,0,1,1
WBGene00049199.,0,0,0
WBGene00049200.,0,3,3
WBGene00049201.,0,0,0
WBGene00049202.,0,32,32
WBGene00049203.,0,0,0
WBGene00049204.,0,0,0
WBGene00049205.,0,0,0
WBGene00049206.,0,0,0
WBGene00049207.,0,0,0
WBGene00049208.,0,0,0
WBGene00049209.,0,0,0
WBGene00049210.,0,0,0
WBGene00049211.,0,0,0
WBGene00049212.,0,0,0
WBGene00049213.,0,1,1
WBGene00049214.,0,2,2
WBGene00049215.,0,0,0
WBGene00049216.,0,0,0
WBGene00049217.,0,0,0
WBGene00049218.,0,0,0
WBGene00049219.,0,1,1
WBGene00049220.,0,0,0
WBGene00049221.,0,0,0
WBGene00049222.,0,0,0
WBGene00049223.,0,0,0
WBGene00049224.,0,0,0
WBGene00049225.,0,0,0
WBGene00049226.,0,3,3
WBGene00049227.,0,0,0
WBGene00049228.,0,0,0
WBGene00049229.,0,0,0
WBGene00049230.,0,0,0
WBGene00049231.,0,0,0
WBGene00049232.,0,0,0
WBGene00049233.,0,0,0
WBGene00049234.,0,0,0
WBGene00049235.,0,0,0
WBGene00049236.,0,0,0
WBGene00049237.,0,0,0
WBGene00049238.,0,0,0
WBGene00049239.,0,0,0
WBGene00049240.,0,0,0
WBGene00049241.,0,0,0
WBGene00049242.,0,0,0
WBGene00049243.,0,0,0
WBGene00049244.,0,0,0
WBGene00049245.,0,0,0
WBGene00049246.,0,1,1
WBGene00049247.,0,0,0
WBGene00049248.,0,0,0
WBGene00049249.,0,0,0
WBGene00049250.,0,0,0
WBGene00049251.,0,0,0
WBGene00049252.,0,0,0
WBGene00049253.,0,0,0
WBGene00049254.,0,0,0
WBGene00049255.,0,0,0
WBGene00049256.,0,0,0
WBGene00049257.,0,0,0
WBGene00049258.,0,1,1
WBGene00049259.,0,0,0
WBGene00049260.,0,3,3
WBGene00049261.,0,3,3
WBGene00049262.,0,1,1
WBGene00049263.,0,0,0
WBGene00049264.,0,0,0
WBGene00049265.,0,0,0
WBGene00049266.,0,0,0
WBGene00049267.,0,0,0
WBGene00049268.,0,0,0
WBGene00049269.,0,0,0
WBGene00049270.,0,3,3
WBGene00049271.,0,0,0
WBGene00049272.,0,0,0
WBGene00049273.,0,0,0
WBGene00049274.,0,4,4
WBGene00049275.,0,0,0
WBGene00049276.,0,0,0
WBGene00049277.,0,0,0
WBGene00049278.,0,0,0
WBGene00049279.,0,0,0
WBGene00049280.,0,1,1
WBGene00049281.,0,0,0
WBGene00049282.,0,0,0
WBGene00049283.,0,0,0
WBGene00049284.,0,0,0
WBGene00049285.,0,0,0
WBGene00049286.,0,0,0
WBGene00049287.,0,0,0
WBGene00049288.,0,0,0
WBGene00049289.,0,0,0
WBGene00049290.,0,1,1
WBGene00049291.,0,0,0
WBGene00049292.,0,0,0
WBGene00049293.,0,4,4
WBGene00049294.,0,0,0
WBGene00049295.,0,1,1
WBGene00049296.,0,0,0
WBGene00049297.,0,0,0
WBGene00049298.,0,0,0
WBGene00049299.,0,8,8
WBGene00049300.,0,0,0
WBGene00049301.,0,0,0
WBGene00049302.,0,3,3
WBGene00049303.,0,0,0
WBGene00049304.,0,0,0
WBGene00049305.,0,0,0
WBGene00049306.,0,0,0
WBGene00049307.,0,0,0
WBGene00049308.,0,0,0
WBGene00049309.,0,2,2
WBGene00049310.,0,0,0
WBGene00049311.,0,0,0
WBGene00049312.,0,0,0
WBGene00049313.,0,0,0
WBGene00049314.,0,1,1
WBGene00049315.,0,0,0
WBGene00049316.,0,0,0
WBGene00049317.,0,0,0
WBGene00049318.,0,0,0
WBGene00049319.,0,0,0
WBGene00049320.,0,0,0
WBGene00049321.,0,0,0
WBGene00049322.,0,0,0
WBGene00049323.,0,0,0
WBGene00049324.,0,0,0
WBGene00049325.,0,1,1
WBGene00049326.,0,0,0
WBGene00049327.,0,2,2
WBGene00049328.,0,0,0
WBGene00049329.,0,0,0
WBGene00049330.,0,0,0
WBGene00049331.,0,0,0
WBGene00049332.,0,1,1
WBGene00049333.,0,0,0
WBGene00049334.,0,0,0
WBGene00049335.,0,0,0
WBGene00049336.,0,0,0
WBGene00049337.,0,0,0
WBGene00049338.,0,0,0
WBGene00049339.,0,0,0
WBGene00049340.,0,14,14
WBGene00049341.,0,0,0
WBGene00049342.,0,0,0
WBGene00049343.,0,0,0
WBGene00049344.,0,2,2
WBGene00049345.,0,0,0
WBGene00049346.,0,3,3
WBGene00049347.,0,1,1
WBGene00049348.,0,0,0
WBGene00049349.,0,0,0
WBGene00049350.,0,0,0
WBGene00049351.,0,0,0
WBGene00049352.,0,0,0
WBGene00049353.,0,0,0
WBGene00049354.,0,0,0
WBGene00049355.,0,0,0
WBGene00049356.,0,0,0
WBGene00049357.,0,0,0
WBGene00049358.,0,0,0
WBGene00049359.,0,0,0
WBGene00049360.,0,0,0
WBGene00049361.,0,0,0
WBGene00049362.,0,4,4
WBGene00049363.,0,0,0
WBGene00049364.,0,0,0
WBGene00049365.,0,0,0
WBGene00049366.,0,0,0
WBGene00049367.,0,0,0
WBGene00049368.,0,2,2
WBGene00049369.,0,0,0
WBGene00049370.,0,3,3
WBGene00049371.,0,0,0
WBGene00049372.,0,0,0
WBGene00049373.,0,0,0
WBGene00049374.,0,0,0
WBGene00049375.,0,0,0
WBGene00049376.,0,0,0
WBGene00049377.,0,0,0
WBGene00049378.,0,0,0
WBGene00049379.,0,0,0
WBGene00049380.,0,0,0
WBGene00049381.,0,0,0
WBGene00049382.,0,0,0
WBGene00049383.,0,0,0
WBGene00049384.,0,0,0
WBGene00049385.,0,0,0
WBGene00049386.,0,0,0
WBGene00049387.,0,0,0
WBGene00049388.,0,0,0
WBGene00049389.,0,0,0
WBGene00049390.,0,0,0
WBGene00049391.,0,0,0
WBGene00049392.,0,0,0
WBGene00049393.,0,0,0
WBGene00049394.,0,0,0
WBGene00049395.,0,1,1
WBGene00049396.,0,3,3
WBGene00049397.,0,0,0
WBGene00049398.,0,5,5
WBGene00049399.,0,0,0
WBGene00049400.,0,24,24
WBGene00049401.,0,0,0
WBGene00049402.,0,1,1
WBGene00049403.,0,0,0
WBGene00049404.,0,0,0
WBGene00049405.,0,1,1
WBGene00049406.,0,0,0
WBGene00049407.,0,0,0
WBGene00049408.,0,1,1
WBGene00049409.,0,0,0
WBGene00049410.,0,1,1
WBGene00049411.,0,3,3
WBGene00049412.,0,0,0
WBGene00049413.,0,1,1
WBGene00049414.,0,0,0
WBGene00049415.,0,0,0
WBGene00049416.,0,0,0
WBGene00049417.,0,0,0
WBGene00049418.,0,0,0
WBGene00049419.,0,0,0
WBGene00049420.,0,0,0
WBGene00049421.,0,1,1
WBGene00049422.,0,0,0
WBGene00049423.,0,4,4
WBGene00049424.,0,0,0
WBGene00049425.,0,0,0
WBGene00049426.,0,0,0
WBGene00049427.,0,0,0
WBGene00049428.,0,0,0
WBGene00049429.,0,0,0
WBGene00049430.,0,0,0
WBGene00049431.,0,0,0
WBGene00049432.,0,0,0
WBGene00049433.,0,0,0
WBGene00049434.,0,0,0
WBGene00049435.,0,1,1
WBGene00049436.,0,0,0
WBGene00049437.,0,0,0
WBGene00049438.,0,0,0
WBGene00049439.,0,0,0
WBGene00049440.,0,0,0
WBGene00049441.,0,1,1
WBGene00049443.,0,2,2
WBGene00049444.,0,0,0
WBGene00049445.,0,0,0
WBGene00049446.,0,0,0
WBGene00049447.,0,2,2
WBGene00049448.,0,0,0
WBGene00049449.,0,0,0
WBGene00049450.,0,0,0
WBGene00049451.,0,0,0
WBGene00049452.,0,0,0
WBGene00049453.,0,0,0
WBGene00049454.,0,0,0
WBGene00049455.,0,0,0
WBGene00049456.,0,0,0
WBGene00049457.,0,0,0
WBGene00049458.,0,0,0
WBGene00049459.,0,0,0
WBGene00049460.,0,0,0
WBGene00049461.,0,2,2
WBGene00049462.,0,1,1
WBGene00049463.,0,1,1
WBGene00049464.,0,0,0
WBGene00049465.,0,0,0
WBGene00049466.,0,1,1
WBGene00049467.,0,0,0
WBGene00049468.,0,0,0
WBGene00049469.,0,0,0
WBGene00049470.,0,36,36
WBGene00049471.,0,0,0
WBGene00049472.,0,0,0
WBGene00049473.,0,0,0
WBGene00049474.,0,0,0
WBGene00049475.,0,0,0
WBGene00049476.,0,0,0
WBGene00049477.,0,0,0
WBGene00049478.,0,0,0
WBGene00049479.,0,2,2
WBGene00049480.,0,0,0
WBGene00049481.,0,0,0
WBGene00049482.,0,0,0
WBGene00049483.,0,0,0
WBGene00049484.,0,0,0
WBGene00049485.,0,8,8
WBGene00049486.,0,0,0
WBGene00049487.,0,2,2
WBGene00049488.,0,0,0
WBGene00049489.,0,0,0
WBGene00049490.,0,0,0
WBGene00049491.,0,0,0
WBGene00049492.,0,0,0
WBGene00049493.,0,0,0
WBGene00049494.,0,0,0
WBGene00049495.,0,2,2
WBGene00049496.,0,0,0
WBGene00049497.,0,0,0
WBGene00049498.,0,0,0
WBGene00049499.,0,0,0
WBGene00049500.,0,1,1
WBGene00049501.,0,0,0
WBGene00049502.,0,0,0
WBGene00049503.,0,0,0
WBGene00049504.,0,0,0
WBGene00049505.,0,0,0
WBGene00049506.,0,0,0
WBGene00049507.,0,1,1
WBGene00049508.,0,0,0
WBGene00049509.,0,0,0
WBGene00049510.,0,0,0
WBGene00049511.,0,0,0
WBGene00049512.,0,1,1
WBGene00049513.,0,1,1
WBGene00049514.,0,0,0
WBGene00049515.,0,0,0
WBGene00049516.,0,0,0
WBGene00049517.,0,0,0
WBGene00049518.,0,0,0
WBGene00049519.,0,0,0
WBGene00049520.,0,0,0
WBGene00049521.,0,1,1
WBGene00049522.,0,0,0
WBGene00049523.,0,0,0
WBGene00049524.,0,1,1
WBGene00049525.,0,3,3
WBGene00049526.,0,0,0
WBGene00049527.,0,0,0
WBGene00049528.,0,0,0
WBGene00049529.,0,1,1
WBGene00049530.,0,0,0
WBGene00049531.,0,3,3
WBGene00049532.,0,0,0
WBGene00049533.,0,0,0
WBGene00049534.,0,0,0
WBGene00049535.,0,0,0
WBGene00049536.,0,0,0
WBGene00049537.,0,0,0
WBGene00049538.,0,1,1
WBGene00049539.,0,12,12
WBGene00049540.,0,0,0
WBGene00049541.,0,0,0
WBGene00049542.,0,0,0
WBGene00049543.,0,1,1
WBGene00049544.,0,0,0
WBGene00049545.,0,0,0
WBGene00049546.,0,0,0
WBGene00049547.,0,0,0
WBGene00049548.,0,0,0
WBGene00049549.,0,0,0
WBGene00049550.,0,0,0
WBGene00049551.,0,0,0
WBGene00049552.,0,0,0
WBGene00049553.,0,0,0
WBGene00049554.,0,0,0
WBGene00049555.,0,1,1
WBGene00049556.,0,0,0
WBGene00049557.,0,9,9
WBGene00049558.,0,0,0
WBGene00049559.,0,0,0
WBGene00049560.,0,0,0
WBGene00049561.,0,0,0
WBGene00049562.,0,4,4
WBGene00049563.,0,0,0
WBGene00049564.,0,0,0
WBGene00049565.,0,0,0
WBGene00049566.,0,0,0
WBGene00049567.,0,0,0
WBGene00049568.,0,0,0
WBGene00049569.,0,5,5
WBGene00049570.,0,1,1
WBGene00049571.,0,0,0
WBGene00049572.,0,0,0
WBGene00049573.,0,0,0
WBGene00049574.,0,0,0
WBGene00049575.,0,0,0
WBGene00049576.,0,0,0
WBGene00049577.,0,0,0
WBGene00049578.,0,0,0
WBGene00049579.,0,0,0
WBGene00049580.,0,0,0
WBGene00049581.,0,1,1
WBGene00049582.,0,0,0
WBGene00049583.,0,0,0
WBGene00049584.,0,0,0
WBGene00049585.,0,0,0
WBGene00049586.,0,1,1
WBGene00049587.,0,1,1
WBGene00049588.,0,3,3
WBGene00049589.,0,0,0
WBGene00049590.,0,1,1
WBGene00049591.,0,0,0
WBGene00049592.,0,0,0
WBGene00049593.,0,0,0
WBGene00049594.,0,0,0
WBGene00049595.,0,0,0
WBGene00049596.,0,2,2
WBGene00049597.,0,0,0
WBGene00049598.,0,0,0
WBGene00049599.,0,0,0
WBGene00049600.,0,0,0
WBGene00049601.,0,6,6
WBGene00049602.,0,1,1
WBGene00049603.,0,0,0
WBGene00049604.,0,36,36
WBGene00049605.,0,0,0
WBGene00049606.,0,0,0
WBGene00049607.,0,1,1
WBGene00049608.,0,0,0
WBGene00049609.,0,0,0
WBGene00049610.,0,0,0
WBGene00049611.,0,0,0
WBGene00049612.,0,1,1
WBGene00049613.,0,0,0
WBGene00049614.,0,0,0
WBGene00049615.,0,2,2
WBGene00049616.,0,0,0
WBGene00049617.,0,0,0
WBGene00049618.,0,0,0
WBGene00049619.,0,0,0
WBGene00049620.,0,0,0
WBGene00049621.,0,0,0
WBGene00049622.,0,0,0
WBGene00049623.,0,0,0
WBGene00049624.,0,0,0
WBGene00049625.,0,0,0
WBGene00049626.,0,0,0
WBGene00049627.,0,0,0
WBGene00049628.,0,0,0
WBGene00049629.,0,0,0
WBGene00049630.,0,3,3
WBGene00049631.,0,0,0
WBGene00049632.,0,0,0
WBGene00049633.,0,0,0
WBGene00049634.,0,0,0
WBGene00049635.,0,7,7
WBGene00049636.,0,1,1
WBGene00049637.,0,0,0
WBGene00049638.,0,0,0
WBGene00049639.,0,0,0
WBGene00049640.,0,0,0
WBGene00049641.,0,0,0
WBGene00049642.,0,0,0
WBGene00049643.,0,0,0
WBGene00049644.,0,2,2
WBGene00049645.,0,0,0
WBGene00049646.,0,0,0
WBGene00049647.,0,0,0
WBGene00049648.,0,0,0
WBGene00049649.,0,0,0
WBGene00049650.,0,0,0
WBGene00049651.,0,0,0
WBGene00049652.,0,0,0
WBGene00049653.,0,3,3
WBGene00049654.,0,0,0
WBGene00049655.,0,2,2
WBGene00049656.,0,1,1
WBGene00049657.,0,0,0
WBGene00049658.,0,0,0
WBGene00049659.,0,0,0
WBGene00049660.,0,0,0
WBGene00049661.,0,0,0
WBGene00049662.,0,0,0
WBGene00049663.,0,0,0
WBGene00049664.,0,0,0
WBGene00049665.,0,0,0
WBGene00049666.,0,0,0
WBGene00049667.,0,2,2
WBGene00049668.,0,0,0
WBGene00049669.,0,0,0
WBGene00049670.,0,0,0
WBGene00049671.,0,0,0
WBGene00049672.,0,0,0
WBGene00049673.,0,0,0
WBGene00049674.,0,0,0
WBGene00049675.,0,0,0
WBGene00049676.,0,0,0
WBGene00049677.,0,0,0
WBGene00049678.,0,0,0
WBGene00049679.,0,0,0
WBGene00049680.,0,14,14
WBGene00049681.,0,1,1
WBGene00049682.,0,0,0
WBGene00049683.,0,0,0
WBGene00049684.,0,0,0
WBGene00049685.,0,0,0
WBGene00049686.,0,0,0
WBGene00049687.,0,0,0
WBGene00049688.,0,0,0
WBGene00049689.,0,0,0
WBGene00049690.,0,1,1
WBGene00049691.,0,0,0
WBGene00049692.,0,0,0
WBGene00049693.,0,1,1
WBGene00049694.,0,8,8
WBGene00049695.,0,0,0
WBGene00049696.,0,0,0
WBGene00049697.,0,0,0
WBGene00049698.,0,10,10
WBGene00049699.,0,0,0
WBGene00049700.,0,0,0
WBGene00049701.,0,0,0
WBGene00049702.,0,0,0
WBGene00049703.,0,0,0
WBGene00049704.,0,1,1
WBGene00049705.,0,0,0
WBGene00049706.,0,2,2
WBGene00049707.,0,0,0
WBGene00049708.,0,0,0
WBGene00049709.,0,0,0
WBGene00049710.,0,1,1
WBGene00049711.,0,0,0
WBGene00049712.,0,0,0
WBGene00049713.,0,0,0
WBGene00049714.,0,0,0
WBGene00049715.,0,0,0
WBGene00049716.,0,0,0
WBGene00049717.,0,0,0
WBGene00049718.,0,0,0
WBGene00049719.,0,0,0
WBGene00049720.,0,0,0
WBGene00049721.,0,0,0
WBGene00049722.,0,0,0
WBGene00049723.,0,0,0
WBGene00049724.,0,0,0
WBGene00049725.,0,0,0
WBGene00049726.,0,0,0
WBGene00049727.,0,2,2
WBGene00049728.,0,0,0
WBGene00049729.,0,2,2
WBGene00049730.,0,8,8
WBGene00049731.,0,0,0
WBGene00049732.,0,1,1
WBGene00049733.,0,0,0
WBGene00049734.,0,0,0
WBGene00049735.,0,0,0
WBGene00049736.,0,0,0
WBGene00049737.,0,2,2
WBGene00049738.,0,0,0
WBGene00049739.,0,0,0
WBGene00049740.,0,2,2
WBGene00049741.,0,0,0
WBGene00049742.,0,0,0
WBGene00049743.,0,0,0
WBGene00049744.,0,0,0
WBGene00049745.,0,0,0
WBGene00049746.,0,0,0
WBGene00049747.,0,0,0
WBGene00049748.,0,1,1
WBGene00049749.,0,0,0
WBGene00049750.,0,0,0
WBGene00049751.,0,0,0
WBGene00049752.,0,0,0
WBGene00049753.,0,0,0
WBGene00049754.,0,0,0
WBGene00049755.,0,0,0
WBGene00049756.,0,0,0
WBGene00049757.,0,0,0
WBGene00049758.,0,2,2
WBGene00049759.,0,0,0
WBGene00049760.,0,0,0
WBGene00049761.,0,0,0
WBGene00049762.,0,0,0
WBGene00049763.,0,2,2
WBGene00049764.,0,0,0
WBGene00049765.,0,0,0
WBGene00049766.,0,1,1
WBGene00049767.,0,0,0
WBGene00049768.,0,0,0
WBGene00049769.,0,0,0
WBGene00049770.,0,0,0
WBGene00049771.,0,0,0
WBGene00049772.,0,0,0
WBGene00049773.,0,0,0
WBGene00049774.,0,0,0
WBGene00049775.,0,0,0
WBGene00049776.,0,1,1
WBGene00049777.,0,0,0
WBGene00049778.,0,0,0
WBGene00049779.,0,0,0
WBGene00049780.,0,0,0
WBGene00049781.,0,0,0
WBGene00049782.,0,0,0
WBGene00049783.,0,1,1
WBGene00049784.,0,0,0
WBGene00049785.,0,1,1
WBGene00049786.,0,0,0
WBGene00049787.,0,0,0
WBGene00049788.,0,1,1
WBGene00049789.,0,0,0
WBGene00049790.,0,0,0
WBGene00049791.,0,0,0
WBGene00049792.,0,0,0
WBGene00049793.,0,1,1
WBGene00049794.,0,0,0
WBGene00049795.,0,0,0
WBGene00049796.,0,2,2
WBGene00049797.,0,1,1
WBGene00049798.,0,0,0
WBGene00049799.,0,0,0
WBGene00049800.,0,0,0
WBGene00049801.,0,0,0
WBGene00049802.,0,0,0
WBGene00049803.,0,0,0
WBGene00049804.,0,0,0
WBGene00049805.,0,0,0
WBGene00049806.,0,1,1
WBGene00049807.,0,1,1
WBGene00049808.,0,0,0
WBGene00049809.,0,0,0
WBGene00049810.,0,0,0
WBGene00049811.,0,0,0
WBGene00049812.,0,0,0
WBGene00049813.,0,0,0
WBGene00049814.,0,0,0
WBGene00049815.,0,0,0
WBGene00049816.,0,2,2
WBGene00049817.,0,0,0
WBGene00049818.,0,0,0
WBGene00049819.,0,0,0
WBGene00049820.,0,0,0
WBGene00049821.,0,0,0
WBGene00049822.,0,3,3
WBGene00049823.,0,0,0
WBGene00049824.,0,0,0
WBGene00049825.,0,0,0
WBGene00049826.,0,0,0
WBGene00049827.,0,0,0
WBGene00049828.,0,0,0
WBGene00049829.,0,0,0
WBGene00049830.,0,0,0
WBGene00049831.,0,1,1
WBGene00049832.,0,0,0
WBGene00049833.,0,1,1
WBGene00049834.,0,1,1
WBGene00049835.,0,0,0
WBGene00049836.,0,1,1
WBGene00049837.,0,0,0
WBGene00049838.,0,0,0
WBGene00049839.,0,1,1
WBGene00049840.,0,0,0
WBGene00049841.,0,0,0
WBGene00049842.,0,0,0
WBGene00049843.,0,0,0
WBGene00049844.,0,0,0
WBGene00049845.,0,1,1
WBGene00049846.,0,3,3
WBGene00049847.,0,0,0
WBGene00049848.,0,0,0
WBGene00049849.,0,1,1
WBGene00049850.,0,1,1
WBGene00049851.,0,0,0
WBGene00049852.,0,0,0
WBGene00049853.,0,1,1
WBGene00049854.,0,1,1
WBGene00049855.,0,0,0
WBGene00049856.,0,0,0
WBGene00049857.,0,0,0
WBGene00049858.,0,0,0
WBGene00049859.,0,0,0
WBGene00049860.,0,0,0
WBGene00049861.,0,0,0
WBGene00049862.,0,0,0
WBGene00049863.,0,0,0
WBGene00049864.,0,0,0
WBGene00049865.,0,0,0
WBGene00049866.,0,0,0
WBGene00049867.,0,2,2
WBGene00049868.,0,0,0
WBGene00049869.,0,0,0
WBGene00049870.,0,0,0
WBGene00049871.,0,0,0
WBGene00049872.,0,0,0
WBGene00049873.,0,0,0
WBGene00049874.,0,0,0
WBGene00049875.,0,5,5
WBGene00049876.,0,0,0
WBGene00049877.,0,0,0
WBGene00049878.,0,0,0
WBGene00049879.,0,0,0
WBGene00049880.,0,0,0
WBGene00049881.,0,0,0
WBGene00049882.,0,0,0
WBGene00049883.,0,0,0
WBGene00049884.,0,0,0
WBGene00049885.,0,0,0
WBGene00049886.,0,1,1
WBGene00049887.,0,0,0
WBGene00049888.,0,0,0
WBGene00049889.,0,2,2
WBGene00049890.,0,0,0
WBGene00049891.,0,1,1
WBGene00049892.,0,0,0
WBGene00049893.,0,0,0
WBGene00049894.,0,0,0
WBGene00049895.,0,4,4
WBGene00049896.,0,0,0
WBGene00049897.,0,1,1
WBGene00049898.,0,4,4
WBGene00049899.,0,0,0
WBGene00049900.,0,0,0
WBGene00049901.,0,2,2
WBGene00049902.,0,0,0
WBGene00049903.,0,0,0
WBGene00049904.,0,3,3
WBGene00049905.,0,0,0
WBGene00049906.,0,1,1
WBGene00049907.,0,0,0
WBGene00049908.,0,0,0
WBGene00049909.,0,0,0
WBGene00049910.,0,0,0
WBGene00049911.,0,0,0
WBGene00049912.,0,0,0
WBGene00049913.,0,0,0
WBGene00049914.,0,0,0
WBGene00049915.,0,0,0
WBGene00049916.,0,0,0
WBGene00049917.,0,1,1
WBGene00049918.,0,0,0
WBGene00049919.,0,0,0
WBGene00049920.,0,0,0
WBGene00049921.,0,0,0
WBGene00049922.,0,0,0
WBGene00049923.,0,0,0
WBGene00049924.,0,0,0
WBGene00049925.,0,0,0
WBGene00049926.,0,2,2
WBGene00049927.,0,0,0
WBGene00049928.,0,0,0
WBGene00049929.,0,1,1
WBGene00049930.,0,0,0
WBGene00049931.,0,0,0
WBGene00049932.,0,0,0
WBGene00049933.,0,13,13
WBGene00049934.,0,1,1
WBGene00049935.,0,0,0
WBGene00049936.,0,0,0
WBGene00049937.,0,0,0
WBGene00049938.,0,0,0
WBGene00049939.,0,0,0
WBGene00049940.,0,0,0
WBGene00049941.,0,0,0
WBGene00049942.,0,1,1
WBGene00049943.,0,0,0
WBGene00049944.,0,0,0
WBGene00049945.,0,0,0
WBGene00049946.,0,7,7
WBGene00049947.,0,4,4
WBGene00049948.,0,0,0
WBGene00049949.,0,0,0
WBGene00049950.,0,0,0
WBGene00049951.,0,0,0
WBGene00049952.,0,0,0
WBGene00049953.,0,0,0
WBGene00049954.,0,0,0
WBGene00049955.,0,0,0
WBGene00049956.,0,0,0
WBGene00049957.,0,0,0
WBGene00049958.,0,5,5
WBGene00049959.,0,0,0
WBGene00049960.,0,7,7
WBGene00049961.,0,0,0
WBGene00049962.,0,0,0
WBGene00049963.,0,0,0
WBGene00049964.,0,0,0
WBGene00049965.,0,0,0
WBGene00049966.,0,0,0
WBGene00049967.,0,0,0
WBGene00049968.,0,2,2
WBGene00049969.,0,0,0
WBGene00049970.,0,0,0
WBGene00049971.,0,2,2
WBGene00049972.,0,0,0
WBGene00049973.,0,3,3
WBGene00049974.,0,0,0
WBGene00049975.,0,0,0
WBGene00049976.,0,0,0
WBGene00049977.,0,0,0
WBGene00049978.,0,0,0
WBGene00049979.,0,0,0
WBGene00049980.,0,0,0
WBGene00049981.,0,0,0
WBGene00049982.,0,0,0
WBGene00049983.,0,0,0
WBGene00049984.,0,0,0
WBGene00049985.,0,0,0
WBGene00049986.,0,0,0
WBGene00049987.,0,0,0
WBGene00049988.,0,0,0
WBGene00049989.,0,0,0
WBGene00049990.,0,0,0
WBGene00049991.,0,0,0
WBGene00049992.,0,0,0
WBGene00049993.,0,5,5
WBGene00049994.,0,0,0
WBGene00049995.,0,0,0
WBGene00049996.,0,2,2
WBGene00049997.,0,0,0
WBGene00049998.,0,0,0
WBGene00049999.,0,0,0
WBGene00050000.,0,0,0
WBGene00050001.,0,0,0
WBGene00050002.,0,0,0
WBGene00050003.,0,0,0
WBGene00050004.,0,0,0
WBGene00050005.,0,0,0
WBGene00050006.,0,0,0
WBGene00050007.,0,0,0
WBGene00050008.,0,0,0
WBGene00050009.,0,1,1
WBGene00050010.,0,0,0
WBGene00050011.,0,0,0
WBGene00050012.,0,0,0
WBGene00050013.,0,0,0
WBGene00050014.,0,0,0
WBGene00050015.,0,2,2
WBGene00050016.,0,0,0
WBGene00050017.,0,0,0
WBGene00050018.,0,0,0
WBGene00050019.,0,0,0
WBGene00050020.,0,0,0
WBGene00050021.,0,0,0
WBGene00050022.,0,2,2
WBGene00050023.,0,2,2
WBGene00050024.,0,0,0
WBGene00050025.,0,1,1
WBGene00050026.,0,0,0
WBGene00050027.,0,0,0
WBGene00050028.,0,0,0
WBGene00050029.,0,0,0
WBGene00050030.,0,4,4
WBGene00050031.,0,0,0
WBGene00050032.,0,0,0
WBGene00050033.,0,0,0
WBGene00050034.,0,0,0
WBGene00050035.,0,0,0
WBGene00050036.,0,0,0
WBGene00050037.,0,0,0
WBGene00050038.,0,0,0
WBGene00050039.,0,0,0
WBGene00050040.,0,0,0
WBGene00050041.,0,0,0
WBGene00050042.,0,0,0
WBGene00050043.,0,0,0
WBGene00050044.,0,2,2
WBGene00050045.,0,0,0
WBGene00050046.,0,0,0
WBGene00050047.,0,0,0
WBGene00050048.,0,0,0
WBGene00050049.,0,0,0
WBGene00050050.,0,0,0
WBGene00050051.,0,1,1
WBGene00050052.,0,1,1
WBGene00050053.,0,0,0
WBGene00050054.,0,0,0
WBGene00050055.,0,0,0
WBGene00050056.,0,0,0
WBGene00050057.,0,0,0
WBGene00050058.,0,0,0
WBGene00050059.,0,0,0
WBGene00050060.,0,0,0
WBGene00050061.,0,0,0
WBGene00050062.,0,0,0
WBGene00050063.,0,0,0
WBGene00050064.,0,0,0
WBGene00050065.,0,0,0
WBGene00050066.,0,0,0
WBGene00050067.,0,0,0
WBGene00050068.,0,0,0
WBGene00050069.,0,0,0
WBGene00050070.,0,1,1
WBGene00050071.,0,0,0
WBGene00050072.,0,1,1
WBGene00050073.,0,1,1
WBGene00050074.,0,0,0
WBGene00050075.,0,0,0
WBGene00050076.,0,0,0
WBGene00050077.,0,3,3
WBGene00050078.,0,0,0
WBGene00050079.,0,0,0
WBGene00050080.,0,0,0
WBGene00050081.,0,0,0
WBGene00050082.,0,0,0
WBGene00050083.,0,2,2
WBGene00050084.,0,0,0
WBGene00050085.,0,0,0
WBGene00050086.,0,0,0
WBGene00050087.,0,0,0
WBGene00050088.,0,0,0
WBGene00050089.,0,0,0
WBGene00050090.,0,0,0
WBGene00050091.,0,1,1
WBGene00050092.,0,0,0
WBGene00050093.,0,0,0
WBGene00050094.,0,0,0
WBGene00050095.,0,0,0
WBGene00050096.,0,0,0
WBGene00050097.,0,6,6
WBGene00050098.,0,0,0
WBGene00050099.,0,2,2
WBGene00050100.,0,0,0
WBGene00050101.,0,0,0
WBGene00050102.,0,0,0
WBGene00050103.,0,1,1
WBGene00050104.,0,0,0
WBGene00050105.,0,0,0
WBGene00050106.,0,0,0
WBGene00050107.,0,0,0
WBGene00050108.,0,0,0
WBGene00050109.,0,0,0
WBGene00050110.,0,0,0
WBGene00050111.,0,0,0
WBGene00050112.,0,0,0
WBGene00050113.,0,1,1
WBGene00050114.,0,0,0
WBGene00050115.,0,0,0
WBGene00050116.,0,0,0
WBGene00050117.,0,0,0
WBGene00050118.,0,0,0
WBGene00050119.,0,0,0
WBGene00050120.,0,8,8
WBGene00050121.,0,0,0
WBGene00050122.,0,0,0
WBGene00050123.,0,0,0
WBGene00050124.,0,0,0
WBGene00050125.,0,0,0
WBGene00050126.,0,0,0
WBGene00050127.,0,0,0
WBGene00050128.,0,0,0
WBGene00050129.,0,0,0
WBGene00050130.,0,0,0
WBGene00050131.,0,0,0
WBGene00050132.,0,0,0
WBGene00050133.,0,0,0
WBGene00050134.,0,0,0
WBGene00050135.,0,0,0
WBGene00050136.,0,5,5
WBGene00050137.,0,0,0
WBGene00050138.,0,0,0
WBGene00050139.,0,0,0
WBGene00050140.,0,5,5
WBGene00050141.,0,0,0
WBGene00050142.,0,0,0
WBGene00050143.,0,0,0
WBGene00050144.,0,0,0
WBGene00050145.,0,0,0
WBGene00050146.,0,0,0
WBGene00050147.,0,1,1
WBGene00050148.,0,0,0
WBGene00050149.,0,3,3
WBGene00050150.,0,0,0
WBGene00050151.,0,0,0
WBGene00050152.,0,0,0
WBGene00050153.,0,0,0
WBGene00050154.,0,0,0
WBGene00050155.,0,0,0
WBGene00050156.,0,0,0
WBGene00050157.,0,0,0
WBGene00050158.,0,0,0
WBGene00050159.,0,0,0
WBGene00050160.,0,0,0
WBGene00050161.,0,1,1
WBGene00050162.,0,1,1
WBGene00050163.,0,0,0
WBGene00050164.,0,0,0
WBGene00050165.,0,0,0
WBGene00050166.,0,0,0
WBGene00050167.,0,0,0
WBGene00050168.,0,0,0
WBGene00050169.,0,0,0
WBGene00050170.,0,0,0
WBGene00050171.,0,0,0
WBGene00050172.,0,0,0
WBGene00050173.,0,0,0
WBGene00050174.,0,0,0
WBGene00050175.,0,0,0
WBGene00050176.,0,0,0
WBGene00050177.,0,1,1
WBGene00050178.,0,0,0
WBGene00050179.,0,9,9
WBGene00050180.,0,0,0
WBGene00050181.,0,3,3
WBGene00050182.,0,0,0
WBGene00050183.,0,0,0
WBGene00050184.,0,0,0
WBGene00050185.,0,0,0
WBGene00050186.,0,0,0
WBGene00050187.,0,0,0
WBGene00050188.,0,0,0
WBGene00050189.,0,0,0
WBGene00050190.,0,0,0
WBGene00050191.,0,1,1
WBGene00050192.,0,0,0
WBGene00050193.,0,0,0
WBGene00050194.,0,10,10
WBGene00050195.,0,0,0
WBGene00050196.,0,1,1
WBGene00050197.,0,0,0
WBGene00050198.,0,0,0
WBGene00050199.,0,0,0
WBGene00050200.,0,0,0
WBGene00050201.,0,0,0
WBGene00050202.,0,0,0
WBGene00050203.,0,0,0
WBGene00050204.,0,0,0
WBGene00050205.,0,0,0
WBGene00050206.,0,0,0
WBGene00050207.,0,0,0
WBGene00050208.,0,0,0
WBGene00050209.,0,0,0
WBGene00050210.,0,0,0
WBGene00050211.,0,2,2
WBGene00050212.,0,0,0
WBGene00050213.,0,0,0
WBGene00050214.,0,0,0
WBGene00050215.,0,2,2
WBGene00050216.,0,0,0
WBGene00050217.,0,2,2
WBGene00050218.,0,0,0
WBGene00050219.,0,0,0
WBGene00050220.,0,0,0
WBGene00050221.,0,0,0
WBGene00050222.,0,0,0
WBGene00050223.,0,0,0
WBGene00050224.,0,0,0
WBGene00050225.,0,0,0
WBGene00050226.,0,0,0
WBGene00050227.,0,0,0
WBGene00050228.,0,0,0
WBGene00050229.,0,0,0
WBGene00050230.,0,4,4
WBGene00050231.,0,0,0
WBGene00050232.,0,0,0
WBGene00050233.,0,0,0
WBGene00050234.,0,1,1
WBGene00050235.,0,0,0
WBGene00050236.,0,0,0
WBGene00050237.,0,0,0
WBGene00050238.,0,0,0
WBGene00050239.,0,0,0
WBGene00050240.,0,0,0
WBGene00050241.,0,0,0
WBGene00050242.,0,0,0
WBGene00050243.,0,5,5
WBGene00050244.,0,2,2
WBGene00050245.,0,0,0
WBGene00050246.,0,1,1
WBGene00050247.,0,0,0
WBGene00050248.,0,2,2
WBGene00050249.,0,2,2
WBGene00050250.,0,0,0
WBGene00050251.,0,11,11
WBGene00050252.,0,0,0
WBGene00050253.,0,0,0
WBGene00050254.,0,0,0
WBGene00050255.,0,0,0
WBGene00050256.,0,0,0
WBGene00050257.,0,0,0
WBGene00050258.,0,0,0
WBGene00050259.,0,0,0
WBGene00050260.,0,5,5
WBGene00050261.,0,0,0
WBGene00050262.,0,0,0
WBGene00050263.,0,0,0
WBGene00050264.,0,0,0
WBGene00050265.,0,1,1
WBGene00050266.,0,0,0
WBGene00050267.,0,0,0
WBGene00050268.,0,0,0
WBGene00050269.,0,0,0
WBGene00050270.,0,3,3
WBGene00050271.,0,0,0
WBGene00050272.,0,1,1
WBGene00050273.,0,3,3
WBGene00050274.,0,0,0
WBGene00050275.,0,4,4
WBGene00050276.,0,0,0
WBGene00050277.,0,3,3
WBGene00050278.,0,11,11
WBGene00050279.,0,0,0
WBGene00050280.,0,0,0
WBGene00050281.,0,13,13
WBGene00050282.,0,0,0
WBGene00050283.,0,0,0
WBGene00050284.,0,0,0
WBGene00050285.,0,0,0
WBGene00050286.,0,0,0
WBGene00050287.,0,3,3
WBGene00050288.,0,14,14
WBGene00050289.,0,0,0
WBGene00050290.,0,0,0
WBGene00050291.,0,0,0
WBGene00050292.,0,0,0
WBGene00050293.,0,0,0
WBGene00050294.,0,0,0
WBGene00050295.,0,0,0
WBGene00050296.,0,0,0
WBGene00050297.,0,2,2
WBGene00050298.,0,0,0
WBGene00050299.,0,0,0
WBGene00050300.,0,0,0
WBGene00050301.,0,0,0
WBGene00050302.,0,19,19
WBGene00050303.,0,1,1
WBGene00050304.,0,0,0
WBGene00050305.,0,0,0
WBGene00050306.,0,0,0
WBGene00050307.,0,0,0
WBGene00050308.,0,0,0
WBGene00050309.,0,2,2
WBGene00050310.,0,0,0
WBGene00050311.,0,0,0
WBGene00050312.,0,0,0
WBGene00050313.,0,0,0
WBGene00050314.,0,0,0
WBGene00050315.,0,0,0
WBGene00050316.,0,0,0
WBGene00050317.,0,0,0
WBGene00050318.,0,0,0
WBGene00050319.,0,0,0
WBGene00050320.,0,1,1
WBGene00050321.,0,0,0
WBGene00050322.,0,3,3
WBGene00050323.,0,0,0
WBGene00050324.,0,0,0
WBGene00050325.,0,0,0
WBGene00050326.,0,0,0
WBGene00050327.,0,0,0
WBGene00050328.,0,0,0
WBGene00050329.,0,0,0
WBGene00050330.,0,0,0
WBGene00050331.,0,0,0
WBGene00050332.,0,0,0
WBGene00050333.,0,0,0
WBGene00050334.,0,0,0
WBGene00050335.,0,0,0
WBGene00050336.,0,0,0
WBGene00050337.,0,0,0
WBGene00050338.,0,0,0
WBGene00050339.,0,0,0
WBGene00050340.,0,0,0
WBGene00050341.,0,0,0
WBGene00050342.,0,0,0
WBGene00050343.,0,0,0
WBGene00050344.,0,0,0
WBGene00050345.,0,0,0
WBGene00050346.,0,0,0
WBGene00050347.,0,0,0
WBGene00050348.,0,0,0
WBGene00050349.,0,0,0
WBGene00050350.,0,1,1
WBGene00050351.,0,0,0
WBGene00050352.,0,0,0
WBGene00050353.,0,0,0
WBGene00050354.,0,0,0
WBGene00050355.,0,0,0
WBGene00050356.,0,6,6
WBGene00050357.,0,0,0
WBGene00050358.,0,1,1
WBGene00050359.,0,1,1
WBGene00050360.,0,0,0
WBGene00050361.,0,0,0
WBGene00050362.,0,0,0
WBGene00050363.,0,0,0
WBGene00050364.,0,0,0
WBGene00050365.,0,0,0
WBGene00050366.,0,0,0
WBGene00050367.,0,0,0
WBGene00050368.,0,0,0
WBGene00050369.,0,1,1
WBGene00050370.,0,0,0
WBGene00050371.,0,2,2
WBGene00050372.,0,0,0
WBGene00050373.,0,3,3
WBGene00050374.,0,0,0
WBGene00050375.,0,0,0
WBGene00050376.,0,0,0
WBGene00050377.,0,0,0
WBGene00050378.,0,0,0
WBGene00050379.,0,0,0
WBGene00050380.,0,0,0
WBGene00050381.,0,0,0
WBGene00050382.,0,0,0
WBGene00050383.,0,0,0
WBGene00050384.,0,0,0
WBGene00050385.,0,0,0
WBGene00050386.,0,0,0
WBGene00050387.,0,6,6
WBGene00050388.,0,0,0
WBGene00050389.,0,0,0
WBGene00050390.,0,0,0
WBGene00050391.,0,0,0
WBGene00050392.,0,0,0
WBGene00050393.,0,0,0
WBGene00050394.,0,0,0
WBGene00050395.,0,0,0
WBGene00050396.,0,0,0
WBGene00050397.,0,0,0
WBGene00050398.,0,1,1
WBGene00050399.,0,0,0
WBGene00050400.,0,0,0
WBGene00050401.,0,0,0
WBGene00050402.,0,0,0
WBGene00050403.,0,0,0
WBGene00050404.,0,0,0
WBGene00050405.,0,0,0
WBGene00050406.,0,0,0
WBGene00050407.,0,0,0
WBGene00050408.,0,1,1
WBGene00050409.,0,0,0
WBGene00050410.,0,1,1
WBGene00050411.,0,0,0
WBGene00050412.,0,0,0
WBGene00050413.,0,0,0
WBGene00050414.,0,1,1
WBGene00050415.,0,0,0
WBGene00050416.,0,0,0
WBGene00050417.,0,0,0
WBGene00050418.,0,0,0
WBGene00050419.,0,0,0
WBGene00050420.,0,0,0
WBGene00050421.,0,0,0
WBGene00050422.,0,0,0
WBGene00050423.,0,2,2
WBGene00050424.,0,2,2
WBGene00050425.,0,0,0
WBGene00050426.,0,2,2
WBGene00050427.,0,0,0
WBGene00050428.,0,0,0
WBGene00050429.,0,0,0
WBGene00050430.,0,0,0
WBGene00050431.,0,0,0
WBGene00050432.,0,0,0
WBGene00050433.,0,0,0
WBGene00050434.,0,2,2
WBGene00050435.,0,1,1
WBGene00050436.,0,0,0
WBGene00050437.,0,0,0
WBGene00050438.,0,0,0
WBGene00050439.,0,0,0
WBGene00050440.,0,1,1
WBGene00050441.,0,0,0
WBGene00050442.,0,0,0
WBGene00050443.,0,2,2
WBGene00050444.,0,0,0
WBGene00050445.,0,0,0
WBGene00050446.,0,0,0
WBGene00050447.,0,1,1
WBGene00050448.,0,0,0
WBGene00050449.,0,0,0
WBGene00050450.,0,0,0
WBGene00050451.,0,16,16
WBGene00050452.,0,0,0
WBGene00050453.,0,0,0
WBGene00050454.,0,0,0
WBGene00050455.,0,0,0
WBGene00050456.,0,1,1
WBGene00050457.,0,0,0
WBGene00050458.,0,0,0
WBGene00050459.,0,1,1
WBGene00050460.,0,0,0
WBGene00050461.,0,11,11
WBGene00050462.,0,0,0
WBGene00050463.,0,0,0
WBGene00050464.,0,0,0
WBGene00050465.,0,0,0
WBGene00050466.,0,0,0
WBGene00050467.,0,38,38
WBGene00050468.,0,0,0
WBGene00050469.,0,0,0
WBGene00050470.,0,2,2
WBGene00050471.,0,1,1
WBGene00050472.,0,5,5
WBGene00050473.,0,0,0
WBGene00050474.,0,0,0
WBGene00050475.,0,0,0
WBGene00050476.,0,0,0
WBGene00050477.,0,0,0
WBGene00050478.,0,0,0
WBGene00050479.,0,0,0
WBGene00050480.,0,0,0
WBGene00050481.,0,0,0
WBGene00050482.,0,0,0
WBGene00050483.,0,0,0
WBGene00050484.,0,0,0
WBGene00050485.,0,0,0
WBGene00050486.,0,0,0
WBGene00050487.,0,0,0
WBGene00050488.,0,0,0
WBGene00050489.,0,0,0
WBGene00050490.,0,0,0
WBGene00050491.,0,0,0
WBGene00050492.,0,0,0
WBGene00050493.,0,0,0
WBGene00050494.,0,0,0
WBGene00050495.,0,0,0
WBGene00050496.,0,2,2
WBGene00050497.,0,3,3
WBGene00050498.,0,4,4
WBGene00050499.,0,0,0
WBGene00050500.,0,0,0
WBGene00050501.,0,2,2
WBGene00050502.,0,0,0
WBGene00050503.,0,0,0
WBGene00050504.,0,0,0
WBGene00050505.,0,0,0
WBGene00050506.,0,1,1
WBGene00050507.,0,2,2
WBGene00050508.,0,0,0
WBGene00050509.,0,0,0
WBGene00050510.,0,0,0
WBGene00050511.,0,5,5
WBGene00050512.,0,0,0
WBGene00050513.,0,2,2
WBGene00050514.,0,0,0
WBGene00050515.,0,0,0
WBGene00050516.,0,3,3
WBGene00050517.,0,0,0
WBGene00050518.,0,0,0
WBGene00050519.,0,0,0
WBGene00050520.,0,0,0
WBGene00050521.,0,3,3
WBGene00050522.,0,0,0
WBGene00050523.,0,0,0
WBGene00050524.,0,0,0
WBGene00050525.,0,0,0
WBGene00050526.,0,0,0
WBGene00050527.,0,11,11
WBGene00050528.,0,0,0
WBGene00050529.,0,1,1
WBGene00050530.,0,0,0
WBGene00050531.,0,0,0
WBGene00050532.,0,0,0
WBGene00050533.,0,0,0
WBGene00050534.,0,0,0
WBGene00050535.,0,0,0
WBGene00050536.,0,0,0
WBGene00050537.,0,0,0
WBGene00050538.,0,0,0
WBGene00050539.,0,0,0
WBGene00050540.,0,2,2
WBGene00050541.,0,0,0
WBGene00050542.,0,0,0
WBGene00050543.,0,0,0
WBGene00050544.,0,0,0
WBGene00050545.,0,0,0
WBGene00050546.,0,0,0
WBGene00050547.,0,0,0
WBGene00050548.,0,0,0
WBGene00050549.,0,0,0
WBGene00050550.,0,0,0
WBGene00050551.,0,0,0
WBGene00050552.,0,0,0
WBGene00050553.,0,0,0
WBGene00050554.,0,4,4
WBGene00050555.,0,0,0
WBGene00050556.,0,0,0
WBGene00050557.,0,0,0
WBGene00050558.,0,0,0
WBGene00050559.,0,0,0
WBGene00050560.,0,4,4
WBGene00050561.,0,0,0
WBGene00050562.,0,0,0
WBGene00050563.,0,0,0
WBGene00050564.,0,0,0
WBGene00050565.,0,0,0
WBGene00050566.,0,0,0
WBGene00050567.,0,0,0
WBGene00050568.,0,0,0
WBGene00050569.,0,0,0
WBGene00050570.,0,0,0
WBGene00050571.,0,2,2
WBGene00050572.,0,2,2
WBGene00050573.,0,1,1
WBGene00050574.,0,1,1
WBGene00050575.,0,0,0
WBGene00050576.,0,0,0
WBGene00050577.,0,0,0
WBGene00050578.,0,0,0
WBGene00050579.,0,0,0
WBGene00050580.,0,8,8
WBGene00050581.,0,0,0
WBGene00050582.,0,0,0
WBGene00050583.,0,1,1
WBGene00050584.,0,0,0
WBGene00050585.,0,0,0
WBGene00050586.,0,0,0
WBGene00050587.,0,0,0
WBGene00050588.,0,0,0
WBGene00050589.,0,0,0
WBGene00050590.,0,1,1
WBGene00050591.,0,1,1
WBGene00050592.,0,0,0
WBGene00050593.,0,0,0
WBGene00050594.,0,0,0
WBGene00050595.,0,0,0
WBGene00050596.,0,0,0
WBGene00050597.,0,0,0
WBGene00050598.,0,1,1
WBGene00050599.,0,0,0
WBGene00050600.,0,0,0
WBGene00050601.,0,0,0
WBGene00050602.,0,0,0
WBGene00050603.,0,0,0
WBGene00050604.,0,1,1
WBGene00050605.,0,0,0
WBGene00050606.,0,0,0
WBGene00050607.,0,0,0
WBGene00050608.,0,0,0
WBGene00050609.,0,0,0
WBGene00050610.,0,0,0
WBGene00050611.,0,0,0
WBGene00050612.,0,0,0
WBGene00050613.,0,0,0
WBGene00050614.,0,0,0
WBGene00050615.,0,0,0
WBGene00050616.,0,0,0
WBGene00050617.,0,0,0
WBGene00050618.,0,0,0
WBGene00050619.,0,0,0
WBGene00050620.,0,0,0
WBGene00050621.,0,0,0
WBGene00050622.,0,0,0
WBGene00050623.,0,0,0
WBGene00050624.,0,0,0
WBGene00050625.,0,0,0
WBGene00050626.,0,0,0
WBGene00050627.,0,0,0
WBGene00050628.,0,0,0
WBGene00050629.,0,0,0
WBGene00050630.,0,0,0
WBGene00050631.,0,0,0
WBGene00050632.,0,1,1
WBGene00050633.,0,0,0
WBGene00050634.,0,0,0
WBGene00050635.,0,0,0
WBGene00050636.,0,1,1
WBGene00050637.,0,0,0
WBGene00050638.,0,0,0
WBGene00050639.,0,0,0
WBGene00050640.,0,0,0
WBGene00050641.,0,0,0
WBGene00050642.,0,0,0
WBGene00050643.,0,0,0
WBGene00050644.,0,0,0
WBGene00050645.,0,0,0
WBGene00050646.,0,4,4
WBGene00050647.,0,2,2
WBGene00050648.,0,1,1
WBGene00050649.,0,0,0
WBGene00050650.,0,1,1
WBGene00050651.,0,0,0
WBGene00050652.,0,0,0
WBGene00050653.,0,22,22
WBGene00050654.,0,0,0
WBGene00050655.,0,0,0
WBGene00050656.,0,0,0
WBGene00050657.,0,0,0
WBGene00050658.,0,0,0
WBGene00050659.,0,0,0
WBGene00050660.,0,0,0
WBGene00050661.,0,1,1
WBGene00050662.,0,0,0
WBGene00050663.,0,0,0
WBGene00050664.,0,2,2
WBGene00050665.,0,0,0
WBGene00050666.,0,0,0
WBGene00050667.,0,0,0
WBGene00050668.,0,1,1
WBGene00050669.,0,0,0
WBGene00050670.,0,0,0
WBGene00050671.,0,0,0
WBGene00050672.,0,0,0
WBGene00050673.,0,0,0
WBGene00050674.,0,0,0
WBGene00050675.,0,3,3
WBGene00050676.,0,0,0
WBGene00050677.,0,0,0
WBGene00050678.,0,0,0
WBGene00050679.,0,0,0
WBGene00050680.,0,2,2
WBGene00050681.,0,0,0
WBGene00050682.,0,0,0
WBGene00050683.,0,0,0
WBGene00050684.,0,0,0
WBGene00050685.,0,2,2
WBGene00050686.,0,0,0
WBGene00050687.,0,1,1
WBGene00050688.,0,1,1
WBGene00050689.,0,3,3
WBGene00050690.,0,0,0
WBGene00050691.,0,1,1
WBGene00050692.,0,0,0
WBGene00050693.,0,0,0
WBGene00050694.,0,0,0
WBGene00050695.,0,0,0
WBGene00050696.,0,0,0
WBGene00050697.,0,10,10
WBGene00050698.,0,0,0
WBGene00050699.,0,0,0
WBGene00050700.,0,1,1
WBGene00050701.,0,0,0
WBGene00050702.,0,0,0
WBGene00050703.,0,1,1
WBGene00050704.,0,0,0
WBGene00050705.,0,1,1
WBGene00050706.,0,0,0
WBGene00050707.,0,0,0
WBGene00050708.,0,0,0
WBGene00050709.,0,0,0
WBGene00050710.,0,0,0
WBGene00050711.,0,0,0
WBGene00050712.,0,0,0
WBGene00050713.,0,4,4
WBGene00050714.,0,0,0
WBGene00050715.,0,0,0
WBGene00050716.,0,0,0
WBGene00050717.,0,0,0
WBGene00050718.,0,0,0
WBGene00050719.,0,0,0
WBGene00050720.,0,0,0
WBGene00050721.,0,0,0
WBGene00050722.,0,0,0
WBGene00050723.,0,4,4
WBGene00050724.,0,0,0
WBGene00050725.,0,0,0
WBGene00050726.,0,0,0
WBGene00050727.,0,0,0
WBGene00050728.,0,0,0
WBGene00050729.,0,3,3
WBGene00050730.,0,0,0
WBGene00050731.,0,1,1
WBGene00050732.,0,0,0
WBGene00050733.,0,1,1
WBGene00050734.,0,0,0
WBGene00050735.,0,2,2
WBGene00050736.,0,0,0
WBGene00050737.,0,0,0
WBGene00050738.,0,0,0
WBGene00050739.,0,0,0
WBGene00050740.,0,0,0
WBGene00050741.,0,0,0
WBGene00050742.,0,0,0
WBGene00050743.,0,0,0
WBGene00050744.,0,0,0
WBGene00050745.,0,0,0
WBGene00050746.,0,0,0
WBGene00050747.,0,0,0
WBGene00050748.,0,0,0
WBGene00050749.,0,0,0
WBGene00050750.,0,0,0
WBGene00050751.,0,1,1
WBGene00050752.,0,0,0
WBGene00050753.,0,0,0
WBGene00050754.,0,0,0
WBGene00050755.,0,0,0
WBGene00050756.,0,0,0
WBGene00050757.,0,0,0
WBGene00050758.,0,0,0
WBGene00050759.,0,0,0
WBGene00050760.,0,0,0
WBGene00050761.,0,1,1
WBGene00050762.,0,0,0
WBGene00050763.,0,0,0
WBGene00050764.,0,1,1
WBGene00050765.,0,1,1
WBGene00050766.,0,0,0
WBGene00050767.,0,2,2
WBGene00050768.,0,0,0
WBGene00050769.,0,0,0
WBGene00050770.,0,0,0
WBGene00050771.,0,0,0
WBGene00050772.,0,0,0
WBGene00050773.,0,8,8
WBGene00050774.,0,0,0
WBGene00050775.,0,0,0
WBGene00050776.,0,0,0
WBGene00050777.,0,0,0
WBGene00050778.,0,9,9
WBGene00050779.,0,0,0
WBGene00050780.,0,0,0
WBGene00050781.,0,0,0
WBGene00050782.,0,0,0
WBGene00050783.,0,0,0
WBGene00050784.,0,1,1
WBGene00050785.,0,0,0
WBGene00050786.,0,0,0
WBGene00050787.,0,0,0
WBGene00050788.,0,0,0
WBGene00050789.,0,0,0
WBGene00050790.,0,0,0
WBGene00050791.,0,0,0
WBGene00050792.,0,0,0
WBGene00050793.,0,0,0
WBGene00050794.,0,0,0
WBGene00050795.,0,0,0
WBGene00050796.,0,0,0
WBGene00050797.,0,0,0
WBGene00050798.,0,0,0
WBGene00050799.,0,8,8
WBGene00050800.,0,0,0
WBGene00050801.,0,2,2
WBGene00050802.,0,0,0
WBGene00050803.,0,0,0
WBGene00050804.,0,2,2
WBGene00050805.,0,2,2
WBGene00050806.,0,0,0
WBGene00050807.,0,0,0
WBGene00050808.,0,0,0
WBGene00050809.,0,0,0
WBGene00050810.,0,1,1
WBGene00050811.,0,0,0
WBGene00050812.,0,0,0
WBGene00050813.,0,0,0
WBGene00050814.,0,4,4
WBGene00050815.,0,0,0
WBGene00050816.,0,1,1
WBGene00050817.,0,0,0
WBGene00050818.,0,1,1
WBGene00050819.,0,0,0
WBGene00050820.,0,0,0
WBGene00050821.,0,0,0
WBGene00050822.,0,0,0
WBGene00050823.,0,0,0
WBGene00050824.,0,0,0
WBGene00050825.,0,9,9
WBGene00050826.,0,0,0
WBGene00050827.,0,0,0
WBGene00050828.,0,2,2
WBGene00050829.,0,2,2
WBGene00050830.,0,0,0
WBGene00050831.,0,0,0
WBGene00050832.,0,0,0
WBGene00050833.,0,0,0
WBGene00050834.,0,0,0
WBGene00050835.,0,0,0
WBGene00050836.,0,0,0
WBGene00050837.,0,7,7
WBGene00050838.,0,0,0
WBGene00050839.,0,0,0
WBGene00050840.,0,1,1
WBGene00050841.,0,0,0
WBGene00050842.,0,0,0
WBGene00050843.,0,0,0
WBGene00050844.,0,0,0
WBGene00050845.,0,0,0
WBGene00050846.,0,0,0
WBGene00050847.,0,0,0
WBGene00050848.,0,0,0
WBGene00050849.,0,0,0
WBGene00050850.,0,0,0
WBGene00050851.,0,0,0
WBGene00050852.,0,6,6
WBGene00050853.,0,0,0
WBGene00050854.,0,0,0
WBGene00050855.,0,0,0
WBGene00050856.,0,2,2
WBGene00050857.,0,0,0
WBGene00050858.,0,0,0
WBGene00050859.,0,0,0
WBGene00050860.,0,15,15
WBGene00050861.,0,0,0
WBGene00050862.,0,0,0
WBGene00050863.,0,0,0
WBGene00050864.,0,0,0
WBGene00050865.,0,0,0
WBGene00050866.,0,0,0
WBGene00050867.,0,0,0
WBGene00050868.,0,0,0
WBGene00050869.,0,0,0
WBGene00050870.,0,0,0
WBGene00050871.,0,0,0
WBGene00050873.,0,46,46
WBGene00050874.,0,12,12
WBGene00050875.,3,4,7
WBGene00050878.,2,1,3
WBGene00050879.,1,4,5
WBGene00050880.,10,1,11
WBGene00050881.,1,3,4
WBGene00050883.,0,3,3
WBGene00050884.,82,497,579
WBGene00050885.,61,390,451
WBGene00050889.,48,306,354
WBGene00050890.,0,30,30
WBGene00050891.,0,5,5
WBGene00050892.,1,0,1
WBGene00050893.,0,3,3
WBGene00050894.,0,1,1
WBGene00050896.,0,1,1
WBGene00050897.,0,2,2
WBGene00050898.,0,0,0
WBGene00050899.,219,3405,3624
WBGene00050900.,0,0,0
WBGene00050902.,0,0,0
WBGene00050903.,31,189,220
WBGene00050904.,6,235,241
WBGene00050906.,0,6,6
WBGene00050907.,0,0,0
WBGene00050910.,5,2,7
WBGene00050911.,0,4,4
WBGene00050912.,0,0,0
WBGene00050913.,0,0,0
WBGene00050914.,2,3,5
WBGene00050915.,11,77,88
WBGene00050916.,5,43,48
WBGene00050917.,23,160,183
WBGene00050919.,2,6,8
WBGene00050920.,14,128,142
WBGene00050921.,0,0,0
WBGene00050922.,0,0,0
WBGene00050923.,0,0,0
WBGene00050924.,0,0,0
WBGene00050926.,1,7,8
WBGene00050927.,202,312,514
WBGene00050928.,0,0,0
WBGene00050929.,0,0,0
WBGene00050930.,2,14,16
WBGene00050931.,2,4,6
WBGene00050932.,1,1,2
WBGene00050933.,0,3,3
WBGene00050934.,3,4,7
WBGene00050935.,326,39,365
WBGene00050936.,0,344,344
WBGene00050937.,10,125,135
WBGene00050938.,0,1,1
WBGene00050939.,0,0,0
WBGene00050940.,0,4,4
WBGene00050941.,3,483,486
WBGene00050943.,9,72,81
WBGene00050944.,123,1140,1263
WBGene00050945.,18,923,941
WBGene00050946.,12,66,78
WBGene00050947.,8,303,311
WBGene00050948.,28,113,141
WBGene00050949.,0,0,0
WBGene00050950.,0,0,0
WBGene00050951.,0,0,0
WBGene00050954.,0,0,0
WBGene00050955.,0,7,7
WBGene00050956.,4,0,4
WBGene00050957.,4,54,58
WBGene00050958.,0,42,42
WBGene00050959.,0,1,1
WBGene00050960.,0,3,3
WBGene00050961.,0,4,4
WBGene00050962.,0,0,0
WBGene00050963.,0,1,1
WBGene00050964.,0,24,24
WBGene00050965.,0,0,0
WBGene00050967.,9,85,94
WBGene00050968.,0,0,0
WBGene00050970.,0,8,8
WBGene00050971.,1,2,3
WBGene00050972.,0,0,0
WBGene00050973.,0,2,2
WBGene00050974.,0,17,17
WBGene00050976.,0,1,1
WBGene00050977.,0,45,45
WBGene00077434.,61,2,63
WBGene00077436.,5,5,10
WBGene00077437.,616,3839,4455
WBGene00077438.,4,3,7
WBGene00077439.,19,688,707
WBGene00077440.,0,1,1
WBGene00077441.,0,0,0
WBGene00077442.,3,4,7
WBGene00077443.,0,65,65
WBGene00077444.,2,76,78
WBGene00077445.,0,1,1
WBGene00077446.,0,0,0
WBGene00077447.,0,0,0
WBGene00077448.,14,0,14
WBGene00077449.,0,10,10
WBGene00077450.,5,6,11
WBGene00077451.,0,5,5
WBGene00077452.,0,0,0
WBGene00077453.,21,734,755
WBGene00077454.,0,4,4
WBGene00077455.,12,18,30
WBGene00077456.,0,0,0
WBGene00077457.,24,361,385
WBGene00077459.,0,0,0
WBGene00077460.,0,0,0
WBGene00077461.,0,19,19
WBGene00077462.,0,0,0
WBGene00077463.,0,0,0
WBGene00077464.,0,1,1
WBGene00077465.,0,7,7
WBGene00077466.,0,63,63
WBGene00077467.,0,5,5
WBGene00077468.,0,0,0
WBGene00077469.,0,7,7
WBGene00077470.,0,1,1
WBGene00077471.,0,0,0
WBGene00077472.,0,0,0
WBGene00077473.,0,2,2
WBGene00077474.,0,0,0
WBGene00077475.,0,0,0
WBGene00077476.,0,0,0
WBGene00077477.,0,0,0
WBGene00077478.,0,0,0
WBGene00077479.,0,0,0
WBGene00077480.,0,40,40
WBGene00077481.,0,0,0
WBGene00077482.,0,2,2
WBGene00077483.,0,0,0
WBGene00077484.,0,0,0
WBGene00077485.,0,0,0
WBGene00077486.,0,20,20
WBGene00077487.,0,0,0
WBGene00077488.,0,153,153
WBGene00077489.,2,14,16
WBGene00077490.,55,794,849
WBGene00077491.,1,54,55
WBGene00077492.,0,0,0
WBGene00077493.,6,5,11
WBGene00077494.,0,0,0
WBGene00077495.,0,1,1
WBGene00077496.,0,3,3
WBGene00077497.,4,11,15
WBGene00077498.,0,0,0
WBGene00077499.,0,0,0
WBGene00077500.,14,234,248
WBGene00077501.,0,12,12
WBGene00077502.,0,0,0
WBGene00077503.,0,4,4
WBGene00077504.,0,0,0
WBGene00077506.,0,1,1
WBGene00077508.,34,26,60
WBGene00077510.,0,0,0
WBGene00077514.,4,5,9
WBGene00077515.,0,0,0
WBGene00077516.,0,0,0
WBGene00077517.,0,0,0
WBGene00077519.,0,4,4
WBGene00077520.,91,380,471
WBGene00077521.,0,189,189
WBGene00077522.,5,26,31
WBGene00077523.,1,7,8
WBGene00077524.,0,4,4
WBGene00077525.,16,395,411
WBGene00077526.,826,7706,8532
WBGene00077527.,0,1,1
WBGene00077531.,0,15,15
WBGene00077534.,1,0,1
WBGene00077535.,5,9,14
WBGene00077536.,13,143,156
WBGene00077537.,7,105,112
WBGene00077538.,3,5,8
WBGene00077539.,454,232,686
WBGene00077543.,5,24,29
WBGene00077546.,4,6,10
WBGene00077548.,26,168,194
WBGene00077549.,2,7,9
WBGene00077551.,0,5,5
WBGene00077552.,206,33,239
WBGene00077553.,38,55,93
WBGene00077555.,0,0,0
WBGene00077556.,2,14,16
WBGene00077557.,9,22,31
WBGene00077558.,22,47,69
WBGene00077559.,15,77,92
WBGene00077561.,0,3,3
WBGene00077562.,8,2,10
WBGene00077563.,12,34,46
WBGene00077564.,2,8,10
WBGene00077565.,2,7,9
WBGene00077566.,2,0,2
WBGene00077567.,0,0,0
WBGene00077568.,0,135,135
WBGene00077569.,5,19,24
WBGene00077570.,8,96,104
WBGene00077571.,0,0,0
WBGene00077572.,32,198,230
WBGene00077573.,14,229,243
WBGene00077574.,1,10,11
WBGene00077575.,0,0,0
WBGene00077576.,1,1,2
WBGene00077577.,6,1,7
WBGene00077579.,0,0,0
WBGene00077580.,0,1,1
WBGene00077581.,0,6,6
WBGene00077582.,0,5,5
WBGene00077583.,0,0,0
WBGene00077584.,0,2,2
WBGene00077585.,12,31,43
WBGene00077586.,0,3,3
WBGene00077588.,0,41,41
WBGene00077589.,0,0,0
WBGene00077590.,0,3,3
WBGene00077592.,1,1,2
WBGene00077593.,19,72,91
WBGene00077594.,180,174,354
WBGene00077595.,0,0,0
WBGene00077596.,3,0,3
WBGene00077597.,0,0,0
WBGene00077598.,0,0,0
WBGene00077599.,13,93,106
WBGene00077600.,0,0,0
WBGene00077601.,0,5,5
WBGene00077602.,0,0,0
WBGene00077603.,0,0,0
WBGene00077604.,0,2,2
WBGene00077605.,0,1,1
WBGene00077606.,0,1,1
WBGene00077607.,0,3,3
WBGene00077608.,0,2,2
WBGene00077609.,0,0,0
WBGene00077610.,0,0,0
WBGene00077611.,0,3,3
WBGene00077612.,0,1,1
WBGene00077613.,0,14,14
WBGene00077614.,0,0,0
WBGene00077615.,3,4,7
WBGene00077616.,4,7,11
WBGene00077617.,0,1,1
WBGene00077618.,0,0,0
WBGene00077619.,0,1,1
WBGene00077620.,0,0,0
WBGene00077621.,3,1,4
WBGene00077622.,1,4,5
WBGene00077624.,0,1,1
WBGene00077625.,1,2,3
WBGene00077626.,0,0,0
WBGene00077627.,0,1,1
WBGene00077629.,2,10,12
WBGene00077630.,0,0,0
WBGene00077631.,0,1,1
WBGene00077632.,0,1,1
WBGene00077633.,0,0,0
WBGene00077634.,1,0,1
WBGene00077635.,0,11,11
WBGene00077636.,31,67,98
WBGene00077637.,0,9,9
WBGene00077638.,0,0,0
WBGene00077640.,1,6,7
WBGene00077641.,0,1,1
WBGene00077642.,0,0,0
WBGene00077643.,31,378,409
WBGene00077644.,0,5,5
WBGene00077646.,0,4,4
WBGene00077647.,0,6,6
WBGene00077648.,0,10,10
WBGene00077649.,1,0,1
WBGene00077650.,0,0,0
WBGene00077651.,0,0,0
WBGene00077652.,1,0,1
WBGene00077653.,0,1,1
WBGene00077654.,0,2,2
WBGene00077655.,0,1,1
WBGene00077656.,0,2,2
WBGene00077657.,0,9,9
WBGene00077658.,55,340,395
WBGene00077659.,0,6,6
WBGene00077660.,0,0,0
WBGene00077662.,0,0,0
WBGene00077663.,0,2,2
WBGene00077664.,5,39,44
WBGene00077666.,0,2,2
WBGene00077667.,0,3,3
WBGene00077669.,95,234,329
WBGene00077670.,0,1,1
WBGene00077671.,0,0,0
WBGene00077673.,0,3,3
WBGene00077674.,0,3,3
WBGene00077679.,10,31,41
WBGene00077680.,0,11,11
WBGene00077681.,23,93,116
WBGene00077682.,3,10,13
WBGene00077684.,1,10,11
WBGene00077685.,0,0,0
WBGene00077686.,0,1,1
WBGene00077687.,0,4,4
WBGene00077688.,4,6,10
WBGene00077689.,0,63,63
WBGene00077690.,8,87,95
WBGene00077691.,0,4,4
WBGene00077692.,25,116,141
WBGene00077693.,261,6852,7113
WBGene00077694.,0,4,4
WBGene00077695.,0,0,0
WBGene00077696.,29,42,71
WBGene00077697.,100,141,241
WBGene00077698.,47,207,254
WBGene00077699.,4,43,47
WBGene00077701.,18,409,427
WBGene00077703.,6,2,8
WBGene00077704.,53,663,716
WBGene00077705.,0,0,0
WBGene00077706.,0,0,0
WBGene00077707.,0,0,0
WBGene00077708.,0,5,5
WBGene00077709.,0,0,0
WBGene00077712.,34,409,443
WBGene00077714.,10,19,29
WBGene00077715.,0,7,7
WBGene00077716.,0,0,0
WBGene00077717.,0,0,0
WBGene00077718.,0,0,0
WBGene00077719.,0,0,0
WBGene00077720.,0,0,0
WBGene00077721.,0,8,8
WBGene00077722.,0,2,2
WBGene00077723.,0,0,0
WBGene00077724.,0,0,0
WBGene00077725.,0,0,0
WBGene00077726.,0,2,2
WBGene00077727.,0,0,0
WBGene00077728.,0,205,205
WBGene00077732.,14,235,249
WBGene00077750.,0,1,1
WBGene00077751.,12,9,21
WBGene00077752.,15,89,104
WBGene00077753.,22,30,52
WBGene00077754.,0,2,2
WBGene00077755.,0,1,1
WBGene00077756.,1,39,40
WBGene00077757.,4,32,36
WBGene00077758.,4,15,19
WBGene00077759.,3,7,10
WBGene00077761.,21,1045,1066
WBGene00077762.,2,19,21
WBGene00077763.,23,50,73
WBGene00077764.,0,525,525
WBGene00077765.,0,15,15
WBGene00077766.,0,93,93
WBGene00077767.,0,1,1
WBGene00077768.,4,21,25
WBGene00077769.,5,97,102
WBGene00077770.,10,87,97
WBGene00077771.,947,13483,14430
WBGene00077772.,1,33,34
WBGene00077773.,0,218,218
WBGene00077775.,78,418,496
WBGene00077781.,1,75,76
WBGene00077782.,10,4,14
WBGene00077783.,82,610,692
WBGene00077784.,3,17,20
WBGene00077785.,6,5,11
WBGene00077786.,93,311,404
WBGene00077787.,1,10,11
WBGene00077788.,30,518,548
WBGene00077789.,0,0,0
WBGene00086546.,45,323,368
WBGene00086551.,9,291,300
WBGene00086552.,0,0,0
WBGene00086553.,206,2002,2208
WBGene00086554.,0,6,6
WBGene00086555.,5,4,9
WBGene00086556.,2,12,14
WBGene00086557.,61,369,430
WBGene00086558.,19,237,256
WBGene00086559.,6,82,88
WBGene00086560.,8,36,44
WBGene00086561.,0,20,20
WBGene00086562.,0,7,7
WBGene00086563.,0,0,0
WBGene00086564.,1,2,3
WBGene00086565.,1,1,2
WBGene00086566.,75,829,904
WBGene00086567.,0,4,4
WBGene00086568.,5,31,36
WBGene00086569.,118,858,976
WBGene00119201.,4,0,4
WBGene00119203.,13,273,286
WBGene00119204.,4,37,41
WBGene00138711.,2,25,27
WBGene00138714.,0,4,4
WBGene00138715.,0,1,1
WBGene00138716.,0,5,5
WBGene00138717.,289,1375,1664
WBGene00138719.,0,3,3
WBGene00138720.,22,159,181
WBGene00138721.,4,11,15
WBGene00138724.,0,134,134
WBGene00164968.,12,104,116
WBGene00164969.,0,0,0
WBGene00164971.,2,0,2
WBGene00164972.,2,1,3
WBGene00164973.,3,44,47
WBGene00164974.,1,1,2
WBGene00164983.,12,16,28
WBGene00164985.,19,156,175
WBGene00164986.,7,7,14
WBGene00164991.,0,0,0
WBGene00164992.,0,0,0
WBGene00164993.,0,0,0
WBGene00164994.,0,0,0
WBGene00164995.,0,0,0
WBGene00164996.,0,0,0
WBGene00164997.,0,0,0
WBGene00164998.,0,0,0
WBGene00164999.,0,0,0
WBGene00165000.,0,0,0
WBGene00165001.,0,1,1
WBGene00165002.,0,0,0
WBGene00165003.,0,0,0
WBGene00165004.,0,0,0
WBGene00165005.,0,0,0
WBGene00165006.,0,0,0
WBGene00165007.,0,2,2
WBGene00165009.,0,0,0
WBGene00165010.,0,0,0
WBGene00165011.,0,0,0
WBGene00165012.,0,0,0
WBGene00165013.,0,0,0
WBGene00165014.,0,0,0
WBGene00165015.,0,0,0
WBGene00165016.,0,2,2
WBGene00165017.,0,2,2
WBGene00165018.,0,0,0
WBGene00165019.,0,2,2
WBGene00165020.,0,0,0
WBGene00165021.,0,0,0
WBGene00165022.,0,0,0
WBGene00165023.,0,0,0
WBGene00165024.,0,0,0
WBGene00165025.,0,0,0
WBGene00165026.,0,0,0
WBGene00165027.,0,7,7
WBGene00165028.,0,0,0
WBGene00165029.,0,0,0
WBGene00165030.,0,1,1
WBGene00165031.,0,1,1
WBGene00165032.,0,0,0
WBGene00165033.,0,0,0
WBGene00165034.,0,0,0
WBGene00165035.,0,0,0
WBGene00165036.,0,0,0
WBGene00165037.,0,0,0
WBGene00165038.,0,0,0
WBGene00165039.,0,0,0
WBGene00165040.,0,0,0
WBGene00165041.,0,0,0
WBGene00165042.,0,0,0
WBGene00165043.,0,0,0
WBGene00165044.,0,0,0
WBGene00165045.,0,0,0
WBGene00165046.,0,5,5
WBGene00165047.,0,0,0
WBGene00165048.,0,0,0
WBGene00165049.,0,0,0
WBGene00165050.,0,0,0
WBGene00165051.,0,0,0
WBGene00165052.,0,0,0
WBGene00165053.,0,2,2
WBGene00165054.,0,39,39
WBGene00165055.,0,0,0
WBGene00165056.,0,3,3
WBGene00165057.,0,1,1
WBGene00165058.,0,0,0
WBGene00165059.,0,0,0
WBGene00165060.,0,0,0
WBGene00165061.,0,0,0
WBGene00165062.,0,0,0
WBGene00165063.,0,0,0
WBGene00165064.,0,0,0
WBGene00165065.,0,0,0
WBGene00165066.,0,0,0
WBGene00165067.,0,11,11
WBGene00165068.,0,0,0
WBGene00165069.,0,0,0
WBGene00165070.,0,0,0
WBGene00165071.,0,0,0
WBGene00165072.,0,0,0
WBGene00165073.,0,0,0
WBGene00165074.,0,0,0
WBGene00165075.,0,3,3
WBGene00165076.,0,0,0
WBGene00165077.,0,2,2
WBGene00165078.,0,0,0
WBGene00165079.,0,0,0
WBGene00165080.,0,7,7
WBGene00165081.,0,4,4
WBGene00165082.,0,1,1
WBGene00165083.,0,0,0
WBGene00165084.,0,0,0
WBGene00165085.,0,0,0
WBGene00165086.,0,0,0
WBGene00165087.,0,0,0
WBGene00165088.,0,0,0
WBGene00165089.,0,0,0
WBGene00165090.,0,0,0
WBGene00165091.,0,1,1
WBGene00165092.,0,0,0
WBGene00165093.,0,1,1
WBGene00165094.,0,1,1
WBGene00165095.,0,0,0
WBGene00165096.,0,0,0
WBGene00165097.,0,0,0
WBGene00165098.,0,0,0
WBGene00165099.,0,0,0
WBGene00165100.,0,0,0
WBGene00165101.,0,1,1
WBGene00165102.,0,8,8
WBGene00165103.,0,0,0
WBGene00165104.,0,0,0
WBGene00165105.,0,0,0
WBGene00165106.,0,0,0
WBGene00165107.,0,0,0
WBGene00165108.,0,0,0
WBGene00165109.,0,0,0
WBGene00165110.,0,0,0
WBGene00165111.,0,0,0
WBGene00165112.,0,0,0
WBGene00165113.,0,0,0
WBGene00165114.,0,2,2
WBGene00165115.,0,0,0
WBGene00165116.,0,0,0
WBGene00165117.,0,0,0
WBGene00165118.,0,0,0
WBGene00165119.,0,0,0
WBGene00165120.,0,0,0
WBGene00165121.,0,0,0
WBGene00165122.,0,1,1
WBGene00165123.,0,0,0
WBGene00165124.,0,0,0
WBGene00165125.,0,0,0
WBGene00165126.,0,0,0
WBGene00165127.,0,0,0
WBGene00165128.,0,0,0
WBGene00165129.,0,0,0
WBGene00165130.,0,0,0
WBGene00165131.,0,0,0
WBGene00165132.,0,0,0
WBGene00165133.,0,0,0
WBGene00165134.,0,0,0
WBGene00165135.,0,0,0
WBGene00165136.,0,6,6
WBGene00165137.,0,2,2
WBGene00165138.,0,0,0
WBGene00165139.,0,0,0
WBGene00165140.,0,0,0
WBGene00165141.,0,0,0
WBGene00165142.,0,0,0
WBGene00165143.,0,0,0
WBGene00165144.,0,0,0
WBGene00165146.,0,0,0
WBGene00165147.,0,106,106
WBGene00165148.,0,0,0
WBGene00165149.,0,1,1
WBGene00165150.,0,0,0
WBGene00165151.,0,0,0
WBGene00165152.,0,0,0
WBGene00165153.,0,1,1
WBGene00165154.,0,0,0
WBGene00165155.,0,0,0
WBGene00165156.,0,0,0
WBGene00165157.,0,0,0
WBGene00165158.,0,0,0
WBGene00165159.,0,5,5
WBGene00165160.,0,0,0
WBGene00165161.,0,0,0
WBGene00165162.,0,0,0
WBGene00165163.,0,0,0
WBGene00165164.,0,0,0
WBGene00165165.,0,0,0
WBGene00165166.,0,0,0
WBGene00165167.,0,0,0
WBGene00165168.,0,2,2
WBGene00165169.,0,7,7
WBGene00165170.,0,1,1
WBGene00165171.,0,0,0
WBGene00165172.,0,0,0
WBGene00165173.,0,0,0
WBGene00165174.,0,0,0
WBGene00165175.,0,0,0
WBGene00165176.,0,0,0
WBGene00165177.,0,0,0
WBGene00165178.,0,0,0
WBGene00165179.,0,0,0
WBGene00165180.,0,1,1
WBGene00165181.,0,0,0
WBGene00165182.,0,0,0
WBGene00165183.,0,0,0
WBGene00165184.,0,0,0
WBGene00165185.,0,0,0
WBGene00165186.,0,0,0
WBGene00165187.,0,0,0
WBGene00165188.,0,0,0
WBGene00165189.,0,0,0
WBGene00165190.,0,2,2
WBGene00165191.,0,0,0
WBGene00165192.,0,0,0
WBGene00165193.,0,0,0
WBGene00165194.,0,0,0
WBGene00165195.,0,0,0
WBGene00165196.,0,0,0
WBGene00165197.,0,4,4
WBGene00165198.,0,0,0
WBGene00165199.,0,0,0
WBGene00165200.,0,0,0
WBGene00165201.,0,0,0
WBGene00165202.,0,1,1
WBGene00165203.,0,0,0
WBGene00165204.,0,0,0
WBGene00165205.,0,0,0
WBGene00165206.,0,0,0
WBGene00165207.,0,0,0
WBGene00165208.,0,8,8
WBGene00165209.,0,0,0
WBGene00165210.,0,4,4
WBGene00165211.,0,0,0
WBGene00165212.,0,2,2
WBGene00165213.,0,0,0
WBGene00165214.,0,0,0
WBGene00165215.,0,0,0
WBGene00165217.,0,0,0
WBGene00165218.,0,1,1
WBGene00165219.,0,0,0
WBGene00165220.,0,0,0
WBGene00165221.,0,0,0
WBGene00165222.,0,0,0
WBGene00165223.,0,0,0
WBGene00165224.,0,0,0
WBGene00165225.,0,0,0
WBGene00165226.,0,0,0
WBGene00165227.,0,0,0
WBGene00165228.,0,1,1
WBGene00165229.,0,0,0
WBGene00165230.,0,0,0
WBGene00165231.,0,0,0
WBGene00165232.,0,0,0
WBGene00165233.,0,0,0
WBGene00165234.,0,0,0
WBGene00165235.,0,2,2
WBGene00165236.,0,0,0
WBGene00165237.,0,1,1
WBGene00165238.,0,0,0
WBGene00165239.,0,0,0
WBGene00165240.,0,28,28
WBGene00165241.,0,0,0
WBGene00165242.,0,0,0
WBGene00165243.,0,0,0
WBGene00165244.,0,3,3
WBGene00165245.,0,0,0
WBGene00165246.,0,0,0
WBGene00165247.,0,1,1
WBGene00165248.,0,0,0
WBGene00165249.,0,4,4
WBGene00165250.,0,0,0
WBGene00165251.,0,1,1
WBGene00165252.,0,0,0
WBGene00165253.,0,0,0
WBGene00165254.,0,0,0
WBGene00165255.,0,0,0
WBGene00165256.,0,5,5
WBGene00165257.,0,2,2
WBGene00165258.,0,0,0
WBGene00165259.,0,0,0
WBGene00165260.,0,0,0
WBGene00165261.,0,0,0
WBGene00165262.,0,0,0
WBGene00165263.,0,0,0
WBGene00165264.,0,0,0
WBGene00165265.,0,0,0
WBGene00165266.,0,2,2
WBGene00165267.,0,0,0
WBGene00165268.,0,0,0
WBGene00165269.,0,15,15
WBGene00165270.,0,0,0
WBGene00165271.,0,0,0
WBGene00165272.,0,0,0
WBGene00165273.,0,0,0
WBGene00165274.,0,0,0
WBGene00165275.,0,0,0
WBGene00165276.,0,0,0
WBGene00165277.,0,0,0
WBGene00165278.,0,0,0
WBGene00165279.,0,0,0
WBGene00165280.,0,0,0
WBGene00165281.,0,0,0
WBGene00165282.,0,0,0
WBGene00165283.,0,0,0
WBGene00165284.,0,2,2
WBGene00165285.,0,0,0
WBGene00165286.,0,0,0
WBGene00165287.,0,0,0
WBGene00165288.,0,0,0
WBGene00165289.,0,0,0
WBGene00165290.,0,1,1
WBGene00165291.,0,0,0
WBGene00165292.,0,0,0
WBGene00165293.,0,0,0
WBGene00165294.,0,0,0
WBGene00165295.,0,0,0
WBGene00165296.,0,0,0
WBGene00165297.,0,0,0
WBGene00165298.,0,1,1
WBGene00165299.,0,0,0
WBGene00165300.,0,0,0
WBGene00165301.,0,0,0
WBGene00165302.,0,0,0
WBGene00165303.,0,4,4
WBGene00165304.,0,0,0
WBGene00165305.,0,1,1
WBGene00165306.,0,0,0
WBGene00165307.,0,0,0
WBGene00165308.,0,0,0
WBGene00165309.,0,0,0
WBGene00165310.,0,0,0
WBGene00165311.,0,0,0
WBGene00165312.,0,0,0
WBGene00165313.,0,1,1
WBGene00165314.,0,1,1
WBGene00165315.,0,0,0
WBGene00165316.,0,0,0
WBGene00165317.,0,0,0
WBGene00165318.,0,0,0
WBGene00165319.,0,0,0
WBGene00165320.,0,0,0
WBGene00165321.,0,0,0
WBGene00165322.,0,0,0
WBGene00165323.,0,2,2
WBGene00165324.,0,0,0
WBGene00165325.,0,4,4
WBGene00165326.,0,0,0
WBGene00165327.,0,0,0
WBGene00165328.,0,0,0
WBGene00165329.,0,0,0
WBGene00165330.,0,0,0
WBGene00165331.,0,0,0
WBGene00165332.,0,0,0
WBGene00165333.,0,0,0
WBGene00165334.,0,0,0
WBGene00165335.,0,0,0
WBGene00165336.,0,0,0
WBGene00165337.,0,0,0
WBGene00165338.,0,0,0
WBGene00165339.,0,0,0
WBGene00165340.,0,0,0
WBGene00165341.,0,0,0
WBGene00165342.,0,0,0
WBGene00165343.,0,0,0
WBGene00165344.,0,0,0
WBGene00165345.,0,0,0
WBGene00165346.,0,0,0
WBGene00165347.,0,0,0
WBGene00165348.,0,4,4
WBGene00165349.,0,0,0
WBGene00165350.,0,6,6
WBGene00165351.,0,1,1
WBGene00165352.,0,0,0
WBGene00165353.,0,0,0
WBGene00165354.,0,3,3
WBGene00165355.,0,0,0
WBGene00165356.,0,0,0
WBGene00165357.,0,0,0
WBGene00165358.,0,0,0
WBGene00165359.,0,0,0
WBGene00165360.,0,0,0
WBGene00165361.,0,0,0
WBGene00165362.,0,0,0
WBGene00165363.,0,0,0
WBGene00165364.,0,0,0
WBGene00165365.,0,0,0
WBGene00165366.,0,0,0
WBGene00165367.,0,0,0
WBGene00165368.,0,0,0
WBGene00165369.,0,0,0
WBGene00165370.,0,0,0
WBGene00165371.,0,0,0
WBGene00165372.,0,0,0
WBGene00165373.,0,414,414
WBGene00165374.,0,2,2
WBGene00165375.,0,0,0
WBGene00165376.,0,0,0
WBGene00165377.,0,0,0
WBGene00165378.,0,0,0
WBGene00165379.,0,10,10
WBGene00165380.,0,0,0
WBGene00165381.,0,0,0
WBGene00165382.,0,1,1
WBGene00165383.,0,0,0
WBGene00165384.,0,1,1
WBGene00165385.,0,0,0
WBGene00165386.,0,0,0
WBGene00165387.,0,0,0
WBGene00165388.,0,4,4
WBGene00165389.,0,0,0
WBGene00165390.,0,0,0
WBGene00165391.,0,0,0
WBGene00165392.,0,0,0
WBGene00165393.,0,0,0
WBGene00165394.,0,0,0
WBGene00165395.,0,0,0
WBGene00165396.,0,0,0
WBGene00165397.,0,0,0
WBGene00165398.,0,0,0
WBGene00165399.,0,1,1
WBGene00165400.,0,1,1
WBGene00165401.,0,0,0
WBGene00165402.,0,0,0
WBGene00165403.,0,0,0
WBGene00165404.,0,0,0
WBGene00165405.,0,0,0
WBGene00165406.,0,3,3
WBGene00165407.,0,0,0
WBGene00165408.,0,0,0
WBGene00165409.,0,0,0
WBGene00165410.,0,0,0
WBGene00165411.,0,0,0
WBGene00165412.,0,0,0
WBGene00165413.,0,2,2
WBGene00165414.,0,0,0
WBGene00165415.,0,0,0
WBGene00165416.,0,0,0
WBGene00165417.,0,0,0
WBGene00165418.,0,0,0
WBGene00165419.,0,0,0
WBGene00165420.,0,0,0
WBGene00165421.,0,2,2
WBGene00165422.,0,0,0
WBGene00165423.,0,0,0
WBGene00165424.,0,0,0
WBGene00165425.,0,0,0
WBGene00165426.,0,2,2
WBGene00165427.,0,0,0
WBGene00165428.,0,0,0
WBGene00165429.,0,0,0
WBGene00165430.,0,0,0
WBGene00165431.,0,0,0
WBGene00165432.,0,0,0
WBGene00165433.,0,0,0
WBGene00165434.,0,0,0
WBGene00165435.,0,0,0
WBGene00165436.,0,0,0
WBGene00165438.,0,2,2
WBGene00165439.,0,0,0
WBGene00165440.,0,1,1
WBGene00165441.,0,0,0
WBGene00165442.,0,0,0
WBGene00165443.,0,0,0
WBGene00165444.,0,0,0
WBGene00165445.,0,0,0
WBGene00165446.,0,0,0
WBGene00165447.,0,1,1
WBGene00165448.,0,0,0
WBGene00165449.,0,2,2
WBGene00165450.,0,0,0
WBGene00165451.,0,0,0
WBGene00165452.,0,0,0
WBGene00165453.,0,4,4
WBGene00165454.,0,0,0
WBGene00165455.,0,0,0
WBGene00165456.,0,0,0
WBGene00165457.,0,0,0
WBGene00165458.,0,0,0
WBGene00165459.,0,0,0
WBGene00165460.,0,0,0
WBGene00165461.,0,0,0
WBGene00165462.,0,0,0
WBGene00165463.,0,0,0
WBGene00165464.,0,4,4
WBGene00165465.,0,0,0
WBGene00165466.,0,0,0
WBGene00165467.,0,0,0
WBGene00165468.,0,0,0
WBGene00165469.,0,0,0
WBGene00165470.,0,0,0
WBGene00165471.,0,1,1
WBGene00165472.,0,0,0
WBGene00165473.,0,0,0
WBGene00165474.,0,0,0
WBGene00165475.,0,0,0
WBGene00165476.,0,0,0
WBGene00165477.,0,1,1
WBGene00165478.,0,0,0
WBGene00165479.,0,0,0
WBGene00165480.,0,0,0
WBGene00165481.,0,0,0
WBGene00165482.,0,0,0
WBGene00165483.,0,0,0
WBGene00165484.,0,0,0
WBGene00165485.,0,0,0
WBGene00165486.,0,6,6
WBGene00165487.,0,0,0
WBGene00165488.,0,1,1
WBGene00165489.,0,0,0
WBGene00165490.,0,3,3
WBGene00165491.,0,0,0
WBGene00165492.,0,0,0
WBGene00165493.,0,0,0
WBGene00165494.,0,0,0
WBGene00165495.,0,0,0
WBGene00165496.,0,0,0
WBGene00165497.,0,0,0
WBGene00165498.,0,1,1
WBGene00165499.,0,2,2
WBGene00165500.,0,2,2
WBGene00165501.,0,0,0
WBGene00165502.,0,0,0
WBGene00165503.,0,0,0
WBGene00165504.,0,0,0
WBGene00165505.,0,0,0
WBGene00165506.,0,2,2
WBGene00165507.,0,0,0
WBGene00165508.,0,0,0
WBGene00165509.,0,0,0
WBGene00165510.,0,0,0
WBGene00165511.,0,0,0
WBGene00165512.,0,0,0
WBGene00165513.,0,26,26
WBGene00165514.,0,0,0
WBGene00165515.,0,1,1
WBGene00165516.,0,0,0
WBGene00165517.,0,0,0
WBGene00165518.,0,0,0
WBGene00165519.,0,5,5
WBGene00165520.,0,0,0
WBGene00165521.,0,0,0
WBGene00165522.,0,0,0
WBGene00165523.,0,0,0
WBGene00165524.,0,0,0
WBGene00165525.,0,3,3
WBGene00165526.,0,0,0
WBGene00165527.,0,0,0
WBGene00165528.,0,0,0
WBGene00165529.,0,0,0
WBGene00165530.,0,0,0
WBGene00165531.,0,0,0
WBGene00165532.,0,0,0
WBGene00165533.,0,0,0
WBGene00165534.,0,0,0
WBGene00165535.,0,0,0
WBGene00165536.,0,0,0
WBGene00165537.,0,0,0
WBGene00165538.,0,1,1
WBGene00165539.,0,0,0
WBGene00165540.,0,0,0
WBGene00165541.,0,4,4
WBGene00165542.,0,1,1
WBGene00165543.,0,0,0
WBGene00165544.,0,3,3
WBGene00165545.,0,4,4
WBGene00165546.,0,0,0
WBGene00165547.,0,0,0
WBGene00165548.,0,0,0
WBGene00165549.,0,0,0
WBGene00165550.,0,0,0
WBGene00165551.,0,0,0
WBGene00165552.,0,0,0
WBGene00165553.,0,0,0
WBGene00165554.,0,0,0
WBGene00165555.,0,0,0
WBGene00165556.,0,0,0
WBGene00165557.,0,0,0
WBGene00165558.,0,180,180
WBGene00165559.,0,0,0
WBGene00165560.,0,0,0
WBGene00165561.,0,0,0
WBGene00165562.,0,0,0
WBGene00165563.,0,0,0
WBGene00165564.,0,0,0
WBGene00165565.,0,0,0
WBGene00165566.,0,5,5
WBGene00165567.,0,3,3
WBGene00165568.,0,1,1
WBGene00165569.,0,0,0
WBGene00165570.,0,7,7
WBGene00165571.,0,0,0
WBGene00165572.,0,0,0
WBGene00165573.,0,2,2
WBGene00165574.,0,0,0
WBGene00165575.,0,0,0
WBGene00165576.,0,0,0
WBGene00165577.,0,0,0
WBGene00165578.,0,0,0
WBGene00165579.,0,0,0
WBGene00165580.,0,0,0
WBGene00165581.,0,0,0
WBGene00165582.,0,2,2
WBGene00165583.,0,1,1
WBGene00165584.,0,0,0
WBGene00165585.,0,0,0
WBGene00165586.,0,0,0
WBGene00165587.,0,7,7
WBGene00165588.,0,0,0
WBGene00165589.,0,0,0
WBGene00165590.,0,0,0
WBGene00165591.,0,0,0
WBGene00165592.,0,0,0
WBGene00165593.,0,0,0
WBGene00165594.,0,1,1
WBGene00165595.,0,0,0
WBGene00165596.,0,0,0
WBGene00165597.,0,0,0
WBGene00165598.,0,0,0
WBGene00165599.,0,0,0
WBGene00165600.,0,0,0
WBGene00165601.,0,0,0
WBGene00165602.,0,0,0
WBGene00165603.,0,27,27
WBGene00165604.,0,0,0
WBGene00165605.,0,0,0
WBGene00165606.,0,0,0
WBGene00165607.,0,0,0
WBGene00165608.,0,0,0
WBGene00165609.,0,21,21
WBGene00165610.,0,0,0
WBGene00165611.,0,0,0
WBGene00165612.,0,0,0
WBGene00165613.,0,0,0
WBGene00165614.,0,0,0
WBGene00165615.,0,0,0
WBGene00165616.,0,0,0
WBGene00165617.,0,0,0
WBGene00165618.,0,0,0
WBGene00165619.,0,0,0
WBGene00165620.,0,0,0
WBGene00165621.,0,0,0
WBGene00165622.,0,0,0
WBGene00165623.,0,0,0
WBGene00165624.,0,0,0
WBGene00165625.,0,0,0
WBGene00165626.,0,0,0
WBGene00165627.,0,0,0
WBGene00165628.,0,0,0
WBGene00165629.,0,0,0
WBGene00165630.,0,0,0
WBGene00165631.,0,6,6
WBGene00165632.,0,0,0
WBGene00165633.,0,0,0
WBGene00165634.,0,0,0
WBGene00165635.,0,0,0
WBGene00165636.,0,4,4
WBGene00165637.,0,0,0
WBGene00165638.,0,0,0
WBGene00165639.,0,0,0
WBGene00165640.,0,0,0
WBGene00165641.,0,0,0
WBGene00165642.,0,0,0
WBGene00165643.,0,0,0
WBGene00165644.,0,1,1
WBGene00165645.,0,5,5
WBGene00165646.,0,1,1
WBGene00165647.,0,3,3
WBGene00165648.,0,0,0
WBGene00165649.,0,22,22
WBGene00165650.,0,0,0
WBGene00165651.,0,0,0
WBGene00165652.,0,0,0
WBGene00165653.,0,0,0
WBGene00165654.,0,0,0
WBGene00165655.,0,0,0
WBGene00165656.,0,0,0
WBGene00165657.,0,0,0
WBGene00165658.,0,0,0
WBGene00165659.,0,0,0
WBGene00165660.,0,0,0
WBGene00165661.,0,0,0
WBGene00165662.,0,0,0
WBGene00165663.,0,3,3
WBGene00165664.,0,0,0
WBGene00165665.,0,11,11
WBGene00165666.,0,0,0
WBGene00165667.,0,0,0
WBGene00165668.,0,0,0
WBGene00165669.,0,0,0
WBGene00165670.,0,0,0
WBGene00165671.,0,0,0
WBGene00165672.,0,0,0
WBGene00165673.,0,0,0
WBGene00165674.,0,0,0
WBGene00165675.,0,0,0
WBGene00165676.,0,0,0
WBGene00165677.,0,0,0
WBGene00165678.,0,0,0
WBGene00165679.,0,0,0
WBGene00165680.,0,0,0
WBGene00165681.,0,0,0
WBGene00165682.,0,0,0
WBGene00165683.,0,0,0
WBGene00165684.,0,0,0
WBGene00165685.,0,0,0
WBGene00165686.,0,0,0
WBGene00165687.,0,2,2
WBGene00165688.,0,0,0
WBGene00165689.,0,0,0
WBGene00165690.,0,9,9
WBGene00165691.,0,0,0
WBGene00165692.,0,0,0
WBGene00165693.,0,0,0
WBGene00165694.,0,0,0
WBGene00165695.,0,0,0
WBGene00165696.,0,0,0
WBGene00165697.,0,0,0
WBGene00165698.,0,0,0
WBGene00165699.,0,0,0
WBGene00165700.,0,1,1
WBGene00165701.,0,0,0
WBGene00165702.,0,0,0
WBGene00165703.,0,0,0
WBGene00165704.,0,1,1
WBGene00165705.,0,15,15
WBGene00165706.,0,0,0
WBGene00165707.,0,0,0
WBGene00165708.,0,0,0
WBGene00165709.,0,0,0
WBGene00165710.,0,0,0
WBGene00165711.,0,0,0
WBGene00165712.,0,0,0
WBGene00165713.,0,0,0
WBGene00165714.,0,0,0
WBGene00165715.,0,0,0
WBGene00165716.,0,0,0
WBGene00165717.,0,2,2
WBGene00165718.,0,3,3
WBGene00165719.,0,0,0
WBGene00165720.,0,7,7
WBGene00165721.,0,0,0
WBGene00165722.,0,10,10
WBGene00165723.,0,2,2
WBGene00165724.,0,0,0
WBGene00165725.,0,0,0
WBGene00165726.,0,0,0
WBGene00165727.,0,0,0
WBGene00165728.,0,0,0
WBGene00165729.,0,3,3
WBGene00165730.,0,0,0
WBGene00165731.,0,0,0
WBGene00165732.,0,1,1
WBGene00165733.,0,5,5
WBGene00165734.,0,46,46
WBGene00165735.,0,0,0
WBGene00165736.,0,0,0
WBGene00165737.,0,0,0
WBGene00165738.,0,0,0
WBGene00165739.,0,1,1
WBGene00165740.,0,0,0
WBGene00165741.,0,0,0
WBGene00165742.,0,0,0
WBGene00165743.,0,0,0
WBGene00165744.,0,0,0
WBGene00165745.,0,0,0
WBGene00165746.,0,0,0
WBGene00165747.,0,0,0
WBGene00165748.,0,0,0
WBGene00165749.,0,0,0
WBGene00165750.,0,0,0
WBGene00165751.,0,0,0
WBGene00165752.,0,0,0
WBGene00165753.,0,20,20
WBGene00165754.,0,0,0
WBGene00165755.,0,1,1
WBGene00165756.,0,0,0
WBGene00165757.,0,0,0
WBGene00165758.,0,0,0
WBGene00165759.,0,0,0
WBGene00165760.,0,0,0
WBGene00165761.,0,0,0
WBGene00165762.,0,0,0
WBGene00165763.,0,3,3
WBGene00165764.,0,0,0
WBGene00165765.,0,0,0
WBGene00165766.,0,0,0
WBGene00165767.,0,3,3
WBGene00165768.,0,0,0
WBGene00165769.,0,0,0
WBGene00165770.,0,0,0
WBGene00165771.,0,0,0
WBGene00165772.,0,0,0
WBGene00165773.,0,3,3
WBGene00165774.,0,0,0
WBGene00165775.,0,0,0
WBGene00165776.,0,4,4
WBGene00165777.,0,0,0
WBGene00165778.,0,0,0
WBGene00165779.,0,1,1
WBGene00165780.,0,0,0
WBGene00165781.,0,0,0
WBGene00165782.,0,0,0
WBGene00165783.,0,0,0
WBGene00165784.,0,0,0
WBGene00165785.,0,0,0
WBGene00165786.,0,0,0
WBGene00165787.,0,0,0
WBGene00165788.,0,0,0
WBGene00165789.,0,1,1
WBGene00165790.,0,0,0
WBGene00165791.,0,0,0
WBGene00165792.,0,0,0
WBGene00165793.,0,0,0
WBGene00165794.,0,0,0
WBGene00165795.,0,0,0
WBGene00165796.,0,1,1
WBGene00165797.,0,0,0
WBGene00165798.,0,0,0
WBGene00165799.,0,1,1
WBGene00165800.,0,0,0
WBGene00165801.,0,0,0
WBGene00165802.,0,0,0
WBGene00165803.,0,0,0
WBGene00165804.,0,0,0
WBGene00165805.,0,1,1
WBGene00165806.,0,0,0
WBGene00165807.,0,0,0
WBGene00165808.,0,0,0
WBGene00165809.,0,0,0
WBGene00165810.,0,5,5
WBGene00165811.,0,0,0
WBGene00165812.,0,0,0
WBGene00165813.,0,0,0
WBGene00165814.,0,0,0
WBGene00165815.,0,0,0
WBGene00165816.,0,0,0
WBGene00165817.,0,0,0
WBGene00165818.,0,0,0
WBGene00165819.,0,0,0
WBGene00165820.,0,1,1
WBGene00165821.,0,0,0
WBGene00165822.,0,0,0
WBGene00165823.,0,0,0
WBGene00165824.,0,0,0
WBGene00165825.,0,11,11
WBGene00165826.,0,75,75
WBGene00165827.,0,0,0
WBGene00165828.,0,0,0
WBGene00165829.,0,2,2
WBGene00165830.,0,0,0
WBGene00165831.,0,0,0
WBGene00165832.,0,1,1
WBGene00165833.,0,0,0
WBGene00165834.,0,0,0
WBGene00165835.,0,15,15
WBGene00165836.,0,0,0
WBGene00165837.,0,0,0
WBGene00165838.,0,0,0
WBGene00165839.,0,4,4
WBGene00165840.,0,0,0
WBGene00165841.,0,0,0
WBGene00165842.,0,1,1
WBGene00165843.,0,0,0
WBGene00165844.,0,0,0
WBGene00165845.,0,0,0
WBGene00165846.,0,0,0
WBGene00165847.,0,0,0
WBGene00165848.,0,0,0
WBGene00165849.,0,0,0
WBGene00165850.,0,0,0
WBGene00165851.,0,0,0
WBGene00165852.,0,0,0
WBGene00165853.,0,0,0
WBGene00165854.,0,1,1
WBGene00165855.,0,0,0
WBGene00165856.,0,0,0
WBGene00165857.,0,0,0
WBGene00165858.,0,0,0
WBGene00165859.,0,2,2
WBGene00165860.,0,0,0
WBGene00165861.,0,0,0
WBGene00165862.,0,0,0
WBGene00165863.,0,0,0
WBGene00165864.,0,1,1
WBGene00165865.,0,0,0
WBGene00165866.,0,0,0
WBGene00165867.,0,0,0
WBGene00165868.,0,0,0
WBGene00165869.,0,2,2
WBGene00165870.,0,0,0
WBGene00165871.,0,0,0
WBGene00165872.,0,0,0
WBGene00165873.,0,0,0
WBGene00165874.,0,0,0
WBGene00165875.,0,0,0
WBGene00165876.,0,0,0
WBGene00165877.,0,0,0
WBGene00165878.,0,0,0
WBGene00165879.,0,4,4
WBGene00165880.,0,1,1
WBGene00165881.,0,4,4
WBGene00165882.,0,0,0
WBGene00165883.,0,0,0
WBGene00165884.,0,0,0
WBGene00165885.,0,0,0
WBGene00165886.,0,0,0
WBGene00165887.,0,0,0
WBGene00165888.,0,0,0
WBGene00165889.,0,2,2
WBGene00165890.,0,0,0
WBGene00165891.,0,0,0
WBGene00165892.,0,0,0
WBGene00165893.,0,7,7
WBGene00165894.,0,0,0
WBGene00165895.,0,0,0
WBGene00165896.,0,0,0
WBGene00165897.,0,0,0
WBGene00165898.,0,0,0
WBGene00165899.,0,2,2
WBGene00165900.,0,0,0
WBGene00165901.,0,0,0
WBGene00165902.,0,0,0
WBGene00165903.,0,0,0
WBGene00165904.,0,0,0
WBGene00165905.,0,0,0
WBGene00165906.,0,0,0
WBGene00165907.,0,0,0
WBGene00165908.,0,0,0
WBGene00165909.,0,0,0
WBGene00165910.,0,0,0
WBGene00165911.,0,0,0
WBGene00165912.,0,0,0
WBGene00165913.,0,3,3
WBGene00165914.,0,0,0
WBGene00165915.,0,0,0
WBGene00165916.,0,0,0
WBGene00165917.,0,0,0
WBGene00165918.,0,0,0
WBGene00165919.,0,0,0
WBGene00165920.,0,0,0
WBGene00165921.,0,0,0
WBGene00165922.,0,0,0
WBGene00165923.,0,0,0
WBGene00165924.,0,0,0
WBGene00165925.,0,0,0
WBGene00165926.,0,3,3
WBGene00165927.,0,0,0
WBGene00165928.,0,0,0
WBGene00165929.,0,1,1
WBGene00165930.,0,0,0
WBGene00165931.,0,0,0
WBGene00165932.,0,5,5
WBGene00165933.,0,0,0
WBGene00165934.,0,0,0
WBGene00165935.,0,0,0
WBGene00165936.,0,3,3
WBGene00165937.,0,0,0
WBGene00165938.,0,0,0
WBGene00165939.,0,1,1
WBGene00165940.,0,0,0
WBGene00165941.,0,0,0
WBGene00165942.,0,0,0
WBGene00165943.,0,0,0
WBGene00165944.,0,0,0
WBGene00165945.,0,0,0
WBGene00165946.,0,0,0
WBGene00165947.,0,5,5
WBGene00165948.,0,0,0
WBGene00165949.,0,14,14
WBGene00165950.,0,1,1
WBGene00165951.,0,0,0
WBGene00165952.,0,1,1
WBGene00165953.,0,0,0
WBGene00165954.,0,4,4
WBGene00165955.,0,0,0
WBGene00165956.,0,2,2
WBGene00165957.,0,0,0
WBGene00165958.,0,1,1
WBGene00165959.,0,0,0
WBGene00165960.,0,0,0
WBGene00165961.,0,1,1
WBGene00165962.,0,0,0
WBGene00165963.,0,0,0
WBGene00165964.,0,1,1
WBGene00165965.,0,2,2
WBGene00165966.,0,1,1
WBGene00165967.,0,0,0
WBGene00165968.,0,0,0
WBGene00165969.,0,0,0
WBGene00165970.,0,0,0
WBGene00165971.,0,0,0
WBGene00165972.,0,1,1
WBGene00165973.,0,0,0
WBGene00165974.,0,0,0
WBGene00165975.,0,0,0
WBGene00165976.,0,0,0
WBGene00165977.,0,0,0
WBGene00165978.,0,0,0
WBGene00165979.,0,1,1
WBGene00165980.,0,6,6
WBGene00165981.,0,0,0
WBGene00165982.,0,0,0
WBGene00165983.,0,0,0
WBGene00165984.,0,0,0
WBGene00165985.,0,0,0
WBGene00165986.,0,0,0
WBGene00165987.,0,5,5
WBGene00165988.,0,0,0
WBGene00165989.,0,0,0
WBGene00165990.,0,5,5
WBGene00165991.,0,0,0
WBGene00165992.,0,0,0
WBGene00165993.,0,12,12
WBGene00165994.,0,0,0
WBGene00165995.,0,0,0
WBGene00165996.,0,0,0
WBGene00165997.,0,0,0
WBGene00165998.,0,0,0
WBGene00165999.,0,0,0
WBGene00166000.,0,0,0
WBGene00166001.,0,0,0
WBGene00166002.,0,0,0
WBGene00166003.,0,2,2
WBGene00166004.,0,0,0
WBGene00166005.,0,0,0
WBGene00166006.,0,0,0
WBGene00166007.,0,0,0
WBGene00166008.,0,5,5
WBGene00166009.,0,5,5
WBGene00166010.,0,0,0
WBGene00166011.,0,0,0
WBGene00166012.,0,0,0
WBGene00166013.,0,0,0
WBGene00166014.,0,0,0
WBGene00166015.,0,0,0
WBGene00166016.,0,0,0
WBGene00166017.,0,0,0
WBGene00166018.,0,0,0
WBGene00166019.,0,0,0
WBGene00166020.,0,0,0
WBGene00166021.,0,0,0
WBGene00166022.,0,0,0
WBGene00166023.,0,0,0
WBGene00166024.,0,0,0
WBGene00166025.,0,0,0
WBGene00166026.,0,0,0
WBGene00166027.,0,0,0
WBGene00166028.,0,0,0
WBGene00166029.,0,0,0
WBGene00166030.,0,0,0
WBGene00166031.,0,0,0
WBGene00166032.,0,0,0
WBGene00166033.,0,0,0
WBGene00166034.,0,0,0
WBGene00166035.,0,0,0
WBGene00166036.,0,0,0
WBGene00166037.,0,0,0
WBGene00166038.,0,0,0
WBGene00166039.,0,0,0
WBGene00166040.,0,0,0
WBGene00166041.,0,34,34
WBGene00166042.,0,0,0
WBGene00166043.,0,0,0
WBGene00166044.,0,0,0
WBGene00166045.,0,0,0
WBGene00166046.,0,0,0
WBGene00166047.,0,4,4
WBGene00166048.,0,0,0
WBGene00166049.,0,0,0
WBGene00166050.,0,3,3
WBGene00166051.,0,1,1
WBGene00166052.,0,0,0
WBGene00166053.,0,0,0
WBGene00166054.,0,0,0
WBGene00166055.,0,0,0
WBGene00166057.,0,0,0
WBGene00166058.,0,0,0
WBGene00166059.,0,0,0
WBGene00166060.,0,0,0
WBGene00166062.,0,0,0
WBGene00166063.,0,0,0
WBGene00166064.,0,0,0
WBGene00166065.,0,3,3
WBGene00166066.,0,0,0
WBGene00166067.,0,0,0
WBGene00166068.,0,0,0
WBGene00166069.,0,0,0
WBGene00166070.,0,0,0
WBGene00166071.,0,0,0
WBGene00166072.,0,0,0
WBGene00166073.,0,0,0
WBGene00166074.,0,0,0
WBGene00166075.,0,0,0
WBGene00166076.,0,0,0
WBGene00166077.,0,0,0
WBGene00166078.,0,0,0
WBGene00166079.,0,0,0
WBGene00166080.,0,0,0
WBGene00166081.,0,0,0
WBGene00166082.,0,2,2
WBGene00166083.,0,0,0
WBGene00166084.,0,2,2
WBGene00166085.,0,1,1
WBGene00166086.,0,0,0
WBGene00166087.,0,0,0
WBGene00166088.,0,0,0
WBGene00166089.,0,1,1
WBGene00166090.,0,0,0
WBGene00166091.,0,0,0
WBGene00166092.,0,0,0
WBGene00166093.,0,6,6
WBGene00166094.,0,0,0
WBGene00166095.,0,0,0
WBGene00166096.,0,0,0
WBGene00166097.,0,14,14
WBGene00166098.,0,0,0
WBGene00166099.,0,0,0
WBGene00166100.,0,5,5
WBGene00166101.,0,0,0
WBGene00166102.,0,0,0
WBGene00166103.,0,0,0
WBGene00166104.,0,0,0
WBGene00166105.,0,3,3
WBGene00166106.,0,0,0
WBGene00166107.,0,0,0
WBGene00166108.,0,2,2
WBGene00166109.,0,0,0
WBGene00166110.,0,0,0
WBGene00166111.,0,0,0
WBGene00166112.,0,0,0
WBGene00166113.,0,0,0
WBGene00166114.,0,0,0
WBGene00166115.,0,0,0
WBGene00166116.,0,0,0
WBGene00166117.,0,0,0
WBGene00166118.,0,0,0
WBGene00166119.,0,0,0
WBGene00166120.,0,2,2
WBGene00166121.,0,1,1
WBGene00166122.,0,0,0
WBGene00166123.,0,0,0
WBGene00166124.,0,0,0
WBGene00166125.,0,0,0
WBGene00166126.,0,0,0
WBGene00166127.,0,0,0
WBGene00166128.,0,0,0
WBGene00166129.,0,1,1
WBGene00166130.,0,0,0
WBGene00166131.,0,0,0
WBGene00166132.,0,0,0
WBGene00166133.,0,0,0
WBGene00166134.,0,0,0
WBGene00166135.,0,0,0
WBGene00166136.,0,0,0
WBGene00166137.,0,0,0
WBGene00166138.,0,0,0
WBGene00166139.,0,0,0
WBGene00166140.,0,0,0
WBGene00166141.,0,2,2
WBGene00166142.,0,0,0
WBGene00166143.,0,1,1
WBGene00166144.,0,0,0
WBGene00166145.,0,0,0
WBGene00166146.,0,0,0
WBGene00166147.,0,0,0
WBGene00166148.,0,0,0
WBGene00166149.,0,0,0
WBGene00166150.,0,0,0
WBGene00166151.,0,0,0
WBGene00166152.,0,0,0
WBGene00166153.,0,0,0
WBGene00166154.,0,0,0
WBGene00166155.,0,0,0
WBGene00166156.,0,2,2
WBGene00166157.,0,0,0
WBGene00166158.,0,0,0
WBGene00166159.,0,0,0
WBGene00166160.,0,2,2
WBGene00166161.,0,0,0
WBGene00166162.,0,0,0
WBGene00166163.,0,0,0
WBGene00166164.,0,2,2
WBGene00166165.,0,0,0
WBGene00166166.,0,0,0
WBGene00166167.,0,0,0
WBGene00166168.,0,0,0
WBGene00166169.,0,0,0
WBGene00166170.,0,0,0
WBGene00166171.,0,0,0
WBGene00166172.,0,0,0
WBGene00166173.,0,0,0
WBGene00166174.,0,1,1
WBGene00166175.,0,0,0
WBGene00166176.,0,2,2
WBGene00166177.,0,0,0
WBGene00166178.,0,0,0
WBGene00166179.,0,0,0
WBGene00166180.,0,0,0
WBGene00166181.,0,0,0
WBGene00166182.,0,0,0
WBGene00166183.,0,2,2
WBGene00166184.,0,0,0
WBGene00166185.,0,0,0
WBGene00166186.,0,2,2
WBGene00166187.,0,0,0
WBGene00166188.,0,0,0
WBGene00166189.,0,0,0
WBGene00166190.,0,0,0
WBGene00166191.,0,0,0
WBGene00166192.,0,9,9
WBGene00166193.,0,3,3
WBGene00166194.,0,0,0
WBGene00166195.,0,0,0
WBGene00166196.,0,0,0
WBGene00166197.,0,0,0
WBGene00166198.,0,0,0
WBGene00166199.,0,0,0
WBGene00166200.,0,0,0
WBGene00166201.,0,2,2
WBGene00166202.,0,0,0
WBGene00166203.,0,0,0
WBGene00166204.,0,0,0
WBGene00166205.,0,1,1
WBGene00166206.,0,2,2
WBGene00166207.,0,0,0
WBGene00166208.,0,0,0
WBGene00166209.,0,0,0
WBGene00166210.,0,0,0
WBGene00166211.,0,0,0
WBGene00166212.,0,0,0
WBGene00166213.,0,0,0
WBGene00166214.,0,0,0
WBGene00166215.,0,0,0
WBGene00166216.,0,0,0
WBGene00166217.,0,0,0
WBGene00166218.,0,1,1
WBGene00166219.,0,0,0
WBGene00166220.,0,1,1
WBGene00166221.,0,1,1
WBGene00166222.,0,0,0
WBGene00166223.,0,0,0
WBGene00166224.,0,1,1
WBGene00166225.,0,0,0
WBGene00166226.,0,0,0
WBGene00166227.,0,0,0
WBGene00166228.,0,0,0
WBGene00166229.,0,1,1
WBGene00166230.,0,0,0
WBGene00166231.,0,0,0
WBGene00166232.,0,0,0
WBGene00166233.,0,0,0
WBGene00166234.,0,0,0
WBGene00166235.,0,0,0
WBGene00166236.,0,0,0
WBGene00166237.,0,3,3
WBGene00166238.,0,0,0
WBGene00166239.,0,0,0
WBGene00166240.,0,0,0
WBGene00166241.,0,0,0
WBGene00166242.,0,1,1
WBGene00166243.,0,0,0
WBGene00166244.,0,0,0
WBGene00166245.,0,1,1
WBGene00166246.,0,0,0
WBGene00166247.,0,0,0
WBGene00166248.,0,1,1
WBGene00166249.,0,0,0
WBGene00166250.,0,0,0
WBGene00166251.,0,0,0
WBGene00166252.,0,0,0
WBGene00166253.,0,0,0
WBGene00166254.,0,0,0
WBGene00166255.,0,0,0
WBGene00166256.,0,0,0
WBGene00166257.,0,0,0
WBGene00166258.,0,0,0
WBGene00166259.,0,1,1
WBGene00166260.,0,0,0
WBGene00166261.,0,0,0
WBGene00166262.,0,1,1
WBGene00166263.,0,1,1
WBGene00166264.,0,2,2
WBGene00166265.,0,0,0
WBGene00166266.,0,0,0
WBGene00166267.,0,0,0
WBGene00166268.,0,0,0
WBGene00166269.,0,0,0
WBGene00166270.,0,0,0
WBGene00166271.,0,0,0
WBGene00166272.,0,0,0
WBGene00166273.,0,0,0
WBGene00166274.,0,0,0
WBGene00166275.,0,0,0
WBGene00166276.,0,0,0
WBGene00166277.,0,0,0
WBGene00166278.,0,0,0
WBGene00166279.,0,0,0
WBGene00166280.,0,0,0
WBGene00166281.,0,4,4
WBGene00166282.,0,0,0
WBGene00166283.,0,0,0
WBGene00166284.,0,0,0
WBGene00166285.,0,1,1
WBGene00166286.,0,0,0
WBGene00166287.,0,0,0
WBGene00166288.,0,0,0
WBGene00166289.,0,2,2
WBGene00166290.,0,0,0
WBGene00166291.,0,0,0
WBGene00166292.,0,0,0
WBGene00166293.,0,0,0
WBGene00166294.,0,0,0
WBGene00166295.,0,0,0
WBGene00166296.,0,5,5
WBGene00166297.,0,0,0
WBGene00166298.,0,2,2
WBGene00166299.,0,0,0
WBGene00166300.,0,8,8
WBGene00166301.,0,0,0
WBGene00166302.,0,0,0
WBGene00166303.,0,0,0
WBGene00166304.,0,0,0
WBGene00166305.,0,6,6
WBGene00166306.,0,0,0
WBGene00166307.,0,0,0
WBGene00166308.,0,0,0
WBGene00166309.,0,0,0
WBGene00166310.,0,0,0
WBGene00166311.,0,0,0
WBGene00166312.,0,0,0
WBGene00166313.,0,0,0
WBGene00166314.,0,0,0
WBGene00166315.,0,0,0
WBGene00166316.,0,0,0
WBGene00166317.,0,0,0
WBGene00166318.,0,0,0
WBGene00166319.,0,0,0
WBGene00166320.,0,0,0
WBGene00166321.,0,0,0
WBGene00166322.,0,0,0
WBGene00166323.,0,0,0
WBGene00166324.,0,0,0
WBGene00166325.,0,0,0
WBGene00166326.,0,0,0
WBGene00166327.,0,0,0
WBGene00166328.,0,0,0
WBGene00166329.,0,0,0
WBGene00166330.,0,0,0
WBGene00166331.,0,0,0
WBGene00166332.,0,0,0
WBGene00166333.,0,0,0
WBGene00166334.,0,0,0
WBGene00166335.,0,0,0
WBGene00166336.,0,2,2
WBGene00166337.,0,0,0
WBGene00166338.,0,0,0
WBGene00166339.,0,0,0
WBGene00166340.,0,0,0
WBGene00166341.,0,0,0
WBGene00166342.,0,0,0
WBGene00166343.,0,0,0
WBGene00166344.,0,0,0
WBGene00166345.,0,0,0
WBGene00166346.,0,0,0
WBGene00166347.,0,0,0
WBGene00166348.,0,0,0
WBGene00166349.,0,0,0
WBGene00166350.,0,0,0
WBGene00166351.,0,0,0
WBGene00166352.,0,0,0
WBGene00166353.,0,0,0
WBGene00166354.,0,1,1
WBGene00166355.,0,0,0
WBGene00166356.,0,0,0
WBGene00166357.,0,0,0
WBGene00166358.,0,0,0
WBGene00166359.,0,0,0
WBGene00166360.,0,0,0
WBGene00166361.,0,0,0
WBGene00166362.,0,0,0
WBGene00166363.,0,0,0
WBGene00166364.,0,0,0
WBGene00166365.,0,0,0
WBGene00166366.,0,0,0
WBGene00166367.,0,0,0
WBGene00166368.,0,0,0
WBGene00166369.,0,0,0
WBGene00166370.,0,0,0
WBGene00166371.,0,1,1
WBGene00166372.,0,0,0
WBGene00166373.,0,0,0
WBGene00166374.,0,2,2
WBGene00166375.,0,0,0
WBGene00166376.,0,0,0
WBGene00166377.,0,21,21
WBGene00166378.,0,0,0
WBGene00166379.,0,0,0
WBGene00166380.,0,0,0
WBGene00166381.,0,0,0
WBGene00166382.,0,0,0
WBGene00166383.,0,0,0
WBGene00166384.,0,0,0
WBGene00166385.,0,0,0
WBGene00166386.,0,0,0
WBGene00166387.,0,0,0
WBGene00166388.,0,0,0
WBGene00166389.,0,2,2
WBGene00166390.,0,0,0
WBGene00166391.,0,0,0
WBGene00166392.,0,0,0
WBGene00166393.,0,0,0
WBGene00166394.,0,0,0
WBGene00166395.,0,0,0
WBGene00166396.,0,0,0
WBGene00166397.,0,8,8
WBGene00166398.,0,0,0
WBGene00166399.,0,0,0
WBGene00166400.,0,0,0
WBGene00166401.,0,1,1
WBGene00166402.,0,0,0
WBGene00166403.,0,0,0
WBGene00166404.,0,0,0
WBGene00166405.,0,2,2
WBGene00166406.,0,0,0
WBGene00166407.,0,0,0
WBGene00166408.,0,0,0
WBGene00166409.,0,0,0
WBGene00166410.,0,1,1
WBGene00166411.,0,0,0
WBGene00166412.,0,20,20
WBGene00166413.,0,0,0
WBGene00166414.,0,0,0
WBGene00166415.,0,0,0
WBGene00166416.,0,0,0
WBGene00166417.,0,0,0
WBGene00166418.,0,0,0
WBGene00166419.,0,0,0
WBGene00166420.,0,0,0
WBGene00166421.,0,0,0
WBGene00166422.,0,0,0
WBGene00166423.,0,0,0
WBGene00166424.,0,0,0
WBGene00166425.,0,0,0
WBGene00166426.,0,0,0
WBGene00166427.,0,0,0
WBGene00166428.,0,0,0
WBGene00166429.,0,2,2
WBGene00166430.,0,0,0
WBGene00166431.,0,0,0
WBGene00166432.,0,0,0
WBGene00166433.,0,1,1
WBGene00166434.,0,0,0
WBGene00166435.,0,0,0
WBGene00166436.,0,0,0
WBGene00166437.,0,1,1
WBGene00166438.,0,7,7
WBGene00166439.,0,0,0
WBGene00166440.,0,0,0
WBGene00166441.,0,0,0
WBGene00166442.,0,0,0
WBGene00166443.,0,2,2
WBGene00166444.,0,0,0
WBGene00166445.,0,0,0
WBGene00166446.,0,0,0
WBGene00166447.,0,1,1
WBGene00166448.,0,0,0
WBGene00166449.,0,19,19
WBGene00166450.,0,0,0
WBGene00166451.,0,0,0
WBGene00166452.,0,0,0
WBGene00166453.,0,0,0
WBGene00166454.,0,0,0
WBGene00166455.,0,0,0
WBGene00166456.,0,0,0
WBGene00166457.,0,0,0
WBGene00166458.,0,0,0
WBGene00166459.,0,0,0
WBGene00166460.,0,0,0
WBGene00166461.,0,0,0
WBGene00166462.,0,0,0
WBGene00166463.,0,0,0
WBGene00166464.,0,0,0
WBGene00166465.,0,19,19
WBGene00166466.,0,1,1
WBGene00166467.,0,0,0
WBGene00166468.,0,0,0
WBGene00166469.,0,0,0
WBGene00166470.,0,0,0
WBGene00166471.,0,0,0
WBGene00166472.,0,0,0
WBGene00166473.,0,0,0
WBGene00166474.,0,0,0
WBGene00166475.,0,0,0
WBGene00166476.,0,0,0
WBGene00166477.,0,0,0
WBGene00166478.,0,0,0
WBGene00166479.,0,0,0
WBGene00166480.,0,2,2
WBGene00166481.,0,0,0
WBGene00166482.,0,0,0
WBGene00166483.,0,0,0
WBGene00166484.,0,1,1
WBGene00166485.,0,0,0
WBGene00166486.,0,0,0
WBGene00166487.,0,0,0
WBGene00166488.,0,1,1
WBGene00166489.,0,1,1
WBGene00166490.,0,0,0
WBGene00166491.,0,0,0
WBGene00166492.,0,0,0
WBGene00166493.,0,0,0
WBGene00166494.,0,0,0
WBGene00166495.,0,0,0
WBGene00166496.,0,2,2
WBGene00166497.,0,0,0
WBGene00166498.,0,0,0
WBGene00166499.,0,2,2
WBGene00166500.,0,0,0
WBGene00166501.,0,0,0
WBGene00166502.,0,0,0
WBGene00166503.,0,0,0
WBGene00166504.,0,0,0
WBGene00166505.,0,0,0
WBGene00166506.,0,0,0
WBGene00166507.,0,1,1
WBGene00166508.,0,0,0
WBGene00166509.,0,0,0
WBGene00166510.,0,0,0
WBGene00166511.,0,0,0
WBGene00166512.,0,0,0
WBGene00166513.,0,2,2
WBGene00166514.,0,0,0
WBGene00166515.,0,0,0
WBGene00166516.,0,1,1
WBGene00166517.,0,0,0
WBGene00166518.,0,0,0
WBGene00166519.,0,0,0
WBGene00166520.,0,0,0
WBGene00166521.,0,0,0
WBGene00166522.,0,0,0
WBGene00166523.,0,0,0
WBGene00166524.,0,0,0
WBGene00166525.,0,0,0
WBGene00166526.,0,0,0
WBGene00166527.,0,0,0
WBGene00166528.,0,0,0
WBGene00166529.,0,0,0
WBGene00166530.,0,1,1
WBGene00166531.,0,0,0
WBGene00166532.,0,0,0
WBGene00166533.,0,0,0
WBGene00166534.,0,0,0
WBGene00166535.,0,0,0
WBGene00166536.,0,0,0
WBGene00166537.,0,0,0
WBGene00166538.,0,0,0
WBGene00166539.,0,6,6
WBGene00166540.,0,0,0
WBGene00166541.,0,0,0
WBGene00166542.,0,0,0
WBGene00166543.,0,4,4
WBGene00166544.,0,0,0
WBGene00166545.,0,0,0
WBGene00166546.,0,0,0
WBGene00166547.,0,1,1
WBGene00166548.,0,1,1
WBGene00166549.,0,0,0
WBGene00166550.,0,0,0
WBGene00166551.,0,0,0
WBGene00166552.,0,0,0
WBGene00166553.,0,0,0
WBGene00166554.,0,0,0
WBGene00166555.,0,0,0
WBGene00166556.,0,0,0
WBGene00166557.,0,0,0
WBGene00166558.,0,0,0
WBGene00166559.,0,0,0
WBGene00166560.,0,0,0
WBGene00166561.,0,0,0
WBGene00166562.,0,2,2
WBGene00166563.,0,0,0
WBGene00166564.,0,5,5
WBGene00166565.,0,0,0
WBGene00166566.,0,0,0
WBGene00166567.,0,0,0
WBGene00166568.,0,0,0
WBGene00166569.,0,0,0
WBGene00166570.,0,0,0
WBGene00166571.,0,0,0
WBGene00166572.,0,0,0
WBGene00166573.,0,0,0
WBGene00166574.,0,0,0
WBGene00166575.,0,0,0
WBGene00166576.,0,0,0
WBGene00166577.,0,0,0
WBGene00166578.,0,0,0
WBGene00166579.,0,1,1
WBGene00166580.,0,0,0
WBGene00166581.,0,1,1
WBGene00166582.,0,0,0
WBGene00166583.,0,0,0
WBGene00166584.,0,0,0
WBGene00166585.,0,0,0
WBGene00166586.,0,0,0
WBGene00166587.,0,0,0
WBGene00166588.,0,0,0
WBGene00166589.,0,0,0
WBGene00166590.,0,0,0
WBGene00166591.,0,3,3
WBGene00166592.,0,0,0
WBGene00166593.,0,0,0
WBGene00166594.,0,0,0
WBGene00166595.,0,0,0
WBGene00166596.,0,0,0
WBGene00166597.,0,0,0
WBGene00166598.,0,0,0
WBGene00166599.,0,0,0
WBGene00166600.,0,0,0
WBGene00166601.,0,0,0
WBGene00166602.,0,0,0
WBGene00166603.,0,0,0
WBGene00166604.,0,0,0
WBGene00166605.,0,0,0
WBGene00166606.,0,0,0
WBGene00166607.,0,0,0
WBGene00166608.,0,0,0
WBGene00166609.,0,3,3
WBGene00166610.,0,0,0
WBGene00166611.,0,0,0
WBGene00166612.,0,0,0
WBGene00166613.,0,0,0
WBGene00166614.,0,0,0
WBGene00166615.,0,0,0
WBGene00166616.,0,0,0
WBGene00166617.,0,0,0
WBGene00166618.,0,0,0
WBGene00166619.,0,0,0
WBGene00166620.,0,0,0
WBGene00166621.,0,0,0
WBGene00166622.,0,0,0
WBGene00166623.,0,1,1
WBGene00166624.,0,0,0
WBGene00166625.,0,0,0
WBGene00166626.,0,0,0
WBGene00166627.,0,0,0
WBGene00166628.,0,1,1
WBGene00166629.,0,0,0
WBGene00166630.,0,0,0
WBGene00166631.,0,0,0
WBGene00166632.,0,0,0
WBGene00166633.,0,0,0
WBGene00166634.,0,0,0
WBGene00166635.,0,0,0
WBGene00166636.,0,0,0
WBGene00166637.,0,0,0
WBGene00166638.,0,0,0
WBGene00166639.,0,0,0
WBGene00166640.,0,0,0
WBGene00166641.,0,0,0
WBGene00166642.,0,1,1
WBGene00166643.,0,0,0
WBGene00166644.,0,0,0
WBGene00166645.,0,0,0
WBGene00166646.,0,0,0
WBGene00166647.,0,0,0
WBGene00166648.,0,1,1
WBGene00166649.,0,0,0
WBGene00166650.,0,0,0
WBGene00166651.,0,0,0
WBGene00166652.,0,0,0
WBGene00166653.,0,0,0
WBGene00166654.,0,0,0
WBGene00166655.,0,0,0
WBGene00166656.,0,5,5
WBGene00166657.,0,1,1
WBGene00166658.,0,3,3
WBGene00166659.,0,0,0
WBGene00166660.,0,0,0
WBGene00166661.,0,0,0
WBGene00166662.,0,3,3
WBGene00166663.,0,0,0
WBGene00166664.,0,0,0
WBGene00166665.,0,0,0
WBGene00166666.,0,0,0
WBGene00166667.,0,0,0
WBGene00166668.,0,0,0
WBGene00166669.,0,0,0
WBGene00166670.,0,0,0
WBGene00166671.,0,0,0
WBGene00166672.,0,0,0
WBGene00166673.,0,0,0
WBGene00166674.,0,2,2
WBGene00166675.,0,0,0
WBGene00166676.,0,16,16
WBGene00166677.,0,0,0
WBGene00166678.,0,0,0
WBGene00166679.,0,0,0
WBGene00166680.,0,0,0
WBGene00166681.,0,0,0
WBGene00166682.,0,1,1
WBGene00166683.,0,0,0
WBGene00166684.,0,0,0
WBGene00166685.,0,0,0
WBGene00166686.,0,0,0
WBGene00166687.,0,0,0
WBGene00166688.,0,0,0
WBGene00166689.,0,0,0
WBGene00166690.,0,0,0
WBGene00166691.,0,0,0
WBGene00166692.,0,0,0
WBGene00166693.,0,54,54
WBGene00166694.,0,0,0
WBGene00166695.,0,0,0
WBGene00166696.,0,4,4
WBGene00166697.,0,0,0
WBGene00166698.,0,0,0
WBGene00166699.,0,0,0
WBGene00166700.,0,0,0
WBGene00166701.,0,0,0
WBGene00166702.,0,0,0
WBGene00166703.,0,0,0
WBGene00166704.,0,0,0
WBGene00166705.,0,0,0
WBGene00166706.,0,0,0
WBGene00166707.,0,0,0
WBGene00166708.,0,0,0
WBGene00166709.,0,0,0
WBGene00166710.,0,0,0
WBGene00166711.,0,0,0
WBGene00166712.,0,4,4
WBGene00166713.,0,0,0
WBGene00166714.,0,0,0
WBGene00166715.,0,0,0
WBGene00166716.,0,4,4
WBGene00166717.,0,0,0
WBGene00166718.,0,0,0
WBGene00166719.,0,0,0
WBGene00166720.,0,0,0
WBGene00166721.,0,1,1
WBGene00166722.,0,3,3
WBGene00166723.,0,0,0
WBGene00166724.,0,0,0
WBGene00166725.,0,0,0
WBGene00166726.,0,0,0
WBGene00166727.,0,0,0
WBGene00166728.,0,0,0
WBGene00166729.,0,0,0
WBGene00166730.,0,0,0
WBGene00166731.,0,0,0
WBGene00166732.,0,0,0
WBGene00166733.,0,0,0
WBGene00166734.,0,0,0
WBGene00166735.,0,4,4
WBGene00166736.,0,1,1
WBGene00166737.,0,0,0
WBGene00166738.,0,0,0
WBGene00166739.,0,0,0
WBGene00166740.,0,3,3
WBGene00166741.,0,0,0
WBGene00166742.,0,0,0
WBGene00166743.,0,0,0
WBGene00166744.,0,1,1
WBGene00166745.,0,0,0
WBGene00166746.,0,0,0
WBGene00166747.,0,2,2
WBGene00166748.,0,0,0
WBGene00166749.,0,0,0
WBGene00166750.,0,0,0
WBGene00166751.,0,0,0
WBGene00166752.,0,0,0
WBGene00166753.,0,0,0
WBGene00166754.,0,0,0
WBGene00166755.,0,0,0
WBGene00166756.,0,0,0
WBGene00166757.,0,0,0
WBGene00166758.,0,0,0
WBGene00166759.,0,0,0
WBGene00166760.,0,20,20
WBGene00166761.,0,0,0
WBGene00166762.,0,0,0
WBGene00166763.,0,0,0
WBGene00166764.,0,1,1
WBGene00166765.,0,0,0
WBGene00166766.,0,0,0
WBGene00166767.,0,0,0
WBGene00166768.,0,0,0
WBGene00166769.,0,0,0
WBGene00166770.,0,0,0
WBGene00166771.,0,2,2
WBGene00166772.,0,0,0
WBGene00166773.,0,0,0
WBGene00166774.,0,0,0
WBGene00166775.,0,40,40
WBGene00166776.,0,0,0
WBGene00166777.,0,0,0
WBGene00166778.,0,0,0
WBGene00166779.,0,0,0
WBGene00166780.,0,1,1
WBGene00166781.,0,0,0
WBGene00166782.,0,0,0
WBGene00166783.,0,0,0
WBGene00166784.,0,0,0
WBGene00166785.,0,1,1
WBGene00166786.,0,2,2
WBGene00166787.,0,0,0
WBGene00166788.,0,0,0
WBGene00166789.,0,0,0
WBGene00166790.,0,0,0
WBGene00166791.,0,0,0
WBGene00166792.,0,0,0
WBGene00166793.,0,0,0
WBGene00166794.,0,0,0
WBGene00166795.,0,0,0
WBGene00166796.,0,0,0
WBGene00166797.,0,0,0
WBGene00166798.,0,0,0
WBGene00166799.,0,0,0
WBGene00166800.,0,0,0
WBGene00166801.,0,0,0
WBGene00166802.,0,0,0
WBGene00166803.,0,0,0
WBGene00166804.,0,0,0
WBGene00166805.,0,0,0
WBGene00166806.,0,0,0
WBGene00166807.,0,0,0
WBGene00166808.,0,0,0
WBGene00166809.,0,0,0
WBGene00166810.,0,0,0
WBGene00166811.,0,62,62
WBGene00166812.,0,0,0
WBGene00166813.,0,0,0
WBGene00166814.,0,0,0
WBGene00166815.,0,0,0
WBGene00166816.,0,0,0
WBGene00166817.,0,2,2
WBGene00166819.,0,0,0
WBGene00166820.,0,0,0
WBGene00166821.,0,0,0
WBGene00166822.,0,0,0
WBGene00166823.,0,1,1
WBGene00166824.,0,0,0
WBGene00166825.,0,0,0
WBGene00166826.,0,0,0
WBGene00166827.,0,0,0
WBGene00166828.,0,0,0
WBGene00166829.,0,0,0
WBGene00166830.,0,0,0
WBGene00166831.,0,2,2
WBGene00166832.,0,1,1
WBGene00166833.,0,0,0
WBGene00166834.,0,0,0
WBGene00166835.,0,0,0
WBGene00166836.,0,2,2
WBGene00166837.,0,0,0
WBGene00166838.,0,0,0
WBGene00166839.,0,0,0
WBGene00166840.,0,0,0
WBGene00166841.,0,5,5
WBGene00166842.,0,0,0
WBGene00166843.,0,1,1
WBGene00166844.,0,0,0
WBGene00166845.,0,0,0
WBGene00166846.,0,0,0
WBGene00166847.,0,1,1
WBGene00166848.,0,0,0
WBGene00166849.,0,1,1
WBGene00166850.,0,0,0
WBGene00166851.,0,0,0
WBGene00166852.,0,0,0
WBGene00166853.,0,0,0
WBGene00166854.,0,1,1
WBGene00166855.,0,0,0
WBGene00166856.,0,1,1
WBGene00166857.,0,0,0
WBGene00166858.,0,0,0
WBGene00166859.,0,0,0
WBGene00166860.,0,0,0
WBGene00166861.,0,0,0
WBGene00166862.,0,0,0
WBGene00166863.,0,0,0
WBGene00166864.,0,0,0
WBGene00166865.,0,0,0
WBGene00166866.,0,0,0
WBGene00166867.,0,1,1
WBGene00166868.,0,0,0
WBGene00166869.,0,0,0
WBGene00166870.,0,0,0
WBGene00166871.,0,0,0
WBGene00166872.,0,0,0
WBGene00166873.,0,0,0
WBGene00166874.,0,0,0
WBGene00166875.,0,0,0
WBGene00166876.,0,0,0
WBGene00166877.,0,0,0
WBGene00166878.,0,0,0
WBGene00166879.,0,0,0
WBGene00166880.,0,0,0
WBGene00166881.,0,0,0
WBGene00166882.,0,0,0
WBGene00166883.,0,0,0
WBGene00166884.,0,0,0
WBGene00166885.,0,48,48
WBGene00166886.,0,0,0
WBGene00166887.,0,0,0
WBGene00166888.,0,0,0
WBGene00166889.,0,0,0
WBGene00166890.,0,5,5
WBGene00166891.,0,0,0
WBGene00166892.,0,0,0
WBGene00166893.,0,0,0
WBGene00166894.,0,4,4
WBGene00166895.,0,0,0
WBGene00166896.,0,1,1
WBGene00166897.,0,0,0
WBGene00166898.,0,0,0
WBGene00166899.,0,0,0
WBGene00166900.,0,2,2
WBGene00166901.,0,0,0
WBGene00166902.,0,0,0
WBGene00166903.,0,0,0
WBGene00166904.,0,0,0
WBGene00166905.,0,0,0
WBGene00166906.,0,0,0
WBGene00166907.,0,0,0
WBGene00166908.,0,0,0
WBGene00166909.,0,0,0
WBGene00166910.,0,0,0
WBGene00166911.,0,2,2
WBGene00166912.,0,0,0
WBGene00166913.,0,0,0
WBGene00166914.,0,0,0
WBGene00166915.,0,0,0
WBGene00166916.,0,0,0
WBGene00166917.,0,0,0
WBGene00166918.,0,0,0
WBGene00166919.,0,0,0
WBGene00166920.,0,0,0
WBGene00166921.,0,5,5
WBGene00166922.,0,0,0
WBGene00166923.,0,0,0
WBGene00166924.,0,0,0
WBGene00166925.,0,0,0
WBGene00166926.,0,0,0
WBGene00166927.,0,0,0
WBGene00166928.,0,0,0
WBGene00166929.,0,6,6
WBGene00166930.,0,0,0
WBGene00166931.,0,0,0
WBGene00166932.,0,0,0
WBGene00166933.,0,14,14
WBGene00166934.,0,8,8
WBGene00166935.,0,0,0
WBGene00166936.,0,0,0
WBGene00166937.,0,0,0
WBGene00166938.,0,48,48
WBGene00166939.,0,0,0
WBGene00166940.,0,0,0
WBGene00166941.,0,0,0
WBGene00166942.,0,0,0
WBGene00166943.,0,0,0
WBGene00166944.,0,0,0
WBGene00166945.,0,4,4
WBGene00166946.,0,0,0
WBGene00166947.,0,0,0
WBGene00166948.,0,0,0
WBGene00166949.,0,0,0
WBGene00166950.,0,0,0
WBGene00166951.,0,0,0
WBGene00166952.,0,0,0
WBGene00166953.,0,0,0
WBGene00166954.,0,1,1
WBGene00166955.,0,0,0
WBGene00166956.,0,0,0
WBGene00166957.,0,0,0
WBGene00166958.,0,0,0
WBGene00166959.,0,0,0
WBGene00166960.,0,1,1
WBGene00166961.,0,0,0
WBGene00166962.,0,2,2
WBGene00166963.,0,0,0
WBGene00166964.,0,0,0
WBGene00166965.,0,0,0
WBGene00166966.,0,0,0
WBGene00166967.,0,0,0
WBGene00166968.,0,0,0
WBGene00166969.,0,0,0
WBGene00166970.,0,0,0
WBGene00166971.,0,0,0
WBGene00166972.,0,2,2
WBGene00166973.,0,3,3
WBGene00166974.,0,0,0
WBGene00166975.,0,2,2
WBGene00166976.,0,0,0
WBGene00166977.,0,0,0
WBGene00166978.,0,0,0
WBGene00166979.,0,0,0
WBGene00166980.,0,0,0
WBGene00166981.,0,8,8
WBGene00166982.,0,0,0
WBGene00166983.,0,0,0
WBGene00166984.,0,0,0
WBGene00166985.,0,0,0
WBGene00166986.,0,0,0
WBGene00166987.,0,0,0
WBGene00166988.,0,0,0
WBGene00166989.,0,0,0
WBGene00166990.,0,0,0
WBGene00166991.,0,0,0
WBGene00166992.,0,0,0
WBGene00166993.,0,0,0
WBGene00166994.,0,0,0
WBGene00166995.,0,0,0
WBGene00166996.,0,0,0
WBGene00166997.,0,0,0
WBGene00166998.,0,0,0
WBGene00166999.,0,0,0
WBGene00167000.,0,0,0
WBGene00167001.,0,0,0
WBGene00167002.,0,0,0
WBGene00167003.,0,0,0
WBGene00167004.,0,1,1
WBGene00167005.,0,0,0
WBGene00167006.,0,14,14
WBGene00167007.,0,0,0
WBGene00167008.,0,0,0
WBGene00167009.,0,0,0
WBGene00167010.,0,0,0
WBGene00167011.,0,3,3
WBGene00167012.,0,0,0
WBGene00167013.,0,0,0
WBGene00167014.,0,0,0
WBGene00167015.,0,2,2
WBGene00167016.,0,0,0
WBGene00167017.,0,0,0
WBGene00167018.,0,0,0
WBGene00167019.,0,0,0
WBGene00167020.,0,0,0
WBGene00167021.,0,0,0
WBGene00167022.,0,0,0
WBGene00167023.,0,0,0
WBGene00167024.,0,0,0
WBGene00167025.,0,15,15
WBGene00167026.,0,0,0
WBGene00167027.,0,0,0
WBGene00167028.,0,3,3
WBGene00167029.,0,0,0
WBGene00167030.,0,2,2
WBGene00167031.,0,0,0
WBGene00167032.,0,0,0
WBGene00167033.,0,0,0
WBGene00167034.,0,0,0
WBGene00167035.,0,0,0
WBGene00167036.,0,2,2
WBGene00167037.,0,0,0
WBGene00167038.,0,0,0
WBGene00167039.,0,0,0
WBGene00167040.,0,0,0
WBGene00167041.,0,0,0
WBGene00167042.,0,0,0
WBGene00167043.,0,0,0
WBGene00167044.,0,0,0
WBGene00167045.,0,0,0
WBGene00167046.,0,0,0
WBGene00167047.,0,0,0
WBGene00167048.,0,0,0
WBGene00167049.,0,0,0
WBGene00167050.,0,0,0
WBGene00167051.,0,0,0
WBGene00167052.,0,0,0
WBGene00167053.,0,0,0
WBGene00167054.,0,0,0
WBGene00167055.,0,1,1
WBGene00167056.,0,0,0
WBGene00167057.,0,0,0
WBGene00167058.,0,0,0
WBGene00167059.,0,0,0
WBGene00167060.,0,0,0
WBGene00167061.,0,1,1
WBGene00167062.,0,0,0
WBGene00167063.,0,0,0
WBGene00167064.,0,0,0
WBGene00167065.,0,0,0
WBGene00167066.,0,0,0
WBGene00167067.,0,0,0
WBGene00167068.,0,1,1
WBGene00167069.,0,0,0
WBGene00167070.,0,0,0
WBGene00167071.,0,0,0
WBGene00167072.,0,0,0
WBGene00167073.,0,0,0
WBGene00167074.,0,2,2
WBGene00167075.,0,0,0
WBGene00167076.,0,0,0
WBGene00167077.,0,0,0
WBGene00167078.,0,0,0
WBGene00167079.,0,0,0
WBGene00167080.,0,0,0
WBGene00167081.,0,0,0
WBGene00167082.,0,0,0
WBGene00167083.,0,0,0
WBGene00167084.,0,0,0
WBGene00167085.,0,0,0
WBGene00167086.,0,0,0
WBGene00167087.,0,0,0
WBGene00167088.,0,0,0
WBGene00167089.,0,0,0
WBGene00167090.,0,0,0
WBGene00167091.,0,0,0
WBGene00167092.,0,0,0
WBGene00167093.,0,0,0
WBGene00167094.,0,0,0
WBGene00167095.,0,0,0
WBGene00167096.,0,0,0
WBGene00167097.,0,0,0
WBGene00167098.,0,0,0
WBGene00167099.,0,0,0
WBGene00167100.,0,0,0
WBGene00167101.,0,0,0
WBGene00167102.,0,0,0
WBGene00167103.,0,4,4
WBGene00167104.,0,0,0
WBGene00167105.,0,0,0
WBGene00167106.,0,0,0
WBGene00167107.,0,0,0
WBGene00167108.,0,0,0
WBGene00167109.,0,0,0
WBGene00167110.,0,0,0
WBGene00167111.,0,0,0
WBGene00167112.,0,0,0
WBGene00167113.,0,0,0
WBGene00167114.,0,0,0
WBGene00167115.,0,0,0
WBGene00167116.,0,0,0
WBGene00167117.,0,0,0
WBGene00167118.,0,1,1
WBGene00167119.,0,0,0
WBGene00167120.,0,0,0
WBGene00167121.,0,0,0
WBGene00167122.,0,0,0
WBGene00167123.,0,0,0
WBGene00167124.,0,0,0
WBGene00167125.,0,0,0
WBGene00167126.,0,0,0
WBGene00167127.,0,0,0
WBGene00167128.,0,2,2
WBGene00167129.,0,0,0
WBGene00167130.,0,0,0
WBGene00167131.,0,1,1
WBGene00167132.,0,0,0
WBGene00167133.,0,1,1
WBGene00167134.,0,0,0
WBGene00167135.,0,0,0
WBGene00167136.,0,0,0
WBGene00167137.,0,0,0
WBGene00167138.,0,0,0
WBGene00167139.,0,0,0
WBGene00167140.,0,2,2
WBGene00167141.,0,0,0
WBGene00167142.,0,0,0
WBGene00167143.,0,1,1
WBGene00167144.,0,0,0
WBGene00167145.,0,0,0
WBGene00167146.,0,0,0
WBGene00167147.,0,0,0
WBGene00167148.,0,0,0
WBGene00167149.,0,0,0
WBGene00167150.,0,0,0
WBGene00167151.,0,0,0
WBGene00167152.,0,0,0
WBGene00167153.,0,2,2
WBGene00167154.,0,0,0
WBGene00167155.,0,0,0
WBGene00167156.,0,4,4
WBGene00167157.,0,2,2
WBGene00167158.,0,2,2
WBGene00167159.,0,0,0
WBGene00167160.,0,0,0
WBGene00167161.,0,0,0
WBGene00167162.,0,0,0
WBGene00167163.,0,0,0
WBGene00167164.,0,0,0
WBGene00167165.,0,0,0
WBGene00167166.,0,0,0
WBGene00167167.,0,0,0
WBGene00167168.,0,0,0
WBGene00167169.,0,0,0
WBGene00167170.,0,0,0
WBGene00167171.,0,1,1
WBGene00167172.,0,0,0
WBGene00167173.,0,0,0
WBGene00167174.,0,0,0
WBGene00167175.,0,0,0
WBGene00167176.,0,11,11
WBGene00167177.,0,0,0
WBGene00167178.,0,0,0
WBGene00167179.,0,0,0
WBGene00167180.,0,0,0
WBGene00167181.,0,0,0
WBGene00167182.,0,0,0
WBGene00167183.,0,0,0
WBGene00167184.,0,0,0
WBGene00167185.,0,0,0
WBGene00167186.,0,0,0
WBGene00167187.,0,0,0
WBGene00167188.,0,0,0
WBGene00167189.,0,0,0
WBGene00167190.,0,0,0
WBGene00167191.,0,0,0
WBGene00167192.,0,0,0
WBGene00167193.,0,0,0
WBGene00167194.,0,0,0
WBGene00167195.,0,0,0
WBGene00167196.,0,2,2
WBGene00167197.,0,0,0
WBGene00167198.,0,0,0
WBGene00167199.,0,1,1
WBGene00167200.,0,0,0
WBGene00167201.,0,0,0
WBGene00167202.,0,0,0
WBGene00167203.,0,0,0
WBGene00167204.,0,0,0
WBGene00167205.,0,0,0
WBGene00167206.,0,0,0
WBGene00167207.,0,6,6
WBGene00167208.,0,0,0
WBGene00167209.,0,0,0
WBGene00167210.,0,0,0
WBGene00167211.,0,0,0
WBGene00167212.,0,0,0
WBGene00167213.,0,0,0
WBGene00167214.,0,0,0
WBGene00167215.,0,0,0
WBGene00167216.,0,0,0
WBGene00167217.,0,0,0
WBGene00167218.,0,0,0
WBGene00167219.,0,0,0
WBGene00167220.,0,0,0
WBGene00167221.,0,0,0
WBGene00167222.,0,0,0
WBGene00167223.,0,0,0
WBGene00167224.,0,0,0
WBGene00167225.,0,7,7
WBGene00167226.,0,0,0
WBGene00167227.,0,0,0
WBGene00167228.,0,0,0
WBGene00167229.,0,0,0
WBGene00167230.,0,0,0
WBGene00167231.,0,0,0
WBGene00167232.,0,0,0
WBGene00167233.,0,0,0
WBGene00167234.,0,0,0
WBGene00167235.,0,0,0
WBGene00167236.,0,0,0
WBGene00167237.,0,9,9
WBGene00167238.,0,0,0
WBGene00167239.,0,0,0
WBGene00167240.,0,0,0
WBGene00167241.,0,0,0
WBGene00167242.,0,0,0
WBGene00167243.,0,0,0
WBGene00167244.,0,0,0
WBGene00167245.,0,3,3
WBGene00167246.,0,0,0
WBGene00167247.,0,0,0
WBGene00167248.,0,0,0
WBGene00167249.,0,0,0
WBGene00167250.,0,0,0
WBGene00167251.,0,0,0
WBGene00167252.,0,0,0
WBGene00167253.,0,0,0
WBGene00167254.,0,1,1
WBGene00167255.,0,0,0
WBGene00167256.,0,0,0
WBGene00167257.,0,0,0
WBGene00167258.,0,0,0
WBGene00167259.,0,0,0
WBGene00167260.,0,0,0
WBGene00167261.,0,3,3
WBGene00167262.,0,0,0
WBGene00167263.,0,0,0
WBGene00167264.,0,0,0
WBGene00167265.,0,0,0
WBGene00167266.,0,0,0
WBGene00167267.,0,0,0
WBGene00167268.,0,0,0
WBGene00167269.,0,1,1
WBGene00167270.,0,0,0
WBGene00167271.,0,0,0
WBGene00167272.,0,0,0
WBGene00167273.,0,0,0
WBGene00167274.,0,0,0
WBGene00167275.,0,0,0
WBGene00167276.,0,0,0
WBGene00167277.,0,0,0
WBGene00167278.,0,0,0
WBGene00167279.,0,17,17
WBGene00167280.,0,0,0
WBGene00167281.,0,0,0
WBGene00167282.,0,0,0
WBGene00167283.,0,0,0
WBGene00167284.,0,0,0
WBGene00167285.,0,0,0
WBGene00167286.,0,1,1
WBGene00167287.,0,0,0
WBGene00167288.,0,0,0
WBGene00167289.,0,0,0
WBGene00167290.,0,0,0
WBGene00167291.,0,0,0
WBGene00167292.,0,9,9
WBGene00167293.,0,3,3
WBGene00167294.,0,0,0
WBGene00167295.,0,0,0
WBGene00167296.,0,1,1
WBGene00167297.,0,0,0
WBGene00167298.,0,0,0
WBGene00167299.,0,2,2
WBGene00167300.,0,0,0
WBGene00167301.,0,4,4
WBGene00167302.,0,0,0
WBGene00167303.,0,2,2
WBGene00167304.,0,0,0
WBGene00167305.,0,0,0
WBGene00167306.,0,0,0
WBGene00167307.,0,0,0
WBGene00167308.,0,0,0
WBGene00167309.,0,1,1
WBGene00167310.,0,0,0
WBGene00167311.,0,2,2
WBGene00167312.,0,0,0
WBGene00167313.,0,0,0
WBGene00167314.,0,0,0
WBGene00167315.,0,0,0
WBGene00167316.,0,0,0
WBGene00167317.,0,0,0
WBGene00167318.,0,0,0
WBGene00167319.,0,0,0
WBGene00167320.,0,0,0
WBGene00167321.,0,0,0
WBGene00167322.,0,0,0
WBGene00167323.,0,10,10
WBGene00167324.,0,0,0
WBGene00167325.,0,3,3
WBGene00167326.,0,0,0
WBGene00167327.,0,0,0
WBGene00167328.,0,0,0
WBGene00167329.,0,0,0
WBGene00167330.,0,0,0
WBGene00167331.,0,0,0
WBGene00167332.,0,4,4
WBGene00167333.,0,0,0
WBGene00167334.,0,0,0
WBGene00167335.,0,0,0
WBGene00167336.,0,0,0
WBGene00167337.,0,1,1
WBGene00167338.,0,2,2
WBGene00167339.,0,0,0
WBGene00167340.,0,0,0
WBGene00167341.,0,0,0
WBGene00167342.,0,0,0
WBGene00167343.,0,0,0
WBGene00167344.,0,0,0
WBGene00167345.,0,3,3
WBGene00167346.,0,0,0
WBGene00167347.,0,0,0
WBGene00167348.,0,0,0
WBGene00167349.,0,0,0
WBGene00167350.,0,0,0
WBGene00167351.,0,0,0
WBGene00167352.,0,0,0
WBGene00167353.,0,9,9
WBGene00167354.,0,0,0
WBGene00167355.,0,0,0
WBGene00167356.,0,0,0
WBGene00167357.,0,0,0
WBGene00167358.,0,0,0
WBGene00167359.,0,0,0
WBGene00167360.,0,0,0
WBGene00167361.,0,0,0
WBGene00167362.,0,0,0
WBGene00167363.,0,7,7
WBGene00167364.,0,0,0
WBGene00167365.,0,1,1
WBGene00167366.,0,0,0
WBGene00167367.,0,0,0
WBGene00167368.,0,0,0
WBGene00167369.,0,0,0
WBGene00167370.,0,0,0
WBGene00167371.,0,0,0
WBGene00167372.,0,0,0
WBGene00167373.,0,0,0
WBGene00167374.,0,0,0
WBGene00167375.,0,0,0
WBGene00167376.,0,0,0
WBGene00167377.,0,265,265
WBGene00167378.,0,0,0
WBGene00167379.,0,0,0
WBGene00167380.,0,2,2
WBGene00167381.,0,0,0
WBGene00167382.,0,14,14
WBGene00167383.,0,0,0
WBGene00167384.,0,0,0
WBGene00167385.,0,0,0
WBGene00167386.,0,0,0
WBGene00167387.,0,0,0
WBGene00167388.,0,0,0
WBGene00167389.,0,0,0
WBGene00167390.,0,1,1
WBGene00167391.,0,0,0
WBGene00167392.,0,0,0
WBGene00167393.,0,0,0
WBGene00167394.,0,8,8
WBGene00167395.,0,0,0
WBGene00167396.,0,0,0
WBGene00167397.,0,3,3
WBGene00167398.,0,0,0
WBGene00167399.,0,0,0
WBGene00167400.,0,0,0
WBGene00167401.,0,0,0
WBGene00167402.,0,0,0
WBGene00167403.,0,0,0
WBGene00167404.,0,0,0
WBGene00167405.,0,0,0
WBGene00167406.,0,2,2
WBGene00167407.,0,0,0
WBGene00167408.,0,0,0
WBGene00167409.,0,0,0
WBGene00167410.,0,0,0
WBGene00167411.,0,0,0
WBGene00167412.,0,0,0
WBGene00167413.,0,0,0
WBGene00167414.,0,0,0
WBGene00167415.,0,0,0
WBGene00167416.,0,0,0
WBGene00167417.,0,0,0
WBGene00167418.,0,0,0
WBGene00167419.,0,2,2
WBGene00167420.,0,1,1
WBGene00167421.,0,0,0
WBGene00167422.,0,0,0
WBGene00167423.,0,0,0
WBGene00167424.,0,0,0
WBGene00167425.,0,0,0
WBGene00167426.,0,0,0
WBGene00167427.,0,2,2
WBGene00167428.,0,0,0
WBGene00167429.,0,0,0
WBGene00167430.,0,0,0
WBGene00167431.,0,0,0
WBGene00167432.,0,0,0
WBGene00167433.,0,0,0
WBGene00167434.,0,0,0
WBGene00167435.,0,0,0
WBGene00167436.,0,0,0
WBGene00167437.,0,0,0
WBGene00167438.,0,0,0
WBGene00167439.,0,2,2
WBGene00167440.,0,0,0
WBGene00167441.,0,0,0
WBGene00167442.,0,0,0
WBGene00167443.,0,0,0
WBGene00167444.,0,0,0
WBGene00167445.,0,0,0
WBGene00167446.,0,0,0
WBGene00167447.,0,0,0
WBGene00167448.,0,0,0
WBGene00167449.,0,0,0
WBGene00167450.,0,0,0
WBGene00167451.,0,0,0
WBGene00167452.,0,0,0
WBGene00167453.,0,0,0
WBGene00167454.,0,0,0
WBGene00167455.,0,1,1
WBGene00167456.,0,0,0
WBGene00167457.,0,1,1
WBGene00167458.,0,0,0
WBGene00167459.,0,0,0
WBGene00167460.,0,0,0
WBGene00167461.,0,0,0
WBGene00167462.,0,2,2
WBGene00167463.,0,5,5
WBGene00167464.,0,0,0
WBGene00167465.,0,0,0
WBGene00167466.,0,0,0
WBGene00167467.,0,0,0
WBGene00167468.,0,0,0
WBGene00167469.,0,0,0
WBGene00167470.,0,0,0
WBGene00167471.,0,0,0
WBGene00167472.,0,0,0
WBGene00167473.,0,13,13
WBGene00167474.,0,0,0
WBGene00167475.,0,0,0
WBGene00167476.,0,0,0
WBGene00167477.,0,3,3
WBGene00167478.,0,0,0
WBGene00167479.,0,0,0
WBGene00167480.,0,0,0
WBGene00167481.,0,0,0
WBGene00167482.,0,1,1
WBGene00167483.,0,0,0
WBGene00167484.,0,0,0
WBGene00167485.,0,0,0
WBGene00167487.,0,0,0
WBGene00167488.,0,0,0
WBGene00167489.,0,0,0
WBGene00167490.,0,0,0
WBGene00167491.,0,0,0
WBGene00167492.,0,2,2
WBGene00167493.,0,0,0
WBGene00167494.,0,0,0
WBGene00167495.,0,2,2
WBGene00167496.,0,0,0
WBGene00167497.,0,0,0
WBGene00167498.,0,0,0
WBGene00167499.,0,0,0
WBGene00167500.,0,0,0
WBGene00167501.,0,2,2
WBGene00167502.,0,1,1
WBGene00167503.,0,0,0
WBGene00167504.,0,0,0
WBGene00167505.,0,0,0
WBGene00167506.,0,0,0
WBGene00167507.,0,13,13
WBGene00167508.,0,0,0
WBGene00167509.,0,0,0
WBGene00167510.,0,1,1
WBGene00167511.,0,5,5
WBGene00167512.,0,0,0
WBGene00167513.,0,0,0
WBGene00167514.,0,0,0
WBGene00167515.,0,0,0
WBGene00167516.,0,0,0
WBGene00167517.,0,0,0
WBGene00167518.,0,0,0
WBGene00167519.,0,0,0
WBGene00167520.,0,0,0
WBGene00167521.,0,0,0
WBGene00167522.,0,0,0
WBGene00167523.,0,0,0
WBGene00167524.,0,2,2
WBGene00167525.,0,0,0
WBGene00167526.,0,0,0
WBGene00167527.,0,0,0
WBGene00167528.,0,1,1
WBGene00167529.,0,3,3
WBGene00167530.,0,0,0
WBGene00167531.,0,0,0
WBGene00167532.,0,0,0
WBGene00167533.,0,2,2
WBGene00167534.,0,0,0
WBGene00167535.,0,2,2
WBGene00167536.,0,4,4
WBGene00167537.,0,9,9
WBGene00167538.,0,0,0
WBGene00167539.,0,0,0
WBGene00167540.,0,0,0
WBGene00167541.,0,0,0
WBGene00167542.,0,0,0
WBGene00167543.,0,0,0
WBGene00167544.,0,8,8
WBGene00167545.,0,0,0
WBGene00167546.,0,0,0
WBGene00167547.,0,0,0
WBGene00167548.,0,0,0
WBGene00167549.,0,0,0
WBGene00167550.,0,0,0
WBGene00167551.,0,0,0
WBGene00167552.,0,0,0
WBGene00167553.,0,0,0
WBGene00167554.,0,0,0
WBGene00167555.,0,0,0
WBGene00167556.,0,0,0
WBGene00167557.,0,0,0
WBGene00167558.,0,0,0
WBGene00167559.,0,0,0
WBGene00167560.,0,1,1
WBGene00167561.,0,4,4
WBGene00167562.,0,0,0
WBGene00167563.,0,0,0
WBGene00167564.,0,0,0
WBGene00167565.,0,0,0
WBGene00167566.,0,0,0
WBGene00167567.,0,1,1
WBGene00167568.,0,0,0
WBGene00167569.,0,0,0
WBGene00167570.,0,0,0
WBGene00167571.,0,0,0
WBGene00167572.,0,0,0
WBGene00167573.,0,0,0
WBGene00167574.,0,0,0
WBGene00167575.,0,2,2
WBGene00167576.,0,0,0
WBGene00167577.,0,0,0
WBGene00167578.,0,2,2
WBGene00167579.,0,0,0
WBGene00167580.,0,2,2
WBGene00167581.,0,0,0
WBGene00167582.,0,0,0
WBGene00167583.,0,0,0
WBGene00167584.,0,0,0
WBGene00167585.,0,0,0
WBGene00167586.,0,0,0
WBGene00167587.,0,2,2
WBGene00167588.,0,0,0
WBGene00167589.,0,0,0
WBGene00167590.,0,0,0
WBGene00167591.,0,0,0
WBGene00167592.,0,0,0
WBGene00167593.,0,0,0
WBGene00167594.,0,0,0
WBGene00167595.,0,0,0
WBGene00167596.,0,0,0
WBGene00167597.,0,0,0
WBGene00167598.,0,0,0
WBGene00167599.,0,0,0
WBGene00167600.,0,0,0
WBGene00167601.,0,8,8
WBGene00167602.,0,0,0
WBGene00167603.,0,0,0
WBGene00167604.,0,0,0
WBGene00167605.,0,0,0
WBGene00167606.,0,0,0
WBGene00167607.,0,0,0
WBGene00167608.,0,0,0
WBGene00167609.,0,0,0
WBGene00167610.,0,5,5
WBGene00167611.,0,0,0
WBGene00167612.,0,0,0
WBGene00167613.,0,0,0
WBGene00167614.,0,0,0
WBGene00167615.,0,0,0
WBGene00167616.,0,0,0
WBGene00167617.,0,0,0
WBGene00167618.,0,1,1
WBGene00167619.,0,0,0
WBGene00167620.,0,0,0
WBGene00167621.,0,0,0
WBGene00167622.,0,0,0
WBGene00167623.,0,1,1
WBGene00167624.,0,0,0
WBGene00167625.,0,4,4
WBGene00167626.,0,1,1
WBGene00167627.,0,0,0
WBGene00167628.,0,0,0
WBGene00167629.,0,0,0
WBGene00167630.,0,0,0
WBGene00167631.,0,0,0
WBGene00167632.,0,0,0
WBGene00167633.,0,0,0
WBGene00167634.,0,0,0
WBGene00167635.,0,0,0
WBGene00167636.,0,0,0
WBGene00167637.,0,0,0
WBGene00167638.,0,0,0
WBGene00167639.,0,0,0
WBGene00167640.,0,0,0
WBGene00167641.,0,0,0
WBGene00167642.,0,0,0
WBGene00167643.,0,0,0
WBGene00167644.,0,0,0
WBGene00167645.,0,0,0
WBGene00167646.,0,0,0
WBGene00167647.,0,0,0
WBGene00167648.,0,0,0
WBGene00167649.,0,0,0
WBGene00167650.,0,0,0
WBGene00167651.,0,0,0
WBGene00167652.,0,1,1
WBGene00167653.,0,0,0
WBGene00167654.,0,0,0
WBGene00167655.,0,2,2
WBGene00167656.,0,0,0
WBGene00167657.,0,0,0
WBGene00167658.,0,0,0
WBGene00167659.,0,0,0
WBGene00167660.,0,0,0
WBGene00167661.,0,8,8
WBGene00167662.,0,2,2
WBGene00167663.,0,0,0
WBGene00167664.,0,13,13
WBGene00167665.,0,2,2
WBGene00167666.,0,0,0
WBGene00167667.,0,0,0
WBGene00167668.,0,0,0
WBGene00167669.,0,0,0
WBGene00167670.,0,0,0
WBGene00167671.,0,0,0
WBGene00167672.,0,0,0
WBGene00167673.,0,0,0
WBGene00167674.,0,0,0
WBGene00167675.,0,0,0
WBGene00167676.,0,0,0
WBGene00167677.,0,19,19
WBGene00167678.,0,0,0
WBGene00167679.,0,0,0
WBGene00167680.,0,0,0
WBGene00167681.,0,0,0
WBGene00167682.,0,9,9
WBGene00167683.,0,0,0
WBGene00167684.,0,0,0
WBGene00167685.,0,0,0
WBGene00167686.,0,0,0
WBGene00167687.,0,0,0
WBGene00167688.,0,0,0
WBGene00167689.,0,0,0
WBGene00167690.,0,0,0
WBGene00167691.,0,0,0
WBGene00167692.,0,0,0
WBGene00167693.,0,0,0
WBGene00167694.,0,0,0
WBGene00167695.,0,0,0
WBGene00167696.,0,0,0
WBGene00167697.,0,0,0
WBGene00167698.,0,0,0
WBGene00167699.,0,0,0
WBGene00167700.,0,0,0
WBGene00167701.,0,2,2
WBGene00167702.,0,2,2
WBGene00167703.,0,0,0
WBGene00167704.,0,0,0
WBGene00167705.,0,0,0
WBGene00167706.,0,0,0
WBGene00167707.,0,0,0
WBGene00167708.,0,0,0
WBGene00167709.,0,0,0
WBGene00167710.,0,2,2
WBGene00167711.,0,0,0
WBGene00167712.,0,0,0
WBGene00167713.,0,0,0
WBGene00167714.,0,0,0
WBGene00167715.,0,0,0
WBGene00167716.,0,0,0
WBGene00167717.,0,0,0
WBGene00167718.,0,0,0
WBGene00167719.,0,0,0
WBGene00167720.,0,0,0
WBGene00167721.,0,0,0
WBGene00167722.,0,0,0
WBGene00167723.,0,0,0
WBGene00167724.,0,2,2
WBGene00167725.,0,0,0
WBGene00167726.,0,0,0
WBGene00167727.,0,0,0
WBGene00167728.,0,0,0
WBGene00167729.,0,0,0
WBGene00167730.,0,0,0
WBGene00167731.,0,0,0
WBGene00167732.,0,0,0
WBGene00167733.,0,0,0
WBGene00167734.,0,0,0
WBGene00167735.,0,0,0
WBGene00167736.,0,0,0
WBGene00167737.,0,0,0
WBGene00167738.,0,0,0
WBGene00167739.,0,0,0
WBGene00167740.,0,0,0
WBGene00167741.,0,1,1
WBGene00167742.,0,0,0
WBGene00167743.,0,0,0
WBGene00167744.,0,0,0
WBGene00167745.,0,2,2
WBGene00167746.,0,1,1
WBGene00167747.,0,0,0
WBGene00167748.,0,0,0
WBGene00167749.,0,0,0
WBGene00167750.,0,0,0
WBGene00167751.,0,0,0
WBGene00167752.,0,0,0
WBGene00167753.,0,0,0
WBGene00167754.,0,0,0
WBGene00167755.,0,0,0
WBGene00167756.,0,0,0
WBGene00167757.,0,0,0
WBGene00167758.,0,0,0
WBGene00167759.,0,37,37
WBGene00167760.,0,0,0
WBGene00167761.,0,0,0
WBGene00167762.,0,0,0
WBGene00167763.,0,0,0
WBGene00167764.,0,0,0
WBGene00167765.,0,0,0
WBGene00167766.,0,0,0
WBGene00167767.,0,0,0
WBGene00167768.,0,0,0
WBGene00167769.,0,1,1
WBGene00167770.,0,0,0
WBGene00167771.,0,0,0
WBGene00167772.,0,5,5
WBGene00167773.,0,0,0
WBGene00167774.,0,0,0
WBGene00167775.,0,0,0
WBGene00167776.,0,0,0
WBGene00167777.,0,0,0
WBGene00167778.,0,0,0
WBGene00167779.,0,4,4
WBGene00167780.,0,4,4
WBGene00167781.,0,0,0
WBGene00167782.,0,0,0
WBGene00167783.,0,1,1
WBGene00167784.,0,0,0
WBGene00167785.,0,0,0
WBGene00167786.,0,1,1
WBGene00167787.,0,0,0
WBGene00167788.,0,0,0
WBGene00167789.,0,0,0
WBGene00167790.,0,0,0
WBGene00167791.,0,0,0
WBGene00167792.,0,0,0
WBGene00167793.,0,5,5
WBGene00167794.,0,0,0
WBGene00167795.,0,0,0
WBGene00167796.,0,0,0
WBGene00167797.,0,0,0
WBGene00167799.,0,0,0
WBGene00167800.,0,0,0
WBGene00167801.,0,0,0
WBGene00167802.,0,3,3
WBGene00167803.,0,1,1
WBGene00167804.,0,0,0
WBGene00167805.,0,0,0
WBGene00167806.,0,0,0
WBGene00167807.,0,0,0
WBGene00167808.,0,0,0
WBGene00167809.,0,0,0
WBGene00167810.,0,0,0
WBGene00167811.,0,0,0
WBGene00167812.,0,0,0
WBGene00167813.,0,0,0
WBGene00167814.,0,0,0
WBGene00167815.,0,0,0
WBGene00167816.,0,2,2
WBGene00167817.,0,0,0
WBGene00167818.,0,0,0
WBGene00167819.,0,0,0
WBGene00167820.,0,0,0
WBGene00167821.,0,0,0
WBGene00167822.,0,0,0
WBGene00167823.,0,0,0
WBGene00167824.,0,0,0
WBGene00167825.,0,0,0
WBGene00167826.,0,0,0
WBGene00167827.,0,0,0
WBGene00167828.,0,0,0
WBGene00167829.,0,0,0
WBGene00167830.,0,0,0
WBGene00167831.,0,0,0
WBGene00167832.,0,1,1
WBGene00167833.,0,0,0
WBGene00167834.,0,0,0
WBGene00167835.,0,0,0
WBGene00167836.,0,0,0
WBGene00167837.,0,0,0
WBGene00167838.,0,0,0
WBGene00167839.,0,0,0
WBGene00167840.,0,1,1
WBGene00167841.,0,0,0
WBGene00167842.,0,0,0
WBGene00167843.,0,0,0
WBGene00167845.,0,0,0
WBGene00167846.,0,0,0
WBGene00167847.,0,0,0
WBGene00167848.,0,0,0
WBGene00167849.,0,0,0
WBGene00167850.,0,1,1
WBGene00167851.,0,0,0
WBGene00167852.,0,0,0
WBGene00167853.,0,0,0
WBGene00167854.,0,4,4
WBGene00167855.,0,0,0
WBGene00167856.,0,0,0
WBGene00167857.,0,0,0
WBGene00167858.,0,1,1
WBGene00167859.,0,0,0
WBGene00167860.,0,1,1
WBGene00167861.,0,0,0
WBGene00167862.,0,0,0
WBGene00167863.,0,0,0
WBGene00167864.,0,0,0
WBGene00167865.,0,0,0
WBGene00167866.,0,0,0
WBGene00167867.,0,1,1
WBGene00167868.,0,0,0
WBGene00167869.,0,0,0
WBGene00167870.,0,0,0
WBGene00167871.,0,0,0
WBGene00167872.,0,13,13
WBGene00167873.,0,2,2
WBGene00167874.,0,0,0
WBGene00167875.,0,0,0
WBGene00167876.,0,0,0
WBGene00167877.,0,1,1
WBGene00167878.,0,0,0
WBGene00167879.,0,0,0
WBGene00167880.,0,0,0
WBGene00167881.,0,0,0
WBGene00167882.,0,3,3
WBGene00167883.,0,1,1
WBGene00167884.,0,0,0
WBGene00167885.,0,0,0
WBGene00167886.,0,0,0
WBGene00167887.,0,1,1
WBGene00167888.,0,1,1
WBGene00167889.,0,0,0
WBGene00167890.,0,0,0
WBGene00167891.,0,1,1
WBGene00167892.,0,0,0
WBGene00167893.,0,0,0
WBGene00167894.,0,0,0
WBGene00167895.,0,2,2
WBGene00167896.,0,0,0
WBGene00167897.,0,0,0
WBGene00167898.,0,0,0
WBGene00167899.,0,1,1
WBGene00167900.,0,0,0
WBGene00167901.,0,0,0
WBGene00167902.,0,0,0
WBGene00167903.,0,0,0
WBGene00167904.,0,0,0
WBGene00167905.,0,0,0
WBGene00167906.,0,0,0
WBGene00167907.,0,0,0
WBGene00167908.,0,0,0
WBGene00167909.,0,0,0
WBGene00167910.,0,0,0
WBGene00167911.,0,0,0
WBGene00167912.,0,0,0
WBGene00167913.,0,0,0
WBGene00167914.,0,0,0
WBGene00167915.,0,0,0
WBGene00167916.,0,3,3
WBGene00167917.,0,0,0
WBGene00167918.,0,0,0
WBGene00167919.,0,0,0
WBGene00167920.,0,0,0
WBGene00167921.,0,0,0
WBGene00167922.,0,1,1
WBGene00167923.,0,0,0
WBGene00167924.,0,0,0
WBGene00167925.,0,1,1
WBGene00167926.,0,0,0
WBGene00167927.,0,0,0
WBGene00167928.,0,0,0
WBGene00167929.,0,0,0
WBGene00167930.,0,0,0
WBGene00167931.,0,0,0
WBGene00167932.,0,0,0
WBGene00167933.,0,0,0
WBGene00167934.,0,0,0
WBGene00167935.,0,0,0
WBGene00167936.,0,2,2
WBGene00167937.,0,0,0
WBGene00167938.,0,0,0
WBGene00167939.,0,0,0
WBGene00167940.,0,0,0
WBGene00167941.,0,0,0
WBGene00167942.,0,0,0
WBGene00167943.,0,0,0
WBGene00167944.,0,0,0
WBGene00167945.,0,0,0
WBGene00167946.,0,0,0
WBGene00167947.,0,0,0
WBGene00167948.,0,2,2
WBGene00167949.,0,0,0
WBGene00167950.,0,0,0
WBGene00167951.,0,1,1
WBGene00167952.,0,0,0
WBGene00167953.,0,2,2
WBGene00167954.,0,0,0
WBGene00167955.,0,0,0
WBGene00167956.,0,0,0
WBGene00167957.,0,1,1
WBGene00167958.,0,0,0
WBGene00167959.,0,0,0
WBGene00167960.,0,0,0
WBGene00167961.,0,0,0
WBGene00167962.,0,0,0
WBGene00167963.,0,0,0
WBGene00167964.,0,0,0
WBGene00167965.,0,1,1
WBGene00167966.,0,0,0
WBGene00167967.,0,0,0
WBGene00167968.,0,0,0
WBGene00167969.,0,0,0
WBGene00167970.,0,0,0
WBGene00167971.,0,3,3
WBGene00167972.,0,0,0
WBGene00167973.,0,0,0
WBGene00167974.,0,0,0
WBGene00167975.,0,0,0
WBGene00167976.,0,0,0
WBGene00167977.,0,0,0
WBGene00167978.,0,1,1
WBGene00167979.,0,0,0
WBGene00167980.,0,0,0
WBGene00167981.,0,0,0
WBGene00167982.,0,0,0
WBGene00167983.,0,0,0
WBGene00167984.,0,0,0
WBGene00167985.,0,0,0
WBGene00167986.,0,0,0
WBGene00167987.,0,1,1
WBGene00167988.,0,0,0
WBGene00167989.,0,0,0
WBGene00167990.,0,0,0
WBGene00167991.,0,0,0
WBGene00167992.,0,0,0
WBGene00167993.,0,0,0
WBGene00167994.,0,1,1
WBGene00167995.,0,0,0
WBGene00167996.,0,4,4
WBGene00167997.,0,0,0
WBGene00167998.,0,2,2
WBGene00167999.,0,0,0
WBGene00168000.,0,0,0
WBGene00168001.,0,0,0
WBGene00168002.,0,0,0
WBGene00168003.,0,0,0
WBGene00168004.,0,0,0
WBGene00168005.,0,1,1
WBGene00168006.,0,1,1
WBGene00168007.,0,0,0
WBGene00168008.,0,0,0
WBGene00168009.,0,2,2
WBGene00168010.,0,0,0
WBGene00168011.,0,0,0
WBGene00168012.,0,0,0
WBGene00168013.,0,0,0
WBGene00168014.,0,0,0
WBGene00168015.,0,6,6
WBGene00168016.,0,0,0
WBGene00168017.,0,0,0
WBGene00168018.,0,0,0
WBGene00168019.,0,0,0
WBGene00168020.,0,0,0
WBGene00168021.,0,0,0
WBGene00168022.,0,3,3
WBGene00168023.,0,8,8
WBGene00168024.,0,8,8
WBGene00168025.,0,0,0
WBGene00168026.,0,0,0
WBGene00168027.,0,0,0
WBGene00168028.,0,3,3
WBGene00168029.,0,0,0
WBGene00168030.,0,0,0
WBGene00168031.,0,1,1
WBGene00168032.,0,0,0
WBGene00168033.,0,2,2
WBGene00168034.,0,0,0
WBGene00168035.,0,0,0
WBGene00168036.,0,0,0
WBGene00168037.,0,0,0
WBGene00168038.,0,0,0
WBGene00168039.,0,0,0
WBGene00168040.,0,0,0
WBGene00168041.,0,0,0
WBGene00168042.,0,0,0
WBGene00168043.,0,0,0
WBGene00168044.,0,0,0
WBGene00168045.,0,0,0
WBGene00168046.,0,1,1
WBGene00168047.,0,0,0
WBGene00168048.,0,0,0
WBGene00168049.,0,0,0
WBGene00168050.,0,0,0
WBGene00168051.,0,0,0
WBGene00168052.,0,0,0
WBGene00168053.,0,0,0
WBGene00168054.,0,0,0
WBGene00168055.,0,0,0
WBGene00168056.,0,0,0
WBGene00168057.,0,0,0
WBGene00168058.,0,0,0
WBGene00168059.,0,0,0
WBGene00168060.,0,0,0
WBGene00168061.,0,0,0
WBGene00168062.,0,0,0
WBGene00168063.,0,0,0
WBGene00168064.,0,0,0
WBGene00168065.,0,0,0
WBGene00168066.,0,0,0
WBGene00168067.,0,0,0
WBGene00168068.,0,0,0
WBGene00168069.,0,0,0
WBGene00168070.,0,0,0
WBGene00168071.,0,1,1
WBGene00168072.,0,1,1
WBGene00168073.,0,0,0
WBGene00168074.,0,0,0
WBGene00168075.,0,0,0
WBGene00168076.,0,0,0
WBGene00168077.,0,0,0
WBGene00168078.,0,0,0
WBGene00168079.,0,0,0
WBGene00168080.,0,0,0
WBGene00168081.,0,0,0
WBGene00168082.,0,0,0
WBGene00168083.,0,8,8
WBGene00168084.,0,3,3
WBGene00168085.,0,0,0
WBGene00168086.,0,0,0
WBGene00168087.,0,2,2
WBGene00168088.,0,0,0
WBGene00168089.,0,2,2
WBGene00168090.,0,2,2
WBGene00168091.,0,0,0
WBGene00168092.,0,21,21
WBGene00168093.,0,0,0
WBGene00168094.,0,0,0
WBGene00168095.,0,1,1
WBGene00168096.,0,1,1
WBGene00168097.,0,0,0
WBGene00168098.,0,0,0
WBGene00168099.,0,0,0
WBGene00168100.,0,0,0
WBGene00168101.,0,0,0
WBGene00168102.,0,0,0
WBGene00168103.,0,0,0
WBGene00168104.,0,0,0
WBGene00168105.,0,0,0
WBGene00168106.,0,0,0
WBGene00168107.,0,1,1
WBGene00168108.,0,0,0
WBGene00168109.,0,0,0
WBGene00168110.,0,0,0
WBGene00168111.,0,0,0
WBGene00168112.,0,0,0
WBGene00168113.,0,0,0
WBGene00168114.,0,0,0
WBGene00168115.,0,0,0
WBGene00168116.,0,6,6
WBGene00168117.,0,3,3
WBGene00168118.,0,1,1
WBGene00168119.,0,0,0
WBGene00168120.,0,3,3
WBGene00168121.,0,0,0
WBGene00168122.,0,0,0
WBGene00168123.,0,0,0
WBGene00168124.,0,4,4
WBGene00168125.,0,1,1
WBGene00168126.,0,0,0
WBGene00168127.,0,0,0
WBGene00168128.,0,0,0
WBGene00168129.,0,3,3
WBGene00168130.,0,11,11
WBGene00168131.,0,2,2
WBGene00168132.,0,0,0
WBGene00168133.,0,1,1
WBGene00168134.,0,0,0
WBGene00168135.,0,0,0
WBGene00168136.,0,0,0
WBGene00168137.,0,0,0
WBGene00168138.,0,0,0
WBGene00168139.,0,0,0
WBGene00168140.,0,0,0
WBGene00168141.,0,0,0
WBGene00168142.,0,1,1
WBGene00168143.,0,0,0
WBGene00168144.,0,0,0
WBGene00168145.,0,0,0
WBGene00168146.,0,0,0
WBGene00168147.,0,2,2
WBGene00168148.,0,0,0
WBGene00168149.,0,15,15
WBGene00168150.,0,0,0
WBGene00168151.,0,0,0
WBGene00168152.,0,0,0
WBGene00168153.,0,0,0
WBGene00168154.,0,0,0
WBGene00168155.,0,0,0
WBGene00168156.,0,0,0
WBGene00168157.,0,0,0
WBGene00168158.,0,0,0
WBGene00168159.,0,0,0
WBGene00168160.,0,0,0
WBGene00168161.,0,0,0
WBGene00168162.,0,0,0
WBGene00168163.,0,8,8
WBGene00168164.,0,0,0
WBGene00168165.,0,34,34
WBGene00168166.,0,0,0
WBGene00168167.,0,0,0
WBGene00168168.,0,0,0
WBGene00168169.,0,0,0
WBGene00168170.,0,0,0
WBGene00168171.,0,0,0
WBGene00168172.,0,1,1
WBGene00168173.,0,0,0
WBGene00168174.,0,0,0
WBGene00168175.,0,0,0
WBGene00168176.,0,0,0
WBGene00168177.,0,0,0
WBGene00168178.,0,0,0
WBGene00168179.,0,1,1
WBGene00168180.,0,0,0
WBGene00168181.,0,0,0
WBGene00168182.,0,0,0
WBGene00168183.,0,0,0
WBGene00168184.,0,0,0
WBGene00168185.,0,2,2
WBGene00168186.,0,0,0
WBGene00168187.,0,0,0
WBGene00168188.,0,25,25
WBGene00168189.,0,0,0
WBGene00168190.,0,0,0
WBGene00168191.,0,0,0
WBGene00168192.,0,0,0
WBGene00168193.,0,0,0
WBGene00168194.,0,0,0
WBGene00168195.,0,0,0
WBGene00168196.,0,0,0
WBGene00168197.,0,0,0
WBGene00168198.,0,1,1
WBGene00168199.,0,0,0
WBGene00168200.,0,0,0
WBGene00168201.,0,0,0
WBGene00168202.,0,0,0
WBGene00168203.,0,0,0
WBGene00168204.,0,0,0
WBGene00168205.,0,0,0
WBGene00168206.,0,0,0
WBGene00168207.,0,0,0
WBGene00168208.,0,0,0
WBGene00168209.,0,1,1
WBGene00168210.,0,7,7
WBGene00168211.,0,0,0
WBGene00168212.,0,0,0
WBGene00168213.,0,0,0
WBGene00168214.,0,1,1
WBGene00168215.,0,0,0
WBGene00168216.,0,0,0
WBGene00168217.,0,0,0
WBGene00168218.,0,0,0
WBGene00168219.,0,0,0
WBGene00168220.,0,0,0
WBGene00168221.,0,0,0
WBGene00168222.,0,0,0
WBGene00168223.,0,0,0
WBGene00168224.,0,0,0
WBGene00168225.,0,0,0
WBGene00168226.,0,0,0
WBGene00168227.,0,13,13
WBGene00168228.,0,0,0
WBGene00168229.,0,0,0
WBGene00168230.,0,2,2
WBGene00168231.,0,0,0
WBGene00168232.,0,0,0
WBGene00168233.,0,0,0
WBGene00168234.,0,0,0
WBGene00168235.,0,0,0
WBGene00168236.,0,1,1
WBGene00168237.,0,0,0
WBGene00168238.,0,0,0
WBGene00168239.,0,0,0
WBGene00168240.,0,0,0
WBGene00168241.,0,0,0
WBGene00168242.,0,0,0
WBGene00168243.,0,0,0
WBGene00168244.,0,0,0
WBGene00168245.,0,0,0
WBGene00168246.,0,0,0
WBGene00168247.,0,0,0
WBGene00168248.,0,0,0
WBGene00168249.,0,0,0
WBGene00168250.,0,0,0
WBGene00168251.,0,0,0
WBGene00168252.,0,1,1
WBGene00168253.,0,0,0
WBGene00168254.,0,6,6
WBGene00168255.,0,0,0
WBGene00168256.,0,0,0
WBGene00168257.,0,0,0
WBGene00168258.,0,0,0
WBGene00168259.,0,1,1
WBGene00168260.,0,0,0
WBGene00168261.,0,2,2
WBGene00168262.,0,3,3
WBGene00168263.,0,0,0
WBGene00168264.,0,2,2
WBGene00168265.,0,0,0
WBGene00168266.,0,2,2
WBGene00168267.,0,0,0
WBGene00168268.,0,0,0
WBGene00168269.,0,0,0
WBGene00168270.,0,0,0
WBGene00168271.,0,0,0
WBGene00168272.,0,0,0
WBGene00168273.,0,0,0
WBGene00168274.,0,0,0
WBGene00168275.,0,0,0
WBGene00168276.,0,0,0
WBGene00168277.,0,4,4
WBGene00168278.,0,2,2
WBGene00168279.,0,0,0
WBGene00168280.,0,0,0
WBGene00168281.,0,0,0
WBGene00168282.,0,2,2
WBGene00168283.,0,0,0
WBGene00168284.,0,0,0
WBGene00168285.,0,0,0
WBGene00168286.,0,0,0
WBGene00168287.,0,0,0
WBGene00168288.,0,0,0
WBGene00168289.,0,0,0
WBGene00168290.,0,0,0
WBGene00168291.,0,0,0
WBGene00168292.,0,0,0
WBGene00168293.,0,0,0
WBGene00168294.,0,0,0
WBGene00168295.,0,2,2
WBGene00168296.,0,0,0
WBGene00168297.,0,0,0
WBGene00168298.,0,0,0
WBGene00168299.,0,0,0
WBGene00168300.,0,1,1
WBGene00168301.,0,0,0
WBGene00168302.,0,0,0
WBGene00168303.,0,0,0
WBGene00168304.,0,0,0
WBGene00168305.,0,0,0
WBGene00168306.,0,8,8
WBGene00168307.,0,7,7
WBGene00168308.,0,0,0
WBGene00168309.,0,1,1
WBGene00168310.,0,3,3
WBGene00168311.,0,0,0
WBGene00168312.,0,3,3
WBGene00168313.,0,0,0
WBGene00168314.,0,2,2
WBGene00168315.,0,1,1
WBGene00168316.,0,1,1
WBGene00168317.,0,0,0
WBGene00168318.,0,0,0
WBGene00168319.,0,0,0
WBGene00168320.,0,0,0
WBGene00168321.,0,0,0
WBGene00168322.,0,0,0
WBGene00168323.,0,0,0
WBGene00168324.,0,5,5
WBGene00168325.,0,0,0
WBGene00168326.,0,0,0
WBGene00168327.,0,0,0
WBGene00168328.,0,0,0
WBGene00168329.,0,0,0
WBGene00168330.,0,0,0
WBGene00168331.,0,0,0
WBGene00168332.,0,1,1
WBGene00168333.,0,0,0
WBGene00168334.,0,0,0
WBGene00168335.,0,0,0
WBGene00168336.,0,0,0
WBGene00168337.,0,0,0
WBGene00168338.,0,0,0
WBGene00168339.,0,0,0
WBGene00168340.,0,0,0
WBGene00168341.,0,0,0
WBGene00168342.,0,0,0
WBGene00168343.,0,3,3
WBGene00168344.,0,0,0
WBGene00168345.,0,0,0
WBGene00168346.,0,0,0
WBGene00168347.,0,0,0
WBGene00168348.,0,0,0
WBGene00168349.,0,4,4
WBGene00168350.,0,0,0
WBGene00168351.,0,0,0
WBGene00168352.,0,0,0
WBGene00168353.,0,0,0
WBGene00168354.,0,0,0
WBGene00168355.,0,0,0
WBGene00168356.,0,0,0
WBGene00168357.,0,0,0
WBGene00168358.,0,1,1
WBGene00168359.,0,0,0
WBGene00168360.,0,0,0
WBGene00168361.,0,1,1
WBGene00168362.,0,0,0
WBGene00168363.,0,1,1
WBGene00168364.,0,0,0
WBGene00168365.,0,0,0
WBGene00168366.,0,0,0
WBGene00168367.,0,1,1
WBGene00168368.,0,0,0
WBGene00168369.,0,9,9
WBGene00168370.,0,0,0
WBGene00168371.,0,0,0
WBGene00168372.,0,0,0
WBGene00168373.,0,0,0
WBGene00168374.,0,0,0
WBGene00168375.,0,0,0
WBGene00168376.,0,0,0
WBGene00168377.,0,0,0
WBGene00168378.,0,0,0
WBGene00168379.,0,0,0
WBGene00168380.,0,0,0
WBGene00168381.,0,0,0
WBGene00168382.,0,0,0
WBGene00168383.,0,0,0
WBGene00168384.,0,0,0
WBGene00168385.,0,0,0
WBGene00168386.,0,0,0
WBGene00168387.,0,0,0
WBGene00168388.,0,43,43
WBGene00168389.,0,0,0
WBGene00168390.,0,0,0
WBGene00168391.,0,1,1
WBGene00168392.,0,0,0
WBGene00168393.,0,0,0
WBGene00168394.,0,0,0
WBGene00168395.,0,0,0
WBGene00168396.,0,1,1
WBGene00168397.,0,0,0
WBGene00168398.,0,1,1
WBGene00168399.,0,0,0
WBGene00168400.,0,0,0
WBGene00168401.,0,0,0
WBGene00168402.,0,0,0
WBGene00168403.,0,0,0
WBGene00168404.,0,0,0
WBGene00168405.,0,0,0
WBGene00168406.,0,0,0
WBGene00168407.,0,0,0
WBGene00168408.,0,0,0
WBGene00168409.,0,2,2
WBGene00168410.,0,0,0
WBGene00168411.,0,0,0
WBGene00168412.,0,0,0
WBGene00168413.,0,0,0
WBGene00168414.,0,0,0
WBGene00168415.,0,0,0
WBGene00168416.,0,0,0
WBGene00168417.,0,0,0
WBGene00168418.,0,0,0
WBGene00168419.,0,0,0
WBGene00168420.,0,0,0
WBGene00168421.,0,1,1
WBGene00168422.,0,0,0
WBGene00168423.,0,0,0
WBGene00168424.,0,0,0
WBGene00168425.,0,0,0
WBGene00168426.,0,0,0
WBGene00168427.,0,0,0
WBGene00168428.,0,0,0
WBGene00168429.,0,1,1
WBGene00168430.,0,0,0
WBGene00168431.,0,0,0
WBGene00168432.,0,5,5
WBGene00168433.,0,0,0
WBGene00168434.,0,0,0
WBGene00168435.,0,1,1
WBGene00168436.,0,0,0
WBGene00168437.,0,0,0
WBGene00168438.,0,0,0
WBGene00168439.,0,0,0
WBGene00168440.,0,0,0
WBGene00168441.,0,0,0
WBGene00168442.,0,8,8
WBGene00168443.,0,0,0
WBGene00168444.,0,0,0
WBGene00168445.,0,2,2
WBGene00168446.,0,0,0
WBGene00168447.,0,0,0
WBGene00168448.,0,0,0
WBGene00168449.,0,0,0
WBGene00168450.,0,0,0
WBGene00168451.,0,1,1
WBGene00168452.,0,0,0
WBGene00168453.,0,0,0
WBGene00168454.,0,0,0
WBGene00168455.,0,0,0
WBGene00168456.,0,0,0
WBGene00168457.,0,17,17
WBGene00168458.,0,1,1
WBGene00168459.,0,2,2
WBGene00168460.,0,9,9
WBGene00168461.,0,0,0
WBGene00168462.,0,0,0
WBGene00168463.,0,1,1
WBGene00168464.,0,0,0
WBGene00168465.,0,0,0
WBGene00168466.,0,12,12
WBGene00168467.,0,0,0
WBGene00168468.,0,0,0
WBGene00168469.,0,0,0
WBGene00168470.,0,0,0
WBGene00168472.,0,0,0
WBGene00168473.,0,0,0
WBGene00168474.,0,0,0
WBGene00168475.,0,0,0
WBGene00168476.,0,0,0
WBGene00168477.,0,4,4
WBGene00168478.,0,0,0
WBGene00168479.,0,0,0
WBGene00168480.,0,0,0
WBGene00168481.,0,0,0
WBGene00168482.,0,0,0
WBGene00168483.,0,0,0
WBGene00168484.,0,0,0
WBGene00168485.,0,0,0
WBGene00168486.,0,1,1
WBGene00168487.,0,0,0
WBGene00168488.,0,23,23
WBGene00168489.,0,0,0
WBGene00168490.,0,0,0
WBGene00168491.,0,0,0
WBGene00168492.,0,0,0
WBGene00168493.,0,0,0
WBGene00168494.,0,0,0
WBGene00168495.,0,0,0
WBGene00168496.,0,0,0
WBGene00168497.,0,0,0
WBGene00168498.,0,0,0
WBGene00168499.,0,0,0
WBGene00168500.,0,1,1
WBGene00168501.,0,0,0
WBGene00168502.,0,1,1
WBGene00168503.,0,0,0
WBGene00168504.,0,0,0
WBGene00168505.,0,0,0
WBGene00168506.,0,0,0
WBGene00168507.,0,0,0
WBGene00168508.,0,0,0
WBGene00168509.,0,0,0
WBGene00168510.,0,2,2
WBGene00168511.,0,0,0
WBGene00168512.,0,0,0
WBGene00168513.,0,0,0
WBGene00168514.,0,0,0
WBGene00168515.,0,0,0
WBGene00168516.,0,0,0
WBGene00168517.,0,0,0
WBGene00168518.,0,0,0
WBGene00168519.,0,0,0
WBGene00168520.,0,0,0
WBGene00168521.,0,0,0
WBGene00168522.,0,0,0
WBGene00168523.,0,0,0
WBGene00168524.,0,3,3
WBGene00168525.,0,0,0
WBGene00168526.,0,0,0
WBGene00168527.,0,0,0
WBGene00168528.,0,0,0
WBGene00168529.,0,0,0
WBGene00168530.,0,0,0
WBGene00168531.,0,0,0
WBGene00168532.,0,0,0
WBGene00168533.,0,0,0
WBGene00168534.,0,0,0
WBGene00168535.,0,0,0
WBGene00168536.,0,0,0
WBGene00168537.,0,0,0
WBGene00168538.,0,0,0
WBGene00168539.,0,0,0
WBGene00168540.,0,0,0
WBGene00168541.,0,0,0
WBGene00168542.,0,0,0
WBGene00168543.,0,0,0
WBGene00168544.,0,0,0
WBGene00168545.,0,0,0
WBGene00168546.,0,0,0
WBGene00168547.,0,0,0
WBGene00168548.,0,20,20
WBGene00168549.,0,0,0
WBGene00168550.,0,0,0
WBGene00168551.,0,0,0
WBGene00168552.,0,0,0
WBGene00168553.,0,0,0
WBGene00168554.,0,0,0
WBGene00168555.,0,6,6
WBGene00168556.,0,0,0
WBGene00168557.,0,0,0
WBGene00168558.,0,0,0
WBGene00168559.,0,0,0
WBGene00168560.,0,1,1
WBGene00168561.,0,0,0
WBGene00168562.,0,0,0
WBGene00168563.,0,0,0
WBGene00168564.,0,0,0
WBGene00168565.,0,7,7
WBGene00168566.,0,0,0
WBGene00168567.,0,0,0
WBGene00168568.,0,0,0
WBGene00168569.,0,0,0
WBGene00168570.,0,0,0
WBGene00168571.,0,0,0
WBGene00168572.,0,0,0
WBGene00168573.,0,1,1
WBGene00168574.,0,0,0
WBGene00168575.,0,0,0
WBGene00168576.,0,0,0
WBGene00168577.,0,0,0
WBGene00168578.,0,0,0
WBGene00168579.,0,0,0
WBGene00168580.,0,0,0
WBGene00168581.,0,0,0
WBGene00168582.,0,0,0
WBGene00168583.,0,0,0
WBGene00168584.,0,0,0
WBGene00168585.,0,0,0
WBGene00168586.,0,0,0
WBGene00168587.,0,0,0
WBGene00168588.,0,0,0
WBGene00168589.,0,0,0
WBGene00168590.,0,0,0
WBGene00168591.,0,0,0
WBGene00168592.,0,2,2
WBGene00168593.,0,0,0
WBGene00168594.,0,0,0
WBGene00168595.,0,0,0
WBGene00168596.,0,0,0
WBGene00168597.,0,0,0
WBGene00168598.,0,1,1
WBGene00168599.,0,0,0
WBGene00168600.,0,0,0
WBGene00168601.,0,0,0
WBGene00168602.,0,0,0
WBGene00168603.,0,0,0
WBGene00168604.,0,0,0
WBGene00168605.,0,0,0
WBGene00168606.,0,0,0
WBGene00168607.,0,0,0
WBGene00168608.,0,0,0
WBGene00168609.,0,0,0
WBGene00168610.,0,2,2
WBGene00168611.,0,0,0
WBGene00168612.,0,0,0
WBGene00168613.,0,0,0
WBGene00168614.,0,0,0
WBGene00168615.,0,0,0
WBGene00168616.,0,0,0
WBGene00168617.,0,0,0
WBGene00168618.,0,0,0
WBGene00168619.,0,2,2
WBGene00168620.,0,0,0
WBGene00168621.,0,0,0
WBGene00168622.,0,1,1
WBGene00168623.,0,0,0
WBGene00168624.,0,0,0
WBGene00168625.,0,0,0
WBGene00168626.,0,0,0
WBGene00168627.,0,0,0
WBGene00168628.,0,0,0
WBGene00168629.,0,0,0
WBGene00168630.,0,15,15
WBGene00168631.,0,0,0
WBGene00168632.,0,0,0
WBGene00168633.,0,0,0
WBGene00168634.,0,0,0
WBGene00168635.,0,0,0
WBGene00168636.,0,0,0
WBGene00168637.,0,2,2
WBGene00168638.,0,0,0
WBGene00168639.,0,0,0
WBGene00168640.,0,0,0
WBGene00168641.,0,0,0
WBGene00168642.,0,5,5
WBGene00168643.,0,0,0
WBGene00168644.,0,0,0
WBGene00168645.,0,0,0
WBGene00168646.,0,0,0
WBGene00168647.,0,0,0
WBGene00168648.,0,0,0
WBGene00168649.,0,1,1
WBGene00168650.,0,0,0
WBGene00168651.,0,0,0
WBGene00168652.,0,0,0
WBGene00168653.,0,0,0
WBGene00168654.,0,6,6
WBGene00168655.,0,0,0
WBGene00168656.,0,0,0
WBGene00168657.,0,0,0
WBGene00168658.,0,4,4
WBGene00168659.,0,0,0
WBGene00168660.,0,0,0
WBGene00168661.,0,0,0
WBGene00168662.,0,2,2
WBGene00168663.,0,0,0
WBGene00168664.,0,0,0
WBGene00168665.,0,0,0
WBGene00168666.,0,0,0
WBGene00168667.,0,0,0
WBGene00168668.,0,0,0
WBGene00168669.,0,0,0
WBGene00168670.,0,0,0
WBGene00168671.,0,0,0
WBGene00168672.,0,0,0
WBGene00168673.,0,0,0
WBGene00168674.,0,0,0
WBGene00168675.,0,0,0
WBGene00168676.,0,11,11
WBGene00168677.,0,0,0
WBGene00168678.,0,0,0
WBGene00168679.,0,0,0
WBGene00168680.,0,0,0
WBGene00168681.,0,0,0
WBGene00168682.,0,2,2
WBGene00168683.,0,0,0
WBGene00168684.,0,0,0
WBGene00168685.,0,0,0
WBGene00168686.,0,0,0
WBGene00168687.,0,1,1
WBGene00168688.,0,0,0
WBGene00168689.,0,0,0
WBGene00168690.,0,3,3
WBGene00168691.,0,0,0
WBGene00168692.,0,0,0
WBGene00168693.,0,1,1
WBGene00168694.,0,0,0
WBGene00168695.,0,0,0
WBGene00168696.,0,0,0
WBGene00168697.,0,0,0
WBGene00168698.,0,0,0
WBGene00168699.,0,0,0
WBGene00168700.,0,0,0
WBGene00168701.,0,0,0
WBGene00168702.,0,0,0
WBGene00168703.,0,0,0
WBGene00168704.,0,0,0
WBGene00168705.,0,0,0
WBGene00168706.,0,0,0
WBGene00168707.,0,0,0
WBGene00168708.,0,0,0
WBGene00168709.,0,0,0
WBGene00168710.,0,1,1
WBGene00168711.,0,0,0
WBGene00168712.,0,0,0
WBGene00168713.,0,0,0
WBGene00168714.,0,0,0
WBGene00168715.,0,1,1
WBGene00168716.,0,0,0
WBGene00168717.,0,0,0
WBGene00168718.,0,0,0
WBGene00168719.,0,0,0
WBGene00168720.,0,17,17
WBGene00168721.,0,6,6
WBGene00168722.,0,0,0
WBGene00168723.,0,0,0
WBGene00168724.,0,0,0
WBGene00168725.,0,14,14
WBGene00168726.,0,0,0
WBGene00168727.,0,0,0
WBGene00168728.,0,0,0
WBGene00168729.,0,1,1
WBGene00168730.,0,2,2
WBGene00168731.,0,0,0
WBGene00168732.,0,112,112
WBGene00168733.,0,0,0
WBGene00168734.,0,0,0
WBGene00168735.,0,0,0
WBGene00168736.,0,1,1
WBGene00168737.,0,0,0
WBGene00168738.,0,0,0
WBGene00168739.,0,0,0
WBGene00168740.,0,0,0
WBGene00168741.,0,0,0
WBGene00168742.,0,0,0
WBGene00168743.,0,0,0
WBGene00168744.,0,0,0
WBGene00168745.,0,0,0
WBGene00168746.,0,0,0
WBGene00168747.,0,0,0
WBGene00168748.,0,0,0
WBGene00168749.,0,4,4
WBGene00168750.,0,2,2
WBGene00168751.,0,4,4
WBGene00168752.,0,0,0
WBGene00168753.,0,0,0
WBGene00168754.,0,0,0
WBGene00168755.,0,0,0
WBGene00168756.,0,0,0
WBGene00168757.,0,0,0
WBGene00168758.,0,0,0
WBGene00168759.,0,0,0
WBGene00168760.,0,0,0
WBGene00168761.,0,0,0
WBGene00168762.,0,0,0
WBGene00168763.,0,0,0
WBGene00168764.,0,2,2
WBGene00168765.,0,1,1
WBGene00168766.,0,0,0
WBGene00168767.,0,0,0
WBGene00168768.,0,0,0
WBGene00168769.,0,0,0
WBGene00168770.,0,0,0
WBGene00168771.,0,0,0
WBGene00168772.,0,10,10
WBGene00168773.,0,0,0
WBGene00168774.,0,0,0
WBGene00168775.,0,1,1
WBGene00168776.,0,0,0
WBGene00168777.,0,1,1
WBGene00168778.,0,0,0
WBGene00168779.,0,2,2
WBGene00168780.,0,0,0
WBGene00168781.,0,0,0
WBGene00168782.,0,0,0
WBGene00168783.,0,0,0
WBGene00168784.,0,0,0
WBGene00168785.,0,0,0
WBGene00168786.,0,0,0
WBGene00168787.,0,1,1
WBGene00168788.,0,4,4
WBGene00168789.,0,0,0
WBGene00168790.,0,0,0
WBGene00168791.,0,1,1
WBGene00168792.,0,0,0
WBGene00168793.,0,0,0
WBGene00168794.,0,0,0
WBGene00168795.,0,1,1
WBGene00168796.,0,0,0
WBGene00168797.,0,0,0
WBGene00168798.,0,0,0
WBGene00168799.,0,0,0
WBGene00168800.,0,0,0
WBGene00168801.,0,0,0
WBGene00168802.,0,0,0
WBGene00168803.,0,0,0
WBGene00168804.,0,0,0
WBGene00168805.,0,0,0
WBGene00168806.,0,0,0
WBGene00168807.,0,1,1
WBGene00168808.,0,0,0
WBGene00168809.,0,0,0
WBGene00168810.,0,0,0
WBGene00168811.,0,0,0
WBGene00168812.,0,0,0
WBGene00168813.,0,0,0
WBGene00168814.,0,0,0
WBGene00168815.,0,20,20
WBGene00168816.,0,2,2
WBGene00168817.,0,0,0
WBGene00168818.,0,0,0
WBGene00168819.,0,0,0
WBGene00168820.,0,0,0
WBGene00168821.,0,0,0
WBGene00168822.,0,0,0
WBGene00168823.,0,19,19
WBGene00168824.,0,0,0
WBGene00168825.,0,0,0
WBGene00168826.,0,0,0
WBGene00168827.,0,0,0
WBGene00168828.,0,0,0
WBGene00168829.,0,0,0
WBGene00168830.,0,0,0
WBGene00168831.,0,0,0
WBGene00168832.,0,0,0
WBGene00168833.,0,0,0
WBGene00168834.,0,1,1
WBGene00168835.,0,0,0
WBGene00168836.,0,0,0
WBGene00168837.,0,0,0
WBGene00168838.,0,0,0
WBGene00168839.,0,0,0
WBGene00168840.,0,0,0
WBGene00168841.,0,0,0
WBGene00168842.,0,0,0
WBGene00168843.,0,2,2
WBGene00168844.,0,0,0
WBGene00168845.,0,0,0
WBGene00168846.,0,0,0
WBGene00168847.,0,0,0
WBGene00168848.,0,0,0
WBGene00168849.,0,0,0
WBGene00168850.,0,0,0
WBGene00168851.,0,0,0
WBGene00168852.,0,0,0
WBGene00168853.,0,2,2
WBGene00168854.,0,2,2
WBGene00168855.,0,0,0
WBGene00168856.,0,0,0
WBGene00168857.,0,0,0
WBGene00168858.,0,0,0
WBGene00168859.,0,0,0
WBGene00168860.,0,0,0
WBGene00168861.,0,0,0
WBGene00168862.,0,0,0
WBGene00168863.,0,2,2
WBGene00168864.,0,2,2
WBGene00168865.,0,0,0
WBGene00168866.,0,10,10
WBGene00168867.,0,0,0
WBGene00168868.,0,0,0
WBGene00168869.,0,0,0
WBGene00168870.,0,0,0
WBGene00168871.,0,0,0
WBGene00168872.,0,0,0
WBGene00168873.,0,0,0
WBGene00168874.,0,0,0
WBGene00168875.,0,0,0
WBGene00168876.,0,38,38
WBGene00168877.,0,0,0
WBGene00168878.,0,1,1
WBGene00168879.,0,0,0
WBGene00168880.,0,0,0
WBGene00168881.,0,0,0
WBGene00168882.,0,0,0
WBGene00168883.,0,1,1
WBGene00168884.,0,0,0
WBGene00168885.,0,0,0
WBGene00168886.,0,0,0
WBGene00168887.,0,0,0
WBGene00168888.,0,1,1
WBGene00168889.,0,0,0
WBGene00168890.,0,0,0
WBGene00168891.,0,0,0
WBGene00168892.,0,3,3
WBGene00168893.,0,6,6
WBGene00168894.,0,0,0
WBGene00168895.,0,1,1
WBGene00168896.,0,0,0
WBGene00168897.,0,0,0
WBGene00168898.,0,1,1
WBGene00168899.,0,0,0
WBGene00168900.,0,1,1
WBGene00168901.,0,0,0
WBGene00168902.,0,0,0
WBGene00168903.,0,2,2
WBGene00168904.,0,0,0
WBGene00168905.,0,0,0
WBGene00168906.,0,0,0
WBGene00168907.,0,0,0
WBGene00168908.,0,0,0
WBGene00168909.,0,0,0
WBGene00168910.,0,0,0
WBGene00168911.,0,2,2
WBGene00168912.,0,0,0
WBGene00168913.,0,2,2
WBGene00168914.,0,2,2
WBGene00168915.,0,0,0
WBGene00168916.,0,0,0
WBGene00168917.,0,0,0
WBGene00168918.,0,0,0
WBGene00168919.,0,2,2
WBGene00168920.,0,0,0
WBGene00168921.,0,0,0
WBGene00168922.,0,0,0
WBGene00168923.,0,0,0
WBGene00168924.,0,0,0
WBGene00168925.,0,0,0
WBGene00168926.,0,0,0
WBGene00168927.,0,0,0
WBGene00168928.,0,0,0
WBGene00168929.,0,0,0
WBGene00168930.,0,0,0
WBGene00168931.,0,0,0
WBGene00168932.,0,0,0
WBGene00168933.,0,0,0
WBGene00168934.,0,0,0
WBGene00168935.,0,0,0
WBGene00168936.,0,0,0
WBGene00168937.,0,0,0
WBGene00168938.,0,3,3
WBGene00168939.,0,0,0
WBGene00168940.,0,0,0
WBGene00168941.,0,0,0
WBGene00168942.,0,0,0
WBGene00168943.,0,0,0
WBGene00168944.,0,0,0
WBGene00168945.,0,0,0
WBGene00168946.,0,0,0
WBGene00168947.,0,4,4
WBGene00168948.,0,0,0
WBGene00168949.,0,1,1
WBGene00168950.,0,0,0
WBGene00168951.,0,1,1
WBGene00168952.,0,0,0
WBGene00168953.,0,0,0
WBGene00168954.,0,4,4
WBGene00168955.,0,4,4
WBGene00168956.,0,0,0
WBGene00168957.,0,0,0
WBGene00168958.,0,1,1
WBGene00168959.,0,0,0
WBGene00168960.,0,0,0
WBGene00168961.,0,0,0
WBGene00168962.,0,1,1
WBGene00168963.,0,0,0
WBGene00168964.,0,0,0
WBGene00168965.,0,0,0
WBGene00168966.,0,8,8
WBGene00168967.,0,0,0
WBGene00168968.,0,1,1
WBGene00168969.,0,0,0
WBGene00168970.,0,14,14
WBGene00168971.,0,0,0
WBGene00168972.,0,0,0
WBGene00168973.,0,0,0
WBGene00168974.,0,1,1
WBGene00168975.,0,0,0
WBGene00168976.,0,1,1
WBGene00168977.,0,0,0
WBGene00168978.,0,0,0
WBGene00168979.,0,0,0
WBGene00168980.,0,0,0
WBGene00168981.,0,0,0
WBGene00168982.,0,0,0
WBGene00168983.,0,0,0
WBGene00168984.,0,0,0
WBGene00168985.,0,20,20
WBGene00168986.,0,0,0
WBGene00168987.,0,0,0
WBGene00168988.,0,0,0
WBGene00168989.,0,0,0
WBGene00168990.,0,3,3
WBGene00168991.,0,0,0
WBGene00168992.,0,0,0
WBGene00168993.,0,0,0
WBGene00168994.,0,0,0
WBGene00168995.,0,5,5
WBGene00168996.,0,1,1
WBGene00168997.,0,0,0
WBGene00168998.,0,2,2
WBGene00168999.,0,0,0
WBGene00169000.,0,0,0
WBGene00169001.,0,1,1
WBGene00169002.,0,0,0
WBGene00169003.,0,0,0
WBGene00169004.,0,0,0
WBGene00169005.,0,0,0
WBGene00169006.,0,76,76
WBGene00169007.,0,0,0
WBGene00169008.,0,0,0
WBGene00169009.,0,0,0
WBGene00169010.,0,0,0
WBGene00169011.,0,0,0
WBGene00169012.,0,0,0
WBGene00169013.,0,0,0
WBGene00169014.,0,0,0
WBGene00169015.,0,0,0
WBGene00169016.,0,1,1
WBGene00169017.,0,0,0
WBGene00169018.,0,0,0
WBGene00169019.,0,0,0
WBGene00169020.,0,0,0
WBGene00169021.,0,0,0
WBGene00169022.,0,0,0
WBGene00169023.,0,0,0
WBGene00169024.,0,0,0
WBGene00169025.,0,0,0
WBGene00169026.,0,0,0
WBGene00169027.,0,0,0
WBGene00169028.,0,0,0
WBGene00169029.,0,0,0
WBGene00169030.,0,0,0
WBGene00169031.,0,0,0
WBGene00169032.,0,0,0
WBGene00169033.,0,0,0
WBGene00169034.,0,0,0
WBGene00169035.,0,0,0
WBGene00169036.,0,0,0
WBGene00169037.,0,0,0
WBGene00169038.,0,0,0
WBGene00169039.,0,0,0
WBGene00169040.,0,0,0
WBGene00169041.,0,0,0
WBGene00169042.,0,0,0
WBGene00169043.,0,0,0
WBGene00169044.,0,0,0
WBGene00169045.,0,0,0
WBGene00169046.,0,2,2
WBGene00169047.,0,0,0
WBGene00169048.,0,0,0
WBGene00169049.,0,0,0
WBGene00169050.,0,0,0
WBGene00169051.,0,1,1
WBGene00169052.,0,0,0
WBGene00169053.,0,0,0
WBGene00169054.,0,1,1
WBGene00169055.,0,0,0
WBGene00169056.,0,0,0
WBGene00169057.,0,0,0
WBGene00169058.,0,0,0
WBGene00169059.,0,2,2
WBGene00169060.,0,0,0
WBGene00169061.,0,0,0
WBGene00169062.,0,0,0
WBGene00169063.,0,0,0
WBGene00169064.,0,3,3
WBGene00169065.,0,0,0
WBGene00169066.,0,4,4
WBGene00169067.,0,0,0
WBGene00169068.,0,0,0
WBGene00169069.,0,3,3
WBGene00169070.,0,0,0
WBGene00169071.,0,23,23
WBGene00169072.,0,0,0
WBGene00169073.,0,0,0
WBGene00169074.,0,0,0
WBGene00169075.,0,0,0
WBGene00169076.,0,2,2
WBGene00169077.,0,0,0
WBGene00169078.,0,0,0
WBGene00169079.,0,0,0
WBGene00169080.,0,0,0
WBGene00169081.,0,0,0
WBGene00169082.,0,0,0
WBGene00169083.,0,0,0
WBGene00169084.,0,0,0
WBGene00169085.,0,0,0
WBGene00169086.,0,0,0
WBGene00169087.,0,0,0
WBGene00169088.,0,0,0
WBGene00169089.,0,0,0
WBGene00169090.,0,0,0
WBGene00169091.,0,0,0
WBGene00169092.,0,2,2
WBGene00169093.,0,0,0
WBGene00169094.,0,0,0
WBGene00169095.,0,0,0
WBGene00169096.,0,0,0
WBGene00169097.,0,0,0
WBGene00169098.,0,0,0
WBGene00169099.,0,0,0
WBGene00169100.,0,6,6
WBGene00169101.,0,0,0
WBGene00169102.,0,0,0
WBGene00169103.,0,1,1
WBGene00169104.,0,0,0
WBGene00169105.,0,0,0
WBGene00169106.,0,0,0
WBGene00169107.,0,0,0
WBGene00169108.,0,0,0
WBGene00169109.,0,2,2
WBGene00169110.,0,0,0
WBGene00169111.,0,0,0
WBGene00169112.,0,1,1
WBGene00169113.,0,0,0
WBGene00169114.,0,4,4
WBGene00169115.,0,0,0
WBGene00169116.,0,1,1
WBGene00169117.,0,0,0
WBGene00169118.,0,0,0
WBGene00169119.,0,0,0
WBGene00169120.,0,0,0
WBGene00169121.,0,0,0
WBGene00169122.,0,0,0
WBGene00169123.,0,0,0
WBGene00169124.,0,0,0
WBGene00169125.,0,0,0
WBGene00169126.,0,0,0
WBGene00169127.,0,1,1
WBGene00169128.,0,0,0
WBGene00169129.,0,1,1
WBGene00169130.,0,0,0
WBGene00169131.,0,0,0
WBGene00169132.,0,0,0
WBGene00169133.,0,0,0
WBGene00169134.,0,1,1
WBGene00169135.,0,0,0
WBGene00169136.,0,0,0
WBGene00169137.,0,0,0
WBGene00169138.,0,0,0
WBGene00169139.,0,0,0
WBGene00169140.,0,0,0
WBGene00169141.,0,0,0
WBGene00169142.,0,0,0
WBGene00169143.,0,0,0
WBGene00169144.,0,0,0
WBGene00169145.,0,0,0
WBGene00169146.,0,0,0
WBGene00169147.,0,0,0
WBGene00169148.,0,0,0
WBGene00169149.,0,0,0
WBGene00169150.,0,0,0
WBGene00169151.,0,0,0
WBGene00169152.,0,1,1
WBGene00169153.,0,2,2
WBGene00169154.,0,0,0
WBGene00169155.,0,0,0
WBGene00169156.,0,0,0
WBGene00169157.,0,0,0
WBGene00169158.,0,0,0
WBGene00169159.,0,0,0
WBGene00169160.,0,0,0
WBGene00169161.,0,0,0
WBGene00169162.,0,27,27
WBGene00169163.,0,9,9
WBGene00169164.,0,0,0
WBGene00169165.,0,0,0
WBGene00169166.,0,0,0
WBGene00169167.,0,0,0
WBGene00169168.,0,0,0
WBGene00169169.,0,0,0
WBGene00169170.,0,0,0
WBGene00169171.,0,46,46
WBGene00169172.,0,0,0
WBGene00169173.,0,0,0
WBGene00169174.,0,0,0
WBGene00169175.,0,7,7
WBGene00169176.,0,0,0
WBGene00169177.,0,0,0
WBGene00169178.,0,0,0
WBGene00169179.,0,0,0
WBGene00169180.,0,0,0
WBGene00169181.,0,0,0
WBGene00169182.,0,0,0
WBGene00169183.,0,0,0
WBGene00169184.,0,0,0
WBGene00169185.,0,0,0
WBGene00169186.,0,0,0
WBGene00169187.,0,0,0
WBGene00169188.,0,0,0
WBGene00169189.,0,0,0
WBGene00169190.,0,0,0
WBGene00169191.,0,1,1
WBGene00169192.,0,0,0
WBGene00169193.,0,0,0
WBGene00169194.,0,1,1
WBGene00169195.,0,0,0
WBGene00169196.,0,0,0
WBGene00169197.,0,0,0
WBGene00169198.,0,0,0
WBGene00169199.,0,0,0
WBGene00169200.,0,0,0
WBGene00169201.,0,3,3
WBGene00169202.,0,0,0
WBGene00169203.,0,0,0
WBGene00169204.,0,2,2
WBGene00169205.,0,0,0
WBGene00169206.,0,0,0
WBGene00169207.,0,0,0
WBGene00169208.,0,0,0
WBGene00169209.,0,1,1
WBGene00169210.,0,0,0
WBGene00169211.,0,0,0
WBGene00169212.,0,3,3
WBGene00169213.,0,0,0
WBGene00169214.,0,0,0
WBGene00169215.,0,8,8
WBGene00169216.,0,0,0
WBGene00169217.,0,0,0
WBGene00169218.,0,0,0
WBGene00169219.,0,0,0
WBGene00169220.,0,0,0
WBGene00169221.,0,0,0
WBGene00169222.,0,32,32
WBGene00169223.,0,0,0
WBGene00169224.,0,0,0
WBGene00169225.,0,0,0
WBGene00169226.,0,0,0
WBGene00169227.,0,0,0
WBGene00169228.,0,0,0
WBGene00169229.,0,0,0
WBGene00169230.,0,0,0
WBGene00169231.,0,0,0
WBGene00169232.,0,0,0
WBGene00169233.,0,0,0
WBGene00169234.,0,0,0
WBGene00169235.,0,0,0
WBGene00169236.,0,0,0
WBGene00169237.,0,0,0
WBGene00169238.,0,0,0
WBGene00169239.,0,0,0
WBGene00169240.,0,5,5
WBGene00169242.,0,0,0
WBGene00169243.,0,0,0
WBGene00169244.,0,0,0
WBGene00169245.,0,0,0
WBGene00169246.,0,0,0
WBGene00169247.,0,0,0
WBGene00169248.,0,0,0
WBGene00169249.,0,0,0
WBGene00169250.,0,0,0
WBGene00169251.,0,0,0
WBGene00169252.,0,0,0
WBGene00169253.,0,1,1
WBGene00169254.,0,0,0
WBGene00169255.,0,0,0
WBGene00169256.,0,0,0
WBGene00169257.,0,0,0
WBGene00169258.,0,0,0
WBGene00169259.,0,0,0
WBGene00169260.,0,0,0
WBGene00169261.,0,0,0
WBGene00169262.,0,0,0
WBGene00169263.,0,0,0
WBGene00169264.,0,0,0
WBGene00169265.,0,0,0
WBGene00169266.,0,0,0
WBGene00169267.,0,0,0
WBGene00169268.,0,0,0
WBGene00169269.,0,2,2
WBGene00169270.,0,0,0
WBGene00169271.,0,0,0
WBGene00169272.,0,0,0
WBGene00169273.,0,0,0
WBGene00169274.,0,0,0
WBGene00169275.,0,3,3
WBGene00169276.,0,0,0
WBGene00169277.,0,0,0
WBGene00169278.,0,0,0
WBGene00169279.,0,0,0
WBGene00169280.,0,0,0
WBGene00169281.,0,0,0
WBGene00169282.,0,0,0
WBGene00169283.,0,0,0
WBGene00169284.,0,0,0
WBGene00169285.,0,0,0
WBGene00169286.,0,2,2
WBGene00169287.,0,0,0
WBGene00169288.,0,0,0
WBGene00169289.,0,0,0
WBGene00169290.,0,0,0
WBGene00169291.,0,0,0
WBGene00169292.,0,0,0
WBGene00169293.,0,0,0
WBGene00169294.,0,0,0
WBGene00169295.,0,0,0
WBGene00169296.,0,0,0
WBGene00169297.,0,0,0
WBGene00169298.,0,3,3
WBGene00169299.,0,0,0
WBGene00169300.,0,0,0
WBGene00169301.,0,0,0
WBGene00169302.,0,0,0
WBGene00169303.,0,2,2
WBGene00169304.,0,0,0
WBGene00169305.,0,0,0
WBGene00169306.,0,0,0
WBGene00169307.,0,1,1
WBGene00169308.,0,0,0
WBGene00169309.,0,0,0
WBGene00169310.,0,0,0
WBGene00169311.,0,0,0
WBGene00169312.,0,0,0
WBGene00169313.,0,0,0
WBGene00169314.,0,0,0
WBGene00169315.,0,0,0
WBGene00169316.,0,0,0
WBGene00169317.,0,0,0
WBGene00169318.,0,0,0
WBGene00169319.,0,0,0
WBGene00169320.,0,0,0
WBGene00169321.,0,0,0
WBGene00169322.,0,0,0
WBGene00169323.,0,0,0
WBGene00169324.,0,0,0
WBGene00169325.,0,0,0
WBGene00169326.,0,0,0
WBGene00169327.,0,0,0
WBGene00169328.,0,0,0
WBGene00169329.,0,0,0
WBGene00169330.,0,0,0
WBGene00169331.,0,0,0
WBGene00169332.,0,0,0
WBGene00169333.,0,0,0
WBGene00169334.,0,0,0
WBGene00169335.,0,6,6
WBGene00169336.,0,0,0
WBGene00169337.,0,0,0
WBGene00169338.,0,0,0
WBGene00169339.,0,0,0
WBGene00169340.,0,0,0
WBGene00169341.,0,0,0
WBGene00169342.,0,0,0
WBGene00169343.,0,0,0
WBGene00169344.,0,0,0
WBGene00169345.,0,0,0
WBGene00169346.,0,2,2
WBGene00169347.,0,0,0
WBGene00169348.,0,0,0
WBGene00169349.,0,0,0
WBGene00169350.,0,0,0
WBGene00169351.,0,0,0
WBGene00169352.,0,0,0
WBGene00169353.,0,1,1
WBGene00169354.,0,53,53
WBGene00169355.,0,0,0
WBGene00169356.,0,0,0
WBGene00169357.,0,5,5
WBGene00169358.,0,0,0
WBGene00169359.,0,0,0
WBGene00169360.,0,1,1
WBGene00169361.,0,1,1
WBGene00169362.,0,0,0
WBGene00169363.,0,0,0
WBGene00169364.,0,0,0
WBGene00169365.,0,0,0
WBGene00169366.,0,0,0
WBGene00169367.,0,0,0
WBGene00169368.,0,1,1
WBGene00169369.,0,0,0
WBGene00169370.,0,0,0
WBGene00169371.,0,0,0
WBGene00169372.,0,0,0
WBGene00169373.,0,0,0
WBGene00169374.,0,0,0
WBGene00169375.,0,0,0
WBGene00169376.,0,0,0
WBGene00169377.,0,0,0
WBGene00169378.,0,0,0
WBGene00169379.,0,2,2
WBGene00169380.,0,0,0
WBGene00169381.,0,0,0
WBGene00169382.,0,0,0
WBGene00169383.,0,0,0
WBGene00169384.,0,1,1
WBGene00169385.,0,3,3
WBGene00169386.,0,0,0
WBGene00169387.,0,0,0
WBGene00169388.,0,0,0
WBGene00169389.,0,1,1
WBGene00169390.,0,1,1
WBGene00169391.,0,0,0
WBGene00169392.,0,4,4
WBGene00169393.,0,0,0
WBGene00169394.,0,0,0
WBGene00169395.,0,0,0
WBGene00169396.,0,0,0
WBGene00169397.,0,0,0
WBGene00169398.,0,1,1
WBGene00169399.,0,0,0
WBGene00169401.,0,0,0
WBGene00169402.,0,1,1
WBGene00169403.,0,0,0
WBGene00169404.,0,0,0
WBGene00169405.,0,0,0
WBGene00169406.,0,0,0
WBGene00169407.,0,0,0
WBGene00169408.,0,0,0
WBGene00169409.,0,1,1
WBGene00169410.,0,0,0
WBGene00169411.,0,0,0
WBGene00169412.,0,0,0
WBGene00169413.,0,0,0
WBGene00169414.,0,0,0
WBGene00169415.,0,1,1
WBGene00169416.,0,0,0
WBGene00169417.,0,0,0
WBGene00169418.,0,0,0
WBGene00169419.,0,0,0
WBGene00169420.,0,0,0
WBGene00169421.,0,0,0
WBGene00169422.,0,0,0
WBGene00169423.,0,0,0
WBGene00169424.,0,0,0
WBGene00169425.,0,0,0
WBGene00169426.,0,4,4
WBGene00169427.,0,0,0
WBGene00169428.,0,0,0
WBGene00169429.,0,0,0
WBGene00169430.,0,0,0
WBGene00169431.,0,24,24
WBGene00169432.,0,1,1
WBGene00169433.,0,0,0
WBGene00169434.,0,1,1
WBGene00169435.,0,3,3
WBGene00169436.,0,0,0
WBGene00169437.,0,0,0
WBGene00169438.,0,5,5
WBGene00169439.,0,0,0
WBGene00169440.,0,0,0
WBGene00169441.,0,0,0
WBGene00169442.,0,0,0
WBGene00169443.,0,0,0
WBGene00169444.,0,0,0
WBGene00169445.,0,0,0
WBGene00169446.,0,0,0
WBGene00169447.,0,0,0
WBGene00169448.,0,0,0
WBGene00169449.,0,0,0
WBGene00169450.,0,0,0
WBGene00169451.,0,1,1
WBGene00169452.,0,0,0
WBGene00169453.,0,0,0
WBGene00169454.,0,0,0
WBGene00169455.,0,0,0
WBGene00169456.,0,0,0
WBGene00169457.,0,0,0
WBGene00169458.,0,0,0
WBGene00169459.,0,0,0
WBGene00169460.,0,0,0
WBGene00169461.,0,1,1
WBGene00169462.,0,9,9
WBGene00169463.,0,0,0
WBGene00169464.,0,5,5
WBGene00169465.,0,0,0
WBGene00169466.,0,0,0
WBGene00169467.,0,0,0
WBGene00169468.,0,0,0
WBGene00169469.,0,0,0
WBGene00169470.,0,0,0
WBGene00169471.,0,2,2
WBGene00169472.,0,0,0
WBGene00169473.,0,0,0
WBGene00169474.,0,0,0
WBGene00169475.,0,0,0
WBGene00169476.,0,0,0
WBGene00169477.,0,0,0
WBGene00169478.,0,0,0
WBGene00169479.,0,1,1
WBGene00169480.,0,0,0
WBGene00169481.,0,0,0
WBGene00169482.,0,0,0
WBGene00169483.,0,0,0
WBGene00169484.,0,0,0
WBGene00169485.,0,0,0
WBGene00169486.,0,3,3
WBGene00169487.,0,0,0
WBGene00169488.,0,1,1
WBGene00169489.,0,0,0
WBGene00169490.,0,0,0
WBGene00169491.,0,0,0
WBGene00169492.,0,0,0
WBGene00169493.,0,0,0
WBGene00169494.,0,0,0
WBGene00169495.,0,1,1
WBGene00169496.,0,0,0
WBGene00169497.,0,0,0
WBGene00169498.,0,0,0
WBGene00169499.,0,0,0
WBGene00169500.,0,0,0
WBGene00169501.,0,0,0
WBGene00169502.,0,0,0
WBGene00169503.,0,4,4
WBGene00169504.,0,0,0
WBGene00169505.,0,0,0
WBGene00169506.,0,0,0
WBGene00169507.,0,0,0
WBGene00169508.,0,0,0
WBGene00169509.,0,0,0
WBGene00169510.,0,0,0
WBGene00169511.,0,0,0
WBGene00169512.,0,0,0
WBGene00169513.,0,0,0
WBGene00169514.,0,0,0
WBGene00169515.,0,12,12
WBGene00169516.,0,0,0
WBGene00169517.,0,0,0
WBGene00169518.,0,2,2
WBGene00169519.,0,0,0
WBGene00169520.,0,0,0
WBGene00169521.,0,0,0
WBGene00169522.,0,6,6
WBGene00169523.,0,0,0
WBGene00169524.,0,0,0
WBGene00169525.,0,1,1
WBGene00169526.,0,0,0
WBGene00169527.,0,0,0
WBGene00169528.,0,2,2
WBGene00169529.,0,0,0
WBGene00169530.,0,0,0
WBGene00169531.,0,1,1
WBGene00169532.,0,0,0
WBGene00169533.,0,0,0
WBGene00169534.,0,0,0
WBGene00169535.,0,0,0
WBGene00169536.,0,0,0
WBGene00169537.,0,0,0
WBGene00169538.,0,0,0
WBGene00169539.,0,0,0
WBGene00169540.,0,1,1
WBGene00169541.,0,0,0
WBGene00169542.,0,0,0
WBGene00169543.,0,0,0
WBGene00169544.,0,0,0
WBGene00169545.,0,0,0
WBGene00169546.,0,0,0
WBGene00169547.,0,0,0
WBGene00169548.,0,0,0
WBGene00169549.,0,0,0
WBGene00169550.,0,1,1
WBGene00169551.,0,0,0
WBGene00169552.,0,2,2
WBGene00169553.,0,0,0
WBGene00169554.,0,90,90
WBGene00169555.,0,14,14
WBGene00169556.,0,0,0
WBGene00169557.,0,0,0
WBGene00169558.,0,0,0
WBGene00169559.,0,1,1
WBGene00169560.,0,0,0
WBGene00169561.,0,0,0
WBGene00169562.,0,0,0
WBGene00169563.,0,0,0
WBGene00169564.,0,2,2
WBGene00169565.,0,0,0
WBGene00169566.,0,1,1
WBGene00169567.,0,0,0
WBGene00169568.,0,0,0
WBGene00169569.,0,0,0
WBGene00169570.,0,0,0
WBGene00169571.,0,0,0
WBGene00169572.,0,0,0
WBGene00169573.,0,0,0
WBGene00169574.,0,0,0
WBGene00169575.,0,0,0
WBGene00169576.,0,0,0
WBGene00169577.,0,0,0
WBGene00169578.,0,0,0
WBGene00169579.,0,0,0
WBGene00169580.,0,0,0
WBGene00169581.,0,0,0
WBGene00169582.,0,1,1
WBGene00169583.,0,0,0
WBGene00169584.,0,0,0
WBGene00169585.,0,0,0
WBGene00169586.,0,0,0
WBGene00169587.,0,0,0
WBGene00169588.,0,0,0
WBGene00169589.,0,0,0
WBGene00169590.,0,0,0
WBGene00169591.,0,0,0
WBGene00169592.,0,0,0
WBGene00169593.,0,0,0
WBGene00169594.,0,0,0
WBGene00169595.,0,0,0
WBGene00169596.,0,0,0
WBGene00169597.,0,0,0
WBGene00169598.,0,1,1
WBGene00169599.,0,0,0
WBGene00169600.,0,0,0
WBGene00169601.,0,0,0
WBGene00169602.,0,0,0
WBGene00169603.,0,0,0
WBGene00169604.,0,0,0
WBGene00169605.,0,0,0
WBGene00169606.,0,0,0
WBGene00169607.,0,0,0
WBGene00169608.,0,0,0
WBGene00169609.,0,0,0
WBGene00169610.,0,0,0
WBGene00169611.,0,0,0
WBGene00169612.,0,0,0
WBGene00169613.,0,0,0
WBGene00169614.,0,1,1
WBGene00169615.,0,0,0
WBGene00169617.,0,0,0
WBGene00169618.,0,0,0
WBGene00169619.,0,0,0
WBGene00169620.,0,1,1
WBGene00169621.,0,0,0
WBGene00169622.,0,0,0
WBGene00169623.,0,0,0
WBGene00169624.,0,0,0
WBGene00169625.,0,0,0
WBGene00169626.,0,0,0
WBGene00169627.,0,0,0
WBGene00169628.,0,0,0
WBGene00169629.,0,0,0
WBGene00169630.,0,0,0
WBGene00169631.,0,0,0
WBGene00169632.,0,1,1
WBGene00169633.,0,0,0
WBGene00169634.,0,0,0
WBGene00169635.,0,0,0
WBGene00169636.,0,0,0
WBGene00169637.,0,0,0
WBGene00169638.,0,1,1
WBGene00169639.,0,0,0
WBGene00169640.,0,1,1
WBGene00169641.,0,0,0
WBGene00169642.,0,0,0
WBGene00169643.,0,0,0
WBGene00169644.,0,0,0
WBGene00169645.,0,12,12
WBGene00169646.,0,0,0
WBGene00169647.,0,1,1
WBGene00169648.,0,3,3
WBGene00169649.,0,0,0
WBGene00169650.,0,5,5
WBGene00169651.,0,0,0
WBGene00169652.,0,0,0
WBGene00169653.,0,0,0
WBGene00169654.,0,0,0
WBGene00169655.,0,1,1
WBGene00169656.,0,0,0
WBGene00169657.,0,0,0
WBGene00169658.,0,0,0
WBGene00169659.,0,0,0
WBGene00169660.,0,0,0
WBGene00169661.,0,0,0
WBGene00169662.,0,0,0
WBGene00169663.,0,0,0
WBGene00169664.,0,0,0
WBGene00169665.,0,0,0
WBGene00169666.,0,0,0
WBGene00169667.,0,0,0
WBGene00169668.,0,0,0
WBGene00169669.,0,0,0
WBGene00169670.,0,0,0
WBGene00169671.,0,0,0
WBGene00169672.,0,0,0
WBGene00169673.,0,0,0
WBGene00169674.,0,0,0
WBGene00169675.,0,0,0
WBGene00169676.,0,0,0
WBGene00169677.,0,11,11
WBGene00169678.,0,2,2
WBGene00169679.,0,0,0
WBGene00169680.,0,0,0
WBGene00169681.,0,5,5
WBGene00169682.,0,0,0
WBGene00169683.,0,10,10
WBGene00169684.,0,0,0
WBGene00169685.,0,0,0
WBGene00169686.,0,0,0
WBGene00169687.,0,0,0
WBGene00169688.,0,0,0
WBGene00169689.,0,0,0
WBGene00169690.,0,0,0
WBGene00169691.,0,6,6
WBGene00169692.,0,1,1
WBGene00169693.,0,0,0
WBGene00169694.,0,1,1
WBGene00169695.,0,6,6
WBGene00169696.,0,0,0
WBGene00169697.,0,2,2
WBGene00169698.,0,1,1
WBGene00169699.,0,11,11
WBGene00169700.,0,4,4
WBGene00169701.,0,0,0
WBGene00169702.,0,0,0
WBGene00169703.,0,0,0
WBGene00169704.,0,0,0
WBGene00169705.,0,0,0
WBGene00169706.,0,0,0
WBGene00169707.,0,1,1
WBGene00169708.,0,0,0
WBGene00169709.,0,0,0
WBGene00169710.,0,0,0
WBGene00169711.,0,0,0
WBGene00169712.,0,0,0
WBGene00169713.,0,0,0
WBGene00169714.,0,0,0
WBGene00169715.,0,0,0
WBGene00169716.,0,0,0
WBGene00169717.,0,0,0
WBGene00169718.,0,2,2
WBGene00169719.,0,1,1
WBGene00169720.,0,0,0
WBGene00169721.,0,0,0
WBGene00169722.,0,0,0
WBGene00169723.,0,0,0
WBGene00169724.,0,0,0
WBGene00169725.,0,4,4
WBGene00169726.,0,0,0
WBGene00169727.,0,0,0
WBGene00169728.,0,1,1
WBGene00169729.,0,2,2
WBGene00169730.,0,0,0
WBGene00169731.,0,0,0
WBGene00169732.,0,0,0
WBGene00169733.,0,0,0
WBGene00169734.,0,0,0
WBGene00169735.,0,0,0
WBGene00169736.,0,0,0
WBGene00169737.,0,0,0
WBGene00169738.,0,1,1
WBGene00169739.,0,0,0
WBGene00169740.,0,0,0
WBGene00169741.,0,0,0
WBGene00169742.,0,0,0
WBGene00169743.,0,0,0
WBGene00169744.,0,0,0
WBGene00169745.,0,0,0
WBGene00169746.,0,0,0
WBGene00169747.,0,1,1
WBGene00169748.,0,0,0
WBGene00169749.,0,1,1
WBGene00169750.,0,0,0
WBGene00169751.,0,0,0
WBGene00169752.,0,0,0
WBGene00169753.,0,0,0
WBGene00169754.,0,0,0
WBGene00169755.,0,0,0
WBGene00169756.,0,0,0
WBGene00169757.,0,0,0
WBGene00169758.,0,0,0
WBGene00169759.,0,0,0
WBGene00169760.,0,0,0
WBGene00169761.,0,0,0
WBGene00169762.,0,0,0
WBGene00169763.,0,0,0
WBGene00169764.,0,0,0
WBGene00169765.,0,0,0
WBGene00169766.,0,0,0
WBGene00169767.,0,0,0
WBGene00169768.,0,0,0
WBGene00169769.,0,0,0
WBGene00169770.,0,0,0
WBGene00169771.,0,0,0
WBGene00169772.,0,0,0
WBGene00169773.,0,0,0
WBGene00169774.,0,0,0
WBGene00169775.,0,0,0
WBGene00169776.,0,2,2
WBGene00169777.,0,0,0
WBGene00169778.,0,0,0
WBGene00169779.,0,0,0
WBGene00169780.,0,0,0
WBGene00169781.,0,1,1
WBGene00169782.,0,0,0
WBGene00169783.,0,0,0
WBGene00169784.,0,0,0
WBGene00169785.,0,2,2
WBGene00169786.,0,0,0
WBGene00169787.,0,0,0
WBGene00169788.,0,0,0
WBGene00169789.,0,0,0
WBGene00169790.,0,0,0
WBGene00169791.,0,0,0
WBGene00169792.,0,2,2
WBGene00169793.,0,0,0
WBGene00169794.,0,0,0
WBGene00169795.,0,0,0
WBGene00169796.,0,0,0
WBGene00169797.,0,1,1
WBGene00169798.,0,0,0
WBGene00169799.,0,14,14
WBGene00169800.,0,1,1
WBGene00169801.,0,1,1
WBGene00169802.,0,0,0
WBGene00169803.,0,0,0
WBGene00169804.,0,0,0
WBGene00169805.,0,0,0
WBGene00169806.,0,0,0
WBGene00169807.,0,0,0
WBGene00169808.,0,0,0
WBGene00169809.,0,0,0
WBGene00169810.,0,0,0
WBGene00169811.,0,0,0
WBGene00169812.,0,0,0
WBGene00169813.,0,0,0
WBGene00169814.,0,0,0
WBGene00169815.,0,0,0
WBGene00169816.,0,0,0
WBGene00169817.,0,0,0
WBGene00169818.,0,0,0
WBGene00169819.,0,0,0
WBGene00169820.,0,0,0
WBGene00169821.,0,0,0
WBGene00169822.,0,0,0
WBGene00169823.,0,0,0
WBGene00169824.,0,0,0
WBGene00169825.,0,0,0
WBGene00169826.,0,0,0
WBGene00169827.,0,0,0
WBGene00169828.,0,0,0
WBGene00169829.,0,0,0
WBGene00169830.,0,0,0
WBGene00169831.,0,0,0
WBGene00169832.,0,0,0
WBGene00169833.,0,0,0
WBGene00169834.,0,1,1
WBGene00169835.,0,0,0
WBGene00169836.,0,0,0
WBGene00169837.,0,0,0
WBGene00169838.,0,15,15
WBGene00169839.,0,6,6
WBGene00169840.,0,0,0
WBGene00169841.,0,0,0
WBGene00169842.,0,0,0
WBGene00169843.,0,0,0
WBGene00169844.,0,0,0
WBGene00169845.,0,0,0
WBGene00169846.,0,0,0
WBGene00169847.,0,0,0
WBGene00169848.,0,0,0
WBGene00169849.,0,0,0
WBGene00169850.,0,0,0
WBGene00169851.,0,0,0
WBGene00169852.,0,0,0
WBGene00169853.,0,0,0
WBGene00169854.,0,0,0
WBGene00169855.,0,0,0
WBGene00169856.,0,0,0
WBGene00169857.,0,0,0
WBGene00169858.,0,0,0
WBGene00169859.,0,0,0
WBGene00169860.,0,0,0
WBGene00169861.,0,0,0
WBGene00169862.,0,0,0
WBGene00169863.,0,0,0
WBGene00169864.,0,0,0
WBGene00169865.,0,0,0
WBGene00169866.,0,0,0
WBGene00169867.,0,0,0
WBGene00169868.,0,0,0
WBGene00169869.,0,1,1
WBGene00169870.,0,0,0
WBGene00169871.,0,0,0
WBGene00169872.,0,0,0
WBGene00169873.,0,0,0
WBGene00169874.,0,0,0
WBGene00169875.,0,0,0
WBGene00169876.,0,0,0
WBGene00169877.,0,0,0
WBGene00169878.,0,0,0
WBGene00169879.,0,0,0
WBGene00169880.,0,31,31
WBGene00169881.,0,1,1
WBGene00169882.,0,0,0
WBGene00169883.,0,0,0
WBGene00169884.,0,0,0
WBGene00169885.,0,0,0
WBGene00169886.,0,0,0
WBGene00169887.,0,0,0
WBGene00169888.,0,0,0
WBGene00169889.,0,0,0
WBGene00169890.,0,0,0
WBGene00169891.,0,0,0
WBGene00169892.,0,0,0
WBGene00169893.,0,0,0
WBGene00169894.,0,38,38
WBGene00169895.,0,0,0
WBGene00169896.,0,1,1
WBGene00169897.,0,2,2
WBGene00169898.,0,0,0
WBGene00169899.,0,0,0
WBGene00169900.,0,0,0
WBGene00169901.,0,1,1
WBGene00169902.,0,0,0
WBGene00169903.,0,0,0
WBGene00169904.,0,0,0
WBGene00169905.,0,0,0
WBGene00169906.,0,1,1
WBGene00169907.,0,0,0
WBGene00169908.,0,0,0
WBGene00169909.,0,0,0
WBGene00169910.,0,0,0
WBGene00169911.,0,0,0
WBGene00169912.,0,0,0
WBGene00169913.,0,0,0
WBGene00169914.,0,0,0
WBGene00169915.,0,0,0
WBGene00169916.,0,0,0
WBGene00169917.,0,0,0
WBGene00169918.,0,0,0
WBGene00169919.,0,0,0
WBGene00169920.,0,0,0
WBGene00169921.,0,0,0
WBGene00169922.,0,0,0
WBGene00169923.,0,1,1
WBGene00169924.,0,0,0
WBGene00169925.,0,0,0
WBGene00169926.,0,0,0
WBGene00169927.,0,0,0
WBGene00169928.,0,10,10
WBGene00169929.,0,1,1
WBGene00169930.,0,0,0
WBGene00169931.,0,0,0
WBGene00169932.,0,0,0
WBGene00169933.,0,0,0
WBGene00169934.,0,0,0
WBGene00169935.,0,0,0
WBGene00169936.,0,0,0
WBGene00169937.,0,1,1
WBGene00169938.,0,0,0
WBGene00169939.,0,0,0
WBGene00169940.,0,0,0
WBGene00169941.,0,1,1
WBGene00169942.,0,4,4
WBGene00169943.,0,0,0
WBGene00169944.,0,0,0
WBGene00169946.,0,0,0
WBGene00169947.,0,0,0
WBGene00169948.,0,0,0
WBGene00169949.,0,0,0
WBGene00169950.,0,0,0
WBGene00169951.,0,2,2
WBGene00169952.,0,0,0
WBGene00169953.,0,0,0
WBGene00169954.,0,1,1
WBGene00169955.,0,0,0
WBGene00169956.,0,0,0
WBGene00169957.,0,0,0
WBGene00169958.,0,0,0
WBGene00169959.,0,0,0
WBGene00169960.,0,0,0
WBGene00169961.,0,0,0
WBGene00169962.,0,0,0
WBGene00169963.,0,0,0
WBGene00169964.,0,0,0
WBGene00169965.,0,0,0
WBGene00169966.,0,0,0
WBGene00169967.,0,0,0
WBGene00169968.,0,0,0
WBGene00169969.,0,2,2
WBGene00169970.,0,0,0
WBGene00169971.,0,0,0
WBGene00169972.,0,43,43
WBGene00169973.,0,0,0
WBGene00169974.,0,0,0
WBGene00169975.,0,0,0
WBGene00169976.,0,0,0
WBGene00169977.,0,9,9
WBGene00169978.,0,0,0
WBGene00169979.,0,187,187
WBGene00169980.,0,0,0
WBGene00169981.,0,0,0
WBGene00169982.,0,0,0
WBGene00169983.,0,2,2
WBGene00169984.,0,0,0
WBGene00169985.,0,0,0
WBGene00169986.,0,0,0
WBGene00169987.,0,2,2
WBGene00169988.,0,0,0
WBGene00169989.,0,0,0
WBGene00169990.,0,4,4
WBGene00169991.,0,0,0
WBGene00169992.,0,0,0
WBGene00169993.,0,0,0
WBGene00169994.,0,2,2
WBGene00169995.,0,0,0
WBGene00169996.,0,0,0
WBGene00169997.,0,0,0
WBGene00169998.,0,3,3
WBGene00169999.,0,1,1
WBGene00170000.,0,0,0
WBGene00170001.,0,0,0
WBGene00170002.,0,2,2
WBGene00170003.,0,0,0
WBGene00170004.,0,0,0
WBGene00170005.,0,0,0
WBGene00170006.,0,0,0
WBGene00170007.,0,0,0
WBGene00170008.,0,0,0
WBGene00170009.,0,11,11
WBGene00170010.,0,0,0
WBGene00170011.,0,0,0
WBGene00170012.,0,0,0
WBGene00170013.,0,0,0
WBGene00170014.,0,1,1
WBGene00170015.,0,0,0
WBGene00170016.,0,0,0
WBGene00170017.,0,0,0
WBGene00170018.,0,0,0
WBGene00170019.,0,0,0
WBGene00170020.,0,0,0
WBGene00170021.,0,0,0
WBGene00170022.,0,3,3
WBGene00170023.,0,0,0
WBGene00170024.,0,0,0
WBGene00170025.,0,2,2
WBGene00170026.,0,8,8
WBGene00170027.,0,0,0
WBGene00170028.,0,0,0
WBGene00170029.,0,1,1
WBGene00170030.,0,0,0
WBGene00170031.,0,2,2
WBGene00170032.,0,0,0
WBGene00170033.,0,0,0
WBGene00170034.,0,35,35
WBGene00170035.,0,0,0
WBGene00170036.,0,2,2
WBGene00170037.,0,3,3
WBGene00170038.,0,0,0
WBGene00170039.,0,0,0
WBGene00170040.,0,0,0
WBGene00170041.,0,4,4
WBGene00170042.,0,0,0
WBGene00170043.,0,0,0
WBGene00170044.,0,0,0
WBGene00170045.,0,7,7
WBGene00170046.,0,0,0
WBGene00170047.,0,1,1
WBGene00170048.,0,0,0
WBGene00170049.,0,0,0
WBGene00170050.,0,10,10
WBGene00170051.,0,0,0
WBGene00170052.,0,0,0
WBGene00170053.,0,0,0
WBGene00170054.,0,0,0
WBGene00170055.,0,0,0
WBGene00170056.,0,0,0
WBGene00170057.,0,0,0
WBGene00170058.,0,0,0
WBGene00170059.,0,0,0
WBGene00170060.,0,0,0
WBGene00170061.,0,0,0
WBGene00170062.,0,0,0
WBGene00170063.,0,0,0
WBGene00170064.,0,0,0
WBGene00170065.,0,0,0
WBGene00170066.,0,0,0
WBGene00170067.,0,1,1
WBGene00170068.,0,0,0
WBGene00170069.,0,0,0
WBGene00170070.,0,0,0
WBGene00170071.,0,0,0
WBGene00170072.,0,0,0
WBGene00170073.,0,3,3
WBGene00170074.,0,1,1
WBGene00170075.,0,1,1
WBGene00170076.,0,0,0
WBGene00170077.,0,0,0
WBGene00170078.,0,9,9
WBGene00170079.,0,0,0
WBGene00170080.,0,0,0
WBGene00170081.,0,0,0
WBGene00170082.,0,0,0
WBGene00170083.,0,0,0
WBGene00170084.,0,1,1
WBGene00170085.,0,0,0
WBGene00170086.,0,0,0
WBGene00170087.,0,4,4
WBGene00170088.,0,1,1
WBGene00170089.,0,1,1
WBGene00170090.,0,12,12
WBGene00170091.,0,0,0
WBGene00170092.,0,0,0
WBGene00170093.,0,0,0
WBGene00170094.,0,0,0
WBGene00170095.,0,0,0
WBGene00170096.,0,0,0
WBGene00170097.,0,0,0
WBGene00170098.,0,0,0
WBGene00170099.,0,0,0
WBGene00170100.,0,0,0
WBGene00170101.,0,0,0
WBGene00170102.,0,0,0
WBGene00170103.,0,1,1
WBGene00170104.,0,0,0
WBGene00170105.,0,14,14
WBGene00170106.,0,0,0
WBGene00170107.,0,0,0
WBGene00170108.,0,0,0
WBGene00170109.,0,0,0
WBGene00170110.,0,0,0
WBGene00170111.,0,0,0
WBGene00170112.,0,0,0
WBGene00170113.,0,1,1
WBGene00170114.,0,0,0
WBGene00170115.,0,0,0
WBGene00170116.,0,0,0
WBGene00170117.,0,0,0
WBGene00170118.,0,0,0
WBGene00170119.,0,0,0
WBGene00170120.,0,3,3
WBGene00170121.,0,0,0
WBGene00170122.,0,1,1
WBGene00170123.,0,0,0
WBGene00170124.,0,0,0
WBGene00170125.,0,0,0
WBGene00170126.,0,0,0
WBGene00170127.,0,0,0
WBGene00170128.,0,0,0
WBGene00170129.,0,0,0
WBGene00170130.,0,0,0
WBGene00170131.,0,0,0
WBGene00170132.,0,2,2
WBGene00170133.,0,0,0
WBGene00170134.,0,0,0
WBGene00170135.,0,0,0
WBGene00170136.,0,0,0
WBGene00170137.,0,0,0
WBGene00170138.,0,0,0
WBGene00170139.,0,0,0
WBGene00170140.,0,0,0
WBGene00170141.,0,0,0
WBGene00170142.,0,0,0
WBGene00170143.,0,0,0
WBGene00170144.,0,0,0
WBGene00170145.,0,5,5
WBGene00170146.,0,0,0
WBGene00170147.,0,0,0
WBGene00170148.,0,0,0
WBGene00170149.,0,0,0
WBGene00170150.,0,1,1
WBGene00170151.,0,0,0
WBGene00170152.,0,0,0
WBGene00170153.,0,0,0
WBGene00170154.,0,0,0
WBGene00170155.,0,0,0
WBGene00170156.,0,0,0
WBGene00170157.,0,0,0
WBGene00170158.,0,0,0
WBGene00170159.,0,0,0
WBGene00170160.,0,0,0
WBGene00170161.,0,0,0
WBGene00170162.,0,0,0
WBGene00170163.,0,0,0
WBGene00170164.,0,5,5
WBGene00170165.,0,0,0
WBGene00170166.,0,2,2
WBGene00170167.,0,0,0
WBGene00170168.,0,0,0
WBGene00170169.,0,0,0
WBGene00170170.,0,0,0
WBGene00170171.,0,0,0
WBGene00170172.,0,1,1
WBGene00170173.,0,0,0
WBGene00170174.,0,0,0
WBGene00170175.,0,0,0
WBGene00170176.,0,0,0
WBGene00170177.,0,0,0
WBGene00170178.,0,3,3
WBGene00170179.,0,1,1
WBGene00170180.,0,0,0
WBGene00170181.,0,0,0
WBGene00170182.,0,0,0
WBGene00170183.,0,0,0
WBGene00170184.,0,0,0
WBGene00170185.,0,1,1
WBGene00170186.,0,0,0
WBGene00170187.,0,0,0
WBGene00170188.,0,0,0
WBGene00170189.,0,0,0
WBGene00170190.,0,0,0
WBGene00170191.,0,0,0
WBGene00170192.,0,1,1
WBGene00170193.,0,0,0
WBGene00170194.,0,1,1
WBGene00170195.,0,0,0
WBGene00170196.,0,0,0
WBGene00170197.,0,0,0
WBGene00170198.,0,0,0
WBGene00170199.,0,0,0
WBGene00170200.,0,0,0
WBGene00170201.,0,0,0
WBGene00170202.,0,0,0
WBGene00170203.,0,0,0
WBGene00170204.,0,0,0
WBGene00170205.,0,0,0
WBGene00170206.,0,0,0
WBGene00170207.,0,2,2
WBGene00170208.,0,0,0
WBGene00170209.,0,0,0
WBGene00170210.,0,0,0
WBGene00170211.,0,0,0
WBGene00170212.,0,1,1
WBGene00170213.,0,0,0
WBGene00170214.,0,0,0
WBGene00170215.,0,0,0
WBGene00170216.,0,0,0
WBGene00170217.,0,0,0
WBGene00170218.,0,0,0
WBGene00170219.,0,0,0
WBGene00170220.,0,0,0
WBGene00170221.,0,0,0
WBGene00170222.,0,0,0
WBGene00170223.,0,0,0
WBGene00170224.,0,11,11
WBGene00170225.,0,0,0
WBGene00170226.,0,0,0
WBGene00170227.,0,0,0
WBGene00170228.,0,0,0
WBGene00170229.,0,0,0
WBGene00170230.,0,0,0
WBGene00170231.,0,0,0
WBGene00170232.,0,0,0
WBGene00170233.,0,0,0
WBGene00170234.,0,0,0
WBGene00170235.,0,1,1
WBGene00170236.,0,1,1
WBGene00170237.,0,3,3
WBGene00170238.,0,0,0
WBGene00170239.,0,0,0
WBGene00170240.,0,0,0
WBGene00170241.,0,0,0
WBGene00170242.,0,0,0
WBGene00170243.,0,0,0
WBGene00170244.,0,0,0
WBGene00170245.,0,0,0
WBGene00170246.,0,1,1
WBGene00170247.,0,0,0
WBGene00170248.,0,1,1
WBGene00170249.,0,0,0
WBGene00170250.,0,0,0
WBGene00170251.,0,0,0
WBGene00170252.,0,0,0
WBGene00170253.,0,0,0
WBGene00170254.,0,5,5
WBGene00170255.,0,0,0
WBGene00170256.,0,0,0
WBGene00170257.,0,0,0
WBGene00170258.,0,1,1
WBGene00170259.,0,0,0
WBGene00170260.,0,0,0
WBGene00170261.,0,0,0
WBGene00170262.,0,0,0
WBGene00170263.,0,0,0
WBGene00170264.,0,0,0
WBGene00170265.,0,0,0
WBGene00170266.,0,7,7
WBGene00170267.,0,0,0
WBGene00170268.,0,0,0
WBGene00170269.,0,0,0
WBGene00170270.,0,0,0
WBGene00170271.,0,0,0
WBGene00170272.,0,0,0
WBGene00170273.,0,0,0
WBGene00170274.,0,2,2
WBGene00170275.,0,7,7
WBGene00170276.,0,0,0
WBGene00170277.,0,0,0
WBGene00170278.,0,1,1
WBGene00170279.,0,1,1
WBGene00170280.,0,0,0
WBGene00170281.,0,0,0
WBGene00170282.,0,2,2
WBGene00170283.,0,0,0
WBGene00170284.,0,0,0
WBGene00170285.,0,0,0
WBGene00170286.,0,0,0
WBGene00170287.,0,0,0
WBGene00170288.,0,0,0
WBGene00170289.,0,2,2
WBGene00170290.,0,0,0
WBGene00170291.,0,0,0
WBGene00170292.,0,0,0
WBGene00170293.,0,0,0
WBGene00170294.,0,3,3
WBGene00170295.,0,0,0
WBGene00170296.,0,0,0
WBGene00170297.,0,0,0
WBGene00170298.,0,0,0
WBGene00170299.,0,0,0
WBGene00170300.,0,0,0
WBGene00170301.,0,0,0
WBGene00170302.,0,0,0
WBGene00170303.,0,0,0
WBGene00170304.,0,0,0
WBGene00170305.,0,0,0
WBGene00170306.,0,0,0
WBGene00170307.,0,0,0
WBGene00170308.,0,0,0
WBGene00170309.,0,0,0
WBGene00170310.,0,0,0
WBGene00170311.,0,0,0
WBGene00170312.,0,0,0
WBGene00170313.,0,0,0
WBGene00170314.,0,1,1
WBGene00170315.,0,0,0
WBGene00170316.,0,2,2
WBGene00170317.,0,0,0
WBGene00170318.,0,0,0
WBGene00170319.,0,0,0
WBGene00170320.,0,0,0
WBGene00170321.,0,2,2
WBGene00170322.,0,0,0
WBGene00170323.,0,1,1
WBGene00170324.,0,0,0
WBGene00170325.,0,0,0
WBGene00170326.,0,0,0
WBGene00170327.,0,0,0
WBGene00170328.,0,0,0
WBGene00170329.,0,0,0
WBGene00170330.,0,0,0
WBGene00170331.,0,0,0
WBGene00170332.,0,0,0
WBGene00170333.,0,0,0
WBGene00170334.,0,0,0
WBGene00170335.,0,0,0
WBGene00170336.,0,0,0
WBGene00170337.,0,0,0
WBGene00170338.,0,0,0
WBGene00170339.,0,0,0
WBGene00170340.,0,0,0
WBGene00170341.,0,1,1
WBGene00170342.,0,0,0
WBGene00170343.,0,0,0
WBGene00170344.,0,0,0
WBGene00170345.,0,0,0
WBGene00170346.,0,5,5
WBGene00170347.,0,0,0
WBGene00170348.,0,0,0
WBGene00170349.,0,0,0
WBGene00170350.,0,5,5
WBGene00170351.,0,0,0
WBGene00170352.,0,0,0
WBGene00170353.,0,0,0
WBGene00170354.,0,0,0
WBGene00170355.,0,0,0
WBGene00170356.,0,0,0
WBGene00170357.,0,0,0
WBGene00170358.,0,0,0
WBGene00170359.,0,0,0
WBGene00170360.,0,0,0
WBGene00170361.,0,0,0
WBGene00170362.,0,0,0
WBGene00170363.,0,0,0
WBGene00170364.,0,0,0
WBGene00170365.,0,5,5
WBGene00170366.,0,0,0
WBGene00170367.,0,1,1
WBGene00170368.,0,2,2
WBGene00170369.,0,0,0
WBGene00170370.,0,0,0
WBGene00170371.,0,0,0
WBGene00170372.,0,0,0
WBGene00170373.,0,3,3
WBGene00170374.,0,0,0
WBGene00170375.,0,0,0
WBGene00170376.,0,0,0
WBGene00170377.,0,0,0
WBGene00170378.,0,0,0
WBGene00170379.,0,0,0
WBGene00170380.,0,0,0
WBGene00170381.,0,3,3
WBGene00170382.,0,0,0
WBGene00170383.,0,0,0
WBGene00170384.,0,0,0
WBGene00170385.,0,2,2
WBGene00170386.,0,0,0
WBGene00170387.,0,0,0
WBGene00170388.,0,0,0
WBGene00170389.,0,2,2
WBGene00170390.,0,0,0
WBGene00170391.,0,0,0
WBGene00170392.,0,0,0
WBGene00170393.,0,0,0
WBGene00170394.,0,0,0
WBGene00170395.,0,0,0
WBGene00170396.,0,0,0
WBGene00170397.,0,0,0
WBGene00170398.,0,0,0
WBGene00170399.,0,0,0
WBGene00170400.,0,0,0
WBGene00170401.,0,0,0
WBGene00170402.,0,0,0
WBGene00170403.,0,0,0
WBGene00170404.,0,0,0
WBGene00170405.,0,0,0
WBGene00170406.,0,0,0
WBGene00170407.,0,0,0
WBGene00170408.,0,0,0
WBGene00170409.,0,0,0
WBGene00170410.,0,0,0
WBGene00170411.,0,0,0
WBGene00170412.,0,0,0
WBGene00170413.,0,0,0
WBGene00170414.,0,0,0
WBGene00170415.,0,0,0
WBGene00170416.,0,0,0
WBGene00170417.,0,0,0
WBGene00170418.,0,2,2
WBGene00170419.,0,0,0
WBGene00170420.,0,0,0
WBGene00170421.,0,0,0
WBGene00170422.,0,0,0
WBGene00170423.,0,0,0
WBGene00170424.,0,0,0
WBGene00170425.,0,2,2
WBGene00170426.,0,0,0
WBGene00170427.,0,0,0
WBGene00170428.,0,0,0
WBGene00170429.,0,3,3
WBGene00170430.,0,0,0
WBGene00170431.,0,0,0
WBGene00170432.,0,0,0
WBGene00170433.,0,0,0
WBGene00170434.,0,0,0
WBGene00170435.,0,0,0
WBGene00170436.,0,0,0
WBGene00170437.,0,0,0
WBGene00170438.,0,0,0
WBGene00170439.,0,0,0
WBGene00170440.,0,0,0
WBGene00170441.,0,0,0
WBGene00170442.,0,2,2
WBGene00170443.,0,0,0
WBGene00170444.,0,0,0
WBGene00170445.,0,0,0
WBGene00170446.,0,0,0
WBGene00170447.,0,0,0
WBGene00170448.,0,6,6
WBGene00170449.,0,0,0
WBGene00170450.,0,0,0
WBGene00170451.,0,0,0
WBGene00170452.,0,0,0
WBGene00170453.,0,0,0
WBGene00170454.,0,0,0
WBGene00170455.,0,0,0
WBGene00170456.,0,0,0
WBGene00170457.,0,0,0
WBGene00170458.,0,0,0
WBGene00170459.,0,0,0
WBGene00170460.,0,5,5
WBGene00170461.,0,0,0
WBGene00170462.,0,0,0
WBGene00170463.,0,0,0
WBGene00170464.,0,0,0
WBGene00170465.,0,0,0
WBGene00170466.,0,0,0
WBGene00170467.,0,0,0
WBGene00170468.,0,0,0
WBGene00170469.,0,0,0
WBGene00170470.,0,0,0
WBGene00170471.,0,0,0
WBGene00170472.,0,0,0
WBGene00170473.,0,0,0
WBGene00170474.,0,1,1
WBGene00170475.,0,0,0
WBGene00170476.,0,0,0
WBGene00170477.,0,0,0
WBGene00170478.,0,0,0
WBGene00170479.,0,0,0
WBGene00170480.,0,0,0
WBGene00170481.,0,0,0
WBGene00170482.,0,0,0
WBGene00170483.,0,1,1
WBGene00170484.,0,0,0
WBGene00170485.,0,1,1
WBGene00170486.,0,0,0
WBGene00170487.,0,1,1
WBGene00170488.,0,8,8
WBGene00170489.,0,0,0
WBGene00170490.,0,1,1
WBGene00170491.,0,0,0
WBGene00170492.,0,0,0
WBGene00170493.,0,0,0
WBGene00170494.,0,0,0
WBGene00170495.,0,0,0
WBGene00170496.,0,0,0
WBGene00170497.,0,0,0
WBGene00170498.,0,0,0
WBGene00170499.,0,0,0
WBGene00170500.,0,0,0
WBGene00170501.,0,0,0
WBGene00170502.,0,2,2
WBGene00170503.,0,0,0
WBGene00170504.,0,0,0
WBGene00170505.,0,0,0
WBGene00170506.,0,0,0
WBGene00170507.,0,0,0
WBGene00170508.,0,1,1
WBGene00170509.,0,0,0
WBGene00170510.,0,0,0
WBGene00170511.,0,5,5
WBGene00170512.,0,0,0
WBGene00170513.,0,0,0
WBGene00170514.,0,0,0
WBGene00170515.,0,24,24
WBGene00170516.,0,4,4
WBGene00170517.,0,0,0
WBGene00170518.,0,0,0
WBGene00170519.,0,2,2
WBGene00170520.,0,0,0
WBGene00170521.,0,0,0
WBGene00170522.,0,0,0
WBGene00170523.,0,0,0
WBGene00170524.,0,0,0
WBGene00170525.,0,0,0
WBGene00170526.,0,0,0
WBGene00170527.,0,0,0
WBGene00170528.,0,0,0
WBGene00170529.,0,0,0
WBGene00170530.,0,0,0
WBGene00170531.,0,0,0
WBGene00170532.,0,0,0
WBGene00170533.,0,0,0
WBGene00170534.,0,0,0
WBGene00170535.,0,0,0
WBGene00170536.,0,0,0
WBGene00170537.,0,0,0
WBGene00170538.,0,0,0
WBGene00170539.,0,0,0
WBGene00170540.,0,0,0
WBGene00170541.,0,0,0
WBGene00170542.,0,0,0
WBGene00170543.,0,0,0
WBGene00170544.,0,0,0
WBGene00170545.,0,0,0
WBGene00170546.,0,0,0
WBGene00170547.,0,0,0
WBGene00170548.,0,1,1
WBGene00170549.,0,0,0
WBGene00170550.,0,0,0
WBGene00170551.,0,0,0
WBGene00170552.,0,0,0
WBGene00170553.,0,2,2
WBGene00170554.,0,1,1
WBGene00170555.,0,0,0
WBGene00170556.,0,1,1
WBGene00170557.,0,0,0
WBGene00170558.,0,1,1
WBGene00170559.,0,0,0
WBGene00170560.,0,0,0
WBGene00170561.,0,0,0
WBGene00170562.,0,0,0
WBGene00170563.,0,0,0
WBGene00170564.,0,0,0
WBGene00170565.,0,0,0
WBGene00170566.,0,0,0
WBGene00170567.,0,0,0
WBGene00170568.,0,0,0
WBGene00170569.,0,0,0
WBGene00170570.,0,0,0
WBGene00170571.,0,0,0
WBGene00170572.,0,0,0
WBGene00170573.,0,0,0
WBGene00170574.,0,0,0
WBGene00170575.,0,0,0
WBGene00170576.,0,5,5
WBGene00170577.,0,0,0
WBGene00170578.,0,0,0
WBGene00170579.,0,2,2
WBGene00170580.,0,0,0
WBGene00170581.,0,5,5
WBGene00170582.,0,4,4
WBGene00170583.,0,0,0
WBGene00170584.,0,0,0
WBGene00170585.,0,0,0
WBGene00170586.,0,0,0
WBGene00170587.,0,4,4
WBGene00170588.,0,0,0
WBGene00170589.,0,0,0
WBGene00170590.,0,0,0
WBGene00170591.,0,5,5
WBGene00170592.,0,0,0
WBGene00170593.,0,0,0
WBGene00170594.,0,0,0
WBGene00170595.,0,0,0
WBGene00170596.,0,0,0
WBGene00170597.,0,0,0
WBGene00170598.,0,1,1
WBGene00170599.,0,0,0
WBGene00170600.,0,4,4
WBGene00170601.,0,0,0
WBGene00170602.,0,0,0
WBGene00170603.,0,0,0
WBGene00170604.,0,0,0
WBGene00170605.,0,0,0
WBGene00170606.,0,0,0
WBGene00170607.,0,3,3
WBGene00170608.,0,0,0
WBGene00170609.,0,0,0
WBGene00170610.,0,0,0
WBGene00170611.,0,4,4
WBGene00170612.,0,0,0
WBGene00170613.,0,0,0
WBGene00170614.,0,0,0
WBGene00170615.,0,0,0
WBGene00170616.,0,0,0
WBGene00170617.,0,0,0
WBGene00170618.,0,1,1
WBGene00170619.,0,0,0
WBGene00170620.,0,0,0
WBGene00170621.,0,4,4
WBGene00170622.,0,0,0
WBGene00170623.,0,0,0
WBGene00170624.,0,0,0
WBGene00170625.,0,0,0
WBGene00170626.,0,0,0
WBGene00170627.,0,0,0
WBGene00170628.,0,0,0
WBGene00170629.,0,0,0
WBGene00170630.,0,0,0
WBGene00170631.,0,0,0
WBGene00170632.,0,0,0
WBGene00170633.,0,54,54
WBGene00170634.,0,1,1
WBGene00170635.,0,0,0
WBGene00170636.,0,1,1
WBGene00170637.,0,0,0
WBGene00170638.,0,4,4
WBGene00170639.,0,0,0
WBGene00170640.,0,0,0
WBGene00170641.,0,0,0
WBGene00170642.,0,1,1
WBGene00170643.,0,2,2
WBGene00170644.,0,3,3
WBGene00170645.,0,0,0
WBGene00170646.,0,0,0
WBGene00170647.,0,4,4
WBGene00170648.,0,0,0
WBGene00170649.,0,0,0
WBGene00170650.,0,0,0
WBGene00170651.,0,0,0
WBGene00170652.,0,0,0
WBGene00170653.,0,0,0
WBGene00170654.,0,0,0
WBGene00170655.,0,0,0
WBGene00170656.,0,0,0
WBGene00170657.,0,0,0
WBGene00170658.,0,0,0
WBGene00170659.,0,0,0
WBGene00170660.,0,0,0
WBGene00170661.,0,0,0
WBGene00170662.,0,0,0
WBGene00170663.,0,0,0
WBGene00170664.,0,0,0
WBGene00170665.,0,0,0
WBGene00170666.,0,0,0
WBGene00170667.,0,0,0
WBGene00170668.,0,0,0
WBGene00170669.,0,0,0
WBGene00170670.,0,0,0
WBGene00170671.,0,2,2
WBGene00170672.,0,0,0
WBGene00170673.,0,4,4
WBGene00170674.,0,1,1
WBGene00170675.,0,1,1
WBGene00170676.,0,0,0
WBGene00170677.,0,0,0
WBGene00170678.,0,0,0
WBGene00170679.,0,0,0
WBGene00170680.,0,0,0
WBGene00170681.,0,0,0
WBGene00170682.,0,0,0
WBGene00170683.,0,2,2
WBGene00170684.,0,0,0
WBGene00170685.,0,0,0
WBGene00170686.,0,5,5
WBGene00170687.,0,0,0
WBGene00170688.,0,4,4
WBGene00170689.,0,0,0
WBGene00170690.,0,0,0
WBGene00170691.,0,3,3
WBGene00170692.,0,0,0
WBGene00170693.,0,0,0
WBGene00170694.,0,0,0
WBGene00170695.,0,0,0
WBGene00170697.,0,7,7
WBGene00170698.,0,0,0
WBGene00170699.,0,0,0
WBGene00170700.,0,0,0
WBGene00170701.,0,1,1
WBGene00170702.,0,0,0
WBGene00170703.,0,0,0
WBGene00170704.,0,1,1
WBGene00170705.,0,0,0
WBGene00170706.,0,0,0
WBGene00170707.,0,0,0
WBGene00170708.,0,4,4
WBGene00170709.,0,0,0
WBGene00170710.,0,0,0
WBGene00170711.,0,0,0
WBGene00170712.,0,3,3
WBGene00170713.,0,0,0
WBGene00170714.,0,1,1
WBGene00170715.,0,0,0
WBGene00170716.,0,0,0
WBGene00170717.,0,0,0
WBGene00170718.,0,0,0
WBGene00170719.,0,0,0
WBGene00170720.,0,0,0
WBGene00170721.,0,0,0
WBGene00170722.,0,0,0
WBGene00170723.,0,0,0
WBGene00170724.,0,0,0
WBGene00170725.,0,3,3
WBGene00170726.,0,0,0
WBGene00170727.,0,0,0
WBGene00170728.,0,0,0
WBGene00170729.,0,0,0
WBGene00170730.,0,0,0
WBGene00170731.,0,0,0
WBGene00170732.,0,1,1
WBGene00170733.,0,0,0
WBGene00170734.,0,0,0
WBGene00170735.,0,0,0
WBGene00170736.,0,0,0
WBGene00170737.,0,1,1
WBGene00170738.,0,0,0
WBGene00170739.,0,0,0
WBGene00170740.,0,0,0
WBGene00170741.,0,0,0
WBGene00170742.,0,0,0
WBGene00170743.,0,3,3
WBGene00170744.,0,0,0
WBGene00170745.,0,0,0
WBGene00170746.,0,0,0
WBGene00170747.,0,0,0
WBGene00170748.,0,0,0
WBGene00170749.,0,0,0
WBGene00170750.,0,4,4
WBGene00170751.,0,0,0
WBGene00170752.,0,0,0
WBGene00170753.,0,0,0
WBGene00170754.,0,0,0
WBGene00170755.,0,0,0
WBGene00170756.,0,2,2
WBGene00170757.,0,0,0
WBGene00170758.,0,0,0
WBGene00170759.,0,0,0
WBGene00170760.,0,1,1
WBGene00170761.,0,0,0
WBGene00170762.,0,0,0
WBGene00170763.,0,0,0
WBGene00170764.,0,0,0
WBGene00170765.,0,2,2
WBGene00170766.,0,0,0
WBGene00170767.,0,0,0
WBGene00170768.,0,1,1
WBGene00170769.,0,0,0
WBGene00170770.,0,0,0
WBGene00170771.,0,0,0
WBGene00170772.,0,0,0
WBGene00170773.,0,0,0
WBGene00170774.,0,0,0
WBGene00170775.,0,0,0
WBGene00170776.,0,0,0
WBGene00170777.,0,0,0
WBGene00170778.,0,0,0
WBGene00170779.,0,0,0
WBGene00170780.,0,0,0
WBGene00170781.,0,0,0
WBGene00170782.,0,0,0
WBGene00170783.,0,0,0
WBGene00170784.,0,0,0
WBGene00170785.,0,1,1
WBGene00170786.,0,0,0
WBGene00170787.,0,0,0
WBGene00170788.,0,0,0
WBGene00170789.,0,0,0
WBGene00170790.,0,0,0
WBGene00170791.,0,0,0
WBGene00170792.,0,0,0
WBGene00170793.,0,0,0
WBGene00170794.,0,0,0
WBGene00170795.,0,10,10
WBGene00170796.,0,1,1
WBGene00170797.,0,0,0
WBGene00170798.,0,0,0
WBGene00170799.,0,0,0
WBGene00170800.,0,0,0
WBGene00170801.,0,1,1
WBGene00170802.,0,3,3
WBGene00170803.,0,0,0
WBGene00170804.,0,0,0
WBGene00170805.,0,2,2
WBGene00170806.,0,0,0
WBGene00170807.,0,0,0
WBGene00170808.,0,0,0
WBGene00170809.,0,0,0
WBGene00170810.,0,0,0
WBGene00170811.,0,0,0
WBGene00170812.,0,0,0
WBGene00170813.,0,0,0
WBGene00170814.,0,0,0
WBGene00170815.,0,0,0
WBGene00170816.,0,0,0
WBGene00170817.,0,0,0
WBGene00170818.,0,0,0
WBGene00170819.,0,0,0
WBGene00170820.,0,0,0
WBGene00170821.,0,0,0
WBGene00170822.,0,0,0
WBGene00170823.,0,0,0
WBGene00170824.,0,0,0
WBGene00170825.,0,0,0
WBGene00170826.,0,0,0
WBGene00170827.,0,0,0
WBGene00170828.,0,0,0
WBGene00170829.,0,0,0
WBGene00170830.,0,0,0
WBGene00170831.,0,0,0
WBGene00170832.,0,0,0
WBGene00170833.,0,3,3
WBGene00170834.,0,0,0
WBGene00170835.,0,5,5
WBGene00170836.,0,0,0
WBGene00170837.,0,0,0
WBGene00170838.,0,0,0
WBGene00170839.,0,0,0
WBGene00170840.,0,0,0
WBGene00170841.,0,0,0
WBGene00170842.,0,2,2
WBGene00170843.,0,0,0
WBGene00170844.,0,0,0
WBGene00170845.,0,0,0
WBGene00170846.,0,0,0
WBGene00170847.,0,0,0
WBGene00170848.,0,0,0
WBGene00170849.,0,0,0
WBGene00170850.,0,0,0
WBGene00170851.,0,0,0
WBGene00170852.,0,0,0
WBGene00170853.,0,0,0
WBGene00170854.,0,0,0
WBGene00170855.,0,0,0
WBGene00170856.,0,0,0
WBGene00170857.,0,0,0
WBGene00170858.,0,0,0
WBGene00170859.,0,0,0
WBGene00170860.,0,0,0
WBGene00170861.,0,0,0
WBGene00170862.,0,0,0
WBGene00170863.,0,5,5
WBGene00170864.,0,0,0
WBGene00170865.,0,0,0
WBGene00170866.,0,0,0
WBGene00170867.,0,0,0
WBGene00170868.,0,1,1
WBGene00170869.,0,0,0
WBGene00170870.,0,0,0
WBGene00170871.,0,0,0
WBGene00170872.,0,0,0
WBGene00170873.,0,0,0
WBGene00170874.,0,0,0
WBGene00170875.,0,0,0
WBGene00170876.,0,2,2
WBGene00170877.,0,0,0
WBGene00170878.,0,0,0
WBGene00170879.,0,0,0
WBGene00170880.,0,0,0
WBGene00170881.,0,0,0
WBGene00170882.,0,1,1
WBGene00170883.,0,0,0
WBGene00170884.,0,0,0
WBGene00170885.,0,0,0
WBGene00170886.,0,0,0
WBGene00170887.,0,0,0
WBGene00170888.,0,0,0
WBGene00170889.,0,0,0
WBGene00170890.,0,0,0
WBGene00170891.,0,0,0
WBGene00170892.,0,0,0
WBGene00170893.,0,0,0
WBGene00170894.,0,0,0
WBGene00170895.,0,0,0
WBGene00170896.,0,0,0
WBGene00170897.,0,0,0
WBGene00170898.,0,0,0
WBGene00170899.,0,0,0
WBGene00170900.,0,0,0
WBGene00170901.,0,0,0
WBGene00170902.,0,0,0
WBGene00170903.,0,0,0
WBGene00170904.,0,9,9
WBGene00170905.,0,0,0
WBGene00170906.,0,0,0
WBGene00170907.,0,0,0
WBGene00170908.,0,0,0
WBGene00170909.,0,0,0
WBGene00170910.,0,0,0
WBGene00170911.,0,0,0
WBGene00170912.,0,0,0
WBGene00170913.,0,0,0
WBGene00170914.,0,1,1
WBGene00170915.,0,4,4
WBGene00170916.,0,0,0
WBGene00170917.,0,0,0
WBGene00170918.,0,0,0
WBGene00170919.,0,0,0
WBGene00170920.,0,0,0
WBGene00170921.,0,0,0
WBGene00170922.,0,0,0
WBGene00170923.,0,0,0
WBGene00170924.,0,1,1
WBGene00170925.,0,0,0
WBGene00170926.,0,8,8
WBGene00170927.,0,0,0
WBGene00170928.,0,0,0
WBGene00170929.,0,0,0
WBGene00170930.,0,0,0
WBGene00170931.,0,0,0
WBGene00170932.,0,0,0
WBGene00170933.,0,0,0
WBGene00170934.,0,0,0
WBGene00170935.,0,0,0
WBGene00170936.,0,0,0
WBGene00170937.,0,0,0
WBGene00170938.,0,0,0
WBGene00170939.,0,0,0
WBGene00170940.,0,0,0
WBGene00170941.,0,0,0
WBGene00170942.,0,0,0
WBGene00170943.,0,0,0
WBGene00170944.,0,0,0
WBGene00170945.,0,0,0
WBGene00170946.,0,0,0
WBGene00170947.,0,4,4
WBGene00170948.,0,0,0
WBGene00170949.,0,0,0
WBGene00170950.,0,0,0
WBGene00170951.,0,43,43
WBGene00170952.,0,5,5
WBGene00170953.,0,0,0
WBGene00170954.,0,28,28
WBGene00170955.,0,0,0
WBGene00170956.,0,0,0
WBGene00170957.,0,0,0
WBGene00170958.,0,0,0
WBGene00170959.,0,0,0
WBGene00170960.,0,0,0
WBGene00170961.,0,3,3
WBGene00170962.,0,0,0
WBGene00170963.,0,1,1
WBGene00170964.,0,3,3
WBGene00170965.,0,1,1
WBGene00170966.,0,1,1
WBGene00170967.,0,0,0
WBGene00170968.,0,0,0
WBGene00170969.,0,0,0
WBGene00170970.,0,0,0
WBGene00170971.,0,0,0
WBGene00170972.,0,0,0
WBGene00170973.,0,1,1
WBGene00170974.,0,33,33
WBGene00170975.,0,1,1
WBGene00170976.,0,0,0
WBGene00170977.,0,4,4
WBGene00170978.,0,11,11
WBGene00170979.,0,0,0
WBGene00170980.,0,34,34
WBGene00170981.,0,0,0
WBGene00170982.,0,0,0
WBGene00170983.,0,4,4
WBGene00170984.,0,0,0
WBGene00170985.,0,0,0
WBGene00170986.,0,2,2
WBGene00170987.,0,0,0
WBGene00170988.,0,1,1
WBGene00170989.,0,0,0
WBGene00170990.,0,0,0
WBGene00170991.,0,5,5
WBGene00170992.,0,0,0
WBGene00170993.,0,0,0
WBGene00170994.,0,0,0
WBGene00170995.,0,0,0
WBGene00170996.,0,5,5
WBGene00170997.,0,0,0
WBGene00170998.,0,4,4
WBGene00170999.,0,0,0
WBGene00171000.,0,0,0
WBGene00171001.,0,5,5
WBGene00171002.,0,0,0
WBGene00171003.,0,0,0
WBGene00171004.,0,1,1
WBGene00171005.,0,0,0
WBGene00171006.,0,0,0
WBGene00171007.,0,0,0
WBGene00171008.,0,0,0
WBGene00171009.,0,1,1
WBGene00171010.,0,0,0
WBGene00171011.,0,0,0
WBGene00171012.,0,0,0
WBGene00171013.,0,0,0
WBGene00171014.,0,10,10
WBGene00171015.,0,1,1
WBGene00171016.,0,0,0
WBGene00171017.,0,0,0
WBGene00171018.,0,0,0
WBGene00171019.,0,0,0
WBGene00171020.,0,0,0
WBGene00171021.,0,0,0
WBGene00171022.,0,0,0
WBGene00171023.,0,0,0
WBGene00171024.,0,0,0
WBGene00171025.,0,0,0
WBGene00171026.,0,1,1
WBGene00171027.,0,0,0
WBGene00171028.,0,0,0
WBGene00171029.,0,11,11
WBGene00171030.,0,0,0
WBGene00171031.,0,0,0
WBGene00171032.,0,0,0
WBGene00171033.,0,0,0
WBGene00171034.,0,0,0
WBGene00171035.,0,0,0
WBGene00171036.,0,0,0
WBGene00171037.,0,0,0
WBGene00171038.,0,0,0
WBGene00171039.,0,0,0
WBGene00171040.,0,0,0
WBGene00171041.,0,19,19
WBGene00171042.,0,0,0
WBGene00171043.,0,0,0
WBGene00171044.,0,0,0
WBGene00171045.,0,0,0
WBGene00171046.,0,0,0
WBGene00171047.,0,0,0
WBGene00171048.,0,0,0
WBGene00171049.,0,0,0
WBGene00171050.,0,0,0
WBGene00171051.,0,1,1
WBGene00171052.,0,0,0
WBGene00171053.,0,0,0
WBGene00171054.,0,0,0
WBGene00171055.,0,0,0
WBGene00171056.,0,0,0
WBGene00171057.,0,0,0
WBGene00171058.,0,0,0
WBGene00171059.,0,0,0
WBGene00171060.,0,0,0
WBGene00171061.,0,6,6
WBGene00171062.,0,0,0
WBGene00171063.,0,0,0
WBGene00171064.,0,0,0
WBGene00171065.,0,0,0
WBGene00171066.,0,0,0
WBGene00171067.,0,0,0
WBGene00171068.,0,0,0
WBGene00171069.,0,10,10
WBGene00171070.,0,0,0
WBGene00171071.,0,0,0
WBGene00171072.,0,0,0
WBGene00171073.,0,0,0
WBGene00171074.,0,0,0
WBGene00171075.,0,0,0
WBGene00171076.,0,1,1
WBGene00171077.,0,0,0
WBGene00171078.,0,0,0
WBGene00171079.,0,0,0
WBGene00171080.,0,4,4
WBGene00171081.,0,0,0
WBGene00171082.,0,0,0
WBGene00171083.,0,0,0
WBGene00171084.,0,0,0
WBGene00171085.,0,0,0
WBGene00171086.,0,0,0
WBGene00171087.,0,2,2
WBGene00171088.,0,0,0
WBGene00171089.,0,0,0
WBGene00171090.,0,0,0
WBGene00171091.,0,3,3
WBGene00171092.,0,0,0
WBGene00171093.,0,0,0
WBGene00171094.,0,0,0
WBGene00171095.,0,0,0
WBGene00171096.,0,0,0
WBGene00171097.,0,0,0
WBGene00171098.,0,0,0
WBGene00171099.,0,0,0
WBGene00171100.,0,0,0
WBGene00171101.,0,0,0
WBGene00171102.,0,0,0
WBGene00171103.,0,0,0
WBGene00171104.,0,0,0
WBGene00171105.,0,0,0
WBGene00171106.,0,0,0
WBGene00171107.,0,4,4
WBGene00171108.,0,0,0
WBGene00171109.,0,0,0
WBGene00171110.,0,0,0
WBGene00171111.,0,0,0
WBGene00171112.,0,0,0
WBGene00171113.,0,1,1
WBGene00171114.,0,0,0
WBGene00171115.,0,0,0
WBGene00171116.,0,1,1
WBGene00171117.,0,1,1
WBGene00171118.,0,0,0
WBGene00171119.,0,0,0
WBGene00171120.,0,0,0
WBGene00171121.,0,0,0
WBGene00171122.,0,0,0
WBGene00171123.,0,0,0
WBGene00171124.,0,0,0
WBGene00171125.,0,0,0
WBGene00171126.,0,0,0
WBGene00171127.,0,0,0
WBGene00171128.,0,0,0
WBGene00171129.,0,0,0
WBGene00171130.,0,0,0
WBGene00171131.,0,0,0
WBGene00171132.,0,1,1
WBGene00171133.,0,0,0
WBGene00171134.,0,0,0
WBGene00171135.,0,0,0
WBGene00171136.,0,0,0
WBGene00171137.,0,0,0
WBGene00171138.,0,1,1
WBGene00171139.,0,0,0
WBGene00171140.,0,0,0
WBGene00171141.,0,1,1
WBGene00171142.,0,0,0
WBGene00171143.,0,0,0
WBGene00171144.,0,0,0
WBGene00171145.,0,0,0
WBGene00171146.,0,0,0
WBGene00171147.,0,0,0
WBGene00171148.,0,0,0
WBGene00171149.,0,0,0
WBGene00171150.,0,0,0
WBGene00171151.,0,0,0
WBGene00171152.,0,8,8
WBGene00171153.,0,0,0
WBGene00171154.,0,0,0
WBGene00171155.,0,1,1
WBGene00171156.,0,1,1
WBGene00171157.,0,0,0
WBGene00171158.,0,0,0
WBGene00171159.,0,0,0
WBGene00171160.,0,0,0
WBGene00171161.,0,0,0
WBGene00171162.,0,0,0
WBGene00171163.,0,0,0
WBGene00171164.,0,0,0
WBGene00171165.,0,0,0
WBGene00171166.,0,1,1
WBGene00171167.,0,0,0
WBGene00171168.,0,0,0
WBGene00171169.,0,8,8
WBGene00171170.,0,0,0
WBGene00171171.,0,0,0
WBGene00171172.,0,1,1
WBGene00171173.,0,0,0
WBGene00171174.,0,0,0
WBGene00171175.,0,0,0
WBGene00171176.,0,0,0
WBGene00171177.,0,0,0
WBGene00171178.,0,0,0
WBGene00171179.,0,0,0
WBGene00171180.,0,0,0
WBGene00171181.,0,2,2
WBGene00171182.,0,0,0
WBGene00171183.,0,0,0
WBGene00171184.,0,0,0
WBGene00171185.,0,0,0
WBGene00171186.,0,0,0
WBGene00171187.,0,0,0
WBGene00171188.,0,2,2
WBGene00171189.,0,0,0
WBGene00171190.,0,1,1
WBGene00171191.,0,0,0
WBGene00171192.,0,1,1
WBGene00171193.,0,1,1
WBGene00171194.,0,4,4
WBGene00171195.,0,0,0
WBGene00171196.,0,0,0
WBGene00171197.,0,0,0
WBGene00171198.,0,1,1
WBGene00171199.,0,0,0
WBGene00171200.,0,0,0
WBGene00171201.,0,0,0
WBGene00171202.,0,0,0
WBGene00171203.,0,0,0
WBGene00171204.,0,0,0
WBGene00171205.,0,0,0
WBGene00171206.,0,0,0
WBGene00171207.,0,0,0
WBGene00171208.,0,0,0
WBGene00171209.,0,1,1
WBGene00171210.,0,0,0
WBGene00171211.,0,7,7
WBGene00171212.,0,0,0
WBGene00171213.,0,0,0
WBGene00171214.,0,0,0
WBGene00171215.,0,0,0
WBGene00171216.,0,0,0
WBGene00171217.,0,0,0
WBGene00171218.,0,0,0
WBGene00171219.,0,0,0
WBGene00171220.,0,1,1
WBGene00171221.,0,15,15
WBGene00171222.,0,0,0
WBGene00171223.,0,0,0
WBGene00171224.,0,0,0
WBGene00171225.,0,0,0
WBGene00171226.,0,0,0
WBGene00171227.,0,0,0
WBGene00171228.,0,0,0
WBGene00171229.,0,0,0
WBGene00171230.,0,1,1
WBGene00171231.,0,0,0
WBGene00171232.,0,0,0
WBGene00171233.,0,0,0
WBGene00171234.,0,0,0
WBGene00171235.,0,0,0
WBGene00171236.,0,0,0
WBGene00171237.,0,0,0
WBGene00171238.,0,2,2
WBGene00171239.,0,0,0
WBGene00171240.,0,0,0
WBGene00171241.,0,0,0
WBGene00171242.,0,0,0
WBGene00171243.,0,0,0
WBGene00171244.,0,1,1
WBGene00171245.,0,0,0
WBGene00171246.,0,0,0
WBGene00171247.,0,0,0
WBGene00171248.,0,0,0
WBGene00171249.,0,0,0
WBGene00171250.,0,0,0
WBGene00171251.,0,0,0
WBGene00171252.,0,2,2
WBGene00171253.,0,0,0
WBGene00171254.,0,0,0
WBGene00171255.,0,0,0
WBGene00171256.,0,0,0
WBGene00171257.,0,0,0
WBGene00171258.,0,0,0
WBGene00171259.,0,0,0
WBGene00171260.,0,0,0
WBGene00171261.,0,0,0
WBGene00171262.,0,0,0
WBGene00171263.,0,0,0
WBGene00171264.,0,0,0
WBGene00171265.,0,28,28
WBGene00171266.,0,0,0
WBGene00171267.,0,0,0
WBGene00171268.,0,0,0
WBGene00171269.,0,0,0
WBGene00171270.,0,2,2
WBGene00171271.,0,0,0
WBGene00171272.,0,0,0
WBGene00171273.,0,0,0
WBGene00171274.,0,1,1
WBGene00171275.,0,0,0
WBGene00171276.,0,0,0
WBGene00171277.,0,0,0
WBGene00171278.,0,0,0
WBGene00171279.,0,13,13
WBGene00171280.,0,9,9
WBGene00171281.,0,1,1
WBGene00171282.,0,0,0
WBGene00171283.,0,0,0
WBGene00171284.,0,2,2
WBGene00171285.,0,0,0
WBGene00171286.,0,72,72
WBGene00171287.,0,0,0
WBGene00171288.,0,0,0
WBGene00171289.,0,2,2
WBGene00171290.,0,3,3
WBGene00171291.,0,0,0
WBGene00171292.,0,0,0
WBGene00171293.,0,1,1
WBGene00171294.,0,1,1
WBGene00171295.,0,0,0
WBGene00171296.,0,0,0
WBGene00171297.,0,0,0
WBGene00171298.,0,0,0
WBGene00171299.,0,0,0
WBGene00171300.,0,0,0
WBGene00171301.,0,0,0
WBGene00171302.,0,0,0
WBGene00171303.,0,0,0
WBGene00171304.,0,0,0
WBGene00171305.,0,1,1
WBGene00171306.,0,0,0
WBGene00171307.,0,0,0
WBGene00171308.,0,0,0
WBGene00171309.,0,3,3
WBGene00171310.,0,0,0
WBGene00171311.,0,6,6
WBGene00171312.,0,0,0
WBGene00171313.,0,0,0
WBGene00171314.,0,0,0
WBGene00171315.,0,0,0
WBGene00171316.,0,0,0
WBGene00171317.,0,1,1
WBGene00171318.,0,0,0
WBGene00171319.,0,0,0
WBGene00171320.,0,0,0
WBGene00171321.,0,0,0
WBGene00171322.,0,0,0
WBGene00171323.,0,14,14
WBGene00171324.,0,0,0
WBGene00171325.,0,0,0
WBGene00171326.,0,0,0
WBGene00171327.,0,0,0
WBGene00171328.,0,0,0
WBGene00171329.,0,5,5
WBGene00171330.,0,0,0
WBGene00171331.,0,0,0
WBGene00171332.,0,0,0
WBGene00171333.,0,2,2
WBGene00171334.,0,0,0
WBGene00171335.,0,1,1
WBGene00171336.,0,0,0
WBGene00171337.,0,0,0
WBGene00171338.,0,0,0
WBGene00171339.,0,0,0
WBGene00171340.,0,0,0
WBGene00171341.,0,0,0
WBGene00171342.,0,0,0
WBGene00171343.,0,1,1
WBGene00171344.,0,0,0
WBGene00171345.,0,0,0
WBGene00171346.,0,4,4
WBGene00171347.,0,50,50
WBGene00171348.,0,0,0
WBGene00171349.,0,0,0
WBGene00171350.,0,0,0
WBGene00171351.,0,0,0
WBGene00171352.,0,0,0
WBGene00171353.,0,0,0
WBGene00171354.,0,0,0
WBGene00171355.,0,0,0
WBGene00171356.,0,0,0
WBGene00171357.,0,0,0
WBGene00171358.,0,2,2
WBGene00171359.,0,4,4
WBGene00171360.,0,0,0
WBGene00171361.,0,0,0
WBGene00171362.,0,0,0
WBGene00171363.,0,0,0
WBGene00171364.,0,1,1
WBGene00171365.,0,1,1
WBGene00171366.,0,0,0
WBGene00171367.,0,0,0
WBGene00171368.,0,1,1
WBGene00171369.,0,0,0
WBGene00171370.,0,0,0
WBGene00171371.,0,0,0
WBGene00171372.,0,0,0
WBGene00171373.,0,0,0
WBGene00171374.,0,0,0
WBGene00171375.,0,1,1
WBGene00171376.,0,0,0
WBGene00171377.,0,0,0
WBGene00171378.,0,0,0
WBGene00171379.,0,0,0
WBGene00171380.,0,0,0
WBGene00171381.,0,0,0
WBGene00171382.,0,0,0
WBGene00171383.,0,0,0
WBGene00171384.,0,0,0
WBGene00171385.,0,0,0
WBGene00171386.,0,0,0
WBGene00171387.,0,0,0
WBGene00171388.,0,0,0
WBGene00171389.,0,1,1
WBGene00171390.,0,1,1
WBGene00171391.,0,0,0
WBGene00171392.,0,0,0
WBGene00171393.,0,0,0
WBGene00171394.,0,0,0
WBGene00171395.,0,0,0
WBGene00171396.,0,0,0
WBGene00171397.,0,0,0
WBGene00171398.,0,0,0
WBGene00171399.,0,0,0
WBGene00171400.,0,0,0
WBGene00171401.,0,0,0
WBGene00171402.,0,0,0
WBGene00171403.,0,0,0
WBGene00171404.,0,0,0
WBGene00171405.,0,2,2
WBGene00171406.,0,1,1
WBGene00171407.,0,1,1
WBGene00171408.,0,0,0
WBGene00171409.,0,0,0
WBGene00171410.,0,0,0
WBGene00171411.,0,9,9
WBGene00171412.,0,6,6
WBGene00171413.,0,0,0
WBGene00171414.,0,0,0
WBGene00171415.,0,0,0
WBGene00171416.,0,0,0
WBGene00171417.,0,1,1
WBGene00171418.,0,0,0
WBGene00171419.,0,0,0
WBGene00171420.,0,0,0
WBGene00171421.,0,5,5
WBGene00171422.,0,0,0
WBGene00171423.,0,3,3
WBGene00171424.,0,0,0
WBGene00171425.,0,0,0
WBGene00171426.,0,0,0
WBGene00171427.,0,0,0
WBGene00171428.,0,4,4
WBGene00171429.,0,0,0
WBGene00171430.,0,0,0
WBGene00171431.,0,0,0
WBGene00171432.,0,0,0
WBGene00171433.,0,0,0
WBGene00171434.,0,0,0
WBGene00171435.,0,0,0
WBGene00171436.,0,0,0
WBGene00171437.,0,1,1
WBGene00171438.,0,0,0
WBGene00171439.,0,0,0
WBGene00171440.,0,1,1
WBGene00171441.,0,0,0
WBGene00171442.,0,0,0
WBGene00171443.,0,2,2
WBGene00171444.,0,0,0
WBGene00171445.,0,0,0
WBGene00171446.,0,0,0
WBGene00171447.,0,0,0
WBGene00171448.,0,0,0
WBGene00171449.,0,0,0
WBGene00171450.,0,0,0
WBGene00171451.,0,3,3
WBGene00171452.,0,0,0
WBGene00171453.,0,0,0
WBGene00171454.,0,0,0
WBGene00171455.,0,1,1
WBGene00171456.,0,4,4
WBGene00171457.,0,2,2
WBGene00171458.,0,0,0
WBGene00171459.,0,1,1
WBGene00171460.,0,0,0
WBGene00171461.,0,2,2
WBGene00171462.,0,0,0
WBGene00171463.,0,0,0
WBGene00171464.,0,0,0
WBGene00171465.,0,0,0
WBGene00171466.,0,0,0
WBGene00171467.,0,0,0
WBGene00171468.,0,0,0
WBGene00171469.,0,0,0
WBGene00171470.,0,27,27
WBGene00171471.,0,0,0
WBGene00171472.,0,0,0
WBGene00171473.,0,3,3
WBGene00171474.,0,1,1
WBGene00171475.,0,0,0
WBGene00171476.,0,0,0
WBGene00171477.,0,0,0
WBGene00171478.,0,4,4
WBGene00171479.,0,0,0
WBGene00171480.,0,0,0
WBGene00171481.,0,0,0
WBGene00171482.,0,0,0
WBGene00171483.,0,0,0
WBGene00171484.,0,1,1
WBGene00171485.,0,0,0
WBGene00171486.,0,0,0
WBGene00171487.,0,0,0
WBGene00171488.,0,0,0
WBGene00171489.,0,0,0
WBGene00171490.,0,0,0
WBGene00171491.,0,0,0
WBGene00171492.,0,0,0
WBGene00171493.,0,0,0
WBGene00171494.,0,0,0
WBGene00171495.,0,0,0
WBGene00171496.,0,0,0
WBGene00171497.,0,0,0
WBGene00171498.,0,0,0
WBGene00171499.,0,0,0
WBGene00171500.,0,2,2
WBGene00171501.,0,0,0
WBGene00171502.,0,0,0
WBGene00171503.,0,0,0
WBGene00171504.,0,0,0
WBGene00171505.,0,1,1
WBGene00171506.,0,0,0
WBGene00171507.,0,0,0
WBGene00171508.,0,0,0
WBGene00171509.,0,0,0
WBGene00171510.,0,0,0
WBGene00171511.,0,0,0
WBGene00171512.,0,0,0
WBGene00171513.,0,1,1
WBGene00171514.,0,0,0
WBGene00171515.,0,6,6
WBGene00171516.,0,0,0
WBGene00171517.,0,0,0
WBGene00171518.,0,0,0
WBGene00171519.,0,0,0
WBGene00171520.,0,0,0
WBGene00171521.,0,0,0
WBGene00171522.,0,0,0
WBGene00171523.,0,0,0
WBGene00171524.,0,0,0
WBGene00171525.,0,6,6
WBGene00171526.,0,8,8
WBGene00171527.,0,0,0
WBGene00171528.,0,0,0
WBGene00171529.,0,4,4
WBGene00171530.,0,0,0
WBGene00171531.,0,1,1
WBGene00171532.,0,0,0
WBGene00171533.,0,0,0
WBGene00171534.,0,0,0
WBGene00171535.,0,0,0
WBGene00171536.,0,0,0
WBGene00171537.,0,0,0
WBGene00171538.,0,0,0
WBGene00171539.,0,0,0
WBGene00171540.,0,0,0
WBGene00171541.,0,0,0
WBGene00171542.,0,0,0
WBGene00171543.,0,1,1
WBGene00171544.,0,0,0
WBGene00171545.,0,0,0
WBGene00171546.,0,0,0
WBGene00171547.,0,2,2
WBGene00171548.,0,0,0
WBGene00171549.,0,0,0
WBGene00171550.,0,0,0
WBGene00171551.,0,0,0
WBGene00171552.,0,0,0
WBGene00171553.,0,0,0
WBGene00171554.,0,0,0
WBGene00171555.,0,0,0
WBGene00171556.,0,0,0
WBGene00171557.,0,0,0
WBGene00171558.,0,0,0
WBGene00171559.,0,175,175
WBGene00171560.,0,0,0
WBGene00171561.,0,0,0
WBGene00171562.,0,0,0
WBGene00171563.,0,0,0
WBGene00171564.,0,0,0
WBGene00171565.,0,0,0
WBGene00171566.,0,0,0
WBGene00171567.,0,0,0
WBGene00171568.,0,4,4
WBGene00171569.,0,0,0
WBGene00171570.,0,0,0
WBGene00171571.,0,0,0
WBGene00171572.,0,0,0
WBGene00171573.,0,0,0
WBGene00171574.,0,0,0
WBGene00171575.,0,0,0
WBGene00171576.,0,0,0
WBGene00171577.,0,0,0
WBGene00171578.,0,0,0
WBGene00171579.,0,0,0
WBGene00171580.,0,0,0
WBGene00171581.,0,0,0
WBGene00171582.,0,0,0
WBGene00171583.,0,0,0
WBGene00171584.,0,0,0
WBGene00171585.,0,0,0
WBGene00171586.,0,0,0
WBGene00171587.,0,7,7
WBGene00171588.,0,1,1
WBGene00171589.,0,1,1
WBGene00171590.,0,0,0
WBGene00171591.,0,0,0
WBGene00171592.,0,0,0
WBGene00171593.,0,1,1
WBGene00171594.,0,0,0
WBGene00171595.,0,0,0
WBGene00171596.,0,5,5
WBGene00171597.,0,0,0
WBGene00171598.,0,0,0
WBGene00171599.,0,0,0
WBGene00171600.,0,0,0
WBGene00171601.,0,0,0
WBGene00171602.,0,0,0
WBGene00171603.,0,0,0
WBGene00171604.,0,0,0
WBGene00171605.,0,0,0
WBGene00171606.,0,0,0
WBGene00171607.,0,0,0
WBGene00171608.,0,2,2
WBGene00171609.,0,0,0
WBGene00171610.,0,0,0
WBGene00171611.,0,0,0
WBGene00171612.,0,0,0
WBGene00171613.,0,0,0
WBGene00171614.,0,0,0
WBGene00171615.,0,0,0
WBGene00171616.,0,0,0
WBGene00171617.,0,0,0
WBGene00171618.,0,0,0
WBGene00171619.,0,0,0
WBGene00171620.,0,0,0
WBGene00171621.,0,0,0
WBGene00171622.,0,4,4
WBGene00171623.,0,5,5
WBGene00171624.,0,0,0
WBGene00171625.,0,0,0
WBGene00171626.,0,1,1
WBGene00171627.,0,1,1
WBGene00171628.,0,0,0
WBGene00171629.,0,0,0
WBGene00171630.,0,0,0
WBGene00171631.,0,0,0
WBGene00171632.,0,0,0
WBGene00171633.,0,0,0
WBGene00171634.,0,0,0
WBGene00171635.,0,0,0
WBGene00171636.,0,0,0
WBGene00171637.,0,0,0
WBGene00171638.,0,0,0
WBGene00171639.,0,0,0
WBGene00171640.,0,0,0
WBGene00171641.,0,0,0
WBGene00171642.,0,1,1
WBGene00171643.,0,0,0
WBGene00171644.,0,0,0
WBGene00171645.,0,0,0
WBGene00171646.,0,1,1
WBGene00171647.,0,0,0
WBGene00171648.,0,0,0
WBGene00171649.,0,0,0
WBGene00171650.,0,0,0
WBGene00171651.,0,0,0
WBGene00171652.,0,0,0
WBGene00171653.,0,0,0
WBGene00171654.,0,0,0
WBGene00171655.,0,0,0
WBGene00171656.,0,0,0
WBGene00171657.,0,2,2
WBGene00171658.,0,0,0
WBGene00171659.,0,1,1
WBGene00171660.,0,1,1
WBGene00171661.,0,0,0
WBGene00171662.,0,0,0
WBGene00171663.,0,0,0
WBGene00171664.,0,0,0
WBGene00171665.,0,0,0
WBGene00171666.,0,0,0
WBGene00171667.,0,0,0
WBGene00171668.,0,0,0
WBGene00171669.,0,0,0
WBGene00171670.,0,0,0
WBGene00171671.,0,0,0
WBGene00171672.,0,0,0
WBGene00171673.,0,0,0
WBGene00171674.,0,0,0
WBGene00171675.,0,1,1
WBGene00171676.,0,3,3
WBGene00171677.,0,0,0
WBGene00171678.,0,0,0
WBGene00171679.,0,0,0
WBGene00171680.,0,0,0
WBGene00171681.,0,1,1
WBGene00171682.,0,0,0
WBGene00171683.,0,0,0
WBGene00171684.,0,0,0
WBGene00171685.,0,0,0
WBGene00171686.,0,0,0
WBGene00171687.,0,0,0
WBGene00171688.,0,0,0
WBGene00171689.,0,0,0
WBGene00171690.,0,0,0
WBGene00171691.,0,0,0
WBGene00171692.,0,0,0
WBGene00171693.,0,0,0
WBGene00171694.,0,2,2
WBGene00171695.,0,0,0
WBGene00171696.,0,0,0
WBGene00171697.,0,0,0
WBGene00171698.,0,0,0
WBGene00171699.,0,3,3
WBGene00171700.,0,0,0
WBGene00171701.,0,0,0
WBGene00171702.,0,0,0
WBGene00171703.,0,2,2
WBGene00171704.,0,0,0
WBGene00171705.,0,0,0
WBGene00171706.,0,0,0
WBGene00171707.,0,0,0
WBGene00171708.,0,0,0
WBGene00171709.,0,0,0
WBGene00171710.,0,0,0
WBGene00171712.,0,0,0
WBGene00171713.,0,0,0
WBGene00171714.,0,0,0
WBGene00171715.,0,0,0
WBGene00171716.,0,0,0
WBGene00171717.,0,1,1
WBGene00171718.,0,1,1
WBGene00171719.,0,1,1
WBGene00171720.,0,0,0
WBGene00171721.,0,1,1
WBGene00171722.,0,0,0
WBGene00171723.,0,0,0
WBGene00171724.,0,0,0
WBGene00171725.,0,0,0
WBGene00171726.,0,0,0
WBGene00171727.,0,0,0
WBGene00171728.,0,0,0
WBGene00171729.,0,0,0
WBGene00171730.,0,0,0
WBGene00171731.,0,0,0
WBGene00171732.,0,0,0
WBGene00171733.,0,2,2
WBGene00171734.,0,0,0
WBGene00171735.,0,13,13
WBGene00171736.,0,15,15
WBGene00171737.,0,0,0
WBGene00171738.,0,0,0
WBGene00171739.,0,0,0
WBGene00171740.,0,7,7
WBGene00171741.,0,0,0
WBGene00171742.,0,0,0
WBGene00171743.,0,0,0
WBGene00171744.,0,0,0
WBGene00171745.,0,0,0
WBGene00171746.,0,0,0
WBGene00171747.,0,1,1
WBGene00171748.,0,0,0
WBGene00171749.,0,0,0
WBGene00171750.,0,0,0
WBGene00171751.,0,2,2
WBGene00171752.,0,0,0
WBGene00171753.,0,0,0
WBGene00171754.,0,12,12
WBGene00171755.,0,0,0
WBGene00171756.,0,0,0
WBGene00171757.,0,0,0
WBGene00171758.,0,0,0
WBGene00171759.,0,0,0
WBGene00171760.,0,0,0
WBGene00171761.,0,0,0
WBGene00171762.,0,0,0
WBGene00171763.,0,0,0
WBGene00171764.,0,0,0
WBGene00171765.,0,15,15
WBGene00171766.,0,0,0
WBGene00171767.,0,2,2
WBGene00171768.,0,0,0
WBGene00171769.,0,0,0
WBGene00171770.,0,2,2
WBGene00171771.,0,0,0
WBGene00171772.,0,0,0
WBGene00171773.,0,0,0
WBGene00171774.,0,0,0
WBGene00171775.,0,0,0
WBGene00171776.,0,0,0
WBGene00171777.,0,0,0
WBGene00171778.,0,1,1
WBGene00171779.,0,0,0
WBGene00171780.,0,0,0
WBGene00171781.,0,0,0
WBGene00171782.,0,0,0
WBGene00171783.,0,0,0
WBGene00171784.,0,0,0
WBGene00171785.,0,0,0
WBGene00171786.,0,4,4
WBGene00171787.,0,0,0
WBGene00171788.,0,0,0
WBGene00171789.,0,0,0
WBGene00171790.,0,4,4
WBGene00171791.,0,0,0
WBGene00171792.,0,0,0
WBGene00171793.,0,0,0
WBGene00171794.,0,1,1
WBGene00171795.,0,0,0
WBGene00171796.,0,1,1
WBGene00171797.,0,0,0
WBGene00171798.,0,4,4
WBGene00171799.,0,11,11
WBGene00171800.,0,3,3
WBGene00171801.,0,0,0
WBGene00171802.,0,0,0
WBGene00171803.,0,0,0
WBGene00171804.,0,0,0
WBGene00171805.,0,0,0
WBGene00171806.,0,0,0
WBGene00171807.,0,0,0
WBGene00171809.,0,0,0
WBGene00171810.,0,0,0
WBGene00171811.,0,0,0
WBGene00171812.,0,0,0
WBGene00171813.,0,0,0
WBGene00171814.,0,0,0
WBGene00171815.,0,1,1
WBGene00171816.,0,0,0
WBGene00171817.,0,0,0
WBGene00171818.,0,2,2
WBGene00171819.,0,0,0
WBGene00171820.,0,0,0
WBGene00171821.,0,0,0
WBGene00171822.,0,0,0
WBGene00171823.,0,0,0
WBGene00171824.,0,0,0
WBGene00171825.,0,0,0
WBGene00171826.,0,0,0
WBGene00171827.,0,0,0
WBGene00171828.,0,0,0
WBGene00171829.,0,0,0
WBGene00171830.,0,0,0
WBGene00171831.,0,0,0
WBGene00171832.,0,0,0
WBGene00171833.,0,1,1
WBGene00171834.,0,0,0
WBGene00171835.,0,0,0
WBGene00171836.,0,0,0
WBGene00171837.,0,0,0
WBGene00171838.,0,6,6
WBGene00171839.,0,1,1
WBGene00171840.,0,0,0
WBGene00171841.,0,0,0
WBGene00171842.,0,0,0
WBGene00171843.,0,0,0
WBGene00171844.,0,0,0
WBGene00171845.,0,0,0
WBGene00171846.,0,0,0
WBGene00171847.,0,0,0
WBGene00171848.,0,0,0
WBGene00171849.,0,0,0
WBGene00171850.,0,0,0
WBGene00171851.,0,0,0
WBGene00171852.,0,0,0
WBGene00171853.,0,0,0
WBGene00171854.,0,1,1
WBGene00171855.,0,0,0
WBGene00171856.,0,0,0
WBGene00171857.,0,0,0
WBGene00171858.,0,1,1
WBGene00171859.,0,0,0
WBGene00171860.,0,0,0
WBGene00171861.,0,0,0
WBGene00171862.,0,0,0
WBGene00171863.,0,0,0
WBGene00171864.,0,1,1
WBGene00171865.,0,0,0
WBGene00171866.,0,0,0
WBGene00171867.,0,1,1
WBGene00171868.,0,0,0
WBGene00171869.,0,5,5
WBGene00171870.,0,6,6
WBGene00171871.,0,0,0
WBGene00171872.,0,0,0
WBGene00171873.,0,0,0
WBGene00171875.,0,0,0
WBGene00171876.,0,0,0
WBGene00171877.,0,0,0
WBGene00171878.,0,1,1
WBGene00171879.,0,0,0
WBGene00171880.,0,0,0
WBGene00171881.,0,0,0
WBGene00171882.,0,0,0
WBGene00171883.,0,0,0
WBGene00171884.,0,0,0
WBGene00171885.,0,0,0
WBGene00171886.,0,0,0
WBGene00171887.,0,0,0
WBGene00171888.,0,3,3
WBGene00171889.,0,0,0
WBGene00171890.,0,0,0
WBGene00171891.,0,0,0
WBGene00171892.,0,5,5
WBGene00171893.,0,0,0
WBGene00171894.,0,0,0
WBGene00171895.,0,8,8
WBGene00171896.,0,0,0
WBGene00171897.,0,0,0
WBGene00171898.,0,0,0
WBGene00171899.,0,3,3
WBGene00171900.,0,0,0
WBGene00171901.,0,0,0
WBGene00171902.,0,1,1
WBGene00171903.,0,0,0
WBGene00171904.,0,0,0
WBGene00171905.,0,10,10
WBGene00171906.,0,0,0
WBGene00171907.,0,1,1
WBGene00171908.,0,0,0
WBGene00171909.,0,0,0
WBGene00171910.,0,0,0
WBGene00171911.,0,0,0
WBGene00171912.,0,0,0
WBGene00171913.,0,0,0
WBGene00171914.,0,0,0
WBGene00171915.,0,0,0
WBGene00171916.,0,0,0
WBGene00171917.,0,0,0
WBGene00171918.,0,0,0
WBGene00171919.,0,0,0
WBGene00171920.,0,0,0
WBGene00171921.,0,0,0
WBGene00171922.,0,0,0
WBGene00171923.,0,9,9
WBGene00171924.,0,2,2
WBGene00171925.,0,0,0
WBGene00171926.,0,0,0
WBGene00171927.,0,0,0
WBGene00171928.,0,0,0
WBGene00171929.,0,0,0
WBGene00171930.,0,0,0
WBGene00171931.,0,0,0
WBGene00171932.,0,4,4
WBGene00171933.,0,0,0
WBGene00171934.,0,0,0
WBGene00171935.,0,30,30
WBGene00171936.,0,0,0
WBGene00171937.,0,0,0
WBGene00171938.,0,0,0
WBGene00171939.,0,0,0
WBGene00171940.,0,7,7
WBGene00171941.,0,0,0
WBGene00171942.,0,0,0
WBGene00171943.,0,0,0
WBGene00171944.,0,0,0
WBGene00171945.,0,0,0
WBGene00171946.,0,6,6
WBGene00171947.,0,0,0
WBGene00171948.,0,0,0
WBGene00171949.,0,0,0
WBGene00171950.,0,0,0
WBGene00171951.,0,0,0
WBGene00171952.,0,0,0
WBGene00171953.,0,2,2
WBGene00171954.,0,0,0
WBGene00171955.,0,0,0
WBGene00171956.,0,0,0
WBGene00171957.,0,0,0
WBGene00171958.,0,0,0
WBGene00171959.,0,0,0
WBGene00171960.,0,0,0
WBGene00171961.,0,0,0
WBGene00171962.,0,0,0
WBGene00171963.,0,0,0
WBGene00171964.,0,0,0
WBGene00171965.,0,0,0
WBGene00171966.,0,0,0
WBGene00171967.,0,0,0
WBGene00171968.,0,0,0
WBGene00171969.,0,0,0
WBGene00171970.,0,0,0
WBGene00171971.,0,0,0
WBGene00171972.,0,0,0
WBGene00171973.,0,0,0
WBGene00171974.,0,0,0
WBGene00171975.,0,0,0
WBGene00171976.,0,0,0
WBGene00171977.,0,3,3
WBGene00171978.,0,1,1
WBGene00171979.,0,0,0
WBGene00171980.,0,1,1
WBGene00171981.,0,0,0
WBGene00171982.,0,0,0
WBGene00171983.,0,1,1
WBGene00171984.,0,0,0
WBGene00171985.,0,5,5
WBGene00171986.,0,0,0
WBGene00171987.,0,0,0
WBGene00171988.,0,0,0
WBGene00171989.,0,0,0
WBGene00171990.,0,0,0
WBGene00171991.,0,1,1
WBGene00171992.,0,0,0
WBGene00171993.,0,0,0
WBGene00171994.,0,0,0
WBGene00171995.,0,0,0
WBGene00171996.,0,7,7
WBGene00171997.,0,0,0
WBGene00171998.,0,0,0
WBGene00171999.,0,0,0
WBGene00172000.,0,0,0
WBGene00172001.,0,0,0
WBGene00172002.,0,0,0
WBGene00172003.,0,0,0
WBGene00172004.,0,0,0
WBGene00172006.,0,0,0
WBGene00172007.,0,0,0
WBGene00172008.,0,1,1
WBGene00172009.,0,0,0
WBGene00172010.,0,0,0
WBGene00172011.,0,1,1
WBGene00172012.,0,0,0
WBGene00172013.,0,0,0
WBGene00172014.,0,0,0
WBGene00172015.,0,0,0
WBGene00172016.,0,18,18
WBGene00172017.,0,0,0
WBGene00172018.,0,0,0
WBGene00172019.,0,6,6
WBGene00172020.,0,0,0
WBGene00172021.,0,5,5
WBGene00172022.,0,0,0
WBGene00172023.,0,0,0
WBGene00172024.,0,0,0
WBGene00172025.,0,0,0
WBGene00172026.,0,0,0
WBGene00172027.,0,0,0
WBGene00172028.,0,6,6
WBGene00172029.,0,0,0
WBGene00172030.,0,0,0
WBGene00172031.,0,0,0
WBGene00172032.,0,0,0
WBGene00172033.,0,0,0
WBGene00172034.,0,0,0
WBGene00172035.,0,0,0
WBGene00172036.,0,3,3
WBGene00172037.,0,0,0
WBGene00172038.,0,0,0
WBGene00172039.,0,1,1
WBGene00172040.,0,0,0
WBGene00172041.,0,0,0
WBGene00172042.,0,0,0
WBGene00172043.,0,0,0
WBGene00172044.,0,0,0
WBGene00172045.,0,1,1
WBGene00172046.,0,1,1
WBGene00172047.,0,0,0
WBGene00172048.,0,0,0
WBGene00172049.,0,0,0
WBGene00172050.,0,0,0
WBGene00172051.,0,0,0
WBGene00172052.,0,1,1
WBGene00172053.,0,0,0
WBGene00172054.,0,6,6
WBGene00172055.,0,0,0
WBGene00172056.,0,9,9
WBGene00172057.,0,0,0
WBGene00172058.,0,0,0
WBGene00172059.,0,0,0
WBGene00172060.,0,0,0
WBGene00172061.,0,0,0
WBGene00172062.,0,0,0
WBGene00172063.,0,2,2
WBGene00172064.,0,0,0
WBGene00172065.,0,0,0
WBGene00172066.,0,0,0
WBGene00172067.,0,0,0
WBGene00172068.,0,1,1
WBGene00172069.,0,0,0
WBGene00172070.,0,0,0
WBGene00172071.,0,0,0
WBGene00172072.,0,4,4
WBGene00172073.,0,2,2
WBGene00172074.,0,0,0
WBGene00172075.,0,0,0
WBGene00172076.,0,0,0
WBGene00172077.,0,0,0
WBGene00172078.,0,0,0
WBGene00172079.,0,0,0
WBGene00172080.,0,0,0
WBGene00172081.,0,0,0
WBGene00172082.,0,0,0
WBGene00172083.,0,0,0
WBGene00172084.,0,0,0
WBGene00172085.,0,0,0
WBGene00172086.,0,0,0
WBGene00172087.,0,0,0
WBGene00172088.,0,0,0
WBGene00172089.,0,0,0
WBGene00172090.,0,0,0
WBGene00172091.,0,0,0
WBGene00172092.,0,0,0
WBGene00172093.,0,0,0
WBGene00172094.,0,0,0
WBGene00172095.,0,0,0
WBGene00172096.,0,0,0
WBGene00172097.,0,1,1
WBGene00172098.,0,0,0
WBGene00172099.,0,0,0
WBGene00172100.,0,0,0
WBGene00172101.,0,0,0
WBGene00172102.,0,0,0
WBGene00172103.,0,0,0
WBGene00172104.,0,0,0
WBGene00172105.,0,0,0
WBGene00172106.,0,0,0
WBGene00172107.,0,4,4
WBGene00172108.,1,1,2
WBGene00172109.,0,0,0
WBGene00172110.,0,0,0
WBGene00172111.,0,1,1
WBGene00172112.,0,0,0
WBGene00172113.,0,0,0
WBGene00172114.,0,0,0
WBGene00172115.,0,0,0
WBGene00172116.,0,0,0
WBGene00172117.,0,0,0
WBGene00172118.,0,0,0
WBGene00172119.,0,0,0
WBGene00172120.,0,0,0
WBGene00172121.,0,1,1
WBGene00172122.,0,0,0
WBGene00172123.,0,0,0
WBGene00172124.,0,0,0
WBGene00172125.,0,0,0
WBGene00172126.,0,0,0
WBGene00172127.,0,0,0
WBGene00172128.,0,0,0
WBGene00172129.,0,0,0
WBGene00172130.,0,1,1
WBGene00172131.,0,0,0
WBGene00172132.,0,0,0
WBGene00172133.,0,0,0
WBGene00172134.,0,0,0
WBGene00172135.,0,0,0
WBGene00172136.,0,0,0
WBGene00172137.,0,0,0
WBGene00172138.,0,0,0
WBGene00172139.,0,0,0
WBGene00172140.,0,0,0
WBGene00172141.,0,0,0
WBGene00172142.,0,0,0
WBGene00172143.,0,0,0
WBGene00172144.,0,0,0
WBGene00172145.,0,0,0
WBGene00172146.,0,0,0
WBGene00172147.,0,0,0
WBGene00172148.,0,0,0
WBGene00172149.,0,1,1
WBGene00172150.,0,0,0
WBGene00172151.,0,1,1
WBGene00172152.,0,0,0
WBGene00172153.,0,0,0
WBGene00172154.,0,30,30
WBGene00172155.,0,0,0
WBGene00172156.,0,0,0
WBGene00172157.,0,0,0
WBGene00172158.,0,0,0
WBGene00172159.,0,0,0
WBGene00172160.,0,0,0
WBGene00172161.,0,5,5
WBGene00172162.,0,0,0
WBGene00172163.,0,0,0
WBGene00172164.,0,0,0
WBGene00172165.,0,0,0
WBGene00172166.,0,0,0
WBGene00172167.,0,0,0
WBGene00172168.,0,0,0
WBGene00172169.,0,2,2
WBGene00172170.,0,0,0
WBGene00172171.,0,0,0
WBGene00172172.,0,1,1
WBGene00172173.,0,0,0
WBGene00172174.,0,17,17
WBGene00172175.,0,0,0
WBGene00172176.,0,0,0
WBGene00172177.,0,0,0
WBGene00172178.,0,0,0
WBGene00172179.,0,0,0
WBGene00172180.,0,0,0
WBGene00172181.,0,0,0
WBGene00172182.,0,0,0
WBGene00172183.,0,0,0
WBGene00172184.,0,0,0
WBGene00172185.,0,8,8
WBGene00172186.,0,1,1
WBGene00172187.,0,6,6
WBGene00172188.,0,0,0
WBGene00172189.,0,0,0
WBGene00172190.,0,0,0
WBGene00172191.,0,0,0
WBGene00172192.,0,0,0
WBGene00172193.,0,0,0
WBGene00172194.,0,0,0
WBGene00172195.,0,2,2
WBGene00172196.,0,0,0
WBGene00172197.,0,1,1
WBGene00172198.,0,0,0
WBGene00172199.,0,0,0
WBGene00172200.,0,0,0
WBGene00172201.,0,0,0
WBGene00172202.,0,2,2
WBGene00172203.,0,0,0
WBGene00172204.,0,1,1
WBGene00172205.,0,1,1
WBGene00172206.,0,0,0
WBGene00172207.,0,0,0
WBGene00172208.,0,0,0
WBGene00172209.,0,0,0
WBGene00172210.,0,0,0
WBGene00172211.,0,0,0
WBGene00172212.,0,0,0
WBGene00172213.,0,0,0
WBGene00172214.,0,0,0
WBGene00172215.,0,0,0
WBGene00172216.,0,0,0
WBGene00172217.,0,3,3
WBGene00172218.,0,0,0
WBGene00172219.,0,0,0
WBGene00172220.,0,0,0
WBGene00172221.,0,0,0
WBGene00172222.,0,0,0
WBGene00172223.,0,0,0
WBGene00172224.,0,0,0
WBGene00172225.,0,0,0
WBGene00172226.,0,0,0
WBGene00172227.,0,1,1
WBGene00172228.,0,0,0
WBGene00172229.,0,0,0
WBGene00172230.,0,7,7
WBGene00172231.,0,0,0
WBGene00172232.,0,0,0
WBGene00172233.,0,0,0
WBGene00172234.,0,0,0
WBGene00172235.,0,0,0
WBGene00172236.,0,0,0
WBGene00172237.,0,0,0
WBGene00172238.,0,0,0
WBGene00172239.,0,0,0
WBGene00172240.,0,0,0
WBGene00172241.,0,0,0
WBGene00172242.,0,0,0
WBGene00172243.,0,0,0
WBGene00172244.,0,0,0
WBGene00172245.,0,0,0
WBGene00172246.,0,1,1
WBGene00172247.,0,0,0
WBGene00172248.,0,0,0
WBGene00172249.,0,3,3
WBGene00172250.,0,0,0
WBGene00172251.,0,0,0
WBGene00172252.,0,0,0
WBGene00172253.,0,0,0
WBGene00172254.,0,0,0
WBGene00172255.,0,1,1
WBGene00172256.,0,0,0
WBGene00172257.,0,1,1
WBGene00172258.,0,0,0
WBGene00172259.,0,0,0
WBGene00172260.,0,0,0
WBGene00172261.,0,0,0
WBGene00172262.,0,0,0
WBGene00172263.,0,0,0
WBGene00172264.,0,0,0
WBGene00172265.,0,0,0
WBGene00172266.,0,0,0
WBGene00172267.,0,0,0
WBGene00172268.,0,0,0
WBGene00172269.,0,0,0
WBGene00172270.,0,0,0
WBGene00172271.,0,30,30
WBGene00172272.,0,0,0
WBGene00172273.,0,0,0
WBGene00172274.,0,0,0
WBGene00172275.,0,0,0
WBGene00172276.,0,0,0
WBGene00172277.,0,1,1
WBGene00172278.,0,1,1
WBGene00172279.,0,0,0
WBGene00172280.,0,0,0
WBGene00172281.,0,0,0
WBGene00172282.,0,0,0
WBGene00172283.,0,0,0
WBGene00172284.,0,0,0
WBGene00172285.,0,0,0
WBGene00172286.,0,0,0
WBGene00172287.,0,6,6
WBGene00172288.,0,0,0
WBGene00172289.,0,0,0
WBGene00172290.,0,0,0
WBGene00172291.,0,1,1
WBGene00172292.,0,0,0
WBGene00172293.,0,0,0
WBGene00172294.,0,7,7
WBGene00172295.,0,0,0
WBGene00172296.,0,0,0
WBGene00172297.,0,0,0
WBGene00172298.,0,0,0
WBGene00172299.,0,0,0
WBGene00172300.,0,0,0
WBGene00172301.,0,0,0
WBGene00172302.,0,0,0
WBGene00172303.,0,0,0
WBGene00172304.,0,0,0
WBGene00172305.,0,0,0
WBGene00172306.,0,0,0
WBGene00172307.,0,0,0
WBGene00172308.,0,0,0
WBGene00172309.,0,11,11
WBGene00172310.,0,0,0
WBGene00172311.,0,1,1
WBGene00172312.,0,0,0
WBGene00172313.,0,0,0
WBGene00172314.,0,0,0
WBGene00172315.,0,1,1
WBGene00172316.,0,0,0
WBGene00172317.,0,0,0
WBGene00172318.,0,0,0
WBGene00172319.,0,0,0
WBGene00172320.,0,0,0
WBGene00172321.,0,0,0
WBGene00172322.,0,0,0
WBGene00172323.,0,1,1
WBGene00172324.,0,0,0
WBGene00172325.,0,1,1
WBGene00172326.,0,1,1
WBGene00172327.,0,0,0
WBGene00172328.,0,0,0
WBGene00172329.,0,0,0
WBGene00172330.,0,2,2
WBGene00172331.,0,0,0
WBGene00172332.,0,0,0
WBGene00172333.,0,1,1
WBGene00172334.,0,0,0
WBGene00172335.,0,0,0
WBGene00172336.,0,0,0
WBGene00172337.,0,0,0
WBGene00172338.,0,0,0
WBGene00172339.,0,0,0
WBGene00172340.,0,39,39
WBGene00172341.,0,0,0
WBGene00172342.,0,0,0
WBGene00172343.,0,0,0
WBGene00172344.,0,0,0
WBGene00172345.,0,0,0
WBGene00172346.,0,6,6
WBGene00172347.,0,0,0
WBGene00172348.,0,0,0
WBGene00172349.,0,0,0
WBGene00172350.,0,0,0
WBGene00172351.,0,0,0
WBGene00172352.,0,0,0
WBGene00172353.,0,0,0
WBGene00172354.,0,0,0
WBGene00172355.,0,0,0
WBGene00172356.,0,3,3
WBGene00172357.,0,0,0
WBGene00172358.,0,0,0
WBGene00172359.,0,3,3
WBGene00172360.,0,1,1
WBGene00172361.,0,0,0
WBGene00172362.,0,0,0
WBGene00172363.,0,0,0
WBGene00172364.,0,0,0
WBGene00172365.,0,0,0
WBGene00172366.,0,0,0
WBGene00172367.,0,0,0
WBGene00172368.,0,0,0
WBGene00172369.,0,0,0
WBGene00172370.,0,0,0
WBGene00172371.,0,0,0
WBGene00172372.,0,4,4
WBGene00172373.,0,0,0
WBGene00172374.,0,0,0
WBGene00172375.,0,0,0
WBGene00172376.,0,0,0
WBGene00172377.,0,0,0
WBGene00172378.,0,0,0
WBGene00172379.,0,2,2
WBGene00172380.,0,0,0
WBGene00172381.,0,0,0
WBGene00172382.,0,0,0
WBGene00172383.,0,0,0
WBGene00172384.,0,0,0
WBGene00172385.,0,0,0
WBGene00172386.,0,0,0
WBGene00172387.,0,0,0
WBGene00172388.,0,0,0
WBGene00172389.,0,0,0
WBGene00172390.,0,1,1
WBGene00172391.,0,2,2
WBGene00172392.,0,0,0
WBGene00172393.,0,1,1
WBGene00172394.,0,0,0
WBGene00172395.,0,0,0
WBGene00172396.,0,0,0
WBGene00172397.,0,0,0
WBGene00172398.,0,0,0
WBGene00172399.,0,0,0
WBGene00172400.,0,0,0
WBGene00172401.,0,0,0
WBGene00172402.,0,0,0
WBGene00172403.,0,0,0
WBGene00172404.,0,0,0
WBGene00172405.,0,1,1
WBGene00172406.,0,0,0
WBGene00172407.,0,5,5
WBGene00172408.,0,0,0
WBGene00172409.,0,3,3
WBGene00172410.,0,0,0
WBGene00172411.,0,2,2
WBGene00172412.,0,1,1
WBGene00172413.,0,2,2
WBGene00172414.,0,0,0
WBGene00172415.,0,0,0
WBGene00172416.,0,0,0
WBGene00172417.,0,0,0
WBGene00172418.,0,0,0
WBGene00172419.,0,29,29
WBGene00172420.,0,1,1
WBGene00172421.,0,3,3
WBGene00172422.,0,0,0
WBGene00172423.,0,1,1
WBGene00172424.,0,0,0
WBGene00172425.,0,0,0
WBGene00172426.,0,2,2
WBGene00172427.,0,3,3
WBGene00172428.,0,1,1
WBGene00172429.,0,0,0
WBGene00172430.,0,0,0
WBGene00172431.,0,0,0
WBGene00172432.,0,0,0
WBGene00172433.,0,3,3
WBGene00172434.,0,0,0
WBGene00172435.,0,0,0
WBGene00172436.,0,0,0
WBGene00172437.,0,0,0
WBGene00172438.,0,0,0
WBGene00172439.,0,0,0
WBGene00172440.,0,0,0
WBGene00172441.,0,1,1
WBGene00172442.,0,0,0
WBGene00172443.,0,0,0
WBGene00172444.,0,0,0
WBGene00172445.,0,0,0
WBGene00172446.,0,0,0
WBGene00172447.,0,1,1
WBGene00172448.,0,0,0
WBGene00172449.,0,0,0
WBGene00172450.,0,0,0
WBGene00172451.,0,0,0
WBGene00172452.,0,0,0
WBGene00172453.,0,0,0
WBGene00172454.,0,0,0
WBGene00172455.,0,2,2
WBGene00172456.,0,0,0
WBGene00172457.,0,12,12
WBGene00172458.,0,0,0
WBGene00172459.,0,0,0
WBGene00172460.,0,1,1
WBGene00172462.,0,0,0
WBGene00172463.,0,0,0
WBGene00172464.,0,0,0
WBGene00172465.,0,2,2
WBGene00172466.,0,0,0
WBGene00172467.,0,0,0
WBGene00172468.,0,0,0
WBGene00172469.,0,0,0
WBGene00172470.,0,0,0
WBGene00172471.,0,0,0
WBGene00172472.,0,0,0
WBGene00172473.,0,0,0
WBGene00172474.,0,1,1
WBGene00172475.,0,0,0
WBGene00172476.,0,0,0
WBGene00172477.,0,3,3
WBGene00172478.,0,2,2
WBGene00172479.,0,0,0
WBGene00172480.,0,0,0
WBGene00172481.,0,0,0
WBGene00172482.,0,0,0
WBGene00172483.,0,0,0
WBGene00172484.,0,0,0
WBGene00172485.,0,0,0
WBGene00172486.,0,0,0
WBGene00172487.,0,0,0
WBGene00172488.,0,0,0
WBGene00172489.,0,0,0
WBGene00172490.,0,0,0
WBGene00172491.,0,1,1
WBGene00172492.,0,2,2
WBGene00172493.,0,0,0
WBGene00172494.,0,0,0
WBGene00172495.,0,0,0
WBGene00172496.,0,0,0
WBGene00172497.,0,0,0
WBGene00172498.,0,0,0
WBGene00172499.,0,0,0
WBGene00172500.,0,0,0
WBGene00172501.,0,1,1
WBGene00172502.,0,3,3
WBGene00172503.,0,0,0
WBGene00172504.,0,0,0
WBGene00172505.,0,0,0
WBGene00172506.,0,0,0
WBGene00172507.,0,0,0
WBGene00172508.,0,0,0
WBGene00172509.,0,0,0
WBGene00172510.,0,0,0
WBGene00172511.,0,0,0
WBGene00172512.,0,0,0
WBGene00172513.,0,0,0
WBGene00172514.,0,0,0
WBGene00172515.,0,0,0
WBGene00172516.,0,4,4
WBGene00172517.,0,0,0
WBGene00172518.,0,0,0
WBGene00172519.,0,2,2
WBGene00172520.,0,0,0
WBGene00172521.,0,7,7
WBGene00172522.,0,0,0
WBGene00172523.,0,0,0
WBGene00172524.,0,0,0
WBGene00172525.,0,0,0
WBGene00172526.,0,0,0
WBGene00172527.,0,0,0
WBGene00172528.,0,0,0
WBGene00172529.,0,0,0
WBGene00172530.,0,0,0
WBGene00172531.,0,0,0
WBGene00172532.,0,6,6
WBGene00172533.,0,0,0
WBGene00172534.,0,1,1
WBGene00172535.,0,0,0
WBGene00172536.,0,1,1
WBGene00172537.,0,0,0
WBGene00172538.,0,1,1
WBGene00172539.,0,0,0
WBGene00172540.,0,0,0
WBGene00172541.,0,1,1
WBGene00172542.,0,1,1
WBGene00172543.,0,2,2
WBGene00172544.,0,0,0
WBGene00172545.,0,5,5
WBGene00172546.,0,0,0
WBGene00172547.,0,0,0
WBGene00172548.,0,0,0
WBGene00172549.,0,1,1
WBGene00172550.,0,0,0
WBGene00172551.,0,0,0
WBGene00172552.,0,0,0
WBGene00172553.,0,4,4
WBGene00172554.,0,0,0
WBGene00172555.,0,0,0
WBGene00172556.,0,0,0
WBGene00172557.,0,0,0
WBGene00172558.,0,0,0
WBGene00172559.,0,0,0
WBGene00172560.,0,0,0
WBGene00172561.,0,0,0
WBGene00172562.,0,0,0
WBGene00172563.,0,0,0
WBGene00172564.,0,0,0
WBGene00172565.,0,0,0
WBGene00172566.,0,0,0
WBGene00172567.,0,0,0
WBGene00172568.,0,0,0
WBGene00172569.,0,0,0
WBGene00172570.,0,0,0
WBGene00172571.,0,13,13
WBGene00172572.,0,0,0
WBGene00172573.,0,0,0
WBGene00172574.,0,0,0
WBGene00172575.,0,0,0
WBGene00172576.,0,0,0
WBGene00172577.,0,0,0
WBGene00172578.,0,0,0
WBGene00172579.,0,0,0
WBGene00172580.,0,0,0
WBGene00172581.,0,0,0
WBGene00172582.,0,0,0
WBGene00172583.,0,0,0
WBGene00172584.,0,0,0
WBGene00172585.,0,0,0
WBGene00172586.,0,0,0
WBGene00172587.,0,0,0
WBGene00172588.,0,0,0
WBGene00172589.,0,0,0
WBGene00172590.,0,0,0
WBGene00172591.,0,0,0
WBGene00172592.,0,1,1
WBGene00172593.,0,0,0
WBGene00172594.,0,5,5
WBGene00172595.,0,0,0
WBGene00172596.,0,0,0
WBGene00172597.,0,0,0
WBGene00172598.,0,2,2
WBGene00172599.,0,0,0
WBGene00172600.,0,0,0
WBGene00172601.,0,0,0
WBGene00172602.,0,0,0
WBGene00172603.,0,0,0
WBGene00172604.,0,5,5
WBGene00172605.,0,0,0
WBGene00172606.,0,0,0
WBGene00172607.,0,262,262
WBGene00172608.,0,0,0
WBGene00172609.,0,0,0
WBGene00172610.,0,1,1
WBGene00172611.,0,0,0
WBGene00172612.,0,0,0
WBGene00172613.,0,0,0
WBGene00172614.,0,0,0
WBGene00172615.,0,0,0
WBGene00172616.,0,0,0
WBGene00172617.,0,0,0
WBGene00172618.,0,0,0
WBGene00172619.,0,21,21
WBGene00172620.,0,1,1
WBGene00172621.,0,3,3
WBGene00172622.,0,0,0
WBGene00172623.,0,0,0
WBGene00172624.,0,0,0
WBGene00172625.,0,0,0
WBGene00172626.,0,0,0
WBGene00172627.,0,0,0
WBGene00172628.,0,0,0
WBGene00172629.,0,2,2
WBGene00172630.,2,6,8
WBGene00172631.,0,0,0
WBGene00172632.,0,2,2
WBGene00172633.,0,1,1
WBGene00172634.,0,0,0
WBGene00172635.,0,0,0
WBGene00172636.,0,0,0
WBGene00172637.,0,0,0
WBGene00172638.,0,0,0
WBGene00172639.,0,0,0
WBGene00172640.,0,0,0
WBGene00172641.,0,0,0
WBGene00172642.,0,0,0
WBGene00172643.,0,0,0
WBGene00172644.,0,0,0
WBGene00172645.,0,0,0
WBGene00172646.,0,0,0
WBGene00172647.,0,0,0
WBGene00172648.,0,0,0
WBGene00172649.,0,0,0
WBGene00172650.,0,0,0
WBGene00172651.,0,0,0
WBGene00172652.,0,0,0
WBGene00172653.,0,0,0
WBGene00172654.,0,0,0
WBGene00172655.,0,0,0
WBGene00172656.,0,0,0
WBGene00172657.,0,0,0
WBGene00172658.,0,3,3
WBGene00172659.,0,0,0
WBGene00172660.,0,0,0
WBGene00172661.,0,0,0
WBGene00172662.,0,0,0
WBGene00172663.,0,4,4
WBGene00172664.,0,0,0
WBGene00172665.,0,0,0
WBGene00172666.,0,3,3
WBGene00172667.,0,0,0
WBGene00172668.,0,0,0
WBGene00172669.,0,0,0
WBGene00172670.,0,0,0
WBGene00172671.,0,0,0
WBGene00172672.,0,0,0
WBGene00172673.,0,0,0
WBGene00172674.,0,3,3
WBGene00172675.,0,2,2
WBGene00172676.,0,0,0
WBGene00172677.,0,69,69
WBGene00172678.,0,0,0
WBGene00172679.,0,0,0
WBGene00172680.,0,0,0
WBGene00172681.,0,0,0
WBGene00172682.,0,0,0
WBGene00172683.,0,0,0
WBGene00172684.,0,3,3
WBGene00172685.,0,1,1
WBGene00172686.,0,0,0
WBGene00172687.,0,0,0
WBGene00172688.,0,0,0
WBGene00172689.,0,0,0
WBGene00172690.,0,0,0
WBGene00172691.,0,0,0
WBGene00172692.,0,3,3
WBGene00172693.,0,0,0
WBGene00172694.,0,1,1
WBGene00172695.,0,0,0
WBGene00172696.,0,0,0
WBGene00172697.,0,0,0
WBGene00172698.,0,0,0
WBGene00172699.,0,1,1
WBGene00172700.,0,0,0
WBGene00172701.,0,0,0
WBGene00172702.,0,0,0
WBGene00172703.,0,0,0
WBGene00172704.,0,0,0
WBGene00172705.,0,0,0
WBGene00172706.,0,0,0
WBGene00172707.,0,0,0
WBGene00172708.,0,0,0
WBGene00172709.,0,0,0
WBGene00172710.,0,0,0
WBGene00172711.,0,0,0
WBGene00172712.,0,0,0
WBGene00172713.,0,0,0
WBGene00172714.,0,0,0
WBGene00172715.,0,0,0
WBGene00172716.,0,0,0
WBGene00172717.,0,0,0
WBGene00172718.,0,0,0
WBGene00172719.,0,0,0
WBGene00172720.,0,0,0
WBGene00172721.,0,0,0
WBGene00172722.,0,0,0
WBGene00172723.,0,1,1
WBGene00172724.,0,1,1
WBGene00172725.,0,1,1
WBGene00172726.,0,0,0
WBGene00172727.,0,4,4
WBGene00172728.,0,3,3
WBGene00172729.,0,0,0
WBGene00172730.,0,1,1
WBGene00172731.,0,0,0
WBGene00172732.,0,0,0
WBGene00172733.,0,0,0
WBGene00172734.,0,0,0
WBGene00172735.,0,0,0
WBGene00172736.,0,0,0
WBGene00172737.,0,0,0
WBGene00172738.,0,0,0
WBGene00172739.,0,0,0
WBGene00172740.,0,0,0
WBGene00172741.,0,0,0
WBGene00172742.,0,11,11
WBGene00172743.,0,1,1
WBGene00172744.,0,0,0
WBGene00172745.,0,3,3
WBGene00172746.,0,0,0
WBGene00172747.,0,0,0
WBGene00172748.,0,3,3
WBGene00172749.,0,0,0
WBGene00172750.,0,0,0
WBGene00172751.,0,1,1
WBGene00172752.,0,0,0
WBGene00172753.,0,0,0
WBGene00172754.,0,1,1
WBGene00172755.,0,9,9
WBGene00172756.,0,0,0
WBGene00172757.,0,0,0
WBGene00172758.,0,3,3
WBGene00172759.,0,0,0
WBGene00172760.,0,0,0
WBGene00172761.,0,0,0
WBGene00172762.,0,0,0
WBGene00172763.,0,0,0
WBGene00172764.,0,1,1
WBGene00172765.,0,1,1
WBGene00172766.,0,0,0
WBGene00172767.,0,0,0
WBGene00172768.,0,0,0
WBGene00172769.,0,0,0
WBGene00172770.,0,1,1
WBGene00172771.,0,0,0
WBGene00172772.,0,1,1
WBGene00172773.,0,0,0
WBGene00172774.,0,0,0
WBGene00172775.,0,5,5
WBGene00172776.,0,0,0
WBGene00172777.,0,0,0
WBGene00172778.,0,1,1
WBGene00172779.,0,7,7
WBGene00172780.,0,0,0
WBGene00172781.,0,1,1
WBGene00172782.,0,0,0
WBGene00172783.,0,1,1
WBGene00172784.,0,9,9
WBGene00172785.,0,0,0
WBGene00172786.,0,0,0
WBGene00172787.,0,1,1
WBGene00172788.,0,0,0
WBGene00172789.,0,0,0
WBGene00172790.,0,1,1
WBGene00172791.,0,0,0
WBGene00172792.,0,0,0
WBGene00172793.,0,0,0
WBGene00172794.,0,0,0
WBGene00172795.,0,0,0
WBGene00172796.,0,0,0
WBGene00172797.,0,0,0
WBGene00172798.,0,0,0
WBGene00172799.,0,0,0
WBGene00172800.,0,0,0
WBGene00172801.,0,0,0
WBGene00172802.,0,1,1
WBGene00172803.,0,0,0
WBGene00172804.,0,0,0
WBGene00172805.,0,0,0
WBGene00172806.,0,0,0
WBGene00172807.,0,1,1
WBGene00172808.,0,0,0
WBGene00172809.,0,0,0
WBGene00172810.,0,0,0
WBGene00172811.,0,0,0
WBGene00172812.,0,1,1
WBGene00172813.,0,0,0
WBGene00172814.,0,0,0
WBGene00172815.,0,0,0
WBGene00172816.,0,1,1
WBGene00172817.,0,0,0
WBGene00172818.,0,1,1
WBGene00172819.,0,0,0
WBGene00172820.,0,0,0
WBGene00172821.,0,0,0
WBGene00172822.,0,0,0
WBGene00172823.,0,0,0
WBGene00172824.,0,0,0
WBGene00172825.,0,0,0
WBGene00172826.,0,6,6
WBGene00172827.,0,10,10
WBGene00172828.,0,0,0
WBGene00172829.,0,0,0
WBGene00172830.,0,0,0
WBGene00172831.,0,0,0
WBGene00172832.,0,1,1
WBGene00172833.,0,0,0
WBGene00172834.,0,0,0
WBGene00172835.,0,0,0
WBGene00172836.,0,2,2
WBGene00172837.,0,0,0
WBGene00172838.,0,0,0
WBGene00172839.,0,0,0
WBGene00172840.,0,50,50
WBGene00172841.,0,0,0
WBGene00172842.,0,0,0
WBGene00172843.,0,0,0
WBGene00172844.,0,0,0
WBGene00172845.,0,0,0
WBGene00172846.,0,0,0
WBGene00172847.,0,0,0
WBGene00172848.,0,0,0
WBGene00172849.,0,0,0
WBGene00172850.,0,0,0
WBGene00172851.,0,3,3
WBGene00172852.,0,0,0
WBGene00172853.,0,0,0
WBGene00172854.,0,2,2
WBGene00172855.,0,0,0
WBGene00172856.,0,0,0
WBGene00172857.,0,0,0
WBGene00172858.,0,0,0
WBGene00172859.,0,0,0
WBGene00172860.,0,0,0
WBGene00172861.,0,2,2
WBGene00172862.,0,10,10
WBGene00172863.,0,0,0
WBGene00172864.,0,2,2
WBGene00172865.,0,0,0
WBGene00172866.,0,5,5
WBGene00172867.,0,0,0
WBGene00172868.,0,0,0
WBGene00172869.,0,3,3
WBGene00172870.,0,0,0
WBGene00172871.,0,0,0
WBGene00172872.,0,0,0
WBGene00172873.,0,0,0
WBGene00172874.,0,0,0
WBGene00172875.,0,0,0
WBGene00172876.,0,0,0
WBGene00172877.,0,0,0
WBGene00172878.,0,0,0
WBGene00172879.,0,0,0
WBGene00172880.,0,0,0
WBGene00172881.,0,1,1
WBGene00172882.,0,0,0
WBGene00172883.,0,1,1
WBGene00172884.,0,0,0
WBGene00172885.,0,3,3
WBGene00172886.,0,3,3
WBGene00172887.,0,0,0
WBGene00172888.,0,0,0
WBGene00172889.,0,0,0
WBGene00172890.,0,0,0
WBGene00172891.,0,23,23
WBGene00172892.,0,0,0
WBGene00172893.,0,0,0
WBGene00172894.,0,0,0
WBGene00172895.,0,0,0
WBGene00172896.,0,0,0
WBGene00172897.,0,0,0
WBGene00172898.,0,0,0
WBGene00172899.,0,0,0
WBGene00172900.,0,0,0
WBGene00172901.,0,0,0
WBGene00172902.,0,0,0
WBGene00172903.,0,0,0
WBGene00172904.,0,1,1
WBGene00172905.,0,0,0
WBGene00172906.,0,0,0
WBGene00172907.,0,0,0
WBGene00172908.,0,0,0
WBGene00172909.,0,4,4
WBGene00172910.,0,0,0
WBGene00172911.,0,2,2
WBGene00172912.,0,3,3
WBGene00172913.,0,0,0
WBGene00172914.,0,0,0
WBGene00172915.,0,0,0
WBGene00172916.,0,0,0
WBGene00172917.,0,0,0
WBGene00172918.,0,0,0
WBGene00172919.,0,0,0
WBGene00172920.,0,0,0
WBGene00172921.,0,0,0
WBGene00172922.,0,0,0
WBGene00172923.,0,0,0
WBGene00172924.,0,0,0
WBGene00172925.,0,0,0
WBGene00172926.,0,0,0
WBGene00172927.,0,0,0
WBGene00172928.,0,0,0
WBGene00172929.,0,0,0
WBGene00172930.,0,0,0
WBGene00172931.,0,0,0
WBGene00172932.,0,0,0
WBGene00172933.,0,0,0
WBGene00172934.,0,0,0
WBGene00172935.,0,0,0
WBGene00172936.,0,3,3
WBGene00172937.,0,0,0
WBGene00172938.,0,0,0
WBGene00172939.,0,0,0
WBGene00172940.,0,0,0
WBGene00172941.,0,0,0
WBGene00172942.,0,0,0
WBGene00172943.,0,0,0
WBGene00172944.,0,0,0
WBGene00172945.,0,0,0
WBGene00172946.,0,0,0
WBGene00172947.,0,0,0
WBGene00172948.,0,0,0
WBGene00172949.,0,0,0
WBGene00172950.,0,0,0
WBGene00172951.,0,1,1
WBGene00172952.,0,0,0
WBGene00172953.,0,0,0
WBGene00172954.,0,0,0
WBGene00172955.,0,0,0
WBGene00172956.,0,0,0
WBGene00172957.,0,0,0
WBGene00172958.,0,0,0
WBGene00172959.,0,0,0
WBGene00172960.,0,0,0
WBGene00172961.,0,0,0
WBGene00172962.,0,0,0
WBGene00172963.,0,0,0
WBGene00172964.,0,0,0
WBGene00172965.,0,0,0
WBGene00172966.,0,0,0
WBGene00172967.,0,0,0
WBGene00172968.,0,0,0
WBGene00172969.,0,0,0
WBGene00172970.,0,1,1
WBGene00172971.,0,0,0
WBGene00172972.,0,0,0
WBGene00172973.,0,0,0
WBGene00172974.,0,5,5
WBGene00172975.,0,0,0
WBGene00172976.,0,0,0
WBGene00172977.,0,0,0
WBGene00172978.,0,1,1
WBGene00172979.,0,0,0
WBGene00172980.,0,0,0
WBGene00172981.,0,1,1
WBGene00172982.,0,0,0
WBGene00172983.,0,2,2
WBGene00172984.,0,0,0
WBGene00172985.,0,3,3
WBGene00172986.,0,0,0
WBGene00172987.,0,0,0
WBGene00172988.,0,0,0
WBGene00172989.,0,0,0
WBGene00172990.,0,0,0
WBGene00172991.,0,0,0
WBGene00172992.,0,0,0
WBGene00172993.,0,0,0
WBGene00172994.,0,0,0
WBGene00172995.,0,0,0
WBGene00172996.,0,0,0
WBGene00172997.,0,0,0
WBGene00172998.,0,0,0
WBGene00172999.,0,0,0
WBGene00173000.,0,5,5
WBGene00173001.,0,0,0
WBGene00173002.,0,0,0
WBGene00173003.,0,0,0
WBGene00173004.,0,0,0
WBGene00173005.,0,0,0
WBGene00173006.,0,1,1
WBGene00173007.,0,0,0
WBGene00173008.,0,0,0
WBGene00173009.,0,0,0
WBGene00173010.,0,0,0
WBGene00173011.,0,0,0
WBGene00173012.,0,0,0
WBGene00173013.,0,0,0
WBGene00173014.,0,0,0
WBGene00173015.,0,0,0
WBGene00173016.,0,0,0
WBGene00173017.,0,0,0
WBGene00173018.,0,2,2
WBGene00173019.,0,3,3
WBGene00173020.,0,0,0
WBGene00173021.,0,0,0
WBGene00173022.,0,0,0
WBGene00173023.,0,0,0
WBGene00173024.,0,0,0
WBGene00173025.,0,0,0
WBGene00173026.,0,0,0
WBGene00173027.,0,0,0
WBGene00173028.,0,1,1
WBGene00173029.,0,0,0
WBGene00173030.,0,1,1
WBGene00173031.,0,0,0
WBGene00173032.,0,26,26
WBGene00173033.,0,0,0
WBGene00173034.,0,0,0
WBGene00173035.,0,0,0
WBGene00173036.,0,1,1
WBGene00173037.,0,0,0
WBGene00173038.,0,0,0
WBGene00173039.,0,3,3
WBGene00173040.,0,0,0
WBGene00173041.,0,6,6
WBGene00173042.,0,0,0
WBGene00173043.,0,0,0
WBGene00173044.,0,0,0
WBGene00173045.,0,3,3
WBGene00173046.,0,3,3
WBGene00173047.,0,0,0
WBGene00173048.,0,0,0
WBGene00173049.,0,0,0
WBGene00173050.,0,0,0
WBGene00173051.,0,3,3
WBGene00173052.,0,0,0
WBGene00173053.,0,8,8
WBGene00173054.,0,1,1
WBGene00173055.,0,0,0
WBGene00173056.,0,0,0
WBGene00173057.,0,0,0
WBGene00173058.,0,0,0
WBGene00173059.,0,0,0
WBGene00173060.,0,1,1
WBGene00173061.,0,6,6
WBGene00173062.,0,0,0
WBGene00173063.,0,0,0
WBGene00173064.,0,0,0
WBGene00173065.,0,1,1
WBGene00173066.,0,0,0
WBGene00173067.,0,15,15
WBGene00173068.,0,0,0
WBGene00173069.,0,0,0
WBGene00173070.,0,3,3
WBGene00173071.,0,0,0
WBGene00173072.,0,0,0
WBGene00173073.,0,0,0
WBGene00173074.,0,0,0
WBGene00173075.,0,0,0
WBGene00173076.,0,0,0
WBGene00173077.,0,0,0
WBGene00173078.,0,0,0
WBGene00173079.,0,0,0
WBGene00173080.,0,0,0
WBGene00173081.,0,0,0
WBGene00173082.,0,0,0
WBGene00173083.,0,0,0
WBGene00173084.,0,0,0
WBGene00173085.,0,0,0
WBGene00173086.,0,1,1
WBGene00173087.,0,0,0
WBGene00173088.,0,0,0
WBGene00173089.,0,0,0
WBGene00173090.,0,0,0
WBGene00173091.,0,0,0
WBGene00173092.,0,4,4
WBGene00173093.,0,0,0
WBGene00173094.,0,0,0
WBGene00173095.,0,0,0
WBGene00173096.,0,0,0
WBGene00173097.,0,0,0
WBGene00173098.,0,0,0
WBGene00173099.,0,0,0
WBGene00173100.,0,0,0
WBGene00173101.,0,0,0
WBGene00173102.,0,0,0
WBGene00173103.,0,0,0
WBGene00173104.,0,20,20
WBGene00173105.,0,0,0
WBGene00173106.,0,5,5
WBGene00173107.,0,0,0
WBGene00173108.,0,3,3
WBGene00173109.,0,0,0
WBGene00173110.,0,0,0
WBGene00173111.,0,0,0
WBGene00173112.,0,0,0
WBGene00173113.,0,0,0
WBGene00173114.,0,0,0
WBGene00173115.,0,0,0
WBGene00173116.,0,0,0
WBGene00173117.,0,0,0
WBGene00173118.,0,1,1
WBGene00173119.,0,3,3
WBGene00173120.,0,0,0
WBGene00173121.,0,0,0
WBGene00173122.,0,0,0
WBGene00173123.,0,0,0
WBGene00173124.,0,0,0
WBGene00173125.,0,0,0
WBGene00173126.,0,0,0
WBGene00173127.,0,1,1
WBGene00173128.,0,0,0
WBGene00173129.,0,0,0
WBGene00173130.,0,0,0
WBGene00173131.,0,0,0
WBGene00173132.,0,0,0
WBGene00173133.,0,0,0
WBGene00173134.,0,0,0
WBGene00173135.,0,0,0
WBGene00173136.,0,0,0
WBGene00173137.,0,0,0
WBGene00173138.,0,0,0
WBGene00173139.,0,0,0
WBGene00173140.,0,0,0
WBGene00173141.,0,0,0
WBGene00173142.,0,0,0
WBGene00173143.,0,0,0
WBGene00173144.,0,0,0
WBGene00173145.,0,0,0
WBGene00173146.,0,0,0
WBGene00173147.,0,4,4
WBGene00173148.,0,0,0
WBGene00173149.,0,0,0
WBGene00173150.,0,0,0
WBGene00173151.,0,0,0
WBGene00173152.,0,3,3
WBGene00173153.,0,0,0
WBGene00173154.,0,0,0
WBGene00173155.,0,0,0
WBGene00173156.,0,0,0
WBGene00173157.,0,0,0
WBGene00173158.,0,0,0
WBGene00173159.,0,0,0
WBGene00173160.,0,0,0
WBGene00173161.,0,0,0
WBGene00173162.,0,0,0
WBGene00173163.,0,0,0
WBGene00173164.,0,0,0
WBGene00173165.,0,0,0
WBGene00173166.,0,0,0
WBGene00173167.,0,0,0
WBGene00173168.,0,0,0
WBGene00173169.,0,0,0
WBGene00173170.,0,0,0
WBGene00173171.,0,0,0
WBGene00173172.,0,0,0
WBGene00173173.,0,0,0
WBGene00173174.,0,0,0
WBGene00173175.,0,0,0
WBGene00173176.,0,0,0
WBGene00173177.,0,0,0
WBGene00173178.,0,0,0
WBGene00173179.,0,2,2
WBGene00173180.,0,0,0
WBGene00173181.,0,0,0
WBGene00173182.,0,0,0
WBGene00173183.,0,0,0
WBGene00173184.,0,0,0
WBGene00173185.,0,0,0
WBGene00173186.,0,0,0
WBGene00173187.,0,0,0
WBGene00173188.,0,14,14
WBGene00173189.,0,0,0
WBGene00173190.,0,0,0
WBGene00173191.,0,0,0
WBGene00173192.,0,0,0
WBGene00173193.,0,0,0
WBGene00173194.,0,0,0
WBGene00173195.,0,0,0
WBGene00173196.,0,0,0
WBGene00173197.,0,0,0
WBGene00173198.,0,0,0
WBGene00173199.,0,0,0
WBGene00173200.,0,0,0
WBGene00173201.,0,0,0
WBGene00173202.,0,0,0
WBGene00173203.,0,0,0
WBGene00173204.,0,0,0
WBGene00173205.,0,0,0
WBGene00173206.,0,0,0
WBGene00173207.,0,0,0
WBGene00173208.,0,0,0
WBGene00173209.,0,0,0
WBGene00173210.,0,1,1
WBGene00173211.,0,0,0
WBGene00173212.,0,0,0
WBGene00173213.,0,0,0
WBGene00173214.,0,1,1
WBGene00173215.,0,1,1
WBGene00173216.,0,3,3
WBGene00173217.,0,0,0
WBGene00173218.,0,0,0
WBGene00173219.,0,0,0
WBGene00173220.,0,0,0
WBGene00173221.,0,0,0
WBGene00173222.,0,0,0
WBGene00173223.,0,4,4
WBGene00173224.,0,0,0
WBGene00173225.,0,0,0
WBGene00173226.,0,0,0
WBGene00173227.,0,0,0
WBGene00173228.,0,0,0
WBGene00173229.,0,0,0
WBGene00173230.,0,0,0
WBGene00173231.,0,0,0
WBGene00173232.,0,0,0
WBGene00173233.,0,0,0
WBGene00173234.,0,1,1
WBGene00173235.,0,0,0
WBGene00173236.,0,0,0
WBGene00173237.,0,0,0
WBGene00173238.,0,6,6
WBGene00173239.,0,0,0
WBGene00173240.,0,0,0
WBGene00173241.,0,1,1
WBGene00173242.,0,0,0
WBGene00173243.,0,13,13
WBGene00173244.,0,0,0
WBGene00173245.,0,0,0
WBGene00173246.,0,0,0
WBGene00173247.,0,0,0
WBGene00173248.,0,2,2
WBGene00173249.,0,0,0
WBGene00173250.,0,0,0
WBGene00173251.,0,0,0
WBGene00173252.,0,0,0
WBGene00173253.,0,0,0
WBGene00173254.,0,0,0
WBGene00173255.,0,0,0
WBGene00173256.,0,0,0
WBGene00173257.,0,0,0
WBGene00173258.,0,0,0
WBGene00173259.,0,0,0
WBGene00173260.,0,0,0
WBGene00173261.,0,0,0
WBGene00173262.,0,0,0
WBGene00173263.,0,0,0
WBGene00173264.,0,0,0
WBGene00173265.,0,183,183
WBGene00173266.,0,0,0
WBGene00173267.,0,0,0
WBGene00173268.,0,0,0
WBGene00173269.,0,1,1
WBGene00173270.,0,1,1
WBGene00173271.,0,2,2
WBGene00173272.,0,0,0
WBGene00173273.,0,0,0
WBGene00173274.,0,0,0
WBGene00173275.,0,0,0
WBGene00173276.,0,0,0
WBGene00173277.,0,0,0
WBGene00173278.,0,0,0
WBGene00173279.,0,1,1
WBGene00173280.,0,0,0
WBGene00173281.,0,0,0
WBGene00173282.,0,0,0
WBGene00173283.,0,1,1
WBGene00173284.,0,1,1
WBGene00173285.,0,0,0
WBGene00173286.,0,0,0
WBGene00173287.,0,3,3
WBGene00173288.,0,0,0
WBGene00173289.,0,0,0
WBGene00173290.,0,1,1
WBGene00173291.,0,6,6
WBGene00173292.,0,0,0
WBGene00173293.,0,0,0
WBGene00173294.,0,0,0
WBGene00173295.,0,0,0
WBGene00173296.,0,0,0
WBGene00173297.,0,0,0
WBGene00173298.,0,10,10
WBGene00173299.,0,0,0
WBGene00173300.,0,0,0
WBGene00173301.,0,1,1
WBGene00173302.,0,0,0
WBGene00173303.,0,2,2
WBGene00173304.,0,0,0
WBGene00173305.,0,0,0
WBGene00173306.,0,0,0
WBGene00173307.,0,0,0
WBGene00173308.,0,0,0
WBGene00173309.,0,0,0
WBGene00173310.,0,0,0
WBGene00173311.,0,0,0
WBGene00173312.,0,2,2
WBGene00173313.,0,0,0
WBGene00173314.,0,0,0
WBGene00173315.,0,0,0
WBGene00173316.,0,0,0
WBGene00173317.,0,2,2
WBGene00173318.,0,0,0
WBGene00173319.,0,2,2
WBGene00173320.,0,0,0
WBGene00173321.,0,0,0
WBGene00173322.,0,4,4
WBGene00173323.,0,1,1
WBGene00173324.,0,0,0
WBGene00173325.,0,0,0
WBGene00173326.,0,0,0
WBGene00173327.,0,0,0
WBGene00173328.,0,0,0
WBGene00173329.,0,0,0
WBGene00173330.,0,0,0
WBGene00173331.,0,0,0
WBGene00173332.,0,0,0
WBGene00173333.,0,0,0
WBGene00173334.,0,1,1
WBGene00173335.,0,0,0
WBGene00173336.,0,0,0
WBGene00173337.,0,5,5
WBGene00173338.,0,4,4
WBGene00173339.,0,0,0
WBGene00173340.,0,0,0
WBGene00173341.,0,0,0
WBGene00173342.,0,2,2
WBGene00173343.,0,0,0
WBGene00173344.,0,0,0
WBGene00173345.,0,0,0
WBGene00173346.,0,0,0
WBGene00173347.,0,0,0
WBGene00173348.,0,0,0
WBGene00173349.,0,0,0
WBGene00173350.,0,0,0
WBGene00173351.,0,0,0
WBGene00173352.,0,0,0
WBGene00173353.,0,0,0
WBGene00173354.,0,0,0
WBGene00173355.,0,0,0
WBGene00173356.,0,0,0
WBGene00173357.,0,0,0
WBGene00173358.,0,0,0
WBGene00173359.,0,0,0
WBGene00173360.,0,58,58
WBGene00173361.,0,0,0
WBGene00173362.,0,0,0
WBGene00173363.,0,0,0
WBGene00173364.,0,1,1
WBGene00173365.,0,0,0
WBGene00173366.,0,0,0
WBGene00173367.,0,0,0
WBGene00173368.,0,1,1
WBGene00173369.,0,0,0
WBGene00173370.,0,2,2
WBGene00173371.,0,0,0
WBGene00173372.,0,0,0
WBGene00173373.,0,0,0
WBGene00173374.,0,0,0
WBGene00173375.,0,0,0
WBGene00173376.,0,3,3
WBGene00173377.,0,0,0
WBGene00173378.,0,0,0
WBGene00173379.,0,0,0
WBGene00173380.,0,0,0
WBGene00173381.,0,1,1
WBGene00173382.,0,0,0
WBGene00173383.,0,0,0
WBGene00173384.,0,2,2
WBGene00173385.,0,0,0
WBGene00173386.,0,4,4
WBGene00173387.,0,0,0
WBGene00173388.,0,0,0
WBGene00173389.,0,0,0
WBGene00173390.,0,0,0
WBGene00173391.,0,0,0
WBGene00173392.,0,0,0
WBGene00173393.,0,0,0
WBGene00173394.,0,0,0
WBGene00173395.,0,0,0
WBGene00173396.,0,0,0
WBGene00173397.,0,0,0
WBGene00173398.,0,18,18
WBGene00173399.,0,0,0
WBGene00173400.,0,0,0
WBGene00173401.,0,0,0
WBGene00173402.,0,0,0
WBGene00173403.,0,0,0
WBGene00173404.,0,0,0
WBGene00173405.,0,0,0
WBGene00173406.,0,0,0
WBGene00173407.,0,0,0
WBGene00173408.,0,0,0
WBGene00173409.,0,0,0
WBGene00173410.,0,0,0
WBGene00173411.,0,0,0
WBGene00173412.,0,0,0
WBGene00173413.,0,9,9
WBGene00173414.,0,0,0
WBGene00173415.,0,0,0
WBGene00173416.,0,1,1
WBGene00173417.,0,0,0
WBGene00173418.,0,0,0
WBGene00173419.,0,0,0
WBGene00173420.,0,9,9
WBGene00173421.,0,0,0
WBGene00173422.,0,0,0
WBGene00173423.,0,0,0
WBGene00173424.,0,0,0
WBGene00173425.,0,0,0
WBGene00173426.,0,0,0
WBGene00173427.,0,0,0
WBGene00173428.,0,0,0
WBGene00173429.,0,0,0
WBGene00173430.,0,0,0
WBGene00173431.,0,0,0
WBGene00173432.,0,0,0
WBGene00173433.,0,0,0
WBGene00173434.,0,1,1
WBGene00173435.,0,0,0
WBGene00173436.,0,0,0
WBGene00173437.,0,1,1
WBGene00173438.,0,0,0
WBGene00173439.,0,0,0
WBGene00173440.,0,1,1
WBGene00173441.,0,0,0
WBGene00173442.,0,0,0
WBGene00173443.,0,0,0
WBGene00173444.,0,7,7
WBGene00173445.,0,0,0
WBGene00173446.,0,0,0
WBGene00173447.,0,207,207
WBGene00173448.,0,0,0
WBGene00173449.,0,0,0
WBGene00173450.,0,0,0
WBGene00173451.,0,0,0
WBGene00173452.,0,0,0
WBGene00173453.,0,0,0
WBGene00173454.,0,0,0
WBGene00173455.,0,0,0
WBGene00173456.,0,0,0
WBGene00173457.,0,0,0
WBGene00173458.,0,0,0
WBGene00173459.,0,0,0
WBGene00173460.,0,1,1
WBGene00173461.,0,0,0
WBGene00173462.,0,0,0
WBGene00173463.,0,0,0
WBGene00173464.,0,0,0
WBGene00173465.,0,1,1
WBGene00173466.,0,0,0
WBGene00173467.,0,0,0
WBGene00173468.,0,0,0
WBGene00173469.,0,3,3
WBGene00173470.,0,0,0
WBGene00173471.,0,0,0
WBGene00173472.,0,0,0
WBGene00173473.,0,0,0
WBGene00173474.,0,0,0
WBGene00173475.,0,0,0
WBGene00173476.,0,0,0
WBGene00173477.,0,0,0
WBGene00173478.,0,0,0
WBGene00173480.,0,0,0
WBGene00173481.,0,0,0
WBGene00173482.,0,0,0
WBGene00173483.,0,0,0
WBGene00173484.,0,0,0
WBGene00173485.,0,0,0
WBGene00173486.,0,0,0
WBGene00173487.,0,0,0
WBGene00173488.,0,0,0
WBGene00173489.,0,0,0
WBGene00173490.,0,3,3
WBGene00173491.,0,1,1
WBGene00173492.,0,0,0
WBGene00173493.,0,0,0
WBGene00173494.,0,0,0
WBGene00173495.,0,0,0
WBGene00173496.,0,0,0
WBGene00173497.,0,0,0
WBGene00173498.,0,0,0
WBGene00173499.,0,0,0
WBGene00173500.,0,0,0
WBGene00173501.,0,0,0
WBGene00173502.,0,0,0
WBGene00173503.,0,0,0
WBGene00173504.,0,0,0
WBGene00173505.,0,0,0
WBGene00173506.,0,0,0
WBGene00173507.,0,0,0
WBGene00173508.,0,0,0
WBGene00173509.,0,1,1
WBGene00173510.,0,0,0
WBGene00173511.,0,0,0
WBGene00173512.,0,0,0
WBGene00173513.,0,0,0
WBGene00173514.,0,0,0
WBGene00173515.,0,0,0
WBGene00173516.,0,269,269
WBGene00173517.,0,0,0
WBGene00173518.,0,4,4
WBGene00173519.,0,0,0
WBGene00173520.,0,0,0
WBGene00173521.,0,0,0
WBGene00173522.,0,0,0
WBGene00173523.,0,0,0
WBGene00173524.,0,2,2
WBGene00173525.,0,1,1
WBGene00173526.,0,0,0
WBGene00173527.,0,0,0
WBGene00173528.,0,0,0
WBGene00173529.,0,0,0
WBGene00173530.,0,0,0
WBGene00173531.,0,0,0
WBGene00173532.,0,0,0
WBGene00173533.,0,0,0
WBGene00173534.,0,0,0
WBGene00173535.,0,0,0
WBGene00173536.,0,0,0
WBGene00173537.,0,0,0
WBGene00173538.,0,0,0
WBGene00173539.,0,0,0
WBGene00173540.,0,0,0
WBGene00173541.,0,0,0
WBGene00173542.,0,0,0
WBGene00173543.,0,0,0
WBGene00173544.,0,0,0
WBGene00173545.,0,1,1
WBGene00173546.,0,0,0
WBGene00173547.,0,0,0
WBGene00173548.,0,0,0
WBGene00173550.,0,0,0
WBGene00173551.,0,0,0
WBGene00173552.,0,0,0
WBGene00173553.,0,0,0
WBGene00173554.,0,0,0
WBGene00173555.,0,0,0
WBGene00173556.,0,0,0
WBGene00173557.,0,0,0
WBGene00173558.,0,0,0
WBGene00173559.,0,0,0
WBGene00173560.,0,0,0
WBGene00173561.,0,0,0
WBGene00173562.,0,2,2
WBGene00173563.,0,0,0
WBGene00173564.,0,0,0
WBGene00173565.,0,0,0
WBGene00173566.,0,1,1
WBGene00173567.,0,0,0
WBGene00173568.,0,0,0
WBGene00173569.,0,0,0
WBGene00173570.,0,0,0
WBGene00173571.,0,0,0
WBGene00173572.,0,0,0
WBGene00173573.,0,0,0
WBGene00173574.,0,0,0
WBGene00173575.,0,0,0
WBGene00173576.,0,1,1
WBGene00173577.,0,4,4
WBGene00173578.,0,0,0
WBGene00173579.,0,0,0
WBGene00173580.,0,0,0
WBGene00173581.,0,2,2
WBGene00173582.,0,0,0
WBGene00173583.,0,0,0
WBGene00173584.,0,1,1
WBGene00173585.,0,0,0
WBGene00173586.,0,0,0
WBGene00173587.,0,0,0
WBGene00173588.,0,0,0
WBGene00173589.,0,1,1
WBGene00173590.,0,0,0
WBGene00173591.,0,0,0
WBGene00173592.,0,0,0
WBGene00173593.,0,0,0
WBGene00173594.,0,0,0
WBGene00173595.,0,0,0
WBGene00173596.,0,0,0
WBGene00173597.,0,2,2
WBGene00173598.,0,0,0
WBGene00173599.,0,0,0
WBGene00173600.,0,0,0
WBGene00173601.,0,0,0
WBGene00173602.,0,0,0
WBGene00173603.,0,5,5
WBGene00173604.,0,0,0
WBGene00173605.,0,1,1
WBGene00173606.,0,0,0
WBGene00173607.,0,109,109
WBGene00173608.,0,0,0
WBGene00173609.,0,1,1
WBGene00173610.,0,0,0
WBGene00173611.,0,0,0
WBGene00173612.,0,0,0
WBGene00173613.,0,2,2
WBGene00173614.,0,0,0
WBGene00173615.,0,113,113
WBGene00173616.,0,0,0
WBGene00173617.,0,2,2
WBGene00173618.,0,0,0
WBGene00173619.,0,0,0
WBGene00173620.,0,0,0
WBGene00173621.,0,5,5
WBGene00173622.,0,0,0
WBGene00173623.,0,0,0
WBGene00173624.,0,0,0
WBGene00173625.,0,0,0
WBGene00173626.,0,0,0
WBGene00173627.,0,0,0
WBGene00173628.,0,0,0
WBGene00173629.,0,1,1
WBGene00173630.,0,2,2
WBGene00173631.,0,0,0
WBGene00173632.,0,9,9
WBGene00173633.,0,0,0
WBGene00173634.,0,0,0
WBGene00173635.,0,0,0
WBGene00173636.,0,0,0
WBGene00173637.,0,2,2
WBGene00173638.,0,0,0
WBGene00173639.,0,0,0
WBGene00173640.,0,9,9
WBGene00173641.,0,0,0
WBGene00173642.,0,0,0
WBGene00173643.,0,0,0
WBGene00173644.,0,0,0
WBGene00173645.,0,0,0
WBGene00173646.,0,0,0
WBGene00173647.,0,0,0
WBGene00173648.,0,0,0
WBGene00173649.,0,0,0
WBGene00173650.,0,0,0
WBGene00173651.,0,0,0
WBGene00173652.,0,0,0
WBGene00173653.,0,0,0
WBGene00173654.,0,0,0
WBGene00173655.,0,0,0
WBGene00173656.,0,0,0
WBGene00173657.,0,0,0
WBGene00173658.,0,15,15
WBGene00173659.,0,0,0
WBGene00173660.,0,0,0
WBGene00173661.,0,0,0
WBGene00173662.,0,0,0
WBGene00173663.,0,0,0
WBGene00173664.,0,0,0
WBGene00173665.,0,1,1
WBGene00173666.,0,0,0
WBGene00173667.,0,0,0
WBGene00173668.,0,0,0
WBGene00173669.,0,0,0
WBGene00173670.,0,0,0
WBGene00173671.,0,0,0
WBGene00173672.,0,0,0
WBGene00173673.,0,1,1
WBGene00173674.,0,0,0
WBGene00173675.,0,1,1
WBGene00173676.,0,1,1
WBGene00173677.,0,0,0
WBGene00173678.,0,0,0
WBGene00173679.,0,0,0
WBGene00173680.,0,3,3
WBGene00173681.,0,0,0
WBGene00173682.,0,1,1
WBGene00173683.,0,0,0
WBGene00173684.,0,0,0
WBGene00173685.,0,0,0
WBGene00173686.,0,0,0
WBGene00173687.,0,0,0
WBGene00173688.,0,0,0
WBGene00173689.,0,0,0
WBGene00173690.,0,0,0
WBGene00173691.,0,0,0
WBGene00173692.,0,0,0
WBGene00173693.,0,0,0
WBGene00173694.,0,0,0
WBGene00173695.,0,11,11
WBGene00173696.,0,0,0
WBGene00173697.,0,0,0
WBGene00173698.,0,1,1
WBGene00173699.,0,0,0
WBGene00173700.,0,1,1
WBGene00173701.,0,0,0
WBGene00173702.,0,0,0
WBGene00173703.,0,0,0
WBGene00173704.,0,0,0
WBGene00173705.,0,3,3
WBGene00173706.,0,0,0
WBGene00173707.,0,0,0
WBGene00173708.,0,0,0
WBGene00173709.,0,0,0
WBGene00173710.,0,0,0
WBGene00173711.,0,0,0
WBGene00173712.,0,0,0
WBGene00173713.,0,3,3
WBGene00173714.,0,0,0
WBGene00173715.,0,0,0
WBGene00173716.,0,0,0
WBGene00173717.,0,0,0
WBGene00173718.,0,0,0
WBGene00173719.,0,0,0
WBGene00173720.,0,0,0
WBGene00173721.,0,0,0
WBGene00173722.,0,0,0
WBGene00173723.,0,0,0
WBGene00173724.,0,0,0
WBGene00173725.,0,0,0
WBGene00173726.,0,0,0
WBGene00173727.,0,4,4
WBGene00173728.,0,2,2
WBGene00173729.,0,10,10
WBGene00173730.,0,14,14
WBGene00173731.,0,0,0
WBGene00173732.,0,0,0
WBGene00173733.,0,0,0
WBGene00173734.,0,2,2
WBGene00173735.,0,0,0
WBGene00173736.,0,1,1
WBGene00173737.,0,0,0
WBGene00173738.,0,0,0
WBGene00173739.,0,0,0
WBGene00173740.,0,0,0
WBGene00173741.,0,0,0
WBGene00173742.,0,0,0
WBGene00173743.,0,0,0
WBGene00173744.,0,0,0
WBGene00173745.,0,0,0
WBGene00173746.,0,0,0
WBGene00173747.,0,1,1
WBGene00173748.,0,0,0
WBGene00173749.,0,0,0
WBGene00173750.,0,0,0
WBGene00173751.,0,0,0
WBGene00173752.,0,0,0
WBGene00173753.,0,0,0
WBGene00173754.,0,0,0
WBGene00173755.,0,1,1
WBGene00173756.,0,0,0
WBGene00173757.,0,0,0
WBGene00173758.,0,42,42
WBGene00173759.,0,0,0
WBGene00173760.,0,0,0
WBGene00173761.,0,0,0
WBGene00173762.,0,1,1
WBGene00173763.,0,0,0
WBGene00173764.,0,0,0
WBGene00173765.,0,0,0
WBGene00173766.,0,0,0
WBGene00173767.,0,0,0
WBGene00173768.,0,8,8
WBGene00173769.,0,0,0
WBGene00173770.,0,0,0
WBGene00173771.,0,0,0
WBGene00173772.,0,0,0
WBGene00173773.,0,0,0
WBGene00173774.,0,0,0
WBGene00173775.,0,0,0
WBGene00173776.,0,0,0
WBGene00173777.,0,0,0
WBGene00173778.,0,0,0
WBGene00173779.,0,0,0
WBGene00173780.,0,0,0
WBGene00173781.,0,0,0
WBGene00173782.,0,0,0
WBGene00173783.,0,0,0
WBGene00173784.,0,0,0
WBGene00173785.,0,0,0
WBGene00173786.,0,1,1
WBGene00173787.,0,0,0
WBGene00173788.,0,0,0
WBGene00173789.,0,0,0
WBGene00173790.,0,0,0
WBGene00173791.,0,0,0
WBGene00173792.,0,0,0
WBGene00173793.,0,0,0
WBGene00173794.,0,2,2
WBGene00173795.,0,0,0
WBGene00173796.,0,0,0
WBGene00173797.,0,0,0
WBGene00173798.,0,0,0
WBGene00173799.,0,0,0
WBGene00173800.,0,0,0
WBGene00173801.,0,0,0
WBGene00173802.,0,0,0
WBGene00173803.,0,1,1
WBGene00173804.,0,0,0
WBGene00173805.,0,0,0
WBGene00173806.,0,1,1
WBGene00173807.,0,0,0
WBGene00173808.,0,0,0
WBGene00173809.,0,3,3
WBGene00173810.,0,0,0
WBGene00173811.,0,1,1
WBGene00173812.,0,0,0
WBGene00173813.,0,0,0
WBGene00173814.,0,1,1
WBGene00173815.,0,0,0
WBGene00173816.,0,0,0
WBGene00173817.,0,0,0
WBGene00173818.,0,0,0
WBGene00173819.,0,0,0
WBGene00173820.,0,0,0
WBGene00173821.,0,0,0
WBGene00173822.,0,0,0
WBGene00173823.,0,0,0
WBGene00173824.,0,0,0
WBGene00173825.,0,0,0
WBGene00173826.,0,0,0
WBGene00173827.,0,1,1
WBGene00173828.,0,0,0
WBGene00173829.,0,0,0
WBGene00173830.,0,2,2
WBGene00173831.,0,4,4
WBGene00173832.,0,2,2
WBGene00173833.,0,0,0
WBGene00173834.,0,0,0
WBGene00173835.,0,0,0
WBGene00173836.,0,0,0
WBGene00173837.,0,0,0
WBGene00173838.,0,0,0
WBGene00173839.,0,0,0
WBGene00173840.,0,2,2
WBGene00173841.,0,0,0
WBGene00173842.,0,0,0
WBGene00173843.,0,0,0
WBGene00173844.,0,0,0
WBGene00173845.,0,0,0
WBGene00173846.,0,0,0
WBGene00173847.,0,0,0
WBGene00173848.,0,0,0
WBGene00173849.,0,0,0
WBGene00173850.,0,0,0
WBGene00173851.,0,0,0
WBGene00173852.,0,0,0
WBGene00173853.,0,0,0
WBGene00173854.,0,0,0
WBGene00173855.,0,0,0
WBGene00173856.,0,0,0
WBGene00173857.,0,0,0
WBGene00173858.,0,119,119
WBGene00173859.,0,0,0
WBGene00173860.,0,0,0
WBGene00173861.,0,0,0
WBGene00173862.,0,1,1
WBGene00173863.,0,0,0
WBGene00173864.,0,0,0
WBGene00173865.,0,0,0
WBGene00173866.,0,0,0
WBGene00173867.,0,0,0
WBGene00173868.,0,0,0
WBGene00173869.,0,0,0
WBGene00173870.,0,2,2
WBGene00173871.,0,0,0
WBGene00173872.,0,0,0
WBGene00173873.,0,0,0
WBGene00173874.,0,0,0
WBGene00173875.,0,0,0
WBGene00173876.,0,0,0
WBGene00173877.,0,3,3
WBGene00173878.,0,0,0
WBGene00173879.,0,0,0
WBGene00173880.,0,0,0
WBGene00173881.,0,0,0
WBGene00173882.,0,0,0
WBGene00173883.,0,0,0
WBGene00173884.,0,0,0
WBGene00173885.,0,1,1
WBGene00173886.,0,0,0
WBGene00173887.,0,2,2
WBGene00173888.,0,0,0
WBGene00173889.,0,0,0
WBGene00173890.,0,0,0
WBGene00173891.,0,3,3
WBGene00173892.,0,0,0
WBGene00173893.,0,0,0
WBGene00173894.,0,0,0
WBGene00173895.,0,0,0
WBGene00173896.,0,0,0
WBGene00173897.,0,0,0
WBGene00173898.,0,0,0
WBGene00173899.,0,0,0
WBGene00173900.,0,0,0
WBGene00173901.,0,0,0
WBGene00173902.,0,0,0
WBGene00173903.,0,0,0
WBGene00173904.,0,1,1
WBGene00173905.,0,1,1
WBGene00173906.,0,0,0
WBGene00173907.,0,0,0
WBGene00173908.,0,0,0
WBGene00173909.,0,0,0
WBGene00173910.,0,0,0
WBGene00173911.,0,0,0
WBGene00173912.,0,0,0
WBGene00173913.,0,0,0
WBGene00173914.,0,1,1
WBGene00173915.,0,0,0
WBGene00173916.,0,1,1
WBGene00173917.,0,0,0
WBGene00173918.,0,0,0
WBGene00173919.,0,0,0
WBGene00173920.,0,0,0
WBGene00173921.,0,0,0
WBGene00173922.,0,0,0
WBGene00173923.,0,0,0
WBGene00173924.,0,0,0
WBGene00173925.,0,0,0
WBGene00173926.,0,0,0
WBGene00173927.,0,0,0
WBGene00173928.,0,0,0
WBGene00173929.,0,0,0
WBGene00173930.,0,0,0
WBGene00173931.,0,0,0
WBGene00173932.,0,0,0
WBGene00173933.,0,0,0
WBGene00173934.,0,0,0
WBGene00173935.,0,6,6
WBGene00173936.,0,0,0
WBGene00173937.,0,0,0
WBGene00173938.,0,0,0
WBGene00173939.,0,0,0
WBGene00173940.,0,0,0
WBGene00173941.,0,0,0
WBGene00173942.,0,0,0
WBGene00173943.,0,0,0
WBGene00173944.,0,2,2
WBGene00173945.,0,0,0
WBGene00173946.,0,0,0
WBGene00173947.,0,0,0
WBGene00173948.,0,0,0
WBGene00173949.,0,0,0
WBGene00173950.,0,15,15
WBGene00173951.,0,0,0
WBGene00173952.,0,2,2
WBGene00173953.,0,0,0
WBGene00173954.,0,0,0
WBGene00173955.,0,1,1
WBGene00173956.,0,0,0
WBGene00173957.,0,0,0
WBGene00173958.,0,0,0
WBGene00173959.,0,3,3
WBGene00173960.,0,4,4
WBGene00173961.,0,0,0
WBGene00173962.,0,0,0
WBGene00173963.,0,0,0
WBGene00173964.,0,0,0
WBGene00173965.,0,0,0
WBGene00173966.,0,0,0
WBGene00173967.,0,5,5
WBGene00173968.,0,0,0
WBGene00173969.,0,1,1
WBGene00173970.,0,0,0
WBGene00173971.,0,0,0
WBGene00173972.,0,0,0
WBGene00173973.,0,3,3
WBGene00173974.,0,0,0
WBGene00173975.,0,0,0
WBGene00173976.,0,0,0
WBGene00173977.,0,0,0
WBGene00173978.,0,0,0
WBGene00173979.,0,0,0
WBGene00173980.,0,19,19
WBGene00173981.,0,0,0
WBGene00173982.,0,0,0
WBGene00173983.,0,0,0
WBGene00173984.,0,0,0
WBGene00173985.,0,0,0
WBGene00173986.,0,0,0
WBGene00173987.,0,0,0
WBGene00173988.,0,0,0
WBGene00173989.,0,0,0
WBGene00173990.,0,0,0
WBGene00173991.,0,0,0
WBGene00173992.,0,2,2
WBGene00173993.,0,0,0
WBGene00173994.,0,0,0
WBGene00173995.,0,0,0
WBGene00173996.,0,0,0
WBGene00173997.,0,4,4
WBGene00173998.,0,0,0
WBGene00173999.,0,0,0
WBGene00174000.,0,0,0
WBGene00174001.,0,3,3
WBGene00174002.,0,1,1
WBGene00174003.,0,0,0
WBGene00174004.,0,0,0
WBGene00174005.,0,0,0
WBGene00174006.,0,0,0
WBGene00174007.,0,0,0
WBGene00174008.,0,0,0
WBGene00174009.,0,3,3
WBGene00174010.,0,0,0
WBGene00174011.,0,0,0
WBGene00174012.,0,0,0
WBGene00174013.,0,0,0
WBGene00174014.,0,9,9
WBGene00174015.,0,0,0
WBGene00174016.,0,0,0
WBGene00174017.,0,0,0
WBGene00174018.,0,0,0
WBGene00174019.,0,2,2
WBGene00174020.,0,0,0
WBGene00174021.,0,0,0
WBGene00174022.,0,1,1
WBGene00174023.,0,0,0
WBGene00174024.,0,0,0
WBGene00174025.,0,0,0
WBGene00174026.,0,4,4
WBGene00174027.,0,0,0
WBGene00174028.,0,1,1
WBGene00174029.,0,0,0
WBGene00174030.,0,0,0
WBGene00174031.,0,0,0
WBGene00174032.,0,0,0
WBGene00174033.,0,0,0
WBGene00174034.,0,0,0
WBGene00174035.,0,0,0
WBGene00174036.,0,0,0
WBGene00174037.,0,0,0
WBGene00174038.,0,0,0
WBGene00174039.,0,0,0
WBGene00174040.,0,1,1
WBGene00174041.,0,0,0
WBGene00174042.,0,0,0
WBGene00174043.,0,0,0
WBGene00174044.,0,3,3
WBGene00174045.,0,0,0
WBGene00174046.,0,0,0
WBGene00174047.,0,0,0
WBGene00174048.,0,0,0
WBGene00174049.,0,1,1
WBGene00174050.,0,0,0
WBGene00174051.,0,0,0
WBGene00174052.,0,0,0
WBGene00174053.,0,0,0
WBGene00174054.,0,0,0
WBGene00174055.,0,0,0
WBGene00174056.,0,0,0
WBGene00174057.,0,0,0
WBGene00174058.,0,1,1
WBGene00174059.,0,0,0
WBGene00174060.,0,0,0
WBGene00174061.,0,0,0
WBGene00174062.,0,0,0
WBGene00174063.,0,0,0
WBGene00174064.,0,0,0
WBGene00174065.,0,0,0
WBGene00174066.,0,0,0
WBGene00174067.,0,0,0
WBGene00174068.,0,0,0
WBGene00174069.,0,0,0
WBGene00174070.,0,2,2
WBGene00174071.,0,2,2
WBGene00174072.,0,0,0
WBGene00174073.,0,0,0
WBGene00174074.,0,0,0
WBGene00174075.,0,0,0
WBGene00174076.,0,0,0
WBGene00174077.,0,0,0
WBGene00174078.,0,0,0
WBGene00174079.,0,0,0
WBGene00174080.,0,0,0
WBGene00174081.,0,3,3
WBGene00174082.,0,0,0
WBGene00174083.,0,0,0
WBGene00174084.,0,4,4
WBGene00174085.,0,0,0
WBGene00174086.,0,0,0
WBGene00174087.,0,1,1
WBGene00174088.,0,1,1
WBGene00174089.,0,1,1
WBGene00174090.,0,0,0
WBGene00174091.,0,0,0
WBGene00174092.,0,1,1
WBGene00174093.,0,0,0
WBGene00174094.,0,0,0
WBGene00174095.,0,0,0
WBGene00174096.,0,0,0
WBGene00174097.,0,0,0
WBGene00174098.,0,0,0
WBGene00174099.,0,0,0
WBGene00174100.,0,0,0
WBGene00174101.,0,0,0
WBGene00174102.,0,0,0
WBGene00174103.,0,0,0
WBGene00174104.,0,8,8
WBGene00174105.,0,0,0
WBGene00174106.,0,0,0
WBGene00174107.,0,1,1
WBGene00174108.,0,0,0
WBGene00174109.,0,0,0
WBGene00174110.,0,0,0
WBGene00174111.,0,0,0
WBGene00174112.,0,0,0
WBGene00174113.,0,0,0
WBGene00174114.,0,0,0
WBGene00174115.,0,1,1
WBGene00174116.,0,0,0
WBGene00174117.,0,0,0
WBGene00174118.,0,1,1
WBGene00174119.,0,2,2
WBGene00174120.,0,0,0
WBGene00174121.,0,0,0
WBGene00174122.,0,0,0
WBGene00174123.,0,0,0
WBGene00174124.,0,0,0
WBGene00174125.,0,0,0
WBGene00174126.,0,0,0
WBGene00174127.,0,0,0
WBGene00174128.,0,43,43
WBGene00174129.,0,0,0
WBGene00174130.,0,0,0
WBGene00174131.,0,0,0
WBGene00174132.,0,0,0
WBGene00174133.,0,0,0
WBGene00174134.,0,0,0
WBGene00174135.,0,0,0
WBGene00174136.,0,0,0
WBGene00174137.,0,0,0
WBGene00174138.,0,0,0
WBGene00174139.,0,0,0
WBGene00174140.,0,0,0
WBGene00174141.,0,0,0
WBGene00174142.,0,0,0
WBGene00174143.,0,0,0
WBGene00174144.,0,3,3
WBGene00174145.,0,0,0
WBGene00174146.,0,0,0
WBGene00174147.,0,0,0
WBGene00174148.,0,0,0
WBGene00174149.,0,0,0
WBGene00174150.,0,0,0
WBGene00174151.,0,0,0
WBGene00174152.,0,0,0
WBGene00174153.,0,0,0
WBGene00174154.,0,0,0
WBGene00174155.,0,0,0
WBGene00174156.,0,0,0
WBGene00174157.,0,0,0
WBGene00174158.,0,0,0
WBGene00174159.,0,0,0
WBGene00174160.,0,0,0
WBGene00174161.,0,3,3
WBGene00174162.,0,0,0
WBGene00174163.,0,0,0
WBGene00174164.,0,1,1
WBGene00174165.,0,0,0
WBGene00174166.,0,0,0
WBGene00174167.,0,0,0
WBGene00174168.,0,5,5
WBGene00174169.,0,0,0
WBGene00174170.,0,0,0
WBGene00174171.,0,0,0
WBGene00174172.,0,0,0
WBGene00174173.,0,2,2
WBGene00174174.,0,0,0
WBGene00174175.,0,0,0
WBGene00174176.,0,0,0
WBGene00174177.,0,0,0
WBGene00174178.,0,0,0
WBGene00174179.,0,0,0
WBGene00174180.,0,0,0
WBGene00174181.,0,0,0
WBGene00174182.,0,0,0
WBGene00174183.,0,0,0
WBGene00174184.,0,45,45
WBGene00174185.,0,0,0
WBGene00174186.,0,4,4
WBGene00174187.,0,0,0
WBGene00174188.,0,0,0
WBGene00174189.,0,0,0
WBGene00174190.,0,14,14
WBGene00174191.,0,0,0
WBGene00174192.,0,0,0
WBGene00174193.,0,0,0
WBGene00174194.,0,0,0
WBGene00174195.,0,0,0
WBGene00174196.,0,0,0
WBGene00174197.,0,0,0
WBGene00174198.,0,0,0
WBGene00174199.,0,0,0
WBGene00174200.,0,1,1
WBGene00174201.,0,0,0
WBGene00174202.,0,0,0
WBGene00174203.,0,0,0
WBGene00174204.,0,0,0
WBGene00174205.,0,0,0
WBGene00174206.,0,3,3
WBGene00174207.,0,0,0
WBGene00174208.,0,0,0
WBGene00174209.,0,0,0
WBGene00174210.,0,0,0
WBGene00174211.,0,0,0
WBGene00174212.,0,1,1
WBGene00174213.,0,0,0
WBGene00174214.,0,0,0
WBGene00174215.,0,0,0
WBGene00174216.,0,3,3
WBGene00174217.,0,0,0
WBGene00174218.,0,0,0
WBGene00174219.,0,0,0
WBGene00174220.,0,0,0
WBGene00174221.,0,0,0
WBGene00174222.,0,0,0
WBGene00174223.,0,1,1
WBGene00174224.,0,1,1
WBGene00174225.,0,0,0
WBGene00174226.,0,0,0
WBGene00174227.,0,0,0
WBGene00174228.,0,0,0
WBGene00174229.,0,0,0
WBGene00174230.,0,0,0
WBGene00174231.,0,0,0
WBGene00174232.,0,0,0
WBGene00174233.,0,0,0
WBGene00174234.,0,3,3
WBGene00174235.,0,0,0
WBGene00174236.,0,0,0
WBGene00174237.,0,1,1
WBGene00174238.,0,0,0
WBGene00174239.,0,0,0
WBGene00174240.,0,0,0
WBGene00174241.,0,0,0
WBGene00174242.,0,0,0
WBGene00174243.,0,0,0
WBGene00174244.,0,0,0
WBGene00174245.,0,0,0
WBGene00174246.,0,0,0
WBGene00174247.,0,0,0
WBGene00174248.,0,7,7
WBGene00174249.,0,0,0
WBGene00174250.,0,0,0
WBGene00174251.,0,0,0
WBGene00174252.,0,0,0
WBGene00174253.,0,0,0
WBGene00174254.,0,0,0
WBGene00174255.,0,0,0
WBGene00174256.,0,0,0
WBGene00174257.,0,0,0
WBGene00174258.,0,0,0
WBGene00174259.,0,0,0
WBGene00174260.,0,0,0
WBGene00174261.,0,0,0
WBGene00174262.,0,0,0
WBGene00174263.,0,0,0
WBGene00174264.,0,0,0
WBGene00174265.,0,37,37
WBGene00174266.,0,0,0
WBGene00174267.,0,0,0
WBGene00174268.,0,0,0
WBGene00174269.,0,0,0
WBGene00174270.,0,0,0
WBGene00174271.,0,0,0
WBGene00174272.,0,0,0
WBGene00174273.,0,0,0
WBGene00174274.,0,0,0
WBGene00174275.,0,0,0
WBGene00174276.,0,0,0
WBGene00174277.,0,0,0
WBGene00174278.,0,1,1
WBGene00174279.,0,0,0
WBGene00174280.,0,0,0
WBGene00174281.,0,2,2
WBGene00174282.,0,0,0
WBGene00174283.,0,1,1
WBGene00174284.,0,0,0
WBGene00174285.,0,0,0
WBGene00174286.,0,0,0
WBGene00174287.,0,0,0
WBGene00174288.,0,0,0
WBGene00174289.,0,0,0
WBGene00174290.,0,1,1
WBGene00174291.,0,0,0
WBGene00174292.,0,2,2
WBGene00174293.,0,22,22
WBGene00174294.,0,0,0
WBGene00174295.,0,0,0
WBGene00174296.,0,0,0
WBGene00174297.,0,3,3
WBGene00174298.,0,0,0
WBGene00174299.,0,0,0
WBGene00174300.,0,0,0
WBGene00174301.,0,0,0
WBGene00174302.,0,0,0
WBGene00174303.,0,0,0
WBGene00174304.,0,0,0
WBGene00174305.,0,0,0
WBGene00174306.,0,1,1
WBGene00174307.,0,0,0
WBGene00174308.,0,0,0
WBGene00174309.,0,2,2
WBGene00174310.,0,0,0
WBGene00174311.,0,18,18
WBGene00174312.,0,0,0
WBGene00174313.,0,4,4
WBGene00174314.,0,2,2
WBGene00174315.,0,0,0
WBGene00174316.,0,0,0
WBGene00174317.,0,3,3
WBGene00174318.,0,11,11
WBGene00174319.,0,2,2
WBGene00174320.,0,0,0
WBGene00174321.,0,0,0
WBGene00174322.,0,0,0
WBGene00174323.,0,0,0
WBGene00174324.,0,0,0
WBGene00174325.,0,1,1
WBGene00174326.,0,0,0
WBGene00174327.,0,0,0
WBGene00174328.,0,0,0
WBGene00174329.,0,0,0
WBGene00174330.,0,1,1
WBGene00174331.,0,0,0
WBGene00174332.,0,0,0
WBGene00174333.,0,0,0
WBGene00174334.,0,0,0
WBGene00174335.,0,0,0
WBGene00174336.,0,0,0
WBGene00174337.,0,0,0
WBGene00174338.,0,0,0
WBGene00174339.,0,0,0
WBGene00174340.,0,0,0
WBGene00174341.,0,0,0
WBGene00174342.,0,0,0
WBGene00174343.,0,0,0
WBGene00174344.,0,0,0
WBGene00174345.,0,0,0
WBGene00174346.,0,0,0
WBGene00174347.,0,0,0
WBGene00174348.,0,0,0
WBGene00174349.,0,0,0
WBGene00174350.,0,0,0
WBGene00174351.,0,1,1
WBGene00174352.,0,10,10
WBGene00174353.,0,1,1
WBGene00174354.,0,2,2
WBGene00174355.,0,0,0
WBGene00174356.,0,0,0
WBGene00174357.,0,0,0
WBGene00174358.,0,0,0
WBGene00174359.,0,0,0
WBGene00174360.,0,13,13
WBGene00174361.,0,0,0
WBGene00174362.,0,10,10
WBGene00174363.,0,0,0
WBGene00174364.,0,0,0
WBGene00174365.,0,0,0
WBGene00174366.,0,0,0
WBGene00174367.,0,0,0
WBGene00174368.,0,1,1
WBGene00174369.,0,0,0
WBGene00174370.,0,1,1
WBGene00174371.,0,0,0
WBGene00174372.,0,0,0
WBGene00174373.,0,0,0
WBGene00174374.,0,0,0
WBGene00174375.,0,0,0
WBGene00174376.,0,2,2
WBGene00174377.,0,8,8
WBGene00174378.,0,1,1
WBGene00174379.,0,0,0
WBGene00174380.,0,2,2
WBGene00174381.,0,0,0
WBGene00174382.,0,1,1
WBGene00174383.,0,0,0
WBGene00174384.,0,4,4
WBGene00174385.,0,1,1
WBGene00174386.,0,0,0
WBGene00174387.,0,0,0
WBGene00174388.,0,0,0
WBGene00174389.,0,0,0
WBGene00174390.,0,0,0
WBGene00174391.,0,0,0
WBGene00174392.,0,0,0
WBGene00174393.,0,0,0
WBGene00174394.,0,0,0
WBGene00174395.,0,0,0
WBGene00174396.,0,1,1
WBGene00174397.,0,2,2
WBGene00174398.,0,1,1
WBGene00174399.,0,0,0
WBGene00174400.,0,0,0
WBGene00174401.,0,0,0
WBGene00174402.,0,0,0
WBGene00174403.,0,0,0
WBGene00174404.,0,0,0
WBGene00174405.,0,0,0
WBGene00174406.,0,75,75
WBGene00174407.,0,0,0
WBGene00174408.,0,0,0
WBGene00174409.,0,1,1
WBGene00174410.,0,1,1
WBGene00174411.,0,0,0
WBGene00174412.,0,2,2
WBGene00174413.,0,0,0
WBGene00174414.,0,0,0
WBGene00174415.,0,0,0
WBGene00174416.,0,1,1
WBGene00174417.,0,0,0
WBGene00174418.,0,0,0
WBGene00174419.,0,0,0
WBGene00174420.,0,0,0
WBGene00174421.,0,0,0
WBGene00174422.,0,0,0
WBGene00174423.,0,0,0
WBGene00174424.,0,0,0
WBGene00174425.,0,0,0
WBGene00174426.,0,1,1
WBGene00174427.,0,0,0
WBGene00174428.,0,0,0
WBGene00174429.,0,3,3
WBGene00174430.,0,0,0
WBGene00174431.,0,0,0
WBGene00174432.,0,0,0
WBGene00174433.,0,0,0
WBGene00174434.,0,0,0
WBGene00174435.,0,0,0
WBGene00174436.,0,0,0
WBGene00174437.,0,0,0
WBGene00174438.,0,0,0
WBGene00174439.,0,0,0
WBGene00174440.,0,11,11
WBGene00174441.,0,0,0
WBGene00174442.,0,1,1
WBGene00174443.,0,0,0
WBGene00174444.,0,0,0
WBGene00174445.,0,0,0
WBGene00174446.,0,0,0
WBGene00174447.,0,1,1
WBGene00174448.,0,0,0
WBGene00174449.,0,1,1
WBGene00174450.,0,0,0
WBGene00174451.,0,0,0
WBGene00174452.,0,0,0
WBGene00174453.,0,14,14
WBGene00174454.,0,0,0
WBGene00174455.,0,0,0
WBGene00174456.,0,0,0
WBGene00174457.,0,0,0
WBGene00174458.,0,0,0
WBGene00174459.,0,0,0
WBGene00174460.,0,0,0
WBGene00174461.,0,0,0
WBGene00174462.,0,0,0
WBGene00174463.,0,0,0
WBGene00174464.,0,0,0
WBGene00174465.,0,0,0
WBGene00174466.,0,0,0
WBGene00174467.,0,0,0
WBGene00174468.,0,0,0
WBGene00174469.,0,0,0
WBGene00174470.,0,0,0
WBGene00174471.,0,0,0
WBGene00174472.,0,0,0
WBGene00174473.,0,0,0
WBGene00174474.,0,2,2
WBGene00174475.,0,2,2
WBGene00174476.,0,0,0
WBGene00174477.,0,0,0
WBGene00174478.,0,6,6
WBGene00174479.,0,0,0
WBGene00174480.,0,0,0
WBGene00174481.,0,0,0
WBGene00174482.,0,0,0
WBGene00174483.,0,0,0
WBGene00174484.,0,0,0
WBGene00174485.,0,4,4
WBGene00174486.,0,0,0
WBGene00174487.,0,3,3
WBGene00174488.,0,0,0
WBGene00174489.,0,0,0
WBGene00174490.,0,0,0
WBGene00174491.,0,0,0
WBGene00174492.,0,0,0
WBGene00174493.,0,0,0
WBGene00174494.,0,0,0
WBGene00174495.,0,0,0
WBGene00174496.,0,8,8
WBGene00174497.,0,2,2
WBGene00174498.,0,0,0
WBGene00174499.,0,6,6
WBGene00174500.,0,1,1
WBGene00174501.,0,0,0
WBGene00174502.,0,0,0
WBGene00174503.,0,0,0
WBGene00174504.,0,0,0
WBGene00174505.,0,0,0
WBGene00174506.,0,0,0
WBGene00174507.,0,0,0
WBGene00174508.,0,0,0
WBGene00174509.,0,0,0
WBGene00174510.,0,0,0
WBGene00174511.,0,0,0
WBGene00174512.,0,3,3
WBGene00174513.,0,3,3
WBGene00174514.,0,0,0
WBGene00174515.,0,0,0
WBGene00174516.,0,0,0
WBGene00174517.,0,0,0
WBGene00174518.,0,0,0
WBGene00174519.,0,1,1
WBGene00174520.,0,0,0
WBGene00174521.,0,0,0
WBGene00174522.,0,0,0
WBGene00174523.,0,1,1
WBGene00174524.,0,0,0
WBGene00174525.,0,0,0
WBGene00174526.,0,0,0
WBGene00174527.,0,0,0
WBGene00174528.,0,0,0
WBGene00174529.,0,0,0
WBGene00174530.,0,0,0
WBGene00174531.,0,1,1
WBGene00174532.,0,0,0
WBGene00174533.,0,0,0
WBGene00174534.,0,0,0
WBGene00174535.,0,0,0
WBGene00174536.,0,0,0
WBGene00174537.,0,1,1
WBGene00174538.,0,0,0
WBGene00174539.,0,1,1
WBGene00174540.,0,0,0
WBGene00174541.,0,0,0
WBGene00174542.,0,0,0
WBGene00174543.,0,0,0
WBGene00174544.,0,1,1
WBGene00174545.,0,0,0
WBGene00174546.,0,0,0
WBGene00174547.,0,0,0
WBGene00174548.,0,0,0
WBGene00174549.,0,0,0
WBGene00174550.,0,0,0
WBGene00174551.,0,0,0
WBGene00174552.,0,4,4
WBGene00174553.,0,0,0
WBGene00174554.,0,0,0
WBGene00174555.,0,0,0
WBGene00174556.,0,1,1
WBGene00174557.,0,0,0
WBGene00174558.,0,0,0
WBGene00174559.,0,0,0
WBGene00174560.,0,9,9
WBGene00174561.,0,0,0
WBGene00174562.,0,0,0
WBGene00174563.,0,0,0
WBGene00174564.,0,0,0
WBGene00174565.,0,1,1
WBGene00174566.,0,0,0
WBGene00174567.,0,0,0
WBGene00174568.,0,0,0
WBGene00174569.,0,0,0
WBGene00174570.,0,0,0
WBGene00174571.,0,0,0
WBGene00174572.,0,0,0
WBGene00174573.,0,0,0
WBGene00174574.,0,0,0
WBGene00174575.,0,0,0
WBGene00174576.,0,0,0
WBGene00174577.,0,4,4
WBGene00174578.,0,0,0
WBGene00174579.,0,2,2
WBGene00174580.,0,0,0
WBGene00174581.,0,0,0
WBGene00174582.,0,0,0
WBGene00174583.,0,0,0
WBGene00174584.,0,0,0
WBGene00174585.,0,0,0
WBGene00174586.,0,0,0
WBGene00174587.,0,0,0
WBGene00174588.,0,0,0
WBGene00174589.,0,0,0
WBGene00174590.,0,0,0
WBGene00174591.,0,0,0
WBGene00174592.,0,0,0
WBGene00174593.,0,0,0
WBGene00174594.,0,0,0
WBGene00174595.,0,2,2
WBGene00174596.,0,0,0
WBGene00174597.,0,0,0
WBGene00174598.,0,0,0
WBGene00174599.,0,0,0
WBGene00174600.,0,0,0
WBGene00174601.,0,0,0
WBGene00174602.,0,3,3
WBGene00174603.,0,0,0
WBGene00174604.,0,5,5
WBGene00174605.,0,0,0
WBGene00174606.,0,0,0
WBGene00174607.,0,7,7
WBGene00174608.,0,0,0
WBGene00174609.,0,0,0
WBGene00174610.,0,0,0
WBGene00174611.,0,0,0
WBGene00174612.,0,1,1
WBGene00174613.,0,0,0
WBGene00174614.,0,0,0
WBGene00174615.,0,1,1
WBGene00174616.,0,0,0
WBGene00174617.,0,0,0
WBGene00174618.,0,0,0
WBGene00174619.,0,0,0
WBGene00174620.,0,0,0
WBGene00174621.,0,0,0
WBGene00174622.,0,0,0
WBGene00174623.,0,0,0
WBGene00174624.,0,0,0
WBGene00174625.,0,0,0
WBGene00174626.,0,0,0
WBGene00174627.,0,0,0
WBGene00174628.,0,0,0
WBGene00174629.,0,0,0
WBGene00174630.,0,2,2
WBGene00174631.,0,9,9
WBGene00174632.,0,0,0
WBGene00174633.,0,0,0
WBGene00174634.,0,0,0
WBGene00174635.,0,0,0
WBGene00174636.,0,0,0
WBGene00174637.,0,0,0
WBGene00174638.,0,4,4
WBGene00174639.,0,0,0
WBGene00174640.,0,0,0
WBGene00174641.,0,0,0
WBGene00174642.,0,0,0
WBGene00174643.,0,0,0
WBGene00174644.,0,0,0
WBGene00174645.,0,0,0
WBGene00174646.,0,0,0
WBGene00174647.,0,0,0
WBGene00174648.,0,0,0
WBGene00174649.,0,0,0
WBGene00174650.,0,0,0
WBGene00174651.,0,0,0
WBGene00174652.,0,0,0
WBGene00174653.,0,18,18
WBGene00174654.,0,0,0
WBGene00174655.,0,2,2
WBGene00174656.,0,0,0
WBGene00174657.,0,0,0
WBGene00174658.,0,0,0
WBGene00174659.,0,0,0
WBGene00174660.,0,0,0
WBGene00174661.,0,0,0
WBGene00174662.,0,0,0
WBGene00174663.,0,0,0
WBGene00174664.,0,0,0
WBGene00174665.,0,0,0
WBGene00174666.,0,0,0
WBGene00174667.,0,0,0
WBGene00174668.,0,0,0
WBGene00174669.,0,0,0
WBGene00174670.,0,0,0
WBGene00174671.,0,0,0
WBGene00174672.,0,0,0
WBGene00174673.,0,70,70
WBGene00174674.,0,0,0
WBGene00174675.,0,0,0
WBGene00174676.,0,5,5
WBGene00174677.,0,3,3
WBGene00174678.,0,0,0
WBGene00174679.,0,0,0
WBGene00174680.,0,0,0
WBGene00174681.,0,0,0
WBGene00174682.,0,0,0
WBGene00174683.,0,0,0
WBGene00174684.,0,0,0
WBGene00174685.,0,0,0
WBGene00174686.,0,1,1
WBGene00174687.,0,0,0
WBGene00174688.,0,0,0
WBGene00174689.,0,0,0
WBGene00174690.,0,0,0
WBGene00174691.,0,0,0
WBGene00174692.,0,16,16
WBGene00174693.,0,0,0
WBGene00174694.,0,0,0
WBGene00174695.,0,2,2
WBGene00174696.,0,0,0
WBGene00174697.,0,0,0
WBGene00174698.,0,1,1
WBGene00174699.,0,0,0
WBGene00174700.,0,2,2
WBGene00174701.,0,1,1
WBGene00174702.,0,2,2
WBGene00174703.,0,0,0
WBGene00174704.,0,0,0
WBGene00174705.,0,0,0
WBGene00174706.,0,0,0
WBGene00174707.,0,0,0
WBGene00174708.,0,0,0
WBGene00174709.,0,0,0
WBGene00174710.,0,0,0
WBGene00174711.,0,0,0
WBGene00174712.,0,6,6
WBGene00174713.,0,0,0
WBGene00174714.,0,0,0
WBGene00174715.,0,4,4
WBGene00174716.,0,0,0
WBGene00174717.,0,0,0
WBGene00174718.,0,0,0
WBGene00174719.,0,0,0
WBGene00174720.,0,0,0
WBGene00174721.,0,2,2
WBGene00174722.,0,0,0
WBGene00174723.,0,0,0
WBGene00174724.,0,11,11
WBGene00174725.,0,0,0
WBGene00174726.,0,6,6
WBGene00174727.,0,1,1
WBGene00174728.,0,0,0
WBGene00174729.,0,2,2
WBGene00174730.,0,0,0
WBGene00174731.,0,0,0
WBGene00174732.,0,0,0
WBGene00174733.,0,0,0
WBGene00174734.,0,0,0
WBGene00174735.,0,0,0
WBGene00174736.,0,0,0
WBGene00174737.,0,1,1
WBGene00174738.,0,0,0
WBGene00174739.,0,4,4
WBGene00174740.,0,0,0
WBGene00174741.,0,7,7
WBGene00174742.,0,1,1
WBGene00174743.,0,0,0
WBGene00174744.,0,0,0
WBGene00174745.,0,0,0
WBGene00174746.,0,0,0
WBGene00174747.,0,0,0
WBGene00174748.,0,0,0
WBGene00174749.,0,0,0
WBGene00174750.,0,0,0
WBGene00174751.,0,0,0
WBGene00174752.,0,0,0
WBGene00174753.,0,0,0
WBGene00174754.,0,0,0
WBGene00174755.,0,0,0
WBGene00174756.,0,0,0
WBGene00174757.,0,0,0
WBGene00174758.,0,3,3
WBGene00174759.,0,0,0
WBGene00174760.,0,0,0
WBGene00174761.,0,0,0
WBGene00174762.,0,0,0
WBGene00174763.,0,1,1
WBGene00174764.,0,0,0
WBGene00174765.,0,0,0
WBGene00174766.,0,0,0
WBGene00174767.,0,0,0
WBGene00174768.,0,3,3
WBGene00174769.,0,0,0
WBGene00174770.,0,0,0
WBGene00174771.,0,0,0
WBGene00174772.,0,0,0
WBGene00174773.,0,1,1
WBGene00174774.,0,0,0
WBGene00174775.,0,0,0
WBGene00174776.,0,0,0
WBGene00174777.,0,0,0
WBGene00174778.,0,0,0
WBGene00174779.,0,2,2
WBGene00174780.,0,0,0
WBGene00174781.,0,0,0
WBGene00174782.,0,0,0
WBGene00174783.,0,0,0
WBGene00174784.,0,0,0
WBGene00174785.,0,0,0
WBGene00174786.,0,0,0
WBGene00174787.,0,0,0
WBGene00174788.,0,0,0
WBGene00174789.,0,0,0
WBGene00174790.,0,0,0
WBGene00174791.,0,1,1
WBGene00174792.,0,0,0
WBGene00174793.,0,0,0
WBGene00174794.,0,0,0
WBGene00174795.,0,0,0
WBGene00174796.,0,0,0
WBGene00174797.,0,0,0
WBGene00174798.,0,0,0
WBGene00174799.,0,0,0
WBGene00174800.,0,1,1
WBGene00174801.,0,0,0
WBGene00174802.,0,0,0
WBGene00174803.,0,0,0
WBGene00174804.,0,0,0
WBGene00174805.,0,0,0
WBGene00174806.,0,0,0
WBGene00174807.,0,0,0
WBGene00174808.,0,1,1
WBGene00174809.,0,0,0
WBGene00174810.,0,2,2
WBGene00174811.,0,2,2
WBGene00174812.,0,0,0
WBGene00174813.,0,0,0
WBGene00174814.,0,0,0
WBGene00174815.,0,0,0
WBGene00174816.,0,0,0
WBGene00174817.,0,1,1
WBGene00174818.,0,0,0
WBGene00174819.,0,0,0
WBGene00174820.,0,0,0
WBGene00174821.,0,12,12
WBGene00174822.,0,0,0
WBGene00174823.,0,0,0
WBGene00174824.,0,0,0
WBGene00174825.,0,0,0
WBGene00174826.,0,0,0
WBGene00174827.,0,0,0
WBGene00174828.,0,0,0
WBGene00174829.,0,0,0
WBGene00174830.,0,0,0
WBGene00174831.,0,0,0
WBGene00174832.,0,0,0
WBGene00174833.,0,34,34
WBGene00174834.,0,0,0
WBGene00174835.,0,0,0
WBGene00174836.,0,0,0
WBGene00174837.,0,0,0
WBGene00174838.,0,2,2
WBGene00174839.,0,4,4
WBGene00174840.,0,1,1
WBGene00174841.,0,4,4
WBGene00174842.,0,0,0
WBGene00174843.,0,0,0
WBGene00174844.,0,0,0
WBGene00174845.,0,0,0
WBGene00174846.,0,0,0
WBGene00174847.,0,0,0
WBGene00174848.,0,0,0
WBGene00174849.,0,0,0
WBGene00174850.,0,1,1
WBGene00174851.,0,0,0
WBGene00174852.,0,0,0
WBGene00174853.,0,0,0
WBGene00174854.,0,0,0
WBGene00174855.,0,0,0
WBGene00174856.,0,0,0
WBGene00174857.,0,1,1
WBGene00174858.,0,0,0
WBGene00174859.,0,0,0
WBGene00174860.,0,0,0
WBGene00174861.,0,0,0
WBGene00174862.,0,0,0
WBGene00174863.,0,0,0
WBGene00174864.,0,0,0
WBGene00174865.,0,0,0
WBGene00174866.,0,0,0
WBGene00174867.,0,0,0
WBGene00174868.,0,0,0
WBGene00174869.,0,0,0
WBGene00174870.,0,0,0
WBGene00174871.,0,0,0
WBGene00174872.,0,7,7
WBGene00174873.,0,0,0
WBGene00174874.,0,4,4
WBGene00174875.,0,0,0
WBGene00174876.,0,0,0
WBGene00174877.,0,0,0
WBGene00174878.,0,1,1
WBGene00174879.,0,0,0
WBGene00174880.,0,0,0
WBGene00174881.,0,0,0
WBGene00174882.,0,0,0
WBGene00174883.,0,3,3
WBGene00174884.,0,11,11
WBGene00174885.,0,0,0
WBGene00174886.,0,7,7
WBGene00174887.,0,0,0
WBGene00174888.,0,0,0
WBGene00174889.,0,0,0
WBGene00174890.,0,0,0
WBGene00174891.,0,10,10
WBGene00174892.,0,0,0
WBGene00174893.,0,0,0
WBGene00174894.,0,0,0
WBGene00174895.,0,16,16
WBGene00174896.,0,0,0
WBGene00174897.,0,0,0
WBGene00174898.,0,0,0
WBGene00174899.,0,0,0
WBGene00174900.,0,6,6
WBGene00174901.,0,1,1
WBGene00174902.,0,0,0
WBGene00174903.,0,0,0
WBGene00174904.,0,3,3
WBGene00174905.,0,0,0
WBGene00174906.,0,0,0
WBGene00174907.,0,0,0
WBGene00174908.,0,0,0
WBGene00174909.,0,0,0
WBGene00174910.,0,0,0
WBGene00174911.,0,0,0
WBGene00174912.,0,1,1
WBGene00174913.,0,0,0
WBGene00174914.,0,0,0
WBGene00174915.,0,0,0
WBGene00174916.,0,0,0
WBGene00174917.,0,0,0
WBGene00174918.,0,0,0
WBGene00174919.,0,0,0
WBGene00174920.,0,0,0
WBGene00174921.,0,0,0
WBGene00174922.,0,0,0
WBGene00174923.,0,0,0
WBGene00174924.,0,0,0
WBGene00174925.,0,0,0
WBGene00174926.,0,1,1
WBGene00174927.,0,0,0
WBGene00174928.,0,0,0
WBGene00174929.,0,0,0
WBGene00174930.,0,0,0
WBGene00174931.,0,0,0
WBGene00174932.,0,0,0
WBGene00174933.,0,0,0
WBGene00174934.,0,0,0
WBGene00174935.,0,0,0
WBGene00174936.,0,0,0
WBGene00174937.,0,6,6
WBGene00174938.,0,2,2
WBGene00174939.,0,0,0
WBGene00174940.,0,0,0
WBGene00174941.,0,0,0
WBGene00174942.,0,1,1
WBGene00174943.,0,0,0
WBGene00174944.,0,1,1
WBGene00174945.,0,0,0
WBGene00174946.,0,0,0
WBGene00174947.,0,0,0
WBGene00174948.,0,0,0
WBGene00174949.,0,1,1
WBGene00174950.,0,0,0
WBGene00174951.,0,0,0
WBGene00174952.,0,0,0
WBGene00174953.,0,1,1
WBGene00174954.,0,0,0
WBGene00174955.,0,4,4
WBGene00174956.,0,0,0
WBGene00174957.,0,0,0
WBGene00174958.,0,0,0
WBGene00174959.,0,0,0
WBGene00174960.,0,0,0
WBGene00174961.,0,0,0
WBGene00174962.,0,0,0
WBGene00174963.,0,0,0
WBGene00174964.,0,2,2
WBGene00174965.,0,0,0
WBGene00174966.,0,0,0
WBGene00174967.,0,0,0
WBGene00174968.,0,0,0
WBGene00174969.,0,0,0
WBGene00174970.,0,0,0
WBGene00174971.,0,35,35
WBGene00174972.,0,1,1
WBGene00174973.,0,0,0
WBGene00174974.,0,0,0
WBGene00174975.,0,0,0
WBGene00174976.,0,0,0
WBGene00174977.,0,0,0
WBGene00174978.,0,0,0
WBGene00174979.,0,0,0
WBGene00174980.,0,0,0
WBGene00174981.,0,0,0
WBGene00174982.,0,5,5
WBGene00174983.,0,0,0
WBGene00174984.,0,0,0
WBGene00174985.,0,0,0
WBGene00174986.,0,0,0
WBGene00174987.,0,0,0
WBGene00174988.,0,5,5
WBGene00174989.,0,0,0
WBGene00174990.,0,0,0
WBGene00174991.,0,0,0
WBGene00174992.,0,0,0
WBGene00174993.,0,0,0
WBGene00174994.,0,0,0
WBGene00174995.,0,0,0
WBGene00174996.,0,0,0
WBGene00174997.,0,0,0
WBGene00174998.,0,0,0
WBGene00174999.,0,0,0
WBGene00175000.,0,0,0
WBGene00175001.,0,0,0
WBGene00175002.,0,0,0
WBGene00175003.,0,0,0
WBGene00175004.,0,0,0
WBGene00175005.,0,4,4
WBGene00175006.,0,1,1
WBGene00175007.,0,0,0
WBGene00175008.,0,0,0
WBGene00175009.,0,0,0
WBGene00175010.,0,0,0
WBGene00175011.,0,0,0
WBGene00175012.,0,0,0
WBGene00175013.,0,0,0
WBGene00175014.,0,0,0
WBGene00175015.,0,0,0
WBGene00175016.,0,0,0
WBGene00175017.,0,0,0
WBGene00175018.,0,0,0
WBGene00175019.,0,0,0
WBGene00175020.,0,0,0
WBGene00175021.,0,0,0
WBGene00175022.,0,0,0
WBGene00175023.,0,0,0
WBGene00175024.,0,0,0
WBGene00175025.,0,0,0
WBGene00175027.,207,177,384
WBGene00175028.,14,6,20
WBGene00175029.,120,392,512
WBGene00175030.,8,471,479
WBGene00175031.,6,9,15
WBGene00175034.,17,170,187
WBGene00175035.,53,344,397
WBGene00175036.,0,26,26
WBGene00184956.,1,2,3
WBGene00184990.,16,190,206
WBGene00185001.,92,558,650
WBGene00185002.,81,273,354
WBGene00185005.,16,802,818
WBGene00185006.,10,7,17
WBGene00185014.,50,285,335
WBGene00185048.,61,735,796
WBGene00185055.,3,4,7
WBGene00185067.,0,1,1
WBGene00185076.,83,284,367
WBGene00185077.,1,13,14
WBGene00185078.,390,129,519
WBGene00185079.,60,711,771
WBGene00185086.,5,108,113
WBGene00185088.,5,237,242
WBGene00185089.,12,40,52
WBGene00185092.,12,62,74
WBGene00185093.,1,2,3
WBGene00185095.,0,19,19
WBGene00185096.,0,1,1
WBGene00185097.,2,4,6
WBGene00185098.,70,311,381
WBGene00185100.,1,2,3
WBGene00185101.,5,1,6
WBGene00185102.,19,349,368
WBGene00185116.,1,2,3
WBGene00185117.,18,57,75
WBGene00185118.,616,1452,2068
WBGene00185119.,2,1,3
WBGene00189930.,1,0,1
WBGene00189931.,0,0,0
WBGene00189932.,1,5,6
WBGene00189933.,16,24,40
WBGene00189937.,0,2,2
WBGene00189943.,0,0,0
WBGene00189944.,25,119,144
WBGene00189946.,1,2,3
WBGene00189947.,2,1,3
WBGene00189948.,4,60,64
WBGene00189949.,10,14,24
WBGene00189950.,21,21,42
WBGene00189951.,34,93,127
WBGene00189952.,12,54,66
WBGene00189953.,1,0,1
WBGene00189954.,1,0,1
WBGene00189955.,0,0,0
WBGene00189956.,15,11,26
WBGene00189957.,7,19,26
WBGene00189958.,12,275,287
WBGene00189961.,5,17,22
WBGene00189964.,0,0,0
WBGene00189966.,0,0,0
WBGene00189967.,0,0,0
WBGene00189968.,0,0,0
WBGene00189969.,0,0,0
WBGene00189970.,0,0,0
WBGene00189971.,0,0,0
WBGene00189972.,0,0,0
WBGene00189973.,0,0,0
WBGene00189974.,0,0,0
WBGene00189975.,0,0,0
WBGene00189976.,0,0,0
WBGene00189977.,0,0,0
WBGene00189978.,0,1,1
WBGene00189979.,0,0,0
WBGene00189980.,0,0,0
WBGene00189981.,0,0,0
WBGene00189982.,0,0,0
WBGene00189983.,0,0,0
WBGene00189984.,0,0,0
WBGene00189985.,0,0,0
WBGene00189986.,0,0,0
WBGene00189987.,12,19,31
WBGene00189993.,0,1,1
WBGene00189995.,1,0,1
WBGene00194641.,1126,6746,7872
WBGene00194642.,58,246,304
WBGene00194643.,23,39,62
WBGene00194644.,83,291,374
WBGene00194645.,1,3,4
WBGene00194646.,0,14,14
WBGene00194647.,0,1,1
WBGene00194649.,6,20,26
WBGene00194650.,10,10,20
WBGene00194651.,121,1005,1126
WBGene00194652.,13,44,57
WBGene00194653.,4,4,8
WBGene00194654.,23,13,36
WBGene00194656.,1,1,2
WBGene00194657.,40,170,210
WBGene00194658.,328,5292,5620
WBGene00194659.,21,160,181
WBGene00194660.,0,43,43
WBGene00194661.,3,6,9
WBGene00194663.,1,14,15
WBGene00194664.,9,466,475
WBGene00194665.,35,6,41
WBGene00194666.,0,1,1
WBGene00194667.,5,13,18
WBGene00194668.,0,4,4
WBGene00194669.,3,7,10
WBGene00194670.,0,7,7
WBGene00194672.,0,9,9
WBGene00194673.,10,1,11
WBGene00194674.,2,45,47
WBGene00194675.,3,7,10
WBGene00194676.,9,12,21
WBGene00194677.,101,213,314
WBGene00194678.,0,4,4
WBGene00194679.,16,396,412
WBGene00194680.,19,109,128
WBGene00194681.,86,885,971
WBGene00194682.,22,69,91
WBGene00194683.,58,486,544
WBGene00194684.,2,17,19
WBGene00194686.,0,0,0
WBGene00194687.,12,34,46
WBGene00194689.,29,358,387
WBGene00194690.,3,4,7
WBGene00194691.,3,5,8
WBGene00194692.,105,1176,1281
WBGene00194695.,1,6,7
WBGene00194696.,0,1,1
WBGene00194697.,13,62,75
WBGene00194698.,0,0,0
WBGene00194699.,0,9,9
WBGene00194700.,7,12,19
WBGene00194701.,7,2,9
WBGene00194702.,33,6,39
WBGene00194703.,0,5,5
WBGene00194704.,2,0,2
WBGene00194706.,15,183,198
WBGene00194707.,36,1294,1330
WBGene00194708.,2,23,25
WBGene00194710.,119,533,652
WBGene00194711.,3,10,13
WBGene00194712.,9,30,39
WBGene00194713.,0,127,127
WBGene00194714.,1,0,1
WBGene00194715.,1,1,2
WBGene00194716.,0,59,59
WBGene00194717.,5,7,12
WBGene00194725.,1,40,41
WBGene00194726.,10,42,52
WBGene00194727.,6,9,15
WBGene00194729.,7,74,81
WBGene00194730.,5,3,8
WBGene00194731.,37,107,144
WBGene00194733.,0,0,0
WBGene00194734.,2,3,5
WBGene00194735.,9,2,11
WBGene00194737.,24,33,57
WBGene00194738.,1,3,4
WBGene00194742.,9,59,68
WBGene00194744.,0,3,3
WBGene00194746.,0,2,2
WBGene00194747.,71,1078,1149
WBGene00194748.,0,180,180
WBGene00194759.,0,0,0
WBGene00194768.,0,38,38
WBGene00194769.,65,68,133
WBGene00194771.,0,2,2
WBGene00194780.,0,3,3
WBGene00194783.,0,2,2
WBGene00194784.,11,24,35
WBGene00194785.,1,3,4
WBGene00194786.,33,2,35
WBGene00194787.,0,0,0
WBGene00194788.,5,10,15
WBGene00194792.,25,17,42
WBGene00194793.,4,19,23
WBGene00194794.,0,49,49
WBGene00194795.,0,19,19
WBGene00194799.,0,0,0
WBGene00194800.,2,14,16
WBGene00194801.,1,3,4
WBGene00194802.,0,0,0
WBGene00194803.,10,151,161
WBGene00194804.,0,3,3
WBGene00194805.,0,0,0
WBGene00194806.,0,18,18
WBGene00194807.,0,9,9
WBGene00194808.,0,0,0
WBGene00194809.,0,0,0
WBGene00194810.,0,14,14
WBGene00194811.,0,0,0
WBGene00194812.,0,68,68
WBGene00194814.,49,552,601
WBGene00194815.,28,46,74
WBGene00194816.,1,9,10
WBGene00194821.,1,3,4
WBGene00194822.,0,1,1
WBGene00194823.,0,0,0
WBGene00194824.,0,1,1
WBGene00194825.,0,0,0
WBGene00194826.,0,2,2
WBGene00194827.,0,11,11
WBGene00194828.,0,0,0
WBGene00194829.,0,0,0
WBGene00194830.,0,5,5
WBGene00194831.,0,0,0
WBGene00194832.,0,17,17
WBGene00194833.,1,0,1
WBGene00194834.,0,0,0
WBGene00194835.,4,50,54
WBGene00194836.,1899,443,2342
WBGene00194839.,0,2,2
WBGene00194840.,0,0,0
WBGene00194841.,0,0,0
WBGene00194842.,17,4,21
WBGene00194843.,8,21,29
WBGene00194844.,3,5,8
WBGene00194847.,13,22,35
WBGene00194848.,38,65,103
WBGene00194849.,56,199,255
WBGene00194850.,0,7,7
WBGene00194851.,0,0,0
WBGene00194852.,11,92,103
WBGene00194853.,7,2,9
WBGene00194854.,2,0,2
WBGene00194855.,41,186,227
WBGene00194856.,482,228,710
WBGene00194861.,8,28,36
WBGene00194864.,2,2,4
WBGene00194865.,3,2,5
WBGene00194866.,52,118,170
WBGene00194867.,2,4,6
WBGene00194868.,54,16,70
WBGene00194869.,0,73,73
WBGene00194870.,9,5,14
WBGene00194871.,11,2,13
WBGene00194883.,24,563,587
WBGene00194884.,7,4,11
WBGene00194885.,0,0,0
WBGene00194886.,0,26,26
WBGene00194888.,3,13,16
WBGene00194890.,167,0,167
WBGene00194891.,0,6,6
WBGene00194892.,33,222,255
WBGene00194894.,1,1,2
WBGene00194895.,6,15,21
WBGene00194896.,20,6,26
WBGene00194898.,1,0,1
WBGene00194902.,12,9,21
WBGene00194905.,64,500,564
WBGene00194906.,8,10,18
WBGene00194907.,1,4,5
WBGene00194908.,170,547,717
WBGene00194909.,72,312,384
WBGene00194910.,50,93,143
WBGene00194912.,2,3,5
WBGene00194913.,269,294,563
WBGene00194914.,0,1,1
WBGene00194915.,11,167,178
WBGene00194916.,3,0,3
WBGene00194917.,6,6,12
WBGene00194918.,0,9,9
WBGene00194919.,7,12,19
WBGene00194920.,5,11,16
WBGene00194921.,90,859,949
WBGene00194922.,0,2,2
WBGene00194923.,1,1,2
WBGene00194924.,0,1,1
WBGene00194925.,0,0,0
WBGene00194926.,54,361,415
WBGene00194927.,0,0,0
WBGene00194928.,24,57,81
WBGene00194929.,0,4,4
WBGene00194930.,0,0,0
WBGene00194931.,0,1,1
WBGene00194932.,0,2,2
WBGene00194933.,0,6,6
WBGene00194934.,13,203,216
WBGene00194935.,0,0,0
WBGene00194939.,0,6,6
WBGene00194940.,0,9,9
WBGene00194945.,1,0,1
WBGene00194951.,0,0,0
WBGene00194952.,0,4,4
WBGene00194955.,53,32,85
WBGene00194957.,1,12,13
WBGene00194981.,5,4,9
WBGene00194982.,35,331,366
WBGene00194983.,0,0,0
WBGene00194984.,0,0,0
WBGene00194985.,1,0,1
WBGene00194986.,0,0,0
WBGene00194987.,0,0,0
WBGene00194988.,0,0,0
WBGene00194989.,0,0,0
WBGene00194990.,0,0,0
WBGene00194991.,0,0,0
WBGene00194992.,0,8,8
WBGene00194993.,0,2,2
WBGene00194994.,0,0,0
WBGene00194995.,0,1,1
WBGene00194996.,0,0,0
WBGene00194997.,0,0,0
WBGene00194998.,9,160,169
WBGene00194999.,0,0,0
WBGene00195000.,0,34,34
WBGene00195001.,0,1,1
WBGene00195002.,0,0,0
WBGene00195003.,1,3,4
WBGene00195004.,9,5,14
WBGene00195005.,0,54,54
WBGene00195006.,3,4,7
WBGene00195007.,0,0,0
WBGene00195008.,0,0,0
WBGene00195009.,1,3,4
WBGene00195010.,6,15,21
WBGene00195011.,98,298,396
WBGene00195012.,13,7,20
WBGene00195016.,0,16,16
WBGene00195017.,0,29,29
WBGene00195018.,0,0,0
WBGene00195019.,0,0,0
WBGene00195020.,0,0,0
WBGene00195021.,0,3,3
WBGene00195022.,0,0,0
WBGene00195023.,0,0,0
WBGene00195024.,0,4,4
WBGene00195025.,0,0,0
WBGene00195026.,0,0,0
WBGene00195027.,0,0,0
WBGene00195028.,0,0,0
WBGene00195029.,0,0,0
WBGene00195030.,0,0,0
WBGene00195031.,0,0,0
WBGene00195032.,0,0,0
WBGene00195033.,0,0,0
WBGene00195034.,0,0,0
WBGene00195035.,0,0,0
WBGene00195036.,0,0,0
WBGene00195037.,0,0,0
WBGene00195038.,0,0,0
WBGene00195039.,0,0,0
WBGene00195040.,0,45,45
WBGene00195043.,0,2788,2788
WBGene00195045.,3,10,13
WBGene00195046.,8,17,25
WBGene00195048.,0,5,5
WBGene00195049.,16,16,32
WBGene00195050.,70,859,929
WBGene00195051.,0,0,0
WBGene00195056.,3,9,12
WBGene00195057.,0,5,5
WBGene00195058.,25,6,31
WBGene00195060.,129,1882,2011
WBGene00195061.,3,1,4
WBGene00195063.,63,809,872
WBGene00195064.,3,0,3
WBGene00195065.,1,5,6
WBGene00195067.,185,841,1026
WBGene00195068.,19,0,19
WBGene00195069.,0,15,15
WBGene00195070.,0,17,17
WBGene00195071.,0,3,3
WBGene00195072.,2,6,8
WBGene00195073.,798,4129,4927
WBGene00195077.,0,6,6
WBGene00195081.,1,11,12
WBGene00195084.,39,260,299
WBGene00195086.,26,1771,1797
WBGene00195093.,85,1636,1721
WBGene00195117.,4,14,18
WBGene00195142.,0,452,452
WBGene00195143.,224,226,450
WBGene00195144.,4,1,5
WBGene00195145.,16,27,43
WBGene00195146.,0,212,212
WBGene00195147.,9,20,29
WBGene00195148.,8,5,13
WBGene00195149.,2,4,6
WBGene00195150.,0,9,9
WBGene00195151.,0,3,3
WBGene00195154.,3,21,24
WBGene00195155.,3,4,7
WBGene00195157.,11,24,35
WBGene00195158.,0,0,0
WBGene00195159.,0,25,25
WBGene00195160.,0,0,0
WBGene00195164.,0,10,10
WBGene00195165.,4,6,10
WBGene00195166.,26,1270,1296
WBGene00195168.,0,0,0
WBGene00195169.,26,90,116
WBGene00195170.,13,174,187
WBGene00195171.,4,2,6
WBGene00195172.,1,0,1
WBGene00195174.,8,3,11
WBGene00195175.,0,384,384
WBGene00195176.,6,80,86
WBGene00195177.,1,5,6
WBGene00195178.,1,4,5
WBGene00195179.,12,18,30
WBGene00195180.,8,73,81
WBGene00195181.,0,1,1
WBGene00195182.,9,11,20
WBGene00195183.,8,27,35
WBGene00195184.,5,131,136
WBGene00195185.,473,1044,1517
WBGene00195186.,83,129,212
WBGene00195188.,0,3,3
WBGene00195189.,8,24,32
WBGene00195192.,31,14,45
WBGene00195208.,9,13,22
WBGene00195209.,0,58,58
WBGene00195210.,3,4,7
WBGene00195211.,2,5,7
WBGene00195212.,31,67,98
WBGene00195213.,0,1,1
WBGene00195214.,0,1,1
WBGene00195215.,2,1,3
WBGene00195226.,2,18,20
WBGene00195227.,2,2,4
WBGene00195228.,0,1,1
WBGene00195229.,0,0,0
WBGene00195230.,0,0,0
WBGene00195231.,0,1,1
WBGene00195232.,49,47,96
WBGene00195233.,142,1959,2101
WBGene00195234.,0,3,3
WBGene00195235.,1,0,1
WBGene00195236.,0,0,0
WBGene00195237.,0,0,0
WBGene00195238.,0,1,1
WBGene00195239.,34,324,358
WBGene00195240.,0,22,22
WBGene00195241.,0,0,0
WBGene00195242.,0,1,1
WBGene00195243.,5,16,21
WBGene00195244.,3,7,10
WBGene00195245.,0,29,29
WBGene00195246.,21,40,61
WBGene00195247.,0,2,2
WBGene00195248.,17,19,36
WBGene00195250.,1,3,4
WBGene00195252.,24,5,29
WBGene00195253.,44,345,389
WBGene00195254.,3,4,7
WBGene00195255.,25,76,101
WBGene00195256.,6,3,9
WBGene00195257.,157,253,410
WBGene00195258.,0,0,0
WBGene00195259.,0,0,0
WBGene00195260.,0,0,0
WBGene00195261.,0,1,1
WBGene00195262.,0,0,0
WBGene00195263.,0,1,1
WBGene00195264.,0,3,3
WBGene00195265.,0,10,10
WBGene00195266.,0,8,8
WBGene00195267.,0,1,1
WBGene00195268.,0,6,6
WBGene00195269.,0,0,0
WBGene00195270.,0,1,1
WBGene00195271.,0,0,0
WBGene00195272.,0,0,0
WBGene00195273.,0,0,0
WBGene00195274.,0,0,0
WBGene00195275.,0,0,0
WBGene00195276.,0,7,7
WBGene00195277.,0,1,1
WBGene00195278.,0,2,2
WBGene00195279.,0,4,4
WBGene00195280.,0,0,0
WBGene00195281.,0,0,0
WBGene00195282.,0,0,0
WBGene00195283.,0,5,5
WBGene00195284.,0,0,0
WBGene00195285.,0,0,0
WBGene00195286.,0,7,7
WBGene00195287.,0,4,4
WBGene00195288.,0,0,0
WBGene00195289.,0,0,0
WBGene00195290.,0,0,0
WBGene00195291.,0,0,0
WBGene00195292.,0,1,1
WBGene00195293.,0,0,0
WBGene00195294.,0,4,4
WBGene00195295.,0,10,10
WBGene00195296.,0,1,1
WBGene00195297.,0,0,0
WBGene00195298.,0,0,0
WBGene00195299.,0,1,1
WBGene00195300.,0,0,0
WBGene00195301.,0,0,0
WBGene00195302.,0,2,2
WBGene00195303.,0,0,0
WBGene00195304.,0,0,0
WBGene00195305.,0,3,3
WBGene00195306.,0,0,0
WBGene00195307.,0,0,0
WBGene00195308.,0,7,7
WBGene00195309.,0,3,3
WBGene00195310.,0,0,0
WBGene00195311.,0,1,1
WBGene00195312.,0,0,0
WBGene00195313.,0,0,0
WBGene00195314.,0,0,0
WBGene00195315.,0,0,0
WBGene00195316.,0,0,0
WBGene00195317.,0,0,0
WBGene00195318.,0,0,0
WBGene00195319.,0,2,2
WBGene00195320.,0,0,0
WBGene00195321.,0,0,0
WBGene00195322.,0,0,0
WBGene00195323.,0,0,0
WBGene00195324.,0,0,0
WBGene00195325.,0,20,20
WBGene00195326.,0,0,0
WBGene00195327.,0,7,7
WBGene00195328.,0,8,8
WBGene00195329.,0,0,0
WBGene00195330.,0,55,55
WBGene00195331.,0,13,13
WBGene00195332.,0,1,1
WBGene00195333.,0,18,18
WBGene00195334.,0,0,0
WBGene00195335.,0,1,1
WBGene00195336.,0,3,3
WBGene00195337.,0,17,17
WBGene00195338.,0,0,0
WBGene00195339.,0,1,1
WBGene00195340.,0,5,5
WBGene00195341.,0,0,0
WBGene00195342.,0,1,1
WBGene00195343.,0,2,2
WBGene00195344.,0,0,0
WBGene00195345.,0,0,0
WBGene00195346.,0,0,0
WBGene00195347.,0,7,7
WBGene00195348.,0,0,0
WBGene00195349.,0,0,0
WBGene00195350.,0,0,0
WBGene00195351.,0,7,7
WBGene00195352.,0,2,2
WBGene00195353.,0,1,1
WBGene00195354.,0,42,42
WBGene00195355.,0,0,0
WBGene00195356.,0,39,39
WBGene00195357.,0,3,3
WBGene00195358.,0,0,0
WBGene00195359.,0,5,5
WBGene00195360.,0,1,1
WBGene00195361.,0,0,0
WBGene00195362.,0,0,0
WBGene00195363.,0,151,151
WBGene00195364.,0,0,0
WBGene00195365.,0,1,1
WBGene00195366.,0,21,21
WBGene00195367.,0,0,0
WBGene00195368.,0,0,0
WBGene00195369.,0,1,1
WBGene00195370.,0,10,10
WBGene00195371.,0,1,1
WBGene00195372.,0,8,8
WBGene00195373.,0,1,1
WBGene00195374.,0,2,2
WBGene00195375.,0,1,1
WBGene00195376.,0,1,1
WBGene00195377.,0,1,1
WBGene00195378.,0,24,24
WBGene00195379.,0,0,0
WBGene00195380.,0,0,0
WBGene00195381.,0,2,2
WBGene00195382.,0,8,8
WBGene00195383.,0,0,0
WBGene00195384.,0,0,0
WBGene00195385.,0,2,2
WBGene00195386.,0,8,8
WBGene00195387.,0,2,2
WBGene00195388.,0,0,0
WBGene00195389.,0,4,4
WBGene00195390.,0,1,1
WBGene00195391.,0,7,7
WBGene00195392.,0,1,1
WBGene00195393.,0,0,0
WBGene00195394.,0,15,15
WBGene00195395.,0,1,1
WBGene00195396.,0,1,1
WBGene00195397.,0,0,0
WBGene00195398.,0,8,8
WBGene00195399.,0,4,4
WBGene00195400.,0,6,6
WBGene00195401.,0,2,2
WBGene00195402.,0,4,4
WBGene00195403.,0,7,7
WBGene00195404.,0,0,0
WBGene00195405.,0,23,23
WBGene00195406.,0,15,15
WBGene00195407.,0,0,0
WBGene00195408.,0,2,2
WBGene00195409.,0,0,0
WBGene00195410.,0,0,0
WBGene00195411.,0,0,0
WBGene00195412.,0,0,0
WBGene00195413.,0,0,0
WBGene00195414.,0,1,1
WBGene00195415.,0,0,0
WBGene00195416.,0,9,9
WBGene00195417.,0,10,10
WBGene00195418.,0,1,1
WBGene00195419.,0,0,0
WBGene00195420.,0,1,1
WBGene00195421.,0,59,59
WBGene00195422.,0,0,0
WBGene00195423.,0,3,3
WBGene00195424.,0,1,1
WBGene00195425.,0,0,0
WBGene00195426.,0,24,24
WBGene00195427.,0,1,1
WBGene00195428.,0,2,2
WBGene00195429.,0,0,0
WBGene00195430.,0,2,2
WBGene00195431.,0,0,0
WBGene00195432.,0,1,1
WBGene00195433.,0,0,0
WBGene00195434.,0,0,0
WBGene00195435.,0,0,0
WBGene00195436.,0,20,20
WBGene00195437.,0,0,0
WBGene00195438.,0,13,13
WBGene00195439.,0,0,0
WBGene00195440.,0,15,15
WBGene00195441.,0,2,2
WBGene00195442.,0,3,3
WBGene00195443.,0,0,0
WBGene00195444.,0,1,1
WBGene00195445.,0,0,0
WBGene00195446.,0,0,0
WBGene00195447.,0,1,1
WBGene00195448.,0,16,16
WBGene00195449.,0,0,0
WBGene00195450.,0,0,0
WBGene00195451.,0,2,2
WBGene00195452.,0,2,2
WBGene00195453.,0,49,49
WBGene00195454.,0,210,210
WBGene00195455.,0,0,0
WBGene00195456.,0,9,9
WBGene00195457.,0,0,0
WBGene00195458.,0,1,1
WBGene00195459.,0,0,0
WBGene00195460.,0,0,0
WBGene00195461.,0,0,0
WBGene00195462.,0,0,0
WBGene00195463.,0,0,0
WBGene00195464.,0,0,0
WBGene00195465.,0,0,0
WBGene00195466.,0,1,1
WBGene00195467.,0,2,2
WBGene00195468.,0,3,3
WBGene00195469.,0,0,0
WBGene00195470.,0,2,2
WBGene00195471.,0,20,20
WBGene00195472.,0,5,5
WBGene00195473.,0,0,0
WBGene00195474.,0,10,10
WBGene00195475.,0,0,0
WBGene00195476.,0,0,0
WBGene00195477.,0,1,1
WBGene00195478.,0,1,1
WBGene00195479.,0,1,1
WBGene00195480.,0,15,15
WBGene00195481.,0,0,0
WBGene00195482.,0,0,0
WBGene00195483.,0,3,3
WBGene00195484.,0,22,22
WBGene00195485.,0,8,8
WBGene00195486.,0,3,3
WBGene00195487.,0,5,5
WBGene00195488.,0,0,0
WBGene00195489.,0,0,0
WBGene00195490.,0,0,0
WBGene00195491.,0,2,2
WBGene00195492.,0,0,0
WBGene00195493.,0,6,6
WBGene00195494.,0,6,6
WBGene00195495.,0,76,76
WBGene00195496.,0,3,3
WBGene00195497.,0,1,1
WBGene00195498.,0,0,0
WBGene00195499.,0,1,1
WBGene00195500.,0,4,4
WBGene00195501.,0,0,0
WBGene00195502.,0,1,1
WBGene00195503.,0,0,0
WBGene00195504.,0,2,2
WBGene00195505.,0,0,0
WBGene00195506.,0,2,2
WBGene00195507.,0,0,0
WBGene00195508.,0,4,4
WBGene00195509.,0,3,3
WBGene00195510.,0,0,0
WBGene00195511.,0,6,6
WBGene00195512.,0,7,7
WBGene00195513.,0,0,0
WBGene00195514.,0,1,1
WBGene00195515.,0,1,1
WBGene00195516.,0,0,0
WBGene00195517.,0,1,1
WBGene00195518.,0,1,1
WBGene00195519.,0,0,0
WBGene00195520.,0,11,11
WBGene00195521.,0,3,3
WBGene00195522.,0,0,0
WBGene00195523.,0,0,0
WBGene00195524.,0,1,1
WBGene00195525.,0,0,0
WBGene00195526.,0,0,0
WBGene00195527.,0,0,0
WBGene00195528.,0,0,0
WBGene00195529.,0,2,2
WBGene00195530.,0,0,0
WBGene00195531.,0,6,6
WBGene00195532.,0,1,1
WBGene00195533.,0,0,0
WBGene00195534.,0,0,0
WBGene00195535.,0,0,0
WBGene00195536.,0,16,16
WBGene00195537.,0,0,0
WBGene00195538.,0,0,0
WBGene00195539.,0,0,0
WBGene00195540.,0,0,0
WBGene00195541.,0,1,1
WBGene00195542.,0,68,68
WBGene00195543.,0,33,33
WBGene00195544.,0,0,0
WBGene00195545.,0,0,0
WBGene00195546.,0,0,0
WBGene00195547.,0,5,5
WBGene00195548.,0,2,2
WBGene00195549.,0,0,0
WBGene00195550.,0,11,11
WBGene00195551.,0,0,0
WBGene00195552.,0,18,18
WBGene00195553.,0,0,0
WBGene00195554.,0,0,0
WBGene00195555.,0,4,4
WBGene00195556.,0,3,3
WBGene00195557.,0,0,0
WBGene00195558.,0,0,0
WBGene00195559.,0,0,0
WBGene00195560.,0,1,1
WBGene00195561.,0,10,10
WBGene00195562.,0,12,12
WBGene00195563.,0,2,2
WBGene00195564.,0,4,4
WBGene00195565.,0,1,1
WBGene00195566.,0,1,1
WBGene00195567.,0,0,0
WBGene00195568.,0,3,3
WBGene00195569.,0,0,0
WBGene00195570.,0,33,33
WBGene00195571.,0,0,0
WBGene00195572.,0,15,15
WBGene00195573.,0,0,0
WBGene00195574.,0,10,10
WBGene00195575.,0,10,10
WBGene00195576.,0,1,1
WBGene00195577.,0,0,0
WBGene00195578.,0,9,9
WBGene00195579.,0,1,1
WBGene00195580.,0,0,0
WBGene00195581.,0,1,1
WBGene00195582.,0,0,0
WBGene00195583.,0,1,1
WBGene00195584.,0,0,0
WBGene00195585.,0,1,1
WBGene00195586.,0,27,27
WBGene00195587.,0,0,0
WBGene00195588.,0,141,141
WBGene00195589.,0,0,0
WBGene00195590.,0,3,3
WBGene00195591.,0,4,4
WBGene00195592.,0,0,0
WBGene00195593.,0,1,1
WBGene00195594.,0,6,6
WBGene00195595.,0,0,0
WBGene00195596.,0,2,2
WBGene00195597.,0,0,0
WBGene00195598.,0,3,3
WBGene00195599.,0,0,0
WBGene00195600.,0,0,0
WBGene00195601.,0,8,8
WBGene00195602.,0,0,0
WBGene00195603.,0,0,0
WBGene00195604.,0,1,1
WBGene00195605.,0,1,1
WBGene00195606.,0,0,0
WBGene00195607.,0,0,0
WBGene00195608.,0,0,0
WBGene00195609.,0,0,0
WBGene00195610.,0,0,0
WBGene00195611.,0,0,0
WBGene00195612.,0,0,0
WBGene00195613.,0,7,7
WBGene00195614.,0,0,0
WBGene00195615.,0,25,25
WBGene00195616.,0,7,7
WBGene00195617.,0,0,0
WBGene00195618.,0,1,1
WBGene00195619.,0,0,0
WBGene00195620.,0,0,0
WBGene00195621.,0,9,9
WBGene00195622.,0,0,0
WBGene00195623.,0,19,19
WBGene00195624.,0,0,0
WBGene00195625.,0,0,0
WBGene00195626.,0,0,0
WBGene00195627.,0,0,0
WBGene00195628.,0,9,9
WBGene00195629.,0,1,1
WBGene00195630.,0,23,23
WBGene00195631.,0,0,0
WBGene00195632.,0,0,0
WBGene00195633.,0,1,1
WBGene00195634.,0,0,0
WBGene00195635.,0,1,1
WBGene00195636.,0,26,26
WBGene00195637.,0,2,2
WBGene00195638.,0,0,0
WBGene00195639.,0,32,32
WBGene00195640.,0,0,0
WBGene00195641.,0,2,2
WBGene00195642.,0,3,3
WBGene00195643.,0,0,0
WBGene00195644.,0,0,0
WBGene00195645.,0,5,5
WBGene00195646.,0,2,2
WBGene00195647.,0,61,61
WBGene00195648.,0,48,48
WBGene00195649.,0,0,0
WBGene00195650.,0,4,4
WBGene00195651.,0,42,42
WBGene00195652.,0,0,0
WBGene00195653.,0,0,0
WBGene00195654.,0,0,0
WBGene00195655.,0,0,0
WBGene00195656.,0,41,41
WBGene00195657.,0,4,4
WBGene00195658.,0,0,0
WBGene00195659.,0,25,25
WBGene00195660.,0,0,0
WBGene00195661.,0,4,4
WBGene00195662.,0,2,2
WBGene00195663.,0,2,2
WBGene00195664.,0,1,1
WBGene00195665.,0,2,2
WBGene00195666.,0,14,14
WBGene00195667.,0,1,1
WBGene00195668.,0,0,0
WBGene00195669.,0,1,1
WBGene00195670.,0,11,11
WBGene00195671.,0,0,0
WBGene00195672.,0,0,0
WBGene00195673.,0,0,0
WBGene00195674.,0,1,1
WBGene00195675.,0,0,0
WBGene00195676.,0,0,0
WBGene00195677.,0,1,1
WBGene00195678.,0,0,0
WBGene00195679.,0,0,0
WBGene00195680.,0,0,0
WBGene00195681.,0,1,1
WBGene00195682.,0,0,0
WBGene00195683.,0,0,0
WBGene00195684.,0,1,1
WBGene00195685.,0,30,30
WBGene00195686.,0,0,0
WBGene00195687.,0,8,8
WBGene00195688.,0,0,0
WBGene00195689.,0,8,8
WBGene00195690.,0,0,0
WBGene00195691.,0,5,5
WBGene00195692.,0,2,2
WBGene00195693.,0,9,9
WBGene00195694.,0,2,2
WBGene00195695.,0,0,0
WBGene00195696.,0,0,0
WBGene00195697.,0,0,0
WBGene00195698.,0,0,0
WBGene00195699.,0,3,3
WBGene00195700.,0,0,0
WBGene00195701.,0,0,0
WBGene00195702.,0,0,0
WBGene00195703.,0,0,0
WBGene00195704.,0,3,3
WBGene00195705.,0,16,16
WBGene00195706.,0,0,0
WBGene00195707.,0,0,0
WBGene00195708.,0,8,8
WBGene00195709.,0,0,0
WBGene00195710.,0,1,1
WBGene00195711.,0,0,0
WBGene00195712.,0,4,4
WBGene00195713.,0,12,12
WBGene00195714.,0,3,3
WBGene00195715.,0,3,3
WBGene00195716.,0,12,12
WBGene00195717.,0,10,10
WBGene00195718.,0,6,6
WBGene00195719.,0,0,0
WBGene00195720.,0,19,19
WBGene00195721.,0,1,1
WBGene00195722.,0,5,5
WBGene00195723.,0,17,17
WBGene00195724.,0,2,2
WBGene00195725.,0,6,6
WBGene00195726.,0,3,3
WBGene00195727.,0,1,1
WBGene00195728.,0,135,135
WBGene00195729.,0,0,0
WBGene00195730.,0,0,0
WBGene00195731.,0,8,8
WBGene00195732.,0,4,4
WBGene00195733.,0,0,0
WBGene00195734.,0,0,0
WBGene00195735.,0,5,5
WBGene00195736.,0,0,0
WBGene00195737.,0,3,3
WBGene00195738.,0,0,0
WBGene00195739.,0,1,1
WBGene00195740.,0,13,13
WBGene00195741.,0,0,0
WBGene00195742.,0,0,0
WBGene00195743.,0,0,0
WBGene00195744.,0,2,2
WBGene00195745.,0,1,1
WBGene00195746.,0,1,1
WBGene00195747.,0,5,5
WBGene00195748.,0,0,0
WBGene00195749.,0,0,0
WBGene00195750.,0,0,0
WBGene00195751.,0,0,0
WBGene00195752.,0,7,7
WBGene00195753.,0,0,0
WBGene00195754.,0,18,18
WBGene00195755.,0,0,0
WBGene00195756.,0,0,0
WBGene00195757.,0,0,0
WBGene00195758.,0,1,1
WBGene00195759.,0,1,1
WBGene00195760.,0,1,1
WBGene00195761.,0,10,10
WBGene00195762.,0,6,6
WBGene00195763.,0,0,0
WBGene00195764.,0,0,0
WBGene00195765.,0,7,7
WBGene00195766.,0,3,3
WBGene00195767.,0,3,3
WBGene00195768.,0,1,1
WBGene00195769.,0,61,61
WBGene00195770.,0,15,15
WBGene00195771.,0,0,0
WBGene00195772.,0,0,0
WBGene00195773.,0,2,2
WBGene00195774.,0,0,0
WBGene00195775.,0,12,12
WBGene00195776.,0,10,10
WBGene00195777.,0,3,3
WBGene00195778.,0,0,0
WBGene00195779.,0,0,0
WBGene00195780.,0,1,1
WBGene00195781.,0,0,0
WBGene00195782.,0,17,17
WBGene00195783.,0,6,6
WBGene00195784.,0,39,39
WBGene00195785.,0,29,29
WBGene00195786.,0,5,5
WBGene00195787.,0,5,5
WBGene00195788.,0,0,0
WBGene00195789.,0,2,2
WBGene00195790.,0,3,3
WBGene00195791.,0,4,4
WBGene00195792.,0,5,5
WBGene00195793.,0,6,6
WBGene00195794.,0,0,0
WBGene00195795.,0,5,5
WBGene00195796.,0,0,0
WBGene00195797.,0,0,0
WBGene00195798.,0,0,0
WBGene00195799.,0,11,11
WBGene00195800.,0,0,0
WBGene00195801.,0,24,24
WBGene00195802.,0,0,0
WBGene00195803.,0,1,1
WBGene00195804.,0,4,4
WBGene00195805.,0,8,8
WBGene00195806.,0,4,4
WBGene00195807.,0,6,6
WBGene00195808.,0,0,0
WBGene00195809.,0,0,0
WBGene00195810.,0,13,13
WBGene00195811.,0,32,32
WBGene00195812.,0,0,0
WBGene00195813.,0,0,0
WBGene00195814.,0,10,10
WBGene00195815.,0,1,1
WBGene00195816.,0,0,0
WBGene00195817.,0,0,0
WBGene00195818.,0,7,7
WBGene00195819.,0,4,4
WBGene00195820.,0,36,36
WBGene00195821.,0,0,0
WBGene00195822.,0,5,5
WBGene00195823.,0,66,66
WBGene00195824.,0,1,1
WBGene00195825.,0,3,3
WBGene00195826.,0,69,69
WBGene00195827.,0,0,0
WBGene00195828.,0,0,0
WBGene00195829.,0,0,0
WBGene00195830.,0,0,0
WBGene00195831.,0,1,1
WBGene00195832.,0,0,0
WBGene00195833.,0,22,22
WBGene00195834.,0,3,3
WBGene00195835.,0,0,0
WBGene00195836.,0,2,2
WBGene00195837.,0,4,4
WBGene00195838.,0,8,8
WBGene00195839.,0,2,2
WBGene00195840.,0,17,17
WBGene00195841.,0,0,0
WBGene00195842.,0,0,0
WBGene00195843.,0,6,6
WBGene00195844.,0,0,0
WBGene00195845.,0,1,1
WBGene00195846.,0,2,2
WBGene00195847.,0,0,0
WBGene00195848.,0,4,4
WBGene00195849.,0,0,0
WBGene00195850.,0,4,4
WBGene00195851.,0,0,0
WBGene00195852.,0,5,5
WBGene00195853.,0,8,8
WBGene00195854.,0,0,0
WBGene00195855.,0,0,0
WBGene00195856.,0,10,10
WBGene00195857.,0,0,0
WBGene00195858.,0,0,0
WBGene00195859.,0,6,6
WBGene00195860.,0,0,0
WBGene00195861.,0,2,2
WBGene00195862.,0,0,0
WBGene00195863.,0,0,0
WBGene00195864.,0,3,3
WBGene00195865.,0,4,4
WBGene00195866.,0,6,6
WBGene00195867.,0,0,0
WBGene00195868.,0,2,2
WBGene00195869.,0,0,0
WBGene00195870.,0,0,0
WBGene00195871.,0,4,4
WBGene00195872.,0,0,0
WBGene00195873.,0,5,5
WBGene00195874.,0,0,0
WBGene00195875.,0,0,0
WBGene00195876.,0,0,0
WBGene00195877.,0,2,2
WBGene00195878.,0,2,2
WBGene00195879.,0,5,5
WBGene00195880.,0,0,0
WBGene00195881.,0,4,4
WBGene00195882.,0,41,41
WBGene00195883.,0,4,4
WBGene00195884.,0,1,1
WBGene00195885.,0,1,1
WBGene00195886.,0,9,9
WBGene00195887.,0,163,163
WBGene00195888.,0,0,0
WBGene00195889.,0,9,9
WBGene00195890.,0,0,0
WBGene00195891.,0,11,11
WBGene00195892.,0,0,0
WBGene00195893.,0,9,9
WBGene00195894.,0,0,0
WBGene00195895.,0,0,0
WBGene00195896.,0,1,1
WBGene00195897.,0,8,8
WBGene00195898.,0,4,4
WBGene00195899.,0,4,4
WBGene00195900.,0,7,7
WBGene00195901.,0,3,3
WBGene00195902.,0,0,0
WBGene00195903.,0,0,0
WBGene00195904.,0,0,0
WBGene00195905.,0,0,0
WBGene00195906.,0,4,4
WBGene00195907.,0,83,83
WBGene00195908.,0,2,2
WBGene00195909.,0,8,8
WBGene00195910.,0,20,20
WBGene00195911.,0,1,1
WBGene00195912.,0,0,0
WBGene00195913.,0,1,1
WBGene00195914.,0,161,161
WBGene00195915.,0,9,9
WBGene00195916.,0,0,0
WBGene00195917.,0,0,0
WBGene00195918.,0,0,0
WBGene00195919.,0,1,1
WBGene00195920.,0,0,0
WBGene00195921.,0,112,112
WBGene00195922.,0,0,0
WBGene00195923.,0,6,6
WBGene00195924.,0,2,2
WBGene00195925.,0,0,0
WBGene00195926.,0,1,1
WBGene00195927.,0,13,13
WBGene00195928.,0,0,0
WBGene00195929.,0,0,0
WBGene00195930.,0,4,4
WBGene00195931.,0,0,0
WBGene00195932.,0,1,1
WBGene00195933.,0,0,0
WBGene00195934.,0,4,4
WBGene00195935.,0,47,47
WBGene00195936.,0,0,0
WBGene00195937.,0,0,0
WBGene00195938.,0,0,0
WBGene00195939.,0,2,2
WBGene00195940.,0,7,7
WBGene00195941.,0,5,5
WBGene00195942.,0,1,1
WBGene00195943.,0,0,0
WBGene00195944.,0,1,1
WBGene00195945.,0,0,0
WBGene00195946.,0,0,0
WBGene00195947.,0,42,42
WBGene00195948.,0,7,7
WBGene00195949.,0,13,13
WBGene00195950.,0,0,0
WBGene00195951.,0,0,0
WBGene00195952.,0,10,10
WBGene00195953.,0,2,2
WBGene00195954.,0,4,4
WBGene00195955.,0,0,0
WBGene00195956.,0,3,3
WBGene00195957.,0,0,0
WBGene00195958.,0,0,0
WBGene00195959.,0,3,3
WBGene00195960.,0,0,0
WBGene00195961.,0,13,13
WBGene00195962.,0,0,0
WBGene00195963.,0,1,1
WBGene00195964.,0,0,0
WBGene00195965.,0,1,1
WBGene00195966.,0,9,9
WBGene00195967.,0,0,0
WBGene00195968.,0,1,1
WBGene00195969.,0,0,0
WBGene00195970.,0,2,2
WBGene00195971.,0,8,8
WBGene00195972.,0,0,0
WBGene00195973.,0,10,10
WBGene00195974.,0,1,1
WBGene00195975.,0,1,1
WBGene00195976.,0,6,6
WBGene00195977.,0,0,0
WBGene00195978.,0,1,1
WBGene00195979.,0,92,92
WBGene00195980.,0,1,1
WBGene00195981.,0,1,1
WBGene00195982.,0,0,0
WBGene00195983.,0,0,0
WBGene00195984.,0,2,2
WBGene00195985.,0,0,0
WBGene00195986.,0,1,1
WBGene00195987.,0,1,1
WBGene00195988.,0,5,5
WBGene00195989.,0,4,4
WBGene00195990.,0,13,13
WBGene00195991.,0,0,0
WBGene00195992.,0,10,10
WBGene00195993.,0,1,1
WBGene00195994.,0,0,0
WBGene00195995.,0,1,1
WBGene00195996.,0,0,0
WBGene00195997.,0,0,0
WBGene00195998.,0,0,0
WBGene00195999.,0,0,0
WBGene00196000.,0,0,0
WBGene00196001.,0,2,2
WBGene00196002.,0,25,25
WBGene00196003.,0,2,2
WBGene00196004.,0,3,3
WBGene00196005.,0,56,56
WBGene00196006.,0,0,0
WBGene00196007.,0,1,1
WBGene00196008.,0,11,11
WBGene00196009.,0,2,2
WBGene00196010.,0,0,0
WBGene00196011.,0,2,2
WBGene00196012.,0,0,0
WBGene00196013.,0,23,23
WBGene00196014.,0,0,0
WBGene00196015.,0,0,0
WBGene00196016.,0,0,0
WBGene00196017.,0,0,0
WBGene00196018.,0,0,0
WBGene00196019.,0,2,2
WBGene00196020.,0,1,1
WBGene00196021.,0,2,2
WBGene00196022.,0,0,0
WBGene00196023.,0,2,2
WBGene00196024.,0,8,8
WBGene00196025.,0,39,39
WBGene00196026.,0,18,18
WBGene00196027.,0,0,0
WBGene00196028.,0,0,0
WBGene00196029.,0,0,0
WBGene00196030.,0,0,0
WBGene00196031.,0,0,0
WBGene00196032.,0,1,1
WBGene00196033.,0,0,0
WBGene00196034.,0,4,4
WBGene00196035.,0,0,0
WBGene00196036.,0,3,3
WBGene00196037.,0,0,0
WBGene00196038.,0,3,3
WBGene00196039.,0,0,0
WBGene00196040.,0,0,0
WBGene00196041.,0,1,1
WBGene00196042.,0,0,0
WBGene00196043.,0,0,0
WBGene00196044.,0,3,3
WBGene00196045.,0,4,4
WBGene00196046.,0,6,6
WBGene00196047.,0,0,0
WBGene00196048.,0,1,1
WBGene00196049.,0,4,4
WBGene00196050.,0,0,0
WBGene00196051.,0,1,1
WBGene00196052.,0,40,40
WBGene00196053.,0,9,9
WBGene00196054.,0,0,0
WBGene00196055.,0,0,0
WBGene00196056.,0,0,0
WBGene00196057.,0,6,6
WBGene00196058.,0,0,0
WBGene00196059.,0,0,0
WBGene00196060.,0,2,2
WBGene00196061.,0,0,0
WBGene00196062.,0,0,0
WBGene00196063.,0,0,0
WBGene00196064.,0,7,7
WBGene00196065.,0,1,1
WBGene00196066.,0,0,0
WBGene00196067.,0,15,15
WBGene00196068.,0,0,0
WBGene00196069.,0,12,12
WBGene00196070.,0,12,12
WBGene00196071.,0,10,10
WBGene00196072.,0,30,30
WBGene00196073.,0,1,1
WBGene00196074.,0,0,0
WBGene00196075.,0,0,0
WBGene00196076.,0,0,0
WBGene00196077.,0,16,16
WBGene00196078.,0,3,3
WBGene00196079.,0,0,0
WBGene00196080.,0,4,4
WBGene00196081.,0,0,0
WBGene00196082.,0,0,0
WBGene00196083.,0,0,0
WBGene00196084.,0,1,1
WBGene00196085.,0,0,0
WBGene00196086.,0,0,0
WBGene00196087.,0,0,0
WBGene00196088.,0,17,17
WBGene00196089.,0,0,0
WBGene00196090.,0,5,5
WBGene00196091.,0,10,10
WBGene00196092.,0,9,9
WBGene00196093.,0,2,2
WBGene00196094.,0,3,3
WBGene00196095.,0,1,1
WBGene00196096.,0,13,13
WBGene00196097.,0,5,5
WBGene00196098.,0,1,1
WBGene00196099.,0,0,0
WBGene00196100.,0,12,12
WBGene00196101.,0,0,0
WBGene00196102.,0,1,1
WBGene00196103.,0,4,4
WBGene00196104.,0,0,0
WBGene00196105.,0,14,14
WBGene00196106.,0,8,8
WBGene00196107.,0,0,0
WBGene00196108.,0,11,11
WBGene00196109.,0,0,0
WBGene00196110.,0,1,1
WBGene00196111.,0,3,3
WBGene00196112.,0,0,0
WBGene00196113.,0,13,13
WBGene00196114.,0,1,1
WBGene00196115.,0,1,1
WBGene00196116.,0,0,0
WBGene00196117.,0,3,3
WBGene00196118.,0,2,2
WBGene00196119.,0,6,6
WBGene00196120.,0,0,0
WBGene00196121.,0,3,3
WBGene00196122.,0,1,1
WBGene00196123.,0,44,44
WBGene00196124.,0,2,2
WBGene00196125.,0,4,4
WBGene00196126.,0,0,0
WBGene00196127.,0,0,0
WBGene00196128.,0,0,0
WBGene00196129.,0,0,0
WBGene00196130.,0,0,0
WBGene00196131.,0,0,0
WBGene00196132.,0,1,1
WBGene00196133.,0,0,0
WBGene00196134.,0,0,0
WBGene00196135.,0,0,0
WBGene00196136.,0,0,0
WBGene00196137.,0,0,0
WBGene00196138.,0,28,28
WBGene00196139.,0,2,2
WBGene00196140.,0,0,0
WBGene00196141.,0,9,9
WBGene00196142.,0,1,1
WBGene00196143.,0,0,0
WBGene00196144.,0,0,0
WBGene00196145.,0,2,2
WBGene00196146.,0,2,2
WBGene00196147.,0,16,16
WBGene00196148.,0,4,4
WBGene00196149.,0,49,49
WBGene00196150.,0,15,15
WBGene00196151.,0,0,0
WBGene00196152.,0,0,0
WBGene00196153.,0,3,3
WBGene00196154.,0,0,0
WBGene00196155.,0,2,2
WBGene00196156.,0,0,0
WBGene00196157.,0,0,0
WBGene00196158.,0,0,0
WBGene00196159.,0,4,4
WBGene00196160.,0,22,22
WBGene00196161.,0,0,0
WBGene00196162.,0,0,0
WBGene00196163.,0,0,0
WBGene00196164.,0,2,2
WBGene00196165.,0,0,0
WBGene00196166.,0,0,0
WBGene00196167.,0,0,0
WBGene00196168.,0,0,0
WBGene00196169.,0,0,0
WBGene00196170.,0,1,1
WBGene00196171.,0,2,2
WBGene00196172.,0,0,0
WBGene00196173.,0,7,7
WBGene00196174.,0,4,4
WBGene00196175.,0,0,0
WBGene00196176.,0,0,0
WBGene00196177.,0,0,0
WBGene00196178.,0,2,2
WBGene00196179.,0,0,0
WBGene00196180.,0,1,1
WBGene00196181.,0,1,1
WBGene00196182.,0,2,2
WBGene00196183.,0,0,0
WBGene00196184.,0,27,27
WBGene00196185.,0,2,2
WBGene00196186.,0,0,0
WBGene00196187.,0,1,1
WBGene00196188.,0,0,0
WBGene00196189.,0,1,1
WBGene00196190.,0,1,1
WBGene00196191.,0,0,0
WBGene00196192.,0,5,5
WBGene00196193.,0,8,8
WBGene00196194.,0,1,1
WBGene00196195.,0,1,1
WBGene00196196.,0,0,0
WBGene00196197.,0,0,0
WBGene00196198.,0,11,11
WBGene00196199.,0,3,3
WBGene00196200.,0,0,0
WBGene00196201.,0,12,12
WBGene00196202.,0,5,5
WBGene00196203.,0,0,0
WBGene00196204.,0,12,12
WBGene00196205.,0,0,0
WBGene00196206.,0,4,4
WBGene00196207.,0,0,0
WBGene00196208.,0,0,0
WBGene00196209.,0,0,0
WBGene00196210.,0,1,1
WBGene00196211.,0,0,0
WBGene00196212.,0,0,0
WBGene00196213.,0,0,0
WBGene00196214.,0,0,0
WBGene00196215.,0,0,0
WBGene00196216.,0,2,2
WBGene00196217.,0,0,0
WBGene00196218.,0,0,0
WBGene00196219.,0,8,8
WBGene00196220.,0,0,0
WBGene00196221.,0,0,0
WBGene00196222.,0,0,0
WBGene00196223.,0,21,21
WBGene00196224.,0,1,1
WBGene00196225.,0,4,4
WBGene00196226.,0,8,8
WBGene00196227.,0,0,0
WBGene00196228.,0,0,0
WBGene00196229.,0,0,0
WBGene00196230.,0,3,3
WBGene00196231.,0,2,2
WBGene00196232.,0,0,0
WBGene00196233.,0,0,0
WBGene00196234.,0,0,0
WBGene00196235.,0,20,20
WBGene00196236.,0,1,1
WBGene00196237.,0,24,24
WBGene00196238.,0,5,5
WBGene00196239.,0,1,1
WBGene00196240.,0,40,40
WBGene00196241.,0,1,1
WBGene00196242.,0,2,2
WBGene00196243.,0,0,0
WBGene00196244.,0,3,3
WBGene00196245.,0,0,0
WBGene00196246.,0,5,5
WBGene00196247.,0,0,0
WBGene00196248.,0,0,0
WBGene00196249.,0,0,0
WBGene00196250.,0,0,0
WBGene00196251.,0,0,0
WBGene00196252.,0,6,6
WBGene00196253.,0,0,0
WBGene00196254.,0,11,11
WBGene00196255.,0,4,4
WBGene00196256.,0,0,0
WBGene00196257.,0,20,20
WBGene00196258.,0,0,0
WBGene00196259.,0,0,0
WBGene00196260.,0,0,0
WBGene00196261.,0,0,0
WBGene00196262.,0,1,1
WBGene00196263.,0,10,10
WBGene00196264.,0,20,20
WBGene00196265.,0,0,0
WBGene00196266.,0,0,0
WBGene00196267.,0,5,5
WBGene00196268.,0,0,0
WBGene00196269.,0,0,0
WBGene00196270.,0,1,1
WBGene00196271.,0,1,1
WBGene00196272.,0,0,0
WBGene00196273.,0,4,4
WBGene00196274.,0,0,0
WBGene00196275.,0,2,2
WBGene00196276.,0,0,0
WBGene00196277.,0,0,0
WBGene00196278.,0,5,5
WBGene00196279.,0,0,0
WBGene00196280.,0,7,7
WBGene00196281.,0,0,0
WBGene00196282.,0,1,1
WBGene00196283.,0,0,0
WBGene00196284.,0,0,0
WBGene00196285.,0,5,5
WBGene00196286.,0,15,15
WBGene00196287.,0,6,6
WBGene00196288.,0,12,12
WBGene00196289.,0,17,17
WBGene00196290.,0,26,26
WBGene00196291.,0,0,0
WBGene00196292.,0,0,0
WBGene00196293.,0,0,0
WBGene00196294.,0,26,26
WBGene00196295.,0,2,2
WBGene00196296.,0,0,0
WBGene00196297.,0,0,0
WBGene00196298.,0,0,0
WBGene00196299.,0,0,0
WBGene00196300.,0,19,19
WBGene00196301.,0,3,3
WBGene00196302.,0,0,0
WBGene00196303.,0,12,12
WBGene00196304.,0,0,0
WBGene00196305.,0,0,0
WBGene00196306.,0,7,7
WBGene00196307.,0,12,12
WBGene00196308.,0,4,4
WBGene00196309.,0,3,3
WBGene00196310.,0,0,0
WBGene00196311.,0,0,0
WBGene00196312.,0,0,0
WBGene00196313.,0,0,0
WBGene00196314.,0,0,0
WBGene00196315.,0,3,3
WBGene00196316.,0,24,24
WBGene00196317.,0,1,1
WBGene00196318.,0,3,3
WBGene00196319.,0,1,1
WBGene00196320.,0,3,3
WBGene00196321.,0,0,0
WBGene00196322.,0,13,13
WBGene00196323.,0,0,0
WBGene00196324.,0,0,0
WBGene00196325.,0,0,0
WBGene00196326.,0,0,0
WBGene00196327.,0,6,6
WBGene00196328.,0,0,0
WBGene00196329.,0,2,2
WBGene00196330.,0,1,1
WBGene00196331.,0,10,10
WBGene00196332.,0,0,0
WBGene00196333.,0,0,0
WBGene00196334.,0,45,45
WBGene00196335.,0,0,0
WBGene00196336.,0,0,0
WBGene00196337.,0,1,1
WBGene00196338.,0,2,2
WBGene00196339.,0,0,0
WBGene00196340.,0,21,21
WBGene00196341.,0,0,0
WBGene00196342.,0,0,0
WBGene00196343.,0,0,0
WBGene00196344.,0,18,18
WBGene00196345.,0,0,0
WBGene00196346.,0,6,6
WBGene00196347.,0,0,0
WBGene00196348.,0,0,0
WBGene00196349.,0,1,1
WBGene00196350.,0,0,0
WBGene00196351.,0,1,1
WBGene00196352.,0,0,0
WBGene00196353.,0,0,0
WBGene00196354.,0,4,4
WBGene00196355.,0,6,6
WBGene00196356.,0,0,0
WBGene00196357.,0,0,0
WBGene00196358.,0,0,0
WBGene00196359.,0,0,0
WBGene00196360.,0,0,0
WBGene00196361.,0,2,2
WBGene00196362.,0,0,0
WBGene00196363.,0,0,0
WBGene00196364.,0,0,0
WBGene00196365.,0,0,0
WBGene00196366.,0,2,2
WBGene00196367.,0,2,2
WBGene00196368.,0,0,0
WBGene00196369.,0,4,4
WBGene00196370.,0,1,1
WBGene00196371.,0,0,0
WBGene00196372.,0,0,0
WBGene00196373.,0,3,3
WBGene00196374.,0,25,25
WBGene00196375.,0,0,0
WBGene00196376.,0,2,2
WBGene00196377.,0,5,5
WBGene00196378.,0,0,0
WBGene00196379.,0,0,0
WBGene00196380.,0,5,5
WBGene00196381.,0,0,0
WBGene00196382.,0,1,1
WBGene00196383.,0,3,3
WBGene00196384.,0,0,0
WBGene00196385.,0,0,0
WBGene00196386.,0,0,0
WBGene00196387.,0,0,0
WBGene00196388.,0,0,0
WBGene00196389.,0,0,0
WBGene00196390.,0,2,2
WBGene00196391.,0,2,2
WBGene00196392.,0,8,8
WBGene00196393.,0,31,31
WBGene00196394.,0,0,0
WBGene00196395.,0,0,0
WBGene00196396.,0,13007,13007
WBGene00196397.,0,0,0
WBGene00196398.,0,3,3
WBGene00196399.,0,0,0
WBGene00196400.,0,0,0
WBGene00196401.,0,2,2
WBGene00196402.,0,0,0
WBGene00196403.,0,29,29
WBGene00196404.,0,0,0
WBGene00196405.,0,0,0
WBGene00196406.,0,7,7
WBGene00196407.,0,18,18
WBGene00196408.,0,1,1
WBGene00196409.,0,9,9
WBGene00196410.,0,0,0
WBGene00196411.,0,5,5
WBGene00196412.,0,0,0
WBGene00196413.,0,0,0
WBGene00196414.,0,1,1
WBGene00196415.,0,0,0
WBGene00196416.,0,0,0
WBGene00196417.,0,2,2
WBGene00196418.,0,2,2
WBGene00196419.,0,1,1
WBGene00196420.,0,1,1
WBGene00196421.,0,10,10
WBGene00196422.,0,2,2
WBGene00196423.,0,14,14
WBGene00196424.,0,1,1
WBGene00196425.,0,17,17
WBGene00196426.,0,1,1
WBGene00196427.,0,5,5
WBGene00196428.,0,2,2
WBGene00196429.,0,6,6
WBGene00196430.,0,4,4
WBGene00196431.,0,1,1
WBGene00196432.,0,1,1
WBGene00196433.,0,0,0
WBGene00196434.,0,0,0
WBGene00196435.,0,0,0
WBGene00196436.,0,1,1
WBGene00196437.,0,6,6
WBGene00196438.,0,0,0
WBGene00196439.,0,0,0
WBGene00196440.,0,0,0
WBGene00196441.,0,2,2
WBGene00196442.,0,1,1
WBGene00196443.,0,39,39
WBGene00196444.,0,0,0
WBGene00196445.,0,5,5
WBGene00196446.,0,5,5
WBGene00196447.,0,3,3
WBGene00196448.,0,0,0
WBGene00196449.,0,9,9
WBGene00196450.,0,0,0
WBGene00196451.,0,0,0
WBGene00196452.,0,10,10
WBGene00196453.,0,1,1
WBGene00196454.,0,0,0
WBGene00196455.,0,0,0
WBGene00196456.,0,0,0
WBGene00196457.,0,0,0
WBGene00196458.,0,0,0
WBGene00196459.,0,0,0
WBGene00196460.,0,4,4
WBGene00196461.,0,3,3
WBGene00196462.,0,0,0
WBGene00196463.,0,0,0
WBGene00196464.,0,0,0
WBGene00196465.,1,13,14
WBGene00196466.,0,3,3
WBGene00196467.,0,0,0
WBGene00196468.,0,0,0
WBGene00196469.,0,0,0
WBGene00196470.,0,6,6
WBGene00196471.,0,2,2
WBGene00196472.,0,4,4
WBGene00196473.,0,0,0
WBGene00196474.,0,0,0
WBGene00196475.,0,0,0
WBGene00196476.,0,1,1
WBGene00196477.,0,0,0
WBGene00196478.,0,1,1
WBGene00196479.,0,0,0
WBGene00196480.,0,0,0
WBGene00196481.,0,0,0
WBGene00196482.,0,2,2
WBGene00196483.,0,1,1
WBGene00196484.,0,0,0
WBGene00196485.,0,0,0
WBGene00196486.,0,8,8
WBGene00196487.,0,0,0
WBGene00196488.,0,0,0
WBGene00196489.,0,11,11
WBGene00196490.,0,6,6
WBGene00196491.,0,2,2
WBGene00196492.,0,2,2
WBGene00196493.,0,0,0
WBGene00196494.,0,137,137
WBGene00196495.,0,0,0
WBGene00196496.,0,1,1
WBGene00196497.,0,2,2
WBGene00196498.,0,0,0
WBGene00196499.,0,5,5
WBGene00196500.,0,4,4
WBGene00196501.,0,0,0
WBGene00196502.,0,0,0
WBGene00196503.,0,0,0
WBGene00196504.,0,1,1
WBGene00196505.,0,3,3
WBGene00196506.,0,16,16
WBGene00196507.,0,0,0
WBGene00196508.,0,0,0
WBGene00196509.,0,10,10
WBGene00196510.,0,0,0
WBGene00196511.,0,4,4
WBGene00196512.,0,0,0
WBGene00196513.,0,1,1
WBGene00196514.,0,2,2
WBGene00196515.,0,0,0
WBGene00196516.,0,0,0
WBGene00196517.,0,4,4
WBGene00196518.,0,1,1
WBGene00196519.,0,0,0
WBGene00196520.,0,0,0
WBGene00196521.,0,5,5
WBGene00196522.,0,0,0
WBGene00196523.,0,11,11
WBGene00196524.,0,0,0
WBGene00196525.,0,0,0
WBGene00196526.,0,0,0
WBGene00196527.,0,1,1
WBGene00196528.,0,1,1
WBGene00196529.,0,0,0
WBGene00196530.,0,0,0
WBGene00196531.,0,0,0
WBGene00196532.,0,0,0
WBGene00196533.,0,0,0
WBGene00196534.,0,12,12
WBGene00196535.,0,0,0
WBGene00196536.,0,24,24
WBGene00196537.,0,35,35
WBGene00196538.,0,0,0
WBGene00196539.,0,0,0
WBGene00196540.,0,0,0
WBGene00196541.,0,0,0
WBGene00196542.,0,5,5
WBGene00196543.,0,0,0
WBGene00196544.,0,0,0
WBGene00196545.,0,0,0
WBGene00196546.,0,19,19
WBGene00196547.,0,5,5
WBGene00196548.,0,1,1
WBGene00196549.,0,3,3
WBGene00196550.,0,1,1
WBGene00196551.,0,0,0
WBGene00196552.,0,1,1
WBGene00196553.,0,0,0
WBGene00196554.,0,1,1
WBGene00196555.,0,0,0
WBGene00196556.,0,0,0
WBGene00196557.,0,0,0
WBGene00196558.,0,2,2
WBGene00196559.,0,0,0
WBGene00196560.,0,6,6
WBGene00196561.,0,0,0
WBGene00196562.,0,0,0
WBGene00196563.,0,10,10
WBGene00196564.,0,0,0
WBGene00196565.,0,5,5
WBGene00196566.,0,0,0
WBGene00196567.,0,4,4
WBGene00196568.,0,0,0
WBGene00196569.,0,4,4
WBGene00196570.,0,0,0
WBGene00196571.,0,11,11
WBGene00196572.,0,0,0
WBGene00196573.,0,0,0
WBGene00196574.,0,2,2
WBGene00196575.,0,0,0
WBGene00196576.,0,0,0
WBGene00196577.,0,2,2
WBGene00196578.,0,6,6
WBGene00196579.,0,1,1
WBGene00196580.,0,0,0
WBGene00196581.,0,0,0
WBGene00196582.,0,5,5
WBGene00196583.,0,1,1
WBGene00196584.,0,3,3
WBGene00196585.,0,6,6
WBGene00196586.,0,10,10
WBGene00196587.,0,0,0
WBGene00196588.,0,17,17
WBGene00196589.,0,0,0
WBGene00196590.,0,78,78
WBGene00196591.,0,9,9
WBGene00196592.,0,84,84
WBGene00196593.,0,0,0
WBGene00196594.,0,2,2
WBGene00196595.,0,1,1
WBGene00196596.,0,0,0
WBGene00196597.,0,4,4
WBGene00196598.,0,8,8
WBGene00196599.,0,13,13
WBGene00196600.,0,0,0
WBGene00196601.,0,0,0
WBGene00196602.,0,0,0
WBGene00196603.,0,0,0
WBGene00196604.,0,93,93
WBGene00196605.,0,0,0
WBGene00196606.,0,6,6
WBGene00196607.,0,6,6
WBGene00196608.,0,0,0
WBGene00196609.,0,0,0
WBGene00196610.,0,0,0
WBGene00196611.,0,0,0
WBGene00196612.,0,1,1
WBGene00196613.,0,7,7
WBGene00196614.,0,5,5
WBGene00196615.,0,0,0
WBGene00196616.,0,0,0
WBGene00196617.,0,0,0
WBGene00196618.,0,9,9
WBGene00196619.,0,2,2
WBGene00196620.,0,0,0
WBGene00196621.,0,0,0
WBGene00196622.,0,6,6
WBGene00196623.,0,11,11
WBGene00196624.,0,0,0
WBGene00196625.,0,12,12
WBGene00196626.,0,1,1
WBGene00196627.,0,0,0
WBGene00196628.,0,0,0
WBGene00196629.,0,5,5
WBGene00196630.,0,0,0
WBGene00196631.,0,10,10
WBGene00196632.,0,4,4
WBGene00196633.,0,2,2
WBGene00196634.,0,20,20
WBGene00196635.,0,67,67
WBGene00196636.,0,0,0
WBGene00196637.,0,6,6
WBGene00196638.,0,3,3
WBGene00196639.,0,6,6
WBGene00196640.,0,3,3
WBGene00196641.,0,1,1
WBGene00196642.,0,3,3
WBGene00196643.,0,30,30
WBGene00196644.,0,0,0
WBGene00196645.,0,0,0
WBGene00196646.,0,1,1
WBGene00196647.,0,0,0
WBGene00196648.,0,2,2
WBGene00196649.,0,3,3
WBGene00196650.,0,8,8
WBGene00196651.,0,1,1
WBGene00196652.,0,0,0
WBGene00196653.,0,1,1
WBGene00196654.,0,5,5
WBGene00196655.,0,0,0
WBGene00196656.,0,0,0
WBGene00196657.,0,0,0
WBGene00196658.,0,0,0
WBGene00196659.,0,0,0
WBGene00196660.,0,0,0
WBGene00196661.,0,0,0
WBGene00196662.,0,0,0
WBGene00196663.,0,0,0
WBGene00196664.,0,0,0
WBGene00196665.,0,0,0
WBGene00196666.,0,0,0
WBGene00196667.,0,0,0
WBGene00196668.,0,0,0
WBGene00196669.,0,0,0
WBGene00196670.,0,0,0
WBGene00196671.,0,0,0
WBGene00196672.,0,0,0
WBGene00196673.,0,0,0
WBGene00196674.,0,0,0
WBGene00196675.,0,0,0
WBGene00196676.,0,6,6
WBGene00196677.,0,0,0
WBGene00196678.,0,0,0
WBGene00196679.,0,6,6
WBGene00196680.,0,0,0
WBGene00196681.,0,0,0
WBGene00196682.,0,14,14
WBGene00196683.,0,1,1
WBGene00196684.,0,4,4
WBGene00196685.,0,2,2
WBGene00196686.,0,3,3
WBGene00196687.,0,4,4
WBGene00196688.,0,2,2
WBGene00196689.,0,0,0
WBGene00196690.,0,0,0
WBGene00196691.,0,0,0
WBGene00196692.,0,0,0
WBGene00196693.,0,44,44
WBGene00196694.,0,1,1
WBGene00196695.,0,14,14
WBGene00196696.,0,1,1
WBGene00196697.,0,1,1
WBGene00196698.,0,6,6
WBGene00196699.,0,0,0
WBGene00196700.,0,3,3
WBGene00196701.,0,0,0
WBGene00196702.,0,5,5
WBGene00196703.,0,0,0
WBGene00196704.,0,0,0
WBGene00196705.,0,1,1
WBGene00196706.,0,0,0
WBGene00196707.,0,11,11
WBGene00196708.,0,0,0
WBGene00196709.,0,9,9
WBGene00196710.,0,6,6
WBGene00196711.,0,2,2
WBGene00196712.,0,1,1
WBGene00196713.,0,0,0
WBGene00196714.,0,0,0
WBGene00196715.,0,0,0
WBGene00196716.,0,1,1
WBGene00196717.,0,0,0
WBGene00196718.,0,0,0
WBGene00196719.,0,0,0
WBGene00196720.,0,1,1
WBGene00196721.,0,11,11
WBGene00196722.,0,4,4
WBGene00196723.,0,1,1
WBGene00196724.,0,15,15
WBGene00196725.,0,4,4
WBGene00196726.,0,0,0
WBGene00196727.,0,9,9
WBGene00196728.,0,6,6
WBGene00196729.,0,33,33
WBGene00196730.,0,0,0
WBGene00196731.,0,0,0
WBGene00196732.,0,0,0
WBGene00196733.,0,5,5
WBGene00196734.,0,7,7
WBGene00196735.,0,49,49
WBGene00196736.,0,0,0
WBGene00196737.,0,2,2
WBGene00196738.,0,0,0
WBGene00196739.,0,12,12
WBGene00196740.,0,0,0
WBGene00196741.,0,3,3
WBGene00196742.,0,4,4
WBGene00196743.,0,0,0
WBGene00196744.,0,0,0
WBGene00196745.,0,0,0
WBGene00196746.,0,8,8
WBGene00196747.,0,37,37
WBGene00196748.,0,1,1
WBGene00196749.,0,0,0
WBGene00196750.,0,3,3
WBGene00196751.,0,0,0
WBGene00196752.,0,0,0
WBGene00196753.,0,42,42
WBGene00196754.,0,0,0
WBGene00196755.,0,5,5
WBGene00196756.,0,1,1
WBGene00196757.,0,0,0
WBGene00196758.,0,14,14
WBGene00196759.,0,4,4
WBGene00196760.,0,0,0
WBGene00196761.,0,2,2
WBGene00196762.,0,0,0
WBGene00196763.,0,6,6
WBGene00196764.,0,0,0
WBGene00196765.,0,0,0
WBGene00196766.,0,1,1
WBGene00196767.,0,5,5
WBGene00196768.,0,0,0
WBGene00196769.,0,4,4
WBGene00196770.,0,0,0
WBGene00196771.,0,0,0
WBGene00196772.,0,1,1
WBGene00196773.,0,0,0
WBGene00196774.,0,0,0
WBGene00196775.,0,11,11
WBGene00196776.,0,0,0
WBGene00196777.,0,6,6
WBGene00196778.,0,0,0
WBGene00196779.,0,7,7
WBGene00196780.,0,4,4
WBGene00196781.,0,0,0
WBGene00196782.,0,6,6
WBGene00196783.,0,0,0
WBGene00196784.,0,0,0
WBGene00196785.,0,17,17
WBGene00196786.,0,1,1
WBGene00196787.,0,3,3
WBGene00196788.,0,0,0
WBGene00196789.,0,8,8
WBGene00196790.,0,0,0
WBGene00196791.,0,1,1
WBGene00196792.,0,1,1
WBGene00196793.,0,20,20
WBGene00196794.,0,0,0
WBGene00196795.,0,1,1
WBGene00196796.,0,3,3
WBGene00196797.,0,21,21
WBGene00196798.,0,0,0
WBGene00196799.,0,4,4
WBGene00196800.,0,1,1
WBGene00196801.,0,4,4
WBGene00196802.,0,9,9
WBGene00196803.,0,0,0
WBGene00196804.,0,3,3
WBGene00196805.,0,1,1
WBGene00196806.,0,1,1
WBGene00196807.,0,0,0
WBGene00196808.,0,0,0
WBGene00196809.,0,2,2
WBGene00196810.,0,34,34
WBGene00196811.,0,7,7
WBGene00196812.,0,1,1
WBGene00196813.,0,0,0
WBGene00196814.,0,0,0
WBGene00196815.,0,9,9
WBGene00196816.,0,6,6
WBGene00196817.,0,6,6
WBGene00196818.,0,1,1
WBGene00196819.,0,3,3
WBGene00196820.,0,4,4
WBGene00196821.,0,14,14
WBGene00196822.,0,2,2
WBGene00196823.,0,7,7
WBGene00196824.,0,12,12
WBGene00196825.,0,6,6
WBGene00196826.,0,2,2
WBGene00196827.,0,31,31
WBGene00196828.,0,3,3
WBGene00196829.,0,0,0
WBGene00196830.,0,5,5
WBGene00196831.,0,20,20
WBGene00196832.,0,1,1
WBGene00196833.,0,0,0
WBGene00196834.,0,3,3
WBGene00196835.,0,0,0
WBGene00196836.,0,0,0
WBGene00196837.,0,0,0
WBGene00196838.,0,87,87
WBGene00196839.,0,0,0
WBGene00196840.,0,1,1
WBGene00196841.,0,1,1
WBGene00196842.,0,0,0
WBGene00196843.,0,0,0
WBGene00196844.,0,24,24
WBGene00196845.,0,0,0
WBGene00196846.,0,10,10
WBGene00196847.,0,0,0
WBGene00196848.,0,0,0
WBGene00196849.,0,1,1
WBGene00196850.,0,0,0
WBGene00196851.,0,0,0
WBGene00196852.,0,71,71
WBGene00196853.,0,0,0
WBGene00196854.,0,24,24
WBGene00196855.,0,0,0
WBGene00196856.,0,25,25
WBGene00196857.,0,0,0
WBGene00196858.,0,5,5
WBGene00196859.,0,6,6
WBGene00196860.,0,0,0
WBGene00196861.,0,5,5
WBGene00196862.,0,12,12
WBGene00196863.,0,0,0
WBGene00196864.,0,0,0
WBGene00196865.,0,0,0
WBGene00196866.,0,0,0
WBGene00196867.,0,19,19
WBGene00196868.,0,8,8
WBGene00196869.,0,2,2
WBGene00196870.,0,1,1
WBGene00196871.,0,121,121
WBGene00196872.,0,12,12
WBGene00196873.,0,0,0
WBGene00196874.,0,0,0
WBGene00196875.,0,0,0
WBGene00196876.,0,1,1
WBGene00196877.,0,5,5
WBGene00196878.,0,0,0
WBGene00196879.,0,12,12
WBGene00196880.,0,0,0
WBGene00196881.,0,1,1
WBGene00196882.,0,0,0
WBGene00196883.,0,0,0
WBGene00196884.,0,8,8
WBGene00196885.,0,1,1
WBGene00196886.,0,0,0
WBGene00196887.,0,1,1
WBGene00196888.,0,0,0
WBGene00196889.,0,2,2
WBGene00196890.,0,0,0
WBGene00196891.,0,7,7
WBGene00196892.,0,0,0
WBGene00196893.,0,59,59
WBGene00196894.,0,6,6
WBGene00196895.,0,0,0
WBGene00196896.,0,0,0
WBGene00196897.,0,4,4
WBGene00196898.,0,0,0
WBGene00196899.,0,0,0
WBGene00196900.,0,0,0
WBGene00196901.,0,1,1
WBGene00196902.,0,0,0
WBGene00196903.,0,0,0
WBGene00196904.,0,21,21
WBGene00196905.,0,0,0
WBGene00196906.,0,10,10
WBGene00196907.,0,0,0
WBGene00196908.,0,0,0
WBGene00196909.,0,0,0
WBGene00196910.,0,0,0
WBGene00196911.,0,0,0
WBGene00196912.,0,5,5
WBGene00196913.,0,7,7
WBGene00196914.,0,0,0
WBGene00196915.,0,15,15
WBGene00196916.,0,4,4
WBGene00196917.,0,4,4
WBGene00196918.,0,3,3
WBGene00196919.,0,1,1
WBGene00196920.,0,0,0
WBGene00196921.,0,1,1
WBGene00196922.,0,39,39
WBGene00196923.,0,0,0
WBGene00196924.,0,4,4
WBGene00196925.,0,11,11
WBGene00196926.,0,0,0
WBGene00196927.,0,0,0
WBGene00196928.,0,3,3
WBGene00196929.,0,2,2
WBGene00196930.,0,2,2
WBGene00196931.,0,5,5
WBGene00196932.,0,0,0
WBGene00196933.,0,3,3
WBGene00196934.,0,0,0
WBGene00196935.,0,25,25
WBGene00196936.,0,0,0
WBGene00196937.,0,5,5
WBGene00196938.,0,0,0
WBGene00196939.,0,2,2
WBGene00196940.,0,0,0
WBGene00196941.,0,4,4
WBGene00196942.,0,0,0
WBGene00196943.,0,0,0
WBGene00196944.,0,0,0
WBGene00196945.,0,0,0
WBGene00196946.,0,3,3
WBGene00196947.,0,6,6
WBGene00196948.,0,1,1
WBGene00196949.,0,1,1
WBGene00196950.,0,7,7
WBGene00196951.,0,1,1
WBGene00196952.,0,0,0
WBGene00196953.,0,0,0
WBGene00196954.,0,2,2
WBGene00196955.,0,0,0
WBGene00196956.,0,0,0
WBGene00196957.,0,0,0
WBGene00196958.,0,0,0
WBGene00196959.,0,1,1
WBGene00196960.,0,0,0
WBGene00196961.,0,19,19
WBGene00196962.,0,5,5
WBGene00196963.,0,3,3
WBGene00196964.,0,2,2
WBGene00196965.,0,2,2
WBGene00196966.,0,1,1
WBGene00196967.,0,0,0
WBGene00196968.,0,9,9
WBGene00196969.,0,78,78
WBGene00196970.,0,2,2
WBGene00196971.,0,0,0
WBGene00196972.,0,0,0
WBGene00196973.,0,5,5
WBGene00196974.,0,1,1
WBGene00196975.,0,0,0
WBGene00196976.,0,0,0
WBGene00196977.,0,1,1
WBGene00196978.,0,0,0
WBGene00196979.,0,1,1
WBGene00196980.,0,0,0
WBGene00196981.,0,6,6
WBGene00196982.,0,75,75
WBGene00196983.,0,4,4
WBGene00196984.,0,0,0
WBGene00196985.,0,0,0
WBGene00196986.,0,106,106
WBGene00196987.,0,7,7
WBGene00196988.,0,2,2
WBGene00196989.,0,1,1
WBGene00196990.,0,0,0
WBGene00196991.,0,0,0
WBGene00196992.,0,3,3
WBGene00196993.,0,2,2
WBGene00196994.,0,76,76
WBGene00196995.,0,0,0
WBGene00196996.,0,1,1
WBGene00196997.,0,0,0
WBGene00196998.,0,0,0
WBGene00196999.,0,0,0
WBGene00197000.,0,1,1
WBGene00197001.,0,9,9
WBGene00197002.,0,1,1
WBGene00197003.,0,0,0
WBGene00197004.,0,1,1
WBGene00197005.,0,2,2
WBGene00197006.,0,0,0
WBGene00197007.,0,0,0
WBGene00197008.,0,0,0
WBGene00197009.,0,1,1
WBGene00197010.,0,1,1
WBGene00197011.,0,2,2
WBGene00197012.,0,0,0
WBGene00197013.,0,0,0
WBGene00197014.,0,0,0
WBGene00197015.,0,31,31
WBGene00197016.,0,0,0
WBGene00197017.,0,0,0
WBGene00197018.,0,1,1
WBGene00197019.,0,2,2
WBGene00197020.,0,0,0
WBGene00197021.,0,0,0
WBGene00197022.,0,5,5
WBGene00197023.,0,0,0
WBGene00197024.,0,0,0
WBGene00197025.,0,3,3
WBGene00197026.,0,1,1
WBGene00197027.,0,77,77
WBGene00197028.,0,6,6
WBGene00197029.,0,0,0
WBGene00197030.,0,1,1
WBGene00197031.,0,4,4
WBGene00197032.,0,1,1
WBGene00197033.,0,36,36
WBGene00197034.,0,0,0
WBGene00197035.,0,2,2
WBGene00197036.,0,0,0
WBGene00197037.,0,1,1
WBGene00197038.,0,0,0
WBGene00197039.,0,18,18
WBGene00197040.,0,3,3
WBGene00197041.,0,0,0
WBGene00197042.,0,0,0
WBGene00197043.,0,5,5
WBGene00197044.,0,0,0
WBGene00197045.,0,6,6
WBGene00197046.,0,8,8
WBGene00197047.,0,6,6
WBGene00197048.,0,10,10
WBGene00197049.,0,3,3
WBGene00197050.,0,0,0
WBGene00197051.,0,0,0
WBGene00197052.,0,3,3
WBGene00197053.,0,3,3
WBGene00197054.,0,1,1
WBGene00197055.,0,4,4
WBGene00197056.,0,2,2
WBGene00197057.,0,1,1
WBGene00197058.,0,0,0
WBGene00197059.,0,0,0
WBGene00197060.,0,64,64
WBGene00197061.,0,8,8
WBGene00197062.,0,0,0
WBGene00197063.,0,2,2
WBGene00197064.,0,0,0
WBGene00197065.,0,3,3
WBGene00197066.,0,19,19
WBGene00197067.,0,1,1
WBGene00197068.,0,6,6
WBGene00197069.,0,14,14
WBGene00197070.,0,0,0
WBGene00197071.,0,0,0
WBGene00197072.,0,0,0
WBGene00197073.,0,2,2
WBGene00197074.,0,24,24
WBGene00197075.,0,0,0
WBGene00197076.,0,0,0
WBGene00197077.,0,0,0
WBGene00197078.,0,1,1
WBGene00197079.,0,0,0
WBGene00197080.,0,10,10
WBGene00197081.,0,5,5
WBGene00197082.,0,0,0
WBGene00197083.,0,4,4
WBGene00197084.,0,0,0
WBGene00197085.,0,2,2
WBGene00197086.,0,6,6
WBGene00197087.,0,0,0
WBGene00197088.,0,0,0
WBGene00197089.,0,0,0
WBGene00197090.,0,47,47
WBGene00197091.,0,2,2
WBGene00197092.,0,3,3
WBGene00197093.,0,0,0
WBGene00197094.,0,3,3
WBGene00197095.,0,2,2
WBGene00197096.,0,1,1
WBGene00197097.,0,64,64
WBGene00197098.,0,0,0
WBGene00197099.,0,0,0
WBGene00197100.,0,6,6
WBGene00197101.,0,0,0
WBGene00197102.,0,0,0
WBGene00197103.,0,0,0
WBGene00197104.,0,4,4
WBGene00197105.,0,0,0
WBGene00197106.,0,0,0
WBGene00197107.,0,0,0
WBGene00197108.,0,28,28
WBGene00197109.,0,0,0
WBGene00197110.,0,2,2
WBGene00197111.,0,2,2
WBGene00197112.,0,0,0
WBGene00197113.,0,0,0
WBGene00197114.,0,8,8
WBGene00197115.,0,3,3
WBGene00197116.,0,0,0
WBGene00197117.,0,0,0
WBGene00197118.,0,0,0
WBGene00197119.,0,3,3
WBGene00197120.,0,0,0
WBGene00197121.,0,18,18
WBGene00197122.,0,0,0
WBGene00197123.,0,0,0
WBGene00197124.,0,0,0
WBGene00197125.,0,0,0
WBGene00197126.,0,3,3
WBGene00197127.,0,32,32
WBGene00197128.,0,0,0
WBGene00197129.,0,0,0
WBGene00197130.,0,4,4
WBGene00197131.,0,1,1
WBGene00197132.,0,0,0
WBGene00197133.,0,0,0
WBGene00197134.,0,0,0
WBGene00197135.,0,3,3
WBGene00197136.,0,0,0
WBGene00197137.,0,0,0
WBGene00197138.,0,0,0
WBGene00197139.,0,8,8
WBGene00197140.,0,29,29
WBGene00197141.,0,5,5
WBGene00197142.,0,0,0
WBGene00197143.,0,0,0
WBGene00197144.,0,1,1
WBGene00197145.,0,0,0
WBGene00197146.,0,0,0
WBGene00197147.,0,1,1
WBGene00197148.,0,2,2
WBGene00197149.,0,2,2
WBGene00197150.,0,0,0
WBGene00197151.,0,0,0
WBGene00197152.,0,1,1
WBGene00197153.,0,0,0
WBGene00197154.,0,0,0
WBGene00197155.,0,3,3
WBGene00197156.,0,0,0
WBGene00197157.,0,6,6
WBGene00197158.,0,0,0
WBGene00197159.,0,0,0
WBGene00197160.,0,0,0
WBGene00197161.,0,2,2
WBGene00197162.,0,0,0
WBGene00197163.,0,0,0
WBGene00197164.,0,0,0
WBGene00197165.,0,0,0
WBGene00197166.,0,0,0
WBGene00197167.,0,0,0
WBGene00197168.,0,21,21
WBGene00197169.,0,0,0
WBGene00197170.,0,0,0
WBGene00197171.,0,111,111
WBGene00197172.,0,12,12
WBGene00197173.,0,0,0
WBGene00197174.,0,9,9
WBGene00197175.,0,0,0
WBGene00197176.,0,9,9
WBGene00197177.,0,3,3
WBGene00197178.,0,1,1
WBGene00197179.,0,0,0
WBGene00197180.,0,0,0
WBGene00197181.,0,5,5
WBGene00197182.,0,2,2
WBGene00197183.,0,5,5
WBGene00197184.,0,4,4
WBGene00197185.,0,9,9
WBGene00197186.,0,0,0
WBGene00197187.,0,4,4
WBGene00197188.,0,28,28
WBGene00197189.,0,5,5
WBGene00197190.,0,0,0
WBGene00197191.,0,3,3
WBGene00197192.,0,0,0
WBGene00197193.,0,0,0
WBGene00197194.,0,0,0
WBGene00197195.,0,8,8
WBGene00197196.,0,7,7
WBGene00197197.,0,1,1
WBGene00197198.,0,0,0
WBGene00197199.,0,1,1
WBGene00197200.,0,0,0
WBGene00197201.,0,0,0
WBGene00197202.,0,26,26
WBGene00197203.,0,2,2
WBGene00197204.,0,7,7
WBGene00197205.,0,3,3
WBGene00197206.,0,4,4
WBGene00197207.,0,1,1
WBGene00197208.,0,9,9
WBGene00197209.,0,80,80
WBGene00197210.,0,0,0
WBGene00197211.,0,10,10
WBGene00197212.,0,0,0
WBGene00197213.,0,0,0
WBGene00197214.,0,26,26
WBGene00197215.,0,1191,1191
WBGene00197216.,0,0,0
WBGene00197217.,0,5,5
WBGene00197218.,0,4,4
WBGene00197219.,0,0,0
WBGene00197220.,0,1,1
WBGene00197221.,0,0,0
WBGene00197222.,0,9,9
WBGene00197223.,0,2,2
WBGene00197224.,0,4,4
WBGene00197225.,0,0,0
WBGene00197226.,0,0,0
WBGene00197227.,0,4,4
WBGene00197228.,0,1,1
WBGene00197229.,0,0,0
WBGene00197230.,0,1,1
WBGene00197231.,0,7,7
WBGene00197232.,0,3,3
WBGene00197233.,0,2,2
WBGene00197234.,0,24,24
WBGene00197235.,0,0,0
WBGene00197236.,0,5,5
WBGene00197237.,0,0,0
WBGene00197238.,0,0,0
WBGene00197239.,0,1,1
WBGene00197240.,0,0,0
WBGene00197241.,0,0,0
WBGene00197242.,0,2,2
WBGene00197243.,0,18,18
WBGene00197244.,0,8,8
WBGene00197245.,0,1,1
WBGene00197246.,0,7,7
WBGene00197247.,0,0,0
WBGene00197248.,0,0,0
WBGene00197249.,0,1,1
WBGene00197250.,0,77,77
WBGene00197251.,0,3,3
WBGene00197252.,0,0,0
WBGene00197253.,0,4,4
WBGene00197254.,0,15,15
WBGene00197255.,0,0,0
WBGene00197256.,0,1,1
WBGene00197257.,0,9,9
WBGene00197258.,0,6,6
WBGene00197259.,0,81,81
WBGene00197260.,0,0,0
WBGene00197261.,0,0,0
WBGene00197262.,0,2,2
WBGene00197263.,0,0,0
WBGene00197264.,0,0,0
WBGene00197265.,0,7,7
WBGene00197266.,0,0,0
WBGene00197267.,0,0,0
WBGene00197268.,0,0,0
WBGene00197269.,0,4,4
WBGene00197270.,0,0,0
WBGene00197271.,0,0,0
WBGene00197272.,0,0,0
WBGene00197273.,0,2,2
WBGene00197274.,0,13,13
WBGene00197275.,0,0,0
WBGene00197276.,0,0,0
WBGene00197277.,0,0,0
WBGene00197278.,0,5,5
WBGene00197279.,0,9,9
WBGene00197280.,0,0,0
WBGene00197281.,0,9,9
WBGene00197282.,0,1,1
WBGene00197283.,0,1,1
WBGene00197284.,0,0,0
WBGene00197285.,0,1,1
WBGene00197286.,0,0,0
WBGene00197287.,0,0,0
WBGene00197288.,0,1,1
WBGene00197289.,0,5,5
WBGene00197290.,0,0,0
WBGene00197291.,0,0,0
WBGene00197292.,0,0,0
WBGene00197293.,0,0,0
WBGene00197294.,0,1,1
WBGene00197295.,0,0,0
WBGene00197296.,0,0,0
WBGene00197297.,0,9,9
WBGene00197298.,0,0,0
WBGene00197299.,0,1,1
WBGene00197300.,0,0,0
WBGene00197301.,0,0,0
WBGene00197302.,0,0,0
WBGene00197303.,0,0,0
WBGene00197304.,0,0,0
WBGene00197305.,0,1,1
WBGene00197306.,0,0,0
WBGene00197307.,0,5,5
WBGene00197308.,0,14,14
WBGene00197309.,0,0,0
WBGene00197310.,0,1,1
WBGene00197311.,0,0,0
WBGene00197312.,0,0,0
WBGene00197313.,0,5,5
WBGene00197314.,0,11,11
WBGene00197315.,0,0,0
WBGene00197316.,0,0,0
WBGene00197317.,0,0,0
WBGene00197318.,0,2,2
WBGene00197319.,0,4,4
WBGene00197320.,0,0,0
WBGene00197321.,0,4,4
WBGene00197322.,0,8,8
WBGene00197323.,0,3,3
WBGene00197324.,0,2,2
WBGene00197325.,0,0,0
WBGene00197326.,0,7,7
WBGene00197327.,0,9,9
WBGene00197328.,0,6,6
WBGene00197329.,0,2,2
WBGene00197330.,0,0,0
WBGene00197331.,0,0,0
WBGene00197332.,0,0,0
WBGene00197333.,0,3,3
WBGene00197334.,0,23,23
WBGene00197335.,0,6,6
WBGene00197336.,0,0,0
WBGene00197337.,0,1,1
WBGene00197338.,0,0,0
WBGene00197339.,0,833,833
WBGene00197340.,0,3,3
WBGene00197341.,0,7,7
WBGene00197342.,0,14,14
WBGene00197343.,0,3,3
WBGene00197344.,0,5,5
WBGene00197345.,0,0,0
WBGene00197346.,0,0,0
WBGene00197347.,0,2,2
WBGene00197348.,0,1,1
WBGene00197349.,0,9,9
WBGene00197350.,0,1,1
WBGene00197351.,0,4,4
WBGene00197352.,0,0,0
WBGene00197353.,0,0,0
WBGene00197354.,0,0,0
WBGene00197355.,0,0,0
WBGene00197356.,0,3,3
WBGene00197357.,0,2,2
WBGene00197358.,0,0,0
WBGene00197359.,0,1,1
WBGene00197360.,0,2,2
WBGene00197361.,0,0,0
WBGene00197362.,0,10,10
WBGene00197363.,0,0,0
WBGene00197364.,0,0,0
WBGene00197365.,0,0,0
WBGene00197366.,0,0,0
WBGene00197367.,0,1,1
WBGene00197368.,0,0,0
WBGene00197369.,0,0,0
WBGene00197370.,0,7,7
WBGene00197371.,0,0,0
WBGene00197372.,0,0,0
WBGene00197373.,0,48,48
WBGene00197374.,0,0,0
WBGene00197375.,0,18,18
WBGene00197376.,0,0,0
WBGene00197377.,0,1,1
WBGene00197378.,0,0,0
WBGene00197379.,0,0,0
WBGene00197380.,0,0,0
WBGene00197381.,0,0,0
WBGene00197382.,0,4,4
WBGene00197383.,0,0,0
WBGene00197384.,0,0,0
WBGene00197385.,0,0,0
WBGene00197386.,0,1,1
WBGene00197387.,0,0,0
WBGene00197388.,0,0,0
WBGene00197389.,0,0,0
WBGene00197390.,0,0,0
WBGene00197391.,0,0,0
WBGene00197392.,0,0,0
WBGene00197393.,0,0,0
WBGene00197394.,0,0,0
WBGene00197395.,0,19,19
WBGene00197396.,0,10,10
WBGene00197397.,0,0,0
WBGene00197398.,0,2,2
WBGene00197399.,0,20,20
WBGene00197400.,0,4,4
WBGene00197401.,0,0,0
WBGene00197402.,0,0,0
WBGene00197403.,0,2,2
WBGene00197404.,0,132,132
WBGene00197405.,0,0,0
WBGene00197406.,0,131,131
WBGene00197407.,0,1,1
WBGene00197408.,0,1,1
WBGene00197409.,0,4,4
WBGene00197410.,0,4,4
WBGene00197411.,0,92,92
WBGene00197412.,0,1,1
WBGene00197413.,0,2,2
WBGene00197414.,0,0,0
WBGene00197415.,0,0,0
WBGene00197416.,0,11,11
WBGene00197417.,0,0,0
WBGene00197418.,0,0,0
WBGene00197419.,0,0,0
WBGene00197420.,0,2,2
WBGene00197421.,0,0,0
WBGene00197422.,0,0,0
WBGene00197423.,0,0,0
WBGene00197424.,0,21,21
WBGene00197425.,0,0,0
WBGene00197426.,0,8,8
WBGene00197427.,0,1,1
WBGene00197428.,0,0,0
WBGene00197429.,0,0,0
WBGene00197430.,0,0,0
WBGene00197431.,0,1,1
WBGene00197432.,0,1,1
WBGene00197433.,0,0,0
WBGene00197434.,0,0,0
WBGene00197435.,0,1,1
WBGene00197436.,0,2,2
WBGene00197437.,0,4,4
WBGene00197438.,0,7,7
WBGene00197439.,0,0,0
WBGene00197440.,0,27,27
WBGene00197441.,0,1,1
WBGene00197442.,0,0,0
WBGene00197443.,0,0,0
WBGene00197444.,0,15,15
WBGene00197445.,0,0,0
WBGene00197446.,0,6,6
WBGene00197447.,0,0,0
WBGene00197448.,0,1,1
WBGene00197449.,0,1,1
WBGene00197450.,0,10,10
WBGene00197451.,0,0,0
WBGene00197452.,0,107,107
WBGene00197453.,0,0,0
WBGene00197454.,0,23,23
WBGene00197455.,0,4,4
WBGene00197456.,0,0,0
WBGene00197457.,0,0,0
WBGene00197458.,0,0,0
WBGene00197459.,0,0,0
WBGene00197460.,0,0,0
WBGene00197461.,0,3,3
WBGene00197462.,0,0,0
WBGene00197463.,0,5,5
WBGene00197464.,0,16,16
WBGene00197465.,0,2,2
WBGene00197466.,0,0,0
WBGene00197467.,0,4,4
WBGene00197468.,0,1,1
WBGene00197469.,0,0,0
WBGene00197470.,0,0,0
WBGene00197471.,0,2,2
WBGene00197472.,0,0,0
WBGene00197473.,0,4,4
WBGene00197474.,0,0,0
WBGene00197475.,0,2,2
WBGene00197476.,0,1,1
WBGene00197477.,0,16,16
WBGene00197478.,0,0,0
WBGene00197479.,0,1,1
WBGene00197480.,0,1,1
WBGene00197481.,0,9,9
WBGene00197482.,0,87,87
WBGene00197483.,0,4,4
WBGene00197484.,0,0,0
WBGene00197485.,0,0,0
WBGene00197486.,0,7,7
WBGene00197487.,0,0,0
WBGene00197488.,0,0,0
WBGene00197489.,0,2,2
WBGene00197490.,0,0,0
WBGene00197491.,0,1,1
WBGene00197492.,0,0,0
WBGene00197493.,0,0,0
WBGene00197494.,0,0,0
WBGene00197495.,0,3,3
WBGene00197496.,0,0,0
WBGene00197497.,0,0,0
WBGene00197498.,0,4,4
WBGene00197499.,0,1,1
WBGene00197500.,0,5,5
WBGene00197501.,0,5,5
WBGene00197502.,0,0,0
WBGene00197503.,0,3,3
WBGene00197504.,0,0,0
WBGene00197505.,0,0,0
WBGene00197506.,0,0,0
WBGene00197507.,0,2,2
WBGene00197508.,0,0,0
WBGene00197509.,0,11,11
WBGene00197510.,0,5,5
WBGene00197511.,0,72,72
WBGene00197512.,0,0,0
WBGene00197513.,0,0,0
WBGene00197514.,0,0,0
WBGene00197515.,0,53,53
WBGene00197516.,0,19,19
WBGene00197517.,0,36,36
WBGene00197518.,0,5,5
WBGene00197519.,0,0,0
WBGene00197520.,0,0,0
WBGene00197521.,0,5,5
WBGene00197522.,0,0,0
WBGene00197523.,0,1,1
WBGene00197524.,0,0,0
WBGene00197525.,0,4,4
WBGene00197526.,0,0,0
WBGene00197527.,0,5,5
WBGene00197528.,0,0,0
WBGene00197529.,0,20,20
WBGene00197530.,0,0,0
WBGene00197531.,0,0,0
WBGene00197532.,0,2,2
WBGene00197533.,0,2,2
WBGene00197534.,0,17,17
WBGene00197535.,0,2,2
WBGene00197536.,0,0,0
WBGene00197537.,0,0,0
WBGene00197538.,0,0,0
WBGene00197539.,0,0,0
WBGene00197540.,0,0,0
WBGene00197541.,0,11,11
WBGene00197542.,0,0,0
WBGene00197543.,0,2,2
WBGene00197544.,0,0,0
WBGene00197545.,0,0,0
WBGene00197546.,0,2,2
WBGene00197547.,0,0,0
WBGene00197548.,0,2,2
WBGene00197549.,0,0,0
WBGene00197550.,0,8,8
WBGene00197551.,0,0,0
WBGene00197552.,0,0,0
WBGene00197553.,0,5,5
WBGene00197554.,0,1,1
WBGene00197555.,0,1,1
WBGene00197556.,0,7,7
WBGene00197557.,0,0,0
WBGene00197558.,0,9,9
WBGene00197559.,0,0,0
WBGene00197560.,0,1,1
WBGene00197561.,0,0,0
WBGene00197562.,0,0,0
WBGene00197563.,0,0,0
WBGene00197564.,0,3,3
WBGene00197565.,0,0,0
WBGene00197566.,0,1,1
WBGene00197567.,0,0,0
WBGene00197568.,0,0,0
WBGene00197569.,0,0,0
WBGene00197570.,0,0,0
WBGene00197571.,0,1,1
WBGene00197572.,0,6,6
WBGene00197573.,0,2,2
WBGene00197574.,0,9,9
WBGene00197575.,0,0,0
WBGene00197576.,0,3,3
WBGene00197577.,0,4,4
WBGene00197578.,0,13,13
WBGene00197579.,0,33,33
WBGene00197580.,0,39,39
WBGene00197581.,0,4,4
WBGene00197582.,0,1,1
WBGene00197583.,0,21,21
WBGene00197584.,0,0,0
WBGene00197585.,0,10,10
WBGene00197586.,0,4,4
WBGene00197587.,0,14,14
WBGene00197588.,0,2,2
WBGene00197589.,0,0,0
WBGene00197590.,0,0,0
WBGene00197591.,0,6,6
WBGene00197592.,0,0,0
WBGene00197593.,0,0,0
WBGene00197594.,0,0,0
WBGene00197595.,0,2,2
WBGene00197596.,0,0,0
WBGene00197597.,0,19,19
WBGene00197598.,0,0,0
WBGene00197599.,0,2,2
WBGene00197600.,0,7,7
WBGene00197601.,0,20,20
WBGene00197602.,0,0,0
WBGene00197603.,0,0,0
WBGene00197604.,0,6,6
WBGene00197605.,0,0,0
WBGene00197606.,0,0,0
WBGene00197607.,0,0,0
WBGene00197608.,0,0,0
WBGene00197609.,0,6,6
WBGene00197610.,0,0,0
WBGene00197611.,0,31,31
WBGene00197612.,0,1,1
WBGene00197613.,0,0,0
WBGene00197614.,0,0,0
WBGene00197615.,0,18,18
WBGene00197616.,0,5,5
WBGene00197617.,0,1,1
WBGene00197618.,0,0,0
WBGene00197619.,0,0,0
WBGene00197620.,0,6,6
WBGene00197621.,0,143,143
WBGene00197622.,0,1,1
WBGene00197623.,0,0,0
WBGene00197624.,0,5,5
WBGene00197625.,0,14,14
WBGene00197626.,0,0,0
WBGene00197627.,0,6,6
WBGene00197628.,0,0,0
WBGene00197629.,0,1,1
WBGene00197630.,0,0,0
WBGene00197631.,0,1,1
WBGene00197632.,0,9,9
WBGene00197633.,0,38,38
WBGene00197634.,0,38,38
WBGene00197635.,0,1,1
WBGene00197636.,0,16,16
WBGene00197637.,0,0,0
WBGene00197638.,0,2,2
WBGene00197639.,0,0,0
WBGene00197640.,0,0,0
WBGene00197641.,0,4,4
WBGene00197642.,0,8,8
WBGene00197643.,0,0,0
WBGene00197644.,0,0,0
WBGene00197645.,0,0,0
WBGene00197646.,0,0,0
WBGene00197647.,0,18,18
WBGene00197648.,0,18,18
WBGene00197649.,0,3,3
WBGene00197650.,0,3,3
WBGene00197651.,0,0,0
WBGene00197652.,0,8,8
WBGene00197653.,0,0,0
WBGene00197654.,0,0,0
WBGene00197655.,0,1,1
WBGene00197656.,0,1,1
WBGene00197657.,0,3,3
WBGene00197658.,0,0,0
WBGene00197659.,0,2,2
WBGene00197660.,0,0,0
WBGene00197661.,0,0,0
WBGene00197662.,0,0,0
WBGene00197663.,0,0,0
WBGene00197664.,0,7,7
WBGene00197665.,0,4,4
WBGene00197666.,0,0,0
WBGene00197667.,0,65,65
WBGene00197668.,0,0,0
WBGene00197669.,0,2,2
WBGene00197670.,0,18,18
WBGene00197671.,0,0,0
WBGene00197672.,0,0,0
WBGene00197673.,0,0,0
WBGene00197674.,0,5,5
WBGene00197675.,0,0,0
WBGene00197676.,0,0,0
WBGene00197677.,0,0,0
WBGene00197678.,0,1,1
WBGene00197679.,0,26,26
WBGene00197680.,0,0,0
WBGene00197681.,0,0,0
WBGene00197682.,0,0,0
WBGene00197683.,0,0,0
WBGene00197684.,0,2,2
WBGene00197685.,0,0,0
WBGene00197686.,0,29,29
WBGene00197687.,0,3,3
WBGene00197688.,0,10,10
WBGene00197689.,0,0,0
WBGene00197690.,0,0,0
WBGene00197691.,0,38,38
WBGene00197692.,0,0,0
WBGene00197693.,0,0,0
WBGene00197694.,0,6,6
WBGene00197695.,0,1,1
WBGene00197696.,0,0,0
WBGene00197697.,0,0,0
WBGene00197698.,0,30,30
WBGene00197699.,0,1,1
WBGene00197700.,0,0,0
WBGene00197701.,0,1,1
WBGene00197702.,0,0,0
WBGene00197703.,0,4,4
WBGene00197704.,0,4,4
WBGene00197705.,0,4,4
WBGene00197706.,0,1,1
WBGene00197707.,0,7,7
WBGene00197708.,0,1,1
WBGene00197709.,0,8,8
WBGene00197710.,0,26,26
WBGene00197711.,0,0,0
WBGene00197712.,0,3,3
WBGene00197713.,0,1,1
WBGene00197714.,0,0,0
WBGene00197715.,0,4,4
WBGene00197716.,0,3,3
WBGene00197717.,0,1,1
WBGene00197718.,0,0,0
WBGene00197719.,0,0,0
WBGene00197720.,0,33,33
WBGene00197721.,0,1,1
WBGene00197722.,0,0,0
WBGene00197723.,0,1,1
WBGene00197724.,0,8,8
WBGene00197725.,0,0,0
WBGene00197726.,0,1,1
WBGene00197727.,0,3,3
WBGene00197728.,0,5,5
WBGene00197729.,0,0,0
WBGene00197730.,0,0,0
WBGene00197731.,0,0,0
WBGene00197732.,0,9,9
WBGene00197733.,0,0,0
WBGene00197734.,0,0,0
WBGene00197735.,0,0,0
WBGene00197736.,0,0,0
WBGene00197737.,0,0,0
WBGene00197738.,0,0,0
WBGene00197739.,0,8,8
WBGene00197740.,0,0,0
WBGene00197741.,0,3,3
WBGene00197742.,0,0,0
WBGene00197743.,0,0,0
WBGene00197744.,0,0,0
WBGene00197745.,0,0,0
WBGene00197746.,0,2,2
WBGene00197747.,0,0,0
WBGene00197748.,0,1,1
WBGene00197749.,0,4,4
WBGene00197750.,0,0,0
WBGene00197751.,0,0,0
WBGene00197752.,0,4,4
WBGene00197753.,0,4,4
WBGene00197754.,0,0,0
WBGene00197755.,0,1,1
WBGene00197756.,0,0,0
WBGene00197757.,0,36,36
WBGene00197758.,0,1,1
WBGene00197759.,0,1,1
WBGene00197760.,0,2,2
WBGene00197761.,0,4,4
WBGene00197762.,0,0,0
WBGene00197763.,0,32,32
WBGene00197764.,0,2,2
WBGene00197765.,0,0,0
WBGene00197766.,0,8,8
WBGene00197767.,0,1,1
WBGene00197768.,0,0,0
WBGene00197769.,0,58,58
WBGene00197770.,0,2,2
WBGene00197771.,0,0,0
WBGene00197772.,0,0,0
WBGene00197773.,0,0,0
WBGene00197774.,0,0,0
WBGene00197775.,0,22,22
WBGene00197776.,0,0,0
WBGene00197777.,0,0,0
WBGene00197778.,0,0,0
WBGene00197779.,0,29,29
WBGene00197780.,0,1,1
WBGene00197781.,0,1,1
WBGene00197782.,0,12,12
WBGene00197783.,0,4,4
WBGene00197784.,0,0,0
WBGene00197785.,0,0,0
WBGene00197786.,0,1,1
WBGene00197787.,0,2,2
WBGene00197788.,0,0,0
WBGene00197789.,0,0,0
WBGene00197790.,0,1,1
WBGene00197791.,0,5,5
WBGene00197792.,0,0,0
WBGene00197793.,0,14,14
WBGene00197794.,0,0,0
WBGene00197795.,0,6,6
WBGene00197796.,0,0,0
WBGene00197797.,0,2,2
WBGene00197798.,0,1,1
WBGene00197799.,0,0,0
WBGene00197800.,0,10,10
WBGene00197801.,0,2,2
WBGene00197802.,0,52,52
WBGene00197803.,0,53,53
WBGene00197804.,0,0,0
WBGene00197805.,0,5,5
WBGene00197806.,0,0,0
WBGene00197807.,0,0,0
WBGene00197808.,0,0,0
WBGene00197809.,0,0,0
WBGene00197810.,0,0,0
WBGene00197811.,0,0,0
WBGene00197812.,0,2,2
WBGene00197813.,0,1,1
WBGene00197814.,0,0,0
WBGene00197815.,0,0,0
WBGene00197816.,0,0,0
WBGene00197817.,0,0,0
WBGene00197818.,0,4,4
WBGene00197819.,0,1,1
WBGene00197820.,0,0,0
WBGene00197821.,0,1,1
WBGene00197822.,0,5,5
WBGene00197823.,0,0,0
WBGene00197824.,0,0,0
WBGene00197825.,0,3,3
WBGene00197826.,0,0,0
WBGene00197827.,0,0,0
WBGene00197828.,0,0,0
WBGene00197829.,0,3,3
WBGene00197830.,0,1,1
WBGene00197831.,0,0,0
WBGene00197832.,0,0,0
WBGene00197833.,0,1,1
WBGene00197834.,0,4,4
WBGene00197835.,0,0,0
WBGene00197836.,0,2,2
WBGene00197837.,0,0,0
WBGene00197838.,0,0,0
WBGene00197839.,0,0,0
WBGene00197840.,0,1,1
WBGene00197841.,0,3,3
WBGene00197842.,0,0,0
WBGene00197843.,0,0,0
WBGene00197844.,0,0,0
WBGene00197845.,0,2,2
WBGene00197846.,0,1,1
WBGene00197847.,0,28,28
WBGene00197848.,0,0,0
WBGene00197849.,0,0,0
WBGene00197850.,0,4,4
WBGene00197851.,0,0,0
WBGene00197852.,0,1,1
WBGene00197853.,0,33,33
WBGene00197854.,0,20,20
WBGene00197855.,0,1,1
WBGene00197856.,0,3,3
WBGene00197857.,0,10,10
WBGene00197858.,0,7,7
WBGene00197859.,0,0,0
WBGene00197860.,0,20,20
WBGene00197861.,0,0,0
WBGene00197862.,0,0,0
WBGene00197863.,0,2,2
WBGene00197864.,0,0,0
WBGene00197865.,0,14,14
WBGene00197866.,0,0,0
WBGene00197867.,0,4,4
WBGene00197868.,0,7,7
WBGene00197869.,0,0,0
WBGene00197870.,0,0,0
WBGene00197871.,0,3,3
WBGene00197872.,0,0,0
WBGene00197873.,0,21,21
WBGene00197874.,0,3,3
WBGene00197875.,0,12,12
WBGene00197876.,0,0,0
WBGene00197877.,0,0,0
WBGene00197878.,0,0,0
WBGene00197879.,0,29,29
WBGene00197880.,0,5,5
WBGene00197881.,0,0,0
WBGene00197882.,0,0,0
WBGene00197883.,0,27,27
WBGene00197884.,0,7,7
WBGene00197885.,0,4,4
WBGene00197886.,0,0,0
WBGene00197887.,0,4,4
WBGene00197888.,0,0,0
WBGene00197889.,0,5,5
WBGene00197890.,0,4,4
WBGene00197891.,0,0,0
WBGene00197892.,0,0,0
WBGene00197893.,0,2,2
WBGene00197894.,0,0,0
WBGene00197895.,0,0,0
WBGene00197896.,0,52,52
WBGene00197897.,0,0,0
WBGene00197898.,0,1,1
WBGene00197899.,0,37,37
WBGene00197900.,0,0,0
WBGene00197901.,0,0,0
WBGene00197902.,0,0,0
WBGene00197903.,0,12,12
WBGene00197904.,0,3,3
WBGene00197905.,0,1,1
WBGene00197906.,0,89,89
WBGene00197907.,0,0,0
WBGene00197908.,0,0,0
WBGene00197909.,0,6,6
WBGene00197910.,0,0,0
WBGene00197911.,0,0,0
WBGene00197912.,0,1,1
WBGene00197913.,0,11,11
WBGene00197914.,0,1,1
WBGene00197915.,0,0,0
WBGene00197916.,0,0,0
WBGene00197917.,0,0,0
WBGene00197918.,0,0,0
WBGene00197919.,0,0,0
WBGene00197920.,0,1,1
WBGene00197921.,0,98,98
WBGene00197922.,0,0,0
WBGene00197923.,0,73,73
WBGene00197924.,0,1,1
WBGene00197925.,0,6,6
WBGene00197926.,0,0,0
WBGene00197927.,0,3,3
WBGene00197928.,0,0,0
WBGene00197929.,0,0,0
WBGene00197930.,0,0,0
WBGene00197931.,0,17,17
WBGene00197932.,0,4,4
WBGene00197933.,0,0,0
WBGene00197934.,0,38,38
WBGene00197935.,0,1,1
WBGene00197936.,0,0,0
WBGene00197937.,0,0,0
WBGene00197938.,0,1,1
WBGene00197939.,0,1,1
WBGene00197940.,0,2,2
WBGene00197941.,0,9,9
WBGene00197942.,0,0,0
WBGene00197943.,0,0,0
WBGene00197944.,0,24,24
WBGene00197945.,0,2,2
WBGene00197946.,0,11,11
WBGene00197947.,0,0,0
WBGene00197948.,0,0,0
WBGene00197949.,0,7,7
WBGene00197950.,0,0,0
WBGene00197951.,0,0,0
WBGene00197952.,0,0,0
WBGene00197953.,0,0,0
WBGene00197954.,0,0,0
WBGene00197955.,0,2,2
WBGene00197956.,0,0,0
WBGene00197957.,0,4,4
WBGene00197958.,0,3,3
WBGene00197959.,0,9,9
WBGene00197960.,0,3,3
WBGene00197961.,0,0,0
WBGene00197962.,0,1,1
WBGene00197963.,0,2,2
WBGene00197964.,0,0,0
WBGene00197965.,0,0,0
WBGene00197966.,0,0,0
WBGene00197967.,0,0,0
WBGene00197968.,0,0,0
WBGene00197969.,0,10,10
WBGene00197970.,0,1,1
WBGene00197971.,0,19,19
WBGene00197972.,0,8,8
WBGene00197973.,0,16,16
WBGene00197974.,0,0,0
WBGene00197975.,0,0,0
WBGene00197976.,0,12,12
WBGene00197977.,0,0,0
WBGene00197978.,0,0,0
WBGene00197979.,0,18,18
WBGene00197980.,0,0,0
WBGene00197981.,0,0,0
WBGene00197982.,0,0,0
WBGene00197983.,0,8,8
WBGene00197984.,0,1,1
WBGene00197985.,0,0,0
WBGene00197986.,0,1,1
WBGene00197987.,0,2,2
WBGene00197988.,0,0,0
WBGene00197989.,0,1,1
WBGene00197990.,0,0,0
WBGene00197991.,0,7,7
WBGene00197992.,0,2,2
WBGene00197993.,0,1,1
WBGene00197994.,0,0,0
WBGene00197995.,0,29,29
WBGene00197996.,0,0,0
WBGene00197997.,0,2,2
WBGene00197998.,0,0,0
WBGene00197999.,0,2,2
WBGene00198000.,0,6,6
WBGene00198001.,0,0,0
WBGene00198002.,0,0,0
WBGene00198003.,0,1,1
WBGene00198004.,0,4,4
WBGene00198005.,0,0,0
WBGene00198006.,0,0,0
WBGene00198007.,0,0,0
WBGene00198008.,0,87,87
WBGene00198009.,0,0,0
WBGene00198010.,0,1,1
WBGene00198011.,0,1,1
WBGene00198012.,0,0,0
WBGene00198013.,0,0,0
WBGene00198014.,0,15,15
WBGene00198015.,0,0,0
WBGene00198016.,0,0,0
WBGene00198017.,0,18,18
WBGene00198018.,0,0,0
WBGene00198019.,0,2,2
WBGene00198020.,0,2,2
WBGene00198021.,0,85,85
WBGene00198022.,0,0,0
WBGene00198023.,0,4,4
WBGene00198024.,0,0,0
WBGene00198025.,0,3,3
WBGene00198026.,0,2,2
WBGene00198027.,0,0,0
WBGene00198028.,0,0,0
WBGene00198029.,0,2,2
WBGene00198030.,0,0,0
WBGene00198031.,0,0,0
WBGene00198032.,0,0,0
WBGene00198033.,0,0,0
WBGene00198034.,0,1,1
WBGene00198035.,0,0,0
WBGene00198036.,0,2,2
WBGene00198037.,0,0,0
WBGene00198038.,0,0,0
WBGene00198039.,0,0,0
WBGene00198040.,0,0,0
WBGene00198041.,0,0,0
WBGene00198042.,0,5,5
WBGene00198043.,0,0,0
WBGene00198044.,0,0,0
WBGene00198045.,0,0,0
WBGene00198046.,0,0,0
WBGene00198047.,0,12,12
WBGene00198048.,0,0,0
WBGene00198049.,0,0,0
WBGene00198050.,0,0,0
WBGene00198051.,0,2,2
WBGene00198052.,0,1,1
WBGene00198053.,0,2,2
WBGene00198054.,0,0,0
WBGene00198055.,0,0,0
WBGene00198056.,0,2,2
WBGene00198057.,0,5,5
WBGene00198058.,0,2,2
WBGene00198059.,0,0,0
WBGene00198060.,0,0,0
WBGene00198061.,0,1,1
WBGene00198062.,0,0,0
WBGene00198063.,0,3,3
WBGene00198064.,0,17,17
WBGene00198065.,0,2,2
WBGene00198066.,0,2,2
WBGene00198067.,0,0,0
WBGene00198068.,0,6,6
WBGene00198069.,0,1,1
WBGene00198070.,0,0,0
WBGene00198071.,0,0,0
WBGene00198072.,0,0,0
WBGene00198073.,0,0,0
WBGene00198074.,0,0,0
WBGene00198075.,0,48,48
WBGene00198076.,0,0,0
WBGene00198077.,0,0,0
WBGene00198078.,0,0,0
WBGene00198079.,0,0,0
WBGene00198080.,0,1,1
WBGene00198081.,0,2,2
WBGene00198082.,0,0,0
WBGene00198083.,0,10,10
WBGene00198084.,0,0,0
WBGene00198085.,0,1,1
WBGene00198086.,0,1,1
WBGene00198087.,0,0,0
WBGene00198088.,0,26,26
WBGene00198089.,0,0,0
WBGene00198090.,0,3,3
WBGene00198091.,0,13,13
WBGene00198092.,0,0,0
WBGene00198093.,0,20,20
WBGene00198094.,0,23,23
WBGene00198095.,0,5,5
WBGene00198096.,0,12,12
WBGene00198097.,0,0,0
WBGene00198098.,0,0,0
WBGene00198099.,0,0,0
WBGene00198100.,0,0,0
WBGene00198101.,0,8,8
WBGene00198102.,0,0,0
WBGene00198103.,0,0,0
WBGene00198104.,0,12,12
WBGene00198105.,0,0,0
WBGene00198106.,0,0,0
WBGene00198107.,0,0,0
WBGene00198108.,0,111,111
WBGene00198109.,0,0,0
WBGene00198110.,0,4,4
WBGene00198111.,0,5,5
WBGene00198112.,0,3,3
WBGene00198113.,0,1,1
WBGene00198114.,0,0,0
WBGene00198115.,0,5,5
WBGene00198116.,0,4,4
WBGene00198117.,0,1,1
WBGene00198118.,0,1,1
WBGene00198119.,0,29,29
WBGene00198120.,0,21,21
WBGene00198121.,0,0,0
WBGene00198122.,0,8,8
WBGene00198123.,0,0,0
WBGene00198124.,0,64,64
WBGene00198125.,0,0,0
WBGene00198126.,0,3,3
WBGene00198127.,0,14,14
WBGene00198128.,0,0,0
WBGene00198129.,0,0,0
WBGene00198130.,0,1,1
WBGene00198131.,0,7,7
WBGene00198132.,0,2,2
WBGene00198133.,0,0,0
WBGene00198134.,0,24,24
WBGene00198135.,0,9,9
WBGene00198136.,0,2,2
WBGene00198137.,0,0,0
WBGene00198138.,0,7,7
WBGene00198139.,0,3,3
WBGene00198140.,0,1,1
WBGene00198141.,0,7,7
WBGene00198142.,0,55,55
WBGene00198143.,0,0,0
WBGene00198144.,0,0,0
WBGene00198145.,0,4,4
WBGene00198146.,0,0,0
WBGene00198147.,0,0,0
WBGene00198148.,0,0,0
WBGene00198149.,0,4,4
WBGene00198150.,0,2,2
WBGene00198151.,0,1,1
WBGene00198152.,0,2,2
WBGene00198153.,0,19,19
WBGene00198154.,0,1,1
WBGene00198155.,0,2,2
WBGene00198156.,0,1,1
WBGene00198157.,0,2,2
WBGene00198158.,0,2,2
WBGene00198159.,0,3,3
WBGene00198160.,0,1,1
WBGene00198161.,0,0,0
WBGene00198162.,0,14,14
WBGene00198163.,0,0,0
WBGene00198164.,0,0,0
WBGene00198165.,0,0,0
WBGene00198166.,0,0,0
WBGene00198167.,0,4,4
WBGene00198168.,0,0,0
WBGene00198169.,0,19,19
WBGene00198170.,0,0,0
WBGene00198171.,0,13,13
WBGene00198172.,0,0,0
WBGene00198173.,0,3,3
WBGene00198174.,0,50,50
WBGene00198175.,0,4,4
WBGene00198176.,0,3,3
WBGene00198177.,0,0,0
WBGene00198178.,0,11,11
WBGene00198179.,0,0,0
WBGene00198180.,0,2,2
WBGene00198181.,0,3,3
WBGene00198182.,0,24,24
WBGene00198183.,0,8,8
WBGene00198184.,0,4,4
WBGene00198185.,0,0,0
WBGene00198186.,0,0,0
WBGene00198187.,0,4,4
WBGene00198188.,0,5,5
WBGene00198189.,0,0,0
WBGene00198190.,0,0,0
WBGene00198191.,0,2,2
WBGene00198192.,0,3,3
WBGene00198193.,0,3,3
WBGene00198194.,0,1,1
WBGene00198195.,0,0,0
WBGene00198196.,0,0,0
WBGene00198197.,0,0,0
WBGene00198198.,0,0,0
WBGene00198199.,0,0,0
WBGene00198200.,0,3,3
WBGene00198201.,0,0,0
WBGene00198202.,0,0,0
WBGene00198203.,0,2,2
WBGene00198204.,0,0,0
WBGene00198205.,0,0,0
WBGene00198206.,0,0,0
WBGene00198207.,0,2,2
WBGene00198208.,0,0,0
WBGene00198209.,0,10,10
WBGene00198210.,0,4,4
WBGene00198211.,0,1,1
WBGene00198212.,0,2,2
WBGene00198213.,0,8,8
WBGene00198214.,0,46,46
WBGene00198215.,0,13,13
WBGene00198216.,0,38,38
WBGene00198217.,0,0,0
WBGene00198218.,0,5,5
WBGene00198219.,0,0,0
WBGene00198220.,0,0,0
WBGene00198221.,0,0,0
WBGene00198222.,0,0,0
WBGene00198223.,0,0,0
WBGene00198224.,0,9,9
WBGene00198225.,0,53,53
WBGene00198226.,0,7,7
WBGene00198227.,0,1,1
WBGene00198228.,0,1,1
WBGene00198229.,0,8,8
WBGene00198230.,0,3,3
WBGene00198231.,0,0,0
WBGene00198232.,0,3,3
WBGene00198233.,0,1,1
WBGene00198234.,0,27,27
WBGene00198235.,0,0,0
WBGene00198236.,0,1,1
WBGene00198237.,0,0,0
WBGene00198238.,0,0,0
WBGene00198239.,0,0,0
WBGene00198240.,0,2,2
WBGene00198241.,0,12,12
WBGene00198242.,0,55,55
WBGene00198243.,0,0,0
WBGene00198244.,0,6,6
WBGene00198245.,0,0,0
WBGene00198246.,0,5,5
WBGene00198247.,0,1,1
WBGene00198248.,0,0,0
WBGene00198249.,0,3,3
WBGene00198250.,0,1,1
WBGene00198251.,0,1,1
WBGene00198252.,0,0,0
WBGene00198253.,0,0,0
WBGene00198254.,0,0,0
WBGene00198255.,0,0,0
WBGene00198256.,0,4,4
WBGene00198257.,0,11,11
WBGene00198258.,0,6,6
WBGene00198259.,0,0,0
WBGene00198260.,0,3,3
WBGene00198261.,0,0,0
WBGene00198262.,0,20,20
WBGene00198263.,0,4,4
WBGene00198264.,0,0,0
WBGene00198265.,0,0,0
WBGene00198266.,0,0,0
WBGene00198267.,0,0,0
WBGene00198268.,0,2,2
WBGene00198269.,0,1,1
WBGene00198270.,0,11,11
WBGene00198271.,0,0,0
WBGene00198272.,0,0,0
WBGene00198273.,0,1,1
WBGene00198274.,0,0,0
WBGene00198275.,0,0,0
WBGene00198276.,0,0,0
WBGene00198277.,0,13,13
WBGene00198278.,0,2,2
WBGene00198279.,0,3,3
WBGene00198280.,0,4,4
WBGene00198281.,0,4,4
WBGene00198282.,0,1,1
WBGene00198283.,0,0,0
WBGene00198284.,0,0,0
WBGene00198285.,0,0,0
WBGene00198286.,0,2,2
WBGene00198287.,0,15,15
WBGene00198288.,0,0,0
WBGene00198289.,0,0,0
WBGene00198290.,0,7,7
WBGene00198291.,0,0,0
WBGene00198292.,0,7,7
WBGene00198293.,0,1,1
WBGene00198294.,0,0,0
WBGene00198295.,0,0,0
WBGene00198296.,0,0,0
WBGene00198297.,0,0,0
WBGene00198298.,0,2,2
WBGene00198299.,0,1,1
WBGene00198300.,0,219,219
WBGene00198301.,0,3,3
WBGene00198302.,0,0,0
WBGene00198303.,0,4,4
WBGene00198304.,0,9,9
WBGene00198305.,0,0,0
WBGene00198306.,0,4,4
WBGene00198307.,0,40,40
WBGene00198308.,0,3,3
WBGene00198309.,0,0,0
WBGene00198310.,0,2,2
WBGene00198311.,0,10,10
WBGene00198312.,0,12,12
WBGene00198313.,0,0,0
WBGene00198314.,0,5,5
WBGene00198315.,0,80,80
WBGene00198316.,0,4,4
WBGene00198317.,0,0,0
WBGene00198318.,0,0,0
WBGene00198319.,0,0,0
WBGene00198320.,0,15,15
WBGene00198321.,0,0,0
WBGene00198322.,0,0,0
WBGene00198323.,0,0,0
WBGene00198324.,0,3,3
WBGene00198325.,0,1,1
WBGene00198326.,0,40,40
WBGene00198327.,0,2,2
WBGene00198328.,0,0,0
WBGene00198329.,0,0,0
WBGene00198330.,0,0,0
WBGene00198331.,0,5,5
WBGene00198332.,0,2,2
WBGene00198333.,0,0,0
WBGene00198334.,0,1,1
WBGene00198335.,0,0,0
WBGene00198336.,0,1,1
WBGene00198337.,0,2,2
WBGene00198338.,0,1,1
WBGene00198339.,0,0,0
WBGene00198340.,0,1,1
WBGene00198341.,0,6,6
WBGene00198342.,0,0,0
WBGene00198343.,0,0,0
WBGene00198344.,0,11,11
WBGene00198345.,0,0,0
WBGene00198346.,0,1,1
WBGene00198347.,0,0,0
WBGene00198348.,0,2,2
WBGene00198349.,0,1,1
WBGene00198350.,0,10,10
WBGene00198351.,0,2,2
WBGene00198352.,0,0,0
WBGene00198353.,0,0,0
WBGene00198354.,0,2,2
WBGene00198355.,0,1,1
WBGene00198356.,0,2,2
WBGene00198357.,0,0,0
WBGene00198358.,0,0,0
WBGene00198359.,0,0,0
WBGene00198360.,0,1,1
WBGene00198361.,0,1,1
WBGene00198362.,0,0,0
WBGene00198363.,0,0,0
WBGene00198364.,0,22,22
WBGene00198365.,0,51,51
WBGene00198366.,0,5,5
WBGene00198367.,0,2,2
WBGene00198368.,0,33,33
WBGene00198369.,0,0,0
WBGene00198370.,0,10,10
WBGene00198371.,0,0,0
WBGene00198372.,0,3,3
WBGene00198373.,0,1,1
WBGene00198374.,0,0,0
WBGene00198375.,0,0,0
WBGene00198376.,0,0,0
WBGene00198377.,0,0,0
WBGene00198378.,0,0,0
WBGene00198379.,0,3,3
WBGene00198380.,0,1,1
WBGene00198381.,0,5,5
WBGene00198382.,0,0,0
WBGene00198383.,0,7,7
WBGene00198384.,0,0,0
WBGene00198385.,0,11,11
WBGene00198386.,1,5,6
WBGene00198387.,0,1,1
WBGene00198388.,0,0,0
WBGene00198389.,0,0,0
WBGene00198390.,0,0,0
WBGene00198391.,0,0,0
WBGene00198392.,0,0,0
WBGene00198393.,0,24,24
WBGene00198394.,0,13,13
WBGene00198395.,0,0,0
WBGene00198396.,0,2,2
WBGene00198397.,0,2,2
WBGene00198398.,0,1,1
WBGene00198399.,0,23,23
WBGene00198400.,0,0,0
WBGene00198401.,0,8,8
WBGene00198402.,0,3,3
WBGene00198403.,0,0,0
WBGene00198404.,0,7,7
WBGene00198405.,0,0,0
WBGene00198406.,0,0,0
WBGene00198407.,0,0,0
WBGene00198408.,0,0,0
WBGene00198409.,0,3,3
WBGene00198410.,0,0,0
WBGene00198411.,0,0,0
WBGene00198412.,0,0,0
WBGene00198413.,0,1,1
WBGene00198414.,0,9,9
WBGene00198415.,0,0,0
WBGene00198416.,0,0,0
WBGene00198417.,0,0,0
WBGene00198418.,0,0,0
WBGene00198419.,0,7,7
WBGene00198420.,0,0,0
WBGene00198421.,0,0,0
WBGene00198422.,0,0,0
WBGene00198423.,0,4,4
WBGene00198424.,0,0,0
WBGene00198425.,0,1,1
WBGene00198426.,0,29,29
WBGene00198427.,0,0,0
WBGene00198428.,0,0,0
WBGene00198429.,0,50,50
WBGene00198430.,0,1,1
WBGene00198431.,0,1,1
WBGene00198432.,0,0,0
WBGene00198433.,0,1,1
WBGene00198434.,0,0,0
WBGene00198435.,0,0,0
WBGene00198436.,0,4,4
WBGene00198437.,0,3,3
WBGene00198438.,0,1,1
WBGene00198439.,0,0,0
WBGene00198440.,0,3,3
WBGene00198441.,0,6,6
WBGene00198442.,0,0,0
WBGene00198443.,0,0,0
WBGene00198444.,0,2,2
WBGene00198445.,0,0,0
WBGene00198446.,0,0,0
WBGene00198447.,0,0,0
WBGene00198448.,0,0,0
WBGene00198449.,0,1,1
WBGene00198450.,0,2,2
WBGene00198451.,0,0,0
WBGene00198452.,0,0,0
WBGene00198453.,0,0,0
WBGene00198454.,0,0,0
WBGene00198455.,0,1,1
WBGene00198456.,0,1,1
WBGene00198457.,0,2,2
WBGene00198458.,0,0,0
WBGene00198459.,0,0,0
WBGene00198460.,0,4,4
WBGene00198461.,0,0,0
WBGene00198462.,0,0,0
WBGene00198463.,0,0,0
WBGene00198464.,0,2,2
WBGene00198465.,0,10,10
WBGene00198466.,0,18,18
WBGene00198467.,0,3,3
WBGene00198468.,0,64,64
WBGene00198469.,0,0,0
WBGene00198470.,0,41,41
WBGene00198471.,0,0,0
WBGene00198472.,0,7,7
WBGene00198473.,0,0,0
WBGene00198474.,0,4,4
WBGene00198475.,0,0,0
WBGene00198476.,0,6,6
WBGene00198477.,0,4,4
WBGene00198478.,0,1,1
WBGene00198479.,0,3,3
WBGene00198480.,0,3,3
WBGene00198481.,0,0,0
WBGene00198482.,0,2,2
WBGene00198483.,0,0,0
WBGene00198484.,0,1,1
WBGene00198485.,0,8,8
WBGene00198486.,0,0,0
WBGene00198487.,0,0,0
WBGene00198488.,0,1,1
WBGene00198489.,0,7,7
WBGene00198490.,0,4,4
WBGene00198491.,0,17,17
WBGene00198492.,0,5,5
WBGene00198493.,0,2,2
WBGene00198494.,0,0,0
WBGene00198495.,0,0,0
WBGene00198496.,0,1,1
WBGene00198497.,0,5,5
WBGene00198498.,0,0,0
WBGene00198499.,0,8,8
WBGene00198500.,0,0,0
WBGene00198501.,0,0,0
WBGene00198502.,0,0,0
WBGene00198503.,0,1,1
WBGene00198504.,0,0,0
WBGene00198505.,0,0,0
WBGene00198506.,0,28,28
WBGene00198507.,0,0,0
WBGene00198508.,0,0,0
WBGene00198509.,0,0,0
WBGene00198510.,0,0,0
WBGene00198511.,0,2,2
WBGene00198512.,0,13,13
WBGene00198513.,0,1,1
WBGene00198514.,0,0,0
WBGene00198515.,0,25,25
WBGene00198516.,0,1,1
WBGene00198517.,0,4,4
WBGene00198518.,0,0,0
WBGene00198519.,0,7,7
WBGene00198520.,0,12,12
WBGene00198521.,0,1,1
WBGene00198522.,0,0,0
WBGene00198523.,0,41,41
WBGene00198524.,0,0,0
WBGene00198525.,0,1,1
WBGene00198526.,0,1,1
WBGene00198527.,0,1,1
WBGene00198528.,0,1,1
WBGene00198529.,0,3,3
WBGene00198530.,0,17,17
WBGene00198531.,0,1,1
WBGene00198532.,0,3,3
WBGene00198533.,0,0,0
WBGene00198534.,0,25,25
WBGene00198535.,0,5,5
WBGene00198536.,0,14,14
WBGene00198537.,0,2,2
WBGene00198538.,0,0,0
WBGene00198539.,0,0,0
WBGene00198540.,0,1,1
WBGene00198541.,0,7,7
WBGene00198542.,0,6,6
WBGene00198543.,0,1,1
WBGene00198544.,0,0,0
WBGene00198545.,0,0,0
WBGene00198546.,0,0,0
WBGene00198547.,0,0,0
WBGene00198548.,0,0,0
WBGene00198549.,0,1,1
WBGene00198550.,0,21,21
WBGene00198551.,0,10,10
WBGene00198552.,0,0,0
WBGene00198553.,0,0,0
WBGene00198554.,0,5,5
WBGene00198555.,0,0,0
WBGene00198556.,0,0,0
WBGene00198557.,0,0,0
WBGene00198558.,0,100,100
WBGene00198559.,0,0,0
WBGene00198560.,0,0,0
WBGene00198561.,0,0,0
WBGene00198562.,0,1,1
WBGene00198563.,0,7,7
WBGene00198564.,0,0,0
WBGene00198565.,0,2,2
WBGene00198566.,0,1,1
WBGene00198567.,0,0,0
WBGene00198568.,0,12,12
WBGene00198569.,0,1,1
WBGene00198570.,0,0,0
WBGene00198571.,0,0,0
WBGene00198572.,0,0,0
WBGene00198573.,0,0,0
WBGene00198574.,0,1,1
WBGene00198575.,0,44,44
WBGene00198576.,0,4,4
WBGene00198577.,0,0,0
WBGene00198578.,0,0,0
WBGene00198579.,0,4,4
WBGene00198580.,0,0,0
WBGene00198581.,0,4,4
WBGene00198582.,0,5,5
WBGene00198583.,0,2,2
WBGene00198584.,0,0,0
WBGene00198585.,0,10,10
WBGene00198586.,0,2,2
WBGene00198587.,0,3,3
WBGene00198588.,0,0,0
WBGene00198589.,0,0,0
WBGene00198590.,0,0,0
WBGene00198591.,0,3,3
WBGene00198592.,0,0,0
WBGene00198593.,0,7,7
WBGene00198594.,0,3,3
WBGene00198595.,0,0,0
WBGene00198596.,0,77,77
WBGene00198597.,0,0,0
WBGene00198598.,0,23,23
WBGene00198599.,0,3,3
WBGene00198600.,0,2,2
WBGene00198601.,0,2,2
WBGene00198602.,0,1,1
WBGene00198603.,0,1,1
WBGene00198604.,0,1,1
WBGene00198605.,0,0,0
WBGene00198606.,0,0,0
WBGene00198607.,0,3,3
WBGene00198608.,0,16,16
WBGene00198609.,0,0,0
WBGene00198610.,0,0,0
WBGene00198611.,0,0,0
WBGene00198612.,0,0,0
WBGene00198613.,0,1,1
WBGene00198614.,0,0,0
WBGene00198615.,0,0,0
WBGene00198616.,0,0,0
WBGene00198617.,0,3,3
WBGene00198618.,0,9,9
WBGene00198619.,0,0,0
WBGene00198620.,0,0,0
WBGene00198621.,0,137,137
WBGene00198622.,0,0,0
WBGene00198623.,0,2,2
WBGene00198624.,0,0,0
WBGene00198625.,0,0,0
WBGene00198626.,0,0,0
WBGene00198627.,0,3,3
WBGene00198628.,0,0,0
WBGene00198629.,0,1,1
WBGene00198630.,0,0,0
WBGene00198631.,0,20,20
WBGene00198632.,0,13,13
WBGene00198633.,0,8,8
WBGene00198634.,0,53,53
WBGene00198635.,0,0,0
WBGene00198636.,0,0,0
WBGene00198637.,0,28,28
WBGene00198638.,0,5,5
WBGene00198639.,0,0,0
WBGene00198640.,0,2,2
WBGene00198641.,0,21,21
WBGene00198642.,0,132,132
WBGene00198643.,0,1,1
WBGene00198644.,0,0,0
WBGene00198645.,0,27,27
WBGene00198646.,0,9,9
WBGene00198647.,0,0,0
WBGene00198648.,0,5,5
WBGene00198649.,0,0,0
WBGene00198650.,0,15,15
WBGene00198651.,0,0,0
WBGene00198652.,0,0,0
WBGene00198653.,0,0,0
WBGene00198654.,0,0,0
WBGene00198655.,0,3,3
WBGene00198656.,0,0,0
WBGene00198657.,0,0,0
WBGene00198658.,0,30,30
WBGene00198659.,0,1,1
WBGene00198660.,0,1,1
WBGene00198661.,0,0,0
WBGene00198662.,0,19,19
WBGene00198663.,0,0,0
WBGene00198664.,0,5,5
WBGene00198665.,0,2,2
WBGene00198666.,0,0,0
WBGene00198667.,0,0,0
WBGene00198668.,0,11,11
WBGene00198669.,0,0,0
WBGene00198670.,0,1,1
WBGene00198671.,0,0,0
WBGene00198672.,0,2,2
WBGene00198673.,0,0,0
WBGene00198674.,0,1,1
WBGene00198675.,0,1,1
WBGene00198676.,0,0,0
WBGene00198677.,0,2,2
WBGene00198678.,0,0,0
WBGene00198679.,0,8,8
WBGene00198680.,0,0,0
WBGene00198681.,0,0,0
WBGene00198682.,0,0,0
WBGene00198683.,0,7,7
WBGene00198684.,0,0,0
WBGene00198685.,0,3,3
WBGene00198686.,0,8,8
WBGene00198687.,0,0,0
WBGene00198688.,0,4,4
WBGene00198689.,0,0,0
WBGene00198690.,0,0,0
WBGene00198691.,0,0,0
WBGene00198692.,0,4,4
WBGene00198693.,0,0,0
WBGene00198694.,0,0,0
WBGene00198695.,0,0,0
WBGene00198696.,0,4,4
WBGene00198697.,0,30,30
WBGene00198698.,0,0,0
WBGene00198699.,0,0,0
WBGene00198700.,0,0,0
WBGene00198701.,0,7,7
WBGene00198702.,0,0,0
WBGene00198703.,0,4,4
WBGene00198704.,0,3,3
WBGene00198705.,0,0,0
WBGene00198706.,0,9,9
WBGene00198707.,0,0,0
WBGene00198708.,0,0,0
WBGene00198709.,0,17,17
WBGene00198710.,0,0,0
WBGene00198711.,0,0,0
WBGene00198712.,0,0,0
WBGene00198713.,0,11,11
WBGene00198714.,0,3,3
WBGene00198715.,0,0,0
WBGene00198716.,0,5,5
WBGene00198717.,0,0,0
WBGene00198718.,0,10,10
WBGene00198719.,0,0,0
WBGene00198720.,0,0,0
WBGene00198721.,0,11,11
WBGene00198722.,0,1,1
WBGene00198723.,0,0,0
WBGene00198724.,0,4,4
WBGene00198725.,0,0,0
WBGene00198726.,0,1,1
WBGene00198727.,0,0,0
WBGene00198728.,0,12,12
WBGene00198729.,0,0,0
WBGene00198730.,0,0,0
WBGene00198731.,0,3,3
WBGene00198732.,0,2,2
WBGene00198733.,0,5,5
WBGene00198734.,0,0,0
WBGene00198735.,0,0,0
WBGene00198736.,0,0,0
WBGene00198737.,0,11,11
WBGene00198738.,0,2,2
WBGene00198739.,0,8,8
WBGene00198740.,0,3,3
WBGene00198741.,0,1,1
WBGene00198742.,0,2,2
WBGene00198743.,0,0,0
WBGene00198744.,0,2,2
WBGene00198745.,0,0,0
WBGene00198746.,0,6,6
WBGene00198747.,0,1,1
WBGene00198748.,0,6,6
WBGene00198749.,0,11,11
WBGene00198750.,0,0,0
WBGene00198751.,0,0,0
WBGene00198752.,0,0,0
WBGene00198753.,0,19,19
WBGene00198754.,0,0,0
WBGene00198755.,0,0,0
WBGene00198756.,0,23,23
WBGene00198757.,0,0,0
WBGene00198758.,0,0,0
WBGene00198759.,0,7,7
WBGene00198760.,0,0,0
WBGene00198761.,0,0,0
WBGene00198762.,0,0,0
WBGene00198763.,0,0,0
WBGene00198764.,0,1,1
WBGene00198765.,0,0,0
WBGene00198766.,0,0,0
WBGene00198767.,0,1,1
WBGene00198768.,0,4,4
WBGene00198769.,0,0,0
WBGene00198770.,0,0,0
WBGene00198771.,0,3,3
WBGene00198772.,0,0,0
WBGene00198773.,0,0,0
WBGene00198774.,0,3,3
WBGene00198775.,0,1,1
WBGene00198776.,0,0,0
WBGene00198777.,0,0,0
WBGene00198778.,0,0,0
WBGene00198779.,0,1,1
WBGene00198780.,0,0,0
WBGene00198781.,0,0,0
WBGene00198782.,0,27,27
WBGene00198783.,0,0,0
WBGene00198784.,0,0,0
WBGene00198785.,0,0,0
WBGene00198786.,0,4,4
WBGene00198787.,0,1,1
WBGene00198788.,0,0,0
WBGene00198789.,0,0,0
WBGene00198790.,0,2,2
WBGene00198791.,0,0,0
WBGene00198792.,0,1,1
WBGene00198793.,0,0,0
WBGene00198794.,0,0,0
WBGene00198795.,0,3,3
WBGene00198796.,0,0,0
WBGene00198797.,0,2,2
WBGene00198798.,0,3,3
WBGene00198799.,0,5,5
WBGene00198800.,0,0,0
WBGene00198801.,0,1,1
WBGene00198802.,0,1,1
WBGene00198803.,0,6,6
WBGene00198804.,0,40,40
WBGene00198805.,0,0,0
WBGene00198806.,0,0,0
WBGene00198807.,0,0,0
WBGene00198808.,0,1,1
WBGene00198809.,0,5,5
WBGene00198810.,0,73,73
WBGene00198811.,0,5,5
WBGene00198812.,0,0,0
WBGene00198813.,0,0,0
WBGene00198814.,0,50342,50342
WBGene00198815.,0,0,0
WBGene00198816.,0,0,0
WBGene00198817.,0,0,0
WBGene00198818.,0,0,0
WBGene00198819.,0,5,5
WBGene00198820.,0,4,4
WBGene00198821.,0,0,0
WBGene00198822.,0,4,4
WBGene00198823.,0,0,0
WBGene00198824.,0,0,0
WBGene00198825.,0,0,0
WBGene00198826.,0,13,13
WBGene00198827.,0,18,18
WBGene00198828.,0,1,1
WBGene00198829.,0,0,0
WBGene00198830.,0,3,3
WBGene00198831.,0,8,8
WBGene00198832.,0,0,0
WBGene00198833.,0,0,0
WBGene00198834.,0,2,2
WBGene00198835.,0,0,0
WBGene00198836.,0,4,4
WBGene00198837.,0,0,0
WBGene00198838.,0,0,0
WBGene00198839.,0,0,0
WBGene00198840.,0,2,2
WBGene00198841.,0,1,1
WBGene00198842.,0,0,0
WBGene00198843.,0,1,1
WBGene00198844.,0,1,1
WBGene00198845.,0,0,0
WBGene00198846.,0,0,0
WBGene00198847.,0,1,1
WBGene00198848.,0,0,0
WBGene00198849.,0,1,1
WBGene00198850.,0,0,0
WBGene00198851.,0,5,5
WBGene00198852.,0,32,32
WBGene00198853.,0,24,24
WBGene00198854.,0,2,2
WBGene00198855.,0,3,3
WBGene00198856.,0,12,12
WBGene00198857.,0,1,1
WBGene00198858.,0,15,15
WBGene00198859.,0,0,0
WBGene00198860.,0,1,1
WBGene00198861.,0,0,0
WBGene00198862.,0,1,1
WBGene00198863.,0,4,4
WBGene00198864.,0,4,4
WBGene00198865.,0,0,0
WBGene00198866.,0,0,0
WBGene00198867.,0,0,0
WBGene00198868.,0,1,1
WBGene00198869.,0,0,0
WBGene00198870.,0,1,1
WBGene00198871.,0,0,0
WBGene00198872.,0,0,0
WBGene00198873.,0,0,0
WBGene00198874.,0,0,0
WBGene00198875.,0,0,0
WBGene00198876.,0,0,0
WBGene00198877.,0,0,0
WBGene00198878.,0,0,0
WBGene00198879.,0,0,0
WBGene00198880.,0,1,1
WBGene00198881.,0,4,4
WBGene00198882.,0,12,12
WBGene00198883.,0,0,0
WBGene00198884.,0,0,0
WBGene00198885.,0,23,23
WBGene00198886.,0,0,0
WBGene00198887.,0,12,12
WBGene00198888.,0,0,0
WBGene00198889.,0,0,0
WBGene00198890.,0,26,26
WBGene00198891.,0,0,0
WBGene00198892.,0,2,2
WBGene00198893.,0,0,0
WBGene00198894.,0,0,0
WBGene00198895.,0,9,9
WBGene00198896.,0,4,4
WBGene00198897.,0,5,5
WBGene00198898.,0,5,5
WBGene00198899.,0,1,1
WBGene00198900.,0,0,0
WBGene00198901.,0,3,3
WBGene00198902.,0,0,0
WBGene00198903.,0,0,0
WBGene00198904.,0,8,8
WBGene00198905.,0,47,47
WBGene00198906.,0,0,0
WBGene00198907.,0,9,9
WBGene00198908.,0,2,2
WBGene00198909.,0,0,0
WBGene00198910.,0,1,1
WBGene00198911.,0,1,1
WBGene00198912.,0,1,1
WBGene00198913.,0,0,0
WBGene00198914.,0,2,2
WBGene00198915.,0,1,1
WBGene00198916.,0,7,7
WBGene00198917.,0,1,1
WBGene00198918.,0,1,1
WBGene00198919.,0,0,0
WBGene00198920.,0,1,1
WBGene00198921.,0,0,0
WBGene00198922.,0,2,2
WBGene00198923.,0,0,0
WBGene00198924.,0,0,0
WBGene00198925.,0,0,0
WBGene00198926.,0,9,9
WBGene00198927.,0,17,17
WBGene00198928.,0,2,2
WBGene00198929.,0,36,36
WBGene00198930.,0,0,0
WBGene00198931.,0,2,2
WBGene00198932.,0,0,0
WBGene00198933.,0,1,1
WBGene00198934.,0,4,4
WBGene00198935.,0,8,8
WBGene00198936.,0,1,1
WBGene00198937.,0,0,0
WBGene00198938.,0,2,2
WBGene00198939.,0,0,0
WBGene00198940.,0,1,1
WBGene00198941.,0,3,3
WBGene00198942.,0,0,0
WBGene00198943.,0,0,0
WBGene00198944.,0,0,0
WBGene00198945.,0,11,11
WBGene00198946.,0,2,2
WBGene00198947.,0,0,0
WBGene00198948.,0,0,0
WBGene00198949.,0,0,0
WBGene00198950.,0,1,1
WBGene00198951.,0,3,3
WBGene00198952.,0,0,0
WBGene00198953.,0,1,1
WBGene00198954.,0,20,20
WBGene00198955.,0,11,11
WBGene00198956.,0,1,1
WBGene00198957.,0,0,0
WBGene00198958.,0,3,3
WBGene00198959.,0,21,21
WBGene00198960.,0,0,0
WBGene00198961.,0,3,3
WBGene00198962.,0,2,2
WBGene00198963.,0,3,3
WBGene00198964.,0,3,3
WBGene00198965.,0,10,10
WBGene00198966.,0,0,0
WBGene00198967.,0,0,0
WBGene00198968.,0,0,0
WBGene00198969.,0,0,0
WBGene00198970.,0,0,0
WBGene00198971.,0,0,0
WBGene00198972.,0,1,1
WBGene00198973.,0,0,0
WBGene00198974.,0,1,1
WBGene00198975.,0,23,23
WBGene00198976.,0,0,0
WBGene00198977.,0,6,6
WBGene00198978.,0,0,0
WBGene00198979.,0,1,1
WBGene00198980.,0,1,1
WBGene00198981.,0,0,0
WBGene00198982.,0,0,0
WBGene00198983.,0,0,0
WBGene00198984.,0,6,6
WBGene00198985.,0,0,0
WBGene00198986.,0,11,11
WBGene00198987.,0,3,3
WBGene00198988.,0,0,0
WBGene00198989.,0,41,41
WBGene00198990.,0,0,0
WBGene00198991.,0,5,5
WBGene00198992.,0,1,1
WBGene00198993.,0,0,0
WBGene00198994.,0,4,4
WBGene00198995.,0,0,0
WBGene00198996.,0,1,1
WBGene00198997.,0,0,0
WBGene00198998.,0,0,0
WBGene00198999.,0,0,0
WBGene00199000.,0,1,1
WBGene00199001.,0,0,0
WBGene00199002.,0,34,34
WBGene00199003.,0,0,0
WBGene00199004.,0,0,0
WBGene00199005.,0,0,0
WBGene00199006.,0,0,0
WBGene00199007.,0,1,1
WBGene00199008.,0,5,5
WBGene00199009.,0,0,0
WBGene00199010.,0,0,0
WBGene00199011.,0,6,6
WBGene00199012.,0,1,1
WBGene00199013.,0,0,0
WBGene00199014.,0,0,0
WBGene00199015.,0,7,7
WBGene00199016.,0,120,120
WBGene00199017.,0,0,0
WBGene00199018.,0,1,1
WBGene00199019.,0,2,2
WBGene00199020.,0,1,1
WBGene00199021.,0,0,0
WBGene00199022.,0,25,25
WBGene00199023.,0,0,0
WBGene00199024.,0,18,18
WBGene00199025.,0,0,0
WBGene00199026.,0,0,0
WBGene00199027.,0,0,0
WBGene00199028.,0,0,0
WBGene00199029.,0,1,1
WBGene00199030.,0,0,0
WBGene00199031.,0,11,11
WBGene00199032.,0,2,2
WBGene00199033.,0,1,1
WBGene00199034.,0,0,0
WBGene00199035.,0,0,0
WBGene00199036.,0,12,12
WBGene00199037.,0,1,1
WBGene00199038.,0,0,0
WBGene00199039.,0,1,1
WBGene00199040.,0,13,13
WBGene00199041.,0,12,12
WBGene00199042.,0,0,0
WBGene00199043.,0,29,29
WBGene00199044.,0,0,0
WBGene00199045.,0,0,0
WBGene00199046.,0,0,0
WBGene00199047.,0,0,0
WBGene00199048.,0,0,0
WBGene00199049.,0,0,0
WBGene00199050.,0,0,0
WBGene00199051.,0,219,219
WBGene00199052.,0,0,0
WBGene00199053.,0,7,7
WBGene00199054.,0,8,8
WBGene00199055.,0,0,0
WBGene00199056.,0,0,0
WBGene00199057.,0,0,0
WBGene00199058.,0,0,0
WBGene00199059.,0,15,15
WBGene00199060.,0,9,9
WBGene00199061.,0,0,0
WBGene00199062.,0,1,1
WBGene00199063.,0,4,4
WBGene00199064.,0,0,0
WBGene00199065.,0,0,0
WBGene00199066.,0,1,1
WBGene00199067.,0,0,0
WBGene00199068.,0,6,6
WBGene00199069.,0,0,0
WBGene00199070.,0,2,2
WBGene00199071.,0,0,0
WBGene00199072.,0,0,0
WBGene00199073.,0,0,0
WBGene00199074.,0,0,0
WBGene00199075.,0,4,4
WBGene00199076.,0,0,0
WBGene00199077.,0,5,5
WBGene00199078.,0,0,0
WBGene00199079.,0,0,0
WBGene00199080.,0,4,4
WBGene00199081.,0,0,0
WBGene00199082.,0,0,0
WBGene00199083.,0,10,10
WBGene00199084.,0,1,1
WBGene00199085.,0,5,5
WBGene00199086.,0,0,0
WBGene00199087.,0,6,6
WBGene00199088.,0,3,3
WBGene00199089.,0,2,2
WBGene00199090.,0,0,0
WBGene00199091.,0,17,17
WBGene00199092.,0,1,1
WBGene00199093.,0,17,17
WBGene00199094.,0,0,0
WBGene00199095.,0,5,5
WBGene00199096.,0,16,16
WBGene00199097.,0,1,1
WBGene00199098.,0,0,0
WBGene00199099.,0,0,0
WBGene00199100.,0,15,15
WBGene00199101.,0,0,0
WBGene00199102.,0,12,12
WBGene00199103.,0,0,0
WBGene00199104.,0,13,13
WBGene00199105.,0,0,0
WBGene00199106.,0,1,1
WBGene00199107.,0,0,0
WBGene00199108.,0,0,0
WBGene00199109.,0,0,0
WBGene00199110.,0,35,35
WBGene00199111.,0,0,0
WBGene00199112.,0,37,37
WBGene00199113.,0,0,0
WBGene00199114.,0,13,13
WBGene00199115.,0,33,33
WBGene00199116.,0,2,2
WBGene00199117.,0,0,0
WBGene00199118.,0,0,0
WBGene00199119.,0,0,0
WBGene00199120.,0,0,0
WBGene00199121.,0,1,1
WBGene00199122.,0,1,1
WBGene00199123.,0,2,2
WBGene00199124.,0,0,0
WBGene00199125.,0,2,2
WBGene00199126.,0,10,10
WBGene00199127.,0,19,19
WBGene00199128.,0,2,2
WBGene00199129.,0,0,0
WBGene00199130.,0,0,0
WBGene00199131.,0,0,0
WBGene00199132.,0,28,28
WBGene00199133.,0,0,0
WBGene00199134.,0,1,1
WBGene00199135.,0,4,4
WBGene00199136.,0,1,1
WBGene00199137.,0,3,3
WBGene00199138.,0,0,0
WBGene00199139.,0,3,3
WBGene00199140.,0,2,2
WBGene00199141.,0,3,3
WBGene00199142.,0,3,3
WBGene00199143.,0,1,1
WBGene00199144.,0,0,0
WBGene00199145.,0,0,0
WBGene00199146.,0,0,0
WBGene00199147.,0,0,0
WBGene00199148.,0,3,3
WBGene00199149.,0,0,0
WBGene00199150.,0,2,2
WBGene00199151.,0,0,0
WBGene00199152.,0,0,0
WBGene00199153.,0,0,0
WBGene00199154.,0,1,1
WBGene00199155.,0,5,5
WBGene00199156.,0,4,4
WBGene00199157.,0,1,1
WBGene00199158.,0,9,9
WBGene00199159.,0,2,2
WBGene00199160.,0,1,1
WBGene00199161.,0,1,1
WBGene00199162.,0,0,0
WBGene00199163.,0,0,0
WBGene00199164.,0,0,0
WBGene00199165.,0,0,0
WBGene00199166.,0,32,32
WBGene00199167.,0,0,0
WBGene00199168.,0,0,0
WBGene00199169.,0,0,0
WBGene00199170.,0,0,0
WBGene00199171.,0,0,0
WBGene00199172.,0,0,0
WBGene00199173.,0,1,1
WBGene00199174.,0,2,2
WBGene00199175.,0,0,0
WBGene00199176.,0,0,0
WBGene00199177.,0,41,41
WBGene00199178.,0,0,0
WBGene00199179.,0,0,0
WBGene00199180.,0,28,28
WBGene00199181.,0,14,14
WBGene00199182.,0,0,0
WBGene00199183.,0,0,0
WBGene00199184.,0,6,6
WBGene00199185.,0,2,2
WBGene00199186.,0,0,0
WBGene00199187.,0,0,0
WBGene00199188.,0,0,0
WBGene00199189.,0,0,0
WBGene00199190.,0,1,1
WBGene00199191.,0,1,1
WBGene00199192.,0,0,0
WBGene00199193.,0,2,2
WBGene00199194.,0,24,24
WBGene00199195.,0,0,0
WBGene00199196.,0,1,1
WBGene00199197.,0,2,2
WBGene00199198.,0,6,6
WBGene00199199.,0,2,2
WBGene00199200.,0,4,4
WBGene00199201.,0,1,1
WBGene00199202.,0,0,0
WBGene00199203.,0,0,0
WBGene00199204.,0,0,0
WBGene00199205.,0,0,0
WBGene00199206.,0,2,2
WBGene00199207.,0,3,3
WBGene00199208.,0,3,3
WBGene00199209.,0,10,10
WBGene00199210.,0,0,0
WBGene00199211.,0,2,2
WBGene00199212.,0,6,6
WBGene00199213.,0,1,1
WBGene00199214.,0,0,0
WBGene00199215.,0,0,0
WBGene00199216.,0,0,0
WBGene00199217.,0,0,0
WBGene00199218.,0,4,4
WBGene00199219.,0,4,4
WBGene00199220.,0,0,0
WBGene00199221.,0,0,0
WBGene00199222.,0,10,10
WBGene00199223.,0,1,1
WBGene00199224.,0,0,0
WBGene00199225.,0,62,62
WBGene00199226.,0,0,0
WBGene00199227.,0,2,2
WBGene00199228.,0,0,0
WBGene00199229.,0,69,69
WBGene00199230.,0,0,0
WBGene00199231.,0,0,0
WBGene00199232.,0,0,0
WBGene00199233.,0,1,1
WBGene00199234.,0,0,0
WBGene00199235.,0,1,1
WBGene00199236.,0,0,0
WBGene00199237.,0,3,3
WBGene00199238.,0,6,6
WBGene00199239.,0,58,58
WBGene00199240.,0,0,0
WBGene00199241.,0,5,5
WBGene00199242.,0,31,31
WBGene00199243.,0,1,1
WBGene00199244.,0,0,0
WBGene00199245.,0,1,1
WBGene00199246.,0,2,2
WBGene00199247.,0,10,10
WBGene00199248.,0,0,0
WBGene00199249.,0,136,136
WBGene00199250.,0,1,1
WBGene00199251.,0,1,1
WBGene00199252.,0,17,17
WBGene00199253.,0,0,0
WBGene00199254.,0,0,0
WBGene00199255.,0,4,4
WBGene00199256.,0,2,2
WBGene00199257.,0,0,0
WBGene00199258.,0,35,35
WBGene00199259.,0,0,0
WBGene00199260.,0,2,2
WBGene00199261.,0,8,8
WBGene00199262.,0,0,0
WBGene00199263.,0,0,0
WBGene00199264.,0,0,0
WBGene00199265.,0,9,9
WBGene00199266.,0,0,0
WBGene00199267.,0,6,6
WBGene00199268.,0,0,0
WBGene00199269.,0,4,4
WBGene00199270.,0,1,1
WBGene00199271.,0,59,59
WBGene00199272.,0,2,2
WBGene00199273.,0,0,0
WBGene00199274.,0,44,44
WBGene00199275.,0,5,5
WBGene00199276.,0,2,2
WBGene00199277.,0,9,9
WBGene00199278.,0,13,13
WBGene00199279.,0,0,0
WBGene00199280.,0,1,1
WBGene00199281.,0,0,0
WBGene00199282.,0,0,0
WBGene00199283.,0,2,2
WBGene00199284.,0,1,1
WBGene00199285.,0,8,8
WBGene00199286.,0,0,0
WBGene00199287.,0,0,0
WBGene00199288.,0,0,0
WBGene00199289.,0,0,0
WBGene00199290.,0,0,0
WBGene00199291.,0,11,11
WBGene00199292.,0,7,7
WBGene00199293.,0,1,1
WBGene00199294.,0,1,1
WBGene00199295.,0,5,5
WBGene00199296.,0,9,9
WBGene00199297.,0,0,0
WBGene00199298.,0,1,1
WBGene00199299.,0,6,6
WBGene00199300.,0,0,0
WBGene00199301.,0,1,1
WBGene00199302.,0,2,2
WBGene00199303.,0,0,0
WBGene00199304.,0,6,6
WBGene00199305.,9,0,9
WBGene00199306.,0,15,15
WBGene00199307.,0,2,2
WBGene00199308.,0,6,6
WBGene00199309.,0,1,1
WBGene00199310.,0,16,16
WBGene00199311.,0,19,19
WBGene00199312.,0,38,38
WBGene00199313.,0,10,10
WBGene00199314.,0,0,0
WBGene00199315.,0,0,0
WBGene00199316.,0,0,0
WBGene00199317.,0,0,0
WBGene00199318.,0,11,11
WBGene00199319.,0,1,1
WBGene00199320.,0,0,0
WBGene00199321.,0,32,32
WBGene00199322.,0,0,0
WBGene00199323.,0,0,0
WBGene00199324.,0,2,2
WBGene00199325.,0,0,0
WBGene00199326.,0,0,0
WBGene00199327.,0,2,2
WBGene00199328.,0,3,3
WBGene00199329.,0,0,0
WBGene00199330.,0,0,0
WBGene00199331.,0,0,0
WBGene00199332.,0,0,0
WBGene00199333.,0,0,0
WBGene00199334.,0,7,7
WBGene00199335.,0,0,0
WBGene00199336.,0,77,77
WBGene00199337.,0,1,1
WBGene00199338.,0,0,0
WBGene00199339.,0,68,68
WBGene00199340.,0,0,0
WBGene00199341.,0,0,0
WBGene00199342.,0,3,3
WBGene00199343.,0,0,0
WBGene00199344.,0,2,2
WBGene00199345.,0,1,1
WBGene00199346.,0,0,0
WBGene00199347.,0,0,0
WBGene00199348.,0,3,3
WBGene00199349.,0,0,0
WBGene00199350.,0,7,7
WBGene00199351.,0,0,0
WBGene00199352.,0,1,1
WBGene00199353.,0,27,27
WBGene00199354.,0,0,0
WBGene00199355.,0,0,0
WBGene00199356.,0,2,2
WBGene00199357.,0,0,0
WBGene00199358.,0,0,0
WBGene00199359.,0,17,17
WBGene00199360.,0,16,16
WBGene00199361.,0,7,7
WBGene00199362.,0,3,3
WBGene00199363.,0,19,19
WBGene00199364.,0,4,4
WBGene00199365.,0,0,0
WBGene00199366.,0,0,0
WBGene00199367.,0,0,0
WBGene00199368.,0,4,4
WBGene00199369.,0,0,0
WBGene00199370.,0,10,10
WBGene00199371.,0,0,0
WBGene00199372.,0,12,12
WBGene00199373.,0,0,0
WBGene00199374.,0,21,21
WBGene00199375.,0,0,0
WBGene00199376.,0,1,1
WBGene00199377.,0,0,0
WBGene00199378.,0,0,0
WBGene00199379.,0,0,0
WBGene00199380.,0,1,1
WBGene00199381.,0,0,0
WBGene00199382.,0,7,7
WBGene00199383.,0,4,4
WBGene00199384.,0,0,0
WBGene00199385.,0,0,0
WBGene00199386.,0,4,4
WBGene00199387.,0,0,0
WBGene00199388.,0,0,0
WBGene00199389.,0,0,0
WBGene00199390.,0,0,0
WBGene00199391.,0,0,0
WBGene00199392.,0,5,5
WBGene00199393.,0,1,1
WBGene00199394.,0,0,0
WBGene00199395.,0,96,96
WBGene00199396.,0,8,8
WBGene00199397.,0,1,1
WBGene00199398.,0,9,9
WBGene00199399.,0,0,0
WBGene00199400.,0,0,0
WBGene00199401.,0,18,18
WBGene00199402.,0,8,8
WBGene00199403.,0,0,0
WBGene00199404.,0,60,60
WBGene00199405.,0,0,0
WBGene00199406.,0,0,0
WBGene00199407.,0,0,0
WBGene00199408.,0,0,0
WBGene00199409.,0,0,0
WBGene00199410.,0,19,19
WBGene00199411.,0,0,0
WBGene00199412.,0,0,0
WBGene00199413.,0,1,1
WBGene00199414.,0,11,11
WBGene00199415.,0,11,11
WBGene00199416.,0,25,25
WBGene00199417.,0,0,0
WBGene00199418.,0,1,1
WBGene00199419.,0,1,1
WBGene00199420.,0,0,0
WBGene00199421.,0,68,68
WBGene00199422.,0,1,1
WBGene00199423.,0,0,0
WBGene00199424.,0,0,0
WBGene00199425.,0,0,0
WBGene00199426.,0,0,0
WBGene00199427.,0,0,0
WBGene00199428.,0,0,0
WBGene00199429.,0,0,0
WBGene00199430.,0,2,2
WBGene00199431.,0,0,0
WBGene00199432.,0,0,0
WBGene00199433.,0,0,0
WBGene00199434.,0,50,50
WBGene00199435.,0,0,0
WBGene00199436.,0,1,1
WBGene00199437.,0,1,1
WBGene00199438.,0,0,0
WBGene00199439.,0,0,0
WBGene00199440.,0,21,21
WBGene00199441.,0,2,2
WBGene00199442.,0,1,1
WBGene00199443.,0,2,2
WBGene00199444.,0,0,0
WBGene00199445.,0,1,1
WBGene00199446.,0,0,0
WBGene00199447.,0,0,0
WBGene00199448.,0,4,4
WBGene00199449.,0,0,0
WBGene00199450.,0,2,2
WBGene00199451.,0,18,18
WBGene00199452.,0,0,0
WBGene00199453.,0,0,0
WBGene00199454.,0,0,0
WBGene00199455.,0,0,0
WBGene00199456.,0,0,0
WBGene00199457.,0,0,0
WBGene00199458.,0,5,5
WBGene00199459.,0,0,0
WBGene00199460.,0,3,3
WBGene00199461.,0,0,0
WBGene00199462.,0,70,70
WBGene00199463.,0,5,5
WBGene00199464.,0,12,12
WBGene00199465.,0,18,18
WBGene00199466.,0,10,10
WBGene00199467.,0,1,1
WBGene00199468.,0,1,1
WBGene00199469.,0,0,0
WBGene00199470.,0,0,0
WBGene00199471.,0,15,15
WBGene00199472.,0,0,0
WBGene00199473.,0,1,1
WBGene00199474.,0,1,1
WBGene00199475.,0,15,15
WBGene00199476.,0,26,26
WBGene00199477.,0,20,20
WBGene00199478.,0,9,9
WBGene00199479.,0,3,3
WBGene00199480.,0,5,5
WBGene00199481.,0,0,0
WBGene00199482.,0,0,0
WBGene00199483.,0,4,4
WBGene00199484.,0,2,2
WBGene00199485.,0,42,42
WBGene00199486.,0,13,13
WBGene00199487.,0,1,1
WBGene00199488.,0,5,5
WBGene00199489.,0,2,2
WBGene00199490.,0,0,0
WBGene00199491.,0,4,4
WBGene00199492.,0,0,0
WBGene00199493.,0,8,8
WBGene00199494.,0,6,6
WBGene00199495.,0,1,1
WBGene00199496.,0,0,0
WBGene00199497.,0,0,0
WBGene00199498.,0,1,1
WBGene00199499.,0,7,7
WBGene00199500.,0,13,13
WBGene00199501.,0,2,2
WBGene00199502.,0,2,2
WBGene00199503.,0,0,0
WBGene00199504.,0,3,3
WBGene00199505.,0,6,6
WBGene00199506.,0,61,61
WBGene00199507.,0,3,3
WBGene00199508.,0,5,5
WBGene00199509.,0,0,0
WBGene00199510.,0,2,2
WBGene00199511.,0,1,1
WBGene00199512.,0,2,2
WBGene00199513.,0,137,137
WBGene00199514.,0,6,6
WBGene00199515.,0,0,0
WBGene00199516.,0,3,3
WBGene00199517.,0,10,10
WBGene00199518.,0,0,0
WBGene00199519.,0,0,0
WBGene00199520.,0,0,0
WBGene00199521.,0,0,0
WBGene00199522.,0,3,3
WBGene00199523.,0,29,29
WBGene00199524.,0,3,3
WBGene00199525.,0,4,4
WBGene00199526.,0,5,5
WBGene00199527.,0,0,0
WBGene00199528.,0,7,7
WBGene00199529.,0,0,0
WBGene00199530.,0,1,1
WBGene00199531.,0,3,3
WBGene00199532.,0,0,0
WBGene00199533.,0,1,1
WBGene00199534.,0,4,4
WBGene00199535.,0,0,0
WBGene00199536.,0,0,0
WBGene00199537.,0,0,0
WBGene00199538.,0,1,1
WBGene00199539.,0,0,0
WBGene00199540.,0,1,1
WBGene00199541.,1,34,35
WBGene00199542.,0,0,0
WBGene00199543.,0,0,0
WBGene00199544.,0,0,0
WBGene00199545.,0,0,0
WBGene00199546.,0,0,0
WBGene00199547.,0,0,0
WBGene00199548.,0,3,3
WBGene00199549.,0,17,17
WBGene00199550.,0,0,0
WBGene00199551.,0,0,0
WBGene00199552.,0,0,0
WBGene00199553.,0,1,1
WBGene00199554.,0,0,0
WBGene00199555.,0,0,0
WBGene00199556.,0,0,0
WBGene00199557.,0,0,0
WBGene00199558.,0,3,3
WBGene00199559.,0,3,3
WBGene00199560.,0,0,0
WBGene00199561.,0,0,0
WBGene00199562.,0,3,3
WBGene00199563.,0,5,5
WBGene00199564.,0,0,0
WBGene00199565.,0,2,2
WBGene00199566.,0,3,3
WBGene00199567.,0,4,4
WBGene00199568.,0,0,0
WBGene00199569.,0,0,0
WBGene00199570.,0,14,14
WBGene00199571.,0,1,1
WBGene00199572.,0,0,0
WBGene00199573.,0,0,0
WBGene00199574.,0,0,0
WBGene00199575.,0,1,1
WBGene00199576.,0,3,3
WBGene00199577.,0,0,0
WBGene00199578.,0,0,0
WBGene00199579.,0,0,0
WBGene00199580.,0,2,2
WBGene00199581.,0,0,0
WBGene00199582.,0,0,0
WBGene00199583.,0,0,0
WBGene00199584.,0,3,3
WBGene00199585.,0,2,2
WBGene00199586.,0,3,3
WBGene00199587.,0,2,2
WBGene00199588.,0,0,0
WBGene00199589.,0,2,2
WBGene00199590.,0,0,0
WBGene00199591.,0,0,0
WBGene00199592.,0,0,0
WBGene00199593.,0,7,7
WBGene00199594.,0,7,7
WBGene00199595.,0,1,1
WBGene00199596.,0,5,5
WBGene00199597.,0,0,0
WBGene00199598.,0,0,0
WBGene00199599.,0,1,1
WBGene00199600.,0,4,4
WBGene00199601.,0,30,30
WBGene00199602.,0,0,0
WBGene00199603.,0,0,0
WBGene00199604.,0,0,0
WBGene00199605.,0,9,9
WBGene00199606.,0,4,4
WBGene00199607.,0,0,0
WBGene00199608.,0,5,5
WBGene00199609.,0,0,0
WBGene00199610.,0,1,1
WBGene00199611.,0,0,0
WBGene00199612.,0,22,22
WBGene00199613.,0,0,0
WBGene00199614.,0,4,4
WBGene00199615.,0,3,3
WBGene00199616.,0,0,0
WBGene00199617.,0,0,0
WBGene00199618.,0,0,0
WBGene00199619.,0,7,7
WBGene00199620.,0,2,2
WBGene00199621.,0,0,0
WBGene00199622.,0,12,12
WBGene00199623.,0,0,0
WBGene00199624.,0,0,0
WBGene00199625.,0,1,1
WBGene00199626.,0,1,1
WBGene00199627.,0,5,5
WBGene00199628.,0,1,1
WBGene00199629.,0,6,6
WBGene00199630.,0,0,0
WBGene00199631.,0,0,0
WBGene00199632.,0,8,8
WBGene00199633.,0,7,7
WBGene00199634.,0,1,1
WBGene00199635.,0,0,0
WBGene00199636.,0,1,1
WBGene00199637.,0,0,0
WBGene00199638.,0,1,1
WBGene00199639.,0,0,0
WBGene00199640.,0,0,0
WBGene00199641.,0,2,2
WBGene00199642.,0,0,0
WBGene00199643.,0,0,0
WBGene00199644.,0,0,0
WBGene00199645.,0,3,3
WBGene00199646.,0,0,0
WBGene00199647.,0,4,4
WBGene00199648.,0,0,0
WBGene00199649.,0,0,0
WBGene00199650.,0,1,1
WBGene00199651.,0,4,4
WBGene00199652.,0,2,2
WBGene00199653.,0,0,0
WBGene00199654.,0,1,1
WBGene00199655.,0,1,1
WBGene00199656.,0,1,1
WBGene00199657.,0,37,37
WBGene00199658.,0,1,1
WBGene00199659.,0,0,0
WBGene00199660.,0,0,0
WBGene00199661.,0,4,4
WBGene00199662.,0,0,0
WBGene00199663.,0,1,1
WBGene00199664.,0,1,1
WBGene00199665.,0,1,1
WBGene00199666.,0,5,5
WBGene00199667.,0,8,8
WBGene00199668.,0,3,3
WBGene00199669.,0,0,0
WBGene00199670.,0,0,0
WBGene00199671.,0,0,0
WBGene00199672.,0,23,23
WBGene00199673.,0,0,0
WBGene00199674.,0,29,29
WBGene00199675.,0,0,0
WBGene00199676.,0,0,0
WBGene00199677.,0,0,0
WBGene00199678.,0,0,0
WBGene00199679.,0,0,0
WBGene00199680.,0,0,0
WBGene00199681.,0,5,5
WBGene00199682.,0,0,0
WBGene00199683.,0,1,1
WBGene00199684.,0,2,2
WBGene00199685.,0,9,9
WBGene00199686.,0,6,6
WBGene00199687.,0,0,0
WBGene00199688.,0,0,0
WBGene00199689.,0,4,4
WBGene00199690.,0,0,0
WBGene00199691.,0,1,1
WBGene00199692.,0,3,3
WBGene00199693.,0,0,0
WBGene00199694.,0,0,0
WBGene00199695.,0,1,1
WBGene00199696.,0,0,0
WBGene00199697.,0,4,4
WBGene00199698.,0,0,0
WBGene00199699.,0,2,2
WBGene00199700.,0,3,3
WBGene00199701.,0,0,0
WBGene00199702.,0,10,10
WBGene00199703.,0,2,2
WBGene00199704.,0,2,2
WBGene00199705.,0,0,0
WBGene00199706.,0,3,3
WBGene00199707.,0,1,1
WBGene00199708.,0,14,14
WBGene00199709.,0,0,0
WBGene00199710.,0,19,19
WBGene00199711.,0,15,15
WBGene00199712.,0,4,4
WBGene00199713.,0,14,14
WBGene00199714.,0,1,1
WBGene00199715.,0,2,2
WBGene00199716.,0,5,5
WBGene00199717.,0,2,2
WBGene00199718.,0,0,0
WBGene00199719.,0,1,1
WBGene00199720.,0,1,1
WBGene00199721.,0,0,0
WBGene00199722.,0,0,0
WBGene00199723.,0,0,0
WBGene00199724.,0,2,2
WBGene00199725.,0,1,1
WBGene00199726.,0,0,0
WBGene00199727.,0,3,3
WBGene00199728.,0,0,0
WBGene00199729.,0,0,0
WBGene00199730.,0,0,0
WBGene00199731.,0,7,7
WBGene00199732.,0,49,49
WBGene00199733.,0,1,1
WBGene00199734.,0,0,0
WBGene00199735.,0,5,5
WBGene00199736.,0,0,0
WBGene00199737.,0,3,3
WBGene00199738.,0,9,9
WBGene00199739.,0,0,0
WBGene00199740.,0,12,12
WBGene00199741.,0,10,10
WBGene00199742.,0,13,13
WBGene00199743.,0,6,6
WBGene00199744.,0,0,0
WBGene00199745.,0,17,17
WBGene00199746.,0,0,0
WBGene00199747.,0,0,0
WBGene00199748.,0,4,4
WBGene00199749.,0,3,3
WBGene00199750.,0,1,1
WBGene00199751.,0,11,11
WBGene00199752.,0,2,2
WBGene00199753.,0,2430,2430
WBGene00199754.,0,0,0
WBGene00199755.,0,0,0
WBGene00199756.,0,1,1
WBGene00199757.,0,0,0
WBGene00199758.,0,3,3
WBGene00199759.,0,4,4
WBGene00199760.,0,0,0
WBGene00199761.,0,2,2
WBGene00199762.,0,2,2
WBGene00199763.,0,0,0
WBGene00199764.,0,2,2
WBGene00199765.,0,4,4
WBGene00199766.,0,0,0
WBGene00199767.,0,2,2
WBGene00199768.,0,17,17
WBGene00199769.,0,0,0
WBGene00199770.,0,4,4
WBGene00199771.,0,0,0
WBGene00199772.,0,2,2
WBGene00199773.,0,2,2
WBGene00199774.,0,0,0
WBGene00199775.,0,3,3
WBGene00199776.,0,0,0
WBGene00199777.,0,5,5
WBGene00199778.,0,1,1
WBGene00199779.,0,27,27
WBGene00199780.,0,8,8
WBGene00199781.,0,1,1
WBGene00199782.,0,3,3
WBGene00199783.,0,7,7
WBGene00199784.,0,1,1
WBGene00199785.,0,0,0
WBGene00199786.,0,4,4
WBGene00199787.,0,4,4
WBGene00199788.,0,3,3
WBGene00199789.,0,0,0
WBGene00199790.,0,1,1
WBGene00199791.,0,0,0
WBGene00199792.,0,0,0
WBGene00199793.,0,0,0
WBGene00199794.,0,6,6
WBGene00199795.,0,0,0
WBGene00199796.,0,0,0
WBGene00199797.,0,0,0
WBGene00199798.,0,1,1
WBGene00199799.,0,0,0
WBGene00199800.,0,5,5
WBGene00199801.,0,0,0
WBGene00199802.,0,0,0
WBGene00199803.,0,3,3
WBGene00199804.,0,0,0
WBGene00199805.,0,0,0
WBGene00199806.,0,3,3
WBGene00199807.,0,1,1
WBGene00199808.,0,1,1
WBGene00199809.,0,4,4
WBGene00199810.,0,4,4
WBGene00199811.,0,1,1
WBGene00199812.,0,0,0
WBGene00199813.,0,0,0
WBGene00199814.,0,10,10
WBGene00199815.,0,0,0
WBGene00199816.,0,0,0
WBGene00199817.,0,1,1
WBGene00199818.,0,0,0
WBGene00199819.,0,103,103
WBGene00199820.,0,13,13
WBGene00199821.,0,0,0
WBGene00199822.,0,0,0
WBGene00199823.,0,1,1
WBGene00199824.,0,12,12
WBGene00199825.,0,0,0
WBGene00199826.,0,0,0
WBGene00199827.,0,0,0
WBGene00199828.,0,0,0
WBGene00199829.,0,4,4
WBGene00199830.,0,0,0
WBGene00199831.,0,1,1
WBGene00199832.,0,0,0
WBGene00199833.,0,0,0
WBGene00199834.,0,0,0
WBGene00199835.,0,0,0
WBGene00199836.,0,0,0
WBGene00199837.,0,2,2
WBGene00199838.,0,4,4
WBGene00199839.,0,1,1
WBGene00199840.,0,6,6
WBGene00199841.,0,0,0
WBGene00199842.,0,7,7
WBGene00199843.,0,4,4
WBGene00199844.,0,0,0
WBGene00199845.,0,1,1
WBGene00199846.,0,0,0
WBGene00199847.,0,0,0
WBGene00199848.,0,0,0
WBGene00199849.,0,6,6
WBGene00199850.,0,5,5
WBGene00199851.,0,0,0
WBGene00199852.,0,0,0
WBGene00199853.,0,3,3
WBGene00199854.,0,23,23
WBGene00199855.,0,12,12
WBGene00199856.,0,0,0
WBGene00199857.,0,2,2
WBGene00199858.,0,5,5
WBGene00199859.,0,0,0
WBGene00199860.,0,0,0
WBGene00199861.,0,6,6
WBGene00199862.,0,0,0
WBGene00199863.,0,5,5
WBGene00199864.,0,0,0
WBGene00199865.,0,0,0
WBGene00199866.,0,68,68
WBGene00199867.,0,4,4
WBGene00199868.,0,0,0
WBGene00199869.,0,0,0
WBGene00199870.,0,0,0
WBGene00199871.,0,29,29
WBGene00199872.,0,0,0
WBGene00199873.,0,0,0
WBGene00199874.,0,1,1
WBGene00199875.,0,1,1
WBGene00199876.,0,1,1
WBGene00199877.,0,0,0
WBGene00199878.,0,1,1
WBGene00199879.,0,9,9
WBGene00199880.,0,0,0
WBGene00199881.,0,1,1
WBGene00199882.,0,0,0
WBGene00199883.,0,1,1
WBGene00199884.,0,0,0
WBGene00199885.,0,1,1
WBGene00199886.,0,0,0
WBGene00199887.,0,0,0
WBGene00199888.,0,0,0
WBGene00199889.,0,1,1
WBGene00199890.,0,3,3
WBGene00199891.,0,0,0
WBGene00199892.,0,0,0
WBGene00199893.,0,8,8
WBGene00199894.,0,11,11
WBGene00199895.,0,1,1
WBGene00199896.,0,3,3
WBGene00199897.,0,42,42
WBGene00199898.,0,28,28
WBGene00199899.,0,94,94
WBGene00199900.,0,6,6
WBGene00199901.,0,0,0
WBGene00199902.,0,0,0
WBGene00199903.,0,0,0
WBGene00199904.,0,0,0
WBGene00199905.,0,1,1
WBGene00199906.,0,0,0
WBGene00199907.,0,1,1
WBGene00199908.,0,4,4
WBGene00199909.,0,13,13
WBGene00199910.,0,0,0
WBGene00199911.,0,1,1
WBGene00199912.,0,0,0
WBGene00199913.,0,0,0
WBGene00199914.,0,10,10
WBGene00199915.,0,0,0
WBGene00199916.,0,0,0
WBGene00199917.,0,5,5
WBGene00199918.,0,0,0
WBGene00199919.,0,2,2
WBGene00199920.,0,0,0
WBGene00199921.,0,0,0
WBGene00199922.,0,1,1
WBGene00199923.,0,2,2
WBGene00199924.,0,3,3
WBGene00199925.,0,4,4
WBGene00199926.,0,0,0
WBGene00199927.,0,0,0
WBGene00199928.,0,2,2
WBGene00199929.,0,0,0
WBGene00199930.,0,1,1
WBGene00199931.,0,16,16
WBGene00199932.,0,0,0
WBGene00199933.,0,4,4
WBGene00199934.,0,1,1
WBGene00199935.,0,11,11
WBGene00199936.,0,0,0
WBGene00199937.,0,0,0
WBGene00199938.,0,0,0
WBGene00199939.,0,0,0
WBGene00199940.,0,34,34
WBGene00199941.,0,0,0
WBGene00199942.,0,0,0
WBGene00199943.,0,1,1
WBGene00199944.,0,3,3
WBGene00199945.,0,1,1
WBGene00199946.,0,269,269
WBGene00199947.,0,8,8
WBGene00199948.,0,1,1
WBGene00199949.,0,0,0
WBGene00199950.,0,0,0
WBGene00199951.,0,0,0
WBGene00199952.,0,0,0
WBGene00199953.,0,1,1
WBGene00199954.,0,0,0
WBGene00199955.,0,2,2
WBGene00199956.,0,0,0
WBGene00199957.,0,38,38
WBGene00199958.,0,0,0
WBGene00199959.,0,1,1
WBGene00199960.,0,1,1
WBGene00199961.,0,0,0
WBGene00199962.,0,0,0
WBGene00199963.,0,0,0
WBGene00199964.,0,0,0
WBGene00199965.,0,0,0
WBGene00199966.,0,0,0
WBGene00199967.,0,0,0
WBGene00199968.,0,0,0
WBGene00199969.,0,0,0
WBGene00199970.,0,8,8
WBGene00199971.,0,0,0
WBGene00199972.,0,2,2
WBGene00199973.,0,0,0
WBGene00199974.,0,0,0
WBGene00199975.,0,0,0
WBGene00199976.,0,6,6
WBGene00199977.,0,4,4
WBGene00199978.,0,68,68
WBGene00199979.,0,0,0
WBGene00199980.,0,0,0
WBGene00199981.,0,1,1
WBGene00199982.,0,0,0
WBGene00199983.,0,1,1
WBGene00199984.,0,0,0
WBGene00199985.,0,2,2
WBGene00199986.,0,19,19
WBGene00199987.,0,0,0
WBGene00199988.,0,0,0
WBGene00199989.,0,1,1
WBGene00199990.,0,70,70
WBGene00199991.,0,0,0
WBGene00199992.,0,5,5
WBGene00199993.,0,0,0
WBGene00199994.,0,0,0
WBGene00199995.,0,7,7
WBGene00199996.,0,0,0
WBGene00199997.,0,3,3
WBGene00199998.,0,0,0
WBGene00199999.,0,0,0
WBGene00200000.,0,2,2
WBGene00200001.,0,8,8
WBGene00200002.,0,5,5
WBGene00200003.,0,11,11
WBGene00200004.,0,0,0
WBGene00200005.,0,1,1
WBGene00200006.,0,0,0
WBGene00200007.,0,0,0
WBGene00200008.,0,15,15
WBGene00200009.,0,36,36
WBGene00200010.,0,1,1
WBGene00200011.,0,0,0
WBGene00200012.,0,0,0
WBGene00200013.,0,2,2
WBGene00200014.,0,4,4
WBGene00200015.,0,2,2
WBGene00200016.,0,0,0
WBGene00200017.,0,0,0
WBGene00200018.,0,0,0
WBGene00200019.,0,1,1
WBGene00200020.,0,0,0
WBGene00200021.,0,0,0
WBGene00200022.,0,0,0
WBGene00200023.,0,1,1
WBGene00200024.,0,0,0
WBGene00200025.,0,60,60
WBGene00200026.,0,2,2
WBGene00200027.,0,0,0
WBGene00200028.,0,161,161
WBGene00200029.,0,1,1
WBGene00200030.,0,1,1
WBGene00200031.,0,10,10
WBGene00200032.,0,3,3
WBGene00200033.,0,0,0
WBGene00200034.,0,25,25
WBGene00200035.,0,0,0
WBGene00200036.,0,8,8
WBGene00200037.,0,0,0
WBGene00200038.,0,2,2
WBGene00200039.,0,2,2
WBGene00200040.,0,0,0
WBGene00200041.,0,0,0
WBGene00200042.,0,2,2
WBGene00200043.,0,6,6
WBGene00200044.,0,1,1
WBGene00200045.,0,10,10
WBGene00200046.,0,0,0
WBGene00200047.,0,22,22
WBGene00200048.,0,0,0
WBGene00200049.,0,1,1
WBGene00200050.,0,7,7
WBGene00200051.,0,0,0
WBGene00200052.,0,0,0
WBGene00200053.,0,6,6
WBGene00200054.,0,2,2
WBGene00200055.,0,0,0
WBGene00200056.,0,2,2
WBGene00200057.,0,3,3
WBGene00200058.,0,2,2
WBGene00200059.,0,3,3
WBGene00200060.,0,1,1
WBGene00200061.,0,10,10
WBGene00200062.,0,11,11
WBGene00200063.,0,0,0
WBGene00200064.,0,0,0
WBGene00200065.,0,1,1
WBGene00200066.,0,1,1
WBGene00200067.,0,12,12
WBGene00200068.,0,2,2
WBGene00200069.,0,0,0
WBGene00200070.,0,1,1
WBGene00200071.,0,0,0
WBGene00200072.,0,0,0
WBGene00200073.,0,0,0
WBGene00200074.,0,4,4
WBGene00200075.,0,31,31
WBGene00200076.,0,0,0
WBGene00200077.,0,0,0
WBGene00200078.,0,1,1
WBGene00200079.,0,4,4
WBGene00200080.,0,13,13
WBGene00200081.,0,0,0
WBGene00200082.,0,2,2
WBGene00200083.,0,0,0
WBGene00200084.,0,0,0
WBGene00200085.,0,1,1
WBGene00200086.,0,0,0
WBGene00200087.,0,0,0
WBGene00200088.,0,11,11
WBGene00200089.,0,6,6
WBGene00200090.,0,0,0
WBGene00200091.,0,0,0
WBGene00200092.,0,2,2
WBGene00200093.,0,0,0
WBGene00200094.,0,0,0
WBGene00200095.,0,0,0
WBGene00200096.,0,1,1
WBGene00200097.,0,0,0
WBGene00200098.,0,2,2
WBGene00200099.,0,12,12
WBGene00200100.,0,25,25
WBGene00200101.,0,0,0
WBGene00200102.,0,0,0
WBGene00200103.,0,1,1
WBGene00200104.,0,0,0
WBGene00200105.,0,1,1
WBGene00200106.,0,3,3
WBGene00200107.,0,37,37
WBGene00200108.,0,0,0
WBGene00200109.,0,2,2
WBGene00200110.,0,0,0
WBGene00200111.,0,0,0
WBGene00200112.,0,0,0
WBGene00200113.,0,10,10
WBGene00200114.,0,0,0
WBGene00200115.,0,0,0
WBGene00200116.,0,29,29
WBGene00200117.,0,0,0
WBGene00200118.,0,0,0
WBGene00200119.,0,0,0
WBGene00200120.,0,0,0
WBGene00200121.,0,6,6
WBGene00200122.,0,0,0
WBGene00200123.,0,0,0
WBGene00200124.,0,0,0
WBGene00200125.,0,0,0
WBGene00200126.,0,13,13
WBGene00200127.,0,1,1
WBGene00200128.,0,7,7
WBGene00200129.,0,0,0
WBGene00200130.,0,1,1
WBGene00200131.,0,7,7
WBGene00200132.,0,0,0
WBGene00200133.,0,34,34
WBGene00200134.,0,5,5
WBGene00200135.,0,1,1
WBGene00200136.,0,1,1
WBGene00200137.,0,10,10
WBGene00200138.,0,1,1
WBGene00200139.,0,0,0
WBGene00200140.,0,1,1
WBGene00200141.,0,0,0
WBGene00200142.,0,0,0
WBGene00200143.,0,2,2
WBGene00200144.,0,0,0
WBGene00200145.,0,0,0
WBGene00200146.,0,0,0
WBGene00200147.,0,2,2
WBGene00200148.,0,1,1
WBGene00200149.,0,0,0
WBGene00200150.,0,6,6
WBGene00200151.,0,0,0
WBGene00200152.,0,0,0
WBGene00200153.,0,9,9
WBGene00200154.,0,6,6
WBGene00200155.,0,1,1
WBGene00200156.,0,0,0
WBGene00200157.,0,0,0
WBGene00200158.,0,0,0
WBGene00200159.,0,2,2
WBGene00200160.,0,0,0
WBGene00200161.,0,0,0
WBGene00200162.,0,0,0
WBGene00200163.,0,3,3
WBGene00200164.,0,64,64
WBGene00200165.,0,0,0
WBGene00200166.,0,9,9
WBGene00200167.,0,12,12
WBGene00200168.,0,20,20
WBGene00200169.,0,21,21
WBGene00200170.,0,8,8
WBGene00200171.,0,0,0
WBGene00200172.,0,0,0
WBGene00200173.,0,0,0
WBGene00200174.,0,0,0
WBGene00200175.,0,4,4
WBGene00200176.,0,0,0
WBGene00200177.,0,11,11
WBGene00200178.,0,0,0
WBGene00200179.,0,0,0
WBGene00200180.,0,0,0
WBGene00200181.,0,3,3
WBGene00200182.,0,9,9
WBGene00200183.,0,0,0
WBGene00200184.,0,1,1
WBGene00200185.,0,4,4
WBGene00200186.,0,2,2
WBGene00200187.,0,38,38
WBGene00200188.,0,6,6
WBGene00200189.,0,3,3
WBGene00200190.,0,1,1
WBGene00200191.,0,0,0
WBGene00200192.,0,74,74
WBGene00200193.,0,2,2
WBGene00200194.,0,5,5
WBGene00200195.,0,5,5
WBGene00200196.,0,1,1
WBGene00200197.,0,0,0
WBGene00200198.,0,3,3
WBGene00200199.,0,3,3
WBGene00200200.,0,0,0
WBGene00200201.,0,0,0
WBGene00200202.,0,3,3
WBGene00200203.,0,42,42
WBGene00200204.,0,0,0
WBGene00200205.,0,0,0
WBGene00200206.,0,0,0
WBGene00200207.,0,0,0
WBGene00200208.,0,0,0
WBGene00200209.,0,0,0
WBGene00200210.,0,2,2
WBGene00200211.,0,3,3
WBGene00200212.,0,3,3
WBGene00200213.,0,0,0
WBGene00200214.,0,23,23
WBGene00200215.,0,75,75
WBGene00200216.,0,0,0
WBGene00200217.,0,2,2
WBGene00200218.,0,0,0
WBGene00200219.,0,1,1
WBGene00200220.,0,2,2
WBGene00200221.,0,0,0
WBGene00200222.,0,0,0
WBGene00200223.,0,3,3
WBGene00200224.,0,0,0
WBGene00200225.,0,12,12
WBGene00200226.,0,0,0
WBGene00200227.,0,5,5
WBGene00200228.,0,4,4
WBGene00200229.,0,0,0
WBGene00200230.,0,0,0
WBGene00200231.,0,18,18
WBGene00200232.,0,0,0
WBGene00200233.,0,7,7
WBGene00200234.,0,0,0
WBGene00200235.,0,0,0
WBGene00200236.,0,0,0
WBGene00200237.,0,0,0
WBGene00200238.,0,0,0
WBGene00200239.,0,0,0
WBGene00200240.,0,0,0
WBGene00200241.,0,0,0
WBGene00200242.,0,5,5
WBGene00200243.,0,25,25
WBGene00200244.,0,2,2
WBGene00200245.,0,3,3
WBGene00200246.,0,0,0
WBGene00200247.,0,21,21
WBGene00200248.,0,0,0
WBGene00200249.,0,0,0
WBGene00200250.,0,5,5
WBGene00200251.,0,10,10
WBGene00200252.,0,0,0
WBGene00200253.,0,4,4
WBGene00200254.,0,0,0
WBGene00200255.,0,9,9
WBGene00200256.,0,0,0
WBGene00200257.,0,4,4
WBGene00200258.,0,0,0
WBGene00200259.,0,20,20
WBGene00200260.,0,1,1
WBGene00200261.,0,44,44
WBGene00200262.,0,0,0
WBGene00200263.,0,43,43
WBGene00200264.,0,3,3
WBGene00200265.,0,0,0
WBGene00200266.,0,10,10
WBGene00200267.,0,0,0
WBGene00200268.,0,0,0
WBGene00200269.,0,0,0
WBGene00200270.,0,0,0
WBGene00200271.,0,0,0
WBGene00200272.,0,0,0
WBGene00200273.,0,16,16
WBGene00200274.,0,0,0
WBGene00200275.,0,0,0
WBGene00200276.,0,0,0
WBGene00200277.,0,7,7
WBGene00200278.,0,17,17
WBGene00200279.,0,2,2
WBGene00200280.,0,5,5
WBGene00200281.,0,0,0
WBGene00200282.,0,23,23
WBGene00200283.,0,1,1
WBGene00200284.,0,0,0
WBGene00200285.,0,0,0
WBGene00200286.,0,0,0
WBGene00200287.,0,0,0
WBGene00200288.,0,0,0
WBGene00200289.,0,12,12
WBGene00200290.,0,0,0
WBGene00200291.,0,1,1
WBGene00200292.,0,0,0
WBGene00200293.,0,3,3
WBGene00200294.,0,72,72
WBGene00200295.,0,0,0
WBGene00200296.,0,2,2
WBGene00200297.,0,0,0
WBGene00200298.,0,0,0
WBGene00200299.,0,1,1
WBGene00200300.,0,12,12
WBGene00200301.,0,2,2
WBGene00200302.,0,21,21
WBGene00200303.,0,2,2
WBGene00200304.,0,0,0
WBGene00200305.,0,6,6
WBGene00200306.,0,0,0
WBGene00200307.,0,0,0
WBGene00200308.,0,25,25
WBGene00200309.,0,9,9
WBGene00200310.,0,4,4
WBGene00200311.,0,0,0
WBGene00200312.,0,4,4
WBGene00200313.,0,3,3
WBGene00200314.,0,1,1
WBGene00200315.,0,0,0
WBGene00200316.,0,1,1
WBGene00200317.,0,0,0
WBGene00200318.,0,5,5
WBGene00200319.,0,11,11
WBGene00200320.,0,0,0
WBGene00200321.,0,3,3
WBGene00200322.,0,0,0
WBGene00200323.,0,1,1
WBGene00200324.,0,0,0
WBGene00200325.,0,9,9
WBGene00200326.,0,0,0
WBGene00200327.,0,1,1
WBGene00200328.,0,0,0
WBGene00200329.,0,0,0
WBGene00200330.,0,2,2
WBGene00200331.,0,1,1
WBGene00200332.,0,0,0
WBGene00200333.,0,2,2
WBGene00200334.,0,0,0
WBGene00200335.,0,2,2
WBGene00200336.,0,0,0
WBGene00200337.,0,4,4
WBGene00200338.,0,1,1
WBGene00200339.,0,0,0
WBGene00200340.,0,0,0
WBGene00200341.,0,1,1
WBGene00200342.,0,1,1
WBGene00200343.,0,0,0
WBGene00200344.,0,8,8
WBGene00200345.,0,2,2
WBGene00200346.,0,2,2
WBGene00200347.,0,115,115
WBGene00200348.,0,0,0
WBGene00200349.,0,0,0
WBGene00200350.,0,1,1
WBGene00200351.,0,0,0
WBGene00200352.,0,0,0
WBGene00200353.,0,0,0
WBGene00200354.,0,0,0
WBGene00200355.,0,0,0
WBGene00200356.,0,0,0
WBGene00200357.,0,2,2
WBGene00200358.,0,20,20
WBGene00200359.,0,0,0
WBGene00200360.,0,0,0
WBGene00200361.,0,0,0
WBGene00200362.,0,0,0
WBGene00200363.,0,0,0
WBGene00200364.,0,3,3
WBGene00200365.,0,6,6
WBGene00200366.,0,1,1
WBGene00200367.,0,9,9
WBGene00200368.,0,0,0
WBGene00200369.,0,0,0
WBGene00200370.,0,14,14
WBGene00200371.,0,1,1
WBGene00200372.,0,0,0
WBGene00200373.,0,0,0
WBGene00200374.,0,1,1
WBGene00200375.,0,54,54
WBGene00200376.,0,0,0
WBGene00200377.,0,17,17
WBGene00200378.,0,0,0
WBGene00200379.,0,14,14
WBGene00200380.,0,0,0
WBGene00200381.,0,0,0
WBGene00200382.,0,0,0
WBGene00200383.,0,0,0
WBGene00200384.,0,19,19
WBGene00200385.,0,19,19
WBGene00200386.,0,2,2
WBGene00200387.,0,0,0
WBGene00200388.,0,2,2
WBGene00200389.,0,0,0
WBGene00200390.,0,0,0
WBGene00200391.,0,1,1
WBGene00200392.,0,0,0
WBGene00200393.,0,3,3
WBGene00200394.,0,2,2
WBGene00200395.,0,4,4
WBGene00200396.,0,1,1
WBGene00200397.,0,56,56
WBGene00200398.,0,0,0
WBGene00200399.,0,1,1
WBGene00200400.,0,44,44
WBGene00200401.,0,1,1
WBGene00200402.,0,0,0
WBGene00200403.,0,6,6
WBGene00200404.,0,0,0
WBGene00200405.,0,0,0
WBGene00200406.,0,0,0
WBGene00200407.,0,22,22
WBGene00200408.,0,9,9
WBGene00200409.,0,0,0
WBGene00200410.,0,4,4
WBGene00200411.,0,0,0
WBGene00200412.,0,0,0
WBGene00200413.,0,0,0
WBGene00200414.,0,0,0
WBGene00200415.,0,12,12
WBGene00200416.,0,1,1
WBGene00200417.,0,1,1
WBGene00200418.,0,0,0
WBGene00200419.,0,0,0
WBGene00200420.,0,3,3
WBGene00200421.,0,1,1
WBGene00200422.,0,0,0
WBGene00200423.,0,8,8
WBGene00200424.,0,6,6
WBGene00200425.,0,3,3
WBGene00200426.,0,2,2
WBGene00200427.,0,0,0
WBGene00200428.,0,3,3
WBGene00200429.,0,0,0
WBGene00200430.,0,0,0
WBGene00200431.,0,14,14
WBGene00200432.,0,3,3
WBGene00200433.,0,0,0
WBGene00200434.,0,0,0
WBGene00200435.,0,1,1
WBGene00200436.,0,8,8
WBGene00200437.,0,0,0
WBGene00200438.,0,0,0
WBGene00200439.,0,0,0
WBGene00200440.,0,0,0
WBGene00200441.,0,1,1
WBGene00200442.,0,11,11
WBGene00200443.,0,0,0
WBGene00200444.,0,1,1
WBGene00200445.,0,0,0
WBGene00200446.,0,0,0
WBGene00200447.,0,0,0
WBGene00200448.,0,1,1
WBGene00200449.,0,0,0
WBGene00200450.,0,0,0
WBGene00200451.,0,0,0
WBGene00200452.,0,1,1
WBGene00200453.,0,2,2
WBGene00200454.,0,0,0
WBGene00200455.,0,10,10
WBGene00200456.,0,119,119
WBGene00200457.,0,0,0
WBGene00200458.,0,0,0
WBGene00200459.,0,627,627
WBGene00200460.,0,0,0
WBGene00200461.,0,12,12
WBGene00200462.,0,4,4
WBGene00200463.,0,0,0
WBGene00200464.,0,0,0
WBGene00200465.,0,1,1
WBGene00200466.,0,0,0
WBGene00200467.,0,0,0
WBGene00200468.,0,4,4
WBGene00200469.,0,25,25
WBGene00200470.,0,5,5
WBGene00200471.,0,0,0
WBGene00200472.,0,13,13
WBGene00200473.,0,4,4
WBGene00200474.,0,1,1
WBGene00200475.,0,18,18
WBGene00200476.,0,6,6
WBGene00200477.,0,1,1
WBGene00200478.,0,19,19
WBGene00200479.,0,0,0
WBGene00200480.,0,0,0
WBGene00200481.,0,0,0
WBGene00200482.,0,2,2
WBGene00200483.,0,64,64
WBGene00200484.,0,1,1
WBGene00200485.,0,25,25
WBGene00200486.,0,0,0
WBGene00200487.,0,16,16
WBGene00200488.,0,18,18
WBGene00200489.,0,1,1
WBGene00200490.,0,0,0
WBGene00200491.,0,0,0
WBGene00200492.,0,5,5
WBGene00200493.,0,4,4
WBGene00200494.,0,0,0
WBGene00200495.,0,2,2
WBGene00200496.,0,7,7
WBGene00200497.,0,0,0
WBGene00200498.,0,9,9
WBGene00200499.,0,1,1
WBGene00200500.,0,22,22
WBGene00200501.,0,0,0
WBGene00200502.,0,34,34
WBGene00200503.,0,0,0
WBGene00200504.,0,0,0
WBGene00200505.,0,0,0
WBGene00200506.,0,0,0
WBGene00200507.,0,1,1
WBGene00200508.,0,0,0
WBGene00200509.,0,4,4
WBGene00200510.,0,0,0
WBGene00200511.,0,0,0
WBGene00200512.,0,0,0
WBGene00200513.,0,10,10
WBGene00200514.,0,3,3
WBGene00200515.,0,0,0
WBGene00200516.,0,0,0
WBGene00200517.,0,0,0
WBGene00200518.,0,0,0
WBGene00200519.,0,9,9
WBGene00200520.,0,0,0
WBGene00200521.,0,3,3
WBGene00200522.,0,0,0
WBGene00200523.,0,11,11
WBGene00200524.,0,0,0
WBGene00200525.,0,0,0
WBGene00200526.,0,28,28
WBGene00200527.,0,117,117
WBGene00200528.,0,4,4
WBGene00200529.,0,1,1
WBGene00200530.,0,1,1
WBGene00200531.,0,1,1
WBGene00200532.,0,0,0
WBGene00200533.,0,1,1
WBGene00200534.,0,3,3
WBGene00200535.,0,1,1
WBGene00200536.,0,2,2
WBGene00200537.,0,3,3
WBGene00200538.,0,35,35
WBGene00200539.,0,0,0
WBGene00200540.,0,1,1
WBGene00200541.,0,0,0
WBGene00200542.,0,1,1
WBGene00200543.,0,0,0
WBGene00200544.,0,0,0
WBGene00200545.,0,2,2
WBGene00200546.,0,3,3
WBGene00200547.,0,1,1
WBGene00200548.,0,2,2
WBGene00200549.,0,0,0
WBGene00200550.,0,0,0
WBGene00200551.,0,0,0
WBGene00200552.,0,1,1
WBGene00200553.,0,0,0
WBGene00200554.,0,0,0
WBGene00200555.,0,1,1
WBGene00200556.,0,0,0
WBGene00200557.,0,2,2
WBGene00200558.,0,35,35
WBGene00200559.,0,2,2
WBGene00200560.,0,0,0
WBGene00200561.,0,0,0
WBGene00200562.,0,0,0
WBGene00200563.,0,3,3
WBGene00200564.,0,0,0
WBGene00200565.,0,10,10
WBGene00200566.,0,15,15
WBGene00200567.,0,0,0
WBGene00200568.,0,0,0
WBGene00200569.,0,0,0
WBGene00200570.,0,11,11
WBGene00200571.,0,0,0
WBGene00200572.,0,5,5
WBGene00200573.,0,1,1
WBGene00200574.,0,12,12
WBGene00200575.,0,1,1
WBGene00200576.,0,2,2
WBGene00200577.,0,3,3
WBGene00200578.,0,1,1
WBGene00200579.,0,17,17
WBGene00200580.,0,0,0
WBGene00200581.,0,0,0
WBGene00200582.,0,2,2
WBGene00200583.,0,12,12
WBGene00200584.,0,0,0
WBGene00200585.,0,9,9
WBGene00200586.,0,2,2
WBGene00200587.,0,11,11
WBGene00200588.,0,0,0
WBGene00200589.,0,0,0
WBGene00200590.,0,1,1
WBGene00200591.,0,3,3
WBGene00200592.,0,0,0
WBGene00200593.,0,0,0
WBGene00200594.,0,3,3
WBGene00200595.,0,0,0
WBGene00200596.,0,13,13
WBGene00200597.,0,0,0
WBGene00200598.,0,5,5
WBGene00200599.,0,0,0
WBGene00200600.,0,2,2
WBGene00200601.,0,11,11
WBGene00200602.,0,0,0
WBGene00200603.,0,0,0
WBGene00200604.,0,0,0
WBGene00200605.,0,11,11
WBGene00200606.,0,0,0
WBGene00200607.,0,1,1
WBGene00200608.,0,0,0
WBGene00200609.,0,0,0
WBGene00200610.,0,0,0
WBGene00200611.,0,0,0
WBGene00200612.,0,0,0
WBGene00200613.,0,4,4
WBGene00200614.,0,1,1
WBGene00200615.,0,0,0
WBGene00200616.,0,0,0
WBGene00200617.,0,5,5
WBGene00200618.,0,4,4
WBGene00200619.,0,0,0
WBGene00200620.,0,6,6
WBGene00200621.,0,3,3
WBGene00200622.,0,1,1
WBGene00200623.,0,0,0
WBGene00200624.,0,1,1
WBGene00200625.,0,2,2
WBGene00200626.,0,11,11
WBGene00200627.,0,2,2
WBGene00200628.,0,1,1
WBGene00200629.,0,0,0
WBGene00200630.,0,55,55
WBGene00200631.,0,0,0
WBGene00200632.,0,2,2
WBGene00200633.,0,0,0
WBGene00200634.,0,0,0
WBGene00200635.,0,0,0
WBGene00200636.,0,1,1
WBGene00200637.,0,3,3
WBGene00200638.,0,1,1
WBGene00200639.,0,0,0
WBGene00200640.,0,1,1
WBGene00200641.,0,8,8
WBGene00200642.,0,0,0
WBGene00200643.,0,0,0
WBGene00200644.,0,0,0
WBGene00200645.,0,764,764
WBGene00200646.,0,2,2
WBGene00200647.,0,5,5
WBGene00200648.,0,0,0
WBGene00200649.,0,0,0
WBGene00200650.,0,18,18
WBGene00200651.,0,1,1
WBGene00200652.,0,3,3
WBGene00200653.,0,4,4
WBGene00200654.,0,1,1
WBGene00200655.,0,0,0
WBGene00200656.,0,0,0
WBGene00200657.,0,0,0
WBGene00200658.,0,57,57
WBGene00200659.,0,6,6
WBGene00200660.,0,0,0
WBGene00200661.,0,27,27
WBGene00200662.,0,0,0
WBGene00200663.,0,1,1
WBGene00200664.,0,16,16
WBGene00200665.,0,5,5
WBGene00200666.,0,2,2
WBGene00200667.,0,0,0
WBGene00200668.,0,0,0
WBGene00200669.,0,1,1
WBGene00200670.,0,1,1
WBGene00200671.,0,4,4
WBGene00200672.,0,0,0
WBGene00200673.,0,0,0
WBGene00200674.,0,2,2
WBGene00200675.,0,1,1
WBGene00200676.,0,0,0
WBGene00200677.,0,3,3
WBGene00200678.,0,0,0
WBGene00200679.,0,0,0
WBGene00200680.,0,2,2
WBGene00200681.,0,0,0
WBGene00200682.,0,0,0
WBGene00200683.,0,0,0
WBGene00200684.,0,0,0
WBGene00200685.,0,0,0
WBGene00200686.,0,0,0
WBGene00200687.,0,0,0
WBGene00200688.,0,0,0
WBGene00200689.,0,1,1
WBGene00200690.,0,0,0
WBGene00200691.,0,0,0
WBGene00200692.,0,17,17
WBGene00200693.,0,0,0
WBGene00200694.,0,9,9
WBGene00200695.,0,4,4
WBGene00200696.,0,0,0
WBGene00200697.,0,10,10
WBGene00200698.,0,0,0
WBGene00200699.,0,0,0
WBGene00200700.,0,31,31
WBGene00200701.,0,1,1
WBGene00200702.,0,74,74
WBGene00200703.,0,0,0
WBGene00200704.,0,2,2
WBGene00200705.,0,2,2
WBGene00200706.,0,12,12
WBGene00200707.,0,5,5
WBGene00200708.,0,0,0
WBGene00200709.,0,0,0
WBGene00200710.,0,2,2
WBGene00200711.,0,0,0
WBGene00200712.,0,0,0
WBGene00200713.,0,2,2
WBGene00200714.,0,0,0
WBGene00200715.,0,1,1
WBGene00200716.,0,5,5
WBGene00200717.,0,0,0
WBGene00200718.,0,0,0
WBGene00200719.,0,9,9
WBGene00200720.,0,0,0
WBGene00200721.,0,0,0
WBGene00200722.,0,0,0
WBGene00200723.,0,42,42
WBGene00200724.,0,1,1
WBGene00200725.,0,0,0
WBGene00200726.,0,7,7
WBGene00200727.,0,1,1
WBGene00200728.,0,0,0
WBGene00200729.,0,0,0
WBGene00200730.,0,1,1
WBGene00200731.,0,0,0
WBGene00200732.,0,0,0
WBGene00200733.,0,11,11
WBGene00200734.,0,0,0
WBGene00200735.,0,0,0
WBGene00200736.,0,1,1
WBGene00200737.,0,0,0
WBGene00200738.,0,0,0
WBGene00200739.,0,0,0
WBGene00200740.,0,0,0
WBGene00200741.,0,1,1
WBGene00200742.,0,1,1
WBGene00200743.,0,17,17
WBGene00200744.,0,74,74
WBGene00200745.,0,0,0
WBGene00200746.,0,5,5
WBGene00200747.,0,7,7
WBGene00200748.,0,0,0
WBGene00200749.,0,4,4
WBGene00200750.,0,4,4
WBGene00200751.,0,3,3
WBGene00200752.,0,29,29
WBGene00200753.,0,1,1
WBGene00200754.,0,4,4
WBGene00200755.,0,2,2
WBGene00200756.,0,43,43
WBGene00200757.,0,16,16
WBGene00200758.,0,6,6
WBGene00200759.,0,0,0
WBGene00200760.,0,0,0
WBGene00200761.,0,0,0
WBGene00200762.,0,119,119
WBGene00200763.,0,6,6
WBGene00200764.,0,0,0
WBGene00200765.,0,0,0
WBGene00200766.,0,12,12
WBGene00200767.,0,8,8
WBGene00200768.,0,3,3
WBGene00200769.,0,1,1
WBGene00200770.,0,4,4
WBGene00200771.,0,0,0
WBGene00200772.,0,6,6
WBGene00200773.,0,0,0
WBGene00200774.,0,0,0
WBGene00200775.,0,1,1
WBGene00200776.,0,2,2
WBGene00200777.,0,8,8
WBGene00200778.,0,2,2
WBGene00200779.,0,0,0
WBGene00200780.,0,3,3
WBGene00200781.,0,16,16
WBGene00200782.,0,0,0
WBGene00200783.,0,0,0
WBGene00200784.,0,0,0
WBGene00200785.,0,0,0
WBGene00200786.,0,38,38
WBGene00200787.,0,28,28
WBGene00200788.,0,0,0
WBGene00200789.,0,2,2
WBGene00200790.,0,0,0
WBGene00200791.,0,0,0
WBGene00200792.,0,0,0
WBGene00200793.,0,0,0
WBGene00200794.,0,0,0
WBGene00200795.,0,13,13
WBGene00200796.,0,0,0
WBGene00200797.,0,0,0
WBGene00200798.,0,0,0
WBGene00200799.,0,3,3
WBGene00200800.,0,10,10
WBGene00200801.,0,2,2
WBGene00200802.,0,2,2
WBGene00200803.,0,0,0
WBGene00200804.,0,0,0
WBGene00200805.,0,1,1
WBGene00200806.,0,0,0
WBGene00200807.,0,5,5
WBGene00200808.,0,34,34
WBGene00200809.,0,66,66
WBGene00200810.,0,0,0
WBGene00200811.,0,0,0
WBGene00200812.,0,5,5
WBGene00200813.,0,2,2
WBGene00200814.,0,1,1
WBGene00200815.,0,0,0
WBGene00200816.,0,0,0
WBGene00200817.,0,0,0
WBGene00200818.,0,7,7
WBGene00200819.,0,5,5
WBGene00200820.,0,0,0
WBGene00200821.,0,1,1
WBGene00200822.,0,0,0
WBGene00200823.,0,7,7
WBGene00200824.,0,4,4
WBGene00200825.,0,0,0
WBGene00200826.,0,19,19
WBGene00200827.,0,1,1
WBGene00200828.,0,37,37
WBGene00200829.,0,0,0
WBGene00200830.,0,0,0
WBGene00200831.,0,0,0
WBGene00200832.,0,0,0
WBGene00200833.,0,0,0
WBGene00200834.,0,0,0
WBGene00200835.,0,1,1
WBGene00200836.,0,0,0
WBGene00200837.,0,11,11
WBGene00200838.,0,0,0
WBGene00200839.,0,0,0
WBGene00200840.,0,0,0
WBGene00200841.,0,7,7
WBGene00200842.,0,3,3
WBGene00200843.,0,0,0
WBGene00200844.,0,2,2
WBGene00200845.,0,5,5
WBGene00200846.,0,36,36
WBGene00200847.,0,0,0
WBGene00200848.,0,0,0
WBGene00200849.,0,1,1
WBGene00200850.,0,0,0
WBGene00200851.,0,1,1
WBGene00200852.,0,1,1
WBGene00200853.,0,0,0
WBGene00200854.,0,1,1
WBGene00200855.,0,360,360
WBGene00200856.,0,12,12
WBGene00200857.,0,2,2
WBGene00200858.,0,5,5
WBGene00200859.,0,1,1
WBGene00200860.,0,5,5
WBGene00200861.,0,2,2
WBGene00200862.,0,4,4
WBGene00200863.,0,103,103
WBGene00200864.,0,0,0
WBGene00200865.,0,6,6
WBGene00200866.,0,0,0
WBGene00200867.,0,1,1
WBGene00200868.,0,2,2
WBGene00200869.,0,0,0
WBGene00200870.,0,2,2
WBGene00200871.,0,1,1
WBGene00200872.,0,0,0
WBGene00200873.,0,0,0
WBGene00200874.,0,6,6
WBGene00200875.,0,0,0
WBGene00200876.,0,1,1
WBGene00200877.,0,0,0
WBGene00200878.,0,0,0
WBGene00200879.,0,13,13
WBGene00200880.,0,2,2
WBGene00200881.,0,0,0
WBGene00200882.,0,5,5
WBGene00200883.,0,2,2
WBGene00200884.,0,4,4
WBGene00200885.,0,0,0
WBGene00200886.,0,0,0
WBGene00200887.,0,0,0
WBGene00200888.,0,1,1
WBGene00200889.,0,1,1
WBGene00200890.,0,5,5
WBGene00200891.,0,0,0
WBGene00200892.,0,2,2
WBGene00200893.,0,43,43
WBGene00200894.,0,0,0
WBGene00200895.,0,7,7
WBGene00200896.,0,3,3
WBGene00200897.,0,5,5
WBGene00200898.,0,0,0
WBGene00200899.,0,0,0
WBGene00200900.,0,0,0
WBGene00200901.,0,0,0
WBGene00200902.,0,0,0
WBGene00200903.,0,0,0
WBGene00200904.,0,4,4
WBGene00200905.,0,18,18
WBGene00200906.,0,0,0
WBGene00200907.,0,3,3
WBGene00200908.,0,55,55
WBGene00200909.,0,1,1
WBGene00200910.,0,0,0
WBGene00200911.,0,1,1
WBGene00200912.,0,10,10
WBGene00200913.,0,1,1
WBGene00200914.,0,0,0
WBGene00200915.,0,37,37
WBGene00200916.,0,3,3
WBGene00200917.,0,0,0
WBGene00200918.,0,0,0
WBGene00200919.,0,6,6
WBGene00200920.,0,23,23
WBGene00200921.,0,2,2
WBGene00200922.,0,0,0
WBGene00200923.,0,2,2
WBGene00200924.,0,1,1
WBGene00200925.,0,2,2
WBGene00200926.,0,0,0
WBGene00200927.,0,1,1
WBGene00200928.,0,0,0
WBGene00200929.,0,0,0
WBGene00200930.,0,2,2
WBGene00200931.,0,5,5
WBGene00200932.,0,2,2
WBGene00200933.,0,0,0
WBGene00200934.,0,85,85
WBGene00200935.,0,5,5
WBGene00200936.,0,0,0
WBGene00200937.,0,0,0
WBGene00200938.,0,1,1
WBGene00200939.,0,0,0
WBGene00200940.,0,21,21
WBGene00200941.,0,16,16
WBGene00200942.,0,1,1
WBGene00200943.,0,1,1
WBGene00200944.,0,0,0
WBGene00200945.,0,0,0
WBGene00200946.,0,3,3
WBGene00200947.,0,0,0
WBGene00200948.,0,17,17
WBGene00200949.,0,0,0
WBGene00200950.,0,0,0
WBGene00200951.,0,1,1
WBGene00200952.,0,1,1
WBGene00200953.,0,41,41
WBGene00200954.,0,0,0
WBGene00200955.,0,0,0
WBGene00200956.,0,2,2
WBGene00200957.,0,3,3
WBGene00200958.,0,3,3
WBGene00200959.,0,3,3
WBGene00200960.,0,350,350
WBGene00200961.,0,0,0
WBGene00200962.,0,0,0
WBGene00200963.,0,1,1
WBGene00200964.,0,0,0
WBGene00200965.,0,3,3
WBGene00200966.,0,0,0
WBGene00200967.,0,5,5
WBGene00200968.,0,6,6
WBGene00200969.,0,0,0
WBGene00200970.,0,1,1
WBGene00200971.,0,44,44
WBGene00200972.,0,0,0
WBGene00200973.,0,0,0
WBGene00200974.,0,0,0
WBGene00200975.,0,1,1
WBGene00200976.,0,0,0
WBGene00200977.,0,15,15
WBGene00200978.,0,0,0
WBGene00200979.,0,2,2
WBGene00200980.,0,0,0
WBGene00200981.,0,3,3
WBGene00200982.,0,0,0
WBGene00200983.,0,0,0
WBGene00200984.,0,0,0
WBGene00200985.,0,0,0
WBGene00200986.,0,1,1
WBGene00200987.,0,4,4
WBGene00200988.,0,0,0
WBGene00200989.,0,0,0
WBGene00200990.,0,1,1
WBGene00200991.,0,0,0
WBGene00200992.,0,0,0
WBGene00200993.,0,0,0
WBGene00200994.,0,1,1
WBGene00200995.,0,32,32
WBGene00200996.,0,333,333
WBGene00200997.,0,3,3
WBGene00200998.,0,0,0
WBGene00200999.,0,0,0
WBGene00201000.,0,0,0
WBGene00201001.,0,16,16
WBGene00201002.,0,5,5
WBGene00201003.,0,0,0
WBGene00201004.,0,15,15
WBGene00201005.,0,21,21
WBGene00201006.,0,5,5
WBGene00201007.,0,0,0
WBGene00201008.,0,4,4
WBGene00201009.,0,0,0
WBGene00201010.,0,15,15
WBGene00201011.,0,0,0
WBGene00201012.,0,3,3
WBGene00201013.,0,0,0
WBGene00201014.,0,3,3
WBGene00201015.,0,1,1
WBGene00201016.,0,0,0
WBGene00201017.,0,0,0
WBGene00201018.,0,1,1
WBGene00201019.,0,10,10
WBGene00201020.,0,0,0
WBGene00201021.,0,12,12
WBGene00201022.,0,0,0
WBGene00201023.,0,0,0
WBGene00201024.,0,0,0
WBGene00201025.,0,0,0
WBGene00201026.,0,0,0
WBGene00201027.,0,1,1
WBGene00201028.,0,21,21
WBGene00201029.,0,0,0
WBGene00201030.,0,1,1
WBGene00201031.,0,78,78
WBGene00201032.,0,1,1
WBGene00201033.,0,6,6
WBGene00201034.,0,10,10
WBGene00201035.,0,1,1
WBGene00201036.,0,0,0
WBGene00201037.,0,1,1
WBGene00201038.,0,3,3
WBGene00201039.,0,0,0
WBGene00201040.,0,0,0
WBGene00201041.,0,13,13
WBGene00201042.,0,1,1
WBGene00201043.,0,3,3
WBGene00201044.,0,1,1
WBGene00201045.,0,91,91
WBGene00201046.,0,0,0
WBGene00201047.,0,0,0
WBGene00201048.,0,2,2
WBGene00201049.,0,0,0
WBGene00201050.,0,1,1
WBGene00201051.,0,0,0
WBGene00201052.,0,0,0
WBGene00201053.,0,1,1
WBGene00201054.,0,6,6
WBGene00201055.,0,0,0
WBGene00201056.,0,1,1
WBGene00201057.,0,9,9
WBGene00201058.,0,3,3
WBGene00201059.,0,0,0
WBGene00201060.,0,0,0
WBGene00201061.,0,0,0
WBGene00201062.,0,0,0
WBGene00201063.,0,0,0
WBGene00201064.,0,1,1
WBGene00201065.,0,0,0
WBGene00201066.,0,5,5
WBGene00201067.,0,0,0
WBGene00201068.,0,4,4
WBGene00201069.,0,5,5
WBGene00201070.,0,0,0
WBGene00201071.,0,1,1
WBGene00201072.,0,2,2
WBGene00201073.,0,0,0
WBGene00201074.,0,3,3
WBGene00201075.,0,70,70
WBGene00201076.,0,8,8
WBGene00201077.,0,0,0
WBGene00201078.,0,4,4
WBGene00201079.,0,3,3
WBGene00201080.,0,24,24
WBGene00201081.,0,0,0
WBGene00201082.,0,102,102
WBGene00201083.,0,1,1
WBGene00201084.,0,1,1
WBGene00201085.,0,0,0
WBGene00201086.,0,0,0
WBGene00201087.,0,8,8
WBGene00201088.,0,0,0
WBGene00201089.,0,0,0
WBGene00201090.,0,1,1
WBGene00201091.,0,0,0
WBGene00201092.,0,3,3
WBGene00201093.,0,14,14
WBGene00201094.,0,3,3
WBGene00201095.,0,0,0
WBGene00201096.,0,0,0
WBGene00201097.,0,0,0
WBGene00201098.,0,6,6
WBGene00201099.,0,0,0
WBGene00201100.,0,9,9
WBGene00201101.,0,0,0
WBGene00201102.,0,4,4
WBGene00201103.,0,0,0
WBGene00201104.,0,0,0
WBGene00201105.,0,0,0
WBGene00201106.,0,0,0
WBGene00201107.,0,0,0
WBGene00201108.,0,0,0
WBGene00201109.,0,4,4
WBGene00201110.,0,2,2
WBGene00201111.,0,48,48
WBGene00201112.,0,1,1
WBGene00201113.,0,0,0
WBGene00201114.,0,0,0
WBGene00201115.,0,2,2
WBGene00201116.,0,2,2
WBGene00201117.,0,0,0
WBGene00201118.,0,5,5
WBGene00201119.,0,2,2
WBGene00201120.,0,2,2
WBGene00201121.,0,4,4
WBGene00201122.,0,0,0
WBGene00201123.,0,0,0
WBGene00201124.,0,7,7
WBGene00201125.,0,3,3
WBGene00201126.,0,7,7
WBGene00201127.,0,1,1
WBGene00201128.,0,0,0
WBGene00201129.,0,18,18
WBGene00201130.,0,0,0
WBGene00201131.,0,6,6
WBGene00201132.,0,1,1
WBGene00201133.,0,2,2
WBGene00201134.,0,0,0
WBGene00201135.,0,1,1
WBGene00201136.,0,0,0
WBGene00201137.,0,0,0
WBGene00201138.,0,0,0
WBGene00201139.,0,7,7
WBGene00201140.,0,0,0
WBGene00201141.,0,19,19
WBGene00201142.,0,0,0
WBGene00201143.,0,3,3
WBGene00201145.,0,0,0
WBGene00201146.,0,3,3
WBGene00201147.,0,0,0
WBGene00201148.,0,0,0
WBGene00201149.,0,4,4
WBGene00201150.,0,8,8
WBGene00201151.,0,2,2
WBGene00201152.,0,0,0
WBGene00201153.,0,1,1
WBGene00201154.,0,0,0
WBGene00201155.,0,1,1
WBGene00201156.,0,3,3
WBGene00201157.,0,0,0
WBGene00201158.,0,2,2
WBGene00201159.,0,13,13
WBGene00201160.,0,1,1
WBGene00201161.,0,1,1
WBGene00201162.,0,1,1
WBGene00201163.,0,0,0
WBGene00201164.,0,0,0
WBGene00201165.,0,0,0
WBGene00201166.,0,0,0
WBGene00201167.,0,3,3
WBGene00201168.,0,0,0
WBGene00201169.,0,0,0
WBGene00201170.,0,0,0
WBGene00201171.,0,1,1
WBGene00201172.,0,0,0
WBGene00201173.,0,0,0
WBGene00201174.,0,2,2
WBGene00201175.,0,7,7
WBGene00201176.,0,0,0
WBGene00201177.,0,1,1
WBGene00201178.,0,0,0
WBGene00201179.,0,11,11
WBGene00201180.,0,0,0
WBGene00201181.,0,115,115
WBGene00201182.,0,0,0
WBGene00201183.,0,0,0
WBGene00201184.,0,0,0
WBGene00201185.,0,12,12
WBGene00201186.,0,0,0
WBGene00201187.,0,1,1
WBGene00201188.,0,20,20
WBGene00201189.,0,0,0
WBGene00201190.,0,0,0
WBGene00201191.,0,0,0
WBGene00201192.,0,0,0
WBGene00201193.,0,0,0
WBGene00201194.,0,1,1
WBGene00201195.,0,0,0
WBGene00201196.,0,0,0
WBGene00201197.,0,0,0
WBGene00201198.,0,65,65
WBGene00201199.,0,1,1
WBGene00201200.,0,0,0
WBGene00201201.,0,5,5
WBGene00201202.,0,4,4
WBGene00201203.,0,8,8
WBGene00201204.,0,9,9
WBGene00201205.,0,3,3
WBGene00201206.,0,0,0
WBGene00201207.,0,18,18
WBGene00201208.,0,5,5
WBGene00201209.,0,0,0
WBGene00201210.,0,5,5
WBGene00201211.,0,60,60
WBGene00201212.,0,5,5
WBGene00201213.,0,0,0
WBGene00201214.,0,5,5
WBGene00201215.,0,9,9
WBGene00201216.,0,0,0
WBGene00201217.,0,0,0
WBGene00201218.,0,9,9
WBGene00201219.,0,107,107
WBGene00201220.,0,5,5
WBGene00201221.,0,5,5
WBGene00201222.,0,0,0
WBGene00201223.,0,0,0
WBGene00201224.,0,3,3
WBGene00201225.,0,0,0
WBGene00201226.,0,1,1
WBGene00201227.,0,0,0
WBGene00201228.,0,5,5
WBGene00201229.,0,5,5
WBGene00201230.,0,0,0
WBGene00201231.,0,1,1
WBGene00201232.,0,0,0
WBGene00201233.,0,1,1
WBGene00201234.,0,1,1
WBGene00201235.,0,0,0
WBGene00201236.,0,0,0
WBGene00201237.,0,1,1
WBGene00201238.,0,0,0
WBGene00201239.,0,11,11
WBGene00201240.,0,0,0
WBGene00201241.,0,0,0
WBGene00201242.,0,1,1
WBGene00201243.,0,1,1
WBGene00201244.,0,0,0
WBGene00201245.,0,12,12
WBGene00201246.,0,4,4
WBGene00201247.,0,5,5
WBGene00201248.,0,11,11
WBGene00201249.,0,3,3
WBGene00201250.,0,0,0
WBGene00201251.,0,1,1
WBGene00201252.,0,0,0
WBGene00201253.,0,1,1
WBGene00201254.,0,0,0
WBGene00201255.,0,1,1
WBGene00201256.,0,0,0
WBGene00201257.,0,3,3
WBGene00201258.,0,9,9
WBGene00201259.,0,1,1
WBGene00201260.,0,0,0
WBGene00201261.,0,0,0
WBGene00201262.,0,2,2
WBGene00201263.,0,1,1
WBGene00201264.,0,0,0
WBGene00201265.,0,0,0
WBGene00201266.,0,4,4
WBGene00201267.,0,4,4
WBGene00201268.,0,3,3
WBGene00201269.,0,7,7
WBGene00201270.,0,1,1
WBGene00201271.,0,2,2
WBGene00201272.,0,2,2
WBGene00201273.,0,50,50
WBGene00201274.,0,0,0
WBGene00201275.,0,5,5
WBGene00201276.,0,0,0
WBGene00201277.,0,9,9
WBGene00201278.,0,0,0
WBGene00201279.,0,0,0
WBGene00201280.,0,0,0
WBGene00201281.,0,2,2
WBGene00201282.,0,90,90
WBGene00201283.,0,0,0
WBGene00201284.,0,7,7
WBGene00201285.,0,0,0
WBGene00201286.,0,4,4
WBGene00201287.,0,1,1
WBGene00201288.,0,7,7
WBGene00201289.,0,5,5
WBGene00201290.,0,19,19
WBGene00201291.,0,8,8
WBGene00201292.,0,3,3
WBGene00201293.,0,0,0
WBGene00201294.,0,0,0
WBGene00201295.,0,0,0
WBGene00201296.,0,2,2
WBGene00201297.,0,1,1
WBGene00201298.,0,1,1
WBGene00201299.,0,0,0
WBGene00201300.,0,0,0
WBGene00201301.,0,13,13
WBGene00201302.,0,1,1
WBGene00201303.,0,47,47
WBGene00201304.,0,4,4
WBGene00201305.,0,1,1
WBGene00201306.,0,0,0
WBGene00201307.,0,0,0
WBGene00201308.,0,3,3
WBGene00201309.,0,0,0
WBGene00201310.,0,1,1
WBGene00201311.,0,8,8
WBGene00201312.,0,0,0
WBGene00201313.,0,0,0
WBGene00201314.,0,0,0
WBGene00201315.,0,3,3
WBGene00201316.,0,0,0
WBGene00201317.,0,9,9
WBGene00201318.,0,3,3
WBGene00201319.,0,0,0
WBGene00201320.,0,5,5
WBGene00201321.,0,0,0
WBGene00201322.,0,13,13
WBGene00201323.,0,6,6
WBGene00201324.,0,0,0
WBGene00201325.,0,4,4
WBGene00201326.,0,3,3
WBGene00201327.,0,3,3
WBGene00201328.,0,0,0
WBGene00201329.,0,5,5
WBGene00201330.,0,0,0
WBGene00201331.,0,8,8
WBGene00201332.,0,0,0
WBGene00201333.,0,2,2
WBGene00201334.,0,1,1
WBGene00201335.,0,0,0
WBGene00201336.,0,1,1
WBGene00201337.,0,0,0
WBGene00201338.,0,0,0
WBGene00201339.,0,0,0
WBGene00201340.,0,1,1
WBGene00201341.,0,0,0
WBGene00201342.,0,0,0
WBGene00201343.,0,3,3
WBGene00201344.,0,0,0
WBGene00201345.,0,1,1
WBGene00201346.,0,4,4
WBGene00201347.,0,0,0
WBGene00201348.,0,7,7
WBGene00201349.,0,11,11
WBGene00201350.,0,0,0
WBGene00201351.,0,7,7
WBGene00201352.,0,7,7
WBGene00201353.,0,2,2
WBGene00201354.,0,5,5
WBGene00201355.,0,0,0
WBGene00201356.,0,0,0
WBGene00201357.,0,0,0
WBGene00201358.,0,4,4
WBGene00201359.,0,0,0
WBGene00201360.,0,2,2
WBGene00201361.,0,0,0
WBGene00201362.,0,0,0
WBGene00201363.,0,0,0
WBGene00201364.,0,1,1
WBGene00201365.,0,0,0
WBGene00201366.,0,0,0
WBGene00201367.,0,0,0
WBGene00201368.,0,0,0
WBGene00201369.,0,1,1
WBGene00201370.,0,16,16
WBGene00201371.,0,1,1
WBGene00201372.,0,64,64
WBGene00201373.,0,5,5
WBGene00201374.,0,10,10
WBGene00201375.,0,0,0
WBGene00201376.,0,0,0
WBGene00201377.,0,0,0
WBGene00201378.,0,16,16
WBGene00201379.,0,0,0
WBGene00201380.,0,2,2
WBGene00201381.,0,31,31
WBGene00201382.,0,0,0
WBGene00201383.,0,4,4
WBGene00201384.,0,1,1
WBGene00201385.,0,0,0
WBGene00201386.,0,1,1
WBGene00201387.,0,9,9
WBGene00201388.,0,2,2
WBGene00201389.,0,1,1
WBGene00201390.,0,17,17
WBGene00201391.,0,0,0
WBGene00201392.,0,0,0
WBGene00201393.,0,0,0
WBGene00201394.,0,4,4
WBGene00201395.,0,0,0
WBGene00201396.,0,1,1
WBGene00201397.,0,0,0
WBGene00201398.,0,0,0
WBGene00201399.,0,4,4
WBGene00201400.,0,0,0
WBGene00201401.,0,0,0
WBGene00201402.,0,0,0
WBGene00201403.,0,2,2
WBGene00201404.,0,1,1
WBGene00201405.,0,4,4
WBGene00201406.,0,11,11
WBGene00201407.,0,0,0
WBGene00201408.,0,2,2
WBGene00201409.,0,3,3
WBGene00201410.,0,3,3
WBGene00201411.,0,1,1
WBGene00201412.,0,0,0
WBGene00201413.,0,1,1
WBGene00201414.,0,0,0
WBGene00201415.,0,8,8
WBGene00201416.,0,0,0
WBGene00201417.,0,2,2
WBGene00201418.,0,2,2
WBGene00201419.,0,6,6
WBGene00201420.,0,10,10
WBGene00201421.,0,1,1
WBGene00201422.,0,2,2
WBGene00201423.,0,13,13
WBGene00201424.,0,0,0
WBGene00201425.,0,0,0
WBGene00201426.,0,2,2
WBGene00201427.,0,0,0
WBGene00201428.,0,0,0
WBGene00201429.,0,0,0
WBGene00201430.,0,36,36
WBGene00201431.,0,0,0
WBGene00201432.,0,2,2
WBGene00201433.,0,1,1
WBGene00201434.,0,0,0
WBGene00201435.,0,1,1
WBGene00201436.,0,0,0
WBGene00201437.,0,4,4
WBGene00201438.,0,4,4
WBGene00201439.,0,0,0
WBGene00201440.,0,0,0
WBGene00201441.,0,279,279
WBGene00201442.,0,1,1
WBGene00201443.,0,0,0
WBGene00201444.,0,0,0
WBGene00201445.,0,0,0
WBGene00201446.,0,0,0
WBGene00201447.,0,94,94
WBGene00201448.,0,3,3
WBGene00201449.,0,3,3
WBGene00201450.,0,0,0
WBGene00201451.,0,1,1
WBGene00201452.,0,0,0
WBGene00201453.,0,0,0
WBGene00201454.,0,0,0
WBGene00201455.,0,0,0
WBGene00201456.,0,12,12
WBGene00201457.,0,0,0
WBGene00201458.,0,675,675
WBGene00201459.,0,0,0
WBGene00201460.,0,0,0
WBGene00201461.,0,2,2
WBGene00201462.,0,0,0
WBGene00201463.,0,2,2
WBGene00201464.,0,0,0
WBGene00201465.,0,7,7
WBGene00201466.,0,6,6
WBGene00201467.,0,0,0
WBGene00201468.,0,1,1
WBGene00201469.,0,0,0
WBGene00201470.,0,0,0
WBGene00201471.,0,0,0
WBGene00201472.,0,0,0
WBGene00201473.,0,2,2
WBGene00201474.,0,1,1
WBGene00201475.,0,1,1
WBGene00201476.,0,0,0
WBGene00201477.,0,0,0
WBGene00201478.,0,0,0
WBGene00201479.,0,0,0
WBGene00201480.,0,3,3
WBGene00201481.,0,16,16
WBGene00201482.,0,0,0
WBGene00201483.,0,0,0
WBGene00201484.,0,0,0
WBGene00201485.,0,2,2
WBGene00201486.,0,3,3
WBGene00201487.,0,5,5
WBGene00201488.,0,0,0
WBGene00201489.,0,1,1
WBGene00201490.,0,1,1
WBGene00201491.,0,0,0
WBGene00201492.,0,7,7
WBGene00201493.,0,1,1
WBGene00201494.,0,1,1
WBGene00201495.,0,0,0
WBGene00201496.,0,7,7
WBGene00201497.,0,0,0
WBGene00201498.,0,3,3
WBGene00201499.,0,14,14
WBGene00201500.,0,1,1
WBGene00201501.,0,48,48
WBGene00201502.,0,0,0
WBGene00201503.,0,1,1
WBGene00201504.,0,0,0
WBGene00201505.,0,0,0
WBGene00201506.,0,1,1
WBGene00201507.,0,0,0
WBGene00201508.,0,7,7
WBGene00201509.,0,8,8
WBGene00201510.,0,3,3
WBGene00201511.,0,0,0
WBGene00201512.,0,1,1
WBGene00201513.,0,11,11
WBGene00201514.,0,4,4
WBGene00201515.,0,0,0
WBGene00201516.,0,0,0
WBGene00201517.,0,16,16
WBGene00201518.,0,1,1
WBGene00201519.,0,2,2
WBGene00201520.,0,0,0
WBGene00201521.,0,6,6
WBGene00201522.,0,2,2
WBGene00201523.,0,1,1
WBGene00201524.,0,0,0
WBGene00201525.,0,0,0
WBGene00201526.,0,1,1
WBGene00201527.,0,1,1
WBGene00201528.,0,1,1
WBGene00201529.,0,0,0
WBGene00201530.,0,5,5
WBGene00201531.,0,3,3
WBGene00201532.,0,3,3
WBGene00201533.,0,1,1
WBGene00201534.,0,5,5
WBGene00201535.,0,1,1
WBGene00201536.,0,0,0
WBGene00201537.,0,0,0
WBGene00201538.,0,4,4
WBGene00201539.,0,0,0
WBGene00201540.,0,2,2
WBGene00201541.,0,3,3
WBGene00201542.,0,0,0
WBGene00201543.,0,2,2
WBGene00201544.,0,1,1
WBGene00201545.,0,0,0
WBGene00201546.,0,0,0
WBGene00201547.,0,7,7
WBGene00201548.,0,0,0
WBGene00201549.,0,0,0
WBGene00201550.,0,9,9
WBGene00201551.,0,1,1
WBGene00201552.,0,0,0
WBGene00201553.,0,0,0
WBGene00201554.,0,0,0
WBGene00201555.,0,0,0
WBGene00201556.,0,4,4
WBGene00201557.,0,6,6
WBGene00201558.,0,1,1
WBGene00201559.,0,0,0
WBGene00201560.,0,0,0
WBGene00201561.,0,27,27
WBGene00201562.,0,0,0
WBGene00201563.,0,0,0
WBGene00201564.,0,2,2
WBGene00201565.,0,5,5
WBGene00201566.,0,1,1
WBGene00201567.,0,16,16
WBGene00201568.,0,0,0
WBGene00201569.,0,1,1
WBGene00201570.,0,0,0
WBGene00201571.,0,1,1
WBGene00201572.,0,1,1
WBGene00201573.,0,2,2
WBGene00201574.,0,0,0
WBGene00201575.,0,0,0
WBGene00201576.,0,6,6
WBGene00201577.,0,0,0
WBGene00201578.,0,12,12
WBGene00201579.,0,3,3
WBGene00201580.,0,24,24
WBGene00201581.,0,4,4
WBGene00201582.,0,17,17
WBGene00201583.,0,0,0
WBGene00201584.,0,2,2
WBGene00201585.,0,0,0
WBGene00201586.,0,29,29
WBGene00201587.,0,1,1
WBGene00201588.,0,0,0
WBGene00201589.,0,1,1
WBGene00201590.,0,0,0
WBGene00201591.,0,14,14
WBGene00201592.,0,0,0
WBGene00201593.,0,0,0
WBGene00201594.,0,2,2
WBGene00201595.,0,1,1
WBGene00201596.,0,7,7
WBGene00201597.,0,0,0
WBGene00201598.,0,2,2
WBGene00201599.,0,34,34
WBGene00201600.,0,0,0
WBGene00201601.,0,5,5
WBGene00201602.,0,10,10
WBGene00201603.,0,16,16
WBGene00201604.,0,41,41
WBGene00201605.,0,0,0
WBGene00201606.,0,2,2
WBGene00201607.,0,0,0
WBGene00201608.,0,0,0
WBGene00201609.,0,6,6
WBGene00201610.,0,4,4
WBGene00201611.,0,1,1
WBGene00201612.,0,0,0
WBGene00201613.,0,0,0
WBGene00201614.,0,1,1
WBGene00201615.,0,0,0
WBGene00201616.,0,0,0
WBGene00201617.,0,0,0
WBGene00201618.,0,0,0
WBGene00201619.,0,4,4
WBGene00201620.,0,1,1
WBGene00201621.,0,0,0
WBGene00201622.,0,0,0
WBGene00201623.,0,1,1
WBGene00201624.,0,4,4
WBGene00201625.,0,82,82
WBGene00201626.,0,25,25
WBGene00201627.,0,2,2
WBGene00201628.,0,0,0
WBGene00201629.,0,1,1
WBGene00201630.,0,0,0
WBGene00201631.,0,0,0
WBGene00201632.,0,2,2
WBGene00201633.,0,17,17
WBGene00201634.,0,8,8
WBGene00201636.,0,1,1
WBGene00201637.,0,0,0
WBGene00201638.,0,1,1
WBGene00201639.,0,0,0
WBGene00201640.,0,0,0
WBGene00201641.,0,9,9
WBGene00201642.,0,24,24
WBGene00201643.,0,1,1
WBGene00201644.,0,11,11
WBGene00201645.,0,11,11
WBGene00201646.,0,26,26
WBGene00201647.,0,0,0
WBGene00201648.,0,1,1
WBGene00201649.,0,1,1
WBGene00201650.,0,36,36
WBGene00201651.,0,29,29
WBGene00201652.,0,3,3
WBGene00201653.,0,2,2
WBGene00201654.,0,10,10
WBGene00201655.,0,1,1
WBGene00201656.,0,0,0
WBGene00201657.,0,0,0
WBGene00201658.,0,4,4
WBGene00201659.,0,0,0
WBGene00201660.,0,8,8
WBGene00201661.,0,0,0
WBGene00201662.,0,2,2
WBGene00201663.,0,0,0
WBGene00201664.,0,10,10
WBGene00201665.,0,0,0
WBGene00201666.,0,0,0
WBGene00201667.,0,1,1
WBGene00201668.,0,0,0
WBGene00201669.,0,156,156
WBGene00201670.,0,33,33
WBGene00201671.,0,0,0
WBGene00201672.,0,1,1
WBGene00201673.,0,4,4
WBGene00201674.,0,0,0
WBGene00201675.,0,2,2
WBGene00201676.,0,9,9
WBGene00201677.,0,11,11
WBGene00201678.,0,3,3
WBGene00201679.,0,5,5
WBGene00201680.,0,0,0
WBGene00201681.,0,2,2
WBGene00201682.,0,0,0
WBGene00201683.,0,2,2
WBGene00201684.,0,0,0
WBGene00201685.,0,0,0
WBGene00201686.,0,0,0
WBGene00201687.,0,0,0
WBGene00201688.,0,0,0
WBGene00201689.,0,4,4
WBGene00201690.,0,1,1
WBGene00201691.,0,0,0
WBGene00201692.,0,8,8
WBGene00201693.,0,0,0
WBGene00201694.,0,4,4
WBGene00201695.,0,0,0
WBGene00201696.,0,1,1
WBGene00201697.,0,0,0
WBGene00201698.,0,5,5
WBGene00201699.,0,2,2
WBGene00201700.,0,0,0
WBGene00201701.,0,2,2
WBGene00201702.,0,2,2
WBGene00201703.,0,1,1
WBGene00201704.,0,0,0
WBGene00201705.,0,2,2
WBGene00201706.,0,3,3
WBGene00201707.,0,0,0
WBGene00201708.,0,0,0
WBGene00201709.,0,0,0
WBGene00201710.,0,0,0
WBGene00201711.,0,8,8
WBGene00201712.,0,3,3
WBGene00201713.,0,0,0
WBGene00201714.,0,1,1
WBGene00201715.,0,2,2
WBGene00201716.,0,0,0
WBGene00201717.,0,0,0
WBGene00201718.,0,5,5
WBGene00201719.,0,0,0
WBGene00201720.,0,0,0
WBGene00201721.,0,2,2
WBGene00201722.,0,1,1
WBGene00201723.,0,0,0
WBGene00201724.,0,0,0
WBGene00201725.,0,0,0
WBGene00201726.,0,0,0
WBGene00201727.,0,2,2
WBGene00201728.,0,0,0
WBGene00201729.,0,2,2
WBGene00201730.,0,34,34
WBGene00201731.,0,0,0
WBGene00201732.,0,1,1
WBGene00201733.,0,0,0
WBGene00201734.,0,1,1
WBGene00201735.,0,2,2
WBGene00201736.,0,0,0
WBGene00201737.,0,0,0
WBGene00201738.,0,0,0
WBGene00201739.,0,23,23
WBGene00201740.,0,8,8
WBGene00201741.,0,13,13
WBGene00201742.,0,2,2
WBGene00201743.,0,0,0
WBGene00201744.,0,2,2
WBGene00201745.,0,366,366
WBGene00201746.,0,0,0
WBGene00201747.,0,5,5
WBGene00201748.,0,0,0
WBGene00201749.,0,2,2
WBGene00201750.,0,0,0
WBGene00201751.,0,0,0
WBGene00201752.,0,30,30
WBGene00201753.,0,8,8
WBGene00201754.,0,8,8
WBGene00201755.,0,33,33
WBGene00201756.,0,1,1
WBGene00201757.,0,4,4
WBGene00201758.,0,0,0
WBGene00201759.,0,1,1
WBGene00201760.,0,3,3
WBGene00201761.,0,9,9
WBGene00201762.,0,2,2
WBGene00201763.,0,0,0
WBGene00201764.,0,2,2
WBGene00201765.,0,0,0
WBGene00201766.,0,2,2
WBGene00201767.,0,1,1
WBGene00201768.,0,7,7
WBGene00201769.,0,2,2
WBGene00201770.,0,26,26
WBGene00201771.,0,11,11
WBGene00201772.,0,0,0
WBGene00201773.,0,6,6
WBGene00201774.,0,0,0
WBGene00201775.,0,0,0
WBGene00201776.,0,0,0
WBGene00201777.,0,0,0
WBGene00201778.,0,42,42
WBGene00201779.,0,1,1
WBGene00201780.,0,0,0
WBGene00201781.,0,0,0
WBGene00201782.,0,0,0
WBGene00201783.,0,11,11
WBGene00201784.,0,5,5
WBGene00201785.,0,2,2
WBGene00201786.,0,1,1
WBGene00201787.,0,0,0
WBGene00201788.,0,0,0
WBGene00201789.,0,2,2
WBGene00201790.,0,2,2
WBGene00201791.,0,0,0
WBGene00201792.,0,0,0
WBGene00201793.,0,1,1
WBGene00201794.,0,0,0
WBGene00201795.,0,0,0
WBGene00201796.,0,0,0
WBGene00201797.,0,4,4
WBGene00201798.,0,0,0
WBGene00201799.,0,3,3
WBGene00201800.,0,0,0
WBGene00201801.,0,2,2
WBGene00201802.,0,1,1
WBGene00201803.,0,0,0
WBGene00201804.,0,0,0
WBGene00201805.,0,3,3
WBGene00201806.,0,5,5
WBGene00201807.,0,19,19
WBGene00201808.,0,0,0
WBGene00201809.,0,1,1
WBGene00201810.,0,0,0
WBGene00201811.,0,16,16
WBGene00201812.,0,0,0
WBGene00201813.,0,0,0
WBGene00201814.,0,0,0
WBGene00201815.,0,1,1
WBGene00201816.,0,1,1
WBGene00201817.,0,2,2
WBGene00201818.,0,0,0
WBGene00201819.,0,0,0
WBGene00201820.,0,1,1
WBGene00201821.,0,18,18
WBGene00201822.,0,0,0
WBGene00201823.,0,0,0
WBGene00201824.,0,0,0
WBGene00201825.,0,25,25
WBGene00201826.,0,0,0
WBGene00201827.,0,5,5
WBGene00201828.,0,3,3
WBGene00201829.,0,0,0
WBGene00201830.,0,1,1
WBGene00201831.,0,7,7
WBGene00201832.,0,0,0
WBGene00201833.,0,0,0
WBGene00201834.,0,0,0
WBGene00201835.,0,0,0
WBGene00201836.,0,11,11
WBGene00201837.,0,0,0
WBGene00201838.,0,20,20
WBGene00201839.,0,0,0
WBGene00201840.,0,1,1
WBGene00201841.,0,0,0
WBGene00201842.,0,4,4
WBGene00201843.,0,1,1
WBGene00201844.,0,3,3
WBGene00201845.,0,6,6
WBGene00201846.,0,12,12
WBGene00201847.,0,1,1
WBGene00201848.,0,3,3
WBGene00201849.,0,0,0
WBGene00201850.,0,0,0
WBGene00201851.,0,0,0
WBGene00201852.,0,0,0
WBGene00201853.,0,3,3
WBGene00201854.,0,2,2
WBGene00201855.,0,31,31
WBGene00201856.,0,0,0
WBGene00201857.,0,2,2
WBGene00201858.,0,1,1
WBGene00201859.,0,0,0
WBGene00201860.,0,5,5
WBGene00201861.,0,3,3
WBGene00201862.,0,0,0
WBGene00201863.,0,0,0
WBGene00201864.,0,1,1
WBGene00201865.,0,1,1
WBGene00201866.,0,0,0
WBGene00201867.,0,1,1
WBGene00201868.,0,5,5
WBGene00201869.,0,0,0
WBGene00201870.,0,0,0
WBGene00201871.,0,151,151
WBGene00201872.,0,0,0
WBGene00201873.,0,0,0
WBGene00201874.,0,0,0
WBGene00201875.,0,0,0
WBGene00201876.,0,0,0
WBGene00201877.,0,1,1
WBGene00201878.,0,0,0
WBGene00201879.,0,1,1
WBGene00201880.,0,0,0
WBGene00201881.,0,5,5
WBGene00201882.,0,0,0
WBGene00201883.,0,0,0
WBGene00201884.,0,1,1
WBGene00201885.,0,10,10
WBGene00201886.,0,0,0
WBGene00201887.,0,2,2
WBGene00201888.,0,0,0
WBGene00201889.,0,19,19
WBGene00201890.,0,0,0
WBGene00201891.,0,1,1
WBGene00201892.,0,0,0
WBGene00201893.,0,1,1
WBGene00201894.,0,1,1
WBGene00201895.,0,0,0
WBGene00201896.,0,0,0
WBGene00201897.,0,1,1
WBGene00201898.,0,5,5
WBGene00201899.,0,3,3
WBGene00201900.,0,7,7
WBGene00201901.,0,14,14
WBGene00201902.,0,3,3
WBGene00201903.,0,6,6
WBGene00201904.,0,0,0
WBGene00201905.,0,1,1
WBGene00201906.,0,4,4
WBGene00201907.,0,7,7
WBGene00201908.,0,9,9
WBGene00201909.,0,13,13
WBGene00201910.,0,0,0
WBGene00201911.,0,0,0
WBGene00201912.,0,0,0
WBGene00201913.,0,3,3
WBGene00201914.,0,0,0
WBGene00201915.,0,19,19
WBGene00201916.,0,33,33
WBGene00201917.,0,11,11
WBGene00201918.,0,0,0
WBGene00201919.,0,101,101
WBGene00201920.,0,0,0
WBGene00201921.,0,1,1
WBGene00201922.,0,0,0
WBGene00201923.,0,9,9
WBGene00201924.,0,0,0
WBGene00201925.,0,0,0
WBGene00201926.,0,0,0
WBGene00201927.,0,0,0
WBGene00201928.,0,4,4
WBGene00201929.,0,0,0
WBGene00201930.,0,3,3
WBGene00201931.,0,0,0
WBGene00201932.,0,0,0
WBGene00201933.,0,43,43
WBGene00201934.,0,0,0
WBGene00201935.,0,0,0
WBGene00201936.,0,0,0
WBGene00201937.,0,1,1
WBGene00201938.,0,0,0
WBGene00201939.,0,0,0
WBGene00201940.,0,0,0
WBGene00201941.,0,2,2
WBGene00201942.,0,13,13
WBGene00201943.,0,0,0
WBGene00201944.,0,14,14
WBGene00201945.,0,5,5
WBGene00201946.,0,0,0
WBGene00201947.,0,0,0
WBGene00201948.,0,0,0
WBGene00201949.,0,6,6
WBGene00201950.,0,0,0
WBGene00201951.,0,0,0
WBGene00201952.,0,6,6
WBGene00201953.,0,122,122
WBGene00201954.,0,4,4
WBGene00201955.,0,0,0
WBGene00201956.,0,0,0
WBGene00201957.,0,0,0
WBGene00201958.,0,0,0
WBGene00201959.,0,1,1
WBGene00201960.,0,0,0
WBGene00201961.,0,0,0
WBGene00201962.,0,1,1
WBGene00201963.,0,0,0
WBGene00201964.,0,354,354
WBGene00201965.,0,7,7
WBGene00201966.,0,22,22
WBGene00201967.,0,8,8
WBGene00201968.,0,0,0
WBGene00201969.,0,3,3
WBGene00201970.,0,5,5
WBGene00201971.,0,1,1
WBGene00201972.,0,0,0
WBGene00201973.,0,0,0
WBGene00201974.,0,0,0
WBGene00201975.,0,0,0
WBGene00201976.,0,0,0
WBGene00201977.,0,0,0
WBGene00201978.,0,0,0
WBGene00201979.,0,0,0
WBGene00201980.,0,1,1
WBGene00201981.,0,0,0
WBGene00201982.,0,25,25
WBGene00201983.,0,4,4
WBGene00201984.,0,3,3
WBGene00201985.,0,2,2
WBGene00201986.,0,7,7
WBGene00201987.,0,4,4
WBGene00201988.,0,0,0
WBGene00201989.,0,4,4
WBGene00201990.,0,1,1
WBGene00201991.,0,3,3
WBGene00201992.,0,1,1
WBGene00201993.,0,6,6
WBGene00201994.,0,22,22
WBGene00201995.,0,3,3
WBGene00201996.,0,0,0
WBGene00201997.,0,5,5
WBGene00201998.,0,6,6
WBGene00201999.,0,0,0
WBGene00202000.,0,3,3
WBGene00202001.,0,34,34
WBGene00202002.,0,1,1
WBGene00202003.,0,0,0
WBGene00202004.,0,0,0
WBGene00202005.,0,6,6
WBGene00202006.,0,0,0
WBGene00202007.,0,0,0
WBGene00202008.,0,10,10
WBGene00202009.,0,1,1
WBGene00202010.,0,1,1
WBGene00202011.,0,12,12
WBGene00202012.,0,6,6
WBGene00202013.,0,0,0
WBGene00202014.,0,0,0
WBGene00202015.,0,0,0
WBGene00202016.,0,55,55
WBGene00202017.,0,3,3
WBGene00202018.,0,0,0
WBGene00202019.,0,0,0
WBGene00202020.,0,3,3
WBGene00202021.,0,23,23
WBGene00202022.,0,0,0
WBGene00202023.,0,3,3
WBGene00202024.,0,1,1
WBGene00202025.,0,0,0
WBGene00202026.,0,2,2
WBGene00202027.,0,1,1
WBGene00202028.,0,12,12
WBGene00202029.,0,31,31
WBGene00202030.,0,19,19
WBGene00202031.,0,0,0
WBGene00202032.,0,1,1
WBGene00202033.,0,8,8
WBGene00202034.,0,6,6
WBGene00202035.,0,2,2
WBGene00202036.,0,8,8
WBGene00202037.,0,0,0
WBGene00202038.,0,2,2
WBGene00202039.,0,2,2
WBGene00202040.,0,0,0
WBGene00202041.,0,0,0
WBGene00202042.,0,0,0
WBGene00202043.,0,0,0
WBGene00202044.,0,6,6
WBGene00202045.,0,0,0
WBGene00202046.,0,0,0
WBGene00202047.,0,1,1
WBGene00202048.,0,5,5
WBGene00202049.,0,0,0
WBGene00202050.,0,3,3
WBGene00202051.,0,1,1
WBGene00202052.,0,0,0
WBGene00202053.,0,4,4
WBGene00202054.,0,1,1
WBGene00202055.,0,0,0
WBGene00202056.,0,13,13
WBGene00202057.,0,0,0
WBGene00202058.,0,1,1
WBGene00202059.,0,4,4
WBGene00202060.,0,19,19
WBGene00202061.,0,4,4
WBGene00202062.,0,7,7
WBGene00202063.,0,1,1
WBGene00202064.,0,0,0
WBGene00202065.,0,17,17
WBGene00202066.,0,3,3
WBGene00202067.,0,0,0
WBGene00202068.,0,0,0
WBGene00202069.,0,0,0
WBGene00202070.,0,3,3
WBGene00202071.,0,1,1
WBGene00202072.,0,0,0
WBGene00202073.,0,0,0
WBGene00202074.,0,28,28
WBGene00202075.,0,0,0
WBGene00202076.,0,0,0
WBGene00202077.,0,3,3
WBGene00202078.,0,0,0
WBGene00202079.,0,9,9
WBGene00202080.,0,7,7
WBGene00202081.,0,0,0
WBGene00202082.,0,6,6
WBGene00202083.,0,1,1
WBGene00202084.,0,4,4
WBGene00202085.,0,7,7
WBGene00202086.,0,4,4
WBGene00202087.,0,17,17
WBGene00202088.,0,15,15
WBGene00202089.,0,2,2
WBGene00202090.,0,0,0
WBGene00202091.,0,14,14
WBGene00202092.,0,2,2
WBGene00202093.,0,0,0
WBGene00202094.,0,2,2
WBGene00202095.,0,1,1
WBGene00202096.,0,13,13
WBGene00202097.,0,5,5
WBGene00202098.,0,5,5
WBGene00202099.,0,6,6
WBGene00202100.,0,2,2
WBGene00202101.,0,4,4
WBGene00202102.,0,6,6
WBGene00202103.,0,0,0
WBGene00202104.,0,1,1
WBGene00202105.,0,29,29
WBGene00202106.,0,0,0
WBGene00202107.,0,9,9
WBGene00202108.,0,0,0
WBGene00202109.,0,2,2
WBGene00202110.,0,0,0
WBGene00202111.,0,0,0
WBGene00202112.,0,4,4
WBGene00202113.,0,3,3
WBGene00202114.,0,0,0
WBGene00202115.,0,2,2
WBGene00202116.,0,0,0
WBGene00202117.,0,0,0
WBGene00202118.,0,1,1
WBGene00202119.,0,1,1
WBGene00202120.,0,0,0
WBGene00202121.,0,1,1
WBGene00202122.,0,2,2
WBGene00202123.,0,0,0
WBGene00202124.,0,0,0
WBGene00202125.,0,0,0
WBGene00202126.,0,1,1
WBGene00202127.,0,0,0
WBGene00202128.,0,0,0
WBGene00202129.,0,0,0
WBGene00202130.,0,5,5
WBGene00202131.,0,1,1
WBGene00202132.,0,17,17
WBGene00202133.,0,36,36
WBGene00202134.,0,3,3
WBGene00202135.,0,0,0
WBGene00202136.,0,104,104
WBGene00202137.,0,3,3
WBGene00202138.,0,0,0
WBGene00202139.,0,0,0
WBGene00202140.,0,14,14
WBGene00202141.,0,0,0
WBGene00202142.,0,1,1
WBGene00202143.,0,12,12
WBGene00202144.,0,0,0
WBGene00202145.,0,9,9
WBGene00202146.,0,0,0
WBGene00202147.,0,0,0
WBGene00202148.,0,0,0
WBGene00202149.,0,0,0
WBGene00202150.,0,16,16
WBGene00202151.,0,2,2
WBGene00202152.,0,1,1
WBGene00202153.,0,0,0
WBGene00202154.,0,0,0
WBGene00202155.,0,0,0
WBGene00202156.,0,1,1
WBGene00202157.,0,1,1
WBGene00202158.,0,3,3
WBGene00202159.,0,3,3
WBGene00202160.,0,0,0
WBGene00202161.,0,3,3
WBGene00202162.,0,0,0
WBGene00202163.,0,1,1
WBGene00202164.,0,0,0
WBGene00202165.,0,0,0
WBGene00202166.,0,2,2
WBGene00202167.,0,5,5
WBGene00202168.,0,0,0
WBGene00202169.,0,0,0
WBGene00202170.,0,2,2
WBGene00202171.,0,0,0
WBGene00202172.,0,0,0
WBGene00202173.,0,0,0
WBGene00202174.,0,2,2
WBGene00202175.,0,0,0
WBGene00202176.,0,0,0
WBGene00202177.,0,0,0
WBGene00202178.,0,0,0
WBGene00202179.,0,0,0
WBGene00202180.,0,1,1
WBGene00202181.,0,1,1
WBGene00202182.,0,0,0
WBGene00202183.,0,3,3
WBGene00202184.,0,1,1
WBGene00202185.,0,0,0
WBGene00202186.,0,0,0
WBGene00202187.,0,5,5
WBGene00202188.,0,0,0
WBGene00202189.,0,0,0
WBGene00202190.,0,0,0
WBGene00202191.,0,8,8
WBGene00202192.,0,9,9
WBGene00202193.,0,0,0
WBGene00202194.,0,3,3
WBGene00202195.,0,9,9
WBGene00202196.,0,3,3
WBGene00202197.,0,0,0
WBGene00202198.,0,2,2
WBGene00202199.,0,0,0
WBGene00202200.,0,0,0
WBGene00202201.,0,0,0
WBGene00202202.,0,0,0
WBGene00202203.,0,0,0
WBGene00202204.,0,0,0
WBGene00202205.,0,1,1
WBGene00202206.,0,0,0
WBGene00202207.,0,0,0
WBGene00202208.,0,0,0
WBGene00202209.,0,0,0
WBGene00202210.,0,0,0
WBGene00202211.,0,0,0
WBGene00202212.,0,0,0
WBGene00202213.,0,0,0
WBGene00202214.,0,2,2
WBGene00202215.,0,0,0
WBGene00202216.,0,2,2
WBGene00202217.,0,0,0
WBGene00202218.,0,1,1
WBGene00202219.,0,0,0
WBGene00202220.,0,1,1
WBGene00202221.,0,0,0
WBGene00202222.,0,1,1
WBGene00202223.,0,2,2
WBGene00202224.,0,3,3
WBGene00202225.,0,0,0
WBGene00202226.,0,1,1
WBGene00202227.,0,0,0
WBGene00202228.,0,0,0
WBGene00202229.,0,0,0
WBGene00202230.,0,0,0
WBGene00202231.,0,2,2
WBGene00202232.,0,5,5
WBGene00202233.,0,0,0
WBGene00202234.,0,4,4
WBGene00202235.,0,3,3
WBGene00202236.,0,0,0
WBGene00202237.,0,4,4
WBGene00202238.,0,0,0
WBGene00202239.,0,0,0
WBGene00202240.,0,0,0
WBGene00202241.,0,0,0
WBGene00202242.,0,0,0
WBGene00202243.,0,3,3
WBGene00202244.,0,3,3
WBGene00202245.,0,4,4
WBGene00202246.,0,0,0
WBGene00202247.,0,0,0
WBGene00202248.,0,0,0
WBGene00202249.,0,1,1
WBGene00202250.,0,0,0
WBGene00202251.,0,2,2
WBGene00202252.,0,0,0
WBGene00202253.,0,0,0
WBGene00202254.,0,2,2
WBGene00202255.,0,3,3
WBGene00202256.,0,0,0
WBGene00202257.,0,1,1
WBGene00202258.,0,0,0
WBGene00202259.,0,0,0
WBGene00202260.,0,0,0
WBGene00202261.,0,3,3
WBGene00202262.,0,0,0
WBGene00202263.,0,7,7
WBGene00202264.,0,0,0
WBGene00202265.,0,4,4
WBGene00202266.,0,0,0
WBGene00202267.,0,13,13
WBGene00202268.,0,3,3
WBGene00202269.,0,1,1
WBGene00202270.,0,1,1
WBGene00202271.,0,0,0
WBGene00202272.,0,0,0
WBGene00202273.,0,2,2
WBGene00202274.,0,0,0
WBGene00202275.,0,2,2
WBGene00202276.,0,0,0
WBGene00202277.,0,0,0
WBGene00202278.,0,1,1
WBGene00202279.,0,0,0
WBGene00202280.,0,0,0
WBGene00202281.,0,0,0
WBGene00202282.,0,1,1
WBGene00202283.,0,0,0
WBGene00202284.,0,0,0
WBGene00202285.,0,0,0
WBGene00202286.,0,5,5
WBGene00202287.,0,1,1
WBGene00202288.,0,0,0
WBGene00202289.,0,18,18
WBGene00202290.,0,0,0
WBGene00202291.,0,9,9
WBGene00202292.,0,0,0
WBGene00202293.,0,18,18
WBGene00202294.,0,16,16
WBGene00202295.,0,0,0
WBGene00202296.,0,0,0
WBGene00202297.,0,7,7
WBGene00202298.,0,0,0
WBGene00202299.,0,0,0
WBGene00202300.,0,15,15
WBGene00202301.,0,12,12
WBGene00202302.,0,0,0
WBGene00202303.,0,0,0
WBGene00202304.,0,0,0
WBGene00202305.,0,1,1
WBGene00202306.,0,6,6
WBGene00202307.,0,1,1
WBGene00202308.,0,0,0
WBGene00202309.,0,0,0
WBGene00202310.,0,0,0
WBGene00202311.,0,15,15
WBGene00202312.,0,4,4
WBGene00202313.,0,7,7
WBGene00202314.,0,2,2
WBGene00202315.,0,0,0
WBGene00202316.,0,16,16
WBGene00202317.,0,8,8
WBGene00202318.,0,0,0
WBGene00202319.,0,0,0
WBGene00202320.,0,1,1
WBGene00202321.,0,12,12
WBGene00202322.,0,1,1
WBGene00202323.,0,61,61
WBGene00202324.,0,0,0
WBGene00202325.,0,2,2
WBGene00202326.,0,0,0
WBGene00202327.,0,1,1
WBGene00202328.,0,0,0
WBGene00202329.,0,0,0
WBGene00202330.,0,19,19
WBGene00202331.,0,1,1
WBGene00202332.,0,3,3
WBGene00202333.,0,0,0
WBGene00202334.,0,1,1
WBGene00202335.,0,0,0
WBGene00202336.,0,2,2
WBGene00202337.,0,0,0
WBGene00202338.,0,0,0
WBGene00202339.,0,0,0
WBGene00202340.,0,2,2
WBGene00202341.,0,1,1
WBGene00202342.,0,0,0
WBGene00202343.,0,0,0
WBGene00202344.,0,0,0
WBGene00202345.,0,0,0
WBGene00202346.,0,0,0
WBGene00202347.,0,0,0
WBGene00202348.,0,0,0
WBGene00202349.,0,4,4
WBGene00202350.,0,1,1
WBGene00202351.,0,0,0
WBGene00202352.,0,0,0
WBGene00202353.,0,0,0
WBGene00202354.,0,0,0
WBGene00202355.,0,5,5
WBGene00202356.,0,0,0
WBGene00202357.,0,0,0
WBGene00202358.,0,0,0
WBGene00202359.,0,1,1
WBGene00202360.,0,2,2
WBGene00202361.,0,0,0
WBGene00202362.,0,0,0
WBGene00202363.,0,0,0
WBGene00202364.,0,0,0
WBGene00202365.,0,2,2
WBGene00202366.,0,0,0
WBGene00202367.,0,0,0
WBGene00202368.,0,3,3
WBGene00202369.,0,1,1
WBGene00202370.,0,6,6
WBGene00202371.,0,4,4
WBGene00202372.,0,3,3
WBGene00202373.,0,1,1
WBGene00202374.,0,0,0
WBGene00202375.,0,0,0
WBGene00202376.,0,2,2
WBGene00202377.,0,2,2
WBGene00202378.,0,2,2
WBGene00202379.,0,0,0
WBGene00202380.,0,1,1
WBGene00202381.,0,6,6
WBGene00202382.,0,1,1
WBGene00202383.,0,2,2
WBGene00202384.,0,1,1
WBGene00202385.,0,6,6
WBGene00202386.,0,0,0
WBGene00202387.,0,0,0
WBGene00202388.,0,13,13
WBGene00202389.,0,1,1
WBGene00202390.,0,0,0
WBGene00202391.,0,0,0
WBGene00202392.,0,8,8
WBGene00202393.,0,0,0
WBGene00202394.,0,0,0
WBGene00202395.,0,1,1
WBGene00202396.,0,0,0
WBGene00202397.,0,0,0
WBGene00202398.,0,0,0
WBGene00202399.,0,0,0
WBGene00202400.,0,34,34
WBGene00202401.,0,2,2
WBGene00202402.,0,0,0
WBGene00202403.,0,0,0
WBGene00202404.,0,4,4
WBGene00202405.,0,3,3
WBGene00202406.,0,3,3
WBGene00202407.,0,0,0
WBGene00202408.,0,0,0
WBGene00202409.,0,0,0
WBGene00202410.,0,696,696
WBGene00202411.,0,2,2
WBGene00202412.,0,4,4
WBGene00202413.,0,3,3
WBGene00202414.,0,0,0
WBGene00202415.,0,0,0
WBGene00202416.,0,7,7
WBGene00202417.,0,0,0
WBGene00202418.,0,9,9
WBGene00202419.,0,0,0
WBGene00202420.,0,0,0
WBGene00202421.,0,2,2
WBGene00202422.,0,1,1
WBGene00202423.,0,0,0
WBGene00202424.,0,48,48
WBGene00202425.,0,25,25
WBGene00202426.,0,0,0
WBGene00202427.,0,1,1
WBGene00202428.,0,0,0
WBGene00202429.,0,7,7
WBGene00202430.,0,2,2
WBGene00202431.,0,0,0
WBGene00202432.,0,4,4
WBGene00202433.,0,0,0
WBGene00202434.,0,1,1
WBGene00202435.,0,0,0
WBGene00202436.,0,9,9
WBGene00202437.,0,0,0
WBGene00202438.,0,16,16
WBGene00202439.,0,0,0
WBGene00202440.,0,0,0
WBGene00202441.,0,10,10
WBGene00202442.,0,0,0
WBGene00202443.,0,0,0
WBGene00202444.,0,0,0
WBGene00202445.,0,0,0
WBGene00202446.,0,1,1
WBGene00202447.,0,0,0
WBGene00202448.,0,3,3
WBGene00202449.,0,31,31
WBGene00202450.,0,0,0
WBGene00202451.,0,1,1
WBGene00202452.,0,0,0
WBGene00202453.,0,10,10
WBGene00202454.,0,3,3
WBGene00202455.,0,0,0
WBGene00202456.,0,0,0
WBGene00202457.,0,0,0
WBGene00202458.,0,0,0
WBGene00202459.,0,1,1
WBGene00202460.,0,2,2
WBGene00202461.,0,2,2
WBGene00202462.,0,0,0
WBGene00202463.,0,13,13
WBGene00202464.,0,2,2
WBGene00202465.,0,0,0
WBGene00202466.,0,3,3
WBGene00202467.,0,5,5
WBGene00202468.,0,0,0
WBGene00202469.,0,11,11
WBGene00202470.,0,1,1
WBGene00202471.,0,2,2
WBGene00202472.,0,9,9
WBGene00202473.,0,1,1
WBGene00202474.,0,0,0
WBGene00202475.,0,2,2
WBGene00202476.,0,3,3
WBGene00202477.,0,4,4
WBGene00202478.,0,0,0
WBGene00202479.,0,1,1
WBGene00202480.,0,16,16
WBGene00202481.,0,0,0
WBGene00202482.,0,0,0
WBGene00202483.,0,7,7
WBGene00202484.,0,3,3
WBGene00202485.,0,0,0
WBGene00202486.,0,0,0
WBGene00202487.,0,0,0
WBGene00202488.,0,0,0
WBGene00202489.,0,0,0
WBGene00202490.,0,4,4
WBGene00202491.,0,0,0
WBGene00202492.,0,0,0
WBGene00202493.,0,4,4
WBGene00202494.,0,0,0
WBGene00202495.,0,0,0
WBGene00202496.,3,23,26
WBGene00202497.,1,2,3
WBGene00202498.,3,14,17
WBGene00202499.,1,7,8
WBGene00202500.,10,0,10
WBGene00202501.,1,12,13
WBGene00202502.,1,6,7
WBGene00202504.,0,0,0
WBGene00202511.,1,40,41
WBGene00202512.,25,41,66
WBGene00202513.,4,62,66
WBGene00202514.,6,20,26
WBGene00206354.,7,77,84
WBGene00206355.,2,30,32
WBGene00206356.,31,808,839
WBGene00206357.,9,34,43
WBGene00206358.,2,0,2
WBGene00206359.,3,5,8
WBGene00206360.,2,1,3
WBGene00206361.,6,39,45
WBGene00206362.,103,444,547
WBGene00206363.,0,1,1
WBGene00206364.,10,19,29
WBGene00206365.,1,23,24
WBGene00206366.,4,45,49
WBGene00206368.,1,0,1
WBGene00206369.,0,1,1
WBGene00206370.,16,26,42
WBGene00206371.,17,303,320
WBGene00206372.,4,9,13
WBGene00206373.,13,85,98
WBGene00206374.,58,336,394
WBGene00206375.,0,3,3
WBGene00206377.,1,16,17
WBGene00206378.,25,36,61
WBGene00206379.,0,1,1
WBGene00206380.,129,1712,1841
WBGene00206381.,2,13,15
WBGene00206382.,27,125,152
WBGene00206383.,0,0,0
WBGene00206384.,4,10,14
WBGene00206385.,0,0,0
WBGene00206386.,3,10,13
WBGene00206388.,2,0,2
WBGene00206389.,1,4,5
WBGene00206390.,12,11,23
WBGene00206391.,0,0,0
WBGene00206392.,19,39,58
WBGene00206393.,1,3,4
WBGene00206394.,0,0,0
WBGene00206395.,0,2,2
WBGene00206411.,0,36,36
WBGene00206412.,0,20,20
WBGene00206413.,1,6,7
WBGene00206414.,5,9,14
WBGene00206415.,14,13,27
WBGene00206416.,20,65,85
WBGene00206417.,19,214,233
WBGene00206418.,1,145,146
WBGene00206420.,4,143,147
WBGene00206421.,0,0,0
WBGene00206422.,0,49,49
WBGene00206423.,0,1535,1535
WBGene00206459.,54,405,459
WBGene00206460.,62,505,567
WBGene00206461.,6,45,51
WBGene00206462.,0,27,27
WBGene00206464.,0,223,223
WBGene00206466.,2,76,78
WBGene00206468.,0,0,0
WBGene00206469.,65,80,145
WBGene00206470.,5,15,20
WBGene00206471.,5,9,14
WBGene00206473.,1,12,13
WBGene00206474.,6,22,28
WBGene00206475.,2,7,9
WBGene00206477.,3,11,14
WBGene00206478.,2,13,15
WBGene00206479.,11,10,21
WBGene00206481.,3,0,3
WBGene00206482.,1,11,12
WBGene00206483.,2,5,7
WBGene00206484.,10,49,59
WBGene00206485.,4,5,9
WBGene00206486.,9,26,35
WBGene00206487.,26,673,699
WBGene00206488.,199,105,304
WBGene00206489.,116,98,214
WBGene00206490.,0,1,1
WBGene00206491.,19,220,239
WBGene00206492.,0,0,0
WBGene00206493.,0,7,7
WBGene00206494.,3,2,5
WBGene00206495.,2,1,3
WBGene00206496.,2,0,2
WBGene00206497.,7,2,9
WBGene00206498.,1,1,2
WBGene00206499.,0,1,1
WBGene00206500.,0,0,0
WBGene00206501.,0,0,0
WBGene00206502.,3,2,5
WBGene00206503.,0,1,1
WBGene00206504.,0,0,0
WBGene00206505.,15,352,367
WBGene00206506.,1,0,1
WBGene00206507.,0,2,2
WBGene00206508.,1,0,1
WBGene00206509.,0,2,2
WBGene00206510.,3,15,18
WBGene00206511.,15,7,22
WBGene00206512.,0,34,34
WBGene00206513.,1,2,3
WBGene00206514.,1,3,4
WBGene00206515.,2,5,7
WBGene00206516.,1212,0,1212
WBGene00206517.,5,123,128
WBGene00206518.,0,1,1
WBGene00206519.,0,2,2
WBGene00206520.,1,6,7
WBGene00206521.,0,3,3
WBGene00206522.,207,11225,11432
WBGene00206523.,0,3,3
WBGene00206524.,6,28,34
WBGene00206525.,83,774,857
WBGene00206526.,5,9,14
WBGene00206527.,2,16,18
WBGene00206528.,0,87,87
WBGene00206529.,55,240,295
WBGene00206530.,51,91,142
WBGene00206531.,0,0,0
WBGene00206532.,774,658,1432
WBGene00206533.,64,106,170
WBGene00206534.,0,2,2
WBGene00206535.,4,10,14
WBGene00206536.,7,9,16
WBGene00206537.,4,12,16
WBGene00206538.,21,174,195
WBGene00215616.,82,282,364
WBGene00219205.,1,2,3
WBGene00219206.,3,282,285
WBGene00219207.,0,878,878
WBGene00219208.,5,15,20
WBGene00219209.,28,73,101
WBGene00219210.,6,117,123
WBGene00219212.,0,0,0
WBGene00219214.,1,3,4
WBGene00219215.,2,8,10
WBGene00219216.,18,43,61
WBGene00219217.,0,1,1
WBGene00219218.,1,25,26
WBGene00219219.,0,0,0
WBGene00219220.,0,35,35
WBGene00219221.,0,20,20
WBGene00219222.,0,0,0
WBGene00219223.,0,0,0
WBGene00219224.,0,0,0
WBGene00219225.,0,0,0
WBGene00219226.,0,0,0
WBGene00219227.,0,2,2
WBGene00219228.,0,3,3
WBGene00219229.,0,18,18
WBGene00219230.,0,0,0
WBGene00219231.,0,0,0
WBGene00219232.,0,7,7
WBGene00219233.,0,0,0
WBGene00219234.,3,4,7
WBGene00219235.,0,3,3
WBGene00219236.,4,34,38
WBGene00219238.,3,0,3
WBGene00219239.,0,0,0
WBGene00219241.,14,23,37
WBGene00219242.,0,1,1
WBGene00219243.,46,87,133
WBGene00219244.,1,2,3
WBGene00219245.,0,2,2
WBGene00219246.,0,0,0
WBGene00219247.,0,0,0
WBGene00219248.,0,0,0
WBGene00219249.,0,0,0
WBGene00219250.,0,0,0
WBGene00219251.,0,1,1
WBGene00219252.,0,0,0
WBGene00219253.,0,0,0
WBGene00219254.,0,0,0
WBGene00219255.,0,0,0
WBGene00219256.,0,0,0
WBGene00219257.,0,0,0
WBGene00219258.,0,0,0
WBGene00219259.,0,0,0
WBGene00219260.,0,0,0
WBGene00219261.,0,0,0
WBGene00219262.,0,0,0
WBGene00219263.,0,0,0
WBGene00219264.,0,1,1
WBGene00219265.,0,10,10
WBGene00219266.,0,0,0
WBGene00219267.,0,24,24
WBGene00219269.,0,3,3
WBGene00219270.,0,0,0
WBGene00219271.,0,2,2
WBGene00219272.,6,8,14
WBGene00219274.,70,84,154
WBGene00219275.,104,1115,1219
WBGene00219278.,1,5,6
WBGene00219279.,3,3,6
WBGene00219280.,2,12,14
WBGene00219281.,226,1410,1636
WBGene00219282.,2,30,32
WBGene00219283.,1236,703,1939
WBGene00219284.,1,5,6
WBGene00219285.,6,8,14
WBGene00219286.,12,971,983
WBGene00219287.,37,408,445
WBGene00219288.,69,374,443
WBGene00219289.,372,465,837
WBGene00219290.,0,2,2
WBGene00219291.,1,1,2
WBGene00219292.,0,28,28
WBGene00219293.,3,2,5
WBGene00219294.,2,3,5
WBGene00219295.,29,16,45
WBGene00219296.,126,185,311
WBGene00219297.,3,11,14
WBGene00219298.,12,108,120
WBGene00219299.,6,4,10
WBGene00219300.,21,63,84
WBGene00219301.,0,0,0
WBGene00219302.,0,1,1
WBGene00219303.,21,92,113
WBGene00219304.,69,1481,1550
WBGene00219306.,6,92,98
WBGene00219307.,138,1426,1564
WBGene00219308.,2,13,15
WBGene00219309.,3,43,46
WBGene00219310.,0,3,3
WBGene00219311.,0,0,0
WBGene00219312.,0,1,1
WBGene00219313.,75,1910,1985
WBGene00219314.,0,2,2
WBGene00219315.,0,5,5
WBGene00219316.,33,215,248
WBGene00219317.,10,62,72
WBGene00219318.,0,0,0
WBGene00219319.,20,27,47
WBGene00219321.,0,3,3
WBGene00219322.,1,0,1
WBGene00219323.,0,2,2
WBGene00219324.,0,3,3
WBGene00219325.,13,4,17
WBGene00219326.,1,3,4
WBGene00219327.,0,4,4
WBGene00219329.,1545,1616,3161
WBGene00219330.,3,1,4
WBGene00219331.,0,6,6
WBGene00219332.,46,1,47
WBGene00219337.,103,78,181
WBGene00219342.,0,3,3
WBGene00219343.,0,108,108
WBGene00219351.,2,12,14
WBGene00219352.,1,16,17
WBGene00219362.,125,229,354
WBGene00219368.,1,49,50
WBGene00219369.,0,1,1
WBGene00219370.,2,2,4
WBGene00219371.,2,18,20
WBGene00219373.,6,306,312
WBGene00219374.,25,10,35
WBGene00219375.,53,259,312
WBGene00219376.,3,42,45
WBGene00219377.,3,2,5
WBGene00219378.,0,6,6
WBGene00219381.,0,0,0
WBGene00219383.,2,10,12
WBGene00219394.,0,0,0
WBGene00219395.,9,11,20
WBGene00219399.,29,71,100
WBGene00219410.,4,1,5
WBGene00219411.,7,23,30
WBGene00219412.,0,2,2
WBGene00219413.,3,75,78
WBGene00219414.,1,8,9
WBGene00219415.,27,34,61
WBGene00219416.,0,27,27
WBGene00219417.,9,9,18
WBGene00219418.,0,1,1
WBGene00219420.,0,141,141
WBGene00219421.,0,29,29
WBGene00219422.,22,41,63
WBGene00219423.,21,84,105
WBGene00219424.,5,24,29
WBGene00219425.,147,261,408
WBGene00219434.,2,4,6
WBGene00219436.,19,19,38
WBGene00219437.,3,4,7
WBGene00219442.,3,2,5
WBGene00219443.,0,4,4
WBGene00219444.,58,34,92
WBGene00219445.,0,0,0
WBGene00219446.,0,1,1
WBGene00219447.,0,2,2
WBGene00219448.,9,19,28
WBGene00219449.,2,7,9
WBGene00219450.,1,58,59
WBGene00219451.,4,67,71
WBGene00219452.,3,8,11
WBGene00219453.,0,2,2
WBGene00219454.,0,0,0
WBGene00219455.,0,6,6
WBGene00219456.,0,5,5
WBGene00219458.,0,1,1
WBGene00219460.,26,21,47
WBGene00219476.,6,23,29
WBGene00219477.,0,0,0
WBGene00219478.,0,2,2
WBGene00219483.,4,0,4
WBGene00219489.,0,8,8
WBGene00219490.,2,43,45
WBGene00219491.,0,5,5
WBGene00219492.,3,1,4
WBGene00219493.,0,18,18
WBGene00219497.,2,4,6
WBGene00219498.,5,25,30
WBGene00219544.,0,0,0
WBGene00219545.,0,4,4
WBGene00219546.,399,911,1310
WBGene00219547.,0,6,6
WBGene00219548.,0,73,73
WBGene00219549.,0,0,0
WBGene00219550.,0,0,0
WBGene00219551.,0,54,54
WBGene00219552.,10,0,10
WBGene00219553.,2,0,2
WBGene00219554.,0,0,0
WBGene00219555.,0,2,2
WBGene00219556.,0,0,0
WBGene00219557.,5,5,10
WBGene00219558.,0,0,0
WBGene00219559.,0,147,147
WBGene00219560.,0,0,0
WBGene00219561.,0,0,0
WBGene00219562.,13,18,31
WBGene00219563.,59,19,78
WBGene00219564.,0,0,0
WBGene00219565.,4,20,24
WBGene00219566.,0,62,62
WBGene00219567.,11,53,64
WBGene00219568.,0,2,2
WBGene00219569.,0,87,87
WBGene00219570.,29,30,59
WBGene00219571.,54,505,559
WBGene00219572.,223,40,263
WBGene00219573.,0,1,1
WBGene00219574.,0,12,12
WBGene00219575.,116,307,423
WBGene00219576.,0,0,0
WBGene00219577.,0,1,1
WBGene00219578.,0,7,7
WBGene00219579.,0,0,0
WBGene00219580.,0,2,2
WBGene00219581.,0,879,879
WBGene00219582.,0,111,111
WBGene00219583.,10,191,201
WBGene00219584.,0,2,2
WBGene00219585.,0,0,0
WBGene00219586.,48,40,88
WBGene00219587.,6,22,28
WBGene00219588.,0,1,1
WBGene00219589.,51,233,284
WBGene00219590.,0,30,30
WBGene00219591.,0,26,26
WBGene00219592.,0,2312,2312
WBGene00219593.,0,6,6
WBGene00219594.,0,0,0
WBGene00219596.,8,10,18
WBGene00219597.,0,3,3
WBGene00219598.,7,75,82
WBGene00219599.,6,0,6
WBGene00219600.,162,53,215
WBGene00219601.,89,165,254
WBGene00219602.,0,312,312
WBGene00219603.,0,17,17
WBGene00219604.,0,4,4
WBGene00219605.,57,121,178
WBGene00219606.,12,63,75
WBGene00219607.,0,6,6
WBGene00219608.,0,46,46
WBGene00219609.,0,9283,9283
WBGene00219610.,0,26,26
WBGene00219611.,0,0,0
WBGene00219612.,2,119,121
WBGene00219613.,49,4,53
WBGene00219614.,32,45,77
WBGene00219615.,53,246,299
WBGene00219616.,0,0,0
WBGene00219617.,30,183,213
WBGene00219618.,0,67,67
WBGene00219619.,15,139,154
WBGene00219620.,12,24,36
WBGene00219621.,0,0,0
WBGene00219622.,0,0,0
WBGene00219623.,1,0,1
WBGene00219624.,0,2,2
WBGene00219625.,48,63,111
WBGene00219626.,4,13,17
WBGene00219627.,29,133,162
WBGene00219628.,0,24,24
WBGene00219629.,19,44,63
WBGene00219630.,122,7,129
WBGene00219631.,0,4,4
WBGene00219632.,0,3,3
WBGene00219633.,0,1,1
WBGene00219634.,0,0,0
WBGene00219635.,0,0,0
WBGene00219636.,41,117,158
WBGene00219637.,0,19,19
WBGene00219638.,0,13,13
WBGene00219639.,2,46,48
WBGene00219640.,4,9,13
WBGene00219641.,4,61,65
WBGene00219642.,39,13,52
WBGene00219643.,0,0,0
WBGene00219644.,9,3,12
WBGene00219645.,26,40,66
WBGene00219646.,0,5,5
WBGene00219647.,402,971,1373
WBGene00219648.,0,33,33
WBGene00219649.,0,57,57
WBGene00219650.,0,153,153
WBGene00219651.,0,66,66
WBGene00219652.,3,0,3
WBGene00219653.,0,2,2
WBGene00219654.,17,36,53
WBGene00219655.,0,24,24
WBGene00219656.,4,2,6
WBGene00219657.,0,10,10
WBGene00219658.,0,2,2
WBGene00219659.,0,31,31
WBGene00219660.,3,16,19
WBGene00219661.,17,75,92
WBGene00219662.,0,4,4
WBGene00219663.,0,0,0
WBGene00219664.,0,28,28
WBGene00219665.,7,29,36
WBGene00219666.,158,14,172
WBGene00219667.,0,9,9
WBGene00219668.,0,0,0
WBGene00219669.,0,1,1
WBGene00219670.,0,0,0
WBGene00219671.,0,1,1
WBGene00219672.,181,275,456
WBGene00219673.,34,93,127
WBGene00219674.,0,5,5
WBGene00219675.,0,642,642
WBGene00219676.,0,37,37
WBGene00219677.,0,0,0
WBGene00219678.,64,449,513
WBGene00219679.,18,5,23
WBGene00219680.,0,326,326
WBGene00219681.,1,28,29
WBGene00219682.,0,108,108
WBGene00219683.,48,49,97
WBGene00219684.,0,2,2
WBGene00219685.,6,5,11
WBGene00219686.,18,78,96
WBGene00219687.,46,235,281
WBGene00219688.,10,27,37
WBGene00219689.,0,24,24
WBGene00219690.,0,0,0
WBGene00219691.,4,11,15
WBGene00219692.,0,0,0
WBGene00219693.,0,0,0
WBGene00219694.,3,10,13
WBGene00219695.,69,139,208
WBGene00219696.,0,17,17
WBGene00219697.,0,5,5
WBGene00219698.,0,0,0
WBGene00219699.,311,990,1301
WBGene00219700.,0,76,76
WBGene00219701.,6,97,103
WBGene00219702.,0,12,12
WBGene00219703.,0,3,3
WBGene00219704.,0,1,1
WBGene00219705.,0,0,0
WBGene00219706.,1,9,10
WBGene00219707.,384,2219,2603
WBGene00219708.,19,210,229
WBGene00219709.,0,10,10
WBGene00219710.,0,109,109
WBGene00219711.,16,38,54
WBGene00219712.,59,36,95
WBGene00219713.,0,97,97
WBGene00219714.,1,0,1
WBGene00219715.,0,27,27
WBGene00219716.,0,11,11
WBGene00219717.,0,3,3
WBGene00219718.,22,155,177
WBGene00219719.,84,58,142
WBGene00219720.,0,1177,1177
WBGene00219721.,3,33,36
WBGene00219722.,0,18,18
WBGene00219723.,3,7,10
WBGene00219724.,0,9,9
WBGene00219725.,0,3,3
WBGene00219726.,2,5,7
WBGene00219727.,25,388,413
WBGene00219728.,0,33,33
WBGene00219729.,0,27,27
WBGene00219730.,0,61,61
WBGene00219731.,0,5,5
WBGene00219732.,3,1,4
WBGene00219733.,5,12,17
WBGene00219734.,0,202,202
WBGene00219735.,0,3,3
WBGene00219736.,33,186,219
WBGene00219737.,4,3,7
WBGene00219738.,0,31,31
WBGene00219739.,43,149,192
WBGene00219740.,2,37,39
WBGene00219741.,0,1,1
WBGene00219742.,0,22,22
WBGene00219743.,175,915,1090
WBGene00219744.,0,0,0
WBGene00219745.,17,28,45
WBGene00219746.,0,778,778
WBGene00219747.,0,0,0
WBGene00219748.,35,262,297
WBGene00219749.,0,63,63
WBGene00219750.,4,2,6
WBGene00219751.,0,29,29
WBGene00219752.,0,35,35
WBGene00219753.,1,110,111
WBGene00219754.,13,26,39
WBGene00219755.,13,153,166
WBGene00219756.,3,31,34
WBGene00219757.,0,0,0
WBGene00219758.,17,1804,1821
WBGene00219759.,0,3,3
WBGene00219760.,0,0,0
WBGene00219761.,0,0,0
WBGene00219762.,4,18,22
WBGene00219763.,5,64,69
WBGene00219764.,0,0,0
WBGene00219765.,348,18,366
WBGene00219766.,0,38,38
WBGene00219767.,35,10,45
WBGene00219768.,0,4,4
WBGene00219769.,9,61,70
WBGene00219770.,2,2,4
WBGene00219771.,99,963,1062
WBGene00219772.,0,3,3
WBGene00219773.,5,11,16
WBGene00219774.,2,1,3
WBGene00219775.,8,5,13
WBGene00219776.,0,0,0
WBGene00219777.,0,0,0
WBGene00219778.,0,0,0
WBGene00219779.,0,0,0
WBGene00219780.,0,0,0
WBGene00219781.,0,2,2
WBGene00219782.,0,0,0
WBGene00219783.,0,0,0
WBGene00219784.,0,0,0
WBGene00219785.,0,0,0
WBGene00219786.,0,18,18
WBGene00219787.,0,0,0
WBGene00219788.,0,66,66
WBGene00219789.,0,0,0
WBGene00219790.,0,0,0
WBGene00219791.,0,3,3
WBGene00219792.,0,2,2
WBGene00219793.,0,3,3
WBGene00219794.,0,0,0
WBGene00219795.,0,0,0
WBGene00219796.,0,164,164
WBGene00219797.,0,0,0
WBGene00219798.,0,26,26
WBGene00219799.,0,5,5
WBGene00219800.,0,468,468
WBGene00219801.,0,106,106
WBGene00219803.,0,77,77
WBGene00219804.,0,1,1
WBGene00219805.,0,0,0
WBGene00219806.,0,0,0
WBGene00219807.,0,3,3
WBGene00219808.,0,0,0
WBGene00219809.,0,9,9
WBGene00219810.,0,5,5
WBGene00219811.,0,9,9
WBGene00219812.,0,1,1
WBGene00219813.,0,0,0
WBGene00219814.,0,0,0
WBGene00219815.,0,3,3
WBGene00219816.,0,814,814
WBGene00219817.,0,0,0
WBGene00219818.,0,1,1
WBGene00219819.,0,0,0
WBGene00219820.,0,0,0
WBGene00219821.,0,48,48
WBGene00219822.,0,34,34
WBGene00219823.,0,25,25
WBGene00219824.,0,20,20
WBGene00219825.,0,1,1
WBGene00219826.,0,0,0
WBGene00219827.,0,37,37
WBGene00219828.,0,0,0
WBGene00219829.,0,4,4
WBGene00219830.,0,0,0
WBGene00219831.,0,0,0
WBGene00219832.,0,1,1
WBGene00219833.,0,17,17
WBGene00219834.,0,108,108
WBGene00219835.,0,18,18
WBGene00219836.,0,1,1
WBGene00219837.,0,0,0
WBGene00219838.,64,145,209
WBGene00219839.,0,7,7
WBGene00219840.,0,0,0
WBGene00219841.,0,6,6
WBGene00219842.,0,0,0
WBGene00219843.,0,0,0
WBGene00219844.,0,1,1
WBGene00219845.,0,5,5
WBGene00219846.,0,20,20
WBGene00219847.,0,8,8
WBGene00219848.,0,0,0
WBGene00219849.,0,6,6
WBGene00219850.,0,29,29
WBGene00219851.,0,34,34
WBGene00219852.,0,0,0
WBGene00219853.,0,0,0
WBGene00219854.,0,0,0
WBGene00219855.,0,0,0
WBGene00219856.,0,0,0
WBGene00219857.,0,0,0
WBGene00219858.,0,0,0
WBGene00219859.,0,12,12
WBGene00219860.,0,0,0
WBGene00219861.,0,1,1
WBGene00219862.,0,0,0
WBGene00219863.,0,27,27
WBGene00219864.,0,0,0
WBGene00219865.,0,0,0
WBGene00219866.,0,0,0
WBGene00219867.,0,0,0
WBGene00219868.,0,29,29
WBGene00219869.,0,8,8
WBGene00219870.,0,0,0
WBGene00219871.,0,0,0
WBGene00219872.,0,0,0
WBGene00219873.,0,0,0
WBGene00219874.,0,7,7
WBGene00219875.,0,0,0
WBGene00219876.,0,0,0
WBGene00219877.,0,1,1
WBGene00219878.,0,0,0
WBGene00219879.,0,1,1
WBGene00219880.,0,0,0
WBGene00219881.,0,0,0
WBGene00219882.,0,49,49
WBGene00219883.,0,3,3
WBGene00219884.,0,0,0
WBGene00219885.,0,105,105
WBGene00219886.,0,39611,39611
WBGene00219887.,0,17,17
WBGene00219888.,0,17,17
WBGene00219889.,0,0,0
WBGene00219890.,0,0,0
WBGene00219891.,0,0,0
WBGene00219892.,0,1,1
WBGene00219893.,0,1,1
WBGene00219894.,0,0,0
WBGene00219895.,0,46,46
WBGene00219896.,0,0,0
WBGene00219897.,0,0,0
WBGene00219898.,0,0,0
WBGene00219899.,0,31,31
WBGene00219900.,0,0,0
WBGene00219901.,0,0,0
WBGene00219902.,0,0,0
WBGene00219903.,0,0,0
WBGene00219904.,0,0,0
WBGene00219905.,0,0,0
WBGene00219906.,0,6,6
WBGene00219907.,0,0,0
WBGene00219908.,0,0,0
WBGene00219909.,0,9,9
WBGene00219910.,0,1,1
WBGene00219911.,0,5,5
WBGene00219912.,0,381,381
WBGene00219913.,0,0,0
WBGene00219914.,0,0,0
WBGene00219915.,0,0,0
WBGene00219916.,0,12,12
WBGene00219917.,0,0,0
WBGene00219918.,0,0,0
WBGene00219919.,0,0,0
WBGene00219920.,0,4,4
WBGene00219921.,0,2,2
WBGene00219922.,0,0,0
WBGene00219923.,0,15,15
WBGene00219924.,0,0,0
WBGene00219925.,0,0,0
WBGene00219926.,0,61,61
WBGene00219927.,0,0,0
WBGene00219928.,0,1,1
WBGene00219929.,0,0,0
WBGene00219930.,0,49,49
WBGene00219931.,0,0,0
WBGene00219932.,0,0,0
WBGene00219933.,0,8,8
WBGene00219934.,0,0,0
WBGene00219935.,0,28,28
WBGene00219936.,0,516,516
WBGene00219937.,0,6,6
WBGene00219938.,0,3,3
WBGene00219939.,0,0,0
WBGene00219940.,0,0,0
WBGene00219941.,0,0,0
WBGene00219942.,0,8,8
WBGene00219943.,0,78,78
WBGene00219944.,0,0,0
WBGene00219945.,0,4,4
WBGene00219946.,0,0,0
WBGene00219947.,0,0,0
WBGene00219948.,0,0,0
WBGene00219949.,0,4,4
WBGene00219950.,0,3494,3494
WBGene00219951.,0,0,0
WBGene00219952.,0,41,41
WBGene00219953.,0,35,35
WBGene00219954.,0,0,0
WBGene00219955.,0,0,0
WBGene00219956.,0,0,0
WBGene00219957.,0,24,24
WBGene00219958.,0,195,195
WBGene00219959.,0,344,344
WBGene00219960.,0,0,0
WBGene00219961.,0,0,0
WBGene00219962.,0,0,0
WBGene00219963.,0,0,0
WBGene00219964.,0,0,0
WBGene00219965.,0,0,0
WBGene00219966.,0,0,0
WBGene00219967.,0,7,7
WBGene00219968.,0,12,12
WBGene00219969.,0,0,0
WBGene00219970.,0,33,33
WBGene00219971.,0,0,0
WBGene00219972.,0,34,34
WBGene00219973.,0,0,0
WBGene00219974.,0,0,0
WBGene00219975.,0,0,0
WBGene00219976.,0,1093,1093
WBGene00219977.,0,4,4
WBGene00219978.,0,0,0
WBGene00219979.,0,9,9
WBGene00219980.,0,0,0
WBGene00219981.,0,0,0
WBGene00219982.,0,12,12
WBGene00219983.,0,0,0
WBGene00219984.,0,0,0
WBGene00219985.,0,0,0
WBGene00219986.,0,0,0
WBGene00219987.,0,16,16
WBGene00219988.,0,0,0
WBGene00219989.,0,0,0
WBGene00219990.,0,0,0
WBGene00219991.,0,0,0
WBGene00219992.,0,0,0
WBGene00219994.,0,0,0
WBGene00219995.,0,47,47
WBGene00219996.,0,1,1
WBGene00219997.,0,0,0
WBGene00219998.,0,6,6
WBGene00219999.,0,0,0
WBGene00220000.,0,74,74
WBGene00220001.,0,0,0
WBGene00220002.,0,0,0
WBGene00220003.,0,0,0
WBGene00220004.,0,0,0
WBGene00220005.,0,2,2
WBGene00220006.,0,0,0
WBGene00220007.,0,0,0
WBGene00220008.,0,0,0
WBGene00220009.,0,12,12
WBGene00220010.,0,0,0
WBGene00220011.,0,11,11
WBGene00220012.,0,11,11
WBGene00220013.,0,0,0
WBGene00220014.,0,1,1
WBGene00220015.,0,0,0
WBGene00220016.,0,0,0
WBGene00220017.,0,210,210
WBGene00220018.,0,6,6
WBGene00220019.,0,0,0
WBGene00220020.,0,9,9
WBGene00220021.,0,0,0
WBGene00220022.,0,0,0
WBGene00220023.,0,0,0
WBGene00220024.,0,1,1
WBGene00220025.,0,0,0
WBGene00220026.,0,0,0
WBGene00220027.,0,0,0
WBGene00220028.,0,0,0
WBGene00220029.,0,16,16
WBGene00220030.,0,10,10
WBGene00220031.,0,0,0
WBGene00220032.,0,1198,1198
WBGene00220033.,0,28,28
WBGene00220034.,0,0,0
WBGene00220035.,0,0,0
WBGene00220036.,0,0,0
WBGene00220037.,0,7,7
WBGene00220038.,0,0,0
WBGene00220039.,0,1,1
WBGene00220040.,0,0,0
WBGene00220041.,0,33,33
WBGene00220042.,0,4,4
WBGene00220043.,0,8,8
WBGene00220044.,0,81,81
WBGene00220045.,0,8,8
WBGene00220046.,0,0,0
WBGene00220047.,0,9,9
WBGene00220048.,0,0,0
WBGene00220049.,0,0,0
WBGene00220050.,0,0,0
WBGene00220051.,0,10,10
WBGene00220052.,0,122,122
WBGene00220053.,0,56,56
WBGene00220054.,0,0,0
WBGene00220055.,0,5,5
WBGene00220056.,0,0,0
WBGene00220057.,0,0,0
WBGene00220058.,0,2,2
WBGene00220059.,0,0,0
WBGene00220060.,0,0,0
WBGene00220061.,0,15,15
WBGene00220062.,0,0,0
WBGene00220063.,0,0,0
WBGene00220064.,0,24,24
WBGene00220065.,0,0,0
WBGene00220066.,0,0,0
WBGene00220067.,0,0,0
WBGene00220068.,0,26,26
WBGene00220069.,0,0,0
WBGene00220070.,0,0,0
WBGene00220071.,0,0,0
WBGene00220072.,0,561,561
WBGene00220073.,0,10,10
WBGene00220074.,0,0,0
WBGene00220075.,0,0,0
WBGene00220076.,0,0,0
WBGene00220077.,0,0,0
WBGene00220078.,0,4,4
WBGene00220079.,0,0,0
WBGene00220080.,0,0,0
WBGene00220081.,0,2,2
WBGene00220082.,0,7,7
WBGene00220083.,0,0,0
WBGene00220084.,0,55,55
WBGene00220085.,0,0,0
WBGene00220086.,0,0,0
WBGene00220087.,0,0,0
WBGene00220088.,0,30,30
WBGene00220089.,0,450,450
WBGene00220090.,0,1,1
WBGene00220091.,0,40,40
WBGene00220092.,0,15,15
WBGene00220093.,0,0,0
WBGene00220094.,0,0,0
WBGene00220095.,0,1,1
WBGene00220096.,0,1,1
WBGene00220097.,0,15,15
WBGene00220098.,0,1,1
WBGene00220099.,0,1,1
WBGene00220100.,0,10,10
WBGene00220101.,0,1,1
WBGene00220102.,0,0,0
WBGene00220104.,0,0,0
WBGene00220105.,0,0,0
WBGene00220106.,0,793,793
WBGene00220107.,0,0,0
WBGene00220108.,0,14,14
WBGene00220109.,0,0,0
WBGene00220110.,0,0,0
WBGene00220111.,0,325,325
WBGene00220112.,0,0,0
WBGene00220113.,0,2,2
WBGene00220114.,0,0,0
WBGene00220115.,0,0,0
WBGene00220116.,0,0,0
WBGene00220117.,0,28,28
WBGene00220118.,0,0,0
WBGene00220119.,0,6,6
WBGene00220120.,0,7,7
WBGene00220121.,0,0,0
WBGene00220122.,0,7,7
WBGene00220123.,0,0,0
WBGene00220124.,0,0,0
WBGene00220125.,0,3,3
WBGene00220126.,0,0,0
WBGene00220127.,0,0,0
WBGene00220128.,0,0,0
WBGene00220129.,0,0,0
WBGene00220130.,0,3,3
WBGene00220131.,0,0,0
WBGene00220132.,0,0,0
WBGene00220133.,8,4,12
WBGene00220134.,0,101,101
WBGene00220135.,0,0,0
WBGene00220136.,0,1,1
WBGene00220137.,0,0,0
WBGene00220138.,0,0,0
WBGene00220139.,0,0,0
WBGene00220140.,0,0,0
WBGene00220141.,0,1293,1293
WBGene00220142.,0,1,1
WBGene00220143.,0,0,0
WBGene00220144.,0,0,0
WBGene00220145.,0,0,0
WBGene00220146.,0,14,14
WBGene00220147.,0,11,11
WBGene00220148.,0,0,0
WBGene00220149.,0,1,1
WBGene00220150.,0,0,0
WBGene00220151.,0,0,0
WBGene00220152.,0,0,0
WBGene00220153.,0,0,0
WBGene00220154.,0,180,180
WBGene00220155.,0,0,0
WBGene00220156.,0,0,0
WBGene00220157.,0,0,0
WBGene00220158.,0,0,0
WBGene00220159.,0,699,699
WBGene00220160.,0,294,294
WBGene00220161.,0,0,0
WBGene00220162.,0,0,0
WBGene00220163.,0,0,0
WBGene00220164.,0,0,0
WBGene00220165.,0,1149,1149
WBGene00220166.,0,0,0
WBGene00220167.,0,0,0
WBGene00220168.,0,0,0
WBGene00220169.,0,0,0
WBGene00220170.,0,5,5
WBGene00220171.,0,0,0
WBGene00220172.,0,0,0
WBGene00220173.,0,0,0
WBGene00220174.,0,0,0
WBGene00220175.,0,31,31
WBGene00220176.,0,0,0
WBGene00220177.,0,0,0
WBGene00220178.,0,0,0
WBGene00220179.,0,0,0
WBGene00220180.,0,0,0
WBGene00220181.,0,0,0
WBGene00220182.,0,0,0
WBGene00220183.,0,147,147
WBGene00220184.,0,0,0
WBGene00220185.,0,0,0
WBGene00220186.,0,14,14
WBGene00220187.,0,0,0
WBGene00220188.,0,0,0
WBGene00220189.,0,0,0
WBGene00220190.,0,0,0
WBGene00220191.,0,0,0
WBGene00220192.,0,0,0
WBGene00220193.,0,0,0
WBGene00220194.,0,15,15
WBGene00220195.,0,0,0
WBGene00220196.,0,0,0
WBGene00220197.,0,0,0
WBGene00220198.,0,417,417
WBGene00220199.,0,0,0
WBGene00220200.,0,0,0
WBGene00220201.,0,4,4
WBGene00220202.,0,0,0
WBGene00220203.,0,0,0
WBGene00220204.,0,34,34
WBGene00220205.,0,0,0
WBGene00220206.,0,14,14
WBGene00220207.,0,0,0
WBGene00220208.,0,0,0
WBGene00220209.,0,2,2
WBGene00220210.,0,0,0
WBGene00220211.,0,0,0
WBGene00220212.,0,2,2
WBGene00220213.,0,0,0
WBGene00220214.,0,108,108
WBGene00220215.,0,0,0
WBGene00220216.,0,0,0
WBGene00220217.,0,0,0
WBGene00220218.,0,1,1
WBGene00220219.,0,4,4
WBGene00220220.,0,5,5
WBGene00220221.,0,2,2
WBGene00220222.,0,0,0
WBGene00220223.,0,12,12
WBGene00220224.,0,0,0
WBGene00220225.,0,0,0
WBGene00220226.,0,0,0
WBGene00220227.,0,0,0
WBGene00220228.,0,13,13
WBGene00220229.,0,0,0
WBGene00220230.,0,0,0
WBGene00220231.,0,1,1
WBGene00220232.,0,15,15
WBGene00220233.,0,35,35
WBGene00220234.,0,22,22
WBGene00220235.,0,42,42
WBGene00220236.,0,200,200
WBGene00220237.,0,5,5
WBGene00220238.,0,211,211
WBGene00220239.,0,223,223
WBGene00220240.,0,0,0
WBGene00220241.,0,10,10
WBGene00220242.,0,0,0
WBGene00220243.,0,32,32
WBGene00220244.,0,0,0
WBGene00220245.,0,9,9
WBGene00220246.,0,0,0
WBGene00220247.,0,0,0
WBGene00220248.,0,8,8
WBGene00220249.,0,2,2
WBGene00220250.,14,3,17
WBGene00220251.,12,22,34
WBGene00220252.,30,59,89
WBGene00220253.,0,9,9
WBGene00220254.,1,3,4
WBGene00220255.,0,0,0
WBGene00220256.,6,0,6
WBGene00220257.,3,35,38
WBGene00220258.,0,32,32
WBGene00220259.,4,50,54
WBGene00220260.,69,5,74
WBGene00220261.,2,22,24
WBGene00235003.,4,6,10
WBGene00235080.,0,0,0
WBGene00235081.,0,0,0
WBGene00235084.,0,0,0
WBGene00235085.,0,0,0
WBGene00235086.,12,102,114
WBGene00235087.,0,0,0
WBGene00235088.,0,0,0
WBGene00235089.,0,0,0
WBGene00235090.,4,9,13
WBGene00235091.,0,1,1
WBGene00235092.,7,11,18
WBGene00235093.,2,75,77
WBGene00235094.,0,0,0
WBGene00235095.,2,9,11
WBGene00235102.,19,2531,2550
WBGene00235106.,0,21,21
WBGene00235107.,0,0,0
WBGene00235108.,1,0,1
WBGene00235109.,4,8,12
WBGene00235110.,3,5,8
WBGene00235111.,0,2,2
WBGene00235112.,0,6,6
WBGene00235113.,0,12,12
WBGene00235114.,12,247,259
WBGene00235115.,1,1,2
WBGene00235116.,19,27,46
WBGene00235117.,1,1,2
WBGene00235118.,0,0,0
WBGene00235119.,1,0,1
WBGene00235120.,0,0,0
WBGene00235121.,0,1,1
WBGene00235128.,0,2,2
WBGene00235129.,7,6,13
WBGene00235132.,24,19,43
WBGene00235133.,16,138,154
WBGene00235134.,3,0,3
WBGene00235152.,3,9,12
WBGene00235153.,2,8,10
WBGene00235157.,0,3,3
WBGene00235158.,16,282,298
WBGene00235159.,0,0,0
WBGene00235160.,0,0,0
WBGene00235161.,0,0,0
WBGene00235162.,0,2,2
WBGene00235163.,0,0,0
WBGene00235164.,46,789,835
WBGene00235165.,0,0,0
WBGene00235166.,0,1,1
WBGene00235167.,1,1858,1859
WBGene00235175.,0,0,0
WBGene00235179.,0,0,0
WBGene00235180.,0,3,3
WBGene00235181.,0,4,4
WBGene00235183.,0,0,0
WBGene00235188.,0,0,0
WBGene00235190.,0,1,1
WBGene00235197.,0,4,4
WBGene00235198.,0,0,0
WBGene00235200.,0,7,7
WBGene00235201.,0,1,1
WBGene00235206.,0,0,0
WBGene00235209.,0,0,0
WBGene00235235.,0,1,1
WBGene00235237.,0,0,0
WBGene00235247.,0,0,0
WBGene00235250.,0,2,2
WBGene00235251.,0,26,26
WBGene00235252.,0,0,0
WBGene00235254.,0,10,10
WBGene00235255.,0,0,0
WBGene00235256.,0,29,29
WBGene00235257.,5,28,33
WBGene00235258.,0,1,1
WBGene00235259.,5,15,20
WBGene00235260.,146,1,147
WBGene00235261.,0,52,52
WBGene00235262.,0,50,50
WBGene00235263.,30,23,53
WBGene00235264.,0,4,4
WBGene00235265.,2,5,7
WBGene00235266.,0,1,1
WBGene00235267.,1,6,7
WBGene00235268.,6,0,6
WBGene00235269.,0,600,600
WBGene00235270.,1,7,8
WBGene00235271.,1,30,31
WBGene00235272.,0,1,1
WBGene00235273.,213,573,786
WBGene00235274.,27,311,338
WBGene00235275.,27,23,50
WBGene00235276.,0,0,0
WBGene00235277.,324,298,622
WBGene00235278.,2,3,5
WBGene00235279.,77,30,107
WBGene00235280.,1,1,2
WBGene00235281.,0,0,0
WBGene00235282.,1,0,1
WBGene00235283.,5,34,39
WBGene00235284.,0,0,0
WBGene00235285.,0,0,0
WBGene00235286.,1,4,5
WBGene00235287.,14,109,123
WBGene00235288.,0,2,2
WBGene00235289.,0,1,1
WBGene00235290.,0,1,1
WBGene00235291.,137,989,1126
WBGene00235292.,8,2,10
WBGene00235293.,0,0,0
WBGene00235294.,0,25,25
WBGene00235295.,1,7,8
WBGene00235296.,0,37,37
WBGene00235297.,0,1,1
WBGene00235298.,0,12,12
WBGene00235299.,1,0,1
WBGene00235300.,0,33,33
WBGene00235301.,0,14,14
WBGene00235302.,0,0,0
WBGene00235303.,0,26,26
WBGene00235304.,0,8,8
WBGene00235305.,0,6,6
WBGene00235307.,2,2,4
WBGene00235308.,10,23,33
WBGene00235309.,0,0,0
WBGene00235310.,63,194,257
WBGene00235311.,0,0,0
WBGene00235312.,3,50,53
WBGene00235313.,6,17,23
WBGene00235314.,24,60,84
WBGene00235315.,56,556,612
WBGene00235316.,12,84,96
WBGene00235317.,0,0,0
WBGene00235318.,20,115,135
WBGene00235319.,0,31,31
WBGene00235320.,5,19,24
WBGene00235321.,18,0,18
WBGene00235322.,0,0,0
WBGene00235323.,0,4,4
WBGene00235324.,7,8,15
WBGene00235325.,27,196,223
WBGene00235326.,0,0,0
WBGene00235327.,0,0,0
WBGene00235328.,0,25,25
WBGene00235329.,2,4,6
WBGene00235330.,124,520,644
WBGene00235331.,0,134,134
WBGene00235332.,0,1,1
WBGene00235333.,1,5,6
WBGene00235334.,4,5,9
WBGene00235335.,0,28,28
WBGene00235336.,0,4,4
WBGene00235338.,4,7,11
WBGene00235339.,0,0,0
WBGene00235340.,0,5,5
WBGene00235341.,0,4,4
WBGene00235342.,0,0,0
WBGene00235343.,0,0,0
WBGene00235346.,0,215,215
WBGene00235348.,0,43,43
WBGene00235350.,151,41,192
WBGene00235351.,14,9,23
WBGene00235352.,8,85,93
WBGene00235353.,6,15,21
WBGene00235354.,1,2,3
WBGene00235355.,0,4,4
WBGene00235356.,0,0,0
WBGene00235357.,15,3,18
WBGene00235358.,0,3,3
WBGene00235359.,0,1,1
WBGene00235361.,0,3,3
WBGene00235362.,1,0,1
WBGene00235363.,0,1,1
WBGene00235364.,0,1,1
WBGene00235365.,0,19,19
WBGene00235366.,0,0,0
WBGene00235367.,0,6,6
WBGene00235368.,0,9,9
WBGene00235369.,2,1,3
WBGene00235370.,0,13,13
WBGene00235371.,0,1,1
WBGene00235372.,8,31,39
WBGene00235373.,0,0,0
WBGene00235374.,1,1,2
WBGene00235375.,1,3,4
WBGene00235376.,20,8,28
WBGene00235377.,0,0,0
WBGene00235378.,0,0,0
WBGene00235379.,0,0,0
WBGene00235380.,0,39,39
WBGene00235381.,0,0,0
WBGene00235382.,0,0,0
WBGene00235383.,1,1,2
WBGene00235385.,8,124,132
WBGene00235386.,0,0,0
WBGene00235387.,202,1246,1448
WBGene00235388.,2,2,4
WBGene00235389.,0,2,2
WBGene00235390.,1,3,4
WBGene00235391.,0,5,5
WBGene00236785.,0,35,35
WBGene00236786.,12,371,383
WBGene00236787.,0,2,2
WBGene00236788.,0,0,0
WBGene00236789.,7,29,36
WBGene00236797.,0,32,32
WBGene00236798.,0,13,13
WBGene00236799.,0,0,0
WBGene00236800.,0,58,58
WBGene00236806.,19,3,22
WBGene00236807.,0,1,1
WBGene00236808.,3,6,9
WBGene00236809.,7,92,99
WBGene00249808.,0,69,69
WBGene00249812.,0,0,0
WBGene00249813.,0,8,8
WBGene00249814.,0,0,0
WBGene00249815.,579,232,811
WBGene00249816.,0,3,3
WBGene00249817.,32,475,507
WBGene00249825.,0,3,3
WBGene00249826.,0,1449,1449
WBGene00255375.,0,0,0
WBGene00255420.,11,1,12
WBGene00255426.,0,10,10
WBGene00255435.,4,1,5
WBGene00255441.,0,4,4
WBGene00255457.,316,95,411
WBGene00255469.,8,9,17
WBGene00255522.,0,0,0
WBGene00255543.,0,0,0
WBGene00255545.,0,0,0
WBGene00255546.,0,0,0
WBGene00255549.,5,9,14
WBGene00255550.,0,0,0
WBGene00255553.,0,2,2
WBGene00255560.,0,2,2
WBGene00255561.,0,1,1
WBGene00255562.,0,0,0
WBGene00255563.,0,0,0
WBGene00255564.,0,0,0
WBGene00255565.,0,0,0
WBGene00255566.,0,0,0
WBGene00255567.,0,0,0
WBGene00255568.,0,0,0
WBGene00255569.,0,0,0
WBGene00255570.,0,0,0
WBGene00255571.,0,1,1
WBGene00255572.,0,3,3
WBGene00255573.,0,0,0
WBGene00255574.,0,0,0
WBGene00255575.,0,5,5
WBGene00255576.,0,0,0
WBGene00255577.,0,0,0
WBGene00255578.,0,0,0
WBGene00255579.,0,18,18
WBGene00255580.,0,0,0
WBGene00255581.,0,0,0
WBGene00255582.,0,0,0
WBGene00255583.,0,0,0
WBGene00255584.,0,0,0
WBGene00255586.,0,0,0
WBGene00255587.,0,0,0
WBGene00255588.,0,0,0
WBGene00255594.,4,75,79
WBGene00255595.,0,0,0
WBGene00255596.,0,12,12
WBGene00255597.,1,9,10
WBGene00255598.,36,170,206
WBGene00255600.,4,33,37
WBGene00255605.,2,89,91
WBGene00255606.,14,214,228
WBGene00255607.,0,5,5
WBGene00255611.,0,4,4
WBGene00255702.,21,126,147
WBGene00255703.,0,8,8
WBGene00255704.,0,195,195
WBGene00255709.,0,0,0
WBGene00255714.,7,180,187
WBGene00255728.,0,8,8
WBGene00255729.,1,3,4
WBGene00255730.,1,10,11
WBGene00255731.,7,33,40
WBGene00255732.,1,1,2
WBGene00255733.,5,31,36
WBGene00255736.,0,36,36
WBGene00268189.,0,8,8
WBGene00268190.,4,0,4
WBGene00268191.,0,0,0
WBGene00268192.,38,288,326
WBGene00268193.,1,0,1
WBGene00268194.,6,3,9
WBGene00268196.,58,104,162
WBGene00268197.,0,2,2
WBGene00268198.,0,2,2
WBGene00268199.,0,0,0
WBGene00268202.,2,3,5
WBGene00268203.,1,8,9
WBGene00268204.,0,9,9
WBGene00268205.,0,1,1
WBGene00268206.,1,20,21
WBGene00268207.,0,2,2
WBGene00268208.,153,5,158
WBGene00268209.,1,14,15
WBGene00268210.,1,1,2
WBGene00268211.,0,0,0
WBGene00268212.,44,2,46
WBGene00268213.,5,68,73
WBGene00268214.,9,9,18
WBGene00268215.,1,5,6
WBGene00268216.,9,3,12
WBGene00269331.,0,0,0
WBGene00269332.,0,0,0
WBGene00269333.,0,2,2
WBGene00269336.,0,0,0
WBGene00269337.,0,1,1
WBGene00269338.,0,4,4
WBGene00269346.,0,3,3
WBGene00269352.,0,0,0
WBGene00269355.,49,721,770
WBGene00269373.,0,38,38
WBGene00269376.,0,144,144
WBGene00269378.,85,302,387
WBGene00269379.,1,6,7
WBGene00269381.,0,0,0
WBGene00269382.,57,713,770
WBGene00269383.,79,230,309
WBGene00269384.,2,55,57
WBGene00269385.,0,5,5
WBGene00269386.,0,51,51
WBGene00269387.,1,31,32
WBGene00269388.,0,2,2
WBGene00269389.,0,0,0
WBGene00269390.,0,10,10
WBGene00269391.,0,3,3
WBGene00269392.,1,6,7
WBGene00269393.,0,0,0
WBGene00269394.,3,2,5
WBGene00269419.,0,1,1
WBGene00269420.,0,1,1
WBGene00269421.,2251,10553,12804
WBGene00269422.,0,1,1
WBGene00269423.,9,7,16
WBGene00269424.,9,20,29
WBGene00269425.,8,7,15
WBGene00269426.,3,28,31
WBGene00269427.,0,35,35
WBGene00269428.,6,19,25
WBGene00269429.,0,74,74
WBGene00269430.,0,0,0
WBGene00269431.,0,24,24
WBGene00269432.,28,168,196
WBGene00269433.,42,339,381
WBGene00269434.,0,93,93
WBGene00269435.,1,6,7
WBGene00269436.,2,17,19
WBGene00269437.,0,30,30
WBGene00269438.,3,12,15
WBGene00270290.,1,3,4
WBGene00270291.,0,1,1
WBGene00270292.,0,1,1
WBGene00270293.,0,2,2
WBGene00270303.,0,14,14
WBGene00270309.,13,48,61
WBGene00270318.,39,105,144
WBGene00270319.,0,197,197
WBGene00270320.,3,4,7
WBGene00270321.,14,36,50
WBGene00270322.,19,980,999
WBGene00271414.,37,725,762
WBGene00271415.,12,20,32
WBGene00271437.,17,38,55
WBGene00271444.,2,8,10
WBGene00271567.,1,4,5
WBGene00271577.,0,7,7
WBGene00271598.,12,44,56
WBGene00271605.,16,89,105
WBGene00271606.,148,1782,1930
WBGene00271632.,0,654,654
WBGene00271633.,0,291,291
WBGene00271634.,0,22,22
WBGene00271635.,0,0,0
WBGene00271636.,82,955,1037
WBGene00271637.,15,14,29
WBGene00271638.,0,2,2
WBGene00271639.,0,1,1
WBGene00271640.,0,1,1
WBGene00271641.,0,0,0
WBGene00271642.,63,4679,4742
WBGene00271643.,0,3,3
WBGene00271644.,0,13,13
WBGene00271645.,0,6,6
WBGene00271646.,0,46,46
WBGene00271647.,7,37,44
WBGene00271648.,0,8,8
WBGene00271649.,2,11,13
WBGene00271650.,0,5,5
WBGene00271651.,0,10,10
WBGene00271652.,49,116,165
WBGene00271653.,0,0,0
WBGene00271654.,0,2,2
WBGene00271655.,0,138,138
WBGene00271656.,0,5,5
WBGene00271657.,1,0,1
WBGene00271694.,12,160,172
WBGene00271701.,8,20,28
WBGene00271703.,0,0,0
WBGene00271706.,18,422,440
WBGene00271707.,0,2,2
WBGene00271715.,3,1,4
WBGene00271716.,196,617,813
WBGene00271744.,14,54,68
WBGene00271774.,0,10,10
WBGene00271775.,53,1453,1506
WBGene00271776.,22,16,38
WBGene00271777.,475,31,506
WBGene00271778.,0,15,15
WBGene00271779.,0,7,7
WBGene00271780.,0,0,0
WBGene00271781.,0,8,8
WBGene00271786.,5,3,8
WBGene00271788.,4,113,117
WBGene00271789.,2,30,32
WBGene00271790.,0,0,0
WBGene00271791.,0,7,7
WBGene00271792.,0,0,0
WBGene00271795.,5,363,368
WBGene00271796.,37,581,618
WBGene00271797.,0,0,0
WBGene00271798.,95,33,128
WBGene00271799.,0,0,0
WBGene00271800.,0,0,0
WBGene00271801.,12,52,64
WBGene00271802.,11,87,98
WBGene00271803.,0,0,0
WBGene00271804.,0,0,0
WBGene00271805.,0,46,46
WBGene00271806.,0,0,0
WBGene00271807.,2,1,3
WBGene00271808.,71,114,185
WBGene00271809.,10,13,23
WBGene00271810.,0,0,0
WBGene00271811.,4,4,8
WBGene00271813.,0,0,0
WBGene00271815.,0,1,1
WBGene00271816.,1,2,3
WBGene00271817.,0,384,384
WBGene00271818.,42,450,492
WBGene00271819.,1,0,1
WBGene00271820.,22,3,25
WBGene00271821.,34,10,44
WBGene00271822.,0,1,1
WBGene00271823.,0,0,0
WBGene00271824.,9,56,65
WBGene00271827.,30,179,209
WBGene00271830.,173,965,1138
WBGene00271831.,0,0,0
WBGene00271832.,3,12,15
WBGene00271837.,0,0,0
WBGene00284844.,0,508,508
WBGene00284845.,0,3,3
WBGene00284846.,923,9684,10607
WBGene00284847.,0,2,2
WBGene00284848.,46,365,411
WBGene00284849.,0,17,17
WBGene00284850.,0,3,3
WBGene00284851.,80,53,133
WBGene00284852.,26,267,293
WBGene00284853.,2,5,7
WBGene00284854.,13,15,28
WBGene00284855.,0,2,2
WBGene00284856.,0,2254,2254
WBGene00284857.,0,79,79
WBGene00284858.,0,0,0
WBGene00284859.,0,562,562
WBGene00284861.,0,163,163
WBGene00284867.,0,541,541
WBGene00302964.,0,20,20
WBGene00302968.,0,235,235
WBGene00302971.,19,122,141
WBGene00302974.,0,225,225
WBGene00302976.,2,12,14
WBGene00302978.,89,424,513
WBGene00302980.,0,104,104
WBGene00302982.,5,108,113
WBGene00302984.,8,19,27
WBGene00302986.,73,6,79
WBGene00302988.,9,11,20
WBGene00302991.,40,75,115
WBGene00302993.,6,0,6
WBGene00302995.,121,455,576
WBGene00302998.,69,147,216
WBGene00303000.,366,864,1230
WBGene00303002.,0,74,74
WBGene00303005.,0,0,0
WBGene00303007.,0,33,33
WBGene00303009.,44,259,303
WBGene00303011.,53,40,93
WBGene00303013.,12,8,20
WBGene00303015.,38,1048,1086
WBGene00303019.,0,1568,1568
WBGene00303021.,0,190,190
WBGene00303023.,0,0,0
WBGene00303024.,0,0,0
WBGene00303026.,52,512,564
WBGene00303028.,0,0,0
WBGene00303030.,8,32,40
WBGene00303031.,0,4,4
WBGene00303032.,0,0,0
WBGene00303033.,0,0,0
WBGene00303034.,0,0,0
WBGene00303035.,0,0,0
WBGene00303036.,0,0,0
WBGene00303037.,0,0,0
WBGene00303038.,0,0,0
WBGene00303039.,0,0,0
WBGene00303040.,0,0,0
WBGene00303041.,0,0,0
WBGene00303042.,0,0,0
WBGene00303043.,0,0,0
WBGene00303044.,0,0,0
WBGene00303045.,0,1,1
WBGene00303046.,0,16,16
WBGene00303047.,0,0,0
WBGene00303048.,0,0,0
WBGene00303049.,0,0,0
WBGene00303050.,0,0,0
WBGene00303051.,0,0,0
WBGene00303052.,0,0,0
WBGene00303053.,0,1,1
WBGene00303054.,0,0,0
WBGene00303055.,0,0,0
WBGene00303056.,0,0,0
WBGene00303057.,0,0,0
WBGene00303058.,0,0,0
WBGene00303059.,0,0,0
WBGene00303060.,0,0,0
WBGene00303061.,0,0,0
WBGene00303062.,0,0,0
WBGene00303063.,0,0,0
WBGene00303064.,0,0,0
WBGene00303065.,0,0,0
WBGene00303066.,0,0,0
WBGene00303067.,0,0,0
WBGene00303068.,0,0,0
WBGene00303069.,0,0,0
WBGene00303070.,0,0,0
WBGene00303071.,0,0,0
WBGene00303072.,0,0,0
WBGene00303073.,0,0,0
WBGene00303074.,0,0,0
WBGene00303075.,0,578,578
WBGene00303076.,0,0,0
WBGene00303077.,0,0,0
WBGene00303078.,0,0,0
WBGene00303079.,0,0,0
WBGene00303080.,0,0,0
WBGene00303081.,0,0,0
WBGene00303082.,0,0,0
WBGene00303083.,0,0,0
WBGene00303085.,0,0,0
WBGene00303086.,0,0,0
WBGene00303087.,0,0,0
WBGene00303088.,0,0,0
WBGene00303089.,0,4,4
WBGene00303090.,0,0,0
WBGene00303091.,0,42,42
WBGene00303092.,0,0,0
WBGene00303093.,0,0,0
WBGene00303094.,0,0,0
WBGene00303095.,0,0,0
WBGene00303096.,0,0,0
WBGene00303097.,0,0,0
WBGene00303098.,0,0,0
WBGene00303099.,0,0,0
WBGene00303100.,0,0,0
WBGene00303101.,0,0,0
WBGene00303102.,0,0,0
WBGene00303103.,0,0,0
WBGene00303104.,0,0,0
WBGene00303105.,0,0,0
WBGene00303113.,0,0,0
WBGene00303114.,0,1,1
WBGene00303115.,0,0,0
WBGene00303208.,72,1211,1283
WBGene00303231.,1,7,8
WBGene00303233.,146,660,806
WBGene00303359.,2,4,6
WBGene00303360.,0,0,0
WBGene00303362.,2,1,3
WBGene00303363.,0,12,12
WBGene00303364.,32,76,108
WBGene00303365.,0,0,0
WBGene00303366.,0,0,0
WBGene00303367.,2,1,3
WBGene00303368.,7,8,15
WBGene00303369.,0,0,0
WBGene00303370.,0,0,0
WBGene00303371.,3,18,21
WBGene00303378.,0,3,3
WBGene00303398.,10,6,16
WBGene00303421.,7,11,18
WBGene00303423.,88,454,542
WBGene00303425.,11,68,79
WBGene00304173.,0,1,1
WBGene00304175.,0,1,1
WBGene00304181.,17,0,17
WBGene00304182.,0,1,1
WBGene00304183.,0,1,1
WBGene00304189.,71,800,871
WBGene00304194.,3,2,5
WBGene00304195.,0,2,2
WBGene00304201.,0,2,2
WBGene00304202.,8,11,19
WBGene00304203.,40,37,77
WBGene00304215.,15,89,104
WBGene00304219.,0,230,230
WBGene00304220.,2,1,3
WBGene00304237.,8,73,81
WBGene00304238.,0,10,10
WBGene00304775.,1,19,20
WBGene00304776.,8,82,90
WBGene00304782.,0,29,29
WBGene00304783.,0,267,267
WBGene00304785.,1,1,2
WBGene00304786.,1,6,7
WBGene00304787.,6,60,66
WBGene00304788.,26,92,118
WBGene00304789.,0,11,11
WBGene00304790.,8,897,905
WBGene00304791.,25,120,145
WBGene00304792.,0,55,55
WBGene00304793.,1,12,13
WBGene00304794.,14,5,19
WBGene00304797.,1,0,1
WBGene00304798.,0,3,3
WBGene00304806.,0,6,6
WBGene00304808.,46,67,113
WBGene00304811.,85,633,718
WBGene00304812.,0,576,576
WBGene00304813.,0,1217,1217
WBGene00304814.,0,0,0
WBGene00304815.,0,10102,10102
WBGene00304816.,1,54,55
WBGene00304817.,5,6,11
WBGene00304818.,1,2,3
WBGene00304819.,1,4,5
WBGene00304820.,7,27,34
WBGene00304822.,2,51,53
WBGene00304823.,0,2,2
WBGene00304824.,2,4,6
WBGene00304825.,37,5,42
WBGene00304826.,2,3,5
WBGene00304827.,1,7,8
WBGene00304828.,0,14,14
WBGene00304895.,11,446,457
WBGene00304901.,1,2,3
WBGene00304906.,0,10,10
WBGene00304907.,3,1,4
WBGene00304908.,1,3,4
WBGene00304930.,0,3,3
WBGene00304981.,4,1,5
WBGene00304985.,4,18,22
WBGene00304992.,138,2902,3040
WBGene00304996.,7,11,18
WBGene00305018.,0,5,5
WBGene00305047.,2,2,4
WBGene00305048.,0,0,0
WBGene00305049.,0,3,3
WBGene00305050.,90,75,165
WBGene00305065.,51,95,146
WBGene00305066.,0,52,52
WBGene00305067.,35,423,458
WBGene00305069.,0,1,1
WBGene00305086.,31,27,58
WBGene00305090.,28,35,63
WBGene00305091.,3,6,9
WBGene00305092.,0,8,8
WBGene00305093.,0,0,0
WBGene00305095.,0,3,3
WBGene00305102.,0,1,1
WBGene00305103.,34,307,341
WBGene00305104.,0,33,33
WBGene00305109.,0,13,13
WBGene00305110.,0,3,3
WBGene00305111.,0,0,0
WBGene00305112.,0,1,1
WBGene00305113.,0,41,41
WBGene00305114.,0,1,1
WBGene00305130.,0,0,0
WBGene00305131.,0,746,746
WBGene00305132.,0,0,0
WBGene00305157.,0,420,420
WBGene00305158.,4,5,9
WBGene00305159.,0,1,1
WBGene00305173.,42,158,200
WBGene00305970.,0,6,6
WBGene00305979.,0,29,29
WBGene00305980.,6,43,49
WBGene00305981.,193,553,746
WBGene00305991.,9,41,50
WBGene00305992.,8,15,23
WBGene00305993.,0,27,27
WBGene00305994.,4,18,22
WBGene00305995.,3,21,24
WBGene00305996.,2,3,5
WBGene00305997.,0,9,9
WBGene00305998.,7,18,25
WBGene00305999.,3,10,13
WBGene00306000.,3,12,15
WBGene00306001.,0,7,7
WBGene00306002.,5,106,111
WBGene00306003.,49,956,1005
WBGene00306004.,2,1,3
WBGene00306005.,64,60,124
WBGene00306012.,163,687,850
WBGene00306013.,380,2538,2918
WBGene00306014.,0,18,18
WBGene00306062.,0,0,0
WBGene00306066.,6,33,39
WBGene00306069.,0,240,240
WBGene00306070.,3,1,4
WBGene00306076.,0,0,0
WBGene00306078.,0,19,19
WBGene00306080.,0,0,0
WBGene00306081.,3,31,34
WBGene00306121.,15,32,47
WBGene00306122.,0,8,8
WBGene00306123.,14,54,68
WBGene00306124.,44,1,45
WBGene00306125.,0,0,0
WBGene00306126.,47,730,777
WBGene00306131.,0,370,370
WBGene00306132.,0,30,30
