gene_id,total_unsp,total_sp,total
WBGene00000001.,19,1312,1331
WBGene00000002.,47,653,700
WBGene00000003.,4,358,362
WBGene00000004.,138,1349,1487
WBGene00000005.,2,9,11
WBGene00000006.,304,3114,3418
WBGene00000007.,11,64,75
WBGene00000008.,12,3,15
WBGene00000009.,12,85,97
WBGene00000010.,40,465,505
WBGene00000012.,17,59,76
WBGene00000013.,0,352,352
WBGene00000014.,2,10,12
WBGene00000015.,2,102,104
WBGene00000016.,128,12332,12460
WBGene00000017.,6,8208,8214
WBGene00000018.,391,1313,1704
WBGene00000019.,19,7,26
WBGene00000020.,324,1373,1697
WBGene00000021.,6,2,8
WBGene00000022.,65,800,865
WBGene00000023.,14,37,51
WBGene00000024.,0,2,2
WBGene00000025.,0,22,22
WBGene00000026.,0,1,1
WBGene00000027.,0,2,2
WBGene00000028.,0,0,0
WBGene00000029.,0,0,0
WBGene00000030.,0,9,9
WBGene00000031.,0,72,72
WBGene00000032.,0,0,0
WBGene00000033.,0,16,16
WBGene00000034.,0,59,59
WBGene00000035.,297,479,776
WBGene00000036.,205,1010,1215
WBGene00000037.,53,949,1002
WBGene00000038.,68,187,255
WBGene00000039.,1,7,8
WBGene00000040.,14,1951,1965
WBGene00000041.,220,5518,5738
WBGene00000042.,106,310,416
WBGene00000043.,29,119,148
WBGene00000044.,67,96,163
WBGene00000045.,19,40,59
WBGene00000046.,134,329,463
WBGene00000047.,37,153,190
WBGene00000048.,9,126,135
WBGene00000049.,16,112,128
WBGene00000050.,10,180,190
WBGene00000051.,31,240,271
WBGene00000053.,15,39,54
WBGene00000054.,21,173,194
WBGene00000055.,12,297,309
WBGene00000056.,35,154,189
WBGene00000057.,72,152,224
WBGene00000058.,275,497,772
WBGene00000059.,34,129,163
WBGene00000060.,82,159,241
WBGene00000061.,30,272,302
WBGene00000062.,98,124,222
WBGene00000063.,16,67450,67466
WBGene00000064.,192,12602,12794
WBGene00000065.,94,25614,25708
WBGene00000066.,1475,305688,307163
WBGene00000067.,55,2873,2928
WBGene00000068.,1398,1897,3295
WBGene00000069.,35,243,278
WBGene00000070.,326,753,1079
WBGene00000071.,51,329,380
WBGene00000072.,123,1051,1174
WBGene00000073.,100,992,1092
WBGene00000074.,373,1118,1491
WBGene00000075.,11,177,188
WBGene00000079.,322,1285,1607
WBGene00000080.,47,1701,1748
WBGene00000081.,252,5801,6053
WBGene00000082.,208,178,386
WBGene00000083.,300,997,1297
WBGene00000084.,74,321,395
WBGene00000085.,30,268,298
WBGene00000086.,181,1147,1328
WBGene00000088.,119,1103,1222
WBGene00000089.,76,1629,1705
WBGene00000090.,158,1520,1678
WBGene00000092.,404,4486,4890
WBGene00000093.,15,464,479
WBGene00000094.,118,1414,1532
WBGene00000095.,243,3094,3337
WBGene00000096.,379,1133,1512
WBGene00000097.,108,2331,2439
WBGene00000098.,38,1340,1378
WBGene00000099.,89,1077,1166
WBGene00000100.,1095,16924,18019
WBGene00000101.,166,3233,3399
WBGene00000102.,783,10044,10827
WBGene00000103.,153,3127,3280
WBGene00000105.,85,3558,3643
WBGene00000106.,75,774,849
WBGene00000107.,1214,14475,15689
WBGene00000108.,14,1,15
WBGene00000109.,43,2063,2106
WBGene00000110.,161,4956,5117
WBGene00000111.,155,785,940
WBGene00000112.,110,2003,2113
WBGene00000113.,68,246,314
WBGene00000114.,555,152438,152993
WBGene00000115.,15,845,860
WBGene00000116.,106,578,684
WBGene00000117.,539,945,1484
WBGene00000118.,17,21566,21583
WBGene00000120.,1,3065,3066
WBGene00000121.,34,2136,2170
WBGene00000122.,39,5786,5825
WBGene00000123.,217,5337,5554
WBGene00000133.,34,699,733
WBGene00000134.,97,240,337
WBGene00000135.,50,352,402
WBGene00000136.,27,241,268
WBGene00000137.,82,427,509
WBGene00000138.,49,522,571
WBGene00000139.,150,522,672
WBGene00000140.,1392,86846,88238
WBGene00000142.,66,1010,1076
WBGene00000143.,193,1542,1735
WBGene00000144.,211,2341,2552
WBGene00000145.,5,819,824
WBGene00000146.,547,3992,4539
WBGene00000147.,6,908,914
WBGene00000148.,90,1055,1145
WBGene00000149.,554,18519,19073
WBGene00000150.,177,2523,2700
WBGene00000151.,12,1469,1481
WBGene00000155.,11,1272,1283
WBGene00000156.,112,1344,1456
WBGene00000157.,52,1560,1612
WBGene00000158.,651,1922,2573
WBGene00000159.,37,4240,4277
WBGene00000160.,736,2462,3198
WBGene00000161.,28,1788,1816
WBGene00000162.,664,2500,3164
WBGene00000163.,109,3661,3770
WBGene00000164.,101,872,973
WBGene00000165.,21,1054,1075
WBGene00000166.,50,474,524
WBGene00000168.,491,203,694
WBGene00000169.,98,1442,1540
WBGene00000170.,1068,45229,46297
WBGene00000171.,33,26,59
WBGene00000172.,205,845,1050
WBGene00000173.,16,243,259
WBGene00000174.,71,588,659
WBGene00000175.,127,2498,2625
WBGene00000176.,9,286,295
WBGene00000177.,100,610,710
WBGene00000178.,211,3659,3870
WBGene00000179.,163,1050,1213
WBGene00000180.,80,770,850
WBGene00000181.,506,4360,4866
WBGene00000182.,131,6421,6552
WBGene00000183.,177,7928,8105
WBGene00000184.,234,1404,1638
WBGene00000185.,2,18,20
WBGene00000186.,575,2807,3382
WBGene00000187.,5,1018,1023
WBGene00000188.,0,152,152
WBGene00000189.,21,370,391
WBGene00000190.,27,119,146
WBGene00000191.,23,150,173
WBGene00000192.,24,2813,2837
WBGene00000193.,18,214,232
WBGene00000195.,106,1647,1753
WBGene00000196.,173,1621,1794
WBGene00000197.,19,2744,2763
WBGene00000198.,112,1624,1736
WBGene00000199.,313,2887,3200
WBGene00000200.,117,3296,3413
WBGene00000201.,673,6111,6784
WBGene00000202.,6,620,626
WBGene00000203.,23,1455,1478
WBGene00000204.,100,3029,3129
WBGene00000205.,15,1443,1458
WBGene00000206.,87,1955,2042
WBGene00000207.,1105,39047,40152
WBGene00000208.,1782,1724,3506
WBGene00000209.,616,8893,9509
WBGene00000210.,3242,41342,44584
WBGene00000211.,75,341,416
WBGene00000212.,125,1052,1177
WBGene00000213.,39,1291,1330
WBGene00000214.,0,162674,162674
WBGene00000215.,239,7239,7478
WBGene00000216.,87,51451,51538
WBGene00000217.,2148,27521,29669
WBGene00000218.,526,47426,47952
WBGene00000219.,66,108982,109048
WBGene00000220.,65,652,717
WBGene00000221.,0,1953,1953
WBGene00000222.,136,1669,1805
WBGene00000223.,892,5316,6208
WBGene00000224.,282,4125,4407
WBGene00000225.,125,2128,2253
WBGene00000226.,199,2923,3122
WBGene00000227.,331,1514,1845
WBGene00000228.,155,2620,2775
WBGene00000229.,2807,87894,90701
WBGene00000230.,141,41876,42017
WBGene00000231.,221,2319,2540
WBGene00000232.,191,1228,1419
WBGene00000233.,304,1880,2184
WBGene00000235.,5,4515,4520
WBGene00000236.,160,1425,1585
WBGene00000237.,118,582,700
WBGene00000238.,53,388,441
WBGene00000239.,42,287,329
WBGene00000240.,1951,19124,21075
WBGene00000241.,47,186,233
WBGene00000242.,40,347,387
WBGene00000244.,56,634,690
WBGene00000245.,78,1163,1241
WBGene00000246.,44,73,117
WBGene00000247.,104,2242,2346
WBGene00000248.,242,2369,2611
WBGene00000249.,34,2649,2683
WBGene00000250.,53,1404,1457
WBGene00000251.,3,6,9
WBGene00000252.,1,43,44
WBGene00000253.,95,574,669
WBGene00000254.,679,3403,4082
WBGene00000255.,5,10,15
WBGene00000256.,0,8,8
WBGene00000257.,67,2882,2949
WBGene00000259.,174,2090,2264
WBGene00000262.,9,615,624
WBGene00000263.,2734,32324,35058
WBGene00000264.,289,899,1188
WBGene00000265.,153,942,1095
WBGene00000266.,114,1331,1445
WBGene00000267.,116,395,511
WBGene00000268.,616,1248,1864
WBGene00000269.,224,972,1196
WBGene00000270.,36,861,897
WBGene00000271.,57,1408,1465
WBGene00000272.,11,37,48
WBGene00000273.,617,28423,29040
WBGene00000274.,544,1501,2045
WBGene00000275.,29,1533,1562
WBGene00000276.,239,9358,9597
WBGene00000277.,2588,36729,39317
WBGene00000279.,23,144,167
WBGene00000280.,41,410,451
WBGene00000281.,60,5976,6036
WBGene00000282.,536,5889,6425
WBGene00000283.,102,1576,1678
WBGene00000284.,29,1145,1174
WBGene00000285.,233,4751,4984
WBGene00000286.,935,12130,13065
WBGene00000287.,554,4829,5383
WBGene00000288.,225,2296,2521
WBGene00000289.,269,1172,1441
WBGene00000292.,315,6340,6655
WBGene00000293.,383,16324,16707
WBGene00000294.,251,4550,4801
WBGene00000295.,46,319,365
WBGene00000296.,13,51,64
WBGene00000298.,42,2409,2451
WBGene00000301.,16,19783,19799
WBGene00000302.,14,353,367
WBGene00000308.,5,0,5
WBGene00000310.,0,0,0
WBGene00000311.,0,0,0
WBGene00000366.,313,8982,9295
WBGene00000367.,471,2057,2528
WBGene00000368.,282,2956,3238
WBGene00000369.,5,2354,2359
WBGene00000370.,3105,14501,17606
WBGene00000371.,3964,65556,69520
WBGene00000372.,34,784,818
WBGene00000373.,49,290,339
WBGene00000374.,619,1300,1919
WBGene00000375.,60,583,643
WBGene00000376.,601,1810,2411
WBGene00000377.,74,9785,9859
WBGene00000378.,22,10292,10314
WBGene00000379.,850,16204,17054
WBGene00000380.,1100,24314,25414
WBGene00000381.,55,6391,6446
WBGene00000382.,36,922,958
WBGene00000383.,189,6605,6794
WBGene00000386.,22,381,403
WBGene00000387.,336,257,593
WBGene00000388.,2,7,9
WBGene00000389.,0,0,0
WBGene00000390.,131,5040,5171
WBGene00000391.,1324,10103,11427
WBGene00000392.,0,50,50
WBGene00000393.,301,2234,2535
WBGene00000395.,106,707,813
WBGene00000396.,96,3088,3184
WBGene00000397.,5,42,47
WBGene00000399.,7,6,13
WBGene00000401.,53,143,196
WBGene00000402.,236,15,251
WBGene00000403.,836,9567,10403
WBGene00000405.,62,3575,3637
WBGene00000406.,41,403,444
WBGene00000407.,163,844,1007
WBGene00000408.,477,2006,2483
WBGene00000409.,145,1840,1985
WBGene00000410.,319,1824,2143
WBGene00000411.,21,2372,2393
WBGene00000412.,10,53,63
WBGene00000413.,119,535,654
WBGene00000414.,309,9389,9698
WBGene00000415.,2833,3602,6435
WBGene00000416.,72,2330,2402
WBGene00000417.,91,243,334
WBGene00000418.,25,524,549
WBGene00000419.,394,2367,2761
WBGene00000420.,117,1445,1562
WBGene00000421.,376,3487,3863
WBGene00000422.,4,39,43
WBGene00000423.,59,1112,1171
WBGene00000424.,134,1171,1305
WBGene00000425.,9,142,151
WBGene00000426.,399,2127,2526
WBGene00000427.,3,17,20
WBGene00000428.,8,155,163
WBGene00000429.,165,554,719
WBGene00000430.,8,103,111
WBGene00000431.,37,965,1002
WBGene00000432.,35,12,47
WBGene00000433.,191,827,1018
WBGene00000434.,14,92,106
WBGene00000435.,14,142,156
WBGene00000436.,6,36,42
WBGene00000437.,108,1033,1141
WBGene00000438.,52,124,176
WBGene00000439.,42,557,599
WBGene00000440.,2,94,96
WBGene00000441.,377,776,1153
WBGene00000442.,42,593,635
WBGene00000443.,156,3163,3319
WBGene00000444.,28,313,341
WBGene00000445.,58,611,669
WBGene00000446.,3,200,203
WBGene00000447.,87,485,572
WBGene00000448.,104,938,1042
WBGene00000449.,326,1934,2260
WBGene00000450.,13,22,35
WBGene00000451.,6,88,94
WBGene00000452.,14,404,418
WBGene00000453.,54,712,766
WBGene00000454.,15,277,292
WBGene00000455.,199,1448,1647
WBGene00000457.,40,170,210
WBGene00000458.,82,721,803
WBGene00000459.,106,2546,2652
WBGene00000460.,8,293,301
WBGene00000461.,11,7,18
WBGene00000462.,2,212,214
WBGene00000463.,89,495,584
WBGene00000464.,0,44,44
WBGene00000465.,42,1994,2036
WBGene00000466.,339,3102,3441
WBGene00000467.,100,1178,1278
WBGene00000468.,5,19,24
WBGene00000469.,29,74,103
WBGene00000472.,115,32052,32167
WBGene00000473.,3,1258,1261
WBGene00000474.,15,1389,1404
WBGene00000475.,65,16887,16952
WBGene00000476.,104,524,628
WBGene00000477.,30,41,71
WBGene00000478.,55,345,400
WBGene00000479.,19,2340,2359
WBGene00000480.,288,1928,2216
WBGene00000481.,35,577,612
WBGene00000482.,151,3970,4121
WBGene00000483.,35,46,81
WBGene00000484.,116,211,327
WBGene00000485.,156,1045,1201
WBGene00000487.,75,18,93
WBGene00000488.,156,287,443
WBGene00000490.,59,586,645
WBGene00000491.,204,835,1039
WBGene00000492.,207,510,717
WBGene00000493.,93,220,313
WBGene00000496.,52,306,358
WBGene00000497.,19,84,103
WBGene00000498.,10,1295,1305
WBGene00000499.,79,132,211
WBGene00000500.,78,1935,2013
WBGene00000501.,107,770,877
WBGene00000502.,33,1780,1813
WBGene00000503.,2,91,93
WBGene00000506.,464,1594,2058
WBGene00000507.,114,970,1084
WBGene00000508.,46,2176,2222
WBGene00000509.,336,3436,3772
WBGene00000510.,177,1689,1866
WBGene00000511.,36,304,340
WBGene00000512.,18,273,291
WBGene00000513.,17,201,218
WBGene00000514.,101,579,680
WBGene00000515.,13,390,403
WBGene00000516.,2,4154,4156
WBGene00000517.,122,612,734
WBGene00000518.,1083,1513,2596
WBGene00000519.,534,1367,1901
WBGene00000520.,173,1439,1612
WBGene00000521.,11,67,78
WBGene00000522.,175,890,1065
WBGene00000523.,56,535,591
WBGene00000524.,34,642,676
WBGene00000525.,26,13,39
WBGene00000526.,44,578,622
WBGene00000527.,451,1451,1902
WBGene00000528.,264,411,675
WBGene00000529.,344,440,784
WBGene00000530.,140,486,626
WBGene00000531.,14,50,64
WBGene00000532.,45,1446,1491
WBGene00000533.,16,460,476
WBGene00000534.,79,28219,28298
WBGene00000535.,444,8257,8701
WBGene00000536.,67,563,630
WBGene00000537.,29,798,827
WBGene00000539.,6,26,32
WBGene00000540.,102,473,575
WBGene00000541.,233,577,810
WBGene00000542.,788,11481,12269
WBGene00000543.,121,895,1016
WBGene00000544.,139,52,191
WBGene00000545.,1025,2775,3800
WBGene00000546.,24,56,80
WBGene00000547.,484,1882,2366
WBGene00000548.,151,2511,2662
WBGene00000549.,19,2418,2437
WBGene00000550.,23,1987,2010
WBGene00000551.,0,9,9
WBGene00000552.,822,18728,19550
WBGene00000553.,1533,1355,2888
WBGene00000554.,843,9395,10238
WBGene00000555.,0,1,1
WBGene00000556.,1,13,14
WBGene00000557.,14,209,223
WBGene00000558.,88,2264,2352
WBGene00000559.,0,0,0
WBGene00000560.,19,307,326
WBGene00000561.,0,83,83
WBGene00000562.,52,76,128
WBGene00000563.,29,24,53
WBGene00000564.,226,1222,1448
WBGene00000565.,820,497,1317
WBGene00000566.,801,2384,3185
WBGene00000567.,231,6967,7198
WBGene00000583.,165,1582,1747
WBGene00000584.,77,646,723
WBGene00000585.,136,2017,2153
WBGene00000591.,240,1158,1398
WBGene00000592.,45,1076,1121
WBGene00000593.,0,36,36
WBGene00000594.,0,4870,4870
WBGene00000596.,0,2,2
WBGene00000597.,6,61,67
WBGene00000598.,0,31,31
WBGene00000599.,9,1371,1380
WBGene00000601.,0,395,395
WBGene00000602.,0,3,3
WBGene00000603.,1,124,125
WBGene00000606.,0,2,2
WBGene00000608.,0,39,39
WBGene00000609.,0,11,11
WBGene00000610.,14,22,36
WBGene00000611.,564,6150,6714
WBGene00000612.,0,1,1
WBGene00000613.,0,16,16
WBGene00000614.,1,4,5
WBGene00000615.,1,35,36
WBGene00000616.,7,32301,32308
WBGene00000617.,0,2,2
WBGene00000618.,0,29,29
WBGene00000620.,1,2,3
WBGene00000621.,0,73,73
WBGene00000622.,4,79,83
WBGene00000623.,29,30,59
WBGene00000624.,23,4,27
WBGene00000625.,11,105,116
WBGene00000626.,1,6,7
WBGene00000627.,0,129,129
WBGene00000628.,0,8,8
WBGene00000629.,54,3,57
WBGene00000630.,130,882,1012
WBGene00000631.,1,9,10
WBGene00000632.,0,76,76
WBGene00000633.,1,2,3
WBGene00000634.,0,20,20
WBGene00000636.,5,13,18
WBGene00000637.,1,118,119
WBGene00000638.,0,5,5
WBGene00000639.,0,116,116
WBGene00000640.,11,100,111
WBGene00000641.,13,702,715
WBGene00000642.,1,6,7
WBGene00000644.,3,42,45
WBGene00000645.,29,382,411
WBGene00000646.,0,7,7
WBGene00000647.,5,56,61
WBGene00000648.,48,9,57
WBGene00000649.,3,48,51
WBGene00000650.,0,44,44
WBGene00000651.,3,24,27
WBGene00000652.,12,249,261
WBGene00000653.,0,748,748
WBGene00000654.,6,29,35
WBGene00000655.,0,133,133
WBGene00000656.,13,6393,6406
WBGene00000657.,6,44,50
WBGene00000658.,7,13,20
WBGene00000659.,2,1,3
WBGene00000660.,3,15,18
WBGene00000661.,9,14,23
WBGene00000662.,24,46,70
WBGene00000663.,0,7,7
WBGene00000664.,2,731,733
WBGene00000665.,0,2,2
WBGene00000666.,3,4022,4025
WBGene00000667.,0,174,174
WBGene00000668.,0,178,178
WBGene00000669.,7,6922,6929
WBGene00000670.,0,216,216
WBGene00000671.,0,217,217
WBGene00000672.,0,54,54
WBGene00000673.,15,71250,71265
WBGene00000674.,49,136,185
WBGene00000675.,0,465,465
WBGene00000676.,0,2,2
WBGene00000677.,44,55840,55884
WBGene00000678.,0,89,89
WBGene00000679.,5,42,47
WBGene00000680.,0,23,23
WBGene00000681.,36,80177,80213
WBGene00000682.,0,33,33
WBGene00000683.,11,88,99
WBGene00000684.,20,47,67
WBGene00000685.,5,72,77
WBGene00000687.,10,123,133
WBGene00000688.,2,56,58
WBGene00000689.,37,105,142
WBGene00000690.,0,47,47
WBGene00000691.,0,3073,3073
WBGene00000692.,4007,58541,62548
WBGene00000693.,0,11,11
WBGene00000694.,2,97,99
WBGene00000695.,1,3,4
WBGene00000696.,0,5,5
WBGene00000697.,3,11,14
WBGene00000698.,0,22,22
WBGene00000699.,1,179,180
WBGene00000700.,0,11,11
WBGene00000701.,0,11,11
WBGene00000702.,2,4,6
WBGene00000703.,1,233,234
WBGene00000704.,0,72,72
WBGene00000705.,2,1,3
WBGene00000706.,5,59,64
WBGene00000707.,0,15,15
WBGene00000708.,0,26,26
WBGene00000709.,2,0,2
WBGene00000710.,3,44,47
WBGene00000711.,0,33,33
WBGene00000712.,0,3,3
WBGene00000713.,3,380,383
WBGene00000714.,6,34,40
WBGene00000715.,40,580,620
WBGene00000716.,9,177,186
WBGene00000717.,4,481,485
WBGene00000718.,0,13,13
WBGene00000719.,0,9,9
WBGene00000720.,3,45476,45479
WBGene00000721.,1,36,37
WBGene00000722.,1,73,74
WBGene00000723.,2,1413,1415
WBGene00000724.,10,64,74
WBGene00000725.,1,13,14
WBGene00000726.,247,1587,1834
WBGene00000727.,0,282,282
WBGene00000728.,0,486,486
WBGene00000729.,0,9,9
WBGene00000730.,0,21,21
WBGene00000731.,2,17,19
WBGene00000732.,19,37,56
WBGene00000733.,3,63,66
WBGene00000734.,0,94,94
WBGene00000735.,7,4,11
WBGene00000736.,1,13,14
WBGene00000737.,5,57,62
WBGene00000738.,2,40,42
WBGene00000739.,0,1864,1864
WBGene00000740.,0,77,77
WBGene00000741.,0,306,306
WBGene00000742.,0,40,40
WBGene00000743.,0,0,0
WBGene00000744.,0,0,0
WBGene00000745.,4,111,115
WBGene00000746.,6,9,15
WBGene00000747.,0,27,27
WBGene00000748.,2,100,102
WBGene00000749.,1,665,666
WBGene00000750.,41,297,338
WBGene00000751.,1,6,7
WBGene00000752.,0,1,1
WBGene00000753.,0,40,40
WBGene00000754.,1,541,542
WBGene00000755.,0,22,22
WBGene00000756.,0,9,9
WBGene00000757.,0,60,60
WBGene00000758.,1,1,2
WBGene00000759.,10,51,61
WBGene00000760.,6,73,79
WBGene00000761.,69,900,969
WBGene00000762.,149,1159,1308
WBGene00000763.,289,3297,3586
WBGene00000764.,51,732,783
WBGene00000765.,9,1113,1122
WBGene00000766.,38,884,922
WBGene00000767.,88,1185,1273
WBGene00000768.,216,2400,2616
WBGene00000770.,8,108,116
WBGene00000771.,2,14,16
WBGene00000772.,3,203,206
WBGene00000773.,125,2046,2171
WBGene00000774.,57,2320,2377
WBGene00000775.,139,821,960
WBGene00000776.,1240,58149,59389
WBGene00000777.,34,5316,5350
WBGene00000778.,11,172,183
WBGene00000779.,5383,92865,98248
WBGene00000780.,453,3815,4268
WBGene00000781.,11,2195,2206
WBGene00000782.,13,2247,2260
WBGene00000783.,59,959,1018
WBGene00000784.,1,664,665
WBGene00000785.,14,4800,4814
WBGene00000786.,815,15979,16794
WBGene00000787.,66,4981,5047
WBGene00000788.,223,44968,45191
WBGene00000789.,458,16460,16918
WBGene00000792.,77,149,226
WBGene00000793.,6465,3651,10116
WBGene00000794.,59,1188,1247
WBGene00000795.,44,1365,1409
WBGene00000796.,365,4748,5113
WBGene00000797.,10,125,135
WBGene00000798.,8,1387,1395
WBGene00000799.,11,87,98
WBGene00000800.,343,5462,5805
WBGene00000801.,81,866,947
WBGene00000802.,597,55700,56297
WBGene00000803.,27,190,217
WBGene00000804.,17,1911,1928
WBGene00000812.,495,1231,1726
WBGene00000813.,189,1740,1929
WBGene00000814.,289,4280,4569
WBGene00000815.,568,2227,2795
WBGene00000816.,206,854,1060
WBGene00000817.,30,1702,1732
WBGene00000818.,72,957,1029
WBGene00000819.,84,45,129
WBGene00000820.,165,1031,1196
WBGene00000821.,3,11,14
WBGene00000822.,2787,37265,40052
WBGene00000829.,0,149232,149232
WBGene00000830.,0,4,4
WBGene00000831.,4,1649,1653
WBGene00000832.,765,6298,7063
WBGene00000833.,36,15778,15814
WBGene00000834.,668,1276,1944
WBGene00000835.,88,1960,2048
WBGene00000836.,88,1440,1528
WBGene00000837.,357,2444,2801
WBGene00000838.,157,883,1040
WBGene00000839.,91,2541,2632
WBGene00000840.,192,2292,2484
WBGene00000841.,147,188,335
WBGene00000843.,24,2190,2214
WBGene00000845.,268,3258,3526
WBGene00000846.,157,608,765
WBGene00000851.,4,2,6
WBGene00000853.,47,35,82
WBGene00000854.,401,2836,3237
WBGene00000857.,54,1249,1303
WBGene00000858.,78,1118,1196
WBGene00000859.,8,9,17
WBGene00000860.,8,97,105
WBGene00000861.,4,17,21
WBGene00000862.,84,559,643
WBGene00000863.,47,1452,1499
WBGene00000864.,0,8,8
WBGene00000865.,16,488,504
WBGene00000866.,0,231,231
WBGene00000867.,6,181,187
WBGene00000868.,5,1073,1078
WBGene00000869.,196,12153,12349
WBGene00000870.,188,2307,2495
WBGene00000871.,99,968,1067
WBGene00000872.,116,2865,2981
WBGene00000874.,129,2942,3071
WBGene00000875.,17,1593,1610
WBGene00000876.,445,5944,6389
WBGene00000877.,30,6773,6803
WBGene00000878.,43,289,332
WBGene00000879.,596,16910,17506
WBGene00000880.,109,2354,2463
WBGene00000881.,6,17688,17694
WBGene00000882.,1,1332,1333
WBGene00000883.,1007,26438,27445
WBGene00000884.,50,2028,2078
WBGene00000885.,113,524,637
WBGene00000886.,58,1360,1418
WBGene00000887.,234,2115,2349
WBGene00000888.,53,1085,1138
WBGene00000889.,140,2156,2296
WBGene00000890.,89,919,1008
WBGene00000891.,180,1402,1582
WBGene00000892.,203,952,1155
WBGene00000893.,13,32,45
WBGene00000894.,423,3123,3546
WBGene00000895.,71,205,276
WBGene00000896.,173,4061,4234
WBGene00000897.,164,1055,1219
WBGene00000898.,4618,6151,10769
WBGene00000899.,224,2027,2251
WBGene00000900.,408,3217,3625
WBGene00000901.,2128,5355,7483
WBGene00000902.,6,15,21
WBGene00000903.,26,2370,2396
WBGene00000904.,68,159,227
WBGene00000905.,26,310,336
WBGene00000906.,149,509,658
WBGene00000907.,58,316,374
WBGene00000908.,850,1162,2012
WBGene00000910.,625,3333,3958
WBGene00000911.,607,6874,7481
WBGene00000912.,5010,9082,14092
WBGene00000913.,127,2147,2274
WBGene00000914.,893,1507,2400
WBGene00000915.,503,80379,80882
WBGene00000917.,270,1681,1951
WBGene00000920.,4,247,251
WBGene00000923.,42,2538,2580
WBGene00000928.,1,29,30
WBGene00000929.,266,2582,2848
WBGene00000930.,1,12,13
WBGene00000931.,142,8807,8949
WBGene00000932.,305,13092,13397
WBGene00000933.,148,916,1064
WBGene00000934.,24,193,217
WBGene00000935.,17,820,837
WBGene00000936.,45,1357,1402
WBGene00000937.,11,634,645
WBGene00000938.,545,8531,9076
WBGene00000939.,278,3121,3399
WBGene00000940.,200,1525,1725
WBGene00000941.,231,2529,2760
WBGene00000942.,424,7358,7782
WBGene00000950.,124,109,233
WBGene00000951.,4,180,184
WBGene00000952.,66,65,131
WBGene00000953.,69,281,350
WBGene00000955.,20,227,247
WBGene00000958.,168,863,1031
WBGene00000959.,372,2640,3012
WBGene00000960.,28,140,168
WBGene00000961.,90,1291,1381
WBGene00000962.,157,6974,7131
WBGene00000963.,143,363,506
WBGene00000964.,78,3922,4000
WBGene00000965.,117,2436,2553
WBGene00000966.,210,1038,1248
WBGene00000967.,417,852,1269
WBGene00000968.,26,122,148
WBGene00000969.,10,442,452
WBGene00000970.,44,1317,1361
WBGene00000971.,35,626,661
WBGene00000972.,38,524,562
WBGene00000973.,139,2722,2861
WBGene00000974.,15,495,510
WBGene00000975.,314,3940,4254
WBGene00000976.,366,3397,3763
WBGene00000977.,78,1326,1404
WBGene00000978.,20,1716,1736
WBGene00000979.,5,64,69
WBGene00000980.,525,3213,3738
WBGene00000981.,19,2340,2359
WBGene00000982.,345,5038,5383
WBGene00000983.,238,2531,2769
WBGene00000984.,313,3023,3336
WBGene00000985.,62,2624,2686
WBGene00000986.,0,144,144
WBGene00000987.,246,866,1112
WBGene00000988.,602,3294,3896
WBGene00000989.,11,49,60
WBGene00000990.,23,135,158
WBGene00000991.,416,3559,3975
WBGene00000992.,102,698,800
WBGene00000993.,226,1421,1647
WBGene00000994.,56,645,701
WBGene00000995.,36,531,567
WBGene00000996.,99,2767,2866
WBGene00000998.,1268,33691,34959
WBGene00001000.,182,4490,4672
WBGene00001001.,282,2375,2657
WBGene00001002.,82,1494,1576
WBGene00001005.,58,13740,13798
WBGene00001006.,198,3451,3649
WBGene00001007.,259,3993,4252
WBGene00001008.,860,5214,6074
WBGene00001016.,34,996,1030
WBGene00001017.,360,6050,6410
WBGene00001018.,248,3123,3371
WBGene00001019.,564,2028,2592
WBGene00001020.,7,252,259
WBGene00001021.,70,324,394
WBGene00001022.,60,644,704
WBGene00001023.,267,5004,5271
WBGene00001025.,84,1135,1219
WBGene00001026.,67,3047,3114
WBGene00001027.,578,976,1554
WBGene00001028.,155,2116,2271
WBGene00001029.,139,2339,2478
WBGene00001030.,66,7790,7856
WBGene00001031.,58,3037,3095
WBGene00001032.,51,1733,1784
WBGene00001033.,147,780,927
WBGene00001034.,94,2813,2907
WBGene00001035.,100,1496,1596
WBGene00001036.,16,648,664
WBGene00001037.,47,6849,6896
WBGene00001038.,237,5505,5742
WBGene00001039.,75,550,625
WBGene00001040.,62,3174,3236
WBGene00001041.,50,2203,2253
WBGene00001042.,291,845,1136
WBGene00001043.,764,1464,2228
WBGene00001044.,22,795,817
WBGene00001045.,77,311,388
WBGene00001046.,40,561,601
WBGene00001047.,299,3219,3518
WBGene00001048.,230,986,1216
WBGene00001049.,86,1275,1361
WBGene00001050.,11,481,492
WBGene00001051.,5,2655,2660
WBGene00001052.,370,1103,1473
WBGene00001053.,125,350,475
WBGene00001054.,88,469,557
WBGene00001055.,102,343,445
WBGene00001056.,156,2294,2450
WBGene00001057.,21,1671,1692
WBGene00001058.,132,1570,1702
WBGene00001059.,1,58,59
WBGene00001060.,22,955,977
WBGene00001061.,81,1796,1877
WBGene00001062.,4,4,8
WBGene00001063.,17,13,30
WBGene00001064.,0,12,12
WBGene00001065.,0,9,9
WBGene00001066.,3,17,20
WBGene00001067.,0,110,110
WBGene00001068.,9,196,205
WBGene00001069.,1,11,12
WBGene00001070.,7,12,19
WBGene00001071.,1,11,12
WBGene00001072.,0,7,7
WBGene00001073.,90,2790,2880
WBGene00001074.,3,16,19
WBGene00001075.,37,193,230
WBGene00001076.,0,213,213
WBGene00001077.,20,461,481
WBGene00001078.,210,469,679
WBGene00001079.,6,12,18
WBGene00001080.,1322,4680,6002
WBGene00001081.,263,9352,9615
WBGene00001082.,258,2287,2545
WBGene00001085.,140,2954,3094
WBGene00001086.,145,3497,3642
WBGene00001087.,2919,1947,4866
WBGene00001088.,392,9364,9756
WBGene00001089.,342,1133,1475
WBGene00001090.,68,994,1062
WBGene00001091.,305,1842,2147
WBGene00001092.,3,44,47
WBGene00001093.,54,2830,2884
WBGene00001094.,20,4772,4792
WBGene00001095.,75,790,865
WBGene00001096.,81,352,433
WBGene00001099.,36,719,755
WBGene00001101.,869,5702,6571
WBGene00001102.,31,1125,1156
WBGene00001103.,1,22,23
WBGene00001104.,11,11,22
WBGene00001105.,5,40,45
WBGene00001106.,9,33,42
WBGene00001107.,9,28,37
WBGene00001108.,5,68,73
WBGene00001109.,0,290,290
WBGene00001110.,29,903,932
WBGene00001111.,135,19,154
WBGene00001112.,150,1559,1709
WBGene00001113.,1148,10656,11804
WBGene00001115.,427,1351,1778
WBGene00001116.,266,1182,1448
WBGene00001117.,35,592,627
WBGene00001118.,211,437,648
WBGene00001119.,53,403,456
WBGene00001121.,111,251,362
WBGene00001122.,105,1055,1160
WBGene00001123.,10,104,114
WBGene00001127.,54,312,366
WBGene00001129.,31,248,279
WBGene00001130.,175,1020,1195
WBGene00001131.,896,9215,10111
WBGene00001132.,210,2889,3099
WBGene00001133.,66,359,425
WBGene00001134.,153,2913,3066
WBGene00001135.,64,543,607
WBGene00001136.,36,116,152
WBGene00001137.,391,28918,29309
WBGene00001145.,1448,10138,11586
WBGene00001147.,0,12,12
WBGene00001148.,1582,437,2019
WBGene00001149.,460,13592,14052
WBGene00001150.,12,32,44
WBGene00001151.,73,1266,1339
WBGene00001152.,5,1934,1939
WBGene00001153.,5,1181,1186
WBGene00001154.,60,521,581
WBGene00001155.,258,2868,3126
WBGene00001156.,236,2328,2564
WBGene00001157.,74,439,513
WBGene00001158.,14,30,44
WBGene00001159.,26,190,216
WBGene00001160.,166,9614,9780
WBGene00001161.,417,1013,1430
WBGene00001162.,595,589,1184
WBGene00001163.,226,1713,1939
WBGene00001164.,4,3,7
WBGene00001165.,77,383,460
WBGene00001166.,20,2876,2896
WBGene00001167.,5303,216424,221727
WBGene00001168.,12927,590072,602999
WBGene00001169.,49,17472,17521
WBGene00001170.,28,414,442
WBGene00001171.,183,290,473
WBGene00001172.,391,12658,13049
WBGene00001173.,4106,8495,12601
WBGene00001174.,69,851,920
WBGene00001175.,27,134,161
WBGene00001177.,3302,7653,10955
WBGene00001178.,462,2749,3211
WBGene00001179.,509,1854,2363
WBGene00001182.,158,1922,2080
WBGene00001184.,188,1520,1708
WBGene00001185.,12,74,86
WBGene00001186.,404,896,1300
WBGene00001187.,376,2890,3266
WBGene00001188.,369,1816,2185
WBGene00001189.,1448,27043,28491
WBGene00001190.,233,518,751
WBGene00001193.,12,640,652
WBGene00001194.,617,10432,11049
WBGene00001196.,974,14610,15584
WBGene00001202.,110,280,390
WBGene00001204.,124,267,391
WBGene00001207.,104,556,660
WBGene00001208.,690,2237,2927
WBGene00001209.,38,5816,5854
WBGene00001210.,71,3382,3453
WBGene00001211.,84,264,348
WBGene00001214.,56,1416,1472
WBGene00001215.,578,2948,3526
WBGene00001223.,7,14,21
WBGene00001224.,18,2087,2105
WBGene00001225.,22,6333,6355
WBGene00001226.,83,3283,3366
WBGene00001227.,431,4118,4549
WBGene00001228.,20,2062,2082
WBGene00001229.,33,2399,2432
WBGene00001230.,75,4803,4878
WBGene00001231.,38,1023,1061
WBGene00001232.,228,2616,2844
WBGene00001233.,201,2660,2861
WBGene00001234.,14,4282,4296
WBGene00001235.,80,2267,2347
WBGene00001236.,72,1189,1261
WBGene00001237.,39,306,345
WBGene00001239.,188,9124,9312
WBGene00001240.,142,3840,3982
WBGene00001241.,444,2158,2602
WBGene00001242.,7,47,54
WBGene00001243.,80,1115,1195
WBGene00001244.,179,1584,1763
WBGene00001245.,4,4,8
WBGene00001246.,1,56,57
WBGene00001247.,57,463,520
WBGene00001248.,134,435,569
WBGene00001249.,28,883,911
WBGene00001250.,30,227,257
WBGene00001251.,143,2194,2337
WBGene00001252.,16,746,762
WBGene00001253.,75,726,801
WBGene00001258.,747,3655,4402
WBGene00001259.,123,4577,4700
WBGene00001262.,118,4000,4118
WBGene00001263.,497,16073,16570
WBGene00001281.,91,1613,1704
WBGene00001284.,164,1976,2140
WBGene00001303.,85,8377,8462
WBGene00001309.,92,2174,2266
WBGene00001310.,12,5,17
WBGene00001311.,3,13,16
WBGene00001320.,10,2392,2402
WBGene00001324.,109,1861,1970
WBGene00001325.,312,2069,2381
WBGene00001328.,76,2915,2991
WBGene00001329.,124,6345,6469
WBGene00001330.,557,2346,2903
WBGene00001331.,31,1451,1482
WBGene00001332.,241,1078,1319
WBGene00001333.,370,3908,4278
WBGene00001334.,365,2200,2565
WBGene00001335.,139,1489,1628
WBGene00001336.,291,5117,5408
WBGene00001337.,738,8597,9335
WBGene00001338.,45,1816,1861
WBGene00001340.,625,3971,4596
WBGene00001345.,1817,1996,3813
WBGene00001352.,323,3283,3606
WBGene00001358.,60,537,597
WBGene00001362.,26,40,66
WBGene00001365.,285,1778,2063
WBGene00001366.,606,2567,3173
WBGene00001368.,291,1893,2184
WBGene00001371.,32,1396,1428
WBGene00001372.,44,231,275
WBGene00001373.,115,226,341
WBGene00001374.,522,1829,2351
WBGene00001377.,227,616,843
WBGene00001385.,19968,365057,385025
WBGene00001386.,397,16190,16587
WBGene00001387.,15,151,166
WBGene00001388.,1,2,3
WBGene00001389.,44,840,884
WBGene00001390.,97,2403,2500
WBGene00001391.,492,21549,22041
WBGene00001392.,48,2613,2661
WBGene00001393.,84,10509,10593
WBGene00001394.,89,26351,26440
WBGene00001395.,832,9864,10696
WBGene00001396.,179,6947,7126
WBGene00001397.,1,120,121
WBGene00001398.,331,14482,14813
WBGene00001399.,3,16,19
WBGene00001400.,13,153,166
WBGene00001401.,8,516,524
WBGene00001402.,4,281,285
WBGene00001403.,234,2616,2850
WBGene00001404.,826,4537,5363
WBGene00001405.,19,1614,1633
WBGene00001406.,468,935,1403
WBGene00001410.,323,1398,1721
WBGene00001411.,82,2082,2164
WBGene00001412.,47,1757,1804
WBGene00001413.,51,1040,1091
WBGene00001414.,10,35,45
WBGene00001423.,60,9752,9812
WBGene00001424.,1,8,9
WBGene00001425.,220,1563,1783
WBGene00001426.,105,3502,3607
WBGene00001427.,629,32330,32959
WBGene00001428.,3,938,941
WBGene00001429.,44,635,679
WBGene00001430.,10,171,181
WBGene00001431.,61,3274,3335
WBGene00001432.,34,179,213
WBGene00001433.,61,493,554
WBGene00001434.,3,72,75
WBGene00001435.,0,3,3
WBGene00001436.,1,2,3
WBGene00001437.,1,38,39
WBGene00001438.,12,28,40
WBGene00001439.,3608,5156,8764
WBGene00001440.,47,755,802
WBGene00001441.,465,13991,14456
WBGene00001442.,7,156,163
WBGene00001443.,456,2588,3044
WBGene00001444.,1389,11964,13353
WBGene00001445.,249,4117,4366
WBGene00001446.,46,2331,2377
WBGene00001447.,256,4890,5146
WBGene00001448.,675,14398,15073
WBGene00001449.,443,3767,4210
WBGene00001450.,42,2253,2295
WBGene00001451.,225,3189,3414
WBGene00001452.,245,26577,26822
WBGene00001453.,4,1984,1988
WBGene00001454.,7,13702,13709
WBGene00001455.,917,27090,28007
WBGene00001456.,16,2188,2204
WBGene00001457.,11528,14784,26312
WBGene00001458.,506,8865,9371
WBGene00001459.,235,7806,8041
WBGene00001460.,35,980,1015
WBGene00001461.,1025,6877,7902
WBGene00001462.,136,14573,14709
WBGene00001463.,94,3747,3841
WBGene00001464.,206,4159,4365
WBGene00001465.,45,214,259
WBGene00001466.,12,301,313
WBGene00001468.,9,92,101
WBGene00001470.,101,1837,1938
WBGene00001475.,169,1828,1997
WBGene00001476.,183,1314,1497
WBGene00001477.,67,1614,1681
WBGene00001478.,35,166,201
WBGene00001479.,40,1101,1141
WBGene00001480.,4162,38599,42761
WBGene00001481.,44,445,489
WBGene00001482.,5,587,592
WBGene00001483.,11,256,267
WBGene00001484.,719,1398,2117
WBGene00001485.,422,878,1300
WBGene00001486.,63,730,793
WBGene00001487.,60,137,197
WBGene00001488.,1195,41052,42247
WBGene00001489.,403,2769,3172
WBGene00001490.,170,749,919
WBGene00001491.,1347,10522,11869
WBGene00001492.,82,32,114
WBGene00001493.,232,3308,3540
WBGene00001494.,470,894,1364
WBGene00001495.,0,0,0
WBGene00001496.,1946,11750,13696
WBGene00001497.,41,1358,1399
WBGene00001498.,250,3155,3405
WBGene00001499.,29,1008,1037
WBGene00001500.,799,9050,9849
WBGene00001501.,3652,27570,31222
WBGene00001502.,362,39898,40260
WBGene00001503.,70,8490,8560
WBGene00001505.,115,1288,1403
WBGene00001506.,97,415,512
WBGene00001507.,52,146,198
WBGene00001508.,102,466,568
WBGene00001509.,144,3344,3488
WBGene00001510.,331,2066,2397
WBGene00001511.,33,1211,1244
WBGene00001512.,91,307,398
WBGene00001513.,11,1633,1644
WBGene00001514.,40,818,858
WBGene00001515.,75,235,310
WBGene00001516.,1206,2718,3924
WBGene00001517.,143,637,780
WBGene00001518.,287,903,1190
WBGene00001519.,569,2387,2956
WBGene00001520.,115,5753,5868
WBGene00001522.,78,310,388
WBGene00001523.,177,1978,2155
WBGene00001526.,227,2448,2675
WBGene00001527.,47,2078,2125
WBGene00001528.,63,64,127
WBGene00001529.,98,109,207
WBGene00001530.,38,70,108
WBGene00001531.,5,81,86
WBGene00001532.,14,103,117
WBGene00001533.,81,86,167
WBGene00001534.,68,103,171
WBGene00001535.,12,209,221
WBGene00001536.,44,109,153
WBGene00001537.,2235,2944,5179
WBGene00001538.,82,775,857
WBGene00001539.,217,136,353
WBGene00001540.,19,54,73
WBGene00001541.,9,165,174
WBGene00001542.,49,55,104
WBGene00001543.,21,174,195
WBGene00001544.,67,176,243
WBGene00001545.,5,54,59
WBGene00001546.,10,95,105
WBGene00001547.,40,158,198
WBGene00001548.,25,227,252
WBGene00001549.,34,82,116
WBGene00001550.,39,98,137
WBGene00001551.,92,118,210
WBGene00001552.,80,329,409
WBGene00001553.,61,273,334
WBGene00001554.,116,647,763
WBGene00001555.,243,877,1120
WBGene00001556.,171,1102,1273
WBGene00001557.,83,488,571
WBGene00001558.,47,5936,5983
WBGene00001559.,329,1095,1424
WBGene00001560.,65,282,347
WBGene00001561.,1550,13617,15167
WBGene00001562.,105,2917,3022
WBGene00001563.,193,5430,5623
WBGene00001564.,732,31700,32432
WBGene00001565.,180,2326,2506
WBGene00001566.,45,916,961
WBGene00001568.,123,2292,2415
WBGene00001569.,3,94,97
WBGene00001570.,57,691,748
WBGene00001571.,38,1294,1332
WBGene00001572.,428,2903,3331
WBGene00001574.,501,3585,4086
WBGene00001575.,7,65,72
WBGene00001577.,249,2520,2769
WBGene00001578.,146,1680,1826
WBGene00001579.,142,1094,1236
WBGene00001580.,82,1153,1235
WBGene00001581.,5,2475,2480
WBGene00001582.,514,3116,3630
WBGene00001583.,32,783,815
WBGene00001584.,371,2310,2681
WBGene00001585.,79,2010,2089
WBGene00001586.,143,467,610
WBGene00001587.,163,461,624
WBGene00001588.,38,392,430
WBGene00001589.,456,1505,1961
WBGene00001590.,31,894,925
WBGene00001591.,18,911,929
WBGene00001592.,38,292,330
WBGene00001593.,80,393,473
WBGene00001594.,68,531,599
WBGene00001595.,10,325,335
WBGene00001596.,324,3864,4188
WBGene00001597.,63,860,923
WBGene00001598.,145,7847,7992
WBGene00001599.,20,1501,1521
WBGene00001600.,4,961,965
WBGene00001601.,22,1869,1891
WBGene00001602.,84,1473,1557
WBGene00001603.,0,19,19
WBGene00001604.,195,19830,20025
WBGene00001605.,5,87,92
WBGene00001606.,54,936,990
WBGene00001607.,66,1064,1130
WBGene00001608.,217,1488,1705
WBGene00001609.,84,1449,1533
WBGene00001612.,32,193,225
WBGene00001613.,85,229,314
WBGene00001614.,33,152,185
WBGene00001615.,226,858,1084
WBGene00001616.,58,585,643
WBGene00001617.,136,597,733
WBGene00001618.,67,59,126
WBGene00001619.,53,116,169
WBGene00001620.,58,1161,1219
WBGene00001621.,12,166,178
WBGene00001622.,79,1098,1177
WBGene00001623.,16,386,402
WBGene00001624.,16,32,48
WBGene00001625.,3,19,22
WBGene00001626.,8,30,38
WBGene00001627.,41,314,355
WBGene00001628.,45,747,792
WBGene00001629.,382,957,1339
WBGene00001630.,1119,1095,2214
WBGene00001631.,167,1169,1336
WBGene00001632.,50,842,892
WBGene00001633.,67,443,510
WBGene00001635.,38,1257,1295
WBGene00001636.,146,459,605
WBGene00001637.,43,287,330
WBGene00001638.,35,394,429
WBGene00001639.,56,309,365
WBGene00001640.,31,18,49
WBGene00001641.,1,1,2
WBGene00001642.,0,0,0
WBGene00001643.,11,135,146
WBGene00001644.,25,300,325
WBGene00001645.,104,1169,1273
WBGene00001646.,0,275,275
WBGene00001647.,1,303,304
WBGene00001648.,472,8208,8680
WBGene00001649.,122,1719,1841
WBGene00001650.,160,525,685
WBGene00001651.,493,1511,2004
WBGene00001653.,208,2468,2676
WBGene00001660.,67,813,880
WBGene00001661.,95,1626,1721
WBGene00001662.,86,1957,2043
WBGene00001663.,43,276,319
WBGene00001664.,41,435,476
WBGene00001665.,45,340,385
WBGene00001666.,22,450,472
WBGene00001667.,8,5,13
WBGene00001668.,21,109,130
WBGene00001669.,394,1379,1773
WBGene00001670.,235,1309,1544
WBGene00001671.,364,5803,6167
WBGene00001672.,29,149,178
WBGene00001673.,121,108,229
WBGene00001674.,80,949,1029
WBGene00001675.,13,72,85
WBGene00001676.,122,272,394
WBGene00001677.,25,233,258
WBGene00001678.,384,652,1036
WBGene00001679.,529,9840,10369
WBGene00001680.,113,2626,2739
WBGene00001681.,35,991,1026
WBGene00001682.,234,11143,11377
WBGene00001683.,101,1172,1273
WBGene00001684.,53,28306,28359
WBGene00001685.,18,38343,38361
WBGene00001686.,107,1452,1559
WBGene00001687.,32,133,165
WBGene00001688.,11,870,881
WBGene00001689.,26,1106,1132
WBGene00001690.,35,85,120
WBGene00001691.,1,0,1
WBGene00001692.,143,6649,6792
WBGene00001693.,0,6,6
WBGene00001694.,18,2037,2055
WBGene00001695.,6,12,18
WBGene00001696.,18,53,71
WBGene00001697.,5,5,10
WBGene00001698.,9,18,27
WBGene00001699.,47,4991,5038
WBGene00001700.,18,6,24
WBGene00001701.,2,27,29
WBGene00001702.,50,513,563
WBGene00001703.,3,6,9
WBGene00001704.,5,78,83
WBGene00001705.,8,50,58
WBGene00001706.,4,80,84
WBGene00001707.,376,967,1343
WBGene00001708.,513,2345,2858
WBGene00001709.,115,962,1077
WBGene00001710.,20,32,52
WBGene00001711.,5,18,23
WBGene00001712.,4,26,30
WBGene00001713.,5,1232,1237
WBGene00001714.,1,10,11
WBGene00001715.,2,15,17
WBGene00001716.,5,12,17
WBGene00001717.,3,119,122
WBGene00001718.,1,49,50
WBGene00001719.,16,346,362
WBGene00001720.,6,6,12
WBGene00001721.,10,66,76
WBGene00001722.,5,9,14
WBGene00001723.,12,33,45
WBGene00001724.,23,71,94
WBGene00001725.,6,19,25
WBGene00001726.,4,17,21
WBGene00001727.,1,7,8
WBGene00001728.,0,4,4
WBGene00001729.,10,20,30
WBGene00001730.,0,21,21
WBGene00001731.,1,34,35
WBGene00001732.,7,12,19
WBGene00001733.,0,16,16
WBGene00001734.,0,9,9
WBGene00001735.,4,10,14
WBGene00001736.,4,17,21
WBGene00001737.,0,0,0
WBGene00001738.,1,3,4
WBGene00001739.,0,3,3
WBGene00001740.,100,732,832
WBGene00001743.,91,1186,1277
WBGene00001744.,215,1998,2213
WBGene00001745.,896,1349,2245
WBGene00001746.,475,3185,3660
WBGene00001747.,239,5010,5249
WBGene00001748.,1040,19640,20680
WBGene00001749.,3,4476,4479
WBGene00001750.,85,763,848
WBGene00001751.,113,5087,5200
WBGene00001752.,0,18,18
WBGene00001753.,747,37121,37868
WBGene00001754.,1,1805,1806
WBGene00001755.,460,49272,49732
WBGene00001756.,6,2247,2253
WBGene00001757.,78,140,218
WBGene00001758.,15,4180,4195
WBGene00001759.,18,359,377
WBGene00001760.,45,2668,2713
WBGene00001761.,89,1837,1926
WBGene00001762.,2,276,278
WBGene00001763.,29,4343,4372
WBGene00001764.,9,800,809
WBGene00001765.,1,35,36
WBGene00001766.,1,1,2
WBGene00001767.,13,1456,1469
WBGene00001768.,199,44509,44708
WBGene00001769.,12,400,412
WBGene00001770.,11,3823,3834
WBGene00001771.,3,1179,1182
WBGene00001772.,14,7458,7472
WBGene00001773.,24,105,129
WBGene00001774.,0,369,369
WBGene00001775.,3,4973,4976
WBGene00001776.,41,1066,1107
WBGene00001777.,9,196,205
WBGene00001778.,1,867,868
WBGene00001779.,1,337,338
WBGene00001780.,3,36,39
WBGene00001781.,351,7214,7565
WBGene00001782.,74,422,496
WBGene00001783.,294,4179,4473
WBGene00001784.,221,2076,2297
WBGene00001785.,0,27,27
WBGene00001786.,0,345,345
WBGene00001787.,1,2642,2643
WBGene00001788.,77,748,825
WBGene00001789.,5,1793,1798
WBGene00001790.,100,2320,2420
WBGene00001791.,111,845,956
WBGene00001792.,65,958,1023
WBGene00001793.,1830,3119,4949
WBGene00001794.,1492,11994,13486
WBGene00001795.,304,2535,2839
WBGene00001796.,73,244,317
WBGene00001803.,142,1470,1612
WBGene00001804.,72,300,372
WBGene00001805.,33,150,183
WBGene00001806.,15,34,49
WBGene00001808.,292,2176,2468
WBGene00001811.,24,233,257
WBGene00001812.,49,1009,1058
WBGene00001813.,271,1009,1280
WBGene00001814.,84,2893,2977
WBGene00001815.,110,675,785
WBGene00001816.,249,298,547
WBGene00001817.,46,391,437
WBGene00001818.,27,9,36
WBGene00001819.,86,2158,2244
WBGene00001820.,38,1469,1507
WBGene00001821.,247,1225,1472
WBGene00001823.,64,955,1019
WBGene00001824.,42,1613,1655
WBGene00001827.,72,1490,1562
WBGene00001828.,3,4,7
WBGene00001829.,27,1333,1360
WBGene00001830.,50,2293,2343
WBGene00001831.,26,2345,2371
WBGene00001832.,88,1821,1909
WBGene00001833.,89,2209,2298
WBGene00001834.,4,1542,1546
WBGene00001835.,7,1222,1229
WBGene00001836.,143,1040,1183
WBGene00001837.,1239,2107,3346
WBGene00001838.,75,361,436
WBGene00001839.,30,55,85
WBGene00001840.,330,9609,9939
WBGene00001841.,5,66,71
WBGene00001842.,12,80,92
WBGene00001843.,588,6122,6710
WBGene00001844.,45,974,1019
WBGene00001851.,433,6651,7084
WBGene00001852.,760,33187,33947
WBGene00001853.,89,26340,26429
WBGene00001854.,91,26635,26726
WBGene00001855.,35,14188,14223
WBGene00001856.,4,8342,8346
WBGene00001857.,0,45,45
WBGene00001858.,1164,20084,21248
WBGene00001859.,21,42,63
WBGene00001860.,130,3207,3337
WBGene00001862.,3,654,657
WBGene00001863.,977,10849,11826
WBGene00001864.,205,1237,1442
WBGene00001865.,75,794,869
WBGene00001867.,56,776,832
WBGene00001869.,24,1422,1446
WBGene00001872.,96,543,639
WBGene00001874.,36,1994,2030
WBGene00001875.,0,1172,1172
WBGene00001876.,0,1146,1146
WBGene00001877.,0,1742,1742
WBGene00001878.,0,965,965
WBGene00001879.,0,730,730
WBGene00001880.,0,954,954
WBGene00001881.,0,854,854
WBGene00001882.,0,181,181
WBGene00001883.,0,0,0
WBGene00001884.,0,0,0
WBGene00001885.,0,0,0
WBGene00001886.,0,0,0
WBGene00001887.,0,0,0
WBGene00001888.,0,0,0
WBGene00001889.,0,0,0
WBGene00001890.,0,97,97
WBGene00001891.,0,117,117
WBGene00001892.,0,639,639
WBGene00001893.,0,0,0
WBGene00001894.,0,0,0
WBGene00001895.,0,0,0
WBGene00001896.,0,0,0
WBGene00001898.,34,49993,50027
WBGene00001899.,0,0,0
WBGene00001900.,0,0,0
WBGene00001901.,0,0,0
WBGene00001902.,0,0,0
WBGene00001903.,0,0,0
WBGene00001904.,0,0,0
WBGene00001905.,0,200,200
WBGene00001906.,0,2407,2407
WBGene00001907.,0,0,0
WBGene00001908.,0,0,0
WBGene00001909.,1213,49082,50295
WBGene00001910.,318,16102,16420
WBGene00001911.,1763,97336,99099
WBGene00001912.,0,47,47
WBGene00001913.,0,7,7
WBGene00001914.,0,91,91
WBGene00001915.,1031,46605,47636
WBGene00001916.,0,29,29
WBGene00001917.,0,0,0
WBGene00001918.,0,0,0
WBGene00001919.,0,0,0
WBGene00001920.,0,0,0
WBGene00001921.,0,0,0
WBGene00001922.,0,1218,1218
WBGene00001923.,0,0,0
WBGene00001924.,0,0,0
WBGene00001925.,0,0,0
WBGene00001926.,0,0,0
WBGene00001927.,0,0,0
WBGene00001928.,0,0,0
WBGene00001929.,0,0,0
WBGene00001930.,0,0,0
WBGene00001931.,3701,1401,5102
WBGene00001932.,0,0,0
WBGene00001933.,0,5802,5802
WBGene00001934.,0,6010,6010
WBGene00001935.,0,1594,1594
WBGene00001936.,0,3909,3909
WBGene00001937.,0,1588,1588
WBGene00001938.,0,3179,3179
WBGene00001939.,0,0,0
WBGene00001940.,0,0,0
WBGene00001941.,0,1484,1484
WBGene00001942.,0,2596,2596
WBGene00001943.,0,70,70
WBGene00001944.,0,33,33
WBGene00001945.,297,23578,23875
WBGene00001946.,774,41125,41899
WBGene00001947.,0,0,0
WBGene00001948.,299,1352,1651
WBGene00001949.,30,1529,1559
WBGene00001950.,3,252,255
WBGene00001951.,4,85,89
WBGene00001952.,70,1337,1407
WBGene00001953.,57,501,558
WBGene00001954.,25,177,202
WBGene00001955.,678,34302,34980
WBGene00001956.,0,13,13
WBGene00001957.,133,984,1117
WBGene00001958.,6,960,966
WBGene00001959.,3,51,54
WBGene00001960.,36,345,381
WBGene00001961.,11,81,92
WBGene00001962.,6,6,12
WBGene00001963.,27,337,364
WBGene00001964.,0,4,4
WBGene00001965.,0,6,6
WBGene00001966.,0,20,20
WBGene00001967.,0,0,0
WBGene00001968.,0,1,1
WBGene00001971.,138,38610,38748
WBGene00001972.,418,10435,10853
WBGene00001973.,10,2198,2208
WBGene00001974.,38,2778,2816
WBGene00001975.,53,1438,1491
WBGene00001976.,0,20,20
WBGene00001977.,0,2648,2648
WBGene00001978.,255,3385,3640
WBGene00001979.,70,1906,1976
WBGene00001980.,1973,1652,3625
WBGene00001981.,4,46,50
WBGene00001983.,71,1220,1291
WBGene00001984.,70,146,216
WBGene00001985.,10,274,284
WBGene00001986.,135,697,832
WBGene00001987.,657,551,1208
WBGene00001988.,51,794,845
WBGene00001989.,127,559,686
WBGene00001990.,157,1826,1983
WBGene00001991.,29,340,369
WBGene00001992.,51,535,586
WBGene00001993.,129,5792,5921
WBGene00001994.,295,4954,5249
WBGene00001995.,80,1455,1535
WBGene00001996.,290,1248,1538
WBGene00001997.,246,693,939
WBGene00001998.,58,831,889
WBGene00001999.,51,16670,16721
WBGene00002000.,229,5114,5343
WBGene00002001.,264,3229,3493
WBGene00002002.,105,2965,3070
WBGene00002003.,100,531,631
WBGene00002004.,665,1853,2518
WBGene00002005.,146,28285,28431
WBGene00002006.,1,1,2
WBGene00002007.,84,7554,7638
WBGene00002008.,56,1278,1334
WBGene00002010.,30,5159,5189
WBGene00002011.,1084,22221,23305
WBGene00002012.,551,68531,69082
WBGene00002013.,329,47902,48231
WBGene00002015.,0,0,0
WBGene00002016.,14,1853,1867
WBGene00002017.,0,214,214
WBGene00002018.,19,1612,1631
WBGene00002019.,0,0,0
WBGene00002020.,0,0,0
WBGene00002021.,118,920,1038
WBGene00002023.,412,8319,8731
WBGene00002024.,187,4285,4472
WBGene00002025.,227,1269,1496
WBGene00002026.,6,202,208
WBGene00002027.,171,7775,7946
WBGene00002028.,23,507,530
WBGene00002029.,21,241,262
WBGene00002030.,67,408,475
WBGene00002031.,75,620,695
WBGene00002032.,11,397,408
WBGene00002033.,26,394,420
WBGene00002034.,33,1440,1473
WBGene00002035.,316,2201,2517
WBGene00002036.,440,3401,3841
WBGene00002037.,99,652,751
WBGene00002038.,249,2269,2518
WBGene00002039.,63,379,442
WBGene00002040.,468,2674,3142
WBGene00002041.,230,1475,1705
WBGene00002042.,62,938,1000
WBGene00002043.,340,1261,1601
WBGene00002044.,26,644,670
WBGene00002045.,7436,89123,96559
WBGene00002046.,128,1854,1982
WBGene00002047.,59,1747,1806
WBGene00002048.,910,5383,6293
WBGene00002050.,381,3379,3760
WBGene00002051.,1,18,19
WBGene00002052.,197,3195,3392
WBGene00002053.,370,4450,4820
WBGene00002054.,769,36839,37608
WBGene00002055.,42,11015,11057
WBGene00002056.,511,4775,5286
WBGene00002057.,39,403,442
WBGene00002058.,14,178,192
WBGene00002059.,128,4762,4890
WBGene00002060.,31,3488,3519
WBGene00002061.,16,1596,1612
WBGene00002062.,59,746,805
WBGene00002063.,218,936,1154
WBGene00002064.,1105,9918,11023
WBGene00002065.,518,116070,116588
WBGene00002066.,148,4258,4406
WBGene00002067.,36,300,336
WBGene00002068.,10,1388,1398
WBGene00002069.,809,8691,9500
WBGene00002070.,30,1088,1118
WBGene00002071.,21,1067,1088
WBGene00002072.,64,1514,1578
WBGene00002073.,4,1345,1349
WBGene00002074.,66,3868,3934
WBGene00002075.,141,1007,1148
WBGene00002076.,480,1048,1528
WBGene00002077.,210,8419,8629
WBGene00002078.,722,13004,13726
WBGene00002079.,60,524,584
WBGene00002080.,168,1088,1256
WBGene00002081.,30,844,874
WBGene00002083.,3,1134,1137
WBGene00002084.,41,1476,1517
WBGene00002085.,0,20,20
WBGene00002086.,25,952,977
WBGene00002087.,1,10,11
WBGene00002088.,1,25,26
WBGene00002089.,3,90,93
WBGene00002090.,1,0,1
WBGene00002091.,5,1,6
WBGene00002092.,3,6,9
WBGene00002093.,64,871,935
WBGene00002094.,28,324,352
WBGene00002095.,7,21,28
WBGene00002096.,3,1,4
WBGene00002097.,33,501,534
WBGene00002098.,2,30,32
WBGene00002099.,3,14,17
WBGene00002100.,65,6335,6400
WBGene00002101.,377,2363,2740
WBGene00002102.,3,4,7
WBGene00002103.,2,25,27
WBGene00002104.,3,39,42
WBGene00002105.,12,232,244
WBGene00002106.,1,13,14
WBGene00002107.,80,1159,1239
WBGene00002108.,57,333,390
WBGene00002109.,30,495,525
WBGene00002110.,195,1651,1846
WBGene00002111.,34,533,567
WBGene00002112.,48,611,659
WBGene00002113.,67,3464,3531
WBGene00002114.,0,4,4
WBGene00002115.,0,3,3
WBGene00002116.,51,23,74
WBGene00002117.,5,8,13
WBGene00002118.,36,845,881
WBGene00002119.,51,93,144
WBGene00002120.,0,13,13
WBGene00002121.,0,0,0
WBGene00002123.,530,1222,1752
WBGene00002124.,4,344,348
WBGene00002125.,4,459,463
WBGene00002127.,10,1129,1139
WBGene00002128.,128,1734,1862
WBGene00002129.,73,2193,2266
WBGene00002130.,3,36,39
WBGene00002131.,3,28,31
WBGene00002132.,26,1216,1242
WBGene00002133.,235,1174,1409
WBGene00002134.,262,4308,4570
WBGene00002135.,152,2967,3119
WBGene00002136.,145,1460,1605
WBGene00002137.,79,1399,1478
WBGene00002138.,29,528,557
WBGene00002139.,9,711,720
WBGene00002140.,246,1123,1369
WBGene00002141.,227,184,411
WBGene00002142.,137,1090,1227
WBGene00002143.,93,255,348
WBGene00002144.,6,115,121
WBGene00002146.,148,964,1112
WBGene00002147.,369,1760,2129
WBGene00002148.,200,2153,2353
WBGene00002149.,121,144,265
WBGene00002150.,342,344,686
WBGene00002151.,301,354,655
WBGene00002152.,326,4577,4903
WBGene00002153.,43,1165,1208
WBGene00002162.,3142,42603,45745
WBGene00002163.,825,3275,4100
WBGene00002169.,236,2687,2923
WBGene00002173.,577,3981,4558
WBGene00002174.,135,1583,1718
WBGene00002175.,1175,1318,2493
WBGene00002176.,633,875,1508
WBGene00002177.,59,467,526
WBGene00002178.,103,1028,1131
WBGene00002179.,531,4668,5199
WBGene00002180.,30,1676,1706
WBGene00002181.,160,550,710
WBGene00002182.,96,422,518
WBGene00002183.,121,2040,2161
WBGene00002184.,299,1194,1493
WBGene00002185.,524,1485,2009
WBGene00002186.,5,28,33
WBGene00002187.,272,1787,2059
WBGene00002188.,27,138,165
WBGene00002189.,3892,10682,14574
WBGene00002190.,773,5614,6387
WBGene00002191.,1200,19880,21080
WBGene00002192.,499,3231,3730
WBGene00002193.,5,7,12
WBGene00002194.,26,122,148
WBGene00002195.,130,934,1064
WBGene00002196.,122,10246,10368
WBGene00002198.,556,680,1236
WBGene00002199.,10,46,56
WBGene00002200.,57,505,562
WBGene00002201.,180,4262,4442
WBGene00002202.,341,14434,14775
WBGene00002203.,427,3277,3704
WBGene00002204.,0,1,1
WBGene00002205.,12,26,38
WBGene00002206.,1,2,3
WBGene00002207.,176,1164,1340
WBGene00002208.,3,9,12
WBGene00002210.,895,3006,3901
WBGene00002211.,5,37,42
WBGene00002212.,8,35,43
WBGene00002213.,84,698,782
WBGene00002214.,75,1756,1831
WBGene00002215.,787,5064,5851
WBGene00002216.,96,1239,1335
WBGene00002217.,152,2379,2531
WBGene00002218.,20,143,163
WBGene00002219.,101,1828,1929
WBGene00002220.,111,1223,1334
WBGene00002221.,69,944,1013
WBGene00002222.,6,22,28
WBGene00002223.,1441,6614,8055
WBGene00002224.,240,359,599
WBGene00002225.,6,2023,2029
WBGene00002226.,7,3693,3700
WBGene00002227.,9,22,31
WBGene00002228.,36,1970,2006
WBGene00002229.,35,2136,2171
WBGene00002230.,256,727,983
WBGene00002231.,56,1302,1358
WBGene00002232.,268,2650,2918
WBGene00002233.,153,461,614
WBGene00002234.,27,301,328
WBGene00002235.,268,201,469
WBGene00002238.,2,1811,1813
WBGene00002239.,181,1051,1232
WBGene00002240.,593,1044,1637
WBGene00002241.,939,3771,4710
WBGene00002242.,348,532,880
WBGene00002243.,96,289,385
WBGene00002244.,264,1851,2115
WBGene00002245.,459,2292,2751
WBGene00002246.,3,186,189
WBGene00002247.,241,1865,2106
WBGene00002248.,22,66,88
WBGene00002249.,34,2581,2615
WBGene00002250.,40,3835,3875
WBGene00002251.,442,3110,3552
WBGene00002252.,174,388,562
WBGene00002253.,4375,20247,24622
WBGene00002254.,5997,58492,64489
WBGene00002255.,705,5325,6030
WBGene00002256.,42,1521,1563
WBGene00002257.,147,1558,1705
WBGene00002258.,177,4276,4453
WBGene00002259.,41,1684,1725
WBGene00002260.,1,30,31
WBGene00002261.,853,3260,4113
WBGene00002262.,187,2932,3119
WBGene00002263.,1624,11178,12802
WBGene00002264.,461,15621,16082
WBGene00002265.,1877,53771,55648
WBGene00002266.,1120,8368,9488
WBGene00002267.,611,14778,15389
WBGene00002268.,1559,18242,19801
WBGene00002269.,1508,21237,22745
WBGene00002270.,28,1567,1595
WBGene00002271.,242,20314,20556
WBGene00002272.,1187,22415,23602
WBGene00002273.,112,23859,23971
WBGene00002274.,61,1557,1618
WBGene00002275.,13,670,683
WBGene00002276.,65,2354,2419
WBGene00002278.,235,1121,1356
WBGene00002280.,874,15454,16328
WBGene00002282.,9,127,136
WBGene00002285.,0,40,40
WBGene00002295.,349,10417,10766
WBGene00002297.,139,943,1082
WBGene00002299.,107,777,884
WBGene00002324.,34,1628,1662
WBGene00002335.,190,5138,5328
WBGene00002344.,530,38047,38577
WBGene00002348.,306,32470,32776
WBGene00002363.,28,4068,4096
WBGene00002368.,25,1145,1170
WBGene00002393.,26,411,437
WBGene00002497.,364,259,623
WBGene00002583.,558,4815,5373
WBGene00002601.,64,457,521
WBGene00002632.,115,1146,1261
WBGene00002637.,177,7993,8170
WBGene00002694.,76,3118,3194
WBGene00002696.,176,5055,5231
WBGene00002717.,1446,8366,9812
WBGene00002783.,761,2912,3673
WBGene00002804.,8,1691,1699
WBGene00002827.,24,164,188
WBGene00002845.,194,3482,3676
WBGene00002850.,175,6470,6645
WBGene00002855.,94,4906,5000
WBGene00002879.,106,1499,1605
WBGene00002881.,309,2857,3166
WBGene00002889.,331,3249,3580
WBGene00002891.,36,3223,3259
WBGene00002915.,286,4956,5242
WBGene00002957.,148,3332,3480
WBGene00002974.,327,976,1303
WBGene00002975.,32,97,129
WBGene00002976.,291,990,1281
WBGene00002977.,195,28,223
WBGene00002978.,2339,128706,131045
WBGene00002979.,1017,4132,5149
WBGene00002980.,439,88925,89364
WBGene00002981.,702,33445,34147
WBGene00002982.,157,2038,2195
WBGene00002983.,62,294,356
WBGene00002985.,85,2939,3024
WBGene00002986.,82,1214,1296
WBGene00002987.,195,371,566
WBGene00002988.,55,290,345
WBGene00002989.,380,1024,1404
WBGene00002990.,580,1444,2024
WBGene00002991.,425,1305,1730
WBGene00002992.,375,1097,1472
WBGene00002993.,0,0,0
WBGene00002994.,59,4373,4432
WBGene00002996.,70,370,440
WBGene00002997.,74,833,907
WBGene00002998.,83,1968,2051
WBGene00002999.,511,2563,3074
WBGene00003000.,71,430,501
WBGene00003001.,68,303,371
WBGene00003002.,364,5828,6192
WBGene00003003.,2953,5319,8272
WBGene00003006.,407,609,1016
WBGene00003007.,130,598,728
WBGene00003008.,23,68,91
WBGene00003009.,140,2737,2877
WBGene00003010.,601,1656,2257
WBGene00003011.,230,1889,2119
WBGene00003012.,40,2197,2237
WBGene00003014.,489,8148,8637
WBGene00003015.,142,128,270
WBGene00003017.,18,117,135
WBGene00003018.,102,2345,2447
WBGene00003019.,195,2259,2454
WBGene00003020.,548,1375,1923
WBGene00003021.,192,2607,2799
WBGene00003022.,117,914,1031
WBGene00003024.,341,2506,2847
WBGene00003025.,297,4961,5258
WBGene00003026.,148,1917,2065
WBGene00003029.,80,2019,2099
WBGene00003030.,490,2738,3228
WBGene00003031.,35,729,764
WBGene00003033.,18,584,602
WBGene00003034.,336,4212,4548
WBGene00003035.,70,1191,1261
WBGene00003036.,7,3868,3875
WBGene00003037.,27,1186,1213
WBGene00003038.,35,2227,2262
WBGene00003039.,0,0,0
WBGene00003040.,516,4078,4594
WBGene00003041.,194,2634,2828
WBGene00003043.,147,2127,2274
WBGene00003044.,461,2973,3434
WBGene00003045.,302,2001,2303
WBGene00003046.,19,122,141
WBGene00003047.,474,2806,3280
WBGene00003048.,4021,6626,10647
WBGene00003052.,108,10451,10559
WBGene00003053.,38,12902,12940
WBGene00003055.,14,231,245
WBGene00003056.,173,574,747
WBGene00003057.,1,5,6
WBGene00003058.,5,9,14
WBGene00003059.,91,1124,1215
WBGene00003060.,1548,4665,6213
WBGene00003061.,200,5940,6140
WBGene00003062.,38,2347,2385
WBGene00003063.,282,38299,38581
WBGene00003064.,15,2025,2040
WBGene00003065.,111,6133,6244
WBGene00003066.,46,1306,1352
WBGene00003067.,9,316,325
WBGene00003068.,288,1862,2150
WBGene00003071.,349,6159,6508
WBGene00003072.,317,5711,6028
WBGene00003073.,234,10535,10769
WBGene00003074.,101,1417,1518
WBGene00003075.,20,78,98
WBGene00003076.,128,2102,2230
WBGene00003077.,144,812,956
WBGene00003078.,24,2436,2460
WBGene00003079.,0,7238,7238
WBGene00003080.,94,1822,1916
WBGene00003081.,370,2529,2899
WBGene00003082.,245,1207,1452
WBGene00003083.,188,5629,5817
WBGene00003084.,172,1940,2112
WBGene00003085.,317,6748,7065
WBGene00003086.,1079,2256,3335
WBGene00003087.,78,2001,2079
WBGene00003088.,0,1,1
WBGene00003089.,147,2004,2151
WBGene00003090.,2,1899,1901
WBGene00003091.,2,231,233
WBGene00003092.,1,245,246
WBGene00003093.,138,2170,2308
WBGene00003094.,4,35,39
WBGene00003095.,0,23,23
WBGene00003096.,0,73,73
WBGene00003097.,16,4666,4682
WBGene00003098.,0,4,4
WBGene00003099.,0,4,4
WBGene00003100.,35,38,73
WBGene00003102.,307,946,1253
WBGene00003104.,28,133,161
WBGene00003106.,78,338,416
WBGene00003107.,47,33,80
WBGene00003111.,156,1902,2058
WBGene00003112.,47,265,312
WBGene00003114.,80,132,212
WBGene00003119.,275,1554,1829
WBGene00003123.,13,3986,3999
WBGene00003124.,329,3589,3918
WBGene00003129.,136,1470,1606
WBGene00003130.,267,2102,2369
WBGene00003132.,68,1832,1900
WBGene00003133.,338,2222,2560
WBGene00003134.,73,939,1012
WBGene00003136.,122,1051,1173
WBGene00003142.,122,1140,1262
WBGene00003143.,331,1234,1565
WBGene00003144.,700,2645,3345
WBGene00003148.,18,4395,4413
WBGene00003149.,432,2645,3077
WBGene00003150.,1082,7035,8117
WBGene00003151.,138,1193,1331
WBGene00003153.,4379,9230,13609
WBGene00003154.,78,1087,1165
WBGene00003155.,19,1283,1302
WBGene00003156.,16,1714,1730
WBGene00003157.,27,2510,2537
WBGene00003158.,43,2001,2044
WBGene00003159.,6,1000,1006
WBGene00003160.,167,4689,4856
WBGene00003161.,100,1666,1766
WBGene00003162.,13,3174,3187
WBGene00003163.,471,21698,22169
WBGene00003164.,32,663,695
WBGene00003165.,81,666,747
WBGene00003166.,745,1343,2088
WBGene00003167.,48,362,410
WBGene00003168.,103,366,469
WBGene00003169.,101,1367,1468
WBGene00003170.,69,262,331
WBGene00003171.,160,3011,3171
WBGene00003172.,119,2890,3009
WBGene00003173.,97,356,453
WBGene00003174.,84,199,283
WBGene00003175.,134,2796,2930
WBGene00003176.,2,22,24
WBGene00003177.,119,971,1090
WBGene00003178.,34,3712,3746
WBGene00003179.,73,462,535
WBGene00003180.,0,3,3
WBGene00003181.,0,100,100
WBGene00003182.,723,2771,3494
WBGene00003183.,4,1166,1170
WBGene00003184.,11,361,372
WBGene00003185.,3,1428,1431
WBGene00003186.,197,1243,1440
WBGene00003196.,486,2447,2933
WBGene00003209.,635,3886,4521
WBGene00003210.,199,3488,3687
WBGene00003214.,137,2468,2605
WBGene00003216.,4,869,873
WBGene00003218.,97,4868,4965
WBGene00003219.,11,48,59
WBGene00003220.,150,1424,1574
WBGene00003221.,421,2504,2925
WBGene00003222.,87,1894,1981
WBGene00003224.,47,341,388
WBGene00003225.,444,8544,8988
WBGene00003228.,30,516,546
WBGene00003229.,259,2682,2941
WBGene00003230.,47,916,963
WBGene00003231.,10,321,331
WBGene00003232.,116,395,511
WBGene00003233.,83,408,491
WBGene00003234.,433,3432,3865
WBGene00003235.,269,2100,2369
WBGene00003236.,2,608,610
WBGene00003237.,289,2090,2379
WBGene00003238.,229,1933,2162
WBGene00003239.,101,2278,2379
WBGene00003241.,134,1817,1951
WBGene00003242.,955,20481,21436
WBGene00003243.,1034,3050,4084
WBGene00003245.,39,528,567
WBGene00003246.,746,1111,1857
WBGene00003247.,369,3066,3435
WBGene00003248.,29,125,154
WBGene00003249.,170,3009,3179
WBGene00003252.,19,423,442
WBGene00003253.,43,2760,2803
WBGene00003254.,21,535,556
WBGene00003258.,1622,486,2108
WBGene00003260.,0,9,9
WBGene00003261.,0,0,0
WBGene00003262.,0,22,22
WBGene00003263.,0,1,1
WBGene00003264.,0,0,0
WBGene00003265.,0,0,0
WBGene00003266.,0,0,0
WBGene00003267.,0,0,0
WBGene00003268.,0,0,0
WBGene00003269.,0,0,0
WBGene00003270.,0,1,1
WBGene00003271.,0,0,0
WBGene00003272.,0,0,0
WBGene00003273.,0,1,1
WBGene00003274.,0,2,2
WBGene00003275.,0,20,20
WBGene00003277.,0,0,0
WBGene00003278.,0,0,0
WBGene00003279.,0,5,5
WBGene00003280.,0,7,7
WBGene00003281.,0,9,9
WBGene00003282.,0,0,0
WBGene00003283.,0,0,0
WBGene00003284.,0,3,3
WBGene00003285.,0,0,0
WBGene00003286.,0,0,0
WBGene00003287.,0,0,0
WBGene00003288.,0,1,1
WBGene00003289.,0,1,1
WBGene00003290.,0,0,0
WBGene00003291.,0,13,13
WBGene00003292.,0,0,0
WBGene00003293.,0,0,0
WBGene00003294.,0,0,0
WBGene00003295.,0,0,0
WBGene00003296.,0,0,0
WBGene00003297.,0,0,0
WBGene00003298.,0,0,0
WBGene00003299.,0,0,0
WBGene00003300.,0,40,40
WBGene00003301.,0,0,0
WBGene00003302.,0,0,0
WBGene00003303.,0,1,1
WBGene00003304.,0,3,3
WBGene00003305.,0,0,0
WBGene00003306.,0,1,1
WBGene00003307.,0,3,3
WBGene00003308.,0,25,25
WBGene00003309.,0,0,0
WBGene00003310.,0,0,0
WBGene00003311.,0,4,4
WBGene00003312.,0,0,0
WBGene00003313.,0,0,0
WBGene00003314.,0,0,0
WBGene00003315.,0,0,0
WBGene00003316.,0,0,0
WBGene00003317.,0,0,0
WBGene00003318.,0,0,0
WBGene00003319.,0,0,0
WBGene00003321.,0,7,7
WBGene00003322.,0,0,0
WBGene00003323.,0,0,0
WBGene00003324.,0,7,7
WBGene00003325.,0,2,2
WBGene00003326.,0,0,0
WBGene00003327.,0,0,0
WBGene00003328.,0,15,15
WBGene00003329.,0,7,7
WBGene00003330.,0,4,4
WBGene00003331.,0,54,54
WBGene00003332.,0,12,12
WBGene00003333.,0,4,4
WBGene00003334.,0,2,2
WBGene00003335.,0,0,0
WBGene00003336.,0,29,29
WBGene00003337.,0,0,0
WBGene00003338.,0,2,2
WBGene00003339.,0,3,3
WBGene00003340.,0,0,0
WBGene00003341.,0,0,0
WBGene00003342.,0,0,0
WBGene00003343.,0,0,0
WBGene00003344.,0,1,1
WBGene00003345.,0,0,0
WBGene00003346.,0,0,0
WBGene00003347.,0,0,0
WBGene00003348.,0,0,0
WBGene00003349.,0,207,207
WBGene00003350.,0,1,1
WBGene00003351.,0,0,0
WBGene00003352.,0,0,0
WBGene00003353.,0,0,0
WBGene00003354.,0,1,1
WBGene00003355.,0,0,0
WBGene00003356.,0,0,0
WBGene00003357.,0,0,0
WBGene00003358.,0,0,0
WBGene00003359.,0,0,0
WBGene00003360.,0,0,0
WBGene00003361.,0,0,0
WBGene00003362.,0,0,0
WBGene00003363.,0,0,0
WBGene00003364.,0,2,2
WBGene00003365.,0,0,0
WBGene00003366.,0,0,0
WBGene00003367.,994,10070,11064
WBGene00003368.,57,1188,1245
WBGene00003369.,165,26389,26554
WBGene00003370.,51654,377316,428970
WBGene00003371.,21986,492926,514912
WBGene00003372.,505,6580,7085
WBGene00003373.,66,732,798
WBGene00003374.,497,1580,2077
WBGene00003375.,135,2577,2712
WBGene00003376.,223,863,1086
WBGene00003377.,15,165,180
WBGene00003378.,718,4427,5145
WBGene00003380.,60,552,612
WBGene00003384.,23,248,271
WBGene00003385.,286,2162,2448
WBGene00003386.,65,531,596
WBGene00003387.,324,302,626
WBGene00003388.,124,1104,1228
WBGene00003389.,59,4045,4104
WBGene00003390.,26,874,900
WBGene00003391.,579,4144,4723
WBGene00003392.,164,1766,1930
WBGene00003393.,236,4074,4310
WBGene00003394.,28,218,246
WBGene00003395.,12,717,729
WBGene00003396.,274,1488,1762
WBGene00003397.,130,884,1014
WBGene00003400.,470,830,1300
WBGene00003401.,923,3279,4202
WBGene00003402.,94,640,734
WBGene00003403.,83,797,880
WBGene00003404.,1288,4612,5900
WBGene00003405.,66,2196,2262
WBGene00003406.,65,3382,3447
WBGene00003407.,776,3599,4375
WBGene00003408.,853,2115,2968
WBGene00003409.,75,758,833
WBGene00003410.,1,55,56
WBGene00003411.,193,1766,1959
WBGene00003412.,86,490,576
WBGene00003413.,611,508,1119
WBGene00003414.,85,123,208
WBGene00003415.,42,2823,2865
WBGene00003417.,101,385,486
WBGene00003418.,53,1000,1053
WBGene00003420.,11,44,55
WBGene00003421.,235,1644,1879
WBGene00003422.,175,2765,2940
WBGene00003423.,1509,2541,4050
WBGene00003424.,0,0,0
WBGene00003425.,0,0,0
WBGene00003426.,0,0,0
WBGene00003429.,0,0,0
WBGene00003430.,0,0,0
WBGene00003431.,0,5,5
WBGene00003432.,0,0,0
WBGene00003433.,0,0,0
WBGene00003434.,0,0,0
WBGene00003435.,0,1,1
WBGene00003437.,0,0,0
WBGene00003438.,0,0,0
WBGene00003442.,0,4,4
WBGene00003443.,0,2,2
WBGene00003444.,0,2,2
WBGene00003445.,0,4,4
WBGene00003446.,0,0,0
WBGene00003448.,0,1,1
WBGene00003449.,0,2,2
WBGene00003450.,0,0,0
WBGene00003451.,0,0,0
WBGene00003452.,0,0,0
WBGene00003456.,0,0,0
WBGene00003457.,0,1,1
WBGene00003458.,0,0,0
WBGene00003460.,0,9,9
WBGene00003462.,0,1,1
WBGene00003463.,0,6,6
WBGene00003464.,0,0,0
WBGene00003465.,0,0,0
WBGene00003466.,0,0,0
WBGene00003467.,0,0,0
WBGene00003468.,0,0,0
WBGene00003469.,0,0,0
WBGene00003470.,0,1,1
WBGene00003471.,64,407,471
WBGene00003472.,425,2981,3406
WBGene00003473.,213,22966,23179
WBGene00003474.,58,2548,2606
WBGene00003475.,329,1868,2197
WBGene00003476.,2870,10541,13411
WBGene00003477.,49,579,628
WBGene00003478.,330,850,1180
WBGene00003479.,492,981,1473
WBGene00003480.,88,711,799
WBGene00003482.,256,1190,1446
WBGene00003485.,42,298,340
WBGene00003495.,361,42474,42835
WBGene00003497.,129,2189,2318
WBGene00003499.,6,279,285
WBGene00003504.,19,1515,1534
WBGene00003507.,5,703,708
WBGene00003508.,206,1549,1755
WBGene00003509.,54,1352,1406
WBGene00003510.,357,3048,3405
WBGene00003511.,12,485,497
WBGene00003514.,583,36733,37316
WBGene00003515.,447,36696,37143
WBGene00003516.,130,1314,1444
WBGene00003517.,8,125,133
WBGene00003518.,57,337,394
WBGene00003519.,195,1070,1265
WBGene00003520.,22,80,102
WBGene00003521.,0,0,0
WBGene00003522.,0,7,7
WBGene00003523.,215,150,365
WBGene00003524.,22,183,205
WBGene00003525.,432,1630,2062
WBGene00003526.,38,389,427
WBGene00003527.,55,196,251
WBGene00003528.,60,1913,1973
WBGene00003529.,5,18,23
WBGene00003530.,31,179,210
WBGene00003531.,8,12,20
WBGene00003532.,15,43,58
WBGene00003533.,7,11,18
WBGene00003534.,3,6,9
WBGene00003535.,2,4,6
WBGene00003536.,3,0,3
WBGene00003537.,2,0,2
WBGene00003538.,0,4,4
WBGene00003539.,0,0,0
WBGene00003540.,0,5,5
WBGene00003541.,22,3,25
WBGene00003542.,3,8,11
WBGene00003543.,9,8,17
WBGene00003544.,132,1012,1144
WBGene00003545.,11,6,17
WBGene00003546.,2,13,15
WBGene00003547.,18,177,195
WBGene00003548.,321,2471,2792
WBGene00003549.,42,510,552
WBGene00003550.,1897,2537,4434
WBGene00003551.,13,72,85
WBGene00003552.,253,438,691
WBGene00003553.,23,40,63
WBGene00003554.,28,12,40
WBGene00003555.,90,227,317
WBGene00003556.,2,1,3
WBGene00003558.,239,315,554
WBGene00003559.,1652,5873,7525
WBGene00003561.,561,1243,1804
WBGene00003562.,88,871,959
WBGene00003563.,47,293,340
WBGene00003564.,78,8486,8564
WBGene00003565.,293,2030,2323
WBGene00003566.,290,2248,2538
WBGene00003567.,925,17124,18049
WBGene00003568.,256,2784,3040
WBGene00003569.,45,901,946
WBGene00003570.,13,23,36
WBGene00003571.,33,70,103
WBGene00003572.,38,159,197
WBGene00003573.,17,309,326
WBGene00003574.,5,3,8
WBGene00003575.,21,252,273
WBGene00003576.,209,2396,2605
WBGene00003577.,21,149,170
WBGene00003578.,225,1564,1789
WBGene00003579.,5,162,167
WBGene00003580.,33,353,386
WBGene00003581.,117,1904,2021
WBGene00003582.,784,2873,3657
WBGene00003583.,47,929,976
WBGene00003584.,149,1260,1409
WBGene00003585.,337,199,536
WBGene00003586.,30,644,674
WBGene00003587.,89,4126,4215
WBGene00003588.,6,12500,12506
WBGene00003589.,686,4483,5169
WBGene00003590.,228,1880,2108
WBGene00003591.,164,1505,1669
WBGene00003592.,328,2894,3222
WBGene00003593.,293,2283,2576
WBGene00003594.,177,1591,1768
WBGene00003595.,1,2,3
WBGene00003596.,1627,31484,33111
WBGene00003597.,875,2420,3295
WBGene00003598.,144,7315,7459
WBGene00003599.,543,3773,4316
WBGene00003600.,3221,4648,7869
WBGene00003601.,35,326,361
WBGene00003602.,227,4623,4850
WBGene00003603.,162,2073,2235
WBGene00003604.,189,880,1069
WBGene00003605.,128,438,566
WBGene00003606.,661,3217,3878
WBGene00003607.,94,1089,1183
WBGene00003608.,5,68,73
WBGene00003609.,391,3056,3447
WBGene00003610.,12,53,65
WBGene00003611.,21,201,222
WBGene00003612.,123,334,457
WBGene00003613.,60,2102,2162
WBGene00003614.,685,689,1374
WBGene00003615.,5,197,202
WBGene00003616.,249,632,881
WBGene00003617.,52,2739,2791
WBGene00003618.,1261,6832,8093
WBGene00003619.,375,5115,5490
WBGene00003620.,593,1904,2497
WBGene00003621.,120,932,1052
WBGene00003622.,155,289,444
WBGene00003623.,83,1275,1358
WBGene00003624.,77,776,853
WBGene00003625.,237,2308,2545
WBGene00003626.,366,2816,3182
WBGene00003627.,1129,2625,3754
WBGene00003628.,827,5257,6084
WBGene00003629.,5,17,22
WBGene00003630.,1321,2339,3660
WBGene00003632.,333,4618,4951
WBGene00003633.,17,242,259
WBGene00003634.,219,1532,1751
WBGene00003635.,114,1892,2006
WBGene00003636.,1035,2107,3142
WBGene00003637.,224,2107,2331
WBGene00003638.,242,2286,2528
WBGene00003639.,301,5157,5458
WBGene00003640.,193,1750,1943
WBGene00003641.,2,65,67
WBGene00003642.,11,39,50
WBGene00003643.,32,133,165
WBGene00003644.,44,428,472
WBGene00003645.,214,1425,1639
WBGene00003646.,153,1561,1714
WBGene00003647.,115,910,1025
WBGene00003648.,25,444,469
WBGene00003649.,193,1688,1881
WBGene00003650.,20,65,85
WBGene00003651.,148,950,1098
WBGene00003652.,76,410,486
WBGene00003653.,75,778,853
WBGene00003654.,439,2345,2784
WBGene00003655.,68,332,400
WBGene00003656.,205,3144,3349
WBGene00003657.,19,142,161
WBGene00003658.,46,423,469
WBGene00003659.,67,1037,1104
WBGene00003660.,172,1717,1889
WBGene00003661.,198,1336,1534
WBGene00003662.,3,3,6
WBGene00003663.,0,0,0
WBGene00003664.,4,0,4
WBGene00003665.,2,1,3
WBGene00003667.,1,0,1
WBGene00003668.,345,736,1081
WBGene00003669.,77,371,448
WBGene00003670.,65,927,992
WBGene00003671.,9,60,69
WBGene00003672.,1,6,7
WBGene00003673.,22,276,298
WBGene00003674.,132,2146,2278
WBGene00003675.,241,437,678
WBGene00003676.,343,1182,1525
WBGene00003677.,237,1445,1682
WBGene00003678.,1530,13797,15327
WBGene00003679.,2,4,6
WBGene00003680.,121,1584,1705
WBGene00003681.,189,1785,1974
WBGene00003682.,56,35,91
WBGene00003683.,31,195,226
WBGene00003684.,136,1429,1565
WBGene00003685.,262,2327,2589
WBGene00003686.,16,694,710
WBGene00003687.,212,7567,7779
WBGene00003688.,131,564,695
WBGene00003689.,222,1765,1987
WBGene00003690.,224,2229,2453
WBGene00003691.,711,4092,4803
WBGene00003692.,80,630,710
WBGene00003693.,27,1211,1238
WBGene00003694.,149,1179,1328
WBGene00003695.,980,4928,5908
WBGene00003696.,54,353,407
WBGene00003697.,159,1382,1541
WBGene00003698.,4,173,177
WBGene00003699.,32,1402,1434
WBGene00003700.,31,479,510
WBGene00003701.,3,0,3
WBGene00003702.,211,679,890
WBGene00003703.,5,1,6
WBGene00003704.,259,807,1066
WBGene00003705.,37,302,339
WBGene00003706.,30,355,385
WBGene00003707.,323,2675,2998
WBGene00003708.,3,3,6
WBGene00003709.,139,518,657
WBGene00003710.,428,2282,2710
WBGene00003711.,41,182,223
WBGene00003712.,159,1250,1409
WBGene00003713.,73,423,496
WBGene00003714.,34,42,76
WBGene00003715.,309,682,991
WBGene00003716.,34,468,502
WBGene00003717.,4,35,39
WBGene00003718.,38,487,525
WBGene00003719.,39,579,618
WBGene00003720.,113,520,633
WBGene00003721.,51,776,827
WBGene00003722.,130,1091,1221
WBGene00003723.,45,3232,3277
WBGene00003724.,55,1719,1774
WBGene00003725.,331,1564,1895
WBGene00003726.,237,1507,1744
WBGene00003727.,138,165,303
WBGene00003728.,470,2771,3241
WBGene00003729.,10,8,18
WBGene00003730.,9,563,572
WBGene00003731.,95,119,214
WBGene00003732.,138,460,598
WBGene00003733.,87,777,864
WBGene00003734.,0,5,5
WBGene00003735.,392,405,797
WBGene00003736.,33,91,124
WBGene00003738.,81,1017,1098
WBGene00003739.,335,5345,5680
WBGene00003740.,59,5178,5237
WBGene00003741.,18,8482,8500
WBGene00003742.,0,27,27
WBGene00003743.,236,1124,1360
WBGene00003744.,143,2705,2848
WBGene00003745.,100,2001,2101
WBGene00003746.,32,4671,4703
WBGene00003747.,49,2609,2658
WBGene00003748.,184,4455,4639
WBGene00003749.,255,7105,7360
WBGene00003750.,657,7141,7798
WBGene00003751.,68,7824,7892
WBGene00003752.,36,2799,2835
WBGene00003753.,1227,8657,9884
WBGene00003754.,50,928,978
WBGene00003755.,222,16741,16963
WBGene00003756.,489,17789,18278
WBGene00003757.,17,489,506
WBGene00003758.,582,7910,8492
WBGene00003759.,940,6968,7908
WBGene00003760.,1,9,10
WBGene00003761.,0,133,133
WBGene00003762.,681,6370,7051
WBGene00003763.,8,30,38
WBGene00003764.,38,315,353
WBGene00003765.,786,5637,6423
WBGene00003766.,371,7745,8116
WBGene00003767.,1251,34432,35683
WBGene00003768.,45,770,815
WBGene00003769.,209,3804,4013
WBGene00003770.,8,139,147
WBGene00003771.,1097,7989,9086
WBGene00003772.,69,797,866
WBGene00003773.,670,6288,6958
WBGene00003774.,25,81,106
WBGene00003775.,111,266,377
WBGene00003776.,223,3211,3434
WBGene00003777.,266,8032,8298
WBGene00003778.,330,3107,3437
WBGene00003779.,80,932,1012
WBGene00003783.,8,1207,1215
WBGene00003784.,1,48,49
WBGene00003785.,80,2339,2419
WBGene00003786.,409,5657,6066
WBGene00003787.,35,1423,1458
WBGene00003788.,223,1801,2024
WBGene00003789.,140,1370,1510
WBGene00003790.,76,1051,1127
WBGene00003791.,12,1035,1047
WBGene00003792.,188,2288,2476
WBGene00003793.,65,2107,2172
WBGene00003794.,927,2070,2997
WBGene00003795.,18,2071,2089
WBGene00003796.,97,2683,2780
WBGene00003797.,76,1312,1388
WBGene00003798.,78,2798,2876
WBGene00003799.,616,1650,2266
WBGene00003800.,35,2870,2905
WBGene00003801.,28,1580,1608
WBGene00003802.,34,4046,4080
WBGene00003803.,131,2163,2294
WBGene00003804.,78,1885,1963
WBGene00003805.,31,1515,1546
WBGene00003806.,280,1853,2133
WBGene00003807.,28,170,198
WBGene00003808.,260,1118,1378
WBGene00003812.,71,3109,3180
WBGene00003813.,94,430,524
WBGene00003815.,47,1034,1081
WBGene00003816.,24,370,394
WBGene00003818.,197,2652,2849
WBGene00003821.,778,20466,21244
WBGene00003822.,233,5168,5401
WBGene00003825.,292,7556,7848
WBGene00003826.,1057,2115,3172
WBGene00003827.,364,3516,3880
WBGene00003828.,550,5995,6545
WBGene00003829.,7,2035,2042
WBGene00003830.,217,2214,2431
WBGene00003831.,1592,16119,17711
WBGene00003834.,215,6003,6218
WBGene00003835.,14,713,727
WBGene00003836.,277,2775,3052
WBGene00003837.,304,117,421
WBGene00003838.,34,106,140
WBGene00003839.,58,297,355
WBGene00003840.,57,154,211
WBGene00003841.,11,43,54
WBGene00003842.,41,139,180
WBGene00003843.,53,511,564
WBGene00003844.,4,608,612
WBGene00003845.,0,3,3
WBGene00003846.,4,1171,1175
WBGene00003847.,68,361,429
WBGene00003848.,26,65,91
WBGene00003849.,521,1323,1844
WBGene00003850.,58,407,465
WBGene00003851.,121,1922,2043
WBGene00003854.,6,51,57
WBGene00003856.,230,2242,2472
WBGene00003858.,1431,10001,11432
WBGene00003859.,97,1105,1202
WBGene00003860.,124,959,1083
WBGene00003861.,502,12520,13022
WBGene00003862.,5,48,53
WBGene00003863.,1,1,2
WBGene00003864.,5,270,275
WBGene00003865.,2,379,381
WBGene00003868.,112,1634,1746
WBGene00003870.,19,1478,1497
WBGene00003876.,96,747,843
WBGene00003877.,23,287,310
WBGene00003878.,25,237,262
WBGene00003879.,2,24,26
WBGene00003882.,53,668,721
WBGene00003883.,95,397,492
WBGene00003884.,123,464,587
WBGene00003885.,132,561,693
WBGene00003886.,68,527,595
WBGene00003887.,90,234,324
WBGene00003888.,1,8,9
WBGene00003889.,31,71,102
WBGene00003890.,59,592,651
WBGene00003891.,28,10331,10359
WBGene00003892.,206,430,636
WBGene00003893.,2986,37187,40173
WBGene00003898.,221,1090,1311
WBGene00003901.,62,4781,4843
WBGene00003902.,1059,88357,89416
WBGene00003903.,118,15611,15729
WBGene00003904.,24,3313,3337
WBGene00003905.,1101,2177,3278
WBGene00003906.,6,30,36
WBGene00003907.,232,1001,1233
WBGene00003909.,29,327,356
WBGene00003911.,80,804,884
WBGene00003912.,68,904,972
WBGene00003914.,198,1587,1785
WBGene00003915.,447,3080,3527
WBGene00003916.,2987,4914,7901
WBGene00003917.,197,525,722
WBGene00003918.,311,2462,2773
WBGene00003919.,134,209,343
WBGene00003920.,197,38607,38804
WBGene00003921.,128,660,788
WBGene00003922.,7,1272,1279
WBGene00003923.,8,3866,3874
WBGene00003924.,9,7034,7043
WBGene00003925.,135,3026,3161
WBGene00003926.,109,4264,4373
WBGene00003927.,29,4571,4600
WBGene00003928.,9,1742,1751
WBGene00003929.,168,2895,3063
WBGene00003930.,187,2389,2576
WBGene00003931.,104,1220,1324
WBGene00003932.,182,2497,2679
WBGene00003933.,108,1507,1615
WBGene00003934.,10621,354470,365091
WBGene00003936.,797,3497,4294
WBGene00003937.,1,16,17
WBGene00003938.,32,75,107
WBGene00003939.,69,250,319
WBGene00003941.,613,5248,5861
WBGene00003943.,125,1509,1634
WBGene00003947.,38,4162,4200
WBGene00003948.,1,3647,3648
WBGene00003949.,31,4297,4328
WBGene00003950.,162,5288,5450
WBGene00003951.,92,2515,2607
WBGene00003952.,228,2853,3081
WBGene00003953.,19,4002,4021
WBGene00003954.,315,2352,2667
WBGene00003955.,13,2977,2990
WBGene00003956.,29,3436,3465
WBGene00003957.,0,13,13
WBGene00003958.,7,408,415
WBGene00003959.,30,528,558
WBGene00003960.,177,1846,2023
WBGene00003961.,685,3040,3725
WBGene00003962.,238,7533,7771
WBGene00003963.,30,5113,5143
WBGene00003964.,633,13968,14601
WBGene00003965.,130,942,1072
WBGene00003966.,310,1848,2158
WBGene00003967.,166,1534,1700
WBGene00003968.,143,978,1121
WBGene00003969.,278,1379,1657
WBGene00003970.,184,2475,2659
WBGene00003975.,206,1985,2191
WBGene00003976.,8,200,208
WBGene00003977.,0,0,0
WBGene00003978.,562,1624,2186
WBGene00003979.,3,627,630
WBGene00003980.,211,1925,2136
WBGene00003981.,15,15,30
WBGene00003982.,5,2198,2203
WBGene00003983.,1,1,2
WBGene00003986.,76,744,820
WBGene00003987.,11,24,35
WBGene00003989.,73,2836,2909
WBGene00003990.,25,1252,1277
WBGene00003991.,245,2274,2519
WBGene00003992.,26,4032,4058
WBGene00003993.,81,794,875
WBGene00003994.,7,663,670
WBGene00003995.,879,1369,2248
WBGene00003996.,146,542,688
WBGene00003997.,6,61,67
WBGene00003998.,70,105,175
WBGene00003999.,10,108,118
WBGene00004000.,42,139,181
WBGene00004001.,3,4,7
WBGene00004002.,12,38,50
WBGene00004003.,97,478,575
WBGene00004004.,121,701,822
WBGene00004005.,97,335,432
WBGene00004006.,14,79,93
WBGene00004007.,3,19,22
WBGene00004008.,0,164,164
WBGene00004009.,0,5,5
WBGene00004010.,97,456,553
WBGene00004011.,31,178,209
WBGene00004013.,720,4882,5602
WBGene00004014.,18,4802,4820
WBGene00004015.,13,5229,5242
WBGene00004016.,238,483,721
WBGene00004017.,8,79,87
WBGene00004020.,17,179,196
WBGene00004023.,2390,17053,19443
WBGene00004024.,108,1142,1250
WBGene00004025.,22,235,257
WBGene00004026.,28,11,39
WBGene00004027.,55,360,415
WBGene00004028.,504,673,1177
WBGene00004029.,475,718,1193
WBGene00004030.,101,950,1051
WBGene00004031.,80,1736,1816
WBGene00004032.,693,3734,4427
WBGene00004033.,714,1799,2513
WBGene00004034.,344,988,1332
WBGene00004035.,346,3843,4189
WBGene00004036.,787,3447,4234
WBGene00004037.,115,1420,1535
WBGene00004038.,71,1116,1187
WBGene00004039.,206,3392,3598
WBGene00004040.,344,4051,4395
WBGene00004041.,1,834,835
WBGene00004042.,17,2356,2373
WBGene00004043.,33,464,497
WBGene00004044.,36,806,842
WBGene00004045.,527,880,1407
WBGene00004046.,159,15158,15317
WBGene00004047.,728,980,1708
WBGene00004048.,29,566,595
WBGene00004049.,240,961,1201
WBGene00004050.,17,1401,1418
WBGene00004051.,271,2204,2475
WBGene00004052.,1,20,21
WBGene00004053.,489,9754,10243
WBGene00004054.,116,51,167
WBGene00004055.,250,1766,2016
WBGene00004056.,262,1242,1504
WBGene00004057.,115,944,1059
WBGene00004058.,30,292,322
WBGene00004059.,184,704,888
WBGene00004060.,447,1422,1869
WBGene00004061.,13,381,394
WBGene00004062.,18,235,253
WBGene00004063.,155,1127,1282
WBGene00004064.,171,1853,2024
WBGene00004068.,196,2793,2989
WBGene00004075.,113,2630,2743
WBGene00004076.,876,4138,5014
WBGene00004077.,538,2404,2942
WBGene00004078.,0,244,244
WBGene00004083.,82,2321,2403
WBGene00004084.,0,5,5
WBGene00004085.,150,1478,1628
WBGene00004086.,123,796,919
WBGene00004087.,400,3030,3430
WBGene00004088.,412,2641,3053
WBGene00004089.,31,584,615
WBGene00004090.,127,1048,1175
WBGene00004091.,198,3139,3337
WBGene00004092.,46,882,928
WBGene00004093.,32,879,911
WBGene00004094.,66,3508,3574
WBGene00004095.,298,5399,5697
WBGene00004096.,202,3313,3515
WBGene00004098.,2,1,3
WBGene00004099.,0,5,5
WBGene00004100.,307,1842,2149
WBGene00004101.,284,2194,2478
WBGene00004102.,4,12,16
WBGene00004103.,8,3,11
WBGene00004104.,26,80,106
WBGene00004105.,126,1838,1964
WBGene00004106.,81,3153,3234
WBGene00004107.,1,18,19
WBGene00004108.,1142,3787,4929
WBGene00004109.,390,2539,2929
WBGene00004110.,415,2660,3075
WBGene00004111.,213,2123,2336
WBGene00004112.,238,888,1126
WBGene00004113.,185,6964,7149
WBGene00004114.,43,2412,2455
WBGene00004115.,63,68,131
WBGene00004116.,550,1880,2430
WBGene00004117.,501,5318,5819
WBGene00004118.,58,281,339
WBGene00004119.,246,3711,3957
WBGene00004120.,0,24,24
WBGene00004121.,214,1321,1535
WBGene00004122.,290,3483,3773
WBGene00004123.,147,630,777
WBGene00004124.,31,242,273
WBGene00004125.,138,1022,1160
WBGene00004126.,198,2020,2218
WBGene00004127.,20,32,52
WBGene00004128.,1597,6657,8254
WBGene00004129.,44,485,529
WBGene00004130.,541,9160,9701
WBGene00004131.,3674,13362,17036
WBGene00004132.,335,5148,5483
WBGene00004133.,12,113,125
WBGene00004134.,584,853,1437
WBGene00004135.,3995,46246,50241
WBGene00004136.,297,6405,6702
WBGene00004138.,821,9920,10741
WBGene00004139.,0,18,18
WBGene00004140.,47,1395,1442
WBGene00004141.,0,1,1
WBGene00004143.,774,40915,41689
WBGene00004144.,8,657,665
WBGene00004145.,509,8754,9263
WBGene00004146.,0,14,14
WBGene00004147.,679,4831,5510
WBGene00004148.,291,2606,2897
WBGene00004149.,17,9,26
WBGene00004150.,17,100,117
WBGene00004151.,187,1200,1387
WBGene00004152.,221,5213,5434
WBGene00004153.,1,401,402
WBGene00004154.,247,277,524
WBGene00004155.,11,45,56
WBGene00004156.,8,84,92
WBGene00004157.,105,11343,11448
WBGene00004158.,0,0,0
WBGene00004159.,0,0,0
WBGene00004160.,0,0,0
WBGene00004161.,656,2970,3626
WBGene00004163.,41,97,138
WBGene00004164.,542,3894,4436
WBGene00004165.,14,11,25
WBGene00004166.,502,4944,5446
WBGene00004167.,1396,7567,8963
WBGene00004168.,59,5027,5086
WBGene00004169.,499,4583,5082
WBGene00004170.,0,0,0
WBGene00004171.,0,0,0
WBGene00004172.,38,710,748
WBGene00004173.,664,6505,7169
WBGene00004174.,2,186,188
WBGene00004175.,12,288,300
WBGene00004176.,2,156,158
WBGene00004177.,66,2067,2133
WBGene00004178.,40,2147,2187
WBGene00004179.,44,1363,1407
WBGene00004180.,64,748,812
WBGene00004181.,126,1075,1201
WBGene00004182.,1216,3135,4351
WBGene00004183.,155,1033,1188
WBGene00004184.,186,3402,3588
WBGene00004185.,82,6937,7019
WBGene00004186.,753,3884,4637
WBGene00004187.,210,7030,7240
WBGene00004188.,136,1417,1553
WBGene00004189.,64,2524,2588
WBGene00004190.,54,320,374
WBGene00004191.,60,122,182
WBGene00004192.,443,502,945
WBGene00004193.,28,163,191
WBGene00004194.,65,745,810
WBGene00004195.,50,236,286
WBGene00004196.,0,0,0
WBGene00004197.,22,241,263
WBGene00004198.,60,654,714
WBGene00004199.,6,478,484
WBGene00004201.,35,2110,2145
WBGene00004202.,428,3271,3699
WBGene00004203.,291,1431,1722
WBGene00004204.,477,9667,10144
WBGene00004205.,28,539,567
WBGene00004206.,204,522,726
WBGene00004207.,380,1458,1838
WBGene00004208.,884,11527,12411
WBGene00004209.,2,3,5
WBGene00004210.,165,1022,1187
WBGene00004211.,26,90,116
WBGene00004212.,140,7546,7686
WBGene00004213.,942,4770,5712
WBGene00004214.,71,1990,2061
WBGene00004215.,1678,2942,4620
WBGene00004216.,13,37,50
WBGene00004217.,31,389,420
WBGene00004218.,97,296,393
WBGene00004219.,21,157,178
WBGene00004220.,135,878,1013
WBGene00004221.,33,460,493
WBGene00004222.,90,1334,1424
WBGene00004223.,11,14,25
WBGene00004224.,8,17,25
WBGene00004225.,153,787,940
WBGene00004226.,78,535,613
WBGene00004227.,24,104,128
WBGene00004228.,62,218,280
WBGene00004229.,9,25,34
WBGene00004230.,68,60,128
WBGene00004231.,56,157,213
WBGene00004232.,80,61,141
WBGene00004233.,11,6,17
WBGene00004234.,20,101,121
WBGene00004235.,102,806,908
WBGene00004236.,64,25,89
WBGene00004237.,177,1065,1242
WBGene00004238.,1056,3656,4712
WBGene00004239.,1,356,357
WBGene00004240.,53,5,58
WBGene00004241.,1,261,262
WBGene00004242.,14,228,242
WBGene00004243.,27,428,455
WBGene00004244.,104,1691,1795
WBGene00004245.,401,3237,3638
WBGene00004246.,16,19,35
WBGene00004248.,32,2281,2313
WBGene00004249.,850,9229,10079
WBGene00004254.,302,2031,2333
WBGene00004255.,31,258,289
WBGene00004256.,94,320,414
WBGene00004257.,27,137,164
WBGene00004258.,361,7634,7995
WBGene00004259.,68,5098,5166
WBGene00004264.,10,298,308
WBGene00004265.,300,670,970
WBGene00004266.,154,16988,17142
WBGene00004267.,157,3294,3451
WBGene00004268.,149,5861,6010
WBGene00004269.,54,967,1021
WBGene00004270.,36,1926,1962
WBGene00004271.,334,1489,1823
WBGene00004272.,64,10364,10428
WBGene00004273.,138,3677,3815
WBGene00004274.,75,16731,16806
WBGene00004275.,25,52,77
WBGene00004276.,193,4043,4236
WBGene00004277.,202,1742,1944
WBGene00004278.,517,7266,7783
WBGene00004279.,36,684,720
WBGene00004281.,43,475,518
WBGene00004282.,302,505,807
WBGene00004283.,68,227,295
WBGene00004284.,86,1621,1707
WBGene00004285.,190,547,737
WBGene00004286.,74,3374,3448
WBGene00004287.,3,0,3
WBGene00004296.,294,5065,5359
WBGene00004297.,92,1230,1322
WBGene00004298.,113,438,551
WBGene00004300.,7,99861,99868
WBGene00004301.,61,54,115
WBGene00004302.,218,7820,8038
WBGene00004303.,75,1838,1913
WBGene00004304.,178,2637,2815
WBGene00004305.,35,2737,2772
WBGene00004306.,146,2296,2442
WBGene00004307.,124,3071,3195
WBGene00004308.,111,2606,2717
WBGene00004309.,11,64,75
WBGene00004310.,539,3246,3785
WBGene00004311.,358,2383,2741
WBGene00004312.,124,1046,1170
WBGene00004313.,186,3460,3646
WBGene00004314.,928,926,1854
WBGene00004315.,89,4496,4585
WBGene00004316.,1175,1561,2736
WBGene00004317.,171,1808,1979
WBGene00004318.,423,3361,3784
WBGene00004319.,183,4842,5025
WBGene00004320.,192,4955,5147
WBGene00004321.,46,4725,4771
WBGene00004322.,284,3759,4043
WBGene00004323.,297,3118,3415
WBGene00004324.,122,1175,1297
WBGene00004326.,41,2827,2868
WBGene00004328.,28,103,131
WBGene00004332.,60,941,1001
WBGene00004333.,127,1005,1132
WBGene00004334.,1,68,69
WBGene00004335.,65,452,517
WBGene00004336.,2180,28168,30348
WBGene00004337.,403,5769,6172
WBGene00004338.,187,883,1070
WBGene00004339.,76,873,949
WBGene00004340.,218,2425,2643
WBGene00004341.,163,1629,1792
WBGene00004342.,44,69,113
WBGene00004343.,291,2199,2490
WBGene00004344.,73,1152,1225
WBGene00004345.,895,1940,2835
WBGene00004346.,112,584,696
WBGene00004347.,2149,825,2974
WBGene00004348.,74,895,969
WBGene00004349.,623,1479,2102
WBGene00004350.,321,1424,1745
WBGene00004351.,0,0,0
WBGene00004352.,1,10,11
WBGene00004353.,0,14,14
WBGene00004354.,2,4,6
WBGene00004355.,67,1834,1901
WBGene00004356.,48,3126,3174
WBGene00004357.,1702,7363,9065
WBGene00004358.,289,4791,5080
WBGene00004359.,15,110,125
WBGene00004360.,73,617,690
WBGene00004361.,27,373,400
WBGene00004363.,88,2940,3028
WBGene00004364.,426,5375,5801
WBGene00004367.,300,1244,1544
WBGene00004368.,154,1559,1713
WBGene00004369.,114,1025,1139
WBGene00004370.,102,1186,1288
WBGene00004371.,314,2383,2697
WBGene00004372.,115,373,488
WBGene00004373.,740,4816,5556
WBGene00004374.,130,1170,1300
WBGene00004375.,345,1235,1580
WBGene00004377.,76,443,519
WBGene00004378.,396,2637,3033
WBGene00004380.,198,2735,2933
WBGene00004381.,152,946,1098
WBGene00004382.,905,7235,8140
WBGene00004383.,31,1480,1511
WBGene00004384.,1264,2745,4009
WBGene00004385.,135,2197,2332
WBGene00004386.,94,1803,1897
WBGene00004387.,99,6170,6269
WBGene00004388.,76,2321,2397
WBGene00004389.,339,2907,3246
WBGene00004390.,1052,6008,7060
WBGene00004391.,51,3466,3517
WBGene00004392.,52,5716,5768
WBGene00004393.,254,987,1241
WBGene00004394.,8,0,8
WBGene00004395.,24,180,204
WBGene00004397.,2,24,26
WBGene00004398.,6,48,54
WBGene00004400.,5,346,351
WBGene00004401.,426,591,1017
WBGene00004402.,12,30,42
WBGene00004403.,528,1070,1598
WBGene00004404.,224,974,1198
WBGene00004405.,24,3824,3848
WBGene00004408.,99,340607,340706
WBGene00004409.,5820,101654,107474
WBGene00004410.,17016,110057,127073
WBGene00004411.,126,2898,3024
WBGene00004412.,29814,294384,324198
WBGene00004413.,324,228087,228411
WBGene00004414.,10266,316226,326492
WBGene00004415.,167,156006,156173
WBGene00004416.,13352,292702,306054
WBGene00004417.,14301,276423,290724
WBGene00004418.,33232,329617,362849
WBGene00004419.,26076,372337,398413
WBGene00004420.,19746,237523,257269
WBGene00004421.,11345,380795,392140
WBGene00004422.,1514,29990,31504
WBGene00004423.,22785,286080,308865
WBGene00004424.,47818,513950,561768
WBGene00004425.,13324,317494,330818
WBGene00004426.,14413,230162,244575
WBGene00004427.,2197,309643,311840
WBGene00004428.,16395,287900,304295
WBGene00004429.,35169,252077,287246
WBGene00004430.,27833,305342,333175
WBGene00004431.,15443,326132,341575
WBGene00004432.,1121,235514,236635
WBGene00004433.,10587,288225,298812
WBGene00004434.,9043,186987,196030
WBGene00004435.,10414,235895,246309
WBGene00004436.,21518,279294,300812
WBGene00004437.,2790,57662,60452
WBGene00004438.,2972,34887,37859
WBGene00004439.,10606,117850,128456
WBGene00004440.,4280,203696,207976
WBGene00004441.,22569,123544,146113
WBGene00004442.,8963,134789,143752
WBGene00004443.,48747,30632,79379
WBGene00004444.,8439,112840,121279
WBGene00004445.,6031,196313,202344
WBGene00004446.,28441,296324,324765
WBGene00004447.,20155,203138,223293
WBGene00004448.,4650,137973,142623
WBGene00004449.,15076,247763,262839
WBGene00004450.,5081,168319,173400
WBGene00004451.,0,42,42
WBGene00004452.,5268,125340,130608
WBGene00004453.,2771,99601,102372
WBGene00004454.,12045,168647,180692
WBGene00004455.,2,15,17
WBGene00004456.,0,128336,128336
WBGene00004457.,33,1637,1670
WBGene00004458.,38,2090,2128
WBGene00004459.,15,2914,2929
WBGene00004460.,19,3749,3768
WBGene00004461.,28,2627,2655
WBGene00004462.,140,4098,4238
WBGene00004463.,42,3982,4024
WBGene00004464.,398,3395,3793
WBGene00004465.,146,2715,2861
WBGene00004466.,29,2192,2221
WBGene00004467.,29,4699,4728
WBGene00004468.,133,2104,2237
WBGene00004469.,1679,233592,235271
WBGene00004470.,9822,304537,314359
WBGene00004471.,77,204964,205041
WBGene00004472.,19089,302112,321201
WBGene00004473.,12828,259181,272009
WBGene00004474.,22851,296844,319695
WBGene00004475.,6246,167250,173496
WBGene00004476.,29319,279930,309249
WBGene00004477.,21781,357872,379653
WBGene00004478.,18889,365507,384396
WBGene00004479.,14359,254390,268749
WBGene00004480.,32537,286618,319155
WBGene00004481.,3182,215441,218623
WBGene00004482.,15533,238564,254097
WBGene00004483.,23931,332662,356593
WBGene00004484.,16679,256760,273439
WBGene00004485.,2277,86969,89246
WBGene00004486.,9379,190336,199715
WBGene00004487.,25051,264773,289824
WBGene00004488.,18381,265191,283572
WBGene00004489.,21182,273250,294432
WBGene00004490.,23033,60209,83242
WBGene00004491.,1526,167100,168626
WBGene00004492.,19061,330367,349428
WBGene00004493.,10759,230446,241205
WBGene00004494.,22490,296449,318939
WBGene00004495.,6199,210157,216356
WBGene00004496.,9428,120180,129608
WBGene00004497.,2751,78254,81005
WBGene00004498.,50294,56851,107145
WBGene00004499.,16464,214712,231176
WBGene00004501.,30,1646,1676
WBGene00004502.,37,3120,3157
WBGene00004503.,3,3162,3165
WBGene00004504.,362,3364,3726
WBGene00004505.,20,2639,2659
WBGene00004506.,43,4447,4490
WBGene00004507.,38,1035,1073
WBGene00004508.,81,1767,1848
WBGene00004509.,196,1451,1647
WBGene00004510.,49,1255,1304
WBGene00004512.,0,0,0
WBGene00004513.,0,0,0
WBGene00004567.,0,155829,155829
WBGene00004622.,0,9316678,9316678
WBGene00004677.,0,148477,148477
WBGene00004679.,451,6420,6871
WBGene00004680.,110,995,1105
WBGene00004681.,771,2177,2948
WBGene00004682.,219,3530,3749
WBGene00004684.,128,1497,1625
WBGene00004698.,10,3274,3284
WBGene00004699.,72,2266,2338
WBGene00004700.,280,7330,7610
WBGene00004701.,14,2921,2935
WBGene00004702.,15,2068,2083
WBGene00004703.,128,5418,5546
WBGene00004704.,213,5239,5452
WBGene00004705.,422,4710,5132
WBGene00004706.,195,1587,1782
WBGene00004708.,0,0,0
WBGene00004716.,0,1,1
WBGene00004717.,0,0,0
WBGene00004719.,249,755,1004
WBGene00004721.,112,1280,1392
WBGene00004723.,49,1543,1592
WBGene00004726.,49,1472,1521
WBGene00004727.,319,4268,4587
WBGene00004728.,498,3199,3697
WBGene00004729.,232,1213,1445
WBGene00004732.,1071,4050,5121
WBGene00004735.,516,1440,1956
WBGene00004736.,1975,54462,56437
WBGene00004737.,4,1725,1729
WBGene00004738.,54,3347,3401
WBGene00004739.,1561,3960,5521
WBGene00004740.,151,1230,1381
WBGene00004742.,1,8,9
WBGene00004743.,739,2082,2821
WBGene00004744.,76,1373,1449
WBGene00004745.,86,567,653
WBGene00004746.,53,3782,3835
WBGene00004747.,61,925,986
WBGene00004748.,58,390,448
WBGene00004749.,102,3425,3527
WBGene00004750.,0,3,3
WBGene00004751.,1631,4516,6147
WBGene00004752.,98,1345,1443
WBGene00004753.,220,1430,1650
WBGene00004754.,372,1274,1646
WBGene00004755.,33,1353,1386
WBGene00004756.,37,973,1010
WBGene00004758.,173,5805,5978
WBGene00004759.,67,3348,3415
WBGene00004760.,556,4173,4729
WBGene00004762.,292,1962,2254
WBGene00004764.,72,226,298
WBGene00004765.,419,451,870
WBGene00004766.,243,7053,7296
WBGene00004767.,98,1692,1790
WBGene00004768.,18,1124,1142
WBGene00004769.,29,483,512
WBGene00004771.,119,724,843
WBGene00004773.,1067,4667,5734
WBGene00004774.,44,1292,1336
WBGene00004775.,89,925,1014
WBGene00004776.,207,116,323
WBGene00004777.,289,404,693
WBGene00004778.,24,448,472
WBGene00004779.,276,806,1082
WBGene00004780.,252,553,805
WBGene00004781.,50,2276,2326
WBGene00004782.,303,2706,3009
WBGene00004783.,445,3660,4105
WBGene00004786.,72,332,404
WBGene00004787.,111,478,589
WBGene00004788.,52,2573,2625
WBGene00004789.,117,1108,1225
WBGene00004790.,119,912,1031
WBGene00004793.,179,213,392
WBGene00004795.,85,847,932
WBGene00004796.,58,344,402
WBGene00004798.,883,14065,14948
WBGene00004800.,121,2562,2683
WBGene00004801.,136,2016,2152
WBGene00004802.,18,49,67
WBGene00004803.,111,848,959
WBGene00004804.,1178,6947,8125
WBGene00004806.,320,2472,2792
WBGene00004807.,89,28567,28656
WBGene00004808.,31,4619,4650
WBGene00004809.,413,4544,4957
WBGene00004810.,6,276,282
WBGene00004811.,72,1213,1285
WBGene00004812.,2,7,9
WBGene00004813.,0,3,3
WBGene00004814.,0,2,2
WBGene00004815.,0,1,1
WBGene00004816.,0,10,10
WBGene00004817.,0,36,36
WBGene00004818.,0,7,7
WBGene00004819.,0,2,2
WBGene00004820.,0,1,1
WBGene00004821.,0,14,14
WBGene00004822.,0,1448,1448
WBGene00004823.,1,368,369
WBGene00004824.,277,1350,1627
WBGene00004825.,0,518,518
WBGene00004826.,0,1915,1915
WBGene00004827.,0,65,65
WBGene00004829.,450,2604,3054
WBGene00004830.,264,941,1205
WBGene00004831.,846,2047,2893
WBGene00004833.,0,132,132
WBGene00004834.,0,8,8
WBGene00004835.,0,10,10
WBGene00004836.,0,624,624
WBGene00004837.,0,0,0
WBGene00004838.,0,0,0
WBGene00004839.,0,14,14
WBGene00004840.,0,31,31
WBGene00004841.,0,57,57
WBGene00004842.,0,1,1
WBGene00004843.,0,1,1
WBGene00004844.,0,0,0
WBGene00004845.,0,0,0
WBGene00004846.,0,6,6
WBGene00004847.,0,0,0
WBGene00004848.,0,9,9
WBGene00004849.,0,8,8
WBGene00004850.,0,0,0
WBGene00004851.,0,1,1
WBGene00004854.,77,680,757
WBGene00004855.,575,7929,8504
WBGene00004856.,447,2444,2891
WBGene00004857.,73,595,668
WBGene00004858.,194,814,1008
WBGene00004859.,222,897,1119
WBGene00004860.,105,682,787
WBGene00004862.,1078,8578,9656
WBGene00004873.,692,4012,4704
WBGene00004874.,184,5329,5513
WBGene00004875.,5,81,86
WBGene00004876.,15,394,409
WBGene00004877.,13,26,39
WBGene00004878.,64,545,609
WBGene00004879.,599,5808,6407
WBGene00004880.,243,2239,2482
WBGene00004881.,390,3684,4074
WBGene00004882.,87,2946,3033
WBGene00004883.,5,641,646
WBGene00004884.,614,5109,5723
WBGene00004885.,48,1256,1304
WBGene00004886.,131,1267,1398
WBGene00004887.,130,3185,3315
WBGene00004888.,297,6653,6950
WBGene00004889.,232,1495,1727
WBGene00004890.,261,759,1020
WBGene00004891.,133,3653,3786
WBGene00004892.,812,2675,3487
WBGene00004893.,121,735,856
WBGene00004894.,2127,1716,3843
WBGene00004895.,2820,1472,4292
WBGene00004896.,1008,5523,6531
WBGene00004897.,23,14479,14502
WBGene00004898.,43,1292,1335
WBGene00004899.,19,10,29
WBGene00004900.,44,917,961
WBGene00004901.,6,28,34
WBGene00004902.,140,2822,2962
WBGene00004903.,11,30,41
WBGene00004904.,8,19,27
WBGene00004905.,233,261,494
WBGene00004906.,38,15,53
WBGene00004907.,10,55,65
WBGene00004908.,5,5,10
WBGene00004909.,2,6,8
WBGene00004910.,72,1170,1242
WBGene00004911.,12,363,375
WBGene00004912.,63,1392,1455
WBGene00004913.,201,593,794
WBGene00004914.,88,8094,8182
WBGene00004915.,7,3621,3628
WBGene00004916.,169,9192,9361
WBGene00004917.,81,5413,5494
WBGene00004918.,363,3637,4000
WBGene00004919.,95,4246,4341
WBGene00004920.,308,4867,5175
WBGene00004921.,325,3033,3358
WBGene00004922.,309,609,918
WBGene00004923.,1190,1896,3086
WBGene00004924.,568,7869,8437
WBGene00004925.,606,949,1555
WBGene00004926.,79,819,898
WBGene00004927.,152,1324,1476
WBGene00004928.,114,903,1017
WBGene00004929.,1308,2112,3420
WBGene00004930.,604,13083,13687
WBGene00004931.,341,3819,4160
WBGene00004932.,142,1642,1784
WBGene00004933.,523,3482,4005
WBGene00004944.,174,707,881
WBGene00004945.,170,2858,3028
WBGene00004946.,477,2782,3259
WBGene00004947.,2405,3749,6154
WBGene00004949.,207,1154,1361
WBGene00004950.,10,1111,1121
WBGene00004951.,237,10848,11085
WBGene00004952.,9,1435,1444
WBGene00004953.,93,2063,2156
WBGene00004954.,54,380,434
WBGene00004955.,219,3914,4133
WBGene00004958.,13,50,63
WBGene00004959.,23,459,482
WBGene00004960.,27,226,253
WBGene00004962.,12,1,13
WBGene00004963.,30,18,48
WBGene00004964.,8,126,134
WBGene00004965.,4,3,7
WBGene00004966.,7,8,15
WBGene00004969.,140,334,474
WBGene00004971.,2,1,3
WBGene00004972.,11,101,112
WBGene00004973.,2,0,2
WBGene00004974.,3,4,7
WBGene00004975.,20,675,695
WBGene00004976.,11,41,52
WBGene00004978.,591,1422,2013
WBGene00004979.,360,2528,2888
WBGene00004980.,439,12195,12634
WBGene00004981.,42,864,906
WBGene00004984.,8,390,398
WBGene00004985.,38,1300,1338
WBGene00004986.,518,9552,10070
WBGene00004987.,306,4920,5226
WBGene00004988.,469,8423,8892
WBGene00004989.,2,43,45
WBGene00004990.,3171,58499,61670
WBGene00004991.,20,370,390
WBGene00004992.,11,2,13
WBGene00004993.,1367,16602,17969
WBGene00004994.,6,41,47
WBGene00004995.,1588,14116,15704
WBGene00004996.,7,20,27
WBGene00004997.,0,10,10
WBGene00004998.,5,35,40
WBGene00004999.,2184,47336,49520
WBGene00005000.,585,12596,13181
WBGene00005001.,156,1928,2084
WBGene00005002.,19,501,520
WBGene00005003.,623,10133,10756
WBGene00005004.,13,177,190
WBGene00005005.,0,0,0
WBGene00005006.,104,1524,1628
WBGene00005007.,63,2560,2623
WBGene00005008.,5,193,198
WBGene00005009.,39,2788,2827
WBGene00005010.,506,1685,2191
WBGene00005011.,127,1191,1318
WBGene00005012.,3,4,7
WBGene00005013.,0,13,13
WBGene00005014.,28,858,886
WBGene00005015.,99,2792,2891
WBGene00005016.,0,9,9
WBGene00005017.,2,9,11
WBGene00005018.,2,58,60
WBGene00005019.,101,2265,2366
WBGene00005020.,160,259,419
WBGene00005021.,26,555,581
WBGene00005022.,9,1048,1057
WBGene00005023.,112,1362,1474
WBGene00005024.,444,387,831
WBGene00005025.,87,726,813
WBGene00005026.,126,1392,1518
WBGene00005027.,1,6,7
WBGene00005028.,0,1,1
WBGene00005029.,2,6,8
WBGene00005030.,1,13,14
WBGene00005031.,5,5,10
WBGene00005032.,0,32,32
WBGene00005033.,3,31,34
WBGene00005034.,1,0,1
WBGene00005035.,0,5,5
WBGene00005036.,25,239,264
WBGene00005037.,2,10,12
WBGene00005038.,2,21,23
WBGene00005039.,7,7,14
WBGene00005040.,11,11,22
WBGene00005041.,0,1,1
WBGene00005042.,1,0,1
WBGene00005043.,1,3,4
WBGene00005044.,0,1,1
WBGene00005045.,2,3,5
WBGene00005046.,1,13,14
WBGene00005047.,7,54,61
WBGene00005048.,2,2,4
WBGene00005049.,1,6,7
WBGene00005050.,1,5,6
WBGene00005051.,13,20,33
WBGene00005052.,4,10,14
WBGene00005053.,3,17,20
WBGene00005054.,2,3,5
WBGene00005055.,3,0,3
WBGene00005056.,41,7,48
WBGene00005057.,7,21,28
WBGene00005058.,2,7,9
WBGene00005059.,14,25,39
WBGene00005060.,1,22,23
WBGene00005061.,44,4,48
WBGene00005062.,3,20,23
WBGene00005063.,11,108,119
WBGene00005064.,3,20,23
WBGene00005065.,11,1,12
WBGene00005066.,0,3,3
WBGene00005067.,2,9,11
WBGene00005068.,2,7,9
WBGene00005069.,1,1,2
WBGene00005070.,4,8,12
WBGene00005071.,5,1,6
WBGene00005072.,0,3,3
WBGene00005073.,0,0,0
WBGene00005074.,0,0,0
WBGene00005075.,3,5,8
WBGene00005076.,7,11,18
WBGene00005077.,263,790,1053
WBGene00005078.,82,463,545
WBGene00005079.,2,4,6
WBGene00005080.,3,3,6
WBGene00005081.,12,39,51
WBGene00005082.,1,20,21
WBGene00005083.,0,2,2
WBGene00005084.,5,1,6
WBGene00005085.,2,5,7
WBGene00005086.,7,24,31
WBGene00005087.,0,7,7
WBGene00005088.,30,102,132
WBGene00005089.,7,19,26
WBGene00005090.,35,63,98
WBGene00005091.,2,2,4
WBGene00005092.,13,18,31
WBGene00005093.,0,0,0
WBGene00005094.,3,2,5
WBGene00005095.,1,5,6
WBGene00005096.,11,49,60
WBGene00005097.,1,27,28
WBGene00005098.,0,5,5
WBGene00005099.,0,0,0
WBGene00005100.,1,1,2
WBGene00005101.,45,348,393
WBGene00005102.,0,0,0
WBGene00005103.,0,6,6
WBGene00005104.,0,3,3
WBGene00005105.,0,271,271
WBGene00005106.,0,43,43
WBGene00005107.,17,307,324
WBGene00005108.,6,263,269
WBGene00005109.,1,14,15
WBGene00005110.,105,225,330
WBGene00005111.,16,167,183
WBGene00005112.,0,0,0
WBGene00005113.,10,125,135
WBGene00005114.,1,22,23
WBGene00005115.,0,8,8
WBGene00005116.,4,4,8
WBGene00005117.,2,19,21
WBGene00005118.,2,3,5
WBGene00005119.,2,3,5
WBGene00005120.,28,15,43
WBGene00005121.,13,7,20
WBGene00005122.,5,5,10
WBGene00005123.,0,0,0
WBGene00005124.,3,8,11
WBGene00005125.,0,0,0
WBGene00005126.,0,1,1
WBGene00005127.,37,240,277
WBGene00005128.,76,4,80
WBGene00005129.,44,94,138
WBGene00005130.,5,9,14
WBGene00005131.,38,258,296
WBGene00005132.,17,53,70
WBGene00005133.,15,21,36
WBGene00005134.,0,4,4
WBGene00005135.,0,1,1
WBGene00005136.,1,3,4
WBGene00005137.,0,0,0
WBGene00005138.,0,0,0
WBGene00005139.,0,0,0
WBGene00005140.,8,10,18
WBGene00005141.,14,8,22
WBGene00005142.,0,2,2
WBGene00005143.,25,3,28
WBGene00005144.,9,5,14
WBGene00005145.,4,5,9
WBGene00005146.,10,8,18
WBGene00005147.,11,138,149
WBGene00005148.,0,0,0
WBGene00005149.,23,57,80
WBGene00005150.,31,83,114
WBGene00005153.,173,149,322
WBGene00005159.,14,6,20
WBGene00005160.,3,11,14
WBGene00005161.,4,0,4
WBGene00005162.,33,27,60
WBGene00005163.,20,50,70
WBGene00005164.,5,12,17
WBGene00005165.,10,17,27
WBGene00005166.,2,6,8
WBGene00005167.,7,6,13
WBGene00005168.,0,9,9
WBGene00005169.,9,21,30
WBGene00005170.,6,7,13
WBGene00005171.,11,29,40
WBGene00005172.,3,25,28
WBGene00005173.,1,5,6
WBGene00005174.,153,504,657
WBGene00005175.,2,5,7
WBGene00005176.,66,39,105
WBGene00005177.,171,133,304
WBGene00005178.,4,10,14
WBGene00005179.,3,1,4
WBGene00005180.,4,1,5
WBGene00005181.,8,4,12
WBGene00005182.,16,33,49
WBGene00005183.,0,5,5
WBGene00005184.,3,5,8
WBGene00005185.,1,2,3
WBGene00005186.,3,6,9
WBGene00005187.,4,38,42
WBGene00005188.,2,1,3
WBGene00005189.,40,290,330
WBGene00005190.,1,7,8
WBGene00005191.,106,252,358
WBGene00005192.,4,5,9
WBGene00005193.,16,1,17
WBGene00005194.,0,0,0
WBGene00005195.,13,11,24
WBGene00005196.,1,1,2
WBGene00005197.,25,8,33
WBGene00005198.,3,3,6
WBGene00005199.,1,4,5
WBGene00005200.,9,7,16
WBGene00005201.,13,0,13
WBGene00005202.,34,39,73
WBGene00005203.,7,14,21
WBGene00005204.,0,3,3
WBGene00005205.,3,68,71
WBGene00005206.,36,128,164
WBGene00005207.,4,26,30
WBGene00005208.,22,215,237
WBGene00005210.,8,31,39
WBGene00005211.,1,1,2
WBGene00005212.,4,2,6
WBGene00005213.,7,8,15
WBGene00005214.,6,3,9
WBGene00005215.,3,1,4
WBGene00005216.,11,5,16
WBGene00005217.,0,4,4
WBGene00005218.,1,12,13
WBGene00005219.,16,2,18
WBGene00005220.,2,2,4
WBGene00005221.,14,4,18
WBGene00005222.,4,6,10
WBGene00005223.,6,5,11
WBGene00005224.,3,0,3
WBGene00005225.,0,1,1
WBGene00005226.,22,89,111
WBGene00005227.,0,11,11
WBGene00005228.,630,200,830
WBGene00005229.,6,13,19
WBGene00005230.,1,2,3
WBGene00005231.,2,37,39
WBGene00005232.,1,0,1
WBGene00005233.,3,1,4
WBGene00005234.,0,11,11
WBGene00005235.,2,14,16
WBGene00005236.,3,3,6
WBGene00005237.,1,2,3
WBGene00005238.,2,0,2
WBGene00005239.,1,1,2
WBGene00005240.,8,34,42
WBGene00005241.,7,31,38
WBGene00005242.,8,39,47
WBGene00005243.,20,248,268
WBGene00005244.,11,6,17
WBGene00005245.,8,80,88
WBGene00005246.,1,181,182
WBGene00005247.,19,32,51
WBGene00005248.,4,24,28
WBGene00005249.,4,1,5
WBGene00005250.,1,28,29
WBGene00005251.,22,81,103
WBGene00005252.,10,3,13
WBGene00005253.,9,75,84
WBGene00005254.,2,6,8
WBGene00005255.,0,4,4
WBGene00005256.,1,0,1
WBGene00005257.,6,48,54
WBGene00005258.,3,24,27
WBGene00005259.,0,0,0
WBGene00005260.,2,4,6
WBGene00005261.,12,2,14
WBGene00005262.,10,54,64
WBGene00005263.,2,9,11
WBGene00005264.,1,10,11
WBGene00005265.,1,4,5
WBGene00005266.,0,1,1
WBGene00005267.,34,55,89
WBGene00005268.,2,10,12
WBGene00005269.,4,61,65
WBGene00005270.,1,11,12
WBGene00005271.,66,112,178
WBGene00005272.,13,22,35
WBGene00005273.,8,27,35
WBGene00005274.,4,6,10
WBGene00005275.,4,5,9
WBGene00005276.,1,4,5
WBGene00005277.,0,2,2
WBGene00005278.,2,1,3
WBGene00005279.,2,1,3
WBGene00005280.,0,0,0
WBGene00005281.,0,1,1
WBGene00005282.,0,1,1
WBGene00005283.,1,3,4
WBGene00005284.,2,2,4
WBGene00005285.,0,2,2
WBGene00005286.,0,5,5
WBGene00005287.,1,0,1
WBGene00005288.,1,1,2
WBGene00005289.,0,40,40
WBGene00005290.,1,32,33
WBGene00005291.,0,1,1
WBGene00005292.,4,25,29
WBGene00005293.,1,33,34
WBGene00005294.,0,1,1
WBGene00005295.,6,19,25
WBGene00005296.,8,8,16
WBGene00005297.,0,3,3
WBGene00005298.,26,11,37
WBGene00005299.,17,73,90
WBGene00005300.,1,21,22
WBGene00005301.,7,9,16
WBGene00005302.,3,2,5
WBGene00005303.,2,8,10
WBGene00005304.,1,3,4
WBGene00005305.,9,21,30
WBGene00005306.,1,3,4
WBGene00005307.,8,5,13
WBGene00005308.,1,1,2
WBGene00005309.,0,6,6
WBGene00005310.,1,8,9
WBGene00005311.,40,44,84
WBGene00005312.,15,7,22
WBGene00005313.,2,4,6
WBGene00005314.,0,0,0
WBGene00005315.,1,22,23
WBGene00005316.,19,2,21
WBGene00005317.,1,3,4
WBGene00005318.,7,6,13
WBGene00005319.,2,2,4
WBGene00005320.,2,8,10
WBGene00005321.,3,1,4
WBGene00005322.,0,1,1
WBGene00005323.,1,6,7
WBGene00005324.,94,21,115
WBGene00005325.,0,8,8
WBGene00005326.,0,8,8
WBGene00005327.,0,15,15
WBGene00005328.,1,6,7
WBGene00005329.,0,1,1
WBGene00005330.,0,2,2
WBGene00005331.,0,5,5
WBGene00005332.,1,1,2
WBGene00005333.,6,3,9
WBGene00005334.,1,3,4
WBGene00005335.,6,1,7
WBGene00005336.,1,2,3
WBGene00005337.,4,11,15
WBGene00005338.,0,2,2
WBGene00005339.,4,10,14
WBGene00005340.,0,0,0
WBGene00005341.,2,0,2
WBGene00005342.,0,36,36
WBGene00005343.,5,25,30
WBGene00005344.,17,16,33
WBGene00005345.,7,13,20
WBGene00005346.,1,26,27
WBGene00005347.,4,93,97
WBGene00005348.,1,4,5
WBGene00005349.,1,2,3
WBGene00005350.,1,21,22
WBGene00005351.,12,13,25
WBGene00005352.,0,2,2
WBGene00005353.,2,20,22
WBGene00005354.,5,49,54
WBGene00005355.,0,0,0
WBGene00005356.,2,13,15
WBGene00005357.,2,7,9
WBGene00005358.,1,3,4
WBGene00005359.,2,8,10
WBGene00005360.,0,6,6
WBGene00005361.,0,10,10
WBGene00005362.,6,10,16
WBGene00005363.,3,6,9
WBGene00005364.,3,5,8
WBGene00005365.,1,9,10
WBGene00005366.,0,16,16
WBGene00005367.,0,1,1
WBGene00005368.,0,4,4
WBGene00005369.,0,1,1
WBGene00005370.,3,9,12
WBGene00005371.,2,5,7
WBGene00005372.,0,1,1
WBGene00005373.,0,3,3
WBGene00005374.,0,2,2
WBGene00005375.,1,6,7
WBGene00005376.,0,4,4
WBGene00005377.,1,2,3
WBGene00005378.,6,3,9
WBGene00005379.,0,11,11
WBGene00005380.,8,8,16
WBGene00005381.,1,8,9
WBGene00005382.,2,6,8
WBGene00005383.,5,21,26
WBGene00005384.,0,10,10
WBGene00005385.,15,104,119
WBGene00005386.,17,11,28
WBGene00005387.,44,55,99
WBGene00005388.,3,4,7
WBGene00005389.,0,3,3
WBGene00005390.,0,2,2
WBGene00005391.,0,0,0
WBGene00005392.,3,0,3
WBGene00005393.,3,15,18
WBGene00005394.,1,4,5
WBGene00005395.,3,6,9
WBGene00005396.,9,8,17
WBGene00005397.,5,11,16
WBGene00005398.,33,3,36
WBGene00005399.,6,25,31
WBGene00005400.,0,2,2
WBGene00005401.,1,13,14
WBGene00005402.,1,0,1
WBGene00005403.,0,23,23
WBGene00005404.,0,0,0
WBGene00005405.,15,15,30
WBGene00005406.,0,6,6
WBGene00005407.,5,4,9
WBGene00005408.,1,5,6
WBGene00005409.,0,18,18
WBGene00005410.,12,15,27
WBGene00005411.,0,6,6
WBGene00005412.,4,7,11
WBGene00005413.,2,4,6
WBGene00005414.,4,2,6
WBGene00005415.,4,12,16
WBGene00005416.,0,8,8
WBGene00005417.,0,19,19
WBGene00005418.,0,11,11
WBGene00005419.,1,10,11
WBGene00005420.,81,589,670
WBGene00005421.,13,16,29
WBGene00005422.,9,139,148
WBGene00005423.,4,32,36
WBGene00005424.,3,0,3
WBGene00005425.,2,2,4
WBGene00005426.,3,4,7
WBGene00005427.,3,24,27
WBGene00005428.,6,5,11
WBGene00005429.,11,6,17
WBGene00005430.,0,7,7
WBGene00005431.,7,3,10
WBGene00005432.,3,28,31
WBGene00005433.,3,1,4
WBGene00005434.,8,4,12
WBGene00005435.,0,0,0
WBGene00005436.,0,0,0
WBGene00005437.,6,15,21
WBGene00005438.,9,59,68
WBGene00005439.,1,3,4
WBGene00005440.,7,4,11
WBGene00005441.,2,3,5
WBGene00005442.,1,0,1
WBGene00005443.,1,3,4
WBGene00005444.,1,4,5
WBGene00005445.,64,5,69
WBGene00005446.,5,10,15
WBGene00005447.,23,38,61
WBGene00005448.,1,27,28
WBGene00005449.,1,1,2
WBGene00005450.,3,3,6
WBGene00005451.,1,1,2
WBGene00005452.,0,2,2
WBGene00005453.,1,1,2
WBGene00005454.,0,0,0
WBGene00005455.,0,1,1
WBGene00005456.,0,0,0
WBGene00005457.,1,0,1
WBGene00005458.,0,5,5
WBGene00005459.,0,0,0
WBGene00005460.,48,30,78
WBGene00005461.,3,3,6
WBGene00005462.,0,1,1
WBGene00005463.,44,2,46
WBGene00005464.,1,0,1
WBGene00005465.,1,1,2
WBGene00005466.,0,2,2
WBGene00005467.,5,1,6
WBGene00005468.,3,2,5
WBGene00005469.,10,8,18
WBGene00005470.,2,3,5
WBGene00005471.,3,6,9
WBGene00005472.,0,9,9
WBGene00005473.,13,97,110
WBGene00005474.,6,8,14
WBGene00005475.,4,2,6
WBGene00005476.,2,1,3
WBGene00005477.,3,65,68
WBGene00005478.,11,2,13
WBGene00005479.,3,1,4
WBGene00005480.,0,7,7
WBGene00005481.,5,39,44
WBGene00005482.,0,33,33
WBGene00005483.,0,1,1
WBGene00005484.,3,36,39
WBGene00005485.,32,27,59
WBGene00005486.,5,8,13
WBGene00005487.,1,25,26
WBGene00005488.,2,13,15
WBGene00005489.,12,1,13
WBGene00005490.,12,7,19
WBGene00005491.,0,1,1
WBGene00005492.,0,0,0
WBGene00005493.,1,3,4
WBGene00005494.,2,2,4
WBGene00005495.,8,0,8
WBGene00005496.,0,0,0
WBGene00005497.,0,2,2
WBGene00005498.,0,3,3
WBGene00005499.,0,0,0
WBGene00005500.,3,2,5
WBGene00005501.,1,2,3
WBGene00005502.,3,0,3
WBGene00005503.,0,3,3
WBGene00005504.,2,3,5
WBGene00005505.,22,2,24
WBGene00005506.,10,11,21
WBGene00005507.,2,13,15
WBGene00005508.,0,0,0
WBGene00005509.,0,0,0
WBGene00005510.,0,0,0
WBGene00005511.,1,71,72
WBGene00005512.,0,4,4
WBGene00005513.,1,4,5
WBGene00005514.,4,44,48
WBGene00005515.,1,6,7
WBGene00005516.,3,21,24
WBGene00005517.,20,48,68
WBGene00005518.,10,21,31
WBGene00005519.,2,4,6
WBGene00005520.,7,5,12
WBGene00005521.,6,5,11
WBGene00005522.,25,6,31
WBGene00005523.,20,318,338
WBGene00005524.,7,2,9
WBGene00005525.,0,1,1
WBGene00005526.,0,0,0
WBGene00005527.,14,2,16
WBGene00005528.,0,1,1
WBGene00005529.,7,2,9
WBGene00005530.,90,81,171
WBGene00005531.,28,43,71
WBGene00005532.,11,29,40
WBGene00005533.,6,72,78
WBGene00005534.,15,146,161
WBGene00005535.,9,12,21
WBGene00005536.,5,16,21
WBGene00005537.,1,9,10
WBGene00005538.,0,25,25
WBGene00005539.,1,3,4
WBGene00005540.,1,8,9
WBGene00005541.,5,8,13
WBGene00005542.,13,64,77
WBGene00005543.,22,93,115
WBGene00005544.,2,5,7
WBGene00005545.,8,1,9
WBGene00005546.,1,1,2
WBGene00005547.,2,37,39
WBGene00005548.,22,21,43
WBGene00005549.,7,1,8
WBGene00005550.,1,8,9
WBGene00005551.,12,35,47
WBGene00005552.,26,20,46
WBGene00005553.,4,6,10
WBGene00005554.,7,2,9
WBGene00005555.,3,10,13
WBGene00005556.,17,0,17
WBGene00005557.,14,30,44
WBGene00005558.,4,28,32
WBGene00005559.,4,50,54
WBGene00005560.,10,53,63
WBGene00005561.,2,4,6
WBGene00005562.,1,0,1
WBGene00005563.,1,4,5
WBGene00005564.,0,0,0
WBGene00005565.,0,0,0
WBGene00005566.,11,2,13
WBGene00005567.,0,0,0
WBGene00005568.,19,16,35
WBGene00005569.,5,16,21
WBGene00005570.,2,4,6
WBGene00005571.,0,0,0
WBGene00005572.,3,4,7
WBGene00005573.,5,4,9
WBGene00005574.,1,3,4
WBGene00005575.,12,19,31
WBGene00005576.,2,1,3
WBGene00005577.,4,20,24
WBGene00005578.,4,3,7
WBGene00005579.,16,1,17
WBGene00005580.,3,2,5
WBGene00005581.,1,2,3
WBGene00005582.,0,0,0
WBGene00005583.,1,0,1
WBGene00005584.,5,3,8
WBGene00005585.,6,11,17
WBGene00005586.,19,30,49
WBGene00005587.,3,1,4
WBGene00005588.,9,7,16
WBGene00005589.,61,11,72
WBGene00005590.,0,1,1
WBGene00005591.,11,12,23
WBGene00005592.,3,3,6
WBGene00005593.,1,1,2
WBGene00005594.,6,2,8
WBGene00005595.,10,12,22
WBGene00005596.,4,1,5
WBGene00005597.,2,2,4
WBGene00005598.,1,4,5
WBGene00005599.,0,10,10
WBGene00005600.,3,3,6
WBGene00005601.,0,1,1
WBGene00005602.,38,963,1001
WBGene00005603.,5,6,11
WBGene00005604.,15,2,17
WBGene00005605.,3,6,9
WBGene00005606.,21,18,39
WBGene00005607.,25,12,37
WBGene00005608.,7,12,19
WBGene00005609.,7,22,29
WBGene00005610.,6,9,15
WBGene00005611.,26,11,37
WBGene00005612.,10,1,11
WBGene00005613.,25,4,29
WBGene00005614.,3,2,5
WBGene00005615.,1,3,4
WBGene00005616.,14,466,480
WBGene00005617.,1,2,3
WBGene00005618.,6,2,8
WBGene00005619.,0,4,4
WBGene00005620.,245,30,275
WBGene00005621.,8,7,15
WBGene00005622.,26,66,92
WBGene00005623.,2,4,6
WBGene00005624.,5,1,6
WBGene00005625.,0,1,1
WBGene00005626.,0,0,0
WBGene00005627.,2,0,2
WBGene00005628.,2,2,4
WBGene00005629.,1,1,2
WBGene00005630.,3,0,3
WBGene00005631.,1,2,3
WBGene00005632.,4,2,6
WBGene00005633.,1,1,2
WBGene00005634.,5,0,5
WBGene00005635.,1,1,2
WBGene00005638.,6,34,40
WBGene00005639.,4,1,5
WBGene00005640.,25,68,93
WBGene00005641.,100,176,276
WBGene00005642.,6,80,86
WBGene00005643.,4,166,170
WBGene00005644.,41,423,464
WBGene00005646.,2,7,9
WBGene00005647.,170,2325,2495
WBGene00005648.,539,4787,5326
WBGene00005649.,44,126,170
WBGene00005650.,1,1,2
WBGene00005651.,0,3,3
WBGene00005652.,41,151,192
WBGene00005653.,34,457,491
WBGene00005654.,48,814,862
WBGene00005655.,499,5830,6329
WBGene00005656.,37,56,93
WBGene00005657.,28,686,714
WBGene00005658.,3,5,8
WBGene00005659.,8,13,21
WBGene00005660.,3,9,12
WBGene00005661.,1,49,50
WBGene00005662.,106,1329,1435
WBGene00005663.,710,8598,9308
WBGene00005664.,3,47,50
WBGene00005665.,2,15,17
WBGene00005666.,1,7,8
WBGene00005667.,4,4,8
WBGene00005668.,1,13,14
WBGene00005669.,2,12,14
WBGene00005670.,21,73,94
WBGene00005671.,9,7,16
WBGene00005672.,2,0,2
WBGene00005673.,2,2,4
WBGene00005674.,0,0,0
WBGene00005675.,3,2,5
WBGene00005676.,7,30,37
WBGene00005677.,13,51,64
WBGene00005678.,5,17,22
WBGene00005679.,3,2,5
WBGene00005680.,5,1,6
WBGene00005681.,1,3,4
WBGene00005682.,4,3,7
WBGene00005683.,0,5,5
WBGene00005684.,19,14,33
WBGene00005685.,4,8,12
WBGene00005686.,6,27,33
WBGene00005687.,14,31,45
WBGene00005688.,2,0,2
WBGene00005689.,6,11,17
WBGene00005690.,1,10,11
WBGene00005691.,1,3,4
WBGene00005692.,1,8,9
WBGene00005693.,0,1,1
WBGene00005694.,1,1,2
WBGene00005695.,0,0,0
WBGene00005696.,4,10,14
WBGene00005697.,0,8,8
WBGene00005698.,7,3,10
WBGene00005699.,7,6,13
WBGene00005700.,0,23,23
WBGene00005701.,8,92,100
WBGene00005702.,5,59,64
WBGene00005703.,42,958,1000
WBGene00005704.,10,5,15
WBGene00005705.,3,17,20
WBGene00005706.,0,13,13
WBGene00005707.,3,2,5
WBGene00005708.,0,0,0
WBGene00005709.,36,21,57
WBGene00005710.,31,61,92
WBGene00005711.,1,2,3
WBGene00005712.,100,308,408
WBGene00005713.,7,74,81
WBGene00005714.,6,7,13
WBGene00005715.,167,192,359
WBGene00005716.,73,265,338
WBGene00005717.,25,252,277
WBGene00005718.,38,119,157
WBGene00005719.,35,68,103
WBGene00005720.,8,13,21
WBGene00005721.,11,6,17
WBGene00005722.,20,16,36
WBGene00005723.,11,7,18
WBGene00005724.,11,13,24
WBGene00005725.,16,44,60
WBGene00005726.,52,43,95
WBGene00005727.,15,12,27
WBGene00005728.,4,0,4
WBGene00005729.,2,1,3
WBGene00005730.,2,0,2
WBGene00005731.,1,0,1
WBGene00005732.,0,1,1
WBGene00005733.,1,1,2
WBGene00005734.,3,1,4
WBGene00005735.,8,20,28
WBGene00005736.,10,18,28
WBGene00005737.,9,4,13
WBGene00005738.,3,26,29
WBGene00005739.,16,16,32
WBGene00005740.,1,20,21
WBGene00005741.,4,3,7
WBGene00005742.,10,8,18
WBGene00005743.,5,19,24
WBGene00005744.,2,8,10
WBGene00005745.,7,12,19
WBGene00005746.,1,0,1
WBGene00005747.,82,19,101
WBGene00005748.,13,38,51
WBGene00005749.,3,0,3
WBGene00005750.,2,3,5
WBGene00005751.,5,1,6
WBGene00005752.,25,60,85
WBGene00005753.,9,19,28
WBGene00005754.,6,11,17
WBGene00005755.,6,23,29
WBGene00005756.,8,61,69
WBGene00005757.,9,72,81
WBGene00005758.,3,36,39
WBGene00005759.,4,185,189
WBGene00005760.,1,2,3
WBGene00005761.,1,2,3
WBGene00005762.,2,7,9
WBGene00005763.,17,37,54
WBGene00005764.,7,53,60
WBGene00005765.,0,1,1
WBGene00005766.,9,35,44
WBGene00005767.,1,4,5
WBGene00005768.,1,0,1
WBGene00005769.,0,0,0
WBGene00005770.,0,0,0
WBGene00005771.,0,3,3
WBGene00005772.,20,30,50
WBGene00005773.,1,2,3
WBGene00005774.,1,0,1
WBGene00005775.,0,2,2
WBGene00005776.,0,1,1
WBGene00005777.,0,0,0
WBGene00005778.,2,2,4
WBGene00005779.,0,1,1
WBGene00005780.,11,13,24
WBGene00005781.,2,2,4
WBGene00005782.,2,1,3
WBGene00005783.,0,0,0
WBGene00005784.,3,8,11
WBGene00005785.,3,0,3
WBGene00005786.,8,2,10
WBGene00005787.,1,2,3
WBGene00005788.,3,4,7
WBGene00005789.,2,3,5
WBGene00005790.,0,0,0
WBGene00005791.,1,7,8
WBGene00005792.,163,1,164
WBGene00005793.,0,4,4
WBGene00005794.,4,4,8
WBGene00005795.,0,0,0
WBGene00005796.,1,0,1
WBGene00005797.,0,0,0
WBGene00005798.,1,0,1
WBGene00005799.,0,1,1
WBGene00005800.,2,1,3
WBGene00005801.,2,1,3
WBGene00005802.,1,2,3
WBGene00005803.,0,0,0
WBGene00005804.,1,1,2
WBGene00005805.,1,0,1
WBGene00005806.,1,2,3
WBGene00005807.,8,30,38
WBGene00005808.,8,22,30
WBGene00005809.,0,2,2
WBGene00005810.,5,19,24
WBGene00005811.,41,46,87
WBGene00005812.,0,1,1
WBGene00005813.,5,1,6
WBGene00005814.,10,2,12
WBGene00005815.,207,135,342
WBGene00005816.,135,201,336
WBGene00005817.,1,6,7
WBGene00005818.,181,1148,1329
WBGene00005819.,0,0,0
WBGene00005820.,7,8,15
WBGene00005821.,0,1,1
WBGene00005822.,1,1,2
WBGene00005823.,2,0,2
WBGene00005824.,3,3,6
WBGene00005825.,20,44,64
WBGene00005826.,1,12,13
WBGene00005827.,3,36,39
WBGene00005828.,3,1,4
WBGene00005829.,13,19,32
WBGene00005830.,2,5,7
WBGene00005831.,3,9,12
WBGene00005832.,199,2102,2301
WBGene00005833.,60,2494,2554
WBGene00005834.,2,33,35
WBGene00005835.,1,4,5
WBGene00005836.,7,9,16
WBGene00005837.,4,3,7
WBGene00005838.,10,17,27
WBGene00005839.,0,1,1
WBGene00005840.,3,18,21
WBGene00005841.,15,6,21
WBGene00005842.,3,8,11
WBGene00005843.,5,15,20
WBGene00005844.,1,3,4
WBGene00005845.,14,17,31
WBGene00005846.,4,1,5
WBGene00005847.,6,6,12
WBGene00005848.,25,13,38
WBGene00005849.,4,20,24
WBGene00005850.,6,10,16
WBGene00005851.,10,1,11
WBGene00005852.,4,5,9
WBGene00005853.,17,7,24
WBGene00005854.,13,5,18
WBGene00005855.,0,8,8
WBGene00005856.,3,1,4
WBGene00005857.,1,1,2
WBGene00005858.,29,4,33
WBGene00005859.,5,4,9
WBGene00005860.,2,0,2
WBGene00005861.,1,1,2
WBGene00005862.,3,1,4
WBGene00005863.,0,2,2
WBGene00005864.,2,0,2
WBGene00005865.,2,1,3
WBGene00005866.,0,0,0
WBGene00005867.,1,0,1
WBGene00005868.,0,0,0
WBGene00005869.,4,2,6
WBGene00005870.,1,0,1
WBGene00005871.,0,0,0
WBGene00005872.,1,0,1
WBGene00005873.,5,0,5
WBGene00005874.,0,1,1
WBGene00005875.,0,2,2
WBGene00005876.,6,1,7
WBGene00005877.,2,2,4
WBGene00005878.,2,0,2
WBGene00005879.,2,0,2
WBGene00005880.,2,3,5
WBGene00005881.,1,2,3
WBGene00005882.,0,2,2
WBGene00005883.,0,1,1
WBGene00005884.,0,1,1
WBGene00005885.,1,2,3
WBGene00005886.,2,10,12
WBGene00005887.,15,28,43
WBGene00005888.,2,4,6
WBGene00005889.,0,2,2
WBGene00005890.,0,1,1
WBGene00005891.,3,1,4
WBGene00005892.,4,31,35
WBGene00005893.,17,142,159
WBGene00005894.,2,7,9
WBGene00005895.,4,6,10
WBGene00005896.,2,2,4
WBGene00005897.,0,9,9
WBGene00005898.,4,16,20
WBGene00005899.,1,1,2
WBGene00005900.,7,7,14
WBGene00005901.,1,10,11
WBGene00005902.,16,31,47
WBGene00005903.,19,17,36
WBGene00005904.,11,6,17
WBGene00005905.,3,4,7
WBGene00005906.,16,30,46
WBGene00005907.,1,3,4
WBGene00005908.,9,6,15
WBGene00005909.,23,24,47
WBGene00005910.,24,86,110
WBGene00005911.,1,6,7
WBGene00005912.,0,4,4
WBGene00005913.,4,8,12
WBGene00005914.,2,5,7
WBGene00005915.,1,3,4
WBGene00005916.,2,2,4
WBGene00005917.,1,2,3
WBGene00005918.,1,0,1
WBGene00005919.,1,1,2
WBGene00005920.,2,1,3
WBGene00005921.,5,3,8
WBGene00005922.,0,0,0
WBGene00005923.,0,0,0
WBGene00005924.,3,0,3
WBGene00005925.,3,28,31
WBGene00005926.,19,101,120
WBGene00005927.,66,40,106
WBGene00005928.,9,5,14
WBGene00005929.,28,120,148
WBGene00005930.,0,0,0
WBGene00005931.,5,38,43
WBGene00005932.,58,54,112
WBGene00005933.,9,27,36
WBGene00005934.,5,50,55
WBGene00005935.,11,25,36
WBGene00005936.,68,519,587
WBGene00005937.,4,46,50
WBGene00005938.,13,65,78
WBGene00005939.,3,4,7
WBGene00005940.,3,2,5
WBGene00005941.,27,48,75
WBGene00005942.,5,1,6
WBGene00005943.,0,1,1
WBGene00005944.,0,0,0
WBGene00005945.,5,1,6
WBGene00005946.,1,1,2
WBGene00005947.,16,113,129
WBGene00005948.,0,0,0
WBGene00005949.,3,46,49
WBGene00005950.,2,2,4
WBGene00005951.,3,2,5
WBGene00005952.,6,40,46
WBGene00005953.,8,11,19
WBGene00005954.,2,0,2
WBGene00005955.,0,6,6
WBGene00005956.,1,0,1
WBGene00005957.,1,12,13
WBGene00005958.,44,199,243
WBGene00005959.,15,153,168
WBGene00005960.,4,0,4
WBGene00005961.,0,2,2
WBGene00005962.,4,5,9
WBGene00005963.,7,11,18
WBGene00005964.,7,22,29
WBGene00005965.,58,8,66
WBGene00005966.,5,3,8
WBGene00005967.,113,288,401
WBGene00005968.,4,12,16
WBGene00005969.,4,7,11
WBGene00005970.,7,23,30
WBGene00005971.,18,45,63
WBGene00005972.,11,55,66
WBGene00005973.,125,26,151
WBGene00005974.,17,31,48
WBGene00005975.,151,164,315
WBGene00005976.,4,43,47
WBGene00005977.,8,19,27
WBGene00005978.,0,0,0
WBGene00005979.,16,5,21
WBGene00005980.,19,16,35
WBGene00005981.,9,15,24
WBGene00005982.,25,27,52
WBGene00005983.,3,4,7
WBGene00005984.,0,0,0
WBGene00005985.,1,0,1
WBGene00005986.,2,13,15
WBGene00005987.,25,16,41
WBGene00005988.,9,13,22
WBGene00005989.,0,2,2
WBGene00005990.,1,3,4
WBGene00005991.,2,3,5
WBGene00005992.,0,1,1
WBGene00005993.,3,4,7
WBGene00005994.,101,0,101
WBGene00005995.,8,4,12
WBGene00005996.,1,1,2
WBGene00005997.,0,1,1
WBGene00005998.,3,5,8
WBGene00005999.,2,4,6
WBGene00006000.,1,1,2
WBGene00006001.,0,2,2
WBGene00006002.,32,130,162
WBGene00006003.,8,6,14
WBGene00006004.,9,10,19
WBGene00006005.,8,44,52
WBGene00006006.,4,33,37
WBGene00006007.,6,10,16
WBGene00006008.,8,31,39
WBGene00006009.,3,3,6
WBGene00006010.,1,11,12
WBGene00006011.,1,0,1
WBGene00006012.,6,5,11
WBGene00006013.,1,2,3
WBGene00006014.,17,20,37
WBGene00006015.,14,7,21
WBGene00006016.,23,91,114
WBGene00006017.,0,10,10
WBGene00006018.,7,35,42
WBGene00006019.,16,100,116
WBGene00006020.,10,82,92
WBGene00006021.,3,9,12
WBGene00006022.,1,6,7
WBGene00006023.,0,12,12
WBGene00006024.,5,7,12
WBGene00006025.,2,54,56
WBGene00006026.,44,133,177
WBGene00006027.,7,50,57
WBGene00006028.,3,15,18
WBGene00006029.,1,1,2
WBGene00006038.,0,0,0
WBGene00006039.,0,3,3
WBGene00006040.,0,0,0
WBGene00006044.,0,21,21
WBGene00006047.,0,0,0
WBGene00006048.,0,0,0
WBGene00006049.,0,0,0
WBGene00006050.,9,129,138
WBGene00006051.,6,63,69
WBGene00006052.,1,1,2
WBGene00006053.,0,0,0
WBGene00006055.,154,632,786
WBGene00006056.,0,3,3
WBGene00006057.,0,2,2
WBGene00006058.,1,5,6
WBGene00006059.,99,1357,1456
WBGene00006060.,3,0,3
WBGene00006061.,37,2205,2242
WBGene00006062.,504,1326,1830
WBGene00006063.,35,843,878
WBGene00006064.,184,331,515
WBGene00006065.,6,48,54
WBGene00006066.,111,2358,2469
WBGene00006067.,305,1265,1570
WBGene00006068.,43,433,476
WBGene00006069.,7,27,34
WBGene00006070.,0,0,0
WBGene00006071.,6,3,9
WBGene00006072.,5,13,18
WBGene00006073.,0,0,0
WBGene00006074.,0,0,0
WBGene00006075.,3,4,7
WBGene00006076.,0,5,5
WBGene00006077.,17,43,60
WBGene00006078.,2,2,4
WBGene00006079.,0,0,0
WBGene00006080.,7,8,15
WBGene00006081.,2,4,6
WBGene00006082.,4,2,6
WBGene00006083.,2,0,2
WBGene00006084.,10,0,10
WBGene00006085.,0,1,1
WBGene00006086.,1,21,22
WBGene00006087.,1,3,4
WBGene00006088.,2,1,3
WBGene00006089.,0,0,0
WBGene00006090.,1,4,5
WBGene00006091.,0,1,1
WBGene00006092.,1,1,2
WBGene00006093.,4,14,18
WBGene00006094.,0,0,0
WBGene00006095.,2,7,9
WBGene00006096.,3,2,5
WBGene00006097.,0,2,2
WBGene00006098.,34,12,46
WBGene00006099.,13,0,13
WBGene00006100.,2,1,3
WBGene00006101.,6,16,22
WBGene00006102.,0,3,3
WBGene00006103.,14,50,64
WBGene00006104.,0,6,6
WBGene00006105.,0,0,0
WBGene00006106.,0,1,1
WBGene00006107.,1,0,1
WBGene00006108.,3,6,9
WBGene00006109.,4,31,35
WBGene00006110.,0,0,0
WBGene00006111.,2,4,6
WBGene00006112.,16,79,95
WBGene00006113.,9,117,126
WBGene00006114.,41,21,62
WBGene00006115.,268,1,269
WBGene00006116.,5,6,11
WBGene00006117.,0,3,3
WBGene00006118.,3,3,6
WBGene00006119.,0,0,0
WBGene00006120.,1,1,2
WBGene00006121.,1,4,5
WBGene00006122.,2,30,32
WBGene00006123.,3,8,11
WBGene00006124.,4,7,11
WBGene00006125.,6,0,6
WBGene00006126.,5,10,15
WBGene00006127.,2,13,15
WBGene00006128.,0,0,0
WBGene00006129.,4,0,4
WBGene00006130.,1,1,2
WBGene00006131.,0,0,0
WBGene00006132.,1,0,1
WBGene00006133.,2,1,3
WBGene00006134.,8,2,10
WBGene00006135.,2,11,13
WBGene00006136.,1,0,1
WBGene00006137.,1,4,5
WBGene00006138.,10,25,35
WBGene00006139.,7,8,15
WBGene00006140.,160,18,178
WBGene00006141.,6,7,13
WBGene00006142.,3,2,5
WBGene00006143.,3,13,16
WBGene00006144.,0,1,1
WBGene00006145.,0,0,0
WBGene00006146.,4,15,19
WBGene00006147.,1,3,4
WBGene00006148.,4,13,17
WBGene00006149.,9,44,53
WBGene00006150.,0,5,5
WBGene00006151.,3,8,11
WBGene00006152.,5,33,38
WBGene00006153.,1,7,8
WBGene00006154.,17,16,33
WBGene00006155.,3,6,9
WBGene00006156.,2,6,8
WBGene00006157.,7,1,8
WBGene00006158.,3,2,5
WBGene00006159.,3,0,3
WBGene00006160.,0,2,2
WBGene00006161.,1,4,5
WBGene00006162.,1,3,4
WBGene00006163.,224,100,324
WBGene00006164.,7,10,17
WBGene00006165.,5,13,18
WBGene00006166.,1,0,1
WBGene00006167.,9,53,62
WBGene00006168.,3,1,4
WBGene00006169.,63,16,79
WBGene00006170.,0,0,0
WBGene00006171.,0,0,0
WBGene00006172.,26,30,56
WBGene00006173.,11,1,12
WBGene00006174.,4,4,8
WBGene00006175.,2,4,6
WBGene00006176.,3,16,19
WBGene00006177.,2,5,7
WBGene00006178.,0,0,0
WBGene00006179.,0,18,18
WBGene00006180.,5,7,12
WBGene00006181.,1,16,17
WBGene00006182.,2,6,8
WBGene00006183.,4,1,5
WBGene00006184.,2,1,3
WBGene00006185.,6,1,7
WBGene00006186.,2,2,4
WBGene00006187.,9,6,15
WBGene00006188.,4,2,6
WBGene00006189.,5,3,8
WBGene00006190.,2,7,9
WBGene00006191.,6,32,38
WBGene00006192.,11,7,18
WBGene00006193.,11,15,26
WBGene00006194.,8,19,27
WBGene00006195.,3,9,12
WBGene00006196.,7,0,7
WBGene00006197.,5,0,5
WBGene00006198.,1,6,7
WBGene00006199.,7,11,18
WBGene00006200.,0,0,0
WBGene00006201.,12,14,26
WBGene00006202.,2,0,2
WBGene00006203.,2,2,4
WBGene00006204.,4,2,6
WBGene00006205.,24,35,59
WBGene00006206.,4,6,10
WBGene00006207.,65,72,137
WBGene00006208.,29,41,70
WBGene00006209.,15,4,19
WBGene00006210.,10,9,19
WBGene00006211.,19,19,38
WBGene00006212.,11,28,39
WBGene00006213.,6,10,16
WBGene00006214.,16,6,22
WBGene00006215.,2,9,11
WBGene00006216.,5,4,9
WBGene00006217.,10,30,40
WBGene00006218.,5,8,13
WBGene00006219.,2,4,6
WBGene00006220.,35,282,317
WBGene00006221.,3,2,5
WBGene00006222.,3,2,5
WBGene00006223.,3,2,5
WBGene00006224.,4,4,8
WBGene00006225.,6,3,9
WBGene00006226.,11,80,91
WBGene00006227.,10,11,21
WBGene00006228.,4,19,23
WBGene00006229.,0,4,4
WBGene00006230.,5,2,7
WBGene00006231.,6,7,13
WBGene00006232.,1,1,2
WBGene00006233.,34,47,81
WBGene00006234.,6,13,19
WBGene00006235.,0,4,4
WBGene00006236.,0,1,1
WBGene00006237.,4,33,37
WBGene00006238.,1,1,2
WBGene00006239.,7,22,29
WBGene00006240.,0,1,1
WBGene00006241.,7,7,14
WBGene00006242.,4,1,5
WBGene00006243.,9,0,9
WBGene00006244.,1,2,3
WBGene00006245.,0,1,1
WBGene00006246.,2,2,4
WBGene00006247.,1,4,5
WBGene00006248.,0,0,0
WBGene00006249.,3,2,5
WBGene00006250.,2,2,4
WBGene00006251.,4,3,7
WBGene00006252.,3,8,11
WBGene00006253.,30,4,34
WBGene00006254.,1,0,1
WBGene00006255.,17,6,23
WBGene00006256.,5,1,6
WBGene00006257.,2,2,4
WBGene00006258.,2,32,34
WBGene00006259.,3,1,4
WBGene00006260.,4,11,15
WBGene00006261.,6,10,16
WBGene00006262.,11,3,14
WBGene00006263.,4,3,7
WBGene00006264.,1,3,4
WBGene00006265.,2,3,5
WBGene00006266.,293,1,294
WBGene00006267.,0,1,1
WBGene00006268.,2,8,10
WBGene00006269.,2,7,9
WBGene00006270.,3,4,7
WBGene00006271.,1,3,4
WBGene00006272.,5,73,78
WBGene00006273.,0,2,2
WBGene00006274.,0,0,0
WBGene00006275.,0,5,5
WBGene00006276.,0,0,0
WBGene00006277.,4,32,36
WBGene00006278.,38,84,122
WBGene00006279.,17,58,75
WBGene00006280.,3,10,13
WBGene00006281.,11,4,15
WBGene00006282.,1,1,2
WBGene00006283.,0,0,0
WBGene00006284.,0,0,0
WBGene00006285.,9,19,28
WBGene00006286.,20,12,32
WBGene00006287.,13,39,52
WBGene00006288.,4,48,52
WBGene00006289.,1,4,5
WBGene00006306.,551,1379,1930
WBGene00006307.,70,2290,2360
WBGene00006308.,14,55,69
WBGene00006309.,63,1180,1243
WBGene00006310.,120,330,450
WBGene00006311.,36,859,895
WBGene00006314.,0,0,0
WBGene00006315.,0,0,0
WBGene00006316.,0,0,0
WBGene00006318.,134,1223,1357
WBGene00006319.,34,222,256
WBGene00006321.,188,4891,5079
WBGene00006324.,31,1357,1388
WBGene00006327.,0,0,0
WBGene00006330.,0,0,0
WBGene00006331.,511,19691,20202
WBGene00006333.,0,0,0
WBGene00006334.,0,0,0
WBGene00006338.,0,0,0
WBGene00006342.,240,2885,3125
WBGene00006344.,0,0,0
WBGene00006349.,311,1360,1671
WBGene00006351.,45,1088,1133
WBGene00006352.,176,4605,4781
WBGene00006353.,57,1165,1222
WBGene00006359.,51,1432,1483
WBGene00006363.,128,514,642
WBGene00006364.,285,1225,1510
WBGene00006365.,66,423,489
WBGene00006366.,3,18,21
WBGene00006367.,0,0,0
WBGene00006368.,196,904,1100
WBGene00006369.,49,1174,1223
WBGene00006371.,100,158,258
WBGene00006372.,211,3144,3355
WBGene00006373.,115,2083,2198
WBGene00006374.,40,798,838
WBGene00006375.,29,1804,1833
WBGene00006376.,32,1286,1318
WBGene00006377.,78,854,932
WBGene00006379.,82,676,758
WBGene00006380.,9,199,208
WBGene00006381.,107,5088,5195
WBGene00006382.,1007,4521,5528
WBGene00006383.,170,487,657
WBGene00006384.,350,1688,2038
WBGene00006385.,1004,1776,2780
WBGene00006386.,209,1379,1588
WBGene00006387.,51,589,640
WBGene00006388.,75,888,963
WBGene00006389.,57,602,659
WBGene00006390.,109,1302,1411
WBGene00006391.,87,835,922
WBGene00006392.,329,4705,5034
WBGene00006393.,28,924,952
WBGene00006394.,15,166,181
WBGene00006395.,23,373,396
WBGene00006396.,844,3395,4239
WBGene00006397.,35,1305,1340
WBGene00006399.,44,4,48
WBGene00006402.,105,1039,1144
WBGene00006404.,37,312,349
WBGene00006405.,548,2737,3285
WBGene00006406.,227,3479,3706
WBGene00006407.,1377,3961,5338
WBGene00006408.,898,10237,11135
WBGene00006409.,4,14,18
WBGene00006410.,199,2322,2521
WBGene00006411.,17,162,179
WBGene00006412.,173,872,1045
WBGene00006414.,0,1142,1142
WBGene00006415.,354,3864,4218
WBGene00006416.,2,30,32
WBGene00006418.,2,64,66
WBGene00006419.,16,10,26
WBGene00006423.,621,5367,5988
WBGene00006424.,271,791,1062
WBGene00006428.,92,186,278
WBGene00006429.,0,9,9
WBGene00006430.,70,967,1037
WBGene00006431.,69,964,1033
WBGene00006432.,160,1366,1526
WBGene00006433.,415,8550,8965
WBGene00006434.,622,50038,50660
WBGene00006435.,45,390,435
WBGene00006436.,2878,64604,67482
WBGene00006437.,299,3692,3991
WBGene00006438.,458,4419,4877
WBGene00006439.,601,788548,789149
WBGene00006440.,203,1048,1251
WBGene00006441.,145,565,710
WBGene00006442.,383,2790,3173
WBGene00006443.,20,801,821
WBGene00006444.,87,2227,2314
WBGene00006445.,94,516,610
WBGene00006446.,21,534,555
WBGene00006447.,15,1251,1266
WBGene00006448.,61,1417,1478
WBGene00006449.,0,9,9
WBGene00006450.,954,3323,4277
WBGene00006452.,373,3564,3937
WBGene00006454.,29,250,279
WBGene00006459.,62,919,981
WBGene00006460.,278,7096,7374
WBGene00006461.,27,300,327
WBGene00006462.,456,1957,2413
WBGene00006463.,133,1498,1631
WBGene00006464.,65,1055,1120
WBGene00006465.,29,1935,1964
WBGene00006466.,86,504,590
WBGene00006467.,235,1683,1918
WBGene00006468.,104,440,544
WBGene00006470.,109,7746,7855
WBGene00006471.,0,2,2
WBGene00006472.,26,926,952
WBGene00006473.,12,1276,1288
WBGene00006474.,31,1666,1697
WBGene00006475.,79,470,549
WBGene00006476.,574,1620,2194
WBGene00006477.,38,182,220
WBGene00006478.,161,1317,1478
WBGene00006479.,393,4007,4400
WBGene00006481.,355,2833,3188
WBGene00006483.,496,2946,3442
WBGene00006484.,7,6,13
WBGene00006486.,79,373,452
WBGene00006487.,12,39,51
WBGene00006488.,0,2,2
WBGene00006489.,52,1838,1890
WBGene00006490.,263,1256,1519
WBGene00006491.,1,221,222
WBGene00006492.,150,750,900
WBGene00006493.,217,3164,3381
WBGene00006494.,15,1846,1861
WBGene00006495.,752,7310,8062
WBGene00006496.,674,1082,1756
WBGene00006497.,319,7703,8022
WBGene00006498.,377,1653,2030
WBGene00006499.,161,2803,2964
WBGene00006503.,40,938,978
WBGene00006504.,85,697,782
WBGene00006505.,186,481,667
WBGene00006508.,897,2410,3307
WBGene00006509.,2,2,4
WBGene00006510.,288,1692,1980
WBGene00006512.,107,3232,3339
WBGene00006513.,573,1486,2059
WBGene00006514.,40,1929,1969
WBGene00006515.,77,2615,2692
WBGene00006516.,46,737,783
WBGene00006517.,269,2505,2774
WBGene00006518.,11,1124,1135
WBGene00006519.,3870,40316,44186
WBGene00006520.,0,202,202
WBGene00006522.,21,105,126
WBGene00006523.,200,3561,3761
WBGene00006524.,202,2603,2805
WBGene00006525.,12,130,142
WBGene00006526.,17,90,107
WBGene00006527.,1093,8244,9337
WBGene00006528.,77,30019,30096
WBGene00006529.,1081,15074,16155
WBGene00006530.,5,117,122
WBGene00006531.,18,171,189
WBGene00006532.,38,72,110
WBGene00006533.,140,1049,1189
WBGene00006534.,9,15,24
WBGene00006535.,143,885,1028
WBGene00006536.,4,5510,5514
WBGene00006537.,387,30751,31138
WBGene00006538.,28,326,354
WBGene00006539.,17,137,154
WBGene00006540.,39,1463,1502
WBGene00006541.,28,205,233
WBGene00006542.,16,1065,1081
WBGene00006543.,231,1870,2101
WBGene00006544.,18,11,29
WBGene00006545.,10,49,59
WBGene00006546.,10,22,32
WBGene00006547.,0,65,65
WBGene00006549.,0,0,0
WBGene00006550.,2,2,4
WBGene00006551.,2,1,3
WBGene00006552.,9,5,14
WBGene00006553.,1,0,1
WBGene00006554.,0,0,0
WBGene00006555.,3,56,59
WBGene00006556.,4,3,7
WBGene00006557.,9,2,11
WBGene00006558.,0,0,0
WBGene00006559.,0,3,3
WBGene00006560.,0,1,1
WBGene00006561.,306,2105,2411
WBGene00006562.,93,686,779
WBGene00006563.,482,1248,1730
WBGene00006565.,35,897,932
WBGene00006566.,71,1519,1590
WBGene00006567.,37,1214,1251
WBGene00006568.,37,1343,1380
WBGene00006570.,130,2553,2683
WBGene00006571.,153,1563,1716
WBGene00006572.,175,2996,3171
WBGene00006573.,212,2158,2370
WBGene00006574.,64,4210,4274
WBGene00006575.,1085,2357,3442
WBGene00006576.,59,284,343
WBGene00006577.,253,1883,2136
WBGene00006578.,300,2667,2967
WBGene00006579.,630,6997,7627
WBGene00006580.,145,1302,1447
WBGene00006582.,458,2307,2765
WBGene00006583.,1503,50733,52236
WBGene00006584.,980,19272,20252
WBGene00006585.,131,6048,6179
WBGene00006586.,648,30418,31066
WBGene00006587.,936,21309,22245
WBGene00006588.,2096,24055,26151
WBGene00006589.,424,6794,7218
WBGene00006590.,72,791,863
WBGene00006591.,218,566,784
WBGene00006592.,94,629,723
WBGene00006593.,644,1265,1909
WBGene00006594.,973,4981,5954
WBGene00006595.,312,5656,5968
WBGene00006596.,249,573,822
WBGene00006597.,4,100,104
WBGene00006598.,1,21,22
WBGene00006599.,2384,3142,5526
WBGene00006600.,17,181,198
WBGene00006601.,136,4473,4609
WBGene00006602.,414,2267,2681
WBGene00006603.,662,3445,4107
WBGene00006604.,486,2304,2790
WBGene00006605.,134,1351,1485
WBGene00006606.,96,501,597
WBGene00006607.,249,2057,2306
WBGene00006608.,103,761,864
WBGene00006609.,116,1425,1541
WBGene00006610.,64,271,335
WBGene00006611.,6,243,249
WBGene00006612.,16,146,162
WBGene00006613.,106,2532,2638
WBGene00006614.,295,834,1129
WBGene00006615.,471,562,1033
WBGene00006616.,79,140,219
WBGene00006617.,91,3460,3551
WBGene00006618.,200,792,992
WBGene00006619.,8,81,89
WBGene00006620.,49,70,119
WBGene00006621.,137,121,258
WBGene00006622.,8,13,21
WBGene00006623.,28,105,133
WBGene00006624.,95,283,378
WBGene00006625.,4,14,18
WBGene00006626.,4,693,697
WBGene00006627.,105,1216,1321
WBGene00006628.,86,1044,1130
WBGene00006629.,55,670,725
WBGene00006630.,6,59,65
WBGene00006631.,0,15,15
WBGene00006632.,209,116,325
WBGene00006633.,254,1348,1602
WBGene00006634.,917,8536,9453
WBGene00006635.,17,685,702
WBGene00006636.,109,1337,1446
WBGene00006637.,56,691,747
WBGene00006638.,43,1594,1637
WBGene00006639.,221,289,510
WBGene00006640.,129,331,460
WBGene00006641.,134,4194,4328
WBGene00006642.,52,930,982
WBGene00006643.,56,837,893
WBGene00006644.,4,18,22
WBGene00006645.,9,22,31
WBGene00006646.,24,445,469
WBGene00006647.,230,732,962
WBGene00006648.,521,1475,1996
WBGene00006649.,99,2259,2358
WBGene00006650.,0,1792616,1792616
WBGene00006651.,15,3714,3729
WBGene00006652.,372,835,1207
WBGene00006654.,16,140,156
WBGene00006655.,25,281,306
WBGene00006656.,101,979,1080
WBGene00006657.,284,292,576
WBGene00006658.,19,76,95
WBGene00006659.,29,15,44
WBGene00006660.,151,2696,2847
WBGene00006661.,7,10,17
WBGene00006662.,282,2428,2710
WBGene00006663.,545,5949,6494
WBGene00006664.,41,302,343
WBGene00006665.,33,80,113
WBGene00006666.,16,78,94
WBGene00006667.,144,754,898
WBGene00006668.,378,525,903
WBGene00006669.,166,349,515
WBGene00006670.,14,38,52
WBGene00006671.,146,356,502
WBGene00006672.,135,4209,4344
WBGene00006673.,8,52,60
WBGene00006674.,10,59,69
WBGene00006675.,15,50,65
WBGene00006676.,43,150,193
WBGene00006677.,28,391,419
WBGene00006678.,13,43,56
WBGene00006679.,15,78,93
WBGene00006680.,59,86,145
WBGene00006681.,75,571,646
WBGene00006682.,146,468,614
WBGene00006683.,738,2867,3605
WBGene00006684.,391,295,686
WBGene00006685.,42,296,338
WBGene00006686.,80,221,301
WBGene00006687.,24,70,94
WBGene00006688.,7,10,17
WBGene00006689.,0,0,0
WBGene00006690.,47,56,103
WBGene00006691.,121,240,361
WBGene00006692.,86,559,645
WBGene00006693.,926,2750,3676
WBGene00006694.,10,12,22
WBGene00006695.,81,103,184
WBGene00006696.,148,727,875
WBGene00006697.,1202,5424,6626
WBGene00006698.,42,3439,3481
WBGene00006699.,54,2538,2592
WBGene00006700.,257,765,1022
WBGene00006701.,477,5791,6268
WBGene00006702.,395,7003,7398
WBGene00006703.,74,4083,4157
WBGene00006704.,151,7206,7357
WBGene00006705.,309,1670,1979
WBGene00006706.,20,1573,1593
WBGene00006707.,0,1932,1932
WBGene00006708.,98,3109,3207
WBGene00006709.,313,2435,2748
WBGene00006710.,484,319,803
WBGene00006711.,67,1064,1131
WBGene00006712.,111,591,702
WBGene00006713.,79,3179,3258
WBGene00006714.,164,647,811
WBGene00006715.,72,3719,3791
WBGene00006716.,58,20,78
WBGene00006717.,40,669,709
WBGene00006718.,11,37,48
WBGene00006719.,5,4,9
WBGene00006720.,75,6519,6594
WBGene00006721.,63,786,849
WBGene00006722.,65,576,641
WBGene00006723.,99,1032,1131
WBGene00006724.,89,3187,3276
WBGene00006725.,13839,201152,214991
WBGene00006726.,118,1215,1333
WBGene00006727.,268,24088,24356
WBGene00006728.,10542,177943,188485
WBGene00006729.,79,364,443
WBGene00006730.,15,10338,10353
WBGene00006731.,4,171,175
WBGene00006732.,279,2165,2444
WBGene00006733.,228,2418,2646
WBGene00006734.,39,1548,1587
WBGene00006735.,12,1012,1024
WBGene00006736.,110,1469,1579
WBGene00006737.,30,805,835
WBGene00006738.,35,2673,2708
WBGene00006739.,286,6229,6515
WBGene00006740.,38,316,354
WBGene00006741.,261,3199,3460
WBGene00006742.,1256,2845,4101
WBGene00006743.,132,307,439
WBGene00006744.,31,239,270
WBGene00006745.,707,1136,1843
WBGene00006746.,48,428,476
WBGene00006747.,854,788,1642
WBGene00006748.,30,112,142
WBGene00006749.,367,1031,1398
WBGene00006750.,227,1526,1753
WBGene00006751.,732,1601,2333
WBGene00006752.,1156,4213,5369
WBGene00006753.,953,10343,11296
WBGene00006754.,4265,146326,150591
WBGene00006755.,695,8382,9077
WBGene00006756.,5,1,6
WBGene00006757.,82,1845,1927
WBGene00006759.,2219,30781,33000
WBGene00006760.,470,2698,3168
WBGene00006761.,85,604,689
WBGene00006762.,852,4280,5132
WBGene00006763.,348,1331,1679
WBGene00006764.,1955,31761,33716
WBGene00006765.,176,468,644
WBGene00006766.,64,563,627
WBGene00006767.,744,1223,1967
WBGene00006768.,616,5618,6234
WBGene00006769.,778,1375,2153
WBGene00006770.,1435,2945,4380
WBGene00006771.,563,5902,6465
WBGene00006772.,361,2525,2886
WBGene00006773.,86,1737,1823
WBGene00006774.,70,565,635
WBGene00006775.,16,161,177
WBGene00006776.,545,2834,3379
WBGene00006777.,140,1699,1839
WBGene00006778.,76,831,907
WBGene00006779.,3115,11126,14241
WBGene00006780.,3096,39612,42708
WBGene00006781.,234,734,968
WBGene00006782.,12,361,373
WBGene00006783.,50,410,460
WBGene00006784.,1115,3019,4134
WBGene00006785.,35,287,322
WBGene00006786.,420,4241,4661
WBGene00006787.,606,4627,5233
WBGene00006788.,393,991,1384
WBGene00006789.,2289,174777,177066
WBGene00006790.,32,110,142
WBGene00006791.,360,2218,2578
WBGene00006792.,375,461,836
WBGene00006793.,105,1751,1856
WBGene00006794.,418,9916,10334
WBGene00006795.,60,1292,1352
WBGene00006796.,1008,4539,5547
WBGene00006797.,328,223,551
WBGene00006798.,1092,3871,4963
WBGene00006801.,985,9728,10713
WBGene00006802.,24,4898,4922
WBGene00006803.,485,10307,10792
WBGene00006804.,134,874,1008
WBGene00006805.,3297,9945,13242
WBGene00006807.,380,512,892
WBGene00006808.,491,3075,3566
WBGene00006809.,474,848,1322
WBGene00006810.,89,1395,1484
WBGene00006811.,449,1235,1684
WBGene00006812.,688,6133,6821
WBGene00006814.,1500,4758,6258
WBGene00006815.,828,9725,10553
WBGene00006816.,69,1815,1884
WBGene00006817.,144,3272,3416
WBGene00006818.,212,3804,4016
WBGene00006819.,1994,64953,66947
WBGene00006820.,2615,26852,29467
WBGene00006822.,74,545,619
WBGene00006823.,2293,17126,19419
WBGene00006824.,65,1951,2016
WBGene00006825.,728,9597,10325
WBGene00006826.,130,2584,2714
WBGene00006827.,6550,2821,9371
WBGene00006829.,89,571,660
WBGene00006830.,2153,1585,3738
WBGene00006831.,616,2779,3395
WBGene00006832.,130,566,696
WBGene00006833.,1121,19401,20522
WBGene00006836.,140,3142,3282
WBGene00006839.,551,3327,3878
WBGene00006840.,365,11232,11597
WBGene00006843.,238,1530,1768
WBGene00006844.,158,2547,2705
WBGene00006845.,288,2022,2310
WBGene00006852.,76,2931,3007
WBGene00006853.,15,386,401
WBGene00006856.,44,1323,1367
WBGene00006861.,613,6233,6846
WBGene00006862.,18,342,360
WBGene00006863.,232,6135,6367
WBGene00006864.,365,376,741
WBGene00006865.,32,311,343
WBGene00006868.,564,1248,1812
WBGene00006869.,66,387,453
WBGene00006870.,412,607,1019
WBGene00006873.,52,133,185
WBGene00006874.,287,4748,5035
WBGene00006875.,39,1590,1629
WBGene00006876.,3552,6842,10394
WBGene00006881.,24,278,302
WBGene00006882.,108,444,552
WBGene00006886.,124,1268,1392
WBGene00006887.,315,548,863
WBGene00006888.,68,3736,3804
WBGene00006889.,53,4641,4694
WBGene00006890.,473,9438,9911
WBGene00006893.,185,1837,2022
WBGene00006894.,17,20,37
WBGene00006895.,4,3,7
WBGene00006896.,58,713,771
WBGene00006897.,5,16,21
WBGene00006902.,0,6,6
WBGene00006910.,0,2414,2414
WBGene00006911.,108,19358,19466
WBGene00006912.,0,7063,7063
WBGene00006913.,42,5571,5613
WBGene00006914.,24,2088,2112
WBGene00006915.,86,7302,7388
WBGene00006916.,277,652,929
WBGene00006917.,56,9954,10010
WBGene00006918.,511,10362,10873
WBGene00006919.,122,9230,9352
WBGene00006920.,700,6208,6908
WBGene00006921.,5,3169,3174
WBGene00006922.,19,545,564
WBGene00006923.,3591,8790,12381
WBGene00006924.,91,17293,17384
WBGene00006925.,8,146,154
WBGene00006926.,0,5,5
WBGene00006927.,1,20,21
WBGene00006928.,0,1,1
WBGene00006929.,0,0,0
WBGene00006930.,4,10,14
WBGene00006931.,90,1796,1886
WBGene00006932.,516,3386,3902
WBGene00006933.,67,1793,1860
WBGene00006934.,242,902,1144
WBGene00006935.,38,1828,1866
WBGene00006936.,193,1668,1861
WBGene00006937.,547,3794,4341
WBGene00006938.,6,52,58
WBGene00006939.,3,21,24
WBGene00006940.,12,733,745
WBGene00006941.,736,7580,8316
WBGene00006942.,192,3421,3613
WBGene00006943.,110,1232,1342
WBGene00006944.,102,967,1069
WBGene00006945.,111,843,954
WBGene00006946.,56,806,862
WBGene00006947.,9,131,140
WBGene00006948.,4,6,10
WBGene00006949.,85,970,1055
WBGene00006950.,16,11,27
WBGene00006951.,128,1276,1404
WBGene00006952.,4,100,104
WBGene00006953.,8,3,11
WBGene00006954.,1,0,1
WBGene00006955.,66,41,107
WBGene00006956.,0,15,15
WBGene00006957.,503,3834,4337
WBGene00006958.,74,287,361
WBGene00006959.,825,51158,51983
WBGene00006960.,20,156,176
WBGene00006961.,547,8914,9461
WBGene00006962.,5,39,44
WBGene00006963.,50,1509,1559
WBGene00006964.,208,1206,1414
WBGene00006965.,3,294,297
WBGene00006966.,15,154,169
WBGene00006967.,0,94,94
WBGene00006968.,121,2163,2284
WBGene00006970.,55,1277,1332
WBGene00006971.,103,1145,1248
WBGene00006974.,26,1695,1721
WBGene00006975.,1146,8332,9478
WBGene00006976.,1363,808,2171
WBGene00006977.,35,722,757
WBGene00006978.,156,4281,4437
WBGene00006979.,0,57,57
WBGene00006980.,2,516,518
WBGene00006981.,2,493,495
WBGene00006982.,120,1729,1849
WBGene00006983.,150,1949,2099
WBGene00006984.,590,1878,2468
WBGene00006985.,400,879,1279
WBGene00006986.,466,2230,2696
WBGene00006987.,197,730,927
WBGene00006988.,97,752,849
WBGene00006993.,424,662,1086
WBGene00006994.,326,3913,4239
WBGene00006996.,54,3158,3212
WBGene00006997.,16,957,973
WBGene00006999.,1454,11409,12863
WBGene00007000.,93,3386,3479
WBGene00007001.,10,1113,1123
WBGene00007006.,130,553,683
WBGene00007007.,251,5843,6094
WBGene00007008.,134,3443,3577
WBGene00007009.,159,3112,3271
WBGene00007010.,303,3143,3446
WBGene00007011.,36,346,382
WBGene00007012.,72,933,1005
WBGene00007013.,202,684,886
WBGene00007014.,80,522,602
WBGene00007015.,11,948,959
WBGene00007016.,719,10991,11710
WBGene00007017.,410,607,1017
WBGene00007018.,104,1837,1941
WBGene00007019.,89,3067,3156
WBGene00007020.,269,1512,1781
WBGene00007021.,123,1579,1702
WBGene00007022.,305,3197,3502
WBGene00007023.,121,2549,2670
WBGene00007024.,2672,15912,18584
WBGene00007025.,293,2100,2393
WBGene00007026.,91,1282,1373
WBGene00007027.,1440,5300,6740
WBGene00007028.,103,3224,3327
WBGene00007029.,295,1941,2236
WBGene00007030.,2321,15341,17662
WBGene00007036.,30,345,375
WBGene00007041.,189,925,1114
WBGene00007042.,224,8614,8838
WBGene00007043.,14,411,425
WBGene00007044.,253,2790,3043
WBGene00007045.,10,306,316
WBGene00007047.,190,814,1004
WBGene00007048.,120,6468,6588
WBGene00007049.,13,51,64
WBGene00007050.,392,4179,4571
WBGene00007053.,283,7517,7800
WBGene00007054.,2002,3185,5187
WBGene00007055.,137,5705,5842
WBGene00007056.,101,782,883
WBGene00007057.,0,102,102
WBGene00007058.,524,7053,7577
WBGene00007059.,25,385,410
WBGene00007060.,9,13,22
WBGene00007062.,0,0,0
WBGene00007063.,158,626,784
WBGene00007064.,202,675,877
WBGene00007065.,53,756,809
WBGene00007066.,4,7,11
WBGene00007067.,109,608,717
WBGene00007068.,169,1698,1867
WBGene00007070.,12,870,882
WBGene00007071.,74,1030,1104
WBGene00007072.,27,408,435
WBGene00007073.,99,654,753
WBGene00007074.,1,8,9
WBGene00007075.,0,0,0
WBGene00007076.,0,0,0
WBGene00007077.,21,4,25
WBGene00007078.,1,0,1
WBGene00007079.,0,0,0
WBGene00007080.,3,6,9
WBGene00007081.,23,66,89
WBGene00007082.,1,21,22
WBGene00007083.,0,4,4
WBGene00007085.,0,121,121
WBGene00007087.,117,2212,2329
WBGene00007088.,94,2130,2224
WBGene00007089.,104,1115,1219
WBGene00007090.,46,1468,1514
WBGene00007091.,1085,13005,14090
WBGene00007092.,65,860,925
WBGene00007093.,10,831,841
WBGene00007094.,283,891,1174
WBGene00007096.,62,1121,1183
WBGene00007097.,17,68,85
WBGene00007099.,549,8342,8891
WBGene00007100.,25,997,1022
WBGene00007101.,59,2788,2847
WBGene00007102.,52,466,518
WBGene00007103.,728,5976,6704
WBGene00007104.,38,195,233
WBGene00007105.,47,2397,2444
WBGene00007106.,36,831,867
WBGene00007107.,317,5887,6204
WBGene00007108.,229,2294,2523
WBGene00007109.,11,656,667
WBGene00007110.,109,2408,2517
WBGene00007111.,62,1535,1597
WBGene00007112.,1277,8270,9547
WBGene00007113.,114,1734,1848
WBGene00007114.,62,266,328
WBGene00007115.,72,227,299
WBGene00007116.,55,200,255
WBGene00007117.,2,8,10
WBGene00007118.,94,1016,1110
WBGene00007119.,167,1228,1395
WBGene00007120.,0,119,119
WBGene00007121.,133,582,715
WBGene00007122.,133,5033,5166
WBGene00007123.,2,0,2
WBGene00007124.,93,481,574
WBGene00007125.,1,0,1
WBGene00007126.,91,526,617
WBGene00007127.,6,3,9
WBGene00007128.,32,237,269
WBGene00007129.,19,2503,2522
WBGene00007130.,41,160,201
WBGene00007131.,35,249,284
WBGene00007132.,17,141,158
WBGene00007133.,11,204,215
WBGene00007134.,25,20,45
WBGene00007135.,456,1816,2272
WBGene00007136.,226,2522,2748
WBGene00007137.,97,1528,1625
WBGene00007138.,49,142,191
WBGene00007139.,155,996,1151
WBGene00007140.,3,26,29
WBGene00007141.,4,11,15
WBGene00007142.,309,4406,4715
WBGene00007143.,135,3374,3509
WBGene00007144.,33,2101,2134
WBGene00007145.,17,693,710
WBGene00007146.,57,365,422
WBGene00007147.,2,5,7
WBGene00007148.,14,21,35
WBGene00007149.,6,39,45
WBGene00007150.,1,1358,1359
WBGene00007151.,16,7,23
WBGene00007152.,5,13,18
WBGene00007153.,2,47,49
WBGene00007154.,40,145,185
WBGene00007155.,847,16677,17524
WBGene00007156.,13,60,73
WBGene00007158.,0,14,14
WBGene00007159.,99,1384,1483
WBGene00007160.,7,0,7
WBGene00007161.,1,0,1
WBGene00007162.,119,462,581
WBGene00007163.,4,20,24
WBGene00007164.,1,87,88
WBGene00007165.,268,307,575
WBGene00007166.,22,1294,1316
WBGene00007167.,79,933,1012
WBGene00007168.,6,1028,1034
WBGene00007169.,7,14,21
WBGene00007170.,25,97,122
WBGene00007171.,24,465,489
WBGene00007172.,9,70,79
WBGene00007173.,0,0,0
WBGene00007174.,30,245,275
WBGene00007175.,58,2334,2392
WBGene00007176.,2595,1276,3871
WBGene00007177.,20,13,33
WBGene00007178.,6,944,950
WBGene00007179.,11,24,35
WBGene00007180.,113,1356,1469
WBGene00007181.,18,7,25
WBGene00007182.,0,3,3
WBGene00007183.,0,33,33
WBGene00007184.,283,5833,6116
WBGene00007185.,298,2958,3256
WBGene00007186.,48,1344,1392
WBGene00007187.,47,490,537
WBGene00007188.,119,1059,1178
WBGene00007189.,37,1094,1131
WBGene00007190.,9,36,45
WBGene00007191.,75,445,520
WBGene00007192.,434,11318,11752
WBGene00007193.,312,3259,3571
WBGene00007194.,11,851,862
WBGene00007195.,160,1609,1769
WBGene00007196.,224,521,745
WBGene00007197.,988,4486,5474
WBGene00007198.,4,1,5
WBGene00007199.,9,6,15
WBGene00007200.,1754,20737,22491
WBGene00007201.,0,114,114
WBGene00007202.,47,619,666
WBGene00007203.,7,426,433
WBGene00007204.,3,15,18
WBGene00007206.,0,0,0
WBGene00007207.,87,1107,1194
WBGene00007208.,0,0,0
WBGene00007209.,0,0,0
WBGene00007210.,36,62,98
WBGene00007211.,8,15,23
WBGene00007212.,36,207,243
WBGene00007213.,54,970,1024
WBGene00007214.,297,1593,1890
WBGene00007215.,112,586,698
WBGene00007216.,731,1982,2713
WBGene00007217.,244,7033,7277
WBGene00007218.,63,40,103
WBGene00007219.,118,6048,6166
WBGene00007220.,5,41,46
WBGene00007221.,85,905,990
WBGene00007222.,11,90,101
WBGene00007223.,138,2899,3037
WBGene00007224.,8,24,32
WBGene00007225.,1,36,37
WBGene00007226.,168,2994,3162
WBGene00007227.,465,10364,10829
WBGene00007228.,71,439,510
WBGene00007229.,20,23,43
WBGene00007230.,4,18,22
WBGene00007231.,8,17,25
WBGene00007232.,3,7,10
WBGene00007233.,15,181,196
WBGene00007234.,0,528,528
WBGene00007235.,368,10270,10638
WBGene00007236.,3,397,400
WBGene00007237.,133,830,963
WBGene00007238.,0,0,0
WBGene00007239.,0,1,1
WBGene00007240.,141,1423,1564
WBGene00007241.,74,576,650
WBGene00007242.,73,1193,1266
WBGene00007243.,0,56,56
WBGene00007244.,0,10,10
WBGene00007245.,2,4,6
WBGene00007246.,1,24,25
WBGene00007247.,48,354,402
WBGene00007248.,3,16,19
WBGene00007249.,3,7,10
WBGene00007250.,1,5,6
WBGene00007251.,0,4,4
WBGene00007252.,81,383,464
WBGene00007253.,41,184,225
WBGene00007254.,12,146,158
WBGene00007255.,14,211,225
WBGene00007256.,1053,4611,5664
WBGene00007257.,590,1849,2439
WBGene00007258.,104,1172,1276
WBGene00007259.,2,2,4
WBGene00007260.,835,970,1805
WBGene00007261.,255,2343,2598
WBGene00007262.,8,25,33
WBGene00007264.,5,14,19
WBGene00007265.,0,8,8
WBGene00007266.,37,420,457
WBGene00007267.,44,648,692
WBGene00007268.,12,39,51
WBGene00007269.,5,2,7
WBGene00007270.,70,2238,2308
WBGene00007271.,53,131,184
WBGene00007273.,70,45,115
WBGene00007274.,8,90,98
WBGene00007275.,235,339,574
WBGene00007277.,42,215,257
WBGene00007278.,41,291,332
WBGene00007279.,3,3,6
WBGene00007281.,4,154,158
WBGene00007282.,6,17,23
WBGene00007283.,0,0,0
WBGene00007284.,239,927,1166
WBGene00007285.,38,294,332
WBGene00007286.,40,509,549
WBGene00007287.,28,534,562
WBGene00007288.,75,833,908
WBGene00007289.,2,3,5
WBGene00007290.,0,2,2
WBGene00007291.,0,1,1
WBGene00007292.,1,2,3
WBGene00007293.,0,3,3
WBGene00007294.,1,0,1
WBGene00007295.,76,572,648
WBGene00007296.,74,1302,1376
WBGene00007297.,26,307,333
WBGene00007299.,10,419,429
WBGene00007300.,0,0,0
WBGene00007301.,734223,53,734276
WBGene00007302.,80,1440,1520
WBGene00007303.,5,32,37
WBGene00007304.,282,1878,2160
WBGene00007305.,8,32,40
WBGene00007306.,1,0,1
WBGene00007307.,0,6,6
WBGene00007308.,0,7,7
WBGene00007309.,7,12,19
WBGene00007310.,8,19,27
WBGene00007311.,27,0,27
WBGene00007312.,25,723,748
WBGene00007313.,10,43,53
WBGene00007314.,16,37,53
WBGene00007315.,4,3,7
WBGene00007316.,234,1335,1569
WBGene00007317.,35,2172,2207
WBGene00007319.,1,4,5
WBGene00007320.,0,8,8
WBGene00007321.,36,541,577
WBGene00007322.,10,32,42
WBGene00007323.,2,5,7
WBGene00007324.,289,2523,2812
WBGene00007325.,4,18,22
WBGene00007326.,33,60,93
WBGene00007327.,31,53,84
WBGene00007328.,15,41,56
WBGene00007329.,232,1782,2014
WBGene00007330.,209,4000,4209
WBGene00007331.,550,3649,4199
WBGene00007332.,0,247,247
WBGene00007333.,60,1047,1107
WBGene00007334.,144,2488,2632
WBGene00007335.,19,11,30
WBGene00007336.,269,4949,5218
WBGene00007337.,1,6,7
WBGene00007338.,108,394,502
WBGene00007339.,5,63,68
WBGene00007340.,53,284,337
WBGene00007341.,0,0,0
WBGene00007342.,0,5,5
WBGene00007343.,34,377,411
WBGene00007344.,7,24,31
WBGene00007345.,99,1011,1110
WBGene00007346.,15,88,103
WBGene00007347.,115,476,591
WBGene00007348.,105,634,739
WBGene00007349.,72,785,857
WBGene00007350.,373,7323,7696
WBGene00007351.,58,149,207
WBGene00007352.,174,2399,2573
WBGene00007353.,218,2655,2873
WBGene00007354.,7,124,131
WBGene00007355.,0,3072,3072
WBGene00007356.,0,1,1
WBGene00007357.,119,708,827
WBGene00007358.,10,224,234
WBGene00007359.,9,13,22
WBGene00007360.,66,38,104
WBGene00007361.,131,19,150
WBGene00007362.,137,673,810
WBGene00007363.,89,2701,2790
WBGene00007364.,48,117,165
WBGene00007365.,4018,107238,111256
WBGene00007366.,1119,6888,8007
WBGene00007367.,5,83,88
WBGene00007368.,6,81,87
WBGene00007369.,0,2,2
WBGene00007370.,10,11,21
WBGene00007372.,55,347,402
WBGene00007373.,0,0,0
WBGene00007374.,9,33,42
WBGene00007375.,28,88,116
WBGene00007376.,2,7,9
WBGene00007377.,9,51,60
WBGene00007378.,30,49,79
WBGene00007379.,10,2,12
WBGene00007380.,5,8,13
WBGene00007381.,5,11,16
WBGene00007382.,6,73,79
WBGene00007383.,5,12,17
WBGene00007384.,6,114,120
WBGene00007385.,3021,39077,42098
WBGene00007386.,108,1393,1501
WBGene00007387.,126,535,661
WBGene00007388.,56,602,658
WBGene00007389.,55,441,496
WBGene00007390.,21,3644,3665
WBGene00007391.,1,47,48
WBGene00007392.,17,775,792
WBGene00007393.,24,502,526
WBGene00007394.,38,128,166
WBGene00007395.,366,1885,2251
WBGene00007396.,48,303,351
WBGene00007397.,12,172,184
WBGene00007398.,8,339,347
WBGene00007399.,20,29,49
WBGene00007400.,35,1695,1730
WBGene00007401.,6,13,19
WBGene00007402.,30,338,368
WBGene00007403.,81,1012,1093
WBGene00007404.,128,685,813
WBGene00007405.,192,1608,1800
WBGene00007406.,23,19,42
WBGene00007407.,7,36,43
WBGene00007408.,29,1293,1322
WBGene00007409.,258,1403,1661
WBGene00007410.,56,51,107
WBGene00007411.,16,273,289
WBGene00007412.,67,1547,1614
WBGene00007413.,327,2905,3232
WBGene00007414.,294,3510,3804
WBGene00007415.,5,40,45
WBGene00007416.,85,317,402
WBGene00007417.,30,527,557
WBGene00007418.,4,25,29
WBGene00007419.,117,1078,1195
WBGene00007420.,0,36,36
WBGene00007421.,98,1370,1468
WBGene00007422.,41,277,318
WBGene00007423.,2,4,6
WBGene00007424.,17,215,232
WBGene00007425.,3,91,94
WBGene00007426.,5,26,31
WBGene00007427.,20,5,25
WBGene00007428.,178,2510,2688
WBGene00007429.,196,2169,2365
WBGene00007430.,18,490,508
WBGene00007431.,25,258,283
WBGene00007432.,9,11,20
WBGene00007433.,345,6430,6775
WBGene00007434.,7,895,902
WBGene00007435.,10,271,281
WBGene00007436.,6,1134,1140
WBGene00007437.,14,84,98
WBGene00007438.,3,4,7
WBGene00007439.,4,22,26
WBGene00007440.,197,2062,2259
WBGene00007441.,0,5,5
WBGene00007442.,0,1,1
WBGene00007443.,339,5638,5977
WBGene00007444.,59,1002,1061
WBGene00007445.,62,1497,1559
WBGene00007446.,5,4,9
WBGene00007447.,0,2,2
WBGene00007448.,4,16,20
WBGene00007449.,97,1651,1748
WBGene00007450.,43,441,484
WBGene00007451.,0,14,14
WBGene00007452.,22,345,367
WBGene00007453.,6,252,258
WBGene00007454.,6,27,33
WBGene00007455.,15,57,72
WBGene00007456.,7,11,18
WBGene00007457.,0,6,6
WBGene00007458.,2,3,5
WBGene00007459.,0,0,0
WBGene00007460.,59,6620,6679
WBGene00007461.,8,2,10
WBGene00007462.,18,69,87
WBGene00007463.,31,5350,5381
WBGene00007464.,18,353,371
WBGene00007465.,1,12,13
WBGene00007466.,1,18,19
WBGene00007467.,0,26,26
WBGene00007468.,3,1,4
WBGene00007469.,4,10,14
WBGene00007470.,0,4,4
WBGene00007471.,4,6,10
WBGene00007472.,2,13,15
WBGene00007473.,0,5,5
WBGene00007474.,30,555,585
WBGene00007475.,0,0,0
WBGene00007476.,12,3465,3477
WBGene00007478.,8,9,17
WBGene00007479.,7,17,24
WBGene00007480.,283,847,1130
WBGene00007481.,0,0,0
WBGene00007482.,20,165,185
WBGene00007483.,9,82,91
WBGene00007484.,6,139,145
WBGene00007485.,26,23,49
WBGene00007486.,322,465,787
WBGene00007487.,30,435,465
WBGene00007488.,461,1567,2028
WBGene00007489.,8,31,39
WBGene00007490.,94,677,771
WBGene00007492.,464,3907,4371
WBGene00007493.,22,1261,1283
WBGene00007494.,3,4,7
WBGene00007495.,199,911,1110
WBGene00007496.,8,1,9
WBGene00007497.,1,0,1
WBGene00007499.,487,737,1224
WBGene00007500.,235,3417,3652
WBGene00007502.,94,285,379
WBGene00007503.,14,50,64
WBGene00007504.,5,440,445
WBGene00007505.,765,3321,4086
WBGene00007506.,34,123,157
WBGene00007507.,2,14,16
WBGene00007508.,1,17,18
WBGene00007509.,2,1,3
WBGene00007511.,92,1374,1466
WBGene00007512.,4,5,9
WBGene00007513.,208,1522,1730
WBGene00007514.,121,2912,3033
WBGene00007515.,6,374,380
WBGene00007516.,68,4303,4371
WBGene00007517.,131,5061,5192
WBGene00007518.,33,132,165
WBGene00007520.,75,803,878
WBGene00007521.,12,23,35
WBGene00007522.,146,582,728
WBGene00007523.,14,3,17
WBGene00007525.,45,869,914
WBGene00007528.,37,348,385
WBGene00007529.,54,530,584
WBGene00007530.,11,30,41
WBGene00007531.,52,690,742
WBGene00007533.,16,109,125
WBGene00007534.,147,13568,13715
WBGene00007535.,0,32,32
WBGene00007536.,14,155,169
WBGene00007537.,57,4444,4501
WBGene00007538.,7,43,50
WBGene00007539.,0,0,0
WBGene00007540.,3,11,14
WBGene00007541.,14,1453,1467
WBGene00007542.,2,40,42
WBGene00007543.,0,21,21
WBGene00007544.,26,899,925
WBGene00007545.,309,824,1133
WBGene00007546.,68,746,814
WBGene00007547.,163,1544,1707
WBGene00007548.,88,556,644
WBGene00007549.,38,361,399
WBGene00007550.,38,168,206
WBGene00007551.,43,1074,1117
WBGene00007552.,6,13,19
WBGene00007553.,4,1187,1191
WBGene00007554.,269,3194,3463
WBGene00007555.,17,27076,27093
WBGene00007556.,61,453,514
WBGene00007557.,52,893,945
WBGene00007558.,64,795,859
WBGene00007559.,1,3,4
WBGene00007560.,5,13,18
WBGene00007561.,44,1385,1429
WBGene00007562.,170,791,961
WBGene00007563.,10,124,134
WBGene00007564.,2,857,859
WBGene00007565.,5,91,96
WBGene00007567.,0,0,0
WBGene00007569.,2,1,3
WBGene00007570.,6,1,7
WBGene00007571.,0,0,0
WBGene00007572.,7,7,14
WBGene00007573.,11,1170,1181
WBGene00007574.,72,6201,6273
WBGene00007576.,188,3189,3377
WBGene00007577.,221,1592,1813
WBGene00007578.,4,778,782
WBGene00007579.,77,1383,1460
WBGene00007580.,21,437,458
WBGene00007581.,43,1043,1086
WBGene00007583.,242,594,836
WBGene00007584.,5,25,30
WBGene00007585.,49,499,548
WBGene00007586.,99,13722,13821
WBGene00007587.,35,2095,2130
WBGene00007588.,54,3477,3531
WBGene00007589.,8,371,379
WBGene00007590.,214,2499,2713
WBGene00007591.,61,775,836
WBGene00007592.,550,4616,5166
WBGene00007593.,281,1218,1499
WBGene00007594.,18,707,725
WBGene00007595.,21,166,187
WBGene00007597.,78,127,205
WBGene00007598.,3,26,29
WBGene00007599.,366,2090,2456
WBGene00007600.,1,31,32
WBGene00007601.,1,9,10
WBGene00007602.,549,2138,2687
WBGene00007603.,65,482,547
WBGene00007604.,18,1301,1319
WBGene00007605.,5,168,173
WBGene00007606.,53,1309,1362
WBGene00007607.,17,323,340
WBGene00007608.,20,209,229
WBGene00007609.,32,2390,2422
WBGene00007610.,1,5,6
WBGene00007611.,3,21,24
WBGene00007613.,0,4,4
WBGene00007614.,230,569,799
WBGene00007615.,31,610,641
WBGene00007616.,151,1829,1980
WBGene00007617.,659,18944,19603
WBGene00007618.,3,6,9
WBGene00007619.,227,935,1162
WBGene00007620.,1962,2643,4605
WBGene00007621.,351,4073,4424
WBGene00007622.,87,235,322
WBGene00007623.,131,2230,2361
WBGene00007624.,13,992,1005
WBGene00007625.,87,1893,1980
WBGene00007626.,62,1680,1742
WBGene00007627.,52,1964,2016
WBGene00007628.,327,6129,6456
WBGene00007629.,31,236,267
WBGene00007630.,9,5778,5787
WBGene00007631.,25,11,36
WBGene00007632.,4,39,43
WBGene00007633.,33,42,75
WBGene00007635.,237,368,605
WBGene00007637.,275,168,443
WBGene00007638.,0,0,0
WBGene00007639.,4,33,37
WBGene00007640.,343,1061,1404
WBGene00007641.,1,10,11
WBGene00007642.,4,41,45
WBGene00007643.,54,388,442
WBGene00007644.,16,212,228
WBGene00007645.,700,3526,4226
WBGene00007646.,189,4083,4272
WBGene00007647.,1247,8760,10007
WBGene00007648.,3,48,51
WBGene00007649.,3,54,57
WBGene00007650.,137,1153,1290
WBGene00007651.,134,1338,1472
WBGene00007652.,72,781,853
WBGene00007653.,83,2304,2387
WBGene00007654.,13,27,40
WBGene00007655.,159,1,160
WBGene00007656.,3,38,41
WBGene00007657.,7,10,17
WBGene00007658.,11,21,32
WBGene00007659.,0,8,8
WBGene00007660.,3,16,19
WBGene00007661.,1,1,2
WBGene00007662.,1,2,3
WBGene00007664.,168,1474,1642
WBGene00007666.,311,2835,3146
WBGene00007667.,38,430,468
WBGene00007668.,53,980,1033
WBGene00007669.,3,11,14
WBGene00007670.,38,185,223
WBGene00007672.,24,138,162
WBGene00007673.,0,0,0
WBGene00007674.,7,1,8
WBGene00007675.,61,353,414
WBGene00007676.,3,0,3
WBGene00007677.,8,159,167
WBGene00007678.,2,0,2
WBGene00007679.,66,1739,1805
WBGene00007680.,260,2006,2266
WBGene00007681.,220,1265,1485
WBGene00007682.,6,105,111
WBGene00007683.,627,10869,11496
WBGene00007684.,535,7459,7994
WBGene00007685.,162,2682,2844
WBGene00007686.,16,1107,1123
WBGene00007687.,14,76,90
WBGene00007688.,2,10,12
WBGene00007689.,118,3919,4037
WBGene00007690.,440,641,1081
WBGene00007691.,5,26,31
WBGene00007692.,7,131,138
WBGene00007693.,10,5,15
WBGene00007694.,21,306,327
WBGene00007695.,14,148,162
WBGene00007696.,35,1838,1873
WBGene00007697.,51,698,749
WBGene00007698.,64,1078,1142
WBGene00007699.,0,0,0
WBGene00007700.,0,0,0
WBGene00007701.,4,6,10
WBGene00007702.,124,537,661
WBGene00007703.,1137,3343,4480
WBGene00007704.,31,216,247
WBGene00007705.,15,1698,1713
WBGene00007707.,37,2744,2781
WBGene00007708.,0,0,0
WBGene00007709.,31,3570,3601
WBGene00007710.,44,1482,1526
WBGene00007711.,21,2299,2320
WBGene00007712.,6,1779,1785
WBGene00007713.,0,12,12
WBGene00007714.,0,1,1
WBGene00007715.,0,0,0
WBGene00007716.,2,36,38
WBGene00007717.,16,57,73
WBGene00007718.,0,2611,2611
WBGene00007719.,0,2,2
WBGene00007720.,4,879,883
WBGene00007721.,1,4,5
WBGene00007722.,73,1077,1150
WBGene00007723.,24,104,128
WBGene00007724.,235,32,267
WBGene00007725.,61,803,864
WBGene00007726.,33,174,207
WBGene00007727.,2,2,4
WBGene00007728.,17,105,122
WBGene00007729.,9,29,38
WBGene00007730.,106,6478,6584
WBGene00007731.,11,947,958
WBGene00007732.,2,339,341
WBGene00007733.,0,21,21
WBGene00007734.,7,28,35
WBGene00007735.,5,2,7
WBGene00007736.,76,1771,1847
WBGene00007739.,55,35,90
WBGene00007740.,4,3,7
WBGene00007741.,63,155,218
WBGene00007742.,22,40,62
WBGene00007743.,73,668,741
WBGene00007744.,302,565,867
WBGene00007745.,153,1041,1194
WBGene00007746.,48,601,649
WBGene00007747.,1,8,9
WBGene00007748.,42,305,347
WBGene00007749.,56,1880,1936
WBGene00007750.,47,413,460
WBGene00007751.,39,101,140
WBGene00007752.,548,2897,3445
WBGene00007753.,64,276,340
WBGene00007754.,16,31,47
WBGene00007755.,26,137,163
WBGene00007756.,220,1098,1318
WBGene00007757.,124,399,523
WBGene00007758.,49,340,389
WBGene00007759.,2,4,6
WBGene00007760.,43,826,869
WBGene00007761.,501,4440,4941
WBGene00007762.,21,1596,1617
WBGene00007763.,33,168,201
WBGene00007764.,258,1902,2160
WBGene00007765.,66,472,538
WBGene00007766.,12,500,512
WBGene00007767.,0,0,0
WBGene00007768.,16,0,16
WBGene00007769.,2,1,3
WBGene00007770.,0,0,0
WBGene00007771.,9,275,284
WBGene00007772.,97,1184,1281
WBGene00007773.,3,2,5
WBGene00007774.,81,939,1020
WBGene00007775.,179,342,521
WBGene00007776.,106,1018,1124
WBGene00007777.,5,11,16
WBGene00007778.,17,76,93
WBGene00007779.,82,878,960
WBGene00007780.,29,443,472
WBGene00007784.,49,3355,3404
WBGene00007785.,32,2814,2846
WBGene00007786.,193,8447,8640
WBGene00007787.,24,2362,2386
WBGene00007788.,42,528,570
WBGene00007789.,46,391,437
WBGene00007791.,17,95,112
WBGene00007792.,0,6,6
WBGene00007793.,0,7,7
WBGene00007794.,2,6,8
WBGene00007795.,0,0,0
WBGene00007796.,35,377,412
WBGene00007797.,54,451,505
WBGene00007798.,3,6,9
WBGene00007799.,454,1045,1499
WBGene00007800.,26,84,110
WBGene00007801.,300,890,1190
WBGene00007802.,12,4,16
WBGene00007804.,0,17,17
WBGene00007805.,1,1,2
WBGene00007806.,2,2,4
WBGene00007807.,57,335,392
WBGene00007808.,29,58,87
WBGene00007809.,15,136,151
WBGene00007810.,68,443,511
WBGene00007811.,233,4270,4503
WBGene00007812.,319,3247,3566
WBGene00007813.,21,59,80
WBGene00007816.,460,595,1055
WBGene00007817.,465,1351,1816
WBGene00007818.,128,194,322
WBGene00007819.,4,306,310
WBGene00007820.,62,299,361
WBGene00007821.,30,66,96
WBGene00007822.,6,1,7
WBGene00007823.,13,25,38
WBGene00007824.,1580,8782,10362
WBGene00007825.,34,644,678
WBGene00007826.,19,1613,1632
WBGene00007827.,258,3821,4079
WBGene00007829.,8,3,11
WBGene00007831.,0,5,5
WBGene00007832.,0,17,17
WBGene00007833.,2,12,14
WBGene00007834.,6,51,57
WBGene00007835.,23,84,107
WBGene00007836.,6,1587,1593
WBGene00007837.,59,787,846
WBGene00007838.,2,54,56
WBGene00007840.,193,329,522
WBGene00007841.,113,3609,3722
WBGene00007842.,0,20,20
WBGene00007844.,83,159,242
WBGene00007846.,46,794,840
WBGene00007847.,29,725,754
WBGene00007848.,626,13445,14071
WBGene00007849.,174,577,751
WBGene00007850.,6,2,8
WBGene00007851.,1,1,2
WBGene00007852.,0,0,0
WBGene00007853.,4,18,22
WBGene00007854.,48,207,255
WBGene00007855.,0,2996,2996
WBGene00007856.,22,439,461
WBGene00007857.,18,198,216
WBGene00007858.,15,148,163
WBGene00007859.,50,726,776
WBGene00007860.,872,3253,4125
WBGene00007861.,3,34,37
WBGene00007862.,306,820,1126
WBGene00007863.,13,16,29
WBGene00007864.,8,9,17
WBGene00007865.,5,3,8
WBGene00007866.,8,130,138
WBGene00007867.,47,954,1001
WBGene00007868.,6,404,410
WBGene00007869.,2,11,13
WBGene00007870.,3,0,3
WBGene00007871.,0,0,0
WBGene00007872.,0,0,0
WBGene00007873.,0,0,0
WBGene00007874.,0,0,0
WBGene00007875.,47,1113,1160
WBGene00007876.,1,1,2
WBGene00007877.,559,5788,6347
WBGene00007878.,613,1689,2302
WBGene00007880.,2403,17185,19588
WBGene00007881.,125,4974,5099
WBGene00007882.,119,5060,5179
WBGene00007883.,287,10908,11195
WBGene00007885.,10,63,73
WBGene00007886.,213,1605,1818
WBGene00007887.,4,2,6
WBGene00007888.,3,19,22
WBGene00007889.,4,0,4
WBGene00007890.,182,1950,2132
WBGene00007891.,5,26,31
WBGene00007892.,292,666,958
WBGene00007893.,10,10,20
WBGene00007894.,4,12,16
WBGene00007895.,6,8,14
WBGene00007896.,72,143,215
WBGene00007897.,6,24,30
WBGene00007898.,13,225,238
WBGene00007899.,263,968,1231
WBGene00007900.,381,2643,3024
WBGene00007901.,24,494,518
WBGene00007902.,0,101,101
WBGene00007903.,4,34,38
WBGene00007904.,28,212,240
WBGene00007905.,8,17,25
WBGene00007906.,68,780,848
WBGene00007907.,1076,2835,3911
WBGene00007908.,312,1066,1378
WBGene00007909.,68,126,194
WBGene00007910.,6,16,22
WBGene00007911.,64,1318,1382
WBGene00007912.,91,1660,1751
WBGene00007913.,21,97,118
WBGene00007914.,104,1731,1835
WBGene00007916.,6,257,263
WBGene00007917.,76,896,972
WBGene00007918.,42,1209,1251
WBGene00007919.,1683,16130,17813
WBGene00007920.,0,0,0
WBGene00007921.,230,2989,3219
WBGene00007922.,289,867,1156
WBGene00007923.,205,2901,3106
WBGene00007924.,200,4958,5158
WBGene00007925.,25,161,186
WBGene00007926.,45,90,135
WBGene00007927.,100,1182,1282
WBGene00007928.,10,113,123
WBGene00007929.,78,242,320
WBGene00007931.,272,3198,3470
WBGene00007932.,278,1288,1566
WBGene00007933.,33,571,604
WBGene00007934.,107,1161,1268
WBGene00007935.,94,171,265
WBGene00007937.,41,307,348
WBGene00007938.,2,53,55
WBGene00007939.,36,476,512
WBGene00007941.,37,227,264
WBGene00007942.,29,1591,1620
WBGene00007943.,34,556,590
WBGene00007944.,176,1123,1299
WBGene00007945.,43,436,479
WBGene00007946.,47,202,249
WBGene00007947.,19,38,57
WBGene00007948.,63,61,124
WBGene00007949.,5,62,67
WBGene00007950.,329,1500,1829
WBGene00007951.,230,541,771
WBGene00007952.,42,2155,2197
WBGene00007953.,158,687,845
WBGene00007954.,16,33,49
WBGene00007955.,64,4436,4500
WBGene00007956.,79,800,879
WBGene00007957.,14,156,170
WBGene00007958.,1138,6245,7383
WBGene00007959.,154,1224,1378
WBGene00007960.,1,4,5
WBGene00007961.,0,6,6
WBGene00007962.,1,3,4
WBGene00007963.,14,132,146
WBGene00007964.,122,2091,2213
WBGene00007965.,36,623,659
WBGene00007966.,25,318,343
WBGene00007967.,22,459,481
WBGene00007969.,29,2673,2702
WBGene00007970.,71,791,862
WBGene00007971.,175,3034,3209
WBGene00007972.,116,882,998
WBGene00007973.,76,1583,1659
WBGene00007974.,93,1266,1359
WBGene00007975.,132,1478,1610
WBGene00007976.,54,720,774
WBGene00007977.,2,11,13
WBGene00007978.,74,926,1000
WBGene00007979.,54,1257,1311
WBGene00007980.,293,12277,12570
WBGene00007981.,122,2721,2843
WBGene00007982.,219,958,1177
WBGene00007983.,93,466,559
WBGene00007984.,104,1415,1519
WBGene00007985.,299,983,1282
WBGene00007986.,1,6,7
WBGene00007987.,0,1,1
WBGene00007988.,12,47,59
WBGene00007989.,3,127,130
WBGene00007990.,1,181,182
WBGene00007991.,87,504,591
WBGene00007992.,2,22,24
WBGene00007993.,79,3312,3391
WBGene00007994.,55,216,271
WBGene00007995.,3,1,4
WBGene00007996.,5,0,5
WBGene00007997.,23,88,111
WBGene00007998.,2,1,3
WBGene00007999.,5,13,18
WBGene00008000.,111,2563,2674
WBGene00008001.,2,3,5
WBGene00008002.,57,358,415
WBGene00008003.,14,304,318
WBGene00008005.,78,1022,1100
WBGene00008006.,262,1723,1985
WBGene00008007.,7,93,100
WBGene00008008.,218,847,1065
WBGene00008009.,21,13,34
WBGene00008010.,18,120,138
WBGene00008012.,0,8,8
WBGene00008013.,4,11,15
WBGene00008014.,23,119,142
WBGene00008015.,8,1,9
WBGene00008016.,1,3,4
WBGene00008017.,11,102,113
WBGene00008018.,242,815,1057
WBGene00008019.,53,792,845
WBGene00008020.,6,258,264
WBGene00008021.,14,158,172
WBGene00008022.,38,187,225
WBGene00008023.,4,153,157
WBGene00008024.,1,12,13
WBGene00008025.,6,150,156
WBGene00008026.,11,13,24
WBGene00008027.,189,2725,2914
WBGene00008028.,40,639,679
WBGene00008029.,0,4,4
WBGene00008030.,0,4,4
WBGene00008031.,19,94,113
WBGene00008032.,889,8122,9011
WBGene00008033.,672,1202,1874
WBGene00008034.,447,6451,6898
WBGene00008035.,55,2037,2092
WBGene00008036.,0,0,0
WBGene00008037.,57,328,385
WBGene00008038.,8,56,64
WBGene00008039.,17,166,183
WBGene00008040.,778,13038,13816
WBGene00008041.,187,4576,4763
WBGene00008042.,17,150,167
WBGene00008043.,15,166,181
WBGene00008044.,35,393,428
WBGene00008045.,253,288,541
WBGene00008047.,48,174,222
WBGene00008048.,0,2,2
WBGene00008050.,29,469,498
WBGene00008051.,108,719,827
WBGene00008052.,175,2880,3055
WBGene00008053.,40,2137,2177
WBGene00008054.,17,6,23
WBGene00008055.,6,22,28
WBGene00008056.,2,1,3
WBGene00008057.,1,7,8
WBGene00008058.,0,0,0
WBGene00008059.,0,0,0
WBGene00008060.,0,0,0
WBGene00008061.,18,374,392
WBGene00008062.,49,801,850
WBGene00008063.,0,24,24
WBGene00008064.,577,274,851
WBGene00008065.,54,260,314
WBGene00008066.,0,72,72
WBGene00008067.,0,1,1
WBGene00008068.,1,3,4
WBGene00008069.,0,1,1
WBGene00008070.,3,587,590
WBGene00008071.,9,1,10
WBGene00008072.,3,23,26
WBGene00008073.,1,339,340
WBGene00008074.,5,27,32
WBGene00008075.,6,70,76
WBGene00008076.,46,382,428
WBGene00008077.,5,23,28
WBGene00008078.,52,429,481
WBGene00008079.,13,39,52
WBGene00008080.,7,168,175
WBGene00008081.,387,1375,1762
WBGene00008082.,129,726,855
WBGene00008083.,12,11,23
WBGene00008084.,2,23,25
WBGene00008085.,35,868,903
WBGene00008086.,1,37,38
WBGene00008087.,4,1,5
WBGene00008088.,0,6,6
WBGene00008089.,645,6363,7008
WBGene00008090.,0,0,0
WBGene00008091.,5,18,23
WBGene00008092.,0,6,6
WBGene00008093.,70,117,187
WBGene00008094.,448,577,1025
WBGene00008095.,12,167,179
WBGene00008096.,4,314,318
WBGene00008097.,13,466,479
WBGene00008098.,21,37,58
WBGene00008099.,5,53,58
WBGene00008100.,207,1510,1717
WBGene00008101.,21,330,351
WBGene00008102.,3,101,104
WBGene00008104.,0,0,0
WBGene00008105.,5,17,22
WBGene00008106.,4,3,7
WBGene00008107.,30,1262,1292
WBGene00008110.,136,2764,2900
WBGene00008111.,14,35,49
WBGene00008112.,11,14,25
WBGene00008113.,7,15,22
WBGene00008114.,17,138,155
WBGene00008117.,51,3846,3897
WBGene00008118.,224,1520,1744
WBGene00008119.,568,3377,3945
WBGene00008120.,341,1486,1827
WBGene00008121.,199,2956,3155
WBGene00008122.,0,10,10
WBGene00008123.,29,554,583
WBGene00008124.,3,6,9
WBGene00008125.,0,1,1
WBGene00008126.,8,12,20
WBGene00008127.,175,772,947
WBGene00008128.,11,124,135
WBGene00008129.,9,22,31
WBGene00008130.,36,1257,1293
WBGene00008131.,95,1413,1508
WBGene00008132.,3639,620,4259
WBGene00008133.,223,328,551
WBGene00008134.,109,692,801
WBGene00008135.,0,0,0
WBGene00008136.,82,1611,1693
WBGene00008137.,1,131,132
WBGene00008138.,3,63,66
WBGene00008139.,51,2255,2306
WBGene00008140.,702,868,1570
WBGene00008141.,2,10,12
WBGene00008142.,139,2047,2186
WBGene00008143.,109,1847,1956
WBGene00008144.,47,552,599
WBGene00008145.,204,1320,1524
WBGene00008146.,18,49,67
WBGene00008147.,174,2147,2321
WBGene00008148.,43,495,538
WBGene00008149.,183,6494,6677
WBGene00008150.,11,12,23
WBGene00008151.,224,5859,6083
WBGene00008152.,107,2219,2326
WBGene00008153.,19,21,40
WBGene00008154.,7,14,21
WBGene00008155.,120,570,690
WBGene00008156.,8,26,34
WBGene00008157.,10,49,59
WBGene00008158.,13,5,18
WBGene00008159.,1,0,1
WBGene00008160.,1,2,3
WBGene00008161.,1,0,1
WBGene00008162.,2,0,2
WBGene00008163.,1,1,2
WBGene00008164.,69,2700,2769
WBGene00008165.,35,1588,1623
WBGene00008166.,59,1217,1276
WBGene00008167.,35,177,212
WBGene00008168.,27,567,594
WBGene00008169.,14,430,444
WBGene00008170.,89,1533,1622
WBGene00008171.,29,423,452
WBGene00008172.,11,450,461
WBGene00008173.,16,870,886
WBGene00008174.,90,769,859
WBGene00008175.,1,26,27
WBGene00008176.,13,138,151
WBGene00008177.,215,1819,2034
WBGene00008178.,240,125,365
WBGene00008179.,0,0,0
WBGene00008180.,9,30,39
WBGene00008183.,1673,3291,4964
WBGene00008184.,2,21,23
WBGene00008185.,38,14,52
WBGene00008186.,13,16,29
WBGene00008187.,11,16,27
WBGene00008188.,8,14,22
WBGene00008190.,7,5,12
WBGene00008191.,250,12253,12503
WBGene00008192.,0,1,1
WBGene00008193.,7,75,82
WBGene00008194.,163,1450,1613
WBGene00008195.,170,1429,1599
WBGene00008196.,0,174,174
WBGene00008197.,91,1293,1384
WBGene00008198.,28,2671,2699
WBGene00008199.,15,174,189
WBGene00008200.,17,207,224
WBGene00008201.,4,10,14
WBGene00008202.,2,197,199
WBGene00008203.,20,115,135
WBGene00008204.,47,1055,1102
WBGene00008205.,841,8013,8854
WBGene00008206.,204,1213,1417
WBGene00008207.,4,29,33
WBGene00008208.,29,218,247
WBGene00008209.,12,37,49
WBGene00008210.,13,169,182
WBGene00008211.,524,20332,20856
WBGene00008212.,8,82,90
WBGene00008213.,72,926,998
WBGene00008214.,176,904,1080
WBGene00008215.,12,859,871
WBGene00008216.,22,49,71
WBGene00008217.,0,0,0
WBGene00008218.,25,2117,2142
WBGene00008219.,19,1733,1752
WBGene00008220.,9,436,445
WBGene00008221.,42,462,504
WBGene00008222.,20,206,226
WBGene00008223.,10,4,14
WBGene00008224.,687,6938,7625
WBGene00008225.,153,6949,7102
WBGene00008226.,468,4321,4789
WBGene00008227.,396,2384,2780
WBGene00008228.,30,1342,1372
WBGene00008229.,560,18128,18688
WBGene00008230.,113,518,631
WBGene00008231.,3,13,16
WBGene00008232.,34,813,847
WBGene00008233.,12,1037,1049
WBGene00008234.,14,275,289
WBGene00008235.,26,174,200
WBGene00008236.,36,461,497
WBGene00008237.,161,1295,1456
WBGene00008238.,33,1323,1356
WBGene00008239.,55,1003,1058
WBGene00008240.,4,13,17
WBGene00008241.,1,4,5
WBGene00008242.,1,20,21
WBGene00008243.,0,3,3
WBGene00008244.,1,5,6
WBGene00008245.,3,58,61
WBGene00008246.,16,263,279
WBGene00008247.,81,45,126
WBGene00008248.,10,78,88
WBGene00008249.,43,38,81
WBGene00008250.,26,56,82
WBGene00008251.,90,137,227
WBGene00008252.,11,78,89
WBGene00008253.,1,42,43
WBGene00008254.,176,578,754
WBGene00008255.,385,4063,4448
WBGene00008256.,59,268,327
WBGene00008257.,3,69,72
WBGene00008258.,32,1014,1046
WBGene00008259.,0,9,9
WBGene00008260.,21,226,247
WBGene00008261.,16,100,116
WBGene00008262.,829,58205,59034
WBGene00008263.,95,152,247
WBGene00008265.,266,495,761
WBGene00008266.,46,1375,1421
WBGene00008267.,9,255,264
WBGene00008268.,2,0,2
WBGene00008269.,6,54,60
WBGene00008270.,313,278,591
WBGene00008271.,22,15,37
WBGene00008272.,173,195,368
WBGene00008273.,94,648,742
WBGene00008274.,766,7092,7858
WBGene00008275.,79,1051,1130
WBGene00008277.,29,14,43
WBGene00008278.,232,269,501
WBGene00008279.,30,1,31
WBGene00008280.,24,125,149
WBGene00008281.,49,846,895
WBGene00008282.,9,1,10
WBGene00008283.,56,693,749
WBGene00008284.,45,302,347
WBGene00008285.,9,8,17
WBGene00008286.,6,0,6
WBGene00008287.,67,387,454
WBGene00008288.,85,1057,1142
WBGene00008289.,2,0,2
WBGene00008290.,1,2,3
WBGene00008291.,1,1,2
WBGene00008292.,2,2,4
WBGene00008293.,1,0,1
WBGene00008294.,1,22,23
WBGene00008295.,0,0,0
WBGene00008296.,202,2029,2231
WBGene00008297.,2,3,5
WBGene00008298.,5992,115546,121538
WBGene00008299.,4,5,9
WBGene00008300.,10,313,323
WBGene00008301.,33,181,214
WBGene00008302.,16,134,150
WBGene00008303.,56,241,297
WBGene00008304.,87,2012,2099
WBGene00008306.,0,11,11
WBGene00008307.,384,568,952
WBGene00008308.,3,4,7
WBGene00008309.,51,749,800
WBGene00008310.,121,1159,1280
WBGene00008311.,201,3994,4195
WBGene00008312.,11,10,21
WBGene00008313.,2,17,19
WBGene00008314.,85,187,272
WBGene00008315.,103,776,879
WBGene00008316.,40,295,335
WBGene00008317.,155,1977,2132
WBGene00008318.,8,699,707
WBGene00008319.,0,1,1
WBGene00008320.,42,215,257
WBGene00008321.,1,1,2
WBGene00008322.,0,6,6
WBGene00008323.,14,412,426
WBGene00008324.,0,37,37
WBGene00008325.,14,21,35
WBGene00008326.,0,1,1
WBGene00008327.,1,10,11
WBGene00008328.,11,2,13
WBGene00008330.,23,1339,1362
WBGene00008331.,320,4100,4420
WBGene00008332.,69,668,737
WBGene00008333.,24,505,529
WBGene00008334.,120,833,953
WBGene00008335.,82,1563,1645
WBGene00008336.,13,270,283
WBGene00008337.,1,2,3
WBGene00008338.,294,3660,3954
WBGene00008339.,80,1835,1915
WBGene00008340.,15,127,142
WBGene00008341.,52,4465,4517
WBGene00008342.,126,282,408
WBGene00008343.,19,2912,2931
WBGene00008344.,208,2451,2659
WBGene00008345.,108,3186,3294
WBGene00008346.,95,586,681
WBGene00008348.,204,720,924
WBGene00008349.,14,160,174
WBGene00008350.,4,15,19
WBGene00008351.,0,4,4
WBGene00008352.,54,1269,1323
WBGene00008353.,6,465,471
WBGene00008354.,21,173,194
WBGene00008355.,21,131,152
WBGene00008356.,3,9293,9296
WBGene00008357.,3,3643,3646
WBGene00008358.,33,8077,8110
WBGene00008359.,22,4797,4819
WBGene00008360.,1,3118,3119
WBGene00008361.,65,941,1006
WBGene00008362.,104,3012,3116
WBGene00008363.,23,762,785
WBGene00008364.,24,869,893
WBGene00008365.,13,38,51
WBGene00008366.,1441,6116,7557
WBGene00008367.,1,3,4
WBGene00008368.,335,1619,1954
WBGene00008369.,139,227,366
WBGene00008370.,166,1218,1384
WBGene00008371.,221,2773,2994
WBGene00008372.,25,172,197
WBGene00008373.,5,4,9
WBGene00008374.,3,0,3
WBGene00008375.,15,1746,1761
WBGene00008376.,15,41,56
WBGene00008377.,2,7,9
WBGene00008378.,0,8,8
WBGene00008379.,28,485,513
WBGene00008380.,94,1498,1592
WBGene00008381.,4,0,4
WBGene00008382.,27,277,304
WBGene00008383.,3,12,15
WBGene00008384.,5,302,307
WBGene00008385.,49,1273,1322
WBGene00008386.,274,4480,4754
WBGene00008387.,61,586,647
WBGene00008388.,110,1833,1943
WBGene00008389.,785,18174,18959
WBGene00008390.,34,159,193
WBGene00008392.,530,3279,3809
WBGene00008393.,1,7,8
WBGene00008394.,0,3,3
WBGene00008395.,262,3306,3568
WBGene00008396.,0,75,75
WBGene00008397.,0,0,0
WBGene00008398.,1110,14587,15697
WBGene00008399.,129,1421,1550
WBGene00008400.,160,1837,1997
WBGene00008401.,26,48,74
WBGene00008402.,53,2211,2264
WBGene00008403.,75,758,833
WBGene00008404.,32,1229,1261
WBGene00008405.,24,1793,1817
WBGene00008407.,419,1125,1544
WBGene00008408.,40,1126,1166
WBGene00008409.,33,1117,1150
WBGene00008410.,55,1276,1331
WBGene00008411.,53,1198,1251
WBGene00008412.,269,2672,2941
WBGene00008413.,46,1296,1342
WBGene00008414.,392,14522,14914
WBGene00008415.,153,7452,7605
WBGene00008417.,46,1061,1107
WBGene00008418.,61,594,655
WBGene00008419.,1209,7482,8691
WBGene00008420.,351,2743,3094
WBGene00008421.,591,3677,4268
WBGene00008422.,45,1469,1514
WBGene00008423.,6,86,92
WBGene00008424.,18,322,340
WBGene00008425.,49,663,712
WBGene00008426.,26,147,173
WBGene00008427.,18,110,128
WBGene00008428.,41,1036,1077
WBGene00008429.,129,1511,1640
WBGene00008430.,561,3124,3685
WBGene00008431.,174,812,986
WBGene00008432.,61,595,656
WBGene00008433.,7,118,125
WBGene00008434.,9,258,267
WBGene00008435.,226,1868,2094
WBGene00008436.,231,4341,4572
WBGene00008438.,1241,3351,4592
WBGene00008439.,850,8123,8973
WBGene00008440.,6,297,303
WBGene00008441.,271,528,799
WBGene00008442.,302,973,1275
WBGene00008443.,2472,1443,3915
WBGene00008444.,1429,3120,4549
WBGene00008446.,544,9849,10393
WBGene00008447.,35,524,559
WBGene00008448.,3,35,38
WBGene00008449.,13,69,82
WBGene00008450.,44,1805,1849
WBGene00008451.,13,63,76
WBGene00008452.,184,4945,5129
WBGene00008453.,451,3386,3837
WBGene00008454.,30,1914,1944
WBGene00008455.,429,7856,8285
WBGene00008456.,5,413,418
WBGene00008457.,58,363,421
WBGene00008458.,76,1017,1093
WBGene00008459.,47,712,759
WBGene00008460.,84,65,149
WBGene00008462.,53,687,740
WBGene00008463.,0,32,32
WBGene00008464.,0,0,0
WBGene00008465.,167,2,169
WBGene00008468.,31,33,64
WBGene00008470.,1,1,2
WBGene00008471.,2,4,6
WBGene00008472.,9,3,12
WBGene00008473.,3,0,3
WBGene00008474.,0,6,6
WBGene00008475.,9,6,15
WBGene00008476.,102,320,422
WBGene00008477.,4,1932,1936
WBGene00008478.,0,8,8
WBGene00008479.,1,1,2
WBGene00008480.,90,4901,4991
WBGene00008481.,46,269,315
WBGene00008482.,3,29,32
WBGene00008483.,6,26,32
WBGene00008484.,8,1235,1243
WBGene00008485.,8,94,102
WBGene00008486.,48,3104,3152
WBGene00008487.,19,32,51
WBGene00008488.,18,249,267
WBGene00008489.,34,67,101
WBGene00008490.,21,383,404
WBGene00008491.,71,115,186
WBGene00008492.,20,384,404
WBGene00008493.,2,14,16
WBGene00008494.,5,12,17
WBGene00008495.,67,1751,1818
WBGene00008496.,23,25,48
WBGene00008497.,8,3,11
WBGene00008498.,39,259,298
WBGene00008499.,216,2255,2471
WBGene00008500.,50,73,123
WBGene00008501.,0,0,0
WBGene00008502.,177,1729,1906
WBGene00008503.,41,1455,1496
WBGene00008504.,23,858,881
WBGene00008505.,672,93763,94435
WBGene00008506.,38,5976,6014
WBGene00008507.,8,11,19
WBGene00008508.,5,39,44
WBGene00008509.,10,1008,1018
WBGene00008510.,267,2727,2994
WBGene00008511.,18,27,45
WBGene00008512.,6,10,16
WBGene00008513.,154,1568,1722
WBGene00008514.,58,2906,2964
WBGene00008515.,106,768,874
WBGene00008516.,10,204,214
WBGene00008517.,18,240,258
WBGene00008518.,46,35,81
WBGene00008519.,90,502,592
WBGene00008520.,79,33,112
WBGene00008521.,252,3866,4118
WBGene00008522.,7,1695,1702
WBGene00008523.,3,0,3
WBGene00008524.,15,10,25
WBGene00008526.,2,10,12
WBGene00008527.,1,1,2
WBGene00008528.,104,974,1078
WBGene00008529.,11,29,40
WBGene00008530.,347,7256,7603
WBGene00008531.,256,1411,1667
WBGene00008532.,131,2642,2773
WBGene00008533.,217,1077,1294
WBGene00008534.,4,0,4
WBGene00008535.,2,17,19
WBGene00008536.,3,3,6
WBGene00008537.,44,26,70
WBGene00008538.,909,10308,11217
WBGene00008539.,7,7,14
WBGene00008540.,11,4,15
WBGene00008541.,4,16,20
WBGene00008542.,24,477,501
WBGene00008543.,25,251,276
WBGene00008545.,28,31,59
WBGene00008546.,82,835,917
WBGene00008547.,238,697,935
WBGene00008548.,101,1024,1125
WBGene00008549.,865,9031,9896
WBGene00008550.,10,38,48
WBGene00008551.,3,26,29
WBGene00008552.,0,4,4
WBGene00008553.,3,108,111
WBGene00008554.,38,1094,1132
WBGene00008555.,2557,4530,7087
WBGene00008556.,34,24,58
WBGene00008557.,41,194,235
WBGene00008558.,7,100,107
WBGene00008559.,6,44,50
WBGene00008560.,1,3,4
WBGene00008561.,13,149,162
WBGene00008563.,4,1179,1183
WBGene00008564.,67,757,824
WBGene00008565.,118,126,244
WBGene00008566.,11,18,29
WBGene00008567.,4,41,45
WBGene00008568.,39,52,91
WBGene00008569.,40,932,972
WBGene00008570.,867,1201,2068
WBGene00008571.,152,293,445
WBGene00008572.,2095,57763,59858
WBGene00008574.,4,2,6
WBGene00008575.,3,2,5
WBGene00008576.,0,3203,3203
WBGene00008577.,0,2784,2784
WBGene00008578.,70,358,428
WBGene00008579.,73,536,609
WBGene00008580.,44,394,438
WBGene00008581.,3,34,37
WBGene00008582.,158,2820,2978
WBGene00008583.,184,207,391
WBGene00008584.,8,130,138
WBGene00008585.,66,579,645
WBGene00008586.,116,2499,2615
WBGene00008587.,23,394,417
WBGene00008588.,26,358,384
WBGene00008589.,150,943,1093
WBGene00008590.,0,17,17
WBGene00008591.,109,14828,14937
WBGene00008592.,0,372,372
WBGene00008593.,1,15,16
WBGene00008594.,11,214,225
WBGene00008595.,14,112,126
WBGene00008596.,25,281,306
WBGene00008597.,29,202,231
WBGene00008598.,25,11,36
WBGene00008599.,24,177,201
WBGene00008600.,425,152,577
WBGene00008601.,3114,4874,7988
WBGene00008602.,163,1289,1452
WBGene00008603.,145,1564,1709
WBGene00008604.,106,901,1007
WBGene00008605.,19,12,31
WBGene00008606.,65,560,625
WBGene00008607.,427,4795,5222
WBGene00008609.,7,42,49
WBGene00008610.,153,3368,3521
WBGene00008611.,0,5,5
WBGene00008612.,40,4,44
WBGene00008613.,18,164,182
WBGene00008615.,26,294,320
WBGene00008616.,20,222,242
WBGene00008617.,30,98,128
WBGene00008618.,1,42,43
WBGene00008619.,0,8,8
WBGene00008620.,1,14,15
WBGene00008621.,27,73,100
WBGene00008622.,239,3152,3391
WBGene00008623.,236,63,299
WBGene00008624.,212,1686,1898
WBGene00008625.,54,306,360
WBGene00008626.,39,534,573
WBGene00008627.,5,5,10
WBGene00008628.,519,60685,61204
WBGene00008629.,7,95,102
WBGene00008630.,2,25,27
WBGene00008631.,1,2,3
WBGene00008632.,1,38,39
WBGene00008633.,1,34,35
WBGene00008634.,2,140,142
WBGene00008635.,4,3,7
WBGene00008636.,1,4,5
WBGene00008637.,0,0,0
WBGene00008638.,0,2,2
WBGene00008639.,22,364,386
WBGene00008640.,4,24,28
WBGene00008641.,20,492,512
WBGene00008642.,13,1912,1925
WBGene00008643.,6,107,113
WBGene00008644.,20,144,164
WBGene00008645.,23,1246,1269
WBGene00008646.,44,618,662
WBGene00008647.,4,13,17
WBGene00008648.,196,1749,1945
WBGene00008649.,5,18,23
WBGene00008650.,3,5,8
WBGene00008651.,3,10,13
WBGene00008652.,19,82,101
WBGene00008654.,114,344,458
WBGene00008655.,3,50,53
WBGene00008656.,20,336,356
WBGene00008657.,4,8,12
WBGene00008658.,1,4,5
WBGene00008659.,2,14,16
WBGene00008660.,0,44,44
WBGene00008661.,4,1,5
WBGene00008662.,50,330,380
WBGene00008663.,18,726,744
WBGene00008664.,19,3086,3105
WBGene00008665.,7737,2434,10171
WBGene00008666.,291,2313,2604
WBGene00008667.,171,1148,1319
WBGene00008669.,36,416,452
WBGene00008670.,264,910,1174
WBGene00008671.,0,28,28
WBGene00008672.,0,13,13
WBGene00008673.,6,4,10
WBGene00008675.,0,0,0
WBGene00008676.,2,5,7
WBGene00008677.,55,439,494
WBGene00008678.,0,19,19
WBGene00008679.,3,42,45
WBGene00008680.,12,94,106
WBGene00008681.,95,818,913
WBGene00008682.,123,4395,4518
WBGene00008683.,170,1924,2094
WBGene00008684.,45,573,618
WBGene00008685.,136,944,1080
WBGene00008686.,80,731,811
WBGene00008687.,27,724,751
WBGene00008688.,262,3909,4171
WBGene00008690.,170,1137,1307
WBGene00008691.,13,652,665
WBGene00008692.,33,163,196
WBGene00008693.,9,233,242
WBGene00008694.,246,1743,1989
WBGene00008695.,30,79,109
WBGene00008696.,2,1,3
WBGene00008698.,3,5,8
WBGene00008699.,0,0,0
WBGene00008700.,0,0,0
WBGene00008701.,2,1,3
WBGene00008702.,1,0,1
WBGene00008703.,0,1,1
WBGene00008706.,913,3666,4579
WBGene00008707.,28,5857,5885
WBGene00008708.,11,4,15
WBGene00008709.,52,359,411
WBGene00008710.,20,1200,1220
WBGene00008711.,467,988,1455
WBGene00008712.,28,836,864
WBGene00008713.,41,133,174
WBGene00008714.,58,178,236
WBGene00008716.,2,4,6
WBGene00008717.,0,1,1
WBGene00008719.,3,26,29
WBGene00008720.,217,2326,2543
WBGene00008722.,43,1046,1089
WBGene00008723.,6,14,20
WBGene00008724.,2,5,7
WBGene00008725.,2,4,6
WBGene00008726.,260,2593,2853
WBGene00008727.,17,70,87
WBGene00008728.,8,20,28
WBGene00008729.,273,7030,7303
WBGene00008730.,50,164,214
WBGene00008731.,79,195,274
WBGene00008732.,19,2,21
WBGene00008733.,81,1141,1222
WBGene00008734.,3,18,21
WBGene00008735.,367,900,1267
WBGene00008736.,13,96,109
WBGene00008737.,1,32,33
WBGene00008739.,22,209,231
WBGene00008740.,11,875,886
WBGene00008741.,212,3051,3263
WBGene00008742.,76,931,1007
WBGene00008743.,8,98,106
WBGene00008744.,229,2154,2383
WBGene00008745.,221,6352,6573
WBGene00008746.,172,753,925
WBGene00008747.,14,335,349
WBGene00008748.,68,2706,2774
WBGene00008749.,53,439,492
WBGene00008750.,634,1213,1847
WBGene00008751.,0,8,8
WBGene00008752.,0,3,3
WBGene00008753.,2,3,5
WBGene00008754.,2,4,6
WBGene00008755.,15,53,68
WBGene00008757.,2,403,405
WBGene00008758.,5,35,40
WBGene00008759.,0,2,2
WBGene00008760.,58,1392,1450
WBGene00008761.,28,364,392
WBGene00008762.,3,552,555
WBGene00008763.,46,136,182
WBGene00008764.,24,1074,1098
WBGene00008765.,92,1963,2055
WBGene00008766.,284,3149,3433
WBGene00008767.,34,1609,1643
WBGene00008768.,377,4113,4490
WBGene00008769.,47,2005,2052
WBGene00008770.,60,963,1023
WBGene00008772.,1,6,7
WBGene00008773.,208,3745,3953
WBGene00008774.,33,610,643
WBGene00008775.,163,964,1127
WBGene00008776.,29,151,180
WBGene00008777.,1491,8196,9687
WBGene00008778.,4,10,14
WBGene00008779.,150,561,711
WBGene00008780.,261,2280,2541
WBGene00008781.,132,1478,1610
WBGene00008782.,1,10,11
WBGene00008783.,358,2431,2789
WBGene00008784.,2,14,16
WBGene00008785.,10,30,40
WBGene00008786.,2,4,6
WBGene00008787.,32,296,328
WBGene00008788.,1,4,5
WBGene00008789.,11,51,62
WBGene00008790.,1,0,1
WBGene00008791.,27,314,341
WBGene00008792.,0,3,3
WBGene00008793.,10,30,40
WBGene00008794.,0,4,4
WBGene00008795.,7,125,132
WBGene00008796.,3,5,8
WBGene00008797.,1,3,4
WBGene00008798.,4,144,148
WBGene00008799.,6,51,57
WBGene00008800.,111,2922,3033
WBGene00008801.,11,13,24
WBGene00008802.,59,512,571
WBGene00008803.,979,5217,6196
WBGene00008804.,4,5,9
WBGene00008805.,44,807,851
WBGene00008806.,25,486,511
WBGene00008807.,16,34,50
WBGene00008808.,25,56,81
WBGene00008809.,70,47,117
WBGene00008810.,2039,11984,14023
WBGene00008811.,39,79,118
WBGene00008812.,34,247,281
WBGene00008813.,1,23,24
WBGene00008814.,6,25,31
WBGene00008815.,1,0,1
WBGene00008816.,2,2,4
WBGene00008817.,0,0,0
WBGene00008818.,0,5,5
WBGene00008819.,455,1117,1572
WBGene00008820.,42,4542,4584
WBGene00008821.,11,36,47
WBGene00008822.,5,8,13
WBGene00008823.,1,3,4
WBGene00008824.,5,4,9
WBGene00008825.,0,2,2
WBGene00008826.,3,14,17
WBGene00008827.,2,4,6
WBGene00008828.,0,0,0
WBGene00008829.,1,4,5
WBGene00008830.,2,160,162
WBGene00008831.,144,1162,1306
WBGene00008832.,372,4660,5032
WBGene00008833.,5,675,680
WBGene00008834.,8,241,249
WBGene00008835.,9,529,538
WBGene00008837.,19,16,35
WBGene00008838.,16,55,71
WBGene00008839.,1,8,9
WBGene00008840.,4,638,642
WBGene00008841.,6672,77528,84200
WBGene00008842.,7,41,48
WBGene00008843.,0,1,1
WBGene00008844.,1,2,3
WBGene00008847.,4,11,15
WBGene00008848.,13,779,792
WBGene00008849.,51,55,106
WBGene00008850.,8,13,21
WBGene00008851.,28,110,138
WBGene00008852.,1235,3423,4658
WBGene00008853.,5,4,9
WBGene00008854.,17,3,20
WBGene00008855.,5,7,12
WBGene00008856.,833,2027,2860
WBGene00008857.,43,29361,29404
WBGene00008858.,13,42,55
WBGene00008859.,6,2551,2557
WBGene00008860.,254,2501,2755
WBGene00008861.,56,1553,1609
WBGene00008862.,16,63,79
WBGene00008863.,3,14,17
WBGene00008865.,41,1481,1522
WBGene00008866.,15,13,28
WBGene00008868.,230,458,688
WBGene00008869.,9,52,61
WBGene00008870.,1,4,5
WBGene00008871.,9,30,39
WBGene00008872.,5,4,9
WBGene00008873.,3,3,6
WBGene00008874.,27,91,118
WBGene00008875.,9,60,69
WBGene00008876.,560,2705,3265
WBGene00008877.,81,841,922
WBGene00008878.,2906,4628,7534
WBGene00008879.,66,184,250
WBGene00008880.,67,593,660
WBGene00008881.,1,1,2
WBGene00008882.,71,1212,1283
WBGene00008883.,6,79,85
WBGene00008884.,7,19,26
WBGene00008885.,65,568,633
WBGene00008886.,1205,5444,6649
WBGene00008887.,70,1452,1522
WBGene00008889.,7,12,19
WBGene00008890.,75,372,447
WBGene00008891.,0,57,57
WBGene00008892.,2,9,11
WBGene00008893.,7,1,8
WBGene00008894.,13,6,19
WBGene00008897.,65,661,726
WBGene00008898.,4,0,4
WBGene00008899.,28,2,30
WBGene00008900.,55,622,677
WBGene00008901.,1511,20,1531
WBGene00008902.,33,82,115
WBGene00008903.,5,22,27
WBGene00008904.,0,15,15
WBGene00008905.,54,926,980
WBGene00008906.,0,4,4
WBGene00008907.,1,2,3
WBGene00008908.,4,4,8
WBGene00008909.,1,0,1
WBGene00008910.,222,4550,4772
WBGene00008911.,0,0,0
WBGene00008912.,6,155,161
WBGene00008914.,15,9702,9717
WBGene00008915.,602,34385,34987
WBGene00008916.,204,373,577
WBGene00008917.,33,243,276
WBGene00008918.,7,624,631
WBGene00008919.,267,3621,3888
WBGene00008920.,15836,173314,189150
WBGene00008921.,109,1483,1592
WBGene00008922.,839,17618,18457
WBGene00008923.,371,950,1321
WBGene00008924.,77,457,534
WBGene00008925.,180,2577,2757
WBGene00008926.,621,8761,9382
WBGene00008927.,331,1710,2041
WBGene00008928.,3,4,7
WBGene00008929.,38,201,239
WBGene00008930.,485,3640,4125
WBGene00008932.,638,1049,1687
WBGene00008933.,7,46,53
WBGene00008934.,241,2601,2842
WBGene00008935.,24,61,85
WBGene00008936.,13,102,115
WBGene00008937.,1,19,20
WBGene00008939.,293,2489,2782
WBGene00008940.,178,1328,1506
WBGene00008941.,139,1,140
WBGene00008942.,2,3,5
WBGene00008943.,3,1,4
WBGene00008944.,6,119,125
WBGene00008945.,4,89,93
WBGene00008946.,10,3,13
WBGene00008947.,9,3,12
WBGene00008948.,220,3326,3546
WBGene00008949.,3,35,38
WBGene00008950.,1,2,3
WBGene00008951.,304,1583,1887
WBGene00008952.,105,465,570
WBGene00008953.,108,394,502
WBGene00008954.,13,136,149
WBGene00008955.,21,36,57
WBGene00008956.,48,215,263
WBGene00008957.,28,410,438
WBGene00008958.,0,1,1
WBGene00008959.,0,1,1
WBGene00008960.,1,2,3
WBGene00008961.,12,1408,1420
WBGene00008963.,27,780,807
WBGene00008964.,78,151,229
WBGene00008965.,16,14,30
WBGene00008966.,0,0,0
WBGene00008967.,1,5,6
WBGene00008968.,19,200,219
WBGene00008969.,293,1623,1916
WBGene00008970.,0,643,643
WBGene00008971.,99,3659,3758
WBGene00008972.,5,3,8
WBGene00008973.,35,2398,2433
WBGene00008974.,230,1969,2199
WBGene00008975.,53,2508,2561
WBGene00008976.,1,62,63
WBGene00008977.,30,202,232
WBGene00008978.,36,381,417
WBGene00008979.,44,861,905
WBGene00008980.,100,2743,2843
WBGene00008981.,0,0,0
WBGene00008982.,0,0,0
WBGene00008983.,3,2,5
WBGene00008984.,0,2,2
WBGene00008985.,37,272,309
WBGene00008986.,96,735,831
WBGene00008987.,60,403,463
WBGene00008988.,24,59,83
WBGene00008989.,57,465,522
WBGene00008990.,141,2446,2587
WBGene00008991.,150,80,230
WBGene00008992.,0,44,44
WBGene00008993.,73,551,624
WBGene00008994.,4,107,111
WBGene00008995.,203,686,889
WBGene00008996.,45,268,313
WBGene00008997.,147,247,394
WBGene00008998.,73,457,530
WBGene00008999.,1404,5585,6989
WBGene00009000.,33,199,232
WBGene00009001.,5,9,14
WBGene00009002.,69,1397,1466
WBGene00009004.,579,16331,16910
WBGene00009005.,47,28,75
WBGene00009006.,17,526,543
WBGene00009007.,43,1245,1288
WBGene00009008.,63,355,418
WBGene00009009.,7,248,255
WBGene00009010.,82,1737,1819
WBGene00009011.,40,1371,1411
WBGene00009012.,89,2693,2782
WBGene00009013.,57,2011,2068
WBGene00009014.,1,46,47
WBGene00009015.,29,47,76
WBGene00009016.,16,3,19
WBGene00009017.,0,0,0
WBGene00009018.,22,181,203
WBGene00009019.,0,11,11
WBGene00009020.,3,137,140
WBGene00009021.,1,3,4
WBGene00009023.,71,583,654
WBGene00009024.,3,3,6
WBGene00009025.,91,523,614
WBGene00009026.,10,160,170
WBGene00009027.,88,664,752
WBGene00009028.,62,286,348
WBGene00009029.,38,57,95
WBGene00009030.,87,647,734
WBGene00009031.,7,76,83
WBGene00009032.,6,8,14
WBGene00009033.,54,721,775
WBGene00009035.,35,338,373
WBGene00009036.,0,1,1
WBGene00009038.,43,2,45
WBGene00009039.,7,9,16
WBGene00009041.,1,13,14
WBGene00009042.,12,411,423
WBGene00009043.,0,1,1
WBGene00009044.,4,11,15
WBGene00009045.,23,1469,1492
WBGene00009046.,0,1,1
WBGene00009047.,0,2,2
WBGene00009048.,16,1129,1145
WBGene00009049.,73,2169,2242
WBGene00009050.,998,30682,31680
WBGene00009051.,250,4650,4900
WBGene00009052.,139,2021,2160
WBGene00009054.,169,1459,1628
WBGene00009055.,156,1044,1200
WBGene00009056.,81,904,985
WBGene00009057.,142,504,646
WBGene00009058.,92,2123,2215
WBGene00009059.,42,313,355
WBGene00009060.,142,365,507
WBGene00009061.,9,42,51
WBGene00009063.,2,7,9
WBGene00009064.,54,511,565
WBGene00009065.,579,2259,2838
WBGene00009067.,0,10,10
WBGene00009068.,51,527,578
WBGene00009069.,0,677,677
WBGene00009070.,3613,80,3693
WBGene00009071.,4,19,23
WBGene00009073.,33,18,51
WBGene00009075.,15,29,44
WBGene00009076.,0,4,4
WBGene00009077.,3,86,89
WBGene00009078.,441,2057,2498
WBGene00009079.,0,4,4
WBGene00009081.,103,2224,2327
WBGene00009082.,17,3971,3988
WBGene00009084.,71,3188,3259
WBGene00009085.,11,24,35
WBGene00009086.,3,10,13
WBGene00009087.,5,310,315
WBGene00009088.,2,0,2
WBGene00009089.,15,112,127
WBGene00009090.,53,1288,1341
WBGene00009091.,62,1883,1945
WBGene00009092.,55,3978,4033
WBGene00009093.,260,1796,2056
WBGene00009094.,113,490,603
WBGene00009095.,68,368,436
WBGene00009096.,256,34249,34505
WBGene00009097.,154,43108,43262
WBGene00009098.,880,3619,4499
WBGene00009099.,19,19,38
WBGene00009100.,91,640,731
WBGene00009101.,21,264,285
WBGene00009102.,16,533,549
WBGene00009103.,192,6038,6230
WBGene00009104.,1,9,10
WBGene00009106.,111,1657,1768
WBGene00009107.,134,375,509
WBGene00009108.,8,22,30
WBGene00009109.,184,608,792
WBGene00009110.,9,435,444
WBGene00009112.,41,2392,2433
WBGene00009113.,18,92,110
WBGene00009114.,19,7,26
WBGene00009115.,60,89,149
WBGene00009116.,84,1715,1799
WBGene00009117.,4,10,14
WBGene00009118.,30,1341,1371
WBGene00009119.,600,136070,136670
WBGene00009120.,249,3255,3504
WBGene00009121.,20,810,830
WBGene00009122.,0,83,83
WBGene00009123.,54,3658,3712
WBGene00009124.,93,836,929
WBGene00009125.,34,161,195
WBGene00009126.,322,7909,8231
WBGene00009127.,186,2795,2981
WBGene00009128.,0,684,684
WBGene00009129.,6,30,36
WBGene00009130.,7,4,11
WBGene00009131.,97,1207,1304
WBGene00009132.,27,1610,1637
WBGene00009133.,16,185,201
WBGene00009134.,13,12,25
WBGene00009135.,20,227,247
WBGene00009136.,9,20,29
WBGene00009137.,38,1098,1136
WBGene00009138.,14,844,858
WBGene00009139.,169,3926,4095
WBGene00009140.,448,4395,4843
WBGene00009141.,661,5740,6401
WBGene00009142.,191,15788,15979
WBGene00009143.,20,70,90
WBGene00009144.,9,67,76
WBGene00009145.,225,1488,1713
WBGene00009146.,13,66,79
WBGene00009147.,37,5,42
WBGene00009148.,10,11,21
WBGene00009149.,2,4,6
WBGene00009150.,0,1,1
WBGene00009151.,0,3,3
WBGene00009152.,0,5,5
WBGene00009153.,10,95,105
WBGene00009154.,0,3,3
WBGene00009155.,13,50,63
WBGene00009156.,5,105,110
WBGene00009157.,61,228,289
WBGene00009158.,196,1188,1384
WBGene00009159.,74,2335,2409
WBGene00009160.,12,1,13
WBGene00009161.,719,32181,32900
WBGene00009162.,902,620,1522
WBGene00009163.,67,508,575
WBGene00009164.,71,3895,3966
WBGene00009165.,12,1412,1424
WBGene00009166.,26,62,88
WBGene00009167.,0,0,0
WBGene00009168.,3,49,52
WBGene00009169.,1,7,8
WBGene00009170.,0,20,20
WBGene00009171.,7,3,10
WBGene00009172.,436,1034,1470
WBGene00009173.,21,291,312
WBGene00009174.,493,2703,3196
WBGene00009176.,27,1546,1573
WBGene00009177.,86,1013,1099
WBGene00009178.,31,27,58
WBGene00009179.,235,1684,1919
WBGene00009180.,2839,49214,52053
WBGene00009182.,60,211,271
WBGene00009183.,37,222,259
WBGene00009184.,3,46,49
WBGene00009185.,3,5,8
WBGene00009186.,9,159,168
WBGene00009187.,304,2568,2872
WBGene00009188.,520,2534,3054
WBGene00009189.,285,4095,4380
WBGene00009190.,216,961,1177
WBGene00009191.,4,1212,1216
WBGene00009192.,388,1896,2284
WBGene00009193.,11,28,39
WBGene00009194.,42,91,133
WBGene00009195.,1,0,1
WBGene00009196.,11,0,11
WBGene00009197.,3,6,9
WBGene00009200.,238,2542,2780
WBGene00009201.,94,1812,1906
WBGene00009202.,1,16,17
WBGene00009203.,9,377,386
WBGene00009204.,103,330,433
WBGene00009205.,36,418,454
WBGene00009206.,0,1,1
WBGene00009207.,11,909,920
WBGene00009208.,26,165,191
WBGene00009209.,2,11,13
WBGene00009210.,0,15,15
WBGene00009211.,26,2693,2719
WBGene00009212.,3,61,64
WBGene00009213.,0,27,27
WBGene00009214.,0,3,3
WBGene00009215.,0,6,6
WBGene00009216.,0,826,826
WBGene00009217.,27,49,76
WBGene00009218.,64,430,494
WBGene00009219.,133,3157,3290
WBGene00009220.,429,328,757
WBGene00009221.,133,4793,4926
WBGene00009222.,249,3549,3798
WBGene00009223.,48,876,924
WBGene00009224.,145,223,368
WBGene00009225.,37,435,472
WBGene00009226.,27,3015,3042
WBGene00009227.,14,220,234
WBGene00009228.,18,16,34
WBGene00009229.,8,27,35
WBGene00009230.,15,10,25
WBGene00009231.,49,251,300
WBGene00009232.,5,15,20
WBGene00009233.,74,675,749
WBGene00009234.,167,627,794
WBGene00009235.,3,12,15
WBGene00009236.,53,1144,1197
WBGene00009237.,3,859,862
WBGene00009238.,3,13,16
WBGene00009239.,45,451,496
WBGene00009240.,52,110,162
WBGene00009241.,36,762,798
WBGene00009242.,15,89,104
WBGene00009243.,45,1181,1226
WBGene00009245.,231,1409,1640
WBGene00009246.,122,5225,5347
WBGene00009247.,3,51,54
WBGene00009248.,0,72,72
WBGene00009249.,0,2,2
WBGene00009250.,3,141,144
WBGene00009251.,8,12,20
WBGene00009252.,8,6,14
WBGene00009254.,100,2575,2675
WBGene00009255.,21,20,41
WBGene00009256.,172,2091,2263
WBGene00009257.,52,193,245
WBGene00009258.,158,1289,1447
WBGene00009259.,136,4586,4722
WBGene00009260.,65,1238,1303
WBGene00009261.,2,11,13
WBGene00009262.,82,2339,2421
WBGene00009263.,22,38,60
WBGene00009264.,273,2860,3133
WBGene00009266.,352,24434,24786
WBGene00009267.,237,2762,2999
WBGene00009268.,2,15,17
WBGene00009269.,5,4,9
WBGene00009270.,30,994,1024
WBGene00009271.,292,633,925
WBGene00009272.,14,602,616
WBGene00009274.,63,799,862
WBGene00009276.,40,784,824
WBGene00009277.,278,733,1011
WBGene00009278.,35,85,120
WBGene00009279.,3,5,8
WBGene00009280.,2,321,323
WBGene00009281.,2,1,3
WBGene00009283.,17,295,312
WBGene00009284.,208,1389,1597
WBGene00009285.,109,2485,2594
WBGene00009286.,101,581,682
WBGene00009287.,116,1125,1241
WBGene00009288.,171,443,614
WBGene00009289.,82,3509,3591
WBGene00009290.,60,1679,1739
WBGene00009291.,388,4899,5287
WBGene00009292.,30,130,160
WBGene00009293.,4,73,77
WBGene00009294.,314,6046,6360
WBGene00009295.,1,17,18
WBGene00009296.,22,397,419
WBGene00009297.,1,7,8
WBGene00009298.,0,0,0
WBGene00009299.,17,232,249
WBGene00009300.,1,1,2
WBGene00009301.,4,1,5
WBGene00009302.,1,0,1
WBGene00009303.,3,2,5
WBGene00009304.,419,1532,1951
WBGene00009305.,84,1747,1831
WBGene00009306.,27,2751,2778
WBGene00009307.,90,5499,5589
WBGene00009308.,3,36,39
WBGene00009309.,0,0,0
WBGene00009310.,1,0,1
WBGene00009311.,27,42,69
WBGene00009312.,706,68,774
WBGene00009313.,2,5,7
WBGene00009314.,422,995,1417
WBGene00009315.,332,1146,1478
WBGene00009316.,4,5,9
WBGene00009318.,1,1,2
WBGene00009319.,81,2464,2545
WBGene00009320.,287,1651,1938
WBGene00009321.,1,0,1
WBGene00009322.,120,1849,1969
WBGene00009323.,22,596,618
WBGene00009324.,9,29,38
WBGene00009325.,242,1435,1677
WBGene00009326.,7,46,53
WBGene00009327.,1,6,7
WBGene00009328.,0,11,11
WBGene00009329.,57,781,838
WBGene00009330.,23,1279,1302
WBGene00009331.,8,132,140
WBGene00009332.,2,119,121
WBGene00009333.,52,1228,1280
WBGene00009334.,114,369,483
WBGene00009335.,52,300,352
WBGene00009336.,33,1308,1341
WBGene00009337.,726,3427,4153
WBGene00009338.,17,7,24
WBGene00009339.,4,196,200
WBGene00009340.,208,3316,3524
WBGene00009341.,18,794,812
WBGene00009342.,150,1634,1784
WBGene00009343.,55,712,767
WBGene00009344.,1,1,2
WBGene00009345.,10,3,13
WBGene00009346.,54,488,542
WBGene00009347.,119,794,913
WBGene00009349.,1,2935,2936
WBGene00009350.,68,218,286
WBGene00009352.,45,1268,1313
WBGene00009353.,109,6102,6211
WBGene00009354.,171,525,696
WBGene00009355.,10,201,211
WBGene00009356.,14,12,26
WBGene00009357.,25,108,133
WBGene00009358.,119,1223,1342
WBGene00009359.,9,23,32
WBGene00009360.,28,40,68
WBGene00009361.,11,226,237
WBGene00009362.,4,24,28
WBGene00009363.,0,9,9
WBGene00009364.,18,1581,1599
WBGene00009365.,108,1677,1785
WBGene00009366.,83,602,685
WBGene00009367.,73,1767,1840
WBGene00009368.,114,1649,1763
WBGene00009369.,100,959,1059
WBGene00009370.,62,227,289
WBGene00009371.,12,29,41
WBGene00009372.,289,1657,1946
WBGene00009373.,76,910,986
WBGene00009374.,208,3087,3295
WBGene00009375.,182,641,823
WBGene00009377.,1,0,1
WBGene00009378.,0,0,0
WBGene00009380.,112,3094,3206
WBGene00009381.,5,35,40
WBGene00009382.,9,10,19
WBGene00009383.,1797,37615,39412
WBGene00009384.,5,324,329
WBGene00009385.,112,2521,2633
WBGene00009386.,20,802,822
WBGene00009387.,58,301,359
WBGene00009388.,392,6233,6625
WBGene00009389.,281,2922,3203
WBGene00009390.,34,108,142
WBGene00009391.,2,2,4
WBGene00009392.,3,0,3
WBGene00009393.,43,1091,1134
WBGene00009394.,994,22057,23051
WBGene00009395.,7,8,15
WBGene00009396.,216,4047,4263
WBGene00009397.,22,367,389
WBGene00009398.,0,99,99
WBGene00009399.,72,762,834
WBGene00009400.,16,40,56
WBGene00009401.,1,136,137
WBGene00009402.,3,5,8
WBGene00009403.,25,404,429
WBGene00009404.,9,324,333
WBGene00009405.,44,1251,1295
WBGene00009406.,68,521,589
WBGene00009408.,1,52,53
WBGene00009409.,2,0,2
WBGene00009410.,0,3,3
WBGene00009411.,1,1,2
WBGene00009412.,0,1,1
WBGene00009413.,9,14,23
WBGene00009414.,3,2,5
WBGene00009415.,0,10,10
WBGene00009416.,10,108,118
WBGene00009417.,2,1,3
WBGene00009418.,1,6,7
WBGene00009419.,0,0,0
WBGene00009420.,0,0,0
WBGene00009421.,0,0,0
WBGene00009422.,0,0,0
WBGene00009423.,0,4,4
WBGene00009424.,21,1,22
WBGene00009425.,33,12,45
WBGene00009426.,18,8,26
WBGene00009427.,14,81,95
WBGene00009428.,36,57,93
WBGene00009429.,22,51,73
WBGene00009430.,105,1381,1486
WBGene00009431.,28,81,109
WBGene00009432.,100,973,1073
WBGene00009433.,373,2202,2575
WBGene00009434.,151,1312,1463
WBGene00009435.,321,2859,3180
WBGene00009436.,15,4028,4043
WBGene00009437.,70,388,458
WBGene00009438.,7,5,12
WBGene00009439.,242,1839,2081
WBGene00009440.,195,7823,8018
WBGene00009441.,43,803,846
WBGene00009442.,51,446,497
WBGene00009443.,57,983,1040
WBGene00009444.,16,754,770
WBGene00009445.,35,1770,1805
WBGene00009446.,10,110,120
WBGene00009447.,38,744,782
WBGene00009448.,38,2025,2063
WBGene00009449.,13,52,65
WBGene00009450.,18,1274,1292
WBGene00009451.,184,3173,3357
WBGene00009452.,366,3398,3764
WBGene00009453.,50,393,443
WBGene00009454.,3051,55656,58707
WBGene00009455.,268,3048,3316
WBGene00009456.,165,1320,1485
WBGene00009457.,20,338,358
WBGene00009458.,2,5,7
WBGene00009459.,3,59,62
WBGene00009460.,330,5645,5975
WBGene00009461.,100,479,579
WBGene00009462.,212,254,466
WBGene00009463.,1,0,1
WBGene00009464.,635,340,975
WBGene00009465.,5,17,22
WBGene00009466.,50,854,904
WBGene00009467.,4,5,9
WBGene00009468.,27,139,166
WBGene00009469.,46,519,565
WBGene00009470.,1,0,1
WBGene00009471.,2,3,5
WBGene00009472.,4,9,13
WBGene00009473.,0,0,0
WBGene00009474.,0,0,0
WBGene00009475.,681,6907,7588
WBGene00009476.,795,12930,13725
WBGene00009477.,2014,9526,11540
WBGene00009478.,96,2505,2601
WBGene00009479.,87,1751,1838
WBGene00009480.,13,78,91
WBGene00009481.,4,231,235
WBGene00009482.,60,706,766
WBGene00009483.,3,229,232
WBGene00009484.,262,659,921
WBGene00009485.,13,57,70
WBGene00009486.,40,485,525
WBGene00009487.,5,22,27
WBGene00009488.,2,0,2
WBGene00009489.,1,11,12
WBGene00009490.,13,154,167
WBGene00009491.,13,12,25
WBGene00009492.,2,12,14
WBGene00009493.,1,98,99
WBGene00009494.,0,18,18
WBGene00009495.,18,60,78
WBGene00009496.,7,39,46
WBGene00009497.,1,8,9
WBGene00009498.,748,2136,2884
WBGene00009499.,361,1691,2052
WBGene00009500.,51,1089,1140
WBGene00009501.,12,1,13
WBGene00009502.,3,2,5
WBGene00009503.,236,5389,5625
WBGene00009504.,8,216,224
WBGene00009505.,32,1916,1948
WBGene00009507.,197,1383,1580
WBGene00009508.,137,1728,1865
WBGene00009509.,22,203,225
WBGene00009510.,1,17,18
WBGene00009511.,36,76,112
WBGene00009512.,20,1232,1252
WBGene00009513.,9,14,23
WBGene00009514.,432,4821,5253
WBGene00009515.,11,24,35
WBGene00009517.,8,2,10
WBGene00009518.,28,205,233
WBGene00009519.,2,4,6
WBGene00009520.,8,6,14
WBGene00009521.,425,2019,2444
WBGene00009522.,6,27,33
WBGene00009523.,9,10,19
WBGene00009524.,1,1,2
WBGene00009525.,4,1,5
WBGene00009526.,9,8,17
WBGene00009527.,10,0,10
WBGene00009528.,48,183,231
WBGene00009529.,3,323,326
WBGene00009530.,54,142,196
WBGene00009531.,312,3351,3663
WBGene00009532.,4495,10682,15177
WBGene00009533.,29,410,439
WBGene00009534.,250,6419,6669
WBGene00009535.,54,5,59
WBGene00009536.,39,161,200
WBGene00009537.,0,18,18
WBGene00009538.,0,1,1
WBGene00009539.,0,1,1
WBGene00009540.,3,9,12
WBGene00009541.,65,66,131
WBGene00009542.,36,1145,1181
WBGene00009543.,24,202,226
WBGene00009544.,179,1374,1553
WBGene00009546.,1,31,32
WBGene00009547.,152,1730,1882
WBGene00009548.,9,17,26
WBGene00009549.,1,3,4
WBGene00009550.,2,4,6
WBGene00009551.,23,330,353
WBGene00009552.,111,1062,1173
WBGene00009553.,19,604,623
WBGene00009554.,11,970,981
WBGene00009555.,0,0,0
WBGene00009556.,59,517,576
WBGene00009557.,51,430,481
WBGene00009558.,261,1439,1700
WBGene00009559.,8,1312,1320
WBGene00009560.,153,619,772
WBGene00009561.,27,63,90
WBGene00009562.,458,11264,11722
WBGene00009563.,92,1067,1159
WBGene00009565.,116,2003,2119
WBGene00009566.,0,0,0
WBGene00009567.,0,0,0
WBGene00009568.,1,0,1
WBGene00009569.,1,9,10
WBGene00009570.,1,10,11
WBGene00009571.,1,14,15
WBGene00009572.,0,30,30
WBGene00009573.,0,8,8
WBGene00009574.,511,3363,3874
WBGene00009575.,7,2595,2602
WBGene00009576.,0,117,117
WBGene00009577.,412,6021,6433
WBGene00009578.,460,18999,19459
WBGene00009579.,276,462,738
WBGene00009580.,151,5849,6000
WBGene00009581.,8,56,64
WBGene00009582.,136,1484,1620
WBGene00009583.,144,3777,3921
WBGene00009584.,1414,19285,20699
WBGene00009585.,119,109,228
WBGene00009586.,63,1629,1692
WBGene00009587.,400,4771,5171
WBGene00009588.,4658,2168,6826
WBGene00009589.,2419,922,3341
WBGene00009590.,0,0,0
WBGene00009592.,2,1,3
WBGene00009593.,11,2,13
WBGene00009594.,1943,4120,6063
WBGene00009595.,370,2491,2861
WBGene00009596.,7,20,27
WBGene00009597.,7,26,33
WBGene00009598.,3,6,9
WBGene00009599.,0,1,1
WBGene00009600.,44,5441,5485
WBGene00009601.,44,437,481
WBGene00009602.,137,49,186
WBGene00009603.,1,2,3
WBGene00009604.,0,0,0
WBGene00009605.,1,0,1
WBGene00009606.,0,0,0
WBGene00009607.,0,2,2
WBGene00009608.,3,3,6
WBGene00009609.,3,2,5
WBGene00009610.,0,0,0
WBGene00009611.,71,203,274
WBGene00009612.,0,45,45
WBGene00009613.,3,0,3
WBGene00009614.,35,98,133
WBGene00009615.,0,0,0
WBGene00009616.,5,6,11
WBGene00009617.,43,368,411
WBGene00009618.,17,225,242
WBGene00009619.,53,374,427
WBGene00009620.,99,523,622
WBGene00009621.,0,3831,3831
WBGene00009622.,53,110,163
WBGene00009623.,1364,819,2183
WBGene00009624.,412,1092,1504
WBGene00009625.,16,88,104
WBGene00009626.,87,936,1023
WBGene00009627.,20,369,389
WBGene00009628.,47,5597,5644
WBGene00009629.,127,289,416
WBGene00009630.,18,62,80
WBGene00009631.,0,1,1
WBGene00009632.,325,3175,3500
WBGene00009633.,4,4,8
WBGene00009634.,7,613,620
WBGene00009635.,89,1949,2038
WBGene00009636.,60,641,701
WBGene00009637.,2,1245,1247
WBGene00009638.,55,9650,9705
WBGene00009639.,0,703,703
WBGene00009640.,0,552,552
WBGene00009641.,3,24,27
WBGene00009642.,68,270,338
WBGene00009643.,0,34,34
WBGene00009644.,1,28,29
WBGene00009645.,68,524,592
WBGene00009646.,3,3,6
WBGene00009647.,83,96,179
WBGene00009648.,5,906,911
WBGene00009649.,76,146,222
WBGene00009650.,33,2175,2208
WBGene00009651.,7,16,23
WBGene00009652.,5,10,15
WBGene00009653.,41,45,86
WBGene00009654.,296,698,994
WBGene00009656.,11,317,328
WBGene00009657.,203,1015,1218
WBGene00009658.,0,1,1
WBGene00009659.,2,7,9
WBGene00009660.,1670,15810,17480
WBGene00009661.,53,2834,2887
WBGene00009662.,1,3,4
WBGene00009663.,5,467,472
WBGene00009664.,302,20194,20496
WBGene00009665.,6,833,839
WBGene00009666.,53,1447,1500
WBGene00009667.,487,335,822
WBGene00009668.,74,1630,1704
WBGene00009670.,0,2,2
WBGene00009671.,158,4825,4983
WBGene00009672.,240,2895,3135
WBGene00009673.,45,330,375
WBGene00009674.,97,1164,1261
WBGene00009675.,4,35,39
WBGene00009676.,199,2241,2440
WBGene00009677.,18,630,648
WBGene00009678.,365,2550,2915
WBGene00009679.,21,143,164
WBGene00009680.,0,0,0
WBGene00009681.,0,17,17
WBGene00009682.,0,0,0
WBGene00009683.,3,79,82
WBGene00009684.,0,0,0
WBGene00009685.,5,34,39
WBGene00009686.,28,55,83
WBGene00009687.,1,0,1
WBGene00009688.,1198,13820,15018
WBGene00009689.,0,2,2
WBGene00009690.,18,4,22
WBGene00009691.,0,11318,11318
WBGene00009692.,0,6698,6698
WBGene00009693.,3,5,8
WBGene00009695.,12,6,18
WBGene00009696.,26,124,150
WBGene00009697.,0,154,154
WBGene00009698.,2,21,23
WBGene00009700.,294,3321,3615
WBGene00009701.,4,535,539
WBGene00009702.,32,630,662
WBGene00009704.,1,0,1
WBGene00009705.,1,2,3
WBGene00009706.,6,77,83
WBGene00009707.,2,10,12
WBGene00009708.,8,2,10
WBGene00009709.,99,159,258
WBGene00009710.,1,6,7
WBGene00009711.,668,7848,8516
WBGene00009712.,6,6306,6312
WBGene00009713.,151,1018,1169
WBGene00009714.,0,41,41
WBGene00009715.,36,1379,1415
WBGene00009716.,36,261,297
WBGene00009717.,383,2141,2524
WBGene00009720.,0,2,2
WBGene00009721.,22,35,57
WBGene00009722.,19,1409,1428
WBGene00009723.,34,5065,5099
WBGene00009724.,32,7564,7596
WBGene00009725.,0,6,6
WBGene00009726.,75,269,344
WBGene00009727.,26,187,213
WBGene00009728.,1,6,7
WBGene00009729.,30,204,234
WBGene00009730.,700,5351,6051
WBGene00009731.,92,1534,1626
WBGene00009732.,151,3456,3607
WBGene00009733.,12,562,574
WBGene00009734.,64,1162,1226
WBGene00009735.,30,254,284
WBGene00009736.,258,1772,2030
WBGene00009738.,202,522,724
WBGene00009739.,973,5552,6525
WBGene00009740.,463,14788,15251
WBGene00009741.,128,1035,1163
WBGene00009742.,3,354,357
WBGene00009743.,38,422,460
WBGene00009744.,69,774,843
WBGene00009745.,27,458,485
WBGene00009746.,0,1,1
WBGene00009747.,0,3,3
WBGene00009748.,0,4,4
WBGene00009749.,2,1,3
WBGene00009750.,0,5,5
WBGene00009751.,6,24,30
WBGene00009752.,2,11,13
WBGene00009753.,3,7,10
WBGene00009754.,1,54,55
WBGene00009755.,0,2,2
WBGene00009756.,1,0,1
WBGene00009757.,1,9,10
WBGene00009758.,5,2,7
WBGene00009759.,0,0,0
WBGene00009760.,1,6,7
WBGene00009761.,0,0,0
WBGene00009762.,0,1,1
WBGene00009763.,1,2,3
WBGene00009764.,0,0,0
WBGene00009765.,3,1,4
WBGene00009766.,3,2,5
WBGene00009767.,0,0,0
WBGene00009768.,24,89,113
WBGene00009769.,39,1404,1443
WBGene00009770.,287,3207,3494
WBGene00009771.,175,2295,2470
WBGene00009772.,666,79185,79851
WBGene00009773.,72,8828,8900
WBGene00009774.,7,434,441
WBGene00009775.,1,3,4
WBGene00009776.,202,3766,3968
WBGene00009777.,50,116,166
WBGene00009778.,0,23,23
WBGene00009779.,88,976,1064
WBGene00009780.,76,537,613
WBGene00009781.,326,1936,2262
WBGene00009782.,34,394,428
WBGene00009783.,90,2967,3057
WBGene00009784.,45,2006,2051
WBGene00009785.,97,1718,1815
WBGene00009786.,0,20,20
WBGene00009787.,94,14027,14121
WBGene00009788.,1,3,4
WBGene00009789.,153,121,274
WBGene00009790.,36,332,368
WBGene00009791.,44,296,340
WBGene00009793.,60,3499,3559
WBGene00009796.,595,11789,12384
WBGene00009797.,362,2621,2983
WBGene00009798.,34,69,103
WBGene00009799.,143,768,911
WBGene00009800.,149,798,947
WBGene00009801.,105,1670,1775
WBGene00009802.,0,10,10
WBGene00009803.,578,8236,8814
WBGene00009804.,295,8900,9195
WBGene00009805.,12,1258,1270
WBGene00009806.,3,33,36
WBGene00009807.,32,335,367
WBGene00009808.,8,215,223
WBGene00009809.,393,6092,6485
WBGene00009810.,4,132,136
WBGene00009811.,19,256,275
WBGene00009812.,95,3250,3345
WBGene00009813.,717,15769,16486
WBGene00009814.,2,105,107
WBGene00009815.,0,14,14
WBGene00009816.,2,16,18
WBGene00009817.,3,8,11
WBGene00009818.,105,424,529
WBGene00009819.,124,667,791
WBGene00009820.,31,483,514
WBGene00009822.,15,10,25
WBGene00009823.,37,282,319
WBGene00009824.,7,201,208
WBGene00009825.,131,617,748
WBGene00009826.,16,101,117
WBGene00009827.,15,27,42
WBGene00009828.,9,0,9
WBGene00009829.,74,3387,3461
WBGene00009830.,4,47,51
WBGene00009831.,38,1032,1070
WBGene00009833.,1,6,7
WBGene00009834.,1,6,7
WBGene00009835.,126,694,820
WBGene00009836.,372,95,467
WBGene00009837.,2,15,17
WBGene00009838.,11,19,30
WBGene00009839.,8,66,74
WBGene00009840.,32,175,207
WBGene00009841.,7,10,17
WBGene00009842.,74,1018,1092
WBGene00009843.,92,622,714
WBGene00009844.,39,170,209
WBGene00009846.,79,89,168
WBGene00009848.,333,1621,1954
WBGene00009849.,22,28,50
WBGene00009850.,56,1740,1796
WBGene00009851.,37,2666,2703
WBGene00009852.,11,623,634
WBGene00009853.,1,11,12
WBGene00009854.,2,5,7
WBGene00009855.,2,0,2
WBGene00009856.,9,19,28
WBGene00009857.,0,18,18
WBGene00009858.,0,1,1
WBGene00009859.,1,5,6
WBGene00009860.,1,4,5
WBGene00009861.,0,18,18
WBGene00009862.,0,61,61
WBGene00009863.,1,0,1
WBGene00009864.,4,1,5
WBGene00009865.,97,1007,1104
WBGene00009866.,0,2,2
WBGene00009867.,23,53,76
WBGene00009868.,0,1,1
WBGene00009869.,1,0,1
WBGene00009871.,2,3,5
WBGene00009872.,7,31,38
WBGene00009873.,5,1,6
WBGene00009874.,21,74,95
WBGene00009875.,23,7,30
WBGene00009876.,124,765,889
WBGene00009877.,74,726,800
WBGene00009878.,16,1839,1855
WBGene00009879.,28,183,211
WBGene00009880.,158,2107,2265
WBGene00009881.,148,5840,5988
WBGene00009882.,106,11987,12093
WBGene00009883.,34,111,145
WBGene00009884.,8,25,33
WBGene00009885.,17,187,204
WBGene00009886.,207,3499,3706
WBGene00009887.,60,675,735
WBGene00009888.,4144,42977,47121
WBGene00009889.,98,163,261
WBGene00009890.,4,23,27
WBGene00009891.,4,10,14
WBGene00009892.,0,1,1
WBGene00009893.,1,1,2
WBGene00009894.,2,3,5
WBGene00009895.,300,4682,4982
WBGene00009896.,172,3679,3851
WBGene00009897.,15,25,40
WBGene00009898.,2,5,7
WBGene00009899.,118,728,846
WBGene00009900.,0,84,84
WBGene00009901.,39,336,375
WBGene00009902.,36,134,170
WBGene00009903.,17,300,317
WBGene00009904.,27,134,161
WBGene00009905.,3,1,4
WBGene00009906.,3,3,6
WBGene00009907.,8,14,22
WBGene00009908.,23,266,289
WBGene00009909.,0,0,0
WBGene00009910.,1,5,6
WBGene00009911.,1,6,7
WBGene00009912.,20,11,31
WBGene00009913.,2,1,3
WBGene00009914.,4,64,68
WBGene00009915.,39,4856,4895
WBGene00009916.,106,540,646
WBGene00009917.,340,2167,2507
WBGene00009918.,40,4276,4316
WBGene00009919.,143,2496,2639
WBGene00009920.,1806,8662,10468
WBGene00009921.,7,229,236
WBGene00009922.,81,1483,1564
WBGene00009923.,15,142,157
WBGene00009924.,128,1789,1917
WBGene00009925.,7,2231,2238
WBGene00009926.,8,26,34
WBGene00009927.,54,923,977
WBGene00009929.,18,66,84
WBGene00009930.,19,1065,1084
WBGene00009931.,10,165,175
WBGene00009933.,1,13,14
WBGene00009935.,153,1199,1352
WBGene00009936.,0,0,0
WBGene00009937.,135,1283,1418
WBGene00009938.,1,5,6
WBGene00009939.,128,888,1016
WBGene00009940.,164,2626,2790
WBGene00009941.,1,2,3
WBGene00009942.,3,12,15
WBGene00009943.,43,344,387
WBGene00009944.,39,1214,1253
WBGene00009945.,465,6649,7114
WBGene00009946.,39,519,558
WBGene00009947.,239,3377,3616
WBGene00009948.,13,496,509
WBGene00009949.,37,113,150
WBGene00009950.,5,7,12
WBGene00009951.,34,180,214
WBGene00009952.,122,2942,3064
WBGene00009953.,106,945,1051
WBGene00009954.,6,4,10
WBGene00009955.,13,2600,2613
WBGene00009956.,30,12,42
WBGene00009957.,579,22416,22995
WBGene00009958.,196,1601,1797
WBGene00009959.,3,29,32
WBGene00009960.,0,2,2
WBGene00009961.,3,14,17
WBGene00009962.,55,23,78
WBGene00009963.,15,16,31
WBGene00009964.,3,35,38
WBGene00009965.,37,254,291
WBGene00009966.,35,2592,2627
WBGene00009967.,9,100,109
WBGene00009968.,65,767,832
WBGene00009969.,42,684,726
WBGene00009971.,24,71,95
WBGene00009972.,100,62,162
WBGene00009973.,1118,20332,21450
WBGene00009974.,329,6364,6693
WBGene00009975.,2032,4252,6284
WBGene00009976.,149,1371,1520
WBGene00009977.,242,1258,1500
WBGene00009978.,4966,6098,11064
WBGene00009979.,78,12,90
WBGene00009980.,59,1259,1318
WBGene00009981.,22,327,349
WBGene00009982.,0,251,251
WBGene00009983.,1,76,77
WBGene00009984.,104,190,294
WBGene00009985.,107,1918,2025
WBGene00009986.,24,200,224
WBGene00009987.,118,2090,2208
WBGene00009988.,55,85,140
WBGene00009990.,0,0,0
WBGene00009991.,6,41,47
WBGene00009992.,482,12017,12499
WBGene00009993.,17,13454,13471
WBGene00009994.,19,1174,1193
WBGene00009995.,2082,18837,20919
WBGene00009996.,364,12066,12430
WBGene00009997.,4,14,18
WBGene00009998.,10,8,18
WBGene00009999.,15,11,26
WBGene00010000.,6,16,22
WBGene00010001.,47,7161,7208
WBGene00010002.,101,899,1000
WBGene00010003.,145,466,611
WBGene00010004.,18,61,79
WBGene00010005.,10,9,19
WBGene00010006.,3198,1068,4266
WBGene00010007.,3,21,24
WBGene00010008.,15,70,85
WBGene00010009.,57,635,692
WBGene00010010.,55,227,282
WBGene00010011.,42,135,177
WBGene00010012.,1948,9929,11877
WBGene00010013.,300,4699,4999
WBGene00010014.,2,7,9
WBGene00010015.,20,1218,1238
WBGene00010016.,0,2,2
WBGene00010017.,0,3,3
WBGene00010018.,84,2522,2606
WBGene00010019.,469,4217,4686
WBGene00010020.,0,0,0
WBGene00010021.,0,0,0
WBGene00010022.,0,5,5
WBGene00010023.,0,18,18
WBGene00010024.,1,3,4
WBGene00010025.,5,8,13
WBGene00010026.,0,1,1
WBGene00010027.,11,8,19
WBGene00010028.,64,2212,2276
WBGene00010030.,0,7,7
WBGene00010031.,37,1990,2027
WBGene00010032.,13,12,25
WBGene00010033.,7,96,103
WBGene00010034.,5,19,24
WBGene00010035.,6,89,95
WBGene00010036.,16,418,434
WBGene00010037.,556,14121,14677
WBGene00010038.,115,2036,2151
WBGene00010039.,265,1749,2014
WBGene00010040.,43,2050,2093
WBGene00010041.,0,1912,1912
WBGene00010042.,23,457,480
WBGene00010043.,116,1153,1269
WBGene00010044.,248,4062,4310
WBGene00010045.,384,2544,2928
WBGene00010046.,11,69,80
WBGene00010047.,131,2166,2297
WBGene00010048.,105,1541,1646
WBGene00010049.,1928,15722,17650
WBGene00010050.,65,470,535
WBGene00010051.,50,895,945
WBGene00010052.,40,3191,3231
WBGene00010053.,0,20,20
WBGene00010054.,0,705,705
WBGene00010055.,661,1529,2190
WBGene00010056.,23,3550,3573
WBGene00010057.,173,1068,1241
WBGene00010058.,20,7,27
WBGene00010059.,93,2724,2817
WBGene00010060.,30,86,116
WBGene00010061.,65,1801,1866
WBGene00010062.,22,110,132
WBGene00010063.,74,498,572
WBGene00010064.,7,769,776
WBGene00010065.,3,17,20
WBGene00010066.,1,12,13
WBGene00010067.,3,0,3
WBGene00010068.,4,43,47
WBGene00010069.,36,33,69
WBGene00010070.,873,6232,7105
WBGene00010071.,175,55,230
WBGene00010072.,102,898,1000
WBGene00010073.,358,432,790
WBGene00010074.,93,463,556
WBGene00010075.,14,2096,2110
WBGene00010077.,203,965,1168
WBGene00010079.,293,752,1045
WBGene00010080.,48,305,353
WBGene00010081.,16,759,775
WBGene00010082.,4,260,264
WBGene00010083.,227,1230,1457
WBGene00010084.,4,8,12
WBGene00010085.,0,1,1
WBGene00010086.,755,2152,2907
WBGene00010087.,1,2,3
WBGene00010088.,17,53,70
WBGene00010089.,100,1192,1292
WBGene00010091.,0,4,4
WBGene00010092.,5,16,21
WBGene00010093.,16,769,785
WBGene00010094.,25,1852,1877
WBGene00010095.,16,38,54
WBGene00010096.,256,1938,2194
WBGene00010097.,83,2882,2965
WBGene00010098.,0,8,8
WBGene00010099.,0,1,1
WBGene00010100.,2,3,5
WBGene00010101.,0,2,2
WBGene00010102.,0,2,2
WBGene00010103.,6,1,7
WBGene00010104.,1,1,2
WBGene00010105.,0,3,3
WBGene00010106.,0,8,8
WBGene00010107.,0,26,26
WBGene00010108.,1,3,4
WBGene00010109.,54,1456,1510
WBGene00010110.,177,2173,2350
WBGene00010111.,224,1196,1420
WBGene00010112.,13,97,110
WBGene00010113.,705,4216,4921
WBGene00010114.,8,1,9
WBGene00010115.,184,1719,1903
WBGene00010116.,105,1193,1298
WBGene00010117.,265,3535,3800
WBGene00010118.,11,14,25
WBGene00010119.,4,21,25
WBGene00010120.,0,1,1
WBGene00010121.,9,5,14
WBGene00010122.,2,37,39
WBGene00010123.,1,7,8
WBGene00010124.,1,0,1
WBGene00010125.,28,511,539
WBGene00010126.,2,1,3
WBGene00010127.,1,3,4
WBGene00010128.,6,153,159
WBGene00010129.,0,2,2
WBGene00010130.,140,8350,8490
WBGene00010131.,30,1018,1048
WBGene00010132.,236,1292,1528
WBGene00010133.,8377,4255,12632
WBGene00010134.,59,269,328
WBGene00010135.,0,2055,2055
WBGene00010136.,27,127,154
WBGene00010137.,217,421,638
WBGene00010138.,59,160,219
WBGene00010139.,144,2471,2615
WBGene00010140.,30,509,539
WBGene00010141.,204,2352,2556
WBGene00010142.,24,201,225
WBGene00010143.,22,187,209
WBGene00010144.,24,84,108
WBGene00010145.,15,2,17
WBGene00010146.,657,2013,2670
WBGene00010147.,4,3,7
WBGene00010148.,16,300,316
WBGene00010149.,0,0,0
WBGene00010150.,561,3477,4038
WBGene00010152.,1,12,13
WBGene00010153.,1,4,5
WBGene00010155.,14,22,36
WBGene00010157.,13,3,16
WBGene00010158.,0,1,1
WBGene00010159.,399,1710,2109
WBGene00010160.,277,632,909
WBGene00010161.,488,849,1337
WBGene00010162.,2,0,2
WBGene00010163.,4,15,19
WBGene00010165.,2,1,3
WBGene00010166.,1,1,2
WBGene00010167.,2,0,2
WBGene00010168.,5,7,12
WBGene00010169.,3,0,3
WBGene00010170.,2,3,5
WBGene00010171.,0,3,3
WBGene00010172.,1,3,4
WBGene00010173.,1,21,22
WBGene00010174.,8238,161044,169282
WBGene00010175.,230,1589,1819
WBGene00010176.,23,97,120
WBGene00010177.,1008,8638,9646
WBGene00010178.,259,1762,2021
WBGene00010179.,48,331,379
WBGene00010180.,1,7,8
WBGene00010181.,0,0,0
WBGene00010182.,1,3,4
WBGene00010183.,5,44,49
WBGene00010184.,11,81,92
WBGene00010185.,15,218,233
WBGene00010186.,4,50,54
WBGene00010187.,7,22,29
WBGene00010188.,22,584,606
WBGene00010189.,14,113,127
WBGene00010191.,49,1754,1803
WBGene00010192.,21,638,659
WBGene00010193.,9,1213,1222
WBGene00010194.,2,423,425
WBGene00010195.,44,641,685
WBGene00010196.,5,17,22
WBGene00010197.,50,1513,1563
WBGene00010198.,113,719,832
WBGene00010199.,193,3528,3721
WBGene00010200.,186,457,643
WBGene00010202.,5,201,206
WBGene00010203.,0,6,6
WBGene00010204.,12,8151,8163
WBGene00010205.,8,116,124
WBGene00010206.,0,0,0
WBGene00010209.,4,35,39
WBGene00010212.,430,88,518
WBGene00010214.,20,125,145
WBGene00010215.,28,170,198
WBGene00010216.,2,22,24
WBGene00010217.,4,13,17
WBGene00010218.,4,7,11
WBGene00010219.,0,2,2
WBGene00010220.,9,19,28
WBGene00010221.,132,6757,6889
WBGene00010222.,43,139,182
WBGene00010223.,22,125,147
WBGene00010224.,51,293,344
WBGene00010225.,35,713,748
WBGene00010226.,0,9,9
WBGene00010227.,146,1546,1692
WBGene00010228.,104,16,120
WBGene00010229.,136,1357,1493
WBGene00010230.,99,3326,3425
WBGene00010231.,218,3875,4093
WBGene00010232.,193,8109,8302
WBGene00010233.,35,628,663
WBGene00010234.,0,551,551
WBGene00010235.,21,268,289
WBGene00010236.,127,4640,4767
WBGene00010237.,22,182,204
WBGene00010238.,79,1210,1289
WBGene00010239.,54,1486,1540
WBGene00010240.,11,8,19
WBGene00010241.,3,112,115
WBGene00010242.,150,1729,1879
WBGene00010243.,19,134,153
WBGene00010244.,1044,41801,42845
WBGene00010245.,8,4,12
WBGene00010246.,1,31,32
WBGene00010247.,1,0,1
WBGene00010248.,96,428,524
WBGene00010249.,11,3,14
WBGene00010250.,34,124,158
WBGene00010251.,951,3586,4537
WBGene00010253.,5,44,49
WBGene00010254.,0,7,7
WBGene00010255.,0,10,10
WBGene00010256.,1,5,6
WBGene00010257.,0,16,16
WBGene00010258.,59,739,798
WBGene00010259.,1260,2223,3483
WBGene00010260.,259,31147,31406
WBGene00010261.,4,8,12
WBGene00010262.,301,9780,10081
WBGene00010263.,5,147,152
WBGene00010264.,80,658,738
WBGene00010265.,3,4,7
WBGene00010266.,95,2091,2186
WBGene00010267.,2,23,25
WBGene00010268.,21,179,200
WBGene00010269.,14,586,600
WBGene00010270.,2,1,3
WBGene00010271.,0,5,5
WBGene00010272.,275,2079,2354
WBGene00010273.,1,13,14
WBGene00010274.,2,7,9
WBGene00010275.,160,477,637
WBGene00010276.,0,0,0
WBGene00010277.,2,85,87
WBGene00010278.,3,377,380
WBGene00010279.,106,3555,3661
WBGene00010280.,88,2229,2317
WBGene00010281.,18,1181,1199
WBGene00010282.,47,75,122
WBGene00010283.,54,577,631
WBGene00010284.,125,3029,3154
WBGene00010285.,7,131,138
WBGene00010286.,73,2172,2245
WBGene00010288.,70,888,958
WBGene00010289.,0,12,12
WBGene00010290.,53,4969,5022
WBGene00010291.,317,742,1059
WBGene00010292.,1,2,3
WBGene00010293.,70,1380,1450
WBGene00010294.,42,434,476
WBGene00010295.,74,810,884
WBGene00010296.,2,818,820
WBGene00010297.,24,88,112
WBGene00010298.,4,7,11
WBGene00010299.,4,3,7
WBGene00010300.,3,0,3
WBGene00010301.,0,0,0
WBGene00010303.,36,3655,3691
WBGene00010304.,106,742,848
WBGene00010305.,110,2125,2235
WBGene00010306.,1215,3316,4531
WBGene00010307.,9,460,469
WBGene00010308.,87,1052,1139
WBGene00010309.,175,1299,1474
WBGene00010310.,16,328,344
WBGene00010311.,9,221,230
WBGene00010313.,19,56,75
WBGene00010314.,0,4,4
WBGene00010315.,158,1064,1222
WBGene00010316.,275,788,1063
WBGene00010317.,147,3600,3747
WBGene00010318.,45,388,433
WBGene00010319.,107,337,444
WBGene00010320.,275,2231,2506
WBGene00010321.,86,1393,1479
WBGene00010322.,89,34,123
WBGene00010323.,1,7,8
WBGene00010324.,2,2,4
WBGene00010325.,27,1799,1826
WBGene00010326.,1922,17938,19860
WBGene00010327.,161,300,461
WBGene00010328.,126,2016,2142
WBGene00010329.,79,555,634
WBGene00010330.,471724,50,471774
WBGene00010331.,31,95,126
WBGene00010332.,10,331,341
WBGene00010333.,373,8133,8506
WBGene00010334.,103,833,936
WBGene00010335.,260,1394,1654
WBGene00010336.,41,512,553
WBGene00010337.,1590,14143,15733
WBGene00010338.,98,380,478
WBGene00010339.,42,1140,1182
WBGene00010340.,66,341,407
WBGene00010341.,59,475,534
WBGene00010342.,67,169,236
WBGene00010343.,13,33,46
WBGene00010344.,36,298,334
WBGene00010345.,23,31,54
WBGene00010348.,6,433,439
WBGene00010349.,45,292,337
WBGene00010350.,564,1331,1895
WBGene00010351.,4,268,272
WBGene00010352.,7,5,12
WBGene00010353.,5,309,314
WBGene00010354.,17,193,210
WBGene00010355.,0,2,2
WBGene00010356.,76,1094,1170
WBGene00010357.,242,3250,3492
WBGene00010358.,5,3,8
WBGene00010359.,6,2,8
WBGene00010360.,3,0,3
WBGene00010361.,6,7,13
WBGene00010362.,5,246,251
WBGene00010363.,64,542,606
WBGene00010364.,4,61,65
WBGene00010365.,16,14,30
WBGene00010366.,25,2,27
WBGene00010367.,106,1017,1123
WBGene00010368.,9,29,38
WBGene00010369.,183,4453,4636
WBGene00010370.,654,4866,5520
WBGene00010371.,0,38,38
WBGene00010372.,24,47,71
WBGene00010373.,3,14,17
WBGene00010374.,377,1552,1929
WBGene00010375.,19,564,583
WBGene00010376.,0,0,0
WBGene00010377.,0,0,0
WBGene00010378.,10,46,56
WBGene00010379.,0,0,0
WBGene00010380.,0,17,17
WBGene00010381.,0,0,0
WBGene00010382.,0,46,46
WBGene00010383.,51,641,692
WBGene00010385.,227,488,715
WBGene00010386.,126,174,300
WBGene00010387.,3,33,36
WBGene00010388.,1,3,4
WBGene00010389.,18,4,22
WBGene00010390.,4,36,40
WBGene00010391.,5,12,17
WBGene00010392.,11,2,13
WBGene00010394.,10,6,16
WBGene00010395.,0,0,0
WBGene00010396.,17,61,78
WBGene00010397.,24,831,855
WBGene00010399.,0,0,0
WBGene00010400.,0,0,0
WBGene00010401.,12,139,151
WBGene00010402.,15,70,85
WBGene00010403.,8,3,11
WBGene00010404.,0,0,0
WBGene00010405.,86,2051,2137
WBGene00010406.,68,4162,4230
WBGene00010407.,115,2354,2469
WBGene00010408.,131,3127,3258
WBGene00010409.,102,1108,1210
WBGene00010410.,0,0,0
WBGene00010411.,3,0,3
WBGene00010412.,0,1,1
WBGene00010413.,0,1,1
WBGene00010414.,2,19,21
WBGene00010415.,3,9,12
WBGene00010416.,306,1465,1771
WBGene00010417.,0,0,0
WBGene00010418.,54,1119,1173
WBGene00010419.,1487,57609,59096
WBGene00010420.,165,931,1096
WBGene00010421.,94,752,846
WBGene00010422.,10,259,269
WBGene00010423.,57,53,110
WBGene00010424.,5,50,55
WBGene00010425.,483,25876,26359
WBGene00010426.,35,59,94
WBGene00010427.,2050,2994,5044
WBGene00010428.,175,2100,2275
WBGene00010430.,0,0,0
WBGene00010431.,0,0,0
WBGene00010432.,15,231,246
WBGene00010433.,57,867,924
WBGene00010434.,69,82,151
WBGene00010435.,313,6556,6869
WBGene00010436.,0,312,312
WBGene00010437.,171,287,458
WBGene00010439.,42,717,759
WBGene00010440.,946,16190,17136
WBGene00010442.,28,242,270
WBGene00010444.,963,2971,3934
WBGene00010446.,0,25,25
WBGene00010447.,17,41,58
WBGene00010448.,85,298,383
WBGene00010449.,81,564,645
WBGene00010450.,257,3472,3729
WBGene00010451.,113,12,125
WBGene00010453.,61,334,395
WBGene00010454.,15,104,119
WBGene00010455.,15,69,84
WBGene00010456.,62,1548,1610
WBGene00010457.,8,66,74
WBGene00010458.,11,1084,1095
WBGene00010459.,5,1026,1031
WBGene00010460.,22,37,59
WBGene00010461.,2,5,7
WBGene00010463.,29,3,32
WBGene00010464.,2,3,5
WBGene00010465.,89,1820,1909
WBGene00010466.,0,12,12
WBGene00010467.,1,1,2
WBGene00010468.,7,183,190
WBGene00010469.,3,46,49
WBGene00010470.,331,2244,2575
WBGene00010471.,393,4212,4605
WBGene00010472.,2,52,54
WBGene00010473.,53,257,310
WBGene00010474.,0,0,0
WBGene00010475.,479,712,1191
WBGene00010476.,44,1849,1893
WBGene00010477.,6,163,169
WBGene00010478.,28,7297,7325
WBGene00010479.,140,1499,1639
WBGene00010480.,1483,14944,16427
WBGene00010481.,19,586,605
WBGene00010483.,2,22,24
WBGene00010484.,414,10467,10881
WBGene00010485.,1,105,106
WBGene00010486.,0,5,5
WBGene00010487.,11,17,28
WBGene00010488.,506,4024,4530
WBGene00010491.,5,528,533
WBGene00010492.,1,7,8
WBGene00010493.,3,6,9
WBGene00010494.,3,32,35
WBGene00010495.,3,36,39
WBGene00010496.,84,1419,1503
WBGene00010497.,49,225,274
WBGene00010498.,169,1247,1416
WBGene00010499.,0,17,17
WBGene00010500.,250,3351,3601
WBGene00010501.,14,179,193
WBGene00010502.,124,1083,1207
WBGene00010503.,193,1805,1998
WBGene00010504.,5,113,118
WBGene00010505.,41,112,153
WBGene00010506.,38,121,159
WBGene00010507.,185,4606,4791
WBGene00010508.,14,34,48
WBGene00010509.,0,0,0
WBGene00010510.,6,1,7
WBGene00010511.,6,14,20
WBGene00010512.,12,148,160
WBGene00010513.,45,375,420
WBGene00010514.,269,2989,3258
WBGene00010515.,21,361,382
WBGene00010516.,282,4196,4478
WBGene00010517.,0,1,1
WBGene00010518.,0,0,0
WBGene00010519.,8,28,36
WBGene00010520.,60,548,608
WBGene00010521.,24,66,90
WBGene00010522.,139,1259,1398
WBGene00010523.,2,0,2
WBGene00010524.,5,252,257
WBGene00010525.,15,211,226
WBGene00010526.,0,0,0
WBGene00010527.,1,3,4
WBGene00010528.,40,975,1015
WBGene00010529.,5,14,19
WBGene00010530.,4,0,4
WBGene00010531.,0,0,0
WBGene00010534.,150,1,151
WBGene00010535.,1,3,4
WBGene00010536.,0,0,0
WBGene00010537.,310,341,651
WBGene00010538.,6,11,17
WBGene00010539.,130,1731,1861
WBGene00010540.,58,539,597
WBGene00010541.,675,6782,7457
WBGene00010542.,11,1128,1139
WBGene00010543.,0,6,6
WBGene00010544.,0,3,3
WBGene00010545.,0,236,236
WBGene00010546.,3,300,303
WBGene00010547.,0,0,0
WBGene00010550.,112,2372,2484
WBGene00010551.,180,1784,1964
WBGene00010552.,49,840,889
WBGene00010553.,6,322,328
WBGene00010554.,3,17,20
WBGene00010555.,0,1,1
WBGene00010556.,1575,218571,220146
WBGene00010557.,21,465,486
WBGene00010558.,112,374,486
WBGene00010559.,10,216,226
WBGene00010560.,230,6334,6564
WBGene00010562.,108,2176,2284
WBGene00010563.,27,21,48
WBGene00010564.,167,1869,2036
WBGene00010565.,7,373,380
WBGene00010566.,63,206,269
WBGene00010567.,95,1341,1436
WBGene00010568.,0,55,55
WBGene00010569.,64,704,768
WBGene00010570.,0,3,3
WBGene00010571.,27,154,181
WBGene00010572.,18,539,557
WBGene00010573.,132,406,538
WBGene00010574.,4,49,53
WBGene00010575.,54,1612,1666
WBGene00010576.,3,17,20
WBGene00010577.,1,0,1
WBGene00010578.,4,7,11
WBGene00010579.,34,8894,8928
WBGene00010580.,14,20,34
WBGene00010581.,6,259,265
WBGene00010582.,164,1367,1531
WBGene00010583.,2,2001,2003
WBGene00010584.,0,30,30
WBGene00010585.,309,679,988
WBGene00010586.,1,11,12
WBGene00010587.,160,283,443
WBGene00010588.,0,3,3
WBGene00010589.,3,32,35
WBGene00010590.,0,3,3
WBGene00010591.,4,47,51
WBGene00010592.,81,435,516
WBGene00010593.,83,1019,1102
WBGene00010594.,18,38,56
WBGene00010595.,18,55,73
WBGene00010596.,0,9,9
WBGene00010597.,368,240,608
WBGene00010598.,0,2,2
WBGene00010599.,17,45,62
WBGene00010600.,0,10,10
WBGene00010601.,1,3,4
WBGene00010602.,1,17,18
WBGene00010603.,8,82,90
WBGene00010604.,3,274,277
WBGene00010605.,234,1394,1628
WBGene00010606.,5,58,63
WBGene00010607.,35,10,45
WBGene00010608.,146,2024,2170
WBGene00010609.,214,2004,2218
WBGene00010610.,258,2056,2314
WBGene00010611.,1,1,2
WBGene00010612.,0,6,6
WBGene00010613.,3,3,6
WBGene00010614.,10,21,31
WBGene00010615.,117,1835,1952
WBGene00010616.,63,2368,2431
WBGene00010617.,11,80,91
WBGene00010618.,0,0,0
WBGene00010619.,112,1058,1170
WBGene00010620.,111,2277,2388
WBGene00010621.,12,236,248
WBGene00010622.,42,772,814
WBGene00010623.,20,59,79
WBGene00010624.,105,1507,1612
WBGene00010625.,57,881,938
WBGene00010626.,502,3657,4159
WBGene00010627.,327,6514,6841
WBGene00010628.,73,1106,1179
WBGene00010629.,127,3338,3465
WBGene00010630.,12,111,123
WBGene00010631.,245,3169,3414
WBGene00010632.,204,1029,1233
WBGene00010633.,0,1,1
WBGene00010634.,1,18,19
WBGene00010635.,2,68,70
WBGene00010636.,12,57,69
WBGene00010637.,14,122,136
WBGene00010638.,234,1885,2119
WBGene00010639.,660,11659,12319
WBGene00010640.,7,697,704
WBGene00010641.,115,2502,2617
WBGene00010642.,84,775,859
WBGene00010643.,148,953,1101
WBGene00010644.,96,945,1041
WBGene00010645.,110,1123,1233
WBGene00010646.,45,69,114
WBGene00010647.,6,722,728
WBGene00010648.,137,1348,1485
WBGene00010649.,156,1027,1183
WBGene00010650.,2,17,19
WBGene00010651.,4,39,43
WBGene00010652.,3,37,40
WBGene00010653.,0,0,0
WBGene00010654.,10,36,46
WBGene00010655.,11,31,42
WBGene00010656.,1,1,2
WBGene00010657.,6,3,9
WBGene00010658.,7,115,122
WBGene00010659.,4,16,20
WBGene00010660.,62,318,380
WBGene00010661.,5,311,316
WBGene00010662.,9,12,21
WBGene00010663.,240,906,1146
WBGene00010664.,99,1790,1889
WBGene00010665.,476,5389,5865
WBGene00010666.,3,574,577
WBGene00010667.,66,390,456
WBGene00010669.,63,69,132
WBGene00010670.,9,1344,1353
WBGene00010671.,26,1247,1273
WBGene00010672.,1,6,7
WBGene00010673.,6,10,16
WBGene00010674.,17,421,438
WBGene00010675.,93,823,916
WBGene00010676.,131,2391,2522
WBGene00010677.,68,5754,5822
WBGene00010678.,97,1685,1782
WBGene00010679.,1,34,35
WBGene00010680.,5,26,31
WBGene00010681.,1270,27579,28849
WBGene00010682.,31,2069,2100
WBGene00010683.,0,179,179
WBGene00010684.,162,106,268
WBGene00010685.,84,1222,1306
WBGene00010686.,55,997,1052
WBGene00010687.,113,3093,3206
WBGene00010688.,0,5,5
WBGene00010689.,3,35,38
WBGene00010690.,0,3,3
WBGene00010691.,3,142,145
WBGene00010692.,2,24,26
WBGene00010693.,52,143,195
WBGene00010694.,26,32,58
WBGene00010697.,79,1253,1332
WBGene00010698.,3,12,15
WBGene00010699.,281,2561,2842
WBGene00010700.,354,5571,5925
WBGene00010701.,96,2272,2368
WBGene00010702.,77,367,444
WBGene00010703.,551,2266,2817
WBGene00010704.,6,286,292
WBGene00010705.,4,10,14
WBGene00010706.,1,14,15
WBGene00010707.,4,13,17
WBGene00010708.,13,55,68
WBGene00010709.,241,751,992
WBGene00010711.,0,20,20
WBGene00010712.,3,34,37
WBGene00010713.,207,752,959
WBGene00010714.,40,57,97
WBGene00010715.,1,3,4
WBGene00010716.,23,147,170
WBGene00010717.,75,1026,1101
WBGene00010718.,7,102,109
WBGene00010719.,2,18,20
WBGene00010720.,71,857,928
WBGene00010721.,67,597,664
WBGene00010722.,74,984,1058
WBGene00010723.,3,70,73
WBGene00010724.,135,834,969
WBGene00010725.,55,475,530
WBGene00010726.,14,1427,1441
WBGene00010727.,119,2409,2528
WBGene00010728.,0,7,7
WBGene00010730.,79,8302,8381
WBGene00010731.,730,4428,5158
WBGene00010732.,676,2876,3552
WBGene00010733.,0,0,0
WBGene00010734.,93,575,668
WBGene00010735.,88,154,242
WBGene00010736.,598,4387,4985
WBGene00010737.,25,411,436
WBGene00010738.,34,261,295
WBGene00010740.,0,793,793
WBGene00010741.,4,215,219
WBGene00010742.,106,3893,3999
WBGene00010743.,10,32,42
WBGene00010744.,172,1307,1479
WBGene00010745.,3,55,58
WBGene00010746.,25,0,25
WBGene00010747.,21,64,85
WBGene00010748.,1,2,3
WBGene00010749.,5,44,49
WBGene00010750.,6,86,92
WBGene00010752.,11,189,200
WBGene00010753.,7,12,19
WBGene00010754.,1,27,28
WBGene00010755.,10,169,179
WBGene00010756.,139,766,905
WBGene00010757.,20,367,387
WBGene00010758.,102,650,752
WBGene00010759.,39,401,440
WBGene00010760.,0,10,10
WBGene00010761.,4,2,6
WBGene00010762.,4,28,32
WBGene00010763.,0,4,4
WBGene00010764.,2,3,5
WBGene00010765.,19,72,91
WBGene00010766.,74,2312,2386
WBGene00010767.,11,560,571
WBGene00010768.,82,114,196
WBGene00010769.,498,11188,11686
WBGene00010770.,226,502,728
WBGene00010771.,43,314,357
WBGene00010772.,465,822,1287
WBGene00010773.,80,1065,1145
WBGene00010774.,42,369,411
WBGene00010775.,14,24,38
WBGene00010776.,114,505,619
WBGene00010777.,0,0,0
WBGene00010778.,380,4700,5080
WBGene00010779.,13,60,73
WBGene00010780.,80,1954,2034
WBGene00010781.,33,330,363
WBGene00010782.,22,215,237
WBGene00010783.,107,1560,1667
WBGene00010784.,151,802,953
WBGene00010785.,78,2644,2722
WBGene00010786.,16,70,86
WBGene00010787.,15,456,471
WBGene00010788.,18,73,91
WBGene00010789.,258,1687,1945
WBGene00010790.,874,113495,114369
WBGene00010791.,18,237,255
WBGene00010792.,29,150,179
WBGene00010793.,560,4474,5034
WBGene00010794.,440,12814,13254
WBGene00010795.,49,916,965
WBGene00010796.,593,4383,4976
WBGene00010797.,0,3,3
WBGene00010798.,0,0,0
WBGene00010799.,14,31,45
WBGene00010800.,2,7,9
WBGene00010801.,2,9,11
WBGene00010802.,4,0,4
WBGene00010803.,37,908,945
WBGene00010804.,3,29,32
WBGene00010805.,28,503,531
WBGene00010806.,360,4132,4492
WBGene00010807.,28,2071,2099
WBGene00010808.,0,3,3
WBGene00010809.,78,10367,10445
WBGene00010810.,281,2305,2586
WBGene00010811.,118,1027,1145
WBGene00010812.,149,2950,3099
WBGene00010813.,434,1086,1520
WBGene00010814.,55,466,521
WBGene00010815.,92,333,425
WBGene00010817.,0,1,1
WBGene00010818.,16,25,41
WBGene00010819.,1,5,6
WBGene00010820.,0,0,0
WBGene00010821.,3,14,17
WBGene00010822.,50,867,917
WBGene00010823.,3,8,11
WBGene00010824.,0,0,0
WBGene00010825.,5,29,34
WBGene00010827.,114,1258,1372
WBGene00010828.,1072,3326,4398
WBGene00010829.,8,8,16
WBGene00010830.,19,35,54
WBGene00010831.,10,10,20
WBGene00010832.,0,3,3
WBGene00010833.,38,277,315
WBGene00010834.,29,1130,1159
WBGene00010835.,12,45,57
WBGene00010836.,30,153,183
WBGene00010837.,64,1910,1974
WBGene00010838.,360,3453,3813
WBGene00010839.,80,505,585
WBGene00010840.,651,2195,2846
WBGene00010842.,398,2426,2824
WBGene00010843.,26,121,147
WBGene00010844.,154,2940,3094
WBGene00010845.,215,2305,2520
WBGene00010846.,87,614,701
WBGene00010847.,70,592,662
WBGene00010848.,15,1385,1400
WBGene00010849.,373,360,733
WBGene00010850.,308,1848,2156
WBGene00010851.,18,84,102
WBGene00010854.,0,11,11
WBGene00010855.,146,23,169
WBGene00010856.,593,1533,2126
WBGene00010857.,126,254,380
WBGene00010858.,14,160,174
WBGene00010859.,19,72,91
WBGene00010862.,2,14,16
WBGene00010863.,39,51,90
WBGene00010864.,139,1409,1548
WBGene00010865.,108,1007,1115
WBGene00010866.,0,2,2
WBGene00010867.,311,1723,2034
WBGene00010868.,188,5036,5224
WBGene00010869.,2,32,34
WBGene00010870.,68,1496,1564
WBGene00010871.,77,364,441
WBGene00010872.,46,3118,3164
WBGene00010873.,119,1124,1243
WBGene00010874.,11,13,24
WBGene00010875.,78,1349,1427
WBGene00010876.,8,37,45
WBGene00010877.,107,505,612
WBGene00010878.,71,1116,1187
WBGene00010879.,123,3752,3875
WBGene00010880.,40,85,125
WBGene00010881.,71,426,497
WBGene00010882.,75,2422,2497
WBGene00010883.,1,2,3
WBGene00010884.,68,695,763
WBGene00010885.,1,0,1
WBGene00010886.,0,4,4
WBGene00010887.,86,932,1018
WBGene00010888.,261,2411,2672
WBGene00010889.,34,905,939
WBGene00010890.,259,4328,4587
WBGene00010891.,14,1578,1592
WBGene00010892.,16,779,795
WBGene00010893.,3,21,24
WBGene00010894.,15,4,19
WBGene00010895.,2,5,7
WBGene00010896.,57,7997,8054
WBGene00010897.,206,1366,1572
WBGene00010898.,104,525,629
WBGene00010899.,19,158,177
WBGene00010900.,7,4,11
WBGene00010901.,1,229,230
WBGene00010902.,101,1201,1302
WBGene00010904.,40,680,720
WBGene00010905.,63,1436,1499
WBGene00010906.,32,640,672
WBGene00010907.,38,448,486
WBGene00010908.,217,3199,3416
WBGene00010909.,177,1204,1381
WBGene00010910.,297,756,1053
WBGene00010911.,237,2280,2517
WBGene00010912.,149,2243,2392
WBGene00010913.,114,1843,1957
WBGene00010915.,11,6,17
WBGene00010916.,22,60,82
WBGene00010917.,8,11,19
WBGene00010918.,370,1350,1720
WBGene00010919.,266,179,445
WBGene00010920.,15,52,67
WBGene00010921.,9,49,58
WBGene00010922.,2,487,489
WBGene00010923.,381,919,1300
WBGene00010924.,19,4,23
WBGene00010925.,10,15,25
WBGene00010926.,0,2,2
WBGene00010927.,2,0,2
WBGene00010928.,0,10,10
WBGene00010929.,6,12,18
WBGene00010930.,1,3,4
WBGene00010931.,9,69,78
WBGene00010932.,0,1,1
WBGene00010933.,0,6,6
WBGene00010934.,5,94,99
WBGene00010935.,0,1726,1726
WBGene00010936.,69,456,525
WBGene00010937.,13,93,106
WBGene00010938.,0,0,0
WBGene00010939.,0,0,0
WBGene00010940.,10,3497,3507
WBGene00010941.,77,819,896
WBGene00010942.,406,7069,7475
WBGene00010943.,45,1473,1518
WBGene00010944.,122,3439,3561
WBGene00010945.,24,1376,1400
WBGene00010946.,21,8,29
WBGene00010947.,1,526,527
WBGene00010948.,6,20,26
WBGene00010949.,12,16,28
WBGene00010950.,5,15,20
WBGene00010951.,58,317,375
WBGene00010952.,7,0,7
WBGene00010953.,2,1,3
WBGene00010954.,0,0,0
WBGene00010955.,9,332,341
WBGene00010956.,0,14,14
WBGene00010957.,0,803115,803115
WBGene00010958.,0,110811,110811
WBGene00010959.,0,366927,366927
WBGene00010960.,0,1260139,1260139
WBGene00010961.,0,74201,74201
WBGene00010962.,0,1362904,1362904
WBGene00010963.,0,112649,112649
WBGene00010964.,0,526146,526146
WBGene00010965.,0,730342,730342
WBGene00010966.,0,17588,17588
WBGene00010967.,0,144679,144679
WBGene00010968.,19,172,191
WBGene00010969.,0,4,4
WBGene00010970.,159,624,783
WBGene00010971.,30,221,251
WBGene00010972.,14,595,609
WBGene00010973.,23,92,115
WBGene00010974.,119,888,1007
WBGene00010975.,176,845,1021
WBGene00010976.,27,1278,1305
WBGene00010977.,200,2262,2462
WBGene00010978.,7,70,77
WBGene00010979.,214,221,435
WBGene00010980.,7,52,59
WBGene00010981.,86,1428,1514
WBGene00010982.,222,3298,3520
WBGene00010983.,53,154,207
WBGene00010984.,5,837,842
WBGene00010985.,112,606,718
WBGene00010986.,61,355,416
WBGene00010987.,5,6,11
WBGene00010988.,39,743,782
WBGene00010989.,4,235,239
WBGene00010990.,460,2360,2820
WBGene00010991.,9,51,60
WBGene00010992.,1,5,6
WBGene00010993.,75,5756,5831
WBGene00010994.,226,3074,3300
WBGene00010995.,2,2,4
WBGene00010996.,2,4,6
WBGene00010998.,9,38,47
WBGene00010999.,13,8,21
WBGene00011000.,25,12,37
WBGene00011001.,0,1,1
WBGene00011002.,13,54,67
WBGene00011003.,47,453,500
WBGene00011004.,406,682,1088
WBGene00011005.,3,4,7
WBGene00011006.,16,29,45
WBGene00011007.,4,3,7
WBGene00011008.,2,2,4
WBGene00011009.,1,29,30
WBGene00011010.,1,19,20
WBGene00011011.,0,6,6
WBGene00011012.,0,8,8
WBGene00011013.,10,46,56
WBGene00011014.,26,165,191
WBGene00011015.,3026,43628,46654
WBGene00011016.,39,1784,1823
WBGene00011017.,12,1527,1539
WBGene00011018.,385,8375,8760
WBGene00011019.,268,3909,4177
WBGene00011020.,49,590,639
WBGene00011021.,324,4340,4664
WBGene00011022.,4,8,12
WBGene00011023.,1,2,3
WBGene00011024.,4,1,5
WBGene00011025.,5,12,17
WBGene00011026.,1951,9578,11529
WBGene00011027.,52,301,353
WBGene00011028.,615,1089,1704
WBGene00011029.,264,1623,1887
WBGene00011030.,169,733,902
WBGene00011032.,77,1780,1857
WBGene00011033.,16,796,812
WBGene00011034.,51,1092,1143
WBGene00011035.,144,1690,1834
WBGene00011036.,80,1072,1152
WBGene00011037.,42,554,596
WBGene00011038.,101,3195,3296
WBGene00011039.,14,230,244
WBGene00011040.,53,878,931
WBGene00011041.,0,12,12
WBGene00011042.,19,757,776
WBGene00011043.,853,1775,2628
WBGene00011044.,178,316,494
WBGene00011045.,474,1487,1961
WBGene00011046.,4,36,40
WBGene00011047.,26,996,1022
WBGene00011049.,4,16,20
WBGene00011050.,256,3029,3285
WBGene00011051.,91,3135,3226
WBGene00011052.,53,351,404
WBGene00011053.,15,4,19
WBGene00011054.,76,1155,1231
WBGene00011055.,168,2210,2378
WBGene00011056.,3,2,5
WBGene00011058.,399,867,1266
WBGene00011059.,391,5324,5715
WBGene00011060.,297,7084,7381
WBGene00011061.,57,1926,1983
WBGene00011062.,6,553,559
WBGene00011063.,26,469,495
WBGene00011064.,106,1750,1856
WBGene00011065.,17,185,202
WBGene00011066.,120,1022,1142
WBGene00011067.,104,907,1011
WBGene00011068.,54,1078,1132
WBGene00011069.,39,369,408
WBGene00011070.,309,11851,12160
WBGene00011071.,102,853,955
WBGene00011072.,683,7009,7692
WBGene00011073.,30,424,454
WBGene00011074.,20,122,142
WBGene00011075.,21,34,55
WBGene00011076.,15,87,102
WBGene00011077.,17,38,55
WBGene00011078.,5,20,25
WBGene00011079.,0,0,0
WBGene00011081.,10,94,104
WBGene00011082.,34,442,476
WBGene00011083.,51,120,171
WBGene00011084.,4,17,21
WBGene00011087.,58,712,770
WBGene00011088.,22,758,780
WBGene00011089.,44,1498,1542
WBGene00011090.,52,414,466
WBGene00011092.,42,240,282
WBGene00011093.,79,374,453
WBGene00011094.,11,173,184
WBGene00011095.,4,417,421
WBGene00011096.,13,6,19
WBGene00011097.,256,2170,2426
WBGene00011098.,14,78,92
WBGene00011099.,48,503,551
WBGene00011100.,71,291,362
WBGene00011101.,34,95,129
WBGene00011102.,282,12023,12305
WBGene00011103.,3,195,198
WBGene00011104.,20,34,54
WBGene00011105.,198,2166,2364
WBGene00011106.,60,967,1027
WBGene00011107.,5,33,38
WBGene00011108.,103,455,558
WBGene00011109.,93,1930,2023
WBGene00011110.,449,3450,3899
WBGene00011111.,53,3487,3540
WBGene00011112.,18,506,524
WBGene00011113.,45,171,216
WBGene00011114.,3,47,50
WBGene00011115.,90,2605,2695
WBGene00011116.,120,8921,9041
WBGene00011117.,5,279,284
WBGene00011119.,222,2530,2752
WBGene00011120.,0,9,9
WBGene00011121.,22,292,314
WBGene00011122.,349,2541,2890
WBGene00011123.,189,826,1015
WBGene00011124.,78,2801,2879
WBGene00011127.,0,4,4
WBGene00011128.,40,5957,5997
WBGene00011129.,8,67,75
WBGene00011130.,3121,10,3131
WBGene00011131.,233,647,880
WBGene00011132.,0,3,3
WBGene00011133.,14,143,157
WBGene00011134.,0,0,0
WBGene00011135.,0,2,2
WBGene00011136.,10,50,60
WBGene00011137.,9,199,208
WBGene00011139.,33,542,575
WBGene00011140.,149,1011,1160
WBGene00011141.,103,1153,1256
WBGene00011142.,101,1805,1906
WBGene00011143.,106,1875,1981
WBGene00011144.,18,2659,2677
WBGene00011145.,60,1603,1663
WBGene00011146.,1005,4161,5166
WBGene00011147.,38,214,252
WBGene00011149.,6,13,19
WBGene00011150.,7,6,13
WBGene00011151.,2,1,3
WBGene00011152.,10,4,14
WBGene00011153.,17,11,28
WBGene00011154.,137,2828,2965
WBGene00011155.,527,9538,10065
WBGene00011156.,4458,88428,92886
WBGene00011157.,0,33,33
WBGene00011158.,1,92,93
WBGene00011159.,1,13,14
WBGene00011160.,0,3,3
WBGene00011161.,0,34,34
WBGene00011162.,1,13,14
WBGene00011163.,1,7,8
WBGene00011164.,3,0,3
WBGene00011165.,3,17,20
WBGene00011166.,3,212,215
WBGene00011167.,5,172,177
WBGene00011168.,7,29,36
WBGene00011169.,0,1,1
WBGene00011170.,0,0,0
WBGene00011171.,41,282,323
WBGene00011172.,2,18,20
WBGene00011173.,3,0,3
WBGene00011174.,6,0,6
WBGene00011175.,6,9,15
WBGene00011176.,4,96,100
WBGene00011177.,1,1,2
WBGene00011178.,0,2,2
WBGene00011179.,6,39,45
WBGene00011180.,20,79,99
WBGene00011181.,67,2291,2358
WBGene00011182.,144,715,859
WBGene00011183.,15,12,27
WBGene00011184.,2,56,58
WBGene00011185.,2,86,88
WBGene00011186.,3,3,6
WBGene00011187.,2,64,66
WBGene00011188.,45,681,726
WBGene00011189.,47,412,459
WBGene00011190.,106,420,526
WBGene00011191.,6,45,51
WBGene00011192.,21,16,37
WBGene00011193.,32,1284,1316
WBGene00011194.,183,832,1015
WBGene00011195.,32,1910,1942
WBGene00011196.,0,0,0
WBGene00011197.,80,643,723
WBGene00011198.,89,4817,4906
WBGene00011200.,13,43,56
WBGene00011201.,21,300,321
WBGene00011202.,2,14,16
WBGene00011203.,9,37,46
WBGene00011205.,244,4041,4285
WBGene00011206.,65,712,777
WBGene00011207.,335,233,568
WBGene00011208.,3,5,8
WBGene00011209.,6,63,69
WBGene00011210.,5,9,14
WBGene00011211.,15,1,16
WBGene00011212.,85,605,690
WBGene00011213.,78,391,469
WBGene00011214.,6,157,163
WBGene00011215.,173,696,869
WBGene00011216.,146,2051,2197
WBGene00011217.,124,849,973
WBGene00011218.,52,686,738
WBGene00011219.,5,10,15
WBGene00011220.,11,119,130
WBGene00011221.,236,1783,2019
WBGene00011222.,106,1792,1898
WBGene00011223.,20,321,341
WBGene00011224.,23,261,284
WBGene00011225.,36,734,770
WBGene00011226.,268,2049,2317
WBGene00011227.,10,392,402
WBGene00011228.,4,38,42
WBGene00011229.,0,2,2
WBGene00011230.,159,8129,8288
WBGene00011231.,20,850,870
WBGene00011232.,4429,66708,71137
WBGene00011234.,0,24,24
WBGene00011235.,66,280,346
WBGene00011236.,45,929,974
WBGene00011237.,98,3738,3836
WBGene00011238.,13,64,77
WBGene00011239.,93,1374,1467
WBGene00011240.,559,6544,7103
WBGene00011241.,12,87,99
WBGene00011242.,134,2038,2172
WBGene00011243.,7,45,52
WBGene00011244.,8,1483,1491
WBGene00011245.,1,1,2
WBGene00011246.,9,25,34
WBGene00011247.,246,3786,4032
WBGene00011248.,88,1453,1541
WBGene00011249.,5,37,42
WBGene00011250.,55,2355,2410
WBGene00011251.,150,545,695
WBGene00011252.,24,398,422
WBGene00011253.,42,1305,1347
WBGene00011254.,237,8895,9132
WBGene00011255.,17,112,129
WBGene00011257.,17,13,30
WBGene00011258.,24,331,355
WBGene00011259.,598,3910,4508
WBGene00011260.,29,242,271
WBGene00011261.,553,603,1156
WBGene00011262.,49,342,391
WBGene00011263.,26,1825,1851
WBGene00011264.,11,12,23
WBGene00011265.,15,407,422
WBGene00011266.,3,872,875
WBGene00011267.,2,83,85
WBGene00011268.,295,1235,1530
WBGene00011269.,43,60,103
WBGene00011270.,370,7333,7703
WBGene00011271.,67,891,958
WBGene00011272.,25,518,543
WBGene00011273.,2308,95546,97854
WBGene00011274.,209,1895,2104
WBGene00011275.,41,681,722
WBGene00011276.,154,2578,2732
WBGene00011277.,2,19,21
WBGene00011278.,0,81,81
WBGene00011279.,448,4382,4830
WBGene00011280.,64,935,999
WBGene00011281.,111,1372,1483
WBGene00011282.,236,3520,3756
WBGene00011283.,465,3845,4310
WBGene00011284.,58,5322,5380
WBGene00011285.,90,1103,1193
WBGene00011286.,628,8204,8832
WBGene00011287.,146,970,1116
WBGene00011288.,4,421,425
WBGene00011289.,14,14630,14644
WBGene00011290.,0,26,26
WBGene00011291.,108,956,1064
WBGene00011292.,1085,19977,21062
WBGene00011293.,47,48,95
WBGene00011294.,13,35,48
WBGene00011295.,0,2,2
WBGene00011296.,4,58,62
WBGene00011297.,2,16,18
WBGene00011298.,274,1194,1468
WBGene00011299.,443,3501,3944
WBGene00011300.,188,13723,13911
WBGene00011302.,404,2388,2792
WBGene00011303.,459,3276,3735
WBGene00011304.,8219,30380,38599
WBGene00011305.,25,599,624
WBGene00011306.,46,705,751
WBGene00011307.,74,34,108
WBGene00011308.,227,4336,4563
WBGene00011309.,159,778,937
WBGene00011310.,54,581,635
WBGene00011311.,486,9669,10155
WBGene00011312.,6,975,981
WBGene00011313.,2,115,117
WBGene00011314.,53,404,457
WBGene00011315.,14,193,207
WBGene00011317.,39,739,778
WBGene00011318.,22,1018,1040
WBGene00011319.,91,1059,1150
WBGene00011320.,5,245,250
WBGene00011321.,3,471,474
WBGene00011322.,10,40,50
WBGene00011323.,156,2413,2569
WBGene00011324.,10,901,911
WBGene00011325.,11,89,100
WBGene00011326.,155,1554,1709
WBGene00011327.,1,24,25
WBGene00011328.,502,10263,10765
WBGene00011329.,95,2318,2413
WBGene00011330.,103,2121,2224
WBGene00011331.,57,2603,2660
WBGene00011333.,236,4844,5080
WBGene00011334.,167,2525,2692
WBGene00011335.,73,156,229
WBGene00011336.,0,6,6
WBGene00011337.,132,5373,5505
WBGene00011338.,149,1023,1172
WBGene00011339.,5,62,67
WBGene00011340.,7,20,27
WBGene00011341.,0,2,2
WBGene00011342.,4,10,14
WBGene00011344.,740,4320,5060
WBGene00011345.,4,357,361
WBGene00011346.,0,0,0
WBGene00011348.,141,983,1124
WBGene00011349.,90,1473,1563
WBGene00011350.,0,233,233
WBGene00011351.,23,98,121
WBGene00011352.,308,3203,3511
WBGene00011353.,56,267,323
WBGene00011354.,11,76,87
WBGene00011355.,5,40,45
WBGene00011356.,1,6,7
WBGene00011357.,2,4,6
WBGene00011358.,8,14,22
WBGene00011359.,21,13,34
WBGene00011360.,7,13,20
WBGene00011361.,28,235,263
WBGene00011362.,2,11,13
WBGene00011363.,1,302,303
WBGene00011364.,67,713,780
WBGene00011365.,2,14,16
WBGene00011366.,4,115,119
WBGene00011367.,95,1890,1985
WBGene00011368.,92,930,1022
WBGene00011369.,3,13,16
WBGene00011371.,56,260,316
WBGene00011372.,403,328,731
WBGene00011373.,0,0,0
WBGene00011374.,473,4859,5332
WBGene00011375.,206,1391,1597
WBGene00011376.,51,741,792
WBGene00011378.,14,11,25
WBGene00011379.,6,20,26
WBGene00011380.,41,376,417
WBGene00011381.,18,307,325
WBGene00011382.,78,892,970
WBGene00011383.,180,4452,4632
WBGene00011386.,1,32,33
WBGene00011387.,8,0,8
WBGene00011388.,7,1,8
WBGene00011389.,0,0,0
WBGene00011390.,1,2,3
WBGene00011391.,196,1560,1756
WBGene00011392.,422,52921,53343
WBGene00011393.,33,529,562
WBGene00011394.,49,698,747
WBGene00011395.,2,2,4
WBGene00011396.,3,6,9
WBGene00011397.,19,310,329
WBGene00011398.,445,6088,6533
WBGene00011399.,0,719,719
WBGene00011400.,245,1450,1695
WBGene00011401.,1,36,37
WBGene00011402.,12,13,25
WBGene00011403.,8,21,29
WBGene00011404.,197,1554,1751
WBGene00011405.,5,41,46
WBGene00011407.,96,1013,1109
WBGene00011408.,90,1827,1917
WBGene00011409.,29,1797,1826
WBGene00011410.,10,2047,2057
WBGene00011411.,2,1079,1081
WBGene00011412.,58,1630,1688
WBGene00011414.,6,15,21
WBGene00011415.,78,1112,1190
WBGene00011416.,0,483,483
WBGene00011417.,0,0,0
WBGene00011418.,0,0,0
WBGene00011419.,0,0,0
WBGene00011420.,0,0,0
WBGene00011421.,8,62,70
WBGene00011422.,32,188,220
WBGene00011423.,612,6698,7310
WBGene00011424.,113,1247,1360
WBGene00011425.,41,87,128
WBGene00011426.,56,102,158
WBGene00011427.,35,101,136
WBGene00011428.,442,13304,13746
WBGene00011429.,3,84,87
WBGene00011430.,64,725,789
WBGene00011431.,4,54,58
WBGene00011432.,0,4,4
WBGene00011433.,333,1621,1954
WBGene00011434.,17,539,556
WBGene00011435.,2,35,37
WBGene00011436.,94,1677,1771
WBGene00011437.,26,635,661
WBGene00011438.,6,15,21
WBGene00011439.,68,1532,1600
WBGene00011440.,121,4292,4413
WBGene00011441.,63,612,675
WBGene00011442.,47,609,656
WBGene00011443.,8,100,108
WBGene00011444.,81,518,599
WBGene00011445.,98,870,968
WBGene00011446.,8,505,513
WBGene00011447.,50,100,150
WBGene00011448.,30,243,273
WBGene00011449.,129,3628,3757
WBGene00011450.,4,169,173
WBGene00011451.,39,651,690
WBGene00011452.,113,1459,1572
WBGene00011453.,34,320,354
WBGene00011454.,47,229,276
WBGene00011456.,60,86,146
WBGene00011458.,16,12,28
WBGene00011459.,12,11,23
WBGene00011460.,96,232,328
WBGene00011462.,33,89,122
WBGene00011463.,59,554,613
WBGene00011464.,85,1302,1387
WBGene00011465.,8,130,138
WBGene00011466.,4,27,31
WBGene00011467.,1,3,4
WBGene00011468.,10,44,54
WBGene00011469.,0,3,3
WBGene00011470.,0,0,0
WBGene00011471.,64,429,493
WBGene00011472.,2,1,3
WBGene00011473.,20,420,440
WBGene00011474.,59,27394,27453
WBGene00011475.,1,32,33
WBGene00011476.,31,168,199
WBGene00011478.,5,13,18
WBGene00011479.,66,1062,1128
WBGene00011480.,307,7701,8008
WBGene00011481.,10,3899,3909
WBGene00011482.,11,172,183
WBGene00011483.,3,7,10
WBGene00011484.,11,313,324
WBGene00011485.,1,1,2
WBGene00011486.,1,3,4
WBGene00011487.,9,15,24
WBGene00011488.,103,1355,1458
WBGene00011489.,126,1522,1648
WBGene00011490.,73,1273,1346
WBGene00011491.,3,3,6
WBGene00011492.,46,97,143
WBGene00011493.,6,76,82
WBGene00011494.,4,9,13
WBGene00011495.,84,1955,2039
WBGene00011497.,81,818,899
WBGene00011498.,246,1608,1854
WBGene00011499.,7,7,14
WBGene00011500.,99,2131,2230
WBGene00011501.,4,490,494
WBGene00011502.,18,576,594
WBGene00011503.,306,1772,2078
WBGene00011505.,0,2,2
WBGene00011506.,2,2,4
WBGene00011507.,87,3519,3606
WBGene00011508.,3,26,29
WBGene00011509.,0,61,61
WBGene00011510.,256,6697,6953
WBGene00011511.,534,3939,4473
WBGene00011512.,32,200,232
WBGene00011513.,7,800,807
WBGene00011514.,41,673,714
WBGene00011515.,4,12,16
WBGene00011516.,3,28,31
WBGene00011517.,103,851,954
WBGene00011518.,9,5,14
WBGene00011519.,7,83,90
WBGene00011520.,275,1707,1982
WBGene00011521.,3,2549,2552
WBGene00011522.,445,8933,9378
WBGene00011523.,42,144,186
WBGene00011524.,35,72,107
WBGene00011526.,101,2029,2130
WBGene00011527.,12,2334,2346
WBGene00011528.,68,1832,1900
WBGene00011529.,42,2313,2355
WBGene00011530.,24,30,54
WBGene00011531.,399,7292,7691
WBGene00011532.,285,3141,3426
WBGene00011533.,0,1,1
WBGene00011534.,15,95,110
WBGene00011535.,0,6,6
WBGene00011536.,1,5,6
WBGene00011537.,0,45,45
WBGene00011538.,73,4425,4498
WBGene00011539.,0,24,24
WBGene00011540.,70,429,499
WBGene00011541.,4,5,9
WBGene00011542.,7,6,13
WBGene00011543.,126,1650,1776
WBGene00011544.,8,3,11
WBGene00011545.,32,424,456
WBGene00011546.,31,239,270
WBGene00011547.,1,13,14
WBGene00011548.,1,0,1
WBGene00011549.,0,1,1
WBGene00011550.,2,4,6
WBGene00011551.,11,140,151
WBGene00011554.,8,10,18
WBGene00011556.,3,10,13
WBGene00011557.,1,7,8
WBGene00011558.,0,1022,1022
WBGene00011559.,44,841,885
WBGene00011560.,35,1664,1699
WBGene00011561.,646,25257,25903
WBGene00011562.,171,1860,2031
WBGene00011563.,18,28,46
WBGene00011564.,683,3681,4364
WBGene00011565.,2,21,23
WBGene00011566.,4,18,22
WBGene00011567.,0,3,3
WBGene00011568.,7,19,26
WBGene00011570.,3,5,8
WBGene00011571.,606,17521,18127
WBGene00011572.,19,124,143
WBGene00011573.,24,1846,1870
WBGene00011574.,0,19,19
WBGene00011575.,22,235,257
WBGene00011576.,424,1467,1891
WBGene00011577.,1,4,5
WBGene00011578.,33,167,200
WBGene00011579.,393,3860,4253
WBGene00011580.,120,2397,2517
WBGene00011581.,21,101,122
WBGene00011582.,68,44,112
WBGene00011583.,53,640,693
WBGene00011584.,0,0,0
WBGene00011585.,0,0,0
WBGene00011586.,61,3728,3789
WBGene00011587.,15,182,197
WBGene00011589.,42,1206,1248
WBGene00011590.,524,1473,1997
WBGene00011591.,20,320,340
WBGene00011592.,121,91,212
WBGene00011593.,3,43,46
WBGene00011594.,0,2,2
WBGene00011595.,1,2,3
WBGene00011596.,19,571,590
WBGene00011597.,163,710,873
WBGene00011599.,0,1098,1098
WBGene00011600.,67,664,731
WBGene00011601.,91,718,809
WBGene00011604.,425,1598,2023
WBGene00011605.,209,4074,4283
WBGene00011606.,14,34,48
WBGene00011607.,66,99,165
WBGene00011608.,2,54,56
WBGene00011609.,0,1,1
WBGene00011610.,0,99,99
WBGene00011611.,19,49,68
WBGene00011612.,40,56,96
WBGene00011613.,36,245,281
WBGene00011614.,6,197,203
WBGene00011615.,22,287,309
WBGene00011616.,8,14,22
WBGene00011617.,3,0,3
WBGene00011618.,3,1,4
WBGene00011619.,9,1,10
WBGene00011620.,2,6,8
WBGene00011621.,1,2,3
WBGene00011622.,10,28,38
WBGene00011623.,2,24,26
WBGene00011624.,34,167,201
WBGene00011625.,44,1358,1402
WBGene00011626.,0,0,0
WBGene00011627.,0,0,0
WBGene00011628.,0,0,0
WBGene00011629.,553,16820,17373
WBGene00011630.,29,121,150
WBGene00011631.,572,5065,5637
WBGene00011633.,28,224,252
WBGene00011634.,137,1739,1876
WBGene00011635.,32,1047,1079
WBGene00011636.,284,4203,4487
WBGene00011637.,63,992,1055
WBGene00011638.,20,2780,2800
WBGene00011639.,577,5413,5990
WBGene00011640.,6,240,246
WBGene00011641.,0,834,834
WBGene00011642.,4,63,67
WBGene00011643.,25,158,183
WBGene00011644.,58,864,922
WBGene00011645.,27,517,544
WBGene00011646.,4,31,35
WBGene00011647.,1764,9160,10924
WBGene00011648.,72,917,989
WBGene00011649.,10,10,20
WBGene00011650.,4,2,6
WBGene00011651.,10,3,13
WBGene00011652.,1,1,2
WBGene00011653.,7,3,10
WBGene00011654.,2,9,11
WBGene00011655.,2,2,4
WBGene00011656.,5,4,9
WBGene00011657.,2,66,68
WBGene00011658.,4,4,8
WBGene00011659.,1,1,2
WBGene00011660.,86,376,462
WBGene00011661.,137,1801,1938
WBGene00011662.,369,4894,5263
WBGene00011663.,179,933,1112
WBGene00011664.,47,663,710
WBGene00011665.,2,7,9
WBGene00011666.,0,9,9
WBGene00011668.,3,17,20
WBGene00011669.,4,1,5
WBGene00011670.,5,87,92
WBGene00011671.,39,151,190
WBGene00011672.,478,7703,8181
WBGene00011673.,12,232,244
WBGene00011674.,18,131,149
WBGene00011675.,67,111,178
WBGene00011676.,50,623,673
WBGene00011677.,39,244,283
WBGene00011678.,21,548,569
WBGene00011679.,75,2470,2545
WBGene00011680.,37,693,730
WBGene00011681.,329,2296,2625
WBGene00011682.,51,192,243
WBGene00011683.,473,5062,5535
WBGene00011684.,47,692,739
WBGene00011685.,0,5,5
WBGene00011686.,3,3,6
WBGene00011687.,22,4687,4709
WBGene00011688.,43,1209,1252
WBGene00011689.,45,74,119
WBGene00011690.,2,7,9
WBGene00011691.,12,17,29
WBGene00011692.,1698,10991,12689
WBGene00011693.,8,49,57
WBGene00011694.,71,253,324
WBGene00011695.,34,81,115
WBGene00011696.,576,5352,5928
WBGene00011697.,5,15,20
WBGene00011698.,17,47,64
WBGene00011699.,8,71,79
WBGene00011701.,3,3,6
WBGene00011702.,46,66,112
WBGene00011703.,5,7,12
WBGene00011704.,1,1,2
WBGene00011705.,62,648,710
WBGene00011706.,16,197,213
WBGene00011707.,6,75,81
WBGene00011708.,309,3562,3871
WBGene00011709.,24,120,144
WBGene00011710.,0,1,1
WBGene00011712.,0,38,38
WBGene00011713.,12,365,377
WBGene00011714.,0,1,1
WBGene00011715.,0,1,1
WBGene00011716.,2,12,14
WBGene00011717.,41,703,744
WBGene00011718.,17,204,221
WBGene00011719.,43,448,491
WBGene00011720.,522,3685,4207
WBGene00011721.,2,3,5
WBGene00011722.,134,2425,2559
WBGene00011723.,234,2143,2377
WBGene00011724.,3,1,4
WBGene00011725.,90,276,366
WBGene00011726.,339,4038,4377
WBGene00011727.,139,2042,2181
WBGene00011728.,27,172,199
WBGene00011729.,232,2820,3052
WBGene00011730.,44,6306,6350
WBGene00011731.,32,586,618
WBGene00011732.,1141,3957,5098
WBGene00011733.,414,38590,39004
WBGene00011734.,152,6290,6442
WBGene00011735.,683,6422,7105
WBGene00011736.,155,6701,6856
WBGene00011737.,349,14735,15084
WBGene00011738.,115,1286,1401
WBGene00011739.,21,1248,1269
WBGene00011740.,256,2728,2984
WBGene00011741.,9,88,97
WBGene00011742.,57,1219,1276
WBGene00011743.,277,5146,5423
WBGene00011744.,16,54,70
WBGene00011745.,56,226,282
WBGene00011746.,77,1641,1718
WBGene00011747.,93,2066,2159
WBGene00011748.,4,22,26
WBGene00011749.,0,1,1
WBGene00011750.,2,5,7
WBGene00011751.,0,20,20
WBGene00011752.,26,383,409
WBGene00011753.,1,0,1
WBGene00011754.,34,236,270
WBGene00011755.,1256,4305,5561
WBGene00011756.,35,757,792
WBGene00011757.,10,28,38
WBGene00011758.,80,2701,2781
WBGene00011759.,19,3307,3326
WBGene00011760.,43,516,559
WBGene00011761.,29,1015,1044
WBGene00011762.,15,180,195
WBGene00011763.,197,8132,8329
WBGene00011765.,66,395,461
WBGene00011767.,423,2226,2649
WBGene00011768.,18,565,583
WBGene00011770.,4,28,32
WBGene00011771.,260,1884,2144
WBGene00011772.,27,146,173
WBGene00011773.,6,492,498
WBGene00011774.,186,2195,2381
WBGene00011775.,126,1693,1819
WBGene00011776.,18,1162,1180
WBGene00011777.,1,194,195
WBGene00011778.,2,0,2
WBGene00011779.,1,0,1
WBGene00011780.,4,0,4
WBGene00011781.,1,1,2
WBGene00011782.,2,3,5
WBGene00011783.,2,0,2
WBGene00011784.,1,7,8
WBGene00011785.,2,10,12
WBGene00011786.,0,2,2
WBGene00011788.,46,763,809
WBGene00011789.,5,24,29
WBGene00011790.,4,17,21
WBGene00011791.,0,7,7
WBGene00011793.,17,136,153
WBGene00011794.,214,1009,1223
WBGene00011795.,8,63,71
WBGene00011796.,28,50,78
WBGene00011797.,10,34,44
WBGene00011798.,190,1508,1698
WBGene00011799.,39,462,501
WBGene00011800.,150,1484,1634
WBGene00011801.,425,5339,5764
WBGene00011802.,42,885,927
WBGene00011803.,5,15,20
WBGene00011804.,44,79,123
WBGene00011805.,0,88,88
WBGene00011806.,69,1547,1616
WBGene00011807.,188,1126,1314
WBGene00011808.,1,1,2
WBGene00011809.,0,2,2
WBGene00011810.,6,4,10
WBGene00011811.,15,416,431
WBGene00011812.,14,127,141
WBGene00011813.,75,1154,1229
WBGene00011814.,57,452,509
WBGene00011815.,379,6328,6707
WBGene00011816.,1,3,4
WBGene00011817.,269,1973,2242
WBGene00011818.,41,3,44
WBGene00011819.,21,872,893
WBGene00011820.,18,532,550
WBGene00011821.,55,762,817
WBGene00011822.,104,1538,1642
WBGene00011823.,7,1902,1909
WBGene00011824.,671,2176,2847
WBGene00011826.,93,214,307
WBGene00011827.,1518,2324,3842
WBGene00011828.,10,715,725
WBGene00011829.,52,131,183
WBGene00011830.,66,1788,1854
WBGene00011831.,3,100,103
WBGene00011832.,64,1209,1273
WBGene00011833.,5,86,91
WBGene00011834.,39,1107,1146
WBGene00011835.,28,1425,1453
WBGene00011836.,0,29,29
WBGene00011837.,7,46,53
WBGene00011838.,13,172,185
WBGene00011839.,20,1844,1864
WBGene00011840.,0,1,1
WBGene00011841.,0,6,6
WBGene00011842.,0,1,1
WBGene00011844.,17,109,126
WBGene00011846.,8,134,142
WBGene00011847.,6,35,41
WBGene00011848.,26,53,79
WBGene00011849.,59,8758,8817
WBGene00011850.,79,316,395
WBGene00011851.,0,5,5
WBGene00011852.,4,16,20
WBGene00011853.,0,10,10
WBGene00011854.,406,577,983
WBGene00011855.,1,32,33
WBGene00011856.,346,6643,6989
WBGene00011857.,180,4206,4386
WBGene00011858.,46,2932,2978
WBGene00011859.,123,3808,3931
WBGene00011860.,9,851,860
WBGene00011864.,151,3862,4013
WBGene00011867.,87,4215,4302
WBGene00011868.,53,478,531
WBGene00011869.,98,151934,152032
WBGene00011870.,14,3775,3789
WBGene00011871.,72,1018,1090
WBGene00011872.,64,658,722
WBGene00011873.,194,303,497
WBGene00011874.,2,37,39
WBGene00011875.,36,139,175
WBGene00011876.,1,15,16
WBGene00011877.,4,4,8
WBGene00011878.,101,235,336
WBGene00011879.,78,586,664
WBGene00011880.,119,3013,3132
WBGene00011882.,12,0,12
WBGene00011883.,184,2092,2276
WBGene00011884.,78,28259,28337
WBGene00011885.,572,2504,3076
WBGene00011886.,22,437,459
WBGene00011887.,752,1370,2122
WBGene00011888.,241,756,997
WBGene00011890.,30,834,864
WBGene00011891.,40,1540,1580
WBGene00011892.,183,3662,3845
WBGene00011893.,52,619,671
WBGene00011894.,981,16544,17525
WBGene00011895.,9,30,39
WBGene00011896.,5,180,185
WBGene00011897.,173,3568,3741
WBGene00011898.,1,392,393
WBGene00011899.,41,1125,1166
WBGene00011900.,30,36,66
WBGene00011902.,1,12,13
WBGene00011903.,4,19,23
WBGene00011904.,383,1388,1771
WBGene00011906.,3,43,46
WBGene00011908.,119,560,679
WBGene00011909.,11,11,22
WBGene00011910.,6,27,33
WBGene00011911.,0,11,11
WBGene00011912.,158,3264,3422
WBGene00011913.,315,2408,2723
WBGene00011914.,20,751,771
WBGene00011915.,26,515,541
WBGene00011916.,96,725,821
WBGene00011917.,190,5068,5258
WBGene00011918.,6,4,10
WBGene00011919.,3,22,25
WBGene00011920.,73,949,1022
WBGene00011921.,4,3,7
WBGene00011922.,5,46,51
WBGene00011923.,21,136,157
WBGene00011924.,58,738,796
WBGene00011925.,35,648,683
WBGene00011926.,33,191,224
WBGene00011927.,13,408,421
WBGene00011928.,24,75,99
WBGene00011929.,0,0,0
WBGene00011930.,82,380,462
WBGene00011931.,15,898,913
WBGene00011932.,170,858,1028
WBGene00011933.,2,4,6
WBGene00011934.,0,0,0
WBGene00011935.,15,1681,1696
WBGene00011936.,157,3248,3405
WBGene00011937.,0,4,4
WBGene00011938.,15,65,80
WBGene00011939.,215,1014,1229
WBGene00011940.,429,707,1136
WBGene00011941.,90,675,765
WBGene00011942.,0,0,0
WBGene00011943.,0,4,4
WBGene00011944.,899,11762,12661
WBGene00011945.,127,570,697
WBGene00011947.,0,0,0
WBGene00011948.,7,64,71
WBGene00011949.,8,34,42
WBGene00011950.,0,3,3
WBGene00011951.,7,21,28
WBGene00011952.,38,122,160
WBGene00011953.,726,7424,8150
WBGene00011954.,0,7,7
WBGene00011955.,107,1419,1526
WBGene00011956.,28,720,748
WBGene00011957.,147,919,1066
WBGene00011958.,6,127,133
WBGene00011959.,4,1119,1123
WBGene00011960.,21,275,296
WBGene00011961.,2,1,3
WBGene00011962.,101,1763,1864
WBGene00011963.,104,767,871
WBGene00011964.,80,918,998
WBGene00011965.,100,1333,1433
WBGene00011966.,1633,31427,33060
WBGene00011967.,262,5803,6065
WBGene00011968.,3,61,64
WBGene00011969.,8,1574,1582
WBGene00011970.,351,1454,1805
WBGene00011971.,195,3000,3195
WBGene00011972.,227,1720,1947
WBGene00011973.,11,29,40
WBGene00011974.,36,493,529
WBGene00011975.,176,2325,2501
WBGene00011976.,231,1374,1605
WBGene00011977.,340,19924,20264
WBGene00011978.,486,3826,4312
WBGene00011979.,2,9,11
WBGene00011980.,351,3336,3687
WBGene00011981.,1,15,16
WBGene00011982.,3,24,27
WBGene00011983.,1,32,33
WBGene00011984.,69,803,872
WBGene00011985.,77,1563,1640
WBGene00011986.,1,198,199
WBGene00011988.,59,517,576
WBGene00011989.,3,0,3
WBGene00011990.,9,158,167
WBGene00011991.,10,3,13
WBGene00011992.,0,1,1
WBGene00011993.,0,0,0
WBGene00011994.,15,1105,1120
WBGene00011995.,418,2774,3192
WBGene00011996.,21,478,499
WBGene00011997.,30,1761,1791
WBGene00011999.,8,73,81
WBGene00012000.,36,1229,1265
WBGene00012002.,80,1151,1231
WBGene00012003.,32,12,44
WBGene00012004.,102,1891,1993
WBGene00012005.,4097,1283,5380
WBGene00012007.,32,1692,1724
WBGene00012008.,0,12,12
WBGene00012009.,59,200,259
WBGene00012010.,1,16,17
WBGene00012011.,0,5,5
WBGene00012012.,1,3,4
WBGene00012013.,189,680,869
WBGene00012014.,139,1978,2117
WBGene00012015.,414,3734,4148
WBGene00012016.,108,518,626
WBGene00012017.,47,48,95
WBGene00012018.,284,2914,3198
WBGene00012019.,2134,2157,4291
WBGene00012020.,2,373,375
WBGene00012021.,4,19,23
WBGene00012022.,8,9,17
WBGene00012023.,9,25,34
WBGene00012024.,0,1,1
WBGene00012025.,4,13,17
WBGene00012026.,3,12,15
WBGene00012027.,5,10,15
WBGene00012028.,4,45,49
WBGene00012029.,108,1406,1514
WBGene00012030.,367,15751,16118
WBGene00012031.,87,3499,3586
WBGene00012032.,4,18,22
WBGene00012033.,309,1236,1545
WBGene00012034.,60,1203,1263
WBGene00012035.,12,415,427
WBGene00012036.,0,7,7
WBGene00012037.,1034,8271,9305
WBGene00012038.,0,6,6
WBGene00012039.,0,0,0
WBGene00012040.,6,11,17
WBGene00012041.,2,3,5
WBGene00012042.,9,199,208
WBGene00012043.,5,18,23
WBGene00012044.,5,66,71
WBGene00012045.,3,2,5
WBGene00012046.,3,1,4
WBGene00012047.,4,0,4
WBGene00012048.,0,1,1
WBGene00012049.,1,0,1
WBGene00012050.,2,0,2
WBGene00012051.,10,12,22
WBGene00012052.,2,1,3
WBGene00012053.,0,1,1
WBGene00012054.,4,2,6
WBGene00012055.,1,13,14
WBGene00012056.,2,14,16
WBGene00012057.,0,0,0
WBGene00012058.,3,11,14
WBGene00012059.,227,4288,4515
WBGene00012060.,0,1,1
WBGene00012061.,0,2,2
WBGene00012062.,27,289,316
WBGene00012063.,0,1,1
WBGene00012064.,0,0,0
WBGene00012065.,0,0,0
WBGene00012066.,4,2,6
WBGene00012067.,1,1,2
WBGene00012068.,23,207,230
WBGene00012069.,29,313,342
WBGene00012070.,76,297,373
WBGene00012072.,5,11,16
WBGene00012073.,45,427,472
WBGene00012074.,5,9,14
WBGene00012075.,0,1,1
WBGene00012077.,6,1,7
WBGene00012078.,0,0,0
WBGene00012079.,0,0,0
WBGene00012080.,0,0,0
WBGene00012081.,7,1,8
WBGene00012083.,3,0,3
WBGene00012084.,288,403,691
WBGene00012085.,177,4303,4480
WBGene00012086.,7,4,11
WBGene00012087.,10,1,11
WBGene00012088.,2,8,10
WBGene00012089.,1,6,7
WBGene00012090.,2,2,4
WBGene00012091.,11,4,15
WBGene00012093.,5,10,15
WBGene00012094.,0,5662,5662
WBGene00012095.,168,1404,1572
WBGene00012096.,0,4,4
WBGene00012097.,432,47669,48101
WBGene00012098.,1,3,4
WBGene00012099.,155,296,451
WBGene00012100.,559,4462,5021
WBGene00012101.,18,7403,7421
WBGene00012102.,9,28,37
WBGene00012103.,7,115,122
WBGene00012104.,439,3421,3860
WBGene00012105.,91,761,852
WBGene00012106.,43,548,591
WBGene00012107.,5,81,86
WBGene00012108.,4,4,8
WBGene00012109.,27,443,470
WBGene00012110.,33,351,384
WBGene00012111.,29,315,344
WBGene00012112.,91,928,1019
WBGene00012113.,76,25967,26043
WBGene00012114.,54,223,277
WBGene00012115.,10,37,47
WBGene00012116.,44,221,265
WBGene00012117.,1414,13737,15151
WBGene00012118.,64,892,956
WBGene00012119.,5,55,60
WBGene00012120.,2,27,29
WBGene00012121.,417,5543,5960
WBGene00012122.,15,1388,1403
WBGene00012123.,7,67,74
WBGene00012124.,33,583,616
WBGene00012125.,198,1542,1740
WBGene00012126.,815,1478,2293
WBGene00012127.,21,630,651
WBGene00012128.,227,3588,3815
WBGene00012130.,35,322,357
WBGene00012131.,35,317,352
WBGene00012132.,65,621,686
WBGene00012133.,5,9,14
WBGene00012134.,155,1650,1805
WBGene00012135.,52,210,262
WBGene00012136.,1565,5113,6678
WBGene00012137.,261,736,997
WBGene00012138.,24,148,172
WBGene00012139.,1603,1884,3487
WBGene00012140.,1311,114714,116025
WBGene00012142.,120,860,980
WBGene00012143.,58,635,693
WBGene00012144.,127,5604,5731
WBGene00012145.,31,818,849
WBGene00012146.,0,0,0
WBGene00012147.,12,47,59
WBGene00012148.,294,73511,73805
WBGene00012149.,329,1928,2257
WBGene00012150.,72,572,644
WBGene00012151.,10,184,194
WBGene00012152.,103,1796,1899
WBGene00012155.,14,232,246
WBGene00012156.,4,1191,1195
WBGene00012157.,235,1421,1656
WBGene00012158.,1601,17502,19103
WBGene00012159.,1,4,5
WBGene00012162.,7,287,294
WBGene00012163.,9,47,56
WBGene00012164.,113,222,335
WBGene00012165.,137,305,442
WBGene00012166.,39,7669,7708
WBGene00012167.,15,1195,1210
WBGene00012168.,277,621,898
WBGene00012169.,5,1,6
WBGene00012170.,11,10,21
WBGene00012171.,0,5,5
WBGene00012172.,16,56,72
WBGene00012173.,0,14,14
WBGene00012174.,5,5,10
WBGene00012175.,3,23,26
WBGene00012176.,7,7,14
WBGene00012177.,0,3,3
WBGene00012178.,119,562,681
WBGene00012179.,1489,87042,88531
WBGene00012180.,144,39,183
WBGene00012181.,15,6,21
WBGene00012182.,103,5971,6074
WBGene00012183.,0,245,245
WBGene00012184.,31,247,278
WBGene00012185.,98,1357,1455
WBGene00012186.,5,28,33
WBGene00012187.,52,1688,1740
WBGene00012188.,198,1378,1576
WBGene00012189.,7,80,87
WBGene00012190.,41,76,117
WBGene00012191.,201,256,457
WBGene00012192.,130,650,780
WBGene00012193.,1261,8364,9625
WBGene00012194.,91,2382,2473
WBGene00012195.,51,127,178
WBGene00012196.,17,207,224
WBGene00012197.,90,1586,1676
WBGene00012198.,14,397,411
WBGene00012199.,2,2,4
WBGene00012200.,1,1,2
WBGene00012201.,60,555,615
WBGene00012202.,13,35,48
WBGene00012203.,170,2988,3158
WBGene00012204.,62,5158,5220
WBGene00012205.,43,1480,1523
WBGene00012206.,35,1338,1373
WBGene00012207.,6,4,10
WBGene00012208.,84,1014,1098
WBGene00012209.,25,567,592
WBGene00012210.,7,740,747
WBGene00012211.,4,25,29
WBGene00012212.,0,9,9
WBGene00012213.,0,16,16
WBGene00012214.,1,0,1
WBGene00012215.,8,6,14
WBGene00012216.,74,7230,7304
WBGene00012217.,25,89,114
WBGene00012218.,1,3,4
WBGene00012219.,12,63,75
WBGene00012220.,118,525,643
WBGene00012221.,226,5824,6050
WBGene00012222.,79,293,372
WBGene00012223.,0,1,1
WBGene00012224.,5,11,16
WBGene00012225.,83,287,370
WBGene00012226.,284,2182,2466
WBGene00012227.,10,53,63
WBGene00012228.,23,103,126
WBGene00012230.,480,1739,2219
WBGene00012231.,5,8,13
WBGene00012232.,2,0,2
WBGene00012233.,17,21,38
WBGene00012234.,472,2099,2571
WBGene00012235.,162,924,1086
WBGene00012236.,85,527,612
WBGene00012237.,7,315,322
WBGene00012238.,30,9,39
WBGene00012239.,203,7666,7869
WBGene00012240.,0,10,10
WBGene00012241.,194,417,611
WBGene00012242.,2,12,14
WBGene00012243.,59,1662,1721
WBGene00012244.,64,10211,10275
WBGene00012245.,823,8643,9466
WBGene00012246.,4,8,12
WBGene00012247.,0,0,0
WBGene00012248.,0,0,0
WBGene00012249.,1,2,3
WBGene00012250.,4,1,5
WBGene00012251.,5,145,150
WBGene00012252.,230,1987,2217
WBGene00012253.,81,6959,7040
WBGene00012254.,95,384,479
WBGene00012255.,4,87,91
WBGene00012256.,1,17,18
WBGene00012257.,0,9,9
WBGene00012258.,30,1364,1394
WBGene00012259.,148,794,942
WBGene00012260.,2,3,5
WBGene00012261.,3,33,36
WBGene00012264.,8,26,34
WBGene00012265.,14,105,119
WBGene00012266.,18,43,61
WBGene00012267.,0,3,3
WBGene00012268.,12,136,148
WBGene00012269.,7,12,19
WBGene00012270.,19,44,63
WBGene00012271.,11,49,60
WBGene00012272.,116,135,251
WBGene00012274.,1007,5057,6064
WBGene00012275.,113,235,348
WBGene00012276.,188,3788,3976
WBGene00012277.,94,1464,1558
WBGene00012278.,1,0,1
WBGene00012279.,12,400,412
WBGene00012280.,8,88,96
WBGene00012281.,194,523,717
WBGene00012282.,40,633,673
WBGene00012283.,3,4,7
WBGene00012284.,1,8,9
WBGene00012285.,4,9,13
WBGene00012286.,2,4,6
WBGene00012287.,0,4,4
WBGene00012288.,1,7,8
WBGene00012289.,410,3632,4042
WBGene00012290.,13,51,64
WBGene00012291.,561,3053,3614
WBGene00012292.,0,0,0
WBGene00012293.,82,46,128
WBGene00012294.,0,1,1
WBGene00012295.,43,193,236
WBGene00012296.,5,33,38
WBGene00012297.,6,29,35
WBGene00012298.,101,2642,2743
WBGene00012299.,3,49,52
WBGene00012300.,0,0,0
WBGene00012301.,0,4,4
WBGene00012302.,0,1,1
WBGene00012303.,3,2,5
WBGene00012304.,33,3,36
WBGene00012305.,0,0,0
WBGene00012306.,669,1288,1957
WBGene00012307.,35,228,263
WBGene00012308.,4,6,10
WBGene00012309.,1,2,3
WBGene00012310.,15,1,16
WBGene00012311.,1,3,4
WBGene00012312.,0,0,0
WBGene00012313.,0,1,1
WBGene00012314.,0,0,0
WBGene00012315.,123,2235,2358
WBGene00012316.,246,1366,1612
WBGene00012317.,235,3148,3383
WBGene00012318.,2,9,11
WBGene00012319.,474,2533,3007
WBGene00012320.,2,1,3
WBGene00012321.,8,56,64
WBGene00012322.,133,1190,1323
WBGene00012323.,1,9,10
WBGene00012324.,5,157,162
WBGene00012325.,21,101,122
WBGene00012326.,406,1254,1660
WBGene00012328.,25,117,142
WBGene00012329.,13,10,23
WBGene00012330.,65,692,757
WBGene00012332.,28,268,296
WBGene00012333.,14,37,51
WBGene00012334.,22,11,33
WBGene00012335.,2,8,10
WBGene00012336.,14,23,37
WBGene00012337.,172,3463,3635
WBGene00012339.,403,6041,6444
WBGene00012340.,93,343,436
WBGene00012341.,160,1858,2018
WBGene00012342.,217,2678,2895
WBGene00012343.,121,1848,1969
WBGene00012344.,290,5820,6110
WBGene00012345.,12,26,38
WBGene00012346.,6,1,7
WBGene00012347.,726,949,1675
WBGene00012348.,1851,5643,7494
WBGene00012349.,4,2,6
WBGene00012350.,0,0,0
WBGene00012351.,4660,41974,46634
WBGene00012352.,224,968,1192
WBGene00012353.,144,1920,2064
WBGene00012354.,677,56102,56779
WBGene00012355.,100,0,100
WBGene00012356.,26,544,570
WBGene00012357.,5,50,55
WBGene00012358.,247,3353,3600
WBGene00012359.,97,1181,1278
WBGene00012360.,412,2312,2724
WBGene00012361.,36,2928,2964
WBGene00012362.,1368,3244,4612
WBGene00012363.,208,1179,1387
WBGene00012364.,138,781,919
WBGene00012365.,92,1321,1413
WBGene00012366.,222,2604,2826
WBGene00012368.,4,170,174
WBGene00012369.,133,1375,1508
WBGene00012370.,306,670,976
WBGene00012371.,525,577,1102
WBGene00012372.,70,274,344
WBGene00012373.,0,0,0
WBGene00012374.,431,245,676
WBGene00012375.,41,2990,3031
WBGene00012376.,551,20680,21231
WBGene00012377.,0,0,0
WBGene00012378.,0,0,0
WBGene00012379.,0,4,4
WBGene00012381.,104,1060,1164
WBGene00012382.,6423,133971,140394
WBGene00012383.,2312,41309,43621
WBGene00012384.,37,95,132
WBGene00012385.,107,1076,1183
WBGene00012386.,70093,1376,71469
WBGene00012387.,63,280,343
WBGene00012388.,11,4,15
WBGene00012389.,480,1975,2455
WBGene00012390.,189,656,845
WBGene00012391.,40,534,574
WBGene00012393.,178,905,1083
WBGene00012394.,22,15,37
WBGene00012395.,2,1188,1190
WBGene00012396.,7,121,128
WBGene00012397.,0,16,16
WBGene00012398.,88,1161,1249
WBGene00012399.,105,209,314
WBGene00012400.,8,43,51
WBGene00012401.,0,5,5
WBGene00012402.,1,3,4
WBGene00012403.,1,9,10
WBGene00012404.,27,672,699
WBGene00012405.,0,1,1
WBGene00012406.,3,6,9
WBGene00012407.,21,499,520
WBGene00012408.,25,174,199
WBGene00012409.,1,2,3
WBGene00012411.,0,0,0
WBGene00012412.,0,208,208
WBGene00012413.,8,37,45
WBGene00012414.,2,19,21
WBGene00012415.,6,13,19
WBGene00012416.,12,63,75
WBGene00012418.,111,63,174
WBGene00012419.,0,0,0
WBGene00012420.,7,2924,2931
WBGene00012421.,161,2695,2856
WBGene00012423.,638,1902,2540
WBGene00012424.,1123,8206,9329
WBGene00012425.,20,53,73
WBGene00012426.,25,17,42
WBGene00012428.,10,4,14
WBGene00012429.,1,3,4
WBGene00012431.,4,403,407
WBGene00012432.,58,213,271
WBGene00012433.,5,24,29
WBGene00012434.,226,3768,3994
WBGene00012435.,12,1067,1079
WBGene00012436.,1,108,109
WBGene00012437.,244,1937,2181
WBGene00012439.,24,1149,1173
WBGene00012440.,6,1177,1183
WBGene00012441.,29,177,206
WBGene00012442.,28,60,88
WBGene00012443.,740,13803,14543
WBGene00012444.,459,10391,10850
WBGene00012445.,24,135,159
WBGene00012446.,51,195,246
WBGene00012448.,16,17,33
WBGene00012449.,84,320,404
WBGene00012450.,32,79,111
WBGene00012451.,8,13,21
WBGene00012452.,0,1826,1826
WBGene00012453.,0,10,10
WBGene00012454.,0,0,0
WBGene00012455.,23,68,91
WBGene00012456.,24,161,185
WBGene00012457.,39,102,141
WBGene00012458.,474,2405,2879
WBGene00012459.,80,1041,1121
WBGene00012460.,69,686,755
WBGene00012461.,329,338,667
WBGene00012462.,1383,1604,2987
WBGene00012463.,593,1934,2527
WBGene00012464.,54,323,377
WBGene00012465.,237,1940,2177
WBGene00012466.,1764,2111,3875
WBGene00012467.,126,214,340
WBGene00012468.,521,4073,4594
WBGene00012469.,94,451,545
WBGene00012470.,4,5,9
WBGene00012471.,226,8181,8407
WBGene00012472.,246,1347,1593
WBGene00012473.,283,370,653
WBGene00012474.,381,2634,3015
WBGene00012475.,18,8,26
WBGene00012476.,3,388,391
WBGene00012477.,50,64,114
WBGene00012478.,219,1373,1592
WBGene00012479.,191,1913,2104
WBGene00012480.,12,46,58
WBGene00012481.,20,514,534
WBGene00012482.,0,3,3
WBGene00012483.,0,1227,1227
WBGene00012484.,11,2961,2972
WBGene00012485.,3,157,160
WBGene00012486.,7,3,10
WBGene00012487.,3,69,72
WBGene00012488.,5,0,5
WBGene00012489.,0,0,0
WBGene00012490.,0,2,2
WBGene00012491.,75,143,218
WBGene00012492.,1,43,44
WBGene00012493.,0,1,1
WBGene00012494.,239,1332,1571
WBGene00012496.,110,1674,1784
WBGene00012497.,66,2999,3065
WBGene00012498.,0,98,98
WBGene00012499.,0,9,9
WBGene00012500.,5,9,14
WBGene00012501.,1,0,1
WBGene00012502.,1,5,6
WBGene00012503.,3,26,29
WBGene00012504.,0,5,5
WBGene00012505.,2,3,5
WBGene00012509.,0,0,0
WBGene00012512.,7,195,202
WBGene00012513.,22,131,153
WBGene00012514.,42,585,627
WBGene00012515.,10,7,17
WBGene00012516.,0,1,1
WBGene00012517.,1,1,2
WBGene00012518.,0,37,37
WBGene00012519.,1,3,4
WBGene00012520.,3,0,3
WBGene00012521.,1,9,10
WBGene00012522.,704,2707,3411
WBGene00012523.,0,1,1
WBGene00012524.,120,1037,1157
WBGene00012525.,11,50,61
WBGene00012526.,2,17,19
WBGene00012527.,114,992,1106
WBGene00012528.,188,4990,5178
WBGene00012529.,69,1311,1380
WBGene00012530.,696,959,1655
WBGene00012531.,95,771,866
WBGene00012532.,169,609,778
WBGene00012533.,5,91,96
WBGene00012535.,17,11,28
WBGene00012536.,80,386,466
WBGene00012537.,3,12,15
WBGene00012538.,19,143,162
WBGene00012540.,3,18,21
WBGene00012541.,15,11,26
WBGene00012542.,30,19,49
WBGene00012543.,757,3582,4339
WBGene00012544.,571,9230,9801
WBGene00012545.,32,22,54
WBGene00012546.,58,2182,2240
WBGene00012547.,1,7,8
WBGene00012548.,403,2108,2511
WBGene00012549.,13,5,18
WBGene00012550.,6,3030,3036
WBGene00012551.,14,1314,1328
WBGene00012552.,2,211,213
WBGene00012553.,5476,55226,60702
WBGene00012554.,358,9897,10255
WBGene00012555.,47,614,661
WBGene00012556.,98,1482,1580
WBGene00012557.,2,10,12
WBGene00012558.,302,2255,2557
WBGene00012559.,412,1086,1498
WBGene00012560.,308,1085,1393
WBGene00012561.,9,7,16
WBGene00012562.,186,1392,1578
WBGene00012564.,58,1298,1356
WBGene00012565.,36,1023,1059
WBGene00012566.,12,424,436
WBGene00012567.,20,82,102
WBGene00012568.,18,79,97
WBGene00012569.,0,341,341
WBGene00012570.,8,28,36
WBGene00012571.,5,0,5
WBGene00012572.,8,7,15
WBGene00012573.,188,3031,3219
WBGene00012574.,1,8,9
WBGene00012575.,1,2,3
WBGene00012576.,168,558,726
WBGene00012577.,2,5,7
WBGene00012578.,406,1316,1722
WBGene00012579.,1,0,1
WBGene00012580.,0,0,0
WBGene00012581.,0,0,0
WBGene00012582.,1,149,150
WBGene00012583.,6,7,13
WBGene00012584.,1833,5214,7047
WBGene00012585.,474,1039,1513
WBGene00012586.,17,23,40
WBGene00012587.,12,18,30
WBGene00012588.,0,11,11
WBGene00012589.,8,188,196
WBGene00012590.,1,1,2
WBGene00012591.,0,2884,2884
WBGene00012592.,0,91,91
WBGene00012593.,4,64,68
WBGene00012594.,7,165,172
WBGene00012595.,0,33,33
WBGene00012596.,1,7,8
WBGene00012597.,14,3,17
WBGene00012600.,115,677,792
WBGene00012602.,255,5035,5290
WBGene00012603.,9,131,140
WBGene00012604.,0,782,782
WBGene00012605.,23,540,563
WBGene00012606.,52,546,598
WBGene00012607.,28,82,110
WBGene00012608.,149,1838,1987
WBGene00012609.,2,4,6
WBGene00012610.,42,569,611
WBGene00012612.,2,8,10
WBGene00012614.,9,13,22
WBGene00012615.,284,4023,4307
WBGene00012616.,6,171,177
WBGene00012617.,0,2,2
WBGene00012618.,16,19,35
WBGene00012620.,0,1,1
WBGene00012621.,1,61,62
WBGene00012622.,53,159,212
WBGene00012623.,30,193,223
WBGene00012624.,129,1118,1247
WBGene00012625.,9,19,28
WBGene00012626.,32,165,197
WBGene00012627.,50,74,124
WBGene00012628.,92,1044,1136
WBGene00012629.,249,1180,1429
WBGene00012630.,3,7,10
WBGene00012631.,3,29,32
WBGene00012632.,32,255,287
WBGene00012633.,57,36,93
WBGene00012634.,8,252,260
WBGene00012635.,14,33,47
WBGene00012636.,7,8,15
WBGene00012637.,1,23,24
WBGene00012638.,0,1,1
WBGene00012639.,32,154,186
WBGene00012640.,4,173,177
WBGene00012641.,620,5682,6302
WBGene00012642.,15,19,34
WBGene00012643.,36,3590,3626
WBGene00012644.,575,802,1377
WBGene00012645.,174,1871,2045
WBGene00012646.,251,2762,3013
WBGene00012647.,110,628,738
WBGene00012648.,153,1549,1702
WBGene00012649.,0,3,3
WBGene00012650.,24,1062,1086
WBGene00012651.,81,546,627
WBGene00012652.,11,839,850
WBGene00012653.,0,0,0
WBGene00012654.,50,115,165
WBGene00012655.,2,0,2
WBGene00012656.,11,16,27
WBGene00012657.,61,248,309
WBGene00012658.,158,708,866
WBGene00012659.,36,11,47
WBGene00012660.,0,61,61
WBGene00012661.,1,4,5
WBGene00012662.,98,1443,1541
WBGene00012663.,306,1296,1602
WBGene00012664.,5,1322,1327
WBGene00012665.,123,778,901
WBGene00012666.,713,8333,9046
WBGene00012668.,3380,11347,14727
WBGene00012669.,32,141,173
WBGene00012670.,15,12,27
WBGene00012671.,7,35,42
WBGene00012672.,4,17,21
WBGene00012673.,26,221,247
WBGene00012674.,380,1914,2294
WBGene00012675.,331,1932,2263
WBGene00012676.,447,1576,2023
WBGene00012678.,37,269,306
WBGene00012679.,3,18,21
WBGene00012680.,1,48,49
WBGene00012681.,3,3,6
WBGene00012682.,12,13,25
WBGene00012683.,2,14,16
WBGene00012684.,5,15,20
WBGene00012686.,7,3,10
WBGene00012688.,7,14,21
WBGene00012689.,4,28,32
WBGene00012690.,3,4,7
WBGene00012692.,1042,12259,13301
WBGene00012693.,188,2520,2708
WBGene00012694.,134,1185,1319
WBGene00012695.,38,3236,3274
WBGene00012696.,36,245,281
WBGene00012697.,99,1385,1484
WBGene00012698.,33,745,778
WBGene00012699.,14,55,69
WBGene00012700.,55,876,931
WBGene00012701.,192,1101,1293
WBGene00012702.,7,64,71
WBGene00012703.,71,276,347
WBGene00012704.,57,363,420
WBGene00012705.,2,3,5
WBGene00012706.,0,0,0
WBGene00012707.,8,17,25
WBGene00012708.,0,17,17
WBGene00012709.,29,68,97
WBGene00012710.,13,498,511
WBGene00012711.,19,191,210
WBGene00012712.,189,466,655
WBGene00012713.,198,2293,2491
WBGene00012714.,84,824,908
WBGene00012715.,37,858,895
WBGene00012716.,6,170,176
WBGene00012717.,1518,7353,8871
WBGene00012718.,924,314,1238
WBGene00012719.,220,535,755
WBGene00012720.,8,36,44
WBGene00012721.,36,29,65
WBGene00012722.,107,1721,1828
WBGene00012723.,24,519,543
WBGene00012724.,10,5,15
WBGene00012725.,0,2,2
WBGene00012726.,7,13,20
WBGene00012727.,0,1,1
WBGene00012728.,11,238,249
WBGene00012729.,1,7,8
WBGene00012730.,1357,2088,3445
WBGene00012731.,1,39,40
WBGene00012732.,333,795,1128
WBGene00012734.,582,893,1475
WBGene00012735.,1131,2574,3705
WBGene00012738.,89,3173,3262
WBGene00012739.,2426,15903,18329
WBGene00012740.,103,577,680
WBGene00012741.,2,8,10
WBGene00012742.,0,0,0
WBGene00012743.,32,28,60
WBGene00012744.,257,382,639
WBGene00012745.,4,28,32
WBGene00012746.,0,0,0
WBGene00012747.,31,39,70
WBGene00012748.,5,128,133
WBGene00012749.,11,8,19
WBGene00012750.,169,580,749
WBGene00012752.,0,0,0
WBGene00012753.,46,549,595
WBGene00012754.,10,81,91
WBGene00012755.,74,1087,1161
WBGene00012756.,450,1261,1711
WBGene00012757.,194,3185,3379
WBGene00012758.,98,1168,1266
WBGene00012759.,329,7824,8153
WBGene00012760.,7220,794,8014
WBGene00012761.,1,18,19
WBGene00012762.,161,1843,2004
WBGene00012763.,650,3673,4323
WBGene00012764.,0,332,332
WBGene00012765.,509,2545,3054
WBGene00012766.,38,3987,4025
WBGene00012767.,466,1268,1734
WBGene00012768.,19,33712,33731
WBGene00012769.,395,4382,4777
WBGene00012770.,299,92,391
WBGene00012771.,1,5,6
WBGene00012772.,80,3,83
WBGene00012773.,6,1,7
WBGene00012775.,50,14,64
WBGene00012776.,263,1405,1668
WBGene00012777.,12,175,187
WBGene00012778.,55,684,739
WBGene00012779.,122,413,535
WBGene00012780.,9,29,38
WBGene00012781.,0,25,25
WBGene00012782.,171,2253,2424
WBGene00012783.,206,26807,27013
WBGene00012784.,32,66,98
WBGene00012785.,0,1,1
WBGene00012786.,2,26,28
WBGene00012787.,1,0,1
WBGene00012788.,173,13,186
WBGene00012789.,1,1,2
WBGene00012790.,0,0,0
WBGene00012791.,39,137,176
WBGene00012792.,0,8,8
WBGene00012793.,3,5,8
WBGene00012794.,164,4073,4237
WBGene00012795.,21,430,451
WBGene00012796.,111,526,637
WBGene00012798.,9,30,39
WBGene00012799.,1,25,26
WBGene00012802.,125,673,798
WBGene00012803.,40,1749,1789
WBGene00012804.,230,720,950
WBGene00012806.,93,851,944
WBGene00012807.,77,1113,1190
WBGene00012808.,24,232,256
WBGene00012809.,3,0,3
WBGene00012810.,11,111,122
WBGene00012811.,117,320,437
WBGene00012812.,562,8549,9111
WBGene00012813.,2541,15350,17891
WBGene00012814.,58,110,168
WBGene00012815.,19,176,195
WBGene00012816.,4,20,24
WBGene00012817.,1,0,1
WBGene00012818.,5,4,9
WBGene00012819.,44,513,557
WBGene00012820.,47,9,56
WBGene00012821.,102,1424,1526
WBGene00012822.,2,43,45
WBGene00012823.,25,299,324
WBGene00012824.,100,337,437
WBGene00012825.,1193,9125,10318
WBGene00012826.,107,454,561
WBGene00012827.,3,8,11
WBGene00012828.,948,439,1387
WBGene00012829.,477,2845,3322
WBGene00012830.,44,977,1021
WBGene00012831.,4,11,15
WBGene00012832.,248,4,252
WBGene00012833.,27,397,424
WBGene00012834.,41,236,277
WBGene00012835.,192,1105,1297
WBGene00012836.,3,0,3
WBGene00012837.,1,10,11
WBGene00012838.,1,10,11
WBGene00012839.,0,0,0
WBGene00012840.,61,84,145
WBGene00012841.,0,0,0
WBGene00012844.,0,0,0
WBGene00012845.,179,537,716
WBGene00012846.,6,4,10
WBGene00012847.,19,10,29
WBGene00012848.,9,4,13
WBGene00012849.,4,13,17
WBGene00012850.,1857,16295,18152
WBGene00012851.,4,115,119
WBGene00012852.,326,109,435
WBGene00012853.,82,13157,13239
WBGene00012854.,135,2720,2855
WBGene00012855.,4,8,12
WBGene00012856.,68,129,197
WBGene00012857.,372,1341,1713
WBGene00012858.,86,1051,1137
WBGene00012859.,44,138,182
WBGene00012860.,78,660,738
WBGene00012861.,26,820,846
WBGene00012862.,0,0,0
WBGene00012863.,4,7,11
WBGene00012864.,35,252,287
WBGene00012866.,148,686,834
WBGene00012867.,77,626,703
WBGene00012868.,1428,3481,4909
WBGene00012869.,91,1169,1260
WBGene00012870.,1,2,3
WBGene00012871.,0,0,0
WBGene00012872.,2,1,3
WBGene00012873.,2,19,21
WBGene00012874.,0,0,0
WBGene00012875.,541,3174,3715
WBGene00012876.,2,1,3
WBGene00012877.,10,3,13
WBGene00012878.,0,1,1
WBGene00012879.,11,388,399
WBGene00012880.,2,4,6
WBGene00012883.,53,853,906
WBGene00012885.,566,9889,10455
WBGene00012886.,372,4598,4970
WBGene00012887.,360,1653,2013
WBGene00012888.,54,1214,1268
WBGene00012889.,260,1068,1328
WBGene00012890.,117,477,594
WBGene00012891.,428,2283,2711
WBGene00012892.,12,5,17
WBGene00012893.,16,80,96
WBGene00012894.,1682,1642,3324
WBGene00012895.,247,848,1095
WBGene00012896.,130,3638,3768
WBGene00012897.,9,1667,1676
WBGene00012898.,19,31,50
WBGene00012899.,15,145,160
WBGene00012900.,3,125,128
WBGene00012901.,56,198,254
WBGene00012903.,255,4383,4638
WBGene00012904.,95,688,783
WBGene00012905.,4,12,16
WBGene00012906.,115,1436,1551
WBGene00012907.,4220,8085,12305
WBGene00012908.,424,1559,1983
WBGene00012909.,152,257,409
WBGene00012910.,24,200,224
WBGene00012911.,183,1378,1561
WBGene00012912.,1,7,8
WBGene00012913.,0,0,0
WBGene00012914.,2,3,5
WBGene00012915.,102,434,536
WBGene00012916.,1,2,3
WBGene00012917.,28,6,34
WBGene00012919.,140,599,739
WBGene00012920.,150,304,454
WBGene00012921.,0,346,346
WBGene00012922.,6,122,128
WBGene00012923.,44,313,357
WBGene00012924.,9,63,72
WBGene00012925.,6,33,39
WBGene00012926.,2,66,68
WBGene00012927.,74,879,953
WBGene00012928.,92,3443,3535
WBGene00012929.,977,3240,4217
WBGene00012930.,972,2504,3476
WBGene00012931.,177,883,1060
WBGene00012932.,96,1432,1528
WBGene00012933.,0,197,197
WBGene00012934.,317,664,981
WBGene00012935.,384,931,1315
WBGene00012936.,317,2387,2704
WBGene00012937.,0,1,1
WBGene00012938.,397,465,862
WBGene00012939.,14,4,18
WBGene00012940.,16,7,23
WBGene00012941.,13,62,75
WBGene00012942.,0,56,56
WBGene00012943.,165,861,1026
WBGene00012945.,0,0,0
WBGene00012946.,6,1,7
WBGene00012947.,5,63,68
WBGene00012948.,602,916,1518
WBGene00012950.,115,801,916
WBGene00012951.,341,2232,2573
WBGene00012952.,4,10,14
WBGene00012953.,9,126,135
WBGene00012954.,27,441,468
WBGene00012955.,6,52,58
WBGene00012956.,91,45,136
WBGene00012958.,26,14,40
WBGene00012959.,20,285,305
WBGene00012960.,1340,2626,3966
WBGene00012961.,59,728,787
WBGene00012962.,58,412,470
WBGene00012964.,69,4829,4898
WBGene00012965.,0,2,2
WBGene00012966.,10,1056,1066
WBGene00012967.,198,224,422
WBGene00012968.,231,1933,2164
WBGene00012969.,1,56,57
WBGene00012970.,41,242,283
WBGene00012972.,151,1458,1609
WBGene00012973.,1785,7409,9194
WBGene00012974.,94,57,151
WBGene00012975.,616,151,767
WBGene00012976.,31,209,240
WBGene00012977.,192,375,567
WBGene00012978.,171,2494,2665
WBGene00012979.,8,69,77
WBGene00012980.,2626,5673,8299
WBGene00012981.,8,35,43
WBGene00012982.,356,1457,1813
WBGene00012983.,376,3610,3986
WBGene00012984.,98,475,573
WBGene00012985.,72,19,91
WBGene00012987.,668,7150,7818
WBGene00012988.,1063,3540,4603
WBGene00012989.,3768,1758,5526
WBGene00012990.,1059,2021,3080
WBGene00012992.,94,1352,1446
WBGene00012993.,259,339,598
WBGene00012994.,257,679,936
WBGene00012995.,623,1050,1673
WBGene00012996.,203,1135,1338
WBGene00012997.,39,809,848
WBGene00012998.,421,1078,1499
WBGene00012999.,1072,3201,4273
WBGene00013000.,684,434,1118
WBGene00013001.,566,1225,1791
WBGene00013002.,977,1052,2029
WBGene00013004.,1195,6796,7991
WBGene00013006.,468,543,1011
WBGene00013007.,14,12,26
WBGene00013008.,324,6482,6806
WBGene00013009.,15,170,185
WBGene00013010.,0,0,0
WBGene00013011.,53,569,622
WBGene00013013.,88,2028,2116
WBGene00013014.,278,1514,1792
WBGene00013015.,179,999,1178
WBGene00013017.,96,2081,2177
WBGene00013018.,53,1090,1143
WBGene00013019.,531,1666,2197
WBGene00013020.,512,5039,5551
WBGene00013021.,182,863,1045
WBGene00013023.,38,310,348
WBGene00013024.,42,681,723
WBGene00013025.,9,5585,5594
WBGene00013026.,4,1144,1148
WBGene00013027.,33,242,275
WBGene00013028.,13,40,53
WBGene00013029.,77,1065,1142
WBGene00013030.,112,1844,1956
WBGene00013031.,0,111,111
WBGene00013032.,13,7,20
WBGene00013033.,6,10,16
WBGene00013034.,1982,2527,4509
WBGene00013035.,365,3383,3748
WBGene00013036.,11,17,28
WBGene00013037.,80,290,370
WBGene00013038.,175,2193,2368
WBGene00013039.,624,4676,5300
WBGene00013040.,943,1315,2258
WBGene00013041.,39,325,364
WBGene00013042.,232,1199,1431
WBGene00013043.,50,106,156
WBGene00013044.,22,5,27
WBGene00013045.,7,1,8
WBGene00013046.,44,764,808
WBGene00013047.,0,2,2
WBGene00013048.,57,1561,1618
WBGene00013049.,3,7,10
WBGene00013050.,12,29,41
WBGene00013051.,0,5,5
WBGene00013052.,5,5,10
WBGene00013053.,4,12,16
WBGene00013054.,3,29,32
WBGene00013055.,38,261,299
WBGene00013056.,4,8,12
WBGene00013058.,13,6,19
WBGene00013059.,0,3,3
WBGene00013060.,0,0,0
WBGene00013061.,0,1,1
WBGene00013062.,0,0,0
WBGene00013063.,0,0,0
WBGene00013064.,0,0,0
WBGene00013066.,7,28,35
WBGene00013067.,0,0,0
WBGene00013068.,1,1,2
WBGene00013069.,1,0,1
WBGene00013070.,0,0,0
WBGene00013071.,0,75,75
WBGene00013072.,11,9,20
WBGene00013073.,31,18,49
WBGene00013074.,9,12,21
WBGene00013075.,317,729,1046
WBGene00013076.,65,113,178
WBGene00013077.,6357,87416,93773
WBGene00013078.,1600,25319,26919
WBGene00013079.,14741,105058,119799
WBGene00013080.,1662,8941,10603
WBGene00013081.,780,20392,21172
WBGene00013082.,226,970,1196
WBGene00013083.,23,122,145
WBGene00013085.,1,0,1
WBGene00013086.,0,2,2
WBGene00013087.,0,0,0
WBGene00013088.,4,6,10
WBGene00013089.,0,1,1
WBGene00013090.,1,2,3
WBGene00013091.,26,305,331
WBGene00013093.,2135,1474,3609
WBGene00013094.,581,19485,20066
WBGene00013095.,456,1147,1603
WBGene00013096.,561,1260,1821
WBGene00013098.,123,589,712
WBGene00013100.,8,41,49
WBGene00013101.,39,189,228
WBGene00013102.,1,0,1
WBGene00013103.,233,6265,6498
WBGene00013104.,3049,64865,67914
WBGene00013105.,2,10,12
WBGene00013106.,151,1721,1872
WBGene00013107.,5,48,53
WBGene00013109.,131,12177,12308
WBGene00013111.,521,4864,5385
WBGene00013112.,0,1,1
WBGene00013113.,3,1,4
WBGene00013114.,42,0,42
WBGene00013116.,49,61,110
WBGene00013117.,3,0,3
WBGene00013118.,177,637,814
WBGene00013119.,677,711,1388
WBGene00013120.,0,1,1
WBGene00013121.,5,10,15
WBGene00013122.,81,726,807
WBGene00013123.,437,739,1176
WBGene00013124.,1099,754,1853
WBGene00013125.,17,59,76
WBGene00013126.,11,1,12
WBGene00013127.,85,539,624
WBGene00013128.,222,1858,2080
WBGene00013129.,842,5232,6074
WBGene00013130.,0,2,2
WBGene00013131.,239,117,356
WBGene00013132.,228,1302,1530
WBGene00013134.,28,59,87
WBGene00013135.,63,524,587
WBGene00013136.,95,1175,1270
WBGene00013137.,114,584,698
WBGene00013138.,2,1,3
WBGene00013139.,66,768,834
WBGene00013140.,48,1195,1243
WBGene00013141.,14,67,81
WBGene00013142.,5,6,11
WBGene00013143.,17,1021,1038
WBGene00013144.,1832,14731,16563
WBGene00013145.,4,20,24
WBGene00013146.,114,1024,1138
WBGene00013147.,4,106,110
WBGene00013148.,8,9,17
WBGene00013149.,37,90,127
WBGene00013150.,31,1409,1440
WBGene00013151.,131,715,846
WBGene00013152.,12,13,25
WBGene00013153.,3,76,79
WBGene00013154.,0,3,3
WBGene00013155.,5,15,20
WBGene00013156.,17,992,1009
WBGene00013157.,0,16,16
WBGene00013158.,6,28,34
WBGene00013159.,145,436,581
WBGene00013160.,1218,1653,2871
WBGene00013161.,474,1458,1932
WBGene00013162.,4,4,8
WBGene00013163.,72,9,81
WBGene00013164.,327,307,634
WBGene00013165.,29,141,170
WBGene00013166.,15,69,84
WBGene00013167.,739,530,1269
WBGene00013168.,189,2174,2363
WBGene00013169.,20,289,309
WBGene00013170.,3,2,5
WBGene00013171.,231,9,240
WBGene00013172.,0,2,2
WBGene00013173.,21,3,24
WBGene00013175.,11,44,55
WBGene00013176.,71,710,781
WBGene00013177.,535,2740,3275
WBGene00013178.,105,1055,1160
WBGene00013179.,2,11,13
WBGene00013180.,65,458,523
WBGene00013181.,10182,83574,93756
WBGene00013182.,0,1,1
WBGene00013184.,0,0,0
WBGene00013186.,5,2,7
WBGene00013187.,15,238,253
WBGene00013188.,126,388,514
WBGene00013189.,531,1285,1816
WBGene00013190.,6,85,91
WBGene00013192.,3,11,14
WBGene00013193.,239,3486,3725
WBGene00013194.,0,1,1
WBGene00013195.,37,304,341
WBGene00013196.,33,375,408
WBGene00013197.,108,629,737
WBGene00013198.,24,145,169
WBGene00013200.,1091,19753,20844
WBGene00013201.,418,1508,1926
WBGene00013202.,127,1923,2050
WBGene00013203.,116,1322,1438
WBGene00013204.,82,1150,1232
WBGene00013207.,6,9,15
WBGene00013208.,48,575,623
WBGene00013209.,152,2056,2208
WBGene00013210.,0,6098,6098
WBGene00013211.,128,773,901
WBGene00013212.,164,270,434
WBGene00013213.,153,1409,1562
WBGene00013214.,108,1197,1305
WBGene00013215.,87,1126,1213
WBGene00013216.,181,6101,6282
WBGene00013217.,191,902,1093
WBGene00013218.,49,572,621
WBGene00013219.,43,3279,3322
WBGene00013220.,8,201,209
WBGene00013221.,26,65,91
WBGene00013222.,312,939,1251
WBGene00013223.,424,2093,2517
WBGene00013224.,91,1716,1807
WBGene00013225.,372,1289,1661
WBGene00013226.,29,2,31
WBGene00013227.,37,309,346
WBGene00013228.,2297,2637,4934
WBGene00013230.,0,1,1
WBGene00013231.,47,695,742
WBGene00013232.,315,639,954
WBGene00013233.,1,20,21
WBGene00013234.,0,65,65
WBGene00013235.,15,222,237
WBGene00013236.,111,12711,12822
WBGene00013237.,25,3117,3142
WBGene00013238.,161,3533,3694
WBGene00013239.,70,818,888
WBGene00013240.,513,1066,1579
WBGene00013241.,63,520,583
WBGene00013242.,136,757,893
WBGene00013243.,357,1232,1589
WBGene00013244.,284,4234,4518
WBGene00013246.,186,525,711
WBGene00013247.,36,197,233
WBGene00013248.,48,381,429
WBGene00013249.,74,231,305
WBGene00013250.,19,338,357
WBGene00013251.,163,445,608
WBGene00013252.,29,371,400
WBGene00013253.,153,491,644
WBGene00013254.,4,1,5
WBGene00013255.,347,3064,3411
WBGene00013256.,192,1676,1868
WBGene00013257.,74,759,833
WBGene00013258.,1294,529,1823
WBGene00013259.,111,726,837
WBGene00013260.,29,776,805
WBGene00013261.,233,465,698
WBGene00013263.,12,493,505
WBGene00013264.,10,15,25
WBGene00013265.,240,679,919
WBGene00013266.,77,1931,2008
WBGene00013267.,329,956,1285
WBGene00013268.,48,270,318
WBGene00013269.,13,3456,3469
WBGene00013270.,329,867,1196
WBGene00013272.,70,120,190
WBGene00013273.,758,2369,3127
WBGene00013275.,32,1244,1276
WBGene00013276.,3,10,13
WBGene00013277.,4,6,10
WBGene00013278.,5,54,59
WBGene00013279.,0,11,11
WBGene00013280.,0,0,0
WBGene00013281.,6,61,67
WBGene00013282.,3,10,13
WBGene00013283.,7,18,25
WBGene00013284.,23,1781,1804
WBGene00013285.,10,23,33
WBGene00013286.,17,64,81
WBGene00013287.,173,100,273
WBGene00013288.,0,2,2
WBGene00013289.,894,2917,3811
WBGene00013290.,2,1,3
WBGene00013292.,226,1279,1505
WBGene00013293.,23,250,273
WBGene00013294.,5,19,24
WBGene00013295.,37,2503,2540
WBGene00013296.,0,1,1
WBGene00013297.,3,15,18
WBGene00013298.,15,140,155
WBGene00013299.,2,1,3
WBGene00013300.,13,6,19
WBGene00013301.,6,1482,1488
WBGene00013302.,33,626,659
WBGene00013303.,208,805,1013
WBGene00013304.,41,94,135
WBGene00013305.,2,29,31
WBGene00013306.,4,49,53
WBGene00013307.,103,6712,6815
WBGene00013308.,0,955,955
WBGene00013310.,53,59,112
WBGene00013311.,17,3824,3841
WBGene00013312.,3,87,90
WBGene00013313.,8,13,21
WBGene00013315.,0,0,0
WBGene00013316.,0,0,0
WBGene00013317.,668,2212,2880
WBGene00013318.,18,7,25
WBGene00013319.,1,7,8
WBGene00013320.,0,0,0
WBGene00013321.,207,878,1085
WBGene00013322.,55,169,224
WBGene00013323.,17,1824,1841
WBGene00013324.,94,1719,1813
WBGene00013325.,49,1015,1064
WBGene00013326.,423,891,1314
WBGene00013327.,172,620,792
WBGene00013328.,8,1,9
WBGene00013329.,4,177,181
WBGene00013330.,2,50,52
WBGene00013331.,49,41,90
WBGene00013332.,35,1586,1621
WBGene00013333.,42,210,252
WBGene00013334.,158,1534,1692
WBGene00013335.,30,132,162
WBGene00013336.,28,90,118
WBGene00013337.,7,29,36
WBGene00013338.,6,5,11
WBGene00013339.,315,1301,1616
WBGene00013340.,292,1662,1954
WBGene00013341.,0,1,1
WBGene00013343.,725,3451,4176
WBGene00013344.,49,1157,1206
WBGene00013345.,113,182,295
WBGene00013347.,1167,3461,4628
WBGene00013348.,50,911,961
WBGene00013349.,13,680,693
WBGene00013350.,340,488,828
WBGene00013351.,0,2,2
WBGene00013352.,164,895,1059
WBGene00013353.,166,268,434
WBGene00013354.,630,2150,2780
WBGene00013355.,393,1904,2297
WBGene00013356.,0,6,6
WBGene00013357.,17,0,17
WBGene00013358.,58,537,595
WBGene00013359.,56,937,993
WBGene00013360.,366,6272,6638
WBGene00013361.,289,668,957
WBGene00013362.,102,217,319
WBGene00013363.,2,17,19
WBGene00013364.,15,79,94
WBGene00013365.,166,1714,1880
WBGene00013366.,412,1468,1880
WBGene00013367.,4,1,5
WBGene00013368.,20,35,55
WBGene00013369.,0,6,6
WBGene00013370.,0,1,1
WBGene00013371.,0,2,2
WBGene00013372.,0,2,2
WBGene00013373.,2,11,13
WBGene00013374.,0,14,14
WBGene00013375.,47,109,156
WBGene00013376.,99,808,907
WBGene00013378.,64,5649,5713
WBGene00013379.,1269,2686,3955
WBGene00013380.,6,864,870
WBGene00013381.,25,348,373
WBGene00013382.,93,1622,1715
WBGene00013383.,20,168,188
WBGene00013385.,65,495,560
WBGene00013386.,0,0,0
WBGene00013387.,170,602,772
WBGene00013388.,10,114,124
WBGene00013389.,7,27,34
WBGene00013390.,1,0,1
WBGene00013391.,2,1,3
WBGene00013392.,2,13,15
WBGene00013393.,0,0,0
WBGene00013394.,0,0,0
WBGene00013395.,4,42,46
WBGene00013396.,2,2,4
WBGene00013397.,15,7,22
WBGene00013398.,8,64,72
WBGene00013399.,9,25,34
WBGene00013400.,0,2,2
WBGene00013401.,2,25,27
WBGene00013402.,4,51,55
WBGene00013403.,18,197,215
WBGene00013404.,1,67,68
WBGene00013405.,77,522,599
WBGene00013406.,191,2586,2777
WBGene00013407.,75,265,340
WBGene00013408.,1,6,7
WBGene00013409.,0,2,2
WBGene00013410.,1,7,8
WBGene00013411.,3,0,3
WBGene00013412.,0,6,6
WBGene00013415.,292,1474,1766
WBGene00013416.,322,756,1078
WBGene00013417.,88,69,157
WBGene00013418.,66,643,709
WBGene00013419.,45,94,139
WBGene00013421.,0,3,3
WBGene00013422.,122,492,614
WBGene00013424.,19,201,220
WBGene00013425.,225,736,961
WBGene00013426.,15,151,166
WBGene00013427.,98,7,105
WBGene00013429.,13,20,33
WBGene00013431.,311,785,1096
WBGene00013432.,12,248,260
WBGene00013433.,8,697,705
WBGene00013434.,240,1680,1920
WBGene00013435.,224,1067,1291
WBGene00013436.,196,2434,2630
WBGene00013437.,8,21,29
WBGene00013438.,3,477,480
WBGene00013439.,15,87,102
WBGene00013440.,56,154,210
WBGene00013441.,263,1116,1379
WBGene00013442.,35,499,534
WBGene00013443.,200,527,727
WBGene00013445.,72,589,661
WBGene00013446.,324,961,1285
WBGene00013447.,485,660,1145
WBGene00013448.,426,2959,3385
WBGene00013449.,5,30,35
WBGene00013450.,4,2,6
WBGene00013451.,7,4,11
WBGene00013452.,5,9,14
WBGene00013453.,23,264,287
WBGene00013454.,3,1,4
WBGene00013455.,286,1503,1789
WBGene00013456.,86,712,798
WBGene00013457.,17,15,32
WBGene00013458.,83,611,694
WBGene00013459.,142,1268,1410
WBGene00013460.,505,1314,1819
WBGene00013461.,365,2179,2544
WBGene00013462.,137,3714,3851
WBGene00013463.,0,4911,4911
WBGene00013464.,148,1400,1548
WBGene00013465.,127,1250,1377
WBGene00013466.,0,6,6
WBGene00013467.,1,0,1
WBGene00013468.,1,4,5
WBGene00013469.,3,3,6
WBGene00013470.,6,3,9
WBGene00013471.,3,1,4
WBGene00013472.,0,1,1
WBGene00013473.,2,0,2
WBGene00013474.,0,9,9
WBGene00013475.,0,2,2
WBGene00013476.,0,3,3
WBGene00013477.,61,2396,2457
WBGene00013478.,1,33,34
WBGene00013479.,51,109,160
WBGene00013480.,42,42,84
WBGene00013481.,743,8012,8755
WBGene00013482.,84,546,630
WBGene00013483.,1,2,3
WBGene00013484.,41,144,185
WBGene00013485.,413,933,1346
WBGene00013486.,75,173,248
WBGene00013487.,14,4,18
WBGene00013489.,83,70441,70524
WBGene00013490.,5,32,37
WBGene00013491.,0,0,0
WBGene00013492.,2,19,21
WBGene00013493.,0,28,28
WBGene00013494.,29,47,76
WBGene00013495.,26,10,36
WBGene00013496.,40,114,154
WBGene00013497.,43,152,195
WBGene00013498.,12,39,51
WBGene00013499.,56,202,258
WBGene00013500.,0,0,0
WBGene00013501.,0,0,0
WBGene00013502.,6,1,7
WBGene00013503.,23,1,24
WBGene00013505.,5,3,8
WBGene00013506.,328,279,607
WBGene00013507.,23,76,99
WBGene00013508.,6,6,12
WBGene00013509.,11,279,290
WBGene00013510.,207,173,380
WBGene00013511.,5,20,25
WBGene00013512.,10,10,20
WBGene00013513.,8,85,93
WBGene00013514.,149,1240,1389
WBGene00013515.,1689,23636,25325
WBGene00013516.,617,9097,9714
WBGene00013517.,138,173,311
WBGene00013518.,292,1101,1393
WBGene00013519.,2,2,4
WBGene00013520.,18,12,30
WBGene00013521.,0,0,0
WBGene00013522.,98,732,830
WBGene00013523.,0,0,0
WBGene00013524.,0,0,0
WBGene00013525.,7,8,15
WBGene00013526.,6,15,21
WBGene00013527.,1,0,1
WBGene00013528.,1,0,1
WBGene00013529.,294,1093,1387
WBGene00013530.,566,1330,1896
WBGene00013531.,115,357,472
WBGene00013532.,16,1599,1615
WBGene00013534.,177,148,325
WBGene00013535.,24,397,421
WBGene00013536.,233,110,343
WBGene00013537.,12,7,19
WBGene00013538.,347,2054,2401
WBGene00013539.,51,298,349
WBGene00013540.,343,434,777
WBGene00013541.,42,210,252
WBGene00013542.,52,277,329
WBGene00013543.,139,547,686
WBGene00013544.,401,4015,4416
WBGene00013545.,801,2123,2924
WBGene00013547.,8,23,31
WBGene00013548.,173,1930,2103
WBGene00013549.,280,1056,1336
WBGene00013550.,106,3401,3507
WBGene00013551.,80,428,508
WBGene00013552.,10,568,578
WBGene00013553.,169,1952,2121
WBGene00013554.,126,181,307
WBGene00013555.,18,185,203
WBGene00013556.,120,467,587
WBGene00013557.,793,2091,2884
WBGene00013558.,204,1125,1329
WBGene00013559.,379,1962,2341
WBGene00013560.,569,4490,5059
WBGene00013561.,200,1745,1945
WBGene00013562.,26,113,139
WBGene00013563.,131,139,270
WBGene00013564.,29,57,86
WBGene00013565.,0,0,0
WBGene00013566.,1,3,4
WBGene00013567.,0,797,797
WBGene00013568.,126,3126,3252
WBGene00013569.,95,5082,5177
WBGene00013570.,0,0,0
WBGene00013571.,0,0,0
WBGene00013572.,0,0,0
WBGene00013573.,62,33,95
WBGene00013574.,136,99,235
WBGene00013575.,48,469,517
WBGene00013576.,11,249,260
WBGene00013577.,1193,12444,13637
WBGene00013578.,66,310,376
WBGene00013579.,90,22,112
WBGene00013580.,2063,2413,4476
WBGene00013581.,2,3,5
WBGene00013583.,4,6,10
WBGene00013584.,112,601,713
WBGene00013585.,46,369,415
WBGene00013586.,14,4,18
WBGene00013587.,63,193,256
WBGene00013588.,228,3413,3641
WBGene00013589.,0,61,61
WBGene00013590.,0,52,52
WBGene00013591.,72,1276,1348
WBGene00013592.,32,31,63
WBGene00013593.,256,1515,1771
WBGene00013594.,557,1310,1867
WBGene00013595.,275,2214,2489
WBGene00013596.,66,2165,2231
WBGene00013597.,554,5205,5759
WBGene00013598.,191,2377,2568
WBGene00013599.,305,523,828
WBGene00013601.,56,308,364
WBGene00013602.,22,170,192
WBGene00013603.,483,2834,3317
WBGene00013604.,135,1350,1485
WBGene00013605.,105,1385,1490
WBGene00013606.,507,1395,1902
WBGene00013607.,2,26,28
WBGene00013608.,0,2,2
WBGene00013609.,4,175,179
WBGene00013610.,25,908,933
WBGene00013611.,20,764,784
WBGene00013612.,16,453,469
WBGene00013613.,4,21,25
WBGene00013614.,1,0,1
WBGene00013615.,13,3,16
WBGene00013616.,0,0,0
WBGene00013617.,0,0,0
WBGene00013618.,0,0,0
WBGene00013619.,0,3,3
WBGene00013620.,0,9,9
WBGene00013621.,1,1,2
WBGene00013622.,1,0,1
WBGene00013623.,51,866,917
WBGene00013624.,0,15,15
WBGene00013625.,0,0,0
WBGene00013626.,2,0,2
WBGene00013627.,0,1,1
WBGene00013628.,0,1,1
WBGene00013629.,8,1,9
WBGene00013631.,4,0,4
WBGene00013632.,468,615,1083
WBGene00013633.,653,4645,5298
WBGene00013634.,78,121,199
WBGene00013635.,1,0,1
WBGene00013636.,0,434,434
WBGene00013637.,78,48,126
WBGene00013638.,157,1686,1843
WBGene00013639.,2295,1044,3339
WBGene00013640.,231,231,462
WBGene00013642.,195,631,826
WBGene00013643.,62,972,1034
WBGene00013644.,1,30,31
WBGene00013645.,4,9,13
WBGene00013646.,4,3,7
WBGene00013647.,419,4459,4878
WBGene00013648.,7,2,9
WBGene00013649.,28,32,60
WBGene00013650.,15,616,631
WBGene00013651.,11,8,19
WBGene00013652.,0,3,3
WBGene00013653.,1,13,14
WBGene00013654.,4,14,18
WBGene00013655.,30,42,72
WBGene00013656.,1,17,18
WBGene00013657.,1,2,3
WBGene00013658.,5,108,113
WBGene00013659.,0,41,41
WBGene00013661.,11,4,15
WBGene00013662.,53,332,385
WBGene00013665.,13,76,89
WBGene00013666.,101,459,560
WBGene00013667.,258,1595,1853
WBGene00013668.,175,748,923
WBGene00013669.,61,342,403
WBGene00013670.,987,2649,3636
WBGene00013671.,58,1288,1346
WBGene00013672.,230,402,632
WBGene00013673.,62,46,108
WBGene00013674.,66,357,423
WBGene00013676.,310,2138,2448
WBGene00013677.,545,1719,2264
WBGene00013678.,556,2193,2749
WBGene00013679.,283,1631,1914
WBGene00013680.,425,1723,2148
WBGene00013682.,2090,2893,4983
WBGene00013683.,314,1866,2180
WBGene00013684.,10,11,21
WBGene00013685.,34,56,90
WBGene00013687.,173,1230,1403
WBGene00013688.,568,8456,9024
WBGene00013689.,45,1239,1284
WBGene00013690.,90,974,1064
WBGene00013691.,43,428,471
WBGene00013692.,189,2769,2958
WBGene00013693.,74,104,178
WBGene00013694.,149,2271,2420
WBGene00013695.,386,2801,3187
WBGene00013696.,0,19,19
WBGene00013697.,15,827,842
WBGene00013698.,8,10,18
WBGene00013699.,2,3,5
WBGene00013700.,6,272,278
WBGene00013701.,7,529,536
WBGene00013702.,44,226,270
WBGene00013703.,734,1589,2323
WBGene00013704.,88,1119,1207
WBGene00013705.,5,2,7
WBGene00013706.,1,0,1
WBGene00013707.,0,3,3
WBGene00013708.,14,1000,1014
WBGene00013709.,402,3717,4119
WBGene00013710.,4,55,59
WBGene00013711.,659,1459,2118
WBGene00013712.,0,1,1
WBGene00013713.,0,5,5
WBGene00013716.,16,321,337
WBGene00013717.,15,968,983
WBGene00013718.,67,2554,2621
WBGene00013719.,32,1004,1036
WBGene00013720.,15,671,686
WBGene00013721.,0,61,61
WBGene00013722.,0,0,0
WBGene00013723.,0,60,60
WBGene00013724.,41,265,306
WBGene00013725.,85,1304,1389
WBGene00013726.,36,532,568
WBGene00013727.,19,260,279
WBGene00013728.,70,775,845
WBGene00013729.,16,996,1012
WBGene00013730.,1141,4108,5249
WBGene00013732.,4936,3010,7946
WBGene00013734.,29,8073,8102
WBGene00013735.,3625,4605,8230
WBGene00013736.,73,2452,2525
WBGene00013737.,990,2128,3118
WBGene00013738.,523,1320,1843
WBGene00013739.,326,212,538
WBGene00013740.,29,750,779
WBGene00013741.,17,118,135
WBGene00013742.,137,278,415
WBGene00013744.,1,10,11
WBGene00013746.,199,261,460
WBGene00013747.,16,1,17
WBGene00013748.,128,971,1099
WBGene00013749.,35,111,146
WBGene00013750.,12,119,131
WBGene00013751.,36,278,314
WBGene00013752.,124,439,563
WBGene00013753.,52,282,334
WBGene00013754.,0,2,2
WBGene00013755.,14,145,159
WBGene00013756.,48,1221,1269
WBGene00013757.,1,67,68
WBGene00013758.,23,1163,1186
WBGene00013759.,4,8,12
WBGene00013760.,0,2,2
WBGene00013761.,11,297,308
WBGene00013762.,15,69,84
WBGene00013763.,63,596,659
WBGene00013764.,41,34,75
WBGene00013765.,84,510,594
WBGene00013766.,218,33702,33920
WBGene00013768.,264,554,818
WBGene00013770.,0,4,4
WBGene00013771.,7,4,11
WBGene00013772.,1,0,1
WBGene00013773.,1,45,46
WBGene00013774.,12,77,89
WBGene00013775.,1,4,5
WBGene00013776.,4,268,272
WBGene00013777.,1,1,2
WBGene00013778.,22,104,126
WBGene00013779.,7,39,46
WBGene00013781.,198,888,1086
WBGene00013782.,168,318,486
WBGene00013783.,14,1,15
WBGene00013784.,1191,9311,10502
WBGene00013785.,2,4,6
WBGene00013786.,3,3,6
WBGene00013788.,1,3,4
WBGene00013789.,222,545,767
WBGene00013790.,137,830,967
WBGene00013791.,0,8,8
WBGene00013792.,348,519,867
WBGene00013794.,0,0,0
WBGene00013795.,1,8,9
WBGene00013796.,0,2,2
WBGene00013797.,0,0,0
WBGene00013798.,2,2,4
WBGene00013799.,6,38,44
WBGene00013800.,26,5,31
WBGene00013801.,18,64,82
WBGene00013802.,238,660,898
WBGene00013803.,378,2171,2549
WBGene00013804.,385,1824,2209
WBGene00013805.,246,1153,1399
WBGene00013806.,287,2039,2326
WBGene00013807.,437,1295,1732
WBGene00013808.,517,2247,2764
WBGene00013809.,18,19,37
WBGene00013810.,2,5,7
WBGene00013811.,1,1,2
WBGene00013812.,65,154,219
WBGene00013814.,75,52,127
WBGene00013815.,0,2,2
WBGene00013816.,5,6,11
WBGene00013817.,4,30,34
WBGene00013819.,168,746,914
WBGene00013820.,3,0,3
WBGene00013821.,32,2,34
WBGene00013822.,7,36,43
WBGene00013823.,103,61,164
WBGene00013824.,4,7,11
WBGene00013825.,48,24,72
WBGene00013826.,10,60,70
WBGene00013827.,0,5,5
WBGene00013828.,17,1,18
WBGene00013829.,0,15,15
WBGene00013830.,1,6,7
WBGene00013831.,11,12,23
WBGene00013832.,2,31,33
WBGene00013833.,5,18,23
WBGene00013834.,4,9,13
WBGene00013835.,44,66,110
WBGene00013836.,77,762,839
WBGene00013837.,6,10,16
WBGene00013838.,25,226,251
WBGene00013839.,11,145,156
WBGene00013840.,5,92,97
WBGene00013841.,17,148,165
WBGene00013842.,59,343,402
WBGene00013843.,8,50,58
WBGene00013844.,15,34,49
WBGene00013845.,43,697,740
WBGene00013846.,6,7,13
WBGene00013847.,134,925,1059
WBGene00013848.,219,644,863
WBGene00013849.,10,31,41
WBGene00013850.,73,162,235
WBGene00013852.,6,10,16
WBGene00013853.,6,21281,21287
WBGene00013854.,4,10,14
WBGene00013855.,57,311,368
WBGene00013856.,0,59,59
WBGene00013857.,238,1457,1695
WBGene00013858.,0,1,1
WBGene00013859.,1416,29566,30982
WBGene00013860.,182,1190,1372
WBGene00013862.,18,649,667
WBGene00013863.,4,9,13
WBGene00013865.,0,8,8
WBGene00013866.,168,1278,1446
WBGene00013867.,14,37,51
WBGene00013868.,4,20,24
WBGene00013869.,264,1766,2030
WBGene00013870.,37,626,663
WBGene00013871.,9,37,46
WBGene00013872.,66,58,124
WBGene00013873.,22,15,37
WBGene00013874.,6,29,35
WBGene00013875.,6,81,87
WBGene00013876.,12,170,182
WBGene00013877.,231,2050,2281
WBGene00013878.,594,2064,2658
WBGene00013879.,4,11,15
WBGene00013880.,26,1403,1429
WBGene00013881.,43,907,950
WBGene00013882.,3218,55887,59105
WBGene00013883.,54,117,171
WBGene00013884.,1068,8178,9246
WBGene00013886.,14,23,37
WBGene00013887.,0,0,0
WBGene00013888.,0,0,0
WBGene00013889.,0,0,0
WBGene00013890.,0,0,0
WBGene00013891.,1,39,40
WBGene00013892.,110,2117,2227
WBGene00013893.,23,1280,1303
WBGene00013894.,190,1893,2083
WBGene00013895.,117,1471,1588
WBGene00013896.,119,618,737
WBGene00013897.,64,1898,1962
WBGene00013898.,666,15771,16437
WBGene00013899.,114,2899,3013
WBGene00013900.,21,636,657
WBGene00013901.,50,1790,1840
WBGene00013902.,268,998,1266
WBGene00013903.,2,80,82
WBGene00013904.,31,271,302
WBGene00013905.,3,70,73
WBGene00013906.,28,487,515
WBGene00013907.,20,95,115
WBGene00013908.,21,15,36
WBGene00013909.,11,8,19
WBGene00013910.,0,3,3
WBGene00013911.,15,41,56
WBGene00013912.,25,38,63
WBGene00013913.,12,6,18
WBGene00013914.,79,95,174
WBGene00013915.,6,11,17
WBGene00013916.,7,15,22
WBGene00013917.,41,616,657
WBGene00013918.,0,0,0
WBGene00013919.,179,1563,1742
WBGene00013920.,37,1252,1289
WBGene00013921.,310,1160,1470
WBGene00013923.,31,606,637
WBGene00013924.,45,2002,2047
WBGene00013925.,109,1551,1660
WBGene00013926.,19,1033,1052
WBGene00013927.,1,1,2
WBGene00013928.,3,1,4
WBGene00013929.,3,2,5
WBGene00013930.,0,1,1
WBGene00013931.,7,0,7
WBGene00013932.,0,0,0
WBGene00013933.,4,22,26
WBGene00013934.,1106,5058,6164
WBGene00013935.,0,2,2
WBGene00013937.,0,2,2
WBGene00013938.,7,68,75
WBGene00013939.,1,165,166
WBGene00013940.,1,2,3
WBGene00013941.,0,46,46
WBGene00013942.,1,1,2
WBGene00013943.,0,3,3
WBGene00013944.,1,9,10
WBGene00013946.,62,25,87
WBGene00013947.,16,45,61
WBGene00013948.,0,0,0
WBGene00013949.,52,452,504
WBGene00013950.,139,918,1057
WBGene00013951.,1,6,7
WBGene00013953.,4,0,4
WBGene00013954.,0,9,9
WBGene00013955.,161,66,227
WBGene00013956.,1,4,5
WBGene00013957.,217,437,654
WBGene00013958.,110,2984,3094
WBGene00013959.,163,812,975
WBGene00013960.,12,26,38
WBGene00013961.,3,390,393
WBGene00013962.,107,1484,1591
WBGene00013963.,21,501,522
WBGene00013964.,14,1300,1314
WBGene00013965.,9,31,40
WBGene00013966.,14,618,632
WBGene00013967.,67,681,748
WBGene00013968.,8,90,98
WBGene00013969.,312,3228,3540
WBGene00013970.,289,940,1229
WBGene00013971.,0,0,0
WBGene00013972.,0,1,1
WBGene00013973.,0,1,1
WBGene00013974.,19,38,57
WBGene00013975.,42,417,459
WBGene00013976.,16,53,69
WBGene00013978.,3,11,14
WBGene00013979.,1,3,4
WBGene00013980.,43,84,127
WBGene00013982.,16,131,147
WBGene00013983.,73,3469,3542
WBGene00013984.,525,1645,2170
WBGene00013985.,61,1784,1845
WBGene00013986.,0,37,37
WBGene00013987.,6,48,54
WBGene00013988.,2,1,3
WBGene00013989.,62,1251,1313
WBGene00013993.,0,0,0
WBGene00013994.,124,1164,1288
WBGene00013995.,9,90,99
WBGene00013996.,15,240,255
WBGene00013997.,188,1835,2023
WBGene00013998.,18,682,700
WBGene00013999.,10,13,23
WBGene00014000.,110,3123,3233
WBGene00014001.,198,4795,4993
WBGene00014002.,508,6716,7224
WBGene00014003.,17,3437,3454
WBGene00014004.,297,3406,3703
WBGene00014005.,2,36,38
WBGene00014006.,10,5753,5763
WBGene00014007.,0,30,30
WBGene00014008.,4,29,33
WBGene00014009.,2,4,6
WBGene00014011.,52,2981,3033
WBGene00014012.,72,9709,9781
WBGene00014013.,226,5399,5625
WBGene00014014.,167,975,1142
WBGene00014015.,140,3115,3255
WBGene00014016.,2437,41523,43960
WBGene00014017.,447,6928,7375
WBGene00014018.,355,3179,3534
WBGene00014019.,130,1610,1740
WBGene00014020.,46,761,807
WBGene00014021.,393,1055,1448
WBGene00014022.,539,5454,5993
WBGene00014023.,275,759,1034
WBGene00014024.,126,419,545
WBGene00014025.,155,4058,4213
WBGene00014026.,0,0,0
WBGene00014027.,42,277,319
WBGene00014028.,53,401,454
WBGene00014029.,0,15,15
WBGene00014030.,97,15730,15827
WBGene00014031.,62,2462,2524
WBGene00014032.,1,0,1
WBGene00014033.,89,298,387
WBGene00014034.,6,639,645
WBGene00014035.,221,630,851
WBGene00014036.,1118,4013,5131
WBGene00014037.,2512,5,2517
WBGene00014039.,13,118,131
WBGene00014040.,3,6,9
WBGene00014041.,0,1,1
WBGene00014042.,0,0,0
WBGene00014043.,1,0,1
WBGene00014044.,0,1,1
WBGene00014045.,1,1,2
WBGene00014046.,0,4,4
WBGene00014047.,29,348,377
WBGene00014048.,2,5,7
WBGene00014049.,4,0,4
WBGene00014050.,0,0,0
WBGene00014051.,628,2290,2918
WBGene00014052.,18,230,248
WBGene00014053.,104,1014,1118
WBGene00014054.,88,2144,2232
WBGene00014055.,72,778,850
WBGene00014057.,53,822,875
WBGene00014058.,423,5591,6014
WBGene00014060.,15,115,130
WBGene00014061.,0,0,0
WBGene00014062.,37,366,403
WBGene00014063.,6,67,73
WBGene00014064.,0,8,8
WBGene00014065.,135,128,263
WBGene00014066.,85,1556,1641
WBGene00014067.,2,63,65
WBGene00014068.,8,4,12
WBGene00014069.,1,43,44
WBGene00014070.,23,1,24
WBGene00014073.,40,250,290
WBGene00014074.,236,1176,1412
WBGene00014075.,256,2628,2884
WBGene00014076.,225,823,1048
WBGene00014077.,106,840,946
WBGene00014078.,294,3992,4286
WBGene00014079.,86,679,765
WBGene00014080.,58,520,578
WBGene00014081.,211,709,920
WBGene00014082.,14,12,26
WBGene00014083.,118,2480,2598
WBGene00014084.,0,1,1
WBGene00014085.,10,40,50
WBGene00014086.,1639,18600,20239
WBGene00014087.,77,2596,2673
WBGene00014088.,427,9043,9470
WBGene00014089.,62,74,136
WBGene00014090.,40,2492,2532
WBGene00014091.,428,11042,11470
WBGene00014092.,506,3624,4130
WBGene00014093.,35,20,55
WBGene00014094.,19,54,73
WBGene00014095.,291,136871,137162
WBGene00014096.,15,3916,3931
WBGene00014097.,2,33,35
WBGene00014098.,483,5922,6405
WBGene00014099.,195,5402,5597
WBGene00014100.,11,35,46
WBGene00014101.,400,732,1132
WBGene00014102.,2,0,2
WBGene00014103.,19,8,27
WBGene00014104.,0,2,2
WBGene00014105.,16,50,66
WBGene00014106.,74,530,604
WBGene00014107.,13,88,101
WBGene00014108.,155,7725,7880
WBGene00014109.,59,4090,4149
WBGene00014111.,15,737,752
WBGene00014112.,97,2366,2463
WBGene00014113.,24,888,912
WBGene00014114.,41,1144,1185
WBGene00014115.,224,3395,3619
WBGene00014116.,6,21,27
WBGene00014117.,13,288,301
WBGene00014118.,194,1627,1821
WBGene00014119.,233,829,1062
WBGene00014120.,0,370,370
WBGene00014121.,31,47,78
WBGene00014122.,25,83,108
WBGene00014123.,79,3573,3652
WBGene00014124.,36,1445,1481
WBGene00014125.,100,12816,12916
WBGene00014126.,0,0,0
WBGene00014127.,14,28,42
WBGene00014128.,15,18,33
WBGene00014129.,10,18,28
WBGene00014130.,2,11,13
WBGene00014131.,6,189,195
WBGene00014132.,6,8,14
WBGene00014134.,4,31,35
WBGene00014135.,5,36,41
WBGene00014136.,127,490,617
WBGene00014137.,22,687,709
WBGene00014138.,74,512,586
WBGene00014139.,332,384,716
WBGene00014140.,547,1331,1878
WBGene00014141.,33,514,547
WBGene00014142.,9,20,29
WBGene00014143.,0,3,3
WBGene00014144.,0,2,2
WBGene00014145.,42,504,546
WBGene00014147.,0,0,0
WBGene00014148.,209,2810,3019
WBGene00014149.,6,66,72
WBGene00014150.,106,1167,1273
WBGene00014151.,185,1545,1730
WBGene00014152.,65,394,459
WBGene00014153.,126,2007,2133
WBGene00014154.,3,32,35
WBGene00014155.,6,22,28
WBGene00014156.,131,2867,2998
WBGene00014157.,1,2,3
WBGene00014158.,0,9,9
WBGene00014159.,7,800,807
WBGene00014160.,4,123,127
WBGene00014161.,27,232,259
WBGene00014162.,0,5,5
WBGene00014163.,1,662,663
WBGene00014164.,89,1983,2072
WBGene00014165.,837,23588,24425
WBGene00014166.,16,265,281
WBGene00014168.,0,0,0
WBGene00014169.,0,0,0
WBGene00014170.,1,12,13
WBGene00014171.,1819,2154,3973
WBGene00014172.,137,1183,1320
WBGene00014173.,8,83,91
WBGene00014174.,0,5,5
WBGene00014175.,367,5031,5398
WBGene00014176.,38,323,361
WBGene00014177.,60,1690,1750
WBGene00014178.,10,124,134
WBGene00014179.,3,5,8
WBGene00014180.,4,7,11
WBGene00014181.,34,397,431
WBGene00014182.,0,0,0
WBGene00014183.,2,7,9
WBGene00014184.,4,0,4
WBGene00014185.,0,0,0
WBGene00014186.,0,1,1
WBGene00014188.,0,0,0
WBGene00014189.,0,0,0
WBGene00014190.,5,10,15
WBGene00014191.,2,6,8
WBGene00014192.,4,10,14
WBGene00014193.,1,24,25
WBGene00014194.,2,18,20
WBGene00014195.,17,74,91
WBGene00014196.,3,11,14
WBGene00014197.,2,7,9
WBGene00014198.,10,569,579
WBGene00014199.,5,21,26
WBGene00014200.,1,67,68
WBGene00014201.,1,1,2
WBGene00014202.,162,3660,3822
WBGene00014203.,18,342,360
WBGene00014204.,83,8723,8806
WBGene00014205.,21,594,615
WBGene00014206.,13,312,325
WBGene00014207.,128,3848,3976
WBGene00014208.,74,1904,1978
WBGene00014209.,159,1853,2012
WBGene00014210.,27,367,394
WBGene00014213.,511,11458,11969
WBGene00014214.,954,1183,2137
WBGene00014215.,358,1432,1790
WBGene00014216.,4,1,5
WBGene00014217.,0,0,0
WBGene00014218.,201,4898,5099
WBGene00014219.,84,1423,1507
WBGene00014220.,54,441,495
WBGene00014221.,55,1543,1598
WBGene00014222.,87,570,657
WBGene00014223.,54,78,132
WBGene00014224.,64,1876,1940
WBGene00014225.,3,32,35
WBGene00014226.,0,115,115
WBGene00014227.,213,1751,1964
WBGene00014228.,15,736,751
WBGene00014229.,8,11,19
WBGene00014230.,37,1015,1052
WBGene00014232.,218,1615,1833
WBGene00014233.,344,7827,8171
WBGene00014234.,2,777,779
WBGene00014235.,4,3,7
WBGene00014236.,3,7,10
WBGene00014238.,0,9,9
WBGene00014239.,1,5,6
WBGene00014240.,0,0,0
WBGene00014241.,0,6,6
WBGene00014242.,0,1,1
WBGene00014243.,185,2817,3002
WBGene00014244.,19,673,692
WBGene00014245.,30,379,409
WBGene00014246.,7,10,17
WBGene00014247.,1,1,2
WBGene00014248.,122,360,482
WBGene00014249.,47,2640,2687
WBGene00014250.,23,1250,1273
WBGene00014251.,199,2553,2752
WBGene00014252.,426,5772,6198
WBGene00014253.,166,2444,2610
WBGene00014254.,27,262,289
WBGene00014255.,6,202,208
WBGene00014256.,21,734,755
WBGene00014258.,100,1230,1330
WBGene00014259.,95,1601,1696
WBGene00014260.,52,40,92
WBGene00014261.,621,1235,1856
WBGene00014262.,316,5315,5631
WBGene00014263.,0,0,0
WBGene00014264.,0,0,0
WBGene00014265.,0,0,0
WBGene00014266.,0,0,0
WBGene00014267.,0,0,0
WBGene00014268.,0,0,0
WBGene00014269.,0,0,0
WBGene00014270.,0,0,0
WBGene00014271.,0,0,0
WBGene00014272.,0,0,0
WBGene00014273.,0,0,0
WBGene00014274.,0,0,0
WBGene00014275.,0,0,0
WBGene00014276.,0,0,0
WBGene00014277.,0,0,0
WBGene00014278.,0,0,0
WBGene00014279.,0,0,0
WBGene00014280.,0,0,0
WBGene00014281.,0,0,0
WBGene00014282.,0,0,0
WBGene00014283.,0,0,0
WBGene00014284.,0,0,0
WBGene00014285.,0,0,0
WBGene00014286.,0,0,0
WBGene00014287.,0,0,0
WBGene00014288.,0,0,0
WBGene00014289.,0,0,0
WBGene00014290.,0,0,0
WBGene00014291.,0,0,0
WBGene00014292.,0,0,0
WBGene00014293.,0,0,0
WBGene00014294.,3730,18483,22213
WBGene00014295.,0,0,0
WBGene00014296.,0,0,0
WBGene00014297.,0,0,0
WBGene00014298.,0,0,0
WBGene00014299.,0,0,0
WBGene00014300.,190,838,1028
WBGene00014301.,0,0,0
WBGene00014302.,0,0,0
WBGene00014303.,0,0,0
WBGene00014304.,0,0,0
WBGene00014305.,0,0,0
WBGene00014306.,0,0,0
WBGene00014307.,3697,66609,70306
WBGene00014308.,58,34709,34767
WBGene00014309.,16515,230560,247075
WBGene00014310.,0,0,0
WBGene00014311.,0,0,0
WBGene00014312.,0,0,0
WBGene00014313.,0,0,0
WBGene00014314.,0,0,0
WBGene00014315.,0,0,0
WBGene00014316.,0,0,0
WBGene00014317.,0,0,0
WBGene00014318.,0,0,0
WBGene00014319.,0,0,0
WBGene00014320.,0,0,0
WBGene00014321.,0,0,0
WBGene00014322.,0,0,0
WBGene00014323.,0,0,0
WBGene00014324.,0,0,0
WBGene00014325.,0,0,0
WBGene00014326.,0,0,0
WBGene00014327.,0,0,0
WBGene00014328.,0,0,0
WBGene00014329.,0,0,0
WBGene00014330.,0,0,0
WBGene00014331.,0,0,0
WBGene00014332.,0,0,0
WBGene00014333.,0,0,0
WBGene00014334.,0,0,0
WBGene00014335.,0,0,0
WBGene00014336.,0,0,0
WBGene00014337.,0,0,0
WBGene00014338.,0,0,0
WBGene00014339.,0,0,0
WBGene00014340.,0,0,0
WBGene00014341.,0,0,0
WBGene00014342.,0,0,0
WBGene00014343.,0,0,0
WBGene00014344.,0,0,0
WBGene00014345.,0,0,0
WBGene00014346.,0,0,0
WBGene00014347.,0,0,0
WBGene00014348.,0,0,0
WBGene00014349.,0,1,1
WBGene00014350.,0,2,2
WBGene00014351.,0,0,0
WBGene00014352.,0,0,0
WBGene00014353.,0,0,0
WBGene00014354.,0,0,0
WBGene00014355.,0,0,0
WBGene00014356.,0,0,0
WBGene00014357.,0,0,0
WBGene00014358.,0,0,0
WBGene00014359.,0,0,0
WBGene00014360.,0,0,0
WBGene00014361.,0,0,0
WBGene00014362.,0,0,0
WBGene00014363.,0,0,0
WBGene00014364.,0,0,0
WBGene00014365.,0,0,0
WBGene00014366.,0,0,0
WBGene00014367.,0,0,0
WBGene00014368.,0,0,0
WBGene00014369.,0,0,0
WBGene00014370.,0,0,0
WBGene00014371.,0,1,1
WBGene00014372.,0,0,0
WBGene00014373.,1,0,1
WBGene00014374.,0,0,0
WBGene00014375.,10,104,114
WBGene00014376.,0,0,0
WBGene00014377.,0,0,0
WBGene00014378.,0,0,0
WBGene00014379.,0,0,0
WBGene00014380.,0,0,0
WBGene00014381.,0,0,0
WBGene00014382.,0,0,0
WBGene00014384.,0,0,0
WBGene00014385.,0,2,2
WBGene00014386.,0,0,0
WBGene00014387.,0,0,0
WBGene00014388.,0,0,0
WBGene00014389.,0,0,0
WBGene00014390.,0,0,0
WBGene00014391.,0,0,0
WBGene00014392.,0,0,0
WBGene00014393.,0,0,0
WBGene00014394.,0,37,37
WBGene00014395.,0,2,2
WBGene00014396.,0,0,0
WBGene00014397.,0,0,0
WBGene00014398.,0,0,0
WBGene00014399.,0,0,0
WBGene00014400.,0,0,0
WBGene00014401.,0,0,0
WBGene00014402.,0,0,0
WBGene00014403.,0,0,0
WBGene00014404.,0,2,2
WBGene00014405.,0,0,0
WBGene00014406.,0,0,0
WBGene00014407.,0,0,0
WBGene00014408.,0,0,0
WBGene00014409.,0,0,0
WBGene00014410.,0,0,0
WBGene00014411.,0,0,0
WBGene00014413.,0,0,0
WBGene00014414.,0,0,0
WBGene00014415.,0,0,0
WBGene00014416.,0,0,0
WBGene00014417.,0,6,6
WBGene00014418.,0,0,0
WBGene00014419.,0,0,0
WBGene00014420.,0,3,3
WBGene00014421.,0,1,1
WBGene00014422.,0,0,0
WBGene00014423.,0,0,0
WBGene00014424.,0,2,2
WBGene00014425.,0,0,0
WBGene00014426.,0,0,0
WBGene00014427.,0,0,0
WBGene00014428.,0,0,0
WBGene00014429.,0,0,0
WBGene00014430.,0,0,0
WBGene00014431.,0,0,0
WBGene00014432.,0,0,0
WBGene00014433.,0,0,0
WBGene00014434.,0,0,0
WBGene00014435.,0,0,0
WBGene00014436.,0,0,0
WBGene00014437.,0,1,1
WBGene00014438.,0,0,0
WBGene00014439.,0,25,25
WBGene00014440.,0,0,0
WBGene00014441.,0,0,0
WBGene00014442.,0,0,0
WBGene00014443.,0,0,0
WBGene00014444.,0,0,0
WBGene00014445.,0,0,0
WBGene00014446.,0,0,0
WBGene00014447.,0,0,0
WBGene00014448.,0,0,0
WBGene00014449.,0,0,0
WBGene00014450.,0,29,29
WBGene00014451.,0,37,37
WBGene00014452.,0,15,15
WBGene00014453.,0,8,8
WBGene00014454.,0,620429,620429
WBGene00014455.,0,9,9
WBGene00014456.,0,45,45
WBGene00014457.,0,284,284
WBGene00014458.,0,10,10
WBGene00014459.,0,198,198
WBGene00014460.,0,106,106
WBGene00014461.,0,23,23
WBGene00014462.,0,214,214
WBGene00014463.,0,13,13
WBGene00014464.,0,5,5
WBGene00014465.,0,15,15
WBGene00014466.,0,205,205
WBGene00014467.,0,44,44
WBGene00014468.,0,23,23
WBGene00014469.,0,21,21
WBGene00014470.,0,107,107
WBGene00014471.,0,19,19
WBGene00014472.,0,476973,476973
WBGene00014473.,0,1262,1262
WBGene00014474.,0,0,0
WBGene00014475.,0,0,0
WBGene00014476.,0,0,0
WBGene00014477.,0,0,0
WBGene00014478.,0,0,0
WBGene00014479.,0,0,0
WBGene00014480.,0,0,0
WBGene00014481.,0,0,0
WBGene00014482.,0,0,0
WBGene00014483.,0,0,0
WBGene00014484.,0,0,0
WBGene00014485.,0,0,0
WBGene00014486.,0,0,0
WBGene00014487.,0,0,0
WBGene00014488.,0,0,0
WBGene00014489.,0,0,0
WBGene00014490.,0,0,0
WBGene00014491.,0,0,0
WBGene00014493.,0,0,0
WBGene00014494.,0,0,0
WBGene00014495.,0,0,0
WBGene00014496.,0,0,0
WBGene00014497.,0,0,0
WBGene00014498.,0,0,0
WBGene00014499.,0,0,0
WBGene00014500.,0,1,1
WBGene00014501.,0,0,0
WBGene00014502.,0,0,0
WBGene00014503.,0,0,0
WBGene00014504.,0,0,0
WBGene00014505.,0,84319,84319
WBGene00014506.,0,0,0
WBGene00014507.,0,0,0
WBGene00014508.,0,0,0
WBGene00014509.,0,0,0
WBGene00014510.,0,0,0
WBGene00014511.,0,1,1
WBGene00014512.,0,0,0
WBGene00014513.,0,0,0
WBGene00014514.,0,0,0
WBGene00014515.,0,0,0
WBGene00014516.,0,0,0
WBGene00014517.,0,0,0
WBGene00014518.,0,0,0
WBGene00014519.,0,0,0
WBGene00014520.,0,0,0
WBGene00014521.,0,0,0
WBGene00014522.,0,0,0
WBGene00014523.,0,0,0
WBGene00014524.,0,0,0
WBGene00014525.,0,0,0
WBGene00014526.,0,0,0
WBGene00014527.,0,0,0
WBGene00014528.,0,0,0
WBGene00014529.,0,0,0
WBGene00014530.,0,0,0
WBGene00014531.,0,0,0
WBGene00014532.,0,0,0
WBGene00014533.,0,0,0
WBGene00014534.,0,3,3
WBGene00014535.,0,0,0
WBGene00014536.,0,0,0
WBGene00014537.,0,1,1
WBGene00014538.,0,0,0
WBGene00014539.,0,0,0
WBGene00014540.,0,0,0
WBGene00014541.,0,0,0
WBGene00014542.,0,25,25
WBGene00014543.,0,0,0
WBGene00014544.,0,0,0
WBGene00014545.,0,0,0
WBGene00014546.,0,0,0
WBGene00014547.,0,0,0
WBGene00014548.,0,0,0
WBGene00014549.,0,0,0
WBGene00014550.,0,0,0
WBGene00014551.,0,0,0
WBGene00014552.,0,0,0
WBGene00014553.,0,0,0
WBGene00014554.,0,0,0
WBGene00014555.,0,0,0
WBGene00014556.,0,0,0
WBGene00014557.,0,0,0
WBGene00014558.,0,0,0
WBGene00014559.,0,0,0
WBGene00014560.,0,0,0
WBGene00014561.,0,0,0
WBGene00014562.,14,28,42
WBGene00014563.,0,0,0
WBGene00014564.,0,0,0
WBGene00014565.,0,0,0
WBGene00014566.,0,0,0
WBGene00014567.,0,0,0
WBGene00014568.,0,0,0
WBGene00014569.,208,745,953
WBGene00014570.,0,0,0
WBGene00014571.,0,0,0
WBGene00014572.,0,0,0
WBGene00014573.,0,0,0
WBGene00014574.,0,0,0
WBGene00014575.,0,0,0
WBGene00014576.,130,264,394
WBGene00014577.,0,3,3
WBGene00014578.,0,0,0
WBGene00014579.,0,1,1
WBGene00014580.,0,0,0
WBGene00014581.,0,0,0
WBGene00014582.,0,0,0
WBGene00014583.,0,0,0
WBGene00014584.,0,0,0
WBGene00014585.,0,0,0
WBGene00014586.,0,0,0
WBGene00014587.,0,0,0
WBGene00014588.,0,0,0
WBGene00014589.,0,2,2
WBGene00014590.,0,0,0
WBGene00014591.,0,0,0
WBGene00014592.,0,0,0
WBGene00014593.,0,0,0
WBGene00014594.,0,0,0
WBGene00014595.,0,0,0
WBGene00014596.,0,0,0
WBGene00014597.,0,0,0
WBGene00014598.,0,0,0
WBGene00014599.,0,0,0
WBGene00014600.,0,0,0
WBGene00014601.,0,0,0
WBGene00014602.,0,0,0
WBGene00014603.,0,0,0
WBGene00014604.,0,0,0
WBGene00014605.,0,1,1
WBGene00014606.,0,0,0
WBGene00014607.,0,0,0
WBGene00014608.,0,0,0
WBGene00014609.,0,0,0
WBGene00014610.,0,0,0
WBGene00014611.,0,0,0
WBGene00014612.,0,0,0
WBGene00014613.,187,899,1086
WBGene00014614.,0,0,0
WBGene00014615.,9,13,22
WBGene00014616.,0,0,0
WBGene00014617.,0,0,0
WBGene00014618.,0,0,0
WBGene00014619.,0,0,0
WBGene00014620.,0,0,0
WBGene00014621.,0,0,0
WBGene00014622.,0,0,0
WBGene00014623.,0,0,0
WBGene00014624.,0,0,0
WBGene00014625.,0,0,0
WBGene00014626.,0,0,0
WBGene00014627.,0,0,0
WBGene00014628.,0,0,0
WBGene00014629.,0,0,0
WBGene00014630.,0,0,0
WBGene00014631.,0,0,0
WBGene00014632.,0,0,0
WBGene00014633.,0,0,0
WBGene00014634.,0,0,0
WBGene00014635.,0,0,0
WBGene00014636.,0,0,0
WBGene00014637.,0,0,0
WBGene00014638.,0,0,0
WBGene00014639.,0,0,0
WBGene00014640.,0,0,0
WBGene00014641.,2,10,12
WBGene00014643.,0,280,280
WBGene00014644.,0,0,0
WBGene00014645.,0,0,0
WBGene00014646.,0,0,0
WBGene00014647.,0,0,0
WBGene00014648.,0,0,0
WBGene00014649.,0,0,0
WBGene00014650.,0,0,0
WBGene00014651.,0,0,0
WBGene00014652.,0,0,0
WBGene00014653.,0,0,0
WBGene00014654.,0,0,0
WBGene00014655.,0,0,0
WBGene00014656.,0,1,1
WBGene00014657.,0,5,5
WBGene00014658.,0,0,0
WBGene00014659.,0,0,0
WBGene00014660.,2,14,16
WBGene00014663.,0,94,94
WBGene00014664.,0,0,0
WBGene00014665.,0,0,0
WBGene00014666.,14,63,77
WBGene00014667.,1,25,26
WBGene00014668.,9,41,50
WBGene00014669.,12,237,249
WBGene00014670.,0,2,2
WBGene00014671.,0,0,0
WBGene00014672.,0,110,110
WBGene00014673.,0,0,0
WBGene00014674.,0,29,29
WBGene00014675.,0,3,3
WBGene00014676.,0,0,0
WBGene00014677.,0,0,0
WBGene00014678.,0,1,1
WBGene00014679.,0,2,2
WBGene00014681.,0,0,0
WBGene00014682.,0,4,4
WBGene00014683.,0,14,14
WBGene00014684.,0,1,1
WBGene00014685.,0,0,0
WBGene00014686.,0,4,4
WBGene00014689.,0,3,3
WBGene00014691.,0,0,0
WBGene00014692.,0,0,0
WBGene00014693.,0,3,3
WBGene00014694.,0,7,7
WBGene00014695.,0,0,0
WBGene00014696.,0,0,0
WBGene00014697.,261,3346,3607
WBGene00014698.,21,509,530
WBGene00014699.,1,9,10
WBGene00014700.,1,83,84
WBGene00014701.,0,35,35
WBGene00014702.,0,22,22
WBGene00014703.,0,24,24
WBGene00014704.,0,1,1
WBGene00014705.,0,1,1
WBGene00014706.,0,0,0
WBGene00014707.,0,0,0
WBGene00014708.,0,0,0
WBGene00014710.,0,5,5
WBGene00014711.,3,18,21
WBGene00014714.,9,229,238
WBGene00014715.,0,0,0
WBGene00014716.,0,0,0
WBGene00014717.,0,0,0
WBGene00014718.,0,0,0
WBGene00014719.,0,0,0
WBGene00014720.,0,0,0
WBGene00014721.,0,0,0
WBGene00014722.,1,0,1
WBGene00014723.,1,0,1
WBGene00014724.,0,0,0
WBGene00014727.,0,0,0
WBGene00014728.,0,17,17
WBGene00014729.,0,31,31
WBGene00014730.,2,94,96
WBGene00014731.,0,26,26
WBGene00014732.,5,25,30
WBGene00014733.,0,1,1
WBGene00014734.,7,32,39
WBGene00014735.,0,1,1
WBGene00014738.,0,0,0
WBGene00014740.,0,2,2
WBGene00014741.,0,36,36
WBGene00014744.,0,30,30
WBGene00014745.,0,13,13
WBGene00014746.,8,335,343
WBGene00014748.,0,0,0
WBGene00014751.,61,302,363
WBGene00014752.,0,0,0
WBGene00014753.,0,7,7
WBGene00014754.,0,6,6
WBGene00014755.,0,0,0
WBGene00014757.,0,2,2
WBGene00014758.,0,9,9
WBGene00014759.,8,9,17
WBGene00014760.,6,6,12
WBGene00014761.,45,112,157
WBGene00014763.,0,0,0
WBGene00014764.,3,3,6
WBGene00014766.,0,0,0
WBGene00014767.,0,0,0
WBGene00014768.,0,1,1
WBGene00014769.,1,5,6
WBGene00014770.,6,7,13
WBGene00014771.,3,40,43
WBGene00014772.,993,4895,5888
WBGene00014773.,0,26,26
WBGene00014775.,0,0,0
WBGene00014776.,0,0,0
WBGene00014777.,0,0,0
WBGene00014778.,0,26,26
WBGene00014779.,2,0,2
WBGene00014781.,0,0,0
WBGene00014782.,0,0,0
WBGene00014783.,0,0,0
WBGene00014784.,0,0,0
WBGene00014785.,0,0,0
WBGene00014786.,0,0,0
WBGene00014787.,0,0,0
WBGene00014788.,0,0,0
WBGene00014789.,15,29,44
WBGene00014790.,9,13,22
WBGene00014793.,0,366,366
WBGene00014794.,8,5,13
WBGene00014796.,7,6,13
WBGene00014798.,0,11,11
WBGene00014799.,0,22,22
WBGene00014800.,3,25,28
WBGene00014801.,15,76,91
WBGene00014803.,0,2,2
WBGene00014805.,1,1,2
WBGene00014806.,0,7,7
WBGene00014807.,3,2,5
WBGene00014809.,3,9,12
WBGene00014811.,15,600,615
WBGene00014813.,6,14,20
WBGene00014814.,0,41,41
WBGene00014817.,0,5,5
WBGene00014818.,2,5,7
WBGene00014819.,0,0,0
WBGene00014820.,119,236,355
WBGene00014821.,169,85,254
WBGene00014822.,25,2,27
WBGene00014824.,0,0,0
WBGene00014825.,0,16,16
WBGene00014826.,3682,53403,57085
WBGene00014827.,0,1,1
WBGene00014828.,0,0,0
WBGene00014829.,0,0,0
WBGene00014832.,2,4,6
WBGene00014833.,8,1,9
WBGene00014834.,13,4,17
WBGene00014835.,1,38,39
WBGene00014836.,19,1542,1561
WBGene00014837.,4,44,48
WBGene00014838.,37,98,135
WBGene00014839.,0,0,0
WBGene00014841.,41,42,83
WBGene00014842.,0,7,7
WBGene00014843.,0,1,1
WBGene00014844.,4,0,4
WBGene00014845.,0,0,0
WBGene00014846.,12,15,27
WBGene00014848.,49,1301,1350
WBGene00014849.,0,0,0
WBGene00014850.,0,0,0
WBGene00014851.,4,4,8
WBGene00014852.,0,371,371
WBGene00014853.,0,0,0
WBGene00014854.,0,6,6
WBGene00014855.,0,0,0
WBGene00014856.,0,0,0
WBGene00014857.,0,0,0
WBGene00014858.,0,3,3
WBGene00014861.,0,16,16
WBGene00014862.,6,5,11
WBGene00014863.,1,2,3
WBGene00014864.,9,12,21
WBGene00014865.,0,2,2
WBGene00014866.,0,0,0
WBGene00014867.,0,0,0
WBGene00014868.,0,0,0
WBGene00014869.,0,0,0
WBGene00014870.,5,118,123
WBGene00014871.,0,184,184
WBGene00014872.,0,0,0
WBGene00014873.,0,0,0
WBGene00014874.,5,3,8
WBGene00014875.,0,3,3
WBGene00014876.,0,0,0
WBGene00014877.,0,2,2
WBGene00014878.,0,3,3
WBGene00014879.,0,3,3
WBGene00014880.,0,0,0
WBGene00014881.,0,4,4
WBGene00014882.,0,0,0
WBGene00014883.,0,12,12
WBGene00014884.,13,46,59
WBGene00014885.,0,2,2
WBGene00014886.,0,27,27
WBGene00014887.,0,1,1
WBGene00014888.,0,3,3
WBGene00014889.,0,0,0
WBGene00014890.,0,0,0
WBGene00014891.,0,0,0
WBGene00014892.,0,0,0
WBGene00014893.,0,0,0
WBGene00014894.,0,3,3
WBGene00014895.,0,1,1
WBGene00014896.,0,0,0
WBGene00014897.,0,0,0
WBGene00014898.,0,25,25
WBGene00014902.,0,0,0
WBGene00014903.,0,2,2
WBGene00014904.,6,63,69
WBGene00014905.,2,2,4
WBGene00014906.,0,27,27
WBGene00014907.,5,67,72
WBGene00014908.,0,0,0
WBGene00014909.,0,1,1
WBGene00014910.,0,0,0
WBGene00014911.,0,0,0
WBGene00014912.,0,0,0
WBGene00014914.,19,38,57
WBGene00014915.,128,207,335
WBGene00014916.,4,219,223
WBGene00014917.,15,391,406
WBGene00014918.,14,470,484
WBGene00014920.,6,43,49
WBGene00014921.,0,4,4
WBGene00014922.,0,3,3
WBGene00014923.,4,2,6
WBGene00014924.,3,2,5
WBGene00014925.,0,4,4
WBGene00014926.,12,12,24
WBGene00014927.,4,7,11
WBGene00014928.,0,0,0
WBGene00014929.,0,0,0
WBGene00014930.,0,0,0
WBGene00014931.,0,0,0
WBGene00014932.,0,0,0
WBGene00014933.,0,6,6
WBGene00014934.,0,7,7
WBGene00014935.,0,0,0
WBGene00014936.,0,0,0
WBGene00014937.,3,1,4
WBGene00014938.,130,2374,2504
WBGene00014939.,0,7,7
WBGene00014941.,19,225,244
WBGene00014943.,2,0,2
WBGene00014944.,0,26,26
WBGene00014945.,0,3,3
WBGene00014946.,0,18,18
WBGene00014947.,133,67,200
WBGene00014948.,3,0,3
WBGene00014949.,0,3,3
WBGene00014950.,0,0,0
WBGene00014951.,0,0,0
WBGene00014952.,0,1,1
WBGene00014953.,0,3,3
WBGene00014954.,3,7,10
WBGene00014955.,0,334,334
WBGene00014956.,0,49,49
WBGene00014957.,0,1,1
WBGene00014958.,0,4,4
WBGene00014961.,0,0,0
WBGene00014962.,0,0,0
WBGene00014963.,0,1,1
WBGene00014964.,0,2,2
WBGene00014965.,91,1702,1793
WBGene00014966.,0,1,1
WBGene00014967.,0,10,10
WBGene00014969.,0,3,3
WBGene00014970.,0,0,0
WBGene00014971.,0,0,0
WBGene00014972.,0,0,0
WBGene00014973.,0,1,1
WBGene00014974.,0,0,0
WBGene00014975.,19,318,337
WBGene00014976.,0,1,1
WBGene00014977.,0,20,20
WBGene00014978.,25,324,349
WBGene00014979.,3,96,99
WBGene00014980.,3,5,8
WBGene00014981.,0,0,0
WBGene00014983.,0,0,0
WBGene00014984.,0,4,4
WBGene00014987.,0,479,479
WBGene00014989.,397,1641,2038
WBGene00014990.,0,0,0
WBGene00014991.,0,11,11
WBGene00014992.,0,5,5
WBGene00014993.,0,0,0
WBGene00014994.,124,184,308
WBGene00014996.,0,1,1
WBGene00014997.,1,1,2
WBGene00014998.,54,139,193
WBGene00014999.,60,719,779
WBGene00015000.,40,161,201
WBGene00015001.,94,996,1090
WBGene00015002.,52,483,535
WBGene00015003.,2,0,2
WBGene00015004.,9,202,211
WBGene00015005.,6,54,60
WBGene00015006.,9,22,31
WBGene00015007.,677,5864,6541
WBGene00015008.,32,917,949
WBGene00015009.,93,1523,1616
WBGene00015010.,42,276,318
WBGene00015011.,33,3225,3258
WBGene00015012.,11,58,69
WBGene00015013.,5,388,393
WBGene00015014.,22,341,363
WBGene00015015.,5,16,21
WBGene00015016.,30,317,347
WBGene00015017.,122,893,1015
WBGene00015018.,5,9,14
WBGene00015019.,47,226,273
WBGene00015020.,0,7,7
WBGene00015021.,130,1344,1474
WBGene00015022.,410,3163,3573
WBGene00015023.,43,440,483
WBGene00015024.,4,27,31
WBGene00015025.,425,5158,5583
WBGene00015026.,3,23,26
WBGene00015027.,153,400,553
WBGene00015028.,20,52,72
WBGene00015029.,35,1061,1096
WBGene00015030.,3,4,7
WBGene00015032.,2,23,25
WBGene00015033.,122,256,378
WBGene00015034.,5,3,8
WBGene00015035.,19,47,66
WBGene00015036.,11,45,56
WBGene00015037.,54,117,171
WBGene00015038.,26,213,239
WBGene00015040.,29,261,290
WBGene00015041.,37,118,155
WBGene00015042.,16,172,188
WBGene00015043.,71,1007,1078
WBGene00015044.,67,2276,2343
WBGene00015045.,24,287,311
WBGene00015046.,46,730,776
WBGene00015047.,406,7791,8197
WBGene00015048.,37,1771,1808
WBGene00015049.,11,196,207
WBGene00015050.,49,299,348
WBGene00015051.,2,10,12
WBGene00015052.,31,522,553
WBGene00015053.,7,582,589
WBGene00015054.,5,5,10
WBGene00015055.,44,141,185
WBGene00015056.,16,164,180
WBGene00015057.,25,388,413
WBGene00015058.,0,14,14
WBGene00015059.,8,1736,1744
WBGene00015061.,1736,19233,20969
WBGene00015062.,52,355,407
WBGene00015063.,16,2048,2064
WBGene00015064.,368,4859,5227
WBGene00015065.,2,8,10
WBGene00015066.,3,19,22
WBGene00015067.,74,1162,1236
WBGene00015068.,0,6,6
WBGene00015069.,1,1,2
WBGene00015070.,4,31,35
WBGene00015071.,2,4,6
WBGene00015072.,12,22,34
WBGene00015073.,14,788,802
WBGene00015074.,72,2884,2956
WBGene00015075.,100,2743,2843
WBGene00015076.,38,3472,3510
WBGene00015077.,1,2,3
WBGene00015078.,0,1,1
WBGene00015079.,394,162,556
WBGene00015080.,10,24,34
WBGene00015081.,23,27,50
WBGene00015082.,4,22,26
WBGene00015083.,6,400,406
WBGene00015084.,1,9,10
WBGene00015085.,28,141,169
WBGene00015087.,19,96,115
WBGene00015088.,78,1195,1273
WBGene00015089.,5,69,74
WBGene00015091.,152,2401,2553
WBGene00015092.,223,6932,7155
WBGene00015093.,3,8,11
WBGene00015094.,28,63,91
WBGene00015095.,126,1764,1890
WBGene00015096.,97,725,822
WBGene00015097.,9,65,74
WBGene00015098.,8,278,286
WBGene00015099.,194,2910,3104
WBGene00015100.,2,6,8
WBGene00015101.,26,4611,4637
WBGene00015102.,11,574,585
WBGene00015103.,5,17,22
WBGene00015104.,20,1759,1779
WBGene00015105.,379,709,1088
WBGene00015106.,2,6,8
WBGene00015107.,46,916,962
WBGene00015108.,0,0,0
WBGene00015110.,18,229,247
WBGene00015111.,2,3,5
WBGene00015112.,1,16,17
WBGene00015113.,6,82,88
WBGene00015114.,2,0,2
WBGene00015115.,416,2399,2815
WBGene00015116.,167,2448,2615
WBGene00015117.,22,1437,1459
WBGene00015118.,1,5,6
WBGene00015119.,0,0,0
WBGene00015121.,0,0,0
WBGene00015122.,17,1454,1471
WBGene00015124.,92,444,536
WBGene00015125.,30,1908,1938
WBGene00015126.,249,3123,3372
WBGene00015128.,120,2251,2371
WBGene00015129.,0,3,3
WBGene00015130.,48,1554,1602
WBGene00015131.,97,561,658
WBGene00015132.,18,244,262
WBGene00015133.,103,3779,3882
WBGene00015134.,88,1692,1780
WBGene00015135.,48,146,194
WBGene00015136.,147,2327,2474
WBGene00015137.,93,1788,1881
WBGene00015138.,23,34,57
WBGene00015139.,111,288,399
WBGene00015141.,49,704,753
WBGene00015142.,0,5,5
WBGene00015143.,43,2014,2057
WBGene00015145.,108,1837,1945
WBGene00015146.,94,1249,1343
WBGene00015147.,15,969,984
WBGene00015148.,36,1277,1313
WBGene00015149.,0,3,3
WBGene00015150.,10,316,326
WBGene00015151.,5,22,27
WBGene00015152.,105,184,289
WBGene00015153.,7,19,26
WBGene00015155.,511,2655,3166
WBGene00015156.,1309,3338,4647
WBGene00015157.,40,1240,1280
WBGene00015158.,111,833,944
WBGene00015159.,1571,5994,7565
WBGene00015160.,28,1355,1383
WBGene00015161.,58,1377,1435
WBGene00015162.,276,2532,2808
WBGene00015163.,37,6365,6402
WBGene00015164.,104,1686,1790
WBGene00015165.,13,25,38
WBGene00015167.,1,192,193
WBGene00015168.,40,5055,5095
WBGene00015169.,5,14,19
WBGene00015170.,0,7,7
WBGene00015171.,23,208,231
WBGene00015172.,6,2070,2076
WBGene00015173.,327,998,1325
WBGene00015175.,3,14,17
WBGene00015176.,207,2312,2519
WBGene00015177.,67,629,696
WBGene00015178.,9,20,29
WBGene00015179.,25,173,198
WBGene00015180.,0,1,1
WBGene00015181.,19,2534,2553
WBGene00015182.,126,812,938
WBGene00015183.,10,9,19
WBGene00015184.,106,1750,1856
WBGene00015185.,488,3608,4096
WBGene00015186.,88,1452,1540
WBGene00015188.,77,360,437
WBGene00015189.,34,145,179
WBGene00015190.,7,173,180
WBGene00015191.,185,1493,1678
WBGene00015192.,4,6,10
WBGene00015193.,2,1,3
WBGene00015194.,145,857,1002
WBGene00015196.,37,200,237
WBGene00015197.,25,448,473
WBGene00015198.,7,15,22
WBGene00015199.,11,17,28
WBGene00015200.,114,1747,1861
WBGene00015202.,78,1347,1425
WBGene00015203.,212,4376,4588
WBGene00015204.,34,1602,1636
WBGene00015205.,102,1454,1556
WBGene00015206.,64,1834,1898
WBGene00015207.,249,1504,1753
WBGene00015208.,261,4477,4738
WBGene00015210.,34,159,193
WBGene00015211.,7,41,48
WBGene00015214.,2,18,20
WBGene00015215.,1,8,9
WBGene00015216.,96,838,934
WBGene00015217.,43,918,961
WBGene00015218.,21,76,97
WBGene00015219.,291,4387,4678
WBGene00015220.,13,622,635
WBGene00015221.,1,0,1
WBGene00015222.,2,3,5
WBGene00015223.,7,17,24
WBGene00015224.,0,2,2
WBGene00015225.,7,36,43
WBGene00015226.,1,9,10
WBGene00015227.,4,25,29
WBGene00015228.,6,14,20
WBGene00015229.,2,28,30
WBGene00015230.,0,12,12
WBGene00015231.,49,315,364
WBGene00015232.,2617,29754,32371
WBGene00015233.,6,863,869
WBGene00015235.,1,431,432
WBGene00015236.,54,48,102
WBGene00015237.,438,3147,3585
WBGene00015238.,40,457,497
WBGene00015241.,23,5,28
WBGene00015242.,0,2,2
WBGene00015243.,45,24,69
WBGene00015244.,16,59,75
WBGene00015245.,145,984,1129
WBGene00015246.,155,34,189
WBGene00015247.,0,50,50
WBGene00015248.,2102,22892,24994
WBGene00015249.,851,2587,3438
WBGene00015250.,415,1310,1725
WBGene00015251.,549,13166,13715
WBGene00015252.,3,11,14
WBGene00015253.,0,0,0
WBGene00015254.,0,0,0
WBGene00015255.,2,5,7
WBGene00015257.,10,3,13
WBGene00015258.,0,4,4
WBGene00015259.,0,4,4
WBGene00015260.,4,10,14
WBGene00015261.,0,27,27
WBGene00015262.,87,381,468
WBGene00015263.,230,589,819
WBGene00015264.,70,366,436
WBGene00015265.,6,45,51
WBGene00015266.,172,366,538
WBGene00015267.,152,728,880
WBGene00015268.,63,96,159
WBGene00015269.,0,0,0
WBGene00015270.,0,0,0
WBGene00015271.,0,0,0
WBGene00015272.,0,0,0
WBGene00015273.,297,5,302
WBGene00015277.,0,0,0
WBGene00015278.,54,425,479
WBGene00015279.,11,147,158
WBGene00015280.,94,893,987
WBGene00015281.,2,11,13
WBGene00015282.,118,1195,1313
WBGene00015283.,76,1383,1459
WBGene00015284.,21,234,255
WBGene00015285.,327,2978,3305
WBGene00015286.,25,199,224
WBGene00015287.,6,654,660
WBGene00015288.,5,20,25
WBGene00015291.,97,1176,1273
WBGene00015292.,10,31,41
WBGene00015293.,749,5684,6433
WBGene00015294.,216,4326,4542
WBGene00015295.,71,830,901
WBGene00015296.,242,3356,3598
WBGene00015297.,72,1266,1338
WBGene00015298.,54,299,353
WBGene00015299.,36,196,232
WBGene00015300.,13,134,147
WBGene00015301.,398,1362,1760
WBGene00015303.,459,703,1162
WBGene00015305.,7,2,9
WBGene00015306.,5,4,9
WBGene00015307.,52,562,614
WBGene00015308.,103,2711,2814
WBGene00015309.,28,44,72
WBGene00015310.,93,1863,1956
WBGene00015311.,7,13,20
WBGene00015312.,15,712,727
WBGene00015313.,24,662,686
WBGene00015315.,5,6,11
WBGene00015316.,26,0,26
WBGene00015317.,0,1,1
WBGene00015318.,2,3,5
WBGene00015320.,9,124,133
WBGene00015321.,0,4,4
WBGene00015322.,4,478,482
WBGene00015323.,36,13,49
WBGene00015324.,27,507,534
WBGene00015325.,0,0,0
WBGene00015326.,39,6020,6059
WBGene00015327.,49,1048,1097
WBGene00015328.,691,1492,2183
WBGene00015329.,83,2870,2953
WBGene00015330.,114,1475,1589
WBGene00015331.,0,0,0
WBGene00015332.,146,901,1047
WBGene00015333.,8,42,50
WBGene00015334.,112,401,513
WBGene00015335.,10,17,27
WBGene00015336.,43,984,1027
WBGene00015337.,3,41,44
WBGene00015338.,3,1,4
WBGene00015339.,6,75,81
WBGene00015340.,21,33,54
WBGene00015341.,23,17,40
WBGene00015342.,1,1,2
WBGene00015344.,52,1071,1123
WBGene00015345.,7,16,23
WBGene00015346.,201,7999,8200
WBGene00015347.,122,1275,1397
WBGene00015348.,4,23,27
WBGene00015349.,578,1296,1874
WBGene00015350.,140,7554,7694
WBGene00015351.,20,59,79
WBGene00015352.,358,5200,5558
WBGene00015353.,26,435,461
WBGene00015354.,392,24512,24904
WBGene00015355.,23,41,64
WBGene00015356.,311,4090,4401
WBGene00015357.,15,346,361
WBGene00015359.,5,36,41
WBGene00015360.,3,12,15
WBGene00015361.,16,36,52
WBGene00015362.,134,1707,1841
WBGene00015364.,35,89,124
WBGene00015366.,6,27,33
WBGene00015367.,11,34,45
WBGene00015368.,41,34,75
WBGene00015369.,10,100,110
WBGene00015371.,55,10,65
WBGene00015372.,0,3,3
WBGene00015373.,23,59,82
WBGene00015374.,5,5,10
WBGene00015375.,9,99,108
WBGene00015376.,3,41,44
WBGene00015377.,13,74,87
WBGene00015378.,36,267,303
WBGene00015379.,2,2,4
WBGene00015380.,0,16,16
WBGene00015381.,80,171,251
WBGene00015382.,19,161,180
WBGene00015385.,0,136,136
WBGene00015386.,323,35,358
WBGene00015387.,84,182,266
WBGene00015388.,21,44,65
WBGene00015389.,106,1075,1181
WBGene00015390.,36,275,311
WBGene00015391.,83,2648,2731
WBGene00015392.,0,0,0
WBGene00015393.,1518,26215,27733
WBGene00015394.,4,4,8
WBGene00015395.,9,61,70
WBGene00015396.,3,47,50
WBGene00015397.,3,8,11
WBGene00015398.,2,3831,3833
WBGene00015399.,20,9,29
WBGene00015400.,146,692,838
WBGene00015401.,23,72,95
WBGene00015402.,408,4522,4930
WBGene00015403.,4,139,143
WBGene00015404.,96,2554,2650
WBGene00015405.,333,5270,5603
WBGene00015406.,4,14,18
WBGene00015407.,14,312,326
WBGene00015408.,20,161,181
WBGene00015409.,8,101,109
WBGene00015410.,270,1800,2070
WBGene00015411.,7,6,13
WBGene00015412.,17,49,66
WBGene00015413.,245,5816,6061
WBGene00015414.,0,8,8
WBGene00015416.,30,188,218
WBGene00015417.,8,73,81
WBGene00015418.,1289,6290,7579
WBGene00015419.,10,5,15
WBGene00015421.,4,5,9
WBGene00015422.,4,11,15
WBGene00015423.,24,507,531
WBGene00015424.,14,45,59
WBGene00015425.,130,1167,1297
WBGene00015426.,6,19,25
WBGene00015427.,110,2048,2158
WBGene00015428.,9,6,15
WBGene00015429.,61,655,716
WBGene00015430.,496,2178,2674
WBGene00015432.,1,7,8
WBGene00015433.,20,245,265
WBGene00015434.,260,1317,1577
WBGene00015435.,0,0,0
WBGene00015436.,0,1,1
WBGene00015437.,2,50,52
WBGene00015438.,10,2,12
WBGene00015439.,9,4,13
WBGene00015440.,18,117,135
WBGene00015441.,8,23,31
WBGene00015442.,11,1,12
WBGene00015444.,30,33,63
WBGene00015446.,10,0,10
WBGene00015447.,2,2,4
WBGene00015448.,2,4,6
WBGene00015449.,1,4,5
WBGene00015450.,10,1464,1474
WBGene00015451.,165,1468,1633
WBGene00015453.,6,17,23
WBGene00015454.,38,1088,1126
WBGene00015455.,908,1043,1951
WBGene00015456.,0,49,49
WBGene00015457.,0,4,4
WBGene00015458.,0,10,10
WBGene00015459.,1,0,1
WBGene00015460.,17,832,849
WBGene00015461.,123,2927,3050
WBGene00015462.,28,773,801
WBGene00015463.,14,867,881
WBGene00015464.,51,1230,1281
WBGene00015465.,26,29,55
WBGene00015466.,15,1830,1845
WBGene00015467.,2,6,8
WBGene00015468.,119,1348,1467
WBGene00015469.,15,243,258
WBGene00015470.,31,2299,2330
WBGene00015471.,160,1217,1377
WBGene00015472.,59,330,389
WBGene00015473.,35,40,75
WBGene00015474.,43,930,973
WBGene00015476.,167,1608,1775
WBGene00015477.,247,3502,3749
WBGene00015478.,110,583,693
WBGene00015479.,36,193,229
WBGene00015480.,187,753,940
WBGene00015481.,65,4082,4147
WBGene00015483.,53,418,471
WBGene00015484.,124,4609,4733
WBGene00015485.,115,1156,1271
WBGene00015486.,167,1184,1351
WBGene00015487.,42,8734,8776
WBGene00015488.,309,1547,1856
WBGene00015489.,1,16,17
WBGene00015491.,1,3,4
WBGene00015492.,13,2217,2230
WBGene00015493.,14,9,23
WBGene00015494.,188,670,858
WBGene00015495.,33,10031,10064
WBGene00015496.,5,15,20
WBGene00015497.,45,58,103
WBGene00015499.,214,2238,2452
WBGene00015500.,8,44,52
WBGene00015501.,434,7042,7476
WBGene00015504.,271,2241,2512
WBGene00015505.,94,875,969
WBGene00015507.,232,1123,1355
WBGene00015508.,118,1928,2046
WBGene00015509.,356,2579,2935
WBGene00015510.,66,1896,1962
WBGene00015511.,6,110,116
WBGene00015512.,60,1795,1855
WBGene00015513.,83,2373,2456
WBGene00015514.,1013,28555,29568
WBGene00015515.,56,1235,1291
WBGene00015516.,9,88,97
WBGene00015517.,298,2297,2595
WBGene00015518.,0,123,123
WBGene00015519.,10,189,199
WBGene00015520.,0,24,24
WBGene00015521.,0,0,0
WBGene00015522.,2,20,22
WBGene00015523.,16,131,147
WBGene00015524.,44,1289,1333
WBGene00015525.,126,1632,1758
WBGene00015526.,8,129,137
WBGene00015527.,17,224,241
WBGene00015528.,3,13,16
WBGene00015529.,15,103,118
WBGene00015530.,0,1,1
WBGene00015531.,131,1875,2006
WBGene00015532.,11,158,169
WBGene00015533.,3,12,15
WBGene00015534.,3,5,8
WBGene00015535.,2,37,39
WBGene00015536.,12,322,334
WBGene00015537.,11,49,60
WBGene00015538.,2,1163,1165
WBGene00015539.,53,845,898
WBGene00015540.,9,1843,1852
WBGene00015541.,68,311,379
WBGene00015544.,86,305,391
WBGene00015545.,45,166,211
WBGene00015546.,0,97,97
WBGene00015547.,95,3408,3503
WBGene00015549.,97,1089,1186
WBGene00015550.,9,108,117
WBGene00015551.,2046,22496,24542
WBGene00015552.,69,5704,5773
WBGene00015553.,601,7794,8395
WBGene00015554.,33,425,458
WBGene00015555.,280,2094,2374
WBGene00015557.,82,1728,1810
WBGene00015558.,4,19,23
WBGene00015559.,90,319,409
WBGene00015560.,8,560,568
WBGene00015561.,481,4956,5437
WBGene00015562.,4,85,89
WBGene00015564.,3,1,4
WBGene00015565.,365,6229,6594
WBGene00015566.,12,200,212
WBGene00015567.,164,1984,2148
WBGene00015568.,26,167,193
WBGene00015569.,12,426,438
WBGene00015570.,14,114,128
WBGene00015572.,6,3,9
WBGene00015573.,2,2,4
WBGene00015574.,8,284,292
WBGene00015575.,0,7,7
WBGene00015576.,47,112,159
WBGene00015577.,96,645,741
WBGene00015578.,3,1782,1785
WBGene00015579.,0,2525,2525
WBGene00015580.,308,1014,1322
WBGene00015581.,371,5237,5608
WBGene00015582.,7,82,89
WBGene00015583.,10,27,37
WBGene00015586.,8,171,179
WBGene00015587.,0,10,10
WBGene00015588.,2,18,20
WBGene00015589.,0,16,16
WBGene00015590.,28,705,733
WBGene00015591.,54,1757,1811
WBGene00015592.,32,14,46
WBGene00015593.,14,521,535
WBGene00015594.,3,6,9
WBGene00015595.,0,1,1
WBGene00015596.,2,26,28
WBGene00015597.,49,1184,1233
WBGene00015598.,3,40,43
WBGene00015599.,1,76,77
WBGene00015600.,14,21,35
WBGene00015601.,36,106,142
WBGene00015602.,2,197,199
WBGene00015603.,0,4,4
WBGene00015604.,0,3,3
WBGene00015605.,88,1957,2045
WBGene00015606.,8,6,14
WBGene00015607.,1,21,22
WBGene00015608.,55,290,345
WBGene00015609.,24,203,227
WBGene00015610.,0,14,14
WBGene00015611.,1,1441,1442
WBGene00015613.,1,44,45
WBGene00015614.,2,4,6
WBGene00015615.,2,1,3
WBGene00015616.,10,6,16
WBGene00015618.,32,92,124
WBGene00015619.,812,5136,5948
WBGene00015620.,18,82,100
WBGene00015621.,121,2122,2243
WBGene00015622.,4,4,8
WBGene00015623.,14,305,319
WBGene00015624.,22,499,521
WBGene00015625.,21,202,223
WBGene00015626.,40,580,620
WBGene00015627.,1,0,1
WBGene00015628.,1,2,3
WBGene00015629.,5,8,13
WBGene00015630.,16,7,23
WBGene00015631.,6,144,150
WBGene00015632.,253,2043,2296
WBGene00015633.,1036,10774,11810
WBGene00015634.,3,22,25
WBGene00015635.,67,1192,1259
WBGene00015636.,0,1,1
WBGene00015637.,2,8,10
WBGene00015638.,27,479,506
WBGene00015639.,12,17,29
WBGene00015640.,100,629,729
WBGene00015641.,89,1454,1543
WBGene00015642.,124,1131,1255
WBGene00015644.,207,978,1185
WBGene00015645.,3,66,69
WBGene00015646.,5,20,25
WBGene00015647.,121,2202,2323
WBGene00015648.,281,1281,1562
WBGene00015649.,4,53,57
WBGene00015650.,1305,3632,4937
WBGene00015651.,212,442,654
WBGene00015652.,2,0,2
WBGene00015653.,3,1,4
WBGene00015654.,2,3,5
WBGene00015655.,0,1,1
WBGene00015656.,14,0,14
WBGene00015658.,551,794,1345
WBGene00015660.,4,70,74
WBGene00015661.,0,0,0
WBGene00015662.,1,12,13
WBGene00015663.,7,1,8
WBGene00015664.,14,1345,1359
WBGene00015665.,3,16,19
WBGene00015666.,60,782,842
WBGene00015667.,0,4,4
WBGene00015668.,4,4,8
WBGene00015670.,26,246,272
WBGene00015671.,78,1819,1897
WBGene00015672.,6,34,40
WBGene00015673.,132,1102,1234
WBGene00015675.,118,591,709
WBGene00015676.,21,697,718
WBGene00015677.,128,795,923
WBGene00015678.,337,1136,1473
WBGene00015679.,7,92,99
WBGene00015680.,273,3747,4020
WBGene00015681.,3,1,4
WBGene00015682.,9,16,25
WBGene00015683.,0,14,14
WBGene00015684.,195,3401,3596
WBGene00015685.,3,4,7
WBGene00015686.,75,189,264
WBGene00015687.,106,5552,5658
WBGene00015688.,2,7,9
WBGene00015689.,0,3,3
WBGene00015690.,7,3,10
WBGene00015691.,164,1390,1554
WBGene00015692.,18,29,47
WBGene00015693.,9,38,47
WBGene00015694.,8,2,10
WBGene00015695.,18,117,135
WBGene00015696.,3,10,13
WBGene00015697.,49,381,430
WBGene00015698.,1,412,413
WBGene00015700.,28,111,139
WBGene00015701.,60,485,545
WBGene00015702.,9,864,873
WBGene00015703.,5,1774,1779
WBGene00015704.,196,465,661
WBGene00015705.,55,446,501
WBGene00015706.,3,260,263
WBGene00015707.,0,19,19
WBGene00015708.,3,41,44
WBGene00015709.,34,572,606
WBGene00015710.,0,29,29
WBGene00015711.,3,10,13
WBGene00015712.,2,9,11
WBGene00015713.,45,810,855
WBGene00015714.,7,36,43
WBGene00015716.,26,366,392
WBGene00015718.,4,102,106
WBGene00015719.,2,1,3
WBGene00015720.,9,32,41
WBGene00015721.,0,0,0
WBGene00015722.,7,5,12
WBGene00015723.,4,1,5
WBGene00015724.,3,2,5
WBGene00015725.,10,2,12
WBGene00015726.,1,0,1
WBGene00015727.,0,1,1
WBGene00015728.,15,181,196
WBGene00015729.,24,719,743
WBGene00015730.,0,0,0
WBGene00015731.,0,0,0
WBGene00015733.,22,172,194
WBGene00015734.,42,2049,2091
WBGene00015735.,1439,2137,3576
WBGene00015736.,2,13,15
WBGene00015737.,1,3,4
WBGene00015738.,3,6,9
WBGene00015739.,13,26,39
WBGene00015740.,105,1424,1529
WBGene00015741.,208,1352,1560
WBGene00015742.,109,942,1051
WBGene00015743.,192,1739,1931
WBGene00015744.,155,715,870
WBGene00015745.,48,703,751
WBGene00015746.,49,2218,2267
WBGene00015747.,232,1509,1741
WBGene00015748.,68,1651,1719
WBGene00015750.,43,166,209
WBGene00015751.,56,225,281
WBGene00015752.,35,1251,1286
WBGene00015753.,59,763,822
WBGene00015754.,156,2174,2330
WBGene00015755.,849,16218,17067
WBGene00015756.,40,516,556
WBGene00015757.,3,0,3
WBGene00015758.,0,4,4
WBGene00015759.,61,1085,1146
WBGene00015760.,1,3,4
WBGene00015761.,3,1,4
WBGene00015762.,4,1,5
WBGene00015763.,2,11,13
WBGene00015764.,17,4,21
WBGene00015765.,3,13,16
WBGene00015766.,15,447,462
WBGene00015767.,124,1181,1305
WBGene00015768.,24,177,201
WBGene00015769.,11,719,730
WBGene00015770.,0,2,2
WBGene00015771.,0,0,0
WBGene00015772.,0,0,0
WBGene00015773.,6,7,13
WBGene00015774.,4,28,32
WBGene00015775.,19,2,21
WBGene00015776.,424,14844,15268
WBGene00015777.,75,762,837
WBGene00015778.,10,8998,9008
WBGene00015779.,259,1404,1663
WBGene00015780.,18,162,180
WBGene00015781.,28,222,250
WBGene00015782.,11,139,150
WBGene00015783.,12,177,189
WBGene00015784.,18,41,59
WBGene00015785.,0,0,0
WBGene00015786.,160,1312,1472
WBGene00015787.,90,765,855
WBGene00015788.,5,143,148
WBGene00015789.,5,275,280
WBGene00015790.,177,594,771
WBGene00015791.,21,1619,1640
WBGene00015792.,12,57,69
WBGene00015793.,28,451,479
WBGene00015794.,16,109,125
WBGene00015795.,52,17,69
WBGene00015796.,84,241,325
WBGene00015797.,54,601,655
WBGene00015798.,20,175,195
WBGene00015799.,22,169,191
WBGene00015800.,427,690,1117
WBGene00015801.,89,715,804
WBGene00015802.,92,844,936
WBGene00015803.,615,6140,6755
WBGene00015805.,581,14805,15386
WBGene00015806.,33,971,1004
WBGene00015807.,8,227,235
WBGene00015809.,1072,21187,22259
WBGene00015810.,6,6186,6192
WBGene00015811.,318,38029,38347
WBGene00015813.,365,6549,6914
WBGene00015814.,84,3439,3523
WBGene00015815.,306,1298,1604
WBGene00015816.,68,687,755
WBGene00015817.,413,4408,4821
WBGene00015818.,13,496,509
WBGene00015819.,3,621,624
WBGene00015820.,4,45,49
WBGene00015821.,8,10,18
WBGene00015822.,172,271,443
WBGene00015823.,0,20847,20847
WBGene00015824.,26,396,422
WBGene00015825.,1,1,2
WBGene00015826.,1,5,6
WBGene00015827.,2,2,4
WBGene00015828.,1,1,2
WBGene00015829.,3,11,14
WBGene00015830.,1,11,12
WBGene00015832.,1,1,2
WBGene00015833.,2,1,3
WBGene00015834.,0,4,4
WBGene00015835.,1,3,4
WBGene00015836.,0,3,3
WBGene00015837.,6,3,9
WBGene00015838.,0,12,12
WBGene00015839.,0,4,4
WBGene00015840.,4,0,4
WBGene00015841.,23,4,27
WBGene00015842.,76,730,806
WBGene00015843.,343,1422,1765
WBGene00015845.,0,1,1
WBGene00015846.,0,0,0
WBGene00015847.,1,2,3
WBGene00015848.,0,0,0
WBGene00015849.,95,1222,1317
WBGene00015850.,42,475,517
WBGene00015851.,91,172,263
WBGene00015852.,0,436,436
WBGene00015853.,138,1894,2032
WBGene00015854.,1,0,1
WBGene00015855.,0,6,6
WBGene00015856.,1,4,5
WBGene00015857.,45,908,953
WBGene00015858.,7,23,30
WBGene00015859.,16,86,102
WBGene00015860.,8,51,59
WBGene00015861.,89,666,755
WBGene00015862.,67,208,275
WBGene00015863.,21,19,40
WBGene00015864.,102,2088,2190
WBGene00015865.,67,1088,1155
WBGene00015866.,32,631,663
WBGene00015867.,31,89,120
WBGene00015868.,983,3454,4437
WBGene00015869.,4,3,7
WBGene00015870.,0,1,1
WBGene00015871.,0,0,0
WBGene00015872.,1,0,1
WBGene00015873.,4,4,8
WBGene00015874.,3,1,4
WBGene00015875.,3,0,3
WBGene00015876.,1,24,25
WBGene00015877.,1,4,5
WBGene00015878.,3,60,63
WBGene00015879.,7,5,12
WBGene00015882.,5,11,16
WBGene00015883.,1,1,2
WBGene00015884.,8,118,126
WBGene00015885.,5,305,310
WBGene00015886.,1,17,18
WBGene00015887.,17,358,375
WBGene00015888.,0,0,0
WBGene00015889.,20,304,324
WBGene00015890.,0,18,18
WBGene00015891.,2,11,13
WBGene00015892.,0,0,0
WBGene00015893.,1,7,8
WBGene00015894.,29,69,98
WBGene00015895.,0,0,0
WBGene00015896.,0,26,26
WBGene00015897.,91,496,587
WBGene00015898.,8,1,9
WBGene00015899.,4,2,6
WBGene00015900.,26,149,175
WBGene00015901.,139,256,395
WBGene00015902.,5,22,27
WBGene00015903.,1,4,5
WBGene00015904.,2,4,6
WBGene00015905.,4,12,16
WBGene00015906.,6,30,36
WBGene00015907.,1,2,3
WBGene00015908.,11,16,27
WBGene00015909.,1,0,1
WBGene00015910.,4,20,24
WBGene00015911.,14,6,20
WBGene00015912.,6,95,101
WBGene00015913.,671,13149,13820
WBGene00015914.,67,77,144
WBGene00015915.,59,968,1027
WBGene00015916.,131,2059,2190
WBGene00015917.,7,36,43
WBGene00015918.,37,282,319
WBGene00015919.,23,971,994
WBGene00015920.,30,2082,2112
WBGene00015921.,158,392,550
WBGene00015922.,53,540,593
WBGene00015924.,3,3,6
WBGene00015925.,121,173,294
WBGene00015926.,820,2666,3486
WBGene00015927.,402,1946,2348
WBGene00015928.,281,1228,1509
WBGene00015929.,2,23,25
WBGene00015930.,33,468,501
WBGene00015931.,4,26,30
WBGene00015932.,3,14,17
WBGene00015933.,117,1443,1560
WBGene00015934.,53,660,713
WBGene00015935.,435,1653,2088
WBGene00015936.,187,443,630
WBGene00015937.,11,30,41
WBGene00015938.,462,2972,3434
WBGene00015939.,18,176,194
WBGene00015940.,23,542,565
WBGene00015941.,174,1819,1993
WBGene00015942.,85,1028,1113
WBGene00015943.,132,5025,5157
WBGene00015944.,3,13,16
WBGene00015945.,208,308,516
WBGene00015946.,13,267,280
WBGene00015947.,1006,12206,13212
WBGene00015948.,147,1970,2117
WBGene00015949.,31,300,331
WBGene00015950.,19,35,54
WBGene00015952.,25,36,61
WBGene00015953.,65,231,296
WBGene00015954.,789,4971,5760
WBGene00015955.,37,3998,4035
WBGene00015956.,166,2959,3125
WBGene00015957.,28,124,152
WBGene00015958.,1,3,4
WBGene00015959.,0,0,0
WBGene00015960.,0,1,1
WBGene00015961.,2,2,4
WBGene00015962.,4,5,9
WBGene00015963.,14,100,114
WBGene00015964.,136,120,256
WBGene00015965.,12,133,145
WBGene00015968.,605,2278,2883
WBGene00015969.,166,1212,1378
WBGene00015970.,9,102,111
WBGene00015971.,163,1542,1705
WBGene00015972.,169,1119,1288
WBGene00015974.,543,520,1063
WBGene00015975.,23,1441,1464
WBGene00015976.,202,2347,2549
WBGene00015977.,15,221,236
WBGene00015978.,35,2516,2551
WBGene00015979.,4,4,8
WBGene00015980.,260,1380,1640
WBGene00015981.,86,840,926
WBGene00015982.,14,1,15
WBGene00015984.,29,125,154
WBGene00015985.,23,40,63
WBGene00015986.,12,38,50
WBGene00015987.,5,1,6
WBGene00015988.,5,16,21
WBGene00015989.,19,588,607
WBGene00015990.,5,12,17
WBGene00015991.,10,24,34
WBGene00015992.,3,11,14
WBGene00015993.,189,3492,3681
WBGene00015994.,15,4,19
WBGene00015996.,6,106,112
WBGene00015997.,0,1,1
WBGene00015998.,2,9,11
WBGene00015999.,11,181,192
WBGene00016000.,28,31,59
WBGene00016002.,395,2488,2883
WBGene00016003.,55,134,189
WBGene00016004.,17,391,408
WBGene00016005.,42,660,702
WBGene00016006.,1213,13344,14557
WBGene00016008.,9,1,10
WBGene00016009.,41,5182,5223
WBGene00016010.,38,6,44
WBGene00016011.,1034,10266,11300
WBGene00016012.,8,182,190
WBGene00016013.,4,10,14
WBGene00016014.,55,1630,1685
WBGene00016015.,106,2708,2814
WBGene00016016.,9,128,137
WBGene00016017.,0,2,2
WBGene00016018.,158,910,1068
WBGene00016019.,38,2387,2425
WBGene00016020.,212,2348,2560
WBGene00016021.,99,1503,1602
WBGene00016022.,32,882,914
WBGene00016023.,15,219,234
WBGene00016024.,69,365,434
WBGene00016025.,19,191,210
WBGene00016027.,34,145,179
WBGene00016028.,88,7194,7282
WBGene00016029.,257,70,327
WBGene00016030.,20,598,618
WBGene00016032.,39,56,95
WBGene00016033.,43,12752,12795
WBGene00016034.,15,134,149
WBGene00016037.,253,55,308
WBGene00016038.,13,641,654
WBGene00016039.,3,55,58
WBGene00016040.,20,496,516
WBGene00016044.,435,886,1321
WBGene00016045.,128,1768,1896
WBGene00016046.,1,419,420
WBGene00016047.,6,8,14
WBGene00016048.,31,2277,2308
WBGene00016049.,9,72,81
WBGene00016050.,5,2,7
WBGene00016051.,1,1,2
WBGene00016052.,207,5864,6071
WBGene00016053.,11,5,16
WBGene00016054.,3,0,3
WBGene00016055.,64,1307,1371
WBGene00016056.,1,15,16
WBGene00016057.,72,2506,2578
WBGene00016058.,0,0,0
WBGene00016059.,430,1718,2148
WBGene00016060.,331,1582,1913
WBGene00016061.,498,10934,11432
WBGene00016062.,12,5893,5905
WBGene00016063.,4,2,6
WBGene00016064.,4,12,16
WBGene00016066.,6,54,60
WBGene00016067.,66,892,958
WBGene00016068.,41,616,657
WBGene00016069.,2,31,33
WBGene00016070.,1,9,10
WBGene00016071.,9,106,115
WBGene00016072.,12,49,61
WBGene00016073.,383,11830,12213
WBGene00016074.,40,601,641
WBGene00016075.,8,2,10
WBGene00016076.,0,0,0
WBGene00016077.,4,3,7
WBGene00016078.,2,0,2
WBGene00016080.,4,5,9
WBGene00016081.,32,100,132
WBGene00016082.,0,1,1
WBGene00016083.,1,1,2
WBGene00016084.,5,8,13
WBGene00016085.,6,86,92
WBGene00016087.,12,293,305
WBGene00016088.,23,225,248
WBGene00016089.,61,97,158
WBGene00016090.,148,254,402
WBGene00016091.,1,4,5
WBGene00016092.,14,15,29
WBGene00016093.,35,252,287
WBGene00016094.,6,40,46
WBGene00016095.,16,183,199
WBGene00016096.,4,111,115
WBGene00016097.,8,815,823
WBGene00016099.,110,792,902
WBGene00016100.,10,210,220
WBGene00016101.,32,1622,1654
WBGene00016102.,28,502,530
WBGene00016103.,139,2591,2730
WBGene00016104.,38,201,239
WBGene00016105.,2,50,52
WBGene00016106.,2,31,33
WBGene00016107.,45,260,305
WBGene00016108.,67,175,242
WBGene00016109.,229,2241,2470
WBGene00016110.,11,71,82
WBGene00016111.,22,821,843
WBGene00016112.,11,249,260
WBGene00016113.,54,1580,1634
WBGene00016114.,390,12125,12515
WBGene00016115.,1176,13464,14640
WBGene00016116.,145,2445,2590
WBGene00016118.,564,10721,11285
WBGene00016119.,631,16427,17058
WBGene00016120.,415,3427,3842
WBGene00016121.,150,2071,2221
WBGene00016123.,41,241,282
WBGene00016124.,83,1209,1292
WBGene00016125.,5,85,90
WBGene00016126.,29,290,319
WBGene00016128.,24,2440,2464
WBGene00016129.,63,1462,1525
WBGene00016130.,1,8,9
WBGene00016131.,111,607,718
WBGene00016132.,4,0,4
WBGene00016133.,15,43,58
WBGene00016134.,66,465,531
WBGene00016135.,80,736,816
WBGene00016136.,2,1,3
WBGene00016137.,1,24,25
WBGene00016138.,92,1789,1881
WBGene00016139.,66,490,556
WBGene00016140.,73,2308,2381
WBGene00016142.,34,2708,2742
WBGene00016143.,242,2051,2293
WBGene00016144.,126,1225,1351
WBGene00016145.,60,1510,1570
WBGene00016146.,32,686,718
WBGene00016147.,16,290,306
WBGene00016148.,94,724,818
WBGene00016149.,23,172,195
WBGene00016150.,170,2752,2922
WBGene00016151.,204,2723,2927
WBGene00016152.,11,78,89
WBGene00016153.,0,11,11
WBGene00016154.,158,1441,1599
WBGene00016155.,5,62,67
WBGene00016156.,21,908,929
WBGene00016157.,221,1948,2169
WBGene00016158.,113,2718,2831
WBGene00016159.,79,729,808
WBGene00016160.,18,4,22
WBGene00016161.,5,7,12
WBGene00016162.,576,5315,5891
WBGene00016163.,12,430,442
WBGene00016164.,5,10,15
WBGene00016165.,102,354,456
WBGene00016166.,162,4144,4306
WBGene00016167.,77,1901,1978
WBGene00016168.,4,13,17
WBGene00016169.,172,811,983
WBGene00016170.,162,3295,3457
WBGene00016171.,121,1082,1203
WBGene00016172.,853,4805,5658
WBGene00016173.,701,6199,6900
WBGene00016174.,25,188,213
WBGene00016175.,46,210,256
WBGene00016177.,11,57,68
WBGene00016178.,91,1640,1731
WBGene00016179.,0,3,3
WBGene00016180.,1,409,410
WBGene00016181.,9,89,98
WBGene00016182.,46,1002,1048
WBGene00016183.,2,2,4
WBGene00016184.,227,580,807
WBGene00016185.,6,3,9
WBGene00016187.,17,405,422
WBGene00016188.,118,1022,1140
WBGene00016189.,6,75,81
WBGene00016190.,12,1043,1055
WBGene00016191.,79,1217,1296
WBGene00016192.,13,1993,2006
WBGene00016193.,489,793,1282
WBGene00016194.,155,15684,15839
WBGene00016195.,6,2127,2133
WBGene00016196.,14,10,24
WBGene00016197.,1923,6633,8556
WBGene00016198.,10,49,59
WBGene00016199.,6,71,77
WBGene00016200.,114,1884,1998
WBGene00016201.,52,2521,2573
WBGene00016202.,44,1554,1598
WBGene00016203.,287,918,1205
WBGene00016204.,8,226,234
WBGene00016206.,19,34,53
WBGene00016207.,125,1624,1749
WBGene00016208.,12,563,575
WBGene00016209.,155,3131,3286
WBGene00016210.,193,1622,1815
WBGene00016211.,17,106,123
WBGene00016212.,50,2058,2108
WBGene00016213.,2,0,2
WBGene00016215.,16,731,747
WBGene00016216.,76,987,1063
WBGene00016217.,15,355,370
WBGene00016218.,48,237,285
WBGene00016219.,52,633,685
WBGene00016220.,1,18,19
WBGene00016221.,76,716,792
WBGene00016222.,0,0,0
WBGene00016223.,0,1,1
WBGene00016224.,0,52,52
WBGene00016225.,0,1,1
WBGene00016226.,2,15,17
WBGene00016227.,1,8,9
WBGene00016230.,93,124,217
WBGene00016231.,1,24,25
WBGene00016232.,5,12,17
WBGene00016233.,19,153,172
WBGene00016234.,330,4120,4450
WBGene00016235.,10,3741,3751
WBGene00016236.,47,729,776
WBGene00016237.,121,1810,1931
WBGene00016238.,24,2012,2036
WBGene00016239.,14,89,103
WBGene00016242.,18,99,117
WBGene00016244.,240,3676,3916
WBGene00016245.,53,2413,2466
WBGene00016246.,67,468,535
WBGene00016247.,11,86,97
WBGene00016248.,45,838,883
WBGene00016249.,139,2175,2314
WBGene00016250.,95,5474,5569
WBGene00016253.,29,284,313
WBGene00016254.,2,43,45
WBGene00016255.,37,192,229
WBGene00016257.,7,1,8
WBGene00016258.,145,8266,8411
WBGene00016259.,15,21,36
WBGene00016260.,109,692,801
WBGene00016261.,61,699,760
WBGene00016262.,37,342,379
WBGene00016263.,6,165,171
WBGene00016264.,779,3397,4176
WBGene00016265.,38,523,561
WBGene00016266.,309,3003,3312
WBGene00016268.,24,143,167
WBGene00016269.,3560,14670,18230
WBGene00016271.,8374,10,8384
WBGene00016273.,8,18,26
WBGene00016274.,28,291,319
WBGene00016276.,11,48,59
WBGene00016277.,57,756,813
WBGene00016278.,96,1113,1209
WBGene00016279.,4,12,16
WBGene00016280.,5,9,14
WBGene00016281.,8,24,32
WBGene00016282.,4,89,93
WBGene00016283.,19,154,173
WBGene00016284.,0,0,0
WBGene00016285.,8,1,9
WBGene00016286.,12,15,27
WBGene00016287.,5,2,7
WBGene00016288.,19,105,124
WBGene00016289.,4712,17435,22147
WBGene00016291.,65,566,631
WBGene00016292.,386,1149,1535
WBGene00016293.,71,555,626
WBGene00016294.,10,13,23
WBGene00016295.,30,428,458
WBGene00016296.,0,0,0
WBGene00016297.,0,8,8
WBGene00016298.,1,16,17
WBGene00016299.,2,5,7
WBGene00016300.,7,4,11
WBGene00016301.,35,393,428
WBGene00016302.,11,120,131
WBGene00016303.,5,82,87
WBGene00016304.,105,879,984
WBGene00016305.,26,291,317
WBGene00016306.,0,0,0
WBGene00016307.,1,3,4
WBGene00016308.,2,26,28
WBGene00016309.,0,3,3
WBGene00016310.,172,3772,3944
WBGene00016311.,58,2259,2317
WBGene00016312.,17,33,50
WBGene00016313.,23,1141,1164
WBGene00016314.,22,312,334
WBGene00016315.,102,1127,1229
WBGene00016316.,433,11386,11819
WBGene00016317.,29,865,894
WBGene00016318.,152,3209,3361
WBGene00016319.,13,88,101
WBGene00016320.,0,7,7
WBGene00016321.,845,7803,8648
WBGene00016322.,1,1,2
WBGene00016323.,197,2139,2336
WBGene00016324.,41,216,257
WBGene00016325.,88,726,814
WBGene00016326.,210,3440,3650
WBGene00016327.,5,6,11
WBGene00016328.,43,160,203
WBGene00016329.,5,26,31
WBGene00016330.,532,3634,4166
WBGene00016331.,342,3712,4054
WBGene00016332.,1219,22996,24215
WBGene00016333.,553,5329,5882
WBGene00016334.,0,7,7
WBGene00016335.,84,241,325
WBGene00016336.,5,13,18
WBGene00016337.,2,2,4
WBGene00016338.,17,18,35
WBGene00016339.,4,6,10
WBGene00016340.,82,266,348
WBGene00016341.,23,1515,1538
WBGene00016343.,261,1052,1313
WBGene00016344.,53,281,334
WBGene00016345.,0,207,207
WBGene00016346.,2,75,77
WBGene00016347.,18,0,18
WBGene00016349.,5,81,86
WBGene00016350.,0,2,2
WBGene00016351.,0,0,0
WBGene00016352.,50,568,618
WBGene00016353.,0,126,126
WBGene00016354.,329,1050,1379
WBGene00016355.,41,446,487
WBGene00016356.,5,5,10
WBGene00016357.,0,0,0
WBGene00016358.,2,0,2
WBGene00016359.,3,1076,1079
WBGene00016360.,9,94,103
WBGene00016361.,11,38,49
WBGene00016362.,73,8010,8083
WBGene00016363.,52,365,417
WBGene00016364.,75,319,394
WBGene00016365.,20,237,257
WBGene00016366.,22,261,283
WBGene00016367.,21,250,271
WBGene00016368.,29,164,193
WBGene00016369.,2,1,3
WBGene00016370.,0,1,1
WBGene00016371.,6,9,15
WBGene00016373.,16,205,221
WBGene00016374.,93,1414,1507
WBGene00016375.,2,735,737
WBGene00016376.,15,632,647
WBGene00016378.,371,4341,4712
WBGene00016379.,200,6700,6900
WBGene00016380.,45,760,805
WBGene00016381.,58,1187,1245
WBGene00016382.,6,5,11
WBGene00016383.,110,2838,2948
WBGene00016384.,311,5800,6111
WBGene00016386.,75,53,128
WBGene00016387.,52,809,861
WBGene00016388.,3,2,5
WBGene00016389.,2,6,8
WBGene00016390.,27,806,833
WBGene00016391.,123,1755,1878
WBGene00016392.,24,873,897
WBGene00016393.,677,26511,27188
WBGene00016394.,110,113,223
WBGene00016395.,269,2960,3229
WBGene00016396.,819,2302,3121
WBGene00016397.,88,458,546
WBGene00016398.,1,10,11
WBGene00016399.,0,5,5
WBGene00016400.,111,1619,1730
WBGene00016402.,29,224,253
WBGene00016403.,622,2544,3166
WBGene00016404.,74,915,989
WBGene00016405.,351,11006,11357
WBGene00016406.,134,2528,2662
WBGene00016407.,2415,7703,10118
WBGene00016408.,71,1597,1668
WBGene00016409.,158,1996,2154
WBGene00016410.,6,14,20
WBGene00016411.,44,1881,1925
WBGene00016412.,5,929,934
WBGene00016413.,3,7,10
WBGene00016414.,3,3,6
WBGene00016415.,873,10732,11605
WBGene00016416.,19,283,302
WBGene00016417.,266,2374,2640
WBGene00016418.,237,1034,1271
WBGene00016419.,38,660,698
WBGene00016420.,2,9,11
WBGene00016421.,21,536,557
WBGene00016422.,2,118,120
WBGene00016423.,89,333,422
WBGene00016424.,33,174,207
WBGene00016425.,1,34,35
WBGene00016427.,700,699,1399
WBGene00016428.,52,567,619
WBGene00016429.,9,66,75
WBGene00016430.,5,1,6
WBGene00016431.,22,121,143
WBGene00016432.,2255,3871,6126
WBGene00016433.,0,2,2
WBGene00016434.,0,10,10
WBGene00016435.,131,3273,3404
WBGene00016436.,12,467,479
WBGene00016437.,27,15,42
WBGene00016438.,132,2153,2285
WBGene00016439.,66,1631,1697
WBGene00016440.,0,57,57
WBGene00016441.,7,28,35
WBGene00016442.,13,788,801
WBGene00016443.,117,1478,1595
WBGene00016444.,211,1639,1850
WBGene00016445.,35,246,281
WBGene00016446.,20,951,971
WBGene00016447.,0,3,3
WBGene00016448.,62,581,643
WBGene00016449.,18,2690,2708
WBGene00016450.,8,890,898
WBGene00016451.,0,12,12
WBGene00016452.,122,1906,2028
WBGene00016453.,5,84,89
WBGene00016454.,69,727,796
WBGene00016455.,3,20,23
WBGene00016456.,24,3602,3626
WBGene00016457.,2,131,133
WBGene00016458.,134,3784,3918
WBGene00016459.,4,1,5
WBGene00016460.,45,509,554
WBGene00016461.,36,134,170
WBGene00016462.,13,104,117
WBGene00016463.,14,1201,1215
WBGene00016464.,7,21,28
WBGene00016465.,8,630,638
WBGene00016466.,5,117,122
WBGene00016467.,65,872,937
WBGene00016468.,24,17,41
WBGene00016469.,29,774,803
WBGene00016470.,3,1,4
WBGene00016471.,1,14,15
WBGene00016472.,1,0,1
WBGene00016473.,0,2,2
WBGene00016474.,3,4,7
WBGene00016475.,0,5,5
WBGene00016476.,1,5,6
WBGene00016477.,1,11,12
WBGene00016478.,3,3,6
WBGene00016479.,1,1,2
WBGene00016480.,2,4,6
WBGene00016481.,0,1,1
WBGene00016483.,1,1,2
WBGene00016484.,1,0,1
WBGene00016485.,2,15,17
WBGene00016486.,1,6,7
WBGene00016487.,2,4,6
WBGene00016488.,35,133,168
WBGene00016489.,156,1571,1727
WBGene00016490.,86,1241,1327
WBGene00016491.,12,58,70
WBGene00016492.,11,99,110
WBGene00016493.,17085,139049,156134
WBGene00016494.,476,6523,6999
WBGene00016495.,23,1433,1456
WBGene00016496.,153,9770,9923
WBGene00016497.,1,6,7
WBGene00016499.,58,311,369
WBGene00016500.,106,7194,7300
WBGene00016501.,43,2510,2553
WBGene00016502.,5,224,229
WBGene00016503.,10,197,207
WBGene00016504.,45,2654,2699
WBGene00016505.,22,1911,1933
WBGene00016506.,114,1390,1504
WBGene00016507.,502,4720,5222
WBGene00016508.,361,3598,3959
WBGene00016509.,617,48492,49109
WBGene00016511.,165,2175,2340
WBGene00016512.,20,31,51
WBGene00016513.,300,11468,11768
WBGene00016514.,91,235,326
WBGene00016516.,9,10,19
WBGene00016517.,1,33,34
WBGene00016518.,60,45,105
WBGene00016519.,3,4,7
WBGene00016520.,18,212,230
WBGene00016521.,9,27,36
WBGene00016522.,13,153,166
WBGene00016523.,13,3,16
WBGene00016524.,70,551,621
WBGene00016525.,6,68,74
WBGene00016526.,2,13,15
WBGene00016527.,4,9,13
WBGene00016528.,2,0,2
WBGene00016529.,0,6,6
WBGene00016530.,99,1551,1650
WBGene00016531.,75,523,598
WBGene00016532.,69,698,767
WBGene00016533.,167,2548,2715
WBGene00016534.,13,60,73
WBGene00016535.,1,341,342
WBGene00016537.,0,2,2
WBGene00016538.,73,559,632
WBGene00016539.,451,1312,1763
WBGene00016540.,232,762,994
WBGene00016541.,2,38,40
WBGene00016542.,380,3422,3802
WBGene00016543.,19,12,31
WBGene00016544.,12,65,77
WBGene00016545.,6,96,102
WBGene00016546.,17,152,169
WBGene00016547.,12,220,232
WBGene00016548.,4,2,6
WBGene00016549.,6,72,78
WBGene00016550.,12,1,13
WBGene00016551.,0,10,10
WBGene00016553.,22,238,260
WBGene00016554.,0,0,0
WBGene00016555.,7,357,364
WBGene00016556.,2,35,37
WBGene00016557.,1,0,1
WBGene00016558.,19,123,142
WBGene00016559.,53,306,359
WBGene00016561.,1086,1793,2879
WBGene00016562.,1538,3386,4924
WBGene00016564.,33,616,649
WBGene00016565.,0,33,33
WBGene00016566.,194,1322,1516
WBGene00016567.,5,336,341
WBGene00016568.,116,355,471
WBGene00016570.,43,285,328
WBGene00016572.,21,33,54
WBGene00016573.,10,733,743
WBGene00016574.,26,978,1004
WBGene00016575.,33,1216,1249
WBGene00016576.,5,788,793
WBGene00016577.,2,24,26
WBGene00016578.,0,9,9
WBGene00016579.,31,138,169
WBGene00016580.,63,184,247
WBGene00016581.,2,19,21
WBGene00016582.,31,884,915
WBGene00016583.,19,781,800
WBGene00016585.,60,133,193
WBGene00016586.,4,441,445
WBGene00016587.,49,86,135
WBGene00016588.,0,124,124
WBGene00016589.,1,735,736
WBGene00016590.,86,965,1051
WBGene00016591.,25,1978,2003
WBGene00016592.,43,424,467
WBGene00016594.,70,7900,7970
WBGene00016595.,6,28,34
WBGene00016596.,1,415,416
WBGene00016597.,2,18,20
WBGene00016598.,1,43,44
WBGene00016599.,171,1119,1290
WBGene00016600.,66,102,168
WBGene00016601.,485,7879,8364
WBGene00016602.,26,1071,1097
WBGene00016603.,683,6184,6867
WBGene00016605.,9,46,55
WBGene00016606.,324,1475,1799
WBGene00016607.,44,796,840
WBGene00016608.,77,697,774
WBGene00016609.,50,375,425
WBGene00016610.,390,5821,6211
WBGene00016611.,386,3819,4205
WBGene00016612.,6,34,40
WBGene00016613.,119,1356,1475
WBGene00016614.,75,775,850
WBGene00016616.,35,1202,1237
WBGene00016617.,54,900,954
WBGene00016619.,9,119,128
WBGene00016620.,76,886,962
WBGene00016621.,230,2127,2357
WBGene00016622.,50,1976,2026
WBGene00016623.,42,695,737
WBGene00016624.,522,2222,2744
WBGene00016625.,11,50,61
WBGene00016626.,6,194,200
WBGene00016627.,3,4,7
WBGene00016628.,136,1056,1192
WBGene00016629.,40,528,568
WBGene00016630.,315,27055,27370
WBGene00016631.,34,422,456
WBGene00016632.,41,374,415
WBGene00016633.,20,70,90
WBGene00016634.,249,2014,2263
WBGene00016635.,0,3725,3725
WBGene00016636.,2,5,7
WBGene00016637.,12,56,68
WBGene00016638.,3,1,4
WBGene00016639.,45,33,78
WBGene00016641.,8,84,92
WBGene00016642.,42,412,454
WBGene00016643.,107,1018,1125
WBGene00016644.,1,8,9
WBGene00016645.,20,651,671
WBGene00016646.,0,0,0
WBGene00016647.,0,0,0
WBGene00016648.,0,0,0
WBGene00016649.,0,0,0
WBGene00016650.,972,11164,12136
WBGene00016652.,67,861,928
WBGene00016653.,24,3988,4012
WBGene00016654.,181,935,1116
WBGene00016655.,90,1801,1891
WBGene00016657.,34,553,587
WBGene00016658.,0,0,0
WBGene00016659.,0,16,16
WBGene00016660.,2,6,8
WBGene00016661.,142,1110,1252
WBGene00016662.,0,0,0
WBGene00016663.,94,1476,1570
WBGene00016664.,11,6,17
WBGene00016665.,5,31,36
WBGene00016666.,10,201,211
WBGene00016667.,115,1200,1315
WBGene00016668.,2,0,2
WBGene00016669.,2,21,23
WBGene00016670.,5,13,18
WBGene00016671.,10,266,276
WBGene00016673.,2,3,5
WBGene00016674.,29,1156,1185
WBGene00016675.,0,2,2
WBGene00016676.,20,992,1012
WBGene00016677.,1369,25704,27073
WBGene00016678.,211,1624,1835
WBGene00016679.,8,256,264
WBGene00016680.,0,0,0
WBGene00016681.,3,5,8
WBGene00016682.,28,78,106
WBGene00016683.,48,114,162
WBGene00016684.,63,2775,2838
WBGene00016685.,21,13,34
WBGene00016686.,15,42,57
WBGene00016687.,1,4,5
WBGene00016688.,4,7,11
WBGene00016689.,0,0,0
WBGene00016690.,0,1,1
WBGene00016691.,13,1,14
WBGene00016692.,1,13,14
WBGene00016693.,5,32,37
WBGene00016694.,0,1,1
WBGene00016695.,0,8,8
WBGene00016696.,13,50,63
WBGene00016697.,22,63,85
WBGene00016698.,6,13,19
WBGene00016699.,1,17,18
WBGene00016700.,16,47,63
WBGene00016701.,12,159,171
WBGene00016702.,156,2682,2838
WBGene00016703.,52,415,467
WBGene00016704.,119,604,723
WBGene00016705.,88,454,542
WBGene00016706.,306,3859,4165
WBGene00016707.,1,0,1
WBGene00016708.,0,0,0
WBGene00016709.,2,0,2
WBGene00016710.,18,533,551
WBGene00016711.,0,44,44
WBGene00016712.,1,5,6
WBGene00016713.,1,0,1
WBGene00016714.,9,47,56
WBGene00016716.,2015,9333,11348
WBGene00016717.,8,155,163
WBGene00016718.,3,5,8
WBGene00016719.,9,324,333
WBGene00016720.,1,0,1
WBGene00016721.,562,8705,9267
WBGene00016722.,2306,7024,9330
WBGene00016724.,9,103,112
WBGene00016725.,174,399,573
WBGene00016727.,13,5,18
WBGene00016728.,27,299,326
WBGene00016729.,11,163,174
WBGene00016730.,24,70,94
WBGene00016731.,0,10,10
WBGene00016732.,1,6,7
WBGene00016733.,3,35,38
WBGene00016734.,77,2361,2438
WBGene00016735.,115,1241,1356
WBGene00016737.,0,0,0
WBGene00016738.,5,2493,2498
WBGene00016739.,215,8063,8278
WBGene00016740.,33,1138,1171
WBGene00016741.,90,1328,1418
WBGene00016742.,16,10,26
WBGene00016743.,19,10,29
WBGene00016744.,68,407,475
WBGene00016745.,23,344,367
WBGene00016746.,101,2647,2748
WBGene00016747.,34,154,188
WBGene00016748.,103,266,369
WBGene00016749.,168,2590,2758
WBGene00016750.,131,1997,2128
WBGene00016751.,135,846,981
WBGene00016752.,0,6,6
WBGene00016753.,8,1,9
WBGene00016754.,200,2366,2566
WBGene00016755.,19,39,58
WBGene00016756.,83,165,248
WBGene00016757.,137,492,629
WBGene00016758.,77,518,595
WBGene00016759.,35,675,710
WBGene00016760.,34,2319,2353
WBGene00016761.,33,128,161
WBGene00016762.,37,812,849
WBGene00016763.,168,5544,5712
WBGene00016764.,80,882,962
WBGene00016765.,8,8,16
WBGene00016766.,3,1323,1326
WBGene00016767.,2,165,167
WBGene00016768.,168,1286,1454
WBGene00016769.,257,884,1141
WBGene00016770.,1,0,1
WBGene00016772.,0,11,11
WBGene00016773.,4,3,7
WBGene00016775.,3,2,5
WBGene00016776.,0,0,0
WBGene00016777.,1,4,5
WBGene00016778.,11,1,12
WBGene00016779.,3,24,27
WBGene00016781.,141,171419,171560
WBGene00016782.,1,2653,2654
WBGene00016783.,32,191,223
WBGene00016785.,32,99,131
WBGene00016786.,2,4,6
WBGene00016788.,675,3720,4395
WBGene00016789.,1,15,16
WBGene00016790.,343,7403,7746
WBGene00016791.,78,1207,1285
WBGene00016792.,228,2281,2509
WBGene00016793.,69,1300,1369
WBGene00016794.,148,1382,1530
WBGene00016795.,3,108,111
WBGene00016796.,297,971,1268
WBGene00016797.,209,176,385
WBGene00016798.,0,3,3
WBGene00016799.,82,584,666
WBGene00016800.,3,38,41
WBGene00016801.,31,1256,1287
WBGene00016803.,17,2294,2311
WBGene00016804.,0,27,27
WBGene00016805.,11,69,80
WBGene00016806.,1,199,200
WBGene00016807.,3,6,9
WBGene00016808.,68,3843,3911
WBGene00016809.,76,692,768
WBGene00016810.,41,853,894
WBGene00016811.,93,646,739
WBGene00016812.,71,610,681
WBGene00016813.,1,1,2
WBGene00016815.,5,3,8
WBGene00016816.,123,830,953
WBGene00016817.,39,258,297
WBGene00016818.,10,22,32
WBGene00016820.,1,20,21
WBGene00016821.,3,1,4
WBGene00016822.,7,6,13
WBGene00016823.,3,1,4
WBGene00016824.,0,3,3
WBGene00016825.,4,37,41
WBGene00016826.,14,3,17
WBGene00016827.,4,7,11
WBGene00016828.,45,22,67
WBGene00016829.,5,4,9
WBGene00016830.,2,1,3
WBGene00016831.,9,4,13
WBGene00016832.,1,11,12
WBGene00016833.,6,24,30
WBGene00016834.,1,6,7
WBGene00016835.,56,165,221
WBGene00016836.,260,2054,2314
WBGene00016837.,96,2782,2878
WBGene00016838.,509,2190,2699
WBGene00016839.,0,2,2
WBGene00016840.,645,3725,4370
WBGene00016841.,114,995,1109
WBGene00016842.,3,157,160
WBGene00016843.,2,5,7
WBGene00016844.,77,1235,1312
WBGene00016845.,0,250,250
WBGene00016846.,93,537,630
WBGene00016847.,1,13,14
WBGene00016848.,76,1010,1086
WBGene00016849.,38,368,406
WBGene00016850.,1,4,5
WBGene00016851.,0,3,3
WBGene00016852.,1,14,15
WBGene00016853.,2,3,5
WBGene00016854.,2,16,18
WBGene00016855.,1,52,53
WBGene00016856.,14,18,32
WBGene00016857.,5,3,8
WBGene00016858.,7,12,19
WBGene00016859.,3,3,6
WBGene00016860.,54,605,659
WBGene00016861.,3,5,8
WBGene00016862.,126,1235,1361
WBGene00016863.,12,87,99
WBGene00016864.,3,14,17
WBGene00016865.,8,449,457
WBGene00016866.,1023,7396,8419
WBGene00016867.,76,1122,1198
WBGene00016868.,84,261,345
WBGene00016869.,5,277,282
WBGene00016870.,31,359,390
WBGene00016871.,317,1291,1608
WBGene00016872.,25,212,237
WBGene00016873.,9,63,72
WBGene00016874.,65,493,558
WBGene00016877.,24,4,28
WBGene00016879.,115,637,752
WBGene00016880.,1,6,7
WBGene00016881.,0,6,6
WBGene00016882.,0,2,2
WBGene00016883.,46,597,643
WBGene00016884.,1,48,49
WBGene00016885.,0,1,1
WBGene00016886.,0,0,0
WBGene00016888.,327,3593,3920
WBGene00016889.,409,3302,3711
WBGene00016890.,86,301,387
WBGene00016891.,2,3,5
WBGene00016892.,13,1510,1523
WBGene00016893.,7,59,66
WBGene00016894.,29,16796,16825
WBGene00016895.,0,0,0
WBGene00016896.,19,47,66
WBGene00016898.,858,19866,20724
WBGene00016899.,9,83,92
WBGene00016900.,359,926,1285
WBGene00016901.,0,4,4
WBGene00016902.,609,997,1606
WBGene00016903.,321,1468,1789
WBGene00016905.,245,1506,1751
WBGene00016906.,59,281,340
WBGene00016907.,35,14157,14192
WBGene00016909.,70,260,330
WBGene00016911.,39,1178,1217
WBGene00016912.,2,297,299
WBGene00016913.,67,1665,1732
WBGene00016914.,26,257,283
WBGene00016915.,5,22,27
WBGene00016916.,16,957,973
WBGene00016917.,19,210,229
WBGene00016918.,1114,6601,7715
WBGene00016919.,777,2801,3578
WBGene00016920.,75,431,506
WBGene00016921.,4,27,31
WBGene00016922.,4,36,40
WBGene00016923.,137,1957,2094
WBGene00016924.,1,5,6
WBGene00016925.,7,9,16
WBGene00016926.,6,40,46
WBGene00016927.,0,7,7
WBGene00016928.,47,36,83
WBGene00016929.,1,7,8
WBGene00016930.,144,702,846
WBGene00016931.,14,101,115
WBGene00016932.,152,146,298
WBGene00016933.,7,43,50
WBGene00016934.,69,2499,2568
WBGene00016935.,97,635,732
WBGene00016937.,62,977,1039
WBGene00016938.,29,133,162
WBGene00016939.,51,385,436
WBGene00016940.,0,0,0
WBGene00016941.,9,61,70
WBGene00016942.,2,5,7
WBGene00016943.,6,548,554
WBGene00016944.,36,1547,1583
WBGene00016945.,43,241,284
WBGene00016946.,1,0,1
WBGene00016947.,25,553,578
WBGene00016948.,3,4,7
WBGene00016949.,4,1,5
WBGene00016950.,3,0,3
WBGene00016951.,27,33,60
WBGene00016953.,30,184,214
WBGene00016954.,0,3,3
WBGene00016955.,239,1176,1415
WBGene00016956.,22,104,126
WBGene00016957.,463,815,1278
WBGene00016958.,130,1212,1342
WBGene00016959.,2,8,10
WBGene00016960.,73,930,1003
WBGene00016961.,637,11080,11717
WBGene00016962.,2,13,15
WBGene00016963.,6,10,16
WBGene00016964.,80,710,790
WBGene00016965.,72,777,849
WBGene00016966.,104,1337,1441
WBGene00016968.,271,1906,2177
WBGene00016970.,4,147,151
WBGene00016971.,64,1102,1166
WBGene00016972.,5,38,43
WBGene00016973.,4,10,14
WBGene00016974.,15,500,515
WBGene00016975.,354,1604,1958
WBGene00016976.,185,473,658
WBGene00016977.,2080,14619,16699
WBGene00016978.,107,833,940
WBGene00016979.,26,343,369
WBGene00016980.,0,4,4
WBGene00016981.,46,3323,3369
WBGene00016982.,60,439,499
WBGene00016983.,13,337,350
WBGene00016984.,162,170,332
WBGene00016985.,0,1,1
WBGene00016987.,25,1196,1221
WBGene00016988.,250,2971,3221
WBGene00016989.,115,1827,1942
WBGene00016990.,35,2520,2555
WBGene00016992.,53,928,981
WBGene00016993.,86,822,908
WBGene00016995.,35,336,371
WBGene00016996.,50,259,309
WBGene00016997.,67,4445,4512
WBGene00016998.,41,316,357
WBGene00016999.,10,33,43
WBGene00017000.,26,222,248
WBGene00017001.,13,103,116
WBGene00017002.,2,226,228
WBGene00017003.,3,235,238
WBGene00017004.,87,2516,2603
WBGene00017005.,0,307,307
WBGene00017007.,96,624,720
WBGene00017009.,10,247,257
WBGene00017010.,71,719,790
WBGene00017011.,13,1411,1424
WBGene00017012.,304,1532,1836
WBGene00017013.,52,179,231
WBGene00017014.,38,421,459
WBGene00017015.,3,140,143
WBGene00017016.,267,6392,6659
WBGene00017017.,610,2355,2965
WBGene00017018.,1,7,8
WBGene00017019.,2,5,7
WBGene00017020.,12,63,75
WBGene00017021.,3,18,21
WBGene00017022.,0,34,34
WBGene00017023.,39,5671,5710
WBGene00017024.,3,15,18
WBGene00017025.,240,2941,3181
WBGene00017026.,14,15,29
WBGene00017027.,34,37,71
WBGene00017028.,39,90,129
WBGene00017029.,0,3,3
WBGene00017031.,225,2089,2314
WBGene00017032.,15,665,680
WBGene00017033.,17,203,220
WBGene00017034.,44,355,399
WBGene00017035.,5,3,8
WBGene00017036.,30,534,564
WBGene00017037.,244,1562,1806
WBGene00017038.,442,718,1160
WBGene00017039.,182,169,351
WBGene00017040.,54,454,508
WBGene00017041.,133,997,1130
WBGene00017042.,91,537,628
WBGene00017044.,108,3478,3586
WBGene00017045.,518,4892,5410
WBGene00017046.,81,553,634
WBGene00017048.,152,756,908
WBGene00017050.,21,66,87
WBGene00017051.,86,724,810
WBGene00017052.,4,15,19
WBGene00017053.,44,1576,1620
WBGene00017054.,603,10728,11331
WBGene00017055.,1,0,1
WBGene00017056.,0,3,3
WBGene00017057.,0,0,0
WBGene00017058.,0,1,1
WBGene00017059.,0,1,1
WBGene00017060.,425,39096,39521
WBGene00017061.,28,34,62
WBGene00017062.,127,1305,1432
WBGene00017063.,86,314,400
WBGene00017064.,60,1747,1807
WBGene00017065.,234,3452,3686
WBGene00017066.,481,2961,3442
WBGene00017068.,0,9,9
WBGene00017069.,150,858,1008
WBGene00017070.,93,2238,2331
WBGene00017071.,130,1150,1280
WBGene00017072.,41,133,174
WBGene00017073.,2,31,33
WBGene00017074.,31,1345,1376
WBGene00017075.,127,48987,49114
WBGene00017076.,175,1325,1500
WBGene00017077.,66,490,556
WBGene00017078.,25,339,364
WBGene00017079.,41,961,1002
WBGene00017080.,1022,2288,3310
WBGene00017082.,49,1427,1476
WBGene00017083.,13,45,58
WBGene00017084.,647,1265,1912
WBGene00017085.,59,1672,1731
WBGene00017087.,28,343,371
WBGene00017088.,116,4229,4345
WBGene00017089.,1,67,68
WBGene00017090.,6,2,8
WBGene00017091.,10,116,126
WBGene00017092.,2,26,28
WBGene00017093.,1,7,8
WBGene00017094.,4,5,9
WBGene00017095.,1,1,2
WBGene00017096.,0,6,6
WBGene00017097.,28,1,29
WBGene00017098.,130,1846,1976
WBGene00017099.,0,7,7
WBGene00017100.,3,118,121
WBGene00017101.,305,1414,1719
WBGene00017102.,1,5,6
WBGene00017103.,6,74,80
WBGene00017104.,0,0,0
WBGene00017105.,0,1,1
WBGene00017106.,6,6,12
WBGene00017107.,1,22,23
WBGene00017108.,15,178,193
WBGene00017109.,5,2,7
WBGene00017110.,1,0,1
WBGene00017111.,4,5,9
WBGene00017112.,3,10,13
WBGene00017113.,12,49,61
WBGene00017114.,2,1,3
WBGene00017115.,5,4,9
WBGene00017116.,0,9,9
WBGene00017117.,4,52,56
WBGene00017118.,1,0,1
WBGene00017119.,43,3652,3695
WBGene00017120.,36,314,350
WBGene00017121.,2851,109527,112378
WBGene00017122.,19,63,82
WBGene00017123.,103,2146,2249
WBGene00017124.,20,99,119
WBGene00017125.,137,1378,1515
WBGene00017126.,27,339,366
WBGene00017127.,1848,21218,23066
WBGene00017128.,863,15154,16017
WBGene00017129.,31,206,237
WBGene00017131.,2,51,53
WBGene00017132.,209,2710,2919
WBGene00017133.,94,1311,1405
WBGene00017134.,6,911,917
WBGene00017135.,0,4,4
WBGene00017136.,16,61,77
WBGene00017137.,15,1496,1511
WBGene00017138.,135,2693,2828
WBGene00017139.,5,7,12
WBGene00017140.,0,3,3
WBGene00017141.,0,271,271
WBGene00017142.,58,3488,3546
WBGene00017143.,3,76,79
WBGene00017144.,122,1944,2066
WBGene00017146.,38,165,203
WBGene00017147.,24,437,461
WBGene00017148.,1,37,38
WBGene00017149.,25,1680,1705
WBGene00017150.,4,333,337
WBGene00017151.,65,291,356
WBGene00017152.,4,5,9
WBGene00017153.,0,261,261
WBGene00017154.,8,55,63
WBGene00017156.,431,532,963
WBGene00017157.,194,387,581
WBGene00017158.,96,2332,2428
WBGene00017159.,446,4254,4700
WBGene00017160.,194,1628,1822
WBGene00017161.,185,1476,1661
WBGene00017162.,177,2193,2370
WBGene00017163.,79,1389,1468
WBGene00017164.,44,481,525
WBGene00017165.,373,1791,2164
WBGene00017166.,1620,58685,60305
WBGene00017168.,0,12,12
WBGene00017169.,15,605,620
WBGene00017170.,35,51,86
WBGene00017172.,0,13,13
WBGene00017173.,26,19,45
WBGene00017174.,8,135,143
WBGene00017175.,2,1,3
WBGene00017176.,12,136,148
WBGene00017177.,1,5,6
WBGene00017178.,40,1083,1123
WBGene00017179.,1,10,11
WBGene00017180.,259,1963,2222
WBGene00017181.,2,2,4
WBGene00017182.,0,4,4
WBGene00017183.,1,1,2
WBGene00017184.,353,2885,3238
WBGene00017185.,0,0,0
WBGene00017186.,0,0,0
WBGene00017188.,0,0,0
WBGene00017189.,0,0,0
WBGene00017190.,0,29,29
WBGene00017191.,0,0,0
WBGene00017192.,0,0,0
WBGene00017193.,68,1981,2049
WBGene00017194.,30,291,321
WBGene00017195.,77,1268,1345
WBGene00017197.,62,1374,1436
WBGene00017198.,32,206,238
WBGene00017199.,3,28,31
WBGene00017200.,1,185,186
WBGene00017201.,75,2492,2567
WBGene00017202.,0,31,31
WBGene00017203.,1,115,116
WBGene00017204.,2,167,169
WBGene00017205.,1,6,7
WBGene00017207.,0,1,1
WBGene00017208.,0,18,18
WBGene00017209.,109,0,109
WBGene00017210.,820,9681,10501
WBGene00017211.,7,35,42
WBGene00017212.,0,0,0
WBGene00017213.,5,7,12
WBGene00017214.,5,11,16
WBGene00017215.,1,6,7
WBGene00017216.,7,114,121
WBGene00017217.,64,257,321
WBGene00017218.,6,20,26
WBGene00017219.,84,1516,1600
WBGene00017220.,265,8476,8741
WBGene00017221.,14,0,14
WBGene00017222.,0,0,0
WBGene00017223.,0,0,0
WBGene00017224.,0,1,1
WBGene00017225.,53,42,95
WBGene00017226.,19,257,276
WBGene00017227.,0,1,1
WBGene00017228.,10,11,21
WBGene00017229.,0,4,4
WBGene00017230.,4,4,8
WBGene00017231.,3,3,6
WBGene00017232.,2,5,7
WBGene00017233.,32,634,666
WBGene00017235.,150,756,906
WBGene00017236.,13,124,137
WBGene00017237.,67,692,759
WBGene00017238.,66,3121,3187
WBGene00017239.,160,915,1075
WBGene00017240.,75,1262,1337
WBGene00017241.,165,1143,1308
WBGene00017243.,15,220,235
WBGene00017244.,97,891,988
WBGene00017245.,334,1440,1774
WBGene00017246.,193,1421,1614
WBGene00017247.,517,4171,4688
WBGene00017248.,5,1,6
WBGene00017249.,1,6,7
WBGene00017250.,109,1464,1573
WBGene00017251.,0,5,5
WBGene00017252.,0,2,2
WBGene00017253.,0,3,3
WBGene00017254.,0,18,18
WBGene00017255.,52,220,272
WBGene00017257.,9,199,208
WBGene00017258.,71,344,415
WBGene00017259.,1,50,51
WBGene00017260.,154,1522,1676
WBGene00017261.,92,1406,1498
WBGene00017262.,42,399,441
WBGene00017263.,6,12,18
WBGene00017264.,0,8,8
WBGene00017265.,2,62,64
WBGene00017266.,31,163,194
WBGene00017267.,0,0,0
WBGene00017268.,85,1672,1757
WBGene00017269.,125,789,914
WBGene00017270.,0,0,0
WBGene00017271.,7,12,19
WBGene00017272.,277,5694,5971
WBGene00017273.,119,944,1063
WBGene00017274.,734,6407,7141
WBGene00017275.,277,1992,2269
WBGene00017277.,7,25,32
WBGene00017278.,5,45,50
WBGene00017279.,7,24,31
WBGene00017280.,687,1107,1794
WBGene00017281.,24,33,57
WBGene00017282.,11,760,771
WBGene00017283.,120,2756,2876
WBGene00017284.,327,1889,2216
WBGene00017285.,20,1139,1159
WBGene00017286.,316,2378,2694
WBGene00017287.,6,227,233
WBGene00017288.,8,230,238
WBGene00017289.,14,1975,1989
WBGene00017290.,25,160,185
WBGene00017291.,62,2037,2099
WBGene00017292.,11,304,315
WBGene00017293.,2,1241,1243
WBGene00017294.,126,265,391
WBGene00017295.,259,135,394
WBGene00017296.,354,452,806
WBGene00017297.,746,6514,7260
WBGene00017298.,292,1796,2088
WBGene00017299.,308,550,858
WBGene00017300.,222,2936,3158
WBGene00017301.,33,1944,1977
WBGene00017302.,834,1678,2512
WBGene00017303.,1004,14129,15133
WBGene00017304.,343,24346,24689
WBGene00017305.,0,25,25
WBGene00017306.,522,6234,6756
WBGene00017307.,7,47,54
WBGene00017308.,16,58,74
WBGene00017309.,34,32,66
WBGene00017310.,39,446,485
WBGene00017311.,67,11062,11129
WBGene00017312.,12,18,30
WBGene00017313.,213,2884,3097
WBGene00017314.,55,371,426
WBGene00017315.,6,6,12
WBGene00017316.,279,1847,2126
WBGene00017317.,697,8101,8798
WBGene00017319.,173,2050,2223
WBGene00017320.,28,316,344
WBGene00017321.,21,2197,2218
WBGene00017322.,10,79,89
WBGene00017323.,12,32,44
WBGene00017324.,0,3,3
WBGene00017325.,1,2,3
WBGene00017326.,10,238,248
WBGene00017327.,11,238,249
WBGene00017328.,17,1333,1350
WBGene00017329.,4,53,57
WBGene00017330.,32,27,59
WBGene00017331.,245,462,707
WBGene00017332.,589,2574,3163
WBGene00017333.,0,2,2
WBGene00017334.,14,95,109
WBGene00017335.,26,168,194
WBGene00017336.,29,139,168
WBGene00017338.,25,113,138
WBGene00017339.,87,276,363
WBGene00017340.,11,84,95
WBGene00017341.,17,25,42
WBGene00017342.,278,5842,6120
WBGene00017343.,7,4,11
WBGene00017344.,62,2081,2143
WBGene00017345.,3,5,8
WBGene00017347.,66,21326,21392
WBGene00017348.,1,842,843
WBGene00017349.,110,2255,2365
WBGene00017350.,173,2048,2221
WBGene00017351.,0,6,6
WBGene00017352.,151,408,559
WBGene00017353.,74,1106,1180
WBGene00017354.,6,31,37
WBGene00017355.,25,720,745
WBGene00017356.,164,1517,1681
WBGene00017357.,140,2341,2481
WBGene00017358.,23,1116,1139
WBGene00017359.,13,183,196
WBGene00017360.,143,1885,2028
WBGene00017361.,11,939,950
WBGene00017362.,79,1729,1808
WBGene00017363.,8,138,146
WBGene00017364.,0,61,61
WBGene00017365.,0,6,6
WBGene00017366.,1,39,40
WBGene00017367.,7,120,127
WBGene00017369.,86,3493,3579
WBGene00017370.,30,348,378
WBGene00017371.,12,110,122
WBGene00017372.,276,2477,2753
WBGene00017373.,283,2380,2663
WBGene00017374.,525,8910,9435
WBGene00017375.,56,357,413
WBGene00017376.,142,2922,3064
WBGene00017378.,21,468,489
WBGene00017379.,74,1519,1593
WBGene00017380.,435,2193,2628
WBGene00017381.,88,757,845
WBGene00017382.,2,5,7
WBGene00017383.,4,2,6
WBGene00017384.,4,0,4
WBGene00017385.,18,3343,3361
WBGene00017386.,0,0,0
WBGene00017387.,0,1,1
WBGene00017388.,0,29,29
WBGene00017389.,435,487,922
WBGene00017390.,142,1666,1808
WBGene00017391.,0,0,0
WBGene00017392.,1,1,2
WBGene00017393.,2,6,8
WBGene00017394.,135,731,866
WBGene00017395.,0,0,0
WBGene00017396.,79,38,117
WBGene00017397.,90,763,853
WBGene00017398.,59,272,331
WBGene00017399.,37,23,60
WBGene00017400.,38,158,196
WBGene00017401.,0,1,1
WBGene00017402.,0,2,2
WBGene00017403.,0,0,0
WBGene00017404.,2,5,7
WBGene00017405.,2,3,5
WBGene00017406.,0,1,1
WBGene00017407.,2,6,8
WBGene00017408.,0,26,26
WBGene00017410.,7,23,30
WBGene00017411.,13,567,580
WBGene00017412.,10,4,14
WBGene00017413.,8,86,94
WBGene00017414.,8,145,153
WBGene00017415.,2,1,3
WBGene00017416.,2,123,125
WBGene00017417.,36,526,562
WBGene00017418.,1121,7581,8702
WBGene00017419.,114,2491,2605
WBGene00017420.,18,46,64
WBGene00017421.,194,1010,1204
WBGene00017422.,28,1466,1494
WBGene00017423.,263,5461,5724
WBGene00017424.,40,127,167
WBGene00017426.,153,1401,1554
WBGene00017427.,145,1572,1717
WBGene00017428.,263,3071,3334
WBGene00017429.,270,1010,1280
WBGene00017430.,427,5471,5898
WBGene00017431.,156,742,898
WBGene00017432.,27,30,57
WBGene00017433.,20,160,180
WBGene00017434.,63,1815,1878
WBGene00017435.,152,2401,2553
WBGene00017436.,2,17,19
WBGene00017437.,54,660,714
WBGene00017438.,4,27,31
WBGene00017439.,9,101,110
WBGene00017440.,2539,66763,69302
WBGene00017441.,7,40,47
WBGene00017442.,14,191,205
WBGene00017443.,11,138,149
WBGene00017444.,7,8,15
WBGene00017445.,204,3218,3422
WBGene00017446.,16,227,243
WBGene00017447.,106,944,1050
WBGene00017448.,211,3605,3816
WBGene00017449.,96,377,473
WBGene00017450.,36,450,486
WBGene00017451.,0,4,4
WBGene00017452.,251,358,609
WBGene00017453.,14,74,88
WBGene00017454.,8,13,21
WBGene00017455.,0,1,1
WBGene00017456.,184,209,393
WBGene00017459.,25,575,600
WBGene00017460.,15,614,629
WBGene00017461.,12,1487,1499
WBGene00017462.,22,951,973
WBGene00017463.,63,361,424
WBGene00017464.,21,192,213
WBGene00017465.,14,151,165
WBGene00017466.,5,109,114
WBGene00017467.,44,1009,1053
WBGene00017468.,19,67,86
WBGene00017469.,22,106,128
WBGene00017470.,3,4,7
WBGene00017471.,3,83,86
WBGene00017472.,141,1901,2042
WBGene00017473.,2,276,278
WBGene00017474.,4,12,16
WBGene00017475.,4,161,165
WBGene00017476.,6,9,15
WBGene00017478.,208,1202,1410
WBGene00017480.,107,577,684
WBGene00017481.,4,590,594
WBGene00017482.,47,1012,1059
WBGene00017483.,8,193,201
WBGene00017484.,98,7233,7331
WBGene00017485.,8,38,46
WBGene00017486.,0,139,139
WBGene00017487.,87,296,383
WBGene00017488.,5,43,48
WBGene00017489.,68,255,323
WBGene00017490.,0,0,0
WBGene00017491.,0,1,1
WBGene00017492.,5,0,5
WBGene00017493.,5,23,28
WBGene00017494.,7,9,16
WBGene00017496.,3,1,4
WBGene00017497.,15,3,18
WBGene00017498.,135,4129,4264
WBGene00017499.,0,0,0
WBGene00017500.,0,0,0
WBGene00017501.,0,132,132
WBGene00017502.,0,1045,1045
WBGene00017503.,56,494,550
WBGene00017504.,118,609,727
WBGene00017505.,1,44,45
WBGene00017506.,16,461,477
WBGene00017507.,66,419,485
WBGene00017508.,18,191,209
WBGene00017509.,21,64,85
WBGene00017510.,378,1320,1698
WBGene00017511.,19,14,33
WBGene00017512.,30,382,412
WBGene00017513.,193,2199,2392
WBGene00017514.,22,498,520
WBGene00017515.,35,533,568
WBGene00017516.,0,2,2
WBGene00017517.,2,1,3
WBGene00017518.,7,0,7
WBGene00017519.,0,0,0
WBGene00017520.,2,1,3
WBGene00017521.,0,1,1
WBGene00017522.,1,0,1
WBGene00017523.,3,0,3
WBGene00017524.,0,0,0
WBGene00017525.,1,0,1
WBGene00017526.,1,1,2
WBGene00017527.,0,0,0
WBGene00017528.,2,0,2
WBGene00017529.,2,42,44
WBGene00017530.,23,90,113
WBGene00017532.,5,97,102
WBGene00017533.,2,5,7
WBGene00017534.,143,1092,1235
WBGene00017535.,4,11,15
WBGene00017536.,34,1140,1174
WBGene00017537.,31,227,258
WBGene00017538.,5,67,72
WBGene00017539.,0,0,0
WBGene00017540.,1,0,1
WBGene00017541.,5,6,11
WBGene00017542.,0,0,0
WBGene00017543.,23,78,101
WBGene00017544.,11,100,111
WBGene00017545.,28,340,368
WBGene00017546.,145,3586,3731
WBGene00017547.,159,1181,1340
WBGene00017548.,79,793,872
WBGene00017549.,161,1470,1631
WBGene00017550.,20,0,20
WBGene00017551.,0,1,1
WBGene00017552.,5,1,6
WBGene00017553.,3,4,7
WBGene00017554.,4,3,7
WBGene00017555.,2,1,3
WBGene00017556.,2,2,4
WBGene00017557.,71,1216,1287
WBGene00017559.,3,21,24
WBGene00017560.,1,3,4
WBGene00017562.,0,3,3
WBGene00017563.,331,568,899
WBGene00017564.,2,3,5
WBGene00017565.,2894,5727,8621
WBGene00017566.,1,1,2
WBGene00017567.,0,704,704
WBGene00017568.,23,322,345
WBGene00017569.,25,318,343
WBGene00017570.,17,38,55
WBGene00017571.,42,1225,1267
WBGene00017573.,7,12,19
WBGene00017574.,20,729,749
WBGene00017576.,110,116,226
WBGene00017577.,12,8,20
WBGene00017578.,37,228,265
WBGene00017579.,3,46,49
WBGene00017580.,137,315,452
WBGene00017581.,22,57,79
WBGene00017582.,246,14098,14344
WBGene00017583.,76,1668,1744
WBGene00017584.,0,8,8
WBGene00017585.,2,0,2
WBGene00017586.,14,67,81
WBGene00017587.,3,2,5
WBGene00017588.,1,1,2
WBGene00017589.,5,75,80
WBGene00017590.,3,1,4
WBGene00017591.,191,5623,5814
WBGene00017592.,24,244,268
WBGene00017593.,3,42,45
WBGene00017594.,4,11,15
WBGene00017597.,644,815,1459
WBGene00017598.,0,21,21
WBGene00017599.,5,1591,1596
WBGene00017600.,795,11865,12660
WBGene00017601.,1,4,5
WBGene00017602.,0,1,1
WBGene00017603.,13,0,13
WBGene00017605.,815,9125,9940
WBGene00017606.,44,1567,1611
WBGene00017607.,171,1860,2031
WBGene00017608.,292,2093,2385
WBGene00017609.,0,0,0
WBGene00017610.,6,8,14
WBGene00017611.,21,161,182
WBGene00017612.,0,1,1
WBGene00017613.,137,7013,7150
WBGene00017614.,12,45,57
WBGene00017615.,18,56,74
WBGene00017616.,12,132,144
WBGene00017618.,1525,1132,2657
WBGene00017619.,24,142,166
WBGene00017620.,363,3220,3583
WBGene00017621.,34,2518,2552
WBGene00017625.,72,69,141
WBGene00017627.,2,23,25
WBGene00017628.,250,352,602
WBGene00017629.,1,33,34
WBGene00017630.,0,0,0
WBGene00017631.,0,8,8
WBGene00017632.,51,79,130
WBGene00017633.,24,36,60
WBGene00017634.,11,94,105
WBGene00017635.,105,224,329
WBGene00017636.,3,17,20
WBGene00017637.,81,735,816
WBGene00017638.,0,1,1
WBGene00017639.,434,1681,2115
WBGene00017640.,95,1011,1106
WBGene00017641.,2,209,211
WBGene00017642.,267,4150,4417
WBGene00017643.,97,1846,1943
WBGene00017644.,1056,7465,8521
WBGene00017645.,14,58,72
WBGene00017646.,161,1219,1380
WBGene00017647.,70,109,179
WBGene00017648.,5,44,49
WBGene00017650.,13,155,168
WBGene00017651.,56,133,189
WBGene00017652.,5,8,13
WBGene00017653.,319,2901,3220
WBGene00017654.,3,29,32
WBGene00017655.,0,2,2
WBGene00017656.,3,12,15
WBGene00017657.,180,2024,2204
WBGene00017658.,4,19,23
WBGene00017659.,193,10418,10611
WBGene00017660.,170,3124,3294
WBGene00017661.,6,145,151
WBGene00017662.,14,13,27
WBGene00017663.,371,3312,3683
WBGene00017664.,13,44,57
WBGene00017666.,11,32,43
WBGene00017667.,117,863,980
WBGene00017668.,3,17,20
WBGene00017670.,21,0,21
WBGene00017671.,307,18189,18496
WBGene00017672.,0,1,1
WBGene00017673.,4,43,47
WBGene00017674.,27,674,701
WBGene00017675.,561,15394,15955
WBGene00017676.,293,3244,3537
WBGene00017677.,7,8,15
WBGene00017678.,20,279,299
WBGene00017679.,3,20,23
WBGene00017680.,2,9,11
WBGene00017681.,6,85,91
WBGene00017683.,72,1740,1812
WBGene00017684.,0,8,8
WBGene00017685.,0,5,5
WBGene00017686.,100,2488,2588
WBGene00017687.,98,654,752
WBGene00017688.,48,680,728
WBGene00017690.,377,405,782
WBGene00017691.,547,2097,2644
WBGene00017692.,113,528,641
WBGene00017693.,4,3,7
WBGene00017694.,2,30,32
WBGene00017695.,6,4,10
WBGene00017696.,93,3746,3839
WBGene00017698.,374,5966,6340
WBGene00017699.,2066,4200,6266
WBGene00017700.,43,119,162
WBGene00017701.,1,7,8
WBGene00017702.,128,1386,1514
WBGene00017703.,36,146,182
WBGene00017704.,0,2,2
WBGene00017705.,0,4,4
WBGene00017706.,1,10,11
WBGene00017707.,1,2,3
WBGene00017708.,37,464,501
WBGene00017709.,2,10,12
WBGene00017710.,8,43,51
WBGene00017711.,7,84,91
WBGene00017712.,0,119,119
WBGene00017713.,1,2,3
WBGene00017714.,0,97,97
WBGene00017715.,12,258,270
WBGene00017716.,9,23,32
WBGene00017717.,15,486,501
WBGene00017718.,2,257,259
WBGene00017719.,238,3569,3807
WBGene00017720.,174,249,423
WBGene00017721.,87,14,101
WBGene00017722.,2,4,6
WBGene00017723.,283,434,717
WBGene00017724.,512,2433,2945
WBGene00017725.,0,4,4
WBGene00017726.,0,8643,8643
WBGene00017727.,0,17406,17406
WBGene00017729.,3,6,9
WBGene00017730.,4,138,142
WBGene00017731.,2,154,156
WBGene00017732.,80,587,667
WBGene00017733.,156,1642,1798
WBGene00017734.,29,2736,2765
WBGene00017735.,200,7302,7502
WBGene00017736.,15,218,233
WBGene00017737.,14,31,45
WBGene00017738.,132,1625,1757
WBGene00017739.,9,30,39
WBGene00017741.,121,618,739
WBGene00017742.,157,1636,1793
WBGene00017743.,0,18,18
WBGene00017744.,142,1157,1299
WBGene00017745.,156,1562,1718
WBGene00017746.,121,585,706
WBGene00017747.,15,228,243
WBGene00017748.,56,619,675
WBGene00017749.,73,1791,1864
WBGene00017750.,43,517,560
WBGene00017751.,108,688,796
WBGene00017752.,3,34,37
WBGene00017754.,20,61,81
WBGene00017755.,22,1993,2015
WBGene00017756.,106,1122,1228
WBGene00017757.,44,2470,2514
WBGene00017758.,124,765,889
WBGene00017759.,5,2967,2972
WBGene00017760.,214,2710,2924
WBGene00017761.,372,520,892
WBGene00017762.,349,846,1195
WBGene00017763.,136,1183,1319
WBGene00017764.,12,97,109
WBGene00017765.,166,6526,6692
WBGene00017766.,187,966,1153
WBGene00017767.,54,749,803
WBGene00017768.,193,839,1032
WBGene00017769.,76,1484,1560
WBGene00017770.,105,2087,2192
WBGene00017771.,52,657,709
WBGene00017772.,273,4962,5235
WBGene00017773.,97,2006,2103
WBGene00017774.,95,1718,1813
WBGene00017775.,531,7531,8062
WBGene00017776.,43,1259,1302
WBGene00017777.,29,3097,3126
WBGene00017778.,488,1603,2091
WBGene00017779.,54,338,392
WBGene00017780.,22,101,123
WBGene00017781.,261,1162,1423
WBGene00017782.,47,528,575
WBGene00017783.,22,104,126
WBGene00017784.,1,33,34
WBGene00017785.,3,404,407
WBGene00017786.,204,423,627
WBGene00017787.,11,92,103
WBGene00017788.,0,38,38
WBGene00017789.,488,6058,6546
WBGene00017790.,7,111,118
WBGene00017791.,0,5,5
WBGene00017792.,16,451,467
WBGene00017794.,10,9,19
WBGene00017795.,226,787,1013
WBGene00017796.,0,232,232
WBGene00017797.,398,2508,2906
WBGene00017798.,34,53,87
WBGene00017799.,12,711,723
WBGene00017800.,65,1369,1434
WBGene00017801.,156,1678,1834
WBGene00017802.,0,12,12
WBGene00017803.,0,15,15
WBGene00017805.,20,30,50
WBGene00017806.,4,31,35
WBGene00017807.,29,97,126
WBGene00017808.,0,3,3
WBGene00017809.,3,2,5
WBGene00017810.,0,4,4
WBGene00017811.,222,3200,3422
WBGene00017813.,40,2391,2431
WBGene00017814.,73,198,271
WBGene00017815.,110,387,497
WBGene00017816.,24,1554,1578
WBGene00017817.,2,5,7
WBGene00017818.,152,1140,1292
WBGene00017819.,4,17,21
WBGene00017821.,7,45,52
WBGene00017822.,4,3,7
WBGene00017823.,5,342,347
WBGene00017824.,15,21,36
WBGene00017825.,24,608,632
WBGene00017826.,156,1436,1592
WBGene00017827.,75,663,738
WBGene00017828.,57,1737,1794
WBGene00017829.,379,1891,2270
WBGene00017830.,24,3028,3052
WBGene00017831.,114,898,1012
WBGene00017832.,22,455,477
WBGene00017833.,469,2831,3300
WBGene00017834.,3481,36697,40178
WBGene00017835.,4,23,27
WBGene00017836.,36,418,454
WBGene00017837.,87,1159,1246
WBGene00017838.,858,8991,9849
WBGene00017839.,0,0,0
WBGene00017840.,73,461,534
WBGene00017841.,0,33,33
WBGene00017842.,43,181,224
WBGene00017843.,0,3,3
WBGene00017845.,5,10,15
WBGene00017848.,0,20,20
WBGene00017849.,106,760,866
WBGene00017850.,212,1559,1771
WBGene00017851.,0,2,2
WBGene00017852.,131,7676,7807
WBGene00017853.,2,5,7
WBGene00017854.,0,98,98
WBGene00017855.,380,3127,3507
WBGene00017858.,142,493,635
WBGene00017860.,47,29,76
WBGene00017861.,51,358,409
WBGene00017864.,103,6022,6125
WBGene00017865.,47,260,307
WBGene00017866.,286,933,1219
WBGene00017867.,6,112,118
WBGene00017868.,18,117,135
WBGene00017869.,2,0,2
WBGene00017870.,0,0,0
WBGene00017871.,2,4,6
WBGene00017872.,0,3,3
WBGene00017873.,0,1,1
WBGene00017874.,218,3911,4129
WBGene00017875.,1,23,24
WBGene00017876.,0,1,1
WBGene00017877.,2,2,4
WBGene00017878.,0,0,0
WBGene00017879.,19,71,90
WBGene00017880.,25,283,308
WBGene00017881.,28,279,307
WBGene00017885.,708,2694,3402
WBGene00017886.,48,450,498
WBGene00017887.,36,1105,1141
WBGene00017888.,203,1142,1345
WBGene00017889.,61,1078,1139
WBGene00017890.,0,2,2
WBGene00017891.,338,662,1000
WBGene00017892.,64,942,1006
WBGene00017893.,24,645,669
WBGene00017894.,710,3693,4403
WBGene00017895.,64,1957,2021
WBGene00017896.,0,4,4
WBGene00017898.,151,262,413
WBGene00017899.,10,8,18
WBGene00017900.,602,2614,3216
WBGene00017901.,367,3203,3570
WBGene00017902.,23,31,54
WBGene00017904.,731,1756,2487
WBGene00017905.,95,755,850
WBGene00017906.,44,81,125
WBGene00017907.,402,896,1298
WBGene00017908.,0,37,37
WBGene00017909.,47,323,370
WBGene00017910.,2,11,13
WBGene00017911.,2,2,4
WBGene00017912.,11,4,15
WBGene00017913.,0,1,1
WBGene00017914.,26,463,489
WBGene00017916.,242,1894,2136
WBGene00017917.,2,4,6
WBGene00017918.,1,19,20
WBGene00017919.,77,977,1054
WBGene00017920.,393,7946,8339
WBGene00017921.,74,1321,1395
WBGene00017922.,4,6,10
WBGene00017923.,38,1451,1489
WBGene00017924.,40,654,694
WBGene00017925.,1094,21969,23063
WBGene00017926.,768,26495,27263
WBGene00017927.,0,6,6
WBGene00017928.,74,2881,2955
WBGene00017929.,1040,1562,2602
WBGene00017930.,1,22,23
WBGene00017931.,181,1533,1714
WBGene00017933.,1,1,2
WBGene00017934.,310,1514,1824
WBGene00017935.,1,6,7
WBGene00017936.,81,978,1059
WBGene00017937.,1,16,17
WBGene00017938.,18,891,909
WBGene00017939.,83,145,228
WBGene00017941.,16,74,90
WBGene00017942.,3,2,5
WBGene00017944.,4,7,11
WBGene00017945.,4,39,43
WBGene00017947.,148,355,503
WBGene00017948.,24,93,117
WBGene00017949.,9,80,89
WBGene00017950.,146,1530,1676
WBGene00017951.,66,1411,1477
WBGene00017952.,825,2723,3548
WBGene00017954.,15,666,681
WBGene00017955.,3,26,29
WBGene00017956.,2,2,4
WBGene00017957.,62,391,453
WBGene00017959.,4,8,12
WBGene00017960.,6,16,22
WBGene00017961.,76,791,867
WBGene00017962.,6,7,13
WBGene00017963.,8,9,17
WBGene00017964.,64,9756,9820
WBGene00017965.,62,177,239
WBGene00017967.,190,4292,4482
WBGene00017968.,133,1352,1485
WBGene00017969.,55,833,888
WBGene00017970.,382,25805,26187
WBGene00017971.,86,100,186
WBGene00017973.,275,884,1159
WBGene00017974.,25,355,380
WBGene00017975.,1,4,5
WBGene00017976.,30,209,239
WBGene00017977.,1,9,10
WBGene00017978.,0,12,12
WBGene00017979.,246,7810,8056
WBGene00017980.,351,1706,2057
WBGene00017981.,78,1217,1295
WBGene00017982.,368,3828,4196
WBGene00017983.,192,399,591
WBGene00017984.,31,9326,9357
WBGene00017985.,11,625,636
WBGene00017986.,43,726,769
WBGene00017987.,4,70,74
WBGene00017988.,10,2865,2875
WBGene00017989.,82,1808,1890
WBGene00017990.,25,760,785
WBGene00017991.,31,181,212
WBGene00017992.,66,802,868
WBGene00017993.,81,7134,7215
WBGene00017995.,254,2233,2487
WBGene00017996.,75,1537,1612
WBGene00017997.,345,2978,3323
WBGene00017998.,12,36,48
WBGene00017999.,16,6,22
WBGene00018000.,2,1,3
WBGene00018001.,1,1,2
WBGene00018002.,53,129,182
WBGene00018003.,2,2,4
WBGene00018004.,3,7,10
WBGene00018005.,136,1306,1442
WBGene00018006.,24,811,835
WBGene00018007.,26,1800,1826
WBGene00018008.,117,3428,3545
WBGene00018009.,52,644,696
WBGene00018010.,64,693,757
WBGene00018011.,66,619,685
WBGene00018013.,232,1010,1242
WBGene00018014.,152,662,814
WBGene00018015.,34,496,530
WBGene00018016.,46,421,467
WBGene00018017.,44,2405,2449
WBGene00018018.,93,3123,3216
WBGene00018019.,0,0,0
WBGene00018021.,0,14,14
WBGene00018022.,13,20,33
WBGene00018023.,68,293,361
WBGene00018024.,136,5131,5267
WBGene00018025.,128,4331,4459
WBGene00018026.,16,35,51
WBGene00018027.,6,6,12
WBGene00018030.,12,2,14
WBGene00018031.,3,66,69
WBGene00018033.,1258,4212,5470
WBGene00018034.,2,18,20
WBGene00018035.,19,522,541
WBGene00018036.,57,1201,1258
WBGene00018037.,59,104,163
WBGene00018038.,15,0,15
WBGene00018039.,7,3,10
WBGene00018040.,0,25,25
WBGene00018041.,16,168,184
WBGene00018042.,37,355,392
WBGene00018043.,41,295,336
WBGene00018044.,63,2129,2192
WBGene00018045.,0,1437,1437
WBGene00018046.,90,2129,2219
WBGene00018047.,10,38,48
WBGene00018048.,1,13,14
WBGene00018049.,1,6,7
WBGene00018050.,16,81,97
WBGene00018051.,519,3469,3988
WBGene00018052.,42,615,657
WBGene00018053.,7,34,41
WBGene00018054.,22,41,63
WBGene00018055.,1,63,64
WBGene00018056.,14,164,178
WBGene00018057.,21,312,333
WBGene00018058.,4,1,5
WBGene00018059.,15,14,29
WBGene00018060.,53,759,812
WBGene00018061.,36,435,471
WBGene00018062.,0,1,1
WBGene00018063.,0,9,9
WBGene00018064.,335,2282,2617
WBGene00018065.,10,122,132
WBGene00018066.,0,25,25
WBGene00018067.,39,200,239
WBGene00018068.,4,357,361
WBGene00018069.,96,1131,1227
WBGene00018070.,7,147,154
WBGene00018071.,9,656,665
WBGene00018072.,90,752,842
WBGene00018073.,30,1368,1398
WBGene00018074.,86,524,610
WBGene00018075.,270,1235,1505
WBGene00018076.,53,466,519
WBGene00018077.,2,154,156
WBGene00018078.,16,581,597
WBGene00018080.,1,3,4
WBGene00018081.,3,10,13
WBGene00018082.,3,3,6
WBGene00018083.,1,1,2
WBGene00018084.,17,7,24
WBGene00018085.,3,256,259
WBGene00018087.,31,47,78
WBGene00018088.,119,769,888
WBGene00018089.,225,331,556
WBGene00018090.,255,2868,3123
WBGene00018091.,4,21,25
WBGene00018092.,2,0,2
WBGene00018093.,5,5,10
WBGene00018094.,75,33,108
WBGene00018096.,1,2,3
WBGene00018097.,0,1,1
WBGene00018098.,0,0,0
WBGene00018099.,36,399,435
WBGene00018100.,15,138,153
WBGene00018101.,124,224,348
WBGene00018102.,26,294,320
WBGene00018103.,0,56,56
WBGene00018104.,3,437,440
WBGene00018105.,2,1,3
WBGene00018106.,0,0,0
WBGene00018107.,0,1,1
WBGene00018108.,0,0,0
WBGene00018109.,0,0,0
WBGene00018110.,7,16,23
WBGene00018111.,33,68,101
WBGene00018112.,70,604,674
WBGene00018113.,20,35,55
WBGene00018114.,95,179,274
WBGene00018115.,43,481,524
WBGene00018117.,114,3641,3755
WBGene00018118.,45,567,612
WBGene00018119.,5,14,19
WBGene00018120.,0,0,0
WBGene00018121.,2,7,9
WBGene00018122.,0,0,0
WBGene00018123.,0,0,0
WBGene00018124.,0,0,0
WBGene00018125.,0,0,0
WBGene00018127.,0,0,0
WBGene00018130.,17,0,17
WBGene00018131.,163,2056,2219
WBGene00018132.,77,3015,3092
WBGene00018133.,2,17,19
WBGene00018134.,2,6,8
WBGene00018135.,0,9,9
WBGene00018136.,4,79,83
WBGene00018137.,16,911,927
WBGene00018138.,2,17,19
WBGene00018139.,5,2,7
WBGene00018140.,101,951,1052
WBGene00018141.,3,5,8
WBGene00018142.,5,49,54
WBGene00018143.,6,26,32
WBGene00018144.,87,707,794
WBGene00018145.,583,9765,10348
WBGene00018146.,49,812,861
WBGene00018148.,61,42,103
WBGene00018149.,264,1888,2152
WBGene00018150.,85,1758,1843
WBGene00018151.,240,2054,2294
WBGene00018152.,49,3468,3517
WBGene00018153.,13,299,312
WBGene00018154.,202,2786,2988
WBGene00018155.,4,26,30
WBGene00018156.,123,2200,2323
WBGene00018157.,25,112,137
WBGene00018158.,3,14,17
WBGene00018159.,336,1606,1942
WBGene00018160.,25,1087,1112
WBGene00018161.,30,1365,1395
WBGene00018162.,1,3,4
WBGene00018163.,3,8,11
WBGene00018164.,2,4381,4383
WBGene00018165.,4,30,34
WBGene00018166.,39,545,584
WBGene00018167.,1,22,23
WBGene00018168.,38,2,40
WBGene00018169.,0,0,0
WBGene00018170.,1,172,173
WBGene00018172.,22,45,67
WBGene00018173.,64,339,403
WBGene00018174.,9,92,101
WBGene00018175.,123,382,505
WBGene00018176.,7,4,11
WBGene00018178.,10,5,15
WBGene00018179.,7,44,51
WBGene00018180.,14,16,30
WBGene00018181.,30,1627,1657
WBGene00018182.,4,31,35
WBGene00018184.,5,112,117
WBGene00018186.,0,20,20
WBGene00018187.,2051,4614,6665
WBGene00018188.,141,1030,1171
WBGene00018189.,12,7,19
WBGene00018190.,2,14,16
WBGene00018191.,210,148,358
WBGene00018192.,0,0,0
WBGene00018193.,163,5492,5655
WBGene00018194.,21,236,257
WBGene00018195.,43,1780,1823
WBGene00018196.,8,2,10
WBGene00018198.,42,32,74
WBGene00018199.,37,987,1024
WBGene00018200.,15,511,526
WBGene00018201.,0,22,22
WBGene00018202.,0,2,2
WBGene00018203.,0,22,22
WBGene00018204.,100,848,948
WBGene00018205.,2,0,2
WBGene00018206.,32,713,745
WBGene00018207.,8,64,72
WBGene00018208.,61,1644,1705
WBGene00018209.,12,5,17
WBGene00018210.,4,341,345
WBGene00018211.,25,4,29
WBGene00018212.,38,376,414
WBGene00018213.,69,404,473
WBGene00018214.,210,2480,2690
WBGene00018215.,13,98,111
WBGene00018216.,217,1874,2091
WBGene00018217.,1071,2079,3150
WBGene00018218.,19,3898,3917
WBGene00018219.,78,1114,1192
WBGene00018221.,355,5595,5950
WBGene00018222.,81,328,409
WBGene00018223.,15,176,191
WBGene00018224.,44,62,106
WBGene00018225.,9,20,29
WBGene00018226.,303,1048,1351
WBGene00018227.,54,197,251
WBGene00018228.,0,6,6
WBGene00018229.,23,1846,1869
WBGene00018230.,6,1630,1636
WBGene00018231.,1,0,1
WBGene00018232.,2765,7627,10392
WBGene00018233.,0,75,75
WBGene00018234.,1,5,6
WBGene00018235.,4,7,11
WBGene00018236.,0,11,11
WBGene00018237.,414,6441,6855
WBGene00018238.,106,2831,2937
WBGene00018239.,51,487,538
WBGene00018240.,46,418,464
WBGene00018241.,23,189,212
WBGene00018242.,4,11,15
WBGene00018243.,0,1,1
WBGene00018244.,0,0,0
WBGene00018245.,3,1,4
WBGene00018246.,2,2,4
WBGene00018247.,1,0,1
WBGene00018248.,4,13,17
WBGene00018249.,316,3040,3356
WBGene00018250.,140,2537,2677
WBGene00018251.,12,129,141
WBGene00018252.,35,542,577
WBGene00018253.,19,34,53
WBGene00018254.,4,14,18
WBGene00018255.,188,166,354
WBGene00018256.,7,9,16
WBGene00018257.,82,4526,4608
WBGene00018258.,89,900,989
WBGene00018259.,167,2397,2564
WBGene00018260.,106,1219,1325
WBGene00018261.,65,284,349
WBGene00018262.,31,259,290
WBGene00018264.,3,74,77
WBGene00018265.,158,1621,1779
WBGene00018266.,87,1829,1916
WBGene00018267.,4,20,24
WBGene00018268.,18,1561,1579
WBGene00018269.,125,1253,1378
WBGene00018270.,24,2114,2138
WBGene00018271.,279,37632,37911
WBGene00018273.,535,986,1521
WBGene00018274.,317,1561,1878
WBGene00018275.,72,114,186
WBGene00018278.,0,5,5
WBGene00018279.,0,20,20
WBGene00018280.,13,59,72
WBGene00018281.,88,721,809
WBGene00018282.,53,613,666
WBGene00018283.,13,69,82
WBGene00018284.,6,15,21
WBGene00018285.,1108,10619,11727
WBGene00018286.,72,439,511
WBGene00018288.,37,1066,1103
WBGene00018289.,7,6,13
WBGene00018290.,279,7419,7698
WBGene00018291.,10,20,30
WBGene00018292.,5,14,19
WBGene00018293.,31,167,198
WBGene00018294.,98,8371,8469
WBGene00018295.,12,21,33
WBGene00018296.,0,4,4
WBGene00018297.,0,58,58
WBGene00018298.,124,3904,4028
WBGene00018300.,14,179,193
WBGene00018301.,24,21,45
WBGene00018302.,12,387,399
WBGene00018303.,761,13172,13933
WBGene00018304.,277,1458,1735
WBGene00018305.,285,3970,4255
WBGene00018307.,6,43,49
WBGene00018309.,0,16,16
WBGene00018310.,2,104,106
WBGene00018311.,112,2524,2636
WBGene00018312.,3,13,16
WBGene00018313.,17,39,56
WBGene00018314.,4,47,51
WBGene00018315.,10,40,50
WBGene00018316.,82,2062,2144
WBGene00018317.,113,3242,3355
WBGene00018318.,3,639,642
WBGene00018319.,662,3750,4412
WBGene00018321.,11,683,694
WBGene00018322.,0,2,2
WBGene00018323.,34,0,34
WBGene00018324.,0,2,2
WBGene00018325.,18,1,19
WBGene00018326.,4,24,28
WBGene00018327.,4,10,14
WBGene00018328.,170,765,935
WBGene00018329.,6,4,10
WBGene00018330.,71,870,941
WBGene00018332.,6,10,16
WBGene00018333.,1,52,53
WBGene00018334.,93,1201,1294
WBGene00018335.,310,3001,3311
WBGene00018336.,1,1,2
WBGene00018337.,68,772,840
WBGene00018338.,2,157,159
WBGene00018339.,49,4988,5037
WBGene00018340.,40,431,471
WBGene00018341.,108,1768,1876
WBGene00018342.,300,2555,2855
WBGene00018343.,31,1544,1575
WBGene00018344.,71,444,515
WBGene00018345.,66,117,183
WBGene00018346.,120,1697,1817
WBGene00018347.,67,242,309
WBGene00018348.,23,409,432
WBGene00018349.,170,8277,8447
WBGene00018350.,41,2691,2732
WBGene00018351.,20,533,553
WBGene00018352.,3,6,9
WBGene00018353.,10,13,23
WBGene00018354.,10,23,33
WBGene00018355.,16,113,129
WBGene00018356.,238,1963,2201
WBGene00018357.,39,891,930
WBGene00018358.,3,22,25
WBGene00018359.,13,3,16
WBGene00018360.,16,157,173
WBGene00018361.,1419,14082,15501
WBGene00018362.,13,2166,2179
WBGene00018363.,79,773,852
WBGene00018364.,149,438,587
WBGene00018365.,16,303,319
WBGene00018366.,64,1053,1117
WBGene00018367.,129,521,650
WBGene00018369.,157,973,1130
WBGene00018370.,176,1716,1892
WBGene00018371.,35,1008,1043
WBGene00018373.,455,1058,1513
WBGene00018374.,237,1048,1285
WBGene00018375.,26,75,101
WBGene00018376.,819,4808,5627
WBGene00018377.,6,1,7
WBGene00018378.,2,1,3
WBGene00018379.,5,2,7
WBGene00018380.,15,692,707
WBGene00018381.,37,33,70
WBGene00018382.,5,1,6
WBGene00018383.,9,245,254
WBGene00018384.,311,6033,6344
WBGene00018385.,7,15,22
WBGene00018386.,87,490,577
WBGene00018387.,12,26,38
WBGene00018388.,299,0,299
WBGene00018389.,3,0,3
WBGene00018390.,23,560,583
WBGene00018391.,25,3300,3325
WBGene00018392.,71,430,501
WBGene00018393.,12,3096,3108
WBGene00018394.,6,30,36
WBGene00018395.,82,13081,13163
WBGene00018397.,1,5,6
WBGene00018398.,89,487,576
WBGene00018399.,77,1027,1104
WBGene00018400.,407,6677,7084
WBGene00018402.,56,409,465
WBGene00018403.,113,269,382
WBGene00018404.,15,21,36
WBGene00018405.,266,2350,2616
WBGene00018406.,13,11,24
WBGene00018407.,180,1487,1667
WBGene00018408.,146,838,984
WBGene00018409.,37,2101,2138
WBGene00018410.,4,19,23
WBGene00018411.,10,33,43
WBGene00018412.,19,48,67
WBGene00018413.,33,435,468
WBGene00018414.,8,13,21
WBGene00018415.,7,673,680
WBGene00018417.,597,2532,3129
WBGene00018418.,3,26,29
WBGene00018419.,148,1444,1592
WBGene00018420.,304,2760,3064
WBGene00018421.,12,1658,1670
WBGene00018422.,15,1499,1514
WBGene00018423.,116,475,591
WBGene00018424.,10,185,195
WBGene00018425.,25,139,164
WBGene00018426.,43,2861,2904
WBGene00018427.,2,304,306
WBGene00018428.,2,38,40
WBGene00018429.,4,25,29
WBGene00018430.,86,578,664
WBGene00018431.,9,1265,1274
WBGene00018432.,6,19,25
WBGene00018433.,4,5,9
WBGene00018434.,0,8,8
WBGene00018435.,4,285,289
WBGene00018436.,0,0,0
WBGene00018437.,1,0,1
WBGene00018438.,1,0,1
WBGene00018439.,0,0,0
WBGene00018440.,2,0,2
WBGene00018441.,0,0,0
WBGene00018442.,3,1,4
WBGene00018443.,0,3,3
WBGene00018444.,1,4,5
WBGene00018445.,0,7,7
WBGene00018446.,17,63,80
WBGene00018447.,1,17,18
WBGene00018448.,17,1064,1081
WBGene00018449.,1,0,1
WBGene00018450.,0,0,0
WBGene00018451.,0,0,0
WBGene00018452.,0,18,18
WBGene00018454.,0,14,14
WBGene00018455.,2,13,15
WBGene00018456.,21,92,113
WBGene00018457.,5,0,5
WBGene00018458.,0,2,2
WBGene00018459.,0,138,138
WBGene00018460.,0,0,0
WBGene00018461.,0,0,0
WBGene00018462.,64,682,746
WBGene00018463.,0,0,0
WBGene00018465.,103,889,992
WBGene00018466.,51,431,482
WBGene00018467.,199,2048,2247
WBGene00018468.,1021,7686,8707
WBGene00018470.,717,4088,4805
WBGene00018471.,8,54,62
WBGene00018472.,198,696,894
WBGene00018473.,16,127,143
WBGene00018474.,89,822,911
WBGene00018475.,447,9935,10382
WBGene00018476.,6,80,86
WBGene00018477.,1,6,7
WBGene00018478.,10,85,95
WBGene00018479.,1,5,6
WBGene00018480.,4,8,12
WBGene00018481.,249,2665,2914
WBGene00018482.,289,3737,4026
WBGene00018483.,44,1232,1276
WBGene00018484.,8,33,41
WBGene00018485.,1759,3198,4957
WBGene00018486.,13,205,218
WBGene00018487.,14,39,53
WBGene00018488.,60,267,327
WBGene00018489.,0,4,4
WBGene00018490.,0,0,0
WBGene00018491.,170,19910,20080
WBGene00018492.,269,3292,3561
WBGene00018493.,1,2,3
WBGene00018494.,2,3,5
WBGene00018495.,0,1,1
WBGene00018496.,0,0,0
WBGene00018497.,0,3,3
WBGene00018498.,3,5,8
WBGene00018499.,0,75,75
WBGene00018500.,0,0,0
WBGene00018501.,1,1,2
WBGene00018502.,6,0,6
WBGene00018503.,0,0,0
WBGene00018504.,5,3,8
WBGene00018505.,3,0,3
WBGene00018506.,17,196,213
WBGene00018507.,2,57,59
WBGene00018508.,1872,10210,12082
WBGene00018509.,182,4119,4301
WBGene00018510.,78,335,413
WBGene00018511.,146,1830,1976
WBGene00018512.,182,1846,2028
WBGene00018513.,3,456,459
WBGene00018514.,32,172,204
WBGene00018515.,4,31,35
WBGene00018516.,36,947,983
WBGene00018517.,105,768,873
WBGene00018518.,18,2054,2072
WBGene00018519.,981,268744,269725
WBGene00018520.,133,1612,1745
WBGene00018521.,17,192,209
WBGene00018522.,393,7016,7409
WBGene00018523.,71,353,424
WBGene00018525.,0,0,0
WBGene00018526.,0,0,0
WBGene00018527.,0,0,0
WBGene00018528.,0,1,1
WBGene00018529.,2,0,2
WBGene00018530.,0,0,0
WBGene00018531.,1,18,19
WBGene00018532.,1016,20748,21764
WBGene00018533.,109,1095,1204
WBGene00018534.,10,9,19
WBGene00018535.,2,9,11
WBGene00018536.,0,7,7
WBGene00018537.,3,63,66
WBGene00018538.,471,5865,6336
WBGene00018539.,21,13,34
WBGene00018540.,20,52,72
WBGene00018541.,17,44,61
WBGene00018542.,3,41,44
WBGene00018543.,14,24,38
WBGene00018544.,14,38,52
WBGene00018545.,2,13,15
WBGene00018547.,121,88,209
WBGene00018548.,4,10,14
WBGene00018549.,3,8,11
WBGene00018550.,2,1,3
WBGene00018551.,50,55,105
WBGene00018552.,4,2,6
WBGene00018553.,3,0,3
WBGene00018554.,1,0,1
WBGene00018555.,9,0,9
WBGene00018556.,3,0,3
WBGene00018557.,0,4,4
WBGene00018558.,8,7,15
WBGene00018559.,0,0,0
WBGene00018560.,19,186,205
WBGene00018561.,13,170,183
WBGene00018562.,105,998,1103
WBGene00018563.,15,74,89
WBGene00018564.,1166,8395,9561
WBGene00018565.,42,839,881
WBGene00018566.,41,268,309
WBGene00018567.,3,1,4
WBGene00018568.,95,1662,1757
WBGene00018569.,179,673,852
WBGene00018571.,13,3,16
WBGene00018572.,320,213,533
WBGene00018573.,3,0,3
WBGene00018575.,2,5,7
WBGene00018576.,91,363,454
WBGene00018577.,21,156,177
WBGene00018578.,23,254,277
WBGene00018579.,373,3065,3438
WBGene00018580.,11,4,15
WBGene00018582.,1417,2664,4081
WBGene00018585.,115,671,786
WBGene00018586.,159,890,1049
WBGene00018587.,57,110,167
WBGene00018589.,506,32,538
WBGene00018590.,11,3149,3160
WBGene00018591.,3,55,58
WBGene00018593.,40,664,704
WBGene00018594.,24,305,329
WBGene00018595.,5,449,454
WBGene00018596.,22,12,34
WBGene00018598.,20,298,318
WBGene00018599.,57,2141,2198
WBGene00018600.,12,12,24
WBGene00018601.,4,45,49
WBGene00018602.,290,16707,16997
WBGene00018603.,25,104,129
WBGene00018604.,41,1087,1128
WBGene00018605.,6,17,23
WBGene00018606.,0,55,55
WBGene00018607.,136,879,1015
WBGene00018608.,69,257,326
WBGene00018609.,235,3188,3423
WBGene00018610.,47,4214,4261
WBGene00018611.,189,1112,1301
WBGene00018612.,108,1153,1261
WBGene00018613.,13,789,802
WBGene00018614.,3,747,750
WBGene00018615.,21,182,203
WBGene00018616.,0,19,19
WBGene00018617.,3,0,3
WBGene00018618.,0,3,3
WBGene00018619.,0,43,43
WBGene00018620.,6,36,42
WBGene00018621.,1,279,280
WBGene00018622.,62,801,863
WBGene00018623.,12,33,45
WBGene00018624.,14,87,101
WBGene00018625.,48,1490,1538
WBGene00018626.,8,68,76
WBGene00018627.,5,8,13
WBGene00018628.,28,9,37
WBGene00018630.,19,39,58
WBGene00018631.,1,2,3
WBGene00018632.,16,540,556
WBGene00018634.,174,1034,1208
WBGene00018635.,47,765,812
WBGene00018636.,236,2345,2581
WBGene00018637.,64,1368,1432
WBGene00018638.,19,1239,1258
WBGene00018639.,78,535,613
WBGene00018640.,7,11,18
WBGene00018641.,32,368,400
WBGene00018643.,3,5,8
WBGene00018644.,0,4,4
WBGene00018645.,12,133,145
WBGene00018646.,8,128,136
WBGene00018647.,9,14,23
WBGene00018648.,36,47,83
WBGene00018649.,0,3,3
WBGene00018650.,0,2,2
WBGene00018651.,0,1,1
WBGene00018652.,2,0,2
WBGene00018653.,7,30,37
WBGene00018654.,30,356,386
WBGene00018655.,24,286,310
WBGene00018656.,50,667,717
WBGene00018657.,333,3011,3344
WBGene00018658.,52,98,150
WBGene00018659.,5,741,746
WBGene00018660.,1,290,291
WBGene00018661.,1,174,175
WBGene00018662.,2,20,22
WBGene00018663.,0,0,0
WBGene00018664.,23,82,105
WBGene00018665.,58,600,658
WBGene00018666.,20,160,180
WBGene00018667.,42,726,768
WBGene00018668.,23,553,576
WBGene00018669.,71,777,848
WBGene00018670.,0,6,6
WBGene00018671.,50,52,102
WBGene00018672.,155,1233,1388
WBGene00018674.,198,1523,1721
WBGene00018675.,32,167,199
WBGene00018678.,71,660,731
WBGene00018679.,270,1225,1495
WBGene00018680.,103,249,352
WBGene00018681.,684,1827,2511
WBGene00018682.,20,28,48
WBGene00018683.,34,170,204
WBGene00018684.,0,0,0
WBGene00018687.,2,38,40
WBGene00018688.,0,11,11
WBGene00018689.,50,143,193
WBGene00018690.,16,13,29
WBGene00018691.,4,4,8
WBGene00018692.,24,820,844
WBGene00018693.,60,16,76
WBGene00018694.,229,935,1164
WBGene00018696.,122,887,1009
WBGene00018697.,92,901,993
WBGene00018698.,34,527,561
WBGene00018699.,0,0,0
WBGene00018700.,1745,6446,8191
WBGene00018701.,117,10928,11045
WBGene00018702.,6,940,946
WBGene00018703.,25,421,446
WBGene00018704.,39,994,1033
WBGene00018706.,9,140,149
WBGene00018707.,49,415,464
WBGene00018708.,4,5,9
WBGene00018709.,3,13,16
WBGene00018710.,746,6274,7020
WBGene00018711.,118,226,344
WBGene00018712.,68,166,234
WBGene00018713.,7,7,14
WBGene00018714.,35,804,839
WBGene00018715.,16,162,178
WBGene00018716.,110,325,435
WBGene00018717.,19,363,382
WBGene00018718.,13,21,34
WBGene00018719.,87,382,469
WBGene00018720.,145,952,1097
WBGene00018721.,136,760,896
WBGene00018723.,20,40,60
WBGene00018724.,0,1937,1937
WBGene00018725.,0,12161,12161
WBGene00018726.,6,25,31
WBGene00018727.,110,537,647
WBGene00018728.,122,153,275
WBGene00018729.,0,5888,5888
WBGene00018730.,0,9991,9991
WBGene00018731.,0,47066,47066
WBGene00018732.,0,4007,4007
WBGene00018734.,1219,1430,2649
WBGene00018735.,8,266,274
WBGene00018736.,11,252,263
WBGene00018738.,16,23,39
WBGene00018739.,198,1019,1217
WBGene00018740.,254,1250,1504
WBGene00018741.,125,210,335
WBGene00018742.,26,115,141
WBGene00018743.,96,578,674
WBGene00018744.,1,134,135
WBGene00018745.,3,30,33
WBGene00018746.,5,33,38
WBGene00018747.,72,399,471
WBGene00018748.,46,505,551
WBGene00018749.,0,0,0
WBGene00018750.,414,2363,2777
WBGene00018751.,1,7,8
WBGene00018752.,31,60,91
WBGene00018754.,10,83,93
WBGene00018755.,78,635,713
WBGene00018756.,752,10975,11727
WBGene00018757.,228,2412,2640
WBGene00018758.,130,2679,2809
WBGene00018759.,0,0,0
WBGene00018760.,208,1507,1715
WBGene00018761.,760,11,771
WBGene00018762.,70,1593,1663
WBGene00018763.,63,6462,6525
WBGene00018764.,5,8364,8369
WBGene00018765.,531,2787,3318
WBGene00018766.,311,698,1009
WBGene00018767.,1,4,5
WBGene00018768.,1,2,3
WBGene00018769.,55,1107,1162
WBGene00018771.,18,45,63
WBGene00018772.,136,252,388
WBGene00018773.,22,48,70
WBGene00018774.,59,193,252
WBGene00018776.,530,4733,5263
WBGene00018777.,288,1061,1349
WBGene00018778.,647,4975,5622
WBGene00018779.,16,102,118
WBGene00018781.,126,416,542
WBGene00018782.,580,4873,5453
WBGene00018783.,3,28,31
WBGene00018784.,309,8144,8453
WBGene00018785.,271,1354,1625
WBGene00018786.,6,48,54
WBGene00018787.,112,1222,1334
WBGene00018788.,322,937,1259
WBGene00018789.,84,132,216
WBGene00018791.,75,288,363
WBGene00018792.,6,17,23
WBGene00018793.,516,3113,3629
WBGene00018794.,325,649,974
WBGene00018795.,114,1931,2045
WBGene00018797.,219,1485,1704
WBGene00018798.,29,173,202
WBGene00018802.,117,2729,2846
WBGene00018803.,232,21419,21651
WBGene00018804.,42,757,799
WBGene00018805.,19,162,181
WBGene00018806.,6,713,719
WBGene00018807.,28,344,372
WBGene00018808.,0,1,1
WBGene00018809.,1,0,1
WBGene00018810.,6,3,9
WBGene00018811.,852,10768,11620
WBGene00018812.,279,1858,2137
WBGene00018813.,1,18,19
WBGene00018814.,58,1615,1673
WBGene00018815.,1,14,15
WBGene00018816.,3,1,4
WBGene00018819.,330,2550,2880
WBGene00018820.,5,2,7
WBGene00018821.,4,5,9
WBGene00018822.,0,0,0
WBGene00018823.,2,192,194
WBGene00018824.,0,8,8
WBGene00018825.,3,14,17
WBGene00018826.,0,0,0
WBGene00018827.,15,314,329
WBGene00018828.,0,2,2
WBGene00018829.,4,13,17
WBGene00018830.,63,1262,1325
WBGene00018831.,87,1521,1608
WBGene00018833.,315,2509,2824
WBGene00018834.,0,4,4
WBGene00018835.,73,607,680
WBGene00018836.,78,796,874
WBGene00018837.,1417,1856,3273
WBGene00018838.,0,0,0
WBGene00018839.,5,86,91
WBGene00018840.,10,14,24
WBGene00018841.,3,3,6
WBGene00018842.,0,17,17
WBGene00018844.,0,8,8
WBGene00018845.,7,82,89
WBGene00018846.,18277,200130,218407
WBGene00018847.,232,2111,2343
WBGene00018848.,98,1084,1182
WBGene00018849.,73,6506,6579
WBGene00018850.,44,88,132
WBGene00018851.,4,6,10
WBGene00018852.,23,377,400
WBGene00018853.,41,601,642
WBGene00018854.,173,860,1033
WBGene00018855.,9,531,540
WBGene00018856.,85,89,174
WBGene00018857.,212,1833,2045
WBGene00018859.,598,5671,6269
WBGene00018860.,149,430,579
WBGene00018861.,70,290,360
WBGene00018862.,46,1127,1173
WBGene00018863.,5,452,457
WBGene00018864.,253,2248,2501
WBGene00018865.,5,4,9
WBGene00018866.,104,2042,2146
WBGene00018867.,118,742,860
WBGene00018868.,63,68,131
WBGene00018869.,455,3824,4279
WBGene00018870.,2,65,67
WBGene00018871.,11,811,822
WBGene00018872.,711,6005,6716
WBGene00018873.,24,148,172
WBGene00018874.,115,543,658
WBGene00018875.,0,0,0
WBGene00018877.,24,56,80
WBGene00018878.,1,347,348
WBGene00018879.,68,358,426
WBGene00018880.,48,83,131
WBGene00018881.,0,35,35
WBGene00018882.,0,15,15
WBGene00018883.,0,14,14
WBGene00018884.,23,17,40
WBGene00018885.,39,1011,1050
WBGene00018886.,3,746,749
WBGene00018888.,3,1,4
WBGene00018890.,290,3422,3712
WBGene00018891.,115,1684,1799
WBGene00018892.,41,3679,3720
WBGene00018893.,279,3147,3426
WBGene00018894.,13,1275,1288
WBGene00018895.,5,3,8
WBGene00018896.,5,20,25
WBGene00018897.,42,430,472
WBGene00018898.,408,5231,5639
WBGene00018899.,17,163,180
WBGene00018900.,35,1482,1517
WBGene00018901.,1,98,99
WBGene00018902.,11,958,969
WBGene00018903.,11,189,200
WBGene00018904.,9,1150,1159
WBGene00018906.,37,98,135
WBGene00018907.,67,269,336
WBGene00018908.,81,616,697
WBGene00018909.,117,767,884
WBGene00018910.,0,0,0
WBGene00018911.,0,0,0
WBGene00018912.,0,0,0
WBGene00018913.,0,0,0
WBGene00018914.,0,0,0
WBGene00018915.,0,0,0
WBGene00018917.,0,0,0
WBGene00018918.,0,0,0
WBGene00018919.,0,0,0
WBGene00018920.,0,0,0
WBGene00018921.,2,172,174
WBGene00018923.,305,1303,1608
WBGene00018924.,63,129,192
WBGene00018925.,9,529,538
WBGene00018926.,1,3,4
WBGene00018928.,67,265,332
WBGene00018929.,13,19,32
WBGene00018930.,5,24,29
WBGene00018931.,45,230,275
WBGene00018932.,140,2970,3110
WBGene00018933.,0,3,3
WBGene00018934.,27,3704,3731
WBGene00018935.,9,1879,1888
WBGene00018937.,442,3045,3487
WBGene00018938.,0,2,2
WBGene00018939.,4,156,160
WBGene00018940.,0,5,5
WBGene00018941.,1,1,2
WBGene00018942.,3,2,5
WBGene00018943.,0,5,5
WBGene00018944.,1,1,2
WBGene00018945.,4,76,80
WBGene00018946.,7,27,34
WBGene00018948.,30,699,729
WBGene00018949.,8,29,37
WBGene00018950.,80,922,1002
WBGene00018951.,56,1110,1166
WBGene00018952.,185,2342,2527
WBGene00018953.,974,10456,11430
WBGene00018954.,162,1136,1298
WBGene00018955.,56,1646,1702
WBGene00018957.,38,618,656
WBGene00018958.,90,632,722
WBGene00018959.,38,1688,1726
WBGene00018960.,14,409,423
WBGene00018961.,108,1227,1335
WBGene00018963.,864,13368,14232
WBGene00018964.,44,982,1026
WBGene00018965.,13,15,28
WBGene00018966.,68,544,612
WBGene00018967.,33,1415,1448
WBGene00018968.,14,41,55
WBGene00018969.,23,961,984
WBGene00018970.,3,14,17
WBGene00018971.,27,247,274
WBGene00018972.,7,17,24
WBGene00018973.,5,15,20
WBGene00018974.,373,1483,1856
WBGene00018975.,649,1973,2622
WBGene00018976.,582,386,968
WBGene00018978.,0,4,4
WBGene00018979.,0,1,1
WBGene00018980.,2,0,2
WBGene00018981.,0,13,13
WBGene00018982.,0,0,0
WBGene00018984.,74,817,891
WBGene00018985.,125,935,1060
WBGene00018986.,32,491,523
WBGene00018987.,123,659,782
WBGene00018988.,36,620,656
WBGene00018989.,39,558,597
WBGene00018990.,143,641,784
WBGene00018991.,126,1130,1256
WBGene00018992.,177,303,480
WBGene00018993.,3,4,7
WBGene00018994.,7,6,13
WBGene00018995.,145,968,1113
WBGene00018996.,44,2320,2364
WBGene00018997.,20,200,220
WBGene00018998.,185,1255,1440
WBGene00018999.,6,74,80
WBGene00019001.,331,9628,9959
WBGene00019002.,132,1127,1259
WBGene00019003.,41,2797,2838
WBGene00019004.,88,2944,3032
WBGene00019005.,155,2018,2173
WBGene00019006.,214,2937,3151
WBGene00019007.,981,2128,3109
WBGene00019008.,18,684,702
WBGene00019009.,71,329,400
WBGene00019010.,226,21,247
WBGene00019011.,215,1558,1773
WBGene00019012.,64,260,324
WBGene00019013.,30,807,837
WBGene00019014.,49,676,725
WBGene00019015.,2,11,13
WBGene00019016.,0,12,12
WBGene00019017.,219,24885,25104
WBGene00019018.,1004,2384,3388
WBGene00019019.,191,104,295
WBGene00019020.,0,65,65
WBGene00019021.,0,9,9
WBGene00019022.,61,337,398
WBGene00019023.,58,502,560
WBGene00019024.,1,4,5
WBGene00019025.,53,417,470
WBGene00019026.,0,1,1
WBGene00019027.,0,39,39
WBGene00019028.,2,6,8
WBGene00019029.,21,43,64
WBGene00019030.,103,249,352
WBGene00019032.,11,46,57
WBGene00019034.,0,2,2
WBGene00019035.,1,12,13
WBGene00019036.,11,16,27
WBGene00019037.,0,3,3
WBGene00019038.,7,17,24
WBGene00019039.,0,2,2
WBGene00019040.,1,1,2
WBGene00019041.,0,3,3
WBGene00019042.,0,1,1
WBGene00019043.,0,1,1
WBGene00019044.,0,0,0
WBGene00019045.,0,1,1
WBGene00019046.,5,9,14
WBGene00019047.,5,250,255
WBGene00019048.,18,243,261
WBGene00019049.,8,159,167
WBGene00019050.,3,0,3
WBGene00019051.,0,8,8
WBGene00019053.,4,2,6
WBGene00019054.,2,3,5
WBGene00019055.,57,1238,1295
WBGene00019057.,25,236,261
WBGene00019058.,30,122,152
WBGene00019059.,11,25,36
WBGene00019060.,96,391,487
WBGene00019061.,3926,51213,55139
WBGene00019062.,1,1,2
WBGene00019063.,0,1,1
WBGene00019064.,683,23615,24298
WBGene00019065.,0,1,1
WBGene00019066.,0,1,1
WBGene00019067.,28,88,116
WBGene00019068.,33,723,756
WBGene00019069.,294,518,812
WBGene00019070.,0,26,26
WBGene00019072.,0,0,0
WBGene00019073.,0,0,0
WBGene00019074.,245,1523,1768
WBGene00019075.,28,784,812
WBGene00019076.,38,663,701
WBGene00019077.,25,1081,1106
WBGene00019079.,147,2503,2650
WBGene00019080.,20,70,90
WBGene00019081.,24,7,31
WBGene00019082.,27,220,247
WBGene00019084.,11,5,16
WBGene00019085.,2,9,11
WBGene00019086.,9,11,20
WBGene00019087.,19,1882,1901
WBGene00019089.,19,7,26
WBGene00019090.,84,738,822
WBGene00019091.,11,28,39
WBGene00019092.,752,7570,8322
WBGene00019094.,10,38,48
WBGene00019095.,16,556,572
WBGene00019096.,3,4,7
WBGene00019097.,576,9397,9973
WBGene00019098.,3,19,22
WBGene00019099.,5,4,9
WBGene00019100.,166,585,751
WBGene00019101.,22,41,63
WBGene00019102.,510,4013,4523
WBGene00019103.,52,132,184
WBGene00019104.,2,66,68
WBGene00019105.,7,719,726
WBGene00019106.,25,53,78
WBGene00019107.,9,28,37
WBGene00019108.,11,531,542
WBGene00019109.,50,196,246
WBGene00019111.,57,473,530
WBGene00019112.,67,79,146
WBGene00019113.,105,5914,6019
WBGene00019114.,23,282,305
WBGene00019115.,78,531,609
WBGene00019116.,38,563,601
WBGene00019117.,56,271,327
WBGene00019118.,16,1756,1772
WBGene00019119.,1,10,11
WBGene00019120.,40,1208,1248
WBGene00019121.,14,1137,1151
WBGene00019122.,101,9,110
WBGene00019123.,2,3,5
WBGene00019124.,229,4224,4453
WBGene00019125.,60,652,712
WBGene00019126.,12,46,58
WBGene00019127.,423,2834,3257
WBGene00019128.,163,513,676
WBGene00019129.,280,2340,2620
WBGene00019130.,165,1010,1175
WBGene00019131.,19,168,187
WBGene00019132.,66,272,338
WBGene00019133.,12,21,33
WBGene00019134.,21,405,426
WBGene00019135.,0,2,2
WBGene00019137.,1,0,1
WBGene00019138.,154,40,194
WBGene00019139.,31,371,402
WBGene00019140.,34,414,448
WBGene00019141.,68,1010,1078
WBGene00019142.,39,1620,1659
WBGene00019143.,132,2079,2211
WBGene00019144.,15,81,96
WBGene00019145.,1,1,2
WBGene00019146.,3,1,4
WBGene00019148.,16,31,47
WBGene00019149.,62,200,262
WBGene00019150.,2,8,10
WBGene00019151.,1,3,4
WBGene00019152.,2,30,32
WBGene00019153.,6,117,123
WBGene00019154.,11,4,15
WBGene00019155.,5,1,6
WBGene00019156.,121,1617,1738
WBGene00019157.,990,2193,3183
WBGene00019158.,65,2147,2212
WBGene00019159.,5,10,15
WBGene00019160.,81,8908,8989
WBGene00019162.,30,6077,6107
WBGene00019163.,11,2156,2167
WBGene00019164.,39,619,658
WBGene00019165.,7,14,21
WBGene00019166.,1043,1870,2913
WBGene00019167.,132,2082,2214
WBGene00019168.,770,8686,9456
WBGene00019169.,2,6,8
WBGene00019170.,465,4129,4594
WBGene00019171.,3,8,11
WBGene00019174.,12,76,88
WBGene00019176.,126,186,312
WBGene00019177.,22,910,932
WBGene00019178.,9,85,94
WBGene00019179.,2,2,4
WBGene00019180.,740,942,1682
WBGene00019181.,21,43,64
WBGene00019182.,121,1425,1546
WBGene00019183.,649,160,809
WBGene00019184.,6,27,33
WBGene00019185.,43,910,953
WBGene00019186.,4,3,7
WBGene00019187.,15,48,63
WBGene00019188.,173,882,1055
WBGene00019189.,1,106,107
WBGene00019190.,48,2,50
WBGene00019192.,0,3,3
WBGene00019193.,1,5,6
WBGene00019194.,0,2,2
WBGene00019196.,19,2744,2763
WBGene00019197.,43,362,405
WBGene00019198.,82,276,358
WBGene00019199.,161,1043,1204
WBGene00019200.,113,882,995
WBGene00019202.,12,21,33
WBGene00019203.,358,6871,7229
WBGene00019204.,139,872,1011
WBGene00019205.,2264,3669,5933
WBGene00019207.,194,2211,2405
WBGene00019208.,3,4,7
WBGene00019209.,211,1150,1361
WBGene00019211.,339,708,1047
WBGene00019212.,72,220,292
WBGene00019213.,74,332,406
WBGene00019214.,5,7,12
WBGene00019215.,25,106,131
WBGene00019216.,3,3,6
WBGene00019217.,476,2701,3177
WBGene00019218.,158,305,463
WBGene00019219.,164,896,1060
WBGene00019220.,60,1369,1429
WBGene00019221.,8,337,345
WBGene00019222.,16,23,39
WBGene00019224.,26,262,288
WBGene00019225.,44,402,446
WBGene00019226.,12,619,631
WBGene00019227.,89,653,742
WBGene00019228.,1,126,127
WBGene00019229.,3,30,33
WBGene00019230.,76,176,252
WBGene00019231.,30,68,98
WBGene00019232.,35,185,220
WBGene00019233.,7,10,17
WBGene00019234.,1,15,16
WBGene00019235.,0,5,5
WBGene00019236.,14,53,67
WBGene00019237.,455,2776,3231
WBGene00019239.,63,2,65
WBGene00019240.,420,3718,4138
WBGene00019241.,602,1421,2023
WBGene00019242.,28,13,41
WBGene00019243.,3,610,613
WBGene00019244.,135,1040,1175
WBGene00019245.,165,1597,1762
WBGene00019246.,216,1922,2138
WBGene00019247.,20,356,376
WBGene00019248.,117,107,224
WBGene00019249.,193,6208,6401
WBGene00019250.,401,1996,2397
WBGene00019251.,42,9,51
WBGene00019253.,3,9,12
WBGene00019254.,15,361,376
WBGene00019255.,3,38,41
WBGene00019257.,1,4,5
WBGene00019259.,51,1038,1089
WBGene00019260.,3,12,15
WBGene00019261.,22,4431,4453
WBGene00019262.,4,13,17
WBGene00019263.,222,1649,1871
WBGene00019264.,153,1379,1532
WBGene00019265.,5,208,213
WBGene00019266.,7,99,106
WBGene00019267.,3,9,12
WBGene00019268.,102,884,986
WBGene00019269.,25,90,115
WBGene00019270.,228,616,844
WBGene00019272.,48,76,124
WBGene00019273.,7,48,55
WBGene00019274.,359,866,1225
WBGene00019275.,417,1572,1989
WBGene00019276.,173,1027,1200
WBGene00019277.,47,467,514
WBGene00019278.,128,1170,1298
WBGene00019279.,834,1606,2440
WBGene00019280.,91,1017,1108
WBGene00019281.,2,6,8
WBGene00019282.,332,6079,6411
WBGene00019283.,0,0,0
WBGene00019284.,238,8369,8607
WBGene00019285.,51,206,257
WBGene00019286.,225,174,399
WBGene00019287.,21,16,37
WBGene00019288.,0,1,1
WBGene00019289.,111,687,798
WBGene00019290.,30,688,718
WBGene00019292.,0,6,6
WBGene00019293.,9,331,340
WBGene00019294.,909,4422,5331
WBGene00019295.,147,1331,1478
WBGene00019296.,27,1607,1634
WBGene00019297.,4,4,8
WBGene00019298.,369,10451,10820
WBGene00019299.,28,264,292
WBGene00019300.,64,1194,1258
WBGene00019301.,467,7598,8065
WBGene00019302.,2,12,14
WBGene00019303.,118,79,197
WBGene00019304.,75,1592,1667
WBGene00019305.,113,5335,5448
WBGene00019306.,2,10,12
WBGene00019309.,2,9,11
WBGene00019310.,1,144,145
WBGene00019311.,24,346,370
WBGene00019312.,0,11,11
WBGene00019313.,0,2,2
WBGene00019314.,2,3,5
WBGene00019315.,98,1337,1435
WBGene00019316.,0,78,78
WBGene00019317.,113,818,931
WBGene00019318.,120,60,180
WBGene00019319.,21,198,219
WBGene00019320.,117,895,1012
WBGene00019321.,33,94,127
WBGene00019322.,30,12300,12330
WBGene00019323.,902,2754,3656
WBGene00019324.,470,11077,11547
WBGene00019326.,130,1500,1630
WBGene00019327.,1460,22519,23979
WBGene00019328.,138,1397,1535
WBGene00019329.,363,1076,1439
WBGene00019331.,36,79,115
WBGene00019332.,1545,16191,17736
WBGene00019333.,228,3085,3313
WBGene00019334.,32,1518,1550
WBGene00019335.,0,24,24
WBGene00019337.,10,11,21
WBGene00019338.,5,7,12
WBGene00019339.,0,75,75
WBGene00019340.,0,2,2
WBGene00019341.,44,10,54
WBGene00019342.,0,34,34
WBGene00019343.,108,292,400
WBGene00019344.,58,662,720
WBGene00019345.,71,168,239
WBGene00019346.,3,122,125
WBGene00019347.,715,1459,2174
WBGene00019348.,4,9,13
WBGene00019349.,1,5,6
WBGene00019350.,1,5,6
WBGene00019351.,98,2435,2533
WBGene00019352.,136,497,633
WBGene00019353.,145,5339,5484
WBGene00019354.,163,4146,4309
WBGene00019355.,96,772,868
WBGene00019356.,0,2,2
WBGene00019357.,1117,67867,68984
WBGene00019360.,123,257,380
WBGene00019361.,685,5411,6096
WBGene00019362.,281,858,1139
WBGene00019364.,13,223,236
WBGene00019365.,339,3326,3665
WBGene00019367.,2,15,17
WBGene00019368.,137,1088,1225
WBGene00019369.,20,54,74
WBGene00019370.,105,228,333
WBGene00019371.,10,40,50
WBGene00019372.,4,114,118
WBGene00019373.,43,352,395
WBGene00019374.,6,50,56
WBGene00019376.,2,7,9
WBGene00019379.,4,16,20
WBGene00019380.,170,1492,1662
WBGene00019381.,47,14721,14768
WBGene00019382.,0,3,3
WBGene00019383.,3,3,6
WBGene00019384.,1,1,2
WBGene00019385.,7,8,15
WBGene00019386.,8,45,53
WBGene00019387.,3,6,9
WBGene00019388.,27,150,177
WBGene00019389.,13,87,100
WBGene00019390.,2,9,11
WBGene00019391.,27,96,123
WBGene00019392.,0,10,10
WBGene00019393.,21,18,39
WBGene00019394.,147,912,1059
WBGene00019395.,48,254,302
WBGene00019396.,71,1157,1228
WBGene00019399.,76,4286,4362
WBGene00019400.,146,1631,1777
WBGene00019401.,110,5764,5874
WBGene00019402.,93,4430,4523
WBGene00019403.,158,857,1015
WBGene00019404.,3,34,37
WBGene00019405.,8,20,28
WBGene00019406.,3,6,9
WBGene00019407.,189,975,1164
WBGene00019408.,70,1281,1351
WBGene00019409.,4,2,6
WBGene00019410.,15,69,84
WBGene00019411.,38,1297,1335
WBGene00019412.,1,6,7
WBGene00019413.,1,1,2
WBGene00019414.,0,1,1
WBGene00019415.,3,14,17
WBGene00019416.,0,11,11
WBGene00019417.,0,2,2
WBGene00019418.,0,0,0
WBGene00019419.,0,0,0
WBGene00019420.,1,4,5
WBGene00019421.,408,3914,4322
WBGene00019422.,0,24,24
WBGene00019423.,46,12,58
WBGene00019424.,24,214,238
WBGene00019425.,10,19,29
WBGene00019426.,10,188,198
WBGene00019427.,166,4415,4581
WBGene00019428.,281,1030,1311
WBGene00019429.,88,2058,2146
WBGene00019430.,3,15,18
WBGene00019431.,12,35,47
WBGene00019432.,143,5142,5285
WBGene00019433.,52,2887,2939
WBGene00019434.,327,508,835
WBGene00019435.,166,1103,1269
WBGene00019436.,177,2086,2263
WBGene00019437.,47,462,509
WBGene00019438.,2,15,17
WBGene00019439.,329,10,339
WBGene00019441.,93,217,310
WBGene00019442.,0,0,0
WBGene00019444.,32,90,122
WBGene00019445.,27,90,117
WBGene00019448.,50,514,564
WBGene00019449.,5,1,6
WBGene00019450.,0,0,0
WBGene00019451.,4,1,5
WBGene00019452.,2,0,2
WBGene00019453.,4,0,4
WBGene00019454.,1,0,1
WBGene00019455.,11,82,93
WBGene00019456.,152,1316,1468
WBGene00019457.,219,2539,2758
WBGene00019458.,74,931,1005
WBGene00019459.,4,6,10
WBGene00019460.,49,819,868
WBGene00019461.,64,557,621
WBGene00019462.,400,248,648
WBGene00019464.,13,365,378
WBGene00019465.,968,4108,5076
WBGene00019466.,1786,76461,78247
WBGene00019467.,13,3409,3422
WBGene00019469.,1,3,4
WBGene00019470.,0,4,4
WBGene00019471.,1,4,5
WBGene00019472.,7,76,83
WBGene00019473.,3,4,7
WBGene00019476.,66,1092,1158
WBGene00019477.,22,767,789
WBGene00019478.,861,8231,9092
WBGene00019479.,254,3339,3593
WBGene00019480.,91,1216,1307
WBGene00019481.,73,2062,2135
WBGene00019482.,46,809,855
WBGene00019483.,1,3,4
WBGene00019484.,2,341,343
WBGene00019485.,185,632,817
WBGene00019486.,7,17,24
WBGene00019487.,77,819,896
WBGene00019488.,333,7033,7366
WBGene00019489.,122,3923,4045
WBGene00019490.,42,1419,1461
WBGene00019491.,59,683,742
WBGene00019492.,624,8208,8832
WBGene00019493.,70,168,238
WBGene00019494.,0,13,13
WBGene00019495.,179,4186,4365
WBGene00019496.,18,148,166
WBGene00019497.,28,1328,1356
WBGene00019498.,111,774,885
WBGene00019501.,1,4,5
WBGene00019502.,2,10,12
WBGene00019503.,38,623,661
WBGene00019504.,10,1058,1068
WBGene00019506.,16,67,83
WBGene00019507.,1,6,7
WBGene00019508.,4,8,12
WBGene00019509.,2,77,79
WBGene00019510.,292,13347,13639
WBGene00019511.,202,3806,4008
WBGene00019512.,8,48,56
WBGene00019513.,81,1597,1678
WBGene00019514.,2,3,5
WBGene00019515.,25,93,118
WBGene00019516.,27,190,217
WBGene00019517.,11,32,43
WBGene00019518.,43,70,113
WBGene00019519.,154,734,888
WBGene00019520.,1,82,83
WBGene00019521.,442,3666,4108
WBGene00019522.,112,702,814
WBGene00019524.,2,6,8
WBGene00019525.,104,852,956
WBGene00019526.,10,1,11
WBGene00019527.,4,2,6
WBGene00019529.,0,2,2
WBGene00019530.,2,10,12
WBGene00019531.,7,12,19
WBGene00019532.,27,7,34
WBGene00019533.,17,15,32
WBGene00019534.,1,0,1
WBGene00019535.,31,499,530
WBGene00019536.,166,170,336
WBGene00019537.,7,18454,18461
WBGene00019538.,25,140,165
WBGene00019540.,96,10059,10155
WBGene00019541.,0,44,44
WBGene00019543.,269,2847,3116
WBGene00019544.,99,1153,1252
WBGene00019545.,24,162,186
WBGene00019546.,128,874,1002
WBGene00019547.,3,22,25
WBGene00019548.,2,0,2
WBGene00019549.,25,18,43
WBGene00019550.,29,38,67
WBGene00019552.,7,93,100
WBGene00019553.,1,80,81
WBGene00019554.,23,372,395
WBGene00019556.,12,56,68
WBGene00019557.,50,42,92
WBGene00019558.,6,18,24
WBGene00019559.,2,3,5
WBGene00019560.,1,2,3
WBGene00019561.,2,1,3
WBGene00019562.,0,0,0
WBGene00019563.,2,5,7
WBGene00019564.,311,3695,4006
WBGene00019565.,10,27,37
WBGene00019566.,2,12,14
WBGene00019567.,8,43,51
WBGene00019568.,17,13,30
WBGene00019569.,4,13,17
WBGene00019570.,31,145,176
WBGene00019571.,197,228,425
WBGene00019572.,0,57,57
WBGene00019574.,0,0,0
WBGene00019575.,14,8,22
WBGene00019576.,1,16,17
WBGene00019577.,16,86,102
WBGene00019578.,11,85,96
WBGene00019579.,32,120,152
WBGene00019580.,6,17,23
WBGene00019582.,16,26,42
WBGene00019583.,0,1,1
WBGene00019584.,131,37,168
WBGene00019586.,8,21,29
WBGene00019587.,1,17,18
WBGene00019588.,0,11,11
WBGene00019589.,25,109,134
WBGene00019590.,18,104,122
WBGene00019591.,0,2,2
WBGene00019592.,0,293,293
WBGene00019593.,4,377,381
WBGene00019594.,5,3,8
WBGene00019595.,42,666,708
WBGene00019597.,837,9627,10464
WBGene00019598.,281,991,1272
WBGene00019599.,36,370,406
WBGene00019600.,19,480,499
WBGene00019601.,2,13,15
WBGene00019603.,13,375,388
WBGene00019604.,0,0,0
WBGene00019605.,17,191,208
WBGene00019606.,2,248,250
WBGene00019607.,254,2536,2790
WBGene00019608.,53,1362,1415
WBGene00019609.,103,797,900
WBGene00019611.,28,998,1026
WBGene00019612.,372,2616,2988
WBGene00019613.,2,9,11
WBGene00019614.,25,23,48
WBGene00019615.,133,645,778
WBGene00019616.,16,94,110
WBGene00019617.,50,1174,1224
WBGene00019618.,51,134,185
WBGene00019619.,767,11945,12712
WBGene00019620.,96,7524,7620
WBGene00019621.,0,1,1
WBGene00019622.,6,19,25
WBGene00019623.,57,255,312
WBGene00019624.,313,2066,2379
WBGene00019625.,18,3,21
WBGene00019626.,2,10,12
WBGene00019627.,111,1471,1582
WBGene00019628.,43,3122,3165
WBGene00019629.,38,1333,1371
WBGene00019630.,20,208,228
WBGene00019631.,205,4488,4693
WBGene00019633.,150,861,1011
WBGene00019636.,55,730,785
WBGene00019638.,10,21,31
WBGene00019639.,0,30,30
WBGene00019640.,16,40,56
WBGene00019641.,56,449,505
WBGene00019642.,5,40,45
WBGene00019643.,8,440,448
WBGene00019644.,36,100,136
WBGene00019645.,47,997,1044
WBGene00019646.,2,3,5
WBGene00019647.,25,693,718
WBGene00019648.,15,197,212
WBGene00019649.,81,1376,1457
WBGene00019650.,144,1085,1229
WBGene00019651.,280,2248,2528
WBGene00019652.,18,588,606
WBGene00019653.,19,190,209
WBGene00019654.,2,23,25
WBGene00019655.,5,23,28
WBGene00019656.,32,1283,1315
WBGene00019657.,74,1002,1076
WBGene00019658.,31,278,309
WBGene00019659.,6,21,27
WBGene00019660.,1,38,39
WBGene00019661.,7,192,199
WBGene00019662.,5,4,9
WBGene00019663.,24,2075,2099
WBGene00019664.,376,3520,3896
WBGene00019665.,50,420,470
WBGene00019666.,29,620,649
WBGene00019667.,342,362,704
WBGene00019668.,40,220,260
WBGene00019669.,105,576,681
WBGene00019672.,4,6,10
WBGene00019673.,100,1963,2063
WBGene00019674.,47,377,424
WBGene00019675.,1,6,7
WBGene00019676.,18,23,41
WBGene00019677.,63,287,350
WBGene00019678.,163,1708,1871
WBGene00019679.,120,1941,2061
WBGene00019680.,0,5750,5750
WBGene00019681.,0,4,4
WBGene00019682.,344,6294,6638
WBGene00019683.,396,261,657
WBGene00019684.,2,4,6
WBGene00019685.,1,14,15
WBGene00019686.,415,3564,3979
WBGene00019687.,2,4,6
WBGene00019688.,12,7,19
WBGene00019689.,0,3,3
WBGene00019690.,9,75,84
WBGene00019691.,115,515,630
WBGene00019692.,90,1080,1170
WBGene00019693.,13,1554,1567
WBGene00019697.,956,2167,3123
WBGene00019698.,1198,20579,21777
WBGene00019699.,32,129,161
WBGene00019700.,1,16,17
WBGene00019702.,0,1,1
WBGene00019703.,1,4,5
WBGene00019704.,0,2,2
WBGene00019705.,0,215,215
WBGene00019706.,18,2,20
WBGene00019709.,0,0,0
WBGene00019710.,1,325,326
WBGene00019711.,78,2407,2485
WBGene00019712.,70,1149,1219
WBGene00019713.,124,1463,1587
WBGene00019714.,0,0,0
WBGene00019715.,168,901,1069
WBGene00019716.,261,3074,3335
WBGene00019717.,126,1284,1410
WBGene00019718.,15,77,92
WBGene00019719.,4461,81557,86018
WBGene00019720.,131,1368,1499
WBGene00019721.,59,29,88
WBGene00019722.,9,43,52
WBGene00019723.,1,286,287
WBGene00019724.,106,494,600
WBGene00019725.,15,418,433
WBGene00019726.,945,616,1561
WBGene00019727.,242,4522,4764
WBGene00019728.,0,6,6
WBGene00019729.,56,687,743
WBGene00019730.,12,286,298
WBGene00019731.,26,30,56
WBGene00019732.,2,2001,2003
WBGene00019733.,692,2735,3427
WBGene00019734.,406,5856,6262
WBGene00019735.,5,15,20
WBGene00019736.,6,19,25
WBGene00019738.,64,859,923
WBGene00019739.,14,110,124
WBGene00019740.,7,16,23
WBGene00019741.,21,673,694
WBGene00019742.,51,161,212
WBGene00019743.,86,528,614
WBGene00019744.,462,5907,6369
WBGene00019745.,2,17,19
WBGene00019746.,92,185,277
WBGene00019747.,790,3584,4374
WBGene00019748.,506,8541,9047
WBGene00019749.,92,363,455
WBGene00019750.,1288,731,2019
WBGene00019751.,143,1310,1453
WBGene00019753.,320,2233,2553
WBGene00019754.,1,19,20
WBGene00019755.,0,1,1
WBGene00019756.,13,11,24
WBGene00019757.,489,3410,3899
WBGene00019758.,0,2,2
WBGene00019759.,44,55,99
WBGene00019760.,32,6459,6491
WBGene00019761.,6,15,21
WBGene00019762.,197,3474,3671
WBGene00019763.,32,124,156
WBGene00019764.,27,238,265
WBGene00019765.,17,435,452
WBGene00019766.,172,770,942
WBGene00019767.,9,10419,10428
WBGene00019768.,38,790,828
WBGene00019769.,1,50,51
WBGene00019770.,732,4211,4943
WBGene00019771.,536,1434,1970
WBGene00019772.,757,13794,14551
WBGene00019773.,5,6,11
WBGene00019774.,284,402,686
WBGene00019776.,29,105,134
WBGene00019777.,47,366,413
WBGene00019778.,57,731,788
WBGene00019779.,602,5109,5711
WBGene00019780.,1095,123293,124388
WBGene00019781.,402,1375,1777
WBGene00019782.,71,1527,1598
WBGene00019783.,14,6,20
WBGene00019784.,3,24,27
WBGene00019785.,3,19,22
WBGene00019786.,199,804,1003
WBGene00019787.,254,648,902
WBGene00019788.,0,0,0
WBGene00019789.,5,1355,1360
WBGene00019791.,0,0,0
WBGene00019792.,56,983,1039
WBGene00019793.,4,2,6
WBGene00019794.,2,6,8
WBGene00019795.,2,1,3
WBGene00019796.,1,8,9
WBGene00019797.,1,1,2
WBGene00019798.,0,1,1
WBGene00019799.,3,14,17
WBGene00019800.,25,2262,2287
WBGene00019801.,295,3210,3505
WBGene00019803.,40,536,576
WBGene00019804.,1,4,5
WBGene00019805.,125,2348,2473
WBGene00019806.,10,581,591
WBGene00019807.,91,712,803
WBGene00019808.,110,3506,3616
WBGene00019809.,0,1,1
WBGene00019810.,2,11,13
WBGene00019811.,29,572,601
WBGene00019812.,10,25,35
WBGene00019813.,14,746,760
WBGene00019814.,8,104,112
WBGene00019815.,9,12,21
WBGene00019816.,90,460,550
WBGene00019817.,8,86,94
WBGene00019818.,81,1162,1243
WBGene00019819.,30,531,561
WBGene00019820.,61,1577,1638
WBGene00019821.,165,3097,3262
WBGene00019822.,126,1668,1794
WBGene00019823.,125,1719,1844
WBGene00019824.,80,1068,1148
WBGene00019825.,70,452,522
WBGene00019826.,5,44,49
WBGene00019827.,516,4477,4993
WBGene00019828.,16,142,158
WBGene00019829.,28,422,450
WBGene00019830.,95,1942,2037
WBGene00019831.,515,47303,47818
WBGene00019832.,123,93,216
WBGene00019833.,9,216,225
WBGene00019834.,0,11,11
WBGene00019835.,0,0,0
WBGene00019836.,96,1738,1834
WBGene00019837.,42,147,189
WBGene00019838.,266,4006,4272
WBGene00019839.,3,22,25
WBGene00019840.,64,1942,2006
WBGene00019841.,102,1597,1699
WBGene00019842.,868,1233,2101
WBGene00019843.,102,701,803
WBGene00019844.,541,1787,2328
WBGene00019845.,32,68,100
WBGene00019846.,57,836,893
WBGene00019847.,807,2462,3269
WBGene00019849.,5,18,23
WBGene00019850.,0,3,3
WBGene00019851.,5,8,13
WBGene00019853.,8,81,89
WBGene00019854.,243,3307,3550
WBGene00019855.,252,684,936
WBGene00019856.,6,3,9
WBGene00019857.,2,0,2
WBGene00019858.,2,117,119
WBGene00019859.,4,138,142
WBGene00019861.,8,35,43
WBGene00019862.,42,915,957
WBGene00019863.,338,616,954
WBGene00019864.,44,513,557
WBGene00019865.,17,143,160
WBGene00019866.,27,49,76
WBGene00019867.,132,1281,1413
WBGene00019868.,5,47,52
WBGene00019869.,30,402,432
WBGene00019870.,6,78,84
WBGene00019871.,39,1930,1969
WBGene00019872.,383,486,869
WBGene00019873.,94,649,743
WBGene00019874.,9,38,47
WBGene00019875.,153,2128,2281
WBGene00019877.,52,2204,2256
WBGene00019878.,14,379,393
WBGene00019879.,6,29,35
WBGene00019880.,0,0,0
WBGene00019881.,171,2174,2345
WBGene00019882.,148,896,1044
WBGene00019883.,156,3107,3263
WBGene00019884.,223,3352,3575
WBGene00019885.,68,683,751
WBGene00019886.,1,4,5
WBGene00019887.,7,5,12
WBGene00019888.,294,3445,3739
WBGene00019890.,20,4162,4182
WBGene00019891.,119,124,243
WBGene00019892.,35,950,985
WBGene00019893.,27,3902,3929
WBGene00019894.,43,662,705
WBGene00019895.,224,3584,3808
WBGene00019896.,62,125,187
WBGene00019898.,115,1482,1597
WBGene00019899.,204,590,794
WBGene00019900.,180,19030,19210
WBGene00019901.,9,64,73
WBGene00019902.,565,2111,2676
WBGene00019903.,1,6,7
WBGene00019904.,195,2589,2784
WBGene00019905.,2,6,8
WBGene00019906.,9,7,16
WBGene00019907.,32,375,407
WBGene00019908.,559,2296,2855
WBGene00019909.,976,3222,4198
WBGene00019911.,105,616,721
WBGene00019912.,19,22,41
WBGene00019913.,22,21,43
WBGene00019914.,157,1267,1424
WBGene00019915.,123,760,883
WBGene00019916.,0,0,0
WBGene00019917.,0,15,15
WBGene00019918.,70,688,758
WBGene00019919.,4,0,4
WBGene00019920.,2,0,2
WBGene00019921.,0,12,12
WBGene00019922.,0,15,15
WBGene00019923.,4,21,25
WBGene00019924.,19,295,314
WBGene00019925.,0,4,4
WBGene00019926.,1,1,2
WBGene00019927.,2,13,15
WBGene00019928.,4,12,16
WBGene00019929.,2,7,9
WBGene00019930.,0,0,0
WBGene00019931.,0,9,9
WBGene00019932.,101,314,415
WBGene00019933.,3,7,10
WBGene00019934.,17,18,35
WBGene00019935.,103,388,491
WBGene00019937.,0,3413,3413
WBGene00019938.,72,660,732
WBGene00019939.,12,98,110
WBGene00019940.,322,5864,6186
WBGene00019941.,94,3143,3237
WBGene00019943.,70,657,727
WBGene00019944.,51,1647,1698
WBGene00019945.,0,0,0
WBGene00019946.,219,6846,7065
WBGene00019947.,18,15506,15524
WBGene00019948.,14,10,24
WBGene00019949.,1,6,7
WBGene00019950.,8,14,22
WBGene00019951.,3,28,31
WBGene00019952.,1,158,159
WBGene00019953.,177,3127,3304
WBGene00019954.,0,0,0
WBGene00019955.,334,1189,1523
WBGene00019956.,0,7,7
WBGene00019957.,45,490,535
WBGene00019959.,75,998,1073
WBGene00019960.,385,1728,2113
WBGene00019961.,15,315,330
WBGene00019962.,70,1052,1122
WBGene00019963.,54,879,933
WBGene00019964.,34,268,302
WBGene00019965.,91,178,269
WBGene00019966.,6,29,35
WBGene00019967.,67,1058,1125
WBGene00019968.,11,534,545
WBGene00019969.,7,1,8
WBGene00019970.,8,849,857
WBGene00019971.,153,1415,1568
WBGene00019972.,10,47,57
WBGene00019973.,15,20,35
WBGene00019975.,198,1149,1347
WBGene00019976.,0,3,3
WBGene00019977.,23,65,88
WBGene00019978.,38,243,281
WBGene00019979.,41,180,221
WBGene00019980.,3,3,6
WBGene00019981.,20,1,21
WBGene00019982.,48,12,60
WBGene00019983.,25,2213,2238
WBGene00019986.,77,1074,1151
WBGene00019987.,10,295,305
WBGene00019988.,13,729,742
WBGene00019989.,2,25,27
WBGene00019991.,1,9,10
WBGene00019992.,0,1,1
WBGene00019993.,42,2581,2623
WBGene00019994.,200,340,540
WBGene00019995.,117,975,1092
WBGene00019996.,11,13,24
WBGene00019997.,17,139,156
WBGene00019998.,1471,13158,14629
WBGene00019999.,60,304,364
WBGene00020003.,22,34,56
WBGene00020004.,14,15,29
WBGene00020006.,79,352,431
WBGene00020007.,55,1998,2053
WBGene00020008.,35,266,301
WBGene00020010.,20,106,126
WBGene00020011.,176,2082,2258
WBGene00020012.,187,4693,4880
WBGene00020013.,1,2,3
WBGene00020014.,4,92,96
WBGene00020015.,6,158,164
WBGene00020016.,41,172,213
WBGene00020017.,31,55,86
WBGene00020018.,116,1099,1215
WBGene00020019.,17,57,74
WBGene00020020.,0,32,32
WBGene00020021.,1,8,9
WBGene00020022.,21,980,1001
WBGene00020023.,55,641,696
WBGene00020025.,43,2988,3031
WBGene00020026.,158,2002,2160
WBGene00020027.,96,2308,2404
WBGene00020028.,26,788,814
WBGene00020029.,205,3126,3331
WBGene00020030.,35,1849,1884
WBGene00020031.,325,4986,5311
WBGene00020032.,0,3,3
WBGene00020033.,9,116,125
WBGene00020034.,23,187,210
WBGene00020035.,34,642,676
WBGene00020036.,116,1157,1273
WBGene00020037.,21,1717,1738
WBGene00020038.,292,6859,7151
WBGene00020039.,1,34,35
WBGene00020040.,1,16,17
WBGene00020041.,8,26,34
WBGene00020042.,0,0,0
WBGene00020043.,23,401,424
WBGene00020045.,44,497,541
WBGene00020046.,10,10,20
WBGene00020047.,122,1585,1707
WBGene00020048.,14,157,171
WBGene00020049.,11,1082,1093
WBGene00020050.,16,112,128
WBGene00020051.,86,1692,1778
WBGene00020052.,11,417,428
WBGene00020053.,0,10,10
WBGene00020054.,4,145,149
WBGene00020055.,1,4,5
WBGene00020056.,7,26,33
WBGene00020057.,18,63,81
WBGene00020058.,297,1586,1883
WBGene00020059.,14,12,26
WBGene00020060.,17,12,29
WBGene00020062.,12,552,564
WBGene00020063.,3,4,7
WBGene00020064.,253,951,1204
WBGene00020065.,0,1,1
WBGene00020066.,14,11,25
WBGene00020067.,1,2,3
WBGene00020068.,141,2024,2165
WBGene00020069.,261,572,833
WBGene00020070.,0,2,2
WBGene00020071.,0,1,1
WBGene00020072.,0,0,0
WBGene00020073.,0,5,5
WBGene00020075.,8,377,385
WBGene00020076.,1,1,2
WBGene00020077.,0,1,1
WBGene00020078.,7,5,12
WBGene00020080.,31,42,73
WBGene00020081.,9,0,9
WBGene00020082.,258,1373,1631
WBGene00020083.,0,3,3
WBGene00020084.,3,4,7
WBGene00020086.,110,139,249
WBGene00020087.,202,624,826
WBGene00020088.,54,283,337
WBGene00020089.,385,522,907
WBGene00020090.,339,1351,1690
WBGene00020091.,61,865,926
WBGene00020092.,454,4544,4998
WBGene00020093.,111,832,943
WBGene00020094.,68,1315,1383
WBGene00020095.,94,1709,1803
WBGene00020096.,1,653,654
WBGene00020097.,616,6914,7530
WBGene00020098.,37,1137,1174
WBGene00020099.,88,840,928
WBGene00020100.,52,205,257
WBGene00020101.,102,677,779
WBGene00020102.,143,1099,1242
WBGene00020103.,18,469,487
WBGene00020104.,54,584,638
WBGene00020105.,11,1,12
WBGene00020106.,401,3169,3570
WBGene00020107.,79,2995,3074
WBGene00020109.,32,1672,1704
WBGene00020110.,185,2184,2369
WBGene00020111.,81,1318,1399
WBGene00020112.,1297,12700,13997
WBGene00020113.,0,713,713
WBGene00020114.,4826,11072,15898
WBGene00020115.,739,4253,4992
WBGene00020116.,14,28,42
WBGene00020117.,4,17,21
WBGene00020118.,0,4,4
WBGene00020119.,1,5,6
WBGene00020120.,0,2,2
WBGene00020121.,4,4,8
WBGene00020122.,15,9,24
WBGene00020123.,0,7,7
WBGene00020125.,25,258,283
WBGene00020126.,99,2890,2989
WBGene00020127.,1,1,2
WBGene00020128.,168,10,178
WBGene00020129.,2,3,5
WBGene00020130.,79,212,291
WBGene00020131.,1989,5572,7561
WBGene00020134.,264,599,863
WBGene00020135.,259,6596,6855
WBGene00020136.,5,70,75
WBGene00020137.,54,714,768
WBGene00020138.,25,177,202
WBGene00020139.,7,78,85
WBGene00020140.,0,2,2
WBGene00020141.,81,1117,1198
WBGene00020142.,519,3900,4419
WBGene00020143.,441,7898,8339
WBGene00020144.,31,246,277
WBGene00020145.,32,9,41
WBGene00020146.,111,8059,8170
WBGene00020148.,25,1100,1125
WBGene00020149.,22,210,232
WBGene00020150.,4,3,7
WBGene00020151.,5,111,116
WBGene00020152.,102,302,404
WBGene00020153.,153,1084,1237
WBGene00020154.,2,12,14
WBGene00020155.,8,8683,8691
WBGene00020156.,56,6241,6297
WBGene00020157.,117,258,375
WBGene00020158.,495,9796,10291
WBGene00020160.,219,813,1032
WBGene00020163.,360,1302,1662
WBGene00020164.,13,48,61
WBGene00020166.,30,812,842
WBGene00020167.,2,4,6
WBGene00020168.,20,409,429
WBGene00020169.,22,886,908
WBGene00020170.,997,531,1528
WBGene00020171.,903,2006,2909
WBGene00020172.,122,486,608
WBGene00020173.,0,7,7
WBGene00020174.,0,0,0
WBGene00020175.,51,97,148
WBGene00020176.,0,4,4
WBGene00020177.,2,4,6
WBGene00020178.,1,0,1
WBGene00020179.,5,16,21
WBGene00020180.,1,0,1
WBGene00020181.,2769,25778,28547
WBGene00020182.,12,11,23
WBGene00020183.,27,491,518
WBGene00020184.,12,495,507
WBGene00020185.,7,4357,4364
WBGene00020187.,8,66,74
WBGene00020188.,51,874,925
WBGene00020189.,276,800,1076
WBGene00020190.,429,4488,4917
WBGene00020191.,51,423,474
WBGene00020192.,566,84521,85087
WBGene00020193.,33,538,571
WBGene00020194.,23,227,250
WBGene00020195.,28,3098,3126
WBGene00020196.,205,394,599
WBGene00020197.,64,998,1062
WBGene00020199.,13,351,364
WBGene00020200.,483,8444,8927
WBGene00020201.,7,44,51
WBGene00020202.,0,3,3
WBGene00020203.,29,2,31
WBGene00020204.,3,6,9
WBGene00020205.,0,14,14
WBGene00020207.,238,741,979
WBGene00020208.,1828,5732,7560
WBGene00020209.,1332,5155,6487
WBGene00020210.,0,6,6
WBGene00020211.,0,3,3
WBGene00020212.,37,48,85
WBGene00020214.,47,623,670
WBGene00020215.,82,1084,1166
WBGene00020216.,12,1783,1795
WBGene00020217.,9,1,10
WBGene00020218.,4,23,27
WBGene00020219.,145,1349,1494
WBGene00020220.,23,394,417
WBGene00020221.,0,0,0
WBGene00020222.,15,228,243
WBGene00020223.,3,42,45
WBGene00020224.,132,995,1127
WBGene00020225.,60,43,103
WBGene00020227.,3,5,8
WBGene00020228.,0,9,9
WBGene00020229.,110,7438,7548
WBGene00020230.,316,1157,1473
WBGene00020231.,45,170,215
WBGene00020232.,0,3,3
WBGene00020233.,7,83,90
WBGene00020234.,651,4525,5176
WBGene00020235.,355,1426,1781
WBGene00020236.,107,197,304
WBGene00020237.,0,801,801
WBGene00020238.,2,23,25
WBGene00020239.,1,3,4
WBGene00020240.,0,12,12
WBGene00020241.,0,3,3
WBGene00020242.,2,971,973
WBGene00020243.,2,30,32
WBGene00020244.,1,28,29
WBGene00020245.,34,181,215
WBGene00020246.,164,8589,8753
WBGene00020247.,5,34,39
WBGene00020248.,26,522,548
WBGene00020249.,145,585,730
WBGene00020250.,5,20,25
WBGene00020251.,706,2900,3606
WBGene00020252.,7,34,41
WBGene00020254.,15,25,40
WBGene00020256.,28,241,269
WBGene00020258.,54,284,338
WBGene00020259.,85,1281,1366
WBGene00020260.,305,2998,3303
WBGene00020261.,0,21,21
WBGene00020262.,124,178,302
WBGene00020263.,189,1163,1352
WBGene00020264.,59,596,655
WBGene00020265.,1,6,7
WBGene00020266.,7,35,42
WBGene00020267.,7,45,52
WBGene00020268.,138,1368,1506
WBGene00020269.,426,2285,2711
WBGene00020270.,6,22,28
WBGene00020271.,7,3,10
WBGene00020273.,291,1523,1814
WBGene00020274.,50,1238,1288
WBGene00020275.,2582,32245,34827
WBGene00020276.,5,1606,1611
WBGene00020277.,4,3,7
WBGene00020279.,525,933,1458
WBGene00020280.,28,241,269
WBGene00020281.,9,14,23
WBGene00020282.,3,1,4
WBGene00020283.,27,56,83
WBGene00020284.,681,2713,3394
WBGene00020285.,4,45,49
WBGene00020286.,24,3298,3322
WBGene00020287.,88,3043,3131
WBGene00020288.,10,6,16
WBGene00020289.,1,15,16
WBGene00020290.,0,2,2
WBGene00020291.,2,10,12
WBGene00020292.,4,0,4
WBGene00020293.,1,2,3
WBGene00020294.,876,1311,2187
WBGene00020295.,42,241,283
WBGene00020296.,120,2236,2356
WBGene00020297.,5834,86559,92393
WBGene00020298.,208,2392,2600
WBGene00020299.,207,1115,1322
WBGene00020300.,8,270,278
WBGene00020301.,412,2194,2606
WBGene00020302.,0,149,149
WBGene00020304.,1,0,1
WBGene00020305.,2,1,3
WBGene00020306.,27,3,30
WBGene00020307.,209,1482,1691
WBGene00020308.,31,55,86
WBGene00020309.,9,7,16
WBGene00020311.,1,98,99
WBGene00020313.,14,228,242
WBGene00020314.,42,415,457
WBGene00020315.,112,4197,4309
WBGene00020316.,229,1573,1802
WBGene00020317.,254,16997,17251
WBGene00020318.,11,47,58
WBGene00020319.,12,186,198
WBGene00020320.,18,510,528
WBGene00020321.,38,1749,1787
WBGene00020322.,12,991,1003
WBGene00020323.,30,75,105
WBGene00020324.,430,1940,2370
WBGene00020325.,9,165,174
WBGene00020326.,11,156,167
WBGene00020327.,0,10,10
WBGene00020328.,1,4,5
WBGene00020329.,36,686,722
WBGene00020330.,17,209,226
WBGene00020333.,2,11,13
WBGene00020334.,191,2594,2785
WBGene00020335.,25,287,312
WBGene00020338.,4,6,10
WBGene00020339.,12,975,987
WBGene00020340.,102,990,1092
WBGene00020341.,148,1511,1659
WBGene00020342.,1,6,7
WBGene00020343.,27,284,311
WBGene00020345.,8,49,57
WBGene00020346.,460,3004,3464
WBGene00020347.,381,3365,3746
WBGene00020348.,13,1247,1260
WBGene00020349.,21,199,220
WBGene00020350.,0,0,0
WBGene00020351.,0,0,0
WBGene00020352.,10,27,37
WBGene00020353.,2,7,9
WBGene00020354.,0,13,13
WBGene00020356.,6,12,18
WBGene00020357.,16,36,52
WBGene00020358.,7,266,273
WBGene00020359.,3,285,288
WBGene00020360.,299,1350,1649
WBGene00020361.,70,40,110
WBGene00020362.,0,7,7
WBGene00020363.,128,1662,1790
WBGene00020364.,3,44,47
WBGene00020365.,32,26,58
WBGene00020366.,348,4091,4439
WBGene00020368.,65,1452,1517
WBGene00020369.,277,5237,5514
WBGene00020370.,7,158,165
WBGene00020371.,0,2,2
WBGene00020372.,29,63,92
WBGene00020373.,18,7579,7597
WBGene00020374.,2139,2793,4932
WBGene00020375.,3,349,352
WBGene00020376.,54,731,785
WBGene00020377.,31,277,308
WBGene00020378.,117,1162,1279
WBGene00020379.,56,1803,1859
WBGene00020380.,665,888,1553
WBGene00020381.,21,101,122
WBGene00020382.,209,3543,3752
WBGene00020383.,253,1431,1684
WBGene00020384.,6,13,19
WBGene00020385.,344,250,594
WBGene00020386.,3,37,40
WBGene00020388.,22,42,64
WBGene00020389.,451,9575,10026
WBGene00020390.,116,2288,2404
WBGene00020391.,64,15643,15707
WBGene00020392.,55,1102,1157
WBGene00020393.,17,2341,2358
WBGene00020394.,18,262,280
WBGene00020396.,50,234,284
WBGene00020397.,663,11502,12165
WBGene00020398.,187,2356,2543
WBGene00020399.,189,1585,1774
WBGene00020400.,6,8,14
WBGene00020401.,48,330,378
WBGene00020402.,89,1901,1990
WBGene00020403.,338,2062,2400
WBGene00020404.,95,1536,1631
WBGene00020406.,1,0,1
WBGene00020407.,49,1237,1286
WBGene00020408.,138,527,665
WBGene00020409.,1,4,5
WBGene00020410.,0,2,2
WBGene00020411.,32,933,965
WBGene00020412.,100,1344,1444
WBGene00020413.,100,776,876
WBGene00020414.,4,2,6
WBGene00020415.,12,69,81
WBGene00020416.,0,0,0
WBGene00020417.,53,10402,10455
WBGene00020418.,24,155,179
WBGene00020419.,12,88,100
WBGene00020420.,6,85,91
WBGene00020421.,22,34,56
WBGene00020422.,47,799,846
WBGene00020423.,13,2258,2271
WBGene00020424.,1,57,58
WBGene00020425.,88,1291,1379
WBGene00020426.,5,284,289
WBGene00020427.,74,730,804
WBGene00020428.,0,12,12
WBGene00020430.,17,15,32
WBGene00020431.,2,14,16
WBGene00020432.,10,7,17
WBGene00020433.,0,1,1
WBGene00020434.,0,1,1
WBGene00020435.,4,8,12
WBGene00020436.,459,450,909
WBGene00020437.,16,1933,1949
WBGene00020438.,0,1,1
WBGene00020439.,0,4,4
WBGene00020440.,0,7,7
WBGene00020441.,78,897,975
WBGene00020442.,67,1759,1826
WBGene00020443.,196,1106,1302
WBGene00020444.,31,135,166
WBGene00020445.,16,117,133
WBGene00020446.,60,2861,2921
WBGene00020447.,309,2880,3189
WBGene00020448.,4,43,47
WBGene00020449.,11,319,330
WBGene00020450.,19,923,942
WBGene00020451.,23,313,336
WBGene00020452.,0,1,1
WBGene00020453.,9,130,139
WBGene00020454.,0,2,2
WBGene00020455.,47,1020,1067
WBGene00020456.,18,432,450
WBGene00020457.,22,971,993
WBGene00020458.,4,67,71
WBGene00020459.,0,1,1
WBGene00020460.,3,32,35
WBGene00020461.,67,295,362
WBGene00020462.,231,1405,1636
WBGene00020463.,41,1241,1282
WBGene00020464.,16,853,869
WBGene00020465.,30,4,34
WBGene00020466.,19,813,832
WBGene00020467.,17,152,169
WBGene00020468.,2,6,8
WBGene00020469.,0,0,0
WBGene00020471.,21,52,73
WBGene00020472.,1,0,1
WBGene00020473.,8,2,10
WBGene00020474.,30,136,166
WBGene00020475.,206,3178,3384
WBGene00020476.,7,0,7
WBGene00020478.,61,28,89
WBGene00020479.,30,174,204
WBGene00020480.,114,1346,1460
WBGene00020481.,295,3570,3865
WBGene00020482.,31,117,148
WBGene00020483.,0,8,8
WBGene00020484.,4,6,10
WBGene00020485.,10,55,65
WBGene00020486.,59,486,545
WBGene00020487.,0,2,2
WBGene00020488.,3,121,124
WBGene00020489.,152,370,522
WBGene00020490.,187,517,704
WBGene00020491.,41,611,652
WBGene00020492.,8,4,12
WBGene00020494.,30,73,103
WBGene00020496.,336,4390,4726
WBGene00020497.,6,2670,2676
WBGene00020498.,117,1361,1478
WBGene00020499.,110,647,757
WBGene00020500.,123,1892,2015
WBGene00020501.,13,74,87
WBGene00020502.,212,969,1181
WBGene00020503.,22,32,54
WBGene00020504.,878,1944,2822
WBGene00020505.,8,48,56
WBGene00020506.,149,259,408
WBGene00020507.,49,4356,4405
WBGene00020508.,19,665,684
WBGene00020509.,352,993,1345
WBGene00020510.,40,1315,1355
WBGene00020511.,104,3199,3303
WBGene00020515.,0,6,6
WBGene00020516.,67,936,1003
WBGene00020517.,73,5785,5858
WBGene00020520.,15,6,21
WBGene00020522.,25,91,116
WBGene00020523.,2,3,5
WBGene00020524.,11,15,26
WBGene00020525.,1,1,2
WBGene00020526.,2,4,6
WBGene00020527.,32,97,129
WBGene00020528.,61,70,131
WBGene00020530.,605,2246,2851
WBGene00020531.,3,10,13
WBGene00020532.,16,108,124
WBGene00020533.,1,0,1
WBGene00020534.,0,1,1
WBGene00020535.,0,0,0
WBGene00020536.,0,2,2
WBGene00020537.,0,2,2
WBGene00020539.,0,0,0
WBGene00020540.,50,761,811
WBGene00020541.,0,3,3
WBGene00020542.,2,4,6
WBGene00020543.,5,2,7
WBGene00020544.,4,27,31
WBGene00020545.,0,2,2
WBGene00020546.,3,3,6
WBGene00020547.,2,1,3
WBGene00020548.,0,0,0
WBGene00020549.,3,1415,1418
WBGene00020550.,1,21,22
WBGene00020551.,16,150,166
WBGene00020553.,82,2966,3048
WBGene00020554.,33,126,159
WBGene00020555.,21,258,279
WBGene00020556.,75,442,517
WBGene00020557.,339,3306,3645
WBGene00020558.,91,811,902
WBGene00020559.,26,107,133
WBGene00020560.,39,10,49
WBGene00020561.,153,1195,1348
WBGene00020562.,175,3963,4138
WBGene00020563.,140,1719,1859
WBGene00020564.,34,299,333
WBGene00020565.,10,678,688
WBGene00020566.,43,265,308
WBGene00020567.,25,80,105
WBGene00020568.,247,2418,2665
WBGene00020569.,19,73,92
WBGene00020571.,16,52,68
WBGene00020572.,88,638,726
WBGene00020573.,39,434,473
WBGene00020574.,28,261,289
WBGene00020575.,73,265,338
WBGene00020576.,2,163,165
WBGene00020577.,57,2003,2060
WBGene00020578.,7,113,120
WBGene00020579.,113,743,856
WBGene00020580.,2,85,87
WBGene00020581.,362,1853,2215
WBGene00020582.,15,395,410
WBGene00020583.,2,25,27
WBGene00020584.,10,3,13
WBGene00020585.,262,5431,5693
WBGene00020586.,116,618,734
WBGene00020587.,8,102,110
WBGene00020588.,237,4859,5096
WBGene00020589.,159,410,569
WBGene00020590.,39,31,70
WBGene00020591.,91,72,163
WBGene00020592.,88,622,710
WBGene00020593.,31,433,464
WBGene00020594.,0,9,9
WBGene00020595.,204,1947,2151
WBGene00020596.,147,1781,1928
WBGene00020598.,4,15,19
WBGene00020599.,69,283,352
WBGene00020600.,152,951,1103
WBGene00020601.,44,2202,2246
WBGene00020602.,4,11,15
WBGene00020603.,0,0,0
WBGene00020604.,48,4218,4266
WBGene00020605.,45,467,512
WBGene00020607.,2,7,9
WBGene00020608.,3,7,10
WBGene00020609.,5,4,9
WBGene00020611.,51,6,57
WBGene00020612.,11,123,134
WBGene00020613.,0,4,4
WBGene00020614.,4,2,6
WBGene00020615.,2,1,3
WBGene00020616.,0,1,1
WBGene00020617.,1,2,3
WBGene00020618.,2,1,3
WBGene00020619.,52,133,185
WBGene00020620.,2,0,2
WBGene00020622.,1,2,3
WBGene00020623.,0,2,2
WBGene00020624.,2,0,2
WBGene00020625.,11,680,691
WBGene00020626.,28,251,279
WBGene00020627.,66,115,181
WBGene00020628.,123,1634,1757
WBGene00020629.,82,2062,2144
WBGene00020630.,78,734,812
WBGene00020631.,0,20,20
WBGene00020632.,115,277,392
WBGene00020633.,54,535,589
WBGene00020634.,33,218,251
WBGene00020635.,7,11,18
WBGene00020636.,43,5828,5871
WBGene00020637.,3,30,33
WBGene00020638.,5,69,74
WBGene00020639.,1,15,16
WBGene00020640.,0,24,24
WBGene00020641.,1,4,5
WBGene00020642.,4,13,17
WBGene00020645.,0,1,1
WBGene00020646.,7,51,58
WBGene00020647.,114,2496,2610
WBGene00020648.,74,340,414
WBGene00020649.,330,1552,1882
WBGene00020650.,1,18,19
WBGene00020651.,105,1451,1556
WBGene00020652.,61,938,999
WBGene00020653.,4,12,16
WBGene00020655.,9,9,18
WBGene00020656.,2,4,6
WBGene00020657.,106,173,279
WBGene00020658.,42,1345,1387
WBGene00020659.,3,6,9
WBGene00020660.,0,3,3
WBGene00020661.,0,2,2
WBGene00020662.,771,12440,13211
WBGene00020663.,79,454,533
WBGene00020664.,130,141,271
WBGene00020665.,2,2,4
WBGene00020666.,1,6,7
WBGene00020667.,6,10,16
WBGene00020669.,13,1,14
WBGene00020670.,0,1,1
WBGene00020672.,305,40,345
WBGene00020673.,50,763,813
WBGene00020674.,3,25,28
WBGene00020675.,24,91,115
WBGene00020678.,1060,7770,8830
WBGene00020679.,295,12938,13233
WBGene00020680.,0,2,2
WBGene00020682.,238,2354,2592
WBGene00020683.,22,3117,3139
WBGene00020684.,19,655,674
WBGene00020686.,45,12,57
WBGene00020687.,52,1802,1854
WBGene00020688.,9,22,31
WBGene00020689.,236,731,967
WBGene00020690.,82,529,611
WBGene00020691.,9,9,18
WBGene00020692.,14,111,125
WBGene00020693.,94,441,535
WBGene00020694.,83,182,265
WBGene00020695.,176,5099,5275
WBGene00020696.,215,5900,6115
WBGene00020697.,136,215,351
WBGene00020698.,10,33,43
WBGene00020699.,24,121,145
WBGene00020700.,1,20,21
WBGene00020701.,66,530,596
WBGene00020702.,20,33,53
WBGene00020703.,131,1742,1873
WBGene00020705.,771,4254,5025
WBGene00020706.,911,2487,3398
WBGene00020707.,6,11,17
WBGene00020708.,11,189,200
WBGene00020709.,21,1739,1760
WBGene00020710.,38,4679,4717
WBGene00020711.,0,0,0
WBGene00020712.,112,316,428
WBGene00020713.,8,27,35
WBGene00020714.,90,2168,2258
WBGene00020715.,0,0,0
WBGene00020716.,34,340,374
WBGene00020717.,108,987,1095
WBGene00020718.,22,1099,1121
WBGene00020719.,48,2080,2128
WBGene00020720.,10,132,142
WBGene00020721.,68,758,826
WBGene00020722.,373,7477,7850
WBGene00020725.,47,1140,1187
WBGene00020726.,49,486,535
WBGene00020727.,30,237,267
WBGene00020728.,60,28,88
WBGene00020729.,78,369,447
WBGene00020730.,19,266,285
WBGene00020732.,587,7178,7765
WBGene00020735.,296,1913,2209
WBGene00020736.,1669,3779,5448
WBGene00020737.,103,329,432
WBGene00020738.,43,1782,1825
WBGene00020739.,14,19,33
WBGene00020740.,103,2867,2970
WBGene00020741.,8,365,373
WBGene00020742.,183,1431,1614
WBGene00020743.,22,337,359
WBGene00020744.,10,414,424
WBGene00020746.,10,21,31
WBGene00020747.,5,64,69
WBGene00020748.,51,302,353
WBGene00020749.,7,19,26
WBGene00020750.,7,40,47
WBGene00020751.,0,4,4
WBGene00020752.,0,3,3
WBGene00020753.,0,2,2
WBGene00020754.,0,0,0
WBGene00020755.,1,9,10
WBGene00020756.,48,752,800
WBGene00020757.,64,1702,1766
WBGene00020758.,125,480,605
WBGene00020759.,43,382,425
WBGene00020760.,296,2276,2572
WBGene00020761.,99,1085,1184
WBGene00020762.,260,4114,4374
WBGene00020763.,63,1336,1399
WBGene00020764.,14,41,55
WBGene00020765.,85,276,361
WBGene00020766.,1,22,23
WBGene00020767.,78,1219,1297
WBGene00020769.,26,38,64
WBGene00020770.,433,314,747
WBGene00020771.,0,5,5
WBGene00020772.,2,8,10
WBGene00020773.,2,5,7
WBGene00020774.,84,500,584
WBGene00020775.,12,10,22
WBGene00020777.,96,504,600
WBGene00020778.,16,82,98
WBGene00020779.,285,2863,3148
WBGene00020781.,307,7883,8190
WBGene00020782.,41,500,541
WBGene00020783.,61,469,530
WBGene00020784.,71,558,629
WBGene00020785.,5,14,19
WBGene00020786.,56,426,482
WBGene00020787.,9,9,18
WBGene00020788.,12,143,155
WBGene00020789.,6,21,27
WBGene00020790.,23,239,262
WBGene00020791.,2,36,38
WBGene00020792.,12,148,160
WBGene00020793.,18,10,28
WBGene00020794.,10,12,22
WBGene00020795.,108,57,165
WBGene00020796.,33,2446,2479
WBGene00020797.,7,25,32
WBGene00020798.,108,388,496
WBGene00020799.,58,1804,1862
WBGene00020800.,27,266,293
WBGene00020801.,16,601,617
WBGene00020802.,2,19,21
WBGene00020803.,4,62,66
WBGene00020804.,5,55,60
WBGene00020805.,0,14,14
WBGene00020806.,57,519,576
WBGene00020807.,33,132,165
WBGene00020808.,5423,71091,76514
WBGene00020809.,11,16,27
WBGene00020811.,134,1273,1407
WBGene00020812.,554,7366,7920
WBGene00020813.,13,40,53
WBGene00020817.,0,6,6
WBGene00020819.,64,1167,1231
WBGene00020820.,26,898,924
WBGene00020821.,159,3742,3901
WBGene00020822.,174,1212,1386
WBGene00020823.,60,460,520
WBGene00020824.,273,1974,2247
WBGene00020825.,67,488,555
WBGene00020826.,41,81,122
WBGene00020827.,608,3419,4027
WBGene00020829.,12,0,12
WBGene00020830.,108,752,860
WBGene00020831.,148,4415,4563
WBGene00020832.,16,12,28
WBGene00020833.,4,99,103
WBGene00020834.,25,29,54
WBGene00020835.,105,5,110
WBGene00020836.,22,746,768
WBGene00020837.,8,584,592
WBGene00020838.,155,3234,3389
WBGene00020839.,76,1042,1118
WBGene00020840.,0,110,110
WBGene00020841.,4,5,9
WBGene00020842.,38,633,671
WBGene00020843.,13,653,666
WBGene00020844.,0,126,126
WBGene00020845.,1,4,5
WBGene00020846.,146,1433,1579
WBGene00020847.,148,1714,1862
WBGene00020849.,75,505,580
WBGene00020850.,31,185,216
WBGene00020851.,9,79,88
WBGene00020852.,298,2608,2906
WBGene00020853.,14,118,132
WBGene00020854.,604,19034,19638
WBGene00020855.,100,94,194
WBGene00020856.,19,42,61
WBGene00020857.,47,75,122
WBGene00020858.,103,382,485
WBGene00020859.,135,869,1004
WBGene00020860.,0,55,55
WBGene00020861.,154,746,900
WBGene00020862.,3275,54388,57663
WBGene00020863.,63,141,204
WBGene00020864.,214,501,715
WBGene00020865.,442,4196,4638
WBGene00020866.,309,1159,1468
WBGene00020867.,503,2956,3459
WBGene00020868.,1133,12390,13523
WBGene00020869.,120,2720,2840
WBGene00020870.,4,49,53
WBGene00020871.,0,2,2
WBGene00020872.,12,130,142
WBGene00020873.,85,725,810
WBGene00020874.,7,23,30
WBGene00020875.,1,17,18
WBGene00020877.,2,23,25
WBGene00020878.,18,316,334
WBGene00020879.,2,22,24
WBGene00020880.,2,5,7
WBGene00020881.,13,195,208
WBGene00020882.,6,4,10
WBGene00020883.,12,539,551
WBGene00020884.,484,2678,3162
WBGene00020885.,32,20,52
WBGene00020886.,521,41385,41906
WBGene00020887.,782,6440,7222
WBGene00020888.,1,5,6
WBGene00020889.,2,46,48
WBGene00020890.,2,2,4
WBGene00020891.,442,3159,3601
WBGene00020892.,7,9,16
WBGene00020893.,11,33,44
WBGene00020894.,1565,57663,59228
WBGene00020895.,556,2813,3369
WBGene00020896.,3,1504,1507
WBGene00020897.,247,662,909
WBGene00020898.,3,106,109
WBGene00020899.,0,3,3
WBGene00020900.,10,25,35
WBGene00020901.,118,1085,1203
WBGene00020902.,176,435,611
WBGene00020903.,74,264,338
WBGene00020904.,39,244,283
WBGene00020905.,0,2,2
WBGene00020906.,1,35,36
WBGene00020908.,33,219,252
WBGene00020909.,210,2588,2798
WBGene00020910.,48,642,690
WBGene00020911.,18,108,126
WBGene00020912.,171,5901,6072
WBGene00020913.,3,16,19
WBGene00020914.,26,24,50
WBGene00020915.,62,8134,8196
WBGene00020917.,368,5991,6359
WBGene00020918.,5,1,6
WBGene00020919.,28,231,259
WBGene00020920.,49,162,211
WBGene00020921.,46,996,1042
WBGene00020922.,0,2,2
WBGene00020923.,0,11,11
WBGene00020924.,20,151,171
WBGene00020927.,126,0,126
WBGene00020929.,293,3298,3591
WBGene00020930.,5129,13015,18144
WBGene00020931.,85,16817,16902
WBGene00020932.,411,2402,2813
WBGene00020933.,67,1876,1943
WBGene00020935.,208,2026,2234
WBGene00020936.,78,1163,1241
WBGene00020937.,15,850,865
WBGene00020938.,13,72,85
WBGene00020939.,48,990,1038
WBGene00020940.,0,2,2
WBGene00020941.,11,91,102
WBGene00020942.,341,3001,3342
WBGene00020943.,23,115,138
WBGene00020944.,3,7,10
WBGene00020945.,56,0,56
WBGene00020946.,399,8665,9064
WBGene00020947.,297,260,557
WBGene00020948.,21,337,358
WBGene00020949.,24,690,714
WBGene00020950.,179,11750,11929
WBGene00020951.,326,5731,6057
WBGene00020952.,341,474,815
WBGene00020953.,0,28,28
WBGene00020954.,177,2282,2459
WBGene00020955.,572,448,1020
WBGene00020957.,266,439,705
WBGene00020961.,14,7,21
WBGene00020962.,56,541,597
WBGene00020964.,226,1793,2019
WBGene00020966.,16,42,58
WBGene00020967.,10,95,105
WBGene00020970.,142,862,1004
WBGene00020971.,0,0,0
WBGene00020972.,11,60,71
WBGene00020973.,6,108,114
WBGene00020974.,0,0,0
WBGene00020976.,16,75,91
WBGene00020977.,28,12,40
WBGene00020978.,3,1,4
WBGene00020979.,0,0,0
WBGene00020981.,34,329,363
WBGene00020982.,2,1,3
WBGene00020983.,14,6,20
WBGene00020984.,1,4,5
WBGene00020985.,12,447,459
WBGene00020986.,17,15,32
WBGene00020987.,5,28,33
WBGene00020988.,0,12,12
WBGene00020989.,6,50,56
WBGene00020990.,0,3,3
WBGene00020991.,0,2,2
WBGene00020992.,3,7,10
WBGene00020993.,36,1357,1393
WBGene00020994.,35,3330,3365
WBGene00020995.,346,5762,6108
WBGene00020997.,99,273,372
WBGene00020999.,111,589,700
WBGene00021000.,30,1219,1249
WBGene00021001.,35,54,89
WBGene00021002.,52,298,350
WBGene00021003.,0,15,15
WBGene00021004.,238,3462,3700
WBGene00021005.,7,19,26
WBGene00021006.,0,1,1
WBGene00021007.,0,16,16
WBGene00021008.,16,39,55
WBGene00021009.,2209,4151,6360
WBGene00021010.,3,2,5
WBGene00021011.,0,4690,4690
WBGene00021012.,80,912,992
WBGene00021013.,0,66,66
WBGene00021014.,16,861,877
WBGene00021015.,1,245,246
WBGene00021016.,5,7,12
WBGene00021017.,34,242,276
WBGene00021018.,0,10,10
WBGene00021019.,42,120,162
WBGene00021020.,1735,3518,5253
WBGene00021021.,340,1359,1699
WBGene00021022.,526,1341,1867
WBGene00021023.,2,793,795
WBGene00021024.,247,3642,3889
WBGene00021025.,17,34,51
WBGene00021026.,145,2610,2755
WBGene00021027.,54,236,290
WBGene00021028.,22,27,49
WBGene00021029.,0,29,29
WBGene00021030.,2,6,8
WBGene00021031.,11,149,160
WBGene00021032.,9,4,13
WBGene00021033.,0,9,9
WBGene00021034.,2,10,12
WBGene00021035.,30,489,519
WBGene00021036.,1287,9373,10660
WBGene00021037.,48,497,545
WBGene00021038.,254,1820,2074
WBGene00021039.,47,518,565
WBGene00021040.,23,318,341
WBGene00021041.,9,3,12
WBGene00021042.,10,114,124
WBGene00021043.,615,30329,30944
WBGene00021044.,173,1210,1383
WBGene00021045.,2,9,11
WBGene00021046.,101,778,879
WBGene00021047.,511,3775,4286
WBGene00021048.,564,4797,5361
WBGene00021049.,122,1235,1357
WBGene00021050.,0,87079,87079
WBGene00021051.,74,1108,1182
WBGene00021052.,29,209,238
WBGene00021053.,1,49,50
WBGene00021054.,0,8,8
WBGene00021055.,99,397,496
WBGene00021056.,29,315,344
WBGene00021057.,51,1931,1982
WBGene00021058.,276,787,1063
WBGene00021059.,264,1420,1684
WBGene00021060.,204,1816,2020
WBGene00021061.,86,807,893
WBGene00021063.,58,897,955
WBGene00021066.,3,359,362
WBGene00021067.,8,14,22
WBGene00021068.,857,3582,4439
WBGene00021070.,24,99,123
WBGene00021072.,23,50,73
WBGene00021073.,120,2526,2646
WBGene00021074.,116,4124,4240
WBGene00021075.,5202,931,6133
WBGene00021076.,75,959,1034
WBGene00021078.,1119,5192,6311
WBGene00021079.,1919,18015,19934
WBGene00021080.,444,1498,1942
WBGene00021081.,55,45,100
WBGene00021082.,12,891,903
WBGene00021083.,3,3,6
WBGene00021084.,0,1,1
WBGene00021085.,0,0,0
WBGene00021086.,0,0,0
WBGene00021087.,2,18,20
WBGene00021088.,24,2265,2289
WBGene00021089.,46,4940,4986
WBGene00021090.,7,0,7
WBGene00021091.,0,2,2
WBGene00021092.,0,4,4
WBGene00021093.,34,1870,1904
WBGene00021094.,48,194,242
WBGene00021095.,27,21,48
WBGene00021096.,35,4,39
WBGene00021097.,99,2160,2259
WBGene00021098.,0,0,0
WBGene00021099.,4,19,23
WBGene00021100.,25,41,66
WBGene00021101.,8,11,19
WBGene00021103.,311,2177,2488
WBGene00021104.,282,1104,1386
WBGene00021106.,0,0,0
WBGene00021107.,0,0,0
WBGene00021108.,0,0,0
WBGene00021109.,0,2,2
WBGene00021110.,4,16,20
WBGene00021111.,23,142,165
WBGene00021112.,8,1388,1396
WBGene00021113.,0,0,0
WBGene00021114.,0,105,105
WBGene00021115.,1,6,7
WBGene00021116.,123,802,925
WBGene00021117.,2,26,28
WBGene00021118.,10,16,26
WBGene00021120.,2,10,12
WBGene00021121.,184,4631,4815
WBGene00021122.,2,0,2
WBGene00021123.,34,993,1027
WBGene00021124.,73,184,257
WBGene00021125.,41,135,176
WBGene00021127.,49,1687,1736
WBGene00021128.,90,1135,1225
WBGene00021129.,11,18,29
WBGene00021130.,19,23,42
WBGene00021131.,106,746,852
WBGene00021132.,204,1071,1275
WBGene00021133.,93,1048,1141
WBGene00021134.,39,484,523
WBGene00021135.,7,67,74
WBGene00021136.,1,10,11
WBGene00021137.,1,1,2
WBGene00021138.,0,1,1
WBGene00021139.,1,0,1
WBGene00021140.,0,0,0
WBGene00021141.,2,1,3
WBGene00021142.,0,0,0
WBGene00021143.,1,3,4
WBGene00021144.,3,0,3
WBGene00021145.,1,0,1
WBGene00021146.,65,228,293
WBGene00021148.,43,378,421
WBGene00021149.,160,1659,1819
WBGene00021150.,0,2,2
WBGene00021151.,3,5,8
WBGene00021152.,129,299,428
WBGene00021153.,6,9,15
WBGene00021154.,5,12,17
WBGene00021155.,17,766,783
WBGene00021156.,69,488,557
WBGene00021157.,22,72,94
WBGene00021158.,0,26,26
WBGene00021159.,68,292,360
WBGene00021160.,61,519,580
WBGene00021161.,538,6649,7187
WBGene00021162.,0,1,1
WBGene00021163.,24,434,458
WBGene00021164.,10,33,43
WBGene00021165.,0,3,3
WBGene00021166.,14,12,26
WBGene00021167.,248,4564,4812
WBGene00021168.,8,115,123
WBGene00021169.,0,1,1
WBGene00021170.,55,1680,1735
WBGene00021171.,396,3656,4052
WBGene00021173.,1,4,5
WBGene00021174.,0,0,0
WBGene00021175.,12,14,26
WBGene00021176.,288,2605,2893
WBGene00021177.,2,0,2
WBGene00021178.,48,612,660
WBGene00021179.,2,1,3
WBGene00021180.,5,17,22
WBGene00021181.,4,2,6
WBGene00021182.,4,12,16
WBGene00021183.,5,50,55
WBGene00021184.,4,1,5
WBGene00021185.,148,846,994
WBGene00021186.,438,722,1160
WBGene00021187.,14,3776,3790
WBGene00021188.,0,0,0
WBGene00021190.,19,232,251
WBGene00021191.,146,1424,1570
WBGene00021192.,57,719,776
WBGene00021193.,5,5,10
WBGene00021195.,9,69,78
WBGene00021196.,11,18,29
WBGene00021197.,2,5,7
WBGene00021198.,8,9,17
WBGene00021199.,13,22,35
WBGene00021200.,91,557,648
WBGene00021201.,51,1920,1971
WBGene00021202.,115,2124,2239
WBGene00021204.,8,147,155
WBGene00021205.,43,1997,2040
WBGene00021207.,18,11,29
WBGene00021208.,141,2367,2508
WBGene00021209.,398,1048,1446
WBGene00021210.,114,1839,1953
WBGene00021212.,21,11,32
WBGene00021213.,82,46,128
WBGene00021214.,17,52,69
WBGene00021215.,173,485,658
WBGene00021216.,0,0,0
WBGene00021217.,0,0,0
WBGene00021218.,0,0,0
WBGene00021219.,0,0,0
WBGene00021220.,0,0,0
WBGene00021221.,0,0,0
WBGene00021222.,0,0,0
WBGene00021223.,0,0,0
WBGene00021224.,0,0,0
WBGene00021225.,0,0,0
WBGene00021226.,0,0,0
WBGene00021227.,0,0,0
WBGene00021228.,0,0,0
WBGene00021230.,6,2,8
WBGene00021232.,17,65,82
WBGene00021233.,7,2,9
WBGene00021234.,15,3,18
WBGene00021235.,8,9,17
WBGene00021236.,0,200,200
WBGene00021237.,656,1192,1848
WBGene00021238.,597,378,975
WBGene00021239.,3286,1105,4391
WBGene00021241.,0,0,0
WBGene00021243.,0,1,1
WBGene00021244.,88,81,169
WBGene00021245.,78,812,890
WBGene00021246.,87,645,732
WBGene00021247.,50,101,151
WBGene00021248.,136,2236,2372
WBGene00021249.,9,15,24
WBGene00021252.,13,6,19
WBGene00021253.,855,18775,19630
WBGene00021254.,245,361,606
WBGene00021256.,56,28,84
WBGene00021257.,14,65,79
WBGene00021259.,45,44,89
WBGene00021260.,429,3033,3462
WBGene00021261.,6,8,14
WBGene00021262.,4,86,90
WBGene00021263.,3,5,8
WBGene00021264.,57,1320,1377
WBGene00021265.,16,131,147
WBGene00021266.,5,1,6
WBGene00021267.,17,138,155
WBGene00021268.,116,4742,4858
WBGene00021269.,63,602,665
WBGene00021270.,9,1529,1538
WBGene00021271.,38,149,187
WBGene00021272.,92,1760,1852
WBGene00021273.,1,1,2
WBGene00021274.,47,570,617
WBGene00021275.,218,320,538
WBGene00021276.,334,602,936
WBGene00021277.,132,2675,2807
WBGene00021278.,34,11,45
WBGene00021279.,4,11,15
WBGene00021280.,0,2,2
WBGene00021281.,2768,8769,11537
WBGene00021282.,18,242,260
WBGene00021284.,7,17,24
WBGene00021285.,0,27,27
WBGene00021286.,243,4132,4375
WBGene00021287.,8,56,64
WBGene00021288.,9,4,13
WBGene00021289.,1,13,14
WBGene00021290.,0,0,0
WBGene00021291.,5,5,10
WBGene00021292.,222,1856,2078
WBGene00021293.,0,5,5
WBGene00021294.,331,869,1200
WBGene00021295.,268,1055,1323
WBGene00021296.,21,1006,1027
WBGene00021297.,12,22,34
WBGene00021298.,7,7,14
WBGene00021299.,0,0,0
WBGene00021300.,0,4,4
WBGene00021301.,16,37,53
WBGene00021302.,3,10,13
WBGene00021303.,0,11,11
WBGene00021304.,78,221,299
WBGene00021305.,1283,1428,2711
WBGene00021309.,34,367,401
WBGene00021310.,10,46,56
WBGene00021311.,89,1400,1489
WBGene00021312.,188,6024,6212
WBGene00021313.,180,1209,1389
WBGene00021314.,57,895,952
WBGene00021315.,74,1354,1428
WBGene00021316.,459,7758,8217
WBGene00021317.,0,0,0
WBGene00021319.,153,744,897
WBGene00021320.,265,1637,1902
WBGene00021321.,57,308,365
WBGene00021322.,441,5491,5932
WBGene00021323.,42,520,562
WBGene00021324.,111,709,820
WBGene00021325.,249,2759,3008
WBGene00021326.,19,147,166
WBGene00021327.,1296,3383,4679
WBGene00021328.,60,534,594
WBGene00021329.,169,1462,1631
WBGene00021331.,60,1744,1804
WBGene00021332.,364,362,726
WBGene00021333.,167,601,768
WBGene00021334.,991,1272,2263
WBGene00021335.,0,5,5
WBGene00021336.,22,418,440
WBGene00021337.,6,52,58
WBGene00021338.,48,219,267
WBGene00021339.,8,66,74
WBGene00021340.,473,4144,4617
WBGene00021342.,100,68,168
WBGene00021343.,66,123,189
WBGene00021344.,405,202,607
WBGene00021345.,0,13,13
WBGene00021346.,278,2076,2354
WBGene00021347.,83,1694,1777
WBGene00021348.,116,2329,2445
WBGene00021349.,57,450,507
WBGene00021350.,28063,281076,309139
WBGene00021351.,54,1294,1348
WBGene00021352.,301,4805,5106
WBGene00021353.,174,465,639
WBGene00021354.,21,199,220
WBGene00021355.,1596,11325,12921
WBGene00021357.,131,422,553
WBGene00021358.,6,46,52
WBGene00021359.,147,2269,2416
WBGene00021360.,1,3,4
WBGene00021362.,127,341,468
WBGene00021363.,286,517,803
WBGene00021364.,0,16,16
WBGene00021365.,346,2389,2735
WBGene00021366.,165,1369,1534
WBGene00021367.,25,805,830
WBGene00021368.,9,1,10
WBGene00021369.,597,3063,3660
WBGene00021370.,374,2488,2862
WBGene00021371.,292,3257,3549
WBGene00021372.,17,713,730
WBGene00021373.,15,8,23
WBGene00021374.,149,960,1109
WBGene00021375.,49,1600,1649
WBGene00021376.,117,861,978
WBGene00021377.,73,1883,1956
WBGene00021378.,130,1646,1776
WBGene00021379.,10,105,115
WBGene00021380.,0,0,0
WBGene00021381.,4,28,32
WBGene00021382.,2424,2252,4676
WBGene00021383.,27,29,56
WBGene00021384.,5,13,18
WBGene00021385.,0,5,5
WBGene00021386.,17,24,41
WBGene00021387.,80,489,569
WBGene00021388.,79,482,561
WBGene00021389.,12,19,31
WBGene00021390.,0,11,11
WBGene00021391.,10,937,947
WBGene00021392.,50,1690,1740
WBGene00021394.,301,1504,1805
WBGene00021395.,456,4110,4566
WBGene00021396.,61,199,260
WBGene00021397.,7,144,151
WBGene00021398.,0,4,4
WBGene00021400.,116,925,1041
WBGene00021401.,38,918,956
WBGene00021402.,90,1041,1131
WBGene00021403.,0,0,0
WBGene00021404.,0,0,0
WBGene00021405.,0,0,0
WBGene00021406.,1,0,1
WBGene00021407.,0,0,0
WBGene00021408.,0,0,0
WBGene00021409.,0,0,0
WBGene00021410.,26,21,47
WBGene00021412.,17,40,57
WBGene00021413.,40,5,45
WBGene00021414.,2,5,7
WBGene00021415.,160,1611,1771
WBGene00021416.,69,497,566
WBGene00021417.,51,254,305
WBGene00021418.,37,584,621
WBGene00021419.,41,446,487
WBGene00021420.,5,3322,3327
WBGene00021421.,85,1425,1510
WBGene00021423.,1068,1521,2589
WBGene00021425.,255,772,1027
WBGene00021427.,36,2598,2634
WBGene00021428.,34,53,87
WBGene00021430.,109,220,329
WBGene00021433.,1,5,6
WBGene00021434.,22,37,59
WBGene00021435.,46,31,77
WBGene00021436.,33,42,75
WBGene00021437.,55,41,96
WBGene00021438.,163,241,404
WBGene00021439.,360,845,1205
WBGene00021440.,150,960,1110
WBGene00021441.,65,528,593
WBGene00021442.,88,505,593
WBGene00021443.,603,1865,2468
WBGene00021444.,484,773,1257
WBGene00021446.,532,1313,1845
WBGene00021448.,0,6,6
WBGene00021449.,4,5,9
WBGene00021450.,15,11,26
WBGene00021451.,36,5,41
WBGene00021452.,28,315,343
WBGene00021453.,0,0,0
WBGene00021454.,1,0,1
WBGene00021456.,334,1422,1756
WBGene00021457.,13,19,32
WBGene00021458.,3,2,5
WBGene00021460.,58,687,745
WBGene00021461.,176,269,445
WBGene00021463.,23,37,60
WBGene00021464.,9,80,89
WBGene00021465.,10,643,653
WBGene00021466.,190,5585,5775
WBGene00021467.,29,1134,1163
WBGene00021468.,29,2947,2976
WBGene00021469.,45,10660,10705
WBGene00021470.,68,632,700
WBGene00021471.,5,17,22
WBGene00021472.,4,5,9
WBGene00021473.,364,215,579
WBGene00021474.,1601,4779,6380
WBGene00021475.,165,1812,1977
WBGene00021476.,41,415,456
WBGene00021477.,13,8,21
WBGene00021478.,95,1435,1530
WBGene00021479.,28,15,43
WBGene00021482.,271,2265,2536
WBGene00021483.,4,12,16
WBGene00021484.,0,0,0
WBGene00021485.,10,6,16
WBGene00021486.,307,11524,11831
WBGene00021487.,379,1336,1715
WBGene00021488.,2,0,2
WBGene00021489.,21,0,21
WBGene00021490.,39,68,107
WBGene00021491.,1,78,79
WBGene00021492.,12,60,72
WBGene00021493.,145,1691,1836
WBGene00021494.,38,401,439
WBGene00021495.,6,589,595
WBGene00021496.,11,20,31
WBGene00021497.,218,1289,1507
WBGene00021500.,1,16,17
WBGene00021502.,58,460,518
WBGene00021503.,10,381,391
WBGene00021504.,30,71,101
WBGene00021505.,85,274,359
WBGene00021506.,121,894,1015
WBGene00021507.,1283,2464,3747
WBGene00021508.,105,1575,1680
WBGene00021509.,1007,1316,2323
WBGene00021510.,171,566,737
WBGene00021511.,55,167,222
WBGene00021512.,152,193,345
WBGene00021513.,244,31,275
WBGene00021514.,153,2545,2698
WBGene00021515.,149,1143,1292
WBGene00021516.,28,196,224
WBGene00021517.,14,17,31
WBGene00021518.,4,69,73
WBGene00021519.,1,32,33
WBGene00021520.,1,70,71
WBGene00021521.,22,203,225
WBGene00021522.,1474,2829,4303
WBGene00021524.,52,183,235
WBGene00021525.,29,91,120
WBGene00021526.,55,202,257
WBGene00021527.,298,983,1281
WBGene00021528.,264,709,973
WBGene00021529.,47,474,521
WBGene00021530.,28,6,34
WBGene00021531.,372,2612,2984
WBGene00021532.,47,2264,2311
WBGene00021533.,6,181,187
WBGene00021534.,1011,5349,6360
WBGene00021535.,373,828,1201
WBGene00021536.,36,954,990
WBGene00021537.,14,24,38
WBGene00021538.,77,564,641
WBGene00021539.,219,2459,2678
WBGene00021540.,49,496,545
WBGene00021541.,10,514,524
WBGene00021542.,43,12,55
WBGene00021543.,35,1816,1851
WBGene00021544.,213,1578,1791
WBGene00021545.,784,2851,3635
WBGene00021546.,106,467,573
WBGene00021547.,78,1150,1228
WBGene00021548.,24,1226,1250
WBGene00021549.,794,1019,1813
WBGene00021551.,510,4042,4552
WBGene00021552.,407,2577,2984
WBGene00021553.,11,43,54
WBGene00021554.,189,4569,4758
WBGene00021555.,26,565,591
WBGene00021556.,74,759,833
WBGene00021557.,0,59,59
WBGene00021558.,58,592,650
WBGene00021559.,231,4306,4537
WBGene00021560.,78,216,294
WBGene00021561.,535,1450,1985
WBGene00021562.,580,5683,6263
WBGene00021563.,116,1521,1637
WBGene00021564.,394,662,1056
WBGene00021565.,14,65,79
WBGene00021566.,0,0,0
WBGene00021567.,0,0,0
WBGene00021568.,0,0,0
WBGene00021569.,0,0,0
WBGene00021570.,0,0,0
WBGene00021571.,0,0,0
WBGene00021572.,0,0,0
WBGene00021573.,0,0,0
WBGene00021574.,0,1,1
WBGene00021576.,21,419,440
WBGene00021578.,2,10,12
WBGene00021579.,0,19,19
WBGene00021580.,0,3,3
WBGene00021581.,1,1,2
WBGene00021582.,2,7,9
WBGene00021583.,82,585,667
WBGene00021585.,7,3,10
WBGene00021586.,11,8,19
WBGene00021587.,118,582,700
WBGene00021589.,8,787,795
WBGene00021590.,11,15,26
WBGene00021591.,39,76,115
WBGene00021592.,0,0,0
WBGene00021593.,10,2,12
WBGene00021594.,28,26,54
WBGene00021595.,337,1184,1521
WBGene00021596.,137,651,788
WBGene00021597.,9089,7400,16489
WBGene00021599.,39,134,173
WBGene00021600.,79,1181,1260
WBGene00021601.,22,88,110
WBGene00021602.,21,38,59
WBGene00021603.,9,17,26
WBGene00021604.,1,1,2
WBGene00021605.,46,215,261
WBGene00021606.,49,46,95
WBGene00021607.,0,320,320
WBGene00021608.,1,2,3
WBGene00021609.,23,19,42
WBGene00021610.,32,491,523
WBGene00021611.,173,982,1155
WBGene00021612.,0,9,9
WBGene00021613.,181,1286,1467
WBGene00021614.,284,4145,4429
WBGene00021615.,4,0,4
WBGene00021616.,0,2,2
WBGene00021617.,4,0,4
WBGene00021619.,1,2,3
WBGene00021620.,4,3,7
WBGene00021621.,0,9,9
WBGene00021622.,0,1,1
WBGene00021623.,3,17,20
WBGene00021624.,218,4136,4354
WBGene00021625.,0,97,97
WBGene00021626.,173,619,792
WBGene00021627.,0,3,3
WBGene00021628.,132,909,1041
WBGene00021629.,695,4675,5370
WBGene00021630.,1,3,4
WBGene00021631.,1,0,1
WBGene00021632.,2,0,2
WBGene00021633.,9,20,29
WBGene00021634.,382,1155,1537
WBGene00021635.,157,1570,1727
WBGene00021636.,175,1123,1298
WBGene00021637.,206,1379,1585
WBGene00021638.,162,1649,1811
WBGene00021639.,36,388,424
WBGene00021640.,356,1612,1968
WBGene00021641.,47,25,72
WBGene00021643.,184,1020,1204
WBGene00021644.,144,1833,1977
WBGene00021645.,239,1376,1615
WBGene00021646.,354,1161,1515
WBGene00021647.,507,2544,3051
WBGene00021648.,5,513,518
WBGene00021649.,27,569,596
WBGene00021650.,0,6,6
WBGene00021651.,30,64,94
WBGene00021653.,0,29,29
WBGene00021654.,5,305,310
WBGene00021655.,31,1032,1063
WBGene00021656.,0,4,4
WBGene00021657.,118,446,564
WBGene00021658.,51,1428,1479
WBGene00021660.,342,1522,1864
WBGene00021661.,89,320,409
WBGene00021662.,1,168,169
WBGene00021664.,11,26,37
WBGene00021666.,77,525,602
WBGene00021667.,9,196,205
WBGene00021668.,10,9,19
WBGene00021671.,11,89,100
WBGene00021672.,28,11,39
WBGene00021673.,91,25,116
WBGene00021675.,24,83,107
WBGene00021676.,45,929,974
WBGene00021677.,41,921,962
WBGene00021678.,33,5,38
WBGene00021679.,39,402,441
WBGene00021681.,751,1364,2115
WBGene00021682.,355,1321,1676
WBGene00021683.,248,580,828
WBGene00021685.,1556,1350,2906
WBGene00021686.,908,1699,2607
WBGene00021687.,109,517,626
WBGene00021689.,398,814,1212
WBGene00021690.,5,24,29
WBGene00021691.,327,22448,22775
WBGene00021692.,37,577,614
WBGene00021693.,109,478,587
WBGene00021694.,12,20,32
WBGene00021697.,605,2001,2606
WBGene00021698.,1153,2315,3468
WBGene00021700.,1,13,14
WBGene00021701.,48,46,94
WBGene00021702.,698,2624,3322
WBGene00021703.,10,9,19
WBGene00021704.,100,437,537
WBGene00021706.,17,28,45
WBGene00021707.,3,17,20
WBGene00021708.,2,6,8
WBGene00021709.,26,199,225
WBGene00021710.,4,55,59
WBGene00021711.,4,5,9
WBGene00021713.,0,6,6
WBGene00021714.,120,450,570
WBGene00021715.,253,2971,3224
WBGene00021716.,5,3,8
WBGene00021717.,0,1,1
WBGene00021718.,1,0,1
WBGene00021719.,2,0,2
WBGene00021720.,26,96,122
WBGene00021721.,91,832,923
WBGene00021722.,2,3,5
WBGene00021723.,1,0,1
WBGene00021724.,1,15,16
WBGene00021725.,39,349,388
WBGene00021726.,2,21,23
WBGene00021727.,2,3,5
WBGene00021728.,22,26,48
WBGene00021729.,0,0,0
WBGene00021730.,2,14,16
WBGene00021731.,5,11,16
WBGene00021732.,183,312,495
WBGene00021733.,696,1282,1978
WBGene00021734.,64,139,203
WBGene00021735.,433,2274,2707
WBGene00021736.,208,4949,5157
WBGene00021737.,4,4,8
WBGene00021738.,276,686,962
WBGene00021739.,28,2147,2175
WBGene00021740.,389,1789,2178
WBGene00021741.,28,85,113
WBGene00021743.,35,4,39
WBGene00021744.,0,0,0
WBGene00021745.,26,85,111
WBGene00021746.,1,4,5
WBGene00021747.,4,35,39
WBGene00021748.,136,712,848
WBGene00021749.,195,900,1095
WBGene00021750.,73,346,419
WBGene00021751.,781,257,1038
WBGene00021752.,475,395,870
WBGene00021753.,348,826,1174
WBGene00021754.,460,2110,2570
WBGene00021755.,71,454,525
WBGene00021756.,652,1091,1743
WBGene00021757.,236,652,888
WBGene00021758.,112,660,772
WBGene00021763.,136,706,842
WBGene00021764.,75,225,300
WBGene00021765.,338,1015,1353
WBGene00021766.,77,393,470
WBGene00021768.,151,4796,4947
WBGene00021771.,670,2637,3307
WBGene00021772.,26,47,73
WBGene00021773.,0,3,3
WBGene00021774.,0,1,1
WBGene00021776.,205,703,908
WBGene00021778.,38,312,350
WBGene00021779.,1,3,4
WBGene00021780.,0,2,2
WBGene00021781.,46,654,700
WBGene00021783.,488,1831,2319
WBGene00021784.,114,1280,1394
WBGene00021785.,80,1853,1933
WBGene00021786.,26,66,92
WBGene00021787.,5,5,10
WBGene00021788.,148,117,265
WBGene00021789.,377,1132,1509
WBGene00021790.,13,3,16
WBGene00021791.,5,13,18
WBGene00021792.,1,4,5
WBGene00021793.,1,2,3
WBGene00021794.,16,32,48
WBGene00021795.,40,733,773
WBGene00021796.,41,876,917
WBGene00021797.,3,11,14
WBGene00021798.,11,2,13
WBGene00021799.,48,282,330
WBGene00021800.,543,8611,9154
WBGene00021801.,2,1,3
WBGene00021804.,3,47,50
WBGene00021805.,9,244,253
WBGene00021806.,0,0,0
WBGene00021807.,32,120,152
WBGene00021808.,483,2143,2626
WBGene00021809.,0,1,1
WBGene00021810.,969,2053,3022
WBGene00021811.,621,4830,5451
WBGene00021812.,28,624,652
WBGene00021813.,120,682,802
WBGene00021814.,37,105,142
WBGene00021815.,135,1222,1357
WBGene00021816.,211,888,1099
WBGene00021817.,54,712,766
WBGene00021818.,370,2480,2850
WBGene00021819.,47,83,130
WBGene00021820.,1327,1839,3166
WBGene00021821.,0,6,6
WBGene00021826.,173,1321,1494
WBGene00021827.,90,444,534
WBGene00021828.,169,787,956
WBGene00021829.,24,2312,2336
WBGene00021830.,179,2109,2288
WBGene00021831.,572,1904,2476
WBGene00021832.,168,585,753
WBGene00021833.,19,2,21
WBGene00021834.,47,2314,2361
WBGene00021835.,135,993,1128
WBGene00021838.,167,1872,2039
WBGene00021839.,236,3703,3939
WBGene00021840.,235,558,793
WBGene00021841.,41,363,404
WBGene00021842.,791,1819,2610
WBGene00021843.,2694,29454,32148
WBGene00021844.,68,1188,1256
WBGene00021845.,43,2133,2176
WBGene00021846.,211,1066,1277
WBGene00021847.,207,731,938
WBGene00021848.,80,221,301
WBGene00021849.,521,10002,10523
WBGene00021850.,23,46,69
WBGene00021852.,258,3600,3858
WBGene00021853.,0,85,85
WBGene00021854.,368,1024,1392
WBGene00021855.,234,2340,2574
WBGene00021856.,468,1580,2048
WBGene00021857.,667,3374,4041
WBGene00021858.,44,257,301
WBGene00021859.,28,52,80
WBGene00021860.,15,12,27
WBGene00021861.,19,21,40
WBGene00021862.,124,241,365
WBGene00021863.,173,742,915
WBGene00021864.,67,480,547
WBGene00021865.,14,62,76
WBGene00021866.,73,625,698
WBGene00021867.,78,1033,1111
WBGene00021868.,266,1733,1999
WBGene00021869.,3,95,98
WBGene00021870.,45,187,232
WBGene00021871.,23,183,206
WBGene00021872.,54,1794,1848
WBGene00021873.,99,1053,1152
WBGene00021875.,88,1004,1092
WBGene00021876.,1214,10172,11386
WBGene00021877.,104,283,387
WBGene00021878.,12,9,21
WBGene00021879.,11,389,400
WBGene00021880.,2,2,4
WBGene00021881.,92,201,293
WBGene00021882.,558,739,1297
WBGene00021883.,126,6987,7113
WBGene00021884.,1,290,291
WBGene00021885.,15,7,22
WBGene00021886.,1486,438,1924
WBGene00021887.,142,894,1036
WBGene00021888.,66,1829,1895
WBGene00021889.,1,1,2
WBGene00021890.,897,6473,7370
WBGene00021892.,12,12,24
WBGene00021893.,1502,3030,4532
WBGene00021894.,450,4596,5046
WBGene00021895.,13,211,224
WBGene00021897.,169,502,671
WBGene00021898.,6,645,651
WBGene00021899.,299,8112,8411
WBGene00021900.,389,18659,19048
WBGene00021901.,9,2328,2337
WBGene00021902.,187,915,1102
WBGene00021904.,27,573,600
WBGene00021905.,165,1038,1203
WBGene00021906.,557,1677,2234
WBGene00021907.,5,12,17
WBGene00021908.,5,15,20
WBGene00021909.,92,4074,4166
WBGene00021910.,567,1454,2021
WBGene00021911.,12,48,60
WBGene00021912.,86,539,625
WBGene00021913.,10,736,746
WBGene00021914.,159,332,491
WBGene00021915.,203,1014,1217
WBGene00021917.,13,27,40
WBGene00021918.,9,138,147
WBGene00021919.,6,28,34
WBGene00021920.,241,2104,2345
WBGene00021921.,566,3214,3780
WBGene00021922.,105,3145,3250
WBGene00021923.,108,361,469
WBGene00021925.,159,662,821
WBGene00021926.,233,3293,3526
WBGene00021927.,43,892,935
WBGene00021928.,70,434,504
WBGene00021929.,40,1347,1387
WBGene00021930.,222,5008,5230
WBGene00021931.,33,16,49
WBGene00021932.,61,313,374
WBGene00021933.,80,154,234
WBGene00021934.,115,910,1025
WBGene00021935.,125,364,489
WBGene00021936.,723,1981,2704
WBGene00021938.,128,1789,1917
WBGene00021939.,116,232,348
WBGene00021941.,59,189,248
WBGene00021942.,37,354,391
WBGene00021943.,159,1002,1161
WBGene00021945.,280,1220,1500
WBGene00021947.,8,2,10
WBGene00021948.,686,1888,2574
WBGene00021949.,2,6,8
WBGene00021950.,98,547,645
WBGene00021951.,9,36,45
WBGene00021952.,240,3721,3961
WBGene00021953.,12,39,51
WBGene00021956.,134,5412,5546
WBGene00021957.,0,1,1
WBGene00021958.,3,12,15
WBGene00021959.,174,3589,3763
WBGene00021960.,128,3523,3651
WBGene00021961.,2,4,6
WBGene00021963.,10,64,74
WBGene00021964.,3,0,3
WBGene00021965.,95,632,727
WBGene00021966.,0,3,3
WBGene00021967.,2,19,21
WBGene00021968.,38,17,55
WBGene00021969.,1,5,6
WBGene00021970.,98,11,109
WBGene00021971.,0,4,4
WBGene00021972.,42,325,367
WBGene00021973.,198,1633,1831
WBGene00021974.,111,1485,1596
WBGene00021975.,25,281,306
WBGene00021976.,0,16,16
WBGene00021977.,34,1857,1891
WBGene00021978.,0,31,31
WBGene00021979.,1,930,931
WBGene00021980.,262,707,969
WBGene00021981.,18,1846,1864
WBGene00021983.,115,1503,1618
WBGene00021984.,283,2856,3139
WBGene00021985.,822,2522,3344
WBGene00021986.,223,2078,2301
WBGene00021987.,0,0,0
WBGene00021988.,0,0,0
WBGene00021990.,227,380,607
WBGene00021992.,1,1,2
WBGene00021993.,0,0,0
WBGene00021994.,4,11,15
WBGene00021995.,1,7,8
WBGene00021996.,3,4,7
WBGene00021997.,0,0,0
WBGene00021998.,0,0,0
WBGene00021999.,0,7,7
WBGene00022000.,0,0,0
WBGene00022001.,27,0,27
WBGene00022002.,0,0,0
WBGene00022003.,0,0,0
WBGene00022004.,34,591,625
WBGene00022005.,0,6,6
WBGene00022006.,0,0,0
WBGene00022007.,0,0,0
WBGene00022008.,31,60,91
WBGene00022010.,268,1787,2055
WBGene00022011.,2,0,2
WBGene00022012.,8,69,77
WBGene00022013.,1,79,80
WBGene00022014.,653,1048,1701
WBGene00022015.,830,3299,4129
WBGene00022016.,7,25,32
WBGene00022017.,3,4,7
WBGene00022018.,9,454,463
WBGene00022019.,589,3311,3900
WBGene00022020.,0,5,5
WBGene00022021.,400,4438,4838
WBGene00022022.,52,435,487
WBGene00022023.,0,0,0
WBGene00022024.,0,5,5
WBGene00022025.,193,2470,2663
WBGene00022026.,352,2058,2410
WBGene00022027.,659,10814,11473
WBGene00022028.,46,108,154
WBGene00022029.,119,794,913
WBGene00022030.,16,58,74
WBGene00022031.,183,953,1136
WBGene00022032.,15,22,37
WBGene00022033.,36,55,91
WBGene00022034.,119,1990,2109
WBGene00022035.,100,175,275
WBGene00022036.,113,613,726
WBGene00022037.,317,1745,2062
WBGene00022038.,16,22,38
WBGene00022039.,13,151,164
WBGene00022040.,35,2948,2983
WBGene00022042.,13852,132163,146015
WBGene00022043.,26,1267,1293
WBGene00022044.,11,672,683
WBGene00022045.,1231,11579,12810
WBGene00022046.,3,6247,6250
WBGene00022047.,158,3592,3750
WBGene00022048.,1141,17172,18313
WBGene00022051.,268,1051,1319
WBGene00022052.,169,955,1124
WBGene00022053.,441,7126,7567
WBGene00022054.,145,805,950
WBGene00022055.,79,1699,1778
WBGene00022056.,138,233,371
WBGene00022057.,66,1133,1199
WBGene00022059.,2124,2493,4617
WBGene00022060.,16,530,546
WBGene00022061.,39,116,155
WBGene00022062.,79,122,201
WBGene00022063.,129,1438,1567
WBGene00022064.,1,0,1
WBGene00022066.,0,1,1
WBGene00022067.,359,1143,1502
WBGene00022069.,277,7788,8065
WBGene00022070.,0,22,22
WBGene00022071.,6,10,16
WBGene00022072.,75,1165,1240
WBGene00022073.,140,642,782
WBGene00022074.,360,1835,2195
WBGene00022075.,109,2028,2137
WBGene00022076.,16,41,57
WBGene00022077.,360,3659,4019
WBGene00022078.,1804,5839,7643
WBGene00022079.,11,29,40
WBGene00022082.,5,52,57
WBGene00022083.,3,12,15
WBGene00022085.,21,46,67
WBGene00022086.,87,101,188
WBGene00022087.,882,1309,2191
WBGene00022089.,1035,39285,40320
WBGene00022090.,14,136,150
WBGene00022092.,217,2807,3024
WBGene00022093.,291,3511,3802
WBGene00022094.,3,17,20
WBGene00022095.,0,0,0
WBGene00022096.,0,6,6
WBGene00022097.,7,3,10
WBGene00022099.,134,2661,2795
WBGene00022100.,308,893,1201
WBGene00022101.,95,757,852
WBGene00022102.,3,46,49
WBGene00022103.,153,123,276
WBGene00022104.,505,375,880
WBGene00022106.,481,422,903
WBGene00022107.,54,946,1000
WBGene00022108.,16,176,192
WBGene00022110.,25,815,840
WBGene00022111.,0,362,362
WBGene00022112.,0,39,39
WBGene00022113.,45,320,365
WBGene00022114.,76,7773,7849
WBGene00022115.,351,4370,4721
WBGene00022117.,111,150,261
WBGene00022118.,147,794,941
WBGene00022119.,14,1347,1361
WBGene00022121.,335,564,899
WBGene00022122.,9,3299,3308
WBGene00022123.,33,193,226
WBGene00022124.,390,1124,1514
WBGene00022125.,53,794,847
WBGene00022126.,162,683,845
WBGene00022127.,5,8004,8009
WBGene00022128.,163,740,903
WBGene00022129.,94,368,462
WBGene00022130.,79,666,745
WBGene00022131.,152,1360,1512
WBGene00022133.,2,1,3
WBGene00022134.,631,1940,2571
WBGene00022138.,644,748,1392
WBGene00022139.,552,1954,2506
WBGene00022140.,60,11,71
WBGene00022141.,21,1111,1132
WBGene00022142.,104,179,283
WBGene00022143.,0,8,8
WBGene00022144.,202,23126,23328
WBGene00022145.,24,8,32
WBGene00022146.,20,315,335
WBGene00022148.,1347,1796,3143
WBGene00022149.,464,1361,1825
WBGene00022150.,31,2246,2277
WBGene00022152.,405,960,1365
WBGene00022153.,302,859,1161
WBGene00022154.,42,208,250
WBGene00022155.,27,325,352
WBGene00022156.,1,10,11
WBGene00022157.,15,7,22
WBGene00022158.,42,400,442
WBGene00022159.,262,554,816
WBGene00022160.,46,281,327
WBGene00022161.,28,250,278
WBGene00022162.,0,1,1
WBGene00022163.,14,1,15
WBGene00022165.,130,468,598
WBGene00022166.,304,605,909
WBGene00022167.,197,1205,1402
WBGene00022168.,904,1847,2751
WBGene00022169.,237,2877,3114
WBGene00022170.,2915,31090,34005
WBGene00022171.,0,163,163
WBGene00022172.,0,269,269
WBGene00022173.,0,97,97
WBGene00022174.,235,429,664
WBGene00022175.,169,571,740
WBGene00022176.,418,1206,1624
WBGene00022177.,42,307,349
WBGene00022178.,128,1409,1537
WBGene00022179.,48,174,222
WBGene00022180.,128,358,486
WBGene00022181.,249,1099,1348
WBGene00022182.,253,1616,1869
WBGene00022185.,188,2323,2511
WBGene00022188.,184,1332,1516
WBGene00022189.,4,11,15
WBGene00022190.,20,669,689
WBGene00022191.,84,717,801
WBGene00022192.,150,2150,2300
WBGene00022193.,82,868,950
WBGene00022194.,317,10740,11057
WBGene00022195.,205,804,1009
WBGene00022196.,135,5213,5348
WBGene00022197.,84,436,520
WBGene00022198.,118,1033,1151
WBGene00022199.,40,2633,2673
WBGene00022200.,173,2838,3011
WBGene00022201.,105,1158,1263
WBGene00022202.,185,963,1148
WBGene00022203.,29,695,724
WBGene00022204.,13,44,57
WBGene00022205.,66,280,346
WBGene00022206.,116,274,390
WBGene00022207.,5,3,8
WBGene00022209.,2,0,2
WBGene00022210.,5,6,11
WBGene00022211.,138,867,1005
WBGene00022213.,16,76,92
WBGene00022214.,2,3,5
WBGene00022215.,2,16,18
WBGene00022216.,4,8,12
WBGene00022217.,2,0,2
WBGene00022218.,1,0,1
WBGene00022219.,61,542,603
WBGene00022221.,191,722,913
WBGene00022222.,22,68,90
WBGene00022223.,5,8,13
WBGene00022224.,1,46,47
WBGene00022225.,4,22,26
WBGene00022227.,51,433,484
WBGene00022228.,50,88,138
WBGene00022229.,39,19,58
WBGene00022230.,26,150,176
WBGene00022231.,195,362,557
WBGene00022232.,108,600,708
WBGene00022233.,367,7848,8215
WBGene00022235.,472,20523,20995
WBGene00022236.,0,32,32
WBGene00022237.,4,12,16
WBGene00022240.,116,781,897
WBGene00022242.,109,850,959
WBGene00022243.,2,76,78
WBGene00022244.,6,696,702
WBGene00022245.,597,10784,11381
WBGene00022246.,19,251,270
WBGene00022247.,145,205,350
WBGene00022248.,206,4332,4538
WBGene00022249.,0,0,0
WBGene00022250.,34,580,614
WBGene00022251.,63,949,1012
WBGene00022252.,41,578,619
WBGene00022253.,80,2287,2367
WBGene00022254.,147,6359,6506
WBGene00022255.,84,877,961
WBGene00022256.,5,30,35
WBGene00022257.,0,326,326
WBGene00022258.,56,694,750
WBGene00022259.,27,400,427
WBGene00022260.,82,824,906
WBGene00022261.,23,187,210
WBGene00022262.,1,11,12
WBGene00022263.,6,24,30
WBGene00022264.,0,5,5
WBGene00022265.,5,52,57
WBGene00022266.,8,8,16
WBGene00022267.,98,442,540
WBGene00022268.,473,5780,6253
WBGene00022269.,334,4273,4607
WBGene00022270.,158,180,338
WBGene00022271.,43,3967,4010
WBGene00022272.,0,29,29
WBGene00022273.,101,645,746
WBGene00022274.,32,44,76
WBGene00022275.,4,47,51
WBGene00022276.,332,12040,12372
WBGene00022277.,266,2386,2652
WBGene00022278.,691,2810,3501
WBGene00022279.,285,1892,2177
WBGene00022280.,222,1684,1906
WBGene00022281.,690,1017,1707
WBGene00022282.,0,2,2
WBGene00022283.,28,201,229
WBGene00022284.,178,653,831
WBGene00022285.,1067,522,1589
WBGene00022286.,254,936,1190
WBGene00022287.,9,113,122
WBGene00022288.,35,249,284
WBGene00022289.,69,334,403
WBGene00022290.,0,0,0
WBGene00022291.,1,1,2
WBGene00022292.,0,3,3
WBGene00022295.,33,196,229
WBGene00022296.,809,3341,4150
WBGene00022297.,111,3217,3328
WBGene00022298.,15,81,96
WBGene00022300.,389,1169,1558
WBGene00022301.,725,1536,2261
WBGene00022302.,75,976,1051
WBGene00022303.,1,510,511
WBGene00022306.,1131,3377,4508
WBGene00022307.,120,5051,5171
WBGene00022308.,1,7,8
WBGene00022309.,175,800,975
WBGene00022310.,439,778,1217
WBGene00022311.,8,13,21
WBGene00022312.,1,4,5
WBGene00022313.,117,187,304
WBGene00022314.,268,1619,1887
WBGene00022315.,5,5,10
WBGene00022316.,0,17,17
WBGene00022317.,6,39,45
WBGene00022318.,1,0,1
WBGene00022319.,0,2,2
WBGene00022320.,8,3,11
WBGene00022321.,11,14,25
WBGene00022322.,1,9,10
WBGene00022323.,2,2,4
WBGene00022324.,6,134,140
WBGene00022325.,94,295,389
WBGene00022326.,34,297,331
WBGene00022327.,51,119,170
WBGene00022328.,14,15,29
WBGene00022329.,52,449,501
WBGene00022330.,23,483,506
WBGene00022331.,24,59,83
WBGene00022332.,66,79,145
WBGene00022333.,3,43,46
WBGene00022334.,19,8,27
WBGene00022335.,78,171,249
WBGene00022336.,386,316461,316847
WBGene00022337.,11,128,139
WBGene00022338.,23,122,145
WBGene00022339.,58,1109,1167
WBGene00022340.,3,0,3
WBGene00022341.,0,0,0
WBGene00022342.,3,1,4
WBGene00022343.,1,1,2
WBGene00022344.,6,5,11
WBGene00022345.,9,165,174
WBGene00022346.,15,179,194
WBGene00022347.,280,2304,2584
WBGene00022348.,133,1714,1847
WBGene00022349.,29,85,114
WBGene00022350.,209,704,913
WBGene00022351.,119,282,401
WBGene00022352.,0,1,1
WBGene00022353.,11,806,817
WBGene00022354.,1004,2023,3027
WBGene00022356.,52,3002,3054
WBGene00022357.,66,570,636
WBGene00022358.,476,1420,1896
WBGene00022360.,366,1041,1407
WBGene00022361.,534,1305,1839
WBGene00022363.,279,794,1073
WBGene00022365.,12,68,80
WBGene00022366.,501,765,1266
WBGene00022367.,249,151,400
WBGene00022368.,113,1512,1625
WBGene00022369.,209,1085,1294
WBGene00022370.,154,315,469
WBGene00022371.,380,416,796
WBGene00022372.,255,540,795
WBGene00022373.,304,1868,2172
WBGene00022374.,26,153,179
WBGene00022375.,11,36,47
WBGene00022376.,247,2794,3041
WBGene00022377.,10,150,160
WBGene00022378.,1413,7192,8605
WBGene00022379.,43,123,166
WBGene00022380.,583,5759,6342
WBGene00022381.,238,1596,1834
WBGene00022382.,0,257,257
WBGene00022385.,29,22,51
WBGene00022386.,349,1932,2281
WBGene00022388.,484,855,1339
WBGene00022389.,597,1279,1876
WBGene00022390.,125,544,669
WBGene00022391.,481,849,1330
WBGene00022392.,44,385,429
WBGene00022393.,214,5146,5360
WBGene00022394.,15,1634,1649
WBGene00022395.,4,24,28
WBGene00022396.,73,1842,1915
WBGene00022397.,93,920,1013
WBGene00022398.,61,1312,1373
WBGene00022399.,76,1088,1164
WBGene00022400.,57,2927,2984
WBGene00022401.,142,5693,5835
WBGene00022402.,40,2368,2408
WBGene00022403.,1,6,7
WBGene00022404.,3,44,47
WBGene00022405.,13,75,88
WBGene00022406.,6,20,26
WBGene00022407.,2,25,27
WBGene00022408.,1,23,24
WBGene00022409.,6,53,59
WBGene00022410.,12,6761,6773
WBGene00022411.,17,59,76
WBGene00022412.,82,427,509
WBGene00022413.,67,764,831
WBGene00022415.,0,10,10
WBGene00022416.,80,534,614
WBGene00022417.,13,115,128
WBGene00022418.,48,271,319
WBGene00022419.,71,388,459
WBGene00022420.,64,1104,1168
WBGene00022421.,0,1,1
WBGene00022423.,531,269,800
WBGene00022425.,531,1389,1920
WBGene00022426.,249,1214,1463
WBGene00022427.,295,1543,1838
WBGene00022428.,126,583,709
WBGene00022429.,0,0,0
WBGene00022431.,52,17,69
WBGene00022432.,0,10,10
WBGene00022433.,1,0,1
WBGene00022434.,417,975,1392
WBGene00022435.,172,261,433
WBGene00022438.,2,0,2
WBGene00022439.,175,949,1124
WBGene00022440.,468,2814,3282
WBGene00022441.,329,3712,4041
WBGene00022442.,0,0,0
WBGene00022443.,0,1,1
WBGene00022444.,4,2,6
WBGene00022445.,268,2431,2699
WBGene00022446.,0,6,6
WBGene00022447.,364,335,699
WBGene00022448.,126,270,396
WBGene00022450.,79,614,693
WBGene00022452.,2,377,379
WBGene00022453.,291,1992,2283
WBGene00022454.,116,141,257
WBGene00022455.,11,1042,1053
WBGene00022456.,177,2890,3067
WBGene00022457.,162,1249,1411
WBGene00022458.,8,2272,2280
WBGene00022459.,88,973,1061
WBGene00022460.,96,1400,1496
WBGene00022462.,27,509,536
WBGene00022463.,144,1813,1957
WBGene00022465.,38,664,702
WBGene00022466.,126,1634,1760
WBGene00022467.,1,6,7
WBGene00022469.,16,205,221
WBGene00022470.,188,1548,1736
WBGene00022471.,66,436,502
WBGene00022472.,76,960,1036
WBGene00022473.,2303,6354,8657
WBGene00022474.,151,2433,2584
WBGene00022475.,27,878,905
WBGene00022476.,12,10,22
WBGene00022477.,1,5,6
WBGene00022478.,11,43,54
WBGene00022479.,3,17,20
WBGene00022481.,0,0,0
WBGene00022482.,0,10,10
WBGene00022483.,0,0,0
WBGene00022484.,12,80,92
WBGene00022485.,180,534,714
WBGene00022486.,34,206,240
WBGene00022487.,1,35,36
WBGene00022488.,152,613,765
WBGene00022489.,373,3627,4000
WBGene00022490.,48,146,194
WBGene00022491.,198,268,466
WBGene00022492.,129,2069,2198
WBGene00022493.,229,376,605
WBGene00022494.,692,1267,1959
WBGene00022495.,9,145,154
WBGene00022496.,0,661,661
WBGene00022497.,0,6386,6386
WBGene00022498.,9,49,58
WBGene00022499.,113,1948,2061
WBGene00022500.,537,9099,9636
WBGene00022501.,760,1214,1974
WBGene00022502.,59,734,793
WBGene00022503.,17,329,346
WBGene00022504.,19,46,65
WBGene00022505.,142,3670,3812
WBGene00022506.,24,78,102
WBGene00022507.,26,17,43
WBGene00022508.,0,12,12
WBGene00022509.,0,12,12
WBGene00022511.,2,9,11
WBGene00022512.,0,0,0
WBGene00022515.,101,3273,3374
WBGene00022516.,71,4027,4098
WBGene00022517.,72,81,153
WBGene00022518.,646,686,1332
WBGene00022519.,231,1740,1971
WBGene00022521.,52,10,62
WBGene00022522.,23,260,283
WBGene00022526.,10,3,13
WBGene00022527.,25,118,143
WBGene00022528.,1,14,15
WBGene00022529.,13,12,25
WBGene00022530.,32,654,686
WBGene00022531.,65,1389,1454
WBGene00022532.,30,597,627
WBGene00022533.,33,240,273
WBGene00022534.,272,3495,3767
WBGene00022536.,12,15,27
WBGene00022537.,17,130,147
WBGene00022538.,172,2941,3113
WBGene00022539.,22,28,50
WBGene00022540.,53,113,166
WBGene00022541.,0,1,1
WBGene00022542.,0,3,3
WBGene00022544.,44,25,69
WBGene00022545.,5,20,25
WBGene00022546.,20,117,137
WBGene00022547.,12,86,98
WBGene00022548.,9,13,22
WBGene00022549.,39,294,333
WBGene00022550.,12,44,56
WBGene00022551.,2,3,5
WBGene00022552.,1,49,50
WBGene00022553.,3,74,77
WBGene00022554.,101,1974,2075
WBGene00022555.,0,8,8
WBGene00022556.,0,0,0
WBGene00022557.,1,36,37
WBGene00022558.,0,6,6
WBGene00022559.,1,17,18
WBGene00022560.,0,19,19
WBGene00022561.,1,30,31
WBGene00022562.,653,5680,6333
WBGene00022563.,3,2,5
WBGene00022564.,48,442,490
WBGene00022565.,9,46,55
WBGene00022566.,4,313,317
WBGene00022567.,92,359,451
WBGene00022568.,9,213,222
WBGene00022569.,10,254,264
WBGene00022570.,1,4,5
WBGene00022571.,3,21,24
WBGene00022572.,7,9,16
WBGene00022573.,6,47,53
WBGene00022574.,14,1393,1407
WBGene00022575.,0,557,557
WBGene00022576.,38,209,247
WBGene00022577.,6,6,12
WBGene00022578.,3,3,6
WBGene00022579.,260,3234,3494
WBGene00022580.,155,2069,2224
WBGene00022581.,65,324,389
WBGene00022582.,0,0,0
WBGene00022583.,187,3470,3657
WBGene00022584.,49,130,179
WBGene00022586.,4,82,86
WBGene00022587.,0,12,12
WBGene00022588.,127,1117,1244
WBGene00022589.,12,3,15
WBGene00022590.,8,217,225
WBGene00022591.,16,118,134
WBGene00022592.,600,1699,2299
WBGene00022593.,379,1606,1985
WBGene00022594.,2,3,5
WBGene00022596.,14,101,115
WBGene00022597.,974,24359,25333
WBGene00022598.,114,1599,1713
WBGene00022599.,351,10205,10556
WBGene00022600.,3,3,6
WBGene00022601.,35,268,303
WBGene00022603.,138,3063,3201
WBGene00022604.,4,1,5
WBGene00022605.,14,207,221
WBGene00022606.,21,57,78
WBGene00022608.,168,676,844
WBGene00022609.,114,572,686
WBGene00022610.,111,459,570
WBGene00022611.,6,37,43
WBGene00022612.,6,22,28
WBGene00022613.,60,486,546
WBGene00022614.,314,1829,2143
WBGene00022615.,20,919,939
WBGene00022616.,0,3,3
WBGene00022617.,1,2,3
WBGene00022618.,152,3758,3910
WBGene00022619.,0,6,6
WBGene00022620.,176,3143,3319
WBGene00022621.,3,5,8
WBGene00022622.,9,4,13
WBGene00022623.,25,633,658
WBGene00022624.,88,217,305
WBGene00022627.,38,94,132
WBGene00022628.,3,1,4
WBGene00022629.,39,366,405
WBGene00022630.,1,1,2
WBGene00022631.,30,336,366
WBGene00022632.,6,5,11
WBGene00022633.,35,205,240
WBGene00022634.,5,8,13
WBGene00022635.,98,701,799
WBGene00022636.,1,4,5
WBGene00022637.,2,5,7
WBGene00022638.,2,1,3
WBGene00022639.,9,25,34
WBGene00022640.,7,7,14
WBGene00022641.,11,17,28
WBGene00022642.,374,4120,4494
WBGene00022643.,7,18,25
WBGene00022644.,15,73,88
WBGene00022645.,13,129,142
WBGene00022646.,19,2272,2291
WBGene00022647.,79,931,1010
WBGene00022648.,166,521,687
WBGene00022649.,28,279,307
WBGene00022650.,22,33,55
WBGene00022651.,1,8,9
WBGene00022652.,0,2,2
WBGene00022653.,29,158,187
WBGene00022654.,12,34,46
WBGene00022655.,24,16,40
WBGene00022656.,0,24,24
WBGene00022657.,1,21,22
WBGene00022658.,0,20,20
WBGene00022660.,0,19,19
WBGene00022661.,44,88,132
WBGene00022662.,11,23,34
WBGene00022663.,49,700,749
WBGene00022664.,43,155,198
WBGene00022665.,10,148,158
WBGene00022666.,146,1889,2035
WBGene00022667.,255,1817,2072
WBGene00022668.,477,2280,2757
WBGene00022669.,0,4,4
WBGene00022670.,0,0,0
WBGene00022671.,11,12,23
WBGene00022672.,150,1095,1245
WBGene00022673.,128,1297,1425
WBGene00022674.,0,6,6
WBGene00022675.,772,1183,1955
WBGene00022677.,65,786,851
WBGene00022678.,57,3571,3628
WBGene00022679.,0,32,32
WBGene00022680.,9,21,30
WBGene00022681.,85,219,304
WBGene00022682.,43,161,204
WBGene00022683.,36,299,335
WBGene00022685.,1,5,6
WBGene00022688.,0,9,9
WBGene00022689.,0,4,4
WBGene00022690.,6,3,9
WBGene00022691.,2,12,14
WBGene00022694.,104,2033,2137
WBGene00022695.,91,719,810
WBGene00022696.,28,281,309
WBGene00022697.,160,1658,1818
WBGene00022698.,13,70,83
WBGene00022699.,1,1,2
WBGene00022700.,11,97,108
WBGene00022702.,6,292,298
WBGene00022703.,102,1442,1544
WBGene00022704.,80,1066,1146
WBGene00022705.,4,9,13
WBGene00022706.,2,14,16
WBGene00022707.,4,10,14
WBGene00022708.,3,8,11
WBGene00022709.,2,28,30
WBGene00022710.,1,0,1
WBGene00022711.,22,12,34
WBGene00022712.,113,1300,1413
WBGene00022713.,14,6,20
WBGene00022714.,5,3,8
WBGene00022715.,12,32,44
WBGene00022716.,1,9,10
WBGene00022717.,179,1952,2131
WBGene00022718.,298,2873,3171
WBGene00022719.,181,1987,2168
WBGene00022720.,71,733,804
WBGene00022721.,60,701,761
WBGene00022722.,86,1680,1766
WBGene00022723.,17,9,26
WBGene00022724.,0,2,2
WBGene00022725.,5,16,21
WBGene00022726.,0,1,1
WBGene00022727.,120,925,1045
WBGene00022728.,4,8,12
WBGene00022729.,0,1,1
WBGene00022730.,42,641,683
WBGene00022731.,52,25,77
WBGene00022732.,3,4,7
WBGene00022733.,156,146,302
WBGene00022734.,51,1908,1959
WBGene00022735.,37,196,233
WBGene00022736.,56,707,763
WBGene00022737.,15,654,669
WBGene00022738.,148,2451,2599
WBGene00022739.,198,2614,2812
WBGene00022741.,38,18,56
WBGene00022742.,266,5646,5912
WBGene00022743.,207,757,964
WBGene00022744.,33,209,242
WBGene00022745.,2448,14487,16935
WBGene00022746.,0,13,13
WBGene00022747.,0,2,2
WBGene00022748.,301,44017,44318
WBGene00022749.,77,3210,3287
WBGene00022750.,1066,4526,5592
WBGene00022751.,0,3,3
WBGene00022752.,22,331,353
WBGene00022753.,34,9,43
WBGene00022754.,0,12,12
WBGene00022755.,5,114,119
WBGene00022756.,2,18,20
WBGene00022757.,4,2,6
WBGene00022758.,6,1,7
WBGene00022759.,35,1815,1850
WBGene00022760.,0,2,2
WBGene00022761.,1,10,11
WBGene00022762.,91,992,1083
WBGene00022763.,1,8,9
WBGene00022765.,273,4482,4755
WBGene00022766.,53,1351,1404
WBGene00022767.,7,73,80
WBGene00022769.,48,850,898
WBGene00022770.,15,257,272
WBGene00022771.,97,513,610
WBGene00022772.,21,84,105
WBGene00022773.,82,373,455
WBGene00022774.,67,2070,2137
WBGene00022775.,2,529,531
WBGene00022776.,19,2108,2127
WBGene00022778.,1,2,3
WBGene00022780.,35,200,235
WBGene00022781.,516,15383,15899
WBGene00022782.,103,2317,2420
WBGene00022783.,92,769,861
WBGene00022785.,177,2531,2708
WBGene00022786.,11,333,344
WBGene00022787.,43,538,581
WBGene00022788.,57,2344,2401
WBGene00022789.,5,44,49
WBGene00022790.,32,217,249
WBGene00022791.,244,2486,2730
WBGene00022792.,60,1076,1136
WBGene00022793.,10,1370,1380
WBGene00022794.,176,4008,4184
WBGene00022795.,8,18,26
WBGene00022796.,15,62,77
WBGene00022797.,71,718,789
WBGene00022798.,274,5832,6106
WBGene00022799.,3,8,11
WBGene00022800.,161,2556,2717
WBGene00022801.,23,958,981
WBGene00022802.,136,2136,2272
WBGene00022803.,40,787,827
WBGene00022804.,1,8,9
WBGene00022805.,217,1347,1564
WBGene00022806.,4,2,6
WBGene00022807.,9,37,46
WBGene00022808.,7,25,32
WBGene00022809.,3,30,33
WBGene00022810.,29,345,374
WBGene00022811.,75,56,131
WBGene00022812.,331,5488,5819
WBGene00022813.,21,161,182
WBGene00022814.,56,655,711
WBGene00022815.,40,176,216
WBGene00022816.,21,43,64
WBGene00022817.,438,7282,7720
WBGene00022818.,4,8,12
WBGene00022820.,0,1,1
WBGene00022821.,0,0,0
WBGene00022822.,0,1,1
WBGene00022823.,42,2546,2588
WBGene00022824.,28,278,306
WBGene00022825.,127,497,624
WBGene00022826.,0,5,5
WBGene00022827.,18,31,49
WBGene00022829.,46,64,110
WBGene00022830.,64,2216,2280
WBGene00022831.,208,2605,2813
WBGene00022832.,57,910,967
WBGene00022833.,4,3,7
WBGene00022834.,6,155,161
WBGene00022835.,44,567,611
WBGene00022836.,81,1652,1733
WBGene00022837.,61,640,701
WBGene00022838.,75,583,658
WBGene00022840.,5,5,10
WBGene00022842.,79,423,502
WBGene00022843.,57,143,200
WBGene00022845.,0,55,55
WBGene00022846.,27,2,29
WBGene00022847.,83,698,781
WBGene00022848.,118,2022,2140
WBGene00022849.,25,75,100
WBGene00022850.,359,936,1295
WBGene00022851.,61,1853,1914
WBGene00022852.,2,2404,2406
WBGene00022853.,0,46,46
WBGene00022854.,48,601,649
WBGene00022855.,157,7663,7820
WBGene00022856.,45,11381,11426
WBGene00022857.,6,570,576
WBGene00022858.,51,45,96
WBGene00022861.,5122,1637,6759
WBGene00022862.,25,778,803
WBGene00022864.,73,2798,2871
WBGene00022865.,121,1857,1978
WBGene00022866.,38,232,270
WBGene00022867.,244,3163,3407
WBGene00022868.,86,1073,1159
WBGene00022869.,1,1,2
WBGene00022870.,10,14,24
WBGene00022871.,3,1,4
WBGene00022872.,9,18,27
WBGene00022873.,3,124,127
WBGene00022874.,49,134,183
WBGene00022875.,0,0,0
WBGene00022876.,1,14,15
WBGene00022877.,3,6,9
WBGene00022880.,120,1205,1325
WBGene00022881.,24,1023,1047
WBGene00022882.,74,821,895
WBGene00022883.,19,569,588
WBGene00022884.,0,56,56
WBGene00022885.,89,1272,1361
WBGene00022886.,5,3,8
WBGene00022887.,143,3578,3721
WBGene00022888.,24,1,25
WBGene00022889.,4,8,12
WBGene00022890.,0,14,14
WBGene00022891.,14,30,44
WBGene00022892.,3,0,3
WBGene00022893.,209,1202,1411
WBGene00022894.,0,0,0
WBGene00022895.,0,0,0
WBGene00022896.,0,0,0
WBGene00022897.,0,0,0
WBGene00022898.,0,0,0
WBGene00022899.,0,0,0
WBGene00022900.,0,0,0
WBGene00022901.,0,0,0
WBGene00022902.,0,0,0
WBGene00022903.,0,0,0
WBGene00022904.,0,0,0
WBGene00022905.,0,0,0
WBGene00022906.,0,0,0
WBGene00022907.,0,0,0
WBGene00022908.,0,0,0
WBGene00022909.,0,0,0
WBGene00022910.,0,0,0
WBGene00022911.,0,0,0
WBGene00022912.,0,0,0
WBGene00022913.,0,0,0
WBGene00022914.,0,0,0
WBGene00022915.,0,0,0
WBGene00022916.,0,0,0
WBGene00022917.,0,0,0
WBGene00022918.,0,2,2
WBGene00022919.,0,7,7
WBGene00022920.,0,0,0
WBGene00022921.,0,0,0
WBGene00022922.,0,5,5
WBGene00022923.,0,0,0
WBGene00022924.,0,0,0
WBGene00022925.,0,0,0
WBGene00022926.,0,12,12
WBGene00022927.,0,0,0
WBGene00022928.,0,0,0
WBGene00022929.,0,5,5
WBGene00022930.,0,0,0
WBGene00022931.,0,0,0
WBGene00022932.,0,10,10
WBGene00022933.,0,0,0
WBGene00022934.,0,0,0
WBGene00022935.,0,0,0
WBGene00022936.,0,3,3
WBGene00022937.,0,0,0
WBGene00022938.,0,0,0
WBGene00022939.,0,0,0
WBGene00022940.,0,3,3
WBGene00022941.,0,0,0
WBGene00022942.,0,0,0
WBGene00022943.,0,0,0
WBGene00022944.,0,0,0
WBGene00022945.,0,0,0
WBGene00022946.,0,0,0
WBGene00022947.,0,0,0
WBGene00022948.,0,0,0
WBGene00022949.,0,1,1
WBGene00022950.,0,0,0
WBGene00022951.,0,450649,450649
WBGene00022952.,0,0,0
WBGene00022953.,0,0,0
WBGene00022954.,0,0,0
WBGene00022955.,0,0,0
WBGene00022956.,0,36,36
WBGene00022957.,0,0,0
WBGene00022958.,0,0,0
WBGene00022959.,0,0,0
WBGene00022960.,0,0,0
WBGene00022961.,0,0,0
WBGene00022962.,0,0,0
WBGene00022963.,0,0,0
WBGene00022964.,0,0,0
WBGene00022965.,0,0,0
WBGene00022966.,0,0,0
WBGene00022967.,0,0,0
WBGene00022968.,0,0,0
WBGene00022969.,0,0,0
WBGene00022970.,0,336,336
WBGene00022971.,0,0,0
WBGene00022972.,0,0,0
WBGene00022973.,0,0,0
WBGene00022974.,0,0,0
WBGene00022975.,0,0,0
WBGene00022976.,0,0,0
WBGene00022977.,0,0,0
WBGene00022978.,0,0,0
WBGene00022979.,0,0,0
WBGene00022980.,0,0,0
WBGene00022981.,0,0,0
WBGene00022982.,0,237,237
WBGene00022983.,0,34,34
WBGene00022984.,0,0,0
WBGene00022985.,0,0,0
WBGene00022986.,0,0,0
WBGene00022987.,0,0,0
WBGene00022988.,0,0,0
WBGene00022989.,0,0,0
WBGene00022990.,0,0,0
WBGene00022991.,0,0,0
WBGene00022992.,0,0,0
WBGene00022993.,0,0,0
WBGene00022994.,0,0,0
WBGene00022995.,0,0,0
WBGene00022996.,0,1,1
WBGene00022997.,0,0,0
WBGene00022998.,0,0,0
WBGene00022999.,0,0,0
WBGene00023000.,0,0,0
WBGene00023001.,0,0,0
WBGene00023002.,0,0,0
WBGene00023003.,0,0,0
WBGene00023004.,0,0,0
WBGene00023005.,0,0,0
WBGene00023006.,0,0,0
WBGene00023007.,0,2,2
WBGene00023008.,0,0,0
WBGene00023009.,0,0,0
WBGene00023010.,0,0,0
WBGene00023011.,0,0,0
WBGene00023012.,0,0,0
WBGene00023013.,0,0,0
WBGene00023014.,0,0,0
WBGene00023015.,0,0,0
WBGene00023016.,0,0,0
WBGene00023017.,0,0,0
WBGene00023018.,0,0,0
WBGene00023019.,0,0,0
WBGene00023020.,0,319,319
WBGene00023021.,0,2090,2090
WBGene00023022.,0,0,0
WBGene00023023.,0,0,0
WBGene00023024.,0,0,0
WBGene00023025.,0,0,0
WBGene00023026.,0,0,0
WBGene00023027.,0,0,0
WBGene00023028.,0,0,0
WBGene00023029.,0,0,0
WBGene00023030.,0,0,0
WBGene00023031.,0,0,0
WBGene00023032.,0,0,0
WBGene00023033.,0,0,0
WBGene00023034.,0,0,0
WBGene00023035.,0,0,0
WBGene00023036.,282,2508,2790
WBGene00023037.,0,0,0
WBGene00023038.,0,0,0
WBGene00023039.,6,11,17
WBGene00023040.,0,0,0
WBGene00023041.,0,0,0
WBGene00023042.,0,0,0
WBGene00023043.,0,0,0
WBGene00023044.,0,0,0
WBGene00023045.,0,2,2
WBGene00023046.,0,0,0
WBGene00023047.,0,0,0
WBGene00023048.,0,0,0
WBGene00023049.,0,0,0
WBGene00023050.,0,0,0
WBGene00023051.,0,0,0
WBGene00023052.,0,0,0
WBGene00023053.,0,0,0
WBGene00023054.,0,0,0
WBGene00023055.,0,0,0
WBGene00023056.,0,0,0
WBGene00023057.,0,0,0
WBGene00023058.,0,0,0
WBGene00023059.,0,0,0
WBGene00023060.,0,0,0
WBGene00023061.,0,0,0
WBGene00023062.,0,0,0
WBGene00023063.,0,0,0
WBGene00023064.,0,0,0
WBGene00023065.,0,0,0
WBGene00023066.,0,96,96
WBGene00023067.,1804,3410,5214
WBGene00023068.,81154,123489,204643
WBGene00023069.,2,1196,1198
WBGene00023070.,0,0,0
WBGene00023071.,0,0,0
WBGene00023072.,0,0,0
WBGene00023073.,0,0,0
WBGene00023074.,0,0,0
WBGene00023075.,0,0,0
WBGene00023076.,0,0,0
WBGene00023077.,0,0,0
WBGene00023078.,0,0,0
WBGene00023079.,0,0,0
WBGene00023080.,0,0,0
WBGene00023081.,0,0,0
WBGene00023082.,0,0,0
WBGene00023083.,0,40,40
WBGene00023084.,0,15,15
WBGene00023085.,0,0,0
WBGene00023086.,0,0,0
WBGene00023087.,0,0,0
WBGene00023088.,0,0,0
WBGene00023089.,0,0,0
WBGene00023090.,0,0,0
WBGene00023091.,0,0,0
WBGene00023092.,0,0,0
WBGene00023093.,0,0,0
WBGene00023094.,0,0,0
WBGene00023095.,0,0,0
WBGene00023096.,0,0,0
WBGene00023097.,0,0,0
WBGene00023098.,0,0,0
WBGene00023099.,0,0,0
WBGene00023100.,0,0,0
WBGene00023101.,0,0,0
WBGene00023102.,0,0,0
WBGene00023103.,0,0,0
WBGene00023104.,39,46,85
WBGene00023105.,0,0,0
WBGene00023106.,0,0,0
WBGene00023107.,0,0,0
WBGene00023108.,0,0,0
WBGene00023109.,0,0,0
WBGene00023110.,0,0,0
WBGene00023111.,0,0,0
WBGene00023112.,0,0,0
WBGene00023113.,0,0,0
WBGene00023115.,0,0,0
WBGene00023116.,0,0,0
WBGene00023117.,0,0,0
WBGene00023118.,0,0,0
WBGene00023119.,0,0,0
WBGene00023120.,0,0,0
WBGene00023121.,0,0,0
WBGene00023122.,0,0,0
WBGene00023123.,0,0,0
WBGene00023124.,0,0,0
WBGene00023125.,0,0,0
WBGene00023126.,0,0,0
WBGene00023127.,0,0,0
WBGene00023128.,0,0,0
WBGene00023129.,0,0,0
WBGene00023130.,0,0,0
WBGene00023131.,0,0,0
WBGene00023132.,0,0,0
WBGene00023133.,0,0,0
WBGene00023134.,0,0,0
WBGene00023135.,0,0,0
WBGene00023136.,0,0,0
WBGene00023137.,0,0,0
WBGene00023138.,0,0,0
WBGene00023139.,0,0,0
WBGene00023140.,0,0,0
WBGene00023141.,0,0,0
WBGene00023142.,0,3,3
WBGene00023143.,0,0,0
WBGene00023144.,0,0,0
WBGene00023145.,0,0,0
WBGene00023146.,0,0,0
WBGene00023147.,0,0,0
WBGene00023148.,0,0,0
WBGene00023149.,0,0,0
WBGene00023150.,0,0,0
WBGene00023151.,0,0,0
WBGene00023152.,0,0,0
WBGene00023153.,0,0,0
WBGene00023154.,0,0,0
WBGene00023155.,0,0,0
WBGene00023156.,0,0,0
WBGene00023157.,0,0,0
WBGene00023158.,0,0,0
WBGene00023159.,0,0,0
WBGene00023160.,0,0,0
WBGene00023161.,0,0,0
WBGene00023162.,0,0,0
WBGene00023163.,1,1,2
WBGene00023164.,0,0,0
WBGene00023165.,0,0,0
WBGene00023166.,0,0,0
WBGene00023167.,0,0,0
WBGene00023168.,0,1,1
WBGene00023169.,0,0,0
WBGene00023170.,0,0,0
WBGene00023171.,0,0,0
WBGene00023172.,16,74,90
WBGene00023173.,0,0,0
WBGene00023174.,0,0,0
WBGene00023175.,0,0,0
WBGene00023176.,0,0,0
WBGene00023177.,0,0,0
WBGene00023178.,0,0,0
WBGene00023179.,0,0,0
WBGene00023180.,0,0,0
WBGene00023181.,0,0,0
WBGene00023182.,0,0,0
WBGene00023183.,0,8,8
WBGene00023184.,0,0,0
WBGene00023185.,0,0,0
WBGene00023186.,0,0,0
WBGene00023187.,0,0,0
WBGene00023188.,0,0,0
WBGene00023189.,0,0,0
WBGene00023190.,0,0,0
WBGene00023191.,14,14,28
WBGene00023192.,0,0,0
WBGene00023193.,0,17,17
WBGene00023194.,0,0,0
WBGene00023195.,0,0,0
WBGene00023196.,0,0,0
WBGene00023197.,0,0,0
WBGene00023198.,0,0,0
WBGene00023199.,0,0,0
WBGene00023200.,0,0,0
WBGene00023201.,0,0,0
WBGene00023202.,0,0,0
WBGene00023203.,0,0,0
WBGene00023204.,0,0,0
WBGene00023205.,0,70,70
WBGene00023206.,0,0,0
WBGene00023207.,0,0,0
WBGene00023208.,0,0,0
WBGene00023209.,66,8177,8243
WBGene00023210.,0,0,0
WBGene00023211.,0,0,0
WBGene00023212.,0,0,0
WBGene00023213.,0,0,0
WBGene00023214.,0,0,0
WBGene00023215.,0,0,0
WBGene00023216.,0,0,0
WBGene00023217.,0,0,0
WBGene00023218.,0,0,0
WBGene00023219.,0,0,0
WBGene00023220.,0,0,0
WBGene00023221.,0,0,0
WBGene00023222.,0,0,0
WBGene00023223.,46,22,68
WBGene00023224.,0,1,1
WBGene00023225.,0,2,2
WBGene00023226.,1,4,5
WBGene00023227.,0,0,0
WBGene00023228.,0,0,0
WBGene00023229.,0,0,0
WBGene00023230.,0,0,0
WBGene00023231.,0,0,0
WBGene00023232.,0,0,0
WBGene00023233.,0,0,0
WBGene00023234.,0,0,0
WBGene00023235.,1,1,2
WBGene00023236.,0,0,0
WBGene00023237.,0,5,5
WBGene00023238.,0,0,0
WBGene00023239.,1,15,16
WBGene00023240.,0,1,1
WBGene00023241.,0,5,5
WBGene00023242.,0,0,0
WBGene00023243.,0,0,0
WBGene00023244.,6,3,9
WBGene00023245.,3,192,195
WBGene00023246.,0,42,42
WBGene00023247.,0,3,3
WBGene00023248.,0,3,3
WBGene00023249.,0,2,2
WBGene00023250.,0,0,0
WBGene00023251.,0,0,0
WBGene00023252.,0,67,67
WBGene00023253.,0,0,0
WBGene00023254.,0,0,0
WBGene00023255.,0,0,0
WBGene00023256.,0,0,0
WBGene00023257.,0,0,0
WBGene00023259.,1,3,4
WBGene00023260.,0,0,0
WBGene00023262.,0,4,4
WBGene00023263.,0,3752,3752
WBGene00023264.,21,8,29
WBGene00023265.,1,0,1
WBGene00023266.,0,0,0
WBGene00023267.,0,0,0
WBGene00023268.,0,8,8
WBGene00023269.,0,0,0
WBGene00023270.,2,15,17
WBGene00023271.,0,2,2
WBGene00023272.,0,4,4
WBGene00023273.,6,23,29
WBGene00023274.,2,2,4
WBGene00023275.,0,0,0
WBGene00023276.,0,49,49
WBGene00023277.,1,40,41
WBGene00023278.,0,1,1
WBGene00023279.,0,6,6
WBGene00023281.,0,23,23
WBGene00023282.,0,5,5
WBGene00023283.,0,0,0
WBGene00023284.,4,294,298
WBGene00023285.,0,12,12
WBGene00023287.,0,3,3
WBGene00023288.,0,3,3
WBGene00023289.,0,0,0
WBGene00023290.,0,0,0
WBGene00023291.,0,0,0
WBGene00023293.,0,7,7
WBGene00023294.,0,3,3
WBGene00023295.,0,0,0
WBGene00023296.,0,0,0
WBGene00023297.,0,0,0
WBGene00023298.,0,0,0
WBGene00023299.,0,0,0
WBGene00023300.,0,0,0
WBGene00023301.,1,1,2
WBGene00023302.,2,157,159
WBGene00023303.,3,5,8
WBGene00023304.,0,0,0
WBGene00023305.,0,1,1
WBGene00023306.,1,2,3
WBGene00023307.,0,0,0
WBGene00023308.,10,0,10
WBGene00023309.,0,1,1
WBGene00023310.,0,2,2
WBGene00023311.,0,2,2
WBGene00023312.,0,0,0
WBGene00023313.,0,0,0
WBGene00023314.,0,20,20
WBGene00023315.,0,0,0
WBGene00023316.,0,1,1
WBGene00023317.,1,0,1
WBGene00023318.,13,143,156
WBGene00023319.,0,90,90
WBGene00023320.,0,1,1
WBGene00023321.,0,0,0
WBGene00023322.,0,0,0
WBGene00023323.,23,334,357
WBGene00023324.,0,0,0
WBGene00023325.,3,9,12
WBGene00023326.,0,24,24
WBGene00023327.,0,0,0
WBGene00023328.,0,0,0
WBGene00023329.,0,0,0
WBGene00023330.,7,0,7
WBGene00023331.,0,2,2
WBGene00023332.,0,0,0
WBGene00023333.,0,0,0
WBGene00023334.,0,0,0
WBGene00023335.,0,1,1
WBGene00023336.,0,1,1
WBGene00023337.,0,1,1
WBGene00023338.,4,0,4
WBGene00023339.,1,1,2
WBGene00023340.,2,3,5
WBGene00023341.,0,0,0
WBGene00023342.,0,0,0
WBGene00023343.,0,0,0
WBGene00023344.,0,0,0
WBGene00023345.,0,0,0
WBGene00023346.,0,0,0
WBGene00023348.,1,4,5
WBGene00023349.,0,0,0
WBGene00023351.,0,9,9
WBGene00023352.,0,0,0
WBGene00023353.,0,0,0
WBGene00023354.,0,0,0
WBGene00023355.,306,116,422
WBGene00023356.,0,2,2
WBGene00023357.,0,0,0
WBGene00023358.,0,1,1
WBGene00023359.,0,0,0
WBGene00023360.,0,0,0
WBGene00023361.,0,0,0
WBGene00023362.,0,0,0
WBGene00023363.,0,0,0
WBGene00023364.,0,46,46
WBGene00023365.,0,0,0
WBGene00023366.,0,0,0
WBGene00023367.,0,0,0
WBGene00023368.,0,0,0
WBGene00023369.,0,0,0
WBGene00023370.,0,0,0
WBGene00023371.,0,0,0
WBGene00023372.,0,0,0
WBGene00023373.,0,2,2
WBGene00023375.,0,0,0
WBGene00023376.,0,1,1
WBGene00023377.,0,2,2
WBGene00023378.,0,0,0
WBGene00023379.,0,0,0
WBGene00023380.,0,0,0
WBGene00023381.,0,1,1
WBGene00023382.,0,0,0
WBGene00023383.,0,2,2
WBGene00023384.,0,0,0
WBGene00023385.,0,0,0
WBGene00023386.,0,0,0
WBGene00023387.,0,0,0
WBGene00023388.,0,0,0
WBGene00023389.,0,0,0
WBGene00023390.,0,0,0
WBGene00023391.,0,0,0
WBGene00023392.,0,0,0
WBGene00023393.,0,0,0
WBGene00023394.,0,0,0
WBGene00023395.,3,93,96
WBGene00023396.,0,16,16
WBGene00023397.,0,2,2
WBGene00023398.,0,0,0
WBGene00023399.,0,1,1
WBGene00023400.,0,2,2
WBGene00023401.,0,1956,1956
WBGene00023402.,0,3,3
WBGene00023404.,84,366,450
WBGene00023405.,138,1740,1878
WBGene00023407.,211,8773,8984
WBGene00023408.,75,7811,7886
WBGene00023409.,60,761,821
WBGene00023410.,4,1,5
WBGene00023411.,5,14,19
WBGene00023413.,5,16,21
WBGene00023414.,289,919,1208
WBGene00023415.,65,337,402
WBGene00023416.,51,1139,1190
WBGene00023417.,19,2011,2030
WBGene00023418.,19,1513,1532
WBGene00023419.,16,303,319
WBGene00023420.,1,35,36
WBGene00023421.,46,424,470
WBGene00023422.,94,950,1044
WBGene00023423.,87,114,201
WBGene00023424.,4,15,19
WBGene00023425.,2,16,18
WBGene00023427.,78,321,399
WBGene00023428.,0,0,0
WBGene00023429.,0,0,0
WBGene00023430.,0,0,0
WBGene00023431.,85,154,239
WBGene00023432.,234,3802,4036
WBGene00023450.,71,385,456
WBGene00023451.,20,182,202
WBGene00023452.,0,0,0
WBGene00023453.,0,6,6
WBGene00023454.,0,0,0
WBGene00023455.,0,0,0
WBGene00023456.,0,0,0
WBGene00023457.,0,0,0
WBGene00023458.,25,905,930
WBGene00023459.,5,2,7
WBGene00023460.,4,83,87
WBGene00023461.,0,0,0
WBGene00023462.,5,5,10
WBGene00023463.,5,0,5
WBGene00023464.,4,5,9
WBGene00023465.,11,18,29
WBGene00023466.,0,0,0
WBGene00023467.,0,0,0
WBGene00023468.,0,0,0
WBGene00023469.,0,0,0
WBGene00023470.,2,6,8
WBGene00023471.,19,3,22
WBGene00023472.,44,419,463
WBGene00023474.,2,0,2
WBGene00023475.,8,2,10
WBGene00023476.,0,2,2
WBGene00023477.,0,2,2
WBGene00023478.,3,7,10
WBGene00023479.,7,2,9
WBGene00023480.,13,29,42
WBGene00023481.,0,4,4
WBGene00023482.,0,0,0
WBGene00023483.,1,2,3
WBGene00023484.,10,6,16
WBGene00023485.,6,4139,4145
WBGene00023486.,29,249,278
WBGene00023487.,148,5627,5775
WBGene00023488.,14,4,18
WBGene00023489.,665,97,762
WBGene00023490.,31,527,558
WBGene00023491.,265,789,1054
WBGene00023492.,6,53,59
WBGene00023493.,1,13,14
WBGene00023497.,90,1448,1538
WBGene00023498.,35,1174,1209
WBGene00023499.,2,4,6
WBGene00023500.,15,183,198
WBGene00023501.,73,744,817
WBGene00023502.,19,138,157
WBGene00023503.,18,61,79
WBGene00023504.,668,4908,5576
WBGene00023505.,3,3,6
WBGene00023506.,2,1,3
WBGene00023507.,0,0,0
WBGene00023508.,1,1,2
WBGene00023509.,0,2,2
WBGene00023510.,0,0,0
WBGene00023511.,2,6,8
WBGene00023512.,1,1,2
WBGene00023513.,1,1,2
WBGene00023514.,5,7,12
WBGene00023515.,25,41,66
WBGene00023516.,1,2,3
WBGene00023517.,1,9,10
WBGene00023518.,0,0,0
WBGene00023519.,26,131,157
WBGene00023520.,56,260,316
WBGene00043049.,29,91,120
WBGene00043050.,201,1927,2128
WBGene00043051.,149,835,984
WBGene00043052.,1,2,3
WBGene00043053.,162,177,339
WBGene00043054.,38,555,593
WBGene00043055.,0,0,0
WBGene00043056.,262,701,963
WBGene00043057.,102,944,1046
WBGene00043058.,1,2,3
WBGene00043059.,5,1,6
WBGene00043060.,299,2479,2778
WBGene00043061.,41,15,56
WBGene00043062.,14,31,45
WBGene00043064.,19,2854,2873
WBGene00043065.,9,17,26
WBGene00043066.,17,93,110
WBGene00043067.,116,2370,2486
WBGene00043068.,26,345,371
WBGene00043069.,8,14,22
WBGene00043097.,295,7014,7309
WBGene00043120.,9,74,83
WBGene00043147.,0,3,3
WBGene00043156.,45,156,201
WBGene00043187.,0,1,1
WBGene00043239.,12,0,12
WBGene00043279.,336,1356,1692
WBGene00043283.,4,1,5
WBGene00043297.,545,7645,8190
WBGene00043302.,36,264,300
WBGene00043308.,2,236,238
WBGene00043327.,0,0,0
WBGene00043328.,0,0,0
WBGene00043466.,4,1,5
WBGene00043469.,1,0,1
WBGene00043534.,40,52,92
WBGene00043666.,0,10,10
WBGene00043702.,0,286,286
WBGene00043705.,66,368,434
WBGene00043743.,0,0,0
WBGene00043948.,0,0,0
WBGene00043952.,31,37,68
WBGene00043980.,7,6,13
WBGene00043981.,59,228,287
WBGene00043982.,104,1247,1351
WBGene00043983.,73,1611,1684
WBGene00043984.,0,2,2
WBGene00043985.,21,123,144
WBGene00043986.,5,2,7
WBGene00043987.,0,0,0
WBGene00043988.,61,82,143
WBGene00043989.,0,0,0
WBGene00043990.,0,0,0
WBGene00043991.,0,0,0
WBGene00043992.,69,395,464
WBGene00043993.,1,0,1
WBGene00043994.,57,1386,1443
WBGene00043995.,183,774,957
WBGene00043996.,75,23,98
WBGene00043997.,89,399,488
WBGene00043998.,13,169,182
WBGene00044000.,11,11,22
WBGene00044001.,38,1873,1911
WBGene00044002.,0,0,0
WBGene00044003.,8,3,11
WBGene00044004.,0,293,293
WBGene00044005.,2,23,25
WBGene00044006.,154,1993,2147
WBGene00044007.,174,1005,1179
WBGene00044008.,181,2094,2275
WBGene00044009.,114,959,1073
WBGene00044011.,0,3,3
WBGene00044012.,3,8,11
WBGene00044013.,1,0,1
WBGene00044014.,1,1,2
WBGene00044015.,0,204,204
WBGene00044016.,3,64,67
WBGene00044018.,4,0,4
WBGene00044019.,41,465,506
WBGene00044020.,6,83,89
WBGene00044021.,86,598,684
WBGene00044022.,3,6,9
WBGene00044024.,11,31,42
WBGene00044025.,242,4765,5007
WBGene00044026.,34,2460,2494
WBGene00044027.,1,25,26
WBGene00044028.,18,411,429
WBGene00044029.,172,1515,1687
WBGene00044030.,13,18,31
WBGene00044031.,0,1,1
WBGene00044032.,4,33,37
WBGene00044034.,0,117,117
WBGene00044035.,21,385,406
WBGene00044036.,0,0,0
WBGene00044037.,0,7,7
WBGene00044038.,17,11,28
WBGene00044040.,0,0,0
WBGene00044041.,35,2,37
WBGene00044042.,0,0,0
WBGene00044043.,0,1,1
WBGene00044044.,7,12,19
WBGene00044045.,80,460,540
WBGene00044046.,0,1,1
WBGene00044047.,0,6,6
WBGene00044048.,18,27,45
WBGene00044049.,462,3198,3660
WBGene00044051.,0,10,10
WBGene00044052.,0,1,1
WBGene00044053.,9,367,376
WBGene00044054.,15,3,18
WBGene00044056.,15,1,16
WBGene00044057.,0,1,1
WBGene00044058.,5,6,11
WBGene00044059.,3,7,10
WBGene00044061.,237,968,1205
WBGene00044062.,3,17,20
WBGene00044063.,68,2324,2392
WBGene00044065.,236,637,873
WBGene00044066.,0,71,71
WBGene00044067.,9,366,375
WBGene00044068.,411,3689,4100
WBGene00044069.,40,845,885
WBGene00044070.,184,3044,3228
WBGene00044071.,139,1725,1864
WBGene00044072.,285,2098,2383
WBGene00044073.,21,246,267
WBGene00044074.,16,2,18
WBGene00044077.,135,2891,3026
WBGene00044078.,1718,20255,21973
WBGene00044079.,849,6404,7253
WBGene00044080.,1,5,6
WBGene00044081.,2,2,4
WBGene00044082.,38,1214,1252
WBGene00044083.,1,0,1
WBGene00044084.,8,0,8
WBGene00044085.,0,8,8
WBGene00044086.,0,0,0
WBGene00044087.,38,16,54
WBGene00044088.,2,2,4
WBGene00044089.,2,1,3
WBGene00044090.,2,12,14
WBGene00044091.,18,31,49
WBGene00044092.,15,18,33
WBGene00044093.,1,11,12
WBGene00044094.,46,750,796
WBGene00044095.,7,10,17
WBGene00044096.,2,2,4
WBGene00044097.,0,3,3
WBGene00044099.,0,0,0
WBGene00044100.,2,1,3
WBGene00044101.,4,3,7
WBGene00044102.,4,18,22
WBGene00044103.,0,8,8
WBGene00044104.,9,6,15
WBGene00044105.,2,4,6
WBGene00044106.,1,0,1
WBGene00044107.,2,113,115
WBGene00044109.,0,1,1
WBGene00044112.,3,12,15
WBGene00044113.,1,22,23
WBGene00044114.,5,3,8
WBGene00044115.,1,5,6
WBGene00044116.,6,4,10
WBGene00044117.,0,13,13
WBGene00044119.,0,5,5
WBGene00044120.,84,631,715
WBGene00044121.,8,8,16
WBGene00044122.,71,74,145
WBGene00044124.,5,9,14
WBGene00044125.,78,65,143
WBGene00044126.,2,4,6
WBGene00044127.,0,2,2
WBGene00044128.,0,3,3
WBGene00044129.,0,0,0
WBGene00044130.,7,6,13
WBGene00044131.,0,0,0
WBGene00044132.,18,73,91
WBGene00044133.,0,0,0
WBGene00044134.,61,433,494
WBGene00044135.,17,36,53
WBGene00044136.,3,4,7
WBGene00044137.,1,39,40
WBGene00044138.,40,228,268
WBGene00044139.,13,47,60
WBGene00044140.,0,6,6
WBGene00044141.,0,33,33
WBGene00044142.,9,22,31
WBGene00044143.,228,523,751
WBGene00044144.,14,646,660
WBGene00044145.,0,16,16
WBGene00044146.,1,0,1
WBGene00044147.,0,6,6
WBGene00044148.,5,11,16
WBGene00044149.,0,0,0
WBGene00044150.,10,83,93
WBGene00044151.,29,176,205
WBGene00044152.,2,12,14
WBGene00044153.,12,16,28
WBGene00044154.,6,23,29
WBGene00044155.,59,54,113
WBGene00044156.,8,101,109
WBGene00044157.,1,0,1
WBGene00044158.,5,3,8
WBGene00044159.,0,0,0
WBGene00044160.,10,1,11
WBGene00044161.,7,13,20
WBGene00044162.,1,0,1
WBGene00044163.,3,13,16
WBGene00044164.,0,1,1
WBGene00044166.,11,125,136
WBGene00044167.,55,913,968
WBGene00044168.,15,191,206
WBGene00044169.,4,20,24
WBGene00044170.,4,14,18
WBGene00044171.,0,1,1
WBGene00044174.,5,21,26
WBGene00044175.,0,17,17
WBGene00044176.,73,1523,1596
WBGene00044177.,12,8,20
WBGene00044178.,0,0,0
WBGene00044179.,3,3,6
WBGene00044180.,147,256,403
WBGene00044181.,4,20,24
WBGene00044182.,2,12,14
WBGene00044183.,1,4,5
WBGene00044184.,0,23,23
WBGene00044185.,0,0,0
WBGene00044187.,1662,39,1701
WBGene00044188.,59,782,841
WBGene00044189.,2,23,25
WBGene00044191.,354,3436,3790
WBGene00044192.,1,3,4
WBGene00044193.,0,52,52
WBGene00044194.,0,1,1
WBGene00044195.,2,1,3
WBGene00044196.,0,0,0
WBGene00044197.,0,17,17
WBGene00044198.,1,32,33
WBGene00044199.,1,0,1
WBGene00044200.,106,521,627
WBGene00044201.,0,296,296
WBGene00044202.,1,0,1
WBGene00044203.,3,7,10
WBGene00044204.,32,791,823
WBGene00044205.,7,212,219
WBGene00044206.,109,1737,1846
WBGene00044207.,2,8,10
WBGene00044208.,0,0,0
WBGene00044209.,4,97,101
WBGene00044210.,124,1118,1242
WBGene00044211.,2,60,62
WBGene00044212.,6,39,45
WBGene00044213.,11,120,131
WBGene00044215.,0,0,0
WBGene00044216.,2,10,12
WBGene00044217.,0,10,10
WBGene00044218.,13,429,442
WBGene00044219.,0,0,0
WBGene00044220.,3,30,33
WBGene00044221.,57,1581,1638
WBGene00044222.,0,17,17
WBGene00044224.,29,12,41
WBGene00044225.,0,3,3
WBGene00044226.,0,6,6
WBGene00044227.,12,25,37
WBGene00044228.,27,33,60
WBGene00044229.,3,8,11
WBGene00044230.,2,4,6
WBGene00044232.,25,4,29
WBGene00044233.,75,240,315
WBGene00044235.,0,2,2
WBGene00044236.,7,979,986
WBGene00044237.,8,2,10
WBGene00044238.,41,206,247
WBGene00044239.,37,815,852
WBGene00044240.,5,6,11
WBGene00044241.,12,174,186
WBGene00044242.,0,0,0
WBGene00044243.,10,39,49
WBGene00044244.,0,2,2
WBGene00044245.,0,28,28
WBGene00044246.,2,1,3
WBGene00044247.,2,2,4
WBGene00044249.,12,24,36
WBGene00044250.,3,34,37
WBGene00044251.,23,264,287
WBGene00044253.,24,675,699
WBGene00044256.,2,7,9
WBGene00044257.,4,20,24
WBGene00044258.,55,85,140
WBGene00044259.,1,4,5
WBGene00044260.,222,16152,16374
WBGene00044261.,17,15,32
WBGene00044262.,37,34,71
WBGene00044263.,0,2,2
WBGene00044264.,3,4,7
WBGene00044265.,21,420,441
WBGene00044266.,0,3,3
WBGene00044267.,0,1,1
WBGene00044268.,11,14,25
WBGene00044270.,3,1,4
WBGene00044271.,0,0,0
WBGene00044272.,0,0,0
WBGene00044273.,0,0,0
WBGene00044274.,0,0,0
WBGene00044275.,0,0,0
WBGene00044276.,0,0,0
WBGene00044277.,0,3,3
WBGene00044278.,3,9,12
WBGene00044279.,2,12,14
WBGene00044280.,3939,2321,6260
WBGene00044281.,8,23,31
WBGene00044282.,3,3,6
WBGene00044283.,560,2281,2841
WBGene00044284.,3,28,31
WBGene00044285.,1,8,9
WBGene00044286.,7,8,15
WBGene00044287.,1,12,13
WBGene00044288.,1,27,28
WBGene00044289.,138,6376,6514
WBGene00044290.,534,503,1037
WBGene00044291.,212,1689,1901
WBGene00044292.,2,17,19
WBGene00044293.,3,8,11
WBGene00044294.,141,678,819
WBGene00044295.,8,105,113
WBGene00044296.,25,564,589
WBGene00044297.,57,132,189
WBGene00044298.,0,3,3
WBGene00044299.,4,30,34
WBGene00044300.,13,28,41
WBGene00044301.,273,4742,5015
WBGene00044302.,2,90,92
WBGene00044303.,54,492,546
WBGene00044304.,191,361,552
WBGene00044305.,19,1167,1186
WBGene00044306.,4,7,11
WBGene00044307.,1,8,9
WBGene00044308.,3,16,19
WBGene00044309.,1,7,8
WBGene00044310.,54,332,386
WBGene00044311.,24,286,310
WBGene00044312.,16,92,108
WBGene00044313.,15,74,89
WBGene00044314.,1,5,6
WBGene00044315.,1,7,8
WBGene00044316.,186,1098,1284
WBGene00044317.,0,23,23
WBGene00044318.,51,2827,2878
WBGene00044319.,12,582,594
WBGene00044321.,165,1562,1727
WBGene00044322.,21,1149,1170
WBGene00044323.,39,833,872
WBGene00044324.,6,1735,1741
WBGene00044325.,59,843,902
WBGene00044326.,254,2629,2883
WBGene00044329.,96,1647,1743
WBGene00044330.,16,502,518
WBGene00044331.,1,7,8
WBGene00044332.,0,61,61
WBGene00044333.,3,10,13
WBGene00044337.,0,0,0
WBGene00044338.,4,141,145
WBGene00044339.,0,3,3
WBGene00044340.,0,0,0
WBGene00044341.,74,742,816
WBGene00044342.,218,488,706
WBGene00044343.,2,12,14
WBGene00044344.,52,856,908
WBGene00044345.,49,550,599
WBGene00044346.,0,1,1
WBGene00044347.,12,21,33
WBGene00044348.,374,244,618
WBGene00044349.,78,231,309
WBGene00044350.,153,660,813
WBGene00044352.,2,3,5
WBGene00044353.,13,51,64
WBGene00044354.,26,159,185
WBGene00044355.,9,94,103
WBGene00044356.,2,10,12
WBGene00044357.,0,0,0
WBGene00044358.,14,9,23
WBGene00044359.,2,10,12
WBGene00044360.,0,3,3
WBGene00044361.,0,0,0
WBGene00044362.,1,2,3
WBGene00044363.,13,259,272
WBGene00044364.,0,1,1
WBGene00044365.,0,2,2
WBGene00044366.,0,8,8
WBGene00044367.,12,160,172
WBGene00044368.,40,22,62
WBGene00044369.,2,2,4
WBGene00044370.,0,0,0
WBGene00044371.,0,1,1
WBGene00044372.,0,0,0
WBGene00044373.,28,1000,1028
WBGene00044374.,15,57,72
WBGene00044375.,0,2,2
WBGene00044376.,0,7,7
WBGene00044377.,0,1,1
WBGene00044378.,0,0,0
WBGene00044379.,0,8,8
WBGene00044380.,6,48,54
WBGene00044381.,19,33,52
WBGene00044382.,9,125,134
WBGene00044383.,1,11,12
WBGene00044384.,38,2,40
WBGene00044385.,3,4,7
WBGene00044386.,10,107,117
WBGene00044387.,50,1316,1366
WBGene00044388.,0,0,0
WBGene00044389.,299,4633,4932
WBGene00044390.,4,19,23
WBGene00044391.,79,93,172
WBGene00044392.,7,48,55
WBGene00044393.,0,4,4
WBGene00044394.,1,13,14
WBGene00044395.,1,11,12
WBGene00044396.,37,1403,1440
WBGene00044397.,0,7,7
WBGene00044398.,0,4,4
WBGene00044399.,0,2,2
WBGene00044401.,141,1515,1656
WBGene00044402.,7,16,23
WBGene00044403.,47,311,358
WBGene00044405.,8,4,12
WBGene00044406.,11,343,354
WBGene00044409.,21,92,113
WBGene00044410.,65,329,394
WBGene00044411.,190,1249,1439
WBGene00044412.,23,1025,1048
WBGene00044413.,367,139,506
WBGene00044414.,15,45,60
WBGene00044415.,0,3,3
WBGene00044416.,0,3,3
WBGene00044417.,1,22,23
WBGene00044418.,541,3340,3881
WBGene00044419.,5,8,13
WBGene00044420.,25,847,872
WBGene00044421.,194,1452,1646
WBGene00044423.,15,86,101
WBGene00044424.,0,4,4
WBGene00044425.,1,0,1
WBGene00044427.,20,125,145
WBGene00044428.,33,24,57
WBGene00044429.,5,1,6
WBGene00044430.,5,0,5
WBGene00044431.,193,1247,1440
WBGene00044432.,2,3,5
WBGene00044433.,450,4744,5194
WBGene00044434.,11,23,34
WBGene00044435.,0,61,61
WBGene00044436.,15,255,270
WBGene00044437.,92,97,189
WBGene00044438.,217,566,783
WBGene00044439.,0,11,11
WBGene00044440.,185,387,572
WBGene00044441.,0,7,7
WBGene00044442.,23,2296,2319
WBGene00044443.,197,6038,6235
WBGene00044444.,4,1,5
WBGene00044445.,179,1081,1260
WBGene00044446.,1,3,4
WBGene00044447.,1,1,2
WBGene00044448.,0,5,5
WBGene00044449.,0,1,1
WBGene00044450.,0,0,0
WBGene00044451.,0,1,1
WBGene00044452.,85,975,1060
WBGene00044453.,0,29,29
WBGene00044454.,0,2,2
WBGene00044455.,7,92,99
WBGene00044457.,3,88,91
WBGene00044458.,0,0,0
WBGene00044459.,80,170,250
WBGene00044460.,4,11,15
WBGene00044461.,56,36,92
WBGene00044462.,13,58,71
WBGene00044463.,13,65,78
WBGene00044464.,89,266,355
WBGene00044466.,22,687,709
WBGene00044467.,405,1708,2113
WBGene00044468.,82,2272,2354
WBGene00044469.,0,2,2
WBGene00044470.,4,17,21
WBGene00044471.,20,494,514
WBGene00044472.,2,52,54
WBGene00044473.,0,0,0
WBGene00044474.,0,0,0
WBGene00044475.,0,0,0
WBGene00044476.,0,2,2
WBGene00044477.,36,406,442
WBGene00044478.,20,407,427
WBGene00044479.,48,558,606
WBGene00044480.,1,7,8
WBGene00044481.,82,1213,1295
WBGene00044482.,68,574,642
WBGene00044483.,9,826,835
WBGene00044484.,87,655,742
WBGene00044485.,328,2632,2960
WBGene00044486.,7,55,62
WBGene00044487.,17,170,187
WBGene00044488.,15,76,91
WBGene00044489.,0,105,105
WBGene00044490.,0,78,78
WBGene00044491.,1,33,34
WBGene00044492.,25,65,90
WBGene00044493.,33,639,672
WBGene00044495.,61,155,216
WBGene00044498.,0,3,3
WBGene00044499.,1,19,20
WBGene00044500.,376,2204,2580
WBGene00044501.,40,0,40
WBGene00044502.,11,86,97
WBGene00044503.,0,9,9
WBGene00044504.,20,171,191
WBGene00044505.,18,7,25
WBGene00044508.,180,2137,2317
WBGene00044509.,17,829,846
WBGene00044510.,35,202,237
WBGene00044511.,9,107,116
WBGene00044512.,46,924,970
WBGene00044513.,153,1178,1331
WBGene00044514.,304,11752,12056
WBGene00044515.,10,71,81
WBGene00044516.,0,1,1
WBGene00044517.,189,324,513
WBGene00044518.,0,2,2
WBGene00044519.,5,0,5
WBGene00044520.,0,11,11
WBGene00044521.,1,13,14
WBGene00044523.,2,0,2
WBGene00044524.,0,8,8
WBGene00044525.,22,102,124
WBGene00044526.,5,130,135
WBGene00044527.,24,377,401
WBGene00044528.,79,155,234
WBGene00044529.,46,50,96
WBGene00044530.,0,52,52
WBGene00044531.,22,3,25
WBGene00044533.,0,15,15
WBGene00044534.,61,200,261
WBGene00044535.,2,20,22
WBGene00044536.,285,9189,9474
WBGene00044537.,0,1,1
WBGene00044538.,4,1,5
WBGene00044539.,5,30,35
WBGene00044541.,0,13,13
WBGene00044542.,41,10,51
WBGene00044543.,0,0,0
WBGene00044544.,448,799,1247
WBGene00044545.,8,6,14
WBGene00044546.,27,63,90
WBGene00044547.,0,183,183
WBGene00044548.,0,0,0
WBGene00044549.,4,0,4
WBGene00044550.,6,1,7
WBGene00044551.,5,52,57
WBGene00044552.,1,15,16
WBGene00044553.,33,2518,2551
WBGene00044554.,34,176,210
WBGene00044556.,13,280,293
WBGene00044557.,55,217,272
WBGene00044558.,0,1,1
WBGene00044559.,3,60,63
WBGene00044560.,15,15,30
WBGene00044561.,2,0,2
WBGene00044562.,0,73,73
WBGene00044563.,13,6,19
WBGene00044564.,5,6,11
WBGene00044565.,0,3,3
WBGene00044567.,5,2,7
WBGene00044568.,211,2676,2887
WBGene00044569.,11,15,26
WBGene00044570.,597,701,1298
WBGene00044571.,103,15,118
WBGene00044573.,2,5,7
WBGene00044574.,45,33,78
WBGene00044575.,2,4,6
WBGene00044577.,0,0,0
WBGene00044578.,0,29,29
WBGene00044579.,6,3,9
WBGene00044580.,0,0,0
WBGene00044581.,1,0,1
WBGene00044582.,15,71,86
WBGene00044583.,0,3,3
WBGene00044584.,17,50,67
WBGene00044585.,1,2,3
WBGene00044586.,2,28,30
WBGene00044587.,0,5,5
WBGene00044588.,55,260,315
WBGene00044589.,0,3,3
WBGene00044602.,9,1,10
WBGene00044603.,48,200,248
WBGene00044604.,40,760,800
WBGene00044605.,230,2076,2306
WBGene00044606.,0,0,0
WBGene00044607.,67,770,837
WBGene00044608.,18,683,701
WBGene00044609.,284,556,840
WBGene00044610.,0,11,11
WBGene00044611.,40,222,262
WBGene00044612.,50,855,905
WBGene00044614.,57,749,806
WBGene00044615.,84,930,1014
WBGene00044616.,1,2,3
WBGene00044617.,6,79,85
WBGene00044618.,11,226,237
WBGene00044620.,13,66,79
WBGene00044621.,0,30,30
WBGene00044623.,2,16,18
WBGene00044630.,43,119,162
WBGene00044631.,17,73,90
WBGene00044632.,11,30,41
WBGene00044633.,2,11,13
WBGene00044634.,1,0,1
WBGene00044636.,263,4575,4838
WBGene00044637.,28,145,173
WBGene00044638.,0,209,209
WBGene00044639.,2,1,3
WBGene00044640.,518,5537,6055
WBGene00044641.,60,27,87
WBGene00044642.,5,2,7
WBGene00044643.,16,2468,2484
WBGene00044644.,115,1057,1172
WBGene00044645.,5,32,37
WBGene00044646.,11,51,62
WBGene00044648.,26,505,531
WBGene00044649.,48,19,67
WBGene00044650.,1226,3578,4804
WBGene00044651.,431,484,915
WBGene00044653.,6,23,29
WBGene00044654.,7,137,144
WBGene00044655.,1,11,12
WBGene00044657.,0,0,0
WBGene00044658.,0,16,16
WBGene00044659.,2,44,46
WBGene00044660.,34,302,336
WBGene00044661.,5,65,70
WBGene00044662.,5,0,5
WBGene00044663.,2,86,88
WBGene00044664.,5,13,18
WBGene00044665.,11,11,22
WBGene00044666.,50,938,988
WBGene00044667.,15,190,205
WBGene00044668.,0,1,1
WBGene00044670.,95,1,96
WBGene00044672.,21,284,305
WBGene00044673.,1,0,1
WBGene00044674.,0,1,1
WBGene00044675.,32,680,712
WBGene00044676.,5,91,96
WBGene00044677.,756,1153,1909
WBGene00044678.,6,59,65
WBGene00044679.,25,449,474
WBGene00044680.,1,2,3
WBGene00044681.,323,3135,3458
WBGene00044683.,1,0,1
WBGene00044684.,3,21,24
WBGene00044686.,51,3373,3424
WBGene00044687.,7,6,13
WBGene00044689.,374,1423,1797
WBGene00044690.,46,378,424
WBGene00044691.,0,0,0
WBGene00044692.,2,7,9
WBGene00044693.,0,1,1
WBGene00044694.,0,1,1
WBGene00044695.,1,1,2
WBGene00044696.,396,4415,4811
WBGene00044697.,14,133,147
WBGene00044698.,85,2498,2583
WBGene00044699.,40,621,661
WBGene00044700.,24,74,98
WBGene00044701.,162,1004,1166
WBGene00044702.,2,4,6
WBGene00044703.,0,2,2
WBGene00044704.,0,6,6
WBGene00044705.,31,178,209
WBGene00044706.,3,1,4
WBGene00044707.,2,2,4
WBGene00044708.,14,3,17
WBGene00044709.,0,0,0
WBGene00044710.,0,0,0
WBGene00044711.,1,1,2
WBGene00044712.,3,36,39
WBGene00044713.,1,1,2
WBGene00044714.,3,0,3
WBGene00044716.,0,0,0
WBGene00044718.,0,1,1
WBGene00044719.,2,22,24
WBGene00044720.,0,37,37
WBGene00044722.,0,0,0
WBGene00044723.,2,5,7
WBGene00044724.,3,18,21
WBGene00044725.,24,497,521
WBGene00044726.,20,21,41
WBGene00044727.,0,0,0
WBGene00044728.,0,67072,67072
WBGene00044729.,0,8,8
WBGene00044732.,4,147,151
WBGene00044733.,1,16,17
WBGene00044734.,0,0,0
WBGene00044735.,0,0,0
WBGene00044736.,73,816,889
WBGene00044737.,553,6505,7058
WBGene00044738.,41,50,91
WBGene00044739.,0,5,5
WBGene00044741.,4,14,18
WBGene00044742.,0,23,23
WBGene00044743.,124,1671,1795
WBGene00044744.,12,89,101
WBGene00044745.,84,255,339
WBGene00044746.,0,931,931
WBGene00044747.,0,0,0
WBGene00044748.,0,0,0
WBGene00044749.,0,0,0
WBGene00044750.,0,0,0
WBGene00044751.,0,0,0
WBGene00044752.,0,14,14
WBGene00044753.,23,44,67
WBGene00044754.,9,7,16
WBGene00044755.,0,3,3
WBGene00044756.,31,150,181
WBGene00044757.,82,1287,1369
WBGene00044758.,20,156,176
WBGene00044759.,1,25,26
WBGene00044760.,6,15,21
WBGene00044761.,91,670,761
WBGene00044762.,100,3518,3618
WBGene00044763.,10,20,30
WBGene00044764.,57,180,237
WBGene00044767.,7,308,315
WBGene00044768.,17,5,22
WBGene00044769.,1,1,2
WBGene00044770.,57,367,424
WBGene00044771.,90,336,426
WBGene00044772.,133,423,556
WBGene00044773.,18,30,48
WBGene00044774.,200,1140,1340
WBGene00044775.,0,1,1
WBGene00044776.,45,320,365
WBGene00044777.,1,0,1
WBGene00044778.,1,0,1
WBGene00044779.,165,1886,2051
WBGene00044780.,15,40,55
WBGene00044781.,0,2,2
WBGene00044782.,0,0,0
WBGene00044783.,5,28,33
WBGene00044784.,31,3175,3206
WBGene00044786.,0,0,0
WBGene00044787.,3,5,8
WBGene00044788.,18,66,84
WBGene00044789.,8,351,359
WBGene00044790.,29,423,452
WBGene00044791.,3,9,12
WBGene00044792.,111,603,714
WBGene00044794.,0,0,0
WBGene00044795.,47,465,512
WBGene00044796.,12,21,33
WBGene00044797.,0,78,78
WBGene00044798.,5,0,5
WBGene00044799.,0,79,79
WBGene00044800.,0,0,0
WBGene00044801.,0,0,0
WBGene00044802.,0,0,0
WBGene00044803.,51,106,157
WBGene00044804.,2,1,3
WBGene00044805.,1,5,6
WBGene00044806.,8,81,89
WBGene00044807.,5,114,119
WBGene00044808.,0,1,1
WBGene00044809.,0,0,0
WBGene00044810.,1,3,4
WBGene00044811.,194,3131,3325
WBGene00044889.,0,1,1
WBGene00044891.,199,2505,2704
WBGene00044892.,1,1,2
WBGene00044894.,36,340,376
WBGene00044895.,61,81,142
WBGene00044896.,24,5,29
WBGene00044897.,0,13,13
WBGene00044898.,28,27,55
WBGene00044900.,88,1351,1439
WBGene00044901.,1,88,89
WBGene00044902.,0,0,0
WBGene00044903.,81,194,275
WBGene00044905.,1,6,7
WBGene00044906.,2,52,54
WBGene00044907.,20,15,35
WBGene00044908.,8,23,31
WBGene00044909.,10,29,39
WBGene00044911.,9,8,17
WBGene00044912.,7,4,11
WBGene00044914.,0,3,3
WBGene00044916.,125,2079,2204
WBGene00044917.,3,25,28
WBGene00044920.,24,170,194
WBGene00044921.,312,9466,9778
WBGene00044922.,72,1858,1930
WBGene00044923.,0,0,0
WBGene00044924.,198,876,1074
WBGene00044925.,0,0,0
WBGene00044926.,0,3,3
WBGene00044927.,0,9,9
WBGene00044928.,0,0,0
WBGene00044929.,0,0,0
WBGene00044930.,0,0,0
WBGene00044931.,0,0,0
WBGene00044932.,0,0,0
WBGene00044933.,0,29,29
WBGene00044934.,0,42,42
WBGene00044935.,0,0,0
WBGene00044936.,0,0,0
WBGene00044937.,0,0,0
WBGene00044938.,0,7,7
WBGene00044939.,0,0,0
WBGene00044940.,0,0,0
WBGene00044941.,0,0,0
WBGene00044942.,0,0,0
WBGene00044943.,0,0,0
WBGene00044944.,0,0,0
WBGene00044945.,0,0,0
WBGene00044946.,0,0,0
WBGene00044947.,0,2,2
WBGene00044948.,0,0,0
WBGene00044949.,47,767,814
WBGene00044951.,0,0,0
WBGene00044952.,0,0,0
WBGene00044953.,1,2,3
WBGene00044954.,0,0,0
WBGene00044955.,0,0,0
WBGene00044956.,0,0,0
WBGene00044957.,0,0,0
WBGene00044958.,0,0,0
WBGene00044960.,7,416,423
WBGene00044961.,0,4,4
WBGene00044962.,0,0,0
WBGene00044963.,0,0,0
WBGene00044964.,0,0,0
WBGene00044965.,0,0,0
WBGene00044966.,0,0,0
WBGene00044967.,0,0,0
WBGene00044968.,0,0,0
WBGene00044969.,0,0,0
WBGene00044970.,0,0,0
WBGene00044971.,0,3,3
WBGene00044972.,0,0,0
WBGene00044973.,0,0,0
WBGene00044974.,0,0,0
WBGene00044975.,0,4,4
WBGene00044976.,0,46,46
WBGene00044977.,97,1742,1839
WBGene00044978.,0,1,1
WBGene00044979.,7,56,63
WBGene00044980.,0,0,0
WBGene00044981.,0,0,0
WBGene00044982.,0,0,0
WBGene00044983.,0,0,0
WBGene00044984.,0,0,0
WBGene00044985.,0,0,0
WBGene00044986.,0,0,0
WBGene00044987.,82,665,747
WBGene00044988.,0,4,4
WBGene00044989.,523,1744,2267
WBGene00044990.,48,498,546
WBGene00044991.,27,156,183
WBGene00044995.,0,0,0
WBGene00044997.,0,19,19
WBGene00044998.,0,1,1
WBGene00045000.,0,10,10
WBGene00045002.,0,1,1
WBGene00045003.,0,0,0
WBGene00045006.,0,0,0
WBGene00045007.,0,0,0
WBGene00045009.,0,0,0
WBGene00045011.,0,0,0
WBGene00045012.,0,1,1
WBGene00045013.,7,869,876
WBGene00045016.,0,6,6
WBGene00045017.,0,2,2
WBGene00045018.,0,4,4
WBGene00045019.,0,0,0
WBGene00045022.,0,1,1
WBGene00045024.,10,9,19
WBGene00045025.,3,3,6
WBGene00045026.,1,0,1
WBGene00045027.,0,2,2
WBGene00045028.,0,2,2
WBGene00045029.,0,4,4
WBGene00045036.,10,79,89
WBGene00045037.,0,0,0
WBGene00045038.,1,3,4
WBGene00045040.,2,1,3
WBGene00045043.,131,2,133
WBGene00045045.,21,5,26
WBGene00045046.,0,1,1
WBGene00045048.,0,93,93
WBGene00045050.,8,182,190
WBGene00045051.,0,0,0
WBGene00045052.,38,646,684
WBGene00045053.,33,146,179
WBGene00045055.,0,0,0
WBGene00045056.,62,1105,1167
WBGene00045057.,0,0,0
WBGene00045058.,23,144,167
WBGene00045059.,12,10,22
WBGene00045060.,5,10,15
WBGene00045061.,0,1,1
WBGene00045062.,0,88,88
WBGene00045063.,215,385,600
WBGene00045065.,0,0,0
WBGene00045066.,29,2,31
WBGene00045067.,0,10,10
WBGene00045068.,1,6,7
WBGene00045069.,0,1,1
WBGene00045071.,0,3,3
WBGene00045072.,0,0,0
WBGene00045074.,0,0,0
WBGene00045075.,1,10,11
WBGene00045076.,1,17,18
WBGene00045077.,39,476,515
WBGene00045078.,35,321,356
WBGene00045082.,0,0,0
WBGene00045083.,0,31,31
WBGene00045084.,0,0,0
WBGene00045085.,0,0,0
WBGene00045086.,0,0,0
WBGene00045087.,0,0,0
WBGene00045088.,0,0,0
WBGene00045089.,0,4,4
WBGene00045090.,0,0,0
WBGene00045091.,0,2,2
WBGene00045092.,0,0,0
WBGene00045093.,0,138,138
WBGene00045094.,0,0,0
WBGene00045095.,0,157,157
WBGene00045096.,0,216,216
WBGene00045097.,11,27,38
WBGene00045098.,0,1,1
WBGene00045099.,1,1,2
WBGene00045100.,1,0,1
WBGene00045101.,1,8,9
WBGene00045102.,0,0,0
WBGene00045103.,2,3,5
WBGene00045104.,0,4,4
WBGene00045105.,0,1,1
WBGene00045106.,0,1,1
WBGene00045107.,0,1,1
WBGene00045108.,4,2,6
WBGene00045109.,0,0,0
WBGene00045110.,0,0,0
WBGene00045111.,0,0,0
WBGene00045112.,0,0,0
WBGene00045113.,0,0,0
WBGene00045114.,0,10,10
WBGene00045115.,0,0,0
WBGene00045116.,0,0,0
WBGene00045117.,0,11,11
WBGene00045118.,0,75,75
WBGene00045119.,0,8,8
WBGene00045120.,0,0,0
WBGene00045121.,0,69,69
WBGene00045122.,1,0,1
WBGene00045123.,0,10,10
WBGene00045124.,0,27,27
WBGene00045125.,0,0,0
WBGene00045126.,0,0,0
WBGene00045127.,0,11,11
WBGene00045128.,0,1,1
WBGene00045129.,0,202,202
WBGene00045130.,0,0,0
WBGene00045131.,0,0,0
WBGene00045132.,0,1748,1748
WBGene00045133.,0,9,9
WBGene00045134.,0,0,0
WBGene00045136.,0,0,0
WBGene00045137.,0,0,0
WBGene00045138.,0,0,0
WBGene00045139.,0,0,0
WBGene00045140.,0,21,21
WBGene00045141.,0,7,7
WBGene00045142.,0,124,124
WBGene00045143.,2,4,6
WBGene00045144.,11,3,14
WBGene00045145.,0,0,0
WBGene00045146.,33,366,399
WBGene00045147.,0,97,97
WBGene00045148.,0,0,0
WBGene00045149.,0,7,7
WBGene00045150.,0,24,24
WBGene00045151.,0,0,0
WBGene00045152.,0,0,0
WBGene00045153.,0,0,0
WBGene00045154.,0,0,0
WBGene00045155.,0,0,0
WBGene00045156.,0,91,91
WBGene00045157.,0,86,86
WBGene00045158.,0,0,0
WBGene00045159.,0,14,14
WBGene00045160.,0,2,2
WBGene00045161.,0,0,0
WBGene00045162.,0,23,23
WBGene00045163.,0,17,17
WBGene00045164.,0,15,15
WBGene00045165.,0,0,0
WBGene00045167.,0,3,3
WBGene00045168.,0,0,0
WBGene00045169.,0,0,0
WBGene00045170.,0,0,0
WBGene00045171.,0,325,325
WBGene00045172.,0,0,0
WBGene00045174.,0,0,0
WBGene00045175.,0,294,294
WBGene00045176.,0,20,20
WBGene00045177.,25,35,60
WBGene00045178.,0,29,29
WBGene00045179.,0,0,0
WBGene00045180.,0,0,0
WBGene00045182.,0,1,1
WBGene00045183.,18,442,460
WBGene00045184.,0,1,1
WBGene00045185.,0,0,0
WBGene00045188.,6,86,92
WBGene00045189.,0,72,72
WBGene00045190.,53,456,509
WBGene00045192.,2,1023,1025
WBGene00045193.,2,2,4
WBGene00045194.,0,0,0
WBGene00045195.,327,161,488
WBGene00045197.,0,75,75
WBGene00045198.,0,5,5
WBGene00045199.,0,0,0
WBGene00045200.,0,0,0
WBGene00045201.,0,6,6
WBGene00045202.,0,2,2
WBGene00045203.,0,0,0
WBGene00045204.,0,0,0
WBGene00045205.,0,0,0
WBGene00045207.,12,73,85
WBGene00045208.,0,1282,1282
WBGene00045209.,0,0,0
WBGene00045210.,19,101,120
WBGene00045211.,1,4,5
WBGene00045212.,231,2327,2558
WBGene00045215.,50,186,236
WBGene00045218.,12,71,83
WBGene00045234.,0,1,1
WBGene00045235.,0,1,1
WBGene00045236.,3,6,9
WBGene00045237.,57,1093,1150
WBGene00045238.,0,596,596
WBGene00045239.,2,5,7
WBGene00045242.,0,12,12
WBGene00045245.,102,1255,1357
WBGene00045246.,20,44,64
WBGene00045247.,14,21,35
WBGene00045248.,270,596,866
WBGene00045249.,71,1790,1861
WBGene00045250.,93,172,265
WBGene00045251.,1,0,1
WBGene00045252.,41,125,166
WBGene00045253.,69,357,426
WBGene00045254.,3,0,3
WBGene00045255.,536,1542,2078
WBGene00045261.,4,74,78
WBGene00045265.,1,5,6
WBGene00045268.,1,8,9
WBGene00045269.,0,6,6
WBGene00045270.,5,1,6
WBGene00045271.,11,148,159
WBGene00045272.,0,4747,4747
WBGene00045273.,1,3,4
WBGene00045275.,0,81,81
WBGene00045276.,0,2991,2991
WBGene00045277.,78,395,473
WBGene00045278.,0,1,1
WBGene00045279.,0,0,0
WBGene00045280.,4,2,6
WBGene00045281.,0,1,1
WBGene00045282.,7,7,14
WBGene00045283.,0,3,3
WBGene00045285.,0,1,1
WBGene00045286.,0,1,1
WBGene00045287.,0,2,2
WBGene00045289.,38,107,145
WBGene00045290.,0,3,3
WBGene00045291.,3,103,106
WBGene00045292.,4,37,41
WBGene00045293.,163,228,391
WBGene00045294.,0,1,1
WBGene00045295.,157,919,1076
WBGene00045297.,2,115,117
WBGene00045298.,0,5,5
WBGene00045299.,0,0,0
WBGene00045300.,0,0,0
WBGene00045301.,0,0,0
WBGene00045302.,3,3,6
WBGene00045303.,0,3,3
WBGene00045304.,0,0,0
WBGene00045305.,2,2340,2342
WBGene00045306.,3,11,14
WBGene00045308.,7,10,17
WBGene00045309.,3,8,11
WBGene00045311.,0,0,0
WBGene00045313.,0,0,0
WBGene00045314.,0,6,6
WBGene00045315.,0,7,7
WBGene00045316.,9,12,21
WBGene00045319.,0,6,6
WBGene00045321.,0,16,16
WBGene00045322.,0,17,17
WBGene00045323.,0,0,0
WBGene00045324.,0,0,0
WBGene00045325.,0,0,0
WBGene00045326.,0,0,0
WBGene00045327.,0,0,0
WBGene00045328.,0,0,0
WBGene00045329.,0,6,6
WBGene00045330.,0,0,0
WBGene00045331.,0,43,43
WBGene00045332.,0,0,0
WBGene00045336.,68,570,638
WBGene00045337.,1,41,42
WBGene00045338.,8,663,671
WBGene00045339.,3,248,251
WBGene00045340.,39,179,218
WBGene00045341.,0,0,0
WBGene00045342.,0,0,0
WBGene00045343.,0,0,0
WBGene00045344.,0,0,0
WBGene00045345.,1,7,8
WBGene00045346.,0,0,0
WBGene00045347.,0,0,0
WBGene00045348.,0,0,0
WBGene00045350.,0,3,3
WBGene00045351.,0,2,2
WBGene00045352.,0,1,1
WBGene00045353.,0,0,0
WBGene00045354.,0,0,0
WBGene00045355.,8,14,22
WBGene00045356.,16,158,174
WBGene00045357.,63,134,197
WBGene00045358.,0,0,0
WBGene00045359.,0,1,1
WBGene00045360.,0,1,1
WBGene00045361.,0,1,1
WBGene00045362.,0,2,2
WBGene00045363.,1,3,4
WBGene00045364.,19,2,21
WBGene00045365.,4,233,237
WBGene00045366.,899,2920,3819
WBGene00045367.,0,0,0
WBGene00045368.,0,0,0
WBGene00045369.,0,0,0
WBGene00045370.,0,0,0
WBGene00045371.,0,2,2
WBGene00045372.,0,0,0
WBGene00045373.,0,0,0
WBGene00045374.,0,0,0
WBGene00045375.,0,78,78
WBGene00045376.,0,0,0
WBGene00045377.,0,0,0
WBGene00045378.,0,5,5
WBGene00045379.,6,88,94
WBGene00045380.,0,0,0
WBGene00045381.,0,2,2
WBGene00045382.,1,41,42
WBGene00045383.,140,2303,2443
WBGene00045385.,6,18,24
WBGene00045386.,194,2507,2701
WBGene00045387.,432,3962,4394
WBGene00045388.,0,0,0
WBGene00045389.,0,0,0
WBGene00045390.,33,743,776
WBGene00045391.,0,16,16
WBGene00045392.,133,1389,1522
WBGene00045393.,9,23,32
WBGene00045394.,0,318,318
WBGene00045395.,51,232,283
WBGene00045396.,1035,582,1617
WBGene00045397.,445,4318,4763
WBGene00045398.,6,6,12
WBGene00045399.,1,29,30
WBGene00045400.,89,573,662
WBGene00045401.,1,31,32
WBGene00045402.,0,1,1
WBGene00045403.,42,415,457
WBGene00045404.,15,160,175
WBGene00045405.,52,403,455
WBGene00045406.,0,69,69
WBGene00045407.,119,1296,1415
WBGene00045408.,2,3,5
WBGene00045410.,81,743,824
WBGene00045411.,306,10673,10979
WBGene00045412.,11,1804,1815
WBGene00045413.,139,96,235
WBGene00045414.,16,22,38
WBGene00045415.,19,141,160
WBGene00045416.,2,9,11
WBGene00045417.,3,3,6
WBGene00045418.,102,3134,3236
WBGene00045419.,590,4814,5404
WBGene00045433.,119,784,903
WBGene00045434.,182,1111,1293
WBGene00045455.,2,19,21
WBGene00045456.,5,2,7
WBGene00045457.,7,800,807
WBGene00045458.,2,21,23
WBGene00045459.,0,2,2
WBGene00045460.,0,31,31
WBGene00045461.,201,3092,3293
WBGene00045468.,2,22,24
WBGene00045473.,2,6,8
WBGene00045474.,3,3,6
WBGene00045475.,19,28,47
WBGene00045480.,163,265,428
WBGene00045481.,6,4,10
WBGene00045482.,95,359,454
WBGene00045483.,359,5243,5602
WBGene00045484.,20,49,69
WBGene00045486.,0,0,0
WBGene00045487.,0,0,0
WBGene00045488.,7,37,44
WBGene00045490.,1,0,1
WBGene00045491.,0,0,0
WBGene00045492.,0,2,2
WBGene00045493.,0,1,1
WBGene00045494.,23,8,31
WBGene00045495.,73,1371,1444
WBGene00045496.,2,1,3
WBGene00045497.,11,15,26
WBGene00045498.,0,6,6
WBGene00045500.,4,12,16
WBGene00045501.,2,3,5
WBGene00045502.,0,2,2
WBGene00045506.,9,0,9
WBGene00045507.,13,1945,1958
WBGene00045508.,2,1,3
WBGene00045509.,142,315,457
WBGene00045510.,1,3,4
WBGene00045511.,14,54,68
WBGene00045513.,4,1,5
WBGene00045514.,0,0,0
WBGene00045515.,1,2,3
WBGene00045516.,1,867,868
WBGene00045517.,205,1767,1972
WBGene00045518.,0,0,0
WBGene00045519.,0,0,0
WBGene00045520.,0,0,0
WBGene00045521.,0,0,0
WBGene00045522.,0,0,0
WBGene00045523.,0,0,0
WBGene00045524.,0,0,0
WBGene00045525.,0,0,0
WBGene00045526.,0,0,0
WBGene00045527.,0,0,0
WBGene00045528.,0,0,0
WBGene00045529.,0,0,0
WBGene00045530.,0,0,0
WBGene00045531.,0,0,0
WBGene00045532.,0,0,0
WBGene00045533.,0,0,0
WBGene00045534.,0,0,0
WBGene00045535.,0,0,0
WBGene00045536.,0,0,0
WBGene00045537.,0,0,0
WBGene00045538.,0,0,0
WBGene00045539.,0,0,0
WBGene00045540.,0,0,0
WBGene00045541.,0,0,0
WBGene00045542.,0,0,0
WBGene00045543.,0,0,0
WBGene00045544.,0,0,0
WBGene00045545.,0,0,0
WBGene00045546.,0,0,0
WBGene00045547.,0,0,0
WBGene00045548.,0,0,0
WBGene00045549.,0,0,0
WBGene00045550.,0,0,0
WBGene00045551.,0,0,0
WBGene00045552.,0,0,0
WBGene00045553.,0,0,0
WBGene00045554.,0,0,0
WBGene00045555.,0,0,0
WBGene00045556.,0,0,0
WBGene00045557.,0,0,0
WBGene00045558.,0,0,0
WBGene00045559.,0,0,0
WBGene00045560.,0,0,0
WBGene00045561.,0,0,0
WBGene00045562.,0,0,0
WBGene00045563.,0,0,0
WBGene00045564.,0,0,0
WBGene00045565.,0,0,0
WBGene00045566.,0,0,0
WBGene00045567.,0,0,0
WBGene00045568.,0,0,0
WBGene00045569.,0,0,0
WBGene00045570.,0,0,0
WBGene00045571.,0,0,0
WBGene00045572.,0,0,0
WBGene00045573.,0,0,0
WBGene00045574.,0,0,0
WBGene00045575.,0,0,0
WBGene00045576.,0,0,0
WBGene00045577.,0,0,0
WBGene00045578.,0,0,0
WBGene00045579.,0,0,0
WBGene00045580.,0,0,0
WBGene00045581.,0,0,0
WBGene00045582.,0,0,0
WBGene00045583.,0,0,0
WBGene00045584.,0,0,0
WBGene00045585.,0,0,0
WBGene00045586.,0,0,0
WBGene00045587.,0,0,0
WBGene00045588.,0,0,0
WBGene00045589.,0,0,0
WBGene00045590.,0,0,0
WBGene00045591.,0,0,0
WBGene00045592.,0,0,0
WBGene00045593.,0,0,0
WBGene00045594.,0,0,0
WBGene00045595.,0,0,0
WBGene00045596.,0,0,0
WBGene00045597.,0,0,0
WBGene00045598.,0,0,0
WBGene00045599.,0,0,0
WBGene00045600.,0,0,0
WBGene00045601.,0,0,0
WBGene00045602.,0,0,0
WBGene00045603.,0,0,0
WBGene00045604.,0,0,0
WBGene00045605.,0,0,0
WBGene00045606.,0,0,0
WBGene00045607.,0,0,0
WBGene00045608.,0,0,0
WBGene00045609.,0,0,0
WBGene00045610.,0,0,0
WBGene00045611.,0,0,0
WBGene00045612.,0,0,0
WBGene00045613.,0,0,0
WBGene00045614.,0,0,0
WBGene00045615.,0,0,0
WBGene00045616.,0,0,0
WBGene00045617.,0,0,0
WBGene00045618.,0,0,0
WBGene00045619.,0,0,0
WBGene00045620.,0,0,0
WBGene00045621.,0,0,0
WBGene00045622.,0,0,0
WBGene00045623.,0,0,0
WBGene00045624.,0,0,0
WBGene00045625.,0,0,0
WBGene00045626.,0,0,0
WBGene00045627.,0,0,0
WBGene00045628.,0,0,0
WBGene00045629.,0,0,0
WBGene00045630.,0,0,0
WBGene00045631.,0,0,0
WBGene00045632.,0,0,0
WBGene00045633.,0,0,0
WBGene00045634.,0,0,0
WBGene00045635.,0,0,0
WBGene00045636.,0,0,0
WBGene00045637.,0,0,0
WBGene00045638.,0,0,0
WBGene00045639.,0,0,0
WBGene00045640.,0,0,0
WBGene00045641.,0,0,0
WBGene00045642.,0,0,0
WBGene00045643.,0,0,0
WBGene00045644.,0,0,0
WBGene00045645.,0,0,0
WBGene00045646.,0,0,0
WBGene00045647.,0,0,0
WBGene00045648.,0,0,0
WBGene00045649.,0,0,0
WBGene00045650.,0,0,0
WBGene00045651.,0,0,0
WBGene00045652.,0,0,0
WBGene00045653.,0,0,0
WBGene00045654.,0,0,0
WBGene00045655.,0,0,0
WBGene00045656.,0,0,0
WBGene00045657.,0,0,0
WBGene00045658.,0,0,0
WBGene00045659.,0,0,0
WBGene00045660.,0,0,0
WBGene00045661.,0,0,0
WBGene00045662.,0,0,0
WBGene00045663.,0,0,0
WBGene00045664.,0,0,0
WBGene00045665.,0,0,0
WBGene00045666.,0,0,0
WBGene00045667.,0,0,0
WBGene00045668.,0,0,0
WBGene00045669.,0,0,0
WBGene00045670.,0,0,0
WBGene00045671.,0,0,0
WBGene00045672.,0,0,0
WBGene00045673.,0,0,0
WBGene00045674.,0,0,0
WBGene00045675.,0,0,0
WBGene00045676.,0,0,0
WBGene00045677.,0,0,0
WBGene00045678.,0,0,0
WBGene00045679.,0,0,0
WBGene00045680.,0,0,0
WBGene00045681.,0,0,0
WBGene00045682.,0,0,0
WBGene00045683.,0,0,0
WBGene00045684.,0,0,0
WBGene00045685.,0,0,0
WBGene00045686.,0,0,0
WBGene00045687.,0,0,0
WBGene00045688.,0,0,0
WBGene00045689.,0,0,0
WBGene00045690.,0,0,0
WBGene00045691.,0,0,0
WBGene00045692.,0,0,0
WBGene00045693.,0,0,0
WBGene00045694.,0,0,0
WBGene00045695.,0,0,0
WBGene00045696.,0,0,0
WBGene00045697.,0,0,0
WBGene00045698.,0,0,0
WBGene00045699.,0,0,0
WBGene00045700.,0,0,0
WBGene00045701.,0,0,0
WBGene00045702.,0,0,0
WBGene00045703.,0,0,0
WBGene00045704.,0,0,0
WBGene00045705.,0,0,0
WBGene00045706.,0,0,0
WBGene00045707.,0,0,0
WBGene00045708.,0,0,0
WBGene00045709.,0,0,0
WBGene00045710.,0,0,0
WBGene00045711.,0,0,0
WBGene00045712.,0,0,0
WBGene00045713.,0,0,0
WBGene00045714.,0,0,0
WBGene00045715.,0,0,0
WBGene00045716.,0,0,0
WBGene00045717.,0,0,0
WBGene00045718.,0,0,0
WBGene00045719.,0,0,0
WBGene00045720.,0,0,0
WBGene00045721.,0,0,0
WBGene00045722.,0,0,0
WBGene00045723.,0,0,0
WBGene00045724.,0,0,0
WBGene00045725.,0,0,0
WBGene00045726.,0,0,0
WBGene00045727.,0,0,0
WBGene00045728.,0,0,0
WBGene00045729.,0,0,0
WBGene00045730.,0,0,0
WBGene00045731.,0,0,0
WBGene00045732.,0,0,0
WBGene00045733.,0,0,0
WBGene00045734.,0,0,0
WBGene00045735.,0,0,0
WBGene00045736.,0,0,0
WBGene00045737.,0,0,0
WBGene00045738.,0,0,0
WBGene00045739.,0,0,0
WBGene00045740.,0,0,0
WBGene00045741.,0,0,0
WBGene00045743.,0,0,0
WBGene00045744.,0,0,0
WBGene00045745.,0,0,0
WBGene00045746.,0,0,0
WBGene00045747.,0,0,0
WBGene00045748.,0,0,0
WBGene00045749.,0,0,0
WBGene00045750.,0,0,0
WBGene00045751.,0,0,0
WBGene00045752.,0,0,0
WBGene00045753.,0,0,0
WBGene00045754.,0,0,0
WBGene00045755.,0,0,0
WBGene00045756.,0,0,0
WBGene00045757.,0,0,0
WBGene00045758.,0,0,0
WBGene00045759.,0,0,0
WBGene00045760.,0,0,0
WBGene00045761.,0,0,0
WBGene00045762.,0,0,0
WBGene00045763.,0,0,0
WBGene00045764.,0,0,0
WBGene00045765.,0,0,0
WBGene00045766.,0,0,0
WBGene00045767.,0,0,0
WBGene00045768.,0,0,0
WBGene00045769.,0,0,0
WBGene00045770.,0,0,0
WBGene00045771.,0,0,0
WBGene00045772.,0,0,0
WBGene00045773.,0,0,0
WBGene00045774.,0,0,0
WBGene00045775.,0,0,0
WBGene00045776.,0,0,0
WBGene00045777.,0,0,0
WBGene00045778.,0,0,0
WBGene00045779.,0,0,0
WBGene00045780.,0,0,0
WBGene00045781.,0,0,0
WBGene00045782.,0,0,0
WBGene00045783.,0,0,0
WBGene00045784.,0,0,0
WBGene00045785.,0,0,0
WBGene00045786.,0,0,0
WBGene00045787.,0,0,0
WBGene00045788.,0,0,0
WBGene00045789.,0,0,0
WBGene00045790.,0,0,0
WBGene00045791.,0,0,0
WBGene00045792.,0,0,0
WBGene00045793.,0,0,0
WBGene00045794.,0,0,0
WBGene00045795.,0,0,0
WBGene00045796.,0,0,0
WBGene00045797.,0,0,0
WBGene00045798.,0,0,0
WBGene00045799.,0,0,0
WBGene00045800.,0,0,0
WBGene00045801.,0,0,0
WBGene00045802.,0,0,0
WBGene00045803.,0,0,0
WBGene00045804.,0,0,0
WBGene00045805.,0,0,0
WBGene00045806.,0,0,0
WBGene00045807.,0,0,0
WBGene00045808.,0,0,0
WBGene00045809.,0,0,0
WBGene00045810.,0,0,0
WBGene00045811.,0,0,0
WBGene00045812.,0,0,0
WBGene00045813.,0,0,0
WBGene00045814.,0,0,0
WBGene00045815.,0,0,0
WBGene00045816.,0,0,0
WBGene00045817.,0,0,0
WBGene00045818.,0,0,0
WBGene00045819.,0,0,0
WBGene00045820.,0,0,0
WBGene00045821.,0,0,0
WBGene00045822.,0,0,0
WBGene00045823.,0,0,0
WBGene00045824.,0,0,0
WBGene00045825.,0,0,0
WBGene00045826.,0,0,0
WBGene00045827.,0,0,0
WBGene00045828.,0,0,0
WBGene00045829.,0,0,0
WBGene00045830.,0,0,0
WBGene00045831.,0,0,0
WBGene00045832.,0,0,0
WBGene00045833.,0,0,0
WBGene00045834.,0,0,0
WBGene00045835.,0,0,0
WBGene00045836.,0,0,0
WBGene00045837.,0,0,0
WBGene00045838.,0,0,0
WBGene00045839.,0,0,0
WBGene00045840.,0,0,0
WBGene00045841.,0,0,0
WBGene00045842.,0,0,0
WBGene00045843.,0,0,0
WBGene00045844.,0,0,0
WBGene00045845.,0,0,0
WBGene00045846.,0,0,0
WBGene00045847.,0,0,0
WBGene00045848.,0,0,0
WBGene00045849.,0,0,0
WBGene00045850.,0,0,0
WBGene00045851.,0,0,0
WBGene00045852.,0,0,0
WBGene00045853.,0,0,0
WBGene00045854.,0,0,0
WBGene00045855.,0,0,0
WBGene00045856.,0,0,0
WBGene00045857.,0,0,0
WBGene00045858.,0,0,0
WBGene00045859.,0,0,0
WBGene00045860.,0,0,0
WBGene00045861.,0,0,0
WBGene00045862.,0,0,0
WBGene00045863.,0,0,0
WBGene00045864.,0,0,0
WBGene00045865.,0,0,0
WBGene00045866.,0,0,0
WBGene00045867.,0,0,0
WBGene00045868.,0,0,0
WBGene00045869.,0,0,0
WBGene00045870.,0,0,0
WBGene00045871.,0,0,0
WBGene00045872.,0,0,0
WBGene00045873.,0,0,0
WBGene00045874.,0,0,0
WBGene00045875.,0,0,0
WBGene00045876.,0,0,0
WBGene00045877.,0,0,0
WBGene00045878.,0,0,0
WBGene00045879.,0,0,0
WBGene00045880.,0,0,0
WBGene00045881.,0,0,0
WBGene00045882.,0,0,0
WBGene00045883.,0,0,0
WBGene00045884.,0,0,0
WBGene00045885.,0,0,0
WBGene00045886.,0,0,0
WBGene00045887.,0,0,0
WBGene00045888.,0,0,0
WBGene00045889.,0,0,0
WBGene00045890.,0,0,0
WBGene00045891.,0,0,0
WBGene00045892.,0,0,0
WBGene00045893.,0,0,0
WBGene00045894.,0,0,0
WBGene00045895.,0,0,0
WBGene00045896.,0,0,0
WBGene00045897.,0,0,0
WBGene00045898.,0,0,0
WBGene00045899.,0,0,0
WBGene00045900.,0,0,0
WBGene00045901.,0,0,0
WBGene00045902.,0,0,0
WBGene00045903.,0,0,0
WBGene00045904.,0,0,0
WBGene00045905.,0,0,0
WBGene00045906.,0,0,0
WBGene00045907.,0,0,0
WBGene00045908.,0,0,0
WBGene00045909.,0,0,0
WBGene00045910.,0,0,0
WBGene00045911.,0,0,0
WBGene00045912.,0,0,0
WBGene00045913.,0,0,0
WBGene00045914.,0,0,0
WBGene00045915.,0,0,0
WBGene00045916.,0,0,0
WBGene00045917.,0,0,0
WBGene00045918.,0,0,0
WBGene00045919.,0,0,0
WBGene00045920.,0,0,0
WBGene00045921.,0,0,0
WBGene00045922.,0,0,0
WBGene00045923.,0,0,0
WBGene00045924.,0,0,0
WBGene00045925.,0,0,0
WBGene00045926.,0,0,0
WBGene00045927.,0,0,0
WBGene00045928.,0,0,0
WBGene00045929.,0,0,0
WBGene00045930.,0,0,0
WBGene00045931.,0,0,0
WBGene00045932.,0,0,0
WBGene00045933.,0,0,0
WBGene00045934.,0,0,0
WBGene00045935.,0,0,0
WBGene00045936.,0,0,0
WBGene00045937.,0,0,0
WBGene00045938.,0,0,0
WBGene00045939.,0,0,0
WBGene00045940.,0,0,0
WBGene00045941.,0,0,0
WBGene00045942.,0,0,0
WBGene00045943.,0,0,0
WBGene00045944.,0,0,0
WBGene00045945.,0,0,0
WBGene00045946.,0,0,0
WBGene00045947.,0,0,0
WBGene00045948.,0,0,0
WBGene00045949.,0,0,0
WBGene00045950.,0,0,0
WBGene00045951.,0,0,0
WBGene00045952.,0,0,0
WBGene00045953.,0,0,0
WBGene00045954.,0,0,0
WBGene00045955.,0,0,0
WBGene00045956.,0,0,0
WBGene00045957.,0,0,0
WBGene00045958.,0,0,0
WBGene00045959.,0,0,0
WBGene00045960.,0,0,0
WBGene00045961.,0,0,0
WBGene00045962.,0,0,0
WBGene00045963.,0,0,0
WBGene00045964.,0,0,0
WBGene00045965.,0,0,0
WBGene00045966.,0,0,0
WBGene00045967.,0,0,0
WBGene00045968.,0,0,0
WBGene00045969.,0,0,0
WBGene00045970.,0,0,0
WBGene00045971.,0,0,0
WBGene00045972.,0,0,0
WBGene00045973.,0,0,0
WBGene00045974.,0,0,0
WBGene00045975.,0,0,0
WBGene00045976.,0,0,0
WBGene00045977.,0,0,0
WBGene00045978.,0,0,0
WBGene00045979.,0,0,0
WBGene00045980.,0,0,0
WBGene00045981.,0,0,0
WBGene00045982.,0,0,0
WBGene00045983.,0,0,0
WBGene00045984.,0,0,0
WBGene00045985.,0,0,0
WBGene00045986.,0,0,0
WBGene00045987.,0,0,0
WBGene00045988.,0,0,0
WBGene00045989.,0,0,0
WBGene00045990.,0,0,0
WBGene00045991.,0,0,0
WBGene00045992.,0,0,0
WBGene00045993.,0,0,0
WBGene00045994.,0,0,0
WBGene00045995.,0,0,0
WBGene00045996.,0,0,0
WBGene00045997.,0,0,0
WBGene00045998.,0,0,0
WBGene00045999.,0,0,0
WBGene00046000.,0,0,0
WBGene00046001.,0,0,0
WBGene00046002.,0,0,0
WBGene00046003.,0,0,0
WBGene00046004.,0,0,0
WBGene00046005.,0,0,0
WBGene00046006.,0,0,0
WBGene00046007.,0,0,0
WBGene00046008.,0,0,0
WBGene00046009.,0,0,0
WBGene00046010.,0,0,0
WBGene00046011.,0,0,0
WBGene00046012.,0,0,0
WBGene00046013.,0,0,0
WBGene00046014.,0,0,0
WBGene00046015.,0,0,0
WBGene00046016.,0,0,0
WBGene00046017.,0,0,0
WBGene00046018.,0,0,0
WBGene00046019.,0,0,0
WBGene00046020.,0,0,0
WBGene00046021.,0,0,0
WBGene00046022.,0,0,0
WBGene00046023.,0,0,0
WBGene00046024.,0,0,0
WBGene00046025.,0,0,0
WBGene00046026.,0,0,0
WBGene00046027.,0,0,0
WBGene00046028.,0,0,0
WBGene00046029.,0,0,0
WBGene00046030.,0,0,0
WBGene00046031.,0,0,0
WBGene00046032.,0,0,0
WBGene00046033.,0,0,0
WBGene00046034.,0,0,0
WBGene00046035.,0,0,0
WBGene00046036.,0,0,0
WBGene00046037.,0,0,0
WBGene00046038.,0,0,0
WBGene00046039.,0,0,0
WBGene00046040.,0,0,0
WBGene00046041.,0,0,0
WBGene00046042.,0,0,0
WBGene00046043.,0,0,0
WBGene00046044.,0,0,0
WBGene00046045.,0,0,0
WBGene00046046.,0,0,0
WBGene00046047.,0,0,0
WBGene00046048.,0,0,0
WBGene00046049.,0,0,0
WBGene00046050.,0,0,0
WBGene00046051.,0,0,0
WBGene00046052.,0,0,0
WBGene00046053.,0,0,0
WBGene00046054.,0,0,0
WBGene00046055.,0,0,0
WBGene00046056.,0,0,0
WBGene00046057.,0,0,0
WBGene00046058.,0,0,0
WBGene00046059.,0,0,0
WBGene00046060.,0,0,0
WBGene00046061.,0,0,0
WBGene00046062.,0,0,0
WBGene00046063.,0,0,0
WBGene00046064.,0,0,0
WBGene00046065.,0,0,0
WBGene00046066.,0,0,0
WBGene00046067.,0,0,0
WBGene00046068.,0,0,0
WBGene00046069.,0,0,0
WBGene00046070.,0,0,0
WBGene00046071.,0,0,0
WBGene00046072.,0,0,0
WBGene00046073.,0,0,0
WBGene00046074.,0,0,0
WBGene00046075.,0,0,0
WBGene00046076.,0,0,0
WBGene00046077.,0,0,0
WBGene00046078.,0,0,0
WBGene00046079.,0,0,0
WBGene00046080.,0,0,0
WBGene00046081.,0,0,0
WBGene00046082.,0,0,0
WBGene00046083.,0,0,0
WBGene00046084.,0,0,0
WBGene00046085.,0,0,0
WBGene00046086.,0,0,0
WBGene00046087.,0,0,0
WBGene00046088.,0,0,0
WBGene00046089.,0,0,0
WBGene00046090.,0,0,0
WBGene00046091.,0,0,0
WBGene00046092.,0,0,0
WBGene00046093.,0,0,0
WBGene00046094.,0,0,0
WBGene00046095.,0,0,0
WBGene00046096.,0,0,0
WBGene00046097.,0,0,0
WBGene00046098.,0,0,0
WBGene00046099.,0,0,0
WBGene00046100.,0,0,0
WBGene00046101.,0,0,0
WBGene00046102.,0,0,0
WBGene00046103.,0,0,0
WBGene00046104.,0,0,0
WBGene00046105.,0,0,0
WBGene00046106.,0,0,0
WBGene00046107.,0,0,0
WBGene00046108.,0,0,0
WBGene00046109.,0,0,0
WBGene00046110.,0,0,0
WBGene00046111.,0,0,0
WBGene00046112.,0,0,0
WBGene00046113.,0,0,0
WBGene00046114.,0,0,0
WBGene00046115.,0,0,0
WBGene00046116.,0,0,0
WBGene00046117.,0,0,0
WBGene00046118.,0,0,0
WBGene00046119.,0,0,0
WBGene00046120.,0,0,0
WBGene00046121.,0,0,0
WBGene00046122.,0,0,0
WBGene00046123.,0,0,0
WBGene00046124.,0,0,0
WBGene00046125.,0,0,0
WBGene00046126.,0,0,0
WBGene00046127.,0,0,0
WBGene00046128.,0,0,0
WBGene00046129.,0,0,0
WBGene00046130.,0,0,0
WBGene00046131.,0,0,0
WBGene00046132.,0,0,0
WBGene00046133.,0,0,0
WBGene00046134.,0,0,0
WBGene00046135.,0,0,0
WBGene00046136.,0,0,0
WBGene00046137.,0,0,0
WBGene00046138.,0,0,0
WBGene00046139.,0,0,0
WBGene00046140.,0,0,0
WBGene00046141.,0,0,0
WBGene00046142.,0,0,0
WBGene00046143.,0,0,0
WBGene00046144.,0,0,0
WBGene00046145.,0,0,0
WBGene00046146.,0,0,0
WBGene00046147.,0,0,0
WBGene00046148.,0,0,0
WBGene00046149.,0,0,0
WBGene00046150.,0,0,0
WBGene00046151.,0,0,0
WBGene00046152.,0,0,0
WBGene00046153.,0,0,0
WBGene00046154.,0,0,0
WBGene00046155.,0,0,0
WBGene00046156.,0,0,0
WBGene00046157.,0,0,0
WBGene00046158.,0,0,0
WBGene00046159.,0,0,0
WBGene00046160.,0,0,0
WBGene00046161.,0,0,0
WBGene00046162.,0,0,0
WBGene00046163.,0,0,0
WBGene00046164.,0,0,0
WBGene00046165.,0,0,0
WBGene00046166.,0,0,0
WBGene00046167.,0,0,0
WBGene00046168.,0,0,0
WBGene00046169.,0,0,0
WBGene00046170.,0,0,0
WBGene00046171.,0,0,0
WBGene00046172.,0,0,0
WBGene00046173.,0,0,0
WBGene00046174.,0,0,0
WBGene00046175.,0,0,0
WBGene00046176.,0,0,0
WBGene00046177.,0,0,0
WBGene00046178.,0,0,0
WBGene00046179.,0,0,0
WBGene00046180.,0,0,0
WBGene00046181.,0,0,0
WBGene00046182.,0,0,0
WBGene00046183.,0,0,0
WBGene00046184.,0,0,0
WBGene00046185.,0,0,0
WBGene00046186.,0,0,0
WBGene00046187.,0,0,0
WBGene00046188.,0,0,0
WBGene00046189.,0,0,0
WBGene00046190.,0,0,0
WBGene00046191.,0,0,0
WBGene00046192.,0,0,0
WBGene00046193.,0,0,0
WBGene00046194.,0,0,0
WBGene00046195.,0,0,0
WBGene00046196.,0,0,0
WBGene00046197.,0,0,0
WBGene00046198.,0,0,0
WBGene00046199.,0,0,0
WBGene00046200.,0,0,0
WBGene00046201.,0,0,0
WBGene00046202.,0,0,0
WBGene00046203.,0,0,0
WBGene00046204.,0,0,0
WBGene00046205.,0,0,0
WBGene00046206.,0,0,0
WBGene00046207.,0,0,0
WBGene00046208.,0,0,0
WBGene00046209.,0,0,0
WBGene00046210.,0,0,0
WBGene00046211.,0,0,0
WBGene00046212.,0,0,0
WBGene00046213.,0,0,0
WBGene00046214.,0,0,0
WBGene00046215.,0,0,0
WBGene00046216.,0,0,0
WBGene00046217.,0,0,0
WBGene00046218.,0,0,0
WBGene00046219.,0,0,0
WBGene00046220.,0,0,0
WBGene00046221.,0,0,0
WBGene00046222.,0,0,0
WBGene00046223.,0,0,0
WBGene00046224.,0,0,0
WBGene00046225.,0,0,0
WBGene00046226.,0,0,0
WBGene00046227.,0,0,0
WBGene00046228.,0,0,0
WBGene00046229.,0,0,0
WBGene00046230.,0,0,0
WBGene00046231.,0,0,0
WBGene00046232.,0,0,0
WBGene00046233.,0,0,0
WBGene00046234.,0,0,0
WBGene00046235.,0,0,0
WBGene00046236.,0,0,0
WBGene00046237.,0,0,0
WBGene00046238.,0,0,0
WBGene00046239.,0,0,0
WBGene00046240.,0,0,0
WBGene00046241.,0,0,0
WBGene00046242.,0,0,0
WBGene00046243.,0,0,0
WBGene00046244.,0,0,0
WBGene00046245.,0,0,0
WBGene00046246.,0,0,0
WBGene00046247.,0,0,0
WBGene00046248.,0,0,0
WBGene00046249.,0,0,0
WBGene00046250.,0,0,0
WBGene00046251.,0,0,0
WBGene00046252.,0,0,0
WBGene00046253.,0,0,0
WBGene00046254.,0,0,0
WBGene00046255.,0,0,0
WBGene00046256.,0,0,0
WBGene00046257.,0,0,0
WBGene00046258.,0,0,0
WBGene00046259.,0,0,0
WBGene00046260.,0,0,0
WBGene00046261.,0,0,0
WBGene00046262.,0,0,0
WBGene00046263.,0,0,0
WBGene00046264.,0,0,0
WBGene00046265.,0,0,0
WBGene00046266.,0,0,0
WBGene00046267.,0,0,0
WBGene00046268.,0,0,0
WBGene00046269.,0,0,0
WBGene00046270.,0,0,0
WBGene00046271.,0,0,0
WBGene00046272.,0,0,0
WBGene00046273.,0,0,0
WBGene00046274.,0,0,0
WBGene00046275.,0,0,0
WBGene00046276.,0,0,0
WBGene00046277.,0,0,0
WBGene00046278.,0,0,0
WBGene00046279.,0,0,0
WBGene00046280.,0,0,0
WBGene00046281.,0,0,0
WBGene00046282.,0,0,0
WBGene00046283.,0,0,0
WBGene00046284.,0,0,0
WBGene00046285.,0,0,0
WBGene00046286.,0,0,0
WBGene00046287.,0,0,0
WBGene00046288.,0,0,0
WBGene00046289.,0,0,0
WBGene00046290.,0,0,0
WBGene00046291.,0,0,0
WBGene00046292.,0,0,0
WBGene00046293.,0,0,0
WBGene00046294.,0,0,0
WBGene00046295.,0,0,0
WBGene00046296.,0,0,0
WBGene00046297.,0,0,0
WBGene00046298.,0,0,0
WBGene00046299.,0,0,0
WBGene00046300.,0,0,0
WBGene00046301.,0,0,0
WBGene00046302.,0,0,0
WBGene00046303.,0,0,0
WBGene00046304.,0,0,0
WBGene00046305.,0,0,0
WBGene00046306.,0,0,0
WBGene00046307.,0,0,0
WBGene00046308.,0,0,0
WBGene00046309.,0,0,0
WBGene00046310.,0,0,0
WBGene00046311.,0,0,0
WBGene00046312.,0,0,0
WBGene00046313.,0,0,0
WBGene00046314.,0,0,0
WBGene00046315.,0,0,0
WBGene00046316.,0,0,0
WBGene00046317.,0,0,0
WBGene00046318.,0,0,0
WBGene00046319.,0,0,0
WBGene00046320.,0,0,0
WBGene00046321.,0,0,0
WBGene00046322.,0,0,0
WBGene00046323.,0,0,0
WBGene00046324.,0,0,0
WBGene00046325.,0,0,0
WBGene00046326.,0,0,0
WBGene00046327.,0,0,0
WBGene00046328.,0,0,0
WBGene00046329.,0,0,0
WBGene00046330.,0,0,0
WBGene00046331.,0,0,0
WBGene00046332.,0,0,0
WBGene00046333.,0,0,0
WBGene00046334.,0,0,0
WBGene00046335.,0,0,0
WBGene00046336.,0,0,0
WBGene00046337.,0,0,0
WBGene00046338.,0,0,0
WBGene00046339.,0,0,0
WBGene00046340.,0,0,0
WBGene00046341.,0,0,0
WBGene00046342.,0,0,0
WBGene00046343.,0,0,0
WBGene00046344.,0,0,0
WBGene00046345.,0,0,0
WBGene00046346.,0,0,0
WBGene00046347.,0,0,0
WBGene00046348.,0,0,0
WBGene00046349.,0,0,0
WBGene00046350.,0,0,0
WBGene00046351.,0,0,0
WBGene00046352.,0,0,0
WBGene00046353.,0,0,0
WBGene00046354.,0,0,0
WBGene00046355.,0,0,0
WBGene00046356.,0,0,0
WBGene00046357.,0,0,0
WBGene00046358.,0,0,0
WBGene00046359.,0,0,0
WBGene00046360.,0,0,0
WBGene00046361.,0,0,0
WBGene00046362.,0,0,0
WBGene00046363.,0,0,0
WBGene00046364.,0,0,0
WBGene00046365.,0,0,0
WBGene00046366.,0,0,0
WBGene00046367.,0,0,0
WBGene00046368.,0,0,0
WBGene00046369.,0,0,0
WBGene00046370.,0,0,0
WBGene00046371.,0,0,0
WBGene00046372.,0,0,0
WBGene00046373.,0,0,0
WBGene00046374.,0,0,0
WBGene00046375.,0,0,0
WBGene00046376.,0,0,0
WBGene00046377.,0,0,0
WBGene00046378.,0,0,0
WBGene00046379.,0,0,0
WBGene00046380.,0,0,0
WBGene00046381.,0,0,0
WBGene00046382.,0,0,0
WBGene00046383.,0,0,0
WBGene00046384.,0,0,0
WBGene00046385.,0,0,0
WBGene00046386.,0,0,0
WBGene00046387.,0,0,0
WBGene00046388.,0,0,0
WBGene00046389.,0,0,0
WBGene00046390.,0,0,0
WBGene00046391.,0,0,0
WBGene00046392.,0,0,0
WBGene00046393.,0,0,0
WBGene00046394.,0,0,0
WBGene00046395.,0,0,0
WBGene00046396.,0,0,0
WBGene00046397.,0,0,0
WBGene00046398.,0,0,0
WBGene00046399.,0,0,0
WBGene00046400.,0,0,0
WBGene00046401.,0,0,0
WBGene00046402.,0,0,0
WBGene00046403.,0,0,0
WBGene00046404.,0,0,0
WBGene00046405.,0,0,0
WBGene00046406.,0,0,0
WBGene00046407.,0,0,0
WBGene00046408.,0,0,0
WBGene00046409.,0,0,0
WBGene00046410.,0,0,0
WBGene00046411.,0,0,0
WBGene00046412.,0,0,0
WBGene00046413.,0,0,0
WBGene00046414.,0,0,0
WBGene00046415.,0,0,0
WBGene00046416.,0,0,0
WBGene00046417.,0,0,0
WBGene00046418.,0,0,0
WBGene00046419.,0,0,0
WBGene00046420.,0,0,0
WBGene00046421.,0,0,0
WBGene00046422.,0,0,0
WBGene00046423.,0,0,0
WBGene00046424.,0,0,0
WBGene00046425.,0,0,0
WBGene00046426.,0,0,0
WBGene00046427.,0,0,0
WBGene00046428.,0,0,0
WBGene00046429.,0,0,0
WBGene00046430.,0,0,0
WBGene00046431.,0,0,0
WBGene00046432.,0,0,0
WBGene00046433.,0,0,0
WBGene00046434.,0,0,0
WBGene00046435.,0,0,0
WBGene00046436.,0,0,0
WBGene00046437.,0,0,0
WBGene00046438.,0,0,0
WBGene00046439.,0,0,0
WBGene00046440.,0,0,0
WBGene00046441.,0,0,0
WBGene00046442.,0,0,0
WBGene00046443.,0,0,0
WBGene00046444.,0,0,0
WBGene00046445.,0,0,0
WBGene00046446.,0,0,0
WBGene00046447.,0,0,0
WBGene00046448.,0,0,0
WBGene00046449.,0,0,0
WBGene00046450.,0,0,0
WBGene00046451.,0,0,0
WBGene00046452.,0,0,0
WBGene00046453.,0,0,0
WBGene00046454.,0,0,0
WBGene00046455.,0,0,0
WBGene00046456.,0,0,0
WBGene00046457.,0,0,0
WBGene00046458.,0,0,0
WBGene00046459.,0,0,0
WBGene00046460.,0,0,0
WBGene00046461.,0,0,0
WBGene00046462.,0,0,0
WBGene00046463.,0,0,0
WBGene00046464.,0,0,0
WBGene00046465.,0,0,0
WBGene00046466.,0,0,0
WBGene00046467.,0,0,0
WBGene00046468.,0,0,0
WBGene00046469.,0,0,0
WBGene00046470.,0,0,0
WBGene00046471.,0,0,0
WBGene00046472.,0,0,0
WBGene00046473.,0,0,0
WBGene00046474.,0,0,0
WBGene00046475.,0,0,0
WBGene00046476.,0,0,0
WBGene00046477.,0,0,0
WBGene00046478.,0,0,0
WBGene00046479.,0,0,0
WBGene00046480.,0,0,0
WBGene00046481.,0,0,0
WBGene00046482.,0,0,0
WBGene00046483.,0,0,0
WBGene00046484.,0,0,0
WBGene00046485.,0,0,0
WBGene00046486.,0,0,0
WBGene00046487.,0,0,0
WBGene00046488.,0,0,0
WBGene00046489.,0,0,0
WBGene00046490.,0,0,0
WBGene00046491.,0,0,0
WBGene00046492.,0,0,0
WBGene00046493.,0,0,0
WBGene00046494.,0,0,0
WBGene00046495.,0,0,0
WBGene00046496.,0,0,0
WBGene00046497.,0,0,0
WBGene00046498.,0,0,0
WBGene00046499.,0,0,0
WBGene00046500.,0,0,0
WBGene00046501.,0,0,0
WBGene00046502.,0,0,0
WBGene00046503.,0,0,0
WBGene00046504.,0,0,0
WBGene00046505.,0,0,0
WBGene00046506.,0,0,0
WBGene00046507.,0,0,0
WBGene00046508.,0,0,0
WBGene00046509.,0,0,0
WBGene00046510.,0,0,0
WBGene00046511.,0,0,0
WBGene00046512.,0,0,0
WBGene00046513.,0,0,0
WBGene00046514.,0,0,0
WBGene00046515.,0,0,0
WBGene00046516.,0,0,0
WBGene00046517.,0,0,0
WBGene00046518.,0,0,0
WBGene00046519.,0,0,0
WBGene00046520.,0,0,0
WBGene00046521.,0,0,0
WBGene00046522.,0,0,0
WBGene00046523.,0,0,0
WBGene00046524.,0,0,0
WBGene00046525.,0,0,0
WBGene00046526.,0,0,0
WBGene00046527.,0,0,0
WBGene00046528.,0,0,0
WBGene00046529.,0,0,0
WBGene00046530.,0,0,0
WBGene00046531.,0,0,0
WBGene00046532.,0,0,0
WBGene00046533.,0,0,0
WBGene00046534.,0,0,0
WBGene00046535.,0,0,0
WBGene00046536.,0,0,0
WBGene00046537.,0,0,0
WBGene00046538.,0,0,0
WBGene00046539.,0,0,0
WBGene00046540.,0,0,0
WBGene00046541.,0,0,0
WBGene00046542.,0,0,0
WBGene00046543.,0,0,0
WBGene00046544.,0,0,0
WBGene00046545.,0,0,0
WBGene00046546.,0,0,0
WBGene00046547.,0,0,0
WBGene00046548.,0,0,0
WBGene00046549.,0,0,0
WBGene00046550.,0,0,0
WBGene00046551.,0,0,0
WBGene00046552.,0,0,0
WBGene00046553.,0,0,0
WBGene00046554.,0,0,0
WBGene00046555.,0,0,0
WBGene00046556.,0,0,0
WBGene00046557.,0,0,0
WBGene00046558.,0,0,0
WBGene00046559.,0,0,0
WBGene00046560.,0,0,0
WBGene00046561.,0,0,0
WBGene00046562.,0,0,0
WBGene00046563.,0,0,0
WBGene00046564.,0,0,0
WBGene00046565.,0,0,0
WBGene00046566.,0,0,0
WBGene00046567.,0,0,0
WBGene00046568.,0,0,0
WBGene00046569.,0,0,0
WBGene00046570.,0,0,0
WBGene00046571.,0,0,0
WBGene00046572.,0,0,0
WBGene00046573.,0,0,0
WBGene00046574.,0,0,0
WBGene00046575.,0,0,0
WBGene00046576.,0,0,0
WBGene00046577.,0,0,0
WBGene00046578.,0,0,0
WBGene00046579.,0,0,0
WBGene00046580.,0,0,0
WBGene00046581.,0,0,0
WBGene00046582.,0,0,0
WBGene00046583.,0,0,0
WBGene00046584.,0,0,0
WBGene00046585.,0,0,0
WBGene00046586.,0,0,0
WBGene00046587.,0,0,0
WBGene00046588.,0,0,0
WBGene00046589.,0,0,0
WBGene00046590.,0,0,0
WBGene00046591.,0,0,0
WBGene00046592.,0,0,0
WBGene00046593.,0,0,0
WBGene00046594.,0,0,0
WBGene00046595.,0,0,0
WBGene00046596.,0,0,0
WBGene00046597.,0,0,0
WBGene00046598.,0,0,0
WBGene00046599.,0,0,0
WBGene00046600.,0,0,0
WBGene00046601.,0,0,0
WBGene00046602.,0,0,0
WBGene00046603.,0,0,0
WBGene00046604.,0,0,0
WBGene00046605.,0,0,0
WBGene00046606.,0,0,0
WBGene00046607.,0,0,0
WBGene00046608.,0,0,0
WBGene00046609.,0,0,0
WBGene00046610.,0,0,0
WBGene00046611.,0,0,0
WBGene00046612.,0,0,0
WBGene00046613.,0,0,0
WBGene00046614.,0,0,0
WBGene00046615.,0,0,0
WBGene00046616.,0,0,0
WBGene00046617.,0,0,0
WBGene00046618.,0,0,0
WBGene00046619.,0,0,0
WBGene00046620.,0,0,0
WBGene00046621.,0,0,0
WBGene00046622.,0,0,0
WBGene00046623.,0,0,0
WBGene00046624.,0,0,0
WBGene00046625.,0,0,0
WBGene00046626.,0,0,0
WBGene00046627.,0,0,0
WBGene00046628.,0,0,0
WBGene00046629.,0,0,0
WBGene00046630.,0,0,0
WBGene00046631.,0,0,0
WBGene00046632.,0,0,0
WBGene00046633.,0,0,0
WBGene00046634.,0,0,0
WBGene00046635.,0,0,0
WBGene00046636.,0,0,0
WBGene00046637.,0,0,0
WBGene00046638.,0,0,0
WBGene00046639.,0,0,0
WBGene00046640.,0,0,0
WBGene00046641.,0,0,0
WBGene00046642.,0,0,0
WBGene00046643.,0,0,0
WBGene00046644.,0,0,0
WBGene00046645.,0,0,0
WBGene00046646.,0,0,0
WBGene00046647.,0,0,0
WBGene00046648.,0,0,0
WBGene00046649.,0,0,0
WBGene00046650.,0,0,0
WBGene00046651.,0,0,0
WBGene00046652.,0,0,0
WBGene00046653.,0,0,0
WBGene00046654.,0,0,0
WBGene00046655.,0,0,0
WBGene00046656.,0,0,0
WBGene00046657.,0,0,0
WBGene00046658.,0,0,0
WBGene00046659.,0,0,0
WBGene00046660.,0,0,0
WBGene00046661.,0,0,0
WBGene00046662.,0,0,0
WBGene00046663.,0,0,0
WBGene00046664.,0,0,0
WBGene00046665.,0,0,0
WBGene00046666.,0,0,0
WBGene00046667.,0,0,0
WBGene00046668.,0,0,0
WBGene00046669.,0,0,0
WBGene00046670.,0,0,0
WBGene00046671.,0,0,0
WBGene00046672.,0,0,0
WBGene00046673.,0,0,0
WBGene00046674.,0,0,0
WBGene00046675.,0,0,0
WBGene00046676.,0,0,0
WBGene00046677.,0,0,0
WBGene00046678.,0,0,0
WBGene00046679.,0,0,0
WBGene00046680.,0,0,0
WBGene00046681.,0,0,0
WBGene00046682.,0,0,0
WBGene00046683.,0,0,0
WBGene00046684.,0,0,0
WBGene00046685.,0,0,0
WBGene00046686.,0,0,0
WBGene00046687.,0,0,0
WBGene00046688.,0,0,0
WBGene00046689.,0,0,0
WBGene00046690.,0,0,0
WBGene00046691.,0,0,0
WBGene00046692.,0,0,0
WBGene00046693.,0,0,0
WBGene00046694.,0,0,0
WBGene00046695.,0,0,0
WBGene00046696.,0,0,0
WBGene00046697.,0,0,0
WBGene00046698.,0,0,0
WBGene00046699.,0,0,0
WBGene00046700.,0,0,0
WBGene00046701.,0,0,0
WBGene00046702.,0,0,0
WBGene00046703.,0,0,0
WBGene00046704.,0,0,0
WBGene00046705.,0,0,0
WBGene00046706.,0,0,0
WBGene00046707.,0,0,0
WBGene00046708.,0,0,0
WBGene00046709.,0,0,0
WBGene00046710.,0,0,0
WBGene00046711.,0,0,0
WBGene00046712.,0,0,0
WBGene00046713.,0,0,0
WBGene00046714.,0,0,0
WBGene00046715.,0,0,0
WBGene00046716.,0,0,0
WBGene00046717.,0,0,0
WBGene00046718.,0,0,0
WBGene00046719.,0,0,0
WBGene00046720.,0,0,0
WBGene00046721.,0,0,0
WBGene00046722.,0,0,0
WBGene00046723.,0,0,0
WBGene00046724.,0,0,0
WBGene00046725.,0,0,0
WBGene00046726.,0,0,0
WBGene00046727.,0,0,0
WBGene00046728.,0,0,0
WBGene00046729.,0,0,0
WBGene00046730.,0,0,0
WBGene00046731.,0,0,0
WBGene00046732.,0,0,0
WBGene00046733.,0,0,0
WBGene00046734.,0,0,0
WBGene00046735.,0,0,0
WBGene00046736.,0,0,0
WBGene00046737.,0,0,0
WBGene00046738.,0,0,0
WBGene00046739.,0,0,0
WBGene00046740.,0,0,0
WBGene00046741.,0,0,0
WBGene00046742.,0,0,0
WBGene00046743.,0,0,0
WBGene00046744.,0,0,0
WBGene00046745.,0,0,0
WBGene00046746.,0,0,0
WBGene00046747.,0,0,0
WBGene00046748.,0,0,0
WBGene00046749.,0,0,0
WBGene00046750.,0,0,0
WBGene00046751.,0,0,0
WBGene00046752.,0,0,0
WBGene00046753.,0,0,0
WBGene00046754.,0,0,0
WBGene00046755.,0,0,0
WBGene00046756.,0,0,0
WBGene00046757.,0,0,0
WBGene00046758.,0,0,0
WBGene00046759.,0,0,0
WBGene00046760.,0,0,0
WBGene00046761.,0,0,0
WBGene00046762.,0,0,0
WBGene00046763.,0,0,0
WBGene00046764.,0,0,0
WBGene00046765.,0,0,0
WBGene00046766.,0,0,0
WBGene00046767.,0,0,0
WBGene00046768.,0,0,0
WBGene00046769.,0,0,0
WBGene00046770.,0,0,0
WBGene00046771.,0,0,0
WBGene00046772.,0,0,0
WBGene00046773.,0,0,0
WBGene00046774.,0,0,0
WBGene00046775.,0,0,0
WBGene00046776.,0,0,0
WBGene00046777.,0,0,0
WBGene00046778.,0,0,0
WBGene00046779.,0,0,0
WBGene00046780.,0,0,0
WBGene00046781.,0,0,0
WBGene00046782.,0,0,0
WBGene00046783.,0,0,0
WBGene00046784.,0,0,0
WBGene00046785.,0,0,0
WBGene00046786.,0,0,0
WBGene00046787.,0,0,0
WBGene00046788.,0,0,0
WBGene00046789.,0,0,0
WBGene00046790.,0,0,0
WBGene00046791.,0,0,0
WBGene00046792.,0,0,0
WBGene00046793.,0,0,0
WBGene00046794.,0,0,0
WBGene00046795.,0,0,0
WBGene00046796.,0,0,0
WBGene00046797.,0,0,0
WBGene00046798.,0,0,0
WBGene00046799.,0,0,0
WBGene00046800.,0,0,0
WBGene00046801.,0,0,0
WBGene00046802.,0,0,0
WBGene00046803.,0,0,0
WBGene00046804.,0,0,0
WBGene00046805.,0,0,0
WBGene00046806.,0,0,0
WBGene00046807.,0,0,0
WBGene00046808.,0,0,0
WBGene00046809.,0,0,0
WBGene00046810.,0,0,0
WBGene00046811.,0,0,0
WBGene00046812.,0,0,0
WBGene00046813.,0,0,0
WBGene00046814.,0,0,0
WBGene00046815.,0,0,0
WBGene00046816.,0,0,0
WBGene00046817.,0,0,0
WBGene00046818.,0,0,0
WBGene00046819.,0,0,0
WBGene00046820.,0,0,0
WBGene00046821.,0,0,0
WBGene00046822.,0,0,0
WBGene00046823.,0,0,0
WBGene00046824.,0,0,0
WBGene00046825.,0,0,0
WBGene00046826.,0,0,0
WBGene00046827.,0,0,0
WBGene00046828.,0,0,0
WBGene00046829.,0,0,0
WBGene00046830.,0,0,0
WBGene00046831.,0,0,0
WBGene00046832.,0,0,0
WBGene00046833.,0,0,0
WBGene00046834.,0,0,0
WBGene00046835.,0,0,0
WBGene00046836.,0,0,0
WBGene00046837.,0,0,0
WBGene00046838.,0,0,0
WBGene00046839.,0,0,0
WBGene00046840.,0,0,0
WBGene00046841.,0,0,0
WBGene00046842.,0,0,0
WBGene00046843.,0,0,0
WBGene00046844.,0,0,0
WBGene00046845.,0,0,0
WBGene00046846.,0,0,0
WBGene00046847.,0,0,0
WBGene00046848.,0,0,0
WBGene00046849.,0,0,0
WBGene00046850.,0,0,0
WBGene00046851.,0,0,0
WBGene00046852.,0,0,0
WBGene00046853.,0,0,0
WBGene00046854.,0,0,0
WBGene00046855.,0,0,0
WBGene00046856.,0,0,0
WBGene00046857.,0,0,0
WBGene00046858.,0,0,0
WBGene00046859.,0,0,0
WBGene00046860.,0,0,0
WBGene00046861.,0,0,0
WBGene00046862.,0,0,0
WBGene00046863.,0,0,0
WBGene00046864.,0,0,0
WBGene00046865.,0,0,0
WBGene00046866.,0,0,0
WBGene00046867.,0,0,0
WBGene00046868.,0,0,0
WBGene00046869.,0,0,0
WBGene00046870.,0,0,0
WBGene00046871.,0,0,0
WBGene00046872.,0,0,0
WBGene00046873.,0,0,0
WBGene00046874.,0,0,0
WBGene00046875.,0,0,0
WBGene00046876.,0,0,0
WBGene00046877.,0,0,0
WBGene00046878.,0,0,0
WBGene00046879.,0,0,0
WBGene00046880.,0,0,0
WBGene00046881.,0,0,0
WBGene00046882.,0,0,0
WBGene00046883.,0,0,0
WBGene00046884.,0,0,0
WBGene00046885.,0,0,0
WBGene00046886.,0,0,0
WBGene00046887.,0,0,0
WBGene00046888.,0,0,0
WBGene00046889.,0,0,0
WBGene00046890.,0,0,0
WBGene00046891.,0,0,0
WBGene00046892.,0,0,0
WBGene00046893.,0,0,0
WBGene00046894.,0,0,0
WBGene00046895.,0,0,0
WBGene00046896.,0,0,0
WBGene00046897.,0,0,0
WBGene00046898.,0,0,0
WBGene00046899.,0,0,0
WBGene00046900.,0,0,0
WBGene00046901.,0,0,0
WBGene00046902.,0,0,0
WBGene00046903.,0,0,0
WBGene00046904.,0,0,0
WBGene00046905.,0,0,0
WBGene00046906.,0,0,0
WBGene00046907.,0,0,0
WBGene00046908.,0,0,0
WBGene00046909.,0,0,0
WBGene00046910.,0,0,0
WBGene00046911.,0,0,0
WBGene00046912.,0,0,0
WBGene00046913.,0,0,0
WBGene00046914.,0,0,0
WBGene00046915.,0,0,0
WBGene00046916.,0,0,0
WBGene00046917.,0,0,0
WBGene00046918.,0,0,0
WBGene00046919.,0,0,0
WBGene00046920.,0,0,0
WBGene00046921.,0,0,0
WBGene00046922.,0,0,0
WBGene00046923.,0,0,0
WBGene00046924.,0,0,0
WBGene00046925.,0,0,0
WBGene00046926.,0,0,0
WBGene00046927.,0,0,0
WBGene00046928.,0,0,0
WBGene00046929.,0,0,0
WBGene00046930.,0,0,0
WBGene00046931.,0,0,0
WBGene00046932.,0,0,0
WBGene00046933.,0,0,0
WBGene00046934.,0,0,0
WBGene00046935.,0,0,0
WBGene00046936.,0,0,0
WBGene00046937.,0,0,0
WBGene00046938.,0,0,0
WBGene00046939.,0,0,0
WBGene00046940.,0,0,0
WBGene00046941.,0,0,0
WBGene00046942.,0,0,0
WBGene00046943.,0,0,0
WBGene00046944.,0,0,0
WBGene00046945.,0,0,0
WBGene00046946.,0,0,0
WBGene00046947.,0,0,0
WBGene00046948.,0,0,0
WBGene00046949.,0,0,0
WBGene00046950.,0,0,0
WBGene00046951.,0,0,0
WBGene00046952.,0,0,0
WBGene00046953.,0,0,0
WBGene00046954.,0,0,0
WBGene00046955.,0,0,0
WBGene00046956.,0,0,0
WBGene00046957.,0,0,0
WBGene00046958.,0,0,0
WBGene00046959.,0,0,0
WBGene00046960.,0,0,0
WBGene00046961.,0,0,0
WBGene00046962.,0,0,0
WBGene00046963.,0,0,0
WBGene00046964.,0,0,0
WBGene00046965.,0,0,0
WBGene00046966.,0,0,0
WBGene00046967.,0,0,0
WBGene00046968.,0,0,0
WBGene00046969.,0,0,0
WBGene00046970.,0,0,0
WBGene00046971.,0,0,0
WBGene00046972.,0,0,0
WBGene00046973.,0,0,0
WBGene00046974.,0,0,0
WBGene00046975.,0,0,0
WBGene00046976.,0,0,0
WBGene00046977.,0,0,0
WBGene00046978.,0,0,0
WBGene00046979.,0,0,0
WBGene00046980.,0,0,0
WBGene00046981.,0,0,0
WBGene00046982.,0,0,0
WBGene00046983.,0,0,0
WBGene00046984.,0,0,0
WBGene00046985.,0,0,0
WBGene00046986.,0,0,0
WBGene00046987.,0,0,0
WBGene00046988.,0,0,0
WBGene00046989.,0,0,0
WBGene00046990.,0,0,0
WBGene00046991.,0,0,0
WBGene00046992.,0,0,0
WBGene00046993.,0,0,0
WBGene00046994.,0,0,0
WBGene00046995.,0,0,0
WBGene00046996.,0,0,0
WBGene00046997.,0,0,0
WBGene00046998.,0,0,0
WBGene00046999.,0,0,0
WBGene00047000.,0,0,0
WBGene00047001.,0,0,0
WBGene00047002.,0,0,0
WBGene00047003.,0,0,0
WBGene00047004.,0,0,0
WBGene00047005.,0,0,0
WBGene00047006.,0,0,0
WBGene00047007.,0,0,0
WBGene00047008.,0,0,0
WBGene00047009.,0,0,0
WBGene00047010.,0,0,0
WBGene00047011.,0,0,0
WBGene00047012.,0,0,0
WBGene00047013.,0,0,0
WBGene00047014.,0,0,0
WBGene00047015.,0,0,0
WBGene00047016.,0,0,0
WBGene00047017.,0,0,0
WBGene00047018.,0,0,0
WBGene00047019.,0,0,0
WBGene00047020.,0,0,0
WBGene00047021.,0,0,0
WBGene00047022.,0,0,0
WBGene00047023.,0,0,0
WBGene00047024.,0,0,0
WBGene00047025.,0,0,0
WBGene00047026.,0,0,0
WBGene00047027.,0,0,0
WBGene00047028.,0,0,0
WBGene00047029.,0,0,0
WBGene00047030.,0,0,0
WBGene00047031.,0,0,0
WBGene00047032.,0,0,0
WBGene00047033.,0,0,0
WBGene00047034.,0,0,0
WBGene00047035.,0,0,0
WBGene00047036.,0,0,0
WBGene00047037.,0,0,0
WBGene00047038.,0,0,0
WBGene00047039.,0,0,0
WBGene00047040.,0,0,0
WBGene00047041.,0,0,0
WBGene00047042.,0,0,0
WBGene00047043.,0,0,0
WBGene00047044.,0,0,0
WBGene00047045.,0,0,0
WBGene00047046.,0,0,0
WBGene00047047.,0,0,0
WBGene00047048.,0,0,0
WBGene00047049.,0,0,0
WBGene00047050.,0,0,0
WBGene00047051.,0,0,0
WBGene00047052.,0,0,0
WBGene00047053.,0,0,0
WBGene00047054.,0,0,0
WBGene00047055.,0,0,0
WBGene00047056.,0,0,0
WBGene00047057.,0,0,0
WBGene00047058.,0,0,0
WBGene00047059.,0,0,0
WBGene00047060.,0,0,0
WBGene00047061.,0,0,0
WBGene00047062.,0,0,0
WBGene00047063.,0,0,0
WBGene00047064.,0,0,0
WBGene00047065.,0,0,0
WBGene00047066.,0,0,0
WBGene00047067.,0,0,0
WBGene00047068.,0,0,0
WBGene00047069.,0,0,0
WBGene00047070.,0,0,0
WBGene00047071.,0,0,0
WBGene00047072.,0,0,0
WBGene00047073.,0,0,0
WBGene00047074.,0,0,0
WBGene00047075.,0,0,0
WBGene00047076.,0,0,0
WBGene00047077.,0,0,0
WBGene00047078.,0,0,0
WBGene00047079.,0,0,0
WBGene00047080.,0,0,0
WBGene00047081.,0,0,0
WBGene00047082.,0,0,0
WBGene00047083.,0,0,0
WBGene00047084.,0,0,0
WBGene00047085.,0,0,0
WBGene00047086.,0,0,0
WBGene00047087.,0,0,0
WBGene00047088.,0,0,0
WBGene00047089.,0,0,0
WBGene00047090.,0,0,0
WBGene00047091.,0,0,0
WBGene00047092.,0,0,0
WBGene00047093.,0,0,0
WBGene00047094.,0,0,0
WBGene00047095.,0,0,0
WBGene00047096.,0,0,0
WBGene00047097.,0,0,0
WBGene00047098.,0,0,0
WBGene00047099.,0,0,0
WBGene00047100.,0,0,0
WBGene00047101.,0,0,0
WBGene00047102.,0,0,0
WBGene00047103.,0,0,0
WBGene00047104.,0,0,0
WBGene00047105.,0,0,0
WBGene00047106.,0,0,0
WBGene00047107.,0,0,0
WBGene00047108.,0,0,0
WBGene00047109.,0,0,0
WBGene00047110.,0,0,0
WBGene00047111.,0,0,0
WBGene00047112.,0,0,0
WBGene00047113.,0,0,0
WBGene00047114.,0,0,0
WBGene00047115.,0,0,0
WBGene00047116.,0,0,0
WBGene00047117.,0,0,0
WBGene00047118.,0,0,0
WBGene00047119.,0,0,0
WBGene00047120.,0,0,0
WBGene00047121.,0,0,0
WBGene00047122.,0,0,0
WBGene00047123.,0,0,0
WBGene00047124.,0,0,0
WBGene00047125.,0,0,0
WBGene00047126.,0,0,0
WBGene00047127.,0,0,0
WBGene00047128.,0,0,0
WBGene00047129.,0,0,0
WBGene00047130.,0,0,0
WBGene00047131.,0,0,0
WBGene00047132.,0,0,0
WBGene00047133.,0,0,0
WBGene00047134.,0,0,0
WBGene00047135.,0,0,0
WBGene00047136.,0,0,0
WBGene00047137.,0,0,0
WBGene00047138.,0,0,0
WBGene00047139.,0,0,0
WBGene00047140.,0,0,0
WBGene00047141.,0,0,0
WBGene00047142.,0,0,0
WBGene00047143.,0,0,0
WBGene00047144.,0,0,0
WBGene00047145.,0,0,0
WBGene00047146.,0,0,0
WBGene00047147.,0,0,0
WBGene00047148.,0,0,0
WBGene00047149.,0,0,0
WBGene00047150.,0,0,0
WBGene00047151.,0,0,0
WBGene00047152.,0,0,0
WBGene00047153.,0,0,0
WBGene00047154.,0,0,0
WBGene00047155.,0,0,0
WBGene00047156.,0,0,0
WBGene00047157.,0,0,0
WBGene00047158.,0,0,0
WBGene00047159.,0,0,0
WBGene00047160.,0,0,0
WBGene00047161.,0,0,0
WBGene00047162.,0,0,0
WBGene00047163.,0,0,0
WBGene00047164.,0,0,0
WBGene00047165.,0,0,0
WBGene00047166.,0,0,0
WBGene00047167.,0,0,0
WBGene00047168.,0,0,0
WBGene00047169.,0,0,0
WBGene00047170.,0,0,0
WBGene00047171.,0,0,0
WBGene00047172.,0,0,0
WBGene00047173.,0,0,0
WBGene00047174.,0,0,0
WBGene00047175.,0,0,0
WBGene00047176.,0,0,0
WBGene00047177.,0,0,0
WBGene00047178.,0,0,0
WBGene00047179.,0,0,0
WBGene00047180.,0,0,0
WBGene00047181.,0,0,0
WBGene00047182.,0,0,0
WBGene00047183.,0,0,0
WBGene00047184.,0,0,0
WBGene00047185.,0,0,0
WBGene00047186.,0,0,0
WBGene00047187.,0,0,0
WBGene00047188.,0,0,0
WBGene00047189.,0,0,0
WBGene00047190.,0,0,0
WBGene00047191.,0,0,0
WBGene00047192.,0,0,0
WBGene00047193.,0,0,0
WBGene00047194.,0,0,0
WBGene00047195.,0,0,0
WBGene00047196.,0,0,0
WBGene00047197.,0,0,0
WBGene00047198.,0,0,0
WBGene00047199.,0,0,0
WBGene00047200.,0,0,0
WBGene00047201.,0,0,0
WBGene00047202.,0,0,0
WBGene00047203.,0,0,0
WBGene00047204.,0,0,0
WBGene00047205.,0,0,0
WBGene00047206.,0,0,0
WBGene00047207.,0,0,0
WBGene00047208.,0,0,0
WBGene00047209.,0,0,0
WBGene00047210.,0,0,0
WBGene00047211.,0,0,0
WBGene00047212.,0,0,0
WBGene00047213.,0,0,0
WBGene00047214.,0,0,0
WBGene00047215.,0,0,0
WBGene00047216.,0,0,0
WBGene00047217.,0,0,0
WBGene00047218.,0,0,0
WBGene00047219.,0,0,0
WBGene00047220.,0,0,0
WBGene00047221.,0,0,0
WBGene00047222.,0,0,0
WBGene00047223.,0,0,0
WBGene00047224.,0,0,0
WBGene00047225.,0,0,0
WBGene00047226.,0,0,0
WBGene00047227.,0,0,0
WBGene00047228.,0,0,0
WBGene00047229.,0,0,0
WBGene00047230.,0,0,0
WBGene00047231.,0,0,0
WBGene00047232.,0,0,0
WBGene00047233.,0,0,0
WBGene00047234.,0,0,0
WBGene00047235.,0,0,0
WBGene00047236.,0,0,0
WBGene00047237.,0,0,0
WBGene00047238.,0,0,0
WBGene00047239.,0,0,0
WBGene00047240.,0,0,0
WBGene00047241.,0,0,0
WBGene00047242.,0,0,0
WBGene00047243.,0,0,0
WBGene00047244.,0,0,0
WBGene00047245.,0,0,0
WBGene00047246.,0,0,0
WBGene00047247.,0,0,0
WBGene00047248.,0,0,0
WBGene00047249.,0,0,0
WBGene00047250.,0,0,0
WBGene00047251.,0,0,0
WBGene00047252.,0,0,0
WBGene00047253.,0,0,0
WBGene00047254.,0,0,0
WBGene00047255.,0,0,0
WBGene00047256.,0,0,0
WBGene00047257.,0,0,0
WBGene00047258.,0,0,0
WBGene00047259.,0,0,0
WBGene00047260.,0,0,0
WBGene00047261.,0,0,0
WBGene00047262.,0,0,0
WBGene00047263.,0,0,0
WBGene00047264.,0,0,0
WBGene00047265.,0,0,0
WBGene00047266.,0,0,0
WBGene00047267.,0,0,0
WBGene00047268.,0,0,0
WBGene00047269.,0,0,0
WBGene00047270.,0,0,0
WBGene00047271.,0,0,0
WBGene00047272.,0,0,0
WBGene00047273.,0,0,0
WBGene00047274.,0,0,0
WBGene00047275.,0,0,0
WBGene00047276.,0,0,0
WBGene00047277.,0,0,0
WBGene00047278.,0,0,0
WBGene00047279.,0,0,0
WBGene00047280.,0,0,0
WBGene00047281.,0,0,0
WBGene00047282.,0,0,0
WBGene00047283.,0,0,0
WBGene00047284.,0,0,0
WBGene00047285.,0,0,0
WBGene00047286.,0,0,0
WBGene00047287.,0,0,0
WBGene00047288.,0,0,0
WBGene00047289.,0,0,0
WBGene00047290.,0,0,0
WBGene00047291.,0,0,0
WBGene00047292.,0,0,0
WBGene00047293.,0,0,0
WBGene00047294.,0,0,0
WBGene00047295.,0,0,0
WBGene00047296.,0,0,0
WBGene00047297.,0,0,0
WBGene00047298.,0,0,0
WBGene00047299.,0,0,0
WBGene00047300.,0,0,0
WBGene00047301.,0,0,0
WBGene00047302.,0,0,0
WBGene00047303.,0,0,0
WBGene00047304.,0,0,0
WBGene00047305.,0,0,0
WBGene00047306.,0,0,0
WBGene00047307.,0,0,0
WBGene00047308.,0,0,0
WBGene00047309.,0,0,0
WBGene00047310.,0,0,0
WBGene00047311.,0,0,0
WBGene00047312.,0,0,0
WBGene00047313.,0,0,0
WBGene00047314.,0,0,0
WBGene00047315.,0,0,0
WBGene00047316.,0,0,0
WBGene00047317.,0,0,0
WBGene00047318.,0,0,0
WBGene00047319.,0,0,0
WBGene00047320.,0,0,0
WBGene00047321.,0,0,0
WBGene00047322.,0,0,0
WBGene00047323.,0,0,0
WBGene00047324.,0,0,0
WBGene00047325.,0,0,0
WBGene00047326.,0,0,0
WBGene00047327.,0,0,0
WBGene00047328.,0,0,0
WBGene00047329.,0,0,0
WBGene00047330.,0,0,0
WBGene00047331.,0,0,0
WBGene00047332.,0,0,0
WBGene00047333.,0,0,0
WBGene00047334.,0,0,0
WBGene00047335.,0,0,0
WBGene00047336.,0,0,0
WBGene00047337.,0,0,0
WBGene00047338.,0,0,0
WBGene00047339.,0,0,0
WBGene00047340.,0,0,0
WBGene00047341.,0,0,0
WBGene00047342.,0,0,0
WBGene00047343.,0,0,0
WBGene00047344.,0,0,0
WBGene00047345.,0,0,0
WBGene00047346.,0,0,0
WBGene00047347.,0,0,0
WBGene00047348.,0,0,0
WBGene00047349.,0,0,0
WBGene00047350.,0,0,0
WBGene00047351.,0,0,0
WBGene00047352.,0,0,0
WBGene00047353.,0,0,0
WBGene00047354.,0,0,0
WBGene00047355.,0,0,0
WBGene00047356.,0,0,0
WBGene00047357.,0,0,0
WBGene00047358.,0,0,0
WBGene00047359.,0,0,0
WBGene00047360.,0,0,0
WBGene00047361.,0,0,0
WBGene00047362.,0,0,0
WBGene00047363.,0,0,0
WBGene00047364.,0,0,0
WBGene00047365.,0,0,0
WBGene00047366.,0,0,0
WBGene00047367.,0,0,0
WBGene00047368.,0,0,0
WBGene00047369.,0,0,0
WBGene00047370.,0,0,0
WBGene00047371.,0,0,0
WBGene00047372.,0,0,0
WBGene00047373.,0,0,0
WBGene00047374.,0,0,0
WBGene00047375.,0,0,0
WBGene00047376.,0,0,0
WBGene00047377.,0,0,0
WBGene00047378.,0,0,0
WBGene00047379.,0,0,0
WBGene00047380.,0,0,0
WBGene00047381.,0,0,0
WBGene00047382.,0,0,0
WBGene00047383.,0,0,0
WBGene00047384.,0,0,0
WBGene00047385.,0,0,0
WBGene00047386.,0,0,0
WBGene00047387.,0,0,0
WBGene00047388.,0,0,0
WBGene00047389.,0,0,0
WBGene00047390.,0,0,0
WBGene00047391.,0,0,0
WBGene00047392.,0,0,0
WBGene00047393.,0,0,0
WBGene00047394.,0,0,0
WBGene00047395.,0,0,0
WBGene00047396.,0,0,0
WBGene00047397.,0,0,0
WBGene00047398.,0,0,0
WBGene00047399.,0,0,0
WBGene00047400.,0,0,0
WBGene00047401.,0,0,0
WBGene00047402.,0,0,0
WBGene00047403.,0,0,0
WBGene00047404.,0,0,0
WBGene00047405.,0,0,0
WBGene00047406.,0,0,0
WBGene00047407.,0,0,0
WBGene00047408.,0,0,0
WBGene00047409.,0,0,0
WBGene00047410.,0,0,0
WBGene00047411.,0,0,0
WBGene00047412.,0,0,0
WBGene00047413.,0,0,0
WBGene00047414.,0,0,0
WBGene00047415.,0,0,0
WBGene00047416.,0,0,0
WBGene00047417.,0,0,0
WBGene00047418.,0,0,0
WBGene00047419.,0,0,0
WBGene00047420.,0,0,0
WBGene00047421.,0,0,0
WBGene00047422.,0,0,0
WBGene00047423.,0,0,0
WBGene00047424.,0,0,0
WBGene00047425.,0,0,0
WBGene00047426.,0,0,0
WBGene00047427.,0,0,0
WBGene00047428.,0,0,0
WBGene00047429.,0,0,0
WBGene00047430.,0,0,0
WBGene00047431.,0,0,0
WBGene00047432.,0,0,0
WBGene00047433.,0,0,0
WBGene00047434.,0,0,0
WBGene00047435.,0,0,0
WBGene00047436.,0,0,0
WBGene00047437.,0,0,0
WBGene00047438.,0,0,0
WBGene00047439.,0,0,0
WBGene00047440.,0,0,0
WBGene00047441.,0,0,0
WBGene00047442.,0,0,0
WBGene00047443.,0,0,0
WBGene00047444.,0,0,0
WBGene00047445.,0,0,0
WBGene00047446.,0,0,0
WBGene00047447.,0,0,0
WBGene00047448.,0,0,0
WBGene00047449.,0,0,0
WBGene00047450.,0,0,0
WBGene00047451.,0,0,0
WBGene00047452.,0,0,0
WBGene00047453.,0,0,0
WBGene00047454.,0,0,0
WBGene00047455.,0,0,0
WBGene00047456.,0,0,0
WBGene00047457.,0,0,0
WBGene00047458.,0,0,0
WBGene00047459.,0,0,0
WBGene00047460.,0,0,0
WBGene00047461.,0,0,0
WBGene00047462.,0,0,0
WBGene00047463.,0,0,0
WBGene00047464.,0,0,0
WBGene00047465.,0,0,0
WBGene00047466.,0,0,0
WBGene00047467.,0,0,0
WBGene00047468.,0,0,0
WBGene00047469.,0,0,0
WBGene00047470.,0,0,0
WBGene00047471.,0,0,0
WBGene00047472.,0,0,0
WBGene00047473.,0,0,0
WBGene00047474.,0,0,0
WBGene00047475.,0,0,0
WBGene00047476.,0,0,0
WBGene00047477.,0,0,0
WBGene00047478.,0,0,0
WBGene00047479.,0,0,0
WBGene00047480.,0,0,0
WBGene00047481.,0,0,0
WBGene00047482.,0,0,0
WBGene00047483.,0,0,0
WBGene00047484.,0,0,0
WBGene00047485.,0,0,0
WBGene00047486.,0,0,0
WBGene00047487.,0,0,0
WBGene00047488.,0,0,0
WBGene00047489.,0,0,0
WBGene00047490.,0,0,0
WBGene00047491.,0,0,0
WBGene00047492.,0,0,0
WBGene00047493.,0,0,0
WBGene00047494.,0,0,0
WBGene00047495.,0,0,0
WBGene00047496.,0,0,0
WBGene00047497.,0,0,0
WBGene00047498.,0,0,0
WBGene00047499.,0,0,0
WBGene00047500.,0,0,0
WBGene00047501.,0,0,0
WBGene00047502.,0,0,0
WBGene00047503.,0,0,0
WBGene00047504.,0,0,0
WBGene00047505.,0,0,0
WBGene00047506.,0,0,0
WBGene00047507.,0,0,0
WBGene00047508.,0,0,0
WBGene00047509.,0,0,0
WBGene00047510.,0,0,0
WBGene00047511.,0,0,0
WBGene00047512.,0,0,0
WBGene00047513.,0,0,0
WBGene00047514.,0,0,0
WBGene00047515.,0,0,0
WBGene00047516.,0,0,0
WBGene00047517.,0,0,0
WBGene00047518.,0,0,0
WBGene00047519.,0,0,0
WBGene00047520.,0,0,0
WBGene00047521.,0,0,0
WBGene00047522.,0,0,0
WBGene00047523.,0,0,0
WBGene00047524.,0,0,0
WBGene00047525.,0,0,0
WBGene00047526.,0,0,0
WBGene00047527.,0,0,0
WBGene00047528.,0,0,0
WBGene00047529.,0,0,0
WBGene00047530.,0,0,0
WBGene00047531.,0,0,0
WBGene00047532.,0,0,0
WBGene00047533.,0,0,0
WBGene00047534.,0,0,0
WBGene00047535.,0,0,0
WBGene00047536.,0,0,0
WBGene00047537.,0,0,0
WBGene00047538.,0,0,0
WBGene00047539.,0,0,0
WBGene00047540.,0,0,0
WBGene00047541.,0,0,0
WBGene00047542.,0,0,0
WBGene00047543.,0,0,0
WBGene00047544.,0,0,0
WBGene00047545.,0,0,0
WBGene00047546.,0,0,0
WBGene00047547.,0,0,0
WBGene00047548.,0,0,0
WBGene00047549.,0,0,0
WBGene00047550.,0,0,0
WBGene00047551.,0,0,0
WBGene00047552.,0,0,0
WBGene00047553.,0,0,0
WBGene00047554.,0,0,0
WBGene00047555.,0,0,0
WBGene00047556.,0,0,0
WBGene00047557.,0,0,0
WBGene00047558.,0,0,0
WBGene00047559.,0,0,0
WBGene00047560.,0,0,0
WBGene00047561.,0,0,0
WBGene00047562.,0,0,0
WBGene00047563.,0,0,0
WBGene00047564.,0,0,0
WBGene00047565.,0,0,0
WBGene00047566.,0,0,0
WBGene00047567.,0,0,0
WBGene00047568.,0,0,0
WBGene00047569.,0,0,0
WBGene00047570.,0,0,0
WBGene00047571.,0,0,0
WBGene00047572.,0,0,0
WBGene00047573.,0,0,0
WBGene00047574.,0,0,0
WBGene00047575.,0,0,0
WBGene00047576.,0,0,0
WBGene00047577.,0,0,0
WBGene00047578.,0,0,0
WBGene00047579.,0,0,0
WBGene00047580.,0,0,0
WBGene00047581.,0,0,0
WBGene00047582.,0,0,0
WBGene00047583.,0,0,0
WBGene00047584.,0,0,0
WBGene00047585.,0,0,0
WBGene00047586.,0,0,0
WBGene00047587.,0,0,0
WBGene00047588.,0,0,0
WBGene00047589.,0,0,0
WBGene00047590.,0,0,0
WBGene00047591.,0,0,0
WBGene00047592.,0,0,0
WBGene00047593.,0,0,0
WBGene00047594.,0,0,0
WBGene00047595.,0,0,0
WBGene00047596.,0,0,0
WBGene00047597.,0,0,0
WBGene00047598.,0,0,0
WBGene00047599.,0,0,0
WBGene00047600.,0,0,0
WBGene00047601.,0,0,0
WBGene00047602.,0,0,0
WBGene00047603.,0,0,0
WBGene00047604.,0,0,0
WBGene00047605.,0,0,0
WBGene00047606.,0,0,0
WBGene00047607.,0,0,0
WBGene00047608.,0,0,0
WBGene00047609.,0,0,0
WBGene00047610.,0,0,0
WBGene00047611.,0,0,0
WBGene00047612.,0,0,0
WBGene00047613.,0,0,0
WBGene00047614.,0,0,0
WBGene00047615.,0,0,0
WBGene00047616.,0,0,0
WBGene00047617.,0,0,0
WBGene00047618.,0,0,0
WBGene00047619.,0,0,0
WBGene00047620.,0,0,0
WBGene00047621.,0,0,0
WBGene00047622.,0,0,0
WBGene00047623.,0,0,0
WBGene00047624.,0,0,0
WBGene00047625.,0,0,0
WBGene00047626.,0,0,0
WBGene00047627.,0,0,0
WBGene00047628.,0,0,0
WBGene00047629.,0,0,0
WBGene00047630.,0,0,0
WBGene00047631.,0,0,0
WBGene00047632.,0,0,0
WBGene00047633.,0,0,0
WBGene00047634.,0,0,0
WBGene00047635.,0,0,0
WBGene00047636.,0,0,0
WBGene00047637.,0,0,0
WBGene00047638.,0,0,0
WBGene00047639.,0,0,0
WBGene00047640.,0,0,0
WBGene00047641.,0,0,0
WBGene00047642.,0,0,0
WBGene00047643.,0,0,0
WBGene00047644.,0,0,0
WBGene00047645.,0,0,0
WBGene00047646.,0,0,0
WBGene00047647.,0,0,0
WBGene00047648.,0,0,0
WBGene00047649.,0,0,0
WBGene00047650.,0,0,0
WBGene00047651.,0,0,0
WBGene00047652.,0,0,0
WBGene00047653.,0,0,0
WBGene00047654.,0,0,0
WBGene00047655.,0,0,0
WBGene00047656.,0,0,0
WBGene00047657.,0,0,0
WBGene00047658.,0,0,0
WBGene00047659.,0,0,0
WBGene00047660.,0,0,0
WBGene00047661.,0,0,0
WBGene00047662.,0,0,0
WBGene00047663.,0,0,0
WBGene00047664.,0,0,0
WBGene00047665.,0,0,0
WBGene00047666.,0,0,0
WBGene00047667.,0,0,0
WBGene00047668.,0,0,0
WBGene00047669.,0,0,0
WBGene00047670.,0,0,0
WBGene00047671.,0,0,0
WBGene00047672.,0,0,0
WBGene00047673.,0,0,0
WBGene00047674.,0,0,0
WBGene00047675.,0,0,0
WBGene00047676.,0,0,0
WBGene00047677.,0,0,0
WBGene00047678.,0,0,0
WBGene00047679.,0,0,0
WBGene00047680.,0,0,0
WBGene00047681.,0,0,0
WBGene00047682.,0,0,0
WBGene00047683.,0,0,0
WBGene00047684.,0,0,0
WBGene00047685.,0,0,0
WBGene00047686.,0,0,0
WBGene00047687.,0,0,0
WBGene00047688.,0,0,0
WBGene00047689.,0,0,0
WBGene00047690.,0,0,0
WBGene00047691.,0,0,0
WBGene00047692.,0,0,0
WBGene00047693.,0,0,0
WBGene00047694.,0,0,0
WBGene00047695.,0,0,0
WBGene00047696.,0,0,0
WBGene00047697.,0,0,0
WBGene00047698.,0,0,0
WBGene00047699.,0,0,0
WBGene00047700.,0,0,0
WBGene00047701.,0,0,0
WBGene00047702.,0,0,0
WBGene00047703.,0,0,0
WBGene00047704.,0,0,0
WBGene00047705.,0,0,0
WBGene00047706.,0,0,0
WBGene00047707.,0,0,0
WBGene00047708.,0,0,0
WBGene00047709.,0,0,0
WBGene00047710.,0,0,0
WBGene00047711.,0,0,0
WBGene00047712.,0,0,0
WBGene00047713.,0,0,0
WBGene00047714.,0,0,0
WBGene00047715.,0,0,0
WBGene00047716.,0,0,0
WBGene00047717.,0,0,0
WBGene00047718.,0,0,0
WBGene00047719.,0,0,0
WBGene00047720.,0,0,0
WBGene00047721.,0,0,0
WBGene00047722.,0,0,0
WBGene00047723.,0,0,0
WBGene00047724.,0,0,0
WBGene00047725.,0,0,0
WBGene00047726.,0,0,0
WBGene00047727.,0,0,0
WBGene00047728.,0,0,0
WBGene00047729.,0,0,0
WBGene00047730.,0,0,0
WBGene00047731.,0,0,0
WBGene00047732.,0,0,0
WBGene00047733.,0,0,0
WBGene00047734.,0,0,0
WBGene00047735.,0,0,0
WBGene00047736.,0,0,0
WBGene00047737.,0,0,0
WBGene00047738.,0,0,0
WBGene00047739.,0,0,0
WBGene00047740.,0,0,0
WBGene00047741.,0,0,0
WBGene00047742.,0,0,0
WBGene00047743.,0,0,0
WBGene00047744.,0,0,0
WBGene00047745.,0,0,0
WBGene00047746.,0,0,0
WBGene00047747.,0,0,0
WBGene00047748.,0,0,0
WBGene00047749.,0,0,0
WBGene00047750.,0,0,0
WBGene00047751.,0,0,0
WBGene00047752.,0,0,0
WBGene00047753.,0,0,0
WBGene00047754.,0,0,0
WBGene00047755.,0,0,0
WBGene00047756.,0,0,0
WBGene00047757.,0,0,0
WBGene00047758.,0,0,0
WBGene00047759.,0,0,0
WBGene00047760.,0,0,0
WBGene00047761.,0,0,0
WBGene00047762.,0,0,0
WBGene00047763.,0,0,0
WBGene00047764.,0,0,0
WBGene00047765.,0,0,0
WBGene00047766.,0,0,0
WBGene00047767.,0,0,0
WBGene00047768.,0,0,0
WBGene00047769.,0,0,0
WBGene00047770.,0,0,0
WBGene00047771.,0,0,0
WBGene00047772.,0,0,0
WBGene00047773.,0,0,0
WBGene00047774.,0,0,0
WBGene00047775.,0,0,0
WBGene00047776.,0,0,0
WBGene00047777.,0,0,0
WBGene00047778.,0,0,0
WBGene00047779.,0,0,0
WBGene00047780.,0,0,0
WBGene00047781.,0,0,0
WBGene00047782.,0,0,0
WBGene00047783.,0,0,0
WBGene00047784.,0,0,0
WBGene00047785.,0,0,0
WBGene00047786.,0,0,0
WBGene00047787.,0,0,0
WBGene00047788.,0,0,0
WBGene00047789.,0,0,0
WBGene00047790.,0,0,0
WBGene00047791.,0,0,0
WBGene00047792.,0,0,0
WBGene00047793.,0,0,0
WBGene00047794.,0,0,0
WBGene00047795.,0,0,0
WBGene00047796.,0,0,0
WBGene00047797.,0,0,0
WBGene00047798.,0,0,0
WBGene00047799.,0,0,0
WBGene00047800.,0,0,0
WBGene00047801.,0,0,0
WBGene00047802.,0,0,0
WBGene00047803.,0,0,0
WBGene00047804.,0,0,0
WBGene00047805.,0,0,0
WBGene00047806.,0,0,0
WBGene00047807.,0,0,0
WBGene00047808.,0,0,0
WBGene00047809.,0,0,0
WBGene00047810.,0,0,0
WBGene00047811.,0,0,0
WBGene00047812.,0,0,0
WBGene00047813.,0,0,0
WBGene00047814.,0,0,0
WBGene00047815.,0,0,0
WBGene00047816.,0,0,0
WBGene00047817.,0,0,0
WBGene00047818.,0,0,0
WBGene00047819.,0,0,0
WBGene00047820.,0,0,0
WBGene00047821.,0,0,0
WBGene00047822.,0,0,0
WBGene00047823.,0,0,0
WBGene00047824.,0,0,0
WBGene00047825.,0,0,0
WBGene00047826.,0,0,0
WBGene00047827.,0,0,0
WBGene00047828.,0,0,0
WBGene00047829.,0,0,0
WBGene00047830.,0,0,0
WBGene00047831.,0,0,0
WBGene00047832.,0,0,0
WBGene00047833.,0,0,0
WBGene00047834.,0,0,0
WBGene00047835.,0,0,0
WBGene00047836.,0,0,0
WBGene00047837.,0,0,0
WBGene00047838.,0,0,0
WBGene00047839.,0,0,0
WBGene00047840.,0,0,0
WBGene00047841.,0,0,0
WBGene00047842.,0,0,0
WBGene00047843.,0,0,0
WBGene00047844.,0,0,0
WBGene00047845.,0,0,0
WBGene00047846.,0,0,0
WBGene00047847.,0,0,0
WBGene00047848.,0,0,0
WBGene00047849.,0,0,0
WBGene00047850.,0,0,0
WBGene00047851.,0,0,0
WBGene00047852.,0,0,0
WBGene00047853.,0,0,0
WBGene00047854.,0,0,0
WBGene00047855.,0,0,0
WBGene00047856.,0,0,0
WBGene00047857.,0,0,0
WBGene00047858.,0,0,0
WBGene00047859.,0,0,0
WBGene00047860.,0,0,0
WBGene00047861.,0,0,0
WBGene00047862.,0,0,0
WBGene00047863.,0,0,0
WBGene00047864.,0,0,0
WBGene00047865.,0,0,0
WBGene00047866.,0,0,0
WBGene00047867.,0,0,0
WBGene00047868.,0,0,0
WBGene00047869.,0,0,0
WBGene00047870.,0,0,0
WBGene00047871.,0,0,0
WBGene00047872.,0,0,0
WBGene00047873.,0,0,0
WBGene00047874.,0,0,0
WBGene00047875.,0,0,0
WBGene00047876.,0,0,0
WBGene00047877.,0,0,0
WBGene00047878.,0,0,0
WBGene00047879.,0,0,0
WBGene00047880.,0,0,0
WBGene00047881.,0,0,0
WBGene00047882.,0,0,0
WBGene00047883.,0,0,0
WBGene00047884.,0,0,0
WBGene00047885.,0,0,0
WBGene00047886.,0,0,0
WBGene00047887.,0,0,0
WBGene00047888.,0,0,0
WBGene00047889.,0,0,0
WBGene00047890.,0,0,0
WBGene00047891.,0,0,0
WBGene00047892.,0,0,0
WBGene00047893.,0,0,0
WBGene00047894.,0,0,0
WBGene00047895.,0,0,0
WBGene00047896.,0,0,0
WBGene00047897.,0,0,0
WBGene00047898.,0,0,0
WBGene00047899.,0,0,0
WBGene00047900.,0,0,0
WBGene00047901.,0,0,0
WBGene00047902.,0,0,0
WBGene00047903.,0,0,0
WBGene00047905.,0,0,0
WBGene00047906.,0,0,0
WBGene00047907.,0,0,0
WBGene00047908.,0,0,0
WBGene00047909.,0,0,0
WBGene00047910.,0,0,0
WBGene00047911.,0,0,0
WBGene00047912.,0,0,0
WBGene00047913.,0,0,0
WBGene00047914.,0,0,0
WBGene00047915.,0,0,0
WBGene00047916.,0,0,0
WBGene00047917.,0,0,0
WBGene00047918.,0,0,0
WBGene00047919.,0,0,0
WBGene00047920.,0,0,0
WBGene00047921.,0,0,0
WBGene00047922.,0,0,0
WBGene00047923.,0,0,0
WBGene00047924.,0,0,0
WBGene00047925.,0,0,0
WBGene00047926.,0,0,0
WBGene00047927.,0,0,0
WBGene00047928.,0,0,0
WBGene00047929.,0,0,0
WBGene00047930.,0,0,0
WBGene00047931.,0,0,0
WBGene00047932.,0,0,0
WBGene00047933.,0,0,0
WBGene00047934.,0,0,0
WBGene00047935.,0,0,0
WBGene00047936.,0,0,0
WBGene00047937.,0,0,0
WBGene00047938.,0,0,0
WBGene00047939.,0,0,0
WBGene00047940.,0,0,0
WBGene00047941.,0,0,0
WBGene00047942.,0,0,0
WBGene00047943.,0,0,0
WBGene00047944.,0,0,0
WBGene00047945.,0,0,0
WBGene00047946.,0,0,0
WBGene00047947.,0,0,0
WBGene00047948.,0,0,0
WBGene00047949.,0,0,0
WBGene00047950.,0,0,0
WBGene00047951.,0,0,0
WBGene00047952.,0,0,0
WBGene00047953.,0,0,0
WBGene00047954.,0,0,0
WBGene00047955.,0,0,0
WBGene00047956.,0,0,0
WBGene00047957.,0,0,0
WBGene00047958.,0,0,0
WBGene00047959.,0,0,0
WBGene00047960.,0,0,0
WBGene00047961.,0,0,0
WBGene00047962.,0,0,0
WBGene00047963.,0,0,0
WBGene00047964.,0,0,0
WBGene00047965.,0,0,0
WBGene00047966.,0,0,0
WBGene00047967.,0,0,0
WBGene00047968.,0,0,0
WBGene00047969.,0,0,0
WBGene00047970.,0,0,0
WBGene00047971.,0,0,0
WBGene00047972.,0,0,0
WBGene00047973.,0,0,0
WBGene00047974.,0,0,0
WBGene00047975.,0,0,0
WBGene00047976.,0,0,0
WBGene00047977.,0,0,0
WBGene00047978.,0,0,0
WBGene00047979.,0,0,0
WBGene00047980.,0,0,0
WBGene00047981.,0,0,0
WBGene00047982.,0,0,0
WBGene00047983.,0,0,0
WBGene00047984.,0,0,0
WBGene00047985.,0,0,0
WBGene00047986.,0,0,0
WBGene00047987.,0,0,0
WBGene00047988.,0,0,0
WBGene00047989.,0,0,0
WBGene00047990.,0,0,0
WBGene00047991.,0,0,0
WBGene00047992.,0,0,0
WBGene00047993.,0,0,0
WBGene00047994.,0,0,0
WBGene00047995.,0,0,0
WBGene00047996.,0,0,0
WBGene00047997.,0,0,0
WBGene00047998.,0,0,0
WBGene00047999.,0,0,0
WBGene00048000.,0,0,0
WBGene00048001.,0,0,0
WBGene00048002.,0,0,0
WBGene00048003.,0,0,0
WBGene00048004.,0,0,0
WBGene00048005.,0,0,0
WBGene00048006.,0,0,0
WBGene00048007.,0,0,0
WBGene00048008.,0,0,0
WBGene00048009.,0,0,0
WBGene00048010.,0,0,0
WBGene00048011.,0,0,0
WBGene00048012.,0,0,0
WBGene00048013.,0,0,0
WBGene00048014.,0,0,0
WBGene00048015.,0,0,0
WBGene00048016.,0,0,0
WBGene00048017.,0,0,0
WBGene00048018.,0,0,0
WBGene00048019.,0,0,0
WBGene00048020.,0,0,0
WBGene00048021.,0,0,0
WBGene00048022.,0,0,0
WBGene00048023.,0,0,0
WBGene00048024.,0,0,0
WBGene00048025.,0,0,0
WBGene00048026.,0,0,0
WBGene00048027.,0,0,0
WBGene00048028.,0,0,0
WBGene00048029.,0,0,0
WBGene00048030.,0,0,0
WBGene00048031.,0,0,0
WBGene00048032.,0,0,0
WBGene00048033.,0,0,0
WBGene00048034.,0,0,0
WBGene00048035.,0,0,0
WBGene00048036.,0,0,0
WBGene00048037.,0,0,0
WBGene00048038.,0,0,0
WBGene00048039.,0,0,0
WBGene00048040.,0,0,0
WBGene00048041.,0,0,0
WBGene00048042.,0,0,0
WBGene00048043.,0,0,0
WBGene00048044.,0,0,0
WBGene00048045.,0,0,0
WBGene00048046.,0,0,0
WBGene00048047.,0,0,0
WBGene00048048.,0,0,0
WBGene00048049.,0,0,0
WBGene00048050.,0,0,0
WBGene00048051.,0,0,0
WBGene00048052.,0,0,0
WBGene00048053.,0,0,0
WBGene00048054.,0,0,0
WBGene00048055.,0,0,0
WBGene00048056.,0,0,0
WBGene00048057.,0,0,0
WBGene00048058.,0,0,0
WBGene00048059.,0,0,0
WBGene00048060.,0,0,0
WBGene00048061.,0,0,0
WBGene00048062.,0,0,0
WBGene00048063.,0,0,0
WBGene00048064.,0,0,0
WBGene00048065.,0,0,0
WBGene00048066.,0,0,0
WBGene00048067.,0,0,0
WBGene00048068.,0,0,0
WBGene00048069.,0,0,0
WBGene00048070.,0,0,0
WBGene00048071.,0,0,0
WBGene00048072.,0,0,0
WBGene00048073.,0,0,0
WBGene00048074.,0,0,0
WBGene00048075.,0,0,0
WBGene00048076.,0,0,0
WBGene00048077.,0,0,0
WBGene00048078.,0,0,0
WBGene00048079.,0,0,0
WBGene00048080.,0,0,0
WBGene00048081.,0,0,0
WBGene00048082.,0,0,0
WBGene00048083.,0,0,0
WBGene00048084.,0,0,0
WBGene00048085.,0,0,0
WBGene00048086.,0,0,0
WBGene00048087.,0,0,0
WBGene00048088.,0,0,0
WBGene00048089.,0,0,0
WBGene00048090.,0,0,0
WBGene00048091.,0,0,0
WBGene00048092.,0,0,0
WBGene00048093.,0,0,0
WBGene00048094.,0,0,0
WBGene00048095.,0,0,0
WBGene00048096.,0,0,0
WBGene00048097.,0,0,0
WBGene00048098.,0,0,0
WBGene00048099.,0,0,0
WBGene00048100.,0,0,0
WBGene00048101.,0,0,0
WBGene00048102.,0,0,0
WBGene00048103.,0,0,0
WBGene00048104.,0,0,0
WBGene00048105.,0,0,0
WBGene00048106.,0,0,0
WBGene00048107.,0,0,0
WBGene00048108.,0,0,0
WBGene00048109.,0,0,0
WBGene00048110.,0,0,0
WBGene00048111.,0,0,0
WBGene00048112.,0,0,0
WBGene00048113.,0,0,0
WBGene00048114.,0,0,0
WBGene00048115.,0,0,0
WBGene00048116.,0,0,0
WBGene00048117.,0,0,0
WBGene00048118.,0,0,0
WBGene00048119.,0,0,0
WBGene00048120.,0,0,0
WBGene00048121.,0,0,0
WBGene00048122.,0,0,0
WBGene00048123.,0,0,0
WBGene00048124.,0,0,0
WBGene00048125.,0,0,0
WBGene00048126.,0,0,0
WBGene00048127.,0,0,0
WBGene00048128.,0,0,0
WBGene00048129.,0,0,0
WBGene00048130.,0,0,0
WBGene00048131.,0,0,0
WBGene00048132.,0,0,0
WBGene00048133.,0,0,0
WBGene00048134.,0,0,0
WBGene00048135.,0,0,0
WBGene00048136.,0,0,0
WBGene00048137.,0,0,0
WBGene00048138.,0,0,0
WBGene00048139.,0,0,0
WBGene00048140.,0,0,0
WBGene00048141.,0,0,0
WBGene00048142.,0,0,0
WBGene00048143.,0,0,0
WBGene00048144.,0,0,0
WBGene00048145.,0,0,0
WBGene00048146.,0,0,0
WBGene00048147.,0,0,0
WBGene00048148.,0,0,0
WBGene00048149.,0,0,0
WBGene00048150.,0,0,0
WBGene00048151.,0,0,0
WBGene00048152.,0,0,0
WBGene00048153.,0,0,0
WBGene00048154.,0,0,0
WBGene00048155.,0,0,0
WBGene00048156.,0,0,0
WBGene00048157.,0,0,0
WBGene00048158.,0,0,0
WBGene00048159.,0,0,0
WBGene00048160.,0,0,0
WBGene00048161.,0,0,0
WBGene00048162.,0,0,0
WBGene00048163.,0,0,0
WBGene00048164.,0,0,0
WBGene00048165.,0,0,0
WBGene00048166.,0,0,0
WBGene00048167.,0,0,0
WBGene00048168.,0,0,0
WBGene00048169.,0,0,0
WBGene00048170.,0,0,0
WBGene00048171.,0,0,0
WBGene00048172.,0,0,0
WBGene00048173.,0,0,0
WBGene00048174.,0,0,0
WBGene00048175.,0,0,0
WBGene00048176.,0,0,0
WBGene00048177.,0,0,0
WBGene00048178.,0,0,0
WBGene00048179.,0,0,0
WBGene00048180.,0,0,0
WBGene00048181.,0,0,0
WBGene00048182.,0,0,0
WBGene00048183.,0,0,0
WBGene00048184.,0,0,0
WBGene00048185.,0,0,0
WBGene00048186.,0,0,0
WBGene00048187.,0,0,0
WBGene00048188.,0,0,0
WBGene00048189.,0,0,0
WBGene00048190.,0,0,0
WBGene00048191.,0,0,0
WBGene00048192.,0,0,0
WBGene00048193.,0,0,0
WBGene00048194.,0,0,0
WBGene00048195.,0,0,0
WBGene00048196.,0,0,0
WBGene00048197.,0,0,0
WBGene00048198.,0,0,0
WBGene00048199.,0,0,0
WBGene00048200.,0,0,0
WBGene00048201.,0,0,0
WBGene00048202.,0,0,0
WBGene00048203.,0,0,0
WBGene00048204.,0,0,0
WBGene00048205.,0,0,0
WBGene00048206.,0,0,0
WBGene00048207.,0,0,0
WBGene00048208.,0,0,0
WBGene00048209.,0,0,0
WBGene00048210.,0,0,0
WBGene00048211.,0,0,0
WBGene00048212.,0,0,0
WBGene00048213.,0,0,0
WBGene00048214.,0,0,0
WBGene00048215.,0,0,0
WBGene00048216.,0,0,0
WBGene00048217.,0,0,0
WBGene00048218.,0,0,0
WBGene00048219.,0,0,0
WBGene00048220.,0,0,0
WBGene00048221.,0,0,0
WBGene00048222.,0,0,0
WBGene00048223.,0,0,0
WBGene00048224.,0,0,0
WBGene00048225.,0,0,0
WBGene00048226.,0,0,0
WBGene00048227.,0,0,0
WBGene00048228.,0,0,0
WBGene00048229.,0,0,0
WBGene00048230.,0,0,0
WBGene00048231.,0,0,0
WBGene00048232.,0,0,0
WBGene00048233.,0,0,0
WBGene00048234.,0,0,0
WBGene00048235.,0,0,0
WBGene00048236.,0,0,0
WBGene00048237.,0,0,0
WBGene00048238.,0,0,0
WBGene00048239.,0,0,0
WBGene00048240.,0,0,0
WBGene00048241.,0,0,0
WBGene00048242.,0,0,0
WBGene00048243.,0,0,0
WBGene00048244.,0,0,0
WBGene00048245.,0,0,0
WBGene00048246.,0,0,0
WBGene00048247.,0,0,0
WBGene00048248.,0,0,0
WBGene00048249.,0,0,0
WBGene00048250.,0,0,0
WBGene00048251.,0,0,0
WBGene00048252.,0,0,0
WBGene00048253.,0,0,0
WBGene00048254.,0,0,0
WBGene00048255.,0,0,0
WBGene00048256.,0,0,0
WBGene00048257.,0,0,0
WBGene00048258.,0,0,0
WBGene00048259.,0,0,0
WBGene00048260.,0,0,0
WBGene00048261.,0,0,0
WBGene00048262.,0,0,0
WBGene00048263.,0,0,0
WBGene00048264.,0,0,0
WBGene00048265.,0,0,0
WBGene00048266.,0,0,0
WBGene00048267.,0,0,0
WBGene00048268.,0,0,0
WBGene00048269.,0,0,0
WBGene00048270.,0,0,0
WBGene00048271.,0,0,0
WBGene00048272.,0,0,0
WBGene00048273.,0,0,0
WBGene00048274.,0,0,0
WBGene00048275.,0,0,0
WBGene00048276.,0,0,0
WBGene00048277.,0,0,0
WBGene00048278.,0,0,0
WBGene00048279.,0,0,0
WBGene00048280.,0,0,0
WBGene00048281.,0,0,0
WBGene00048282.,0,0,0
WBGene00048283.,0,0,0
WBGene00048284.,0,0,0
WBGene00048285.,0,0,0
WBGene00048286.,0,0,0
WBGene00048287.,0,0,0
WBGene00048288.,0,0,0
WBGene00048289.,0,0,0
WBGene00048290.,0,0,0
WBGene00048291.,0,0,0
WBGene00048292.,0,0,0
WBGene00048293.,0,0,0
WBGene00048294.,0,0,0
WBGene00048295.,0,0,0
WBGene00048296.,0,0,0
WBGene00048297.,0,0,0
WBGene00048298.,0,0,0
WBGene00048299.,0,0,0
WBGene00048300.,0,0,0
WBGene00048301.,0,0,0
WBGene00048302.,0,0,0
WBGene00048303.,0,0,0
WBGene00048304.,0,0,0
WBGene00048305.,0,0,0
WBGene00048306.,0,0,0
WBGene00048307.,0,0,0
WBGene00048308.,0,0,0
WBGene00048309.,0,0,0
WBGene00048310.,0,0,0
WBGene00048311.,0,0,0
WBGene00048312.,0,0,0
WBGene00048313.,0,0,0
WBGene00048314.,0,0,0
WBGene00048315.,0,0,0
WBGene00048316.,0,0,0
WBGene00048317.,0,0,0
WBGene00048318.,0,0,0
WBGene00048319.,0,0,0
WBGene00048320.,0,0,0
WBGene00048321.,0,0,0
WBGene00048322.,0,0,0
WBGene00048323.,0,0,0
WBGene00048324.,0,0,0
WBGene00048325.,0,0,0
WBGene00048326.,0,0,0
WBGene00048327.,0,0,0
WBGene00048328.,0,0,0
WBGene00048329.,0,0,0
WBGene00048330.,0,0,0
WBGene00048331.,0,0,0
WBGene00048332.,0,0,0
WBGene00048333.,0,0,0
WBGene00048334.,0,0,0
WBGene00048335.,0,0,0
WBGene00048336.,0,0,0
WBGene00048337.,0,0,0
WBGene00048338.,0,0,0
WBGene00048339.,0,0,0
WBGene00048340.,0,0,0
WBGene00048341.,0,0,0
WBGene00048342.,0,0,0
WBGene00048343.,0,0,0
WBGene00048344.,0,0,0
WBGene00048345.,0,0,0
WBGene00048346.,0,0,0
WBGene00048347.,0,0,0
WBGene00048348.,0,0,0
WBGene00048349.,0,0,0
WBGene00048350.,0,0,0
WBGene00048351.,0,0,0
WBGene00048352.,0,0,0
WBGene00048353.,0,0,0
WBGene00048354.,0,0,0
WBGene00048355.,0,0,0
WBGene00048356.,0,0,0
WBGene00048357.,0,0,0
WBGene00048358.,0,0,0
WBGene00048359.,0,0,0
WBGene00048360.,0,0,0
WBGene00048361.,0,0,0
WBGene00048362.,0,0,0
WBGene00048363.,0,0,0
WBGene00048364.,0,0,0
WBGene00048365.,0,0,0
WBGene00048366.,0,0,0
WBGene00048367.,0,0,0
WBGene00048368.,0,0,0
WBGene00048369.,0,0,0
WBGene00048370.,0,0,0
WBGene00048371.,0,0,0
WBGene00048372.,0,0,0
WBGene00048373.,0,0,0
WBGene00048374.,0,0,0
WBGene00048375.,0,0,0
WBGene00048376.,0,0,0
WBGene00048377.,0,0,0
WBGene00048378.,0,0,0
WBGene00048379.,0,0,0
WBGene00048380.,0,0,0
WBGene00048381.,0,0,0
WBGene00048382.,0,0,0
WBGene00048383.,0,0,0
WBGene00048384.,0,0,0
WBGene00048385.,0,0,0
WBGene00048386.,0,0,0
WBGene00048387.,0,0,0
WBGene00048388.,0,0,0
WBGene00048389.,0,0,0
WBGene00048390.,0,0,0
WBGene00048391.,0,0,0
WBGene00048392.,0,0,0
WBGene00048393.,0,0,0
WBGene00048394.,0,0,0
WBGene00048395.,0,0,0
WBGene00048396.,0,0,0
WBGene00048397.,0,0,0
WBGene00048398.,0,0,0
WBGene00048399.,0,0,0
WBGene00048400.,0,0,0
WBGene00048401.,0,0,0
WBGene00048402.,0,0,0
WBGene00048403.,0,0,0
WBGene00048404.,0,0,0
WBGene00048405.,0,0,0
WBGene00048406.,0,0,0
WBGene00048407.,0,0,0
WBGene00048408.,0,0,0
WBGene00048409.,0,0,0
WBGene00048410.,0,0,0
WBGene00048411.,0,0,0
WBGene00048412.,0,0,0
WBGene00048413.,0,0,0
WBGene00048414.,0,0,0
WBGene00048415.,0,0,0
WBGene00048416.,0,0,0
WBGene00048417.,0,0,0
WBGene00048418.,0,0,0
WBGene00048419.,0,0,0
WBGene00048420.,0,0,0
WBGene00048421.,0,0,0
WBGene00048422.,0,0,0
WBGene00048423.,0,0,0
WBGene00048424.,0,0,0
WBGene00048425.,0,0,0
WBGene00048426.,0,0,0
WBGene00048427.,0,0,0
WBGene00048428.,0,0,0
WBGene00048429.,0,0,0
WBGene00048430.,0,0,0
WBGene00048431.,0,0,0
WBGene00048432.,0,0,0
WBGene00048433.,0,0,0
WBGene00048434.,0,0,0
WBGene00048435.,0,0,0
WBGene00048436.,0,0,0
WBGene00048437.,0,0,0
WBGene00048438.,0,0,0
WBGene00048439.,0,0,0
WBGene00048440.,0,0,0
WBGene00048441.,0,0,0
WBGene00048442.,0,0,0
WBGene00048443.,0,0,0
WBGene00048444.,0,0,0
WBGene00048445.,0,0,0
WBGene00048446.,0,0,0
WBGene00048447.,0,0,0
WBGene00048448.,0,0,0
WBGene00048449.,0,0,0
WBGene00048450.,0,0,0
WBGene00048451.,0,0,0
WBGene00048452.,0,0,0
WBGene00048453.,0,0,0
WBGene00048454.,0,0,0
WBGene00048455.,0,0,0
WBGene00048456.,0,0,0
WBGene00048457.,0,0,0
WBGene00048458.,0,0,0
WBGene00048459.,0,0,0
WBGene00048460.,0,0,0
WBGene00048461.,0,0,0
WBGene00048462.,0,0,0
WBGene00048463.,0,0,0
WBGene00048464.,0,0,0
WBGene00048465.,0,0,0
WBGene00048466.,0,0,0
WBGene00048467.,0,0,0
WBGene00048468.,0,0,0
WBGene00048469.,0,0,0
WBGene00048470.,0,0,0
WBGene00048471.,0,0,0
WBGene00048472.,0,0,0
WBGene00048473.,0,0,0
WBGene00048474.,0,0,0
WBGene00048475.,0,0,0
WBGene00048476.,0,0,0
WBGene00048477.,0,0,0
WBGene00048478.,0,0,0
WBGene00048479.,0,0,0
WBGene00048480.,0,0,0
WBGene00048481.,0,0,0
WBGene00048482.,0,0,0
WBGene00048483.,0,0,0
WBGene00048484.,0,0,0
WBGene00048485.,0,0,0
WBGene00048486.,0,0,0
WBGene00048487.,0,0,0
WBGene00048488.,0,0,0
WBGene00048489.,0,0,0
WBGene00048490.,0,0,0
WBGene00048491.,0,0,0
WBGene00048492.,0,0,0
WBGene00048493.,0,0,0
WBGene00048494.,0,0,0
WBGene00048495.,0,0,0
WBGene00048496.,0,0,0
WBGene00048497.,0,0,0
WBGene00048498.,0,0,0
WBGene00048499.,0,0,0
WBGene00048500.,0,0,0
WBGene00048501.,0,0,0
WBGene00048502.,0,0,0
WBGene00048503.,0,0,0
WBGene00048504.,0,0,0
WBGene00048505.,0,0,0
WBGene00048506.,0,0,0
WBGene00048507.,0,0,0
WBGene00048508.,0,0,0
WBGene00048509.,0,0,0
WBGene00048510.,0,0,0
WBGene00048511.,0,0,0
WBGene00048512.,0,0,0
WBGene00048513.,0,0,0
WBGene00048514.,0,0,0
WBGene00048515.,0,0,0
WBGene00048516.,0,0,0
WBGene00048517.,0,0,0
WBGene00048518.,0,0,0
WBGene00048519.,0,0,0
WBGene00048520.,0,0,0
WBGene00048521.,0,0,0
WBGene00048522.,0,0,0
WBGene00048523.,0,0,0
WBGene00048524.,0,0,0
WBGene00048525.,0,0,0
WBGene00048526.,0,0,0
WBGene00048527.,0,0,0
WBGene00048528.,0,0,0
WBGene00048529.,0,0,0
WBGene00048530.,0,0,0
WBGene00048531.,0,0,0
WBGene00048532.,0,0,0
WBGene00048533.,0,0,0
WBGene00048534.,0,0,0
WBGene00048535.,0,0,0
WBGene00048536.,0,0,0
WBGene00048537.,0,0,0
WBGene00048538.,0,0,0
WBGene00048539.,0,0,0
WBGene00048540.,0,0,0
WBGene00048541.,0,0,0
WBGene00048542.,0,0,0
WBGene00048543.,0,0,0
WBGene00048544.,0,0,0
WBGene00048545.,0,0,0
WBGene00048546.,0,0,0
WBGene00048547.,0,0,0
WBGene00048548.,0,0,0
WBGene00048549.,0,0,0
WBGene00048550.,0,0,0
WBGene00048551.,0,0,0
WBGene00048552.,0,0,0
WBGene00048553.,0,0,0
WBGene00048554.,0,0,0
WBGene00048555.,0,0,0
WBGene00048556.,0,0,0
WBGene00048557.,0,0,0
WBGene00048558.,0,0,0
WBGene00048559.,0,0,0
WBGene00048560.,0,0,0
WBGene00048561.,0,0,0
WBGene00048562.,0,0,0
WBGene00048563.,0,0,0
WBGene00048564.,0,0,0
WBGene00048565.,0,0,0
WBGene00048566.,0,0,0
WBGene00048567.,0,0,0
WBGene00048568.,0,0,0
WBGene00048569.,0,0,0
WBGene00048570.,0,0,0
WBGene00048571.,0,0,0
WBGene00048572.,0,0,0
WBGene00048573.,0,0,0
WBGene00048574.,0,0,0
WBGene00048575.,0,0,0
WBGene00048576.,0,0,0
WBGene00048577.,0,0,0
WBGene00048578.,0,0,0
WBGene00048579.,0,0,0
WBGene00048580.,0,0,0
WBGene00048581.,0,0,0
WBGene00048582.,0,0,0
WBGene00048583.,0,0,0
WBGene00048584.,0,0,0
WBGene00048585.,0,0,0
WBGene00048586.,0,0,0
WBGene00048587.,0,0,0
WBGene00048588.,0,0,0
WBGene00048589.,0,0,0
WBGene00048590.,0,0,0
WBGene00048591.,0,0,0
WBGene00048592.,0,0,0
WBGene00048593.,0,0,0
WBGene00048594.,0,0,0
WBGene00048595.,0,0,0
WBGene00048596.,0,0,0
WBGene00048597.,0,0,0
WBGene00048598.,0,0,0
WBGene00048599.,0,0,0
WBGene00048600.,0,0,0
WBGene00048601.,0,0,0
WBGene00048602.,0,0,0
WBGene00048603.,0,0,0
WBGene00048604.,0,0,0
WBGene00048605.,0,0,0
WBGene00048606.,0,0,0
WBGene00048607.,0,0,0
WBGene00048608.,0,0,0
WBGene00048609.,0,0,0
WBGene00048610.,0,0,0
WBGene00048611.,0,0,0
WBGene00048612.,0,0,0
WBGene00048613.,0,0,0
WBGene00048614.,0,0,0
WBGene00048615.,0,0,0
WBGene00048616.,0,0,0
WBGene00048617.,0,0,0
WBGene00048618.,0,0,0
WBGene00048619.,0,0,0
WBGene00048620.,0,0,0
WBGene00048621.,0,0,0
WBGene00048622.,0,0,0
WBGene00048623.,0,0,0
WBGene00048624.,0,0,0
WBGene00048625.,0,0,0
WBGene00048626.,0,0,0
WBGene00048627.,0,0,0
WBGene00048628.,0,0,0
WBGene00048629.,0,0,0
WBGene00048630.,0,0,0
WBGene00048631.,0,0,0
WBGene00048632.,0,0,0
WBGene00048633.,0,0,0
WBGene00048634.,0,0,0
WBGene00048635.,0,0,0
WBGene00048636.,0,0,0
WBGene00048637.,0,0,0
WBGene00048638.,0,0,0
WBGene00048639.,0,0,0
WBGene00048640.,0,0,0
WBGene00048641.,0,0,0
WBGene00048642.,0,0,0
WBGene00048643.,0,0,0
WBGene00048644.,0,0,0
WBGene00048645.,0,0,0
WBGene00048646.,0,0,0
WBGene00048647.,0,0,0
WBGene00048648.,0,0,0
WBGene00048649.,0,0,0
WBGene00048650.,0,0,0
WBGene00048651.,0,0,0
WBGene00048652.,0,0,0
WBGene00048653.,0,0,0
WBGene00048654.,0,0,0
WBGene00048655.,0,0,0
WBGene00048656.,0,0,0
WBGene00048657.,0,0,0
WBGene00048658.,0,0,0
WBGene00048659.,0,0,0
WBGene00048660.,0,0,0
WBGene00048661.,0,0,0
WBGene00048662.,0,0,0
WBGene00048663.,0,0,0
WBGene00048664.,0,0,0
WBGene00048665.,0,0,0
WBGene00048666.,0,0,0
WBGene00048667.,0,0,0
WBGene00048668.,0,0,0
WBGene00048669.,0,0,0
WBGene00048670.,0,0,0
WBGene00048671.,0,0,0
WBGene00048672.,0,0,0
WBGene00048673.,0,0,0
WBGene00048674.,0,0,0
WBGene00048675.,0,0,0
WBGene00048676.,0,0,0
WBGene00048677.,0,0,0
WBGene00048678.,0,0,0
WBGene00048679.,0,0,0
WBGene00048680.,0,0,0
WBGene00048681.,0,0,0
WBGene00048682.,0,0,0
WBGene00048683.,0,0,0
WBGene00048684.,0,0,0
WBGene00048685.,0,0,0
WBGene00048686.,0,0,0
WBGene00048687.,0,0,0
WBGene00048688.,0,0,0
WBGene00048689.,0,0,0
WBGene00048690.,0,0,0
WBGene00048691.,0,0,0
WBGene00048692.,0,0,0
WBGene00048693.,0,0,0
WBGene00048694.,0,0,0
WBGene00048695.,0,0,0
WBGene00048696.,0,0,0
WBGene00048697.,0,0,0
WBGene00048698.,0,0,0
WBGene00048699.,0,0,0
WBGene00048700.,0,0,0
WBGene00048701.,0,0,0
WBGene00048702.,0,0,0
WBGene00048703.,0,0,0
WBGene00048704.,0,0,0
WBGene00048705.,0,0,0
WBGene00048706.,0,0,0
WBGene00048707.,0,0,0
WBGene00048708.,0,0,0
WBGene00048709.,0,0,0
WBGene00048710.,0,0,0
WBGene00048711.,0,0,0
WBGene00048712.,0,0,0
WBGene00048713.,0,0,0
WBGene00048714.,0,0,0
WBGene00048715.,0,0,0
WBGene00048716.,0,0,0
WBGene00048717.,0,0,0
WBGene00048718.,0,0,0
WBGene00048719.,0,0,0
WBGene00048720.,0,0,0
WBGene00048721.,0,0,0
WBGene00048722.,0,0,0
WBGene00048723.,0,0,0
WBGene00048724.,0,0,0
WBGene00048725.,0,0,0
WBGene00048726.,0,0,0
WBGene00048727.,0,0,0
WBGene00048728.,0,0,0
WBGene00048729.,0,0,0
WBGene00048730.,0,0,0
WBGene00048731.,0,0,0
WBGene00048732.,0,0,0
WBGene00048733.,0,0,0
WBGene00048734.,0,0,0
WBGene00048735.,0,0,0
WBGene00048736.,0,0,0
WBGene00048737.,0,0,0
WBGene00048738.,0,0,0
WBGene00048739.,0,0,0
WBGene00048740.,0,0,0
WBGene00048741.,0,0,0
WBGene00048742.,0,0,0
WBGene00048743.,0,0,0
WBGene00048744.,0,0,0
WBGene00048745.,0,0,0
WBGene00048746.,0,0,0
WBGene00048747.,0,0,0
WBGene00048748.,0,0,0
WBGene00048749.,0,0,0
WBGene00048750.,0,0,0
WBGene00048751.,0,0,0
WBGene00048752.,0,0,0
WBGene00048753.,0,0,0
WBGene00048754.,0,0,0
WBGene00048755.,0,0,0
WBGene00048756.,0,0,0
WBGene00048757.,0,0,0
WBGene00048758.,0,0,0
WBGene00048759.,0,0,0
WBGene00048760.,0,0,0
WBGene00048761.,0,0,0
WBGene00048762.,0,0,0
WBGene00048763.,0,0,0
WBGene00048764.,0,0,0
WBGene00048765.,0,0,0
WBGene00048766.,0,0,0
WBGene00048767.,0,0,0
WBGene00048768.,0,0,0
WBGene00048769.,0,0,0
WBGene00048770.,0,0,0
WBGene00048771.,0,0,0
WBGene00048772.,0,0,0
WBGene00048773.,0,0,0
WBGene00048774.,0,0,0
WBGene00048775.,0,0,0
WBGene00048776.,0,0,0
WBGene00048777.,0,0,0
WBGene00048778.,0,0,0
WBGene00048779.,0,0,0
WBGene00048780.,0,0,0
WBGene00048781.,0,0,0
WBGene00048782.,0,0,0
WBGene00048783.,0,0,0
WBGene00048784.,0,0,0
WBGene00048785.,0,0,0
WBGene00048786.,0,0,0
WBGene00048787.,0,0,0
WBGene00048788.,0,0,0
WBGene00048789.,0,0,0
WBGene00048790.,0,0,0
WBGene00048791.,0,0,0
WBGene00048792.,0,0,0
WBGene00048793.,0,0,0
WBGene00048794.,0,0,0
WBGene00048795.,0,0,0
WBGene00048796.,0,0,0
WBGene00048797.,0,0,0
WBGene00048798.,0,0,0
WBGene00048799.,0,0,0
WBGene00048800.,0,0,0
WBGene00048801.,0,0,0
WBGene00048802.,0,0,0
WBGene00048803.,0,0,0
WBGene00048804.,0,0,0
WBGene00048805.,0,0,0
WBGene00048806.,0,0,0
WBGene00048807.,0,0,0
WBGene00048808.,0,0,0
WBGene00048809.,0,0,0
WBGene00048810.,0,0,0
WBGene00048811.,0,0,0
WBGene00048812.,0,0,0
WBGene00048813.,0,0,0
WBGene00048814.,0,0,0
WBGene00048815.,0,0,0
WBGene00048816.,0,0,0
WBGene00048817.,0,0,0
WBGene00048819.,0,0,0
WBGene00048820.,0,0,0
WBGene00048821.,0,0,0
WBGene00048822.,0,0,0
WBGene00048823.,0,0,0
WBGene00048824.,0,0,0
WBGene00048825.,0,0,0
WBGene00048826.,0,0,0
WBGene00048827.,0,0,0
WBGene00048828.,0,0,0
WBGene00048829.,0,0,0
WBGene00048830.,0,0,0
WBGene00048831.,0,0,0
WBGene00048832.,0,0,0
WBGene00048833.,0,0,0
WBGene00048834.,0,0,0
WBGene00048835.,0,0,0
WBGene00048836.,0,0,0
WBGene00048837.,0,0,0
WBGene00048838.,0,0,0
WBGene00048839.,0,0,0
WBGene00048840.,0,0,0
WBGene00048841.,0,0,0
WBGene00048842.,0,0,0
WBGene00048843.,0,0,0
WBGene00048844.,0,0,0
WBGene00048845.,0,0,0
WBGene00048846.,0,0,0
WBGene00048847.,0,0,0
WBGene00048848.,0,0,0
WBGene00048849.,0,0,0
WBGene00048850.,0,0,0
WBGene00048851.,0,0,0
WBGene00048852.,0,0,0
WBGene00048853.,0,0,0
WBGene00048854.,0,0,0
WBGene00048855.,0,0,0
WBGene00048856.,0,0,0
WBGene00048857.,0,0,0
WBGene00048858.,0,0,0
WBGene00048859.,0,0,0
WBGene00048860.,0,0,0
WBGene00048861.,0,0,0
WBGene00048862.,0,0,0
WBGene00048863.,0,0,0
WBGene00048864.,0,0,0
WBGene00048865.,0,0,0
WBGene00048866.,0,0,0
WBGene00048867.,0,0,0
WBGene00048868.,0,0,0
WBGene00048869.,0,0,0
WBGene00048870.,0,0,0
WBGene00048871.,0,0,0
WBGene00048872.,0,0,0
WBGene00048873.,0,0,0
WBGene00048874.,0,0,0
WBGene00048875.,0,0,0
WBGene00048876.,0,0,0
WBGene00048877.,0,0,0
WBGene00048878.,0,0,0
WBGene00048879.,0,0,0
WBGene00048880.,0,0,0
WBGene00048881.,0,0,0
WBGene00048882.,0,0,0
WBGene00048883.,0,0,0
WBGene00048884.,0,0,0
WBGene00048885.,0,0,0
WBGene00048886.,0,0,0
WBGene00048887.,0,0,0
WBGene00048888.,0,0,0
WBGene00048889.,0,0,0
WBGene00048890.,0,0,0
WBGene00048891.,0,0,0
WBGene00048892.,0,0,0
WBGene00048893.,0,0,0
WBGene00048894.,0,0,0
WBGene00048895.,0,0,0
WBGene00048896.,0,0,0
WBGene00048897.,0,0,0
WBGene00048898.,0,0,0
WBGene00048899.,0,0,0
WBGene00048900.,0,0,0
WBGene00048901.,0,0,0
WBGene00048902.,0,0,0
WBGene00048903.,0,0,0
WBGene00048904.,0,0,0
WBGene00048905.,0,0,0
WBGene00048906.,0,0,0
WBGene00048907.,0,0,0
WBGene00048908.,0,0,0
WBGene00048909.,0,0,0
WBGene00048910.,0,0,0
WBGene00048911.,0,0,0
WBGene00048912.,0,0,0
WBGene00048913.,0,0,0
WBGene00048914.,0,0,0
WBGene00048915.,0,0,0
WBGene00048916.,0,0,0
WBGene00048917.,0,0,0
WBGene00048918.,0,0,0
WBGene00048919.,0,0,0
WBGene00048920.,0,0,0
WBGene00048921.,0,0,0
WBGene00048922.,0,0,0
WBGene00048923.,0,0,0
WBGene00048924.,0,0,0
WBGene00048925.,0,0,0
WBGene00048926.,0,0,0
WBGene00048927.,0,0,0
WBGene00048928.,0,0,0
WBGene00048929.,0,0,0
WBGene00048930.,0,0,0
WBGene00048931.,0,0,0
WBGene00048932.,0,0,0
WBGene00048933.,0,0,0
WBGene00048934.,0,0,0
WBGene00048935.,0,0,0
WBGene00048936.,0,0,0
WBGene00048937.,0,0,0
WBGene00048938.,0,0,0
WBGene00048939.,0,0,0
WBGene00048940.,0,0,0
WBGene00048941.,0,0,0
WBGene00048942.,0,0,0
WBGene00048943.,0,0,0
WBGene00048944.,0,0,0
WBGene00048945.,0,0,0
WBGene00048946.,0,0,0
WBGene00048947.,0,0,0
WBGene00048948.,0,0,0
WBGene00048949.,0,0,0
WBGene00048950.,0,0,0
WBGene00048951.,0,0,0
WBGene00048952.,0,0,0
WBGene00048953.,0,0,0
WBGene00048954.,0,0,0
WBGene00048955.,0,0,0
WBGene00048956.,0,0,0
WBGene00048957.,0,0,0
WBGene00048958.,0,0,0
WBGene00048959.,0,0,0
WBGene00048960.,0,0,0
WBGene00048961.,0,0,0
WBGene00048962.,0,0,0
WBGene00048963.,0,0,0
WBGene00048964.,0,0,0
WBGene00048965.,0,0,0
WBGene00048966.,0,0,0
WBGene00048967.,0,0,0
WBGene00048968.,0,0,0
WBGene00048969.,0,0,0
WBGene00048970.,0,0,0
WBGene00048971.,0,0,0
WBGene00048972.,0,0,0
WBGene00048973.,0,0,0
WBGene00048974.,0,0,0
WBGene00048975.,0,0,0
WBGene00048976.,0,0,0
WBGene00048977.,0,0,0
WBGene00048978.,0,0,0
WBGene00048979.,0,0,0
WBGene00048980.,0,0,0
WBGene00048981.,0,0,0
WBGene00048982.,0,0,0
WBGene00048983.,0,0,0
WBGene00048984.,0,0,0
WBGene00048985.,0,0,0
WBGene00048986.,0,0,0
WBGene00048987.,0,0,0
WBGene00048988.,0,0,0
WBGene00048989.,0,0,0
WBGene00048990.,0,0,0
WBGene00048991.,0,0,0
WBGene00048992.,0,0,0
WBGene00048993.,0,0,0
WBGene00048994.,0,0,0
WBGene00048995.,0,0,0
WBGene00048996.,0,0,0
WBGene00048997.,0,0,0
WBGene00048998.,0,0,0
WBGene00048999.,0,0,0
WBGene00049000.,0,0,0
WBGene00049001.,0,0,0
WBGene00049002.,0,0,0
WBGene00049003.,0,0,0
WBGene00049004.,0,0,0
WBGene00049005.,0,0,0
WBGene00049006.,0,0,0
WBGene00049007.,0,0,0
WBGene00049008.,0,0,0
WBGene00049009.,0,0,0
WBGene00049010.,0,0,0
WBGene00049011.,0,0,0
WBGene00049012.,0,0,0
WBGene00049013.,0,0,0
WBGene00049014.,0,0,0
WBGene00049015.,0,0,0
WBGene00049016.,0,0,0
WBGene00049017.,0,0,0
WBGene00049018.,0,0,0
WBGene00049019.,0,0,0
WBGene00049020.,0,0,0
WBGene00049021.,0,0,0
WBGene00049022.,0,0,0
WBGene00049023.,0,0,0
WBGene00049024.,0,0,0
WBGene00049025.,0,0,0
WBGene00049026.,0,0,0
WBGene00049027.,0,0,0
WBGene00049028.,0,0,0
WBGene00049029.,0,0,0
WBGene00049030.,0,0,0
WBGene00049031.,0,0,0
WBGene00049032.,0,0,0
WBGene00049033.,0,0,0
WBGene00049034.,0,0,0
WBGene00049035.,0,0,0
WBGene00049036.,0,0,0
WBGene00049037.,0,0,0
WBGene00049038.,0,0,0
WBGene00049039.,0,0,0
WBGene00049040.,0,0,0
WBGene00049041.,0,0,0
WBGene00049042.,0,0,0
WBGene00049043.,0,0,0
WBGene00049044.,0,0,0
WBGene00049045.,0,0,0
WBGene00049046.,0,0,0
WBGene00049047.,0,0,0
WBGene00049048.,0,0,0
WBGene00049049.,0,0,0
WBGene00049050.,0,0,0
WBGene00049051.,0,0,0
WBGene00049052.,0,0,0
WBGene00049053.,0,0,0
WBGene00049054.,0,0,0
WBGene00049055.,0,0,0
WBGene00049056.,0,0,0
WBGene00049057.,0,0,0
WBGene00049058.,0,0,0
WBGene00049059.,0,0,0
WBGene00049060.,0,0,0
WBGene00049061.,0,0,0
WBGene00049062.,0,0,0
WBGene00049063.,0,0,0
WBGene00049064.,0,0,0
WBGene00049065.,0,0,0
WBGene00049066.,0,0,0
WBGene00049067.,0,0,0
WBGene00049068.,0,0,0
WBGene00049069.,0,0,0
WBGene00049070.,0,0,0
WBGene00049071.,0,0,0
WBGene00049072.,0,0,0
WBGene00049073.,0,0,0
WBGene00049074.,0,0,0
WBGene00049075.,0,0,0
WBGene00049076.,0,0,0
WBGene00049077.,0,0,0
WBGene00049078.,0,0,0
WBGene00049079.,0,0,0
WBGene00049080.,0,0,0
WBGene00049081.,0,0,0
WBGene00049082.,0,0,0
WBGene00049083.,0,0,0
WBGene00049084.,0,0,0
WBGene00049085.,0,0,0
WBGene00049086.,0,0,0
WBGene00049087.,0,0,0
WBGene00049088.,0,0,0
WBGene00049089.,0,0,0
WBGene00049090.,0,0,0
WBGene00049091.,0,0,0
WBGene00049092.,0,0,0
WBGene00049093.,0,0,0
WBGene00049094.,0,0,0
WBGene00049095.,0,0,0
WBGene00049096.,0,0,0
WBGene00049097.,0,0,0
WBGene00049098.,0,0,0
WBGene00049099.,0,0,0
WBGene00049100.,0,0,0
WBGene00049101.,0,0,0
WBGene00049102.,0,0,0
WBGene00049103.,0,0,0
WBGene00049104.,0,0,0
WBGene00049105.,0,0,0
WBGene00049106.,0,0,0
WBGene00049107.,0,0,0
WBGene00049108.,0,0,0
WBGene00049109.,0,0,0
WBGene00049110.,0,0,0
WBGene00049111.,0,0,0
WBGene00049112.,0,0,0
WBGene00049113.,0,0,0
WBGene00049114.,0,0,0
WBGene00049115.,0,0,0
WBGene00049116.,0,0,0
WBGene00049117.,0,0,0
WBGene00049118.,0,0,0
WBGene00049119.,0,0,0
WBGene00049120.,0,0,0
WBGene00049121.,0,0,0
WBGene00049122.,0,0,0
WBGene00049123.,0,0,0
WBGene00049124.,0,0,0
WBGene00049125.,0,0,0
WBGene00049126.,0,0,0
WBGene00049127.,0,0,0
WBGene00049128.,0,0,0
WBGene00049129.,0,0,0
WBGene00049130.,0,0,0
WBGene00049131.,0,0,0
WBGene00049132.,0,0,0
WBGene00049133.,0,0,0
WBGene00049134.,0,0,0
WBGene00049135.,0,0,0
WBGene00049136.,0,0,0
WBGene00049137.,0,0,0
WBGene00049138.,0,0,0
WBGene00049139.,0,0,0
WBGene00049140.,0,0,0
WBGene00049141.,0,0,0
WBGene00049142.,0,0,0
WBGene00049143.,0,0,0
WBGene00049144.,0,0,0
WBGene00049145.,0,0,0
WBGene00049146.,0,0,0
WBGene00049147.,0,0,0
WBGene00049148.,0,0,0
WBGene00049149.,0,0,0
WBGene00049150.,0,0,0
WBGene00049151.,0,0,0
WBGene00049152.,0,0,0
WBGene00049153.,0,0,0
WBGene00049154.,0,0,0
WBGene00049155.,0,0,0
WBGene00049156.,0,0,0
WBGene00049157.,0,0,0
WBGene00049158.,0,0,0
WBGene00049159.,0,0,0
WBGene00049160.,0,0,0
WBGene00049161.,0,0,0
WBGene00049162.,0,0,0
WBGene00049163.,0,0,0
WBGene00049164.,0,0,0
WBGene00049165.,0,0,0
WBGene00049166.,0,0,0
WBGene00049167.,0,0,0
WBGene00049168.,0,0,0
WBGene00049169.,0,0,0
WBGene00049170.,0,0,0
WBGene00049171.,0,0,0
WBGene00049172.,0,0,0
WBGene00049173.,0,0,0
WBGene00049174.,0,0,0
WBGene00049175.,0,0,0
WBGene00049176.,0,0,0
WBGene00049177.,0,0,0
WBGene00049178.,0,0,0
WBGene00049179.,0,0,0
WBGene00049180.,0,0,0
WBGene00049181.,0,0,0
WBGene00049182.,0,0,0
WBGene00049183.,0,0,0
WBGene00049184.,0,0,0
WBGene00049185.,0,0,0
WBGene00049186.,0,0,0
WBGene00049187.,0,0,0
WBGene00049188.,0,0,0
WBGene00049189.,0,0,0
WBGene00049190.,0,0,0
WBGene00049191.,0,0,0
WBGene00049192.,0,0,0
WBGene00049193.,0,0,0
WBGene00049194.,0,0,0
WBGene00049195.,0,0,0
WBGene00049196.,0,0,0
WBGene00049197.,0,0,0
WBGene00049198.,0,0,0
WBGene00049199.,0,0,0
WBGene00049200.,0,0,0
WBGene00049201.,0,0,0
WBGene00049202.,0,0,0
WBGene00049203.,0,0,0
WBGene00049204.,0,0,0
WBGene00049205.,0,0,0
WBGene00049206.,0,0,0
WBGene00049207.,0,0,0
WBGene00049208.,0,0,0
WBGene00049209.,0,0,0
WBGene00049210.,0,0,0
WBGene00049211.,0,0,0
WBGene00049212.,0,0,0
WBGene00049213.,0,0,0
WBGene00049214.,0,0,0
WBGene00049215.,0,0,0
WBGene00049216.,0,0,0
WBGene00049217.,0,0,0
WBGene00049218.,0,0,0
WBGene00049219.,0,0,0
WBGene00049220.,0,0,0
WBGene00049221.,0,0,0
WBGene00049222.,0,0,0
WBGene00049223.,0,0,0
WBGene00049224.,0,0,0
WBGene00049225.,0,0,0
WBGene00049226.,0,0,0
WBGene00049227.,0,0,0
WBGene00049228.,0,0,0
WBGene00049229.,0,0,0
WBGene00049230.,0,0,0
WBGene00049231.,0,0,0
WBGene00049232.,0,0,0
WBGene00049233.,0,0,0
WBGene00049234.,0,0,0
WBGene00049235.,0,0,0
WBGene00049236.,0,0,0
WBGene00049237.,0,0,0
WBGene00049238.,0,0,0
WBGene00049239.,0,0,0
WBGene00049240.,0,0,0
WBGene00049241.,0,0,0
WBGene00049242.,0,0,0
WBGene00049243.,0,0,0
WBGene00049244.,0,0,0
WBGene00049245.,0,0,0
WBGene00049246.,0,0,0
WBGene00049247.,0,0,0
WBGene00049248.,0,0,0
WBGene00049249.,0,0,0
WBGene00049250.,0,0,0
WBGene00049251.,0,0,0
WBGene00049252.,0,0,0
WBGene00049253.,0,0,0
WBGene00049254.,0,0,0
WBGene00049255.,0,0,0
WBGene00049256.,0,0,0
WBGene00049257.,0,0,0
WBGene00049258.,0,0,0
WBGene00049259.,0,0,0
WBGene00049260.,0,0,0
WBGene00049261.,0,0,0
WBGene00049262.,0,0,0
WBGene00049263.,0,0,0
WBGene00049264.,0,0,0
WBGene00049265.,0,0,0
WBGene00049266.,0,0,0
WBGene00049267.,0,0,0
WBGene00049268.,0,0,0
WBGene00049269.,0,0,0
WBGene00049270.,0,0,0
WBGene00049271.,0,0,0
WBGene00049272.,0,0,0
WBGene00049273.,0,0,0
WBGene00049274.,0,0,0
WBGene00049275.,0,0,0
WBGene00049276.,0,0,0
WBGene00049277.,0,0,0
WBGene00049278.,0,0,0
WBGene00049279.,0,0,0
WBGene00049280.,0,0,0
WBGene00049281.,0,0,0
WBGene00049282.,0,0,0
WBGene00049283.,0,0,0
WBGene00049284.,0,0,0
WBGene00049285.,0,0,0
WBGene00049286.,0,0,0
WBGene00049287.,0,0,0
WBGene00049288.,0,0,0
WBGene00049289.,0,0,0
WBGene00049290.,0,0,0
WBGene00049291.,0,0,0
WBGene00049292.,0,0,0
WBGene00049293.,0,0,0
WBGene00049294.,0,0,0
WBGene00049295.,0,0,0
WBGene00049296.,0,0,0
WBGene00049297.,0,0,0
WBGene00049298.,0,0,0
WBGene00049299.,0,0,0
WBGene00049300.,0,0,0
WBGene00049301.,0,0,0
WBGene00049302.,0,0,0
WBGene00049303.,0,0,0
WBGene00049304.,0,0,0
WBGene00049305.,0,0,0
WBGene00049306.,0,0,0
WBGene00049307.,0,0,0
WBGene00049308.,0,0,0
WBGene00049309.,0,0,0
WBGene00049310.,0,0,0
WBGene00049311.,0,0,0
WBGene00049312.,0,0,0
WBGene00049313.,0,0,0
WBGene00049314.,0,0,0
WBGene00049315.,0,0,0
WBGene00049316.,0,0,0
WBGene00049317.,0,0,0
WBGene00049318.,0,0,0
WBGene00049319.,0,0,0
WBGene00049320.,0,0,0
WBGene00049321.,0,0,0
WBGene00049322.,0,0,0
WBGene00049323.,0,0,0
WBGene00049324.,0,0,0
WBGene00049325.,0,0,0
WBGene00049326.,0,0,0
WBGene00049327.,0,0,0
WBGene00049328.,0,0,0
WBGene00049329.,0,0,0
WBGene00049330.,0,0,0
WBGene00049331.,0,0,0
WBGene00049332.,0,0,0
WBGene00049333.,0,0,0
WBGene00049334.,0,0,0
WBGene00049335.,0,0,0
WBGene00049336.,0,0,0
WBGene00049337.,0,0,0
WBGene00049338.,0,0,0
WBGene00049339.,0,0,0
WBGene00049340.,0,0,0
WBGene00049341.,0,0,0
WBGene00049342.,0,0,0
WBGene00049343.,0,0,0
WBGene00049344.,0,0,0
WBGene00049345.,0,0,0
WBGene00049346.,0,0,0
WBGene00049347.,0,0,0
WBGene00049348.,0,0,0
WBGene00049349.,0,0,0
WBGene00049350.,0,0,0
WBGene00049351.,0,0,0
WBGene00049352.,0,0,0
WBGene00049353.,0,0,0
WBGene00049354.,0,0,0
WBGene00049355.,0,0,0
WBGene00049356.,0,0,0
WBGene00049357.,0,0,0
WBGene00049358.,0,0,0
WBGene00049359.,0,0,0
WBGene00049360.,0,0,0
WBGene00049361.,0,0,0
WBGene00049362.,0,0,0
WBGene00049363.,0,0,0
WBGene00049364.,0,0,0
WBGene00049365.,0,0,0
WBGene00049366.,0,0,0
WBGene00049367.,0,0,0
WBGene00049368.,0,0,0
WBGene00049369.,0,0,0
WBGene00049370.,0,0,0
WBGene00049371.,0,0,0
WBGene00049372.,0,0,0
WBGene00049373.,0,0,0
WBGene00049374.,0,0,0
WBGene00049375.,0,0,0
WBGene00049376.,0,0,0
WBGene00049377.,0,0,0
WBGene00049378.,0,0,0
WBGene00049379.,0,0,0
WBGene00049380.,0,0,0
WBGene00049381.,0,0,0
WBGene00049382.,0,0,0
WBGene00049383.,0,0,0
WBGene00049384.,0,0,0
WBGene00049385.,0,0,0
WBGene00049386.,0,0,0
WBGene00049387.,0,0,0
WBGene00049388.,0,0,0
WBGene00049389.,0,0,0
WBGene00049390.,0,0,0
WBGene00049391.,0,0,0
WBGene00049392.,0,0,0
WBGene00049393.,0,0,0
WBGene00049394.,0,0,0
WBGene00049395.,0,0,0
WBGene00049396.,0,0,0
WBGene00049397.,0,0,0
WBGene00049398.,0,0,0
WBGene00049399.,0,0,0
WBGene00049400.,0,0,0
WBGene00049401.,0,0,0
WBGene00049402.,0,0,0
WBGene00049403.,0,0,0
WBGene00049404.,0,0,0
WBGene00049405.,0,0,0
WBGene00049406.,0,0,0
WBGene00049407.,0,0,0
WBGene00049408.,0,0,0
WBGene00049409.,0,0,0
WBGene00049410.,0,0,0
WBGene00049411.,0,0,0
WBGene00049412.,0,0,0
WBGene00049413.,0,0,0
WBGene00049414.,0,0,0
WBGene00049415.,0,0,0
WBGene00049416.,0,0,0
WBGene00049417.,0,0,0
WBGene00049418.,0,0,0
WBGene00049419.,0,0,0
WBGene00049420.,0,0,0
WBGene00049421.,0,0,0
WBGene00049422.,0,0,0
WBGene00049423.,0,0,0
WBGene00049424.,0,0,0
WBGene00049425.,0,0,0
WBGene00049426.,0,0,0
WBGene00049427.,0,0,0
WBGene00049428.,0,0,0
WBGene00049429.,0,0,0
WBGene00049430.,0,0,0
WBGene00049431.,0,0,0
WBGene00049432.,0,0,0
WBGene00049433.,0,0,0
WBGene00049434.,0,0,0
WBGene00049435.,0,0,0
WBGene00049436.,0,0,0
WBGene00049437.,0,0,0
WBGene00049438.,0,0,0
WBGene00049439.,0,0,0
WBGene00049440.,0,0,0
WBGene00049441.,0,0,0
WBGene00049443.,0,0,0
WBGene00049444.,0,0,0
WBGene00049445.,0,0,0
WBGene00049446.,0,0,0
WBGene00049447.,0,0,0
WBGene00049448.,0,0,0
WBGene00049449.,0,0,0
WBGene00049450.,0,0,0
WBGene00049451.,0,0,0
WBGene00049452.,0,0,0
WBGene00049453.,0,0,0
WBGene00049454.,0,0,0
WBGene00049455.,0,0,0
WBGene00049456.,0,0,0
WBGene00049457.,0,0,0
WBGene00049458.,0,0,0
WBGene00049459.,0,0,0
WBGene00049460.,0,0,0
WBGene00049461.,0,0,0
WBGene00049462.,0,0,0
WBGene00049463.,0,0,0
WBGene00049464.,0,0,0
WBGene00049465.,0,0,0
WBGene00049466.,0,0,0
WBGene00049467.,0,0,0
WBGene00049468.,0,0,0
WBGene00049469.,0,0,0
WBGene00049470.,0,0,0
WBGene00049471.,0,0,0
WBGene00049472.,0,0,0
WBGene00049473.,0,0,0
WBGene00049474.,0,0,0
WBGene00049475.,0,0,0
WBGene00049476.,0,0,0
WBGene00049477.,0,0,0
WBGene00049478.,0,0,0
WBGene00049479.,0,0,0
WBGene00049480.,0,0,0
WBGene00049481.,0,0,0
WBGene00049482.,0,0,0
WBGene00049483.,0,0,0
WBGene00049484.,0,0,0
WBGene00049485.,0,0,0
WBGene00049486.,0,0,0
WBGene00049487.,0,0,0
WBGene00049488.,0,0,0
WBGene00049489.,0,0,0
WBGene00049490.,0,0,0
WBGene00049491.,0,0,0
WBGene00049492.,0,0,0
WBGene00049493.,0,0,0
WBGene00049494.,0,0,0
WBGene00049495.,0,0,0
WBGene00049496.,0,0,0
WBGene00049497.,0,0,0
WBGene00049498.,0,0,0
WBGene00049499.,0,0,0
WBGene00049500.,0,0,0
WBGene00049501.,0,0,0
WBGene00049502.,0,0,0
WBGene00049503.,0,0,0
WBGene00049504.,0,0,0
WBGene00049505.,0,0,0
WBGene00049506.,0,0,0
WBGene00049507.,0,0,0
WBGene00049508.,0,0,0
WBGene00049509.,0,0,0
WBGene00049510.,0,0,0
WBGene00049511.,0,0,0
WBGene00049512.,0,0,0
WBGene00049513.,0,0,0
WBGene00049514.,0,0,0
WBGene00049515.,0,0,0
WBGene00049516.,0,0,0
WBGene00049517.,0,0,0
WBGene00049518.,0,0,0
WBGene00049519.,0,0,0
WBGene00049520.,0,0,0
WBGene00049521.,0,0,0
WBGene00049522.,0,0,0
WBGene00049523.,0,0,0
WBGene00049524.,0,0,0
WBGene00049525.,0,0,0
WBGene00049526.,0,0,0
WBGene00049527.,0,0,0
WBGene00049528.,0,0,0
WBGene00049529.,0,0,0
WBGene00049530.,0,0,0
WBGene00049531.,0,0,0
WBGene00049532.,0,0,0
WBGene00049533.,0,0,0
WBGene00049534.,0,0,0
WBGene00049535.,0,0,0
WBGene00049536.,0,0,0
WBGene00049537.,0,0,0
WBGene00049538.,0,0,0
WBGene00049539.,0,0,0
WBGene00049540.,0,0,0
WBGene00049541.,0,0,0
WBGene00049542.,0,0,0
WBGene00049543.,0,0,0
WBGene00049544.,0,0,0
WBGene00049545.,0,0,0
WBGene00049546.,0,0,0
WBGene00049547.,0,0,0
WBGene00049548.,0,0,0
WBGene00049549.,0,0,0
WBGene00049550.,0,0,0
WBGene00049551.,0,0,0
WBGene00049552.,0,0,0
WBGene00049553.,0,0,0
WBGene00049554.,0,0,0
WBGene00049555.,0,0,0
WBGene00049556.,0,0,0
WBGene00049557.,0,0,0
WBGene00049558.,0,0,0
WBGene00049559.,0,0,0
WBGene00049560.,0,0,0
WBGene00049561.,0,0,0
WBGene00049562.,0,0,0
WBGene00049563.,0,0,0
WBGene00049564.,0,0,0
WBGene00049565.,0,0,0
WBGene00049566.,0,0,0
WBGene00049567.,0,0,0
WBGene00049568.,0,0,0
WBGene00049569.,0,0,0
WBGene00049570.,0,0,0
WBGene00049571.,0,0,0
WBGene00049572.,0,0,0
WBGene00049573.,0,0,0
WBGene00049574.,0,0,0
WBGene00049575.,0,0,0
WBGene00049576.,0,0,0
WBGene00049577.,0,0,0
WBGene00049578.,0,0,0
WBGene00049579.,0,0,0
WBGene00049580.,0,0,0
WBGene00049581.,0,0,0
WBGene00049582.,0,0,0
WBGene00049583.,0,0,0
WBGene00049584.,0,0,0
WBGene00049585.,0,0,0
WBGene00049586.,0,0,0
WBGene00049587.,0,0,0
WBGene00049588.,0,0,0
WBGene00049589.,0,0,0
WBGene00049590.,0,0,0
WBGene00049591.,0,0,0
WBGene00049592.,0,0,0
WBGene00049593.,0,0,0
WBGene00049594.,0,0,0
WBGene00049595.,0,0,0
WBGene00049596.,0,0,0
WBGene00049597.,0,0,0
WBGene00049598.,0,0,0
WBGene00049599.,0,0,0
WBGene00049600.,0,0,0
WBGene00049601.,0,0,0
WBGene00049602.,0,0,0
WBGene00049603.,0,0,0
WBGene00049604.,0,0,0
WBGene00049605.,0,0,0
WBGene00049606.,0,0,0
WBGene00049607.,0,0,0
WBGene00049608.,0,0,0
WBGene00049609.,0,0,0
WBGene00049610.,0,0,0
WBGene00049611.,0,0,0
WBGene00049612.,0,0,0
WBGene00049613.,0,0,0
WBGene00049614.,0,0,0
WBGene00049615.,0,0,0
WBGene00049616.,0,0,0
WBGene00049617.,0,0,0
WBGene00049618.,0,0,0
WBGene00049619.,0,0,0
WBGene00049620.,0,0,0
WBGene00049621.,0,0,0
WBGene00049622.,0,0,0
WBGene00049623.,0,0,0
WBGene00049624.,0,0,0
WBGene00049625.,0,0,0
WBGene00049626.,0,0,0
WBGene00049627.,0,0,0
WBGene00049628.,0,0,0
WBGene00049629.,0,0,0
WBGene00049630.,0,0,0
WBGene00049631.,0,0,0
WBGene00049632.,0,0,0
WBGene00049633.,0,0,0
WBGene00049634.,0,0,0
WBGene00049635.,0,0,0
WBGene00049636.,0,0,0
WBGene00049637.,0,0,0
WBGene00049638.,0,0,0
WBGene00049639.,0,0,0
WBGene00049640.,0,0,0
WBGene00049641.,0,0,0
WBGene00049642.,0,0,0
WBGene00049643.,0,0,0
WBGene00049644.,0,0,0
WBGene00049645.,0,0,0
WBGene00049646.,0,0,0
WBGene00049647.,0,0,0
WBGene00049648.,0,0,0
WBGene00049649.,0,0,0
WBGene00049650.,0,0,0
WBGene00049651.,0,0,0
WBGene00049652.,0,0,0
WBGene00049653.,0,0,0
WBGene00049654.,0,0,0
WBGene00049655.,0,0,0
WBGene00049656.,0,0,0
WBGene00049657.,0,0,0
WBGene00049658.,0,0,0
WBGene00049659.,0,0,0
WBGene00049660.,0,0,0
WBGene00049661.,0,0,0
WBGene00049662.,0,0,0
WBGene00049663.,0,0,0
WBGene00049664.,0,0,0
WBGene00049665.,0,0,0
WBGene00049666.,0,0,0
WBGene00049667.,0,0,0
WBGene00049668.,0,0,0
WBGene00049669.,0,0,0
WBGene00049670.,0,0,0
WBGene00049671.,0,0,0
WBGene00049672.,0,0,0
WBGene00049673.,0,0,0
WBGene00049674.,0,0,0
WBGene00049675.,0,0,0
WBGene00049676.,0,0,0
WBGene00049677.,0,0,0
WBGene00049678.,0,0,0
WBGene00049679.,0,0,0
WBGene00049680.,0,0,0
WBGene00049681.,0,0,0
WBGene00049682.,0,0,0
WBGene00049683.,0,0,0
WBGene00049684.,0,0,0
WBGene00049685.,0,0,0
WBGene00049686.,0,0,0
WBGene00049687.,0,0,0
WBGene00049688.,0,0,0
WBGene00049689.,0,0,0
WBGene00049690.,0,0,0
WBGene00049691.,0,0,0
WBGene00049692.,0,0,0
WBGene00049693.,0,0,0
WBGene00049694.,0,0,0
WBGene00049695.,0,0,0
WBGene00049696.,0,0,0
WBGene00049697.,0,0,0
WBGene00049698.,0,0,0
WBGene00049699.,0,0,0
WBGene00049700.,0,0,0
WBGene00049701.,0,0,0
WBGene00049702.,0,0,0
WBGene00049703.,0,0,0
WBGene00049704.,0,0,0
WBGene00049705.,0,0,0
WBGene00049706.,0,0,0
WBGene00049707.,0,0,0
WBGene00049708.,0,0,0
WBGene00049709.,0,0,0
WBGene00049710.,0,0,0
WBGene00049711.,0,0,0
WBGene00049712.,0,0,0
WBGene00049713.,0,0,0
WBGene00049714.,0,0,0
WBGene00049715.,0,0,0
WBGene00049716.,0,0,0
WBGene00049717.,0,0,0
WBGene00049718.,0,0,0
WBGene00049719.,0,0,0
WBGene00049720.,0,0,0
WBGene00049721.,0,0,0
WBGene00049722.,0,0,0
WBGene00049723.,0,0,0
WBGene00049724.,0,0,0
WBGene00049725.,0,0,0
WBGene00049726.,0,0,0
WBGene00049727.,0,0,0
WBGene00049728.,0,0,0
WBGene00049729.,0,0,0
WBGene00049730.,0,0,0
WBGene00049731.,0,0,0
WBGene00049732.,0,0,0
WBGene00049733.,0,0,0
WBGene00049734.,0,0,0
WBGene00049735.,0,0,0
WBGene00049736.,0,0,0
WBGene00049737.,0,0,0
WBGene00049738.,0,0,0
WBGene00049739.,0,0,0
WBGene00049740.,0,0,0
WBGene00049741.,0,0,0
WBGene00049742.,0,0,0
WBGene00049743.,0,0,0
WBGene00049744.,0,0,0
WBGene00049745.,0,0,0
WBGene00049746.,0,0,0
WBGene00049747.,0,0,0
WBGene00049748.,0,0,0
WBGene00049749.,0,0,0
WBGene00049750.,0,0,0
WBGene00049751.,0,0,0
WBGene00049752.,0,0,0
WBGene00049753.,0,0,0
WBGene00049754.,0,0,0
WBGene00049755.,0,0,0
WBGene00049756.,0,0,0
WBGene00049757.,0,0,0
WBGene00049758.,0,0,0
WBGene00049759.,0,0,0
WBGene00049760.,0,0,0
WBGene00049761.,0,0,0
WBGene00049762.,0,0,0
WBGene00049763.,0,0,0
WBGene00049764.,0,0,0
WBGene00049765.,0,0,0
WBGene00049766.,0,0,0
WBGene00049767.,0,0,0
WBGene00049768.,0,0,0
WBGene00049769.,0,0,0
WBGene00049770.,0,0,0
WBGene00049771.,0,0,0
WBGene00049772.,0,0,0
WBGene00049773.,0,0,0
WBGene00049774.,0,0,0
WBGene00049775.,0,0,0
WBGene00049776.,0,0,0
WBGene00049777.,0,0,0
WBGene00049778.,0,0,0
WBGene00049779.,0,0,0
WBGene00049780.,0,0,0
WBGene00049781.,0,0,0
WBGene00049782.,0,0,0
WBGene00049783.,0,0,0
WBGene00049784.,0,0,0
WBGene00049785.,0,0,0
WBGene00049786.,0,0,0
WBGene00049787.,0,0,0
WBGene00049788.,0,0,0
WBGene00049789.,0,0,0
WBGene00049790.,0,0,0
WBGene00049791.,0,0,0
WBGene00049792.,0,0,0
WBGene00049793.,0,0,0
WBGene00049794.,0,0,0
WBGene00049795.,0,0,0
WBGene00049796.,0,0,0
WBGene00049797.,0,0,0
WBGene00049798.,0,0,0
WBGene00049799.,0,0,0
WBGene00049800.,0,0,0
WBGene00049801.,0,0,0
WBGene00049802.,0,0,0
WBGene00049803.,0,0,0
WBGene00049804.,0,0,0
WBGene00049805.,0,0,0
WBGene00049806.,0,0,0
WBGene00049807.,0,0,0
WBGene00049808.,0,0,0
WBGene00049809.,0,0,0
WBGene00049810.,0,0,0
WBGene00049811.,0,0,0
WBGene00049812.,0,0,0
WBGene00049813.,0,0,0
WBGene00049814.,0,0,0
WBGene00049815.,0,0,0
WBGene00049816.,0,0,0
WBGene00049817.,0,0,0
WBGene00049818.,0,0,0
WBGene00049819.,0,0,0
WBGene00049820.,0,0,0
WBGene00049821.,0,0,0
WBGene00049822.,0,0,0
WBGene00049823.,0,0,0
WBGene00049824.,0,0,0
WBGene00049825.,0,0,0
WBGene00049826.,0,0,0
WBGene00049827.,0,0,0
WBGene00049828.,0,0,0
WBGene00049829.,0,0,0
WBGene00049830.,0,0,0
WBGene00049831.,0,0,0
WBGene00049832.,0,0,0
WBGene00049833.,0,0,0
WBGene00049834.,0,0,0
WBGene00049835.,0,0,0
WBGene00049836.,0,0,0
WBGene00049837.,0,0,0
WBGene00049838.,0,0,0
WBGene00049839.,0,0,0
WBGene00049840.,0,0,0
WBGene00049841.,0,0,0
WBGene00049842.,0,0,0
WBGene00049843.,0,0,0
WBGene00049844.,0,0,0
WBGene00049845.,0,0,0
WBGene00049846.,0,0,0
WBGene00049847.,0,0,0
WBGene00049848.,0,0,0
WBGene00049849.,0,0,0
WBGene00049850.,0,0,0
WBGene00049851.,0,0,0
WBGene00049852.,0,0,0
WBGene00049853.,0,0,0
WBGene00049854.,0,0,0
WBGene00049855.,0,0,0
WBGene00049856.,0,0,0
WBGene00049857.,0,0,0
WBGene00049858.,0,0,0
WBGene00049859.,0,0,0
WBGene00049860.,0,0,0
WBGene00049861.,0,0,0
WBGene00049862.,0,0,0
WBGene00049863.,0,0,0
WBGene00049864.,0,0,0
WBGene00049865.,0,0,0
WBGene00049866.,0,0,0
WBGene00049867.,0,0,0
WBGene00049868.,0,0,0
WBGene00049869.,0,0,0
WBGene00049870.,0,0,0
WBGene00049871.,0,0,0
WBGene00049872.,0,0,0
WBGene00049873.,0,0,0
WBGene00049874.,0,0,0
WBGene00049875.,0,0,0
WBGene00049876.,0,0,0
WBGene00049877.,0,0,0
WBGene00049878.,0,0,0
WBGene00049879.,0,0,0
WBGene00049880.,0,0,0
WBGene00049881.,0,0,0
WBGene00049882.,0,0,0
WBGene00049883.,0,0,0
WBGene00049884.,0,0,0
WBGene00049885.,0,0,0
WBGene00049886.,0,0,0
WBGene00049887.,0,0,0
WBGene00049888.,0,0,0
WBGene00049889.,0,0,0
WBGene00049890.,0,0,0
WBGene00049891.,0,0,0
WBGene00049892.,0,0,0
WBGene00049893.,0,0,0
WBGene00049894.,0,0,0
WBGene00049895.,0,0,0
WBGene00049896.,0,0,0
WBGene00049897.,0,0,0
WBGene00049898.,0,0,0
WBGene00049899.,0,0,0
WBGene00049900.,0,0,0
WBGene00049901.,0,0,0
WBGene00049902.,0,0,0
WBGene00049903.,0,0,0
WBGene00049904.,0,0,0
WBGene00049905.,0,0,0
WBGene00049906.,0,0,0
WBGene00049907.,0,0,0
WBGene00049908.,0,0,0
WBGene00049909.,0,0,0
WBGene00049910.,0,0,0
WBGene00049911.,0,0,0
WBGene00049912.,0,0,0
WBGene00049913.,0,0,0
WBGene00049914.,0,0,0
WBGene00049915.,0,0,0
WBGene00049916.,0,0,0
WBGene00049917.,0,0,0
WBGene00049918.,0,0,0
WBGene00049919.,0,0,0
WBGene00049920.,0,0,0
WBGene00049921.,0,0,0
WBGene00049922.,0,0,0
WBGene00049923.,0,0,0
WBGene00049924.,0,0,0
WBGene00049925.,0,0,0
WBGene00049926.,0,0,0
WBGene00049927.,0,0,0
WBGene00049928.,0,0,0
WBGene00049929.,0,0,0
WBGene00049930.,0,0,0
WBGene00049931.,0,0,0
WBGene00049932.,0,0,0
WBGene00049933.,0,0,0
WBGene00049934.,0,0,0
WBGene00049935.,0,0,0
WBGene00049936.,0,0,0
WBGene00049937.,0,0,0
WBGene00049938.,0,0,0
WBGene00049939.,0,0,0
WBGene00049940.,0,0,0
WBGene00049941.,0,0,0
WBGene00049942.,0,0,0
WBGene00049943.,0,0,0
WBGene00049944.,0,0,0
WBGene00049945.,0,0,0
WBGene00049946.,0,0,0
WBGene00049947.,0,0,0
WBGene00049948.,0,0,0
WBGene00049949.,0,0,0
WBGene00049950.,0,0,0
WBGene00049951.,0,0,0
WBGene00049952.,0,0,0
WBGene00049953.,0,0,0
WBGene00049954.,0,0,0
WBGene00049955.,0,0,0
WBGene00049956.,0,0,0
WBGene00049957.,0,0,0
WBGene00049958.,0,0,0
WBGene00049959.,0,0,0
WBGene00049960.,0,0,0
WBGene00049961.,0,0,0
WBGene00049962.,0,0,0
WBGene00049963.,0,0,0
WBGene00049964.,0,0,0
WBGene00049965.,0,0,0
WBGene00049966.,0,0,0
WBGene00049967.,0,0,0
WBGene00049968.,0,0,0
WBGene00049969.,0,0,0
WBGene00049970.,0,0,0
WBGene00049971.,0,0,0
WBGene00049972.,0,0,0
WBGene00049973.,0,0,0
WBGene00049974.,0,0,0
WBGene00049975.,0,0,0
WBGene00049976.,0,0,0
WBGene00049977.,0,0,0
WBGene00049978.,0,0,0
WBGene00049979.,0,0,0
WBGene00049980.,0,0,0
WBGene00049981.,0,0,0
WBGene00049982.,0,0,0
WBGene00049983.,0,0,0
WBGene00049984.,0,0,0
WBGene00049985.,0,0,0
WBGene00049986.,0,0,0
WBGene00049987.,0,0,0
WBGene00049988.,0,0,0
WBGene00049989.,0,0,0
WBGene00049990.,0,0,0
WBGene00049991.,0,0,0
WBGene00049992.,0,0,0
WBGene00049993.,0,0,0
WBGene00049994.,0,0,0
WBGene00049995.,0,0,0
WBGene00049996.,0,0,0
WBGene00049997.,0,0,0
WBGene00049998.,0,0,0
WBGene00049999.,0,0,0
WBGene00050000.,0,0,0
WBGene00050001.,0,0,0
WBGene00050002.,0,0,0
WBGene00050003.,0,0,0
WBGene00050004.,0,0,0
WBGene00050005.,0,0,0
WBGene00050006.,0,0,0
WBGene00050007.,0,0,0
WBGene00050008.,0,0,0
WBGene00050009.,0,0,0
WBGene00050010.,0,0,0
WBGene00050011.,0,0,0
WBGene00050012.,0,0,0
WBGene00050013.,0,0,0
WBGene00050014.,0,0,0
WBGene00050015.,0,0,0
WBGene00050016.,0,0,0
WBGene00050017.,0,0,0
WBGene00050018.,0,0,0
WBGene00050019.,0,0,0
WBGene00050020.,0,0,0
WBGene00050021.,0,0,0
WBGene00050022.,0,0,0
WBGene00050023.,0,0,0
WBGene00050024.,0,0,0
WBGene00050025.,0,0,0
WBGene00050026.,0,0,0
WBGene00050027.,0,0,0
WBGene00050028.,0,0,0
WBGene00050029.,0,0,0
WBGene00050030.,0,0,0
WBGene00050031.,0,0,0
WBGene00050032.,0,0,0
WBGene00050033.,0,0,0
WBGene00050034.,0,0,0
WBGene00050035.,0,0,0
WBGene00050036.,0,0,0
WBGene00050037.,0,0,0
WBGene00050038.,0,0,0
WBGene00050039.,0,0,0
WBGene00050040.,0,0,0
WBGene00050041.,0,0,0
WBGene00050042.,0,0,0
WBGene00050043.,0,0,0
WBGene00050044.,0,0,0
WBGene00050045.,0,0,0
WBGene00050046.,0,0,0
WBGene00050047.,0,0,0
WBGene00050048.,0,0,0
WBGene00050049.,0,0,0
WBGene00050050.,0,0,0
WBGene00050051.,0,0,0
WBGene00050052.,0,0,0
WBGene00050053.,0,0,0
WBGene00050054.,0,0,0
WBGene00050055.,0,0,0
WBGene00050056.,0,0,0
WBGene00050057.,0,0,0
WBGene00050058.,0,0,0
WBGene00050059.,0,0,0
WBGene00050060.,0,0,0
WBGene00050061.,0,0,0
WBGene00050062.,0,0,0
WBGene00050063.,0,0,0
WBGene00050064.,0,0,0
WBGene00050065.,0,0,0
WBGene00050066.,0,0,0
WBGene00050067.,0,0,0
WBGene00050068.,0,0,0
WBGene00050069.,0,0,0
WBGene00050070.,0,0,0
WBGene00050071.,0,0,0
WBGene00050072.,0,0,0
WBGene00050073.,0,0,0
WBGene00050074.,0,0,0
WBGene00050075.,0,0,0
WBGene00050076.,0,0,0
WBGene00050077.,0,0,0
WBGene00050078.,0,0,0
WBGene00050079.,0,0,0
WBGene00050080.,0,0,0
WBGene00050081.,0,0,0
WBGene00050082.,0,0,0
WBGene00050083.,0,0,0
WBGene00050084.,0,0,0
WBGene00050085.,0,0,0
WBGene00050086.,0,0,0
WBGene00050087.,0,0,0
WBGene00050088.,0,0,0
WBGene00050089.,0,0,0
WBGene00050090.,0,0,0
WBGene00050091.,0,0,0
WBGene00050092.,0,0,0
WBGene00050093.,0,0,0
WBGene00050094.,0,0,0
WBGene00050095.,0,0,0
WBGene00050096.,0,0,0
WBGene00050097.,0,0,0
WBGene00050098.,0,0,0
WBGene00050099.,0,0,0
WBGene00050100.,0,0,0
WBGene00050101.,0,0,0
WBGene00050102.,0,0,0
WBGene00050103.,0,0,0
WBGene00050104.,0,0,0
WBGene00050105.,0,0,0
WBGene00050106.,0,0,0
WBGene00050107.,0,0,0
WBGene00050108.,0,0,0
WBGene00050109.,0,0,0
WBGene00050110.,0,0,0
WBGene00050111.,0,0,0
WBGene00050112.,0,0,0
WBGene00050113.,0,0,0
WBGene00050114.,0,0,0
WBGene00050115.,0,0,0
WBGene00050116.,0,0,0
WBGene00050117.,0,0,0
WBGene00050118.,0,0,0
WBGene00050119.,0,0,0
WBGene00050120.,0,0,0
WBGene00050121.,0,0,0
WBGene00050122.,0,0,0
WBGene00050123.,0,0,0
WBGene00050124.,0,0,0
WBGene00050125.,0,0,0
WBGene00050126.,0,0,0
WBGene00050127.,0,0,0
WBGene00050128.,0,0,0
WBGene00050129.,0,0,0
WBGene00050130.,0,0,0
WBGene00050131.,0,0,0
WBGene00050132.,0,0,0
WBGene00050133.,0,0,0
WBGene00050134.,0,0,0
WBGene00050135.,0,0,0
WBGene00050136.,0,0,0
WBGene00050137.,0,0,0
WBGene00050138.,0,0,0
WBGene00050139.,0,0,0
WBGene00050140.,0,0,0
WBGene00050141.,0,0,0
WBGene00050142.,0,0,0
WBGene00050143.,0,0,0
WBGene00050144.,0,0,0
WBGene00050145.,0,0,0
WBGene00050146.,0,0,0
WBGene00050147.,0,0,0
WBGene00050148.,0,0,0
WBGene00050149.,0,0,0
WBGene00050150.,0,0,0
WBGene00050151.,0,0,0
WBGene00050152.,0,0,0
WBGene00050153.,0,0,0
WBGene00050154.,0,0,0
WBGene00050155.,0,0,0
WBGene00050156.,0,0,0
WBGene00050157.,0,0,0
WBGene00050158.,0,0,0
WBGene00050159.,0,0,0
WBGene00050160.,0,0,0
WBGene00050161.,0,0,0
WBGene00050162.,0,0,0
WBGene00050163.,0,0,0
WBGene00050164.,0,0,0
WBGene00050165.,0,0,0
WBGene00050166.,0,0,0
WBGene00050167.,0,0,0
WBGene00050168.,0,0,0
WBGene00050169.,0,0,0
WBGene00050170.,0,0,0
WBGene00050171.,0,0,0
WBGene00050172.,0,0,0
WBGene00050173.,0,0,0
WBGene00050174.,0,0,0
WBGene00050175.,0,0,0
WBGene00050176.,0,0,0
WBGene00050177.,0,0,0
WBGene00050178.,0,0,0
WBGene00050179.,0,0,0
WBGene00050180.,0,0,0
WBGene00050181.,0,0,0
WBGene00050182.,0,0,0
WBGene00050183.,0,0,0
WBGene00050184.,0,0,0
WBGene00050185.,0,0,0
WBGene00050186.,0,0,0
WBGene00050187.,0,0,0
WBGene00050188.,0,0,0
WBGene00050189.,0,0,0
WBGene00050190.,0,0,0
WBGene00050191.,0,0,0
WBGene00050192.,0,0,0
WBGene00050193.,0,0,0
WBGene00050194.,0,0,0
WBGene00050195.,0,0,0
WBGene00050196.,0,0,0
WBGene00050197.,0,0,0
WBGene00050198.,0,0,0
WBGene00050199.,0,0,0
WBGene00050200.,0,0,0
WBGene00050201.,0,0,0
WBGene00050202.,0,0,0
WBGene00050203.,0,0,0
WBGene00050204.,0,0,0
WBGene00050205.,0,0,0
WBGene00050206.,0,0,0
WBGene00050207.,0,0,0
WBGene00050208.,0,0,0
WBGene00050209.,0,0,0
WBGene00050210.,0,0,0
WBGene00050211.,0,0,0
WBGene00050212.,0,0,0
WBGene00050213.,0,0,0
WBGene00050214.,0,0,0
WBGene00050215.,0,0,0
WBGene00050216.,0,0,0
WBGene00050217.,0,0,0
WBGene00050218.,0,0,0
WBGene00050219.,0,0,0
WBGene00050220.,0,0,0
WBGene00050221.,0,0,0
WBGene00050222.,0,0,0
WBGene00050223.,0,0,0
WBGene00050224.,0,0,0
WBGene00050225.,0,0,0
WBGene00050226.,0,0,0
WBGene00050227.,0,0,0
WBGene00050228.,0,0,0
WBGene00050229.,0,0,0
WBGene00050230.,0,0,0
WBGene00050231.,0,0,0
WBGene00050232.,0,0,0
WBGene00050233.,0,0,0
WBGene00050234.,0,0,0
WBGene00050235.,0,0,0
WBGene00050236.,0,0,0
WBGene00050237.,0,0,0
WBGene00050238.,0,0,0
WBGene00050239.,0,0,0
WBGene00050240.,0,0,0
WBGene00050241.,0,0,0
WBGene00050242.,0,0,0
WBGene00050243.,0,0,0
WBGene00050244.,0,0,0
WBGene00050245.,0,0,0
WBGene00050246.,0,0,0
WBGene00050247.,0,0,0
WBGene00050248.,0,0,0
WBGene00050249.,0,0,0
WBGene00050250.,0,0,0
WBGene00050251.,0,0,0
WBGene00050252.,0,0,0
WBGene00050253.,0,0,0
WBGene00050254.,0,0,0
WBGene00050255.,0,0,0
WBGene00050256.,0,0,0
WBGene00050257.,0,0,0
WBGene00050258.,0,0,0
WBGene00050259.,0,0,0
WBGene00050260.,0,0,0
WBGene00050261.,0,0,0
WBGene00050262.,0,0,0
WBGene00050263.,0,0,0
WBGene00050264.,0,0,0
WBGene00050265.,0,0,0
WBGene00050266.,0,0,0
WBGene00050267.,0,0,0
WBGene00050268.,0,0,0
WBGene00050269.,0,0,0
WBGene00050270.,0,0,0
WBGene00050271.,0,0,0
WBGene00050272.,0,0,0
WBGene00050273.,0,0,0
WBGene00050274.,0,0,0
WBGene00050275.,0,0,0
WBGene00050276.,0,0,0
WBGene00050277.,0,0,0
WBGene00050278.,0,0,0
WBGene00050279.,0,0,0
WBGene00050280.,0,0,0
WBGene00050281.,0,0,0
WBGene00050282.,0,0,0
WBGene00050283.,0,0,0
WBGene00050284.,0,0,0
WBGene00050285.,0,0,0
WBGene00050286.,0,0,0
WBGene00050287.,0,0,0
WBGene00050288.,0,0,0
WBGene00050289.,0,0,0
WBGene00050290.,0,0,0
WBGene00050291.,0,0,0
WBGene00050292.,0,0,0
WBGene00050293.,0,0,0
WBGene00050294.,0,0,0
WBGene00050295.,0,0,0
WBGene00050296.,0,0,0
WBGene00050297.,0,0,0
WBGene00050298.,0,0,0
WBGene00050299.,0,0,0
WBGene00050300.,0,0,0
WBGene00050301.,0,0,0
WBGene00050302.,0,0,0
WBGene00050303.,0,0,0
WBGene00050304.,0,0,0
WBGene00050305.,0,0,0
WBGene00050306.,0,0,0
WBGene00050307.,0,0,0
WBGene00050308.,0,0,0
WBGene00050309.,0,0,0
WBGene00050310.,0,0,0
WBGene00050311.,0,0,0
WBGene00050312.,0,0,0
WBGene00050313.,0,0,0
WBGene00050314.,0,0,0
WBGene00050315.,0,0,0
WBGene00050316.,0,0,0
WBGene00050317.,0,0,0
WBGene00050318.,0,0,0
WBGene00050319.,0,0,0
WBGene00050320.,0,0,0
WBGene00050321.,0,0,0
WBGene00050322.,0,0,0
WBGene00050323.,0,0,0
WBGene00050324.,0,0,0
WBGene00050325.,0,0,0
WBGene00050326.,0,0,0
WBGene00050327.,0,0,0
WBGene00050328.,0,0,0
WBGene00050329.,0,0,0
WBGene00050330.,0,0,0
WBGene00050331.,0,0,0
WBGene00050332.,0,0,0
WBGene00050333.,0,0,0
WBGene00050334.,0,0,0
WBGene00050335.,0,0,0
WBGene00050336.,0,0,0
WBGene00050337.,0,0,0
WBGene00050338.,0,0,0
WBGene00050339.,0,0,0
WBGene00050340.,0,0,0
WBGene00050341.,0,0,0
WBGene00050342.,0,0,0
WBGene00050343.,0,0,0
WBGene00050344.,0,0,0
WBGene00050345.,0,0,0
WBGene00050346.,0,0,0
WBGene00050347.,0,0,0
WBGene00050348.,0,0,0
WBGene00050349.,0,0,0
WBGene00050350.,0,0,0
WBGene00050351.,0,0,0
WBGene00050352.,0,0,0
WBGene00050353.,0,0,0
WBGene00050354.,0,0,0
WBGene00050355.,0,0,0
WBGene00050356.,0,0,0
WBGene00050357.,0,0,0
WBGene00050358.,0,0,0
WBGene00050359.,0,0,0
WBGene00050360.,0,0,0
WBGene00050361.,0,0,0
WBGene00050362.,0,0,0
WBGene00050363.,0,0,0
WBGene00050364.,0,0,0
WBGene00050365.,0,0,0
WBGene00050366.,0,0,0
WBGene00050367.,0,0,0
WBGene00050368.,0,0,0
WBGene00050369.,0,0,0
WBGene00050370.,0,0,0
WBGene00050371.,0,0,0
WBGene00050372.,0,0,0
WBGene00050373.,0,0,0
WBGene00050374.,0,0,0
WBGene00050375.,0,0,0
WBGene00050376.,0,0,0
WBGene00050377.,0,0,0
WBGene00050378.,0,0,0
WBGene00050379.,0,0,0
WBGene00050380.,0,0,0
WBGene00050381.,0,0,0
WBGene00050382.,0,0,0
WBGene00050383.,0,0,0
WBGene00050384.,0,0,0
WBGene00050385.,0,0,0
WBGene00050386.,0,0,0
WBGene00050387.,0,0,0
WBGene00050388.,0,0,0
WBGene00050389.,0,0,0
WBGene00050390.,0,0,0
WBGene00050391.,0,0,0
WBGene00050392.,0,0,0
WBGene00050393.,0,0,0
WBGene00050394.,0,0,0
WBGene00050395.,0,0,0
WBGene00050396.,0,0,0
WBGene00050397.,0,0,0
WBGene00050398.,0,0,0
WBGene00050399.,0,0,0
WBGene00050400.,0,0,0
WBGene00050401.,0,0,0
WBGene00050402.,0,0,0
WBGene00050403.,0,0,0
WBGene00050404.,0,0,0
WBGene00050405.,0,0,0
WBGene00050406.,0,0,0
WBGene00050407.,0,0,0
WBGene00050408.,0,0,0
WBGene00050409.,0,0,0
WBGene00050410.,0,0,0
WBGene00050411.,0,0,0
WBGene00050412.,0,0,0
WBGene00050413.,0,0,0
WBGene00050414.,0,0,0
WBGene00050415.,0,0,0
WBGene00050416.,0,0,0
WBGene00050417.,0,0,0
WBGene00050418.,0,0,0
WBGene00050419.,0,0,0
WBGene00050420.,0,0,0
WBGene00050421.,0,0,0
WBGene00050422.,0,0,0
WBGene00050423.,0,0,0
WBGene00050424.,0,0,0
WBGene00050425.,0,0,0
WBGene00050426.,0,0,0
WBGene00050427.,0,0,0
WBGene00050428.,0,0,0
WBGene00050429.,0,0,0
WBGene00050430.,0,0,0
WBGene00050431.,0,0,0
WBGene00050432.,0,0,0
WBGene00050433.,0,0,0
WBGene00050434.,0,0,0
WBGene00050435.,0,0,0
WBGene00050436.,0,0,0
WBGene00050437.,0,0,0
WBGene00050438.,0,0,0
WBGene00050439.,0,0,0
WBGene00050440.,0,0,0
WBGene00050441.,0,0,0
WBGene00050442.,0,0,0
WBGene00050443.,0,0,0
WBGene00050444.,0,0,0
WBGene00050445.,0,0,0
WBGene00050446.,0,0,0
WBGene00050447.,0,0,0
WBGene00050448.,0,0,0
WBGene00050449.,0,0,0
WBGene00050450.,0,0,0
WBGene00050451.,0,0,0
WBGene00050452.,0,0,0
WBGene00050453.,0,0,0
WBGene00050454.,0,0,0
WBGene00050455.,0,0,0
WBGene00050456.,0,0,0
WBGene00050457.,0,0,0
WBGene00050458.,0,0,0
WBGene00050459.,0,0,0
WBGene00050460.,0,0,0
WBGene00050461.,0,0,0
WBGene00050462.,0,0,0
WBGene00050463.,0,0,0
WBGene00050464.,0,0,0
WBGene00050465.,0,0,0
WBGene00050466.,0,0,0
WBGene00050467.,0,0,0
WBGene00050468.,0,0,0
WBGene00050469.,0,0,0
WBGene00050470.,0,0,0
WBGene00050471.,0,0,0
WBGene00050472.,0,0,0
WBGene00050473.,0,0,0
WBGene00050474.,0,0,0
WBGene00050475.,0,0,0
WBGene00050476.,0,0,0
WBGene00050477.,0,0,0
WBGene00050478.,0,0,0
WBGene00050479.,0,0,0
WBGene00050480.,0,0,0
WBGene00050481.,0,0,0
WBGene00050482.,0,0,0
WBGene00050483.,0,0,0
WBGene00050484.,0,0,0
WBGene00050485.,0,0,0
WBGene00050486.,0,0,0
WBGene00050487.,0,0,0
WBGene00050488.,0,0,0
WBGene00050489.,0,0,0
WBGene00050490.,0,0,0
WBGene00050491.,0,0,0
WBGene00050492.,0,0,0
WBGene00050493.,0,0,0
WBGene00050494.,0,0,0
WBGene00050495.,0,0,0
WBGene00050496.,0,0,0
WBGene00050497.,0,0,0
WBGene00050498.,0,0,0
WBGene00050499.,0,0,0
WBGene00050500.,0,0,0
WBGene00050501.,0,0,0
WBGene00050502.,0,0,0
WBGene00050503.,0,0,0
WBGene00050504.,0,0,0
WBGene00050505.,0,0,0
WBGene00050506.,0,0,0
WBGene00050507.,0,0,0
WBGene00050508.,0,0,0
WBGene00050509.,0,0,0
WBGene00050510.,0,0,0
WBGene00050511.,0,0,0
WBGene00050512.,0,0,0
WBGene00050513.,0,0,0
WBGene00050514.,0,0,0
WBGene00050515.,0,0,0
WBGene00050516.,0,0,0
WBGene00050517.,0,0,0
WBGene00050518.,0,0,0
WBGene00050519.,0,0,0
WBGene00050520.,0,0,0
WBGene00050521.,0,0,0
WBGene00050522.,0,0,0
WBGene00050523.,0,0,0
WBGene00050524.,0,0,0
WBGene00050525.,0,0,0
WBGene00050526.,0,0,0
WBGene00050527.,0,0,0
WBGene00050528.,0,0,0
WBGene00050529.,0,0,0
WBGene00050530.,0,0,0
WBGene00050531.,0,0,0
WBGene00050532.,0,0,0
WBGene00050533.,0,0,0
WBGene00050534.,0,0,0
WBGene00050535.,0,0,0
WBGene00050536.,0,0,0
WBGene00050537.,0,0,0
WBGene00050538.,0,0,0
WBGene00050539.,0,0,0
WBGene00050540.,0,0,0
WBGene00050541.,0,0,0
WBGene00050542.,0,0,0
WBGene00050543.,0,0,0
WBGene00050544.,0,0,0
WBGene00050545.,0,0,0
WBGene00050546.,0,0,0
WBGene00050547.,0,0,0
WBGene00050548.,0,0,0
WBGene00050549.,0,0,0
WBGene00050550.,0,0,0
WBGene00050551.,0,0,0
WBGene00050552.,0,0,0
WBGene00050553.,0,0,0
WBGene00050554.,0,0,0
WBGene00050555.,0,0,0
WBGene00050556.,0,0,0
WBGene00050557.,0,0,0
WBGene00050558.,0,0,0
WBGene00050559.,0,0,0
WBGene00050560.,0,0,0
WBGene00050561.,0,0,0
WBGene00050562.,0,0,0
WBGene00050563.,0,0,0
WBGene00050564.,0,0,0
WBGene00050565.,0,0,0
WBGene00050566.,0,0,0
WBGene00050567.,0,0,0
WBGene00050568.,0,0,0
WBGene00050569.,0,0,0
WBGene00050570.,0,0,0
WBGene00050571.,0,0,0
WBGene00050572.,0,0,0
WBGene00050573.,0,0,0
WBGene00050574.,0,0,0
WBGene00050575.,0,0,0
WBGene00050576.,0,0,0
WBGene00050577.,0,0,0
WBGene00050578.,0,0,0
WBGene00050579.,0,0,0
WBGene00050580.,0,0,0
WBGene00050581.,0,0,0
WBGene00050582.,0,0,0
WBGene00050583.,0,0,0
WBGene00050584.,0,0,0
WBGene00050585.,0,0,0
WBGene00050586.,0,0,0
WBGene00050587.,0,0,0
WBGene00050588.,0,0,0
WBGene00050589.,0,0,0
WBGene00050590.,0,0,0
WBGene00050591.,0,0,0
WBGene00050592.,0,0,0
WBGene00050593.,0,0,0
WBGene00050594.,0,0,0
WBGene00050595.,0,0,0
WBGene00050596.,0,0,0
WBGene00050597.,0,0,0
WBGene00050598.,0,0,0
WBGene00050599.,0,0,0
WBGene00050600.,0,0,0
WBGene00050601.,0,0,0
WBGene00050602.,0,0,0
WBGene00050603.,0,0,0
WBGene00050604.,0,0,0
WBGene00050605.,0,0,0
WBGene00050606.,0,0,0
WBGene00050607.,0,0,0
WBGene00050608.,0,0,0
WBGene00050609.,0,0,0
WBGene00050610.,0,0,0
WBGene00050611.,0,0,0
WBGene00050612.,0,0,0
WBGene00050613.,0,0,0
WBGene00050614.,0,0,0
WBGene00050615.,0,0,0
WBGene00050616.,0,0,0
WBGene00050617.,0,0,0
WBGene00050618.,0,0,0
WBGene00050619.,0,0,0
WBGene00050620.,0,0,0
WBGene00050621.,0,0,0
WBGene00050622.,0,0,0
WBGene00050623.,0,0,0
WBGene00050624.,0,0,0
WBGene00050625.,0,0,0
WBGene00050626.,0,0,0
WBGene00050627.,0,0,0
WBGene00050628.,0,0,0
WBGene00050629.,0,0,0
WBGene00050630.,0,0,0
WBGene00050631.,0,0,0
WBGene00050632.,0,0,0
WBGene00050633.,0,0,0
WBGene00050634.,0,0,0
WBGene00050635.,0,0,0
WBGene00050636.,0,0,0
WBGene00050637.,0,0,0
WBGene00050638.,0,0,0
WBGene00050639.,0,0,0
WBGene00050640.,0,0,0
WBGene00050641.,0,0,0
WBGene00050642.,0,0,0
WBGene00050643.,0,0,0
WBGene00050644.,0,0,0
WBGene00050645.,0,0,0
WBGene00050646.,0,0,0
WBGene00050647.,0,0,0
WBGene00050648.,0,0,0
WBGene00050649.,0,0,0
WBGene00050650.,0,0,0
WBGene00050651.,0,0,0
WBGene00050652.,0,0,0
WBGene00050653.,0,0,0
WBGene00050654.,0,0,0
WBGene00050655.,0,0,0
WBGene00050656.,0,0,0
WBGene00050657.,0,0,0
WBGene00050658.,0,0,0
WBGene00050659.,0,0,0
WBGene00050660.,0,0,0
WBGene00050661.,0,0,0
WBGene00050662.,0,0,0
WBGene00050663.,0,0,0
WBGene00050664.,0,0,0
WBGene00050665.,0,0,0
WBGene00050666.,0,0,0
WBGene00050667.,0,0,0
WBGene00050668.,0,0,0
WBGene00050669.,0,0,0
WBGene00050670.,0,0,0
WBGene00050671.,0,0,0
WBGene00050672.,0,0,0
WBGene00050673.,0,0,0
WBGene00050674.,0,0,0
WBGene00050675.,0,0,0
WBGene00050676.,0,0,0
WBGene00050677.,0,0,0
WBGene00050678.,0,0,0
WBGene00050679.,0,0,0
WBGene00050680.,0,0,0
WBGene00050681.,0,0,0
WBGene00050682.,0,0,0
WBGene00050683.,0,0,0
WBGene00050684.,0,0,0
WBGene00050685.,0,0,0
WBGene00050686.,0,0,0
WBGene00050687.,0,0,0
WBGene00050688.,0,0,0
WBGene00050689.,0,0,0
WBGene00050690.,0,0,0
WBGene00050691.,0,0,0
WBGene00050692.,0,0,0
WBGene00050693.,0,0,0
WBGene00050694.,0,0,0
WBGene00050695.,0,0,0
WBGene00050696.,0,0,0
WBGene00050697.,0,0,0
WBGene00050698.,0,0,0
WBGene00050699.,0,0,0
WBGene00050700.,0,0,0
WBGene00050701.,0,0,0
WBGene00050702.,0,0,0
WBGene00050703.,0,0,0
WBGene00050704.,0,0,0
WBGene00050705.,0,0,0
WBGene00050706.,0,0,0
WBGene00050707.,0,0,0
WBGene00050708.,0,0,0
WBGene00050709.,0,0,0
WBGene00050710.,0,0,0
WBGene00050711.,0,0,0
WBGene00050712.,0,0,0
WBGene00050713.,0,0,0
WBGene00050714.,0,0,0
WBGene00050715.,0,0,0
WBGene00050716.,0,0,0
WBGene00050717.,0,0,0
WBGene00050718.,0,0,0
WBGene00050719.,0,0,0
WBGene00050720.,0,0,0
WBGene00050721.,0,0,0
WBGene00050722.,0,0,0
WBGene00050723.,0,0,0
WBGene00050724.,0,0,0
WBGene00050725.,0,0,0
WBGene00050726.,0,0,0
WBGene00050727.,0,0,0
WBGene00050728.,0,0,0
WBGene00050729.,0,0,0
WBGene00050730.,0,0,0
WBGene00050731.,0,0,0
WBGene00050732.,0,0,0
WBGene00050733.,0,0,0
WBGene00050734.,0,0,0
WBGene00050735.,0,0,0
WBGene00050736.,0,0,0
WBGene00050737.,0,0,0
WBGene00050738.,0,0,0
WBGene00050739.,0,0,0
WBGene00050740.,0,0,0
WBGene00050741.,0,0,0
WBGene00050742.,0,0,0
WBGene00050743.,0,0,0
WBGene00050744.,0,0,0
WBGene00050745.,0,0,0
WBGene00050746.,0,0,0
WBGene00050747.,0,0,0
WBGene00050748.,0,0,0
WBGene00050749.,0,0,0
WBGene00050750.,0,0,0
WBGene00050751.,0,0,0
WBGene00050752.,0,0,0
WBGene00050753.,0,0,0
WBGene00050754.,0,0,0
WBGene00050755.,0,0,0
WBGene00050756.,0,0,0
WBGene00050757.,0,0,0
WBGene00050758.,0,0,0
WBGene00050759.,0,0,0
WBGene00050760.,0,0,0
WBGene00050761.,0,0,0
WBGene00050762.,0,0,0
WBGene00050763.,0,0,0
WBGene00050764.,0,0,0
WBGene00050765.,0,0,0
WBGene00050766.,0,0,0
WBGene00050767.,0,0,0
WBGene00050768.,0,0,0
WBGene00050769.,0,0,0
WBGene00050770.,0,0,0
WBGene00050771.,0,0,0
WBGene00050772.,0,0,0
WBGene00050773.,0,0,0
WBGene00050774.,0,0,0
WBGene00050775.,0,0,0
WBGene00050776.,0,0,0
WBGene00050777.,0,0,0
WBGene00050778.,0,0,0
WBGene00050779.,0,0,0
WBGene00050780.,0,0,0
WBGene00050781.,0,0,0
WBGene00050782.,0,0,0
WBGene00050783.,0,0,0
WBGene00050784.,0,0,0
WBGene00050785.,0,0,0
WBGene00050786.,0,0,0
WBGene00050787.,0,0,0
WBGene00050788.,0,0,0
WBGene00050789.,0,0,0
WBGene00050790.,0,0,0
WBGene00050791.,0,0,0
WBGene00050792.,0,0,0
WBGene00050793.,0,0,0
WBGene00050794.,0,0,0
WBGene00050795.,0,0,0
WBGene00050796.,0,0,0
WBGene00050797.,0,0,0
WBGene00050798.,0,0,0
WBGene00050799.,0,0,0
WBGene00050800.,0,0,0
WBGene00050801.,0,0,0
WBGene00050802.,0,0,0
WBGene00050803.,0,0,0
WBGene00050804.,0,0,0
WBGene00050805.,0,0,0
WBGene00050806.,0,0,0
WBGene00050807.,0,0,0
WBGene00050808.,0,0,0
WBGene00050809.,0,0,0
WBGene00050810.,0,0,0
WBGene00050811.,0,0,0
WBGene00050812.,0,0,0
WBGene00050813.,0,0,0
WBGene00050814.,0,0,0
WBGene00050815.,0,0,0
WBGene00050816.,0,0,0
WBGene00050817.,0,0,0
WBGene00050818.,0,0,0
WBGene00050819.,0,0,0
WBGene00050820.,0,0,0
WBGene00050821.,0,0,0
WBGene00050822.,0,0,0
WBGene00050823.,0,0,0
WBGene00050824.,0,0,0
WBGene00050825.,0,0,0
WBGene00050826.,0,0,0
WBGene00050827.,0,0,0
WBGene00050828.,0,0,0
WBGene00050829.,0,0,0
WBGene00050830.,0,0,0
WBGene00050831.,0,0,0
WBGene00050832.,0,0,0
WBGene00050833.,0,0,0
WBGene00050834.,0,0,0
WBGene00050835.,0,0,0
WBGene00050836.,0,0,0
WBGene00050837.,0,0,0
WBGene00050838.,0,0,0
WBGene00050839.,0,0,0
WBGene00050840.,0,0,0
WBGene00050841.,0,0,0
WBGene00050842.,0,0,0
WBGene00050843.,0,0,0
WBGene00050844.,0,0,0
WBGene00050845.,0,0,0
WBGene00050846.,0,0,0
WBGene00050847.,0,0,0
WBGene00050848.,0,0,0
WBGene00050849.,0,0,0
WBGene00050850.,0,0,0
WBGene00050851.,0,0,0
WBGene00050852.,0,0,0
WBGene00050853.,0,0,0
WBGene00050854.,0,0,0
WBGene00050855.,0,0,0
WBGene00050856.,0,0,0
WBGene00050857.,0,0,0
WBGene00050858.,0,0,0
WBGene00050859.,0,0,0
WBGene00050860.,0,0,0
WBGene00050861.,0,0,0
WBGene00050862.,0,0,0
WBGene00050863.,0,0,0
WBGene00050864.,0,0,0
WBGene00050865.,0,0,0
WBGene00050866.,0,0,0
WBGene00050867.,0,0,0
WBGene00050868.,0,0,0
WBGene00050869.,0,0,0
WBGene00050870.,0,0,0
WBGene00050871.,0,0,0
WBGene00050873.,0,0,0
WBGene00050874.,0,0,0
WBGene00050875.,1,0,1
WBGene00050878.,3,3,6
WBGene00050879.,2,5,7
WBGene00050880.,19,4,23
WBGene00050881.,3,4,7
WBGene00050883.,0,0,0
WBGene00050884.,61,342,403
WBGene00050885.,54,390,444
WBGene00050889.,37,193,230
WBGene00050890.,0,57,57
WBGene00050891.,0,7,7
WBGene00050892.,0,5,5
WBGene00050893.,0,1,1
WBGene00050894.,0,0,0
WBGene00050896.,0,3,3
WBGene00050897.,0,0,0
WBGene00050898.,0,3,3
WBGene00050899.,594,12380,12974
WBGene00050900.,4,0,4
WBGene00050902.,0,0,0
WBGene00050903.,9,154,163
WBGene00050904.,22,857,879
WBGene00050906.,1,4,5
WBGene00050907.,0,0,0
WBGene00050910.,3,0,3
WBGene00050911.,0,7,7
WBGene00050912.,0,0,0
WBGene00050913.,0,1,1
WBGene00050914.,0,5,5
WBGene00050915.,13,139,152
WBGene00050916.,3,13,16
WBGene00050917.,14,208,222
WBGene00050919.,9,20,29
WBGene00050920.,9,78,87
WBGene00050921.,0,0,0
WBGene00050922.,0,0,0
WBGene00050923.,0,2,2
WBGene00050924.,0,0,0
WBGene00050926.,1,5,6
WBGene00050927.,281,533,814
WBGene00050928.,0,1,1
WBGene00050929.,0,0,0
WBGene00050930.,26,12,38
WBGene00050931.,6,6,12
WBGene00050932.,0,0,0
WBGene00050933.,0,0,0
WBGene00050934.,4,7,11
WBGene00050935.,536,82,618
WBGene00050936.,0,313,313
WBGene00050937.,8,212,220
WBGene00050938.,0,4,4
WBGene00050939.,0,0,0
WBGene00050940.,1,11,12
WBGene00050941.,6,803,809
WBGene00050943.,19,119,138
WBGene00050944.,137,1480,1617
WBGene00050945.,9,1100,1109
WBGene00050946.,11,149,160
WBGene00050947.,7,453,460
WBGene00050948.,70,204,274
WBGene00050949.,0,0,0
WBGene00050950.,0,0,0
WBGene00050951.,0,0,0
WBGene00050954.,0,0,0
WBGene00050955.,1,0,1
WBGene00050956.,1,1,2
WBGene00050957.,4,118,122
WBGene00050958.,0,60,60
WBGene00050959.,0,0,0
WBGene00050960.,0,0,0
WBGene00050961.,0,0,0
WBGene00050962.,0,1,1
WBGene00050963.,0,0,0
WBGene00050964.,0,37,37
WBGene00050965.,0,1,1
WBGene00050967.,25,288,313
WBGene00050968.,0,0,0
WBGene00050970.,0,4,4
WBGene00050971.,2,5,7
WBGene00050972.,0,0,0
WBGene00050973.,0,2,2
WBGene00050974.,0,58,58
WBGene00050976.,0,0,0
WBGene00050977.,1,99,100
WBGene00077434.,69,4,73
WBGene00077436.,6,2,8
WBGene00077437.,651,5271,5922
WBGene00077438.,9,11,20
WBGene00077439.,14,585,599
WBGene00077440.,1,7,8
WBGene00077441.,0,0,0
WBGene00077442.,3,1,4
WBGene00077443.,0,120,120
WBGene00077444.,4,59,63
WBGene00077445.,0,1,1
WBGene00077446.,0,0,0
WBGene00077447.,0,0,0
WBGene00077448.,13,0,13
WBGene00077449.,0,30,30
WBGene00077450.,11,4,15
WBGene00077451.,0,15,15
WBGene00077452.,0,0,0
WBGene00077453.,30,1312,1342
WBGene00077454.,0,2,2
WBGene00077455.,18,59,77
WBGene00077456.,0,1,1
WBGene00077457.,52,894,946
WBGene00077459.,0,0,0
WBGene00077460.,0,0,0
WBGene00077461.,0,19,19
WBGene00077462.,0,0,0
WBGene00077463.,0,0,0
WBGene00077464.,1,3,4
WBGene00077465.,0,10,10
WBGene00077466.,0,0,0
WBGene00077467.,0,0,0
WBGene00077468.,0,0,0
WBGene00077469.,0,0,0
WBGene00077470.,0,0,0
WBGene00077471.,0,0,0
WBGene00077472.,0,0,0
WBGene00077473.,0,0,0
WBGene00077474.,0,0,0
WBGene00077475.,0,0,0
WBGene00077476.,0,0,0
WBGene00077477.,0,0,0
WBGene00077478.,0,0,0
WBGene00077479.,0,0,0
WBGene00077480.,0,0,0
WBGene00077481.,0,0,0
WBGene00077482.,0,0,0
WBGene00077483.,0,0,0
WBGene00077484.,0,0,0
WBGene00077485.,0,0,0
WBGene00077486.,0,0,0
WBGene00077487.,0,0,0
WBGene00077488.,0,0,0
WBGene00077489.,6,26,32
WBGene00077490.,49,1052,1101
WBGene00077491.,4,78,82
WBGene00077492.,1,5,6
WBGene00077493.,7,11,18
WBGene00077494.,0,0,0
WBGene00077495.,0,2,2
WBGene00077496.,0,4,4
WBGene00077497.,5,14,19
WBGene00077498.,0,0,0
WBGene00077499.,0,0,0
WBGene00077500.,29,463,492
WBGene00077501.,0,0,0
WBGene00077502.,0,0,0
WBGene00077503.,0,1,1
WBGene00077504.,0,2,2
WBGene00077506.,0,3,3
WBGene00077508.,44,44,88
WBGene00077510.,0,1,1
WBGene00077514.,2,9,11
WBGene00077515.,0,0,0
WBGene00077516.,0,0,0
WBGene00077517.,0,0,0
WBGene00077519.,0,5,5
WBGene00077520.,73,472,545
WBGene00077521.,0,336,336
WBGene00077522.,7,58,65
WBGene00077523.,3,11,14
WBGene00077524.,0,2,2
WBGene00077525.,35,1435,1470
WBGene00077526.,1091,12335,13426
WBGene00077527.,0,8,8
WBGene00077531.,0,23,23
WBGene00077534.,0,0,0
WBGene00077535.,8,3,11
WBGene00077536.,21,158,179
WBGene00077537.,15,311,326
WBGene00077538.,10,10,20
WBGene00077539.,285,146,431
WBGene00077543.,5,25,30
WBGene00077546.,5,9,14
WBGene00077548.,20,185,205
WBGene00077549.,2,10,12
WBGene00077551.,0,5,5
WBGene00077552.,255,49,304
WBGene00077553.,55,69,124
WBGene00077555.,0,0,0
WBGene00077556.,1,7,8
WBGene00077557.,15,30,45
WBGene00077558.,31,44,75
WBGene00077559.,24,152,176
WBGene00077561.,0,4,4
WBGene00077562.,8,3,11
WBGene00077563.,44,58,102
WBGene00077564.,2,10,12
WBGene00077565.,0,10,10
WBGene00077566.,1,0,1
WBGene00077567.,0,1,1
WBGene00077568.,0,318,318
WBGene00077569.,9,29,38
WBGene00077570.,11,82,93
WBGene00077571.,0,3,3
WBGene00077572.,45,126,171
WBGene00077573.,5,237,242
WBGene00077574.,0,1,1
WBGene00077575.,0,3,3
WBGene00077576.,2,0,2
WBGene00077577.,11,5,16
WBGene00077579.,2,2,4
WBGene00077580.,0,1,1
WBGene00077581.,0,1,1
WBGene00077582.,2,3,5
WBGene00077583.,0,2,2
WBGene00077584.,0,1,1
WBGene00077585.,11,4,15
WBGene00077586.,0,5,5
WBGene00077588.,1,7,8
WBGene00077589.,0,0,0
WBGene00077590.,0,0,0
WBGene00077592.,7,2,9
WBGene00077593.,18,94,112
WBGene00077594.,216,275,491
WBGene00077595.,0,1,1
WBGene00077596.,6,2,8
WBGene00077597.,0,1,1
WBGene00077598.,0,0,0
WBGene00077599.,35,309,344
WBGene00077600.,2,2,4
WBGene00077601.,0,5,5
WBGene00077602.,0,1,1
WBGene00077603.,0,5,5
WBGene00077604.,0,0,0
WBGene00077605.,0,7,7
WBGene00077606.,0,0,0
WBGene00077607.,0,14,14
WBGene00077608.,0,3,3
WBGene00077609.,0,2,2
WBGene00077610.,0,1,1
WBGene00077611.,0,2,2
WBGene00077612.,0,4,4
WBGene00077613.,0,33,33
WBGene00077614.,0,0,0
WBGene00077615.,9,22,31
WBGene00077616.,2,7,9
WBGene00077617.,0,1,1
WBGene00077618.,0,0,0
WBGene00077619.,0,1,1
WBGene00077620.,0,0,0
WBGene00077621.,2,1,3
WBGene00077622.,3,7,10
WBGene00077624.,0,0,0
WBGene00077625.,1,0,1
WBGene00077626.,0,0,0
WBGene00077627.,0,0,0
WBGene00077629.,0,10,10
WBGene00077630.,0,1,1
WBGene00077631.,0,1,1
WBGene00077632.,0,0,0
WBGene00077633.,0,0,0
WBGene00077634.,0,0,0
WBGene00077635.,0,0,0
WBGene00077636.,62,70,132
WBGene00077637.,0,1,1
WBGene00077638.,0,0,0
WBGene00077640.,1,8,9
WBGene00077641.,0,0,0
WBGene00077642.,0,0,0
WBGene00077643.,47,525,572
WBGene00077644.,0,14,14
WBGene00077646.,0,2,2
WBGene00077647.,0,0,0
WBGene00077648.,0,1,1
WBGene00077649.,1,0,1
WBGene00077650.,0,0,0
WBGene00077651.,0,0,0
WBGene00077652.,1,2,3
WBGene00077653.,0,1,1
WBGene00077654.,0,0,0
WBGene00077655.,0,0,0
WBGene00077656.,0,0,0
WBGene00077657.,0,1,1
WBGene00077658.,70,432,502
WBGene00077659.,0,1,1
WBGene00077660.,0,0,0
WBGene00077662.,0,0,0
WBGene00077663.,1,5,6
WBGene00077664.,1,31,32
WBGene00077666.,0,3,3
WBGene00077667.,0,2,2
WBGene00077669.,140,415,555
WBGene00077670.,0,1,1
WBGene00077671.,0,0,0
WBGene00077673.,0,4,4
WBGene00077674.,0,1,1
WBGene00077679.,5,44,49
WBGene00077680.,1,24,25
WBGene00077681.,32,118,150
WBGene00077682.,5,14,19
WBGene00077684.,0,3,3
WBGene00077685.,0,1,1
WBGene00077686.,0,1,1
WBGene00077687.,0,7,7
WBGene00077688.,5,4,9
WBGene00077689.,1,38,39
WBGene00077690.,7,100,107
WBGene00077691.,0,26,26
WBGene00077692.,8,89,97
WBGene00077693.,240,8277,8517
WBGene00077694.,0,0,0
WBGene00077695.,0,0,0
WBGene00077696.,94,120,214
WBGene00077697.,157,293,450
WBGene00077698.,38,293,331
WBGene00077699.,6,50,56
WBGene00077701.,33,771,804
WBGene00077703.,10,8,18
WBGene00077704.,25,412,437
WBGene00077705.,0,0,0
WBGene00077706.,0,0,0
WBGene00077707.,0,0,0
WBGene00077708.,0,1,1
WBGene00077709.,0,0,0
WBGene00077712.,28,474,502
WBGene00077714.,7,8,15
WBGene00077715.,0,0,0
WBGene00077716.,0,0,0
WBGene00077717.,0,1,1
WBGene00077718.,0,0,0
WBGene00077719.,0,0,0
WBGene00077720.,0,0,0
WBGene00077721.,0,1,1
WBGene00077722.,0,0,0
WBGene00077723.,0,0,0
WBGene00077724.,0,0,0
WBGene00077725.,0,0,0
WBGene00077726.,0,3,3
WBGene00077727.,0,0,0
WBGene00077728.,0,211,211
WBGene00077732.,19,665,684
WBGene00077750.,0,1,1
WBGene00077751.,24,38,62
WBGene00077752.,15,118,133
WBGene00077753.,35,36,71
WBGene00077754.,0,3,3
WBGene00077755.,0,1,1
WBGene00077756.,1,45,46
WBGene00077757.,16,138,154
WBGene00077758.,6,12,18
WBGene00077759.,10,5,15
WBGene00077761.,40,1439,1479
WBGene00077762.,2,30,32
WBGene00077763.,23,62,85
WBGene00077764.,0,366,366
WBGene00077765.,0,52,52
WBGene00077766.,0,9,9
WBGene00077767.,3,0,3
WBGene00077768.,10,54,64
WBGene00077769.,10,96,106
WBGene00077770.,17,245,262
WBGene00077771.,1016,15704,16720
WBGene00077772.,0,11,11
WBGene00077773.,0,145,145
WBGene00077775.,118,1174,1292
WBGene00077781.,2,135,137
WBGene00077782.,17,3,20
WBGene00077783.,157,1426,1583
WBGene00077784.,2,16,18
WBGene00077785.,13,3,16
WBGene00077786.,98,253,351
WBGene00077787.,0,17,17
WBGene00077788.,25,533,558
WBGene00077789.,2,0,2
WBGene00086546.,52,404,456
WBGene00086551.,19,553,572
WBGene00086552.,1,1,2
WBGene00086553.,124,1427,1551
WBGene00086554.,0,5,5
WBGene00086555.,10,1,11
WBGene00086556.,3,5,8
WBGene00086557.,68,701,769
WBGene00086558.,19,275,294
WBGene00086559.,9,126,135
WBGene00086560.,13,82,95
WBGene00086561.,0,0,0
WBGene00086562.,2,4,6
WBGene00086563.,0,0,0
WBGene00086564.,0,6,6
WBGene00086565.,2,0,2
WBGene00086566.,114,1686,1800
WBGene00086567.,0,1,1
WBGene00086568.,5,40,45
WBGene00086569.,63,540,603
WBGene00119201.,3,0,3
WBGene00119203.,21,439,460
WBGene00119204.,4,123,127
WBGene00138711.,2,34,36
WBGene00138714.,0,1,1
WBGene00138715.,0,1,1
WBGene00138716.,1,8,9
WBGene00138717.,422,2408,2830
WBGene00138719.,4,7,11
WBGene00138720.,20,335,355
WBGene00138721.,20,34,54
WBGene00138724.,0,81,81
WBGene00164968.,58,271,329
WBGene00164969.,0,4,4
WBGene00164971.,3,0,3
WBGene00164972.,0,6,6
WBGene00164973.,5,131,136
WBGene00164974.,1,1,2
WBGene00164983.,9,27,36
WBGene00164985.,29,305,334
WBGene00164986.,4,7,11
WBGene00164991.,0,0,0
WBGene00164992.,0,0,0
WBGene00164993.,0,0,0
WBGene00164994.,0,0,0
WBGene00164995.,0,0,0
WBGene00164996.,0,0,0
WBGene00164997.,0,0,0
WBGene00164998.,0,0,0
WBGene00164999.,0,0,0
WBGene00165000.,0,0,0
WBGene00165001.,0,0,0
WBGene00165002.,0,0,0
WBGene00165003.,0,0,0
WBGene00165004.,0,0,0
WBGene00165005.,0,0,0
WBGene00165006.,0,0,0
WBGene00165007.,0,0,0
WBGene00165009.,0,0,0
WBGene00165010.,0,0,0
WBGene00165011.,0,0,0
WBGene00165012.,0,0,0
WBGene00165013.,0,0,0
WBGene00165014.,0,0,0
WBGene00165015.,0,0,0
WBGene00165016.,0,0,0
WBGene00165017.,0,0,0
WBGene00165018.,0,0,0
WBGene00165019.,0,0,0
WBGene00165020.,0,0,0
WBGene00165021.,0,0,0
WBGene00165022.,0,0,0
WBGene00165023.,0,0,0
WBGene00165024.,0,0,0
WBGene00165025.,0,0,0
WBGene00165026.,0,0,0
WBGene00165027.,0,0,0
WBGene00165028.,0,0,0
WBGene00165029.,0,0,0
WBGene00165030.,0,0,0
WBGene00165031.,0,0,0
WBGene00165032.,0,0,0
WBGene00165033.,0,0,0
WBGene00165034.,0,0,0
WBGene00165035.,0,0,0
WBGene00165036.,0,0,0
WBGene00165037.,0,0,0
WBGene00165038.,0,0,0
WBGene00165039.,0,0,0
WBGene00165040.,0,0,0
WBGene00165041.,0,0,0
WBGene00165042.,0,0,0
WBGene00165043.,0,0,0
WBGene00165044.,0,0,0
WBGene00165045.,0,0,0
WBGene00165046.,0,0,0
WBGene00165047.,0,0,0
WBGene00165048.,0,0,0
WBGene00165049.,0,0,0
WBGene00165050.,0,0,0
WBGene00165051.,0,0,0
WBGene00165052.,0,0,0
WBGene00165053.,0,0,0
WBGene00165054.,0,0,0
WBGene00165055.,0,0,0
WBGene00165056.,0,0,0
WBGene00165057.,0,0,0
WBGene00165058.,0,0,0
WBGene00165059.,0,0,0
WBGene00165060.,0,0,0
WBGene00165061.,0,0,0
WBGene00165062.,0,0,0
WBGene00165063.,0,0,0
WBGene00165064.,0,0,0
WBGene00165065.,0,0,0
WBGene00165066.,0,0,0
WBGene00165067.,0,0,0
WBGene00165068.,0,0,0
WBGene00165069.,0,0,0
WBGene00165070.,0,0,0
WBGene00165071.,0,0,0
WBGene00165072.,0,0,0
WBGene00165073.,0,0,0
WBGene00165074.,0,0,0
WBGene00165075.,0,0,0
WBGene00165076.,0,0,0
WBGene00165077.,0,0,0
WBGene00165078.,0,0,0
WBGene00165079.,0,0,0
WBGene00165080.,0,0,0
WBGene00165081.,0,0,0
WBGene00165082.,0,0,0
WBGene00165083.,0,0,0
WBGene00165084.,0,0,0
WBGene00165085.,0,0,0
WBGene00165086.,0,0,0
WBGene00165087.,0,0,0
WBGene00165088.,0,0,0
WBGene00165089.,0,0,0
WBGene00165090.,0,0,0
WBGene00165091.,0,0,0
WBGene00165092.,0,0,0
WBGene00165093.,0,0,0
WBGene00165094.,0,0,0
WBGene00165095.,0,0,0
WBGene00165096.,0,0,0
WBGene00165097.,0,0,0
WBGene00165098.,0,0,0
WBGene00165099.,0,0,0
WBGene00165100.,0,0,0
WBGene00165101.,0,0,0
WBGene00165102.,0,0,0
WBGene00165103.,0,0,0
WBGene00165104.,0,0,0
WBGene00165105.,0,0,0
WBGene00165106.,0,0,0
WBGene00165107.,0,0,0
WBGene00165108.,0,0,0
WBGene00165109.,0,0,0
WBGene00165110.,0,0,0
WBGene00165111.,0,0,0
WBGene00165112.,0,0,0
WBGene00165113.,0,0,0
WBGene00165114.,0,0,0
WBGene00165115.,0,0,0
WBGene00165116.,0,0,0
WBGene00165117.,0,0,0
WBGene00165118.,0,0,0
WBGene00165119.,0,0,0
WBGene00165120.,0,0,0
WBGene00165121.,0,0,0
WBGene00165122.,0,0,0
WBGene00165123.,0,0,0
WBGene00165124.,0,0,0
WBGene00165125.,0,0,0
WBGene00165126.,0,0,0
WBGene00165127.,0,0,0
WBGene00165128.,0,0,0
WBGene00165129.,0,0,0
WBGene00165130.,0,0,0
WBGene00165131.,0,0,0
WBGene00165132.,0,0,0
WBGene00165133.,0,0,0
WBGene00165134.,0,0,0
WBGene00165135.,0,0,0
WBGene00165136.,0,0,0
WBGene00165137.,0,0,0
WBGene00165138.,0,0,0
WBGene00165139.,0,0,0
WBGene00165140.,0,0,0
WBGene00165141.,0,0,0
WBGene00165142.,0,0,0
WBGene00165143.,0,0,0
WBGene00165144.,0,0,0
WBGene00165146.,0,0,0
WBGene00165147.,0,0,0
WBGene00165148.,0,0,0
WBGene00165149.,0,0,0
WBGene00165150.,0,0,0
WBGene00165151.,0,0,0
WBGene00165152.,0,0,0
WBGene00165153.,0,0,0
WBGene00165154.,0,0,0
WBGene00165155.,0,0,0
WBGene00165156.,0,0,0
WBGene00165157.,0,0,0
WBGene00165158.,0,0,0
WBGene00165159.,0,0,0
WBGene00165160.,0,0,0
WBGene00165161.,0,0,0
WBGene00165162.,0,0,0
WBGene00165163.,0,0,0
WBGene00165164.,0,0,0
WBGene00165165.,0,0,0
WBGene00165166.,0,0,0
WBGene00165167.,0,0,0
WBGene00165168.,0,0,0
WBGene00165169.,0,0,0
WBGene00165170.,0,0,0
WBGene00165171.,0,0,0
WBGene00165172.,0,0,0
WBGene00165173.,0,0,0
WBGene00165174.,0,0,0
WBGene00165175.,0,0,0
WBGene00165176.,0,0,0
WBGene00165177.,0,0,0
WBGene00165178.,0,0,0
WBGene00165179.,0,0,0
WBGene00165180.,0,0,0
WBGene00165181.,0,0,0
WBGene00165182.,0,0,0
WBGene00165183.,0,0,0
WBGene00165184.,0,0,0
WBGene00165185.,0,0,0
WBGene00165186.,0,0,0
WBGene00165187.,0,0,0
WBGene00165188.,0,0,0
WBGene00165189.,0,0,0
WBGene00165190.,0,0,0
WBGene00165191.,0,0,0
WBGene00165192.,0,0,0
WBGene00165193.,0,0,0
WBGene00165194.,0,0,0
WBGene00165195.,0,0,0
WBGene00165196.,0,0,0
WBGene00165197.,0,0,0
WBGene00165198.,0,0,0
WBGene00165199.,0,0,0
WBGene00165200.,0,0,0
WBGene00165201.,0,0,0
WBGene00165202.,0,0,0
WBGene00165203.,0,0,0
WBGene00165204.,0,0,0
WBGene00165205.,0,0,0
WBGene00165206.,0,0,0
WBGene00165207.,0,0,0
WBGene00165208.,0,0,0
WBGene00165209.,0,0,0
WBGene00165210.,0,0,0
WBGene00165211.,0,0,0
WBGene00165212.,0,0,0
WBGene00165213.,0,0,0
WBGene00165214.,0,0,0
WBGene00165215.,0,0,0
WBGene00165217.,0,0,0
WBGene00165218.,0,0,0
WBGene00165219.,0,0,0
WBGene00165220.,0,0,0
WBGene00165221.,0,0,0
WBGene00165222.,0,0,0
WBGene00165223.,0,0,0
WBGene00165224.,0,0,0
WBGene00165225.,0,0,0
WBGene00165226.,0,0,0
WBGene00165227.,0,0,0
WBGene00165228.,0,0,0
WBGene00165229.,0,0,0
WBGene00165230.,0,0,0
WBGene00165231.,0,0,0
WBGene00165232.,0,0,0
WBGene00165233.,0,0,0
WBGene00165234.,0,0,0
WBGene00165235.,0,0,0
WBGene00165236.,0,0,0
WBGene00165237.,0,0,0
WBGene00165238.,0,0,0
WBGene00165239.,0,0,0
WBGene00165240.,0,0,0
WBGene00165241.,0,0,0
WBGene00165242.,0,0,0
WBGene00165243.,0,0,0
WBGene00165244.,0,0,0
WBGene00165245.,0,0,0
WBGene00165246.,0,0,0
WBGene00165247.,0,0,0
WBGene00165248.,0,0,0
WBGene00165249.,0,0,0
WBGene00165250.,0,0,0
WBGene00165251.,0,0,0
WBGene00165252.,0,0,0
WBGene00165253.,0,0,0
WBGene00165254.,0,0,0
WBGene00165255.,0,0,0
WBGene00165256.,0,0,0
WBGene00165257.,0,0,0
WBGene00165258.,0,0,0
WBGene00165259.,0,0,0
WBGene00165260.,0,0,0
WBGene00165261.,0,0,0
WBGene00165262.,0,0,0
WBGene00165263.,0,0,0
WBGene00165264.,0,0,0
WBGene00165265.,0,0,0
WBGene00165266.,0,0,0
WBGene00165267.,0,0,0
WBGene00165268.,0,0,0
WBGene00165269.,0,0,0
WBGene00165270.,0,0,0
WBGene00165271.,0,0,0
WBGene00165272.,0,0,0
WBGene00165273.,0,0,0
WBGene00165274.,0,0,0
WBGene00165275.,0,0,0
WBGene00165276.,0,0,0
WBGene00165277.,0,0,0
WBGene00165278.,0,0,0
WBGene00165279.,0,0,0
WBGene00165280.,0,0,0
WBGene00165281.,0,0,0
WBGene00165282.,0,0,0
WBGene00165283.,0,0,0
WBGene00165284.,0,0,0
WBGene00165285.,0,0,0
WBGene00165286.,0,0,0
WBGene00165287.,0,0,0
WBGene00165288.,0,0,0
WBGene00165289.,0,0,0
WBGene00165290.,0,0,0
WBGene00165291.,0,0,0
WBGene00165292.,0,0,0
WBGene00165293.,0,0,0
WBGene00165294.,0,0,0
WBGene00165295.,0,0,0
WBGene00165296.,0,0,0
WBGene00165297.,0,0,0
WBGene00165298.,0,0,0
WBGene00165299.,0,0,0
WBGene00165300.,0,0,0
WBGene00165301.,0,0,0
WBGene00165302.,0,0,0
WBGene00165303.,0,0,0
WBGene00165304.,0,0,0
WBGene00165305.,0,0,0
WBGene00165306.,0,0,0
WBGene00165307.,0,0,0
WBGene00165308.,0,0,0
WBGene00165309.,0,0,0
WBGene00165310.,0,0,0
WBGene00165311.,0,0,0
WBGene00165312.,0,0,0
WBGene00165313.,0,0,0
WBGene00165314.,0,0,0
WBGene00165315.,0,0,0
WBGene00165316.,0,0,0
WBGene00165317.,0,0,0
WBGene00165318.,0,0,0
WBGene00165319.,0,0,0
WBGene00165320.,0,0,0
WBGene00165321.,0,0,0
WBGene00165322.,0,0,0
WBGene00165323.,0,0,0
WBGene00165324.,0,0,0
WBGene00165325.,0,0,0
WBGene00165326.,0,0,0
WBGene00165327.,0,0,0
WBGene00165328.,0,0,0
WBGene00165329.,0,0,0
WBGene00165330.,0,0,0
WBGene00165331.,0,0,0
WBGene00165332.,0,0,0
WBGene00165333.,0,0,0
WBGene00165334.,0,0,0
WBGene00165335.,0,0,0
WBGene00165336.,0,0,0
WBGene00165337.,0,0,0
WBGene00165338.,0,0,0
WBGene00165339.,0,0,0
WBGene00165340.,0,0,0
WBGene00165341.,0,0,0
WBGene00165342.,0,0,0
WBGene00165343.,0,0,0
WBGene00165344.,0,0,0
WBGene00165345.,0,0,0
WBGene00165346.,0,0,0
WBGene00165347.,0,0,0
WBGene00165348.,0,0,0
WBGene00165349.,0,0,0
WBGene00165350.,0,0,0
WBGene00165351.,0,0,0
WBGene00165352.,0,0,0
WBGene00165353.,0,0,0
WBGene00165354.,0,0,0
WBGene00165355.,0,0,0
WBGene00165356.,0,0,0
WBGene00165357.,0,0,0
WBGene00165358.,0,0,0
WBGene00165359.,0,0,0
WBGene00165360.,0,0,0
WBGene00165361.,0,0,0
WBGene00165362.,0,0,0
WBGene00165363.,0,0,0
WBGene00165364.,0,0,0
WBGene00165365.,0,0,0
WBGene00165366.,0,0,0
WBGene00165367.,0,0,0
WBGene00165368.,0,0,0
WBGene00165369.,0,0,0
WBGene00165370.,0,0,0
WBGene00165371.,0,0,0
WBGene00165372.,0,0,0
WBGene00165373.,0,0,0
WBGene00165374.,0,0,0
WBGene00165375.,0,0,0
WBGene00165376.,0,0,0
WBGene00165377.,0,0,0
WBGene00165378.,0,0,0
WBGene00165379.,0,0,0
WBGene00165380.,0,0,0
WBGene00165381.,0,0,0
WBGene00165382.,0,0,0
WBGene00165383.,0,0,0
WBGene00165384.,0,0,0
WBGene00165385.,0,0,0
WBGene00165386.,0,0,0
WBGene00165387.,0,0,0
WBGene00165388.,0,0,0
WBGene00165389.,0,0,0
WBGene00165390.,0,0,0
WBGene00165391.,0,0,0
WBGene00165392.,0,0,0
WBGene00165393.,0,0,0
WBGene00165394.,0,0,0
WBGene00165395.,0,0,0
WBGene00165396.,0,0,0
WBGene00165397.,0,0,0
WBGene00165398.,0,0,0
WBGene00165399.,0,0,0
WBGene00165400.,0,0,0
WBGene00165401.,0,0,0
WBGene00165402.,0,0,0
WBGene00165403.,0,0,0
WBGene00165404.,0,0,0
WBGene00165405.,0,0,0
WBGene00165406.,0,0,0
WBGene00165407.,0,0,0
WBGene00165408.,0,0,0
WBGene00165409.,0,0,0
WBGene00165410.,0,0,0
WBGene00165411.,0,0,0
WBGene00165412.,0,0,0
WBGene00165413.,0,0,0
WBGene00165414.,0,0,0
WBGene00165415.,0,0,0
WBGene00165416.,0,0,0
WBGene00165417.,0,0,0
WBGene00165418.,0,0,0
WBGene00165419.,0,0,0
WBGene00165420.,0,0,0
WBGene00165421.,0,0,0
WBGene00165422.,0,0,0
WBGene00165423.,0,0,0
WBGene00165424.,0,0,0
WBGene00165425.,0,0,0
WBGene00165426.,0,0,0
WBGene00165427.,0,0,0
WBGene00165428.,0,0,0
WBGene00165429.,0,0,0
WBGene00165430.,0,0,0
WBGene00165431.,0,0,0
WBGene00165432.,0,0,0
WBGene00165433.,0,0,0
WBGene00165434.,0,0,0
WBGene00165435.,0,0,0
WBGene00165436.,0,0,0
WBGene00165438.,0,0,0
WBGene00165439.,0,0,0
WBGene00165440.,0,0,0
WBGene00165441.,0,0,0
WBGene00165442.,0,0,0
WBGene00165443.,0,0,0
WBGene00165444.,0,0,0
WBGene00165445.,0,0,0
WBGene00165446.,0,0,0
WBGene00165447.,0,0,0
WBGene00165448.,0,0,0
WBGene00165449.,0,0,0
WBGene00165450.,0,0,0
WBGene00165451.,0,0,0
WBGene00165452.,0,0,0
WBGene00165453.,0,0,0
WBGene00165454.,0,0,0
WBGene00165455.,0,0,0
WBGene00165456.,0,0,0
WBGene00165457.,0,0,0
WBGene00165458.,0,0,0
WBGene00165459.,0,0,0
WBGene00165460.,0,0,0
WBGene00165461.,0,0,0
WBGene00165462.,0,0,0
WBGene00165463.,0,0,0
WBGene00165464.,0,0,0
WBGene00165465.,0,0,0
WBGene00165466.,0,0,0
WBGene00165467.,0,0,0
WBGene00165468.,0,0,0
WBGene00165469.,0,0,0
WBGene00165470.,0,0,0
WBGene00165471.,0,0,0
WBGene00165472.,0,0,0
WBGene00165473.,0,0,0
WBGene00165474.,0,0,0
WBGene00165475.,0,0,0
WBGene00165476.,0,0,0
WBGene00165477.,0,0,0
WBGene00165478.,0,0,0
WBGene00165479.,0,0,0
WBGene00165480.,0,0,0
WBGene00165481.,0,0,0
WBGene00165482.,0,0,0
WBGene00165483.,0,0,0
WBGene00165484.,0,0,0
WBGene00165485.,0,0,0
WBGene00165486.,0,0,0
WBGene00165487.,0,0,0
WBGene00165488.,0,0,0
WBGene00165489.,0,0,0
WBGene00165490.,0,0,0
WBGene00165491.,0,0,0
WBGene00165492.,0,0,0
WBGene00165493.,0,0,0
WBGene00165494.,0,0,0
WBGene00165495.,0,0,0
WBGene00165496.,0,0,0
WBGene00165497.,0,0,0
WBGene00165498.,0,0,0
WBGene00165499.,0,0,0
WBGene00165500.,0,0,0
WBGene00165501.,0,0,0
WBGene00165502.,0,0,0
WBGene00165503.,0,0,0
WBGene00165504.,0,0,0
WBGene00165505.,0,0,0
WBGene00165506.,0,0,0
WBGene00165507.,0,0,0
WBGene00165508.,0,0,0
WBGene00165509.,0,0,0
WBGene00165510.,0,0,0
WBGene00165511.,0,0,0
WBGene00165512.,0,0,0
WBGene00165513.,0,0,0
WBGene00165514.,0,0,0
WBGene00165515.,0,0,0
WBGene00165516.,0,0,0
WBGene00165517.,0,0,0
WBGene00165518.,0,0,0
WBGene00165519.,0,0,0
WBGene00165520.,0,0,0
WBGene00165521.,0,0,0
WBGene00165522.,0,0,0
WBGene00165523.,0,0,0
WBGene00165524.,0,0,0
WBGene00165525.,0,0,0
WBGene00165526.,0,0,0
WBGene00165527.,0,0,0
WBGene00165528.,0,0,0
WBGene00165529.,0,0,0
WBGene00165530.,0,0,0
WBGene00165531.,0,0,0
WBGene00165532.,0,0,0
WBGene00165533.,0,0,0
WBGene00165534.,0,0,0
WBGene00165535.,0,0,0
WBGene00165536.,0,0,0
WBGene00165537.,0,0,0
WBGene00165538.,0,0,0
WBGene00165539.,0,0,0
WBGene00165540.,0,0,0
WBGene00165541.,0,0,0
WBGene00165542.,0,0,0
WBGene00165543.,0,0,0
WBGene00165544.,0,0,0
WBGene00165545.,0,0,0
WBGene00165546.,0,0,0
WBGene00165547.,0,0,0
WBGene00165548.,0,0,0
WBGene00165549.,0,0,0
WBGene00165550.,0,0,0
WBGene00165551.,0,0,0
WBGene00165552.,0,0,0
WBGene00165553.,0,0,0
WBGene00165554.,0,0,0
WBGene00165555.,0,0,0
WBGene00165556.,0,0,0
WBGene00165557.,0,0,0
WBGene00165558.,0,0,0
WBGene00165559.,0,0,0
WBGene00165560.,0,0,0
WBGene00165561.,0,0,0
WBGene00165562.,0,0,0
WBGene00165563.,0,0,0
WBGene00165564.,0,0,0
WBGene00165565.,0,0,0
WBGene00165566.,0,0,0
WBGene00165567.,0,0,0
WBGene00165568.,0,0,0
WBGene00165569.,0,0,0
WBGene00165570.,0,0,0
WBGene00165571.,0,0,0
WBGene00165572.,0,0,0
WBGene00165573.,0,0,0
WBGene00165574.,0,0,0
WBGene00165575.,0,0,0
WBGene00165576.,0,0,0
WBGene00165577.,0,0,0
WBGene00165578.,0,0,0
WBGene00165579.,0,0,0
WBGene00165580.,0,0,0
WBGene00165581.,0,0,0
WBGene00165582.,0,0,0
WBGene00165583.,0,0,0
WBGene00165584.,0,0,0
WBGene00165585.,0,0,0
WBGene00165586.,0,0,0
WBGene00165587.,0,0,0
WBGene00165588.,0,0,0
WBGene00165589.,0,0,0
WBGene00165590.,0,0,0
WBGene00165591.,0,0,0
WBGene00165592.,0,0,0
WBGene00165593.,0,0,0
WBGene00165594.,0,0,0
WBGene00165595.,0,0,0
WBGene00165596.,0,0,0
WBGene00165597.,0,0,0
WBGene00165598.,0,0,0
WBGene00165599.,0,0,0
WBGene00165600.,0,0,0
WBGene00165601.,0,0,0
WBGene00165602.,0,0,0
WBGene00165603.,0,0,0
WBGene00165604.,0,0,0
WBGene00165605.,0,0,0
WBGene00165606.,0,0,0
WBGene00165607.,0,0,0
WBGene00165608.,0,0,0
WBGene00165609.,0,0,0
WBGene00165610.,0,0,0
WBGene00165611.,0,0,0
WBGene00165612.,0,0,0
WBGene00165613.,0,0,0
WBGene00165614.,0,0,0
WBGene00165615.,0,0,0
WBGene00165616.,0,0,0
WBGene00165617.,0,0,0
WBGene00165618.,0,0,0
WBGene00165619.,0,0,0
WBGene00165620.,0,0,0
WBGene00165621.,0,0,0
WBGene00165622.,0,0,0
WBGene00165623.,0,0,0
WBGene00165624.,0,0,0
WBGene00165625.,0,0,0
WBGene00165626.,0,0,0
WBGene00165627.,0,0,0
WBGene00165628.,0,0,0
WBGene00165629.,0,0,0
WBGene00165630.,0,0,0
WBGene00165631.,0,0,0
WBGene00165632.,0,0,0
WBGene00165633.,0,0,0
WBGene00165634.,0,0,0
WBGene00165635.,0,0,0
WBGene00165636.,0,0,0
WBGene00165637.,0,0,0
WBGene00165638.,0,0,0
WBGene00165639.,0,0,0
WBGene00165640.,0,0,0
WBGene00165641.,0,0,0
WBGene00165642.,0,0,0
WBGene00165643.,0,0,0
WBGene00165644.,0,0,0
WBGene00165645.,0,0,0
WBGene00165646.,0,0,0
WBGene00165647.,0,0,0
WBGene00165648.,0,0,0
WBGene00165649.,0,0,0
WBGene00165650.,0,0,0
WBGene00165651.,0,0,0
WBGene00165652.,0,0,0
WBGene00165653.,0,0,0
WBGene00165654.,0,0,0
WBGene00165655.,0,0,0
WBGene00165656.,0,0,0
WBGene00165657.,0,0,0
WBGene00165658.,0,0,0
WBGene00165659.,0,0,0
WBGene00165660.,0,0,0
WBGene00165661.,0,0,0
WBGene00165662.,0,0,0
WBGene00165663.,0,0,0
WBGene00165664.,0,0,0
WBGene00165665.,0,0,0
WBGene00165666.,0,0,0
WBGene00165667.,0,0,0
WBGene00165668.,0,0,0
WBGene00165669.,0,0,0
WBGene00165670.,0,0,0
WBGene00165671.,0,0,0
WBGene00165672.,0,0,0
WBGene00165673.,0,0,0
WBGene00165674.,0,0,0
WBGene00165675.,0,0,0
WBGene00165676.,0,0,0
WBGene00165677.,0,0,0
WBGene00165678.,0,0,0
WBGene00165679.,0,0,0
WBGene00165680.,0,0,0
WBGene00165681.,0,0,0
WBGene00165682.,0,0,0
WBGene00165683.,0,0,0
WBGene00165684.,0,0,0
WBGene00165685.,0,0,0
WBGene00165686.,0,0,0
WBGene00165687.,0,0,0
WBGene00165688.,0,0,0
WBGene00165689.,0,0,0
WBGene00165690.,0,0,0
WBGene00165691.,0,0,0
WBGene00165692.,0,0,0
WBGene00165693.,0,0,0
WBGene00165694.,0,0,0
WBGene00165695.,0,0,0
WBGene00165696.,0,0,0
WBGene00165697.,0,0,0
WBGene00165698.,0,0,0
WBGene00165699.,0,0,0
WBGene00165700.,0,0,0
WBGene00165701.,0,0,0
WBGene00165702.,0,0,0
WBGene00165703.,0,0,0
WBGene00165704.,0,0,0
WBGene00165705.,0,0,0
WBGene00165706.,0,0,0
WBGene00165707.,0,0,0
WBGene00165708.,0,0,0
WBGene00165709.,0,0,0
WBGene00165710.,0,0,0
WBGene00165711.,0,0,0
WBGene00165712.,0,0,0
WBGene00165713.,0,0,0
WBGene00165714.,0,0,0
WBGene00165715.,0,0,0
WBGene00165716.,0,0,0
WBGene00165717.,0,0,0
WBGene00165718.,0,0,0
WBGene00165719.,0,0,0
WBGene00165720.,0,0,0
WBGene00165721.,0,0,0
WBGene00165722.,0,0,0
WBGene00165723.,0,0,0
WBGene00165724.,0,0,0
WBGene00165725.,0,0,0
WBGene00165726.,0,0,0
WBGene00165727.,0,0,0
WBGene00165728.,0,0,0
WBGene00165729.,0,0,0
WBGene00165730.,0,0,0
WBGene00165731.,0,0,0
WBGene00165732.,0,0,0
WBGene00165733.,0,0,0
WBGene00165734.,0,0,0
WBGene00165735.,0,0,0
WBGene00165736.,0,0,0
WBGene00165737.,0,0,0
WBGene00165738.,0,0,0
WBGene00165739.,0,0,0
WBGene00165740.,0,0,0
WBGene00165741.,0,0,0
WBGene00165742.,0,0,0
WBGene00165743.,0,0,0
WBGene00165744.,0,0,0
WBGene00165745.,0,0,0
WBGene00165746.,0,0,0
WBGene00165747.,0,0,0
WBGene00165748.,0,0,0
WBGene00165749.,0,0,0
WBGene00165750.,0,0,0
WBGene00165751.,0,0,0
WBGene00165752.,0,0,0
WBGene00165753.,0,0,0
WBGene00165754.,0,0,0
WBGene00165755.,0,0,0
WBGene00165756.,0,0,0
WBGene00165757.,0,0,0
WBGene00165758.,0,0,0
WBGene00165759.,0,0,0
WBGene00165760.,0,0,0
WBGene00165761.,0,0,0
WBGene00165762.,0,0,0
WBGene00165763.,0,0,0
WBGene00165764.,0,0,0
WBGene00165765.,0,0,0
WBGene00165766.,0,0,0
WBGene00165767.,0,0,0
WBGene00165768.,0,0,0
WBGene00165769.,0,0,0
WBGene00165770.,0,0,0
WBGene00165771.,0,0,0
WBGene00165772.,0,0,0
WBGene00165773.,0,0,0
WBGene00165774.,0,0,0
WBGene00165775.,0,0,0
WBGene00165776.,0,0,0
WBGene00165777.,0,0,0
WBGene00165778.,0,0,0
WBGene00165779.,0,0,0
WBGene00165780.,0,0,0
WBGene00165781.,0,0,0
WBGene00165782.,0,0,0
WBGene00165783.,0,0,0
WBGene00165784.,0,0,0
WBGene00165785.,0,0,0
WBGene00165786.,0,0,0
WBGene00165787.,0,0,0
WBGene00165788.,0,0,0
WBGene00165789.,0,0,0
WBGene00165790.,0,0,0
WBGene00165791.,0,0,0
WBGene00165792.,0,0,0
WBGene00165793.,0,0,0
WBGene00165794.,0,0,0
WBGene00165795.,0,0,0
WBGene00165796.,0,0,0
WBGene00165797.,0,0,0
WBGene00165798.,0,0,0
WBGene00165799.,0,0,0
WBGene00165800.,0,0,0
WBGene00165801.,0,0,0
WBGene00165802.,0,0,0
WBGene00165803.,0,0,0
WBGene00165804.,0,0,0
WBGene00165805.,0,0,0
WBGene00165806.,0,0,0
WBGene00165807.,0,0,0
WBGene00165808.,0,0,0
WBGene00165809.,0,0,0
WBGene00165810.,0,0,0
WBGene00165811.,0,0,0
WBGene00165812.,0,0,0
WBGene00165813.,0,0,0
WBGene00165814.,0,0,0
WBGene00165815.,0,0,0
WBGene00165816.,0,0,0
WBGene00165817.,0,0,0
WBGene00165818.,0,0,0
WBGene00165819.,0,0,0
WBGene00165820.,0,0,0
WBGene00165821.,0,0,0
WBGene00165822.,0,0,0
WBGene00165823.,0,0,0
WBGene00165824.,0,0,0
WBGene00165825.,0,0,0
WBGene00165826.,0,0,0
WBGene00165827.,0,0,0
WBGene00165828.,0,0,0
WBGene00165829.,0,0,0
WBGene00165830.,0,0,0
WBGene00165831.,0,0,0
WBGene00165832.,0,0,0
WBGene00165833.,0,0,0
WBGene00165834.,0,0,0
WBGene00165835.,0,0,0
WBGene00165836.,0,0,0
WBGene00165837.,0,0,0
WBGene00165838.,0,0,0
WBGene00165839.,0,0,0
WBGene00165840.,0,0,0
WBGene00165841.,0,0,0
WBGene00165842.,0,0,0
WBGene00165843.,0,0,0
WBGene00165844.,0,0,0
WBGene00165845.,0,0,0
WBGene00165846.,0,0,0
WBGene00165847.,0,0,0
WBGene00165848.,0,0,0
WBGene00165849.,0,0,0
WBGene00165850.,0,0,0
WBGene00165851.,0,0,0
WBGene00165852.,0,0,0
WBGene00165853.,0,0,0
WBGene00165854.,0,0,0
WBGene00165855.,0,0,0
WBGene00165856.,0,0,0
WBGene00165857.,0,0,0
WBGene00165858.,0,0,0
WBGene00165859.,0,0,0
WBGene00165860.,0,0,0
WBGene00165861.,0,0,0
WBGene00165862.,0,0,0
WBGene00165863.,0,0,0
WBGene00165864.,0,0,0
WBGene00165865.,0,0,0
WBGene00165866.,0,0,0
WBGene00165867.,0,0,0
WBGene00165868.,0,0,0
WBGene00165869.,0,0,0
WBGene00165870.,0,0,0
WBGene00165871.,0,0,0
WBGene00165872.,0,0,0
WBGene00165873.,0,0,0
WBGene00165874.,0,0,0
WBGene00165875.,0,0,0
WBGene00165876.,0,0,0
WBGene00165877.,0,0,0
WBGene00165878.,0,0,0
WBGene00165879.,0,0,0
WBGene00165880.,0,0,0
WBGene00165881.,0,0,0
WBGene00165882.,0,0,0
WBGene00165883.,0,0,0
WBGene00165884.,0,0,0
WBGene00165885.,0,0,0
WBGene00165886.,0,0,0
WBGene00165887.,0,0,0
WBGene00165888.,0,0,0
WBGene00165889.,0,0,0
WBGene00165890.,0,0,0
WBGene00165891.,0,0,0
WBGene00165892.,0,0,0
WBGene00165893.,0,0,0
WBGene00165894.,0,0,0
WBGene00165895.,0,0,0
WBGene00165896.,0,0,0
WBGene00165897.,0,0,0
WBGene00165898.,0,0,0
WBGene00165899.,0,0,0
WBGene00165900.,0,0,0
WBGene00165901.,0,0,0
WBGene00165902.,0,0,0
WBGene00165903.,0,0,0
WBGene00165904.,0,0,0
WBGene00165905.,0,0,0
WBGene00165906.,0,0,0
WBGene00165907.,0,0,0
WBGene00165908.,0,0,0
WBGene00165909.,0,0,0
WBGene00165910.,0,0,0
WBGene00165911.,0,0,0
WBGene00165912.,0,0,0
WBGene00165913.,0,0,0
WBGene00165914.,0,0,0
WBGene00165915.,0,0,0
WBGene00165916.,0,0,0
WBGene00165917.,0,0,0
WBGene00165918.,0,0,0
WBGene00165919.,0,0,0
WBGene00165920.,0,0,0
WBGene00165921.,0,0,0
WBGene00165922.,0,0,0
WBGene00165923.,0,0,0
WBGene00165924.,0,0,0
WBGene00165925.,0,0,0
WBGene00165926.,0,0,0
WBGene00165927.,0,0,0
WBGene00165928.,0,0,0
WBGene00165929.,0,0,0
WBGene00165930.,0,0,0
WBGene00165931.,0,0,0
WBGene00165932.,0,0,0
WBGene00165933.,0,0,0
WBGene00165934.,0,0,0
WBGene00165935.,0,0,0
WBGene00165936.,0,0,0
WBGene00165937.,0,0,0
WBGene00165938.,0,0,0
WBGene00165939.,0,0,0
WBGene00165940.,0,0,0
WBGene00165941.,0,0,0
WBGene00165942.,0,0,0
WBGene00165943.,0,0,0
WBGene00165944.,0,0,0
WBGene00165945.,0,0,0
WBGene00165946.,0,0,0
WBGene00165947.,0,0,0
WBGene00165948.,0,0,0
WBGene00165949.,0,0,0
WBGene00165950.,0,0,0
WBGene00165951.,0,0,0
WBGene00165952.,0,0,0
WBGene00165953.,0,0,0
WBGene00165954.,0,0,0
WBGene00165955.,0,0,0
WBGene00165956.,0,0,0
WBGene00165957.,0,0,0
WBGene00165958.,0,0,0
WBGene00165959.,0,0,0
WBGene00165960.,0,0,0
WBGene00165961.,0,0,0
WBGene00165962.,0,0,0
WBGene00165963.,0,0,0
WBGene00165964.,0,0,0
WBGene00165965.,0,0,0
WBGene00165966.,0,0,0
WBGene00165967.,0,0,0
WBGene00165968.,0,0,0
WBGene00165969.,0,0,0
WBGene00165970.,0,0,0
WBGene00165971.,0,0,0
WBGene00165972.,0,0,0
WBGene00165973.,0,0,0
WBGene00165974.,0,0,0
WBGene00165975.,0,0,0
WBGene00165976.,0,0,0
WBGene00165977.,0,0,0
WBGene00165978.,0,0,0
WBGene00165979.,0,0,0
WBGene00165980.,0,0,0
WBGene00165981.,0,0,0
WBGene00165982.,0,0,0
WBGene00165983.,0,0,0
WBGene00165984.,0,0,0
WBGene00165985.,0,0,0
WBGene00165986.,0,0,0
WBGene00165987.,0,0,0
WBGene00165988.,0,0,0
WBGene00165989.,0,0,0
WBGene00165990.,0,0,0
WBGene00165991.,0,0,0
WBGene00165992.,0,0,0
WBGene00165993.,0,0,0
WBGene00165994.,0,0,0
WBGene00165995.,0,0,0
WBGene00165996.,0,0,0
WBGene00165997.,0,0,0
WBGene00165998.,0,0,0
WBGene00165999.,0,0,0
WBGene00166000.,0,0,0
WBGene00166001.,0,0,0
WBGene00166002.,0,0,0
WBGene00166003.,0,0,0
WBGene00166004.,0,0,0
WBGene00166005.,0,0,0
WBGene00166006.,0,0,0
WBGene00166007.,0,0,0
WBGene00166008.,0,0,0
WBGene00166009.,0,0,0
WBGene00166010.,0,0,0
WBGene00166011.,0,0,0
WBGene00166012.,0,0,0
WBGene00166013.,0,0,0
WBGene00166014.,0,0,0
WBGene00166015.,0,0,0
WBGene00166016.,0,0,0
WBGene00166017.,0,0,0
WBGene00166018.,0,0,0
WBGene00166019.,0,0,0
WBGene00166020.,0,0,0
WBGene00166021.,0,0,0
WBGene00166022.,0,0,0
WBGene00166023.,0,0,0
WBGene00166024.,0,0,0
WBGene00166025.,0,0,0
WBGene00166026.,0,0,0
WBGene00166027.,0,0,0
WBGene00166028.,0,0,0
WBGene00166029.,0,0,0
WBGene00166030.,0,0,0
WBGene00166031.,0,0,0
WBGene00166032.,0,0,0
WBGene00166033.,0,0,0
WBGene00166034.,0,0,0
WBGene00166035.,0,0,0
WBGene00166036.,0,0,0
WBGene00166037.,0,0,0
WBGene00166038.,0,0,0
WBGene00166039.,0,0,0
WBGene00166040.,0,0,0
WBGene00166041.,0,0,0
WBGene00166042.,0,0,0
WBGene00166043.,0,0,0
WBGene00166044.,0,0,0
WBGene00166045.,0,0,0
WBGene00166046.,0,0,0
WBGene00166047.,0,0,0
WBGene00166048.,0,0,0
WBGene00166049.,0,0,0
WBGene00166050.,0,0,0
WBGene00166051.,0,0,0
WBGene00166052.,0,0,0
WBGene00166053.,0,0,0
WBGene00166054.,0,0,0
WBGene00166055.,0,0,0
WBGene00166057.,0,0,0
WBGene00166058.,0,0,0
WBGene00166059.,0,0,0
WBGene00166060.,0,0,0
WBGene00166062.,0,0,0
WBGene00166063.,0,0,0
WBGene00166064.,0,0,0
WBGene00166065.,0,0,0
WBGene00166066.,0,0,0
WBGene00166067.,0,0,0
WBGene00166068.,0,0,0
WBGene00166069.,0,0,0
WBGene00166070.,0,0,0
WBGene00166071.,0,0,0
WBGene00166072.,0,0,0
WBGene00166073.,0,0,0
WBGene00166074.,0,0,0
WBGene00166075.,0,0,0
WBGene00166076.,0,0,0
WBGene00166077.,0,0,0
WBGene00166078.,0,0,0
WBGene00166079.,0,0,0
WBGene00166080.,0,0,0
WBGene00166081.,0,0,0
WBGene00166082.,0,0,0
WBGene00166083.,0,0,0
WBGene00166084.,0,0,0
WBGene00166085.,0,0,0
WBGene00166086.,0,0,0
WBGene00166087.,0,0,0
WBGene00166088.,0,0,0
WBGene00166089.,0,0,0
WBGene00166090.,0,0,0
WBGene00166091.,0,0,0
WBGene00166092.,0,0,0
WBGene00166093.,0,0,0
WBGene00166094.,0,0,0
WBGene00166095.,0,0,0
WBGene00166096.,0,0,0
WBGene00166097.,0,0,0
WBGene00166098.,0,0,0
WBGene00166099.,0,0,0
WBGene00166100.,0,0,0
WBGene00166101.,0,0,0
WBGene00166102.,0,0,0
WBGene00166103.,0,0,0
WBGene00166104.,0,0,0
WBGene00166105.,0,0,0
WBGene00166106.,0,0,0
WBGene00166107.,0,0,0
WBGene00166108.,0,0,0
WBGene00166109.,0,0,0
WBGene00166110.,0,0,0
WBGene00166111.,0,0,0
WBGene00166112.,0,0,0
WBGene00166113.,0,0,0
WBGene00166114.,0,0,0
WBGene00166115.,0,0,0
WBGene00166116.,0,0,0
WBGene00166117.,0,0,0
WBGene00166118.,0,0,0
WBGene00166119.,0,0,0
WBGene00166120.,0,0,0
WBGene00166121.,0,0,0
WBGene00166122.,0,0,0
WBGene00166123.,0,0,0
WBGene00166124.,0,0,0
WBGene00166125.,0,0,0
WBGene00166126.,0,0,0
WBGene00166127.,0,0,0
WBGene00166128.,0,0,0
WBGene00166129.,0,0,0
WBGene00166130.,0,0,0
WBGene00166131.,0,0,0
WBGene00166132.,0,0,0
WBGene00166133.,0,0,0
WBGene00166134.,0,0,0
WBGene00166135.,0,0,0
WBGene00166136.,0,0,0
WBGene00166137.,0,0,0
WBGene00166138.,0,0,0
WBGene00166139.,0,0,0
WBGene00166140.,0,0,0
WBGene00166141.,0,0,0
WBGene00166142.,0,0,0
WBGene00166143.,0,0,0
WBGene00166144.,0,0,0
WBGene00166145.,0,0,0
WBGene00166146.,0,0,0
WBGene00166147.,0,0,0
WBGene00166148.,0,0,0
WBGene00166149.,0,0,0
WBGene00166150.,0,0,0
WBGene00166151.,0,0,0
WBGene00166152.,0,0,0
WBGene00166153.,0,0,0
WBGene00166154.,0,0,0
WBGene00166155.,0,0,0
WBGene00166156.,0,0,0
WBGene00166157.,0,0,0
WBGene00166158.,0,0,0
WBGene00166159.,0,0,0
WBGene00166160.,0,0,0
WBGene00166161.,0,0,0
WBGene00166162.,0,0,0
WBGene00166163.,0,0,0
WBGene00166164.,0,0,0
WBGene00166165.,0,0,0
WBGene00166166.,0,0,0
WBGene00166167.,0,0,0
WBGene00166168.,0,0,0
WBGene00166169.,0,0,0
WBGene00166170.,0,0,0
WBGene00166171.,0,0,0
WBGene00166172.,0,0,0
WBGene00166173.,0,0,0
WBGene00166174.,0,0,0
WBGene00166175.,0,0,0
WBGene00166176.,0,0,0
WBGene00166177.,0,0,0
WBGene00166178.,0,0,0
WBGene00166179.,0,0,0
WBGene00166180.,0,0,0
WBGene00166181.,0,0,0
WBGene00166182.,0,0,0
WBGene00166183.,0,0,0
WBGene00166184.,0,0,0
WBGene00166185.,0,0,0
WBGene00166186.,0,0,0
WBGene00166187.,0,0,0
WBGene00166188.,0,0,0
WBGene00166189.,0,0,0
WBGene00166190.,0,0,0
WBGene00166191.,0,0,0
WBGene00166192.,0,0,0
WBGene00166193.,0,0,0
WBGene00166194.,0,0,0
WBGene00166195.,0,0,0
WBGene00166196.,0,0,0
WBGene00166197.,0,0,0
WBGene00166198.,0,0,0
WBGene00166199.,0,0,0
WBGene00166200.,0,0,0
WBGene00166201.,0,0,0
WBGene00166202.,0,0,0
WBGene00166203.,0,0,0
WBGene00166204.,0,0,0
WBGene00166205.,0,0,0
WBGene00166206.,0,0,0
WBGene00166207.,0,0,0
WBGene00166208.,0,0,0
WBGene00166209.,0,0,0
WBGene00166210.,0,0,0
WBGene00166211.,0,0,0
WBGene00166212.,0,0,0
WBGene00166213.,0,0,0
WBGene00166214.,0,0,0
WBGene00166215.,0,0,0
WBGene00166216.,0,0,0
WBGene00166217.,0,0,0
WBGene00166218.,0,0,0
WBGene00166219.,0,0,0
WBGene00166220.,0,0,0
WBGene00166221.,0,0,0
WBGene00166222.,0,0,0
WBGene00166223.,0,0,0
WBGene00166224.,0,0,0
WBGene00166225.,0,0,0
WBGene00166226.,0,0,0
WBGene00166227.,0,0,0
WBGene00166228.,0,0,0
WBGene00166229.,0,0,0
WBGene00166230.,0,0,0
WBGene00166231.,0,0,0
WBGene00166232.,0,0,0
WBGene00166233.,0,0,0
WBGene00166234.,0,0,0
WBGene00166235.,0,0,0
WBGene00166236.,0,0,0
WBGene00166237.,0,0,0
WBGene00166238.,0,0,0
WBGene00166239.,0,0,0
WBGene00166240.,0,0,0
WBGene00166241.,0,0,0
WBGene00166242.,0,0,0
WBGene00166243.,0,0,0
WBGene00166244.,0,0,0
WBGene00166245.,0,0,0
WBGene00166246.,0,0,0
WBGene00166247.,0,0,0
WBGene00166248.,0,0,0
WBGene00166249.,0,0,0
WBGene00166250.,0,0,0
WBGene00166251.,0,0,0
WBGene00166252.,0,0,0
WBGene00166253.,0,0,0
WBGene00166254.,0,0,0
WBGene00166255.,0,0,0
WBGene00166256.,0,0,0
WBGene00166257.,0,0,0
WBGene00166258.,0,0,0
WBGene00166259.,0,0,0
WBGene00166260.,0,0,0
WBGene00166261.,0,0,0
WBGene00166262.,0,0,0
WBGene00166263.,0,0,0
WBGene00166264.,0,0,0
WBGene00166265.,0,0,0
WBGene00166266.,0,0,0
WBGene00166267.,0,0,0
WBGene00166268.,0,0,0
WBGene00166269.,0,0,0
WBGene00166270.,0,0,0
WBGene00166271.,0,0,0
WBGene00166272.,0,0,0
WBGene00166273.,0,0,0
WBGene00166274.,0,0,0
WBGene00166275.,0,0,0
WBGene00166276.,0,0,0
WBGene00166277.,0,0,0
WBGene00166278.,0,0,0
WBGene00166279.,0,0,0
WBGene00166280.,0,0,0
WBGene00166281.,0,0,0
WBGene00166282.,0,0,0
WBGene00166283.,0,0,0
WBGene00166284.,0,0,0
WBGene00166285.,0,0,0
WBGene00166286.,0,0,0
WBGene00166287.,0,0,0
WBGene00166288.,0,0,0
WBGene00166289.,0,0,0
WBGene00166290.,0,0,0
WBGene00166291.,0,0,0
WBGene00166292.,0,0,0
WBGene00166293.,0,0,0
WBGene00166294.,0,0,0
WBGene00166295.,0,0,0
WBGene00166296.,0,0,0
WBGene00166297.,0,0,0
WBGene00166298.,0,0,0
WBGene00166299.,0,0,0
WBGene00166300.,0,0,0
WBGene00166301.,0,0,0
WBGene00166302.,0,0,0
WBGene00166303.,0,0,0
WBGene00166304.,0,0,0
WBGene00166305.,0,0,0
WBGene00166306.,0,0,0
WBGene00166307.,0,0,0
WBGene00166308.,0,0,0
WBGene00166309.,0,0,0
WBGene00166310.,0,0,0
WBGene00166311.,0,0,0
WBGene00166312.,0,0,0
WBGene00166313.,0,0,0
WBGene00166314.,0,0,0
WBGene00166315.,0,0,0
WBGene00166316.,0,0,0
WBGene00166317.,0,0,0
WBGene00166318.,0,0,0
WBGene00166319.,0,0,0
WBGene00166320.,0,0,0
WBGene00166321.,0,0,0
WBGene00166322.,0,0,0
WBGene00166323.,0,0,0
WBGene00166324.,0,0,0
WBGene00166325.,0,0,0
WBGene00166326.,0,0,0
WBGene00166327.,0,0,0
WBGene00166328.,0,0,0
WBGene00166329.,0,0,0
WBGene00166330.,0,0,0
WBGene00166331.,0,0,0
WBGene00166332.,0,0,0
WBGene00166333.,0,0,0
WBGene00166334.,0,0,0
WBGene00166335.,0,0,0
WBGene00166336.,0,0,0
WBGene00166337.,0,0,0
WBGene00166338.,0,0,0
WBGene00166339.,0,0,0
WBGene00166340.,0,0,0
WBGene00166341.,0,0,0
WBGene00166342.,0,0,0
WBGene00166343.,0,0,0
WBGene00166344.,0,0,0
WBGene00166345.,0,0,0
WBGene00166346.,0,0,0
WBGene00166347.,0,0,0
WBGene00166348.,0,0,0
WBGene00166349.,0,0,0
WBGene00166350.,0,0,0
WBGene00166351.,0,0,0
WBGene00166352.,0,0,0
WBGene00166353.,0,0,0
WBGene00166354.,0,0,0
WBGene00166355.,0,0,0
WBGene00166356.,0,0,0
WBGene00166357.,0,0,0
WBGene00166358.,0,0,0
WBGene00166359.,0,0,0
WBGene00166360.,0,0,0
WBGene00166361.,0,0,0
WBGene00166362.,0,0,0
WBGene00166363.,0,0,0
WBGene00166364.,0,0,0
WBGene00166365.,0,0,0
WBGene00166366.,0,0,0
WBGene00166367.,0,0,0
WBGene00166368.,0,0,0
WBGene00166369.,0,0,0
WBGene00166370.,0,0,0
WBGene00166371.,0,0,0
WBGene00166372.,0,0,0
WBGene00166373.,0,0,0
WBGene00166374.,0,0,0
WBGene00166375.,0,0,0
WBGene00166376.,0,0,0
WBGene00166377.,0,0,0
WBGene00166378.,0,0,0
WBGene00166379.,0,0,0
WBGene00166380.,0,0,0
WBGene00166381.,0,0,0
WBGene00166382.,0,0,0
WBGene00166383.,0,0,0
WBGene00166384.,0,0,0
WBGene00166385.,0,0,0
WBGene00166386.,0,0,0
WBGene00166387.,0,0,0
WBGene00166388.,0,0,0
WBGene00166389.,0,0,0
WBGene00166390.,0,0,0
WBGene00166391.,0,0,0
WBGene00166392.,0,0,0
WBGene00166393.,0,0,0
WBGene00166394.,0,0,0
WBGene00166395.,0,0,0
WBGene00166396.,0,0,0
WBGene00166397.,0,0,0
WBGene00166398.,0,0,0
WBGene00166399.,0,0,0
WBGene00166400.,0,0,0
WBGene00166401.,0,0,0
WBGene00166402.,0,0,0
WBGene00166403.,0,0,0
WBGene00166404.,0,0,0
WBGene00166405.,0,0,0
WBGene00166406.,0,0,0
WBGene00166407.,0,0,0
WBGene00166408.,0,0,0
WBGene00166409.,0,0,0
WBGene00166410.,0,0,0
WBGene00166411.,0,0,0
WBGene00166412.,0,0,0
WBGene00166413.,0,0,0
WBGene00166414.,0,0,0
WBGene00166415.,0,0,0
WBGene00166416.,0,0,0
WBGene00166417.,0,0,0
WBGene00166418.,0,0,0
WBGene00166419.,0,0,0
WBGene00166420.,0,0,0
WBGene00166421.,0,0,0
WBGene00166422.,0,0,0
WBGene00166423.,0,0,0
WBGene00166424.,0,0,0
WBGene00166425.,0,0,0
WBGene00166426.,0,0,0
WBGene00166427.,0,0,0
WBGene00166428.,0,0,0
WBGene00166429.,0,0,0
WBGene00166430.,0,0,0
WBGene00166431.,0,0,0
WBGene00166432.,0,0,0
WBGene00166433.,0,0,0
WBGene00166434.,0,0,0
WBGene00166435.,0,0,0
WBGene00166436.,0,0,0
WBGene00166437.,0,0,0
WBGene00166438.,0,0,0
WBGene00166439.,0,0,0
WBGene00166440.,0,0,0
WBGene00166441.,0,0,0
WBGene00166442.,0,0,0
WBGene00166443.,0,0,0
WBGene00166444.,0,0,0
WBGene00166445.,0,0,0
WBGene00166446.,0,0,0
WBGene00166447.,0,0,0
WBGene00166448.,0,0,0
WBGene00166449.,0,0,0
WBGene00166450.,0,0,0
WBGene00166451.,0,0,0
WBGene00166452.,0,0,0
WBGene00166453.,0,0,0
WBGene00166454.,0,0,0
WBGene00166455.,0,0,0
WBGene00166456.,0,0,0
WBGene00166457.,0,0,0
WBGene00166458.,0,0,0
WBGene00166459.,0,0,0
WBGene00166460.,0,0,0
WBGene00166461.,0,0,0
WBGene00166462.,0,0,0
WBGene00166463.,0,0,0
WBGene00166464.,0,0,0
WBGene00166465.,0,0,0
WBGene00166466.,0,0,0
WBGene00166467.,0,0,0
WBGene00166468.,0,0,0
WBGene00166469.,0,0,0
WBGene00166470.,0,0,0
WBGene00166471.,0,0,0
WBGene00166472.,0,0,0
WBGene00166473.,0,0,0
WBGene00166474.,0,0,0
WBGene00166475.,0,0,0
WBGene00166476.,0,0,0
WBGene00166477.,0,0,0
WBGene00166478.,0,0,0
WBGene00166479.,0,0,0
WBGene00166480.,0,0,0
WBGene00166481.,0,0,0
WBGene00166482.,0,0,0
WBGene00166483.,0,0,0
WBGene00166484.,0,0,0
WBGene00166485.,0,0,0
WBGene00166486.,0,0,0
WBGene00166487.,0,0,0
WBGene00166488.,0,0,0
WBGene00166489.,0,0,0
WBGene00166490.,0,0,0
WBGene00166491.,0,0,0
WBGene00166492.,0,0,0
WBGene00166493.,0,0,0
WBGene00166494.,0,0,0
WBGene00166495.,0,0,0
WBGene00166496.,0,0,0
WBGene00166497.,0,0,0
WBGene00166498.,0,0,0
WBGene00166499.,0,0,0
WBGene00166500.,0,0,0
WBGene00166501.,0,0,0
WBGene00166502.,0,0,0
WBGene00166503.,0,0,0
WBGene00166504.,0,0,0
WBGene00166505.,0,0,0
WBGene00166506.,0,0,0
WBGene00166507.,0,0,0
WBGene00166508.,0,0,0
WBGene00166509.,0,0,0
WBGene00166510.,0,0,0
WBGene00166511.,0,0,0
WBGene00166512.,0,0,0
WBGene00166513.,0,0,0
WBGene00166514.,0,0,0
WBGene00166515.,0,0,0
WBGene00166516.,0,0,0
WBGene00166517.,0,0,0
WBGene00166518.,0,0,0
WBGene00166519.,0,0,0
WBGene00166520.,0,0,0
WBGene00166521.,0,0,0
WBGene00166522.,0,0,0
WBGene00166523.,0,0,0
WBGene00166524.,0,0,0
WBGene00166525.,0,0,0
WBGene00166526.,0,0,0
WBGene00166527.,0,0,0
WBGene00166528.,0,0,0
WBGene00166529.,0,0,0
WBGene00166530.,0,0,0
WBGene00166531.,0,0,0
WBGene00166532.,0,0,0
WBGene00166533.,0,0,0
WBGene00166534.,0,0,0
WBGene00166535.,0,0,0
WBGene00166536.,0,0,0
WBGene00166537.,0,0,0
WBGene00166538.,0,0,0
WBGene00166539.,0,0,0
WBGene00166540.,0,0,0
WBGene00166541.,0,0,0
WBGene00166542.,0,0,0
WBGene00166543.,0,0,0
WBGene00166544.,0,0,0
WBGene00166545.,0,0,0
WBGene00166546.,0,0,0
WBGene00166547.,0,0,0
WBGene00166548.,0,0,0
WBGene00166549.,0,0,0
WBGene00166550.,0,0,0
WBGene00166551.,0,0,0
WBGene00166552.,0,0,0
WBGene00166553.,0,0,0
WBGene00166554.,0,0,0
WBGene00166555.,0,0,0
WBGene00166556.,0,0,0
WBGene00166557.,0,0,0
WBGene00166558.,0,0,0
WBGene00166559.,0,0,0
WBGene00166560.,0,0,0
WBGene00166561.,0,0,0
WBGene00166562.,0,0,0
WBGene00166563.,0,0,0
WBGene00166564.,0,0,0
WBGene00166565.,0,0,0
WBGene00166566.,0,0,0
WBGene00166567.,0,0,0
WBGene00166568.,0,0,0
WBGene00166569.,0,0,0
WBGene00166570.,0,0,0
WBGene00166571.,0,0,0
WBGene00166572.,0,0,0
WBGene00166573.,0,0,0
WBGene00166574.,0,0,0
WBGene00166575.,0,0,0
WBGene00166576.,0,0,0
WBGene00166577.,0,0,0
WBGene00166578.,0,0,0
WBGene00166579.,0,0,0
WBGene00166580.,0,0,0
WBGene00166581.,0,0,0
WBGene00166582.,0,0,0
WBGene00166583.,0,0,0
WBGene00166584.,0,0,0
WBGene00166585.,0,0,0
WBGene00166586.,0,0,0
WBGene00166587.,0,0,0
WBGene00166588.,0,0,0
WBGene00166589.,0,0,0
WBGene00166590.,0,0,0
WBGene00166591.,0,0,0
WBGene00166592.,0,0,0
WBGene00166593.,0,0,0
WBGene00166594.,0,0,0
WBGene00166595.,0,0,0
WBGene00166596.,0,0,0
WBGene00166597.,0,0,0
WBGene00166598.,0,0,0
WBGene00166599.,0,0,0
WBGene00166600.,0,0,0
WBGene00166601.,0,0,0
WBGene00166602.,0,0,0
WBGene00166603.,0,0,0
WBGene00166604.,0,0,0
WBGene00166605.,0,0,0
WBGene00166606.,0,0,0
WBGene00166607.,0,0,0
WBGene00166608.,0,0,0
WBGene00166609.,0,0,0
WBGene00166610.,0,0,0
WBGene00166611.,0,0,0
WBGene00166612.,0,0,0
WBGene00166613.,0,0,0
WBGene00166614.,0,0,0
WBGene00166615.,0,0,0
WBGene00166616.,0,0,0
WBGene00166617.,0,0,0
WBGene00166618.,0,0,0
WBGene00166619.,0,0,0
WBGene00166620.,0,0,0
WBGene00166621.,0,0,0
WBGene00166622.,0,0,0
WBGene00166623.,0,0,0
WBGene00166624.,0,0,0
WBGene00166625.,0,0,0
WBGene00166626.,0,0,0
WBGene00166627.,0,0,0
WBGene00166628.,0,0,0
WBGene00166629.,0,0,0
WBGene00166630.,0,0,0
WBGene00166631.,0,0,0
WBGene00166632.,0,0,0
WBGene00166633.,0,0,0
WBGene00166634.,0,0,0
WBGene00166635.,0,0,0
WBGene00166636.,0,0,0
WBGene00166637.,0,0,0
WBGene00166638.,0,0,0
WBGene00166639.,0,0,0
WBGene00166640.,0,0,0
WBGene00166641.,0,0,0
WBGene00166642.,0,0,0
WBGene00166643.,0,0,0
WBGene00166644.,0,0,0
WBGene00166645.,0,0,0
WBGene00166646.,0,0,0
WBGene00166647.,0,0,0
WBGene00166648.,0,0,0
WBGene00166649.,0,0,0
WBGene00166650.,0,0,0
WBGene00166651.,0,0,0
WBGene00166652.,0,0,0
WBGene00166653.,0,0,0
WBGene00166654.,0,0,0
WBGene00166655.,0,0,0
WBGene00166656.,0,0,0
WBGene00166657.,0,0,0
WBGene00166658.,0,0,0
WBGene00166659.,0,0,0
WBGene00166660.,0,0,0
WBGene00166661.,0,0,0
WBGene00166662.,0,0,0
WBGene00166663.,0,0,0
WBGene00166664.,0,0,0
WBGene00166665.,0,0,0
WBGene00166666.,0,0,0
WBGene00166667.,0,0,0
WBGene00166668.,0,0,0
WBGene00166669.,0,0,0
WBGene00166670.,0,0,0
WBGene00166671.,0,0,0
WBGene00166672.,0,0,0
WBGene00166673.,0,0,0
WBGene00166674.,0,0,0
WBGene00166675.,0,0,0
WBGene00166676.,0,0,0
WBGene00166677.,0,0,0
WBGene00166678.,0,0,0
WBGene00166679.,0,0,0
WBGene00166680.,0,0,0
WBGene00166681.,0,0,0
WBGene00166682.,0,0,0
WBGene00166683.,0,0,0
WBGene00166684.,0,0,0
WBGene00166685.,0,0,0
WBGene00166686.,0,0,0
WBGene00166687.,0,0,0
WBGene00166688.,0,0,0
WBGene00166689.,0,0,0
WBGene00166690.,0,0,0
WBGene00166691.,0,0,0
WBGene00166692.,0,0,0
WBGene00166693.,0,0,0
WBGene00166694.,0,0,0
WBGene00166695.,0,0,0
WBGene00166696.,0,0,0
WBGene00166697.,0,0,0
WBGene00166698.,0,0,0
WBGene00166699.,0,0,0
WBGene00166700.,0,0,0
WBGene00166701.,0,0,0
WBGene00166702.,0,0,0
WBGene00166703.,0,0,0
WBGene00166704.,0,0,0
WBGene00166705.,0,0,0
WBGene00166706.,0,0,0
WBGene00166707.,0,0,0
WBGene00166708.,0,0,0
WBGene00166709.,0,0,0
WBGene00166710.,0,0,0
WBGene00166711.,0,0,0
WBGene00166712.,0,0,0
WBGene00166713.,0,0,0
WBGene00166714.,0,0,0
WBGene00166715.,0,0,0
WBGene00166716.,0,0,0
WBGene00166717.,0,0,0
WBGene00166718.,0,0,0
WBGene00166719.,0,0,0
WBGene00166720.,0,0,0
WBGene00166721.,0,0,0
WBGene00166722.,0,0,0
WBGene00166723.,0,0,0
WBGene00166724.,0,0,0
WBGene00166725.,0,0,0
WBGene00166726.,0,0,0
WBGene00166727.,0,0,0
WBGene00166728.,0,0,0
WBGene00166729.,0,0,0
WBGene00166730.,0,0,0
WBGene00166731.,0,0,0
WBGene00166732.,0,0,0
WBGene00166733.,0,0,0
WBGene00166734.,0,0,0
WBGene00166735.,0,0,0
WBGene00166736.,0,0,0
WBGene00166737.,0,0,0
WBGene00166738.,0,0,0
WBGene00166739.,0,0,0
WBGene00166740.,0,0,0
WBGene00166741.,0,0,0
WBGene00166742.,0,0,0
WBGene00166743.,0,0,0
WBGene00166744.,0,0,0
WBGene00166745.,0,0,0
WBGene00166746.,0,0,0
WBGene00166747.,0,0,0
WBGene00166748.,0,0,0
WBGene00166749.,0,0,0
WBGene00166750.,0,0,0
WBGene00166751.,0,0,0
WBGene00166752.,0,0,0
WBGene00166753.,0,0,0
WBGene00166754.,0,0,0
WBGene00166755.,0,0,0
WBGene00166756.,0,0,0
WBGene00166757.,0,0,0
WBGene00166758.,0,0,0
WBGene00166759.,0,0,0
WBGene00166760.,0,0,0
WBGene00166761.,0,0,0
WBGene00166762.,0,0,0
WBGene00166763.,0,0,0
WBGene00166764.,0,0,0
WBGene00166765.,0,0,0
WBGene00166766.,0,0,0
WBGene00166767.,0,0,0
WBGene00166768.,0,0,0
WBGene00166769.,0,0,0
WBGene00166770.,0,0,0
WBGene00166771.,0,0,0
WBGene00166772.,0,0,0
WBGene00166773.,0,0,0
WBGene00166774.,0,0,0
WBGene00166775.,0,0,0
WBGene00166776.,0,0,0
WBGene00166777.,0,0,0
WBGene00166778.,0,0,0
WBGene00166779.,0,0,0
WBGene00166780.,0,0,0
WBGene00166781.,0,0,0
WBGene00166782.,0,0,0
WBGene00166783.,0,0,0
WBGene00166784.,0,0,0
WBGene00166785.,0,0,0
WBGene00166786.,0,0,0
WBGene00166787.,0,0,0
WBGene00166788.,0,0,0
WBGene00166789.,0,0,0
WBGene00166790.,0,0,0
WBGene00166791.,0,0,0
WBGene00166792.,0,0,0
WBGene00166793.,0,0,0
WBGene00166794.,0,0,0
WBGene00166795.,0,0,0
WBGene00166796.,0,0,0
WBGene00166797.,0,0,0
WBGene00166798.,0,0,0
WBGene00166799.,0,0,0
WBGene00166800.,0,0,0
WBGene00166801.,0,0,0
WBGene00166802.,0,0,0
WBGene00166803.,0,0,0
WBGene00166804.,0,0,0
WBGene00166805.,0,0,0
WBGene00166806.,0,0,0
WBGene00166807.,0,0,0
WBGene00166808.,0,0,0
WBGene00166809.,0,0,0
WBGene00166810.,0,0,0
WBGene00166811.,0,0,0
WBGene00166812.,0,0,0
WBGene00166813.,0,0,0
WBGene00166814.,0,0,0
WBGene00166815.,0,0,0
WBGene00166816.,0,0,0
WBGene00166817.,0,0,0
WBGene00166819.,0,0,0
WBGene00166820.,0,0,0
WBGene00166821.,0,0,0
WBGene00166822.,0,0,0
WBGene00166823.,0,0,0
WBGene00166824.,0,0,0
WBGene00166825.,0,0,0
WBGene00166826.,0,0,0
WBGene00166827.,0,0,0
WBGene00166828.,0,0,0
WBGene00166829.,0,0,0
WBGene00166830.,0,0,0
WBGene00166831.,0,0,0
WBGene00166832.,0,0,0
WBGene00166833.,0,0,0
WBGene00166834.,0,0,0
WBGene00166835.,0,0,0
WBGene00166836.,0,0,0
WBGene00166837.,0,0,0
WBGene00166838.,0,0,0
WBGene00166839.,0,0,0
WBGene00166840.,0,0,0
WBGene00166841.,0,0,0
WBGene00166842.,0,0,0
WBGene00166843.,0,0,0
WBGene00166844.,0,0,0
WBGene00166845.,0,0,0
WBGene00166846.,0,0,0
WBGene00166847.,0,0,0
WBGene00166848.,0,0,0
WBGene00166849.,0,0,0
WBGene00166850.,0,0,0
WBGene00166851.,0,0,0
WBGene00166852.,0,0,0
WBGene00166853.,0,0,0
WBGene00166854.,0,0,0
WBGene00166855.,0,0,0
WBGene00166856.,0,0,0
WBGene00166857.,0,0,0
WBGene00166858.,0,0,0
WBGene00166859.,0,0,0
WBGene00166860.,0,0,0
WBGene00166861.,0,0,0
WBGene00166862.,0,0,0
WBGene00166863.,0,0,0
WBGene00166864.,0,0,0
WBGene00166865.,0,0,0
WBGene00166866.,0,0,0
WBGene00166867.,0,0,0
WBGene00166868.,0,0,0
WBGene00166869.,0,0,0
WBGene00166870.,0,0,0
WBGene00166871.,0,0,0
WBGene00166872.,0,0,0
WBGene00166873.,0,0,0
WBGene00166874.,0,0,0
WBGene00166875.,0,0,0
WBGene00166876.,0,0,0
WBGene00166877.,0,0,0
WBGene00166878.,0,0,0
WBGene00166879.,0,0,0
WBGene00166880.,0,0,0
WBGene00166881.,0,0,0
WBGene00166882.,0,0,0
WBGene00166883.,0,0,0
WBGene00166884.,0,0,0
WBGene00166885.,0,0,0
WBGene00166886.,0,0,0
WBGene00166887.,0,0,0
WBGene00166888.,0,0,0
WBGene00166889.,0,0,0
WBGene00166890.,0,0,0
WBGene00166891.,0,0,0
WBGene00166892.,0,0,0
WBGene00166893.,0,0,0
WBGene00166894.,0,0,0
WBGene00166895.,0,0,0
WBGene00166896.,0,0,0
WBGene00166897.,0,0,0
WBGene00166898.,0,0,0
WBGene00166899.,0,0,0
WBGene00166900.,0,0,0
WBGene00166901.,0,0,0
WBGene00166902.,0,0,0
WBGene00166903.,0,0,0
WBGene00166904.,0,0,0
WBGene00166905.,0,0,0
WBGene00166906.,0,0,0
WBGene00166907.,0,0,0
WBGene00166908.,0,0,0
WBGene00166909.,0,0,0
WBGene00166910.,0,0,0
WBGene00166911.,0,0,0
WBGene00166912.,0,0,0
WBGene00166913.,0,0,0
WBGene00166914.,0,0,0
WBGene00166915.,0,0,0
WBGene00166916.,0,0,0
WBGene00166917.,0,0,0
WBGene00166918.,0,0,0
WBGene00166919.,0,0,0
WBGene00166920.,0,0,0
WBGene00166921.,0,0,0
WBGene00166922.,0,0,0
WBGene00166923.,0,0,0
WBGene00166924.,0,0,0
WBGene00166925.,0,0,0
WBGene00166926.,0,0,0
WBGene00166927.,0,0,0
WBGene00166928.,0,0,0
WBGene00166929.,0,0,0
WBGene00166930.,0,0,0
WBGene00166931.,0,0,0
WBGene00166932.,0,0,0
WBGene00166933.,0,0,0
WBGene00166934.,0,0,0
WBGene00166935.,0,0,0
WBGene00166936.,0,0,0
WBGene00166937.,0,0,0
WBGene00166938.,0,0,0
WBGene00166939.,0,0,0
WBGene00166940.,0,0,0
WBGene00166941.,0,0,0
WBGene00166942.,0,0,0
WBGene00166943.,0,0,0
WBGene00166944.,0,0,0
WBGene00166945.,0,0,0
WBGene00166946.,0,0,0
WBGene00166947.,0,0,0
WBGene00166948.,0,0,0
WBGene00166949.,0,0,0
WBGene00166950.,0,0,0
WBGene00166951.,0,0,0
WBGene00166952.,0,0,0
WBGene00166953.,0,0,0
WBGene00166954.,0,0,0
WBGene00166955.,0,0,0
WBGene00166956.,0,0,0
WBGene00166957.,0,0,0
WBGene00166958.,0,0,0
WBGene00166959.,0,0,0
WBGene00166960.,0,0,0
WBGene00166961.,0,0,0
WBGene00166962.,0,0,0
WBGene00166963.,0,0,0
WBGene00166964.,0,0,0
WBGene00166965.,0,0,0
WBGene00166966.,0,0,0
WBGene00166967.,0,0,0
WBGene00166968.,0,0,0
WBGene00166969.,0,0,0
WBGene00166970.,0,0,0
WBGene00166971.,0,0,0
WBGene00166972.,0,0,0
WBGene00166973.,0,0,0
WBGene00166974.,0,0,0
WBGene00166975.,0,0,0
WBGene00166976.,0,0,0
WBGene00166977.,0,0,0
WBGene00166978.,0,0,0
WBGene00166979.,0,0,0
WBGene00166980.,0,0,0
WBGene00166981.,0,0,0
WBGene00166982.,0,0,0
WBGene00166983.,0,0,0
WBGene00166984.,0,0,0
WBGene00166985.,0,0,0
WBGene00166986.,0,0,0
WBGene00166987.,0,0,0
WBGene00166988.,0,0,0
WBGene00166989.,0,0,0
WBGene00166990.,0,0,0
WBGene00166991.,0,0,0
WBGene00166992.,0,0,0
WBGene00166993.,0,0,0
WBGene00166994.,0,0,0
WBGene00166995.,0,0,0
WBGene00166996.,0,0,0
WBGene00166997.,0,0,0
WBGene00166998.,0,0,0
WBGene00166999.,0,0,0
WBGene00167000.,0,0,0
WBGene00167001.,0,0,0
WBGene00167002.,0,0,0
WBGene00167003.,0,0,0
WBGene00167004.,0,0,0
WBGene00167005.,0,0,0
WBGene00167006.,0,0,0
WBGene00167007.,0,0,0
WBGene00167008.,0,0,0
WBGene00167009.,0,0,0
WBGene00167010.,0,0,0
WBGene00167011.,0,0,0
WBGene00167012.,0,0,0
WBGene00167013.,0,0,0
WBGene00167014.,0,0,0
WBGene00167015.,0,0,0
WBGene00167016.,0,0,0
WBGene00167017.,0,0,0
WBGene00167018.,0,0,0
WBGene00167019.,0,0,0
WBGene00167020.,0,0,0
WBGene00167021.,0,0,0
WBGene00167022.,0,0,0
WBGene00167023.,0,0,0
WBGene00167024.,0,0,0
WBGene00167025.,0,0,0
WBGene00167026.,0,0,0
WBGene00167027.,0,0,0
WBGene00167028.,0,0,0
WBGene00167029.,0,0,0
WBGene00167030.,0,0,0
WBGene00167031.,0,0,0
WBGene00167032.,0,0,0
WBGene00167033.,0,0,0
WBGene00167034.,0,0,0
WBGene00167035.,0,0,0
WBGene00167036.,0,0,0
WBGene00167037.,0,0,0
WBGene00167038.,0,0,0
WBGene00167039.,0,0,0
WBGene00167040.,0,0,0
WBGene00167041.,0,0,0
WBGene00167042.,0,0,0
WBGene00167043.,0,0,0
WBGene00167044.,0,0,0
WBGene00167045.,0,0,0
WBGene00167046.,0,0,0
WBGene00167047.,0,0,0
WBGene00167048.,0,0,0
WBGene00167049.,0,0,0
WBGene00167050.,0,0,0
WBGene00167051.,0,0,0
WBGene00167052.,0,0,0
WBGene00167053.,0,0,0
WBGene00167054.,0,0,0
WBGene00167055.,0,0,0
WBGene00167056.,0,0,0
WBGene00167057.,0,0,0
WBGene00167058.,0,0,0
WBGene00167059.,0,0,0
WBGene00167060.,0,0,0
WBGene00167061.,0,0,0
WBGene00167062.,0,0,0
WBGene00167063.,0,0,0
WBGene00167064.,0,0,0
WBGene00167065.,0,0,0
WBGene00167066.,0,0,0
WBGene00167067.,0,0,0
WBGene00167068.,0,0,0
WBGene00167069.,0,0,0
WBGene00167070.,0,0,0
WBGene00167071.,0,0,0
WBGene00167072.,0,0,0
WBGene00167073.,0,0,0
WBGene00167074.,0,0,0
WBGene00167075.,0,0,0
WBGene00167076.,0,0,0
WBGene00167077.,0,0,0
WBGene00167078.,0,0,0
WBGene00167079.,0,0,0
WBGene00167080.,0,0,0
WBGene00167081.,0,0,0
WBGene00167082.,0,0,0
WBGene00167083.,0,0,0
WBGene00167084.,0,0,0
WBGene00167085.,0,0,0
WBGene00167086.,0,0,0
WBGene00167087.,0,0,0
WBGene00167088.,0,0,0
WBGene00167089.,0,0,0
WBGene00167090.,0,0,0
WBGene00167091.,0,0,0
WBGene00167092.,0,0,0
WBGene00167093.,0,0,0
WBGene00167094.,0,0,0
WBGene00167095.,0,0,0
WBGene00167096.,0,0,0
WBGene00167097.,0,0,0
WBGene00167098.,0,0,0
WBGene00167099.,0,0,0
WBGene00167100.,0,0,0
WBGene00167101.,0,0,0
WBGene00167102.,0,0,0
WBGene00167103.,0,0,0
WBGene00167104.,0,0,0
WBGene00167105.,0,0,0
WBGene00167106.,0,0,0
WBGene00167107.,0,0,0
WBGene00167108.,0,0,0
WBGene00167109.,0,0,0
WBGene00167110.,0,0,0
WBGene00167111.,0,0,0
WBGene00167112.,0,0,0
WBGene00167113.,0,0,0
WBGene00167114.,0,0,0
WBGene00167115.,0,0,0
WBGene00167116.,0,0,0
WBGene00167117.,0,0,0
WBGene00167118.,0,0,0
WBGene00167119.,0,0,0
WBGene00167120.,0,0,0
WBGene00167121.,0,0,0
WBGene00167122.,0,0,0
WBGene00167123.,0,0,0
WBGene00167124.,0,0,0
WBGene00167125.,0,0,0
WBGene00167126.,0,0,0
WBGene00167127.,0,0,0
WBGene00167128.,0,0,0
WBGene00167129.,0,0,0
WBGene00167130.,0,0,0
WBGene00167131.,0,0,0
WBGene00167132.,0,0,0
WBGene00167133.,0,0,0
WBGene00167134.,0,0,0
WBGene00167135.,0,0,0
WBGene00167136.,0,0,0
WBGene00167137.,0,0,0
WBGene00167138.,0,0,0
WBGene00167139.,0,0,0
WBGene00167140.,0,0,0
WBGene00167141.,0,0,0
WBGene00167142.,0,0,0
WBGene00167143.,0,0,0
WBGene00167144.,0,0,0
WBGene00167145.,0,0,0
WBGene00167146.,0,0,0
WBGene00167147.,0,0,0
WBGene00167148.,0,0,0
WBGene00167149.,0,0,0
WBGene00167150.,0,0,0
WBGene00167151.,0,0,0
WBGene00167152.,0,0,0
WBGene00167153.,0,0,0
WBGene00167154.,0,0,0
WBGene00167155.,0,0,0
WBGene00167156.,0,0,0
WBGene00167157.,0,0,0
WBGene00167158.,0,0,0
WBGene00167159.,0,0,0
WBGene00167160.,0,0,0
WBGene00167161.,0,0,0
WBGene00167162.,0,0,0
WBGene00167163.,0,0,0
WBGene00167164.,0,0,0
WBGene00167165.,0,0,0
WBGene00167166.,0,0,0
WBGene00167167.,0,0,0
WBGene00167168.,0,0,0
WBGene00167169.,0,0,0
WBGene00167170.,0,0,0
WBGene00167171.,0,0,0
WBGene00167172.,0,0,0
WBGene00167173.,0,0,0
WBGene00167174.,0,0,0
WBGene00167175.,0,0,0
WBGene00167176.,0,0,0
WBGene00167177.,0,0,0
WBGene00167178.,0,0,0
WBGene00167179.,0,0,0
WBGene00167180.,0,0,0
WBGene00167181.,0,0,0
WBGene00167182.,0,0,0
WBGene00167183.,0,0,0
WBGene00167184.,0,0,0
WBGene00167185.,0,0,0
WBGene00167186.,0,0,0
WBGene00167187.,0,0,0
WBGene00167188.,0,0,0
WBGene00167189.,0,0,0
WBGene00167190.,0,0,0
WBGene00167191.,0,0,0
WBGene00167192.,0,0,0
WBGene00167193.,0,0,0
WBGene00167194.,0,0,0
WBGene00167195.,0,0,0
WBGene00167196.,0,0,0
WBGene00167197.,0,0,0
WBGene00167198.,0,0,0
WBGene00167199.,0,0,0
WBGene00167200.,0,0,0
WBGene00167201.,0,0,0
WBGene00167202.,0,0,0
WBGene00167203.,0,0,0
WBGene00167204.,0,0,0
WBGene00167205.,0,0,0
WBGene00167206.,0,0,0
WBGene00167207.,0,0,0
WBGene00167208.,0,0,0
WBGene00167209.,0,0,0
WBGene00167210.,0,0,0
WBGene00167211.,0,0,0
WBGene00167212.,0,0,0
WBGene00167213.,0,0,0
WBGene00167214.,0,0,0
WBGene00167215.,0,0,0
WBGene00167216.,0,0,0
WBGene00167217.,0,0,0
WBGene00167218.,0,0,0
WBGene00167219.,0,0,0
WBGene00167220.,0,0,0
WBGene00167221.,0,0,0
WBGene00167222.,0,0,0
WBGene00167223.,0,0,0
WBGene00167224.,0,0,0
WBGene00167225.,0,0,0
WBGene00167226.,0,0,0
WBGene00167227.,0,0,0
WBGene00167228.,0,0,0
WBGene00167229.,0,0,0
WBGene00167230.,0,0,0
WBGene00167231.,0,0,0
WBGene00167232.,0,0,0
WBGene00167233.,0,0,0
WBGene00167234.,0,0,0
WBGene00167235.,0,0,0
WBGene00167236.,0,0,0
WBGene00167237.,0,0,0
WBGene00167238.,0,0,0
WBGene00167239.,0,0,0
WBGene00167240.,0,0,0
WBGene00167241.,0,0,0
WBGene00167242.,0,0,0
WBGene00167243.,0,0,0
WBGene00167244.,0,0,0
WBGene00167245.,0,0,0
WBGene00167246.,0,0,0
WBGene00167247.,0,0,0
WBGene00167248.,0,0,0
WBGene00167249.,0,0,0
WBGene00167250.,0,0,0
WBGene00167251.,0,0,0
WBGene00167252.,0,0,0
WBGene00167253.,0,0,0
WBGene00167254.,0,0,0
WBGene00167255.,0,0,0
WBGene00167256.,0,0,0
WBGene00167257.,0,0,0
WBGene00167258.,0,0,0
WBGene00167259.,0,0,0
WBGene00167260.,0,0,0
WBGene00167261.,0,0,0
WBGene00167262.,0,0,0
WBGene00167263.,0,0,0
WBGene00167264.,0,0,0
WBGene00167265.,0,0,0
WBGene00167266.,0,0,0
WBGene00167267.,0,0,0
WBGene00167268.,0,0,0
WBGene00167269.,0,0,0
WBGene00167270.,0,0,0
WBGene00167271.,0,0,0
WBGene00167272.,0,0,0
WBGene00167273.,0,0,0
WBGene00167274.,0,0,0
WBGene00167275.,0,0,0
WBGene00167276.,0,0,0
WBGene00167277.,0,0,0
WBGene00167278.,0,0,0
WBGene00167279.,0,0,0
WBGene00167280.,0,0,0
WBGene00167281.,0,0,0
WBGene00167282.,0,0,0
WBGene00167283.,0,0,0
WBGene00167284.,0,0,0
WBGene00167285.,0,0,0
WBGene00167286.,0,0,0
WBGene00167287.,0,0,0
WBGene00167288.,0,0,0
WBGene00167289.,0,0,0
WBGene00167290.,0,0,0
WBGene00167291.,0,0,0
WBGene00167292.,0,0,0
WBGene00167293.,0,0,0
WBGene00167294.,0,0,0
WBGene00167295.,0,0,0
WBGene00167296.,0,0,0
WBGene00167297.,0,0,0
WBGene00167298.,0,0,0
WBGene00167299.,0,0,0
WBGene00167300.,0,0,0
WBGene00167301.,0,0,0
WBGene00167302.,0,0,0
WBGene00167303.,0,0,0
WBGene00167304.,0,0,0
WBGene00167305.,0,0,0
WBGene00167306.,0,0,0
WBGene00167307.,0,0,0
WBGene00167308.,0,0,0
WBGene00167309.,0,0,0
WBGene00167310.,0,0,0
WBGene00167311.,0,0,0
WBGene00167312.,0,0,0
WBGene00167313.,0,0,0
WBGene00167314.,0,0,0
WBGene00167315.,0,0,0
WBGene00167316.,0,0,0
WBGene00167317.,0,0,0
WBGene00167318.,0,0,0
WBGene00167319.,0,0,0
WBGene00167320.,0,0,0
WBGene00167321.,0,0,0
WBGene00167322.,0,0,0
WBGene00167323.,0,0,0
WBGene00167324.,0,0,0
WBGene00167325.,0,0,0
WBGene00167326.,0,0,0
WBGene00167327.,0,0,0
WBGene00167328.,0,0,0
WBGene00167329.,0,0,0
WBGene00167330.,0,0,0
WBGene00167331.,0,0,0
WBGene00167332.,0,0,0
WBGene00167333.,0,0,0
WBGene00167334.,0,0,0
WBGene00167335.,0,0,0
WBGene00167336.,0,0,0
WBGene00167337.,0,0,0
WBGene00167338.,0,0,0
WBGene00167339.,0,0,0
WBGene00167340.,0,0,0
WBGene00167341.,0,0,0
WBGene00167342.,0,0,0
WBGene00167343.,0,0,0
WBGene00167344.,0,0,0
WBGene00167345.,0,0,0
WBGene00167346.,0,0,0
WBGene00167347.,0,0,0
WBGene00167348.,0,0,0
WBGene00167349.,0,0,0
WBGene00167350.,0,0,0
WBGene00167351.,0,0,0
WBGene00167352.,0,0,0
WBGene00167353.,0,0,0
WBGene00167354.,0,0,0
WBGene00167355.,0,0,0
WBGene00167356.,0,0,0
WBGene00167357.,0,0,0
WBGene00167358.,0,0,0
WBGene00167359.,0,0,0
WBGene00167360.,0,0,0
WBGene00167361.,0,0,0
WBGene00167362.,0,0,0
WBGene00167363.,0,0,0
WBGene00167364.,0,0,0
WBGene00167365.,0,0,0
WBGene00167366.,0,0,0
WBGene00167367.,0,0,0
WBGene00167368.,0,0,0
WBGene00167369.,0,0,0
WBGene00167370.,0,0,0
WBGene00167371.,0,0,0
WBGene00167372.,0,0,0
WBGene00167373.,0,0,0
WBGene00167374.,0,0,0
WBGene00167375.,0,0,0
WBGene00167376.,0,0,0
WBGene00167377.,0,0,0
WBGene00167378.,0,0,0
WBGene00167379.,0,0,0
WBGene00167380.,0,0,0
WBGene00167381.,0,0,0
WBGene00167382.,0,0,0
WBGene00167383.,0,0,0
WBGene00167384.,0,0,0
WBGene00167385.,0,0,0
WBGene00167386.,0,0,0
WBGene00167387.,0,0,0
WBGene00167388.,0,0,0
WBGene00167389.,0,0,0
WBGene00167390.,0,0,0
WBGene00167391.,0,0,0
WBGene00167392.,0,0,0
WBGene00167393.,0,0,0
WBGene00167394.,0,0,0
WBGene00167395.,0,0,0
WBGene00167396.,0,0,0
WBGene00167397.,0,0,0
WBGene00167398.,0,0,0
WBGene00167399.,0,0,0
WBGene00167400.,0,0,0
WBGene00167401.,0,0,0
WBGene00167402.,0,0,0
WBGene00167403.,0,0,0
WBGene00167404.,0,0,0
WBGene00167405.,0,0,0
WBGene00167406.,0,0,0
WBGene00167407.,0,0,0
WBGene00167408.,0,0,0
WBGene00167409.,0,0,0
WBGene00167410.,0,0,0
WBGene00167411.,0,0,0
WBGene00167412.,0,0,0
WBGene00167413.,0,0,0
WBGene00167414.,0,0,0
WBGene00167415.,0,0,0
WBGene00167416.,0,0,0
WBGene00167417.,0,0,0
WBGene00167418.,0,0,0
WBGene00167419.,0,0,0
WBGene00167420.,0,0,0
WBGene00167421.,0,0,0
WBGene00167422.,0,0,0
WBGene00167423.,0,0,0
WBGene00167424.,0,0,0
WBGene00167425.,0,0,0
WBGene00167426.,0,0,0
WBGene00167427.,0,0,0
WBGene00167428.,0,0,0
WBGene00167429.,0,0,0
WBGene00167430.,0,0,0
WBGene00167431.,0,0,0
WBGene00167432.,0,0,0
WBGene00167433.,0,0,0
WBGene00167434.,0,0,0
WBGene00167435.,0,0,0
WBGene00167436.,0,0,0
WBGene00167437.,0,0,0
WBGene00167438.,0,0,0
WBGene00167439.,0,0,0
WBGene00167440.,0,0,0
WBGene00167441.,0,0,0
WBGene00167442.,0,0,0
WBGene00167443.,0,0,0
WBGene00167444.,0,0,0
WBGene00167445.,0,0,0
WBGene00167446.,0,0,0
WBGene00167447.,0,0,0
WBGene00167448.,0,0,0
WBGene00167449.,0,0,0
WBGene00167450.,0,0,0
WBGene00167451.,0,0,0
WBGene00167452.,0,0,0
WBGene00167453.,0,0,0
WBGene00167454.,0,0,0
WBGene00167455.,0,0,0
WBGene00167456.,0,0,0
WBGene00167457.,0,0,0
WBGene00167458.,0,0,0
WBGene00167459.,0,0,0
WBGene00167460.,0,0,0
WBGene00167461.,0,0,0
WBGene00167462.,0,0,0
WBGene00167463.,0,0,0
WBGene00167464.,0,0,0
WBGene00167465.,0,0,0
WBGene00167466.,0,0,0
WBGene00167467.,0,0,0
WBGene00167468.,0,0,0
WBGene00167469.,0,0,0
WBGene00167470.,0,0,0
WBGene00167471.,0,0,0
WBGene00167472.,0,0,0
WBGene00167473.,0,0,0
WBGene00167474.,0,0,0
WBGene00167475.,0,0,0
WBGene00167476.,0,0,0
WBGene00167477.,0,0,0
WBGene00167478.,0,0,0
WBGene00167479.,0,0,0
WBGene00167480.,0,0,0
WBGene00167481.,0,0,0
WBGene00167482.,0,0,0
WBGene00167483.,0,0,0
WBGene00167484.,0,0,0
WBGene00167485.,0,0,0
WBGene00167487.,0,0,0
WBGene00167488.,0,0,0
WBGene00167489.,0,0,0
WBGene00167490.,0,0,0
WBGene00167491.,0,0,0
WBGene00167492.,0,0,0
WBGene00167493.,0,0,0
WBGene00167494.,0,0,0
WBGene00167495.,0,0,0
WBGene00167496.,0,0,0
WBGene00167497.,0,0,0
WBGene00167498.,0,0,0
WBGene00167499.,0,0,0
WBGene00167500.,0,0,0
WBGene00167501.,0,0,0
WBGene00167502.,0,0,0
WBGene00167503.,0,0,0
WBGene00167504.,0,0,0
WBGene00167505.,0,0,0
WBGene00167506.,0,0,0
WBGene00167507.,0,0,0
WBGene00167508.,0,0,0
WBGene00167509.,0,0,0
WBGene00167510.,0,0,0
WBGene00167511.,0,0,0
WBGene00167512.,0,0,0
WBGene00167513.,0,0,0
WBGene00167514.,0,0,0
WBGene00167515.,0,0,0
WBGene00167516.,0,0,0
WBGene00167517.,0,0,0
WBGene00167518.,0,0,0
WBGene00167519.,0,0,0
WBGene00167520.,0,0,0
WBGene00167521.,0,0,0
WBGene00167522.,0,0,0
WBGene00167523.,0,0,0
WBGene00167524.,0,0,0
WBGene00167525.,0,0,0
WBGene00167526.,0,0,0
WBGene00167527.,0,0,0
WBGene00167528.,0,0,0
WBGene00167529.,0,0,0
WBGene00167530.,0,0,0
WBGene00167531.,0,0,0
WBGene00167532.,0,0,0
WBGene00167533.,0,0,0
WBGene00167534.,0,0,0
WBGene00167535.,0,0,0
WBGene00167536.,0,0,0
WBGene00167537.,0,0,0
WBGene00167538.,0,0,0
WBGene00167539.,0,0,0
WBGene00167540.,0,0,0
WBGene00167541.,0,0,0
WBGene00167542.,0,0,0
WBGene00167543.,0,0,0
WBGene00167544.,0,0,0
WBGene00167545.,0,0,0
WBGene00167546.,0,0,0
WBGene00167547.,0,0,0
WBGene00167548.,0,0,0
WBGene00167549.,0,0,0
WBGene00167550.,0,0,0
WBGene00167551.,0,0,0
WBGene00167552.,0,0,0
WBGene00167553.,0,0,0
WBGene00167554.,0,0,0
WBGene00167555.,0,0,0
WBGene00167556.,0,0,0
WBGene00167557.,0,0,0
WBGene00167558.,0,0,0
WBGene00167559.,0,0,0
WBGene00167560.,0,0,0
WBGene00167561.,0,0,0
WBGene00167562.,0,0,0
WBGene00167563.,0,0,0
WBGene00167564.,0,0,0
WBGene00167565.,0,0,0
WBGene00167566.,0,0,0
WBGene00167567.,0,0,0
WBGene00167568.,0,0,0
WBGene00167569.,0,0,0
WBGene00167570.,0,0,0
WBGene00167571.,0,0,0
WBGene00167572.,0,0,0
WBGene00167573.,0,0,0
WBGene00167574.,0,0,0
WBGene00167575.,0,0,0
WBGene00167576.,0,0,0
WBGene00167577.,0,0,0
WBGene00167578.,0,0,0
WBGene00167579.,0,0,0
WBGene00167580.,0,0,0
WBGene00167581.,0,0,0
WBGene00167582.,0,0,0
WBGene00167583.,0,0,0
WBGene00167584.,0,0,0
WBGene00167585.,0,0,0
WBGene00167586.,0,0,0
WBGene00167587.,0,0,0
WBGene00167588.,0,0,0
WBGene00167589.,0,0,0
WBGene00167590.,0,0,0
WBGene00167591.,0,0,0
WBGene00167592.,0,0,0
WBGene00167593.,0,0,0
WBGene00167594.,0,0,0
WBGene00167595.,0,0,0
WBGene00167596.,0,0,0
WBGene00167597.,0,0,0
WBGene00167598.,0,0,0
WBGene00167599.,0,0,0
WBGene00167600.,0,0,0
WBGene00167601.,0,0,0
WBGene00167602.,0,0,0
WBGene00167603.,0,0,0
WBGene00167604.,0,0,0
WBGene00167605.,0,0,0
WBGene00167606.,0,0,0
WBGene00167607.,0,0,0
WBGene00167608.,0,0,0
WBGene00167609.,0,0,0
WBGene00167610.,0,0,0
WBGene00167611.,0,0,0
WBGene00167612.,0,0,0
WBGene00167613.,0,0,0
WBGene00167614.,0,0,0
WBGene00167615.,0,0,0
WBGene00167616.,0,0,0
WBGene00167617.,0,0,0
WBGene00167618.,0,0,0
WBGene00167619.,0,0,0
WBGene00167620.,0,0,0
WBGene00167621.,0,0,0
WBGene00167622.,0,0,0
WBGene00167623.,0,0,0
WBGene00167624.,0,0,0
WBGene00167625.,0,0,0
WBGene00167626.,0,0,0
WBGene00167627.,0,0,0
WBGene00167628.,0,0,0
WBGene00167629.,0,0,0
WBGene00167630.,0,0,0
WBGene00167631.,0,0,0
WBGene00167632.,0,0,0
WBGene00167633.,0,0,0
WBGene00167634.,0,0,0
WBGene00167635.,0,0,0
WBGene00167636.,0,0,0
WBGene00167637.,0,0,0
WBGene00167638.,0,0,0
WBGene00167639.,0,0,0
WBGene00167640.,0,0,0
WBGene00167641.,0,0,0
WBGene00167642.,0,0,0
WBGene00167643.,0,0,0
WBGene00167644.,0,0,0
WBGene00167645.,0,0,0
WBGene00167646.,0,0,0
WBGene00167647.,0,0,0
WBGene00167648.,0,0,0
WBGene00167649.,0,0,0
WBGene00167650.,0,0,0
WBGene00167651.,0,0,0
WBGene00167652.,0,0,0
WBGene00167653.,0,0,0
WBGene00167654.,0,0,0
WBGene00167655.,0,0,0
WBGene00167656.,0,0,0
WBGene00167657.,0,0,0
WBGene00167658.,0,0,0
WBGene00167659.,0,0,0
WBGene00167660.,0,0,0
WBGene00167661.,0,0,0
WBGene00167662.,0,0,0
WBGene00167663.,0,0,0
WBGene00167664.,0,0,0
WBGene00167665.,0,0,0
WBGene00167666.,0,0,0
WBGene00167667.,0,0,0
WBGene00167668.,0,0,0
WBGene00167669.,0,0,0
WBGene00167670.,0,0,0
WBGene00167671.,0,0,0
WBGene00167672.,0,0,0
WBGene00167673.,0,0,0
WBGene00167674.,0,0,0
WBGene00167675.,0,0,0
WBGene00167676.,0,0,0
WBGene00167677.,0,0,0
WBGene00167678.,0,0,0
WBGene00167679.,0,0,0
WBGene00167680.,0,0,0
WBGene00167681.,0,0,0
WBGene00167682.,0,0,0
WBGene00167683.,0,0,0
WBGene00167684.,0,0,0
WBGene00167685.,0,0,0
WBGene00167686.,0,0,0
WBGene00167687.,0,0,0
WBGene00167688.,0,0,0
WBGene00167689.,0,0,0
WBGene00167690.,0,0,0
WBGene00167691.,0,0,0
WBGene00167692.,0,0,0
WBGene00167693.,0,0,0
WBGene00167694.,0,0,0
WBGene00167695.,0,0,0
WBGene00167696.,0,0,0
WBGene00167697.,0,0,0
WBGene00167698.,0,0,0
WBGene00167699.,0,0,0
WBGene00167700.,0,0,0
WBGene00167701.,0,0,0
WBGene00167702.,0,0,0
WBGene00167703.,0,0,0
WBGene00167704.,0,0,0
WBGene00167705.,0,0,0
WBGene00167706.,0,0,0
WBGene00167707.,0,0,0
WBGene00167708.,0,0,0
WBGene00167709.,0,0,0
WBGene00167710.,0,0,0
WBGene00167711.,0,0,0
WBGene00167712.,0,0,0
WBGene00167713.,0,0,0
WBGene00167714.,0,0,0
WBGene00167715.,0,0,0
WBGene00167716.,0,0,0
WBGene00167717.,0,0,0
WBGene00167718.,0,0,0
WBGene00167719.,0,0,0
WBGene00167720.,0,0,0
WBGene00167721.,0,0,0
WBGene00167722.,0,0,0
WBGene00167723.,0,0,0
WBGene00167724.,0,0,0
WBGene00167725.,0,0,0
WBGene00167726.,0,0,0
WBGene00167727.,0,0,0
WBGene00167728.,0,0,0
WBGene00167729.,0,0,0
WBGene00167730.,0,0,0
WBGene00167731.,0,0,0
WBGene00167732.,0,0,0
WBGene00167733.,0,0,0
WBGene00167734.,0,0,0
WBGene00167735.,0,0,0
WBGene00167736.,0,0,0
WBGene00167737.,0,0,0
WBGene00167738.,0,0,0
WBGene00167739.,0,0,0
WBGene00167740.,0,0,0
WBGene00167741.,0,0,0
WBGene00167742.,0,0,0
WBGene00167743.,0,0,0
WBGene00167744.,0,0,0
WBGene00167745.,0,0,0
WBGene00167746.,0,0,0
WBGene00167747.,0,0,0
WBGene00167748.,0,0,0
WBGene00167749.,0,0,0
WBGene00167750.,0,0,0
WBGene00167751.,0,0,0
WBGene00167752.,0,0,0
WBGene00167753.,0,0,0
WBGene00167754.,0,0,0
WBGene00167755.,0,0,0
WBGene00167756.,0,0,0
WBGene00167757.,0,0,0
WBGene00167758.,0,0,0
WBGene00167759.,0,0,0
WBGene00167760.,0,0,0
WBGene00167761.,0,0,0
WBGene00167762.,0,0,0
WBGene00167763.,0,0,0
WBGene00167764.,0,0,0
WBGene00167765.,0,0,0
WBGene00167766.,0,0,0
WBGene00167767.,0,0,0
WBGene00167768.,0,0,0
WBGene00167769.,0,0,0
WBGene00167770.,0,0,0
WBGene00167771.,0,0,0
WBGene00167772.,0,0,0
WBGene00167773.,0,0,0
WBGene00167774.,0,0,0
WBGene00167775.,0,0,0
WBGene00167776.,0,0,0
WBGene00167777.,0,0,0
WBGene00167778.,0,0,0
WBGene00167779.,0,0,0
WBGene00167780.,0,0,0
WBGene00167781.,0,0,0
WBGene00167782.,0,0,0
WBGene00167783.,0,0,0
WBGene00167784.,0,0,0
WBGene00167785.,0,0,0
WBGene00167786.,0,0,0
WBGene00167787.,0,0,0
WBGene00167788.,0,0,0
WBGene00167789.,0,0,0
WBGene00167790.,0,0,0
WBGene00167791.,0,0,0
WBGene00167792.,0,0,0
WBGene00167793.,0,0,0
WBGene00167794.,0,0,0
WBGene00167795.,0,0,0
WBGene00167796.,0,0,0
WBGene00167797.,0,0,0
WBGene00167799.,0,0,0
WBGene00167800.,0,0,0
WBGene00167801.,0,0,0
WBGene00167802.,0,0,0
WBGene00167803.,0,0,0
WBGene00167804.,0,0,0
WBGene00167805.,0,0,0
WBGene00167806.,0,0,0
WBGene00167807.,0,0,0
WBGene00167808.,0,0,0
WBGene00167809.,0,0,0
WBGene00167810.,0,0,0
WBGene00167811.,0,0,0
WBGene00167812.,0,0,0
WBGene00167813.,0,0,0
WBGene00167814.,0,0,0
WBGene00167815.,0,0,0
WBGene00167816.,0,0,0
WBGene00167817.,0,0,0
WBGene00167818.,0,0,0
WBGene00167819.,0,0,0
WBGene00167820.,0,0,0
WBGene00167821.,0,0,0
WBGene00167822.,0,0,0
WBGene00167823.,0,0,0
WBGene00167824.,0,0,0
WBGene00167825.,0,0,0
WBGene00167826.,0,0,0
WBGene00167827.,0,0,0
WBGene00167828.,0,0,0
WBGene00167829.,0,0,0
WBGene00167830.,0,0,0
WBGene00167831.,0,0,0
WBGene00167832.,0,0,0
WBGene00167833.,0,0,0
WBGene00167834.,0,0,0
WBGene00167835.,0,0,0
WBGene00167836.,0,0,0
WBGene00167837.,0,0,0
WBGene00167838.,0,0,0
WBGene00167839.,0,0,0
WBGene00167840.,0,0,0
WBGene00167841.,0,0,0
WBGene00167842.,0,0,0
WBGene00167843.,0,0,0
WBGene00167845.,0,0,0
WBGene00167846.,0,0,0
WBGene00167847.,0,0,0
WBGene00167848.,0,0,0
WBGene00167849.,0,0,0
WBGene00167850.,0,0,0
WBGene00167851.,0,0,0
WBGene00167852.,0,0,0
WBGene00167853.,0,0,0
WBGene00167854.,0,0,0
WBGene00167855.,0,0,0
WBGene00167856.,0,0,0
WBGene00167857.,0,0,0
WBGene00167858.,0,0,0
WBGene00167859.,0,0,0
WBGene00167860.,0,0,0
WBGene00167861.,0,0,0
WBGene00167862.,0,0,0
WBGene00167863.,0,0,0
WBGene00167864.,0,0,0
WBGene00167865.,0,0,0
WBGene00167866.,0,0,0
WBGene00167867.,0,0,0
WBGene00167868.,0,0,0
WBGene00167869.,0,0,0
WBGene00167870.,0,0,0
WBGene00167871.,0,0,0
WBGene00167872.,0,0,0
WBGene00167873.,0,0,0
WBGene00167874.,0,0,0
WBGene00167875.,0,0,0
WBGene00167876.,0,0,0
WBGene00167877.,0,0,0
WBGene00167878.,0,0,0
WBGene00167879.,0,0,0
WBGene00167880.,0,0,0
WBGene00167881.,0,0,0
WBGene00167882.,0,0,0
WBGene00167883.,0,0,0
WBGene00167884.,0,0,0
WBGene00167885.,0,0,0
WBGene00167886.,0,0,0
WBGene00167887.,0,0,0
WBGene00167888.,0,0,0
WBGene00167889.,0,0,0
WBGene00167890.,0,0,0
WBGene00167891.,0,0,0
WBGene00167892.,0,0,0
WBGene00167893.,0,0,0
WBGene00167894.,0,0,0
WBGene00167895.,0,0,0
WBGene00167896.,0,0,0
WBGene00167897.,0,0,0
WBGene00167898.,0,0,0
WBGene00167899.,0,0,0
WBGene00167900.,0,0,0
WBGene00167901.,0,0,0
WBGene00167902.,0,0,0
WBGene00167903.,0,0,0
WBGene00167904.,0,0,0
WBGene00167905.,0,0,0
WBGene00167906.,0,0,0
WBGene00167907.,0,0,0
WBGene00167908.,0,0,0
WBGene00167909.,0,0,0
WBGene00167910.,0,0,0
WBGene00167911.,0,0,0
WBGene00167912.,0,0,0
WBGene00167913.,0,0,0
WBGene00167914.,0,0,0
WBGene00167915.,0,0,0
WBGene00167916.,0,0,0
WBGene00167917.,0,0,0
WBGene00167918.,0,0,0
WBGene00167919.,0,0,0
WBGene00167920.,0,0,0
WBGene00167921.,0,0,0
WBGene00167922.,0,0,0
WBGene00167923.,0,0,0
WBGene00167924.,0,0,0
WBGene00167925.,0,0,0
WBGene00167926.,0,0,0
WBGene00167927.,0,0,0
WBGene00167928.,0,0,0
WBGene00167929.,0,0,0
WBGene00167930.,0,0,0
WBGene00167931.,0,0,0
WBGene00167932.,0,0,0
WBGene00167933.,0,0,0
WBGene00167934.,0,0,0
WBGene00167935.,0,0,0
WBGene00167936.,0,0,0
WBGene00167937.,0,0,0
WBGene00167938.,0,0,0
WBGene00167939.,0,0,0
WBGene00167940.,0,0,0
WBGene00167941.,0,0,0
WBGene00167942.,0,0,0
WBGene00167943.,0,0,0
WBGene00167944.,0,0,0
WBGene00167945.,0,0,0
WBGene00167946.,0,0,0
WBGene00167947.,0,0,0
WBGene00167948.,0,0,0
WBGene00167949.,0,0,0
WBGene00167950.,0,0,0
WBGene00167951.,0,0,0
WBGene00167952.,0,0,0
WBGene00167953.,0,0,0
WBGene00167954.,0,0,0
WBGene00167955.,0,0,0
WBGene00167956.,0,0,0
WBGene00167957.,0,0,0
WBGene00167958.,0,0,0
WBGene00167959.,0,0,0
WBGene00167960.,0,0,0
WBGene00167961.,0,0,0
WBGene00167962.,0,0,0
WBGene00167963.,0,0,0
WBGene00167964.,0,0,0
WBGene00167965.,0,0,0
WBGene00167966.,0,0,0
WBGene00167967.,0,0,0
WBGene00167968.,0,0,0
WBGene00167969.,0,0,0
WBGene00167970.,0,0,0
WBGene00167971.,0,0,0
WBGene00167972.,0,0,0
WBGene00167973.,0,0,0
WBGene00167974.,0,0,0
WBGene00167975.,0,0,0
WBGene00167976.,0,0,0
WBGene00167977.,0,0,0
WBGene00167978.,0,0,0
WBGene00167979.,0,0,0
WBGene00167980.,0,0,0
WBGene00167981.,0,0,0
WBGene00167982.,0,0,0
WBGene00167983.,0,0,0
WBGene00167984.,0,0,0
WBGene00167985.,0,0,0
WBGene00167986.,0,0,0
WBGene00167987.,0,0,0
WBGene00167988.,0,0,0
WBGene00167989.,0,0,0
WBGene00167990.,0,0,0
WBGene00167991.,0,0,0
WBGene00167992.,0,0,0
WBGene00167993.,0,0,0
WBGene00167994.,0,0,0
WBGene00167995.,0,0,0
WBGene00167996.,0,0,0
WBGene00167997.,0,0,0
WBGene00167998.,0,0,0
WBGene00167999.,0,0,0
WBGene00168000.,0,0,0
WBGene00168001.,0,0,0
WBGene00168002.,0,0,0
WBGene00168003.,0,0,0
WBGene00168004.,0,0,0
WBGene00168005.,0,0,0
WBGene00168006.,0,0,0
WBGene00168007.,0,0,0
WBGene00168008.,0,0,0
WBGene00168009.,0,0,0
WBGene00168010.,0,0,0
WBGene00168011.,0,0,0
WBGene00168012.,0,0,0
WBGene00168013.,0,0,0
WBGene00168014.,0,0,0
WBGene00168015.,0,0,0
WBGene00168016.,0,0,0
WBGene00168017.,0,0,0
WBGene00168018.,0,0,0
WBGene00168019.,0,0,0
WBGene00168020.,0,0,0
WBGene00168021.,0,0,0
WBGene00168022.,0,0,0
WBGene00168023.,0,0,0
WBGene00168024.,0,0,0
WBGene00168025.,0,0,0
WBGene00168026.,0,0,0
WBGene00168027.,0,0,0
WBGene00168028.,0,0,0
WBGene00168029.,0,0,0
WBGene00168030.,0,0,0
WBGene00168031.,0,0,0
WBGene00168032.,0,0,0
WBGene00168033.,0,0,0
WBGene00168034.,0,0,0
WBGene00168035.,0,0,0
WBGene00168036.,0,0,0
WBGene00168037.,0,0,0
WBGene00168038.,0,0,0
WBGene00168039.,0,0,0
WBGene00168040.,0,0,0
WBGene00168041.,0,0,0
WBGene00168042.,0,0,0
WBGene00168043.,0,0,0
WBGene00168044.,0,0,0
WBGene00168045.,0,0,0
WBGene00168046.,0,0,0
WBGene00168047.,0,0,0
WBGene00168048.,0,0,0
WBGene00168049.,0,0,0
WBGene00168050.,0,0,0
WBGene00168051.,0,0,0
WBGene00168052.,0,0,0
WBGene00168053.,0,0,0
WBGene00168054.,0,0,0
WBGene00168055.,0,0,0
WBGene00168056.,0,0,0
WBGene00168057.,0,0,0
WBGene00168058.,0,0,0
WBGene00168059.,0,0,0
WBGene00168060.,0,0,0
WBGene00168061.,0,0,0
WBGene00168062.,0,0,0
WBGene00168063.,0,0,0
WBGene00168064.,0,0,0
WBGene00168065.,0,0,0
WBGene00168066.,0,0,0
WBGene00168067.,0,0,0
WBGene00168068.,0,0,0
WBGene00168069.,0,0,0
WBGene00168070.,0,0,0
WBGene00168071.,0,0,0
WBGene00168072.,0,0,0
WBGene00168073.,0,0,0
WBGene00168074.,0,0,0
WBGene00168075.,0,0,0
WBGene00168076.,0,0,0
WBGene00168077.,0,0,0
WBGene00168078.,0,0,0
WBGene00168079.,0,0,0
WBGene00168080.,0,0,0
WBGene00168081.,0,0,0
WBGene00168082.,0,0,0
WBGene00168083.,0,0,0
WBGene00168084.,0,0,0
WBGene00168085.,0,0,0
WBGene00168086.,0,0,0
WBGene00168087.,0,0,0
WBGene00168088.,0,0,0
WBGene00168089.,0,0,0
WBGene00168090.,0,0,0
WBGene00168091.,0,0,0
WBGene00168092.,0,0,0
WBGene00168093.,0,0,0
WBGene00168094.,0,0,0
WBGene00168095.,0,0,0
WBGene00168096.,0,0,0
WBGene00168097.,0,0,0
WBGene00168098.,0,0,0
WBGene00168099.,0,0,0
WBGene00168100.,0,0,0
WBGene00168101.,0,0,0
WBGene00168102.,0,0,0
WBGene00168103.,0,0,0
WBGene00168104.,0,0,0
WBGene00168105.,0,0,0
WBGene00168106.,0,0,0
WBGene00168107.,0,0,0
WBGene00168108.,0,0,0
WBGene00168109.,0,0,0
WBGene00168110.,0,0,0
WBGene00168111.,0,0,0
WBGene00168112.,0,0,0
WBGene00168113.,0,0,0
WBGene00168114.,0,0,0
WBGene00168115.,0,0,0
WBGene00168116.,0,0,0
WBGene00168117.,0,0,0
WBGene00168118.,0,0,0
WBGene00168119.,0,0,0
WBGene00168120.,0,0,0
WBGene00168121.,0,0,0
WBGene00168122.,0,0,0
WBGene00168123.,0,0,0
WBGene00168124.,0,0,0
WBGene00168125.,0,0,0
WBGene00168126.,0,0,0
WBGene00168127.,0,0,0
WBGene00168128.,0,0,0
WBGene00168129.,0,0,0
WBGene00168130.,0,0,0
WBGene00168131.,0,0,0
WBGene00168132.,0,0,0
WBGene00168133.,0,0,0
WBGene00168134.,0,0,0
WBGene00168135.,0,0,0
WBGene00168136.,0,0,0
WBGene00168137.,0,0,0
WBGene00168138.,0,0,0
WBGene00168139.,0,0,0
WBGene00168140.,0,0,0
WBGene00168141.,0,0,0
WBGene00168142.,0,0,0
WBGene00168143.,0,0,0
WBGene00168144.,0,0,0
WBGene00168145.,0,0,0
WBGene00168146.,0,0,0
WBGene00168147.,0,0,0
WBGene00168148.,0,0,0
WBGene00168149.,0,0,0
WBGene00168150.,0,0,0
WBGene00168151.,0,0,0
WBGene00168152.,0,0,0
WBGene00168153.,0,0,0
WBGene00168154.,0,0,0
WBGene00168155.,0,0,0
WBGene00168156.,0,0,0
WBGene00168157.,0,0,0
WBGene00168158.,0,0,0
WBGene00168159.,0,0,0
WBGene00168160.,0,0,0
WBGene00168161.,0,0,0
WBGene00168162.,0,0,0
WBGene00168163.,0,0,0
WBGene00168164.,0,0,0
WBGene00168165.,0,0,0
WBGene00168166.,0,0,0
WBGene00168167.,0,0,0
WBGene00168168.,0,0,0
WBGene00168169.,0,0,0
WBGene00168170.,0,0,0
WBGene00168171.,0,0,0
WBGene00168172.,0,0,0
WBGene00168173.,0,0,0
WBGene00168174.,0,0,0
WBGene00168175.,0,0,0
WBGene00168176.,0,0,0
WBGene00168177.,0,0,0
WBGene00168178.,0,0,0
WBGene00168179.,0,0,0
WBGene00168180.,0,0,0
WBGene00168181.,0,0,0
WBGene00168182.,0,0,0
WBGene00168183.,0,0,0
WBGene00168184.,0,0,0
WBGene00168185.,0,0,0
WBGene00168186.,0,0,0
WBGene00168187.,0,0,0
WBGene00168188.,0,0,0
WBGene00168189.,0,0,0
WBGene00168190.,0,0,0
WBGene00168191.,0,0,0
WBGene00168192.,0,0,0
WBGene00168193.,0,0,0
WBGene00168194.,0,0,0
WBGene00168195.,0,0,0
WBGene00168196.,0,0,0
WBGene00168197.,0,0,0
WBGene00168198.,0,0,0
WBGene00168199.,0,0,0
WBGene00168200.,0,0,0
WBGene00168201.,0,0,0
WBGene00168202.,0,0,0
WBGene00168203.,0,0,0
WBGene00168204.,0,0,0
WBGene00168205.,0,0,0
WBGene00168206.,0,0,0
WBGene00168207.,0,0,0
WBGene00168208.,0,0,0
WBGene00168209.,0,0,0
WBGene00168210.,0,0,0
WBGene00168211.,0,0,0
WBGene00168212.,0,0,0
WBGene00168213.,0,0,0
WBGene00168214.,0,0,0
WBGene00168215.,0,0,0
WBGene00168216.,0,0,0
WBGene00168217.,0,0,0
WBGene00168218.,0,0,0
WBGene00168219.,0,0,0
WBGene00168220.,0,0,0
WBGene00168221.,0,0,0
WBGene00168222.,0,0,0
WBGene00168223.,0,0,0
WBGene00168224.,0,0,0
WBGene00168225.,0,0,0
WBGene00168226.,0,0,0
WBGene00168227.,0,0,0
WBGene00168228.,0,0,0
WBGene00168229.,0,0,0
WBGene00168230.,0,0,0
WBGene00168231.,0,0,0
WBGene00168232.,0,0,0
WBGene00168233.,0,0,0
WBGene00168234.,0,0,0
WBGene00168235.,0,0,0
WBGene00168236.,0,0,0
WBGene00168237.,0,0,0
WBGene00168238.,0,0,0
WBGene00168239.,0,0,0
WBGene00168240.,0,0,0
WBGene00168241.,0,0,0
WBGene00168242.,0,0,0
WBGene00168243.,0,0,0
WBGene00168244.,0,0,0
WBGene00168245.,0,0,0
WBGene00168246.,0,0,0
WBGene00168247.,0,0,0
WBGene00168248.,0,0,0
WBGene00168249.,0,0,0
WBGene00168250.,0,0,0
WBGene00168251.,0,0,0
WBGene00168252.,0,0,0
WBGene00168253.,0,0,0
WBGene00168254.,0,0,0
WBGene00168255.,0,0,0
WBGene00168256.,0,0,0
WBGene00168257.,0,0,0
WBGene00168258.,0,0,0
WBGene00168259.,0,0,0
WBGene00168260.,0,0,0
WBGene00168261.,0,0,0
WBGene00168262.,0,0,0
WBGene00168263.,0,0,0
WBGene00168264.,0,0,0
WBGene00168265.,0,0,0
WBGene00168266.,0,0,0
WBGene00168267.,0,0,0
WBGene00168268.,0,0,0
WBGene00168269.,0,0,0
WBGene00168270.,0,0,0
WBGene00168271.,0,0,0
WBGene00168272.,0,0,0
WBGene00168273.,0,0,0
WBGene00168274.,0,0,0
WBGene00168275.,0,0,0
WBGene00168276.,0,0,0
WBGene00168277.,0,0,0
WBGene00168278.,0,0,0
WBGene00168279.,0,0,0
WBGene00168280.,0,0,0
WBGene00168281.,0,0,0
WBGene00168282.,0,0,0
WBGene00168283.,0,0,0
WBGene00168284.,0,0,0
WBGene00168285.,0,0,0
WBGene00168286.,0,0,0
WBGene00168287.,0,0,0
WBGene00168288.,0,0,0
WBGene00168289.,0,0,0
WBGene00168290.,0,0,0
WBGene00168291.,0,0,0
WBGene00168292.,0,0,0
WBGene00168293.,0,0,0
WBGene00168294.,0,0,0
WBGene00168295.,0,0,0
WBGene00168296.,0,0,0
WBGene00168297.,0,0,0
WBGene00168298.,0,0,0
WBGene00168299.,0,0,0
WBGene00168300.,0,0,0
WBGene00168301.,0,0,0
WBGene00168302.,0,0,0
WBGene00168303.,0,0,0
WBGene00168304.,0,0,0
WBGene00168305.,0,0,0
WBGene00168306.,0,0,0
WBGene00168307.,0,0,0
WBGene00168308.,0,0,0
WBGene00168309.,0,0,0
WBGene00168310.,0,0,0
WBGene00168311.,0,0,0
WBGene00168312.,0,0,0
WBGene00168313.,0,0,0
WBGene00168314.,0,0,0
WBGene00168315.,0,0,0
WBGene00168316.,0,0,0
WBGene00168317.,0,0,0
WBGene00168318.,0,0,0
WBGene00168319.,0,0,0
WBGene00168320.,0,0,0
WBGene00168321.,0,0,0
WBGene00168322.,0,0,0
WBGene00168323.,0,0,0
WBGene00168324.,0,0,0
WBGene00168325.,0,0,0
WBGene00168326.,0,0,0
WBGene00168327.,0,0,0
WBGene00168328.,0,0,0
WBGene00168329.,0,0,0
WBGene00168330.,0,0,0
WBGene00168331.,0,0,0
WBGene00168332.,0,0,0
WBGene00168333.,0,0,0
WBGene00168334.,0,0,0
WBGene00168335.,0,0,0
WBGene00168336.,0,0,0
WBGene00168337.,0,0,0
WBGene00168338.,0,0,0
WBGene00168339.,0,0,0
WBGene00168340.,0,0,0
WBGene00168341.,0,0,0
WBGene00168342.,0,0,0
WBGene00168343.,0,0,0
WBGene00168344.,0,0,0
WBGene00168345.,0,0,0
WBGene00168346.,0,0,0
WBGene00168347.,0,0,0
WBGene00168348.,0,0,0
WBGene00168349.,0,0,0
WBGene00168350.,0,0,0
WBGene00168351.,0,0,0
WBGene00168352.,0,0,0
WBGene00168353.,0,0,0
WBGene00168354.,0,0,0
WBGene00168355.,0,0,0
WBGene00168356.,0,0,0
WBGene00168357.,0,0,0
WBGene00168358.,0,0,0
WBGene00168359.,0,0,0
WBGene00168360.,0,0,0
WBGene00168361.,0,0,0
WBGene00168362.,0,0,0
WBGene00168363.,0,0,0
WBGene00168364.,0,0,0
WBGene00168365.,0,0,0
WBGene00168366.,0,0,0
WBGene00168367.,0,0,0
WBGene00168368.,0,0,0
WBGene00168369.,0,0,0
WBGene00168370.,0,0,0
WBGene00168371.,0,0,0
WBGene00168372.,0,0,0
WBGene00168373.,0,0,0
WBGene00168374.,0,0,0
WBGene00168375.,0,0,0
WBGene00168376.,0,0,0
WBGene00168377.,0,0,0
WBGene00168378.,0,0,0
WBGene00168379.,0,0,0
WBGene00168380.,0,0,0
WBGene00168381.,0,0,0
WBGene00168382.,0,0,0
WBGene00168383.,0,0,0
WBGene00168384.,0,0,0
WBGene00168385.,0,0,0
WBGene00168386.,0,0,0
WBGene00168387.,0,0,0
WBGene00168388.,0,0,0
WBGene00168389.,0,0,0
WBGene00168390.,0,0,0
WBGene00168391.,0,0,0
WBGene00168392.,0,0,0
WBGene00168393.,0,0,0
WBGene00168394.,0,0,0
WBGene00168395.,0,0,0
WBGene00168396.,0,0,0
WBGene00168397.,0,0,0
WBGene00168398.,0,0,0
WBGene00168399.,0,0,0
WBGene00168400.,0,0,0
WBGene00168401.,0,0,0
WBGene00168402.,0,0,0
WBGene00168403.,0,0,0
WBGene00168404.,0,0,0
WBGene00168405.,0,0,0
WBGene00168406.,0,0,0
WBGene00168407.,0,0,0
WBGene00168408.,0,0,0
WBGene00168409.,0,0,0
WBGene00168410.,0,0,0
WBGene00168411.,0,0,0
WBGene00168412.,0,0,0
WBGene00168413.,0,0,0
WBGene00168414.,0,0,0
WBGene00168415.,0,0,0
WBGene00168416.,0,0,0
WBGene00168417.,0,0,0
WBGene00168418.,0,0,0
WBGene00168419.,0,0,0
WBGene00168420.,0,0,0
WBGene00168421.,0,0,0
WBGene00168422.,0,0,0
WBGene00168423.,0,0,0
WBGene00168424.,0,0,0
WBGene00168425.,0,0,0
WBGene00168426.,0,0,0
WBGene00168427.,0,0,0
WBGene00168428.,0,0,0
WBGene00168429.,0,0,0
WBGene00168430.,0,0,0
WBGene00168431.,0,0,0
WBGene00168432.,0,0,0
WBGene00168433.,0,0,0
WBGene00168434.,0,0,0
WBGene00168435.,0,0,0
WBGene00168436.,0,0,0
WBGene00168437.,0,0,0
WBGene00168438.,0,0,0
WBGene00168439.,0,0,0
WBGene00168440.,0,0,0
WBGene00168441.,0,0,0
WBGene00168442.,0,0,0
WBGene00168443.,0,0,0
WBGene00168444.,0,0,0
WBGene00168445.,0,0,0
WBGene00168446.,0,0,0
WBGene00168447.,0,0,0
WBGene00168448.,0,0,0
WBGene00168449.,0,0,0
WBGene00168450.,0,0,0
WBGene00168451.,0,0,0
WBGene00168452.,0,0,0
WBGene00168453.,0,0,0
WBGene00168454.,0,0,0
WBGene00168455.,0,0,0
WBGene00168456.,0,0,0
WBGene00168457.,0,0,0
WBGene00168458.,0,0,0
WBGene00168459.,0,0,0
WBGene00168460.,0,0,0
WBGene00168461.,0,0,0
WBGene00168462.,0,0,0
WBGene00168463.,0,0,0
WBGene00168464.,0,0,0
WBGene00168465.,0,0,0
WBGene00168466.,0,0,0
WBGene00168467.,0,0,0
WBGene00168468.,0,0,0
WBGene00168469.,0,0,0
WBGene00168470.,0,0,0
WBGene00168472.,0,0,0
WBGene00168473.,0,0,0
WBGene00168474.,0,0,0
WBGene00168475.,0,0,0
WBGene00168476.,0,0,0
WBGene00168477.,0,0,0
WBGene00168478.,0,0,0
WBGene00168479.,0,0,0
WBGene00168480.,0,0,0
WBGene00168481.,0,0,0
WBGene00168482.,0,0,0
WBGene00168483.,0,0,0
WBGene00168484.,0,0,0
WBGene00168485.,0,0,0
WBGene00168486.,0,0,0
WBGene00168487.,0,0,0
WBGene00168488.,0,0,0
WBGene00168489.,0,0,0
WBGene00168490.,0,0,0
WBGene00168491.,0,0,0
WBGene00168492.,0,0,0
WBGene00168493.,0,0,0
WBGene00168494.,0,0,0
WBGene00168495.,0,0,0
WBGene00168496.,0,0,0
WBGene00168497.,0,0,0
WBGene00168498.,0,0,0
WBGene00168499.,0,0,0
WBGene00168500.,0,0,0
WBGene00168501.,0,0,0
WBGene00168502.,0,0,0
WBGene00168503.,0,0,0
WBGene00168504.,0,0,0
WBGene00168505.,0,0,0
WBGene00168506.,0,0,0
WBGene00168507.,0,0,0
WBGene00168508.,0,0,0
WBGene00168509.,0,0,0
WBGene00168510.,0,0,0
WBGene00168511.,0,0,0
WBGene00168512.,0,0,0
WBGene00168513.,0,0,0
WBGene00168514.,0,0,0
WBGene00168515.,0,0,0
WBGene00168516.,0,0,0
WBGene00168517.,0,0,0
WBGene00168518.,0,0,0
WBGene00168519.,0,0,0
WBGene00168520.,0,0,0
WBGene00168521.,0,0,0
WBGene00168522.,0,0,0
WBGene00168523.,0,0,0
WBGene00168524.,0,0,0
WBGene00168525.,0,0,0
WBGene00168526.,0,0,0
WBGene00168527.,0,0,0
WBGene00168528.,0,0,0
WBGene00168529.,0,0,0
WBGene00168530.,0,0,0
WBGene00168531.,0,0,0
WBGene00168532.,0,0,0
WBGene00168533.,0,0,0
WBGene00168534.,0,0,0
WBGene00168535.,0,0,0
WBGene00168536.,0,0,0
WBGene00168537.,0,0,0
WBGene00168538.,0,0,0
WBGene00168539.,0,0,0
WBGene00168540.,0,0,0
WBGene00168541.,0,0,0
WBGene00168542.,0,0,0
WBGene00168543.,0,0,0
WBGene00168544.,0,0,0
WBGene00168545.,0,0,0
WBGene00168546.,0,0,0
WBGene00168547.,0,0,0
WBGene00168548.,0,0,0
WBGene00168549.,0,0,0
WBGene00168550.,0,0,0
WBGene00168551.,0,0,0
WBGene00168552.,0,0,0
WBGene00168553.,0,0,0
WBGene00168554.,0,0,0
WBGene00168555.,0,0,0
WBGene00168556.,0,0,0
WBGene00168557.,0,0,0
WBGene00168558.,0,0,0
WBGene00168559.,0,0,0
WBGene00168560.,0,0,0
WBGene00168561.,0,0,0
WBGene00168562.,0,0,0
WBGene00168563.,0,0,0
WBGene00168564.,0,0,0
WBGene00168565.,0,0,0
WBGene00168566.,0,0,0
WBGene00168567.,0,0,0
WBGene00168568.,0,0,0
WBGene00168569.,0,0,0
WBGene00168570.,0,0,0
WBGene00168571.,0,0,0
WBGene00168572.,0,0,0
WBGene00168573.,0,0,0
WBGene00168574.,0,0,0
WBGene00168575.,0,0,0
WBGene00168576.,0,0,0
WBGene00168577.,0,0,0
WBGene00168578.,0,0,0
WBGene00168579.,0,0,0
WBGene00168580.,0,0,0
WBGene00168581.,0,0,0
WBGene00168582.,0,0,0
WBGene00168583.,0,0,0
WBGene00168584.,0,0,0
WBGene00168585.,0,0,0
WBGene00168586.,0,0,0
WBGene00168587.,0,0,0
WBGene00168588.,0,0,0
WBGene00168589.,0,0,0
WBGene00168590.,0,0,0
WBGene00168591.,0,0,0
WBGene00168592.,0,0,0
WBGene00168593.,0,0,0
WBGene00168594.,0,0,0
WBGene00168595.,0,0,0
WBGene00168596.,0,0,0
WBGene00168597.,0,0,0
WBGene00168598.,0,0,0
WBGene00168599.,0,0,0
WBGene00168600.,0,0,0
WBGene00168601.,0,0,0
WBGene00168602.,0,0,0
WBGene00168603.,0,0,0
WBGene00168604.,0,0,0
WBGene00168605.,0,0,0
WBGene00168606.,0,0,0
WBGene00168607.,0,0,0
WBGene00168608.,0,0,0
WBGene00168609.,0,0,0
WBGene00168610.,0,0,0
WBGene00168611.,0,0,0
WBGene00168612.,0,0,0
WBGene00168613.,0,0,0
WBGene00168614.,0,0,0
WBGene00168615.,0,0,0
WBGene00168616.,0,0,0
WBGene00168617.,0,0,0
WBGene00168618.,0,0,0
WBGene00168619.,0,0,0
WBGene00168620.,0,0,0
WBGene00168621.,0,0,0
WBGene00168622.,0,0,0
WBGene00168623.,0,0,0
WBGene00168624.,0,0,0
WBGene00168625.,0,0,0
WBGene00168626.,0,0,0
WBGene00168627.,0,0,0
WBGene00168628.,0,0,0
WBGene00168629.,0,0,0
WBGene00168630.,0,0,0
WBGene00168631.,0,0,0
WBGene00168632.,0,0,0
WBGene00168633.,0,0,0
WBGene00168634.,0,0,0
WBGene00168635.,0,0,0
WBGene00168636.,0,0,0
WBGene00168637.,0,0,0
WBGene00168638.,0,0,0
WBGene00168639.,0,0,0
WBGene00168640.,0,0,0
WBGene00168641.,0,0,0
WBGene00168642.,0,0,0
WBGene00168643.,0,0,0
WBGene00168644.,0,0,0
WBGene00168645.,0,0,0
WBGene00168646.,0,0,0
WBGene00168647.,0,0,0
WBGene00168648.,0,0,0
WBGene00168649.,0,0,0
WBGene00168650.,0,0,0
WBGene00168651.,0,0,0
WBGene00168652.,0,0,0
WBGene00168653.,0,0,0
WBGene00168654.,0,0,0
WBGene00168655.,0,0,0
WBGene00168656.,0,0,0
WBGene00168657.,0,0,0
WBGene00168658.,0,0,0
WBGene00168659.,0,0,0
WBGene00168660.,0,0,0
WBGene00168661.,0,0,0
WBGene00168662.,0,0,0
WBGene00168663.,0,0,0
WBGene00168664.,0,0,0
WBGene00168665.,0,0,0
WBGene00168666.,0,0,0
WBGene00168667.,0,0,0
WBGene00168668.,0,0,0
WBGene00168669.,0,0,0
WBGene00168670.,0,0,0
WBGene00168671.,0,0,0
WBGene00168672.,0,0,0
WBGene00168673.,0,0,0
WBGene00168674.,0,0,0
WBGene00168675.,0,0,0
WBGene00168676.,0,0,0
WBGene00168677.,0,0,0
WBGene00168678.,0,0,0
WBGene00168679.,0,0,0
WBGene00168680.,0,0,0
WBGene00168681.,0,0,0
WBGene00168682.,0,0,0
WBGene00168683.,0,0,0
WBGene00168684.,0,0,0
WBGene00168685.,0,0,0
WBGene00168686.,0,0,0
WBGene00168687.,0,0,0
WBGene00168688.,0,0,0
WBGene00168689.,0,0,0
WBGene00168690.,0,0,0
WBGene00168691.,0,0,0
WBGene00168692.,0,0,0
WBGene00168693.,0,0,0
WBGene00168694.,0,0,0
WBGene00168695.,0,0,0
WBGene00168696.,0,0,0
WBGene00168697.,0,0,0
WBGene00168698.,0,0,0
WBGene00168699.,0,0,0
WBGene00168700.,0,0,0
WBGene00168701.,0,0,0
WBGene00168702.,0,0,0
WBGene00168703.,0,0,0
WBGene00168704.,0,0,0
WBGene00168705.,0,0,0
WBGene00168706.,0,0,0
WBGene00168707.,0,0,0
WBGene00168708.,0,0,0
WBGene00168709.,0,0,0
WBGene00168710.,0,0,0
WBGene00168711.,0,0,0
WBGene00168712.,0,0,0
WBGene00168713.,0,0,0
WBGene00168714.,0,0,0
WBGene00168715.,0,0,0
WBGene00168716.,0,0,0
WBGene00168717.,0,0,0
WBGene00168718.,0,0,0
WBGene00168719.,0,0,0
WBGene00168720.,0,0,0
WBGene00168721.,0,0,0
WBGene00168722.,0,0,0
WBGene00168723.,0,0,0
WBGene00168724.,0,0,0
WBGene00168725.,0,0,0
WBGene00168726.,0,0,0
WBGene00168727.,0,0,0
WBGene00168728.,0,0,0
WBGene00168729.,0,0,0
WBGene00168730.,0,0,0
WBGene00168731.,0,0,0
WBGene00168732.,0,0,0
WBGene00168733.,0,0,0
WBGene00168734.,0,0,0
WBGene00168735.,0,0,0
WBGene00168736.,0,0,0
WBGene00168737.,0,0,0
WBGene00168738.,0,0,0
WBGene00168739.,0,0,0
WBGene00168740.,0,0,0
WBGene00168741.,0,0,0
WBGene00168742.,0,0,0
WBGene00168743.,0,0,0
WBGene00168744.,0,0,0
WBGene00168745.,0,0,0
WBGene00168746.,0,0,0
WBGene00168747.,0,0,0
WBGene00168748.,0,0,0
WBGene00168749.,0,0,0
WBGene00168750.,0,0,0
WBGene00168751.,0,0,0
WBGene00168752.,0,0,0
WBGene00168753.,0,0,0
WBGene00168754.,0,0,0
WBGene00168755.,0,0,0
WBGene00168756.,0,0,0
WBGene00168757.,0,0,0
WBGene00168758.,0,0,0
WBGene00168759.,0,0,0
WBGene00168760.,0,0,0
WBGene00168761.,0,0,0
WBGene00168762.,0,0,0
WBGene00168763.,0,0,0
WBGene00168764.,0,0,0
WBGene00168765.,0,0,0
WBGene00168766.,0,0,0
WBGene00168767.,0,0,0
WBGene00168768.,0,0,0
WBGene00168769.,0,0,0
WBGene00168770.,0,0,0
WBGene00168771.,0,0,0
WBGene00168772.,0,0,0
WBGene00168773.,0,0,0
WBGene00168774.,0,0,0
WBGene00168775.,0,0,0
WBGene00168776.,0,0,0
WBGene00168777.,0,0,0
WBGene00168778.,0,0,0
WBGene00168779.,0,0,0
WBGene00168780.,0,0,0
WBGene00168781.,0,0,0
WBGene00168782.,0,0,0
WBGene00168783.,0,0,0
WBGene00168784.,0,0,0
WBGene00168785.,0,0,0
WBGene00168786.,0,0,0
WBGene00168787.,0,0,0
WBGene00168788.,0,0,0
WBGene00168789.,0,0,0
WBGene00168790.,0,0,0
WBGene00168791.,0,0,0
WBGene00168792.,0,0,0
WBGene00168793.,0,0,0
WBGene00168794.,0,0,0
WBGene00168795.,0,0,0
WBGene00168796.,0,0,0
WBGene00168797.,0,0,0
WBGene00168798.,0,0,0
WBGene00168799.,0,0,0
WBGene00168800.,0,0,0
WBGene00168801.,0,0,0
WBGene00168802.,0,0,0
WBGene00168803.,0,0,0
WBGene00168804.,0,0,0
WBGene00168805.,0,0,0
WBGene00168806.,0,0,0
WBGene00168807.,0,0,0
WBGene00168808.,0,0,0
WBGene00168809.,0,0,0
WBGene00168810.,0,0,0
WBGene00168811.,0,0,0
WBGene00168812.,0,0,0
WBGene00168813.,0,0,0
WBGene00168814.,0,0,0
WBGene00168815.,0,0,0
WBGene00168816.,0,0,0
WBGene00168817.,0,0,0
WBGene00168818.,0,0,0
WBGene00168819.,0,0,0
WBGene00168820.,0,0,0
WBGene00168821.,0,0,0
WBGene00168822.,0,0,0
WBGene00168823.,0,0,0
WBGene00168824.,0,0,0
WBGene00168825.,0,0,0
WBGene00168826.,0,0,0
WBGene00168827.,0,0,0
WBGene00168828.,0,0,0
WBGene00168829.,0,0,0
WBGene00168830.,0,0,0
WBGene00168831.,0,0,0
WBGene00168832.,0,0,0
WBGene00168833.,0,0,0
WBGene00168834.,0,0,0
WBGene00168835.,0,0,0
WBGene00168836.,0,0,0
WBGene00168837.,0,0,0
WBGene00168838.,0,0,0
WBGene00168839.,0,0,0
WBGene00168840.,0,0,0
WBGene00168841.,0,0,0
WBGene00168842.,0,0,0
WBGene00168843.,0,0,0
WBGene00168844.,0,0,0
WBGene00168845.,0,0,0
WBGene00168846.,0,0,0
WBGene00168847.,0,0,0
WBGene00168848.,0,0,0
WBGene00168849.,0,0,0
WBGene00168850.,0,0,0
WBGene00168851.,0,0,0
WBGene00168852.,0,0,0
WBGene00168853.,0,0,0
WBGene00168854.,0,0,0
WBGene00168855.,0,0,0
WBGene00168856.,0,0,0
WBGene00168857.,0,0,0
WBGene00168858.,0,0,0
WBGene00168859.,0,0,0
WBGene00168860.,0,0,0
WBGene00168861.,0,0,0
WBGene00168862.,0,0,0
WBGene00168863.,0,0,0
WBGene00168864.,0,0,0
WBGene00168865.,0,0,0
WBGene00168866.,0,0,0
WBGene00168867.,0,0,0
WBGene00168868.,0,0,0
WBGene00168869.,0,0,0
WBGene00168870.,0,0,0
WBGene00168871.,0,0,0
WBGene00168872.,0,0,0
WBGene00168873.,0,0,0
WBGene00168874.,0,0,0
WBGene00168875.,0,0,0
WBGene00168876.,0,0,0
WBGene00168877.,0,0,0
WBGene00168878.,0,0,0
WBGene00168879.,0,0,0
WBGene00168880.,0,0,0
WBGene00168881.,0,0,0
WBGene00168882.,0,0,0
WBGene00168883.,0,0,0
WBGene00168884.,0,0,0
WBGene00168885.,0,0,0
WBGene00168886.,0,0,0
WBGene00168887.,0,0,0
WBGene00168888.,0,0,0
WBGene00168889.,0,0,0
WBGene00168890.,0,0,0
WBGene00168891.,0,0,0
WBGene00168892.,0,0,0
WBGene00168893.,0,0,0
WBGene00168894.,0,0,0
WBGene00168895.,0,0,0
WBGene00168896.,0,0,0
WBGene00168897.,0,0,0
WBGene00168898.,0,0,0
WBGene00168899.,0,0,0
WBGene00168900.,0,0,0
WBGene00168901.,0,0,0
WBGene00168902.,0,0,0
WBGene00168903.,0,0,0
WBGene00168904.,0,0,0
WBGene00168905.,0,0,0
WBGene00168906.,0,0,0
WBGene00168907.,0,0,0
WBGene00168908.,0,0,0
WBGene00168909.,0,0,0
WBGene00168910.,0,0,0
WBGene00168911.,0,0,0
WBGene00168912.,0,0,0
WBGene00168913.,0,0,0
WBGene00168914.,0,0,0
WBGene00168915.,0,0,0
WBGene00168916.,0,0,0
WBGene00168917.,0,0,0
WBGene00168918.,0,0,0
WBGene00168919.,0,0,0
WBGene00168920.,0,0,0
WBGene00168921.,0,0,0
WBGene00168922.,0,0,0
WBGene00168923.,0,0,0
WBGene00168924.,0,0,0
WBGene00168925.,0,0,0
WBGene00168926.,0,0,0
WBGene00168927.,0,0,0
WBGene00168928.,0,0,0
WBGene00168929.,0,0,0
WBGene00168930.,0,0,0
WBGene00168931.,0,0,0
WBGene00168932.,0,0,0
WBGene00168933.,0,0,0
WBGene00168934.,0,0,0
WBGene00168935.,0,0,0
WBGene00168936.,0,0,0
WBGene00168937.,0,0,0
WBGene00168938.,0,0,0
WBGene00168939.,0,0,0
WBGene00168940.,0,0,0
WBGene00168941.,0,0,0
WBGene00168942.,0,0,0
WBGene00168943.,0,0,0
WBGene00168944.,0,0,0
WBGene00168945.,0,0,0
WBGene00168946.,0,0,0
WBGene00168947.,0,0,0
WBGene00168948.,0,0,0
WBGene00168949.,0,0,0
WBGene00168950.,0,0,0
WBGene00168951.,0,0,0
WBGene00168952.,0,0,0
WBGene00168953.,0,0,0
WBGene00168954.,0,0,0
WBGene00168955.,0,0,0
WBGene00168956.,0,0,0
WBGene00168957.,0,0,0
WBGene00168958.,0,0,0
WBGene00168959.,0,0,0
WBGene00168960.,0,0,0
WBGene00168961.,0,0,0
WBGene00168962.,0,0,0
WBGene00168963.,0,0,0
WBGene00168964.,0,0,0
WBGene00168965.,0,0,0
WBGene00168966.,0,0,0
WBGene00168967.,0,0,0
WBGene00168968.,0,0,0
WBGene00168969.,0,0,0
WBGene00168970.,0,0,0
WBGene00168971.,0,0,0
WBGene00168972.,0,0,0
WBGene00168973.,0,0,0
WBGene00168974.,0,0,0
WBGene00168975.,0,0,0
WBGene00168976.,0,0,0
WBGene00168977.,0,0,0
WBGene00168978.,0,0,0
WBGene00168979.,0,0,0
WBGene00168980.,0,0,0
WBGene00168981.,0,0,0
WBGene00168982.,0,0,0
WBGene00168983.,0,0,0
WBGene00168984.,0,0,0
WBGene00168985.,0,0,0
WBGene00168986.,0,0,0
WBGene00168987.,0,0,0
WBGene00168988.,0,0,0
WBGene00168989.,0,0,0
WBGene00168990.,0,0,0
WBGene00168991.,0,0,0
WBGene00168992.,0,0,0
WBGene00168993.,0,0,0
WBGene00168994.,0,0,0
WBGene00168995.,0,0,0
WBGene00168996.,0,0,0
WBGene00168997.,0,0,0
WBGene00168998.,0,0,0
WBGene00168999.,0,0,0
WBGene00169000.,0,0,0
WBGene00169001.,0,0,0
WBGene00169002.,0,0,0
WBGene00169003.,0,0,0
WBGene00169004.,0,0,0
WBGene00169005.,0,0,0
WBGene00169006.,0,0,0
WBGene00169007.,0,0,0
WBGene00169008.,0,0,0
WBGene00169009.,0,0,0
WBGene00169010.,0,0,0
WBGene00169011.,0,0,0
WBGene00169012.,0,0,0
WBGene00169013.,0,0,0
WBGene00169014.,0,0,0
WBGene00169015.,0,0,0
WBGene00169016.,0,0,0
WBGene00169017.,0,0,0
WBGene00169018.,0,0,0
WBGene00169019.,0,0,0
WBGene00169020.,0,0,0
WBGene00169021.,0,0,0
WBGene00169022.,0,0,0
WBGene00169023.,0,0,0
WBGene00169024.,0,0,0
WBGene00169025.,0,0,0
WBGene00169026.,0,0,0
WBGene00169027.,0,0,0
WBGene00169028.,0,0,0
WBGene00169029.,0,0,0
WBGene00169030.,0,0,0
WBGene00169031.,0,0,0
WBGene00169032.,0,0,0
WBGene00169033.,0,0,0
WBGene00169034.,0,0,0
WBGene00169035.,0,0,0
WBGene00169036.,0,0,0
WBGene00169037.,0,0,0
WBGene00169038.,0,0,0
WBGene00169039.,0,0,0
WBGene00169040.,0,0,0
WBGene00169041.,0,0,0
WBGene00169042.,0,0,0
WBGene00169043.,0,0,0
WBGene00169044.,0,0,0
WBGene00169045.,0,0,0
WBGene00169046.,0,0,0
WBGene00169047.,0,0,0
WBGene00169048.,0,0,0
WBGene00169049.,0,0,0
WBGene00169050.,0,0,0
WBGene00169051.,0,0,0
WBGene00169052.,0,0,0
WBGene00169053.,0,0,0
WBGene00169054.,0,0,0
WBGene00169055.,0,0,0
WBGene00169056.,0,0,0
WBGene00169057.,0,0,0
WBGene00169058.,0,0,0
WBGene00169059.,0,0,0
WBGene00169060.,0,0,0
WBGene00169061.,0,0,0
WBGene00169062.,0,0,0
WBGene00169063.,0,0,0
WBGene00169064.,0,0,0
WBGene00169065.,0,0,0
WBGene00169066.,0,0,0
WBGene00169067.,0,0,0
WBGene00169068.,0,0,0
WBGene00169069.,0,0,0
WBGene00169070.,0,0,0
WBGene00169071.,0,0,0
WBGene00169072.,0,0,0
WBGene00169073.,0,0,0
WBGene00169074.,0,0,0
WBGene00169075.,0,0,0
WBGene00169076.,0,0,0
WBGene00169077.,0,0,0
WBGene00169078.,0,0,0
WBGene00169079.,0,0,0
WBGene00169080.,0,0,0
WBGene00169081.,0,0,0
WBGene00169082.,0,0,0
WBGene00169083.,0,0,0
WBGene00169084.,0,0,0
WBGene00169085.,0,0,0
WBGene00169086.,0,0,0
WBGene00169087.,0,0,0
WBGene00169088.,0,0,0
WBGene00169089.,0,0,0
WBGene00169090.,0,0,0
WBGene00169091.,0,0,0
WBGene00169092.,0,0,0
WBGene00169093.,0,0,0
WBGene00169094.,0,0,0
WBGene00169095.,0,0,0
WBGene00169096.,0,0,0
WBGene00169097.,0,0,0
WBGene00169098.,0,0,0
WBGene00169099.,0,0,0
WBGene00169100.,0,0,0
WBGene00169101.,0,0,0
WBGene00169102.,0,0,0
WBGene00169103.,0,0,0
WBGene00169104.,0,0,0
WBGene00169105.,0,0,0
WBGene00169106.,0,0,0
WBGene00169107.,0,0,0
WBGene00169108.,0,0,0
WBGene00169109.,0,0,0
WBGene00169110.,0,0,0
WBGene00169111.,0,0,0
WBGene00169112.,0,0,0
WBGene00169113.,0,0,0
WBGene00169114.,0,0,0
WBGene00169115.,0,0,0
WBGene00169116.,0,0,0
WBGene00169117.,0,0,0
WBGene00169118.,0,0,0
WBGene00169119.,0,0,0
WBGene00169120.,0,0,0
WBGene00169121.,0,0,0
WBGene00169122.,0,0,0
WBGene00169123.,0,0,0
WBGene00169124.,0,0,0
WBGene00169125.,0,0,0
WBGene00169126.,0,0,0
WBGene00169127.,0,0,0
WBGene00169128.,0,0,0
WBGene00169129.,0,0,0
WBGene00169130.,0,0,0
WBGene00169131.,0,0,0
WBGene00169132.,0,0,0
WBGene00169133.,0,0,0
WBGene00169134.,0,0,0
WBGene00169135.,0,0,0
WBGene00169136.,0,0,0
WBGene00169137.,0,0,0
WBGene00169138.,0,0,0
WBGene00169139.,0,0,0
WBGene00169140.,0,0,0
WBGene00169141.,0,0,0
WBGene00169142.,0,0,0
WBGene00169143.,0,0,0
WBGene00169144.,0,0,0
WBGene00169145.,0,0,0
WBGene00169146.,0,0,0
WBGene00169147.,0,0,0
WBGene00169148.,0,0,0
WBGene00169149.,0,0,0
WBGene00169150.,0,0,0
WBGene00169151.,0,0,0
WBGene00169152.,0,0,0
WBGene00169153.,0,0,0
WBGene00169154.,0,0,0
WBGene00169155.,0,0,0
WBGene00169156.,0,0,0
WBGene00169157.,0,0,0
WBGene00169158.,0,0,0
WBGene00169159.,0,0,0
WBGene00169160.,0,0,0
WBGene00169161.,0,0,0
WBGene00169162.,0,0,0
WBGene00169163.,0,0,0
WBGene00169164.,0,0,0
WBGene00169165.,0,0,0
WBGene00169166.,0,0,0
WBGene00169167.,0,0,0
WBGene00169168.,0,0,0
WBGene00169169.,0,0,0
WBGene00169170.,0,0,0
WBGene00169171.,0,0,0
WBGene00169172.,0,0,0
WBGene00169173.,0,0,0
WBGene00169174.,0,0,0
WBGene00169175.,0,0,0
WBGene00169176.,0,0,0
WBGene00169177.,0,0,0
WBGene00169178.,0,0,0
WBGene00169179.,0,0,0
WBGene00169180.,0,0,0
WBGene00169181.,0,0,0
WBGene00169182.,0,0,0
WBGene00169183.,0,0,0
WBGene00169184.,0,0,0
WBGene00169185.,0,0,0
WBGene00169186.,0,0,0
WBGene00169187.,0,0,0
WBGene00169188.,0,0,0
WBGene00169189.,0,0,0
WBGene00169190.,0,0,0
WBGene00169191.,0,0,0
WBGene00169192.,0,0,0
WBGene00169193.,0,0,0
WBGene00169194.,0,0,0
WBGene00169195.,0,0,0
WBGene00169196.,0,0,0
WBGene00169197.,0,0,0
WBGene00169198.,0,0,0
WBGene00169199.,0,0,0
WBGene00169200.,0,0,0
WBGene00169201.,0,0,0
WBGene00169202.,0,0,0
WBGene00169203.,0,0,0
WBGene00169204.,0,0,0
WBGene00169205.,0,0,0
WBGene00169206.,0,0,0
WBGene00169207.,0,0,0
WBGene00169208.,0,0,0
WBGene00169209.,0,0,0
WBGene00169210.,0,0,0
WBGene00169211.,0,0,0
WBGene00169212.,0,0,0
WBGene00169213.,0,0,0
WBGene00169214.,0,0,0
WBGene00169215.,0,0,0
WBGene00169216.,0,0,0
WBGene00169217.,0,0,0
WBGene00169218.,0,0,0
WBGene00169219.,0,0,0
WBGene00169220.,0,0,0
WBGene00169221.,0,0,0
WBGene00169222.,0,0,0
WBGene00169223.,0,0,0
WBGene00169224.,0,0,0
WBGene00169225.,0,0,0
WBGene00169226.,0,0,0
WBGene00169227.,0,0,0
WBGene00169228.,0,0,0
WBGene00169229.,0,0,0
WBGene00169230.,0,0,0
WBGene00169231.,0,0,0
WBGene00169232.,0,0,0
WBGene00169233.,0,0,0
WBGene00169234.,0,0,0
WBGene00169235.,0,0,0
WBGene00169236.,0,0,0
WBGene00169237.,0,0,0
WBGene00169238.,0,0,0
WBGene00169239.,0,0,0
WBGene00169240.,0,0,0
WBGene00169242.,0,0,0
WBGene00169243.,0,0,0
WBGene00169244.,0,0,0
WBGene00169245.,0,0,0
WBGene00169246.,0,0,0
WBGene00169247.,0,0,0
WBGene00169248.,0,0,0
WBGene00169249.,0,0,0
WBGene00169250.,0,0,0
WBGene00169251.,0,0,0
WBGene00169252.,0,0,0
WBGene00169253.,0,0,0
WBGene00169254.,0,0,0
WBGene00169255.,0,0,0
WBGene00169256.,0,0,0
WBGene00169257.,0,0,0
WBGene00169258.,0,0,0
WBGene00169259.,0,0,0
WBGene00169260.,0,0,0
WBGene00169261.,0,0,0
WBGene00169262.,0,0,0
WBGene00169263.,0,0,0
WBGene00169264.,0,0,0
WBGene00169265.,0,0,0
WBGene00169266.,0,0,0
WBGene00169267.,0,0,0
WBGene00169268.,0,0,0
WBGene00169269.,0,0,0
WBGene00169270.,0,0,0
WBGene00169271.,0,0,0
WBGene00169272.,0,0,0
WBGene00169273.,0,0,0
WBGene00169274.,0,0,0
WBGene00169275.,0,0,0
WBGene00169276.,0,0,0
WBGene00169277.,0,0,0
WBGene00169278.,0,0,0
WBGene00169279.,0,0,0
WBGene00169280.,0,0,0
WBGene00169281.,0,0,0
WBGene00169282.,0,0,0
WBGene00169283.,0,0,0
WBGene00169284.,0,0,0
WBGene00169285.,0,0,0
WBGene00169286.,0,0,0
WBGene00169287.,0,0,0
WBGene00169288.,0,0,0
WBGene00169289.,0,0,0
WBGene00169290.,0,0,0
WBGene00169291.,0,0,0
WBGene00169292.,0,0,0
WBGene00169293.,0,0,0
WBGene00169294.,0,0,0
WBGene00169295.,0,0,0
WBGene00169296.,0,0,0
WBGene00169297.,0,0,0
WBGene00169298.,0,0,0
WBGene00169299.,0,0,0
WBGene00169300.,0,0,0
WBGene00169301.,0,0,0
WBGene00169302.,0,0,0
WBGene00169303.,0,0,0
WBGene00169304.,0,0,0
WBGene00169305.,0,0,0
WBGene00169306.,0,0,0
WBGene00169307.,0,0,0
WBGene00169308.,0,0,0
WBGene00169309.,0,0,0
WBGene00169310.,0,0,0
WBGene00169311.,0,0,0
WBGene00169312.,0,0,0
WBGene00169313.,0,0,0
WBGene00169314.,0,0,0
WBGene00169315.,0,0,0
WBGene00169316.,0,0,0
WBGene00169317.,0,0,0
WBGene00169318.,0,0,0
WBGene00169319.,0,0,0
WBGene00169320.,0,0,0
WBGene00169321.,0,0,0
WBGene00169322.,0,0,0
WBGene00169323.,0,0,0
WBGene00169324.,0,0,0
WBGene00169325.,0,0,0
WBGene00169326.,0,0,0
WBGene00169327.,0,0,0
WBGene00169328.,0,0,0
WBGene00169329.,0,0,0
WBGene00169330.,0,0,0
WBGene00169331.,0,0,0
WBGene00169332.,0,0,0
WBGene00169333.,0,0,0
WBGene00169334.,0,0,0
WBGene00169335.,0,0,0
WBGene00169336.,0,0,0
WBGene00169337.,0,0,0
WBGene00169338.,0,0,0
WBGene00169339.,0,0,0
WBGene00169340.,0,0,0
WBGene00169341.,0,0,0
WBGene00169342.,0,0,0
WBGene00169343.,0,0,0
WBGene00169344.,0,0,0
WBGene00169345.,0,0,0
WBGene00169346.,0,0,0
WBGene00169347.,0,0,0
WBGene00169348.,0,0,0
WBGene00169349.,0,0,0
WBGene00169350.,0,0,0
WBGene00169351.,0,0,0
WBGene00169352.,0,0,0
WBGene00169353.,0,0,0
WBGene00169354.,0,0,0
WBGene00169355.,0,0,0
WBGene00169356.,0,0,0
WBGene00169357.,0,0,0
WBGene00169358.,0,0,0
WBGene00169359.,0,0,0
WBGene00169360.,0,0,0
WBGene00169361.,0,0,0
WBGene00169362.,0,0,0
WBGene00169363.,0,0,0
WBGene00169364.,0,0,0
WBGene00169365.,0,0,0
WBGene00169366.,0,0,0
WBGene00169367.,0,0,0
WBGene00169368.,0,0,0
WBGene00169369.,0,0,0
WBGene00169370.,0,0,0
WBGene00169371.,0,0,0
WBGene00169372.,0,0,0
WBGene00169373.,0,0,0
WBGene00169374.,0,0,0
WBGene00169375.,0,0,0
WBGene00169376.,0,0,0
WBGene00169377.,0,0,0
WBGene00169378.,0,0,0
WBGene00169379.,0,0,0
WBGene00169380.,0,0,0
WBGene00169381.,0,0,0
WBGene00169382.,0,0,0
WBGene00169383.,0,0,0
WBGene00169384.,0,0,0
WBGene00169385.,0,0,0
WBGene00169386.,0,0,0
WBGene00169387.,0,0,0
WBGene00169388.,0,0,0
WBGene00169389.,0,0,0
WBGene00169390.,0,0,0
WBGene00169391.,0,0,0
WBGene00169392.,0,0,0
WBGene00169393.,0,0,0
WBGene00169394.,0,0,0
WBGene00169395.,0,0,0
WBGene00169396.,0,0,0
WBGene00169397.,0,0,0
WBGene00169398.,0,0,0
WBGene00169399.,0,0,0
WBGene00169401.,0,0,0
WBGene00169402.,0,0,0
WBGene00169403.,0,0,0
WBGene00169404.,0,0,0
WBGene00169405.,0,0,0
WBGene00169406.,0,0,0
WBGene00169407.,0,0,0
WBGene00169408.,0,0,0
WBGene00169409.,0,0,0
WBGene00169410.,0,0,0
WBGene00169411.,0,0,0
WBGene00169412.,0,0,0
WBGene00169413.,0,0,0
WBGene00169414.,0,0,0
WBGene00169415.,0,0,0
WBGene00169416.,0,0,0
WBGene00169417.,0,0,0
WBGene00169418.,0,0,0
WBGene00169419.,0,0,0
WBGene00169420.,0,0,0
WBGene00169421.,0,0,0
WBGene00169422.,0,0,0
WBGene00169423.,0,0,0
WBGene00169424.,0,0,0
WBGene00169425.,0,0,0
WBGene00169426.,0,0,0
WBGene00169427.,0,0,0
WBGene00169428.,0,0,0
WBGene00169429.,0,0,0
WBGene00169430.,0,0,0
WBGene00169431.,0,0,0
WBGene00169432.,0,0,0
WBGene00169433.,0,0,0
WBGene00169434.,0,0,0
WBGene00169435.,0,0,0
WBGene00169436.,0,0,0
WBGene00169437.,0,0,0
WBGene00169438.,0,0,0
WBGene00169439.,0,0,0
WBGene00169440.,0,0,0
WBGene00169441.,0,0,0
WBGene00169442.,0,0,0
WBGene00169443.,0,0,0
WBGene00169444.,0,0,0
WBGene00169445.,0,0,0
WBGene00169446.,0,0,0
WBGene00169447.,0,0,0
WBGene00169448.,0,0,0
WBGene00169449.,0,0,0
WBGene00169450.,0,0,0
WBGene00169451.,0,0,0
WBGene00169452.,0,0,0
WBGene00169453.,0,0,0
WBGene00169454.,0,0,0
WBGene00169455.,0,0,0
WBGene00169456.,0,0,0
WBGene00169457.,0,0,0
WBGene00169458.,0,0,0
WBGene00169459.,0,0,0
WBGene00169460.,0,0,0
WBGene00169461.,0,0,0
WBGene00169462.,0,0,0
WBGene00169463.,0,0,0
WBGene00169464.,0,0,0
WBGene00169465.,0,0,0
WBGene00169466.,0,0,0
WBGene00169467.,0,0,0
WBGene00169468.,0,0,0
WBGene00169469.,0,0,0
WBGene00169470.,0,0,0
WBGene00169471.,0,0,0
WBGene00169472.,0,0,0
WBGene00169473.,0,0,0
WBGene00169474.,0,0,0
WBGene00169475.,0,0,0
WBGene00169476.,0,0,0
WBGene00169477.,0,0,0
WBGene00169478.,0,0,0
WBGene00169479.,0,0,0
WBGene00169480.,0,0,0
WBGene00169481.,0,0,0
WBGene00169482.,0,0,0
WBGene00169483.,0,0,0
WBGene00169484.,0,0,0
WBGene00169485.,0,0,0
WBGene00169486.,0,0,0
WBGene00169487.,0,0,0
WBGene00169488.,0,0,0
WBGene00169489.,0,0,0
WBGene00169490.,0,0,0
WBGene00169491.,0,0,0
WBGene00169492.,0,0,0
WBGene00169493.,0,0,0
WBGene00169494.,0,0,0
WBGene00169495.,0,0,0
WBGene00169496.,0,0,0
WBGene00169497.,0,0,0
WBGene00169498.,0,0,0
WBGene00169499.,0,0,0
WBGene00169500.,0,0,0
WBGene00169501.,0,0,0
WBGene00169502.,0,0,0
WBGene00169503.,0,0,0
WBGene00169504.,0,0,0
WBGene00169505.,0,0,0
WBGene00169506.,0,0,0
WBGene00169507.,0,0,0
WBGene00169508.,0,0,0
WBGene00169509.,0,0,0
WBGene00169510.,0,0,0
WBGene00169511.,0,0,0
WBGene00169512.,0,0,0
WBGene00169513.,0,0,0
WBGene00169514.,0,0,0
WBGene00169515.,0,0,0
WBGene00169516.,0,0,0
WBGene00169517.,0,0,0
WBGene00169518.,0,0,0
WBGene00169519.,0,0,0
WBGene00169520.,0,0,0
WBGene00169521.,0,0,0
WBGene00169522.,0,0,0
WBGene00169523.,0,0,0
WBGene00169524.,0,0,0
WBGene00169525.,0,0,0
WBGene00169526.,0,0,0
WBGene00169527.,0,0,0
WBGene00169528.,0,0,0
WBGene00169529.,0,0,0
WBGene00169530.,0,0,0
WBGene00169531.,0,0,0
WBGene00169532.,0,0,0
WBGene00169533.,0,0,0
WBGene00169534.,0,0,0
WBGene00169535.,0,0,0
WBGene00169536.,0,0,0
WBGene00169537.,0,0,0
WBGene00169538.,0,0,0
WBGene00169539.,0,0,0
WBGene00169540.,0,0,0
WBGene00169541.,0,0,0
WBGene00169542.,0,0,0
WBGene00169543.,0,0,0
WBGene00169544.,0,0,0
WBGene00169545.,0,0,0
WBGene00169546.,0,0,0
WBGene00169547.,0,0,0
WBGene00169548.,0,0,0
WBGene00169549.,0,0,0
WBGene00169550.,0,0,0
WBGene00169551.,0,0,0
WBGene00169552.,0,0,0
WBGene00169553.,0,0,0
WBGene00169554.,0,0,0
WBGene00169555.,0,0,0
WBGene00169556.,0,0,0
WBGene00169557.,0,0,0
WBGene00169558.,0,0,0
WBGene00169559.,0,0,0
WBGene00169560.,0,0,0
WBGene00169561.,0,0,0
WBGene00169562.,0,0,0
WBGene00169563.,0,0,0
WBGene00169564.,0,0,0
WBGene00169565.,0,0,0
WBGene00169566.,0,0,0
WBGene00169567.,0,0,0
WBGene00169568.,0,0,0
WBGene00169569.,0,0,0
WBGene00169570.,0,0,0
WBGene00169571.,0,0,0
WBGene00169572.,0,0,0
WBGene00169573.,0,0,0
WBGene00169574.,0,0,0
WBGene00169575.,0,0,0
WBGene00169576.,0,0,0
WBGene00169577.,0,0,0
WBGene00169578.,0,0,0
WBGene00169579.,0,0,0
WBGene00169580.,0,0,0
WBGene00169581.,0,0,0
WBGene00169582.,0,0,0
WBGene00169583.,0,0,0
WBGene00169584.,0,0,0
WBGene00169585.,0,0,0
WBGene00169586.,0,0,0
WBGene00169587.,0,0,0
WBGene00169588.,0,0,0
WBGene00169589.,0,0,0
WBGene00169590.,0,0,0
WBGene00169591.,0,0,0
WBGene00169592.,0,0,0
WBGene00169593.,0,0,0
WBGene00169594.,0,0,0
WBGene00169595.,0,0,0
WBGene00169596.,0,0,0
WBGene00169597.,0,0,0
WBGene00169598.,0,0,0
WBGene00169599.,0,0,0
WBGene00169600.,0,0,0
WBGene00169601.,0,0,0
WBGene00169602.,0,0,0
WBGene00169603.,0,0,0
WBGene00169604.,0,0,0
WBGene00169605.,0,0,0
WBGene00169606.,0,0,0
WBGene00169607.,0,0,0
WBGene00169608.,0,0,0
WBGene00169609.,0,0,0
WBGene00169610.,0,0,0
WBGene00169611.,0,0,0
WBGene00169612.,0,0,0
WBGene00169613.,0,0,0
WBGene00169614.,0,0,0
WBGene00169615.,0,0,0
WBGene00169617.,0,0,0
WBGene00169618.,0,0,0
WBGene00169619.,0,0,0
WBGene00169620.,0,0,0
WBGene00169621.,0,0,0
WBGene00169622.,0,0,0
WBGene00169623.,0,0,0
WBGene00169624.,0,0,0
WBGene00169625.,0,0,0
WBGene00169626.,0,0,0
WBGene00169627.,0,0,0
WBGene00169628.,0,0,0
WBGene00169629.,0,0,0
WBGene00169630.,0,0,0
WBGene00169631.,0,0,0
WBGene00169632.,0,0,0
WBGene00169633.,0,0,0
WBGene00169634.,0,0,0
WBGene00169635.,0,0,0
WBGene00169636.,0,0,0
WBGene00169637.,0,0,0
WBGene00169638.,0,0,0
WBGene00169639.,0,0,0
WBGene00169640.,0,0,0
WBGene00169641.,0,0,0
WBGene00169642.,0,0,0
WBGene00169643.,0,0,0
WBGene00169644.,0,0,0
WBGene00169645.,0,0,0
WBGene00169646.,0,0,0
WBGene00169647.,0,0,0
WBGene00169648.,0,0,0
WBGene00169649.,0,0,0
WBGene00169650.,0,0,0
WBGene00169651.,0,0,0
WBGene00169652.,0,0,0
WBGene00169653.,0,0,0
WBGene00169654.,0,0,0
WBGene00169655.,0,0,0
WBGene00169656.,0,0,0
WBGene00169657.,0,0,0
WBGene00169658.,0,0,0
WBGene00169659.,0,0,0
WBGene00169660.,0,0,0
WBGene00169661.,0,0,0
WBGene00169662.,0,0,0
WBGene00169663.,0,0,0
WBGene00169664.,0,0,0
WBGene00169665.,0,0,0
WBGene00169666.,0,0,0
WBGene00169667.,0,0,0
WBGene00169668.,0,0,0
WBGene00169669.,0,0,0
WBGene00169670.,0,0,0
WBGene00169671.,0,0,0
WBGene00169672.,0,0,0
WBGene00169673.,0,0,0
WBGene00169674.,0,0,0
WBGene00169675.,0,0,0
WBGene00169676.,0,0,0
WBGene00169677.,0,0,0
WBGene00169678.,0,0,0
WBGene00169679.,0,0,0
WBGene00169680.,0,0,0
WBGene00169681.,0,0,0
WBGene00169682.,0,0,0
WBGene00169683.,0,0,0
WBGene00169684.,0,0,0
WBGene00169685.,0,0,0
WBGene00169686.,0,0,0
WBGene00169687.,0,0,0
WBGene00169688.,0,0,0
WBGene00169689.,0,0,0
WBGene00169690.,0,0,0
WBGene00169691.,0,0,0
WBGene00169692.,0,0,0
WBGene00169693.,0,0,0
WBGene00169694.,0,0,0
WBGene00169695.,0,0,0
WBGene00169696.,0,0,0
WBGene00169697.,0,0,0
WBGene00169698.,0,0,0
WBGene00169699.,0,0,0
WBGene00169700.,0,0,0
WBGene00169701.,0,0,0
WBGene00169702.,0,0,0
WBGene00169703.,0,0,0
WBGene00169704.,0,0,0
WBGene00169705.,0,0,0
WBGene00169706.,0,0,0
WBGene00169707.,0,0,0
WBGene00169708.,0,0,0
WBGene00169709.,0,0,0
WBGene00169710.,0,0,0
WBGene00169711.,0,0,0
WBGene00169712.,0,0,0
WBGene00169713.,0,0,0
WBGene00169714.,0,0,0
WBGene00169715.,0,0,0
WBGene00169716.,0,0,0
WBGene00169717.,0,0,0
WBGene00169718.,0,0,0
WBGene00169719.,0,0,0
WBGene00169720.,0,0,0
WBGene00169721.,0,0,0
WBGene00169722.,0,0,0
WBGene00169723.,0,0,0
WBGene00169724.,0,0,0
WBGene00169725.,0,0,0
WBGene00169726.,0,0,0
WBGene00169727.,0,0,0
WBGene00169728.,0,0,0
WBGene00169729.,0,0,0
WBGene00169730.,0,0,0
WBGene00169731.,0,0,0
WBGene00169732.,0,0,0
WBGene00169733.,0,0,0
WBGene00169734.,0,0,0
WBGene00169735.,0,0,0
WBGene00169736.,0,0,0
WBGene00169737.,0,0,0
WBGene00169738.,0,0,0
WBGene00169739.,0,0,0
WBGene00169740.,0,0,0
WBGene00169741.,0,0,0
WBGene00169742.,0,0,0
WBGene00169743.,0,0,0
WBGene00169744.,0,0,0
WBGene00169745.,0,0,0
WBGene00169746.,0,0,0
WBGene00169747.,0,0,0
WBGene00169748.,0,0,0
WBGene00169749.,0,0,0
WBGene00169750.,0,0,0
WBGene00169751.,0,0,0
WBGene00169752.,0,0,0
WBGene00169753.,0,0,0
WBGene00169754.,0,0,0
WBGene00169755.,0,0,0
WBGene00169756.,0,0,0
WBGene00169757.,0,0,0
WBGene00169758.,0,0,0
WBGene00169759.,0,0,0
WBGene00169760.,0,0,0
WBGene00169761.,0,0,0
WBGene00169762.,0,0,0
WBGene00169763.,0,0,0
WBGene00169764.,0,0,0
WBGene00169765.,0,0,0
WBGene00169766.,0,0,0
WBGene00169767.,0,0,0
WBGene00169768.,0,0,0
WBGene00169769.,0,0,0
WBGene00169770.,0,0,0
WBGene00169771.,0,0,0
WBGene00169772.,0,0,0
WBGene00169773.,0,0,0
WBGene00169774.,0,0,0
WBGene00169775.,0,0,0
WBGene00169776.,0,0,0
WBGene00169777.,0,0,0
WBGene00169778.,0,0,0
WBGene00169779.,0,0,0
WBGene00169780.,0,0,0
WBGene00169781.,0,0,0
WBGene00169782.,0,0,0
WBGene00169783.,0,0,0
WBGene00169784.,0,0,0
WBGene00169785.,0,0,0
WBGene00169786.,0,0,0
WBGene00169787.,0,0,0
WBGene00169788.,0,0,0
WBGene00169789.,0,0,0
WBGene00169790.,0,0,0
WBGene00169791.,0,0,0
WBGene00169792.,0,0,0
WBGene00169793.,0,0,0
WBGene00169794.,0,0,0
WBGene00169795.,0,0,0
WBGene00169796.,0,0,0
WBGene00169797.,0,0,0
WBGene00169798.,0,0,0
WBGene00169799.,0,0,0
WBGene00169800.,0,0,0
WBGene00169801.,0,0,0
WBGene00169802.,0,0,0
WBGene00169803.,0,0,0
WBGene00169804.,0,0,0
WBGene00169805.,0,0,0
WBGene00169806.,0,0,0
WBGene00169807.,0,0,0
WBGene00169808.,0,0,0
WBGene00169809.,0,0,0
WBGene00169810.,0,0,0
WBGene00169811.,0,0,0
WBGene00169812.,0,0,0
WBGene00169813.,0,0,0
WBGene00169814.,0,0,0
WBGene00169815.,0,0,0
WBGene00169816.,0,0,0
WBGene00169817.,0,0,0
WBGene00169818.,0,0,0
WBGene00169819.,0,0,0
WBGene00169820.,0,0,0
WBGene00169821.,0,0,0
WBGene00169822.,0,0,0
WBGene00169823.,0,0,0
WBGene00169824.,0,0,0
WBGene00169825.,0,0,0
WBGene00169826.,0,0,0
WBGene00169827.,0,0,0
WBGene00169828.,0,0,0
WBGene00169829.,0,0,0
WBGene00169830.,0,0,0
WBGene00169831.,0,0,0
WBGene00169832.,0,0,0
WBGene00169833.,0,0,0
WBGene00169834.,0,0,0
WBGene00169835.,0,0,0
WBGene00169836.,0,0,0
WBGene00169837.,0,0,0
WBGene00169838.,0,0,0
WBGene00169839.,0,0,0
WBGene00169840.,0,0,0
WBGene00169841.,0,0,0
WBGene00169842.,0,0,0
WBGene00169843.,0,0,0
WBGene00169844.,0,0,0
WBGene00169845.,0,0,0
WBGene00169846.,0,0,0
WBGene00169847.,0,0,0
WBGene00169848.,0,0,0
WBGene00169849.,0,0,0
WBGene00169850.,0,0,0
WBGene00169851.,0,0,0
WBGene00169852.,0,0,0
WBGene00169853.,0,0,0
WBGene00169854.,0,0,0
WBGene00169855.,0,0,0
WBGene00169856.,0,0,0
WBGene00169857.,0,0,0
WBGene00169858.,0,0,0
WBGene00169859.,0,0,0
WBGene00169860.,0,0,0
WBGene00169861.,0,0,0
WBGene00169862.,0,0,0
WBGene00169863.,0,0,0
WBGene00169864.,0,0,0
WBGene00169865.,0,0,0
WBGene00169866.,0,0,0
WBGene00169867.,0,0,0
WBGene00169868.,0,0,0
WBGene00169869.,0,0,0
WBGene00169870.,0,0,0
WBGene00169871.,0,0,0
WBGene00169872.,0,0,0
WBGene00169873.,0,0,0
WBGene00169874.,0,0,0
WBGene00169875.,0,0,0
WBGene00169876.,0,0,0
WBGene00169877.,0,0,0
WBGene00169878.,0,0,0
WBGene00169879.,0,0,0
WBGene00169880.,0,0,0
WBGene00169881.,0,0,0
WBGene00169882.,0,0,0
WBGene00169883.,0,0,0
WBGene00169884.,0,0,0
WBGene00169885.,0,0,0
WBGene00169886.,0,0,0
WBGene00169887.,0,0,0
WBGene00169888.,0,0,0
WBGene00169889.,0,0,0
WBGene00169890.,0,0,0
WBGene00169891.,0,0,0
WBGene00169892.,0,0,0
WBGene00169893.,0,0,0
WBGene00169894.,0,0,0
WBGene00169895.,0,0,0
WBGene00169896.,0,0,0
WBGene00169897.,0,0,0
WBGene00169898.,0,0,0
WBGene00169899.,0,0,0
WBGene00169900.,0,0,0
WBGene00169901.,0,0,0
WBGene00169902.,0,0,0
WBGene00169903.,0,0,0
WBGene00169904.,0,0,0
WBGene00169905.,0,0,0
WBGene00169906.,0,0,0
WBGene00169907.,0,0,0
WBGene00169908.,0,0,0
WBGene00169909.,0,0,0
WBGene00169910.,0,0,0
WBGene00169911.,0,0,0
WBGene00169912.,0,0,0
WBGene00169913.,0,0,0
WBGene00169914.,0,0,0
WBGene00169915.,0,0,0
WBGene00169916.,0,0,0
WBGene00169917.,0,0,0
WBGene00169918.,0,0,0
WBGene00169919.,0,0,0
WBGene00169920.,0,0,0
WBGene00169921.,0,0,0
WBGene00169922.,0,0,0
WBGene00169923.,0,0,0
WBGene00169924.,0,0,0
WBGene00169925.,0,0,0
WBGene00169926.,0,0,0
WBGene00169927.,0,0,0
WBGene00169928.,0,0,0
WBGene00169929.,0,0,0
WBGene00169930.,0,0,0
WBGene00169931.,0,0,0
WBGene00169932.,0,0,0
WBGene00169933.,0,0,0
WBGene00169934.,0,0,0
WBGene00169935.,0,0,0
WBGene00169936.,0,0,0
WBGene00169937.,0,0,0
WBGene00169938.,0,0,0
WBGene00169939.,0,0,0
WBGene00169940.,0,0,0
WBGene00169941.,0,0,0
WBGene00169942.,0,0,0
WBGene00169943.,0,0,0
WBGene00169944.,0,0,0
WBGene00169946.,0,0,0
WBGene00169947.,0,0,0
WBGene00169948.,0,0,0
WBGene00169949.,0,0,0
WBGene00169950.,0,0,0
WBGene00169951.,0,0,0
WBGene00169952.,0,0,0
WBGene00169953.,0,0,0
WBGene00169954.,0,0,0
WBGene00169955.,0,0,0
WBGene00169956.,0,0,0
WBGene00169957.,0,0,0
WBGene00169958.,0,0,0
WBGene00169959.,0,0,0
WBGene00169960.,0,0,0
WBGene00169961.,0,0,0
WBGene00169962.,0,0,0
WBGene00169963.,0,0,0
WBGene00169964.,0,0,0
WBGene00169965.,0,0,0
WBGene00169966.,0,0,0
WBGene00169967.,0,0,0
WBGene00169968.,0,0,0
WBGene00169969.,0,0,0
WBGene00169970.,0,0,0
WBGene00169971.,0,0,0
WBGene00169972.,0,0,0
WBGene00169973.,0,0,0
WBGene00169974.,0,0,0
WBGene00169975.,0,0,0
WBGene00169976.,0,0,0
WBGene00169977.,0,0,0
WBGene00169978.,0,0,0
WBGene00169979.,0,0,0
WBGene00169980.,0,0,0
WBGene00169981.,0,0,0
WBGene00169982.,0,0,0
WBGene00169983.,0,0,0
WBGene00169984.,0,0,0
WBGene00169985.,0,0,0
WBGene00169986.,0,0,0
WBGene00169987.,0,0,0
WBGene00169988.,0,0,0
WBGene00169989.,0,0,0
WBGene00169990.,0,0,0
WBGene00169991.,0,0,0
WBGene00169992.,0,0,0
WBGene00169993.,0,0,0
WBGene00169994.,0,0,0
WBGene00169995.,0,0,0
WBGene00169996.,0,0,0
WBGene00169997.,0,0,0
WBGene00169998.,0,0,0
WBGene00169999.,0,0,0
WBGene00170000.,0,0,0
WBGene00170001.,0,0,0
WBGene00170002.,0,0,0
WBGene00170003.,0,0,0
WBGene00170004.,0,0,0
WBGene00170005.,0,0,0
WBGene00170006.,0,0,0
WBGene00170007.,0,0,0
WBGene00170008.,0,0,0
WBGene00170009.,0,0,0
WBGene00170010.,0,0,0
WBGene00170011.,0,0,0
WBGene00170012.,0,0,0
WBGene00170013.,0,0,0
WBGene00170014.,0,0,0
WBGene00170015.,0,0,0
WBGene00170016.,0,0,0
WBGene00170017.,0,0,0
WBGene00170018.,0,0,0
WBGene00170019.,0,0,0
WBGene00170020.,0,0,0
WBGene00170021.,0,0,0
WBGene00170022.,0,0,0
WBGene00170023.,0,0,0
WBGene00170024.,0,0,0
WBGene00170025.,0,0,0
WBGene00170026.,0,0,0
WBGene00170027.,0,0,0
WBGene00170028.,0,0,0
WBGene00170029.,0,0,0
WBGene00170030.,0,0,0
WBGene00170031.,0,0,0
WBGene00170032.,0,0,0
WBGene00170033.,0,0,0
WBGene00170034.,0,0,0
WBGene00170035.,0,0,0
WBGene00170036.,0,0,0
WBGene00170037.,0,0,0
WBGene00170038.,0,0,0
WBGene00170039.,0,0,0
WBGene00170040.,0,0,0
WBGene00170041.,0,0,0
WBGene00170042.,0,0,0
WBGene00170043.,0,0,0
WBGene00170044.,0,0,0
WBGene00170045.,0,0,0
WBGene00170046.,0,0,0
WBGene00170047.,0,0,0
WBGene00170048.,0,0,0
WBGene00170049.,0,0,0
WBGene00170050.,0,0,0
WBGene00170051.,0,0,0
WBGene00170052.,0,0,0
WBGene00170053.,0,0,0
WBGene00170054.,0,0,0
WBGene00170055.,0,0,0
WBGene00170056.,0,0,0
WBGene00170057.,0,0,0
WBGene00170058.,0,0,0
WBGene00170059.,0,0,0
WBGene00170060.,0,0,0
WBGene00170061.,0,0,0
WBGene00170062.,0,0,0
WBGene00170063.,0,0,0
WBGene00170064.,0,0,0
WBGene00170065.,0,0,0
WBGene00170066.,0,0,0
WBGene00170067.,0,0,0
WBGene00170068.,0,0,0
WBGene00170069.,0,0,0
WBGene00170070.,0,0,0
WBGene00170071.,0,0,0
WBGene00170072.,0,0,0
WBGene00170073.,0,0,0
WBGene00170074.,0,0,0
WBGene00170075.,0,0,0
WBGene00170076.,0,0,0
WBGene00170077.,0,0,0
WBGene00170078.,0,0,0
WBGene00170079.,0,0,0
WBGene00170080.,0,0,0
WBGene00170081.,0,0,0
WBGene00170082.,0,0,0
WBGene00170083.,0,0,0
WBGene00170084.,0,0,0
WBGene00170085.,0,0,0
WBGene00170086.,0,0,0
WBGene00170087.,0,0,0
WBGene00170088.,0,0,0
WBGene00170089.,0,0,0
WBGene00170090.,0,0,0
WBGene00170091.,0,0,0
WBGene00170092.,0,0,0
WBGene00170093.,0,0,0
WBGene00170094.,0,0,0
WBGene00170095.,0,0,0
WBGene00170096.,0,0,0
WBGene00170097.,0,0,0
WBGene00170098.,0,0,0
WBGene00170099.,0,0,0
WBGene00170100.,0,0,0
WBGene00170101.,0,0,0
WBGene00170102.,0,0,0
WBGene00170103.,0,0,0
WBGene00170104.,0,0,0
WBGene00170105.,0,0,0
WBGene00170106.,0,0,0
WBGene00170107.,0,0,0
WBGene00170108.,0,0,0
WBGene00170109.,0,0,0
WBGene00170110.,0,0,0
WBGene00170111.,0,0,0
WBGene00170112.,0,0,0
WBGene00170113.,0,0,0
WBGene00170114.,0,0,0
WBGene00170115.,0,0,0
WBGene00170116.,0,0,0
WBGene00170117.,0,0,0
WBGene00170118.,0,0,0
WBGene00170119.,0,0,0
WBGene00170120.,0,0,0
WBGene00170121.,0,0,0
WBGene00170122.,0,0,0
WBGene00170123.,0,0,0
WBGene00170124.,0,0,0
WBGene00170125.,0,0,0
WBGene00170126.,0,0,0
WBGene00170127.,0,0,0
WBGene00170128.,0,0,0
WBGene00170129.,0,0,0
WBGene00170130.,0,0,0
WBGene00170131.,0,0,0
WBGene00170132.,0,0,0
WBGene00170133.,0,0,0
WBGene00170134.,0,0,0
WBGene00170135.,0,0,0
WBGene00170136.,0,0,0
WBGene00170137.,0,0,0
WBGene00170138.,0,0,0
WBGene00170139.,0,0,0
WBGene00170140.,0,0,0
WBGene00170141.,0,0,0
WBGene00170142.,0,0,0
WBGene00170143.,0,0,0
WBGene00170144.,0,0,0
WBGene00170145.,0,0,0
WBGene00170146.,0,0,0
WBGene00170147.,0,0,0
WBGene00170148.,0,0,0
WBGene00170149.,0,0,0
WBGene00170150.,0,0,0
WBGene00170151.,0,0,0
WBGene00170152.,0,0,0
WBGene00170153.,0,0,0
WBGene00170154.,0,0,0
WBGene00170155.,0,0,0
WBGene00170156.,0,0,0
WBGene00170157.,0,0,0
WBGene00170158.,0,0,0
WBGene00170159.,0,0,0
WBGene00170160.,0,0,0
WBGene00170161.,0,0,0
WBGene00170162.,0,0,0
WBGene00170163.,0,0,0
WBGene00170164.,0,0,0
WBGene00170165.,0,0,0
WBGene00170166.,0,0,0
WBGene00170167.,0,0,0
WBGene00170168.,0,0,0
WBGene00170169.,0,0,0
WBGene00170170.,0,0,0
WBGene00170171.,0,0,0
WBGene00170172.,0,0,0
WBGene00170173.,0,0,0
WBGene00170174.,0,0,0
WBGene00170175.,0,0,0
WBGene00170176.,0,0,0
WBGene00170177.,0,0,0
WBGene00170178.,0,0,0
WBGene00170179.,0,0,0
WBGene00170180.,0,0,0
WBGene00170181.,0,0,0
WBGene00170182.,0,0,0
WBGene00170183.,0,0,0
WBGene00170184.,0,0,0
WBGene00170185.,0,0,0
WBGene00170186.,0,0,0
WBGene00170187.,0,0,0
WBGene00170188.,0,0,0
WBGene00170189.,0,0,0
WBGene00170190.,0,0,0
WBGene00170191.,0,0,0
WBGene00170192.,0,0,0
WBGene00170193.,0,0,0
WBGene00170194.,0,0,0
WBGene00170195.,0,0,0
WBGene00170196.,0,0,0
WBGene00170197.,0,0,0
WBGene00170198.,0,0,0
WBGene00170199.,0,0,0
WBGene00170200.,0,0,0
WBGene00170201.,0,0,0
WBGene00170202.,0,0,0
WBGene00170203.,0,0,0
WBGene00170204.,0,0,0
WBGene00170205.,0,0,0
WBGene00170206.,0,0,0
WBGene00170207.,0,0,0
WBGene00170208.,0,0,0
WBGene00170209.,0,0,0
WBGene00170210.,0,0,0
WBGene00170211.,0,0,0
WBGene00170212.,0,0,0
WBGene00170213.,0,0,0
WBGene00170214.,0,0,0
WBGene00170215.,0,0,0
WBGene00170216.,0,0,0
WBGene00170217.,0,0,0
WBGene00170218.,0,0,0
WBGene00170219.,0,0,0
WBGene00170220.,0,0,0
WBGene00170221.,0,0,0
WBGene00170222.,0,0,0
WBGene00170223.,0,0,0
WBGene00170224.,0,0,0
WBGene00170225.,0,0,0
WBGene00170226.,0,0,0
WBGene00170227.,0,0,0
WBGene00170228.,0,0,0
WBGene00170229.,0,0,0
WBGene00170230.,0,0,0
WBGene00170231.,0,0,0
WBGene00170232.,0,0,0
WBGene00170233.,0,0,0
WBGene00170234.,0,0,0
WBGene00170235.,0,0,0
WBGene00170236.,0,0,0
WBGene00170237.,0,0,0
WBGene00170238.,0,0,0
WBGene00170239.,0,0,0
WBGene00170240.,0,0,0
WBGene00170241.,0,0,0
WBGene00170242.,0,0,0
WBGene00170243.,0,0,0
WBGene00170244.,0,0,0
WBGene00170245.,0,0,0
WBGene00170246.,0,0,0
WBGene00170247.,0,0,0
WBGene00170248.,0,0,0
WBGene00170249.,0,0,0
WBGene00170250.,0,0,0
WBGene00170251.,0,0,0
WBGene00170252.,0,0,0
WBGene00170253.,0,0,0
WBGene00170254.,0,0,0
WBGene00170255.,0,0,0
WBGene00170256.,0,0,0
WBGene00170257.,0,0,0
WBGene00170258.,0,0,0
WBGene00170259.,0,0,0
WBGene00170260.,0,0,0
WBGene00170261.,0,0,0
WBGene00170262.,0,0,0
WBGene00170263.,0,0,0
WBGene00170264.,0,0,0
WBGene00170265.,0,0,0
WBGene00170266.,0,0,0
WBGene00170267.,0,0,0
WBGene00170268.,0,0,0
WBGene00170269.,0,0,0
WBGene00170270.,0,0,0
WBGene00170271.,0,0,0
WBGene00170272.,0,0,0
WBGene00170273.,0,0,0
WBGene00170274.,0,0,0
WBGene00170275.,0,0,0
WBGene00170276.,0,0,0
WBGene00170277.,0,0,0
WBGene00170278.,0,0,0
WBGene00170279.,0,0,0
WBGene00170280.,0,0,0
WBGene00170281.,0,0,0
WBGene00170282.,0,0,0
WBGene00170283.,0,0,0
WBGene00170284.,0,0,0
WBGene00170285.,0,0,0
WBGene00170286.,0,0,0
WBGene00170287.,0,0,0
WBGene00170288.,0,0,0
WBGene00170289.,0,0,0
WBGene00170290.,0,0,0
WBGene00170291.,0,0,0
WBGene00170292.,0,0,0
WBGene00170293.,0,0,0
WBGene00170294.,0,0,0
WBGene00170295.,0,0,0
WBGene00170296.,0,0,0
WBGene00170297.,0,0,0
WBGene00170298.,0,0,0
WBGene00170299.,0,0,0
WBGene00170300.,0,0,0
WBGene00170301.,0,0,0
WBGene00170302.,0,0,0
WBGene00170303.,0,0,0
WBGene00170304.,0,0,0
WBGene00170305.,0,0,0
WBGene00170306.,0,0,0
WBGene00170307.,0,0,0
WBGene00170308.,0,0,0
WBGene00170309.,0,0,0
WBGene00170310.,0,0,0
WBGene00170311.,0,0,0
WBGene00170312.,0,0,0
WBGene00170313.,0,0,0
WBGene00170314.,0,0,0
WBGene00170315.,0,0,0
WBGene00170316.,0,0,0
WBGene00170317.,0,0,0
WBGene00170318.,0,0,0
WBGene00170319.,0,0,0
WBGene00170320.,0,0,0
WBGene00170321.,0,0,0
WBGene00170322.,0,0,0
WBGene00170323.,0,0,0
WBGene00170324.,0,0,0
WBGene00170325.,0,0,0
WBGene00170326.,0,0,0
WBGene00170327.,0,0,0
WBGene00170328.,0,0,0
WBGene00170329.,0,0,0
WBGene00170330.,0,0,0
WBGene00170331.,0,0,0
WBGene00170332.,0,0,0
WBGene00170333.,0,0,0
WBGene00170334.,0,0,0
WBGene00170335.,0,0,0
WBGene00170336.,0,0,0
WBGene00170337.,0,0,0
WBGene00170338.,0,0,0
WBGene00170339.,0,0,0
WBGene00170340.,0,0,0
WBGene00170341.,0,0,0
WBGene00170342.,0,0,0
WBGene00170343.,0,0,0
WBGene00170344.,0,0,0
WBGene00170345.,0,0,0
WBGene00170346.,0,0,0
WBGene00170347.,0,0,0
WBGene00170348.,0,0,0
WBGene00170349.,0,0,0
WBGene00170350.,0,0,0
WBGene00170351.,0,0,0
WBGene00170352.,0,0,0
WBGene00170353.,0,0,0
WBGene00170354.,0,0,0
WBGene00170355.,0,0,0
WBGene00170356.,0,0,0
WBGene00170357.,0,0,0
WBGene00170358.,0,0,0
WBGene00170359.,0,0,0
WBGene00170360.,0,0,0
WBGene00170361.,0,0,0
WBGene00170362.,0,0,0
WBGene00170363.,0,0,0
WBGene00170364.,0,0,0
WBGene00170365.,0,0,0
WBGene00170366.,0,0,0
WBGene00170367.,0,0,0
WBGene00170368.,0,0,0
WBGene00170369.,0,0,0
WBGene00170370.,0,0,0
WBGene00170371.,0,0,0
WBGene00170372.,0,0,0
WBGene00170373.,0,0,0
WBGene00170374.,0,0,0
WBGene00170375.,0,0,0
WBGene00170376.,0,0,0
WBGene00170377.,0,0,0
WBGene00170378.,0,0,0
WBGene00170379.,0,0,0
WBGene00170380.,0,0,0
WBGene00170381.,0,0,0
WBGene00170382.,0,0,0
WBGene00170383.,0,0,0
WBGene00170384.,0,0,0
WBGene00170385.,0,0,0
WBGene00170386.,0,0,0
WBGene00170387.,0,0,0
WBGene00170388.,0,0,0
WBGene00170389.,0,0,0
WBGene00170390.,0,0,0
WBGene00170391.,0,0,0
WBGene00170392.,0,0,0
WBGene00170393.,0,0,0
WBGene00170394.,0,0,0
WBGene00170395.,0,0,0
WBGene00170396.,0,0,0
WBGene00170397.,0,0,0
WBGene00170398.,0,0,0
WBGene00170399.,0,0,0
WBGene00170400.,0,0,0
WBGene00170401.,0,0,0
WBGene00170402.,0,0,0
WBGene00170403.,0,0,0
WBGene00170404.,0,0,0
WBGene00170405.,0,0,0
WBGene00170406.,0,0,0
WBGene00170407.,0,0,0
WBGene00170408.,0,0,0
WBGene00170409.,0,0,0
WBGene00170410.,0,0,0
WBGene00170411.,0,0,0
WBGene00170412.,0,0,0
WBGene00170413.,0,0,0
WBGene00170414.,0,0,0
WBGene00170415.,0,0,0
WBGene00170416.,0,0,0
WBGene00170417.,0,0,0
WBGene00170418.,0,0,0
WBGene00170419.,0,0,0
WBGene00170420.,0,0,0
WBGene00170421.,0,0,0
WBGene00170422.,0,0,0
WBGene00170423.,0,0,0
WBGene00170424.,0,0,0
WBGene00170425.,0,0,0
WBGene00170426.,0,0,0
WBGene00170427.,0,0,0
WBGene00170428.,0,0,0
WBGene00170429.,0,0,0
WBGene00170430.,0,0,0
WBGene00170431.,0,0,0
WBGene00170432.,0,0,0
WBGene00170433.,0,0,0
WBGene00170434.,0,0,0
WBGene00170435.,0,0,0
WBGene00170436.,0,0,0
WBGene00170437.,0,0,0
WBGene00170438.,0,0,0
WBGene00170439.,0,0,0
WBGene00170440.,0,0,0
WBGene00170441.,0,0,0
WBGene00170442.,0,0,0
WBGene00170443.,0,0,0
WBGene00170444.,0,0,0
WBGene00170445.,0,0,0
WBGene00170446.,0,0,0
WBGene00170447.,0,0,0
WBGene00170448.,0,0,0
WBGene00170449.,0,0,0
WBGene00170450.,0,0,0
WBGene00170451.,0,0,0
WBGene00170452.,0,0,0
WBGene00170453.,0,0,0
WBGene00170454.,0,0,0
WBGene00170455.,0,0,0
WBGene00170456.,0,0,0
WBGene00170457.,0,0,0
WBGene00170458.,0,0,0
WBGene00170459.,0,0,0
WBGene00170460.,0,0,0
WBGene00170461.,0,0,0
WBGene00170462.,0,0,0
WBGene00170463.,0,0,0
WBGene00170464.,0,0,0
WBGene00170465.,0,0,0
WBGene00170466.,0,0,0
WBGene00170467.,0,0,0
WBGene00170468.,0,0,0
WBGene00170469.,0,0,0
WBGene00170470.,0,0,0
WBGene00170471.,0,0,0
WBGene00170472.,0,0,0
WBGene00170473.,0,0,0
WBGene00170474.,0,0,0
WBGene00170475.,0,0,0
WBGene00170476.,0,0,0
WBGene00170477.,0,0,0
WBGene00170478.,0,0,0
WBGene00170479.,0,0,0
WBGene00170480.,0,0,0
WBGene00170481.,0,0,0
WBGene00170482.,0,0,0
WBGene00170483.,0,0,0
WBGene00170484.,0,0,0
WBGene00170485.,0,0,0
WBGene00170486.,0,0,0
WBGene00170487.,0,0,0
WBGene00170488.,0,0,0
WBGene00170489.,0,0,0
WBGene00170490.,0,0,0
WBGene00170491.,0,0,0
WBGene00170492.,0,0,0
WBGene00170493.,0,0,0
WBGene00170494.,0,0,0
WBGene00170495.,0,0,0
WBGene00170496.,0,0,0
WBGene00170497.,0,0,0
WBGene00170498.,0,0,0
WBGene00170499.,0,0,0
WBGene00170500.,0,0,0
WBGene00170501.,0,0,0
WBGene00170502.,0,0,0
WBGene00170503.,0,0,0
WBGene00170504.,0,0,0
WBGene00170505.,0,0,0
WBGene00170506.,0,0,0
WBGene00170507.,0,0,0
WBGene00170508.,0,0,0
WBGene00170509.,0,0,0
WBGene00170510.,0,0,0
WBGene00170511.,0,0,0
WBGene00170512.,0,0,0
WBGene00170513.,0,0,0
WBGene00170514.,0,0,0
WBGene00170515.,0,0,0
WBGene00170516.,0,0,0
WBGene00170517.,0,0,0
WBGene00170518.,0,0,0
WBGene00170519.,0,0,0
WBGene00170520.,0,0,0
WBGene00170521.,0,0,0
WBGene00170522.,0,0,0
WBGene00170523.,0,0,0
WBGene00170524.,0,0,0
WBGene00170525.,0,0,0
WBGene00170526.,0,0,0
WBGene00170527.,0,0,0
WBGene00170528.,0,0,0
WBGene00170529.,0,0,0
WBGene00170530.,0,0,0
WBGene00170531.,0,0,0
WBGene00170532.,0,0,0
WBGene00170533.,0,0,0
WBGene00170534.,0,0,0
WBGene00170535.,0,0,0
WBGene00170536.,0,0,0
WBGene00170537.,0,0,0
WBGene00170538.,0,0,0
WBGene00170539.,0,0,0
WBGene00170540.,0,0,0
WBGene00170541.,0,0,0
WBGene00170542.,0,0,0
WBGene00170543.,0,0,0
WBGene00170544.,0,0,0
WBGene00170545.,0,0,0
WBGene00170546.,0,0,0
WBGene00170547.,0,0,0
WBGene00170548.,0,0,0
WBGene00170549.,0,0,0
WBGene00170550.,0,0,0
WBGene00170551.,0,0,0
WBGene00170552.,0,0,0
WBGene00170553.,0,0,0
WBGene00170554.,0,0,0
WBGene00170555.,0,0,0
WBGene00170556.,0,0,0
WBGene00170557.,0,0,0
WBGene00170558.,0,0,0
WBGene00170559.,0,0,0
WBGene00170560.,0,0,0
WBGene00170561.,0,0,0
WBGene00170562.,0,0,0
WBGene00170563.,0,0,0
WBGene00170564.,0,0,0
WBGene00170565.,0,0,0
WBGene00170566.,0,0,0
WBGene00170567.,0,0,0
WBGene00170568.,0,0,0
WBGene00170569.,0,0,0
WBGene00170570.,0,0,0
WBGene00170571.,0,0,0
WBGene00170572.,0,0,0
WBGene00170573.,0,0,0
WBGene00170574.,0,0,0
WBGene00170575.,0,0,0
WBGene00170576.,0,0,0
WBGene00170577.,0,0,0
WBGene00170578.,0,0,0
WBGene00170579.,0,0,0
WBGene00170580.,0,0,0
WBGene00170581.,0,0,0
WBGene00170582.,0,0,0
WBGene00170583.,0,0,0
WBGene00170584.,0,0,0
WBGene00170585.,0,0,0
WBGene00170586.,0,0,0
WBGene00170587.,0,0,0
WBGene00170588.,0,0,0
WBGene00170589.,0,0,0
WBGene00170590.,0,0,0
WBGene00170591.,0,0,0
WBGene00170592.,0,0,0
WBGene00170593.,0,0,0
WBGene00170594.,0,0,0
WBGene00170595.,0,0,0
WBGene00170596.,0,0,0
WBGene00170597.,0,0,0
WBGene00170598.,0,0,0
WBGene00170599.,0,0,0
WBGene00170600.,0,0,0
WBGene00170601.,0,0,0
WBGene00170602.,0,0,0
WBGene00170603.,0,0,0
WBGene00170604.,0,0,0
WBGene00170605.,0,0,0
WBGene00170606.,0,0,0
WBGene00170607.,0,0,0
WBGene00170608.,0,0,0
WBGene00170609.,0,0,0
WBGene00170610.,0,0,0
WBGene00170611.,0,0,0
WBGene00170612.,0,0,0
WBGene00170613.,0,0,0
WBGene00170614.,0,0,0
WBGene00170615.,0,0,0
WBGene00170616.,0,0,0
WBGene00170617.,0,0,0
WBGene00170618.,0,0,0
WBGene00170619.,0,0,0
WBGene00170620.,0,0,0
WBGene00170621.,0,0,0
WBGene00170622.,0,0,0
WBGene00170623.,0,0,0
WBGene00170624.,0,0,0
WBGene00170625.,0,0,0
WBGene00170626.,0,0,0
WBGene00170627.,0,0,0
WBGene00170628.,0,0,0
WBGene00170629.,0,0,0
WBGene00170630.,0,0,0
WBGene00170631.,0,0,0
WBGene00170632.,0,0,0
WBGene00170633.,0,0,0
WBGene00170634.,0,0,0
WBGene00170635.,0,0,0
WBGene00170636.,0,0,0
WBGene00170637.,0,0,0
WBGene00170638.,0,0,0
WBGene00170639.,0,0,0
WBGene00170640.,0,0,0
WBGene00170641.,0,0,0
WBGene00170642.,0,0,0
WBGene00170643.,0,0,0
WBGene00170644.,0,0,0
WBGene00170645.,0,0,0
WBGene00170646.,0,0,0
WBGene00170647.,0,0,0
WBGene00170648.,0,0,0
WBGene00170649.,0,0,0
WBGene00170650.,0,0,0
WBGene00170651.,0,0,0
WBGene00170652.,0,0,0
WBGene00170653.,0,0,0
WBGene00170654.,0,0,0
WBGene00170655.,0,0,0
WBGene00170656.,0,0,0
WBGene00170657.,0,0,0
WBGene00170658.,0,0,0
WBGene00170659.,0,0,0
WBGene00170660.,0,0,0
WBGene00170661.,0,0,0
WBGene00170662.,0,0,0
WBGene00170663.,0,0,0
WBGene00170664.,0,0,0
WBGene00170665.,0,0,0
WBGene00170666.,0,0,0
WBGene00170667.,0,0,0
WBGene00170668.,0,0,0
WBGene00170669.,0,0,0
WBGene00170670.,0,0,0
WBGene00170671.,0,0,0
WBGene00170672.,0,0,0
WBGene00170673.,0,0,0
WBGene00170674.,0,0,0
WBGene00170675.,0,0,0
WBGene00170676.,0,0,0
WBGene00170677.,0,0,0
WBGene00170678.,0,0,0
WBGene00170679.,0,0,0
WBGene00170680.,0,0,0
WBGene00170681.,0,0,0
WBGene00170682.,0,0,0
WBGene00170683.,0,0,0
WBGene00170684.,0,0,0
WBGene00170685.,0,0,0
WBGene00170686.,0,0,0
WBGene00170687.,0,0,0
WBGene00170688.,0,0,0
WBGene00170689.,0,0,0
WBGene00170690.,0,0,0
WBGene00170691.,0,0,0
WBGene00170692.,0,0,0
WBGene00170693.,0,0,0
WBGene00170694.,0,0,0
WBGene00170695.,0,0,0
WBGene00170697.,0,0,0
WBGene00170698.,0,0,0
WBGene00170699.,0,0,0
WBGene00170700.,0,0,0
WBGene00170701.,0,0,0
WBGene00170702.,0,0,0
WBGene00170703.,0,0,0
WBGene00170704.,0,0,0
WBGene00170705.,0,0,0
WBGene00170706.,0,0,0
WBGene00170707.,0,0,0
WBGene00170708.,0,0,0
WBGene00170709.,0,0,0
WBGene00170710.,0,0,0
WBGene00170711.,0,0,0
WBGene00170712.,0,0,0
WBGene00170713.,0,0,0
WBGene00170714.,0,0,0
WBGene00170715.,0,0,0
WBGene00170716.,0,0,0
WBGene00170717.,0,0,0
WBGene00170718.,0,0,0
WBGene00170719.,0,0,0
WBGene00170720.,0,0,0
WBGene00170721.,0,0,0
WBGene00170722.,0,0,0
WBGene00170723.,0,0,0
WBGene00170724.,0,0,0
WBGene00170725.,0,0,0
WBGene00170726.,0,0,0
WBGene00170727.,0,0,0
WBGene00170728.,0,0,0
WBGene00170729.,0,0,0
WBGene00170730.,0,0,0
WBGene00170731.,0,0,0
WBGene00170732.,0,0,0
WBGene00170733.,0,0,0
WBGene00170734.,0,0,0
WBGene00170735.,0,0,0
WBGene00170736.,0,0,0
WBGene00170737.,0,0,0
WBGene00170738.,0,0,0
WBGene00170739.,0,0,0
WBGene00170740.,0,0,0
WBGene00170741.,0,0,0
WBGene00170742.,0,0,0
WBGene00170743.,0,0,0
WBGene00170744.,0,0,0
WBGene00170745.,0,0,0
WBGene00170746.,0,0,0
WBGene00170747.,0,0,0
WBGene00170748.,0,0,0
WBGene00170749.,0,0,0
WBGene00170750.,0,0,0
WBGene00170751.,0,0,0
WBGene00170752.,0,0,0
WBGene00170753.,0,0,0
WBGene00170754.,0,0,0
WBGene00170755.,0,0,0
WBGene00170756.,0,0,0
WBGene00170757.,0,0,0
WBGene00170758.,0,0,0
WBGene00170759.,0,0,0
WBGene00170760.,0,0,0
WBGene00170761.,0,0,0
WBGene00170762.,0,0,0
WBGene00170763.,0,0,0
WBGene00170764.,0,0,0
WBGene00170765.,0,0,0
WBGene00170766.,0,0,0
WBGene00170767.,0,0,0
WBGene00170768.,0,0,0
WBGene00170769.,0,0,0
WBGene00170770.,0,0,0
WBGene00170771.,0,0,0
WBGene00170772.,0,0,0
WBGene00170773.,0,0,0
WBGene00170774.,0,0,0
WBGene00170775.,0,0,0
WBGene00170776.,0,0,0
WBGene00170777.,0,0,0
WBGene00170778.,0,0,0
WBGene00170779.,0,0,0
WBGene00170780.,0,0,0
WBGene00170781.,0,0,0
WBGene00170782.,0,0,0
WBGene00170783.,0,0,0
WBGene00170784.,0,0,0
WBGene00170785.,0,0,0
WBGene00170786.,0,0,0
WBGene00170787.,0,0,0
WBGene00170788.,0,0,0
WBGene00170789.,0,0,0
WBGene00170790.,0,0,0
WBGene00170791.,0,0,0
WBGene00170792.,0,0,0
WBGene00170793.,0,0,0
WBGene00170794.,0,0,0
WBGene00170795.,0,0,0
WBGene00170796.,0,0,0
WBGene00170797.,0,0,0
WBGene00170798.,0,0,0
WBGene00170799.,0,0,0
WBGene00170800.,0,0,0
WBGene00170801.,0,0,0
WBGene00170802.,0,0,0
WBGene00170803.,0,0,0
WBGene00170804.,0,0,0
WBGene00170805.,0,0,0
WBGene00170806.,0,0,0
WBGene00170807.,0,0,0
WBGene00170808.,0,0,0
WBGene00170809.,0,0,0
WBGene00170810.,0,0,0
WBGene00170811.,0,0,0
WBGene00170812.,0,0,0
WBGene00170813.,0,0,0
WBGene00170814.,0,0,0
WBGene00170815.,0,0,0
WBGene00170816.,0,0,0
WBGene00170817.,0,0,0
WBGene00170818.,0,0,0
WBGene00170819.,0,0,0
WBGene00170820.,0,0,0
WBGene00170821.,0,0,0
WBGene00170822.,0,0,0
WBGene00170823.,0,0,0
WBGene00170824.,0,0,0
WBGene00170825.,0,0,0
WBGene00170826.,0,0,0
WBGene00170827.,0,0,0
WBGene00170828.,0,0,0
WBGene00170829.,0,0,0
WBGene00170830.,0,0,0
WBGene00170831.,0,0,0
WBGene00170832.,0,0,0
WBGene00170833.,0,0,0
WBGene00170834.,0,0,0
WBGene00170835.,0,0,0
WBGene00170836.,0,0,0
WBGene00170837.,0,0,0
WBGene00170838.,0,0,0
WBGene00170839.,0,0,0
WBGene00170840.,0,0,0
WBGene00170841.,0,0,0
WBGene00170842.,0,0,0
WBGene00170843.,0,0,0
WBGene00170844.,0,0,0
WBGene00170845.,0,0,0
WBGene00170846.,0,0,0
WBGene00170847.,0,0,0
WBGene00170848.,0,0,0
WBGene00170849.,0,0,0
WBGene00170850.,0,0,0
WBGene00170851.,0,0,0
WBGene00170852.,0,0,0
WBGene00170853.,0,0,0
WBGene00170854.,0,0,0
WBGene00170855.,0,0,0
WBGene00170856.,0,0,0
WBGene00170857.,0,0,0
WBGene00170858.,0,0,0
WBGene00170859.,0,0,0
WBGene00170860.,0,0,0
WBGene00170861.,0,0,0
WBGene00170862.,0,0,0
WBGene00170863.,0,0,0
WBGene00170864.,0,0,0
WBGene00170865.,0,0,0
WBGene00170866.,0,0,0
WBGene00170867.,0,0,0
WBGene00170868.,0,0,0
WBGene00170869.,0,0,0
WBGene00170870.,0,0,0
WBGene00170871.,0,0,0
WBGene00170872.,0,0,0
WBGene00170873.,0,0,0
WBGene00170874.,0,0,0
WBGene00170875.,0,0,0
WBGene00170876.,0,0,0
WBGene00170877.,0,0,0
WBGene00170878.,0,0,0
WBGene00170879.,0,0,0
WBGene00170880.,0,0,0
WBGene00170881.,0,0,0
WBGene00170882.,0,0,0
WBGene00170883.,0,0,0
WBGene00170884.,0,0,0
WBGene00170885.,0,0,0
WBGene00170886.,0,0,0
WBGene00170887.,0,0,0
WBGene00170888.,0,0,0
WBGene00170889.,0,0,0
WBGene00170890.,0,0,0
WBGene00170891.,0,0,0
WBGene00170892.,0,0,0
WBGene00170893.,0,0,0
WBGene00170894.,0,0,0
WBGene00170895.,0,0,0
WBGene00170896.,0,0,0
WBGene00170897.,0,0,0
WBGene00170898.,0,0,0
WBGene00170899.,0,0,0
WBGene00170900.,0,0,0
WBGene00170901.,0,0,0
WBGene00170902.,0,0,0
WBGene00170903.,0,0,0
WBGene00170904.,0,0,0
WBGene00170905.,0,0,0
WBGene00170906.,0,0,0
WBGene00170907.,0,0,0
WBGene00170908.,0,0,0
WBGene00170909.,0,0,0
WBGene00170910.,0,0,0
WBGene00170911.,0,0,0
WBGene00170912.,0,0,0
WBGene00170913.,0,0,0
WBGene00170914.,0,0,0
WBGene00170915.,0,0,0
WBGene00170916.,0,0,0
WBGene00170917.,0,0,0
WBGene00170918.,0,0,0
WBGene00170919.,0,0,0
WBGene00170920.,0,0,0
WBGene00170921.,0,0,0
WBGene00170922.,0,0,0
WBGene00170923.,0,0,0
WBGene00170924.,0,0,0
WBGene00170925.,0,0,0
WBGene00170926.,0,0,0
WBGene00170927.,0,0,0
WBGene00170928.,0,0,0
WBGene00170929.,0,0,0
WBGene00170930.,0,0,0
WBGene00170931.,0,0,0
WBGene00170932.,0,0,0
WBGene00170933.,0,0,0
WBGene00170934.,0,0,0
WBGene00170935.,0,0,0
WBGene00170936.,0,0,0
WBGene00170937.,0,0,0
WBGene00170938.,0,0,0
WBGene00170939.,0,0,0
WBGene00170940.,0,0,0
WBGene00170941.,0,0,0
WBGene00170942.,0,0,0
WBGene00170943.,0,0,0
WBGene00170944.,0,0,0
WBGene00170945.,0,0,0
WBGene00170946.,0,0,0
WBGene00170947.,0,0,0
WBGene00170948.,0,0,0
WBGene00170949.,0,0,0
WBGene00170950.,0,0,0
WBGene00170951.,0,0,0
WBGene00170952.,0,0,0
WBGene00170953.,0,0,0
WBGene00170954.,0,0,0
WBGene00170955.,0,0,0
WBGene00170956.,0,0,0
WBGene00170957.,0,0,0
WBGene00170958.,0,0,0
WBGene00170959.,0,0,0
WBGene00170960.,0,0,0
WBGene00170961.,0,0,0
WBGene00170962.,0,0,0
WBGene00170963.,0,0,0
WBGene00170964.,0,0,0
WBGene00170965.,0,0,0
WBGene00170966.,0,0,0
WBGene00170967.,0,0,0
WBGene00170968.,0,0,0
WBGene00170969.,0,0,0
WBGene00170970.,0,0,0
WBGene00170971.,0,0,0
WBGene00170972.,0,0,0
WBGene00170973.,0,0,0
WBGene00170974.,0,0,0
WBGene00170975.,0,0,0
WBGene00170976.,0,0,0
WBGene00170977.,0,0,0
WBGene00170978.,0,0,0
WBGene00170979.,0,0,0
WBGene00170980.,0,0,0
WBGene00170981.,0,0,0
WBGene00170982.,0,0,0
WBGene00170983.,0,0,0
WBGene00170984.,0,0,0
WBGene00170985.,0,0,0
WBGene00170986.,0,0,0
WBGene00170987.,0,0,0
WBGene00170988.,0,0,0
WBGene00170989.,0,0,0
WBGene00170990.,0,0,0
WBGene00170991.,0,0,0
WBGene00170992.,0,0,0
WBGene00170993.,0,0,0
WBGene00170994.,0,0,0
WBGene00170995.,0,0,0
WBGene00170996.,0,0,0
WBGene00170997.,0,0,0
WBGene00170998.,0,0,0
WBGene00170999.,0,0,0
WBGene00171000.,0,0,0
WBGene00171001.,0,0,0
WBGene00171002.,0,0,0
WBGene00171003.,0,0,0
WBGene00171004.,0,0,0
WBGene00171005.,0,0,0
WBGene00171006.,0,0,0
WBGene00171007.,0,0,0
WBGene00171008.,0,0,0
WBGene00171009.,0,0,0
WBGene00171010.,0,0,0
WBGene00171011.,0,0,0
WBGene00171012.,0,0,0
WBGene00171013.,0,0,0
WBGene00171014.,0,0,0
WBGene00171015.,0,0,0
WBGene00171016.,0,0,0
WBGene00171017.,0,0,0
WBGene00171018.,0,0,0
WBGene00171019.,0,0,0
WBGene00171020.,0,0,0
WBGene00171021.,0,0,0
WBGene00171022.,0,0,0
WBGene00171023.,0,0,0
WBGene00171024.,0,0,0
WBGene00171025.,0,0,0
WBGene00171026.,0,0,0
WBGene00171027.,0,0,0
WBGene00171028.,0,0,0
WBGene00171029.,0,0,0
WBGene00171030.,0,0,0
WBGene00171031.,0,0,0
WBGene00171032.,0,0,0
WBGene00171033.,0,0,0
WBGene00171034.,0,0,0
WBGene00171035.,0,0,0
WBGene00171036.,0,0,0
WBGene00171037.,0,0,0
WBGene00171038.,0,0,0
WBGene00171039.,0,0,0
WBGene00171040.,0,0,0
WBGene00171041.,0,0,0
WBGene00171042.,0,0,0
WBGene00171043.,0,0,0
WBGene00171044.,0,0,0
WBGene00171045.,0,0,0
WBGene00171046.,0,0,0
WBGene00171047.,0,0,0
WBGene00171048.,0,0,0
WBGene00171049.,0,0,0
WBGene00171050.,0,0,0
WBGene00171051.,0,0,0
WBGene00171052.,0,0,0
WBGene00171053.,0,0,0
WBGene00171054.,0,0,0
WBGene00171055.,0,0,0
WBGene00171056.,0,0,0
WBGene00171057.,0,0,0
WBGene00171058.,0,0,0
WBGene00171059.,0,0,0
WBGene00171060.,0,0,0
WBGene00171061.,0,0,0
WBGene00171062.,0,0,0
WBGene00171063.,0,0,0
WBGene00171064.,0,0,0
WBGene00171065.,0,0,0
WBGene00171066.,0,0,0
WBGene00171067.,0,0,0
WBGene00171068.,0,0,0
WBGene00171069.,0,0,0
WBGene00171070.,0,0,0
WBGene00171071.,0,0,0
WBGene00171072.,0,0,0
WBGene00171073.,0,0,0
WBGene00171074.,0,0,0
WBGene00171075.,0,0,0
WBGene00171076.,0,0,0
WBGene00171077.,0,0,0
WBGene00171078.,0,0,0
WBGene00171079.,0,0,0
WBGene00171080.,0,0,0
WBGene00171081.,0,0,0
WBGene00171082.,0,0,0
WBGene00171083.,0,0,0
WBGene00171084.,0,0,0
WBGene00171085.,0,0,0
WBGene00171086.,0,0,0
WBGene00171087.,0,0,0
WBGene00171088.,0,0,0
WBGene00171089.,0,0,0
WBGene00171090.,0,0,0
WBGene00171091.,0,0,0
WBGene00171092.,0,0,0
WBGene00171093.,0,0,0
WBGene00171094.,0,0,0
WBGene00171095.,0,0,0
WBGene00171096.,0,0,0
WBGene00171097.,0,0,0
WBGene00171098.,0,0,0
WBGene00171099.,0,0,0
WBGene00171100.,0,0,0
WBGene00171101.,0,0,0
WBGene00171102.,0,0,0
WBGene00171103.,0,0,0
WBGene00171104.,0,0,0
WBGene00171105.,0,0,0
WBGene00171106.,0,0,0
WBGene00171107.,0,0,0
WBGene00171108.,0,0,0
WBGene00171109.,0,0,0
WBGene00171110.,0,0,0
WBGene00171111.,0,0,0
WBGene00171112.,0,0,0
WBGene00171113.,0,0,0
WBGene00171114.,0,0,0
WBGene00171115.,0,0,0
WBGene00171116.,0,0,0
WBGene00171117.,0,0,0
WBGene00171118.,0,0,0
WBGene00171119.,0,0,0
WBGene00171120.,0,0,0
WBGene00171121.,0,0,0
WBGene00171122.,0,0,0
WBGene00171123.,0,0,0
WBGene00171124.,0,0,0
WBGene00171125.,0,0,0
WBGene00171126.,0,0,0
WBGene00171127.,0,0,0
WBGene00171128.,0,0,0
WBGene00171129.,0,0,0
WBGene00171130.,0,0,0
WBGene00171131.,0,0,0
WBGene00171132.,0,0,0
WBGene00171133.,0,0,0
WBGene00171134.,0,0,0
WBGene00171135.,0,0,0
WBGene00171136.,0,0,0
WBGene00171137.,0,0,0
WBGene00171138.,0,0,0
WBGene00171139.,0,0,0
WBGene00171140.,0,0,0
WBGene00171141.,0,0,0
WBGene00171142.,0,0,0
WBGene00171143.,0,0,0
WBGene00171144.,0,0,0
WBGene00171145.,0,0,0
WBGene00171146.,0,0,0
WBGene00171147.,0,0,0
WBGene00171148.,0,0,0
WBGene00171149.,0,0,0
WBGene00171150.,0,0,0
WBGene00171151.,0,0,0
WBGene00171152.,0,0,0
WBGene00171153.,0,0,0
WBGene00171154.,0,0,0
WBGene00171155.,0,0,0
WBGene00171156.,0,0,0
WBGene00171157.,0,0,0
WBGene00171158.,0,0,0
WBGene00171159.,0,0,0
WBGene00171160.,0,0,0
WBGene00171161.,0,0,0
WBGene00171162.,0,0,0
WBGene00171163.,0,0,0
WBGene00171164.,0,0,0
WBGene00171165.,0,0,0
WBGene00171166.,0,0,0
WBGene00171167.,0,0,0
WBGene00171168.,0,0,0
WBGene00171169.,0,0,0
WBGene00171170.,0,0,0
WBGene00171171.,0,0,0
WBGene00171172.,0,0,0
WBGene00171173.,0,0,0
WBGene00171174.,0,0,0
WBGene00171175.,0,0,0
WBGene00171176.,0,0,0
WBGene00171177.,0,0,0
WBGene00171178.,0,0,0
WBGene00171179.,0,0,0
WBGene00171180.,0,0,0
WBGene00171181.,0,0,0
WBGene00171182.,0,0,0
WBGene00171183.,0,0,0
WBGene00171184.,0,0,0
WBGene00171185.,0,0,0
WBGene00171186.,0,0,0
WBGene00171187.,0,0,0
WBGene00171188.,0,0,0
WBGene00171189.,0,0,0
WBGene00171190.,0,0,0
WBGene00171191.,0,0,0
WBGene00171192.,0,0,0
WBGene00171193.,0,0,0
WBGene00171194.,0,0,0
WBGene00171195.,0,0,0
WBGene00171196.,0,0,0
WBGene00171197.,0,0,0
WBGene00171198.,0,0,0
WBGene00171199.,0,0,0
WBGene00171200.,0,0,0
WBGene00171201.,0,0,0
WBGene00171202.,0,0,0
WBGene00171203.,0,0,0
WBGene00171204.,0,0,0
WBGene00171205.,0,0,0
WBGene00171206.,0,0,0
WBGene00171207.,0,0,0
WBGene00171208.,0,0,0
WBGene00171209.,0,0,0
WBGene00171210.,0,0,0
WBGene00171211.,0,0,0
WBGene00171212.,0,0,0
WBGene00171213.,0,0,0
WBGene00171214.,0,0,0
WBGene00171215.,0,0,0
WBGene00171216.,0,0,0
WBGene00171217.,0,0,0
WBGene00171218.,0,0,0
WBGene00171219.,0,0,0
WBGene00171220.,0,0,0
WBGene00171221.,0,0,0
WBGene00171222.,0,0,0
WBGene00171223.,0,0,0
WBGene00171224.,0,0,0
WBGene00171225.,0,0,0
WBGene00171226.,0,0,0
WBGene00171227.,0,0,0
WBGene00171228.,0,0,0
WBGene00171229.,0,0,0
WBGene00171230.,0,0,0
WBGene00171231.,0,0,0
WBGene00171232.,0,0,0
WBGene00171233.,0,0,0
WBGene00171234.,0,0,0
WBGene00171235.,0,0,0
WBGene00171236.,0,0,0
WBGene00171237.,0,0,0
WBGene00171238.,0,0,0
WBGene00171239.,0,0,0
WBGene00171240.,0,0,0
WBGene00171241.,0,0,0
WBGene00171242.,0,0,0
WBGene00171243.,0,0,0
WBGene00171244.,0,0,0
WBGene00171245.,0,0,0
WBGene00171246.,0,0,0
WBGene00171247.,0,0,0
WBGene00171248.,0,0,0
WBGene00171249.,0,0,0
WBGene00171250.,0,0,0
WBGene00171251.,0,0,0
WBGene00171252.,0,0,0
WBGene00171253.,0,0,0
WBGene00171254.,0,0,0
WBGene00171255.,0,0,0
WBGene00171256.,0,0,0
WBGene00171257.,0,0,0
WBGene00171258.,0,0,0
WBGene00171259.,0,0,0
WBGene00171260.,0,0,0
WBGene00171261.,0,0,0
WBGene00171262.,0,0,0
WBGene00171263.,0,0,0
WBGene00171264.,0,0,0
WBGene00171265.,0,0,0
WBGene00171266.,0,0,0
WBGene00171267.,0,0,0
WBGene00171268.,0,0,0
WBGene00171269.,0,0,0
WBGene00171270.,0,0,0
WBGene00171271.,0,0,0
WBGene00171272.,0,0,0
WBGene00171273.,0,0,0
WBGene00171274.,0,0,0
WBGene00171275.,0,0,0
WBGene00171276.,0,0,0
WBGene00171277.,0,0,0
WBGene00171278.,0,0,0
WBGene00171279.,0,0,0
WBGene00171280.,0,0,0
WBGene00171281.,0,0,0
WBGene00171282.,0,0,0
WBGene00171283.,0,0,0
WBGene00171284.,0,0,0
WBGene00171285.,0,0,0
WBGene00171286.,0,0,0
WBGene00171287.,0,0,0
WBGene00171288.,0,0,0
WBGene00171289.,0,0,0
WBGene00171290.,0,0,0
WBGene00171291.,0,0,0
WBGene00171292.,0,0,0
WBGene00171293.,0,0,0
WBGene00171294.,0,0,0
WBGene00171295.,0,0,0
WBGene00171296.,0,0,0
WBGene00171297.,0,0,0
WBGene00171298.,0,0,0
WBGene00171299.,0,0,0
WBGene00171300.,0,0,0
WBGene00171301.,0,0,0
WBGene00171302.,0,0,0
WBGene00171303.,0,0,0
WBGene00171304.,0,0,0
WBGene00171305.,0,0,0
WBGene00171306.,0,0,0
WBGene00171307.,0,0,0
WBGene00171308.,0,0,0
WBGene00171309.,0,0,0
WBGene00171310.,0,0,0
WBGene00171311.,0,0,0
WBGene00171312.,0,0,0
WBGene00171313.,0,0,0
WBGene00171314.,0,0,0
WBGene00171315.,0,0,0
WBGene00171316.,0,0,0
WBGene00171317.,0,0,0
WBGene00171318.,0,0,0
WBGene00171319.,0,0,0
WBGene00171320.,0,0,0
WBGene00171321.,0,0,0
WBGene00171322.,0,0,0
WBGene00171323.,0,0,0
WBGene00171324.,0,0,0
WBGene00171325.,0,0,0
WBGene00171326.,0,0,0
WBGene00171327.,0,0,0
WBGene00171328.,0,0,0
WBGene00171329.,0,0,0
WBGene00171330.,0,0,0
WBGene00171331.,0,0,0
WBGene00171332.,0,0,0
WBGene00171333.,0,0,0
WBGene00171334.,0,0,0
WBGene00171335.,0,0,0
WBGene00171336.,0,0,0
WBGene00171337.,0,0,0
WBGene00171338.,0,0,0
WBGene00171339.,0,0,0
WBGene00171340.,0,0,0
WBGene00171341.,0,0,0
WBGene00171342.,0,0,0
WBGene00171343.,0,0,0
WBGene00171344.,0,0,0
WBGene00171345.,0,0,0
WBGene00171346.,0,0,0
WBGene00171347.,0,0,0
WBGene00171348.,0,0,0
WBGene00171349.,0,0,0
WBGene00171350.,0,0,0
WBGene00171351.,0,0,0
WBGene00171352.,0,0,0
WBGene00171353.,0,0,0
WBGene00171354.,0,0,0
WBGene00171355.,0,0,0
WBGene00171356.,0,0,0
WBGene00171357.,0,0,0
WBGene00171358.,0,0,0
WBGene00171359.,0,0,0
WBGene00171360.,0,0,0
WBGene00171361.,0,0,0
WBGene00171362.,0,0,0
WBGene00171363.,0,0,0
WBGene00171364.,0,0,0
WBGene00171365.,0,0,0
WBGene00171366.,0,0,0
WBGene00171367.,0,0,0
WBGene00171368.,0,0,0
WBGene00171369.,0,0,0
WBGene00171370.,0,0,0
WBGene00171371.,0,0,0
WBGene00171372.,0,0,0
WBGene00171373.,0,0,0
WBGene00171374.,0,0,0
WBGene00171375.,0,0,0
WBGene00171376.,0,0,0
WBGene00171377.,0,0,0
WBGene00171378.,0,0,0
WBGene00171379.,0,0,0
WBGene00171380.,0,0,0
WBGene00171381.,0,0,0
WBGene00171382.,0,0,0
WBGene00171383.,0,0,0
WBGene00171384.,0,0,0
WBGene00171385.,0,0,0
WBGene00171386.,0,0,0
WBGene00171387.,0,0,0
WBGene00171388.,0,0,0
WBGene00171389.,0,0,0
WBGene00171390.,0,0,0
WBGene00171391.,0,0,0
WBGene00171392.,0,0,0
WBGene00171393.,0,0,0
WBGene00171394.,0,0,0
WBGene00171395.,0,0,0
WBGene00171396.,0,0,0
WBGene00171397.,0,0,0
WBGene00171398.,0,0,0
WBGene00171399.,0,0,0
WBGene00171400.,0,0,0
WBGene00171401.,0,0,0
WBGene00171402.,0,0,0
WBGene00171403.,0,0,0
WBGene00171404.,0,0,0
WBGene00171405.,0,0,0
WBGene00171406.,0,0,0
WBGene00171407.,0,0,0
WBGene00171408.,0,0,0
WBGene00171409.,0,0,0
WBGene00171410.,0,0,0
WBGene00171411.,0,0,0
WBGene00171412.,0,0,0
WBGene00171413.,0,0,0
WBGene00171414.,0,0,0
WBGene00171415.,0,0,0
WBGene00171416.,0,0,0
WBGene00171417.,0,0,0
WBGene00171418.,0,0,0
WBGene00171419.,0,0,0
WBGene00171420.,0,0,0
WBGene00171421.,0,0,0
WBGene00171422.,0,0,0
WBGene00171423.,0,0,0
WBGene00171424.,0,0,0
WBGene00171425.,0,0,0
WBGene00171426.,0,0,0
WBGene00171427.,0,0,0
WBGene00171428.,0,0,0
WBGene00171429.,0,0,0
WBGene00171430.,0,0,0
WBGene00171431.,0,0,0
WBGene00171432.,0,0,0
WBGene00171433.,0,0,0
WBGene00171434.,0,0,0
WBGene00171435.,0,0,0
WBGene00171436.,0,0,0
WBGene00171437.,0,0,0
WBGene00171438.,0,0,0
WBGene00171439.,0,0,0
WBGene00171440.,0,0,0
WBGene00171441.,0,0,0
WBGene00171442.,0,0,0
WBGene00171443.,0,0,0
WBGene00171444.,0,0,0
WBGene00171445.,0,0,0
WBGene00171446.,0,0,0
WBGene00171447.,0,0,0
WBGene00171448.,0,0,0
WBGene00171449.,0,0,0
WBGene00171450.,0,0,0
WBGene00171451.,0,0,0
WBGene00171452.,0,0,0
WBGene00171453.,0,0,0
WBGene00171454.,0,0,0
WBGene00171455.,0,0,0
WBGene00171456.,0,0,0
WBGene00171457.,0,0,0
WBGene00171458.,0,0,0
WBGene00171459.,0,0,0
WBGene00171460.,0,0,0
WBGene00171461.,0,0,0
WBGene00171462.,0,0,0
WBGene00171463.,0,0,0
WBGene00171464.,0,0,0
WBGene00171465.,0,0,0
WBGene00171466.,0,0,0
WBGene00171467.,0,0,0
WBGene00171468.,0,0,0
WBGene00171469.,0,0,0
WBGene00171470.,0,0,0
WBGene00171471.,0,0,0
WBGene00171472.,0,0,0
WBGene00171473.,0,0,0
WBGene00171474.,0,0,0
WBGene00171475.,0,0,0
WBGene00171476.,0,0,0
WBGene00171477.,0,0,0
WBGene00171478.,0,0,0
WBGene00171479.,0,0,0
WBGene00171480.,0,0,0
WBGene00171481.,0,0,0
WBGene00171482.,0,0,0
WBGene00171483.,0,0,0
WBGene00171484.,0,0,0
WBGene00171485.,0,0,0
WBGene00171486.,0,0,0
WBGene00171487.,0,0,0
WBGene00171488.,0,0,0
WBGene00171489.,0,0,0
WBGene00171490.,0,0,0
WBGene00171491.,0,0,0
WBGene00171492.,0,0,0
WBGene00171493.,0,0,0
WBGene00171494.,0,0,0
WBGene00171495.,0,0,0
WBGene00171496.,0,0,0
WBGene00171497.,0,0,0
WBGene00171498.,0,0,0
WBGene00171499.,0,0,0
WBGene00171500.,0,0,0
WBGene00171501.,0,0,0
WBGene00171502.,0,0,0
WBGene00171503.,0,0,0
WBGene00171504.,0,0,0
WBGene00171505.,0,0,0
WBGene00171506.,0,0,0
WBGene00171507.,0,0,0
WBGene00171508.,0,0,0
WBGene00171509.,0,0,0
WBGene00171510.,0,0,0
WBGene00171511.,0,0,0
WBGene00171512.,0,0,0
WBGene00171513.,0,0,0
WBGene00171514.,0,0,0
WBGene00171515.,0,0,0
WBGene00171516.,0,0,0
WBGene00171517.,0,0,0
WBGene00171518.,0,0,0
WBGene00171519.,0,0,0
WBGene00171520.,0,0,0
WBGene00171521.,0,0,0
WBGene00171522.,0,0,0
WBGene00171523.,0,0,0
WBGene00171524.,0,0,0
WBGene00171525.,0,0,0
WBGene00171526.,0,0,0
WBGene00171527.,0,0,0
WBGene00171528.,0,0,0
WBGene00171529.,0,0,0
WBGene00171530.,0,0,0
WBGene00171531.,0,0,0
WBGene00171532.,0,0,0
WBGene00171533.,0,0,0
WBGene00171534.,0,0,0
WBGene00171535.,0,0,0
WBGene00171536.,0,0,0
WBGene00171537.,0,0,0
WBGene00171538.,0,0,0
WBGene00171539.,0,0,0
WBGene00171540.,0,0,0
WBGene00171541.,0,0,0
WBGene00171542.,0,0,0
WBGene00171543.,0,0,0
WBGene00171544.,0,0,0
WBGene00171545.,0,0,0
WBGene00171546.,0,0,0
WBGene00171547.,0,0,0
WBGene00171548.,0,0,0
WBGene00171549.,0,0,0
WBGene00171550.,0,0,0
WBGene00171551.,0,0,0
WBGene00171552.,0,0,0
WBGene00171553.,0,0,0
WBGene00171554.,0,0,0
WBGene00171555.,0,0,0
WBGene00171556.,0,0,0
WBGene00171557.,0,0,0
WBGene00171558.,0,0,0
WBGene00171559.,0,0,0
WBGene00171560.,0,0,0
WBGene00171561.,0,0,0
WBGene00171562.,0,0,0
WBGene00171563.,0,0,0
WBGene00171564.,0,0,0
WBGene00171565.,0,0,0
WBGene00171566.,0,0,0
WBGene00171567.,0,0,0
WBGene00171568.,0,0,0
WBGene00171569.,0,0,0
WBGene00171570.,0,0,0
WBGene00171571.,0,0,0
WBGene00171572.,0,0,0
WBGene00171573.,0,0,0
WBGene00171574.,0,0,0
WBGene00171575.,0,0,0
WBGene00171576.,0,0,0
WBGene00171577.,0,0,0
WBGene00171578.,0,0,0
WBGene00171579.,0,0,0
WBGene00171580.,0,0,0
WBGene00171581.,0,0,0
WBGene00171582.,0,0,0
WBGene00171583.,0,0,0
WBGene00171584.,0,0,0
WBGene00171585.,0,0,0
WBGene00171586.,0,0,0
WBGene00171587.,0,0,0
WBGene00171588.,0,0,0
WBGene00171589.,0,0,0
WBGene00171590.,0,0,0
WBGene00171591.,0,0,0
WBGene00171592.,0,0,0
WBGene00171593.,0,0,0
WBGene00171594.,0,0,0
WBGene00171595.,0,0,0
WBGene00171596.,0,0,0
WBGene00171597.,0,0,0
WBGene00171598.,0,0,0
WBGene00171599.,0,0,0
WBGene00171600.,0,0,0
WBGene00171601.,0,0,0
WBGene00171602.,0,0,0
WBGene00171603.,0,0,0
WBGene00171604.,0,0,0
WBGene00171605.,0,0,0
WBGene00171606.,0,0,0
WBGene00171607.,0,0,0
WBGene00171608.,0,0,0
WBGene00171609.,0,0,0
WBGene00171610.,0,0,0
WBGene00171611.,0,0,0
WBGene00171612.,0,0,0
WBGene00171613.,0,0,0
WBGene00171614.,0,0,0
WBGene00171615.,0,0,0
WBGene00171616.,0,0,0
WBGene00171617.,0,0,0
WBGene00171618.,0,0,0
WBGene00171619.,0,0,0
WBGene00171620.,0,0,0
WBGene00171621.,0,0,0
WBGene00171622.,0,0,0
WBGene00171623.,0,0,0
WBGene00171624.,0,0,0
WBGene00171625.,0,0,0
WBGene00171626.,0,0,0
WBGene00171627.,0,0,0
WBGene00171628.,0,0,0
WBGene00171629.,0,0,0
WBGene00171630.,0,0,0
WBGene00171631.,0,0,0
WBGene00171632.,0,0,0
WBGene00171633.,0,0,0
WBGene00171634.,0,0,0
WBGene00171635.,0,0,0
WBGene00171636.,0,0,0
WBGene00171637.,0,0,0
WBGene00171638.,0,0,0
WBGene00171639.,0,0,0
WBGene00171640.,0,0,0
WBGene00171641.,0,0,0
WBGene00171642.,0,0,0
WBGene00171643.,0,0,0
WBGene00171644.,0,0,0
WBGene00171645.,0,0,0
WBGene00171646.,0,0,0
WBGene00171647.,0,0,0
WBGene00171648.,0,0,0
WBGene00171649.,0,0,0
WBGene00171650.,0,0,0
WBGene00171651.,0,0,0
WBGene00171652.,0,0,0
WBGene00171653.,0,0,0
WBGene00171654.,0,0,0
WBGene00171655.,0,0,0
WBGene00171656.,0,0,0
WBGene00171657.,0,0,0
WBGene00171658.,0,0,0
WBGene00171659.,0,0,0
WBGene00171660.,0,0,0
WBGene00171661.,0,0,0
WBGene00171662.,0,0,0
WBGene00171663.,0,0,0
WBGene00171664.,0,0,0
WBGene00171665.,0,0,0
WBGene00171666.,0,0,0
WBGene00171667.,0,0,0
WBGene00171668.,0,0,0
WBGene00171669.,0,0,0
WBGene00171670.,0,0,0
WBGene00171671.,0,0,0
WBGene00171672.,0,0,0
WBGene00171673.,0,0,0
WBGene00171674.,0,0,0
WBGene00171675.,0,0,0
WBGene00171676.,0,0,0
WBGene00171677.,0,0,0
WBGene00171678.,0,0,0
WBGene00171679.,0,0,0
WBGene00171680.,0,0,0
WBGene00171681.,0,0,0
WBGene00171682.,0,0,0
WBGene00171683.,0,0,0
WBGene00171684.,0,0,0
WBGene00171685.,0,0,0
WBGene00171686.,0,0,0
WBGene00171687.,0,0,0
WBGene00171688.,0,0,0
WBGene00171689.,0,0,0
WBGene00171690.,0,0,0
WBGene00171691.,0,0,0
WBGene00171692.,0,0,0
WBGene00171693.,0,0,0
WBGene00171694.,0,0,0
WBGene00171695.,0,0,0
WBGene00171696.,0,0,0
WBGene00171697.,0,0,0
WBGene00171698.,0,0,0
WBGene00171699.,0,0,0
WBGene00171700.,0,0,0
WBGene00171701.,0,0,0
WBGene00171702.,0,0,0
WBGene00171703.,0,0,0
WBGene00171704.,0,0,0
WBGene00171705.,0,0,0
WBGene00171706.,0,0,0
WBGene00171707.,0,0,0
WBGene00171708.,0,0,0
WBGene00171709.,0,0,0
WBGene00171710.,0,0,0
WBGene00171712.,0,0,0
WBGene00171713.,0,0,0
WBGene00171714.,0,0,0
WBGene00171715.,0,0,0
WBGene00171716.,0,0,0
WBGene00171717.,0,0,0
WBGene00171718.,0,0,0
WBGene00171719.,0,0,0
WBGene00171720.,0,0,0
WBGene00171721.,0,0,0
WBGene00171722.,0,0,0
WBGene00171723.,0,0,0
WBGene00171724.,0,0,0
WBGene00171725.,0,0,0
WBGene00171726.,0,0,0
WBGene00171727.,0,0,0
WBGene00171728.,0,0,0
WBGene00171729.,0,0,0
WBGene00171730.,0,0,0
WBGene00171731.,0,0,0
WBGene00171732.,0,0,0
WBGene00171733.,0,0,0
WBGene00171734.,0,0,0
WBGene00171735.,0,0,0
WBGene00171736.,0,0,0
WBGene00171737.,0,0,0
WBGene00171738.,0,0,0
WBGene00171739.,0,0,0
WBGene00171740.,0,0,0
WBGene00171741.,0,0,0
WBGene00171742.,0,0,0
WBGene00171743.,0,0,0
WBGene00171744.,0,0,0
WBGene00171745.,0,0,0
WBGene00171746.,0,0,0
WBGene00171747.,0,0,0
WBGene00171748.,0,0,0
WBGene00171749.,0,0,0
WBGene00171750.,0,0,0
WBGene00171751.,0,0,0
WBGene00171752.,0,0,0
WBGene00171753.,0,0,0
WBGene00171754.,0,0,0
WBGene00171755.,0,0,0
WBGene00171756.,0,0,0
WBGene00171757.,0,0,0
WBGene00171758.,0,0,0
WBGene00171759.,0,0,0
WBGene00171760.,0,0,0
WBGene00171761.,0,0,0
WBGene00171762.,0,0,0
WBGene00171763.,0,0,0
WBGene00171764.,0,0,0
WBGene00171765.,0,0,0
WBGene00171766.,0,0,0
WBGene00171767.,0,0,0
WBGene00171768.,0,0,0
WBGene00171769.,0,0,0
WBGene00171770.,0,0,0
WBGene00171771.,0,0,0
WBGene00171772.,0,0,0
WBGene00171773.,0,0,0
WBGene00171774.,0,0,0
WBGene00171775.,0,0,0
WBGene00171776.,0,0,0
WBGene00171777.,0,0,0
WBGene00171778.,0,0,0
WBGene00171779.,0,0,0
WBGene00171780.,0,0,0
WBGene00171781.,0,0,0
WBGene00171782.,0,0,0
WBGene00171783.,0,0,0
WBGene00171784.,0,0,0
WBGene00171785.,0,0,0
WBGene00171786.,0,0,0
WBGene00171787.,0,0,0
WBGene00171788.,0,0,0
WBGene00171789.,0,0,0
WBGene00171790.,0,0,0
WBGene00171791.,0,0,0
WBGene00171792.,0,0,0
WBGene00171793.,0,0,0
WBGene00171794.,0,0,0
WBGene00171795.,0,0,0
WBGene00171796.,0,0,0
WBGene00171797.,0,0,0
WBGene00171798.,0,0,0
WBGene00171799.,0,0,0
WBGene00171800.,0,0,0
WBGene00171801.,0,0,0
WBGene00171802.,0,0,0
WBGene00171803.,0,0,0
WBGene00171804.,0,0,0
WBGene00171805.,0,0,0
WBGene00171806.,0,0,0
WBGene00171807.,0,0,0
WBGene00171809.,0,0,0
WBGene00171810.,0,0,0
WBGene00171811.,0,0,0
WBGene00171812.,0,0,0
WBGene00171813.,0,0,0
WBGene00171814.,0,0,0
WBGene00171815.,0,0,0
WBGene00171816.,0,0,0
WBGene00171817.,0,0,0
WBGene00171818.,0,0,0
WBGene00171819.,0,0,0
WBGene00171820.,0,0,0
WBGene00171821.,0,0,0
WBGene00171822.,0,0,0
WBGene00171823.,0,0,0
WBGene00171824.,0,0,0
WBGene00171825.,0,0,0
WBGene00171826.,0,0,0
WBGene00171827.,0,0,0
WBGene00171828.,0,0,0
WBGene00171829.,0,0,0
WBGene00171830.,0,0,0
WBGene00171831.,0,0,0
WBGene00171832.,0,0,0
WBGene00171833.,0,0,0
WBGene00171834.,0,0,0
WBGene00171835.,0,0,0
WBGene00171836.,0,0,0
WBGene00171837.,0,0,0
WBGene00171838.,0,0,0
WBGene00171839.,0,0,0
WBGene00171840.,0,0,0
WBGene00171841.,0,0,0
WBGene00171842.,0,0,0
WBGene00171843.,0,0,0
WBGene00171844.,0,0,0
WBGene00171845.,0,0,0
WBGene00171846.,0,0,0
WBGene00171847.,0,0,0
WBGene00171848.,0,0,0
WBGene00171849.,0,0,0
WBGene00171850.,0,0,0
WBGene00171851.,0,0,0
WBGene00171852.,0,0,0
WBGene00171853.,0,0,0
WBGene00171854.,0,0,0
WBGene00171855.,0,0,0
WBGene00171856.,0,0,0
WBGene00171857.,0,0,0
WBGene00171858.,0,0,0
WBGene00171859.,0,0,0
WBGene00171860.,0,0,0
WBGene00171861.,0,0,0
WBGene00171862.,0,0,0
WBGene00171863.,0,0,0
WBGene00171864.,0,0,0
WBGene00171865.,0,0,0
WBGene00171866.,0,0,0
WBGene00171867.,0,0,0
WBGene00171868.,0,0,0
WBGene00171869.,0,0,0
WBGene00171870.,0,0,0
WBGene00171871.,0,0,0
WBGene00171872.,0,0,0
WBGene00171873.,0,0,0
WBGene00171875.,0,0,0
WBGene00171876.,0,0,0
WBGene00171877.,0,0,0
WBGene00171878.,0,0,0
WBGene00171879.,0,0,0
WBGene00171880.,0,0,0
WBGene00171881.,0,0,0
WBGene00171882.,0,0,0
WBGene00171883.,0,0,0
WBGene00171884.,0,0,0
WBGene00171885.,0,0,0
WBGene00171886.,0,0,0
WBGene00171887.,0,0,0
WBGene00171888.,0,0,0
WBGene00171889.,0,0,0
WBGene00171890.,0,0,0
WBGene00171891.,0,0,0
WBGene00171892.,0,0,0
WBGene00171893.,0,0,0
WBGene00171894.,0,0,0
WBGene00171895.,0,0,0
WBGene00171896.,0,0,0
WBGene00171897.,0,0,0
WBGene00171898.,0,0,0
WBGene00171899.,0,0,0
WBGene00171900.,0,0,0
WBGene00171901.,0,0,0
WBGene00171902.,0,0,0
WBGene00171903.,0,0,0
WBGene00171904.,0,0,0
WBGene00171905.,0,0,0
WBGene00171906.,0,0,0
WBGene00171907.,0,0,0
WBGene00171908.,0,0,0
WBGene00171909.,0,0,0
WBGene00171910.,0,0,0
WBGene00171911.,0,0,0
WBGene00171912.,0,0,0
WBGene00171913.,0,0,0
WBGene00171914.,0,0,0
WBGene00171915.,0,0,0
WBGene00171916.,0,0,0
WBGene00171917.,0,0,0
WBGene00171918.,0,0,0
WBGene00171919.,0,0,0
WBGene00171920.,0,0,0
WBGene00171921.,0,0,0
WBGene00171922.,0,0,0
WBGene00171923.,0,0,0
WBGene00171924.,0,0,0
WBGene00171925.,0,0,0
WBGene00171926.,0,0,0
WBGene00171927.,0,0,0
WBGene00171928.,0,0,0
WBGene00171929.,0,0,0
WBGene00171930.,0,0,0
WBGene00171931.,0,0,0
WBGene00171932.,0,0,0
WBGene00171933.,0,0,0
WBGene00171934.,0,0,0
WBGene00171935.,0,0,0
WBGene00171936.,0,0,0
WBGene00171937.,0,0,0
WBGene00171938.,0,0,0
WBGene00171939.,0,0,0
WBGene00171940.,0,0,0
WBGene00171941.,0,0,0
WBGene00171942.,0,0,0
WBGene00171943.,0,0,0
WBGene00171944.,0,0,0
WBGene00171945.,0,0,0
WBGene00171946.,0,0,0
WBGene00171947.,0,0,0
WBGene00171948.,0,0,0
WBGene00171949.,0,0,0
WBGene00171950.,0,0,0
WBGene00171951.,0,0,0
WBGene00171952.,0,0,0
WBGene00171953.,0,0,0
WBGene00171954.,0,0,0
WBGene00171955.,0,0,0
WBGene00171956.,0,0,0
WBGene00171957.,0,0,0
WBGene00171958.,0,0,0
WBGene00171959.,0,0,0
WBGene00171960.,0,0,0
WBGene00171961.,0,0,0
WBGene00171962.,0,0,0
WBGene00171963.,0,0,0
WBGene00171964.,0,0,0
WBGene00171965.,0,0,0
WBGene00171966.,0,0,0
WBGene00171967.,0,0,0
WBGene00171968.,0,0,0
WBGene00171969.,0,0,0
WBGene00171970.,0,0,0
WBGene00171971.,0,0,0
WBGene00171972.,0,0,0
WBGene00171973.,0,0,0
WBGene00171974.,0,0,0
WBGene00171975.,0,0,0
WBGene00171976.,0,0,0
WBGene00171977.,0,0,0
WBGene00171978.,0,0,0
WBGene00171979.,0,0,0
WBGene00171980.,0,0,0
WBGene00171981.,0,0,0
WBGene00171982.,0,0,0
WBGene00171983.,0,0,0
WBGene00171984.,0,0,0
WBGene00171985.,0,0,0
WBGene00171986.,0,0,0
WBGene00171987.,0,0,0
WBGene00171988.,0,0,0
WBGene00171989.,0,0,0
WBGene00171990.,0,0,0
WBGene00171991.,0,0,0
WBGene00171992.,0,0,0
WBGene00171993.,0,0,0
WBGene00171994.,0,0,0
WBGene00171995.,0,0,0
WBGene00171996.,0,0,0
WBGene00171997.,0,0,0
WBGene00171998.,0,0,0
WBGene00171999.,0,0,0
WBGene00172000.,0,0,0
WBGene00172001.,0,0,0
WBGene00172002.,0,0,0
WBGene00172003.,0,0,0
WBGene00172004.,0,0,0
WBGene00172006.,0,0,0
WBGene00172007.,0,0,0
WBGene00172008.,0,0,0
WBGene00172009.,0,0,0
WBGene00172010.,0,0,0
WBGene00172011.,0,0,0
WBGene00172012.,0,0,0
WBGene00172013.,0,0,0
WBGene00172014.,0,0,0
WBGene00172015.,0,0,0
WBGene00172016.,0,0,0
WBGene00172017.,0,0,0
WBGene00172018.,0,0,0
WBGene00172019.,0,0,0
WBGene00172020.,0,0,0
WBGene00172021.,0,0,0
WBGene00172022.,0,0,0
WBGene00172023.,0,0,0
WBGene00172024.,0,0,0
WBGene00172025.,0,0,0
WBGene00172026.,0,0,0
WBGene00172027.,0,0,0
WBGene00172028.,0,0,0
WBGene00172029.,0,0,0
WBGene00172030.,0,0,0
WBGene00172031.,0,0,0
WBGene00172032.,0,0,0
WBGene00172033.,0,0,0
WBGene00172034.,0,0,0
WBGene00172035.,0,0,0
WBGene00172036.,0,0,0
WBGene00172037.,0,0,0
WBGene00172038.,0,0,0
WBGene00172039.,0,0,0
WBGene00172040.,0,0,0
WBGene00172041.,0,0,0
WBGene00172042.,0,0,0
WBGene00172043.,0,0,0
WBGene00172044.,0,0,0
WBGene00172045.,0,0,0
WBGene00172046.,0,0,0
WBGene00172047.,0,0,0
WBGene00172048.,0,0,0
WBGene00172049.,0,0,0
WBGene00172050.,0,0,0
WBGene00172051.,0,0,0
WBGene00172052.,0,0,0
WBGene00172053.,0,0,0
WBGene00172054.,0,0,0
WBGene00172055.,0,0,0
WBGene00172056.,0,0,0
WBGene00172057.,0,0,0
WBGene00172058.,0,0,0
WBGene00172059.,0,0,0
WBGene00172060.,0,0,0
WBGene00172061.,0,0,0
WBGene00172062.,0,0,0
WBGene00172063.,0,0,0
WBGene00172064.,0,0,0
WBGene00172065.,0,0,0
WBGene00172066.,0,0,0
WBGene00172067.,0,0,0
WBGene00172068.,0,0,0
WBGene00172069.,0,0,0
WBGene00172070.,0,0,0
WBGene00172071.,0,0,0
WBGene00172072.,0,0,0
WBGene00172073.,0,0,0
WBGene00172074.,0,0,0
WBGene00172075.,0,0,0
WBGene00172076.,0,0,0
WBGene00172077.,0,0,0
WBGene00172078.,0,0,0
WBGene00172079.,0,0,0
WBGene00172080.,0,0,0
WBGene00172081.,0,0,0
WBGene00172082.,0,0,0
WBGene00172083.,0,0,0
WBGene00172084.,0,0,0
WBGene00172085.,0,0,0
WBGene00172086.,0,0,0
WBGene00172087.,0,0,0
WBGene00172088.,0,0,0
WBGene00172089.,0,0,0
WBGene00172090.,0,0,0
WBGene00172091.,0,0,0
WBGene00172092.,0,0,0
WBGene00172093.,0,0,0
WBGene00172094.,0,0,0
WBGene00172095.,0,0,0
WBGene00172096.,0,0,0
WBGene00172097.,0,0,0
WBGene00172098.,0,0,0
WBGene00172099.,0,0,0
WBGene00172100.,0,0,0
WBGene00172101.,0,0,0
WBGene00172102.,0,0,0
WBGene00172103.,0,0,0
WBGene00172104.,0,0,0
WBGene00172105.,0,0,0
WBGene00172106.,0,0,0
WBGene00172107.,0,0,0
WBGene00172108.,0,0,0
WBGene00172109.,0,0,0
WBGene00172110.,0,0,0
WBGene00172111.,0,0,0
WBGene00172112.,0,0,0
WBGene00172113.,0,0,0
WBGene00172114.,0,0,0
WBGene00172115.,0,0,0
WBGene00172116.,0,0,0
WBGene00172117.,0,0,0
WBGene00172118.,0,0,0
WBGene00172119.,0,0,0
WBGene00172120.,0,0,0
WBGene00172121.,0,0,0
WBGene00172122.,0,0,0
WBGene00172123.,0,0,0
WBGene00172124.,0,0,0
WBGene00172125.,0,0,0
WBGene00172126.,0,0,0
WBGene00172127.,0,0,0
WBGene00172128.,0,0,0
WBGene00172129.,0,0,0
WBGene00172130.,0,0,0
WBGene00172131.,0,0,0
WBGene00172132.,0,0,0
WBGene00172133.,0,0,0
WBGene00172134.,0,0,0
WBGene00172135.,0,0,0
WBGene00172136.,0,0,0
WBGene00172137.,0,0,0
WBGene00172138.,0,0,0
WBGene00172139.,0,0,0
WBGene00172140.,0,0,0
WBGene00172141.,0,0,0
WBGene00172142.,0,0,0
WBGene00172143.,0,0,0
WBGene00172144.,0,0,0
WBGene00172145.,0,0,0
WBGene00172146.,0,0,0
WBGene00172147.,0,0,0
WBGene00172148.,0,0,0
WBGene00172149.,0,0,0
WBGene00172150.,0,0,0
WBGene00172151.,0,0,0
WBGene00172152.,0,0,0
WBGene00172153.,0,0,0
WBGene00172154.,0,0,0
WBGene00172155.,0,0,0
WBGene00172156.,0,0,0
WBGene00172157.,0,0,0
WBGene00172158.,0,0,0
WBGene00172159.,0,0,0
WBGene00172160.,0,0,0
WBGene00172161.,0,0,0
WBGene00172162.,0,0,0
WBGene00172163.,0,0,0
WBGene00172164.,0,0,0
WBGene00172165.,0,0,0
WBGene00172166.,0,0,0
WBGene00172167.,0,0,0
WBGene00172168.,0,0,0
WBGene00172169.,0,0,0
WBGene00172170.,0,0,0
WBGene00172171.,0,0,0
WBGene00172172.,0,0,0
WBGene00172173.,0,0,0
WBGene00172174.,0,0,0
WBGene00172175.,0,0,0
WBGene00172176.,0,0,0
WBGene00172177.,0,0,0
WBGene00172178.,0,0,0
WBGene00172179.,0,0,0
WBGene00172180.,0,0,0
WBGene00172181.,0,0,0
WBGene00172182.,0,0,0
WBGene00172183.,0,0,0
WBGene00172184.,0,0,0
WBGene00172185.,0,0,0
WBGene00172186.,0,0,0
WBGene00172187.,0,0,0
WBGene00172188.,0,0,0
WBGene00172189.,0,0,0
WBGene00172190.,0,0,0
WBGene00172191.,0,0,0
WBGene00172192.,0,0,0
WBGene00172193.,0,0,0
WBGene00172194.,0,0,0
WBGene00172195.,0,0,0
WBGene00172196.,0,0,0
WBGene00172197.,0,0,0
WBGene00172198.,0,0,0
WBGene00172199.,0,0,0
WBGene00172200.,0,0,0
WBGene00172201.,0,0,0
WBGene00172202.,0,0,0
WBGene00172203.,0,0,0
WBGene00172204.,0,0,0
WBGene00172205.,0,0,0
WBGene00172206.,0,0,0
WBGene00172207.,0,0,0
WBGene00172208.,0,0,0
WBGene00172209.,0,0,0
WBGene00172210.,0,0,0
WBGene00172211.,0,0,0
WBGene00172212.,0,0,0
WBGene00172213.,0,0,0
WBGene00172214.,0,0,0
WBGene00172215.,0,0,0
WBGene00172216.,0,0,0
WBGene00172217.,0,0,0
WBGene00172218.,0,0,0
WBGene00172219.,0,0,0
WBGene00172220.,0,0,0
WBGene00172221.,0,0,0
WBGene00172222.,0,0,0
WBGene00172223.,0,0,0
WBGene00172224.,0,0,0
WBGene00172225.,0,0,0
WBGene00172226.,0,0,0
WBGene00172227.,0,0,0
WBGene00172228.,0,0,0
WBGene00172229.,0,0,0
WBGene00172230.,0,0,0
WBGene00172231.,0,0,0
WBGene00172232.,0,0,0
WBGene00172233.,0,0,0
WBGene00172234.,0,0,0
WBGene00172235.,0,0,0
WBGene00172236.,0,0,0
WBGene00172237.,0,0,0
WBGene00172238.,0,0,0
WBGene00172239.,0,0,0
WBGene00172240.,0,0,0
WBGene00172241.,0,0,0
WBGene00172242.,0,0,0
WBGene00172243.,0,0,0
WBGene00172244.,0,0,0
WBGene00172245.,0,0,0
WBGene00172246.,0,0,0
WBGene00172247.,0,0,0
WBGene00172248.,0,0,0
WBGene00172249.,0,0,0
WBGene00172250.,0,0,0
WBGene00172251.,0,0,0
WBGene00172252.,0,0,0
WBGene00172253.,0,0,0
WBGene00172254.,0,0,0
WBGene00172255.,0,0,0
WBGene00172256.,0,0,0
WBGene00172257.,0,0,0
WBGene00172258.,0,0,0
WBGene00172259.,0,0,0
WBGene00172260.,0,0,0
WBGene00172261.,0,0,0
WBGene00172262.,0,0,0
WBGene00172263.,0,0,0
WBGene00172264.,0,0,0
WBGene00172265.,0,0,0
WBGene00172266.,0,0,0
WBGene00172267.,0,0,0
WBGene00172268.,0,0,0
WBGene00172269.,0,0,0
WBGene00172270.,0,0,0
WBGene00172271.,0,0,0
WBGene00172272.,0,0,0
WBGene00172273.,0,0,0
WBGene00172274.,0,0,0
WBGene00172275.,0,0,0
WBGene00172276.,0,0,0
WBGene00172277.,0,0,0
WBGene00172278.,0,0,0
WBGene00172279.,0,0,0
WBGene00172280.,0,0,0
WBGene00172281.,0,0,0
WBGene00172282.,0,0,0
WBGene00172283.,0,0,0
WBGene00172284.,0,0,0
WBGene00172285.,0,0,0
WBGene00172286.,0,0,0
WBGene00172287.,0,0,0
WBGene00172288.,0,0,0
WBGene00172289.,0,0,0
WBGene00172290.,0,0,0
WBGene00172291.,0,0,0
WBGene00172292.,0,0,0
WBGene00172293.,0,0,0
WBGene00172294.,0,0,0
WBGene00172295.,0,0,0
WBGene00172296.,0,0,0
WBGene00172297.,0,0,0
WBGene00172298.,0,0,0
WBGene00172299.,0,0,0
WBGene00172300.,0,0,0
WBGene00172301.,0,0,0
WBGene00172302.,0,0,0
WBGene00172303.,0,0,0
WBGene00172304.,0,0,0
WBGene00172305.,0,0,0
WBGene00172306.,0,0,0
WBGene00172307.,0,0,0
WBGene00172308.,0,0,0
WBGene00172309.,0,0,0
WBGene00172310.,0,0,0
WBGene00172311.,0,0,0
WBGene00172312.,0,0,0
WBGene00172313.,0,0,0
WBGene00172314.,0,0,0
WBGene00172315.,0,0,0
WBGene00172316.,0,0,0
WBGene00172317.,0,0,0
WBGene00172318.,0,0,0
WBGene00172319.,0,0,0
WBGene00172320.,0,0,0
WBGene00172321.,0,0,0
WBGene00172322.,0,0,0
WBGene00172323.,0,0,0
WBGene00172324.,0,0,0
WBGene00172325.,0,0,0
WBGene00172326.,0,0,0
WBGene00172327.,0,0,0
WBGene00172328.,0,0,0
WBGene00172329.,0,0,0
WBGene00172330.,0,0,0
WBGene00172331.,0,0,0
WBGene00172332.,0,0,0
WBGene00172333.,0,0,0
WBGene00172334.,0,0,0
WBGene00172335.,0,0,0
WBGene00172336.,0,0,0
WBGene00172337.,0,0,0
WBGene00172338.,0,0,0
WBGene00172339.,0,0,0
WBGene00172340.,0,0,0
WBGene00172341.,0,0,0
WBGene00172342.,0,0,0
WBGene00172343.,0,0,0
WBGene00172344.,0,0,0
WBGene00172345.,0,0,0
WBGene00172346.,0,0,0
WBGene00172347.,0,0,0
WBGene00172348.,0,0,0
WBGene00172349.,0,0,0
WBGene00172350.,0,0,0
WBGene00172351.,0,0,0
WBGene00172352.,0,0,0
WBGene00172353.,0,0,0
WBGene00172354.,0,0,0
WBGene00172355.,0,0,0
WBGene00172356.,0,0,0
WBGene00172357.,0,0,0
WBGene00172358.,0,0,0
WBGene00172359.,0,0,0
WBGene00172360.,0,0,0
WBGene00172361.,0,0,0
WBGene00172362.,0,0,0
WBGene00172363.,0,0,0
WBGene00172364.,0,0,0
WBGene00172365.,0,0,0
WBGene00172366.,0,0,0
WBGene00172367.,0,0,0
WBGene00172368.,0,0,0
WBGene00172369.,0,0,0
WBGene00172370.,0,0,0
WBGene00172371.,0,0,0
WBGene00172372.,0,0,0
WBGene00172373.,0,0,0
WBGene00172374.,0,0,0
WBGene00172375.,0,0,0
WBGene00172376.,0,0,0
WBGene00172377.,0,0,0
WBGene00172378.,0,0,0
WBGene00172379.,0,0,0
WBGene00172380.,0,0,0
WBGene00172381.,0,0,0
WBGene00172382.,0,0,0
WBGene00172383.,0,0,0
WBGene00172384.,0,0,0
WBGene00172385.,0,0,0
WBGene00172386.,0,0,0
WBGene00172387.,0,0,0
WBGene00172388.,0,0,0
WBGene00172389.,0,0,0
WBGene00172390.,0,0,0
WBGene00172391.,0,0,0
WBGene00172392.,0,0,0
WBGene00172393.,0,0,0
WBGene00172394.,0,0,0
WBGene00172395.,0,0,0
WBGene00172396.,0,0,0
WBGene00172397.,0,0,0
WBGene00172398.,0,0,0
WBGene00172399.,0,0,0
WBGene00172400.,0,0,0
WBGene00172401.,0,0,0
WBGene00172402.,0,0,0
WBGene00172403.,0,0,0
WBGene00172404.,0,0,0
WBGene00172405.,0,0,0
WBGene00172406.,0,0,0
WBGene00172407.,0,0,0
WBGene00172408.,0,0,0
WBGene00172409.,0,0,0
WBGene00172410.,0,0,0
WBGene00172411.,0,0,0
WBGene00172412.,0,0,0
WBGene00172413.,0,0,0
WBGene00172414.,0,0,0
WBGene00172415.,0,0,0
WBGene00172416.,0,0,0
WBGene00172417.,0,0,0
WBGene00172418.,0,0,0
WBGene00172419.,0,0,0
WBGene00172420.,0,0,0
WBGene00172421.,0,0,0
WBGene00172422.,0,0,0
WBGene00172423.,0,0,0
WBGene00172424.,0,0,0
WBGene00172425.,0,0,0
WBGene00172426.,0,0,0
WBGene00172427.,0,0,0
WBGene00172428.,0,0,0
WBGene00172429.,0,0,0
WBGene00172430.,0,0,0
WBGene00172431.,0,0,0
WBGene00172432.,0,0,0
WBGene00172433.,0,0,0
WBGene00172434.,0,0,0
WBGene00172435.,0,0,0
WBGene00172436.,0,0,0
WBGene00172437.,0,0,0
WBGene00172438.,0,0,0
WBGene00172439.,0,0,0
WBGene00172440.,0,0,0
WBGene00172441.,0,0,0
WBGene00172442.,0,0,0
WBGene00172443.,0,0,0
WBGene00172444.,0,0,0
WBGene00172445.,0,0,0
WBGene00172446.,0,0,0
WBGene00172447.,0,0,0
WBGene00172448.,0,0,0
WBGene00172449.,0,0,0
WBGene00172450.,0,0,0
WBGene00172451.,0,0,0
WBGene00172452.,0,0,0
WBGene00172453.,0,0,0
WBGene00172454.,0,0,0
WBGene00172455.,0,0,0
WBGene00172456.,0,0,0
WBGene00172457.,0,0,0
WBGene00172458.,0,0,0
WBGene00172459.,0,0,0
WBGene00172460.,0,0,0
WBGene00172462.,0,0,0
WBGene00172463.,0,0,0
WBGene00172464.,0,0,0
WBGene00172465.,0,0,0
WBGene00172466.,0,0,0
WBGene00172467.,0,0,0
WBGene00172468.,0,0,0
WBGene00172469.,0,0,0
WBGene00172470.,0,0,0
WBGene00172471.,0,0,0
WBGene00172472.,0,0,0
WBGene00172473.,0,0,0
WBGene00172474.,0,0,0
WBGene00172475.,0,0,0
WBGene00172476.,0,0,0
WBGene00172477.,0,0,0
WBGene00172478.,0,0,0
WBGene00172479.,0,0,0
WBGene00172480.,0,0,0
WBGene00172481.,0,0,0
WBGene00172482.,0,0,0
WBGene00172483.,0,0,0
WBGene00172484.,0,0,0
WBGene00172485.,0,0,0
WBGene00172486.,0,0,0
WBGene00172487.,0,0,0
WBGene00172488.,0,0,0
WBGene00172489.,0,0,0
WBGene00172490.,0,0,0
WBGene00172491.,0,0,0
WBGene00172492.,0,0,0
WBGene00172493.,0,0,0
WBGene00172494.,0,0,0
WBGene00172495.,0,0,0
WBGene00172496.,0,0,0
WBGene00172497.,0,0,0
WBGene00172498.,0,0,0
WBGene00172499.,0,0,0
WBGene00172500.,0,0,0
WBGene00172501.,0,0,0
WBGene00172502.,0,0,0
WBGene00172503.,0,0,0
WBGene00172504.,0,0,0
WBGene00172505.,0,0,0
WBGene00172506.,0,0,0
WBGene00172507.,0,0,0
WBGene00172508.,0,0,0
WBGene00172509.,0,0,0
WBGene00172510.,0,0,0
WBGene00172511.,0,0,0
WBGene00172512.,0,0,0
WBGene00172513.,0,0,0
WBGene00172514.,0,0,0
WBGene00172515.,0,0,0
WBGene00172516.,0,0,0
WBGene00172517.,0,0,0
WBGene00172518.,0,0,0
WBGene00172519.,0,0,0
WBGene00172520.,0,0,0
WBGene00172521.,0,0,0
WBGene00172522.,0,0,0
WBGene00172523.,0,0,0
WBGene00172524.,0,0,0
WBGene00172525.,0,0,0
WBGene00172526.,0,0,0
WBGene00172527.,0,0,0
WBGene00172528.,0,0,0
WBGene00172529.,0,0,0
WBGene00172530.,0,0,0
WBGene00172531.,0,0,0
WBGene00172532.,0,0,0
WBGene00172533.,0,0,0
WBGene00172534.,0,0,0
WBGene00172535.,0,0,0
WBGene00172536.,0,0,0
WBGene00172537.,0,0,0
WBGene00172538.,0,0,0
WBGene00172539.,0,0,0
WBGene00172540.,0,0,0
WBGene00172541.,0,0,0
WBGene00172542.,0,0,0
WBGene00172543.,0,0,0
WBGene00172544.,0,0,0
WBGene00172545.,0,0,0
WBGene00172546.,0,0,0
WBGene00172547.,0,0,0
WBGene00172548.,0,0,0
WBGene00172549.,0,0,0
WBGene00172550.,0,0,0
WBGene00172551.,0,0,0
WBGene00172552.,0,0,0
WBGene00172553.,0,0,0
WBGene00172554.,0,0,0
WBGene00172555.,0,0,0
WBGene00172556.,0,0,0
WBGene00172557.,0,0,0
WBGene00172558.,0,0,0
WBGene00172559.,0,0,0
WBGene00172560.,0,0,0
WBGene00172561.,0,0,0
WBGene00172562.,0,0,0
WBGene00172563.,0,0,0
WBGene00172564.,0,0,0
WBGene00172565.,0,0,0
WBGene00172566.,0,0,0
WBGene00172567.,0,0,0
WBGene00172568.,0,0,0
WBGene00172569.,0,0,0
WBGene00172570.,0,0,0
WBGene00172571.,0,0,0
WBGene00172572.,0,0,0
WBGene00172573.,0,0,0
WBGene00172574.,0,0,0
WBGene00172575.,0,0,0
WBGene00172576.,0,0,0
WBGene00172577.,0,0,0
WBGene00172578.,0,0,0
WBGene00172579.,0,0,0
WBGene00172580.,0,0,0
WBGene00172581.,0,0,0
WBGene00172582.,0,0,0
WBGene00172583.,0,0,0
WBGene00172584.,0,0,0
WBGene00172585.,0,0,0
WBGene00172586.,0,0,0
WBGene00172587.,0,0,0
WBGene00172588.,0,0,0
WBGene00172589.,0,0,0
WBGene00172590.,0,0,0
WBGene00172591.,0,0,0
WBGene00172592.,0,0,0
WBGene00172593.,0,0,0
WBGene00172594.,0,0,0
WBGene00172595.,0,0,0
WBGene00172596.,0,0,0
WBGene00172597.,0,0,0
WBGene00172598.,0,0,0
WBGene00172599.,0,0,0
WBGene00172600.,0,0,0
WBGene00172601.,0,0,0
WBGene00172602.,0,0,0
WBGene00172603.,0,0,0
WBGene00172604.,0,0,0
WBGene00172605.,0,0,0
WBGene00172606.,0,0,0
WBGene00172607.,0,0,0
WBGene00172608.,0,0,0
WBGene00172609.,0,0,0
WBGene00172610.,0,0,0
WBGene00172611.,0,0,0
WBGene00172612.,0,0,0
WBGene00172613.,0,0,0
WBGene00172614.,0,0,0
WBGene00172615.,0,0,0
WBGene00172616.,0,0,0
WBGene00172617.,0,0,0
WBGene00172618.,0,0,0
WBGene00172619.,0,0,0
WBGene00172620.,0,0,0
WBGene00172621.,0,0,0
WBGene00172622.,0,0,0
WBGene00172623.,0,0,0
WBGene00172624.,0,0,0
WBGene00172625.,0,0,0
WBGene00172626.,0,0,0
WBGene00172627.,0,0,0
WBGene00172628.,0,0,0
WBGene00172629.,0,0,0
WBGene00172630.,0,0,0
WBGene00172631.,0,0,0
WBGene00172632.,0,0,0
WBGene00172633.,0,0,0
WBGene00172634.,0,0,0
WBGene00172635.,0,0,0
WBGene00172636.,0,0,0
WBGene00172637.,0,0,0
WBGene00172638.,0,0,0
WBGene00172639.,0,0,0
WBGene00172640.,0,0,0
WBGene00172641.,0,0,0
WBGene00172642.,0,0,0
WBGene00172643.,0,0,0
WBGene00172644.,0,0,0
WBGene00172645.,0,0,0
WBGene00172646.,0,0,0
WBGene00172647.,0,0,0
WBGene00172648.,0,0,0
WBGene00172649.,0,0,0
WBGene00172650.,0,0,0
WBGene00172651.,0,0,0
WBGene00172652.,0,0,0
WBGene00172653.,0,0,0
WBGene00172654.,0,0,0
WBGene00172655.,0,0,0
WBGene00172656.,0,0,0
WBGene00172657.,0,0,0
WBGene00172658.,0,0,0
WBGene00172659.,0,0,0
WBGene00172660.,0,0,0
WBGene00172661.,0,0,0
WBGene00172662.,0,0,0
WBGene00172663.,0,0,0
WBGene00172664.,0,0,0
WBGene00172665.,0,0,0
WBGene00172666.,0,0,0
WBGene00172667.,0,0,0
WBGene00172668.,0,0,0
WBGene00172669.,0,0,0
WBGene00172670.,0,0,0
WBGene00172671.,0,0,0
WBGene00172672.,0,0,0
WBGene00172673.,0,0,0
WBGene00172674.,0,0,0
WBGene00172675.,0,0,0
WBGene00172676.,0,0,0
WBGene00172677.,0,0,0
WBGene00172678.,0,0,0
WBGene00172679.,0,0,0
WBGene00172680.,0,0,0
WBGene00172681.,0,0,0
WBGene00172682.,0,0,0
WBGene00172683.,0,0,0
WBGene00172684.,0,0,0
WBGene00172685.,0,0,0
WBGene00172686.,0,0,0
WBGene00172687.,0,0,0
WBGene00172688.,0,0,0
WBGene00172689.,0,0,0
WBGene00172690.,0,0,0
WBGene00172691.,0,0,0
WBGene00172692.,0,0,0
WBGene00172693.,0,0,0
WBGene00172694.,0,0,0
WBGene00172695.,0,0,0
WBGene00172696.,0,0,0
WBGene00172697.,0,0,0
WBGene00172698.,0,0,0
WBGene00172699.,0,0,0
WBGene00172700.,0,0,0
WBGene00172701.,0,0,0
WBGene00172702.,0,0,0
WBGene00172703.,0,0,0
WBGene00172704.,0,0,0
WBGene00172705.,0,0,0
WBGene00172706.,0,0,0
WBGene00172707.,0,0,0
WBGene00172708.,0,0,0
WBGene00172709.,0,0,0
WBGene00172710.,0,0,0
WBGene00172711.,0,0,0
WBGene00172712.,0,0,0
WBGene00172713.,0,0,0
WBGene00172714.,0,0,0
WBGene00172715.,0,0,0
WBGene00172716.,0,0,0
WBGene00172717.,0,0,0
WBGene00172718.,0,0,0
WBGene00172719.,0,0,0
WBGene00172720.,0,0,0
WBGene00172721.,0,0,0
WBGene00172722.,0,0,0
WBGene00172723.,0,0,0
WBGene00172724.,0,0,0
WBGene00172725.,0,0,0
WBGene00172726.,0,0,0
WBGene00172727.,0,0,0
WBGene00172728.,0,0,0
WBGene00172729.,0,0,0
WBGene00172730.,0,0,0
WBGene00172731.,0,0,0
WBGene00172732.,0,0,0
WBGene00172733.,0,0,0
WBGene00172734.,0,0,0
WBGene00172735.,0,0,0
WBGene00172736.,0,0,0
WBGene00172737.,0,0,0
WBGene00172738.,0,0,0
WBGene00172739.,0,0,0
WBGene00172740.,0,0,0
WBGene00172741.,0,0,0
WBGene00172742.,0,0,0
WBGene00172743.,0,0,0
WBGene00172744.,0,0,0
WBGene00172745.,0,0,0
WBGene00172746.,0,0,0
WBGene00172747.,0,0,0
WBGene00172748.,0,0,0
WBGene00172749.,0,0,0
WBGene00172750.,0,0,0
WBGene00172751.,0,0,0
WBGene00172752.,0,0,0
WBGene00172753.,0,0,0
WBGene00172754.,0,0,0
WBGene00172755.,0,0,0
WBGene00172756.,0,0,0
WBGene00172757.,0,0,0
WBGene00172758.,0,0,0
WBGene00172759.,0,0,0
WBGene00172760.,0,0,0
WBGene00172761.,0,0,0
WBGene00172762.,0,0,0
WBGene00172763.,0,0,0
WBGene00172764.,0,0,0
WBGene00172765.,0,0,0
WBGene00172766.,0,0,0
WBGene00172767.,0,0,0
WBGene00172768.,0,0,0
WBGene00172769.,0,0,0
WBGene00172770.,0,0,0
WBGene00172771.,0,0,0
WBGene00172772.,0,0,0
WBGene00172773.,0,0,0
WBGene00172774.,0,0,0
WBGene00172775.,0,0,0
WBGene00172776.,0,0,0
WBGene00172777.,0,0,0
WBGene00172778.,0,0,0
WBGene00172779.,0,0,0
WBGene00172780.,0,0,0
WBGene00172781.,0,0,0
WBGene00172782.,0,0,0
WBGene00172783.,0,0,0
WBGene00172784.,0,0,0
WBGene00172785.,0,0,0
WBGene00172786.,0,0,0
WBGene00172787.,0,0,0
WBGene00172788.,0,0,0
WBGene00172789.,0,0,0
WBGene00172790.,0,0,0
WBGene00172791.,0,0,0
WBGene00172792.,0,0,0
WBGene00172793.,0,0,0
WBGene00172794.,0,0,0
WBGene00172795.,0,0,0
WBGene00172796.,0,0,0
WBGene00172797.,0,0,0
WBGene00172798.,0,0,0
WBGene00172799.,0,0,0
WBGene00172800.,0,0,0
WBGene00172801.,0,0,0
WBGene00172802.,0,0,0
WBGene00172803.,0,0,0
WBGene00172804.,0,0,0
WBGene00172805.,0,0,0
WBGene00172806.,0,0,0
WBGene00172807.,0,0,0
WBGene00172808.,0,0,0
WBGene00172809.,0,0,0
WBGene00172810.,0,0,0
WBGene00172811.,0,0,0
WBGene00172812.,0,0,0
WBGene00172813.,0,0,0
WBGene00172814.,0,0,0
WBGene00172815.,0,0,0
WBGene00172816.,0,0,0
WBGene00172817.,0,0,0
WBGene00172818.,0,0,0
WBGene00172819.,0,0,0
WBGene00172820.,0,0,0
WBGene00172821.,0,0,0
WBGene00172822.,0,0,0
WBGene00172823.,0,0,0
WBGene00172824.,0,0,0
WBGene00172825.,0,0,0
WBGene00172826.,0,0,0
WBGene00172827.,0,0,0
WBGene00172828.,0,0,0
WBGene00172829.,0,0,0
WBGene00172830.,0,0,0
WBGene00172831.,0,0,0
WBGene00172832.,0,0,0
WBGene00172833.,0,0,0
WBGene00172834.,0,0,0
WBGene00172835.,0,0,0
WBGene00172836.,0,0,0
WBGene00172837.,0,0,0
WBGene00172838.,0,0,0
WBGene00172839.,0,0,0
WBGene00172840.,0,0,0
WBGene00172841.,0,0,0
WBGene00172842.,0,0,0
WBGene00172843.,0,0,0
WBGene00172844.,0,0,0
WBGene00172845.,0,0,0
WBGene00172846.,0,0,0
WBGene00172847.,0,0,0
WBGene00172848.,0,0,0
WBGene00172849.,0,0,0
WBGene00172850.,0,0,0
WBGene00172851.,0,0,0
WBGene00172852.,0,0,0
WBGene00172853.,0,0,0
WBGene00172854.,0,0,0
WBGene00172855.,0,0,0
WBGene00172856.,0,0,0
WBGene00172857.,0,0,0
WBGene00172858.,0,0,0
WBGene00172859.,0,0,0
WBGene00172860.,0,0,0
WBGene00172861.,0,0,0
WBGene00172862.,0,0,0
WBGene00172863.,0,0,0
WBGene00172864.,0,0,0
WBGene00172865.,0,0,0
WBGene00172866.,0,0,0
WBGene00172867.,0,0,0
WBGene00172868.,0,0,0
WBGene00172869.,0,0,0
WBGene00172870.,0,0,0
WBGene00172871.,0,0,0
WBGene00172872.,0,0,0
WBGene00172873.,0,0,0
WBGene00172874.,0,0,0
WBGene00172875.,0,0,0
WBGene00172876.,0,0,0
WBGene00172877.,0,0,0
WBGene00172878.,0,0,0
WBGene00172879.,0,0,0
WBGene00172880.,0,0,0
WBGene00172881.,0,0,0
WBGene00172882.,0,0,0
WBGene00172883.,0,0,0
WBGene00172884.,0,0,0
WBGene00172885.,0,0,0
WBGene00172886.,0,0,0
WBGene00172887.,0,0,0
WBGene00172888.,0,0,0
WBGene00172889.,0,0,0
WBGene00172890.,0,0,0
WBGene00172891.,0,0,0
WBGene00172892.,0,0,0
WBGene00172893.,0,0,0
WBGene00172894.,0,0,0
WBGene00172895.,0,0,0
WBGene00172896.,0,0,0
WBGene00172897.,0,0,0
WBGene00172898.,0,0,0
WBGene00172899.,0,0,0
WBGene00172900.,0,0,0
WBGene00172901.,0,0,0
WBGene00172902.,0,0,0
WBGene00172903.,0,0,0
WBGene00172904.,0,0,0
WBGene00172905.,0,0,0
WBGene00172906.,0,0,0
WBGene00172907.,0,0,0
WBGene00172908.,0,0,0
WBGene00172909.,0,0,0
WBGene00172910.,0,0,0
WBGene00172911.,0,0,0
WBGene00172912.,0,0,0
WBGene00172913.,0,0,0
WBGene00172914.,0,0,0
WBGene00172915.,0,0,0
WBGene00172916.,0,0,0
WBGene00172917.,0,0,0
WBGene00172918.,0,0,0
WBGene00172919.,0,0,0
WBGene00172920.,0,0,0
WBGene00172921.,0,0,0
WBGene00172922.,0,0,0
WBGene00172923.,0,0,0
WBGene00172924.,0,0,0
WBGene00172925.,0,0,0
WBGene00172926.,0,0,0
WBGene00172927.,0,0,0
WBGene00172928.,0,0,0
WBGene00172929.,0,0,0
WBGene00172930.,0,0,0
WBGene00172931.,0,0,0
WBGene00172932.,0,0,0
WBGene00172933.,0,0,0
WBGene00172934.,0,0,0
WBGene00172935.,0,0,0
WBGene00172936.,0,0,0
WBGene00172937.,0,0,0
WBGene00172938.,0,0,0
WBGene00172939.,0,0,0
WBGene00172940.,0,0,0
WBGene00172941.,0,0,0
WBGene00172942.,0,0,0
WBGene00172943.,0,0,0
WBGene00172944.,0,0,0
WBGene00172945.,0,0,0
WBGene00172946.,0,0,0
WBGene00172947.,0,0,0
WBGene00172948.,0,0,0
WBGene00172949.,0,0,0
WBGene00172950.,0,0,0
WBGene00172951.,0,0,0
WBGene00172952.,0,0,0
WBGene00172953.,0,0,0
WBGene00172954.,0,0,0
WBGene00172955.,0,0,0
WBGene00172956.,0,0,0
WBGene00172957.,0,0,0
WBGene00172958.,0,0,0
WBGene00172959.,0,0,0
WBGene00172960.,0,0,0
WBGene00172961.,0,0,0
WBGene00172962.,0,0,0
WBGene00172963.,0,0,0
WBGene00172964.,0,0,0
WBGene00172965.,0,0,0
WBGene00172966.,0,0,0
WBGene00172967.,0,0,0
WBGene00172968.,0,0,0
WBGene00172969.,0,0,0
WBGene00172970.,0,0,0
WBGene00172971.,0,0,0
WBGene00172972.,0,0,0
WBGene00172973.,0,0,0
WBGene00172974.,0,0,0
WBGene00172975.,0,0,0
WBGene00172976.,0,0,0
WBGene00172977.,0,0,0
WBGene00172978.,0,0,0
WBGene00172979.,0,0,0
WBGene00172980.,0,0,0
WBGene00172981.,0,0,0
WBGene00172982.,0,0,0
WBGene00172983.,0,0,0
WBGene00172984.,0,0,0
WBGene00172985.,0,0,0
WBGene00172986.,0,0,0
WBGene00172987.,0,0,0
WBGene00172988.,0,0,0
WBGene00172989.,0,0,0
WBGene00172990.,0,0,0
WBGene00172991.,0,0,0
WBGene00172992.,0,0,0
WBGene00172993.,0,0,0
WBGene00172994.,0,0,0
WBGene00172995.,0,0,0
WBGene00172996.,0,0,0
WBGene00172997.,0,0,0
WBGene00172998.,0,0,0
WBGene00172999.,0,0,0
WBGene00173000.,0,0,0
WBGene00173001.,0,0,0
WBGene00173002.,0,0,0
WBGene00173003.,0,0,0
WBGene00173004.,0,0,0
WBGene00173005.,0,0,0
WBGene00173006.,0,0,0
WBGene00173007.,0,0,0
WBGene00173008.,0,0,0
WBGene00173009.,0,0,0
WBGene00173010.,0,0,0
WBGene00173011.,0,0,0
WBGene00173012.,0,0,0
WBGene00173013.,0,0,0
WBGene00173014.,0,0,0
WBGene00173015.,0,0,0
WBGene00173016.,0,0,0
WBGene00173017.,0,0,0
WBGene00173018.,0,0,0
WBGene00173019.,0,0,0
WBGene00173020.,0,0,0
WBGene00173021.,0,0,0
WBGene00173022.,0,0,0
WBGene00173023.,0,0,0
WBGene00173024.,0,0,0
WBGene00173025.,0,0,0
WBGene00173026.,0,0,0
WBGene00173027.,0,0,0
WBGene00173028.,0,0,0
WBGene00173029.,0,0,0
WBGene00173030.,0,0,0
WBGene00173031.,0,0,0
WBGene00173032.,0,0,0
WBGene00173033.,0,0,0
WBGene00173034.,0,0,0
WBGene00173035.,0,0,0
WBGene00173036.,0,0,0
WBGene00173037.,0,0,0
WBGene00173038.,0,0,0
WBGene00173039.,0,0,0
WBGene00173040.,0,0,0
WBGene00173041.,0,0,0
WBGene00173042.,0,0,0
WBGene00173043.,0,0,0
WBGene00173044.,0,0,0
WBGene00173045.,0,0,0
WBGene00173046.,0,0,0
WBGene00173047.,0,0,0
WBGene00173048.,0,0,0
WBGene00173049.,0,0,0
WBGene00173050.,0,0,0
WBGene00173051.,0,0,0
WBGene00173052.,0,0,0
WBGene00173053.,0,0,0
WBGene00173054.,0,0,0
WBGene00173055.,0,0,0
WBGene00173056.,0,0,0
WBGene00173057.,0,0,0
WBGene00173058.,0,0,0
WBGene00173059.,0,0,0
WBGene00173060.,0,0,0
WBGene00173061.,0,0,0
WBGene00173062.,0,0,0
WBGene00173063.,0,0,0
WBGene00173064.,0,0,0
WBGene00173065.,0,0,0
WBGene00173066.,0,0,0
WBGene00173067.,0,0,0
WBGene00173068.,0,0,0
WBGene00173069.,0,0,0
WBGene00173070.,0,0,0
WBGene00173071.,0,0,0
WBGene00173072.,0,0,0
WBGene00173073.,0,0,0
WBGene00173074.,0,0,0
WBGene00173075.,0,0,0
WBGene00173076.,0,0,0
WBGene00173077.,0,0,0
WBGene00173078.,0,0,0
WBGene00173079.,0,0,0
WBGene00173080.,0,0,0
WBGene00173081.,0,0,0
WBGene00173082.,0,0,0
WBGene00173083.,0,0,0
WBGene00173084.,0,0,0
WBGene00173085.,0,0,0
WBGene00173086.,0,0,0
WBGene00173087.,0,0,0
WBGene00173088.,0,0,0
WBGene00173089.,0,0,0
WBGene00173090.,0,0,0
WBGene00173091.,0,0,0
WBGene00173092.,0,0,0
WBGene00173093.,0,0,0
WBGene00173094.,0,0,0
WBGene00173095.,0,0,0
WBGene00173096.,0,0,0
WBGene00173097.,0,0,0
WBGene00173098.,0,0,0
WBGene00173099.,0,0,0
WBGene00173100.,0,0,0
WBGene00173101.,0,0,0
WBGene00173102.,0,0,0
WBGene00173103.,0,0,0
WBGene00173104.,0,0,0
WBGene00173105.,0,0,0
WBGene00173106.,0,0,0
WBGene00173107.,0,0,0
WBGene00173108.,0,0,0
WBGene00173109.,0,0,0
WBGene00173110.,0,0,0
WBGene00173111.,0,0,0
WBGene00173112.,0,0,0
WBGene00173113.,0,0,0
WBGene00173114.,0,0,0
WBGene00173115.,0,0,0
WBGene00173116.,0,0,0
WBGene00173117.,0,0,0
WBGene00173118.,0,0,0
WBGene00173119.,0,0,0
WBGene00173120.,0,0,0
WBGene00173121.,0,0,0
WBGene00173122.,0,0,0
WBGene00173123.,0,0,0
WBGene00173124.,0,0,0
WBGene00173125.,0,0,0
WBGene00173126.,0,0,0
WBGene00173127.,0,0,0
WBGene00173128.,0,0,0
WBGene00173129.,0,0,0
WBGene00173130.,0,0,0
WBGene00173131.,0,0,0
WBGene00173132.,0,0,0
WBGene00173133.,0,0,0
WBGene00173134.,0,0,0
WBGene00173135.,0,0,0
WBGene00173136.,0,0,0
WBGene00173137.,0,0,0
WBGene00173138.,0,0,0
WBGene00173139.,0,0,0
WBGene00173140.,0,0,0
WBGene00173141.,0,0,0
WBGene00173142.,0,0,0
WBGene00173143.,0,0,0
WBGene00173144.,0,0,0
WBGene00173145.,0,0,0
WBGene00173146.,0,0,0
WBGene00173147.,0,0,0
WBGene00173148.,0,0,0
WBGene00173149.,0,0,0
WBGene00173150.,0,0,0
WBGene00173151.,0,0,0
WBGene00173152.,0,0,0
WBGene00173153.,0,0,0
WBGene00173154.,0,0,0
WBGene00173155.,0,0,0
WBGene00173156.,0,0,0
WBGene00173157.,0,0,0
WBGene00173158.,0,0,0
WBGene00173159.,0,0,0
WBGene00173160.,0,0,0
WBGene00173161.,0,0,0
WBGene00173162.,0,0,0
WBGene00173163.,0,0,0
WBGene00173164.,0,0,0
WBGene00173165.,0,0,0
WBGene00173166.,0,0,0
WBGene00173167.,0,0,0
WBGene00173168.,0,0,0
WBGene00173169.,0,0,0
WBGene00173170.,0,0,0
WBGene00173171.,0,0,0
WBGene00173172.,0,0,0
WBGene00173173.,0,0,0
WBGene00173174.,0,0,0
WBGene00173175.,0,0,0
WBGene00173176.,0,0,0
WBGene00173177.,0,0,0
WBGene00173178.,0,0,0
WBGene00173179.,0,0,0
WBGene00173180.,0,0,0
WBGene00173181.,0,0,0
WBGene00173182.,0,0,0
WBGene00173183.,0,0,0
WBGene00173184.,0,0,0
WBGene00173185.,0,0,0
WBGene00173186.,0,0,0
WBGene00173187.,0,0,0
WBGene00173188.,0,0,0
WBGene00173189.,0,0,0
WBGene00173190.,0,0,0
WBGene00173191.,0,0,0
WBGene00173192.,0,0,0
WBGene00173193.,0,0,0
WBGene00173194.,0,0,0
WBGene00173195.,0,0,0
WBGene00173196.,0,0,0
WBGene00173197.,0,0,0
WBGene00173198.,0,0,0
WBGene00173199.,0,0,0
WBGene00173200.,0,0,0
WBGene00173201.,0,0,0
WBGene00173202.,0,0,0
WBGene00173203.,0,0,0
WBGene00173204.,0,0,0
WBGene00173205.,0,0,0
WBGene00173206.,0,0,0
WBGene00173207.,0,0,0
WBGene00173208.,0,0,0
WBGene00173209.,0,0,0
WBGene00173210.,0,0,0
WBGene00173211.,0,0,0
WBGene00173212.,0,0,0
WBGene00173213.,0,0,0
WBGene00173214.,0,0,0
WBGene00173215.,0,0,0
WBGene00173216.,0,0,0
WBGene00173217.,0,0,0
WBGene00173218.,0,0,0
WBGene00173219.,0,0,0
WBGene00173220.,0,0,0
WBGene00173221.,0,0,0
WBGene00173222.,0,0,0
WBGene00173223.,0,0,0
WBGene00173224.,0,0,0
WBGene00173225.,0,0,0
WBGene00173226.,0,0,0
WBGene00173227.,0,0,0
WBGene00173228.,0,0,0
WBGene00173229.,0,0,0
WBGene00173230.,0,0,0
WBGene00173231.,0,0,0
WBGene00173232.,0,0,0
WBGene00173233.,0,0,0
WBGene00173234.,0,0,0
WBGene00173235.,0,0,0
WBGene00173236.,0,0,0
WBGene00173237.,0,0,0
WBGene00173238.,0,0,0
WBGene00173239.,0,0,0
WBGene00173240.,0,0,0
WBGene00173241.,0,0,0
WBGene00173242.,0,0,0
WBGene00173243.,0,0,0
WBGene00173244.,0,0,0
WBGene00173245.,0,0,0
WBGene00173246.,0,0,0
WBGene00173247.,0,0,0
WBGene00173248.,0,0,0
WBGene00173249.,0,0,0
WBGene00173250.,0,0,0
WBGene00173251.,0,0,0
WBGene00173252.,0,0,0
WBGene00173253.,0,0,0
WBGene00173254.,0,0,0
WBGene00173255.,0,0,0
WBGene00173256.,0,0,0
WBGene00173257.,0,0,0
WBGene00173258.,0,0,0
WBGene00173259.,0,0,0
WBGene00173260.,0,0,0
WBGene00173261.,0,0,0
WBGene00173262.,0,0,0
WBGene00173263.,0,0,0
WBGene00173264.,0,0,0
WBGene00173265.,0,0,0
WBGene00173266.,0,0,0
WBGene00173267.,0,0,0
WBGene00173268.,0,0,0
WBGene00173269.,0,0,0
WBGene00173270.,0,0,0
WBGene00173271.,0,0,0
WBGene00173272.,0,0,0
WBGene00173273.,0,0,0
WBGene00173274.,0,0,0
WBGene00173275.,0,0,0
WBGene00173276.,0,0,0
WBGene00173277.,0,0,0
WBGene00173278.,0,0,0
WBGene00173279.,0,0,0
WBGene00173280.,0,0,0
WBGene00173281.,0,0,0
WBGene00173282.,0,0,0
WBGene00173283.,0,0,0
WBGene00173284.,0,0,0
WBGene00173285.,0,0,0
WBGene00173286.,0,0,0
WBGene00173287.,0,0,0
WBGene00173288.,0,0,0
WBGene00173289.,0,0,0
WBGene00173290.,0,0,0
WBGene00173291.,0,0,0
WBGene00173292.,0,0,0
WBGene00173293.,0,0,0
WBGene00173294.,0,0,0
WBGene00173295.,0,0,0
WBGene00173296.,0,0,0
WBGene00173297.,0,0,0
WBGene00173298.,0,0,0
WBGene00173299.,0,0,0
WBGene00173300.,0,0,0
WBGene00173301.,0,0,0
WBGene00173302.,0,0,0
WBGene00173303.,0,0,0
WBGene00173304.,0,0,0
WBGene00173305.,0,0,0
WBGene00173306.,0,0,0
WBGene00173307.,0,0,0
WBGene00173308.,0,0,0
WBGene00173309.,0,0,0
WBGene00173310.,0,0,0
WBGene00173311.,0,0,0
WBGene00173312.,0,0,0
WBGene00173313.,0,0,0
WBGene00173314.,0,0,0
WBGene00173315.,0,0,0
WBGene00173316.,0,0,0
WBGene00173317.,0,0,0
WBGene00173318.,0,0,0
WBGene00173319.,0,0,0
WBGene00173320.,0,0,0
WBGene00173321.,0,0,0
WBGene00173322.,0,0,0
WBGene00173323.,0,0,0
WBGene00173324.,0,0,0
WBGene00173325.,0,0,0
WBGene00173326.,0,0,0
WBGene00173327.,0,0,0
WBGene00173328.,0,0,0
WBGene00173329.,0,0,0
WBGene00173330.,0,0,0
WBGene00173331.,0,0,0
WBGene00173332.,0,0,0
WBGene00173333.,0,0,0
WBGene00173334.,0,0,0
WBGene00173335.,0,0,0
WBGene00173336.,0,0,0
WBGene00173337.,0,0,0
WBGene00173338.,0,0,0
WBGene00173339.,0,0,0
WBGene00173340.,0,0,0
WBGene00173341.,0,0,0
WBGene00173342.,0,0,0
WBGene00173343.,0,0,0
WBGene00173344.,0,0,0
WBGene00173345.,0,0,0
WBGene00173346.,0,0,0
WBGene00173347.,0,0,0
WBGene00173348.,0,0,0
WBGene00173349.,0,0,0
WBGene00173350.,0,0,0
WBGene00173351.,0,0,0
WBGene00173352.,0,0,0
WBGene00173353.,0,0,0
WBGene00173354.,0,0,0
WBGene00173355.,0,0,0
WBGene00173356.,0,0,0
WBGene00173357.,0,0,0
WBGene00173358.,0,0,0
WBGene00173359.,0,0,0
WBGene00173360.,0,0,0
WBGene00173361.,0,0,0
WBGene00173362.,0,0,0
WBGene00173363.,0,0,0
WBGene00173364.,0,0,0
WBGene00173365.,0,0,0
WBGene00173366.,0,0,0
WBGene00173367.,0,0,0
WBGene00173368.,0,0,0
WBGene00173369.,0,0,0
WBGene00173370.,0,0,0
WBGene00173371.,0,0,0
WBGene00173372.,0,0,0
WBGene00173373.,0,0,0
WBGene00173374.,0,0,0
WBGene00173375.,0,0,0
WBGene00173376.,0,0,0
WBGene00173377.,0,0,0
WBGene00173378.,0,0,0
WBGene00173379.,0,0,0
WBGene00173380.,0,0,0
WBGene00173381.,0,0,0
WBGene00173382.,0,0,0
WBGene00173383.,0,0,0
WBGene00173384.,0,0,0
WBGene00173385.,0,0,0
WBGene00173386.,0,0,0
WBGene00173387.,0,0,0
WBGene00173388.,0,0,0
WBGene00173389.,0,0,0
WBGene00173390.,0,0,0
WBGene00173391.,0,0,0
WBGene00173392.,0,0,0
WBGene00173393.,0,0,0
WBGene00173394.,0,0,0
WBGene00173395.,0,0,0
WBGene00173396.,0,0,0
WBGene00173397.,0,0,0
WBGene00173398.,0,0,0
WBGene00173399.,0,0,0
WBGene00173400.,0,0,0
WBGene00173401.,0,0,0
WBGene00173402.,0,0,0
WBGene00173403.,0,0,0
WBGene00173404.,0,0,0
WBGene00173405.,0,0,0
WBGene00173406.,0,0,0
WBGene00173407.,0,0,0
WBGene00173408.,0,0,0
WBGene00173409.,0,0,0
WBGene00173410.,0,0,0
WBGene00173411.,0,0,0
WBGene00173412.,0,0,0
WBGene00173413.,0,0,0
WBGene00173414.,0,0,0
WBGene00173415.,0,0,0
WBGene00173416.,0,0,0
WBGene00173417.,0,0,0
WBGene00173418.,0,0,0
WBGene00173419.,0,0,0
WBGene00173420.,0,0,0
WBGene00173421.,0,0,0
WBGene00173422.,0,0,0
WBGene00173423.,0,0,0
WBGene00173424.,0,0,0
WBGene00173425.,0,0,0
WBGene00173426.,0,0,0
WBGene00173427.,0,0,0
WBGene00173428.,0,0,0
WBGene00173429.,0,0,0
WBGene00173430.,0,0,0
WBGene00173431.,0,0,0
WBGene00173432.,0,0,0
WBGene00173433.,0,0,0
WBGene00173434.,0,0,0
WBGene00173435.,0,0,0
WBGene00173436.,0,0,0
WBGene00173437.,0,0,0
WBGene00173438.,0,0,0
WBGene00173439.,0,0,0
WBGene00173440.,0,0,0
WBGene00173441.,0,0,0
WBGene00173442.,0,0,0
WBGene00173443.,0,0,0
WBGene00173444.,0,0,0
WBGene00173445.,0,0,0
WBGene00173446.,0,0,0
WBGene00173447.,0,0,0
WBGene00173448.,0,0,0
WBGene00173449.,0,0,0
WBGene00173450.,0,0,0
WBGene00173451.,0,0,0
WBGene00173452.,0,0,0
WBGene00173453.,0,0,0
WBGene00173454.,0,0,0
WBGene00173455.,0,0,0
WBGene00173456.,0,0,0
WBGene00173457.,0,0,0
WBGene00173458.,0,0,0
WBGene00173459.,0,0,0
WBGene00173460.,0,0,0
WBGene00173461.,0,0,0
WBGene00173462.,0,0,0
WBGene00173463.,0,0,0
WBGene00173464.,0,0,0
WBGene00173465.,0,0,0
WBGene00173466.,0,0,0
WBGene00173467.,0,0,0
WBGene00173468.,0,0,0
WBGene00173469.,0,0,0
WBGene00173470.,0,0,0
WBGene00173471.,0,0,0
WBGene00173472.,0,0,0
WBGene00173473.,0,0,0
WBGene00173474.,0,0,0
WBGene00173475.,0,0,0
WBGene00173476.,0,0,0
WBGene00173477.,0,0,0
WBGene00173478.,0,0,0
WBGene00173480.,0,0,0
WBGene00173481.,0,0,0
WBGene00173482.,0,0,0
WBGene00173483.,0,0,0
WBGene00173484.,0,0,0
WBGene00173485.,0,0,0
WBGene00173486.,0,0,0
WBGene00173487.,0,0,0
WBGene00173488.,0,0,0
WBGene00173489.,0,0,0
WBGene00173490.,0,0,0
WBGene00173491.,0,0,0
WBGene00173492.,0,0,0
WBGene00173493.,0,0,0
WBGene00173494.,0,0,0
WBGene00173495.,0,0,0
WBGene00173496.,0,0,0
WBGene00173497.,0,0,0
WBGene00173498.,0,0,0
WBGene00173499.,0,0,0
WBGene00173500.,0,0,0
WBGene00173501.,0,0,0
WBGene00173502.,0,0,0
WBGene00173503.,0,0,0
WBGene00173504.,0,0,0
WBGene00173505.,0,0,0
WBGene00173506.,0,0,0
WBGene00173507.,0,0,0
WBGene00173508.,0,0,0
WBGene00173509.,0,0,0
WBGene00173510.,0,0,0
WBGene00173511.,0,0,0
WBGene00173512.,0,0,0
WBGene00173513.,0,0,0
WBGene00173514.,0,0,0
WBGene00173515.,0,0,0
WBGene00173516.,0,0,0
WBGene00173517.,0,0,0
WBGene00173518.,0,0,0
WBGene00173519.,0,0,0
WBGene00173520.,0,0,0
WBGene00173521.,0,0,0
WBGene00173522.,0,0,0
WBGene00173523.,0,0,0
WBGene00173524.,0,0,0
WBGene00173525.,0,0,0
WBGene00173526.,0,0,0
WBGene00173527.,0,0,0
WBGene00173528.,0,0,0
WBGene00173529.,0,0,0
WBGene00173530.,0,0,0
WBGene00173531.,0,0,0
WBGene00173532.,0,0,0
WBGene00173533.,0,0,0
WBGene00173534.,0,0,0
WBGene00173535.,0,0,0
WBGene00173536.,0,0,0
WBGene00173537.,0,0,0
WBGene00173538.,0,0,0
WBGene00173539.,0,0,0
WBGene00173540.,0,0,0
WBGene00173541.,0,0,0
WBGene00173542.,0,0,0
WBGene00173543.,0,0,0
WBGene00173544.,0,0,0
WBGene00173545.,0,0,0
WBGene00173546.,0,0,0
WBGene00173547.,0,0,0
WBGene00173548.,0,0,0
WBGene00173550.,0,0,0
WBGene00173551.,0,0,0
WBGene00173552.,0,0,0
WBGene00173553.,0,0,0
WBGene00173554.,0,0,0
WBGene00173555.,0,0,0
WBGene00173556.,0,0,0
WBGene00173557.,0,0,0
WBGene00173558.,0,0,0
WBGene00173559.,0,0,0
WBGene00173560.,0,0,0
WBGene00173561.,0,0,0
WBGene00173562.,0,0,0
WBGene00173563.,0,0,0
WBGene00173564.,0,0,0
WBGene00173565.,0,0,0
WBGene00173566.,0,0,0
WBGene00173567.,0,0,0
WBGene00173568.,0,0,0
WBGene00173569.,0,0,0
WBGene00173570.,0,0,0
WBGene00173571.,0,0,0
WBGene00173572.,0,0,0
WBGene00173573.,0,0,0
WBGene00173574.,0,0,0
WBGene00173575.,0,0,0
WBGene00173576.,0,0,0
WBGene00173577.,0,0,0
WBGene00173578.,0,0,0
WBGene00173579.,0,0,0
WBGene00173580.,0,0,0
WBGene00173581.,0,0,0
WBGene00173582.,0,0,0
WBGene00173583.,0,0,0
WBGene00173584.,0,0,0
WBGene00173585.,0,0,0
WBGene00173586.,0,0,0
WBGene00173587.,0,0,0
WBGene00173588.,0,0,0
WBGene00173589.,0,0,0
WBGene00173590.,0,0,0
WBGene00173591.,0,0,0
WBGene00173592.,0,0,0
WBGene00173593.,0,0,0
WBGene00173594.,0,0,0
WBGene00173595.,0,0,0
WBGene00173596.,0,0,0
WBGene00173597.,0,0,0
WBGene00173598.,0,0,0
WBGene00173599.,0,0,0
WBGene00173600.,0,0,0
WBGene00173601.,0,0,0
WBGene00173602.,0,0,0
WBGene00173603.,0,0,0
WBGene00173604.,0,0,0
WBGene00173605.,0,0,0
WBGene00173606.,0,0,0
WBGene00173607.,0,0,0
WBGene00173608.,0,0,0
WBGene00173609.,0,0,0
WBGene00173610.,0,0,0
WBGene00173611.,0,0,0
WBGene00173612.,0,0,0
WBGene00173613.,0,0,0
WBGene00173614.,0,0,0
WBGene00173615.,0,0,0
WBGene00173616.,0,0,0
WBGene00173617.,0,0,0
WBGene00173618.,0,0,0
WBGene00173619.,0,0,0
WBGene00173620.,0,0,0
WBGene00173621.,0,0,0
WBGene00173622.,0,0,0
WBGene00173623.,0,0,0
WBGene00173624.,0,0,0
WBGene00173625.,0,0,0
WBGene00173626.,0,0,0
WBGene00173627.,0,0,0
WBGene00173628.,0,0,0
WBGene00173629.,0,0,0
WBGene00173630.,0,0,0
WBGene00173631.,0,0,0
WBGene00173632.,0,0,0
WBGene00173633.,0,0,0
WBGene00173634.,0,0,0
WBGene00173635.,0,0,0
WBGene00173636.,0,0,0
WBGene00173637.,0,0,0
WBGene00173638.,0,0,0
WBGene00173639.,0,0,0
WBGene00173640.,0,0,0
WBGene00173641.,0,0,0
WBGene00173642.,0,0,0
WBGene00173643.,0,0,0
WBGene00173644.,0,0,0
WBGene00173645.,0,0,0
WBGene00173646.,0,0,0
WBGene00173647.,0,0,0
WBGene00173648.,0,0,0
WBGene00173649.,0,0,0
WBGene00173650.,0,0,0
WBGene00173651.,0,0,0
WBGene00173652.,0,0,0
WBGene00173653.,0,0,0
WBGene00173654.,0,0,0
WBGene00173655.,0,0,0
WBGene00173656.,0,0,0
WBGene00173657.,0,0,0
WBGene00173658.,0,0,0
WBGene00173659.,0,0,0
WBGene00173660.,0,0,0
WBGene00173661.,0,0,0
WBGene00173662.,0,0,0
WBGene00173663.,0,0,0
WBGene00173664.,0,0,0
WBGene00173665.,0,0,0
WBGene00173666.,0,0,0
WBGene00173667.,0,0,0
WBGene00173668.,0,0,0
WBGene00173669.,0,0,0
WBGene00173670.,0,0,0
WBGene00173671.,0,0,0
WBGene00173672.,0,0,0
WBGene00173673.,0,0,0
WBGene00173674.,0,0,0
WBGene00173675.,0,0,0
WBGene00173676.,0,0,0
WBGene00173677.,0,0,0
WBGene00173678.,0,0,0
WBGene00173679.,0,0,0
WBGene00173680.,0,0,0
WBGene00173681.,0,0,0
WBGene00173682.,0,0,0
WBGene00173683.,0,0,0
WBGene00173684.,0,0,0
WBGene00173685.,0,0,0
WBGene00173686.,0,0,0
WBGene00173687.,0,0,0
WBGene00173688.,0,0,0
WBGene00173689.,0,0,0
WBGene00173690.,0,0,0
WBGene00173691.,0,0,0
WBGene00173692.,0,0,0
WBGene00173693.,0,0,0
WBGene00173694.,0,0,0
WBGene00173695.,0,0,0
WBGene00173696.,0,0,0
WBGene00173697.,0,0,0
WBGene00173698.,0,0,0
WBGene00173699.,0,0,0
WBGene00173700.,0,0,0
WBGene00173701.,0,0,0
WBGene00173702.,0,0,0
WBGene00173703.,0,0,0
WBGene00173704.,0,0,0
WBGene00173705.,0,0,0
WBGene00173706.,0,0,0
WBGene00173707.,0,0,0
WBGene00173708.,0,0,0
WBGene00173709.,0,0,0
WBGene00173710.,0,0,0
WBGene00173711.,0,0,0
WBGene00173712.,0,0,0
WBGene00173713.,0,0,0
WBGene00173714.,0,0,0
WBGene00173715.,0,0,0
WBGene00173716.,0,0,0
WBGene00173717.,0,0,0
WBGene00173718.,0,0,0
WBGene00173719.,0,0,0
WBGene00173720.,0,0,0
WBGene00173721.,0,0,0
WBGene00173722.,0,0,0
WBGene00173723.,0,0,0
WBGene00173724.,0,0,0
WBGene00173725.,0,0,0
WBGene00173726.,0,0,0
WBGene00173727.,0,0,0
WBGene00173728.,0,0,0
WBGene00173729.,0,0,0
WBGene00173730.,0,0,0
WBGene00173731.,0,0,0
WBGene00173732.,0,0,0
WBGene00173733.,0,0,0
WBGene00173734.,0,0,0
WBGene00173735.,0,0,0
WBGene00173736.,0,0,0
WBGene00173737.,0,0,0
WBGene00173738.,0,0,0
WBGene00173739.,0,0,0
WBGene00173740.,0,0,0
WBGene00173741.,0,0,0
WBGene00173742.,0,0,0
WBGene00173743.,0,0,0
WBGene00173744.,0,0,0
WBGene00173745.,0,0,0
WBGene00173746.,0,0,0
WBGene00173747.,0,0,0
WBGene00173748.,0,0,0
WBGene00173749.,0,0,0
WBGene00173750.,0,0,0
WBGene00173751.,0,0,0
WBGene00173752.,0,0,0
WBGene00173753.,0,0,0
WBGene00173754.,0,0,0
WBGene00173755.,0,0,0
WBGene00173756.,0,0,0
WBGene00173757.,0,0,0
WBGene00173758.,0,0,0
WBGene00173759.,0,0,0
WBGene00173760.,0,0,0
WBGene00173761.,0,0,0
WBGene00173762.,0,0,0
WBGene00173763.,0,0,0
WBGene00173764.,0,0,0
WBGene00173765.,0,0,0
WBGene00173766.,0,0,0
WBGene00173767.,0,0,0
WBGene00173768.,0,0,0
WBGene00173769.,0,0,0
WBGene00173770.,0,0,0
WBGene00173771.,0,0,0
WBGene00173772.,0,0,0
WBGene00173773.,0,0,0
WBGene00173774.,0,0,0
WBGene00173775.,0,0,0
WBGene00173776.,0,0,0
WBGene00173777.,0,0,0
WBGene00173778.,0,0,0
WBGene00173779.,0,0,0
WBGene00173780.,0,0,0
WBGene00173781.,0,0,0
WBGene00173782.,0,0,0
WBGene00173783.,0,0,0
WBGene00173784.,0,0,0
WBGene00173785.,0,0,0
WBGene00173786.,0,0,0
WBGene00173787.,0,0,0
WBGene00173788.,0,0,0
WBGene00173789.,0,0,0
WBGene00173790.,0,0,0
WBGene00173791.,0,0,0
WBGene00173792.,0,0,0
WBGene00173793.,0,0,0
WBGene00173794.,0,0,0
WBGene00173795.,0,0,0
WBGene00173796.,0,0,0
WBGene00173797.,0,0,0
WBGene00173798.,0,0,0
WBGene00173799.,0,0,0
WBGene00173800.,0,0,0
WBGene00173801.,0,0,0
WBGene00173802.,0,0,0
WBGene00173803.,0,0,0
WBGene00173804.,0,0,0
WBGene00173805.,0,0,0
WBGene00173806.,0,0,0
WBGene00173807.,0,0,0
WBGene00173808.,0,0,0
WBGene00173809.,0,0,0
WBGene00173810.,0,0,0
WBGene00173811.,0,0,0
WBGene00173812.,0,0,0
WBGene00173813.,0,0,0
WBGene00173814.,0,0,0
WBGene00173815.,0,0,0
WBGene00173816.,0,0,0
WBGene00173817.,0,0,0
WBGene00173818.,0,0,0
WBGene00173819.,0,0,0
WBGene00173820.,0,0,0
WBGene00173821.,0,0,0
WBGene00173822.,0,0,0
WBGene00173823.,0,0,0
WBGene00173824.,0,0,0
WBGene00173825.,0,0,0
WBGene00173826.,0,0,0
WBGene00173827.,0,0,0
WBGene00173828.,0,0,0
WBGene00173829.,0,0,0
WBGene00173830.,0,0,0
WBGene00173831.,0,0,0
WBGene00173832.,0,0,0
WBGene00173833.,0,0,0
WBGene00173834.,0,0,0
WBGene00173835.,0,0,0
WBGene00173836.,0,0,0
WBGene00173837.,0,0,0
WBGene00173838.,0,0,0
WBGene00173839.,0,0,0
WBGene00173840.,0,0,0
WBGene00173841.,0,0,0
WBGene00173842.,0,0,0
WBGene00173843.,0,0,0
WBGene00173844.,0,0,0
WBGene00173845.,0,0,0
WBGene00173846.,0,0,0
WBGene00173847.,0,0,0
WBGene00173848.,0,0,0
WBGene00173849.,0,0,0
WBGene00173850.,0,0,0
WBGene00173851.,0,0,0
WBGene00173852.,0,0,0
WBGene00173853.,0,0,0
WBGene00173854.,0,0,0
WBGene00173855.,0,0,0
WBGene00173856.,0,0,0
WBGene00173857.,0,0,0
WBGene00173858.,0,0,0
WBGene00173859.,0,0,0
WBGene00173860.,0,0,0
WBGene00173861.,0,0,0
WBGene00173862.,0,0,0
WBGene00173863.,0,0,0
WBGene00173864.,0,0,0
WBGene00173865.,0,0,0
WBGene00173866.,0,0,0
WBGene00173867.,0,0,0
WBGene00173868.,0,0,0
WBGene00173869.,0,0,0
WBGene00173870.,0,0,0
WBGene00173871.,0,0,0
WBGene00173872.,0,0,0
WBGene00173873.,0,0,0
WBGene00173874.,0,0,0
WBGene00173875.,0,0,0
WBGene00173876.,0,0,0
WBGene00173877.,0,0,0
WBGene00173878.,0,0,0
WBGene00173879.,0,0,0
WBGene00173880.,0,0,0
WBGene00173881.,0,0,0
WBGene00173882.,0,0,0
WBGene00173883.,0,0,0
WBGene00173884.,0,0,0
WBGene00173885.,0,0,0
WBGene00173886.,0,0,0
WBGene00173887.,0,0,0
WBGene00173888.,0,0,0
WBGene00173889.,0,0,0
WBGene00173890.,0,0,0
WBGene00173891.,0,0,0
WBGene00173892.,0,0,0
WBGene00173893.,0,0,0
WBGene00173894.,0,0,0
WBGene00173895.,0,0,0
WBGene00173896.,0,0,0
WBGene00173897.,0,0,0
WBGene00173898.,0,0,0
WBGene00173899.,0,0,0
WBGene00173900.,0,0,0
WBGene00173901.,0,0,0
WBGene00173902.,0,0,0
WBGene00173903.,0,0,0
WBGene00173904.,0,0,0
WBGene00173905.,0,0,0
WBGene00173906.,0,0,0
WBGene00173907.,0,0,0
WBGene00173908.,0,0,0
WBGene00173909.,0,0,0
WBGene00173910.,0,0,0
WBGene00173911.,0,0,0
WBGene00173912.,0,0,0
WBGene00173913.,0,0,0
WBGene00173914.,0,0,0
WBGene00173915.,0,0,0
WBGene00173916.,0,0,0
WBGene00173917.,0,0,0
WBGene00173918.,0,0,0
WBGene00173919.,0,0,0
WBGene00173920.,0,0,0
WBGene00173921.,0,0,0
WBGene00173922.,0,0,0
WBGene00173923.,0,0,0
WBGene00173924.,0,0,0
WBGene00173925.,0,0,0
WBGene00173926.,0,0,0
WBGene00173927.,0,0,0
WBGene00173928.,0,0,0
WBGene00173929.,0,0,0
WBGene00173930.,0,0,0
WBGene00173931.,0,0,0
WBGene00173932.,0,0,0
WBGene00173933.,0,0,0
WBGene00173934.,0,0,0
WBGene00173935.,0,0,0
WBGene00173936.,0,0,0
WBGene00173937.,0,0,0
WBGene00173938.,0,0,0
WBGene00173939.,0,0,0
WBGene00173940.,0,0,0
WBGene00173941.,0,0,0
WBGene00173942.,0,0,0
WBGene00173943.,0,0,0
WBGene00173944.,0,0,0
WBGene00173945.,0,0,0
WBGene00173946.,0,0,0
WBGene00173947.,0,0,0
WBGene00173948.,0,0,0
WBGene00173949.,0,0,0
WBGene00173950.,0,0,0
WBGene00173951.,0,0,0
WBGene00173952.,0,0,0
WBGene00173953.,0,0,0
WBGene00173954.,0,0,0
WBGene00173955.,0,0,0
WBGene00173956.,0,0,0
WBGene00173957.,0,0,0
WBGene00173958.,0,0,0
WBGene00173959.,0,0,0
WBGene00173960.,0,0,0
WBGene00173961.,0,0,0
WBGene00173962.,0,0,0
WBGene00173963.,0,0,0
WBGene00173964.,0,0,0
WBGene00173965.,0,0,0
WBGene00173966.,0,0,0
WBGene00173967.,0,0,0
WBGene00173968.,0,0,0
WBGene00173969.,0,0,0
WBGene00173970.,0,0,0
WBGene00173971.,0,0,0
WBGene00173972.,0,0,0
WBGene00173973.,0,0,0
WBGene00173974.,0,0,0
WBGene00173975.,0,0,0
WBGene00173976.,0,0,0
WBGene00173977.,0,0,0
WBGene00173978.,0,0,0
WBGene00173979.,0,0,0
WBGene00173980.,0,0,0
WBGene00173981.,0,0,0
WBGene00173982.,0,0,0
WBGene00173983.,0,0,0
WBGene00173984.,0,0,0
WBGene00173985.,0,0,0
WBGene00173986.,0,0,0
WBGene00173987.,0,0,0
WBGene00173988.,0,0,0
WBGene00173989.,0,0,0
WBGene00173990.,0,0,0
WBGene00173991.,0,0,0
WBGene00173992.,0,0,0
WBGene00173993.,0,0,0
WBGene00173994.,0,0,0
WBGene00173995.,0,0,0
WBGene00173996.,0,0,0
WBGene00173997.,0,0,0
WBGene00173998.,0,0,0
WBGene00173999.,0,0,0
WBGene00174000.,0,0,0
WBGene00174001.,0,0,0
WBGene00174002.,0,0,0
WBGene00174003.,0,0,0
WBGene00174004.,0,0,0
WBGene00174005.,0,0,0
WBGene00174006.,0,0,0
WBGene00174007.,0,0,0
WBGene00174008.,0,0,0
WBGene00174009.,0,0,0
WBGene00174010.,0,0,0
WBGene00174011.,0,0,0
WBGene00174012.,0,0,0
WBGene00174013.,0,0,0
WBGene00174014.,0,0,0
WBGene00174015.,0,0,0
WBGene00174016.,0,0,0
WBGene00174017.,0,0,0
WBGene00174018.,0,0,0
WBGene00174019.,0,0,0
WBGene00174020.,0,0,0
WBGene00174021.,0,0,0
WBGene00174022.,0,0,0
WBGene00174023.,0,0,0
WBGene00174024.,0,0,0
WBGene00174025.,0,0,0
WBGene00174026.,0,0,0
WBGene00174027.,0,0,0
WBGene00174028.,0,0,0
WBGene00174029.,0,0,0
WBGene00174030.,0,0,0
WBGene00174031.,0,0,0
WBGene00174032.,0,0,0
WBGene00174033.,0,0,0
WBGene00174034.,0,0,0
WBGene00174035.,0,0,0
WBGene00174036.,0,0,0
WBGene00174037.,0,0,0
WBGene00174038.,0,0,0
WBGene00174039.,0,0,0
WBGene00174040.,0,0,0
WBGene00174041.,0,0,0
WBGene00174042.,0,0,0
WBGene00174043.,0,0,0
WBGene00174044.,0,0,0
WBGene00174045.,0,0,0
WBGene00174046.,0,0,0
WBGene00174047.,0,0,0
WBGene00174048.,0,0,0
WBGene00174049.,0,0,0
WBGene00174050.,0,0,0
WBGene00174051.,0,0,0
WBGene00174052.,0,0,0
WBGene00174053.,0,0,0
WBGene00174054.,0,0,0
WBGene00174055.,0,0,0
WBGene00174056.,0,0,0
WBGene00174057.,0,0,0
WBGene00174058.,0,0,0
WBGene00174059.,0,0,0
WBGene00174060.,0,0,0
WBGene00174061.,0,0,0
WBGene00174062.,0,0,0
WBGene00174063.,0,0,0
WBGene00174064.,0,0,0
WBGene00174065.,0,0,0
WBGene00174066.,0,0,0
WBGene00174067.,0,0,0
WBGene00174068.,0,0,0
WBGene00174069.,0,0,0
WBGene00174070.,0,0,0
WBGene00174071.,0,0,0
WBGene00174072.,0,0,0
WBGene00174073.,0,0,0
WBGene00174074.,0,0,0
WBGene00174075.,0,0,0
WBGene00174076.,0,0,0
WBGene00174077.,0,0,0
WBGene00174078.,0,0,0
WBGene00174079.,0,0,0
WBGene00174080.,0,0,0
WBGene00174081.,0,0,0
WBGene00174082.,0,0,0
WBGene00174083.,0,0,0
WBGene00174084.,0,0,0
WBGene00174085.,0,0,0
WBGene00174086.,0,0,0
WBGene00174087.,0,0,0
WBGene00174088.,0,0,0
WBGene00174089.,0,0,0
WBGene00174090.,0,0,0
WBGene00174091.,0,0,0
WBGene00174092.,0,0,0
WBGene00174093.,0,0,0
WBGene00174094.,0,0,0
WBGene00174095.,0,0,0
WBGene00174096.,0,0,0
WBGene00174097.,0,0,0
WBGene00174098.,0,0,0
WBGene00174099.,0,0,0
WBGene00174100.,0,0,0
WBGene00174101.,0,0,0
WBGene00174102.,0,0,0
WBGene00174103.,0,0,0
WBGene00174104.,0,0,0
WBGene00174105.,0,0,0
WBGene00174106.,0,0,0
WBGene00174107.,0,0,0
WBGene00174108.,0,0,0
WBGene00174109.,0,0,0
WBGene00174110.,0,0,0
WBGene00174111.,0,0,0
WBGene00174112.,0,0,0
WBGene00174113.,0,0,0
WBGene00174114.,0,0,0
WBGene00174115.,0,0,0
WBGene00174116.,0,0,0
WBGene00174117.,0,0,0
WBGene00174118.,0,0,0
WBGene00174119.,0,0,0
WBGene00174120.,0,0,0
WBGene00174121.,0,0,0
WBGene00174122.,0,0,0
WBGene00174123.,0,0,0
WBGene00174124.,0,0,0
WBGene00174125.,0,0,0
WBGene00174126.,0,0,0
WBGene00174127.,0,0,0
WBGene00174128.,0,0,0
WBGene00174129.,0,0,0
WBGene00174130.,0,0,0
WBGene00174131.,0,0,0
WBGene00174132.,0,0,0
WBGene00174133.,0,0,0
WBGene00174134.,0,0,0
WBGene00174135.,0,0,0
WBGene00174136.,0,0,0
WBGene00174137.,0,0,0
WBGene00174138.,0,0,0
WBGene00174139.,0,0,0
WBGene00174140.,0,0,0
WBGene00174141.,0,0,0
WBGene00174142.,0,0,0
WBGene00174143.,0,0,0
WBGene00174144.,0,0,0
WBGene00174145.,0,0,0
WBGene00174146.,0,0,0
WBGene00174147.,0,0,0
WBGene00174148.,0,0,0
WBGene00174149.,0,0,0
WBGene00174150.,0,0,0
WBGene00174151.,0,0,0
WBGene00174152.,0,0,0
WBGene00174153.,0,0,0
WBGene00174154.,0,0,0
WBGene00174155.,0,0,0
WBGene00174156.,0,0,0
WBGene00174157.,0,0,0
WBGene00174158.,0,0,0
WBGene00174159.,0,0,0
WBGene00174160.,0,0,0
WBGene00174161.,0,0,0
WBGene00174162.,0,0,0
WBGene00174163.,0,0,0
WBGene00174164.,0,0,0
WBGene00174165.,0,0,0
WBGene00174166.,0,0,0
WBGene00174167.,0,0,0
WBGene00174168.,0,0,0
WBGene00174169.,0,0,0
WBGene00174170.,0,0,0
WBGene00174171.,0,0,0
WBGene00174172.,0,0,0
WBGene00174173.,0,0,0
WBGene00174174.,0,0,0
WBGene00174175.,0,0,0
WBGene00174176.,0,0,0
WBGene00174177.,0,0,0
WBGene00174178.,0,0,0
WBGene00174179.,0,0,0
WBGene00174180.,0,0,0
WBGene00174181.,0,0,0
WBGene00174182.,0,0,0
WBGene00174183.,0,0,0
WBGene00174184.,0,0,0
WBGene00174185.,0,0,0
WBGene00174186.,0,0,0
WBGene00174187.,0,0,0
WBGene00174188.,0,0,0
WBGene00174189.,0,0,0
WBGene00174190.,0,0,0
WBGene00174191.,0,0,0
WBGene00174192.,0,0,0
WBGene00174193.,0,0,0
WBGene00174194.,0,0,0
WBGene00174195.,0,0,0
WBGene00174196.,0,0,0
WBGene00174197.,0,0,0
WBGene00174198.,0,0,0
WBGene00174199.,0,0,0
WBGene00174200.,0,0,0
WBGene00174201.,0,0,0
WBGene00174202.,0,0,0
WBGene00174203.,0,0,0
WBGene00174204.,0,0,0
WBGene00174205.,0,0,0
WBGene00174206.,0,0,0
WBGene00174207.,0,0,0
WBGene00174208.,0,0,0
WBGene00174209.,0,0,0
WBGene00174210.,0,0,0
WBGene00174211.,0,0,0
WBGene00174212.,0,0,0
WBGene00174213.,0,0,0
WBGene00174214.,0,0,0
WBGene00174215.,0,0,0
WBGene00174216.,0,0,0
WBGene00174217.,0,0,0
WBGene00174218.,0,0,0
WBGene00174219.,0,0,0
WBGene00174220.,0,0,0
WBGene00174221.,0,0,0
WBGene00174222.,0,0,0
WBGene00174223.,0,0,0
WBGene00174224.,0,0,0
WBGene00174225.,0,0,0
WBGene00174226.,0,0,0
WBGene00174227.,0,0,0
WBGene00174228.,0,0,0
WBGene00174229.,0,0,0
WBGene00174230.,0,0,0
WBGene00174231.,0,0,0
WBGene00174232.,0,0,0
WBGene00174233.,0,0,0
WBGene00174234.,0,0,0
WBGene00174235.,0,0,0
WBGene00174236.,0,0,0
WBGene00174237.,0,0,0
WBGene00174238.,0,0,0
WBGene00174239.,0,0,0
WBGene00174240.,0,0,0
WBGene00174241.,0,0,0
WBGene00174242.,0,0,0
WBGene00174243.,0,0,0
WBGene00174244.,0,0,0
WBGene00174245.,0,0,0
WBGene00174246.,0,0,0
WBGene00174247.,0,0,0
WBGene00174248.,0,0,0
WBGene00174249.,0,0,0
WBGene00174250.,0,0,0
WBGene00174251.,0,0,0
WBGene00174252.,0,0,0
WBGene00174253.,0,0,0
WBGene00174254.,0,0,0
WBGene00174255.,0,0,0
WBGene00174256.,0,0,0
WBGene00174257.,0,0,0
WBGene00174258.,0,0,0
WBGene00174259.,0,0,0
WBGene00174260.,0,0,0
WBGene00174261.,0,0,0
WBGene00174262.,0,0,0
WBGene00174263.,0,0,0
WBGene00174264.,0,0,0
WBGene00174265.,0,0,0
WBGene00174266.,0,0,0
WBGene00174267.,0,0,0
WBGene00174268.,0,0,0
WBGene00174269.,0,0,0
WBGene00174270.,0,0,0
WBGene00174271.,0,0,0
WBGene00174272.,0,0,0
WBGene00174273.,0,0,0
WBGene00174274.,0,0,0
WBGene00174275.,0,0,0
WBGene00174276.,0,0,0
WBGene00174277.,0,0,0
WBGene00174278.,0,0,0
WBGene00174279.,0,0,0
WBGene00174280.,0,0,0
WBGene00174281.,0,0,0
WBGene00174282.,0,0,0
WBGene00174283.,0,0,0
WBGene00174284.,0,0,0
WBGene00174285.,0,0,0
WBGene00174286.,0,0,0
WBGene00174287.,0,0,0
WBGene00174288.,0,0,0
WBGene00174289.,0,0,0
WBGene00174290.,0,0,0
WBGene00174291.,0,0,0
WBGene00174292.,0,0,0
WBGene00174293.,0,0,0
WBGene00174294.,0,0,0
WBGene00174295.,0,0,0
WBGene00174296.,0,0,0
WBGene00174297.,0,0,0
WBGene00174298.,0,0,0
WBGene00174299.,0,0,0
WBGene00174300.,0,0,0
WBGene00174301.,0,0,0
WBGene00174302.,0,0,0
WBGene00174303.,0,0,0
WBGene00174304.,0,0,0
WBGene00174305.,0,0,0
WBGene00174306.,0,0,0
WBGene00174307.,0,0,0
WBGene00174308.,0,0,0
WBGene00174309.,0,0,0
WBGene00174310.,0,0,0
WBGene00174311.,0,0,0
WBGene00174312.,0,0,0
WBGene00174313.,0,0,0
WBGene00174314.,0,0,0
WBGene00174315.,0,0,0
WBGene00174316.,0,0,0
WBGene00174317.,0,0,0
WBGene00174318.,0,0,0
WBGene00174319.,0,0,0
WBGene00174320.,0,0,0
WBGene00174321.,0,0,0
WBGene00174322.,0,0,0
WBGene00174323.,0,0,0
WBGene00174324.,0,0,0
WBGene00174325.,0,0,0
WBGene00174326.,0,0,0
WBGene00174327.,0,0,0
WBGene00174328.,0,0,0
WBGene00174329.,0,0,0
WBGene00174330.,0,0,0
WBGene00174331.,0,0,0
WBGene00174332.,0,0,0
WBGene00174333.,0,0,0
WBGene00174334.,0,0,0
WBGene00174335.,0,0,0
WBGene00174336.,0,0,0
WBGene00174337.,0,0,0
WBGene00174338.,0,0,0
WBGene00174339.,0,0,0
WBGene00174340.,0,0,0
WBGene00174341.,0,0,0
WBGene00174342.,0,0,0
WBGene00174343.,0,0,0
WBGene00174344.,0,0,0
WBGene00174345.,0,0,0
WBGene00174346.,0,0,0
WBGene00174347.,0,0,0
WBGene00174348.,0,0,0
WBGene00174349.,0,0,0
WBGene00174350.,0,0,0
WBGene00174351.,0,0,0
WBGene00174352.,0,0,0
WBGene00174353.,0,0,0
WBGene00174354.,0,0,0
WBGene00174355.,0,0,0
WBGene00174356.,0,0,0
WBGene00174357.,0,0,0
WBGene00174358.,0,0,0
WBGene00174359.,0,0,0
WBGene00174360.,0,0,0
WBGene00174361.,0,0,0
WBGene00174362.,0,0,0
WBGene00174363.,0,0,0
WBGene00174364.,0,0,0
WBGene00174365.,0,0,0
WBGene00174366.,0,0,0
WBGene00174367.,0,0,0
WBGene00174368.,0,0,0
WBGene00174369.,0,0,0
WBGene00174370.,0,0,0
WBGene00174371.,0,0,0
WBGene00174372.,0,0,0
WBGene00174373.,0,0,0
WBGene00174374.,0,0,0
WBGene00174375.,0,0,0
WBGene00174376.,0,0,0
WBGene00174377.,0,0,0
WBGene00174378.,0,0,0
WBGene00174379.,0,0,0
WBGene00174380.,0,0,0
WBGene00174381.,0,0,0
WBGene00174382.,0,0,0
WBGene00174383.,0,0,0
WBGene00174384.,0,0,0
WBGene00174385.,0,0,0
WBGene00174386.,0,0,0
WBGene00174387.,0,0,0
WBGene00174388.,0,0,0
WBGene00174389.,0,0,0
WBGene00174390.,0,0,0
WBGene00174391.,0,0,0
WBGene00174392.,0,0,0
WBGene00174393.,0,0,0
WBGene00174394.,0,0,0
WBGene00174395.,0,0,0
WBGene00174396.,0,0,0
WBGene00174397.,0,0,0
WBGene00174398.,0,0,0
WBGene00174399.,0,0,0
WBGene00174400.,0,0,0
WBGene00174401.,0,0,0
WBGene00174402.,0,0,0
WBGene00174403.,0,0,0
WBGene00174404.,0,0,0
WBGene00174405.,0,0,0
WBGene00174406.,0,0,0
WBGene00174407.,0,0,0
WBGene00174408.,0,0,0
WBGene00174409.,0,0,0
WBGene00174410.,0,0,0
WBGene00174411.,0,0,0
WBGene00174412.,0,0,0
WBGene00174413.,0,0,0
WBGene00174414.,0,0,0
WBGene00174415.,0,0,0
WBGene00174416.,0,0,0
WBGene00174417.,0,0,0
WBGene00174418.,0,0,0
WBGene00174419.,0,0,0
WBGene00174420.,0,0,0
WBGene00174421.,0,0,0
WBGene00174422.,0,0,0
WBGene00174423.,0,0,0
WBGene00174424.,0,0,0
WBGene00174425.,0,0,0
WBGene00174426.,0,0,0
WBGene00174427.,0,0,0
WBGene00174428.,0,0,0
WBGene00174429.,0,0,0
WBGene00174430.,0,0,0
WBGene00174431.,0,0,0
WBGene00174432.,0,0,0
WBGene00174433.,0,0,0
WBGene00174434.,0,0,0
WBGene00174435.,0,0,0
WBGene00174436.,0,0,0
WBGene00174437.,0,0,0
WBGene00174438.,0,0,0
WBGene00174439.,0,0,0
WBGene00174440.,0,0,0
WBGene00174441.,0,0,0
WBGene00174442.,0,0,0
WBGene00174443.,0,0,0
WBGene00174444.,0,0,0
WBGene00174445.,0,0,0
WBGene00174446.,0,0,0
WBGene00174447.,0,0,0
WBGene00174448.,0,0,0
WBGene00174449.,0,0,0
WBGene00174450.,0,0,0
WBGene00174451.,0,0,0
WBGene00174452.,0,0,0
WBGene00174453.,0,0,0
WBGene00174454.,0,0,0
WBGene00174455.,0,0,0
WBGene00174456.,0,0,0
WBGene00174457.,0,0,0
WBGene00174458.,0,0,0
WBGene00174459.,0,0,0
WBGene00174460.,0,0,0
WBGene00174461.,0,0,0
WBGene00174462.,0,0,0
WBGene00174463.,0,0,0
WBGene00174464.,0,0,0
WBGene00174465.,0,0,0
WBGene00174466.,0,0,0
WBGene00174467.,0,0,0
WBGene00174468.,0,0,0
WBGene00174469.,0,0,0
WBGene00174470.,0,0,0
WBGene00174471.,0,0,0
WBGene00174472.,0,0,0
WBGene00174473.,0,0,0
WBGene00174474.,0,0,0
WBGene00174475.,0,0,0
WBGene00174476.,0,0,0
WBGene00174477.,0,0,0
WBGene00174478.,0,0,0
WBGene00174479.,0,0,0
WBGene00174480.,0,0,0
WBGene00174481.,0,0,0
WBGene00174482.,0,0,0
WBGene00174483.,0,0,0
WBGene00174484.,0,0,0
WBGene00174485.,0,0,0
WBGene00174486.,0,0,0
WBGene00174487.,0,0,0
WBGene00174488.,0,0,0
WBGene00174489.,0,0,0
WBGene00174490.,0,0,0
WBGene00174491.,0,0,0
WBGene00174492.,0,0,0
WBGene00174493.,0,0,0
WBGene00174494.,0,0,0
WBGene00174495.,0,0,0
WBGene00174496.,0,0,0
WBGene00174497.,0,0,0
WBGene00174498.,0,0,0
WBGene00174499.,0,0,0
WBGene00174500.,0,0,0
WBGene00174501.,0,0,0
WBGene00174502.,0,0,0
WBGene00174503.,0,0,0
WBGene00174504.,0,0,0
WBGene00174505.,0,0,0
WBGene00174506.,0,0,0
WBGene00174507.,0,0,0
WBGene00174508.,0,0,0
WBGene00174509.,0,0,0
WBGene00174510.,0,0,0
WBGene00174511.,0,0,0
WBGene00174512.,0,0,0
WBGene00174513.,0,0,0
WBGene00174514.,0,0,0
WBGene00174515.,0,0,0
WBGene00174516.,0,0,0
WBGene00174517.,0,0,0
WBGene00174518.,0,0,0
WBGene00174519.,0,0,0
WBGene00174520.,0,0,0
WBGene00174521.,0,0,0
WBGene00174522.,0,0,0
WBGene00174523.,0,0,0
WBGene00174524.,0,0,0
WBGene00174525.,0,0,0
WBGene00174526.,0,0,0
WBGene00174527.,0,0,0
WBGene00174528.,0,0,0
WBGene00174529.,0,0,0
WBGene00174530.,0,0,0
WBGene00174531.,0,0,0
WBGene00174532.,0,0,0
WBGene00174533.,0,0,0
WBGene00174534.,0,0,0
WBGene00174535.,0,0,0
WBGene00174536.,0,0,0
WBGene00174537.,0,0,0
WBGene00174538.,0,0,0
WBGene00174539.,0,0,0
WBGene00174540.,0,0,0
WBGene00174541.,0,0,0
WBGene00174542.,0,0,0
WBGene00174543.,0,0,0
WBGene00174544.,0,0,0
WBGene00174545.,0,0,0
WBGene00174546.,0,0,0
WBGene00174547.,0,0,0
WBGene00174548.,0,0,0
WBGene00174549.,0,0,0
WBGene00174550.,0,0,0
WBGene00174551.,0,0,0
WBGene00174552.,0,0,0
WBGene00174553.,0,0,0
WBGene00174554.,0,0,0
WBGene00174555.,0,0,0
WBGene00174556.,0,0,0
WBGene00174557.,0,0,0
WBGene00174558.,0,0,0
WBGene00174559.,0,0,0
WBGene00174560.,0,0,0
WBGene00174561.,0,0,0
WBGene00174562.,0,0,0
WBGene00174563.,0,0,0
WBGene00174564.,0,0,0
WBGene00174565.,0,0,0
WBGene00174566.,0,0,0
WBGene00174567.,0,0,0
WBGene00174568.,0,0,0
WBGene00174569.,0,0,0
WBGene00174570.,0,0,0
WBGene00174571.,0,0,0
WBGene00174572.,0,0,0
WBGene00174573.,0,0,0
WBGene00174574.,0,0,0
WBGene00174575.,0,0,0
WBGene00174576.,0,0,0
WBGene00174577.,0,0,0
WBGene00174578.,0,0,0
WBGene00174579.,0,0,0
WBGene00174580.,0,0,0
WBGene00174581.,0,0,0
WBGene00174582.,0,0,0
WBGene00174583.,0,0,0
WBGene00174584.,0,0,0
WBGene00174585.,0,0,0
WBGene00174586.,0,0,0
WBGene00174587.,0,0,0
WBGene00174588.,0,0,0
WBGene00174589.,0,0,0
WBGene00174590.,0,0,0
WBGene00174591.,0,0,0
WBGene00174592.,0,0,0
WBGene00174593.,0,0,0
WBGene00174594.,0,0,0
WBGene00174595.,0,0,0
WBGene00174596.,0,0,0
WBGene00174597.,0,0,0
WBGene00174598.,0,0,0
WBGene00174599.,0,0,0
WBGene00174600.,0,0,0
WBGene00174601.,0,0,0
WBGene00174602.,0,0,0
WBGene00174603.,0,0,0
WBGene00174604.,0,0,0
WBGene00174605.,0,0,0
WBGene00174606.,0,0,0
WBGene00174607.,0,0,0
WBGene00174608.,0,0,0
WBGene00174609.,0,0,0
WBGene00174610.,0,0,0
WBGene00174611.,0,0,0
WBGene00174612.,0,0,0
WBGene00174613.,0,0,0
WBGene00174614.,0,0,0
WBGene00174615.,0,0,0
WBGene00174616.,0,0,0
WBGene00174617.,0,0,0
WBGene00174618.,0,0,0
WBGene00174619.,0,0,0
WBGene00174620.,0,0,0
WBGene00174621.,0,0,0
WBGene00174622.,0,0,0
WBGene00174623.,0,0,0
WBGene00174624.,0,0,0
WBGene00174625.,0,0,0
WBGene00174626.,0,0,0
WBGene00174627.,0,0,0
WBGene00174628.,0,0,0
WBGene00174629.,0,0,0
WBGene00174630.,0,0,0
WBGene00174631.,0,0,0
WBGene00174632.,0,0,0
WBGene00174633.,0,0,0
WBGene00174634.,0,0,0
WBGene00174635.,0,0,0
WBGene00174636.,0,0,0
WBGene00174637.,0,0,0
WBGene00174638.,0,0,0
WBGene00174639.,0,0,0
WBGene00174640.,0,0,0
WBGene00174641.,0,0,0
WBGene00174642.,0,0,0
WBGene00174643.,0,0,0
WBGene00174644.,0,0,0
WBGene00174645.,0,0,0
WBGene00174646.,0,0,0
WBGene00174647.,0,0,0
WBGene00174648.,0,0,0
WBGene00174649.,0,0,0
WBGene00174650.,0,0,0
WBGene00174651.,0,0,0
WBGene00174652.,0,0,0
WBGene00174653.,0,0,0
WBGene00174654.,0,0,0
WBGene00174655.,0,0,0
WBGene00174656.,0,0,0
WBGene00174657.,0,0,0
WBGene00174658.,0,0,0
WBGene00174659.,0,0,0
WBGene00174660.,0,0,0
WBGene00174661.,0,0,0
WBGene00174662.,0,0,0
WBGene00174663.,0,0,0
WBGene00174664.,0,0,0
WBGene00174665.,0,0,0
WBGene00174666.,0,0,0
WBGene00174667.,0,0,0
WBGene00174668.,0,0,0
WBGene00174669.,0,0,0
WBGene00174670.,0,0,0
WBGene00174671.,0,0,0
WBGene00174672.,0,0,0
WBGene00174673.,0,0,0
WBGene00174674.,0,0,0
WBGene00174675.,0,0,0
WBGene00174676.,0,0,0
WBGene00174677.,0,0,0
WBGene00174678.,0,0,0
WBGene00174679.,0,0,0
WBGene00174680.,0,0,0
WBGene00174681.,0,0,0
WBGene00174682.,0,0,0
WBGene00174683.,0,0,0
WBGene00174684.,0,0,0
WBGene00174685.,0,0,0
WBGene00174686.,0,0,0
WBGene00174687.,0,0,0
WBGene00174688.,0,0,0
WBGene00174689.,0,0,0
WBGene00174690.,0,0,0
WBGene00174691.,0,0,0
WBGene00174692.,0,0,0
WBGene00174693.,0,0,0
WBGene00174694.,0,0,0
WBGene00174695.,0,0,0
WBGene00174696.,0,0,0
WBGene00174697.,0,0,0
WBGene00174698.,0,0,0
WBGene00174699.,0,0,0
WBGene00174700.,0,0,0
WBGene00174701.,0,0,0
WBGene00174702.,0,0,0
WBGene00174703.,0,0,0
WBGene00174704.,0,0,0
WBGene00174705.,0,0,0
WBGene00174706.,0,0,0
WBGene00174707.,0,0,0
WBGene00174708.,0,0,0
WBGene00174709.,0,0,0
WBGene00174710.,0,0,0
WBGene00174711.,0,0,0
WBGene00174712.,0,0,0
WBGene00174713.,0,0,0
WBGene00174714.,0,0,0
WBGene00174715.,0,0,0
WBGene00174716.,0,0,0
WBGene00174717.,0,0,0
WBGene00174718.,0,0,0
WBGene00174719.,0,0,0
WBGene00174720.,0,0,0
WBGene00174721.,0,0,0
WBGene00174722.,0,0,0
WBGene00174723.,0,0,0
WBGene00174724.,0,0,0
WBGene00174725.,0,0,0
WBGene00174726.,0,0,0
WBGene00174727.,0,0,0
WBGene00174728.,0,0,0
WBGene00174729.,0,0,0
WBGene00174730.,0,0,0
WBGene00174731.,0,0,0
WBGene00174732.,0,0,0
WBGene00174733.,0,0,0
WBGene00174734.,0,0,0
WBGene00174735.,0,0,0
WBGene00174736.,0,0,0
WBGene00174737.,0,0,0
WBGene00174738.,0,0,0
WBGene00174739.,0,0,0
WBGene00174740.,0,0,0
WBGene00174741.,0,0,0
WBGene00174742.,0,0,0
WBGene00174743.,0,0,0
WBGene00174744.,0,0,0
WBGene00174745.,0,0,0
WBGene00174746.,0,0,0
WBGene00174747.,0,0,0
WBGene00174748.,0,0,0
WBGene00174749.,0,0,0
WBGene00174750.,0,0,0
WBGene00174751.,0,0,0
WBGene00174752.,0,0,0
WBGene00174753.,0,0,0
WBGene00174754.,0,0,0
WBGene00174755.,0,0,0
WBGene00174756.,0,0,0
WBGene00174757.,0,0,0
WBGene00174758.,0,0,0
WBGene00174759.,0,0,0
WBGene00174760.,0,0,0
WBGene00174761.,0,0,0
WBGene00174762.,0,0,0
WBGene00174763.,0,0,0
WBGene00174764.,0,0,0
WBGene00174765.,0,0,0
WBGene00174766.,0,0,0
WBGene00174767.,0,0,0
WBGene00174768.,0,0,0
WBGene00174769.,0,0,0
WBGene00174770.,0,0,0
WBGene00174771.,0,0,0
WBGene00174772.,0,0,0
WBGene00174773.,0,0,0
WBGene00174774.,0,0,0
WBGene00174775.,0,0,0
WBGene00174776.,0,0,0
WBGene00174777.,0,0,0
WBGene00174778.,0,0,0
WBGene00174779.,0,0,0
WBGene00174780.,0,0,0
WBGene00174781.,0,0,0
WBGene00174782.,0,0,0
WBGene00174783.,0,0,0
WBGene00174784.,0,0,0
WBGene00174785.,0,0,0
WBGene00174786.,0,0,0
WBGene00174787.,0,0,0
WBGene00174788.,0,0,0
WBGene00174789.,0,0,0
WBGene00174790.,0,0,0
WBGene00174791.,0,0,0
WBGene00174792.,0,0,0
WBGene00174793.,0,0,0
WBGene00174794.,0,0,0
WBGene00174795.,0,0,0
WBGene00174796.,0,0,0
WBGene00174797.,0,0,0
WBGene00174798.,0,0,0
WBGene00174799.,0,0,0
WBGene00174800.,0,0,0
WBGene00174801.,0,0,0
WBGene00174802.,0,0,0
WBGene00174803.,0,0,0
WBGene00174804.,0,0,0
WBGene00174805.,0,0,0
WBGene00174806.,0,0,0
WBGene00174807.,0,0,0
WBGene00174808.,0,0,0
WBGene00174809.,0,0,0
WBGene00174810.,0,0,0
WBGene00174811.,0,0,0
WBGene00174812.,0,0,0
WBGene00174813.,0,0,0
WBGene00174814.,0,0,0
WBGene00174815.,0,0,0
WBGene00174816.,0,0,0
WBGene00174817.,0,0,0
WBGene00174818.,0,0,0
WBGene00174819.,0,0,0
WBGene00174820.,0,0,0
WBGene00174821.,0,0,0
WBGene00174822.,0,0,0
WBGene00174823.,0,0,0
WBGene00174824.,0,0,0
WBGene00174825.,0,0,0
WBGene00174826.,0,0,0
WBGene00174827.,0,0,0
WBGene00174828.,0,0,0
WBGene00174829.,0,0,0
WBGene00174830.,0,0,0
WBGene00174831.,0,0,0
WBGene00174832.,0,0,0
WBGene00174833.,0,0,0
WBGene00174834.,0,0,0
WBGene00174835.,0,0,0
WBGene00174836.,0,0,0
WBGene00174837.,0,0,0
WBGene00174838.,0,0,0
WBGene00174839.,0,0,0
WBGene00174840.,0,0,0
WBGene00174841.,0,0,0
WBGene00174842.,0,0,0
WBGene00174843.,0,0,0
WBGene00174844.,0,0,0
WBGene00174845.,0,0,0
WBGene00174846.,0,0,0
WBGene00174847.,0,0,0
WBGene00174848.,0,0,0
WBGene00174849.,0,0,0
WBGene00174850.,0,0,0
WBGene00174851.,0,0,0
WBGene00174852.,0,0,0
WBGene00174853.,0,0,0
WBGene00174854.,0,0,0
WBGene00174855.,0,0,0
WBGene00174856.,0,0,0
WBGene00174857.,0,0,0
WBGene00174858.,0,0,0
WBGene00174859.,0,0,0
WBGene00174860.,0,0,0
WBGene00174861.,0,0,0
WBGene00174862.,0,0,0
WBGene00174863.,0,0,0
WBGene00174864.,0,0,0
WBGene00174865.,0,0,0
WBGene00174866.,0,0,0
WBGene00174867.,0,0,0
WBGene00174868.,0,0,0
WBGene00174869.,0,0,0
WBGene00174870.,0,0,0
WBGene00174871.,0,0,0
WBGene00174872.,0,0,0
WBGene00174873.,0,0,0
WBGene00174874.,0,0,0
WBGene00174875.,0,0,0
WBGene00174876.,0,0,0
WBGene00174877.,0,0,0
WBGene00174878.,0,0,0
WBGene00174879.,0,0,0
WBGene00174880.,0,0,0
WBGene00174881.,0,0,0
WBGene00174882.,0,0,0
WBGene00174883.,0,0,0
WBGene00174884.,0,0,0
WBGene00174885.,0,0,0
WBGene00174886.,0,0,0
WBGene00174887.,0,0,0
WBGene00174888.,0,0,0
WBGene00174889.,0,0,0
WBGene00174890.,0,0,0
WBGene00174891.,0,0,0
WBGene00174892.,0,0,0
WBGene00174893.,0,0,0
WBGene00174894.,0,0,0
WBGene00174895.,0,0,0
WBGene00174896.,0,0,0
WBGene00174897.,0,0,0
WBGene00174898.,0,0,0
WBGene00174899.,0,0,0
WBGene00174900.,0,0,0
WBGene00174901.,0,0,0
WBGene00174902.,0,0,0
WBGene00174903.,0,0,0
WBGene00174904.,0,0,0
WBGene00174905.,0,0,0
WBGene00174906.,0,0,0
WBGene00174907.,0,0,0
WBGene00174908.,0,0,0
WBGene00174909.,0,0,0
WBGene00174910.,0,0,0
WBGene00174911.,0,0,0
WBGene00174912.,0,0,0
WBGene00174913.,0,0,0
WBGene00174914.,0,0,0
WBGene00174915.,0,0,0
WBGene00174916.,0,0,0
WBGene00174917.,0,0,0
WBGene00174918.,0,0,0
WBGene00174919.,0,0,0
WBGene00174920.,0,0,0
WBGene00174921.,0,0,0
WBGene00174922.,0,0,0
WBGene00174923.,0,0,0
WBGene00174924.,0,0,0
WBGene00174925.,0,0,0
WBGene00174926.,0,0,0
WBGene00174927.,0,0,0
WBGene00174928.,0,0,0
WBGene00174929.,0,0,0
WBGene00174930.,0,0,0
WBGene00174931.,0,0,0
WBGene00174932.,0,0,0
WBGene00174933.,0,0,0
WBGene00174934.,0,0,0
WBGene00174935.,0,0,0
WBGene00174936.,0,0,0
WBGene00174937.,0,0,0
WBGene00174938.,0,0,0
WBGene00174939.,0,0,0
WBGene00174940.,0,0,0
WBGene00174941.,0,0,0
WBGene00174942.,0,0,0
WBGene00174943.,0,0,0
WBGene00174944.,0,0,0
WBGene00174945.,0,0,0
WBGene00174946.,0,0,0
WBGene00174947.,0,0,0
WBGene00174948.,0,0,0
WBGene00174949.,0,0,0
WBGene00174950.,0,0,0
WBGene00174951.,0,0,0
WBGene00174952.,0,0,0
WBGene00174953.,0,0,0
WBGene00174954.,0,0,0
WBGene00174955.,0,0,0
WBGene00174956.,0,0,0
WBGene00174957.,0,0,0
WBGene00174958.,0,0,0
WBGene00174959.,0,0,0
WBGene00174960.,0,0,0
WBGene00174961.,0,0,0
WBGene00174962.,0,0,0
WBGene00174963.,0,0,0
WBGene00174964.,0,0,0
WBGene00174965.,0,0,0
WBGene00174966.,0,0,0
WBGene00174967.,0,0,0
WBGene00174968.,0,0,0
WBGene00174969.,0,0,0
WBGene00174970.,0,0,0
WBGene00174971.,0,0,0
WBGene00174972.,0,0,0
WBGene00174973.,0,0,0
WBGene00174974.,0,0,0
WBGene00174975.,0,0,0
WBGene00174976.,0,0,0
WBGene00174977.,0,0,0
WBGene00174978.,0,0,0
WBGene00174979.,0,0,0
WBGene00174980.,0,0,0
WBGene00174981.,0,0,0
WBGene00174982.,0,0,0
WBGene00174983.,0,0,0
WBGene00174984.,0,0,0
WBGene00174985.,0,0,0
WBGene00174986.,0,0,0
WBGene00174987.,0,0,0
WBGene00174988.,0,0,0
WBGene00174989.,0,0,0
WBGene00174990.,0,0,0
WBGene00174991.,0,0,0
WBGene00174992.,0,0,0
WBGene00174993.,0,0,0
WBGene00174994.,0,0,0
WBGene00174995.,0,0,0
WBGene00174996.,0,0,0
WBGene00174997.,0,0,0
WBGene00174998.,0,0,0
WBGene00174999.,0,0,0
WBGene00175000.,0,0,0
WBGene00175001.,0,0,0
WBGene00175002.,0,0,0
WBGene00175003.,0,0,0
WBGene00175004.,0,0,0
WBGene00175005.,0,0,0
WBGene00175006.,0,0,0
WBGene00175007.,0,0,0
WBGene00175008.,0,0,0
WBGene00175009.,0,0,0
WBGene00175010.,0,0,0
WBGene00175011.,0,0,0
WBGene00175012.,0,0,0
WBGene00175013.,0,0,0
WBGene00175014.,0,0,0
WBGene00175015.,0,0,0
WBGene00175016.,0,0,0
WBGene00175017.,0,0,0
WBGene00175018.,0,0,0
WBGene00175019.,0,0,0
WBGene00175020.,0,0,0
WBGene00175021.,0,0,0
WBGene00175022.,0,0,0
WBGene00175023.,0,0,0
WBGene00175024.,0,0,0
WBGene00175025.,0,0,0
WBGene00175027.,503,456,959
WBGene00175028.,7,1,8
WBGene00175029.,122,440,562
WBGene00175030.,6,672,678
WBGene00175031.,12,19,31
WBGene00175034.,12,160,172
WBGene00175035.,57,413,470
WBGene00175036.,0,35,35
WBGene00184956.,5,0,5
WBGene00184990.,18,368,386
WBGene00185001.,117,879,996
WBGene00185002.,131,557,688
WBGene00185005.,22,1159,1181
WBGene00185006.,2,6,8
WBGene00185014.,44,301,345
WBGene00185048.,58,840,898
WBGene00185055.,1,2,3
WBGene00185067.,0,1,1
WBGene00185076.,94,424,518
WBGene00185077.,5,37,42
WBGene00185078.,546,216,762
WBGene00185079.,109,974,1083
WBGene00185086.,11,248,259
WBGene00185088.,12,457,469
WBGene00185089.,30,86,116
WBGene00185092.,26,143,169
WBGene00185093.,1,0,1
WBGene00185095.,5,74,79
WBGene00185096.,0,4,4
WBGene00185097.,4,0,4
WBGene00185098.,54,385,439
WBGene00185100.,4,5,9
WBGene00185101.,9,0,9
WBGene00185102.,33,400,433
WBGene00185116.,0,3,3
WBGene00185117.,14,80,94
WBGene00185118.,470,1205,1675
WBGene00185119.,7,1,8
WBGene00189930.,2,0,2
WBGene00189931.,0,1,1
WBGene00189932.,0,8,8
WBGene00189933.,38,45,83
WBGene00189937.,2,6,8
WBGene00189943.,3,1,4
WBGene00189944.,26,115,141
WBGene00189946.,0,0,0
WBGene00189947.,0,1,1
WBGene00189948.,19,188,207
WBGene00189949.,15,16,31
WBGene00189950.,96,68,164
WBGene00189951.,81,145,226
WBGene00189952.,24,119,143
WBGene00189953.,0,0,0
WBGene00189954.,0,5,5
WBGene00189955.,0,0,0
WBGene00189956.,18,31,49
WBGene00189957.,11,11,22
WBGene00189958.,12,400,412
WBGene00189961.,6,12,18
WBGene00189964.,0,0,0
WBGene00189966.,0,0,0
WBGene00189967.,0,0,0
WBGene00189968.,0,0,0
WBGene00189969.,0,0,0
WBGene00189970.,0,0,0
WBGene00189971.,0,0,0
WBGene00189972.,0,0,0
WBGene00189973.,0,0,0
WBGene00189974.,0,0,0
WBGene00189975.,0,0,0
WBGene00189976.,0,0,0
WBGene00189977.,0,0,0
WBGene00189978.,0,0,0
WBGene00189979.,0,0,0
WBGene00189980.,0,0,0
WBGene00189981.,0,0,0
WBGene00189982.,0,0,0
WBGene00189983.,0,0,0
WBGene00189984.,0,0,0
WBGene00189985.,0,0,0
WBGene00189986.,0,0,0
WBGene00189987.,23,32,55
WBGene00189993.,2,13,15
WBGene00189995.,4,0,4
WBGene00194641.,606,4413,5019
WBGene00194642.,41,245,286
WBGene00194643.,51,90,141
WBGene00194644.,177,624,801
WBGene00194645.,1,1,2
WBGene00194646.,4,35,39
WBGene00194647.,3,2,5
WBGene00194649.,8,88,96
WBGene00194650.,29,32,61
WBGene00194651.,142,1756,1898
WBGene00194652.,16,39,55
WBGene00194653.,6,1,7
WBGene00194654.,39,6,45
WBGene00194656.,1,5,6
WBGene00194657.,30,294,324
WBGene00194658.,78,1640,1718
WBGene00194659.,18,132,150
WBGene00194660.,0,46,46
WBGene00194661.,0,3,3
WBGene00194663.,0,8,8
WBGene00194664.,11,456,467
WBGene00194665.,154,12,166
WBGene00194666.,0,0,0
WBGene00194667.,40,24,64
WBGene00194668.,0,15,15
WBGene00194669.,14,9,23
WBGene00194670.,2,0,2
WBGene00194672.,0,2,2
WBGene00194673.,6,1,7
WBGene00194674.,4,19,23
WBGene00194675.,4,5,9
WBGene00194676.,11,4,15
WBGene00194677.,82,164,246
WBGene00194678.,0,6,6
WBGene00194679.,31,603,634
WBGene00194680.,29,155,184
WBGene00194681.,50,578,628
WBGene00194682.,19,135,154
WBGene00194683.,81,729,810
WBGene00194684.,7,21,28
WBGene00194686.,0,0,0
WBGene00194687.,52,87,139
WBGene00194689.,26,264,290
WBGene00194690.,2,3,5
WBGene00194691.,14,29,43
WBGene00194692.,150,2028,2178
WBGene00194695.,4,16,20
WBGene00194696.,2,0,2
WBGene00194697.,10,88,98
WBGene00194698.,0,0,0
WBGene00194699.,0,6,6
WBGene00194700.,19,28,47
WBGene00194701.,3,3,6
WBGene00194702.,18,5,23
WBGene00194703.,0,9,9
WBGene00194704.,1,0,1
WBGene00194706.,29,343,372
WBGene00194707.,34,1784,1818
WBGene00194708.,1,28,29
WBGene00194710.,100,468,568
WBGene00194711.,1,18,19
WBGene00194712.,28,51,79
WBGene00194713.,0,29,29
WBGene00194714.,1,4,5
WBGene00194715.,3,3,6
WBGene00194716.,0,15,15
WBGene00194717.,15,12,27
WBGene00194725.,0,47,47
WBGene00194726.,9,66,75
WBGene00194727.,10,5,15
WBGene00194729.,12,53,65
WBGene00194730.,9,0,9
WBGene00194731.,37,181,218
WBGene00194733.,0,0,0
WBGene00194734.,3,2,5
WBGene00194735.,12,11,23
WBGene00194737.,34,20,54
WBGene00194738.,3,3,6
WBGene00194742.,12,94,106
WBGene00194744.,2,1,3
WBGene00194746.,0,12,12
WBGene00194747.,78,1474,1552
WBGene00194748.,0,186,186
WBGene00194759.,0,0,0
WBGene00194768.,0,20,20
WBGene00194769.,165,167,332
WBGene00194771.,5,4,9
WBGene00194780.,0,2,2
WBGene00194783.,0,0,0
WBGene00194784.,14,23,37
WBGene00194785.,0,1,1
WBGene00194786.,48,5,53
WBGene00194787.,0,0,0
WBGene00194788.,7,11,18
WBGene00194792.,56,23,79
WBGene00194793.,4,23,27
WBGene00194794.,0,51,51
WBGene00194795.,2,39,41
WBGene00194799.,0,0,0
WBGene00194800.,5,46,51
WBGene00194801.,0,0,0
WBGene00194802.,0,0,0
WBGene00194803.,28,415,443
WBGene00194804.,0,1,1
WBGene00194805.,0,0,0
WBGene00194806.,0,1,1
WBGene00194807.,0,7,7
WBGene00194808.,0,0,0
WBGene00194809.,0,0,0
WBGene00194810.,0,3,3
WBGene00194811.,0,3,3
WBGene00194812.,0,224,224
WBGene00194814.,51,692,743
WBGene00194815.,93,105,198
WBGene00194816.,4,6,10
WBGene00194821.,6,10,16
WBGene00194822.,0,0,0
WBGene00194823.,0,0,0
WBGene00194824.,0,0,0
WBGene00194825.,0,0,0
WBGene00194826.,0,2,2
WBGene00194827.,0,7,7
WBGene00194828.,0,0,0
WBGene00194829.,0,1,1
WBGene00194830.,0,0,0
WBGene00194831.,0,0,0
WBGene00194832.,1,58,59
WBGene00194833.,1,0,1
WBGene00194834.,5,2,7
WBGene00194835.,10,0,10
WBGene00194836.,1231,203,1434
WBGene00194839.,0,18,18
WBGene00194840.,0,0,0
WBGene00194841.,0,1,1
WBGene00194842.,32,5,37
WBGene00194843.,8,14,22
WBGene00194844.,3,2,5
WBGene00194847.,83,98,181
WBGene00194848.,23,58,81
WBGene00194849.,53,174,227
WBGene00194850.,3,11,14
WBGene00194851.,0,0,0
WBGene00194852.,16,182,198
WBGene00194853.,7,2,9
WBGene00194854.,6,1,7
WBGene00194855.,37,220,257
WBGene00194856.,407,133,540
WBGene00194861.,5,47,52
WBGene00194864.,2,5,7
WBGene00194865.,4,1,5
WBGene00194866.,72,187,259
WBGene00194867.,3,5,8
WBGene00194868.,86,8,94
WBGene00194869.,0,12,12
WBGene00194870.,13,17,30
WBGene00194871.,7,2,9
WBGene00194883.,20,515,535
WBGene00194884.,14,15,29
WBGene00194885.,0,0,0
WBGene00194886.,0,16,16
WBGene00194888.,2,13,15
WBGene00194890.,272,0,272
WBGene00194891.,0,8,8
WBGene00194892.,74,520,594
WBGene00194894.,0,0,0
WBGene00194895.,4,23,27
WBGene00194896.,54,15,69
WBGene00194898.,0,0,0
WBGene00194902.,9,12,21
WBGene00194905.,127,1158,1285
WBGene00194906.,12,22,34
WBGene00194907.,0,5,5
WBGene00194908.,309,1493,1802
WBGene00194909.,89,692,781
WBGene00194910.,52,113,165
WBGene00194912.,2,5,7
WBGene00194913.,242,262,504
WBGene00194914.,1,4,5
WBGene00194915.,9,168,177
WBGene00194916.,1,7,8
WBGene00194917.,10,7,17
WBGene00194918.,4,11,15
WBGene00194919.,19,22,41
WBGene00194920.,6,0,6
WBGene00194921.,97,907,1004
WBGene00194922.,0,0,0
WBGene00194923.,0,3,3
WBGene00194924.,0,0,0
WBGene00194925.,0,0,0
WBGene00194926.,110,739,849
WBGene00194927.,0,1,1
WBGene00194928.,15,57,72
WBGene00194929.,0,5,5
WBGene00194930.,0,1,1
WBGene00194931.,0,0,0
WBGene00194932.,0,1,1
WBGene00194933.,0,2,2
WBGene00194934.,15,362,377
WBGene00194935.,0,1,1
WBGene00194939.,0,4,4
WBGene00194940.,0,9,9
WBGene00194945.,1,0,1
WBGene00194951.,0,0,0
WBGene00194952.,0,8,8
WBGene00194955.,44,20,64
WBGene00194957.,0,17,17
WBGene00194981.,20,0,20
WBGene00194982.,32,187,219
WBGene00194983.,0,0,0
WBGene00194984.,0,0,0
WBGene00194985.,0,1,1
WBGene00194986.,0,0,0
WBGene00194987.,0,0,0
WBGene00194988.,0,0,0
WBGene00194989.,0,0,0
WBGene00194990.,0,0,0
WBGene00194991.,0,0,0
WBGene00194992.,0,8,8
WBGene00194993.,0,2,2
WBGene00194994.,0,0,0
WBGene00194995.,0,1,1
WBGene00194996.,0,0,0
WBGene00194997.,0,1,1
WBGene00194998.,15,393,408
WBGene00194999.,0,0,0
WBGene00195000.,0,0,0
WBGene00195001.,0,0,0
WBGene00195002.,0,0,0
WBGene00195003.,4,6,10
WBGene00195004.,12,5,17
WBGene00195005.,0,66,66
WBGene00195006.,11,14,25
WBGene00195007.,0,0,0
WBGene00195008.,0,0,0
WBGene00195009.,0,1,1
WBGene00195010.,3,2,5
WBGene00195011.,112,282,394
WBGene00195012.,8,0,8
WBGene00195016.,0,20,20
WBGene00195017.,0,14,14
WBGene00195018.,0,0,0
WBGene00195019.,0,0,0
WBGene00195020.,0,0,0
WBGene00195021.,0,0,0
WBGene00195022.,0,0,0
WBGene00195023.,0,0,0
WBGene00195024.,0,0,0
WBGene00195025.,0,0,0
WBGene00195026.,0,0,0
WBGene00195027.,0,0,0
WBGene00195028.,0,0,0
WBGene00195029.,0,0,0
WBGene00195030.,0,0,0
WBGene00195031.,0,0,0
WBGene00195032.,0,0,0
WBGene00195033.,0,0,0
WBGene00195034.,0,0,0
WBGene00195035.,0,0,0
WBGene00195036.,0,0,0
WBGene00195037.,0,0,0
WBGene00195038.,0,0,0
WBGene00195039.,0,0,0
WBGene00195040.,0,0,0
WBGene00195043.,0,2119,2119
WBGene00195045.,6,18,24
WBGene00195046.,17,29,46
WBGene00195048.,3,7,10
WBGene00195049.,9,37,46
WBGene00195050.,53,843,896
WBGene00195051.,0,1,1
WBGene00195056.,7,10,17
WBGene00195057.,1,5,6
WBGene00195058.,48,8,56
WBGene00195060.,43,910,953
WBGene00195061.,3,1,4
WBGene00195063.,93,1150,1243
WBGene00195064.,17,0,17
WBGene00195065.,2,12,14
WBGene00195067.,241,1018,1259
WBGene00195068.,20,4,24
WBGene00195069.,1,44,45
WBGene00195070.,0,33,33
WBGene00195071.,0,3,3
WBGene00195072.,1,9,10
WBGene00195073.,681,3182,3863
WBGene00195077.,2,8,10
WBGene00195081.,9,20,29
WBGene00195084.,36,271,307
WBGene00195086.,20,2486,2506
WBGene00195093.,151,3267,3418
WBGene00195117.,8,22,30
WBGene00195142.,0,842,842
WBGene00195143.,138,324,462
WBGene00195144.,3,4,7
WBGene00195145.,21,40,61
WBGene00195146.,0,145,145
WBGene00195147.,22,43,65
WBGene00195148.,8,12,20
WBGene00195149.,1,0,1
WBGene00195150.,1,26,27
WBGene00195151.,0,3,3
WBGene00195154.,9,1,10
WBGene00195155.,3,9,12
WBGene00195157.,26,20,46
WBGene00195158.,3,0,3
WBGene00195159.,0,23,23
WBGene00195160.,0,0,0
WBGene00195164.,6,20,26
WBGene00195165.,3,1,4
WBGene00195166.,25,1037,1062
WBGene00195168.,0,1,1
WBGene00195169.,45,122,167
WBGene00195170.,42,383,425
WBGene00195171.,4,4,8
WBGene00195172.,1,0,1
WBGene00195174.,18,6,24
WBGene00195175.,0,560,560
WBGene00195176.,25,247,272
WBGene00195177.,0,25,25
WBGene00195178.,1,9,10
WBGene00195179.,14,191,205
WBGene00195180.,8,98,106
WBGene00195181.,0,2,2
WBGene00195182.,2,11,13
WBGene00195183.,8,26,34
WBGene00195184.,19,285,304
WBGene00195185.,338,811,1149
WBGene00195186.,132,79,211
WBGene00195188.,1,5,6
WBGene00195189.,6,28,34
WBGene00195192.,16,15,31
WBGene00195208.,4,22,26
WBGene00195209.,0,29,29
WBGene00195210.,0,3,3
WBGene00195211.,7,4,11
WBGene00195212.,69,186,255
WBGene00195213.,4,10,14
WBGene00195214.,0,0,0
WBGene00195215.,3,2,5
WBGene00195226.,4,35,39
WBGene00195227.,0,0,0
WBGene00195228.,1,3,4
WBGene00195229.,1,2,3
WBGene00195230.,0,0,0
WBGene00195231.,0,0,0
WBGene00195232.,21,15,36
WBGene00195233.,68,1357,1425
WBGene00195234.,3,6,9
WBGene00195235.,0,1,1
WBGene00195236.,0,0,0
WBGene00195237.,0,0,0
WBGene00195238.,0,2,2
WBGene00195239.,36,416,452
WBGene00195240.,0,74,74
WBGene00195241.,0,0,0
WBGene00195242.,0,1,1
WBGene00195243.,1,7,8
WBGene00195244.,0,9,9
WBGene00195245.,0,20,20
WBGene00195246.,17,37,54
WBGene00195247.,0,0,0
WBGene00195248.,11,27,38
WBGene00195250.,2,13,15
WBGene00195252.,30,4,34
WBGene00195253.,47,407,454
WBGene00195254.,3,2,5
WBGene00195255.,48,75,123
WBGene00195256.,5,1,6
WBGene00195257.,142,207,349
WBGene00195258.,0,0,0
WBGene00195259.,0,0,0
WBGene00195260.,0,0,0
WBGene00195261.,0,3,3
WBGene00195262.,0,1,1
WBGene00195263.,0,3,3
WBGene00195264.,0,0,0
WBGene00195265.,0,8,8
WBGene00195266.,0,5,5
WBGene00195267.,0,4,4
WBGene00195268.,0,0,0
WBGene00195269.,0,0,0
WBGene00195270.,0,0,0
WBGene00195271.,0,0,0
WBGene00195272.,0,0,0
WBGene00195273.,0,0,0
WBGene00195274.,0,0,0
WBGene00195275.,0,3,3
WBGene00195276.,0,2,2
WBGene00195277.,0,2,2
WBGene00195278.,0,0,0
WBGene00195279.,0,0,0
WBGene00195280.,0,1,1
WBGene00195281.,0,0,0
WBGene00195282.,0,0,0
WBGene00195283.,0,1,1
WBGene00195284.,0,0,0
WBGene00195285.,0,0,0
WBGene00195286.,0,2,2
WBGene00195287.,0,5,5
WBGene00195288.,0,0,0
WBGene00195289.,0,0,0
WBGene00195290.,0,0,0
WBGene00195291.,0,2,2
WBGene00195292.,0,1,1
WBGene00195293.,0,0,0
WBGene00195294.,0,4,4
WBGene00195295.,0,7,7
WBGene00195296.,0,1,1
WBGene00195297.,0,0,0
WBGene00195298.,0,0,0
WBGene00195299.,0,2,2
WBGene00195300.,0,0,0
WBGene00195301.,0,0,0
WBGene00195302.,0,2,2
WBGene00195303.,0,0,0
WBGene00195304.,0,0,0
WBGene00195305.,0,0,0
WBGene00195306.,0,0,0
WBGene00195307.,0,0,0
WBGene00195308.,0,0,0
WBGene00195309.,0,0,0
WBGene00195310.,0,1,1
WBGene00195311.,0,0,0
WBGene00195312.,0,0,0
WBGene00195313.,0,0,0
WBGene00195314.,0,0,0
WBGene00195315.,0,0,0
WBGene00195316.,0,0,0
WBGene00195317.,0,0,0
WBGene00195318.,0,0,0
WBGene00195319.,0,0,0
WBGene00195320.,0,0,0
WBGene00195321.,0,0,0
WBGene00195322.,0,0,0
WBGene00195323.,0,0,0
WBGene00195324.,0,0,0
WBGene00195325.,0,6,6
WBGene00195326.,0,0,0
WBGene00195327.,0,3,3
WBGene00195328.,0,4,4
WBGene00195329.,0,0,0
WBGene00195330.,0,35,35
WBGene00195331.,0,3,3
WBGene00195332.,0,0,0
WBGene00195333.,0,34,34
WBGene00195334.,0,0,0
WBGene00195335.,0,1,1
WBGene00195336.,0,4,4
WBGene00195337.,0,2,2
WBGene00195338.,0,0,0
WBGene00195339.,0,0,0
WBGene00195340.,0,4,4
WBGene00195341.,0,0,0
WBGene00195342.,0,2,2
WBGene00195343.,0,0,0
WBGene00195344.,0,0,0
WBGene00195345.,0,0,0
WBGene00195346.,0,0,0
WBGene00195347.,0,7,7
WBGene00195348.,0,0,0
WBGene00195349.,0,0,0
WBGene00195350.,0,0,0
WBGene00195351.,0,11,11
WBGene00195352.,0,1,1
WBGene00195353.,0,1,1
WBGene00195354.,0,4,4
WBGene00195355.,0,0,0
WBGene00195356.,0,45,45
WBGene00195357.,0,0,0
WBGene00195358.,0,0,0
WBGene00195359.,0,9,9
WBGene00195360.,0,4,4
WBGene00195361.,0,0,0
WBGene00195362.,0,0,0
WBGene00195363.,0,124,124
WBGene00195364.,0,1,1
WBGene00195365.,0,0,0
WBGene00195366.,0,27,27
WBGene00195367.,0,0,0
WBGene00195368.,0,0,0
WBGene00195369.,0,0,0
WBGene00195370.,0,7,7
WBGene00195371.,0,2,2
WBGene00195372.,0,0,0
WBGene00195373.,0,0,0
WBGene00195374.,0,2,2
WBGene00195375.,0,1,1
WBGene00195376.,0,0,0
WBGene00195377.,0,0,0
WBGene00195378.,0,4,4
WBGene00195379.,0,0,0
WBGene00195380.,0,0,0
WBGene00195381.,0,0,0
WBGene00195382.,0,11,11
WBGene00195383.,0,0,0
WBGene00195384.,0,2,2
WBGene00195385.,0,1,1
WBGene00195386.,0,8,8
WBGene00195387.,0,1,1
WBGene00195388.,0,0,0
WBGene00195389.,0,3,3
WBGene00195390.,0,2,2
WBGene00195391.,0,4,4
WBGene00195392.,0,2,2
WBGene00195393.,0,0,0
WBGene00195394.,0,0,0
WBGene00195395.,0,0,0
WBGene00195396.,0,0,0
WBGene00195397.,0,1,1
WBGene00195398.,0,1,1
WBGene00195399.,0,25,25
WBGene00195400.,0,4,4
WBGene00195401.,0,1,1
WBGene00195402.,0,6,6
WBGene00195403.,0,0,0
WBGene00195404.,0,0,0
WBGene00195405.,0,20,20
WBGene00195406.,0,4,4
WBGene00195407.,0,0,0
WBGene00195408.,0,1,1
WBGene00195409.,0,0,0
WBGene00195410.,0,0,0
WBGene00195411.,0,0,0
WBGene00195412.,0,0,0
WBGene00195413.,0,0,0
WBGene00195414.,0,4,4
WBGene00195415.,0,0,0
WBGene00195416.,0,10,10
WBGene00195417.,0,1,1
WBGene00195418.,0,1,1
WBGene00195419.,0,0,0
WBGene00195420.,0,0,0
WBGene00195421.,0,5,5
WBGene00195422.,0,0,0
WBGene00195423.,0,1,1
WBGene00195424.,0,2,2
WBGene00195425.,0,0,0
WBGene00195426.,0,14,14
WBGene00195427.,0,3,3
WBGene00195428.,0,5,5
WBGene00195429.,0,0,0
WBGene00195430.,0,0,0
WBGene00195431.,0,0,0
WBGene00195432.,0,2,2
WBGene00195433.,0,0,0
WBGene00195434.,0,0,0
WBGene00195435.,0,0,0
WBGene00195436.,0,18,18
WBGene00195437.,0,0,0
WBGene00195438.,0,1,1
WBGene00195439.,0,0,0
WBGene00195440.,0,3,3
WBGene00195441.,0,4,4
WBGene00195442.,0,7,7
WBGene00195443.,0,0,0
WBGene00195444.,0,2,2
WBGene00195445.,0,0,0
WBGene00195446.,0,0,0
WBGene00195447.,0,0,0
WBGene00195448.,0,0,0
WBGene00195449.,0,0,0
WBGene00195450.,0,0,0
WBGene00195451.,0,0,0
WBGene00195452.,0,0,0
WBGene00195453.,0,9,9
WBGene00195454.,0,10,10
WBGene00195455.,0,0,0
WBGene00195456.,0,2,2
WBGene00195457.,0,0,0
WBGene00195458.,0,1,1
WBGene00195459.,0,0,0
WBGene00195460.,0,0,0
WBGene00195461.,0,0,0
WBGene00195462.,0,0,0
WBGene00195463.,0,0,0
WBGene00195464.,0,0,0
WBGene00195465.,0,0,0
WBGene00195466.,0,0,0
WBGene00195467.,0,4,4
WBGene00195468.,0,4,4
WBGene00195469.,0,0,0
WBGene00195470.,0,0,0
WBGene00195471.,0,1,1
WBGene00195472.,0,0,0
WBGene00195473.,0,2,2
WBGene00195474.,0,5,5
WBGene00195475.,0,0,0
WBGene00195476.,0,0,0
WBGene00195477.,0,0,0
WBGene00195478.,0,0,0
WBGene00195479.,0,1,1
WBGene00195480.,0,23,23
WBGene00195481.,0,0,0
WBGene00195482.,0,0,0
WBGene00195483.,0,0,0
WBGene00195484.,0,17,17
WBGene00195485.,0,5,5
WBGene00195486.,0,8,8
WBGene00195487.,0,4,4
WBGene00195488.,0,0,0
WBGene00195489.,0,0,0
WBGene00195490.,0,1,1
WBGene00195491.,0,0,0
WBGene00195492.,0,0,0
WBGene00195493.,0,7,7
WBGene00195494.,0,8,8
WBGene00195495.,0,0,0
WBGene00195496.,0,2,2
WBGene00195497.,0,0,0
WBGene00195498.,0,0,0
WBGene00195499.,0,1,1
WBGene00195500.,0,2,2
WBGene00195501.,0,2,2
WBGene00195502.,0,0,0
WBGene00195503.,0,0,0
WBGene00195504.,0,4,4
WBGene00195505.,0,1,1
WBGene00195506.,0,0,0
WBGene00195507.,0,0,0
WBGene00195508.,0,1,1
WBGene00195509.,0,2,2
WBGene00195510.,0,1,1
WBGene00195511.,0,2,2
WBGene00195512.,0,1,1
WBGene00195513.,0,0,0
WBGene00195514.,0,0,0
WBGene00195515.,0,1,1
WBGene00195516.,0,0,0
WBGene00195517.,0,1,1
WBGene00195518.,0,1,1
WBGene00195519.,0,0,0
WBGene00195520.,0,2,2
WBGene00195521.,0,9,9
WBGene00195522.,0,0,0
WBGene00195523.,0,0,0
WBGene00195524.,0,2,2
WBGene00195525.,0,3,3
WBGene00195526.,0,0,0
WBGene00195527.,0,0,0
WBGene00195528.,0,1,1
WBGene00195529.,0,0,0
WBGene00195530.,0,0,0
WBGene00195531.,0,1,1
WBGene00195532.,0,0,0
WBGene00195533.,0,0,0
WBGene00195534.,0,1,1
WBGene00195535.,0,1,1
WBGene00195536.,0,6,6
WBGene00195537.,0,0,0
WBGene00195538.,0,0,0
WBGene00195539.,0,0,0
WBGene00195540.,0,0,0
WBGene00195541.,0,0,0
WBGene00195542.,0,99,99
WBGene00195543.,0,1,1
WBGene00195544.,0,0,0
WBGene00195545.,0,0,0
WBGene00195546.,0,0,0
WBGene00195547.,0,9,9
WBGene00195548.,0,0,0
WBGene00195549.,0,0,0
WBGene00195550.,0,5,5
WBGene00195551.,0,0,0
WBGene00195552.,0,5,5
WBGene00195553.,0,0,0
WBGene00195554.,0,0,0
WBGene00195555.,0,0,0
WBGene00195556.,0,1,1
WBGene00195557.,0,0,0
WBGene00195558.,0,0,0
WBGene00195559.,0,1,1
WBGene00195560.,0,1,1
WBGene00195561.,0,0,0
WBGene00195562.,0,14,14
WBGene00195563.,0,0,0
WBGene00195564.,0,7,7
WBGene00195565.,0,0,0
WBGene00195566.,0,0,0
WBGene00195567.,0,0,0
WBGene00195568.,0,6,6
WBGene00195569.,0,0,0
WBGene00195570.,0,3,3
WBGene00195571.,0,0,0
WBGene00195572.,0,0,0
WBGene00195573.,0,0,0
WBGene00195574.,0,2,2
WBGene00195575.,0,0,0
WBGene00195576.,0,0,0
WBGene00195577.,0,0,0
WBGene00195578.,0,0,0
WBGene00195579.,0,1,1
WBGene00195580.,0,1,1
WBGene00195581.,0,0,0
WBGene00195582.,0,0,0
WBGene00195583.,0,0,0
WBGene00195584.,0,0,0
WBGene00195585.,0,1,1
WBGene00195586.,0,5,5
WBGene00195587.,0,0,0
WBGene00195588.,0,6,6
WBGene00195589.,0,0,0
WBGene00195590.,0,0,0
WBGene00195591.,0,2,2
WBGene00195592.,0,0,0
WBGene00195593.,0,0,0
WBGene00195594.,0,2,2
WBGene00195595.,0,0,0
WBGene00195596.,0,0,0
WBGene00195597.,0,0,0
WBGene00195598.,0,0,0
WBGene00195599.,0,1,1
WBGene00195600.,0,0,0
WBGene00195601.,0,17,17
WBGene00195602.,0,0,0
WBGene00195603.,0,0,0
WBGene00195604.,0,0,0
WBGene00195605.,0,1,1
WBGene00195606.,0,1,1
WBGene00195607.,0,0,0
WBGene00195608.,0,0,0
WBGene00195609.,0,0,0
WBGene00195610.,0,0,0
WBGene00195611.,0,0,0
WBGene00195612.,0,0,0
WBGene00195613.,0,5,5
WBGene00195614.,0,2,2
WBGene00195615.,0,7,7
WBGene00195616.,0,11,11
WBGene00195617.,0,0,0
WBGene00195618.,0,1,1
WBGene00195619.,0,0,0
WBGene00195620.,0,0,0
WBGene00195621.,0,3,3
WBGene00195622.,0,2,2
WBGene00195623.,0,19,19
WBGene00195624.,0,0,0
WBGene00195625.,0,0,0
WBGene00195626.,0,0,0
WBGene00195627.,0,0,0
WBGene00195628.,0,3,3
WBGene00195629.,0,0,0
WBGene00195630.,0,4,4
WBGene00195631.,0,0,0
WBGene00195632.,0,0,0
WBGene00195633.,0,1,1
WBGene00195634.,0,0,0
WBGene00195635.,0,1,1
WBGene00195636.,0,10,10
WBGene00195637.,0,3,3
WBGene00195638.,0,0,0
WBGene00195639.,0,11,11
WBGene00195640.,0,0,0
WBGene00195641.,0,0,0
WBGene00195642.,0,2,2
WBGene00195643.,0,0,0
WBGene00195644.,0,0,0
WBGene00195645.,0,0,0
WBGene00195646.,0,0,0
WBGene00195647.,0,1,1
WBGene00195648.,0,3,3
WBGene00195649.,0,0,0
WBGene00195650.,0,4,4
WBGene00195651.,0,4,4
WBGene00195652.,0,0,0
WBGene00195653.,0,0,0
WBGene00195654.,0,0,0
WBGene00195655.,0,1,1
WBGene00195656.,0,28,28
WBGene00195657.,0,4,4
WBGene00195658.,0,0,0
WBGene00195659.,0,5,5
WBGene00195660.,0,0,0
WBGene00195661.,0,0,0
WBGene00195662.,0,0,0
WBGene00195663.,0,0,0
WBGene00195664.,0,0,0
WBGene00195665.,0,3,3
WBGene00195666.,0,14,14
WBGene00195667.,0,1,1
WBGene00195668.,0,0,0
WBGene00195669.,0,0,0
WBGene00195670.,0,0,0
WBGene00195671.,0,0,0
WBGene00195672.,0,0,0
WBGene00195673.,0,0,0
WBGene00195674.,0,0,0
WBGene00195675.,0,0,0
WBGene00195676.,0,0,0
WBGene00195677.,0,1,1
WBGene00195678.,0,0,0
WBGene00195679.,0,0,0
WBGene00195680.,0,0,0
WBGene00195681.,0,0,0
WBGene00195682.,0,0,0
WBGene00195683.,0,1,1
WBGene00195684.,0,1,1
WBGene00195685.,0,55,55
WBGene00195686.,0,0,0
WBGene00195687.,0,6,6
WBGene00195688.,0,0,0
WBGene00195689.,0,3,3
WBGene00195690.,0,0,0
WBGene00195691.,0,4,4
WBGene00195692.,0,1,1
WBGene00195693.,0,15,15
WBGene00195694.,0,0,0
WBGene00195695.,0,0,0
WBGene00195696.,0,0,0
WBGene00195697.,0,1,1
WBGene00195698.,0,0,0
WBGene00195699.,0,1,1
WBGene00195700.,0,0,0
WBGene00195701.,0,0,0
WBGene00195702.,0,0,0
WBGene00195703.,0,0,0
WBGene00195704.,0,1,1
WBGene00195705.,0,15,15
WBGene00195706.,0,0,0
WBGene00195707.,0,0,0
WBGene00195708.,0,2,2
WBGene00195709.,0,1,1
WBGene00195710.,0,0,0
WBGene00195711.,0,0,0
WBGene00195712.,0,1,1
WBGene00195713.,0,6,6
WBGene00195714.,0,0,0
WBGene00195715.,0,0,0
WBGene00195716.,0,14,14
WBGene00195717.,0,1,1
WBGene00195718.,0,2,2
WBGene00195719.,0,1,1
WBGene00195720.,0,7,7
WBGene00195721.,0,1,1
WBGene00195722.,0,16,16
WBGene00195723.,0,15,15
WBGene00195724.,0,1,1
WBGene00195725.,0,1,1
WBGene00195726.,0,0,0
WBGene00195727.,0,0,0
WBGene00195728.,0,102,102
WBGene00195729.,0,0,0
WBGene00195730.,0,0,0
WBGene00195731.,0,14,14
WBGene00195732.,0,1,1
WBGene00195733.,0,0,0
WBGene00195734.,0,1,1
WBGene00195735.,0,4,4
WBGene00195736.,0,0,0
WBGene00195737.,0,0,0
WBGene00195738.,0,0,0
WBGene00195739.,0,0,0
WBGene00195740.,0,2,2
WBGene00195741.,0,0,0
WBGene00195742.,0,0,0
WBGene00195743.,0,0,0
WBGene00195744.,0,4,4
WBGene00195745.,0,0,0
WBGene00195746.,0,0,0
WBGene00195747.,0,0,0
WBGene00195748.,0,0,0
WBGene00195749.,0,0,0
WBGene00195750.,0,0,0
WBGene00195751.,0,0,0
WBGene00195752.,0,1,1
WBGene00195753.,0,0,0
WBGene00195754.,0,2,2
WBGene00195755.,0,1,1
WBGene00195756.,0,0,0
WBGene00195757.,0,0,0
WBGene00195758.,0,0,0
WBGene00195759.,0,0,0
WBGene00195760.,0,1,1
WBGene00195761.,0,11,11
WBGene00195762.,0,1,1
WBGene00195763.,0,0,0
WBGene00195764.,0,1,1
WBGene00195765.,0,4,4
WBGene00195766.,0,2,2
WBGene00195767.,0,0,0
WBGene00195768.,0,0,0
WBGene00195769.,0,0,0
WBGene00195770.,0,0,0
WBGene00195771.,0,0,0
WBGene00195772.,0,0,0
WBGene00195773.,0,1,1
WBGene00195774.,0,0,0
WBGene00195775.,0,6,6
WBGene00195776.,0,0,0
WBGene00195777.,0,3,3
WBGene00195778.,0,0,0
WBGene00195779.,0,0,0
WBGene00195780.,0,2,2
WBGene00195781.,0,2,2
WBGene00195782.,0,2,2
WBGene00195783.,0,1,1
WBGene00195784.,0,24,24
WBGene00195785.,0,46,46
WBGene00195786.,0,11,11
WBGene00195787.,0,17,17
WBGene00195788.,0,0,0
WBGene00195789.,0,1,1
WBGene00195790.,0,2,2
WBGene00195791.,0,14,14
WBGene00195792.,0,4,4
WBGene00195793.,0,2,2
WBGene00195794.,0,0,0
WBGene00195795.,0,3,3
WBGene00195796.,0,0,0
WBGene00195797.,0,0,0
WBGene00195798.,0,0,0
WBGene00195799.,0,1,1
WBGene00195800.,0,0,0
WBGene00195801.,0,0,0
WBGene00195802.,0,0,0
WBGene00195803.,0,2,2
WBGene00195804.,0,2,2
WBGene00195805.,0,6,6
WBGene00195806.,0,2,2
WBGene00195807.,0,3,3
WBGene00195808.,0,4,4
WBGene00195809.,0,0,0
WBGene00195810.,0,0,0
WBGene00195811.,0,2,2
WBGene00195812.,0,0,0
WBGene00195813.,0,0,0
WBGene00195814.,0,3,3
WBGene00195815.,0,0,0
WBGene00195816.,0,0,0
WBGene00195817.,0,1,1
WBGene00195818.,0,1,1
WBGene00195819.,0,4,4
WBGene00195820.,0,0,0
WBGene00195821.,0,0,0
WBGene00195822.,0,1,1
WBGene00195823.,0,1,1
WBGene00195824.,0,2,2
WBGene00195825.,0,0,0
WBGene00195826.,0,36,36
WBGene00195827.,0,0,0
WBGene00195828.,0,0,0
WBGene00195829.,0,0,0
WBGene00195830.,0,2,2
WBGene00195831.,0,0,0
WBGene00195832.,0,0,0
WBGene00195833.,0,12,12
WBGene00195834.,0,0,0
WBGene00195835.,0,1,1
WBGene00195836.,0,3,3
WBGene00195837.,0,1,1
WBGene00195838.,0,0,0
WBGene00195839.,0,0,0
WBGene00195840.,0,4,4
WBGene00195841.,0,0,0
WBGene00195842.,0,3,3
WBGene00195843.,0,4,4
WBGene00195844.,0,2,2
WBGene00195845.,0,0,0
WBGene00195846.,0,1,1
WBGene00195847.,0,0,0
WBGene00195848.,0,3,3
WBGene00195849.,0,0,0
WBGene00195850.,0,2,2
WBGene00195851.,0,1,1
WBGene00195852.,0,0,0
WBGene00195853.,0,2,2
WBGene00195854.,0,0,0
WBGene00195855.,0,1,1
WBGene00195856.,0,1,1
WBGene00195857.,0,0,0
WBGene00195858.,0,0,0
WBGene00195859.,0,1,1
WBGene00195860.,0,0,0
WBGene00195861.,0,3,3
WBGene00195862.,0,2,2
WBGene00195863.,0,0,0
WBGene00195864.,0,1,1
WBGene00195865.,0,0,0
WBGene00195866.,0,3,3
WBGene00195867.,0,0,0
WBGene00195868.,0,4,4
WBGene00195869.,0,0,0
WBGene00195870.,0,0,0
WBGene00195871.,0,5,5
WBGene00195872.,0,0,0
WBGene00195873.,0,3,3
WBGene00195874.,0,1,1
WBGene00195875.,0,0,0
WBGene00195876.,0,1,1
WBGene00195877.,0,0,0
WBGene00195878.,0,3,3
WBGene00195879.,0,5,5
WBGene00195880.,0,0,0
WBGene00195881.,0,5,5
WBGene00195882.,0,23,23
WBGene00195883.,0,3,3
WBGene00195884.,0,2,2
WBGene00195885.,0,2,2
WBGene00195886.,0,0,0
WBGene00195887.,0,22,22
WBGene00195888.,0,0,0
WBGene00195889.,0,2,2
WBGene00195890.,0,0,0
WBGene00195891.,0,4,4
WBGene00195892.,0,3,3
WBGene00195893.,0,2,2
WBGene00195894.,0,0,0
WBGene00195895.,0,0,0
WBGene00195896.,0,2,2
WBGene00195897.,0,7,7
WBGene00195898.,0,0,0
WBGene00195899.,0,3,3
WBGene00195900.,0,3,3
WBGene00195901.,0,0,0
WBGene00195902.,0,0,0
WBGene00195903.,0,0,0
WBGene00195904.,0,0,0
WBGene00195905.,0,0,0
WBGene00195906.,0,0,0
WBGene00195907.,0,90,90
WBGene00195908.,0,0,0
WBGene00195909.,0,0,0
WBGene00195910.,0,19,19
WBGene00195911.,0,0,0
WBGene00195912.,0,1,1
WBGene00195913.,0,3,3
WBGene00195914.,0,0,0
WBGene00195915.,0,3,3
WBGene00195916.,0,0,0
WBGene00195917.,0,0,0
WBGene00195918.,0,0,0
WBGene00195919.,0,0,0
WBGene00195920.,0,1,1
WBGene00195921.,0,4,4
WBGene00195922.,0,0,0
WBGene00195923.,0,1,1
WBGene00195924.,0,0,0
WBGene00195925.,0,0,0
WBGene00195926.,0,1,1
WBGene00195927.,0,8,8
WBGene00195928.,0,0,0
WBGene00195929.,0,0,0
WBGene00195930.,0,4,4
WBGene00195931.,0,0,0
WBGene00195932.,0,1,1
WBGene00195933.,0,0,0
WBGene00195934.,0,0,0
WBGene00195935.,0,35,35
WBGene00195936.,0,0,0
WBGene00195937.,0,0,0
WBGene00195938.,0,0,0
WBGene00195939.,0,4,4
WBGene00195940.,0,4,4
WBGene00195941.,0,2,2
WBGene00195942.,0,3,3
WBGene00195943.,0,0,0
WBGene00195944.,0,2,2
WBGene00195945.,0,0,0
WBGene00195946.,0,0,0
WBGene00195947.,0,39,39
WBGene00195948.,0,0,0
WBGene00195949.,0,1,1
WBGene00195950.,0,0,0
WBGene00195951.,0,0,0
WBGene00195952.,0,6,6
WBGene00195953.,0,0,0
WBGene00195954.,0,2,2
WBGene00195955.,0,0,0
WBGene00195956.,0,0,0
WBGene00195957.,0,1,1
WBGene00195958.,0,0,0
WBGene00195959.,0,0,0
WBGene00195960.,0,0,0
WBGene00195961.,0,16,16
WBGene00195962.,0,0,0
WBGene00195963.,0,0,0
WBGene00195964.,0,0,0
WBGene00195965.,0,0,0
WBGene00195966.,0,0,0
WBGene00195967.,0,1,1
WBGene00195968.,0,0,0
WBGene00195969.,0,0,0
WBGene00195970.,0,1,1
WBGene00195971.,0,3,3
WBGene00195972.,0,0,0
WBGene00195973.,0,0,0
WBGene00195974.,0,5,5
WBGene00195975.,0,2,2
WBGene00195976.,0,0,0
WBGene00195977.,0,0,0
WBGene00195978.,0,2,2
WBGene00195979.,0,62,62
WBGene00195980.,0,1,1
WBGene00195981.,0,1,1
WBGene00195982.,0,2,2
WBGene00195983.,0,0,0
WBGene00195984.,0,0,0
WBGene00195985.,0,0,0
WBGene00195986.,0,0,0
WBGene00195987.,0,0,0
WBGene00195988.,0,1,1
WBGene00195989.,0,14,14
WBGene00195990.,0,8,8
WBGene00195991.,0,0,0
WBGene00195992.,0,17,17
WBGene00195993.,0,0,0
WBGene00195994.,0,0,0
WBGene00195995.,0,1,1
WBGene00195996.,0,0,0
WBGene00195997.,0,0,0
WBGene00195998.,0,0,0
WBGene00195999.,0,0,0
WBGene00196000.,0,0,0
WBGene00196001.,0,0,0
WBGene00196002.,0,11,11
WBGene00196003.,0,2,2
WBGene00196004.,0,2,2
WBGene00196005.,0,11,11
WBGene00196006.,0,0,0
WBGene00196007.,0,0,0
WBGene00196008.,0,0,0
WBGene00196009.,0,0,0
WBGene00196010.,0,2,2
WBGene00196011.,0,0,0
WBGene00196012.,0,0,0
WBGene00196013.,0,10,10
WBGene00196014.,0,0,0
WBGene00196015.,0,0,0
WBGene00196016.,0,0,0
WBGene00196017.,0,0,0
WBGene00196018.,0,0,0
WBGene00196019.,0,0,0
WBGene00196020.,0,0,0
WBGene00196021.,0,0,0
WBGene00196022.,0,0,0
WBGene00196023.,0,0,0
WBGene00196024.,0,1,1
WBGene00196025.,0,1,1
WBGene00196026.,0,1,1
WBGene00196027.,0,1,1
WBGene00196028.,0,0,0
WBGene00196029.,0,0,0
WBGene00196030.,0,0,0
WBGene00196031.,0,1,1
WBGene00196032.,0,2,2
WBGene00196033.,0,0,0
WBGene00196034.,0,3,3
WBGene00196035.,0,0,0
WBGene00196036.,0,1,1
WBGene00196037.,0,0,0
WBGene00196038.,0,0,0
WBGene00196039.,0,0,0
WBGene00196040.,0,0,0
WBGene00196041.,0,3,3
WBGene00196042.,0,0,0
WBGene00196043.,0,0,0
WBGene00196044.,0,0,0
WBGene00196045.,0,3,3
WBGene00196046.,0,1,1
WBGene00196047.,0,1,1
WBGene00196048.,0,1,1
WBGene00196049.,0,3,3
WBGene00196050.,0,0,0
WBGene00196051.,0,2,2
WBGene00196052.,0,7,7
WBGene00196053.,0,4,4
WBGene00196054.,0,0,0
WBGene00196055.,0,0,0
WBGene00196056.,0,0,0
WBGene00196057.,0,7,7
WBGene00196058.,0,0,0
WBGene00196059.,0,0,0
WBGene00196060.,0,0,0
WBGene00196061.,0,1,1
WBGene00196062.,0,0,0
WBGene00196063.,0,0,0
WBGene00196064.,0,0,0
WBGene00196065.,0,0,0
WBGene00196066.,0,0,0
WBGene00196067.,0,2,2
WBGene00196068.,0,0,0
WBGene00196069.,0,14,14
WBGene00196070.,0,10,10
WBGene00196071.,0,2,2
WBGene00196072.,0,25,25
WBGene00196073.,0,0,0
WBGene00196074.,0,0,0
WBGene00196075.,0,0,0
WBGene00196076.,0,1,1
WBGene00196077.,0,1,1
WBGene00196078.,0,5,5
WBGene00196079.,0,0,0
WBGene00196080.,0,2,2
WBGene00196081.,0,0,0
WBGene00196082.,0,0,0
WBGene00196083.,0,1,1
WBGene00196084.,0,0,0
WBGene00196085.,0,0,0
WBGene00196086.,0,0,0
WBGene00196087.,0,0,0
WBGene00196088.,0,2,2
WBGene00196089.,0,0,0
WBGene00196090.,0,15,15
WBGene00196091.,0,12,12
WBGene00196092.,0,3,3
WBGene00196093.,0,4,4
WBGene00196094.,0,0,0
WBGene00196095.,0,1,1
WBGene00196096.,0,0,0
WBGene00196097.,0,5,5
WBGene00196098.,0,0,0
WBGene00196099.,0,0,0
WBGene00196100.,0,3,3
WBGene00196101.,0,0,0
WBGene00196102.,0,0,0
WBGene00196103.,0,4,4
WBGene00196104.,0,0,0
WBGene00196105.,0,3,3
WBGene00196106.,0,2,2
WBGene00196107.,0,0,0
WBGene00196108.,0,0,0
WBGene00196109.,0,4,4
WBGene00196110.,0,0,0
WBGene00196111.,0,6,6
WBGene00196112.,0,0,0
WBGene00196113.,0,9,9
WBGene00196114.,0,7,7
WBGene00196115.,0,0,0
WBGene00196116.,0,0,0
WBGene00196117.,0,0,0
WBGene00196118.,0,5,5
WBGene00196119.,0,0,0
WBGene00196120.,0,0,0
WBGene00196121.,0,4,4
WBGene00196122.,0,2,2
WBGene00196123.,0,18,18
WBGene00196124.,0,5,5
WBGene00196125.,0,1,1
WBGene00196126.,0,1,1
WBGene00196127.,0,0,0
WBGene00196128.,0,0,0
WBGene00196129.,0,0,0
WBGene00196130.,0,0,0
WBGene00196131.,0,0,0
WBGene00196132.,0,2,2
WBGene00196133.,0,0,0
WBGene00196134.,0,2,2
WBGene00196135.,0,0,0
WBGene00196136.,0,0,0
WBGene00196137.,0,0,0
WBGene00196138.,0,3,3
WBGene00196139.,0,0,0
WBGene00196140.,0,0,0
WBGene00196141.,0,5,5
WBGene00196142.,0,0,0
WBGene00196143.,0,0,0
WBGene00196144.,0,0,0
WBGene00196145.,0,0,0
WBGene00196146.,0,2,2
WBGene00196147.,0,2,2
WBGene00196148.,0,7,7
WBGene00196149.,0,9,9
WBGene00196150.,0,5,5
WBGene00196151.,0,0,0
WBGene00196152.,0,1,1
WBGene00196153.,0,0,0
WBGene00196154.,0,0,0
WBGene00196155.,0,3,3
WBGene00196156.,0,3,3
WBGene00196157.,0,0,0
WBGene00196158.,0,0,0
WBGene00196159.,0,2,2
WBGene00196160.,0,1,1
WBGene00196161.,0,0,0
WBGene00196162.,0,0,0
WBGene00196163.,0,1,1
WBGene00196164.,0,0,0
WBGene00196165.,0,0,0
WBGene00196166.,0,0,0
WBGene00196167.,0,0,0
WBGene00196168.,0,0,0
WBGene00196169.,0,0,0
WBGene00196170.,0,0,0
WBGene00196171.,0,0,0
WBGene00196172.,0,0,0
WBGene00196173.,0,0,0
WBGene00196174.,0,2,2
WBGene00196175.,0,0,0
WBGene00196176.,0,0,0
WBGene00196177.,0,0,0
WBGene00196178.,0,5,5
WBGene00196179.,0,0,0
WBGene00196180.,0,7,7
WBGene00196181.,0,2,2
WBGene00196182.,0,1,1
WBGene00196183.,0,0,0
WBGene00196184.,0,8,8
WBGene00196185.,0,0,0
WBGene00196186.,0,0,0
WBGene00196187.,0,0,0
WBGene00196188.,0,0,0
WBGene00196189.,0,8,8
WBGene00196190.,0,0,0
WBGene00196191.,0,0,0
WBGene00196192.,0,0,0
WBGene00196193.,0,1,1
WBGene00196194.,0,1,1
WBGene00196195.,0,2,2
WBGene00196196.,0,0,0
WBGene00196197.,0,0,0
WBGene00196198.,0,2,2
WBGene00196199.,0,2,2
WBGene00196200.,0,0,0
WBGene00196201.,0,1,1
WBGene00196202.,0,3,3
WBGene00196203.,0,0,0
WBGene00196204.,0,20,20
WBGene00196205.,0,0,0
WBGene00196206.,0,7,7
WBGene00196207.,0,0,0
WBGene00196208.,0,0,0
WBGene00196209.,0,0,0
WBGene00196210.,0,0,0
WBGene00196211.,0,4,4
WBGene00196212.,0,0,0
WBGene00196213.,0,0,0
WBGene00196214.,0,0,0
WBGene00196215.,0,0,0
WBGene00196216.,0,1,1
WBGene00196217.,0,1,1
WBGene00196218.,0,0,0
WBGene00196219.,0,4,4
WBGene00196220.,0,0,0
WBGene00196221.,0,0,0
WBGene00196222.,0,1,1
WBGene00196223.,0,2,2
WBGene00196224.,0,0,0
WBGene00196225.,0,4,4
WBGene00196226.,0,9,9
WBGene00196227.,0,0,0
WBGene00196228.,0,0,0
WBGene00196229.,0,1,1
WBGene00196230.,0,1,1
WBGene00196231.,0,1,1
WBGene00196232.,0,0,0
WBGene00196233.,0,0,0
WBGene00196234.,0,0,0
WBGene00196235.,0,14,14
WBGene00196236.,0,0,0
WBGene00196237.,0,3,3
WBGene00196238.,0,0,0
WBGene00196239.,0,0,0
WBGene00196240.,0,13,13
WBGene00196241.,0,1,1
WBGene00196242.,0,0,0
WBGene00196243.,0,0,0
WBGene00196244.,0,0,0
WBGene00196245.,0,0,0
WBGene00196246.,0,2,2
WBGene00196247.,0,0,0
WBGene00196248.,0,1,1
WBGene00196249.,0,1,1
WBGene00196250.,0,0,0
WBGene00196251.,0,0,0
WBGene00196252.,0,3,3
WBGene00196253.,0,0,0
WBGene00196254.,0,2,2
WBGene00196255.,0,3,3
WBGene00196256.,0,0,0
WBGene00196257.,0,23,23
WBGene00196258.,0,2,2
WBGene00196259.,0,0,0
WBGene00196260.,0,1,1
WBGene00196261.,0,0,0
WBGene00196262.,0,0,0
WBGene00196263.,0,3,3
WBGene00196264.,0,14,14
WBGene00196265.,0,1,1
WBGene00196266.,0,1,1
WBGene00196267.,0,0,0
WBGene00196268.,0,0,0
WBGene00196269.,0,0,0
WBGene00196270.,0,2,2
WBGene00196271.,0,0,0
WBGene00196272.,0,0,0
WBGene00196273.,0,3,3
WBGene00196274.,0,0,0
WBGene00196275.,0,1,1
WBGene00196276.,0,0,0
WBGene00196277.,0,0,0
WBGene00196278.,0,0,0
WBGene00196279.,0,0,0
WBGene00196280.,0,2,2
WBGene00196281.,0,0,0
WBGene00196282.,0,5,5
WBGene00196283.,0,0,0
WBGene00196284.,0,0,0
WBGene00196285.,0,4,4
WBGene00196286.,0,1,1
WBGene00196287.,0,0,0
WBGene00196288.,0,14,14
WBGene00196289.,0,7,7
WBGene00196290.,0,3,3
WBGene00196291.,0,1,1
WBGene00196292.,0,0,0
WBGene00196293.,0,0,0
WBGene00196294.,0,0,0
WBGene00196295.,0,3,3
WBGene00196296.,0,0,0
WBGene00196297.,0,0,0
WBGene00196298.,0,1,1
WBGene00196299.,0,0,0
WBGene00196300.,0,11,11
WBGene00196301.,0,1,1
WBGene00196302.,0,0,0
WBGene00196303.,0,8,8
WBGene00196304.,0,0,0
WBGene00196305.,0,2,2
WBGene00196306.,0,0,0
WBGene00196307.,0,0,0
WBGene00196308.,0,2,2
WBGene00196309.,0,0,0
WBGene00196310.,0,0,0
WBGene00196311.,0,0,0
WBGene00196312.,0,0,0
WBGene00196313.,0,0,0
WBGene00196314.,0,0,0
WBGene00196315.,0,6,6
WBGene00196316.,0,0,0
WBGene00196317.,0,0,0
WBGene00196318.,0,1,1
WBGene00196319.,0,2,2
WBGene00196320.,0,0,0
WBGene00196321.,0,0,0
WBGene00196322.,0,4,4
WBGene00196323.,0,0,0
WBGene00196324.,0,0,0
WBGene00196325.,0,0,0
WBGene00196326.,0,0,0
WBGene00196327.,0,0,0
WBGene00196328.,0,0,0
WBGene00196329.,0,0,0
WBGene00196330.,0,0,0
WBGene00196331.,0,5,5
WBGene00196332.,0,0,0
WBGene00196333.,0,0,0
WBGene00196334.,0,24,24
WBGene00196335.,0,1,1
WBGene00196336.,0,4,4
WBGene00196337.,0,0,0
WBGene00196338.,0,1,1
WBGene00196339.,0,0,0
WBGene00196340.,0,6,6
WBGene00196341.,0,0,0
WBGene00196342.,0,0,0
WBGene00196343.,0,0,0
WBGene00196344.,0,8,8
WBGene00196345.,0,0,0
WBGene00196346.,0,4,4
WBGene00196347.,0,0,0
WBGene00196348.,0,0,0
WBGene00196349.,0,5,5
WBGene00196350.,0,0,0
WBGene00196351.,0,0,0
WBGene00196352.,0,3,3
WBGene00196353.,0,2,2
WBGene00196354.,0,2,2
WBGene00196355.,0,5,5
WBGene00196356.,0,0,0
WBGene00196357.,0,0,0
WBGene00196358.,0,1,1
WBGene00196359.,0,0,0
WBGene00196360.,0,0,0
WBGene00196361.,0,1,1
WBGene00196362.,0,0,0
WBGene00196363.,0,0,0
WBGene00196364.,0,2,2
WBGene00196365.,0,0,0
WBGene00196366.,0,0,0
WBGene00196367.,0,1,1
WBGene00196368.,0,0,0
WBGene00196369.,0,0,0
WBGene00196370.,0,0,0
WBGene00196371.,0,0,0
WBGene00196372.,0,0,0
WBGene00196373.,0,1,1
WBGene00196374.,0,18,18
WBGene00196375.,0,0,0
WBGene00196376.,0,8,8
WBGene00196377.,0,0,0
WBGene00196378.,0,0,0
WBGene00196379.,0,5,5
WBGene00196380.,0,9,9
WBGene00196381.,0,0,0
WBGene00196382.,0,3,3
WBGene00196383.,0,0,0
WBGene00196384.,0,1,1
WBGene00196385.,0,0,0
WBGene00196386.,0,0,0
WBGene00196387.,0,0,0
WBGene00196388.,0,0,0
WBGene00196389.,0,0,0
WBGene00196390.,0,1,1
WBGene00196391.,0,0,0
WBGene00196392.,0,1,1
WBGene00196393.,0,0,0
WBGene00196394.,0,0,0
WBGene00196395.,0,0,0
WBGene00196396.,0,14918,14918
WBGene00196397.,0,0,0
WBGene00196398.,0,1,1
WBGene00196399.,0,0,0
WBGene00196400.,0,0,0
WBGene00196401.,0,0,0
WBGene00196402.,0,2,2
WBGene00196403.,0,1,1
WBGene00196404.,0,0,0
WBGene00196405.,0,0,0
WBGene00196406.,0,2,2
WBGene00196407.,0,0,0
WBGene00196408.,0,0,0
WBGene00196409.,0,6,6
WBGene00196410.,0,0,0
WBGene00196411.,0,0,0
WBGene00196412.,0,0,0
WBGene00196413.,0,0,0
WBGene00196414.,0,1,1
WBGene00196415.,0,1,1
WBGene00196416.,0,0,0
WBGene00196417.,0,1,1
WBGene00196418.,0,3,3
WBGene00196419.,0,1,1
WBGene00196420.,0,3,3
WBGene00196421.,0,0,0
WBGene00196422.,0,1,1
WBGene00196423.,0,0,0
WBGene00196424.,0,4,4
WBGene00196425.,0,9,9
WBGene00196426.,0,0,0
WBGene00196427.,0,1,1
WBGene00196428.,0,1,1
WBGene00196429.,0,1,1
WBGene00196430.,0,6,6
WBGene00196431.,0,0,0
WBGene00196432.,0,8,8
WBGene00196433.,0,0,0
WBGene00196434.,0,0,0
WBGene00196435.,0,0,0
WBGene00196436.,0,0,0
WBGene00196437.,0,0,0
WBGene00196438.,0,1,1
WBGene00196439.,0,0,0
WBGene00196440.,0,0,0
WBGene00196441.,0,0,0
WBGene00196442.,0,0,0
WBGene00196443.,0,8,8
WBGene00196444.,0,0,0
WBGene00196445.,0,0,0
WBGene00196446.,0,0,0
WBGene00196447.,0,1,1
WBGene00196448.,0,0,0
WBGene00196449.,0,2,2
WBGene00196450.,0,0,0
WBGene00196451.,0,0,0
WBGene00196452.,0,3,3
WBGene00196453.,0,0,0
WBGene00196454.,0,2,2
WBGene00196455.,0,0,0
WBGene00196456.,0,0,0
WBGene00196457.,0,0,0
WBGene00196458.,0,0,0
WBGene00196459.,0,0,0
WBGene00196460.,0,2,2
WBGene00196461.,0,5,5
WBGene00196462.,0,0,0
WBGene00196463.,0,0,0
WBGene00196464.,0,1,1
WBGene00196465.,0,3,3
WBGene00196466.,0,1,1
WBGene00196467.,0,0,0
WBGene00196468.,0,0,0
WBGene00196469.,0,0,0
WBGene00196470.,0,0,0
WBGene00196471.,0,1,1
WBGene00196472.,0,1,1
WBGene00196473.,0,0,0
WBGene00196474.,0,0,0
WBGene00196475.,0,0,0
WBGene00196476.,0,2,2
WBGene00196477.,0,0,0
WBGene00196478.,0,1,1
WBGene00196479.,0,1,1
WBGene00196480.,0,0,0
WBGene00196481.,0,0,0
WBGene00196482.,0,0,0
WBGene00196483.,0,1,1
WBGene00196484.,0,0,0
WBGene00196485.,0,0,0
WBGene00196486.,0,1,1
WBGene00196487.,0,0,0
WBGene00196488.,0,1,1
WBGene00196489.,0,7,7
WBGene00196490.,0,4,4
WBGene00196491.,0,0,0
WBGene00196492.,0,3,3
WBGene00196493.,0,0,0
WBGene00196494.,0,23,23
WBGene00196495.,0,0,0
WBGene00196496.,0,0,0
WBGene00196497.,0,0,0
WBGene00196498.,0,0,0
WBGene00196499.,0,0,0
WBGene00196500.,0,1,1
WBGene00196501.,0,0,0
WBGene00196502.,0,0,0
WBGene00196503.,0,0,0
WBGene00196504.,0,0,0
WBGene00196505.,0,4,4
WBGene00196506.,0,6,6
WBGene00196507.,0,0,0
WBGene00196508.,0,0,0
WBGene00196509.,0,4,4
WBGene00196510.,0,0,0
WBGene00196511.,0,1,1
WBGene00196512.,0,0,0
WBGene00196513.,0,0,0
WBGene00196514.,0,0,0
WBGene00196515.,0,0,0
WBGene00196516.,0,0,0
WBGene00196517.,0,2,2
WBGene00196518.,0,2,2
WBGene00196519.,0,0,0
WBGene00196520.,0,0,0
WBGene00196521.,0,2,2
WBGene00196522.,0,0,0
WBGene00196523.,0,4,4
WBGene00196524.,0,0,0
WBGene00196525.,0,1,1
WBGene00196526.,0,0,0
WBGene00196527.,0,0,0
WBGene00196528.,0,0,0
WBGene00196529.,0,0,0
WBGene00196530.,0,0,0
WBGene00196531.,0,0,0
WBGene00196532.,0,0,0
WBGene00196533.,0,0,0
WBGene00196534.,0,4,4
WBGene00196535.,0,0,0
WBGene00196536.,0,32,32
WBGene00196537.,0,1,1
WBGene00196538.,0,0,0
WBGene00196539.,0,0,0
WBGene00196540.,0,0,0
WBGene00196541.,0,0,0
WBGene00196542.,0,1,1
WBGene00196543.,0,0,0
WBGene00196544.,0,0,0
WBGene00196545.,0,0,0
WBGene00196546.,0,5,5
WBGene00196547.,0,1,1
WBGene00196548.,0,2,2
WBGene00196549.,0,0,0
WBGene00196550.,0,5,5
WBGene00196551.,0,0,0
WBGene00196552.,0,0,0
WBGene00196553.,0,0,0
WBGene00196554.,0,0,0
WBGene00196555.,0,0,0
WBGene00196556.,0,0,0
WBGene00196557.,0,0,0
WBGene00196558.,0,2,2
WBGene00196559.,0,1,1
WBGene00196560.,0,0,0
WBGene00196561.,0,0,0
WBGene00196562.,0,0,0
WBGene00196563.,0,11,11
WBGene00196564.,0,0,0
WBGene00196565.,0,1,1
WBGene00196566.,0,0,0
WBGene00196567.,0,1,1
WBGene00196568.,0,0,0
WBGene00196569.,0,0,0
WBGene00196570.,0,0,0
WBGene00196571.,0,0,0
WBGene00196572.,0,0,0
WBGene00196573.,0,1,1
WBGene00196574.,0,0,0
WBGene00196575.,0,4,4
WBGene00196576.,0,0,0
WBGene00196577.,0,1,1
WBGene00196578.,0,8,8
WBGene00196579.,0,0,0
WBGene00196580.,0,1,1
WBGene00196581.,0,0,0
WBGene00196582.,0,3,3
WBGene00196583.,0,0,0
WBGene00196584.,0,8,8
WBGene00196585.,0,0,0
WBGene00196586.,0,0,0
WBGene00196587.,0,0,0
WBGene00196588.,0,3,3
WBGene00196589.,0,0,0
WBGene00196590.,0,8,8
WBGene00196591.,0,10,10
WBGene00196592.,0,22,22
WBGene00196593.,0,3,3
WBGene00196594.,0,1,1
WBGene00196595.,0,1,1
WBGene00196596.,0,0,0
WBGene00196597.,0,1,1
WBGene00196598.,0,6,6
WBGene00196599.,0,13,13
WBGene00196600.,0,0,0
WBGene00196601.,0,0,0
WBGene00196602.,0,0,0
WBGene00196603.,0,0,0
WBGene00196604.,0,27,27
WBGene00196605.,0,0,0
WBGene00196606.,0,9,9
WBGene00196607.,0,30,30
WBGene00196608.,0,1,1
WBGene00196609.,0,0,0
WBGene00196610.,0,5,5
WBGene00196611.,0,0,0
WBGene00196612.,0,0,0
WBGene00196613.,0,0,0
WBGene00196614.,0,1,1
WBGene00196615.,0,0,0
WBGene00196616.,0,0,0
WBGene00196617.,0,0,0
WBGene00196618.,0,0,0
WBGene00196619.,0,0,0
WBGene00196620.,0,0,0
WBGene00196621.,0,0,0
WBGene00196622.,0,2,2
WBGene00196623.,0,0,0
WBGene00196624.,0,0,0
WBGene00196625.,0,14,14
WBGene00196626.,0,2,2
WBGene00196627.,0,0,0
WBGene00196628.,0,0,0
WBGene00196629.,0,13,13
WBGene00196630.,0,0,0
WBGene00196631.,0,3,3
WBGene00196632.,0,0,0
WBGene00196633.,0,0,0
WBGene00196634.,0,9,9
WBGene00196635.,0,83,83
WBGene00196636.,0,0,0
WBGene00196637.,0,1,1
WBGene00196638.,0,2,2
WBGene00196639.,0,3,3
WBGene00196640.,0,1,1
WBGene00196641.,0,1,1
WBGene00196642.,0,1,1
WBGene00196643.,0,15,15
WBGene00196644.,0,0,0
WBGene00196645.,0,0,0
WBGene00196646.,0,0,0
WBGene00196647.,0,0,0
WBGene00196648.,0,0,0
WBGene00196649.,0,2,2
WBGene00196650.,0,3,3
WBGene00196651.,0,0,0
WBGene00196652.,0,0,0
WBGene00196653.,0,5,5
WBGene00196654.,0,1,1
WBGene00196655.,0,0,0
WBGene00196656.,0,1,1
WBGene00196657.,0,0,0
WBGene00196658.,0,0,0
WBGene00196659.,0,1,1
WBGene00196660.,0,0,0
WBGene00196661.,0,0,0
WBGene00196662.,0,0,0
WBGene00196663.,0,0,0
WBGene00196664.,0,0,0
WBGene00196665.,0,0,0
WBGene00196666.,0,0,0
WBGene00196667.,0,0,0
WBGene00196668.,0,0,0
WBGene00196669.,0,0,0
WBGene00196670.,0,0,0
WBGene00196671.,0,0,0
WBGene00196672.,0,1,1
WBGene00196673.,0,0,0
WBGene00196674.,0,1,1
WBGene00196675.,0,0,0
WBGene00196676.,0,16,16
WBGene00196677.,0,0,0
WBGene00196678.,0,0,0
WBGene00196679.,0,4,4
WBGene00196680.,0,0,0
WBGene00196681.,0,0,0
WBGene00196682.,0,3,3
WBGene00196683.,0,0,0
WBGene00196684.,0,1,1
WBGene00196685.,0,1,1
WBGene00196686.,0,2,2
WBGene00196687.,0,3,3
WBGene00196688.,0,1,1
WBGene00196689.,0,0,0
WBGene00196690.,0,0,0
WBGene00196691.,0,2,2
WBGene00196692.,0,0,0
WBGene00196693.,0,2,2
WBGene00196694.,0,0,0
WBGene00196695.,0,1,1
WBGene00196696.,0,0,0
WBGene00196697.,0,1,1
WBGene00196698.,0,13,13
WBGene00196699.,0,1,1
WBGene00196700.,0,2,2
WBGene00196701.,0,0,0
WBGene00196702.,0,5,5
WBGene00196703.,0,0,0
WBGene00196704.,0,0,0
WBGene00196705.,0,2,2
WBGene00196706.,0,0,0
WBGene00196707.,0,0,0
WBGene00196708.,0,0,0
WBGene00196709.,0,8,8
WBGene00196710.,0,3,3
WBGene00196711.,0,3,3
WBGene00196712.,0,1,1
WBGene00196713.,0,0,0
WBGene00196714.,0,2,2
WBGene00196715.,0,0,0
WBGene00196716.,0,0,0
WBGene00196717.,0,0,0
WBGene00196718.,0,0,0
WBGene00196719.,0,1,1
WBGene00196720.,0,1,1
WBGene00196721.,0,8,8
WBGene00196722.,0,1,1
WBGene00196723.,0,2,2
WBGene00196724.,0,5,5
WBGene00196725.,0,2,2
WBGene00196726.,0,0,0
WBGene00196727.,0,0,0
WBGene00196728.,0,8,8
WBGene00196729.,0,23,23
WBGene00196730.,0,0,0
WBGene00196731.,0,0,0
WBGene00196732.,0,0,0
WBGene00196733.,0,5,5
WBGene00196734.,0,0,0
WBGene00196735.,0,55,55
WBGene00196736.,0,0,0
WBGene00196737.,0,0,0
WBGene00196738.,0,0,0
WBGene00196739.,0,2,2
WBGene00196740.,0,0,0
WBGene00196741.,0,0,0
WBGene00196742.,0,1,1
WBGene00196743.,0,0,0
WBGene00196744.,0,1,1
WBGene00196745.,0,0,0
WBGene00196746.,0,1,1
WBGene00196747.,0,7,7
WBGene00196748.,0,15,15
WBGene00196749.,0,0,0
WBGene00196750.,0,0,0
WBGene00196751.,0,0,0
WBGene00196752.,0,1,1
WBGene00196753.,0,14,14
WBGene00196754.,0,0,0
WBGene00196755.,0,0,0
WBGene00196756.,0,0,0
WBGene00196757.,0,0,0
WBGene00196758.,0,1,1
WBGene00196759.,0,3,3
WBGene00196760.,0,0,0
WBGene00196761.,0,4,4
WBGene00196762.,0,0,0
WBGene00196763.,0,5,5
WBGene00196764.,0,0,0
WBGene00196765.,0,0,0
WBGene00196766.,0,0,0
WBGene00196767.,0,0,0
WBGene00196768.,0,0,0
WBGene00196769.,0,1,1
WBGene00196770.,0,0,0
WBGene00196771.,0,0,0
WBGene00196772.,0,1,1
WBGene00196773.,0,0,0
WBGene00196774.,0,0,0
WBGene00196775.,0,9,9
WBGene00196776.,0,0,0
WBGene00196777.,0,17,17
WBGene00196778.,0,0,0
WBGene00196779.,0,1,1
WBGene00196780.,0,4,4
WBGene00196781.,0,2,2
WBGene00196782.,0,17,17
WBGene00196783.,0,0,0
WBGene00196784.,0,0,0
WBGene00196785.,0,41,41
WBGene00196786.,0,1,1
WBGene00196787.,0,5,5
WBGene00196788.,0,1,1
WBGene00196789.,0,5,5
WBGene00196790.,0,1,1
WBGene00196791.,0,2,2
WBGene00196792.,0,0,0
WBGene00196793.,0,11,11
WBGene00196794.,0,0,0
WBGene00196795.,0,0,0
WBGene00196796.,0,1,1
WBGene00196797.,0,24,24
WBGene00196798.,0,0,0
WBGene00196799.,0,1,1
WBGene00196800.,0,0,0
WBGene00196801.,0,2,2
WBGene00196802.,0,6,6
WBGene00196803.,0,0,0
WBGene00196804.,0,0,0
WBGene00196805.,0,3,3
WBGene00196806.,0,0,0
WBGene00196807.,0,0,0
WBGene00196808.,0,0,0
WBGene00196809.,0,3,3
WBGene00196810.,0,16,16
WBGene00196811.,0,2,2
WBGene00196812.,0,0,0
WBGene00196813.,0,1,1
WBGene00196814.,0,0,0
WBGene00196815.,0,12,12
WBGene00196816.,0,0,0
WBGene00196817.,0,0,0
WBGene00196818.,0,1,1
WBGene00196819.,0,4,4
WBGene00196820.,0,0,0
WBGene00196821.,0,5,5
WBGene00196822.,0,0,0
WBGene00196823.,0,1,1
WBGene00196824.,0,1,1
WBGene00196825.,0,0,0
WBGene00196826.,0,0,0
WBGene00196827.,0,3,3
WBGene00196828.,0,0,0
WBGene00196829.,0,0,0
WBGene00196830.,0,1,1
WBGene00196831.,0,8,8
WBGene00196832.,0,0,0
WBGene00196833.,0,0,0
WBGene00196834.,0,1,1
WBGene00196835.,0,3,3
WBGene00196836.,0,0,0
WBGene00196837.,0,0,0
WBGene00196838.,0,9,9
WBGene00196839.,0,0,0
WBGene00196840.,0,1,1
WBGene00196841.,0,0,0
WBGene00196842.,0,0,0
WBGene00196843.,0,0,0
WBGene00196844.,0,3,3
WBGene00196845.,0,1,1
WBGene00196846.,0,1,1
WBGene00196847.,0,0,0
WBGene00196848.,0,0,0
WBGene00196849.,0,1,1
WBGene00196850.,0,2,2
WBGene00196851.,0,0,0
WBGene00196852.,0,39,39
WBGene00196853.,0,0,0
WBGene00196854.,0,11,11
WBGene00196855.,0,0,0
WBGene00196856.,0,9,9
WBGene00196857.,0,0,0
WBGene00196858.,0,0,0
WBGene00196859.,0,0,0
WBGene00196860.,0,0,0
WBGene00196861.,0,1,1
WBGene00196862.,0,7,7
WBGene00196863.,0,0,0
WBGene00196864.,0,1,1
WBGene00196865.,0,0,0
WBGene00196866.,0,0,0
WBGene00196867.,0,8,8
WBGene00196868.,0,4,4
WBGene00196869.,0,3,3
WBGene00196870.,0,2,2
WBGene00196871.,0,118,118
WBGene00196872.,0,13,13
WBGene00196873.,0,0,0
WBGene00196874.,0,0,0
WBGene00196875.,0,0,0
WBGene00196876.,0,0,0
WBGene00196877.,0,4,4
WBGene00196878.,0,0,0
WBGene00196879.,0,2,2
WBGene00196880.,0,0,0
WBGene00196881.,0,0,0
WBGene00196882.,0,1,1
WBGene00196883.,0,0,0
WBGene00196884.,0,2,2
WBGene00196885.,0,0,0
WBGene00196886.,0,0,0
WBGene00196887.,0,0,0
WBGene00196888.,0,0,0
WBGene00196889.,0,0,0
WBGene00196890.,0,0,0
WBGene00196891.,0,0,0
WBGene00196892.,0,1,1
WBGene00196893.,0,3,3
WBGene00196894.,0,2,2
WBGene00196895.,0,0,0
WBGene00196896.,0,0,0
WBGene00196897.,0,0,0
WBGene00196898.,0,0,0
WBGene00196899.,0,0,0
WBGene00196900.,0,1,1
WBGene00196901.,0,1,1
WBGene00196902.,0,0,0
WBGene00196903.,0,0,0
WBGene00196904.,0,3,3
WBGene00196905.,0,0,0
WBGene00196906.,0,2,2
WBGene00196907.,0,0,0
WBGene00196908.,0,2,2
WBGene00196909.,0,1,1
WBGene00196910.,0,0,0
WBGene00196911.,0,5,5
WBGene00196912.,0,0,0
WBGene00196913.,0,6,6
WBGene00196914.,0,1,1
WBGene00196915.,0,3,3
WBGene00196916.,0,0,0
WBGene00196917.,0,7,7
WBGene00196918.,0,2,2
WBGene00196919.,0,0,0
WBGene00196920.,0,2,2
WBGene00196921.,0,5,5
WBGene00196922.,0,26,26
WBGene00196923.,0,0,0
WBGene00196924.,0,6,6
WBGene00196925.,0,5,5
WBGene00196926.,0,0,0
WBGene00196927.,0,0,0
WBGene00196928.,0,5,5
WBGene00196929.,0,1,1
WBGene00196930.,0,3,3
WBGene00196931.,0,2,2
WBGene00196932.,0,0,0
WBGene00196933.,0,4,4
WBGene00196934.,0,0,0
WBGene00196935.,0,8,8
WBGene00196936.,0,0,0
WBGene00196937.,0,0,0
WBGene00196938.,0,0,0
WBGene00196939.,0,0,0
WBGene00196940.,0,0,0
WBGene00196941.,0,2,2
WBGene00196942.,0,1,1
WBGene00196943.,0,1,1
WBGene00196944.,0,0,0
WBGene00196945.,0,0,0
WBGene00196946.,0,0,0
WBGene00196947.,0,3,3
WBGene00196948.,0,1,1
WBGene00196949.,0,0,0
WBGene00196950.,0,4,4
WBGene00196951.,0,0,0
WBGene00196952.,0,0,0
WBGene00196953.,0,0,0
WBGene00196954.,0,1,1
WBGene00196955.,0,0,0
WBGene00196956.,0,0,0
WBGene00196957.,0,0,0
WBGene00196958.,0,0,0
WBGene00196959.,0,1,1
WBGene00196960.,0,0,0
WBGene00196961.,0,7,7
WBGene00196962.,0,0,0
WBGene00196963.,0,0,0
WBGene00196964.,0,4,4
WBGene00196965.,0,0,0
WBGene00196966.,0,0,0
WBGene00196967.,0,1,1
WBGene00196968.,0,1,1
WBGene00196969.,0,25,25
WBGene00196970.,0,0,0
WBGene00196971.,0,1,1
WBGene00196972.,0,0,0
WBGene00196973.,0,2,2
WBGene00196974.,0,0,0
WBGene00196975.,0,0,0
WBGene00196976.,0,0,0
WBGene00196977.,0,0,0
WBGene00196978.,0,0,0
WBGene00196979.,0,9,9
WBGene00196980.,0,0,0
WBGene00196981.,0,4,4
WBGene00196982.,0,4,4
WBGene00196983.,0,0,0
WBGene00196984.,0,0,0
WBGene00196985.,0,0,0
WBGene00196986.,0,29,29
WBGene00196987.,0,15,15
WBGene00196988.,0,0,0
WBGene00196989.,0,1,1
WBGene00196990.,0,0,0
WBGene00196991.,0,0,0
WBGene00196992.,0,5,5
WBGene00196993.,0,0,0
WBGene00196994.,0,13,13
WBGene00196995.,0,0,0
WBGene00196996.,0,4,4
WBGene00196997.,0,0,0
WBGene00196998.,0,0,0
WBGene00196999.,0,0,0
WBGene00197000.,0,0,0
WBGene00197001.,0,3,3
WBGene00197002.,0,0,0
WBGene00197003.,0,0,0
WBGene00197004.,0,0,0
WBGene00197005.,0,0,0
WBGene00197006.,0,0,0
WBGene00197007.,0,0,0
WBGene00197008.,0,0,0
WBGene00197009.,0,4,4
WBGene00197010.,0,0,0
WBGene00197011.,0,0,0
WBGene00197012.,0,0,0
WBGene00197013.,0,0,0
WBGene00197014.,0,0,0
WBGene00197015.,0,4,4
WBGene00197016.,0,0,0
WBGene00197017.,0,0,0
WBGene00197018.,0,0,0
WBGene00197019.,0,1,1
WBGene00197020.,0,0,0
WBGene00197021.,0,0,0
WBGene00197022.,0,0,0
WBGene00197023.,0,0,0
WBGene00197024.,0,0,0
WBGene00197025.,0,1,1
WBGene00197026.,0,0,0
WBGene00197027.,0,4,4
WBGene00197028.,0,2,2
WBGene00197029.,0,0,0
WBGene00197030.,0,2,2
WBGene00197031.,0,1,1
WBGene00197032.,0,2,2
WBGene00197033.,0,48,48
WBGene00197034.,0,0,0
WBGene00197035.,0,0,0
WBGene00197036.,0,0,0
WBGene00197037.,0,2,2
WBGene00197038.,0,0,0
WBGene00197039.,0,0,0
WBGene00197040.,0,2,2
WBGene00197041.,0,0,0
WBGene00197042.,0,0,0
WBGene00197043.,0,1,1
WBGene00197044.,0,0,0
WBGene00197045.,0,3,3
WBGene00197046.,0,0,0
WBGene00197047.,0,2,2
WBGene00197048.,0,15,15
WBGene00197049.,0,5,5
WBGene00197050.,0,1,1
WBGene00197051.,0,3,3
WBGene00197052.,0,5,5
WBGene00197053.,0,1,1
WBGene00197054.,0,0,0
WBGene00197055.,0,3,3
WBGene00197056.,0,0,0
WBGene00197057.,0,1,1
WBGene00197058.,0,0,0
WBGene00197059.,0,0,0
WBGene00197060.,0,2,2
WBGene00197061.,0,2,2
WBGene00197062.,0,0,0
WBGene00197063.,0,0,0
WBGene00197064.,0,0,0
WBGene00197065.,0,3,3
WBGene00197066.,0,13,13
WBGene00197067.,0,0,0
WBGene00197068.,0,1,1
WBGene00197069.,0,5,5
WBGene00197070.,0,2,2
WBGene00197071.,0,0,0
WBGene00197072.,0,2,2
WBGene00197073.,0,0,0
WBGene00197074.,0,4,4
WBGene00197075.,0,0,0
WBGene00197076.,0,2,2
WBGene00197077.,0,0,0
WBGene00197078.,0,0,0
WBGene00197079.,0,0,0
WBGene00197080.,0,44,44
WBGene00197081.,0,4,4
WBGene00197082.,0,1,1
WBGene00197083.,0,0,0
WBGene00197084.,0,0,0
WBGene00197085.,0,4,4
WBGene00197086.,0,5,5
WBGene00197087.,0,0,0
WBGene00197088.,0,0,0
WBGene00197089.,0,0,0
WBGene00197090.,0,16,16
WBGene00197091.,0,2,2
WBGene00197092.,0,0,0
WBGene00197093.,0,0,0
WBGene00197094.,0,2,2
WBGene00197095.,0,0,0
WBGene00197096.,0,1,1
WBGene00197097.,0,11,11
WBGene00197098.,0,0,0
WBGene00197099.,0,0,0
WBGene00197100.,0,0,0
WBGene00197101.,0,0,0
WBGene00197102.,0,0,0
WBGene00197103.,0,0,0
WBGene00197104.,0,5,5
WBGene00197105.,0,0,0
WBGene00197106.,0,0,0
WBGene00197107.,0,0,0
WBGene00197108.,0,0,0
WBGene00197109.,0,0,0
WBGene00197110.,0,3,3
WBGene00197111.,0,1,1
WBGene00197112.,0,0,0
WBGene00197113.,0,0,0
WBGene00197114.,0,3,3
WBGene00197115.,0,2,2
WBGene00197116.,0,0,0
WBGene00197117.,0,0,0
WBGene00197118.,0,0,0
WBGene00197119.,0,3,3
WBGene00197120.,0,0,0
WBGene00197121.,0,7,7
WBGene00197122.,0,0,0
WBGene00197123.,0,0,0
WBGene00197124.,0,0,0
WBGene00197125.,0,0,0
WBGene00197126.,0,2,2
WBGene00197127.,0,21,21
WBGene00197128.,0,0,0
WBGene00197129.,0,0,0
WBGene00197130.,0,1,1
WBGene00197131.,0,0,0
WBGene00197132.,0,0,0
WBGene00197133.,0,0,0
WBGene00197134.,0,0,0
WBGene00197135.,0,1,1
WBGene00197136.,0,0,0
WBGene00197137.,0,0,0
WBGene00197138.,0,0,0
WBGene00197139.,0,0,0
WBGene00197140.,0,14,14
WBGene00197141.,0,2,2
WBGene00197142.,0,0,0
WBGene00197143.,0,0,0
WBGene00197144.,0,4,4
WBGene00197145.,0,0,0
WBGene00197146.,0,1,1
WBGene00197147.,0,1,1
WBGene00197148.,0,2,2
WBGene00197149.,0,1,1
WBGene00197150.,0,0,0
WBGene00197151.,0,0,0
WBGene00197152.,0,1,1
WBGene00197153.,0,0,0
WBGene00197154.,0,0,0
WBGene00197155.,0,2,2
WBGene00197156.,0,0,0
WBGene00197157.,0,0,0
WBGene00197158.,0,0,0
WBGene00197159.,0,0,0
WBGene00197160.,0,0,0
WBGene00197161.,0,1,1
WBGene00197162.,0,0,0
WBGene00197163.,0,0,0
WBGene00197164.,0,0,0
WBGene00197165.,0,0,0
WBGene00197166.,0,2,2
WBGene00197167.,0,0,0
WBGene00197168.,0,7,7
WBGene00197169.,0,2,2
WBGene00197170.,0,0,0
WBGene00197171.,0,114,114
WBGene00197172.,0,1,1
WBGene00197173.,0,0,0
WBGene00197174.,0,4,4
WBGene00197175.,0,2,2
WBGene00197176.,0,1,1
WBGene00197177.,0,2,2
WBGene00197178.,0,1,1
WBGene00197179.,0,0,0
WBGene00197180.,0,1,1
WBGene00197181.,0,0,0
WBGene00197182.,0,0,0
WBGene00197183.,0,6,6
WBGene00197184.,0,2,2
WBGene00197185.,0,14,14
WBGene00197186.,0,2,2
WBGene00197187.,0,0,0
WBGene00197188.,0,24,24
WBGene00197189.,0,4,4
WBGene00197190.,0,0,0
WBGene00197191.,0,0,0
WBGene00197192.,0,0,0
WBGene00197193.,0,0,0
WBGene00197194.,0,0,0
WBGene00197195.,0,1,1
WBGene00197196.,0,2,2
WBGene00197197.,0,0,0
WBGene00197198.,0,0,0
WBGene00197199.,0,0,0
WBGene00197200.,0,0,0
WBGene00197201.,0,0,0
WBGene00197202.,0,1,1
WBGene00197203.,0,0,0
WBGene00197204.,0,10,10
WBGene00197205.,0,2,2
WBGene00197206.,0,3,3
WBGene00197207.,0,1,1
WBGene00197208.,0,3,3
WBGene00197209.,0,14,14
WBGene00197210.,0,0,0
WBGene00197211.,0,0,0
WBGene00197212.,0,0,0
WBGene00197213.,0,0,0
WBGene00197214.,0,6,6
WBGene00197215.,0,1376,1376
WBGene00197216.,0,3,3
WBGene00197217.,0,0,0
WBGene00197218.,0,7,7
WBGene00197219.,0,0,0
WBGene00197220.,0,1,1
WBGene00197221.,0,0,0
WBGene00197222.,0,9,9
WBGene00197223.,0,0,0
WBGene00197224.,0,3,3
WBGene00197225.,0,1,1
WBGene00197226.,0,0,0
WBGene00197227.,0,3,3
WBGene00197228.,0,3,3
WBGene00197229.,0,1,1
WBGene00197230.,0,0,0
WBGene00197231.,0,11,11
WBGene00197232.,0,0,0
WBGene00197233.,0,0,0
WBGene00197234.,0,14,14
WBGene00197235.,0,0,0
WBGene00197236.,0,9,9
WBGene00197237.,0,0,0
WBGene00197238.,0,0,0
WBGene00197239.,0,0,0
WBGene00197240.,0,0,0
WBGene00197241.,0,0,0
WBGene00197242.,0,1,1
WBGene00197243.,0,4,4
WBGene00197244.,0,1,1
WBGene00197245.,0,1,1
WBGene00197246.,0,2,2
WBGene00197247.,0,0,0
WBGene00197248.,0,0,0
WBGene00197249.,0,0,0
WBGene00197250.,0,5,5
WBGene00197251.,0,3,3
WBGene00197252.,0,0,0
WBGene00197253.,0,1,1
WBGene00197254.,0,6,6
WBGene00197255.,0,0,0
WBGene00197256.,0,0,0
WBGene00197257.,0,12,12
WBGene00197258.,0,5,5
WBGene00197259.,0,25,25
WBGene00197260.,0,0,0
WBGene00197261.,0,0,0
WBGene00197262.,0,2,2
WBGene00197263.,0,0,0
WBGene00197264.,0,0,0
WBGene00197265.,0,13,13
WBGene00197266.,0,0,0
WBGene00197267.,0,0,0
WBGene00197268.,0,0,0
WBGene00197269.,0,18,18
WBGene00197270.,0,0,0
WBGene00197271.,0,0,0
WBGene00197272.,0,0,0
WBGene00197273.,0,0,0
WBGene00197274.,0,2,2
WBGene00197275.,0,0,0
WBGene00197276.,0,0,0
WBGene00197277.,0,0,0
WBGene00197278.,0,6,6
WBGene00197279.,0,11,11
WBGene00197280.,0,2,2
WBGene00197281.,0,4,4
WBGene00197282.,0,0,0
WBGene00197283.,0,3,3
WBGene00197284.,0,0,0
WBGene00197285.,0,3,3
WBGene00197286.,0,1,1
WBGene00197287.,0,0,0
WBGene00197288.,0,4,4
WBGene00197289.,0,0,0
WBGene00197290.,0,0,0
WBGene00197291.,0,0,0
WBGene00197292.,0,2,2
WBGene00197293.,0,2,2
WBGene00197294.,0,0,0
WBGene00197295.,0,0,0
WBGene00197296.,0,0,0
WBGene00197297.,0,5,5
WBGene00197298.,0,1,1
WBGene00197299.,0,0,0
WBGene00197300.,0,0,0
WBGene00197301.,0,0,0
WBGene00197302.,0,0,0
WBGene00197303.,0,0,0
WBGene00197304.,0,0,0
WBGene00197305.,0,0,0
WBGene00197306.,0,0,0
WBGene00197307.,0,0,0
WBGene00197308.,0,42,42
WBGene00197309.,0,0,0
WBGene00197310.,0,1,1
WBGene00197311.,0,0,0
WBGene00197312.,0,0,0
WBGene00197313.,0,0,0
WBGene00197314.,0,0,0
WBGene00197315.,0,0,0
WBGene00197316.,0,0,0
WBGene00197317.,0,0,0
WBGene00197318.,0,3,3
WBGene00197319.,0,5,5
WBGene00197320.,0,0,0
WBGene00197321.,0,1,1
WBGene00197322.,0,4,4
WBGene00197323.,0,2,2
WBGene00197324.,0,3,3
WBGene00197325.,0,0,0
WBGene00197326.,0,4,4
WBGene00197327.,0,1,1
WBGene00197328.,0,3,3
WBGene00197329.,0,0,0
WBGene00197330.,0,0,0
WBGene00197331.,0,0,0
WBGene00197332.,0,2,2
WBGene00197333.,0,0,0
WBGene00197334.,0,1,1
WBGene00197335.,0,6,6
WBGene00197336.,0,0,0
WBGene00197337.,0,0,0
WBGene00197338.,0,1,1
WBGene00197339.,0,320,320
WBGene00197340.,0,1,1
WBGene00197341.,0,0,0
WBGene00197342.,0,0,0
WBGene00197343.,0,0,0
WBGene00197344.,0,0,0
WBGene00197345.,0,0,0
WBGene00197346.,0,0,0
WBGene00197347.,0,3,3
WBGene00197348.,0,0,0
WBGene00197349.,0,11,11
WBGene00197350.,0,0,0
WBGene00197351.,0,1,1
WBGene00197352.,0,1,1
WBGene00197353.,0,0,0
WBGene00197354.,0,1,1
WBGene00197355.,0,0,0
WBGene00197356.,0,1,1
WBGene00197357.,0,0,0
WBGene00197358.,0,0,0
WBGene00197359.,0,0,0
WBGene00197360.,0,1,1
WBGene00197361.,0,0,0
WBGene00197362.,0,7,7
WBGene00197363.,0,0,0
WBGene00197364.,0,1,1
WBGene00197365.,0,0,0
WBGene00197366.,0,3,3
WBGene00197367.,0,0,0
WBGene00197368.,0,0,0
WBGene00197369.,0,0,0
WBGene00197370.,0,2,2
WBGene00197371.,0,1,1
WBGene00197372.,0,0,0
WBGene00197373.,0,0,0
WBGene00197374.,0,0,0
WBGene00197375.,0,7,7
WBGene00197376.,0,1,1
WBGene00197377.,0,0,0
WBGene00197378.,0,0,0
WBGene00197379.,0,0,0
WBGene00197380.,0,0,0
WBGene00197381.,0,2,2
WBGene00197382.,0,5,5
WBGene00197383.,0,3,3
WBGene00197384.,0,0,0
WBGene00197385.,0,0,0
WBGene00197386.,0,0,0
WBGene00197387.,0,0,0
WBGene00197388.,0,3,3
WBGene00197389.,0,0,0
WBGene00197390.,0,0,0
WBGene00197391.,0,0,0
WBGene00197392.,0,0,0
WBGene00197393.,0,0,0
WBGene00197394.,0,0,0
WBGene00197395.,0,0,0
WBGene00197396.,0,3,3
WBGene00197397.,0,0,0
WBGene00197398.,0,3,3
WBGene00197399.,0,2,2
WBGene00197400.,0,12,12
WBGene00197401.,0,0,0
WBGene00197402.,0,0,0
WBGene00197403.,0,3,3
WBGene00197404.,0,6,6
WBGene00197405.,0,0,0
WBGene00197406.,0,132,132
WBGene00197407.,0,1,1
WBGene00197408.,0,0,0
WBGene00197409.,0,0,0
WBGene00197410.,0,4,4
WBGene00197411.,0,11,11
WBGene00197412.,0,0,0
WBGene00197413.,0,0,0
WBGene00197414.,0,0,0
WBGene00197415.,0,0,0
WBGene00197416.,0,10,10
WBGene00197417.,0,0,0
WBGene00197418.,0,0,0
WBGene00197419.,0,0,0
WBGene00197420.,0,2,2
WBGene00197421.,0,0,0
WBGene00197422.,0,0,0
WBGene00197423.,0,0,0
WBGene00197424.,0,19,19
WBGene00197425.,0,0,0
WBGene00197426.,0,6,6
WBGene00197427.,0,0,0
WBGene00197428.,0,0,0
WBGene00197429.,0,0,0
WBGene00197430.,0,0,0
WBGene00197431.,0,0,0
WBGene00197432.,0,0,0
WBGene00197433.,0,2,2
WBGene00197434.,0,0,0
WBGene00197435.,0,2,2
WBGene00197436.,0,0,0
WBGene00197437.,0,3,3
WBGene00197438.,0,0,0
WBGene00197439.,0,0,0
WBGene00197440.,0,2,2
WBGene00197441.,0,3,3
WBGene00197442.,0,0,0
WBGene00197443.,0,0,0
WBGene00197444.,0,8,8
WBGene00197445.,0,1,1
WBGene00197446.,0,4,4
WBGene00197447.,0,0,0
WBGene00197448.,0,0,0
WBGene00197449.,0,5,5
WBGene00197450.,0,3,3
WBGene00197451.,0,2,2
WBGene00197452.,0,129,129
WBGene00197453.,0,0,0
WBGene00197454.,0,8,8
WBGene00197455.,0,1,1
WBGene00197456.,0,0,0
WBGene00197457.,0,0,0
WBGene00197458.,0,2,2
WBGene00197459.,0,0,0
WBGene00197460.,0,0,0
WBGene00197461.,0,3,3
WBGene00197462.,0,1,1
WBGene00197463.,0,2,2
WBGene00197464.,0,7,7
WBGene00197465.,0,6,6
WBGene00197466.,0,0,0
WBGene00197467.,0,9,9
WBGene00197468.,0,0,0
WBGene00197469.,0,0,0
WBGene00197470.,0,0,0
WBGene00197471.,0,3,3
WBGene00197472.,0,0,0
WBGene00197473.,0,2,2
WBGene00197474.,0,0,0
WBGene00197475.,0,1,1
WBGene00197476.,0,0,0
WBGene00197477.,0,8,8
WBGene00197478.,0,0,0
WBGene00197479.,0,2,2
WBGene00197480.,0,0,0
WBGene00197481.,0,5,5
WBGene00197482.,0,3,3
WBGene00197483.,0,6,6
WBGene00197484.,0,0,0
WBGene00197485.,0,5,5
WBGene00197486.,0,0,0
WBGene00197487.,0,4,4
WBGene00197488.,0,0,0
WBGene00197489.,0,2,2
WBGene00197490.,0,0,0
WBGene00197491.,0,2,2
WBGene00197492.,0,0,0
WBGene00197493.,0,0,0
WBGene00197494.,0,0,0
WBGene00197495.,0,4,4
WBGene00197496.,0,0,0
WBGene00197497.,0,0,0
WBGene00197498.,0,3,3
WBGene00197499.,0,0,0
WBGene00197500.,0,1,1
WBGene00197501.,0,1,1
WBGene00197502.,0,0,0
WBGene00197503.,0,0,0
WBGene00197504.,0,0,0
WBGene00197505.,0,0,0
WBGene00197506.,0,0,0
WBGene00197507.,0,3,3
WBGene00197508.,0,0,0
WBGene00197509.,0,0,0
WBGene00197510.,0,0,0
WBGene00197511.,0,4,4
WBGene00197512.,0,0,0
WBGene00197513.,0,0,0
WBGene00197514.,0,0,0
WBGene00197515.,0,20,20
WBGene00197516.,0,24,24
WBGene00197517.,0,0,0
WBGene00197518.,0,4,4
WBGene00197519.,0,0,0
WBGene00197520.,0,1,1
WBGene00197521.,0,0,0
WBGene00197522.,0,0,0
WBGene00197523.,0,0,0
WBGene00197524.,0,0,0
WBGene00197525.,0,1,1
WBGene00197526.,0,0,0
WBGene00197527.,0,1,1
WBGene00197528.,0,0,0
WBGene00197529.,0,3,3
WBGene00197530.,0,0,0
WBGene00197531.,0,1,1
WBGene00197532.,0,0,0
WBGene00197533.,0,0,0
WBGene00197534.,0,3,3
WBGene00197535.,0,0,0
WBGene00197536.,0,0,0
WBGene00197537.,0,0,0
WBGene00197538.,0,0,0
WBGene00197539.,0,0,0
WBGene00197540.,0,0,0
WBGene00197541.,0,0,0
WBGene00197542.,0,3,3
WBGene00197543.,0,0,0
WBGene00197544.,0,0,0
WBGene00197545.,0,0,0
WBGene00197546.,0,2,2
WBGene00197547.,0,0,0
WBGene00197548.,0,5,5
WBGene00197549.,0,0,0
WBGene00197550.,0,7,7
WBGene00197551.,0,0,0
WBGene00197552.,0,1,1
WBGene00197553.,0,2,2
WBGene00197554.,0,0,0
WBGene00197555.,0,2,2
WBGene00197556.,0,1,1
WBGene00197557.,0,0,0
WBGene00197558.,0,1,1
WBGene00197559.,0,0,0
WBGene00197560.,0,0,0
WBGene00197561.,0,0,0
WBGene00197562.,0,0,0
WBGene00197563.,0,0,0
WBGene00197564.,0,3,3
WBGene00197565.,0,0,0
WBGene00197566.,0,0,0
WBGene00197567.,0,1,1
WBGene00197568.,0,0,0
WBGene00197569.,0,0,0
WBGene00197570.,0,0,0
WBGene00197571.,0,0,0
WBGene00197572.,0,2,2
WBGene00197573.,0,0,0
WBGene00197574.,0,2,2
WBGene00197575.,0,0,0
WBGene00197576.,0,0,0
WBGene00197577.,0,15,15
WBGene00197578.,0,4,4
WBGene00197579.,0,12,12
WBGene00197580.,0,1,1
WBGene00197581.,0,4,4
WBGene00197582.,0,1,1
WBGene00197583.,0,30,30
WBGene00197584.,0,0,0
WBGene00197585.,0,2,2
WBGene00197586.,0,0,0
WBGene00197587.,0,6,6
WBGene00197588.,0,0,0
WBGene00197589.,0,0,0
WBGene00197590.,0,0,0
WBGene00197591.,0,13,13
WBGene00197592.,0,0,0
WBGene00197593.,0,0,0
WBGene00197594.,0,0,0
WBGene00197595.,0,0,0
WBGene00197596.,0,0,0
WBGene00197597.,0,21,21
WBGene00197598.,0,1,1
WBGene00197599.,0,2,2
WBGene00197600.,0,4,4
WBGene00197601.,0,4,4
WBGene00197602.,0,0,0
WBGene00197603.,0,0,0
WBGene00197604.,0,23,23
WBGene00197605.,0,0,0
WBGene00197606.,0,0,0
WBGene00197607.,0,0,0
WBGene00197608.,0,1,1
WBGene00197609.,0,19,19
WBGene00197610.,0,0,0
WBGene00197611.,0,22,22
WBGene00197612.,0,1,1
WBGene00197613.,0,0,0
WBGene00197614.,0,1,1
WBGene00197615.,0,8,8
WBGene00197616.,0,0,0
WBGene00197617.,0,0,0
WBGene00197618.,0,0,0
WBGene00197619.,0,0,0
WBGene00197620.,0,5,5
WBGene00197621.,0,0,0
WBGene00197622.,0,2,2
WBGene00197623.,0,0,0
WBGene00197624.,0,1,1
WBGene00197625.,0,2,2
WBGene00197626.,0,1,1
WBGene00197627.,0,3,3
WBGene00197628.,0,0,0
WBGene00197629.,0,0,0
WBGene00197630.,0,0,0
WBGene00197631.,0,2,2
WBGene00197632.,0,9,9
WBGene00197633.,0,20,20
WBGene00197634.,0,18,18
WBGene00197635.,0,0,0
WBGene00197636.,0,9,9
WBGene00197637.,0,0,0
WBGene00197638.,0,0,0
WBGene00197639.,0,0,0
WBGene00197640.,0,0,0
WBGene00197641.,0,1,1
WBGene00197642.,0,8,8
WBGene00197643.,0,0,0
WBGene00197644.,0,0,0
WBGene00197645.,0,0,0
WBGene00197646.,0,1,1
WBGene00197647.,0,8,8
WBGene00197648.,0,0,0
WBGene00197649.,0,0,0
WBGene00197650.,0,9,9
WBGene00197651.,0,2,2
WBGene00197652.,0,3,3
WBGene00197653.,0,0,0
WBGene00197654.,0,2,2
WBGene00197655.,0,0,0
WBGene00197656.,0,0,0
WBGene00197657.,0,4,4
WBGene00197658.,0,1,1
WBGene00197659.,0,0,0
WBGene00197660.,0,2,2
WBGene00197661.,0,0,0
WBGene00197662.,0,0,0
WBGene00197663.,0,0,0
WBGene00197664.,0,2,2
WBGene00197665.,0,0,0
WBGene00197666.,0,0,0
WBGene00197667.,0,1,1
WBGene00197668.,0,1,1
WBGene00197669.,0,0,0
WBGene00197670.,0,12,12
WBGene00197671.,0,2,2
WBGene00197672.,0,4,4
WBGene00197673.,0,0,0
WBGene00197674.,0,2,2
WBGene00197675.,0,0,0
WBGene00197676.,0,0,0
WBGene00197677.,0,0,0
WBGene00197678.,0,0,0
WBGene00197679.,0,13,13
WBGene00197680.,0,0,0
WBGene00197681.,0,0,0
WBGene00197682.,0,0,0
WBGene00197683.,0,0,0
WBGene00197684.,0,1,1
WBGene00197685.,0,1,1
WBGene00197686.,0,15,15
WBGene00197687.,0,2,2
WBGene00197688.,0,5,5
WBGene00197689.,0,0,0
WBGene00197690.,0,0,0
WBGene00197691.,0,64,64
WBGene00197692.,0,0,0
WBGene00197693.,0,0,0
WBGene00197694.,0,3,3
WBGene00197695.,0,1,1
WBGene00197696.,0,0,0
WBGene00197697.,0,0,0
WBGene00197698.,0,5,5
WBGene00197699.,0,0,0
WBGene00197700.,0,0,0
WBGene00197701.,0,1,1
WBGene00197702.,0,1,1
WBGene00197703.,0,1,1
WBGene00197704.,0,0,0
WBGene00197705.,0,0,0
WBGene00197706.,0,0,0
WBGene00197707.,0,0,0
WBGene00197708.,0,0,0
WBGene00197709.,0,11,11
WBGene00197710.,0,16,16
WBGene00197711.,0,0,0
WBGene00197712.,0,8,8
WBGene00197713.,0,0,0
WBGene00197714.,0,0,0
WBGene00197715.,0,3,3
WBGene00197716.,0,4,4
WBGene00197717.,0,0,0
WBGene00197718.,0,0,0
WBGene00197719.,0,0,0
WBGene00197720.,0,0,0
WBGene00197721.,0,0,0
WBGene00197722.,0,0,0
WBGene00197723.,0,1,1
WBGene00197724.,0,9,9
WBGene00197725.,0,0,0
WBGene00197726.,0,2,2
WBGene00197727.,0,0,0
WBGene00197728.,0,0,0
WBGene00197729.,0,1,1
WBGene00197730.,0,1,1
WBGene00197731.,0,4,4
WBGene00197732.,0,1,1
WBGene00197733.,0,0,0
WBGene00197734.,0,0,0
WBGene00197735.,0,0,0
WBGene00197736.,0,0,0
WBGene00197737.,0,0,0
WBGene00197738.,0,0,0
WBGene00197739.,0,1,1
WBGene00197740.,0,0,0
WBGene00197741.,0,0,0
WBGene00197742.,0,0,0
WBGene00197743.,0,0,0
WBGene00197744.,0,0,0
WBGene00197745.,0,3,3
WBGene00197746.,0,0,0
WBGene00197747.,0,0,0
WBGene00197748.,0,0,0
WBGene00197749.,0,1,1
WBGene00197750.,0,1,1
WBGene00197751.,0,0,0
WBGene00197752.,0,4,4
WBGene00197753.,0,4,4
WBGene00197754.,0,0,0
WBGene00197755.,0,1,1
WBGene00197756.,0,0,0
WBGene00197757.,0,25,25
WBGene00197758.,0,6,6
WBGene00197759.,0,1,1
WBGene00197760.,0,27,27
WBGene00197761.,0,1,1
WBGene00197762.,0,0,0
WBGene00197763.,0,3,3
WBGene00197764.,0,0,0
WBGene00197765.,0,0,0
WBGene00197766.,0,6,6
WBGene00197767.,0,0,0
WBGene00197768.,0,0,0
WBGene00197769.,0,101,101
WBGene00197770.,0,2,2
WBGene00197771.,0,0,0
WBGene00197772.,0,0,0
WBGene00197773.,0,0,0
WBGene00197774.,0,0,0
WBGene00197775.,0,19,19
WBGene00197776.,0,0,0
WBGene00197777.,0,0,0
WBGene00197778.,0,0,0
WBGene00197779.,0,3,3
WBGene00197780.,0,3,3
WBGene00197781.,0,1,1
WBGene00197782.,0,3,3
WBGene00197783.,0,1,1
WBGene00197784.,0,0,0
WBGene00197785.,0,0,0
WBGene00197786.,0,1,1
WBGene00197787.,0,0,0
WBGene00197788.,0,0,0
WBGene00197789.,0,0,0
WBGene00197790.,0,0,0
WBGene00197791.,0,0,0
WBGene00197792.,0,0,0
WBGene00197793.,0,12,12
WBGene00197794.,0,0,0
WBGene00197795.,0,1,1
WBGene00197796.,0,1,1
WBGene00197797.,0,0,0
WBGene00197798.,0,0,0
WBGene00197799.,0,1,1
WBGene00197800.,0,7,7
WBGene00197801.,0,0,0
WBGene00197802.,0,0,0
WBGene00197803.,0,67,67
WBGene00197804.,0,0,0
WBGene00197805.,0,2,2
WBGene00197806.,0,2,2
WBGene00197807.,0,0,0
WBGene00197808.,0,0,0
WBGene00197809.,0,0,0
WBGene00197810.,0,0,0
WBGene00197811.,0,0,0
WBGene00197812.,0,1,1
WBGene00197813.,0,0,0
WBGene00197814.,0,0,0
WBGene00197815.,0,1,1
WBGene00197816.,0,0,0
WBGene00197817.,0,2,2
WBGene00197818.,0,4,4
WBGene00197819.,0,2,2
WBGene00197820.,0,0,0
WBGene00197821.,0,9,9
WBGene00197822.,0,0,0
WBGene00197823.,0,0,0
WBGene00197824.,0,0,0
WBGene00197825.,0,1,1
WBGene00197826.,0,0,0
WBGene00197827.,0,0,0
WBGene00197828.,0,0,0
WBGene00197829.,0,0,0
WBGene00197830.,0,0,0
WBGene00197831.,0,0,0
WBGene00197832.,0,0,0
WBGene00197833.,0,1,1
WBGene00197834.,0,11,11
WBGene00197835.,0,0,0
WBGene00197836.,0,10,10
WBGene00197837.,0,0,0
WBGene00197838.,0,1,1
WBGene00197839.,0,0,0
WBGene00197840.,0,0,0
WBGene00197841.,0,0,0
WBGene00197842.,0,1,1
WBGene00197843.,0,0,0
WBGene00197844.,0,0,0
WBGene00197845.,0,3,3
WBGene00197846.,0,2,2
WBGene00197847.,0,1,1
WBGene00197848.,0,0,0
WBGene00197849.,0,1,1
WBGene00197850.,0,5,5
WBGene00197851.,0,0,0
WBGene00197852.,0,0,0
WBGene00197853.,0,2,2
WBGene00197854.,0,17,17
WBGene00197855.,0,2,2
WBGene00197856.,0,0,0
WBGene00197857.,0,10,10
WBGene00197858.,0,1,1
WBGene00197859.,0,0,0
WBGene00197860.,0,3,3
WBGene00197861.,0,0,0
WBGene00197862.,0,2,2
WBGene00197863.,0,0,0
WBGene00197864.,0,0,0
WBGene00197865.,0,1,1
WBGene00197866.,0,0,0
WBGene00197867.,0,1,1
WBGene00197868.,0,3,3
WBGene00197869.,0,2,2
WBGene00197870.,0,0,0
WBGene00197871.,0,1,1
WBGene00197872.,0,1,1
WBGene00197873.,0,130,130
WBGene00197874.,0,0,0
WBGene00197875.,0,5,5
WBGene00197876.,0,0,0
WBGene00197877.,0,0,0
WBGene00197878.,0,0,0
WBGene00197879.,0,9,9
WBGene00197880.,0,7,7
WBGene00197881.,0,0,0
WBGene00197882.,0,0,0
WBGene00197883.,0,21,21
WBGene00197884.,0,3,3
WBGene00197885.,0,0,0
WBGene00197886.,0,0,0
WBGene00197887.,0,3,3
WBGene00197888.,0,0,0
WBGene00197889.,0,2,2
WBGene00197890.,0,1,1
WBGene00197891.,0,0,0
WBGene00197892.,0,2,2
WBGene00197893.,0,1,1
WBGene00197894.,0,0,0
WBGene00197895.,0,0,0
WBGene00197896.,0,14,14
WBGene00197897.,0,0,0
WBGene00197898.,0,0,0
WBGene00197899.,0,10,10
WBGene00197900.,0,0,0
WBGene00197901.,0,0,0
WBGene00197902.,0,0,0
WBGene00197903.,0,5,5
WBGene00197904.,0,0,0
WBGene00197905.,0,0,0
WBGene00197906.,0,26,26
WBGene00197907.,0,0,0
WBGene00197908.,0,0,0
WBGene00197909.,0,4,4
WBGene00197910.,0,0,0
WBGene00197911.,0,1,1
WBGene00197912.,0,0,0
WBGene00197913.,0,0,0
WBGene00197914.,0,2,2
WBGene00197915.,0,0,0
WBGene00197916.,0,0,0
WBGene00197917.,0,0,0
WBGene00197918.,0,0,0
WBGene00197919.,0,0,0
WBGene00197920.,0,0,0
WBGene00197921.,0,36,36
WBGene00197922.,0,1,1
WBGene00197923.,0,1,1
WBGene00197924.,0,1,1
WBGene00197925.,0,0,0
WBGene00197926.,0,0,0
WBGene00197927.,0,1,1
WBGene00197928.,0,0,0
WBGene00197929.,0,0,0
WBGene00197930.,0,0,0
WBGene00197931.,0,0,0
WBGene00197932.,0,0,0
WBGene00197933.,0,0,0
WBGene00197934.,0,47,47
WBGene00197935.,0,5,5
WBGene00197936.,0,0,0
WBGene00197937.,0,0,0
WBGene00197938.,0,1,1
WBGene00197939.,0,2,2
WBGene00197940.,0,1,1
WBGene00197941.,0,0,0
WBGene00197942.,0,0,0
WBGene00197943.,0,0,0
WBGene00197944.,0,11,11
WBGene00197945.,0,0,0
WBGene00197946.,0,0,0
WBGene00197947.,0,0,0
WBGene00197948.,0,0,0
WBGene00197949.,0,0,0
WBGene00197950.,0,0,0
WBGene00197951.,0,0,0
WBGene00197952.,0,0,0
WBGene00197953.,0,0,0
WBGene00197954.,0,0,0
WBGene00197955.,0,3,3
WBGene00197956.,0,0,0
WBGene00197957.,0,3,3
WBGene00197958.,0,3,3
WBGene00197959.,0,1,1
WBGene00197960.,0,1,1
WBGene00197961.,0,0,0
WBGene00197962.,0,0,0
WBGene00197963.,0,0,0
WBGene00197964.,0,0,0
WBGene00197965.,0,2,2
WBGene00197966.,0,0,0
WBGene00197967.,0,2,2
WBGene00197968.,0,0,0
WBGene00197969.,0,4,4
WBGene00197970.,0,3,3
WBGene00197971.,0,15,15
WBGene00197972.,0,0,0
WBGene00197973.,0,5,5
WBGene00197974.,0,0,0
WBGene00197975.,0,1,1
WBGene00197976.,0,8,8
WBGene00197977.,0,0,0
WBGene00197978.,0,1,1
WBGene00197979.,0,4,4
WBGene00197980.,0,0,0
WBGene00197981.,0,0,0
WBGene00197982.,0,0,0
WBGene00197983.,0,12,12
WBGene00197984.,0,2,2
WBGene00197985.,0,0,0
WBGene00197986.,0,0,0
WBGene00197987.,0,4,4
WBGene00197988.,0,0,0
WBGene00197989.,0,1,1
WBGene00197990.,0,0,0
WBGene00197991.,0,3,3
WBGene00197992.,0,2,2
WBGene00197993.,0,0,0
WBGene00197994.,0,0,0
WBGene00197995.,0,29,29
WBGene00197996.,0,0,0
WBGene00197997.,0,3,3
WBGene00197998.,0,0,0
WBGene00197999.,0,2,2
WBGene00198000.,0,5,5
WBGene00198001.,0,0,0
WBGene00198002.,0,0,0
WBGene00198003.,0,1,1
WBGene00198004.,0,2,2
WBGene00198005.,0,0,0
WBGene00198006.,0,0,0
WBGene00198007.,0,0,0
WBGene00198008.,0,13,13
WBGene00198009.,0,0,0
WBGene00198010.,0,1,1
WBGene00198011.,0,1,1
WBGene00198012.,0,0,0
WBGene00198013.,0,1,1
WBGene00198014.,0,6,6
WBGene00198015.,0,0,0
WBGene00198016.,0,0,0
WBGene00198017.,0,0,0
WBGene00198018.,0,1,1
WBGene00198019.,0,3,3
WBGene00198020.,0,1,1
WBGene00198021.,0,2,2
WBGene00198022.,0,1,1
WBGene00198023.,0,7,7
WBGene00198024.,0,0,0
WBGene00198025.,0,5,5
WBGene00198026.,0,1,1
WBGene00198027.,0,1,1
WBGene00198028.,0,0,0
WBGene00198029.,0,1,1
WBGene00198030.,0,0,0
WBGene00198031.,0,0,0
WBGene00198032.,0,0,0
WBGene00198033.,0,0,0
WBGene00198034.,0,0,0
WBGene00198035.,0,0,0
WBGene00198036.,0,3,3
WBGene00198037.,0,1,1
WBGene00198038.,0,0,0
WBGene00198039.,0,1,1
WBGene00198040.,0,0,0
WBGene00198041.,0,0,0
WBGene00198042.,0,3,3
WBGene00198043.,0,0,0
WBGene00198044.,0,0,0
WBGene00198045.,0,1,1
WBGene00198046.,0,0,0
WBGene00198047.,0,14,14
WBGene00198048.,0,2,2
WBGene00198049.,0,0,0
WBGene00198050.,0,0,0
WBGene00198051.,0,1,1
WBGene00198052.,0,0,0
WBGene00198053.,0,2,2
WBGene00198054.,0,0,0
WBGene00198055.,0,0,0
WBGene00198056.,0,1,1
WBGene00198057.,0,2,2
WBGene00198058.,0,1,1
WBGene00198059.,0,0,0
WBGene00198060.,0,1,1
WBGene00198061.,0,3,3
WBGene00198062.,0,3,3
WBGene00198063.,0,0,0
WBGene00198064.,0,0,0
WBGene00198065.,0,1,1
WBGene00198066.,0,0,0
WBGene00198067.,0,0,0
WBGene00198068.,0,2,2
WBGene00198069.,0,5,5
WBGene00198070.,0,1,1
WBGene00198071.,0,1,1
WBGene00198072.,0,0,0
WBGene00198073.,0,0,0
WBGene00198074.,0,0,0
WBGene00198075.,0,31,31
WBGene00198076.,0,0,0
WBGene00198077.,0,0,0
WBGene00198078.,0,0,0
WBGene00198079.,0,0,0
WBGene00198080.,0,1,1
WBGene00198081.,0,3,3
WBGene00198082.,0,0,0
WBGene00198083.,0,1,1
WBGene00198084.,0,0,0
WBGene00198085.,0,2,2
WBGene00198086.,0,0,0
WBGene00198087.,0,0,0
WBGene00198088.,0,7,7
WBGene00198089.,0,0,0
WBGene00198090.,0,2,2
WBGene00198091.,0,7,7
WBGene00198092.,0,3,3
WBGene00198093.,0,0,0
WBGene00198094.,0,4,4
WBGene00198095.,0,3,3
WBGene00198096.,0,3,3
WBGene00198097.,0,0,0
WBGene00198098.,0,0,0
WBGene00198099.,0,0,0
WBGene00198100.,0,2,2
WBGene00198101.,0,4,4
WBGene00198102.,0,0,0
WBGene00198103.,0,0,0
WBGene00198104.,0,7,7
WBGene00198105.,0,1,1
WBGene00198106.,0,0,0
WBGene00198107.,0,0,0
WBGene00198108.,0,2,2
WBGene00198109.,0,0,0
WBGene00198110.,0,0,0
WBGene00198111.,0,1,1
WBGene00198112.,0,1,1
WBGene00198113.,0,3,3
WBGene00198114.,0,1,1
WBGene00198115.,0,1,1
WBGene00198116.,0,1,1
WBGene00198117.,0,0,0
WBGene00198118.,0,1,1
WBGene00198119.,0,2,2
WBGene00198120.,0,0,0
WBGene00198121.,0,0,0
WBGene00198122.,0,12,12
WBGene00198123.,0,0,0
WBGene00198124.,0,16,16
WBGene00198125.,0,0,0
WBGene00198126.,0,2,2
WBGene00198127.,0,2,2
WBGene00198128.,0,0,0
WBGene00198129.,0,0,0
WBGene00198130.,0,0,0
WBGene00198131.,0,5,5
WBGene00198132.,0,0,0
WBGene00198133.,0,2,2
WBGene00198134.,0,1,1
WBGene00198135.,0,8,8
WBGene00198136.,0,1,1
WBGene00198137.,0,0,0
WBGene00198138.,0,16,16
WBGene00198139.,0,3,3
WBGene00198140.,0,0,0
WBGene00198141.,0,3,3
WBGene00198142.,0,35,35
WBGene00198143.,0,0,0
WBGene00198144.,0,0,0
WBGene00198145.,0,0,0
WBGene00198146.,0,0,0
WBGene00198147.,0,0,0
WBGene00198148.,0,0,0
WBGene00198149.,0,3,3
WBGene00198150.,0,0,0
WBGene00198151.,0,3,3
WBGene00198152.,0,2,2
WBGene00198153.,0,0,0
WBGene00198154.,0,0,0
WBGene00198155.,0,0,0
WBGene00198156.,0,0,0
WBGene00198157.,0,2,2
WBGene00198158.,0,1,1
WBGene00198159.,0,0,0
WBGene00198160.,0,1,1
WBGene00198161.,0,1,1
WBGene00198162.,0,5,5
WBGene00198163.,0,1,1
WBGene00198164.,0,0,0
WBGene00198165.,0,0,0
WBGene00198166.,0,1,1
WBGene00198167.,0,1,1
WBGene00198168.,0,1,1
WBGene00198169.,0,0,0
WBGene00198170.,0,0,0
WBGene00198171.,0,0,0
WBGene00198172.,0,0,0
WBGene00198173.,0,4,4
WBGene00198174.,0,45,45
WBGene00198175.,0,0,0
WBGene00198176.,0,0,0
WBGene00198177.,0,0,0
WBGene00198178.,0,0,0
WBGene00198179.,0,0,0
WBGene00198180.,0,3,3
WBGene00198181.,0,0,0
WBGene00198182.,0,8,8
WBGene00198183.,0,0,0
WBGene00198184.,0,3,3
WBGene00198185.,0,0,0
WBGene00198186.,0,1,1
WBGene00198187.,0,0,0
WBGene00198188.,0,1,1
WBGene00198189.,0,0,0
WBGene00198190.,0,0,0
WBGene00198191.,0,0,0
WBGene00198192.,0,0,0
WBGene00198193.,0,0,0
WBGene00198194.,0,0,0
WBGene00198195.,0,3,3
WBGene00198196.,0,0,0
WBGene00198197.,0,0,0
WBGene00198198.,0,1,1
WBGene00198199.,0,0,0
WBGene00198200.,0,0,0
WBGene00198201.,0,0,0
WBGene00198202.,0,0,0
WBGene00198203.,0,0,0
WBGene00198204.,0,0,0
WBGene00198205.,0,0,0
WBGene00198206.,0,1,1
WBGene00198207.,0,1,1
WBGene00198208.,0,0,0
WBGene00198209.,0,10,10
WBGene00198210.,0,2,2
WBGene00198211.,0,0,0
WBGene00198212.,0,4,4
WBGene00198213.,0,9,9
WBGene00198214.,0,6,6
WBGene00198215.,0,5,5
WBGene00198216.,0,1,1
WBGene00198217.,0,1,1
WBGene00198218.,0,2,2
WBGene00198219.,0,0,0
WBGene00198220.,0,0,0
WBGene00198221.,0,0,0
WBGene00198222.,0,0,0
WBGene00198223.,0,0,0
WBGene00198224.,0,0,0
WBGene00198225.,0,24,24
WBGene00198226.,0,3,3
WBGene00198227.,0,1,1
WBGene00198228.,0,6,6
WBGene00198229.,0,2,2
WBGene00198230.,0,0,0
WBGene00198231.,0,0,0
WBGene00198232.,0,1,1
WBGene00198233.,0,0,0
WBGene00198234.,0,6,6
WBGene00198235.,0,0,0
WBGene00198236.,0,0,0
WBGene00198237.,0,0,0
WBGene00198238.,0,0,0
WBGene00198239.,0,0,0
WBGene00198240.,0,0,0
WBGene00198241.,0,5,5
WBGene00198242.,0,28,28
WBGene00198243.,0,0,0
WBGene00198244.,0,12,12
WBGene00198245.,0,1,1
WBGene00198246.,0,1,1
WBGene00198247.,0,3,3
WBGene00198248.,0,0,0
WBGene00198249.,0,0,0
WBGene00198250.,0,0,0
WBGene00198251.,0,2,2
WBGene00198252.,0,0,0
WBGene00198253.,0,0,0
WBGene00198254.,0,0,0
WBGene00198255.,0,0,0
WBGene00198256.,0,7,7
WBGene00198257.,0,7,7
WBGene00198258.,0,9,9
WBGene00198259.,0,1,1
WBGene00198260.,0,1,1
WBGene00198261.,0,1,1
WBGene00198262.,0,19,19
WBGene00198263.,0,6,6
WBGene00198264.,0,0,0
WBGene00198265.,0,0,0
WBGene00198266.,0,0,0
WBGene00198267.,0,1,1
WBGene00198268.,0,3,3
WBGene00198269.,0,2,2
WBGene00198270.,0,3,3
WBGene00198271.,0,0,0
WBGene00198272.,0,0,0
WBGene00198273.,0,1,1
WBGene00198274.,0,0,0
WBGene00198275.,0,0,0
WBGene00198276.,0,0,0
WBGene00198277.,0,16,16
WBGene00198278.,0,7,7
WBGene00198279.,0,2,2
WBGene00198280.,0,4,4
WBGene00198281.,0,2,2
WBGene00198282.,0,0,0
WBGene00198283.,0,0,0
WBGene00198284.,0,0,0
WBGene00198285.,0,0,0
WBGene00198286.,0,0,0
WBGene00198287.,0,8,8
WBGene00198288.,0,0,0
WBGene00198289.,0,1,1
WBGene00198290.,0,4,4
WBGene00198291.,0,0,0
WBGene00198292.,0,10,10
WBGene00198293.,0,0,0
WBGene00198294.,0,0,0
WBGene00198295.,0,1,1
WBGene00198296.,0,0,0
WBGene00198297.,0,0,0
WBGene00198298.,0,1,1
WBGene00198299.,0,1,1
WBGene00198300.,0,70,70
WBGene00198301.,0,1,1
WBGene00198302.,0,0,0
WBGene00198303.,0,5,5
WBGene00198304.,0,1,1
WBGene00198305.,0,0,0
WBGene00198306.,0,0,0
WBGene00198307.,0,52,52
WBGene00198308.,0,2,2
WBGene00198309.,0,1,1
WBGene00198310.,0,3,3
WBGene00198311.,0,1,1
WBGene00198312.,0,1,1
WBGene00198313.,0,0,0
WBGene00198314.,0,1,1
WBGene00198315.,0,15,15
WBGene00198316.,0,5,5
WBGene00198317.,0,0,0
WBGene00198318.,0,0,0
WBGene00198319.,0,2,2
WBGene00198320.,0,15,15
WBGene00198321.,0,0,0
WBGene00198322.,0,0,0
WBGene00198323.,0,0,0
WBGene00198324.,0,4,4
WBGene00198325.,0,2,2
WBGene00198326.,0,10,10
WBGene00198327.,0,0,0
WBGene00198328.,0,0,0
WBGene00198329.,0,2,2
WBGene00198330.,0,0,0
WBGene00198331.,0,0,0
WBGene00198332.,0,2,2
WBGene00198333.,0,0,0
WBGene00198334.,0,1,1
WBGene00198335.,0,0,0
WBGene00198336.,0,0,0
WBGene00198337.,0,1,1
WBGene00198338.,0,0,0
WBGene00198339.,0,0,0
WBGene00198340.,0,1,1
WBGene00198341.,0,5,5
WBGene00198342.,0,0,0
WBGene00198343.,0,0,0
WBGene00198344.,0,1,1
WBGene00198345.,0,0,0
WBGene00198346.,0,0,0
WBGene00198347.,0,0,0
WBGene00198348.,0,3,3
WBGene00198349.,0,0,0
WBGene00198350.,0,1,1
WBGene00198351.,0,2,2
WBGene00198352.,0,0,0
WBGene00198353.,0,0,0
WBGene00198354.,0,4,4
WBGene00198355.,0,3,3
WBGene00198356.,0,0,0
WBGene00198357.,0,0,0
WBGene00198358.,0,0,0
WBGene00198359.,0,0,0
WBGene00198360.,0,0,0
WBGene00198361.,0,1,1
WBGene00198362.,0,2,2
WBGene00198363.,0,1,1
WBGene00198364.,0,0,0
WBGene00198365.,0,0,0
WBGene00198366.,0,5,5
WBGene00198367.,0,5,5
WBGene00198368.,0,45,45
WBGene00198369.,0,3,3
WBGene00198370.,0,3,3
WBGene00198371.,0,0,0
WBGene00198372.,0,2,2
WBGene00198373.,0,1,1
WBGene00198374.,0,0,0
WBGene00198375.,0,0,0
WBGene00198376.,0,0,0
WBGene00198377.,0,1,1
WBGene00198378.,0,0,0
WBGene00198379.,0,5,5
WBGene00198380.,0,0,0
WBGene00198381.,0,3,3
WBGene00198382.,0,0,0
WBGene00198383.,0,1,1
WBGene00198384.,0,0,0
WBGene00198385.,0,2,2
WBGene00198386.,0,8,8
WBGene00198387.,0,0,0
WBGene00198388.,0,0,0
WBGene00198389.,0,0,0
WBGene00198390.,0,0,0
WBGene00198391.,0,0,0
WBGene00198392.,0,0,0
WBGene00198393.,0,5,5
WBGene00198394.,0,9,9
WBGene00198395.,0,0,0
WBGene00198396.,0,1,1
WBGene00198397.,0,1,1
WBGene00198398.,0,0,0
WBGene00198399.,0,0,0
WBGene00198400.,0,0,0
WBGene00198401.,0,5,5
WBGene00198402.,0,0,0
WBGene00198403.,0,1,1
WBGene00198404.,0,3,3
WBGene00198405.,0,0,0
WBGene00198406.,0,5,5
WBGene00198407.,0,0,0
WBGene00198408.,0,0,0
WBGene00198409.,0,0,0
WBGene00198410.,0,0,0
WBGene00198411.,0,0,0
WBGene00198412.,0,0,0
WBGene00198413.,0,1,1
WBGene00198414.,0,6,6
WBGene00198415.,0,0,0
WBGene00198416.,0,0,0
WBGene00198417.,0,0,0
WBGene00198418.,0,0,0
WBGene00198419.,0,5,5
WBGene00198420.,0,0,0
WBGene00198421.,0,2,2
WBGene00198422.,0,0,0
WBGene00198423.,0,6,6
WBGene00198424.,0,0,0
WBGene00198425.,0,0,0
WBGene00198426.,0,53,53
WBGene00198427.,0,0,0
WBGene00198428.,0,2,2
WBGene00198429.,0,1,1
WBGene00198430.,0,0,0
WBGene00198431.,0,3,3
WBGene00198432.,0,0,0
WBGene00198433.,0,3,3
WBGene00198434.,0,0,0
WBGene00198435.,0,0,0
WBGene00198436.,0,0,0
WBGene00198437.,0,2,2
WBGene00198438.,0,1,1
WBGene00198439.,0,0,0
WBGene00198440.,0,1,1
WBGene00198441.,0,3,3
WBGene00198442.,0,0,0
WBGene00198443.,0,0,0
WBGene00198444.,0,1,1
WBGene00198445.,0,0,0
WBGene00198446.,0,0,0
WBGene00198447.,0,0,0
WBGene00198448.,0,0,0
WBGene00198449.,0,0,0
WBGene00198450.,0,3,3
WBGene00198451.,0,0,0
WBGene00198452.,0,0,0
WBGene00198453.,0,2,2
WBGene00198454.,0,0,0
WBGene00198455.,0,0,0
WBGene00198456.,0,4,4
WBGene00198457.,0,0,0
WBGene00198458.,0,0,0
WBGene00198459.,0,0,0
WBGene00198460.,0,0,0
WBGene00198461.,0,0,0
WBGene00198462.,0,0,0
WBGene00198463.,0,0,0
WBGene00198464.,0,0,0
WBGene00198465.,0,1,1
WBGene00198466.,0,37,37
WBGene00198467.,0,3,3
WBGene00198468.,0,0,0
WBGene00198469.,0,0,0
WBGene00198470.,0,0,0
WBGene00198471.,0,0,0
WBGene00198472.,0,5,5
WBGene00198473.,0,0,0
WBGene00198474.,0,2,2
WBGene00198475.,0,1,1
WBGene00198476.,0,3,3
WBGene00198477.,0,2,2
WBGene00198478.,0,1,1
WBGene00198479.,0,0,0
WBGene00198480.,0,0,0
WBGene00198481.,0,0,0
WBGene00198482.,0,1,1
WBGene00198483.,0,0,0
WBGene00198484.,0,0,0
WBGene00198485.,0,11,11
WBGene00198486.,0,0,0
WBGene00198487.,0,0,0
WBGene00198488.,0,2,2
WBGene00198489.,0,5,5
WBGene00198490.,0,0,0
WBGene00198491.,0,19,19
WBGene00198492.,0,1,1
WBGene00198493.,0,0,0
WBGene00198494.,0,0,0
WBGene00198495.,0,3,3
WBGene00198496.,0,0,0
WBGene00198497.,0,2,2
WBGene00198498.,0,0,0
WBGene00198499.,0,0,0
WBGene00198500.,0,0,0
WBGene00198501.,0,0,0
WBGene00198502.,0,0,0
WBGene00198503.,0,1,1
WBGene00198504.,0,3,3
WBGene00198505.,0,0,0
WBGene00198506.,0,4,4
WBGene00198507.,0,0,0
WBGene00198508.,0,0,0
WBGene00198509.,0,0,0
WBGene00198510.,0,0,0
WBGene00198511.,0,1,1
WBGene00198512.,0,3,3
WBGene00198513.,0,1,1
WBGene00198514.,0,0,0
WBGene00198515.,0,0,0
WBGene00198516.,0,0,0
WBGene00198517.,0,1,1
WBGene00198518.,0,0,0
WBGene00198519.,0,1,1
WBGene00198520.,0,0,0
WBGene00198521.,0,0,0
WBGene00198522.,0,1,1
WBGene00198523.,0,0,0
WBGene00198524.,0,0,0
WBGene00198525.,0,0,0
WBGene00198526.,0,1,1
WBGene00198527.,0,0,0
WBGene00198528.,0,0,0
WBGene00198529.,0,5,5
WBGene00198530.,0,18,18
WBGene00198531.,0,0,0
WBGene00198532.,0,0,0
WBGene00198533.,0,0,0
WBGene00198534.,0,2,2
WBGene00198535.,0,1,1
WBGene00198536.,0,5,5
WBGene00198537.,0,0,0
WBGene00198538.,0,0,0
WBGene00198539.,0,0,0
WBGene00198540.,0,2,2
WBGene00198541.,0,3,3
WBGene00198542.,0,2,2
WBGene00198543.,0,3,3
WBGene00198544.,0,0,0
WBGene00198545.,0,0,0
WBGene00198546.,0,0,0
WBGene00198547.,0,0,0
WBGene00198548.,0,0,0
WBGene00198549.,0,1,1
WBGene00198550.,0,2,2
WBGene00198551.,0,0,0
WBGene00198552.,0,1,1
WBGene00198553.,0,1,1
WBGene00198554.,0,1,1
WBGene00198555.,0,2,2
WBGene00198556.,0,0,0
WBGene00198557.,0,0,0
WBGene00198558.,0,13,13
WBGene00198559.,0,0,0
WBGene00198560.,0,0,0
WBGene00198561.,0,0,0
WBGene00198562.,0,0,0
WBGene00198563.,0,3,3
WBGene00198564.,0,2,2
WBGene00198565.,0,2,2
WBGene00198566.,0,0,0
WBGene00198567.,0,0,0
WBGene00198568.,0,7,7
WBGene00198569.,0,1,1
WBGene00198570.,0,0,0
WBGene00198571.,0,0,0
WBGene00198572.,0,0,0
WBGene00198573.,0,0,0
WBGene00198574.,0,0,0
WBGene00198575.,0,14,14
WBGene00198576.,0,9,9
WBGene00198577.,0,0,0
WBGene00198578.,0,0,0
WBGene00198579.,0,1,1
WBGene00198580.,0,0,0
WBGene00198581.,0,1,1
WBGene00198582.,0,0,0
WBGene00198583.,0,1,1
WBGene00198584.,0,0,0
WBGene00198585.,0,1,1
WBGene00198586.,0,10,10
WBGene00198587.,0,1,1
WBGene00198588.,0,1,1
WBGene00198589.,0,0,0
WBGene00198590.,0,0,0
WBGene00198591.,0,0,0
WBGene00198592.,0,0,0
WBGene00198593.,0,2,2
WBGene00198594.,0,0,0
WBGene00198595.,0,1,1
WBGene00198596.,0,1,1
WBGene00198597.,0,0,0
WBGene00198598.,0,10,10
WBGene00198599.,0,12,12
WBGene00198600.,0,0,0
WBGene00198601.,0,3,3
WBGene00198602.,0,2,2
WBGene00198603.,0,0,0
WBGene00198604.,0,0,0
WBGene00198605.,0,0,0
WBGene00198606.,0,0,0
WBGene00198607.,0,1,1
WBGene00198608.,0,7,7
WBGene00198609.,0,0,0
WBGene00198610.,0,0,0
WBGene00198611.,0,0,0
WBGene00198612.,0,0,0
WBGene00198613.,0,0,0
WBGene00198614.,0,1,1
WBGene00198615.,0,1,1
WBGene00198616.,0,0,0
WBGene00198617.,0,0,0
WBGene00198618.,0,2,2
WBGene00198619.,0,0,0
WBGene00198620.,0,0,0
WBGene00198621.,0,12,12
WBGene00198622.,0,0,0
WBGene00198623.,0,0,0
WBGene00198624.,0,0,0
WBGene00198625.,0,0,0
WBGene00198626.,0,0,0
WBGene00198627.,0,0,0
WBGene00198628.,0,0,0
WBGene00198629.,0,0,0
WBGene00198630.,0,1,1
WBGene00198631.,0,0,0
WBGene00198632.,0,1,1
WBGene00198633.,0,8,8
WBGene00198634.,0,26,26
WBGene00198635.,0,0,0
WBGene00198636.,0,1,1
WBGene00198637.,0,1,1
WBGene00198638.,0,0,0
WBGene00198639.,0,1,1
WBGene00198640.,0,1,1
WBGene00198641.,0,22,22
WBGene00198642.,0,76,76
WBGene00198643.,0,3,3
WBGene00198644.,0,0,0
WBGene00198645.,0,3,3
WBGene00198646.,0,2,2
WBGene00198647.,0,0,0
WBGene00198648.,0,0,0
WBGene00198649.,0,3,3
WBGene00198650.,0,1,1
WBGene00198651.,0,0,0
WBGene00198652.,0,0,0
WBGene00198653.,0,0,0
WBGene00198654.,0,0,0
WBGene00198655.,0,0,0
WBGene00198656.,0,0,0
WBGene00198657.,0,0,0
WBGene00198658.,0,3,3
WBGene00198659.,0,0,0
WBGene00198660.,0,0,0
WBGene00198661.,0,0,0
WBGene00198662.,0,4,4
WBGene00198663.,0,1,1
WBGene00198664.,0,5,5
WBGene00198665.,0,0,0
WBGene00198666.,0,0,0
WBGene00198667.,0,0,0
WBGene00198668.,0,7,7
WBGene00198669.,0,0,0
WBGene00198670.,0,0,0
WBGene00198671.,0,3,3
WBGene00198672.,0,1,1
WBGene00198673.,0,0,0
WBGene00198674.,0,0,0
WBGene00198675.,0,0,0
WBGene00198676.,0,0,0
WBGene00198677.,0,0,0
WBGene00198678.,0,0,0
WBGene00198679.,0,7,7
WBGene00198680.,0,0,0
WBGene00198681.,0,2,2
WBGene00198682.,0,1,1
WBGene00198683.,0,2,2
WBGene00198684.,0,0,0
WBGene00198685.,0,0,0
WBGene00198686.,0,10,10
WBGene00198687.,0,0,0
WBGene00198688.,0,10,10
WBGene00198689.,0,1,1
WBGene00198690.,0,2,2
WBGene00198691.,0,0,0
WBGene00198692.,0,8,8
WBGene00198693.,0,0,0
WBGene00198694.,0,0,0
WBGene00198695.,0,0,0
WBGene00198696.,0,2,2
WBGene00198697.,0,6,6
WBGene00198698.,0,0,0
WBGene00198699.,0,3,3
WBGene00198700.,0,0,0
WBGene00198701.,0,0,0
WBGene00198702.,0,0,0
WBGene00198703.,0,0,0
WBGene00198704.,0,3,3
WBGene00198705.,0,0,0
WBGene00198706.,0,1,1
WBGene00198707.,0,0,0
WBGene00198708.,0,0,0
WBGene00198709.,0,7,7
WBGene00198710.,0,0,0
WBGene00198711.,0,0,0
WBGene00198712.,0,0,0
WBGene00198713.,0,2,2
WBGene00198714.,0,2,2
WBGene00198715.,0,0,0
WBGene00198716.,0,0,0
WBGene00198717.,0,0,0
WBGene00198718.,0,2,2
WBGene00198719.,0,0,0
WBGene00198720.,0,0,0
WBGene00198721.,0,0,0
WBGene00198722.,0,2,2
WBGene00198723.,0,0,0
WBGene00198724.,0,0,0
WBGene00198725.,0,1,1
WBGene00198726.,0,0,0
WBGene00198727.,0,0,0
WBGene00198728.,0,1,1
WBGene00198729.,0,0,0
WBGene00198730.,0,0,0
WBGene00198731.,0,5,5
WBGene00198732.,0,0,0
WBGene00198733.,0,1,1
WBGene00198734.,0,0,0
WBGene00198735.,0,0,0
WBGene00198736.,0,0,0
WBGene00198737.,0,0,0
WBGene00198738.,0,0,0
WBGene00198739.,0,1,1
WBGene00198740.,0,2,2
WBGene00198741.,0,0,0
WBGene00198742.,0,1,1
WBGene00198743.,0,1,1
WBGene00198744.,0,3,3
WBGene00198745.,0,0,0
WBGene00198746.,0,7,7
WBGene00198747.,0,2,2
WBGene00198748.,0,0,0
WBGene00198749.,0,0,0
WBGene00198750.,0,0,0
WBGene00198751.,0,0,0
WBGene00198752.,0,0,0
WBGene00198753.,0,0,0
WBGene00198754.,0,0,0
WBGene00198755.,0,0,0
WBGene00198756.,0,3,3
WBGene00198757.,0,0,0
WBGene00198758.,0,0,0
WBGene00198759.,0,1,1
WBGene00198760.,0,0,0
WBGene00198761.,0,0,0
WBGene00198762.,0,0,0
WBGene00198763.,0,0,0
WBGene00198764.,0,2,2
WBGene00198765.,0,0,0
WBGene00198766.,0,0,0
WBGene00198767.,0,2,2
WBGene00198768.,0,1,1
WBGene00198769.,0,0,0
WBGene00198770.,0,0,0
WBGene00198771.,0,3,3
WBGene00198772.,0,0,0
WBGene00198773.,0,0,0
WBGene00198774.,0,4,4
WBGene00198775.,0,0,0
WBGene00198776.,0,0,0
WBGene00198777.,0,3,3
WBGene00198778.,0,0,0
WBGene00198779.,0,0,0
WBGene00198780.,0,0,0
WBGene00198781.,0,0,0
WBGene00198782.,0,1,1
WBGene00198783.,0,0,0
WBGene00198784.,0,0,0
WBGene00198785.,0,0,0
WBGene00198786.,0,0,0
WBGene00198787.,0,0,0
WBGene00198788.,0,0,0
WBGene00198789.,0,1,1
WBGene00198790.,0,0,0
WBGene00198791.,0,0,0
WBGene00198792.,0,1,1
WBGene00198793.,0,0,0
WBGene00198794.,0,0,0
WBGene00198795.,0,1,1
WBGene00198796.,0,0,0
WBGene00198797.,0,0,0
WBGene00198798.,0,2,2
WBGene00198799.,0,0,0
WBGene00198800.,0,0,0
WBGene00198801.,0,2,2
WBGene00198802.,0,1,1
WBGene00198803.,0,1,1
WBGene00198804.,0,58,58
WBGene00198805.,0,0,0
WBGene00198806.,0,0,0
WBGene00198807.,0,2,2
WBGene00198808.,0,0,0
WBGene00198809.,0,2,2
WBGene00198810.,0,9,9
WBGene00198811.,0,0,0
WBGene00198812.,0,0,0
WBGene00198813.,0,0,0
WBGene00198814.,0,55923,55923
WBGene00198815.,0,0,0
WBGene00198816.,0,0,0
WBGene00198817.,0,0,0
WBGene00198818.,0,2,2
WBGene00198819.,0,1,1
WBGene00198820.,0,0,0
WBGene00198821.,0,0,0
WBGene00198822.,0,1,1
WBGene00198823.,0,0,0
WBGene00198824.,0,0,0
WBGene00198825.,0,0,0
WBGene00198826.,0,3,3
WBGene00198827.,0,22,22
WBGene00198828.,0,0,0
WBGene00198829.,0,0,0
WBGene00198830.,0,6,6
WBGene00198831.,0,6,6
WBGene00198832.,0,0,0
WBGene00198833.,0,2,2
WBGene00198834.,0,0,0
WBGene00198835.,0,1,1
WBGene00198836.,0,0,0
WBGene00198837.,0,1,1
WBGene00198838.,0,0,0
WBGene00198839.,0,0,0
WBGene00198840.,0,6,6
WBGene00198841.,0,7,7
WBGene00198842.,0,0,0
WBGene00198843.,0,0,0
WBGene00198844.,0,1,1
WBGene00198845.,0,0,0
WBGene00198846.,0,0,0
WBGene00198847.,0,0,0
WBGene00198848.,0,0,0
WBGene00198849.,0,2,2
WBGene00198850.,0,0,0
WBGene00198851.,0,0,0
WBGene00198852.,0,19,19
WBGene00198853.,0,0,0
WBGene00198854.,0,1,1
WBGene00198855.,0,1,1
WBGene00198856.,0,13,13
WBGene00198857.,0,0,0
WBGene00198858.,0,6,6
WBGene00198859.,0,1,1
WBGene00198860.,0,0,0
WBGene00198861.,0,0,0
WBGene00198862.,0,0,0
WBGene00198863.,0,0,0
WBGene00198864.,0,2,2
WBGene00198865.,0,0,0
WBGene00198866.,0,0,0
WBGene00198867.,0,1,1
WBGene00198868.,0,0,0
WBGene00198869.,0,0,0
WBGene00198870.,0,1,1
WBGene00198871.,0,0,0
WBGene00198872.,0,0,0
WBGene00198873.,0,4,4
WBGene00198874.,0,0,0
WBGene00198875.,0,0,0
WBGene00198876.,0,0,0
WBGene00198877.,0,0,0
WBGene00198878.,0,1,1
WBGene00198879.,0,0,0
WBGene00198880.,0,4,4
WBGene00198881.,0,0,0
WBGene00198882.,0,4,4
WBGene00198883.,0,0,0
WBGene00198884.,0,0,0
WBGene00198885.,0,10,10
WBGene00198886.,0,0,0
WBGene00198887.,0,9,9
WBGene00198888.,0,1,1
WBGene00198889.,0,0,0
WBGene00198890.,0,5,5
WBGene00198891.,0,0,0
WBGene00198892.,0,0,0
WBGene00198893.,0,0,0
WBGene00198894.,0,0,0
WBGene00198895.,0,2,2
WBGene00198896.,0,1,1
WBGene00198897.,0,0,0
WBGene00198898.,0,4,4
WBGene00198899.,0,0,0
WBGene00198900.,0,1,1
WBGene00198901.,0,1,1
WBGene00198902.,0,0,0
WBGene00198903.,0,0,0
WBGene00198904.,0,1,1
WBGene00198905.,0,16,16
WBGene00198906.,0,0,0
WBGene00198907.,0,1,1
WBGene00198908.,0,0,0
WBGene00198909.,0,0,0
WBGene00198910.,0,0,0
WBGene00198911.,0,1,1
WBGene00198912.,0,0,0
WBGene00198913.,0,0,0
WBGene00198914.,0,1,1
WBGene00198915.,0,0,0
WBGene00198916.,0,6,6
WBGene00198917.,0,1,1
WBGene00198918.,0,1,1
WBGene00198919.,0,0,0
WBGene00198920.,0,0,0
WBGene00198921.,0,0,0
WBGene00198922.,0,0,0
WBGene00198923.,0,0,0
WBGene00198924.,0,0,0
WBGene00198925.,0,0,0
WBGene00198926.,0,1,1
WBGene00198927.,0,7,7
WBGene00198928.,0,0,0
WBGene00198929.,0,21,21
WBGene00198930.,0,1,1
WBGene00198931.,0,0,0
WBGene00198932.,0,0,0
WBGene00198933.,0,1,1
WBGene00198934.,0,1,1
WBGene00198935.,0,6,6
WBGene00198936.,0,0,0
WBGene00198937.,0,0,0
WBGene00198938.,0,1,1
WBGene00198939.,0,0,0
WBGene00198940.,0,4,4
WBGene00198941.,0,1,1
WBGene00198942.,0,1,1
WBGene00198943.,0,0,0
WBGene00198944.,0,2,2
WBGene00198945.,0,2,2
WBGene00198946.,0,1,1
WBGene00198947.,0,0,0
WBGene00198948.,0,0,0
WBGene00198949.,0,0,0
WBGene00198950.,0,3,3
WBGene00198951.,0,1,1
WBGene00198952.,0,0,0
WBGene00198953.,0,2,2
WBGene00198954.,0,3,3
WBGene00198955.,0,11,11
WBGene00198956.,0,2,2
WBGene00198957.,0,0,0
WBGene00198958.,0,0,0
WBGene00198959.,0,17,17
WBGene00198960.,0,0,0
WBGene00198961.,0,0,0
WBGene00198962.,0,3,3
WBGene00198963.,0,0,0
WBGene00198964.,0,29,29
WBGene00198965.,0,4,4
WBGene00198966.,0,0,0
WBGene00198967.,0,0,0
WBGene00198968.,0,0,0
WBGene00198969.,0,0,0
WBGene00198970.,0,0,0
WBGene00198971.,0,0,0
WBGene00198972.,0,2,2
WBGene00198973.,0,10,10
WBGene00198974.,0,0,0
WBGene00198975.,0,32,32
WBGene00198976.,0,2,2
WBGene00198977.,0,0,0
WBGene00198978.,0,1,1
WBGene00198979.,0,0,0
WBGene00198980.,0,2,2
WBGene00198981.,0,0,0
WBGene00198982.,0,0,0
WBGene00198983.,0,0,0
WBGene00198984.,0,1,1
WBGene00198985.,0,0,0
WBGene00198986.,0,2,2
WBGene00198987.,0,0,0
WBGene00198988.,0,0,0
WBGene00198989.,0,12,12
WBGene00198990.,0,0,0
WBGene00198991.,0,3,3
WBGene00198992.,0,0,0
WBGene00198993.,0,0,0
WBGene00198994.,0,0,0
WBGene00198995.,0,2,2
WBGene00198996.,0,0,0
WBGene00198997.,0,1,1
WBGene00198998.,0,0,0
WBGene00198999.,0,0,0
WBGene00199000.,0,0,0
WBGene00199001.,0,0,0
WBGene00199002.,0,1,1
WBGene00199003.,0,0,0
WBGene00199004.,0,0,0
WBGene00199005.,0,4,4
WBGene00199006.,0,0,0
WBGene00199007.,0,0,0
WBGene00199008.,0,0,0
WBGene00199009.,0,2,2
WBGene00199010.,0,1,1
WBGene00199011.,0,1,1
WBGene00199012.,0,4,4
WBGene00199013.,0,0,0
WBGene00199014.,0,1,1
WBGene00199015.,0,9,9
WBGene00199016.,0,43,43
WBGene00199017.,0,0,0
WBGene00199018.,0,0,0
WBGene00199019.,0,0,0
WBGene00199020.,0,1,1
WBGene00199021.,0,0,0
WBGene00199022.,0,10,10
WBGene00199023.,0,0,0
WBGene00199024.,0,5,5
WBGene00199025.,0,0,0
WBGene00199026.,0,0,0
WBGene00199027.,0,0,0
WBGene00199028.,0,0,0
WBGene00199029.,0,0,0
WBGene00199030.,0,0,0
WBGene00199031.,0,5,5
WBGene00199032.,0,0,0
WBGene00199033.,0,0,0
WBGene00199034.,0,2,2
WBGene00199035.,0,1,1
WBGene00199036.,0,6,6
WBGene00199037.,0,1,1
WBGene00199038.,0,0,0
WBGene00199039.,0,1,1
WBGene00199040.,0,4,4
WBGene00199041.,0,2,2
WBGene00199042.,0,0,0
WBGene00199043.,0,3,3
WBGene00199044.,0,0,0
WBGene00199045.,0,0,0
WBGene00199046.,0,0,0
WBGene00199047.,0,1,1
WBGene00199048.,0,2,2
WBGene00199049.,0,0,0
WBGene00199050.,0,0,0
WBGene00199051.,0,194,194
WBGene00199052.,0,0,0
WBGene00199053.,0,6,6
WBGene00199054.,0,0,0
WBGene00199055.,0,0,0
WBGene00199056.,0,0,0
WBGene00199057.,0,2,2
WBGene00199058.,0,0,0
WBGene00199059.,0,0,0
WBGene00199060.,0,2,2
WBGene00199061.,0,0,0
WBGene00199062.,0,0,0
WBGene00199063.,0,4,4
WBGene00199064.,0,0,0
WBGene00199065.,0,0,0
WBGene00199066.,0,0,0
WBGene00199067.,0,0,0
WBGene00199068.,0,0,0
WBGene00199069.,0,0,0
WBGene00199070.,0,0,0
WBGene00199071.,0,0,0
WBGene00199072.,0,0,0
WBGene00199073.,0,0,0
WBGene00199074.,0,0,0
WBGene00199075.,0,0,0
WBGene00199076.,0,0,0
WBGene00199077.,0,12,12
WBGene00199078.,0,0,0
WBGene00199079.,0,0,0
WBGene00199080.,0,2,2
WBGene00199081.,0,0,0
WBGene00199082.,0,0,0
WBGene00199083.,0,4,4
WBGene00199084.,0,0,0
WBGene00199085.,0,0,0
WBGene00199086.,0,5,5
WBGene00199087.,0,10,10
WBGene00199088.,0,2,2
WBGene00199089.,0,1,1
WBGene00199090.,0,0,0
WBGene00199091.,0,6,6
WBGene00199092.,0,0,0
WBGene00199093.,0,14,14
WBGene00199094.,0,0,0
WBGene00199095.,0,1,1
WBGene00199096.,0,1,1
WBGene00199097.,0,0,0
WBGene00199098.,0,0,0
WBGene00199099.,0,0,0
WBGene00199100.,0,0,0
WBGene00199101.,0,4,4
WBGene00199102.,0,8,8
WBGene00199103.,0,0,0
WBGene00199104.,0,2,2
WBGene00199105.,0,0,0
WBGene00199106.,0,5,5
WBGene00199107.,0,0,0
WBGene00199108.,0,1,1
WBGene00199109.,0,0,0
WBGene00199110.,0,4,4
WBGene00199111.,0,0,0
WBGene00199112.,0,12,12
WBGene00199113.,0,0,0
WBGene00199114.,0,21,21
WBGene00199115.,0,18,18
WBGene00199116.,0,2,2
WBGene00199117.,0,1,1
WBGene00199118.,0,0,0
WBGene00199119.,0,0,0
WBGene00199120.,0,0,0
WBGene00199121.,0,3,3
WBGene00199122.,0,0,0
WBGene00199123.,0,1,1
WBGene00199124.,0,0,0
WBGene00199125.,0,1,1
WBGene00199126.,0,4,4
WBGene00199127.,0,1,1
WBGene00199128.,0,3,3
WBGene00199129.,0,1,1
WBGene00199130.,0,0,0
WBGene00199131.,0,0,0
WBGene00199132.,0,23,23
WBGene00199133.,0,0,0
WBGene00199134.,0,0,0
WBGene00199135.,0,3,3
WBGene00199136.,0,1,1
WBGene00199137.,0,0,0
WBGene00199138.,0,0,0
WBGene00199139.,0,0,0
WBGene00199140.,0,0,0
WBGene00199141.,0,11,11
WBGene00199142.,0,0,0
WBGene00199143.,0,1,1
WBGene00199144.,0,0,0
WBGene00199145.,0,0,0
WBGene00199146.,0,1,1
WBGene00199147.,0,0,0
WBGene00199148.,0,0,0
WBGene00199149.,0,2,2
WBGene00199150.,0,3,3
WBGene00199151.,0,0,0
WBGene00199152.,0,0,0
WBGene00199153.,0,0,0
WBGene00199154.,0,1,1
WBGene00199155.,0,1,1
WBGene00199156.,0,1,1
WBGene00199157.,0,0,0
WBGene00199158.,0,4,4
WBGene00199159.,0,0,0
WBGene00199160.,0,1,1
WBGene00199161.,0,1,1
WBGene00199162.,0,0,0
WBGene00199163.,0,0,0
WBGene00199164.,0,0,0
WBGene00199165.,0,0,0
WBGene00199166.,0,57,57
WBGene00199167.,0,0,0
WBGene00199168.,0,0,0
WBGene00199169.,0,0,0
WBGene00199170.,0,0,0
WBGene00199171.,0,0,0
WBGene00199172.,0,0,0
WBGene00199173.,0,3,3
WBGene00199174.,0,0,0
WBGene00199175.,0,0,0
WBGene00199176.,0,0,0
WBGene00199177.,0,67,67
WBGene00199178.,0,0,0
WBGene00199179.,0,0,0
WBGene00199180.,0,2,2
WBGene00199181.,0,2,2
WBGene00199182.,0,0,0
WBGene00199183.,0,0,0
WBGene00199184.,0,3,3
WBGene00199185.,0,1,1
WBGene00199186.,0,1,1
WBGene00199187.,0,0,0
WBGene00199188.,0,0,0
WBGene00199189.,0,0,0
WBGene00199190.,0,1,1
WBGene00199191.,0,3,3
WBGene00199192.,0,0,0
WBGene00199193.,0,0,0
WBGene00199194.,0,0,0
WBGene00199195.,0,0,0
WBGene00199196.,0,0,0
WBGene00199197.,0,1,1
WBGene00199198.,0,0,0
WBGene00199199.,0,0,0
WBGene00199200.,0,0,0
WBGene00199201.,0,1,1
WBGene00199202.,0,0,0
WBGene00199203.,0,0,0
WBGene00199204.,0,0,0
WBGene00199205.,0,2,2
WBGene00199206.,0,13,13
WBGene00199207.,0,0,0
WBGene00199208.,0,1,1
WBGene00199209.,0,6,6
WBGene00199210.,0,0,0
WBGene00199211.,0,7,7
WBGene00199212.,0,1,1
WBGene00199213.,0,1,1
WBGene00199214.,0,0,0
WBGene00199215.,0,0,0
WBGene00199216.,0,0,0
WBGene00199217.,0,1,1
WBGene00199218.,0,3,3
WBGene00199219.,0,4,4
WBGene00199220.,0,2,2
WBGene00199221.,0,0,0
WBGene00199222.,0,4,4
WBGene00199223.,0,0,0
WBGene00199224.,0,0,0
WBGene00199225.,0,7,7
WBGene00199226.,0,0,0
WBGene00199227.,0,1,1
WBGene00199228.,0,0,0
WBGene00199229.,0,10,10
WBGene00199230.,0,0,0
WBGene00199231.,0,1,1
WBGene00199232.,0,0,0
WBGene00199233.,0,5,5
WBGene00199234.,0,0,0
WBGene00199235.,0,1,1
WBGene00199236.,0,4,4
WBGene00199237.,0,0,0
WBGene00199238.,0,3,3
WBGene00199239.,0,1,1
WBGene00199240.,0,2,2
WBGene00199241.,0,4,4
WBGene00199242.,0,9,9
WBGene00199243.,0,0,0
WBGene00199244.,0,0,0
WBGene00199245.,0,2,2
WBGene00199246.,0,4,4
WBGene00199247.,0,16,16
WBGene00199248.,0,1,1
WBGene00199249.,0,0,0
WBGene00199250.,0,0,0
WBGene00199251.,0,4,4
WBGene00199252.,0,10,10
WBGene00199253.,0,2,2
WBGene00199254.,0,0,0
WBGene00199255.,0,4,4
WBGene00199256.,0,3,3
WBGene00199257.,0,0,0
WBGene00199258.,0,0,0
WBGene00199259.,0,2,2
WBGene00199260.,0,1,1
WBGene00199261.,0,1,1
WBGene00199262.,0,4,4
WBGene00199263.,0,0,0
WBGene00199264.,0,0,0
WBGene00199265.,0,7,7
WBGene00199266.,0,0,0
WBGene00199267.,0,1,1
WBGene00199268.,0,1,1
WBGene00199269.,0,0,0
WBGene00199270.,0,3,3
WBGene00199271.,0,1,1
WBGene00199272.,0,2,2
WBGene00199273.,0,0,0
WBGene00199274.,0,15,15
WBGene00199275.,0,0,0
WBGene00199276.,0,2,2
WBGene00199277.,0,1,1
WBGene00199278.,0,17,17
WBGene00199279.,0,0,0
WBGene00199280.,0,0,0
WBGene00199281.,0,0,0
WBGene00199282.,0,0,0
WBGene00199283.,0,0,0
WBGene00199284.,0,0,0
WBGene00199285.,0,4,4
WBGene00199286.,0,0,0
WBGene00199287.,0,0,0
WBGene00199288.,0,0,0
WBGene00199289.,0,0,0
WBGene00199290.,0,0,0
WBGene00199291.,0,3,3
WBGene00199292.,0,2,2
WBGene00199293.,0,1,1
WBGene00199294.,0,0,0
WBGene00199295.,0,3,3
WBGene00199296.,0,1,1
WBGene00199297.,0,0,0
WBGene00199298.,0,0,0
WBGene00199299.,0,0,0
WBGene00199300.,0,0,0
WBGene00199301.,0,1,1
WBGene00199302.,0,0,0
WBGene00199303.,0,0,0
WBGene00199304.,0,8,8
WBGene00199305.,27,1,28
WBGene00199306.,0,4,4
WBGene00199307.,0,0,0
WBGene00199308.,0,0,0
WBGene00199309.,0,0,0
WBGene00199310.,0,12,12
WBGene00199311.,0,1,1
WBGene00199312.,0,5,5
WBGene00199313.,0,4,4
WBGene00199314.,0,1,1
WBGene00199315.,0,10,10
WBGene00199316.,0,0,0
WBGene00199317.,0,0,0
WBGene00199318.,0,10,10
WBGene00199319.,0,2,2
WBGene00199320.,0,1,1
WBGene00199321.,0,5,5
WBGene00199322.,0,0,0
WBGene00199323.,0,0,0
WBGene00199324.,0,2,2
WBGene00199325.,0,0,0
WBGene00199326.,0,0,0
WBGene00199327.,0,2,2
WBGene00199328.,0,1,1
WBGene00199329.,0,0,0
WBGene00199330.,0,0,0
WBGene00199331.,0,0,0
WBGene00199332.,0,0,0
WBGene00199333.,0,0,0
WBGene00199334.,0,2,2
WBGene00199335.,0,0,0
WBGene00199336.,0,8,8
WBGene00199337.,0,1,1
WBGene00199338.,0,0,0
WBGene00199339.,0,261,261
WBGene00199340.,0,0,0
WBGene00199341.,0,0,0
WBGene00199342.,0,0,0
WBGene00199343.,0,1,1
WBGene00199344.,0,0,0
WBGene00199345.,0,2,2
WBGene00199346.,0,0,0
WBGene00199347.,0,0,0
WBGene00199348.,0,4,4
WBGene00199349.,0,0,0
WBGene00199350.,0,3,3
WBGene00199351.,0,0,0
WBGene00199352.,0,0,0
WBGene00199353.,0,32,32
WBGene00199354.,0,1,1
WBGene00199355.,0,1,1
WBGene00199356.,0,3,3
WBGene00199357.,0,0,0
WBGene00199358.,0,0,0
WBGene00199359.,0,13,13
WBGene00199360.,0,4,4
WBGene00199361.,0,3,3
WBGene00199362.,0,3,3
WBGene00199363.,0,21,21
WBGene00199364.,0,4,4
WBGene00199365.,0,1,1
WBGene00199366.,0,0,0
WBGene00199367.,0,0,0
WBGene00199368.,0,10,10
WBGene00199369.,0,0,0
WBGene00199370.,0,4,4
WBGene00199371.,0,0,0
WBGene00199372.,0,3,3
WBGene00199373.,0,0,0
WBGene00199374.,0,15,15
WBGene00199375.,0,0,0
WBGene00199376.,0,0,0
WBGene00199377.,0,0,0
WBGene00199378.,0,0,0
WBGene00199379.,0,0,0
WBGene00199380.,0,1,1
WBGene00199381.,0,0,0
WBGene00199382.,0,3,3
WBGene00199383.,0,0,0
WBGene00199384.,0,0,0
WBGene00199385.,0,0,0
WBGene00199386.,0,2,2
WBGene00199387.,0,0,0
WBGene00199388.,0,0,0
WBGene00199389.,0,0,0
WBGene00199390.,0,0,0
WBGene00199391.,0,1,1
WBGene00199392.,0,1,1
WBGene00199393.,0,1,1
WBGene00199394.,0,0,0
WBGene00199395.,0,6,6
WBGene00199396.,0,5,5
WBGene00199397.,0,0,0
WBGene00199398.,0,6,6
WBGene00199399.,0,0,0
WBGene00199400.,0,1,1
WBGene00199401.,0,11,11
WBGene00199402.,0,0,0
WBGene00199403.,0,0,0
WBGene00199404.,0,25,25
WBGene00199405.,0,0,0
WBGene00199406.,0,0,0
WBGene00199407.,0,0,0
WBGene00199408.,0,0,0
WBGene00199409.,0,0,0
WBGene00199410.,0,47,47
WBGene00199411.,0,0,0
WBGene00199412.,0,0,0
WBGene00199413.,0,1,1
WBGene00199414.,0,0,0
WBGene00199415.,0,2,2
WBGene00199416.,0,2,2
WBGene00199417.,0,0,0
WBGene00199418.,0,0,0
WBGene00199419.,0,1,1
WBGene00199420.,0,1,1
WBGene00199421.,0,20,20
WBGene00199422.,0,1,1
WBGene00199423.,0,0,0
WBGene00199424.,0,0,0
WBGene00199425.,0,0,0
WBGene00199426.,0,0,0
WBGene00199427.,0,0,0
WBGene00199428.,0,0,0
WBGene00199429.,0,0,0
WBGene00199430.,0,0,0
WBGene00199431.,0,0,0
WBGene00199432.,0,0,0
WBGene00199433.,0,0,0
WBGene00199434.,0,19,19
WBGene00199435.,0,0,0
WBGene00199436.,0,2,2
WBGene00199437.,0,1,1
WBGene00199438.,0,0,0
WBGene00199439.,0,0,0
WBGene00199440.,0,2,2
WBGene00199441.,0,7,7
WBGene00199442.,0,3,3
WBGene00199443.,0,0,0
WBGene00199444.,0,0,0
WBGene00199445.,0,2,2
WBGene00199446.,0,1,1
WBGene00199447.,0,0,0
WBGene00199448.,0,0,0
WBGene00199449.,0,0,0
WBGene00199450.,0,8,8
WBGene00199451.,0,13,13
WBGene00199452.,0,0,0
WBGene00199453.,0,0,0
WBGene00199454.,0,0,0
WBGene00199455.,0,0,0
WBGene00199456.,0,3,3
WBGene00199457.,0,0,0
WBGene00199458.,0,7,7
WBGene00199459.,0,0,0
WBGene00199460.,0,2,2
WBGene00199461.,0,0,0
WBGene00199462.,0,5,5
WBGene00199463.,0,13,13
WBGene00199464.,0,0,0
WBGene00199465.,0,2,2
WBGene00199466.,0,5,5
WBGene00199467.,0,0,0
WBGene00199468.,0,1,1
WBGene00199469.,0,3,3
WBGene00199470.,0,0,0
WBGene00199471.,0,0,0
WBGene00199472.,0,5,5
WBGene00199473.,0,1,1
WBGene00199474.,0,1,1
WBGene00199475.,0,8,8
WBGene00199476.,0,2,2
WBGene00199477.,0,9,9
WBGene00199478.,0,1,1
WBGene00199479.,0,1,1
WBGene00199480.,0,5,5
WBGene00199481.,0,0,0
WBGene00199482.,0,0,0
WBGene00199483.,0,2,2
WBGene00199484.,0,0,0
WBGene00199485.,0,32,32
WBGene00199486.,0,4,4
WBGene00199487.,0,0,0
WBGene00199488.,0,1,1
WBGene00199489.,0,3,3
WBGene00199490.,0,0,0
WBGene00199491.,0,0,0
WBGene00199492.,0,0,0
WBGene00199493.,0,1,1
WBGene00199494.,0,3,3
WBGene00199495.,0,1,1
WBGene00199496.,0,0,0
WBGene00199497.,0,0,0
WBGene00199498.,0,1,1
WBGene00199499.,0,2,2
WBGene00199500.,0,1,1
WBGene00199501.,0,1,1
WBGene00199502.,0,0,0
WBGene00199503.,0,0,0
WBGene00199504.,0,0,0
WBGene00199505.,0,2,2
WBGene00199506.,0,15,15
WBGene00199507.,0,0,0
WBGene00199508.,0,1,1
WBGene00199509.,0,0,0
WBGene00199510.,0,0,0
WBGene00199511.,0,0,0
WBGene00199512.,0,4,4
WBGene00199513.,0,57,57
WBGene00199514.,0,4,4
WBGene00199515.,0,5,5
WBGene00199516.,0,1,1
WBGene00199517.,0,0,0
WBGene00199518.,0,1,1
WBGene00199519.,0,0,0
WBGene00199520.,0,0,0
WBGene00199521.,0,0,0
WBGene00199522.,0,5,5
WBGene00199523.,0,18,18
WBGene00199524.,0,10,10
WBGene00199525.,0,1,1
WBGene00199526.,0,0,0
WBGene00199527.,0,0,0
WBGene00199528.,0,2,2
WBGene00199529.,0,0,0
WBGene00199530.,0,0,0
WBGene00199531.,0,0,0
WBGene00199532.,0,0,0
WBGene00199533.,0,0,0
WBGene00199534.,0,1,1
WBGene00199535.,0,0,0
WBGene00199536.,0,1,1
WBGene00199537.,0,0,0
WBGene00199538.,0,3,3
WBGene00199539.,0,0,0
WBGene00199540.,0,1,1
WBGene00199541.,0,4,4
WBGene00199542.,0,0,0
WBGene00199543.,0,0,0
WBGene00199544.,0,0,0
WBGene00199545.,0,0,0
WBGene00199546.,0,0,0
WBGene00199547.,0,0,0
WBGene00199548.,0,0,0
WBGene00199549.,0,3,3
WBGene00199550.,0,0,0
WBGene00199551.,0,0,0
WBGene00199552.,0,0,0
WBGene00199553.,0,1,1
WBGene00199554.,0,0,0
WBGene00199555.,0,0,0
WBGene00199556.,0,2,2
WBGene00199557.,0,1,1
WBGene00199558.,0,1,1
WBGene00199559.,0,1,1
WBGene00199560.,0,1,1
WBGene00199561.,0,0,0
WBGene00199562.,0,1,1
WBGene00199563.,0,5,5
WBGene00199564.,0,0,0
WBGene00199565.,0,0,0
WBGene00199566.,0,3,3
WBGene00199567.,0,1,1
WBGene00199568.,0,0,0
WBGene00199569.,0,0,0
WBGene00199570.,0,4,4
WBGene00199571.,0,1,1
WBGene00199572.,0,0,0
WBGene00199573.,0,0,0
WBGene00199574.,0,0,0
WBGene00199575.,0,0,0
WBGene00199576.,0,1,1
WBGene00199577.,0,0,0
WBGene00199578.,0,0,0
WBGene00199579.,0,0,0
WBGene00199580.,0,1,1
WBGene00199581.,0,0,0
WBGene00199582.,0,0,0
WBGene00199583.,0,0,0
WBGene00199584.,0,4,4
WBGene00199585.,0,2,2
WBGene00199586.,0,0,0
WBGene00199587.,0,1,1
WBGene00199588.,0,1,1
WBGene00199589.,0,1,1
WBGene00199590.,0,0,0
WBGene00199591.,0,1,1
WBGene00199592.,0,0,0
WBGene00199593.,0,5,5
WBGene00199594.,0,1,1
WBGene00199595.,0,1,1
WBGene00199596.,0,2,2
WBGene00199597.,0,1,1
WBGene00199598.,0,0,0
WBGene00199599.,0,0,0
WBGene00199600.,0,2,2
WBGene00199601.,0,23,23
WBGene00199602.,0,0,0
WBGene00199603.,0,0,0
WBGene00199604.,0,0,0
WBGene00199605.,0,2,2
WBGene00199606.,0,0,0
WBGene00199607.,0,0,0
WBGene00199608.,0,5,5
WBGene00199609.,0,0,0
WBGene00199610.,0,2,2
WBGene00199611.,0,0,0
WBGene00199612.,0,0,0
WBGene00199613.,0,0,0
WBGene00199614.,0,0,0
WBGene00199615.,0,0,0
WBGene00199616.,0,0,0
WBGene00199617.,0,0,0
WBGene00199618.,0,0,0
WBGene00199619.,0,0,0
WBGene00199620.,0,3,3
WBGene00199621.,0,0,0
WBGene00199622.,0,2,2
WBGene00199623.,0,0,0
WBGene00199624.,0,0,0
WBGene00199625.,0,0,0
WBGene00199626.,0,1,1
WBGene00199627.,0,6,6
WBGene00199628.,0,1,1
WBGene00199629.,0,0,0
WBGene00199630.,0,0,0
WBGene00199631.,0,0,0
WBGene00199632.,0,3,3
WBGene00199633.,0,5,5
WBGene00199634.,0,0,0
WBGene00199635.,0,0,0
WBGene00199636.,0,2,2
WBGene00199637.,0,0,0
WBGene00199638.,0,1,1
WBGene00199639.,0,0,0
WBGene00199640.,0,0,0
WBGene00199641.,0,0,0
WBGene00199642.,0,0,0
WBGene00199643.,0,0,0
WBGene00199644.,0,1,1
WBGene00199645.,0,0,0
WBGene00199646.,0,0,0
WBGene00199647.,0,3,3
WBGene00199648.,0,1,1
WBGene00199649.,0,0,0
WBGene00199650.,0,2,2
WBGene00199651.,0,3,3
WBGene00199652.,0,4,4
WBGene00199653.,0,0,0
WBGene00199654.,0,0,0
WBGene00199655.,0,1,1
WBGene00199656.,0,0,0
WBGene00199657.,0,7,7
WBGene00199658.,0,1,1
WBGene00199659.,0,0,0
WBGene00199660.,0,0,0
WBGene00199661.,0,1,1
WBGene00199662.,0,0,0
WBGene00199663.,0,5,5
WBGene00199664.,0,0,0
WBGene00199665.,0,0,0
WBGene00199666.,0,1,1
WBGene00199667.,0,6,6
WBGene00199668.,0,0,0
WBGene00199669.,0,0,0
WBGene00199670.,0,0,0
WBGene00199671.,0,0,0
WBGene00199672.,0,10,10
WBGene00199673.,0,0,0
WBGene00199674.,0,17,17
WBGene00199675.,0,0,0
WBGene00199676.,0,0,0
WBGene00199677.,0,3,3
WBGene00199678.,0,0,0
WBGene00199679.,0,0,0
WBGene00199680.,0,1,1
WBGene00199681.,0,0,0
WBGene00199682.,0,1,1
WBGene00199683.,0,0,0
WBGene00199684.,0,1,1
WBGene00199685.,0,0,0
WBGene00199686.,0,4,4
WBGene00199687.,0,0,0
WBGene00199688.,0,0,0
WBGene00199689.,0,0,0
WBGene00199690.,0,0,0
WBGene00199691.,0,2,2
WBGene00199692.,0,1,1
WBGene00199693.,0,0,0
WBGene00199694.,0,0,0
WBGene00199695.,0,0,0
WBGene00199696.,0,0,0
WBGene00199697.,0,6,6
WBGene00199698.,0,0,0
WBGene00199699.,0,1,1
WBGene00199700.,0,2,2
WBGene00199701.,0,0,0
WBGene00199702.,0,7,7
WBGene00199703.,0,1,1
WBGene00199704.,0,1,1
WBGene00199705.,0,0,0
WBGene00199706.,0,0,0
WBGene00199707.,0,0,0
WBGene00199708.,0,7,7
WBGene00199709.,0,1,1
WBGene00199710.,0,12,12
WBGene00199711.,0,3,3
WBGene00199712.,0,0,0
WBGene00199713.,0,18,18
WBGene00199714.,0,0,0
WBGene00199715.,0,0,0
WBGene00199716.,0,2,2
WBGene00199717.,0,1,1
WBGene00199718.,0,0,0
WBGene00199719.,0,0,0
WBGene00199720.,0,0,0
WBGene00199721.,0,0,0
WBGene00199722.,0,0,0
WBGene00199723.,0,0,0
WBGene00199724.,0,2,2
WBGene00199725.,0,1,1
WBGene00199726.,0,0,0
WBGene00199727.,0,3,3
WBGene00199728.,0,0,0
WBGene00199729.,0,0,0
WBGene00199730.,0,0,0
WBGene00199731.,0,0,0
WBGene00199732.,0,2,2
WBGene00199733.,0,2,2
WBGene00199734.,0,0,0
WBGene00199735.,0,0,0
WBGene00199736.,0,0,0
WBGene00199737.,0,1,1
WBGene00199738.,0,6,6
WBGene00199739.,0,0,0
WBGene00199740.,0,10,10
WBGene00199741.,0,4,4
WBGene00199742.,0,15,15
WBGene00199743.,0,2,2
WBGene00199744.,0,0,0
WBGene00199745.,0,0,0
WBGene00199746.,0,2,2
WBGene00199747.,0,0,0
WBGene00199748.,0,1,1
WBGene00199749.,0,0,0
WBGene00199750.,0,2,2
WBGene00199751.,0,2,2
WBGene00199752.,0,3,3
WBGene00199753.,0,1114,1114
WBGene00199754.,0,2,2
WBGene00199755.,0,0,0
WBGene00199756.,0,0,0
WBGene00199757.,0,0,0
WBGene00199758.,0,0,0
WBGene00199759.,0,2,2
WBGene00199760.,0,1,1
WBGene00199761.,0,0,0
WBGene00199762.,0,2,2
WBGene00199763.,0,0,0
WBGene00199764.,0,1,1
WBGene00199765.,0,6,6
WBGene00199766.,0,0,0
WBGene00199767.,0,11,11
WBGene00199768.,0,0,0
WBGene00199769.,0,0,0
WBGene00199770.,0,0,0
WBGene00199771.,0,0,0
WBGene00199772.,0,3,3
WBGene00199773.,0,10,10
WBGene00199774.,0,0,0
WBGene00199775.,0,0,0
WBGene00199776.,0,0,0
WBGene00199777.,0,0,0
WBGene00199778.,0,3,3
WBGene00199779.,0,4,4
WBGene00199780.,0,3,3
WBGene00199781.,0,1,1
WBGene00199782.,0,5,5
WBGene00199783.,0,12,12
WBGene00199784.,0,0,0
WBGene00199785.,0,1,1
WBGene00199786.,0,6,6
WBGene00199787.,0,0,0
WBGene00199788.,0,0,0
WBGene00199789.,0,1,1
WBGene00199790.,0,1,1
WBGene00199791.,0,0,0
WBGene00199792.,0,0,0
WBGene00199793.,0,0,0
WBGene00199794.,0,1,1
WBGene00199795.,0,0,0
WBGene00199796.,0,0,0
WBGene00199797.,0,1,1
WBGene00199798.,0,0,0
WBGene00199799.,0,0,0
WBGene00199800.,0,0,0
WBGene00199801.,0,0,0
WBGene00199802.,0,0,0
WBGene00199803.,0,2,2
WBGene00199804.,0,0,0
WBGene00199805.,0,1,1
WBGene00199806.,0,2,2
WBGene00199807.,0,0,0
WBGene00199808.,0,0,0
WBGene00199809.,0,2,2
WBGene00199810.,0,4,4
WBGene00199811.,0,2,2
WBGene00199812.,0,1,1
WBGene00199813.,0,0,0
WBGene00199814.,0,1,1
WBGene00199815.,0,2,2
WBGene00199816.,0,0,0
WBGene00199817.,0,0,0
WBGene00199818.,0,0,0
WBGene00199819.,0,86,86
WBGene00199820.,0,3,3
WBGene00199821.,0,0,0
WBGene00199822.,0,0,0
WBGene00199823.,0,2,2
WBGene00199824.,0,3,3
WBGene00199825.,0,2,2
WBGene00199826.,0,0,0
WBGene00199827.,0,0,0
WBGene00199828.,0,0,0
WBGene00199829.,0,0,0
WBGene00199830.,0,1,1
WBGene00199831.,0,1,1
WBGene00199832.,0,0,0
WBGene00199833.,0,0,0
WBGene00199834.,0,0,0
WBGene00199835.,0,0,0
WBGene00199836.,0,0,0
WBGene00199837.,0,0,0
WBGene00199838.,0,0,0
WBGene00199839.,0,0,0
WBGene00199840.,0,8,8
WBGene00199841.,0,0,0
WBGene00199842.,0,4,4
WBGene00199843.,0,3,3
WBGene00199844.,0,0,0
WBGene00199845.,0,0,0
WBGene00199846.,0,0,0
WBGene00199847.,0,0,0
WBGene00199848.,0,0,0
WBGene00199849.,0,1,1
WBGene00199850.,0,3,3
WBGene00199851.,0,1,1
WBGene00199852.,0,0,0
WBGene00199853.,0,3,3
WBGene00199854.,0,0,0
WBGene00199855.,0,0,0
WBGene00199856.,0,0,0
WBGene00199857.,0,1,1
WBGene00199858.,0,6,6
WBGene00199859.,0,0,0
WBGene00199860.,0,0,0
WBGene00199861.,0,3,3
WBGene00199862.,0,0,0
WBGene00199863.,0,0,0
WBGene00199864.,0,0,0
WBGene00199865.,0,0,0
WBGene00199866.,0,19,19
WBGene00199867.,0,4,4
WBGene00199868.,0,0,0
WBGene00199869.,0,0,0
WBGene00199870.,0,0,0
WBGene00199871.,0,14,14
WBGene00199872.,0,0,0
WBGene00199873.,0,0,0
WBGene00199874.,0,0,0
WBGene00199875.,0,0,0
WBGene00199876.,0,0,0
WBGene00199877.,0,0,0
WBGene00199878.,0,0,0
WBGene00199879.,0,0,0
WBGene00199880.,0,0,0
WBGene00199881.,0,1,1
WBGene00199882.,0,0,0
WBGene00199883.,0,0,0
WBGene00199884.,0,0,0
WBGene00199885.,0,1,1
WBGene00199886.,0,0,0
WBGene00199887.,0,0,0
WBGene00199888.,0,0,0
WBGene00199889.,0,0,0
WBGene00199890.,0,0,0
WBGene00199891.,0,0,0
WBGene00199892.,0,0,0
WBGene00199893.,0,22,22
WBGene00199894.,0,23,23
WBGene00199895.,0,8,8
WBGene00199896.,0,0,0
WBGene00199897.,0,74,74
WBGene00199898.,0,3,3
WBGene00199899.,0,10,10
WBGene00199900.,0,6,6
WBGene00199901.,0,0,0
WBGene00199902.,0,0,0
WBGene00199903.,0,0,0
WBGene00199904.,0,2,2
WBGene00199905.,0,2,2
WBGene00199906.,0,0,0
WBGene00199907.,0,0,0
WBGene00199908.,0,12,12
WBGene00199909.,0,2,2
WBGene00199910.,0,0,0
WBGene00199911.,0,0,0
WBGene00199912.,0,0,0
WBGene00199913.,0,0,0
WBGene00199914.,0,0,0
WBGene00199915.,0,0,0
WBGene00199916.,0,0,0
WBGene00199917.,0,9,9
WBGene00199918.,0,0,0
WBGene00199919.,0,0,0
WBGene00199920.,0,0,0
WBGene00199921.,0,0,0
WBGene00199922.,0,3,3
WBGene00199923.,0,1,1
WBGene00199924.,0,0,0
WBGene00199925.,0,0,0
WBGene00199926.,0,1,1
WBGene00199927.,0,0,0
WBGene00199928.,0,1,1
WBGene00199929.,0,0,0
WBGene00199930.,0,0,0
WBGene00199931.,0,1,1
WBGene00199932.,0,0,0
WBGene00199933.,0,0,0
WBGene00199934.,0,0,0
WBGene00199935.,0,5,5
WBGene00199936.,0,0,0
WBGene00199937.,0,0,0
WBGene00199938.,0,0,0
WBGene00199939.,0,0,0
WBGene00199940.,0,14,14
WBGene00199941.,0,0,0
WBGene00199942.,0,0,0
WBGene00199943.,0,0,0
WBGene00199944.,0,5,5
WBGene00199945.,0,0,0
WBGene00199946.,0,133,133
WBGene00199947.,0,8,8
WBGene00199948.,0,1,1
WBGene00199949.,0,1,1
WBGene00199950.,0,0,0
WBGene00199951.,0,0,0
WBGene00199952.,0,0,0
WBGene00199953.,0,4,4
WBGene00199954.,0,0,0
WBGene00199955.,0,2,2
WBGene00199956.,0,1,1
WBGene00199957.,0,3,3
WBGene00199958.,0,0,0
WBGene00199959.,0,2,2
WBGene00199960.,0,0,0
WBGene00199961.,0,0,0
WBGene00199962.,0,0,0
WBGene00199963.,0,0,0
WBGene00199964.,0,1,1
WBGene00199965.,0,0,0
WBGene00199966.,0,0,0
WBGene00199967.,0,0,0
WBGene00199968.,0,0,0
WBGene00199969.,0,0,0
WBGene00199970.,0,0,0
WBGene00199971.,0,0,0
WBGene00199972.,0,1,1
WBGene00199973.,0,0,0
WBGene00199974.,0,0,0
WBGene00199975.,0,0,0
WBGene00199976.,0,3,3
WBGene00199977.,0,8,8
WBGene00199978.,0,95,95
WBGene00199979.,0,0,0
WBGene00199980.,0,0,0
WBGene00199981.,0,2,2
WBGene00199982.,0,2,2
WBGene00199983.,0,1,1
WBGene00199984.,0,0,0
WBGene00199985.,0,1,1
WBGene00199986.,0,3,3
WBGene00199987.,0,0,0
WBGene00199988.,0,0,0
WBGene00199989.,0,4,4
WBGene00199990.,0,0,0
WBGene00199991.,0,0,0
WBGene00199992.,0,0,0
WBGene00199993.,0,0,0
WBGene00199994.,0,0,0
WBGene00199995.,0,3,3
WBGene00199996.,0,0,0
WBGene00199997.,0,5,5
WBGene00199998.,0,0,0
WBGene00199999.,0,0,0
WBGene00200000.,0,2,2
WBGene00200001.,0,4,4
WBGene00200002.,0,0,0
WBGene00200003.,0,6,6
WBGene00200004.,0,0,0
WBGene00200005.,0,0,0
WBGene00200006.,0,0,0
WBGene00200007.,0,0,0
WBGene00200008.,0,9,9
WBGene00200009.,0,18,18
WBGene00200010.,0,1,1
WBGene00200011.,0,0,0
WBGene00200012.,0,0,0
WBGene00200013.,0,1,1
WBGene00200014.,0,4,4
WBGene00200015.,0,1,1
WBGene00200016.,0,0,0
WBGene00200017.,0,0,0
WBGene00200018.,0,0,0
WBGene00200019.,0,2,2
WBGene00200020.,0,1,1
WBGene00200021.,0,0,0
WBGene00200022.,0,2,2
WBGene00200023.,0,0,0
WBGene00200024.,0,0,0
WBGene00200025.,0,61,61
WBGene00200026.,0,1,1
WBGene00200027.,0,0,0
WBGene00200028.,0,9,9
WBGene00200029.,0,4,4
WBGene00200030.,0,0,0
WBGene00200031.,0,5,5
WBGene00200032.,0,21,21
WBGene00200033.,0,0,0
WBGene00200034.,0,0,0
WBGene00200035.,0,0,0
WBGene00200036.,0,2,2
WBGene00200037.,0,0,0
WBGene00200038.,0,2,2
WBGene00200039.,0,1,1
WBGene00200040.,0,0,0
WBGene00200041.,0,0,0
WBGene00200042.,0,3,3
WBGene00200043.,0,0,0
WBGene00200044.,0,3,3
WBGene00200045.,0,0,0
WBGene00200046.,0,0,0
WBGene00200047.,0,21,21
WBGene00200048.,0,0,0
WBGene00200049.,0,3,3
WBGene00200050.,0,7,7
WBGene00200051.,0,3,3
WBGene00200052.,0,0,0
WBGene00200053.,0,1,1
WBGene00200054.,0,0,0
WBGene00200055.,0,0,0
WBGene00200056.,0,1,1
WBGene00200057.,0,5,5
WBGene00200058.,0,7,7
WBGene00200059.,0,5,5
WBGene00200060.,0,0,0
WBGene00200061.,0,2,2
WBGene00200062.,0,1,1
WBGene00200063.,0,0,0
WBGene00200064.,0,0,0
WBGene00200065.,0,1,1
WBGene00200066.,0,0,0
WBGene00200067.,0,0,0
WBGene00200068.,0,0,0
WBGene00200069.,0,0,0
WBGene00200070.,0,0,0
WBGene00200071.,0,0,0
WBGene00200072.,0,0,0
WBGene00200073.,0,1,1
WBGene00200074.,0,2,2
WBGene00200075.,0,5,5
WBGene00200076.,0,0,0
WBGene00200077.,0,0,0
WBGene00200078.,0,2,2
WBGene00200079.,0,1,1
WBGene00200080.,0,9,9
WBGene00200081.,0,0,0
WBGene00200082.,0,4,4
WBGene00200083.,0,0,0
WBGene00200084.,0,0,0
WBGene00200085.,0,0,0
WBGene00200086.,0,0,0
WBGene00200087.,0,0,0
WBGene00200088.,0,6,6
WBGene00200089.,0,1,1
WBGene00200090.,0,0,0
WBGene00200091.,0,0,0
WBGene00200092.,0,2,2
WBGene00200093.,0,0,0
WBGene00200094.,0,0,0
WBGene00200095.,0,0,0
WBGene00200096.,0,0,0
WBGene00200097.,0,0,0
WBGene00200098.,0,3,3
WBGene00200099.,0,4,4
WBGene00200100.,0,19,19
WBGene00200101.,0,0,0
WBGene00200102.,0,0,0
WBGene00200103.,0,9,9
WBGene00200104.,0,0,0
WBGene00200105.,0,2,2
WBGene00200106.,0,0,0
WBGene00200107.,0,3,3
WBGene00200108.,0,0,0
WBGene00200109.,0,4,4
WBGene00200110.,0,0,0
WBGene00200111.,0,1,1
WBGene00200112.,0,0,0
WBGene00200113.,0,0,0
WBGene00200114.,0,0,0
WBGene00200115.,0,0,0
WBGene00200116.,0,7,7
WBGene00200117.,0,0,0
WBGene00200118.,0,0,0
WBGene00200119.,0,0,0
WBGene00200120.,0,0,0
WBGene00200121.,0,7,7
WBGene00200122.,0,0,0
WBGene00200123.,0,0,0
WBGene00200124.,0,0,0
WBGene00200125.,0,0,0
WBGene00200126.,0,7,7
WBGene00200127.,0,0,0
WBGene00200128.,0,0,0
WBGene00200129.,0,1,1
WBGene00200130.,0,0,0
WBGene00200131.,0,6,6
WBGene00200132.,0,0,0
WBGene00200133.,0,47,47
WBGene00200134.,0,1,1
WBGene00200135.,0,0,0
WBGene00200136.,0,2,2
WBGene00200137.,0,3,3
WBGene00200138.,0,2,2
WBGene00200139.,0,0,0
WBGene00200140.,0,0,0
WBGene00200141.,0,0,0
WBGene00200142.,0,1,1
WBGene00200143.,0,0,0
WBGene00200144.,0,0,0
WBGene00200145.,0,0,0
WBGene00200146.,0,0,0
WBGene00200147.,0,9,9
WBGene00200148.,0,2,2
WBGene00200149.,0,0,0
WBGene00200150.,0,21,21
WBGene00200151.,0,1,1
WBGene00200152.,0,0,0
WBGene00200153.,0,3,3
WBGene00200154.,0,5,5
WBGene00200155.,0,2,2
WBGene00200156.,0,0,0
WBGene00200157.,0,0,0
WBGene00200158.,0,0,0
WBGene00200159.,0,0,0
WBGene00200160.,0,0,0
WBGene00200161.,0,1,1
WBGene00200162.,0,2,2
WBGene00200163.,0,2,2
WBGene00200164.,0,3,3
WBGene00200165.,0,0,0
WBGene00200166.,0,1,1
WBGene00200167.,0,1,1
WBGene00200168.,0,2,2
WBGene00200169.,0,2,2
WBGene00200170.,0,3,3
WBGene00200171.,0,0,0
WBGene00200172.,0,0,0
WBGene00200173.,0,1,1
WBGene00200174.,0,1,1
WBGene00200175.,0,1,1
WBGene00200176.,0,0,0
WBGene00200177.,0,1,1
WBGene00200178.,0,2,2
WBGene00200179.,0,1,1
WBGene00200180.,0,0,0
WBGene00200181.,0,0,0
WBGene00200182.,0,1,1
WBGene00200183.,0,0,0
WBGene00200184.,0,1,1
WBGene00200185.,0,0,0
WBGene00200186.,0,0,0
WBGene00200187.,0,15,15
WBGene00200188.,0,1,1
WBGene00200189.,0,0,0
WBGene00200190.,0,15,15
WBGene00200191.,0,0,0
WBGene00200192.,0,15,15
WBGene00200193.,0,1,1
WBGene00200194.,0,5,5
WBGene00200195.,0,0,0
WBGene00200196.,0,0,0
WBGene00200197.,0,0,0
WBGene00200198.,0,5,5
WBGene00200199.,0,3,3
WBGene00200200.,0,0,0
WBGene00200201.,0,0,0
WBGene00200202.,0,0,0
WBGene00200203.,0,5,5
WBGene00200204.,0,0,0
WBGene00200205.,0,0,0
WBGene00200206.,0,0,0
WBGene00200207.,0,1,1
WBGene00200208.,0,0,0
WBGene00200209.,0,0,0
WBGene00200210.,0,0,0
WBGene00200211.,0,2,2
WBGene00200212.,0,1,1
WBGene00200213.,0,0,0
WBGene00200214.,0,0,0
WBGene00200215.,0,17,17
WBGene00200216.,0,2,2
WBGene00200217.,0,0,0
WBGene00200218.,0,0,0
WBGene00200219.,0,0,0
WBGene00200220.,0,1,1
WBGene00200221.,0,0,0
WBGene00200222.,0,0,0
WBGene00200223.,0,0,0
WBGene00200224.,0,0,0
WBGene00200225.,0,1,1
WBGene00200226.,0,0,0
WBGene00200227.,0,3,3
WBGene00200228.,0,1,1
WBGene00200229.,0,0,0
WBGene00200230.,0,0,0
WBGene00200231.,0,0,0
WBGene00200232.,0,0,0
WBGene00200233.,0,0,0
WBGene00200234.,0,0,0
WBGene00200235.,0,0,0
WBGene00200236.,0,0,0
WBGene00200237.,0,1,1
WBGene00200238.,0,0,0
WBGene00200239.,0,0,0
WBGene00200240.,0,0,0
WBGene00200241.,0,0,0
WBGene00200242.,0,2,2
WBGene00200243.,0,2,2
WBGene00200244.,0,5,5
WBGene00200245.,0,1,1
WBGene00200246.,0,0,0
WBGene00200247.,0,6,6
WBGene00200248.,0,2,2
WBGene00200249.,0,0,0
WBGene00200250.,0,10,10
WBGene00200251.,0,3,3
WBGene00200252.,0,0,0
WBGene00200253.,0,0,0
WBGene00200254.,0,0,0
WBGene00200255.,0,11,11
WBGene00200256.,0,0,0
WBGene00200257.,0,2,2
WBGene00200258.,0,0,0
WBGene00200259.,0,2,2
WBGene00200260.,0,0,0
WBGene00200261.,0,28,28
WBGene00200262.,0,0,0
WBGene00200263.,0,2,2
WBGene00200264.,0,0,0
WBGene00200265.,0,0,0
WBGene00200266.,0,15,15
WBGene00200267.,0,0,0
WBGene00200268.,0,0,0
WBGene00200269.,0,0,0
WBGene00200270.,0,4,4
WBGene00200271.,0,2,2
WBGene00200272.,0,0,0
WBGene00200273.,0,6,6
WBGene00200274.,0,0,0
WBGene00200275.,0,0,0
WBGene00200276.,0,0,0
WBGene00200277.,0,3,3
WBGene00200278.,0,4,4
WBGene00200279.,0,1,1
WBGene00200280.,0,1,1
WBGene00200281.,0,1,1
WBGene00200282.,0,24,24
WBGene00200283.,0,1,1
WBGene00200284.,0,0,0
WBGene00200285.,0,0,0
WBGene00200286.,0,0,0
WBGene00200287.,0,8,8
WBGene00200288.,0,0,0
WBGene00200289.,0,2,2
WBGene00200290.,0,3,3
WBGene00200291.,0,1,1
WBGene00200292.,0,0,0
WBGene00200293.,0,1,1
WBGene00200294.,0,0,0
WBGene00200295.,0,0,0
WBGene00200296.,0,2,2
WBGene00200297.,0,1,1
WBGene00200298.,0,0,0
WBGene00200299.,0,3,3
WBGene00200300.,0,1,1
WBGene00200301.,0,4,4
WBGene00200302.,0,15,15
WBGene00200303.,0,1,1
WBGene00200304.,0,0,0
WBGene00200305.,0,1,1
WBGene00200306.,0,0,0
WBGene00200307.,0,0,0
WBGene00200308.,0,12,12
WBGene00200309.,0,1,1
WBGene00200310.,0,0,0
WBGene00200311.,0,1,1
WBGene00200312.,0,0,0
WBGene00200313.,0,12,12
WBGene00200314.,0,3,3
WBGene00200315.,0,0,0
WBGene00200316.,0,0,0
WBGene00200317.,0,0,0
WBGene00200318.,0,2,2
WBGene00200319.,0,0,0
WBGene00200320.,0,0,0
WBGene00200321.,0,3,3
WBGene00200322.,0,0,0
WBGene00200323.,0,1,1
WBGene00200324.,0,0,0
WBGene00200325.,0,7,7
WBGene00200326.,0,0,0
WBGene00200327.,0,2,2
WBGene00200328.,0,0,0
WBGene00200329.,0,0,0
WBGene00200330.,0,1,1
WBGene00200331.,0,0,0
WBGene00200332.,0,0,0
WBGene00200333.,0,0,0
WBGene00200334.,0,0,0
WBGene00200335.,0,0,0
WBGene00200336.,0,0,0
WBGene00200337.,0,1,1
WBGene00200338.,0,1,1
WBGene00200339.,0,0,0
WBGene00200340.,0,2,2
WBGene00200341.,0,1,1
WBGene00200342.,0,0,0
WBGene00200343.,0,0,0
WBGene00200344.,0,4,4
WBGene00200345.,0,3,3
WBGene00200346.,0,5,5
WBGene00200347.,0,179,179
WBGene00200348.,0,0,0
WBGene00200349.,0,0,0
WBGene00200350.,0,4,4
WBGene00200351.,0,1,1
WBGene00200352.,0,0,0
WBGene00200353.,0,0,0
WBGene00200354.,0,0,0
WBGene00200355.,0,0,0
WBGene00200356.,0,0,0
WBGene00200357.,0,1,1
WBGene00200358.,0,4,4
WBGene00200359.,0,0,0
WBGene00200360.,0,0,0
WBGene00200361.,0,0,0
WBGene00200362.,0,0,0
WBGene00200363.,0,0,0
WBGene00200364.,0,0,0
WBGene00200365.,0,6,6
WBGene00200366.,0,2,2
WBGene00200367.,0,0,0
WBGene00200368.,0,0,0
WBGene00200369.,0,0,0
WBGene00200370.,0,10,10
WBGene00200371.,0,0,0
WBGene00200372.,0,1,1
WBGene00200373.,0,0,0
WBGene00200374.,0,4,4
WBGene00200375.,0,12,12
WBGene00200376.,0,0,0
WBGene00200377.,0,7,7
WBGene00200378.,0,0,0
WBGene00200379.,0,2,2
WBGene00200380.,0,0,0
WBGene00200381.,0,0,0
WBGene00200382.,0,0,0
WBGene00200383.,0,0,0
WBGene00200384.,0,7,7
WBGene00200385.,0,1,1
WBGene00200386.,0,1,1
WBGene00200387.,0,0,0
WBGene00200388.,0,4,4
WBGene00200389.,0,0,0
WBGene00200390.,0,1,1
WBGene00200391.,0,0,0
WBGene00200392.,0,0,0
WBGene00200393.,0,4,4
WBGene00200394.,0,0,0
WBGene00200395.,0,0,0
WBGene00200396.,0,0,0
WBGene00200397.,0,6,6
WBGene00200398.,0,0,0
WBGene00200399.,0,0,0
WBGene00200400.,0,7,7
WBGene00200401.,0,0,0
WBGene00200402.,0,0,0
WBGene00200403.,0,2,2
WBGene00200404.,0,0,0
WBGene00200405.,0,0,0
WBGene00200406.,0,0,0
WBGene00200407.,0,14,14
WBGene00200408.,0,14,14
WBGene00200409.,0,0,0
WBGene00200410.,0,2,2
WBGene00200411.,0,0,0
WBGene00200412.,0,0,0
WBGene00200413.,0,0,0
WBGene00200414.,0,0,0
WBGene00200415.,0,0,0
WBGene00200416.,0,1,1
WBGene00200417.,0,2,2
WBGene00200418.,0,1,1
WBGene00200419.,0,0,0
WBGene00200420.,0,0,0
WBGene00200421.,0,1,1
WBGene00200422.,0,0,0
WBGene00200423.,0,11,11
WBGene00200424.,0,3,3
WBGene00200425.,0,1,1
WBGene00200426.,0,1,1
WBGene00200427.,0,0,0
WBGene00200428.,0,7,7
WBGene00200429.,0,2,2
WBGene00200430.,0,0,0
WBGene00200431.,0,7,7
WBGene00200432.,0,1,1
WBGene00200433.,0,0,0
WBGene00200434.,0,0,0
WBGene00200435.,0,1,1
WBGene00200436.,0,3,3
WBGene00200437.,0,4,4
WBGene00200438.,0,0,0
WBGene00200439.,0,0,0
WBGene00200440.,0,2,2
WBGene00200441.,0,2,2
WBGene00200442.,0,14,14
WBGene00200443.,0,1,1
WBGene00200444.,0,3,3
WBGene00200445.,0,0,0
WBGene00200446.,0,0,0
WBGene00200447.,0,4,4
WBGene00200448.,0,1,1
WBGene00200449.,0,0,0
WBGene00200450.,0,1,1
WBGene00200451.,0,0,0
WBGene00200452.,0,5,5
WBGene00200453.,0,4,4
WBGene00200454.,0,0,0
WBGene00200455.,0,6,6
WBGene00200456.,0,100,100
WBGene00200457.,0,2,2
WBGene00200458.,0,0,0
WBGene00200459.,0,197,197
WBGene00200460.,0,0,0
WBGene00200461.,0,0,0
WBGene00200462.,0,0,0
WBGene00200463.,0,2,2
WBGene00200464.,0,1,1
WBGene00200465.,0,0,0
WBGene00200466.,0,0,0
WBGene00200467.,0,0,0
WBGene00200468.,0,0,0
WBGene00200469.,0,0,0
WBGene00200470.,0,2,2
WBGene00200471.,0,0,0
WBGene00200472.,0,0,0
WBGene00200473.,0,5,5
WBGene00200474.,0,4,4
WBGene00200475.,0,11,11
WBGene00200476.,0,2,2
WBGene00200477.,0,0,0
WBGene00200478.,0,2,2
WBGene00200479.,0,0,0
WBGene00200480.,0,0,0
WBGene00200481.,0,1,1
WBGene00200482.,0,0,0
WBGene00200483.,0,1,1
WBGene00200484.,0,1,1
WBGene00200485.,0,13,13
WBGene00200486.,0,0,0
WBGene00200487.,0,20,20
WBGene00200488.,0,3,3
WBGene00200489.,0,1,1
WBGene00200490.,0,1,1
WBGene00200491.,0,0,0
WBGene00200492.,0,3,3
WBGene00200493.,0,1,1
WBGene00200494.,0,0,0
WBGene00200495.,0,3,3
WBGene00200496.,0,0,0
WBGene00200497.,0,0,0
WBGene00200498.,0,10,10
WBGene00200499.,0,0,0
WBGene00200500.,0,22,22
WBGene00200501.,0,0,0
WBGene00200502.,0,9,9
WBGene00200503.,0,0,0
WBGene00200504.,0,0,0
WBGene00200505.,0,0,0
WBGene00200506.,0,0,0
WBGene00200507.,0,0,0
WBGene00200508.,0,0,0
WBGene00200509.,0,9,9
WBGene00200510.,0,0,0
WBGene00200511.,0,0,0
WBGene00200512.,0,0,0
WBGene00200513.,0,0,0
WBGene00200514.,0,2,2
WBGene00200515.,0,0,0
WBGene00200516.,0,1,1
WBGene00200517.,0,0,0
WBGene00200518.,0,0,0
WBGene00200519.,0,1,1
WBGene00200520.,0,0,0
WBGene00200521.,0,2,2
WBGene00200522.,0,0,0
WBGene00200523.,0,0,0
WBGene00200524.,0,0,0
WBGene00200525.,0,2,2
WBGene00200526.,0,3,3
WBGene00200527.,0,0,0
WBGene00200528.,0,3,3
WBGene00200529.,0,1,1
WBGene00200530.,0,0,0
WBGene00200531.,0,0,0
WBGene00200532.,0,0,0
WBGene00200533.,0,0,0
WBGene00200534.,0,3,3
WBGene00200535.,0,0,0
WBGene00200536.,0,0,0
WBGene00200537.,0,0,0
WBGene00200538.,0,20,20
WBGene00200539.,0,0,0
WBGene00200540.,0,1,1
WBGene00200541.,0,0,0
WBGene00200542.,0,1,1
WBGene00200543.,0,0,0
WBGene00200544.,0,0,0
WBGene00200545.,0,0,0
WBGene00200546.,0,1,1
WBGene00200547.,0,0,0
WBGene00200548.,0,0,0
WBGene00200549.,0,0,0
WBGene00200550.,0,1,1
WBGene00200551.,0,0,0
WBGene00200552.,0,1,1
WBGene00200553.,0,0,0
WBGene00200554.,0,0,0
WBGene00200555.,0,5,5
WBGene00200556.,0,0,0
WBGene00200557.,0,2,2
WBGene00200558.,0,1,1
WBGene00200559.,0,0,0
WBGene00200560.,0,0,0
WBGene00200561.,0,0,0
WBGene00200562.,0,0,0
WBGene00200563.,0,1,1
WBGene00200564.,0,0,0
WBGene00200565.,0,0,0
WBGene00200566.,0,16,16
WBGene00200567.,0,1,1
WBGene00200568.,0,0,0
WBGene00200569.,0,0,0
WBGene00200570.,0,2,2
WBGene00200571.,0,0,0
WBGene00200572.,0,7,7
WBGene00200573.,0,2,2
WBGene00200574.,0,0,0
WBGene00200575.,0,1,1
WBGene00200576.,0,1,1
WBGene00200577.,0,1,1
WBGene00200578.,0,0,0
WBGene00200579.,0,18,18
WBGene00200580.,0,0,0
WBGene00200581.,0,0,0
WBGene00200582.,0,2,2
WBGene00200583.,0,14,14
WBGene00200584.,0,0,0
WBGene00200585.,0,2,2
WBGene00200586.,0,2,2
WBGene00200587.,0,0,0
WBGene00200588.,0,0,0
WBGene00200589.,0,1,1
WBGene00200590.,0,0,0
WBGene00200591.,0,0,0
WBGene00200592.,0,0,0
WBGene00200593.,0,0,0
WBGene00200594.,0,8,8
WBGene00200595.,0,0,0
WBGene00200596.,0,10,10
WBGene00200597.,0,1,1
WBGene00200598.,0,7,7
WBGene00200599.,0,0,0
WBGene00200600.,0,1,1
WBGene00200601.,0,15,15
WBGene00200602.,0,0,0
WBGene00200603.,0,0,0
WBGene00200604.,0,0,0
WBGene00200605.,0,2,2
WBGene00200606.,0,0,0
WBGene00200607.,0,0,0
WBGene00200608.,0,0,0
WBGene00200609.,0,1,1
WBGene00200610.,0,0,0
WBGene00200611.,0,1,1
WBGene00200612.,0,0,0
WBGene00200613.,0,0,0
WBGene00200614.,0,0,0
WBGene00200615.,0,3,3
WBGene00200616.,0,0,0
WBGene00200617.,0,7,7
WBGene00200618.,0,1,1
WBGene00200619.,0,0,0
WBGene00200620.,0,2,2
WBGene00200621.,0,4,4
WBGene00200622.,0,0,0
WBGene00200623.,0,1,1
WBGene00200624.,0,4,4
WBGene00200625.,0,2,2
WBGene00200626.,0,4,4
WBGene00200627.,0,5,5
WBGene00200628.,0,3,3
WBGene00200629.,0,0,0
WBGene00200630.,0,1,1
WBGene00200631.,0,0,0
WBGene00200632.,0,3,3
WBGene00200633.,0,0,0
WBGene00200634.,0,0,0
WBGene00200635.,0,0,0
WBGene00200636.,0,0,0
WBGene00200637.,0,0,0
WBGene00200638.,0,1,1
WBGene00200639.,0,0,0
WBGene00200640.,0,0,0
WBGene00200641.,0,2,2
WBGene00200642.,0,0,0
WBGene00200643.,0,1,1
WBGene00200644.,0,0,0
WBGene00200645.,0,516,516
WBGene00200646.,0,1,1
WBGene00200647.,0,1,1
WBGene00200648.,0,0,0
WBGene00200649.,0,0,0
WBGene00200650.,0,1,1
WBGene00200651.,0,0,0
WBGene00200652.,0,3,3
WBGene00200653.,0,0,0
WBGene00200654.,0,1,1
WBGene00200655.,0,0,0
WBGene00200656.,0,0,0
WBGene00200657.,0,0,0
WBGene00200658.,0,2,2
WBGene00200659.,0,3,3
WBGene00200660.,0,0,0
WBGene00200661.,0,2,2
WBGene00200662.,0,0,0
WBGene00200663.,0,0,0
WBGene00200664.,0,5,5
WBGene00200665.,0,3,3
WBGene00200666.,0,0,0
WBGene00200667.,0,0,0
WBGene00200668.,0,0,0
WBGene00200669.,0,0,0
WBGene00200670.,0,0,0
WBGene00200671.,0,4,4
WBGene00200672.,0,0,0
WBGene00200673.,0,0,0
WBGene00200674.,0,1,1
WBGene00200675.,0,2,2
WBGene00200676.,0,0,0
WBGene00200677.,0,1,1
WBGene00200678.,0,0,0
WBGene00200679.,0,0,0
WBGene00200680.,0,1,1
WBGene00200681.,0,0,0
WBGene00200682.,0,0,0
WBGene00200683.,0,0,0
WBGene00200684.,0,0,0
WBGene00200685.,0,0,0
WBGene00200686.,0,3,3
WBGene00200687.,0,0,0
WBGene00200688.,0,0,0
WBGene00200689.,0,2,2
WBGene00200690.,0,0,0
WBGene00200691.,0,0,0
WBGene00200692.,0,4,4
WBGene00200693.,0,0,0
WBGene00200694.,0,0,0
WBGene00200695.,0,2,2
WBGene00200696.,0,0,0
WBGene00200697.,0,14,14
WBGene00200698.,0,0,0
WBGene00200699.,0,0,0
WBGene00200700.,0,0,0
WBGene00200701.,0,2,2
WBGene00200702.,0,77,77
WBGene00200703.,0,0,0
WBGene00200704.,0,3,3
WBGene00200705.,0,0,0
WBGene00200706.,0,0,0
WBGene00200707.,0,4,4
WBGene00200708.,0,0,0
WBGene00200709.,0,0,0
WBGene00200710.,0,1,1
WBGene00200711.,0,1,1
WBGene00200712.,0,0,0
WBGene00200713.,0,2,2
WBGene00200714.,0,1,1
WBGene00200715.,0,0,0
WBGene00200716.,0,5,5
WBGene00200717.,0,3,3
WBGene00200718.,0,0,0
WBGene00200719.,0,4,4
WBGene00200720.,0,0,0
WBGene00200721.,0,0,0
WBGene00200722.,0,1,1
WBGene00200723.,0,3,3
WBGene00200724.,0,0,0
WBGene00200725.,0,0,0
WBGene00200726.,0,2,2
WBGene00200727.,0,2,2
WBGene00200728.,0,0,0
WBGene00200729.,0,0,0
WBGene00200730.,0,0,0
WBGene00200731.,0,0,0
WBGene00200732.,0,0,0
WBGene00200733.,0,3,3
WBGene00200734.,0,0,0
WBGene00200735.,0,0,0
WBGene00200736.,0,0,0
WBGene00200737.,0,2,2
WBGene00200738.,0,1,1
WBGene00200739.,0,1,1
WBGene00200740.,0,0,0
WBGene00200741.,0,1,1
WBGene00200742.,0,2,2
WBGene00200743.,0,14,14
WBGene00200744.,0,17,17
WBGene00200745.,0,0,0
WBGene00200746.,0,6,6
WBGene00200747.,0,0,0
WBGene00200748.,0,0,0
WBGene00200749.,0,6,6
WBGene00200750.,0,3,3
WBGene00200751.,0,1,1
WBGene00200752.,0,12,12
WBGene00200753.,0,6,6
WBGene00200754.,0,1,1
WBGene00200755.,0,0,0
WBGene00200756.,0,78,78
WBGene00200757.,0,3,3
WBGene00200758.,0,2,2
WBGene00200759.,0,0,0
WBGene00200760.,0,0,0
WBGene00200761.,0,0,0
WBGene00200762.,0,108,108
WBGene00200763.,0,1,1
WBGene00200764.,0,1,1
WBGene00200765.,0,0,0
WBGene00200766.,0,0,0
WBGene00200767.,0,5,5
WBGene00200768.,0,8,8
WBGene00200769.,0,5,5
WBGene00200770.,0,1,1
WBGene00200771.,0,0,0
WBGene00200772.,0,1,1
WBGene00200773.,0,0,0
WBGene00200774.,0,0,0
WBGene00200775.,0,0,0
WBGene00200776.,0,1,1
WBGene00200777.,0,1,1
WBGene00200778.,0,2,2
WBGene00200779.,0,0,0
WBGene00200780.,0,2,2
WBGene00200781.,0,0,0
WBGene00200782.,0,0,0
WBGene00200783.,0,0,0
WBGene00200784.,0,0,0
WBGene00200785.,0,0,0
WBGene00200786.,0,73,73
WBGene00200787.,0,1,1
WBGene00200788.,0,0,0
WBGene00200789.,0,0,0
WBGene00200790.,0,0,0
WBGene00200791.,0,1,1
WBGene00200792.,0,0,0
WBGene00200793.,0,0,0
WBGene00200794.,0,0,0
WBGene00200795.,0,3,3
WBGene00200796.,0,2,2
WBGene00200797.,0,0,0
WBGene00200798.,0,2,2
WBGene00200799.,0,2,2
WBGene00200800.,0,4,4
WBGene00200801.,0,1,1
WBGene00200802.,0,10,10
WBGene00200803.,0,1,1
WBGene00200804.,0,2,2
WBGene00200805.,0,3,3
WBGene00200806.,0,1,1
WBGene00200807.,0,0,0
WBGene00200808.,0,0,0
WBGene00200809.,0,87,87
WBGene00200810.,0,0,0
WBGene00200811.,0,0,0
WBGene00200812.,0,0,0
WBGene00200813.,0,2,2
WBGene00200814.,0,0,0
WBGene00200815.,0,0,0
WBGene00200816.,0,0,0
WBGene00200817.,0,0,0
WBGene00200818.,0,2,2
WBGene00200819.,0,5,5
WBGene00200820.,0,0,0
WBGene00200821.,0,1,1
WBGene00200822.,0,0,0
WBGene00200823.,0,2,2
WBGene00200824.,0,0,0
WBGene00200825.,0,0,0
WBGene00200826.,0,16,16
WBGene00200827.,0,1,1
WBGene00200828.,0,15,15
WBGene00200829.,0,0,0
WBGene00200830.,0,0,0
WBGene00200831.,0,1,1
WBGene00200832.,0,1,1
WBGene00200833.,0,0,0
WBGene00200834.,0,0,0
WBGene00200835.,0,0,0
WBGene00200836.,0,0,0
WBGene00200837.,0,3,3
WBGene00200838.,0,0,0
WBGene00200839.,0,0,0
WBGene00200840.,0,0,0
WBGene00200841.,0,0,0
WBGene00200842.,0,6,6
WBGene00200843.,0,0,0
WBGene00200844.,0,1,1
WBGene00200845.,0,3,3
WBGene00200846.,0,3,3
WBGene00200847.,0,1,1
WBGene00200848.,0,0,0
WBGene00200849.,0,0,0
WBGene00200850.,0,0,0
WBGene00200851.,0,0,0
WBGene00200852.,0,1,1
WBGene00200853.,0,0,0
WBGene00200854.,0,3,3
WBGene00200855.,0,0,0
WBGene00200856.,0,27,27
WBGene00200857.,0,1,1
WBGene00200858.,0,0,0
WBGene00200859.,0,0,0
WBGene00200860.,0,2,2
WBGene00200861.,0,1,1
WBGene00200862.,0,1,1
WBGene00200863.,0,22,22
WBGene00200864.,0,0,0
WBGene00200865.,0,2,2
WBGene00200866.,0,1,1
WBGene00200867.,0,1,1
WBGene00200868.,0,17,17
WBGene00200869.,0,0,0
WBGene00200870.,0,2,2
WBGene00200871.,0,0,0
WBGene00200872.,0,3,3
WBGene00200873.,0,0,0
WBGene00200874.,0,10,10
WBGene00200875.,0,0,0
WBGene00200876.,0,1,1
WBGene00200877.,0,0,0
WBGene00200878.,0,0,0
WBGene00200879.,0,2,2
WBGene00200880.,0,0,0
WBGene00200881.,0,0,0
WBGene00200882.,0,1,1
WBGene00200883.,0,0,0
WBGene00200884.,0,4,4
WBGene00200885.,0,0,0
WBGene00200886.,0,0,0
WBGene00200887.,0,0,0
WBGene00200888.,0,1,1
WBGene00200889.,0,5,5
WBGene00200890.,0,0,0
WBGene00200891.,0,0,0
WBGene00200892.,0,5,5
WBGene00200893.,0,32,32
WBGene00200894.,0,0,0
WBGene00200895.,0,13,13
WBGene00200896.,0,1,1
WBGene00200897.,0,1,1
WBGene00200898.,0,1,1
WBGene00200899.,0,0,0
WBGene00200900.,0,1,1
WBGene00200901.,0,0,0
WBGene00200902.,0,0,0
WBGene00200903.,0,0,0
WBGene00200904.,0,1,1
WBGene00200905.,0,4,4
WBGene00200906.,0,0,0
WBGene00200907.,0,5,5
WBGene00200908.,0,21,21
WBGene00200909.,0,2,2
WBGene00200910.,0,0,0
WBGene00200911.,0,0,0
WBGene00200912.,0,10,10
WBGene00200913.,0,0,0
WBGene00200914.,0,0,0
WBGene00200915.,0,12,12
WBGene00200916.,0,4,4
WBGene00200917.,0,0,0
WBGene00200918.,0,0,0
WBGene00200919.,0,3,3
WBGene00200920.,0,15,15
WBGene00200921.,0,0,0
WBGene00200922.,0,0,0
WBGene00200923.,0,2,2
WBGene00200924.,0,0,0
WBGene00200925.,0,2,2
WBGene00200926.,0,0,0
WBGene00200927.,0,0,0
WBGene00200928.,0,0,0
WBGene00200929.,0,1,1
WBGene00200930.,0,2,2
WBGene00200931.,0,8,8
WBGene00200932.,0,2,2
WBGene00200933.,0,0,0
WBGene00200934.,0,15,15
WBGene00200935.,0,1,1
WBGene00200936.,0,0,0
WBGene00200937.,0,0,0
WBGene00200938.,0,0,0
WBGene00200939.,0,0,0
WBGene00200940.,0,13,13
WBGene00200941.,0,6,6
WBGene00200942.,0,0,0
WBGene00200943.,0,1,1
WBGene00200944.,0,1,1
WBGene00200945.,0,0,0
WBGene00200946.,0,0,0
WBGene00200947.,0,0,0
WBGene00200948.,0,2,2
WBGene00200949.,0,0,0
WBGene00200950.,0,0,0
WBGene00200951.,0,0,0
WBGene00200952.,0,9,9
WBGene00200953.,0,44,44
WBGene00200954.,0,0,0
WBGene00200955.,0,0,0
WBGene00200956.,0,1,1
WBGene00200957.,0,4,4
WBGene00200958.,0,0,0
WBGene00200959.,0,2,2
WBGene00200960.,0,13,13
WBGene00200961.,0,0,0
WBGene00200962.,0,0,0
WBGene00200963.,0,0,0
WBGene00200964.,0,0,0
WBGene00200965.,0,2,2
WBGene00200966.,0,1,1
WBGene00200967.,0,1,1
WBGene00200968.,0,9,9
WBGene00200969.,0,0,0
WBGene00200970.,0,0,0
WBGene00200971.,0,46,46
WBGene00200972.,0,0,0
WBGene00200973.,0,0,0
WBGene00200974.,0,1,1
WBGene00200975.,0,1,1
WBGene00200976.,0,0,0
WBGene00200977.,0,3,3
WBGene00200978.,0,0,0
WBGene00200979.,0,1,1
WBGene00200980.,0,0,0
WBGene00200981.,0,2,2
WBGene00200982.,0,0,0
WBGene00200983.,0,1,1
WBGene00200984.,0,0,0
WBGene00200985.,0,0,0
WBGene00200986.,0,0,0
WBGene00200987.,0,1,1
WBGene00200988.,0,0,0
WBGene00200989.,0,0,0
WBGene00200990.,0,0,0
WBGene00200991.,0,0,0
WBGene00200992.,0,0,0
WBGene00200993.,0,0,0
WBGene00200994.,0,1,1
WBGene00200995.,0,11,11
WBGene00200996.,0,87,87
WBGene00200997.,0,0,0
WBGene00200998.,0,0,0
WBGene00200999.,0,0,0
WBGene00201000.,0,0,0
WBGene00201001.,0,2,2
WBGene00201002.,0,24,24
WBGene00201003.,0,0,0
WBGene00201004.,0,0,0
WBGene00201005.,0,20,20
WBGene00201006.,0,9,9
WBGene00201007.,0,0,0
WBGene00201008.,0,0,0
WBGene00201009.,0,0,0
WBGene00201010.,0,19,19
WBGene00201011.,0,0,0
WBGene00201012.,0,1,1
WBGene00201013.,0,0,0
WBGene00201014.,0,2,2
WBGene00201015.,0,2,2
WBGene00201016.,0,0,0
WBGene00201017.,0,0,0
WBGene00201018.,0,0,0
WBGene00201019.,0,3,3
WBGene00201020.,0,0,0
WBGene00201021.,0,6,6
WBGene00201022.,0,0,0
WBGene00201023.,0,0,0
WBGene00201024.,0,0,0
WBGene00201025.,0,0,0
WBGene00201026.,0,0,0
WBGene00201027.,0,1,1
WBGene00201028.,0,1,1
WBGene00201029.,0,0,0
WBGene00201030.,0,1,1
WBGene00201031.,0,13,13
WBGene00201032.,0,0,0
WBGene00201033.,0,0,0
WBGene00201034.,0,6,6
WBGene00201035.,0,0,0
WBGene00201036.,0,0,0
WBGene00201037.,0,0,0
WBGene00201038.,0,0,0
WBGene00201039.,0,0,0
WBGene00201040.,0,0,0
WBGene00201041.,0,6,6
WBGene00201042.,0,2,2
WBGene00201043.,0,5,5
WBGene00201044.,0,1,1
WBGene00201045.,0,19,19
WBGene00201046.,0,0,0
WBGene00201047.,0,0,0
WBGene00201048.,0,0,0
WBGene00201049.,0,0,0
WBGene00201050.,0,2,2
WBGene00201051.,0,0,0
WBGene00201052.,0,0,0
WBGene00201053.,0,0,0
WBGene00201054.,0,6,6
WBGene00201055.,0,0,0
WBGene00201056.,0,0,0
WBGene00201057.,0,2,2
WBGene00201058.,0,1,1
WBGene00201059.,0,0,0
WBGene00201060.,0,0,0
WBGene00201061.,0,0,0
WBGene00201062.,0,2,2
WBGene00201063.,0,0,0
WBGene00201064.,0,3,3
WBGene00201065.,0,0,0
WBGene00201066.,0,1,1
WBGene00201067.,0,0,0
WBGene00201068.,0,0,0
WBGene00201069.,0,7,7
WBGene00201070.,0,0,0
WBGene00201071.,0,0,0
WBGene00201072.,0,0,0
WBGene00201073.,0,0,0
WBGene00201074.,0,2,2
WBGene00201075.,0,51,51
WBGene00201076.,0,6,6
WBGene00201077.,0,1,1
WBGene00201078.,0,5,5
WBGene00201079.,0,1,1
WBGene00201080.,0,2,2
WBGene00201081.,0,0,0
WBGene00201082.,0,13,13
WBGene00201083.,0,0,0
WBGene00201084.,0,6,6
WBGene00201085.,0,0,0
WBGene00201086.,0,0,0
WBGene00201087.,0,1,1
WBGene00201088.,0,1,1
WBGene00201089.,0,0,0
WBGene00201090.,0,0,0
WBGene00201091.,0,0,0
WBGene00201092.,0,1,1
WBGene00201093.,0,0,0
WBGene00201094.,0,1,1
WBGene00201095.,0,3,3
WBGene00201096.,0,0,0
WBGene00201097.,0,0,0
WBGene00201098.,0,3,3
WBGene00201099.,0,0,0
WBGene00201100.,0,16,16
WBGene00201101.,0,0,0
WBGene00201102.,0,0,0
WBGene00201103.,0,0,0
WBGene00201104.,0,0,0
WBGene00201105.,0,0,0
WBGene00201106.,0,1,1
WBGene00201107.,0,0,0
WBGene00201108.,0,2,2
WBGene00201109.,0,2,2
WBGene00201110.,0,0,0
WBGene00201111.,0,3,3
WBGene00201112.,0,6,6
WBGene00201113.,0,0,0
WBGene00201114.,0,0,0
WBGene00201115.,0,0,0
WBGene00201116.,0,2,2
WBGene00201117.,0,3,3
WBGene00201118.,0,1,1
WBGene00201119.,0,1,1
WBGene00201120.,0,1,1
WBGene00201121.,0,5,5
WBGene00201122.,0,0,0
WBGene00201123.,0,0,0
WBGene00201124.,0,3,3
WBGene00201125.,0,0,0
WBGene00201126.,0,0,0
WBGene00201127.,0,0,0
WBGene00201128.,0,0,0
WBGene00201129.,0,15,15
WBGene00201130.,0,0,0
WBGene00201131.,0,1,1
WBGene00201132.,0,5,5
WBGene00201133.,0,2,2
WBGene00201134.,0,0,0
WBGene00201135.,0,0,0
WBGene00201136.,0,0,0
WBGene00201137.,0,0,0
WBGene00201138.,0,0,0
WBGene00201139.,0,0,0
WBGene00201140.,0,0,0
WBGene00201141.,0,3,3
WBGene00201142.,0,0,0
WBGene00201143.,0,0,0
WBGene00201145.,0,0,0
WBGene00201146.,0,4,4
WBGene00201147.,0,0,0
WBGene00201148.,0,0,0
WBGene00201149.,0,4,4
WBGene00201150.,0,3,3
WBGene00201151.,0,0,0
WBGene00201152.,0,0,0
WBGene00201153.,0,0,0
WBGene00201154.,0,0,0
WBGene00201155.,0,0,0
WBGene00201156.,0,0,0
WBGene00201157.,0,0,0
WBGene00201158.,0,0,0
WBGene00201159.,0,1,1
WBGene00201160.,0,0,0
WBGene00201161.,0,5,5
WBGene00201162.,0,0,0
WBGene00201163.,0,0,0
WBGene00201164.,0,0,0
WBGene00201165.,0,1,1
WBGene00201166.,0,0,0
WBGene00201167.,0,0,0
WBGene00201168.,0,3,3
WBGene00201169.,0,1,1
WBGene00201170.,0,0,0
WBGene00201171.,0,1,1
WBGene00201172.,0,0,0
WBGene00201173.,0,1,1
WBGene00201174.,0,0,0
WBGene00201175.,0,4,4
WBGene00201176.,0,0,0
WBGene00201177.,0,0,0
WBGene00201178.,0,0,0
WBGene00201179.,0,2,2
WBGene00201180.,0,1,1
WBGene00201181.,0,55,55
WBGene00201182.,0,0,0
WBGene00201183.,0,0,0
WBGene00201184.,0,0,0
WBGene00201185.,0,8,8
WBGene00201186.,0,0,0
WBGene00201187.,0,0,0
WBGene00201188.,0,7,7
WBGene00201189.,0,0,0
WBGene00201190.,0,0,0
WBGene00201191.,0,0,0
WBGene00201192.,0,0,0
WBGene00201193.,0,0,0
WBGene00201194.,0,0,0
WBGene00201195.,0,0,0
WBGene00201196.,0,2,2
WBGene00201197.,0,0,0
WBGene00201198.,0,12,12
WBGene00201199.,0,0,0
WBGene00201200.,0,0,0
WBGene00201201.,0,5,5
WBGene00201202.,0,3,3
WBGene00201203.,0,7,7
WBGene00201204.,0,1,1
WBGene00201205.,0,4,4
WBGene00201206.,0,0,0
WBGene00201207.,0,11,11
WBGene00201208.,0,0,0
WBGene00201209.,0,0,0
WBGene00201210.,0,7,7
WBGene00201211.,0,3,3
WBGene00201212.,0,10,10
WBGene00201213.,0,0,0
WBGene00201214.,0,0,0
WBGene00201215.,0,2,2
WBGene00201216.,0,0,0
WBGene00201217.,0,0,0
WBGene00201218.,0,16,16
WBGene00201219.,0,68,68
WBGene00201220.,0,1,1
WBGene00201221.,0,1,1
WBGene00201222.,0,0,0
WBGene00201223.,0,0,0
WBGene00201224.,0,0,0
WBGene00201225.,0,0,0
WBGene00201226.,0,0,0
WBGene00201227.,0,0,0
WBGene00201228.,0,1,1
WBGene00201229.,0,2,2
WBGene00201230.,0,0,0
WBGene00201231.,0,0,0
WBGene00201232.,0,0,0
WBGene00201233.,0,2,2
WBGene00201234.,0,4,4
WBGene00201235.,0,0,0
WBGene00201236.,0,0,0
WBGene00201237.,0,1,1
WBGene00201238.,0,0,0
WBGene00201239.,0,1,1
WBGene00201240.,0,0,0
WBGene00201241.,0,0,0
WBGene00201242.,0,0,0
WBGene00201243.,0,0,0
WBGene00201244.,0,0,0
WBGene00201245.,0,2,2
WBGene00201246.,0,2,2
WBGene00201247.,0,2,2
WBGene00201248.,0,0,0
WBGene00201249.,0,1,1
WBGene00201250.,0,1,1
WBGene00201251.,0,0,0
WBGene00201252.,0,1,1
WBGene00201253.,0,2,2
WBGene00201254.,0,1,1
WBGene00201255.,0,0,0
WBGene00201256.,0,1,1
WBGene00201257.,0,4,4
WBGene00201258.,0,10,10
WBGene00201259.,0,0,0
WBGene00201260.,0,2,2
WBGene00201261.,0,0,0
WBGene00201262.,0,2,2
WBGene00201263.,0,1,1
WBGene00201264.,0,0,0
WBGene00201265.,0,0,0
WBGene00201266.,0,1,1
WBGene00201267.,0,0,0
WBGene00201268.,0,0,0
WBGene00201269.,0,0,0
WBGene00201270.,0,2,2
WBGene00201271.,0,0,0
WBGene00201272.,0,0,0
WBGene00201273.,0,28,28
WBGene00201274.,0,0,0
WBGene00201275.,0,0,0
WBGene00201276.,0,0,0
WBGene00201277.,0,1,1
WBGene00201278.,0,0,0
WBGene00201279.,0,0,0
WBGene00201280.,0,1,1
WBGene00201281.,0,0,0
WBGene00201282.,0,0,0
WBGene00201283.,0,0,0
WBGene00201284.,0,0,0
WBGene00201285.,0,3,3
WBGene00201286.,0,3,3
WBGene00201287.,0,1,1
WBGene00201288.,0,0,0
WBGene00201289.,0,1,1
WBGene00201290.,0,4,4
WBGene00201291.,0,9,9
WBGene00201292.,0,0,0
WBGene00201293.,0,0,0
WBGene00201294.,0,0,0
WBGene00201295.,0,1,1
WBGene00201296.,0,1,1
WBGene00201297.,0,0,0
WBGene00201298.,0,1,1
WBGene00201299.,0,4,4
WBGene00201300.,0,0,0
WBGene00201301.,0,4,4
WBGene00201302.,0,2,2
WBGene00201303.,0,7,7
WBGene00201304.,0,3,3
WBGene00201305.,0,0,0
WBGene00201306.,0,0,0
WBGene00201307.,0,0,0
WBGene00201308.,0,0,0
WBGene00201309.,0,0,0
WBGene00201310.,0,0,0
WBGene00201311.,0,0,0
WBGene00201312.,0,0,0
WBGene00201313.,0,0,0
WBGene00201314.,0,0,0
WBGene00201315.,0,5,5
WBGene00201316.,0,0,0
WBGene00201317.,0,6,6
WBGene00201318.,0,1,1
WBGene00201319.,0,6,6
WBGene00201320.,0,2,2
WBGene00201321.,0,0,0
WBGene00201322.,0,4,4
WBGene00201323.,0,1,1
WBGene00201324.,0,0,0
WBGene00201325.,0,2,2
WBGene00201326.,0,0,0
WBGene00201327.,0,3,3
WBGene00201328.,0,0,0
WBGene00201329.,0,0,0
WBGene00201330.,0,1,1
WBGene00201331.,0,1,1
WBGene00201332.,0,0,0
WBGene00201333.,0,0,0
WBGene00201334.,0,1,1
WBGene00201335.,0,0,0
WBGene00201336.,0,0,0
WBGene00201337.,0,0,0
WBGene00201338.,0,0,0
WBGene00201339.,0,0,0
WBGene00201340.,0,0,0
WBGene00201341.,0,0,0
WBGene00201342.,0,1,1
WBGene00201343.,0,2,2
WBGene00201344.,0,1,1
WBGene00201345.,0,4,4
WBGene00201346.,0,5,5
WBGene00201347.,0,4,4
WBGene00201348.,0,0,0
WBGene00201349.,0,1,1
WBGene00201350.,0,0,0
WBGene00201351.,0,0,0
WBGene00201352.,0,4,4
WBGene00201353.,0,0,0
WBGene00201354.,0,2,2
WBGene00201355.,0,0,0
WBGene00201356.,0,1,1
WBGene00201357.,0,1,1
WBGene00201358.,0,2,2
WBGene00201359.,0,0,0
WBGene00201360.,0,0,0
WBGene00201361.,0,0,0
WBGene00201362.,0,0,0
WBGene00201363.,0,0,0
WBGene00201364.,0,2,2
WBGene00201365.,0,2,2
WBGene00201366.,0,0,0
WBGene00201367.,0,0,0
WBGene00201368.,0,0,0
WBGene00201369.,0,1,1
WBGene00201370.,0,13,13
WBGene00201371.,0,0,0
WBGene00201372.,0,51,51
WBGene00201373.,0,0,0
WBGene00201374.,0,6,6
WBGene00201375.,0,0,0
WBGene00201376.,0,0,0
WBGene00201377.,0,0,0
WBGene00201378.,0,9,9
WBGene00201379.,0,0,0
WBGene00201380.,0,0,0
WBGene00201381.,0,0,0
WBGene00201382.,0,0,0
WBGene00201383.,0,5,5
WBGene00201384.,0,2,2
WBGene00201385.,0,1,1
WBGene00201386.,0,3,3
WBGene00201387.,0,0,0
WBGene00201388.,0,1,1
WBGene00201389.,0,0,0
WBGene00201390.,0,10,10
WBGene00201391.,0,0,0
WBGene00201392.,0,0,0
WBGene00201393.,0,0,0
WBGene00201394.,0,0,0
WBGene00201395.,0,0,0
WBGene00201396.,0,0,0
WBGene00201397.,0,0,0
WBGene00201398.,0,0,0
WBGene00201399.,0,1,1
WBGene00201400.,0,0,0
WBGene00201401.,0,0,0
WBGene00201402.,0,0,0
WBGene00201403.,0,0,0
WBGene00201404.,0,1,1
WBGene00201405.,0,0,0
WBGene00201406.,0,1,1
WBGene00201407.,0,1,1
WBGene00201408.,0,0,0
WBGene00201409.,0,0,0
WBGene00201410.,0,1,1
WBGene00201411.,0,0,0
WBGene00201412.,0,0,0
WBGene00201413.,0,0,0
WBGene00201414.,0,0,0
WBGene00201415.,0,0,0
WBGene00201416.,0,0,0
WBGene00201417.,0,0,0
WBGene00201418.,0,0,0
WBGene00201419.,0,0,0
WBGene00201420.,0,0,0
WBGene00201421.,0,0,0
WBGene00201422.,0,2,2
WBGene00201423.,0,6,6
WBGene00201424.,0,0,0
WBGene00201425.,0,0,0
WBGene00201426.,0,1,1
WBGene00201427.,0,0,0
WBGene00201428.,0,0,0
WBGene00201429.,0,0,0
WBGene00201430.,0,2,2
WBGene00201431.,0,0,0
WBGene00201432.,0,0,0
WBGene00201433.,0,2,2
WBGene00201434.,0,0,0
WBGene00201435.,0,4,4
WBGene00201436.,0,0,0
WBGene00201437.,0,3,3
WBGene00201438.,0,0,0
WBGene00201439.,0,0,0
WBGene00201440.,0,0,0
WBGene00201441.,0,0,0
WBGene00201442.,0,1,1
WBGene00201443.,0,0,0
WBGene00201444.,0,0,0
WBGene00201445.,0,0,0
WBGene00201446.,0,0,0
WBGene00201447.,0,77,77
WBGene00201448.,0,1,1
WBGene00201449.,0,1,1
WBGene00201450.,0,0,0
WBGene00201451.,0,2,2
WBGene00201452.,0,0,0
WBGene00201453.,0,0,0
WBGene00201454.,0,0,0
WBGene00201455.,0,0,0
WBGene00201456.,0,4,4
WBGene00201457.,0,0,0
WBGene00201458.,0,280,280
WBGene00201459.,0,0,0
WBGene00201460.,0,0,0
WBGene00201461.,0,0,0
WBGene00201462.,0,0,0
WBGene00201463.,0,2,2
WBGene00201464.,0,0,0
WBGene00201465.,0,0,0
WBGene00201466.,0,0,0
WBGene00201467.,0,2,2
WBGene00201468.,0,0,0
WBGene00201469.,0,0,0
WBGene00201470.,0,1,1
WBGene00201471.,0,0,0
WBGene00201472.,0,0,0
WBGene00201473.,0,4,4
WBGene00201474.,0,1,1
WBGene00201475.,0,1,1
WBGene00201476.,0,0,0
WBGene00201477.,0,0,0
WBGene00201478.,0,0,0
WBGene00201479.,0,2,2
WBGene00201480.,0,2,2
WBGene00201481.,0,0,0
WBGene00201482.,0,0,0
WBGene00201483.,0,0,0
WBGene00201484.,0,0,0
WBGene00201485.,0,2,2
WBGene00201486.,0,1,1
WBGene00201487.,0,2,2
WBGene00201488.,0,0,0
WBGene00201489.,0,0,0
WBGene00201490.,0,0,0
WBGene00201491.,0,0,0
WBGene00201492.,0,17,17
WBGene00201493.,0,1,1
WBGene00201494.,0,1,1
WBGene00201495.,0,0,0
WBGene00201496.,0,1,1
WBGene00201497.,0,5,5
WBGene00201498.,0,2,2
WBGene00201499.,0,7,7
WBGene00201500.,0,0,0
WBGene00201501.,0,52,52
WBGene00201502.,0,0,0
WBGene00201503.,0,1,1
WBGene00201504.,0,0,0
WBGene00201505.,0,1,1
WBGene00201506.,0,4,4
WBGene00201507.,0,0,0
WBGene00201508.,0,1,1
WBGene00201509.,0,0,0
WBGene00201510.,0,0,0
WBGene00201511.,0,0,0
WBGene00201512.,0,0,0
WBGene00201513.,0,6,6
WBGene00201514.,0,3,3
WBGene00201515.,0,0,0
WBGene00201516.,0,2,2
WBGene00201517.,0,0,0
WBGene00201518.,0,0,0
WBGene00201519.,0,2,2
WBGene00201520.,0,0,0
WBGene00201521.,0,2,2
WBGene00201522.,0,1,1
WBGene00201523.,0,1,1
WBGene00201524.,0,2,2
WBGene00201525.,0,0,0
WBGene00201526.,0,4,4
WBGene00201527.,0,0,0
WBGene00201528.,0,0,0
WBGene00201529.,0,0,0
WBGene00201530.,0,10,10
WBGene00201531.,0,0,0
WBGene00201532.,0,1,1
WBGene00201533.,0,1,1
WBGene00201534.,0,6,6
WBGene00201535.,0,2,2
WBGene00201536.,0,0,0
WBGene00201537.,0,2,2
WBGene00201538.,0,6,6
WBGene00201539.,0,0,0
WBGene00201540.,0,3,3
WBGene00201541.,0,2,2
WBGene00201542.,0,0,0
WBGene00201543.,0,2,2
WBGene00201544.,0,0,0
WBGene00201545.,0,0,0
WBGene00201546.,0,0,0
WBGene00201547.,0,3,3
WBGene00201548.,0,2,2
WBGene00201549.,0,0,0
WBGene00201550.,0,6,6
WBGene00201551.,0,0,0
WBGene00201552.,0,0,0
WBGene00201553.,0,0,0
WBGene00201554.,0,0,0
WBGene00201555.,0,0,0
WBGene00201556.,0,1,1
WBGene00201557.,0,5,5
WBGene00201558.,0,0,0
WBGene00201559.,0,0,0
WBGene00201560.,0,1,1
WBGene00201561.,0,7,7
WBGene00201562.,0,0,0
WBGene00201563.,0,1,1
WBGene00201564.,0,8,8
WBGene00201565.,0,3,3
WBGene00201566.,0,2,2
WBGene00201567.,0,1,1
WBGene00201568.,0,0,0
WBGene00201569.,0,1,1
WBGene00201570.,0,3,3
WBGene00201571.,0,0,0
WBGene00201572.,0,0,0
WBGene00201573.,0,1,1
WBGene00201574.,0,0,0
WBGene00201575.,0,3,3
WBGene00201576.,0,5,5
WBGene00201577.,0,0,0
WBGene00201578.,0,4,4
WBGene00201579.,0,3,3
WBGene00201580.,0,0,0
WBGene00201581.,0,3,3
WBGene00201582.,0,1,1
WBGene00201583.,0,0,0
WBGene00201584.,0,3,3
WBGene00201585.,0,0,0
WBGene00201586.,0,19,19
WBGene00201587.,0,1,1
WBGene00201588.,0,0,0
WBGene00201589.,0,1,1
WBGene00201590.,0,0,0
WBGene00201591.,0,0,0
WBGene00201592.,0,2,2
WBGene00201593.,0,2,2
WBGene00201594.,0,4,4
WBGene00201595.,0,0,0
WBGene00201596.,0,1,1
WBGene00201597.,0,0,0
WBGene00201598.,0,4,4
WBGene00201599.,0,10,10
WBGene00201600.,0,0,0
WBGene00201601.,0,0,0
WBGene00201602.,0,7,7
WBGene00201603.,0,6,6
WBGene00201604.,0,1,1
WBGene00201605.,0,0,0
WBGene00201606.,0,3,3
WBGene00201607.,0,0,0
WBGene00201608.,0,0,0
WBGene00201609.,0,1,1
WBGene00201610.,0,6,6
WBGene00201611.,0,5,5
WBGene00201612.,0,0,0
WBGene00201613.,0,0,0
WBGene00201614.,0,4,4
WBGene00201615.,0,0,0
WBGene00201616.,0,0,0
WBGene00201617.,0,0,0
WBGene00201618.,0,0,0
WBGene00201619.,0,2,2
WBGene00201620.,0,1,1
WBGene00201621.,0,1,1
WBGene00201622.,0,0,0
WBGene00201623.,0,3,3
WBGene00201624.,0,0,0
WBGene00201625.,0,10,10
WBGene00201626.,0,18,18
WBGene00201627.,0,0,0
WBGene00201628.,0,0,0
WBGene00201629.,0,0,0
WBGene00201630.,0,0,0
WBGene00201631.,0,0,0
WBGene00201632.,0,12,12
WBGene00201633.,0,17,17
WBGene00201634.,0,5,5
WBGene00201636.,0,3,3
WBGene00201637.,0,0,0
WBGene00201638.,0,0,0
WBGene00201639.,0,1,1
WBGene00201640.,0,0,0
WBGene00201641.,0,2,2
WBGene00201642.,0,16,16
WBGene00201643.,0,2,2
WBGene00201644.,0,6,6
WBGene00201645.,0,7,7
WBGene00201646.,0,9,9
WBGene00201647.,0,0,0
WBGene00201648.,0,2,2
WBGene00201649.,0,1,1
WBGene00201650.,0,24,24
WBGene00201651.,0,18,18
WBGene00201652.,0,1,1
WBGene00201653.,0,1,1
WBGene00201654.,0,4,4
WBGene00201655.,0,0,0
WBGene00201656.,0,0,0
WBGene00201657.,0,0,0
WBGene00201658.,0,4,4
WBGene00201659.,0,0,0
WBGene00201660.,0,12,12
WBGene00201661.,0,1,1
WBGene00201662.,0,0,0
WBGene00201663.,0,0,0
WBGene00201664.,0,2,2
WBGene00201665.,0,0,0
WBGene00201666.,0,1,1
WBGene00201667.,0,1,1
WBGene00201668.,0,0,0
WBGene00201669.,0,0,0
WBGene00201670.,0,2,2
WBGene00201671.,0,0,0
WBGene00201672.,0,1,1
WBGene00201673.,0,1,1
WBGene00201674.,0,0,0
WBGene00201675.,0,2,2
WBGene00201676.,0,6,6
WBGene00201677.,0,1,1
WBGene00201678.,0,7,7
WBGene00201679.,0,2,2
WBGene00201680.,0,0,0
WBGene00201681.,0,0,0
WBGene00201682.,0,0,0
WBGene00201683.,0,0,0
WBGene00201684.,0,2,2
WBGene00201685.,0,3,3
WBGene00201686.,0,0,0
WBGene00201687.,0,0,0
WBGene00201688.,0,0,0
WBGene00201689.,0,2,2
WBGene00201690.,0,0,0
WBGene00201691.,0,0,0
WBGene00201692.,0,5,5
WBGene00201693.,0,0,0
WBGene00201694.,0,6,6
WBGene00201695.,0,0,0
WBGene00201696.,0,0,0
WBGene00201697.,0,0,0
WBGene00201698.,0,7,7
WBGene00201699.,0,0,0
WBGene00201700.,0,0,0
WBGene00201701.,0,0,0
WBGene00201702.,0,5,5
WBGene00201703.,0,2,2
WBGene00201704.,0,0,0
WBGene00201705.,0,4,4
WBGene00201706.,0,1,1
WBGene00201707.,0,0,0
WBGene00201708.,0,0,0
WBGene00201709.,0,0,0
WBGene00201710.,0,0,0
WBGene00201711.,0,1,1
WBGene00201712.,0,0,0
WBGene00201713.,0,0,0
WBGene00201714.,0,1,1
WBGene00201715.,0,4,4
WBGene00201716.,0,3,3
WBGene00201717.,0,1,1
WBGene00201718.,0,5,5
WBGene00201719.,0,1,1
WBGene00201720.,0,0,0
WBGene00201721.,0,2,2
WBGene00201722.,0,1,1
WBGene00201723.,0,0,0
WBGene00201724.,0,0,0
WBGene00201725.,0,5,5
WBGene00201726.,0,0,0
WBGene00201727.,0,0,0
WBGene00201728.,0,0,0
WBGene00201729.,0,2,2
WBGene00201730.,0,126,126
WBGene00201731.,0,0,0
WBGene00201732.,0,1,1
WBGene00201733.,0,0,0
WBGene00201734.,0,1,1
WBGene00201735.,0,3,3
WBGene00201736.,0,1,1
WBGene00201737.,0,0,0
WBGene00201738.,0,1,1
WBGene00201739.,0,2,2
WBGene00201740.,0,2,2
WBGene00201741.,0,4,4
WBGene00201742.,0,0,0
WBGene00201743.,0,0,0
WBGene00201744.,0,0,0
WBGene00201745.,0,53,53
WBGene00201746.,0,0,0
WBGene00201747.,0,1,1
WBGene00201748.,0,0,0
WBGene00201749.,0,4,4
WBGene00201750.,0,1,1
WBGene00201751.,0,0,0
WBGene00201752.,0,8,8
WBGene00201753.,0,9,9
WBGene00201754.,0,2,2
WBGene00201755.,0,16,16
WBGene00201756.,0,0,0
WBGene00201757.,0,4,4
WBGene00201758.,0,0,0
WBGene00201759.,0,0,0
WBGene00201760.,0,0,0
WBGene00201761.,0,0,0
WBGene00201762.,0,1,1
WBGene00201763.,0,1,1
WBGene00201764.,0,1,1
WBGene00201765.,0,0,0
WBGene00201766.,0,2,2
WBGene00201767.,0,0,0
WBGene00201768.,0,2,2
WBGene00201769.,0,1,1
WBGene00201770.,0,40,40
WBGene00201771.,0,11,11
WBGene00201772.,0,0,0
WBGene00201773.,0,1,1
WBGene00201774.,0,0,0
WBGene00201775.,0,0,0
WBGene00201776.,0,0,0
WBGene00201777.,0,0,0
WBGene00201778.,0,15,15
WBGene00201779.,0,1,1
WBGene00201780.,0,0,0
WBGene00201781.,0,0,0
WBGene00201782.,0,0,0
WBGene00201783.,0,2,2
WBGene00201784.,0,2,2
WBGene00201785.,0,2,2
WBGene00201786.,0,0,0
WBGene00201787.,0,0,0
WBGene00201788.,0,0,0
WBGene00201789.,0,1,1
WBGene00201790.,0,0,0
WBGene00201791.,0,1,1
WBGene00201792.,0,0,0
WBGene00201793.,0,1,1
WBGene00201794.,0,0,0
WBGene00201795.,0,0,0
WBGene00201796.,0,0,0
WBGene00201797.,0,4,4
WBGene00201798.,0,0,0
WBGene00201799.,0,0,0
WBGene00201800.,0,0,0
WBGene00201801.,0,2,2
WBGene00201802.,0,1,1
WBGene00201803.,0,0,0
WBGene00201804.,0,0,0
WBGene00201805.,0,0,0
WBGene00201806.,0,9,9
WBGene00201807.,0,7,7
WBGene00201808.,0,1,1
WBGene00201809.,0,0,0
WBGene00201810.,0,0,0
WBGene00201811.,0,6,6
WBGene00201812.,0,1,1
WBGene00201813.,0,0,0
WBGene00201814.,0,0,0
WBGene00201815.,0,1,1
WBGene00201816.,0,0,0
WBGene00201817.,0,3,3
WBGene00201818.,0,0,0
WBGene00201819.,0,0,0
WBGene00201820.,0,0,0
WBGene00201821.,0,7,7
WBGene00201822.,0,0,0
WBGene00201823.,0,0,0
WBGene00201824.,0,1,1
WBGene00201825.,0,27,27
WBGene00201826.,0,0,0
WBGene00201827.,0,2,2
WBGene00201828.,0,3,3
WBGene00201829.,0,2,2
WBGene00201830.,0,0,0
WBGene00201831.,0,0,0
WBGene00201832.,0,0,0
WBGene00201833.,0,0,0
WBGene00201834.,0,0,0
WBGene00201835.,0,0,0
WBGene00201836.,0,13,13
WBGene00201837.,0,0,0
WBGene00201838.,0,9,9
WBGene00201839.,0,0,0
WBGene00201840.,0,4,4
WBGene00201841.,0,0,0
WBGene00201842.,0,0,0
WBGene00201843.,0,2,2
WBGene00201844.,0,1,1
WBGene00201845.,0,0,0
WBGene00201846.,0,3,3
WBGene00201847.,0,2,2
WBGene00201848.,0,2,2
WBGene00201849.,0,1,1
WBGene00201850.,0,0,0
WBGene00201851.,0,0,0
WBGene00201852.,0,0,0
WBGene00201853.,0,7,7
WBGene00201854.,0,1,1
WBGene00201855.,0,29,29
WBGene00201856.,0,0,0
WBGene00201857.,0,0,0
WBGene00201858.,0,1,1
WBGene00201859.,0,0,0
WBGene00201860.,0,1,1
WBGene00201861.,0,0,0
WBGene00201862.,0,2,2
WBGene00201863.,0,0,0
WBGene00201864.,0,1,1
WBGene00201865.,0,0,0
WBGene00201866.,0,0,0
WBGene00201867.,0,1,1
WBGene00201868.,0,5,5
WBGene00201869.,0,2,2
WBGene00201870.,0,1,1
WBGene00201871.,0,85,85
WBGene00201872.,0,0,0
WBGene00201873.,0,0,0
WBGene00201874.,0,0,0
WBGene00201875.,0,0,0
WBGene00201876.,0,0,0
WBGene00201877.,0,0,0
WBGene00201878.,0,0,0
WBGene00201879.,0,4,4
WBGene00201880.,0,1,1
WBGene00201881.,0,2,2
WBGene00201882.,0,0,0
WBGene00201883.,0,0,0
WBGene00201884.,0,1,1
WBGene00201885.,0,8,8
WBGene00201886.,0,0,0
WBGene00201887.,0,0,0
WBGene00201888.,0,2,2
WBGene00201889.,0,4,4
WBGene00201890.,0,0,0
WBGene00201891.,0,0,0
WBGene00201892.,0,0,0
WBGene00201893.,0,2,2
WBGene00201894.,0,5,5
WBGene00201895.,0,1,1
WBGene00201896.,0,0,0
WBGene00201897.,0,0,0
WBGene00201898.,0,0,0
WBGene00201899.,0,0,0
WBGene00201900.,0,9,9
WBGene00201901.,0,6,6
WBGene00201902.,0,1,1
WBGene00201903.,0,22,22
WBGene00201904.,0,0,0
WBGene00201905.,0,10,10
WBGene00201906.,0,1,1
WBGene00201907.,0,2,2
WBGene00201908.,0,2,2
WBGene00201909.,0,2,2
WBGene00201910.,0,0,0
WBGene00201911.,0,0,0
WBGene00201912.,0,0,0
WBGene00201913.,0,0,0
WBGene00201914.,0,0,0
WBGene00201915.,0,18,18
WBGene00201916.,0,2,2
WBGene00201917.,0,5,5
WBGene00201918.,0,0,0
WBGene00201919.,0,82,82
WBGene00201920.,0,0,0
WBGene00201921.,0,4,4
WBGene00201922.,0,2,2
WBGene00201923.,0,2,2
WBGene00201924.,0,0,0
WBGene00201925.,0,0,0
WBGene00201926.,0,0,0
WBGene00201927.,0,0,0
WBGene00201928.,0,0,0
WBGene00201929.,0,0,0
WBGene00201930.,0,8,8
WBGene00201931.,0,2,2
WBGene00201932.,0,0,0
WBGene00201933.,0,14,14
WBGene00201934.,0,0,0
WBGene00201935.,0,0,0
WBGene00201936.,0,0,0
WBGene00201937.,0,0,0
WBGene00201938.,0,0,0
WBGene00201939.,0,0,0
WBGene00201940.,0,0,0
WBGene00201941.,0,0,0
WBGene00201942.,0,11,11
WBGene00201943.,0,0,0
WBGene00201944.,0,8,8
WBGene00201945.,0,1,1
WBGene00201946.,0,0,0
WBGene00201947.,0,0,0
WBGene00201948.,0,0,0
WBGene00201949.,0,9,9
WBGene00201950.,0,0,0
WBGene00201951.,0,0,0
WBGene00201952.,0,10,10
WBGene00201953.,0,39,39
WBGene00201954.,0,3,3
WBGene00201955.,0,0,0
WBGene00201956.,0,1,1
WBGene00201957.,0,0,0
WBGene00201958.,0,1,1
WBGene00201959.,0,6,6
WBGene00201960.,0,0,0
WBGene00201961.,0,0,0
WBGene00201962.,0,2,2
WBGene00201963.,0,1,1
WBGene00201964.,0,88,88
WBGene00201965.,0,0,0
WBGene00201966.,0,20,20
WBGene00201967.,0,4,4
WBGene00201968.,0,0,0
WBGene00201969.,0,0,0
WBGene00201970.,0,1,1
WBGene00201971.,0,0,0
WBGene00201972.,0,0,0
WBGene00201973.,0,0,0
WBGene00201974.,0,0,0
WBGene00201975.,0,0,0
WBGene00201976.,0,0,0
WBGene00201977.,0,0,0
WBGene00201978.,0,1,1
WBGene00201979.,0,0,0
WBGene00201980.,0,2,2
WBGene00201981.,0,0,0
WBGene00201982.,0,12,12
WBGene00201983.,0,1,1
WBGene00201984.,0,1,1
WBGene00201985.,0,0,0
WBGene00201986.,0,12,12
WBGene00201987.,0,1,1
WBGene00201988.,0,3,3
WBGene00201989.,0,5,5
WBGene00201990.,0,1,1
WBGene00201991.,0,3,3
WBGene00201992.,0,6,6
WBGene00201993.,0,1,1
WBGene00201994.,0,9,9
WBGene00201995.,0,1,1
WBGene00201996.,0,0,0
WBGene00201997.,0,1,1
WBGene00201998.,0,12,12
WBGene00201999.,0,0,0
WBGene00202000.,0,0,0
WBGene00202001.,0,5,5
WBGene00202002.,0,1,1
WBGene00202003.,0,0,0
WBGene00202004.,0,0,0
WBGene00202005.,0,4,4
WBGene00202006.,0,0,0
WBGene00202007.,0,0,0
WBGene00202008.,0,3,3
WBGene00202009.,0,1,1
WBGene00202010.,0,0,0
WBGene00202011.,0,8,8
WBGene00202012.,0,1,1
WBGene00202013.,0,0,0
WBGene00202014.,0,0,0
WBGene00202015.,0,0,0
WBGene00202016.,0,84,84
WBGene00202017.,0,4,4
WBGene00202018.,0,0,0
WBGene00202019.,0,0,0
WBGene00202020.,0,0,0
WBGene00202021.,0,1,1
WBGene00202022.,0,1,1
WBGene00202023.,0,0,0
WBGene00202024.,0,1,1
WBGene00202025.,0,0,0
WBGene00202026.,0,1,1
WBGene00202027.,0,1,1
WBGene00202028.,0,8,8
WBGene00202029.,0,51,51
WBGene00202030.,0,12,12
WBGene00202031.,0,0,0
WBGene00202032.,0,1,1
WBGene00202033.,0,2,2
WBGene00202034.,0,0,0
WBGene00202035.,0,6,6
WBGene00202036.,0,14,14
WBGene00202037.,0,0,0
WBGene00202038.,0,0,0
WBGene00202039.,0,1,1
WBGene00202040.,0,0,0
WBGene00202041.,0,1,1
WBGene00202042.,0,0,0
WBGene00202043.,0,0,0
WBGene00202044.,0,2,2
WBGene00202045.,0,0,0
WBGene00202046.,0,0,0
WBGene00202047.,0,0,0
WBGene00202048.,0,4,4
WBGene00202049.,0,0,0
WBGene00202050.,0,1,1
WBGene00202051.,0,2,2
WBGene00202052.,0,0,0
WBGene00202053.,0,0,0
WBGene00202054.,0,0,0
WBGene00202055.,0,0,0
WBGene00202056.,0,6,6
WBGene00202057.,0,1,1
WBGene00202058.,0,0,0
WBGene00202059.,0,1,1
WBGene00202060.,0,0,0
WBGene00202061.,0,0,0
WBGene00202062.,0,0,0
WBGene00202063.,0,2,2
WBGene00202064.,0,0,0
WBGene00202065.,0,1,1
WBGene00202066.,0,3,3
WBGene00202067.,0,0,0
WBGene00202068.,0,0,0
WBGene00202069.,0,0,0
WBGene00202070.,0,0,0
WBGene00202071.,0,0,0
WBGene00202072.,0,1,1
WBGene00202073.,0,0,0
WBGene00202074.,0,49,49
WBGene00202075.,0,1,1
WBGene00202076.,0,0,0
WBGene00202077.,0,5,5
WBGene00202078.,0,0,0
WBGene00202079.,0,1,1
WBGene00202080.,0,0,0
WBGene00202081.,0,2,2
WBGene00202082.,0,4,4
WBGene00202083.,0,0,0
WBGene00202084.,0,1,1
WBGene00202085.,0,2,2
WBGene00202086.,0,3,3
WBGene00202087.,0,6,6
WBGene00202088.,0,0,0
WBGene00202089.,0,3,3
WBGene00202090.,0,0,0
WBGene00202091.,0,18,18
WBGene00202092.,0,0,0
WBGene00202093.,0,0,0
WBGene00202094.,0,2,2
WBGene00202095.,0,0,0
WBGene00202096.,0,3,3
WBGene00202097.,0,7,7
WBGene00202098.,0,0,0
WBGene00202099.,0,0,0
WBGene00202100.,0,0,0
WBGene00202101.,0,1,1
WBGene00202102.,0,1,1
WBGene00202103.,0,0,0
WBGene00202104.,0,1,1
WBGene00202105.,0,8,8
WBGene00202106.,0,0,0
WBGene00202107.,0,4,4
WBGene00202108.,0,0,0
WBGene00202109.,0,0,0
WBGene00202110.,0,0,0
WBGene00202111.,0,0,0
WBGene00202112.,0,2,2
WBGene00202113.,0,4,4
WBGene00202114.,0,2,2
WBGene00202115.,0,0,0
WBGene00202116.,0,2,2
WBGene00202117.,0,0,0
WBGene00202118.,0,0,0
WBGene00202119.,0,4,4
WBGene00202120.,0,0,0
WBGene00202121.,0,0,0
WBGene00202122.,0,4,4
WBGene00202123.,0,0,0
WBGene00202124.,0,0,0
WBGene00202125.,0,0,0
WBGene00202126.,0,1,1
WBGene00202127.,0,2,2
WBGene00202128.,0,0,0
WBGene00202129.,0,1,1
WBGene00202130.,0,5,5
WBGene00202131.,0,0,0
WBGene00202132.,0,0,0
WBGene00202133.,0,15,15
WBGene00202134.,0,1,1
WBGene00202135.,0,0,0
WBGene00202136.,0,34,34
WBGene00202137.,0,0,0
WBGene00202138.,0,0,0
WBGene00202139.,0,0,0
WBGene00202140.,0,2,2
WBGene00202141.,0,0,0
WBGene00202142.,0,0,0
WBGene00202143.,0,1,1
WBGene00202144.,0,0,0
WBGene00202145.,0,4,4
WBGene00202146.,0,0,0
WBGene00202147.,0,0,0
WBGene00202148.,0,0,0
WBGene00202149.,0,0,0
WBGene00202150.,0,8,8
WBGene00202151.,0,2,2
WBGene00202152.,0,1,1
WBGene00202153.,0,0,0
WBGene00202154.,0,0,0
WBGene00202155.,0,0,0
WBGene00202156.,0,0,0
WBGene00202157.,0,0,0
WBGene00202158.,0,4,4
WBGene00202159.,0,1,1
WBGene00202160.,0,1,1
WBGene00202161.,0,0,0
WBGene00202162.,0,0,0
WBGene00202163.,0,0,0
WBGene00202164.,0,1,1
WBGene00202165.,0,1,1
WBGene00202166.,0,11,11
WBGene00202167.,0,0,0
WBGene00202168.,0,0,0
WBGene00202169.,0,0,0
WBGene00202170.,0,1,1
WBGene00202171.,0,0,0
WBGene00202172.,0,0,0
WBGene00202173.,0,0,0
WBGene00202174.,0,0,0
WBGene00202175.,0,4,4
WBGene00202176.,0,0,0
WBGene00202177.,0,1,1
WBGene00202178.,0,1,1
WBGene00202179.,0,0,0
WBGene00202180.,0,1,1
WBGene00202181.,0,5,5
WBGene00202182.,0,0,0
WBGene00202183.,0,0,0
WBGene00202184.,0,0,0
WBGene00202185.,0,0,0
WBGene00202186.,0,0,0
WBGene00202187.,0,0,0
WBGene00202188.,0,0,0
WBGene00202189.,0,0,0
WBGene00202190.,0,0,0
WBGene00202191.,0,4,4
WBGene00202192.,0,0,0
WBGene00202193.,0,0,0
WBGene00202194.,0,3,3
WBGene00202195.,0,1,1
WBGene00202196.,0,2,2
WBGene00202197.,0,0,0
WBGene00202198.,0,1,1
WBGene00202199.,0,0,0
WBGene00202200.,0,0,0
WBGene00202201.,0,0,0
WBGene00202202.,0,3,3
WBGene00202203.,0,0,0
WBGene00202204.,0,0,0
WBGene00202205.,0,1,1
WBGene00202206.,0,0,0
WBGene00202207.,0,0,0
WBGene00202208.,0,0,0
WBGene00202209.,0,0,0
WBGene00202210.,0,0,0
WBGene00202211.,0,1,1
WBGene00202212.,0,1,1
WBGene00202213.,0,0,0
WBGene00202214.,0,0,0
WBGene00202215.,0,2,2
WBGene00202216.,0,3,3
WBGene00202217.,0,0,0
WBGene00202218.,0,1,1
WBGene00202219.,0,1,1
WBGene00202220.,0,1,1
WBGene00202221.,0,1,1
WBGene00202222.,0,0,0
WBGene00202223.,0,1,1
WBGene00202224.,0,1,1
WBGene00202225.,0,0,0
WBGene00202226.,0,1,1
WBGene00202227.,0,0,0
WBGene00202228.,0,0,0
WBGene00202229.,0,0,0
WBGene00202230.,0,0,0
WBGene00202231.,0,4,4
WBGene00202232.,0,6,6
WBGene00202233.,0,0,0
WBGene00202234.,0,0,0
WBGene00202235.,0,3,3
WBGene00202236.,0,0,0
WBGene00202237.,0,2,2
WBGene00202238.,0,0,0
WBGene00202239.,0,0,0
WBGene00202240.,0,3,3
WBGene00202241.,0,0,0
WBGene00202242.,0,0,0
WBGene00202243.,0,0,0
WBGene00202244.,0,0,0
WBGene00202245.,0,3,3
WBGene00202246.,0,0,0
WBGene00202247.,0,0,0
WBGene00202248.,0,0,0
WBGene00202249.,0,0,0
WBGene00202250.,0,0,0
WBGene00202251.,0,0,0
WBGene00202252.,0,0,0
WBGene00202253.,0,0,0
WBGene00202254.,0,0,0
WBGene00202255.,0,2,2
WBGene00202256.,0,0,0
WBGene00202257.,0,2,2
WBGene00202258.,0,1,1
WBGene00202259.,0,0,0
WBGene00202260.,0,1,1
WBGene00202261.,0,3,3
WBGene00202262.,0,1,1
WBGene00202263.,0,2,2
WBGene00202264.,0,1,1
WBGene00202265.,0,0,0
WBGene00202266.,0,0,0
WBGene00202267.,0,1,1
WBGene00202268.,0,11,11
WBGene00202269.,0,0,0
WBGene00202270.,0,0,0
WBGene00202271.,0,0,0
WBGene00202272.,0,3,3
WBGene00202273.,0,3,3
WBGene00202274.,0,0,0
WBGene00202275.,0,0,0
WBGene00202276.,0,0,0
WBGene00202277.,0,0,0
WBGene00202278.,0,1,1
WBGene00202279.,0,1,1
WBGene00202280.,0,0,0
WBGene00202281.,0,0,0
WBGene00202282.,0,0,0
WBGene00202283.,0,0,0
WBGene00202284.,0,0,0
WBGene00202285.,0,0,0
WBGene00202286.,0,2,2
WBGene00202287.,0,1,1
WBGene00202288.,0,0,0
WBGene00202289.,0,5,5
WBGene00202290.,0,1,1
WBGene00202291.,0,0,0
WBGene00202292.,0,1,1
WBGene00202293.,0,3,3
WBGene00202294.,0,6,6
WBGene00202295.,0,2,2
WBGene00202296.,0,0,0
WBGene00202297.,0,9,9
WBGene00202298.,0,1,1
WBGene00202299.,0,0,0
WBGene00202300.,0,1,1
WBGene00202301.,0,32,32
WBGene00202302.,0,0,0
WBGene00202303.,0,0,0
WBGene00202304.,0,1,1
WBGene00202305.,0,5,5
WBGene00202306.,0,2,2
WBGene00202307.,0,1,1
WBGene00202308.,0,0,0
WBGene00202309.,0,0,0
WBGene00202310.,0,0,0
WBGene00202311.,0,10,10
WBGene00202312.,0,0,0
WBGene00202313.,0,8,8
WBGene00202314.,0,3,3
WBGene00202315.,0,4,4
WBGene00202316.,0,4,4
WBGene00202317.,0,3,3
WBGene00202318.,0,0,0
WBGene00202319.,0,3,3
WBGene00202320.,0,0,0
WBGene00202321.,0,4,4
WBGene00202322.,0,0,0
WBGene00202323.,0,1,1
WBGene00202324.,0,0,0
WBGene00202325.,0,0,0
WBGene00202326.,0,0,0
WBGene00202327.,0,1,1
WBGene00202328.,0,0,0
WBGene00202329.,0,1,1
WBGene00202330.,0,9,9
WBGene00202331.,0,0,0
WBGene00202332.,0,7,7
WBGene00202333.,0,1,1
WBGene00202334.,0,0,0
WBGene00202335.,0,0,0
WBGene00202336.,0,0,0
WBGene00202337.,0,0,0
WBGene00202338.,0,0,0
WBGene00202339.,0,0,0
WBGene00202340.,0,5,5
WBGene00202341.,0,0,0
WBGene00202342.,0,0,0
WBGene00202343.,0,0,0
WBGene00202344.,0,0,0
WBGene00202345.,0,0,0
WBGene00202346.,0,0,0
WBGene00202347.,0,0,0
WBGene00202348.,0,1,1
WBGene00202349.,0,1,1
WBGene00202350.,0,3,3
WBGene00202351.,0,0,0
WBGene00202352.,0,0,0
WBGene00202353.,0,0,0
WBGene00202354.,0,0,0
WBGene00202355.,0,3,3
WBGene00202356.,0,0,0
WBGene00202357.,0,0,0
WBGene00202358.,0,0,0
WBGene00202359.,0,0,0
WBGene00202360.,0,0,0
WBGene00202361.,0,0,0
WBGene00202362.,0,0,0
WBGene00202363.,0,0,0
WBGene00202364.,0,0,0
WBGene00202365.,0,1,1
WBGene00202366.,0,0,0
WBGene00202367.,0,0,0
WBGene00202368.,0,0,0
WBGene00202369.,0,0,0
WBGene00202370.,0,0,0
WBGene00202371.,0,1,1
WBGene00202372.,0,0,0
WBGene00202373.,0,3,3
WBGene00202374.,0,0,0
WBGene00202375.,0,0,0
WBGene00202376.,0,2,2
WBGene00202377.,0,4,4
WBGene00202378.,0,0,0
WBGene00202379.,0,0,0
WBGene00202380.,0,0,0
WBGene00202381.,0,1,1
WBGene00202382.,0,0,0
WBGene00202383.,0,2,2
WBGene00202384.,0,2,2
WBGene00202385.,0,0,0
WBGene00202386.,0,0,0
WBGene00202387.,0,2,2
WBGene00202388.,0,2,2
WBGene00202389.,0,9,9
WBGene00202390.,0,0,0
WBGene00202391.,0,0,0
WBGene00202392.,0,0,0
WBGene00202393.,0,0,0
WBGene00202394.,0,6,6
WBGene00202395.,0,1,1
WBGene00202396.,0,0,0
WBGene00202397.,0,6,6
WBGene00202398.,0,0,0
WBGene00202399.,0,0,0
WBGene00202400.,0,28,28
WBGene00202401.,0,2,2
WBGene00202402.,0,0,0
WBGene00202403.,0,0,0
WBGene00202404.,0,2,2
WBGene00202405.,0,0,0
WBGene00202406.,0,2,2
WBGene00202407.,0,2,2
WBGene00202408.,0,0,0
WBGene00202409.,0,0,0
WBGene00202410.,0,933,933
WBGene00202411.,0,0,0
WBGene00202412.,0,1,1
WBGene00202413.,0,2,2
WBGene00202414.,0,0,0
WBGene00202415.,0,1,1
WBGene00202416.,0,6,6
WBGene00202417.,0,2,2
WBGene00202418.,0,1,1
WBGene00202419.,0,0,0
WBGene00202420.,0,0,0
WBGene00202421.,0,0,0
WBGene00202422.,0,2,2
WBGene00202423.,0,1,1
WBGene00202424.,0,4,4
WBGene00202425.,0,3,3
WBGene00202426.,0,0,0
WBGene00202427.,0,0,0
WBGene00202428.,0,0,0
WBGene00202429.,0,7,7
WBGene00202430.,0,0,0
WBGene00202431.,0,0,0
WBGene00202432.,0,3,3
WBGene00202433.,0,0,0
WBGene00202434.,0,4,4
WBGene00202435.,0,0,0
WBGene00202436.,0,11,11
WBGene00202437.,0,0,0
WBGene00202438.,0,2,2
WBGene00202439.,0,0,0
WBGene00202440.,0,0,0
WBGene00202441.,0,1,1
WBGene00202442.,0,0,0
WBGene00202443.,0,1,1
WBGene00202444.,0,0,0
WBGene00202445.,0,0,0
WBGene00202446.,0,1,1
WBGene00202447.,0,1,1
WBGene00202448.,0,23,23
WBGene00202449.,0,33,33
WBGene00202450.,0,0,0
WBGene00202451.,0,2,2
WBGene00202452.,0,0,0
WBGene00202453.,0,1,1
WBGene00202454.,0,0,0
WBGene00202455.,0,0,0
WBGene00202456.,0,0,0
WBGene00202457.,0,0,0
WBGene00202458.,0,0,0
WBGene00202459.,0,2,2
WBGene00202460.,0,2,2
WBGene00202461.,0,1,1
WBGene00202462.,0,0,0
WBGene00202463.,0,12,12
WBGene00202464.,0,0,0
WBGene00202465.,0,2,2
WBGene00202466.,0,0,0
WBGene00202467.,0,1,1
WBGene00202468.,0,0,0
WBGene00202469.,0,3,3
WBGene00202470.,0,5,5
WBGene00202471.,0,0,0
WBGene00202472.,0,4,4
WBGene00202473.,0,0,0
WBGene00202474.,0,0,0
WBGene00202475.,0,2,2
WBGene00202476.,0,3,3
WBGene00202477.,0,1,1
WBGene00202478.,0,0,0
WBGene00202479.,0,0,0
WBGene00202480.,0,2,2
WBGene00202481.,0,0,0
WBGene00202482.,0,0,0
WBGene00202483.,0,3,3
WBGene00202484.,0,1,1
WBGene00202485.,0,1,1
WBGene00202486.,0,0,0
WBGene00202487.,0,0,0
WBGene00202488.,0,0,0
WBGene00202489.,0,0,0
WBGene00202490.,0,2,2
WBGene00202491.,0,0,0
WBGene00202492.,0,8,8
WBGene00202493.,0,3,3
WBGene00202494.,0,0,0
WBGene00202495.,0,0,0
WBGene00202496.,2,33,35
WBGene00202497.,9,2,11
WBGene00202498.,6,15,21
WBGene00202499.,6,5,11
WBGene00202500.,6,0,6
WBGene00202501.,4,15,19
WBGene00202502.,1,27,28
WBGene00202504.,0,0,0
WBGene00202511.,6,21,27
WBGene00202512.,34,20,54
WBGene00202513.,2,87,89
WBGene00202514.,6,16,22
WBGene00206354.,12,170,182
WBGene00206355.,2,27,29
WBGene00206356.,11,514,525
WBGene00206357.,5,31,36
WBGene00206358.,1,0,1
WBGene00206359.,11,20,31
WBGene00206360.,1,4,5
WBGene00206361.,2,26,28
WBGene00206362.,84,553,637
WBGene00206363.,0,0,0
WBGene00206364.,16,29,45
WBGene00206365.,1,34,35
WBGene00206366.,5,54,59
WBGene00206368.,0,0,0
WBGene00206369.,0,1,1
WBGene00206370.,21,37,58
WBGene00206371.,6,319,325
WBGene00206372.,3,9,12
WBGene00206373.,10,135,145
WBGene00206374.,99,272,371
WBGene00206375.,0,3,3
WBGene00206377.,5,16,21
WBGene00206378.,37,56,93
WBGene00206379.,2,2,4
WBGene00206380.,134,1787,1921
WBGene00206381.,0,26,26
WBGene00206382.,24,104,128
WBGene00206383.,6,3,9
WBGene00206384.,12,8,20
WBGene00206385.,0,0,0
WBGene00206386.,2,11,13
WBGene00206388.,5,1,6
WBGene00206389.,0,7,7
WBGene00206390.,13,52,65
WBGene00206391.,1,2,3
WBGene00206392.,21,38,59
WBGene00206393.,6,10,16
WBGene00206394.,0,0,0
WBGene00206395.,0,0,0
WBGene00206411.,7,5,12
WBGene00206412.,2,32,34
WBGene00206413.,7,23,30
WBGene00206414.,6,15,21
WBGene00206415.,45,18,63
WBGene00206416.,14,62,76
WBGene00206417.,16,260,276
WBGene00206418.,2,353,355
WBGene00206420.,13,418,431
WBGene00206421.,0,0,0
WBGene00206422.,0,0,0
WBGene00206423.,0,1863,1863
WBGene00206459.,84,974,1058
WBGene00206460.,65,475,540
WBGene00206461.,17,133,150
WBGene00206462.,0,31,31
WBGene00206464.,0,236,236
WBGene00206466.,2,73,75
WBGene00206468.,0,0,0
WBGene00206469.,87,123,210
WBGene00206470.,1,8,9
WBGene00206471.,14,5,19
WBGene00206473.,0,17,17
WBGene00206474.,7,39,46
WBGene00206475.,3,1,4
WBGene00206477.,4,21,25
WBGene00206478.,6,15,21
WBGene00206479.,17,7,24
WBGene00206481.,1,1,2
WBGene00206482.,5,26,31
WBGene00206483.,4,3,7
WBGene00206484.,8,53,61
WBGene00206485.,3,13,16
WBGene00206486.,11,22,33
WBGene00206487.,34,1122,1156
WBGene00206488.,180,59,239
WBGene00206489.,397,308,705
WBGene00206490.,2,0,2
WBGene00206491.,27,46,73
WBGene00206492.,0,0,0
WBGene00206493.,0,2,2
WBGene00206494.,3,7,10
WBGene00206495.,5,1,6
WBGene00206496.,1,2,3
WBGene00206497.,10,1,11
WBGene00206498.,2,0,2
WBGene00206499.,1,1,2
WBGene00206500.,0,0,0
WBGene00206501.,1,0,1
WBGene00206502.,3,4,7
WBGene00206503.,0,1,1
WBGene00206504.,0,0,0
WBGene00206505.,25,531,556
WBGene00206506.,2,1,3
WBGene00206507.,3,7,10
WBGene00206508.,1,0,1
WBGene00206509.,0,4,4
WBGene00206510.,3,3,6
WBGene00206511.,13,3,16
WBGene00206512.,3,31,34
WBGene00206513.,1,0,1
WBGene00206514.,4,8,12
WBGene00206515.,2,7,9
WBGene00206516.,954,0,954
WBGene00206517.,9,205,214
WBGene00206518.,0,6,6
WBGene00206519.,0,1,1
WBGene00206520.,5,19,24
WBGene00206521.,0,0,0
WBGene00206522.,461,24583,25044
WBGene00206523.,0,2,2
WBGene00206524.,4,38,42
WBGene00206525.,116,1264,1380
WBGene00206526.,4,25,29
WBGene00206527.,9,10,19
WBGene00206528.,0,112,112
WBGene00206529.,87,658,745
WBGene00206530.,78,107,185
WBGene00206531.,0,0,0
WBGene00206532.,514,436,950
WBGene00206533.,96,48,144
WBGene00206534.,0,0,0
WBGene00206535.,12,8,20
WBGene00206536.,14,7,21
WBGene00206537.,5,8,13
WBGene00206538.,45,407,452
WBGene00215616.,65,244,309
WBGene00219205.,0,7,7
WBGene00219206.,11,355,366
WBGene00219207.,0,883,883
WBGene00219208.,5,27,32
WBGene00219209.,24,20,44
WBGene00219210.,26,292,318
WBGene00219212.,0,0,0
WBGene00219214.,2,6,8
WBGene00219215.,2,0,2
WBGene00219216.,30,91,121
WBGene00219217.,1,1,2
WBGene00219218.,2,55,57
WBGene00219219.,0,0,0
WBGene00219220.,0,4,4
WBGene00219221.,0,46,46
WBGene00219222.,0,0,0
WBGene00219223.,0,0,0
WBGene00219224.,0,0,0
WBGene00219225.,0,0,0
WBGene00219226.,0,0,0
WBGene00219227.,0,0,0
WBGene00219228.,0,0,0
WBGene00219229.,0,12,12
WBGene00219230.,0,0,0
WBGene00219231.,0,0,0
WBGene00219232.,0,0,0
WBGene00219233.,0,0,0
WBGene00219234.,1,0,1
WBGene00219235.,1,6,7
WBGene00219236.,5,28,33
WBGene00219238.,1,0,1
WBGene00219239.,0,0,0
WBGene00219241.,7,12,19
WBGene00219242.,0,1,1
WBGene00219243.,58,41,99
WBGene00219244.,1,1,2
WBGene00219245.,0,0,0
WBGene00219246.,0,0,0
WBGene00219247.,0,0,0
WBGene00219248.,0,0,0
WBGene00219249.,0,0,0
WBGene00219250.,0,0,0
WBGene00219251.,0,0,0
WBGene00219252.,0,0,0
WBGene00219253.,0,0,0
WBGene00219254.,0,0,0
WBGene00219255.,0,0,0
WBGene00219256.,0,0,0
WBGene00219257.,0,0,0
WBGene00219258.,0,0,0
WBGene00219259.,0,0,0
WBGene00219260.,0,0,0
WBGene00219261.,0,0,0
WBGene00219262.,0,0,0
WBGene00219263.,0,0,0
WBGene00219264.,0,0,0
WBGene00219265.,0,1,1
WBGene00219266.,0,2,2
WBGene00219267.,0,20,20
WBGene00219269.,0,0,0
WBGene00219270.,0,0,0
WBGene00219271.,0,11,11
WBGene00219272.,7,5,12
WBGene00219274.,151,402,553
WBGene00219275.,162,1789,1951
WBGene00219278.,0,3,3
WBGene00219279.,0,0,0
WBGene00219280.,3,25,28
WBGene00219281.,80,422,502
WBGene00219282.,5,36,41
WBGene00219283.,1044,606,1650
WBGene00219284.,4,8,12
WBGene00219285.,6,9,15
WBGene00219286.,9,956,965
WBGene00219287.,11,224,235
WBGene00219288.,75,261,336
WBGene00219289.,104,126,230
WBGene00219290.,1,0,1
WBGene00219291.,0,0,0
WBGene00219292.,7,2,9
WBGene00219293.,7,4,11
WBGene00219294.,0,14,14
WBGene00219295.,24,21,45
WBGene00219296.,35,50,85
WBGene00219297.,13,18,31
WBGene00219298.,11,83,94
WBGene00219299.,3,11,14
WBGene00219300.,40,152,192
WBGene00219301.,1,3,4
WBGene00219302.,0,3,3
WBGene00219303.,43,85,128
WBGene00219304.,55,1322,1377
WBGene00219306.,8,64,72
WBGene00219307.,341,1917,2258
WBGene00219308.,0,0,0
WBGene00219309.,0,16,16
WBGene00219310.,0,9,9
WBGene00219311.,0,0,0
WBGene00219312.,0,0,0
WBGene00219313.,69,2223,2292
WBGene00219314.,3,3,6
WBGene00219315.,0,7,7
WBGene00219316.,59,745,804
WBGene00219317.,19,148,167
WBGene00219318.,0,0,0
WBGene00219319.,34,12,46
WBGene00219321.,1,6,7
WBGene00219322.,0,0,0
WBGene00219323.,0,12,12
WBGene00219324.,0,5,5
WBGene00219325.,13,6,19
WBGene00219326.,1,3,4
WBGene00219327.,0,2,2
WBGene00219329.,965,980,1945
WBGene00219330.,6,4,10
WBGene00219331.,1,21,22
WBGene00219332.,62,0,62
WBGene00219337.,141,82,223
WBGene00219342.,2,2,4
WBGene00219343.,0,92,92
WBGene00219351.,5,10,15
WBGene00219352.,2,1,3
WBGene00219362.,126,244,370
WBGene00219368.,0,47,47
WBGene00219369.,2,8,10
WBGene00219370.,0,6,6
WBGene00219371.,1,5,6
WBGene00219373.,8,330,338
WBGene00219374.,50,2,52
WBGene00219375.,154,914,1068
WBGene00219376.,10,127,137
WBGene00219377.,3,9,12
WBGene00219378.,1,15,16
WBGene00219381.,2,3,5
WBGene00219383.,3,6,9
WBGene00219394.,0,0,0
WBGene00219395.,5,7,12
WBGene00219399.,63,123,186
WBGene00219410.,6,3,9
WBGene00219411.,7,24,31
WBGene00219412.,0,3,3
WBGene00219413.,4,148,152
WBGene00219414.,3,28,31
WBGene00219415.,9,9,18
WBGene00219416.,1,10,11
WBGene00219417.,10,29,39
WBGene00219418.,0,1,1
WBGene00219420.,0,21,21
WBGene00219421.,0,40,40
WBGene00219422.,20,44,64
WBGene00219423.,18,61,79
WBGene00219424.,9,34,43
WBGene00219425.,275,548,823
WBGene00219434.,2,15,17
WBGene00219436.,16,28,44
WBGene00219437.,3,0,3
WBGene00219442.,1,7,8
WBGene00219443.,0,0,0
WBGene00219444.,77,29,106
WBGene00219445.,0,0,0
WBGene00219446.,0,1,1
WBGene00219447.,0,1,1
WBGene00219448.,5,25,30
WBGene00219449.,1,7,8
WBGene00219450.,8,75,83
WBGene00219451.,4,70,74
WBGene00219452.,3,12,15
WBGene00219453.,0,0,0
WBGene00219454.,0,0,0
WBGene00219455.,0,1,1
WBGene00219456.,0,3,3
WBGene00219458.,4,1,5
WBGene00219460.,32,15,47
WBGene00219476.,11,17,28
WBGene00219477.,0,0,0
WBGene00219478.,0,4,4
WBGene00219483.,10,0,10
WBGene00219489.,0,5,5
WBGene00219490.,2,152,154
WBGene00219491.,0,1,1
WBGene00219492.,5,2,7
WBGene00219493.,0,5,5
WBGene00219497.,4,13,17
WBGene00219498.,2,14,16
WBGene00219544.,0,0,0
WBGene00219545.,0,8,8
WBGene00219546.,225,546,771
WBGene00219547.,0,5,5
WBGene00219548.,0,97,97
WBGene00219549.,0,0,0
WBGene00219550.,3,1,4
WBGene00219551.,0,30,30
WBGene00219552.,31,0,31
WBGene00219553.,0,1,1
WBGene00219554.,2,3,5
WBGene00219555.,0,5,5
WBGene00219556.,0,0,0
WBGene00219557.,5,9,14
WBGene00219558.,0,0,0
WBGene00219559.,0,150,150
WBGene00219560.,0,0,0
WBGene00219561.,0,0,0
WBGene00219562.,28,12,40
WBGene00219563.,83,10,93
WBGene00219564.,0,0,0
WBGene00219565.,4,15,19
WBGene00219566.,0,53,53
WBGene00219567.,17,41,58
WBGene00219568.,0,6,6
WBGene00219569.,0,86,86
WBGene00219570.,26,40,66
WBGene00219571.,75,1244,1319
WBGene00219572.,212,24,236
WBGene00219573.,0,10,10
WBGene00219574.,0,5,5
WBGene00219575.,140,776,916
WBGene00219576.,0,1,1
WBGene00219577.,0,5,5
WBGene00219578.,0,13,13
WBGene00219579.,0,0,0
WBGene00219580.,2,2,4
WBGene00219581.,0,890,890
WBGene00219582.,0,80,80
WBGene00219583.,13,105,118
WBGene00219584.,0,6,6
WBGene00219585.,1,0,1
WBGene00219586.,34,13,47
WBGene00219587.,2,33,35
WBGene00219588.,0,2,2
WBGene00219589.,54,342,396
WBGene00219590.,0,27,27
WBGene00219591.,0,49,49
WBGene00219592.,0,2560,2560
WBGene00219593.,0,6,6
WBGene00219594.,0,0,0
WBGene00219596.,7,13,20
WBGene00219597.,0,4,4
WBGene00219598.,5,145,150
WBGene00219599.,6,2,8
WBGene00219600.,296,90,386
WBGene00219601.,129,447,576
WBGene00219602.,0,188,188
WBGene00219603.,1,11,12
WBGene00219604.,0,2,2
WBGene00219605.,61,80,141
WBGene00219606.,5,64,69
WBGene00219607.,0,23,23
WBGene00219608.,0,76,76
WBGene00219609.,0,5011,5011
WBGene00219610.,0,21,21
WBGene00219611.,0,5,5
WBGene00219612.,0,25,25
WBGene00219613.,37,2,39
WBGene00219614.,69,28,97
WBGene00219615.,83,312,395
WBGene00219616.,0,0,0
WBGene00219617.,29,183,212
WBGene00219618.,0,42,42
WBGene00219619.,11,176,187
WBGene00219620.,79,14,93
WBGene00219621.,0,0,0
WBGene00219622.,0,0,0
WBGene00219623.,1,0,1
WBGene00219624.,2,4,6
WBGene00219625.,23,39,62
WBGene00219626.,11,13,24
WBGene00219627.,41,125,166
WBGene00219628.,0,24,24
WBGene00219629.,37,31,68
WBGene00219630.,39,4,43
WBGene00219631.,0,2,2
WBGene00219632.,3,4,7
WBGene00219633.,0,12,12
WBGene00219634.,0,0,0
WBGene00219635.,0,0,0
WBGene00219636.,58,142,200
WBGene00219637.,0,26,26
WBGene00219638.,0,8,8
WBGene00219639.,1,8,9
WBGene00219640.,14,7,21
WBGene00219641.,11,77,88
WBGene00219642.,45,12,57
WBGene00219643.,0,0,0
WBGene00219644.,4,4,8
WBGene00219645.,60,31,91
WBGene00219646.,0,7,7
WBGene00219647.,436,754,1190
WBGene00219648.,0,22,22
WBGene00219649.,0,44,44
WBGene00219650.,0,221,221
WBGene00219651.,0,18,18
WBGene00219652.,1,0,1
WBGene00219653.,0,11,11
WBGene00219654.,16,42,58
WBGene00219655.,0,12,12
WBGene00219656.,32,2,34
WBGene00219657.,0,12,12
WBGene00219658.,0,0,0
WBGene00219659.,0,30,30
WBGene00219660.,1,12,13
WBGene00219661.,5,31,36
WBGene00219662.,0,16,16
WBGene00219663.,0,0,0
WBGene00219664.,0,40,40
WBGene00219665.,14,85,99
WBGene00219666.,175,17,192
WBGene00219667.,2,27,29
WBGene00219668.,0,1,1
WBGene00219669.,0,5,5
WBGene00219670.,0,1,1
WBGene00219671.,0,2,2
WBGene00219672.,166,365,531
WBGene00219673.,19,82,101
WBGene00219674.,0,9,9
WBGene00219675.,0,483,483
WBGene00219676.,0,16,16
WBGene00219677.,0,6,6
WBGene00219678.,80,781,861
WBGene00219679.,16,4,20
WBGene00219680.,0,434,434
WBGene00219681.,0,32,32
WBGene00219682.,0,111,111
WBGene00219683.,73,60,133
WBGene00219684.,0,1,1
WBGene00219685.,5,8,13
WBGene00219686.,11,80,91
WBGene00219687.,28,161,189
WBGene00219688.,21,62,83
WBGene00219689.,0,30,30
WBGene00219690.,0,0,0
WBGene00219691.,8,21,29
WBGene00219692.,2,0,2
WBGene00219693.,0,0,0
WBGene00219694.,9,18,27
WBGene00219695.,46,97,143
WBGene00219696.,0,27,27
WBGene00219697.,0,32,32
WBGene00219698.,0,0,0
WBGene00219699.,216,1163,1379
WBGene00219700.,0,67,67
WBGene00219701.,14,148,162
WBGene00219702.,0,46,46
WBGene00219703.,0,4,4
WBGene00219704.,0,0,0
WBGene00219705.,0,0,0
WBGene00219706.,1,7,8
WBGene00219707.,247,2227,2474
WBGene00219708.,7,93,100
WBGene00219709.,0,8,8
WBGene00219710.,0,183,183
WBGene00219711.,29,29,58
WBGene00219712.,89,44,133
WBGene00219713.,0,44,44
WBGene00219714.,0,1,1
WBGene00219715.,7,47,54
WBGene00219716.,0,5,5
WBGene00219717.,0,0,0
WBGene00219718.,34,118,152
WBGene00219719.,70,43,113
WBGene00219720.,0,850,850
WBGene00219721.,3,41,44
WBGene00219722.,0,17,17
WBGene00219723.,7,13,20
WBGene00219724.,0,10,10
WBGene00219725.,1,14,15
WBGene00219726.,1,5,6
WBGene00219727.,35,328,363
WBGene00219728.,0,20,20
WBGene00219729.,0,86,86
WBGene00219730.,0,16,16
WBGene00219731.,0,1,1
WBGene00219732.,7,4,11
WBGene00219733.,20,28,48
WBGene00219734.,0,145,145
WBGene00219735.,0,18,18
WBGene00219736.,52,328,380
WBGene00219737.,18,5,23
WBGene00219738.,0,39,39
WBGene00219739.,63,70,133
WBGene00219740.,2,1,3
WBGene00219741.,0,3,3
WBGene00219742.,0,30,30
WBGene00219743.,155,925,1080
WBGene00219744.,0,1,1
WBGene00219745.,29,14,43
WBGene00219746.,0,832,832
WBGene00219747.,0,0,0
WBGene00219748.,37,343,380
WBGene00219749.,0,96,96
WBGene00219750.,3,6,9
WBGene00219751.,0,26,26
WBGene00219752.,0,40,40
WBGene00219753.,4,102,106
WBGene00219754.,10,16,26
WBGene00219755.,6,97,103
WBGene00219756.,1,14,15
WBGene00219757.,0,0,0
WBGene00219758.,16,2689,2705
WBGene00219759.,0,1,1
WBGene00219760.,0,0,0
WBGene00219761.,0,0,0
WBGene00219762.,6,7,13
WBGene00219763.,9,117,126
WBGene00219764.,0,4,4
WBGene00219765.,414,30,444
WBGene00219766.,0,112,112
WBGene00219767.,57,0,57
WBGene00219768.,0,8,8
WBGene00219769.,7,114,121
WBGene00219770.,6,6,12
WBGene00219771.,124,1458,1582
WBGene00219772.,0,7,7
WBGene00219773.,5,10,15
WBGene00219774.,4,3,7
WBGene00219775.,15,2,17
WBGene00219776.,0,0,0
WBGene00219777.,0,0,0
WBGene00219778.,0,0,0
WBGene00219779.,0,0,0
WBGene00219780.,0,0,0
WBGene00219781.,0,0,0
WBGene00219782.,0,0,0
WBGene00219783.,0,0,0
WBGene00219784.,0,0,0
WBGene00219785.,0,0,0
WBGene00219786.,0,1,1
WBGene00219787.,0,0,0
WBGene00219788.,0,9,9
WBGene00219789.,0,0,0
WBGene00219790.,0,0,0
WBGene00219791.,0,9,9
WBGene00219792.,0,1,1
WBGene00219793.,0,1,1
WBGene00219794.,0,0,0
WBGene00219795.,0,0,0
WBGene00219796.,0,78,78
WBGene00219797.,0,0,0
WBGene00219798.,0,12,12
WBGene00219799.,0,7,7
WBGene00219800.,0,252,252
WBGene00219801.,0,41,41
WBGene00219803.,0,28,28
WBGene00219804.,0,2,2
WBGene00219805.,0,2,2
WBGene00219806.,0,0,0
WBGene00219807.,0,2,2
WBGene00219808.,0,0,0
WBGene00219809.,0,3,3
WBGene00219810.,0,1,1
WBGene00219811.,0,2,2
WBGene00219812.,0,0,0
WBGene00219813.,0,0,0
WBGene00219814.,0,0,0
WBGene00219815.,0,0,0
WBGene00219816.,0,526,526
WBGene00219817.,0,0,0
WBGene00219818.,0,1,1
WBGene00219819.,0,0,0
WBGene00219820.,0,0,0
WBGene00219821.,0,4,4
WBGene00219822.,0,25,25
WBGene00219823.,0,4,4
WBGene00219824.,0,19,19
WBGene00219825.,0,0,0
WBGene00219826.,0,0,0
WBGene00219827.,0,3,3
WBGene00219828.,0,0,0
WBGene00219829.,0,0,0
WBGene00219830.,0,0,0
WBGene00219831.,0,0,0
WBGene00219832.,0,1,1
WBGene00219833.,0,12,12
WBGene00219834.,0,20,20
WBGene00219835.,0,39,39
WBGene00219836.,0,1,1
WBGene00219837.,0,0,0
WBGene00219838.,122,28,150
WBGene00219839.,0,0,0
WBGene00219840.,0,0,0
WBGene00219841.,0,3,3
WBGene00219842.,0,0,0
WBGene00219843.,0,0,0
WBGene00219844.,0,0,0
WBGene00219845.,0,0,0
WBGene00219846.,0,34,34
WBGene00219847.,0,3,3
WBGene00219848.,0,0,0
WBGene00219849.,0,28413,28413
WBGene00219850.,0,8,8
WBGene00219851.,0,26,26
WBGene00219852.,0,0,0
WBGene00219853.,0,0,0
WBGene00219854.,0,0,0
WBGene00219855.,0,0,0
WBGene00219856.,0,0,0
WBGene00219857.,0,0,0
WBGene00219858.,0,0,0
WBGene00219859.,0,10,10
WBGene00219860.,0,0,0
WBGene00219861.,0,0,0
WBGene00219862.,0,0,0
WBGene00219863.,0,5,5
WBGene00219864.,0,0,0
WBGene00219865.,0,0,0
WBGene00219866.,0,0,0
WBGene00219867.,0,0,0
WBGene00219868.,0,7,7
WBGene00219869.,0,5,5
WBGene00219870.,0,0,0
WBGene00219871.,0,0,0
WBGene00219872.,0,0,0
WBGene00219873.,0,0,0
WBGene00219874.,0,4,4
WBGene00219875.,0,0,0
WBGene00219876.,0,0,0
WBGene00219877.,0,5,5
WBGene00219878.,0,0,0
WBGene00219879.,0,0,0
WBGene00219880.,0,0,0
WBGene00219881.,0,0,0
WBGene00219882.,0,11,11
WBGene00219883.,0,1,1
WBGene00219884.,0,0,0
WBGene00219885.,0,62,62
WBGene00219886.,0,8215,8215
WBGene00219887.,0,0,0
WBGene00219888.,0,13,13
WBGene00219889.,0,0,0
WBGene00219890.,0,2,2
WBGene00219891.,0,0,0
WBGene00219892.,0,1,1
WBGene00219893.,0,0,0
WBGene00219894.,0,0,0
WBGene00219895.,0,20,20
WBGene00219896.,0,0,0
WBGene00219897.,0,0,0
WBGene00219898.,0,1,1
WBGene00219899.,0,16,16
WBGene00219900.,0,0,0
WBGene00219901.,0,0,0
WBGene00219902.,0,0,0
WBGene00219903.,0,0,0
WBGene00219904.,0,0,0
WBGene00219905.,0,0,0
WBGene00219906.,0,16,16
WBGene00219907.,0,0,0
WBGene00219908.,0,0,0
WBGene00219909.,0,58,58
WBGene00219910.,0,2,2
WBGene00219911.,0,15,15
WBGene00219912.,0,174,174
WBGene00219913.,0,0,0
WBGene00219914.,0,0,0
WBGene00219915.,0,0,0
WBGene00219916.,0,0,0
WBGene00219917.,0,0,0
WBGene00219918.,0,0,0
WBGene00219919.,0,2,2
WBGene00219920.,0,0,0
WBGene00219921.,0,3,3
WBGene00219922.,0,1,1
WBGene00219923.,0,11,11
WBGene00219924.,0,0,0
WBGene00219925.,0,0,0
WBGene00219926.,0,18,18
WBGene00219927.,0,0,0
WBGene00219928.,0,1,1
WBGene00219929.,0,0,0
WBGene00219930.,0,1,1
WBGene00219931.,0,0,0
WBGene00219932.,0,0,0
WBGene00219933.,0,2,2
WBGene00219934.,0,0,0
WBGene00219935.,0,15,15
WBGene00219936.,0,4,4
WBGene00219937.,0,4,4
WBGene00219938.,0,0,0
WBGene00219939.,0,0,0
WBGene00219940.,0,0,0
WBGene00219941.,0,0,0
WBGene00219942.,0,5,5
WBGene00219943.,0,36,36
WBGene00219944.,0,0,0
WBGene00219945.,0,2,2
WBGene00219946.,0,0,0
WBGene00219947.,0,0,0
WBGene00219948.,0,0,0
WBGene00219949.,0,0,0
WBGene00219950.,0,4521,4521
WBGene00219951.,0,0,0
WBGene00219952.,0,4,4
WBGene00219953.,0,4,4
WBGene00219954.,0,0,0
WBGene00219955.,0,0,0
WBGene00219956.,0,0,0
WBGene00219957.,0,34,34
WBGene00219958.,0,69,69
WBGene00219959.,0,284,284
WBGene00219960.,0,0,0
WBGene00219961.,0,0,0
WBGene00219962.,0,0,0
WBGene00219963.,0,2,2
WBGene00219964.,0,0,0
WBGene00219965.,0,0,0
WBGene00219966.,0,0,0
WBGene00219967.,0,1,1
WBGene00219968.,0,12,12
WBGene00219969.,0,0,0
WBGene00219970.,0,30,30
WBGene00219971.,0,0,0
WBGene00219972.,0,15,15
WBGene00219973.,0,0,0
WBGene00219974.,0,0,0
WBGene00219975.,0,0,0
WBGene00219976.,0,115,115
WBGene00219977.,0,6,6
WBGene00219978.,0,0,0
WBGene00219979.,0,16,16
WBGene00219980.,0,0,0
WBGene00219981.,0,0,0
WBGene00219982.,0,2,2
WBGene00219983.,0,0,0
WBGene00219984.,0,0,0
WBGene00219985.,0,0,0
WBGene00219986.,0,0,0
WBGene00219987.,0,3,3
WBGene00219988.,0,0,0
WBGene00219989.,0,0,0
WBGene00219990.,0,0,0
WBGene00219991.,0,0,0
WBGene00219992.,0,0,0
WBGene00219994.,0,0,0
WBGene00219995.,0,70,70
WBGene00219996.,0,2,2
WBGene00219997.,0,0,0
WBGene00219998.,0,3,3
WBGene00219999.,0,0,0
WBGene00220000.,0,19,19
WBGene00220001.,0,0,0
WBGene00220002.,0,0,0
WBGene00220003.,0,0,0
WBGene00220004.,0,0,0
WBGene00220005.,0,1,1
WBGene00220006.,0,0,0
WBGene00220007.,0,0,0
WBGene00220008.,0,0,0
WBGene00220009.,0,4,4
WBGene00220010.,0,0,0
WBGene00220011.,0,2,2
WBGene00220012.,0,9,9
WBGene00220013.,0,0,0
WBGene00220014.,0,0,0
WBGene00220015.,0,0,0
WBGene00220016.,0,0,0
WBGene00220017.,0,72,72
WBGene00220018.,0,3,3
WBGene00220019.,0,0,0
WBGene00220020.,0,1,1
WBGene00220021.,0,0,0
WBGene00220022.,0,0,0
WBGene00220023.,0,0,0
WBGene00220024.,0,0,0
WBGene00220025.,0,0,0
WBGene00220026.,0,0,0
WBGene00220027.,0,0,0
WBGene00220028.,0,0,0
WBGene00220029.,0,16,16
WBGene00220030.,0,5,5
WBGene00220031.,0,0,0
WBGene00220032.,0,35,35
WBGene00220033.,0,1,1
WBGene00220034.,0,0,0
WBGene00220035.,0,0,0
WBGene00220036.,0,0,0
WBGene00220037.,0,1,1
WBGene00220038.,0,0,0
WBGene00220039.,0,3,3
WBGene00220040.,0,0,0
WBGene00220041.,0,14,14
WBGene00220042.,0,5,5
WBGene00220043.,0,2,2
WBGene00220044.,0,22,22
WBGene00220045.,0,13,13
WBGene00220046.,0,0,0
WBGene00220047.,0,7,7
WBGene00220048.,0,0,0
WBGene00220049.,0,0,0
WBGene00220050.,0,0,0
WBGene00220051.,0,2,2
WBGene00220052.,0,13,13
WBGene00220053.,0,16,16
WBGene00220054.,0,0,0
WBGene00220055.,0,0,0
WBGene00220056.,0,0,0
WBGene00220057.,0,0,0
WBGene00220058.,0,1,1
WBGene00220059.,0,0,0
WBGene00220060.,0,0,0
WBGene00220061.,0,4,4
WBGene00220062.,0,0,0
WBGene00220063.,0,0,0
WBGene00220064.,0,12,12
WBGene00220065.,0,0,0
WBGene00220066.,0,1,1
WBGene00220067.,0,0,0
WBGene00220068.,0,6,6
WBGene00220069.,0,0,0
WBGene00220070.,0,0,0
WBGene00220071.,0,0,0
WBGene00220072.,0,109,109
WBGene00220073.,0,4,4
WBGene00220074.,0,0,0
WBGene00220075.,0,1,1
WBGene00220076.,0,0,0
WBGene00220077.,0,0,0
WBGene00220078.,0,1,1
WBGene00220079.,0,0,0
WBGene00220080.,0,7,7
WBGene00220081.,0,4,4
WBGene00220082.,0,0,0
WBGene00220083.,0,0,0
WBGene00220084.,0,0,0
WBGene00220085.,0,0,0
WBGene00220086.,0,0,0
WBGene00220087.,0,0,0
WBGene00220088.,0,6,6
WBGene00220089.,0,435,435
WBGene00220090.,0,0,0
WBGene00220091.,0,10,10
WBGene00220092.,0,7,7
WBGene00220093.,0,0,0
WBGene00220094.,0,0,0
WBGene00220095.,0,2,2
WBGene00220096.,0,1,1
WBGene00220097.,0,14,14
WBGene00220098.,0,0,0
WBGene00220099.,0,2,2
WBGene00220100.,0,8,8
WBGene00220101.,0,1,1
WBGene00220102.,0,0,0
WBGene00220104.,0,0,0
WBGene00220105.,0,0,0
WBGene00220106.,0,198,198
WBGene00220107.,0,0,0
WBGene00220108.,0,28,28
WBGene00220109.,0,0,0
WBGene00220110.,0,0,0
WBGene00220111.,0,193,193
WBGene00220112.,0,0,0
WBGene00220113.,0,1,1
WBGene00220114.,0,0,0
WBGene00220115.,0,0,0
WBGene00220116.,0,0,0
WBGene00220117.,0,7,7
WBGene00220118.,0,0,0
WBGene00220119.,0,1,1
WBGene00220120.,0,0,0
WBGene00220121.,0,0,0
WBGene00220122.,0,3,3
WBGene00220123.,0,0,0
WBGene00220124.,0,0,0
WBGene00220125.,0,0,0
WBGene00220126.,0,0,0
WBGene00220127.,0,0,0
WBGene00220128.,0,0,0
WBGene00220129.,0,0,0
WBGene00220130.,0,1,1
WBGene00220131.,0,0,0
WBGene00220132.,0,0,0
WBGene00220133.,14,15,29
WBGene00220134.,0,58,58
WBGene00220135.,0,0,0
WBGene00220136.,0,0,0
WBGene00220137.,0,0,0
WBGene00220138.,0,0,0
WBGene00220139.,0,0,0
WBGene00220140.,0,0,0
WBGene00220141.,0,1988,1988
WBGene00220142.,0,0,0
WBGene00220143.,0,0,0
WBGene00220144.,0,0,0
WBGene00220145.,0,0,0
WBGene00220146.,0,13,13
WBGene00220147.,0,12,12
WBGene00220148.,0,0,0
WBGene00220149.,0,0,0
WBGene00220150.,0,0,0
WBGene00220151.,0,0,0
WBGene00220152.,0,0,0
WBGene00220153.,0,0,0
WBGene00220154.,0,5,5
WBGene00220155.,0,0,0
WBGene00220156.,0,2,2
WBGene00220157.,0,0,0
WBGene00220158.,0,0,0
WBGene00220159.,0,107,107
WBGene00220160.,0,149,149
WBGene00220161.,0,0,0
WBGene00220162.,0,0,0
WBGene00220163.,0,0,0
WBGene00220164.,0,1,1
WBGene00220165.,0,622,622
WBGene00220166.,0,0,0
WBGene00220167.,0,0,0
WBGene00220168.,0,0,0
WBGene00220169.,0,0,0
WBGene00220170.,0,0,0
WBGene00220171.,0,0,0
WBGene00220172.,0,0,0
WBGene00220173.,0,0,0
WBGene00220174.,0,0,0
WBGene00220175.,0,9,9
WBGene00220176.,0,1,1
WBGene00220177.,0,0,0
WBGene00220178.,0,0,0
WBGene00220179.,0,0,0
WBGene00220180.,0,0,0
WBGene00220181.,0,0,0
WBGene00220182.,0,0,0
WBGene00220183.,0,4,4
WBGene00220184.,0,0,0
WBGene00220185.,0,0,0
WBGene00220186.,0,2,2
WBGene00220187.,0,0,0
WBGene00220188.,0,0,0
WBGene00220189.,0,0,0
WBGene00220190.,0,0,0
WBGene00220191.,0,0,0
WBGene00220192.,0,0,0
WBGene00220193.,0,0,0
WBGene00220194.,0,3,3
WBGene00220195.,0,0,0
WBGene00220196.,0,0,0
WBGene00220197.,0,0,0
WBGene00220198.,0,648,648
WBGene00220199.,0,0,0
WBGene00220200.,0,0,0
WBGene00220201.,0,3,3
WBGene00220202.,0,0,0
WBGene00220203.,0,0,0
WBGene00220204.,0,4,4
WBGene00220205.,0,0,0
WBGene00220206.,0,2,2
WBGene00220207.,0,0,0
WBGene00220208.,0,0,0
WBGene00220209.,0,0,0
WBGene00220210.,0,0,0
WBGene00220211.,0,0,0
WBGene00220212.,0,2,2
WBGene00220213.,0,0,0
WBGene00220214.,0,99,99
WBGene00220215.,0,0,0
WBGene00220216.,0,0,0
WBGene00220217.,0,0,0
WBGene00220218.,0,1,1
WBGene00220219.,0,3,3
WBGene00220220.,0,6,6
WBGene00220221.,0,1,1
WBGene00220222.,0,0,0
WBGene00220223.,0,5,5
WBGene00220224.,0,0,0
WBGene00220225.,0,0,0
WBGene00220226.,0,0,0
WBGene00220227.,0,0,0
WBGene00220228.,0,20,20
WBGene00220229.,0,0,0
WBGene00220230.,0,0,0
WBGene00220231.,0,0,0
WBGene00220232.,0,0,0
WBGene00220233.,0,38,38
WBGene00220234.,0,2,2
WBGene00220235.,0,5,5
WBGene00220236.,0,239,239
WBGene00220237.,0,5,5
WBGene00220238.,0,140,140
WBGene00220239.,0,2066,2066
WBGene00220240.,0,0,0
WBGene00220241.,0,4,4
WBGene00220242.,0,0,0
WBGene00220243.,0,22,22
WBGene00220244.,0,0,0
WBGene00220245.,0,0,0
WBGene00220246.,0,0,0
WBGene00220247.,0,0,0
WBGene00220248.,0,12,12
WBGene00220249.,0,6,6
WBGene00220250.,36,4,40
WBGene00220251.,18,22,40
WBGene00220252.,32,23,55
WBGene00220253.,0,5,5
WBGene00220254.,2,0,2
WBGene00220255.,0,0,0
WBGene00220256.,8,0,8
WBGene00220257.,3,66,69
WBGene00220258.,0,191,191
WBGene00220259.,12,158,170
WBGene00220260.,159,13,172
WBGene00220261.,3,12,15
WBGene00235003.,14,18,32
WBGene00235080.,0,0,0
WBGene00235081.,0,0,0
WBGene00235084.,0,0,0
WBGene00235085.,0,0,0
WBGene00235086.,5,45,50
WBGene00235087.,0,0,0
WBGene00235088.,0,0,0
WBGene00235089.,1,1,2
WBGene00235090.,1,10,11
WBGene00235091.,1,0,1
WBGene00235092.,5,7,12
WBGene00235093.,1,66,67
WBGene00235094.,0,0,0
WBGene00235095.,7,4,11
WBGene00235102.,11,3528,3539
WBGene00235106.,0,29,29
WBGene00235107.,0,3,3
WBGene00235108.,2,0,2
WBGene00235109.,10,6,16
WBGene00235110.,2,21,23
WBGene00235111.,0,0,0
WBGene00235112.,0,2,2
WBGene00235113.,0,16,16
WBGene00235114.,5,193,198
WBGene00235115.,1,0,1
WBGene00235116.,17,35,52
WBGene00235117.,4,1,5
WBGene00235118.,0,3,3
WBGene00235119.,0,1,1
WBGene00235120.,2,2,4
WBGene00235121.,0,0,0
WBGene00235128.,0,6,6
WBGene00235129.,4,7,11
WBGene00235132.,31,1,32
WBGene00235133.,27,422,449
WBGene00235134.,0,0,0
WBGene00235152.,0,14,14
WBGene00235153.,5,4,9
WBGene00235157.,0,8,8
WBGene00235158.,24,369,393
WBGene00235159.,0,0,0
WBGene00235160.,0,0,0
WBGene00235161.,0,0,0
WBGene00235162.,0,0,0
WBGene00235163.,0,0,0
WBGene00235164.,44,1075,1119
WBGene00235165.,1,0,1
WBGene00235166.,0,0,0
WBGene00235167.,0,9,9
WBGene00235175.,0,0,0
WBGene00235179.,0,0,0
WBGene00235180.,0,1,1
WBGene00235181.,0,0,0
WBGene00235183.,0,0,0
WBGene00235188.,0,0,0
WBGene00235190.,0,2,2
WBGene00235197.,0,1,1
WBGene00235198.,0,0,0
WBGene00235200.,0,2,2
WBGene00235201.,0,0,0
WBGene00235206.,0,0,0
WBGene00235209.,0,0,0
WBGene00235235.,0,6,6
WBGene00235237.,0,0,0
WBGene00235247.,0,0,0
WBGene00235250.,0,0,0
WBGene00235251.,0,2,2
WBGene00235252.,0,0,0
WBGene00235254.,3,2,5
WBGene00235255.,0,0,0
WBGene00235256.,0,53,53
WBGene00235257.,12,26,38
WBGene00235258.,5,3,8
WBGene00235259.,9,14,23
WBGene00235260.,400,12,412
WBGene00235261.,0,3,3
WBGene00235262.,0,3,3
WBGene00235263.,53,4,57
WBGene00235264.,3,3,6
WBGene00235265.,6,4,10
WBGene00235266.,0,0,0
WBGene00235267.,2,11,13
WBGene00235268.,14,15,29
WBGene00235269.,0,1073,1073
WBGene00235270.,0,1,1
WBGene00235271.,1,153,154
WBGene00235272.,1,1,2
WBGene00235273.,171,561,732
WBGene00235274.,47,544,591
WBGene00235275.,47,0,47
WBGene00235276.,0,0,0
WBGene00235277.,263,263,526
WBGene00235278.,4,9,13
WBGene00235279.,128,92,220
WBGene00235280.,5,8,13
WBGene00235281.,0,2,2
WBGene00235282.,0,0,0
WBGene00235283.,17,41,58
WBGene00235284.,0,3,3
WBGene00235285.,0,0,0
WBGene00235286.,1,16,17
WBGene00235287.,32,232,264
WBGene00235288.,4,2,6
WBGene00235289.,1,0,1
WBGene00235290.,0,2,2
WBGene00235291.,265,1983,2248
WBGene00235292.,13,5,18
WBGene00235293.,0,0,0
WBGene00235294.,0,3,3
WBGene00235295.,0,2,2
WBGene00235296.,0,63,63
WBGene00235297.,0,0,0
WBGene00235298.,0,17,17
WBGene00235299.,3,4,7
WBGene00235300.,0,46,46
WBGene00235301.,1,67,68
WBGene00235302.,0,0,0
WBGene00235303.,0,16,16
WBGene00235304.,0,3,3
WBGene00235305.,0,1,1
WBGene00235307.,9,2,11
WBGene00235308.,34,95,129
WBGene00235309.,0,0,0
WBGene00235310.,87,309,396
WBGene00235311.,0,0,0
WBGene00235312.,3,106,109
WBGene00235313.,5,20,25
WBGene00235314.,42,64,106
WBGene00235315.,47,916,963
WBGene00235316.,20,161,181
WBGene00235317.,1,0,1
WBGene00235318.,12,55,67
WBGene00235319.,0,18,18
WBGene00235320.,4,27,31
WBGene00235321.,18,0,18
WBGene00235322.,0,1,1
WBGene00235323.,0,3,3
WBGene00235324.,3,3,6
WBGene00235325.,38,458,496
WBGene00235326.,0,1,1
WBGene00235327.,3,2,5
WBGene00235328.,0,25,25
WBGene00235329.,2,1,3
WBGene00235330.,398,2423,2821
WBGene00235331.,0,47,47
WBGene00235332.,0,1,1
WBGene00235333.,0,5,5
WBGene00235334.,9,11,20
WBGene00235335.,0,3,3
WBGene00235336.,0,1,1
WBGene00235338.,10,8,18
WBGene00235339.,0,0,0
WBGene00235340.,0,14,14
WBGene00235341.,1,4,5
WBGene00235342.,0,1,1
WBGene00235343.,2,0,2
WBGene00235346.,0,238,238
WBGene00235348.,0,5,5
WBGene00235350.,108,3,111
WBGene00235351.,7,5,12
WBGene00235352.,28,342,370
WBGene00235353.,1,0,1
WBGene00235354.,1,4,5
WBGene00235355.,0,0,0
WBGene00235356.,0,0,0
WBGene00235357.,14,2,16
WBGene00235358.,0,3,3
WBGene00235359.,0,0,0
WBGene00235361.,0,1,1
WBGene00235362.,0,4,4
WBGene00235363.,0,0,0
WBGene00235364.,0,0,0
WBGene00235365.,0,10,10
WBGene00235366.,0,0,0
WBGene00235367.,0,4,4
WBGene00235368.,1,16,17
WBGene00235369.,1,1,2
WBGene00235370.,1,0,1
WBGene00235371.,0,0,0
WBGene00235372.,8,9,17
WBGene00235373.,0,1,1
WBGene00235374.,1,1,2
WBGene00235375.,11,2,13
WBGene00235376.,22,12,34
WBGene00235377.,0,0,0
WBGene00235378.,0,0,0
WBGene00235379.,0,0,0
WBGene00235380.,0,102,102
WBGene00235381.,0,0,0
WBGene00235382.,0,0,0
WBGene00235383.,4,4,8
WBGene00235385.,12,193,205
WBGene00235386.,1,2,3
WBGene00235387.,396,2347,2743
WBGene00235388.,3,2,5
WBGene00235389.,0,1,1
WBGene00235390.,1,0,1
WBGene00235391.,0,8,8
WBGene00236785.,0,11,11
WBGene00236786.,5,276,281
WBGene00236787.,0,4,4
WBGene00236788.,0,0,0
WBGene00236789.,10,54,64
WBGene00236797.,0,22,22
WBGene00236798.,0,18,18
WBGene00236799.,0,2,2
WBGene00236800.,0,80,80
WBGene00236806.,71,0,71
WBGene00236807.,0,0,0
WBGene00236808.,10,4,14
WBGene00236809.,13,280,293
WBGene00249808.,0,65,65
WBGene00249812.,0,0,0
WBGene00249813.,0,0,0
WBGene00249814.,0,0,0
WBGene00249815.,453,155,608
WBGene00249816.,0,3,3
WBGene00249817.,27,625,652
WBGene00249825.,4,4,8
WBGene00249826.,0,1097,1097
WBGene00255375.,0,1,1
WBGene00255420.,24,0,24
WBGene00255426.,0,9,9
WBGene00255435.,9,1,10
WBGene00255441.,0,4,4
WBGene00255457.,263,95,358
WBGene00255469.,6,9,15
WBGene00255522.,0,0,0
WBGene00255543.,0,0,0
WBGene00255545.,0,0,0
WBGene00255546.,0,0,0
WBGene00255549.,2,18,20
WBGene00255550.,0,1,1
WBGene00255553.,2,0,2
WBGene00255560.,0,0,0
WBGene00255561.,0,0,0
WBGene00255562.,0,0,0
WBGene00255563.,0,0,0
WBGene00255564.,0,0,0
WBGene00255565.,0,0,0
WBGene00255566.,0,0,0
WBGene00255567.,0,0,0
WBGene00255568.,0,0,0
WBGene00255569.,0,0,0
WBGene00255570.,0,0,0
WBGene00255571.,0,0,0
WBGene00255572.,0,0,0
WBGene00255573.,0,0,0
WBGene00255574.,0,0,0
WBGene00255575.,0,1,1
WBGene00255576.,0,0,0
WBGene00255577.,0,0,0
WBGene00255578.,0,0,0
WBGene00255579.,0,12,12
WBGene00255580.,0,0,0
WBGene00255581.,0,0,0
WBGene00255582.,0,0,0
WBGene00255583.,0,0,0
WBGene00255584.,0,0,0
WBGene00255586.,0,0,0
WBGene00255587.,0,0,0
WBGene00255588.,0,0,0
WBGene00255594.,15,142,157
WBGene00255595.,0,0,0
WBGene00255596.,0,28,28
WBGene00255597.,2,6,8
WBGene00255598.,39,309,348
WBGene00255600.,11,129,140
WBGene00255605.,2,119,121
WBGene00255606.,5,81,86
WBGene00255607.,0,0,0
WBGene00255611.,0,2,2
WBGene00255702.,11,86,97
WBGene00255703.,4,19,23
WBGene00255704.,0,73,73
WBGene00255709.,0,5,5
WBGene00255714.,3,415,418
WBGene00255728.,2,18,20
WBGene00255729.,1,7,8
WBGene00255730.,4,12,16
WBGene00255731.,19,165,184
WBGene00255732.,0,5,5
WBGene00255733.,16,91,107
WBGene00255736.,0,37,37
WBGene00268189.,1,2,3
WBGene00268190.,4,1,5
WBGene00268191.,0,0,0
WBGene00268192.,29,325,354
WBGene00268193.,0,1,1
WBGene00268194.,14,8,22
WBGene00268196.,56,146,202
WBGene00268197.,1,0,1
WBGene00268198.,0,0,0
WBGene00268199.,0,6,6
WBGene00268202.,3,5,8
WBGene00268203.,1,7,8
WBGene00268204.,0,25,25
WBGene00268205.,0,0,0
WBGene00268206.,1,13,14
WBGene00268207.,0,1,1
WBGene00268208.,169,10,179
WBGene00268209.,2,5,7
WBGene00268210.,4,3,7
WBGene00268211.,0,0,0
WBGene00268212.,61,0,61
WBGene00268213.,2,20,22
WBGene00268214.,14,14,28
WBGene00268215.,3,3,6
WBGene00268216.,12,0,12
WBGene00269331.,2,0,2
WBGene00269332.,0,0,0
WBGene00269333.,0,1,1
WBGene00269336.,0,1,1
WBGene00269337.,0,2,2
WBGene00269338.,1,28,29
WBGene00269346.,0,1,1
WBGene00269352.,0,0,0
WBGene00269355.,27,372,399
WBGene00269373.,0,16,16
WBGene00269376.,0,102,102
WBGene00269378.,153,381,534
WBGene00269379.,7,13,20
WBGene00269381.,0,1,1
WBGene00269382.,102,2475,2577
WBGene00269383.,122,618,740
WBGene00269384.,3,117,120
WBGene00269385.,0,0,0
WBGene00269386.,0,73,73
WBGene00269387.,0,16,16
WBGene00269388.,0,1,1
WBGene00269389.,0,1,1
WBGene00269390.,3,16,19
WBGene00269391.,0,2,2
WBGene00269392.,1,11,12
WBGene00269393.,0,0,0
WBGene00269394.,1,4,5
WBGene00269419.,0,0,0
WBGene00269420.,0,0,0
WBGene00269421.,1156,6929,8085
WBGene00269422.,0,3,3
WBGene00269423.,4,0,4
WBGene00269424.,6,44,50
WBGene00269425.,6,12,18
WBGene00269426.,5,33,38
WBGene00269427.,0,34,34
WBGene00269428.,6,19,25
WBGene00269429.,0,31,31
WBGene00269430.,0,0,0
WBGene00269431.,0,41,41
WBGene00269432.,29,223,252
WBGene00269433.,54,327,381
WBGene00269434.,4,397,401
WBGene00269435.,0,13,13
WBGene00269436.,9,15,24
WBGene00269437.,1,27,28
WBGene00269438.,1,17,18
WBGene00270290.,0,1,1
WBGene00270291.,0,1,1
WBGene00270292.,0,2,2
WBGene00270293.,0,14,14
WBGene00270303.,3,19,22
WBGene00270309.,26,126,152
WBGene00270318.,48,81,129
WBGene00270319.,0,240,240
WBGene00270320.,4,10,14
WBGene00270321.,35,97,132
WBGene00270322.,27,1845,1872
WBGene00271414.,55,911,966
WBGene00271415.,12,4,16
WBGene00271437.,74,96,170
WBGene00271444.,5,12,17
WBGene00271567.,3,3,6
WBGene00271577.,2,7,9
WBGene00271598.,12,28,40
WBGene00271605.,24,123,147
WBGene00271606.,204,3803,4007
WBGene00271632.,0,360,360
WBGene00271633.,0,215,215
WBGene00271634.,0,15,15
WBGene00271635.,0,6,6
WBGene00271636.,55,913,968
WBGene00271637.,16,8,24
WBGene00271638.,0,7,7
WBGene00271639.,0,0,0
WBGene00271640.,2,3,5
WBGene00271641.,0,0,0
WBGene00271642.,97,6066,6163
WBGene00271643.,0,2,2
WBGene00271644.,0,32,32
WBGene00271645.,0,7,7
WBGene00271646.,0,19,19
WBGene00271647.,4,31,35
WBGene00271648.,0,12,12
WBGene00271649.,5,5,10
WBGene00271650.,0,9,9
WBGene00271651.,0,15,15
WBGene00271652.,55,93,148
WBGene00271653.,0,0,0
WBGene00271654.,0,2,2
WBGene00271655.,0,104,104
WBGene00271656.,0,14,14
WBGene00271657.,0,2,2
WBGene00271694.,11,304,315
WBGene00271701.,5,21,26
WBGene00271703.,2,0,2
WBGene00271706.,26,751,777
WBGene00271707.,1,2,3
WBGene00271715.,5,4,9
WBGene00271716.,240,840,1080
WBGene00271744.,24,125,149
WBGene00271774.,1,28,29
WBGene00271775.,40,1075,1115
WBGene00271776.,43,19,62
WBGene00271777.,350,15,365
WBGene00271778.,0,24,24
WBGene00271779.,0,9,9
WBGene00271780.,0,0,0
WBGene00271781.,0,5,5
WBGene00271786.,12,10,22
WBGene00271788.,6,247,253
WBGene00271789.,3,8,11
WBGene00271790.,0,0,0
WBGene00271791.,0,21,21
WBGene00271792.,0,0,0
WBGene00271795.,5,1229,1234
WBGene00271796.,40,322,362
WBGene00271797.,0,1,1
WBGene00271798.,90,46,136
WBGene00271799.,0,0,0
WBGene00271800.,0,0,0
WBGene00271801.,38,98,136
WBGene00271802.,5,52,57
WBGene00271803.,0,0,0
WBGene00271804.,0,0,0
WBGene00271805.,0,19,19
WBGene00271806.,0,1,1
WBGene00271807.,3,3,6
WBGene00271808.,29,26,55
WBGene00271809.,12,17,29
WBGene00271810.,0,0,0
WBGene00271811.,0,3,3
WBGene00271813.,0,0,0
WBGene00271815.,0,0,0
WBGene00271816.,0,0,0
WBGene00271817.,0,1615,1615
WBGene00271818.,33,352,385
WBGene00271819.,1,0,1
WBGene00271820.,33,3,36
WBGene00271821.,27,6,33
WBGene00271822.,0,9,9
WBGene00271823.,0,1,1
WBGene00271824.,14,114,128
WBGene00271827.,16,106,122
WBGene00271830.,137,852,989
WBGene00271831.,0,0,0
WBGene00271832.,8,15,23
WBGene00271837.,0,0,0
WBGene00284844.,0,383,383
WBGene00284845.,0,1,1
WBGene00284846.,308,4724,5032
WBGene00284847.,0,2,2
WBGene00284848.,66,997,1063
WBGene00284849.,0,11,11
WBGene00284850.,0,0,0
WBGene00284851.,101,59,160
WBGene00284852.,30,192,222
WBGene00284853.,4,5,9
WBGene00284854.,19,24,43
WBGene00284855.,0,0,0
WBGene00284856.,0,1452,1452
WBGene00284857.,0,27,27
WBGene00284858.,0,0,0
WBGene00284859.,0,944,944
WBGene00284861.,0,523,523
WBGene00284867.,0,80,80
WBGene00302964.,0,23,23
WBGene00302968.,0,387,387
WBGene00302971.,20,106,126
WBGene00302974.,0,9,9
WBGene00302976.,3,18,21
WBGene00302978.,135,677,812
WBGene00302980.,0,136,136
WBGene00302982.,0,174,174
WBGene00302984.,8,18,26
WBGene00302986.,115,15,130
WBGene00302988.,8,13,21
WBGene00302991.,37,65,102
WBGene00302993.,4,0,4
WBGene00302995.,119,523,642
WBGene00302998.,57,144,201
WBGene00303000.,492,781,1273
WBGene00303002.,0,71,71
WBGene00303005.,0,0,0
WBGene00303007.,0,26,26
WBGene00303009.,29,433,462
WBGene00303011.,58,30,88
WBGene00303013.,18,13,31
WBGene00303015.,31,1459,1490
WBGene00303019.,0,2577,2577
WBGene00303021.,0,365,365
WBGene00303023.,0,0,0
WBGene00303024.,0,0,0
WBGene00303026.,58,531,589
WBGene00303028.,0,0,0
WBGene00303030.,8,56,64
WBGene00303031.,0,0,0
WBGene00303032.,0,0,0
WBGene00303033.,0,0,0
WBGene00303034.,0,0,0
WBGene00303035.,0,0,0
WBGene00303036.,0,0,0
WBGene00303037.,0,0,0
WBGene00303038.,0,0,0
WBGene00303039.,0,0,0
WBGene00303040.,0,0,0
WBGene00303041.,0,0,0
WBGene00303042.,0,0,0
WBGene00303043.,0,0,0
WBGene00303044.,0,0,0
WBGene00303045.,0,0,0
WBGene00303046.,0,0,0
WBGene00303047.,0,0,0
WBGene00303048.,0,0,0
WBGene00303049.,0,0,0
WBGene00303050.,0,0,0
WBGene00303051.,0,0,0
WBGene00303052.,0,0,0
WBGene00303053.,0,0,0
WBGene00303054.,0,0,0
WBGene00303055.,0,0,0
WBGene00303056.,0,0,0
WBGene00303057.,0,0,0
WBGene00303058.,0,0,0
WBGene00303059.,0,0,0
WBGene00303060.,0,0,0
WBGene00303061.,0,0,0
WBGene00303062.,0,0,0
WBGene00303063.,0,0,0
WBGene00303064.,0,0,0
WBGene00303065.,0,0,0
WBGene00303066.,0,0,0
WBGene00303067.,0,0,0
WBGene00303068.,0,0,0
WBGene00303069.,0,0,0
WBGene00303070.,0,0,0
WBGene00303071.,0,0,0
WBGene00303072.,0,0,0
WBGene00303073.,0,0,0
WBGene00303074.,0,0,0
WBGene00303075.,0,314,314
WBGene00303076.,0,0,0
WBGene00303077.,0,0,0
WBGene00303078.,0,0,0
WBGene00303079.,0,0,0
WBGene00303080.,0,0,0
WBGene00303081.,0,3,3
WBGene00303082.,0,0,0
WBGene00303083.,0,0,0
WBGene00303085.,0,0,0
WBGene00303086.,0,0,0
WBGene00303087.,0,0,0
WBGene00303088.,0,0,0
WBGene00303089.,0,0,0
WBGene00303090.,0,0,0
WBGene00303091.,0,21,21
WBGene00303092.,0,0,0
WBGene00303093.,0,0,0
WBGene00303094.,0,0,0
WBGene00303095.,0,0,0
WBGene00303096.,0,0,0
WBGene00303097.,0,0,0
WBGene00303098.,0,0,0
WBGene00303099.,0,0,0
WBGene00303100.,0,0,0
WBGene00303101.,0,0,0
WBGene00303102.,0,0,0
WBGene00303103.,0,0,0
WBGene00303104.,0,0,0
WBGene00303105.,0,0,0
WBGene00303113.,0,0,0
WBGene00303114.,0,0,0
WBGene00303115.,0,0,0
WBGene00303208.,73,1936,2009
WBGene00303231.,0,6,6
WBGene00303233.,94,577,671
WBGene00303359.,1,0,1
WBGene00303360.,0,0,0
WBGene00303362.,0,0,0
WBGene00303363.,0,0,0
WBGene00303364.,182,319,501
WBGene00303365.,0,1,1
WBGene00303366.,0,3,3
WBGene00303367.,1,0,1
WBGene00303368.,11,6,17
WBGene00303369.,0,0,0
WBGene00303370.,0,0,0
WBGene00303371.,3,13,16
WBGene00303378.,0,2,2
WBGene00303398.,17,19,36
WBGene00303421.,3,5,8
WBGene00303423.,168,1163,1331
WBGene00303425.,30,216,246
WBGene00304173.,1,6,7
WBGene00304175.,4,3,7
WBGene00304181.,19,0,19
WBGene00304182.,0,4,4
WBGene00304183.,0,0,0
WBGene00304189.,58,692,750
WBGene00304194.,3,5,8
WBGene00304195.,0,0,0
WBGene00304201.,1,6,7
WBGene00304202.,5,14,19
WBGene00304203.,50,55,105
WBGene00304215.,16,24,40
WBGene00304219.,0,334,334
WBGene00304220.,6,0,6
WBGene00304237.,8,119,127
WBGene00304238.,0,6,6
WBGene00304775.,3,25,28
WBGene00304776.,11,48,59
WBGene00304782.,0,48,48
WBGene00304783.,0,274,274
WBGene00304785.,0,14,14
WBGene00304786.,0,19,19
WBGene00304787.,14,91,105
WBGene00304788.,62,328,390
WBGene00304789.,0,0,0
WBGene00304790.,11,2454,2465
WBGene00304791.,21,124,145
WBGene00304792.,0,81,81
WBGene00304793.,3,6,9
WBGene00304794.,45,23,68
WBGene00304797.,0,0,0
WBGene00304798.,1,36,37
WBGene00304806.,0,1,1
WBGene00304808.,56,134,190
WBGene00304811.,142,1445,1587
WBGene00304812.,0,50,50
WBGene00304813.,0,994,994
WBGene00304814.,0,0,0
WBGene00304815.,0,4997,4997
WBGene00304816.,1,46,47
WBGene00304817.,2,13,15
WBGene00304818.,0,1,1
WBGene00304819.,4,8,12
WBGene00304820.,10,34,44
WBGene00304822.,4,77,81
WBGene00304823.,1,1,2
WBGene00304824.,5,4,9
WBGene00304825.,30,0,30
WBGene00304826.,3,3,6
WBGene00304827.,1,0,1
WBGene00304828.,1,32,33
WBGene00304895.,18,364,382
WBGene00304901.,2,3,5
WBGene00304906.,0,10,10
WBGene00304907.,10,0,10
WBGene00304908.,2,3,5
WBGene00304930.,0,4,4
WBGene00304981.,6,0,6
WBGene00304985.,8,45,53
WBGene00304992.,89,2210,2299
WBGene00304996.,1,33,34
WBGene00305018.,0,3,3
WBGene00305047.,3,2,5
WBGene00305048.,0,0,0
WBGene00305049.,0,2,2
WBGene00305050.,137,109,246
WBGene00305065.,159,217,376
WBGene00305066.,3,32,35
WBGene00305067.,34,771,805
WBGene00305069.,0,1,1
WBGene00305086.,57,74,131
WBGene00305090.,21,15,36
WBGene00305091.,0,4,4
WBGene00305092.,0,32,32
WBGene00305093.,1,1,2
WBGene00305095.,0,8,8
WBGene00305102.,0,0,0
WBGene00305103.,65,844,909
WBGene00305104.,0,109,109
WBGene00305109.,0,3,3
WBGene00305110.,0,1,1
WBGene00305111.,0,0,0
WBGene00305112.,3,4,7
WBGene00305113.,1,22,23
WBGene00305114.,1,0,1
WBGene00305130.,1,2,3
WBGene00305131.,0,970,970
WBGene00305132.,0,2,2
WBGene00305157.,0,583,583
WBGene00305158.,8,9,17
WBGene00305159.,5,8,13
WBGene00305173.,49,213,262
WBGene00305970.,0,7,7
WBGene00305979.,0,0,0
WBGene00305980.,15,18,33
WBGene00305981.,816,1872,2688
WBGene00305991.,8,97,105
WBGene00305992.,9,37,46
WBGene00305993.,0,46,46
WBGene00305994.,9,25,34
WBGene00305995.,1,43,44
WBGene00305996.,9,21,30
WBGene00305997.,0,13,13
WBGene00305998.,0,14,14
WBGene00305999.,5,2,7
WBGene00306000.,3,14,17
WBGene00306001.,0,7,7
WBGene00306002.,15,371,386
WBGene00306003.,38,1410,1448
WBGene00306004.,5,1,6
WBGene00306005.,27,24,51
WBGene00306012.,107,431,538
WBGene00306013.,421,2968,3389
WBGene00306014.,0,6,6
WBGene00306062.,0,1,1
WBGene00306066.,28,62,90
WBGene00306069.,0,588,588
WBGene00306070.,5,0,5
WBGene00306076.,0,0,0
WBGene00306078.,0,33,33
WBGene00306080.,1,0,1
WBGene00306081.,3,49,52
WBGene00306121.,17,43,60
WBGene00306122.,0,1,1
WBGene00306123.,19,88,107
WBGene00306124.,74,5,79
WBGene00306125.,0,0,0
WBGene00306126.,62,1410,1472
WBGene00306131.,0,208,208
WBGene00306132.,0,36,36
