gene_id,total_unsp,total_sp,total
WBGene00000001,19,1313,1332
WBGene00000002,47,664,711
WBGene00000003,4,359,363
WBGene00000004,140,1348,1488
WBGene00000005,2,9,11
WBGene00000006,305,3102,3407
WBGene00000007,11,64,75
WBGene00000008,12,3,15
WBGene00000009,12,106,118
WBGene00000010,43,466,509
WBGene00000012,17,64,81
WBGene00000013,0,474,474
WBGene00000014,2,10,12
WBGene00000015,2,87,89
WBGene00000016,128,12485,12613
WBGene00000017,6,8217,8223
WBGene00000018,399,1312,1711
WBGene00000019,19,7,26
WBGene00000020,328,1374,1702
WBGene00000022,65,805,870
WBGene00000023,14,37,51
WBGene00000024,0,4,4
WBGene00000025,0,22,22
WBGene00000027,0,3,3
WBGene00000028,0,0,0
WBGene00000029,0,0,0
WBGene00000030,0,0,0
WBGene00000031,113,63,176
WBGene00000032,0,0,0
WBGene00000033,0,16,16
WBGene00000034,0,58,58
WBGene00000035,1631,482,2113
WBGene00000036,205,863,1068
WBGene00000037,53,953,1006
WBGene00000038,67,189,256
WBGene00000039,1,7,8
WBGene00000040,14,1955,1969
WBGene00000041,231,5499,5730
WBGene00000042,107,311,418
WBGene00000043,29,119,148
WBGene00000044,71,102,173
WBGene00000045,21,40,61
WBGene00000046,134,314,448
WBGene00000047,41,132,173
WBGene00000048,9,121,130
WBGene00000049,17,108,125
WBGene00000050,10,172,182
WBGene00000051,31,239,270
WBGene00000053,16,44,60
WBGene00000054,21,173,194
WBGene00000055,12,298,310
WBGene00000056,35,153,188
WBGene00000057,77,152,229
WBGene00000058,275,462,737
WBGene00000059,34,129,163
WBGene00000060,13,40,53
WBGene00000061,30,266,296
WBGene00000062,98,122,220
WBGene00000063,372,69676,70048
WBGene00000064,192,12644,12836
WBGene00000065,93,25637,25730
WBGene00000066,1273,305636,306909
WBGene00000067,55,2896,2951
WBGene00000068,1424,1897,3321
WBGene00000069,35,248,283
WBGene00000070,335,750,1085
WBGene00000071,52,330,382
WBGene00000072,119,1055,1174
WBGene00000073,104,1000,1104
WBGene00000074,371,1102,1473
WBGene00000075,11,174,185
WBGene00000079,314,3038,3352
WBGene00000080,6,370,376
WBGene00000081,252,5854,6106
WBGene00000082,212,215,427
WBGene00000083,349,1004,1353
WBGene00000084,74,321,395
WBGene00000085,30,268,298
WBGene00000086,190,1140,1330
WBGene00000088,119,1102,1221
WBGene00000089,76,1622,1698
WBGene00000090,157,1522,1679
WBGene00000092,405,4484,4889
WBGene00000093,12,464,476
WBGene00000094,118,1411,1529
WBGene00000095,243,3095,3338
WBGene00000096,374,1115,1489
WBGene00000097,108,2333,2441
WBGene00000098,86,1341,1427
WBGene00000099,84,1078,1162
WBGene00000100,1130,16907,18037
WBGene00000101,186,3228,3414
WBGene00000102,759,10068,10827
WBGene00000103,155,3133,3288
WBGene00000105,143,3513,3656
WBGene00000106,75,725,800
WBGene00000107,1228,14473,15701
WBGene00000108,14,1,15
WBGene00000109,43,2071,2114
WBGene00000110,200,4911,5111
WBGene00000111,155,785,940
WBGene00000112,246,1883,2129
WBGene00000113,178,240,418
WBGene00000114,493,153498,153991
WBGene00000115,15,846,861
WBGene00000116,107,579,686
WBGene00000117,575,944,1519
WBGene00000118,18,21654,21672
WBGene00000120,1,3068,3069
WBGene00000121,34,2137,2171
WBGene00000122,40,5798,5838
WBGene00000123,219,5350,5569
WBGene00000133,34,701,735
WBGene00000134,97,241,338
WBGene00000135,51,346,397
WBGene00000136,27,233,260
WBGene00000137,82,424,506
WBGene00000138,63,510,573
WBGene00000139,154,520,674
WBGene00000140,1281,87033,88314
WBGene00000142,66,1012,1078
WBGene00000143,175,1612,1787
WBGene00000144,213,2343,2556
WBGene00000145,5,837,842
WBGene00000146,546,3997,4543
WBGene00000147,7,909,916
WBGene00000148,90,1058,1148
WBGene00000149,554,18487,19041
WBGene00000150,177,2527,2704
WBGene00000151,13,1479,1492
WBGene00000155,11,1260,1271
WBGene00000156,112,1345,1457
WBGene00000157,52,1562,1614
WBGene00000158,652,1926,2578
WBGene00000159,37,4243,4280
WBGene00000160,737,2074,2811
WBGene00000161,126,1785,1911
WBGene00000162,674,2504,3178
WBGene00000163,110,3664,3774
WBGene00000164,104,873,977
WBGene00000165,21,1054,1075
WBGene00000166,50,461,511
WBGene00000168,490,203,693
WBGene00000169,96,1413,1509
WBGene00000170,2838,44201,47039
WBGene00000171,34,19,53
WBGene00000172,206,845,1051
WBGene00000173,17,243,260
WBGene00000174,71,583,654
WBGene00000175,127,2498,2625
WBGene00000176,6,230,236
WBGene00000177,100,593,693
WBGene00000178,211,3670,3881
WBGene00000179,163,1053,1216
WBGene00000180,80,771,851
WBGene00000181,504,4362,4866
WBGene00000182,131,6422,6553
WBGene00000183,177,8296,8473
WBGene00000184,236,2142,2378
WBGene00000185,2,126,128
WBGene00000186,576,2809,3385
WBGene00000187,5,1020,1025
WBGene00000188,0,152,152
WBGene00000189,21,372,393
WBGene00000190,98,309,407
WBGene00000192,24,2815,2839
WBGene00000193,19,140,159
WBGene00000195,107,1647,1754
WBGene00000196,173,1484,1657
WBGene00000197,19,2782,2801
WBGene00000198,112,1637,1749
WBGene00000199,314,2893,3207
WBGene00000200,117,3311,3428
WBGene00000201,1001,5983,6984
WBGene00000202,6,341,347
WBGene00000203,23,1459,1482
WBGene00000204,100,3029,3129
WBGene00000205,15,1443,1458
WBGene00000206,87,1959,2046
WBGene00000207,1105,39072,40177
WBGene00000208,1778,1727,3505
WBGene00000209,617,8896,9513
WBGene00000210,3244,41388,44632
WBGene00000211,75,348,423
WBGene00000212,125,1053,1178
WBGene00000213,39,1292,1331
WBGene00000214,0,169619,169619
WBGene00000215,297,7222,7519
WBGene00000216,87,51476,51563
WBGene00000217,2148,27822,29970
WBGene00000218,526,47441,47967
WBGene00000219,66,109065,109131
WBGene00000220,65,650,715
WBGene00000221,1223,9291,10514
WBGene00000222,136,1670,1806
WBGene00000223,875,5323,6198
WBGene00000224,282,4130,4412
WBGene00000225,4617,2586,7203
WBGene00000226,199,2928,3127
WBGene00000227,332,1520,1852
WBGene00000228,155,2623,2778
WBGene00000229,2808,87919,90727
WBGene00000230,134,41922,42056
WBGene00000231,244,2285,2529
WBGene00000232,217,1205,1422
WBGene00000233,308,1849,2157
WBGene00000235,5,4517,4522
WBGene00000236,161,1427,1588
WBGene00000237,118,583,701
WBGene00000238,53,389,442
WBGene00000239,42,290,332
WBGene00000240,1954,19137,21091
WBGene00000241,49,184,233
WBGene00000242,40,341,381
WBGene00000244,56,634,690
WBGene00000245,78,1170,1248
WBGene00000246,44,74,118
WBGene00000247,104,2244,2348
WBGene00000248,242,2368,2610
WBGene00000249,13,2658,2671
WBGene00000250,53,1404,1457
WBGene00000251,3,7,10
WBGene00000252,1,43,44
WBGene00000253,94,526,620
WBGene00000254,778,3296,4074
WBGene00000255,59,18,77
WBGene00000256,0,8,8
WBGene00000257,67,2880,2947
WBGene00000259,173,2098,2271
WBGene00000262,9,616,625
WBGene00000263,2737,32340,35077
WBGene00000264,301,908,1209
WBGene00000265,162,942,1104
WBGene00000266,111,1337,1448
WBGene00000267,107,354,461
WBGene00000268,624,1247,1871
WBGene00000269,222,975,1197
WBGene00000270,36,851,887
WBGene00000271,57,1395,1452
WBGene00000272,11,37,48
WBGene00000273,617,28417,29034
WBGene00000274,545,1505,2050
WBGene00000275,29,1531,1560
WBGene00000276,239,9372,9611
WBGene00000277,2593,36766,39359
WBGene00000279,24,283,307
WBGene00000280,41,410,451
WBGene00000281,60,5980,6040
WBGene00000282,536,5894,6430
WBGene00000283,102,1575,1677
WBGene00000284,10,1147,1157
WBGene00000285,204,4681,4885
WBGene00000286,935,12281,13216
WBGene00000287,553,4545,5098
WBGene00000288,218,2300,2518
WBGene00000289,270,1175,1445
WBGene00000292,315,6348,6663
WBGene00000293,384,16336,16720
WBGene00000294,276,4545,4821
WBGene00000295,45,315,360
WBGene00000296,25,44,69
WBGene00000298,42,2413,2455
WBGene00000301,15,19775,19790
WBGene00000302,14,353,367
WBGene00000366,315,9002,9317
WBGene00000367,478,2060,2538
WBGene00000368,285,2902,3187
WBGene00000369,5,2356,2361
WBGene00000370,3106,14519,17625
WBGene00000371,3968,65596,69564
WBGene00000372,34,783,817
WBGene00000373,49,292,341
WBGene00000375,60,605,665
WBGene00000376,602,1811,2413
WBGene00000377,74,9792,9866
WBGene00000378,23,10294,10317
WBGene00000379,852,16209,17061
WBGene00000380,1101,24327,25428
WBGene00000381,55,6395,6450
WBGene00000382,36,922,958
WBGene00000383,282,6631,6913
WBGene00000386,22,382,404
WBGene00000387,326,268,594
WBGene00000388,2,7,9
WBGene00000389,0,0,0
WBGene00000390,131,5044,5175
WBGene00000391,1325,10103,11428
WBGene00000392,0,51,51
WBGene00000393,224,2192,2416
WBGene00000395,107,698,805
WBGene00000396,98,3094,3192
WBGene00000397,5,40,45
WBGene00000399,7,6,13
WBGene00000401,57,142,199
WBGene00000402,168,15,183
WBGene00000403,841,9574,10415
WBGene00000405,62,3579,3641
WBGene00000406,40,401,441
WBGene00000407,163,865,1028
WBGene00000408,478,1998,2476
WBGene00000409,150,1837,1987
WBGene00000410,320,1828,2148
WBGene00000411,21,2374,2395
WBGene00000412,10,53,63
WBGene00000413,119,537,656
WBGene00000414,310,9403,9713
WBGene00000415,3132,3328,6460
WBGene00000416,76,2330,2406
WBGene00000417,91,234,325
WBGene00000418,25,532,557
WBGene00000419,395,2419,2814
WBGene00000420,117,1461,1578
WBGene00000421,376,3491,3867
WBGene00000422,4,38,42
WBGene00000423,59,1116,1175
WBGene00000424,135,1163,1298
WBGene00000425,9,142,151
WBGene00000426,401,2148,2549
WBGene00000427,3,17,20
WBGene00000428,8,139,147
WBGene00000429,166,547,713
WBGene00000430,8,102,110
WBGene00000431,37,961,998
WBGene00000432,35,16,51
WBGene00000433,189,760,949
WBGene00000434,14,93,107
WBGene00000435,14,135,149
WBGene00000436,12,32,44
WBGene00000437,108,1095,1203
WBGene00000438,52,40,92
WBGene00000439,27,544,571
WBGene00000440,2,97,99
WBGene00000441,379,780,1159
WBGene00000442,43,580,623
WBGene00000443,156,3172,3328
WBGene00000444,6,319,325
WBGene00000445,58,603,661
WBGene00000446,3,202,205
WBGene00000447,80,436,516
WBGene00000448,104,939,1043
WBGene00000449,344,1690,2034
WBGene00000450,13,22,35
WBGene00000451,7,88,95
WBGene00000452,14,404,418
WBGene00000453,54,721,775
WBGene00000454,15,276,291
WBGene00000455,199,1427,1626
WBGene00000457,36,164,200
WBGene00000458,98,720,818
WBGene00000459,106,2546,2652
WBGene00000460,8,293,301
WBGene00000461,11,7,18
WBGene00000462,2,212,214
WBGene00000463,90,496,586
WBGene00000464,1153,4167,5320
WBGene00000465,42,1996,2038
WBGene00000466,345,3103,3448
WBGene00000467,143,1153,1296
WBGene00000468,11,13,24
WBGene00000469,29,74,103
WBGene00000472,115,32081,32196
WBGene00000473,3,1258,1261
WBGene00000474,15,1391,1406
WBGene00000475,65,16930,16995
WBGene00000476,108,355,463
WBGene00000477,31,41,72
WBGene00000478,55,345,400
WBGene00000479,27,2340,2367
WBGene00000480,289,1978,2267
WBGene00000481,35,576,611
WBGene00000482,150,3980,4130
WBGene00000483,35,45,80
WBGene00000484,116,266,382
WBGene00000485,159,1032,1191
WBGene00000487,33,18,51
WBGene00000488,154,283,437
WBGene00000490,60,567,627
WBGene00000491,207,820,1027
WBGene00000492,207,475,682
WBGene00000493,93,220,313
WBGene00000496,51,307,358
WBGene00000497,22,84,106
WBGene00000498,10,1337,1347
WBGene00000499,80,98,178
WBGene00000500,78,1944,2022
WBGene00000501,113,770,883
WBGene00000502,27,1793,1820
WBGene00000503,2,91,93
WBGene00000506,466,1605,2071
WBGene00000507,114,951,1065
WBGene00000508,59,2165,2224
WBGene00000509,337,3439,3776
WBGene00000510,187,1667,1854
WBGene00000511,36,303,339
WBGene00000512,259,274,533
WBGene00000513,17,202,219
WBGene00000514,101,579,680
WBGene00000515,88,335,423
WBGene00000516,2,4156,4158
WBGene00000517,122,607,729
WBGene00000518,1085,1514,2599
WBGene00000519,536,1377,1913
WBGene00000520,155,1445,1600
WBGene00000521,11,66,77
WBGene00000522,175,891,1066
WBGene00000523,56,535,591
WBGene00000524,34,646,680
WBGene00000525,26,574,600
WBGene00000526,44,576,620
WBGene00000527,450,1445,1895
WBGene00000528,229,411,640
WBGene00000529,263,439,702
WBGene00000530,132,489,621
WBGene00000531,14,51,65
WBGene00000532,46,1447,1493
WBGene00000533,16,462,478
WBGene00000534,80,28266,28346
WBGene00000535,445,8260,8705
WBGene00000536,67,562,629
WBGene00000537,29,778,807
WBGene00000539,6,21,27
WBGene00000540,105,473,578
WBGene00000541,231,587,818
WBGene00000542,748,11501,12249
WBGene00000543,119,902,1021
WBGene00000544,146,47,193
WBGene00000545,1027,2783,3810
WBGene00000546,27,50,77
WBGene00000547,486,1894,2380
WBGene00000548,152,2513,2665
WBGene00000549,442,2095,2537
WBGene00000550,23,1991,2014
WBGene00000551,0,9,9
WBGene00000552,836,18720,19556
WBGene00000553,1492,1307,2799
WBGene00000554,844,9401,10245
WBGene00000555,0,1,1
WBGene00000556,1,13,14
WBGene00000557,14,209,223
WBGene00000558,88,2266,2354
WBGene00000559,0,0,0
WBGene00000560,19,295,314
WBGene00000561,0,58,58
WBGene00000562,52,76,128
WBGene00000563,29,24,53
WBGene00000564,334,1219,1553
WBGene00000565,823,543,1366
WBGene00000566,792,2422,3214
WBGene00000567,231,6971,7202
WBGene00000583,165,1581,1746
WBGene00000584,77,648,725
WBGene00000585,136,2016,2152
WBGene00000591,242,1161,1403
WBGene00000592,44,1073,1117
WBGene00000593,0,36,36
WBGene00000594,0,4874,4874
WBGene00000596,0,0,0
WBGene00000597,6,61,67
WBGene00000598,0,31,31
WBGene00000599,9,1461,1470
WBGene00000601,0,394,394
WBGene00000602,0,4,4
WBGene00000603,1,124,125
WBGene00000606,0,2,2
WBGene00000608,0,40,40
WBGene00000609,0,11,11
WBGene00000610,16,20,36
WBGene00000611,564,6153,6717
WBGene00000612,0,1,1
WBGene00000613,0,16,16
WBGene00000614,1,4,5
WBGene00000615,1,35,36
WBGene00000616,7,32354,32361
WBGene00000617,0,2,2
WBGene00000618,0,29,29
WBGene00000620,1,1,2
WBGene00000621,0,71,71
WBGene00000622,4,76,80
WBGene00000623,29,14,43
WBGene00000624,23,4,27
WBGene00000625,11,104,115
WBGene00000626,1,6,7
WBGene00000627,0,129,129
WBGene00000628,0,8,8
WBGene00000629,5,4,9
WBGene00000630,130,883,1013
WBGene00000631,6,9,15
WBGene00000632,2,81,83
WBGene00000633,1,2,3
WBGene00000634,0,20,20
WBGene00000636,5,13,18
WBGene00000637,1,116,117
WBGene00000638,0,8,8
WBGene00000639,0,103,103
WBGene00000640,11,91,102
WBGene00000641,13,706,719
WBGene00000644,3,42,45
WBGene00000645,29,373,402
WBGene00000646,0,7,7
WBGene00000647,5,56,61
WBGene00000648,89,9,98
WBGene00000649,3,48,51
WBGene00000650,0,37,37
WBGene00000651,3,24,27
WBGene00000652,12,249,261
WBGene00000653,0,748,748
WBGene00000654,12,27,39
WBGene00000655,0,133,133
WBGene00000656,13,6389,6402
WBGene00000657,5,270,275
WBGene00000658,7,13,20
WBGene00000659,2,1,3
WBGene00000660,3,14,17
WBGene00000661,9,14,23
WBGene00000662,24,17,41
WBGene00000663,0,7,7
WBGene00000664,2,730,732
WBGene00000665,0,2,2
WBGene00000666,3,4025,4028
WBGene00000667,0,172,172
WBGene00000668,0,177,177
WBGene00000669,7,7076,7083
WBGene00000670,0,217,217
WBGene00000671,0,214,214
WBGene00000672,0,54,54
WBGene00000673,15,71326,71341
WBGene00000674,50,102,152
WBGene00000675,0,461,461
WBGene00000676,0,2,2
WBGene00000677,44,55892,55936
WBGene00000678,0,89,89
WBGene00000679,7,41,48
WBGene00000680,0,23,23
WBGene00000681,36,80237,80273
WBGene00000682,0,32,32
WBGene00000683,11,89,100
WBGene00000684,20,47,67
WBGene00000685,5,72,77
WBGene00000687,10,123,133
WBGene00000688,2,56,58
WBGene00000689,37,105,142
WBGene00000690,0,45,45
WBGene00000691,0,3083,3083
WBGene00000692,4006,58585,62591
WBGene00000693,0,19,19
WBGene00000694,2,97,99
WBGene00000695,1,3,4
WBGene00000696,0,5,5
WBGene00000697,3,11,14
WBGene00000698,0,22,22
WBGene00000699,1,177,178
WBGene00000700,0,0,0
WBGene00000701,0,22,22
WBGene00000702,2,4,6
WBGene00000703,1,236,237
WBGene00000704,0,73,73
WBGene00000705,2,1,3
WBGene00000706,6,60,66
WBGene00000707,0,15,15
WBGene00000708,0,26,26
WBGene00000710,3,44,47
WBGene00000711,0,38,38
WBGene00000712,0,3,3
WBGene00000713,3,382,385
WBGene00000714,6,34,40
WBGene00000715,40,583,623
WBGene00000716,9,178,187
WBGene00000717,4,483,487
WBGene00000718,0,12,12
WBGene00000719,0,9,9
WBGene00000720,3,45426,45429
WBGene00000721,1,34,35
WBGene00000722,1,73,74
WBGene00000723,2,1413,1415
WBGene00000724,10,64,74
WBGene00000725,1,12,13
WBGene00000726,248,1584,1832
WBGene00000727,0,282,282
WBGene00000728,0,486,486
WBGene00000729,0,9,9
WBGene00000730,0,20,20
WBGene00000731,2,17,19
WBGene00000732,0,33,33
WBGene00000733,6,27770,27776
WBGene00000734,0,96,96
WBGene00000735,8,4,12
WBGene00000736,1,12,13
WBGene00000737,5,57,62
WBGene00000738,2,40,42
WBGene00000739,1,4290,4291
WBGene00000740,1,670,671
WBGene00000741,0,347,347
WBGene00000742,0,54,54
WBGene00000743,0,6,6
WBGene00000744,0,0,0
WBGene00000745,4,112,116
WBGene00000746,6,9,15
WBGene00000747,0,27,27
WBGene00000748,2,100,102
WBGene00000749,2,664,666
WBGene00000750,41,282,323
WBGene00000751,1,6,7
WBGene00000752,0,1,1
WBGene00000753,0,41,41
WBGene00000754,1,542,543
WBGene00000755,0,22,22
WBGene00000756,0,8,8
WBGene00000757,0,61,61
WBGene00000758,1,1,2
WBGene00000759,10,47,57
WBGene00000760,6,73,79
WBGene00000761,70,903,973
WBGene00000762,149,1159,1308
WBGene00000763,290,3266,3556
WBGene00000764,51,733,784
WBGene00000765,9,1113,1122
WBGene00000766,38,886,924
WBGene00000767,88,1185,1273
WBGene00000768,216,2403,2619
WBGene00000770,8,108,116
WBGene00000771,2,14,16
WBGene00000772,3,204,207
WBGene00000773,112,2104,2216
WBGene00000774,57,2326,2383
WBGene00000775,96,826,922
WBGene00000776,1240,58181,59421
WBGene00000777,29,5446,5475
WBGene00000778,11,172,183
WBGene00000779,5388,92932,98320
WBGene00000780,454,3818,4272
WBGene00000781,11,2195,2206
WBGene00000782,13,2233,2246
WBGene00000783,59,959,1018
WBGene00000784,1,665,666
WBGene00000785,14,4805,4819
WBGene00000786,817,16000,16817
WBGene00000787,66,5122,5188
WBGene00000788,216,45004,45220
WBGene00000789,458,16469,16927
WBGene00000792,77,146,223
WBGene00000793,6771,3569,10340
WBGene00000794,59,1190,1249
WBGene00000795,44,1364,1408
WBGene00000796,365,4749,5114
WBGene00000797,10,126,136
WBGene00000798,8,1387,1395
WBGene00000799,11,90,101
WBGene00000800,351,5648,5999
WBGene00000802,599,55485,56084
WBGene00000803,27,190,217
WBGene00000804,17,1946,1963
WBGene00000812,494,1221,1715
WBGene00000813,189,1744,1933
WBGene00000814,289,4285,4574
WBGene00000815,568,2229,2797
WBGene00000816,206,855,1061
WBGene00000817,30,1762,1792
WBGene00000818,95,942,1037
WBGene00000819,88,111,199
WBGene00000820,165,1032,1197
WBGene00000821,3,11,14
WBGene00000822,2793,37289,40082
WBGene00000829,0,149278,149278
WBGene00000830,0,834,834
WBGene00000831,4,1663,1667
WBGene00000832,779,6292,7071
WBGene00000833,36,15788,15824
WBGene00000834,832,1279,2111
WBGene00000835,88,1963,2051
WBGene00000836,89,1477,1566
WBGene00000837,366,2436,2802
WBGene00000838,160,840,1000
WBGene00000839,91,2541,2632
WBGene00000840,192,2293,2485
WBGene00000841,149,181,330
WBGene00000843,24,2242,2266
WBGene00000845,268,3250,3518
WBGene00000846,158,606,764
WBGene00000851,4,2,6
WBGene00000853,46,37,83
WBGene00000854,401,2839,3240
WBGene00000857,54,1249,1303
WBGene00000858,78,1120,1198
WBGene00000859,8,9,17
WBGene00000860,8,95,103
WBGene00000861,4,22,26
WBGene00000862,85,554,639
WBGene00000863,47,1447,1494
WBGene00000864,23,75,98
WBGene00000865,16,487,503
WBGene00000866,0,230,230
WBGene00000867,11,178,189
WBGene00000868,5,1056,1061
WBGene00000869,196,12161,12357
WBGene00000870,189,2308,2497
WBGene00000871,99,970,1069
WBGene00000872,117,2866,2983
WBGene00000874,129,2944,3073
WBGene00000875,17,1632,1649
WBGene00000876,442,5954,6396
WBGene00000877,30,6779,6809
WBGene00000878,43,289,332
WBGene00000879,596,16926,17522
WBGene00000880,109,2357,2466
WBGene00000881,7,17836,17843
WBGene00000882,1,1332,1333
WBGene00000883,1008,26464,27472
WBGene00000884,50,2029,2079
WBGene00000885,113,524,637
WBGene00000886,82,1339,1421
WBGene00000887,234,2118,2352
WBGene00000888,49,1088,1137
WBGene00000889,135,2161,2296
WBGene00000890,89,927,1016
WBGene00000891,187,1399,1586
WBGene00000892,204,881,1085
WBGene00000893,13,32,45
WBGene00000894,56,3095,3151
WBGene00000895,72,207,279
WBGene00000896,173,4064,4237
WBGene00000897,164,1048,1212
WBGene00000898,4759,4217,8976
WBGene00000899,239,2030,2269
WBGene00000900,747,3220,3967
WBGene00000901,983,5366,6349
WBGene00000902,6,15,21
WBGene00000903,26,2372,2398
WBGene00000904,68,188,256
WBGene00000905,26,310,336
WBGene00000906,150,509,659
WBGene00000907,66,302,368
WBGene00000908,590,1175,1765
WBGene00000910,626,3272,3898
WBGene00000911,608,6874,7482
WBGene00000912,4846,9149,13995
WBGene00000913,127,2148,2275
WBGene00000914,899,1507,2406
WBGene00000915,270,80641,80911
WBGene00000917,280,1681,1961
WBGene00000920,4,247,251
WBGene00000923,42,2539,2581
WBGene00000928,1,32,33
WBGene00000929,266,2584,2850
WBGene00000930,1,12,13
WBGene00000931,142,8831,8973
WBGene00000932,302,13099,13401
WBGene00000933,149,919,1068
WBGene00000934,24,193,217
WBGene00000935,17,822,839
WBGene00000936,46,1363,1409
WBGene00000937,11,636,647
WBGene00000938,1924,7103,9027
WBGene00000939,281,3130,3411
WBGene00000940,197,1526,1723
WBGene00000941,231,2530,2761
WBGene00000942,422,7399,7821
WBGene00000950,94,101,195
WBGene00000951,36,159,195
WBGene00000952,48,61,109
WBGene00000953,69,266,335
WBGene00000955,53,178,231
WBGene00000958,169,656,825
WBGene00000959,429,2583,3012
WBGene00000960,28,145,173
WBGene00000961,90,1294,1384
WBGene00000962,154,6990,7144
WBGene00000963,139,367,506
WBGene00000964,78,3878,3956
WBGene00000965,117,2437,2554
WBGene00000966,206,1040,1246
WBGene00000967,435,839,1274
WBGene00000968,26,122,148
WBGene00000969,10,445,455
WBGene00000970,44,1317,1361
WBGene00000971,35,626,661
WBGene00000972,38,526,564
WBGene00000973,142,2653,2795
WBGene00000974,15,495,510
WBGene00000975,287,3934,4221
WBGene00000976,363,3357,3720
WBGene00000977,79,1328,1407
WBGene00000978,19,1674,1693
WBGene00000979,5,60,65
WBGene00000980,525,3214,3739
WBGene00000981,19,2376,2395
WBGene00000982,216,5050,5266
WBGene00000983,239,2532,2771
WBGene00000984,313,2923,3236
WBGene00000985,62,2662,2724
WBGene00000986,12,136,148
WBGene00000987,299,898,1197
WBGene00000988,585,3333,3918
WBGene00000989,11,49,60
WBGene00000990,23,135,158
WBGene00000991,418,3561,3979
WBGene00000992,0,397,397
WBGene00000993,227,1421,1648
WBGene00000994,56,628,684
WBGene00000995,112,533,645
WBGene00000996,98,2776,2874
WBGene00000998,1150,33821,34971
WBGene00001000,181,4492,4673
WBGene00001001,282,2380,2662
WBGene00001002,82,1507,1589
WBGene00001005,59,13854,13913
WBGene00001006,170,3476,3646
WBGene00001007,260,4009,4269
WBGene00001008,780,5292,6072
WBGene00001016,34,967,1001
WBGene00001017,361,5956,6317
WBGene00001018,248,3128,3376
WBGene00001019,553,2043,2596
WBGene00001020,7,265,272
WBGene00001021,70,324,394
WBGene00001022,60,646,706
WBGene00001023,324,4967,5291
WBGene00001025,84,1136,1220
WBGene00001026,67,3048,3115
WBGene00001027,578,980,1558
WBGene00001028,156,2123,2279
WBGene00001029,139,2343,2482
WBGene00001030,66,7933,7999
WBGene00001031,59,3159,3218
WBGene00001032,51,1695,1746
WBGene00001033,146,782,928
WBGene00001034,91,2818,2909
WBGene00001035,101,1496,1597
WBGene00001036,16,655,671
WBGene00001037,47,6859,6906
WBGene00001038,246,5521,5767
WBGene00001039,76,551,627
WBGene00001040,62,3183,3245
WBGene00001041,50,2203,2253
WBGene00001042,177,837,1014
WBGene00001043,764,1466,2230
WBGene00001044,22,795,817
WBGene00001045,79,296,375
WBGene00001046,40,565,605
WBGene00001047,299,3234,3533
WBGene00001048,231,986,1217
WBGene00001049,86,1277,1363
WBGene00001050,108,782,890
WBGene00001051,5,2657,2662
WBGene00001052,345,1032,1377
WBGene00001053,126,352,478
WBGene00001054,88,459,547
WBGene00001055,102,343,445
WBGene00001056,156,2297,2453
WBGene00001057,22,1657,1679
WBGene00001058,136,1572,1708
WBGene00001059,1,59,60
WBGene00001060,25,952,977
WBGene00001061,81,1796,1877
WBGene00001062,4,4,8
WBGene00001063,18,14,32
WBGene00001064,0,12,12
WBGene00001065,0,9,9
WBGene00001066,3,17,20
WBGene00001067,0,110,110
WBGene00001068,9,197,206
WBGene00001069,1,11,12
WBGene00001070,7,12,19
WBGene00001071,1,11,12
WBGene00001072,4,7,11
WBGene00001073,91,2791,2882
WBGene00001074,3,16,19
WBGene00001075,37,186,223
WBGene00001076,0,215,215
WBGene00001077,20,461,481
WBGene00001078,211,469,680
WBGene00001079,6,17,23
WBGene00001080,1326,4640,5966
WBGene00001081,263,9369,9632
WBGene00001082,294,2240,2534
WBGene00001085,139,2956,3095
WBGene00001086,145,3374,3519
WBGene00001087,2915,3259,6174
WBGene00001088,13,9556,9569
WBGene00001089,344,1135,1479
WBGene00001090,308,1080,1388
WBGene00001092,3,68,71
WBGene00001093,96,2811,2907
WBGene00001094,20,4775,4795
WBGene00001095,74,791,865
WBGene00001096,78,354,432
WBGene00001099,36,721,757
WBGene00001101,1086,5565,6651
WBGene00001102,31,1127,1158
WBGene00001103,1,22,23
WBGene00001104,11,11,22
WBGene00001105,5,40,45
WBGene00001106,213,36,249
WBGene00001107,10,28,38
WBGene00001108,5,68,73
WBGene00001109,0,289,289
WBGene00001110,29,902,931
WBGene00001112,151,1563,1714
WBGene00001113,1101,10359,11460
WBGene00001115,430,1385,1815
WBGene00001116,267,1180,1447
WBGene00001117,82,547,629
WBGene00001118,214,432,646
WBGene00001119,46,400,446
WBGene00001121,111,236,347
WBGene00001122,116,1198,1314
WBGene00001123,10,103,113
WBGene00001127,54,307,361
WBGene00001129,31,246,277
WBGene00001130,173,3173,3346
WBGene00001131,894,9159,10053
WBGene00001132,200,2901,3101
WBGene00001133,67,361,428
WBGene00001134,153,2914,3067
WBGene00001135,64,533,597
WBGene00001136,36,116,152
WBGene00001137,391,28937,29328
WBGene00001145,1449,10215,11664
WBGene00001147,0,12,12
WBGene00001148,31,439,470
WBGene00001149,461,13604,14065
WBGene00001150,11,31,42
WBGene00001151,67,1272,1339
WBGene00001152,5,1922,1927
WBGene00001153,5,1202,1207
WBGene00001154,61,530,591
WBGene00001155,259,2900,3159
WBGene00001156,236,2334,2570
WBGene00001157,74,442,516
WBGene00001158,14,30,44
WBGene00001159,26,190,216
WBGene00001160,167,9612,9779
WBGene00001161,418,995,1413
WBGene00001162,292,874,1166
WBGene00001163,227,1714,1941
WBGene00001164,4,2,6
WBGene00001165,48,373,421
WBGene00001166,20,2878,2898
WBGene00001167,4580,216859,221439
WBGene00001168,13729,589907,603636
WBGene00001169,49,17433,17482
WBGene00001170,28,415,443
WBGene00001171,186,503,689
WBGene00001172,375,12695,13070
WBGene00001173,4079,8584,12663
WBGene00001174,69,850,919
WBGene00001175,27,134,161
WBGene00001177,3314,7662,10976
WBGene00001178,464,2779,3243
WBGene00001179,503,1379,1882
WBGene00001182,167,1917,2084
WBGene00001184,195,1516,1711
WBGene00001185,35,74,109
WBGene00001186,423,897,1320
WBGene00001187,373,2901,3274
WBGene00001188,384,1726,2110
WBGene00001189,1448,26889,28337
WBGene00001190,233,507,740
WBGene00001193,12,641,653
WBGene00001194,642,10434,11076
WBGene00001196,2512,13155,15667
WBGene00001202,110,281,391
WBGene00001204,124,61,185
WBGene00001207,109,416,525
WBGene00001208,466,2227,2693
WBGene00001209,37,5823,5860
WBGene00001210,71,3266,3337
WBGene00001211,84,272,356
WBGene00001214,56,1410,1466
WBGene00001215,579,2781,3360
WBGene00001223,7,13,20
WBGene00001224,18,2090,2108
WBGene00001225,23,6339,6362
WBGene00001226,83,3286,3369
WBGene00001227,431,4120,4551
WBGene00001228,20,2063,2083
WBGene00001229,34,2385,2419
WBGene00001230,75,4688,4763
WBGene00001231,38,1022,1060
WBGene00001232,228,2617,2845
WBGene00001233,202,2659,2861
WBGene00001234,14,4284,4298
WBGene00001235,81,2271,2352
WBGene00001236,326,406,732
WBGene00001237,39,279,318
WBGene00001239,187,9096,9283
WBGene00001240,142,3842,3984
WBGene00001241,446,2143,2589
WBGene00001242,7,47,54
WBGene00001243,81,1139,1220
WBGene00001244,179,1586,1765
WBGene00001245,4,4,8
WBGene00001246,2,56,58
WBGene00001247,57,466,523
WBGene00001248,134,439,573
WBGene00001249,28,880,908
WBGene00001250,30,228,258
WBGene00001251,129,2215,2344
WBGene00001252,16,746,762
WBGene00001253,75,728,803
WBGene00001258,734,3668,4402
WBGene00001259,123,4586,4709
WBGene00001262,118,4158,4276
WBGene00001263,501,16078,16579
WBGene00001281,91,1614,1705
WBGene00001284,165,2176,2341
WBGene00001303,85,8383,8468
WBGene00001309,92,2174,2266
WBGene00001310,12,5,17
WBGene00001311,3,13,16
WBGene00001320,10,2396,2406
WBGene00001324,126,1887,2013
WBGene00001325,313,2070,2383
WBGene00001328,76,2918,2994
WBGene00001329,124,6317,6441
WBGene00001330,582,2343,2925
WBGene00001331,147,1515,1662
WBGene00001332,240,1075,1315
WBGene00001333,372,3908,4280
WBGene00001334,490,2206,2696
WBGene00001335,115,1478,1593
WBGene00001336,291,5118,5409
WBGene00001337,695,8621,9316
WBGene00001338,45,1817,1862
WBGene00001340,829,3836,4665
WBGene00001345,2082,4075,6157
WBGene00001352,324,3285,3609
WBGene00001358,60,536,596
WBGene00001365,285,1780,2065
WBGene00001366,609,2564,3173
WBGene00001368,311,1840,2151
WBGene00001371,31,1397,1428
WBGene00001372,43,231,274
WBGene00001373,115,227,342
WBGene00001374,493,1093,1586
WBGene00001377,273,591,864
WBGene00001385,19875,365225,385100
WBGene00001386,398,16198,16596
WBGene00001387,15,151,166
WBGene00001388,1,2,3
WBGene00001389,44,840,884
WBGene00001390,97,2422,2519
WBGene00001391,1035,21304,22339
WBGene00001392,48,2617,2665
WBGene00001393,84,10513,10597
WBGene00001394,89,26369,26458
WBGene00001395,823,9878,10701
WBGene00001396,286,6854,7140
WBGene00001397,1,120,121
WBGene00001398,75,14769,14844
WBGene00001399,3,16,19
WBGene00001400,14,150,164
WBGene00001401,8,516,524
WBGene00001402,4,281,285
WBGene00001403,234,2619,2853
WBGene00001404,829,4581,5410
WBGene00001405,19,1617,1636
WBGene00001406,469,940,1409
WBGene00001410,325,1399,1724
WBGene00001411,83,2085,2168
WBGene00001412,47,1768,1815
WBGene00001413,51,1049,1100
WBGene00001414,9,42,51
WBGene00001423,60,9762,9822
WBGene00001424,1,9,10
WBGene00001425,220,1563,1783
WBGene00001426,105,4865,4970
WBGene00001427,629,32357,32986
WBGene00001428,3,939,942
WBGene00001429,43,621,664
WBGene00001430,5,176,181
WBGene00001431,61,3277,3338
WBGene00001432,34,179,213
WBGene00001433,27,492,519
WBGene00001434,3,72,75
WBGene00001435,0,3,3
WBGene00001436,1,2,3
WBGene00001437,1,37,38
WBGene00001438,12,24,36
WBGene00001439,3613,5180,8793
WBGene00001440,47,782,829
WBGene00001441,762,13752,14514
WBGene00001442,7,156,163
WBGene00001443,456,2609,3065
WBGene00001444,1415,11877,13292
WBGene00001445,250,4117,4367
WBGene00001446,46,2309,2355
WBGene00001447,170,4918,5088
WBGene00001448,675,14383,15058
WBGene00001449,444,3774,4218
WBGene00001450,42,2255,2297
WBGene00001451,225,3192,3417
WBGene00001452,246,26625,26871
WBGene00001453,4,1987,1991
WBGene00001454,7,13714,13721
WBGene00001455,917,27112,28029
WBGene00001456,16,2192,2208
WBGene00001457,2534,22814,25348
WBGene00001458,506,8867,9373
WBGene00001459,235,7810,8045
WBGene00001460,35,983,1018
WBGene00001461,1025,6881,7906
WBGene00001462,136,14584,14720
WBGene00001463,94,3747,3841
WBGene00001464,206,4157,4363
WBGene00001465,45,216,261
WBGene00001466,12,297,309
WBGene00001468,8,92,100
WBGene00001470,100,1840,1940
WBGene00001475,169,1823,1992
WBGene00001476,180,1316,1496
WBGene00001477,67,1614,1681
WBGene00001478,33,170,203
WBGene00001479,40,1101,1141
WBGene00001480,4167,38650,42817
WBGene00001481,43,464,507
WBGene00001482,5,586,591
WBGene00001483,11,256,267
WBGene00001484,542,1101,1643
WBGene00001485,427,873,1300
WBGene00001486,64,733,797
WBGene00001487,56,142,198
WBGene00001488,1197,41093,42290
WBGene00001489,402,2773,3175
WBGene00001490,169,750,919
WBGene00001491,1001,10318,11319
WBGene00001492,82,725,807
WBGene00001493,235,3314,3549
WBGene00001494,476,895,1371
WBGene00001495,188,824,1012
WBGene00001496,1873,11837,13710
WBGene00001497,78,1344,1422
WBGene00001498,250,3155,3405
WBGene00001499,29,1008,1037
WBGene00001500,795,9059,9854
WBGene00001501,3632,27611,31243
WBGene00001502,329,39964,40293
WBGene00001503,69,8433,8502
WBGene00001505,95,1197,1292
WBGene00001506,150,361,511
WBGene00001507,52,142,194
WBGene00001508,70,490,560
WBGene00001509,145,3345,3490
WBGene00001510,332,2079,2411
WBGene00001511,28,1211,1239
WBGene00001512,92,306,398
WBGene00001513,11,1636,1647
WBGene00001514,40,809,849
WBGene00001515,75,235,310
WBGene00001516,1211,2683,3894
WBGene00001517,150,626,776
WBGene00001518,287,905,1192
WBGene00001519,569,2393,2962
WBGene00001520,115,5758,5873
WBGene00001522,79,310,389
WBGene00001523,177,1992,2169
WBGene00001526,294,2386,2680
WBGene00001527,47,2080,2127
WBGene00001528,62,64,126
WBGene00001529,109,93,202
WBGene00001530,38,81,119
WBGene00001531,5,91,96
WBGene00001532,14,103,117
WBGene00001533,84,86,170
WBGene00001534,54,182,236
WBGene00001535,12,208,220
WBGene00001536,44,106,150
WBGene00001537,2402,2908,5310
WBGene00001538,82,779,861
WBGene00001539,217,136,353
WBGene00001540,19,53,72
WBGene00001541,9,151,160
WBGene00001542,50,55,105
WBGene00001543,21,167,188
WBGene00001544,67,173,240
WBGene00001545,5,54,59
WBGene00001546,54,140,194
WBGene00001547,40,132,172
WBGene00001548,30,227,257
WBGene00001549,34,82,116
WBGene00001550,38,97,135
WBGene00001551,92,118,210
WBGene00001552,77,324,401
WBGene00001553,61,258,319
WBGene00001554,117,649,766
WBGene00001555,242,863,1105
WBGene00001556,172,1102,1274
WBGene00001557,83,488,571
WBGene00001558,47,5944,5991
WBGene00001559,328,1097,1425
WBGene00001560,70,283,353
WBGene00001561,3035,13137,16172
WBGene00001562,106,2927,3033
WBGene00001563,193,5433,5626
WBGene00001564,733,31748,32481
WBGene00001565,354,2319,2673
WBGene00001566,45,947,992
WBGene00001568,123,2292,2415
WBGene00001569,3,95,98
WBGene00001570,57,690,747
WBGene00001571,38,1294,1332
WBGene00001572,429,2906,3335
WBGene00001574,503,3554,4057
WBGene00001575,7,66,73
WBGene00001577,249,2464,2713
WBGene00001578,146,1681,1827
WBGene00001579,130,1096,1226
WBGene00001580,83,1167,1250
WBGene00001581,5,2332,2337
WBGene00001582,562,3087,3649
WBGene00001583,32,782,814
WBGene00001584,435,2214,2649
WBGene00001585,79,2012,2091
WBGene00001586,144,449,593
WBGene00001587,259,429,688
WBGene00001588,38,373,411
WBGene00001589,456,1505,1961
WBGene00001590,31,895,926
WBGene00001591,18,916,934
WBGene00001592,38,288,326
WBGene00001593,80,393,473
WBGene00001594,70,532,602
WBGene00001595,10,325,335
WBGene00001596,293,3856,4149
WBGene00001597,61,863,924
WBGene00001598,144,7845,7989
WBGene00001599,20,1502,1522
WBGene00001600,4,963,967
WBGene00001601,81,2075,2156
WBGene00001602,84,1472,1556
WBGene00001603,2,63,65
WBGene00001604,156,19910,20066
WBGene00001606,54,936,990
WBGene00001607,66,1066,1132
WBGene00001608,218,1449,1667
WBGene00001609,84,1449,1533
WBGene00001612,32,190,222
WBGene00001613,131,220,351
WBGene00001614,33,152,185
WBGene00001615,227,860,1087
WBGene00001616,59,657,716
WBGene00001617,152,547,699
WBGene00001618,66,100,166
WBGene00001619,46,133,179
WBGene00001620,58,1161,1219
WBGene00001621,12,167,179
WBGene00001622,95,228,323
WBGene00001623,16,386,402
WBGene00001624,16,32,48
WBGene00001625,3,20,23
WBGene00001626,8,27,35
WBGene00001627,41,328,369
WBGene00001628,45,747,792
WBGene00001629,382,961,1343
WBGene00001630,1120,1096,2216
WBGene00001631,167,1169,1336
WBGene00001632,51,842,893
WBGene00001633,77,437,514
WBGene00001635,38,1259,1297
WBGene00001636,149,459,608
WBGene00001637,42,287,329
WBGene00001638,35,394,429
WBGene00001639,56,309,365
WBGene00001640,31,18,49
WBGene00001641,1,1,2
WBGene00001642,0,0,0
WBGene00001643,11,140,151
WBGene00001644,26,295,321
WBGene00001645,105,1171,1276
WBGene00001646,0,325,325
WBGene00001647,1,306,307
WBGene00001648,472,8193,8665
WBGene00001649,135,1721,1856
WBGene00001650,160,494,654
WBGene00001651,493,1512,2005
WBGene00001653,206,2472,2678
WBGene00001660,67,841,908
WBGene00001661,96,1632,1728
WBGene00001662,86,1959,2045
WBGene00001663,296,263,559
WBGene00001664,41,436,477
WBGene00001665,45,340,385
WBGene00001666,22,462,484
WBGene00001667,8,5,13
WBGene00001668,21,107,128
WBGene00001669,395,1339,1734
WBGene00001670,233,1307,1540
WBGene00001671,370,5727,6097
WBGene00001672,28,150,178
WBGene00001673,105,121,226
WBGene00001674,27,959,986
WBGene00001675,11,70,81
WBGene00001676,154,201,355
WBGene00001677,25,230,255
WBGene00001678,387,478,865
WBGene00001679,534,9809,10343
WBGene00001680,114,2632,2746
WBGene00001681,24,999,1023
WBGene00001682,234,11159,11393
WBGene00001683,101,1174,1275
WBGene00001684,53,28324,28377
WBGene00001685,18,38369,38387
WBGene00001686,107,1454,1561
WBGene00001687,32,133,165
WBGene00001688,11,870,881
WBGene00001689,26,1113,1139
WBGene00001690,35,85,120
WBGene00001691,1,0,1
WBGene00001692,142,6652,6794
WBGene00001693,0,6,6
WBGene00001694,18,2036,2054
WBGene00001695,7,12,19
WBGene00001696,51,69,120
WBGene00001697,5,47,52
WBGene00001698,9,17,26
WBGene00001699,47,4979,5026
WBGene00001700,17,5,22
WBGene00001701,2,28,30
WBGene00001702,50,513,563
WBGene00001703,3,6,9
WBGene00001704,5,79,84
WBGene00001705,8,44,52
WBGene00001707,375,549,924
WBGene00001708,518,2324,2842
WBGene00001709,115,963,1078
WBGene00001710,20,32,52
WBGene00001711,5,17,22
WBGene00001712,4,25,29
WBGene00001713,5,1233,1238
WBGene00001714,1,10,11
WBGene00001715,2,15,17
WBGene00001716,5,12,17
WBGene00001717,3,119,122
WBGene00001718,1,44,45
WBGene00001719,16,347,363
WBGene00001720,6,6,12
WBGene00001721,10,66,76
WBGene00001722,5,10,15
WBGene00001723,12,33,45
WBGene00001724,23,47,70
WBGene00001725,6,20,26
WBGene00001726,4,17,21
WBGene00001727,1,7,8
WBGene00001728,0,9,9
WBGene00001729,10,20,30
WBGene00001730,0,21,21
WBGene00001731,1,34,35
WBGene00001732,7,10,17
WBGene00001733,0,9,9
WBGene00001734,0,9,9
WBGene00001735,9,10,19
WBGene00001736,19,51,70
WBGene00001737,0,0,0
WBGene00001738,1,3,4
WBGene00001739,0,3,3
WBGene00001740,100,732,832
WBGene00001743,91,1190,1281
WBGene00001744,216,1999,2215
WBGene00001745,879,3054,3933
WBGene00001746,475,3142,3617
WBGene00001747,241,4997,5238
WBGene00001748,1050,19663,20713
WBGene00001749,3,4416,4419
WBGene00001750,83,758,841
WBGene00001751,113,5093,5206
WBGene00001752,6,473,479
WBGene00001753,719,37138,37857
WBGene00001754,1,1807,1808
WBGene00001755,459,49310,49769
WBGene00001756,6,2237,2243
WBGene00001757,78,140,218
WBGene00001758,17,4190,4207
WBGene00001759,18,359,377
WBGene00001760,45,2666,2711
WBGene00001761,89,1840,1929
WBGene00001762,2,277,279
WBGene00001763,29,4348,4377
WBGene00001764,9,800,809
WBGene00001765,1,36,37
WBGene00001766,13,2,15
WBGene00001767,13,1456,1469
WBGene00001768,200,44541,44741
WBGene00001769,12,382,394
WBGene00001770,11,3828,3839
WBGene00001771,3,1176,1179
WBGene00001772,14,7462,7476
WBGene00001773,24,100,124
WBGene00001774,0,372,372
WBGene00001775,3,4980,4983
WBGene00001776,36,1072,1108
WBGene00001777,10,196,206
WBGene00001778,1,867,868
WBGene00001779,1,333,334
WBGene00001780,2,36,38
WBGene00001781,351,7217,7568
WBGene00001782,75,409,484
WBGene00001783,294,4183,4477
WBGene00001784,222,2080,2302
WBGene00001785,0,27,27
WBGene00001786,0,343,343
WBGene00001787,1,2644,2645
WBGene00001788,77,707,784
WBGene00001789,5,1794,1799
WBGene00001790,100,2321,2421
WBGene00001791,112,845,957
WBGene00001792,65,956,1021
WBGene00001793,1824,3119,4943
WBGene00001794,1454,12042,13496
WBGene00001795,305,2538,2843
WBGene00001796,73,238,311
WBGene00001803,143,1466,1609
WBGene00001804,72,296,368
WBGene00001805,41,144,185
WBGene00001806,15,34,49
WBGene00001808,293,2177,2470
WBGene00001811,24,235,259
WBGene00001812,49,1010,1059
WBGene00001813,271,1017,1288
WBGene00001814,84,2896,2980
WBGene00001815,130,691,821
WBGene00001816,249,301,550
WBGene00001817,46,393,439
WBGene00001818,28,9,37
WBGene00001819,86,2162,2248
WBGene00001820,38,1474,1512
WBGene00001821,270,1220,1490
WBGene00001823,64,957,1021
WBGene00001824,42,1616,1658
WBGene00001827,72,1490,1562
WBGene00001828,3,4,7
WBGene00001829,27,1333,1360
WBGene00001830,50,2303,2353
WBGene00001831,26,2345,2371
WBGene00001832,88,1828,1916
WBGene00001833,89,2227,2316
WBGene00001834,4,1545,1549
WBGene00001835,7,1226,1233
WBGene00001836,143,1040,1183
WBGene00001837,1245,1985,3230
WBGene00001838,75,362,437
WBGene00001839,30,54,84
WBGene00001840,330,9613,9943
WBGene00001841,5,66,71
WBGene00001842,12,78,90
WBGene00001843,589,6124,6713
WBGene00001844,37,981,1018
WBGene00001851,433,6657,7090
WBGene00001852,773,33205,33978
WBGene00001853,89,26358,26447
WBGene00001854,91,26664,26755
WBGene00001855,35,14203,14238
WBGene00001856,4,8346,8350
WBGene00001857,0,38,38
WBGene00001858,0,20596,20596
WBGene00001859,20,42,62
WBGene00001860,131,3213,3344
WBGene00001862,29,640,669
WBGene00001863,1084,10752,11836
WBGene00001864,206,1187,1393
WBGene00001865,80,794,874
WBGene00001867,56,771,827
WBGene00001869,24,1422,1446
WBGene00001872,118,597,715
WBGene00001874,36,2000,2036
WBGene00001875,0,1289,1289
WBGene00001876,0,1173,1173
WBGene00001877,0,2408,2408
WBGene00001878,0,1016,1016
WBGene00001879,0,1156,1156
WBGene00001880,0,1255,1255
WBGene00001881,0,912,912
WBGene00001882,0,731,731
WBGene00001883,0,563,563
WBGene00001884,0,0,0
WBGene00001885,0,2044,2044
WBGene00001886,0,0,0
WBGene00001887,0,0,0
WBGene00001888,0,0,0
WBGene00001889,0,0,0
WBGene00001890,0,265,265
WBGene00001891,0,172,172
WBGene00001892,0,1200,1200
WBGene00001893,0,0,0
WBGene00001894,0,0,0
WBGene00001895,0,0,0
WBGene00001896,0,0,0
WBGene00001898,34,50029,50063
WBGene00001899,0,235,235
WBGene00001900,0,0,0
WBGene00001901,0,0,0
WBGene00001902,0,0,0
WBGene00001903,0,3,3
WBGene00001904,0,2,2
WBGene00001905,0,234,234
WBGene00001906,0,2569,2569
WBGene00001907,0,0,0
WBGene00001908,0,1,1
WBGene00001909,1214,49881,51095
WBGene00001910,319,16117,16436
WBGene00001911,1762,97478,99240
WBGene00001912,0,66,66
WBGene00001913,1,8,9
WBGene00001914,0,131,131
WBGene00001915,1032,46648,47680
WBGene00001916,0,23,23
WBGene00001917,0,0,0
WBGene00001918,0,0,0
WBGene00001919,0,41,41
WBGene00001920,0,0,0
WBGene00001921,0,115,115
WBGene00001922,0,1330,1330
WBGene00001923,0,0,0
WBGene00001924,0,0,0
WBGene00001925,0,0,0
WBGene00001926,0,0,0
WBGene00001927,0,0,0
WBGene00001928,0,83,83
WBGene00001929,0,25,25
WBGene00001930,0,0,0
WBGene00001931,46,352,398
WBGene00001932,0,92,92
WBGene00001933,0,6673,6673
WBGene00001934,0,6591,6591
WBGene00001935,0,1839,1839
WBGene00001936,0,3873,3873
WBGene00001937,0,1781,1781
WBGene00001938,0,5715,5715
WBGene00001939,0,79,79
WBGene00001940,0,202,202
WBGene00001941,0,2253,2253
WBGene00001942,0,2702,2702
WBGene00001943,0,75,75
WBGene00001944,0,34,34
WBGene00001945,297,23595,23892
WBGene00001946,785,41169,41954
WBGene00001947,0,283,283
WBGene00001948,305,1330,1635
WBGene00001949,30,1526,1556
WBGene00001950,3,255,258
WBGene00001951,5,84,89
WBGene00001952,70,1329,1399
WBGene00001953,51,503,554
WBGene00001954,25,177,202
WBGene00001955,679,34343,35022
WBGene00001956,0,15,15
WBGene00001957,133,984,1117
WBGene00001958,6,959,965
WBGene00001959,3,51,54
WBGene00001960,37,345,382
WBGene00001961,11,81,92
WBGene00001962,6,5,11
WBGene00001964,0,3,3
WBGene00001965,0,6,6
WBGene00001966,0,20,20
WBGene00001967,0,0,0
WBGene00001968,0,8,8
WBGene00001971,138,38647,38785
WBGene00001972,418,10442,10860
WBGene00001973,10,2200,2210
WBGene00001974,38,2782,2820
WBGene00001975,55,1440,1495
WBGene00001976,18,12897,12915
WBGene00001977,0,2650,2650
WBGene00001978,492,3156,3648
WBGene00001979,64,1917,1981
WBGene00001980,1989,2355,4344
WBGene00001981,4,46,50
WBGene00001983,71,1222,1293
WBGene00001984,70,146,216
WBGene00001985,10,274,284
WBGene00001986,135,692,827
WBGene00001987,656,550,1206
WBGene00001988,51,799,850
WBGene00001989,96,562,658
WBGene00001990,157,1824,1981
WBGene00001991,29,338,367
WBGene00001992,55,523,578
WBGene00001993,129,5796,5925
WBGene00001994,304,4955,5259
WBGene00001995,80,1455,1535
WBGene00001996,289,1138,1427
WBGene00001997,249,695,944
WBGene00001998,59,832,891
WBGene00001999,46,16689,16735
WBGene00002000,230,5117,5347
WBGene00002001,264,3240,3504
WBGene00002002,105,2967,3072
WBGene00002003,112,525,637
WBGene00002004,637,1828,2465
WBGene00002005,156,28313,28469
WBGene00002007,83,7566,7649
WBGene00002008,56,1278,1334
WBGene00002010,31,5166,5197
WBGene00002011,1084,22236,23320
WBGene00002012,551,68540,69091
WBGene00002013,187,48079,48266
WBGene00002015,0,0,0
WBGene00002016,14,1861,1875
WBGene00002017,0,214,214
WBGene00002018,19,1611,1630
WBGene00002019,0,15687,15687
WBGene00002020,0,0,0
WBGene00002021,118,929,1047
WBGene00002023,416,8320,8736
WBGene00002024,187,4292,4479
WBGene00002025,227,1267,1494
WBGene00002026,6,202,208
WBGene00002027,172,7780,7952
WBGene00002028,23,510,533
WBGene00002029,21,240,261
WBGene00002030,67,387,454
WBGene00002031,108,604,712
WBGene00002032,11,398,409
WBGene00002033,26,395,421
WBGene00002034,33,1438,1471
WBGene00002035,319,2205,2524
WBGene00002036,442,3410,3852
WBGene00002037,135,616,751
WBGene00002038,248,2274,2522
WBGene00002039,63,380,443
WBGene00002040,475,2685,3160
WBGene00002041,226,1477,1703
WBGene00002042,62,937,999
WBGene00002043,328,1288,1616
WBGene00002044,26,645,671
WBGene00002045,7278,89306,96584
WBGene00002046,129,1862,1991
WBGene00002047,59,1750,1809
WBGene00002048,912,5399,6311
WBGene00002050,368,3394,3762
WBGene00002051,1,18,19
WBGene00002052,197,3197,3394
WBGene00002053,369,4463,4832
WBGene00002054,769,36865,37634
WBGene00002055,42,11017,11059
WBGene00002056,688,4701,5389
WBGene00002057,39,405,444
WBGene00002058,14,178,192
WBGene00002059,144,4767,4911
WBGene00002060,31,3495,3526
WBGene00002061,16,1581,1597
WBGene00002062,59,748,807
WBGene00002063,196,945,1141
WBGene00002064,1088,9938,11026
WBGene00002065,546,116239,116785
WBGene00002066,148,4267,4415
WBGene00002067,36,301,337
WBGene00002068,10,1419,1429
WBGene00002069,809,8694,9503
WBGene00002070,29,1152,1181
WBGene00002071,21,1069,1090
WBGene00002072,64,1513,1577
WBGene00002073,4,1346,1350
WBGene00002074,66,3873,3939
WBGene00002075,118,1014,1132
WBGene00002076,482,1029,1511
WBGene00002077,210,8106,8316
WBGene00002078,776,12947,13723
WBGene00002079,60,529,589
WBGene00002080,166,1104,1270
WBGene00002081,30,848,878
WBGene00002083,3,1137,1140
WBGene00002084,41,1476,1517
WBGene00002085,0,20,20
WBGene00002086,25,954,979
WBGene00002087,1,10,11
WBGene00002088,1,25,26
WBGene00002089,3,90,93
WBGene00002090,1,0,1
WBGene00002091,5,1,6
WBGene00002092,3,6,9
WBGene00002093,64,844,908
WBGene00002094,28,291,319
WBGene00002095,8,19,27
WBGene00002096,3,1,4
WBGene00002097,33,512,545
WBGene00002098,2,39,41
WBGene00002099,3,12,15
WBGene00002100,65,6615,6680
WBGene00002101,377,2413,2790
WBGene00002102,3,4,7
WBGene00002103,2,25,27
WBGene00002104,14,24,38
WBGene00002105,12,231,243
WBGene00002106,1,12,13
WBGene00002107,80,1159,1239
WBGene00002108,140,125,265
WBGene00002109,30,496,526
WBGene00002110,195,1652,1847
WBGene00002111,38,532,570
WBGene00002112,48,612,660
WBGene00002113,67,3464,3531
WBGene00002114,0,4,4
WBGene00002115,0,3,3
WBGene00002116,54,23,77
WBGene00002117,5,8,13
WBGene00002118,36,845,881
WBGene00002119,68,95,163
WBGene00002120,0,7,7
WBGene00002121,0,1,1
WBGene00002123,550,1209,1759
WBGene00002124,4,347,351
WBGene00002125,4,460,464
WBGene00002127,10,1132,1142
WBGene00002128,128,1741,1869
WBGene00002129,73,2205,2278
WBGene00002130,3,36,39
WBGene00002131,3,28,31
WBGene00002132,35,1149,1184
WBGene00002133,242,1174,1416
WBGene00002134,264,4311,4575
WBGene00002135,152,2970,3122
WBGene00002136,145,1457,1602
WBGene00002137,79,1400,1479
WBGene00002138,44,519,563
WBGene00002139,9,715,724
WBGene00002140,276,1102,1378
WBGene00002141,228,184,412
WBGene00002142,138,1014,1152
WBGene00002143,98,250,348
WBGene00002144,21,117,138
WBGene00002146,148,967,1115
WBGene00002147,367,1760,2127
WBGene00002148,200,2156,2356
WBGene00002149,56,141,197
WBGene00002150,321,458,779
WBGene00002151,299,342,641
WBGene00002152,159,4695,4854
WBGene00002153,54,1207,1261
WBGene00002162,3142,43285,46427
WBGene00002163,854,3249,4103
WBGene00002169,236,2694,2930
WBGene00002173,580,3984,4564
WBGene00002174,135,1571,1706
WBGene00002175,1179,1307,2486
WBGene00002176,644,871,1515
WBGene00002177,58,432,490
WBGene00002178,103,1028,1131
WBGene00002179,532,4674,5206
WBGene00002180,30,1675,1705
WBGene00002181,161,551,712
WBGene00002182,86,405,491
WBGene00002183,131,2094,2225
WBGene00002184,334,1151,1485
WBGene00002185,525,1483,2008
WBGene00002186,4,28,32
WBGene00002187,321,1747,2068
WBGene00002188,27,138,165
WBGene00002189,3623,10497,14120
WBGene00002190,774,5541,6315
WBGene00002191,1199,19890,21089
WBGene00002192,498,3231,3729
WBGene00002193,5,6,11
WBGene00002194,29,126,155
WBGene00002195,126,943,1069
WBGene00002196,113,10264,10377
WBGene00002198,558,686,1244
WBGene00002199,10,46,56
WBGene00002200,57,505,562
WBGene00002201,182,4262,4444
WBGene00002202,341,14447,14788
WBGene00002203,575,3195,3770
WBGene00002204,0,1,1
WBGene00002205,9,26,35
WBGene00002206,1,2,3
WBGene00002207,177,1164,1341
WBGene00002208,3,9,12
WBGene00002210,888,3040,3928
WBGene00002211,5,36,41
WBGene00002213,86,697,783
WBGene00002214,74,1759,1833
WBGene00002215,1005,4956,5961
WBGene00002216,68,1250,1318
WBGene00002217,164,2380,2544
WBGene00002218,19,111,130
WBGene00002219,101,1826,1927
WBGene00002220,112,1226,1338
WBGene00002222,277,2152,2429
WBGene00002223,1441,6631,8072
WBGene00002224,244,345,589
WBGene00002225,5,2025,2030
WBGene00002226,7,3700,3707
WBGene00002227,9,22,31
WBGene00002228,213,2387,2600
WBGene00002229,48,2140,2188
WBGene00002230,266,727,993
WBGene00002231,56,2101,2157
WBGene00002232,268,2665,2933
WBGene00002233,152,462,614
WBGene00002234,27,302,329
WBGene00002235,113,204,317
WBGene00002238,1,1810,1811
WBGene00002239,182,1055,1237
WBGene00002240,588,979,1567
WBGene00002241,947,3774,4721
WBGene00002242,357,506,863
WBGene00002243,93,266,359
WBGene00002244,266,1906,2172
WBGene00002245,509,2217,2726
WBGene00002246,3,178,181
WBGene00002247,242,1836,2078
WBGene00002248,24,67,91
WBGene00002249,34,2568,2602
WBGene00002250,40,3989,4029
WBGene00002251,443,3134,3577
WBGene00002252,174,398,572
WBGene00002253,4378,20414,24792
WBGene00002254,5999,58519,64518
WBGene00002255,705,5345,6050
WBGene00002256,42,1524,1566
WBGene00002257,147,1561,1708
WBGene00002258,177,4344,4521
WBGene00002259,41,1686,1727
WBGene00002260,1,31,32
WBGene00002261,856,3266,4122
WBGene00002262,188,2936,3124
WBGene00002263,1610,11221,12831
WBGene00002264,458,15663,16121
WBGene00002265,2002,53478,55480
WBGene00002266,1144,8346,9490
WBGene00002267,601,14828,15429
WBGene00002268,1559,18248,19807
WBGene00002269,1510,21257,22767
WBGene00002270,28,1448,1476
WBGene00002271,243,20353,20596
WBGene00002272,1192,22436,23628
WBGene00002273,112,23873,23985
WBGene00002274,61,1572,1633
WBGene00002275,13,650,663
WBGene00002276,66,2356,2422
WBGene00002278,386,1332,1718
WBGene00002280,958,15493,16451
WBGene00002282,9,125,134
WBGene00002295,352,10442,10794
WBGene00002297,139,945,1084
WBGene00002299,118,775,893
WBGene00002324,34,1630,1664
WBGene00002335,190,5142,5332
WBGene00002344,531,38117,38648
WBGene00002348,309,32584,32893
WBGene00002363,130,4065,4195
WBGene00002368,46,1233,1279
WBGene00002393,26,416,442
WBGene00002497,360,258,618
WBGene00002583,563,4803,5366
WBGene00002601,64,458,522
WBGene00002632,66,1593,1659
WBGene00002637,178,8008,8186
WBGene00002694,76,3124,3200
WBGene00002696,177,5090,5267
WBGene00002717,1447,8370,9817
WBGene00002783,764,2917,3681
WBGene00002804,10,1026,1036
WBGene00002827,24,164,188
WBGene00002845,196,3486,3682
WBGene00002850,177,6477,6654
WBGene00002855,95,4916,5011
WBGene00002879,86,1481,1567
WBGene00002881,313,2852,3165
WBGene00002889,333,3211,3544
WBGene00002891,24,3286,3310
WBGene00002915,291,4961,5252
WBGene00002957,149,3335,3484
WBGene00002974,328,976,1304
WBGene00002975,32,98,130
WBGene00002976,293,990,1283
WBGene00002977,425,1648,2073
WBGene00002978,2232,128824,131056
WBGene00002979,1112,4116,5228
WBGene00002980,441,88969,89410
WBGene00002981,683,33522,34205
WBGene00002982,158,2041,2199
WBGene00002983,62,276,338
WBGene00002985,85,2941,3026
WBGene00002986,79,1417,1496
WBGene00002987,194,358,552
WBGene00002988,63,284,347
WBGene00002989,381,1009,1390
WBGene00002990,581,1443,2024
WBGene00002991,414,1313,1727
WBGene00002992,377,1152,1529
WBGene00002994,59,4377,4436
WBGene00002996,66,355,421
WBGene00002997,76,834,910
WBGene00002998,94,1967,2061
WBGene00002999,512,2568,3080
WBGene00003000,71,431,502
WBGene00003001,76,299,375
WBGene00003002,497,5872,6369
WBGene00003003,2976,1948,4924
WBGene00003006,409,612,1021
WBGene00003007,131,618,749
WBGene00003008,23,37,60
WBGene00003009,140,2695,2835
WBGene00003010,602,1656,2258
WBGene00003011,227,1977,2204
WBGene00003012,175,2198,2373
WBGene00003014,490,8154,8644
WBGene00003015,146,129,275
WBGene00003017,18,116,134
WBGene00003018,102,2350,2452
WBGene00003019,182,2277,2459
WBGene00003020,548,1377,1925
WBGene00003021,192,2608,2800
WBGene00003022,117,926,1043
WBGene00003024,343,2504,2847
WBGene00003025,314,4951,5265
WBGene00003026,150,1923,2073
WBGene00003029,80,2020,2100
WBGene00003030,495,2727,3222
WBGene00003031,35,729,764
WBGene00003033,12,581,593
WBGene00003034,336,4218,4554
WBGene00003035,71,1206,1277
WBGene00003036,7,3871,3878
WBGene00003037,27,1187,1214
WBGene00003038,35,1759,1794
WBGene00003040,516,6665,7181
WBGene00003041,135,2676,2811
WBGene00003043,147,2151,2298
WBGene00003044,471,3028,3499
WBGene00003045,303,1970,2273
WBGene00003046,19,122,141
WBGene00003047,475,2808,3283
WBGene00003048,3899,6880,10779
WBGene00003052,107,10461,10568
WBGene00003053,38,12914,12952
WBGene00003055,14,231,245
WBGene00003056,173,575,748
WBGene00003057,1,5,6
WBGene00003058,5,9,14
WBGene00003059,91,1125,1216
WBGene00003060,1547,4639,6186
WBGene00003061,201,5947,6148
WBGene00003062,39,2429,2468
WBGene00003063,282,38324,38606
WBGene00003064,15,2028,2043
WBGene00003065,112,6131,6243
WBGene00003066,112,1874,1986
WBGene00003068,277,1864,2141
WBGene00003071,349,6160,6509
WBGene00003072,318,5722,6040
WBGene00003073,235,10556,10791
WBGene00003074,101,1420,1521
WBGene00003075,20,78,98
WBGene00003076,128,2104,2232
WBGene00003077,67,880,947
WBGene00003078,25,2436,2461
WBGene00003079,0,7761,7761
WBGene00003080,94,1821,1915
WBGene00003081,370,2530,2900
WBGene00003082,245,1206,1451
WBGene00003083,199,5640,5839
WBGene00003084,172,1942,2114
WBGene00003085,316,6757,7073
WBGene00003086,1062,2279,3341
WBGene00003087,77,2002,2079
WBGene00003089,149,2008,2157
WBGene00003090,2,1902,1904
WBGene00003091,2,231,233
WBGene00003092,1,207,208
WBGene00003093,138,2175,2313
WBGene00003094,4,35,39
WBGene00003095,0,23,23
WBGene00003096,0,73,73
WBGene00003097,16,4670,4686
WBGene00003098,0,4,4
WBGene00003099,0,4,4
WBGene00003100,35,38,73
WBGene00003102,308,950,1258
WBGene00003104,28,134,162
WBGene00003106,78,334,412
WBGene00003107,46,33,79
WBGene00003111,179,1877,2056
WBGene00003112,47,270,317
WBGene00003114,80,135,215
WBGene00003119,500,1549,2049
WBGene00003123,13,3988,4001
WBGene00003124,329,3582,3911
WBGene00003129,243,1360,1603
WBGene00003130,380,2117,2497
WBGene00003132,68,1812,1880
WBGene00003133,264,2059,2323
WBGene00003134,74,937,1011
WBGene00003136,123,1065,1188
WBGene00003142,121,1081,1202
WBGene00003143,183,1243,1426
WBGene00003144,703,2646,3349
WBGene00003148,18,4400,4418
WBGene00003149,433,2648,3081
WBGene00003150,1164,6952,8116
WBGene00003151,138,1194,1332
WBGene00003153,4656,9243,13899
WBGene00003154,79,1087,1166
WBGene00003155,19,1283,1302
WBGene00003156,16,1715,1731
WBGene00003157,27,2513,2540
WBGene00003158,45,1998,2043
WBGene00003159,6,1000,1006
WBGene00003160,167,4557,4724
WBGene00003161,327,1463,1790
WBGene00003162,13,3207,3220
WBGene00003163,472,21731,22203
WBGene00003164,32,663,695
WBGene00003165,80,668,748
WBGene00003166,772,966,1738
WBGene00003167,50,355,405
WBGene00003168,103,353,456
WBGene00003169,102,1368,1470
WBGene00003170,75,258,333
WBGene00003171,160,2959,3119
WBGene00003172,417,2846,3263
WBGene00003173,97,357,454
WBGene00003174,84,196,280
WBGene00003175,135,2805,2940
WBGene00003176,2,22,24
WBGene00003177,119,973,1092
WBGene00003178,34,3707,3741
WBGene00003179,73,466,539
WBGene00003180,23,3,26
WBGene00003181,0,94,94
WBGene00003182,723,2784,3507
WBGene00003183,4,1166,1170
WBGene00003184,11,364,375
WBGene00003185,3,1428,1431
WBGene00003186,197,1245,1442
WBGene00003196,489,2452,2941
WBGene00003209,634,3887,4521
WBGene00003210,199,3490,3689
WBGene00003214,137,2466,2603
WBGene00003216,4,869,873
WBGene00003218,98,4869,4967
WBGene00003219,10,48,58
WBGene00003220,150,1425,1575
WBGene00003221,424,2502,2926
WBGene00003222,87,1895,1982
WBGene00003224,53,348,401
WBGene00003225,444,8553,8997
WBGene00003228,30,516,546
WBGene00003229,257,2681,2938
WBGene00003230,47,917,964
WBGene00003231,10,321,331
WBGene00003232,118,398,516
WBGene00003233,106,403,509
WBGene00003234,434,3455,3889
WBGene00003235,269,2100,2369
WBGene00003236,2,609,611
WBGene00003237,289,2089,2378
WBGene00003238,229,1933,2162
WBGene00003239,101,2303,2404
WBGene00003241,134,1838,1972
WBGene00003242,1733,19898,21631
WBGene00003243,1039,3051,4090
WBGene00003245,37,523,560
WBGene00003246,748,1113,1861
WBGene00003247,371,3070,3441
WBGene00003248,29,126,155
WBGene00003249,170,3010,3180
WBGene00003252,31,401,432
WBGene00003253,43,2765,2808
WBGene00003254,21,531,552
WBGene00003258,1622,487,2109
WBGene00003367,996,10071,11067
WBGene00003368,57,1189,1246
WBGene00003369,210,26439,26649
WBGene00003370,51663,380110,431773
WBGene00003371,416,497461,497877
WBGene00003372,505,6581,7086
WBGene00003373,66,732,798
WBGene00003374,495,1578,2073
WBGene00003375,288,2447,2735
WBGene00003376,223,864,1087
WBGene00003377,15,165,180
WBGene00003378,736,4435,5171
WBGene00003380,60,553,613
WBGene00003384,23,248,271
WBGene00003385,287,2115,2402
WBGene00003386,65,523,588
WBGene00003387,338,294,632
WBGene00003388,122,1087,1209
WBGene00003389,59,4057,4116
WBGene00003390,26,875,901
WBGene00003391,581,4148,4729
WBGene00003392,164,1770,1934
WBGene00003393,244,4083,4327
WBGene00003394,28,213,241
WBGene00003395,12,718,730
WBGene00003396,274,1514,1788
WBGene00003397,130,886,1016
WBGene00003400,469,830,1299
WBGene00003401,923,3281,4204
WBGene00003402,95,639,734
WBGene00003403,83,870,953
WBGene00003404,1218,4614,5832
WBGene00003405,55,2209,2264
WBGene00003406,65,3370,3435
WBGene00003407,736,3588,4324
WBGene00003408,854,2118,2972
WBGene00003409,78,756,834
WBGene00003410,1,55,56
WBGene00003411,193,1768,1961
WBGene00003412,86,533,619
WBGene00003413,612,508,1120
WBGene00003414,122,116,238
WBGene00003415,41,2829,2870
WBGene00003417,97,384,481
WBGene00003418,53,1001,1054
WBGene00003421,235,1645,1880
WBGene00003422,177,2766,2943
WBGene00003423,1511,2535,4046
WBGene00003424,0,0,0
WBGene00003425,0,0,0
WBGene00003426,0,0,0
WBGene00003429,0,0,0
WBGene00003430,0,0,0
WBGene00003431,0,7,7
WBGene00003432,0,0,0
WBGene00003434,0,0,0
WBGene00003435,0,2,2
WBGene00003438,0,0,0
WBGene00003442,0,5,5
WBGene00003443,0,3,3
WBGene00003444,0,4,4
WBGene00003446,0,1,1
WBGene00003448,0,1,1
WBGene00003449,0,2,2
WBGene00003450,0,0,0
WBGene00003451,0,0,0
WBGene00003452,0,0,0
WBGene00003456,0,0,0
WBGene00003457,0,1,1
WBGene00003458,0,0,0
WBGene00003462,0,1,1
WBGene00003463,0,5,5
WBGene00003464,0,0,0
WBGene00003465,0,0,0
WBGene00003466,0,0,0
WBGene00003467,0,0,0
WBGene00003468,0,0,0
WBGene00003469,0,0,0
WBGene00003470,0,1,1
WBGene00003471,64,405,469
WBGene00003472,303,2988,3291
WBGene00003473,213,22980,23193
WBGene00003474,58,2547,2605
WBGene00003475,329,1873,2202
WBGene00003476,2891,10558,13449
WBGene00003477,50,580,630
WBGene00003478,357,877,1234
WBGene00003479,492,986,1478
WBGene00003480,75,714,789
WBGene00003482,257,1192,1449
WBGene00003485,42,299,341
WBGene00003495,362,42509,42871
WBGene00003497,136,2187,2323
WBGene00003499,16,273,289
WBGene00003504,19,1516,1535
WBGene00003507,5,703,708
WBGene00003508,206,1551,1757
WBGene00003509,54,1353,1407
WBGene00003510,307,3048,3355
WBGene00003511,12,485,497
WBGene00003514,586,36730,37316
WBGene00003515,452,36724,37176
WBGene00003516,137,1282,1419
WBGene00003517,8,126,134
WBGene00003518,57,337,394
WBGene00003519,194,1075,1269
WBGene00003520,22,80,102
WBGene00003521,0,0,0
WBGene00003522,0,7,7
WBGene00003523,65,140,205
WBGene00003524,22,177,199
WBGene00003525,432,1618,2050
WBGene00003526,38,390,428
WBGene00003527,56,195,251
WBGene00003528,60,1919,1979
WBGene00003529,28,16,44
WBGene00003530,31,180,211
WBGene00003531,8,10,18
WBGene00003532,15,44,59
WBGene00003533,7,11,18
WBGene00003534,3,6,9
WBGene00003535,2,4,6
WBGene00003536,3,0,3
WBGene00003537,2,2,4
WBGene00003538,0,4,4
WBGene00003539,0,0,0
WBGene00003540,0,5,5
WBGene00003541,28,3,31
WBGene00003542,3,8,11
WBGene00003543,9,9,18
WBGene00003544,132,1013,1145
WBGene00003545,11,6,17
WBGene00003546,2,10,12
WBGene00003547,18,180,198
WBGene00003548,66,236,302
WBGene00003549,42,510,552
WBGene00003550,1898,2504,4402
WBGene00003551,13,71,84
WBGene00003552,253,439,692
WBGene00003553,23,42,65
WBGene00003554,28,12,40
WBGene00003555,144,185,329
WBGene00003558,239,720,959
WBGene00003559,1618,5961,7579
WBGene00003561,561,1244,1805
WBGene00003562,88,871,959
WBGene00003563,47,279,326
WBGene00003564,78,8508,8586
WBGene00003565,295,2031,2326
WBGene00003566,290,2250,2540
WBGene00003567,913,17144,18057
WBGene00003568,256,2787,3043
WBGene00003569,46,901,947
WBGene00003570,12,43,55
WBGene00003571,33,64,97
WBGene00003572,39,159,198
WBGene00003573,17,310,327
WBGene00003574,5,3,8
WBGene00003575,21,289,310
WBGene00003576,209,2400,2609
WBGene00003577,21,149,170
WBGene00003578,225,1564,1789
WBGene00003579,6,162,168
WBGene00003580,33,353,386
WBGene00003581,117,1779,1896
WBGene00003582,773,2879,3652
WBGene00003583,46,937,983
WBGene00003584,150,1264,1414
WBGene00003585,63,192,255
WBGene00003586,30,653,683
WBGene00003587,89,4132,4221
WBGene00003588,6,12513,12519
WBGene00003589,658,4625,5283
WBGene00003590,230,1879,2109
WBGene00003591,171,1474,1645
WBGene00003592,358,2845,3203
WBGene00003593,293,2206,2499
WBGene00003594,178,1639,1817
WBGene00003595,1,2,3
WBGene00003596,1629,31499,33128
WBGene00003597,875,2426,3301
WBGene00003598,148,3886,4034
WBGene00003599,539,3773,4312
WBGene00003600,2677,4692,7369
WBGene00003601,35,327,362
WBGene00003602,227,4648,4875
WBGene00003603,163,2107,2270
WBGene00003604,189,865,1054
WBGene00003605,129,436,565
WBGene00003606,663,3178,3841
WBGene00003607,96,1079,1175
WBGene00003608,5,72,77
WBGene00003609,392,3058,3450
WBGene00003610,12,53,65
WBGene00003611,21,202,223
WBGene00003612,124,335,459
WBGene00003613,60,2107,2167
WBGene00003614,70,657,727
WBGene00003615,5,198,203
WBGene00003616,251,653,904
WBGene00003617,52,2742,2794
WBGene00003618,1262,6801,8063
WBGene00003619,373,5121,5494
WBGene00003620,814,1684,2498
WBGene00003621,120,963,1083
WBGene00003622,154,477,631
WBGene00003623,81,1282,1363
WBGene00003624,77,776,853
WBGene00003625,237,2310,2547
WBGene00003626,366,2817,3183
WBGene00003627,1130,2630,3760
WBGene00003628,841,5255,6096
WBGene00003629,5,17,22
WBGene00003630,1317,2350,3667
WBGene00003632,333,4620,4953
WBGene00003633,17,231,248
WBGene00003634,219,1488,1707
WBGene00003635,114,1896,2010
WBGene00003636,990,2130,3120
WBGene00003637,225,2110,2335
WBGene00003638,235,2270,2505
WBGene00003639,292,5181,5473
WBGene00003640,453,1496,1949
WBGene00003641,2,61,63
WBGene00003642,12,37,49
WBGene00003643,32,133,165
WBGene00003644,44,426,470
WBGene00003645,214,1428,1642
WBGene00003646,156,1562,1718
WBGene00003647,115,891,1006
WBGene00003648,25,436,461
WBGene00003649,193,1671,1864
WBGene00003650,18,63,81
WBGene00003651,325,934,1259
WBGene00003652,76,410,486
WBGene00003653,75,783,858
WBGene00003654,598,2300,2898
WBGene00003655,68,331,399
WBGene00003656,374,2947,3321
WBGene00003657,19,141,160
WBGene00003658,44,424,468
WBGene00003659,67,1054,1121
WBGene00003660,172,1713,1885
WBGene00003661,198,1318,1516
WBGene00003662,5,4,9
WBGene00003663,0,0,0
WBGene00003664,4,0,4
WBGene00003667,1,0,1
WBGene00003668,345,735,1080
WBGene00003669,77,371,448
WBGene00003670,65,926,991
WBGene00003671,9,60,69
WBGene00003672,1,5,6
WBGene00003674,132,2148,2280
WBGene00003675,239,456,695
WBGene00003676,344,1183,1527
WBGene00003677,241,1401,1642
WBGene00003678,1416,13960,15376
WBGene00003679,2,4,6
WBGene00003680,121,1587,1708
WBGene00003681,202,1783,1985
WBGene00003682,55,35,90
WBGene00003683,33,179,212
WBGene00003684,137,1407,1544
WBGene00003685,266,2297,2563
WBGene00003686,16,685,701
WBGene00003687,719,7099,7818
WBGene00003688,129,544,673
WBGene00003689,222,1766,1988
WBGene00003690,224,2234,2458
WBGene00003691,672,4214,4886
WBGene00003692,80,630,710
WBGene00003693,27,1207,1234
WBGene00003694,326,1130,1456
WBGene00003695,971,4975,5946
WBGene00003696,55,347,402
WBGene00003697,159,1386,1545
WBGene00003698,15,171,186
WBGene00003699,51,1378,1429
WBGene00003700,31,461,492
WBGene00003701,9,13,22
WBGene00003702,211,681,892
WBGene00003703,7,1,8
WBGene00003704,259,836,1095
WBGene00003705,78,302,380
WBGene00003706,30,357,387
WBGene00003707,324,3125,3449
WBGene00003708,3,3,6
WBGene00003709,148,326,474
WBGene00003710,428,2283,2711
WBGene00003711,30,182,212
WBGene00003712,159,1248,1407
WBGene00003713,74,424,498
WBGene00003714,32,44,76
WBGene00003715,383,683,1066
WBGene00003716,34,469,503
WBGene00003717,2,35,37
WBGene00003718,139,409,548
WBGene00003719,39,579,618
WBGene00003720,113,520,633
WBGene00003721,51,777,828
WBGene00003722,130,1089,1219
WBGene00003723,45,3232,3277
WBGene00003724,56,1763,1819
WBGene00003725,331,1565,1896
WBGene00003726,243,1571,1814
WBGene00003727,138,165,303
WBGene00003728,660,2773,3433
WBGene00003729,14,8,22
WBGene00003730,9,565,574
WBGene00003731,84,116,200
WBGene00003732,134,466,600
WBGene00003733,91,780,871
WBGene00003734,0,4,4
WBGene00003735,397,398,795
WBGene00003736,33,91,124
WBGene00003738,82,1019,1101
WBGene00003739,335,5350,5685
WBGene00003740,59,5187,5246
WBGene00003741,18,8489,8507
WBGene00003742,0,27,27
WBGene00003743,224,1123,1347
WBGene00003744,128,2714,2842
WBGene00003745,100,2001,2101
WBGene00003746,32,4677,4709
WBGene00003747,48,2563,2611
WBGene00003748,186,4460,4646
WBGene00003749,255,7111,7366
WBGene00003750,658,7085,7743
WBGene00003751,68,7830,7898
WBGene00003752,36,2801,2837
WBGene00003753,1227,8661,9888
WBGene00003754,51,895,946
WBGene00003755,223,16749,16972
WBGene00003756,490,17818,18308
WBGene00003757,18,469,487
WBGene00003758,583,7917,8500
WBGene00003759,935,6949,7884
WBGene00003760,1,15,16
WBGene00003761,0,124,124
WBGene00003762,685,6376,7061
WBGene00003763,8,18,26
WBGene00003764,38,318,356
WBGene00003765,788,5649,6437
WBGene00003766,371,7750,8121
WBGene00003767,1248,34496,35744
WBGene00003768,45,773,818
WBGene00003769,209,3807,4016
WBGene00003770,9,139,148
WBGene00003771,1096,8002,9098
WBGene00003772,227,863,1090
WBGene00003773,685,6287,6972
WBGene00003774,27,82,109
WBGene00003775,135,240,375
WBGene00003776,243,3203,3446
WBGene00003777,266,8040,8306
WBGene00003778,330,3023,3353
WBGene00003779,88,932,1020
WBGene00003783,8,1209,1217
WBGene00003784,2,65,67
WBGene00003785,82,2314,2396
WBGene00003786,493,5607,6100
WBGene00003787,81,1386,1467
WBGene00003788,225,1802,2027
WBGene00003789,144,1805,1949
WBGene00003790,77,1051,1128
WBGene00003791,12,1035,1047
WBGene00003792,156,2317,2473
WBGene00003793,65,2148,2213
WBGene00003794,918,2078,2996
WBGene00003795,18,2076,2094
WBGene00003796,97,2697,2794
WBGene00003797,76,1314,1390
WBGene00003798,211,3056,3267
WBGene00003799,627,1649,2276
WBGene00003800,35,2875,2910
WBGene00003801,28,1569,1597
WBGene00003802,34,4070,4104
WBGene00003803,132,2167,2299
WBGene00003804,78,1936,2014
WBGene00003805,31,1505,1536
WBGene00003806,280,1855,2135
WBGene00003807,27,166,193
WBGene00003808,260,1114,1374
WBGene00003812,71,3151,3222
WBGene00003813,95,430,525
WBGene00003815,47,1034,1081
WBGene00003816,24,370,394
WBGene00003818,197,2655,2852
WBGene00003821,778,20486,21264
WBGene00003822,233,5081,5314
WBGene00003825,365,7532,7897
WBGene00003826,1055,2107,3162
WBGene00003827,364,3523,3887
WBGene00003828,551,6000,6551
WBGene00003829,7,2036,2043
WBGene00003830,226,2196,2422
WBGene00003831,1592,16134,17726
WBGene00003834,282,3412,3694
WBGene00003835,14,713,727
WBGene00003836,277,2776,3053
WBGene00003837,309,118,427
WBGene00003838,34,95,129
WBGene00003839,59,291,350
WBGene00003840,57,151,208
WBGene00003841,11,43,54
WBGene00003842,39,144,183
WBGene00003843,53,510,563
WBGene00003844,4,609,613
WBGene00003845,0,3,3
WBGene00003846,4,1173,1177
WBGene00003847,68,348,416
WBGene00003848,24,58,82
WBGene00003849,525,1312,1837
WBGene00003850,58,386,444
WBGene00003851,128,1911,2039
WBGene00003854,6,47,53
WBGene00003856,230,2244,2474
WBGene00003858,1455,10024,11479
WBGene00003859,97,1105,1202
WBGene00003860,124,959,1083
WBGene00003861,502,12585,13087
WBGene00003862,5,39,44
WBGene00003863,1,1,2
WBGene00003864,5,270,275
WBGene00003865,2,379,381
WBGene00003868,132,1634,1766
WBGene00003870,19,1478,1497
WBGene00003876,95,754,849
WBGene00003877,28,283,311
WBGene00003878,25,237,262
WBGene00003879,2,24,26
WBGene00003882,53,688,741
WBGene00003883,95,394,489
WBGene00003884,129,409,538
WBGene00003885,138,537,675
WBGene00003886,67,517,584
WBGene00003887,90,234,324
WBGene00003888,1,8,9
WBGene00003889,31,99,130
WBGene00003890,59,581,640
WBGene00003891,31,10348,10379
WBGene00003892,214,382,596
WBGene00003893,2987,37198,40185
WBGene00003898,224,1092,1316
WBGene00003901,92,4775,4867
WBGene00003902,1036,88462,89498
WBGene00003903,164,15686,15850
WBGene00003904,24,3327,3351
WBGene00003905,1104,2182,3286
WBGene00003906,6,29,35
WBGene00003907,237,997,1234
WBGene00003909,29,316,345
WBGene00003911,81,807,888
WBGene00003912,68,898,966
WBGene00003914,200,1588,1788
WBGene00003915,449,3085,3534
WBGene00003916,2754,4760,7514
WBGene00003917,158,706,864
WBGene00003918,311,2449,2760
WBGene00003919,135,306,441
WBGene00003920,192,38631,38823
WBGene00003921,128,661,789
WBGene00003922,7,1275,1282
WBGene00003923,8,3868,3876
WBGene00003924,9,7036,7045
WBGene00003925,135,3032,3167
WBGene00003926,109,4270,4379
WBGene00003927,29,4580,4609
WBGene00003928,9,1741,1750
WBGene00003929,168,2908,3076
WBGene00003930,186,2392,2578
WBGene00003931,104,1222,1326
WBGene00003932,182,2499,2681
WBGene00003933,191,1468,1659
WBGene00003934,16616,353196,369812
WBGene00003936,780,3511,4291
WBGene00003937,1,15,16
WBGene00003938,29,74,103
WBGene00003939,69,249,318
WBGene00003941,620,5252,5872
WBGene00003943,125,1509,1634
WBGene00003947,38,4174,4212
WBGene00003948,1,3652,3653
WBGene00003949,31,4301,4332
WBGene00003950,162,5295,5457
WBGene00003951,92,2516,2608
WBGene00003952,228,2858,3086
WBGene00003953,19,4069,4088
WBGene00003954,315,2327,2642
WBGene00003955,13,2977,2990
WBGene00003956,21,3448,3469
WBGene00003957,0,13,13
WBGene00003958,16,400,416
WBGene00003959,19,528,547
WBGene00003960,178,1807,1985
WBGene00003961,687,3043,3730
WBGene00003962,238,7539,7777
WBGene00003963,30,5116,5146
WBGene00003964,1210,13938,15148
WBGene00003965,130,939,1069
WBGene00003966,310,1848,2158
WBGene00003967,290,2008,2298
WBGene00003968,58,1015,1073
WBGene00003969,289,1377,1666
WBGene00003970,184,2478,2662
WBGene00003975,202,1992,2194
WBGene00003976,8,200,208
WBGene00003977,0,0,0
WBGene00003978,341,1576,1917
WBGene00003979,3,627,630
WBGene00003980,211,1927,2138
WBGene00003981,24,8,32
WBGene00003982,5,2202,2207
WBGene00003983,1,1,2
WBGene00003986,84,742,826
WBGene00003987,11,24,35
WBGene00003989,73,2841,2914
WBGene00003990,25,1259,1284
WBGene00003991,245,2268,2513
WBGene00003992,26,4035,4061
WBGene00003993,74,792,866
WBGene00003994,7,663,670
WBGene00003995,925,1373,2298
WBGene00003996,151,531,682
WBGene00003997,6,62,68
WBGene00003998,69,106,175
WBGene00003999,10,100,110
WBGene00004000,41,140,181
WBGene00004001,4,12,16
WBGene00004002,12,36,48
WBGene00004003,97,465,562
WBGene00004004,125,701,826
WBGene00004005,97,328,425
WBGene00004006,14,78,92
WBGene00004007,3,19,22
WBGene00004008,0,164,164
WBGene00004010,97,462,559
WBGene00004011,31,170,201
WBGene00004013,761,4919,5680
WBGene00004014,18,4803,4821
WBGene00004015,13,5250,5263
WBGene00004016,240,484,724
WBGene00004017,8,79,87
WBGene00004020,17,179,196
WBGene00004023,2389,17151,19540
WBGene00004024,107,1195,1302
WBGene00004025,22,235,257
WBGene00004026,27,11,38
WBGene00004027,55,360,415
WBGene00004028,517,674,1191
WBGene00004029,482,698,1180
WBGene00004030,101,950,1051
WBGene00004031,80,1738,1818
WBGene00004032,701,3737,4438
WBGene00004033,792,1731,2523
WBGene00004034,344,983,1327
WBGene00004035,349,3790,4139
WBGene00004036,575,2688,3263
WBGene00004037,120,1426,1546
WBGene00004038,71,1115,1186
WBGene00004039,206,3453,3659
WBGene00004040,345,4057,4402
WBGene00004042,15,2360,2375
WBGene00004043,33,464,497
WBGene00004044,36,809,845
WBGene00004045,513,866,1379
WBGene00004046,159,14883,15042
WBGene00004047,733,987,1720
WBGene00004048,34,560,594
WBGene00004049,293,1175,1468
WBGene00004050,17,1401,1418
WBGene00004051,216,2275,2491
WBGene00004052,1,20,21
WBGene00004053,489,9763,10252
WBGene00004055,251,1654,1905
WBGene00004056,262,1245,1507
WBGene00004057,114,944,1058
WBGene00004058,30,292,322
WBGene00004059,184,703,887
WBGene00004060,447,1417,1864
WBGene00004061,13,371,384
WBGene00004062,17,236,253
WBGene00004063,166,1130,1296
WBGene00004064,440,1852,2292
WBGene00004068,196,2793,2989
WBGene00004075,121,2624,2745
WBGene00004076,892,4138,5030
WBGene00004077,538,1888,2426
WBGene00004078,0,245,245
WBGene00004083,83,2324,2407
WBGene00004084,0,5,5
WBGene00004085,152,1481,1633
WBGene00004086,121,800,921
WBGene00004087,464,2978,3442
WBGene00004088,412,2641,3053
WBGene00004089,31,584,615
WBGene00004090,127,1048,1175
WBGene00004091,199,3142,3341
WBGene00004092,46,881,927
WBGene00004093,19,894,913
WBGene00004094,66,3509,3575
WBGene00004095,308,5394,5702
WBGene00004096,201,3392,3593
WBGene00004097,1,2,3
WBGene00004098,2,1,3
WBGene00004099,0,5,5
WBGene00004100,308,1834,2142
WBGene00004101,291,2177,2468
WBGene00004102,15,9,24
WBGene00004103,10,1,11
WBGene00004104,26,80,106
WBGene00004105,125,1871,1996
WBGene00004106,330,454,784
WBGene00004107,1,18,19
WBGene00004108,1148,3648,4796
WBGene00004109,387,2523,2910
WBGene00004110,416,1805,2221
WBGene00004111,213,2128,2341
WBGene00004112,238,890,1128
WBGene00004113,184,6969,7153
WBGene00004114,43,2410,2453
WBGene00004115,63,69,132
WBGene00004116,550,1887,2437
WBGene00004117,0,2347,2347
WBGene00004118,59,268,327
WBGene00004119,247,3713,3960
WBGene00004120,0,24,24
WBGene00004121,214,1320,1534
WBGene00004122,290,3484,3774
WBGene00004123,147,630,777
WBGene00004124,31,243,274
WBGene00004125,139,1016,1155
WBGene00004126,198,2021,2219
WBGene00004127,20,33,53
WBGene00004128,1841,6648,8489
WBGene00004129,45,486,531
WBGene00004130,419,9277,9696
WBGene00004131,3617,13433,17050
WBGene00004132,339,5155,5494
WBGene00004133,12,112,124
WBGene00004134,584,826,1410
WBGene00004135,4000,46293,50293
WBGene00004136,173,6528,6701
WBGene00004138,823,10147,10970
WBGene00004139,0,18,18
WBGene00004140,47,1393,1440
WBGene00004141,3,1,4
WBGene00004143,776,40948,41724
WBGene00004144,8,653,661
WBGene00004145,504,8770,9274
WBGene00004146,0,14,14
WBGene00004147,738,4260,4998
WBGene00004148,315,2603,2918
WBGene00004149,16,0,16
WBGene00004150,17,99,116
WBGene00004151,188,1200,1388
WBGene00004152,221,5215,5436
WBGene00004153,1,401,402
WBGene00004154,256,278,534
WBGene00004155,5,49,54
WBGene00004156,8,84,92
WBGene00004157,106,11351,11457
WBGene00004158,0,0,0
WBGene00004159,0,0,0
WBGene00004160,0,0,0
WBGene00004161,881,2767,3648
WBGene00004163,41,298,339
WBGene00004164,543,3894,4437
WBGene00004165,14,10,24
WBGene00004166,500,4942,5442
WBGene00004167,1399,7502,8901
WBGene00004168,59,5028,5087
WBGene00004169,501,4582,5083
WBGene00004170,0,0,0
WBGene00004171,0,2,2
WBGene00004172,38,709,747
WBGene00004173,666,6785,7451
WBGene00004174,2,186,188
WBGene00004175,12,439,451
WBGene00004176,2,156,158
WBGene00004177,66,2043,2109
WBGene00004178,40,2148,2188
WBGene00004179,43,2811,2854
WBGene00004180,64,748,812
WBGene00004181,126,1081,1207
WBGene00004182,1226,3138,4364
WBGene00004183,159,1035,1194
WBGene00004184,187,3411,3598
WBGene00004185,84,6952,7036
WBGene00004186,253,4149,4402
WBGene00004187,238,7032,7270
WBGene00004188,137,1418,1555
WBGene00004189,295,2327,2622
WBGene00004190,78,967,1045
WBGene00004191,62,121,183
WBGene00004192,443,507,950
WBGene00004193,28,164,192
WBGene00004194,65,745,810
WBGene00004195,50,240,290
WBGene00004196,0,1054,1054
WBGene00004197,22,241,263
WBGene00004198,59,655,714
WBGene00004199,6,476,482
WBGene00004201,35,2115,2150
WBGene00004202,434,3181,3615
WBGene00004203,375,1355,1730
WBGene00004204,479,9685,10164
WBGene00004205,26,531,557
WBGene00004206,197,523,720
WBGene00004207,379,1456,1835
WBGene00004208,904,11531,12435
WBGene00004209,2,3,5
WBGene00004210,167,1023,1190
WBGene00004211,24,84,108
WBGene00004212,847,7259,8106
WBGene00004213,944,4783,5727
WBGene00004214,71,1992,2063
WBGene00004215,1866,2891,4757
WBGene00004216,13,37,50
WBGene00004217,31,390,421
WBGene00004218,98,296,394
WBGene00004219,21,157,178
WBGene00004220,135,887,1022
WBGene00004221,33,458,491
WBGene00004222,90,1383,1473
WBGene00004223,11,14,25
WBGene00004224,8,17,25
WBGene00004225,115,786,901
WBGene00004226,76,537,613
WBGene00004227,24,104,128
WBGene00004228,62,220,282
WBGene00004229,9,25,34
WBGene00004230,68,61,129
WBGene00004231,65,171,236
WBGene00004232,94,61,155
WBGene00004233,10,7,17
WBGene00004234,20,102,122
WBGene00004235,102,778,880
WBGene00004236,71,23,94
WBGene00004237,71,1067,1138
WBGene00004238,1057,3643,4700
WBGene00004239,1,357,358
WBGene00004241,1,261,262
WBGene00004242,25,250,275
WBGene00004243,57,466,523
WBGene00004244,104,1690,1794
WBGene00004245,402,3239,3641
WBGene00004248,32,2289,2321
WBGene00004249,850,9231,10081
WBGene00004254,347,1990,2337
WBGene00004255,31,258,289
WBGene00004256,372,310,682
WBGene00004257,27,136,163
WBGene00004258,360,7654,8014
WBGene00004259,68,5137,5205
WBGene00004264,10,298,308
WBGene00004265,302,672,974
WBGene00004266,154,17000,17154
WBGene00004267,156,3290,3446
WBGene00004268,151,5862,6013
WBGene00004269,54,969,1023
WBGene00004270,36,1927,1963
WBGene00004271,334,4809,5143
WBGene00004272,65,10411,10476
WBGene00004273,136,7038,7174
WBGene00004274,77,16746,16823
WBGene00004275,98,52,150
WBGene00004276,192,4054,4246
WBGene00004277,202,1725,1927
WBGene00004278,538,7295,7833
WBGene00004279,36,686,722
WBGene00004281,43,480,523
WBGene00004282,110,517,627
WBGene00004283,68,257,325
WBGene00004284,86,1711,1797
WBGene00004285,190,536,726
WBGene00004286,74,3358,3432
WBGene00004287,4,13,17
WBGene00004296,299,5071,5370
WBGene00004297,92,1233,1325
WBGene00004298,112,436,548
WBGene00004300,7,99944,99951
WBGene00004301,61,61,122
WBGene00004302,218,7826,8044
WBGene00004303,75,1838,1913
WBGene00004304,178,2641,2819
WBGene00004305,35,2739,2774
WBGene00004306,146,2301,2447
WBGene00004307,124,3084,3208
WBGene00004308,111,2609,2720
WBGene00004309,11,64,75
WBGene00004310,538,3237,3775
WBGene00004311,360,2386,2746
WBGene00004312,124,1047,1171
WBGene00004313,194,3378,3572
WBGene00004314,942,799,1741
WBGene00004315,89,4498,4587
WBGene00004316,1164,1504,2668
WBGene00004317,170,1810,1980
WBGene00004318,427,3362,3789
WBGene00004319,183,4846,5029
WBGene00004320,190,4960,5150
WBGene00004321,47,4728,4775
WBGene00004322,397,4373,4770
WBGene00004323,298,3123,3421
WBGene00004324,121,1154,1275
WBGene00004326,41,2830,2871
WBGene00004328,28,103,131
WBGene00004332,41,959,1000
WBGene00004333,127,1023,1150
WBGene00004334,1,68,69
WBGene00004335,68,453,521
WBGene00004336,2164,28217,30381
WBGene00004337,404,5774,6178
WBGene00004338,187,883,1070
WBGene00004339,76,878,954
WBGene00004340,218,2428,2646
WBGene00004341,163,1633,1796
WBGene00004342,15,66,81
WBGene00004343,286,2137,2423
WBGene00004344,84,1144,1228
WBGene00004345,993,1831,2824
WBGene00004346,145,547,692
WBGene00004347,953,225,1178
WBGene00004348,74,897,971
WBGene00004349,442,1467,1909
WBGene00004350,323,1421,1744
WBGene00004351,0,0,0
WBGene00004352,1,10,11
WBGene00004353,0,14,14
WBGene00004354,2,4,6
WBGene00004355,67,1834,1901
WBGene00004356,48,3134,3182
WBGene00004357,1705,7372,9077
WBGene00004358,290,4790,5080
WBGene00004359,15,110,125
WBGene00004360,56,668,724
WBGene00004361,25,377,402
WBGene00004363,89,2943,3032
WBGene00004364,427,5382,5809
WBGene00004367,300,1249,1549
WBGene00004368,154,1557,1711
WBGene00004369,202,939,1141
WBGene00004370,102,1129,1231
WBGene00004371,316,2386,2702
WBGene00004372,116,373,489
WBGene00004373,768,4808,5576
WBGene00004374,129,1175,1304
WBGene00004375,217,1231,1448
WBGene00004377,77,445,522
WBGene00004378,397,2582,2979
WBGene00004380,198,2735,2933
WBGene00004381,152,945,1097
WBGene00004382,924,7207,8131
WBGene00004383,31,1480,1511
WBGene00004384,1254,2808,4062
WBGene00004385,135,2180,2315
WBGene00004386,94,1803,1897
WBGene00004387,99,6112,6211
WBGene00004388,76,2323,2399
WBGene00004389,348,2879,3227
WBGene00004390,1059,6023,7082
WBGene00004391,51,3467,3518
WBGene00004392,52,5718,5770
WBGene00004393,273,980,1253
WBGene00004394,8,0,8
WBGene00004395,24,180,204
WBGene00004397,2,25,27
WBGene00004398,6,48,54
WBGene00004400,5,344,349
WBGene00004401,559,476,1035
WBGene00004402,12,35,47
WBGene00004403,547,1071,1618
WBGene00004404,226,964,1190
WBGene00004405,24,3827,3851
WBGene00004408,99,340768,340867
WBGene00004409,5820,101721,107541
WBGene00004410,17018,110097,127115
WBGene00004411,127,2901,3028
WBGene00004412,29808,294465,324273
WBGene00004413,558,298813,299371
WBGene00004414,10273,316396,326669
WBGene00004415,168,156083,156251
WBGene00004416,13378,292835,306213
WBGene00004417,14304,277199,291503
WBGene00004418,25104,332778,357882
WBGene00004419,26277,372071,398348
WBGene00004420,19756,237649,257405
WBGene00004421,11351,380990,392341
WBGene00004422,928,30113,31041
WBGene00004423,22798,286184,308982
WBGene00004424,30650,517554,548204
WBGene00004425,13332,317823,331155
WBGene00004426,14421,230271,244692
WBGene00004427,2217,309919,312136
WBGene00004428,16401,288044,304445
WBGene00004429,35186,252135,287321
WBGene00004430,27859,305551,333410
WBGene00004431,15443,326486,341929
WBGene00004432,1121,235755,236876
WBGene00004433,10587,288343,298930
WBGene00004434,9049,185172,194221
WBGene00004435,10420,235997,246417
WBGene00004436,21637,279400,301037
WBGene00004437,2790,57702,60492
WBGene00004438,2975,34907,37882
WBGene00004439,10819,117758,128577
WBGene00004440,11727,200841,212568
WBGene00004441,22576,123603,146179
WBGene00004442,8970,134296,143266
WBGene00004443,48747,30696,79443
WBGene00004444,8491,112861,121352
WBGene00004445,3288,197358,200646
WBGene00004446,27975,296603,324578
WBGene00004447,20040,203306,223346
WBGene00004448,4655,138301,142956
WBGene00004449,15082,247828,262910
WBGene00004450,5078,168431,173509
WBGene00004451,22243,1384,23627
WBGene00004452,5275,125416,130691
WBGene00004453,2787,99644,102431
WBGene00004454,12064,168702,180766
WBGene00004455,2,15,17
WBGene00004456,0,139346,139346
WBGene00004457,34,1638,1672
WBGene00004458,38,2093,2131
WBGene00004459,23,2912,2935
WBGene00004460,19,3752,3771
WBGene00004461,28,2628,2656
WBGene00004462,140,4120,4260
WBGene00004463,42,3993,4035
WBGene00004464,399,3396,3795
WBGene00004465,146,2719,2865
WBGene00004466,30,2176,2206
WBGene00004467,30,4700,4730
WBGene00004468,133,2108,2241
WBGene00004469,1679,233643,235322
WBGene00004470,9824,303935,313759
WBGene00004471,77,205060,205137
WBGene00004472,19099,302409,321508
WBGene00004473,12834,259300,272134
WBGene00004474,22852,297176,320028
WBGene00004475,6234,167361,173595
WBGene00004476,29327,280075,309402
WBGene00004477,21711,358033,379744
WBGene00004478,18894,365682,384576
WBGene00004479,14368,254871,269239
WBGene00004480,32588,286723,319311
WBGene00004481,3374,215553,218927
WBGene00004482,15588,238878,254466
WBGene00004483,23937,332750,356687
WBGene00004484,16694,257132,273826
WBGene00004485,2277,86972,89249
WBGene00004486,9367,190481,199848
WBGene00004487,25059,264848,289907
WBGene00004488,19758,264686,284444
WBGene00004489,20957,284273,305230
WBGene00004490,23037,60414,83451
WBGene00004491,1158,167308,168466
WBGene00004492,20177,329986,350163
WBGene00004493,10768,230555,241323
WBGene00004494,22494,296662,319156
WBGene00004495,6227,210488,216715
WBGene00004496,9432,120209,129641
WBGene00004497,2758,78336,81094
WBGene00004498,50627,57051,107678
WBGene00004499,16479,214656,231135
WBGene00004501,30,1658,1688
WBGene00004502,37,3169,3206
WBGene00004503,3,3166,3169
WBGene00004504,366,3374,3740
WBGene00004505,20,2642,2662
WBGene00004506,43,4806,4849
WBGene00004507,38,1036,1074
WBGene00004508,81,1769,1850
WBGene00004509,197,1454,1651
WBGene00004510,49,1257,1306
WBGene00004679,493,6375,6868
WBGene00004680,110,996,1106
WBGene00004681,739,2223,2962
WBGene00004682,218,3533,3751
WBGene00004684,128,1500,1628
WBGene00004698,6,3274,3280
WBGene00004699,72,2268,2340
WBGene00004700,15,7441,7456
WBGene00004701,27,2922,2949
WBGene00004702,121,2027,2148
WBGene00004703,128,5421,5549
WBGene00004704,213,5246,5459
WBGene00004705,420,4733,5153
WBGene00004706,213,1576,1789
WBGene00004719,253,756,1009
WBGene00004721,112,1283,1395
WBGene00004723,49,1557,1606
WBGene00004726,0,90,90
WBGene00004727,320,4272,4592
WBGene00004728,499,3205,3704
WBGene00004729,235,1192,1427
WBGene00004732,1077,4062,5139
WBGene00004735,518,1443,1961
WBGene00004736,1687,54684,56371
WBGene00004737,3,1728,1731
WBGene00004738,54,3353,3407
WBGene00004739,767,3943,4710
WBGene00004740,151,1224,1375
WBGene00004742,1,7,8
WBGene00004743,741,2085,2826
WBGene00004744,79,1376,1455
WBGene00004745,86,567,653
WBGene00004746,53,3793,3846
WBGene00004747,64,1622,1686
WBGene00004748,58,390,448
WBGene00004749,102,3428,3530
WBGene00004750,0,3,3
WBGene00004751,1637,4528,6165
WBGene00004752,97,1345,1442
WBGene00004753,220,1431,1651
WBGene00004754,374,1273,1647
WBGene00004755,33,1354,1387
WBGene00004756,36,970,1006
WBGene00004758,227,5816,6043
WBGene00004759,67,3355,3422
WBGene00004760,568,4149,4717
WBGene00004762,292,1999,2291
WBGene00004764,72,225,297
WBGene00004765,420,453,873
WBGene00004766,243,7055,7298
WBGene00004767,122,1690,1812
WBGene00004768,18,1126,1144
WBGene00004769,29,484,513
WBGene00004771,94,723,817
WBGene00004773,1068,4671,5739
WBGene00004774,44,1293,1337
WBGene00004775,102,939,1041
WBGene00004776,208,222,430
WBGene00004777,318,366,684
WBGene00004778,25,438,463
WBGene00004779,275,811,1086
WBGene00004780,211,580,791
WBGene00004781,52,2279,2331
WBGene00004782,303,2703,3006
WBGene00004783,394,3704,4098
WBGene00004786,72,332,404
WBGene00004787,111,474,585
WBGene00004788,52,2581,2633
WBGene00004789,117,1108,1225
WBGene00004790,119,912,1031
WBGene00004793,43,213,256
WBGene00004795,86,849,935
WBGene00004796,58,344,402
WBGene00004798,884,14079,14963
WBGene00004800,139,2578,2717
WBGene00004801,136,2011,2147
WBGene00004802,6,49,55
WBGene00004803,123,838,961
WBGene00004804,1168,6944,8112
WBGene00004806,320,2474,2794
WBGene00004807,89,28835,28924
WBGene00004808,38,4599,4637
WBGene00004809,137,4548,4685
WBGene00004810,6,278,284
WBGene00004811,63,1165,1228
WBGene00004812,2,7,9
WBGene00004813,0,3,3
WBGene00004814,0,2,2
WBGene00004815,0,3,3
WBGene00004816,0,11,11
WBGene00004818,2,10,12
WBGene00004819,0,5,5
WBGene00004820,0,1,1
WBGene00004821,0,24,24
WBGene00004822,0,1540,1540
WBGene00004823,1,368,369
WBGene00004824,277,1351,1628
WBGene00004825,0,3736,3736
WBGene00004826,0,2152,2152
WBGene00004827,0,547,547
WBGene00004829,451,2585,3036
WBGene00004830,263,943,1206
WBGene00004831,847,2055,2902
WBGene00004854,77,681,758
WBGene00004855,564,7943,8507
WBGene00004856,451,2382,2833
WBGene00004857,73,598,671
WBGene00004858,194,815,1009
WBGene00004859,219,838,1057
WBGene00004860,105,682,787
WBGene00004862,1022,8631,9653
WBGene00004873,694,3954,4648
WBGene00004874,185,5341,5526
WBGene00004875,21,67,88
WBGene00004876,15,395,410
WBGene00004877,13,26,39
WBGene00004878,59,519,578
WBGene00004879,600,5821,6421
WBGene00004880,249,2280,2529
WBGene00004881,590,3540,4130
WBGene00004882,87,2945,3032
WBGene00004883,5,642,647
WBGene00004884,616,5116,5732
WBGene00004885,48,1272,1320
WBGene00004886,114,1235,1349
WBGene00004887,130,3184,3314
WBGene00004888,297,6638,6935
WBGene00004889,233,1494,1727
WBGene00004890,261,735,996
WBGene00004891,133,3656,3789
WBGene00004892,815,2678,3493
WBGene00004893,121,736,857
WBGene00004894,2131,1705,3836
WBGene00004895,2820,1472,4292
WBGene00004896,1008,5528,6536
WBGene00004897,23,14493,14516
WBGene00004898,43,1297,1340
WBGene00004899,16,0,16
WBGene00004900,44,917,961
WBGene00004901,6,28,34
WBGene00004902,141,2824,2965
WBGene00004904,8,19,27
WBGene00004905,244,342,586
WBGene00004906,18,15,33
WBGene00004908,5,5,10
WBGene00004909,2,6,8
WBGene00004910,72,1172,1244
WBGene00004911,12,358,370
WBGene00004912,65,1384,1449
WBGene00004913,206,589,795
WBGene00004914,88,8091,8179
WBGene00004915,7,3625,3632
WBGene00004916,170,9193,9363
WBGene00004917,81,5420,5501
WBGene00004918,363,3640,4003
WBGene00004919,95,4247,4342
WBGene00004920,308,4867,5175
WBGene00004921,326,3042,3368
WBGene00004922,310,610,920
WBGene00004923,614,1895,2509
WBGene00004924,560,7894,8454
WBGene00004925,615,952,1567
WBGene00004926,79,818,897
WBGene00004927,265,1293,1558
WBGene00004928,114,903,1017
WBGene00004929,1288,2140,3428
WBGene00004930,605,13084,13689
WBGene00004931,640,3833,4473
WBGene00004932,142,1639,1781
WBGene00004933,524,3441,3965
WBGene00004944,173,720,893
WBGene00004945,169,2863,3032
WBGene00004946,477,2783,3260
WBGene00004947,2411,2835,5246
WBGene00004949,197,1160,1357
WBGene00004950,219,948,1167
WBGene00004951,237,10864,11101
WBGene00004952,9,1435,1444
WBGene00004953,94,2111,2205
WBGene00004954,55,381,436
WBGene00004955,575,3909,4484
WBGene00004958,13,51,64
WBGene00004959,23,460,483
WBGene00004960,34,220,254
WBGene00004962,15,1,16
WBGene00004963,39,18,57
WBGene00004964,8,126,134
WBGene00004965,4,3,7
WBGene00004966,7,9,16
WBGene00004969,140,334,474
WBGene00004971,2,1,3
WBGene00004972,11,101,112
WBGene00004973,2,0,2
WBGene00004974,3,3,6
WBGene00004975,20,673,693
WBGene00004976,11,41,52
WBGene00004978,594,1426,2020
WBGene00004979,358,2540,2898
WBGene00004980,557,12104,12661
WBGene00004981,42,864,906
WBGene00004984,8,391,399
WBGene00004985,38,1333,1371
WBGene00004986,518,9548,10066
WBGene00004987,306,4926,5232
WBGene00004988,469,8429,8898
WBGene00004989,2,44,46
WBGene00004990,3172,58540,61712
WBGene00004991,42,347,389
WBGene00004992,11,2,13
WBGene00004993,1367,16613,17980
WBGene00004994,6,49,55
WBGene00004995,1443,14215,15658
WBGene00004996,9,15,24
WBGene00004997,0,10,10
WBGene00004998,5,35,40
WBGene00004999,2186,47366,49552
WBGene00005000,585,12602,13187
WBGene00005001,156,1902,2058
WBGene00005002,19,501,520
WBGene00005003,626,10151,10777
WBGene00005004,13,172,185
WBGene00005005,1,0,1
WBGene00005006,104,1526,1630
WBGene00005007,63,2563,2626
WBGene00005008,5,194,199
WBGene00005009,39,2791,2830
WBGene00005010,507,1686,2193
WBGene00005011,127,1193,1320
WBGene00005012,4,7,11
WBGene00005013,2,11,13
WBGene00005014,28,862,890
WBGene00005015,99,2805,2904
WBGene00005016,0,9,9
WBGene00005017,2,9,11
WBGene00005018,2,58,60
WBGene00005019,101,2385,2486
WBGene00005020,160,259,419
WBGene00005021,26,556,582
WBGene00005022,9,1048,1057
WBGene00005023,112,1365,1477
WBGene00005024,444,281,725
WBGene00005025,87,726,813
WBGene00005026,18,1426,1444
WBGene00005027,1,6,7
WBGene00005028,0,1,1
WBGene00005029,2,6,8
WBGene00005030,1,13,14
WBGene00005032,0,29,29
WBGene00005033,3,26,29
WBGene00005034,1,0,1
WBGene00005035,0,5,5
WBGene00005036,25,235,260
WBGene00005037,2,10,12
WBGene00005038,2,21,23
WBGene00005039,7,7,14
WBGene00005040,5,11,16
WBGene00005043,1,3,4
WBGene00005044,0,1,1
WBGene00005046,1,13,14
WBGene00005047,7,58,65
WBGene00005048,2,2,4
WBGene00005049,1,6,7
WBGene00005050,1,7,8
WBGene00005051,13,25,38
WBGene00005052,4,10,14
WBGene00005053,3,17,20
WBGene00005054,5,3,8
WBGene00005055,3,0,3
WBGene00005056,60,7,67
WBGene00005057,7,22,29
WBGene00005058,3,6,9
WBGene00005059,14,25,39
WBGene00005060,1,22,23
WBGene00005061,44,4,48
WBGene00005062,3,31,34
WBGene00005063,11,108,119
WBGene00005064,5,21,26
WBGene00005065,8,1,9
WBGene00005066,0,3,3
WBGene00005067,2,10,12
WBGene00005068,2,7,9
WBGene00005070,4,12,16
WBGene00005071,5,1,6
WBGene00005072,0,58,58
WBGene00005073,9,3,12
WBGene00005076,7,11,18
WBGene00005077,297,794,1091
WBGene00005078,99,463,562
WBGene00005079,2,32,34
WBGene00005080,3,5,8
WBGene00005081,13,38,51
WBGene00005082,1,19,20
WBGene00005083,0,2,2
WBGene00005085,2,7,9
WBGene00005086,18,21,39
WBGene00005087,0,7,7
WBGene00005088,30,97,127
WBGene00005089,7,19,26
WBGene00005090,35,63,98
WBGene00005091,3,10,13
WBGene00005093,0,0,0
WBGene00005094,3,2,5
WBGene00005095,1,7,8
WBGene00005096,11,43,54
WBGene00005097,1,27,28
WBGene00005098,0,5,5
WBGene00005099,0,0,0
WBGene00005101,45,341,386
WBGene00005103,0,6,6
WBGene00005104,0,1,1
WBGene00005105,0,284,284
WBGene00005106,0,36,36
WBGene00005107,17,307,324
WBGene00005108,6,264,270
WBGene00005109,1,14,15
WBGene00005110,105,223,328
WBGene00005111,16,160,176
WBGene00005112,0,0,0
WBGene00005113,8,126,134
WBGene00005114,1,21,22
WBGene00005116,4,4,8
WBGene00005117,2,17,19
WBGene00005118,2,3,5
WBGene00005119,2,3,5
WBGene00005120,27,15,42
WBGene00005121,13,7,20
WBGene00005122,5,5,10
WBGene00005123,0,0,0
WBGene00005124,3,8,11
WBGene00005125,0,0,0
WBGene00005126,0,2,2
WBGene00005127,37,199,236
WBGene00005128,76,6,82
WBGene00005129,44,94,138
WBGene00005131,38,243,281
WBGene00005132,17,49,66
WBGene00005133,15,91,106
WBGene00005134,0,4,4
WBGene00005135,0,0,0
WBGene00005136,1,4,5
WBGene00005137,0,0,0
WBGene00005138,0,0,0
WBGene00005140,8,15,23
WBGene00005141,14,8,22
WBGene00005142,2,2,4
WBGene00005143,25,3,28
WBGene00005144,9,5,14
WBGene00005145,6,5,11
WBGene00005146,11,8,19
WBGene00005147,11,127,138
WBGene00005148,0,0,0
WBGene00005149,23,50,73
WBGene00005150,31,82,113
WBGene00005153,173,149,322
WBGene00005159,14,6,20
WBGene00005160,4,31,35
WBGene00005161,4,0,4
WBGene00005162,33,27,60
WBGene00005163,6,46,52
WBGene00005164,5,12,17
WBGene00005165,10,56,66
WBGene00005166,2,7,9
WBGene00005167,7,6,13
WBGene00005168,0,9,9
WBGene00005169,9,21,30
WBGene00005170,6,9,15
WBGene00005171,11,29,40
WBGene00005172,3,25,28
WBGene00005173,1,2,3
WBGene00005174,153,506,659
WBGene00005177,171,137,308
WBGene00005178,2,5,7
WBGene00005179,3,6,9
WBGene00005180,5,12,17
WBGene00005181,7,4,11
WBGene00005182,9,30,39
WBGene00005183,0,8,8
WBGene00005184,3,4,7
WBGene00005185,1,2,3
WBGene00005186,3,6,9
WBGene00005187,11,36,47
WBGene00005188,3,7,10
WBGene00005189,76,186,262
WBGene00005190,1,7,8
WBGene00005191,106,253,359
WBGene00005193,0,1,1
WBGene00005194,1,8,9
WBGene00005195,13,11,24
WBGene00005196,1,5,6
WBGene00005197,2,75,77
WBGene00005198,3,3,6
WBGene00005199,7,6,13
WBGene00005201,64,0,64
WBGene00005202,34,39,73
WBGene00005203,7,14,21
WBGene00005204,0,3,3
WBGene00005205,41,310,351
WBGene00005207,4,26,30
WBGene00005208,22,215,237
WBGene00005210,7,32,39
WBGene00005211,1,1,2
WBGene00005212,4,2,6
WBGene00005213,7,8,15
WBGene00005214,7,3,10
WBGene00005215,3,1,4
WBGene00005216,11,5,16
WBGene00005217,0,4,4
WBGene00005218,0,13,13
WBGene00005219,27,2,29
WBGene00005221,14,4,18
WBGene00005222,4,4,8
WBGene00005223,6,5,11
WBGene00005224,3,0,3
WBGene00005225,0,1,1
WBGene00005226,23,85,108
WBGene00005227,0,11,11
WBGene00005228,646,194,840
WBGene00005229,6,13,19
WBGene00005230,1,2,3
WBGene00005231,2,37,39
WBGene00005233,3,1,4
WBGene00005234,0,11,11
WBGene00005236,3,3,6
WBGene00005237,1,2,3
WBGene00005240,8,33,41
WBGene00005241,8,30,38
WBGene00005242,8,31,39
WBGene00005243,20,250,270
WBGene00005244,11,6,17
WBGene00005245,8,80,88
WBGene00005246,1,170,171
WBGene00005247,2,25,27
WBGene00005248,5,29,34
WBGene00005249,2,4,6
WBGene00005250,1,25,26
WBGene00005251,26,89,115
WBGene00005253,9,72,81
WBGene00005254,2,6,8
WBGene00005255,0,4,4
WBGene00005256,1,0,1
WBGene00005257,6,48,54
WBGene00005258,3,21,24
WBGene00005259,0,0,0
WBGene00005260,2,4,6
WBGene00005261,10,2,12
WBGene00005262,10,70,80
WBGene00005263,2,9,11
WBGene00005264,3,9,12
WBGene00005265,1,4,5
WBGene00005267,34,55,89
WBGene00005268,2,11,13
WBGene00005269,4,60,64
WBGene00005270,1,11,12
WBGene00005271,65,104,169
WBGene00005272,13,22,35
WBGene00005273,8,27,35
WBGene00005274,4,6,10
WBGene00005275,4,5,9
WBGene00005278,2,1,3
WBGene00005279,2,1,3
WBGene00005280,0,0,0
WBGene00005281,1,1,2
WBGene00005282,0,1,1
WBGene00005283,1,3,4
WBGene00005284,2,2,4
WBGene00005285,0,3,3
WBGene00005288,1,1,2
WBGene00005289,0,41,41
WBGene00005290,1,32,33
WBGene00005291,0,0,0
WBGene00005292,4,70,74
WBGene00005293,1,33,34
WBGene00005294,0,1,1
WBGene00005295,6,18,24
WBGene00005296,8,8,16
WBGene00005297,0,3,3
WBGene00005299,17,67,84
WBGene00005300,1,18,19
WBGene00005301,6,9,15
WBGene00005303,2,7,9
WBGene00005304,1,3,4
WBGene00005306,6,8,14
WBGene00005308,2,1,3
WBGene00005309,0,11,11
WBGene00005310,1,8,9
WBGene00005313,2,4,6
WBGene00005315,5,17,22
WBGene00005316,19,2,21
WBGene00005317,4,30,34
WBGene00005318,6,5,11
WBGene00005319,3,2,5
WBGene00005321,2,4,6
WBGene00005323,1,6,7
WBGene00005324,19,23,42
WBGene00005328,1,6,7
WBGene00005330,0,2,2
WBGene00005331,0,5,5
WBGene00005332,1,4,5
WBGene00005334,1,3,4
WBGene00005335,6,3,9
WBGene00005337,5,12,17
WBGene00005338,0,13,13
WBGene00005339,8,22,30
WBGene00005340,0,0,0
WBGene00005341,2,0,2
WBGene00005342,0,36,36
WBGene00005344,19,16,35
WBGene00005345,8,13,21
WBGene00005346,1,24,25
WBGene00005347,4,79,83
WBGene00005348,1,6,7
WBGene00005349,1,20,21
WBGene00005350,1,34,35
WBGene00005351,15,16,31
WBGene00005352,0,7,7
WBGene00005353,2,20,22
WBGene00005354,5,48,53
WBGene00005355,0,0,0
WBGene00005356,2,13,15
WBGene00005357,2,7,9
WBGene00005358,4,3,7
WBGene00005359,2,8,10
WBGene00005361,2,13,15
WBGene00005362,6,10,16
WBGene00005363,4,6,10
WBGene00005364,3,4,7
WBGene00005365,1,9,10
WBGene00005370,5,10,15
WBGene00005375,5,8,13
WBGene00005382,2,8,10
WBGene00005383,5,21,26
WBGene00005385,17,103,120
WBGene00005386,19,7,26
WBGene00005387,36,61,97
WBGene00005388,3,4,7
WBGene00005389,0,3,3
WBGene00005390,0,3,3
WBGene00005392,4,0,4
WBGene00005393,3,30,33
WBGene00005394,1,13,14
WBGene00005395,3,16,19
WBGene00005396,9,8,17
WBGene00005397,5,13,18
WBGene00005398,31,3,34
WBGene00005399,6,24,30
WBGene00005400,0,2,2
WBGene00005401,1,13,14
WBGene00005402,1,0,1
WBGene00005404,0,0,0
WBGene00005405,15,15,30
WBGene00005406,0,6,6
WBGene00005407,5,4,9
WBGene00005408,1,5,6
WBGene00005410,17,15,32
WBGene00005411,0,6,6
WBGene00005412,4,7,11
WBGene00005414,4,4,8
WBGene00005415,4,12,16
WBGene00005416,0,17,17
WBGene00005417,0,19,19
WBGene00005418,0,7,7
WBGene00005419,1,11,12
WBGene00005421,2,11,13
WBGene00005422,9,133,142
WBGene00005423,6,31,37
WBGene00005424,3,0,3
WBGene00005425,2,2,4
WBGene00005426,3,4,7
WBGene00005427,3,22,25
WBGene00005428,6,34,40
WBGene00005429,2,6,8
WBGene00005430,0,7,7
WBGene00005432,3,28,31
WBGene00005433,3,1,4
WBGene00005435,0,0,0
WBGene00005436,0,0,0
WBGene00005437,6,24,30
WBGene00005439,1,4,5
WBGene00005440,7,4,11
WBGene00005441,2,3,5
WBGene00005442,1,1,2
WBGene00005443,1,3,4
WBGene00005444,1,4,5
WBGene00005446,5,10,15
WBGene00005447,23,32,55
WBGene00005448,1,27,28
WBGene00005449,1,1,2
WBGene00005450,3,3,6
WBGene00005451,1,1,2
WBGene00005452,0,2,2
WBGene00005453,1,1,2
WBGene00005454,0,0,0
WBGene00005456,0,0,0
WBGene00005457,1,0,1
WBGene00005458,0,5,5
WBGene00005461,3,3,6
WBGene00005463,37,2,39
WBGene00005464,2,0,2
WBGene00005470,2,4,6
WBGene00005471,4,6,10
WBGene00005472,0,9,9
WBGene00005474,6,16,22
WBGene00005475,12,3,15
WBGene00005476,2,1,3
WBGene00005477,3,48,51
WBGene00005478,10,2,12
WBGene00005479,4,7,11
WBGene00005480,0,7,7
WBGene00005481,5,38,43
WBGene00005482,2,27,29
WBGene00005484,3,28,31
WBGene00005486,5,23,28
WBGene00005487,1,25,26
WBGene00005488,2,13,15
WBGene00005489,12,1,13
WBGene00005490,12,7,19
WBGene00005491,0,1,1
WBGene00005492,0,0,0
WBGene00005493,1,3,4
WBGene00005494,2,2,4
WBGene00005495,8,1,9
WBGene00005496,0,0,0
WBGene00005497,0,2,2
WBGene00005499,0,0,0
WBGene00005500,3,2,5
WBGene00005501,1,2,3
WBGene00005502,3,0,3
WBGene00005503,0,3,3
WBGene00005504,1,3,4
WBGene00005505,21,2,23
WBGene00005507,2,13,15
WBGene00005508,0,0,0
WBGene00005509,0,0,0
WBGene00005512,0,4,4
WBGene00005513,2,4,6
WBGene00005514,4,42,46
WBGene00005516,3,21,24
WBGene00005517,44,41,85
WBGene00005518,10,21,31
WBGene00005519,2,4,6
WBGene00005521,6,5,11
WBGene00005522,16,6,22
WBGene00005523,10,23,33
WBGene00005524,7,2,9
WBGene00005525,0,1,1
WBGene00005526,0,0,0
WBGene00005527,15,2,17
WBGene00005528,1,2,3
WBGene00005529,7,3,10
WBGene00005530,90,70,160
WBGene00005531,28,43,71
WBGene00005532,11,29,40
WBGene00005533,6,72,78
WBGene00005536,5,16,21
WBGene00005537,1,8,9
WBGene00005538,0,26,26
WBGene00005539,1,3,4
WBGene00005540,1,8,9
WBGene00005541,5,8,13
WBGene00005542,13,64,77
WBGene00005543,24,89,113
WBGene00005544,2,4,6
WBGene00005545,8,1,9
WBGene00005546,1,1,2
WBGene00005548,22,18,40
WBGene00005549,7,1,8
WBGene00005550,1,8,9
WBGene00005551,12,35,47
WBGene00005552,26,20,46
WBGene00005554,4,2,6
WBGene00005555,3,10,13
WBGene00005557,15,31,46
WBGene00005558,4,28,32
WBGene00005559,7,46,53
WBGene00005560,10,53,63
WBGene00005562,2,4,6
WBGene00005563,2,4,6
WBGene00005565,3,0,3
WBGene00005566,11,3,14
WBGene00005569,4,5,9
WBGene00005572,3,4,7
WBGene00005573,2,8,10
WBGene00005574,1,3,4
WBGene00005575,12,33,45
WBGene00005577,4,20,24
WBGene00005578,4,3,7
WBGene00005579,15,2,17
WBGene00005581,1,2,3
WBGene00005582,0,0,0
WBGene00005583,1,0,1
WBGene00005584,5,5,10
WBGene00005585,6,11,17
WBGene00005586,19,32,51
WBGene00005589,62,16,78
WBGene00005590,0,1,1
WBGene00005591,15,17,32
WBGene00005592,3,5,8
WBGene00005593,1,2,3
WBGene00005594,6,2,8
WBGene00005595,10,12,22
WBGene00005596,4,1,5
WBGene00005597,2,2,4
WBGene00005598,1,4,5
WBGene00005599,0,10,10
WBGene00005601,0,1,1
WBGene00005602,31,965,996
WBGene00005603,5,6,11
WBGene00005604,16,2,18
WBGene00005606,21,26,47
WBGene00005607,25,12,37
WBGene00005608,7,18,25
WBGene00005609,8,20,28
WBGene00005610,6,9,15
WBGene00005611,26,11,37
WBGene00005612,10,1,11
WBGene00005613,25,4,29
WBGene00005614,3,5,8
WBGene00005615,1,3,4
WBGene00005616,17,466,483
WBGene00005617,1,2,3
WBGene00005618,6,2,8
WBGene00005621,8,7,15
WBGene00005622,26,66,92
WBGene00005623,2,4,6
WBGene00005624,5,1,6
WBGene00005625,0,1,1
WBGene00005626,0,0,0
WBGene00005627,2,1,3
WBGene00005628,2,2,4
WBGene00005629,1,1,2
WBGene00005631,1,2,3
WBGene00005632,4,2,6
WBGene00005633,1,1,2
WBGene00005634,5,0,5
WBGene00005635,1,1,2
WBGene00005638,6,33,39
WBGene00005639,4,1,5
WBGene00005640,25,63,88
WBGene00005641,57,166,223
WBGene00005642,6,80,86
WBGene00005643,4,166,170
WBGene00005644,41,423,464
WBGene00005647,217,2513,2730
WBGene00005648,488,4784,5272
WBGene00005649,37,124,161
WBGene00005652,40,263,303
WBGene00005653,34,456,490
WBGene00005654,48,814,862
WBGene00005655,502,5839,6341
WBGene00005657,28,675,703
WBGene00005658,3,5,8
WBGene00005659,8,14,22
WBGene00005660,3,9,12
WBGene00005661,1,49,50
WBGene00005662,105,1329,1434
WBGene00005663,710,8701,9411
WBGene00005664,3,48,51
WBGene00005665,2,19,21
WBGene00005666,1,7,8
WBGene00005667,4,4,8
WBGene00005669,2,12,14
WBGene00005670,21,73,94
WBGene00005671,9,131,140
WBGene00005672,5,1,6
WBGene00005674,1,0,1
WBGene00005675,3,2,5
WBGene00005676,7,33,40
WBGene00005678,5,17,22
WBGene00005679,3,2,5
WBGene00005680,5,1,6
WBGene00005681,1,3,4
WBGene00005682,4,3,7
WBGene00005683,1,4,5
WBGene00005684,18,14,32
WBGene00005685,4,10,14
WBGene00005686,6,34,40
WBGene00005687,14,31,45
WBGene00005688,2,0,2
WBGene00005689,6,11,17
WBGene00005690,1,10,11
WBGene00005691,1,3,4
WBGene00005692,1,8,9
WBGene00005693,0,1,1
WBGene00005694,1,1,2
WBGene00005696,5,10,15
WBGene00005698,7,7,14
WBGene00005699,7,6,13
WBGene00005700,0,24,24
WBGene00005701,8,92,100
WBGene00005702,5,58,63
WBGene00005703,49,923,972
WBGene00005705,3,53,56
WBGene00005707,3,2,5
WBGene00005708,0,0,0
WBGene00005710,33,50,83
WBGene00005711,1,9,10
WBGene00005712,26,301,327
WBGene00005713,7,74,81
WBGene00005714,3,6,9
WBGene00005715,168,192,360
WBGene00005716,73,265,338
WBGene00005717,25,249,274
WBGene00005718,15,108,123
WBGene00005719,35,68,103
WBGene00005720,8,13,21
WBGene00005721,11,6,17
WBGene00005722,20,16,36
WBGene00005723,11,7,18
WBGene00005724,14,14,28
WBGene00005725,16,40,56
WBGene00005726,52,43,95
WBGene00005727,17,13,30
WBGene00005728,4,0,4
WBGene00005730,2,0,2
WBGene00005732,0,1,1
WBGene00005733,1,1,2
WBGene00005735,8,20,28
WBGene00005736,10,18,28
WBGene00005737,9,4,13
WBGene00005738,3,23,26
WBGene00005739,14,29,43
WBGene00005740,1,20,21
WBGene00005741,4,3,7
WBGene00005742,10,8,18
WBGene00005743,5,19,24
WBGene00005744,2,8,10
WBGene00005745,7,12,19
WBGene00005748,13,38,51
WBGene00005749,3,0,3
WBGene00005750,2,3,5
WBGene00005751,5,1,6
WBGene00005753,9,19,28
WBGene00005754,6,11,17
WBGene00005755,6,28,34
WBGene00005756,8,61,69
WBGene00005757,9,72,81
WBGene00005758,3,31,34
WBGene00005759,4,189,193
WBGene00005760,1,2,3
WBGene00005761,1,2,3
WBGene00005762,2,6,8
WBGene00005763,8,47,55
WBGene00005764,7,53,60
WBGene00005766,9,35,44
WBGene00005767,1,4,5
WBGene00005768,1,0,1
WBGene00005769,0,0,0
WBGene00005770,0,1,1
WBGene00005771,0,7,7
WBGene00005773,1,2,3
WBGene00005776,0,1,1
WBGene00005777,0,0,0
WBGene00005778,4,2,6
WBGene00005779,0,1,1
WBGene00005780,11,13,24
WBGene00005781,2,2,4
WBGene00005782,2,1,3
WBGene00005783,0,0,0
WBGene00005785,4,0,4
WBGene00005786,11,1,12
WBGene00005787,1,2,3
WBGene00005788,3,4,7
WBGene00005789,2,3,5
WBGene00005790,0,0,0
WBGene00005791,1,8,9
WBGene00005795,0,2,2
WBGene00005798,1,0,1
WBGene00005800,2,1,3
WBGene00005801,2,1,3
WBGene00005802,1,2,3
WBGene00005803,0,0,0
WBGene00005804,1,1,2
WBGene00005806,1,2,3
WBGene00005807,17,23,40
WBGene00005808,8,22,30
WBGene00005809,0,2,2
WBGene00005810,4,35,39
WBGene00005812,0,1,1
WBGene00005813,5,1,6
WBGene00005814,9,4,13
WBGene00005815,179,1261,1440
WBGene00005816,105,482,587
WBGene00005818,183,1122,1305
WBGene00005819,0,0,0
WBGene00005820,7,8,15
WBGene00005822,1,1,2
WBGene00005823,2,0,2
WBGene00005824,3,3,6
WBGene00005826,3,9,12
WBGene00005829,13,17,30
WBGene00005830,2,5,7
WBGene00005831,3,10,13
WBGene00005832,377,2090,2467
WBGene00005833,60,2433,2493
WBGene00005834,2,33,35
WBGene00005835,1,4,5
WBGene00005836,7,9,16
WBGene00005837,4,10,14
WBGene00005838,10,17,27
WBGene00005841,16,5,21
WBGene00005842,3,8,11
WBGene00005844,1,3,4
WBGene00005845,16,17,33
WBGene00005846,4,1,5
WBGene00005847,6,6,12
WBGene00005848,26,13,39
WBGene00005849,4,20,24
WBGene00005850,6,10,16
WBGene00005854,13,5,18
WBGene00005855,0,8,8
WBGene00005856,11,1,12
WBGene00005858,13,1,14
WBGene00005859,5,4,9
WBGene00005860,2,1,3
WBGene00005862,3,1,4
WBGene00005864,2,0,2
WBGene00005865,2,1,3
WBGene00005866,0,0,0
WBGene00005867,1,0,1
WBGene00005868,0,0,0
WBGene00005869,4,2,6
WBGene00005870,1,0,1
WBGene00005871,0,0,0
WBGene00005874,0,1,1
WBGene00005876,6,2,8
WBGene00005877,14,3,17
WBGene00005880,2,3,5
WBGene00005881,1,2,3
WBGene00005882,0,2,2
WBGene00005883,0,1,1
WBGene00005884,0,1,1
WBGene00005885,1,2,3
WBGene00005886,2,10,12
WBGene00005887,15,28,43
WBGene00005888,2,4,6
WBGene00005889,0,2,2
WBGene00005890,0,1,1
WBGene00005891,3,1,4
WBGene00005892,4,31,35
WBGene00005893,17,138,155
WBGene00005894,2,7,9
WBGene00005895,4,6,10
WBGene00005896,2,2,4
WBGene00005897,0,9,9
WBGene00005898,4,16,20
WBGene00005899,1,1,2
WBGene00005900,7,7,14
WBGene00005901,2,9,11
WBGene00005903,19,17,36
WBGene00005904,6,4,10
WBGene00005905,7,6,13
WBGene00005907,0,3,3
WBGene00005908,5,10,15
WBGene00005909,16,33,49
WBGene00005910,24,87,111
WBGene00005911,1,6,7
WBGene00005912,0,4,4
WBGene00005913,4,8,12
WBGene00005914,2,5,7
WBGene00005915,1,4,5
WBGene00005917,1,2,3
WBGene00005919,1,1,2
WBGene00005920,2,1,3
WBGene00005922,0,0,0
WBGene00005923,0,0,0
WBGene00005924,3,0,3
WBGene00005925,3,28,31
WBGene00005926,18,101,119
WBGene00005927,70,41,111
WBGene00005929,28,118,146
WBGene00005930,0,0,0
WBGene00005931,5,67,72
WBGene00005932,58,112,170
WBGene00005933,9,27,36
WBGene00005934,5,50,55
WBGene00005935,11,25,36
WBGene00005936,68,520,588
WBGene00005937,4,46,50
WBGene00005938,13,56,69
WBGene00005939,3,4,7
WBGene00005941,24,52,76
WBGene00005942,5,1,6
WBGene00005944,0,0,0
WBGene00005945,5,1,6
WBGene00005946,2,0,2
WBGene00005947,16,107,123
WBGene00005949,3,46,49
WBGene00005950,2,2,4
WBGene00005951,3,2,5
WBGene00005953,8,11,19
WBGene00005954,2,0,2
WBGene00005955,0,6,6
WBGene00005956,1,0,1
WBGene00005957,1,12,13
WBGene00005958,41,180,221
WBGene00005959,15,154,169
WBGene00005964,7,22,29
WBGene00005965,125,8,133
WBGene00005967,114,291,405
WBGene00005968,4,24,28
WBGene00005969,5,7,12
WBGene00005971,19,56,75
WBGene00005973,125,25,150
WBGene00005975,152,159,311
WBGene00005976,4,50,54
WBGene00005977,5,30,35
WBGene00005978,0,0,0
WBGene00005979,16,5,21
WBGene00005980,19,16,35
WBGene00005981,9,15,24
WBGene00005983,3,4,7
WBGene00005984,1,0,1
WBGene00005986,2,13,15
WBGene00005987,25,26,51
WBGene00005988,8,13,21
WBGene00005989,0,2,2
WBGene00005992,0,1,1
WBGene00005993,3,4,7
WBGene00005995,8,4,12
WBGene00005996,1,1,2
WBGene00005999,2,4,6
WBGene00006001,2,2,4
WBGene00006002,34,109,143
WBGene00006003,8,6,14
WBGene00006004,9,10,19
WBGene00006005,8,44,52
WBGene00006006,4,33,37
WBGene00006007,6,13,19
WBGene00006008,12,25,37
WBGene00006009,6,3,9
WBGene00006010,1,11,12
WBGene00006011,1,0,1
WBGene00006012,6,5,11
WBGene00006013,1,2,3
WBGene00006016,25,247,272
WBGene00006019,16,98,114
WBGene00006020,10,78,88
WBGene00006021,3,9,12
WBGene00006022,1,6,7
WBGene00006024,5,7,12
WBGene00006025,2,41,43
WBGene00006026,44,108,152
WBGene00006027,7,46,53
WBGene00006028,3,11,14
WBGene00006038,0,2,2
WBGene00006039,0,4,4
WBGene00006040,0,0,0
WBGene00006044,0,21,21
WBGene00006047,0,0,0
WBGene00006048,0,0,0
WBGene00006049,0,0,0
WBGene00006050,9,129,138
WBGene00006051,6,63,69
WBGene00006052,1,1,2
WBGene00006053,0,0,0
WBGene00006055,139,633,772
WBGene00006056,11,31,42
WBGene00006058,1,5,6
WBGene00006059,99,1349,1448
WBGene00006060,3,0,3
WBGene00006061,37,2152,2189
WBGene00006062,515,1323,1838
WBGene00006063,35,844,879
WBGene00006064,200,321,521
WBGene00006065,6,46,52
WBGene00006066,113,2360,2473
WBGene00006067,219,1176,1395
WBGene00006068,43,429,472
WBGene00006069,7,27,34
WBGene00006070,0,0,0
WBGene00006071,6,3,9
WBGene00006072,5,13,18
WBGene00006073,0,0,0
WBGene00006074,0,0,0
WBGene00006075,3,4,7
WBGene00006076,0,5,5
WBGene00006077,17,38,55
WBGene00006078,2,2,4
WBGene00006080,7,9,16
WBGene00006081,2,6,8
WBGene00006082,4,2,6
WBGene00006083,2,0,2
WBGene00006084,11,0,11
WBGene00006085,0,2,2
WBGene00006086,1,16,17
WBGene00006087,1,3,4
WBGene00006090,1,5,6
WBGene00006092,1,1,2
WBGene00006093,4,14,18
WBGene00006094,0,1,1
WBGene00006096,3,8,11
WBGene00006097,0,2,2
WBGene00006098,34,12,46
WBGene00006099,13,0,13
WBGene00006101,26,18,44
WBGene00006102,0,3,3
WBGene00006103,18,48,66
WBGene00006104,0,6,6
WBGene00006105,0,0,0
WBGene00006106,0,1,1
WBGene00006108,3,8,11
WBGene00006109,4,31,35
WBGene00006110,0,2,2
WBGene00006111,2,4,6
WBGene00006112,22,75,97
WBGene00006113,28,95,123
WBGene00006117,0,3,3
WBGene00006120,1,1,2
WBGene00006121,1,4,5
WBGene00006122,2,22,24
WBGene00006124,4,7,11
WBGene00006125,6,0,6
WBGene00006126,5,10,15
WBGene00006127,1,19,20
WBGene00006128,0,3,3
WBGene00006129,4,3,7
WBGene00006130,1,1,2
WBGene00006131,0,0,0
WBGene00006133,2,1,3
WBGene00006134,8,2,10
WBGene00006135,2,12,14
WBGene00006136,0,0,0
WBGene00006137,1,4,5
WBGene00006138,10,25,35
WBGene00006139,7,12,19
WBGene00006140,203,33,236
WBGene00006141,6,7,13
WBGene00006142,3,2,5
WBGene00006143,5,11,16
WBGene00006144,0,1,1
WBGene00006145,0,0,0
WBGene00006146,7,8,15
WBGene00006147,1,3,4
WBGene00006148,4,19,23
WBGene00006149,9,39,48
WBGene00006150,0,5,5
WBGene00006151,3,8,11
WBGene00006152,9,34,43
WBGene00006153,1,17,18
WBGene00006154,17,16,33
WBGene00006155,2,21,23
WBGene00006156,2,6,8
WBGene00006157,7,1,8
WBGene00006158,3,2,5
WBGene00006159,3,0,3
WBGene00006160,0,2,2
WBGene00006161,1,4,5
WBGene00006162,1,3,4
WBGene00006163,224,106,330
WBGene00006164,7,10,17
WBGene00006165,5,13,18
WBGene00006166,1,0,1
WBGene00006167,9,53,62
WBGene00006169,46,45,91
WBGene00006170,0,0,0
WBGene00006171,0,0,0
WBGene00006172,30,27,57
WBGene00006173,11,1,12
WBGene00006174,4,4,8
WBGene00006175,2,4,6
WBGene00006176,3,16,19
WBGene00006178,0,0,0
WBGene00006179,0,17,17
WBGene00006180,5,7,12
WBGene00006182,3,6,9
WBGene00006183,9,2,11
WBGene00006184,2,1,3
WBGene00006186,2,3,5
WBGene00006187,9,13,22
WBGene00006188,4,2,6
WBGene00006189,5,5,10
WBGene00006190,2,7,9
WBGene00006191,6,32,38
WBGene00006192,11,7,18
WBGene00006193,11,15,26
WBGene00006195,3,5,8
WBGene00006196,7,0,7
WBGene00006197,5,0,5
WBGene00006198,1,11,12
WBGene00006199,10,7,17
WBGene00006200,0,0,0
WBGene00006201,12,14,26
WBGene00006202,2,0,2
WBGene00006203,2,2,4
WBGene00006204,4,2,6
WBGene00006205,24,35,59
WBGene00006206,4,6,10
WBGene00006207,65,72,137
WBGene00006208,40,28,68
WBGene00006209,13,12,25
WBGene00006210,11,7,18
WBGene00006211,16,21,37
WBGene00006212,12,27,39
WBGene00006213,8,9,17
WBGene00006214,19,6,25
WBGene00006215,2,9,11
WBGene00006216,5,3,8
WBGene00006217,10,29,39
WBGene00006218,5,8,13
WBGene00006219,2,4,6
WBGene00006220,35,282,317
WBGene00006221,3,2,5
WBGene00006222,3,2,5
WBGene00006224,4,5,9
WBGene00006225,6,3,9
WBGene00006226,11,199,210
WBGene00006228,4,16,20
WBGene00006229,0,4,4
WBGene00006230,5,3,8
WBGene00006231,6,7,13
WBGene00006232,1,1,2
WBGene00006233,34,47,81
WBGene00006234,6,13,19
WBGene00006235,0,4,4
WBGene00006236,0,1,1
WBGene00006237,4,34,38
WBGene00006238,1,1,2
WBGene00006239,7,22,29
WBGene00006240,0,1,1
WBGene00006241,7,25,32
WBGene00006242,4,1,5
WBGene00006244,1,2,3
WBGene00006247,1,4,5
WBGene00006249,3,2,5
WBGene00006251,3,5,8
WBGene00006252,3,8,11
WBGene00006253,31,4,35
WBGene00006255,17,25,42
WBGene00006256,4,5,9
WBGene00006257,2,2,4
WBGene00006258,2,32,34
WBGene00006259,3,1,4
WBGene00006260,4,11,15
WBGene00006261,6,10,16
WBGene00006262,11,3,14
WBGene00006263,4,3,7
WBGene00006264,1,3,4
WBGene00006265,2,3,5
WBGene00006266,293,1,294
WBGene00006268,2,8,10
WBGene00006270,3,15,18
WBGene00006271,1,2,3
WBGene00006272,5,147,152
WBGene00006273,0,2,2
WBGene00006274,0,0,0
WBGene00006275,0,5,5
WBGene00006276,0,3,3
WBGene00006277,4,32,36
WBGene00006278,38,85,123
WBGene00006279,17,56,73
WBGene00006280,3,10,13
WBGene00006281,11,4,15
WBGene00006282,1,1,2
WBGene00006283,0,0,0
WBGene00006284,0,0,0
WBGene00006286,20,12,32
WBGene00006287,13,35,48
WBGene00006288,3,55,58
WBGene00006289,1,4,5
WBGene00006306,552,1395,1947
WBGene00006307,71,2292,2363
WBGene00006308,14,55,69
WBGene00006309,63,1177,1240
WBGene00006310,120,331,451
WBGene00006311,36,859,895
WBGene00006318,133,1218,1351
WBGene00006319,34,222,256
WBGene00006321,359,4721,5080
WBGene00006324,45,1346,1391
WBGene00006331,536,19001,19537
WBGene00006342,557,2549,3106
WBGene00006349,311,1360,1671
WBGene00006351,45,1089,1134
WBGene00006352,176,4594,4770
WBGene00006353,60,1166,1226
WBGene00006359,58,1414,1472
WBGene00006363,127,510,637
WBGene00006364,288,1196,1484
WBGene00006365,77,423,500
WBGene00006366,3,18,21
WBGene00006367,75,907,982
WBGene00006368,79,898,977
WBGene00006369,50,1182,1232
WBGene00006371,92,947,1039
WBGene00006372,208,3207,3415
WBGene00006373,115,2087,2202
WBGene00006374,40,798,838
WBGene00006375,29,1801,1830
WBGene00006376,33,1282,1315
WBGene00006377,34,867,901
WBGene00006379,72,690,762
WBGene00006380,9,197,206
WBGene00006381,107,5092,5199
WBGene00006382,1281,4385,5666
WBGene00006383,181,490,671
WBGene00006384,352,1688,2040
WBGene00006385,967,1874,2841
WBGene00006386,200,1387,1587
WBGene00006387,51,591,642
WBGene00006388,75,889,964
WBGene00006389,57,560,617
WBGene00006390,109,1303,1412
WBGene00006391,87,839,926
WBGene00006392,328,4716,5044
WBGene00006393,28,924,952
WBGene00006394,15,165,180
WBGene00006395,23,374,397
WBGene00006396,846,3394,4240
WBGene00006397,35,1306,1341
WBGene00006399,22,6,28
WBGene00006402,104,1038,1142
WBGene00006404,39,303,342
WBGene00006405,548,2739,3287
WBGene00006406,240,3473,3713
WBGene00006407,1353,4007,5360
WBGene00006408,901,10244,11145
WBGene00006409,4,14,18
WBGene00006410,195,2325,2520
WBGene00006411,17,161,178
WBGene00006412,195,845,1040
WBGene00006414,0,1148,1148
WBGene00006415,267,3863,4130
WBGene00006416,2,30,32
WBGene00006418,2,64,66
WBGene00006419,16,10,26
WBGene00006423,667,5196,5863
WBGene00006424,273,783,1056
WBGene00006428,94,178,272
WBGene00006429,0,8,8
WBGene00006430,82,967,1049
WBGene00006431,71,965,1036
WBGene00006432,199,1351,1550
WBGene00006433,415,8583,8998
WBGene00006434,524,50171,50695
WBGene00006435,49,385,434
WBGene00006436,2179,65467,67646
WBGene00006437,299,3695,3994
WBGene00006438,459,4421,4880
WBGene00006439,341,788744,789085
WBGene00006440,204,1049,1253
WBGene00006441,145,565,710
WBGene00006442,383,2811,3194
WBGene00006443,20,801,821
WBGene00006444,87,2203,2290
WBGene00006445,93,517,610
WBGene00006446,27,529,556
WBGene00006447,15,1254,1269
WBGene00006448,61,1416,1477
WBGene00006449,0,9,9
WBGene00006450,953,3331,4284
WBGene00006452,373,3565,3938
WBGene00006454,29,250,279
WBGene00006459,63,919,982
WBGene00006460,278,7099,7377
WBGene00006461,66,300,366
WBGene00006462,457,1929,2386
WBGene00006463,133,1502,1635
WBGene00006464,65,1055,1120
WBGene00006465,29,1936,1965
WBGene00006466,88,506,594
WBGene00006467,50,1300,1350
WBGene00006468,104,438,542
WBGene00006470,107,7811,7918
WBGene00006471,1,2,3
WBGene00006472,26,928,954
WBGene00006473,12,1277,1289
WBGene00006474,31,1666,1697
WBGene00006475,79,473,552
WBGene00006476,578,1627,2205
WBGene00006477,38,182,220
WBGene00006478,161,1319,1480
WBGene00006479,394,4005,4399
WBGene00006481,351,2845,3196
WBGene00006483,496,2950,3446
WBGene00006484,9,2,11
WBGene00006486,83,373,456
WBGene00006487,9,39,48
WBGene00006488,0,2,2
WBGene00006489,53,1843,1896
WBGene00006490,266,1255,1521
WBGene00006491,1,222,223
WBGene00006492,150,749,899
WBGene00006493,219,3165,3384
WBGene00006494,15,1847,1862
WBGene00006495,754,7320,8074
WBGene00006496,686,1078,1764
WBGene00006497,320,7711,8031
WBGene00006498,375,1632,2007
WBGene00006499,162,2796,2958
WBGene00006503,40,936,976
WBGene00006504,82,706,788
WBGene00006505,181,482,663
WBGene00006508,945,2367,3312
WBGene00006509,0,3,3
WBGene00006510,289,1694,1983
WBGene00006512,107,3233,3340
WBGene00006513,523,1488,2011
WBGene00006514,41,1889,1930
WBGene00006515,77,2616,2693
WBGene00006516,47,736,783
WBGene00006517,481,1967,2448
WBGene00006518,11,1124,1135
WBGene00006519,3872,40338,44210
WBGene00006520,0,310,310
WBGene00006522,21,105,126
WBGene00006523,200,3559,3759
WBGene00006524,203,2603,2806
WBGene00006525,12,127,139
WBGene00006526,17,89,106
WBGene00006527,1109,8347,9456
WBGene00006528,78,30051,30129
WBGene00006529,1058,15114,16172
WBGene00006530,5,133,138
WBGene00006531,18,164,182
WBGene00006532,38,71,109
WBGene00006533,161,1046,1207
WBGene00006534,9,15,24
WBGene00006535,142,885,1027
WBGene00006536,4,5514,5518
WBGene00006537,387,30799,31186
WBGene00006538,28,326,354
WBGene00006539,14,138,152
WBGene00006540,40,1458,1498
WBGene00006541,28,205,233
WBGene00006542,16,1068,1084
WBGene00006543,231,1870,2101
WBGene00006544,18,10,28
WBGene00006545,9,51,60
WBGene00006546,10,22,32
WBGene00006547,0,65,65
WBGene00006549,0,0,0
WBGene00006550,2,2,4
WBGene00006551,2,33744,33746
WBGene00006552,9,5,14
WBGene00006553,1,0,1
WBGene00006554,0,0,0
WBGene00006555,3,56,59
WBGene00006556,4,3,7
WBGene00006557,17,2,19
WBGene00006558,0,0,0
WBGene00006559,0,3,3
WBGene00006560,0,1,1
WBGene00006561,304,2132,2436
WBGene00006562,93,682,775
WBGene00006563,332,1323,1655
WBGene00006565,37,860,897
WBGene00006566,71,1520,1591
WBGene00006567,37,1216,1253
WBGene00006568,37,1344,1381
WBGene00006570,132,2508,2640
WBGene00006571,156,1565,1721
WBGene00006572,306,2901,3207
WBGene00006573,213,2160,2373
WBGene00006574,64,4211,4275
WBGene00006575,1129,2309,3438
WBGene00006576,61,289,350
WBGene00006577,252,1844,2096
WBGene00006578,299,2670,2969
WBGene00006579,637,7067,7704
WBGene00006580,146,1294,1440
WBGene00006582,336,2271,2607
WBGene00006583,1504,50715,52219
WBGene00006584,982,19290,20272
WBGene00006585,169,6052,6221
WBGene00006586,649,30435,31084
WBGene00006587,871,21361,22232
WBGene00006588,2111,24081,26192
WBGene00006589,426,6806,7232
WBGene00006590,65,799,864
WBGene00006591,219,567,786
WBGene00006592,83,632,715
WBGene00006593,643,1268,1911
WBGene00006594,976,4981,5957
WBGene00006595,312,5662,5974
WBGene00006596,250,574,824
WBGene00006597,54,68,122
WBGene00006598,1,22,23
WBGene00006599,2395,3086,5481
WBGene00006600,17,181,198
WBGene00006601,136,4474,4610
WBGene00006602,415,2270,2685
WBGene00006603,663,3451,4114
WBGene00006604,556,2366,2922
WBGene00006605,134,1353,1487
WBGene00006606,102,509,611
WBGene00006607,248,2057,2305
WBGene00006608,103,765,868
WBGene00006609,115,1428,1543
WBGene00006610,65,272,337
WBGene00006611,6,238,244
WBGene00006612,16,144,160
WBGene00006613,209,2478,2687
WBGene00006614,319,834,1153
WBGene00006615,471,544,1015
WBGene00006616,83,136,219
WBGene00006617,90,3422,3512
WBGene00006618,127,791,918
WBGene00006619,8,81,89
WBGene00006620,49,70,119
WBGene00006621,145,114,259
WBGene00006622,8,7,15
WBGene00006623,53,106,159
WBGene00006624,95,274,369
WBGene00006625,4,14,18
WBGene00006626,4,695,699
WBGene00006627,105,1216,1321
WBGene00006628,90,1025,1115
WBGene00006629,55,670,725
WBGene00006630,6,59,65
WBGene00006631,0,15,15
WBGene00006632,211,162,373
WBGene00006633,254,1305,1559
WBGene00006634,917,8542,9459
WBGene00006635,17,685,702
WBGene00006636,155,1311,1466
WBGene00006637,58,684,742
WBGene00006638,43,1598,1641
WBGene00006639,223,275,498
WBGene00006640,94,331,425
WBGene00006641,129,4203,4332
WBGene00006642,52,928,980
WBGene00006643,56,837,893
WBGene00006644,4,22,26
WBGene00006645,9,22,31
WBGene00006646,24,440,464
WBGene00006647,229,727,956
WBGene00006648,552,1419,1971
WBGene00006649,123,2254,2377
WBGene00006652,372,836,1208
WBGene00006654,16,140,156
WBGene00006655,26,280,306
WBGene00006656,101,977,1078
WBGene00006657,272,310,582
WBGene00006658,19,66,85
WBGene00006659,21,14,35
WBGene00006660,152,2702,2854
WBGene00006661,7,7,14
WBGene00006662,284,2423,2707
WBGene00006663,544,5943,6487
WBGene00006664,41,302,343
WBGene00006665,33,77,110
WBGene00006666,13,79,92
WBGene00006667,143,751,894
WBGene00006668,375,511,886
WBGene00006669,185,330,515
WBGene00006670,14,34,48
WBGene00006671,141,358,499
WBGene00006672,135,4211,4346
WBGene00006673,8,53,61
WBGene00006674,10,55,65
WBGene00006675,17,50,67
WBGene00006676,43,150,193
WBGene00006677,28,392,420
WBGene00006678,13,43,56
WBGene00006679,15,78,93
WBGene00006680,59,74,133
WBGene00006681,101,548,649
WBGene00006682,147,451,598
WBGene00006683,739,2870,3609
WBGene00006684,389,477,866
WBGene00006685,41,296,337
WBGene00006686,80,202,282
WBGene00006687,24,65,89
WBGene00006688,7,10,17
WBGene00006689,0,0,0
WBGene00006690,43,71,114
WBGene00006691,122,236,358
WBGene00006692,61,554,615
WBGene00006693,923,2715,3638
WBGene00006694,10,20,30
WBGene00006695,95,103,198
WBGene00006696,151,727,878
WBGene00006697,1001,5612,6613
WBGene00006698,40,3445,3485
WBGene00006699,54,2542,2596
WBGene00006700,257,764,1021
WBGene00006701,481,5647,6128
WBGene00006702,397,7036,7433
WBGene00006703,72,4098,4170
WBGene00006704,151,7217,7368
WBGene00006705,1055,4846,5901
WBGene00006706,20,1590,1610
WBGene00006707,0,1934,1934
WBGene00006708,98,3111,3209
WBGene00006709,315,2439,2754
WBGene00006710,485,318,803
WBGene00006711,67,1066,1133
WBGene00006712,111,588,699
WBGene00006713,79,3182,3261
WBGene00006714,162,668,830
WBGene00006715,72,3733,3805
WBGene00006716,58,20,78
WBGene00006717,41,675,716
WBGene00006718,11,38,49
WBGene00006719,5,4,9
WBGene00006720,75,6545,6620
WBGene00006721,63,785,848
WBGene00006722,332,421,753
WBGene00006723,99,1034,1133
WBGene00006724,89,3188,3277
WBGene00006725,13855,201275,215130
WBGene00006726,118,1214,1332
WBGene00006727,268,24104,24372
WBGene00006728,10548,178209,188757
WBGene00006729,57,365,422
WBGene00006730,15,10348,10363
WBGene00006731,4,171,175
WBGene00006732,268,2181,2449
WBGene00006733,228,2429,2657
WBGene00006734,39,1523,1562
WBGene00006735,12,1011,1023
WBGene00006736,113,1472,1585
WBGene00006737,30,806,836
WBGene00006738,46,2667,2713
WBGene00006739,309,6253,6562
WBGene00006740,38,316,354
WBGene00006741,260,3204,3464
WBGene00006742,1075,2843,3918
WBGene00006743,132,309,441
WBGene00006744,31,240,271
WBGene00006745,658,1187,1845
WBGene00006746,48,426,474
WBGene00006747,917,756,1673
WBGene00006748,30,112,142
WBGene00006749,185,1021,1206
WBGene00006750,239,1520,1759
WBGene00006751,726,1611,2337
WBGene00006752,1158,4214,5372
WBGene00006753,955,10362,11317
WBGene00006754,4266,146497,150763
WBGene00006755,905,8148,9053
WBGene00006756,0,1,1
WBGene00006757,35,1821,1856
WBGene00006759,2239,30858,33097
WBGene00006760,471,2643,3114
WBGene00006761,43,634,677
WBGene00006762,852,4293,5145
WBGene00006763,344,1344,1688
WBGene00006764,1957,31780,33737
WBGene00006765,176,473,649
WBGene00006766,67,559,626
WBGene00006767,745,804,1549
WBGene00006768,619,5626,6245
WBGene00006769,780,1382,2162
WBGene00006770,1012,2713,3725
WBGene00006771,613,5813,6426
WBGene00006772,358,2527,2885
WBGene00006773,82,1765,1847
WBGene00006774,70,568,638
WBGene00006775,16,144,160
WBGene00006776,545,2837,3382
WBGene00006777,314,1703,2017
WBGene00006778,76,707,783
WBGene00006779,3340,10929,14269
WBGene00006780,3836,39617,43453
WBGene00006781,237,733,970
WBGene00006782,12,349,361
WBGene00006783,50,403,453
WBGene00006784,997,3102,4099
WBGene00006785,35,288,323
WBGene00006786,422,4253,4675
WBGene00006787,617,4632,5249
WBGene00006788,393,988,1381
WBGene00006789,2292,176184,178476
WBGene00006790,32,55,87
WBGene00006791,362,2218,2580
WBGene00006792,297,433,730
WBGene00006793,105,1751,1856
WBGene00006794,717,15784,16501
WBGene00006795,60,1288,1348
WBGene00006796,1216,4367,5583
WBGene00006797,819,225,1044
WBGene00006798,2352,2657,5009
WBGene00006801,937,9751,10688
WBGene00006802,222,4790,5012
WBGene00006803,495,10468,10963
WBGene00006804,134,874,1008
WBGene00006805,3835,9458,13293
WBGene00006807,380,513,893
WBGene00006808,487,3082,3569
WBGene00006809,473,849,1322
WBGene00006810,89,1397,1486
WBGene00006811,323,1232,1555
WBGene00006812,691,5910,6601
WBGene00006814,1512,4767,6279
WBGene00006815,841,9727,10568
WBGene00006816,36,1844,1880
WBGene00006817,144,3273,3417
WBGene00006818,217,3805,4022
WBGene00006819,1988,64955,66943
WBGene00006820,2718,26815,29533
WBGene00006822,75,546,621
WBGene00006823,2524,16920,19444
WBGene00006824,65,1954,2019
WBGene00006825,729,9606,10335
WBGene00006826,130,2586,2716
WBGene00006827,6604,3045,9649
WBGene00006829,89,574,663
WBGene00006830,2173,1597,3770
WBGene00006831,620,2784,3404
WBGene00006832,109,564,673
WBGene00006833,219,19461,19680
WBGene00006836,141,3196,3337
WBGene00006839,553,3334,3887
WBGene00006840,346,10775,11121
WBGene00006843,239,1533,1772
WBGene00006844,158,2547,2705
WBGene00006845,287,2007,2294
WBGene00006852,76,2938,3014
WBGene00006853,15,384,399
WBGene00006856,44,1325,1369
WBGene00006861,1052,6282,7334
WBGene00006862,18,343,361
WBGene00006863,233,6138,6371
WBGene00006864,71,356,427
WBGene00006865,32,312,344
WBGene00006868,563,1261,1824
WBGene00006869,66,389,455
WBGene00006870,346,602,948
WBGene00006873,53,238,291
WBGene00006874,296,4747,5043
WBGene00006875,39,1593,1632
WBGene00006876,989,8346,9335
WBGene00006881,24,281,305
WBGene00006882,109,664,773
WBGene00006886,124,1272,1396
WBGene00006887,322,543,865
WBGene00006888,314,4332,4646
WBGene00006889,53,4632,4685
WBGene00006890,731,9421,10152
WBGene00006893,186,1830,2016
WBGene00006894,18,20,38
WBGene00006896,58,713,771
WBGene00006897,5,16,21
WBGene00006902,0,6,6
WBGene00006910,0,14040,14040
WBGene00006911,109,23476,23585
WBGene00006912,0,9793,9793
WBGene00006913,40,5540,5580
WBGene00006914,24,2052,2076
WBGene00006915,87,7306,7393
WBGene00006916,277,653,930
WBGene00006917,56,10050,10106
WBGene00006918,511,10476,10987
WBGene00006919,123,9250,9373
WBGene00006920,700,6213,6913
WBGene00006921,5,3174,3179
WBGene00006922,19,541,560
WBGene00006923,3955,8523,12478
WBGene00006924,91,17936,18027
WBGene00006925,8,146,154
WBGene00006926,0,5,5
WBGene00006927,1,20,21
WBGene00006928,0,1,1
WBGene00006929,0,0,0
WBGene00006930,4,10,14
WBGene00006931,90,1797,1887
WBGene00006932,487,3424,3911
WBGene00006933,67,1796,1863
WBGene00006934,242,925,1167
WBGene00006935,38,1828,1866
WBGene00006936,195,1698,1893
WBGene00006937,539,3742,4281
WBGene00006938,6,51,57
WBGene00006940,12,767,779
WBGene00006941,734,7590,8324
WBGene00006942,212,3423,3635
WBGene00006943,111,1232,1343
WBGene00006944,102,968,1070
WBGene00006945,111,840,951
WBGene00006946,106,770,876
WBGene00006947,9,134,143
WBGene00006948,4,6,10
WBGene00006949,86,908,994
WBGene00006950,20,11,31
WBGene00006951,127,1271,1398
WBGene00006952,4,99,103
WBGene00006953,8,3,11
WBGene00006954,1,0,1
WBGene00006955,67,40,107
WBGene00006956,0,15,15
WBGene00006957,501,3840,4341
WBGene00006958,84,283,367
WBGene00006959,826,51204,52030
WBGene00006960,20,148,168
WBGene00006961,548,9034,9582
WBGene00006962,6,38,44
WBGene00006963,50,1511,1561
WBGene00006964,208,1504,1712
WBGene00006965,3,294,297
WBGene00006966,15,153,168
WBGene00006968,128,2160,2288
WBGene00006970,55,1278,1333
WBGene00006971,91,1153,1244
WBGene00006974,26,1696,1722
WBGene00006975,1230,8192,9422
WBGene00006976,1365,808,2173
WBGene00006977,35,725,760
WBGene00006978,157,4285,4442
WBGene00006979,0,57,57
WBGene00006980,2,517,519
WBGene00006981,2,494,496
WBGene00006982,120,1688,1808
WBGene00006983,151,1950,2101
WBGene00006984,589,1882,2471
WBGene00006985,411,902,1313
WBGene00006986,492,2201,2693
WBGene00006987,201,727,928
WBGene00006988,105,753,858
WBGene00006993,679,1087,1766
WBGene00006994,445,3915,4360
WBGene00006996,54,3163,3217
WBGene00006997,17,957,974
WBGene00006999,1450,11428,12878
WBGene00007000,93,3607,3700
WBGene00007001,10,1114,1124
WBGene00007006,130,553,683
WBGene00007007,251,5846,6097
WBGene00007008,135,3318,3453
WBGene00007009,179,3115,3294
WBGene00007010,304,3161,3465
WBGene00007011,36,345,381
WBGene00007012,79,932,1011
WBGene00007013,215,682,897
WBGene00007014,81,523,604
WBGene00007015,11,911,922
WBGene00007016,1193,10077,11270
WBGene00007017,533,500,1033
WBGene00007018,106,1829,1935
WBGene00007019,462,2789,3251
WBGene00007020,262,1514,1776
WBGene00007021,123,1579,1702
WBGene00007022,305,3261,3566
WBGene00007023,121,2550,2671
WBGene00007024,442,17442,17884
WBGene00007025,274,2143,2417
WBGene00007026,91,1282,1373
WBGene00007027,1459,4248,5707
WBGene00007028,106,3226,3332
WBGene00007029,295,1968,2263
WBGene00007030,2324,17148,19472
WBGene00007036,30,345,375
WBGene00007041,192,927,1119
WBGene00007042,240,8621,8861
WBGene00007043,14,414,428
WBGene00007044,255,2809,3064
WBGene00007045,9,306,315
WBGene00007047,190,817,1007
WBGene00007048,120,6484,6604
WBGene00007049,13,46,59
WBGene00007050,454,4135,4589
WBGene00007053,283,7524,7807
WBGene00007054,1994,6126,8120
WBGene00007055,137,5711,5848
WBGene00007056,101,779,880
WBGene00007057,0,114,114
WBGene00007058,507,7064,7571
WBGene00007059,25,385,410
WBGene00007060,9,13,22
WBGene00007062,0,0,0
WBGene00007063,158,562,720
WBGene00007064,456,432,888
WBGene00007065,53,757,810
WBGene00007067,109,608,717
WBGene00007068,170,1689,1859
WBGene00007069,6,9,15
WBGene00007070,18,913,931
WBGene00007071,80,1035,1115
WBGene00007072,27,408,435
WBGene00007073,99,658,757
WBGene00007075,0,0,0
WBGene00007076,0,0,0
WBGene00007079,0,0,0
WBGene00007080,3,6,9
WBGene00007081,23,66,89
WBGene00007082,1,21,22
WBGene00007083,0,3,3
WBGene00007084,50,219,269
WBGene00007085,0,62,62
WBGene00007087,117,2217,2334
WBGene00007088,99,2157,2256
WBGene00007089,108,1113,1221
WBGene00007090,46,1490,1536
WBGene00007091,1088,13014,14102
WBGene00007092,65,861,926
WBGene00007093,35,815,850
WBGene00007094,275,893,1168
WBGene00007096,63,1115,1178
WBGene00007097,17,68,85
WBGene00007099,549,8388,8937
WBGene00007100,25,997,1022
WBGene00007101,59,2785,2844
WBGene00007102,52,466,518
WBGene00007103,727,5979,6706
WBGene00007104,38,197,235
WBGene00007105,47,2398,2445
WBGene00007106,32,840,872
WBGene00007107,318,5891,6209
WBGene00007108,233,2298,2531
WBGene00007109,11,644,655
WBGene00007110,109,2421,2530
WBGene00007111,62,1539,1601
WBGene00007112,1278,8326,9604
WBGene00007113,114,1825,1939
WBGene00007114,64,267,331
WBGene00007115,26,244,270
WBGene00007116,59,193,252
WBGene00007117,2,8,10
WBGene00007118,94,1016,1110
WBGene00007119,167,1228,1395
WBGene00007122,133,5041,5174
WBGene00007123,2,0,2
WBGene00007124,94,649,743
WBGene00007125,1,6,7
WBGene00007126,264,1060,1324
WBGene00007127,6,3,9
WBGene00007128,32,237,269
WBGene00007129,19,2505,2524
WBGene00007130,41,160,201
WBGene00007131,33,259,292
WBGene00007132,13,136,149
WBGene00007133,23,182,205
WBGene00007134,25,31,56
WBGene00007135,462,1455,1917
WBGene00007136,226,2523,2749
WBGene00007137,97,1535,1632
WBGene00007138,29,129,158
WBGene00007139,154,997,1151
WBGene00007140,3,26,29
WBGene00007141,4,9,13
WBGene00007142,310,4411,4721
WBGene00007143,135,3376,3511
WBGene00007144,33,2104,2137
WBGene00007145,91,688,779
WBGene00007146,58,366,424
WBGene00007148,14,51,65
WBGene00007149,6,39,45
WBGene00007150,6,1367,1373
WBGene00007152,5,12,17
WBGene00007153,2,48,50
WBGene00007154,40,144,184
WBGene00007155,856,16693,17549
WBGene00007156,28,69,97
WBGene00007158,9,13,22
WBGene00007159,100,1416,1516
WBGene00007161,8,0,8
WBGene00007162,162,463,625
WBGene00007163,4,7,11
WBGene00007164,1,24,25
WBGene00007166,22,1223,1245
WBGene00007167,79,933,1012
WBGene00007168,15,1043,1058
WBGene00007169,5,14,19
WBGene00007170,28,97,125
WBGene00007171,24,467,491
WBGene00007172,9,64,73
WBGene00007173,0,0,0
WBGene00007174,30,244,274
WBGene00007175,85,1361,1446
WBGene00007176,4403,1271,5674
WBGene00007177,20,13,33
WBGene00007178,9,947,956
WBGene00007179,11,37,48
WBGene00007180,113,1360,1473
WBGene00007182,0,3,3
WBGene00007183,0,33,33
WBGene00007184,283,5840,6123
WBGene00007185,298,2962,3260
WBGene00007186,48,1344,1392
WBGene00007187,47,490,537
WBGene00007188,119,1068,1187
WBGene00007189,37,965,1002
WBGene00007190,9,38,47
WBGene00007191,75,420,495
WBGene00007192,435,11274,11709
WBGene00007193,311,3255,3566
WBGene00007194,11,854,865
WBGene00007195,109,1626,1735
WBGene00007196,224,555,779
WBGene00007197,981,4495,5476
WBGene00007200,1936,21047,22983
WBGene00007201,145,2942,3087
WBGene00007202,47,608,655
WBGene00007203,7,418,425
WBGene00007204,3,15,18
WBGene00007206,0,0,0
WBGene00007207,87,1108,1195
WBGene00007208,0,0,0
WBGene00007209,0,0,0
WBGene00007210,31,60,91
WBGene00007211,8,12,20
WBGene00007212,36,207,243
WBGene00007213,116,830,946
WBGene00007214,297,1577,1874
WBGene00007215,112,902,1014
WBGene00007216,732,1984,2716
WBGene00007217,244,7036,7280
WBGene00007218,72,40,112
WBGene00007219,119,6052,6171
WBGene00007220,7,52,59
WBGene00007221,85,902,987
WBGene00007222,41,97,138
WBGene00007223,139,2899,3038
WBGene00007224,8,21,29
WBGene00007225,1,36,37
WBGene00007226,169,3003,3172
WBGene00007227,467,10377,10844
WBGene00007228,71,441,512
WBGene00007229,21,22,43
WBGene00007230,4,18,22
WBGene00007231,8,17,25
WBGene00007232,3,8,11
WBGene00007233,15,180,195
WBGene00007234,0,533,533
WBGene00007235,379,10257,10636
WBGene00007236,3,396,399
WBGene00007237,133,832,965
WBGene00007239,0,1,1
WBGene00007240,79,1428,1507
WBGene00007241,87,556,643
WBGene00007242,73,1192,1265
WBGene00007243,0,56,56
WBGene00007244,0,10,10
WBGene00007245,2,4,6
WBGene00007246,1,23,24
WBGene00007247,48,354,402
WBGene00007248,3,16,19
WBGene00007249,4,6,10
WBGene00007250,0,5,5
WBGene00007251,0,4,4
WBGene00007252,81,383,464
WBGene00007253,41,184,225
WBGene00007254,11,148,159
WBGene00007255,14,206,220
WBGene00007256,214,5413,5627
WBGene00007257,595,1848,2443
WBGene00007258,105,1182,1287
WBGene00007259,19,1,20
WBGene00007260,836,978,1814
WBGene00007261,92,2352,2444
WBGene00007262,8,20,28
WBGene00007264,5,15,20
WBGene00007265,0,11,11
WBGene00007266,37,403,440
WBGene00007267,44,648,692
WBGene00007268,12,32,44
WBGene00007269,4,2,6
WBGene00007270,69,2241,2310
WBGene00007271,26,1,27
WBGene00007273,70,45,115
WBGene00007274,8,90,98
WBGene00007275,235,328,563
WBGene00007277,42,215,257
WBGene00007278,41,281,322
WBGene00007279,3,3,6
WBGene00007281,8,149,157
WBGene00007282,6,18,24
WBGene00007283,0,0,0
WBGene00007284,249,923,1172
WBGene00007285,38,292,330
WBGene00007286,40,511,551
WBGene00007287,29,881,910
WBGene00007288,90,820,910
WBGene00007289,2,3,5
WBGene00007290,0,2,2
WBGene00007291,0,1,1
WBGene00007292,1,2,3
WBGene00007293,0,3,3
WBGene00007294,1,0,1
WBGene00007295,76,574,650
WBGene00007296,75,1304,1379
WBGene00007297,26,307,333
WBGene00007299,10,418,428
WBGene00007301,748380,53,748433
WBGene00007302,80,1440,1520
WBGene00007303,5,32,37
WBGene00007304,283,1879,2162
WBGene00007305,8,32,40
WBGene00007306,1,0,1
WBGene00007307,0,6,6
WBGene00007308,0,7,7
WBGene00007309,7,12,19
WBGene00007310,9,14,23
WBGene00007311,27,0,27
WBGene00007312,25,669,694
WBGene00007313,10,44,54
WBGene00007314,16,37,53
WBGene00007315,7,4,11
WBGene00007316,234,1332,1566
WBGene00007317,36,2098,2134
WBGene00007319,1,4,5
WBGene00007320,0,8,8
WBGene00007321,36,542,578
WBGene00007322,10,50,60
WBGene00007323,2,5,7
WBGene00007324,288,2525,2813
WBGene00007325,4,17,21
WBGene00007326,33,60,93
WBGene00007327,35,71,106
WBGene00007328,15,48,63
WBGene00007329,235,1770,2005
WBGene00007330,209,3985,4194
WBGene00007331,550,3655,4205
WBGene00007332,0,247,247
WBGene00007333,60,1044,1104
WBGene00007334,144,2489,2633
WBGene00007335,19,10,29
WBGene00007336,269,4951,5220
WBGene00007337,1,6,7
WBGene00007338,11,395,406
WBGene00007339,5,63,68
WBGene00007340,50,287,337
WBGene00007341,0,16,16
WBGene00007342,0,5,5
WBGene00007343,41,371,412
WBGene00007344,8,24,32
WBGene00007345,98,989,1087
WBGene00007346,15,87,102
WBGene00007347,117,470,587
WBGene00007348,110,618,728
WBGene00007349,72,785,857
WBGene00007350,374,7420,7794
WBGene00007351,59,142,201
WBGene00007352,215,2400,2615
WBGene00007353,270,2634,2904
WBGene00007354,7,124,131
WBGene00007355,0,4250,4250
WBGene00007356,0,1,1
WBGene00007357,119,709,828
WBGene00007358,10,224,234
WBGene00007359,9,11,20
WBGene00007360,66,43,109
WBGene00007361,133,18,151
WBGene00007362,137,677,814
WBGene00007363,89,2730,2819
WBGene00007364,48,117,165
WBGene00007365,4028,109715,113743
WBGene00007366,1122,6688,7810
WBGene00007367,7,81,88
WBGene00007368,3,81,84
WBGene00007369,0,11,11
WBGene00007370,10,11,21
WBGene00007372,55,346,401
WBGene00007373,0,0,0
WBGene00007374,10,31,41
WBGene00007375,28,87,115
WBGene00007377,9,54,63
WBGene00007378,18,53,71
WBGene00007379,10,1,11
WBGene00007380,5,8,13
WBGene00007381,5,11,16
WBGene00007382,6,72,78
WBGene00007383,4,11,15
WBGene00007384,6,114,120
WBGene00007385,3022,39163,42185
WBGene00007386,108,1397,1505
WBGene00007387,246,474,720
WBGene00007388,56,602,658
WBGene00007389,55,443,498
WBGene00007390,9,3646,3655
WBGene00007391,1,43,44
WBGene00007392,17,776,793
WBGene00007393,24,503,527
WBGene00007394,38,115,153
WBGene00007395,366,1889,2255
WBGene00007396,50,304,354
WBGene00007397,12,173,185
WBGene00007398,8,341,349
WBGene00007399,20,29,49
WBGene00007400,35,1695,1730
WBGene00007401,6,13,19
WBGene00007402,30,340,370
WBGene00007403,81,1010,1091
WBGene00007404,128,660,788
WBGene00007405,192,1610,1802
WBGene00007406,16,18,34
WBGene00007407,7,196,203
WBGene00007408,29,1284,1313
WBGene00007409,286,1349,1635
WBGene00007410,56,52,108
WBGene00007411,16,244,260
WBGene00007412,67,1554,1621
WBGene00007413,328,2915,3243
WBGene00007414,295,3512,3807
WBGene00007415,7,40,47
WBGene00007416,33,262,295
WBGene00007417,30,527,557
WBGene00007418,4,247,251
WBGene00007419,117,1078,1195
WBGene00007420,0,36,36
WBGene00007421,98,1373,1471
WBGene00007422,41,278,319
WBGene00007423,1,45,46
WBGene00007424,16,206,222
WBGene00007425,18,129,147
WBGene00007426,5,26,31
WBGene00007427,20,4,24
WBGene00007428,179,2506,2685
WBGene00007429,200,2178,2378
WBGene00007430,17,491,508
WBGene00007431,25,246,271
WBGene00007432,9,9,18
WBGene00007433,459,6346,6805
WBGene00007434,7,896,903
WBGene00007435,7,266,273
WBGene00007436,6,1137,1143
WBGene00007437,13,86,99
WBGene00007438,2,4,6
WBGene00007439,8,16,24
WBGene00007440,198,2066,2264
WBGene00007441,0,7,7
WBGene00007442,10,7,17
WBGene00007443,0,3527,3527
WBGene00007444,574,998,1572
WBGene00007445,64,1498,1562
WBGene00007446,3,5,8
WBGene00007447,0,2,2
WBGene00007448,9,11,20
WBGene00007449,97,1654,1751
WBGene00007450,43,441,484
WBGene00007452,22,327,349
WBGene00007453,6,249,255
WBGene00007454,6,27,33
WBGene00007455,15,56,71
WBGene00007456,7,11,18
WBGene00007457,0,6,6
WBGene00007458,2,3,5
WBGene00007459,0,0,0
WBGene00007460,247,6545,6792
WBGene00007462,19,81,100
WBGene00007463,31,5351,5382
WBGene00007464,18,353,371
WBGene00007465,31,15,46
WBGene00007466,1,19,20
WBGene00007467,0,26,26
WBGene00007469,4,10,14
WBGene00007470,0,4,4
WBGene00007471,4,6,10
WBGene00007472,2,13,15
WBGene00007473,0,5,5
WBGene00007474,30,555,585
WBGene00007476,332,3015,3347
WBGene00007478,4,9,13
WBGene00007479,8,16,24
WBGene00007480,856,1317,2173
WBGene00007482,20,164,184
WBGene00007483,9,83,92
WBGene00007484,8,137,145
WBGene00007485,42,31,73
WBGene00007486,134,471,605
WBGene00007487,35,435,470
WBGene00007488,462,1595,2057
WBGene00007489,8,30,38
WBGene00007490,124,653,777
WBGene00007492,468,3909,4377
WBGene00007493,22,1263,1285
WBGene00007494,3,5,8
WBGene00007495,199,914,1113
WBGene00007496,8,1,9
WBGene00007497,1,0,1
WBGene00007499,475,755,1230
WBGene00007500,236,3418,3654
WBGene00007501,12,44,56
WBGene00007502,94,291,385
WBGene00007503,14,49,63
WBGene00007504,13,450,463
WBGene00007505,759,3329,4088
WBGene00007506,34,126,160
WBGene00007507,2,14,16
WBGene00007508,1,17,18
WBGene00007509,2,1,3
WBGene00007511,92,1376,1468
WBGene00007512,4,4,8
WBGene00007513,206,1525,1731
WBGene00007514,134,2920,3054
WBGene00007515,6,370,376
WBGene00007516,69,4309,4378
WBGene00007517,131,5062,5193
WBGene00007518,33,131,164
WBGene00007520,76,806,882
WBGene00007521,12,23,35
WBGene00007522,5,27,32
WBGene00007523,14,1,15
WBGene00007525,46,870,916
WBGene00007528,37,345,382
WBGene00007529,54,530,584
WBGene00007530,11,30,41
WBGene00007531,52,690,742
WBGene00007532,20,251,271
WBGene00007533,16,109,125
WBGene00007534,147,13581,13728
WBGene00007535,0,30,30
WBGene00007536,14,155,169
WBGene00007537,59,4686,4745
WBGene00007538,7,43,50
WBGene00007540,3,11,14
WBGene00007541,14,1452,1466
WBGene00007542,2,40,42
WBGene00007543,0,21,21
WBGene00007544,26,899,925
WBGene00007545,313,825,1138
WBGene00007546,65,715,780
WBGene00007547,163,1421,1584
WBGene00007548,59,533,592
WBGene00007549,38,361,399
WBGene00007550,38,170,208
WBGene00007551,44,855,899
WBGene00007552,6,13,19
WBGene00007553,4,1187,1191
WBGene00007554,56,3119,3175
WBGene00007555,17,27092,27109
WBGene00007556,61,455,516
WBGene00007557,52,894,946
WBGene00007558,64,795,859
WBGene00007559,1,3,4
WBGene00007560,5,13,18
WBGene00007561,44,1387,1431
WBGene00007562,170,790,960
WBGene00007563,12,123,135
WBGene00007564,2,858,860
WBGene00007565,5,91,96
WBGene00007567,0,0,0
WBGene00007569,2,1,3
WBGene00007570,6,1,7
WBGene00007571,1,0,1
WBGene00007572,7,3,10
WBGene00007573,11,1172,1183
WBGene00007574,72,6201,6273
WBGene00007576,188,3188,3376
WBGene00007577,223,1551,1774
WBGene00007579,75,1382,1457
WBGene00007580,21,437,458
WBGene00007581,43,975,1018
WBGene00007583,116,585,701
WBGene00007584,5,25,30
WBGene00007585,49,499,548
WBGene00007586,99,13766,13865
WBGene00007587,35,2097,2132
WBGene00007588,54,3482,3536
WBGene00007589,8,371,379
WBGene00007590,214,2502,2716
WBGene00007591,61,775,836
WBGene00007592,647,4549,5196
WBGene00007593,279,1225,1504
WBGene00007594,18,707,725
WBGene00007595,21,165,186
WBGene00007597,95,112,207
WBGene00007598,3,23,26
WBGene00007599,369,2092,2461
WBGene00007600,2,31,33
WBGene00007601,1,9,10
WBGene00007602,550,2141,2691
WBGene00007603,65,483,548
WBGene00007604,18,1303,1321
WBGene00007605,5,171,176
WBGene00007606,53,1312,1365
WBGene00007607,17,324,341
WBGene00007608,20,186,206
WBGene00007609,32,2292,2324
WBGene00007610,1,5,6
WBGene00007611,3,21,24
WBGene00007613,0,4,4
WBGene00007614,232,543,775
WBGene00007615,30,583,613
WBGene00007616,151,1832,1983
WBGene00007617,661,18956,19617
WBGene00007618,0,2,2
WBGene00007619,227,897,1124
WBGene00007620,1964,2645,4609
WBGene00007621,352,4078,4430
WBGene00007622,88,235,323
WBGene00007623,131,2232,2363
WBGene00007624,13,1010,1023
WBGene00007625,87,1892,1979
WBGene00007626,62,1679,1741
WBGene00007627,52,1969,2021
WBGene00007628,327,6121,6448
WBGene00007629,71,197,268
WBGene00007630,9,5781,5790
WBGene00007631,25,11,36
WBGene00007632,4,35,39
WBGene00007633,76,259,335
WBGene00007634,0,22,22
WBGene00007635,238,358,596
WBGene00007636,7,9,16
WBGene00007637,275,784,1059
WBGene00007638,0,0,0
WBGene00007639,5,31,36
WBGene00007640,343,1060,1403
WBGene00007641,1,10,11
WBGene00007642,4,41,45
WBGene00007643,54,388,442
WBGene00007644,16,212,228
WBGene00007645,700,3517,4217
WBGene00007646,188,4113,4301
WBGene00007647,1252,8809,10061
WBGene00007648,3,48,51
WBGene00007649,3,54,57
WBGene00007650,137,1151,1288
WBGene00007651,165,1322,1487
WBGene00007652,67,777,844
WBGene00007653,83,2305,2388
WBGene00007655,217,1,218
WBGene00007656,3,38,41
WBGene00007657,7,13,20
WBGene00007658,11,21,32
WBGene00007659,0,8,8
WBGene00007660,3,15,18
WBGene00007661,1,1,2
WBGene00007662,1,2,3
WBGene00007663,12,38,50
WBGene00007664,169,1403,1572
WBGene00007666,313,2847,3160
WBGene00007668,53,980,1033
WBGene00007669,3,11,14
WBGene00007670,38,179,217
WBGene00007672,24,139,163
WBGene00007673,0,0,0
WBGene00007674,2,7,9
WBGene00007675,52,362,414
WBGene00007678,2,0,2
WBGene00007679,57,1751,1808
WBGene00007680,261,2015,2276
WBGene00007681,230,1262,1492
WBGene00007682,6,105,111
WBGene00007683,628,10874,11502
WBGene00007684,536,7467,8003
WBGene00007685,162,2683,2845
WBGene00007686,16,1108,1124
WBGene00007687,17,75,92
WBGene00007688,2,10,12
WBGene00007689,118,3922,4040
WBGene00007690,445,641,1086
WBGene00007691,9,95,104
WBGene00007692,7,128,135
WBGene00007693,10,5,15
WBGene00007694,21,305,326
WBGene00007695,14,145,159
WBGene00007696,35,1840,1875
WBGene00007697,51,721,772
WBGene00007698,64,1079,1143
WBGene00007699,0,0,0
WBGene00007700,0,0,0
WBGene00007701,4,6,10
WBGene00007702,124,536,660
WBGene00007703,1140,3245,4385
WBGene00007704,31,217,248
WBGene00007705,15,1698,1713
WBGene00007706,140,2309,2449
WBGene00007707,37,2746,2783
WBGene00007708,0,0,0
WBGene00007709,31,3573,3604
WBGene00007710,44,1453,1497
WBGene00007711,23,2302,2325
WBGene00007712,6,1781,1787
WBGene00007713,0,12,12
WBGene00007714,0,1,1
WBGene00007716,2,36,38
WBGene00007717,16,56,72
WBGene00007718,0,2656,2656
WBGene00007719,0,4,4
WBGene00007720,4,876,880
WBGene00007722,73,1043,1116
WBGene00007723,24,105,129
WBGene00007724,16,33,49
WBGene00007725,61,800,861
WBGene00007726,33,174,207
WBGene00007727,2,2,4
WBGene00007728,17,103,120
WBGene00007729,9,29,38
WBGene00007730,106,6408,6514
WBGene00007731,11,951,962
WBGene00007732,2,339,341
WBGene00007733,0,21,21
WBGene00007734,7,28,35
WBGene00007735,5,3,8
WBGene00007736,76,937,1013
WBGene00007739,53,40,93
WBGene00007740,4,3,7
WBGene00007741,86,144,230
WBGene00007742,30,34,64
WBGene00007743,73,667,740
WBGene00007744,302,565,867
WBGene00007745,155,1040,1195
WBGene00007746,48,601,649
WBGene00007747,1,8,9
WBGene00007748,42,304,346
WBGene00007749,53,1900,1953
WBGene00007750,47,408,455
WBGene00007751,38,93,131
WBGene00007752,548,2898,3446
WBGene00007753,84,312,396
WBGene00007755,26,139,165
WBGene00007756,214,1147,1361
WBGene00007757,129,396,525
WBGene00007758,47,488,535
WBGene00007759,2,4,6
WBGene00007760,43,826,869
WBGene00007761,553,4423,4976
WBGene00007762,21,1597,1618
WBGene00007763,33,164,197
WBGene00007764,258,1891,2149
WBGene00007765,66,472,538
WBGene00007766,12,510,522
WBGene00007768,15,0,15
WBGene00007769,2,1,3
WBGene00007770,0,0,0
WBGene00007771,9,275,284
WBGene00007772,97,1190,1287
WBGene00007773,3,3,6
WBGene00007774,81,939,1020
WBGene00007775,179,332,511
WBGene00007776,107,1018,1125
WBGene00007777,5,11,16
WBGene00007778,17,28,45
WBGene00007779,95,878,973
WBGene00007780,29,441,470
WBGene00007784,49,3360,3409
WBGene00007785,32,2810,2842
WBGene00007786,135,8497,8632
WBGene00007787,24,2384,2408
WBGene00007788,42,531,573
WBGene00007789,46,391,437
WBGene00007791,17,95,112
WBGene00007792,0,6,6
WBGene00007793,0,7,7
WBGene00007794,2,6,8
WBGene00007795,0,0,0
WBGene00007796,35,329,364
WBGene00007797,54,445,499
WBGene00007799,435,1072,1507
WBGene00007800,26,80,106
WBGene00007801,309,893,1202
WBGene00007802,12,4,16
WBGene00007804,0,17,17
WBGene00007805,1,1,2
WBGene00007806,2,2,4
WBGene00007807,57,335,392
WBGene00007808,29,58,87
WBGene00007809,15,133,148
WBGene00007810,53,432,485
WBGene00007811,233,4276,4509
WBGene00007812,319,3248,3567
WBGene00007813,21,57,78
WBGene00007816,464,585,1049
WBGene00007817,466,1345,1811
WBGene00007818,27,201,228
WBGene00007819,11,304,315
WBGene00007820,62,302,364
WBGene00007822,3,10,13
WBGene00007823,13,25,38
WBGene00007824,1580,8789,10369
WBGene00007825,34,652,686
WBGene00007826,19,1615,1634
WBGene00007827,258,3825,4083
WBGene00007829,18,6,24
WBGene00007831,0,5,5
WBGene00007832,0,15,15
WBGene00007833,2,12,14
WBGene00007834,6,48,54
WBGene00007835,23,84,107
WBGene00007836,6,1588,1594
WBGene00007837,59,786,845
WBGene00007840,255,331,586
WBGene00007841,114,3614,3728
WBGene00007842,3,60,63
WBGene00007844,50,54,104
WBGene00007845,20,100,120
WBGene00007846,46,794,840
WBGene00007847,30,726,756
WBGene00007848,626,13450,14076
WBGene00007849,184,584,768
WBGene00007850,6,2,8
WBGene00007851,1,1,2
WBGene00007852,0,0,0
WBGene00007853,4,18,22
WBGene00007854,58,238,296
WBGene00007855,0,4603,4603
WBGene00007856,22,442,464
WBGene00007857,18,206,224
WBGene00007858,24,141,165
WBGene00007859,51,672,723
WBGene00007860,875,3258,4133
WBGene00007861,3,30,33
WBGene00007862,315,781,1096
WBGene00007863,13,12,25
WBGene00007864,5,13,18
WBGene00007865,5,2,7
WBGene00007866,8,129,137
WBGene00007867,47,952,999
WBGene00007868,6,404,410
WBGene00007869,2,12,14
WBGene00007870,40,480,520
WBGene00007871,0,0,0
WBGene00007872,0,0,0
WBGene00007873,0,0,0
WBGene00007874,0,0,0
WBGene00007875,47,1239,1286
WBGene00007876,1,1,2
WBGene00007877,559,5787,6346
WBGene00007878,616,1691,2307
WBGene00007880,2402,17194,19596
WBGene00007881,125,4978,5103
WBGene00007882,93,5087,5180
WBGene00007883,286,10979,11265
WBGene00007885,10,63,73
WBGene00007886,213,1604,1817
WBGene00007887,4,2,6
WBGene00007888,2,17,19
WBGene00007890,182,1933,2115
WBGene00007891,5,26,31
WBGene00007892,7,675,682
WBGene00007893,10,12,22
WBGene00007894,4,12,16
WBGene00007895,6,14,20
WBGene00007896,48,230,278
WBGene00007897,6,24,30
WBGene00007898,13,229,242
WBGene00007900,197,3368,3565
WBGene00007901,24,468,492
WBGene00007903,5,34,39
WBGene00007904,33,212,245
WBGene00007905,8,18,26
WBGene00007906,68,764,832
WBGene00007907,1078,1039,2117
WBGene00007908,315,1066,1381
WBGene00007909,68,209,277
WBGene00007910,6,40,46
WBGene00007911,64,1316,1380
WBGene00007912,91,1658,1749
WBGene00007913,21,90,111
WBGene00007914,104,1693,1797
WBGene00007916,11,256,267
WBGene00007917,77,897,974
WBGene00007918,65,1208,1273
WBGene00007919,1688,16144,17832
WBGene00007920,0,5,5
WBGene00007921,230,2983,3213
WBGene00007922,276,875,1151
WBGene00007923,205,2898,3103
WBGene00007924,202,4912,5114
WBGene00007925,25,161,186
WBGene00007926,45,88,133
WBGene00007927,100,1183,1283
WBGene00007928,10,121,131
WBGene00007929,29,243,272
WBGene00007930,0,1,1
WBGene00007931,271,3516,3787
WBGene00007932,239,1329,1568
WBGene00007933,31,589,620
WBGene00007934,107,1158,1265
WBGene00007935,96,169,265
WBGene00007937,41,304,345
WBGene00007938,2,53,55
WBGene00007939,35,481,516
WBGene00007941,38,228,266
WBGene00007942,121,1592,1713
WBGene00007943,34,556,590
WBGene00007944,125,1118,1243
WBGene00007945,43,440,483
WBGene00007946,47,202,249
WBGene00007947,19,38,57
WBGene00007948,62,50,112
WBGene00007949,5,62,67
WBGene00007950,328,1504,1832
WBGene00007951,230,537,767
WBGene00007952,42,2156,2198
WBGene00007953,156,660,816
WBGene00007954,16,33,49
WBGene00007955,64,4417,4481
WBGene00007956,79,797,876
WBGene00007957,15,156,171
WBGene00007958,1408,6061,7469
WBGene00007959,234,1217,1451
WBGene00007960,0,2,2
WBGene00007961,0,10,10
WBGene00007963,14,87,101
WBGene00007964,124,2102,2226
WBGene00007965,60,672,732
WBGene00007966,28,319,347
WBGene00007967,38,594,632
WBGene00007969,68,2674,2742
WBGene00007970,67,743,810
WBGene00007971,175,3039,3214
WBGene00007972,116,882,998
WBGene00007973,76,1583,1659
WBGene00007974,93,1268,1361
WBGene00007975,131,1478,1609
WBGene00007976,54,695,749
WBGene00007977,2,11,13
WBGene00007978,74,927,1001
WBGene00007979,53,1260,1313
WBGene00007980,292,12311,12603
WBGene00007981,142,2692,2834
WBGene00007982,219,960,1179
WBGene00007983,93,462,555
WBGene00007984,105,2666,2771
WBGene00007985,299,984,1283
WBGene00007986,0,4,4
WBGene00007987,0,1,1
WBGene00007988,12,47,59
WBGene00007989,3,127,130
WBGene00007990,1,182,183
WBGene00007991,88,504,592
WBGene00007992,2,46,48
WBGene00007993,79,3294,3373
WBGene00007994,55,216,271
WBGene00007995,9,1,10
WBGene00007996,5,0,5
WBGene00007997,5832,90,5922
WBGene00007998,2,1,3
WBGene00007999,5,13,18
WBGene00008000,111,2565,2676
WBGene00008001,3,1,4
WBGene00008002,57,336,393
WBGene00008003,16,307,323
WBGene00008005,78,1023,1101
WBGene00008006,262,1725,1987
WBGene00008007,7,93,100
WBGene00008008,218,848,1066
WBGene00008009,21,13,34
WBGene00008010,49,77,126
WBGene00008012,0,8,8
WBGene00008014,22,148,170
WBGene00008015,8,1,9
WBGene00008016,1,3,4
WBGene00008017,12,101,113
WBGene00008018,242,815,1057
WBGene00008019,53,795,848
WBGene00008020,6,258,264
WBGene00008021,14,139,153
WBGene00008022,40,184,224
WBGene00008023,4,149,153
WBGene00008024,1,20,21
WBGene00008025,6,150,156
WBGene00008027,189,2724,2913
WBGene00008028,97,607,704
WBGene00008029,0,4,4
WBGene00008030,0,4,4
WBGene00008031,19,94,113
WBGene00008032,341,8476,8817
WBGene00008033,673,1182,1855
WBGene00008034,446,6598,7044
WBGene00008035,55,2039,2094
WBGene00008036,0,0,0
WBGene00008037,71,326,397
WBGene00008038,9,50,59
WBGene00008039,17,259,276
WBGene00008040,779,13035,13814
WBGene00008041,187,4577,4764
WBGene00008042,17,143,160
WBGene00008043,31,154,185
WBGene00008044,35,384,419
WBGene00008045,47,276,323
WBGene00008047,47,176,223
WBGene00008049,5,4,9
WBGene00008050,29,454,483
WBGene00008051,108,720,828
WBGene00008052,176,2878,3054
WBGene00008053,46,2185,2231
WBGene00008054,17,6,23
WBGene00008056,2,1,3
WBGene00008057,1,7,8
WBGene00008058,0,5,5
WBGene00008059,0,0,0
WBGene00008060,0,0,0
WBGene00008061,18,375,393
WBGene00008062,49,801,850
WBGene00008063,1,26,27
WBGene00008064,645,181,826
WBGene00008065,50,265,315
WBGene00008066,0,71,71
WBGene00008067,2,3,5
WBGene00008068,1,2,3
WBGene00008069,0,0,0
WBGene00008070,6,583,589
WBGene00008071,12,20,32
WBGene00008072,3,23,26
WBGene00008073,1,337,338
WBGene00008074,5,27,32
WBGene00008075,15,50,65
WBGene00008076,46,382,428
WBGene00008077,5,22,27
WBGene00008078,52,431,483
WBGene00008079,13,39,52
WBGene00008080,7,167,174
WBGene00008081,355,1372,1727
WBGene00008082,129,726,855
WBGene00008084,2,23,25
WBGene00008085,35,868,903
WBGene00008086,2,35,37
WBGene00008087,4,1,5
WBGene00008088,0,7,7
WBGene00008089,732,6334,7066
WBGene00008090,1,1,2
WBGene00008091,5,18,23
WBGene00008092,0,6,6
WBGene00008093,70,92,162
WBGene00008094,455,577,1032
WBGene00008095,12,157,169
WBGene00008096,4,302,306
WBGene00008097,13,413,426
WBGene00008099,5,53,58
WBGene00008100,219,1390,1609
WBGene00008101,21,329,350
WBGene00008102,3,90,93
WBGene00008105,5,17,22
WBGene00008106,4,11,15
WBGene00008107,30,1258,1288
WBGene00008110,203,2734,2937
WBGene00008111,8,75,83
WBGene00008113,7,15,22
WBGene00008114,17,144,161
WBGene00008116,27,43,70
WBGene00008117,49,3854,3903
WBGene00008118,224,1521,1745
WBGene00008119,564,3395,3959
WBGene00008120,341,1489,1830
WBGene00008121,201,2955,3156
WBGene00008122,0,21,21
WBGene00008123,29,554,583
WBGene00008124,3,8,11
WBGene00008125,0,1,1
WBGene00008126,8,12,20
WBGene00008127,175,775,950
WBGene00008128,11,124,135
WBGene00008129,9,22,31
WBGene00008130,36,1253,1289
WBGene00008131,95,1414,1509
WBGene00008132,399,621,1020
WBGene00008133,421,1320,1741
WBGene00008134,66,695,761
WBGene00008136,82,1613,1695
WBGene00008137,3,136,139
WBGene00008138,3,63,66
WBGene00008139,51,2256,2307
WBGene00008140,704,868,1572
WBGene00008141,2,11,13
WBGene00008142,139,2054,2193
WBGene00008143,107,1936,2043
WBGene00008144,52,482,534
WBGene00008145,204,1322,1526
WBGene00008146,18,42,60
WBGene00008147,175,2146,2321
WBGene00008148,43,496,539
WBGene00008149,175,6499,6674
WBGene00008150,11,12,23
WBGene00008151,223,5927,6150
WBGene00008152,107,2222,2329
WBGene00008153,19,21,40
WBGene00008154,7,14,21
WBGene00008155,167,522,689
WBGene00008156,8,20,28
WBGene00008157,10,49,59
WBGene00008158,13,5,18
WBGene00008159,1,0,1
WBGene00008160,1,2,3
WBGene00008161,1,0,1
WBGene00008162,2,0,2
WBGene00008163,1,1,2
WBGene00008164,69,2708,2777
WBGene00008165,35,1592,1627
WBGene00008166,59,1217,1276
WBGene00008167,35,177,212
WBGene00008168,28,556,584
WBGene00008169,14,429,443
WBGene00008170,89,1534,1623
WBGene00008171,29,423,452
WBGene00008172,11,450,461
WBGene00008173,16,872,888
WBGene00008174,90,772,862
WBGene00008175,1,27,28
WBGene00008176,13,140,153
WBGene00008177,214,1820,2034
WBGene00008178,288,125,413
WBGene00008180,9,28,37
WBGene00008183,1661,3303,4964
WBGene00008184,2,20,22
WBGene00008185,38,13,51
WBGene00008186,14,15,29
WBGene00008187,11,4,15
WBGene00008188,8,14,22
WBGene00008190,7,5,12
WBGene00008191,250,12253,12503
WBGene00008194,164,1451,1615
WBGene00008195,170,1389,1559
WBGene00008196,154,2058,2212
WBGene00008197,109,1289,1398
WBGene00008198,28,2673,2701
WBGene00008199,15,174,189
WBGene00008200,17,208,225
WBGene00008201,4,10,14
WBGene00008202,2,197,199
WBGene00008203,20,115,135
WBGene00008204,47,1069,1116
WBGene00008205,281,7670,7951
WBGene00008206,193,1211,1404
WBGene00008207,4,15,19
WBGene00008208,26,211,237
WBGene00008209,0,11,11
WBGene00008210,0,57,57
WBGene00008211,0,2554,2554
WBGene00008212,8,85,93
WBGene00008213,994,136,1130
WBGene00008214,178,842,1020
WBGene00008215,12,859,871
WBGene00008216,22,49,71
WBGene00008217,0,1,1
WBGene00008218,25,2115,2140
WBGene00008219,19,1735,1754
WBGene00008220,9,437,446
WBGene00008221,42,462,504
WBGene00008222,20,206,226
WBGene00008223,10,11,21
WBGene00008224,687,6988,7675
WBGene00008225,153,6899,7052
WBGene00008226,469,4322,4791
WBGene00008227,395,2375,2770
WBGene00008228,30,1346,1376
WBGene00008229,560,18141,18701
WBGene00008230,114,517,631
WBGene00008231,3,13,16
WBGene00008232,34,816,850
WBGene00008233,12,1041,1053
WBGene00008234,14,275,289
WBGene00008235,27,313,340
WBGene00008236,90,390,480
WBGene00008237,161,1297,1458
WBGene00008238,33,1326,1359
WBGene00008239,55,1005,1060
WBGene00008240,7,10,17
WBGene00008241,1,3,4
WBGene00008242,1,20,21
WBGene00008243,0,3,3
WBGene00008244,1,6,7
WBGene00008245,3,58,61
WBGene00008246,16,264,280
WBGene00008247,17,7,24
WBGene00008248,13,99,112
WBGene00008249,43,36,79
WBGene00008250,26,57,83
WBGene00008251,90,140,230
WBGene00008252,11,78,89
WBGene00008254,242,3116,3358
WBGene00008255,385,3881,4266
WBGene00008256,59,259,318
WBGene00008257,3,215,218
WBGene00008258,41,1010,1051
WBGene00008259,0,9,9
WBGene00008260,21,226,247
WBGene00008261,31,76,107
WBGene00008262,830,58242,59072
WBGene00008263,114,95,209
WBGene00008265,264,404,668
WBGene00008266,54,1080,1134
WBGene00008267,10,240,250
WBGene00008268,2,0,2
WBGene00008269,7,162,169
WBGene00008270,313,274,587
WBGene00008271,22,24,46
WBGene00008272,172,203,375
WBGene00008273,52,681,733
WBGene00008274,769,7111,7880
WBGene00008275,77,1054,1131
WBGene00008277,39,15,54
WBGene00008278,65,260,325
WBGene00008279,104,1,105
WBGene00008280,40,103,143
WBGene00008281,49,847,896
WBGene00008283,58,692,750
WBGene00008284,45,303,348
WBGene00008285,9,8,17
WBGene00008286,6,9,15
WBGene00008287,67,387,454
WBGene00008288,87,1055,1142
WBGene00008289,2,0,2
WBGene00008290,4,2,6
WBGene00008291,1,1,2
WBGene00008292,2,2,4
WBGene00008293,1,0,1
WBGene00008294,1,168,169
WBGene00008295,0,0,0
WBGene00008296,203,2040,2243
WBGene00008297,2,3,5
WBGene00008298,5992,115670,121662
WBGene00008299,4,5,9
WBGene00008300,9,315,324
WBGene00008301,33,172,205
WBGene00008302,16,133,149
WBGene00008303,56,235,291
WBGene00008304,87,2014,2101
WBGene00008306,25,38,63
WBGene00008307,396,565,961
WBGene00008308,11,9,20
WBGene00008309,51,745,796
WBGene00008310,121,1135,1256
WBGene00008311,209,3922,4131
WBGene00008312,11,10,21
WBGene00008313,2,17,19
WBGene00008314,86,170,256
WBGene00008315,103,775,878
WBGene00008316,40,295,335
WBGene00008317,160,2054,2214
WBGene00008318,8,699,707
WBGene00008319,0,1,1
WBGene00008320,43,214,257
WBGene00008321,1,1,2
WBGene00008322,2,6,8
WBGene00008323,14,412,426
WBGene00008324,0,40,40
WBGene00008325,0,44,44
WBGene00008326,0,1,1
WBGene00008327,1,10,11
WBGene00008328,12,2,14
WBGene00008329,5,1,6
WBGene00008330,23,1337,1360
WBGene00008331,321,4102,4423
WBGene00008332,67,668,735
WBGene00008333,24,505,529
WBGene00008334,120,834,954
WBGene00008335,82,1568,1650
WBGene00008336,13,270,283
WBGene00008338,294,3673,3967
WBGene00008339,80,1837,1917
WBGene00008340,15,127,142
WBGene00008341,53,4438,4491
WBGene00008342,126,255,381
WBGene00008343,19,2914,2933
WBGene00008344,208,2454,2662
WBGene00008345,109,3191,3300
WBGene00008346,96,586,682
WBGene00008348,205,723,928
WBGene00008352,54,1263,1317
WBGene00008353,6,467,473
WBGene00008354,21,174,195
WBGene00008355,21,131,152
WBGene00008356,3,9408,9411
WBGene00008357,3,3619,3622
WBGene00008358,27,7755,7782
WBGene00008359,22,4805,4827
WBGene00008360,1,2667,2668
WBGene00008361,65,996,1061
WBGene00008362,127,1258,1385
WBGene00008363,23,767,790
WBGene00008364,24,873,897
WBGene00008365,13,38,51
WBGene00008366,1591,6122,7713
WBGene00008367,1,3,4
WBGene00008368,293,1621,1914
WBGene00008369,141,223,364
WBGene00008370,166,1220,1386
WBGene00008371,222,2778,3000
WBGene00008372,25,170,195
WBGene00008375,18,1748,1766
WBGene00008376,16,42,58
WBGene00008377,2,7,9
WBGene00008378,0,8,8
WBGene00008379,28,485,513
WBGene00008380,94,1501,1595
WBGene00008381,10,0,10
WBGene00008382,28,268,296
WBGene00008383,3,14,17
WBGene00008384,31,329,360
WBGene00008385,49,1275,1324
WBGene00008386,274,4488,4762
WBGene00008387,89,1027,1116
WBGene00008388,110,1629,1739
WBGene00008389,786,17516,18302
WBGene00008390,34,159,193
WBGene00008392,530,3281,3811
WBGene00008393,1,7,8
WBGene00008394,0,3,3
WBGene00008395,263,3228,3491
WBGene00008396,0,85,85
WBGene00008397,0,0,0
WBGene00008398,1111,14606,15717
WBGene00008399,130,1422,1552
WBGene00008400,160,1843,2003
WBGene00008401,26,45,71
WBGene00008402,53,2216,2269
WBGene00008403,76,748,824
WBGene00008404,32,1228,1260
WBGene00008405,24,1796,1820
WBGene00008407,419,1129,1548
WBGene00008408,40,1127,1167
WBGene00008409,33,1117,1150
WBGene00008410,56,1276,1332
WBGene00008411,175,1209,1384
WBGene00008412,263,2677,2940
WBGene00008413,46,1310,1356
WBGene00008414,392,14525,14917
WBGene00008415,154,7461,7615
WBGene00008417,107,1178,1285
WBGene00008418,61,591,652
WBGene00008419,1210,6990,8200
WBGene00008420,237,2800,3037
WBGene00008421,611,3666,4277
WBGene00008422,45,1474,1519
WBGene00008423,6,364,370
WBGene00008424,15,324,339
WBGene00008425,49,663,712
WBGene00008426,97,235,332
WBGene00008427,18,110,128
WBGene00008428,41,1037,1078
WBGene00008429,129,1513,1642
WBGene00008430,594,3105,3699
WBGene00008431,174,812,986
WBGene00008432,61,595,656
WBGene00008433,7,117,124
WBGene00008434,9,247,256
WBGene00008435,224,1870,2094
WBGene00008436,231,4343,4574
WBGene00008438,1245,3283,4528
WBGene00008439,856,8123,8979
WBGene00008440,6,296,302
WBGene00008441,271,530,801
WBGene00008442,302,998,1300
WBGene00008443,2485,1399,3884
WBGene00008444,1435,2801,4236
WBGene00008446,1000,9660,10660
WBGene00008447,35,563,598
WBGene00008448,3,35,38
WBGene00008449,13,69,82
WBGene00008450,44,1806,1850
WBGene00008451,13,63,76
WBGene00008452,185,4946,5131
WBGene00008453,269,3346,3615
WBGene00008454,30,1913,1943
WBGene00008455,429,7860,8289
WBGene00008456,5,413,418
WBGene00008457,58,363,421
WBGene00008458,76,1018,1094
WBGene00008459,47,716,763
WBGene00008460,65,42,107
WBGene00008462,52,687,739
WBGene00008463,14,55,69
WBGene00008464,0,0,0
WBGene00008468,35,168,203
WBGene00008470,1,1,2
WBGene00008471,2,4,6
WBGene00008472,9,3,12
WBGene00008473,3,0,3
WBGene00008474,0,6,6
WBGene00008475,9,6,15
WBGene00008476,101,326,427
WBGene00008477,4,1932,1936
WBGene00008478,0,7,7
WBGene00008479,1,1,2
WBGene00008480,147,5079,5226
WBGene00008481,46,218,264
WBGene00008482,3,30,33
WBGene00008483,6,25,31
WBGene00008484,8,1236,1244
WBGene00008485,8,92,100
WBGene00008486,48,3107,3155
WBGene00008488,18,247,265
WBGene00008489,35,72,107
WBGene00008490,21,354,375
WBGene00008491,73,137,210
WBGene00008492,20,385,405
WBGene00008493,2,14,16
WBGene00008494,5,12,17
WBGene00008495,67,1751,1818
WBGene00008496,23,23,46
WBGene00008497,8,3,11
WBGene00008498,39,259,298
WBGene00008499,215,2258,2473
WBGene00008500,51,74,125
WBGene00008502,178,1688,1866
WBGene00008503,41,1440,1481
WBGene00008504,15,858,873
WBGene00008505,1655,93314,94969
WBGene00008506,38,6039,6077
WBGene00008507,8,9,17
WBGene00008508,5,38,43
WBGene00008509,10,1009,1019
WBGene00008510,266,2787,3053
WBGene00008511,18,25,43
WBGene00008512,6,10,16
WBGene00008513,154,1573,1727
WBGene00008514,234,5066,5300
WBGene00008515,107,768,875
WBGene00008516,10,200,210
WBGene00008517,19,194,213
WBGene00008518,49,70,119
WBGene00008519,95,505,600
WBGene00008520,79,36,115
WBGene00008521,252,3870,4122
WBGene00008522,7,1695,1702
WBGene00008523,3,0,3
WBGene00008524,15,16,31
WBGene00008526,2,10,12
WBGene00008527,3,1,4
WBGene00008528,104,969,1073
WBGene00008529,11,48,59
WBGene00008530,338,7263,7601
WBGene00008531,125,1435,1560
WBGene00008532,133,2638,2771
WBGene00008533,213,1045,1258
WBGene00008535,2,17,19
WBGene00008536,3,3,6
WBGene00008538,912,10315,11227
WBGene00008539,7,7,14
WBGene00008540,11,4,15
WBGene00008541,4,17,21
WBGene00008542,24,476,500
WBGene00008543,25,231,256
WBGene00008545,28,26,54
WBGene00008546,93,836,929
WBGene00008547,111,692,803
WBGene00008548,101,1025,1126
WBGene00008549,856,9505,10361
WBGene00008550,10,38,48
WBGene00008551,3,25,28
WBGene00008552,0,4,4
WBGene00008553,3,110,113
WBGene00008554,38,1042,1080
WBGene00008555,2605,4471,7076
WBGene00008556,34,45,79
WBGene00008557,67,164,231
WBGene00008558,7,99,106
WBGene00008559,6,44,50
WBGene00008560,1,3,4
WBGene00008561,13,151,164
WBGene00008563,4,999,1003
WBGene00008564,89,736,825
WBGene00008565,118,126,244
WBGene00008566,11,15,26
WBGene00008567,4,45,49
WBGene00008568,39,49,88
WBGene00008569,39,937,976
WBGene00008570,864,1200,2064
WBGene00008571,156,298,454
WBGene00008572,2096,57816,59912
WBGene00008574,4,4,8
WBGene00008575,3,2,5
WBGene00008576,0,3495,3495
WBGene00008577,0,9772,9772
WBGene00008578,70,359,429
WBGene00008579,173,537,710
WBGene00008580,44,396,440
WBGene00008581,3,34,37
WBGene00008582,165,2815,2980
WBGene00008583,146,202,348
WBGene00008584,8,130,138
WBGene00008585,67,563,630
WBGene00008586,116,2500,2616
WBGene00008587,23,377,400
WBGene00008588,26,363,389
WBGene00008589,150,944,1094
WBGene00008590,0,18,18
WBGene00008591,109,14830,14939
WBGene00008592,1,388,389
WBGene00008593,1,15,16
WBGene00008594,13,217,230
WBGene00008595,14,112,126
WBGene00008596,25,281,306
WBGene00008597,29,199,228
WBGene00008598,25,10,35
WBGene00008599,24,177,201
WBGene00008600,806,143,949
WBGene00008601,3085,4919,8004
WBGene00008602,163,1293,1456
WBGene00008603,144,1563,1707
WBGene00008604,106,816,922
WBGene00008605,19,12,31
WBGene00008606,65,562,627
WBGene00008607,427,4797,5224
WBGene00008609,13,40,53
WBGene00008610,141,3020,3161
WBGene00008611,0,5,5
WBGene00008612,50,4,54
WBGene00008613,18,165,183
WBGene00008615,26,295,321
WBGene00008616,20,222,242
WBGene00008617,25,105,130
WBGene00008618,1,42,43
WBGene00008619,0,8,8
WBGene00008620,1,14,15
WBGene00008621,27,73,100
WBGene00008622,243,3160,3403
WBGene00008623,237,63,300
WBGene00008624,211,1685,1896
WBGene00008625,54,306,360
WBGene00008626,39,535,574
WBGene00008627,5,5,10
WBGene00008628,519,60731,61250
WBGene00008629,7,102,109
WBGene00008630,2,25,27
WBGene00008631,1,2,3
WBGene00008632,2,38,40
WBGene00008633,1,30,31
WBGene00008634,2,140,142
WBGene00008636,0,5,5
WBGene00008637,0,0,0
WBGene00008638,3,0,3
WBGene00008639,22,364,386
WBGene00008640,4,24,28
WBGene00008641,20,492,512
WBGene00008642,13,1913,1926
WBGene00008643,6,107,113
WBGene00008644,20,126,146
WBGene00008645,23,1250,1273
WBGene00008646,44,618,662
WBGene00008647,4,13,17
WBGene00008648,172,1770,1942
WBGene00008649,17,12,29
WBGene00008650,3,5,8
WBGene00008651,3,9,12
WBGene00008652,19,82,101
WBGene00008654,118,344,462
WBGene00008655,3,50,53
WBGene00008656,20,314,334
WBGene00008659,2,15,17
WBGene00008660,1,42,43
WBGene00008661,4,1,5
WBGene00008662,50,331,381
WBGene00008663,18,724,742
WBGene00008664,19,3100,3119
WBGene00008665,7892,2323,10215
WBGene00008666,291,2315,2606
WBGene00008667,174,1151,1325
WBGene00008668,22,10,32
WBGene00008669,36,435,471
WBGene00008670,264,909,1173
WBGene00008671,0,28,28
WBGene00008672,0,13,13
WBGene00008673,6,4,10
WBGene00008674,0,0,0
WBGene00008675,0,0,0
WBGene00008676,2,5,7
WBGene00008677,55,439,494
WBGene00008678,0,19,19
WBGene00008679,3,53,56
WBGene00008680,12,92,104
WBGene00008681,96,783,879
WBGene00008682,122,4411,4533
WBGene00008683,171,1924,2095
WBGene00008684,49,1175,1224
WBGene00008685,137,947,1084
WBGene00008686,70,739,809
WBGene00008687,25,708,733
WBGene00008688,337,3862,4199
WBGene00008690,180,1123,1303
WBGene00008691,13,653,666
WBGene00008692,33,162,195
WBGene00008693,9,209,218
WBGene00008694,244,1751,1995
WBGene00008695,30,89,119
WBGene00008696,2,1,3
WBGene00008698,2,4,6
WBGene00008699,2,0,2
WBGene00008700,0,0,0
WBGene00008701,2,1,3
WBGene00008702,1,0,1
WBGene00008703,0,1,1
WBGene00008706,922,3668,4590
WBGene00008707,25,5880,5905
WBGene00008708,11,4,15
WBGene00008709,52,359,411
WBGene00008710,20,1197,1217
WBGene00008711,472,954,1426
WBGene00008712,30,853,883
WBGene00008713,41,133,174
WBGene00008714,64,172,236
WBGene00008716,2,4,6
WBGene00008717,0,1,1
WBGene00008719,3,27,30
WBGene00008720,61,2359,2420
WBGene00008722,33,1063,1096
WBGene00008724,2,5,7
WBGene00008725,2,3,5
WBGene00008726,224,2598,2822
WBGene00008727,19,57,76
WBGene00008728,8,20,28
WBGene00008729,273,7036,7309
WBGene00008730,50,163,213
WBGene00008731,83,197,280
WBGene00008732,19,2,21
WBGene00008733,82,1147,1229
WBGene00008734,3,18,21
WBGene00008735,368,841,1209
WBGene00008736,13,95,108
WBGene00008737,1,25,26
WBGene00008739,22,209,231
WBGene00008740,11,875,886
WBGene00008741,213,3053,3266
WBGene00008742,77,931,1008
WBGene00008743,8,98,106
WBGene00008744,229,2146,2375
WBGene00008745,222,6362,6584
WBGene00008746,329,544,873
WBGene00008747,14,337,351
WBGene00008748,68,2621,2689
WBGene00008749,53,439,492
WBGene00008750,639,1214,1853
WBGene00008751,0,8,8
WBGene00008752,0,3,3
WBGene00008753,2,3,5
WBGene00008754,2,4,6
WBGene00008755,20,54,74
WBGene00008757,2,395,397
WBGene00008758,5,35,40
WBGene00008759,0,2,2
WBGene00008760,44,1414,1458
WBGene00008761,28,363,391
WBGene00008762,3,751,754
WBGene00008763,46,136,182
WBGene00008764,24,1073,1097
WBGene00008765,92,1972,2064
WBGene00008766,285,3150,3435
WBGene00008767,34,1612,1646
WBGene00008768,423,4122,4545
WBGene00008769,48,1984,2032
WBGene00008770,60,981,1041
WBGene00008772,1,6,7
WBGene00008773,209,3721,3930
WBGene00008774,32,607,639
WBGene00008775,163,962,1125
WBGene00008776,29,150,179
WBGene00008777,428,9373,9801
WBGene00008778,4,10,14
WBGene00008779,152,552,704
WBGene00008780,261,2285,2546
WBGene00008781,132,1474,1606
WBGene00008782,1,10,11
WBGene00008783,360,2433,2793
WBGene00008784,2,14,16
WBGene00008785,10,30,40
WBGene00008786,2,4,6
WBGene00008787,33,297,330
WBGene00008788,1,4,5
WBGene00008789,11,51,62
WBGene00008790,1,9,10
WBGene00008792,1,2,3
WBGene00008793,8,30,38
WBGene00008794,0,4,4
WBGene00008795,7,125,132
WBGene00008796,3,5,8
WBGene00008797,1,2,3
WBGene00008798,4,141,145
WBGene00008799,6,50,56
WBGene00008800,111,2927,3038
WBGene00008801,11,13,24
WBGene00008802,59,512,571
WBGene00008803,978,5228,6206
WBGene00008804,4,5,9
WBGene00008805,44,799,843
WBGene00008806,25,487,512
WBGene00008807,15,39,54
WBGene00008808,26,53,79
WBGene00008809,70,30,100
WBGene00008810,2041,12605,14646
WBGene00008811,39,76,115
WBGene00008812,36,230,266
WBGene00008814,6,24,30
WBGene00008815,1,3,4
WBGene00008816,2,1,3
WBGene00008817,0,0,0
WBGene00008818,0,5,5
WBGene00008819,462,1105,1567
WBGene00008820,42,4547,4589
WBGene00008821,11,25,36
WBGene00008822,4,9,13
WBGene00008823,1,3,4
WBGene00008824,5,4,9
WBGene00008825,0,2,2
WBGene00008826,3,14,17
WBGene00008828,0,0,0
WBGene00008829,1,4,5
WBGene00008830,2,160,162
WBGene00008831,144,1164,1308
WBGene00008832,371,4662,5033
WBGene00008833,5,677,682
WBGene00008834,7,1510,1517
WBGene00008835,9,582,591
WBGene00008837,19,15,34
WBGene00008838,16,55,71
WBGene00008839,4,19,23
WBGene00008840,4,638,642
WBGene00008841,6679,77548,84227
WBGene00008843,0,1,1
WBGene00008844,1,2,3
WBGene00008847,3,11,14
WBGene00008848,14,778,792
WBGene00008849,52,56,108
WBGene00008850,8,13,21
WBGene00008851,28,110,138
WBGene00008852,1264,3434,4698
WBGene00008853,5,5,10
WBGene00008854,18,3,21
WBGene00008855,5,7,12
WBGene00008856,833,2013,2846
WBGene00008857,43,29376,29419
WBGene00008858,13,42,55
WBGene00008859,6,2552,2558
WBGene00008860,254,2507,2761
WBGene00008861,56,1553,1609
WBGene00008862,15,68,83
WBGene00008863,6,13,19
WBGene00008865,39,1450,1489
WBGene00008866,15,17,32
WBGene00008868,231,233,464
WBGene00008869,9,52,61
WBGene00008870,2,4,6
WBGene00008871,9,27,36
WBGene00008872,6,1,7
WBGene00008874,27,91,118
WBGene00008875,9,61,70
WBGene00008876,560,2693,3253
WBGene00008877,81,842,923
WBGene00008878,2928,4634,7562
WBGene00008879,55,173,228
WBGene00008880,62,593,655
WBGene00008881,0,1,1
WBGene00008882,77,1195,1272
WBGene00008883,6,80,86
WBGene00008884,7,40,47
WBGene00008885,64,824,888
WBGene00008886,1206,5450,6656
WBGene00008887,79,1451,1530
WBGene00008889,7,13,20
WBGene00008890,75,373,448
WBGene00008891,0,57,57
WBGene00008892,2,8,10
WBGene00008893,7,1,8
WBGene00008894,14,11,25
WBGene00008897,65,663,728
WBGene00008898,1,0,1
WBGene00008899,28,1,29
WBGene00008900,55,621,676
WBGene00008901,1665,17,1682
WBGene00008902,21,109,130
WBGene00008903,9,25,34
WBGene00008904,0,15,15
WBGene00008905,54,926,980
WBGene00008906,0,4,4
WBGene00008907,2,2,4
WBGene00008908,4,4,8
WBGene00008909,1,0,1
WBGene00008910,223,4552,4775
WBGene00008911,0,0,0
WBGene00008912,6,148,154
WBGene00008914,168,9648,9816
WBGene00008915,600,34467,35067
WBGene00008916,222,349,571
WBGene00008917,64,238,302
WBGene00008918,7,635,642
WBGene00008919,268,3634,3902
WBGene00008920,16184,173293,189477
WBGene00008921,107,1487,1594
WBGene00008922,785,17715,18500
WBGene00008923,374,955,1329
WBGene00008924,95,440,535
WBGene00008925,177,2594,2771
WBGene00008926,648,8749,9397
WBGene00008927,331,1700,2031
WBGene00008928,6,1,7
WBGene00008929,55,127,182
WBGene00008930,364,3878,4242
WBGene00008932,387,930,1317
WBGene00008934,243,2603,2846
WBGene00008935,24,62,86
WBGene00008936,14,102,116
WBGene00008937,1,19,20
WBGene00008939,293,2492,2785
WBGene00008940,178,1376,1554
WBGene00008944,19,117,136
WBGene00008945,4,98,102
WBGene00008946,13,3,16
WBGene00008947,9,3,12
WBGene00008948,215,3296,3511
WBGene00008949,2,36,38
WBGene00008950,1,2,3
WBGene00008951,303,1625,1928
WBGene00008952,105,447,552
WBGene00008953,108,389,497
WBGene00008954,15,136,151
WBGene00008955,21,33,54
WBGene00008956,47,215,262
WBGene00008957,33,411,444
WBGene00008958,0,1,1
WBGene00008959,0,1,1
WBGene00008960,1,2,3
WBGene00008961,12,390,402
WBGene00008963,25,780,805
WBGene00008964,81,153,234
WBGene00008965,16,15,31
WBGene00008967,1,5,6
WBGene00008968,19,200,219
WBGene00008969,293,1625,1918
WBGene00008970,79,946,1025
WBGene00008971,99,3670,3769
WBGene00008972,5,3,8
WBGene00008973,35,2402,2437
WBGene00008974,234,1970,2204
WBGene00008975,54,2510,2564
WBGene00008976,1,162,163
WBGene00008977,30,202,232
WBGene00008978,37,381,418
WBGene00008979,44,861,905
WBGene00008980,101,2824,2925
WBGene00008981,0,0,0
WBGene00008982,0,0,0
WBGene00008983,2,2,4
WBGene00008984,0,2,2
WBGene00008985,37,273,310
WBGene00008986,96,736,832
WBGene00008987,60,406,466
WBGene00008988,24,59,83
WBGene00008989,57,439,496
WBGene00008990,127,2447,2574
WBGene00008991,150,80,230
WBGene00008992,0,44,44
WBGene00008993,73,555,628
WBGene00008994,4,100,104
WBGene00008995,265,628,893
WBGene00008996,45,200,245
WBGene00008997,142,246,388
WBGene00008998,74,428,502
WBGene00008999,1238,5777,7015
WBGene00009000,33,196,229
WBGene00009001,5,9,14
WBGene00009002,69,1400,1469
WBGene00009004,480,16457,16937
WBGene00009005,46,27,73
WBGene00009006,17,527,544
WBGene00009007,44,1248,1292
WBGene00009008,61,358,419
WBGene00009009,7,247,254
WBGene00009010,82,1739,1821
WBGene00009011,40,1370,1410
WBGene00009012,89,2744,2833
WBGene00009013,57,2009,2066
WBGene00009014,1,46,47
WBGene00009015,29,46,75
WBGene00009016,16,3,19
WBGene00009017,0,0,0
WBGene00009018,22,182,204
WBGene00009021,1,3,4
WBGene00009022,20,42,62
WBGene00009023,71,590,661
WBGene00009024,3,3,6
WBGene00009025,92,527,619
WBGene00009026,10,132,142
WBGene00009027,88,682,770
WBGene00009028,64,270,334
WBGene00009029,1,46,47
WBGene00009030,87,683,770
WBGene00009031,7,76,83
WBGene00009032,6,7,13
WBGene00009033,54,720,774
WBGene00009035,36,338,374
WBGene00009036,0,1,1
WBGene00009038,88,2,90
WBGene00009039,7,21,28
WBGene00009041,1,13,14
WBGene00009042,12,411,423
WBGene00009043,0,1,1
WBGene00009044,4,11,15
WBGene00009045,23,1472,1495
WBGene00009046,0,1,1
WBGene00009048,16,1129,1145
WBGene00009049,73,2172,2245
WBGene00009050,858,29704,30562
WBGene00009051,250,4735,4985
WBGene00009052,138,3224,3362
WBGene00009054,163,1619,1782
WBGene00009056,82,905,987
WBGene00009057,142,521,663
WBGene00009058,93,2131,2224
WBGene00009059,43,313,356
WBGene00009060,143,364,507
WBGene00009061,10,39,49
WBGene00009063,2,7,9
WBGene00009064,56,511,567
WBGene00009065,566,2262,2828
WBGene00009067,0,14,14
WBGene00009068,51,527,578
WBGene00009069,0,614,614
WBGene00009070,3603,77,3680
WBGene00009073,33,27,60
WBGene00009075,15,29,44
WBGene00009077,3,83,86
WBGene00009078,442,2060,2502
WBGene00009079,0,4,4
WBGene00009081,103,2227,2330
WBGene00009082,46,3951,3997
WBGene00009084,71,3196,3267
WBGene00009085,11,24,35
WBGene00009086,3,10,13
WBGene00009087,5,312,317
WBGene00009088,4,0,4
WBGene00009089,15,112,127
WBGene00009090,53,1288,1341
WBGene00009091,63,1883,1946
WBGene00009092,55,3978,4033
WBGene00009093,221,1820,2041
WBGene00009094,113,491,604
WBGene00009095,68,360,428
WBGene00009096,274,34262,34536
WBGene00009097,156,43103,43259
WBGene00009098,1013,3561,4574
WBGene00009099,25,14,39
WBGene00009100,92,635,727
WBGene00009101,23,213,236
WBGene00009102,16,534,550
WBGene00009103,192,6044,6236
WBGene00009106,112,1795,1907
WBGene00009107,134,378,512
WBGene00009108,8,19,27
WBGene00009109,184,606,790
WBGene00009110,9,435,444
WBGene00009112,41,2394,2435
WBGene00009113,18,96,114
WBGene00009114,16,7,23
WBGene00009115,60,89,149
WBGene00009116,85,1717,1802
WBGene00009117,4,10,14
WBGene00009118,30,1344,1374
WBGene00009119,600,136125,136725
WBGene00009120,249,3254,3503
WBGene00009121,20,810,830
WBGene00009122,127,64706,64833
WBGene00009123,54,387,441
WBGene00009124,93,837,930
WBGene00009125,34,161,195
WBGene00009126,433,7853,8286
WBGene00009127,186,2793,2979
WBGene00009128,0,750,750
WBGene00009129,8,25,33
WBGene00009130,7,637,644
WBGene00009131,97,1216,1313
WBGene00009132,27,1610,1637
WBGene00009133,16,184,200
WBGene00009134,13,12,25
WBGene00009135,20,228,248
WBGene00009136,9,18,27
WBGene00009137,38,1098,1136
WBGene00009138,14,844,858
WBGene00009139,169,3934,4103
WBGene00009140,451,4402,4853
WBGene00009141,841,5414,6255
WBGene00009142,193,15798,15991
WBGene00009143,20,70,90
WBGene00009144,9,61,70
WBGene00009145,216,1495,1711
WBGene00009146,9,66,75
WBGene00009147,37,5,42
WBGene00009148,8,13,21
WBGene00009149,2,4,6
WBGene00009150,0,1,1
WBGene00009151,0,3,3
WBGene00009152,0,5,5
WBGene00009153,10,95,105
WBGene00009154,0,3,3
WBGene00009155,13,50,63
WBGene00009156,5,105,110
WBGene00009157,61,228,289
WBGene00009158,197,1189,1386
WBGene00009159,74,2335,2409
WBGene00009160,12,2,14
WBGene00009161,722,32205,32927
WBGene00009162,731,620,1351
WBGene00009163,67,492,559
WBGene00009164,71,3904,3975
WBGene00009165,11,1428,1439
WBGene00009166,26,68,94
WBGene00009167,0,0,0
WBGene00009168,3,56,59
WBGene00009169,1,14,15
WBGene00009170,0,20,20
WBGene00009171,8,3,11
WBGene00009172,435,1108,1543
WBGene00009173,21,291,312
WBGene00009174,307,2701,3008
WBGene00009176,27,1547,1574
WBGene00009177,69,1016,1085
WBGene00009178,33,27,60
WBGene00009179,235,1691,1926
WBGene00009180,2911,49251,52162
WBGene00009182,60,208,268
WBGene00009183,45,200,245
WBGene00009184,3,48,51
WBGene00009185,3,5,8
WBGene00009186,9,159,168
WBGene00009187,304,2622,2926
WBGene00009188,76,2663,2739
WBGene00009189,286,4097,4383
WBGene00009190,216,961,1177
WBGene00009191,4,1214,1218
WBGene00009192,388,1896,2284
WBGene00009193,11,28,39
WBGene00009194,80,86,166
WBGene00009195,1,0,1
WBGene00009196,11,0,11
WBGene00009197,0,2,2
WBGene00009198,0,0,0
WBGene00009199,3,4,7
WBGene00009200,241,2548,2789
WBGene00009201,94,1813,1907
WBGene00009202,1,47,48
WBGene00009203,9,377,386
WBGene00009204,103,331,434
WBGene00009205,36,406,442
WBGene00009207,11,910,921
WBGene00009208,50,137,187
WBGene00009209,2,11,13
WBGene00009211,26,2702,2728
WBGene00009212,3,62,65
WBGene00009213,0,27,27
WBGene00009214,0,3,3
WBGene00009215,0,6,6
WBGene00009216,0,859,859
WBGene00009217,27,46,73
WBGene00009218,74,432,506
WBGene00009219,133,3158,3291
WBGene00009220,568,215,783
WBGene00009221,133,4796,4929
WBGene00009222,0,1700,1700
WBGene00009223,48,876,924
WBGene00009224,149,216,365
WBGene00009225,120,402,522
WBGene00009226,27,3027,3054
WBGene00009227,14,208,222
WBGene00009228,18,17,35
WBGene00009229,8,24,32
WBGene00009231,62,251,313
WBGene00009232,5,12,17
WBGene00009233,74,675,749
WBGene00009234,181,616,797
WBGene00009235,3,12,15
WBGene00009236,51,1097,1148
WBGene00009237,3,861,864
WBGene00009238,3,13,16
WBGene00009239,45,365,410
WBGene00009240,47,108,155
WBGene00009241,36,770,806
WBGene00009242,15,81,96
WBGene00009243,31,1196,1227
WBGene00009245,233,1410,1643
WBGene00009246,123,5303,5426
WBGene00009247,3,51,54
WBGene00009248,0,84,84
WBGene00009250,3,89,92
WBGene00009251,8,12,20
WBGene00009252,8,9,17
WBGene00009254,100,2581,2681
WBGene00009255,21,19,40
WBGene00009256,171,2130,2301
WBGene00009257,52,193,245
WBGene00009258,158,1290,1448
WBGene00009259,145,4583,4728
WBGene00009260,65,1239,1304
WBGene00009261,2,11,13
WBGene00009262,81,2339,2420
WBGene00009263,22,41,63
WBGene00009264,279,2860,3139
WBGene00009266,353,24408,24761
WBGene00009267,69,2832,2901
WBGene00009268,2,15,17
WBGene00009269,5,4,9
WBGene00009270,30,992,1022
WBGene00009271,292,633,925
WBGene00009272,14,602,616
WBGene00009274,63,800,863
WBGene00009276,40,786,826
WBGene00009277,284,724,1008
WBGene00009278,35,85,120
WBGene00009279,3,1,4
WBGene00009280,2,321,323
WBGene00009281,2,1,3
WBGene00009283,17,296,313
WBGene00009284,196,1375,1571
WBGene00009285,116,2494,2610
WBGene00009286,101,582,683
WBGene00009287,116,1117,1233
WBGene00009288,171,443,614
WBGene00009289,82,3509,3591
WBGene00009290,60,1683,1743
WBGene00009291,389,4893,5282
WBGene00009292,30,128,158
WBGene00009293,4,73,77
WBGene00009294,315,6056,6371
WBGene00009296,22,428,450
WBGene00009297,1,7,8
WBGene00009298,0,0,0
WBGene00009299,17,234,251
WBGene00009300,1,1,2
WBGene00009301,2,0,2
WBGene00009302,1,0,1
WBGene00009303,3,2,5
WBGene00009304,525,1395,1920
WBGene00009305,110,1737,1847
WBGene00009306,27,2725,2752
WBGene00009307,91,5510,5601
WBGene00009308,3,36,39
WBGene00009311,24,42,66
WBGene00009312,704,67,771
WBGene00009313,2,5,7
WBGene00009314,396,1150,1546
WBGene00009315,334,1151,1485
WBGene00009316,4,51,55
WBGene00009318,1,1,2
WBGene00009319,81,2469,2550
WBGene00009320,287,1646,1933
WBGene00009321,1,0,1
WBGene00009322,93,1880,1973
WBGene00009323,22,596,618
WBGene00009324,9,29,38
WBGene00009325,244,1434,1678
WBGene00009326,7,46,53
WBGene00009327,1,6,7
WBGene00009328,0,11,11
WBGene00009329,57,819,876
WBGene00009330,23,1280,1303
WBGene00009331,8,133,141
WBGene00009332,2,123,125
WBGene00009333,52,1234,1286
WBGene00009334,122,572,694
WBGene00009335,6,271,277
WBGene00009336,33,1307,1340
WBGene00009337,691,3452,4143
WBGene00009338,19,8,27
WBGene00009339,4,190,194
WBGene00009340,209,3318,3527
WBGene00009341,18,797,815
WBGene00009342,150,1644,1794
WBGene00009343,38,714,752
WBGene00009344,1,1,2
WBGene00009345,11,3,14
WBGene00009346,54,489,543
WBGene00009347,120,801,921
WBGene00009349,1,2936,2937
WBGene00009350,39,219,258
WBGene00009352,45,1270,1315
WBGene00009353,109,6107,6216
WBGene00009354,174,524,698
WBGene00009355,10,201,211
WBGene00009356,14,12,26
WBGene00009357,22,36,58
WBGene00009358,120,1221,1341
WBGene00009359,9,25,34
WBGene00009360,21,61,82
WBGene00009361,45,230,275
WBGene00009362,4,24,28
WBGene00009363,0,9,9
WBGene00009364,18,1585,1603
WBGene00009365,104,1738,1842
WBGene00009366,83,608,691
WBGene00009367,73,1767,1840
WBGene00009368,114,1653,1767
WBGene00009369,100,960,1060
WBGene00009370,60,226,286
WBGene00009371,12,29,41
WBGene00009372,289,1663,1952
WBGene00009373,76,911,987
WBGene00009374,208,3093,3301
WBGene00009375,178,644,822
WBGene00009377,1,0,1
WBGene00009378,9,5,14
WBGene00009379,4,563,567
WBGene00009380,135,3126,3261
WBGene00009381,11,33,44
WBGene00009382,10,4,14
WBGene00009383,1799,37644,39443
WBGene00009384,5,324,329
WBGene00009385,71,2651,2722
WBGene00009386,20,805,825
WBGene00009387,57,301,358
WBGene00009388,393,6252,6645
WBGene00009389,281,2832,3113
WBGene00009390,34,107,141
WBGene00009391,2,2,4
WBGene00009392,3,0,3
WBGene00009393,43,1091,1134
WBGene00009394,994,22075,23069
WBGene00009395,7,8,15
WBGene00009396,218,4047,4265
WBGene00009397,24,366,390
WBGene00009398,0,99,99
WBGene00009399,71,770,841
WBGene00009400,16,40,56
WBGene00009401,1,39,40
WBGene00009402,3,3,6
WBGene00009403,25,374,399
WBGene00009404,9,324,333
WBGene00009405,44,1256,1300
WBGene00009406,68,521,589
WBGene00009408,209,2266,2475
WBGene00009409,2,237,239
WBGene00009410,0,3,3
WBGene00009412,0,1,1
WBGene00009413,12,25,37
WBGene00009415,0,9,9
WBGene00009416,10,109,119
WBGene00009417,1,0,1
WBGene00009418,1,13,14
WBGene00009419,0,0,0
WBGene00009420,0,0,0
WBGene00009421,0,0,0
WBGene00009422,0,0,0
WBGene00009423,0,5790,5790
WBGene00009424,21,62,83
WBGene00009426,19,8,27
WBGene00009427,12,81,93
WBGene00009429,22,51,73
WBGene00009430,132,1371,1503
WBGene00009431,28,81,109
WBGene00009432,99,977,1076
WBGene00009433,371,2206,2577
WBGene00009434,150,1315,1465
WBGene00009435,432,2800,3232
WBGene00009436,15,4030,4045
WBGene00009437,80,338,418
WBGene00009438,7,5,12
WBGene00009439,242,1836,2078
WBGene00009440,203,7835,8038
WBGene00009441,43,803,846
WBGene00009442,48,438,486
WBGene00009443,57,975,1032
WBGene00009444,16,758,774
WBGene00009445,35,1770,1805
WBGene00009446,10,110,120
WBGene00009447,38,744,782
WBGene00009448,38,2026,2064
WBGene00009449,13,58,71
WBGene00009450,18,1277,1295
WBGene00009451,184,3176,3360
WBGene00009452,367,3400,3767
WBGene00009453,40,396,436
WBGene00009454,3052,55681,58733
WBGene00009455,269,3035,3304
WBGene00009456,166,1321,1487
WBGene00009457,20,338,358
WBGene00009458,2,5,7
WBGene00009459,3,59,62
WBGene00009460,331,5653,5984
WBGene00009461,100,479,579
WBGene00009462,171,248,419
WBGene00009463,1,0,1
WBGene00009464,635,340,975
WBGene00009465,6,15,21
WBGene00009466,47,854,901
WBGene00009467,4,5,9
WBGene00009468,27,138,165
WBGene00009469,46,522,568
WBGene00009470,1,0,1
WBGene00009471,2,13,15
WBGene00009473,0,0,0
WBGene00009475,564,7044,7608
WBGene00009476,795,12932,13727
WBGene00009477,2014,9441,11455
WBGene00009478,98,2518,2616
WBGene00009479,88,1753,1841
WBGene00009480,13,78,91
WBGene00009481,4,207,211
WBGene00009482,60,701,761
WBGene00009483,3,229,232
WBGene00009484,264,645,909
WBGene00009485,13,57,70
WBGene00009486,40,476,516
WBGene00009487,5,27,32
WBGene00009488,2,0,2
WBGene00009489,0,11,11
WBGene00009490,13,155,168
WBGene00009491,16,8,24
WBGene00009492,2,10,12
WBGene00009493,2,97,99
WBGene00009494,0,18,18
WBGene00009495,43,59,102
WBGene00009496,7,38,45
WBGene00009497,1,8,9
WBGene00009498,750,2138,2888
WBGene00009499,361,1698,2059
WBGene00009500,68,1076,1144
WBGene00009501,12,1,13
WBGene00009502,4,1,5
WBGene00009503,237,5389,5626
WBGene00009504,8,213,221
WBGene00009505,32,1917,1949
WBGene00009507,197,1388,1585
WBGene00009508,137,1734,1871
WBGene00009509,22,203,225
WBGene00009510,1,14,15
WBGene00009511,131,117,248
WBGene00009512,20,1231,1251
WBGene00009513,9,13,22
WBGene00009514,432,4824,5256
WBGene00009515,22,22,44
WBGene00009517,8,2,10
WBGene00009518,24,213,237
WBGene00009519,2,6,8
WBGene00009520,8,7,15
WBGene00009521,426,2015,2441
WBGene00009522,8,39,47
WBGene00009523,9,8,17
WBGene00009524,1,1,2
WBGene00009525,4,3,7
WBGene00009526,8,8,16
WBGene00009528,48,183,231
WBGene00009529,3,323,326
WBGene00009530,98,122,220
WBGene00009531,312,3363,3675
WBGene00009532,4224,10970,15194
WBGene00009533,29,415,444
WBGene00009534,252,6418,6670
WBGene00009535,30,40,70
WBGene00009536,39,161,200
WBGene00009537,2,18,20
WBGene00009538,0,1,1
WBGene00009539,0,2,2
WBGene00009540,3,9,12
WBGene00009541,65,65,130
WBGene00009542,37,1110,1147
WBGene00009543,24,202,226
WBGene00009544,372,1340,1712
WBGene00009546,2,29,31
WBGene00009547,152,1721,1873
WBGene00009548,9,17,26
WBGene00009549,1,3,4
WBGene00009550,2,4,6
WBGene00009551,23,331,354
WBGene00009552,117,1051,1168
WBGene00009553,20,660,680
WBGene00009554,11,970,981
WBGene00009556,59,517,576
WBGene00009557,53,430,483
WBGene00009558,263,1439,1702
WBGene00009559,8,1312,1320
WBGene00009560,154,620,774
WBGene00009561,30,62,92
WBGene00009562,459,11273,11732
WBGene00009563,92,1086,1178
WBGene00009565,117,2048,2165
WBGene00009566,0,0,0
WBGene00009567,2,0,2
WBGene00009568,1,0,1
WBGene00009569,2,12,14
WBGene00009571,1,14,15
WBGene00009572,0,33,33
WBGene00009573,0,8,8
WBGene00009574,514,3354,3868
WBGene00009575,9,2597,2606
WBGene00009576,21,203,224
WBGene00009577,412,6029,6441
WBGene00009578,460,18982,19442
WBGene00009579,283,446,729
WBGene00009580,443,5715,6158
WBGene00009581,8,56,64
WBGene00009582,144,1485,1629
WBGene00009583,144,3781,3925
WBGene00009584,4315,16583,20898
WBGene00009585,122,109,231
WBGene00009586,63,1628,1691
WBGene00009587,403,4775,5178
WBGene00009588,4673,2153,6826
WBGene00009589,2425,1020,3445
WBGene00009592,2,1,3
WBGene00009593,14,5,19
WBGene00009594,1944,4132,6076
WBGene00009595,128,2246,2374
WBGene00009596,7,20,27
WBGene00009597,7,26,33
WBGene00009599,0,1,1
WBGene00009600,44,5447,5491
WBGene00009601,44,435,479
WBGene00009602,0,16,16
WBGene00009603,1,2,3
WBGene00009604,0,0,0
WBGene00009605,1,0,1
WBGene00009606,0,0,0
WBGene00009607,0,2,2
WBGene00009608,3,3,6
WBGene00009609,3,2,5
WBGene00009610,0,0,0
WBGene00009611,99,174,273
WBGene00009612,0,32,32
WBGene00009613,4,0,4
WBGene00009614,21,88,109
WBGene00009615,0,0,0
WBGene00009616,8,6,14
WBGene00009617,43,369,412
WBGene00009618,17,223,240
WBGene00009619,53,374,427
WBGene00009620,109,533,642
WBGene00009621,0,3962,3962
WBGene00009622,53,119,172
WBGene00009623,1363,803,2166
WBGene00009624,412,1056,1468
WBGene00009625,16,88,104
WBGene00009626,87,936,1023
WBGene00009627,20,368,388
WBGene00009628,48,5604,5652
WBGene00009629,109,289,398
WBGene00009630,10,53,63
WBGene00009632,324,3174,3498
WBGene00009633,4,48,52
WBGene00009634,7,613,620
WBGene00009635,89,1949,2038
WBGene00009636,60,643,703
WBGene00009637,2,1247,1249
WBGene00009638,67,9665,9732
WBGene00009639,1,710,711
WBGene00009640,0,552,552
WBGene00009641,3,24,27
WBGene00009642,68,270,338
WBGene00009643,7,35,42
WBGene00009644,4,5,9
WBGene00009645,68,530,598
WBGene00009646,5,4,9
WBGene00009647,83,92,175
WBGene00009648,5,907,912
WBGene00009649,87,135,222
WBGene00009650,32,2180,2212
WBGene00009652,5,11,16
WBGene00009653,43,49,92
WBGene00009654,261,756,1017
WBGene00009657,203,1017,1220
WBGene00009658,0,6,6
WBGene00009659,2,7,9
WBGene00009660,1671,15845,17516
WBGene00009661,53,2834,2887
WBGene00009662,1,3,4
WBGene00009663,5,473,478
WBGene00009664,302,20320,20622
WBGene00009665,6,834,840
WBGene00009666,53,1447,1500
WBGene00009667,488,336,824
WBGene00009668,74,1634,1708
WBGene00009670,0,2,2
WBGene00009671,158,4836,4994
WBGene00009672,240,2898,3138
WBGene00009673,45,356,401
WBGene00009674,98,1165,1263
WBGene00009675,4,35,39
WBGene00009676,199,2242,2441
WBGene00009677,14,630,644
WBGene00009678,569,2409,2978
WBGene00009679,21,130,151
WBGene00009680,0,0,0
WBGene00009681,0,17,17
WBGene00009682,0,0,0
WBGene00009683,2,78,80
WBGene00009684,0,0,0
WBGene00009685,5,33,38
WBGene00009686,27,54,81
WBGene00009687,1,0,1
WBGene00009688,1199,13806,15005
WBGene00009689,0,2,2
WBGene00009690,12,5,17
WBGene00009691,0,5719,5719
WBGene00009692,0,6709,6709
WBGene00009695,13,8,21
WBGene00009696,26,124,150
WBGene00009698,2,21,23
WBGene00009700,294,3325,3619
WBGene00009701,4,539,543
WBGene00009702,32,625,657
WBGene00009704,1,0,1
WBGene00009705,1,2,3
WBGene00009706,6,77,83
WBGene00009707,2,10,12
WBGene00009708,8,2,10
WBGene00009709,118,212,330
WBGene00009710,1,6,7
WBGene00009711,669,7853,8522
WBGene00009712,6,6314,6320
WBGene00009713,152,1021,1173
WBGene00009714,0,64,64
WBGene00009715,36,1379,1415
WBGene00009716,36,261,297
WBGene00009717,383,2140,2523
WBGene00009720,0,2,2
WBGene00009721,22,34,56
WBGene00009722,20,1411,1431
WBGene00009723,34,5069,5103
WBGene00009724,32,7723,7755
WBGene00009725,0,7,7
WBGene00009726,76,227,303
WBGene00009727,26,185,211
WBGene00009728,1,68,69
WBGene00009729,31,203,234
WBGene00009730,718,5331,6049
WBGene00009731,92,1494,1586
WBGene00009732,171,3419,3590
WBGene00009733,12,562,574
WBGene00009734,64,1162,1226
WBGene00009735,30,255,285
WBGene00009736,258,1773,2031
WBGene00009738,202,520,722
WBGene00009739,974,5575,6549
WBGene00009740,463,14797,15260
WBGene00009741,128,1036,1164
WBGene00009742,125,257,382
WBGene00009743,76,402,478
WBGene00009744,76,766,842
WBGene00009745,26,460,486
WBGene00009746,0,1,1
WBGene00009747,0,3,3
WBGene00009748,0,4,4
WBGene00009749,2,1,3
WBGene00009750,0,210,210
WBGene00009751,5,20,25
WBGene00009753,3,8,11
WBGene00009754,1,54,55
WBGene00009755,0,2,2
WBGene00009756,1,1,2
WBGene00009758,5,1,6
WBGene00009759,0,0,0
WBGene00009760,1,4,5
WBGene00009761,0,0,0
WBGene00009762,0,1,1
WBGene00009763,1,2,3
WBGene00009765,3,1,4
WBGene00009766,3,1,4
WBGene00009767,0,0,0
WBGene00009768,25,85,110
WBGene00009769,39,1410,1449
WBGene00009770,288,3219,3507
WBGene00009771,175,2295,2470
WBGene00009772,668,79408,80076
WBGene00009773,71,8824,8895
WBGene00009774,7,433,440
WBGene00009775,1,1,2
WBGene00009776,202,3769,3971
WBGene00009777,50,116,166
WBGene00009778,1,24,25
WBGene00009779,88,976,1064
WBGene00009780,78,531,609
WBGene00009781,327,1938,2265
WBGene00009782,36,381,417
WBGene00009783,90,2969,3059
WBGene00009784,45,2006,2051
WBGene00009785,97,1715,1812
WBGene00009787,94,14030,14124
WBGene00009788,3,1,4
WBGene00009789,154,121,275
WBGene00009790,36,328,364
WBGene00009791,42,300,342
WBGene00009793,67,3461,3528
WBGene00009796,595,11809,12404
WBGene00009797,363,2639,3002
WBGene00009798,34,69,103
WBGene00009799,143,765,908
WBGene00009800,157,791,948
WBGene00009801,106,1671,1777
WBGene00009802,0,6,6
WBGene00009803,578,8242,8820
WBGene00009804,294,8903,9197
WBGene00009805,13,1193,1206
WBGene00009806,3,33,36
WBGene00009807,32,336,368
WBGene00009808,8,214,222
WBGene00009809,393,6097,6490
WBGene00009810,4,128,132
WBGene00009811,19,258,277
WBGene00009812,94,3252,3346
WBGene00009813,719,15796,16515
WBGene00009814,2,145,147
WBGene00009815,0,14,14
WBGene00009816,2,17,19
WBGene00009817,3,10,13
WBGene00009818,105,426,531
WBGene00009819,224,567,791
WBGene00009820,31,483,514
WBGene00009822,15,10,25
WBGene00009823,37,281,318
WBGene00009824,8,218,226
WBGene00009825,132,617,749
WBGene00009826,16,100,116
WBGene00009827,16,27,43
WBGene00009829,74,3389,3463
WBGene00009830,4,40,44
WBGene00009831,31,1035,1066
WBGene00009833,1,8,9
WBGene00009834,1,6,7
WBGene00009835,130,696,826
WBGene00009836,373,101,474
WBGene00009839,17,18,35
WBGene00009840,31,175,206
WBGene00009841,8,10,18
WBGene00009842,74,955,1029
WBGene00009843,92,621,713
WBGene00009844,40,169,209
WBGene00009848,333,1615,1948
WBGene00009849,23,28,51
WBGene00009850,223,1644,1867
WBGene00009851,37,2670,2707
WBGene00009852,11,625,636
WBGene00009853,29,44,73
WBGene00009854,3,5,8
WBGene00009855,2,0,2
WBGene00009856,9,24,33
WBGene00009857,0,17,17
WBGene00009858,0,1,1
WBGene00009859,1,5,6
WBGene00009860,1,5,6
WBGene00009861,0,18,18
WBGene00009862,0,56,56
WBGene00009863,5,0,5
WBGene00009865,97,1007,1104
WBGene00009866,0,2,2
WBGene00009867,34,70,104
WBGene00009868,0,1,1
WBGene00009869,1,0,1
WBGene00009871,1,4,5
WBGene00009872,7,28,35
WBGene00009873,5,1,6
WBGene00009874,21,74,95
WBGene00009875,23,7,30
WBGene00009876,127,780,907
WBGene00009877,75,723,798
WBGene00009878,16,1840,1856
WBGene00009879,28,179,207
WBGene00009880,212,2109,2321
WBGene00009881,148,5845,5993
WBGene00009882,106,12141,12247
WBGene00009883,34,111,145
WBGene00009884,8,25,33
WBGene00009885,17,187,204
WBGene00009886,242,3464,3706
WBGene00009887,35,638,673
WBGene00009888,4154,43055,47209
WBGene00009889,98,1592,1690
WBGene00009890,4,23,27
WBGene00009891,4,10,14
WBGene00009892,0,1,1
WBGene00009893,1,1,2
WBGene00009894,2,2,4
WBGene00009895,277,4700,4977
WBGene00009896,172,3682,3854
WBGene00009897,15,25,40
WBGene00009898,2,4,6
WBGene00009899,118,728,846
WBGene00009900,0,84,84
WBGene00009901,39,336,375
WBGene00009902,36,135,171
WBGene00009903,19,294,313
WBGene00009904,27,133,160
WBGene00009905,3,1,4
WBGene00009906,5,3,8
WBGene00009907,8,14,22
WBGene00009908,74,188,262
WBGene00009909,0,0,0
WBGene00009912,11,11,22
WBGene00009913,2,1,3
WBGene00009914,4,62,66
WBGene00009915,39,4860,4899
WBGene00009916,108,539,647
WBGene00009917,340,2124,2464
WBGene00009918,40,4265,4305
WBGene00009919,178,2440,2618
WBGene00009920,1808,8664,10472
WBGene00009921,7,229,236
WBGene00009922,82,1485,1567
WBGene00009923,15,141,156
WBGene00009924,128,1437,1565
WBGene00009925,7,2267,2274
WBGene00009926,8,26,34
WBGene00009927,54,915,969
WBGene00009929,18,76,94
WBGene00009930,19,1067,1086
WBGene00009931,10,161,171
WBGene00009933,3,5,8
WBGene00009934,7,2,9
WBGene00009935,153,1197,1350
WBGene00009937,133,1282,1415
WBGene00009938,1,5,6
WBGene00009939,127,1223,1350
WBGene00009940,168,2628,2796
WBGene00009941,1,2,3
WBGene00009942,3,5,8
WBGene00009943,43,344,387
WBGene00009944,40,1206,1246
WBGene00009945,467,6653,7120
WBGene00009946,39,519,558
WBGene00009947,239,3381,3620
WBGene00009948,13,442,455
WBGene00009949,37,551,588
WBGene00009950,5,4,9
WBGene00009951,35,178,213
WBGene00009952,122,2943,3065
WBGene00009953,105,819,924
WBGene00009954,6,4,10
WBGene00009955,13,2494,2507
WBGene00009956,30,12,42
WBGene00009957,580,22220,22800
WBGene00009958,195,1598,1793
WBGene00009959,3,29,32
WBGene00009960,0,2,2
WBGene00009961,3,18,21
WBGene00009962,57,23,80
WBGene00009963,15,16,31
WBGene00009964,4,34,38
WBGene00009965,37,254,291
WBGene00009966,35,2597,2632
WBGene00009967,9,100,109
WBGene00009968,65,763,828
WBGene00009969,42,680,722
WBGene00009971,24,71,95
WBGene00009973,1119,20380,21499
WBGene00009974,235,7140,7375
WBGene00009975,1969,4298,6267
WBGene00009976,149,1347,1496
WBGene00009977,242,1261,1503
WBGene00009978,4012,5907,9919
WBGene00009979,77,11,88
WBGene00009980,59,1260,1319
WBGene00009981,22,327,349
WBGene00009982,0,251,251
WBGene00009983,1,76,77
WBGene00009984,104,192,296
WBGene00009985,108,1903,2011
WBGene00009986,24,179,203
WBGene00009987,118,2092,2210
WBGene00009988,55,79,134
WBGene00009990,0,0,0
WBGene00009992,489,12118,12607
WBGene00009993,18,13445,13463
WBGene00009994,19,1176,1195
WBGene00009995,2035,18876,20911
WBGene00009996,366,12004,12370
WBGene00009997,4,14,18
WBGene00009998,10,7,17
WBGene00009999,15,14,29
WBGene00010000,6,16,22
WBGene00010001,48,7166,7214
WBGene00010002,101,898,999
WBGene00010003,70,428,498
WBGene00010004,18,61,79
WBGene00010005,10,8,18
WBGene00010006,6879,1671,8550
WBGene00010007,3,21,24
WBGene00010008,15,70,85
WBGene00010009,57,635,692
WBGene00010010,55,228,283
WBGene00010011,41,46,87
WBGene00010012,1947,10150,12097
WBGene00010013,293,4646,4939
WBGene00010014,2,7,9
WBGene00010015,20,1218,1238
WBGene00010016,0,2,2
WBGene00010017,0,3,3
WBGene00010018,130,2397,2527
WBGene00010019,462,4203,4665
WBGene00010020,0,0,0
WBGene00010021,0,0,0
WBGene00010022,0,5,5
WBGene00010023,0,32,32
WBGene00010025,5,8,13
WBGene00010026,0,1,1
WBGene00010027,6,21,27
WBGene00010028,64,2217,2281
WBGene00010030,0,51,51
WBGene00010031,1987,84,2071
WBGene00010032,13,12,25
WBGene00010033,7,96,103
WBGene00010034,20,6,26
WBGene00010035,6,87,93
WBGene00010036,16,418,434
WBGene00010037,553,14134,14687
WBGene00010038,115,2038,2153
WBGene00010039,274,1724,1998
WBGene00010040,55,2046,2101
WBGene00010041,0,2126,2126
WBGene00010042,23,457,480
WBGene00010043,116,1137,1253
WBGene00010044,248,4066,4314
WBGene00010045,384,2545,2929
WBGene00010046,11,70,81
WBGene00010047,130,2222,2352
WBGene00010048,105,1542,1647
WBGene00010049,1928,15732,17660
WBGene00010050,65,470,535
WBGene00010051,50,895,945
WBGene00010052,71,4047,4118
WBGene00010053,4,754,758
WBGene00010054,211,5277,5488
WBGene00010055,52,1530,1582
WBGene00010056,23,3551,3574
WBGene00010057,173,1069,1242
WBGene00010058,20,60,80
WBGene00010059,93,2713,2806
WBGene00010060,30,88,118
WBGene00010061,65,1803,1868
WBGene00010062,22,122,144
WBGene00010063,74,498,572
WBGene00010064,7,769,776
WBGene00010065,3,17,20
WBGene00010066,1,12,13
WBGene00010067,3,0,3
WBGene00010068,4,44,48
WBGene00010069,36,33,69
WBGene00010070,869,6236,7105
WBGene00010071,178,50,228
WBGene00010072,103,1234,1337
WBGene00010073,361,410,771
WBGene00010074,93,452,545
WBGene00010075,14,2097,2111
WBGene00010077,204,965,1169
WBGene00010079,303,2357,2660
WBGene00010080,48,311,359
WBGene00010081,20,761,781
WBGene00010082,4,235,239
WBGene00010083,227,1231,1458
WBGene00010084,4,8,12
WBGene00010085,0,2,2
WBGene00010086,746,2154,2900
WBGene00010087,1,2,3
WBGene00010088,17,54,71
WBGene00010089,100,1194,1294
WBGene00010091,0,5,5
WBGene00010093,16,772,788
WBGene00010094,25,1853,1878
WBGene00010096,256,1942,2198
WBGene00010097,83,2886,2969
WBGene00010098,0,7,7
WBGene00010099,0,1,1
WBGene00010100,2,3,5
WBGene00010101,0,2,2
WBGene00010102,0,1,1
WBGene00010103,48,1,49
WBGene00010104,1,0,1
WBGene00010105,0,3,3
WBGene00010106,1,22,23
WBGene00010107,5,0,5
WBGene00010108,1,3,4
WBGene00010109,55,1453,1508
WBGene00010110,97,2194,2291
WBGene00010111,250,1184,1434
WBGene00010113,706,4220,4926
WBGene00010114,8,1,9
WBGene00010115,111,1764,1875
WBGene00010116,105,1193,1298
WBGene00010117,267,3552,3819
WBGene00010118,14,16,30
WBGene00010119,4,20,24
WBGene00010120,0,2,2
WBGene00010121,9,5,14
WBGene00010122,2,37,39
WBGene00010123,1,25,26
WBGene00010124,1,0,1
WBGene00010125,28,507,535
WBGene00010126,2,1,3
WBGene00010127,1,3,4
WBGene00010128,6,153,159
WBGene00010129,0,2,2
WBGene00010130,140,8368,8508
WBGene00010131,30,1019,1049
WBGene00010132,236,1289,1525
WBGene00010133,0,13208,13208
WBGene00010134,59,257,316
WBGene00010135,0,2061,2061
WBGene00010136,61,116,177
WBGene00010137,232,403,635
WBGene00010138,60,141,201
WBGene00010139,142,2479,2621
WBGene00010140,30,510,540
WBGene00010141,204,2350,2554
WBGene00010142,133,100,233
WBGene00010143,29,193,222
WBGene00010144,24,84,108
WBGene00010145,15,2,17
WBGene00010146,737,1937,2674
WBGene00010147,4,3,7
WBGene00010148,16,298,314
WBGene00010149,0,0,0
WBGene00010150,598,3457,4055
WBGene00010152,5,20,25
WBGene00010153,1,11,12
WBGene00010155,14,24,38
WBGene00010157,13,2,15
WBGene00010158,0,1,1
WBGene00010159,399,1711,2110
WBGene00010160,277,632,909
WBGene00010161,488,852,1340
WBGene00010162,2,0,2
WBGene00010163,16,10,26
WBGene00010164,0,1,1
WBGene00010165,2,1,3
WBGene00010166,1,1,2
WBGene00010167,2,0,2
WBGene00010168,5,7,12
WBGene00010169,3,0,3
WBGene00010170,2,3,5
WBGene00010171,0,3,3
WBGene00010172,1,3,4
WBGene00010173,3,21,24
WBGene00010174,8240,161203,169443
WBGene00010175,207,1590,1797
WBGene00010176,24,129,153
WBGene00010177,1008,8649,9657
WBGene00010178,221,1787,2008
WBGene00010179,48,328,376
WBGene00010180,1,10,11
WBGene00010181,0,0,0
WBGene00010182,1,3,4
WBGene00010183,5,43,48
WBGene00010184,11,81,92
WBGene00010185,15,218,233
WBGene00010186,4,48,52
WBGene00010187,7,22,29
WBGene00010188,21,567,588
WBGene00010189,14,113,127
WBGene00010191,50,1740,1790
WBGene00010192,21,637,658
WBGene00010193,9,1214,1223
WBGene00010194,2,425,427
WBGene00010195,44,640,684
WBGene00010196,5,17,22
WBGene00010197,50,1498,1548
WBGene00010198,113,720,833
WBGene00010199,199,3535,3734
WBGene00010200,173,453,626
WBGene00010202,5,193,198
WBGene00010203,0,6,6
WBGene00010204,12,8162,8174
WBGene00010205,8,116,124
WBGene00010206,0,0,0
WBGene00010212,433,88,521
WBGene00010214,21,125,146
WBGene00010215,28,167,195
WBGene00010216,2,22,24
WBGene00010217,5,13,18
WBGene00010218,4,8,12
WBGene00010219,0,2,2
WBGene00010220,9,19,28
WBGene00010221,132,6768,6900
WBGene00010222,42,127,169
WBGene00010223,43,95,138
WBGene00010224,51,289,340
WBGene00010225,35,713,748
WBGene00010226,0,9,9
WBGene00010227,147,1546,1693
WBGene00010228,46,16,62
WBGene00010229,137,1357,1494
WBGene00010230,99,3330,3429
WBGene00010231,218,3881,4099
WBGene00010232,193,8108,8301
WBGene00010233,35,629,664
WBGene00010234,0,560,560
WBGene00010235,21,265,286
WBGene00010236,127,4495,4622
WBGene00010237,22,239,261
WBGene00010238,79,1213,1292
WBGene00010239,50,1397,1447
WBGene00010241,3,112,115
WBGene00010242,177,1677,1854
WBGene00010243,19,133,152
WBGene00010244,1045,41348,42393
WBGene00010245,8,4,12
WBGene00010246,1,31,32
WBGene00010247,0,0,0
WBGene00010248,96,5935,6031
WBGene00010249,45,24,69
WBGene00010250,34,124,158
WBGene00010251,952,3588,4540
WBGene00010253,5,44,49
WBGene00010254,0,7,7
WBGene00010255,0,11,11
WBGene00010256,1,5,6
WBGene00010257,0,16,16
WBGene00010258,60,706,766
WBGene00010259,1271,2221,3492
WBGene00010260,259,31191,31450
WBGene00010261,4,9,13
WBGene00010262,302,9792,10094
WBGene00010263,10,163,173
WBGene00010264,81,659,740
WBGene00010265,3,4,7
WBGene00010266,95,2092,2187
WBGene00010267,2,24,26
WBGene00010268,43,172,215
WBGene00010269,40,587,627
WBGene00010270,2,1,3
WBGene00010272,275,2089,2364
WBGene00010273,4,9,13
WBGene00010274,2,7,9
WBGene00010275,163,428,591
WBGene00010277,2,85,87
WBGene00010278,3,360,363
WBGene00010279,106,3564,3670
WBGene00010280,88,2234,2322
WBGene00010281,18,1182,1200
WBGene00010282,48,73,121
WBGene00010283,55,579,634
WBGene00010284,127,3030,3157
WBGene00010285,7,131,138
WBGene00010286,64,2217,2281
WBGene00010288,70,889,959
WBGene00010289,0,13,13
WBGene00010290,53,4972,5025
WBGene00010291,306,2237,2543
WBGene00010292,1,2,3
WBGene00010293,61,1383,1444
WBGene00010296,2,820,822
WBGene00010297,25,87,112
WBGene00010298,4,7,11
WBGene00010299,4,3,7
WBGene00010300,3,0,3
WBGene00010301,0,0,0
WBGene00010302,446,1026,1472
WBGene00010303,35,3677,3712
WBGene00010304,106,742,848
WBGene00010305,110,2124,2234
WBGene00010306,647,2292,2939
WBGene00010307,5,453,458
WBGene00010308,162,1005,1167
WBGene00010309,174,1298,1472
WBGene00010310,22,284,306
WBGene00010311,9,223,232
WBGene00010314,0,4,4
WBGene00010315,190,1043,1233
WBGene00010316,310,631,941
WBGene00010317,125,3628,3753
WBGene00010318,46,380,426
WBGene00010319,107,337,444
WBGene00010320,300,2208,2508
WBGene00010321,86,1389,1475
WBGene00010322,90,40,130
WBGene00010323,1,7,8
WBGene00010324,2,2,4
WBGene00010325,27,1804,1831
WBGene00010326,1923,17947,19870
WBGene00010327,161,299,460
WBGene00010328,126,2018,2144
WBGene00010329,79,554,633
WBGene00010330,510536,47,510583
WBGene00010331,34,81,115
WBGene00010332,10,332,342
WBGene00010333,374,8137,8511
WBGene00010334,103,832,935
WBGene00010335,258,1391,1649
WBGene00010336,42,512,554
WBGene00010337,1592,14127,15719
WBGene00010338,98,381,479
WBGene00010339,42,1014,1056
WBGene00010340,66,354,420
WBGene00010341,62,474,536
WBGene00010342,67,169,236
WBGene00010343,14,32,46
WBGene00010344,40,300,340
WBGene00010345,23,30,53
WBGene00010348,6,422,428
WBGene00010349,49,284,333
WBGene00010350,596,1333,1929
WBGene00010351,4,268,272
WBGene00010352,11,8,19
WBGene00010353,5,310,315
WBGene00010354,404,411,815
WBGene00010355,0,2,2
WBGene00010356,76,1094,1170
WBGene00010357,242,3255,3497
WBGene00010358,7,38,45
WBGene00010359,6,3,9
WBGene00010360,3,0,3
WBGene00010361,9,10,19
WBGene00010362,5,229,234
WBGene00010363,64,543,607
WBGene00010364,4,241,245
WBGene00010365,18,57,75
WBGene00010366,25,2,27
WBGene00010367,106,1017,1123
WBGene00010368,10,29,39
WBGene00010369,183,4413,4596
WBGene00010370,654,4860,5514
WBGene00010372,24,47,71
WBGene00010373,3,14,17
WBGene00010374,380,1556,1936
WBGene00010375,26,543,569
WBGene00010377,0,0,0
WBGene00010378,0,3,3
WBGene00010379,0,0,0
WBGene00010380,3,14,17
WBGene00010381,0,0,0
WBGene00010382,0,48,48
WBGene00010383,58,638,696
WBGene00010385,227,485,712
WBGene00010386,124,176,300
WBGene00010387,3,31,34
WBGene00010388,1,3,4
WBGene00010389,33,4,37
WBGene00010391,5,23,28
WBGene00010392,11,2,13
WBGene00010394,10,6,16
WBGene00010395,0,0,0
WBGene00010396,17,61,78
WBGene00010397,17,836,853
WBGene00010399,0,0,0
WBGene00010401,44,70,114
WBGene00010403,8,3,11
WBGene00010404,0,0,0
WBGene00010405,86,2054,2140
WBGene00010406,68,4108,4176
WBGene00010407,109,2533,2642
WBGene00010408,132,3133,3265
WBGene00010409,102,1107,1209
WBGene00010410,1,1,2
WBGene00010411,20,0,20
WBGene00010412,0,1,1
WBGene00010413,0,1,1
WBGene00010414,9,15,24
WBGene00010415,5,9,14
WBGene00010416,307,1468,1775
WBGene00010417,0,0,0
WBGene00010418,54,1121,1175
WBGene00010419,1352,57779,59131
WBGene00010420,165,935,1100
WBGene00010421,94,763,857
WBGene00010422,10,261,271
WBGene00010423,57,53,110
WBGene00010424,5,50,55
WBGene00010425,482,25908,26390
WBGene00010426,35,77,112
WBGene00010427,1795,2719,4514
WBGene00010428,180,2102,2282
WBGene00010429,8,9,17
WBGene00010432,15,1220,1235
WBGene00010433,57,870,927
WBGene00010434,116,103,219
WBGene00010435,312,6567,6879
WBGene00010436,0,313,313
WBGene00010437,171,288,459
WBGene00010439,43,718,761
WBGene00010440,946,16580,17526
WBGene00010442,28,242,270
WBGene00010444,1077,2871,3948
WBGene00010446,0,27,27
WBGene00010447,17,47,64
WBGene00010448,85,298,383
WBGene00010449,85,542,627
WBGene00010450,257,3482,3739
WBGene00010451,117,8,125
WBGene00010453,59,329,388
WBGene00010454,15,104,119
WBGene00010455,14,68,82
WBGene00010456,62,1550,1612
WBGene00010457,8,66,74
WBGene00010458,11,1108,1119
WBGene00010459,5,998,1003
WBGene00010460,22,36,58
WBGene00010461,2,5,7
WBGene00010464,2,3,5
WBGene00010465,89,1793,1882
WBGene00010466,4,29,33
WBGene00010467,1,1,2
WBGene00010468,7,185,192
WBGene00010469,3,46,49
WBGene00010470,332,2066,2398
WBGene00010471,393,4217,4610
WBGene00010472,2,52,54
WBGene00010473,53,269,322
WBGene00010474,1,0,1
WBGene00010475,485,713,1198
WBGene00010476,44,1853,1897
WBGene00010477,6,164,170
WBGene00010478,28,7301,7329
WBGene00010479,143,1482,1625
WBGene00010480,1481,14956,16437
WBGene00010481,19,586,605
WBGene00010483,2,21,23
WBGene00010484,414,10468,10882
WBGene00010485,1,105,106
WBGene00010486,0,5,5
WBGene00010487,10,16,26
WBGene00010488,506,4118,4624
WBGene00010491,5,528,533
WBGene00010492,1,7,8
WBGene00010493,3,6,9
WBGene00010494,3,31,34
WBGene00010495,3,36,39
WBGene00010496,84,1423,1507
WBGene00010497,49,225,274
WBGene00010498,274,1160,1434
WBGene00010499,0,20,20
WBGene00010500,250,3351,3601
WBGene00010501,14,179,193
WBGene00010502,124,1069,1193
WBGene00010503,140,1805,1945
WBGene00010504,12,107,119
WBGene00010505,41,112,153
WBGene00010506,40,113,153
WBGene00010507,476,4466,4942
WBGene00010508,25,33,58
WBGene00010509,0,0,0
WBGene00010510,6,1,7
WBGene00010511,6,14,20
WBGene00010512,12,153,165
WBGene00010513,53,370,423
WBGene00010514,269,2981,3250
WBGene00010515,20,315,335
WBGene00010516,283,4198,4481
WBGene00010518,41,198,239
WBGene00010519,8,20,28
WBGene00010520,24,506,530
WBGene00010521,24,70,94
WBGene00010522,57,1227,1284
WBGene00010523,4,1,5
WBGene00010524,5,252,257
WBGene00010525,15,211,226
WBGene00010526,0,0,0
WBGene00010527,1,3,4
WBGene00010528,40,953,993
WBGene00010530,4,0,4
WBGene00010531,0,0,0
WBGene00010534,150,1,151
WBGene00010535,16,6,22
WBGene00010536,8,0,8
WBGene00010537,312,341,653
WBGene00010538,16,63,79
WBGene00010539,130,1732,1862
WBGene00010540,56,542,598
WBGene00010541,674,6786,7460
WBGene00010542,11,1129,1140
WBGene00010544,0,13,13
WBGene00010545,30,463,493
WBGene00010546,3,301,304
WBGene00010547,0,0,0
WBGene00010550,127,2358,2485
WBGene00010551,180,1787,1967
WBGene00010552,51,840,891
WBGene00010553,6,323,329
WBGene00010554,3,21,24
WBGene00010555,0,1,1
WBGene00010556,348,219094,219442
WBGene00010557,21,466,487
WBGene00010558,120,369,489
WBGene00010559,10,216,226
WBGene00010560,230,6340,6570
WBGene00010562,108,2178,2286
WBGene00010563,27,22,49
WBGene00010564,175,1813,1988
WBGene00010565,7,374,381
WBGene00010566,63,207,270
WBGene00010567,95,1341,1436
WBGene00010568,43,61,104
WBGene00010569,64,705,769
WBGene00010570,3,2,5
WBGene00010571,27,151,178
WBGene00010572,18,536,554
WBGene00010573,168,375,543
WBGene00010574,5,41,46
WBGene00010575,54,1612,1666
WBGene00010576,4,14,18
WBGene00010577,4,0,4
WBGene00010578,4,5,9
WBGene00010579,47,8900,8947
WBGene00010580,26,13,39
WBGene00010581,24,249,273
WBGene00010582,165,1371,1536
WBGene00010583,2,2001,2003
WBGene00010584,5,30,35
WBGene00010585,302,622,924
WBGene00010586,1,11,12
WBGene00010587,62,285,347
WBGene00010588,1,17,18
WBGene00010589,3,32,35
WBGene00010590,0,3,3
WBGene00010591,8,42,50
WBGene00010592,81,437,518
WBGene00010593,82,1022,1104
WBGene00010594,32,38,70
WBGene00010595,15,57,72
WBGene00010596,1,33,34
WBGene00010597,366,293,659
WBGene00010598,1,2,3
WBGene00010599,17,46,63
WBGene00010600,0,10,10
WBGene00010601,1,3,4
WBGene00010602,1,16,17
WBGene00010603,8,83,91
WBGene00010604,3,274,277
WBGene00010605,235,1394,1629
WBGene00010606,5,58,63
WBGene00010607,38,17,55
WBGene00010608,146,2027,2173
WBGene00010609,214,2014,2228
WBGene00010610,260,2053,2313
WBGene00010611,1,4,5
WBGene00010612,1,12,13
WBGene00010613,3,4,7
WBGene00010614,10,26,36
WBGene00010615,110,1841,1951
WBGene00010616,62,2404,2466
WBGene00010617,11,81,92
WBGene00010619,69,1089,1158
WBGene00010620,111,2279,2390
WBGene00010621,12,236,248
WBGene00010622,43,772,815
WBGene00010623,21,49,70
WBGene00010624,105,1506,1611
WBGene00010625,57,881,938
WBGene00010626,502,3662,4164
WBGene00010627,374,6523,6897
WBGene00010628,73,1107,1180
WBGene00010629,127,3340,3467
WBGene00010630,12,110,122
WBGene00010631,272,3168,3440
WBGene00010632,204,1029,1233
WBGene00010633,0,3,3
WBGene00010634,1,18,19
WBGene00010635,2,68,70
WBGene00010636,12,57,69
WBGene00010637,14,122,136
WBGene00010638,234,1894,2128
WBGene00010639,1077,14269,15346
WBGene00010640,124,620,744
WBGene00010641,116,2505,2621
WBGene00010642,85,775,860
WBGene00010643,177,906,1083
WBGene00010644,96,946,1042
WBGene00010645,108,1138,1246
WBGene00010646,95,69,164
WBGene00010647,6,724,730
WBGene00010648,123,1372,1495
WBGene00010649,156,1027,1183
WBGene00010650,2,17,19
WBGene00010651,4,40,44
WBGene00010652,3,36,39
WBGene00010653,0,0,0
WBGene00010654,13,34,47
WBGene00010655,11,29,40
WBGene00010656,1,0,1
WBGene00010657,6,3,9
WBGene00010658,7,114,121
WBGene00010659,4,16,20
WBGene00010660,62,318,380
WBGene00010661,5,312,317
WBGene00010662,9,12,21
WBGene00010663,240,906,1146
WBGene00010664,99,1794,1893
WBGene00010665,431,5439,5870
WBGene00010666,3,575,578
WBGene00010667,64,393,457
WBGene00010668,1,1,2
WBGene00010669,63,68,131
WBGene00010670,9,1344,1353
WBGene00010671,26,1267,1293
WBGene00010672,0,6,6
WBGene00010673,6,10,16
WBGene00010674,17,420,437
WBGene00010675,92,837,929
WBGene00010676,140,2392,2532
WBGene00010677,68,5756,5824
WBGene00010678,97,1688,1785
WBGene00010679,5,40,45
WBGene00010680,5,31,36
WBGene00010681,1490,27814,29304
WBGene00010682,30,117,147
WBGene00010683,36,278,314
WBGene00010684,36,108,144
WBGene00010685,84,1224,1308
WBGene00010686,57,993,1050
WBGene00010687,112,3124,3236
WBGene00010688,0,6,6
WBGene00010689,3,33,36
WBGene00010690,0,3,3
WBGene00010691,3,135,138
WBGene00010692,2,23,25
WBGene00010693,97,114,211
WBGene00010694,26,31,57
WBGene00010697,79,1255,1334
WBGene00010698,3,12,15
WBGene00010699,281,2575,2856
WBGene00010700,353,5582,5935
WBGene00010701,96,2287,2383
WBGene00010702,77,368,445
WBGene00010703,554,2049,2603
WBGene00010704,6,286,292
WBGene00010705,4,10,14
WBGene00010706,1,14,15
WBGene00010707,4,12,16
WBGene00010708,23,78,101
WBGene00010709,241,751,992
WBGene00010711,0,235,235
WBGene00010712,16,118,134
WBGene00010713,207,763,970
WBGene00010714,43,49,92
WBGene00010715,1,3,4
WBGene00010716,23,147,170
WBGene00010717,75,1021,1096
WBGene00010718,6,97,103
WBGene00010719,2,18,20
WBGene00010720,71,852,923
WBGene00010721,67,598,665
WBGene00010722,74,984,1058
WBGene00010723,3,72,75
WBGene00010724,135,839,974
WBGene00010725,55,479,534
WBGene00010726,728,784,1512
WBGene00010727,120,2412,2532
WBGene00010728,0,7,7
WBGene00010729,0,0,0
WBGene00010730,79,8314,8393
WBGene00010731,743,4442,5185
WBGene00010732,677,2884,3561
WBGene00010734,93,577,670
WBGene00010735,91,155,246
WBGene00010736,597,4424,5021
WBGene00010737,25,475,500
WBGene00010738,2492,298,2790
WBGene00010740,0,2447,2447
WBGene00010741,4,218,222
WBGene00010742,170,3868,4038
WBGene00010743,7,30,37
WBGene00010744,183,1310,1493
WBGene00010745,3,55,58
WBGene00010746,26,0,26
WBGene00010747,21,64,85
WBGene00010748,1,2,3
WBGene00010749,5,44,49
WBGene00010750,6,86,92
WBGene00010752,11,189,200
WBGene00010754,1,29,30
WBGene00010755,10,170,180
WBGene00010756,139,769,908
WBGene00010757,20,341,361
WBGene00010758,102,650,752
WBGene00010759,39,413,452
WBGene00010760,0,10,10
WBGene00010761,4,2,6
WBGene00010762,5,33,38
WBGene00010763,0,4,4
WBGene00010764,2,3,5
WBGene00010765,19,69,88
WBGene00010766,34,2292,2326
WBGene00010767,11,560,571
WBGene00010768,83,114,197
WBGene00010769,526,11197,11723
WBGene00010770,226,501,727
WBGene00010771,43,314,357
WBGene00010772,462,833,1295
WBGene00010773,80,1065,1145
WBGene00010774,42,358,400
WBGene00010775,14,20,34
WBGene00010776,105,521,626
WBGene00010778,373,4711,5084
WBGene00010779,36,32,68
WBGene00010780,142,1999,2141
WBGene00010781,40,424,464
WBGene00010782,22,191,213
WBGene00010783,107,1563,1670
WBGene00010784,163,799,962
WBGene00010785,80,2649,2729
WBGene00010786,16,71,87
WBGene00010787,15,445,460
WBGene00010788,18,73,91
WBGene00010789,390,1579,1969
WBGene00010790,874,112906,113780
WBGene00010791,18,247,265
WBGene00010792,29,159,188
WBGene00010793,549,4477,5026
WBGene00010794,441,12823,13264
WBGene00010795,51,894,945
WBGene00010796,594,4377,4971
WBGene00010797,0,3,3
WBGene00010798,0,1,1
WBGene00010799,14,30,44
WBGene00010800,2,8,10
WBGene00010801,2,9,11
WBGene00010802,4,0,4
WBGene00010803,58,1212,1270
WBGene00010804,3,29,32
WBGene00010805,28,564,592
WBGene00010806,360,4126,4486
WBGene00010807,28,2071,2099
WBGene00010808,0,3,3
WBGene00010809,79,10391,10470
WBGene00010810,281,2306,2587
WBGene00010811,119,990,1109
WBGene00010812,149,2999,3148
WBGene00010813,426,1091,1517
WBGene00010814,55,467,522
WBGene00010815,93,333,426
WBGene00010817,0,1,1
WBGene00010819,1,5,6
WBGene00010820,11,0,11
WBGene00010821,3,21,24
WBGene00010822,50,827,877
WBGene00010823,2,5,7
WBGene00010825,13,23,36
WBGene00010827,113,1267,1380
WBGene00010828,1074,3365,4439
WBGene00010829,8,22,30
WBGene00010830,19,35,54
WBGene00010831,10,10,20
WBGene00010832,0,2,2
WBGene00010833,38,262,300
WBGene00010834,32,1133,1165
WBGene00010835,12,44,56
WBGene00010836,551,165,716
WBGene00010837,83,1882,1965
WBGene00010838,362,3436,3798
WBGene00010839,80,504,584
WBGene00010840,680,1749,2429
WBGene00010842,488,2379,2867
WBGene00010843,26,121,147
WBGene00010844,154,2944,3098
WBGene00010845,215,2303,2518
WBGene00010846,89,654,743
WBGene00010847,70,594,664
WBGene00010848,15,1385,1400
WBGene00010849,373,331,704
WBGene00010850,311,1846,2157
WBGene00010851,9,92,101
WBGene00010854,0,11,11
WBGene00010855,167,12,179
WBGene00010856,597,1534,2131
WBGene00010857,110,254,364
WBGene00010858,14,160,174
WBGene00010859,19,71,90
WBGene00010862,2,10,12
WBGene00010863,39,51,90
WBGene00010864,138,1363,1501
WBGene00010865,108,1006,1114
WBGene00010866,0,2,2
WBGene00010867,312,1724,2036
WBGene00010868,304,4973,5277
WBGene00010869,2,78,80
WBGene00010870,63,1517,1580
WBGene00010871,67,360,427
WBGene00010872,46,3123,3169
WBGene00010873,119,1134,1253
WBGene00010874,56,14,70
WBGene00010875,78,1351,1429
WBGene00010876,8,31,39
WBGene00010877,107,484,591
WBGene00010878,71,1127,1198
WBGene00010879,81,3791,3872
WBGene00010880,40,83,123
WBGene00010881,128,402,530
WBGene00010882,75,2421,2496
WBGene00010883,1,2,3
WBGene00010884,69,696,765
WBGene00010885,1,0,1
WBGene00010886,0,3,3
WBGene00010887,86,930,1016
WBGene00010888,262,2411,2673
WBGene00010889,34,908,942
WBGene00010890,259,4333,4592
WBGene00010891,14,1581,1595
WBGene00010892,16,779,795
WBGene00010893,3,21,24
WBGene00010894,15,5,20
WBGene00010895,2,5,7
WBGene00010896,57,7998,8055
WBGene00010897,206,1375,1581
WBGene00010898,105,520,625
WBGene00010899,19,158,177
WBGene00010900,8,3,11
WBGene00010901,1,229,230
WBGene00010902,101,1202,1303
WBGene00010904,52,685,737
WBGene00010905,64,1459,1523
WBGene00010906,34,645,679
WBGene00010907,38,445,483
WBGene00010908,243,3042,3285
WBGene00010909,195,1204,1399
WBGene00010910,738,1129,1867
WBGene00010911,237,2270,2507
WBGene00010912,154,2240,2394
WBGene00010913,114,1845,1959
WBGene00010915,11,5,16
WBGene00010916,22,60,82
WBGene00010917,8,12,20
WBGene00010918,373,1242,1615
WBGene00010919,1,70,71
WBGene00010920,15,52,67
WBGene00010922,2,487,489
WBGene00010923,387,923,1310
WBGene00010924,2,18,20
WBGene00010925,10,15,25
WBGene00010926,0,2,2
WBGene00010927,2,0,2
WBGene00010928,0,6,6
WBGene00010929,2,18,20
WBGene00010931,11,70,81
WBGene00010933,0,5,5
WBGene00010934,14,153,167
WBGene00010935,81,18043,18124
WBGene00010936,68,459,527
WBGene00010937,7,97,104
WBGene00010938,0,1,1
WBGene00010939,4,8,12
WBGene00010940,10,3505,3515
WBGene00010941,77,820,897
WBGene00010942,406,7072,7478
WBGene00010943,26,1475,1501
WBGene00010944,122,3441,3563
WBGene00010945,24,1376,1400
WBGene00010946,21,8,29
WBGene00010947,1,526,527
WBGene00010948,5,20,25
WBGene00010949,12,16,28
WBGene00010950,5,15,20
WBGene00010951,58,317,375
WBGene00010953,2,1,3
WBGene00010954,1,0,1
WBGene00010955,8,1604,1612
WBGene00010956,0,34,34
WBGene00010957,0,803304,803304
WBGene00010958,0,600353,600353
WBGene00010959,0,367092,367092
WBGene00010960,0,1260616,1260616
WBGene00010961,0,74262,74262
WBGene00010962,0,1363545,1363545
WBGene00010963,0,112722,112722
WBGene00010964,0,526340,526340
WBGene00010965,0,730653,730653
WBGene00010966,0,17633,17633
WBGene00010967,0,144724,144724
WBGene00010968,19,172,191
WBGene00010969,0,4,4
WBGene00010970,159,624,783
WBGene00010971,30,218,248
WBGene00010972,14,598,612
WBGene00010973,23,88,111
WBGene00010974,120,881,1001
WBGene00010975,198,830,1028
WBGene00010976,27,1240,1267
WBGene00010977,201,2316,2517
WBGene00010978,7,49,56
WBGene00010979,259,156,415
WBGene00010980,7,51,58
WBGene00010981,86,1429,1515
WBGene00010982,222,3302,3524
WBGene00010983,55,154,209
WBGene00010984,5,838,843
WBGene00010985,113,608,721
WBGene00010986,146,319,465
WBGene00010987,5,6,11
WBGene00010988,39,743,782
WBGene00010989,12,413,425
WBGene00010990,153,2387,2540
WBGene00010991,9,46,55
WBGene00010992,2,3,5
WBGene00010993,75,5759,5834
WBGene00010994,227,2967,3194
WBGene00010995,2,2,4
WBGene00010996,2,4,6
WBGene00010998,7,38,45
WBGene00010999,13,8,21
WBGene00011000,25,12,37
WBGene00011001,0,1,1
WBGene00011002,13,52,65
WBGene00011003,47,448,495
WBGene00011004,407,679,1086
WBGene00011005,3,24,27
WBGene00011006,16,30,46
WBGene00011008,2,2,4
WBGene00011009,1,28,29
WBGene00011010,1,19,20
WBGene00011011,0,6,6
WBGene00011012,0,8,8
WBGene00011013,10,46,56
WBGene00011014,26,161,187
WBGene00011015,3027,43600,46627
WBGene00011016,39,1787,1826
WBGene00011017,12,1529,1541
WBGene00011018,2004,7764,9768
WBGene00011019,269,3921,4190
WBGene00011020,49,588,637
WBGene00011021,325,4334,4659
WBGene00011023,1,2,3
WBGene00011024,4,2,6
WBGene00011025,5,5,10
WBGene00011026,1952,9578,11530
WBGene00011027,50,274,324
WBGene00011028,637,975,1612
WBGene00011029,263,1629,1892
WBGene00011030,168,733,901
WBGene00011032,78,1860,1938
WBGene00011033,16,801,817
WBGene00011034,51,1094,1145
WBGene00011035,144,1687,1831
WBGene00011036,80,1071,1151
WBGene00011037,42,555,597
WBGene00011038,101,3195,3296
WBGene00011039,14,225,239
WBGene00011040,53,937,990
WBGene00011041,0,12,12
WBGene00011042,6,770,776
WBGene00011043,854,1784,2638
WBGene00011044,148,315,463
WBGene00011045,475,1459,1934
WBGene00011046,4,36,40
WBGene00011047,27,1000,1027
WBGene00011049,4,16,20
WBGene00011050,257,3028,3285
WBGene00011051,1237,2415,3652
WBGene00011052,53,345,398
WBGene00011053,15,2,17
WBGene00011054,76,1154,1230
WBGene00011055,169,2211,2380
WBGene00011056,3,6,9
WBGene00011058,399,869,1268
WBGene00011059,390,5352,5742
WBGene00011060,324,7078,7402
WBGene00011061,87,1953,2040
WBGene00011062,6,543,549
WBGene00011063,26,469,495
WBGene00011064,106,1757,1863
WBGene00011065,16,184,200
WBGene00011066,120,1024,1144
WBGene00011067,104,1066,1170
WBGene00011068,54,1078,1132
WBGene00011069,51,322,373
WBGene00011070,309,11854,12163
WBGene00011071,102,859,961
WBGene00011072,683,7007,7690
WBGene00011073,30,424,454
WBGene00011074,19,121,140
WBGene00011075,21,34,55
WBGene00011076,15,85,100
WBGene00011077,28,20,48
WBGene00011078,0,20,20
WBGene00011079,7,45,52
WBGene00011081,10,94,104
WBGene00011082,34,431,465
WBGene00011083,51,110,161
WBGene00011084,4,22,26
WBGene00011087,63,715,778
WBGene00011088,22,731,753
WBGene00011089,44,1500,1544
WBGene00011090,52,415,467
WBGene00011092,42,240,282
WBGene00011093,79,375,454
WBGene00011094,11,146,157
WBGene00011095,4,417,421
WBGene00011096,13,6,19
WBGene00011097,256,2169,2425
WBGene00011098,15,68,83
WBGene00011099,46,514,560
WBGene00011100,71,262,333
WBGene00011101,34,87,121
WBGene00011102,282,12032,12314
WBGene00011103,3,204,207
WBGene00011104,20,34,54
WBGene00011105,116,2163,2279
WBGene00011106,60,976,1036
WBGene00011107,5,33,38
WBGene00011108,17,462,479
WBGene00011109,94,1914,2008
WBGene00011110,449,3450,3899
WBGene00011111,53,3491,3544
WBGene00011112,18,507,525
WBGene00011113,45,172,217
WBGene00011114,3,47,50
WBGene00011115,90,2605,2695
WBGene00011116,126,9864,9990
WBGene00011117,5,280,285
WBGene00011119,222,2530,2752
WBGene00011120,0,9,9
WBGene00011121,22,292,314
WBGene00011122,347,2542,2889
WBGene00011123,191,819,1010
WBGene00011124,31,2846,2877
WBGene00011127,0,10,10
WBGene00011128,40,5965,6005
WBGene00011129,8,67,75
WBGene00011130,3305,10,3315
WBGene00011131,248,649,897
WBGene00011132,0,3,3
WBGene00011133,14,143,157
WBGene00011134,0,1,1
WBGene00011135,0,2,2
WBGene00011136,10,49,59
WBGene00011137,9,199,208
WBGene00011139,33,542,575
WBGene00011140,149,1011,1160
WBGene00011141,103,1154,1257
WBGene00011142,102,1807,1909
WBGene00011143,107,1883,1990
WBGene00011144,270,2490,2760
WBGene00011145,60,1605,1665
WBGene00011146,1008,4173,5181
WBGene00011147,23,193,216
WBGene00011150,8,7,15
WBGene00011151,0,1,1
WBGene00011152,11,2,13
WBGene00011153,17,11,28
WBGene00011154,138,2827,2965
WBGene00011155,554,9548,10102
WBGene00011156,4457,88460,92917
WBGene00011157,0,33,33
WBGene00011158,4,156,160
WBGene00011159,1,13,14
WBGene00011161,0,34,34
WBGene00011162,1,2,3
WBGene00011163,1,8,9
WBGene00011164,2,0,2
WBGene00011166,3,212,215
WBGene00011167,10,170,180
WBGene00011168,7,29,36
WBGene00011169,0,1,1
WBGene00011170,0,0,0
WBGene00011171,83,176,259
WBGene00011172,2,19,21
WBGene00011173,4,0,4
WBGene00011175,6,9,15
WBGene00011176,4,95,99
WBGene00011177,1,1,2
WBGene00011179,6,39,45
WBGene00011180,20,53,73
WBGene00011181,97,2302,2399
WBGene00011182,140,729,869
WBGene00011183,7,6,13
WBGene00011184,2,54,56
WBGene00011185,2,86,88
WBGene00011186,4,0,4
WBGene00011187,2,127,129
WBGene00011188,45,622,667
WBGene00011189,48,412,460
WBGene00011190,106,442,548
WBGene00011191,6,45,51
WBGene00011192,21,16,37
WBGene00011193,32,1283,1315
WBGene00011194,181,782,963
WBGene00011195,32,1921,1953
WBGene00011196,12,0,12
WBGene00011197,98,310,408
WBGene00011198,89,4820,4909
WBGene00011200,13,42,55
WBGene00011201,21,299,320
WBGene00011202,8,14,22
WBGene00011203,9,39,48
WBGene00011205,244,4046,4290
WBGene00011206,65,626,691
WBGene00011207,339,232,571
WBGene00011208,3,5,8
WBGene00011209,6,63,69
WBGene00011211,16,1,17
WBGene00011212,79,689,768
WBGene00011213,58,392,450
WBGene00011214,6,141,147
WBGene00011215,174,694,868
WBGene00011216,146,2056,2202
WBGene00011217,121,837,958
WBGene00011218,39,658,697
WBGene00011219,5,10,15
WBGene00011220,11,109,120
WBGene00011221,240,1753,1993
WBGene00011222,108,1792,1900
WBGene00011223,20,320,340
WBGene00011224,23,262,285
WBGene00011225,36,733,769
WBGene00011226,280,2050,2330
WBGene00011227,10,393,403
WBGene00011228,6,39,45
WBGene00011229,0,2,2
WBGene00011230,158,7522,7680
WBGene00011231,20,847,867
WBGene00011232,5250,66029,71279
WBGene00011234,0,34,34
WBGene00011235,66,283,349
WBGene00011236,46,930,976
WBGene00011237,99,3738,3837
WBGene00011238,20,66,86
WBGene00011239,93,1374,1467
WBGene00011240,571,6550,7121
WBGene00011241,12,86,98
WBGene00011242,136,2040,2176
WBGene00011243,7,44,51
WBGene00011244,8,1490,1498
WBGene00011245,1,0,1
WBGene00011246,9,27,36
WBGene00011247,246,3789,4035
WBGene00011248,88,1469,1557
WBGene00011249,5,38,43
WBGene00011250,55,2361,2416
WBGene00011251,150,545,695
WBGene00011252,24,398,422
WBGene00011253,42,1306,1348
WBGene00011254,237,8909,9146
WBGene00011255,17,140,157
WBGene00011257,18,655,673
WBGene00011258,24,331,355
WBGene00011259,597,3892,4489
WBGene00011260,29,247,276
WBGene00011261,553,600,1153
WBGene00011262,49,343,392
WBGene00011263,26,1827,1853
WBGene00011264,11,12,23
WBGene00011265,15,408,423
WBGene00011266,3,877,880
WBGene00011267,2,77,79
WBGene00011268,295,1233,1528
WBGene00011269,40,90,130
WBGene00011270,408,7301,7709
WBGene00011271,67,892,959
WBGene00011272,25,529,554
WBGene00011273,2308,95576,97884
WBGene00011274,240,1872,2112
WBGene00011275,41,682,723
WBGene00011276,153,2582,2735
WBGene00011277,2,19,21
WBGene00011278,0,81,81
WBGene00011279,885,4006,4891
WBGene00011280,62,940,1002
WBGene00011281,111,1372,1483
WBGene00011282,249,3592,3841
WBGene00011283,465,3849,4314
WBGene00011284,58,5331,5389
WBGene00011285,90,1103,1193
WBGene00011286,629,8206,8835
WBGene00011287,146,866,1012
WBGene00011288,1,140,141
WBGene00011289,17,16914,16931
WBGene00011290,0,25,25
WBGene00011291,108,956,1064
WBGene00011292,1084,19988,21072
WBGene00011293,70,25,95
WBGene00011295,0,2,2
WBGene00011296,4,57,61
WBGene00011297,2,16,18
WBGene00011298,275,1196,1471
WBGene00011299,470,3490,3960
WBGene00011300,188,13748,13936
WBGene00011302,406,2392,2798
WBGene00011303,459,3280,3739
WBGene00011304,8488,30133,38621
WBGene00011305,25,599,624
WBGene00011306,46,706,752
WBGene00011307,77,34,111
WBGene00011308,226,4343,4569
WBGene00011309,161,780,941
WBGene00011310,54,555,609
WBGene00011311,804,9491,10295
WBGene00011312,6,976,982
WBGene00011313,2,117,119
WBGene00011314,73,401,474
WBGene00011315,14,193,207
WBGene00011317,39,741,780
WBGene00011318,23,1018,1041
WBGene00011319,91,1060,1151
WBGene00011320,5,245,250
WBGene00011321,3,469,472
WBGene00011322,10,40,50
WBGene00011323,157,2408,2565
WBGene00011324,10,939,949
WBGene00011325,12,181,193
WBGene00011326,155,1555,1710
WBGene00011327,1,24,25
WBGene00011328,5223,6122,11345
WBGene00011329,136,2330,2466
WBGene00011330,103,2123,2226
WBGene00011331,2016,1075,3091
WBGene00011333,236,4850,5086
WBGene00011334,169,2525,2694
WBGene00011335,73,154,227
WBGene00011336,0,6,6
WBGene00011337,133,5362,5495
WBGene00011338,160,1027,1187
WBGene00011339,5,62,67
WBGene00011340,7,20,27
WBGene00011341,0,2,2
WBGene00011342,4,10,14
WBGene00011344,750,4421,5171
WBGene00011345,4,343,347
WBGene00011348,121,1056,1177
WBGene00011349,90,1476,1566
WBGene00011350,0,233,233
WBGene00011351,23,96,119
WBGene00011352,328,3183,3511
WBGene00011353,56,267,323
WBGene00011354,8,89,97
WBGene00011355,5,47,52
WBGene00011356,1,6,7
WBGene00011358,8,14,22
WBGene00011359,28,13,41
WBGene00011360,8,13,21
WBGene00011361,28,235,263
WBGene00011362,2,11,13
WBGene00011363,1,315,316
WBGene00011364,67,711,778
WBGene00011365,2,17,19
WBGene00011366,4,115,119
WBGene00011367,95,1888,1983
WBGene00011368,92,932,1024
WBGene00011371,56,261,317
WBGene00011372,405,330,735
WBGene00011373,0,0,0
WBGene00011374,473,4871,5344
WBGene00011375,157,1407,1564
WBGene00011376,44,749,793
WBGene00011378,14,11,25
WBGene00011379,6,20,26
WBGene00011380,41,363,404
WBGene00011381,18,306,324
WBGene00011382,84,889,973
WBGene00011383,183,4478,4661
WBGene00011384,87,113,200
WBGene00011385,108,457,565
WBGene00011386,1,32,33
WBGene00011387,8,3,11
WBGene00011388,7,1,8
WBGene00011389,0,0,0
WBGene00011390,2,1,3
WBGene00011391,196,1561,1757
WBGene00011392,423,53198,53621
WBGene00011393,34,582,616
WBGene00011394,49,698,747
WBGene00011395,2,2,4
WBGene00011396,3,12,15
WBGene00011397,22,371,393
WBGene00011398,446,6093,6539
WBGene00011399,0,719,719
WBGene00011400,247,1444,1691
WBGene00011401,2,38,40
WBGene00011402,12,10,22
WBGene00011403,9,27,36
WBGene00011404,197,1541,1738
WBGene00011407,98,987,1085
WBGene00011408,90,1831,1921
WBGene00011409,31,1796,1827
WBGene00011410,10,2049,2059
WBGene00011411,2,1067,1069
WBGene00011412,58,1632,1690
WBGene00011414,6,15,21
WBGene00011415,78,1124,1202
WBGene00011416,0,0,0
WBGene00011417,0,0,0
WBGene00011418,0,0,0
WBGene00011419,0,0,0
WBGene00011420,0,0,0
WBGene00011422,32,184,216
WBGene00011423,616,6701,7317
WBGene00011424,113,1246,1359
WBGene00011425,49,78,127
WBGene00011426,56,102,158
WBGene00011427,34,101,135
WBGene00011428,404,13345,13749
WBGene00011429,3,60,63
WBGene00011430,64,723,787
WBGene00011431,4,54,58
WBGene00011432,0,4,4
WBGene00011433,338,1607,1945
WBGene00011434,17,541,558
WBGene00011435,2,35,37
WBGene00011436,94,1680,1774
WBGene00011437,72,572,644
WBGene00011438,6,15,21
WBGene00011439,68,1530,1598
WBGene00011440,123,4287,4410
WBGene00011441,63,614,677
WBGene00011442,149,460,609
WBGene00011443,8,100,108
WBGene00011444,81,519,600
WBGene00011445,104,864,968
WBGene00011446,8,493,501
WBGene00011447,33,490,523
WBGene00011449,130,3620,3750
WBGene00011450,4,201,205
WBGene00011451,39,654,693
WBGene00011452,140,1484,1624
WBGene00011453,34,319,353
WBGene00011454,46,215,261
WBGene00011456,65,108,173
WBGene00011458,16,110,126
WBGene00011460,99,234,333
WBGene00011462,33,86,119
WBGene00011463,59,554,613
WBGene00011464,87,1306,1393
WBGene00011465,9,108,117
WBGene00011466,4,27,31
WBGene00011467,1,3,4
WBGene00011468,20,33,53
WBGene00011469,0,2,2
WBGene00011471,64,469,533
WBGene00011472,3,1,4
WBGene00011473,19,410,429
WBGene00011474,60,27420,27480
WBGene00011475,1,32,33
WBGene00011476,31,169,200
WBGene00011478,5,13,18
WBGene00011479,66,1056,1122
WBGene00011480,296,7696,7992
WBGene00011481,10,3899,3909
WBGene00011482,12,171,183
WBGene00011484,11,313,324
WBGene00011485,1,1,2
WBGene00011486,1,3,4
WBGene00011487,22,16,38
WBGene00011488,103,1337,1440
WBGene00011489,56,1674,1730
WBGene00011490,73,1274,1347
WBGene00011491,3,3,6
WBGene00011492,46,96,142
WBGene00011493,6,76,82
WBGene00011494,4,7,11
WBGene00011495,84,1963,2047
WBGene00011497,81,819,900
WBGene00011498,246,1609,1855
WBGene00011499,7,13,20
WBGene00011500,95,2110,2205
WBGene00011501,6,490,496
WBGene00011502,18,576,594
WBGene00011503,306,1774,2080
WBGene00011505,0,2,2
WBGene00011506,2,2,4
WBGene00011507,87,3524,3611
WBGene00011508,3,25,28
WBGene00011509,0,61,61
WBGene00011510,242,6721,6963
WBGene00011511,534,3937,4471
WBGene00011512,32,200,232
WBGene00011513,7,800,807
WBGene00011515,4,12,16
WBGene00011516,3,26,29
WBGene00011517,103,850,953
WBGene00011518,9,5,14
WBGene00011519,7,83,90
WBGene00011520,275,1707,1982
WBGene00011521,3,2553,2556
WBGene00011522,357,9017,9374
WBGene00011523,46,145,191
WBGene00011524,45,69,114
WBGene00011526,101,2027,2128
WBGene00011527,13,2340,2353
WBGene00011528,68,1833,1901
WBGene00011529,38,2298,2336
WBGene00011530,24,30,54
WBGene00011531,693,6898,7591
WBGene00011532,286,3146,3432
WBGene00011533,0,23,23
WBGene00011534,15,92,107
WBGene00011535,0,6,6
WBGene00011536,1,5,6
WBGene00011537,0,45,45
WBGene00011538,73,4430,4503
WBGene00011539,0,25,25
WBGene00011540,70,430,500
WBGene00011541,4,5,9
WBGene00011542,7,6,13
WBGene00011543,126,1652,1778
WBGene00011544,8,3,11
WBGene00011545,32,425,457
WBGene00011546,31,239,270
WBGene00011547,1,13,14
WBGene00011548,1,0,1
WBGene00011551,11,142,153
WBGene00011552,7,4,11
WBGene00011553,0,0,0
WBGene00011554,8,10,18
WBGene00011556,3,10,13
WBGene00011557,1,7,8
WBGene00011558,53,1176,1229
WBGene00011559,43,736,779
WBGene00011560,35,1664,1699
WBGene00011561,646,25267,25913
WBGene00011562,171,1861,2032
WBGene00011563,19,37,56
WBGene00011564,669,3692,4361
WBGene00011565,2,21,23
WBGene00011566,4,19,23
WBGene00011568,22,11,33
WBGene00011570,3,5,8
WBGene00011571,606,17524,18130
WBGene00011572,25,120,145
WBGene00011573,24,1921,1945
WBGene00011574,0,20,20
WBGene00011575,22,235,257
WBGene00011576,425,1463,1888
WBGene00011577,1,4,5
WBGene00011578,34,153,187
WBGene00011579,394,3883,4277
WBGene00011580,120,2401,2521
WBGene00011581,21,101,122
WBGene00011582,4,38,42
WBGene00011583,53,668,721
WBGene00011584,0,0,0
WBGene00011586,62,3731,3793
WBGene00011587,16,182,198
WBGene00011589,42,1215,1257
WBGene00011590,527,1467,1994
WBGene00011591,23,419,442
WBGene00011592,135,88,223
WBGene00011593,3,43,46
WBGene00011594,0,2,2
WBGene00011595,1,2,3
WBGene00011596,19,551,570
WBGene00011597,2112,691,2803
WBGene00011600,67,671,738
WBGene00011601,135,658,793
WBGene00011604,410,1615,2025
WBGene00011605,210,4079,4289
WBGene00011606,14,52,66
WBGene00011609,1,1,2
WBGene00011610,0,90,90
WBGene00011611,34,289,323
WBGene00011612,41,56,97
WBGene00011613,36,287,323
WBGene00011614,6,194,200
WBGene00011615,22,282,304
WBGene00011616,8,14,22
WBGene00011618,2,2,4
WBGene00011619,5,1,6
WBGene00011620,2,6,8
WBGene00011621,1,2,3
WBGene00011622,10,26,36
WBGene00011623,2,13,15
WBGene00011624,34,167,201
WBGene00011625,44,1358,1402
WBGene00011626,0,0,0
WBGene00011627,0,0,0
WBGene00011628,0,0,0
WBGene00011629,557,16842,17399
WBGene00011630,28,128,156
WBGene00011631,572,5141,5713
WBGene00011633,28,554,582
WBGene00011634,137,1748,1885
WBGene00011635,32,1050,1082
WBGene00011636,283,4206,4489
WBGene00011637,64,996,1060
WBGene00011638,22,2782,2804
WBGene00011639,579,5419,5998
WBGene00011640,6,223,229
WBGene00011641,0,877,877
WBGene00011642,4,63,67
WBGene00011643,25,158,183
WBGene00011644,58,863,921
WBGene00011645,27,518,545
WBGene00011646,4,31,35
WBGene00011647,1367,9440,10807
WBGene00011648,74,920,994
WBGene00011649,10,10,20
WBGene00011650,4,2,6
WBGene00011651,10,3,13
WBGene00011652,1,1,2
WBGene00011653,7,3,10
WBGene00011654,2,9,11
WBGene00011655,2,4,6
WBGene00011656,5,4,9
WBGene00011657,3,67,70
WBGene00011658,4,4,8
WBGene00011659,1,1,2
WBGene00011661,139,1802,1941
WBGene00011662,369,4903,5272
WBGene00011663,179,922,1101
WBGene00011664,47,665,712
WBGene00011665,2,7,9
WBGene00011666,0,9,9
WBGene00011668,3,18,21
WBGene00011669,4,1,5
WBGene00011670,5,87,92
WBGene00011671,46,113,159
WBGene00011672,484,7730,8214
WBGene00011673,12,231,243
WBGene00011674,18,121,139
WBGene00011675,71,111,182
WBGene00011676,50,623,673
WBGene00011677,98,207,305
WBGene00011678,21,545,566
WBGene00011679,75,2472,2547
WBGene00011680,38,697,735
WBGene00011681,330,2296,2626
WBGene00011682,51,188,239
WBGene00011683,473,5065,5538
WBGene00011684,49,705,754
WBGene00011685,0,5,5
WBGene00011686,3,3,6
WBGene00011687,22,4678,4700
WBGene00011688,42,1211,1253
WBGene00011689,63,253,316
WBGene00011691,5,14,19
WBGene00011692,1740,11109,12849
WBGene00011693,8,36,44
WBGene00011694,69,231,300
WBGene00011695,45,73,118
WBGene00011696,577,5357,5934
WBGene00011697,5,14,19
WBGene00011698,18,43,61
WBGene00011699,8,68,76
WBGene00011701,3,23,26
WBGene00011702,16,108,124
WBGene00011704,1,1,2
WBGene00011705,135,589,724
WBGene00011706,16,197,213
WBGene00011707,5,72,77
WBGene00011708,310,3562,3872
WBGene00011709,11,135,146
WBGene00011710,0,6,6
WBGene00011712,0,38,38
WBGene00011713,12,366,378
WBGene00011714,0,1,1
WBGene00011715,0,32,32
WBGene00011717,41,705,746
WBGene00011718,17,207,224
WBGene00011719,43,452,495
WBGene00011720,645,4271,4916
WBGene00011722,134,2427,2561
WBGene00011723,237,2138,2375
WBGene00011724,3,1,4
WBGene00011725,76,293,369
WBGene00011726,350,3948,4298
WBGene00011727,139,2080,2219
WBGene00011728,22,184,206
WBGene00011729,233,2824,3057
WBGene00011730,44,6307,6351
WBGene00011731,32,586,618
WBGene00011732,1141,3998,5139
WBGene00011733,415,39336,39751
WBGene00011734,151,6304,6455
WBGene00011735,682,6425,7107
WBGene00011736,157,6620,6777
WBGene00011737,349,14840,15189
WBGene00011738,115,1288,1403
WBGene00011739,23,1310,1333
WBGene00011740,256,2730,2986
WBGene00011741,9,88,97
WBGene00011742,56,1216,1272
WBGene00011743,277,5165,5442
WBGene00011744,17,52,69
WBGene00011745,56,194,250
WBGene00011746,77,1644,1721
WBGene00011747,93,2074,2167
WBGene00011749,0,32,32
WBGene00011750,2,7,9
WBGene00011751,0,5,5
WBGene00011752,25,316,341
WBGene00011753,1,1,2
WBGene00011754,35,236,271
WBGene00011755,1174,4378,5552
WBGene00011756,161,751,912
WBGene00011757,10,28,38
WBGene00011758,80,2701,2781
WBGene00011759,19,3306,3325
WBGene00011760,43,517,560
WBGene00011761,29,1019,1048
WBGene00011762,15,180,195
WBGene00011763,196,8139,8335
WBGene00011765,66,321,387
WBGene00011767,426,2227,2653
WBGene00011768,18,565,583
WBGene00011770,5,24,29
WBGene00011771,262,1885,2147
WBGene00011772,118,146,264
WBGene00011773,6,577,583
WBGene00011774,186,2197,2383
WBGene00011775,126,1695,1821
WBGene00011776,18,1161,1179
WBGene00011777,1,199,200
WBGene00011778,2,0,2
WBGene00011779,2,0,2
WBGene00011780,4,0,4
WBGene00011781,4,1,5
WBGene00011782,2,3,5
WBGene00011783,3,0,3
WBGene00011784,1,7,8
WBGene00011785,2,10,12
WBGene00011786,0,2,2
WBGene00011788,46,766,812
WBGene00011789,5,24,29
WBGene00011790,4,18,22
WBGene00011791,0,14,14
WBGene00011793,36,99,135
WBGene00011794,69,1012,1081
WBGene00011795,8,61,69
WBGene00011796,28,48,76
WBGene00011797,10,27,37
WBGene00011798,619,1210,1829
WBGene00011799,39,438,477
WBGene00011800,150,1490,1640
WBGene00011801,426,5342,5768
WBGene00011802,42,849,891
WBGene00011803,5,15,20
WBGene00011804,350,191,541
WBGene00011805,10,182,192
WBGene00011806,60,1569,1629
WBGene00011807,204,1088,1292
WBGene00011808,1,1,2
WBGene00011809,34,21,55
WBGene00011810,23,2,25
WBGene00011811,60,400,460
WBGene00011812,14,125,139
WBGene00011813,76,1155,1231
WBGene00011814,62,579,641
WBGene00011815,379,6343,6722
WBGene00011816,1,3,4
WBGene00011817,272,1888,2160
WBGene00011819,15,865,880
WBGene00011820,18,533,551
WBGene00011821,55,762,817
WBGene00011822,104,1517,1621
WBGene00011823,7,1856,1863
WBGene00011824,667,2183,2850
WBGene00011826,81,215,296
WBGene00011827,1519,2271,3790
WBGene00011828,10,712,722
WBGene00011829,52,131,183
WBGene00011830,66,1788,1854
WBGene00011831,3,100,103
WBGene00011832,65,1202,1267
WBGene00011833,5,86,91
WBGene00011834,39,1107,1146
WBGene00011835,28,1426,1454
WBGene00011836,0,26,26
WBGene00011837,7,46,53
WBGene00011838,13,172,185
WBGene00011839,39,1714,1753
WBGene00011840,0,0,0
WBGene00011841,0,4,4
WBGene00011844,18,110,128
WBGene00011846,9,134,143
WBGene00011847,6,37,43
WBGene00011848,26,52,78
WBGene00011849,59,8785,8844
WBGene00011850,79,317,396
WBGene00011852,4,15,19
WBGene00011853,0,10,10
WBGene00011854,406,620,1026
WBGene00011855,1,32,33
WBGene00011856,347,6660,7007
WBGene00011857,289,5022,5311
WBGene00011858,46,2936,2982
WBGene00011859,124,3812,3936
WBGene00011860,9,852,861
WBGene00011864,152,3868,4020
WBGene00011866,17,539,556
WBGene00011867,87,4224,4311
WBGene00011868,53,479,532
WBGene00011869,98,152030,152128
WBGene00011870,14,3779,3793
WBGene00011871,72,1018,1090
WBGene00011872,64,656,720
WBGene00011873,194,265,459
WBGene00011874,3,35,38
WBGene00011875,461,6779,7240
WBGene00011876,1,14,15
WBGene00011877,4,3,7
WBGene00011878,101,233,334
WBGene00011879,79,587,666
WBGene00011880,119,3016,3135
WBGene00011882,12,0,12
WBGene00011883,184,2094,2278
WBGene00011884,79,28274,28353
WBGene00011885,600,2460,3060
WBGene00011886,22,437,459
WBGene00011887,752,1370,2122
WBGene00011888,241,745,986
WBGene00011890,25,834,859
WBGene00011891,106,1466,1572
WBGene00011892,183,3665,3848
WBGene00011893,52,623,675
WBGene00011894,981,16561,17542
WBGene00011895,9,30,39
WBGene00011896,5,180,185
WBGene00011897,181,3567,3748
WBGene00011898,1,392,393
WBGene00011899,41,1125,1166
WBGene00011900,92,36,128
WBGene00011902,1,12,13
WBGene00011903,4,19,23
WBGene00011904,433,1354,1787
WBGene00011906,3,43,46
WBGene00011908,119,560,679
WBGene00011909,26,11,37
WBGene00011910,6,27,33
WBGene00011911,0,11,11
WBGene00011912,158,3283,3441
WBGene00011913,316,2261,2577
WBGene00011914,20,959,979
WBGene00011915,27,512,539
WBGene00011916,96,726,822
WBGene00011917,190,5075,5265
WBGene00011918,7,3,10
WBGene00011919,3,22,25
WBGene00011920,73,951,1024
WBGene00011921,4,3,7
WBGene00011922,5,56,61
WBGene00011923,21,136,157
WBGene00011924,68,804,872
WBGene00011925,87,559,646
WBGene00011926,33,185,218
WBGene00011927,13,405,418
WBGene00011928,24,74,98
WBGene00011929,0,0,0
WBGene00011930,109,380,489
WBGene00011931,15,899,914
WBGene00011932,171,858,1029
WBGene00011934,0,293,293
WBGene00011935,74,1649,1723
WBGene00011936,161,3247,3408
WBGene00011937,0,4,4
WBGene00011938,15,64,79
WBGene00011939,224,1016,1240
WBGene00011940,433,1611,2044
WBGene00011941,91,659,750
WBGene00011942,0,0,0
WBGene00011943,0,4,4
WBGene00011944,900,11772,12672
WBGene00011945,127,575,702
WBGene00011947,0,0,0
WBGene00011948,7,64,71
WBGene00011949,8,34,42
WBGene00011950,0,2,2
WBGene00011951,7,21,28
WBGene00011952,39,122,161
WBGene00011953,1032,7294,8326
WBGene00011954,0,6,6
WBGene00011955,107,1426,1533
WBGene00011956,28,720,748
WBGene00011957,145,914,1059
WBGene00011958,20,94,114
WBGene00011959,4,1120,1124
WBGene00011960,21,267,288
WBGene00011961,2,1,3
WBGene00011962,121,1755,1876
WBGene00011963,105,707,812
WBGene00011964,80,919,999
WBGene00011965,99,1335,1434
WBGene00011966,1636,31486,33122
WBGene00011967,263,5763,6026
WBGene00011968,3,58,61
WBGene00011969,8,1573,1581
WBGene00011970,351,1456,1807
WBGene00011971,196,3071,3267
WBGene00011972,235,1717,1952
WBGene00011973,11,23,34
WBGene00011974,38,196,234
WBGene00011975,177,2328,2505
WBGene00011976,231,1373,1604
WBGene00011977,305,19947,20252
WBGene00011978,479,6174,6653
WBGene00011979,2,9,11
WBGene00011980,351,3051,3402
WBGene00011981,1,13,14
WBGene00011982,4,20,24
WBGene00011983,1,35,36
WBGene00011984,38,799,837
WBGene00011985,77,1563,1640
WBGene00011986,1,198,199
WBGene00011988,59,518,577
WBGene00011989,4,0,4
WBGene00011990,9,157,166
WBGene00011991,10,3,13
WBGene00011992,0,1,1
WBGene00011993,0,0,0
WBGene00011994,17,1125,1142
WBGene00011995,418,2774,3192
WBGene00011996,23,475,498
WBGene00011997,30,1761,1791
WBGene00011999,8,74,82
WBGene00012000,36,1372,1408
WBGene00012002,81,1151,1232
WBGene00012003,38,30,68
WBGene00012004,102,1892,1994
WBGene00012005,4139,1115,5254
WBGene00012007,32,1694,1726
WBGene00012008,0,9,9
WBGene00012009,59,200,259
WBGene00012010,11,42,53
WBGene00012011,0,1,1
WBGene00012012,1,3,4
WBGene00012013,190,690,880
WBGene00012014,131,2020,2151
WBGene00012015,414,3739,4153
WBGene00012016,107,499,606
WBGene00012017,54,60,114
WBGene00012018,284,2915,3199
WBGene00012019,2210,2174,4384
WBGene00012020,22,743,765
WBGene00012021,4,19,23
WBGene00012022,9,9,18
WBGene00012023,9,25,34
WBGene00012024,0,2,2
WBGene00012025,4,11,15
WBGene00012026,3,12,15
WBGene00012027,5,10,15
WBGene00012028,4,45,49
WBGene00012029,127,1413,1540
WBGene00012030,368,15760,16128
WBGene00012031,87,3501,3588
WBGene00012032,4,18,22
WBGene00012033,310,1211,1521
WBGene00012034,60,1203,1263
WBGene00012035,12,420,432
WBGene00012036,0,7,7
WBGene00012037,1035,8278,9313
WBGene00012038,0,6,6
WBGene00012039,0,0,0
WBGene00012040,0,9,9
WBGene00012041,2,3,5
WBGene00012042,15,184,199
WBGene00012043,4,16,20
WBGene00012044,5,66,71
WBGene00012045,2,6,8
WBGene00012046,4,1,5
WBGene00012049,1,0,1
WBGene00012050,0,2,2
WBGene00012051,17,12,29
WBGene00012052,2,1,3
WBGene00012054,4,2,6
WBGene00012055,1,12,13
WBGene00012056,2,14,16
WBGene00012057,0,0,0
WBGene00012059,227,4295,4522
WBGene00012060,0,1,1
WBGene00012061,0,2,2
WBGene00012062,28,278,306
WBGene00012063,0,2,2
WBGene00012064,0,0,0
WBGene00012065,0,0,0
WBGene00012066,5,0,5
WBGene00012067,2,1,3
WBGene00012068,23,207,230
WBGene00012069,23,216,239
WBGene00012070,79,286,365
WBGene00012072,3,13,16
WBGene00012073,45,427,472
WBGene00012074,5,8,13
WBGene00012075,0,1,1
WBGene00012076,0,0,0
WBGene00012077,5,2,7
WBGene00012080,0,0,0
WBGene00012081,7,0,7
WBGene00012083,3,0,3
WBGene00012084,48,487,535
WBGene00012085,177,4308,4485
WBGene00012086,7,4,11
WBGene00012087,10,1,11
WBGene00012088,2,8,10
WBGene00012089,1,6,7
WBGene00012090,2,2,4
WBGene00012091,11,4,15
WBGene00012093,5,10,15
WBGene00012094,0,6814,6814
WBGene00012095,168,1405,1573
WBGene00012096,0,2,2
WBGene00012097,434,47668,48102
WBGene00012099,151,297,448
WBGene00012100,560,4459,5019
WBGene00012101,18,7410,7428
WBGene00012102,9,28,37
WBGene00012103,7,108,115
WBGene00012104,441,8453,8894
WBGene00012105,77,762,839
WBGene00012106,43,548,591
WBGene00012107,5,82,87
WBGene00012108,6,5,11
WBGene00012109,27,441,468
WBGene00012110,33,351,384
WBGene00012111,29,315,344
WBGene00012112,92,929,1021
WBGene00012113,76,26044,26120
WBGene00012114,55,217,272
WBGene00012115,10,36,46
WBGene00012116,44,222,266
WBGene00012117,1369,13801,15170
WBGene00012118,282,1747,2029
WBGene00012119,4,55,59
WBGene00012120,2,92,94
WBGene00012121,419,5549,5968
WBGene00012122,15,1388,1403
WBGene00012123,7,68,75
WBGene00012124,33,588,621
WBGene00012125,214,1511,1725
WBGene00012126,818,1479,2297
WBGene00012127,39,620,659
WBGene00012128,229,3591,3820
WBGene00012130,40,324,364
WBGene00012131,35,311,346
WBGene00012132,65,622,687
WBGene00012134,155,1651,1806
WBGene00012135,52,189,241
WBGene00012136,1237,5446,6683
WBGene00012137,262,644,906
WBGene00012138,24,149,173
WBGene00012139,1633,1842,3475
WBGene00012140,1312,114800,116112
WBGene00012142,135,856,991
WBGene00012143,58,474,532
WBGene00012144,127,5631,5758
WBGene00012145,31,831,862
WBGene00012146,0,0,0
WBGene00012147,13,51,64
WBGene00012148,294,73553,73847
WBGene00012149,330,1936,2266
WBGene00012150,72,572,644
WBGene00012151,411,303,714
WBGene00012152,104,1798,1902
WBGene00012155,14,213,227
WBGene00012156,4,1193,1197
WBGene00012157,235,1483,1718
WBGene00012158,4302,17518,21820
WBGene00012159,1,4,5
WBGene00012162,9,287,296
WBGene00012163,9,47,56
WBGene00012164,215,218,433
WBGene00012165,137,300,437
WBGene00012166,39,7684,7723
WBGene00012167,15,1197,1212
WBGene00012168,279,610,889
WBGene00012169,5,3,8
WBGene00012170,11,10,21
WBGene00012171,0,21,21
WBGene00012172,9,48,57
WBGene00012173,0,14,14
WBGene00012174,5,5,10
WBGene00012175,9,18,27
WBGene00012176,7,9,16
WBGene00012177,0,3,3
WBGene00012178,119,562,681
WBGene00012179,1461,86834,88295
WBGene00012180,150,37,187
WBGene00012181,15,6,21
WBGene00012182,170,5975,6145
WBGene00012183,0,253,253
WBGene00012184,31,248,279
WBGene00012185,98,1357,1455
WBGene00012186,5,27,32
WBGene00012187,52,1690,1742
WBGene00012188,198,1376,1574
WBGene00012190,41,71,112
WBGene00012191,201,256,457
WBGene00012192,130,651,781
WBGene00012193,1264,8370,9634
WBGene00012194,92,2371,2463
WBGene00012195,38,126,164
WBGene00012196,17,193,210
WBGene00012197,91,1557,1648
WBGene00012198,14,399,413
WBGene00012199,2,7,9
WBGene00012200,1,1,2
WBGene00012201,60,556,616
WBGene00012202,17,51,68
WBGene00012203,169,2992,3161
WBGene00012204,82,5156,5238
WBGene00012205,43,1480,1523
WBGene00012206,35,1308,1343
WBGene00012207,8,3,11
WBGene00012208,84,1021,1105
WBGene00012209,25,568,593
WBGene00012210,7,741,748
WBGene00012211,4,25,29
WBGene00012212,0,14,14
WBGene00012213,0,17,17
WBGene00012214,1,2,3
WBGene00012215,8,10,18
WBGene00012216,74,7238,7312
WBGene00012217,25,90,115
WBGene00012219,12,150,162
WBGene00012220,116,549,665
WBGene00012221,225,5790,6015
WBGene00012222,97,298,395
WBGene00012223,0,1,1
WBGene00012224,5,11,16
WBGene00012225,83,287,370
WBGene00012226,832,1609,2441
WBGene00012227,11,53,64
WBGene00012228,24,102,126
WBGene00012230,532,2000,2532
WBGene00012231,7,8,15
WBGene00012232,2,0,2
WBGene00012233,20,21,41
WBGene00012234,475,2094,2569
WBGene00012235,162,922,1084
WBGene00012236,114,588,702
WBGene00012237,17,319,336
WBGene00012238,31,9,40
WBGene00012239,199,7601,7800
WBGene00012240,0,10,10
WBGene00012241,194,502,696
WBGene00012242,2,16,18
WBGene00012243,60,1662,1722
WBGene00012244,64,10216,10280
WBGene00012245,825,8675,9500
WBGene00012246,4,8,12
WBGene00012247,0,0,0
WBGene00012248,0,0,0
WBGene00012249,1,2,3
WBGene00012250,5,1,6
WBGene00012251,5,146,151
WBGene00012252,230,1991,2221
WBGene00012253,83,6975,7058
WBGene00012254,81,384,465
WBGene00012255,4,87,91
WBGene00012256,1,17,18
WBGene00012257,0,9,9
WBGene00012258,30,1372,1402
WBGene00012259,148,795,943
WBGene00012260,2,3,5
WBGene00012261,3,33,36
WBGene00012264,22,41,63
WBGene00012265,123,142,265
WBGene00012266,22,103,125
WBGene00012267,0,2,2
WBGene00012268,12,172,184
WBGene00012269,16,15,31
WBGene00012270,19,44,63
WBGene00012271,11,50,61
WBGene00012272,119,133,252
WBGene00012274,949,5117,6066
WBGene00012275,112,226,338
WBGene00012276,188,3795,3983
WBGene00012277,98,1462,1560
WBGene00012278,1,0,1
WBGene00012279,12,401,413
WBGene00012280,8,88,96
WBGene00012281,194,518,712
WBGene00012282,40,596,636
WBGene00012283,3,4,7
WBGene00012285,6,7,13
WBGene00012286,2,4,6
WBGene00012287,0,4,4
WBGene00012288,1,7,8
WBGene00012289,414,3638,4052
WBGene00012290,13,837,850
WBGene00012291,570,3054,3624
WBGene00012293,80,918,998
WBGene00012294,0,20,20
WBGene00012295,25,191,216
WBGene00012296,5,33,38
WBGene00012297,6,24,30
WBGene00012298,101,2647,2748
WBGene00012299,3,49,52
WBGene00012300,0,0,0
WBGene00012301,0,4,4
WBGene00012302,0,0,0
WBGene00012303,3,2,5
WBGene00012304,31,3,34
WBGene00012305,0,0,0
WBGene00012306,671,1288,1959
WBGene00012307,33,228,261
WBGene00012308,4,6,10
WBGene00012309,1,2,3
WBGene00012310,1,0,1
WBGene00012311,1,2,3
WBGene00012312,0,0,0
WBGene00012313,0,1,1
WBGene00012314,0,0,0
WBGene00012315,123,2238,2361
WBGene00012316,248,965,1213
WBGene00012317,235,3079,3314
WBGene00012318,2,8,10
WBGene00012319,475,2535,3010
WBGene00012321,8,52,60
WBGene00012322,89,1211,1300
WBGene00012323,1,9,10
WBGene00012324,5,157,162
WBGene00012325,21,101,122
WBGene00012326,460,1182,1642
WBGene00012328,25,147,172
WBGene00012329,14,10,24
WBGene00012330,65,695,760
WBGene00012332,27,270,297
WBGene00012333,14,37,51
WBGene00012334,23,11,34
WBGene00012335,2,7,9
WBGene00012336,14,24,38
WBGene00012337,373,3110,3483
WBGene00012339,403,6091,6494
WBGene00012340,98,339,437
WBGene00012341,170,1867,2037
WBGene00012342,219,2681,2900
WBGene00012343,122,1987,2109
WBGene00012344,291,5827,6118
WBGene00012345,12,26,38
WBGene00012346,6,1,7
WBGene00012347,883,948,1831
WBGene00012348,1853,5654,7507
WBGene00012349,4,2,6
WBGene00012351,4665,41999,46664
WBGene00012352,225,968,1193
WBGene00012353,144,1920,2064
WBGene00012354,677,56131,56808
WBGene00012356,27,537,564
WBGene00012357,5,50,55
WBGene00012358,266,3354,3620
WBGene00012359,97,1180,1277
WBGene00012360,421,2346,2767
WBGene00012361,36,2925,2961
WBGene00012362,1370,3248,4618
WBGene00012363,328,1004,1332
WBGene00012364,142,779,921
WBGene00012365,93,1321,1414
WBGene00012366,222,2599,2821
WBGene00012369,139,1377,1516
WBGene00012370,532,741,1273
WBGene00012371,605,521,1126
WBGene00012372,70,274,344
WBGene00012373,4,3,7
WBGene00012374,7,69,76
WBGene00012375,41,2996,3037
WBGene00012376,551,20681,21232
WBGene00012378,0,7,7
WBGene00012379,0,15,15
WBGene00012380,0,1,1
WBGene00012381,105,1064,1169
WBGene00012382,6426,136674,143100
WBGene00012383,2318,41435,43753
WBGene00012385,107,1077,1184
WBGene00012386,76952,1378,78330
WBGene00012387,72,284,356
WBGene00012388,66,7,73
WBGene00012389,698,1797,2495
WBGene00012390,189,656,845
WBGene00012391,40,530,570
WBGene00012393,179,908,1087
WBGene00012394,22,15,37
WBGene00012395,2,1217,1219
WBGene00012396,7,121,128
WBGene00012397,0,17,17
WBGene00012398,88,1122,1210
WBGene00012399,135,310,445
WBGene00012400,8,43,51
WBGene00012401,0,5,5
WBGene00012402,1,3,4
WBGene00012404,26,674,700
WBGene00012405,0,1,1
WBGene00012406,3,6,9
WBGene00012407,22,499,521
WBGene00012408,25,175,200
WBGene00012409,4,3,7
WBGene00012411,0,0,0
WBGene00012412,143,121,264
WBGene00012413,8,98,106
WBGene00012414,3,18,21
WBGene00012415,21,15,36
WBGene00012416,12,63,75
WBGene00012420,7,2927,2934
WBGene00012421,173,2687,2860
WBGene00012422,1,4,5
WBGene00012423,642,1901,2543
WBGene00012424,1121,8198,9319
WBGene00012425,20,51,71
WBGene00012428,12,4,16
WBGene00012429,1,3,4
WBGene00012431,4,407,411
WBGene00012432,58,225,283
WBGene00012433,5,24,29
WBGene00012434,357,3689,4046
WBGene00012435,12,1067,1079
WBGene00012436,1,108,109
WBGene00012437,245,1960,2205
WBGene00012439,24,1149,1173
WBGene00012440,6,1179,1185
WBGene00012441,29,234,263
WBGene00012442,28,60,88
WBGene00012443,740,13805,14545
WBGene00012444,6,10411,10417
WBGene00012445,24,134,158
WBGene00012446,51,196,247
WBGene00012448,16,17,33
WBGene00012449,93,314,407
WBGene00012450,31,80,111
WBGene00012451,8,13,21
WBGene00012452,166,1887,2053
WBGene00012454,0,0,0
WBGene00012455,27,68,95
WBGene00012456,21,153,174
WBGene00012457,40,105,145
WBGene00012458,475,2403,2878
WBGene00012459,80,1214,1294
WBGene00012460,69,686,755
WBGene00012461,330,337,667
WBGene00012462,1385,1549,2934
WBGene00012463,580,1943,2523
WBGene00012464,55,323,378
WBGene00012465,237,1993,2230
WBGene00012466,1773,2116,3889
WBGene00012467,126,450,576
WBGene00012468,521,4077,4598
WBGene00012469,94,451,545
WBGene00012470,4,5,9
WBGene00012471,229,8205,8434
WBGene00012472,327,1243,1570
WBGene00012473,182,254,436
WBGene00012474,381,2636,3017
WBGene00012475,18,233,251
WBGene00012476,87,134,221
WBGene00012477,50,101,151
WBGene00012478,220,1372,1592
WBGene00012479,187,1913,2100
WBGene00012480,12,42,54
WBGene00012481,20,516,536
WBGene00012482,0,3,3
WBGene00012483,15,1345,1360
WBGene00012484,11,3486,3497
WBGene00012486,7,3,10
WBGene00012487,3,69,72
WBGene00012488,6,0,6
WBGene00012489,0,0,0
WBGene00012490,3,8,11
WBGene00012491,73,140,213
WBGene00012492,1,43,44
WBGene00012494,239,1311,1550
WBGene00012496,111,1605,1716
WBGene00012497,66,3003,3069
WBGene00012500,5,10,15
WBGene00012501,1,0,1
WBGene00012502,1,5,6
WBGene00012503,3,26,29
WBGene00012504,0,5,5
WBGene00012505,2,3,5
WBGene00012509,0,0,0
WBGene00012510,0,3,3
WBGene00012512,7,195,202
WBGene00012513,2,128,130
WBGene00012514,44,584,628
WBGene00012515,10,7,17
WBGene00012516,0,2,2
WBGene00012518,0,38,38
WBGene00012519,1,3,4
WBGene00012520,3,0,3
WBGene00012521,1,11,12
WBGene00012522,705,2710,3415
WBGene00012523,0,1,1
WBGene00012524,119,1039,1158
WBGene00012525,11,48,59
WBGene00012526,2,25,27
WBGene00012527,114,993,1107
WBGene00012528,739,4412,5151
WBGene00012529,72,1312,1384
WBGene00012530,392,1024,1416
WBGene00012531,95,773,868
WBGene00012532,169,608,777
WBGene00012533,5,58,63
WBGene00012535,15,12,27
WBGene00012536,80,387,467
WBGene00012537,2,394,396
WBGene00012538,19,147,166
WBGene00012540,3,18,21
WBGene00012541,15,15,30
WBGene00012542,30,19,49
WBGene00012543,525,3589,4114
WBGene00012544,573,9290,9863
WBGene00012545,34,22,56
WBGene00012546,58,2182,2240
WBGene00012547,0,7,7
WBGene00012548,126,2108,2234
WBGene00012549,276,5,281
WBGene00012550,6,3032,3038
WBGene00012551,14,1311,1325
WBGene00012552,2,213,215
WBGene00012553,5477,55260,60737
WBGene00012554,358,9905,10263
WBGene00012555,48,358,406
WBGene00012556,98,1482,1580
WBGene00012557,1,10,11
WBGene00012558,302,2260,2562
WBGene00012559,534,684,1218
WBGene00012560,308,1085,1393
WBGene00012561,9,39,48
WBGene00012562,184,1393,1577
WBGene00012564,58,1301,1359
WBGene00012565,36,1025,1061
WBGene00012566,12,424,436
WBGene00012567,26,102,128
WBGene00012570,8,36,44
WBGene00012571,5,0,5
WBGene00012573,239,2996,3235
WBGene00012574,1,8,9
WBGene00012575,1,2,3
WBGene00012576,168,558,726
WBGene00012577,2,5,7
WBGene00012578,400,1251,1651
WBGene00012579,2,0,2
WBGene00012580,6,11,17
WBGene00012581,0,1,1
WBGene00012582,1,149,150
WBGene00012583,6,7,13
WBGene00012584,1835,5223,7058
WBGene00012585,474,553,1027
WBGene00012586,5,41,46
WBGene00012587,12,18,30
WBGene00012589,9,185,194
WBGene00012590,1,1,2
WBGene00012591,0,3799,3799
WBGene00012592,0,99,99
WBGene00012593,4,64,68
WBGene00012594,7,163,170
WBGene00012595,0,34,34
WBGene00012596,1,5,6
WBGene00012597,14,4,18
WBGene00012598,773,62,835
WBGene00012600,112,681,793
WBGene00012602,254,3174,3428
WBGene00012603,23,103,126
WBGene00012604,0,935,935
WBGene00012605,23,540,563
WBGene00012606,52,546,598
WBGene00012607,19,76,95
WBGene00012608,145,1844,1989
WBGene00012609,2,4,6
WBGene00012610,42,570,612
WBGene00012612,2,8,10
WBGene00012614,9,13,22
WBGene00012615,223,4066,4289
WBGene00012616,6,167,173
WBGene00012617,0,2,2
WBGene00012618,18,17,35
WBGene00012621,1,50,51
WBGene00012622,53,208,261
WBGene00012624,131,1101,1232
WBGene00012625,9,57,66
WBGene00012626,32,153,185
WBGene00012627,41,73,114
WBGene00012628,82,1044,1126
WBGene00012629,249,1180,1429
WBGene00012630,3,7,10
WBGene00012631,3,29,32
WBGene00012632,32,255,287
WBGene00012633,61,36,97
WBGene00012634,15,250,265
WBGene00012635,14,28,42
WBGene00012636,7,8,15
WBGene00012637,1,22,23
WBGene00012638,0,1,1
WBGene00012639,32,154,186
WBGene00012640,141,103,244
WBGene00012641,621,5684,6305
WBGene00012642,17,29,46
WBGene00012643,36,3591,3627
WBGene00012644,591,1637,2228
WBGene00012645,175,1873,2048
WBGene00012646,252,2763,3015
WBGene00012647,111,615,726
WBGene00012648,153,1551,1704
WBGene00012649,0,3,3
WBGene00012650,24,1072,1096
WBGene00012651,81,547,628
WBGene00012652,11,840,851
WBGene00012654,53,103,156
WBGene00012655,19,1,20
WBGene00012656,12,12,24
WBGene00012657,61,248,309
WBGene00012658,247,708,955
WBGene00012659,1,11,12
WBGene00012660,31,1566,1597
WBGene00012661,1,4,5
WBGene00012662,98,1200,1298
WBGene00012663,307,1231,1538
WBGene00012664,5,1324,1329
WBGene00012665,123,776,899
WBGene00012666,714,8335,9049
WBGene00012668,3383,11497,14880
WBGene00012669,32,144,176
WBGene00012670,16,13,29
WBGene00012671,7,30,37
WBGene00012672,4,17,21
WBGene00012673,29,213,242
WBGene00012674,381,1917,2298
WBGene00012675,331,1935,2266
WBGene00012676,444,1579,2023
WBGene00012678,37,232,269
WBGene00012679,3,19,22
WBGene00012681,3,3,6
WBGene00012682,12,12,24
WBGene00012683,2,14,16
WBGene00012684,10,16,26
WBGene00012686,7,3,10
WBGene00012688,7,14,21
WBGene00012689,4,27,31
WBGene00012691,0,1,1
WBGene00012692,1050,12248,13298
WBGene00012693,188,2521,2709
WBGene00012694,134,1188,1322
WBGene00012695,38,3240,3278
WBGene00012696,36,240,276
WBGene00012697,101,1409,1510
WBGene00012698,38,743,781
WBGene00012699,14,55,69
WBGene00012700,56,788,844
WBGene00012701,194,1105,1299
WBGene00012702,7,35,42
WBGene00012703,69,276,345
WBGene00012704,76,362,438
WBGene00012705,2,3,5
WBGene00012707,8,14,22
WBGene00012708,0,17,17
WBGene00012709,34,62,96
WBGene00012710,13,460,473
WBGene00012711,21,181,202
WBGene00012712,228,466,694
WBGene00012713,198,2297,2495
WBGene00012714,85,825,910
WBGene00012715,37,858,895
WBGene00012716,6,170,176
WBGene00012717,1009,15321,16330
WBGene00012718,978,500,1478
WBGene00012719,237,417,654
WBGene00012720,7,36,43
WBGene00012721,36,29,65
WBGene00012722,48,1720,1768
WBGene00012723,24,560,584
WBGene00012724,11,5,16
WBGene00012725,0,2,2
WBGene00012726,7,11,18
WBGene00012727,0,1,1
WBGene00012728,11,238,249
WBGene00012729,1,7,8
WBGene00012730,1364,1787,3151
WBGene00012731,3,32,35
WBGene00012732,333,800,1133
WBGene00012733,25,21,46
WBGene00012734,541,393,934
WBGene00012735,1150,2216,3366
WBGene00012738,89,3175,3264
WBGene00012739,2427,15917,18344
WBGene00012740,103,636,739
WBGene00012741,2,14,16
WBGene00012742,0,0,0
WBGene00012743,36,12,48
WBGene00012744,342,383,725
WBGene00012746,5,0,5
WBGene00012747,35,40,75
WBGene00012748,5,103,108
WBGene00012750,167,583,750
WBGene00012753,42,545,587
WBGene00012754,10,74,84
WBGene00012755,74,1088,1162
WBGene00012756,492,1266,1758
WBGene00012757,194,3186,3380
WBGene00012758,98,1169,1267
WBGene00012759,329,7826,8155
WBGene00012760,7354,640,7994
WBGene00012761,1,18,19
WBGene00012762,161,1882,2043
WBGene00012763,795,3601,4396
WBGene00012764,1,632,633
WBGene00012765,375,2549,2924
WBGene00012766,70,3992,4062
WBGene00012767,466,1272,1738
WBGene00012768,39,33696,33735
WBGene00012769,394,4290,4684
WBGene00012770,297,163,460
WBGene00012771,1,5,6
WBGene00012772,26,3,29
WBGene00012773,5,1,6
WBGene00012775,53,25,78
WBGene00012776,265,1388,1653
WBGene00012777,12,176,188
WBGene00012778,55,684,739
WBGene00012779,123,403,526
WBGene00012780,9,29,38
WBGene00012781,0,27,27
WBGene00012782,172,2256,2428
WBGene00012783,206,26828,27034
WBGene00012784,33,66,99
WBGene00012785,0,2,2
WBGene00012786,2,14,16
WBGene00012787,12,95,107
WBGene00012788,176,13,189
WBGene00012789,1,1,2
WBGene00012790,0,0,0
WBGene00012791,132,136,268
WBGene00012792,0,8,8
WBGene00012794,165,4077,4242
WBGene00012795,21,378,399
WBGene00012796,110,527,637
WBGene00012798,10,32,42
WBGene00012799,1,23,24
WBGene00012802,127,654,781
WBGene00012803,40,1772,1812
WBGene00012804,230,722,952
WBGene00012806,39,910,949
WBGene00012807,77,1127,1204
WBGene00012808,44,152,196
WBGene00012809,3,0,3
WBGene00012810,11,111,122
WBGene00012811,123,302,425
WBGene00012812,881,8438,9319
WBGene00012813,2530,15422,17952
WBGene00012814,60,94,154
WBGene00012815,25,173,198
WBGene00012816,4,20,24
WBGene00012818,5,7,12
WBGene00012819,51,488,539
WBGene00012820,48,9,57
WBGene00012821,102,1426,1528
WBGene00012822,2,43,45
WBGene00012823,29,285,314
WBGene00012824,93,335,428
WBGene00012825,1197,9023,10220
WBGene00012826,95,456,551
WBGene00012827,3,8,11
WBGene00012828,948,440,1388
WBGene00012829,506,2849,3355
WBGene00012830,44,982,1026
WBGene00012831,4,11,15
WBGene00012832,504,4,508
WBGene00012833,27,398,425
WBGene00012834,41,237,278
WBGene00012835,192,1112,1304
WBGene00012836,3,0,3
WBGene00012837,1,7,8
WBGene00012838,1,10,11
WBGene00012839,2,0,2
WBGene00012840,62,77,139
WBGene00012841,0,2,2
WBGene00012844,0,0,0
WBGene00012845,177,537,714
WBGene00012846,6,4,10
WBGene00012847,19,10,29
WBGene00012848,10,10,20
WBGene00012849,1,5,6
WBGene00012850,1863,16310,18173
WBGene00012851,4,105,109
WBGene00012852,32,28,60
WBGene00012853,196,13172,13368
WBGene00012854,135,2720,2855
WBGene00012855,4,8,12
WBGene00012856,73,129,202
WBGene00012857,373,1341,1714
WBGene00012858,86,1055,1141
WBGene00012859,44,177,221
WBGene00012860,78,667,745
WBGene00012861,26,805,831
WBGene00012862,0,0,0
WBGene00012863,4,6,10
WBGene00012864,35,250,285
WBGene00012866,148,685,833
WBGene00012867,48,627,675
WBGene00012868,1430,3487,4917
WBGene00012869,92,1145,1237
WBGene00012871,0,0,0
WBGene00012872,2,1,3
WBGene00012873,2,36,38
WBGene00012874,0,0,0
WBGene00012875,544,3176,3720
WBGene00012877,70,102,172
WBGene00012878,0,1,1
WBGene00012879,11,388,399
WBGene00012880,5,4,9
WBGene00012883,53,852,905
WBGene00012885,566,9896,10462
WBGene00012886,374,4635,5009
WBGene00012887,361,1626,1987
WBGene00012888,54,1215,1269
WBGene00012889,261,1069,1330
WBGene00012890,119,478,597
WBGene00012891,421,2297,2718
WBGene00012892,12,5,17
WBGene00012893,16,80,96
WBGene00012894,1683,1646,3329
WBGene00012895,247,812,1059
WBGene00012896,135,3680,3815
WBGene00012897,29,1670,1699
WBGene00012899,15,144,159
WBGene00012900,3,125,128
WBGene00012901,56,199,255
WBGene00012903,256,4384,4640
WBGene00012904,94,689,783
WBGene00012905,0,9,9
WBGene00012906,115,1437,1552
WBGene00012907,4224,8096,12320
WBGene00012908,415,1554,1969
WBGene00012909,246,259,505
WBGene00012910,24,200,224
WBGene00012911,184,1383,1567
WBGene00012912,1,14,15
WBGene00012913,0,0,0
WBGene00012914,2,3,5
WBGene00012915,170,345,515
WBGene00012916,1,2,3
WBGene00012917,39,6,45
WBGene00012919,145,600,745
WBGene00012920,150,305,455
WBGene00012921,0,425,425
WBGene00012922,6,122,128
WBGene00012923,36,312,348
WBGene00012925,6,31,37
WBGene00012926,2,66,68
WBGene00012927,75,879,954
WBGene00012928,93,2421,2514
WBGene00012929,978,3245,4223
WBGene00012930,976,2499,3475
WBGene00012931,177,885,1062
WBGene00012932,96,1432,1528
WBGene00012933,0,199,199
WBGene00012934,448,665,1113
WBGene00012935,383,942,1325
WBGene00012936,309,2396,2705
WBGene00012937,0,2,2
WBGene00012938,397,465,862
WBGene00012939,15,4,19
WBGene00012940,16,7,23
WBGene00012941,14,55,69
WBGene00012942,0,56,56
WBGene00012943,284,774,1058
WBGene00012945,0,0,0
WBGene00012946,7,92,99
WBGene00012947,5,63,68
WBGene00012948,605,916,1521
WBGene00012950,115,803,918
WBGene00012951,341,2240,2581
WBGene00012952,4,10,14
WBGene00012953,16,148,164
WBGene00012955,3,13,16
WBGene00012958,27,13,40
WBGene00012959,21,286,307
WBGene00012960,1344,2628,3972
WBGene00012961,60,728,788
WBGene00012962,59,342,401
WBGene00012964,69,4842,4911
WBGene00012965,0,3,3
WBGene00012966,10,1047,1057
WBGene00012967,199,212,411
WBGene00012968,231,1974,2205
WBGene00012969,1,72,73
WBGene00012970,41,242,283
WBGene00012972,152,1457,1609
WBGene00012973,1808,7408,9216
WBGene00012976,102,649,751
WBGene00012977,242,462,704
WBGene00012978,171,2497,2668
WBGene00012979,8,69,77
WBGene00012980,2635,5705,8340
WBGene00012981,9,35,44
WBGene00012982,356,1459,1815
WBGene00012983,377,3613,3990
WBGene00012984,98,474,572
WBGene00012985,76,16,92
WBGene00012987,668,7159,7827
WBGene00012988,1126,3461,4587
WBGene00012989,3709,1760,5469
WBGene00012990,1040,1477,2517
WBGene00012992,94,1355,1449
WBGene00012993,136,340,476
WBGene00012994,306,712,1018
WBGene00012995,623,1050,1673
WBGene00012996,204,1141,1345
WBGene00012997,39,810,849
WBGene00012998,644,822,1466
WBGene00012999,1075,3206,4281
WBGene00013000,809,356,1165
WBGene00013001,658,1461,2119
WBGene00013002,975,1060,2035
WBGene00013004,1196,6797,7993
WBGene00013006,483,514,997
WBGene00013007,14,12,26
WBGene00013008,322,6491,6813
WBGene00013009,16,170,186
WBGene00013011,60,585,645
WBGene00013013,101,1907,2008
WBGene00013014,276,1515,1791
WBGene00013015,179,998,1177
WBGene00013017,98,2085,2183
WBGene00013018,51,1195,1246
WBGene00013019,539,1669,2208
WBGene00013020,536,3878,4414
WBGene00013021,193,877,1070
WBGene00013023,38,310,348
WBGene00013024,40,290,330
WBGene00013025,336,5699,6035
WBGene00013026,4,1153,1157
WBGene00013027,27,220,247
WBGene00013028,13,39,52
WBGene00013029,77,1040,1117
WBGene00013030,176,1792,1968
WBGene00013033,26,307,333
WBGene00013034,2002,2520,4522
WBGene00013035,354,3385,3739
WBGene00013036,11,16,27
WBGene00013037,80,290,370
WBGene00013038,112,2247,2359
WBGene00013039,625,4678,5303
WBGene00013040,648,1523,2171
WBGene00013041,39,324,363
WBGene00013042,235,1200,1435
WBGene00013043,50,106,156
WBGene00013044,33,5,38
WBGene00013045,4,2,6
WBGene00013046,44,734,778
WBGene00013047,0,2,2
WBGene00013048,57,1555,1612
WBGene00013049,3,7,10
WBGene00013050,12,29,41
WBGene00013052,5,7,12
WBGene00013053,5,12,17
WBGene00013054,3,32,35
WBGene00013055,39,257,296
WBGene00013058,29,9,38
WBGene00013060,0,0,0
WBGene00013061,0,1,1
WBGene00013062,4,3,7
WBGene00013063,0,0,0
WBGene00013064,0,0,0
WBGene00013066,7,28,35
WBGene00013067,0,0,0
WBGene00013068,1,1,2
WBGene00013069,3,0,3
WBGene00013070,0,0,0
WBGene00013071,0,168,168
WBGene00013072,11,9,20
WBGene00013073,31,18,49
WBGene00013074,9,12,21
WBGene00013075,323,737,1060
WBGene00013076,65,116,181
WBGene00013077,6355,87439,93794
WBGene00013078,1600,25329,26929
WBGene00013079,14754,105180,119934
WBGene00013080,1651,8967,10618
WBGene00013081,781,20397,21178
WBGene00013082,270,929,1199
WBGene00013083,23,118,141
WBGene00013085,1,0,1
WBGene00013086,0,3,3
WBGene00013087,0,0,0
WBGene00013088,4,6,10
WBGene00013089,0,1,1
WBGene00013090,1,1,2
WBGene00013091,26,306,332
WBGene00013093,2145,1518,3663
WBGene00013094,1206,19244,20450
WBGene00013095,456,1148,1604
WBGene00013096,562,1228,1790
WBGene00013098,125,583,708
WBGene00013099,84,57,141
WBGene00013100,8,41,49
WBGene00013101,39,189,228
WBGene00013102,1,2,3
WBGene00013103,233,6270,6503
WBGene00013104,3023,64890,67913
WBGene00013105,2,3,5
WBGene00013106,153,2421,2574
WBGene00013107,5,44,49
WBGene00013109,131,12177,12308
WBGene00013111,425,5183,5608
WBGene00013115,3,0,3
WBGene00013116,49,61,110
WBGene00013117,3,0,3
WBGene00013118,100,654,754
WBGene00013119,671,737,1408
WBGene00013120,0,1,1
WBGene00013121,6,12,18
WBGene00013122,81,711,792
WBGene00013123,464,728,1192
WBGene00013124,1240,608,1848
WBGene00013125,17,59,76
WBGene00013126,12,1,13
WBGene00013127,85,538,623
WBGene00013128,220,1868,2088
WBGene00013129,844,5245,6089
WBGene00013130,0,2,2
WBGene00013131,273,69,342
WBGene00013132,229,1342,1571
WBGene00013135,63,522,585
WBGene00013136,96,1195,1291
WBGene00013137,113,580,693
WBGene00013138,10,3,13
WBGene00013139,66,768,834
WBGene00013140,45,1199,1244
WBGene00013141,29,28,57
WBGene00013142,199,17,216
WBGene00013143,17,1021,1038
WBGene00013144,1834,14816,16650
WBGene00013145,4,19,23
WBGene00013146,108,1153,1261
WBGene00013147,3,102,105
WBGene00013148,9,9,18
WBGene00013149,39,89,128
WBGene00013150,31,1411,1442
WBGene00013151,184,716,900
WBGene00013152,12,1,13
WBGene00013154,0,3,3
WBGene00013156,17,994,1011
WBGene00013157,7,14,21
WBGene00013158,6,30,36
WBGene00013159,145,433,578
WBGene00013160,1222,1636,2858
WBGene00013161,473,1461,1934
WBGene00013162,11,31,42
WBGene00013163,6,4,10
WBGene00013164,327,437,764
WBGene00013165,29,155,184
WBGene00013166,15,70,85
WBGene00013167,741,537,1278
WBGene00013168,190,2179,2369
WBGene00013169,20,289,309
WBGene00013170,5,4,9
WBGene00013171,96,9,105
WBGene00013172,0,0,0
WBGene00013173,31,3,34
WBGene00013175,11,37,48
WBGene00013176,71,697,768
WBGene00013177,534,2745,3279
WBGene00013178,115,1190,1305
WBGene00013179,2,11,13
WBGene00013180,65,447,512
WBGene00013181,10189,83628,93817
WBGene00013182,0,8,8
WBGene00013184,0,0,0
WBGene00013186,1,2,3
WBGene00013187,15,238,253
WBGene00013188,137,374,511
WBGene00013189,539,1284,1823
WBGene00013190,5,79,84
WBGene00013192,3,17,20
WBGene00013193,238,3486,3724
WBGene00013194,0,2,2
WBGene00013195,37,289,326
WBGene00013196,32,378,410
WBGene00013197,84,631,715
WBGene00013198,25,145,170
WBGene00013200,1091,19759,20850
WBGene00013201,111,1510,1621
WBGene00013202,128,2053,2181
WBGene00013203,115,1331,1446
WBGene00013204,82,1061,1143
WBGene00013207,6,9,15
WBGene00013208,48,574,622
WBGene00013209,152,2058,2210
WBGene00013210,0,6329,6329
WBGene00013211,128,773,901
WBGene00013212,168,297,465
WBGene00013213,153,1409,1562
WBGene00013214,108,1197,1305
WBGene00013215,88,1100,1188
WBGene00013216,181,6189,6370
WBGene00013217,223,904,1127
WBGene00013218,75,846,921
WBGene00013219,44,3227,3271
WBGene00013220,7,7,14
WBGene00013221,27,69,96
WBGene00013222,312,938,1250
WBGene00013223,426,2096,2522
WBGene00013224,144,1694,1838
WBGene00013225,383,1291,1674
WBGene00013226,32,2,34
WBGene00013227,37,314,351
WBGene00013228,2412,2640,5052
WBGene00013230,0,1,1
WBGene00013231,45,699,744
WBGene00013232,317,639,956
WBGene00013233,1,20,21
WBGene00013234,0,55,55
WBGene00013235,16,120,136
WBGene00013236,111,12723,12834
WBGene00013237,25,3125,3150
WBGene00013238,161,3542,3703
WBGene00013239,70,820,890
WBGene00013240,517,1020,1537
WBGene00013241,63,521,584
WBGene00013242,138,765,903
WBGene00013243,366,1203,1569
WBGene00013244,647,4086,4733
WBGene00013246,198,578,776
WBGene00013247,183,197,380
WBGene00013248,65,370,435
WBGene00013249,83,270,353
WBGene00013250,19,343,362
WBGene00013252,315,673,988
WBGene00013253,157,491,648
WBGene00013254,4,1,5
WBGene00013255,484,2952,3436
WBGene00013256,193,1675,1868
WBGene00013257,77,747,824
WBGene00013258,1311,529,1840
WBGene00013259,112,727,839
WBGene00013260,30,671,701
WBGene00013261,233,448,681
WBGene00013263,54,472,526
WBGene00013264,10,15,25
WBGene00013265,241,681,922
WBGene00013266,77,1932,2009
WBGene00013267,328,956,1284
WBGene00013268,48,303,351
WBGene00013269,13,3454,3467
WBGene00013270,329,867,1196
WBGene00013272,67,121,188
WBGene00013273,401,2263,2664
WBGene00013274,183,17,200
WBGene00013275,32,1246,1278
WBGene00013276,3,10,13
WBGene00013277,4,9,13
WBGene00013278,5,54,59
WBGene00013279,0,11,11
WBGene00013280,0,0,0
WBGene00013281,6,61,67
WBGene00013282,3,10,13
WBGene00013284,23,1789,1812
WBGene00013285,11,22,33
WBGene00013286,18,64,82
WBGene00013287,36,113,149
WBGene00013288,0,2,2
WBGene00013289,903,2917,3820
WBGene00013290,2,1,3
WBGene00013292,227,1275,1502
WBGene00013293,23,250,273
WBGene00013294,5,19,24
WBGene00013295,37,2501,2538
WBGene00013296,0,1,1
WBGene00013297,22,15,37
WBGene00013298,15,125,140
WBGene00013299,2,1,3
WBGene00013300,13,6,19
WBGene00013301,7,2740,2747
WBGene00013302,34,627,661
WBGene00013303,219,802,1021
WBGene00013304,42,94,136
WBGene00013305,2,29,31
WBGene00013306,4,84,88
WBGene00013307,215,6591,6806
WBGene00013308,1436,35161,36597
WBGene00013310,53,59,112
WBGene00013311,16,3826,3842
WBGene00013312,3,87,90
WBGene00013313,8,14,22
WBGene00013315,0,0,0
WBGene00013317,722,2314,3036
WBGene00013318,18,7,25
WBGene00013319,1,7,8
WBGene00013321,72,883,955
WBGene00013322,55,168,223
WBGene00013323,17,1828,1845
WBGene00013324,94,1719,1813
WBGene00013325,49,1009,1058
WBGene00013326,426,888,1314
WBGene00013327,256,549,805
WBGene00013328,9,1,10
WBGene00013329,4,177,181
WBGene00013330,2,50,52
WBGene00013331,59,41,100
WBGene00013332,35,1590,1625
WBGene00013333,42,208,250
WBGene00013334,151,1509,1660
WBGene00013335,30,128,158
WBGene00013336,29,88,117
WBGene00013337,9,27,36
WBGene00013338,6,8,14
WBGene00013339,315,1293,1608
WBGene00013340,292,1661,1953
WBGene00013343,733,3458,4191
WBGene00013344,45,50,95
WBGene00013345,113,2130,2243
WBGene00013347,1169,3464,4633
WBGene00013348,57,902,959
WBGene00013349,13,686,699
WBGene00013350,324,506,830
WBGene00013351,6,0,6
WBGene00013352,164,894,1058
WBGene00013353,171,338,509
WBGene00013354,625,2116,2741
WBGene00013355,411,2323,2734
WBGene00013356,33,100,133
WBGene00013357,20,0,20
WBGene00013358,58,540,598
WBGene00013359,60,959,1019
WBGene00013360,349,6284,6633
WBGene00013361,390,668,1058
WBGene00013362,126,402,528
WBGene00013364,15,145,160
WBGene00013365,198,1700,1898
WBGene00013366,436,1392,1828
WBGene00013367,4,2,6
WBGene00013368,8,36,44
WBGene00013370,0,1,1
WBGene00013371,0,2,2
WBGene00013373,33,2062,2095
WBGene00013374,0,14,14
WBGene00013375,47,109,156
WBGene00013376,99,810,909
WBGene00013378,65,5687,5752
WBGene00013379,1279,2663,3942
WBGene00013380,6,865,871
WBGene00013381,367,313,680
WBGene00013382,98,1622,1720
WBGene00013383,18,165,183
WBGene00013385,66,492,558
WBGene00013387,170,601,771
WBGene00013388,10,115,125
WBGene00013389,8,25,33
WBGene00013390,1,0,1
WBGene00013391,2,1,3
WBGene00013392,5,10,15
WBGene00013393,0,0,0
WBGene00013394,0,0,0
WBGene00013395,7,46,53
WBGene00013396,2,1,3
WBGene00013397,15,7,22
WBGene00013398,9,58,67
WBGene00013399,9,21,30
WBGene00013400,0,2,2
WBGene00013401,84,258,342
WBGene00013402,4,51,55
WBGene00013403,18,196,214
WBGene00013404,1,67,68
WBGene00013405,77,523,600
WBGene00013406,191,2588,2779
WBGene00013407,75,265,340
WBGene00013408,2,6,8
WBGene00013409,2,37,39
WBGene00013411,2,1,3
WBGene00013412,1,8,9
WBGene00013415,298,1474,1772
WBGene00013416,321,725,1046
WBGene00013417,90,67,157
WBGene00013418,66,645,711
WBGene00013419,45,79,124
WBGene00013421,0,2,2
WBGene00013422,126,498,624
WBGene00013424,19,201,220
WBGene00013425,227,736,963
WBGene00013426,24,150,174
WBGene00013427,3,115,118
WBGene00013429,13,20,33
WBGene00013431,315,785,1100
WBGene00013432,12,248,260
WBGene00013433,8,687,695
WBGene00013434,228,1689,1917
WBGene00013435,224,1068,1292
WBGene00013436,196,2446,2642
WBGene00013437,9,21,30
WBGene00013438,3,474,477
WBGene00013439,15,87,102
WBGene00013440,55,153,208
WBGene00013441,266,1119,1385
WBGene00013442,46,357,403
WBGene00013443,208,533,741
WBGene00013445,71,500,571
WBGene00013446,324,961,1285
WBGene00013447,485,662,1147
WBGene00013448,427,2961,3388
WBGene00013449,5,28,33
WBGene00013450,4,2,6
WBGene00013451,7,4,11
WBGene00013452,5,9,14
WBGene00013453,23,245,268
WBGene00013454,3,9,12
WBGene00013455,315,1418,1733
WBGene00013456,85,711,796
WBGene00013457,16,15,31
WBGene00013458,83,612,695
WBGene00013459,143,1269,1412
WBGene00013460,503,1306,1809
WBGene00013461,406,2180,2586
WBGene00013462,166,3695,3861
WBGene00013463,0,5131,5131
WBGene00013464,151,1391,1542
WBGene00013465,125,1250,1375
WBGene00013466,0,6,6
WBGene00013468,1,4,5
WBGene00013469,3,4,7
WBGene00013470,6,6,12
WBGene00013471,3,1,4
WBGene00013472,0,1,1
WBGene00013473,2,0,2
WBGene00013474,0,9,9
WBGene00013475,0,2,2
WBGene00013476,0,4,4
WBGene00013477,61,2403,2464
WBGene00013478,1,33,34
WBGene00013479,56,115,171
WBGene00013480,44,41,85
WBGene00013481,746,8011,8757
WBGene00013482,84,542,626
WBGene00013483,1,9,10
WBGene00013484,64,149,213
WBGene00013485,424,936,1360
WBGene00013486,74,174,248
WBGene00013487,14,8,22
WBGene00013489,83,70524,70607
WBGene00013490,5,46,51
WBGene00013491,0,0,0
WBGene00013492,2,19,21
WBGene00013493,0,27,27
WBGene00013494,30,49,79
WBGene00013496,68,87,155
WBGene00013497,43,153,196
WBGene00013498,12,39,51
WBGene00013499,62,209,271
WBGene00013500,0,0,0
WBGene00013501,0,8,8
WBGene00013502,6,1,7
WBGene00013503,23,1,24
WBGene00013505,6,3,9
WBGene00013506,328,278,606
WBGene00013507,21,80,101
WBGene00013508,6,6,12
WBGene00013509,28,279,307
WBGene00013511,6,23,29
WBGene00013512,10,10,20
WBGene00013513,8,85,93
WBGene00013514,149,1242,1391
WBGene00013515,1690,23642,25332
WBGene00013516,617,9090,9707
WBGene00013517,166,135,301
WBGene00013518,293,1101,1394
WBGene00013519,2,1,3
WBGene00013520,20,12,32
WBGene00013521,0,9,9
WBGene00013522,225,609,834
WBGene00013523,0,0,0
WBGene00013524,0,0,0
WBGene00013525,7,8,15
WBGene00013526,6,14,20
WBGene00013527,10,0,10
WBGene00013528,1,1,2
WBGene00013529,294,1095,1389
WBGene00013530,581,1320,1901
WBGene00013531,114,351,465
WBGene00013532,16,1604,1620
WBGene00013534,188,150,338
WBGene00013536,234,93,327
WBGene00013538,347,2078,2425
WBGene00013539,50,300,350
WBGene00013540,343,416,759
WBGene00013541,42,210,252
WBGene00013542,55,274,329
WBGene00013543,143,179,322
WBGene00013544,402,3953,4355
WBGene00013545,806,2129,2935
WBGene00013547,9,23,32
WBGene00013548,517,1722,2239
WBGene00013549,285,999,1284
WBGene00013550,106,3404,3510
WBGene00013551,80,428,508
WBGene00013552,10,551,561
WBGene00013553,169,1967,2136
WBGene00013554,123,181,304
WBGene00013555,18,185,203
WBGene00013556,120,474,594
WBGene00013557,799,2062,2861
WBGene00013558,204,1125,1329
WBGene00013559,381,1785,2166
WBGene00013560,564,4512,5076
WBGene00013561,202,1749,1951
WBGene00013562,26,110,136
WBGene00013563,131,139,270
WBGene00013564,34,57,91
WBGene00013565,0,4,4
WBGene00013566,1,2,3
WBGene00013567,59,772,831
WBGene00013568,127,3136,3263
WBGene00013569,95,5074,5169
WBGene00013570,0,0,0
WBGene00013572,0,0,0
WBGene00013573,62,34,96
WBGene00013574,138,100,238
WBGene00013575,48,470,518
WBGene00013576,11,249,260
WBGene00013577,1194,12451,13645
WBGene00013578,69,289,358
WBGene00013579,91,22,113
WBGene00013580,2073,2419,4492
WBGene00013581,2,3,5
WBGene00013583,4,6,10
WBGene00013584,112,589,701
WBGene00013585,47,368,415
WBGene00013586,14,4,18
WBGene00013587,63,193,256
WBGene00013588,228,3383,3611
WBGene00013590,0,42,42
WBGene00013591,126,1268,1394
WBGene00013592,30,26,56
WBGene00013593,265,1523,1788
WBGene00013594,601,1240,1841
WBGene00013595,280,2296,2576
WBGene00013596,66,2164,2230
WBGene00013597,550,5198,5748
WBGene00013598,191,2377,2568
WBGene00013599,334,552,886
WBGene00013601,57,308,365
WBGene00013602,22,97,119
WBGene00013603,200,2782,2982
WBGene00013604,135,1352,1487
WBGene00013605,105,1385,1490
WBGene00013606,507,1364,1871
WBGene00013607,2,26,28
WBGene00013608,0,2,2
WBGene00013609,4,177,181
WBGene00013610,25,911,936
WBGene00013611,20,762,782
WBGene00013613,4,22,26
WBGene00013616,0,0,0
WBGene00013619,1,14,15
WBGene00013620,8,9,17
WBGene00013621,1,0,1
WBGene00013622,0,0,0
WBGene00013623,51,869,920
WBGene00013626,2,1,3
WBGene00013628,0,1,1
WBGene00013629,9,3,12
WBGene00013631,3,1,4
WBGene00013632,44,616,660
WBGene00013633,648,4653,5301
WBGene00013634,78,105,183
WBGene00013635,1,1,2
WBGene00013636,0,435,435
WBGene00013637,63,86,149
WBGene00013639,2581,981,3562
WBGene00013642,195,631,826
WBGene00013643,63,973,1036
WBGene00013645,4,9,13
WBGene00013646,4,4,8
WBGene00013647,419,4468,4887
WBGene00013649,32,28,60
WBGene00013650,18,618,636
WBGene00013651,11,8,19
WBGene00013653,1,13,14
WBGene00013654,4,14,18
WBGene00013655,31,48,79
WBGene00013656,1,14,15
WBGene00013657,1,2,3
WBGene00013658,5,109,114
WBGene00013659,0,41,41
WBGene00013662,52,403,455
WBGene00013665,13,76,89
WBGene00013666,102,434,536
WBGene00013667,258,1613,1871
WBGene00013668,175,756,931
WBGene00013669,60,342,402
WBGene00013670,988,2649,3637
WBGene00013671,58,1294,1352
WBGene00013672,284,403,687
WBGene00013673,61,47,108
WBGene00013674,66,358,424
WBGene00013676,311,2131,2442
WBGene00013677,546,1758,2304
WBGene00013678,556,2193,2749
WBGene00013679,284,1642,1926
WBGene00013680,431,1726,2157
WBGene00013682,2093,2898,4991
WBGene00013683,313,1854,2167
WBGene00013684,10,11,21
WBGene00013685,36,54,90
WBGene00013687,172,1238,1410
WBGene00013688,570,8460,9030
WBGene00013689,44,1715,1759
WBGene00013690,90,962,1052
WBGene00013691,43,436,479
WBGene00013692,188,2770,2958
WBGene00013693,146,104,250
WBGene00013694,149,2274,2423
WBGene00013695,386,2802,3188
WBGene00013696,0,19,19
WBGene00013697,15,827,842
WBGene00013698,9,9,18
WBGene00013699,2,3,5
WBGene00013700,6,272,278
WBGene00013701,12,300,312
WBGene00013702,101,226,327
WBGene00013703,734,1588,2322
WBGene00013704,88,1126,1214
WBGene00013705,5,1,6
WBGene00013708,14,1001,1015
WBGene00013709,246,3670,3916
WBGene00013710,4,55,59
WBGene00013711,80,823,903
WBGene00013712,0,1,1
WBGene00013713,7,88,95
WBGene00013715,8,172,180
WBGene00013716,16,320,336
WBGene00013717,15,964,979
WBGene00013718,67,2556,2623
WBGene00013719,32,1038,1070
WBGene00013720,15,673,688
WBGene00013721,6,86,92
WBGene00013723,1,60,61
WBGene00013724,41,265,306
WBGene00013725,85,1305,1390
WBGene00013726,36,529,565
WBGene00013727,19,261,280
WBGene00013728,70,776,846
WBGene00013729,16,997,1013
WBGene00013730,1148,3919,5067
WBGene00013732,4977,3011,7988
WBGene00013734,966,5704,6670
WBGene00013735,3642,4616,8258
WBGene00013736,73,2454,2527
WBGene00013737,994,2129,3123
WBGene00013738,523,1360,1883
WBGene00013739,361,171,532
WBGene00013740,29,751,780
WBGene00013741,43,86,129
WBGene00013742,138,224,362
WBGene00013744,2,11,13
WBGene00013746,234,262,496
WBGene00013747,16,2,18
WBGene00013748,128,898,1026
WBGene00013749,7,112,119
WBGene00013750,12,117,129
WBGene00013751,36,276,312
WBGene00013752,14,468,482
WBGene00013753,52,281,333
WBGene00013754,0,2,2
WBGene00013755,15,148,163
WBGene00013756,48,1222,1270
WBGene00013757,1,66,67
WBGene00013758,23,1164,1187
WBGene00013759,5,8,13
WBGene00013760,0,2,2
WBGene00013761,11,297,308
WBGene00013762,10,70,80
WBGene00013764,41,42,83
WBGene00013765,85,510,595
WBGene00013766,218,33729,33947
WBGene00013768,246,576,822
WBGene00013771,7,4,11
WBGene00013773,1,45,46
WBGene00013774,12,79,91
WBGene00013775,1,4,5
WBGene00013776,4,162,166
WBGene00013777,1,1,2
WBGene00013778,22,104,126
WBGene00013779,5,38,43
WBGene00013781,200,881,1081
WBGene00013782,173,310,483
WBGene00013784,1190,9306,10496
WBGene00013785,2,4,6
WBGene00013786,2,5,7
WBGene00013789,222,501,723
WBGene00013790,136,832,968
WBGene00013791,0,8,8
WBGene00013792,349,519,868
WBGene00013794,0,0,0
WBGene00013795,1,8,9
WBGene00013796,0,2,2
WBGene00013797,0,0,0
WBGene00013798,2,2,4
WBGene00013799,6,38,44
WBGene00013800,26,5,31
WBGene00013801,18,64,82
WBGene00013802,263,540,803
WBGene00013803,391,1884,2275
WBGene00013804,384,1836,2220
WBGene00013805,234,1158,1392
WBGene00013806,287,2042,2329
WBGene00013807,437,1313,1750
WBGene00013808,517,2257,2774
WBGene00013809,18,19,37
WBGene00013810,2,3,5
WBGene00013811,1,1,2
WBGene00013812,65,145,210
WBGene00013814,75,55,130
WBGene00013815,0,2,2
WBGene00013816,5,6,11
WBGene00013817,4,27,31
WBGene00013819,51,754,805
WBGene00013820,3,0,3
WBGene00013822,7,36,43
WBGene00013823,106,53,159
WBGene00013824,4,8,12
WBGene00013825,53,24,77
WBGene00013827,2,3,5
WBGene00013828,17,14,31
WBGene00013829,0,15,15
WBGene00013830,1,6,7
WBGene00013831,15,12,27
WBGene00013832,1,22,23
WBGene00013833,5,54,59
WBGene00013834,46,9,55
WBGene00013835,44,66,110
WBGene00013836,110,697,807
WBGene00013837,4,148,152
WBGene00013838,38,346,384
WBGene00013839,49,147,196
WBGene00013840,5,87,92
WBGene00013844,15,34,49
WBGene00013845,42,691,733
WBGene00013846,6,13,19
WBGene00013847,134,941,1075
WBGene00013848,222,630,852
WBGene00013849,12,31,43
WBGene00013850,73,159,232
WBGene00013852,6,10,16
WBGene00013853,6,21292,21298
WBGene00013854,4,10,14
WBGene00013855,57,310,367
WBGene00013856,0,53,53
WBGene00013857,239,1458,1697
WBGene00013858,0,1,1
WBGene00013859,1421,29602,31023
WBGene00013860,183,1174,1357
WBGene00013862,18,649,667
WBGene00013863,4,12,16
WBGene00013865,0,7,7
WBGene00013866,171,1277,1448
WBGene00013867,14,38,52
WBGene00013868,4,20,24
WBGene00013869,261,1767,2028
WBGene00013870,37,627,664
WBGene00013871,9,76,85
WBGene00013872,68,59,127
WBGene00013873,22,15,37
WBGene00013874,6,28,34
WBGene00013875,6,81,87
WBGene00013876,12,170,182
WBGene00013877,232,2054,2286
WBGene00013878,593,2064,2657
WBGene00013879,4,11,15
WBGene00013880,26,1405,1431
WBGene00013881,44,925,969
WBGene00013882,2841,56007,58848
WBGene00013883,54,117,171
WBGene00013884,1139,8122,9261
WBGene00013886,17,21,38
WBGene00013887,0,0,0
WBGene00013888,0,0,0
WBGene00013889,0,0,0
WBGene00013890,0,0,0
WBGene00013891,1,37,38
WBGene00013892,110,2121,2231
WBGene00013893,29,1280,1309
WBGene00013894,189,1894,2083
WBGene00013895,117,1472,1589
WBGene00013896,120,618,738
WBGene00013897,65,1813,1878
WBGene00013898,666,15819,16485
WBGene00013899,120,2871,2991
WBGene00013900,21,632,653
WBGene00013901,50,1788,1838
WBGene00013902,272,1003,1275
WBGene00013903,2,76,78
WBGene00013904,13,289,302
WBGene00013905,3,70,73
WBGene00013906,36,479,515
WBGene00013907,20,83,103
WBGene00013908,21,18,39
WBGene00013909,11,26,37
WBGene00013910,0,3,3
WBGene00013911,15,41,56
WBGene00013912,25,38,63
WBGene00013913,14,5,19
WBGene00013914,79,91,170
WBGene00013915,6,11,17
WBGene00013916,7,9,16
WBGene00013917,41,616,657
WBGene00013919,179,1568,1747
WBGene00013920,38,1268,1306
WBGene00013921,310,1162,1472
WBGene00013922,2,0,2
WBGene00013923,31,610,641
WBGene00013924,45,2003,2048
WBGene00013925,109,1553,1662
WBGene00013926,19,1034,1053
WBGene00013927,1,1,2
WBGene00013928,3,1,4
WBGene00013929,4,2,6
WBGene00013930,0,1,1
WBGene00013931,17,0,17
WBGene00013932,0,0,0
WBGene00013933,23,22,45
WBGene00013934,1105,4371,5476
WBGene00013935,0,1,1
WBGene00013937,0,2,2
WBGene00013938,7,66,73
WBGene00013939,1,150,151
WBGene00013940,1,2,3
WBGene00013941,0,53,53
WBGene00013942,31,43,74
WBGene00013943,0,1,1
WBGene00013944,1,9,10
WBGene00013946,60,25,85
WBGene00013947,16,40,56
WBGene00013949,52,418,470
WBGene00013950,144,716,860
WBGene00013951,1,3,4
WBGene00013953,4,0,4
WBGene00013954,0,12,12
WBGene00013955,161,66,227
WBGene00013956,1,5,6
WBGene00013957,217,423,640
WBGene00013958,110,2985,3095
WBGene00013959,164,812,976
WBGene00013960,11,27,38
WBGene00013961,3,391,394
WBGene00013962,107,1483,1590
WBGene00013963,21,501,522
WBGene00013964,14,1300,1314
WBGene00013965,10,30,40
WBGene00013966,14,617,631
WBGene00013967,75,676,751
WBGene00013968,8,90,98
WBGene00013969,362,3226,3588
WBGene00013970,290,937,1227
WBGene00013971,0,0,0
WBGene00013972,0,1,1
WBGene00013973,0,1,1
WBGene00013974,48,37,85
WBGene00013975,42,393,435
WBGene00013976,16,54,70
WBGene00013978,3,11,14
WBGene00013979,1,3,4
WBGene00013980,43,84,127
WBGene00013982,16,131,147
WBGene00013983,73,3468,3541
WBGene00013984,524,1652,2176
WBGene00013985,59,1794,1853
WBGene00013986,0,37,37
WBGene00013987,6,48,54
WBGene00013988,2,1,3
WBGene00013989,62,1247,1309
WBGene00013994,124,1164,1288
WBGene00013996,15,260,275
WBGene00013997,188,1835,2023
WBGene00013998,18,682,700
WBGene00013999,10,13,23
WBGene00014000,110,3122,3232
WBGene00014001,198,4795,4993
WBGene00014002,518,6672,7190
WBGene00014003,12,3442,3454
WBGene00014004,297,3419,3716
WBGene00014006,10,5756,5766
WBGene00014007,0,30,30
WBGene00014008,4,29,33
WBGene00014009,2,3,5
WBGene00014011,52,2981,3033
WBGene00014012,72,9732,9804
WBGene00014013,226,5402,5628
WBGene00014014,167,975,1142
WBGene00014015,121,3109,3230
WBGene00014016,2443,41553,43996
WBGene00014017,450,6927,7377
WBGene00014018,355,3183,3538
WBGene00014019,131,1615,1746
WBGene00014020,46,772,818
WBGene00014021,393,1055,1448
WBGene00014022,541,5458,5999
WBGene00014023,275,2164,2439
WBGene00014024,131,412,543
WBGene00014025,157,4063,4220
WBGene00014027,42,277,319
WBGene00014028,53,398,451
WBGene00014029,98,55,153
WBGene00014030,97,15703,15800
WBGene00014031,62,2430,2492
WBGene00014032,1,0,1
WBGene00014033,88,283,371
WBGene00014034,6,642,648
WBGene00014035,221,629,850
WBGene00014036,1119,4017,5136
WBGene00014037,2516,5,2521
WBGene00014038,8,0,8
WBGene00014039,13,117,130
WBGene00014040,4,5,9
WBGene00014041,0,2,2
WBGene00014042,0,0,0
WBGene00014043,1,0,1
WBGene00014044,0,1,1
WBGene00014045,1,1,2
WBGene00014046,0,4,4
WBGene00014047,29,348,377
WBGene00014048,2,5,7
WBGene00014049,4,0,4
WBGene00014050,0,30,30
WBGene00014051,636,2288,2924
WBGene00014052,20,230,250
WBGene00014053,96,1014,1110
WBGene00014054,88,2155,2243
WBGene00014055,73,778,851
WBGene00014057,52,790,842
WBGene00014058,423,9960,10383
WBGene00014060,15,115,130
WBGene00014061,0,0,0
WBGene00014062,37,366,403
WBGene00014063,6,113,119
WBGene00014064,0,26,26
WBGene00014065,51,120,171
WBGene00014066,85,1542,1627
WBGene00014067,2,63,65
WBGene00014068,4,4,8
WBGene00014069,34,21,55
WBGene00014070,35,1,36
WBGene00014073,40,256,296
WBGene00014074,188,1175,1363
WBGene00014075,241,2606,2847
WBGene00014076,225,825,1050
WBGene00014077,108,828,936
WBGene00014078,295,3997,4292
WBGene00014079,87,683,770
WBGene00014080,58,520,578
WBGene00014081,211,708,919
WBGene00014082,14,12,26
WBGene00014083,118,2488,2606
WBGene00014084,0,10,10
WBGene00014085,9,40,49
WBGene00014086,1640,18619,20259
WBGene00014087,77,2598,2675
WBGene00014088,428,8947,9375
WBGene00014089,63,72,135
WBGene00014090,40,2493,2533
WBGene00014091,428,11052,11480
WBGene00014092,508,3302,3810
WBGene00014093,35,21,56
WBGene00014094,19,54,73
WBGene00014095,290,136947,137237
WBGene00014096,15,3941,3956
WBGene00014097,2,33,35
WBGene00014098,476,5936,6412
WBGene00014099,195,5405,5600
WBGene00014100,12,36,48
WBGene00014101,400,723,1123
WBGene00014102,2,0,2
WBGene00014103,25,8,33
WBGene00014104,0,2,2
WBGene00014105,16,42,58
WBGene00014106,80,526,606
WBGene00014107,11,88,99
WBGene00014108,157,7737,7894
WBGene00014109,59,4092,4151
WBGene00014111,15,736,751
WBGene00014112,136,2345,2481
WBGene00014113,24,891,915
WBGene00014114,41,1148,1189
WBGene00014115,226,2207,2433
WBGene00014116,6,210,216
WBGene00014117,13,288,301
WBGene00014118,162,1628,1790
WBGene00014119,296,793,1089
WBGene00014120,0,370,370
WBGene00014121,31,47,78
WBGene00014122,25,83,108
WBGene00014123,80,3582,3662
WBGene00014124,36,1443,1479
WBGene00014125,101,12826,12927
WBGene00014127,14,26,40
WBGene00014128,15,16,31
WBGene00014129,10,122,132
WBGene00014130,2,9,11
WBGene00014131,4,189,193
WBGene00014132,6,8,14
WBGene00014135,11,31,42
WBGene00014136,146,473,619
WBGene00014137,22,687,709
WBGene00014138,74,512,586
WBGene00014139,334,384,718
WBGene00014140,578,1337,1915
WBGene00014141,32,514,546
WBGene00014142,0,14,14
WBGene00014143,1,3,4
WBGene00014144,0,1,1
WBGene00014145,40,453,493
WBGene00014148,210,2815,3025
WBGene00014149,6,66,72
WBGene00014150,106,1171,1277
WBGene00014151,185,1548,1733
WBGene00014152,65,396,461
WBGene00014153,305,1946,2251
WBGene00014154,3,32,35
WBGene00014155,9,49,58
WBGene00014156,129,2785,2914
WBGene00014157,1,2,3
WBGene00014158,0,9,9
WBGene00014159,7,790,797
WBGene00014160,12,110,122
WBGene00014161,27,209,236
WBGene00014162,3,5,8
WBGene00014163,1,667,668
WBGene00014164,89,1984,2073
WBGene00014165,838,23531,24369
WBGene00014166,16,265,281
WBGene00014168,0,0,0
WBGene00014169,0,0,0
WBGene00014170,1,12,13
WBGene00014171,1828,2155,3983
WBGene00014172,137,1138,1275
WBGene00014173,8,83,91
WBGene00014174,0,5,5
WBGene00014175,788,4551,5339
WBGene00014176,38,323,361
WBGene00014177,60,1691,1751
WBGene00014178,10,124,134
WBGene00014179,3,6,9
WBGene00014181,34,397,431
WBGene00014182,0,0,0
WBGene00014183,3,6,9
WBGene00014184,2,0,2
WBGene00014186,0,1,1
WBGene00014188,0,0,0
WBGene00014189,0,0,0
WBGene00014190,5,10,15
WBGene00014191,3,6,9
WBGene00014192,4,9,13
WBGene00014193,1,19,20
WBGene00014194,2,18,20
WBGene00014195,17,74,91
WBGene00014196,6,20,26
WBGene00014197,2,7,9
WBGene00014198,10,572,582
WBGene00014199,9,21,30
WBGene00014200,1,67,68
WBGene00014201,1,1,2
WBGene00014202,162,3715,3877
WBGene00014203,18,341,359
WBGene00014204,83,8739,8822
WBGene00014205,21,597,618
WBGene00014206,13,310,323
WBGene00014207,106,3837,3943
WBGene00014208,74,1868,1942
WBGene00014209,159,1854,2013
WBGene00014210,27,367,394
WBGene00014213,511,11458,11969
WBGene00014214,1017,1630,2647
WBGene00014215,362,1408,1770
WBGene00014216,5,1,6
WBGene00014217,0,0,0
WBGene00014218,201,4895,5096
WBGene00014219,84,1418,1502
WBGene00014220,55,441,496
WBGene00014221,55,1545,1600
WBGene00014222,87,568,655
WBGene00014223,54,94,148
WBGene00014224,64,1941,2005
WBGene00014225,3,27,30
WBGene00014226,45,1259,1304
WBGene00014227,213,1764,1977
WBGene00014228,15,724,739
WBGene00014229,2,17,19
WBGene00014230,37,1016,1053
WBGene00014232,322,1516,1838
WBGene00014233,342,7939,8281
WBGene00014234,2,773,775
WBGene00014235,4,2,6
WBGene00014236,1,9,10
WBGene00014238,0,9,9
WBGene00014239,1,5,6
WBGene00014240,0,0,0
WBGene00014241,0,6,6
WBGene00014242,0,2,2
WBGene00014243,185,2820,3005
WBGene00014244,19,674,693
WBGene00014245,30,379,409
WBGene00014246,7,10,17
WBGene00014247,1,1,2
WBGene00014248,121,356,477
WBGene00014249,47,2645,2692
WBGene00014250,23,1254,1277
WBGene00014251,202,2554,2756
WBGene00014252,427,5775,6202
WBGene00014253,166,2445,2611
WBGene00014254,27,262,289
WBGene00014255,6,191,197
WBGene00014256,22,735,757
WBGene00014258,107,1251,1358
WBGene00014259,95,1603,1698
WBGene00014260,38,63,101
WBGene00014261,601,1240,1841
WBGene00014262,1114,4755,5869
WBGene00014300,191,838,1029
WBGene00014569,129,812,941
WBGene00014666,10,70,80
WBGene00014668,24,41,65
WBGene00014669,12,237,249
WBGene00014679,0,2,2
WBGene00014697,198,3356,3554
WBGene00014698,105,446,551
WBGene00014699,1,3,4
WBGene00014700,1,85,86
WBGene00014761,50,113,163
WBGene00014793,115,1052,1167
WBGene00014801,17,78,95
WBGene00014807,3,2,5
WBGene00014813,6,16,22
WBGene00014826,3703,53492,57195
WBGene00014848,56,1197,1253
WBGene00014864,14,6,20
WBGene00014871,34,654,688
WBGene00014914,18,38,56
WBGene00014924,3,2,5
WBGene00014926,11,32,43
WBGene00014938,135,2874,3009
WBGene00014953,0,3,3
WBGene00014965,91,1424,1515
WBGene00014989,397,1658,2055
WBGene00014997,1,1,2
WBGene00014998,54,135,189
WBGene00014999,51,725,776
WBGene00015000,40,160,200
WBGene00015001,94,996,1090
WBGene00015002,42,488,530
WBGene00015003,1,29,30
WBGene00015004,12,185,197
WBGene00015005,6,54,60
WBGene00015006,9,22,31
WBGene00015007,676,5866,6542
WBGene00015008,40,895,935
WBGene00015009,93,1520,1613
WBGene00015010,42,276,318
WBGene00015011,33,3304,3337
WBGene00015012,3,39,42
WBGene00015014,22,341,363
WBGene00015015,5,25,30
WBGene00015017,122,893,1015
WBGene00015018,9,6,15
WBGene00015019,45,229,274
WBGene00015020,4,6,10
WBGene00015021,130,1348,1478
WBGene00015022,417,3105,3522
WBGene00015023,43,440,483
WBGene00015024,4,27,31
WBGene00015025,425,5165,5590
WBGene00015026,3,21,24
WBGene00015027,70,326,396
WBGene00015028,20,52,72
WBGene00015029,35,1064,1099
WBGene00015030,3,4,7
WBGene00015031,3,3,6
WBGene00015032,2,23,25
WBGene00015033,122,256,378
WBGene00015034,5,3,8
WBGene00015035,19,47,66
WBGene00015036,11,44,55
WBGene00015037,54,119,173
WBGene00015038,30,209,239
WBGene00015040,29,256,285
WBGene00015041,35,115,150
WBGene00015042,16,164,180
WBGene00015043,72,1010,1082
WBGene00015044,68,2282,2350
WBGene00015045,21,290,311
WBGene00015046,46,723,769
WBGene00015047,406,7849,8255
WBGene00015048,37,1774,1811
WBGene00015049,6,160,166
WBGene00015050,49,293,342
WBGene00015051,2,10,12
WBGene00015052,31,523,554
WBGene00015053,7,611,618
WBGene00015054,5,5,10
WBGene00015055,44,141,185
WBGene00015056,16,166,182
WBGene00015057,25,387,412
WBGene00015058,3,100,103
WBGene00015059,8,1736,1744
WBGene00015061,1756,18986,20742
WBGene00015062,52,358,410
WBGene00015063,16,2051,2067
WBGene00015064,362,4795,5157
WBGene00015065,2,8,10
WBGene00015066,3,19,22
WBGene00015067,77,1169,1246
WBGene00015068,0,12,12
WBGene00015069,1,1,2
WBGene00015070,4,31,35
WBGene00015071,2,4,6
WBGene00015072,12,25,37
WBGene00015073,14,790,804
WBGene00015074,72,2886,2958
WBGene00015075,100,2744,2844
WBGene00015076,38,3421,3459
WBGene00015079,395,166,561
WBGene00015080,10,24,34
WBGene00015081,11,23,34
WBGene00015082,4,22,26
WBGene00015083,6,399,405
WBGene00015084,1,12,13
WBGene00015085,28,138,166
WBGene00015086,5,65,70
WBGene00015087,19,96,115
WBGene00015088,98,1131,1229
WBGene00015089,90,114,204
WBGene00015091,154,2404,2558
WBGene00015092,223,6935,7158
WBGene00015093,3,8,11
WBGene00015094,26,63,89
WBGene00015095,126,1733,1859
WBGene00015096,97,725,822
WBGene00015097,9,65,74
WBGene00015098,17,323,340
WBGene00015099,279,2782,3061
WBGene00015100,2,6,8
WBGene00015101,26,4614,4640
WBGene00015102,11,574,585
WBGene00015103,5,17,22
WBGene00015104,20,1759,1779
WBGene00015105,269,903,1172
WBGene00015106,2,12,14
WBGene00015107,46,930,976
WBGene00015108,3,0,3
WBGene00015110,18,229,247
WBGene00015111,2,2,4
WBGene00015112,1,16,17
WBGene00015113,6,82,88
WBGene00015114,0,0,0
WBGene00015115,682,2382,3064
WBGene00015116,167,2461,2628
WBGene00015117,22,1439,1461
WBGene00015118,3,3,6
WBGene00015119,0,0,0
WBGene00015121,0,0,0
WBGene00015122,17,1455,1472
WBGene00015124,92,447,539
WBGene00015125,29,2064,2093
WBGene00015126,366,3083,3449
WBGene00015128,120,2244,2364
WBGene00015129,0,3,3
WBGene00015130,48,1553,1601
WBGene00015131,97,555,652
WBGene00015132,18,244,262
WBGene00015133,103,3782,3885
WBGene00015134,88,1691,1779
WBGene00015135,49,147,196
WBGene00015136,147,2286,2433
WBGene00015137,132,1756,1888
WBGene00015138,25,33,58
WBGene00015139,171,222,393
WBGene00015141,58,697,755
WBGene00015142,0,5,5
WBGene00015143,43,2016,2059
WBGene00015145,108,1837,1945
WBGene00015146,94,1252,1346
WBGene00015147,15,924,939
WBGene00015148,74,1241,1315
WBGene00015149,22,47,69
WBGene00015150,10,316,326
WBGene00015151,5,21,26
WBGene00015152,98,198,296
WBGene00015153,17,19,36
WBGene00015155,348,50,398
WBGene00015156,1310,3394,4704
WBGene00015157,39,1246,1285
WBGene00015158,165,765,930
WBGene00015159,1573,6017,7590
WBGene00015160,28,1355,1383
WBGene00015161,58,1358,1416
WBGene00015162,276,2526,2802
WBGene00015163,37,6376,6413
WBGene00015164,104,1688,1792
WBGene00015165,13,26,39
WBGene00015167,2,191,193
WBGene00015168,41,5056,5097
WBGene00015169,5,13,18
WBGene00015170,7,7,14
WBGene00015171,23,206,229
WBGene00015172,6,2040,2046
WBGene00015173,334,996,1330
WBGene00015175,4,13,17
WBGene00015176,208,2312,2520
WBGene00015177,67,629,696
WBGene00015178,8,19,27
WBGene00015179,36,158,194
WBGene00015180,0,1,1
WBGene00015181,19,2548,2567
WBGene00015182,126,812,938
WBGene00015183,10,9,19
WBGene00015184,106,1753,1859
WBGene00015185,491,3627,4118
WBGene00015186,166,1405,1571
WBGene00015188,77,358,435
WBGene00015189,109,84,193
WBGene00015190,7,173,180
WBGene00015191,158,1521,1679
WBGene00015192,4,6,10
WBGene00015193,2,1,3
WBGene00015194,134,868,1002
WBGene00015196,37,200,237
WBGene00015197,26,450,476
WBGene00015198,8,15,23
WBGene00015199,11,17,28
WBGene00015200,114,1764,1878
WBGene00015202,78,1348,1426
WBGene00015203,215,4329,4544
WBGene00015204,34,1604,1638
WBGene00015205,102,1463,1565
WBGene00015206,64,1872,1936
WBGene00015207,337,1447,1784
WBGene00015208,262,4503,4765
WBGene00015210,26,201,227
WBGene00015211,6,92,98
WBGene00015214,5,23,28
WBGene00015215,1,8,9
WBGene00015216,93,846,939
WBGene00015217,43,916,959
WBGene00015218,21,76,97
WBGene00015219,291,4389,4680
WBGene00015220,13,622,635
WBGene00015221,1,0,1
WBGene00015222,2,3,5
WBGene00015223,12,21,33
WBGene00015224,0,2,2
WBGene00015225,7,36,43
WBGene00015226,1,10,11
WBGene00015227,4,25,29
WBGene00015228,216,1193,1409
WBGene00015229,2,26,28
WBGene00015230,0,12,12
WBGene00015231,49,312,361
WBGene00015232,2617,29774,32391
WBGene00015233,6,868,874
WBGene00015235,1,433,434
WBGene00015236,55,48,103
WBGene00015237,441,3152,3593
WBGene00015238,40,458,498
WBGene00015241,23,4,27
WBGene00015242,0,2,2
WBGene00015243,1,11,12
WBGene00015244,16,59,75
WBGene00015245,209,658,867
WBGene00015246,156,33,189
WBGene00015247,737,61,798
WBGene00015248,2103,22899,25002
WBGene00015249,847,2593,3440
WBGene00015250,419,1270,1689
WBGene00015251,198,13398,13596
WBGene00015252,3,8,11
WBGene00015253,0,0,0
WBGene00015254,0,0,0
WBGene00015255,2,5,7
WBGene00015257,11,3,14
WBGene00015258,0,4,4
WBGene00015259,0,3,3
WBGene00015260,4,10,14
WBGene00015261,0,27,27
WBGene00015262,87,388,475
WBGene00015263,149,634,783
WBGene00015264,70,322,392
WBGene00015265,6,45,51
WBGene00015266,173,357,530
WBGene00015267,152,729,881
WBGene00015268,77,90,167
WBGene00015270,0,0,0
WBGene00015271,0,0,0
WBGene00015272,0,0,0
WBGene00015273,115,5,120
WBGene00015275,8,7,15
WBGene00015276,189,245,434
WBGene00015277,0,0,0
WBGene00015278,54,425,479
WBGene00015279,11,144,155
WBGene00015280,93,902,995
WBGene00015281,2,11,13
WBGene00015282,112,1200,1312
WBGene00015283,76,1383,1459
WBGene00015284,21,237,258
WBGene00015285,327,2980,3307
WBGene00015286,25,199,224
WBGene00015287,6,666,672
WBGene00015288,5,20,25
WBGene00015291,97,1176,1273
WBGene00015292,8,26,34
WBGene00015293,589,5379,5968
WBGene00015294,217,4317,4534
WBGene00015295,71,831,902
WBGene00015296,243,3358,3601
WBGene00015297,73,1295,1368
WBGene00015298,54,303,357
WBGene00015299,38,196,234
WBGene00015300,13,136,149
WBGene00015301,405,1366,1771
WBGene00015303,419,731,1150
WBGene00015305,4,5,9
WBGene00015306,5,4,9
WBGene00015307,52,563,615
WBGene00015308,102,2709,2811
WBGene00015309,5,57,62
WBGene00015310,94,1866,1960
WBGene00015311,7,16,23
WBGene00015312,15,741,756
WBGene00015313,24,663,687
WBGene00015315,4,6,10
WBGene00015316,26,0,26
WBGene00015317,0,1,1
WBGene00015318,2,3,5
WBGene00015320,9,125,134
WBGene00015321,1,1,2
WBGene00015322,4,479,483
WBGene00015323,36,123,159
WBGene00015324,27,507,534
WBGene00015325,0,0,0
WBGene00015326,39,6069,6108
WBGene00015327,49,1048,1097
WBGene00015328,690,1484,2174
WBGene00015329,83,2878,2961
WBGene00015330,117,1448,1565
WBGene00015331,0,0,0
WBGene00015332,146,901,1047
WBGene00015333,8,42,50
WBGene00015334,108,401,509
WBGene00015335,10,17,27
WBGene00015336,43,983,1026
WBGene00015337,3,42,45
WBGene00015338,3,1,4
WBGene00015339,6,75,81
WBGene00015340,21,33,54
WBGene00015341,23,17,40
WBGene00015342,3,2,5
WBGene00015344,52,1074,1126
WBGene00015345,8,16,24
WBGene00015346,201,8006,8207
WBGene00015347,122,1276,1398
WBGene00015348,4,26,30
WBGene00015349,579,1262,1841
WBGene00015350,498,7814,8312
WBGene00015351,20,58,78
WBGene00015352,357,5209,5566
WBGene00015353,26,436,462
WBGene00015354,392,24524,24916
WBGene00015355,23,41,64
WBGene00015356,310,4095,4405
WBGene00015357,15,346,361
WBGene00015358,127,11,138
WBGene00015359,4,41,45
WBGene00015360,3,10,13
WBGene00015361,16,36,52
WBGene00015362,132,1726,1858
WBGene00015364,35,82,117
WBGene00015366,6,41,47
WBGene00015367,0,20,20
WBGene00015368,0,3,3
WBGene00015369,0,3,3
WBGene00015370,0,0,0
WBGene00015371,0,0,0
WBGene00015372,0,7,7
WBGene00015373,31,58,89
WBGene00015374,5,13,18
WBGene00015375,9,160,169
WBGene00015376,3,53,56
WBGene00015377,12,76,88
WBGene00015378,36,267,303
WBGene00015379,2,2,4
WBGene00015380,0,26,26
WBGene00015381,80,171,251
WBGene00015382,19,161,180
WBGene00015385,0,0,0
WBGene00015386,400,35,435
WBGene00015387,87,188,275
WBGene00015388,19,38,57
WBGene00015389,106,1075,1181
WBGene00015390,47,270,317
WBGene00015391,83,2641,2724
WBGene00015392,0,0,0
WBGene00015393,1519,26736,28255
WBGene00015394,5,3,8
WBGene00015395,8,61,69
WBGene00015396,3,47,50
WBGene00015397,3,8,11
WBGene00015398,2,3831,3833
WBGene00015399,16,10,26
WBGene00015400,146,694,840
WBGene00015401,23,72,95
WBGene00015402,425,4510,4935
WBGene00015403,7,139,146
WBGene00015404,96,2557,2653
WBGene00015405,333,5261,5594
WBGene00015406,4,14,18
WBGene00015407,14,312,326
WBGene00015408,20,422,442
WBGene00015409,8,101,109
WBGene00015410,260,1829,2089
WBGene00015411,3,51,54
WBGene00015412,17,49,66
WBGene00015413,245,5818,6063
WBGene00015414,0,45,45
WBGene00015416,30,188,218
WBGene00015417,8,35,43
WBGene00015418,1321,6213,7534
WBGene00015419,10,21,31
WBGene00015420,0,1,1
WBGene00015421,6,3,9
WBGene00015422,4,11,15
WBGene00015423,24,507,531
WBGene00015424,14,45,59
WBGene00015425,130,1166,1296
WBGene00015426,6,19,25
WBGene00015427,110,2008,2118
WBGene00015428,9,6,15
WBGene00015429,61,655,716
WBGene00015430,127,1528,1655
WBGene00015431,183,613,796
WBGene00015433,5,244,249
WBGene00015434,302,1449,1751
WBGene00015435,0,0,0
WBGene00015437,2,50,52
WBGene00015438,10,1,11
WBGene00015442,11,1,12
WBGene00015444,31,25,56
WBGene00015446,10,0,10
WBGene00015447,2,2,4
WBGene00015448,2,4,6
WBGene00015449,1,4,5
WBGene00015450,10,1466,1476
WBGene00015451,165,1471,1636
WBGene00015453,4,18,22
WBGene00015454,38,1089,1127
WBGene00015455,908,1021,1929
WBGene00015456,22,186,208
WBGene00015457,5,1,6
WBGene00015458,0,10,10
WBGene00015459,1,0,1
WBGene00015460,17,833,850
WBGene00015461,123,2947,3070
WBGene00015462,28,776,804
WBGene00015463,14,867,881
WBGene00015464,51,1240,1291
WBGene00015465,26,23,49
WBGene00015466,142,1749,1891
WBGene00015467,2,6,8
WBGene00015468,195,1372,1567
WBGene00015469,15,244,259
WBGene00015470,31,2333,2364
WBGene00015471,161,1223,1384
WBGene00015472,61,293,354
WBGene00015473,45,33,78
WBGene00015474,43,932,975
WBGene00015476,167,1607,1774
WBGene00015477,248,3501,3749
WBGene00015478,110,576,686
WBGene00015479,36,182,218
WBGene00015480,185,757,942
WBGene00015481,65,4086,4151
WBGene00015483,53,438,491
WBGene00015484,921,4602,5523
WBGene00015485,413,456,869
WBGene00015486,168,1184,1352
WBGene00015487,42,8735,8777
WBGene00015488,132,1499,1631
WBGene00015489,1,17,18
WBGene00015491,1,3,4
WBGene00015492,24,2212,2236
WBGene00015493,14,8,22
WBGene00015494,188,661,849
WBGene00015495,33,10012,10045
WBGene00015496,5,14,19
WBGene00015497,45,58,103
WBGene00015499,214,2229,2443
WBGene00015500,8,41,49
WBGene00015501,436,7057,7493
WBGene00015504,272,2226,2498
WBGene00015505,96,879,975
WBGene00015507,229,1108,1337
WBGene00015508,118,1920,2038
WBGene00015509,360,2578,2938
WBGene00015510,66,1896,1962
WBGene00015511,6,118,124
WBGene00015512,64,1785,1849
WBGene00015513,83,2374,2457
WBGene00015514,1014,28597,29611
WBGene00015515,56,1238,1294
WBGene00015516,9,93,102
WBGene00015517,331,2272,2603
WBGene00015518,0,123,123
WBGene00015519,10,191,201
WBGene00015520,0,24,24
WBGene00015521,0,0,0
WBGene00015522,2,20,22
WBGene00015523,16,129,145
WBGene00015524,45,1278,1323
WBGene00015525,126,1632,1758
WBGene00015526,39,111,150
WBGene00015527,17,224,241
WBGene00015528,3,13,16
WBGene00015529,14,104,118
WBGene00015530,0,1,1
WBGene00015531,138,1870,2008
WBGene00015532,11,156,167
WBGene00015534,3,5,8
WBGene00015535,3,37,40
WBGene00015536,12,337,349
WBGene00015537,11,48,59
WBGene00015538,4,1172,1176
WBGene00015539,53,845,898
WBGene00015540,10,1861,1871
WBGene00015541,68,311,379
WBGene00015544,86,303,389
WBGene00015545,45,167,212
WBGene00015546,0,97,97
WBGene00015547,94,5415,5509
WBGene00015549,52,989,1041
WBGene00015551,2051,22512,24563
WBGene00015552,125,5689,5814
WBGene00015553,601,7763,8364
WBGene00015554,34,506,540
WBGene00015555,279,2102,2381
WBGene00015557,82,1734,1816
WBGene00015558,4,48,52
WBGene00015559,90,284,374
WBGene00015560,8,554,562
WBGene00015561,471,4919,5390
WBGene00015564,3,115,118
WBGene00015565,366,6232,6598
WBGene00015566,12,200,212
WBGene00015567,158,2012,2170
WBGene00015568,21,168,189
WBGene00015569,12,426,438
WBGene00015570,15,114,129
WBGene00015572,6,3,9
WBGene00015573,2,2,4
WBGene00015574,8,284,292
WBGene00015576,47,97,144
WBGene00015577,102,636,738
WBGene00015578,3,1720,1723
WBGene00015579,0,0,0
WBGene00015580,308,1014,1322
WBGene00015581,372,5266,5638
WBGene00015582,7,78,85
WBGene00015583,13,27,40
WBGene00015586,8,169,177
WBGene00015587,0,10,10
WBGene00015588,2,37,39
WBGene00015589,0,18,18
WBGene00015590,29,695,724
WBGene00015591,54,1757,1811
WBGene00015592,46,14,60
WBGene00015593,14,318,332
WBGene00015595,0,1,1
WBGene00015598,3,68,71
WBGene00015599,1,76,77
WBGene00015600,17,24,41
WBGene00015601,61,103,164
WBGene00015602,3,190,193
WBGene00015604,0,3,3
WBGene00015605,137,2801,2938
WBGene00015606,63,4,67
WBGene00015607,1,12,13
WBGene00015608,9,268,277
WBGene00015609,22,204,226
WBGene00015610,0,14,14
WBGene00015611,1,1441,1442
WBGene00015613,1,44,45
WBGene00015615,2,29,31
WBGene00015618,32,92,124
WBGene00015619,812,5137,5949
WBGene00015620,18,82,100
WBGene00015621,121,2124,2245
WBGene00015622,4,4,8
WBGene00015623,14,305,319
WBGene00015624,22,500,522
WBGene00015625,21,202,223
WBGene00015626,40,568,608
WBGene00015627,1,0,1
WBGene00015628,1,2,3
WBGene00015629,5,9,14
WBGene00015630,16,7,23
WBGene00015631,6,143,149
WBGene00015632,256,2041,2297
WBGene00015633,1037,10775,11812
WBGene00015634,3,23,26
WBGene00015635,71,1184,1255
WBGene00015636,0,4,4
WBGene00015637,2,8,10
WBGene00015638,27,479,506
WBGene00015639,11,22,33
WBGene00015641,241,2633,2874
WBGene00015642,238,1364,1602
WBGene00015644,207,1027,1234
WBGene00015645,7,62,69
WBGene00015646,5,22,27
WBGene00015647,122,2154,2276
WBGene00015648,294,1274,1568
WBGene00015649,49,16,65
WBGene00015650,1267,3674,4941
WBGene00015651,214,443,657
WBGene00015652,2,0,2
WBGene00015653,3,1,4
WBGene00015655,0,1,1
WBGene00015656,14,0,14
WBGene00015658,569,788,1357
WBGene00015659,0,0,0
WBGene00015660,4,70,74
WBGene00015661,0,0,0
WBGene00015662,4,11,15
WBGene00015663,7,1,8
WBGene00015664,14,1270,1284
WBGene00015665,2,16,18
WBGene00015666,64,777,841
WBGene00015667,3,5,8
WBGene00015668,3,10,13
WBGene00015670,114,248,362
WBGene00015671,27,1818,1845
WBGene00015672,6,32,38
WBGene00015673,92,1006,1098
WBGene00015674,39,513,552
WBGene00015675,28,17,45
WBGene00015676,21,697,718
WBGene00015677,128,811,939
WBGene00015678,338,1137,1475
WBGene00015679,7,90,97
WBGene00015680,584,3687,4271
WBGene00015681,3,6,9
WBGene00015682,9,16,25
WBGene00015683,0,14,14
WBGene00015684,196,3408,3604
WBGene00015685,3,4,7
WBGene00015686,82,190,272
WBGene00015687,143,5523,5666
WBGene00015688,2,7,9
WBGene00015689,0,3,3
WBGene00015690,7,3,10
WBGene00015691,168,1396,1564
WBGene00015692,18,29,47
WBGene00015693,9,38,47
WBGene00015694,8,2,10
WBGene00015695,19,117,136
WBGene00015696,3,13,16
WBGene00015697,49,381,430
WBGene00015698,1,526,527
WBGene00015700,28,111,139
WBGene00015701,54,396,450
WBGene00015702,9,864,873
WBGene00015703,5,1774,1779
WBGene00015704,198,459,657
WBGene00015705,55,449,504
WBGene00015706,3,260,263
WBGene00015707,3,17,20
WBGene00015708,3,41,44
WBGene00015709,34,574,608
WBGene00015710,0,29,29
WBGene00015711,3,10,13
WBGene00015712,2,9,11
WBGene00015713,45,809,854
WBGene00015714,7,34,41
WBGene00015715,5,0,5
WBGene00015716,37,366,403
WBGene00015718,14,91,105
WBGene00015719,1,0,1
WBGene00015720,9,30,39
WBGene00015721,0,0,0
WBGene00015722,7,5,12
WBGene00015723,6,1,7
WBGene00015724,3,0,3
WBGene00015725,10,2,12
WBGene00015726,2,0,2
WBGene00015727,1,1,2
WBGene00015728,18,172,190
WBGene00015729,24,721,745
WBGene00015730,0,0,0
WBGene00015731,0,0,0
WBGene00015733,10,140,150
WBGene00015734,42,2109,2151
WBGene00015735,1429,2128,3557
WBGene00015736,2,13,15
WBGene00015737,1,3,4
WBGene00015738,3,6,9
WBGene00015739,13,26,39
WBGene00015740,105,1423,1528
WBGene00015741,187,1380,1567
WBGene00015742,109,941,1050
WBGene00015743,192,1740,1932
WBGene00015744,156,708,864
WBGene00015745,48,710,758
WBGene00015746,49,2299,2348
WBGene00015747,284,1509,1793
WBGene00015748,68,1659,1727
WBGene00015750,44,156,200
WBGene00015751,80,198,278
WBGene00015752,35,1252,1287
WBGene00015753,73,769,842
WBGene00015754,162,2167,2329
WBGene00015755,850,16226,17076
WBGene00015756,40,517,557
WBGene00015757,3,0,3
WBGene00015758,0,5,5
WBGene00015759,61,1085,1146
WBGene00015760,1,3,4
WBGene00015762,4,1,5
WBGene00015764,18,4,22
WBGene00015765,3,15,18
WBGene00015766,17,449,466
WBGene00015767,124,1183,1307
WBGene00015768,24,178,202
WBGene00015769,11,709,720
WBGene00015770,0,10,10
WBGene00015772,0,0,0
WBGene00015773,6,7,13
WBGene00015774,4,27,31
WBGene00015775,2,2,4
WBGene00015776,423,14865,15288
WBGene00015777,75,773,848
WBGene00015778,10,9005,9015
WBGene00015779,234,1402,1636
WBGene00015780,18,160,178
WBGene00015781,43,212,255
WBGene00015782,11,139,150
WBGene00015783,12,179,191
WBGene00015784,18,41,59
WBGene00015785,0,0,0
WBGene00015786,160,1311,1471
WBGene00015787,91,765,856
WBGene00015788,5,142,147
WBGene00015789,5,275,280
WBGene00015790,5,689,694
WBGene00015791,21,1621,1642
WBGene00015792,12,55,67
WBGene00015793,28,458,486
WBGene00015794,25,107,132
WBGene00015795,52,17,69
WBGene00015796,115,241,356
WBGene00015797,41,556,597
WBGene00015798,20,170,190
WBGene00015799,22,168,190
WBGene00015800,218,653,871
WBGene00015801,85,721,806
WBGene00015802,93,844,937
WBGene00015803,615,6837,7452
WBGene00015805,581,15264,15845
WBGene00015806,33,974,1007
WBGene00015807,8,227,235
WBGene00015809,1072,21205,22277
WBGene00015810,6,6190,6196
WBGene00015811,170,38176,38346
WBGene00015813,366,6560,6926
WBGene00015814,82,3443,3525
WBGene00015815,304,1306,1610
WBGene00015816,68,692,760
WBGene00015817,413,4409,4822
WBGene00015818,28,486,514
WBGene00015819,3,621,624
WBGene00015820,3,46,49
WBGene00015821,8,9,17
WBGene00015822,180,242,422
WBGene00015823,0,22329,22329
WBGene00015824,26,398,424
WBGene00015825,1,1,2
WBGene00015827,2,2,4
WBGene00015828,1,1,2
WBGene00015829,3,11,14
WBGene00015830,1,11,12
WBGene00015832,1,1,2
WBGene00015833,2,0,2
WBGene00015834,0,4,4
WBGene00015835,1,3,4
WBGene00015836,0,3,3
WBGene00015837,6,3,9
WBGene00015838,0,18,18
WBGene00015839,0,3,3
WBGene00015841,26,4,30
WBGene00015842,76,731,807
WBGene00015843,343,1421,1764
WBGene00015845,0,1,1
WBGene00015846,0,0,0
WBGene00015847,1,2,3
WBGene00015848,0,0,0
WBGene00015849,95,1223,1318
WBGene00015850,41,476,517
WBGene00015851,75,114,189
WBGene00015852,223,669,892
WBGene00015853,137,1891,2028
WBGene00015854,2,1,3
WBGene00015855,2,10,12
WBGene00015856,2,4,6
WBGene00015857,45,919,964
WBGene00015858,9,35,44
WBGene00015859,16,85,101
WBGene00015860,7,51,58
WBGene00015861,89,666,755
WBGene00015862,70,206,276
WBGene00015863,21,18,39
WBGene00015864,101,2075,2176
WBGene00015865,67,1081,1148
WBGene00015866,53,619,672
WBGene00015867,13,89,102
WBGene00015868,972,3460,4432
WBGene00015869,4,3,7
WBGene00015870,0,1,1
WBGene00015871,0,0,0
WBGene00015872,1,0,1
WBGene00015873,4,4,8
WBGene00015875,3,0,3
WBGene00015877,1,4,5
WBGene00015878,59,169,228
WBGene00015879,14,5,19
WBGene00015882,5,11,16
WBGene00015883,1,4,5
WBGene00015884,8,115,123
WBGene00015885,5,305,310
WBGene00015886,1,17,18
WBGene00015887,16,368,384
WBGene00015888,0,0,0
WBGene00015889,15,304,319
WBGene00015890,0,42,42
WBGene00015891,2,11,13
WBGene00015892,0,0,0
WBGene00015893,1,3,4
WBGene00015894,15,85,100
WBGene00015895,0,0,0
WBGene00015896,0,25,25
WBGene00015897,91,494,585
WBGene00015898,10,1,11
WBGene00015899,4,2,6
WBGene00015900,26,199,225
WBGene00015901,55,258,313
WBGene00015902,5,22,27
WBGene00015903,1,4,5
WBGene00015904,2,4,6
WBGene00015905,4,12,16
WBGene00015906,6,30,36
WBGene00015907,1,2,3
WBGene00015908,11,16,27
WBGene00015909,0,0,0
WBGene00015910,4,20,24
WBGene00015911,14,5,19
WBGene00015912,6,94,100
WBGene00015913,672,13150,13822
WBGene00015914,67,77,144
WBGene00015915,60,969,1029
WBGene00015916,132,2059,2191
WBGene00015917,9,36,45
WBGene00015918,39,282,321
WBGene00015919,23,972,995
WBGene00015920,241,2359,2600
WBGene00015921,158,383,541
WBGene00015922,53,542,595
WBGene00015924,3,3,6
WBGene00015925,121,175,296
WBGene00015926,822,2670,3492
WBGene00015927,157,1982,2139
WBGene00015928,98,1328,1426
WBGene00015929,2,23,25
WBGene00015930,33,469,502
WBGene00015931,4,26,30
WBGene00015932,3,14,17
WBGene00015933,117,1444,1561
WBGene00015934,53,663,716
WBGene00015935,435,1655,2090
WBGene00015936,54,462,516
WBGene00015937,11,30,41
WBGene00015938,460,2907,3367
WBGene00015939,18,179,197
WBGene00015940,23,545,568
WBGene00015941,176,1818,1994
WBGene00015942,85,1029,1114
WBGene00015943,61,5110,5171
WBGene00015944,3,13,16
WBGene00015945,208,308,516
WBGene00015946,13,267,280
WBGene00015947,1007,12215,13222
WBGene00015948,147,1971,2118
WBGene00015949,31,300,331
WBGene00015950,20,25,45
WBGene00015951,0,3,3
WBGene00015952,25,36,61
WBGene00015953,65,229,294
WBGene00015954,789,5022,5811
WBGene00015955,37,4000,4037
WBGene00015956,166,2962,3128
WBGene00015957,28,132,160
WBGene00015958,1,3,4
WBGene00015959,0,0,0
WBGene00015960,0,1,1
WBGene00015961,2,2,4
WBGene00015962,4,5,9
WBGene00015963,14,99,113
WBGene00015964,140,150,290
WBGene00015965,12,133,145
WBGene00015966,351,2209,2560
WBGene00015968,49,51,100
WBGene00015969,165,1203,1368
WBGene00015970,10,102,112
WBGene00015971,139,1550,1689
WBGene00015972,169,1125,1294
WBGene00015973,0,33,33
WBGene00015974,349,199,548
WBGene00015975,27,1441,1468
WBGene00015976,202,2348,2550
WBGene00015977,15,221,236
WBGene00015978,35,2517,2552
WBGene00015979,5,2,7
WBGene00015980,260,1381,1641
WBGene00015981,87,841,928
WBGene00015982,14,1,15
WBGene00015984,28,125,153
WBGene00015985,22,40,62
WBGene00015986,12,37,49
WBGene00015987,5,1,6
WBGene00015988,85,78,163
WBGene00015992,3,11,14
WBGene00015993,191,3491,3682
WBGene00015994,15,4,19
WBGene00015995,5,0,5
WBGene00015996,6,106,112
WBGene00015997,0,1,1
WBGene00015998,2,9,11
WBGene00015999,2,61,63
WBGene00016000,28,49,77
WBGene00016002,437,1801,2238
WBGene00016003,55,289,344
WBGene00016004,17,393,410
WBGene00016005,49,654,703
WBGene00016006,1278,13299,14577
WBGene00016008,24,45,69
WBGene00016009,41,5187,5228
WBGene00016010,38,7,45
WBGene00016011,1033,10263,11296
WBGene00016012,8,224,232
WBGene00016013,4,10,14
WBGene00016014,55,1630,1685
WBGene00016015,106,2710,2816
WBGene00016016,9,126,135
WBGene00016017,0,2,2
WBGene00016018,145,929,1074
WBGene00016019,40,2387,2427
WBGene00016020,252,2321,2573
WBGene00016021,100,1519,1619
WBGene00016022,32,886,918
WBGene00016023,15,218,233
WBGene00016024,40,366,406
WBGene00016025,19,191,210
WBGene00016027,34,145,179
WBGene00016028,88,7194,7282
WBGene00016029,306,82,388
WBGene00016030,20,568,588
WBGene00016032,32,109,141
WBGene00016033,43,12937,12980
WBGene00016034,15,134,149
WBGene00016037,366,54,420
WBGene00016038,1,628,629
WBGene00016039,3,55,58
WBGene00016040,20,1440,1460
WBGene00016041,335,122,457
WBGene00016042,45,27,72
WBGene00016043,29,10,39
WBGene00016044,435,858,1293
WBGene00016045,129,1769,1898
WBGene00016046,1,417,418
WBGene00016047,7,18,25
WBGene00016048,31,2340,2371
WBGene00016049,10,72,82
WBGene00016050,7,3,10
WBGene00016051,1,2,3
WBGene00016052,207,5947,6154
WBGene00016053,11,5,16
WBGene00016054,3,0,3
WBGene00016055,64,1308,1372
WBGene00016056,1,15,16
WBGene00016057,72,2505,2577
WBGene00016058,0,0,0
WBGene00016059,414,1680,2094
WBGene00016060,331,1582,1913
WBGene00016061,461,10984,11445
WBGene00016062,168,6083,6251
WBGene00016063,4,2,6
WBGene00016064,4,12,16
WBGene00016066,6,54,60
WBGene00016067,31,894,925
WBGene00016068,41,616,657
WBGene00016069,2,31,33
WBGene00016070,1,7,8
WBGene00016071,19,109,128
WBGene00016072,72,52,124
WBGene00016073,383,11841,12224
WBGene00016074,41,602,643
WBGene00016075,8,5,13
WBGene00016077,0,0,0
WBGene00016081,46,83,129
WBGene00016082,0,1,1
WBGene00016083,2,0,2
WBGene00016084,5,8,13
WBGene00016085,6,86,92
WBGene00016086,12,1,13
WBGene00016087,11,296,307
WBGene00016088,75,177,252
WBGene00016089,60,151,211
WBGene00016090,162,236,398
WBGene00016091,1,4,5
WBGene00016092,14,15,29
WBGene00016093,51,232,283
WBGene00016094,6,40,46
WBGene00016095,16,182,198
WBGene00016096,4,112,116
WBGene00016097,9,810,819
WBGene00016099,112,792,904
WBGene00016100,8,211,219
WBGene00016101,32,1619,1651
WBGene00016102,28,502,530
WBGene00016103,139,2596,2735
WBGene00016104,37,229,266
WBGene00016105,1,75,76
WBGene00016106,2,32,34
WBGene00016107,45,261,306
WBGene00016108,67,192,259
WBGene00016109,229,2172,2401
WBGene00016110,13,71,84
WBGene00016111,30,514,544
WBGene00016112,40,258,298
WBGene00016113,54,1581,1635
WBGene00016114,390,12265,12655
WBGene00016115,1544,13223,14767
WBGene00016116,146,2444,2590
WBGene00016117,116,2538,2654
WBGene00016118,564,10728,11292
WBGene00016119,632,16320,16952
WBGene00016120,171,1110,1281
WBGene00016121,150,1935,2085
WBGene00016123,39,242,281
WBGene00016124,83,1219,1302
WBGene00016125,5,85,90
WBGene00016126,30,287,317
WBGene00016128,25,2441,2466
WBGene00016129,63,1479,1542
WBGene00016130,1,8,9
WBGene00016131,113,610,723
WBGene00016132,4,0,4
WBGene00016133,15,43,58
WBGene00016134,66,466,532
WBGene00016135,80,677,757
WBGene00016136,2,1,3
WBGene00016137,1,44,45
WBGene00016138,92,1793,1885
WBGene00016139,67,490,557
WBGene00016140,73,2309,2382
WBGene00016142,34,2710,2744
WBGene00016143,358,1954,2312
WBGene00016144,109,1228,1337
WBGene00016145,60,1513,1573
WBGene00016146,27,692,719
WBGene00016147,16,291,307
WBGene00016148,93,730,823
WBGene00016149,23,170,193
WBGene00016150,40,2881,2921
WBGene00016151,205,2719,2924
WBGene00016152,11,78,89
WBGene00016153,0,11,11
WBGene00016154,158,1440,1598
WBGene00016155,5,65,70
WBGene00016156,21,910,931
WBGene00016157,106,2085,2191
WBGene00016158,105,2748,2853
WBGene00016159,79,729,808
WBGene00016160,18,4,22
WBGene00016161,5,6,11
WBGene00016162,507,5352,5859
WBGene00016163,12,430,442
WBGene00016164,5,10,15
WBGene00016165,107,351,458
WBGene00016166,163,4145,4308
WBGene00016167,34,1904,1938
WBGene00016168,4,12,16
WBGene00016169,211,1185,1396
WBGene00016170,162,3298,3460
WBGene00016171,121,1082,1203
WBGene00016172,923,4763,5686
WBGene00016173,704,6204,6908
WBGene00016174,31,190,221
WBGene00016175,46,210,256
WBGene00016177,24,55,79
WBGene00016178,91,1641,1732
WBGene00016179,0,3,3
WBGene00016180,1,409,410
WBGene00016181,9,89,98
WBGene00016182,46,1003,1049
WBGene00016183,2,0,2
WBGene00016184,181,579,760
WBGene00016185,6,8,14
WBGene00016187,17,352,369
WBGene00016188,119,1033,1152
WBGene00016189,6,74,80
WBGene00016190,10,1049,1059
WBGene00016191,79,1185,1264
WBGene00016192,13,1994,2007
WBGene00016193,158,591,749
WBGene00016194,157,15706,15863
WBGene00016195,6,2131,2137
WBGene00016196,14,11,25
WBGene00016197,996,7352,8348
WBGene00016198,10,44,54
WBGene00016199,6,72,78
WBGene00016200,114,1884,1998
WBGene00016201,53,2526,2579
WBGene00016202,45,1555,1600
WBGene00016203,295,914,1209
WBGene00016204,8,225,233
WBGene00016206,19,30,49
WBGene00016207,125,1623,1748
WBGene00016208,12,565,577
WBGene00016209,157,3146,3303
WBGene00016210,194,1628,1822
WBGene00016212,87,2076,2163
WBGene00016213,4,2,6
WBGene00016215,16,699,715
WBGene00016216,76,987,1063
WBGene00016217,15,355,370
WBGene00016218,23,226,249
WBGene00016219,61,624,685
WBGene00016220,0,1,1
WBGene00016221,77,717,794
WBGene00016222,11,0,11
WBGene00016223,0,0,0
WBGene00016226,12,17,29
WBGene00016227,1,8,9
WBGene00016231,1,24,25
WBGene00016232,5,12,17
WBGene00016233,19,183,202
WBGene00016234,331,4124,4455
WBGene00016235,10,3744,3754
WBGene00016236,47,728,775
WBGene00016237,121,1812,1933
WBGene00016238,24,2012,2036
WBGene00016239,21,86,107
WBGene00016242,19,101,120
WBGene00016244,240,3676,3916
WBGene00016245,52,2415,2467
WBGene00016246,68,470,538
WBGene00016247,11,86,97
WBGene00016248,45,841,886
WBGene00016249,140,2178,2318
WBGene00016250,95,5483,5578
WBGene00016251,26,229,255
WBGene00016252,4,26,30
WBGene00016253,16,17,33
WBGene00016254,2,40,42
WBGene00016257,8,1,9
WBGene00016258,144,8273,8417
WBGene00016259,15,21,36
WBGene00016260,109,692,801
WBGene00016261,61,706,767
WBGene00016262,37,342,379
WBGene00016263,7,166,173
WBGene00016264,884,3336,4220
WBGene00016265,38,523,561
WBGene00016266,460,2905,3365
WBGene00016268,24,150,174
WBGene00016269,2365,16222,18587
WBGene00016271,9411,7,9418
WBGene00016273,8,18,26
WBGene00016274,28,679,707
WBGene00016275,11,58,69
WBGene00016276,11,51,62
WBGene00016277,61,752,813
WBGene00016278,96,1115,1211
WBGene00016279,4,12,16
WBGene00016281,8,24,32
WBGene00016282,4,89,93
WBGene00016283,19,155,174
WBGene00016284,0,0,0
WBGene00016285,8,1,9
WBGene00016286,12,15,27
WBGene00016287,5,14,19
WBGene00016288,19,105,124
WBGene00016289,4714,17443,22157
WBGene00016291,66,566,632
WBGene00016292,272,1155,1427
WBGene00016293,71,558,629
WBGene00016294,10,13,23
WBGene00016295,52,401,453
WBGene00016297,0,8,8
WBGene00016298,1,16,17
WBGene00016299,2,4,6
WBGene00016300,28,8,36
WBGene00016302,12,121,133
WBGene00016303,5,82,87
WBGene00016306,0,0,0
WBGene00016307,1,3,4
WBGene00016308,2,33,35
WBGene00016309,0,3,3
WBGene00016310,172,3771,3943
WBGene00016311,57,2262,2319
WBGene00016312,17,33,50
WBGene00016313,23,1143,1166
WBGene00016314,22,310,332
WBGene00016315,102,1105,1207
WBGene00016316,437,11384,11821
WBGene00016317,29,865,894
WBGene00016318,211,3176,3387
WBGene00016319,13,88,101
WBGene00016320,0,7,7
WBGene00016321,845,7806,8651
WBGene00016322,1,15,16
WBGene00016323,197,2138,2335
WBGene00016324,43,214,257
WBGene00016325,88,727,815
WBGene00016326,211,3442,3653
WBGene00016327,6,6,12
WBGene00016328,43,160,203
WBGene00016329,5,26,31
WBGene00016330,541,3637,4178
WBGene00016331,340,3842,4182
WBGene00016332,1219,23007,24226
WBGene00016333,554,5351,5905
WBGene00016334,14,8,22
WBGene00016335,71,225,296
WBGene00016336,5,13,18
WBGene00016337,2,2,4
WBGene00016339,3,6,9
WBGene00016340,97,268,365
WBGene00016341,23,1515,1538
WBGene00016342,20,2405,2425
WBGene00016343,274,1041,1315
WBGene00016344,54,275,329
WBGene00016345,3,328,331
WBGene00016346,2,70,72
WBGene00016347,16,1,17
WBGene00016348,2,7,9
WBGene00016349,5,108,113
WBGene00016350,0,1,1
WBGene00016351,0,0,0
WBGene00016352,49,567,616
WBGene00016353,0,126,126
WBGene00016354,210,1182,1392
WBGene00016355,42,398,440
WBGene00016356,5,5,10
WBGene00016357,0,0,0
WBGene00016358,2,0,2
WBGene00016359,3,1047,1050
WBGene00016360,10,93,103
WBGene00016361,12,40,52
WBGene00016362,73,8016,8089
WBGene00016363,52,341,393
WBGene00016364,75,319,394
WBGene00016365,20,237,257
WBGene00016366,22,261,283
WBGene00016367,21,251,272
WBGene00016368,29,158,187
WBGene00016369,2,1,3
WBGene00016370,0,1,1
WBGene00016371,6,8,14
WBGene00016373,16,205,221
WBGene00016374,93,1409,1502
WBGene00016375,2,735,737
WBGene00016376,15,634,649
WBGene00016378,371,4345,4716
WBGene00016379,202,6704,6906
WBGene00016380,45,762,807
WBGene00016381,36,1204,1240
WBGene00016382,6,3,9
WBGene00016383,110,2803,2913
WBGene00016384,311,5916,6227
WBGene00016386,75,53,128
WBGene00016387,52,810,862
WBGene00016388,3,2,5
WBGene00016389,2,5,7
WBGene00016390,28,806,834
WBGene00016391,123,1757,1880
WBGene00016392,24,874,898
WBGene00016393,677,26523,27200
WBGene00016394,110,101,211
WBGene00016395,269,2972,3241
WBGene00016396,818,2302,3120
WBGene00016397,89,442,531
WBGene00016398,1,10,11
WBGene00016399,0,5,5
WBGene00016400,111,1616,1727
WBGene00016402,29,223,252
WBGene00016403,744,2425,3169
WBGene00016404,74,915,989
WBGene00016405,501,10887,11388
WBGene00016406,134,2528,2662
WBGene00016407,2551,7664,10215
WBGene00016408,71,1597,1668
WBGene00016409,158,2000,2158
WBGene00016410,6,14,20
WBGene00016411,44,1894,1938
WBGene00016412,26,915,941
WBGene00016413,3,7,10
WBGene00016414,3,3,6
WBGene00016415,893,10704,11597
WBGene00016416,19,318,337
WBGene00016417,267,2382,2649
WBGene00016418,237,1058,1295
WBGene00016419,38,668,706
WBGene00016420,2,9,11
WBGene00016421,21,536,557
WBGene00016422,2,118,120
WBGene00016423,89,311,400
WBGene00016424,33,146,179
WBGene00016425,1,34,35
WBGene00016427,887,700,1587
WBGene00016428,53,571,624
WBGene00016429,9,67,76
WBGene00016430,11,1,12
WBGene00016431,22,119,141
WBGene00016432,2517,3679,6196
WBGene00016433,0,4,4
WBGene00016434,0,16,16
WBGene00016435,131,3277,3408
WBGene00016436,12,468,480
WBGene00016437,28,9,37
WBGene00016438,115,2164,2279
WBGene00016439,67,1635,1702
WBGene00016440,0,55,55
WBGene00016441,7,28,35
WBGene00016442,13,789,802
WBGene00016443,117,1480,1597
WBGene00016444,211,1638,1849
WBGene00016445,36,242,278
WBGene00016446,21,964,985
WBGene00016447,0,4,4
WBGene00016448,64,572,636
WBGene00016449,18,2691,2709
WBGene00016450,8,889,897
WBGene00016451,0,11,11
WBGene00016452,122,1911,2033
WBGene00016453,5,84,89
WBGene00016454,69,726,795
WBGene00016455,3,19,22
WBGene00016456,24,3603,3627
WBGene00016457,0,134,134
WBGene00016458,140,3168,3308
WBGene00016459,4,1,5
WBGene00016460,45,511,556
WBGene00016461,36,134,170
WBGene00016462,14,105,119
WBGene00016463,14,1171,1185
WBGene00016464,7,28,35
WBGene00016465,8,625,633
WBGene00016466,5,116,121
WBGene00016467,65,875,940
WBGene00016468,24,23,47
WBGene00016469,29,770,799
WBGene00016471,2,14,16
WBGene00016472,1,0,1
WBGene00016473,0,2,2
WBGene00016474,3,4,7
WBGene00016475,0,5,5
WBGene00016476,1,5,6
WBGene00016477,1,13,14
WBGene00016479,1,1,2
WBGene00016480,2,4,6
WBGene00016481,0,1,1
WBGene00016483,1,1,2
WBGene00016484,1,1,2
WBGene00016485,2,15,17
WBGene00016486,1,6,7
WBGene00016487,2,6,8
WBGene00016488,51,98,149
WBGene00016489,156,1572,1728
WBGene00016490,88,1200,1288
WBGene00016491,12,58,70
WBGene00016492,11,99,110
WBGene00016493,17102,139105,156207
WBGene00016494,479,6615,7094
WBGene00016495,23,1422,1445
WBGene00016496,538,10639,11177
WBGene00016497,4,79,83
WBGene00016499,58,185,243
WBGene00016500,304,7025,7329
WBGene00016501,43,1573,1616
WBGene00016502,5,236,241
WBGene00016503,10,196,206
WBGene00016504,45,2655,2700
WBGene00016505,22,1957,1979
WBGene00016506,114,1395,1509
WBGene00016507,504,4719,5223
WBGene00016508,364,3602,3966
WBGene00016509,617,48519,49136
WBGene00016511,165,2044,2209
WBGene00016512,22,47,69
WBGene00016513,301,11365,11666
WBGene00016514,97,228,325
WBGene00016517,1,29,30
WBGene00016518,60,42,102
WBGene00016519,3,12,15
WBGene00016520,892,581,1473
WBGene00016521,6,36,42
WBGene00016522,13,153,166
WBGene00016523,13,3,16
WBGene00016524,70,555,625
WBGene00016525,6,64,70
WBGene00016527,4,9,13
WBGene00016528,3,0,3
WBGene00016529,0,6,6
WBGene00016530,99,1568,1667
WBGene00016531,75,523,598
WBGene00016532,69,648,717
WBGene00016533,167,2550,2717
WBGene00016534,13,61,74
WBGene00016535,1,341,342
WBGene00016537,0,110,110
WBGene00016538,73,548,621
WBGene00016539,439,1315,1754
WBGene00016540,237,765,1002
WBGene00016541,2,39,41
WBGene00016542,381,3477,3858
WBGene00016543,19,21,40
WBGene00016544,12,77,89
WBGene00016545,11,95,106
WBGene00016546,17,152,169
WBGene00016547,13,218,231
WBGene00016548,4,2,6
WBGene00016549,6,72,78
WBGene00016550,6,1,7
WBGene00016551,0,13,13
WBGene00016554,0,7,7
WBGene00016555,8,367,375
WBGene00016556,2,35,37
WBGene00016557,1,0,1
WBGene00016558,19,123,142
WBGene00016559,53,308,361
WBGene00016561,1086,1787,2873
WBGene00016562,1521,3384,4905
WBGene00016564,33,616,649
WBGene00016565,0,61,61
WBGene00016566,178,1322,1500
WBGene00016567,5,337,342
WBGene00016568,116,355,471
WBGene00016570,43,286,329
WBGene00016571,14,26,40
WBGene00016572,11,1,12
WBGene00016573,10,734,744
WBGene00016574,26,976,1002
WBGene00016575,2,1206,1208
WBGene00016576,5,789,794
WBGene00016577,2,24,26
WBGene00016578,0,8,8
WBGene00016579,30,138,168
WBGene00016580,63,149,212
WBGene00016581,2,43,45
WBGene00016582,31,887,918
WBGene00016583,14,784,798
WBGene00016585,78,133,211
WBGene00016586,4,441,445
WBGene00016587,49,86,135
WBGene00016588,282,2324,2606
WBGene00016589,49,717,766
WBGene00016590,86,956,1042
WBGene00016591,20,1982,2002
WBGene00016592,43,424,467
WBGene00016594,68,7907,7975
WBGene00016595,6,28,34
WBGene00016596,1,416,417
WBGene00016597,2,18,20
WBGene00016598,1,43,44
WBGene00016599,171,1119,1290
WBGene00016600,41,89,130
WBGene00016601,487,7883,8370
WBGene00016602,56,1034,1090
WBGene00016603,713,5871,6584
WBGene00016605,9,46,55
WBGene00016606,325,1480,1805
WBGene00016607,44,796,840
WBGene00016608,76,700,776
WBGene00016609,50,375,425
WBGene00016610,541,5763,6304
WBGene00016611,386,3822,4208
WBGene00016612,6,34,40
WBGene00016613,176,1338,1514
WBGene00016614,75,778,853
WBGene00016616,35,1204,1239
WBGene00016617,54,901,955
WBGene00016619,9,120,129
WBGene00016620,77,889,966
WBGene00016621,230,2126,2356
WBGene00016622,38,2026,2064
WBGene00016623,41,705,746
WBGene00016624,521,2222,2743
WBGene00016625,11,50,61
WBGene00016626,6,195,201
WBGene00016627,3,4,7
WBGene00016628,137,1063,1200
WBGene00016629,40,529,569
WBGene00016630,315,27080,27395
WBGene00016631,34,422,456
WBGene00016632,41,371,412
WBGene00016633,19,237,256
WBGene00016634,249,2014,2263
WBGene00016635,28,4445,4473
WBGene00016636,2,5,7
WBGene00016637,12,56,68
WBGene00016638,3,1,4
WBGene00016639,45,34,79
WBGene00016641,8,84,92
WBGene00016642,42,413,455
WBGene00016643,108,1013,1121
WBGene00016644,1,9,10
WBGene00016645,20,651,671
WBGene00016646,0,0,0
WBGene00016647,0,0,0
WBGene00016648,0,0,0
WBGene00016649,0,0,0
WBGene00016650,950,11216,12166
WBGene00016652,67,861,928
WBGene00016653,24,3990,4014
WBGene00016654,181,934,1115
WBGene00016655,90,1813,1903
WBGene00016657,34,554,588
WBGene00016658,0,0,0
WBGene00016659,0,16,16
WBGene00016660,2,6,8
WBGene00016661,132,1094,1226
WBGene00016662,0,0,0
WBGene00016663,94,1482,1576
WBGene00016664,11,6,17
WBGene00016665,5,35,40
WBGene00016667,115,1201,1316
WBGene00016668,2,0,2
WBGene00016669,2,19,21
WBGene00016670,5,13,18
WBGene00016671,10,265,275
WBGene00016673,2,3,5
WBGene00016674,29,1180,1209
WBGene00016675,0,2,2
WBGene00016676,20,993,1013
WBGene00016677,1381,25727,27108
WBGene00016678,197,1627,1824
WBGene00016679,8,242,250
WBGene00016680,0,0,0
WBGene00016681,3,5,8
WBGene00016682,28,78,106
WBGene00016683,50,99,149
WBGene00016684,63,2778,2841
WBGene00016685,21,13,34
WBGene00016686,15,30,45
WBGene00016687,1,4,5
WBGene00016689,0,0,0
WBGene00016690,0,1,1
WBGene00016691,5,1,6
WBGene00016692,1,12,13
WBGene00016693,5,35,40
WBGene00016694,0,1,1
WBGene00016695,0,8,8
WBGene00016696,13,50,63
WBGene00016697,19,58,77
WBGene00016698,6,13,19
WBGene00016699,1,17,18
WBGene00016700,16,45,61
WBGene00016701,12,160,172
WBGene00016702,156,2684,2840
WBGene00016703,18,416,434
WBGene00016704,119,602,721
WBGene00016705,82,456,538
WBGene00016706,101,3890,3991
WBGene00016707,1,0,1
WBGene00016708,0,0,0
WBGene00016709,2,0,2
WBGene00016710,17,537,554
WBGene00016711,0,44,44
WBGene00016712,1,4,5
WBGene00016713,1,0,1
WBGene00016714,9,47,56
WBGene00016716,2017,9384,11401
WBGene00016717,8,149,157
WBGene00016718,3,10,13
WBGene00016719,10,302,312
WBGene00016720,1,0,1
WBGene00016721,562,8792,9354
WBGene00016722,2308,7025,9333
WBGene00016724,9,104,113
WBGene00016725,174,399,573
WBGene00016727,13,5,18
WBGene00016728,27,300,327
WBGene00016729,11,158,169
WBGene00016730,27,70,97
WBGene00016731,0,11,11
WBGene00016732,1,6,7
WBGene00016733,3,35,38
WBGene00016734,76,2334,2410
WBGene00016735,115,1245,1360
WBGene00016736,0,4,4
WBGene00016738,5,2497,2502
WBGene00016739,931,8118,9049
WBGene00016740,33,1140,1173
WBGene00016741,90,1330,1420
WBGene00016742,16,10,26
WBGene00016743,19,10,29
WBGene00016744,74,391,465
WBGene00016745,5,340,345
WBGene00016746,101,2648,2749
WBGene00016747,34,154,188
WBGene00016748,103,247,350
WBGene00016749,168,2598,2766
WBGene00016750,131,2060,2191
WBGene00016751,147,820,967
WBGene00016752,0,6,6
WBGene00016753,8,1,9
WBGene00016754,199,2503,2702
WBGene00016755,19,42,61
WBGene00016756,83,167,250
WBGene00016757,100,479,579
WBGene00016758,77,528,605
WBGene00016759,34,674,708
WBGene00016760,34,2323,2357
WBGene00016761,33,129,162
WBGene00016762,37,644,681
WBGene00016763,168,5550,5718
WBGene00016764,80,869,949
WBGene00016765,9,7,16
WBGene00016766,3,1253,1256
WBGene00016767,2,165,167
WBGene00016768,166,1285,1451
WBGene00016769,258,885,1143
WBGene00016770,1,0,1
WBGene00016772,0,11,11
WBGene00016773,4,3,7
WBGene00016775,2,2,4
WBGene00016776,0,0,0
WBGene00016777,1,4,5
WBGene00016778,11,1,12
WBGene00016779,3,24,27
WBGene00016781,141,171501,171642
WBGene00016782,1,2656,2657
WBGene00016783,31,183,214
WBGene00016785,32,99,131
WBGene00016786,2,4,6
WBGene00016788,673,3722,4395
WBGene00016789,1,15,16
WBGene00016790,343,7402,7745
WBGene00016791,78,1209,1287
WBGene00016792,228,2286,2514
WBGene00016793,69,1313,1382
WBGene00016794,136,1373,1509
WBGene00016795,3,108,111
WBGene00016796,288,976,1264
WBGene00016797,267,176,443
WBGene00016798,0,2,2
WBGene00016799,83,589,672
WBGene00016800,3,38,41
WBGene00016801,31,1255,1286
WBGene00016803,17,2298,2315
WBGene00016804,0,36,36
WBGene00016805,11,69,80
WBGene00016806,1,200,201
WBGene00016807,3,6,9
WBGene00016808,68,3845,3913
WBGene00016809,60,707,767
WBGene00016810,41,854,895
WBGene00016811,93,624,717
WBGene00016812,71,647,718
WBGene00016813,0,1,1
WBGene00016814,0,0,0
WBGene00016815,2,3,5
WBGene00016816,126,821,947
WBGene00016817,39,258,297
WBGene00016818,13,19,32
WBGene00016819,1,0,1
WBGene00016820,0,23,23
WBGene00016821,3,1,4
WBGene00016822,7,6,13
WBGene00016823,3,1,4
WBGene00016824,0,3,3
WBGene00016825,4,37,41
WBGene00016826,18,3,21
WBGene00016827,4,7,11
WBGene00016828,45,22,67
WBGene00016829,5,3,8
WBGene00016830,2,1,3
WBGene00016831,6,3,9
WBGene00016832,1,11,12
WBGene00016833,7,24,31
WBGene00016834,2,4,6
WBGene00016835,109,97,206
WBGene00016836,260,2074,2334
WBGene00016837,96,2785,2881
WBGene00016838,974,1744,2718
WBGene00016839,0,3,3
WBGene00016840,645,3724,4369
WBGene00016841,116,995,1111
WBGene00016842,3,152,155
WBGene00016843,2,4,6
WBGene00016844,77,1235,1312
WBGene00016845,6,263,269
WBGene00016846,93,539,632
WBGene00016847,1,13,14
WBGene00016848,78,1010,1088
WBGene00016849,38,368,406
WBGene00016850,1,49,50
WBGene00016852,1,14,15
WBGene00016853,2,8,10
WBGene00016855,1,52,53
WBGene00016856,14,18,32
WBGene00016857,5,3,8
WBGene00016858,8,12,20
WBGene00016859,3,3,6
WBGene00016860,54,605,659
WBGene00016862,126,1236,1362
WBGene00016863,12,94,106
WBGene00016864,3,9,12
WBGene00016865,444,392,836
WBGene00016866,1024,7326,8350
WBGene00016867,76,1123,1199
WBGene00016868,47,2673,2720
WBGene00016869,5,215,220
WBGene00016870,32,360,392
WBGene00016871,317,1293,1610
WBGene00016872,25,209,234
WBGene00016873,73,1,74
WBGene00016874,65,493,558
WBGene00016877,24,5,29
WBGene00016879,115,637,752
WBGene00016880,1,6,7
WBGene00016881,0,7,7
WBGene00016882,0,1,1
WBGene00016883,40,601,641
WBGene00016884,1,238,239
WBGene00016885,0,1,1
WBGene00016886,0,0,0
WBGene00016888,332,3592,3924
WBGene00016889,417,3301,3718
WBGene00016890,86,301,387
WBGene00016891,2,9,11
WBGene00016892,13,1512,1525
WBGene00016893,7,60,67
WBGene00016894,29,16812,16841
WBGene00016895,0,0,0
WBGene00016896,19,70,89
WBGene00016898,294,4710,5004
WBGene00016899,20,82,102
WBGene00016900,360,903,1263
WBGene00016901,0,7,7
WBGene00016902,610,999,1609
WBGene00016903,139,1536,1675
WBGene00016904,5,2,7
WBGene00016905,246,1502,1748
WBGene00016906,60,328,388
WBGene00016907,35,14161,14196
WBGene00016909,69,263,332
WBGene00016910,2,0,2
WBGene00016911,39,1129,1168
WBGene00016912,2,297,299
WBGene00016913,67,1625,1692
WBGene00016914,26,257,283
WBGene00016915,6,20,26
WBGene00016916,16,959,975
WBGene00016917,19,210,229
WBGene00016918,1105,6643,7748
WBGene00016919,777,2794,3571
WBGene00016920,75,431,506
WBGene00016921,4,27,31
WBGene00016922,4,36,40
WBGene00016923,138,1959,2097
WBGene00016924,173,211,384
WBGene00016925,7,9,16
WBGene00016926,6,38,44
WBGene00016927,0,4,4
WBGene00016928,47,36,83
WBGene00016929,1,6,7
WBGene00016930,144,702,846
WBGene00016931,14,84,98
WBGene00016932,170,114,284
WBGene00016933,7,50,57
WBGene00016934,69,2505,2574
WBGene00016935,97,612,709
WBGene00016937,62,978,1040
WBGene00016938,36,130,166
WBGene00016939,47,391,438
WBGene00016940,5,1,6
WBGene00016941,33,14,47
WBGene00016942,1,9,10
WBGene00016943,35,534,569
WBGene00016944,43,1562,1605
WBGene00016945,50,206,256
WBGene00016946,1,1,2
WBGene00016947,25,554,579
WBGene00016948,3,4,7
WBGene00016949,4,1,5
WBGene00016950,3,0,3
WBGene00016951,27,32,59
WBGene00016953,31,184,215
WBGene00016954,0,3,3
WBGene00016955,239,1174,1413
WBGene00016956,32,93,125
WBGene00016957,464,787,1251
WBGene00016958,130,1203,1333
WBGene00016959,3,2,5
WBGene00016960,74,929,1003
WBGene00016961,636,10767,11403
WBGene00016962,2,13,15
WBGene00016963,6,10,16
WBGene00016964,80,712,792
WBGene00016965,72,779,851
WBGene00016966,105,1339,1444
WBGene00016967,11,1372,1383
WBGene00016968,53,530,583
WBGene00016970,268,149,417
WBGene00016971,24,1109,1133
WBGene00016972,6,40,46
WBGene00016973,4,10,14
WBGene00016974,16,489,505
WBGene00016975,338,1606,1944
WBGene00016976,197,467,664
WBGene00016977,2093,14488,16581
WBGene00016978,108,840,948
WBGene00016979,26,341,367
WBGene00016980,0,4,4
WBGene00016981,60,3152,3212
WBGene00016982,42,393,435
WBGene00016983,13,337,350
WBGene00016984,162,170,332
WBGene00016985,0,3,3
WBGene00016987,25,1199,1224
WBGene00016988,251,2974,3225
WBGene00016989,115,1828,1943
WBGene00016990,35,2524,2559
WBGene00016991,19,6,25
WBGene00016992,53,928,981
WBGene00016993,84,811,895
WBGene00016995,35,974,1009
WBGene00016996,50,259,309
WBGene00016997,65,15935,16000
WBGene00016998,41,316,357
WBGene00016999,11,34,45
WBGene00017000,26,248,274
WBGene00017001,13,76,89
WBGene00017002,2,227,229
WBGene00017003,3,236,239
WBGene00017004,87,2522,2609
WBGene00017005,0,309,309
WBGene00017006,9,7,16
WBGene00017007,102,616,718
WBGene00017009,11,245,256
WBGene00017010,74,676,750
WBGene00017011,13,1409,1422
WBGene00017012,284,1552,1836
WBGene00017013,10,170,180
WBGene00017014,38,415,453
WBGene00017015,248,486,734
WBGene00017016,2237,4984,7221
WBGene00017017,289,2400,2689
WBGene00017018,1,7,8
WBGene00017019,2,5,7
WBGene00017020,12,58,70
WBGene00017021,3,19,22
WBGene00017022,0,33,33
WBGene00017023,17,5711,5728
WBGene00017024,3,15,18
WBGene00017025,240,2937,3177
WBGene00017026,14,12,26
WBGene00017027,34,37,71
WBGene00017028,48,83,131
WBGene00017029,0,6,6
WBGene00017030,6,4,10
WBGene00017031,226,2114,2340
WBGene00017032,13,662,675
WBGene00017033,17,201,218
WBGene00017034,44,352,396
WBGene00017036,30,538,568
WBGene00017037,261,1164,1425
WBGene00017038,441,688,1129
WBGene00017039,190,629,819
WBGene00017040,40,31,71
WBGene00017041,133,882,1015
WBGene00017042,91,537,628
WBGene00017044,108,3477,3585
WBGene00017045,520,4963,5483
WBGene00017046,81,554,635
WBGene00017048,145,751,896
WBGene00017050,21,68,89
WBGene00017051,86,732,818
WBGene00017052,4,15,19
WBGene00017053,183,1508,1691
WBGene00017054,603,10732,11335
WBGene00017055,1,0,1
WBGene00017056,0,5,5
WBGene00017057,0,0,0
WBGene00017058,0,1,1
WBGene00017059,0,1,1
WBGene00017060,426,38655,39081
WBGene00017061,25,40,65
WBGene00017062,127,1332,1459
WBGene00017063,93,311,404
WBGene00017064,60,1747,1807
WBGene00017065,234,3455,3689
WBGene00017066,480,2968,3448
WBGene00017067,265,1281,1546
WBGene00017068,0,9,9
WBGene00017069,151,861,1012
WBGene00017070,93,2242,2335
WBGene00017071,133,1149,1282
WBGene00017072,36,132,168
WBGene00017073,2,31,33
WBGene00017074,31,1348,1379
WBGene00017075,148,49019,49167
WBGene00017076,184,1332,1516
WBGene00017077,254,482,736
WBGene00017078,21,290,311
WBGene00017079,41,962,1003
WBGene00017080,1034,2291,3325
WBGene00017082,49,1428,1477
WBGene00017083,13,27,40
WBGene00017084,629,1265,1894
WBGene00017085,97,1633,1730
WBGene00017087,28,343,371
WBGene00017088,331,4114,4445
WBGene00017089,1,67,68
WBGene00017090,6,2,8
WBGene00017091,10,116,126
WBGene00017092,2,26,28
WBGene00017093,1,7,8
WBGene00017094,0,3,3
WBGene00017095,2,3,5
WBGene00017096,0,6,6
WBGene00017097,28,3,31
WBGene00017098,317,3270,3587
WBGene00017099,0,7,7
WBGene00017100,14,110,124
WBGene00017101,178,1424,1602
WBGene00017102,26,77,103
WBGene00017103,6,74,80
WBGene00017104,74,1,75
WBGene00017105,3,1,4
WBGene00017106,6,17,23
WBGene00017107,1,22,23
WBGene00017108,15,188,203
WBGene00017109,5,2,7
WBGene00017110,1,0,1
WBGene00017111,4,5,9
WBGene00017112,3,11,14
WBGene00017113,12,49,61
WBGene00017114,2,1,3
WBGene00017115,5,4,9
WBGene00017116,0,8,8
WBGene00017119,43,3656,3699
WBGene00017120,36,314,350
WBGene00017121,2589,109742,112331
WBGene00017122,19,62,81
WBGene00017123,103,2147,2250
WBGene00017124,21,99,120
WBGene00017125,98,1374,1472
WBGene00017126,27,330,357
WBGene00017127,1850,21245,23095
WBGene00017128,864,15156,16020
WBGene00017129,32,193,225
WBGene00017130,2,5,7
WBGene00017131,2,51,53
WBGene00017132,209,2712,2921
WBGene00017133,130,1284,1414
WBGene00017134,20,907,927
WBGene00017135,0,3,3
WBGene00017136,16,196,212
WBGene00017137,15,1497,1512
WBGene00017138,138,2696,2834
WBGene00017139,5,10,15
WBGene00017140,0,3,3
WBGene00017141,0,269,269
WBGene00017142,58,3489,3547
WBGene00017143,3,76,79
WBGene00017144,122,1955,2077
WBGene00017146,38,162,200
WBGene00017147,24,435,459
WBGene00017148,6,34,40
WBGene00017149,25,1683,1708
WBGene00017150,4,333,337
WBGene00017151,65,292,357
WBGene00017152,0,2,2
WBGene00017153,0,257,257
WBGene00017154,8,55,63
WBGene00017156,238,164,402
WBGene00017157,194,387,581
WBGene00017158,96,2274,2370
WBGene00017159,447,4258,4705
WBGene00017160,194,1534,1728
WBGene00017161,182,1498,1680
WBGene00017162,152,2200,2352
WBGene00017163,76,1367,1443
WBGene00017164,44,481,525
WBGene00017165,375,2079,2454
WBGene00017166,1622,58745,60367
WBGene00017168,0,38,38
WBGene00017169,12,616,628
WBGene00017170,27,74,101
WBGene00017172,0,11,11
WBGene00017173,26,19,45
WBGene00017174,8,133,141
WBGene00017175,2,1,3
WBGene00017176,12,136,148
WBGene00017177,1,6,7
WBGene00017178,40,1090,1130
WBGene00017179,1,8,9
WBGene00017180,259,1946,2205
WBGene00017181,7,3,10
WBGene00017182,0,1,1
WBGene00017183,1,1,2
WBGene00017184,369,2800,3169
WBGene00017185,0,0,0
WBGene00017186,0,0,0
WBGene00017188,0,0,0
WBGene00017189,29,17,46
WBGene00017190,0,219,219
WBGene00017191,0,0,0
WBGene00017192,135,78,213
WBGene00017193,68,1816,1884
WBGene00017194,40,291,331
WBGene00017195,77,1269,1346
WBGene00017197,62,1376,1438
WBGene00017198,150,138,288
WBGene00017199,3,37,40
WBGene00017200,1,186,187
WBGene00017201,75,2491,2566
WBGene00017203,1,111,112
WBGene00017204,2,165,167
WBGene00017205,1,6,7
WBGene00017207,0,1,1
WBGene00017208,0,18,18
WBGene00017209,111,1,112
WBGene00017210,823,9689,10512
WBGene00017211,21,48,69
WBGene00017212,0,0,0
WBGene00017213,6,7,13
WBGene00017214,11,7,18
WBGene00017215,1,6,7
WBGene00017216,10,111,121
WBGene00017217,86,917,1003
WBGene00017218,6,20,26
WBGene00017219,84,1518,1602
WBGene00017220,265,8456,8721
WBGene00017221,9,0,9
WBGene00017222,0,0,0
WBGene00017223,0,0,0
WBGene00017224,0,1,1
WBGene00017225,0,46,46
WBGene00017226,19,256,275
WBGene00017227,0,1,1
WBGene00017228,9,11,20
WBGene00017229,6,5,11
WBGene00017230,4,4,8
WBGene00017231,6,3,9
WBGene00017233,32,612,644
WBGene00017236,13,124,137
WBGene00017237,68,693,761
WBGene00017238,67,3122,3189
WBGene00017239,160,915,1075
WBGene00017240,75,1262,1337
WBGene00017241,165,1148,1313
WBGene00017243,14,202,216
WBGene00017244,97,891,988
WBGene00017245,334,1399,1733
WBGene00017246,196,1421,1617
WBGene00017247,517,4173,4690
WBGene00017248,5,1,6
WBGene00017249,11,6,17
WBGene00017250,105,1464,1569
WBGene00017251,0,5,5
WBGene00017252,0,2,2
WBGene00017253,0,3,3
WBGene00017254,0,17,17
WBGene00017255,52,218,270
WBGene00017257,9,200,209
WBGene00017258,51,354,405
WBGene00017259,1,75,76
WBGene00017260,154,1498,1652
WBGene00017261,92,1409,1501
WBGene00017262,43,399,442
WBGene00017263,6,12,18
WBGene00017264,4,5,9
WBGene00017265,2,62,64
WBGene00017266,31,165,196
WBGene00017267,0,0,0
WBGene00017268,85,1677,1762
WBGene00017269,125,836,961
WBGene00017270,0,0,0
WBGene00017271,7,12,19
WBGene00017272,277,5696,5973
WBGene00017273,119,944,1063
WBGene00017274,739,6437,7176
WBGene00017275,278,1992,2270
WBGene00017276,4,2,6
WBGene00017277,7,25,32
WBGene00017278,5,46,51
WBGene00017279,7,24,31
WBGene00017280,686,1108,1794
WBGene00017281,21,44,65
WBGene00017282,11,759,770
WBGene00017283,120,2756,2876
WBGene00017284,328,1809,2137
WBGene00017285,20,1167,1187
WBGene00017286,316,2380,2696
WBGene00017287,0,182,182
WBGene00017288,13,216,229
WBGene00017289,14,1977,1991
WBGene00017290,3,164,167
WBGene00017291,62,2040,2102
WBGene00017292,11,306,317
WBGene00017293,2,1241,1243
WBGene00017294,127,255,382
WBGene00017295,259,132,391
WBGene00017296,354,426,780
WBGene00017297,749,6525,7274
WBGene00017298,294,1799,2093
WBGene00017299,307,1940,2247
WBGene00017300,226,2937,3163
WBGene00017301,22,1953,1975
WBGene00017302,838,1625,2463
WBGene00017303,1009,14138,15147
WBGene00017304,344,24354,24698
WBGene00017305,0,25,25
WBGene00017306,522,6261,6783
WBGene00017307,7,47,54
WBGene00017308,16,41,57
WBGene00017309,34,147,181
WBGene00017310,81,418,499
WBGene00017311,67,11077,11144
WBGene00017312,12,18,30
WBGene00017313,213,2886,3099
WBGene00017314,55,371,426
WBGene00017315,6,6,12
WBGene00017316,279,2014,2293
WBGene00017317,698,8110,8808
WBGene00017319,174,1999,2173
WBGene00017320,28,313,341
WBGene00017321,21,2366,2387
WBGene00017322,11,80,91
WBGene00017323,4,19,23
WBGene00017324,0,3,3
WBGene00017325,2,4,6
WBGene00017326,15,237,252
WBGene00017327,15,238,253
WBGene00017328,17,1335,1352
WBGene00017329,4,53,57
WBGene00017330,32,27,59
WBGene00017331,246,464,710
WBGene00017332,655,2497,3152
WBGene00017333,0,2,2
WBGene00017334,13,96,109
WBGene00017335,26,168,194
WBGene00017336,29,139,168
WBGene00017338,361,1244,1605
WBGene00017339,87,279,366
WBGene00017340,10,89,99
WBGene00017341,17,25,42
WBGene00017342,336,5850,6186
WBGene00017343,7,4,11
WBGene00017344,90,1790,1880
WBGene00017347,66,21341,21407
WBGene00017348,1,843,844
WBGene00017349,108,2257,2365
WBGene00017350,174,2017,2191
WBGene00017351,0,6,6
WBGene00017352,7,171,178
WBGene00017353,74,1102,1176
WBGene00017354,5,29,34
WBGene00017355,25,671,696
WBGene00017356,164,1486,1650
WBGene00017357,140,2332,2472
WBGene00017358,507,1118,1625
WBGene00017359,0,76,76
WBGene00017360,0,118,118
WBGene00017361,11,927,938
WBGene00017362,79,1730,1809
WBGene00017363,8,138,146
WBGene00017364,0,61,61
WBGene00017365,0,6,6
WBGene00017366,89,37,126
WBGene00017367,7,110,117
WBGene00017369,86,3493,3579
WBGene00017371,12,110,122
WBGene00017372,97,2663,2760
WBGene00017373,295,2373,2668
WBGene00017374,526,8913,9439
WBGene00017375,56,350,406
WBGene00017376,142,2925,3067
WBGene00017378,21,457,478
WBGene00017379,74,1522,1596
WBGene00017380,435,2197,2632
WBGene00017381,115,729,844
WBGene00017382,2,5,7
WBGene00017383,4,2,6
WBGene00017384,4,0,4
WBGene00017385,87,3299,3386
WBGene00017386,0,0,0
WBGene00017387,0,2,2
WBGene00017388,0,17,17
WBGene00017389,441,487,928
WBGene00017390,141,1667,1808
WBGene00017393,3,6,9
WBGene00017394,136,730,866
WBGene00017395,0,0,0
WBGene00017396,79,38,117
WBGene00017397,90,812,902
WBGene00017398,59,272,331
WBGene00017399,39,24,63
WBGene00017400,35,156,191
WBGene00017401,0,1,1
WBGene00017402,0,2,2
WBGene00017403,5,4,9
WBGene00017405,2,3,5
WBGene00017406,0,1,1
WBGene00017407,2,6,8
WBGene00017408,0,26,26
WBGene00017410,7,23,30
WBGene00017411,27,598,625
WBGene00017412,10,4,14
WBGene00017413,8,86,94
WBGene00017414,41,127,168
WBGene00017416,2,123,125
WBGene00017417,36,529,565
WBGene00017418,1132,7586,8718
WBGene00017419,126,2473,2599
WBGene00017420,18,47,65
WBGene00017421,203,1011,1214
WBGene00017422,398,1040,1438
WBGene00017423,263,5461,5724
WBGene00017424,35,148,183
WBGene00017426,153,1403,1556
WBGene00017427,146,1574,1720
WBGene00017428,263,3073,3336
WBGene00017429,269,1024,1293
WBGene00017430,482,5529,6011
WBGene00017431,157,749,906
WBGene00017433,22,158,180
WBGene00017434,63,1818,1881
WBGene00017435,154,2404,2558
WBGene00017436,2,17,19
WBGene00017437,54,660,714
WBGene00017438,4,23,27
WBGene00017439,9,100,109
WBGene00017440,2540,66793,69333
WBGene00017441,7,40,47
WBGene00017442,14,196,210
WBGene00017443,11,138,149
WBGene00017444,7,8,15
WBGene00017445,203,3218,3421
WBGene00017446,16,227,243
WBGene00017447,105,942,1047
WBGene00017448,211,3610,3821
WBGene00017449,97,377,474
WBGene00017450,33,415,448
WBGene00017451,17,114,131
WBGene00017452,185,407,592
WBGene00017453,14,74,88
WBGene00017454,9,8,17
WBGene00017455,0,1,1
WBGene00017456,186,233,419
WBGene00017459,25,577,602
WBGene00017460,15,614,629
WBGene00017461,12,1490,1502
WBGene00017462,22,945,967
WBGene00017463,63,369,432
WBGene00017464,21,194,215
WBGene00017465,21,137,158
WBGene00017466,5,107,112
WBGene00017467,45,1008,1053
WBGene00017468,19,68,87
WBGene00017469,83,87,170
WBGene00017470,3,4,7
WBGene00017471,3,84,87
WBGene00017472,201,1903,2104
WBGene00017473,2,277,279
WBGene00017474,1,11,12
WBGene00017475,4,161,165
WBGene00017476,6,9,15
WBGene00017477,19,380,399
WBGene00017478,208,1165,1373
WBGene00017480,107,578,685
WBGene00017481,4,592,596
WBGene00017482,47,1014,1061
WBGene00017483,8,193,201
WBGene00017484,98,7099,7197
WBGene00017485,8,38,46
WBGene00017486,0,349,349
WBGene00017487,87,297,384
WBGene00017488,5,43,48
WBGene00017489,68,254,322
WBGene00017490,0,0,0
WBGene00017491,0,1,1
WBGene00017492,5,0,5
WBGene00017493,5,23,28
WBGene00017497,15,3,18
WBGene00017498,135,4124,4259
WBGene00017499,0,0,0
WBGene00017500,0,0,0
WBGene00017501,4,140,144
WBGene00017502,0,2240,2240
WBGene00017503,56,496,552
WBGene00017504,178,581,759
WBGene00017506,16,461,477
WBGene00017507,167,294,461
WBGene00017508,18,162,180
WBGene00017509,21,69,90
WBGene00017510,381,1323,1704
WBGene00017511,19,14,33
WBGene00017512,31,381,412
WBGene00017513,349,2117,2466
WBGene00017514,22,497,519
WBGene00017515,36,534,570
WBGene00017516,0,2,2
WBGene00017517,2,1,3
WBGene00017518,7,0,7
WBGene00017519,0,0,0
WBGene00017520,1,1,2
WBGene00017521,0,1,1
WBGene00017522,1,2,3
WBGene00017523,3,1,4
WBGene00017524,0,0,0
WBGene00017525,1,0,1
WBGene00017526,3,0,3
WBGene00017527,0,0,0
WBGene00017528,4,3,7
WBGene00017530,23,90,113
WBGene00017532,5,97,102
WBGene00017534,143,1092,1235
WBGene00017535,4,11,15
WBGene00017536,34,1144,1178
WBGene00017537,31,192,223
WBGene00017538,5,68,73
WBGene00017539,2,0,2
WBGene00017540,1,0,1
WBGene00017541,5,6,11
WBGene00017542,0,0,0
WBGene00017543,23,75,98
WBGene00017544,11,100,111
WBGene00017545,31,349,380
WBGene00017546,145,3587,3732
WBGene00017547,134,1205,1339
WBGene00017548,80,792,872
WBGene00017549,161,1468,1629
WBGene00017550,14,15,29
WBGene00017551,1,0,1
WBGene00017552,5,1,6
WBGene00017553,3,4,7
WBGene00017554,4,3,7
WBGene00017555,2,1,3
WBGene00017556,2,2,4
WBGene00017557,69,1211,1280
WBGene00017559,1,21,22
WBGene00017560,2,4,6
WBGene00017562,0,3,3
WBGene00017563,329,6741,7070
WBGene00017564,2,3,5
WBGene00017565,2903,5700,8603
WBGene00017566,2,4,6
WBGene00017567,0,828,828
WBGene00017568,23,323,346
WBGene00017569,25,318,343
WBGene00017570,18,36,54
WBGene00017571,57,1215,1272
WBGene00017573,8,11,19
WBGene00017574,21,726,747
WBGene00017576,150,86,236
WBGene00017577,12,8,20
WBGene00017578,37,228,265
WBGene00017579,4,99,103
WBGene00017580,135,315,450
WBGene00017581,26,56,82
WBGene00017582,245,14112,14357
WBGene00017583,76,1878,1954
WBGene00017584,0,7,7
WBGene00017585,2,3,5
WBGene00017586,14,67,81
WBGene00017587,3,2,5
WBGene00017588,1,1,2
WBGene00017589,5,75,80
WBGene00017590,3,2,5
WBGene00017591,192,5624,5816
WBGene00017592,24,244,268
WBGene00017593,19,58,77
WBGene00017594,4,11,15
WBGene00017595,0,77,77
WBGene00017596,1,5,6
WBGene00017597,644,816,1460
WBGene00017598,0,21,21
WBGene00017599,5,1592,1597
WBGene00017600,795,11869,12664
WBGene00017601,1,4,5
WBGene00017603,3,0,3
WBGene00017604,1,0,1
WBGene00017605,815,9167,9982
WBGene00017606,44,1553,1597
WBGene00017607,172,1866,2038
WBGene00017608,297,2060,2357
WBGene00017609,0,1,1
WBGene00017610,8,2,10
WBGene00017611,102,108,210
WBGene00017612,0,66,66
WBGene00017613,137,7017,7154
WBGene00017614,12,45,57
WBGene00017615,18,60,78
WBGene00017616,12,124,136
WBGene00017618,1525,1129,2654
WBGene00017619,19,116,135
WBGene00017620,450,3220,3670
WBGene00017621,34,2519,2553
WBGene00017625,72,69,141
WBGene00017627,12,23,35
WBGene00017628,209,352,561
WBGene00017629,1,33,34
WBGene00017630,0,0,0
WBGene00017631,7,5,12
WBGene00017632,57,151,208
WBGene00017633,24,36,60
WBGene00017634,10,88,98
WBGene00017635,105,224,329
WBGene00017636,3,17,20
WBGene00017637,82,735,817
WBGene00017638,0,1,1
WBGene00017639,434,1681,2115
WBGene00017640,95,1011,1106
WBGene00017641,81,1516,1597
WBGene00017642,266,4153,4419
WBGene00017643,98,1845,1943
WBGene00017644,1059,7466,8525
WBGene00017645,14,58,72
WBGene00017646,161,1219,1380
WBGene00017647,70,109,179
WBGene00017648,5,44,49
WBGene00017650,10,108,118
WBGene00017651,56,133,189
WBGene00017652,5,8,13
WBGene00017653,450,2759,3209
WBGene00017654,3,33,36
WBGene00017655,0,2,2
WBGene00017656,1,8,9
WBGene00017657,180,2025,2205
WBGene00017658,8,18,26
WBGene00017659,192,10438,10630
WBGene00017660,215,5407,5622
WBGene00017661,6,140,146
WBGene00017662,2,39,41
WBGene00017663,162,3318,3480
WBGene00017664,13,44,57
WBGene00017666,11,32,43
WBGene00017667,86,889,975
WBGene00017668,3,14,17
WBGene00017670,2,0,2
WBGene00017671,315,18201,18516
WBGene00017672,0,2,2
WBGene00017673,4,43,47
WBGene00017674,35,601,636
WBGene00017675,562,15412,15974
WBGene00017676,293,3264,3557
WBGene00017678,20,280,300
WBGene00017679,5,40,45
WBGene00017681,6,86,92
WBGene00017683,72,1758,1830
WBGene00017684,0,0,0
WBGene00017685,3,1,4
WBGene00017686,100,2486,2586
WBGene00017687,111,638,749
WBGene00017688,48,683,731
WBGene00017690,378,405,783
WBGene00017691,533,2099,2632
WBGene00017692,161,540,701
WBGene00017693,4,3,7
WBGene00017694,6,27,33
WBGene00017695,6,4,10
WBGene00017696,91,2487,2578
WBGene00017698,374,5970,6344
WBGene00017699,1924,4208,6132
WBGene00017700,45,55,100
WBGene00017701,28,110,138
WBGene00017702,128,1387,1515
WBGene00017703,79,141,220
WBGene00017704,1,0,1
WBGene00017705,0,3,3
WBGene00017706,1,11,12
WBGene00017707,3,6,9
WBGene00017708,45,461,506
WBGene00017709,247,13,260
WBGene00017710,4,3,7
WBGene00017711,7,84,91
WBGene00017712,0,119,119
WBGene00017713,1,2,3
WBGene00017714,0,97,97
WBGene00017715,12,256,268
WBGene00017716,9,23,32
WBGene00017717,15,486,501
WBGene00017718,2,262,264
WBGene00017719,238,3574,3812
WBGene00017720,174,278,452
WBGene00017721,87,13,100
WBGene00017722,2,4,6
WBGene00017723,295,410,705
WBGene00017724,513,2436,2949
WBGene00017725,0,4,4
WBGene00017726,619,9274,9893
WBGene00017727,0,20746,20746
WBGene00017730,7,134,141
WBGene00017732,80,586,666
WBGene00017733,156,1645,1801
WBGene00017734,24,2901,2925
WBGene00017735,200,7318,7518
WBGene00017736,16,214,230
WBGene00017737,14,31,45
WBGene00017738,134,1625,1759
WBGene00017741,121,586,707
WBGene00017742,165,1683,1848
WBGene00017743,0,17,17
WBGene00017744,142,1157,1299
WBGene00017745,156,1566,1722
WBGene00017746,121,760,881
WBGene00017747,15,228,243
WBGene00017748,56,620,676
WBGene00017749,73,1791,1864
WBGene00017750,43,517,560
WBGene00017751,1095,596,1691
WBGene00017752,3,32,35
WBGene00017754,20,60,80
WBGene00017755,966,1411,2377
WBGene00017756,106,1123,1229
WBGene00017757,44,2478,2522
WBGene00017758,124,705,829
WBGene00017759,5,2969,2974
WBGene00017760,214,2764,2978
WBGene00017761,373,496,869
WBGene00017762,349,839,1188
WBGene00017763,137,1185,1322
WBGene00017764,12,96,108
WBGene00017765,72,6626,6698
WBGene00017766,47,991,1038
WBGene00017767,54,750,804
WBGene00017768,194,844,1038
WBGene00017769,76,1484,1560
WBGene00017770,104,2095,2199
WBGene00017771,52,657,709
WBGene00017772,273,4965,5238
WBGene00017773,97,2006,2103
WBGene00017774,98,1705,1803
WBGene00017775,501,7566,8067
WBGene00017776,43,1262,1305
WBGene00017777,29,3098,3127
WBGene00017778,488,1628,2116
WBGene00017779,54,337,391
WBGene00017780,22,101,123
WBGene00017781,261,1163,1424
WBGene00017782,47,529,576
WBGene00017783,8,108,116
WBGene00017784,1,29,30
WBGene00017785,3,399,402
WBGene00017786,27,592,619
WBGene00017787,11,73,84
WBGene00017788,0,38,38
WBGene00017789,0,6326,6326
WBGene00017790,7,129,136
WBGene00017791,0,5,5
WBGene00017792,16,432,448
WBGene00017794,12,9,21
WBGene00017795,226,786,1012
WBGene00017796,0,221,221
WBGene00017797,467,2511,2978
WBGene00017798,34,47,81
WBGene00017799,12,712,724
WBGene00017800,66,1412,1478
WBGene00017801,158,1677,1835
WBGene00017802,0,12,12
WBGene00017803,0,16,16
WBGene00017804,5,17,22
WBGene00017805,2,4,6
WBGene00017806,4,32,36
WBGene00017807,29,96,125
WBGene00017808,0,4,4
WBGene00017809,3,2,5
WBGene00017810,0,2,2
WBGene00017811,73,1668,1741
WBGene00017812,153,1466,1619
WBGene00017813,0,2403,2403
WBGene00017814,32,203,235
WBGene00017815,257,206,463
WBGene00017816,29,1563,1592
WBGene00017817,2,5,7
WBGene00017818,250,1672,1922
WBGene00017819,4,17,21
WBGene00017821,25,27,52
WBGene00017822,4,3,7
WBGene00017823,5,343,348
WBGene00017824,15,21,36
WBGene00017825,36,607,643
WBGene00017826,156,1479,1635
WBGene00017827,75,665,740
WBGene00017828,40,1747,1787
WBGene00017829,315,1952,2267
WBGene00017830,24,3042,3066
WBGene00017831,114,909,1023
WBGene00017832,22,456,478
WBGene00017833,478,2838,3316
WBGene00017834,4552,35549,40101
WBGene00017835,2,23,25
WBGene00017836,22,417,439
WBGene00017837,87,1160,1247
WBGene00017838,859,8995,9854
WBGene00017839,0,1,1
WBGene00017840,73,462,535
WBGene00017841,0,33,33
WBGene00017842,38,172,210
WBGene00017843,0,3,3
WBGene00017845,5,13,18
WBGene00017848,0,20,20
WBGene00017850,215,1570,1785
WBGene00017851,0,2,2
WBGene00017852,130,7681,7811
WBGene00017853,2,6,8
WBGene00017854,0,127,127
WBGene00017855,380,3130,3510
WBGene00017858,140,494,634
WBGene00017860,47,29,76
WBGene00017861,51,358,409
WBGene00017862,0,3,3
WBGene00017863,5,0,5
WBGene00017864,572,6036,6608
WBGene00017865,0,33,33
WBGene00017866,0,710,710
WBGene00017867,30,96,126
WBGene00017868,27,110,137
WBGene00017869,2,0,2
WBGene00017871,2,4,6
WBGene00017872,0,3,3
WBGene00017873,0,1,1
WBGene00017874,218,3913,4131
WBGene00017875,1,20,21
WBGene00017876,0,1,1
WBGene00017879,19,68,87
WBGene00017880,25,296,321
WBGene00017881,28,289,317
WBGene00017885,732,2686,3418
WBGene00017886,52,648,700
WBGene00017887,36,1106,1142
WBGene00017888,204,1135,1339
WBGene00017889,55,1085,1140
WBGene00017890,0,6,6
WBGene00017891,340,664,1004
WBGene00017892,63,943,1006
WBGene00017893,24,685,709
WBGene00017894,29,4150,4179
WBGene00017895,64,1958,2022
WBGene00017896,0,4,4
WBGene00017898,151,262,413
WBGene00017899,1,15,16
WBGene00017900,602,2617,3219
WBGene00017901,529,3047,3576
WBGene00017902,23,67,90
WBGene00017904,718,2080,2798
WBGene00017905,95,2790,2885
WBGene00017906,44,81,125
WBGene00017907,396,894,1290
WBGene00017908,0,317,317
WBGene00017909,47,470,517
WBGene00017910,12,6,18
WBGene00017911,2,2,4
WBGene00017912,13,4,17
WBGene00017913,0,5,5
WBGene00017914,37,462,499
WBGene00017915,1,0,1
WBGene00017916,243,1896,2139
WBGene00017918,1,20,21
WBGene00017919,77,979,1056
WBGene00017920,394,7951,8345
WBGene00017921,74,1322,1396
WBGene00017922,4,6,10
WBGene00017923,38,1455,1493
WBGene00017924,40,655,695
WBGene00017925,1094,22222,23316
WBGene00017926,769,26505,27274
WBGene00017927,14,7,21
WBGene00017928,74,2885,2959
WBGene00017929,1030,1661,2691
WBGene00017930,1,251,252
WBGene00017931,181,1534,1715
WBGene00017933,7,4,11
WBGene00017934,310,1525,1835
WBGene00017935,1,6,7
WBGene00017936,48,946,994
WBGene00017937,1,16,17
WBGene00017938,18,882,900
WBGene00017939,62,146,208
WBGene00017942,3,2,5
WBGene00017944,6,5,11
WBGene00017945,4,39,43
WBGene00017947,188,289,477
WBGene00017948,25,89,114
WBGene00017949,9,78,87
WBGene00017950,176,1504,1680
WBGene00017951,66,1412,1478
WBGene00017952,703,2713,3416
WBGene00017953,19,6,25
WBGene00017954,15,659,674
WBGene00017955,4,27,31
WBGene00017957,62,352,414
WBGene00017959,4,8,12
WBGene00017960,6,16,22
WBGene00017961,76,788,864
WBGene00017962,6,7,13
WBGene00017963,8,9,17
WBGene00017964,0,9795,9795
WBGene00017965,62,180,242
WBGene00017966,163,3,166
WBGene00017967,191,4294,4485
WBGene00017968,135,1332,1467
WBGene00017969,55,834,889
WBGene00017970,383,25830,26213
WBGene00017971,87,1178,1265
WBGene00017973,275,885,1160
WBGene00017974,26,356,382
WBGene00017975,1,5,6
WBGene00017976,30,189,219
WBGene00017977,1,80,81
WBGene00017978,0,14,14
WBGene00017979,246,7816,8062
WBGene00017980,351,1707,2058
WBGene00017981,78,1215,1293
WBGene00017982,368,3829,4197
WBGene00017983,197,400,597
WBGene00017984,32,9329,9361
WBGene00017985,11,624,635
WBGene00017986,43,727,770
WBGene00017987,10,115,125
WBGene00017988,9,2834,2843
WBGene00017989,82,1811,1893
WBGene00017990,25,756,781
WBGene00017991,31,181,212
WBGene00017992,66,802,868
WBGene00017993,81,7146,7227
WBGene00017995,255,2234,2489
WBGene00017996,75,1539,1614
WBGene00017997,259,2979,3238
WBGene00017998,12,36,48
WBGene00017999,77,2757,2834
WBGene00018000,2,1,3
WBGene00018001,1,1,2
WBGene00018002,53,129,182
WBGene00018003,2,2,4
WBGene00018004,3,6,9
WBGene00018005,136,1290,1426
WBGene00018006,26,809,835
WBGene00018007,26,1804,1830
WBGene00018008,118,3433,3551
WBGene00018009,53,645,698
WBGene00018010,64,693,757
WBGene00018011,66,620,686
WBGene00018013,231,854,1085
WBGene00018014,153,673,826
WBGene00018015,37,499,536
WBGene00018016,46,421,467
WBGene00018017,50,2402,2452
WBGene00018018,93,3128,3221
WBGene00018019,0,0,0
WBGene00018020,0,2,2
WBGene00018021,0,19,19
WBGene00018022,13,20,33
WBGene00018023,133,294,427
WBGene00018024,136,5140,5276
WBGene00018025,129,4335,4464
WBGene00018026,16,35,51
WBGene00018027,6,5,11
WBGene00018028,7,2,9
WBGene00018030,3,0,3
WBGene00018031,3,66,69
WBGene00018033,1261,4164,5425
WBGene00018034,2,15,17
WBGene00018035,19,507,526
WBGene00018036,58,1203,1261
WBGene00018037,59,104,163
WBGene00018038,18,0,18
WBGene00018039,7,3,10
WBGene00018040,0,25,25
WBGene00018041,16,169,185
WBGene00018042,38,323,361
WBGene00018043,41,295,336
WBGene00018044,94,2112,2206
WBGene00018045,0,1441,1441
WBGene00018046,90,2131,2221
WBGene00018047,10,32,42
WBGene00018048,1,13,14
WBGene00018049,1,6,7
WBGene00018050,16,80,96
WBGene00018051,307,3632,3939
WBGene00018052,104,677,781
WBGene00018053,9,38,47
WBGene00018054,4,2,6
WBGene00018055,1,63,64
WBGene00018056,14,164,178
WBGene00018057,22,313,335
WBGene00018058,4,3,7
WBGene00018060,70,821,891
WBGene00018061,46,461,507
WBGene00018062,0,1,1
WBGene00018063,0,9,9
WBGene00018064,336,2300,2636
WBGene00018065,10,122,132
WBGene00018066,6,23,29
WBGene00018067,39,201,240
WBGene00018068,4,358,362
WBGene00018069,96,1131,1227
WBGene00018070,7,147,154
WBGene00018071,9,657,666
WBGene00018072,90,766,856
WBGene00018073,30,1386,1416
WBGene00018074,86,524,610
WBGene00018075,270,1237,1507
WBGene00018076,53,466,519
WBGene00018077,1,154,155
WBGene00018078,120,553,673
WBGene00018080,1,3,4
WBGene00018081,3,14,17
WBGene00018082,3,3,6
WBGene00018083,1,1,2
WBGene00018084,16,10,26
WBGene00018085,3,256,259
WBGene00018086,1,0,1
WBGene00018087,31,48,79
WBGene00018088,119,769,888
WBGene00018089,94,318,412
WBGene00018090,345,2800,3145
WBGene00018091,4,33,37
WBGene00018092,2,0,2
WBGene00018093,5,5,10
WBGene00018094,63,33,96
WBGene00018096,1,2,3
WBGene00018097,0,1,1
WBGene00018098,0,1,1
WBGene00018099,36,399,435
WBGene00018100,0,85,85
WBGene00018101,70,292,362
WBGene00018102,26,295,321
WBGene00018103,0,57,57
WBGene00018104,50,147,197
WBGene00018105,2,0,2
WBGene00018106,0,2,2
WBGene00018107,0,5,5
WBGene00018108,10,464,474
WBGene00018110,7,16,23
WBGene00018111,33,66,99
WBGene00018112,72,604,676
WBGene00018113,15,35,50
WBGene00018114,96,175,271
WBGene00018115,43,473,516
WBGene00018117,114,3685,3799
WBGene00018118,45,572,617
WBGene00018119,5,14,19
WBGene00018120,0,0,0
WBGene00018121,2,7,9
WBGene00018122,0,1,1
WBGene00018123,0,0,0
WBGene00018124,0,0,0
WBGene00018130,19,1,20
WBGene00018131,164,2056,2220
WBGene00018132,77,3016,3093
WBGene00018133,2,17,19
WBGene00018134,2,6,8
WBGene00018135,0,9,9
WBGene00018136,4,119,123
WBGene00018137,16,914,930
WBGene00018138,6,17,23
WBGene00018139,5,2,7
WBGene00018140,102,951,1053
WBGene00018141,3,11,14
WBGene00018142,5,49,54
WBGene00018143,4,26,30
WBGene00018144,86,712,798
WBGene00018145,1147,9606,10753
WBGene00018146,46,814,860
WBGene00018148,61,41,102
WBGene00018149,258,1890,2148
WBGene00018150,88,1786,1874
WBGene00018151,240,2059,2299
WBGene00018152,49,3471,3520
WBGene00018153,13,301,314
WBGene00018154,2126,2791,4917
WBGene00018155,4,33,37
WBGene00018156,114,2303,2417
WBGene00018157,25,127,152
WBGene00018158,3,14,17
WBGene00018159,337,1608,1945
WBGene00018160,25,1088,1113
WBGene00018161,30,1368,1398
WBGene00018162,0,0,0
WBGene00018163,3,8,11
WBGene00018164,2,4383,4385
WBGene00018165,4,28,32
WBGene00018166,39,467,506
WBGene00018167,1,16,17
WBGene00018168,6,4,10
WBGene00018169,1,4,5
WBGene00018170,11,306,317
WBGene00018172,19,38,57
WBGene00018173,62,323,385
WBGene00018174,9,93,102
WBGene00018175,122,385,507
WBGene00018176,7,4,11
WBGene00018178,9,7,16
WBGene00018179,2,20,22
WBGene00018180,15,16,31
WBGene00018181,30,1629,1659
WBGene00018182,4,26,30
WBGene00018183,31,30,61
WBGene00018184,5,93,98
WBGene00018186,0,20,20
WBGene00018187,2051,4614,6665
WBGene00018188,100,994,1094
WBGene00018189,12,7,19
WBGene00018190,2,23,25
WBGene00018191,33,146,179
WBGene00018192,0,129,129
WBGene00018193,192,5438,5630
WBGene00018195,43,1738,1781
WBGene00018196,8,2,10
WBGene00018198,5,17,22
WBGene00018200,15,510,525
WBGene00018201,0,22,22
WBGene00018202,0,2,2
WBGene00018203,0,22,22
WBGene00018204,334,779,1113
WBGene00018205,2,0,2
WBGene00018206,32,713,745
WBGene00018207,9,64,73
WBGene00018208,61,1646,1707
WBGene00018209,12,11,23
WBGene00018210,28,339,367
WBGene00018211,25,4,29
WBGene00018212,40,364,404
WBGene00018213,74,379,453
WBGene00018214,210,2485,2695
WBGene00018215,13,98,111
WBGene00018216,217,1856,2073
WBGene00018217,1071,2082,3153
WBGene00018218,19,3897,3916
WBGene00018219,78,1114,1192
WBGene00018221,356,5683,6039
WBGene00018222,82,355,437
WBGene00018223,93,186,279
WBGene00018226,287,1047,1334
WBGene00018227,28,230,258
WBGene00018228,0,6,6
WBGene00018229,0,0,0
WBGene00018230,18,1655,1673
WBGene00018231,1,0,1
WBGene00018232,2813,7630,10443
WBGene00018233,0,75,75
WBGene00018234,1,11,12
WBGene00018235,4,7,11
WBGene00018236,0,90,90
WBGene00018237,417,6446,6863
WBGene00018238,70,2881,2951
WBGene00018239,51,488,539
WBGene00018240,46,417,463
WBGene00018241,23,186,209
WBGene00018242,4,11,15
WBGene00018243,0,1,1
WBGene00018244,0,0,0
WBGene00018245,3,1,4
WBGene00018246,2,2,4
WBGene00018247,1,0,1
WBGene00018248,4,15,19
WBGene00018249,313,3047,3360
WBGene00018250,140,2844,2984
WBGene00018251,14,128,142
WBGene00018252,30,480,510
WBGene00018253,19,34,53
WBGene00018254,4,14,18
WBGene00018255,164,174,338
WBGene00018256,7,9,16
WBGene00018257,82,4528,4610
WBGene00018258,89,901,990
WBGene00018259,167,2399,2566
WBGene00018260,107,1203,1310
WBGene00018261,65,284,349
WBGene00018262,32,260,292
WBGene00018264,3,73,76
WBGene00018265,173,1604,1777
WBGene00018266,87,1828,1915
WBGene00018267,6,17,23
WBGene00018268,18,1602,1620
WBGene00018269,126,1254,1380
WBGene00018270,24,2118,2142
WBGene00018271,279,37700,37979
WBGene00018272,88,821,909
WBGene00018273,103,98,201
WBGene00018274,317,1562,1879
WBGene00018275,75,126,201
WBGene00018276,4,2,6
WBGene00018277,0,0,0
WBGene00018278,0,5,5
WBGene00018279,0,18,18
WBGene00018280,14,57,71
WBGene00018281,89,722,811
WBGene00018282,53,614,667
WBGene00018283,14,69,83
WBGene00018284,6,15,21
WBGene00018285,1195,11460,12655
WBGene00018286,72,439,511
WBGene00018288,37,1027,1064
WBGene00018289,79,3,82
WBGene00018290,280,7430,7710
WBGene00018291,10,57,67
WBGene00018292,5,14,19
WBGene00018293,31,167,198
WBGene00018294,98,8367,8465
WBGene00018295,12,21,33
WBGene00018296,0,4,4
WBGene00018297,0,65,65
WBGene00018298,124,3865,3989
WBGene00018299,6,52,58
WBGene00018300,11,88,99
WBGene00018301,24,21,45
WBGene00018302,12,378,390
WBGene00018303,763,13180,13943
WBGene00018304,277,1459,1736
WBGene00018305,285,3976,4261
WBGene00018307,6,42,48
WBGene00018308,0,15,15
WBGene00018309,0,1,1
WBGene00018310,52,118,170
WBGene00018311,112,2527,2639
WBGene00018312,3,13,16
WBGene00018313,18,34,52
WBGene00018314,4,47,51
WBGene00018315,10,40,50
WBGene00018316,83,2009,2092
WBGene00018317,114,3246,3360
WBGene00018318,3,642,645
WBGene00018319,581,3816,4397
WBGene00018321,11,684,695
WBGene00018322,0,2,2
WBGene00018323,34,0,34
WBGene00018324,0,1,1
WBGene00018327,4,9,13
WBGene00018328,169,765,934
WBGene00018330,74,879,953
WBGene00018332,6,9,15
WBGene00018333,2,51,53
WBGene00018334,94,1199,1293
WBGene00018335,311,2908,3219
WBGene00018336,1,1,2
WBGene00018337,69,775,844
WBGene00018338,6,165,171
WBGene00018339,68,4970,5038
WBGene00018340,40,431,471
WBGene00018341,28,1826,1854
WBGene00018342,300,2599,2899
WBGene00018343,31,1544,1575
WBGene00018344,71,444,515
WBGene00018345,66,106,172
WBGene00018346,120,1694,1814
WBGene00018347,67,242,309
WBGene00018348,23,376,399
WBGene00018349,170,8285,8455
WBGene00018350,42,2694,2736
WBGene00018351,159,456,615
WBGene00018352,3,7,10
WBGene00018353,9,18,27
WBGene00018354,11,23,34
WBGene00018355,11,113,124
WBGene00018356,238,2010,2248
WBGene00018357,39,887,926
WBGene00018358,14,8,22
WBGene00018359,13,3,16
WBGene00018360,16,157,173
WBGene00018361,1419,14102,15521
WBGene00018362,13,2157,2170
WBGene00018363,47,773,820
WBGene00018364,149,438,587
WBGene00018365,17,295,312
WBGene00018366,65,1053,1118
WBGene00018367,130,520,650
WBGene00018369,157,978,1135
WBGene00018370,179,1719,1898
WBGene00018371,35,1011,1046
WBGene00018373,456,976,1432
WBGene00018374,240,1046,1286
WBGene00018375,26,76,102
WBGene00018376,502,4791,5293
WBGene00018377,6,1,7
WBGene00018378,2,0,2
WBGene00018379,5,2,7
WBGene00018380,15,692,707
WBGene00018381,35,31,66
WBGene00018383,9,243,252
WBGene00018384,327,5935,6262
WBGene00018385,7,15,22
WBGene00018386,52,492,544
WBGene00018387,12,12,24
WBGene00018388,308,0,308
WBGene00018389,3,0,3
WBGene00018390,23,560,583
WBGene00018391,25,3304,3329
WBGene00018392,72,424,496
WBGene00018393,12,3149,3161
WBGene00018394,10,40,50
WBGene00018395,82,13113,13195
WBGene00018397,12,4,16
WBGene00018398,89,482,571
WBGene00018399,77,1027,1104
WBGene00018400,408,6690,7098
WBGene00018402,56,395,451
WBGene00018403,113,269,382
WBGene00018404,15,21,36
WBGene00018405,250,2283,2533
WBGene00018406,13,9,22
WBGene00018407,180,1489,1669
WBGene00018408,146,838,984
WBGene00018409,37,2103,2140
WBGene00018410,4,19,23
WBGene00018411,11,32,43
WBGene00018412,19,49,68
WBGene00018413,35,421,456
WBGene00018414,10,7,17
WBGene00018415,7,669,676
WBGene00018417,597,2532,3129
WBGene00018418,3,26,29
WBGene00018419,148,1442,1590
WBGene00018420,197,2875,3072
WBGene00018421,12,1659,1671
WBGene00018422,15,1503,1518
WBGene00018423,116,476,592
WBGene00018424,0,186,186
WBGene00018425,26,139,165
WBGene00018426,47,2864,2911
WBGene00018427,2,304,306
WBGene00018428,2,38,40
WBGene00018429,8,25,33
WBGene00018430,89,568,657
WBGene00018431,9,1146,1155
WBGene00018432,6,19,25
WBGene00018433,4,5,9
WBGene00018434,0,8,8
WBGene00018435,4,285,289
WBGene00018436,0,0,0
WBGene00018437,1,0,1
WBGene00018438,1,1,2
WBGene00018439,0,5,5
WBGene00018440,2,1,3
WBGene00018441,0,0,0
WBGene00018442,3,1,4
WBGene00018443,0,3,3
WBGene00018444,1,4,5
WBGene00018445,0,7,7
WBGene00018446,16,64,80
WBGene00018447,3,16,19
WBGene00018452,0,18,18
WBGene00018455,3,19,22
WBGene00018456,23,83,106
WBGene00018457,0,11,11
WBGene00018458,0,2,2
WBGene00018459,0,142,142
WBGene00018460,0,0,0
WBGene00018461,0,0,0
WBGene00018462,64,681,745
WBGene00018463,0,2,2
WBGene00018465,102,889,991
WBGene00018466,51,431,482
WBGene00018467,201,2049,2250
WBGene00018468,660,7987,8647
WBGene00018470,719,4035,4754
WBGene00018471,8,54,62
WBGene00018472,198,702,900
WBGene00018473,16,128,144
WBGene00018474,89,797,886
WBGene00018475,447,9930,10377
WBGene00018476,6,83,89
WBGene00018477,1,17,18
WBGene00018478,10,85,95
WBGene00018479,1,6,7
WBGene00018480,4,8,12
WBGene00018481,188,2706,2894
WBGene00018482,473,3565,4038
WBGene00018483,58,1231,1289
WBGene00018484,7,31,38
WBGene00018485,1758,3198,4956
WBGene00018486,13,205,218
WBGene00018487,14,39,53
WBGene00018488,59,268,327
WBGene00018489,0,4,4
WBGene00018490,0,3,3
WBGene00018491,19,20005,20024
WBGene00018492,270,3293,3563
WBGene00018493,1,1,2
WBGene00018496,2,0,2
WBGene00018497,0,3,3
WBGene00018498,3,5,8
WBGene00018499,0,137,137
WBGene00018500,0,0,0
WBGene00018501,1,1,2
WBGene00018502,6,0,6
WBGene00018504,5,3,8
WBGene00018505,3,0,3
WBGene00018506,16,197,213
WBGene00018507,2,54,56
WBGene00018508,1872,10221,12093
WBGene00018509,183,4124,4307
WBGene00018510,77,333,410
WBGene00018511,146,1839,1985
WBGene00018512,217,1846,2063
WBGene00018513,3,458,461
WBGene00018514,31,167,198
WBGene00018515,4,31,35
WBGene00018516,36,926,962
WBGene00018517,105,780,885
WBGene00018518,19,2041,2060
WBGene00018519,3806,267248,271054
WBGene00018520,140,1610,1750
WBGene00018521,17,191,208
WBGene00018522,353,7051,7404
WBGene00018523,71,354,425
WBGene00018525,0,0,0
WBGene00018526,0,0,0
WBGene00018527,0,0,0
WBGene00018528,0,1,1
WBGene00018529,2,0,2
WBGene00018530,0,0,0
WBGene00018531,7,18,25
WBGene00018532,1017,20790,21807
WBGene00018533,280,995,1275
WBGene00018534,10,9,19
WBGene00018535,4,7,11
WBGene00018536,0,27,27
WBGene00018537,3,72,75
WBGene00018538,682,5692,6374
WBGene00018539,20,10,30
WBGene00018541,17,44,61
WBGene00018542,3,41,44
WBGene00018543,14,28,42
WBGene00018544,14,34,48
WBGene00018545,2,12,14
WBGene00018547,120,88,208
WBGene00018548,4,9,13
WBGene00018549,2,2,4
WBGene00018550,2,1,3
WBGene00018551,49,33,82
WBGene00018552,4,2,6
WBGene00018554,1,0,1
WBGene00018555,9,0,9
WBGene00018556,3,0,3
WBGene00018557,0,4,4
WBGene00018558,19,6,25
WBGene00018559,0,0,0
WBGene00018560,19,174,193
WBGene00018561,14,167,181
WBGene00018562,105,997,1102
WBGene00018563,15,75,90
WBGene00018564,1151,8428,9579
WBGene00018565,83,839,922
WBGene00018566,44,268,312
WBGene00018567,97,109,206
WBGene00018568,95,1627,1722
WBGene00018569,175,676,851
WBGene00018570,13,0,13
WBGene00018571,13,1,14
WBGene00018572,320,213,533
WBGene00018573,3,0,3
WBGene00018575,2,5,7
WBGene00018576,94,363,457
WBGene00018578,23,254,277
WBGene00018579,388,3062,3450
WBGene00018580,20,4,24
WBGene00018581,210,1562,1772
WBGene00018582,102,344,446
WBGene00018585,114,672,786
WBGene00018586,161,1381,1542
WBGene00018587,57,110,167
WBGene00018589,517,31,548
WBGene00018590,11,3149,3160
WBGene00018591,3,48,51
WBGene00018593,41,664,705
WBGene00018594,38,298,336
WBGene00018595,5,446,451
WBGene00018596,22,113,135
WBGene00018598,20,298,318
WBGene00018599,57,2142,2199
WBGene00018600,12,13,25
WBGene00018601,4,45,49
WBGene00018602,291,16725,17016
WBGene00018603,25,103,128
WBGene00018604,41,1090,1131
WBGene00018605,6,17,23
WBGene00018606,0,56,56
WBGene00018607,190,828,1018
WBGene00018608,69,259,328
WBGene00018609,235,3191,3426
WBGene00018610,47,4220,4267
WBGene00018611,189,1075,1264
WBGene00018612,108,1154,1262
WBGene00018613,13,790,803
WBGene00018614,3,745,748
WBGene00018615,21,185,206
WBGene00018616,0,19,19
WBGene00018617,3,0,3
WBGene00018618,0,0,0
WBGene00018619,0,37,37
WBGene00018620,6,34,40
WBGene00018621,1,279,280
WBGene00018622,62,935,997
WBGene00018623,12,31,43
WBGene00018624,11,49,60
WBGene00018625,48,1490,1538
WBGene00018626,8,59,67
WBGene00018627,5,20,25
WBGene00018628,451,3,454
WBGene00018630,16,36,52
WBGene00018631,1,2,3
WBGene00018632,27,532,559
WBGene00018634,173,1034,1207
WBGene00018635,55,790,845
WBGene00018636,237,2348,2585
WBGene00018637,64,1258,1322
WBGene00018638,18,1608,1626
WBGene00018639,78,535,613
WBGene00018640,7,11,18
WBGene00018641,31,371,402
WBGene00018643,3,5,8
WBGene00018645,26,121,147
WBGene00018646,8,128,136
WBGene00018647,9,14,23
WBGene00018648,36,49,85
WBGene00018649,0,3,3
WBGene00018650,0,2,2
WBGene00018651,0,1,1
WBGene00018652,2,0,2
WBGene00018653,3,49,52
WBGene00018654,30,356,386
WBGene00018655,24,287,311
WBGene00018656,50,668,718
WBGene00018657,333,3020,3353
WBGene00018659,5,741,746
WBGene00018660,1,292,293
WBGene00018661,1,174,175
WBGene00018663,0,324,324
WBGene00018665,59,599,658
WBGene00018667,42,719,761
WBGene00018668,28,538,566
WBGene00018669,71,780,851
WBGene00018670,2,4,6
WBGene00018671,46,58,104
WBGene00018672,154,1235,1389
WBGene00018674,197,1524,1721
WBGene00018675,36,166,202
WBGene00018678,71,642,713
WBGene00018679,270,1226,1496
WBGene00018680,103,252,355
WBGene00018681,677,1805,2482
WBGene00018682,20,28,48
WBGene00018683,82,130,212
WBGene00018684,0,3,3
WBGene00018687,0,39,39
WBGene00018688,0,11,11
WBGene00018689,50,143,193
WBGene00018690,3,13,16
WBGene00018691,11,1,12
WBGene00018692,24,820,844
WBGene00018693,72,12,84
WBGene00018694,295,939,1234
WBGene00018696,101,694,795
WBGene00018697,89,903,992
WBGene00018698,34,528,562
WBGene00018700,1752,6450,8202
WBGene00018701,105,11111,11216
WBGene00018702,6,940,946
WBGene00018703,25,422,447
WBGene00018704,39,994,1033
WBGene00018706,9,140,149
WBGene00018707,49,415,464
WBGene00018708,4,5,9
WBGene00018709,3,13,16
WBGene00018710,748,6282,7030
WBGene00018711,195,152,347
WBGene00018712,69,199,268
WBGene00018713,7,7,14
WBGene00018714,45,790,835
WBGene00018715,16,163,179
WBGene00018716,119,295,414
WBGene00018717,19,363,382
WBGene00018718,15,35,50
WBGene00018719,85,388,473
WBGene00018720,145,956,1101
WBGene00018721,136,759,895
WBGene00018723,20,40,60
WBGene00018724,0,2346,2346
WBGene00018725,0,16019,16019
WBGene00018726,6,25,31
WBGene00018727,112,532,644
WBGene00018728,123,263,386
WBGene00018729,358,6387,6745
WBGene00018730,0,13967,13967
WBGene00018731,0,50565,50565
WBGene00018732,0,4174,4174
WBGene00018734,1237,1432,2669
WBGene00018735,8,265,273
WBGene00018736,11,243,254
WBGene00018737,0,30,30
WBGene00018738,18,22,40
WBGene00018739,200,1021,1221
WBGene00018740,247,1260,1507
WBGene00018741,125,224,349
WBGene00018742,26,115,141
WBGene00018743,96,579,675
WBGene00018744,1,133,134
WBGene00018745,3,30,33
WBGene00018746,5,33,38
WBGene00018747,72,399,471
WBGene00018748,1227,509,1736
WBGene00018749,46,388,434
WBGene00018750,412,1293,1705
WBGene00018751,1,7,8
WBGene00018752,31,62,93
WBGene00018754,10,83,93
WBGene00018755,78,636,714
WBGene00018756,1439,10298,11737
WBGene00018757,228,2414,2642
WBGene00018758,119,2685,2804
WBGene00018760,223,1526,1749
WBGene00018761,689,22,711
WBGene00018762,70,1594,1664
WBGene00018763,63,6469,6532
WBGene00018764,55,7574,7629
WBGene00018765,532,2800,3332
WBGene00018766,304,647,951
WBGene00018767,11,0,11
WBGene00018768,1,2,3
WBGene00018769,149,1300,1449
WBGene00018770,0,2,2
WBGene00018771,18,80,98
WBGene00018772,132,252,384
WBGene00018773,22,48,70
WBGene00018774,59,190,249
WBGene00018776,743,5537,6280
WBGene00018777,289,1062,1351
WBGene00018778,655,4995,5650
WBGene00018779,16,102,118
WBGene00018781,129,402,531
WBGene00018782,588,4882,5470
WBGene00018783,3,74,77
WBGene00018784,310,8147,8457
WBGene00018785,323,1318,1641
WBGene00018786,6,48,54
WBGene00018787,260,1218,1478
WBGene00018788,325,943,1268
WBGene00018789,84,136,220
WBGene00018791,75,288,363
WBGene00018792,6,18,24
WBGene00018793,517,3114,3631
WBGene00018794,328,593,921
WBGene00018795,114,1931,2045
WBGene00018797,219,1485,1704
WBGene00018798,29,166,195
WBGene00018802,118,2717,2835
WBGene00018803,232,21370,21602
WBGene00018804,42,757,799
WBGene00018805,25,158,183
WBGene00018806,6,723,729
WBGene00018808,0,1,1
WBGene00018809,1,0,1
WBGene00018810,2,4,6
WBGene00018811,857,10777,11634
WBGene00018812,546,1691,2237
WBGene00018813,1,18,19
WBGene00018814,107,1923,2030
WBGene00018815,1,20,21
WBGene00018816,3,2,5
WBGene00018817,91,0,91
WBGene00018819,331,2035,2366
WBGene00018820,10,2,12
WBGene00018821,4,5,9
WBGene00018822,0,0,0
WBGene00018823,3,192,195
WBGene00018824,0,7,7
WBGene00018825,3,14,17
WBGene00018826,0,0,0
WBGene00018827,15,315,330
WBGene00018828,0,2,2
WBGene00018829,4,10,14
WBGene00018830,63,1263,1326
WBGene00018831,87,1523,1610
WBGene00018833,318,2448,2766
WBGene00018834,0,4,4
WBGene00018835,73,607,680
WBGene00018836,78,783,861
WBGene00018837,1460,1843,3303
WBGene00018838,0,0,0
WBGene00018839,5,86,91
WBGene00018840,10,15,25
WBGene00018841,3,3,6
WBGene00018842,0,17,17
WBGene00018844,3,6,9
WBGene00018845,7,83,90
WBGene00018846,18278,200222,218500
WBGene00018847,233,2108,2341
WBGene00018848,98,1085,1183
WBGene00018849,76,6930,7006
WBGene00018850,13,123,136
WBGene00018851,3,73,76
WBGene00018853,41,597,638
WBGene00018854,182,832,1014
WBGene00018855,10,240,250
WBGene00018857,235,1833,2068
WBGene00018859,598,5670,6268
WBGene00018860,149,431,580
WBGene00018861,70,291,361
WBGene00018863,7,450,457
WBGene00018864,253,2249,2502
WBGene00018865,8,36,44
WBGene00018866,103,2043,2146
WBGene00018867,73,776,849
WBGene00018868,63,279,342
WBGene00018869,474,5710,6184
WBGene00018870,2,65,67
WBGene00018871,11,810,821
WBGene00018872,703,5998,6701
WBGene00018873,24,144,168
WBGene00018874,285,2552,2837
WBGene00018875,0,0,0
WBGene00018876,1,0,1
WBGene00018877,24,56,80
WBGene00018878,1,347,348
WBGene00018879,68,358,426
WBGene00018880,48,80,128
WBGene00018881,0,35,35
WBGene00018882,0,15,15
WBGene00018883,0,14,14
WBGene00018884,23,32,55
WBGene00018885,39,1013,1052
WBGene00018886,3,746,749
WBGene00018888,3,4,7
WBGene00018890,293,3430,3723
WBGene00018891,115,1685,1800
WBGene00018892,41,3682,3723
WBGene00018893,280,3335,3615
WBGene00018894,13,795,808
WBGene00018895,5,3,8
WBGene00018896,5,12,17
WBGene00018897,42,431,473
WBGene00018898,428,5590,6018
WBGene00018899,17,158,175
WBGene00018900,54,1881,1935
WBGene00018901,1,102,103
WBGene00018902,9,961,970
WBGene00018903,11,190,201
WBGene00018904,9,1135,1144
WBGene00018906,37,95,132
WBGene00018907,90,239,329
WBGene00018908,81,617,698
WBGene00018909,117,769,886
WBGene00018910,0,0,0
WBGene00018911,0,0,0
WBGene00018912,0,0,0
WBGene00018913,0,0,0
WBGene00018915,0,0,0
WBGene00018917,0,0,0
WBGene00018918,0,0,0
WBGene00018920,0,0,0
WBGene00018921,2,171,173
WBGene00018923,317,1306,1623
WBGene00018924,64,118,182
WBGene00018925,9,529,538
WBGene00018926,1,3,4
WBGene00018927,0,0,0
WBGene00018928,67,262,329
WBGene00018930,5,24,29
WBGene00018931,45,230,275
WBGene00018932,140,2976,3116
WBGene00018933,4,0,4
WBGene00018934,27,3710,3737
WBGene00018935,33,1883,1916
WBGene00018937,443,3049,3492
WBGene00018938,5,2,7
WBGene00018939,4,151,155
WBGene00018940,0,5,5
WBGene00018941,10,3,13
WBGene00018942,3,2,5
WBGene00018943,0,5,5
WBGene00018944,1,1,2
WBGene00018945,4,77,81
WBGene00018946,7,27,34
WBGene00018948,30,695,725
WBGene00018949,8,25,33
WBGene00018950,80,979,1059
WBGene00018951,56,1111,1167
WBGene00018952,186,2352,2538
WBGene00018953,977,10472,11449
WBGene00018954,162,1146,1308
WBGene00018955,56,1608,1664
WBGene00018957,38,619,657
WBGene00018958,90,629,719
WBGene00018959,39,1691,1730
WBGene00018960,14,379,393
WBGene00018961,176,1462,1638
WBGene00018963,874,13407,14281
WBGene00018964,67,906,973
WBGene00018965,13,15,28
WBGene00018966,68,541,609
WBGene00018967,34,1420,1454
WBGene00018968,15,35,50
WBGene00018969,48,967,1015
WBGene00018970,3,14,17
WBGene00018971,30,250,280
WBGene00018972,7,37,44
WBGene00018973,5,15,20
WBGene00018974,373,1483,1856
WBGene00018975,651,1963,2614
WBGene00018976,629,337,966
WBGene00018978,0,4,4
WBGene00018979,0,1,1
WBGene00018980,2,0,2
WBGene00018981,2,11,13
WBGene00018982,0,0,0
WBGene00018984,75,818,893
WBGene00018985,121,878,999
WBGene00018986,32,477,509
WBGene00018987,126,654,780
WBGene00018988,36,620,656
WBGene00018989,39,549,588
WBGene00018990,144,645,789
WBGene00018991,134,1130,1264
WBGene00018994,7,6,13
WBGene00018995,145,970,1115
WBGene00018996,29,2344,2373
WBGene00018997,20,200,220
WBGene00018998,185,1255,1440
WBGene00018999,6,74,80
WBGene00019001,331,9637,9968
WBGene00019002,150,1116,1266
WBGene00019003,41,2799,2840
WBGene00019004,88,2947,3035
WBGene00019005,156,2025,2181
WBGene00019006,215,3060,3275
WBGene00019007,985,2131,3116
WBGene00019008,17,685,702
WBGene00019009,71,268,339
WBGene00019010,226,23,249
WBGene00019011,208,1562,1770
WBGene00019012,64,260,324
WBGene00019013,30,807,837
WBGene00019014,49,677,726
WBGene00019015,2,11,13
WBGene00019016,7,11,18
WBGene00019017,220,24929,25149
WBGene00019018,1171,2096,3267
WBGene00019019,22,100,122
WBGene00019020,19,156,175
WBGene00019021,0,10,10
WBGene00019022,70,335,405
WBGene00019023,58,502,560
WBGene00019024,1,4,5
WBGene00019025,55,414,469
WBGene00019026,0,2,2
WBGene00019027,0,39,39
WBGene00019028,2,6,8
WBGene00019029,25,43,68
WBGene00019030,104,247,351
WBGene00019032,11,57,68
WBGene00019034,0,2,2
WBGene00019035,1,12,13
WBGene00019036,18,16,34
WBGene00019037,0,3,3
WBGene00019038,16,11,27
WBGene00019039,0,2,2
WBGene00019040,1,3,4
WBGene00019041,0,3,3
WBGene00019042,0,1,1
WBGene00019043,0,1,1
WBGene00019044,0,0,0
WBGene00019045,0,1,1
WBGene00019046,5,9,14
WBGene00019047,5,250,255
WBGene00019048,18,240,258
WBGene00019049,8,155,163
WBGene00019051,0,8,8
WBGene00019052,21,0,21
WBGene00019053,4,2,6
WBGene00019054,2,2,4
WBGene00019055,58,856,914
WBGene00019057,28,234,262
WBGene00019058,30,122,152
WBGene00019059,11,9,20
WBGene00019060,96,391,487
WBGene00019061,3927,51250,55177
WBGene00019062,1,0,1
WBGene00019063,0,1,1
WBGene00019064,683,23639,24322
WBGene00019065,0,1,1
WBGene00019066,0,1,1
WBGene00019067,37,65,102
WBGene00019068,33,723,756
WBGene00019069,294,484,778
WBGene00019070,0,46,46
WBGene00019072,27,136,163
WBGene00019073,0,0,0
WBGene00019074,243,1526,1769
WBGene00019075,28,785,813
WBGene00019076,38,678,716
WBGene00019077,28,1080,1108
WBGene00019079,142,2508,2650
WBGene00019080,20,71,91
WBGene00019081,25,7,32
WBGene00019082,10,219,229
WBGene00019083,6,5,11
WBGene00019084,11,5,16
WBGene00019085,2,9,11
WBGene00019086,9,11,20
WBGene00019087,19,1886,1905
WBGene00019089,19,7,26
WBGene00019090,84,741,825
WBGene00019091,11,28,39
WBGene00019092,1148,7383,8531
WBGene00019094,10,25,35
WBGene00019096,3,10,13
WBGene00019097,577,9810,10387
WBGene00019098,2,17,19
WBGene00019099,5,4,9
WBGene00019100,166,587,753
WBGene00019101,22,41,63
WBGene00019102,510,4019,4529
WBGene00019103,55,131,186
WBGene00019104,2,61,63
WBGene00019105,7,719,726
WBGene00019106,26,53,79
WBGene00019108,11,531,542
WBGene00019109,50,189,239
WBGene00019111,103,432,535
WBGene00019112,67,80,147
WBGene00019113,813,5567,6380
WBGene00019114,13,265,278
WBGene00019115,85,518,603
WBGene00019116,38,564,602
WBGene00019118,16,1759,1775
WBGene00019119,1,7,8
WBGene00019120,40,1212,1252
WBGene00019121,14,1119,1133
WBGene00019122,19,437,456
WBGene00019123,1,4,5
WBGene00019124,230,4227,4457
WBGene00019125,51,649,700
WBGene00019126,38,1682,1720
WBGene00019127,413,2843,3256
WBGene00019128,164,504,668
WBGene00019129,280,2342,2622
WBGene00019130,168,1008,1176
WBGene00019132,65,272,337
WBGene00019133,9,34,43
WBGene00019136,0,0,0
WBGene00019138,3,26,29
WBGene00019139,31,373,404
WBGene00019140,34,415,449
WBGene00019141,68,1014,1082
WBGene00019142,41,1795,1836
WBGene00019143,132,2081,2213
WBGene00019144,15,81,96
WBGene00019145,1,1,2
WBGene00019146,3,4,7
WBGene00019148,16,30,46
WBGene00019149,39,197,236
WBGene00019150,36,49,85
WBGene00019151,1,3,4
WBGene00019152,2,30,32
WBGene00019153,6,117,123
WBGene00019154,11,4,15
WBGene00019155,5,1,6
WBGene00019156,120,1625,1745
WBGene00019157,1015,1525,2540
WBGene00019158,72,2148,2220
WBGene00019159,9,16,25
WBGene00019160,81,8930,9011
WBGene00019162,30,6076,6106
WBGene00019163,154,2837,2991
WBGene00019164,39,620,659
WBGene00019165,7,14,21
WBGene00019166,945,1996,2941
WBGene00019167,142,2083,2225
WBGene00019168,778,8689,9467
WBGene00019169,3,5,8
WBGene00019170,358,3995,4353
WBGene00019171,3,6,9
WBGene00019174,86,83,169
WBGene00019177,22,868,890
WBGene00019178,9,84,93
WBGene00019179,2,1,3
WBGene00019180,740,946,1686
WBGene00019182,173,1399,1572
WBGene00019183,638,180,818
WBGene00019184,6,27,33
WBGene00019185,43,913,956
WBGene00019186,4,3,7
WBGene00019187,14,45,59
WBGene00019188,185,864,1049
WBGene00019189,1,96,97
WBGene00019190,23,2,25
WBGene00019192,1,2,3
WBGene00019194,0,2,2
WBGene00019196,19,2745,2764
WBGene00019197,37,365,402
WBGene00019198,83,276,359
WBGene00019199,161,1042,1203
WBGene00019200,113,880,993
WBGene00019201,24,13,37
WBGene00019202,11,19,30
WBGene00019203,358,6950,7308
WBGene00019204,273,732,1005
WBGene00019205,2333,3620,5953
WBGene00019207,195,2215,2410
WBGene00019209,212,1150,1362
WBGene00019211,316,693,1009
WBGene00019212,93,199,292
WBGene00019213,74,334,408
WBGene00019214,5,7,12
WBGene00019215,25,102,127
WBGene00019216,3,3,6
WBGene00019217,476,2704,3180
WBGene00019218,77,292,369
WBGene00019219,133,957,1090
WBGene00019220,60,1369,1429
WBGene00019221,8,324,332
WBGene00019222,18,23,41
WBGene00019224,23,262,285
WBGene00019225,45,390,435
WBGene00019226,12,602,614
WBGene00019227,98,651,749
WBGene00019228,1,125,126
WBGene00019229,4,30,34
WBGene00019230,76,176,252
WBGene00019231,30,70,100
WBGene00019232,35,187,222
WBGene00019233,7,10,17
WBGene00019234,1,15,16
WBGene00019235,0,5,5
WBGene00019236,14,53,67
WBGene00019237,449,2759,3208
WBGene00019239,69,2,71
WBGene00019240,423,3732,4155
WBGene00019241,599,1430,2029
WBGene00019242,30,15,45
WBGene00019243,4,535,539
WBGene00019244,135,1041,1176
WBGene00019245,166,1595,1761
WBGene00019246,216,1932,2148
WBGene00019247,20,357,377
WBGene00019248,115,110,225
WBGene00019249,193,6214,6407
WBGene00019250,478,1935,2413
WBGene00019251,15,24,39
WBGene00019253,3,9,12
WBGene00019254,15,365,380
WBGene00019255,3,37,40
WBGene00019257,1,2,3
WBGene00019259,51,1040,1091
WBGene00019260,3,12,15
WBGene00019261,22,4431,4453
WBGene00019262,5,12,17
WBGene00019263,222,1666,1888
WBGene00019264,199,1384,1583
WBGene00019265,5,203,208
WBGene00019266,6,74,80
WBGene00019267,0,3,3
WBGene00019268,102,885,987
WBGene00019269,25,86,111
WBGene00019270,228,616,844
WBGene00019272,49,75,124
WBGene00019273,7,48,55
WBGene00019274,198,1029,1227
WBGene00019275,418,1572,1990
WBGene00019276,174,1031,1205
WBGene00019277,47,467,514
WBGene00019279,2976,3002,5978
WBGene00019280,34,1021,1055
WBGene00019281,3,1,4
WBGene00019282,893,87753,88646
WBGene00019283,0,0,0
WBGene00019284,231,8381,8612
WBGene00019285,54,206,260
WBGene00019286,175,175,350
WBGene00019287,29,104,133
WBGene00019288,0,9,9
WBGene00019289,112,689,801
WBGene00019290,30,615,645
WBGene00019292,0,8,8
WBGene00019293,9,319,328
WBGene00019294,548,4666,5214
WBGene00019295,147,1331,1478
WBGene00019296,27,1608,1635
WBGene00019297,2,4,6
WBGene00019298,369,10462,10831
WBGene00019299,28,263,291
WBGene00019300,64,1196,1260
WBGene00019301,568,7540,8108
WBGene00019302,2,10,12
WBGene00019303,118,79,197
WBGene00019304,75,1592,1667
WBGene00019305,113,5339,5452
WBGene00019306,2,9,11
WBGene00019309,5,21,26
WBGene00019312,0,19,19
WBGene00019313,0,2,2
WBGene00019314,3,3,6
WBGene00019315,98,1319,1417
WBGene00019316,2,153,155
WBGene00019317,113,820,933
WBGene00019318,120,57,177
WBGene00019319,21,196,217
WBGene00019320,117,898,1015
WBGene00019321,32,93,125
WBGene00019322,30,12316,12346
WBGene00019323,905,2753,3658
WBGene00019324,471,11089,11560
WBGene00019326,130,1191,1321
WBGene00019327,478,23067,23545
WBGene00019328,139,1398,1537
WBGene00019329,363,1077,1440
WBGene00019331,36,316,352
WBGene00019332,1545,16197,17742
WBGene00019333,229,3089,3318
WBGene00019334,32,1520,1552
WBGene00019335,1,36,37
WBGene00019337,11,11,22
WBGene00019338,5,7,12
WBGene00019339,0,128,128
WBGene00019340,0,2,2
WBGene00019341,9,10,19
WBGene00019342,0,38,38
WBGene00019343,107,265,372
WBGene00019344,57,664,721
WBGene00019345,71,165,236
WBGene00019346,6,121,127
WBGene00019347,666,484,1150
WBGene00019348,4,20,24
WBGene00019349,1,5,6
WBGene00019350,1,5,6
WBGene00019351,134,2401,2535
WBGene00019352,126,471,597
WBGene00019353,145,5341,5486
WBGene00019354,163,4131,4294
WBGene00019355,96,772,868
WBGene00019356,0,2,2
WBGene00019357,0,68210,68210
WBGene00019359,105,22,127
WBGene00019360,123,257,380
WBGene00019361,681,5415,6096
WBGene00019362,282,524,806
WBGene00019364,14,224,238
WBGene00019365,339,3331,3670
WBGene00019367,2,15,17
WBGene00019368,141,1085,1226
WBGene00019369,25,54,79
WBGene00019370,112,221,333
WBGene00019371,2,22,24
WBGene00019372,4,113,117
WBGene00019373,28,351,379
WBGene00019374,12,235,247
WBGene00019376,2,7,9
WBGene00019379,5,18,23
WBGene00019380,172,1491,1663
WBGene00019381,0,14754,14754
WBGene00019382,0,4,4
WBGene00019383,3,5,8
WBGene00019386,8,45,53
WBGene00019387,3,6,9
WBGene00019388,30,150,180
WBGene00019389,13,77,90
WBGene00019391,30,85,115
WBGene00019392,0,10,10
WBGene00019393,21,18,39
WBGene00019394,146,925,1071
WBGene00019395,43,259,302
WBGene00019396,71,1157,1228
WBGene00019399,76,4290,4366
WBGene00019400,144,1651,1795
WBGene00019401,109,5764,5873
WBGene00019402,93,4439,4532
WBGene00019403,128,840,968
WBGene00019404,3,34,37
WBGene00019405,8,20,28
WBGene00019406,3,5,8
WBGene00019407,189,975,1164
WBGene00019408,131,1226,1357
WBGene00019409,4,2,6
WBGene00019410,15,78,93
WBGene00019411,5,89,94
WBGene00019412,1,6,7
WBGene00019413,1,1,2
WBGene00019414,0,1,1
WBGene00019415,3,14,17
WBGene00019416,0,11,11
WBGene00019417,0,1,1
WBGene00019418,0,0,0
WBGene00019419,0,0,0
WBGene00019420,1,4,5
WBGene00019421,408,3882,4290
WBGene00019422,0,36,36
WBGene00019423,45,12,57
WBGene00019424,24,216,240
WBGene00019425,10,19,29
WBGene00019426,10,184,194
WBGene00019427,166,4418,4584
WBGene00019428,316,944,1260
WBGene00019429,137,2014,2151
WBGene00019430,3,55,58
WBGene00019431,12,31,43
WBGene00019432,231,5131,5362
WBGene00019433,52,2859,2911
WBGene00019434,347,487,834
WBGene00019435,203,1073,1276
WBGene00019436,177,2081,2258
WBGene00019437,61,441,502
WBGene00019438,0,15,15
WBGene00019442,0,0,0
WBGene00019443,7,5,12
WBGene00019444,32,88,120
WBGene00019445,29,77,106
WBGene00019448,50,503,553
WBGene00019449,5,1,6
WBGene00019450,0,0,0
WBGene00019451,4,1,5
WBGene00019452,2,0,2
WBGene00019453,7,0,7
WBGene00019455,11,73,84
WBGene00019456,152,1317,1469
WBGene00019457,316,2476,2792
WBGene00019458,93,933,1026
WBGene00019459,5,5,10
WBGene00019460,50,819,869
WBGene00019461,64,545,609
WBGene00019462,400,216,616
WBGene00019464,14,365,379
WBGene00019465,945,4116,5061
WBGene00019466,2737,76059,78796
WBGene00019467,13,3394,3407
WBGene00019470,0,4,4
WBGene00019471,1,3,4
WBGene00019472,7,77,84
WBGene00019473,3,4,7
WBGene00019476,66,1122,1188
WBGene00019477,22,768,790
WBGene00019478,861,8232,9093
WBGene00019479,264,3318,3582
WBGene00019480,91,1217,1308
WBGene00019481,73,2063,2136
WBGene00019482,47,822,869
WBGene00019483,41,4,45
WBGene00019484,2,341,343
WBGene00019485,185,637,822
WBGene00019486,7,16,23
WBGene00019487,76,821,897
WBGene00019488,333,7035,7368
WBGene00019489,123,3938,4061
WBGene00019490,79,1390,1469
WBGene00019491,65,680,745
WBGene00019492,624,8215,8839
WBGene00019493,70,162,232
WBGene00019495,179,4191,4370
WBGene00019496,19,145,164
WBGene00019497,30,1326,1356
WBGene00019498,112,775,887
WBGene00019501,1,4,5
WBGene00019502,2,10,12
WBGene00019503,38,596,634
WBGene00019504,18,1051,1069
WBGene00019506,2,63,65
WBGene00019507,1,6,7
WBGene00019508,4,9,13
WBGene00019509,2,80,82
WBGene00019510,295,13356,13651
WBGene00019511,202,3806,4008
WBGene00019512,8,47,55
WBGene00019513,81,1529,1610
WBGene00019514,2,3,5
WBGene00019515,25,93,118
WBGene00019516,27,190,217
WBGene00019518,44,70,114
WBGene00019519,163,737,900
WBGene00019520,1,82,83
WBGene00019521,443,3647,4090
WBGene00019522,126,718,844
WBGene00019524,2,6,8
WBGene00019525,127,834,961
WBGene00019527,4,2,6
WBGene00019529,0,2,2
WBGene00019530,2,14,16
WBGene00019531,9,12,21
WBGene00019533,15,30,45
WBGene00019534,1,0,1
WBGene00019535,31,499,530
WBGene00019536,173,140,313
WBGene00019537,0,18467,18467
WBGene00019538,25,140,165
WBGene00019540,96,10078,10174
WBGene00019541,0,66,66
WBGene00019543,269,2880,3149
WBGene00019544,131,1382,1513
WBGene00019545,24,157,181
WBGene00019546,128,871,999
WBGene00019547,3,22,25
WBGene00019548,1,1,2
WBGene00019549,25,15,40
WBGene00019550,29,38,67
WBGene00019551,4,150,154
WBGene00019552,6,2,8
WBGene00019553,1,157,158
WBGene00019554,23,373,396
WBGene00019556,12,56,68
WBGene00019557,53,28,81
WBGene00019558,7,19,26
WBGene00019559,5,3,8
WBGene00019560,2,2,4
WBGene00019561,6,7,13
WBGene00019562,0,3,3
WBGene00019563,2,5,7
WBGene00019564,312,3699,4011
WBGene00019565,10,27,37
WBGene00019566,2,12,14
WBGene00019567,8,38,46
WBGene00019570,31,150,181
WBGene00019571,364,228,592
WBGene00019572,0,57,57
WBGene00019574,0,0,0
WBGene00019576,1,16,17
WBGene00019577,16,87,103
WBGene00019578,11,85,96
WBGene00019579,32,145,177
WBGene00019580,5,24,29
WBGene00019582,23,26,49
WBGene00019583,2,7,9
WBGene00019584,131,37,168
WBGene00019586,7,20,27
WBGene00019587,1,23,24
WBGene00019588,3,11,14
WBGene00019589,82,225,307
WBGene00019590,11,115,126
WBGene00019591,0,2,2
WBGene00019592,0,391,391
WBGene00019593,29,414,443
WBGene00019594,41,10,51
WBGene00019595,42,667,709
WBGene00019597,838,9636,10474
WBGene00019598,0,22,22
WBGene00019599,36,372,408
WBGene00019600,19,480,499
WBGene00019601,2,13,15
WBGene00019602,0,0,0
WBGene00019603,13,370,383
WBGene00019604,0,0,0
WBGene00019605,19,193,212
WBGene00019606,2,249,251
WBGene00019607,254,2538,2792
WBGene00019608,53,1363,1416
WBGene00019609,139,764,903
WBGene00019611,28,976,1004
WBGene00019612,311,2670,2981
WBGene00019613,2,9,11
WBGene00019614,37,26,63
WBGene00019615,133,646,779
WBGene00019616,16,95,111
WBGene00019617,51,1175,1226
WBGene00019618,51,134,185
WBGene00019619,770,11946,12716
WBGene00019620,96,7541,7637
WBGene00019621,0,2,2
WBGene00019622,2,21,23
WBGene00019623,57,255,312
WBGene00019624,314,2067,2381
WBGene00019625,18,11,29
WBGene00019626,2,12,14
WBGene00019627,115,1470,1585
WBGene00019628,43,3165,3208
WBGene00019629,51,1336,1387
WBGene00019630,20,208,228
WBGene00019631,205,4494,4699
WBGene00019633,150,839,989
WBGene00019636,54,800,854
WBGene00019638,21,8,29
WBGene00019639,0,104,104
WBGene00019640,23,31,54
WBGene00019641,58,418,476
WBGene00019642,5,40,45
WBGene00019643,8,441,449
WBGene00019644,37,101,138
WBGene00019645,47,996,1043
WBGene00019646,2,3,5
WBGene00019647,25,693,718
WBGene00019648,15,228,243
WBGene00019649,81,1371,1452
WBGene00019650,130,1093,1223
WBGene00019651,280,2251,2531
WBGene00019652,15,792,807
WBGene00019653,19,190,209
WBGene00019654,2,24,26
WBGene00019655,5,23,28
WBGene00019656,32,1299,1331
WBGene00019657,73,993,1066
WBGene00019658,31,278,309
WBGene00019659,6,18,24
WBGene00019660,1,38,39
WBGene00019661,5,190,195
WBGene00019662,5,4,9
WBGene00019663,24,2075,2099
WBGene00019664,372,3529,3901
WBGene00019665,50,427,477
WBGene00019666,29,621,650
WBGene00019667,357,350,707
WBGene00019668,40,220,260
WBGene00019669,126,526,652
WBGene00019670,1,1,2
WBGene00019673,100,1970,2070
WBGene00019674,47,377,424
WBGene00019675,1,6,7
WBGene00019677,63,286,349
WBGene00019678,164,1710,1874
WBGene00019679,120,1943,2063
WBGene00019680,0,6862,6862
WBGene00019681,0,4,4
WBGene00019682,345,6300,6645
WBGene00019683,399,260,659
WBGene00019684,2,4,6
WBGene00019685,5,11,16
WBGene00019686,428,3355,3783
WBGene00019687,2,3,5
WBGene00019688,12,12,24
WBGene00019689,0,3,3
WBGene00019690,9,71,80
WBGene00019691,117,530,647
WBGene00019692,90,1081,1171
WBGene00019693,13,1610,1623
WBGene00019697,984,2145,3129
WBGene00019698,1213,20599,21812
WBGene00019699,34,129,163
WBGene00019700,1,16,17
WBGene00019702,0,1,1
WBGene00019703,1,4,5
WBGene00019704,0,1,1
WBGene00019705,0,214,214
WBGene00019709,0,0,0
WBGene00019710,1,326,327
WBGene00019711,78,2411,2489
WBGene00019712,70,1150,1220
WBGene00019713,121,1467,1588
WBGene00019714,0,0,0
WBGene00019715,159,911,1070
WBGene00019716,641,2945,3586
WBGene00019717,128,1300,1428
WBGene00019718,15,37,52
WBGene00019719,5084,80929,86013
WBGene00019720,194,1557,1751
WBGene00019721,59,29,88
WBGene00019722,9,43,52
WBGene00019723,1,305,306
WBGene00019724,106,494,600
WBGene00019725,16,397,413
WBGene00019726,947,1340,2287
WBGene00019727,242,4524,4766
WBGene00019728,2,9,11
WBGene00019729,56,687,743
WBGene00019730,12,287,299
WBGene00019731,28,29,57
WBGene00019732,2,2001,2003
WBGene00019733,761,2703,3464
WBGene00019734,406,5864,6270
WBGene00019735,29,30,59
WBGene00019736,6,24,30
WBGene00019738,64,893,957
WBGene00019740,7,16,23
WBGene00019741,19,649,668
WBGene00019742,49,162,211
WBGene00019743,86,538,624
WBGene00019744,455,5912,6367
WBGene00019745,2,20,22
WBGene00019746,92,185,277
WBGene00019747,795,3580,4375
WBGene00019748,342,8577,8919
WBGene00019749,83,370,453
WBGene00019750,1288,858,2146
WBGene00019751,143,1310,1453
WBGene00019753,320,2152,2472
WBGene00019754,1,18,19
WBGene00019755,0,25,25
WBGene00019756,13,11,24
WBGene00019757,489,3401,3890
WBGene00019758,2,19,21
WBGene00019759,44,20523,20567
WBGene00019760,118,6386,6504
WBGene00019761,6,15,21
WBGene00019762,197,3472,3669
WBGene00019763,32,125,157
WBGene00019764,27,243,270
WBGene00019765,301,240,541
WBGene00019766,172,1035,1207
WBGene00019767,40,10419,10459
WBGene00019768,198,972,1170
WBGene00019769,1,52,53
WBGene00019770,1915,3295,5210
WBGene00019771,538,1437,1975
WBGene00019772,757,13800,14557
WBGene00019773,5,9,14
WBGene00019774,285,398,683
WBGene00019776,29,105,134
WBGene00019777,46,292,338
WBGene00019778,57,730,787
WBGene00019779,606,5120,5726
WBGene00019780,1098,123457,124555
WBGene00019781,402,1319,1721
WBGene00019782,93,1526,1619
WBGene00019783,15,6,21
WBGene00019784,3,24,27
WBGene00019785,3,19,22
WBGene00019786,341,999,1340
WBGene00019787,254,650,904
WBGene00019788,0,25,25
WBGene00019791,0,9,9
WBGene00019792,113,1550,1663
WBGene00019793,4,2,6
WBGene00019794,1,2,3
WBGene00019795,2,1,3
WBGene00019796,4,7,11
WBGene00019797,1,1,2
WBGene00019798,0,1,1
WBGene00019799,3,14,17
WBGene00019800,25,2264,2289
WBGene00019801,344,3174,3518
WBGene00019803,40,538,578
WBGene00019804,12,3,15
WBGene00019805,125,2348,2473
WBGene00019806,10,582,592
WBGene00019807,91,713,804
WBGene00019808,110,3512,3622
WBGene00019809,0,1,1
WBGene00019810,2,11,13
WBGene00019811,29,572,601
WBGene00019812,12,22,34
WBGene00019813,14,748,762
WBGene00019814,8,103,111
WBGene00019815,7,11,18
WBGene00019816,90,425,515
WBGene00019817,8,83,91
WBGene00019818,81,1165,1246
WBGene00019819,30,521,551
WBGene00019820,61,1580,1641
WBGene00019821,165,3098,3263
WBGene00019822,126,1666,1792
WBGene00019823,125,1718,1843
WBGene00019824,80,1069,1149
WBGene00019825,70,452,522
WBGene00019826,1,14,15
WBGene00019827,516,4338,4854
WBGene00019828,218,181,399
WBGene00019829,28,422,450
WBGene00019830,96,1944,2040
WBGene00019831,500,47353,47853
WBGene00019832,139,93,232
WBGene00019833,9,216,225
WBGene00019834,0,10,10
WBGene00019835,0,0,0
WBGene00019836,99,1751,1850
WBGene00019837,42,147,189
WBGene00019838,266,4011,4277
WBGene00019839,3,22,25
WBGene00019840,64,1921,1985
WBGene00019841,102,1619,1721
WBGene00019842,868,1232,2100
WBGene00019843,103,707,810
WBGene00019844,542,1791,2333
WBGene00019845,20,77,97
WBGene00019846,57,836,893
WBGene00019847,258,2418,2676
WBGene00019849,5,15,20
WBGene00019850,0,3,3
WBGene00019851,5,9,14
WBGene00019854,1434,2792,4226
WBGene00019855,252,684,936
WBGene00019856,6,3,9
WBGene00019857,2,0,2
WBGene00019858,2,116,118
WBGene00019859,4,138,142
WBGene00019861,8,35,43
WBGene00019862,41,915,956
WBGene00019863,338,630,968
WBGene00019864,44,514,558
WBGene00019865,17,143,160
WBGene00019866,27,47,74
WBGene00019867,132,1282,1414
WBGene00019868,5,49,54
WBGene00019869,35,397,432
WBGene00019870,6,461,467
WBGene00019871,39,1923,1962
WBGene00019872,377,1478,1855
WBGene00019873,94,620,714
WBGene00019874,9,24,33
WBGene00019875,152,2179,2331
WBGene00019877,52,2206,2258
WBGene00019878,25,362,387
WBGene00019879,0,6,6
WBGene00019880,0,0,0
WBGene00019881,173,2207,2380
WBGene00019882,148,900,1048
WBGene00019883,156,3089,3245
WBGene00019884,226,3363,3589
WBGene00019885,68,683,751
WBGene00019886,1,3,4
WBGene00019887,7,5,12
WBGene00019888,298,3440,3738
WBGene00019890,20,4183,4203
WBGene00019891,119,124,243
WBGene00019892,36,950,986
WBGene00019893,27,3903,3930
WBGene00019894,43,677,720
WBGene00019895,221,3586,3807
WBGene00019896,17,106,123
WBGene00019898,115,1543,1658
WBGene00019899,199,514,713
WBGene00019900,180,19054,19234
WBGene00019901,9,65,74
WBGene00019902,567,2115,2682
WBGene00019903,3,4,7
WBGene00019904,199,2455,2654
WBGene00019905,2,6,8
WBGene00019906,9,7,16
WBGene00019907,32,375,407
WBGene00019908,594,2268,2862
WBGene00019909,1253,2624,3877
WBGene00019911,117,604,721
WBGene00019913,23,19,42
WBGene00019914,158,1267,1425
WBGene00019915,182,747,929
WBGene00019916,0,1,1
WBGene00019917,0,15,15
WBGene00019918,72,689,761
WBGene00019919,4,0,4
WBGene00019920,2,0,2
WBGene00019921,0,12,12
WBGene00019922,0,15,15
WBGene00019923,4,21,25
WBGene00019924,19,295,314
WBGene00019925,0,3,3
WBGene00019926,1,1,2
WBGene00019927,2,13,15
WBGene00019928,5,9,14
WBGene00019929,2,7,9
WBGene00019931,5,11,16
WBGene00019933,110,8,118
WBGene00019935,116,358,474
WBGene00019937,0,3529,3529
WBGene00019938,72,659,731
WBGene00019939,12,98,110
WBGene00019940,309,5874,6183
WBGene00019941,95,3143,3238
WBGene00019943,75,645,720
WBGene00019944,50,1649,1699
WBGene00019945,0,0,0
WBGene00019946,219,8040,8259
WBGene00019947,18,15513,15531
WBGene00019948,10,10,20
WBGene00019949,1,6,7
WBGene00019950,8,15,23
WBGene00019951,3,28,31
WBGene00019952,1,158,159
WBGene00019953,179,3170,3349
WBGene00019954,0,0,0
WBGene00019955,404,959,1363
WBGene00019956,0,7,7
WBGene00019957,64,480,544
WBGene00019959,75,999,1074
WBGene00019960,367,1747,2114
WBGene00019961,21,319,340
WBGene00019962,70,1051,1121
WBGene00019963,54,894,948
WBGene00019964,97,227,324
WBGene00019965,91,171,262
WBGene00019966,13,18,31
WBGene00019967,67,1058,1125
WBGene00019968,11,533,544
WBGene00019970,8,850,858
WBGene00019971,156,1417,1573
WBGene00019972,10,41,51
WBGene00019973,15,20,35
WBGene00019975,198,1144,1342
WBGene00019977,23,60,83
WBGene00019978,38,243,281
WBGene00019979,32,190,222
WBGene00019980,3,3,6
WBGene00019981,20,1,21
WBGene00019982,48,36,84
WBGene00019983,25,2260,2285
WBGene00019986,77,1071,1148
WBGene00019987,10,292,302
WBGene00019988,13,728,741
WBGene00019989,2,26,28
WBGene00019991,3,6,9
WBGene00019992,0,1,1
WBGene00019993,37,2595,2632
WBGene00019994,270,277,547
WBGene00019995,76,821,897
WBGene00019996,11,15,26
WBGene00019997,19,134,153
WBGene00019998,1472,13159,14631
WBGene00019999,65,294,359
WBGene00020003,22,57,79
WBGene00020004,14,16,30
WBGene00020006,49,329,378
WBGene00020007,55,2011,2066
WBGene00020008,35,257,292
WBGene00020009,13,195,208
WBGene00020010,32,90,122
WBGene00020011,1966,263,2229
WBGene00020012,188,4692,4880
WBGene00020013,1,2,3
WBGene00020014,4,92,96
WBGene00020015,6,156,162
WBGene00020016,42,172,214
WBGene00020017,35,56,91
WBGene00020018,116,1098,1214
WBGene00020019,17,57,74
WBGene00020020,193,30,223
WBGene00020021,1,8,9
WBGene00020022,21,981,1002
WBGene00020023,55,635,690
WBGene00020024,4,0,4
WBGene00020025,43,2998,3041
WBGene00020026,158,2004,2162
WBGene00020027,96,2320,2416
WBGene00020029,205,3128,3333
WBGene00020030,35,1853,1888
WBGene00020031,326,4993,5319
WBGene00020032,0,3,3
WBGene00020033,18,111,129
WBGene00020034,23,187,210
WBGene00020035,34,643,677
WBGene00020036,116,1161,1277
WBGene00020037,21,1723,1744
WBGene00020038,292,6861,7153
WBGene00020039,1,34,35
WBGene00020040,1,16,17
WBGene00020041,10,16,26
WBGene00020042,0,0,0
WBGene00020043,23,401,424
WBGene00020044,2,6,8
WBGene00020045,44,497,541
WBGene00020046,12,9,21
WBGene00020047,122,1582,1704
WBGene00020048,14,145,159
WBGene00020049,11,1081,1092
WBGene00020050,16,113,129
WBGene00020051,86,1697,1783
WBGene00020052,11,418,429
WBGene00020053,0,10,10
WBGene00020054,4,145,149
WBGene00020055,1,4,5
WBGene00020056,7,26,33
WBGene00020057,18,63,81
WBGene00020058,294,1590,1884
WBGene00020060,17,12,29
WBGene00020062,12,552,564
WBGene00020063,3,4,7
WBGene00020064,253,927,1180
WBGene00020066,14,61,75
WBGene00020067,1,2,3
WBGene00020068,141,2026,2167
WBGene00020069,284,512,796
WBGene00020070,4,30,34
WBGene00020071,0,0,0
WBGene00020072,0,0,0
WBGene00020073,0,5,5
WBGene00020076,1,1,2
WBGene00020077,0,1,1
WBGene00020078,7,5,12
WBGene00020080,38,42,80
WBGene00020082,257,1375,1632
WBGene00020083,0,3,3
WBGene00020084,3,4,7
WBGene00020086,111,138,249
WBGene00020088,54,263,317
WBGene00020089,385,522,907
WBGene00020090,334,1354,1688
WBGene00020091,101,818,919
WBGene00020092,594,4435,5029
WBGene00020093,111,835,946
WBGene00020094,68,1319,1387
WBGene00020095,94,1674,1768
WBGene00020096,1,653,654
WBGene00020097,815,6971,7786
WBGene00020098,37,1137,1174
WBGene00020099,88,841,929
WBGene00020100,71,212,283
WBGene00020101,102,677,779
WBGene00020102,152,1010,1162
WBGene00020103,25,467,492
WBGene00020104,32,597,629
WBGene00020105,13,1,14
WBGene00020106,400,3150,3550
WBGene00020107,78,2963,3041
WBGene00020109,0,104,104
WBGene00020110,0,757,757
WBGene00020111,0,292,292
WBGene00020112,0,6504,6504
WBGene00020113,0,0,0
WBGene00020114,4695,11221,15916
WBGene00020115,742,4258,5000
WBGene00020116,14,28,42
WBGene00020117,2,16,18
WBGene00020118,0,4,4
WBGene00020119,0,2,2
WBGene00020120,0,2,2
WBGene00020121,2,9,11
WBGene00020122,0,25,25
WBGene00020123,13,11,24
WBGene00020125,33,259,292
WBGene00020126,99,2891,2990
WBGene00020127,0,2,2
WBGene00020128,169,10,179
WBGene00020129,3,5,8
WBGene00020130,38,196,234
WBGene00020131,1893,5657,7550
WBGene00020134,264,591,855
WBGene00020135,263,6603,6866
WBGene00020136,5,66,71
WBGene00020137,54,663,717
WBGene00020138,25,168,193
WBGene00020139,7,78,85
WBGene00020140,0,2,2
WBGene00020141,80,1103,1183
WBGene00020142,520,3903,4423
WBGene00020143,441,7901,8342
WBGene00020144,28,40,68
WBGene00020146,112,8062,8174
WBGene00020148,24,1099,1123
WBGene00020149,22,210,232
WBGene00020150,4,3,7
WBGene00020151,5,102,107
WBGene00020152,102,295,397
WBGene00020153,154,1084,1238
WBGene00020154,2,12,14
WBGene00020155,8,8692,8700
WBGene00020156,56,6245,6301
WBGene00020157,118,255,373
WBGene00020158,499,9809,10308
WBGene00020160,220,813,1033
WBGene00020163,363,1219,1582
WBGene00020166,30,813,843
WBGene00020168,20,409,429
WBGene00020169,22,888,910
WBGene00020170,1014,551,1565
WBGene00020171,993,2008,3001
WBGene00020172,122,487,609
WBGene00020173,0,7,7
WBGene00020174,1,0,1
WBGene00020175,52,83,135
WBGene00020176,0,4,4
WBGene00020177,2,4,6
WBGene00020178,1,0,1
WBGene00020179,5,16,21
WBGene00020180,1,0,1
WBGene00020181,2769,25792,28561
WBGene00020182,12,11,23
WBGene00020183,27,492,519
WBGene00020184,11,495,506
WBGene00020185,7,4364,4371
WBGene00020187,10,72,82
WBGene00020188,51,839,890
WBGene00020189,276,783,1059
WBGene00020190,437,4484,4921
WBGene00020191,51,423,474
WBGene00020192,562,84730,85292
WBGene00020193,33,539,572
WBGene00020194,23,237,260
WBGene00020195,28,3100,3128
WBGene00020196,205,394,599
WBGene00020197,64,987,1051
WBGene00020199,13,358,371
WBGene00020200,435,8462,8897
WBGene00020201,7,44,51
WBGene00020202,0,3,3
WBGene00020203,29,2,31
WBGene00020205,0,14,14
WBGene00020207,240,742,982
WBGene00020208,1539,3668,5207
WBGene00020209,1333,5140,6473
WBGene00020210,0,7,7
WBGene00020211,0,5,5
WBGene00020212,38,38,76
WBGene00020214,48,621,669
WBGene00020215,89,1085,1174
WBGene00020216,12,1786,1798
WBGene00020217,10,3,13
WBGene00020218,4,23,27
WBGene00020219,153,1342,1495
WBGene00020220,23,12,35
WBGene00020221,0,149,149
WBGene00020222,15,225,240
WBGene00020223,3,44,47
WBGene00020224,129,987,1116
WBGene00020225,60,39,99
WBGene00020227,3,5,8
WBGene00020228,0,9,9
WBGene00020229,650,7529,8179
WBGene00020230,316,1104,1420
WBGene00020231,67,165,232
WBGene00020232,0,3,3
WBGene00020233,6,82,88
WBGene00020234,626,4564,5190
WBGene00020235,354,1429,1783
WBGene00020236,122,197,319
WBGene00020237,0,802,802
WBGene00020239,1,3,4
WBGene00020240,0,17,17
WBGene00020241,0,4,4
WBGene00020242,2,971,973
WBGene00020243,2,23,25
WBGene00020244,2,33,35
WBGene00020245,10,181,191
WBGene00020246,164,8686,8850
WBGene00020247,4,28,32
WBGene00020248,26,505,531
WBGene00020249,168,589,757
WBGene00020250,5,20,25
WBGene00020251,705,2902,3607
WBGene00020252,22,26,48
WBGene00020254,15,25,40
WBGene00020256,28,242,270
WBGene00020258,54,284,338
WBGene00020259,86,1280,1366
WBGene00020260,306,2999,3305
WBGene00020261,0,21,21
WBGene00020262,1,59,60
WBGene00020263,189,1167,1356
WBGene00020264,46,428,474
WBGene00020265,1,6,7
WBGene00020266,7,35,42
WBGene00020267,7,42,49
WBGene00020268,138,1370,1508
WBGene00020269,33,2614,2647
WBGene00020270,6,22,28
WBGene00020273,294,1527,1821
WBGene00020274,60,1210,1270
WBGene00020275,2585,32352,34937
WBGene00020276,5,1611,1616
WBGene00020277,4,3,7
WBGene00020279,274,945,1219
WBGene00020280,28,242,270
WBGene00020281,9,14,23
WBGene00020282,3,1,4
WBGene00020283,28,56,84
WBGene00020284,686,2699,3385
WBGene00020285,5,48,53
WBGene00020286,24,3299,3323
WBGene00020287,181,2969,3150
WBGene00020288,11,6,17
WBGene00020289,1,11,12
WBGene00020290,0,2,2
WBGene00020291,1,10,11
WBGene00020292,4,0,4
WBGene00020293,1,2,3
WBGene00020294,681,1292,1973
WBGene00020295,42,422,464
WBGene00020296,122,2238,2360
WBGene00020297,3550,87816,91366
WBGene00020298,201,2412,2613
WBGene00020299,214,1105,1319
WBGene00020300,8,271,279
WBGene00020301,439,2270,2709
WBGene00020302,0,297,297
WBGene00020305,2,1,3
WBGene00020307,330,1477,1807
WBGene00020311,1,98,99
WBGene00020313,35,167,202
WBGene00020314,28,414,442
WBGene00020315,113,4198,4311
WBGene00020316,229,1574,1803
WBGene00020317,665,16881,17546
WBGene00020318,0,55,55
WBGene00020319,12,183,195
WBGene00020320,18,1066,1084
WBGene00020321,38,1744,1782
WBGene00020322,12,991,1003
WBGene00020323,30,75,105
WBGene00020324,37,1969,2006
WBGene00020325,9,164,173
WBGene00020326,11,147,158
WBGene00020327,0,10,10
WBGene00020328,1,4,5
WBGene00020329,36,679,715
WBGene00020330,17,205,222
WBGene00020333,2,13,15
WBGene00020334,190,2599,2789
WBGene00020335,18,290,308
WBGene00020339,12,976,988
WBGene00020340,102,989,1091
WBGene00020341,148,1491,1639
WBGene00020342,1,4,5
WBGene00020343,29,285,314
WBGene00020345,8,47,55
WBGene00020346,455,3079,3534
WBGene00020347,384,3363,3747
WBGene00020348,13,1250,1263
WBGene00020349,21,199,220
WBGene00020350,0,0,0
WBGene00020351,0,0,0
WBGene00020353,2,7,9
WBGene00020354,0,13,13
WBGene00020356,6,12,18
WBGene00020357,18,34,52
WBGene00020358,7,267,274
WBGene00020359,3,284,287
WBGene00020360,333,1354,1687
WBGene00020361,2,60,62
WBGene00020362,0,7,7
WBGene00020363,128,1654,1782
WBGene00020364,8,39,47
WBGene00020365,32,48,80
WBGene00020366,349,4094,4443
WBGene00020368,66,1448,1514
WBGene00020369,277,5240,5517
WBGene00020370,7,158,165
WBGene00020371,1,2,3
WBGene00020372,30,62,92
WBGene00020373,18,7582,7600
WBGene00020374,2138,2831,4969
WBGene00020375,3,349,352
WBGene00020376,54,731,785
WBGene00020377,31,150,181
WBGene00020378,117,1162,1279
WBGene00020379,56,1785,1841
WBGene00020380,664,997,1661
WBGene00020381,21,104,125
WBGene00020382,209,3546,3755
WBGene00020383,254,1430,1684
WBGene00020384,5,16,21
WBGene00020385,112,298,410
WBGene00020386,3,37,40
WBGene00020389,452,9561,10013
WBGene00020390,116,2246,2362
WBGene00020391,60,15674,15734
WBGene00020392,57,1105,1162
WBGene00020393,17,2344,2361
WBGene00020394,19,265,284
WBGene00020396,50,232,282
WBGene00020397,664,11504,12168
WBGene00020398,188,2356,2544
WBGene00020399,189,1584,1773
WBGene00020400,7,7,14
WBGene00020401,37,328,365
WBGene00020402,89,1901,1990
WBGene00020403,337,2063,2400
WBGene00020404,95,1498,1593
WBGene00020406,4,2,6
WBGene00020407,49,1236,1285
WBGene00020408,138,529,667
WBGene00020409,1,2,3
WBGene00020410,0,2,2
WBGene00020411,32,933,965
WBGene00020412,100,1359,1459
WBGene00020413,100,777,877
WBGene00020414,4,2,6
WBGene00020415,14,64,78
WBGene00020416,0,0,0
WBGene00020417,53,10402,10455
WBGene00020418,24,155,179
WBGene00020419,12,87,99
WBGene00020420,80,9,89
WBGene00020421,58,34,92
WBGene00020422,47,788,835
WBGene00020423,13,2260,2273
WBGene00020424,1,57,58
WBGene00020425,88,1292,1380
WBGene00020426,5,284,289
WBGene00020427,73,731,804
WBGene00020428,0,12,12
WBGene00020430,17,15,32
WBGene00020431,2,14,16
WBGene00020432,10,7,17
WBGene00020433,0,1,1
WBGene00020435,4,6,10
WBGene00020436,459,450,909
WBGene00020437,16,1940,1956
WBGene00020438,0,2,2
WBGene00020439,8,2,10
WBGene00020440,1,6,7
WBGene00020441,77,945,1022
WBGene00020442,67,1656,1723
WBGene00020443,159,1048,1207
WBGene00020444,31,131,162
WBGene00020445,16,117,133
WBGene00020446,60,2862,2922
WBGene00020447,307,2876,3183
WBGene00020448,6,46,52
WBGene00020449,11,323,334
WBGene00020450,19,924,943
WBGene00020451,23,313,336
WBGene00020452,0,1,1
WBGene00020453,9,128,137
WBGene00020454,6,6,12
WBGene00020455,56,682,738
WBGene00020456,18,510,528
WBGene00020457,22,922,944
WBGene00020459,164,60,224
WBGene00020460,3,32,35
WBGene00020461,67,290,357
WBGene00020462,231,1405,1636
WBGene00020463,41,1243,1284
WBGene00020464,16,855,871
WBGene00020465,35,4,39
WBGene00020466,19,815,834
WBGene00020467,18,174,192
WBGene00020468,2,6,8
WBGene00020469,0,347,347
WBGene00020471,21,52,73
WBGene00020472,1,0,1
WBGene00020473,8,2,10
WBGene00020474,46,120,166
WBGene00020475,206,3179,3385
WBGene00020476,7,0,7
WBGene00020478,62,25,87
WBGene00020479,35,168,203
WBGene00020480,112,1346,1458
WBGene00020481,295,3558,3853
WBGene00020482,31,114,145
WBGene00020483,0,8,8
WBGene00020484,1,2,3
WBGene00020485,8,55,63
WBGene00020486,50,434,484
WBGene00020487,0,2,2
WBGene00020488,3,121,124
WBGene00020489,152,364,516
WBGene00020490,162,514,676
WBGene00020491,43,586,629
WBGene00020492,567,3,570
WBGene00020494,3,70,73
WBGene00020496,337,4397,4734
WBGene00020497,6,2669,2675
WBGene00020498,118,1361,1479
WBGene00020499,111,651,762
WBGene00020500,127,1892,2019
WBGene00020501,13,75,88
WBGene00020502,212,929,1141
WBGene00020503,22,31,53
WBGene00020504,864,1960,2824
WBGene00020505,8,78,86
WBGene00020506,152,259,411
WBGene00020507,49,4356,4405
WBGene00020508,20,665,685
WBGene00020509,345,1008,1353
WBGene00020510,42,1315,1357
WBGene00020511,104,3200,3304
WBGene00020515,0,8,8
WBGene00020516,69,936,1005
WBGene00020517,73,5734,5807
WBGene00020520,15,11,26
WBGene00020522,27,36,63
WBGene00020523,2,3,5
WBGene00020524,11,15,26
WBGene00020525,0,1,1
WBGene00020526,3,2,5
WBGene00020527,32,95,127
WBGene00020528,21,70,91
WBGene00020529,5,59,64
WBGene00020530,558,2188,2746
WBGene00020531,3,10,13
WBGene00020532,34,98,132
WBGene00020533,1,0,1
WBGene00020534,0,0,0
WBGene00020535,0,0,0
WBGene00020536,2,0,2
WBGene00020537,0,1,1
WBGene00020539,0,0,0
WBGene00020540,48,762,810
WBGene00020541,0,2,2
WBGene00020542,2,4,6
WBGene00020543,2,2,4
WBGene00020544,3,28,31
WBGene00020546,3,1,4
WBGene00020548,0,3,3
WBGene00020549,3,1418,1421
WBGene00020550,1,22,23
WBGene00020551,17,146,163
WBGene00020553,81,2993,3074
WBGene00020554,33,126,159
WBGene00020555,35,264,299
WBGene00020556,76,1045,1121
WBGene00020557,322,3310,3632
WBGene00020558,91,811,902
WBGene00020559,20,101,121
WBGene00020560,43,3,46
WBGene00020561,153,1196,1349
WBGene00020562,175,3965,4140
WBGene00020563,155,2259,2414
WBGene00020564,71,145,216
WBGene00020565,10,679,689
WBGene00020566,43,265,308
WBGene00020567,25,80,105
WBGene00020568,245,2374,2619
WBGene00020569,19,74,93
WBGene00020571,16,51,67
WBGene00020572,88,637,725
WBGene00020573,40,434,474
WBGene00020574,28,261,289
WBGene00020575,74,226,300
WBGene00020576,2,164,166
WBGene00020577,83,1980,2063
WBGene00020578,7,113,120
WBGene00020579,113,745,858
WBGene00020580,2,79,81
WBGene00020581,362,1854,2216
WBGene00020582,15,394,409
WBGene00020583,2,25,27
WBGene00020584,10,3,13
WBGene00020585,262,5479,5741
WBGene00020586,118,619,737
WBGene00020587,8,102,110
WBGene00020588,237,4866,5103
WBGene00020589,160,410,570
WBGene00020590,85,121,206
WBGene00020592,87,606,693
WBGene00020593,31,433,464
WBGene00020594,0,7,7
WBGene00020595,204,1954,2158
WBGene00020596,147,1783,1930
WBGene00020597,0,9,9
WBGene00020598,5,4,9
WBGene00020599,111,239,350
WBGene00020600,163,953,1116
WBGene00020601,44,2204,2248
WBGene00020602,4,28,32
WBGene00020603,0,0,0
WBGene00020604,48,4223,4271
WBGene00020605,45,472,517
WBGene00020607,2,7,9
WBGene00020608,3,7,10
WBGene00020609,5,4,9
WBGene00020611,52,6,58
WBGene00020612,30,123,153
WBGene00020613,0,4,4
WBGene00020616,0,1,1
WBGene00020617,1,2,3
WBGene00020618,2,1,3
WBGene00020620,2,0,2
WBGene00020623,0,2,2
WBGene00020624,1,0,1
WBGene00020625,11,679,690
WBGene00020626,28,252,280
WBGene00020627,70,99,169
WBGene00020628,123,1659,1782
WBGene00020629,82,2064,2146
WBGene00020630,79,736,815
WBGene00020631,0,17,17
WBGene00020633,54,532,586
WBGene00020634,38,209,247
WBGene00020635,7,11,18
WBGene00020636,43,5832,5875
WBGene00020637,3,30,33
WBGene00020638,19,56,75
WBGene00020639,1,12,13
WBGene00020640,0,24,24
WBGene00020642,3,13,16
WBGene00020645,1,35,36
WBGene00020646,7,52,59
WBGene00020647,114,2499,2613
WBGene00020648,71,315,386
WBGene00020649,297,1574,1871
WBGene00020650,1,29,30
WBGene00020651,105,1452,1557
WBGene00020652,61,938,999
WBGene00020653,4,12,16
WBGene00020655,9,6,15
WBGene00020656,2,3,5
WBGene00020657,103,179,282
WBGene00020658,41,1344,1385
WBGene00020659,2,188,190
WBGene00020660,2,115,117
WBGene00020661,0,2,2
WBGene00020662,773,12443,13216
WBGene00020663,80,457,537
WBGene00020664,130,424,554
WBGene00020665,2,2,4
WBGene00020666,1,4,5
WBGene00020667,11,30,41
WBGene00020669,39,1,40
WBGene00020670,0,1,1
WBGene00020672,308,42,350
WBGene00020673,53,722,775
WBGene00020674,3,21,24
WBGene00020675,23,338,361
WBGene00020678,391,7985,8376
WBGene00020679,295,12793,13088
WBGene00020680,0,2,2
WBGene00020681,0,3,3
WBGene00020682,235,2355,2590
WBGene00020683,22,3119,3141
WBGene00020684,23,676,699
WBGene00020685,1,0,1
WBGene00020686,14,12,26
WBGene00020687,54,1806,1860
WBGene00020688,9,22,31
WBGene00020689,244,728,972
WBGene00020690,77,537,614
WBGene00020691,9,11,20
WBGene00020692,14,110,124
WBGene00020693,95,442,537
WBGene00020694,84,181,265
WBGene00020695,175,5107,5282
WBGene00020696,215,5912,6127
WBGene00020697,142,241,383
WBGene00020698,10,33,43
WBGene00020699,42,69,111
WBGene00020700,1,20,21
WBGene00020701,67,529,596
WBGene00020702,7,14,21
WBGene00020703,131,1747,1878
WBGene00020704,9,19,28
WBGene00020705,772,4290,5062
WBGene00020706,919,2237,3156
WBGene00020707,6,11,17
WBGene00020708,11,192,203
WBGene00020709,21,1745,1766
WBGene00020710,38,4732,4770
WBGene00020712,113,316,429
WBGene00020713,9,27,36
WBGene00020714,90,2192,2282
WBGene00020715,0,2,2
WBGene00020716,34,340,374
WBGene00020717,108,987,1095
WBGene00020718,21,1101,1122
WBGene00020719,48,2083,2131
WBGene00020720,10,131,141
WBGene00020721,69,757,826
WBGene00020722,373,7477,7850
WBGene00020725,47,1140,1187
WBGene00020726,49,485,534
WBGene00020727,32,237,269
WBGene00020728,61,22,83
WBGene00020730,19,33,52
WBGene00020732,578,7203,7781
WBGene00020735,285,1738,2023
WBGene00020736,1670,3784,5454
WBGene00020737,103,680,783
WBGene00020738,92,1750,1842
WBGene00020740,102,2869,2971
WBGene00020741,19,372,391
WBGene00020742,183,1435,1618
WBGene00020743,23,334,357
WBGene00020744,12,1235,1247
WBGene00020746,10,21,31
WBGene00020747,5,62,67
WBGene00020748,51,301,352
WBGene00020749,7,14,21
WBGene00020750,7,40,47
WBGene00020752,0,5,5
WBGene00020753,0,2,2
WBGene00020754,0,0,0
WBGene00020755,1,9,10
WBGene00020756,48,751,799
WBGene00020757,64,1732,1796
WBGene00020758,129,271,400
WBGene00020759,44,322,366
WBGene00020760,298,2315,2613
WBGene00020761,101,1086,1187
WBGene00020762,272,4101,4373
WBGene00020763,293,1531,1824
WBGene00020764,20,86,106
WBGene00020765,85,277,362
WBGene00020766,1,22,23
WBGene00020767,80,1239,1319
WBGene00020769,27,27,54
WBGene00020770,446,614,1060
WBGene00020771,0,5,5
WBGene00020772,2,8,10
WBGene00020773,2,7,9
WBGene00020774,84,499,583
WBGene00020775,11,13,24
WBGene00020777,94,454,548
WBGene00020778,16,82,98
WBGene00020779,286,2687,2973
WBGene00020781,387,7889,8276
WBGene00020782,41,500,541
WBGene00020783,61,461,522
WBGene00020784,1000,12816,13816
WBGene00020785,5,11,16
WBGene00020786,69,424,493
WBGene00020787,1,11,12
WBGene00020788,12,143,155
WBGene00020789,6,47,53
WBGene00020790,23,235,258
WBGene00020791,2,37,39
WBGene00020792,12,141,153
WBGene00020793,25,27,52
WBGene00020794,10,12,22
WBGene00020795,24,12,36
WBGene00020796,33,2487,2520
WBGene00020797,7,25,32
WBGene00020798,108,378,486
WBGene00020799,58,1806,1864
WBGene00020800,27,256,283
WBGene00020801,16,601,617
WBGene00020802,2,19,21
WBGene00020803,4,60,64
WBGene00020804,4,93,97
WBGene00020805,0,15,15
WBGene00020806,57,520,577
WBGene00020807,34,132,166
WBGene00020808,5455,71101,76556
WBGene00020809,5,7,12
WBGene00020810,4,7,11
WBGene00020811,137,1272,1409
WBGene00020812,554,7379,7933
WBGene00020813,13,40,53
WBGene00020817,6,331,337
WBGene00020819,63,1154,1217
WBGene00020820,26,898,924
WBGene00020821,159,3746,3905
WBGene00020822,194,1192,1386
WBGene00020823,60,460,520
WBGene00020824,274,1977,2251
WBGene00020825,88,478,566
WBGene00020826,39,56,95
WBGene00020827,66,3339,3405
WBGene00020828,0,14,14
WBGene00020829,16,3,19
WBGene00020830,111,753,864
WBGene00020831,134,4423,4557
WBGene00020832,16,6,22
WBGene00020833,5,90,95
WBGene00020834,26,49,75
WBGene00020835,104,8,112
WBGene00020836,22,747,769
WBGene00020837,8,584,592
WBGene00020838,298,3112,3410
WBGene00020839,77,1043,1120
WBGene00020840,0,110,110
WBGene00020841,4,6,10
WBGene00020842,38,633,671
WBGene00020843,13,653,666
WBGene00020844,0,800,800
WBGene00020845,0,4,4
WBGene00020846,209,1384,1593
WBGene00020847,148,1717,1865
WBGene00020849,73,489,562
WBGene00020850,31,187,218
WBGene00020851,9,85,94
WBGene00020852,300,2601,2901
WBGene00020853,15,118,133
WBGene00020854,604,19035,19639
WBGene00020855,112,92,204
WBGene00020856,6,5,11
WBGene00020857,47,75,122
WBGene00020858,103,376,479
WBGene00020859,135,854,989
WBGene00020860,0,65,65
WBGene00020861,154,745,899
WBGene00020862,3274,54408,57682
WBGene00020863,63,129,192
WBGene00020864,218,500,718
WBGene00020865,442,4200,4642
WBGene00020866,371,3186,3557
WBGene00020867,503,2953,3456
WBGene00020868,751,12403,13154
WBGene00020869,135,2756,2891
WBGene00020870,4,49,53
WBGene00020871,0,1,1
WBGene00020874,7,24,31
WBGene00020875,1,11,12
WBGene00020877,2,34,36
WBGene00020878,18,326,344
WBGene00020879,2,22,24
WBGene00020880,2,3,5
WBGene00020881,13,195,208
WBGene00020882,6,5,11
WBGene00020883,12,541,553
WBGene00020884,490,2687,3177
WBGene00020886,521,41420,41941
WBGene00020887,760,6464,7224
WBGene00020888,1,5,6
WBGene00020889,2,46,48
WBGene00020890,2,4,6
WBGene00020891,454,3164,3618
WBGene00020892,7,9,16
WBGene00020893,11,33,44
WBGene00020894,1566,57760,59326
WBGene00020895,510,2816,3326
WBGene00020896,6,1506,1512
WBGene00020897,247,664,911
WBGene00020898,3,107,110
WBGene00020899,0,29,29
WBGene00020900,10,25,35
WBGene00020901,118,1085,1203
WBGene00020902,178,435,613
WBGene00020903,73,264,337
WBGene00020904,162,240,402
WBGene00020905,0,1,1
WBGene00020906,2,35,37
WBGene00020907,5,10,15
WBGene00020908,33,219,252
WBGene00020909,210,2591,2801
WBGene00020910,48,640,688
WBGene00020911,18,109,127
WBGene00020912,171,5930,6101
WBGene00020913,3,15,18
WBGene00020914,29,21,50
WBGene00020915,62,8142,8204
WBGene00020917,368,6016,6384
WBGene00020918,5,12,17
WBGene00020919,28,226,254
WBGene00020920,55,128,183
WBGene00020921,48,967,1015
WBGene00020922,0,2,2
WBGene00020923,0,11,11
WBGene00020924,21,149,170
WBGene00020927,134,0,134
WBGene00020929,293,3284,3577
WBGene00020930,4555,13015,17570
WBGene00020931,85,16837,16922
WBGene00020932,411,2405,2816
WBGene00020933,67,1874,1941
WBGene00020935,209,2028,2237
WBGene00020936,78,1164,1242
WBGene00020937,15,829,844
WBGene00020938,13,72,85
WBGene00020939,48,951,999
WBGene00020940,0,2,2
WBGene00020941,11,91,102
WBGene00020942,341,3001,3342
WBGene00020943,23,115,138
WBGene00020944,5,7,12
WBGene00020945,54,0,54
WBGene00020946,464,7735,8199
WBGene00020947,291,640,931
WBGene00020948,21,337,358
WBGene00020949,29,691,720
WBGene00020950,180,11760,11940
WBGene00020951,326,5730,6056
WBGene00020952,342,466,808
WBGene00020953,0,28,28
WBGene00020954,177,2285,2462
WBGene00020955,561,701,1262
WBGene00020957,264,804,1068
WBGene00020961,24,14,38
WBGene00020962,56,544,600
WBGene00020964,251,1773,2024
WBGene00020966,17,88,105
WBGene00020967,10,50,60
WBGene00020970,127,870,997
WBGene00020972,11,59,70
WBGene00020973,20,57,77
WBGene00020974,0,0,0
WBGene00020976,18,73,91
WBGene00020977,28,11,39
WBGene00020978,3,0,3
WBGene00020979,0,2,2
WBGene00020982,2,0,2
WBGene00020983,7,6,13
WBGene00020984,1,4,5
WBGene00020985,88,373,461
WBGene00020986,17,74,91
WBGene00020987,5,28,33
WBGene00020988,0,5,5
WBGene00020989,15,50,65
WBGene00020990,0,8,8
WBGene00020993,98,1379,1477
WBGene00020994,35,3330,3365
WBGene00020995,346,5804,6150
WBGene00020997,100,262,362
WBGene00020999,108,593,701
WBGene00021000,30,1208,1238
WBGene00021002,52,307,359
WBGene00021003,0,15,15
WBGene00021004,238,3497,3735
WBGene00021005,5,19,24
WBGene00021006,0,1,1
WBGene00021007,0,16,16
WBGene00021008,17,39,56
WBGene00021009,2231,4139,6370
WBGene00021010,3,5,8
WBGene00021011,0,4697,4697
WBGene00021012,120,874,994
WBGene00021013,5,2,7
WBGene00021014,28,854,882
WBGene00021015,1,231,232
WBGene00021016,4,7,11
WBGene00021017,34,237,271
WBGene00021019,212,1380,1592
WBGene00021020,1737,3531,5268
WBGene00021021,340,1365,1705
WBGene00021022,566,1340,1906
WBGene00021023,0,6,6
WBGene00021024,247,3643,3890
WBGene00021025,17,30,47
WBGene00021026,146,2639,2785
WBGene00021027,53,235,288
WBGene00021028,22,27,49
WBGene00021029,0,29,29
WBGene00021030,3,23,26
WBGene00021031,11,142,153
WBGene00021032,9,4,13
WBGene00021033,0,9,9
WBGene00021034,4,47,51
WBGene00021035,30,493,523
WBGene00021036,1764,9388,11152
WBGene00021038,260,1837,2097
WBGene00021039,47,519,566
WBGene00021040,56,304,360
WBGene00021041,11,5,16
WBGene00021042,9,118,127
WBGene00021043,60,30559,30619
WBGene00021044,172,1191,1363
WBGene00021045,17,150,167
WBGene00021046,101,778,879
WBGene00021047,432,3874,4306
WBGene00021048,566,4800,5366
WBGene00021049,122,1237,1359
WBGene00021051,74,1109,1183
WBGene00021052,18,12,30
WBGene00021053,1,48,49
WBGene00021054,0,8,8
WBGene00021055,117,437,554
WBGene00021056,33,314,347
WBGene00021057,52,1933,1985
WBGene00021058,276,787,1063
WBGene00021059,264,1420,1684
WBGene00021060,204,1815,2019
WBGene00021061,86,797,883
WBGene00021063,57,898,955
WBGene00021066,3,359,362
WBGene00021067,8,19,27
WBGene00021068,858,46661,47519
WBGene00021070,24,100,124
WBGene00021072,23,51,74
WBGene00021073,120,2559,2679
WBGene00021074,116,4133,4249
WBGene00021075,5904,863,6767
WBGene00021076,113,894,1007
WBGene00021078,1118,5160,6278
WBGene00021079,1919,17728,19647
WBGene00021080,446,1499,1945
WBGene00021081,55,45,100
WBGene00021082,12,893,905
WBGene00021083,3,3,6
WBGene00021084,0,1,1
WBGene00021085,0,1,1
WBGene00021086,0,0,0
WBGene00021087,2,18,20
WBGene00021088,24,2269,2293
WBGene00021089,95,4937,5032
WBGene00021090,7,1,8
WBGene00021091,0,2,2
WBGene00021092,0,3,3
WBGene00021093,34,1870,1904
WBGene00021094,49,194,243
WBGene00021095,27,18,45
WBGene00021096,35,4,39
WBGene00021097,99,2167,2266
WBGene00021098,0,14,14
WBGene00021099,4,19,23
WBGene00021101,6,30,36
WBGene00021103,312,2176,2488
WBGene00021104,96,1080,1176
WBGene00021105,77,12,89
WBGene00021106,0,0,0
WBGene00021107,0,0,0
WBGene00021108,0,9,9
WBGene00021109,0,2,2
WBGene00021110,4,16,20
WBGene00021111,23,139,162
WBGene00021112,8,1391,1399
WBGene00021113,0,0,0
WBGene00021114,0,105,105
WBGene00021115,7,6,13
WBGene00021116,123,795,918
WBGene00021117,2,26,28
WBGene00021118,10,16,26
WBGene00021120,2,19,21
WBGene00021121,184,4637,4821
WBGene00021122,2,0,2
WBGene00021123,34,993,1027
WBGene00021124,73,187,260
WBGene00021125,41,121,162
WBGene00021126,6,74,80
WBGene00021127,48,1689,1737
WBGene00021128,90,1133,1223
WBGene00021129,14,21,35
WBGene00021131,76,757,833
WBGene00021132,205,1072,1277
WBGene00021133,93,1049,1142
WBGene00021134,39,488,527
WBGene00021135,4,59,63
WBGene00021136,1,11,12
WBGene00021137,1,1,2
WBGene00021138,0,1,1
WBGene00021139,1,0,1
WBGene00021141,3,0,3
WBGene00021142,0,0,0
WBGene00021143,1,3,4
WBGene00021144,3,0,3
WBGene00021145,1,0,1
WBGene00021146,66,220,286
WBGene00021148,43,377,420
WBGene00021149,160,1659,1819
WBGene00021150,0,2,2
WBGene00021152,360,295,655
WBGene00021153,0,9,9
WBGene00021154,6,8,14
WBGene00021155,17,766,783
WBGene00021156,53,479,532
WBGene00021157,22,64,86
WBGene00021158,12,16,28
WBGene00021159,68,292,360
WBGene00021160,61,521,582
WBGene00021161,739,6464,7203
WBGene00021162,0,1,1
WBGene00021163,25,435,460
WBGene00021164,10,31,41
WBGene00021165,0,3,3
WBGene00021166,14,12,26
WBGene00021167,249,4557,4806
WBGene00021168,20,111,131
WBGene00021169,0,1,1
WBGene00021170,55,1679,1734
WBGene00021171,401,3651,4052
WBGene00021172,0,4,4
WBGene00021173,0,0,0
WBGene00021174,0,0,0
WBGene00021175,17,15,32
WBGene00021176,289,2609,2898
WBGene00021177,2,1,3
WBGene00021178,49,599,648
WBGene00021179,2,1,3
WBGene00021180,3,25,28
WBGene00021182,5,17,22
WBGene00021183,6,45,51
WBGene00021184,4,1,5
WBGene00021185,151,921,1072
WBGene00021186,180,432,612
WBGene00021187,450,356,806
WBGene00021188,1,4,5
WBGene00021189,0,4,4
WBGene00021190,19,224,243
WBGene00021191,146,1389,1535
WBGene00021192,57,720,777
WBGene00021193,16,11,27
WBGene00021194,0,0,0
WBGene00021195,9,69,78
WBGene00021196,11,18,29
WBGene00021197,2,4,6
WBGene00021198,8,8,16
WBGene00021199,177,21,198
WBGene00021200,93,569,662
WBGene00021201,51,1852,1903
WBGene00021202,115,2123,2238
WBGene00021204,8,127,135
WBGene00021205,44,1997,2041
WBGene00021207,20,16,36
WBGene00021208,151,2375,2526
WBGene00021209,402,1053,1455
WBGene00021210,114,1839,1953
WBGene00021212,5,5,10
WBGene00021213,96,46,142
WBGene00021214,17,59,76
WBGene00021215,105,475,580
WBGene00021216,0,0,0
WBGene00021217,0,0,0
WBGene00021219,0,0,0
WBGene00021220,0,0,0
WBGene00021221,0,0,0
WBGene00021222,0,0,0
WBGene00021223,0,0,0
WBGene00021224,0,0,0
WBGene00021226,0,0,0
WBGene00021227,0,0,0
WBGene00021228,0,0,0
WBGene00021232,18,74,92
WBGene00021235,10,7,17
WBGene00021236,0,200,200
WBGene00021237,657,2138,2795
WBGene00021238,603,378,981
WBGene00021239,663,1074,1737
WBGene00021241,4,0,4
WBGene00021243,0,1,1
WBGene00021244,105,71,176
WBGene00021245,78,815,893
WBGene00021246,92,648,740
WBGene00021247,51,101,152
WBGene00021248,136,2237,2373
WBGene00021249,9,16,25
WBGene00021250,5,0,5
WBGene00021251,0,7,7
WBGene00021252,13,6,19
WBGene00021253,855,18789,19644
WBGene00021254,246,354,600
WBGene00021256,60,28,88
WBGene00021257,17,69,86
WBGene00021259,48,43,91
WBGene00021260,432,2936,3368
WBGene00021261,6,8,14
WBGene00021262,5,74,79
WBGene00021263,3,5,8
WBGene00021264,58,1310,1368
WBGene00021266,24,1,25
WBGene00021267,17,138,155
WBGene00021268,33,4823,4856
WBGene00021269,63,604,667
WBGene00021270,9,1529,1538
WBGene00021271,39,149,188
WBGene00021272,95,1761,1856
WBGene00021274,47,572,619
WBGene00021275,224,320,544
WBGene00021276,334,603,937
WBGene00021277,132,2672,2804
WBGene00021279,5,11,16
WBGene00021280,0,2,2
WBGene00021281,3149,8627,11776
WBGene00021282,18,242,260
WBGene00021283,32,85,117
WBGene00021284,7,19,26
WBGene00021285,0,104,104
WBGene00021286,245,4360,4605
WBGene00021287,8,58,66
WBGene00021288,9,4,13
WBGene00021289,1,13,14
WBGene00021290,0,0,0
WBGene00021291,5,5,10
WBGene00021292,222,1861,2083
WBGene00021293,0,5,5
WBGene00021294,272,956,1228
WBGene00021295,274,857,1131
WBGene00021296,21,1006,1027
WBGene00021297,10,22,32
WBGene00021298,4,7,11
WBGene00021299,0,0,0
WBGene00021300,0,5,5
WBGene00021301,13,36,49
WBGene00021302,6,34,40
WBGene00021303,0,10,10
WBGene00021304,88,214,302
WBGene00021305,770,1465,2235
WBGene00021309,55,359,414
WBGene00021310,10,47,57
WBGene00021311,91,1402,1493
WBGene00021312,188,6031,6219
WBGene00021313,180,1209,1389
WBGene00021314,59,894,953
WBGene00021315,76,1354,1430
WBGene00021316,480,7283,7763
WBGene00021317,0,0,0
WBGene00021319,153,750,903
WBGene00021320,250,1659,1909
WBGene00021321,57,308,365
WBGene00021322,441,5494,5935
WBGene00021323,42,523,565
WBGene00021324,60,668,728
WBGene00021325,249,2761,3010
WBGene00021326,19,147,166
WBGene00021327,1303,3386,4689
WBGene00021328,60,520,580
WBGene00021329,170,1459,1629
WBGene00021331,60,1792,1852
WBGene00021332,364,226,590
WBGene00021333,168,506,674
WBGene00021334,992,1273,2265
WBGene00021335,0,7,7
WBGene00021336,22,418,440
WBGene00021337,6,52,58
WBGene00021338,4,192,196
WBGene00021339,3,33,36
WBGene00021340,458,4128,4586
WBGene00021343,66,123,189
WBGene00021344,2528,202,2730
WBGene00021345,0,0,0
WBGene00021346,279,2099,2378
WBGene00021347,83,1694,1777
WBGene00021348,116,2339,2455
WBGene00021349,66,428,494
WBGene00021350,23326,282725,306051
WBGene00021351,385,1063,1448
WBGene00021352,296,4779,5075
WBGene00021353,174,436,610
WBGene00021354,24,202,226
WBGene00021355,1602,11329,12931
WBGene00021357,130,424,554
WBGene00021358,6,46,52
WBGene00021359,135,2279,2414
WBGene00021362,127,342,469
WBGene00021363,284,526,810
WBGene00021364,0,16,16
WBGene00021365,322,2410,2732
WBGene00021366,165,1369,1534
WBGene00021367,165,845,1010
WBGene00021368,9,1,10
WBGene00021369,591,6678,7269
WBGene00021370,374,2419,2793
WBGene00021371,292,3261,3553
WBGene00021372,17,714,731
WBGene00021373,18,5,23
WBGene00021374,158,964,1122
WBGene00021375,23,459,482
WBGene00021376,117,843,960
WBGene00021377,73,1884,1957
WBGene00021378,130,1649,1779
WBGene00021379,10,105,115
WBGene00021381,4,28,32
WBGene00021382,427,821,1248
WBGene00021383,40,108,148
WBGene00021384,5,13,18
WBGene00021385,0,5,5
WBGene00021386,17,24,41
WBGene00021387,77,478,555
WBGene00021388,79,483,562
WBGene00021389,12,19,31
WBGene00021390,0,11,11
WBGene00021391,10,938,948
WBGene00021392,63,1683,1746
WBGene00021394,307,1509,1816
WBGene00021395,472,4094,4566
WBGene00021396,61,199,260
WBGene00021397,7,145,152
WBGene00021398,0,4,4
WBGene00021400,116,927,1043
WBGene00021401,38,919,957
WBGene00021402,90,1043,1133
WBGene00021403,0,0,0
WBGene00021404,0,0,0
WBGene00021405,0,0,0
WBGene00021406,8,0,8
WBGene00021407,0,11,11
WBGene00021408,0,0,0
WBGene00021409,0,0,0
WBGene00021410,26,22,48
WBGene00021412,17,39,56
WBGene00021413,40,5,45
WBGene00021414,11,5,16
WBGene00021415,143,1607,1750
WBGene00021416,70,496,566
WBGene00021417,51,255,306
WBGene00021419,41,447,488
WBGene00021420,5,3345,3350
WBGene00021421,87,1428,1515
WBGene00021423,1188,1667,2855
WBGene00021425,276,811,1087
WBGene00021427,36,2600,2636
WBGene00021428,34,53,87
WBGene00021430,322,217,539
WBGene00021433,1,5,6
WBGene00021434,22,34,56
WBGene00021435,51,21,72
WBGene00021436,33,41,74
WBGene00021437,58,38,96
WBGene00021438,341,65,406
WBGene00021439,353,852,1205
WBGene00021440,152,962,1114
WBGene00021441,65,530,595
WBGene00021442,88,503,591
WBGene00021443,612,1717,2329
WBGene00021444,484,733,1217
WBGene00021445,99,1157,1256
WBGene00021446,260,208,468
WBGene00021447,25,56,81
WBGene00021448,0,6,6
WBGene00021449,4,5,9
WBGene00021450,15,11,26
WBGene00021451,16,5,21
WBGene00021452,28,315,343
WBGene00021454,1,0,1
WBGene00021456,335,1430,1765
WBGene00021457,9,19,28
WBGene00021458,3,40,43
WBGene00021460,59,688,747
WBGene00021461,170,268,438
WBGene00021463,24,37,61
WBGene00021464,9,80,89
WBGene00021465,10,644,654
WBGene00021466,189,5590,5779
WBGene00021467,36,1135,1171
WBGene00021468,29,2987,3016
WBGene00021469,1048,9991,11039
WBGene00021470,68,640,708
WBGene00021471,5,40,45
WBGene00021472,7,9,16
WBGene00021473,365,215,580
WBGene00021474,1663,4715,6378
WBGene00021475,165,1822,1987
WBGene00021476,40,414,454
WBGene00021477,4,8,12
WBGene00021478,94,1387,1481
WBGene00021479,27,15,42
WBGene00021482,714,1747,2461
WBGene00021484,1,3,4
WBGene00021485,11,145,156
WBGene00021486,307,11526,11833
WBGene00021487,383,1388,1771
WBGene00021488,2,3,5
WBGene00021490,51,48,99
WBGene00021491,1,78,79
WBGene00021492,11,60,71
WBGene00021493,145,1657,1802
WBGene00021494,38,400,438
WBGene00021495,6,734,740
WBGene00021496,15,27,42
WBGene00021497,317,1237,1554
WBGene00021498,2,11,13
WBGene00021499,0,229,229
WBGene00021500,1,22,23
WBGene00021501,4,22,26
WBGene00021502,58,462,520
WBGene00021503,10,380,390
WBGene00021504,30,70,100
WBGene00021505,85,263,348
WBGene00021506,155,1911,2066
WBGene00021507,1138,2425,3563
WBGene00021508,105,1455,1560
WBGene00021509,1019,1168,2187
WBGene00021510,256,420,676
WBGene00021511,56,169,225
WBGene00021512,152,167,319
WBGene00021513,246,20,266
WBGene00021514,145,2553,2698
WBGene00021515,150,1112,1262
WBGene00021516,49,195,244
WBGene00021517,15,343,358
WBGene00021518,4,69,73
WBGene00021519,1,32,33
WBGene00021521,21,214,235
WBGene00021522,1478,2835,4313
WBGene00021524,54,161,215
WBGene00021525,29,93,122
WBGene00021526,55,202,257
WBGene00021527,335,934,1269
WBGene00021528,272,696,968
WBGene00021529,47,474,521
WBGene00021530,40,14,54
WBGene00021531,1459,2612,4071
WBGene00021532,47,2275,2322
WBGene00021533,6,187,193
WBGene00021534,1055,5235,6290
WBGene00021535,416,811,1227
WBGene00021536,39,954,993
WBGene00021537,14,23,37
WBGene00021538,77,564,641
WBGene00021539,218,2459,2677
WBGene00021540,50,496,546
WBGene00021541,10,514,524
WBGene00021542,51,10,61
WBGene00021543,35,1817,1852
WBGene00021544,213,1579,1792
WBGene00021545,789,2852,3641
WBGene00021546,106,601,707
WBGene00021547,65,1161,1226
WBGene00021548,24,1229,1253
WBGene00021549,796,818,1614
WBGene00021551,511,4027,4538
WBGene00021552,407,2562,2969
WBGene00021553,11,42,53
WBGene00021554,190,4576,4766
WBGene00021555,26,565,591
WBGene00021556,74,760,834
WBGene00021557,0,59,59
WBGene00021558,58,595,653
WBGene00021559,220,4286,4506
WBGene00021560,83,560,643
WBGene00021561,324,1501,1825
WBGene00021562,552,5892,6444
WBGene00021563,116,1520,1636
WBGene00021564,360,684,1044
WBGene00021565,14,65,79
WBGene00021566,0,0,0
WBGene00021567,0,2,2
WBGene00021568,0,0,0
WBGene00021569,0,0,0
WBGene00021570,0,0,0
WBGene00021571,0,0,0
WBGene00021572,0,0,0
WBGene00021573,0,0,0
WBGene00021576,21,419,440
WBGene00021577,0,0,0
WBGene00021578,2,10,12
WBGene00021579,0,20,20
WBGene00021580,0,3,3
WBGene00021581,1,0,1
WBGene00021582,2,7,9
WBGene00021583,84,584,668
WBGene00021585,7,3,10
WBGene00021586,85,1262,1347
WBGene00021587,118,575,693
WBGene00021589,10,1115,1125
WBGene00021590,45,240,285
WBGene00021591,37,78,115
WBGene00021592,1,0,1
WBGene00021593,10,2,12
WBGene00021594,28,31,59
WBGene00021595,317,1164,1481
WBGene00021596,137,652,789
WBGene00021597,6438,8617,15055
WBGene00021598,131,269,400
WBGene00021599,39,140,179
WBGene00021600,80,1171,1251
WBGene00021601,15,86,101
WBGene00021602,21,687,708
WBGene00021603,8,16,24
WBGene00021605,46,248,294
WBGene00021607,34,2732,2766
WBGene00021608,1,2,3
WBGene00021609,22,28,50
WBGene00021610,32,483,515
WBGene00021611,172,983,1155
WBGene00021612,0,9,9
WBGene00021613,181,1290,1471
WBGene00021614,290,3573,3863
WBGene00021615,0,0,0
WBGene00021616,0,2,2
WBGene00021617,4,2,6
WBGene00021619,1,2,3
WBGene00021620,4,2,6
WBGene00021621,0,9,9
WBGene00021623,3,17,20
WBGene00021624,219,4139,4358
WBGene00021625,0,106,106
WBGene00021626,175,631,806
WBGene00021627,0,3,3
WBGene00021628,119,924,1043
WBGene00021629,670,4675,5345
WBGene00021630,4,124,128
WBGene00021631,1,0,1
WBGene00021632,2,1,3
WBGene00021633,9,20,29
WBGene00021634,383,1157,1540
WBGene00021635,157,1572,1729
WBGene00021636,176,1105,1281
WBGene00021637,207,1380,1587
WBGene00021638,163,1639,1802
WBGene00021639,35,380,415
WBGene00021640,356,1610,1966
WBGene00021641,48,4222,4270
WBGene00021643,185,1023,1208
WBGene00021644,146,1833,1979
WBGene00021645,232,1376,1608
WBGene00021646,389,1161,1550
WBGene00021647,506,2558,3064
WBGene00021648,5,517,522
WBGene00021649,27,569,596
WBGene00021650,0,6,6
WBGene00021653,0,28,28
WBGene00021654,5,296,301
WBGene00021655,31,1033,1064
WBGene00021656,0,1,1
WBGene00021657,118,445,563
WBGene00021658,51,1429,1480
WBGene00021660,409,1495,1904
WBGene00021661,89,322,411
WBGene00021662,1,175,176
WBGene00021666,78,554,632
WBGene00021667,6,222,228
WBGene00021671,557,811,1368
WBGene00021672,28,20,48
WBGene00021675,25,144,169
WBGene00021676,45,929,974
WBGene00021677,41,923,964
WBGene00021678,32,5,37
WBGene00021679,40,386,426
WBGene00021681,751,1328,2079
WBGene00021682,356,1328,1684
WBGene00021683,250,552,802
WBGene00021685,1557,1348,2905
WBGene00021686,907,1755,2662
WBGene00021687,112,529,641
WBGene00021689,393,813,1206
WBGene00021690,5,29,34
WBGene00021691,318,22254,22572
WBGene00021692,37,589,626
WBGene00021693,109,478,587
WBGene00021694,12,21,33
WBGene00021697,630,1982,2612
WBGene00021698,1154,2320,3474
WBGene00021700,1,14,15
WBGene00021701,10,49,59
WBGene00021702,701,2700,3401
WBGene00021703,12,8,20
WBGene00021704,106,455,561
WBGene00021705,7,14,21
WBGene00021706,17,28,45
WBGene00021707,3,17,20
WBGene00021708,2,6,8
WBGene00021709,17,209,226
WBGene00021710,4,54,58
WBGene00021711,4,6,10
WBGene00021713,3,4,7
WBGene00021714,122,434,556
WBGene00021715,253,2971,3224
WBGene00021716,7,2,9
WBGene00021717,0,1,1
WBGene00021718,0,1,1
WBGene00021719,2,0,2
WBGene00021720,21,97,118
WBGene00021721,89,833,922
WBGene00021722,2,7,9
WBGene00021724,3,16,19
WBGene00021725,49,349,398
WBGene00021726,2,21,23
WBGene00021727,1,7,8
WBGene00021728,48,4,52
WBGene00021729,0,0,0
WBGene00021730,2,14,16
WBGene00021731,5,11,16
WBGene00021732,187,304,491
WBGene00021733,696,1293,1989
WBGene00021734,66,133,199
WBGene00021735,433,2319,2752
WBGene00021736,2226,4151,6377
WBGene00021738,289,704,993
WBGene00021739,0,242,242
WBGene00021740,394,1792,2186
WBGene00021741,52,32,84
WBGene00021743,35,4,39
WBGene00021744,0,0,0
WBGene00021745,27,81,108
WBGene00021746,1,6,7
WBGene00021748,136,711,847
WBGene00021749,194,737,931
WBGene00021750,73,343,416
WBGene00021751,792,256,1048
WBGene00021752,401,328,729
WBGene00021753,348,828,1176
WBGene00021754,464,1954,2418
WBGene00021755,73,457,530
WBGene00021756,452,921,1373
WBGene00021757,237,653,890
WBGene00021758,112,664,776
WBGene00021759,28,75,103
WBGene00021763,184,674,858
WBGene00021764,76,476,552
WBGene00021765,317,1013,1330
WBGene00021766,77,394,471
WBGene00021768,155,4802,4957
WBGene00021771,673,2639,3312
WBGene00021772,34,49,83
WBGene00021773,0,3,3
WBGene00021774,0,1,1
WBGene00021776,205,703,908
WBGene00021778,21,11,32
WBGene00021779,1,3,4
WBGene00021780,0,2,2
WBGene00021781,46,659,705
WBGene00021783,487,1779,2266
WBGene00021784,106,1333,1439
WBGene00021785,80,1853,1933
WBGene00021786,18,63,81
WBGene00021787,5,10,15
WBGene00021788,155,108,263
WBGene00021789,382,1124,1506
WBGene00021790,13,3,16
WBGene00021791,7,11,18
WBGene00021793,1,2,3
WBGene00021794,14,36,50
WBGene00021795,40,736,776
WBGene00021796,41,878,919
WBGene00021797,4,11,15
WBGene00021798,18,2,20
WBGene00021799,50,263,313
WBGene00021800,543,8617,9160
WBGene00021801,3,1,4
WBGene00021803,0,6,6
WBGene00021804,3,46,49
WBGene00021805,25,240,265
WBGene00021806,1,1,2
WBGene00021807,17,38,55
WBGene00021808,585,2074,2659
WBGene00021809,0,39,39
WBGene00021810,969,2031,3000
WBGene00021811,622,4844,5466
WBGene00021812,28,620,648
WBGene00021813,120,683,803
WBGene00021814,38,107,145
WBGene00021815,134,1235,1369
WBGene00021816,211,880,1091
WBGene00021817,54,661,715
WBGene00021818,375,2471,2846
WBGene00021820,1328,1840,3168
WBGene00021821,1,7,8
WBGene00021822,0,1,1
WBGene00021826,174,1322,1496
WBGene00021827,99,552,651
WBGene00021828,169,598,767
WBGene00021829,24,2316,2340
WBGene00021830,179,2112,2291
WBGene00021831,576,1907,2483
WBGene00021832,168,569,737
WBGene00021833,35,2,37
WBGene00021834,47,2317,2364
WBGene00021835,104,538,642
WBGene00021837,0,3,3
WBGene00021838,222,1802,2024
WBGene00021839,236,3738,3974
WBGene00021840,225,533,758
WBGene00021841,114,312,426
WBGene00021842,791,1821,2612
WBGene00021843,2697,29467,32164
WBGene00021844,68,1197,1265
WBGene00021845,43,2399,2442
WBGene00021846,212,1068,1280
WBGene00021847,218,714,932
WBGene00021848,81,221,302
WBGene00021849,521,10011,10532
WBGene00021850,23,44,67
WBGene00021852,258,3600,3858
WBGene00021853,0,79,79
WBGene00021854,377,1046,1423
WBGene00021855,233,2339,2572
WBGene00021856,469,1390,1859
WBGene00021857,667,3383,4050
WBGene00021858,2577,1731,4308
WBGene00021859,32,28,60
WBGene00021860,15,12,27
WBGene00021861,19,28,47
WBGene00021862,124,241,365
WBGene00021863,175,742,917
WBGene00021864,72,467,539
WBGene00021865,20,50,70
WBGene00021866,73,600,673
WBGene00021867,78,1079,1157
WBGene00021868,245,1738,1983
WBGene00021869,3,95,98
WBGene00021870,45,187,232
WBGene00021871,23,154,177
WBGene00021872,5,1793,1798
WBGene00021873,98,1048,1146
WBGene00021875,112,990,1102
WBGene00021876,1490,9924,11414
WBGene00021877,259,282,541
WBGene00021878,13,17,30
WBGene00021879,11,386,397
WBGene00021880,2,2,4
WBGene00021881,93,201,294
WBGene00021882,568,734,1302
WBGene00021883,126,6990,7116
WBGene00021884,1,290,291
WBGene00021887,142,894,1036
WBGene00021888,66,1832,1898
WBGene00021890,887,6360,7247
WBGene00021891,0,15,15
WBGene00021892,12,12,24
WBGene00021893,1510,3030,4540
WBGene00021894,395,4642,5037
WBGene00021895,13,213,226
WBGene00021897,169,472,641
WBGene00021898,101,1149,1250
WBGene00021899,442,8030,8472
WBGene00021900,389,18762,19151
WBGene00021901,9,2329,2338
WBGene00021902,186,915,1101
WBGene00021903,80,2609,2689
WBGene00021904,27,573,600
WBGene00021905,306,907,1213
WBGene00021906,446,1736,2182
WBGene00021907,5,12,17
WBGene00021908,5,15,20
WBGene00021909,101,4047,4148
WBGene00021910,726,1365,2091
WBGene00021911,12,44,56
WBGene00021912,86,539,625
WBGene00021913,10,737,747
WBGene00021914,159,225,384
WBGene00021915,202,1015,1217
WBGene00021916,5,58,63
WBGene00021917,13,28,41
WBGene00021918,9,138,147
WBGene00021919,6,30,36
WBGene00021920,241,2104,2345
WBGene00021921,1512,2268,3780
WBGene00021922,105,3217,3322
WBGene00021923,109,382,491
WBGene00021925,160,656,816
WBGene00021926,232,3296,3528
WBGene00021927,43,891,934
WBGene00021928,13,434,447
WBGene00021929,43,1350,1393
WBGene00021930,222,5011,5233
WBGene00021931,33,15,48
WBGene00021932,61,310,371
WBGene00021933,82,123,205
WBGene00021934,115,912,1027
WBGene00021935,125,372,497
WBGene00021936,756,1967,2723
WBGene00021938,128,1788,1916
WBGene00021939,129,233,362
WBGene00021941,57,184,241
WBGene00021942,37,355,392
WBGene00021943,156,1008,1164
WBGene00021945,280,1219,1499
WBGene00021947,8,10,18
WBGene00021948,539,2070,2609
WBGene00021949,3,3,6
WBGene00021950,95,518,613
WBGene00021951,9,40,49
WBGene00021952,240,3734,3974
WBGene00021953,12,35,47
WBGene00021956,118,5413,5531
WBGene00021957,0,1,1
WBGene00021958,2,0,2
WBGene00021959,175,3587,3762
WBGene00021960,128,3528,3656
WBGene00021961,2,3,5
WBGene00021963,10,62,72
WBGene00021964,12,0,12
WBGene00021965,95,632,727
WBGene00021966,0,3,3
WBGene00021967,2,19,21
WBGene00021968,38,17,55
WBGene00021969,1,5,6
WBGene00021970,70,11,81
WBGene00021972,42,325,367
WBGene00021973,198,1633,1831
WBGene00021974,111,1458,1569
WBGene00021975,26,281,307
WBGene00021976,0,16,16
WBGene00021977,34,1863,1897
WBGene00021978,0,30,30
WBGene00021979,7,913,920
WBGene00021980,271,666,937
WBGene00021981,18,1851,1869
WBGene00021983,115,1503,1618
WBGene00021984,285,2864,3149
WBGene00021985,102,144,246
WBGene00021986,223,2091,2314
WBGene00021987,9,0,9
WBGene00021988,0,0,0
WBGene00021992,1,1,2
WBGene00021993,0,0,0
WBGene00021994,4,11,15
WBGene00021996,4,4,8
WBGene00021997,0,0,0
WBGene00021998,3,11,14
WBGene00021999,3,7,10
WBGene00022000,0,0,0
WBGene00022002,0,0,0
WBGene00022003,0,0,0
WBGene00022004,34,591,625
WBGene00022005,0,7,7
WBGene00022006,0,0,0
WBGene00022007,0,0,0
WBGene00022008,31,60,91
WBGene00022010,272,1764,2036
WBGene00022011,1,41,42
WBGene00022012,8,57,65
WBGene00022013,68,59,127
WBGene00022014,655,1048,1703
WBGene00022015,724,3406,4130
WBGene00022016,3,11,14
WBGene00022018,5,448,453
WBGene00022019,588,3313,3901
WBGene00022020,0,13,13
WBGene00022021,403,4443,4846
WBGene00022022,52,435,487
WBGene00022024,0,5,5
WBGene00022025,194,2197,2391
WBGene00022026,352,2059,2411
WBGene00022027,659,10825,11484
WBGene00022028,2,53,55
WBGene00022029,119,807,926
WBGene00022030,16,58,74
WBGene00022031,183,964,1147
WBGene00022032,16,22,38
WBGene00022033,53,472,525
WBGene00022034,118,1991,2109
WBGene00022035,91,175,266
WBGene00022036,104,613,717
WBGene00022037,313,2243,2556
WBGene00022038,10,26,36
WBGene00022039,16,148,164
WBGene00022040,35,2950,2985
WBGene00022042,4547,134044,138591
WBGene00022043,26,1269,1295
WBGene00022044,10,673,683
WBGene00022045,1231,11582,12813
WBGene00022046,3,6254,6257
WBGene00022047,158,3596,3754
WBGene00022048,1142,17223,18365
WBGene00022051,259,1057,1316
WBGene00022052,176,957,1133
WBGene00022053,439,7132,7571
WBGene00022054,197,753,950
WBGene00022055,79,1699,1778
WBGene00022056,154,397,551
WBGene00022057,66,1133,1199
WBGene00022059,1892,2627,4519
WBGene00022060,16,531,547
WBGene00022061,100,117,217
WBGene00022062,77,115,192
WBGene00022063,130,1440,1570
WBGene00022064,1,0,1
WBGene00022066,0,1,1
WBGene00022067,619,1495,2114
WBGene00022069,321,7784,8105
WBGene00022070,0,22,22
WBGene00022071,6,11,17
WBGene00022072,75,1148,1223
WBGene00022073,146,644,790
WBGene00022074,367,1838,2205
WBGene00022075,109,2031,2140
WBGene00022076,16,41,57
WBGene00022077,361,3665,4026
WBGene00022078,1808,5910,7718
WBGene00022083,3,27,30
WBGene00022086,59,78,137
WBGene00022087,899,1309,2208
WBGene00022089,1034,39371,40405
WBGene00022090,14,134,148
WBGene00022092,217,2810,3027
WBGene00022093,286,3508,3794
WBGene00022094,5,17,22
WBGene00022095,0,0,0
WBGene00022096,0,6,6
WBGene00022097,6,3,9
WBGene00022099,134,2663,2797
WBGene00022100,313,893,1206
WBGene00022101,92,762,854
WBGene00022102,6,46,52
WBGene00022103,159,122,281
WBGene00022104,545,377,922
WBGene00022106,481,409,890
WBGene00022107,54,969,1023
WBGene00022108,21,179,200
WBGene00022110,25,814,839
WBGene00022111,0,362,362
WBGene00022112,42,93,135
WBGene00022113,45,320,365
WBGene00022114,76,7781,7857
WBGene00022115,361,4372,4733
WBGene00022116,271,548,819
WBGene00022117,119,113,232
WBGene00022118,147,765,912
WBGene00022119,15,1350,1365
WBGene00022121,382,570,952
WBGene00022122,9,3318,3327
WBGene00022123,33,193,226
WBGene00022124,390,1124,1514
WBGene00022125,53,795,848
WBGene00022126,162,684,846
WBGene00022127,12,8016,8028
WBGene00022128,163,740,903
WBGene00022129,94,369,463
WBGene00022130,80,668,748
WBGene00022131,152,1360,1512
WBGene00022133,2,1,3
WBGene00022134,683,1888,2571
WBGene00022138,836,725,1561
WBGene00022139,552,1817,2369
WBGene00022140,61,12,73
WBGene00022141,21,1221,1242
WBGene00022142,106,165,271
WBGene00022143,0,8,8
WBGene00022144,201,23155,23356
WBGene00022145,24,8,32
WBGene00022146,18,315,333
WBGene00022148,1353,1798,3151
WBGene00022149,458,10424,10882
WBGene00022150,30,2248,2278
WBGene00022152,414,962,1376
WBGene00022153,303,834,1137
WBGene00022154,42,204,246
WBGene00022155,27,328,355
WBGene00022156,1,9,10
WBGene00022157,10,7,17
WBGene00022158,42,398,440
WBGene00022159,271,547,818
WBGene00022160,47,265,312
WBGene00022161,28,242,270
WBGene00022162,0,1,1
WBGene00022165,118,411,529
WBGene00022166,382,2773,3155
WBGene00022167,480,980,1460
WBGene00022168,907,1582,2489
WBGene00022169,237,2880,3117
WBGene00022170,1821,31142,32963
WBGene00022171,72,761,833
WBGene00022172,132,402,534
WBGene00022173,112,428,540
WBGene00022174,234,429,663
WBGene00022175,174,565,739
WBGene00022176,428,1256,1684
WBGene00022177,42,305,347
WBGene00022178,123,1438,1561
WBGene00022179,49,176,225
WBGene00022180,130,362,492
WBGene00022181,252,1138,1390
WBGene00022182,256,1619,1875
WBGene00022185,199,2322,2521
WBGene00022188,184,1332,1516
WBGene00022189,8,8,16
WBGene00022190,20,668,688
WBGene00022191,84,719,803
WBGene00022192,150,2153,2303
WBGene00022193,82,925,1007
WBGene00022194,317,10743,11060
WBGene00022195,205,800,1005
WBGene00022196,134,5328,5462
WBGene00022197,44,112,156
WBGene00022198,106,991,1097
WBGene00022199,40,2635,2675
WBGene00022200,448,2633,3081
WBGene00022201,103,1156,1259
WBGene00022202,186,963,1149
WBGene00022203,29,393,422
WBGene00022206,116,248,364
WBGene00022207,1458,17,1475
WBGene00022209,50,9,59
WBGene00022210,8,2,10
WBGene00022213,66,70,136
WBGene00022215,4,27,31
WBGene00022216,2,3,5
WBGene00022217,2,0,2
WBGene00022218,1,2,3
WBGene00022219,362,1115,1477
WBGene00022221,18,84,102
WBGene00022223,5,8,13
WBGene00022224,1,23,24
WBGene00022225,2,31,33
WBGene00022228,54,83,137
WBGene00022230,26,149,175
WBGene00022231,202,363,565
WBGene00022232,108,601,709
WBGene00022233,368,7853,8221
WBGene00022235,474,20552,21026
WBGene00022236,0,57,57
WBGene00022237,6,12,18
WBGene00022240,116,780,896
WBGene00022242,110,851,961
WBGene00022243,2,74,76
WBGene00022244,6,697,703
WBGene00022245,603,10784,11387
WBGene00022246,19,252,271
WBGene00022247,146,203,349
WBGene00022248,207,4333,4540
WBGene00022250,40,570,610
WBGene00022251,63,951,1014
WBGene00022252,40,577,617
WBGene00022253,79,2283,2362
WBGene00022254,147,6367,6514
WBGene00022255,84,881,965
WBGene00022256,5,30,35
WBGene00022257,0,319,319
WBGene00022258,56,696,752
WBGene00022259,27,401,428
WBGene00022260,82,824,906
WBGene00022261,23,187,210
WBGene00022262,1,12,13
WBGene00022263,9,35,44
WBGene00022264,0,4,4
WBGene00022265,5,52,57
WBGene00022266,8,8,16
WBGene00022267,98,399,497
WBGene00022268,474,5788,6262
WBGene00022269,334,4200,4534
WBGene00022270,156,179,335
WBGene00022271,43,3889,3932
WBGene00022273,101,668,769
WBGene00022274,36,44,80
WBGene00022275,4,83,87
WBGene00022276,332,12046,12378
WBGene00022277,266,2387,2653
WBGene00022278,1232,2814,4046
WBGene00022279,270,1894,2164
WBGene00022280,224,1689,1913
WBGene00022281,690,1017,1707
WBGene00022282,0,2,2
WBGene00022283,28,199,227
WBGene00022284,179,641,820
WBGene00022285,1076,525,1601
WBGene00022286,255,1333,1588
WBGene00022287,10,109,119
WBGene00022288,35,249,284
WBGene00022289,65,46,111
WBGene00022290,1,0,1
WBGene00022291,1,0,1
WBGene00022292,0,4,4
WBGene00022295,34,183,217
WBGene00022296,808,3342,4150
WBGene00022297,111,3220,3331
WBGene00022298,22,77,99
WBGene00022300,389,1186,1575
WBGene00022301,725,1538,2263
WBGene00022302,75,978,1053
WBGene00022303,1,471,472
WBGene00022306,1312,3386,4698
WBGene00022307,120,5057,5177
WBGene00022308,1,7,8
WBGene00022309,208,778,986
WBGene00022310,438,1752,2190
WBGene00022311,9,14,23
WBGene00022312,1,3,4
WBGene00022313,117,187,304
WBGene00022314,186,1608,1794
WBGene00022315,5,5,10
WBGene00022316,186,2,188
WBGene00022317,6,43,49
WBGene00022318,1,0,1
WBGene00022319,2,2,4
WBGene00022320,11,3,14
WBGene00022321,13,35,48
WBGene00022322,1,3,4
WBGene00022323,2,2,4
WBGene00022324,6,134,140
WBGene00022325,94,294,388
WBGene00022326,34,300,334
WBGene00022327,53,99,152
WBGene00022328,14,15,29
WBGene00022329,53,449,502
WBGene00022330,23,483,506
WBGene00022331,5,21,26
WBGene00022332,86,59,145
WBGene00022333,3,39,42
WBGene00022334,21,28,49
WBGene00022335,136,444,580
WBGene00022336,899,316410,317309
WBGene00022337,11,113,124
WBGene00022338,23,114,137
WBGene00022339,101,1059,1160
WBGene00022340,4,1,5
WBGene00022341,4,0,4
WBGene00022342,2,1,3
WBGene00022343,1,1,2
WBGene00022344,6,4,10
WBGene00022345,8,166,174
WBGene00022346,15,179,194
WBGene00022347,269,2336,2605
WBGene00022348,149,1708,1857
WBGene00022349,35,79,114
WBGene00022350,21,463,484
WBGene00022351,15,69,84
WBGene00022352,33,47,80
WBGene00022353,11,775,786
WBGene00022354,1007,2027,3034
WBGene00022356,51,2943,2994
WBGene00022357,66,570,636
WBGene00022358,478,1419,1897
WBGene00022360,423,975,1398
WBGene00022361,533,1266,1799
WBGene00022363,435,656,1091
WBGene00022365,264,209,473
WBGene00022366,501,765,1266
WBGene00022367,397,453,850
WBGene00022368,113,1514,1627
WBGene00022369,209,1087,1296
WBGene00022371,406,416,822
WBGene00022372,255,502,757
WBGene00022373,302,1865,2167
WBGene00022374,27,152,179
WBGene00022375,11,36,47
WBGene00022376,247,2795,3042
WBGene00022377,11,150,161
WBGene00022378,1417,7132,8549
WBGene00022379,45,74,119
WBGene00022380,583,5772,6355
WBGene00022381,242,1595,1837
WBGene00022382,0,353,353
WBGene00022383,188,2279,2467
WBGene00022385,31,23,54
WBGene00022386,333,1928,2261
WBGene00022388,487,754,1241
WBGene00022389,463,1424,1887
WBGene00022390,124,537,661
WBGene00022391,491,785,1276
WBGene00022392,44,382,426
WBGene00022393,207,5157,5364
WBGene00022394,15,1634,1649
WBGene00022395,9,19,28
WBGene00022396,73,1833,1906
WBGene00022397,93,921,1014
WBGene00022398,63,1314,1377
WBGene00022399,86,1087,1173
WBGene00022400,57,2932,2989
WBGene00022401,142,5701,5843
WBGene00022402,40,2385,2425
WBGene00022403,1,13,14
WBGene00022404,3,25,28
WBGene00022405,13,75,88
WBGene00022406,5,22,27
WBGene00022408,1,23,24
WBGene00022409,6,53,59
WBGene00022410,12,6779,6791
WBGene00022411,16,59,75
WBGene00022412,82,427,509
WBGene00022413,67,768,835
WBGene00022415,0,10,10
WBGene00022416,81,531,612
WBGene00022417,13,106,119
WBGene00022418,48,273,321
WBGene00022419,71,385,456
WBGene00022420,64,1083,1147
WBGene00022421,0,3,3
WBGene00022423,532,273,805
WBGene00022425,532,1390,1922
WBGene00022426,250,1198,1448
WBGene00022427,297,1455,1752
WBGene00022428,126,618,744
WBGene00022429,0,0,0
WBGene00022431,63,14,77
WBGene00022433,47,31,78
WBGene00022434,588,893,1481
WBGene00022435,173,262,435
WBGene00022438,2,0,2
WBGene00022439,162,908,1070
WBGene00022440,468,2817,3285
WBGene00022441,346,3726,4072
WBGene00022442,0,0,0
WBGene00022443,0,1,1
WBGene00022444,4,2,6
WBGene00022445,269,2432,2701
WBGene00022446,0,6,6
WBGene00022447,353,166,519
WBGene00022448,128,147,275
WBGene00022450,60,241,301
WBGene00022452,2,377,379
WBGene00022453,467,1874,2341
WBGene00022454,120,140,260
WBGene00022455,11,1049,1060
WBGene00022456,179,2895,3074
WBGene00022457,163,1251,1414
WBGene00022458,8,2272,2280
WBGene00022459,88,973,1061
WBGene00022460,96,1405,1501
WBGene00022462,27,525,552
WBGene00022463,178,1812,1990
WBGene00022465,38,645,683
WBGene00022466,126,1634,1760
WBGene00022467,1,6,7
WBGene00022469,16,202,218
WBGene00022470,188,1549,1737
WBGene00022471,75,436,511
WBGene00022472,76,961,1037
WBGene00022473,2024,6667,8691
WBGene00022474,151,2435,2586
WBGene00022475,27,878,905
WBGene00022476,12,10,22
WBGene00022477,2,136,138
WBGene00022478,15,54,69
WBGene00022479,21,16,37
WBGene00022481,0,0,0
WBGene00022482,0,0,0
WBGene00022483,0,0,0
WBGene00022484,25,329,354
WBGene00022485,180,504,684
WBGene00022486,33,208,241
WBGene00022487,5,60,65
WBGene00022488,152,614,766
WBGene00022489,383,3628,4011
WBGene00022490,48,146,194
WBGene00022491,198,268,466
WBGene00022492,129,2078,2207
WBGene00022493,230,378,608
WBGene00022494,995,1802,2797
WBGene00022495,9,163,172
WBGene00022496,0,0,0
WBGene00022497,0,7634,7634
WBGene00022498,9,48,57
WBGene00022499,113,1949,2062
WBGene00022500,502,9119,9621
WBGene00022501,762,1211,1973
WBGene00022502,59,733,792
WBGene00022503,17,315,332
WBGene00022504,29,37,66
WBGene00022505,2432,1676,4108
WBGene00022506,7,82,89
WBGene00022507,26,296,322
WBGene00022508,0,12,12
WBGene00022509,0,12,12
WBGene00022511,24,8,32
WBGene00022512,0,0,0
WBGene00022515,101,3279,3380
WBGene00022516,71,4028,4099
WBGene00022517,52,81,133
WBGene00022518,661,2151,2812
WBGene00022519,233,1739,1972
WBGene00022522,24,296,320
WBGene00022527,26,117,143
WBGene00022528,1,14,15
WBGene00022529,13,12,25
WBGene00022530,33,589,622
WBGene00022531,65,1384,1449
WBGene00022532,30,599,629
WBGene00022533,33,241,274
WBGene00022534,261,3524,3785
WBGene00022536,12,15,27
WBGene00022537,17,149,166
WBGene00022538,173,2921,3094
WBGene00022539,136,2543,2679
WBGene00022540,55,111,166
WBGene00022541,0,12,12
WBGene00022542,1,3,4
WBGene00022543,17,0,17
WBGene00022544,24,41,65
WBGene00022546,27,107,134
WBGene00022547,12,77,89
WBGene00022548,9,13,22
WBGene00022549,39,285,324
WBGene00022550,15,44,59
WBGene00022551,2,3,5
WBGene00022552,1,31,32
WBGene00022553,3,73,76
WBGene00022554,101,1976,2077
WBGene00022555,0,8,8
WBGene00022556,0,0,0
WBGene00022557,1,34,35
WBGene00022558,0,6,6
WBGene00022559,1,13,14
WBGene00022560,1,20,21
WBGene00022561,4,30,34
WBGene00022562,653,5685,6338
WBGene00022563,3,2,5
WBGene00022564,45,396,441
WBGene00022565,12,45,57
WBGene00022566,5,27,32
WBGene00022567,92,362,454
WBGene00022568,9,176,185
WBGene00022569,10,529,539
WBGene00022570,1,4,5
WBGene00022571,0,20,20
WBGene00022572,7,7,14
WBGene00022573,6,43,49
WBGene00022574,14,1383,1397
WBGene00022575,0,561,561
WBGene00022576,38,210,248
WBGene00022577,6,6,12
WBGene00022578,4,0,4
WBGene00022579,271,3185,3456
WBGene00022580,151,1120,1271
WBGene00022581,63,331,394
WBGene00022582,0,0,0
WBGene00022583,403,4851,5254
WBGene00022584,49,130,179
WBGene00022586,4,82,86
WBGene00022587,2,48,50
WBGene00022588,128,1114,1242
WBGene00022589,18,4,22
WBGene00022590,8,209,217
WBGene00022591,16,112,128
WBGene00022592,558,1717,2275
WBGene00022593,368,1618,1986
WBGene00022594,2,5,7
WBGene00022596,13,99,112
WBGene00022597,972,24409,25381
WBGene00022598,114,1631,1745
WBGene00022599,349,10214,10563
WBGene00022600,3,3,6
WBGene00022601,42,112,154
WBGene00022602,8,0,8
WBGene00022603,138,3064,3202
WBGene00022604,4,13,17
WBGene00022605,14,257,271
WBGene00022606,21,58,79
WBGene00022607,0,0,0
WBGene00022608,168,678,846
WBGene00022609,114,572,686
WBGene00022610,111,458,569
WBGene00022611,6,37,43
WBGene00022612,7,22,29
WBGene00022613,61,483,544
WBGene00022614,51,1734,1785
WBGene00022615,20,922,942
WBGene00022616,0,3,3
WBGene00022617,1,1,2
WBGene00022618,151,3764,3915
WBGene00022619,0,28,28
WBGene00022620,176,3147,3323
WBGene00022621,3,5,8
WBGene00022623,21,639,660
WBGene00022624,92,197,289
WBGene00022625,0,0,0
WBGene00022627,39,90,129
WBGene00022628,2,2,4
WBGene00022629,39,330,369
WBGene00022631,30,341,371
WBGene00022632,6,5,11
WBGene00022633,35,206,241
WBGene00022634,5,8,13
WBGene00022635,268,527,795
WBGene00022637,2,6,8
WBGene00022638,2,1,3
WBGene00022639,10,19,29
WBGene00022640,7,7,14
WBGene00022641,11,17,28
WBGene00022642,374,4138,4512
WBGene00022643,7,19,26
WBGene00022644,15,73,88
WBGene00022645,13,130,143
WBGene00022646,19,2278,2297
WBGene00022647,76,940,1016
WBGene00022648,290,426,716
WBGene00022649,28,279,307
WBGene00022650,22,33,55
WBGene00022651,0,7,7
WBGene00022652,1,4,5
WBGene00022653,22,158,180
WBGene00022654,12,32,44
WBGene00022655,25,21,46
WBGene00022656,0,24,24
WBGene00022657,1,21,22
WBGene00022660,0,19,19
WBGene00022661,44,85,129
WBGene00022662,11,24,35
WBGene00022663,54,702,756
WBGene00022664,42,496,538
WBGene00022665,10,148,158
WBGene00022666,146,1905,2051
WBGene00022667,256,1818,2074
WBGene00022668,477,2283,2760
WBGene00022669,0,4,4
WBGene00022670,0,0,0
WBGene00022671,11,11,22
WBGene00022672,136,1095,1231
WBGene00022673,109,1291,1400
WBGene00022674,0,6,6
WBGene00022675,809,1056,1865
WBGene00022677,65,787,852
WBGene00022678,57,3574,3631
WBGene00022679,0,33,33
WBGene00022680,9,21,30
WBGene00022681,85,213,298
WBGene00022682,43,162,205
WBGene00022683,49,286,335
WBGene00022685,1,5,6
WBGene00022689,0,5,5
WBGene00022690,6,3,9
WBGene00022691,3,12,15
WBGene00022692,0,0,0
WBGene00022694,104,2035,2139
WBGene00022695,91,722,813
WBGene00022696,28,278,306
WBGene00022697,160,1662,1822
WBGene00022698,13,68,81
WBGene00022699,1,1,2
WBGene00022700,11,102,113
WBGene00022702,6,293,299
WBGene00022703,102,1445,1547
WBGene00022704,80,1068,1148
WBGene00022705,4,9,13
WBGene00022706,2,14,16
WBGene00022707,4,10,14
WBGene00022708,3,7,10
WBGene00022709,19,31,50
WBGene00022710,1,0,1
WBGene00022711,22,12,34
WBGene00022712,109,1303,1412
WBGene00022713,14,6,20
WBGene00022714,5,3,8
WBGene00022715,13,32,45
WBGene00022716,1,9,10
WBGene00022717,206,1946,2152
WBGene00022718,305,2827,3132
WBGene00022719,181,1990,2171
WBGene00022720,21,661,682
WBGene00022721,40,700,740
WBGene00022722,86,1702,1788
WBGene00022723,21,9,30
WBGene00022724,1,2,3
WBGene00022725,3,17,20
WBGene00022726,0,1,1
WBGene00022727,126,925,1051
WBGene00022728,302,8,310
WBGene00022729,0,1,1
WBGene00022730,415,805,1220
WBGene00022731,31,25,56
WBGene00022732,3,4,7
WBGene00022733,156,138,294
WBGene00022734,51,1911,1962
WBGene00022735,37,199,236
WBGene00022736,56,708,764
WBGene00022737,15,657,672
WBGene00022738,148,2454,2602
WBGene00022739,198,2617,2815
WBGene00022741,44,17,61
WBGene00022742,266,5730,5996
WBGene00022743,201,770,971
WBGene00022744,29,196,225
WBGene00022745,1773,15155,16928
WBGene00022746,0,13,13
WBGene00022747,0,2,2
WBGene00022748,268,44045,44313
WBGene00022749,77,3214,3291
WBGene00022750,1060,4536,5596
WBGene00022751,0,3,3
WBGene00022752,27,238,265
WBGene00022753,34,9,43
WBGene00022754,0,14,14
WBGene00022756,2,20,22
WBGene00022757,4,2,6
WBGene00022758,6,1,7
WBGene00022759,44,1804,1848
WBGene00022761,1,11,12
WBGene00022762,92,992,1084
WBGene00022765,274,4492,4766
WBGene00022766,53,1352,1405
WBGene00022767,13,66,79
WBGene00022769,50,847,897
WBGene00022770,14,259,273
WBGene00022771,68,509,577
WBGene00022772,21,84,105
WBGene00022773,133,325,458
WBGene00022774,68,2099,2167
WBGene00022775,3,529,532
WBGene00022776,19,2120,2139
WBGene00022778,1,2,3
WBGene00022780,35,198,233
WBGene00022781,507,15405,15912
WBGene00022782,103,2317,2420
WBGene00022783,92,992,1084
WBGene00022785,178,2543,2721
WBGene00022786,11,326,337
WBGene00022787,43,537,580
WBGene00022788,57,2343,2400
WBGene00022789,5,44,49
WBGene00022790,34,214,248
WBGene00022791,250,2486,2736
WBGene00022792,60,1076,1136
WBGene00022793,10,1373,1383
WBGene00022794,176,4013,4189
WBGene00022795,8,53,61
WBGene00022796,15,67,82
WBGene00022797,72,718,790
WBGene00022798,276,5836,6112
WBGene00022799,3,8,11
WBGene00022800,237,2502,2739
WBGene00022801,19,964,983
WBGene00022802,136,2141,2277
WBGene00022803,40,787,827
WBGene00022804,1,14,15
WBGene00022805,218,1346,1564
WBGene00022807,9,37,46
WBGene00022808,7,25,32
WBGene00022809,3,50,53
WBGene00022810,29,344,373
WBGene00022811,75,56,131
WBGene00022812,337,5083,5420
WBGene00022813,21,161,182
WBGene00022814,56,655,711
WBGene00022815,40,180,220
WBGene00022816,21,43,64
WBGene00022817,444,7328,7772
WBGene00022820,7,1,8
WBGene00022821,0,1,1
WBGene00022822,0,1,1
WBGene00022823,42,2509,2551
WBGene00022824,29,265,294
WBGene00022825,10,471,481
WBGene00022826,2,11,13
WBGene00022827,10,35,45
WBGene00022829,35,27,62
WBGene00022830,64,2217,2281
WBGene00022831,208,2599,2807
WBGene00022832,57,936,993
WBGene00022833,3,3,6
WBGene00022834,7,29,36
WBGene00022835,44,567,611
WBGene00022836,81,1667,1748
WBGene00022837,62,637,699
WBGene00022838,75,575,650
WBGene00022840,5,5,10
WBGene00022842,32,401,433
WBGene00022843,57,125,182
WBGene00022845,1,43,44
WBGene00022846,57,50,107
WBGene00022847,113,676,789
WBGene00022848,118,2021,2139
WBGene00022849,27,71,98
WBGene00022850,359,938,1297
WBGene00022851,61,1856,1917
WBGene00022852,2,2407,2409
WBGene00022853,49,3484,3533
WBGene00022854,48,601,649
WBGene00022855,115,6189,6304
WBGene00022856,45,11398,11443
WBGene00022857,5,448,453
WBGene00022858,52,46,98
WBGene00022861,5627,1586,7213
WBGene00022862,25,709,734
WBGene00022864,73,2809,2882
WBGene00022865,128,1863,1991
WBGene00022866,38,244,282
WBGene00022867,245,3164,3409
WBGene00022868,17,1123,1140
WBGene00022869,0,1,1
WBGene00022870,10,14,24
WBGene00022871,3,8,11
WBGene00022872,10,18,28
WBGene00022873,3,124,127
WBGene00022874,49,1210,1259
WBGene00022875,0,0,0
WBGene00022876,1,14,15
WBGene00022877,14,8,22
WBGene00022880,121,1211,1332
WBGene00022881,24,1024,1048
WBGene00022882,74,822,896
WBGene00022883,19,570,589
WBGene00022884,0,65,65
WBGene00022885,89,1272,1361
WBGene00022886,5,3,8
WBGene00022887,143,3587,3730
WBGene00022888,24,1,25
WBGene00022889,4,8,12
WBGene00022890,0,14,14
WBGene00022891,15,29,44
WBGene00022892,3,0,3
WBGene00022893,208,1204,1412
WBGene00023067,1804,3413,5217
WBGene00023068,81165,123551,204716
WBGene00023172,16,74,90
WBGene00023186,3,0,3
WBGene00023284,4,368,372
WBGene00023404,86,366,452
WBGene00023405,142,1741,1883
WBGene00023407,211,8781,8992
WBGene00023408,218,7712,7930
WBGene00023409,61,762,823
WBGene00023410,4,1,5
WBGene00023411,6,12,18
WBGene00023413,12,7,19
WBGene00023414,291,917,1208
WBGene00023415,65,336,401
WBGene00023416,51,1115,1166
WBGene00023417,19,1972,1991
WBGene00023418,19,1533,1552
WBGene00023419,16,311,327
WBGene00023420,1,30,31
WBGene00023421,12,458,470
WBGene00023422,95,951,1046
WBGene00023423,86,117,203
WBGene00023424,4,15,19
WBGene00023425,2,10,12
WBGene00023427,39,323,362
WBGene00023431,103,142,245
WBGene00023432,234,3804,4038
WBGene00023450,71,385,456
WBGene00023451,93,181,274
WBGene00023458,252,1165,1417
WBGene00023459,8,5,13
WBGene00023460,4,84,88
WBGene00023462,5,43,48
WBGene00023463,5,0,5
WBGene00023474,2,0,2
WBGene00023475,8,2,10
WBGene00023477,0,2,2
WBGene00023478,3,7,10
WBGene00023479,6,2,8
WBGene00023483,1,2,3
WBGene00023484,10,6,16
WBGene00023485,6,4141,4147
WBGene00023486,29,240,269
WBGene00023487,148,5625,5773
WBGene00023489,664,215,879
WBGene00023490,31,526,557
WBGene00023491,266,790,1056
WBGene00023492,6,53,59
WBGene00023493,1,719,720
WBGene00023497,90,1450,1540
WBGene00023498,35,1179,1214
WBGene00023499,2,4,6
WBGene00023500,15,194,209
WBGene00023501,74,958,1032
WBGene00023502,19,140,159
WBGene00023503,18,54,72
WBGene00023504,668,4911,5579
WBGene00023505,3,3,6
WBGene00023506,2,6,8
WBGene00023508,1,1,2
WBGene00023513,1,1,2
WBGene00023514,5,7,12
WBGene00023515,24,28,52
WBGene00023517,1,3,4
WBGene00023518,1,3,4
WBGene00023519,63,103,166
WBGene00023520,56,261,317
WBGene00043049,29,90,119
WBGene00043050,203,1928,2131
WBGene00043051,150,833,983
WBGene00043052,1,2,3
WBGene00043054,38,554,592
WBGene00043056,270,703,973
WBGene00043057,102,947,1049
WBGene00043058,1,2,3
WBGene00043059,5,6,11
WBGene00043060,299,2481,2780
WBGene00043061,33,51,84
WBGene00043062,14,31,45
WBGene00043064,19,2856,2875
WBGene00043065,9,17,26
WBGene00043066,18,92,110
WBGene00043067,116,2371,2487
WBGene00043068,32,337,369
WBGene00043069,15,25,40
WBGene00043097,302,6940,7242
WBGene00043120,9,74,83
WBGene00043147,0,0,0
WBGene00043156,93,1490,1583
WBGene00043187,0,1,1
WBGene00043279,109,1351,1460
WBGene00043297,1232,3925,5157
WBGene00043302,43,285,328
WBGene00043308,3,223,226
WBGene00043327,0,0,0
WBGene00043328,0,0,0
WBGene00043466,4,2,6
WBGene00043469,1,0,1
WBGene00043534,42,52,94
WBGene00043666,0,11,11
WBGene00043702,0,298,298
WBGene00043705,67,372,439
WBGene00043743,0,0,0
WBGene00043948,0,0,0
WBGene00043952,31,37,68
WBGene00043980,8,6,14
WBGene00043981,57,226,283
WBGene00043982,104,1244,1348
WBGene00043983,81,1592,1673
WBGene00043984,0,1,1
WBGene00043985,19,123,142
WBGene00043986,5,2,7
WBGene00043988,0,0,0
WBGene00043989,0,0,0
WBGene00043990,0,0,0
WBGene00043992,70,394,464
WBGene00043994,57,1387,1444
WBGene00043995,119,685,804
WBGene00043996,0,9,9
WBGene00043997,82,443,525
WBGene00043998,13,169,182
WBGene00044001,38,1872,1910
WBGene00044002,0,0,0
WBGene00044003,8,3,11
WBGene00044004,0,168,168
WBGene00044005,2,23,25
WBGene00044006,154,1992,2146
WBGene00044007,174,1006,1180
WBGene00044008,181,2098,2279
WBGene00044009,179,923,1102
WBGene00044011,0,0,0
WBGene00044012,3,11,14
WBGene00044013,1,0,1
WBGene00044014,1,1,2
WBGene00044016,3,64,67
WBGene00044018,4,5,9
WBGene00044019,75,439,514
WBGene00044020,6,80,86
WBGene00044021,86,559,645
WBGene00044024,11,31,42
WBGene00044025,243,4767,5010
WBGene00044026,34,2494,2528
WBGene00044027,1,25,26
WBGene00044028,18,412,430
WBGene00044029,172,1514,1686
WBGene00044030,17,13,30
WBGene00044031,0,2,2
WBGene00044032,6,33,39
WBGene00044034,44,122,166
WBGene00044035,21,385,406
WBGene00044043,0,1,1
WBGene00044044,8,11,19
WBGene00044045,3037,395,3432
WBGene00044047,0,6,6
WBGene00044048,18,23,41
WBGene00044049,424,3237,3661
WBGene00044058,5,6,11
WBGene00044059,3,7,10
WBGene00044061,238,969,1207
WBGene00044062,3,17,20
WBGene00044063,68,2329,2397
WBGene00044065,236,638,874
WBGene00044066,0,71,71
WBGene00044067,20,362,382
WBGene00044068,334,3744,4078
WBGene00044069,40,847,887
WBGene00044070,184,3049,3233
WBGene00044071,126,1756,1882
WBGene00044072,285,2103,2388
WBGene00044073,21,237,258
WBGene00044074,16,2,18
WBGene00044077,130,2895,3025
WBGene00044078,1716,20116,21832
WBGene00044079,742,6375,7117
WBGene00044080,1,5,6
WBGene00044081,2,2,4
WBGene00044082,38,1214,1252
WBGene00044083,49,125,174
WBGene00044084,8,0,8
WBGene00044086,0,0,0
WBGene00044087,38,16,54
WBGene00044088,2,2,4
WBGene00044089,2,1,3
WBGene00044090,2,12,14
WBGene00044091,18,31,49
WBGene00044092,24,18,42
WBGene00044094,49,750,799
WBGene00044099,0,0,0
WBGene00044100,2,1,3
WBGene00044105,2,4,6
WBGene00044106,1,0,1
WBGene00044107,16,107,123
WBGene00044109,0,1,1
WBGene00044112,3,12,15
WBGene00044113,1,17,18
WBGene00044114,5,3,8
WBGene00044115,1,5,6
WBGene00044116,6,4,10
WBGene00044117,0,10,10
WBGene00044120,88,630,718
WBGene00044121,5,12,17
WBGene00044122,71,72,143
WBGene00044124,5,9,14
WBGene00044125,78,62,140
WBGene00044127,0,2,2
WBGene00044131,0,0,0
WBGene00044132,18,73,91
WBGene00044133,0,0,0
WBGene00044134,62,436,498
WBGene00044135,19,206,225
WBGene00044136,3,4,7
WBGene00044137,1,38,39
WBGene00044138,42,226,268
WBGene00044139,14,48,62
WBGene00044140,0,6,6
WBGene00044141,10,45,55
WBGene00044142,8,21,29
WBGene00044143,228,1145,1373
WBGene00044144,13,637,650
WBGene00044145,0,12,12
WBGene00044146,1,0,1
WBGene00044147,0,6,6
WBGene00044148,5,17,22
WBGene00044149,0,3,3
WBGene00044150,11,44,55
WBGene00044151,29,278,307
WBGene00044152,2,28,30
WBGene00044153,12,15,27
WBGene00044154,5,23,28
WBGene00044156,8,101,109
WBGene00044157,1,0,1
WBGene00044158,5,3,8
WBGene00044159,0,0,0
WBGene00044160,10,3,13
WBGene00044162,2,4,6
WBGene00044163,3,13,16
WBGene00044164,0,1,1
WBGene00044166,11,126,137
WBGene00044167,55,936,991
WBGene00044169,6,22,28
WBGene00044174,5,21,26
WBGene00044175,0,14,14
WBGene00044176,73,1526,1599
WBGene00044177,13,8,21
WBGene00044178,0,0,0
WBGene00044179,3,3,6
WBGene00044180,147,256,403
WBGene00044181,4,20,24
WBGene00044182,2,12,14
WBGene00044183,1,4,5
WBGene00044184,0,23,23
WBGene00044185,0,0,0
WBGene00044187,1644,39,1683
WBGene00044188,59,749,808
WBGene00044189,1,35,36
WBGene00044191,355,3439,3794
WBGene00044192,1,2,3
WBGene00044193,0,58,58
WBGene00044194,0,1,1
WBGene00044195,1,3,4
WBGene00044197,0,22,22
WBGene00044198,1,29,30
WBGene00044199,1,0,1
WBGene00044200,106,331,437
WBGene00044201,0,314,314
WBGene00044202,1,0,1
WBGene00044203,3,6,9
WBGene00044204,32,796,828
WBGene00044205,7,121,128
WBGene00044206,109,1738,1847
WBGene00044207,2,8,10
WBGene00044208,0,0,0
WBGene00044210,124,1118,1242
WBGene00044211,3,58,61
WBGene00044212,6,36,42
WBGene00044213,11,122,133
WBGene00044215,0,0,0
WBGene00044218,11,730,741
WBGene00044221,57,2266,2323
WBGene00044222,0,16,16
WBGene00044225,0,6,6
WBGene00044227,12,22,34
WBGene00044228,30,42,72
WBGene00044230,2,4,6
WBGene00044232,25,4,29
WBGene00044233,86,227,313
WBGene00044235,0,2,2
WBGene00044236,7,980,987
WBGene00044237,8,8,16
WBGene00044238,41,193,234
WBGene00044239,87,772,859
WBGene00044240,5,6,11
WBGene00044241,12,174,186
WBGene00044242,0,0,0
WBGene00044243,10,39,49
WBGene00044244,0,2,2
WBGene00044245,0,50,50
WBGene00044246,2,1,3
WBGene00044247,2,2,4
WBGene00044249,12,4,16
WBGene00044250,3,34,37
WBGene00044251,23,259,282
WBGene00044253,25,701,726
WBGene00044254,0,0,0
WBGene00044256,14,2,16
WBGene00044257,4,18,22
WBGene00044258,42,184,226
WBGene00044259,1,4,5
WBGene00044260,222,16157,16379
WBGene00044261,18,15,33
WBGene00044263,0,1,1
WBGene00044264,3,4,7
WBGene00044265,22,421,443
WBGene00044266,2,0,2
WBGene00044271,0,0,0
WBGene00044272,0,53,53
WBGene00044273,0,0,0
WBGene00044274,0,0,0
WBGene00044275,0,0,0
WBGene00044278,1,9,10
WBGene00044280,3940,2325,6265
WBGene00044281,9,22,31
WBGene00044282,3,3,6
WBGene00044283,562,2281,2843
WBGene00044284,3,28,31
WBGene00044286,7,8,15
WBGene00044287,1,12,13
WBGene00044288,1,24,25
WBGene00044289,138,6383,6521
WBGene00044290,534,503,1037
WBGene00044291,196,1709,1905
WBGene00044292,2,17,19
WBGene00044293,3,6,9
WBGene00044294,141,681,822
WBGene00044295,8,105,113
WBGene00044296,25,564,589
WBGene00044297,58,128,186
WBGene00044298,0,5,5
WBGene00044299,4,30,34
WBGene00044300,10,26,36
WBGene00044301,273,4740,5013
WBGene00044302,1,16,17
WBGene00044303,56,474,530
WBGene00044304,191,354,545
WBGene00044305,19,1167,1186
WBGene00044306,4,7,11
WBGene00044307,1,8,9
WBGene00044310,54,332,386
WBGene00044311,60,257,317
WBGene00044312,16,99,115
WBGene00044313,12,75,87
WBGene00044314,1,5,6
WBGene00044315,1,7,8
WBGene00044316,186,1097,1283
WBGene00044317,0,23,23
WBGene00044318,51,2828,2879
WBGene00044319,12,582,594
WBGene00044321,165,1566,1731
WBGene00044322,22,1150,1172
WBGene00044323,43,829,872
WBGene00044324,6,1733,1739
WBGene00044325,59,845,904
WBGene00044326,254,2631,2885
WBGene00044329,96,1648,1744
WBGene00044330,18,486,504
WBGene00044331,1,11,12
WBGene00044332,0,61,61
WBGene00044333,3,11,14
WBGene00044337,0,0,0
WBGene00044338,4,129,133
WBGene00044339,0,12,12
WBGene00044340,0,0,0
WBGene00044341,0,267,267
WBGene00044342,190,474,664
WBGene00044344,52,857,909
WBGene00044345,49,551,600
WBGene00044346,0,1,1
WBGene00044347,11,21,32
WBGene00044348,374,244,618
WBGene00044349,78,231,309
WBGene00044350,158,642,800
WBGene00044352,2,3,5
WBGene00044353,0,46,46
WBGene00044354,9,156,165
WBGene00044355,9,94,103
WBGene00044356,2,9,11
WBGene00044357,0,0,0
WBGene00044358,14,9,23
WBGene00044359,2,11,13
WBGene00044360,0,3,3
WBGene00044361,0,3,3
WBGene00044362,1,0,1
WBGene00044363,12,260,272
WBGene00044364,0,1,1
WBGene00044365,0,2,2
WBGene00044366,0,12,12
WBGene00044367,12,160,172
WBGene00044368,40,18,58
WBGene00044369,2,2,4
WBGene00044370,0,0,0
WBGene00044371,0,2,2
WBGene00044372,0,0,0
WBGene00044373,28,1001,1029
WBGene00044374,15,53,68
WBGene00044375,0,2,2
WBGene00044376,0,7,7
WBGene00044377,1,1,2
WBGene00044378,0,0,0
WBGene00044379,0,8,8
WBGene00044380,5,24,29
WBGene00044381,19,33,52
WBGene00044382,9,261,270
WBGene00044383,1,11,12
WBGene00044384,38,0,38
WBGene00044385,3,4,7
WBGene00044386,10,107,117
WBGene00044387,50,1299,1349
WBGene00044388,0,0,0
WBGene00044389,300,4674,4974
WBGene00044390,4,19,23
WBGene00044391,79,92,171
WBGene00044392,7,100,107
WBGene00044393,0,6,6
WBGene00044394,1,13,14
WBGene00044395,1,11,12
WBGene00044396,25,1405,1430
WBGene00044399,0,2,2
WBGene00044401,143,1517,1660
WBGene00044402,3,14,17
WBGene00044403,47,303,350
WBGene00044406,11,343,354
WBGene00044409,22,102,124
WBGene00044410,56,336,392
WBGene00044411,204,1224,1428
WBGene00044413,367,185,552
WBGene00044414,15,46,61
WBGene00044415,0,3,3
WBGene00044416,3,3,6
WBGene00044417,1,16,17
WBGene00044418,542,3339,3881
WBGene00044419,4,7,11
WBGene00044420,28,834,862
WBGene00044421,194,1450,1644
WBGene00044423,15,567,582
WBGene00044424,0,9,9
WBGene00044425,1,0,1
WBGene00044427,20,102,122
WBGene00044428,33,16,49
WBGene00044429,5,1,6
WBGene00044431,194,1247,1441
WBGene00044432,2,3,5
WBGene00044433,450,4746,5196
WBGene00044434,11,24,35
WBGene00044435,0,111,111
WBGene00044436,15,255,270
WBGene00044437,93,97,190
WBGene00044438,219,747,966
WBGene00044439,81,42,123
WBGene00044440,187,312,499
WBGene00044441,5,3,8
WBGene00044442,23,2304,2327
WBGene00044443,197,6026,6223
WBGene00044444,4,1,5
WBGene00044445,178,1085,1263
WBGene00044446,1,6,7
WBGene00044447,1,1,2
WBGene00044448,0,5,5
WBGene00044449,0,11,11
WBGene00044450,0,0,0
WBGene00044451,1,1,2
WBGene00044452,92,976,1068
WBGene00044453,4,22,26
WBGene00044454,0,2,2
WBGene00044455,7,92,99
WBGene00044457,3,88,91
WBGene00044458,0,0,0
WBGene00044459,66,160,226
WBGene00044460,4,11,15
WBGene00044461,60,33,93
WBGene00044462,16,58,74
WBGene00044463,13,65,78
WBGene00044464,90,247,337
WBGene00044466,19,688,707
WBGene00044467,423,1692,2115
WBGene00044468,82,2272,2354
WBGene00044469,0,8,8
WBGene00044470,4,17,21
WBGene00044471,21,478,499
WBGene00044472,2,52,54
WBGene00044473,0,0,0
WBGene00044474,0,0,0
WBGene00044475,0,0,0
WBGene00044476,0,2,2
WBGene00044477,36,387,423
WBGene00044478,26,374,400
WBGene00044479,48,611,659
WBGene00044480,1,6,7
WBGene00044481,88,1213,1301
WBGene00044482,69,574,643
WBGene00044483,9,827,836
WBGene00044484,87,653,740
WBGene00044485,328,2633,2961
WBGene00044486,7,55,62
WBGene00044487,17,164,181
WBGene00044488,21,71,92
WBGene00044489,0,109,109
WBGene00044490,0,81,81
WBGene00044491,1,33,34
WBGene00044492,42,68,110
WBGene00044493,25,650,675
WBGene00044495,67,175,242
WBGene00044498,0,3,3
WBGene00044499,1,19,20
WBGene00044500,376,2211,2587
WBGene00044501,45,0,45
WBGene00044502,7,87,94
WBGene00044504,20,168,188
WBGene00044505,2,15,17
WBGene00044508,180,2138,2318
WBGene00044509,17,820,837
WBGene00044510,35,178,213
WBGene00044511,9,86,95
WBGene00044512,47,906,953
WBGene00044513,153,1160,1313
WBGene00044514,305,11758,12063
WBGene00044516,1,1,2
WBGene00044518,0,2,2
WBGene00044519,5,0,5
WBGene00044520,0,11,11
WBGene00044521,1,33,34
WBGene00044524,1,8,9
WBGene00044525,22,126,148
WBGene00044526,5,129,134
WBGene00044527,24,376,400
WBGene00044528,78,174,252
WBGene00044529,46,50,96
WBGene00044530,0,53,53
WBGene00044531,22,3,25
WBGene00044533,0,7,7
WBGene00044534,83,200,283
WBGene00044535,2,20,22
WBGene00044536,285,9198,9483
WBGene00044537,0,4,4
WBGene00044538,4,1,5
WBGene00044539,5,29,34
WBGene00044541,2,13,15
WBGene00044542,10,7,17
WBGene00044543,0,0,0
WBGene00044544,386,762,1148
WBGene00044545,7,28,35
WBGene00044546,27,63,90
WBGene00044547,0,351,351
WBGene00044548,0,0,0
WBGene00044549,4,0,4
WBGene00044550,6,0,6
WBGene00044551,5,93,98
WBGene00044552,0,16,16
WBGene00044553,35,2518,2553
WBGene00044554,35,179,214
WBGene00044555,4,6,10
WBGene00044556,13,275,288
WBGene00044557,74,192,266
WBGene00044558,0,1,1
WBGene00044559,123,236,359
WBGene00044560,18,36,54
WBGene00044561,2,1,3
WBGene00044562,0,73,73
WBGene00044563,19,2,21
WBGene00044564,5,6,11
WBGene00044565,0,6,6
WBGene00044566,70,18,88
WBGene00044567,5,2,7
WBGene00044568,211,2683,2894
WBGene00044569,11,15,26
WBGene00044570,600,702,1302
WBGene00044571,102,15,117
WBGene00044572,17,2,19
WBGene00044573,1,5,6
WBGene00044574,45,34,79
WBGene00044575,2,4,6
WBGene00044577,3,0,3
WBGene00044578,0,53,53
WBGene00044579,6,3,9
WBGene00044580,0,0,0
WBGene00044581,1,1,2
WBGene00044582,15,71,86
WBGene00044583,39,3,42
WBGene00044584,22,47,69
WBGene00044586,2,51,53
WBGene00044587,0,5,5
WBGene00044588,52,258,310
WBGene00044589,0,11,11
WBGene00044602,1,9,10
WBGene00044603,48,144,192
WBGene00044604,40,759,799
WBGene00044605,228,2077,2305
WBGene00044607,67,772,839
WBGene00044608,18,682,700
WBGene00044609,285,556,841
WBGene00044610,0,11,11
WBGene00044611,40,227,267
WBGene00044612,50,855,905
WBGene00044614,57,752,809
WBGene00044615,85,940,1025
WBGene00044616,1,2,3
WBGene00044617,6,78,84
WBGene00044618,11,223,234
WBGene00044620,13,67,80
WBGene00044623,3,19,22
WBGene00044630,43,114,157
WBGene00044631,17,73,90
WBGene00044633,2,11,13
WBGene00044634,1,0,1
WBGene00044636,251,4589,4840
WBGene00044637,28,138,166
WBGene00044638,0,165,165
WBGene00044640,517,5547,6064
WBGene00044641,163,26,189
WBGene00044643,16,2467,2483
WBGene00044644,115,1058,1173
WBGene00044645,7,31,38
WBGene00044646,13,29,42
WBGene00044648,26,505,531
WBGene00044649,52,17,69
WBGene00044650,1228,3081,4309
WBGene00044651,426,514,940
WBGene00044653,48,22,70
WBGene00044654,7,136,143
WBGene00044655,1,12,13
WBGene00044658,0,16,16
WBGene00044659,2,40,42
WBGene00044661,5,66,71
WBGene00044662,5,0,5
WBGene00044663,2,169,171
WBGene00044664,5,14,19
WBGene00044665,11,11,22
WBGene00044666,50,938,988
WBGene00044667,15,190,205
WBGene00044668,0,1,1
WBGene00044669,3,3,6
WBGene00044672,21,284,305
WBGene00044673,2,9,11
WBGene00044674,0,1,1
WBGene00044675,32,679,711
WBGene00044676,5,82,87
WBGene00044677,761,1155,1916
WBGene00044678,6,51,57
WBGene00044679,21,412,433
WBGene00044680,1,2,3
WBGene00044681,2058,2250,4308
WBGene00044683,1,0,1
WBGene00044684,3,21,24
WBGene00044686,51,3368,3419
WBGene00044687,7,2,9
WBGene00044689,380,1414,1794
WBGene00044690,47,359,406
WBGene00044692,2,7,9
WBGene00044693,0,1,1
WBGene00044694,0,1,1
WBGene00044696,396,4408,4804
WBGene00044697,7,116,123
WBGene00044698,133,2451,2584
WBGene00044699,40,618,658
WBGene00044701,164,954,1118
WBGene00044705,31,175,206
WBGene00044707,2,2,4
WBGene00044708,14,3,17
WBGene00044709,0,0,0
WBGene00044711,1,1,2
WBGene00044719,2,22,24
WBGene00044720,0,37,37
WBGene00044723,2,4,6
WBGene00044724,3,18,21
WBGene00044725,24,497,521
WBGene00044726,20,24,44
WBGene00044732,4,142,146
WBGene00044733,1,16,17
WBGene00044734,0,0,0
WBGene00044735,0,0,0
WBGene00044736,101,828,929
WBGene00044737,555,6508,7063
WBGene00044738,41,49,90
WBGene00044741,4,14,18
WBGene00044742,24,436,460
WBGene00044743,37,1670,1707
WBGene00044744,12,89,101
WBGene00044745,85,260,345
WBGene00044746,140,861,1001
WBGene00044753,23,34,57
WBGene00044754,21,6,27
WBGene00044755,8,2,10
WBGene00044756,31,146,177
WBGene00044757,82,1221,1303
WBGene00044758,20,156,176
WBGene00044759,1,25,26
WBGene00044760,6,15,21
WBGene00044761,91,670,761
WBGene00044762,100,3518,3618
WBGene00044763,10,20,30
WBGene00044767,7,308,315
WBGene00044770,74,370,444
WBGene00044771,81,292,373
WBGene00044772,23,857,880
WBGene00044773,18,30,48
WBGene00044774,202,1125,1327
WBGene00044775,3,1,4
WBGene00044776,45,320,365
WBGene00044777,1,0,1
WBGene00044778,1,0,1
WBGene00044779,165,1887,2052
WBGene00044780,19,10,29
WBGene00044783,5,29,34
WBGene00044784,31,3192,3223
WBGene00044786,0,0,0
WBGene00044788,18,63,81
WBGene00044789,8,353,361
WBGene00044790,29,424,453
WBGene00044791,3,8,11
WBGene00044792,133,605,738
WBGene00044794,0,0,0
WBGene00044795,47,450,497
WBGene00044796,12,21,33
WBGene00044797,0,78,78
WBGene00044798,5,0,5
WBGene00044799,0,104,104
WBGene00044801,0,0,0
WBGene00044802,0,0,0
WBGene00044803,48,87,135
WBGene00044805,1,9,10
WBGene00044807,5,105,110
WBGene00044810,1,2,3
WBGene00044811,194,3051,3245
WBGene00044889,0,1,1
WBGene00044891,171,2436,2607
WBGene00044892,1,3,4
WBGene00044894,36,344,380
WBGene00044895,217,80,297
WBGene00044896,24,5,29
WBGene00044897,0,2,2
WBGene00044898,29,6,35
WBGene00044900,88,1292,1380
WBGene00044901,1,89,90
WBGene00044903,81,186,267
WBGene00044906,2,52,54
WBGene00044908,8,23,31
WBGene00044911,6,14,20
WBGene00044912,7,3,10
WBGene00044916,125,2084,2209
WBGene00044917,3,10,13
WBGene00044921,312,9468,9780
WBGene00044922,71,1803,1874
WBGene00044924,198,879,1077
WBGene00044949,48,766,814
WBGene00044953,1,2,3
WBGene00044977,96,3344,3440
WBGene00044978,2,5,7
WBGene00044979,17,48,65
WBGene00044987,82,665,747
WBGene00044988,0,786,786
WBGene00044989,524,1744,2268
WBGene00044990,48,504,552
WBGene00044991,23,155,178
WBGene00044998,0,1,1
WBGene00045013,228,664,892
WBGene00045024,10,9,19
WBGene00045036,10,79,89
WBGene00045038,1,3,4
WBGene00045048,0,213,213
WBGene00045050,11,184,195
WBGene00045052,38,646,684
WBGene00045053,33,146,179
WBGene00045056,61,1104,1165
WBGene00045058,21,108,129
WBGene00045060,5,10,15
WBGene00045061,0,0,0
WBGene00045063,221,383,604
WBGene00045067,0,10,10
WBGene00045069,0,1,1
WBGene00045078,100,664,764
WBGene00045096,0,216,216
WBGene00045101,1,8,9
WBGene00045103,2,3,5
WBGene00045108,4,2,6
WBGene00045122,1,0,1
WBGene00045128,0,1,1
WBGene00045144,11,3,14
WBGene00045146,33,369,402
WBGene00045177,25,35,60
WBGene00045178,0,28,28
WBGene00045180,0,0,0
WBGene00045183,18,354,372
WBGene00045190,53,456,509
WBGene00045192,2,1023,1025
WBGene00045195,328,164,492
WBGene00045198,0,5,5
WBGene00045207,12,73,85
WBGene00045208,0,1375,1375
WBGene00045209,0,0,0
WBGene00045210,19,100,119
WBGene00045211,1,4,5
WBGene00045212,266,2300,2566
WBGene00045215,50,156,206
WBGene00045234,2,15,17
WBGene00045237,56,1112,1168
WBGene00045239,2,5,7
WBGene00045242,0,12,12
WBGene00045245,102,1256,1358
WBGene00045246,37,43,80
WBGene00045247,14,21,35
WBGene00045248,270,440,710
WBGene00045249,72,1794,1866
WBGene00045250,63,101,164
WBGene00045251,1,0,1
WBGene00045252,41,131,172
WBGene00045253,69,357,426
WBGene00045255,539,1510,2049
WBGene00045261,4,74,78
WBGene00045265,1,5,6
WBGene00045268,1,8,9
WBGene00045269,0,7,7
WBGene00045270,5,1,6
WBGene00045271,11,148,159
WBGene00045272,0,9288,9288
WBGene00045275,0,94,94
WBGene00045276,0,3506,3506
WBGene00045277,78,1394,1472
WBGene00045283,0,3,3
WBGene00045289,149,6,155
WBGene00045291,3,104,107
WBGene00045292,4,42,46
WBGene00045295,28,895,923
WBGene00045297,13,103,116
WBGene00045298,0,5,5
WBGene00045299,0,0,0
WBGene00045300,0,0,0
WBGene00045301,0,0,0
WBGene00045302,3,3,6
WBGene00045303,0,3,3
WBGene00045304,1,9,10
WBGene00045305,2,2340,2342
WBGene00045306,3,11,14
WBGene00045308,7,10,17
WBGene00045331,0,43,43
WBGene00045336,65,572,637
WBGene00045337,1,41,42
WBGene00045338,8,606,614
WBGene00045339,3,164,167
WBGene00045340,30,178,208
WBGene00045344,1,4,5
WBGene00045355,8,14,22
WBGene00045356,16,100,116
WBGene00045357,73,858,931
WBGene00045361,1,0,1
WBGene00045362,0,1,1
WBGene00045364,8,2,10
WBGene00045365,3,215,218
WBGene00045379,6,88,94
WBGene00045380,0,0,0
WBGene00045381,0,2,2
WBGene00045382,2,39,41
WBGene00045385,6,18,24
WBGene00045386,193,2492,2685
WBGene00045387,432,3969,4401
WBGene00045390,33,745,778
WBGene00045392,115,1408,1523
WBGene00045393,9,23,32
WBGene00045394,0,333,333
WBGene00045395,51,233,284
WBGene00045396,142,1021,1163
WBGene00045397,446,4322,4768
WBGene00045398,6,6,12
WBGene00045399,1,29,30
WBGene00045400,89,558,647
WBGene00045401,1,31,32
WBGene00045402,0,1,1
WBGene00045403,42,415,457
WBGene00045405,52,403,455
WBGene00045406,0,69,69
WBGene00045407,119,1311,1430
WBGene00045411,306,10676,10982
WBGene00045412,11,1786,1797
WBGene00045413,71,26,97
WBGene00045414,16,24,40
WBGene00045415,6,144,150
WBGene00045416,2,9,11
WBGene00045417,3,3,6
WBGene00045418,102,3134,3236
WBGene00045419,649,4726,5375
WBGene00045433,119,785,904
WBGene00045434,182,1109,1291
WBGene00045455,2,19,21
WBGene00045456,5,1,6
WBGene00045457,7,802,809
WBGene00045458,17,21,38
WBGene00045459,0,1,1
WBGene00045460,0,31,31
WBGene00045461,201,3093,3294
WBGene00045468,2,22,24
WBGene00045473,2,6,8
WBGene00045474,3,3,6
WBGene00045475,19,24,43
WBGene00045480,163,273,436
WBGene00045481,6,4,10
WBGene00045482,96,357,453
WBGene00045483,359,5245,5604
WBGene00045484,18,49,67
WBGene00045486,0,0,0
WBGene00045488,5,39,44
WBGene00045490,1,0,1
WBGene00045493,0,1,1
WBGene00045494,23,8,31
WBGene00045495,76,1372,1448
WBGene00045497,11,73,84
WBGene00045498,0,6,6
WBGene00045500,4,12,16
WBGene00045501,2,3,5
WBGene00045506,9,0,9
WBGene00045507,13,1945,1958
WBGene00045508,2,1,3
WBGene00045510,1,3,4
WBGene00045511,14,54,68
WBGene00045513,3,8,11
WBGene00045515,1,2,3
WBGene00045517,205,1853,2058
WBGene00050875,1,0,1
WBGene00050879,2,3,5
WBGene00050880,19,4,23
WBGene00050881,3,0,3
WBGene00050884,61,304,365
WBGene00050885,54,391,445
WBGene00050889,37,175,212
WBGene00050891,13,7,20
WBGene00050892,0,5,5
WBGene00050893,0,1,1
WBGene00050894,0,0,0
WBGene00050896,0,2,2
WBGene00050898,0,3,3
WBGene00050899,111,12564,12675
WBGene00050904,22,848,870
WBGene00050906,1,4,5
WBGene00050907,0,0,0
WBGene00050910,1,3,4
WBGene00050911,0,7,7
WBGene00050913,0,1,1
WBGene00050914,0,5,5
WBGene00050915,12,125,137
WBGene00050916,3,32,35
WBGene00050917,15,205,220
WBGene00050919,13,14,27
WBGene00050929,0,0,0
WBGene00050931,6,16,22
WBGene00050934,3,7,10
WBGene00050936,0,0,0
WBGene00050937,8,212,220
WBGene00050939,0,39,39
WBGene00050940,1,21,22
WBGene00050941,6,809,815
WBGene00050943,19,119,138
WBGene00050944,137,1802,1939
WBGene00050947,7,455,462
WBGene00050955,1,0,1
WBGene00050956,1,1,2
WBGene00050957,4,115,119
WBGene00050959,0,0,0
WBGene00050965,0,1,1
WBGene00050967,14,288,302
WBGene00050968,0,0,0
WBGene00050974,0,59,59
WBGene00050975,14,7,21
WBGene00077439,14,585,599
WBGene00077445,0,1,1
WBGene00077450,11,4,15
WBGene00077453,30,1314,1344
WBGene00077455,18,56,74
WBGene00077464,1,5,6
WBGene00077489,6,20,26
WBGene00077490,49,1052,1101
WBGene00077491,4,78,82
WBGene00077492,1,5,6
WBGene00077493,7,11,18
WBGene00077495,0,2,2
WBGene00077497,5,11,16
WBGene00077500,29,464,493
WBGene00077503,0,0,0
WBGene00077508,44,44,88
WBGene00077514,4,15,19
WBGene00077519,0,5,5
WBGene00077520,50,431,481
WBGene00077521,8,364,372
WBGene00077522,1,56,57
WBGene00077523,3,11,14
WBGene00077525,1339,220,1559
WBGene00077526,0,9473,9473
WBGene00077531,3,29,32
WBGene00077536,21,154,175
WBGene00077538,10,15,25
WBGene00077539,302,147,449
WBGene00077543,5,25,30
WBGene00077546,5,9,14
WBGene00077548,54,125,179
WBGene00077553,56,54,110
WBGene00077557,15,30,45
WBGene00077558,30,44,74
WBGene00077559,25,152,177
WBGene00077562,9,3,12
WBGene00077563,44,59,103
WBGene00077565,0,10,10
WBGene00077569,10,29,39
WBGene00077573,5,241,246
WBGene00077576,2,0,2
WBGene00077577,7,266,273
WBGene00077582,2,3,5
WBGene00077583,0,2,2
WBGene00077585,28,65,93
WBGene00077588,1,34,35
WBGene00077592,7,2,9
WBGene00077593,18,88,106
WBGene00077599,34,299,333
WBGene00077607,18,23,41
WBGene00077616,2,6,8
WBGene00077622,3,7,10
WBGene00077624,0,0,0
WBGene00077640,1,8,9
WBGene00077643,48,525,573
WBGene00077655,0,5,5
WBGene00077658,71,430,501
WBGene00077663,1,4,5
WBGene00077669,154,398,552
WBGene00077673,0,2,2
WBGene00077674,0,1,1
WBGene00077679,5,52,57
WBGene00077680,1,22,23
WBGene00077681,32,118,150
WBGene00077682,5,14,19
WBGene00077684,0,3,3
WBGene00077685,1,0,1
WBGene00077688,5,4,9
WBGene00077690,8,110,118
WBGene00077691,0,26,26
WBGene00077692,8,89,97
WBGene00077693,240,8284,8524
WBGene00077696,94,120,214
WBGene00077697,156,296,452
WBGene00077698,38,285,323
WBGene00077699,6,44,50
WBGene00077701,33,817,850
WBGene00077703,10,8,18
WBGene00077704,25,400,425
WBGene00077712,28,473,501
WBGene00077714,6,8,14
WBGene00077728,0,1686,1686
WBGene00077732,19,665,684
WBGene00077751,36,36,72
WBGene00077752,14,118,132
WBGene00077756,1,47,48
WBGene00077757,16,138,154
WBGene00077758,6,13,19
WBGene00077759,12,4,16
WBGene00077761,98,1538,1636
WBGene00077762,2,30,32
WBGene00077763,22,63,85
WBGene00077764,0,1101,1101
WBGene00077766,0,9,9
WBGene00077768,13,50,63
WBGene00077769,10,91,101
WBGene00077770,17,246,263
WBGene00077771,1017,15710,16727
WBGene00077773,0,147,147
WBGene00077775,151,1165,1316
WBGene00077782,17,3,20
WBGene00077783,161,2281,2442
WBGene00077786,78,94,172
WBGene00077788,169,228,397
WBGene00086546,50,550,600
WBGene00086551,19,553,572
WBGene00086552,1,1,2
WBGene00086553,127,1015,1142
WBGene00086554,0,5,5
WBGene00086555,10,1,11
WBGene00086556,4,2,6
WBGene00086557,68,694,762
WBGene00086558,22,272,294
WBGene00086559,9,123,132
WBGene00086560,13,82,95
WBGene00086561,0,0,0
WBGene00086562,2,4,6
WBGene00086563,0,0,0
WBGene00086564,0,6,6
WBGene00086565,2,0,2
WBGene00086566,115,1687,1802
WBGene00086567,0,0,0
WBGene00086568,5,40,45
WBGene00086569,63,533,596
WBGene00119201,3,0,3
WBGene00119203,23,414,437
WBGene00119204,4,123,127
WBGene00138711,4,31,35
WBGene00138714,0,1,1
WBGene00138715,0,1,1
WBGene00138716,1,8,9
WBGene00138717,481,2399,2880
WBGene00138718,50,122,172
WBGene00138719,4,7,11
WBGene00138720,20,335,355
WBGene00138721,43,55,98
WBGene00138724,0,160,160
WBGene00138725,15,27,42
WBGene00164968,54,273,327
WBGene00164969,0,4,4
WBGene00164971,3,1,4
WBGene00164972,0,5,5
WBGene00164973,5,132,137
WBGene00164974,1,2,3
WBGene00164985,31,305,336
WBGene00164986,7,9,16
WBGene00175027,503,454,957
WBGene00175028,7,1,8
WBGene00175030,6,673,679
WBGene00175031,13,84,97
WBGene00175034,12,160,172
WBGene00175035,57,413,470
WBGene00184956,5,0,5
WBGene00184990,18,368,386
WBGene00185001,117,879,996
WBGene00185002,157,545,702
WBGene00185005,48,1140,1188
WBGene00185006,2,6,8
WBGene00185014,44,1373,1417
WBGene00185048,58,841,899
WBGene00185055,3,2,5
WBGene00185067,93,4973,5066
WBGene00185075,0,138,138
WBGene00185077,5,33,38
WBGene00185078,598,178,776
WBGene00185079,109,974,1083
WBGene00185086,11,249,260
WBGene00185088,12,458,470
WBGene00185089,31,83,114
WBGene00185092,26,145,171
WBGene00185095,5,69,74
WBGene00185096,0,3,3
WBGene00185097,4,0,4
WBGene00185098,54,386,440
WBGene00185100,4,5,9
WBGene00185101,8,3,11
WBGene00185102,34,357,391
WBGene00185116,0,3,3
WBGene00185117,14,79,93
WBGene00185118,499,1170,1669
WBGene00189930,2,0,2
WBGene00189931,0,1,1
WBGene00189932,0,8,8
WBGene00189933,38,45,83
WBGene00189937,2,5,7
WBGene00189943,3,1,4
WBGene00189947,0,0,0
WBGene00189948,113,122,235
WBGene00189949,14,17,31
WBGene00189950,96,67,163
WBGene00189952,24,119,143
WBGene00189953,0,0,0
WBGene00189954,0,3,3
WBGene00189955,0,0,0
WBGene00189956,21,29,50
WBGene00189957,11,11,22
WBGene00189961,7,10,17
WBGene00189987,26,32,58
WBGene00189993,2,8,10
WBGene00189995,4,0,4
WBGene00194641,606,4417,5023
WBGene00194642,42,246,288
WBGene00194643,44,86,130
WBGene00194645,1,4,5
WBGene00194646,4,35,39
WBGene00194647,5,2,7
WBGene00194649,8,97,105
WBGene00194651,155,1753,1908
WBGene00194653,6,1,7
WBGene00194654,38,21,59
WBGene00194656,1,5,6
WBGene00194658,77,1661,1738
WBGene00194660,0,49,49
WBGene00194661,0,3,3
WBGene00194663,0,8,8
WBGene00194664,11,456,467
WBGene00194670,2,5,7
WBGene00194672,0,5,5
WBGene00194674,4,19,23
WBGene00194677,83,166,249
WBGene00194679,31,603,634
WBGene00194680,32,157,189
WBGene00194682,25,115,140
WBGene00194684,7,22,29
WBGene00194687,61,94,155
WBGene00194689,27,261,288
WBGene00194691,14,29,43
WBGene00194692,150,1914,2064
WBGene00194695,4,16,20
WBGene00194696,2,1,3
WBGene00194697,10,87,97
WBGene00194698,0,8,8
WBGene00194699,0,9,9
WBGene00194700,19,31,50
WBGene00194701,3,3,6
WBGene00194702,18,13,31
WBGene00194703,0,9,9
WBGene00194704,1,0,1
WBGene00194706,29,343,372
WBGene00194707,34,1784,1818
WBGene00194708,1,29,30
WBGene00194710,84,466,550
WBGene00194711,1,17,18
WBGene00194712,28,51,79
WBGene00194713,0,341,341
WBGene00194714,1,4,5
WBGene00194715,0,4,4
WBGene00194717,15,12,27
WBGene00194725,0,47,47
WBGene00194726,9,56,65
WBGene00194727,10,4,14
WBGene00194729,12,53,65
WBGene00194730,8,0,8
WBGene00194731,38,179,217
WBGene00194733,0,0,0
WBGene00194734,3,2,5
WBGene00194735,12,11,23
WBGene00194737,34,20,54
WBGene00194738,3,2,5
WBGene00194742,12,132,144
WBGene00194744,2,1,3
WBGene00194746,0,14,14
WBGene00194747,154,1428,1582
WBGene00194780,0,2,2
WBGene00194783,0,0,0
WBGene00194784,14,22,36
WBGene00194785,0,0,0
WBGene00194787,0,1,1
WBGene00194788,7,13,20
WBGene00194793,4,22,26
WBGene00194795,6,42,48
WBGene00194799,0,1,1
WBGene00194801,0,0,0
WBGene00194803,28,415,443
WBGene00194813,0,15,15
WBGene00194815,56,93,149
WBGene00194816,4,6,10
WBGene00194821,3,20,23
WBGene00194832,53,74,127
WBGene00194833,1,0,1
WBGene00194835,2,48,50
WBGene00194839,0,16,16
WBGene00194848,22,50,72
WBGene00194849,61,162,223
WBGene00194850,3,11,14
WBGene00194852,16,182,198
WBGene00194855,39,206,245
WBGene00194861,2,53,55
WBGene00194864,2,5,7
WBGene00194866,86,164,250
WBGene00194867,3,5,8
WBGene00194868,86,8,94
WBGene00194869,0,13,13
WBGene00194870,13,7,20
WBGene00194871,7,2,9
WBGene00194883,20,515,535
WBGene00194886,0,26,26
WBGene00194888,2,11,13
WBGene00194890,281,0,281
WBGene00194892,74,520,594
WBGene00194894,0,0,0
WBGene00194895,4,23,27
WBGene00194896,54,15,69
WBGene00194898,0,0,0
WBGene00194902,8,13,21
WBGene00194905,127,1158,1285
WBGene00194906,12,22,34
WBGene00194907,0,7,7
WBGene00194908,309,1489,1798
WBGene00194909,83,655,738
WBGene00194910,52,111,163
WBGene00194912,2,5,7
WBGene00194913,246,281,527
WBGene00194914,1,2,3
WBGene00194915,10,158,168
WBGene00194916,1,7,8
WBGene00194917,10,7,17
WBGene00194918,6,8,14
WBGene00194919,19,21,40
WBGene00194920,5,10,15
WBGene00194921,186,816,1002
WBGene00194922,0,0,0
WBGene00194924,0,0,0
WBGene00194925,49,81,130
WBGene00194926,78,562,640
WBGene00194927,0,0,0
WBGene00194928,15,58,73
WBGene00194929,0,5,5
WBGene00194930,0,4,4
WBGene00194931,0,0,0
WBGene00194933,0,2,2
WBGene00194934,15,369,384
WBGene00194935,0,1,1
WBGene00194940,1,12,13
WBGene00194951,0,0,0
WBGene00194952,0,8,8
WBGene00194955,20,173,193
WBGene00194956,0,67,67
WBGene00194957,0,0,0
WBGene00194981,28,11,39
WBGene00194982,32,185,217
WBGene00194983,0,4,4
WBGene00194985,0,0,0
WBGene00194986,0,0,0
WBGene00194998,139,724,863
WBGene00195003,4,6,10
WBGene00195004,12,5,17
WBGene00195006,11,12,23
WBGene00195009,0,1,1
WBGene00195010,3,2,5
WBGene00195011,112,291,403
WBGene00195012,7,6,13
WBGene00195045,6,11,17
WBGene00195046,20,18,38
WBGene00195048,4,6,10
WBGene00195049,9,39,48
WBGene00195050,54,900,954
WBGene00195051,3,1,4
WBGene00195056,7,8,15
WBGene00195057,1,5,6
WBGene00195058,8,5,13
WBGene00195061,3,1,4
WBGene00195063,96,1122,1218
WBGene00195067,241,1018,1259
WBGene00195068,21,1,22
WBGene00195069,3,41,44
WBGene00195070,55,69,124
WBGene00195071,9,10,19
WBGene00195072,1,9,10
WBGene00195073,984,2832,3816
WBGene00195077,2,8,10
WBGene00195081,9,20,29
WBGene00195084,32,268,300
WBGene00195086,20,499,519
WBGene00195093,151,3258,3409
WBGene00195142,0,1007,1007
WBGene00195143,177,266,443
WBGene00195144,3,4,7
WBGene00195145,21,40,61
WBGene00195146,189,241,430
WBGene00195147,29,35,64
WBGene00195148,8,20,28
WBGene00195149,1,19,20
WBGene00195150,1,26,27
WBGene00195154,7,31,38
WBGene00195155,1,7,8
WBGene00195157,26,20,46
WBGene00195158,3,0,3
WBGene00195160,0,0,0
WBGene00195164,6,18,24
WBGene00195165,2,1,3
WBGene00195166,25,941,966
WBGene00195168,0,1,1
WBGene00195169,50,123,173
WBGene00195171,4,0,4
WBGene00195174,20,6,26
WBGene00195176,25,244,269
WBGene00195177,0,25,25
WBGene00195178,1,9,10
WBGene00195179,14,191,205
WBGene00195180,8,109,117
WBGene00195181,0,2,2
WBGene00195182,2,11,13
WBGene00195183,8,26,34
WBGene00195184,19,198,217
WBGene00195185,65,1046,1111
WBGene00195188,1,6,7
WBGene00195189,6,28,34
WBGene00195208,4,22,26
WBGene00195209,0,80,80
WBGene00195210,0,3,3
WBGene00195211,0,0,0
WBGene00195212,69,183,252
WBGene00195213,4,27,31
WBGene00195214,10,64,74
WBGene00195215,3,2,5
WBGene00195226,4,33,37
WBGene00195227,0,0,0
WBGene00195228,1,2,3
WBGene00195229,1,2,3
WBGene00195230,0,0,0
WBGene00195231,0,0,0
WBGene00195232,21,15,36
WBGene00195239,36,453,489
WBGene00195240,0,83,83
WBGene00195241,3,10,13
WBGene00195242,0,2,2
WBGene00195243,1,8,9
WBGene00195244,0,9,9
WBGene00195246,17,58,75
WBGene00195248,11,27,38
WBGene00195249,4,20,24
WBGene00195250,2,14,16
WBGene00195256,5,10,15
WBGene00202495,1,0,1
WBGene00202496,2,33,35
WBGene00202497,10,1,11
WBGene00202498,6,10,16
WBGene00202499,9,3,12
WBGene00202500,6,0,6
WBGene00202501,4,11,15
WBGene00202502,1,27,28
WBGene00202504,0,0,0
WBGene00202511,4,82,86
WBGene00202512,36,32,68
WBGene00202513,2,84,86
WBGene00202514,6,14,20
WBGene00206354,12,170,182
WBGene00206355,2,27,29
WBGene00206356,11,498,509
WBGene00206357,5,31,36
WBGene00206358,0,1,1
WBGene00206359,10,18,28
WBGene00206360,1,4,5
WBGene00206361,2,24,26
WBGene00206362,28,601,629
WBGene00206363,0,0,0
WBGene00206364,17,31,48
WBGene00206365,1,48,49
WBGene00206366,5,54,59
WBGene00206368,0,0,0
WBGene00206370,21,37,58
WBGene00206371,6,320,326
WBGene00206372,4,6,10
WBGene00206373,10,228,238
WBGene00206374,99,272,371
WBGene00206377,6,34,40
WBGene00206378,39,56,95
WBGene00206379,2,2,4
WBGene00206380,134,1789,1923
WBGene00206381,0,21,21
WBGene00206382,29,59,88
WBGene00206383,5,1,6
WBGene00206384,12,8,20
WBGene00206385,0,0,0
WBGene00206386,2,11,13
WBGene00206388,5,1,6
WBGene00206389,0,10,10
WBGene00206390,13,47,60
WBGene00206392,21,50,71
WBGene00206393,4,7,11
WBGene00206395,0,0,0
WBGene00206412,2,32,34
WBGene00206413,9,19,28
WBGene00206414,7,13,20
WBGene00206415,45,19,64
WBGene00206416,3,72,75
WBGene00206417,11,259,270
WBGene00206418,25,318,343
WBGene00206421,0,0,0
WBGene00206422,0,122,122
WBGene00206460,49,407,456
WBGene00206461,17,133,150
WBGene00206462,1,31,32
WBGene00206464,0,282,282
WBGene00206466,2,73,75
WBGene00206468,0,0,0
WBGene00206469,88,103,191
WBGene00206471,14,5,19
WBGene00206473,3,31,34
WBGene00206474,7,38,45
WBGene00206475,3,1,4
WBGene00206477,0,0,0
WBGene00206478,7,14,21
WBGene00206479,17,219,236
WBGene00206481,1,1,2
WBGene00206482,1,22,23
WBGene00206483,4,0,4
WBGene00206484,10,50,60
WBGene00206485,0,1,1
WBGene00206486,11,23,34
WBGene00206487,35,1123,1158
WBGene00206488,182,52,234
WBGene00206490,2,0,2
WBGene00206492,1,1,2
WBGene00206493,9,6,15
WBGene00206495,6,1,7
WBGene00206496,1,1,2
WBGene00206497,11,9,20
WBGene00206498,2,0,2
WBGene00206499,1,1,2
WBGene00206500,0,40,40
WBGene00206501,1,0,1
WBGene00206502,3,4,7
WBGene00206503,0,1,1
WBGene00206504,0,0,0
WBGene00206505,18,198,216
WBGene00206506,2,0,2
WBGene00206507,1,2,3
WBGene00206508,2,0,2
WBGene00206510,3,3,6
WBGene00206511,13,3,16
WBGene00206512,2,13,15
WBGene00206513,1,0,1
WBGene00206514,4,11,15
WBGene00206515,2,10,12
WBGene00206516,960,7,967
WBGene00206517,9,205,214
WBGene00206518,0,6,6
WBGene00206519,0,1,1
WBGene00206520,4,18,22
WBGene00206521,8,129,137
WBGene00206522,462,37325,37787
WBGene00206523,1,2,3
WBGene00206524,4,38,42
WBGene00206525,116,1243,1359
WBGene00206527,9,8,17
WBGene00206528,15,235,250
WBGene00206529,87,640,727
WBGene00206530,80,56,136
WBGene00206532,514,425,939
WBGene00206533,96,48,144
WBGene00206534,0,0,0
WBGene00206535,13,5,18
WBGene00206537,5,8,13
WBGene00206538,46,395,441
WBGene00219205,0,8,8
WBGene00219206,12,391,403
WBGene00219207,0,957,957
WBGene00219208,5,27,32
WBGene00219209,24,133,157
WBGene00219210,24,323,347
WBGene00219212,0,0,0
WBGene00219214,2,6,8
WBGene00219216,70,93,163
WBGene00219217,1,4,5
WBGene00219218,2,54,56
WBGene00219234,1,2,3
WBGene00219235,1,6,7
WBGene00219236,5,29,34
WBGene00219238,1,0,1
WBGene00219239,0,2,2
WBGene00219241,2,12,14
WBGene00219243,63,37,100
WBGene00219244,0,2,2
WBGene00219271,0,11,11
WBGene00219272,6,5,11
WBGene00219274,151,385,536
WBGene00219275,162,1790,1952
WBGene00219278,0,2,2
WBGene00219280,3,25,28
WBGene00219281,80,540,620
WBGene00219282,3,20,23
WBGene00219283,1038,564,1602
WBGene00219284,4,5558,5562
WBGene00219285,6,9,15
WBGene00219286,9,897,906
WBGene00219287,11,224,235
WBGene00219288,75,261,336
WBGene00219289,405,133,538
WBGene00219290,1,0,1
WBGene00219291,0,0,0
WBGene00219293,7,8,15
WBGene00219294,0,13,13
WBGene00219295,114,72,186
WBGene00219296,35,50,85
WBGene00219297,14,18,32
WBGene00219298,11,110,121
WBGene00219299,3,14,17
WBGene00219300,46,141,187
WBGene00219301,1,1,2
WBGene00219302,0,3,3
WBGene00219308,0,0,0
WBGene00219309,0,12,12
WBGene00219310,0,9,9
WBGene00219313,69,2334,2403
WBGene00219314,3,3,6
WBGene00219315,0,2,2
WBGene00219316,58,745,803
WBGene00219317,20,138,158
WBGene00219318,0,0,0
WBGene00219319,39,67,106
WBGene00219321,1,5,6
WBGene00219322,0,0,0
WBGene00219324,0,9,9
WBGene00219325,14,7,21
WBGene00219326,2,2,4
WBGene00219327,0,2,2
WBGene00219329,965,983,1948
WBGene00219330,3,4,7
WBGene00219332,20,0,20
WBGene00219337,141,84,225
WBGene00219342,2,2,4
WBGene00219351,12,9,21
WBGene00219362,126,242,368
WBGene00219368,0,47,47
WBGene00219369,2,6,8
WBGene00219370,0,7,7
WBGene00219371,1,20,21
WBGene00219372,25,403,428
WBGene00219373,9,344,353
WBGene00219374,0,15,15
WBGene00219375,155,910,1065
WBGene00219376,10,127,137
WBGene00219378,1,14,15
WBGene00219381,2,3,5
WBGene00219383,0,13,13
WBGene00219394,37,469,506
WBGene00219395,5,7,12
WBGene00219399,59,100,159
WBGene00219410,7,3,10
WBGene00219411,5,24,29
WBGene00219412,0,5,5
WBGene00219413,4,65,69
WBGene00219414,1,32,33
WBGene00219418,0,1,1
WBGene00219420,0,122,122
WBGene00219421,17,46,63
WBGene00219422,33,50,83
WBGene00219423,18,58,76
WBGene00219424,9,34,43
WBGene00219425,275,547,822
WBGene00219434,2,22,24
WBGene00219436,16,28,44
WBGene00219437,3,0,3
WBGene00219443,1,0,1
WBGene00219445,0,0,0
WBGene00219446,0,1,1
WBGene00219447,0,1,1
WBGene00219449,0,6,6
WBGene00219450,23,67,90
WBGene00219451,4,70,74
WBGene00219452,4,11,15
WBGene00219454,0,0,0
WBGene00219455,0,4,4
WBGene00219456,0,4,4
WBGene00219458,4,1,5
WBGene00219460,32,15,47
WBGene00219476,11,21,32
WBGene00219478,0,13,13
WBGene00219489,0,6,6
WBGene00219491,0,1,1
WBGene00219493,1,89,90
WBGene00219498,3,12,15
WBGene00219544,2,6,8
WBGene00219547,0,5,5
WBGene00219750,3,6,9
WBGene00219796,0,104,104
WBGene00220249,0,6,6
WBGene00220250,37,4,41
WBGene00220253,0,11,11
WBGene00220254,0,3,3
WBGene00220257,3,66,69
WBGene00220258,0,192,192
WBGene00220259,12,152,164
WBGene00220261,3,12,15
WBGene00235081,0,0,0
WBGene00235092,5,6,11
WBGene00235093,1,17,18
WBGene00235094,0,0,0
WBGene00235095,7,3,10
WBGene00235102,11,3528,3539
WBGene00235110,2,17,19
WBGene00235112,0,0,0
WBGene00235113,0,16,16
WBGene00235114,5,194,199
WBGene00235115,0,0,0
WBGene00235116,17,35,52
WBGene00235117,4,2,6
WBGene00235118,0,3,3
WBGene00235120,2,2,4
WBGene00235129,5,49,54
WBGene00235132,29,13,42
WBGene00235133,27,423,450
WBGene00235134,0,1,1
WBGene00235158,45,367,412
WBGene00235164,44,1067,1111
WBGene00235165,1,0,1
WBGene00235254,3,2,5
WBGene00235256,0,57,57
WBGene00235257,2,24,26
WBGene00235258,1,2,3
WBGene00235260,401,14,415
WBGene00235261,0,6,6
WBGene00235262,0,3,3
WBGene00235263,65,19,84
WBGene00235264,3,3,6
WBGene00235267,2,11,13
WBGene00235268,15,14,29
WBGene00235269,106,1462,1568
WBGene00235271,1,159,160
WBGene00235273,171,461,632
WBGene00235274,37,550,587
WBGene00235275,47,40,87
WBGene00235277,250,268,518
WBGene00235279,128,110,238
WBGene00235280,5,20,25
WBGene00235282,0,0,0
WBGene00235283,15,54,69
WBGene00235284,0,18,18
WBGene00235285,0,0,0
WBGene00235288,4,0,4
WBGene00235289,1,23,24
WBGene00235290,0,2,2
WBGene00235291,264,1979,2243
WBGene00235293,0,0,0
WBGene00235294,1,9,10
WBGene00235295,0,2,2
WBGene00235296,0,73,73
WBGene00235297,0,0,0
WBGene00235298,0,17,17
WBGene00235300,0,46,46
WBGene00235301,1,61,62
WBGene00235302,0,0,0
WBGene00235303,0,34,34
WBGene00235304,0,2,2
WBGene00235305,0,2,2
WBGene00235308,34,91,125
WBGene00235309,3,74,77
WBGene00235310,87,276,363
WBGene00235311,0,0,0
WBGene00235312,3,107,110
WBGene00235313,5,20,25
WBGene00235315,47,919,966
WBGene00235316,20,144,164
WBGene00235317,1,0,1
WBGene00235320,4,25,29
WBGene00235321,18,2,20
WBGene00235322,0,1,1
WBGene00235324,1,35,36
WBGene00235325,39,411,450
WBGene00235326,0,7,7
WBGene00235327,3,2,5
WBGene00235328,0,29,29
WBGene00235329,2,1,3
WBGene00235330,183,2341,2524
WBGene00235332,0,2,2
WBGene00235333,0,7,7
WBGene00235335,0,37,37
WBGene00235336,0,2,2
WBGene00235339,0,0,0
WBGene00235340,0,14,14
WBGene00235342,0,1,1
WBGene00235343,2,0,2
WBGene00235350,108,3,111
WBGene00235351,0,4,4
WBGene00235352,28,347,375
WBGene00235354,1,8,9
WBGene00235358,0,3,3
WBGene00235359,0,0,0
WBGene00235361,0,1,1
WBGene00235363,0,4,4
WBGene00235364,0,0,0
WBGene00235365,0,10,10
WBGene00235367,0,4,4
WBGene00235368,1,16,17
WBGene00235369,1,1,2
WBGene00235371,0,0,0
WBGene00235374,1,1,2
WBGene00235380,0,102,102
WBGene00235383,4,5,9
WBGene00235388,3,3,6
WBGene00235390,1,0,1
WBGene00235391,0,9,9
WBGene00236786,5,106,111
WBGene00236789,10,54,64
WBGene00236806,72,0,72
WBGene00236808,10,4,14
WBGene00236809,13,274,287
WBGene00249815,511,436,947
WBGene00249817,27,591,618
WBGene00255375,0,1,1
WBGene00255420,29,0,29
WBGene00255457,263,96,359
WBGene00255469,6,23,29
WBGene00255522,0,0,0
WBGene00255545,0,0,0
WBGene00255546,0,0,0
WBGene00255550,0,1,1
WBGene00255553,2,0,2
WBGene00255594,15,138,153
WBGene00255595,0,165,165
WBGene00255597,2,6,8
WBGene00255598,39,310,349
WBGene00255600,11,129,140
WBGene00255605,3,54,57
WBGene00255607,0,20,20
WBGene00255611,0,2,2
WBGene00255702,12,77,89
WBGene00255704,0,203,203
WBGene00255714,3,415,418
WBGene00255729,1,7,8
WBGene00255731,19,165,184
WBGene00255732,0,5,5
WBGene00255733,16,91,107
WBGene00268194,14,8,22
WBGene00268196,56,144,200
WBGene00268197,1,0,1
WBGene00268198,0,0,0
WBGene00268199,0,6,6
WBGene00268206,1,14,15
WBGene00268213,2,20,22
WBGene00268215,3,2,5
WBGene00268216,11,0,11
WBGene00269332,0,0,0
WBGene00269352,0,0,0
WBGene00269355,29,389,418
WBGene00269373,4,79,83
WBGene00269374,0,6,6
WBGene00269375,2,53,55
WBGene00269378,153,382,535
WBGene00269379,7,14,21
WBGene00269381,0,1,1
WBGene00269382,106,2467,2573
WBGene00269385,0,0,0
WBGene00269387,0,16,16
WBGene00269388,0,1,1
WBGene00269389,0,14,14
WBGene00269391,131,267,398
WBGene00269392,1,11,12
WBGene00269394,1,4,5
WBGene00269421,1171,6931,8102
WBGene00269422,0,3,3
WBGene00269424,6,38,44
WBGene00269425,6,13,19
WBGene00269429,0,122,122
WBGene00269431,0,41,41
WBGene00269432,26,219,245
WBGene00269433,6,328,334
WBGene00269434,4,398,402
WBGene00269435,0,13,13
WBGene00269437,3,22,25
WBGene00269438,2,16,18
WBGene00270290,0,1,1
WBGene00270293,0,14,14
WBGene00270303,3,14,17
WBGene00270309,26,116,142
WBGene00270318,48,81,129
WBGene00270319,99,1381,1480
WBGene00270320,0,4,4
WBGene00270321,35,97,132
WBGene00270322,54,1844,1898
WBGene00271414,54,968,1022
WBGene00271415,12,45,57
WBGene00271437,74,89,163
WBGene00271444,3,7,10
WBGene00271567,3,25,28
WBGene00271577,2,8,10
WBGene00271605,38,122,160
WBGene00271606,204,3796,4000
WBGene00271657,0,25,25
WBGene00271694,19,300,319
WBGene00271701,5,21,26
WBGene00271703,2,4,6
WBGene00271706,26,750,776
WBGene00271707,1,2,3
WBGene00271715,5,4,9
